    tile,    year,     doy,    hour,     cID,          sp,       layer,     density,         dbh,      height,      Acrown,          bl,         LAI,         GPP,         NPP,      Transp,      Resp_r, Grow_Resp_r,    Growth_r,      Resp_s, Grow_Resp_s,    Growth_s,  Phloem_KgC,         vpd,          gs,       kstem, capacitance,       Psi_L,       Psi_W,      W_leaf,      W_stem,
       1,     166,       2,       1,       1,       3,       1,     10.0000,      1.3781,     42.2610,    242.6619,     61.0693,      3.4953,      0.0000,     -0.0305,      3.8131,      0.1339,      5.4490,     10.8979,      1.1831,     27.5379,     55.0758,      0.0188,      0.0031,      0.0156,      0.1950,   7454.3335,-422731.2188,   -946.3148,    537.8019,  24848.8848,
       1,     166,       2,       2,       1,       3,       1,     10.0000,      1.3781,     42.2610,    242.6619,     61.0693,      3.4953,      0.0000,     -0.0305,      2.9953,      0.1319,      5.4490,     10.8979,      1.1653,     27.5379,     55.0758,      0.0188,      0.0024,      0.0156,      0.1950,   7454.6655,-420698.9375,   -945.5735,    537.9390,  24848.8867,
       1,     166,       2,       3,       1,       3,       1,     10.0000,      1.3781,     42.2610,    242.6619,     61.0693,      3.4953,      0.0000,     -0.0306,      2.2355,      0.1351,      5.4490,     10.8979,      1.1940,     27.5379,     55.0758,      0.0188,      0.0018,      0.0156,      0.1950,   7454.6665,-419457.3125,   -945.3042,    538.0225,  24848.8867,
       1,     166,       2,       4,       1,       3,       1,     10.0000,      1.3781,     42.2610,    242.6619,     61.0693,      3.4953,      0.0000,     -0.0305,      2.3529,      0.1327,      5.4490,     10.8979,      1.1724,     27.5379,     55.0758,      0.0188,      0.0019,      0.0156,      0.1950,   7454.6665,-418361.1250,   -945.0679,    538.0963,  24848.8867,
       1,     166,       2,       5,       1,       3,       1,     10.0000,      1.3781,     42.2610,    242.6619,     61.0693,      3.4953,      0.0000,     -0.0306,      2.2058,      0.1351,      5.4490,     10.8979,      1.1940,     27.5379,     55.0758,      0.0188,      0.0018,      0.0156,      0.1950,   7454.6665,-418417.9688,   -945.0764,    538.0924,  24848.8867,
       1,     166,       2,       6,       1,       3,       1,     10.0000,      1.3781,     42.2610,    242.6619,     61.0693,      3.4953,      0.0000,     -0.0306,      2.0539,      0.1365,      5.4490,     10.8979,      1.2061,     27.5379,     55.0758,      0.0188,      0.0017,      0.0156,      0.1950,   7454.6665,-418231.6875,   -945.0335,    538.1050,  24848.8867,
       1,     166,       2,       7,       1,       3,       1,     10.0000,      1.3781,     42.2610,    242.6619,     61.0693,      3.4953,      0.0000,     -0.0307,      1.9150,      0.1376,      5.4490,     10.8979,      1.2159,     27.5379,     55.0758,      0.0188,      0.0015,      0.0156,      0.1950,   7454.6665,-418017.7812,   -944.9848,    538.1193,  24848.8867,
       1,     166,       2,       8,       1,       3,       1,     10.0000,      1.3781,     42.2610,    242.6619,     61.0693,      3.4953,      0.0014,     -0.0290,      2.1482,      0.1305,      5.4490,     10.8979,      1.1535,     27.5379,     55.0758,      0.0188,      0.0017,      0.0156,      0.1950,   7454.6665,-417818.6562,   -944.9395,    538.1328,  24848.8867,
       1,     166,       2,       9,       1,       3,       1,     10.0000,      1.3781,     42.2610,    242.6619,     61.0693,      3.4953,      0.0764,      0.0457,     12.4928,      0.1384,      5.4490,     10.8979,      1.2233,     27.5379,     55.0758,      0.0188,      0.0017,      0.0914,      0.1950,   7454.6665,-418104.2812,   -944.9965,    538.1136,  24848.8867,
       1,     166,       2,      10,       1,       3,       1,     10.0000,      1.3781,     42.2610,    242.6619,     61.0693,      3.4953,      0.1526,      0.1212,     30.9068,      0.1589,      5.4490,     10.8979,      1.4041,     27.5379,     55.0758,      0.0188,      0.0019,      0.2020,      0.1950,   7454.6665,-431576.5625,   -947.8630,    537.2073,  24848.8867,
       1,     166,       2,      11,       1,       3,       1,     10.0000,      1.3781,     42.2610,    242.6619,     61.0693,      3.4953,      0.1795,      0.1473,     35.3403,      0.1832,      5.4490,     10.8979,      1.6191,     27.5379,     55.0758,      0.0188,      0.0018,      0.2417,      0.1950,   7454.6665,-456698.2812,   -953.2237,    535.5211,  24848.8867,
       1,     166,       2,      12,       1,       3,       1,     10.0000,      1.3781,     42.2610,    242.6619,     61.0693,      3.4953,      0.1729,      0.1403,     35.2012,      0.1941,      5.4490,     10.8979,      1.7148,     27.5379,     55.0758,      0.0188,      0.0019,      0.2318,      0.1950,   7454.6665,-464665.8125,   -954.9656,    534.9904,  24848.8867,
       1,     166,       2,      13,       1,       3,       1,     10.0000,      1.3781,     42.2610,    242.6619,     61.0693,      3.4953,      0.1845,      0.1516,     30.4397,      0.2069,      5.4490,     10.8979,      1.8283,     27.5379,     55.0758,      0.0188,      0.0015,      0.2500,      0.1950,   7454.6665,-465177.2188,   -955.1486,    534.9565,  24848.8848,
       1,     166,       2,      14,       1,       3,       1,     10.0000,      1.3781,     42.2610,    242.6619,     61.0693,      3.4953,      0.1849,      0.1523,     34.0547,      0.1954,      5.4490,     10.8979,      1.7267,     27.5379,     55.0758,      0.0188,      0.0017,      0.2500,      0.1950,   7454.6655,-459027.6250,   -953.9015,    535.3677,  24848.8867,
       1,     166,       2,      15,       1,       3,       1,     10.0000,      1.3781,     42.2610,    242.6619,     61.0693,      3.4953,      0.1866,      0.1539,     56.2449,      0.1991,      5.4490,     10.8979,      1.7594,     27.5379,     55.0758,      0.0188,      0.0028,      0.2500,      0.1950,   7454.6665,-463193.6875,   -954.8335,    535.0891,  24848.8867,
       1,     166,       2,      16,       1,       3,       1,     10.0000,      1.3781,     42.2610,    242.6619,     61.0693,      3.4953,      0.1889,      0.1562,     85.7384,      0.1987,      5.4490,     10.8979,      1.7559,     27.5379,     55.0758,      0.0188,      0.0043,      0.2500,      0.1950,   7454.6665,-492422.3125,   -961.1305,    533.1342,  24848.8848,
       1,     166,       2,      17,       1,       3,       1,     10.0000,      1.3781,     42.2610,    242.6619,     61.0693,      3.4953,      0.1841,      0.1518,     95.9301,      0.1854,      5.4490,     10.8979,      1.6385,     27.5379,     55.0758,      0.0188,      0.0050,      0.2414,      0.1949,   7454.6655,-533364.4375,   -970.0407,    530.4092,  24848.8848,
       1,     166,       2,      18,       1,       3,       1,     10.0000,      1.3781,     42.2610,    242.6619,     61.0693,      3.4953,      0.1649,      0.1330,     96.4257,      0.1747,      5.4490,     10.8979,      1.5437,     27.5379,     55.0758,      0.0188,      0.0057,      0.2127,      0.1949,   7454.6655,-550220.2500,   -973.9769,    529.2987,  24848.8867,
       1,     166,       2,      19,       1,       3,       1,     10.0000,      1.3781,     42.2610,    242.6619,     61.0693,      3.4953,      0.1080,      0.0764,     49.0352,      0.1623,      5.4490,     10.8979,      1.4339,     27.5379,     55.0758,      0.0188,      0.0046,      0.1335,      0.1949,   7454.6665,-552327.3125,   -974.8377,    529.1603,  24848.8848,
       1,     166,       2,      20,       1,       3,       1,     10.0000,      1.3781,     42.2610,    242.6619,     61.0693,      3.4953,      0.0066,     -0.0246,      5.9702,      0.1519,      5.4490,     10.8979,      1.3421,     27.5379,     55.0758,      0.0188,      0.0048,      0.0156,      0.1949,   7454.6655,-490775.4688,   -962.0757,    533.2319,  24848.8809,
       1,     166,       2,      21,       1,       3,       1,     10.0000,      1.3781,     42.2610,    242.6619,     61.0693,      3.4953,      0.0000,     -0.0311,      5.9272,      0.1481,      5.4490,     10.8979,      1.3088,     27.5379,     55.0758,      0.0188,      0.0048,      0.0156,      0.1949,   7454.6646,-429428.7188,   -949.0984,    537.3365,  24848.8848,
       1,     166,       2,      22,       1,       3,       1,     10.0000,      1.3781,     42.2610,    242.6619,     61.0693,      3.4953,      0.0000,     -0.0310,      5.1561,      0.1458,      5.4490,     10.8979,      1.2879,     27.5379,     55.0758,      0.0188,      0.0042,      0.0156,      0.1950,   7454.6655,-424052.4062,   -947.9446,    537.7134,  24848.8828,
       1,     166,       2,      23,       1,       3,       1,     10.0000,      1.3781,     42.2610,    242.6619,     61.0693,      3.4953,      0.0000,     -0.0309,      4.3970,      0.1423,      5.4490,     10.8979,      1.2571,     27.5379,     55.0758,      0.0188,      0.0035,      0.0156,      0.1950,   7454.6650,-422560.2812,   -947.6208,    537.8139,  24848.8828,
       1,     166,       2,      24,       1,       3,       1,     10.0000,      1.3781,     42.2610,    242.6619,     61.0693,      3.4953,      0.0000,     -0.0309,      3.7142,      0.1434,      5.4490,     10.8979,      1.2673,     27.5379,     55.0758,      0.0188,      0.0030,      0.0156,      0.1950,   7454.6650,-421442.9062,   -947.3773,    537.8890,  24848.8828,
       1,     166,       3,       1,       1,       3,       1,     10.0000,      1.3781,     42.2613,    242.6676,     61.0708,      3.4953,      0.0000,     -0.0308,      3.2034,      0.1420,      5.4499,     10.8998,      1.2546,     27.5439,     55.0878,      0.0188,      0.0026,      0.0156,      0.1950,   7454.6650,-420612.3438,   -947.5038,    537.9575,  24849.9961,
       1,     166,       3,       2,       1,       3,       1,     10.0000,      1.3781,     42.2613,    242.6676,     61.0708,      3.4953,      0.0000,     -0.0305,      2.6127,      0.1327,      5.4499,     10.8998,      1.1724,     27.5439,     55.0878,      0.0188,      0.0021,      0.0156,      0.1950,   7454.9990,-419723.0312,   -947.0042,    538.0173,  24849.9961,
       1,     166,       3,       3,       1,       3,       1,     10.0000,      1.3781,     42.2613,    242.6676,     61.0708,      3.4953,      0.0000,     -0.0304,      2.3773,      0.1288,      5.4499,     10.8998,      1.1384,     27.5439,     55.0878,      0.0188,      0.0019,      0.0156,      0.1950,   7454.9990,-418877.5312,   -946.8210,    538.0742,  24849.9961,
       1,     166,       3,       4,       1,       3,       1,     10.0000,      1.3781,     42.2613,    242.6676,     61.0708,      3.4953,      0.0000,     -0.0302,      1.9406,      0.1257,      5.4499,     10.8998,      1.1110,     27.5439,     55.0878,      0.0188,      0.0016,      0.0156,      0.1950,   7454.9990,-418497.6562,   -946.7378,    538.0997,  24849.9961,
       1,     166,       3,       5,       1,       3,       1,     10.0000,      1.3781,     42.2613,    242.6676,     61.0708,      3.4953,      0.0000,     -0.0301,      2.0245,      0.1226,      5.4499,     10.8998,      1.0831,     27.5439,     55.0878,      0.0188,      0.0016,      0.0156,      0.1950,   7454.9990,-417896.7812,   -946.6078,    538.1400,  24849.9961,
       1,     166,       3,       6,       1,       3,       1,     10.0000,      1.3781,     42.2613,    242.6676,     61.0708,      3.4953,      0.0000,     -0.0302,      1.7198,      0.1255,      5.4499,     10.8998,      1.1087,     27.5439,     55.0878,      0.0188,      0.0014,      0.0156,      0.1950,   7454.9990,-417953.4062,   -946.6180,    538.1362,  24849.9961,
       1,     166,       3,       7,       1,       3,       1,     10.0000,      1.3781,     42.2613,    242.6676,     61.0708,      3.4953,      0.0000,     -0.0304,      0.9758,      0.1292,      5.4499,     10.8998,      1.1419,     27.5439,     55.0878,      0.0188,      0.0008,      0.0156,      0.1950,   7454.9990,-417562.3125,   -946.5333,    538.1626,  24849.9961,
       1,     166,       3,       8,       1,       3,       1,     10.0000,      1.3781,     42.2613,    242.6676,     61.0708,      3.4953,      0.0011,     -0.0293,      0.7794,      0.1281,      5.4499,     10.8998,      1.1315,     27.5439,     55.0878,      0.0188,      0.0006,      0.0156,      0.1950,   7454.9990,-416560.9688,   -946.3189,    538.2300,  24849.9961,
       1,     166,       3,       9,       1,       3,       1,     10.0000,      1.3781,     42.2613,    242.6676,     61.0708,      3.4953,      0.0525,      0.0220,      2.2605,      0.1328,      5.4499,     10.8998,      1.1736,     27.5439,     55.0878,      0.0188,      0.0005,      0.0574,      0.1950,   7454.9990,-416218.1562,   -946.2454,    538.2530,  24849.9961,
       1,     166,       3,      10,       1,       3,       1,     10.0000,      1.3781,     42.2613,    242.6676,     61.0708,      3.4953,      0.1484,      0.1170,      6.3374,      0.1568,      5.4499,     10.8998,      1.3859,     27.5439,     55.0878,      0.0188,      0.0004,      0.1986,      0.1950,   7454.9990,-418113.2812,   -946.6508,    538.1255,  24849.9961,
       1,     166,       3,      11,       1,       3,       1,     10.0000,      1.3781,     42.2613,    242.6676,     61.0708,      3.4953,      0.1816,      0.1497,     10.1889,      0.1745,      5.4499,     10.8998,      1.5422,     27.5439,     55.0878,      0.0188,      0.0005,      0.2477,      0.1950,   7454.9990,-423578.1250,   -947.8190,    537.7579,  24849.9961,
       1,     166,       3,      12,       1,       3,       1,     10.0000,      1.3781,     42.2613,    242.6676,     61.0708,      3.4953,      0.1837,      0.1513,     17.7935,      0.1891,      5.4499,     10.8998,      1.6713,     27.5439,     55.0878,      0.0188,      0.0009,      0.2500,      0.1950,   7454.9990,-429062.6875,   -948.9899,    537.3893,  24849.9980,
       1,     166,       3,      13,       1,       3,       1,     10.0000,      1.3781,     42.2613,    242.6676,     61.0708,      3.4953,      0.1843,      0.1516,     27.2231,      0.1999,      5.4499,     10.8998,      1.7664,     27.5439,     55.0878,      0.0188,      0.0014,      0.2500,      0.1950,   7454.9995,-439428.0938,   -951.2126,    536.6933,  24849.9961,
       1,     166,       3,      14,       1,       3,       1,     10.0000,      1.3781,     42.2613,    242.6676,     61.0708,      3.4953,      0.1788,      0.1459,     35.5995,      0.2065,      5.4499,     10.8998,      1.8248,     27.5439,     55.0878,      0.0188,      0.0019,      0.2408,      0.1950,   7454.9990,-452594.9062,   -954.0529,    535.8104,  24849.9980,
       1,     166,       3,      15,       1,       3,       1,     10.0000,      1.3781,     42.2613,    242.6676,     61.0708,      3.4953,      0.1874,      0.1544,     66.5070,      0.2088,      5.4499,     10.8998,      1.8446,     27.5439,     55.0878,      0.0188,      0.0033,      0.2500,      0.1950,   7454.9995,-464638.8438,   -956.6791,    535.0044,  24849.9961,
       1,     166,       3,      16,       1,       3,       1,     10.0000,      1.3781,     42.2613,    242.6676,     61.0708,      3.4953,      0.1886,      0.1558,     81.2372,      0.2023,      5.4499,     10.8998,      1.7874,     27.5439,     55.0878,      0.0188,      0.0041,      0.2500,      0.1950,   7454.9990,-505891.3750,   -965.6044,    532.2462,  24849.9961,
       1,     166,       3,      17,       1,       3,       1,     10.0000,      1.3781,     42.2613,    242.6676,     61.0708,      3.4953,      0.1840,      0.1515,    102.1296,      0.1945,      5.4499,     10.8998,      1.7183,     27.5439,     55.0878,      0.0188,      0.0053,      0.2407,      0.1949,   7454.9990,-528680.1250,   -970.7233,    530.7372,  24849.9941,
       1,     166,       3,      18,       1,       3,       1,     10.0000,      1.3781,     42.2613,    242.6676,     61.0708,      3.4953,      0.1592,      0.1269,     97.7155,      0.1854,      5.4499,     10.8998,      1.6386,     27.5439,     55.0878,      0.0188,      0.0060,      0.2041,      0.1949,   7454.9985,-557864.0625,   -977.3191,    528.8032,  24849.9961,
       1,     166,       3,      19,       1,       3,       1,     10.0000,      1.3781,     42.2613,    242.6676,     61.0708,      3.4953,      0.0718,      0.0400,     42.5820,      0.1686,      5.4499,     10.8998,      1.4894,     27.5439,     55.0878,      0.0188,      0.0067,      0.0803,      0.1949,   7454.9990,-554662.6250,   -977.0742,    529.0184,  24849.9941,
       1,     166,       3,      20,       1,       3,       1,     10.0000,      1.3781,     42.2613,    242.6676,     61.0708,      3.4953,      0.0076,     -0.0237,      8.3861,      0.1550,      5.4499,     10.8998,      1.3694,     27.5439,     55.0878,      0.0188,      0.0068,      0.0156,      0.1949,   7454.9985,-482564.8750,   -961.9680,    533.7859,  24849.9941,
       1,     166,       3,      21,       1,       3,       1,     10.0000,      1.3781,     42.2613,    242.6676,     61.0708,      3.4953,      0.0000,     -0.0311,      7.5166,      0.1481,      5.4499,     10.8998,      1.3088,     27.5439,     55.0878,      0.0188,      0.0061,      0.0156,      0.1950,   7454.9985,-431873.1875,   -951.1727,    537.1898,  24849.9941,
       1,     166,       3,      22,       1,       3,       1,     10.0000,      1.3781,     42.2613,    242.6676,     61.0708,      3.4953,      0.0000,     -0.0310,      7.0034,      0.1465,      5.4499,     10.8998,      1.2944,     27.5439,     55.0878,      0.0188,      0.0056,      0.0156,      0.1950,   7454.9985,-426328.0938,   -949.9801,    537.5731,  24849.9941,
       1,     166,       3,      23,       1,       3,       1,     10.0000,      1.3781,     42.2613,    242.6676,     61.0708,      3.4953,      0.0000,     -0.0309,      6.2737,      0.1428,      5.4499,     10.8998,      1.2622,     27.5439,     55.0878,      0.0188,      0.0051,      0.0156,      0.1950,   7454.9985,-425162.6562,   -949.7253,    537.6516,  24849.9941,
       1,     166,       3,      24,       1,       3,       1,     10.0000,      1.3781,     42.2613,    242.6676,     61.0708,      3.4953,      0.0000,     -0.0307,      5.4008,      0.1390,      5.4499,     10.8998,      1.2283,     27.5439,     55.0878,      0.0188,      0.0043,      0.0156,      0.1950,   7454.9985,-424112.0625,   -949.4955,    537.7221,  24849.9922,
       1,     166,       4,       1,       1,       3,       1,     10.0000,      1.3781,     42.2616,    242.6733,     61.0722,      3.4953,      0.0000,     -0.0306,      3.7588,      0.1347,      5.4503,     10.9005,      1.1904,     27.5483,     55.0966,      0.0188,      0.0030,      0.0156,      0.1950,   7454.9980,-423040.8438,   -949.5731,    537.8068,  24851.1074,
       1,     166,       4,       2,       1,       3,       1,     10.0000,      1.3781,     42.2616,    242.6733,     61.0722,      3.4953,      0.0000,     -0.0305,      3.0135,      0.1323,      5.4503,     10.9005,      1.1689,     27.5483,     55.0966,      0.0188,      0.0024,      0.0156,      0.1950,   7455.3325,-420660.1250,   -948.7502,    537.9669,  24851.1074,
       1,     166,       4,       3,       1,       3,       1,     10.0000,      1.3781,     42.2616,    242.6733,     61.0722,      3.4953,      0.0000,     -0.0305,      2.7310,      0.1326,      5.4503,     10.9005,      1.1713,     27.5483,     55.0966,      0.0188,      0.0022,      0.0156,      0.1951,   7455.3325,-419483.4375,   -948.4959,    538.0460,  24851.1074,
       1,     166,       4,       4,       1,       3,       1,     10.0000,      1.3781,     42.2616,    242.6733,     61.0722,      3.4953,      0.0000,     -0.0305,      2.2435,      0.1319,      5.4503,     10.9005,      1.1653,     27.5483,     55.0966,      0.0188,      0.0018,      0.0156,      0.1951,   7455.3325,-419013.3750,   -948.3937,    538.0775,  24851.1074,
       1,     166,       4,       5,       1,       3,       1,     10.0000,      1.3781,     42.2616,    242.6733,     61.0722,      3.4953,      0.0000,     -0.0306,      2.0914,      0.1365,      5.4503,     10.9005,      1.2062,     27.5483,     55.0966,      0.0188,      0.0017,      0.0156,      0.1951,   7455.3325,-418338.7812,   -948.2480,    538.1229,  24851.1074,
       1,     166,       4,       6,       1,       3,       1,     10.0000,      1.3781,     42.2616,    242.6733,     61.0722,      3.4953,      0.0000,     -0.0306,      1.4102,      0.1364,      5.4503,     10.9005,      1.2049,     27.5483,     55.0966,      0.0188,      0.0011,      0.0156,      0.1951,   7455.3325,-418082.0312,   -948.1921,    538.1402,  24851.1074,
       1,     166,       4,       7,       1,       3,       1,     10.0000,      1.3781,     42.2616,    242.6733,     61.0722,      3.4953,      0.0000,     -0.0304,      1.0972,      0.1294,      5.4503,     10.9005,      1.1431,     27.5483,     55.0966,      0.0188,      0.0009,      0.0156,      0.1951,   7455.3325,-417174.4062,   -947.9967,    538.2013,  24851.1074,
       1,     166,       4,       8,       1,       3,       1,     10.0000,      1.3781,     42.2616,    242.6733,     61.0722,      3.4953,      0.0005,     -0.0298,      1.3993,      0.1266,      5.4503,     10.9005,      1.1190,     27.5483,     55.0966,      0.0188,      0.0011,      0.0156,      0.1951,   7455.3325,-416688.2500,   -947.8921,    538.2340,  24851.1074,
       1,     166,       4,       9,       1,       3,       1,     10.0000,      1.3781,     42.2616,    242.6733,     61.0722,      3.4953,      0.0195,     -0.0107,      0.7302,      0.1270,      5.4503,     10.9005,      1.1224,     27.5483,     55.0966,      0.0188,      0.0010,      0.0092,      0.1951,   7455.3325,-417038.3438,   -947.9669,    538.2104,  24851.1074,
       1,     166,       4,      10,       1,       3,       1,     10.0000,      1.3781,     42.2616,    242.6733,     61.0722,      3.4953,      0.1063,      0.0753,     16.2432,      0.1452,      5.4503,     10.9005,      1.2828,     27.5483,     55.0966,      0.0188,      0.0015,      0.1351,      0.1951,   7455.3325,-416199.3125,   -947.7852,    538.2669,  24851.1074,
       1,     166,       4,      11,       1,       3,       1,     10.0000,      1.3781,     42.2616,    242.6733,     61.0722,      3.4953,      0.1830,      0.1518,     25.1513,      0.1520,      5.4503,     10.9005,      1.3435,     27.5483,     55.0966,      0.0188,      0.0013,      0.2477,      0.1951,   7455.3325,-436286.3750,   -952.1175,    536.9153,  24851.1074,
       1,     166,       4,      12,       1,       3,       1,     10.0000,      1.3781,     42.2616,    242.6733,     61.0722,      3.4953,      0.1851,      0.1541,     31.2206,      0.1458,      5.4503,     10.9005,      1.2879,     27.5483,     55.0966,      0.0188,      0.0016,      0.2500,      0.1950,   7455.3325,-449627.4062,   -955.0078,    536.0217,  24851.1074,
       1,     166,       4,      13,       1,       3,       1,     10.0000,      1.3781,     42.2616,    242.6733,     61.0722,      3.4953,      0.1842,      0.1536,     19.9760,      0.1361,      5.4503,     10.9005,      1.2025,     27.5483,     55.0966,      0.0188,      0.0010,      0.2500,      0.1950,   7455.3325,-458683.5312,   -956.9971,    535.4156,  24851.1074,
       1,     166,       4,      14,       1,       3,       1,     10.0000,      1.3781,     42.2616,    242.6733,     61.0722,      3.4953,      0.1843,      0.1535,     21.6724,      0.1420,      5.4503,     10.9005,      1.2546,     27.5483,     55.0966,      0.0188,      0.0011,      0.2500,      0.1950,   7455.3325,-444851.3750,   -954.0579,    536.3417,  24851.1055,
       1,     166,       4,      15,       1,       3,       1,     10.0000,      1.3781,     42.2616,    242.6733,     61.0722,      3.4953,      0.1856,      0.1541,     38.8879,      0.1591,      5.4503,     10.9005,      1.4055,     27.5483,     55.0966,      0.0188,      0.0020,      0.2500,      0.1950,   7455.3320,-445852.4375,   -954.3026,    536.2755,  24851.1094,
       1,     166,       4,      16,       1,       3,       1,     10.0000,      1.3781,     42.2616,    242.6733,     61.0722,      3.4953,      0.1865,      0.1548,     51.8921,      0.1671,      5.4503,     10.9005,      1.4761,     27.5483,     55.0966,      0.0188,      0.0026,      0.2500,      0.1950,   7455.3330,-468321.0312,   -959.1798,    534.7693,  24851.1074,
       1,     166,       4,      17,       1,       3,       1,     10.0000,      1.3781,     42.2616,    242.6733,     61.0722,      3.4953,      0.1856,      0.1538,     40.7724,      0.1711,      5.4503,     10.9005,      1.5119,     27.5483,     55.0966,      0.0188,      0.0020,      0.2500,      0.1950,   7455.3325,-487201.2500,   -963.3414,    533.5093,  24851.1055,
       1,     166,       4,      18,       1,       3,       1,     10.0000,      1.3781,     42.2616,    242.6733,     61.0722,      3.4953,      0.1660,      0.1348,     25.4412,      0.1528,      5.4503,     10.9005,      1.3503,     27.5483,     55.0966,      0.0188,      0.0014,      0.2225,      0.1950,   7455.3320,-474382.4062,   -960.7280,    534.3657,  24851.1035,
       1,     166,       4,      19,       1,       3,       1,     10.0000,      1.3781,     42.2616,    242.6733,     61.0722,      3.4953,      0.0964,      0.0653,     19.1290,      0.1501,      5.4503,     10.9005,      1.3261,     27.5483,     55.0966,      0.0188,      0.0020,      0.1201,      0.1950,   7455.3315,-453324.4062,   -956.2894,    535.7729,  24851.1055,
       1,     166,       4,      20,       1,       3,       1,     10.0000,      1.3781,     42.2616,    242.6733,     61.0722,      3.4953,      0.0064,     -0.0244,      2.9896,      0.1413,      5.4503,     10.9005,      1.2483,     27.5483,     55.0966,      0.0188,      0.0024,      0.0156,      0.1950,   7455.3320,-443285.6562,   -954.1702,    536.4470,  24851.1055,
       1,     166,       4,      21,       1,       3,       1,     10.0000,      1.3781,     42.2616,    242.6733,     61.0722,      3.4953,      0.0000,     -0.0307,      2.9073,      0.1391,      5.4503,     10.9005,      1.2296,     27.5483,     55.0966,      0.0188,      0.0023,      0.0156,      0.1950,   7455.3320,-421425.7812,   -949.4730,    537.9134,  24851.1055,
       1,     166,       4,      22,       1,       3,       1,     10.0000,      1.3781,     42.2616,    242.6733,     61.0722,      3.4953,      0.0000,     -0.0304,      2.6639,      0.1308,      5.4503,     10.9005,      1.1559,     27.5483,     55.0966,      0.0188,      0.0021,      0.0156,      0.1950,   7455.3320,-419415.0938,   -949.0397,    538.0505,  24851.1035,
       1,     166,       4,      23,       1,       3,       1,     10.0000,      1.3781,     42.2616,    242.6733,     61.0722,      3.4953,      0.0000,     -0.0302,      1.7796,      0.1238,      5.4503,     10.9005,      1.0942,     27.5483,     55.0966,      0.0188,      0.0014,      0.0156,      0.1951,   7455.3315,-418920.5625,   -948.9333,    538.0838,  24851.1035,
       1,     166,       4,      24,       1,       3,       1,     10.0000,      1.3781,     42.2616,    242.6733,     61.0722,      3.4953,      0.0000,     -0.0301,      1.5745,      0.1225,      5.4503,     10.9005,      1.0820,     27.5483,     55.0966,      0.0188,      0.0013,      0.0156,      0.1951,   7455.3315,-417728.0938,   -948.6763,    538.1640,  24851.1035,
       1,     166,       5,       1,       1,       3,       1,     10.0000,      1.3781,     42.2619,    242.6790,     61.0736,      3.4953,      0.0000,     -0.0300,      1.0805,      0.1195,      5.4504,     10.9008,      1.0559,     27.5521,     55.1041,      0.0188,      0.0009,      0.0156,      0.1951,   7455.3315,-417512.8750,   -948.9405,    538.1912,  24852.2168,
       1,     166,       5,       2,       1,       3,       1,     10.0000,      1.3781,     42.2619,    242.6790,     61.0736,      3.4953,      0.0000,     -0.0301,      1.0120,      0.1233,      5.4504,     10.9008,      1.0898,     27.5521,     55.1041,      0.0188,      0.0008,      0.0156,      0.1951,   7455.6655,-416699.1562,   -948.6384,    538.2459,  24852.2168,
       1,     166,       5,       3,       1,       3,       1,     10.0000,      1.3781,     42.2619,    242.6790,     61.0736,      3.4953,      0.0000,     -0.0303,      0.9093,      0.1277,      5.4504,     10.9008,      1.1281,     27.5521,     55.1041,      0.0188,      0.0007,      0.0156,      0.1951,   7455.6655,-416539.1250,   -948.6038,    538.2568,  24852.2168,
       1,     166,       5,       4,       1,       3,       1,     10.0000,      1.3781,     42.2619,    242.6790,     61.0736,      3.4953,      0.0000,     -0.0304,      0.9244,      0.1291,      5.4504,     10.9008,      1.1408,     27.5521,     55.1041,      0.0188,      0.0007,      0.0156,      0.1951,   7455.6655,-416391.5312,   -948.5720,    538.2667,  24852.2168,
       1,     166,       5,       5,       1,       3,       1,     10.0000,      1.3781,     42.2619,    242.6790,     61.0736,      3.4953,      0.0000,     -0.0305,      1.1010,      0.1323,      5.4504,     10.9008,      1.1689,     27.5521,     55.1041,      0.0188,      0.0009,      0.0156,      0.1951,   7455.6655,-416398.3750,   -948.5737,    538.2662,  24852.2168,
       1,     166,       5,       6,       1,       3,       1,     10.0000,      1.3781,     42.2619,    242.6790,     61.0736,      3.4953,      0.0000,     -0.0305,      0.7366,      0.1328,      5.4504,     10.9008,      1.1737,     27.5521,     55.1041,      0.0188,      0.0006,      0.0156,      0.1951,   7455.6655,-416628.4688,   -948.6231,    538.2507,  24852.2168,
       1,     166,       5,       7,       1,       3,       1,     10.0000,      1.3781,     42.2619,    242.6790,     61.0736,      3.4953,      0.0000,     -0.0306,      0.8597,      0.1358,      5.4504,     10.9008,      1.2001,     27.5521,     55.1041,      0.0188,      0.0007,      0.0156,      0.1951,   7455.6655,-416175.0625,   -948.5256,    538.2812,  24852.2168,
       1,     166,       5,       8,       1,       3,       1,     10.0000,      1.3781,     42.2619,    242.6790,     61.0736,      3.4953,      0.0012,     -0.0295,      0.9269,      0.1368,      5.4504,     10.9008,      1.2086,     27.5521,     55.1041,      0.0188,      0.0007,      0.0156,      0.1951,   7455.6655,-416295.2500,   -948.5516,    538.2731,  24852.2168,
       1,     166,       5,       9,       1,       3,       1,     10.0000,      1.3781,     42.2619,    242.6790,     61.0736,      3.4953,      0.0707,      0.0399,      4.6747,      0.1413,      5.4504,     10.9008,      1.2483,     27.5521,     55.1041,      0.0188,      0.0007,      0.0839,      0.1951,   7455.6655,-416393.2188,   -948.5727,    538.2666,  24852.2168,
       1,     166,       5,      10,       1,       3,       1,     10.0000,      1.3781,     42.2619,    242.6790,     61.0736,      3.4953,      0.1544,      0.1228,     11.6567,      0.1639,      5.4504,     10.9008,      1.4484,     27.5521,     55.1041,      0.0188,      0.0007,      0.2070,      0.1951,   7455.6655,-421271.6250,   -949.6260,    537.9383,  24852.2168,
       1,     166,       5,      11,       1,       3,       1,     10.0000,      1.3781,     42.2619,    242.6790,     61.0736,      3.4953,      0.1822,      0.1501,     12.3495,      0.1765,      5.4504,     10.9008,      1.5593,     27.5521,     55.1041,      0.0188,      0.0006,      0.2482,      0.1951,   7455.6655,-430771.7812,   -951.6797,    537.2996,  24852.2188,
       1,     166,       5,      12,       1,       3,       1,     10.0000,      1.3781,     42.2619,    242.6790,     61.0736,      3.4953,      0.1837,      0.1513,     17.6686,      0.1888,      5.4504,     10.9008,      1.6681,     27.5521,     55.1041,      0.0188,      0.0009,      0.2500,      0.1951,   7455.6660,-432503.2812,   -952.0584,    537.1837,  24852.2168,
       1,     166,       5,      13,       1,       3,       1,     10.0000,      1.3781,     42.2619,    242.6790,     61.0736,      3.4953,      0.1839,      0.1513,     20.7479,      0.1954,      5.4504,     10.9008,      1.7268,     27.5521,     55.1041,      0.0188,      0.0010,      0.2500,      0.1951,   7455.6655,-439567.6875,   -953.5909,    536.7094,  24852.2168,
       1,     166,       5,      14,       1,       3,       1,     10.0000,      1.3781,     42.2619,    242.6790,     61.0736,      3.4953,      0.1841,      0.1515,     22.9937,      0.1947,      5.4504,     10.9008,      1.7200,     27.5521,     55.1041,      0.0188,      0.0012,      0.2500,      0.1951,   7455.6655,-444187.9375,   -954.6051,    536.3996,  24852.2168,
       1,     166,       5,      15,       1,       3,       1,     10.0000,      1.3781,     42.2619,    242.6790,     61.0736,      3.4953,      0.1860,      0.1532,     47.6875,      0.2001,      5.4504,     10.9008,      1.7682,     27.5521,     55.1041,      0.0188,      0.0024,      0.2500,      0.1951,   7455.6655,-447510.7188,   -955.5396,    536.1769,  24852.2168,
       1,     166,       5,      16,       1,       3,       1,     10.0000,      1.3781,     42.2619,    242.6790,     61.0736,      3.4953,      0.1878,      0.1550,     70.9024,      0.2013,      5.4504,     10.9008,      1.7787,     27.5521,     55.1041,      0.0188,      0.0036,      0.2500,      0.1951,   7455.6655,-479903.3125,   -962.5767,    534.0059,  24852.2188,
       1,     166,       5,      17,       1,       3,       1,     10.0000,      1.3781,     42.2619,    242.6790,     61.0736,      3.4953,      0.1835,      0.1509,     82.8626,      0.1937,      5.4504,     10.9008,      1.7116,     27.5521,     55.1041,      0.0188,      0.0043,      0.2421,      0.1950,   7455.6660,-512936.7812,   -969.8563,    531.8053,  24852.2148,
       1,     166,       5,      18,       1,       3,       1,     10.0000,      1.3781,     42.2619,    242.6790,     61.0736,      3.4953,      0.1607,      0.1285,     74.2036,      0.1829,      5.4504,     10.9008,      1.6160,     27.5521,     55.1041,      0.0188,      0.0045,      0.2090,      0.1950,   7455.6646,-531387.5625,   -974.1158,    530.5833,  24852.2168,
       1,     166,       5,      19,       1,       3,       1,     10.0000,      1.3781,     42.2619,    242.6790,     61.0736,      3.4953,      0.1001,      0.0682,     42.8815,      0.1723,      5.4504,     10.9008,      1.5225,     27.5521,     55.1041,      0.0188,      0.0044,      0.1223,      0.1950,   7455.6655,-521720.0625,   -972.3599,    531.2259,  24852.2148,
       1,     166,       5,      20,       1,       3,       1,     10.0000,      1.3781,     42.2619,    242.6790,     61.0736,      3.4953,      0.0070,     -0.0244,      5.7029,      0.1565,      5.4504,     10.9008,      1.3832,     27.5521,     55.1041,      0.0188,      0.0046,      0.0156,      0.1950,   7455.6646,-480111.7188,   -963.6334,    533.9891,  24852.2148,
       1,     166,       5,      21,       1,       3,       1,     10.0000,      1.3781,     42.2619,    242.6790,     61.0736,      3.4953,      0.0000,     -0.0311,      5.6516,      0.1487,      5.4504,     10.9008,      1.3142,     27.5521,     55.1041,      0.0188,      0.0046,      0.0156,      0.1950,   7455.6646,-428155.8438,   -952.4847,    537.4644,  24852.2148,
       1,     166,       5,      22,       1,       3,       1,     10.0000,      1.3781,     42.2619,    242.6790,     61.0736,      3.4953,      0.0000,     -0.0310,      5.1890,      0.1466,      5.4504,     10.9008,      1.2958,     27.5521,     55.1041,      0.0188,      0.0042,      0.0156,      0.1951,   7455.6646,-423584.5000,   -951.4934,    537.7828,  24852.2148,
       1,     166,       5,      23,       1,       3,       1,     10.0000,      1.3781,     42.2619,    242.6790,     61.0736,      3.4953,      0.0000,     -0.0310,      4.9680,      0.1459,      5.4504,     10.9008,      1.2893,     27.5521,     55.1041,      0.0188,      0.0040,      0.0156,      0.1951,   7455.6646,-422569.3750,   -951.2713,    537.8511,  24852.2148,
       1,     166,       5,      24,       1,       3,       1,     10.0000,      1.3781,     42.2619,    242.6790,     61.0736,      3.4953,      0.0000,     -0.0309,      4.4100,      0.1437,      5.4504,     10.9008,      1.2699,     27.5521,     55.1041,      0.0188,      0.0036,      0.0156,      0.1951,   7455.6646,-422193.3438,   -951.1876,    537.8765,  24852.2148,
       1,     166,       6,       1,       1,       3,       1,     10.0000,      1.3782,     42.2623,    242.6848,     61.0751,      3.4953,      0.0000,     -0.0308,      2.9700,      0.1411,      5.4505,     10.9011,      1.2471,     27.5579,     55.1157,      0.0188,      0.0024,      0.0156,      0.1951,   7455.6646,-421589.8125,   -951.3660,    537.9296,  24853.3262,
       1,     166,       6,       2,       1,       3,       1,     10.0000,      1.3782,     42.2623,    242.6848,     61.0751,      3.4953,      0.0000,     -0.0308,      2.2742,      0.1400,      5.4505,     10.9011,      1.2371,     27.5579,     55.1157,      0.0188,      0.0018,      0.0156,      0.1951,   7455.9980,-419513.5625,   -950.6054,    538.0692,  24853.3262,
       1,     166,       6,       3,       1,       3,       1,     10.0000,      1.3782,     42.2623,    242.6848,     61.0751,      3.4953,      0.0000,     -0.0307,      2.0468,      0.1390,      5.4505,     10.9011,      1.2284,     27.5579,     55.1157,      0.0188,      0.0016,      0.0156,      0.1951,   7455.9980,-418428.0625,   -950.3698,    538.1423,  24853.3262,
       1,     166,       6,       4,       1,       3,       1,     10.0000,      1.3782,     42.2623,    242.6848,     61.0751,      3.4953,      0.0000,     -0.0308,      1.9942,      0.1393,      5.4505,     10.9011,      1.2309,     27.5579,     55.1157,      0.0188,      0.0016,      0.0156,      0.1951,   7455.9980,-418037.8125,   -950.2849,    538.1686,  24853.3262,
       1,     166,       6,       5,       1,       3,       1,     10.0000,      1.3782,     42.2623,    242.6848,     61.0751,      3.4953,      0.0000,     -0.0307,      1.5952,      0.1386,      5.4505,     10.9011,      1.2246,     27.5579,     55.1157,      0.0188,      0.0013,      0.0156,      0.1951,   7455.9980,-417935.1562,   -950.2621,    538.1754,  24853.3262,
       1,     166,       6,       6,       1,       3,       1,     10.0000,      1.3782,     42.2623,    242.6848,     61.0751,      3.4953,      0.0000,     -0.0306,      1.5746,      0.1364,      5.4505,     10.9011,      1.2050,     27.5579,     55.1157,      0.0188,      0.0013,      0.0156,      0.1951,   7455.9980,-417407.9062,   -950.1478,    538.2109,  24853.3262,
       1,     166,       6,       7,       1,       3,       1,     10.0000,      1.3782,     42.2623,    242.6848,     61.0751,      3.4953,      0.0000,     -0.0306,      1.5051,      0.1351,      5.4505,     10.9011,      1.1941,     27.5579,     55.1157,      0.0188,      0.0012,      0.0156,      0.1951,   7455.9980,-417334.9375,   -950.1317,    538.2158,  24853.3262,
       1,     166,       6,       8,       1,       3,       1,     10.0000,      1.3782,     42.2623,    242.6848,     61.0751,      3.4953,      0.0009,     -0.0297,      1.3664,      0.1351,      5.4505,     10.9011,      1.1941,     27.5579,     55.1157,      0.0188,      0.0011,      0.0156,      0.1951,   7455.9980,-417238.3125,   -950.1106,    538.2224,  24853.3262,
       1,     166,       6,       9,       1,       3,       1,     10.0000,      1.3782,     42.2623,    242.6848,     61.0751,      3.4953,      0.0460,      0.0153,      4.8606,      0.1379,      5.4505,     10.9011,      1.2185,     27.5579,     55.1157,      0.0188,      0.0013,      0.0473,      0.1951,   7455.9980,-417049.5938,   -950.0696,    538.2350,  24853.3262,
       1,     166,       6,      10,       1,       3,       1,     10.0000,      1.3782,     42.2623,    242.6848,     61.0751,      3.4953,      0.1463,      0.1152,     21.0050,      0.1489,      5.4505,     10.9011,      1.3155,     27.5579,     55.1157,      0.0188,      0.0014,      0.1938,      0.1951,   7455.9980,-421573.2500,   -951.0516,    537.9307,  24853.3262,
       1,     166,       6,      11,       1,       3,       1,     10.0000,      1.3782,     42.2623,    242.6848,     61.0751,      3.4953,      0.1820,      0.1504,     21.7586,      0.1652,      5.4505,     10.9011,      1.4600,     27.5579,     55.1157,      0.0188,      0.0011,      0.2468,      0.1951,   7455.9980,-442946.3125,   -955.6974,    536.4935,  24853.3242,
       1,     166,       6,      12,       1,       3,       1,     10.0000,      1.3782,     42.2623,    242.6848,     61.0751,      3.4953,      0.1841,      0.1523,     21.7113,      0.1706,      5.4505,     10.9011,      1.5074,     27.5579,     55.1157,      0.0188,      0.0011,      0.2500,      0.1951,   7455.9976,-445799.0938,   -956.3441,    536.3042,  24853.3262,
       1,     166,       6,      13,       1,       3,       1,     10.0000,      1.3782,     42.2623,    242.6848,     61.0751,      3.4953,      0.1845,      0.1523,     26.7834,      0.1798,      5.4505,     10.9011,      1.5890,     27.5579,     55.1157,      0.0188,      0.0013,      0.2500,      0.1951,   7455.9980,-445983.7188,   -956.4133,    536.2919,  24853.3262,
       1,     166,       6,      14,       1,       3,       1,     10.0000,      1.3782,     42.2623,    242.6848,     61.0751,      3.4953,      0.1845,      0.1522,     28.2817,      0.1869,      5.4505,     10.9011,      1.6517,     27.5579,     55.1157,      0.0188,      0.0014,      0.2500,      0.1951,   7455.9980,-452592.6562,   -957.8764,    535.8488,  24853.3262,
       1,     166,       6,      15,       1,       3,       1,     10.0000,      1.3782,     42.2623,    242.6848,     61.0751,      3.4953,      0.1855,      0.1530,     41.4420,      0.1937,      5.4505,     10.9011,      1.7116,     27.5579,     55.1157,      0.0188,      0.0021,      0.2500,      0.1951,   7455.9980,-455117.6250,   -958.4662,    535.6799,  24853.3262,
       1,     166,       6,      16,       1,       3,       1,     10.0000,      1.3782,     42.2623,    242.6848,     61.0751,      3.4953,      0.1872,      0.1549,     62.5816,      0.1854,      5.4505,     10.9011,      1.6387,     27.5579,     55.1157,      0.0188,      0.0031,      0.2500,      0.1951,   7455.9980,-472446.3750,   -962.2812,    534.5195,  24853.3242,
       1,     166,       6,      17,       1,       3,       1,     10.0000,      1.3782,     42.2623,    242.6848,     61.0751,      3.4953,      0.1866,      0.1546,     68.1166,      0.1759,      5.4505,     10.9011,      1.5547,     27.5579,     55.1157,      0.0188,      0.0034,      0.2483,      0.1951,   7455.9976,-501450.7812,   -968.6971,    532.5829,  24853.3242,
       1,     166,       6,      18,       1,       3,       1,     10.0000,      1.3782,     42.2623,    242.6848,     61.0751,      3.4953,      0.1626,      0.1308,     65.1728,      0.1699,      5.4505,     10.9011,      1.5014,     27.5579,     55.1157,      0.0188,      0.0038,      0.2129,      0.1950,   7455.9976,-511187.6250,   -971.0371,    531.9382,  24853.3242,
       1,     166,       6,      19,       1,       3,       1,     10.0000,      1.3782,     42.2623,    242.6848,     61.0751,      3.4953,      0.0932,      0.0615,     40.3268,      0.1651,      5.4505,     10.9011,      1.4586,     27.5579,     55.1157,      0.0188,      0.0045,      0.1124,      0.1950,   7455.9976,-508201.5938,   -970.6503,    532.1371,  24853.3223,
       1,     166,       6,      20,       1,       3,       1,     10.0000,      1.3782,     42.2623,    242.6848,     61.0751,      3.4953,      0.0064,     -0.0249,      5.4645,      0.1547,      5.4505,     10.9011,      1.3667,     27.5579,     55.1157,      0.0188,      0.0044,      0.0156,      0.1950,   7455.9971,-475614.5312,   -963.7983,    534.3047,  24853.3223,
       1,     166,       6,      21,       1,       3,       1,     10.0000,      1.3782,     42.2623,    242.6848,     61.0751,      3.4953,      0.0000,     -0.0311,      4.8600,      0.1486,      5.4505,     10.9011,      1.3129,     27.5579,     55.1157,      0.0188,      0.0039,      0.0156,      0.1951,   7455.9971,-427455.7500,   -953.4155,    537.5256,  24853.3223,
       1,     166,       6,      22,       1,       3,       1,     10.0000,      1.3782,     42.2623,    242.6848,     61.0751,      3.4953,      0.0000,     -0.0310,      4.2631,      0.1456,      5.4505,     10.9011,      1.2867,     27.5579,     55.1157,      0.0188,      0.0034,      0.0156,      0.1951,   7455.9971,-422494.9375,   -952.3378,    537.8687,  24853.3223,
       1,     166,       6,      23,       1,       3,       1,     10.0000,      1.3782,     42.2623,    242.6848,     61.0751,      3.4953,      0.0000,     -0.0310,      3.9012,      0.1449,      5.4505,     10.9011,      1.2802,     27.5579,     55.1157,      0.0188,      0.0031,      0.0156,      0.1951,   7455.9971,-421273.5625,   -952.0718,    537.9509,  24853.3223,
       1,     166,       6,      24,       1,       3,       1,     10.0000,      1.3782,     42.2623,    242.6848,     61.0751,      3.4953,      0.0000,     -0.0310,      3.7183,      0.1446,      5.4505,     10.9011,      1.2777,     27.5579,     55.1157,      0.0188,      0.0030,      0.0156,      0.1951,   7455.9971,-420696.4688,   -951.9462,    537.9897,  24853.3223,
       1,     166,       7,       1,       1,       3,       1,     10.0000,      1.3782,     42.2626,    242.6905,     61.0765,      3.4953,      0.0000,     -0.0309,      3.0787,      0.1420,      5.4507,     10.9014,      1.2547,     27.5628,     55.1256,      0.0188,      0.0025,      0.0156,      0.1951,   7455.9971,-420563.5625,   -952.2303,    538.0112,  24854.4375,
       1,     166,       7,       2,       1,       3,       1,     10.0000,      1.3782,     42.2626,    242.6905,     61.0765,      3.4953,      0.0000,     -0.0309,      2.4035,      0.1427,      5.4507,     10.9014,      1.2611,     27.5628,     55.1256,      0.0188,      0.0019,      0.0156,      0.1951,   7456.3315,-419568.2188,   -951.7017,    538.0782,  24854.4375,
       1,     166,       7,       3,       1,       3,       1,     10.0000,      1.3782,     42.2626,    242.6905,     61.0765,      3.4953,      0.0000,     -0.0309,      2.2275,      0.1423,      5.4507,     10.9014,      1.2573,     27.5628,     55.1256,      0.0188,      0.0018,      0.0156,      0.1951,   7456.3315,-418603.9062,   -951.4919,    538.1431,  24854.4375,
       1,     166,       7,       4,       1,       3,       1,     10.0000,      1.3782,     42.2626,    242.6905,     61.0765,      3.4953,      0.0000,     -0.0308,      2.2515,      0.1414,      5.4507,     10.9014,      1.2497,     27.5628,     55.1256,      0.0188,      0.0018,      0.0156,      0.1951,   7456.3315,-418291.0938,   -951.4240,    538.1641,  24854.4375,
       1,     166,       7,       5,       1,       3,       1,     10.0000,      1.3782,     42.2626,    242.6905,     61.0765,      3.4953,      0.0000,     -0.0308,      2.4443,      0.1407,      5.4507,     10.9014,      1.2434,     27.5628,     55.1256,      0.0188,      0.0020,      0.0156,      0.1951,   7456.3315,-418294.9062,   -951.4249,    538.1639,  24854.4375,
       1,     166,       7,       6,       1,       3,       1,     10.0000,      1.3782,     42.2626,    242.6905,     61.0765,      3.4953,      0.0000,     -0.0308,      2.3665,      0.1394,      5.4507,     10.9014,      1.2321,     27.5628,     55.1256,      0.0188,      0.0019,      0.0156,      0.1951,   7456.3315,-418545.5938,   -951.4794,    538.1470,  24854.4375,
       1,     166,       7,       7,       1,       3,       1,     10.0000,      1.3782,     42.2626,    242.6905,     61.0765,      3.4953,      0.0000,     -0.0308,      2.5330,      0.1394,      5.4507,     10.9014,      1.2321,     27.5628,     55.1256,      0.0188,      0.0020,      0.0156,      0.1951,   7456.3315,-418466.4375,   -951.4622,    538.1523,  24854.4375,
       1,     166,       7,       8,       1,       3,       1,     10.0000,      1.3782,     42.2626,    242.6905,     61.0765,      3.4953,      0.0012,     -0.0296,      2.6196,      0.1416,      5.4507,     10.9014,      1.2509,     27.5628,     55.1256,      0.0188,      0.0021,      0.0156,      0.1951,   7456.3315,-418675.8750,   -951.5076,    538.1382,  24854.4375,
       1,     166,       7,       9,       1,       3,       1,     10.0000,      1.3782,     42.2626,    242.6905,     61.0765,      3.4953,      0.0691,      0.0382,     13.8574,      0.1442,      5.4507,     10.9014,      1.2738,     27.5628,     55.1256,      0.0188,      0.0022,      0.0803,      0.1951,   7456.3315,-418806.7188,   -951.5359,    538.1294,  24854.4375,
       1,     166,       7,      10,       1,       3,       1,     10.0000,      1.3782,     42.2626,    242.6905,     61.0765,      3.4953,      0.1555,      0.1243,     35.8583,      0.1495,      5.4507,     10.9014,      1.3209,     27.5628,     55.1256,      0.0188,      0.0022,      0.2056,      0.1951,   7456.3315,-433417.9375,   -954.7249,    537.1465,  24854.4375,
       1,     166,       7,      11,       1,       3,       1,     10.0000,      1.3782,     42.2626,    242.6905,     61.0765,      3.4953,      0.1826,      0.1509,     46.2257,      0.1672,      5.4507,     10.9014,      1.4777,     27.5628,     55.1256,      0.0188,      0.0024,      0.2448,      0.1951,   7456.3315,-463286.1562,   -961.6212,    535.1420,  24854.4355,
       1,     166,       7,      12,       1,       3,       1,     10.0000,      1.3782,     42.2626,    242.6905,     61.0765,      3.4953,      0.1862,      0.1543,     48.6814,      0.1744,      5.4507,     10.9014,      1.5408,     27.5628,     55.1256,      0.0188,      0.0024,      0.2500,      0.1951,   7456.3311,-479381.0312,   -965.2063,    534.0691,  24854.4355,
       1,     166,       7,      13,       1,       3,       1,     10.0000,      1.3782,     42.2626,    242.6905,     61.0765,      3.4953,      0.1865,      0.1541,     53.8307,      0.1905,      5.4507,     10.9014,      1.6831,     27.5628,     55.1256,      0.0188,      0.0027,      0.2500,      0.1951,   7456.3311,-483975.5938,   -966.3409,    533.7635,  24854.4375,
       1,     166,       7,      14,       1,       3,       1,     10.0000,      1.3782,     42.2626,    242.6905,     61.0765,      3.4953,      0.1862,      0.1534,     50.2733,      0.2009,      5.4507,     10.9014,      1.7753,     27.5628,     55.1256,      0.0188,      0.0025,      0.2500,      0.1951,   7456.3315,-491070.7188,   -968.2454,    533.2902,  24854.4355,
       1,     166,       7,      15,       1,       3,       1,     10.0000,      1.3782,     42.2626,    242.6905,     61.0765,      3.4953,      0.1861,      0.1533,     50.1908,      0.2025,      5.4507,     10.9014,      1.7894,     27.5628,     55.1256,      0.0188,      0.0025,      0.2500,      0.1951,   7456.3311,-487062.6875,   -967.5397,    533.5576,  24854.4375,
       1,     166,       7,      16,       1,       3,       1,     10.0000,      1.3782,     42.2626,    242.6905,     61.0765,      3.4953,      0.1869,      0.1544,     59.2096,      0.1916,      5.4507,     10.9014,      1.6931,     27.5628,     55.1256,      0.0188,      0.0030,      0.2500,      0.1951,   7456.3315,-486606.0000,   -967.5948,    533.5881,  24854.4336,
       1,     166,       7,      17,       1,       3,       1,     10.0000,      1.3782,     42.2626,    242.6905,     61.0765,      3.4953,      0.1839,      0.1515,     75.8512,      0.1903,      5.4507,     10.9014,      1.6814,     27.5628,     55.1256,      0.0188,      0.0039,      0.2435,      0.1951,   7456.3306,-498295.5000,   -970.3094,    532.8084,  24854.4355,
       1,     166,       7,      18,       1,       3,       1,     10.0000,      1.3782,     42.2626,    242.6905,     61.0765,      3.4953,      0.1642,      0.1321,     83.2655,      0.1788,      5.4507,     10.9014,      1.5796,     27.5628,     55.1256,      0.0188,      0.0049,      0.2131,      0.1951,   7456.3311,-520961.2812,   -975.4752,    531.2994,  24854.4316,
       1,     166,       7,      19,       1,       3,       1,     10.0000,      1.3782,     42.2626,    242.6905,     61.0765,      3.4953,      0.1027,      0.0708,     51.3847,      0.1706,      5.4507,     10.9014,      1.5075,     27.5628,     55.1256,      0.0188,      0.0052,      0.1252,      0.1950,   7456.3296,-532588.3750,   -978.3210,    530.5294,  24854.4355,
       1,     166,       7,      20,       1,       3,       1,     10.0000,      1.3782,     42.2626,    242.6905,     61.0765,      3.4953,      0.0069,     -0.0244,      6.3114,      0.1556,      5.4507,     10.9014,      1.3750,     27.5628,     55.1256,      0.0188,      0.0051,      0.0156,      0.1950,   7456.3311,-492106.9375,   -969.7889,    533.2145,  24854.4336,
       1,     166,       7,      21,       1,       3,       1,     10.0000,      1.3782,     42.2626,    242.6905,     61.0765,      3.4953,      0.0000,     -0.0309,      5.5779,      0.1424,      5.4507,     10.9014,      1.2585,     27.5628,     55.1256,      0.0188,      0.0045,      0.0156,      0.1951,   7456.3306,-429984.3438,   -956.3379,    537.3619,  24854.4336,
       1,     166,       7,      22,       1,       3,       1,     10.0000,      1.3782,     42.2626,    242.6905,     61.0765,      3.4953,      0.0000,     -0.0306,      5.2948,      0.1336,      5.4507,     10.9014,      1.1809,     27.5628,     55.1256,      0.0188,      0.0043,      0.0156,      0.1951,   7456.3306,-423659.2500,   -954.9526,    537.8029,  24854.4336,
       1,     166,       7,      23,       1,       3,       1,     10.0000,      1.3782,     42.2626,    242.6905,     61.0765,      3.4953,      0.0000,     -0.0306,      4.8655,      0.1339,      5.4507,     10.9014,      1.1833,     27.5628,     55.1256,      0.0188,      0.0039,      0.0156,      0.1951,   7456.3306,-422718.5000,   -954.7437,    537.8664,  24854.4336,
       1,     166,       7,      24,       1,       3,       1,     10.0000,      1.3782,     42.2626,    242.6905,     61.0765,      3.4953,      0.0000,     -0.0307,      5.3863,      0.1371,      5.4507,     10.9014,      1.2111,     27.5628,     55.1256,      0.0188,      0.0043,      0.0156,      0.1951,   7456.3306,-422078.1250,   -954.6002,    537.9094,  24854.4336,
       1,     166,       8,       1,       1,       3,       1,     10.0000,      1.3782,     42.2629,    242.6962,     61.0779,      3.4953,      0.0000,     -0.0307,      4.5827,      0.1372,      5.4505,     10.9010,      1.2124,     27.5689,     55.1377,      0.0188,      0.0037,      0.0156,      0.1951,   7456.3306,-422853.5938,   -955.0809,    537.8698,  24855.5449,
       1,     166,       8,       2,       1,       3,       1,     10.0000,      1.3782,     42.2629,    242.6962,     61.0779,      3.4953,      0.0000,     -0.0306,      3.7442,      0.1351,      5.4505,     10.9010,      1.1941,     27.5689,     55.1377,      0.0188,      0.0030,      0.0156,      0.1951,   7456.6636,-421725.2500,   -954.5181,    537.9457,  24855.5449,
       1,     166,       8,       3,       1,       3,       1,     10.0000,      1.3782,     42.2629,    242.6962,     61.0779,      3.4953,      0.0000,     -0.0305,      2.9987,      0.1331,      5.4505,     10.9010,      1.1761,     27.5689,     55.1377,      0.0188,      0.0024,      0.0156,      0.1952,   7456.6636,-420537.2188,   -954.2562,    538.0256,  24855.5449,
       1,     166,       8,       4,       1,       3,       1,     10.0000,      1.3782,     42.2629,    242.6962,     61.0779,      3.4953,      0.0000,     -0.0305,      2.5608,      0.1328,      5.4505,     10.9010,      1.1737,     27.5689,     55.1377,      0.0188,      0.0021,      0.0156,      0.1952,   7456.6636,-419465.1875,   -954.0202,    538.0977,  24855.5449,
       1,     166,       8,       5,       1,       3,       1,     10.0000,      1.3782,     42.2629,    242.6962,     61.0779,      3.4953,      0.0000,     -0.0304,      2.6654,      0.1306,      5.4505,     10.9010,      1.1537,     27.5689,     55.1377,      0.0188,      0.0021,      0.0156,      0.1952,   7456.6636,-418802.5625,   -953.8740,    538.1423,  24855.5449,
       1,     166,       8,       6,       1,       3,       1,     10.0000,      1.3782,     42.2629,    242.6962,     61.0779,      3.4953,      0.0000,     -0.0303,      2.5858,      0.1282,      5.4505,     10.9010,      1.1328,     27.5689,     55.1377,      0.0188,      0.0021,      0.0156,      0.1952,   7456.6636,-418880.6250,   -953.8899,    538.1371,  24855.5449,
       1,     166,       8,       7,       1,       3,       1,     10.0000,      1.3782,     42.2629,    242.6962,     61.0779,      3.4953,      0.0000,     -0.0304,      2.4363,      0.1291,      5.4505,     10.9010,      1.1409,     27.5689,     55.1377,      0.0188,      0.0020,      0.0156,      0.1952,   7456.6636,-418783.8438,   -953.8675,    538.1436,  24855.5449,
       1,     166,       8,       8,       1,       3,       1,     10.0000,      1.3782,     42.2629,    242.6962,     61.0779,      3.4953,      0.0012,     -0.0289,      2.1825,      0.1221,      5.4505,     10.9010,      1.0788,     27.5689,     55.1377,      0.0188,      0.0018,      0.0156,      0.1952,   7456.6636,-418581.2500,   -953.8222,    538.1572,  24855.5449,
       1,     166,       8,       9,       1,       3,       1,     10.0000,      1.3782,     42.2629,    242.6962,     61.0779,      3.4953,      0.0708,      0.0406,     11.8037,      0.1247,      5.4505,     10.9010,      1.1021,     27.5689,     55.1377,      0.0188,      0.0018,      0.0835,      0.1952,   7456.6636,-418234.0312,   -953.7458,    538.1805,  24855.5449,
       1,     166,       8,      10,       1,       3,       1,     10.0000,      1.3782,     42.2629,    242.6962,     61.0779,      3.4953,      0.1555,      0.1244,     29.6024,      0.1502,      5.4505,     10.9010,      1.3275,     27.5689,     55.1377,      0.0188,      0.0018,      0.2064,      0.1952,   7456.6636,-430701.4688,   -956.4814,    537.3418,  24855.5449,
       1,     166,       8,      11,       1,       3,       1,     10.0000,      1.3782,     42.2629,    242.6962,     61.0779,      3.4953,      0.1832,      0.1515,     31.7846,      0.1671,      5.4505,     10.9010,      1.4762,     27.5689,     55.1377,      0.0188,      0.0016,      0.2474,      0.1951,   7456.6636,-454917.5000,   -961.7993,    535.7159,  24855.5449,
       1,     166,       8,      12,       1,       3,       1,     10.0000,      1.3782,     42.2629,    242.6962,     61.0779,      3.4953,      0.1851,      0.1530,     34.1515,      0.1784,      5.4505,     10.9010,      1.5765,     27.5689,     55.1377,      0.0188,      0.0017,      0.2500,      0.1951,   7456.6636,-459873.8750,   -962.9302,    535.3865,  24855.5449,
       1,     166,       8,      13,       1,       3,       1,     10.0000,      1.3782,     42.2629,    242.6962,     61.0779,      3.4953,      0.1842,      0.1520,     23.1393,      0.1815,      5.4505,     10.9010,      1.6034,     27.5689,     55.1377,      0.0188,      0.0012,      0.2500,      0.1951,   7456.6636,-463379.6562,   -963.7534,    535.1520,  24855.5449,
       1,     166,       8,      14,       1,       3,       1,     10.0000,      1.3782,     42.2629,    242.6962,     61.0779,      3.4953,      0.1834,      0.1508,     14.2520,      0.1941,      5.4505,     10.9010,      1.7151,     27.5689,     55.1377,      0.0188,      0.0007,      0.2500,      0.1951,   7456.6636,-449370.9062,   -960.7376,    536.0891,  24855.5430,
       1,     166,       8,      15,       1,       3,       1,     10.0000,      1.3782,     42.2629,    242.6962,     61.0779,      3.4953,      0.1856,      0.1529,     42.5824,      0.1974,      5.4505,     10.9010,      1.7441,     27.5689,     55.1377,      0.0188,      0.0021,      0.2500,      0.1951,   7456.6631,-436602.2188,   -957.9590,    536.9456,  24855.5449,
       1,     166,       8,      16,       1,       3,       1,     10.0000,      1.3782,     42.2629,    242.6962,     61.0779,      3.4953,      0.1869,      0.1544,     59.5195,      0.1941,      5.4505,     10.9010,      1.7151,     27.5689,     55.1377,      0.0188,      0.0030,      0.2500,      0.1951,   7456.6636,-472300.0938,   -965.8122,    534.5504,  24855.5430,
       1,     166,       8,      17,       1,       3,       1,     10.0000,      1.3782,     42.2629,    242.6962,     61.0779,      3.4953,      0.1831,      0.1507,     78.1760,      0.1867,      5.4505,     10.9010,      1.6502,     27.5689,     55.1377,      0.0188,      0.0041,      0.2420,      0.1951,   7456.6631,-497448.7188,   -971.4412,    532.8752,  24855.5430,
       1,     166,       8,      18,       1,       3,       1,     10.0000,      1.3782,     42.2629,    242.6962,     61.0779,      3.4953,      0.1609,      0.1288,     73.3115,      0.1774,      5.4505,     10.9010,      1.5672,     27.5689,     55.1377,      0.0188,      0.0044,      0.2093,      0.1951,   7456.6631,-523904.5000,   -977.4634,    531.1157,  24855.5430,
       1,     166,       8,      19,       1,       3,       1,     10.0000,      1.3782,     42.2629,    242.6962,     61.0779,      3.4953,      0.1037,      0.0729,     47.6991,      0.1400,      5.4505,     10.9010,      1.2371,     27.5689,     55.1377,      0.0188,      0.0047,      0.1276,      0.1951,   7456.6631,-519883.7500,   -976.8900,    531.3855,  24855.5430,
       1,     166,       8,      20,       1,       3,       1,     10.0000,      1.3782,     42.2629,    242.6962,     61.0779,      3.4953,      0.0087,     -0.0216,      5.3659,      0.1269,      5.4505,     10.9010,      1.1213,     27.5689,     55.1377,      0.0188,      0.0043,      0.0156,      0.1951,   7456.6631,-486207.9688,   -928.8795,    533.6225,  24855.5977,
       1,     166,       8,      21,       1,       3,       1,     10.0000,      1.3782,     42.2629,    242.6962,     61.0779,      3.4953,      0.0000,     -0.0300,      5.4992,      0.1202,      5.4505,     10.9010,      1.0624,     27.5689,     55.1377,      0.0188,      0.0044,      0.0156,      0.1951,   7456.6797,-428239.1250,   -919.5062,    537.4938,  24855.5957,
       1,     166,       8,      22,       1,       3,       1,     10.0000,      1.3782,     42.2629,    242.6962,     61.0779,      3.4953,      0.0000,     -0.0299,      5.1405,      0.1159,      5.4505,     10.9010,      1.0241,     27.5689,     55.1377,      0.0188,      0.0041,      0.0156,      0.1951,   7456.6792,-423398.0938,   -917.8931,    537.8332,  24855.5977,
       1,     166,       8,      23,       1,       3,       1,     10.0000,      1.3782,     42.2629,    242.6962,     61.0779,      3.4953,      0.0000,     -0.0299,      4.2475,      0.1173,      5.4505,     10.9010,      1.0367,     27.5689,     55.1377,      0.0188,      0.0034,      0.0156,      0.1951,   7456.6797,-422490.9375,   -918.4630,    537.8942,  24855.5977,
       1,     166,       8,      24,       1,       3,       1,     10.0000,      1.3782,     42.2629,    242.6962,     61.0779,      3.4953,      0.0000,     -0.0301,      1.5891,      0.1212,      5.4505,     10.9010,      1.0711,     27.5689,     55.1377,      0.0188,      0.0013,      0.0156,      0.1951,   7456.6797,-421251.5625,   -917.1548,    537.9775,  24855.5977,
       1,     166,       9,       1,       1,       3,       1,     10.0000,      1.3782,     42.2633,    242.7019,     61.0794,      3.4953,      0.0000,     -0.0301,      0.3768,      0.1221,      5.4508,     10.9016,      1.0788,     27.5751,     55.1501,      0.0188,      0.0003,      0.0156,      0.1952,   7456.6797,-417844.9062,   -917.0051,    538.2192,  24856.7090,
       1,     166,       9,       2,       1,       3,       1,     10.0000,      1.3782,     42.2633,    242.7019,     61.0794,      3.4953,      0.0000,     -0.0301,      0.4851,      0.1211,      5.4508,     10.9016,      1.0701,     27.5751,     55.1501,      0.0188,      0.0004,      0.0156,      0.1952,   7457.0132,-415820.4062,   -916.4120,    538.3555,  24856.7090,
       1,     166,       9,       3,       1,       3,       1,     10.0000,      1.3782,     42.2633,    242.7019,     61.0794,      3.4953,      0.0000,     -0.0301,      0.5695,      0.1207,      5.4508,     10.9016,      1.0668,     27.5751,     55.1501,      0.0188,      0.0005,      0.0156,      0.1952,   7457.0132,-415784.1250,   -916.4391,    538.3580,  24856.7090,
       1,     166,       9,       4,       1,       3,       1,     10.0000,      1.3782,     42.2633,    242.7019,     61.0794,      3.4953,      0.0000,     -0.0302,      0.8260,      0.1232,      5.4508,     10.9016,      1.0888,     27.5751,     55.1501,      0.0188,      0.0007,      0.0156,      0.1952,   7457.0132,-415890.5000,   -916.5055,    538.3508,  24856.7090,
       1,     166,       9,       5,       1,       3,       1,     10.0000,      1.3782,     42.2633,    242.7019,     61.0794,      3.4953,      0.0000,     -0.0302,      0.6939,      0.1256,      5.4508,     10.9016,      1.1100,     27.5751,     55.1501,      0.0188,      0.0006,      0.0156,      0.1952,   7457.0132,-416232.9062,   -916.6490,    538.3278,  24856.7090,
       1,     166,       9,       6,       1,       3,       1,     10.0000,      1.3782,     42.2633,    242.7019,     61.0794,      3.4953,      0.0000,     -0.0303,      0.6355,      0.1264,      5.4508,     10.9016,      1.1168,     27.5751,     55.1501,      0.0188,      0.0005,      0.0156,      0.1952,   7457.0132,-416091.4062,   -916.6794,    538.3373,  24856.7090,
       1,     166,       9,       7,       1,       3,       1,     10.0000,      1.3782,     42.2633,    242.7019,     61.0794,      3.4953,      0.0000,     -0.0302,      0.5817,      0.1249,      5.4508,     10.9016,      1.1033,     27.5751,     55.1501,      0.0188,      0.0005,      0.0156,      0.1952,   7457.0132,-416003.0938,   -916.7098,    538.3433,  24856.7090,
       1,     166,       9,       8,       1,       3,       1,     10.0000,      1.3782,     42.2633,    242.7019,     61.0794,      3.4953,      0.0009,     -0.0291,      0.4638,      0.1184,      5.4508,     10.9016,      1.0463,     27.5751,     55.1501,      0.0188,      0.0004,      0.0156,      0.1952,   7457.0132,-415925.5000,   -916.7386,    538.3485,  24856.7090,
       1,     166,       9,       9,       1,       3,       1,     10.0000,      1.3782,     42.2633,    242.7019,     61.0794,      3.4953,      0.0634,      0.0334,      2.5634,      0.1193,      5.4508,     10.9016,      1.0538,     27.5751,     55.1501,      0.0188,      0.0004,      0.0740,      0.1952,   7457.0132,-415765.5625,   -916.7408,    538.3593,  24856.7090,
       1,     166,       9,      10,       1,       3,       1,     10.0000,      1.3782,     42.2633,    242.7019,     61.0794,      3.4953,      0.1451,      0.1133,      9.3621,      0.1699,      5.4508,     10.9016,      1.5015,     27.5751,     55.1501,      0.0188,      0.0006,      0.1933,      0.1952,   7457.0132,-418478.5312,   -917.4378,    538.1766,  24856.7090,
       1,     166,       9,      11,       1,       3,       1,     10.0000,      1.3782,     42.2633,    242.7019,     61.0794,      3.4953,      0.1812,      0.1491,     12.8227,      0.1772,      5.4508,     10.9016,      1.5656,     27.5751,     55.1501,      0.0188,      0.0007,      0.2467,      0.1952,   7457.0132,-427546.2500,   -920.2351,    537.5667,  24856.7090,
       1,     166,       9,      12,       1,       3,       1,     10.0000,      1.3782,     42.2633,    242.7019,     61.0794,      3.4953,      0.1835,      0.1512,     15.4471,      0.1868,      5.4508,     10.9016,      1.6502,     27.5751,     55.1501,      0.0188,      0.0008,      0.2500,      0.1952,   7457.0132,-432834.7500,   -922.4091,    537.2116,  24856.7090,
       1,     166,       9,      13,       1,       3,       1,     10.0000,      1.3782,     42.2633,    242.7019,     61.0794,      3.4953,      0.1832,      0.1503,     12.0624,      0.2029,      5.4508,     10.9016,      1.7930,     27.5751,     55.1501,      0.0188,      0.0006,      0.2500,      0.1952,   7457.0132,-436706.0938,   -924.3498,    536.9518,  24856.7070,
       1,     166,       9,      14,       1,       3,       1,     10.0000,      1.3782,     42.2633,    242.7019,     61.0794,      3.4953,      0.1831,      0.1497,     12.7158,      0.2214,      5.4508,     10.9016,      1.9568,     27.5751,     55.1501,      0.0188,      0.0006,      0.2500,      0.1952,   7457.0122,-432646.7812,   -925.1119,    537.2244,  24856.7090,
       1,     166,       9,      15,       1,       3,       1,     10.0000,      1.3782,     42.2633,    242.7019,     61.0794,      3.4953,      0.1878,      0.1552,     70.4954,      0.1953,      5.4508,     10.9016,      1.7253,     27.5751,     55.1501,      0.0188,      0.0035,      0.2500,      0.1952,   7457.0132,-433141.1250,   -926.5911,    537.1912,  24856.7051,
       1,     166,       9,      16,       1,       3,       1,     10.0000,      1.3782,     42.2633,    242.7019,     61.0794,      3.4953,      0.1863,      0.1535,     86.6605,      0.2017,      5.4508,     10.9016,      1.7824,     27.5751,     55.1501,      0.0188,      0.0044,      0.2460,      0.1952,   7457.0117,-508247.6250,   -933.5065,    532.1479,  24856.7090,
       1,     166,       9,      17,       1,       3,       1,     10.0000,      1.3782,     42.2633,    242.7019,     61.0794,      3.4953,      0.1836,      0.1511,     92.6847,      0.1903,      5.4508,     10.9016,      1.6815,     27.5751,     55.1501,      0.0188,      0.0048,      0.2411,      0.1951,   7457.0132,-535894.1250,   -940.7479,    530.3325,  24856.7051,
       1,     166,       9,      18,       1,       3,       1,     10.0000,      1.3782,     42.2633,    242.7019,     61.0794,      3.4953,      0.1629,      0.1306,    100.3500,      0.1827,      5.4508,     10.9016,      1.6146,     27.5751,     55.1501,      0.0188,      0.0060,      0.2092,      0.1951,   7457.0117,-546117.8125,   -941.9286,    529.6579,  24856.5996,
       1,     166,       9,      19,       1,       3,       1,     10.0000,      1.3782,     42.2633,    242.7019,     61.0794,      3.4953,      0.1028,      0.0709,     62.0285,      0.1733,      5.4508,     10.9016,      1.5317,     27.5751,     55.1501,      0.0188,      0.0063,      0.1241,      0.1950,   7456.9800,-556993.1875,   -946.1224,    528.9382,  24856.6973,
       1,     166,       9,      20,       1,       3,       1,     10.0000,      1.3782,     42.2633,    242.7019,     61.0794,      3.4953,      0.0077,     -0.0237,      5.6072,      0.1562,      5.4508,     10.9016,      1.3806,     27.5751,     55.1501,      0.0188,      0.0045,      0.0156,      0.1950,   7457.0093,-508046.0938,   -938.8903,    532.1750,  24856.6934,
       1,     166,       9,      21,       1,       3,       1,     10.0000,      1.3782,     42.2633,    242.7019,     61.0794,      3.4953,      0.0000,     -0.0309,      5.5573,      0.1432,      5.4508,     10.9016,      1.2649,     27.5751,     55.1501,      0.0188,      0.0045,      0.0156,      0.1951,   7457.0083,-430440.2812,   -925.6035,    537.3474,  24856.6914,
       1,     166,       9,      22,       1,       3,       1,     10.0000,      1.3782,     42.2633,    242.7019,     61.0794,      3.4953,      0.0000,     -0.0307,      5.2750,      0.1372,      5.4508,     10.9016,      1.2124,     27.5751,     55.1501,      0.0188,      0.0042,      0.0156,      0.1952,   7457.0078,-423683.9062,   -924.9865,    537.8264,  24856.6895,
       1,     166,       9,      23,       1,       3,       1,     10.0000,      1.3782,     42.2633,    242.7019,     61.0794,      3.4953,      0.0000,     -0.0305,      5.2342,      0.1330,      5.4508,     10.9016,      1.1750,     27.5751,     55.1501,      0.0188,      0.0042,      0.0156,      0.1952,   7457.0073,-422695.2188,   -925.3361,    537.8931,  24856.6895,
       1,     166,       9,      24,       1,       3,       1,     10.0000,      1.3782,     42.2633,    242.7019,     61.0794,      3.4953,      0.0000,     -0.0304,      4.8110,      0.1306,      5.4508,     10.9016,      1.1537,     27.5751,     55.1501,      0.0188,      0.0039,      0.0156,      0.1952,   7457.0073,-422555.6562,   -925.8192,    537.9025,  24856.6895,
       1,     166,      10,       1,       1,       3,       1,     10.0000,      1.3783,     42.2636,    242.7076,     61.0808,      3.4953,      0.0000,     -0.0305,      4.0473,      0.1334,      5.4508,     10.9015,      1.1786,     27.5806,     55.1612,      0.0188,      0.0033,      0.0156,      0.1952,   7457.0073,-422148.8125,   -926.4550,    537.9426,  24857.8047,
       1,     166,      10,       2,       1,       3,       1,     10.0000,      1.3783,     42.2636,    242.7076,     61.0808,      3.4953,      0.0000,     -0.0306,      3.3477,      0.1353,      5.4508,     10.9015,      1.1954,     27.5806,     55.1612,      0.0188,      0.0027,      0.0156,      0.1952,   7457.3418,-420968.4062,   -926.3288,    538.0219,  24857.8027,
       1,     166,      10,       3,       1,       3,       1,     10.0000,      1.3783,     42.2636,    242.7076,     61.0808,      3.4953,      0.0000,     -0.0305,      2.9866,      0.1324,      5.4508,     10.9015,      1.1702,     27.5806,     55.1612,      0.0188,      0.0024,      0.0156,      0.1952,   7457.3413,-419956.9375,   -926.4185,    538.0899,  24857.8027,
       1,     166,      10,       4,       1,       3,       1,     10.0000,      1.3783,     42.2636,    242.7076,     61.0808,      3.4953,      0.0000,     -0.0305,      2.7058,      0.1323,      5.4508,     10.9015,      1.1690,     27.5806,     55.1612,      0.0188,      0.0022,      0.0156,      0.1952,   7457.3413,-419399.5625,   -926.5504,    538.1274,  24857.8027,
       1,     166,      10,       5,       1,       3,       1,     10.0000,      1.3783,     42.2636,    242.7076,     61.0808,      3.4953,      0.0000,     -0.0306,      2.8637,      0.1349,      5.4508,     10.9015,      1.1918,     27.5806,     55.1612,      0.0188,      0.0023,      0.0156,      0.1952,   7457.3413,-418986.1875,   -926.6783,    538.1552,  24857.8027,
       1,     166,      10,       6,       1,       3,       1,     10.0000,      1.3783,     42.2636,    242.7076,     61.0808,      3.4953,      0.0000,     -0.0306,      3.1280,      0.1350,      5.4508,     10.9015,      1.1930,     27.5806,     55.1612,      0.0188,      0.0025,      0.0156,      0.1952,   7457.3413,-419155.2188,   -926.9208,    538.1439,  24857.8047,
       1,     166,      10,       7,       1,       3,       1,     10.0000,      1.3783,     42.2636,    242.7076,     61.0808,      3.4953,      0.0000,     -0.0307,      3.3911,      0.1371,      5.4508,     10.9015,      1.2112,     27.5806,     55.1612,      0.0188,      0.0027,      0.0156,      0.1952,   7457.3418,-419513.0000,   -927.2064,    538.1198,  24857.8008,
       1,     166,      10,       8,       1,       3,       1,     10.0000,      1.3783,     42.2636,    242.7076,     61.0808,      3.4953,      0.0009,     -0.0297,      2.9283,      0.1354,      5.4508,     10.9015,      1.1966,     27.5806,     55.1612,      0.0188,      0.0024,      0.0156,      0.1952,   7457.3403,-419886.4062,   -927.5140,    538.0948,  24857.8027,
       1,     166,      10,       9,       1,       3,       1,     10.0000,      1.3783,     42.2636,    242.7076,     61.0808,      3.4953,      0.0732,      0.0424,     14.9742,      0.1402,      5.4508,     10.9015,      1.2384,     27.5806,     55.1612,      0.0188,      0.0022,      0.0863,      0.1952,   7457.3413,-419317.5938,   -927.6006,    538.1329,  24857.8027,
       1,     166,      10,      10,       1,       3,       1,     10.0000,      1.3783,     42.2636,    242.7076,     61.0808,      3.4953,      0.1605,      0.1291,     42.3132,      0.1562,      5.4508,     10.9015,      1.3806,     27.5806,     55.1612,      0.0188,      0.0025,      0.2123,      0.1952,   7457.3413,-434912.1250,   -930.7668,    537.0839,  24857.8008,
       1,     166,      10,      11,       1,       3,       1,     10.0000,      1.3783,     42.2636,    242.7076,     61.0808,      3.4953,      0.1781,      0.1463,     46.7569,      0.1710,      5.4508,     10.9015,      1.5106,     27.5806,     55.1612,      0.0188,      0.0025,      0.2381,      0.1952,   7457.3403,-471790.9375,   -938.2031,    534.6091,  24857.8008,
       1,     166,      10,      12,       1,       3,       1,     10.0000,      1.3783,     42.2636,    242.7076,     61.0808,      3.4953,      0.1822,      0.1499,     51.0395,      0.1873,      5.4508,     10.9015,      1.6551,     27.5806,     55.1612,      0.0188,      0.0026,      0.2439,      0.1952,   7457.3403,-480799.2188,   -940.6020,    534.0128,  24857.8027,
       1,     166,      10,      13,       1,       3,       1,     10.0000,      1.3783,     42.2636,    242.7076,     61.0808,      3.4953,      0.1862,      0.1536,     50.4306,      0.1960,      5.4508,     10.9015,      1.7322,     27.5806,     55.1612,      0.0188,      0.0025,      0.2500,      0.1951,   7457.3413,-487144.2500,   -942.5413,    533.5896,  24857.7949,
       1,     166,      10,      14,       1,       3,       1,     10.0000,      1.3783,     42.2636,    242.7076,     61.0808,      3.4953,      0.1819,      0.1500,     47.1294,      0.1734,      5.4508,     10.9015,      1.5318,     27.5806,     55.1612,      0.0188,      0.0024,      0.2437,      0.1951,   7457.3389,-486906.1562,   -943.2697,    533.6057,  24857.7930,
       1,     166,      10,      15,       1,       3,       1,     10.0000,      1.3783,     42.2636,    242.7076,     61.0808,      3.4953,      0.1870,      0.1558,     55.6541,      0.1505,      5.4508,     10.9015,      1.3303,     27.5806,     55.1612,      0.0188,      0.0028,      0.2500,      0.1951,   7457.3384,-482593.9375,   -943.0585,    533.8933,  24857.7930,
       1,     166,      10,      16,       1,       3,       1,     10.0000,      1.3783,     42.2636,    242.7076,     61.0808,      3.4953,      0.1868,      0.1557,     69.0372,      0.1465,      5.4508,     10.9015,      1.2946,     27.5806,     55.1612,      0.0188,      0.0035,      0.2480,      0.1951,   7457.3384,-493300.2188,   -945.7380,    533.1788,  24857.7910,
       1,     166,      10,      17,       1,       3,       1,     10.0000,      1.3783,     42.2636,    242.7076,     61.0808,      3.4953,      0.1863,      0.1547,     92.2769,      0.1610,      5.4508,     10.9015,      1.4227,     27.5806,     55.1612,      0.0188,      0.0047,      0.2448,      0.1951,   7457.3374,-511634.2812,   -949.8840,    531.9575,  24857.7852,
       1,     166,      10,      18,       1,       3,       1,     10.0000,      1.3783,     42.2636,    242.7076,     61.0808,      3.4953,      0.1549,      0.1231,     88.4958,      0.1693,      5.4508,     10.9015,      1.4956,     27.5806,     55.1612,      0.0188,      0.0056,      0.1986,      0.1951,   7457.3359,-543458.5000,   -956.7343,    529.8427,  24857.7852,
       1,     166,      10,      19,       1,       3,       1,     10.0000,      1.3783,     42.2636,    242.7076,     61.0808,      3.4953,      0.0988,      0.0672,     45.6999,      0.1631,      5.4508,     10.9015,      1.4413,     27.5806,     55.1612,      0.0188,      0.0048,      0.1202,      0.1951,   7457.3359,-541318.8750,   -957.0976,    529.9885,  24857.7832,
       1,     166,      10,      20,       1,       3,       1,     10.0000,      1.3783,     42.2636,    242.7076,     61.0808,      3.4953,      0.0080,     -0.0231,      4.2962,      0.1473,      5.4508,     10.9015,      1.3012,     27.5806,     55.1612,      0.0188,      0.0035,      0.0156,      0.1951,   7457.3354,-485442.8125,   -946.9393,    533.6903,  24857.7754,
       1,     166,      10,      21,       1,       3,       1,     10.0000,      1.3783,     42.2636,    242.7076,     61.0808,      3.4953,      0.0000,     -0.0309,      4.0886,      0.1417,      5.4508,     10.9015,      1.2523,     27.5806,     55.1612,      0.0188,      0.0033,      0.0156,      0.1951,   7457.3330,-426802.1562,   -935.9089,    537.6153,  24857.7754,
       1,     166,      10,      22,       1,       3,       1,     10.0000,      1.3783,     42.2636,    242.7076,     61.0808,      3.4953,      0.0000,     -0.0306,      4.3044,      0.1353,      5.4508,     10.9015,      1.1954,     27.5806,     55.1612,      0.0188,      0.0035,      0.0156,      0.1952,   7457.3330,-421450.5000,   -934.9576,    537.9894,  24857.7754,
       1,     166,      10,      23,       1,       3,       1,     10.0000,      1.3783,     42.2636,    242.7076,     61.0808,      3.4953,      0.0000,     -0.0305,      4.1892,      0.1330,      5.4508,     10.9015,      1.1750,     27.5806,     55.1612,      0.0188,      0.0034,      0.0156,      0.1952,   7457.3330,-421244.8750,   -934.9799,    538.0033,  24857.7734,
       1,     166,      10,      24,       1,       3,       1,     10.0000,      1.3783,     42.2636,    242.7076,     61.0808,      3.4953,      0.0000,     -0.0305,      4.2726,      0.1330,      5.4508,     10.9015,      1.1750,     27.5806,     55.1612,      0.0188,      0.0034,      0.0156,      0.1952,   7457.3325,-421077.5938,   -935.0034,    538.0146,  24857.7715,
       1,     166,      11,       1,       1,       3,       1,     10.0000,      1.3783,     42.2639,    242.7133,     61.0822,      3.4953,      0.0000,     -0.0306,      3.6412,      0.1342,      5.4512,     10.9025,      1.1858,     27.5865,     55.1730,      0.0188,      0.0029,      0.0156,      0.1952,   7457.3315,-421326.2500,   -935.3820,    538.0104,  24858.8848,
       1,     166,      11,       2,       1,       3,       1,     10.0000,      1.3783,     42.2639,    242.7133,     61.0822,      3.4953,      0.0000,     -0.0306,      3.1894,      0.1343,      5.4512,     10.9025,      1.1870,     27.5865,     55.1730,      0.0188,      0.0026,      0.0156,      0.1952,   7457.6655,-420375.5000,   -934.9682,    538.0743,  24858.8848,
       1,     166,      11,       3,       1,       3,       1,     10.0000,      1.3783,     42.2639,    242.7133,     61.0822,      3.4953,      0.0000,     -0.0306,      2.5035,      0.1351,      5.4512,     10.9025,      1.1942,     27.5865,     55.1730,      0.0188,      0.0020,      0.0156,      0.1952,   7457.6655,-419705.8125,   -934.8730,    538.1194,  24858.8848,
       1,     166,      11,       4,       1,       3,       1,     10.0000,      1.3783,     42.2639,    242.7133,     61.0822,      3.4953,      0.0000,     -0.0304,      2.1065,      0.1300,      5.4512,     10.9025,      1.1491,     27.5865,     55.1730,      0.0188,      0.0017,      0.0156,      0.1952,   7457.6655,-418756.5000,   -934.7158,    538.1832,  24858.8887,
       1,     166,      11,       5,       1,       3,       1,     10.0000,      1.3783,     42.2639,    242.7133,     61.0822,      3.4953,      0.0000,     -0.0303,      2.0337,      0.1267,      5.4512,     10.9025,      1.1191,     27.5865,     55.1730,      0.0188,      0.0016,      0.0156,      0.1952,   7457.6670,-418157.5625,   -934.6190,    538.2236,  24858.8867,
       1,     166,      11,       6,       1,       3,       1,     10.0000,      1.3783,     42.2639,    242.7133,     61.0822,      3.4953,      0.0000,     -0.0300,      1.9127,      0.1189,      5.4512,     10.9025,      1.0506,     27.5865,     55.1730,      0.0188,      0.0015,      0.0156,      0.1952,   7457.6665,-418011.1250,   -934.6090,    538.2335,  24858.8867,
       1,     166,      11,       7,       1,       3,       1,     10.0000,      1.3783,     42.2639,    242.7133,     61.0822,      3.4953,      0.0000,     -0.0300,      1.7027,      0.1195,      5.4512,     10.9025,      1.0560,     27.5865,     55.1730,      0.0188,      0.0014,      0.0156,      0.1952,   7457.6665,-417841.0625,   -934.5919,    538.2448,  24858.8848,
       1,     166,      11,       8,       1,       3,       1,     10.0000,      1.3783,     42.2639,    242.7133,     61.0822,      3.4953,      0.0010,     -0.0288,      1.7480,      0.1130,      5.4512,     10.9025,      0.9983,     27.5865,     55.1730,      0.0188,      0.0014,      0.0156,      0.1952,   7457.6655,-417553.7812,   -934.5504,    538.2642,  24858.8828,
       1,     166,      11,       9,       1,       3,       1,     10.0000,      1.3783,     42.2639,    242.7133,     61.0822,      3.4953,      0.0698,      0.0396,      9.9290,      0.1231,      5.4512,     10.9025,      1.0877,     27.5865,     55.1730,      0.0188,      0.0015,      0.0824,      0.1952,   7457.6650,-417587.7500,   -934.5699,    538.2619,  24858.8848,
       1,     166,      11,      10,       1,       3,       1,     10.0000,      1.3783,     42.2639,    242.7133,     61.0822,      3.4953,      0.1566,      0.1255,     30.1019,      0.1492,      5.4512,     10.9025,      1.3183,     27.5865,     55.1730,      0.0188,      0.0018,      0.2080,      0.1952,   7457.6655,-428213.6562,   -936.6611,    537.5469,  24858.8848,
       1,     166,      11,      11,       1,       3,       1,     10.0000,      1.3783,     42.2639,    242.7133,     61.0822,      3.4953,      0.1835,      0.1518,     32.0221,      0.1656,      5.4512,     10.9025,      1.4631,     27.5865,     55.1730,      0.0188,      0.0016,      0.2477,      0.1952,   7457.6655,-455342.1875,   -942.0300,    535.7245,  24858.8848,
       1,     166,      11,      12,       1,       3,       1,     10.0000,      1.3783,     42.2639,    242.7133,     61.0822,      3.4953,      0.1857,      0.1537,     41.9323,      0.1760,      5.4512,     10.9025,      1.5549,     27.5865,     55.1730,      0.0188,      0.0021,      0.2500,      0.1952,   7457.6655,-460213.2188,   -943.1526,    535.4014,  24858.8828,
       1,     166,      11,      13,       1,       3,       1,     10.0000,      1.3783,     42.2639,    242.7133,     61.0822,      3.4953,      0.1851,      0.1530,     34.9240,      0.1783,      5.4512,     10.9025,      1.5751,     27.5865,     55.1730,      0.0188,      0.0018,      0.2500,      0.1952,   7457.6650,-473510.8750,   -945.9330,    534.5117,  24858.8809,
       1,     166,      11,      14,       1,       3,       1,     10.0000,      1.3783,     42.2639,    242.7133,     61.0822,      3.4953,      0.1861,      0.1542,     47.2420,      0.1746,      5.4512,     10.9025,      1.5425,     27.5865,     55.1730,      0.0188,      0.0024,      0.2500,      0.1952,   7457.6646,-465563.9375,   -944.5837,    535.0433,  24858.8809,
       1,     166,      11,      15,       1,       3,       1,     10.0000,      1.3783,     42.2639,    242.7133,     61.0822,      3.4953,      0.1876,      0.1556,     66.3104,      0.1761,      5.4512,     10.9025,      1.5564,     27.5865,     55.1730,      0.0188,      0.0033,      0.2500,      0.1952,   7457.6646,-480878.2188,   -947.7584,    534.0193,  24858.8789,
       1,     166,      11,      16,       1,       3,       1,     10.0000,      1.3783,     42.2639,    242.7133,     61.0822,      3.4953,      0.1887,      0.1568,     79.7238,      0.1728,      5.4512,     10.9025,      1.5272,     27.5865,     55.1730,      0.0188,      0.0040,      0.2500,      0.1952,   7457.6641,-506999.5000,   -953.0974,    532.2767,  24858.8770,
       1,     166,      11,      17,       1,       3,       1,     10.0000,      1.3783,     42.2639,    242.7133,     61.0822,      3.4953,      0.1782,      0.1459,     89.0899,      0.1833,      5.4512,     10.9025,      1.6195,     27.5865,     55.1730,      0.0188,      0.0048,      0.2333,      0.1951,   7457.6636,-526722.3125,   -957.2747,    530.9672,  24858.8770,
       1,     166,      11,      18,       1,       3,       1,     10.0000,      1.3783,     42.2639,    242.7133,     61.0822,      3.4953,      0.1604,      0.1285,     77.6770,      0.1725,      5.4512,     10.9025,      1.5242,     27.5865,     55.1730,      0.0188,      0.0047,      0.2081,      0.1951,   7457.6636,-540622.2500,   -960.4019,    530.0463,  24858.8789,
       1,     166,      11,      19,       1,       3,       1,     10.0000,      1.3783,     42.2639,    242.7133,     61.0822,      3.4953,      0.0838,      0.0523,     34.2023,      0.1620,      5.4512,     10.9025,      1.4313,     27.5865,     55.1730,      0.0188,      0.0043,      0.0993,      0.1951,   7457.6641,-526982.9375,   -958.1334,    530.9508,  24858.8770,
       1,     166,      11,      20,       1,       3,       1,     10.0000,      1.3783,     42.2639,    242.7133,     61.0822,      3.4953,      0.0081,     -0.0231,      4.8735,      0.1512,      5.4512,     10.9025,      1.3357,     27.5865,     55.1730,      0.0188,      0.0039,      0.0156,      0.1951,   7457.6636,-469250.9375,   -947.0427,    534.7831,  24858.8789,
       1,     166,      11,      21,       1,       3,       1,     10.0000,      1.3783,     42.2639,    242.7133,     61.0822,      3.4953,      0.0000,     -0.0309,      4.3629,      0.1427,      5.4512,     10.9025,      1.2612,     27.5865,     55.1730,      0.0188,      0.0035,      0.0156,      0.1952,   7457.6641,-426159.3750,   -938.6151,    537.6776,  24858.8770,
       1,     166,      11,      22,       1,       3,       1,     10.0000,      1.3783,     42.2639,    242.7133,     61.0822,      3.4953,      0.0000,     -0.0308,      5.1753,      0.1400,      5.4512,     10.9025,      1.2372,     27.5865,     55.1730,      0.0188,      0.0042,      0.0156,      0.1952,   7457.6636,-421745.6875,   -937.7241,    537.9821,  24858.8770,
       1,     166,      11,      23,       1,       3,       1,     10.0000,      1.3783,     42.2639,    242.7133,     61.0822,      3.4953,      0.0000,     -0.0307,      4.8078,      0.1385,      5.4512,     10.9025,      1.2236,     27.5865,     55.1730,      0.0188,      0.0039,      0.0156,      0.1952,   7457.6636,-422405.3438,   -937.8140,    537.9379,  24858.8770,
       1,     166,      11,      24,       1,       3,       1,     10.0000,      1.3783,     42.2639,    242.7133,     61.0822,      3.4953,      0.0000,     -0.0307,      4.5522,      0.1369,      5.4512,     10.9025,      1.2100,     27.5865,     55.1730,      0.0188,      0.0037,      0.0156,      0.1952,   7457.6636,-421985.5000,   -937.6957,    537.9661,  24858.8789,
       1,     166,      12,       1,       1,       3,       1,     10.0000,      1.3783,     42.2643,    242.7191,     61.0837,      3.4953,      0.0000,     -0.0305,      3.6405,      0.1320,      5.4512,     10.9024,      1.1667,     27.5922,     55.1844,      0.0188,      0.0029,      0.0156,      0.1953,   7457.6641,-421771.6250,   -937.9048,    537.9930,  24859.9902,
       1,     166,      12,       2,       1,       3,       1,     10.0000,      1.3783,     42.2643,    242.7191,     61.0837,      3.4953,      0.0000,     -0.0303,      2.7789,      0.1269,      5.4512,     10.9024,      1.1214,     27.5922,     55.1844,      0.0188,      0.0022,      0.0156,      0.1953,   7457.9976,-420416.8125,   -937.3331,    538.0842,  24859.9922,
       1,     166,      12,       3,       1,       3,       1,     10.0000,      1.3783,     42.2643,    242.7191,     61.0837,      3.4953,      0.0000,     -0.0303,      2.4393,      0.1274,      5.4512,     10.9024,      1.1260,     27.5922,     55.1844,      0.0188,      0.0020,      0.0156,      0.1953,   7457.9980,-419179.5938,   -937.0723,    538.1674,  24859.9902,
       1,     166,      12,       4,       1,       3,       1,     10.0000,      1.3783,     42.2643,    242.7191,     61.0837,      3.4953,      0.0000,     -0.0301,      2.1113,      0.1220,      5.4512,     10.9024,      1.0778,     27.5922,     55.1844,      0.0188,      0.0017,      0.0156,      0.1953,   7457.9976,-418630.6875,   -936.9470,    538.2043,  24859.9883,
       1,     166,      12,       5,       1,       3,       1,     10.0000,      1.3783,     42.2643,    242.7191,     61.0837,      3.4953,      0.0000,     -0.0301,      1.9229,      0.1205,      5.4512,     10.9024,      1.0647,     27.5922,     55.1844,      0.0188,      0.0015,      0.0156,      0.1953,   7457.9966,-418157.0625,   -936.8392,    538.2362,  24859.9902,
       1,     166,      12,       6,       1,       3,       1,     10.0000,      1.3783,     42.2643,    242.7191,     61.0837,      3.4953,      0.0000,     -0.0301,      1.6146,      0.1222,      5.4512,     10.9024,      1.0800,     27.5922,     55.1844,      0.0188,      0.0013,      0.0156,      0.1953,   7457.9976,-417870.8750,   -936.7683,    538.2554,  24859.9883,
       1,     166,      12,       7,       1,       3,       1,     10.0000,      1.3783,     42.2643,    242.7191,     61.0837,      3.4953,      0.0000,     -0.0301,      1.0433,      0.1216,      5.4512,     10.9024,      1.0745,     27.5922,     55.1844,      0.0188,      0.0008,      0.0156,      0.1953,   7457.9966,-417445.7812,   -936.6735,    538.2841,  24859.9902,
       1,     166,      12,       8,       1,       3,       1,     10.0000,      1.3783,     42.2643,    242.7191,     61.0837,      3.4953,      0.0006,     -0.0292,      1.2229,      0.1131,      5.4512,     10.9024,      0.9993,     27.5922,     55.1844,      0.0188,      0.0010,      0.0156,      0.1953,   7457.9976,-416666.7188,   -936.5145,    538.3365,  24859.9902,
       1,     166,      12,       9,       1,       3,       1,     10.0000,      1.3783,     42.2643,    242.7191,     61.0837,      3.4953,      0.0569,      0.0269,      4.3072,      0.1176,      5.4512,     10.9024,      1.0389,     27.5922,     55.1844,      0.0188,      0.0008,      0.0642,      0.1953,   7457.9976,-416831.7812,   -936.5390,    538.3254,  24859.9883,
       1,     166,      12,      10,       1,       3,       1,     10.0000,      1.3783,     42.2643,    242.7191,     61.0837,      3.4953,      0.0941,      0.0632,      9.5727,      0.1446,      5.4512,     10.9024,      1.2778,     27.5922,     55.1844,      0.0188,      0.0010,      0.1178,      0.1953,   7457.9966,-420850.8750,   -937.3250,    538.0549,  24859.9902,
       1,     166,      12,      11,       1,       3,       1,     10.0000,      1.3783,     42.2643,    242.7191,     61.0837,      3.4953,      0.1419,      0.1103,     24.5483,      0.1635,      5.4512,     10.9024,      1.4443,     27.5922,     55.1844,      0.0188,      0.0017,      0.1867,      0.1953,   7457.9976,-428038.9062,   -938.7481,    537.5715,  24859.9883,
       1,     166,      12,      12,       1,       3,       1,     10.0000,      1.3783,     42.2643,    242.7191,     61.0837,      3.4953,      0.1855,      0.1533,     39.9249,      0.1817,      5.4512,     10.9024,      1.6051,     27.5922,     55.1844,      0.0188,      0.0020,      0.2500,      0.1952,   7457.9966,-448114.1875,   -942.7443,    536.2228,  24859.9922,
       1,     166,      12,      13,       1,       3,       1,     10.0000,      1.3783,     42.2643,    242.7191,     61.0837,      3.4953,      0.1856,      0.1531,     41.2308,      0.1903,      5.4512,     10.9024,      1.6816,     27.5922,     55.1844,      0.0188,      0.0021,      0.2500,      0.1952,   7457.9980,-469843.8438,   -947.0807,    534.7680,  24859.9902,
       1,     166,      12,      14,       1,       3,       1,     10.0000,      1.3783,     42.2643,    242.7191,     61.0837,      3.4953,      0.1859,      0.1533,     45.9781,      0.1935,      5.4512,     10.9024,      1.7102,     27.5922,     55.1844,      0.0188,      0.0023,      0.2500,      0.1952,   7457.9976,-473438.8125,   -947.8607,    534.5296,  24859.9883,
       1,     166,      12,      15,       1,       3,       1,     10.0000,      1.3783,     42.2643,    242.7191,     61.0837,      3.4953,      0.1889,      0.1561,     84.6386,      0.2001,      5.4512,     10.9024,      1.7685,     27.5922,     55.1844,      0.0188,      0.0043,      0.2500,      0.1952,   7457.9966,-479918.6562,   -949.2241,    534.0967,  24859.9863,
       1,     166,      12,      16,       1,       3,       1,     10.0000,      1.3783,     42.2643,    242.7191,     61.0837,      3.4953,      0.1905,      0.1576,    106.6388,      0.2059,      5.4512,     10.9024,      1.8198,     27.5922,     55.1844,      0.0188,      0.0054,      0.2500,      0.1952,   7457.9961,-530725.9375,   -959.4821,    530.7050,  24859.9883,
       1,     166,      12,      17,       1,       3,       1,     10.0000,      1.3783,     42.2643,    242.7191,     61.0837,      3.4953,      0.1847,      0.1521,    120.9934,      0.1970,      5.4512,     10.9024,      1.7408,     27.5922,     55.1844,      0.0188,      0.0063,      0.2395,      0.1951,   7457.9966,-563796.0625,   -966.3926,    528.5219,  24859.9863,
       1,     166,      12,      18,       1,       3,       1,     10.0000,      1.3783,     42.2643,    242.7191,     61.0837,      3.4953,      0.1661,      0.1337,    114.5154,      0.1871,      5.4512,     10.9024,      1.6536,     27.5922,     55.1844,      0.0188,      0.0068,      0.2124,      0.1951,   7457.9961,-585353.6250,   -971.1605,    527.1021,  24859.9883,
       1,     166,      12,      19,       1,       3,       1,     10.0000,      1.3783,     42.2643,    242.7191,     61.0837,      3.4953,      0.1084,      0.0765,     62.2651,      0.1716,      5.4512,     10.9024,      1.5167,     27.5922,     55.1844,      0.0188,      0.0059,      0.1325,      0.1951,   7457.9966,-578795.3750,   -970.3700,    527.5361,  24859.9883,
       1,     166,      12,      20,       1,       3,       1,     10.0000,      1.3783,     42.2643,    242.7191,     61.0837,      3.4953,      0.0073,     -0.0241,      7.4469,      0.1569,      5.4512,     10.9024,      1.3862,     27.5922,     55.1844,      0.0188,      0.0060,      0.0156,      0.1951,   7457.9966,-510208.9688,   -957.0161,    532.0590,  24859.9863,
       1,     166,      12,      21,       1,       3,       1,     10.0000,      1.3783,     42.2643,    242.7191,     61.0837,      3.4953,      0.0000,     -0.0310,      7.6763,      0.1461,      5.4512,     10.9024,      1.2908,     27.5922,     55.1844,      0.0188,      0.0062,      0.0156,      0.1952,   7457.9961,-433039.9062,   -941.5981,    537.2109,  24859.9863,
       1,     166,      12,      22,       1,       3,       1,     10.0000,      1.3783,     42.2643,    242.7191,     61.0837,      3.4953,      0.0000,     -0.0308,      7.4651,      0.1389,      5.4512,     10.9024,      1.2273,     27.5922,     55.1844,      0.0188,      0.0060,      0.0156,      0.1952,   7457.9961,-426673.5625,   -940.2388,    537.6633,  24859.9863,
       1,     166,      12,      23,       1,       3,       1,     10.0000,      1.3783,     42.2643,    242.7191,     61.0837,      3.4953,      0.0000,     -0.0306,      6.7049,      0.1342,      5.4512,     10.9024,      1.1858,     27.5922,     55.1844,      0.0188,      0.0054,      0.0156,      0.1952,   7457.9961,-425811.6562,   -939.9787,    537.7215,  24859.9863,
       1,     166,      12,      24,       1,       3,       1,     10.0000,      1.3783,     42.2643,    242.7191,     61.0837,      3.4953,      0.0000,     -0.0303,      5.6419,      0.1276,      5.4512,     10.9024,      1.1272,     27.5922,     55.1844,      0.0188,      0.0045,      0.0156,      0.1952,   7457.9961,-424749.0312,   -939.6902,    537.7928,  24859.9863,
       1,     166,      13,       1,       1,       3,       1,     10.0000,      1.3783,     42.2646,    242.7248,     61.0851,      3.4953,      0.0000,     -0.0304,      5.1077,      0.1298,      5.4515,     10.9030,      1.1468,     27.5959,     55.1918,      0.0188,      0.0041,      0.0156,      0.1953,   7457.9961,-423431.2188,   -939.6603,    537.8942,  24861.1016,
       1,     166,      13,       2,       1,       3,       1,     10.0000,      1.3783,     42.2646,    242.7248,     61.0851,      3.4953,      0.0000,     -0.0303,      3.9132,      0.1273,      5.4515,     10.9030,      1.1249,     27.5959,     55.1918,      0.0188,      0.0032,      0.0156,      0.1953,   7458.3306,-422469.5000,   -939.1243,    537.9589,  24861.1035,
       1,     166,      13,       3,       1,       3,       1,     10.0000,      1.3783,     42.2646,    242.7248,     61.0851,      3.4953,      0.0000,     -0.0304,      3.3653,      0.1303,      5.4515,     10.9030,      1.1515,     27.5959,     55.1918,      0.0188,      0.0027,      0.0156,      0.1953,   7458.3315,-420834.4688,   -938.7542,    538.0688,  24861.1035,
       1,     166,      13,       4,       1,       3,       1,     10.0000,      1.3783,     42.2646,    242.7248,     61.0851,      3.4953,      0.0000,     -0.0305,      3.1924,      0.1324,      5.4515,     10.9030,      1.1703,     27.5959,     55.1918,      0.0188,      0.0026,      0.0156,      0.1953,   7458.3315,-419980.2812,   -938.5475,    538.1263,  24861.1035,
       1,     166,      13,       5,       1,       3,       1,     10.0000,      1.3783,     42.2646,    242.7248,     61.0851,      3.4953,      0.0000,     -0.0306,      2.7799,      0.1333,      5.4515,     10.9030,      1.1775,     27.5959,     55.1918,      0.0188,      0.0022,      0.0156,      0.1953,   7458.3315,-419681.2188,   -938.4543,    538.1464,  24861.1035,
       1,     166,      13,       6,       1,       3,       1,     10.0000,      1.3783,     42.2646,    242.7248,     61.0851,      3.4953,      0.0000,     -0.0306,      2.8894,      0.1335,      5.4515,     10.9030,      1.1798,     27.5959,     55.1918,      0.0188,      0.0023,      0.0156,      0.1953,   7458.3315,-419119.7188,   -938.3141,    538.1841,  24861.1055,
       1,     166,      13,       7,       1,       3,       1,     10.0000,      1.3783,     42.2646,    242.7248,     61.0851,      3.4953,      0.0000,     -0.0305,      2.6011,      0.1327,      5.4515,     10.9030,      1.1727,     27.5959,     55.1918,      0.0188,      0.0021,      0.0156,      0.1953,   7458.3320,-419212.5625,   -938.3024,    538.1779,  24861.1035,
       1,     166,      13,       8,       1,       3,       1,     10.0000,      1.3783,     42.2646,    242.7248,     61.0851,      3.4953,      0.0009,     -0.0294,      2.4705,      0.1258,      5.4515,     10.9030,      1.1113,     27.5959,     55.1918,      0.0188,      0.0020,      0.0156,      0.1953,   7458.3315,-418846.5000,   -938.2042,    538.2025,  24861.1035,
       1,     166,      13,       9,       1,       3,       1,     10.0000,      1.3783,     42.2646,    242.7248,     61.0851,      3.4953,      0.0758,      0.0457,     14.4808,      0.1224,      5.4515,     10.9030,      1.0811,     27.5959,     55.1918,      0.0188,      0.0020,      0.0907,      0.1953,   7458.3315,-418645.0938,   -938.1412,    538.2161,  24861.1016,
       1,     166,      13,      10,       1,       3,       1,     10.0000,      1.3783,     42.2646,    242.7248,     61.0851,      3.4953,      0.1595,      0.1283,     37.9432,      0.1518,      5.4515,     10.9030,      1.3411,     27.5959,     55.1918,      0.0188,      0.0023,      0.2113,      0.1953,   7458.3306,-434219.8750,   -941.2777,    537.1683,  24861.1016,
       1,     166,      13,      11,       1,       3,       1,     10.0000,      1.3783,     42.2646,    242.7248,     61.0851,      3.4953,      0.1848,      0.1530,     49.7468,      0.1691,      5.4515,     10.9030,      1.4942,     27.5959,     55.1918,      0.0188,      0.0025,      0.2476,      0.1953,   7458.3306,-466049.3750,   -947.7470,    535.0322,  24861.1016,
       1,     166,      13,      12,       1,       3,       1,     10.0000,      1.3783,     42.2646,    242.7248,     61.0851,      3.4953,      0.1864,      0.1541,     51.5134,      0.1840,      5.4515,     10.9030,      1.6260,     27.5959,     55.1918,      0.0188,      0.0026,      0.2500,      0.1952,   7458.3306,-484171.1562,   -951.5075,    533.8243,  24861.1035,
       1,     166,      13,      13,       1,       3,       1,     10.0000,      1.3783,     42.2646,    242.7248,     61.0851,      3.4953,      0.1851,      0.1525,     35.1198,      0.1922,      5.4515,     10.9030,      1.6984,     27.5959,     55.1918,      0.0188,      0.0018,      0.2500,      0.1952,   7458.3315,-488043.6250,   -952.4067,    533.5673,  24861.1016,
       1,     166,      13,      14,       1,       3,       1,     10.0000,      1.3783,     42.2646,    242.7248,     61.0851,      3.4953,      0.1844,      0.1518,     26.3526,      0.1943,      5.4515,     10.9030,      1.7170,     27.5959,     55.1918,      0.0188,      0.0013,      0.2500,      0.1952,   7458.3306,-467074.5625,   -948.2350,    534.9659,  24861.1016,
       1,     166,      13,      15,       1,       3,       1,     10.0000,      1.3783,     42.2646,    242.7248,     61.0851,      3.4953,      0.1878,      0.1552,     69.7485,      0.1937,      5.4515,     10.9030,      1.7119,     27.5959,     55.1918,      0.0188,      0.0035,      0.2500,      0.1952,   7458.3306,-453864.9062,   -945.5532,    535.8511,  24861.1016,
       1,     166,      13,      16,       1,       3,       1,     10.0000,      1.3783,     42.2646,    242.7248,     61.0851,      3.4953,      0.1893,      0.1569,     89.2465,      0.1883,      5.4515,     10.9030,      1.6635,     27.5959,     55.1918,      0.0188,      0.0045,      0.2500,      0.1953,   7458.3306,-509080.7812,   -956.8170,    532.1534,  24861.1035,
       1,     166,      13,      17,       1,       3,       1,     10.0000,      1.3783,     42.2646,    242.7248,     61.0851,      3.4953,      0.1876,      0.1556,    108.5312,      0.1774,      5.4515,     10.9030,      1.5673,     27.5959,     55.1918,      0.0188,      0.0056,      0.2451,      0.1952,   7458.3315,-539276.4375,   -963.1893,    530.1575,  24861.1016,
       1,     166,      13,      18,       1,       3,       1,     10.0000,      1.3783,     42.2646,    242.7248,     61.0851,      3.4953,      0.1693,      0.1373,    111.2427,      0.1742,      5.4515,     10.9030,      1.5395,     27.5959,     55.1918,      0.0188,      0.0064,      0.2174,      0.1952,   7458.3306,-566981.5625,   -969.2033,    528.3253,  24861.1035,
       1,     166,      13,      19,       1,       3,       1,     10.0000,      1.3783,     42.2646,    242.7248,     61.0851,      3.4953,      0.1123,      0.0806,     75.3390,      0.1651,      5.4515,     10.9030,      1.4588,     27.5959,     55.1918,      0.0188,      0.0069,      0.1368,      0.1951,   7458.3315,-572924.0625,   -970.8898,    527.9360,  24861.1035,
       1,     166,      13,      20,       1,       3,       1,     10.0000,      1.3783,     42.2646,    242.7248,     61.0851,      3.4953,      0.0068,     -0.0244,      7.2106,      0.1510,      5.4515,     10.9030,      1.3344,     27.5959,     55.1918,      0.0188,      0.0058,      0.0156,      0.1951,   7458.3315,-526711.7500,   -961.8806,    530.9858,  24861.1035,
       1,     166,      13,      21,       1,       3,       1,     10.0000,      1.3783,     42.2646,    242.7248,     61.0851,      3.4953,      0.0000,     -0.0310,      6.4309,      0.1449,      5.4515,     10.9030,      1.2805,     27.5959,     55.1918,      0.0188,      0.0052,      0.0156,      0.1952,   7458.3315,-434131.9062,   -943.1118,    537.1394,  24861.1035,
       1,     166,      13,      22,       1,       3,       1,     10.0000,      1.3783,     42.2646,    242.7248,     61.0851,      3.4953,      0.0000,     -0.0309,      5.4690,      0.1433,      5.4515,     10.9030,      1.2663,     27.5959,     55.1918,      0.0188,      0.0044,      0.0156,      0.1953,   7458.3315,-425167.0625,   -941.2416,    537.7772,  24861.1035,
       1,     166,      13,      23,       1,       3,       1,     10.0000,      1.3783,     42.2646,    242.7248,     61.0851,      3.4953,      0.0000,     -0.0309,      5.5427,      0.1436,      5.4515,     10.9030,      1.2689,     27.5959,     55.1918,      0.0188,      0.0045,      0.0156,      0.1953,   7458.3315,-423090.3125,   -940.7748,    537.9171,  24861.1035,
       1,     166,      13,      24,       1,       3,       1,     10.0000,      1.3783,     42.2646,    242.7248,     61.0851,      3.4953,      0.0000,     -0.0308,      4.7316,      0.1389,      5.4515,     10.9030,      1.2273,     27.5959,     55.1918,      0.0188,      0.0038,      0.0156,      0.1953,   7458.3315,-423004.2500,   -940.7116,    537.9229,  24861.1035,
       1,     166,      14,       1,       1,       3,       1,     10.0000,      1.3783,     42.2649,    242.7305,     61.0865,      3.4953,      0.0000,     -0.0307,      3.6812,      0.1371,      5.4515,     10.9030,      1.2113,     27.6028,     55.2057,      0.0188,      0.0030,      0.0156,      0.1953,   7458.3315,-422098.7188,   -940.7883,    537.9965,  24862.2168,
       1,     166,      14,       2,       1,       3,       1,     10.0000,      1.3783,     42.2649,    242.7305,     61.0865,      3.4953,      0.0000,     -0.0307,      3.2023,      0.1360,      5.4515,     10.9030,      1.2016,     27.6028,     55.2057,      0.0188,      0.0026,      0.0156,      0.1953,   7458.6655,-420503.4688,   -940.1444,    538.1037,  24862.2168,
       1,     166,      14,       3,       1,       3,       1,     10.0000,      1.3783,     42.2649,    242.7305,     61.0865,      3.4953,      0.0000,     -0.0306,      2.9293,      0.1334,      5.4515,     10.9030,      1.1787,     27.6028,     55.2057,      0.0188,      0.0024,      0.0156,      0.1953,   7458.6655,-419742.6562,   -939.9675,    538.1549,  24862.2168,
       1,     166,      14,       4,       1,       3,       1,     10.0000,      1.3783,     42.2649,    242.7305,     61.0865,      3.4953,      0.0000,     -0.0305,      2.8309,      0.1329,      5.4515,     10.9030,      1.1739,     27.6028,     55.2057,      0.0188,      0.0023,      0.0156,      0.1953,   7458.6655,-419321.7500,   -939.8621,    538.1832,  24862.2148,
       1,     166,      14,       5,       1,       3,       1,     10.0000,      1.3783,     42.2649,    242.7305,     61.0865,      3.4953,      0.0000,     -0.0305,      2.4069,      0.1308,      5.4515,     10.9030,      1.1562,     27.6028,     55.2057,      0.0188,      0.0019,      0.0156,      0.1953,   7458.6646,-419157.4062,   -939.8097,    538.1943,  24862.2188,
       1,     166,      14,       6,       1,       3,       1,     10.0000,      1.3783,     42.2649,    242.7305,     61.0865,      3.4953,      0.0000,     -0.0304,      2.3650,      0.1298,      5.4515,     10.9030,      1.1468,     27.6028,     55.2057,      0.0188,      0.0019,      0.0156,      0.1953,   7458.6660,-418592.0625,   -939.6774,    538.2324,  24862.2148,
       1,     166,      14,       7,       1,       3,       1,     10.0000,      1.3783,     42.2649,    242.7305,     61.0865,      3.4953,      0.0000,     -0.0303,      2.0764,      0.1264,      5.4515,     10.9030,      1.1170,     27.6028,     55.2057,      0.0188,      0.0017,      0.0156,      0.1953,   7458.6646,-418488.8438,   -939.6417,    538.2393,  24862.2148,
       1,     166,      14,       8,       1,       3,       1,     10.0000,      1.3783,     42.2649,    242.7305,     61.0865,      3.4953,      0.0009,     -0.0290,      1.6429,      0.1185,      5.4515,     10.9030,      1.0475,     27.6028,     55.2057,      0.0188,      0.0013,      0.0156,      0.1953,   7458.6646,-418105.2188,   -939.5506,    538.2651,  24862.2148,
       1,     166,      14,       9,       1,       3,       1,     10.0000,      1.3783,     42.2649,    242.7305,     61.0865,      3.4953,      0.0740,      0.0439,      9.7794,      0.1203,      5.4515,     10.9030,      1.0626,     27.6028,     55.2057,      0.0188,      0.0014,      0.0886,      0.1953,   7458.6646,-417509.0625,   -939.4203,    538.3051,  24862.2168,
       1,     166,      14,      10,       1,       3,       1,     10.0000,      1.3783,     42.2649,    242.7305,     61.0865,      3.4953,      0.1576,      0.1263,     28.0533,      0.1545,      5.4515,     10.9030,      1.3656,     27.6028,     55.2057,      0.0188,      0.0017,      0.2096,      0.1953,   7458.6655,-428018.4375,   -941.5649,    537.5981,  24862.2168,
       1,     166,      14,      11,       1,       3,       1,     10.0000,      1.3783,     42.2649,    242.7305,     61.0865,      3.4953,      0.1836,      0.1517,     40.5161,      0.1720,      5.4515,     10.9030,      1.5198,     27.6028,     55.2057,      0.0188,      0.0021,      0.2470,      0.1953,   7458.6655,-452661.5312,   -946.6135,    535.9425,  24862.2168,
       1,     166,      14,      12,       1,       3,       1,     10.0000,      1.3783,     42.2649,    242.7305,     61.0865,      3.4953,      0.1851,      0.1528,     35.3463,      0.1866,      5.4515,     10.9030,      1.6487,     27.6028,     55.2057,      0.0188,      0.0018,      0.2500,      0.1953,   7458.6655,-471004.2500,   -950.4079,    534.7162,  24862.2148,
       1,     166,      14,      13,       1,       3,       1,     10.0000,      1.3783,     42.2649,    242.7305,     61.0865,      3.4953,      0.1844,      0.1518,     26.2745,      0.1926,      5.4515,     10.9030,      1.7018,     27.6028,     55.2057,      0.0188,      0.0013,      0.2500,      0.1953,   7458.6646,-465887.8750,   -949.4007,    535.0596,  24862.2168,
       1,     166,      14,      14,       1,       3,       1,     10.0000,      1.3783,     42.2649,    242.7305,     61.0865,      3.4953,      0.1845,      0.1516,     29.3559,      0.2068,      5.4515,     10.9030,      1.8270,     27.6028,     55.2057,      0.0188,      0.0015,      0.2500,      0.1953,   7458.6655,-453656.4375,   -946.9119,    535.8777,  24862.2168,
       1,     166,      14,      15,       1,       3,       1,     10.0000,      1.3783,     42.2649,    242.7305,     61.0865,      3.4953,      0.1882,      0.1551,     77.6424,      0.2142,      5.4515,     10.9030,      1.8928,     27.6028,     55.2057,      0.0188,      0.0039,      0.2500,      0.1953,   7458.6655,-456594.6562,   -947.5186,    535.6815,  24862.2188,
       1,     166,      14,      16,       1,       3,       1,     10.0000,      1.3783,     42.2649,    242.7305,     61.0865,      3.4953,      0.1905,      0.1579,    104.8659,      0.1949,      5.4515,     10.9030,      1.7221,     27.6028,     55.2057,      0.0188,      0.0053,      0.2500,      0.1953,   7458.6660,-519564.0938,   -960.5843,    531.4651,  24862.2168,
       1,     166,      14,      17,       1,       3,       1,     10.0000,      1.3783,     42.2649,    242.7305,     61.0865,      3.4953,      0.1842,      0.1518,    123.4358,      0.1870,      5.4515,     10.9030,      1.6520,     27.6028,     55.2057,      0.0188,      0.0065,      0.2383,      0.1952,   7458.6655,-560492.5000,   -969.3330,    528.7627,  24862.2168,
       1,     166,      14,      18,       1,       3,       1,     10.0000,      1.3783,     42.2649,    242.7305,     61.0865,      3.4953,      0.1599,      0.1278,    102.6525,      0.1784,      5.4515,     10.9030,      1.5768,     27.6028,     55.2057,      0.0188,      0.0063,      0.2044,      0.1952,   7458.6655,-588211.5625,   -975.5384,    526.9375,  24862.2168,
       1,     166,      14,      19,       1,       3,       1,     10.0000,      1.3783,     42.2649,    242.7305,     61.0865,      3.4953,      0.1144,      0.0830,     76.5040,      0.1569,      5.4515,     10.9030,      1.3863,     27.6028,     55.2057,      0.0188,      0.0069,      0.1399,      0.1951,   7458.6655,-563571.9375,   -970.9975,    528.5636,  24862.2129,
       1,     166,      14,      20,       1,       3,       1,     10.0000,      1.3783,     42.2649,    242.7305,     61.0865,      3.4953,      0.0120,     -0.0189,      8.5851,      0.1440,      5.4515,     10.9030,      1.2728,     27.6028,     55.2057,      0.0188,      0.0069,      0.0156,      0.1952,   7458.6641,-527415.0000,   -963.9502,    530.9550,  24862.2168,
       1,     166,      14,      21,       1,       3,       1,     10.0000,      1.3783,     42.2649,    242.7305,     61.0865,      3.4953,      0.0000,     -0.0307,      6.9639,      0.1375,      5.4515,     10.9030,      1.2150,     27.6028,     55.2057,      0.0188,      0.0056,      0.0156,      0.1952,   7458.6655,-435976.0625,   -945.1768,    537.0291,  24862.2148,
       1,     166,      14,      22,       1,       3,       1,     10.0000,      1.3783,     42.2649,    242.7305,     61.0865,      3.4953,      0.0000,     -0.0306,      6.5334,      0.1341,      5.4515,     10.9030,      1.1847,     27.6028,     55.2057,      0.0188,      0.0053,      0.0156,      0.1953,   7458.6646,-426020.8125,   -943.0976,    537.7322,  24862.2129,
       1,     166,      14,      23,       1,       3,       1,     10.0000,      1.3783,     42.2649,    242.7305,     61.0865,      3.4953,      0.0000,     -0.0307,      5.9605,      0.1361,      5.4515,     10.9030,      1.2028,     27.6028,     55.2057,      0.0188,      0.0048,      0.0156,      0.1953,   7458.6641,-424549.5625,   -942.7689,    537.8316,  24862.2129,
       1,     166,      14,      24,       1,       3,       1,     10.0000,      1.3783,     42.2649,    242.7305,     61.0865,      3.4953,      0.0000,     -0.0307,      4.6991,      0.1382,      5.4515,     10.9030,      1.2212,     27.6028,     55.2057,      0.0188,      0.0038,      0.0156,      0.1953,   7458.6641,-423676.7188,   -942.5620,    537.8903,  24862.2148,
       1,     166,      15,       1,       1,       3,       1,     10.0000,      1.3784,     42.2653,    242.7362,     61.0880,      3.4953,      0.0000,     -0.0307,      3.0084,      0.1367,      5.4514,     10.9028,      1.2077,     27.6095,     55.2191,      0.0188,      0.0024,      0.0156,      0.1953,   7458.6646,-422117.5625,   -942.5186,    538.0076,  24863.3281,
       1,     166,      15,       2,       1,       3,       1,     10.0000,      1.3784,     42.2653,    242.7362,     61.0880,      3.4953,      0.0000,     -0.0307,      2.2483,      0.1363,      5.4514,     10.9028,      1.2040,     27.6095,     55.2191,      0.0188,      0.0018,      0.0156,      0.1953,   7458.9985,-419634.5312,   -941.6964,    538.1747,  24863.3281,
       1,     166,      15,       3,       1,       3,       1,     10.0000,      1.3784,     42.2653,    242.7362,     61.0880,      3.4953,      0.0000,     -0.0307,      1.7419,      0.1358,      5.4514,     10.9028,      1.2004,     27.6095,     55.2191,      0.0188,      0.0014,      0.0156,      0.1953,   7458.9985,-418431.0938,   -941.4390,    538.2556,  24863.3281,
       1,     166,      15,       4,       1,       3,       1,     10.0000,      1.3784,     42.2653,    242.7362,     61.0880,      3.4953,      0.0000,     -0.0306,      2.3474,      0.1356,      5.4514,     10.9028,      1.1980,     27.6095,     55.2191,      0.0188,      0.0019,      0.0156,      0.1953,   7458.9985,-417668.7500,   -941.2751,    538.3069,  24863.3301,
       1,     166,      15,       5,       1,       3,       1,     10.0000,      1.3784,     42.2653,    242.7362,     61.0880,      3.4953,      0.0000,     -0.0306,      2.6064,      0.1331,      5.4514,     10.9028,      1.1763,     27.6095,     55.2191,      0.0188,      0.0021,      0.0156,      0.1953,   7458.9995,-418387.7500,   -941.4130,    538.2586,  24863.3301,
       1,     166,      15,       6,       1,       3,       1,     10.0000,      1.3784,     42.2653,    242.7362,     61.0880,      3.4953,      0.0000,     -0.0305,      2.4669,      0.1310,      5.4514,     10.9028,      1.1574,     27.6095,     55.2191,      0.0188,      0.0020,      0.0156,      0.1953,   7458.9995,-418786.5938,   -941.4858,    538.2318,  24863.3262,
       1,     166,      15,       7,       1,       3,       1,     10.0000,      1.3784,     42.2653,    242.7362,     61.0880,      3.4953,      0.0000,     -0.0304,      2.4623,      0.1289,      5.4514,     10.9028,      1.1387,     27.6095,     55.2191,      0.0188,      0.0020,      0.0156,      0.1953,   7458.9980,-418640.8750,   -941.4471,    538.2415,  24863.3281,
       1,     166,      15,       8,       1,       3,       1,     10.0000,      1.3784,     42.2653,    242.7362,     61.0880,      3.4953,      0.0008,     -0.0295,      2.6528,      0.1283,      5.4514,     10.9028,      1.1341,     27.6095,     55.2191,      0.0188,      0.0021,      0.0156,      0.1953,   7458.9985,-418622.2500,   -941.4343,    538.2428,  24863.3281,
       1,     166,      15,       9,       1,       3,       1,     10.0000,      1.3784,     42.2653,    242.7362,     61.0880,      3.4953,      0.0498,      0.0194,      9.3654,      0.1310,      5.4514,     10.9028,      1.1574,     27.6095,     55.2191,      0.0188,      0.0022,      0.0527,      0.1953,   7458.9985,-418867.7188,   -941.4770,    538.2263,  24863.3262,
       1,     166,      15,      10,       1,       3,       1,     10.0000,      1.3784,     42.2653,    242.7362,     61.0880,      3.4953,      0.1564,      0.1253,     37.6947,      0.1468,      5.4514,     10.9028,      1.2974,     27.6095,     55.2191,      0.0188,      0.0023,      0.2067,      0.1953,   7458.9980,-427601.6875,   -943.2890,    537.6387,  24863.3281,
       1,     166,      15,      11,       1,       3,       1,     10.0000,      1.3784,     42.2653,    242.7362,     61.0880,      3.4953,      0.1857,      0.1542,     45.1677,      0.1591,      5.4514,     10.9028,      1.4059,     27.6095,     55.2191,      0.0188,      0.0023,      0.2494,      0.1953,   7458.9985,-465138.8750,   -951.1310,    535.1163,  24863.3281,
       1,     166,      15,      12,       1,       3,       1,     10.0000,      1.3784,     42.2653,    242.7362,     61.0880,      3.4953,      0.1858,      0.1539,     42.7987,      0.1734,      5.4514,     10.9028,      1.5320,     27.6095,     55.2191,      0.0188,      0.0022,      0.2500,      0.1953,   7458.9985,-478136.2812,   -953.9474,    534.2529,  24863.3281,
       1,     166,      15,      13,       1,       3,       1,     10.0000,      1.3784,     42.2653,    242.7362,     61.0880,      3.4953,      0.1857,      0.1536,     41.6154,      0.1777,      5.4514,     10.9028,      1.5705,     27.6095,     55.2191,      0.0188,      0.0021,      0.2500,      0.1953,   7458.9985,-476185.0312,   -953.6716,    534.3838,  24863.3262,
       1,     166,      15,      14,       1,       3,       1,     10.0000,      1.3784,     42.2653,    242.7362,     61.0880,      3.4953,      0.1856,      0.1535,     40.3946,      0.1774,      5.4514,     10.9028,      1.5674,     27.6095,     55.2191,      0.0188,      0.0020,      0.2500,      0.1953,   7458.9980,-474477.4688,   -953.4266,    534.4979,  24863.3281,
       1,     166,      15,      15,       1,       3,       1,     10.0000,      1.3784,     42.2653,    242.7362,     61.0880,      3.4953,      0.1873,      0.1554,     61.1441,      0.1718,      5.4514,     10.9028,      1.5183,     27.6095,     55.2191,      0.0188,      0.0031,      0.2500,      0.1953,   7458.9985,-472742.7500,   -953.1675,    534.6139,  24863.3262,
       1,     166,      15,      16,       1,       3,       1,     10.0000,      1.3784,     42.2653,    242.7362,     61.0880,      3.4953,      0.1885,      0.1567,     75.8257,      0.1669,      5.4514,     10.9028,      1.4750,     27.6095,     55.2191,      0.0188,      0.0038,      0.2500,      0.1953,   7458.9980,-499544.7812,   -958.8970,    532.8228,  24863.3262,
       1,     166,      15,      17,       1,       3,       1,     10.0000,      1.3784,     42.2653,    242.7362,     61.0880,      3.4953,      0.1892,      0.1577,     84.7270,      0.1597,      5.4514,     10.9028,      1.4115,     27.6095,     55.2191,      0.0188,      0.0043,      0.2500,      0.1953,   7458.9980,-520965.8750,   -963.6037,    531.3990,  24863.3262,
       1,     166,      15,      18,       1,       3,       1,     10.0000,      1.3784,     42.2653,    242.7362,     61.0880,      3.4953,      0.1724,      0.1409,     76.4448,      0.1588,      5.4514,     10.9028,      1.4031,     27.6095,     55.2191,      0.0188,      0.0042,      0.2259,      0.1952,   7458.9980,-534402.4375,   -966.7307,    530.5084,  24863.3242,
       1,     166,      15,      19,       1,       3,       1,     10.0000,      1.3784,     42.2653,    242.7362,     61.0880,      3.4953,      0.1160,      0.0847,     48.4276,      0.1539,      5.4514,     10.9028,      1.3602,     27.6095,     55.2191,      0.0188,      0.0042,      0.1455,      0.1952,   7458.9976,-524801.8125,   -965.0875,    531.1458,  24863.3242,
       1,     166,      15,      20,       1,       3,       1,     10.0000,      1.3784,     42.2653,    242.7362,     61.0880,      3.4953,      0.0077,     -0.0233,      4.7016,      0.1467,      5.4514,     10.9028,      1.2961,     27.6095,     55.2191,      0.0188,      0.0038,      0.0156,      0.1952,   7458.9976,-487544.2812,   -957.5848,    533.6199,  24863.3242,
       1,     166,      15,      21,       1,       3,       1,     10.0000,      1.3784,     42.2653,    242.7362,     61.0880,      3.4953,      0.0000,     -0.0308,      3.9870,      0.1402,      5.4514,     10.9028,      1.2386,     27.6095,     55.2191,      0.0188,      0.0032,      0.0156,      0.1953,   7458.9976,-427511.7188,   -945.1191,    537.6299,  24863.3242,
       1,     166,      15,      22,       1,       3,       1,     10.0000,      1.3784,     42.2653,    242.7362,     61.0880,      3.4953,      0.0000,     -0.0308,      3.2772,      0.1388,      5.4514,     10.9028,      1.2261,     27.6095,     55.2191,      0.0188,      0.0026,      0.0156,      0.1953,   7458.9976,-421395.2812,   -943.8313,    538.0561,  24863.3242,
       1,     166,      15,      23,       1,       3,       1,     10.0000,      1.3784,     42.2653,    242.7362,     61.0880,      3.4953,      0.0000,     -0.0307,      3.3678,      0.1365,      5.4514,     10.9028,      1.2065,     27.6095,     55.2191,      0.0188,      0.0027,      0.0156,      0.1953,   7458.9976,-419920.8125,   -943.5151,    538.1554,  24863.3242,
       1,     166,      15,      24,       1,       3,       1,     10.0000,      1.3784,     42.2653,    242.7362,     61.0880,      3.4953,      0.0000,     -0.0306,      3.1415,      0.1356,      5.4514,     10.9028,      1.1980,     27.6095,     55.2191,      0.0188,      0.0025,      0.0156,      0.1953,   7458.9976,-419909.5312,   -943.5040,    538.1562,  24863.3242,
       1,     166,      16,       1,       1,       3,       1,     10.0000,      1.3784,     42.2656,    242.7420,     61.0894,      3.4953,      0.0000,     -0.0307,      3.2195,      0.1361,      5.4517,     10.9034,      1.2028,     27.6161,     55.2323,      0.0188,      0.0026,      0.0156,      0.1954,   7458.9976,-419770.0938,   -943.7702,    538.1782,  24864.4375,
       1,     166,      16,       2,       1,       3,       1,     10.0000,      1.3784,     42.2656,    242.7420,     61.0894,      3.4953,      0.0000,     -0.0306,      2.8364,      0.1356,      5.4517,     10.9034,      1.1980,     27.6161,     55.2323,      0.0188,      0.0023,      0.0156,      0.1954,   7459.3315,-419706.4688,   -943.4490,    538.1825,  24864.4395,
       1,     166,      16,       3,       1,       3,       1,     10.0000,      1.3784,     42.2656,    242.7420,     61.0894,      3.4953,      0.0000,     -0.0306,      2.6001,      0.1348,      5.4517,     10.9034,      1.1907,     27.6161,     55.2323,      0.0188,      0.0021,      0.0156,      0.1954,   7459.3320,-419203.4375,   -943.3362,    538.2163,  24864.4395,
       1,     166,      16,       4,       1,       3,       1,     10.0000,      1.3784,     42.2656,    242.7420,     61.0894,      3.4953,      0.0000,     -0.0306,      2.6115,      0.1345,      5.4517,     10.9034,      1.1883,     27.6161,     55.2323,      0.0188,      0.0021,      0.0156,      0.1954,   7459.3320,-418853.0000,   -943.2567,    538.2399,  24864.4414,
       1,     166,      16,       5,       1,       3,       1,     10.0000,      1.3784,     42.2656,    242.7420,     61.0894,      3.4953,      0.0000,     -0.0306,      2.6352,      0.1342,      5.4517,     10.9034,      1.1859,     27.6161,     55.2323,      0.0188,      0.0021,      0.0156,      0.1954,   7459.3325,-418836.9688,   -943.2466,    538.2410,  24864.4395,
       1,     166,      16,       6,       1,       3,       1,     10.0000,      1.3784,     42.2656,    242.7420,     61.0894,      3.4953,      0.0000,     -0.0306,      2.5880,      0.1338,      5.4517,     10.9034,      1.1823,     27.6161,     55.2323,      0.0188,      0.0021,      0.0156,      0.1954,   7459.3320,-418866.5000,   -943.2468,    538.2390,  24864.4395,
       1,     166,      16,       7,       1,       3,       1,     10.0000,      1.3784,     42.2656,    242.7420,     61.0894,      3.4953,      0.0000,     -0.0306,      2.6150,      0.1348,      5.4517,     10.9034,      1.1907,     27.6161,     55.2323,      0.0188,      0.0021,      0.0156,      0.1954,   7459.3320,-418807.9062,   -943.2279,    538.2430,  24864.4414,
       1,     166,      16,       8,       1,       3,       1,     10.0000,      1.3784,     42.2656,    242.7420,     61.0894,      3.4953,      0.0008,     -0.0298,      2.6485,      0.1345,      5.4517,     10.9034,      1.1883,     27.6161,     55.2323,      0.0188,      0.0021,      0.0156,      0.1954,   7459.3325,-418837.4375,   -943.2276,    538.2409,  24864.4395,
       1,     166,      16,       9,       1,       3,       1,     10.0000,      1.3784,     42.2656,    242.7420,     61.0894,      3.4953,      0.0688,      0.0380,     13.0818,      0.1385,      5.4517,     10.9034,      1.2237,     27.6161,     55.2323,      0.0188,      0.0021,      0.0801,      0.1954,   7459.3320,-418883.9062,   -943.2310,    538.2378,  24864.4375,
       1,     166,      16,      10,       1,       3,       1,     10.0000,      1.3784,     42.2656,    242.7420,     61.0894,      3.4953,      0.1556,      0.1243,     35.8965,      0.1544,      5.4517,     10.9034,      1.3643,     27.6161,     55.2323,      0.0188,      0.0022,      0.2058,      0.1954,   7459.3315,-432428.0312,   -946.0858,    537.3266,  24864.4375,
       1,     166,      16,      11,       1,       3,       1,     10.0000,      1.3784,     42.2656,    242.7420,     61.0894,      3.4953,      0.1838,      0.1520,     47.6883,      0.1678,      5.4517,     10.9034,      1.4824,     27.6161,     55.2323,      0.0188,      0.0024,      0.2464,      0.1953,   7459.3315,-463226.4688,   -952.6087,    535.2587,  24864.4395,
       1,     166,      16,      12,       1,       3,       1,     10.0000,      1.3784,     42.2656,    242.7420,     61.0894,      3.4953,      0.1862,      0.1543,     47.2111,      0.1706,      5.4517,     10.9034,      1.5078,     27.6161,     55.2323,      0.0188,      0.0024,      0.2500,      0.1953,   7459.3320,-481235.9062,   -956.5227,    534.0577,  24864.4395,
       1,     166,      16,      13,       1,       3,       1,     10.0000,      1.3784,     42.2656,    242.7420,     61.0894,      3.4953,      0.1865,      0.1544,     52.1745,      0.1788,      5.4517,     10.9034,      1.5800,     27.6161,     55.2323,      0.0188,      0.0026,      0.2500,      0.1953,   7459.3320,-482183.3125,   -956.8875,    533.9958,  24864.4375,
       1,     166,      16,      14,       1,       3,       1,     10.0000,      1.3784,     42.2656,    242.7420,     61.0894,      3.4953,      0.1873,      0.1551,     62.2554,      0.1820,      5.4517,     10.9034,      1.6085,     27.6161,     55.2323,      0.0188,      0.0031,      0.2500,      0.1953,   7459.3315,-488711.6250,   -958.4324,    533.5601,  24864.4375,
       1,     166,      16,      15,       1,       3,       1,     10.0000,      1.3784,     42.2656,    242.7420,     61.0894,      3.4953,      0.1888,      0.1564,     82.5406,      0.1879,      5.4517,     10.9034,      1.6603,     27.6161,     55.2323,      0.0188,      0.0041,      0.2500,      0.1953,   7459.3315,-502376.6250,   -961.5112,    532.6489,  24864.4375,
       1,     166,      16,      16,       1,       3,       1,     10.0000,      1.3784,     42.2656,    242.7420,     61.0894,      3.4953,      0.1910,      0.1586,    109.9041,      0.1879,      5.4517,     10.9034,      1.6603,     27.6161,     55.2323,      0.0188,      0.0055,      0.2500,      0.1953,   7459.3315,-529926.3125,   -967.5887,    530.8153,  24864.4375,
       1,     166,      16,      17,       1,       3,       1,     10.0000,      1.3784,     42.2656,    242.7420,     61.0894,      3.4953,      0.1872,      0.1550,    106.8654,      0.1809,      5.4517,     10.9034,      1.5989,     27.6161,     55.2323,      0.0188,      0.0055,      0.2447,      0.1952,   7459.3315,-567903.5000,   -975.9985,    528.2986,  24864.4375,
       1,     166,      16,      18,       1,       3,       1,     10.0000,      1.3784,     42.2656,    242.7420,     61.0894,      3.4953,      0.1669,      0.1351,     95.6329,      0.1674,      5.4517,     10.9034,      1.4795,     27.6161,     55.2323,      0.0188,      0.0056,      0.2156,      0.1952,   7459.3315,-567267.7500,   -976.3795,    528.3466,  24864.4375,
       1,     166,      16,      19,       1,       3,       1,     10.0000,      1.3784,     42.2656,    242.7420,     61.0894,      3.4953,      0.0917,      0.0603,     50.0226,      0.1547,      5.4517,     10.9034,      1.3670,     27.6161,     55.2323,      0.0188,      0.0058,      0.1092,      0.1952,   7459.3315,-552593.4375,   -973.7853,    529.3157,  24864.4375,
       1,     166,      16,      20,       1,       3,       1,     10.0000,      1.3784,     42.2656,    242.7420,     61.0894,      3.4953,      0.0094,     -0.0216,      7.0895,      0.1429,      5.4517,     10.9034,      1.2626,     27.6161,     55.2323,      0.0188,      0.0057,      0.0156,      0.1952,   7459.3315,-492005.9375,   -961.3340,    533.3254,  24864.4375,
       1,     166,      16,      21,       1,       3,       1,     10.0000,      1.3784,     42.2656,    242.7420,     61.0894,      3.4953,      0.0000,     -0.0307,      7.0361,      0.1376,      5.4517,     10.9034,      1.2163,     27.6161,     55.2323,      0.0188,      0.0057,      0.0156,      0.1953,   7459.3315,-431012.0938,   -948.5276,    537.4069,  24864.4375,
       1,     166,      16,      22,       1,       3,       1,     10.0000,      1.3784,     42.2656,    242.7420,     61.0894,      3.4953,      0.0000,     -0.0307,      6.6432,      0.1360,      5.4517,     10.9034,      1.2016,     27.6161,     55.2323,      0.0188,      0.0053,      0.0156,      0.1953,   7459.3315,-425661.0625,   -947.3873,    537.7819,  24864.4375,
       1,     166,      16,      23,       1,       3,       1,     10.0000,      1.3784,     42.2656,    242.7420,     61.0894,      3.4953,      0.0000,     -0.0301,      5.6390,      0.1226,      5.4517,     10.9034,      1.0834,     27.6161,     55.2323,      0.0188,      0.0045,      0.0156,      0.1953,   7459.3315,-424664.2812,   -949.0568,    537.8490,  24864.4375,
       1,     166,      16,      24,       1,       3,       1,     10.0000,      1.3784,     42.2656,    242.7420,     61.0894,      3.4953,      0.0000,     -0.0302,      4.6675,      0.1244,      5.4517,     10.9034,      1.0990,     27.6161,     55.2323,      0.0188,      0.0038,      0.0156,      0.1954,   7459.3315,-423273.8438,   -949.6805,    537.9426,  24864.4375,
       1,     166,      17,       1,       1,       3,       1,     10.0000,      1.3784,     42.2659,    242.7477,     61.0908,      3.4953,      0.0000,     -0.0302,      3.5237,      0.1242,      5.4521,     10.9043,      1.0979,     27.6225,     55.2450,      0.0188,      0.0028,      0.0156,      0.1954,   7459.3315,-422047.0312,   -949.6946,    538.0378,  24865.5508,
       1,     166,      17,       2,       1,       3,       1,     10.0000,      1.3784,     42.2659,    242.7477,     61.0908,      3.4953,      0.0000,     -0.0302,      2.9604,      0.1227,      5.4521,     10.9043,      1.0845,     27.6225,     55.2450,      0.0188,      0.0024,      0.0156,      0.1954,   7459.6655,-420302.8750,   -948.9981,    538.1550,  24865.5527,
       1,     166,      17,       3,       1,       3,       1,     10.0000,      1.3784,     42.2659,    242.7477,     61.0908,      3.4953,      0.0000,     -0.0302,      2.4861,      0.1239,      5.4521,     10.9043,      1.0945,     27.6225,     55.2450,      0.0188,      0.0020,      0.0156,      0.1954,   7459.6660,-419419.4688,   -948.7911,    538.2145,  24865.5527,
       1,     166,      17,       4,       1,       3,       1,     10.0000,      1.3784,     42.2659,    242.7477,     61.0908,      3.4953,      0.0000,     -0.0301,      0.8839,      0.1222,      5.4521,     10.9043,      1.0801,     27.6225,     55.2450,      0.0188,      0.0007,      0.0156,      0.1954,   7459.6660,-418726.8750,   -948.6285,    538.2611,  24865.5547,
       1,     166,      17,       5,       1,       3,       1,     10.0000,      1.3784,     42.2659,    242.7477,     61.0908,      3.4953,      0.0000,     -0.0302,      0.7916,      0.1234,      5.4521,     10.9043,      1.0901,     27.6225,     55.2450,      0.0188,      0.0006,      0.0156,      0.1954,   7459.6665,-416587.2188,   -948.6797,    538.4052,  24865.5527,
       1,     166,      17,       6,       1,       3,       1,     10.0000,      1.3784,     42.2659,    242.7477,     61.0908,      3.4953,      0.0000,     -0.0301,      1.2711,      0.1206,      5.4521,     10.9043,      1.0659,     27.6225,     55.2450,      0.0188,      0.0010,      0.0156,      0.1954,   7459.6660,-416280.5938,   -948.6117,    538.4257,  24865.5527,
       1,     166,      17,       7,       1,       3,       1,     10.0000,      1.3784,     42.2659,    242.7477,     61.0908,      3.4953,      0.0000,     -0.0301,      1.0726,      0.1204,      5.4521,     10.9043,      1.0637,     27.6225,     55.2450,      0.0188,      0.0009,      0.0156,      0.1954,   7459.6660,-416876.2500,   -948.7294,    538.3857,  24865.5527,
       1,     166,      17,       8,       1,       3,       1,     10.0000,      1.3784,     42.2659,    242.7477,     61.0908,      3.4953,      0.0008,     -0.0293,      1.3027,      0.1211,      5.4521,     10.9043,      1.0703,     27.6225,     55.2450,      0.0188,      0.0010,      0.0156,      0.1954,   7459.6660,-416670.4375,   -948.6794,    538.3995,  24865.5527,
       1,     166,      17,       9,       1,       3,       1,     10.0000,      1.3784,     42.2659,    242.7477,     61.0908,      3.4953,      0.0886,      0.0582,      7.6690,      0.1282,      5.4521,     10.9043,      1.1330,     27.6225,     55.2450,      0.0188,      0.0009,      0.1102,      0.1954,   7459.6660,-416951.2188,   -948.7299,    538.3807,  24865.5527,
       1,     166,      17,      10,       1,       3,       1,     10.0000,      1.3784,     42.2659,    242.7477,     61.0908,      3.4953,      0.1497,      0.1186,     17.2036,      0.1485,      5.4521,     10.9043,      1.3119,     27.6225,     55.2450,      0.0188,      0.0011,      0.1991,      0.1954,   7459.6660,-425236.2188,   -950.4798,    537.8230,  24865.5527,
       1,     166,      17,      11,       1,       3,       1,     10.0000,      1.3784,     42.2659,    242.7477,     61.0908,      3.4953,      0.1785,      0.1469,     20.6600,      0.1635,      5.4521,     10.9043,      1.4445,     27.6225,     55.2450,      0.0188,      0.0011,      0.2417,      0.1954,   7459.6660,-438333.8750,   -953.2516,    536.9428,  24865.5508,
       1,     166,      17,      12,       1,       3,       1,     10.0000,      1.3784,     42.2659,    242.7477,     61.0908,      3.4953,      0.1848,      0.1530,     29.1769,      0.1669,      5.4521,     10.9043,      1.4751,     27.6225,     55.2450,      0.0188,      0.0015,      0.2500,      0.1954,   7459.6655,-443965.0938,   -954.4438,    536.5656,  24865.5508,
       1,     166,      17,      13,       1,       3,       1,     10.0000,      1.3784,     42.2659,    242.7477,     61.0908,      3.4953,      0.1810,      0.1487,     33.3913,      0.1866,      5.4521,     10.9043,      1.6489,     27.6225,     55.2450,      0.0188,      0.0017,      0.2441,      0.1954,   7459.6655,-455511.3125,   -956.8952,    535.7913,  24865.5527,
       1,     166,      17,      14,       1,       3,       1,     10.0000,      1.3784,     42.2659,    242.7477,     61.0908,      3.4953,      0.1864,      0.1537,     51.9899,      0.1965,      5.4521,     10.9043,      1.7359,     27.6225,     55.2450,      0.0188,      0.0026,      0.2500,      0.1953,   7459.6660,-461990.5312,   -958.3146,    535.3579,  24865.5508,
       1,     166,      17,      15,       1,       3,       1,     10.0000,      1.3784,     42.2659,    242.7477,     61.0908,      3.4953,      0.1882,      0.1555,     75.4264,      0.1968,      5.4521,     10.9043,      1.7393,     27.6225,     55.2450,      0.0188,      0.0038,      0.2500,      0.1953,   7459.6655,-486704.0938,   -963.6390,    533.7043,  24865.5547,
       1,     166,      17,      16,       1,       3,       1,     10.0000,      1.3784,     42.2659,    242.7477,     61.0908,      3.4953,      0.1894,      0.1570,     90.5855,      0.1900,      5.4521,     10.9043,      1.6785,     27.6225,     55.2450,      0.0188,      0.0046,      0.2500,      0.1953,   7459.6665,-519305.3438,   -970.7087,    531.5319,  24865.5527,
       1,     166,      17,      17,       1,       3,       1,     10.0000,      1.3784,     42.2659,    242.7477,     61.0908,      3.4953,      0.1869,      0.1545,     97.0526,      0.1857,      5.4521,     10.9043,      1.6407,     27.6225,     55.2450,      0.0188,      0.0050,      0.2453,      0.1953,   7459.6660,-541852.8125,   -975.7753,    530.0383,  24865.5527,
       1,     166,      17,      18,       1,       3,       1,     10.0000,      1.3784,     42.2659,    242.7477,     61.0908,      3.4953,      0.1690,      0.1370,    100.1323,      0.1756,      5.4521,     10.9043,      1.5520,     27.6225,     55.2450,      0.0188,      0.0058,      0.2183,      0.1953,   7459.6660,-552221.6250,   -978.3467,    529.3533,  24865.5527,
       1,     166,      17,      19,       1,       3,       1,     10.0000,      1.3784,     42.2659,    242.7477,     61.0908,      3.4953,      0.1129,      0.0813,     67.1916,      0.1627,      5.4521,     10.9043,      1.4373,     27.6225,     55.2450,      0.0188,      0.0061,      0.1387,      0.1952,   7459.6660,-557126.1250,   -979.8070,    529.0292,  24865.5527,
       1,     166,      17,      20,       1,       3,       1,     10.0000,      1.3784,     42.2659,    242.7477,     61.0908,      3.4953,      0.0083,     -0.0229,      7.0414,      0.1498,      5.4521,     10.9043,      1.3238,     27.6225,     55.2450,      0.0188,      0.0057,      0.0156,      0.1952,   7459.6660,-514715.0312,   -971.1368,    531.8339,  24865.5508,
       1,     166,      17,      21,       1,       3,       1,     10.0000,      1.3784,     42.2659,    242.7477,     61.0908,      3.4953,      0.0000,     -0.0309,      6.3325,      0.1435,      5.4521,     10.9043,      1.2677,     27.6225,     55.2450,      0.0188,      0.0051,      0.0156,      0.1953,   7459.6655,-432889.9688,   -953.8072,    537.2810,  24865.5488,
       1,     166,      17,      22,       1,       3,       1,     10.0000,      1.3784,     42.2659,    242.7477,     61.0908,      3.4953,      0.0000,     -0.0307,      6.0209,      0.1375,      5.4521,     10.9043,      1.2151,     27.6225,     55.2450,      0.0188,      0.0048,      0.0156,      0.1954,   7459.6650,-424930.0312,   -952.0727,    537.8436,  24865.5508,
       1,     166,      17,      23,       1,       3,       1,     10.0000,      1.3784,     42.2659,    242.7477,     61.0908,      3.4953,      0.0000,     -0.0306,      5.8533,      0.1346,      5.4521,     10.9043,      1.1896,     27.6225,     55.2450,      0.0188,      0.0047,      0.0156,      0.1954,   7459.6655,-423795.5938,   -951.7927,    537.9202,  24865.5508,
       1,     166,      17,      24,       1,       3,       1,     10.0000,      1.3784,     42.2659,    242.7477,     61.0908,      3.4953,      0.0000,     -0.0305,      4.9947,      0.1321,      5.4521,     10.9043,      1.1669,     27.6225,     55.2450,      0.0188,      0.0040,      0.0156,      0.1954,   7459.6655,-423478.6250,   -951.6884,    537.9415,  24865.5469,
       1,     166,      18,       1,       1,       3,       1,     10.0000,      1.3784,     42.2663,    242.7534,     61.0923,      3.4953,      0.0000,     -0.0304,      4.1016,      0.1295,      5.4518,     10.9035,      1.1446,     27.6293,     55.2587,      0.0188,      0.0033,      0.0156,      0.1954,   7459.6646,-422491.9375,   -951.7581,    538.0204,  24866.6641,
       1,     166,      18,       2,       1,       3,       1,     10.0000,      1.3784,     42.2663,    242.7534,     61.0923,      3.4953,      0.0000,     -0.0304,      3.4129,      0.1280,      5.4518,     10.9035,      1.1308,     27.6293,     55.2587,      0.0188,      0.0027,      0.0156,      0.1954,   7459.9995,-421094.0938,   -951.1292,    538.1145,  24866.6641,
       1,     166,      18,       3,       1,       3,       1,     10.0000,      1.3784,     42.2663,    242.7534,     61.0923,      3.4953,      0.0000,     -0.0304,      3.0611,      0.1293,      5.4518,     10.9035,      1.1423,     27.6293,     55.2587,      0.0188,      0.0025,      0.0156,      0.1954,   7459.9995,-420078.5312,   -950.8930,    538.1828,  24866.6641,
       1,     166,      18,       4,       1,       3,       1,     10.0000,      1.3784,     42.2663,    242.7534,     61.0923,      3.4953,      0.0000,     -0.0304,      2.6884,      0.1285,      5.4518,     10.9035,      1.1354,     27.6293,     55.2587,      0.0188,      0.0022,      0.0156,      0.1954,   7459.9995,-419533.4062,   -950.7595,    538.2195,  24866.6660,
       1,     166,      18,       5,       1,       3,       1,     10.0000,      1.3784,     42.2663,    242.7534,     61.0923,      3.4953,      0.0000,     -0.0302,      2.3915,      0.1248,      5.4518,     10.9035,      1.1024,     27.6293,     55.2587,      0.0188,      0.0019,      0.0156,      0.1954,   7460.0000,-419002.1562,   -950.6312,    538.2552,  24866.6641,
       1,     166,      18,       6,       1,       3,       1,     10.0000,      1.3784,     42.2663,    242.7534,     61.0923,      3.4953,      0.0000,     -0.0302,      2.3513,      0.1248,      5.4518,     10.9035,      1.1024,     27.6293,     55.2587,      0.0188,      0.0019,      0.0156,      0.1954,   7459.9995,-418570.6250,   -950.5269,    538.2843,  24866.6621,
       1,     166,      18,       7,       1,       3,       1,     10.0000,      1.3784,     42.2663,    242.7534,     61.0923,      3.4953,      0.0000,     -0.0303,      2.1823,      0.1253,      5.4518,     10.9035,      1.1069,     27.6293,     55.2587,      0.0188,      0.0018,      0.0156,      0.1954,   7459.9990,-418480.9375,   -950.4958,    538.2902,  24866.6641,
       1,     166,      18,       8,       1,       3,       1,     10.0000,      1.3784,     42.2663,    242.7534,     61.0923,      3.4953,      0.0008,     -0.0294,      2.4699,      0.1255,      5.4518,     10.9035,      1.1091,     27.6293,     55.2587,      0.0188,      0.0020,      0.0156,      0.1954,   7459.9995,-418253.8438,   -950.4355,    538.3055,  24866.6641,
       1,     166,      18,       9,       1,       3,       1,     10.0000,      1.3784,     42.2663,    242.7534,     61.0923,      3.4953,      0.0720,      0.0415,     13.5800,      0.1302,      5.4518,     10.9035,      1.1504,     27.6293,     55.2587,      0.0188,      0.0020,      0.0850,      0.1954,   7459.9995,-418607.0938,   -950.4977,    538.2819,  24866.6621,
       1,     166,      18,      10,       1,       3,       1,     10.0000,      1.3784,     42.2663,    242.7534,     61.0923,      3.4953,      0.1575,      0.1263,     32.4676,      0.1500,      5.4518,     10.9035,      1.3252,     27.6293,     55.2587,      0.0188,      0.0020,      0.2089,      0.1954,   7459.9990,-433052.7812,   -953.5927,    537.3099,  24866.6641,
       1,     166,      18,      11,       1,       3,       1,     10.0000,      1.3784,     42.2663,    242.7534,     61.0923,      3.4953,      0.1841,      0.1524,     42.6123,      0.1659,      5.4518,     10.9035,      1.4663,     27.6293,     55.2587,      0.0188,      0.0022,      0.2473,      0.1954,   7459.9995,-458826.7812,   -959.1425,    535.5796,  24866.6641,
       1,     166,      18,      12,       1,       3,       1,     10.0000,      1.3784,     42.2663,    242.7534,     61.0923,      3.4953,      0.1863,      0.1541,     49.0067,      0.1804,      5.4518,     10.9035,      1.5942,     27.6293,     55.2587,      0.0188,      0.0025,      0.2500,      0.1954,   7459.9995,-474251.1875,   -962.5266,    534.5497,  24866.6641,
       1,     166,      18,      13,       1,       3,       1,     10.0000,      1.3784,     42.2663,    242.7534,     61.0923,      3.4953,      0.1867,      0.1543,     54.7463,      0.1872,      5.4518,     10.9035,      1.6538,     27.6293,     55.2587,      0.0188,      0.0028,      0.2500,      0.1954,   7459.9995,-483897.1562,   -964.7076,    533.9062,  24866.6641,
       1,     166,      18,      14,       1,       3,       1,     10.0000,      1.3784,     42.2663,    242.7534,     61.0923,      3.4953,      0.1868,      0.1543,     57.0315,      0.1917,      5.4518,     10.9035,      1.6936,     27.6293,     55.2587,      0.0188,      0.0029,      0.2500,      0.1953,   7459.9995,-492190.6250,   -966.6268,    533.3531,  24866.6641,
       1,     166,      18,      15,       1,       3,       1,     10.0000,      1.3784,     42.2663,    242.7534,     61.0923,      3.4953,      0.1884,      0.1560,     77.3977,      0.1896,      5.4518,     10.9035,      1.6752,     27.6293,     55.2587,      0.0188,      0.0039,      0.2500,      0.1953,   7459.9995,-495880.7812,   -967.5814,    533.1074,  24866.6621,
       1,     166,      18,      16,       1,       3,       1,     10.0000,      1.3784,     42.2663,    242.7534,     61.0923,      3.4953,      0.1896,      0.1574,     92.4968,      0.1840,      5.4518,     10.9035,      1.6262,     27.6293,     55.2587,      0.0188,      0.0046,      0.2500,      0.1953,   7459.9990,-522656.5000,   -973.5387,    531.3232,  24866.6621,
       1,     166,      18,      17,       1,       3,       1,     10.0000,      1.3784,     42.2663,    242.7534,     61.0923,      3.4953,      0.1864,      0.1543,    109.9758,      0.1792,      5.4518,     10.9035,      1.5832,     27.6293,     55.2587,      0.0188,      0.0057,      0.2431,      0.1953,   7459.9990,-544615.8750,   -978.5684,    529.8677,  24866.6621,
       1,     166,      18,      18,       1,       3,       1,     10.0000,      1.3784,     42.2663,    242.7534,     61.0923,      3.4953,      0.1714,      0.1396,    108.0876,      0.1674,      5.4518,     10.9035,      1.4795,     27.6293,     55.2587,      0.0188,      0.0061,      0.2208,      0.1953,   7459.9990,-569249.7500,   -984.2847,    528.2382,  24866.6621,
       1,     166,      18,      19,       1,       3,       1,     10.0000,      1.3784,     42.2663,    242.7534,     61.0923,      3.4953,      0.1158,      0.0844,     67.7674,      0.1564,      5.4518,     10.9035,      1.3823,     27.6293,     55.2587,      0.0188,      0.0060,      0.1429,      0.1952,   7459.9990,-568940.4375,   -984.7131,    528.2611,  24866.6621,
       1,     166,      18,      20,       1,       3,       1,     10.0000,      1.3784,     42.2663,    242.7534,     61.0923,      3.4953,      0.0086,     -0.0224,      7.2637,      0.1464,      5.4518,     10.9035,      1.2936,     27.6293,     55.2587,      0.0188,      0.0058,      0.0156,      0.1952,   7459.9990,-516472.5625,   -973.8238,    531.7256,  24866.6602,
       1,     166,      18,      21,       1,       3,       1,     10.0000,      1.3784,     42.2663,    242.7534,     61.0923,      3.4953,      0.0000,     -0.0309,      6.7287,      0.1433,      5.4518,     10.9035,      1.2665,     27.6293,     55.2587,      0.0188,      0.0054,      0.0156,      0.1953,   7459.9985,-433336.0938,   -956.0292,    537.2628,  24866.6582,
       1,     166,      18,      22,       1,       3,       1,     10.0000,      1.3784,     42.2663,    242.7534,     61.0923,      3.4953,      0.0000,     -0.0309,      6.9534,      0.1412,      5.4518,     10.9035,      1.2475,     27.6293,     55.2587,      0.0188,      0.0056,      0.0156,      0.1954,   7459.9976,-425486.7188,   -954.3128,    537.8188,  24866.6602,
       1,     166,      18,      23,       1,       3,       1,     10.0000,      1.3784,     42.2663,    242.7534,     61.0923,      3.4953,      0.0000,     -0.0309,      6.2267,      0.1415,      5.4518,     10.9035,      1.2500,     27.6293,     55.2587,      0.0188,      0.0050,      0.0156,      0.1954,   7459.9985,-425056.7500,   -954.1930,    537.8480,  24866.6602,
       1,     166,      18,      24,       1,       3,       1,     10.0000,      1.3784,     42.2663,    242.7534,     61.0923,      3.4953,      0.0000,     -0.0309,      5.2862,      0.1412,      5.4518,     10.9035,      1.2475,     27.6293,     55.2587,      0.0188,      0.0043,      0.0156,      0.1954,   7459.9985,-424075.8125,   -953.9583,    537.9139,  24866.6602,
       1,     166,      19,       1,       1,       3,       1,     10.0000,      1.3784,     42.2666,    242.7591,     61.0937,      3.4953,      0.0000,     -0.0309,      4.3434,      0.1412,      5.4516,     10.9033,      1.2475,     27.6364,     55.2729,      0.0188,      0.0035,      0.0156,      0.1954,   7459.9985,-422924.3750,   -954.0023,    538.0040,  24867.7734,
       1,     166,      19,       2,       1,       3,       1,     10.0000,      1.3784,     42.2666,    242.7591,     61.0937,      3.4953,      0.0000,     -0.0308,      4.0048,      0.1392,      5.4516,     10.9033,      1.2300,     27.6364,     55.2729,      0.0188,      0.0032,      0.0156,      0.1954,   7460.3325,-421448.1562,   -953.3587,    538.1032,  24867.7734,
       1,     166,      19,       3,       1,       3,       1,     10.0000,      1.3784,     42.2666,    242.7591,     61.0937,      3.4953,      0.0000,     -0.0308,      4.1870,      0.1399,      5.4516,     10.9033,      1.2362,     27.6364,     55.2729,      0.0188,      0.0034,      0.0156,      0.1954,   7460.3325,-420880.1250,   -953.2223,    538.1414,  24867.7734,
       1,     166,      19,       4,       1,       3,       1,     10.0000,      1.3784,     42.2666,    242.7591,     61.0937,      3.4953,      0.0000,     -0.0308,      4.1957,      0.1386,      5.4516,     10.9033,      1.2250,     27.6364,     55.2729,      0.0188,      0.0034,      0.0156,      0.1954,   7460.3325,-421067.0000,   -953.2481,    538.1289,  24867.7734,
       1,     166,      19,       5,       1,       3,       1,     10.0000,      1.3784,     42.2666,    242.7591,     61.0937,      3.4953,      0.0000,     -0.0308,      3.9166,      0.1396,      5.4516,     10.9033,      1.2337,     27.6364,     55.2729,      0.0188,      0.0032,      0.0156,      0.1954,   7460.3325,-421094.4375,   -953.2404,    538.1270,  24867.7734,
       1,     166,      19,       6,       1,       3,       1,     10.0000,      1.3784,     42.2666,    242.7591,     61.0937,      3.4953,      0.0000,     -0.0308,      3.6078,      0.1382,      5.4516,     10.9033,      1.2213,     27.6364,     55.2729,      0.0188,      0.0029,      0.0156,      0.1954,   7460.3325,-420734.7812,   -953.1499,    538.1512,  24867.7734,
       1,     166,      19,       7,       1,       3,       1,     10.0000,      1.3784,     42.2666,    242.7591,     61.0937,      3.4953,      0.0000,     -0.0308,      3.0079,      0.1402,      5.4516,     10.9033,      1.2387,     27.6364,     55.2729,      0.0188,      0.0024,      0.0156,      0.1954,   7460.3325,-420302.8125,   -953.0452,    538.1802,  24867.7734,
       1,     166,      19,       8,       1,       3,       1,     10.0000,      1.3784,     42.2666,    242.7591,     61.0937,      3.4953,      0.0008,     -0.0300,      3.1629,      0.1392,      5.4516,     10.9033,      1.2300,     27.6364,     55.2729,      0.0188,      0.0025,      0.0156,      0.1954,   7460.3325,-419486.8750,   -952.8596,    538.2352,  24867.7734,
       1,     166,      19,       9,       1,       3,       1,     10.0000,      1.3784,     42.2666,    242.7591,     61.0937,      3.4953,      0.0656,      0.0348,     14.1662,      0.1413,      5.4516,     10.9033,      1.2488,     27.6364,     55.2729,      0.0188,      0.0024,      0.0752,      0.1954,   7460.3325,-419616.7500,   -952.8779,    538.2264,  24867.7734,
       1,     166,      19,      10,       1,       3,       1,     10.0000,      1.3784,     42.2666,    242.7591,     61.0937,      3.4953,      0.1560,      0.1250,     40.1281,      0.1448,      5.4516,     10.9033,      1.2794,     27.6364,     55.2729,      0.0188,      0.0024,      0.2059,      0.1954,   7460.3325,-433902.7188,   -955.9780,    537.2653,  24867.7715,
       1,     166,      19,      11,       1,       3,       1,     10.0000,      1.3784,     42.2666,    242.7591,     61.0937,      3.4953,      0.1597,      0.1280,     39.3448,      0.1648,      5.4516,     10.9033,      1.4561,     27.6364,     55.2729,      0.0188,      0.0023,      0.2114,      0.1954,   7460.3315,-468840.0000,   -963.5916,    534.9199,  24867.7734,
       1,     166,      19,      12,       1,       3,       1,     10.0000,      1.3784,     42.2666,    242.7591,     61.0937,      3.4953,      0.1700,      0.1380,     43.4206,      0.1739,      5.4516,     10.9033,      1.5367,     27.6364,     55.2729,      0.0188,      0.0024,      0.2264,      0.1954,   7460.3325,-470882.0312,   -964.1443,    534.7884,  24867.7734,
       1,     166,      19,      13,       1,       3,       1,     10.0000,      1.3784,     42.2666,    242.7591,     61.0937,      3.4953,      0.1763,      0.1441,     43.1893,      0.1813,      5.4516,     10.9033,      1.6022,     27.6364,     55.2729,      0.0188,      0.0023,      0.2359,      0.1954,   7460.3325,-476344.7812,   -965.4486,    534.4232,  24867.7734,
       1,     166,      19,      14,       1,       3,       1,     10.0000,      1.3784,     42.2666,    242.7591,     61.0937,      3.4953,      0.1861,      0.1538,     46.3093,      0.1811,      5.4516,     10.9033,      1.6006,     27.6364,     55.2729,      0.0188,      0.0023,      0.2500,      0.1954,   7460.3325,-476520.3438,   -965.6190,    534.4117,  24867.7734,
       1,     166,      19,      15,       1,       3,       1,     10.0000,      1.3784,     42.2666,    242.7591,     61.0937,      3.4953,      0.1862,      0.1539,     47.9346,      0.1837,      5.4516,     10.9033,      1.6230,     27.6364,     55.2729,      0.0188,      0.0024,      0.2500,      0.1954,   7460.3325,-480586.3750,   -966.6197,    534.1401,  24867.7734,
       1,     166,      19,      16,       1,       3,       1,     10.0000,      1.3784,     42.2666,    242.7591,     61.0937,      3.4953,      0.1879,      0.1556,     70.6437,      0.1848,      5.4516,     10.9033,      1.6327,     27.6364,     55.2729,      0.0188,      0.0035,      0.2500,      0.1954,   7460.3325,-483050.8125,   -967.2866,    533.9756,  24867.7734,
       1,     166,      19,      17,       1,       3,       1,     10.0000,      1.3784,     42.2666,    242.7591,     61.0937,      3.4953,      0.1879,      0.1556,     82.6898,      0.1820,      5.4516,     10.9033,      1.6086,     27.6364,     55.2729,      0.0188,      0.0042,      0.2484,      0.1954,   7460.3325,-512754.0312,   -973.9144,    531.9930,  24867.7734,
       1,     166,      19,      18,       1,       3,       1,     10.0000,      1.3784,     42.2666,    242.7591,     61.0937,      3.4953,      0.1687,      0.1366,     78.5704,      0.1786,      5.4516,     10.9033,      1.5785,     27.6364,     55.2729,      0.0188,      0.0045,      0.2204,      0.1953,   7460.3325,-530998.8750,   -978.1660,    530.7834,  24867.7715,
       1,     166,      19,      19,       1,       3,       1,     10.0000,      1.3784,     42.2666,    242.7591,     61.0937,      3.4953,      0.1082,      0.0766,     46.4177,      0.1632,      5.4516,     10.9033,      1.4416,     27.6364,     55.2729,      0.0188,      0.0043,      0.1340,      0.1953,   7460.3315,-527231.4375,   -977.6909,    531.0349,  24867.7715,
       1,     166,      19,      20,       1,       3,       1,     10.0000,      1.3784,     42.2666,    242.7591,     61.0937,      3.4953,      0.0085,     -0.0228,      5.2766,      0.1524,      5.4516,     10.9033,      1.3467,     27.6364,     55.2729,      0.0188,      0.0042,      0.0156,      0.1953,   7460.3315,-485121.1250,   -968.8085,    533.8301,  24867.7715,
       1,     166,      19,      21,       1,       3,       1,     10.0000,      1.3784,     42.2666,    242.7591,     61.0937,      3.4953,      0.0000,     -0.0310,      4.9534,      0.1451,      5.4516,     10.9033,      1.2819,     27.6364,     55.2729,      0.0188,      0.0040,      0.0156,      0.1954,   7460.3315,-428060.2188,   -956.4716,    537.6451,  24867.7715,
       1,     166,      19,      22,       1,       3,       1,     10.0000,      1.3784,     42.2666,    242.7591,     61.0937,      3.4953,      0.0000,     -0.0308,      4.9436,      0.1395,      5.4516,     10.9033,      1.2325,     27.6364,     55.2729,      0.0188,      0.0040,      0.0156,      0.1954,   7460.3315,-422705.5000,   -955.6214,    538.0186,  24867.7695,
       1,     166,      19,      23,       1,       3,       1,     10.0000,      1.3784,     42.2666,    242.7591,     61.0937,      3.4953,      0.0000,     -0.0309,      4.8181,      0.1410,      5.4516,     10.9033,      1.2462,     27.6364,     55.2729,      0.0188,      0.0039,      0.0156,      0.1954,   7460.3311,-422208.5625,   -955.4994,    538.0522,  24867.7695,
       1,     166,      19,      24,       1,       3,       1,     10.0000,      1.3784,     42.2666,    242.7591,     61.0937,      3.4953,      0.0000,     -0.0309,      3.8446,      0.1425,      5.4516,     10.9033,      1.2589,     27.6364,     55.2729,      0.0188,      0.0031,      0.0156,      0.1954,   7460.3311,-422002.0625,   -955.4404,    538.0660,  24867.7695,
       1,     166,      20,       1,       1,       3,       1,     10.0000,      1.3785,     42.2669,    242.7648,     61.0951,      3.4953,      0.0000,     -0.0310,      2.9922,      0.1435,      5.4526,     10.9052,      1.2678,     27.6417,     55.2834,      0.0188,      0.0024,      0.0156,      0.1955,   7460.3311,-420876.7188,   -955.5007,    538.1543,  24868.8887,
       1,     166,      20,       2,       1,       3,       1,     10.0000,      1.3785,     42.2669,    242.7648,     61.0951,      3.4953,      0.0000,     -0.0310,      2.3353,      0.1454,      5.4526,     10.9052,      1.2845,     27.6417,     55.2834,      0.0188,      0.0019,      0.0156,      0.1955,   7460.6670,-419519.5625,   -954.8831,    538.2456,  24868.8906,
       1,     166,      20,       3,       1,       3,       1,     10.0000,      1.3785,     42.2669,    242.7648,     61.0951,      3.4953,      0.0000,     -0.0310,      1.6104,      0.1449,      5.4526,     10.9052,      1.2807,     27.6417,     55.2834,      0.0188,      0.0013,      0.0156,      0.1955,   7460.6675,-418548.6250,   -954.6649,    538.3110,  24868.8906,
       1,     166,      20,       4,       1,       3,       1,     10.0000,      1.3785,     42.2669,    242.7648,     61.0951,      3.4953,      0.0000,     -0.0310,      1.9096,      0.1441,      5.4526,     10.9052,      1.2729,     27.6417,     55.2834,      0.0188,      0.0015,      0.0156,      0.1955,   7460.6675,-417523.5625,   -954.4381,    538.3799,  24868.8906,
       1,     166,      20,       5,       1,       3,       1,     10.0000,      1.3785,     42.2669,    242.7648,     61.0951,      3.4953,      0.0000,     -0.0310,      2.1742,      0.1448,      5.4526,     10.9052,      1.2794,     27.6417,     55.2834,      0.0188,      0.0018,      0.0156,      0.1955,   7460.6675,-417822.1250,   -954.4988,    538.3599,  24868.8887,
       1,     166,      20,       6,       1,       3,       1,     10.0000,      1.3785,     42.2669,    242.7648,     61.0951,      3.4953,      0.0000,     -0.0310,      2.3385,      0.1438,      5.4526,     10.9052,      1.2704,     27.6417,     55.2834,      0.0188,      0.0019,      0.0156,      0.1955,   7460.6670,-418191.8125,   -954.5744,    538.3350,  24868.8887,
       1,     166,      20,       7,       1,       3,       1,     10.0000,      1.3785,     42.2669,    242.7648,     61.0951,      3.4953,      0.0000,     -0.0309,      2.3802,      0.1429,      5.4526,     10.9052,      1.2627,     27.6417,     55.2834,      0.0188,      0.0019,      0.0156,      0.1955,   7460.6670,-418437.2500,   -954.6222,    538.3184,  24868.8887,
       1,     166,      20,       8,       1,       3,       1,     10.0000,      1.3785,     42.2669,    242.7648,     61.0951,      3.4953,      0.0008,     -0.0301,      2.1702,      0.1419,      5.4526,     10.9052,      1.2538,     27.6417,     55.2834,      0.0188,      0.0017,      0.0156,      0.1955,   7460.6670,-418512.8438,   -954.6328,    538.3134,  24868.8887,
       1,     166,      20,       9,       1,       3,       1,     10.0000,      1.3785,     42.2669,    242.7648,     61.0951,      3.4953,      0.0623,      0.0312,      9.4150,      0.1476,      5.4526,     10.9052,      1.3041,     27.6417,     55.2834,      0.0188,      0.0017,      0.0705,      0.1955,   7460.6670,-418246.8750,   -954.5693,    538.3312,  24868.8887,
       1,     166,      20,      10,       1,       3,       1,     10.0000,      1.3785,     42.2669,    242.7648,     61.0951,      3.4953,      0.1541,      0.1225,     34.4675,      0.1604,      5.4526,     10.9052,      1.4174,     27.6417,     55.2834,      0.0188,      0.0021,      0.2036,      0.1955,   7460.6670,-427621.1250,   -956.6194,    537.7004,  24868.8887,
       1,     166,      20,      11,       1,       3,       1,     10.0000,      1.3785,     42.2669,    242.7648,     61.0951,      3.4953,      0.1817,      0.1497,     42.0636,      0.1750,      5.4526,     10.9052,      1.5459,     27.6417,     55.2834,      0.0188,      0.0022,      0.2439,      0.1954,   7460.6670,-460941.0312,   -963.9295,    535.4613,  24868.8887,
       1,     166,      20,      12,       1,       3,       1,     10.0000,      1.3785,     42.2669,    242.7648,     61.0951,      3.4953,      0.1858,      0.1532,     44.1507,      0.1928,      5.4526,     10.9052,      1.7037,     27.6417,     55.2834,      0.0188,      0.0022,      0.2500,      0.1954,   7460.6670,-473718.7812,   -966.8052,    534.6107,  24868.8887,
       1,     166,      20,      13,       1,       3,       1,     10.0000,      1.3785,     42.2669,    242.7648,     61.0951,      3.4953,      0.1855,      0.1528,     41.5970,      0.1998,      5.4526,     10.9052,      1.7654,     27.6417,     55.2834,      0.0188,      0.0021,      0.2500,      0.1954,   7460.6670,-477536.8750,   -968.0873,    534.3562,  24868.8867,
       1,     166,      20,      14,       1,       3,       1,     10.0000,      1.3785,     42.2669,    242.7648,     61.0951,      3.4953,      0.1861,      0.1533,     47.8489,      0.1980,      5.4526,     10.9052,      1.7498,     27.6417,     55.2834,      0.0188,      0.0024,      0.2500,      0.1954,   7460.6665,-474553.1875,   -967.5474,    534.5556,  24868.8867,
       1,     166,      20,      15,       1,       3,       1,     10.0000,      1.3785,     42.2669,    242.7648,     61.0951,      3.4953,      0.1872,      0.1545,     61.9062,      0.1970,      5.4526,     10.9052,      1.7412,     27.6417,     55.2834,      0.0188,      0.0031,      0.2500,      0.1954,   7460.6665,-482409.8438,   -969.3767,    534.0306,  24868.8887,
       1,     166,      20,      16,       1,       3,       1,     10.0000,      1.3785,     42.2669,    242.7648,     61.0951,      3.4953,      0.1890,      0.1565,     84.9620,      0.1898,      5.4526,     10.9052,      1.6770,     27.6417,     55.2834,      0.0188,      0.0043,      0.2500,      0.1954,   7460.6670,-501345.5625,   -973.6730,    532.7668,  24868.8867,
       1,     166,      20,      17,       1,       3,       1,     10.0000,      1.3785,     42.2669,    242.7648,     61.0951,      3.4953,      0.1874,      0.1552,    105.1525,      0.1802,      5.4526,     10.9052,      1.5927,     27.6417,     55.2834,      0.0188,      0.0054,      0.2452,      0.1954,   7460.6665,-532941.1875,   -980.8345,    530.6642,  24868.8848,
       1,     166,      20,      18,       1,       3,       1,     10.0000,      1.3785,     42.2669,    242.7648,     61.0951,      3.4953,      0.1689,      0.1368,     97.1639,      0.1765,      5.4526,     10.9052,      1.5598,     27.6417,     55.2834,      0.0188,      0.0056,      0.2184,      0.1953,   7460.6655,-561935.3750,   -987.5629,    528.7451,  24868.8848,
       1,     166,      20,      19,       1,       3,       1,     10.0000,      1.3785,     42.2669,    242.7648,     61.0951,      3.4953,      0.1144,      0.0826,     59.1475,      0.1663,      5.4526,     10.9052,      1.4693,     27.6417,     55.2834,      0.0188,      0.0052,      0.1417,      0.1953,   7460.6655,-554075.1875,   -986.3029,    529.2681,  24868.8848,
       1,     166,      20,      20,       1,       3,       1,     10.0000,      1.3785,     42.2669,    242.7648,     61.0951,      3.4953,      0.0110,     -0.0204,      6.2982,      0.1541,      5.4526,     10.9052,      1.3617,     27.6417,     55.2834,      0.0188,      0.0051,      0.0156,      0.1953,   7460.6655,-503971.5625,   -975.6904,    532.5831,  24868.8848,
       1,     166,      20,      21,       1,       3,       1,     10.0000,      1.3785,     42.2669,    242.7648,     61.0951,      3.4953,      0.0000,     -0.0312,      5.9406,      0.1497,      5.4526,     10.9052,      1.3226,     27.6417,     55.2834,      0.0188,      0.0048,      0.0156,      0.1954,   7460.6655,-431012.5000,   -959.8029,    537.4506,  24868.8848,
       1,     166,      20,      22,       1,       3,       1,     10.0000,      1.3785,     42.2669,    242.7648,     61.0951,      3.4953,      0.0000,     -0.0310,      5.6686,      0.1458,      5.4526,     10.9052,      1.2884,     27.6417,     55.2834,      0.0188,      0.0046,      0.0156,      0.1954,   7460.6655,-424257.4375,   -958.3080,    537.9267,  24868.8867,
       1,     166,      20,      23,       1,       3,       1,     10.0000,      1.3785,     42.2669,    242.7648,     61.0951,      3.4953,      0.0000,     -0.0311,      5.3614,      0.1470,      5.4526,     10.9052,      1.2989,     27.6417,     55.2834,      0.0188,      0.0043,      0.0156,      0.1955,   7460.6665,-423286.7812,   -958.0817,    537.9922,  24868.8828,
       1,     166,      20,      24,       1,       3,       1,     10.0000,      1.3785,     42.2669,    242.7648,     61.0951,      3.4953,      0.0000,     -0.0310,      4.8833,      0.1449,      5.4526,     10.9052,      1.2807,     27.6417,     55.2834,      0.0188,      0.0039,      0.0156,      0.1955,   7460.6650,-422803.8750,   -957.9647,    538.0247,  24868.8848,
       1,     166,      21,       1,       1,       3,       1,     10.0000,      1.3785,     42.2673,    242.7706,     61.0966,      3.4953,      0.0000,     -0.0309,      3.7531,      0.1420,      5.4525,     10.9050,      1.2551,     27.6480,     55.2960,      0.0188,      0.0030,      0.0156,      0.1955,   7460.6655,-422296.4688,   -958.1596,    538.0715,  24869.9980,
       1,     166,      21,       2,       1,       3,       1,     10.0000,      1.3785,     42.2673,    242.7706,     61.0966,      3.4953,      0.0000,     -0.0308,      3.2915,      0.1402,      5.4525,     10.9050,      1.2388,     27.6480,     55.2960,      0.0188,      0.0026,      0.0156,      0.1955,   7460.9995,-420633.6875,   -957.4713,    538.1833,  24869.9980,
       1,     166,      21,       3,       1,       3,       1,     10.0000,      1.3785,     42.2673,    242.7706,     61.0966,      3.4953,      0.0000,     -0.0308,      2.8352,      0.1403,      5.4525,     10.9050,      1.2400,     27.6480,     55.2960,      0.0188,      0.0023,      0.0156,      0.1955,   7460.9995,-419890.0000,   -957.3005,    538.2334,  24870.0000,
       1,     166,      21,       4,       1,       3,       1,     10.0000,      1.3785,     42.2673,    242.7706,     61.0966,      3.4953,      0.0000,     -0.0309,      2.7075,      0.1410,      5.4525,     10.9050,      1.2463,     27.6480,     55.2960,      0.0188,      0.0022,      0.0156,      0.1955,   7461.0005,-419233.0000,   -957.1497,    538.2775,  24869.9980,
       1,     166,      21,       5,       1,       3,       1,     10.0000,      1.3785,     42.2673,    242.7706,     61.0966,      3.4953,      0.0000,     -0.0309,      2.4580,      0.1428,      5.4525,     10.9050,      1.2615,     27.6480,     55.2960,      0.0188,      0.0020,      0.0156,      0.1955,   7460.9995,-419010.1875,   -957.0958,    538.2925,  24870.0000,
       1,     166,      21,       6,       1,       3,       1,     10.0000,      1.3785,     42.2673,    242.7706,     61.0966,      3.4953,      0.0000,     -0.0309,      2.1320,      0.1419,      5.4525,     10.9050,      1.2539,     27.6480,     55.2960,      0.0188,      0.0017,      0.0156,      0.1955,   7461.0005,-418667.0000,   -957.0150,    538.3157,  24870.0020,
       1,     166,      21,       7,       1,       3,       1,     10.0000,      1.3785,     42.2673,    242.7706,     61.0966,      3.4953,      0.0000,     -0.0308,      2.1835,      0.1398,      5.4525,     10.9050,      1.2350,     27.6480,     55.2960,      0.0188,      0.0018,      0.0156,      0.1955,   7461.0010,-418213.6562,   -956.9103,    538.3461,  24870.0000,
       1,     166,      21,       8,       1,       3,       1,     10.0000,      1.3785,     42.2673,    242.7706,     61.0966,      3.4953,      0.0008,     -0.0299,      2.1834,      0.1360,      5.4525,     10.9050,      1.2018,     27.6480,     55.2960,      0.0188,      0.0018,      0.0156,      0.1955,   7461.0005,-418241.4375,   -956.9133,    538.3443,  24870.0000,
       1,     166,      21,       9,       1,       3,       1,     10.0000,      1.3785,     42.2673,    242.7706,     61.0966,      3.4953,      0.0798,      0.0489,     13.8314,      0.1433,      5.4525,     10.9050,      1.2666,     27.6480,     55.2960,      0.0188,      0.0018,      0.0962,      0.1955,   7461.0005,-418243.7500,   -956.9092,    538.3442,  24870.0020,
       1,     166,      21,      10,       1,       3,       1,     10.0000,      1.3785,     42.2673,    242.7706,     61.0966,      3.4953,      0.1563,      0.1248,     33.5146,      0.1598,      5.4525,     10.9050,      1.4117,     27.6480,     55.2960,      0.0188,      0.0020,      0.2071,      0.1955,   7461.0010,-433350.5938,   -960.2447,    537.3276,  24870.0020,
       1,     166,      21,      11,       1,       3,       1,     10.0000,      1.3785,     42.2673,    242.7706,     61.0966,      3.4953,      0.1751,      0.1431,     40.6138,      0.1741,      5.4525,     10.9050,      1.5383,     27.6480,     55.2960,      0.0188,      0.0022,      0.2343,      0.1955,   7461.0010,-460205.7500,   -966.1982,    535.5248,  24869.9980,
       1,     166,      21,      12,       1,       3,       1,     10.0000,      1.3785,     42.2673,    242.7706,     61.0966,      3.4953,      0.1837,      0.1514,     41.7027,      0.1850,      5.4525,     10.9050,      1.6344,     27.6480,     55.2960,      0.0188,      0.0021,      0.2471,      0.1954,   7460.9995,-471767.8438,   -968.8306,    534.7538,  24870.0000,
       1,     166,      21,      13,       1,       3,       1,     10.0000,      1.3785,     42.2673,    242.7706,     61.0966,      3.4953,      0.1847,      0.1522,     30.4044,      0.1911,      5.4525,     10.9050,      1.6887,     27.6480,     55.2960,      0.0188,      0.0015,      0.2500,      0.1954,   7461.0005,-474185.5000,   -969.4766,    534.5927,  24869.9980,
       1,     166,      21,      14,       1,       3,       1,     10.0000,      1.3785,     42.2673,    242.7706,     61.0966,      3.4953,      0.1853,      0.1527,     37.3692,      0.1919,      5.4525,     10.9050,      1.6954,     27.6480,     55.2960,      0.0188,      0.0019,      0.2500,      0.1954,   7460.9995,-459729.6875,   -966.3928,    535.5588,  24870.0000,
       1,     166,      21,      15,       1,       3,       1,     10.0000,      1.3785,     42.2673,    242.7706,     61.0966,      3.4953,      0.1871,      0.1546,     61.0235,      0.1919,      5.4525,     10.9050,      1.6954,     27.6480,     55.2960,      0.0188,      0.0031,      0.2500,      0.1954,   7461.0005,-467512.6562,   -968.1757,    535.0386,  24870.0000,
       1,     166,      21,      16,       1,       3,       1,     10.0000,      1.3785,     42.2673,    242.7706,     61.0966,      3.4953,      0.1874,      0.1550,     90.4052,      0.1889,      5.4525,     10.9050,      1.6687,     27.6480,     55.2960,      0.0188,      0.0046,      0.2470,      0.1954,   7461.0005,-498891.2188,   -975.2174,    532.9402,  24870.0000,
       1,     166,      21,      17,       1,       3,       1,     10.0000,      1.3785,     42.2673,    242.7706,     61.0966,      3.4953,      0.1683,      0.1362,     85.7442,      0.1801,      5.4525,     10.9050,      1.5912,     27.6480,     55.2960,      0.0188,      0.0049,      0.2189,      0.1954,   7461.0005,-539787.7500,   -984.4984,    530.2200,  24870.0000,
       1,     166,      21,      18,       1,       3,       1,     10.0000,      1.3785,     42.2673,    242.7706,     61.0966,      3.4953,      0.1600,      0.1281,     84.1319,      0.1718,      5.4525,     10.9050,      1.5185,     27.6480,     55.2960,      0.0188,      0.0051,      0.2067,      0.1954,   7461.0005,-537303.0000,   -984.3315,    530.3916,  24869.9980,
       1,     166,      21,      19,       1,       3,       1,     10.0000,      1.3785,     42.2673,    242.7706,     61.0966,      3.4953,      0.0960,      0.0645,     47.5908,      0.1583,      5.4525,     10.9050,      1.3991,     27.6480,     55.2960,      0.0188,      0.0052,      0.1158,      0.1954,   7460.9995,-534983.3750,   -984.1969,    530.5454,  24870.0000,
       1,     166,      21,      20,       1,       3,       1,     10.0000,      1.3785,     42.2673,    242.7706,     61.0966,      3.4953,      0.0104,     -0.0206,      6.6192,      0.1466,      5.4525,     10.9050,      1.2950,     27.6480,     55.2960,      0.0188,      0.0053,      0.0156,      0.1954,   7461.0005,-487303.4062,   -973.9575,    533.7075,  24869.9980,
       1,     166,      21,      21,       1,       3,       1,     10.0000,      1.3785,     42.2673,    242.7706,     61.0966,      3.4953,      0.0000,     -0.0308,      7.1869,      0.1402,      5.4525,     10.9050,      1.2388,     27.6480,     55.2960,      0.0188,      0.0058,      0.0156,      0.1954,   7460.9995,-429997.9375,   -961.3691,    537.5400,  24869.9980,
       1,     166,      21,      22,       1,       3,       1,     10.0000,      1.3785,     42.2673,    242.7706,     61.0966,      3.4953,      0.0000,     -0.0308,      6.7382,      0.1382,      5.4525,     10.9050,      1.2214,     27.6480,     55.2960,      0.0188,      0.0054,      0.0156,      0.1955,   7460.9995,-425777.1562,   -960.4268,    537.8373,  24869.9961,
       1,     166,      21,      23,       1,       3,       1,     10.0000,      1.3785,     42.2673,    242.7706,     61.0966,      3.4953,      0.0000,     -0.0308,      6.4762,      0.1398,      5.4525,     10.9050,      1.2350,     27.6480,     55.2960,      0.0188,      0.0052,      0.0156,      0.1955,   7460.9990,-424809.5000,   -960.2037,    537.9025,  24869.9980,
       1,     166,      21,      24,       1,       3,       1,     10.0000,      1.3785,     42.2673,    242.7706,     61.0966,      3.4953,      0.0000,     -0.0308,      5.2015,      0.1391,      5.4525,     10.9050,      1.2288,     27.6480,     55.2960,      0.0188,      0.0042,      0.0156,      0.1955,   7460.9995,-424384.9062,   -960.1002,    537.9310,  24869.9961,
       1,     166,      22,       1,       1,       3,       1,     10.0000,      1.3785,     42.2676,    242.7763,     61.0980,      3.4953,      0.0000,     -0.0308,      4.3575,      0.1403,      5.4523,     10.9046,      1.2400,     27.6535,     55.3069,      0.0188,      0.0035,      0.0156,      0.1955,   7460.9990,-422849.5938,   -960.0733,    538.0469,  24871.1113,
       1,     166,      22,       2,       1,       3,       1,     10.0000,      1.3785,     42.2676,    242.7763,     61.0980,      3.4953,      0.0000,     -0.0308,      3.7808,      0.1391,      5.4523,     10.9046,      1.2288,     27.6535,     55.3069,      0.0188,      0.0030,      0.0156,      0.1955,   7461.3335,-421468.3125,   -959.4437,    538.1398,  24871.1113,
       1,     166,      22,       3,       1,       3,       1,     10.0000,      1.3785,     42.2676,    242.7763,     61.0980,      3.4953,      0.0000,     -0.0307,      3.4090,      0.1374,      5.4523,     10.9046,      1.2140,     27.6535,     55.3069,      0.0188,      0.0027,      0.0156,      0.1955,   7461.3335,-420599.8438,   -959.2460,    538.1982,  24871.1113,
       1,     166,      22,       4,       1,       3,       1,     10.0000,      1.3785,     42.2676,    242.7763,     61.0980,      3.4953,      0.0000,     -0.0307,      3.2587,      0.1356,      5.4523,     10.9046,      1.1982,     27.6535,     55.3069,      0.0188,      0.0026,      0.0156,      0.1955,   7461.3335,-420041.9688,   -959.1176,    538.2358,  24871.1113,
       1,     166,      22,       5,       1,       3,       1,     10.0000,      1.3785,     42.2676,    242.7763,     61.0980,      3.4953,      0.0000,     -0.0305,      3.0940,      0.1321,      5.4523,     10.9046,      1.1670,     27.6535,     55.3069,      0.0188,      0.0025,      0.0156,      0.1955,   7461.3335,-419798.3125,   -959.0591,    538.2521,  24871.1133,
       1,     166,      22,       6,       1,       3,       1,     10.0000,      1.3785,     42.2676,    242.7763,     61.0980,      3.4953,      0.0000,     -0.0306,      2.9622,      0.1340,      5.4523,     10.9046,      1.1837,     27.6535,     55.3069,      0.0188,      0.0024,      0.0156,      0.1955,   7461.3345,-419563.3125,   -959.0024,    538.2681,  24871.1113,
       1,     166,      22,       7,       1,       3,       1,     10.0000,      1.3785,     42.2676,    242.7763,     61.0980,      3.4953,      0.0000,     -0.0306,      2.9324,      0.1346,      5.4523,     10.9046,      1.1897,     27.6535,     55.3069,      0.0188,      0.0024,      0.0156,      0.1955,   7461.3335,-419372.0000,   -958.9562,    538.2809,  24871.1113,
       1,     166,      22,       8,       1,       3,       1,     10.0000,      1.3785,     42.2676,    242.7763,     61.0980,      3.4953,      0.0006,     -0.0301,      2.9051,      0.1359,      5.4523,     10.9046,      1.2006,     27.6535,     55.3069,      0.0188,      0.0023,      0.0156,      0.1955,   7461.3335,-419316.7188,   -958.9399,    538.2845,  24871.1133,
       1,     166,      22,       9,       1,       3,       1,     10.0000,      1.3785,     42.2676,    242.7763,     61.0980,      3.4953,      0.0645,      0.0337,     13.3432,      0.1398,      5.4523,     10.9046,      1.2351,     27.6535,     55.3069,      0.0188,      0.0023,      0.0737,      0.1955,   7461.3345,-419276.3438,   -958.9270,    538.2873,  24871.1113,
       1,     166,      22,      10,       1,       3,       1,     10.0000,      1.3785,     42.2676,    242.7763,     61.0980,      3.4953,      0.1559,      0.1246,     36.1860,      0.1543,      5.4523,     10.9046,      1.3631,     27.6535,     55.3069,      0.0188,      0.0022,      0.2061,      0.1955,   7461.3335,-432809.3750,   -961.9395,    537.3768,  24871.1113,
       1,     166,      22,      11,       1,       3,       1,     10.0000,      1.3785,     42.2676,    242.7763,     61.0980,      3.4953,      0.1809,      0.1493,     47.3345,      0.1609,      5.4523,     10.9046,      1.4217,     27.6535,     55.3069,      0.0188,      0.0025,      0.2419,      0.1955,   7461.3335,-463621.3438,   -968.8205,    535.3077,  24871.1133,
       1,     166,      22,      12,       1,       3,       1,     10.0000,      1.3785,     42.2676,    242.7763,     61.0980,      3.4953,      0.1867,      0.1548,     53.4382,      0.1717,      5.4523,     10.9046,      1.5170,     27.6535,     55.3069,      0.0188,      0.0027,      0.2500,      0.1955,   7461.3345,-480784.6250,   -972.7313,    534.1633,  24871.1113,
       1,     166,      22,      13,       1,       3,       1,     10.0000,      1.3785,     42.2676,    242.7763,     61.0980,      3.4953,      0.1869,      0.1547,     56.9346,      0.1801,      5.4523,     10.9046,      1.5912,     27.6535,     55.3069,      0.0188,      0.0029,      0.2500,      0.1955,   7461.3335,-490199.9062,   -974.9793,    533.5359,  24871.1133,
       1,     166,      22,      14,       1,       3,       1,     10.0000,      1.3785,     42.2676,    242.7763,     61.0980,      3.4953,      0.1874,      0.1551,     63.9183,      0.1835,      5.4523,     10.9046,      1.6215,     27.6535,     55.3069,      0.0188,      0.0032,      0.2500,      0.1954,   7461.3345,-495557.2188,   -976.3558,    533.1790,  24871.1094,
       1,     166,      22,      15,       1,       3,       1,     10.0000,      1.3785,     42.2676,    242.7763,     61.0980,      3.4953,      0.1884,      0.1560,     75.8495,      0.1850,      5.4523,     10.9046,      1.6344,     27.6535,     55.3069,      0.0188,      0.0038,      0.2500,      0.1954,   7461.3330,-505090.3438,   -978.6868,    532.5437,  24871.1094,
       1,     166,      22,      16,       1,       3,       1,     10.0000,      1.3785,     42.2676,    242.7763,     61.0980,      3.4953,      0.1887,      0.1570,     77.3256,      0.1622,      5.4523,     10.9046,      1.4331,     27.6535,     55.3069,      0.0188,      0.0039,      0.2500,      0.1954,   7461.3330,-521413.0312,   -982.5744,    531.4575,  24871.1094,
       1,     166,      22,      17,       1,       3,       1,     10.0000,      1.3785,     42.2676,    242.7763,     61.0980,      3.4953,      0.1898,      0.1587,     91.1174,      0.1497,      5.4523,     10.9046,      1.3227,     27.6535,     55.3069,      0.0188,      0.0046,      0.2500,      0.1954,   7461.3330,-524751.8750,   -983.6311,    531.2368,  24871.1074,
       1,     166,      22,      18,       1,       3,       1,     10.0000,      1.3785,     42.2676,    242.7763,     61.0980,      3.4953,      0.1730,      0.1422,     86.5194,      0.1388,      5.4523,     10.9046,      1.2263,     27.6535,     55.3069,      0.0188,      0.0048,      0.2254,      0.1954,   7461.3325,-542955.7500,   -988.0356,    530.0281,  24871.1055,
       1,     166,      22,      19,       1,       3,       1,     10.0000,      1.3785,     42.2676,    242.7763,     61.0980,      3.4953,      0.1121,      0.0812,     58.4489,      0.1435,      5.4523,     10.9046,      1.2679,     27.6535,     55.3069,      0.0188,      0.0053,      0.1387,      0.1954,   7461.3320,-538567.3750,   -987.4575,    530.3201,  24871.1074,
       1,     166,      22,      20,       1,       3,       1,     10.0000,      1.3785,     42.2676,    242.7763,     61.0980,      3.4953,      0.0110,     -0.0200,      6.3680,      0.1436,      5.4523,     10.9046,      1.2692,     27.6535,     55.3069,      0.0188,      0.0051,      0.0156,      0.1954,   7461.3325,-501714.4688,   -979.5752,    532.7632,  24871.1094,
       1,     166,      22,      21,       1,       3,       1,     10.0000,      1.3785,     42.2676,    242.7763,     61.0980,      3.4953,      0.0000,     -0.0308,      5.7118,      0.1399,      5.4523,     10.9046,      1.2363,     27.6535,     55.3069,      0.0188,      0.0046,      0.0156,      0.1954,   7461.3330,-430906.8125,   -963.9015,    537.4843,  24871.1094,
       1,     166,      22,      22,       1,       3,       1,     10.0000,      1.3785,     42.2676,    242.7763,     61.0980,      3.4953,      0.0000,     -0.0307,      4.4450,      0.1366,      5.4523,     10.9046,      1.2067,     27.6535,     55.3069,      0.0188,      0.0036,      0.0156,      0.1955,   7461.3330,-423954.5000,   -962.3464,    537.9724,  24871.1074,
       1,     166,      22,      23,       1,       3,       1,     10.0000,      1.3785,     42.2676,    242.7763,     61.0980,      3.4953,      0.0000,     -0.0306,      3.3152,      0.1348,      5.4523,     10.9046,      1.1909,     27.6535,     55.3069,      0.0188,      0.0027,      0.0156,      0.1955,   7461.3325,-421679.0938,   -961.8347,    538.1257,  24871.1074,
       1,     166,      22,      24,       1,       3,       1,     10.0000,      1.3785,     42.2676,    242.7763,     61.0980,      3.4953,      0.0000,     -0.0306,      3.1123,      0.1325,      5.4523,     10.9046,      1.1706,     27.6535,     55.3069,      0.0188,      0.0025,      0.0156,      0.1955,   7461.3325,-420015.0312,   -961.4594,    538.2376,  24871.1074,
       1,     166,      23,       1,       1,       3,       1,     10.0000,      1.3785,     42.2679,    242.7820,     61.0994,      3.4953,      0.0000,     -0.0306,      3.8517,      0.1326,      5.4525,     10.9050,      1.1718,     27.6604,     55.3207,      0.0188,      0.0031,      0.0156,      0.1955,   7461.3325,-419762.0938,   -961.7219,    538.2673,  24872.2246,
       1,     166,      23,       2,       1,       3,       1,     10.0000,      1.3785,     42.2679,    242.7820,     61.0994,      3.4953,      0.0000,     -0.0305,      3.4337,      0.1321,      5.4525,     10.9050,      1.1670,     27.6604,     55.3207,      0.0188,      0.0028,      0.0156,      0.1955,   7461.6675,-420545.7812,   -961.5718,    538.2146,  24872.2246,
       1,     166,      23,       3,       1,       3,       1,     10.0000,      1.3785,     42.2679,    242.7820,     61.0994,      3.4953,      0.0000,     -0.0306,      3.3958,      0.1341,      5.4525,     10.9050,      1.1849,     27.6604,     55.3207,      0.0188,      0.0027,      0.0156,      0.1955,   7461.6675,-420072.0000,   -961.4625,    538.2464,  24872.2246,
       1,     166,      23,       4,       1,       3,       1,     10.0000,      1.3785,     42.2679,    242.7820,     61.0994,      3.4953,      0.0000,     -0.0307,      3.6950,      0.1364,      5.4525,     10.9050,      1.2055,     27.6604,     55.3207,      0.0188,      0.0030,      0.0156,      0.1955,   7461.6675,-419981.5625,   -961.4391,    538.2526,  24872.2246,
       1,     166,      23,       5,       1,       3,       1,     10.0000,      1.3785,     42.2679,    242.7820,     61.0994,      3.4953,      0.0000,     -0.0305,      3.4897,      0.1322,      5.4525,     10.9050,      1.1682,     27.6604,     55.3207,      0.0188,      0.0028,      0.0156,      0.1955,   7461.6675,-420361.5938,   -961.5207,    538.2270,  24872.2246,
       1,     166,      23,       6,       1,       3,       1,     10.0000,      1.3785,     42.2679,    242.7820,     61.0994,      3.4953,      0.0000,     -0.0305,      3.3232,      0.1299,      5.4525,     10.9050,      1.1483,     27.6604,     55.3207,      0.0188,      0.0027,      0.0156,      0.1955,   7461.6675,-420128.5938,   -961.4652,    538.2426,  24872.2227,
       1,     166,      23,       7,       1,       3,       1,     10.0000,      1.3785,     42.2679,    242.7820,     61.0994,      3.4953,      0.0000,     -0.0303,      3.0062,      0.1248,      5.4525,     10.9050,      1.1025,     27.6604,     55.3207,      0.0188,      0.0024,      0.0156,      0.1955,   7461.6670,-419892.6875,   -961.4105,    538.2584,  24872.2227,
       1,     166,      23,       8,       1,       3,       1,     10.0000,      1.3785,     42.2679,    242.7820,     61.0994,      3.4953,      0.0005,     -0.0298,      3.4014,      0.1244,      5.4525,     10.9050,      1.0992,     27.6604,     55.3207,      0.0188,      0.0027,      0.0156,      0.1955,   7461.6670,-419461.2500,   -961.3112,    538.2875,  24872.2246,
       1,     166,      23,       9,       1,       3,       1,     10.0000,      1.3785,     42.2679,    242.7820,     61.0994,      3.4953,      0.0301,     -0.0004,      5.4796,      0.1303,      5.4525,     10.9050,      1.1518,     27.6604,     55.3207,      0.0188,      0.0029,      0.0241,      0.1955,   7461.6675,-419935.5000,   -961.4134,    538.2556,  24872.2246,
       1,     166,      23,      10,       1,       3,       1,     10.0000,      1.3785,     42.2679,    242.7820,     61.0994,      3.4953,      0.1184,      0.0872,     34.6525,      0.1497,      5.4525,     10.9050,      1.3227,     27.6604,     55.3207,      0.0188,      0.0029,      0.1507,      0.1955,   7461.6675,-422671.6875,   -962.0247,    538.0715,  24872.2246,
       1,     166,      23,      11,       1,       3,       1,     10.0000,      1.3785,     42.2679,    242.7820,     61.0994,      3.4953,      0.1824,      0.1509,     59.4266,      0.1612,      5.4525,     10.9050,      1.4246,     27.6604,     55.3207,      0.0188,      0.0031,      0.2428,      0.1955,   7461.6675,-460740.1875,   -970.5834,    535.5111,  24872.2246,
       1,     166,      23,      12,       1,       3,       1,     10.0000,      1.3785,     42.2679,    242.7820,     61.0994,      3.4953,      0.1870,      0.1552,     60.9218,      0.1707,      5.4525,     10.9050,      1.5080,     27.6604,     55.3207,      0.0188,      0.0031,      0.2496,      0.1955,   7461.6675,-496220.7500,   -978.6312,    533.1422,  24872.2227,
       1,     166,      23,      13,       1,       3,       1,     10.0000,      1.3785,     42.2679,    242.7820,     61.0994,      3.4953,      0.1876,      0.1553,     65.3973,      0.1817,      5.4525,     10.9050,      1.6055,     27.6604,     55.3207,      0.0188,      0.0033,      0.2500,      0.1955,   7461.6670,-501257.7812,   -979.9720,    532.8117,  24872.2207,
       1,     166,      23,      14,       1,       3,       1,     10.0000,      1.3785,     42.2679,    242.7820,     61.0994,      3.4953,      0.1882,      0.1557,     73.9713,      0.1890,      5.4525,     10.9050,      1.6705,     27.6604,     55.3207,      0.0188,      0.0037,      0.2500,      0.1955,   7461.6665,-507499.6875,   -981.6046,    532.3961,  24872.2207,
       1,     166,      23,      15,       1,       3,       1,     10.0000,      1.3785,     42.2679,    242.7820,     61.0994,      3.4953,      0.1895,      0.1570,     90.8407,      0.1900,      5.4525,     10.9050,      1.6788,     27.6604,     55.3207,      0.0188,      0.0046,      0.2500,      0.1954,   7461.6665,-519175.2188,   -984.4846,    531.6193,  24872.2227,
       1,     166,      23,      16,       1,       3,       1,     10.0000,      1.3785,     42.2679,    242.7820,     61.0994,      3.4953,      0.1909,      0.1585,    108.0454,      0.1852,      5.4525,     10.9050,      1.6361,     27.6604,     55.3207,      0.0188,      0.0054,      0.2500,      0.1954,   7461.6670,-542098.8125,   -989.9495,    530.0966,  24872.2207,
       1,     166,      23,      17,       1,       3,       1,     10.0000,      1.3785,     42.2679,    242.7820,     61.0994,      3.4953,      0.1872,      0.1551,    122.3606,      0.1772,      5.4525,     10.9050,      1.5662,     27.6604,     55.3207,      0.0188,      0.0063,      0.2428,      0.1954,   7461.6665,-566448.3125,   -995.8405,    528.4852,  24872.2207,
       1,     166,      23,      18,       1,       3,       1,     10.0000,      1.3785,     42.2679,    242.7820,     61.0994,      3.4953,      0.1680,      0.1362,    107.6045,      0.1666,      5.4525,     10.9050,      1.4723,     27.6604,     55.3207,      0.0188,      0.0063,      0.2158,      0.1954,   7461.6665,-587174.1250,  -1001.0280,    527.1185,  24872.2207,
       1,     166,      23,      19,       1,       3,       1,     10.0000,      1.3785,     42.2679,    242.7820,     61.0994,      3.4953,      0.1140,      0.0826,     72.9907,      0.1558,      5.4525,     10.9050,      1.3769,     27.6604,     55.3207,      0.0188,      0.0066,      0.1396,      0.1953,   7461.6665,-569792.1875,   -997.6922,    528.2655,  24872.2188,
       1,     166,      23,      20,       1,       3,       1,     10.0000,      1.3785,     42.2679,    242.7820,     61.0994,      3.4953,      0.0112,     -0.0198,      7.7389,      0.1448,      5.4525,     10.9050,      1.2795,     27.6604,     55.3207,      0.0188,      0.0062,      0.0156,      0.1954,   7461.6660,-523295.0000,   -987.6775,    531.3372,  24872.2188,
       1,     166,      23,      21,       1,       3,       1,     10.0000,      1.3785,     42.2679,    242.7820,     61.0994,      3.4953,      0.0000,     -0.0309,      7.7840,      0.1419,      5.4525,     10.9050,      1.2539,     27.6604,     55.3207,      0.0188,      0.0063,      0.0156,      0.1954,   7461.6660,-434540.7188,   -967.8491,    537.2410,  24872.2188,
       1,     166,      23,      22,       1,       3,       1,     10.0000,      1.3785,     42.2679,    242.7820,     61.0994,      3.4953,      0.0000,     -0.0308,      7.0138,      0.1389,      5.4525,     10.9050,      1.2276,     27.6604,     55.3207,      0.0188,      0.0056,      0.0156,      0.1955,   7461.6660,-426976.7500,   -966.1434,    537.7818,  24872.2168,
       1,     166,      23,      23,       1,       3,       1,     10.0000,      1.3785,     42.2679,    242.7820,     61.0994,      3.4953,      0.0000,     -0.0307,      6.4222,      0.1375,      5.4525,     10.9050,      1.2153,     27.6604,     55.3207,      0.0188,      0.0052,      0.0156,      0.1955,   7461.6655,-425276.9062,   -965.7587,    537.8963,  24872.2168,
       1,     166,      23,      24,       1,       3,       1,     10.0000,      1.3785,     42.2679,    242.7820,     61.0994,      3.4953,      0.0000,     -0.0306,      6.5273,      0.1345,      5.4525,     10.9050,      1.1885,     27.6604,     55.3207,      0.0188,      0.0053,      0.0156,      0.1955,   7461.6655,-424361.2188,   -965.5495,    537.9579,  24872.2168,
       1,     166,      24,       1,       1,       3,       1,     10.0000,      1.3786,     42.2683,    242.7878,     61.1009,      3.4953,      0.0000,     -0.0306,      4.5408,      0.1336,      5.4529,     10.9057,      1.1801,     27.6655,     55.3310,      0.0188,      0.0037,      0.0156,      0.1956,   7461.6655,-424572.5000,   -965.9217,    537.9564,  24873.3359,
       1,     166,      24,       2,       1,       3,       1,     10.0000,      1.3786,     42.2683,    242.7878,     61.1009,      3.4953,      0.0000,     -0.0306,      4.4209,      0.1329,      5.4529,     10.9057,      1.1742,     27.6655,     55.3310,      0.0188,      0.0036,      0.0156,      0.1956,   7462.0010,-421861.8438,   -964.9819,    538.1385,  24873.3359,
       1,     166,      24,       3,       1,       3,       1,     10.0000,      1.3786,     42.2683,    242.7878,     61.1009,      3.4953,      0.0000,     -0.0305,      4.2929,      0.1315,      5.4529,     10.9057,      1.1623,     27.6655,     55.3310,      0.0188,      0.0035,      0.0156,      0.1956,   7462.0010,-421470.1875,   -964.8915,    538.1650,  24873.3359,
       1,     166,      24,       4,       1,       3,       1,     10.0000,      1.3786,     42.2683,    242.7878,     61.1009,      3.4953,      0.0000,     -0.0304,      3.7805,      0.1282,      5.4529,     10.9057,      1.1332,     27.6655,     55.3310,      0.0188,      0.0030,      0.0156,      0.1956,   7462.0010,-421269.8125,   -964.8450,    538.1784,  24873.3359,
       1,     166,      24,       5,       1,       3,       1,     10.0000,      1.3786,     42.2683,    242.7878,     61.1009,      3.4953,      0.0000,     -0.0305,      3.3705,      0.1306,      5.4529,     10.9057,      1.1541,     27.6655,     55.3310,      0.0188,      0.0027,      0.0156,      0.1956,   7462.0010,-420588.2188,   -964.6895,    538.2244,  24873.3359,
       1,     166,      24,       6,       1,       3,       1,     10.0000,      1.3786,     42.2683,    242.7878,     61.1009,      3.4953,      0.0000,     -0.0305,      3.1853,      0.1309,      5.4529,     10.9057,      1.1565,     27.6655,     55.3310,      0.0188,      0.0026,      0.0156,      0.1956,   7462.0010,-419997.0625,   -964.5548,    538.2641,  24873.3359,
       1,     166,      24,       7,       1,       3,       1,     10.0000,      1.3786,     42.2683,    242.7878,     61.1009,      3.4953,      0.0000,     -0.0305,      3.3225,      0.1303,      5.4529,     10.9057,      1.1518,     27.6655,     55.3310,      0.0188,      0.0027,      0.0156,      0.1956,   7462.0010,-419705.3438,   -964.4878,    538.2838,  24873.3359,
       1,     166,      24,       8,       1,       3,       1,     10.0000,      1.3786,     42.2683,    242.7878,     61.1009,      3.4953,      0.0005,     -0.0297,      3.3580,      0.1234,      5.4529,     10.9057,      1.0903,     27.6655,     55.3310,      0.0188,      0.0027,      0.0156,      0.1956,   7462.0010,-419857.7500,   -964.5213,    538.2735,  24873.3359,
       1,     166,      24,       9,       1,       3,       1,     10.0000,      1.3786,     42.2683,    242.7878,     61.1009,      3.4953,      0.0804,      0.0502,     19.1771,      0.1234,      5.4529,     10.9057,      1.0903,     27.6655,     55.3310,      0.0188,      0.0025,      0.0969,      0.1956,   7462.0010,-419917.1250,   -964.5338,    538.2695,  24873.3359,
       1,     166,      24,      10,       1,       3,       1,     10.0000,      1.3786,     42.2683,    242.7878,     61.1009,      3.4953,      0.1573,      0.1263,     49.2523,      0.1463,      5.4529,     10.9057,      1.2925,     27.6655,     55.3310,      0.0188,      0.0030,      0.2067,      0.1956,   7462.0010,-440432.1562,   -969.1947,    536.8892,  24873.3359,
       1,     166,      24,      11,       1,       3,       1,     10.0000,      1.3786,     42.2683,    242.7878,     61.1009,      3.4953,      0.1770,      0.1454,     64.0003,      0.1624,      5.4529,     10.9057,      1.4346,     27.6655,     55.3310,      0.0188,      0.0034,      0.2342,      0.1955,   7462.0010,-481231.7812,   -978.4932,    534.1528,  24873.3359,
       1,     166,      24,      12,       1,       3,       1,     10.0000,      1.3786,     42.2683,    242.7878,     61.1009,      3.4953,      0.1872,      0.1553,     71.9755,      0.1707,      5.4529,     10.9057,      1.5081,     27.6655,     55.3310,      0.0188,      0.0036,      0.2485,      0.1955,   7462.0010,-503942.5625,   -983.7975,    532.6434,  24873.3379,
       1,     166,      24,      13,       1,       3,       1,     10.0000,      1.3786,     42.2683,    242.7878,     61.1009,      3.4953,      0.1882,      0.1562,     72.5923,      0.1738,      5.4529,     10.9057,      1.5353,     27.6655,     55.3310,      0.0188,      0.0036,      0.2500,      0.1955,   7462.0015,-516267.7812,   -986.8340,    531.8249,  24873.3359,
       1,     166,      24,      14,       1,       3,       1,     10.0000,      1.3786,     42.2683,    242.7878,     61.1009,      3.4953,      0.1875,      0.1555,     64.1987,      0.1744,      5.4529,     10.9057,      1.5415,     27.6655,     55.3310,      0.0188,      0.0032,      0.2500,      0.1955,   7462.0010,-518139.0625,   -987.5434,    531.7012,  24873.3359,
       1,     166,      24,      15,       1,       3,       1,     10.0000,      1.3786,     42.2683,    242.7878,     61.1009,      3.4953,      0.1887,      0.1568,     79.4401,      0.1734,      5.4529,     10.9057,      1.5323,     27.6655,     55.3310,      0.0188,      0.0040,      0.2500,      0.1955,   7462.0010,-507401.7500,   -985.3875,    532.4148,  24873.3379,
       1,     166,      24,      16,       1,       3,       1,     10.0000,      1.3786,     42.2683,    242.7878,     61.1009,      3.4953,      0.1903,      0.1584,     99.5693,      0.1729,      5.4529,     10.9057,      1.5277,     27.6655,     55.3310,      0.0188,      0.0050,      0.2500,      0.1955,   7462.0015,-526257.8750,   -989.9334,    531.1604,  24873.3340,
       1,     166,      24,      17,       1,       3,       1,     10.0000,      1.3786,     42.2683,    242.7878,     61.1009,      3.4953,      0.1896,      0.1578,    106.2186,      0.1681,      5.4529,     10.9057,      1.4857,     27.6655,     55.3310,      0.0188,      0.0054,      0.2482,      0.1955,   7462.0005,-554041.7500,   -996.5985,    529.3172,  24873.3359,
       1,     166,      24,      18,       1,       3,       1,     10.0000,      1.3786,     42.2683,    242.7878,     61.1009,      3.4953,      0.1622,      0.1309,     83.4767,      0.1533,      5.4529,     10.9057,      1.3550,     27.6655,     55.3310,      0.0188,      0.0050,      0.2099,      0.1954,   7462.0010,-565102.2500,   -999.5692,    528.5884,  24873.3340,
       1,     166,      24,      19,       1,       3,       1,     10.0000,      1.3786,     42.2683,    242.7878,     61.1009,      3.4953,      0.1085,      0.0773,     48.3731,      0.1504,      5.4529,     10.9057,      1.3294,     27.6655,     55.3310,      0.0188,      0.0045,      0.1344,      0.1954,   7462.0005,-536507.6875,   -993.5275,    530.4784,  24873.3320,
       1,     166,      24,      20,       1,       3,       1,     10.0000,      1.3786,     42.2683,    242.7878,     61.1009,      3.4953,      0.0100,     -0.0212,      5.1750,      0.1495,      5.4529,     10.9057,      1.3214,     27.6655,     55.3310,      0.0188,      0.0042,      0.0156,      0.1954,   7462.0000,-488440.6562,   -982.8963,    533.6690,  24873.3301,
       1,     166,      24,      21,       1,       3,       1,     10.0000,      1.3786,     42.2683,    242.7878,     61.1009,      3.4953,      0.0000,     -0.0311,      5.3574,      0.1472,      5.4529,     10.9057,      1.3003,     27.6655,     55.3310,      0.0188,      0.0043,      0.0156,      0.1955,   7461.9995,-428227.8125,   -969.2667,    537.6954,  24873.3301,
       1,     166,      24,      22,       1,       3,       1,     10.0000,      1.3786,     42.2683,    242.7878,     61.1009,      3.4953,      0.0000,     -0.0311,      4.9506,      0.1470,      5.4529,     10.9057,      1.2990,     27.6655,     55.3310,      0.0188,      0.0040,      0.0156,      0.1956,   7461.9995,-423259.7812,   -968.1340,    538.0445,  24873.3320,
       1,     166,      24,      23,       1,       3,       1,     10.0000,      1.3786,     42.2683,    242.7878,     61.1009,      3.4953,      0.0000,     -0.0311,      3.9275,      0.1473,      5.4529,     10.9057,      1.3016,     27.6655,     55.3310,      0.0188,      0.0032,      0.0156,      0.1956,   7462.0000,-422279.5312,   -967.9098,    538.1106,  24873.3320,
       1,     166,      24,      24,       1,       3,       1,     10.0000,      1.3786,     42.2683,    242.7878,     61.1009,      3.4953,      0.0000,     -0.0311,      3.7444,      0.1479,      5.4529,     10.9057,      1.3068,     27.6655,     55.3310,      0.0188,      0.0030,      0.0156,      0.1956,   7462.0000,-420867.2500,   -967.5875,    538.2055,  24873.3301,
       1,     166,      25,       1,       1,       3,       1,     10.0000,      1.3786,     42.2686,    242.7935,     61.1023,      3.4953,      0.0000,     -0.0311,      3.9459,      0.1472,      5.4527,     10.9055,      1.3003,     27.6724,     55.3448,      0.0188,      0.0032,      0.0156,      0.1956,   7461.9995,-420662.2500,   -967.8706,    538.2319,  24874.4473,
       1,     166,      25,       2,       1,       3,       1,     10.0000,      1.3786,     42.2686,    242.7935,     61.1023,      3.4953,      0.0000,     -0.0311,      3.7131,      0.1460,      5.4527,     10.9055,      1.2899,     27.6724,     55.3448,      0.0188,      0.0030,      0.0156,      0.1956,   7462.3345,-420752.7812,   -967.5630,    538.2260,  24874.4473,
       1,     166,      25,       3,       1,       3,       1,     10.0000,      1.3786,     42.2686,    242.7935,     61.1023,      3.4953,      0.0000,     -0.0310,      3.4949,      0.1438,      5.4527,     10.9055,      1.2705,     27.6724,     55.3448,      0.0188,      0.0028,      0.0156,      0.1956,   7462.3345,-420458.7188,   -967.4962,    538.2457,  24874.4473,
       1,     166,      25,       4,       1,       3,       1,     10.0000,      1.3786,     42.2686,    242.7935,     61.1023,      3.4953,      0.0000,     -0.0309,      3.3979,      0.1425,      5.4527,     10.9055,      1.2591,     27.6724,     55.3448,      0.0188,      0.0027,      0.0156,      0.1956,   7462.3345,-420150.1875,   -967.4260,    538.2665,  24874.4473,
       1,     166,      25,       5,       1,       3,       1,     10.0000,      1.3786,     42.2686,    242.7935,     61.1023,      3.4953,      0.0000,     -0.0309,      3.4276,      0.1406,      5.4527,     10.9055,      1.2426,     27.6724,     55.3448,      0.0188,      0.0028,      0.0156,      0.1956,   7462.3345,-419997.5000,   -967.3914,    538.2768,  24874.4473,
       1,     166,      25,       6,       1,       3,       1,     10.0000,      1.3786,     42.2686,    242.7935,     61.1023,      3.4953,      0.0000,     -0.0307,      3.3446,      0.1351,      5.4527,     10.9055,      1.1934,     27.6724,     55.3448,      0.0188,      0.0027,      0.0156,      0.1956,   7462.3345,-420022.6250,   -967.3974,    538.2750,  24874.4473,
       1,     166,      25,       7,       1,       3,       1,     10.0000,      1.3786,     42.2686,    242.7935,     61.1023,      3.4953,      0.0000,     -0.0306,      3.2293,      0.1328,      5.4527,     10.9055,      1.1730,     27.6724,     55.3448,      0.0188,      0.0026,      0.0156,      0.1956,   7462.3345,-419917.2500,   -967.3738,    538.2822,  24874.4473,
       1,     166,      25,       8,       1,       3,       1,     10.0000,      1.3786,     42.2686,    242.7935,     61.1023,      3.4953,      0.0007,     -0.0297,      3.2281,      0.1293,      5.4527,     10.9055,      1.1425,     27.6724,     55.3448,      0.0188,      0.0026,      0.0156,      0.1956,   7462.3345,-419758.6875,   -967.3378,    538.2928,  24874.4473,
       1,     166,      25,       9,       1,       3,       1,     10.0000,      1.3786,     42.2686,    242.7935,     61.1023,      3.4953,      0.0646,      0.0339,     15.8370,      0.1368,      5.4527,     10.9055,      1.2092,     27.6724,     55.3448,      0.0188,      0.0027,      0.0735,      0.1956,   7462.3345,-419743.2188,   -967.3345,    538.2939,  24874.4473,
       1,     166,      25,      10,       1,       3,       1,     10.0000,      1.3786,     42.2686,    242.7935,     61.1023,      3.4953,      0.1539,      0.1227,     46.1969,      0.1508,      5.4527,     10.9055,      1.3321,     27.6724,     55.3448,      0.0188,      0.0029,      0.2019,      0.1956,   7462.3345,-436087.7188,   -971.0842,    537.1941,  24874.4492,
       1,     166,      25,      11,       1,       3,       1,     10.0000,      1.3786,     42.2686,    242.7935,     61.1023,      3.4953,      0.1726,      0.1409,     38.8184,      0.1633,      5.4527,     10.9055,      1.4433,     27.6724,     55.3448,      0.0188,      0.0021,      0.2306,      0.1956,   7462.3350,-476883.4688,   -980.4626,    534.4558,  24874.4473,
       1,     166,      25,      12,       1,       3,       1,     10.0000,      1.3786,     42.2686,    242.7935,     61.1023,      3.4953,      0.1858,      0.1538,     41.9486,      0.1724,      5.4527,     10.9055,      1.5232,     27.6724,     55.3448,      0.0188,      0.0021,      0.2500,      0.1955,   7462.3345,-470882.7500,   -979.2090,    534.8636,  24874.4473,
       1,     166,      25,      13,       1,       3,       1,     10.0000,      1.3786,     42.2686,    242.7935,     61.1023,      3.4953,      0.1852,      0.1530,     35.0184,      0.1806,      5.4527,     10.9055,      1.5961,     27.6724,     55.3448,      0.0188,      0.0018,      0.2500,      0.1955,   7462.3345,-474413.2500,   -980.1188,    534.6277,  24874.4473,
       1,     166,      25,      14,       1,       3,       1,     10.0000,      1.3786,     42.2686,    242.7935,     61.1023,      3.4953,      0.1858,      0.1534,     50.3799,      0.1870,      5.4527,     10.9055,      1.6525,     27.6724,     55.3448,      0.0188,      0.0025,      0.2492,      0.1955,   7462.3345,-465728.9375,   -978.2380,    535.2082,  24874.4453,
       1,     166,      25,      15,       1,       3,       1,     10.0000,      1.3786,     42.2686,    242.7935,     61.1023,      3.4953,      0.1879,      0.1554,     70.2834,      0.1900,      5.4527,     10.9055,      1.6788,     27.6724,     55.3448,      0.0188,      0.0035,      0.2500,      0.1955,   7462.3340,-484902.4375,   -982.7227,    533.9258,  24874.4453,
       1,     166,      25,      16,       1,       3,       1,     10.0000,      1.3786,     42.2686,    242.7935,     61.1023,      3.4953,      0.1891,      0.1568,     91.0031,      0.1839,      5.4527,     10.9055,      1.6248,     27.6724,     55.3448,      0.0188,      0.0046,      0.2493,      0.1955,   7462.3340,-512402.2500,   -989.1943,    532.0919,  24874.4453,
       1,     166,      25,      17,       1,       3,       1,     10.0000,      1.3786,     42.2686,    242.7935,     61.1023,      3.4953,      0.1883,      0.1562,    102.7407,      0.1790,      5.4527,     10.9055,      1.5819,     27.6724,     55.3448,      0.0188,      0.0052,      0.2467,      0.1955,   7462.3340,-541699.2500,   -996.1971,    530.1465,  24874.4453,
       1,     166,      25,      18,       1,       3,       1,     10.0000,      1.3786,     42.2686,    242.7935,     61.1023,      3.4953,      0.1703,      0.1384,    101.8507,      0.1715,      5.4527,     10.9055,      1.5156,     27.6724,     55.3448,      0.0188,      0.0058,      0.2199,      0.1955,   7462.3340,-559496.7500,  -1000.6852,    528.9706,  24874.4453,
       1,     166,      25,      19,       1,       3,       1,     10.0000,      1.3786,     42.2686,    242.7935,     61.1023,      3.4953,      0.1270,      0.0954,     79.4230,      0.1625,      5.4527,     10.9055,      1.4361,     27.6724,     55.3448,      0.0188,      0.0063,      0.1582,      0.1954,   7462.3340,-559885.6250,  -1001.2482,    528.9463,  24874.4473,
       1,     166,      25,      20,       1,       3,       1,     10.0000,      1.3786,     42.2686,    242.7935,     61.1023,      3.4953,      0.0093,     -0.0219,      7.2694,      0.1503,      5.4527,     10.9055,      1.3281,     27.6724,     55.3448,      0.0188,      0.0059,      0.0156,      0.1954,   7462.3345,-530778.6250,   -995.0099,    530.8708,  24874.4434,
       1,     166,      25,      21,       1,       3,       1,     10.0000,      1.3786,     42.2686,    242.7935,     61.1023,      3.4953,      0.0000,     -0.0309,      6.7806,      0.1422,      5.4527,     10.9055,      1.2565,     27.6724,     55.3448,      0.0188,      0.0055,      0.0156,      0.1955,   7462.3335,-434565.5625,   -973.1365,    537.2589,  24874.4434,
       1,     166,      25,      22,       1,       3,       1,     10.0000,      1.3786,     42.2686,    242.7935,     61.1023,      3.4953,      0.0000,     -0.0307,      6.4259,      0.1367,      5.4527,     10.9055,      1.2080,     27.6724,     55.3448,      0.0188,      0.0052,      0.0156,      0.1956,   7462.3335,-425689.8750,   -971.1018,    537.8935,  24874.4434,
       1,     166,      25,      23,       1,       3,       1,     10.0000,      1.3786,     42.2686,    242.7935,     61.1023,      3.4953,      0.0000,     -0.0306,      6.0932,      0.1336,      5.4527,     10.9055,      1.1802,     27.6724,     55.3448,      0.0188,      0.0049,      0.0156,      0.1956,   7462.3335,-424407.3750,   -970.8085,    537.9801,  24874.4434,
       1,     166,      25,      24,       1,       3,       1,     10.0000,      1.3786,     42.2686,    242.7935,     61.1023,      3.4953,      0.0000,     -0.0306,      5.9636,      0.1323,      5.4527,     10.9055,      1.1695,     27.6724,     55.3448,      0.0188,      0.0048,      0.0156,      0.1956,   7462.3335,-423863.6875,   -970.6852,    538.0167,  24874.4434,
       1,     166,      26,       1,       1,       3,       1,     10.0000,      1.3786,     42.2689,    242.7992,     61.1037,      3.4953,      0.0000,     -0.0305,      5.1967,      0.1310,      5.4528,     10.9057,      1.1577,     27.6791,     55.3581,      0.0188,      0.0042,      0.0156,      0.1956,   7462.3335,-423802.9062,   -971.0043,    538.0334,  24875.5586,
       1,     166,      26,       2,       1,       3,       1,     10.0000,      1.3786,     42.2689,    242.7992,     61.1037,      3.4953,      0.0000,     -0.0304,      4.5787,      0.1284,      5.4528,     10.9057,      1.1344,     27.6791,     55.3581,      0.0188,      0.0037,      0.0156,      0.1956,   7462.6680,-422650.7812,   -970.4102,    538.1109,  24875.5566,
       1,     166,      26,       3,       1,       3,       1,     10.0000,      1.3786,     42.2689,    242.7992,     61.1037,      3.4953,      0.0000,     -0.0302,      3.4571,      0.1230,      5.4528,     10.9057,      1.0870,     27.6791,     55.3581,      0.0188,      0.0028,      0.0156,      0.1956,   7462.6675,-421749.2812,   -970.2047,    538.1714,  24875.5566,
       1,     166,      26,       4,       1,       3,       1,     10.0000,      1.3786,     42.2689,    242.7992,     61.1037,      3.4953,      0.0000,     -0.0303,      2.7646,      0.1244,      5.4528,     10.9057,      1.0992,     27.6791,     55.3581,      0.0188,      0.0022,      0.0156,      0.1956,   7462.6675,-420217.0312,   -969.8531,    538.2746,  24875.5566,
       1,     166,      26,       5,       1,       3,       1,     10.0000,      1.3786,     42.2689,    242.7992,     61.1037,      3.4953,      0.0000,     -0.0304,      2.8915,      0.1277,      5.4528,     10.9057,      1.1287,     27.6791,     55.3581,      0.0188,      0.0023,      0.0156,      0.1956,   7462.6675,-419185.5938,   -969.6166,    538.3441,  24875.5566,
       1,     166,      26,       6,       1,       3,       1,     10.0000,      1.3786,     42.2689,    242.7992,     61.1037,      3.4953,      0.0000,     -0.0304,      2.9308,      0.1288,      5.4528,     10.9057,      1.1379,     27.6791,     55.3581,      0.0188,      0.0024,      0.0156,      0.1956,   7462.6675,-419260.0625,   -969.6348,    538.3391,  24875.5566,
       1,     166,      26,       7,       1,       3,       1,     10.0000,      1.3786,     42.2689,    242.7992,     61.1037,      3.4953,      0.0000,     -0.0302,      2.2983,      0.1243,      5.4528,     10.9057,      1.0981,     27.6791,     55.3581,      0.0188,      0.0018,      0.0156,      0.1956,   7462.6675,-419317.5312,   -969.6492,    538.3351,  24875.5566,
       1,     166,      26,       8,       1,       3,       1,     10.0000,      1.3786,     42.2689,    242.7992,     61.1037,      3.4953,      0.0007,     -0.0294,      1.7072,      0.1214,      5.4528,     10.9057,      1.0727,     27.6791,     55.3581,      0.0188,      0.0014,      0.0156,      0.1956,   7462.6675,-418502.6875,   -969.4622,    538.3900,  24875.5566,
       1,     166,      26,       9,       1,       3,       1,     10.0000,      1.3786,     42.2689,    242.7992,     61.1037,      3.4953,      0.0623,      0.0320,      9.3334,      0.1239,      5.4528,     10.9057,      1.0948,     27.6791,     55.3581,      0.0188,      0.0016,      0.0713,      0.1956,   7462.6675,-417665.3750,   -969.2701,    538.4463,  24875.5566,
       1,     166,      26,      10,       1,       3,       1,     10.0000,      1.3786,     42.2689,    242.7992,     61.1037,      3.4953,      0.1580,      0.1277,     33.4094,      0.1266,      5.4528,     10.9057,      1.1184,     27.6791,     55.3581,      0.0188,      0.0020,      0.2095,      0.1956,   7462.6675,-427477.2812,   -971.6786,    537.7859,  24875.5566,
       1,     166,      26,      11,       1,       3,       1,     10.0000,      1.3786,     42.2689,    242.7992,     61.1037,      3.4953,      0.1861,      0.1549,     43.0015,      0.1485,      5.4528,     10.9057,      1.3122,     27.6791,     55.3581,      0.0188,      0.0022,      0.2500,      0.1956,   7462.6675,-459545.6875,   -979.0992,    535.6306,  24875.5547,
       1,     166,      26,      12,       1,       3,       1,     10.0000,      1.3786,     42.2689,    242.7992,     61.1037,      3.4953,      0.1862,      0.1544,     46.0265,      0.1671,      5.4528,     10.9057,      1.4769,     27.6791,     55.3581,      0.0188,      0.0023,      0.2500,      0.1956,   7462.6665,-474793.1250,   -982.6886,    534.6140,  24875.5547,
       1,     166,      26,      13,       1,       3,       1,     10.0000,      1.3786,     42.2689,    242.7992,     61.1037,      3.4953,      0.1856,      0.1536,     40.4067,      0.1765,      5.4528,     10.9057,      1.5600,     27.6791,     55.3581,      0.0188,      0.0020,      0.2500,      0.1956,   7462.6665,-480041.5312,   -984.0124,    534.2642,  24875.5566,
       1,     166,      26,      14,       1,       3,       1,     10.0000,      1.3786,     42.2689,    242.7992,     61.1037,      3.4953,      0.1868,      0.1545,     55.7471,      0.1828,      5.4528,     10.9057,      1.6152,     27.6791,     55.3581,      0.0188,      0.0028,      0.2500,      0.1956,   7462.6675,-473205.9688,   -982.5615,    534.7209,  24875.5547,
       1,     166,      26,      15,       1,       3,       1,     10.0000,      1.3786,     42.2689,    242.7992,     61.1037,      3.4953,      0.1859,      0.1536,     43.7054,      0.1828,      5.4528,     10.9057,      1.6152,     27.6791,     55.3581,      0.0188,      0.0022,      0.2500,      0.1956,   7462.6665,-492512.3125,   -987.2858,    533.4307,  24875.5527,
       1,     166,      26,      16,       1,       3,       1,     10.0000,      1.3786,     42.2689,    242.7992,     61.1037,      3.4953,      0.1881,      0.1560,     72.2658,      0.1788,      5.4528,     10.9057,      1.5803,     27.6791,     55.3581,      0.0188,      0.0036,      0.2500,      0.1955,   7462.6660,-478570.4062,   -984.2374,    534.3618,  24875.5547,
       1,     166,      26,      17,       1,       3,       1,     10.0000,      1.3786,     42.2689,    242.7992,     61.1037,      3.4953,      0.1884,      0.1563,    103.6756,      0.1752,      5.4528,     10.9057,      1.5477,     27.6791,     55.3581,      0.0188,      0.0053,      0.2466,      0.1956,   7462.6665,-514411.8125,   -992.6655,    531.9685,  24875.5508,
       1,     166,      26,      18,       1,       3,       1,     10.0000,      1.3786,     42.2689,    242.7992,     61.1037,      3.4953,      0.1713,      0.1395,    111.8815,      0.1658,      5.4528,     10.9057,      1.4651,     27.6791,     55.3581,      0.0188,      0.0064,      0.2202,      0.1955,   7462.6655,-558316.8750,  -1003.1151,    529.0544,  24875.5527,
       1,     166,      26,      19,       1,       3,       1,     10.0000,      1.3786,     42.2689,    242.7992,     61.1037,      3.4953,      0.1178,      0.0865,     77.3508,      0.1527,      5.4528,     10.9057,      1.3496,     27.6791,     55.3581,      0.0188,      0.0067,      0.1449,      0.1955,   7462.6660,-572809.3125,  -1006.9371,    528.1039,  24875.5527,
       1,     166,      26,      20,       1,       3,       1,     10.0000,      1.3786,     42.2689,    242.7992,     61.1037,      3.4953,      0.0110,     -0.0198,      7.8642,      0.1398,      5.4528,     10.9057,      1.2352,     27.6791,     55.3581,      0.0188,      0.0063,      0.0156,      0.1954,   7462.6660,-529192.1250,   -997.3320,    530.9841,  24875.5527,
       1,     166,      26,      21,       1,       3,       1,     10.0000,      1.3786,     42.2689,    242.7992,     61.1037,      3.4953,      0.0000,     -0.0306,      7.4076,      0.1344,      5.4528,     10.9057,      1.1874,     27.6791,     55.3581,      0.0188,      0.0060,      0.0156,      0.1955,   7462.6660,-435210.0312,   -975.8078,    537.2299,  24875.5527,
       1,     166,      26,      22,       1,       3,       1,     10.0000,      1.3786,     42.2689,    242.7992,     61.1037,      3.4953,      0.0000,     -0.0306,      7.2676,      0.1325,      5.4528,     10.9057,      1.1707,     27.6791,     55.3581,      0.0188,      0.0058,      0.0156,      0.1956,   7462.6660,-426559.0000,   -973.8088,    537.8477,  24875.5527,
       1,     166,      26,      23,       1,       3,       1,     10.0000,      1.3786,     42.2689,    242.7992,     61.1037,      3.4953,      0.0000,     -0.0305,      6.7752,      0.1315,      5.4528,     10.9057,      1.1624,     27.6791,     55.3581,      0.0188,      0.0055,      0.0156,      0.1956,   7462.6660,-425576.8438,   -973.5818,    537.9141,  24875.5527,
       1,     166,      26,      24,       1,       3,       1,     10.0000,      1.3786,     42.2689,    242.7992,     61.1037,      3.4953,      0.0000,     -0.0305,      5.8048,      0.1302,      5.4528,     10.9057,      1.1507,     27.6791,     55.3581,      0.0188,      0.0047,      0.0156,      0.1956,   7462.6660,-424852.3438,   -973.4147,    537.9628,  24875.5527,
       1,     166,      27,       1,       1,       3,       1,     10.0000,      1.3786,     42.2693,    242.8050,     61.1052,      3.4953,      0.0000,     -0.0304,      4.5891,      0.1292,      5.4530,     10.9061,      1.1414,     27.6861,     55.3722,      0.0188,      0.0037,      0.0156,      0.1956,   7462.6660,-423686.3750,   -973.4797,    538.0538,  24876.6699,
       1,     166,      27,       2,       1,       3,       1,     10.0000,      1.3786,     42.2693,    242.8050,     61.1052,      3.4953,      0.0000,     -0.0304,      3.9129,      0.1283,      5.4530,     10.9061,      1.1333,     27.6861,     55.3722,      0.0188,      0.0031,      0.0156,      0.1956,   7463.0015,-421856.0625,   -972.7227,    538.1771,  24876.6699,
       1,     166,      27,       3,       1,       3,       1,     10.0000,      1.3786,     42.2693,    242.8050,     61.1052,      3.4953,      0.0000,     -0.0304,      3.5985,      0.1277,      5.4530,     10.9061,      1.1287,     27.6861,     55.3722,      0.0188,      0.0029,      0.0156,      0.1956,   7463.0015,-420819.9375,   -972.4831,    538.2467,  24876.6699,
       1,     166,      27,       4,       1,       3,       1,     10.0000,      1.3786,     42.2693,    242.8050,     61.1052,      3.4953,      0.0000,     -0.0303,      3.4467,      0.1264,      5.4530,     10.9061,      1.1173,     27.6861,     55.3722,      0.0188,      0.0028,      0.0156,      0.1956,   7463.0015,-420322.1875,   -972.3682,    538.2802,  24876.6699,
       1,     166,      27,       5,       1,       3,       1,     10.0000,      1.3786,     42.2693,    242.8050,     61.1052,      3.4953,      0.0000,     -0.0303,      3.2284,      0.1261,      5.4530,     10.9061,      1.1139,     27.6861,     55.3722,      0.0188,      0.0026,      0.0156,      0.1956,   7463.0015,-420082.0000,   -972.3132,    538.2964,  24876.6699,
       1,     166,      27,       6,       1,       3,       1,     10.0000,      1.3786,     42.2693,    242.8050,     61.1052,      3.4953,      0.0000,     -0.0301,      3.7517,      0.1216,      5.4530,     10.9061,      1.0749,     27.6861,     55.3722,      0.0188,      0.0030,      0.0156,      0.1956,   7463.0015,-419778.0938,   -972.2433,    538.3168,  24876.6699,
       1,     166,      27,       7,       1,       3,       1,     10.0000,      1.3786,     42.2693,    242.8050,     61.1052,      3.4953,      0.0000,     -0.0298,      3.5502,      0.1129,      5.4530,     10.9061,      0.9976,     27.6861,     55.3722,      0.0188,      0.0029,      0.0156,      0.1956,   7463.0015,-420429.7812,   -972.3952,    538.2729,  24876.6699,
       1,     166,      27,       8,       1,       3,       1,     10.0000,      1.3786,     42.2693,    242.8050,     61.1052,      3.4953,      0.0004,     -0.0295,      3.3098,      0.1154,      5.4530,     10.9061,      1.0193,     27.6861,     55.3722,      0.0188,      0.0027,      0.0156,      0.1956,   7463.0015,-420225.5938,   -972.3489,    538.2867,  24876.6699,
       1,     166,      27,       9,       1,       3,       1,     10.0000,      1.3786,     42.2693,    242.8050,     61.1052,      3.4953,      0.0165,     -0.0134,      1.1237,      0.1165,      5.4530,     10.9061,      1.0298,     27.6861,     55.3722,      0.0188,      0.0027,      0.0053,      0.1956,   7463.0015,-419896.1562,   -972.2731,    538.3089,  24876.6699,
       1,     166,      27,      10,       1,       3,       1,     10.0000,      1.3786,     42.2693,    242.8050,     61.1052,      3.4953,      0.0531,      0.0220,     13.2941,      0.1476,      5.4530,     10.9061,      1.3043,     27.6861,     55.3722,      0.0188,      0.0030,      0.0566,      0.1956,   7463.0015,-417034.0938,   -971.6068,    538.5015,  24876.6699,
       1,     166,      27,      11,       1,       3,       1,     10.0000,      1.3786,     42.2693,    242.8050,     61.1052,      3.4953,      0.1708,      0.1395,     47.6103,      0.1535,      5.4530,     10.9061,      1.3564,     27.6861,     55.3722,      0.0188,      0.0026,      0.2268,      0.1956,   7463.0015,-432557.4688,   -975.2197,    537.4565,  24876.6680,
       1,     166,      27,      12,       1,       3,       1,     10.0000,      1.3786,     42.2693,    242.8050,     61.1052,      3.4953,      0.1849,      0.1532,     30.4245,      0.1661,      5.4530,     10.9061,      1.4681,     27.6861,     55.3722,      0.0188,      0.0015,      0.2500,      0.1956,   7463.0005,-478398.5938,   -985.9077,    534.3779,  24876.6719,
       1,     166,      27,      13,       1,       3,       1,     10.0000,      1.3786,     42.2693,    242.8050,     61.1052,      3.4953,      0.1844,      0.1523,     24.7350,      0.1764,      5.4530,     10.9061,      1.5585,     27.6861,     55.3722,      0.0188,      0.0012,      0.2500,      0.1956,   7463.0020,-460122.0312,   -981.7708,    535.6075,  24876.6699,
       1,     166,      27,      14,       1,       3,       1,     10.0000,      1.3786,     42.2693,    242.8050,     61.1052,      3.4953,      0.1851,      0.1531,     33.9962,      0.1762,      5.4530,     10.9061,      1.5570,     27.6861,     55.3722,      0.0188,      0.0017,      0.2500,      0.1956,   7463.0015,-451147.5312,   -979.7471,    536.2098,  24876.6699,
       1,     166,      27,      15,       1,       3,       1,     10.0000,      1.3786,     42.2693,    242.8050,     61.1052,      3.4953,      0.1824,      0.1502,     62.4539,      0.1803,      5.4530,     10.9061,      1.5930,     27.6861,     55.3722,      0.0188,      0.0032,      0.2426,      0.1956,   7463.0015,-462374.0625,   -982.4095,    535.4576,  24876.6680,
       1,     166,      27,      16,       1,       3,       1,     10.0000,      1.3786,     42.2693,    242.8050,     61.1052,      3.4953,      0.1887,      0.1567,     78.4456,      0.1739,      5.4530,     10.9061,      1.5370,     27.6861,     55.3722,      0.0188,      0.0039,      0.2500,      0.1956,   7463.0005,-500259.0938,   -991.3098,    532.9225,  24876.6699,
       1,     166,      27,      17,       1,       3,       1,     10.0000,      1.3786,     42.2693,    242.8050,     61.1052,      3.4953,      0.1900,      0.1582,     94.4076,      0.1680,      5.4530,     10.9061,      1.4843,     27.6861,     55.3722,      0.0188,      0.0047,      0.2500,      0.1956,   7463.0015,-524323.1250,   -997.1335,    531.3254,  24876.6680,
       1,     166,      27,      18,       1,       3,       1,     10.0000,      1.3786,     42.2693,    242.8050,     61.1052,      3.4953,      0.1721,      0.1405,     97.3990,      0.1606,      5.4530,     10.9061,      1.4190,     27.6861,     55.3722,      0.0188,      0.0055,      0.2230,      0.1955,   7463.0005,-547134.7500,  -1002.7725,    529.8128,  24876.6660,
       1,     166,      27,      19,       1,       3,       1,     10.0000,      1.3786,     42.2693,    242.8050,     61.1052,      3.4953,      0.1193,      0.0880,     63.2731,      0.1517,      5.4530,     10.9061,      1.3402,     27.6861,     55.3722,      0.0188,      0.0053,      0.1487,      0.1955,   7463.0000,-553004.3125,  -1004.5594,    529.4261,  24876.6660,
       1,     166,      27,      20,       1,       3,       1,     10.0000,      1.3786,     42.2693,    242.8050,     61.1052,      3.4953,      0.0116,     -0.0194,      6.6524,      0.1450,      5.4530,     10.9061,      1.2809,     27.6861,     55.3722,      0.0188,      0.0054,      0.0156,      0.1955,   7463.0000,-509190.0312,   -994.7560,    532.3259,  24876.6660,
       1,     166,      27,      21,       1,       3,       1,     10.0000,      1.3786,     42.2693,    242.8050,     61.1052,      3.4953,      0.0000,     -0.0308,      6.3055,      0.1388,      5.4530,     10.9061,      1.2265,     27.6861,     55.3722,      0.0188,      0.0051,      0.0156,      0.1955,   7463.0000,-431929.2812,   -976.9225,    537.4748,  24876.6641,
       1,     166,      27,      22,       1,       3,       1,     10.0000,      1.3786,     42.2693,    242.8050,     61.1052,      3.4953,      0.0000,     -0.0307,      5.9298,      0.1373,      5.4530,     10.9061,      1.2129,     27.6861,     55.3722,      0.0188,      0.0048,      0.0156,      0.1956,   7462.9995,-424832.0000,   -975.2720,    537.9766,  24876.6641,
       1,     166,      27,      23,       1,       3,       1,     10.0000,      1.3786,     42.2693,    242.8050,     61.1052,      3.4953,      0.0000,     -0.0306,      5.3358,      0.1336,      5.4530,     10.9061,      1.1802,     27.6861,     55.3722,      0.0188,      0.0043,      0.0156,      0.1956,   7462.9995,-423694.6250,   -975.0089,    538.0533,  24876.6641,
       1,     166,      27,      24,       1,       3,       1,     10.0000,      1.3786,     42.2693,    242.8050,     61.1052,      3.4953,      0.0000,     -0.0305,      4.6403,      0.1312,      5.4530,     10.9061,      1.1589,     27.6861,     55.3722,      0.0188,      0.0037,      0.0156,      0.1956,   7462.9995,-422825.2812,   -974.8081,    538.1119,  24876.6641,
       1,     166,      28,       1,       1,       3,       1,     10.0000,      1.3786,     42.2696,    242.8107,     61.1067,      3.4953,      0.0000,     -0.0304,      3.7785,      0.1284,      5.4540,     10.9079,      1.1345,     27.6890,     55.3780,      0.0188,      0.0030,      0.0156,      0.1957,   7462.9995,-422003.4375,   -974.9547,    538.1798,  24877.7832,
       1,     166,      28,       2,       1,       3,       1,     10.0000,      1.3786,     42.2696,    242.8107,     61.1067,      3.4953,      0.0000,     -0.0303,      3.1235,      0.1262,      5.4540,     10.9079,      1.1150,     27.6890,     55.3780,      0.0188,      0.0025,      0.0156,      0.1957,   7463.3354,-420661.5938,   -974.3068,    538.2701,  24877.7832,
       1,     166,      28,       3,       1,       3,       1,     10.0000,      1.3786,     42.2696,    242.8107,     61.1067,      3.4953,      0.0000,     -0.0303,      3.0573,      0.1244,      5.4540,     10.9079,      1.0993,     27.6890,     55.3780,      0.0188,      0.0025,      0.0156,      0.1957,   7463.3354,-419695.6875,   -974.0827,    538.3351,  24877.7832,
       1,     166,      28,       4,       1,       3,       1,     10.0000,      1.3786,     42.2696,    242.8107,     61.1067,      3.4953,      0.0000,     -0.0303,      2.9407,      0.1261,      5.4540,     10.9079,      1.1139,     27.6890,     55.3780,      0.0188,      0.0024,      0.0156,      0.1957,   7463.3354,-419525.6562,   -974.0444,    538.3466,  24877.7832,
       1,     166,      28,       5,       1,       3,       1,     10.0000,      1.3786,     42.2696,    242.8107,     61.1067,      3.4953,      0.0000,     -0.0304,      2.8022,      0.1273,      5.4540,     10.9079,      1.1253,     27.6890,     55.3780,      0.0188,      0.0023,      0.0156,      0.1957,   7463.3354,-419359.7500,   -974.0070,    538.3577,  24877.7832,
       1,     166,      28,       6,       1,       3,       1,     10.0000,      1.3786,     42.2696,    242.8107,     61.1067,      3.4953,      0.0000,     -0.0303,      2.3929,      0.1250,      5.4540,     10.9079,      1.1049,     27.6890,     55.3780,      0.0188,      0.0019,      0.0156,      0.1957,   7463.3354,-419165.7812,   -973.9628,    538.3707,  24877.7832,
       1,     166,      28,       7,       1,       3,       1,     10.0000,      1.3786,     42.2696,    242.8107,     61.1067,      3.4953,      0.0000,     -0.0302,      2.1424,      0.1220,      5.4540,     10.9079,      1.0782,     27.6890,     55.3780,      0.0188,      0.0017,      0.0156,      0.1957,   7463.3354,-418618.4375,   -973.8360,    538.4076,  24877.7832,
       1,     166,      28,       8,       1,       3,       1,     10.0000,      1.3786,     42.2696,    242.8107,     61.1067,      3.4953,      0.0005,     -0.0296,      1.9316,      0.1204,      5.4540,     10.9079,      1.0640,     27.6890,     55.3780,      0.0188,      0.0016,      0.0156,      0.1957,   7463.3354,-418246.1562,   -973.7502,    538.4326,  24877.7832,
       1,     166,      28,       9,       1,       3,       1,     10.0000,      1.3786,     42.2696,    242.8107,     61.1067,      3.4953,      0.0520,      0.0216,      6.6114,      0.1268,      5.4540,     10.9079,      1.1207,     27.6890,     55.3780,      0.0188,      0.0015,      0.0563,      0.1957,   7463.3354,-417940.5000,   -973.6797,    538.4532,  24877.7832,
       1,     166,      28,      10,       1,       3,       1,     10.0000,      1.3786,     42.2696,    242.8107,     61.1067,      3.4953,      0.1337,      0.1027,     23.7643,      0.1460,      5.4540,     10.9079,      1.2900,     27.6890,     55.3780,      0.0188,      0.0017,      0.1747,      0.1957,   7463.3354,-423978.1875,   -975.0949,    538.0468,  24877.7832,
       1,     166,      28,      11,       1,       3,       1,     10.0000,      1.3786,     42.2696,    242.8107,     61.1067,      3.4953,      0.1853,      0.1537,     34.5974,      0.1622,      5.4540,     10.9079,      1.4333,     27.6890,     55.3780,      0.0188,      0.0017,      0.2500,      0.1957,   7463.3354,-446735.1875,   -980.4310,    536.5165,  24877.7832,
       1,     166,      28,      12,       1,       3,       1,     10.0000,      1.3786,     42.2696,    242.8107,     61.1067,      3.4953,      0.1851,      0.1528,     33.3488,      0.1823,      5.4540,     10.9079,      1.6105,     27.6890,     55.3780,      0.0188,      0.0017,      0.2500,      0.1956,   7463.3354,-462768.9062,   -984.2220,    535.4434,  24877.7812,
       1,     166,      28,      13,       1,       3,       1,     10.0000,      1.3786,     42.2696,    242.8107,     61.1067,      3.4953,      0.1849,      0.1527,     31.0025,      0.1797,      5.4540,     10.9079,      1.5883,     27.6890,     55.3780,      0.0188,      0.0016,      0.2500,      0.1956,   7463.3345,-462546.3438,   -984.2388,    535.4594,  24877.7812,
       1,     166,      28,      14,       1,       3,       1,     10.0000,      1.3786,     42.2696,    242.8107,     61.1067,      3.4953,      0.1855,      0.1533,     39.2647,      0.1823,      5.4540,     10.9079,      1.6105,     27.6890,     55.3780,      0.0188,      0.0020,      0.2500,      0.1956,   7463.3345,-459483.0625,   -983.5887,    535.6644,  24877.7832,
       1,     166,      28,      15,       1,       3,       1,     10.0000,      1.3786,     42.2696,    242.8107,     61.1067,      3.4953,      0.1868,      0.1549,     54.6956,      0.1722,      5.4540,     10.9079,      1.5218,     27.6890,     55.3780,      0.0188,      0.0027,      0.2500,      0.1956,   7463.3354,-469929.5625,   -986.0982,    534.9649,  24877.7832,
       1,     166,      28,      16,       1,       3,       1,     10.0000,      1.3786,     42.2696,    242.8107,     61.1067,      3.4953,      0.1883,      0.1565,     72.8861,      0.1675,      5.4540,     10.9079,      1.4799,     27.6890,     55.3780,      0.0188,      0.0037,      0.2500,      0.1956,   7463.3354,-490851.7500,   -991.0939,    533.5663,  24877.7832,
       1,     166,      28,      17,       1,       3,       1,     10.0000,      1.3786,     42.2696,    242.8107,     61.1067,      3.4953,      0.1904,      0.1586,     99.7053,      0.1681,      5.4540,     10.9079,      1.4858,     27.6890,     55.3780,      0.0188,      0.0050,      0.2500,      0.1956,   7463.3354,-516274.3438,   -997.2324,    531.8725,  24877.7812,
       1,     166,      28,      18,       1,       3,       1,     10.0000,      1.3786,     42.2696,    242.8107,     61.1067,      3.4953,      0.1646,      0.1327,     81.5923,      0.1685,      5.4540,     10.9079,      1.4888,     27.6890,     55.3780,      0.0188,      0.0048,      0.2137,      0.1956,   7463.3345,-553296.3125,  -1006.2066,    529.4139,  24877.7812,
       1,     166,      28,      19,       1,       3,       1,     10.0000,      1.3786,     42.2696,    242.8107,     61.1067,      3.4953,      0.0967,      0.0653,     47.7429,      0.1568,      5.4540,     10.9079,      1.3854,     27.6890,     55.3780,      0.0188,      0.0051,      0.1169,      0.1955,   7463.3345,-533004.3750,  -1001.8801,    530.7623,  24877.7793,
       1,     166,      28,      20,       1,       3,       1,     10.0000,      1.3786,     42.2696,    242.8107,     61.1067,      3.4953,      0.0083,     -0.0229,      4.6903,      0.1490,      5.4540,     10.9079,      1.3162,     27.6890,     55.3780,      0.0188,      0.0038,      0.0156,      0.1955,   7463.3340,-487299.3438,   -991.4880,    533.7964,  24877.7793,
       1,     166,      28,      21,       1,       3,       1,     10.0000,      1.3786,     42.2696,    242.8107,     61.1067,      3.4953,      0.0000,     -0.0310,      4.3838,      0.1453,      5.4540,     10.9079,      1.2835,     27.6890,     55.3780,      0.0188,      0.0035,      0.0156,      0.1956,   7463.3340,-427508.4375,   -977.5751,    537.7946,  24877.7793,
       1,     166,      28,      22,       1,       3,       1,     10.0000,      1.3786,     42.2696,    242.8107,     61.1067,      3.4953,      0.0000,     -0.0309,      5.1049,      0.1408,      5.4540,     10.9079,      1.2440,     27.6890,     55.3780,      0.0188,      0.0041,      0.0156,      0.1957,   7463.3340,-421945.6250,   -976.2733,    538.1836,  24877.7793,
       1,     166,      28,      23,       1,       3,       1,     10.0000,      1.3786,     42.2696,    242.8107,     61.1067,      3.4953,      0.0000,     -0.0307,      4.7605,      0.1355,      5.4540,     10.9079,      1.1971,     27.6890,     55.3780,      0.0188,      0.0038,      0.0156,      0.1957,   7463.3340,-422376.0625,   -976.3768,    538.1548,  24877.7793,
       1,     166,      28,      24,       1,       3,       1,     10.0000,      1.3786,     42.2696,    242.8107,     61.1067,      3.4953,      0.0000,     -0.0306,      4.2475,      0.1344,      5.4540,     10.9079,      1.1875,     27.6890,     55.3780,      0.0188,      0.0034,      0.0156,      0.1957,   7463.3340,-421967.0938,   -976.2838,    538.1823,  24877.7773,
       1,     166,      29,       1,       1,       3,       1,     10.0000,      1.3787,     42.2699,    242.8165,     61.1081,      3.4953,      0.0000,     -0.0307,      3.8352,      0.1352,      5.4536,     10.9071,      1.1947,     27.6943,     55.3885,      0.0188,      0.0031,      0.0156,      0.1957,   7463.3335,-421422.5312,   -976.4974,    538.2316,  24878.8965,
       1,     166,      29,       2,       1,       3,       1,     10.0000,      1.3787,     42.2699,    242.8165,     61.1081,      3.4953,      0.0000,     -0.0306,      3.3719,      0.1340,      5.4536,     10.9071,      1.1839,     27.6943,     55.3885,      0.0188,      0.0027,      0.0156,      0.1957,   7463.6694,-420687.4062,   -975.9890,    538.2811,  24878.8965,
       1,     166,      29,       3,       1,       3,       1,     10.0000,      1.3787,     42.2699,    242.8165,     61.1081,      3.4953,      0.0000,     -0.0305,      2.9814,      0.1302,      5.4536,     10.9071,      1.1507,     27.6943,     55.3885,      0.0188,      0.0024,      0.0156,      0.1957,   7463.6694,-420022.9688,   -975.8349,    538.3257,  24878.8965,
       1,     166,      29,       4,       1,       3,       1,     10.0000,      1.3787,     42.2699,    242.8165,     61.1081,      3.4953,      0.0000,     -0.0303,      2.5242,      0.1266,      5.4536,     10.9071,      1.1185,     27.6943,     55.3885,      0.0188,      0.0020,      0.0156,      0.1957,   7463.6694,-419459.1250,   -975.7042,    538.3638,  24878.8965,
       1,     166,      29,       5,       1,       3,       1,     10.0000,      1.3787,     42.2699,    242.8165,     61.1081,      3.4953,      0.0000,     -0.0303,      2.2125,      0.1258,      5.4536,     10.9071,      1.1117,     27.6943,     55.3885,      0.0188,      0.0018,      0.0156,      0.1957,   7463.6694,-418817.4688,   -975.5553,    538.4069,  24878.8965,
       1,     166,      29,       6,       1,       3,       1,     10.0000,      1.3787,     42.2699,    242.8165,     61.1081,      3.4953,      0.0000,     -0.0303,      2.1888,      0.1258,      5.4536,     10.9071,      1.1117,     27.6943,     55.3885,      0.0188,      0.0018,      0.0156,      0.1957,   7463.6694,-418357.6562,   -975.4485,    538.4379,  24878.8965,
       1,     166,      29,       7,       1,       3,       1,     10.0000,      1.3787,     42.2699,    242.8165,     61.1081,      3.4953,      0.0000,     -0.0303,      1.9257,      0.1252,      5.4536,     10.9071,      1.1060,     27.6943,     55.3885,      0.0188,      0.0015,      0.0156,      0.1957,   7463.6694,-418286.8125,   -975.4333,    538.4426,  24878.8965,
       1,     166,      29,       8,       1,       3,       1,     10.0000,      1.3787,     42.2699,    242.8165,     61.1081,      3.4953,      0.0003,     -0.0302,      1.6628,      0.1302,      5.4536,     10.9071,      1.1507,     27.6943,     55.3885,      0.0188,      0.0013,      0.0156,      0.1957,   7463.6694,-417939.6562,   -975.3530,    538.4660,  24878.8965,
       1,     166,      29,       9,       1,       3,       1,     10.0000,      1.3787,     42.2699,    242.8165,     61.1081,      3.4953,      0.0186,     -0.0121,      0.6726,      0.1356,      5.4536,     10.9071,      1.1984,     27.6943,     55.3885,      0.0188,      0.0011,      0.0074,      0.1957,   7463.6694,-417568.7812,   -975.2670,    538.4910,  24878.8965,
       1,     166,      29,      10,       1,       3,       1,     10.0000,      1.3787,     42.2699,    242.8165,     61.1081,      3.4953,      0.0851,      0.0536,      9.2619,      0.1582,      5.4536,     10.9071,      1.3979,     27.6943,     55.3885,      0.0188,      0.0011,      0.1041,      0.1957,   7463.6694,-416253.5312,   -974.9581,    538.5795,  24878.8965,
       1,     166,      29,      11,       1,       3,       1,     10.0000,      1.3787,     42.2699,    242.8165,     61.1081,      3.4953,      0.1523,      0.1203,     24.0942,      0.1745,      5.4536,     10.9071,      1.5416,     27.6943,     55.3885,      0.0188,      0.0015,      0.2022,      0.1957,   7463.6694,-427267.6875,   -977.5527,    537.8380,  24878.8965,
       1,     166,      29,      12,       1,       3,       1,     10.0000,      1.3787,     42.2699,    242.8165,     61.1081,      3.4953,      0.1777,      0.1454,     26.0113,      0.1815,      5.4536,     10.9071,      1.6042,     27.6943,     55.3885,      0.0188,      0.0014,      0.2398,      0.1957,   7463.6694,-447450.7500,   -982.3160,    536.4816,  24878.8965,
       1,     166,      29,      13,       1,       3,       1,     10.0000,      1.3787,     42.2699,    242.8165,     61.1081,      3.4953,      0.1806,      0.1480,     32.9302,      0.1911,      5.4536,     10.9071,      1.6890,     27.6943,     55.3885,      0.0188,      0.0017,      0.2434,      0.1957,   7463.6694,-451698.9688,   -983.3542,    536.1984,  24878.8945,
       1,     166,      29,      14,       1,       3,       1,     10.0000,      1.3787,     42.2699,    242.8165,     61.1081,      3.4953,      0.1852,      0.1525,     35.7021,      0.1948,      5.4536,     10.9071,      1.7210,     27.6943,     55.3885,      0.0188,      0.0018,      0.2500,      0.1957,   7463.6685,-461036.4062,   -985.6017,    535.5727,  24878.8965,
       1,     166,      29,      15,       1,       3,       1,     10.0000,      1.3787,     42.2699,    242.8165,     61.1081,      3.4953,      0.1841,      0.1515,     58.4899,      0.1944,      5.4536,     10.9071,      1.7176,     27.6943,     55.3885,      0.0188,      0.0030,      0.2458,      0.1956,   7463.6694,-465443.5625,   -986.7066,    535.2780,  24878.8945,
       1,     166,      29,      16,       1,       3,       1,     10.0000,      1.3787,     42.2699,    242.8165,     61.1081,      3.4953,      0.1854,      0.1530,     83.0107,      0.1880,      5.4536,     10.9071,      1.6608,     27.6943,     55.3885,      0.0188,      0.0043,      0.2448,      0.1956,   7463.6685,-495374.1875,   -993.8399,    533.2755,  24878.8945,
       1,     166,      29,      17,       1,       3,       1,     10.0000,      1.3787,     42.2699,    242.8165,     61.1081,      3.4953,      0.1844,      0.1523,     90.7392,      0.1783,      5.4536,     10.9071,      1.5757,     27.6943,     55.3885,      0.0188,      0.0047,      0.2423,      0.1956,   7463.6685,-529797.1875,  -1002.1526,    530.9845,  24878.8926,
       1,     166,      29,      18,       1,       3,       1,     10.0000,      1.3787,     42.2699,    242.8165,     61.1081,      3.4953,      0.1759,      0.1440,     86.4487,      0.1688,      5.4536,     10.9071,      1.4918,     27.6943,     55.3885,      0.0188,      0.0047,      0.2300,      0.1956,   7463.6680,-542829.8125,  -1005.5701,    530.1244,  24878.8926,
       1,     166,      29,      19,       1,       3,       1,     10.0000,      1.3787,     42.2699,    242.8165,     61.1081,      3.4953,      0.1179,      0.0864,     60.1803,      0.1579,      5.4536,     10.9071,      1.3951,     27.6943,     55.3885,      0.0188,      0.0051,      0.1468,      0.1956,   7463.6680,-538386.9375,  -1004.9216,    530.4195,  24878.8965,
       1,     166,      29,      20,       1,       3,       1,     10.0000,      1.3787,     42.2699,    242.8165,     61.1081,      3.4953,      0.0119,     -0.0193,      6.4567,      0.1482,      5.4536,     10.9071,      1.3096,     27.6943,     55.3885,      0.0188,      0.0052,      0.0156,      0.1956,   7463.6694,-503900.2188,   -997.1469,    532.7061,  24878.8945,
       1,     166,      29,      21,       1,       3,       1,     10.0000,      1.3787,     42.2699,    242.8165,     61.1081,      3.4953,      0.0000,     -0.0310,      6.1143,      0.1454,      5.4536,     10.9071,      1.2848,     27.6943,     55.3885,      0.0188,      0.0049,      0.0156,      0.1956,   7463.6685,-431221.9375,   -980.1758,    537.5506,  24878.8926,
       1,     166,      29,      22,       1,       3,       1,     10.0000,      1.3787,     42.2699,    242.8165,     61.1081,      3.4953,      0.0000,     -0.0310,      5.8478,      0.1437,      5.4536,     10.9071,      1.2694,     27.6943,     55.3885,      0.0188,      0.0047,      0.0156,      0.1957,   7463.6680,-424523.7188,   -978.6024,    538.0228,  24878.8926,
       1,     166,      29,      23,       1,       3,       1,     10.0000,      1.3787,     42.2699,    242.8165,     61.1081,      3.4953,      0.0000,     -0.0309,      5.7263,      0.1411,      5.4536,     10.9071,      1.2465,     27.6943,     55.3885,      0.0188,      0.0046,      0.0156,      0.1957,   7463.6680,-423566.4062,   -978.3803,    538.0873,  24878.8926,
       1,     166,      29,      24,       1,       3,       1,     10.0000,      1.3787,     42.2699,    242.8165,     61.1081,      3.4953,      0.0000,     -0.0308,      4.8393,      0.1397,      5.4536,     10.9071,      1.2340,     27.6943,     55.3885,      0.0188,      0.0039,      0.0156,      0.1957,   7463.6680,-423325.3750,   -978.3271,    538.1036,  24878.8926,
       1,     166,      30,       1,       1,       3,       1,     10.0000,      1.3787,     42.2703,    242.8222,     61.1095,      3.4953,      0.0000,     -0.0308,      3.9024,      0.1395,      5.4538,     10.9076,      1.2328,     27.6969,     55.3939,      0.0188,      0.0031,      0.0156,      0.1957,   7463.6680,-422310.1250,   -978.4306,    538.1846,  24880.0098,
       1,     166,      30,       2,       1,       3,       1,     10.0000,      1.3787,     42.2703,    242.8222,     61.1095,      3.4953,      0.0000,     -0.0307,      3.5988,      0.1362,      5.4538,     10.9076,      1.2032,     27.6969,     55.3939,      0.0188,      0.0029,      0.0156,      0.1957,   7464.0034,-420854.7188,   -977.7510,    538.2825,  24880.0098,
       1,     166,      30,       3,       1,       3,       1,     10.0000,      1.3787,     42.2703,    242.8222,     61.1095,      3.4953,      0.0000,     -0.0306,      3.3435,      0.1334,      5.4538,     10.9076,      1.1791,     27.6969,     55.3939,      0.0188,      0.0027,      0.0156,      0.1957,   7464.0034,-420334.4375,   -977.6306,    538.3174,  24880.0098,
       1,     166,      30,       4,       1,       3,       1,     10.0000,      1.3787,     42.2703,    242.8222,     61.1095,      3.4953,      0.0000,     -0.0306,      3.0126,      0.1338,      5.4538,     10.9076,      1.1827,     27.6969,     55.3939,      0.0188,      0.0024,      0.0156,      0.1957,   7464.0034,-419958.4062,   -977.5441,    538.3428,  24880.0098,
       1,     166,      30,       5,       1,       3,       1,     10.0000,      1.3787,     42.2703,    242.8222,     61.1095,      3.4953,      0.0000,     -0.0307,      2.8908,      0.1359,      5.4538,     10.9076,      1.2008,     27.6969,     55.3939,      0.0188,      0.0023,      0.0156,      0.1957,   7464.0034,-419496.7500,   -977.4373,    538.3738,  24880.0098,
       1,     166,      30,       6,       1,       3,       1,     10.0000,      1.3787,     42.2703,    242.8222,     61.1095,      3.4953,      0.0000,     -0.0307,      2.7703,      0.1356,      5.4538,     10.9076,      1.1984,     27.6969,     55.3939,      0.0188,      0.0022,      0.0156,      0.1957,   7464.0034,-419298.7812,   -977.3925,    538.3872,  24880.0098,
       1,     166,      30,       7,       1,       3,       1,     10.0000,      1.3787,     42.2703,    242.8222,     61.1095,      3.4953,      0.0000,     -0.0307,      2.6007,      0.1358,      5.4538,     10.9076,      1.1996,     27.6969,     55.3939,      0.0188,      0.0021,      0.0156,      0.1957,   7464.0034,-419125.3438,   -977.3535,    538.3989,  24880.0098,
       1,     166,      30,       8,       1,       3,       1,     10.0000,      1.3787,     42.2703,    242.8222,     61.1095,      3.4953,      0.0006,     -0.0302,      2.4640,      0.1370,      5.4538,     10.9076,      1.2106,     27.6969,     55.3939,      0.0188,      0.0020,      0.0156,      0.1957,   7464.0034,-418890.5625,   -977.3000,    538.4147,  24880.0098,
       1,     166,      30,       9,       1,       3,       1,     10.0000,      1.3787,     42.2703,    242.8222,     61.1095,      3.4953,      0.0607,      0.0299,     11.6863,      0.1385,      5.4538,     10.9076,      1.2241,     27.6969,     55.3939,      0.0188,      0.0021,      0.0683,      0.1957,   7464.0034,-418692.9375,   -977.2549,    538.4279,  24880.0098,
       1,     166,      30,      10,       1,       3,       1,     10.0000,      1.3787,     42.2703,    242.8222,     61.1095,      3.4953,      0.1542,      0.1230,     35.6680,      0.1502,      5.4538,     10.9076,      1.3269,     27.6969,     55.3939,      0.0188,      0.0022,      0.2036,      0.1957,   7464.0034,-430623.9062,   -980.0833,    537.6250,  24880.0098,
       1,     166,      30,      11,       1,       3,       1,     10.0000,      1.3787,     42.2703,    242.8222,     61.1095,      3.4953,      0.1828,      0.1512,     45.0836,      0.1611,      5.4538,     10.9076,      1.4234,     27.6969,     55.3939,      0.0188,      0.0023,      0.2450,      0.1957,   7464.0034,-462741.0625,   -987.7033,    535.4672,  24880.0078,
       1,     166,      30,      12,       1,       3,       1,     10.0000,      1.3787,     42.2703,    242.8222,     61.1095,      3.4953,      0.1866,      0.1551,     50.3598,      0.1579,      5.4538,     10.9076,      1.3952,     27.6969,     55.3939,      0.0188,      0.0025,      0.2500,      0.1957,   7464.0024,-477757.2188,   -991.3307,    534.4664,  24880.0078,
       1,     166,      30,      13,       1,       3,       1,     10.0000,      1.3787,     42.2703,    242.8222,     61.1095,      3.4953,      0.1869,      0.1547,     56.7246,      0.1815,      5.4538,     10.9076,      1.6042,     27.6969,     55.3939,      0.0188,      0.0028,      0.2500,      0.1957,   7464.0024,-485902.0938,   -993.3820,    533.9233,  24880.0078,
       1,     166,      30,      14,       1,       3,       1,     10.0000,      1.3787,     42.2703,    242.8222,     61.1095,      3.4953,      0.1868,      0.1545,     55.6281,      0.1841,      5.4538,     10.9076,      1.6266,     27.6969,     55.3939,      0.0188,      0.0028,      0.2500,      0.1957,   7464.0024,-494863.9062,   -995.6620,    533.3254,  24880.0059,
       1,     166,      30,      15,       1,       3,       1,     10.0000,      1.3787,     42.2703,    242.8222,     61.1095,      3.4953,      0.1879,      0.1555,     69.1251,      0.1854,      5.4538,     10.9076,      1.6380,     27.6969,     55.3939,      0.0188,      0.0035,      0.2500,      0.1956,   7464.0020,-494221.3438,   -995.7022,    533.3686,  24880.0078,
       1,     166,      30,      16,       1,       3,       1,     10.0000,      1.3787,     42.2703,    242.8222,     61.1095,      3.4953,      0.1886,      0.1563,     78.6219,      0.1841,      5.4538,     10.9076,      1.6266,     27.6969,     55.3939,      0.0188,      0.0039,      0.2500,      0.1956,   7464.0024,-511671.0625,  -1000.0350,    532.2052,  24880.0059,
       1,     166,      30,      17,       1,       3,       1,     10.0000,      1.3787,     42.2703,    242.8222,     61.1095,      3.4953,      0.1880,      0.1558,     70.9815,      0.1819,      5.4538,     10.9076,      1.6074,     27.6969,     55.3939,      0.0188,      0.0036,      0.2500,      0.1956,   7464.0020,-525512.2500,  -1003.5864,    531.2857,  24880.0039,
       1,     166,      30,      18,       1,       3,       1,     10.0000,      1.3787,     42.2703,    242.8222,     61.1095,      3.4953,      0.1711,      0.1393,     85.9541,      0.1692,      5.4538,     10.9076,      1.4948,     27.6969,     55.3939,      0.0188,      0.0048,      0.2230,      0.1956,   7464.0015,-516800.2188,  -1001.8403,    531.8651,  24880.0039,
       1,     166,      30,      19,       1,       3,       1,     10.0000,      1.3787,     42.2703,    242.8222,     61.1095,      3.4953,      0.1218,      0.0903,     60.8870,      0.1576,      5.4538,     10.9076,      1.3924,     27.6969,     55.3939,      0.0188,      0.0050,      0.1525,      0.1956,   7464.0015,-535471.2500,  -1006.5723,    530.6241,  24880.0039,
       1,     166,      30,      20,       1,       3,       1,     10.0000,      1.3787,     42.2703,    242.8222,     61.1095,      3.4953,      0.0124,     -0.0188,      6.3025,      0.1488,      5.4538,     10.9076,      1.3149,     27.6969,     55.3939,      0.0188,      0.0051,      0.0156,      0.1956,   7464.0015,-504561.5938,   -999.5789,    532.6757,  24880.0039,
       1,     166,      30,      21,       1,       3,       1,     10.0000,      1.3787,     42.2703,    242.8222,     61.1095,      3.4953,      0.0000,     -0.0310,      6.3575,      0.1435,      5.4538,     10.9076,      1.2681,     27.6969,     55.3939,      0.0188,      0.0051,      0.0156,      0.1956,   7464.0015,-431079.4688,   -982.3019,    537.5723,  24880.0039,
       1,     166,      30,      22,       1,       3,       1,     10.0000,      1.3787,     42.2703,    242.8222,     61.1095,      3.4953,      0.0000,     -0.0308,      6.3422,      0.1397,      5.4538,     10.9076,      1.2340,     27.6969,     55.3939,      0.0188,      0.0051,      0.0156,      0.1957,   7464.0015,-424829.7812,   -980.8241,    538.0149,  24880.0039,
       1,     166,      30,      23,       1,       3,       1,     10.0000,      1.3787,     42.2703,    242.8222,     61.1095,      3.4953,      0.0000,     -0.0308,      5.7177,      0.1373,      5.4538,     10.9076,      1.2130,     27.6969,     55.3939,      0.0188,      0.0046,      0.0156,      0.1957,   7464.0015,-424236.4375,   -980.6880,    538.0549,  24880.0039,
       1,     166,      30,      24,       1,       3,       1,     10.0000,      1.3787,     42.2703,    242.8222,     61.1095,      3.4953,      0.0000,     -0.0306,      5.0788,      0.1333,      5.4538,     10.9076,      1.1779,     27.6969,     55.3939,      0.0188,      0.0041,      0.0156,      0.1957,   7464.0015,-423375.4688,   -980.4878,    538.1129,  24880.0039,
       1,     166,      31,       1,       1,       3,       1,     10.0000,      1.3787,     42.2706,    242.8279,     61.1109,      3.4953,      0.0000,     -0.0304,      4.0827,      0.1291,      5.4536,     10.9073,      1.1403,     27.7038,     55.4075,      0.0188,      0.0033,      0.0156,      0.1957,   7464.0015,-422627.8750,   -980.6569,    538.1758,  24881.1230,
       1,     166,      31,       2,       1,       3,       1,     10.0000,      1.3787,     42.2706,    242.8279,     61.1109,      3.4953,      0.0000,     -0.0303,      3.5853,      0.1263,      5.4536,     10.9073,      1.1163,     27.7038,     55.4075,      0.0188,      0.0029,      0.0156,      0.1957,   7464.3374,-421119.1875,   -979.9600,    538.2773,  24881.1230,
       1,     166,      31,       3,       1,       3,       1,     10.0000,      1.3787,     42.2706,    242.8279,     61.1109,      3.4953,      0.0000,     -0.0303,      3.4291,      0.1256,      5.4536,     10.9073,      1.1095,     27.7038,     55.4075,      0.0188,      0.0028,      0.0156,      0.1957,   7464.3374,-420343.2812,   -979.7784,    538.3295,  24881.1230,
       1,     166,      31,       4,       1,       3,       1,     10.0000,      1.3787,     42.2706,    242.8279,     61.1109,      3.4953,      0.0000,     -0.0304,      3.5514,      0.1271,      5.4536,     10.9073,      1.1231,     27.7038,     55.4075,      0.0188,      0.0029,      0.0156,      0.1957,   7464.3374,-420073.2812,   -979.7169,    538.3477,  24881.1230,
       1,     166,      31,       5,       1,       3,       1,     10.0000,      1.3787,     42.2706,    242.8279,     61.1109,      3.4953,      0.0000,     -0.0304,      3.7619,      0.1280,      5.4536,     10.9073,      1.1311,     27.7038,     55.4075,      0.0188,      0.0030,      0.0156,      0.1957,   7464.3374,-420208.2188,   -979.7517,    538.3387,  24881.1230,
       1,     166,      31,       6,       1,       3,       1,     10.0000,      1.3787,     42.2706,    242.8279,     61.1109,      3.4953,      0.0000,     -0.0304,      3.5562,      0.1271,      5.4536,     10.9073,      1.1231,     27.7038,     55.4075,      0.0188,      0.0029,      0.0156,      0.1957,   7464.3374,-420492.4688,   -979.8220,    538.3194,  24881.1230,
       1,     166,      31,       7,       1,       3,       1,     10.0000,      1.3787,     42.2706,    242.8279,     61.1109,      3.4953,      0.0000,     -0.0303,      3.4205,      0.1248,      5.4536,     10.9073,      1.1027,     27.7038,     55.4075,      0.0188,      0.0028,      0.0156,      0.1957,   7464.3374,-420251.0625,   -979.7675,    538.3357,  24881.1230,
       1,     166,      31,       8,       1,       3,       1,     10.0000,      1.3787,     42.2706,    242.8279,     61.1109,      3.4953,      0.0004,     -0.0298,      3.2954,      0.1247,      5.4536,     10.9073,      1.1016,     27.7038,     55.4075,      0.0188,      0.0027,      0.0156,      0.1957,   7464.3374,-420054.1875,   -979.7233,    538.3490,  24881.1230,
       1,     166,      31,       9,       1,       3,       1,     10.0000,      1.3787,     42.2706,    242.8279,     61.1109,      3.4953,      0.0537,      0.0232,     13.8468,      0.1314,      5.4536,     10.9073,      1.1614,     27.7038,     55.4075,      0.0188,      0.0030,      0.0579,      0.1957,   7464.3374,-419874.8438,   -979.6833,    538.3610,  24881.1230,
       1,     166,      31,      10,       1,       3,       1,     10.0000,      1.3787,     42.2706,    242.8279,     61.1109,      3.4953,      0.1414,      0.1103,     46.6606,      0.1473,      5.4536,     10.9073,      1.3018,     27.7038,     55.4075,      0.0188,      0.0032,      0.1834,      0.1957,   7464.3374,-433527.9375,   -982.9422,    537.4423,  24881.1230,
       1,     166,      31,      11,       1,       3,       1,     10.0000,      1.3787,     42.2706,    242.8279,     61.1109,      3.4953,      0.1846,      0.1530,     62.2734,      0.1632,      5.4536,     10.9073,      1.4421,     27.7038,     55.4075,      0.0188,      0.0032,      0.2457,      0.1957,   7464.3374,-477237.0625,   -993.3821,    534.5067,  24881.1230,
       1,     166,      31,      12,       1,       3,       1,     10.0000,      1.3787,     42.2706,    242.8279,     61.1109,      3.4953,      0.1871,      0.1552,     57.5364,      0.1704,      5.4536,     10.9073,      1.5053,     27.7038,     55.4075,      0.0188,      0.0029,      0.2500,      0.1957,   7464.3374,-501307.7188,   -999.2414,    532.9064,  24881.1250,
       1,     166,      31,      13,       1,       3,       1,     10.0000,      1.3787,     42.2706,    242.8279,     61.1109,      3.4953,      0.1868,      0.1546,     54.9400,      0.1783,      5.4536,     10.9073,      1.5758,     27.7038,     55.4075,      0.0188,      0.0028,      0.2500,      0.1957,   7464.3379,-497252.2188,   -998.4905,    533.1790,  24881.1191,
       1,     166,      31,      14,       1,       3,       1,     10.0000,      1.3787,     42.2706,    242.8279,     61.1109,      3.4953,      0.1874,      0.1552,     63.4126,      0.1821,      5.4536,     10.9073,      1.6090,     27.7038,     55.4075,      0.0188,      0.0032,      0.2500,      0.1957,   7464.3359,-493530.5000,   -997.8069,    533.4271,  24881.1211,
       1,     166,      31,      15,       1,       3,       1,     10.0000,      1.3787,     42.2706,    242.8279,     61.1109,      3.4953,      0.1885,      0.1563,     77.2670,      0.1816,      5.4536,     10.9073,      1.6042,     27.7038,     55.4075,      0.0188,      0.0039,      0.2500,      0.1957,   7464.3364,-504195.0938,  -1000.5423,    532.7161,  24881.1230,
       1,     166,      31,      16,       1,       3,       1,     10.0000,      1.3787,     42.2706,    242.8279,     61.1109,      3.4953,      0.1902,      0.1580,     97.6921,      0.1789,      5.4536,     10.9073,      1.5805,     27.7038,     55.4075,      0.0188,      0.0049,      0.2500,      0.1957,   7464.3374,-523093.0000,  -1005.2916,    531.4581,  24881.1191,
       1,     166,      31,      17,       1,       3,       1,     10.0000,      1.3787,     42.2706,    242.8279,     61.1109,      3.4953,      0.1889,      0.1569,    111.7296,      0.1759,      5.4536,     10.9073,      1.5540,     27.7038,     55.4075,      0.0188,      0.0057,      0.2465,      0.1956,   7464.3359,-551239.9375,  -1012.3396,    529.5897,  24881.1191,
       1,     166,      31,      18,       1,       3,       1,     10.0000,      1.3787,     42.2706,    242.8279,     61.1109,      3.4953,      0.1734,      0.1415,    106.9386,      0.1688,      5.4536,     10.9073,      1.4919,     27.7038,     55.4075,      0.0188,      0.0060,      0.2239,      0.1956,   7464.3359,-571914.2500,  -1017.7273,    528.2244,  24881.1191,
       1,     166,      31,      19,       1,       3,       1,     10.0000,      1.3787,     42.2706,    242.8279,     61.1109,      3.4953,      0.1180,      0.0866,     70.4058,      0.1576,      5.4536,     10.9073,      1.3924,     27.7038,     55.4075,      0.0188,      0.0061,      0.1459,      0.1956,   7464.3359,-567488.8750,  -1017.1973,    528.5183,  24881.1172,
       1,     166,      31,      20,       1,       3,       1,     10.0000,      1.3787,     42.2706,    242.8279,     61.1109,      3.4953,      0.0074,     -0.0235,      7.5131,      0.1434,      5.4536,     10.9073,      1.2669,     27.7038,     55.4075,      0.0188,      0.0060,      0.0156,      0.1956,   7464.3354,-519666.7188,  -1006.2262,    531.6778,  24881.1152,
       1,     166,      31,      21,       1,       3,       1,     10.0000,      1.3787,     42.2706,    242.8279,     61.1109,      3.4953,      0.0000,     -0.0308,      7.5056,      0.1373,      5.4536,     10.9073,      1.2130,     27.7038,     55.4075,      0.0188,      0.0060,      0.0156,      0.1956,   7464.3350,-433951.4375,   -985.9171,    537.3839,  24881.1172,
       1,     166,      31,      22,       1,       3,       1,     10.0000,      1.3787,     42.2706,    242.8279,     61.1109,      3.4953,      0.0000,     -0.0306,      7.4010,      0.1344,      5.4536,     10.9073,      1.1875,     27.7038,     55.4075,      0.0188,      0.0060,      0.0156,      0.1957,   7464.3354,-426580.3125,   -984.1589,    537.9097,  24881.1172,
       1,     166,      31,      23,       1,       3,       1,     10.0000,      1.3787,     42.2706,    242.8279,     61.1109,      3.4953,      0.0000,     -0.0306,      7.4270,      0.1328,      5.4536,     10.9073,      1.1732,     27.7038,     55.4075,      0.0188,      0.0060,      0.0156,      0.1957,   7464.3354,-425763.6875,   -983.9699,    537.9650,  24881.1172,
       1,     166,      31,      24,       1,       3,       1,     10.0000,      1.3787,     42.2706,    242.8279,     61.1109,      3.4953,      0.0000,     -0.0306,      6.1466,      0.1322,      5.4536,     10.9073,      1.1684,     27.7038,     55.4075,      0.0188,      0.0049,      0.0156,      0.1957,   7464.3354,-425725.7500,   -983.9671,    537.9675,  24881.1172,
       1,     166,      32,       1,       1,       3,       1,     10.0000,      1.3787,     42.2709,    242.8337,     61.1124,      3.4953,      0.0000,     -0.0305,      5.0423,      0.1316,      5.4537,     10.9075,      1.1626,     27.7102,     55.4205,      0.0188,      0.0041,      0.0156,      0.1958,   7464.3354,-424218.7812,   -983.9567,    538.0815,  24882.2363,
       1,     166,      32,       2,       1,       3,       1,     10.0000,      1.3787,     42.2709,    242.8337,     61.1124,      3.4953,      0.0000,     -0.0305,      4.3575,      0.1308,      5.4537,     10.9075,      1.1555,     27.7102,     55.4205,      0.0188,      0.0035,      0.0156,      0.1958,   7464.6714,-422503.6250,   -983.2049,    538.1967,  24882.2363,
       1,     166,      32,       3,       1,       3,       1,     10.0000,      1.3787,     42.2709,    242.8337,     61.1124,      3.4953,      0.0000,     -0.0305,      3.8813,      0.1309,      5.4537,     10.9075,      1.1567,     27.7102,     55.4205,      0.0188,      0.0031,      0.0156,      0.1958,   7464.6714,-421467.2500,   -982.9601,    538.2665,  24882.2363,
       1,     166,      32,       4,       1,       3,       1,     10.0000,      1.3787,     42.2709,    242.8337,     61.1124,      3.4953,      0.0000,     -0.0306,      3.6497,      0.1318,      5.4537,     10.9075,      1.1649,     27.7102,     55.4205,      0.0188,      0.0029,      0.0156,      0.1958,   7464.6714,-420759.9688,   -982.7940,    538.3141,  24882.2363,
       1,     166,      32,       5,       1,       3,       1,     10.0000,      1.3787,     42.2709,    242.8337,     61.1124,      3.4953,      0.0000,     -0.0305,      3.4824,      0.1310,      5.4537,     10.9075,      1.1579,     27.7102,     55.4205,      0.0188,      0.0028,      0.0156,      0.1958,   7464.6714,-420398.3438,   -982.7104,    538.3384,  24882.2363,
       1,     166,      32,       6,       1,       3,       1,     10.0000,      1.3787,     42.2709,    242.8337,     61.1124,      3.4953,      0.0000,     -0.0305,      3.5483,      0.1308,      5.4537,     10.9075,      1.1555,     27.7102,     55.4205,      0.0188,      0.0029,      0.0156,      0.1958,   7464.6714,-420150.0625,   -982.6538,    538.3552,  24882.2363,
       1,     166,      32,       7,       1,       3,       1,     10.0000,      1.3787,     42.2709,    242.8337,     61.1124,      3.4953,      0.0000,     -0.0306,      3.3647,      0.1328,      5.4537,     10.9075,      1.1732,     27.7102,     55.4205,      0.0188,      0.0027,      0.0156,      0.1958,   7464.6714,-420213.8125,   -982.6722,    538.3508,  24882.2363,
       1,     166,      32,       8,       1,       3,       1,     10.0000,      1.3787,     42.2709,    242.8337,     61.1124,      3.4953,      0.0008,     -0.0299,      3.3634,      0.1334,      5.4537,     10.9075,      1.1792,     27.7102,     55.4205,      0.0188,      0.0027,      0.0156,      0.1958,   7464.6714,-419981.6250,   -982.6196,    538.3665,  24882.2363,
       1,     166,      32,       9,       1,       3,       1,     10.0000,      1.3787,     42.2709,    242.8337,     61.1124,      3.4953,      0.0716,      0.0410,     19.4023,      0.1337,      5.4537,     10.9075,      1.1816,     27.7102,     55.4205,      0.0188,      0.0029,      0.0836,      0.1958,   7464.6714,-419959.5625,   -982.6171,    538.3680,  24882.2363,
       1,     166,      32,      10,       1,       3,       1,     10.0000,      1.3787,     42.2709,    242.8337,     61.1124,      3.4953,      0.1575,      0.1264,     51.0035,      0.1463,      5.4537,     10.9075,      1.2927,     27.7102,     55.4205,      0.0188,      0.0031,      0.2066,      0.1958,   7464.6714,-440732.6250,   -987.6196,    536.9700,  24882.2363,
       1,     166,      32,      11,       1,       3,       1,     10.0000,      1.3787,     42.2709,    242.8337,     61.1124,      3.4953,      0.1862,      0.1547,     60.4866,      0.1579,      5.4537,     10.9075,      1.3952,     27.7102,     55.4205,      0.0188,      0.0031,      0.2482,      0.1957,   7464.6714,-483493.3125,   -997.9361,    534.1017,  24882.2324,
       1,     166,      32,      12,       1,       3,       1,     10.0000,      1.3787,     42.2709,    242.8337,     61.1124,      3.4953,      0.1873,      0.1555,     60.8607,      0.1690,      5.4537,     10.9075,      1.4934,     27.7102,     55.4205,      0.0188,      0.0031,      0.2500,      0.1957,   7464.6699,-499530.1875,  -1001.9363,    533.0387,  24882.2344,
       1,     166,      32,      13,       1,       3,       1,     10.0000,      1.3787,     42.2709,    242.8337,     61.1124,      3.4953,      0.1871,      0.1549,     59.5606,      0.1816,      5.4537,     10.9075,      1.6043,     27.7102,     55.4205,      0.0188,      0.0030,      0.2500,      0.1957,   7464.6704,-501401.8438,  -1002.5938,    532.9150,  24882.2344,
       1,     166,      32,      14,       1,       3,       1,     10.0000,      1.3787,     42.2709,    242.8337,     61.1124,      3.4953,      0.1866,      0.1541,     53.2310,      0.1885,      5.4537,     10.9075,      1.6659,     27.7102,     55.4205,      0.0188,      0.0027,      0.2500,      0.1957,   7464.6704,-499876.8750,  -1002.4430,    533.0166,  24882.2324,
       1,     166,      32,      15,       1,       3,       1,     10.0000,      1.3787,     42.2709,    242.8337,     61.1124,      3.4953,      0.1880,      0.1552,     71.6709,      0.1979,      5.4537,     10.9075,      1.7485,     27.7102,     55.4205,      0.0188,      0.0036,      0.2500,      0.1957,   7464.6699,-491536.2812,  -1000.6417,    533.5724,  24882.2324,
       1,     166,      32,      16,       1,       3,       1,     10.0000,      1.3787,     42.2709,    242.8337,     61.1124,      3.4953,      0.1887,      0.1561,     80.4554,      0.1919,      5.4537,     10.9075,      1.6958,     27.7102,     55.4205,      0.0188,      0.0040,      0.2500,      0.1957,   7464.6699,-514723.4688,  -1006.4111,    532.0261,  24882.2324,
       1,     166,      32,      17,       1,       3,       1,     10.0000,      1.3787,     42.2709,    242.8337,     61.1124,      3.4953,      0.1887,      0.1564,     89.4567,      0.1834,      5.4537,     10.9075,      1.6203,     27.7102,     55.4205,      0.0188,      0.0045,      0.2488,      0.1957,   7464.6699,-528138.9375,  -1009.9212,    531.1362,  24882.2324,
       1,     166,      32,      18,       1,       3,       1,     10.0000,      1.3787,     42.2709,    242.8337,     61.1124,      3.4953,      0.1579,      0.1256,     98.5689,      0.1821,      5.4537,     10.9075,      1.6091,     27.7102,     55.4205,      0.0188,      0.0061,      0.2018,      0.1957,   7464.6699,-540981.5000,  -1013.3561,    530.2842,  24882.2305,
       1,     166,      32,      19,       1,       3,       1,     10.0000,      1.3787,     42.2709,    242.8337,     61.1124,      3.4953,      0.1048,      0.0730,     59.9895,      0.1687,      5.4537,     10.9075,      1.4904,     27.7102,     55.4205,      0.0188,      0.0059,      0.1273,      0.1956,   7464.6694,-553922.6875,  -1016.8756,    529.4271,  24882.2305,
       1,     166,      32,      20,       1,       3,       1,     10.0000,      1.3787,     42.2709,    242.8337,     61.1124,      3.4953,      0.0175,     -0.0138,      2.4816,      0.1535,      5.4537,     10.9075,      1.3566,     27.7102,     55.4205,      0.0188,      0.0064,      0.0048,      0.1956,   7464.6694,-504970.9062,  -1005.4686,    532.6674,  24882.2285,
       1,     166,      32,      21,       1,       3,       1,     10.0000,      1.3787,     42.2709,    242.8337,     61.1124,      3.4953,      0.0000,     -0.0311,      7.6113,      0.1457,      5.4537,     10.9075,      1.2875,     27.7102,     55.4205,      0.0188,      0.0061,      0.0156,      0.1957,   7464.6689,-426171.0625,   -986.6050,    537.9241,  24882.2285,
       1,     166,      32,      22,       1,       3,       1,     10.0000,      1.3787,     42.2709,    242.8337,     61.1124,      3.4953,      0.0000,     -0.0309,      6.9859,      0.1398,      5.4537,     10.9075,      1.2353,     27.7102,     55.4205,      0.0188,      0.0056,      0.0156,      0.1958,   7464.6689,-426036.5625,   -986.5804,    537.9592,  24882.2285,
       1,     166,      32,      23,       1,       3,       1,     10.0000,      1.3787,     42.2709,    242.8337,     61.1124,      3.4953,      0.0000,     -0.0307,      6.9045,      0.1370,      5.4537,     10.9075,      1.2106,     27.7102,     55.4205,      0.0188,      0.0056,      0.0156,      0.1958,   7464.6689,-425180.7500,   -986.3804,    538.0168,  24882.2285,
       1,     166,      32,      24,       1,       3,       1,     10.0000,      1.3787,     42.2709,    242.8337,     61.1124,      3.4953,      0.0000,     -0.0308,      6.1270,      0.1377,      5.4537,     10.9075,      1.2168,     27.7102,     55.4205,      0.0188,      0.0049,      0.0156,      0.1958,   7464.6689,-425000.8438,   -986.3433,    538.0289,  24882.2285,
       1,     166,      33,       1,       1,       3,       1,     10.0000,      1.3787,     42.2713,    242.8394,     61.1138,      3.4953,      0.0000,     -0.0307,      5.0633,      0.1349,      5.4541,     10.9082,      1.1924,     27.7169,     55.4339,      0.0188,      0.0041,      0.0156,      0.1958,   7464.6689,-424133.2188,   -986.4877,    538.0999,  24883.3477,
       1,     166,      33,       2,       1,       3,       1,     10.0000,      1.3787,     42.2713,    242.8394,     61.1138,      3.4953,      0.0000,     -0.0307,      4.0485,      0.1349,      5.4541,     10.9082,      1.1924,     27.7169,     55.4339,      0.0188,      0.0033,      0.0156,      0.1958,   7465.0044,-422526.4688,   -985.7567,    538.2080,  24883.3477,
       1,     166,      33,       3,       1,       3,       1,     10.0000,      1.3787,     42.2713,    242.8394,     61.1138,      3.4953,      0.0000,     -0.0307,      3.3378,      0.1351,      5.4541,     10.9082,      1.1936,     27.7169,     55.4339,      0.0188,      0.0027,      0.0156,      0.1958,   7465.0044,-421072.0000,   -985.4090,    538.3058,  24883.3477,
       1,     166,      33,       4,       1,       3,       1,     10.0000,      1.3787,     42.2713,    242.8394,     61.1138,      3.4953,      0.0000,     -0.0306,      3.1129,      0.1341,      5.4541,     10.9082,      1.1852,     27.7169,     55.4339,      0.0188,      0.0025,      0.0156,      0.1958,   7465.0044,-420024.8438,   -985.1591,    538.3763,  24883.3477,
       1,     166,      33,       5,       1,       3,       1,     10.0000,      1.3787,     42.2713,    242.8394,     61.1138,      3.4953,      0.0000,     -0.0307,      2.9638,      0.1351,      5.4541,     10.9082,      1.1936,     27.7169,     55.4339,      0.0188,      0.0024,      0.0156,      0.1958,   7465.0044,-419642.3438,   -985.0696,    538.4021,  24883.3477,
       1,     166,      33,       6,       1,       3,       1,     10.0000,      1.3787,     42.2713,    242.8394,     61.1138,      3.4953,      0.0000,     -0.0307,      2.7895,      0.1369,      5.4541,     10.9082,      1.2094,     27.7169,     55.4339,      0.0188,      0.0022,      0.0156,      0.1958,   7465.0044,-419415.8125,   -985.0176,    538.4174,  24883.3477,
       1,     166,      33,       7,       1,       3,       1,     10.0000,      1.3787,     42.2713,    242.8394,     61.1138,      3.4953,      0.0000,     -0.0307,      2.8849,      0.1344,      5.4541,     10.9082,      1.1876,     27.7169,     55.4339,      0.0188,      0.0023,      0.0156,      0.1958,   7465.0044,-419170.3125,   -984.9611,    538.4338,  24883.3477,
       1,     166,      33,       8,       1,       3,       1,     10.0000,      1.3787,     42.2713,    242.8394,     61.1138,      3.4953,      0.0005,     -0.0298,      2.8831,      0.1251,      5.4541,     10.9082,      1.1050,     27.7169,     55.4339,      0.0188,      0.0023,      0.0156,      0.1958,   7465.0044,-419272.6250,   -984.9884,    538.4269,  24883.3477,
       1,     166,      33,       9,       1,       3,       1,     10.0000,      1.3787,     42.2713,    242.8394,     61.1138,      3.4953,      0.0327,      0.0024,      4.9181,      0.1267,      5.4541,     10.9082,      1.1197,     27.7169,     55.4339,      0.0188,      0.0022,      0.0282,      0.1958,   7465.0044,-419279.1562,   -985.1662,    538.4266,  24883.3477,
       1,     166,      33,      10,       1,       3,       1,     10.0000,      1.3787,     42.2713,    242.8394,     61.1138,      3.4953,      0.1202,      0.0893,     30.0137,      0.1425,      5.4541,     10.9082,      1.2593,     27.7169,     55.4339,      0.0188,      0.0024,      0.1540,      0.1958,   7465.0044,-421915.1875,   -985.8075,    538.2490,  24883.3477,
       1,     166,      33,      11,       1,       3,       1,     10.0000,      1.3787,     42.2713,    242.8394,     61.1138,      3.4953,      0.1841,      0.1524,     54.5647,      0.1634,      5.4541,     10.9082,      1.4436,     27.7169,     55.4339,      0.0188,      0.0028,      0.2458,      0.1958,   7465.0044,-454648.1875,   -993.7513,    536.0468,  24883.3477,
       1,     166,      33,      12,       1,       3,       1,     10.0000,      1.3787,     42.2713,    242.8394,     61.1138,      3.4953,      0.1867,      0.1547,     53.1147,      0.1734,      5.4541,     10.9082,      1.5326,     27.7169,     55.4339,      0.0188,      0.0027,      0.2500,      0.1958,   7465.0044,-489325.5625,  -1002.2115,    533.7277,  24883.3477,
       1,     166,      33,      13,       1,       3,       1,     10.0000,      1.3787,     42.2713,    242.8394,     61.1138,      3.4953,      0.1852,      0.1527,     35.6856,      0.1891,      5.4541,     10.9082,      1.6709,     27.7169,     55.4339,      0.0188,      0.0018,      0.2500,      0.1957,   7465.0044,-490470.5312,  -1002.6495,    533.6564,  24883.3457,
       1,     166,      33,      14,       1,       3,       1,     10.0000,      1.3787,     42.2713,    242.8394,     61.1138,      3.4953,      0.1848,      0.1522,     31.1679,      0.1934,      5.4541,     10.9082,      1.7093,     27.7169,     55.4339,      0.0188,      0.0016,      0.2500,      0.1957,   7465.0039,-467966.8438,   -997.3549,    535.1575,  24883.3457,
       1,     166,      33,      15,       1,       3,       1,     10.0000,      1.3787,     42.2713,    242.8394,     61.1138,      3.4953,      0.1864,      0.1538,     50.7881,      0.1933,      5.4541,     10.9082,      1.7076,     27.7169,     55.4339,      0.0188,      0.0026,      0.2500,      0.1957,   7465.0039,-460163.4062,   -995.5402,    535.6816,  24883.3457,
       1,     166,      33,      16,       1,       3,       1,     10.0000,      1.3787,     42.2713,    242.8394,     61.1138,      3.4953,      0.1892,      0.1565,     86.4211,      0.1940,      5.4541,     10.9082,      1.7144,     27.7169,     55.4339,      0.0188,      0.0043,      0.2500,      0.1958,   7465.0039,-484908.7188,  -1001.7144,    534.0249,  24883.3438,
       1,     166,      33,      17,       1,       3,       1,     10.0000,      1.3787,     42.2713,    242.8394,     61.1138,      3.4953,      0.1889,      0.1565,    107.5625,      0.1863,      5.4541,     10.9082,      1.6462,     27.7169,     55.4339,      0.0188,      0.0055,      0.2470,      0.1957,   7465.0034,-533262.0625,  -1013.6046,    530.7997,  24883.3438,
       1,     166,      33,      18,       1,       3,       1,     10.0000,      1.3787,     42.2713,    242.8394,     61.1138,      3.4953,      0.1695,      0.1375,    104.2848,      0.1719,      5.4541,     10.9082,      1.5189,     27.7169,     55.4339,      0.0188,      0.0060,      0.2184,      0.1957,   7465.0034,-564918.2500,  -1021.6486,    528.7091,  24883.3438,
       1,     166,      33,      19,       1,       3,       1,     10.0000,      1.3787,     42.2713,    242.8394,     61.1138,      3.4953,      0.1097,      0.0780,     68.9272,      0.1634,      5.4541,     10.9082,      1.4436,     27.7169,     55.4339,      0.0188,      0.0065,      0.1336,      0.1956,   7465.0034,-563411.6250,  -1021.7747,    528.8127,  24883.3438,
       1,     166,      33,      20,       1,       3,       1,     10.0000,      1.3787,     42.2713,    242.8394,     61.1138,      3.4953,      0.0153,     -0.0158,      0.9852,      0.1479,      5.4541,     10.9082,      1.3071,     27.7169,     55.4339,      0.0188,      0.0062,      0.0020,      0.1956,   7465.0034,-517379.4062,  -1011.0469,    531.8555,  24883.3418,
       1,     166,      33,      21,       1,       3,       1,     10.0000,      1.3787,     42.2713,    242.8394,     61.1138,      3.4953,      0.0000,     -0.0309,      7.9452,      0.1409,      5.4541,     10.9082,      1.2454,     27.7169,     55.4339,      0.0188,      0.0064,      0.0156,      0.1957,   7465.0029,-425291.3125,   -988.8651,    537.9865,  24883.3418,
       1,     166,      33,      22,       1,       3,       1,     10.0000,      1.3787,     42.2713,    242.8394,     61.1138,      3.4953,      0.0000,     -0.0307,      7.8454,      0.1351,      5.4541,     10.9082,      1.1936,     27.7169,     55.4339,      0.0188,      0.0063,      0.0156,      0.1958,   7465.0029,-426406.7812,   -989.1428,    537.9470,  24883.3418,
       1,     166,      33,      23,       1,       3,       1,     10.0000,      1.3787,     42.2713,    242.8394,     61.1138,      3.4953,      0.0000,     -0.0305,      6.7067,      0.1295,      5.4541,     10.9082,      1.1439,     27.7169,     55.4339,      0.0188,      0.0054,      0.0156,      0.1958,   7465.0029,-426328.7188,   -989.1290,    537.9522,  24883.3418,
       1,     166,      33,      24,       1,       3,       1,     10.0000,      1.3787,     42.2713,    242.8394,     61.1138,      3.4953,      0.0000,     -0.0304,      5.3294,      0.1271,      5.4541,     10.9082,      1.1231,     27.7169,     55.4339,      0.0188,      0.0043,      0.0156,      0.1958,   7465.0029,-424847.0625,   -988.7732,    538.0519,  24883.3418,
       1,     166,      34,       1,       1,       3,       1,     10.0000,      1.3788,     42.2716,    242.8452,     61.1153,      3.4953,      0.0000,     -0.0303,      4.3631,      0.1245,      5.4544,     10.9087,      1.1006,     27.7219,     55.4438,      0.0188,      0.0035,      0.0156,      0.1958,   7465.0029,-423089.1250,   -988.6993,    538.1828,  24884.4570,
       1,     166,      34,       2,       1,       3,       1,     10.0000,      1.3788,     42.2716,    242.8452,     61.1153,      3.4953,      0.0000,     -0.0302,      3.7888,      0.1237,      5.4544,     10.9087,      1.0927,     27.7219,     55.4438,      0.0188,      0.0030,      0.0156,      0.1958,   7465.3374,-421531.7812,   -987.9748,    538.2876,  24884.4570,
       1,     166,      34,       3,       1,       3,       1,     10.0000,      1.3788,     42.2716,    242.8452,     61.1153,      3.4953,      0.0000,     -0.0303,      3.2899,      0.1239,      5.4544,     10.9087,      1.0950,     27.7219,     55.4438,      0.0188,      0.0026,      0.0156,      0.1958,   7465.3374,-420652.2500,   -987.7635,    538.3468,  24884.4570,
       1,     166,      34,       4,       1,       3,       1,     10.0000,      1.3788,     42.2716,    242.8452,     61.1153,      3.4953,      0.0000,     -0.0303,      2.8321,      0.1248,      5.4544,     10.9087,      1.1028,     27.7219,     55.4438,      0.0188,      0.0023,      0.0156,      0.1958,   7465.3374,-419929.5312,   -987.5900,    538.3954,  24884.4570,
       1,     166,      34,       5,       1,       3,       1,     10.0000,      1.3788,     42.2716,    242.8452,     61.1153,      3.4953,      0.0000,     -0.0303,      2.3704,      0.1261,      5.4544,     10.9087,      1.1141,     27.7219,     55.4438,      0.0188,      0.0019,      0.0156,      0.1958,   7465.3374,-419273.6562,   -987.4324,    538.4395,  24884.4570,
       1,     166,      34,       6,       1,       3,       1,     10.0000,      1.3788,     42.2716,    242.8452,     61.1153,      3.4953,      0.0000,     -0.0303,      1.9457,      0.1239,      5.4544,     10.9087,      1.0950,     27.7219,     55.4438,      0.0188,      0.0016,      0.0156,      0.1958,   7465.3374,-418618.7188,   -987.2747,    538.4836,  24884.4570,
       1,     166,      34,       7,       1,       3,       1,     10.0000,      1.3788,     42.2716,    242.8452,     61.1153,      3.4953,      0.0000,     -0.0301,      1.6912,      0.1212,      5.4544,     10.9087,      1.0707,     27.7219,     55.4438,      0.0188,      0.0014,      0.0156,      0.1958,   7465.3374,-418011.5625,   -987.1285,    538.5245,  24884.4570,
       1,     166,      34,       8,       1,       3,       1,     10.0000,      1.3788,     42.2716,    242.8452,     61.1153,      3.4953,      0.0003,     -0.0298,      1.9907,      0.1203,      5.4544,     10.9087,      1.0631,     27.7219,     55.4438,      0.0188,      0.0016,      0.0156,      0.1958,   7465.3374,-417629.1875,   -987.0367,    538.5502,  24884.4570,
       1,     166,      34,       9,       1,       3,       1,     10.0000,      1.3788,     42.2716,    242.8452,     61.1153,      3.4953,      0.0518,      0.0217,      8.2679,      0.1199,      5.4544,     10.9087,      1.0598,     27.7219,     55.4438,      0.0188,      0.0018,      0.0561,      0.1958,   7465.3374,-417983.5625,   -987.1243,    538.5264,  24884.4570,
       1,     166,      34,      10,       1,       3,       1,     10.0000,      1.3788,     42.2716,    242.8452,     61.1153,      3.4953,      0.1116,      0.0811,     24.2043,      0.1291,      5.4544,     10.9087,      1.1404,     27.7219,     55.4438,      0.0188,      0.0021,      0.1421,      0.1958,   7465.3374,-426143.0625,   -989.1178,    537.9771,  24884.4570,
       1,     166,      34,      11,       1,       3,       1,     10.0000,      1.3788,     42.2716,    242.8452,     61.1153,      3.4953,      0.1269,      0.0955,     30.6917,      0.1560,      5.4544,     10.9087,      1.3786,     27.7219,     55.4438,      0.0188,      0.0024,      0.1637,      0.1958,   7465.3374,-447494.1562,   -994.3395,    536.5416,  24884.4570,
       1,     166,      34,      12,       1,       3,       1,     10.0000,      1.3788,     42.2716,    242.8452,     61.1153,      3.4953,      0.1742,      0.1424,     41.3305,      0.1668,      5.4544,     10.9087,      1.4742,     27.7219,     55.4438,      0.0188,      0.0022,      0.2327,      0.1958,   7465.3374,-457763.3438,   -996.8828,    535.8548,  24884.4590,
       1,     166,      34,      13,       1,       3,       1,     10.0000,      1.3788,     42.2716,    242.8452,     61.1153,      3.4953,      0.1665,      0.1343,     39.2660,      0.1780,      5.4544,     10.9087,      1.5728,     27.7219,     55.4438,      0.0188,      0.0022,      0.2215,      0.1958,   7465.3379,-472440.1562,  -1000.5231,    534.8722,  24884.4551,
       1,     166,      34,      14,       1,       3,       1,     10.0000,      1.3788,     42.2716,    242.8452,     61.1153,      3.4953,      0.1775,      0.1452,     37.1230,      0.1834,      5.4544,     10.9087,      1.6204,     27.7219,     55.4438,      0.0188,      0.0020,      0.2382,      0.1958,   7465.3369,-471043.4062,  -1000.2757,    534.9665,  24884.4590,
       1,     166,      34,      15,       1,       3,       1,     10.0000,      1.3788,     42.2716,    242.8452,     61.1153,      3.4953,      0.1847,      0.1521,     51.9790,      0.1936,      5.4544,     10.9087,      1.7110,     27.7219,     55.4438,      0.0188,      0.0026,      0.2474,      0.1958,   7465.3379,-468143.0625,   -999.6529,    535.1604,  24884.4551,
       1,     166,      34,      16,       1,       3,       1,     10.0000,      1.3788,     42.2716,    242.8452,     61.1153,      3.4953,      0.1766,      0.1440,     76.5491,      0.1933,      5.4544,     10.9087,      1.7077,     27.7219,     55.4438,      0.0188,      0.0041,      0.2324,      0.1958,   7465.3369,-487143.5312,  -1004.3770,    533.8894,  24884.4551,
       1,     166,      34,      17,       1,       3,       1,     10.0000,      1.3788,     42.2716,    242.8452,     61.1153,      3.4953,      0.1888,      0.1567,     95.7581,      0.1783,      5.4544,     10.9087,      1.5759,     27.7219,     55.4438,      0.0188,      0.0048,      0.2482,      0.1958,   7465.3369,-520649.1875,  -1012.7223,    531.6549,  24884.4570,
       1,     166,      34,      18,       1,       3,       1,     10.0000,      1.3788,     42.2716,    242.8452,     61.1153,      3.4953,      0.1675,      0.1359,     95.4388,      0.1629,      5.4544,     10.9087,      1.4393,     27.7219,     55.4438,      0.0188,      0.0055,      0.2164,      0.1957,   7465.3374,-548484.8750,  -1019.8259,    529.8096,  24884.4531,
       1,     166,      34,      19,       1,       3,       1,     10.0000,      1.3788,     42.2716,    242.8452,     61.1153,      3.4953,      0.0980,      0.0665,     51.2941,      0.1570,      5.4544,     10.9087,      1.3869,     27.7219,     55.4438,      0.0188,      0.0054,      0.1184,      0.1957,   7465.3364,-550491.1875,  -1020.7384,    529.6800,  24884.4531,
       1,     166,      34,      20,       1,       3,       1,     10.0000,      1.3788,     42.2716,    242.8452,     61.1153,      3.4953,      0.0084,     -0.0226,      7.0162,      0.1424,      5.4544,     10.9087,      1.2581,     27.7219,     55.4438,      0.0188,      0.0056,      0.0156,      0.1957,   7465.3364,-493378.1875,  -1007.1681,    533.4615,  24884.4512,
       1,     166,      34,      21,       1,       3,       1,     10.0000,      1.3788,     42.2716,    242.8452,     61.1153,      3.4953,      0.0000,     -0.0308,      7.3461,      0.1373,      5.4544,     10.9087,      1.2131,     27.7219,     55.4438,      0.0188,      0.0059,      0.0156,      0.1957,   7465.3354,-431066.5000,   -992.0624,    537.6301,  24884.4512,
       1,     166,      34,      22,       1,       3,       1,     10.0000,      1.3788,     42.2716,    242.8452,     61.1153,      3.4953,      0.0000,     -0.0307,      6.5142,      0.1360,      5.4544,     10.9087,      1.2021,     27.7219,     55.4438,      0.0188,      0.0052,      0.0156,      0.1958,   7465.3354,-426111.5000,   -990.8577,    537.9794,  24884.4512,
       1,     166,      34,      23,       1,       3,       1,     10.0000,      1.3788,     42.2716,    242.8452,     61.1153,      3.4953,      0.0000,     -0.0307,      5.3002,      0.1348,      5.4544,     10.9087,      1.1912,     27.7219,     55.4438,      0.0188,      0.0043,      0.0156,      0.1958,   7465.3354,-424581.7500,   -990.4889,    538.0825,  24884.4512,
       1,     166,      34,      24,       1,       3,       1,     10.0000,      1.3788,     42.2716,    242.8452,     61.1153,      3.4953,      0.0000,     -0.0307,      5.1945,      0.1358,      5.4544,     10.9087,      1.1997,     27.7219,     55.4438,      0.0188,      0.0042,      0.0156,      0.1958,   7465.3354,-422876.0312,   -990.0757,    538.1971,  24884.4512,
       1,     166,      35,       1,       1,       3,       1,     10.0000,      1.3788,     42.2719,    242.8509,     61.1167,      3.4953,      0.0000,     -0.0305,      3.9724,      0.1293,      5.4542,     10.9085,      1.1428,     27.7240,     55.4480,      0.0188,      0.0032,      0.0156,      0.1958,   7465.3354,-422746.1875,   -990.4014,    538.2186,  24885.5723,
       1,     166,      35,       2,       1,       3,       1,     10.0000,      1.3788,     42.2719,    242.8509,     61.1167,      3.4953,      0.0000,     -0.0304,      3.4810,      0.1284,      5.4542,     10.9085,      1.1347,     27.7240,     55.4480,      0.0188,      0.0028,      0.0156,      0.1958,   7465.6719,-420998.9375,   -989.6245,    538.3361,  24885.5723,
       1,     166,      35,       3,       1,       3,       1,     10.0000,      1.3788,     42.2719,    242.8509,     61.1167,      3.4953,      0.0000,     -0.0305,      3.1238,      0.1314,      5.4542,     10.9085,      1.1615,     27.7240,     55.4480,      0.0188,      0.0025,      0.0156,      0.1958,   7465.6719,-420210.4062,   -989.4343,    538.3892,  24885.5723,
       1,     166,      35,       4,       1,       3,       1,     10.0000,      1.3788,     42.2719,    242.8509,     61.1167,      3.4953,      0.0000,     -0.0305,      2.8482,      0.1309,      5.4542,     10.9085,      1.1568,     27.7240,     55.4480,      0.0188,      0.0023,      0.0156,      0.1958,   7465.6719,-419679.1562,   -989.3068,    538.4249,  24885.5723,
       1,     166,      35,       5,       1,       3,       1,     10.0000,      1.3788,     42.2719,    242.8509,     61.1167,      3.4953,      0.0000,     -0.0305,      2.4170,      0.1306,      5.4542,     10.9085,      1.1544,     27.7240,     55.4480,      0.0188,      0.0019,      0.0156,      0.1958,   7465.6719,-419276.0000,   -989.2106,    538.4521,  24885.5703,
       1,     166,      35,       6,       1,       3,       1,     10.0000,      1.3788,     42.2719,    242.8509,     61.1167,      3.4953,      0.0000,     -0.0306,      1.7931,      0.1317,      5.4542,     10.9085,      1.1638,     27.7240,     55.4480,      0.0188,      0.0014,      0.0156,      0.1958,   7465.6714,-418682.8438,   -989.0681,    538.4920,  24885.5703,
       1,     166,      35,       7,       1,       3,       1,     10.0000,      1.3788,     42.2719,    242.8509,     61.1167,      3.4953,      0.0000,     -0.0306,      1.5135,      0.1331,      5.4542,     10.9085,      1.1757,     27.7240,     55.4480,      0.0188,      0.0012,      0.0156,      0.1958,   7465.6714,-417823.3125,   -988.8593,    538.5498,  24885.5703,
       1,     166,      35,       8,       1,       3,       1,     10.0000,      1.3788,     42.2719,    242.8509,     61.1167,      3.4953,      0.0006,     -0.0300,      1.5681,      0.1322,      5.4542,     10.9085,      1.1686,     27.7240,     55.4480,      0.0188,      0.0013,      0.0156,      0.1958,   7465.6714,-417386.5000,   -988.7535,    538.5793,  24885.5703,
       1,     166,      35,       9,       1,       3,       1,     10.0000,      1.3788,     42.2719,    242.8509,     61.1167,      3.4953,      0.0673,      0.0366,      9.3449,      0.1372,      5.4542,     10.9085,      1.2119,     27.7240,     55.4480,      0.0188,      0.0015,      0.0783,      0.1958,   7465.6714,-417419.1250,   -988.7629,    538.5771,  24885.5703,
       1,     166,      35,      10,       1,       3,       1,     10.0000,      1.3788,     42.2719,    242.8509,     61.1167,      3.4953,      0.1576,      0.1264,     26.8371,      0.1479,      5.4542,     10.9085,      1.3072,     27.7240,     55.4480,      0.0188,      0.0016,      0.2096,      0.1958,   7465.6714,-427490.9375,   -991.2372,    537.8990,  24885.5703,
       1,     166,      35,      11,       1,       3,       1,     10.0000,      1.3788,     42.2719,    242.8509,     61.1167,      3.4953,      0.1852,      0.1539,     32.5052,      0.1545,      5.4542,     10.9085,      1.3649,     27.7240,     55.4480,      0.0188,      0.0016,      0.2500,      0.1958,   7465.6714,-451021.6562,   -997.0244,    536.3173,  24885.5703,
       1,     166,      35,      12,       1,       3,       1,     10.0000,      1.3788,     42.2719,    242.8509,     61.1167,      3.4953,      0.1855,      0.1545,     34.3063,      0.1432,      5.4542,     10.9085,      1.2657,     27.7240,     55.4480,      0.0188,      0.0017,      0.2500,      0.1958,   7465.6714,-460419.5312,   -999.3733,    535.6896,  24885.5703,
       1,     166,      35,      13,       1,       3,       1,     10.0000,      1.3788,     42.2719,    242.8509,     61.1167,      3.4953,      0.1854,      0.1536,     36.1087,      0.1667,      5.4542,     10.9085,      1.4728,     27.7240,     55.4480,      0.0188,      0.0018,      0.2500,      0.1958,   7465.6714,-463568.5000,  -1000.2068,    535.4792,  24885.5703,
       1,     166,      35,      14,       1,       3,       1,     10.0000,      1.3788,     42.2719,    242.8509,     61.1167,      3.4953,      0.1854,      0.1541,     34.9754,      0.1532,      5.4542,     10.9085,      1.3540,     27.7240,     55.4480,      0.0188,      0.0018,      0.2500,      0.1958,   7465.6714,-466177.0938,  -1000.9136,    535.3045,  24885.5703,
       1,     166,      35,      15,       1,       3,       1,     10.0000,      1.3788,     42.2719,    242.8509,     61.1167,      3.4953,      0.1859,      0.1550,     39.6535,      0.1419,      5.4542,     10.9085,      1.2543,     27.7240,     55.4480,      0.0188,      0.0020,      0.2500,      0.1958,   7465.6714,-464935.6562,  -1001.0208,    535.3876,  24885.5703,
       1,     166,      35,      16,       1,       3,       1,     10.0000,      1.3788,     42.2719,    242.8509,     61.1167,      3.4953,      0.1865,      0.1553,     47.9320,      0.1490,      5.4542,     10.9085,      1.3164,     27.7240,     55.4480,      0.0188,      0.0024,      0.2500,      0.1958,   7465.6714,-470888.9375,  -1002.8563,    534.9893,  24885.5703,
       1,     166,      35,      17,       1,       3,       1,     10.0000,      1.3788,     42.2719,    242.8509,     61.1167,      3.4953,      0.1845,      0.1526,     35.4242,      0.1724,      5.4542,     10.9085,      1.5236,     27.7240,     55.4480,      0.0188,      0.0018,      0.2488,      0.1958,   7465.6714,-482134.0625,  -1006.5702,    534.2374,  24885.5684,
       1,     166,      35,      18,       1,       3,       1,     10.0000,      1.3788,     42.2719,    242.8509,     61.1167,      3.4953,      0.1748,      0.1430,     53.1689,      0.1660,      5.4542,     10.9085,      1.4669,     27.7240,     55.4480,      0.0188,      0.0029,      0.2322,      0.1958,   7465.6709,-466902.5938,  -1002.9512,    535.2551,  24885.5684,
       1,     166,      35,      19,       1,       3,       1,     10.0000,      1.3788,     42.2719,    242.8509,     61.1167,      3.4953,      0.1272,      0.0955,     34.3850,      0.1637,      5.4542,     10.9085,      1.4465,     27.7240,     55.4480,      0.0188,      0.0026,      0.1636,      0.1958,   7465.6709,-488573.7188,  -1008.3469,    533.8061,  24885.5684,
       1,     166,      35,      20,       1,       3,       1,     10.0000,      1.3788,     42.2719,    242.8509,     61.1167,      3.4953,      0.0167,     -0.0145,      0.5097,      0.1499,      5.4542,     10.9085,      1.3244,     27.7240,     55.4480,      0.0188,      0.0016,      0.0040,      0.1958,   7465.6709,-466114.9062,  -1002.9817,    535.3066,  24885.5645,
       1,     166,      35,      21,       1,       3,       1,     10.0000,      1.3788,     42.2719,    242.8509,     61.1167,      3.4953,      0.0000,     -0.0310,      1.9941,      0.1445,      5.4542,     10.9085,      1.2773,     27.7240,     55.4480,      0.0188,      0.0016,      0.0156,      0.1958,   7465.6694,-420276.1562,   -991.7837,    538.3759,  24885.5664,
       1,     166,      35,      22,       1,       3,       1,     10.0000,      1.3788,     42.2719,    242.8509,     61.1167,      3.4953,      0.0000,     -0.0309,      4.0449,      0.1411,      5.4542,     10.9085,      1.2467,     27.7240,     55.4480,      0.0188,      0.0033,      0.0156,      0.1958,   7465.6704,-418234.4062,   -991.2801,    538.5222,  24885.5664,
       1,     166,      35,      23,       1,       3,       1,     10.0000,      1.3788,     42.2719,    242.8509,     61.1167,      3.4953,      0.0000,     -0.0308,      4.2587,      0.1377,      5.4542,     10.9085,      1.2168,     27.7240,     55.4480,      0.0188,      0.0034,      0.0156,      0.1958,   7465.6704,-420700.2500,   -991.8780,    538.3562,  24885.5664,
       1,     166,      35,      24,       1,       3,       1,     10.0000,      1.3788,     42.2719,    242.8509,     61.1167,      3.4953,      0.0000,     -0.0307,      4.1462,      0.1358,      5.4542,     10.9085,      1.1997,     27.7240,     55.4480,      0.0188,      0.0033,      0.0156,      0.1958,   7465.6704,-421192.0938,   -991.9915,    538.3232,  24885.5664,
       1,     166,      36,       1,       1,       3,       1,     10.0000,      1.3788,     42.2723,    242.8566,     61.1182,      3.4953,      0.0000,     -0.0307,      3.5888,      0.1345,      5.4546,     10.9093,      1.1889,     27.7314,     55.4628,      0.0188,      0.0029,      0.0156,      0.1959,   7465.6704,-421244.8438,   -992.3512,    538.3323,  24886.6855,
       1,     166,      36,       2,       1,       3,       1,     10.0000,      1.3788,     42.2723,    242.8566,     61.1182,      3.4953,      0.0000,     -0.0306,      3.3653,      0.1339,      5.4546,     10.9093,      1.1829,     27.7314,     55.4628,      0.0188,      0.0027,      0.0156,      0.1959,   7466.0059,-420374.4375,   -991.7797,    538.3909,  24886.6875,
       1,     166,      36,       3,       1,       3,       1,     10.0000,      1.3788,     42.2723,    242.8566,     61.1182,      3.4953,      0.0000,     -0.0306,      3.1779,      0.1331,      5.4546,     10.9093,      1.1757,     27.7314,     55.4628,      0.0188,      0.0026,      0.0156,      0.1959,   7466.0063,-420009.0625,   -991.6846,    538.4155,  24886.6855,
       1,     166,      36,       4,       1,       3,       1,     10.0000,      1.3788,     42.2723,    242.8566,     61.1182,      3.4953,      0.0000,     -0.0305,      3.0273,      0.1312,      5.4546,     10.9093,      1.1591,     27.7314,     55.4628,      0.0188,      0.0024,      0.0156,      0.1959,   7466.0059,-419734.9062,   -991.6130,    538.4340,  24886.6855,
       1,     166,      36,       5,       1,       3,       1,     10.0000,      1.3788,     42.2723,    242.8566,     61.1182,      3.4953,      0.0000,     -0.0305,      2.8650,      0.1304,      5.4546,     10.9093,      1.1521,     27.7314,     55.4628,      0.0188,      0.0023,      0.0156,      0.1959,   7466.0059,-419515.8125,   -991.5549,    538.4486,  24886.6855,
       1,     166,      36,       6,       1,       3,       1,     10.0000,      1.3788,     42.2723,    242.8566,     61.1182,      3.4953,      0.0000,     -0.0305,      3.0227,      0.1304,      5.4546,     10.9093,      1.1521,     27.7314,     55.4628,      0.0188,      0.0024,      0.0156,      0.1959,   7466.0059,-419286.8125,   -991.4946,    538.4641,  24886.6855,
       1,     166,      36,       7,       1,       3,       1,     10.0000,      1.3788,     42.2723,    242.8566,     61.1182,      3.4953,      0.0000,     -0.0305,      3.0202,      0.1289,      5.4546,     10.9093,      1.1393,     27.7314,     55.4628,      0.0188,      0.0024,      0.0156,      0.1959,   7466.0059,-419470.9062,   -991.5355,    538.4517,  24886.6855,
       1,     166,      36,       8,       1,       3,       1,     10.0000,      1.3788,     42.2723,    242.8566,     61.1182,      3.4953,      0.0002,     -0.0303,      3.1677,      0.1314,      5.4546,     10.9093,      1.1615,     27.7314,     55.4628,      0.0188,      0.0025,      0.0156,      0.1959,   7466.0059,-419483.7188,   -991.5342,    538.4508,  24886.6855,
       1,     166,      36,       9,       1,       3,       1,     10.0000,      1.3788,     42.2723,    242.8566,     61.1182,      3.4953,      0.0088,     -0.0219,      3.2206,      0.1363,      5.4546,     10.9093,      1.2046,     27.7314,     55.4628,      0.0188,      0.0026,      0.0156,      0.1959,   7466.0059,-419675.8750,   -991.5771,    538.4379,  24886.6855,
       1,     166,      36,      10,       1,       3,       1,     10.0000,      1.3788,     42.2723,    242.8566,     61.1182,      3.4953,      0.1154,      0.0844,     30.0246,      0.1427,      5.4546,     10.9093,      1.2607,     27.7314,     55.4628,      0.0188,      0.0026,      0.1468,      0.1959,   7466.0059,-419761.2188,   -991.5933,    538.4322,  24886.6855,
       1,     166,      36,      11,       1,       3,       1,     10.0000,      1.3788,     42.2723,    242.8566,     61.1182,      3.4953,      0.1392,      0.1077,     39.7740,      0.1598,      5.4546,     10.9093,      1.4122,     27.7314,     55.4628,      0.0188,      0.0028,      0.1809,      0.1959,   7466.0059,-454470.3750,  -1000.1309,    536.0961,  24886.6855,
       1,     166,      36,      12,       1,       3,       1,     10.0000,      1.3788,     42.2723,    242.8566,     61.1182,      3.4953,      0.0804,      0.0484,     21.5519,      0.1748,      5.4546,     10.9093,      1.5450,     27.7314,     55.4628,      0.0188,      0.0028,      0.0954,      0.1958,   7466.0059,-470136.6875,  -1004.0281,    535.0514,  24886.6836,
       1,     166,      36,      13,       1,       3,       1,     10.0000,      1.3788,     42.2723,    242.8566,     61.1182,      3.4953,      0.1139,      0.0815,     35.4514,      0.1863,      5.4546,     10.9093,      1.6463,     27.7314,     55.4628,      0.0188,      0.0031,      0.1435,      0.1958,   7466.0054,-447886.6250,   -998.6388,    536.5405,  24886.6855,
       1,     166,      36,      14,       1,       3,       1,     10.0000,      1.3788,     42.2723,    242.8566,     61.1182,      3.4953,      0.1085,      0.0759,     33.0466,      0.1914,      5.4546,     10.9093,      1.6909,     27.7314,     55.4628,      0.0188,      0.0031,      0.1356,      0.1958,   7466.0059,-463959.7500,  -1002.6268,    535.4645,  24886.6836,
       1,     166,      36,      15,       1,       3,       1,     10.0000,      1.3788,     42.2723,    242.8566,     61.1182,      3.4953,      0.1731,      0.1404,     56.6517,      0.1938,      5.4546,     10.9093,      1.7128,     27.7314,     55.4628,      0.0188,      0.0031,      0.2294,      0.1958,   7466.0054,-462243.2188,  -1002.2691,    535.5806,  24886.6816,
       1,     166,      36,      16,       1,       3,       1,     10.0000,      1.3788,     42.2723,    242.8566,     61.1182,      3.4953,      0.1525,      0.1198,     65.0678,      0.1925,      5.4546,     10.9093,      1.7010,     27.7314,     55.4628,      0.0188,      0.0041,      0.1976,      0.1958,   7466.0049,-492672.5000,  -1009.8200,    533.5433,  24886.6836,
       1,     166,      36,      17,       1,       3,       1,     10.0000,      1.3788,     42.2723,    242.8566,     61.1182,      3.4953,      0.1678,      0.1354,     89.3528,      0.1859,      5.4546,     10.9093,      1.6431,     27.7314,     55.4628,      0.0188,      0.0052,      0.2177,      0.1958,   7466.0054,-506236.5000,  -1013.3362,    532.6426,  24886.6816,
       1,     166,      36,      18,       1,       3,       1,     10.0000,      1.3788,     42.2723,    242.8566,     61.1182,      3.4953,      0.0702,      0.0381,     34.5047,      0.1759,      5.4546,     10.9093,      1.5542,     27.7314,     55.4628,      0.0188,      0.0055,      0.0786,      0.1958,   7466.0049,-538893.9375,  -1021.6209,    530.4691,  24886.6816,
       1,     166,      36,      19,       1,       3,       1,     10.0000,      1.3788,     42.2723,    242.8566,     61.1182,      3.4953,      0.0380,      0.0063,     15.0453,      0.1642,      5.4546,     10.9093,      1.4509,     27.7314,     55.4628,      0.0188,      0.0057,      0.0333,      0.1957,   7466.0049,-470600.4688,  -1005.1328,    535.0019,  24886.6816,
       1,     166,      36,      20,       1,       3,       1,     10.0000,      1.3788,     42.2723,    242.8566,     61.1182,      3.4953,      0.0040,     -0.0273,      7.2383,      0.1511,      5.4546,     10.9093,      1.3351,     27.7314,     55.4628,      0.0188,      0.0058,      0.0156,      0.1958,   7466.0049,-439520.8125,   -997.5440,    537.0998,  24886.6816,
       1,     166,      36,      21,       1,       3,       1,     10.0000,      1.3788,     42.2723,    242.8566,     61.1182,      3.4953,      0.0000,     -0.0309,      7.1947,      0.1414,      5.4546,     10.9093,      1.2493,     27.7314,     55.4628,      0.0188,      0.0058,      0.0156,      0.1958,   7466.0049,-426695.7500,   -994.3829,    537.9650,  24886.6816,
       1,     166,      36,      22,       1,       3,       1,     10.0000,      1.3788,     42.2723,    242.8566,     61.1182,      3.4953,      0.0000,     -0.0308,      6.7886,      0.1369,      5.4546,     10.9093,      1.2095,     27.7314,     55.4628,      0.0188,      0.0055,      0.0156,      0.1959,   7466.0049,-425519.4688,   -994.0848,    538.0448,  24886.6797,
       1,     166,      36,      23,       1,       3,       1,     10.0000,      1.3788,     42.2723,    242.8566,     61.1182,      3.4953,      0.0000,     -0.0307,      6.0952,      0.1356,      5.4546,     10.9093,      1.1985,     27.7314,     55.4628,      0.0188,      0.0049,      0.0156,      0.1959,   7466.0044,-424890.3750,   -993.9232,    538.0870,  24886.6797,
       1,     166,      36,      24,       1,       3,       1,     10.0000,      1.3788,     42.2723,    242.8566,     61.1182,      3.4953,      0.0000,     -0.0308,      5.3934,      0.1373,      5.4546,     10.9093,      1.2132,     27.7314,     55.4628,      0.0188,      0.0043,      0.0156,      0.1959,   7466.0044,-423937.8750,   -993.6821,    538.1511,  24886.6797,
       1,     166,      37,       1,       1,       3,       1,     10.0000,      1.3788,     42.2726,    242.8624,     61.1196,      3.4953,      0.0000,     -0.0306,      4.7178,      0.1320,      5.4554,     10.9108,      1.1662,     27.7219,     55.4439,      0.0188,      0.0038,      0.0156,      0.1959,   7466.0044,-423101.7188,   -993.8251,    538.2202,  24887.7988,
       1,     166,      37,       2,       1,       3,       1,     10.0000,      1.3788,     42.2726,    242.8624,     61.1196,      3.4953,      0.0000,     -0.0304,      3.8560,      0.1280,      5.4554,     10.9108,      1.1313,     27.7219,     55.4439,      0.0188,      0.0031,      0.0156,      0.1959,   7466.3398,-422000.8750,   -993.1954,    538.2943,  24887.7988,
       1,     166,      37,       3,       1,       3,       1,     10.0000,      1.3788,     42.2726,    242.8624,     61.1196,      3.4953,      0.0000,     -0.0304,      3.2984,      0.1272,      5.4554,     10.9108,      1.1244,     27.7219,     55.4439,      0.0188,      0.0027,      0.0156,      0.1959,   7466.3398,-420789.3438,   -992.8934,    538.3757,  24887.7988,
       1,     166,      37,       4,       1,       3,       1,     10.0000,      1.3788,     42.2726,    242.8624,     61.1196,      3.4953,      0.0000,     -0.0304,      3.1632,      0.1287,      5.4554,     10.9108,      1.1370,     27.7219,     55.4439,      0.0188,      0.0025,      0.0156,      0.1959,   7466.3398,-419961.9375,   -992.6866,    538.4315,  24887.7988,
       1,     166,      37,       5,       1,       3,       1,     10.0000,      1.3788,     42.2726,    242.8624,     61.1196,      3.4953,      0.0000,     -0.0303,      2.8198,      0.1256,      5.4554,     10.9108,      1.1096,     27.7219,     55.4439,      0.0188,      0.0023,      0.0156,      0.1959,   7466.3398,-419714.8125,   -992.6229,    538.4481,  24887.7988,
       1,     166,      37,       6,       1,       3,       1,     10.0000,      1.3788,     42.2726,    242.8624,     61.1196,      3.4953,      0.0000,     -0.0302,      2.3303,      0.1219,      5.4554,     10.9108,      1.0773,     27.7219,     55.4439,      0.0188,      0.0019,      0.0156,      0.1959,   7466.3398,-419248.6875,   -992.5057,    538.4795,  24887.7988,
       1,     166,      37,       7,       1,       3,       1,     10.0000,      1.3788,     42.2726,    242.8624,     61.1196,      3.4953,      0.0000,     -0.0304,      2.2603,      0.1276,      5.4554,     10.9108,      1.1278,     27.7219,     55.4439,      0.0188,      0.0018,      0.0156,      0.1959,   7466.3398,-418574.5000,   -992.3378,    538.5248,  24887.7988,
       1,     166,      37,       8,       1,       3,       1,     10.0000,      1.3788,     42.2726,    242.8624,     61.1196,      3.4953,      0.0009,     -0.0295,      2.2404,      0.1288,      5.4554,     10.9108,      1.1382,     27.7219,     55.4439,      0.0188,      0.0018,      0.0156,      0.1959,   7466.3398,-418425.2188,   -992.2994,    538.5349,  24887.7988,
       1,     166,      37,       9,       1,       3,       1,     10.0000,      1.3788,     42.2726,    242.8624,     61.1196,      3.4953,      0.0378,      0.0073,      5.6419,      0.1323,      5.4554,     10.9108,      1.1686,     27.7219,     55.4439,      0.0188,      0.0020,      0.0354,      0.1959,   7466.3398,-418386.2500,   -992.2880,    538.5375,  24887.7988,
       1,     166,      37,      10,       1,       3,       1,     10.0000,      1.3788,     42.2726,    242.8624,     61.1196,      3.4953,      0.1267,      0.0953,     28.0906,      0.1551,      5.4554,     10.9108,      1.3705,     27.7219,     55.4439,      0.0188,      0.0022,      0.1637,      0.1959,   7466.3398,-422786.1562,   -993.3725,    538.2413,  24887.7988,
       1,     166,      37,      11,       1,       3,       1,     10.0000,      1.3788,     42.2726,    242.8624,     61.1196,      3.4953,      0.1679,      0.1364,     34.7306,      0.1582,      5.4554,     10.9108,      1.3982,     27.7219,     55.4439,      0.0188,      0.0019,      0.2240,      0.1959,   7466.3398,-452230.9375,  -1000.6493,    536.2604,  24887.7988,
       1,     166,      37,      12,       1,       3,       1,     10.0000,      1.3788,     42.2726,    242.8624,     61.1196,      3.4953,      0.1307,      0.0992,     31.3116,      0.1579,      5.4554,     10.9108,      1.3954,     27.7219,     55.4439,      0.0188,      0.0023,      0.1691,      0.1959,   7466.3398,-463404.9688,  -1003.4474,    535.5150,  24887.7969,
       1,     166,      37,      13,       1,       3,       1,     10.0000,      1.3788,     42.2726,    242.8624,     61.1196,      3.4953,      0.1416,      0.1093,     36.5435,      0.1823,      5.4554,     10.9108,      1.6109,     27.7219,     55.4439,      0.0188,      0.0025,      0.1847,      0.1959,   7466.3394,-459945.0000,  -1002.6566,    535.7471,  24887.7969,
       1,     166,      37,      14,       1,       3,       1,     10.0000,      1.3788,     42.2726,    242.8624,     61.1196,      3.4953,      0.1788,      0.1464,     47.8049,      0.1860,      5.4554,     10.9108,      1.6431,     27.7219,     55.4439,      0.0188,      0.0025,      0.2389,      0.1959,   7466.3394,-466420.5312,  -1004.3138,    535.3135,  24887.7969,
       1,     166,      37,      15,       1,       3,       1,     10.0000,      1.3788,     42.2726,    242.8624,     61.1196,      3.4953,      0.1861,      0.1536,     75.8573,      0.1893,      5.4554,     10.9108,      1.6727,     27.7219,     55.4439,      0.0188,      0.0039,      0.2466,      0.1958,   7466.3394,-481571.7500,  -1008.1326,    534.2999,  24887.7949,
       1,     166,      37,      16,       1,       3,       1,     10.0000,      1.3788,     42.2726,    242.8624,     61.1196,      3.4953,      0.1898,      0.1575,     92.6593,      0.1821,      5.4554,     10.9108,      1.6093,     27.7219,     55.4439,      0.0188,      0.0047,      0.2500,      0.1958,   7466.3389,-519238.5312,  -1017.5822,    531.7851,  24887.7949,
       1,     166,      37,      17,       1,       3,       1,     10.0000,      1.3788,     42.2726,    242.8624,     61.1196,      3.4953,      0.1832,      0.1510,     74.0349,      0.1791,      5.4554,     10.9108,      1.5823,     27.7219,     55.4439,      0.0188,      0.0038,      0.2424,      0.1958,   7466.3389,-544310.0625,  -1024.0718,    530.1245,  24887.7969,
       1,     166,      37,      18,       1,       3,       1,     10.0000,      1.3788,     42.2726,    242.8624,     61.1196,      3.4953,      0.1623,      0.1304,     86.4020,      0.1714,      5.4554,     10.9108,      1.5145,     27.7219,     55.4439,      0.0188,      0.0052,      0.2098,      0.1958,   7466.3394,-522329.6250,  -1019.0242,    531.5837,  24887.7949,
       1,     166,      37,      19,       1,       3,       1,     10.0000,      1.3788,     42.2726,    242.8624,     61.1196,      3.4953,      0.1296,      0.0980,     71.0892,      0.1613,      5.4554,     10.9108,      1.4251,     27.7219,     55.4439,      0.0188,      0.0055,      0.1629,      0.1958,   7466.3389,-536461.2500,  -1022.8401,    530.6465,  24887.7930,
       1,     166,      37,      20,       1,       3,       1,     10.0000,      1.3788,     42.2726,    242.8624,     61.1196,      3.4953,      0.0127,     -0.0185,      6.6223,      0.1479,      5.4554,     10.9108,      1.3072,     27.7219,     55.4439,      0.0188,      0.0053,      0.0156,      0.1958,   7466.3384,-517829.4062,  -1018.5815,    531.8832,  24887.7949,
       1,     166,      37,      21,       1,       3,       1,     10.0000,      1.3788,     42.2726,    242.8624,     61.1196,      3.4953,      0.0000,     -0.0310,      6.3768,      0.1438,      5.4554,     10.9108,      1.2709,     27.7219,     55.4439,      0.0188,      0.0051,      0.0156,      0.1958,   7466.3389,-432639.0312,   -997.6932,    537.5486,  24887.7930,
       1,     166,      37,      22,       1,       3,       1,     10.0000,      1.3788,     42.2726,    242.8624,     61.1196,      3.4953,      0.0000,     -0.0309,      6.3895,      0.1402,      5.4554,     10.9108,      1.2392,     27.7219,     55.4439,      0.0188,      0.0051,      0.0156,      0.1959,   7466.3384,-425018.6562,   -995.8044,    538.0910,  24887.7930,
       1,     166,      37,      23,       1,       3,       1,     10.0000,      1.3788,     42.2726,    242.8624,     61.1196,      3.4953,      0.0000,     -0.0309,      6.0603,      0.1397,      5.4554,     10.9108,      1.2342,     27.7219,     55.4439,      0.0188,      0.0049,      0.0156,      0.1959,   7466.3384,-424333.0000,   -995.6307,    538.1374,  24887.7930,
       1,     166,      37,      24,       1,       3,       1,     10.0000,      1.3788,     42.2726,    242.8624,     61.1196,      3.4953,      0.0000,     -0.0308,      5.8363,      0.1370,      5.4554,     10.9108,      1.2108,     27.7219,     55.4439,      0.0188,      0.0047,      0.0156,      0.1959,   7466.3384,-423846.8125,   -995.5070,    538.1701,  24887.7930,
       1,     166,      38,       1,       1,       3,       1,     10.0000,      1.3789,     42.2729,    242.8681,     61.1210,      3.4953,      0.0000,     -0.0306,      4.6555,      0.1336,      5.4547,     10.9094,      1.1805,     27.7243,     55.4486,      0.0188,      0.0037,      0.0156,      0.1959,   7466.3384,-423669.3125,   -995.8161,    538.1946,  24888.9102,
       1,     166,      38,       2,       1,       3,       1,     10.0000,      1.3789,     42.2729,    242.8681,     61.1210,      3.4953,      0.0000,     -0.0306,      4.1415,      0.1321,      5.4547,     10.9094,      1.1675,     27.7243,     55.4486,      0.0188,      0.0033,      0.0156,      0.1959,   7466.6733,-421972.5000,   -995.0375,    538.3088,  24888.9102,
       1,     166,      38,       3,       1,       3,       1,     10.0000,      1.3789,     42.2729,    242.8681,     61.1210,      3.4953,      0.0000,     -0.0306,      3.8041,      0.1329,      5.4547,     10.9094,      1.1746,     27.7243,     55.4486,      0.0188,      0.0031,      0.0156,      0.1959,   7466.6733,-421159.3125,   -994.8341,    538.3635,  24888.9102,
       1,     166,      38,       4,       1,       3,       1,     10.0000,      1.3789,     42.2729,    242.8681,     61.1210,      3.4953,      0.0000,     -0.0305,      3.5063,      0.1297,      5.4547,     10.9094,      1.1463,     27.7243,     55.4486,      0.0188,      0.0028,      0.0156,      0.1959,   7466.6733,-420651.7188,   -994.7067,    538.3977,  24888.9102,
       1,     166,      38,       5,       1,       3,       1,     10.0000,      1.3789,     42.2729,    242.8681,     61.1210,      3.4953,      0.0000,     -0.0302,      3.3521,      0.1234,      5.4547,     10.9094,      1.0906,     27.7243,     55.4486,      0.0188,      0.0027,      0.0156,      0.1959,   7466.6733,-420222.0938,   -994.5985,    538.4266,  24888.9102,
       1,     166,      38,       6,       1,       3,       1,     10.0000,      1.3789,     42.2729,    242.8681,     61.1210,      3.4953,      0.0000,     -0.0299,      2.9589,      0.1161,      5.4547,     10.9094,      1.0258,     27.7243,     55.4486,      0.0188,      0.0024,      0.0156,      0.1959,   7466.6733,-419985.0000,   -994.5383,    538.4426,  24888.9082,
       1,     166,      38,       7,       1,       3,       1,     10.0000,      1.3789,     42.2729,    242.8681,     61.1210,      3.4953,      0.0000,     -0.0300,      3.0524,      0.1178,      5.4547,     10.9094,      1.0406,     27.7243,     55.4486,      0.0188,      0.0025,      0.0156,      0.1959,   7466.6729,-419455.7500,   -994.4072,    538.4781,  24888.9082,
       1,     166,      38,       8,       1,       3,       1,     10.0000,      1.3789,     42.2729,    242.8681,     61.1210,      3.4953,      0.0005,     -0.0295,      2.9668,      0.1181,      5.4547,     10.9094,      1.0438,     27.7243,     55.4486,      0.0188,      0.0024,      0.0156,      0.1959,   7466.6729,-419530.6562,   -994.4247,    538.4731,  24888.9082,
       1,     166,      38,       9,       1,       3,       1,     10.0000,      1.3789,     42.2729,    242.8681,     61.1210,      3.4953,      0.0604,      0.0301,     13.8200,      0.1232,      5.4547,     10.9094,      1.0884,     27.7243,     55.4486,      0.0188,      0.0026,      0.0680,      0.1959,   7466.6729,-419426.4688,   -994.3977,    538.4801,  24888.9082,
       1,     166,      38,      10,       1,       3,       1,     10.0000,      1.3789,     42.2729,    242.8681,     61.1210,      3.4953,      0.1514,      0.1200,     51.3044,      0.1554,      5.4547,     10.9094,      1.3732,     27.7243,     55.4486,      0.0188,      0.0033,      0.1975,      0.1959,   7466.6729,-433465.1250,   -997.8878,    537.5352,  24888.9082,
       1,     166,      38,      11,       1,       3,       1,     10.0000,      1.3789,     42.2729,    242.8681,     61.1210,      3.4953,      0.1887,      0.1569,     77.8046,      0.1672,      5.4547,     10.9094,      1.4773,     27.7243,     55.4486,      0.0188,      0.0039,      0.2500,      0.1959,   7466.6729,-483217.6250,  -1010.2695,    534.1931,  24888.9082,
       1,     166,      38,      12,       1,       3,       1,     10.0000,      1.3789,     42.2729,    242.8681,     61.1210,      3.4953,      0.1865,      0.1544,     49.6991,      0.1743,      5.4547,     10.9094,      1.5404,     27.7243,     55.4486,      0.0188,      0.0025,      0.2500,      0.1959,   7466.6729,-521908.8125,  -1020.0238,    531.6199,  24888.9082,
       1,     166,      38,      13,       1,       3,       1,     10.0000,      1.3789,     42.2729,    242.8681,     61.1210,      3.4953,      0.1859,      0.1536,     44.3007,      0.1847,      5.4547,     10.9094,      1.6318,     27.7243,     55.4486,      0.0188,      0.0022,      0.2500,      0.1958,   7466.6729,-488838.5312,  -1012.0739,    533.8237,  24888.9062,
       1,     166,      38,      14,       1,       3,       1,     10.0000,      1.3789,     42.2729,    242.8681,     61.1210,      3.4953,      0.1857,      0.1535,     40.6547,      0.1796,      5.4547,     10.9094,      1.5871,     27.7243,     55.4486,      0.0188,      0.0020,      0.2500,      0.1959,   7466.6724,-478981.7188,  -1009.7724,    534.4860,  24888.9062,
       1,     166,      38,      15,       1,       3,       1,     10.0000,      1.3789,     42.2729,    242.8681,     61.1210,      3.4953,      0.1882,      0.1561,     71.7850,      0.1754,      5.4547,     10.9094,      1.5497,     27.7243,     55.4486,      0.0188,      0.0036,      0.2500,      0.1959,   7466.6724,-473398.0938,  -1008.4930,    534.8594,  24888.9082,
       1,     166,      38,      16,       1,       3,       1,     10.0000,      1.3789,     42.2729,    242.8681,     61.1210,      3.4953,      0.1889,      0.1570,     80.8331,      0.1716,      5.4547,     10.9094,      1.5161,     27.7243,     55.4486,      0.0188,      0.0041,      0.2500,      0.1959,   7466.6729,-513238.2500,  -1018.5198,    532.1960,  24888.9043,
       1,     166,      38,      17,       1,       3,       1,     10.0000,      1.3789,     42.2729,    242.8681,     61.1210,      3.4953,      0.1798,      0.1481,     78.9429,      0.1649,      5.4547,     10.9094,      1.4568,     27.7243,     55.4486,      0.0188,      0.0042,      0.2366,      0.1958,   7466.6714,-528447.0625,  -1022.5718,    531.1908,  24888.9062,
       1,     166,      38,      18,       1,       3,       1,     10.0000,      1.3789,     42.2729,    242.8681,     61.1210,      3.4953,      0.1564,      0.1252,     71.5238,      0.1491,      5.4547,     10.9094,      1.3178,     27.7243,     55.4486,      0.0188,      0.0044,      0.2026,      0.1958,   7466.6724,-527310.1250,  -1022.6187,    531.2672,  24888.9062,
       1,     166,      38,      19,       1,       3,       1,     10.0000,      1.3789,     42.2729,    242.8681,     61.1210,      3.4953,      0.1201,      0.0892,     50.3832,      0.1398,      5.4547,     10.9094,      1.2355,     27.7243,     55.4486,      0.0188,      0.0042,      0.1514,      0.1958,   7466.6724,-517591.5938,  -1020.5199,    531.9126,  24888.9023,
       1,     166,      38,      20,       1,       3,       1,     10.0000,      1.3789,     42.2729,    242.8681,     61.1210,      3.4953,      0.0147,     -0.0157,      0.6494,      0.1272,      5.4547,     10.9094,      1.1244,     27.7243,     55.4486,      0.0188,      0.0040,      0.0020,      0.1958,   7466.6709,-489346.1875,  -1013.7440,    533.7910,  24888.9043,
       1,     166,      38,      21,       1,       3,       1,     10.0000,      1.3789,     42.2729,    242.8681,     61.1210,      3.4953,      0.0000,     -0.0300,      5.2340,      0.1180,      5.4547,     10.9094,      1.0428,     27.7243,     55.4486,      0.0188,      0.0042,      0.0156,      0.1958,   7466.6714,-422465.5625,   -997.1691,    538.2568,  24888.9023,
       1,     166,      38,      22,       1,       3,       1,     10.0000,      1.3789,     42.2729,    242.8681,     61.1210,      3.4953,      0.0000,     -0.0298,      5.2129,      0.1128,      5.4547,     10.9094,      0.9969,     27.7243,     55.4486,      0.0188,      0.0042,      0.0156,      0.1959,   7466.6709,-422641.8125,   -997.2141,    538.2638,  24888.9023,
       1,     166,      38,      23,       1,       3,       1,     10.0000,      1.3789,     42.2729,    242.8681,     61.1210,      3.4953,      0.0000,     -0.0296,      3.2520,      0.1077,      5.4547,     10.9094,      0.9519,     27.7243,     55.4486,      0.0188,      0.0026,      0.0156,      0.1959,   7466.6709,-422605.4375,   -997.2047,    538.2662,  24888.9023,
       1,     166,      38,      24,       1,       3,       1,     10.0000,      1.3789,     42.2729,    242.8681,     61.1210,      3.4953,      0.0000,     -0.0295,      2.3149,      0.1063,      5.4547,     10.9094,      0.9393,     27.7243,     55.4486,      0.0188,      0.0019,      0.0156,      0.1959,   7466.6709,-420064.1562,   -996.5706,    538.4371,  24888.9023,
       1,     166,      39,       1,       1,       3,       1,     10.0000,      1.3789,     42.2733,    242.8739,     61.1225,      3.4953,      0.0000,     -0.0297,      1.8851,      0.1095,      5.4552,     10.9104,      0.9677,     27.7309,     55.4618,      0.0188,      0.0015,      0.0156,      0.1959,   7466.6709,-418785.9688,   -996.6116,    538.5359,  24890.0234,
       1,     166,      39,       2,       1,       3,       1,     10.0000,      1.3789,     42.2733,    242.8739,     61.1225,      3.4953,      0.0000,     -0.0298,      1.4399,      0.1121,      5.4552,     10.9104,      0.9908,     27.7309,     55.4618,      0.0188,      0.0012,      0.0156,      0.1959,   7467.0073,-417964.6562,   -996.0472,    538.5912,  24890.0234,
       1,     166,      39,       3,       1,       3,       1,     10.0000,      1.3789,     42.2733,    242.8739,     61.1225,      3.4953,      0.0000,     -0.0296,      1.0943,      0.1076,      5.4552,     10.9104,      0.9509,     27.7309,     55.4618,      0.0188,      0.0009,      0.0156,      0.1959,   7467.0073,-417317.0625,   -995.8856,    538.6348,  24890.0234,
       1,     166,      39,       4,       1,       3,       1,     10.0000,      1.3789,     42.2733,    242.8739,     61.1225,      3.4953,      0.0000,     -0.0294,      0.5870,      0.1024,      5.4552,     10.9104,      0.9051,     27.7309,     55.4618,      0.0188,      0.0005,      0.0156,      0.1959,   7467.0073,-416813.3125,   -995.7599,    538.6688,  24890.0234,
       1,     166,      39,       5,       1,       3,       1,     10.0000,      1.3789,     42.2733,    242.8739,     61.1225,      3.4953,      0.0000,     -0.0293,      0.4305,      0.1005,      5.4552,     10.9104,      0.8884,     27.7309,     55.4618,      0.0188,      0.0003,      0.0156,      0.1959,   7467.0073,-416112.8750,   -995.5854,    538.7159,  24890.0234,
       1,     166,      39,       6,       1,       3,       1,     10.0000,      1.3789,     42.2733,    242.8739,     61.1225,      3.4953,      0.0000,     -0.0294,      0.4975,      0.1032,      5.4552,     10.9104,      0.9116,     27.7309,     55.4618,      0.0188,      0.0004,      0.0156,      0.1959,   7467.0073,-415849.2500,   -995.5199,    538.7337,  24890.0234,
       1,     166,      39,       7,       1,       3,       1,     10.0000,      1.3789,     42.2733,    242.8739,     61.1225,      3.4953,      0.0000,     -0.0295,      0.5748,      0.1053,      5.4552,     10.9104,      0.9306,     27.7309,     55.4618,      0.0188,      0.0005,      0.0156,      0.1959,   7467.0073,-415913.0312,   -995.5361,    538.7294,  24890.0234,
       1,     166,      39,       8,       1,       3,       1,     10.0000,      1.3789,     42.2733,    242.8739,     61.1225,      3.4953,      0.0007,     -0.0289,      0.6582,      0.1079,      5.4552,     10.9104,      0.9539,     27.7309,     55.4618,      0.0188,      0.0005,      0.0156,      0.1959,   7467.0073,-416018.5625,   -995.5625,    538.7224,  24890.0234,
       1,     166,      39,       9,       1,       3,       1,     10.0000,      1.3789,     42.2733,    242.8739,     61.1225,      3.4953,      0.0900,      0.0603,      5.8593,      0.1102,      5.4552,     10.9104,      0.9737,     27.7309,     55.4618,      0.0188,      0.0007,      0.1129,      0.1959,   7467.0073,-416135.7188,   -995.5922,    538.7144,  24890.0234,
       1,     166,      39,      10,       1,       3,       1,     10.0000,      1.3789,     42.2733,    242.8739,     61.1225,      3.4953,      0.1521,      0.1212,     11.2490,      0.1400,      5.4552,     10.9104,      1.2368,     27.7309,     55.4618,      0.0188,      0.0007,      0.2033,      0.1959,   7467.0073,-422876.8125,   -997.2789,    538.2605,  24890.0234,
       1,     166,      39,      11,       1,       3,       1,     10.0000,      1.3789,     42.2733,    242.8739,     61.1225,      3.4953,      0.1623,      0.1306,     15.0925,      0.1652,      5.4552,     10.9104,      1.4597,     27.7309,     55.4618,      0.0188,      0.0009,      0.2181,      0.1959,   7467.0073,-430440.3750,   -999.1730,    537.7518,  24890.0234,
       1,     166,      39,      12,       1,       3,       1,     10.0000,      1.3789,     42.2733,    242.8739,     61.1225,      3.4953,      0.1837,      0.1516,     15.2687,      0.1764,      5.4552,     10.9104,      1.5590,     27.7309,     55.4618,      0.0188,      0.0008,      0.2500,      0.1959,   7467.0073,-436074.3125,  -1000.5891,    537.3732,  24890.0234,
       1,     166,      39,      13,       1,       3,       1,     10.0000,      1.3789,     42.2733,    242.8739,     61.1225,      3.4953,      0.1837,      0.1512,     16.6684,      0.1902,      5.4552,     10.9104,      1.6811,     27.7309,     55.4618,      0.0188,      0.0008,      0.2500,      0.1959,   7467.0073,-436793.1875,  -1000.7772,    537.3251,  24890.0234,
       1,     166,      39,      14,       1,       3,       1,     10.0000,      1.3789,     42.2733,    242.8739,     61.1225,      3.4953,      0.1839,      0.1511,     19.6356,      0.1987,      5.4552,     10.9104,      1.7557,     27.7309,     55.4618,      0.0188,      0.0010,      0.2500,      0.1959,   7467.0073,-438667.4062,  -1001.2550,    537.1992,  24890.0215,
       1,     166,      39,      15,       1,       3,       1,     10.0000,      1.3789,     42.2733,    242.8739,     61.1225,      3.4953,      0.1836,      0.1509,     53.9210,      0.1962,      5.4552,     10.9104,      1.7334,     27.7309,     55.4618,      0.0188,      0.0028,      0.2455,      0.1959,   7467.0068,-442672.2500,  -1002.4344,    536.9304,  24890.0215,
       1,     166,      39,      16,       1,       3,       1,     10.0000,      1.3789,     42.2733,    242.8739,     61.1225,      3.4953,      0.1811,      0.1484,     75.4894,      0.1935,      5.4552,     10.9104,      1.7096,     27.7309,     55.4618,      0.0188,      0.0040,      0.2391,      0.1959,   7467.0068,-487407.3750,  -1013.6586,    533.9280,  24890.0234,
       1,     166,      39,      17,       1,       3,       1,     10.0000,      1.3789,     42.2733,    242.8739,     61.1225,      3.4953,      0.1657,      0.1333,     80.0942,      0.1880,      5.4552,     10.9104,      1.6612,     27.7309,     55.4618,      0.0188,      0.0047,      0.2156,      0.1959,   7467.0073,-519263.8750,  -1021.7906,    531.8102,  24890.0215,
       1,     166,      39,      18,       1,       3,       1,     10.0000,      1.3789,     42.2733,    242.8739,     61.1225,      3.4953,      0.1700,      0.1381,     90.3362,      0.1712,      5.4552,     10.9104,      1.5131,     27.7309,     55.4618,      0.0188,      0.0051,      0.2207,      0.1958,   7467.0068,-528000.2500,  -1024.2715,    531.2336,  24890.0215,
       1,     166,      39,      19,       1,       3,       1,     10.0000,      1.3789,     42.2733,    242.8739,     61.1225,      3.4953,      0.1108,      0.0793,     57.7015,      0.1581,      5.4552,     10.9104,      1.3969,     27.7309,     55.4618,      0.0188,      0.0053,      0.1366,      0.1958,   7467.0068,-542030.7500,  -1028.1229,    530.3023,  24890.0176,
       1,     166,      39,      20,       1,       3,       1,     10.0000,      1.3789,     42.2733,    242.8739,     61.1225,      3.4953,      0.0180,     -0.0133,      2.2689,      0.1505,      5.4552,     10.9104,      1.3298,     27.7309,     55.4618,      0.0188,      0.0051,      0.0056,      0.1958,   7467.0054,-500934.3750,  -1018.1943,    533.0273,  24890.0176,
       1,     166,      39,      21,       1,       3,       1,     10.0000,      1.3789,     42.2733,    242.8739,     61.1225,      3.4953,      0.0000,     -0.0311,      6.0823,      0.1451,      5.4552,     10.9104,      1.2825,     27.7309,     55.4618,      0.0188,      0.0049,      0.0156,      0.1959,   7467.0054,-425564.3438,   -999.4611,    538.0561,  24890.0176,
       1,     166,      39,      22,       1,       3,       1,     10.0000,      1.3789,     42.2733,    242.8739,     61.1225,      3.4953,      0.0000,     -0.0309,      5.9138,      0.1418,      5.4552,     10.9104,      1.2531,     27.7309,     55.4618,      0.0188,      0.0048,      0.0156,      0.1959,   7467.0054,-424018.6250,   -999.0741,    538.1838,  24890.0176,
       1,     166,      39,      23,       1,       3,       1,     10.0000,      1.3789,     42.2733,    242.8739,     61.1225,      3.4953,      0.0000,     -0.0310,      5.1298,      0.1431,      5.4552,     10.9104,      1.2646,     27.7309,     55.4618,      0.0188,      0.0041,      0.0156,      0.1959,   7467.0054,-423635.3125,   -998.9776,    538.2096,  24890.0176,
       1,     166,      39,      24,       1,       3,       1,     10.0000,      1.3789,     42.2733,    242.8739,     61.1225,      3.4953,      0.0000,     -0.0310,      4.5961,      0.1428,      5.4552,     10.9104,      1.2620,     27.7309,     55.4618,      0.0188,      0.0037,      0.0156,      0.1959,   7467.0054,-422587.2812,   -998.7146,    538.2802,  24890.0176,
       1,     166,      40,       1,       1,       3,       1,     10.0000,      1.3789,     42.2736,    242.8796,     61.1239,      3.4953,      0.0000,     -0.0310,      3.7749,      0.1425,      5.4547,     10.9095,      1.2595,     27.7368,     55.4736,      0.0188,      0.0030,      0.0156,      0.1960,   7467.0054,-421960.8750,   -998.9194,    538.3350,  24891.1387,
       1,     166,      40,       2,       1,       3,       1,     10.0000,      1.3789,     42.2736,    242.8796,     61.1239,      3.4953,      0.0000,     -0.0309,      3.2292,      0.1404,      5.4547,     10.9095,      1.2406,     27.7368,     55.4736,      0.0188,      0.0026,      0.0156,      0.1960,   7467.3418,-420690.0625,   -998.2397,    538.4205,  24891.1387,
       1,     166,      40,       3,       1,       3,       1,     10.0000,      1.3789,     42.2736,    242.8796,     61.1239,      3.4953,      0.0000,     -0.0309,      2.7200,      0.1404,      5.4547,     10.9095,      1.2406,     27.7368,     55.4736,      0.0188,      0.0022,      0.0156,      0.1960,   7467.3418,-419873.3125,   -998.0351,    538.4755,  24891.1387,
       1,     166,      40,       4,       1,       3,       1,     10.0000,      1.3789,     42.2736,    242.8796,     61.1239,      3.4953,      0.0000,     -0.0308,      2.4336,      0.1380,      5.4547,     10.9095,      1.2195,     27.7368,     55.4736,      0.0188,      0.0020,      0.0156,      0.1960,   7467.3418,-419143.1250,   -997.8521,    538.5246,  24891.1367,
       1,     166,      40,       5,       1,       3,       1,     10.0000,      1.3789,     42.2736,    242.8796,     61.1239,      3.4953,      0.0000,     -0.0307,      2.1201,      0.1363,      5.4547,     10.9095,      1.2047,     27.7368,     55.4736,      0.0188,      0.0017,      0.0156,      0.1960,   7467.3413,-418709.3125,   -997.7444,    538.5538,  24891.1367,
       1,     166,      40,       6,       1,       3,       1,     10.0000,      1.3789,     42.2736,    242.8796,     61.1239,      3.4953,      0.0000,     -0.0308,      2.1393,      0.1374,      5.4547,     10.9095,      1.2145,     27.7368,     55.4736,      0.0188,      0.0017,      0.0156,      0.1960,   7467.3413,-418265.9062,   -997.6334,    538.5837,  24891.1367,
       1,     166,      40,       7,       1,       3,       1,     10.0000,      1.3789,     42.2736,    242.8796,     61.1239,      3.4953,      0.0000,     -0.0307,      1.8829,      0.1350,      5.4547,     10.9095,      1.1926,     27.7368,     55.4736,      0.0188,      0.0015,      0.0156,      0.1960,   7467.3413,-418252.0312,   -997.6301,    538.5846,  24891.1367,
       1,     166,      40,       8,       1,       3,       1,     10.0000,      1.3789,     42.2736,    242.8796,     61.1239,      3.4953,      0.0030,     -0.0277,      2.0130,      0.1351,      5.4547,     10.9095,      1.1938,     27.7368,     55.4736,      0.0188,      0.0016,      0.0156,      0.1960,   7467.3413,-417919.0938,   -997.5467,    538.6070,  24891.1367,
       1,     166,      40,       9,       1,       3,       1,     10.0000,      1.3789,     42.2736,    242.8796,     61.1239,      3.4953,      0.1041,      0.0732,     17.4104,      0.1405,      5.4547,     10.9095,      1.2418,     27.7368,     55.4736,      0.0188,      0.0017,      0.1317,      0.1960,   7467.3413,-418058.5000,   -997.5818,    538.5977,  24891.1367,
       1,     166,      40,      10,       1,       3,       1,     10.0000,      1.3789,     42.2736,    242.8796,     61.1239,      3.4953,      0.1715,      0.1400,     29.6923,      0.1571,      5.4547,     10.9095,      1.3885,     27.7368,     55.4736,      0.0188,      0.0016,      0.2299,      0.1960,   7467.3413,-437994.8125,  -1002.5968,    537.2554,  24891.1367,
       1,     166,      40,      11,       1,       3,       1,     10.0000,      1.3789,     42.2736,    242.8796,     61.1239,      3.4953,      0.1853,      0.1534,     34.7779,      0.1706,      5.4547,     10.9095,      1.5071,     27.7368,     55.4736,      0.0188,      0.0017,      0.2500,      0.1959,   7467.3413,-455633.3125,  -1007.0485,    536.0726,  24891.1387,
       1,     166,      40,      12,       1,       3,       1,     10.0000,      1.3789,     42.2736,    242.8796,     61.1239,      3.4953,      0.1770,      0.1447,     34.9325,      0.1821,      5.4547,     10.9095,      1.6094,     27.7368,     55.4736,      0.0188,      0.0018,      0.2377,      0.1959,   7467.3418,-463753.4062,  -1009.1357,    535.5298,  24891.1367,
       1,     166,      40,      13,       1,       3,       1,     10.0000,      1.3789,     42.2736,    242.8796,     61.1239,      3.4953,      0.1621,      0.1295,     31.7102,      0.1931,      5.4547,     10.9095,      1.7062,     27.7368,     55.4736,      0.0188,      0.0018,      0.2160,      0.1959,   7467.3413,-464658.9062,  -1009.4289,    535.4694,  24891.1367,
       1,     166,      40,      14,       1,       3,       1,     10.0000,      1.3789,     42.2736,    242.8796,     61.1239,      3.4953,      0.1857,      0.1529,     42.0190,      0.1975,      5.4547,     10.9095,      1.7454,     27.7368,     55.4736,      0.0188,      0.0021,      0.2500,      0.1959,   7467.3413,-460564.7500,  -1008.4664,    535.7434,  24891.1348,
       1,     166,      40,      15,       1,       3,       1,     10.0000,      1.3789,     42.2736,    242.8796,     61.1239,      3.4953,      0.1874,      0.1547,     64.4734,      0.1981,      5.4547,     10.9095,      1.7506,     27.7368,     55.4736,      0.0188,      0.0032,      0.2500,      0.1959,   7467.3408,-473557.4062,  -1011.7900,    534.8734,  24891.1348,
       1,     166,      40,      16,       1,       3,       1,     10.0000,      1.3789,     42.2736,    242.8796,     61.1239,      3.4953,      0.1888,      0.1562,     80.4980,      0.1902,      5.4547,     10.9095,      1.6811,     27.7368,     55.4736,      0.0188,      0.0040,      0.2500,      0.1959,   7467.3408,-503768.3750,  -1019.4916,    532.8542,  24891.1348,
       1,     166,      40,      17,       1,       3,       1,     10.0000,      1.3789,     42.2736,    242.8796,     61.1239,      3.4953,      0.1897,      0.1574,     91.2438,      0.1812,      5.4547,     10.9095,      1.6014,     27.7368,     55.4736,      0.0188,      0.0046,      0.2500,      0.1959,   7467.3408,-527165.4375,  -1025.6069,    531.2996,  24891.1348,
       1,     166,      40,      18,       1,       3,       1,     10.0000,      1.3789,     42.2736,    242.8796,     61.1239,      3.4953,      0.1755,      0.1437,     90.5908,      0.1674,      5.4547,     10.9095,      1.4788,     27.7368,     55.4736,      0.0188,      0.0050,      0.2288,      0.1959,   7467.3408,-543125.8750,  -1029.9567,    530.2419,  24891.1328,
       1,     166,      40,      19,       1,       3,       1,     10.0000,      1.3789,     42.2736,    242.8796,     61.1239,      3.4953,      0.1304,      0.0988,     70.4982,      0.1605,      5.4547,     10.9095,      1.4180,     27.7368,     55.4736,      0.0188,      0.0054,      0.1641,      0.1958,   7467.3403,-543664.1875,  -1030.4928,    530.2073,  24891.1328,
       1,     166,      40,      20,       1,       3,       1,     10.0000,      1.3789,     42.2736,    242.8796,     61.1239,      3.4953,      0.0131,     -0.0183,      6.6560,      0.1543,      5.4547,     10.9095,      1.3637,     27.7368,     55.4736,      0.0188,      0.0054,      0.0156,      0.1958,   7467.3403,-517658.7188,  -1024.3279,    531.9308,  24891.1309,
       1,     166,      40,      21,       1,       3,       1,     10.0000,      1.3789,     42.2736,    242.8796,     61.1239,      3.4953,      0.0000,     -0.0312,      6.0427,      0.1480,      5.4547,     10.9095,      1.3073,     27.7368,     55.4736,      0.0188,      0.0049,      0.0156,      0.1959,   7467.3394,-432675.8438,  -1003.1241,    537.5843,  24891.1309,
       1,     166,      40,      22,       1,       3,       1,     10.0000,      1.3789,     42.2736,    242.8796,     61.1239,      3.4953,      0.0000,     -0.0311,      5.4595,      0.1465,      5.4547,     10.9095,      1.2942,     27.7368,     55.4736,      0.0188,      0.0044,      0.0156,      0.1960,   7467.3394,-424597.0625,  -1001.0906,    538.1573,  24891.1309,
       1,     166,      40,      23,       1,       3,       1,     10.0000,      1.3789,     42.2736,    242.8796,     61.1239,      3.4953,      0.0000,     -0.0311,      4.4247,      0.1459,      5.4547,     10.9095,      1.2890,     27.7368,     55.4736,      0.0188,      0.0036,      0.0156,      0.1960,   7467.3394,-423101.0000,  -1000.7144,    538.2583,  24891.1309,
       1,     166,      40,      24,       1,       3,       1,     10.0000,      1.3789,     42.2736,    242.8796,     61.1239,      3.4953,      0.0000,     -0.0309,      4.1170,      0.1418,      5.4547,     10.9095,      1.2532,     27.7368,     55.4736,      0.0188,      0.0033,      0.0156,      0.1960,   7467.3394,-421631.1562,  -1000.3448,    538.3572,  24891.1309,
       1,     166,      41,       1,       1,       3,       1,     10.0000,      1.3789,     42.2739,    242.8854,     61.1254,      3.4953,      0.0000,     -0.0310,      3.6393,      0.1427,      5.4547,     10.9095,      1.2608,     27.7447,     55.4893,      0.0188,      0.0029,      0.0156,      0.1960,   7467.3394,-421260.6875,  -1000.6162,    538.3947,  24892.2520,
       1,     166,      41,       2,       1,       3,       1,     10.0000,      1.3789,     42.2739,    242.8854,     61.1254,      3.4953,      0.0000,     -0.0309,      2.6422,      0.1403,      5.4547,     10.9095,      1.2394,     27.7447,     55.4893,      0.0188,      0.0021,      0.0156,      0.1960,   7467.6758,-420456.8438,  -1000.0510,    538.4489,  24892.2520,
       1,     166,      41,       3,       1,       3,       1,     10.0000,      1.3789,     42.2739,    242.8854,     61.1254,      3.4953,      0.0000,     -0.0310,      2.4931,      0.1436,      5.4547,     10.9095,      1.2685,     27.7447,     55.4893,      0.0188,      0.0020,      0.0156,      0.1960,   7467.6758,-419096.7500,   -999.7086,    538.5403,  24892.2520,
       1,     166,      41,       4,       1,       3,       1,     10.0000,      1.3789,     42.2739,    242.8854,     61.1254,      3.4953,      0.0000,     -0.0310,      2.4848,      0.1424,      5.4547,     10.9095,      1.2583,     27.7447,     55.4893,      0.0188,      0.0020,      0.0156,      0.1960,   7467.6758,-418785.3750,   -999.6309,    538.5613,  24892.2520,
       1,     166,      41,       5,       1,       3,       1,     10.0000,      1.3789,     42.2739,    242.8854,     61.1254,      3.4953,      0.0000,     -0.0309,      2.2548,      0.1403,      5.4547,     10.9095,      1.2394,     27.7447,     55.4893,      0.0188,      0.0018,      0.0156,      0.1960,   7467.6758,-418747.5000,   -999.6218,    538.5639,  24892.2520,
       1,     166,      41,       6,       1,       3,       1,     10.0000,      1.3789,     42.2739,    242.8854,     61.1254,      3.4953,      0.0000,     -0.0310,      2.2538,      0.1440,      5.4547,     10.9095,      1.2723,     27.7447,     55.4893,      0.0188,      0.0018,      0.0156,      0.1960,   7467.6758,-418446.5625,   -999.5465,    538.5841,  24892.2520,
       1,     166,      41,       7,       1,       3,       1,     10.0000,      1.3789,     42.2739,    242.8854,     61.1254,      3.4953,      0.0000,     -0.0310,      2.0184,      0.1438,      5.4547,     10.9095,      1.2710,     27.7447,     55.4893,      0.0188,      0.0016,      0.0156,      0.1960,   7467.6758,-418419.1562,   -999.5405,    538.5860,  24892.2520,
       1,     166,      41,       8,       1,       3,       1,     10.0000,      1.3789,     42.2739,    242.8854,     61.1254,      3.4953,      0.0008,     -0.0303,      2.3623,      0.1454,      5.4547,     10.9095,      1.2852,     27.7447,     55.4893,      0.0188,      0.0019,      0.0156,      0.1960,   7467.6758,-418112.0625,   -999.4635,    538.6067,  24892.2520,
       1,     166,      41,       9,       1,       3,       1,     10.0000,      1.3789,     42.2739,    242.8854,     61.1254,      3.4953,      0.0763,      0.0452,     14.6716,      0.1468,      5.4547,     10.9095,      1.2969,     27.7447,     55.4893,      0.0188,      0.0020,      0.0907,      0.1960,   7467.6758,-418530.3125,   -999.5698,    538.5785,  24892.2520,
       1,     166,      41,      10,       1,       3,       1,     10.0000,      1.3789,     42.2739,    242.8854,     61.1254,      3.4953,      0.1625,      0.1312,     32.8926,      0.1543,      5.4547,     10.9095,      1.3637,     27.7447,     55.4893,      0.0188,      0.0019,      0.2163,      0.1960,   7467.6758,-434493.1562,  -1003.6104,    537.5038,  24892.2520,
       1,     166,      41,      11,       1,       3,       1,     10.0000,      1.3789,     42.2739,    242.8854,     61.1254,      3.4953,      0.1860,      0.1542,     43.0760,      0.1667,      5.4547,     10.9095,      1.4730,     27.7447,     55.4893,      0.0188,      0.0022,      0.2500,      0.1960,   7467.6758,-459467.2812,  -1009.9442,    535.8269,  24892.2500,
       1,     166,      41,      12,       1,       3,       1,     10.0000,      1.3789,     42.2739,    242.8854,     61.1254,      3.4953,      0.1860,      0.1537,     44.7771,      0.1832,      5.4547,     10.9095,      1.6190,     27.7447,     55.4893,      0.0188,      0.0022,      0.2500,      0.1960,   7467.6753,-474830.3438,  -1013.8882,    534.8006,  24892.2500,
       1,     166,      41,      13,       1,       3,       1,     10.0000,      1.3789,     42.2739,    242.8854,     61.1254,      3.4953,      0.1863,      0.1538,     49.7075,      0.1899,      5.4547,     10.9095,      1.6778,     27.7447,     55.4893,      0.0188,      0.0025,      0.2500,      0.1959,   7467.6753,-478367.4375,  -1014.8847,    534.5651,  24892.2480,
       1,     166,      41,      14,       1,       3,       1,     10.0000,      1.3789,     42.2739,    242.8854,     61.1254,      3.4953,      0.1864,      0.1536,     50.3191,      0.1962,      5.4547,     10.9095,      1.7334,     27.7447,     55.4893,      0.0188,      0.0025,      0.2500,      0.1959,   7467.6748,-485058.5312,  -1016.6953,    534.1180,  24892.2480,
       1,     166,      41,      15,       1,       3,       1,     10.0000,      1.3789,     42.2739,    242.8854,     61.1254,      3.4953,      0.1865,      0.1539,     52.0369,      0.1931,      5.4547,     10.9095,      1.7063,     27.7447,     55.4893,      0.0188,      0.0026,      0.2500,      0.1959,   7467.6748,-486432.2188,  -1017.1861,    534.0266,  24892.2480,
       1,     166,      41,      16,       1,       3,       1,     10.0000,      1.3789,     42.2739,    242.8854,     61.1254,      3.4953,      0.1878,      0.1551,     68.0535,      0.1929,      5.4547,     10.9095,      1.7046,     27.7447,     55.4893,      0.0188,      0.0034,      0.2500,      0.1959,   7467.6748,-488775.9062,  -1017.9299,    533.8701,  24892.2480,
       1,     166,      41,      17,       1,       3,       1,     10.0000,      1.3789,     42.2739,    242.8854,     61.1254,      3.4953,      0.1894,      0.1570,     87.6795,      0.1850,      5.4547,     10.9095,      1.6352,     27.7447,     55.4893,      0.0188,      0.0044,      0.2500,      0.1959,   7467.6748,-509724.5625,  -1023.4025,    532.4721,  24892.2480,
       1,     166,      41,      18,       1,       3,       1,     10.0000,      1.3789,     42.2739,    242.8854,     61.1254,      3.4953,      0.1744,      0.1422,     90.0157,      0.1766,      5.4547,     10.9095,      1.5606,     27.7447,     55.4893,      0.0188,      0.0050,      0.2273,      0.1959,   7467.6748,-536976.6250,  -1030.5682,    530.6601,  24892.2500,
       1,     166,      41,      19,       1,       3,       1,     10.0000,      1.3789,     42.2739,    242.8854,     61.1254,      3.4953,      0.1307,      0.0989,     66.3642,      0.1655,      5.4547,     10.9095,      1.4627,     27.7447,     55.4893,      0.0188,      0.0050,      0.1650,      0.1959,   7467.6753,-542376.0000,  -1032.3110,    530.3051,  24892.2480,
       1,     166,      41,      20,       1,       3,       1,     10.0000,      1.3789,     42.2739,    242.8854,     61.1254,      3.4953,      0.0120,     -0.0193,      6.0249,      0.1537,      5.4547,     10.9095,      1.3583,     27.7447,     55.4893,      0.0188,      0.0048,      0.0156,      0.1959,   7467.6748,-512180.2188,  -1025.0349,    532.3068,  24892.2461,
       1,     166,      41,      21,       1,       3,       1,     10.0000,      1.3789,     42.2739,    242.8854,     61.1254,      3.4953,      0.0000,     -0.0312,      5.9177,      0.1494,      5.4547,     10.9095,      1.3206,     27.7447,     55.4893,      0.0188,      0.0048,      0.0156,      0.1959,   7467.6743,-431393.4375,  -1004.7432,    537.6860,  24892.2461,
       1,     166,      41,      22,       1,       3,       1,     10.0000,      1.3789,     42.2739,    242.8854,     61.1254,      3.4953,      0.0000,     -0.0312,      5.6204,      0.1481,      5.4547,     10.9095,      1.3087,     27.7447,     55.4893,      0.0188,      0.0045,      0.0156,      0.1960,   7467.6743,-424322.7812,  -1002.9537,    538.1884,  24892.2441,
       1,     166,      41,      23,       1,       3,       1,     10.0000,      1.3789,     42.2739,    242.8854,     61.1254,      3.4953,      0.0000,     -0.0311,      5.4829,      0.1469,      5.4547,     10.9095,      1.2982,     27.7447,     55.4893,      0.0188,      0.0044,      0.0156,      0.1960,   7467.6733,-423288.3438,  -1002.6943,    538.2582,  24892.2441,
       1,     166,      41,      24,       1,       3,       1,     10.0000,      1.3789,     42.2739,    242.8854,     61.1254,      3.4953,      0.0000,     -0.0311,      4.8991,      0.1459,      5.4547,     10.9095,      1.2891,     27.7447,     55.4893,      0.0188,      0.0039,      0.0156,      0.1960,   7467.6733,-423020.0938,  -1002.6286,    538.2764,  24892.2441,
       1,     166,      42,       1,       1,       3,       1,     10.0000,      1.3789,     42.2743,    242.8911,     61.1268,      3.4953,      0.0000,     -0.0310,      4.4701,      0.1437,      5.4552,     10.9105,      1.2698,     27.7522,     55.5045,      0.0188,      0.0036,      0.0156,      0.1960,   7467.6733,-422396.4375,  -1002.8370,    538.3311,  24893.3633,
       1,     166,      42,       2,       1,       3,       1,     10.0000,      1.3789,     42.2743,    242.8911,     61.1268,      3.4953,      0.0000,     -0.0311,      3.9585,      0.1457,      5.4552,     10.9105,      1.2878,     27.7522,     55.5045,      0.0188,      0.0032,      0.0156,      0.1960,   7468.0093,-421633.9688,  -1002.2811,    538.3823,  24893.3633,
       1,     166,      42,       3,       1,       3,       1,     10.0000,      1.3789,     42.2743,    242.8911,     61.1268,      3.4953,      0.0000,     -0.0310,      3.7606,      0.1443,      5.4552,     10.9105,      1.2749,     27.7522,     55.5045,      0.0188,      0.0030,      0.0156,      0.1960,   7468.0093,-420905.6562,  -1002.0981,    538.4313,  24893.3633,
       1,     166,      42,       4,       1,       3,       1,     10.0000,      1.3789,     42.2743,    242.8911,     61.1268,      3.4953,      0.0000,     -0.0310,      3.2932,      0.1430,      5.4552,     10.9105,      1.2634,     27.7522,     55.5045,      0.0188,      0.0026,      0.0156,      0.1960,   7468.0093,-420586.1562,  -1002.0183,    538.4528,  24893.3633,
       1,     166,      42,       5,       1,       3,       1,     10.0000,      1.3789,     42.2743,    242.8911,     61.1268,      3.4953,      0.0000,     -0.0310,      3.2189,      0.1430,      5.4552,     10.9105,      1.2634,     27.7522,     55.5045,      0.0188,      0.0026,      0.0156,      0.1960,   7468.0093,-419953.7500,  -1001.8594,    538.4954,  24893.3633,
       1,     166,      42,       6,       1,       3,       1,     10.0000,      1.3789,     42.2743,    242.8911,     61.1268,      3.4953,      0.0000,     -0.0309,      2.8943,      0.1405,      5.4552,     10.9105,      1.2419,     27.7522,     55.5045,      0.0188,      0.0023,      0.0156,      0.1960,   7468.0093,-419802.4688,  -1001.8224,    538.5056,  24893.3633,
       1,     166,      42,       7,       1,       3,       1,     10.0000,      1.3789,     42.2743,    242.8911,     61.1268,      3.4953,      0.0000,     -0.0309,      2.9005,      0.1397,      5.4552,     10.9105,      1.2344,     27.7522,     55.5045,      0.0188,      0.0023,      0.0156,      0.1960,   7468.0093,-419369.4688,  -1001.7139,    538.5348,  24893.3633,
       1,     166,      42,       8,       1,       3,       1,     10.0000,      1.3789,     42.2743,    242.8911,     61.1268,      3.4953,      0.0011,     -0.0298,      2.7164,      0.1382,      5.4552,     10.9105,      1.2207,     27.7522,     55.5045,      0.0188,      0.0022,      0.0156,      0.1960,   7468.0093,-419339.6562,  -1001.7076,    538.5367,  24893.3633,
       1,     166,      42,       9,       1,       3,       1,     10.0000,      1.3789,     42.2743,    242.8911,     61.1268,      3.4953,      0.0553,      0.0244,     10.2661,      0.1396,      5.4552,     10.9105,      1.2331,     27.7522,     55.5045,      0.0188,      0.0021,      0.0603,      0.1960,   7468.0093,-419098.9688,  -1001.6478,    538.5530,  24893.3633,
       1,     166,      42,      10,       1,       3,       1,     10.0000,      1.3789,     42.2743,    242.8911,     61.1268,      3.4953,      0.1569,      0.1258,     33.4313,      0.1450,      5.4552,     10.9105,      1.2813,     27.7522,     55.5045,      0.0188,      0.0020,      0.2078,      0.1960,   7468.0093,-428844.9688,  -1004.1312,    537.8969,  24893.3633,
       1,     166,      42,      11,       1,       3,       1,     10.0000,      1.3789,     42.2743,    242.8911,     61.1268,      3.4953,      0.1861,      0.1542,     45.8121,      0.1712,      5.4552,     10.9105,      1.5132,     27.7522,     55.5045,      0.0188,      0.0023,      0.2499,      0.1960,   7468.0093,-459668.1562,  -1011.9898,    535.8248,  24893.3633,
       1,     166,      42,      12,       1,       3,       1,     10.0000,      1.3789,     42.2743,    242.8911,     61.1268,      3.4953,      0.1859,      0.1534,     43.2645,      0.1875,      5.4552,     10.9105,      1.6564,     27.7522,     55.5045,      0.0188,      0.0022,      0.2500,      0.1960,   7468.0093,-478387.8125,  -1016.8122,    534.5750,  24893.3613,
       1,     166,      42,      13,       1,       3,       1,     10.0000,      1.3789,     42.2743,    242.8911,     61.1268,      3.4953,      0.1853,      0.1525,     36.9854,      0.1977,      5.4552,     10.9105,      1.7472,     27.7522,     55.5045,      0.0188,      0.0019,      0.2500,      0.1960,   7468.0088,-476714.8438,  -1016.5026,    534.6882,  24893.3613,
       1,     166,      42,      14,       1,       3,       1,     10.0000,      1.3789,     42.2743,    242.8911,     61.1268,      3.4953,      0.1852,      0.1522,     37.0780,      0.2081,      5.4552,     10.9105,      1.8391,     27.7522,     55.5045,      0.0188,      0.0019,      0.2500,      0.1960,   7468.0088,-468437.4375,  -1014.5031,    535.2415,  24893.3594,
       1,     166,      42,      15,       1,       3,       1,     10.0000,      1.3789,     42.2743,    242.8911,     61.1268,      3.4953,      0.1861,      0.1529,     48.2743,      0.2133,      5.4552,     10.9105,      1.8848,     27.7522,     55.5045,      0.0188,      0.0024,      0.2500,      0.1960,   7468.0083,-467839.5938,  -1014.4258,    535.2817,  24893.3613,
       1,     166,      42,      16,       1,       3,       1,     10.0000,      1.3789,     42.2743,    242.8911,     61.1268,      3.4953,      0.1881,      0.1552,     73.6023,      0.2029,      5.4552,     10.9105,      1.7926,     27.7522,     55.5045,      0.0188,      0.0037,      0.2500,      0.1960,   7468.0088,-482282.4688,  -1018.1794,    534.3154,  24893.3633,
       1,     166,      42,      17,       1,       3,       1,     10.0000,      1.3789,     42.2743,    242.8911,     61.1268,      3.4953,      0.1859,      0.1533,     88.8412,      0.1897,      5.4552,     10.9105,      1.6762,     27.7522,     55.5045,      0.0188,      0.0046,      0.2447,      0.1960,   7468.0093,-516337.1562,  -1026.9983,    532.0418,  24893.3574,
       1,     166,      42,      18,       1,       3,       1,     10.0000,      1.3789,     42.2743,    242.8911,     61.1268,      3.4953,      0.1710,      0.1390,     88.2921,      0.1742,      5.4552,     10.9105,      1.5391,     27.7522,     55.5045,      0.0188,      0.0050,      0.2225,      0.1959,   7468.0073,-539051.2500,  -1033.0770,    530.5360,  24893.3613,
       1,     166,      42,      19,       1,       3,       1,     10.0000,      1.3789,     42.2743,    242.8911,     61.1268,      3.4953,      0.1313,      0.0996,     68.7854,      0.1636,      5.4552,     10.9105,      1.4453,     27.7522,     55.5045,      0.0188,      0.0052,      0.1657,      0.1959,   7468.0088,-540309.5625,  -1033.7817,    530.4547,  24893.3574,
       1,     166,      42,      20,       1,       3,       1,     10.0000,      1.3789,     42.2743,    242.8911,     61.1268,      3.4953,      0.0111,     -0.0203,      6.6600,      0.1525,      5.4552,     10.9105,      1.3474,     27.7522,     55.5045,      0.0188,      0.0054,      0.0156,      0.1959,   7468.0073,-515132.8438,  -1027.7383,    532.1241,  24893.3574,
       1,     166,      42,      21,       1,       3,       1,     10.0000,      1.3789,     42.2743,    242.8911,     61.1268,      3.4953,      0.0000,     -0.0311,      6.3668,      0.1474,      5.4552,     10.9105,      1.3021,     27.7522,     55.5045,      0.0188,      0.0051,      0.0156,      0.1959,   7468.0073,-432468.9688,  -1006.8610,    537.6251,  24893.3574,
       1,     166,      42,      22,       1,       3,       1,     10.0000,      1.3789,     42.2743,    242.8911,     61.1268,      3.4953,      0.0000,     -0.0311,      5.9351,      0.1465,      5.4552,     10.9105,      1.2943,     27.7522,     55.5045,      0.0188,      0.0048,      0.0156,      0.1960,   7468.0073,-425001.8438,  -1004.9613,    538.1555,  24893.3574,
       1,     166,      42,      23,       1,       3,       1,     10.0000,      1.3789,     42.2743,    242.8911,     61.1268,      3.4953,      0.0000,     -0.0311,      5.4368,      0.1447,      5.4552,     10.9105,      1.2788,     27.7522,     55.5045,      0.0188,      0.0044,      0.0156,      0.1960,   7468.0073,-423757.3125,  -1004.6473,    538.2395,  24893.3555,
       1,     166,      42,      24,       1,       3,       1,     10.0000,      1.3789,     42.2743,    242.8911,     61.1268,      3.4953,      0.0000,     -0.0310,      4.8012,      0.1428,      5.4552,     10.9105,      1.2621,     27.7522,     55.5045,      0.0188,      0.0039,      0.0156,      0.1960,   7468.0068,-423004.0938,  -1004.4592,    538.2902,  24893.3555,
       1,     166,      43,       1,       1,       3,       1,     10.0000,      1.3790,     42.2746,    242.8969,     61.1283,      3.4953,      0.0000,     -0.0310,      3.9872,      0.1446,      5.4553,     10.9107,      1.2775,     27.7589,     55.5178,      0.0188,      0.0032,      0.0156,      0.1960,   7468.0068,-422271.8125,  -1004.6427,    538.3521,  24894.4766,
       1,     166,      43,       2,       1,       3,       1,     10.0000,      1.3790,     42.2746,    242.8969,     61.1283,      3.4953,      0.0000,     -0.0310,      3.2800,      0.1423,      5.4553,     10.9107,      1.2571,     27.7589,     55.5178,      0.0188,      0.0026,      0.0156,      0.1960,   7468.3433,-421001.5312,  -1003.9534,    538.4376,  24894.4766,
       1,     166,      43,       3,       1,       3,       1,     10.0000,      1.3790,     42.2746,    242.8969,     61.1283,      3.4953,      0.0000,     -0.0310,      2.9746,      0.1438,      5.4553,     10.9107,      1.2711,     27.7589,     55.5178,      0.0188,      0.0024,      0.0156,      0.1960,   7468.3433,-419976.1250,  -1003.6935,    538.5067,  24894.4766,
       1,     166,      43,       4,       1,       3,       1,     10.0000,      1.3790,     42.2746,    242.8969,     61.1283,      3.4953,      0.0000,     -0.0310,      2.7459,      0.1418,      5.4553,     10.9107,      1.2533,     27.7589,     55.5178,      0.0188,      0.0022,      0.0156,      0.1960,   7468.3433,-419491.6250,  -1003.5715,    538.5392,  24894.4766,
       1,     166,      43,       5,       1,       3,       1,     10.0000,      1.3790,     42.2746,    242.8969,     61.1283,      3.4953,      0.0000,     -0.0309,      2.5572,      0.1405,      5.4553,     10.9107,      1.2419,     27.7589,     55.5178,      0.0188,      0.0021,      0.0156,      0.1960,   7468.3433,-419153.8125,  -1003.4871,    538.5620,  24894.4766,
       1,     166,      43,       6,       1,       3,       1,     10.0000,      1.3790,     42.2746,    242.8969,     61.1283,      3.4953,      0.0000,     -0.0309,      2.3981,      0.1393,      5.4553,     10.9107,      1.2307,     27.7589,     55.5178,      0.0188,      0.0019,      0.0156,      0.1960,   7468.3433,-418880.0625,  -1003.4187,    538.5804,  24894.4766,
       1,     166,      43,       7,       1,       3,       1,     10.0000,      1.3790,     42.2746,    242.8969,     61.1283,      3.4953,      0.0000,     -0.0308,      2.2933,      0.1380,      5.4553,     10.9107,      1.2195,     27.7589,     55.5178,      0.0188,      0.0018,      0.0156,      0.1960,   7468.3433,-418650.4375,  -1003.3615,    538.5959,  24894.4766,
       1,     166,      43,       8,       1,       3,       1,     10.0000,      1.3790,     42.2746,    242.8969,     61.1283,      3.4953,      0.0007,     -0.0302,      2.4573,      0.1411,      5.4553,     10.9107,      1.2469,     27.7589,     55.5178,      0.0188,      0.0020,      0.0156,      0.1960,   7468.3433,-418494.8438,  -1003.3232,    538.6063,  24894.4766,
       1,     166,      43,       9,       1,       3,       1,     10.0000,      1.3790,     42.2746,    242.8969,     61.1283,      3.4953,      0.0719,      0.0408,     13.1811,      0.1463,      5.4553,     10.9107,      1.2930,     27.7589,     55.5178,      0.0188,      0.0020,      0.0844,      0.1960,   7468.3433,-418693.5000,  -1003.3755,    538.5930,  24894.4766,
       1,     166,      43,      10,       1,       3,       1,     10.0000,      1.3790,     42.2746,    242.8969,     61.1283,      3.4953,      0.1590,      0.1274,     32.8111,      0.1605,      5.4553,     10.9107,      1.4181,     27.7589,     55.5178,      0.0188,      0.0020,      0.2110,      0.1960,   7468.3433,-432582.5625,  -1006.9344,    537.6579,  24894.4766,
       1,     166,      43,      11,       1,       3,       1,     10.0000,      1.3790,     42.2746,    242.8969,     61.1283,      3.4953,      0.1853,      0.1533,     41.0577,      0.1726,      5.4553,     10.9107,      1.5254,     27.7589,     55.5178,      0.0188,      0.0021,      0.2493,      0.1960,   7468.3433,-459191.6875,  -1013.7630,    535.8704,  24894.4766,
       1,     166,      43,      12,       1,       3,       1,     10.0000,      1.3790,     42.2746,    242.8969,     61.1283,      3.4953,      0.1856,      0.1533,     40.0037,      0.1831,      5.4553,     10.9107,      1.6175,     27.7589,     55.5178,      0.0188,      0.0020,      0.2500,      0.1960,   7468.3433,-472187.5312,  -1017.1465,    535.0028,  24894.4766,
       1,     166,      43,      13,       1,       3,       1,     10.0000,      1.3790,     42.2746,    242.8969,     61.1283,      3.4953,      0.1861,      0.1534,     46.2881,      0.1939,      5.4553,     10.9107,      1.7131,     27.7589,     55.5178,      0.0188,      0.0023,      0.2500,      0.1960,   7468.3433,-471950.3125,  -1017.1762,    535.0194,  24894.4766,
       1,     166,      43,      14,       1,       3,       1,     10.0000,      1.3790,     42.2746,    242.8969,     61.1283,      3.4953,      0.1863,      0.1535,     49.8298,      0.1979,      5.4553,     10.9107,      1.7490,     27.7589,     55.5178,      0.0188,      0.0025,      0.2500,      0.1960,   7468.3433,-480064.4062,  -1019.3464,    534.4767,  24894.4766,
       1,     166,      43,      15,       1,       3,       1,     10.0000,      1.3790,     42.2746,    242.8969,     61.1283,      3.4953,      0.1875,      0.1547,     64.6467,      0.1964,      5.4553,     10.9107,      1.7352,     27.7589,     55.5178,      0.0188,      0.0032,      0.2500,      0.1960,   7468.3433,-485355.4062,  -1020.8271,    534.1235,  24894.4727,
       1,     166,      43,      16,       1,       3,       1,     10.0000,      1.3790,     42.2746,    242.8969,     61.1283,      3.4953,      0.1885,      0.1558,     77.8006,      0.1958,      5.4553,     10.9107,      1.7301,     27.7589,     55.5178,      0.0188,      0.0039,      0.2500,      0.1960,   7468.3423,-505000.7188,  -1026.0150,    532.8120,  24894.4746,
       1,     166,      43,      17,       1,       3,       1,     10.0000,      1.3790,     42.2746,    242.8969,     61.1283,      3.4953,      0.1895,      0.1571,     88.4859,      0.1827,      5.4553,     10.9107,      1.6143,     27.7589,     55.5178,      0.0188,      0.0044,      0.2500,      0.1960,   7468.3428,-523747.5000,  -1031.0573,    531.5651,  24894.4746,
       1,     166,      43,      18,       1,       3,       1,     10.0000,      1.3790,     42.2746,    242.8969,     61.1283,      3.4953,      0.1743,      0.1421,     93.5020,      0.1793,      5.4553,     10.9107,      1.5841,     27.7589,     55.5178,      0.0188,      0.0052,      0.2267,      0.1959,   7468.3428,-539220.1875,  -1035.3464,    530.5385,  24894.4707,
       1,     166,      43,      19,       1,       3,       1,     10.0000,      1.3790,     42.2746,    242.8969,     61.1283,      3.4953,      0.1369,      0.1052,     74.8183,      0.1632,      5.4553,     10.9107,      1.4425,     27.7589,     55.5178,      0.0188,      0.0054,      0.1733,      0.1959,   7468.3413,-547064.0000,  -1037.7504,    530.0192,  24894.4727,
       1,     166,      43,      20,       1,       3,       1,     10.0000,      1.3790,     42.2746,    242.8969,     61.1283,      3.4953,      0.0244,     -0.0068,      6.2900,      0.1492,      5.4553,     10.9107,      1.3180,     27.7589,     55.5178,      0.0188,      0.0054,      0.0148,      0.1959,   7468.3423,-523526.8438,  -1032.1171,    531.5789,  24894.4688,
       1,     166,      43,      21,       1,       3,       1,     10.0000,      1.3790,     42.2746,    242.8969,     61.1283,      3.4953,      0.0000,     -0.0310,      6.5680,      0.1431,      5.4553,     10.9107,      1.2647,     27.7589,     55.5178,      0.0188,      0.0053,      0.0156,      0.1959,   7468.3408,-432707.6562,  -1009.0425,    537.6159,  24894.4707,
       1,     166,      43,      22,       1,       3,       1,     10.0000,      1.3790,     42.2746,    242.8969,     61.1283,      3.4953,      0.0000,     -0.0309,      6.3716,      0.1394,      5.4553,     10.9107,      1.2319,     27.7589,     55.5178,      0.0188,      0.0051,      0.0156,      0.1960,   7468.3413,-425293.1875,  -1007.1442,    538.1485,  24894.4707,
       1,     166,      43,      23,       1,       3,       1,     10.0000,      1.3790,     42.2746,    242.8969,     61.1283,      3.4953,      0.0000,     -0.0308,      6.2190,      0.1380,      5.4553,     10.9107,      1.2195,     27.7589,     55.5178,      0.0188,      0.0050,      0.0156,      0.1960,   7468.3413,-424350.1875,  -1006.9062,    538.2122,  24894.4688,
       1,     166,      43,      24,       1,       3,       1,     10.0000,      1.3790,     42.2746,    242.8969,     61.1283,      3.4953,      0.0000,     -0.0308,      5.3821,      0.1382,      5.4553,     10.9107,      1.2208,     27.7589,     55.5178,      0.0188,      0.0043,      0.0156,      0.1960,   7468.3408,-424070.6875,  -1006.8397,    538.2310,  24894.4688,
       1,     166,      44,       1,       1,       3,       1,     10.0000,      1.3790,     42.2749,    242.9026,     61.1297,      3.4953,      0.0000,     -0.0308,      4.0018,      0.1384,      5.4551,     10.9102,      1.2233,     27.7667,     55.5334,      0.0188,      0.0032,      0.0156,      0.1961,   7468.3408,-423119.2812,  -1006.9698,    538.3077,  24895.5918,
       1,     166,      44,       2,       1,       3,       1,     10.0000,      1.3790,     42.2749,    242.9026,     61.1297,      3.4953,      0.0000,     -0.0308,      3.0896,      0.1384,      5.4551,     10.9102,      1.2233,     27.7667,     55.5334,      0.0188,      0.0025,      0.0156,      0.1961,   7468.6777,-421097.2812,  -1006.0826,    538.4437,  24895.5918,
       1,     166,      44,       3,       1,       3,       1,     10.0000,      1.3790,     42.2749,    242.9026,     61.1297,      3.4953,      0.0000,     -0.0308,      2.7733,      0.1373,      5.4551,     10.9102,      1.2134,     27.7667,     55.5334,      0.0188,      0.0022,      0.0156,      0.1961,   7468.6777,-419741.4375,  -1005.7365,    538.5350,  24895.5918,
       1,     166,      44,       4,       1,       3,       1,     10.0000,      1.3790,     42.2749,    242.9026,     61.1297,      3.4953,      0.0000,     -0.0308,      2.5489,      0.1368,      5.4551,     10.9102,      1.2085,     27.7667,     55.5334,      0.0188,      0.0021,      0.0156,      0.1961,   7468.6777,-419214.3125,  -1005.6029,    538.5705,  24895.5918,
       1,     166,      44,       5,       1,       3,       1,     10.0000,      1.3790,     42.2749,    242.9026,     61.1297,      3.4953,      0.0000,     -0.0308,      2.5223,      0.1370,      5.4551,     10.9102,      1.2110,     27.7667,     55.5334,      0.0188,      0.0020,      0.0156,      0.1961,   7468.6777,-418878.0938,  -1005.5186,    538.5931,  24895.5918,
       1,     166,      44,       6,       1,       3,       1,     10.0000,      1.3790,     42.2749,    242.9026,     61.1297,      3.4953,      0.0000,     -0.0307,      2.3538,      0.1361,      5.4551,     10.9102,      1.2024,     27.7667,     55.5334,      0.0188,      0.0019,      0.0156,      0.1961,   7468.6777,-418814.4375,  -1005.5040,    538.5975,  24895.5918,
       1,     166,      44,       7,       1,       3,       1,     10.0000,      1.3790,     42.2749,    242.9026,     61.1297,      3.4953,      0.0000,     -0.0307,      2.2491,      0.1354,      5.4551,     10.9102,      1.1964,     27.7667,     55.5334,      0.0188,      0.0018,      0.0156,      0.1961,   7468.6777,-418590.9375,  -1005.4483,    538.6125,  24895.5918,
       1,     166,      44,       8,       1,       3,       1,     10.0000,      1.3790,     42.2749,    242.9026,     61.1297,      3.4953,      0.0010,     -0.0297,      2.1673,      0.1354,      5.4551,     10.9102,      1.1964,     27.7667,     55.5334,      0.0188,      0.0017,      0.0156,      0.1961,   7468.6777,-418436.0312,  -1005.4101,    538.6229,  24895.5918,
       1,     166,      44,       9,       1,       3,       1,     10.0000,      1.3790,     42.2749,    242.9026,     61.1297,      3.4953,      0.0806,      0.0498,     12.1371,      0.1397,      5.4551,     10.9102,      1.2344,     27.7667,     55.5334,      0.0188,      0.0016,      0.0976,      0.1961,   7468.6777,-418316.8438,  -1005.3811,    538.6309,  24895.5918,
       1,     166,      44,      10,       1,       3,       1,     10.0000,      1.3790,     42.2749,    242.9026,     61.1297,      3.4953,      0.1603,      0.1287,     26.6473,      0.1586,      5.4551,     10.9102,      1.4012,     27.7667,     55.5334,      0.0188,      0.0016,      0.2136,      0.1961,   7468.6777,-431201.2500,  -1008.7044,    537.7635,  24895.5918,
       1,     166,      44,      11,       1,       3,       1,     10.0000,      1.3790,     42.2749,    242.9026,     61.1297,      3.4953,      0.1851,      0.1530,     32.0668,      0.1738,      5.4551,     10.9102,      1.5361,     27.7667,     55.5334,      0.0188,      0.0016,      0.2500,      0.1961,   7468.6777,-451095.6250,  -1013.8446,    536.4268,  24895.5918,
       1,     166,      44,      12,       1,       3,       1,     10.0000,      1.3790,     42.2749,    242.9026,     61.1297,      3.4953,      0.1850,      0.1527,     32.1954,      0.1836,      5.4551,     10.9102,      1.6223,     27.7667,     55.5334,      0.0188,      0.0016,      0.2500,      0.1960,   7468.6777,-459843.0938,  -1016.1368,    535.8419,  24895.5898,
       1,     166,      44,      13,       1,       3,       1,     10.0000,      1.3790,     42.2749,    242.9026,     61.1297,      3.4953,      0.1849,      0.1524,     30.2124,      0.1865,      5.4551,     10.9102,      1.6483,     27.7667,     55.5334,      0.0188,      0.0015,      0.2500,      0.1960,   7468.6772,-460768.9375,  -1016.4321,    535.7803,  24895.5898,
       1,     166,      44,      14,       1,       3,       1,     10.0000,      1.3790,     42.2749,    242.9026,     61.1297,      3.4953,      0.1853,      0.1525,     36.3340,      0.1958,      5.4551,     10.9102,      1.7301,     27.7667,     55.5334,      0.0188,      0.0018,      0.2500,      0.1960,   7468.6772,-458282.5625,  -1015.8479,    535.9468,  24895.5918,
       1,     166,      44,      15,       1,       3,       1,     10.0000,      1.3790,     42.2749,    242.9026,     61.1297,      3.4953,      0.1867,      0.1538,     54.6094,      0.2021,      5.4551,     10.9102,      1.7856,     27.7667,     55.5334,      0.0188,      0.0027,      0.2500,      0.1960,   7468.6777,-465988.5312,  -1017.8864,    535.4305,  24895.5898,
       1,     166,      44,      16,       1,       3,       1,     10.0000,      1.3790,     42.2749,    242.9026,     61.1297,      3.4953,      0.1883,      0.1558,     73.4463,      0.1864,      5.4551,     10.9102,      1.6467,     27.7667,     55.5334,      0.0188,      0.0037,      0.2500,      0.1960,   7468.6772,-490312.8125,  -1024.2312,    533.8028,  24895.5918,
       1,     166,      44,      17,       1,       3,       1,     10.0000,      1.3790,     42.2749,    242.9026,     61.1297,      3.4953,      0.1894,      0.1568,     88.9414,      0.1925,      5.4551,     10.9102,      1.7013,     27.7667,     55.5334,      0.0188,      0.0045,      0.2500,      0.1960,   7468.6777,-516821.3125,  -1031.2383,    532.0364,  24895.5898,
       1,     166,      44,      18,       1,       3,       1,     10.0000,      1.3790,     42.2749,    242.9026,     61.1297,      3.4953,      0.1738,      0.1413,     85.8550,      0.1869,      5.4551,     10.9102,      1.6516,     27.7667,     55.5334,      0.0188,      0.0047,      0.2269,      0.1960,   7468.6772,-539198.8125,  -1037.3020,    530.5513,  24895.5879,
       1,     166,      44,      19,       1,       3,       1,     10.0000,      1.3790,     42.2749,    242.9026,     61.1297,      3.4953,      0.1296,      0.0977,     61.4446,      0.1694,      5.4551,     10.9102,      1.4968,     27.7667,     55.5334,      0.0188,      0.0047,      0.1640,      0.1959,   7468.6768,-537142.5000,  -1037.1570,    530.6896,  24895.5879,
       1,     166,      44,      20,       1,       3,       1,     10.0000,      1.3790,     42.2749,    242.9026,     61.1297,      3.4953,      0.0147,     -0.0167,      0.3030,      0.1551,      5.4551,     10.9102,      1.3707,     27.7667,     55.5334,      0.0188,      0.0047,      0.0008,      0.1959,   7468.6768,-505331.7500,  -1029.3073,    532.7999,  24895.5859,
       1,     166,      44,      21,       1,       3,       1,     10.0000,      1.3790,     42.2749,    242.9026,     61.1297,      3.4953,      0.0000,     -0.0311,      4.9087,      0.1463,      5.4551,     10.9102,      1.2931,     27.7667,     55.5334,      0.0188,      0.0039,      0.0156,      0.1960,   7468.6763,-423404.5938,  -1008.3295,    538.2604,  24895.5859,
       1,     166,      44,      22,       1,       3,       1,     10.0000,      1.3790,     42.2749,    242.9026,     61.1297,      3.4953,      0.0000,     -0.0310,      5.2988,      0.1444,      5.4551,     10.9102,      1.2762,     27.7667,     55.5334,      0.0188,      0.0043,      0.0156,      0.1961,   7468.6763,-422332.3125,  -1008.0574,    538.3607,  24895.5859,
       1,     166,      44,      23,       1,       3,       1,     10.0000,      1.3790,     42.2749,    242.9026,     61.1297,      3.4953,      0.0000,     -0.0310,      4.7472,      0.1427,      5.4551,     10.9102,      1.2609,     27.7667,     55.5334,      0.0188,      0.0038,      0.0156,      0.1961,   7468.6763,-422707.0938,  -1008.1582,    538.3354,  24895.5859,
       1,     166,      44,      24,       1,       3,       1,     10.0000,      1.3790,     42.2749,    242.9026,     61.1297,      3.4953,      0.0000,     -0.0309,      3.9390,      0.1411,      5.4551,     10.9102,      1.2470,     27.7667,     55.5334,      0.0188,      0.0032,      0.0156,      0.1961,   7468.6763,-422026.4062,  -1007.9859,    538.3813,  24895.5859,
       1,     166,      45,       1,       1,       3,       1,     10.0000,      1.3790,     42.2753,    242.9084,     61.1311,      3.4953,      0.0000,     -0.0309,      3.0579,      0.1396,      5.4557,     10.9113,      1.2332,     27.7743,     55.5486,      0.0188,      0.0025,      0.0156,      0.1961,   7468.6763,-421077.4688,  -1008.1160,    538.4579,  24896.7070,
       1,     166,      45,       2,       1,       3,       1,     10.0000,      1.3790,     42.2753,    242.9084,     61.1311,      3.4953,      0.0000,     -0.0308,      2.4439,      0.1380,      5.4557,     10.9113,      1.2196,     27.7743,     55.5486,      0.0188,      0.0020,      0.0156,      0.1961,   7469.0122,-419701.8438,  -1007.3918,    538.5504,  24896.7070,
       1,     166,      45,       3,       1,       3,       1,     10.0000,      1.3790,     42.2753,    242.9084,     61.1311,      3.4953,      0.0000,     -0.0307,      2.0929,      0.1354,      5.4557,     10.9113,      1.1964,     27.7743,     55.5486,      0.0188,      0.0017,      0.0156,      0.1961,   7469.0122,-418788.0625,  -1007.1581,    538.6119,  24896.7051,
       1,     166,      45,       4,       1,       3,       1,     10.0000,      1.3790,     42.2753,    242.9084,     61.1311,      3.4953,      0.0000,     -0.0307,      2.1857,      0.1339,      5.4557,     10.9113,      1.1831,     27.7743,     55.5486,      0.0188,      0.0018,      0.0156,      0.1961,   7469.0117,-418254.8438,  -1007.0225,    538.6478,  24896.7051,
       1,     166,      45,       5,       1,       3,       1,     10.0000,      1.3790,     42.2753,    242.9084,     61.1311,      3.4953,      0.0000,     -0.0307,      2.1798,      0.1347,      5.4557,     10.9113,      1.1903,     27.7743,     55.5486,      0.0188,      0.0018,      0.0156,      0.1961,   7469.0117,-418328.3125,  -1007.0428,    538.6429,  24896.7051,
       1,     166,      45,       6,       1,       3,       1,     10.0000,      1.3790,     42.2753,    242.9084,     61.1311,      3.4953,      0.0000,     -0.0307,      2.0875,      0.1342,      5.4557,     10.9113,      1.1855,     27.7743,     55.5486,      0.0188,      0.0017,      0.0156,      0.1961,   7469.0117,-418327.0625,  -1007.0444,    538.6430,  24896.7051,
       1,     166,      45,       7,       1,       3,       1,     10.0000,      1.3790,     42.2753,    242.9084,     61.1311,      3.4953,      0.0000,     -0.0307,      1.8835,      0.1358,      5.4557,     10.9113,      1.2000,     27.7743,     55.5486,      0.0188,      0.0015,      0.0156,      0.1961,   7469.0117,-418207.5938,  -1007.0151,    538.6510,  24896.7051,
       1,     166,      45,       8,       1,       3,       1,     10.0000,      1.3790,     42.2753,    242.9084,     61.1311,      3.4953,      0.0010,     -0.0298,      1.7490,      0.1380,      5.4557,     10.9113,      1.2196,     27.7743,     55.5486,      0.0188,      0.0014,      0.0156,      0.1961,   7469.0117,-417933.5000,  -1006.9459,    538.6695,  24896.7051,
       1,     166,      45,       9,       1,       3,       1,     10.0000,      1.3790,     42.2753,    242.9084,     61.1311,      3.4953,      0.0823,      0.0514,     10.8435,      0.1413,      5.4557,     10.9113,      1.2483,     27.7743,     55.5486,      0.0188,      0.0014,      0.1002,      0.1961,   7469.0117,-417735.5625,  -1006.8962,    538.6828,  24896.7051,
       1,     166,      45,      10,       1,       3,       1,     10.0000,      1.3790,     42.2753,    242.9084,     61.1311,      3.4953,      0.1618,      0.1305,     24.0315,      0.1525,      5.4557,     10.9113,      1.3475,     27.7743,     55.5486,      0.0188,      0.0014,      0.2162,      0.1961,   7469.0117,-429479.5000,  -1009.9409,    537.8920,  24896.7051,
       1,     166,      45,      11,       1,       3,       1,     10.0000,      1.3790,     42.2753,    242.9084,     61.1311,      3.4953,      0.1848,      0.1531,     27.5030,      0.1631,      5.4557,     10.9113,      1.4411,     27.7743,     55.5486,      0.0188,      0.0014,      0.2500,      0.1961,   7469.0117,-447561.4688,  -1014.6368,    536.6768,  24896.7051,
       1,     166,      45,      12,       1,       3,       1,     10.0000,      1.3790,     42.2753,    242.9084,     61.1311,      3.4953,      0.1852,      0.1530,     33.5025,      0.1780,      5.4557,     10.9113,      1.5732,     27.7743,     55.5486,      0.0188,      0.0017,      0.2500,      0.1961,   7469.0117,-453629.0938,  -1016.2393,    536.2712,  24896.7070,
       1,     166,      45,      13,       1,       3,       1,     10.0000,      1.3790,     42.2753,    242.9084,     61.1311,      3.4953,      0.1856,      0.1530,     39.4869,      0.1903,      5.4557,     10.9113,      1.6813,     27.7743,     55.5486,      0.0188,      0.0020,      0.2500,      0.1961,   7469.0122,-461917.6562,  -1018.4299,    535.7157,  24896.7051,
       1,     166,      45,      14,       1,       3,       1,     10.0000,      1.3790,     42.2753,    242.9084,     61.1311,      3.4953,      0.1858,      0.1531,     43.3947,      0.1948,      5.4557,     10.9113,      1.7217,     27.7743,     55.5486,      0.0188,      0.0022,      0.2500,      0.1961,   7469.0117,-470382.9062,  -1020.6852,    535.1492,  24896.7051,
       1,     166,      45,      15,       1,       3,       1,     10.0000,      1.3790,     42.2753,    242.9084,     61.1311,      3.4953,      0.1867,      0.1539,     54.0802,      0.1962,      5.4557,     10.9113,      1.7336,     27.7743,     55.5486,      0.0188,      0.0027,      0.2500,      0.1960,   7469.0117,-476176.1250,  -1022.2696,    534.7619,  24896.7031,
       1,     166,      45,      16,       1,       3,       1,     10.0000,      1.3790,     42.2753,    242.9084,     61.1311,      3.4953,      0.1871,      0.1545,     59.4964,      0.1920,      5.4557,     10.9113,      1.6963,     27.7743,     55.5486,      0.0188,      0.0030,      0.2500,      0.1960,   7469.0112,-490510.1562,  -1026.0956,    533.8038,  24896.7031,
       1,     166,      45,      17,       1,       3,       1,     10.0000,      1.3790,     42.2753,    242.9084,     61.1311,      3.4953,      0.1888,      0.1565,     79.7355,      0.1809,      5.4557,     10.9113,      1.5984,     27.7743,     55.5486,      0.0188,      0.0040,      0.2500,      0.1960,   7469.0112,-498768.7500,  -1028.4073,    533.2537,  24896.7051,
       1,     166,      45,      18,       1,       3,       1,     10.0000,      1.3790,     42.2753,    242.9084,     61.1311,      3.4953,      0.1808,      0.1489,     95.1850,      0.1713,      5.4557,     10.9113,      1.5133,     27.7743,     55.5486,      0.0188,      0.0051,      0.2362,      0.1960,   7469.0117,-525690.0625,  -1035.6018,    531.4594,  24896.7051,
       1,     166,      45,      19,       1,       3,       1,     10.0000,      1.3790,     42.2753,    242.9084,     61.1311,      3.4953,      0.1374,      0.1058,     74.3008,      0.1628,      5.4557,     10.9113,      1.4382,     27.7743,     55.5486,      0.0188,      0.0054,      0.1742,      0.1960,   7469.0117,-548046.8125,  -1041.7354,    529.9773,  24896.7012,
       1,     166,      45,      20,       1,       3,       1,     10.0000,      1.3790,     42.2753,    242.9084,     61.1311,      3.4953,      0.0174,     -0.0140,      1.6867,      0.1548,      5.4557,     10.9113,      1.3680,     27.7743,     55.5486,      0.0188,      0.0046,      0.0046,      0.1960,   7469.0107,-522925.4375,  -1035.6337,    531.6436,  24896.7012,
       1,     166,      45,      21,       1,       3,       1,     10.0000,      1.3790,     42.2753,    242.9084,     61.1311,      3.4953,      0.0000,     -0.0312,      5.4816,      0.1475,      5.4557,     10.9113,      1.3036,     27.7743,     55.5486,      0.0188,      0.0044,      0.0156,      0.1960,   7469.0107,-426697.6250,  -1010.9047,    538.0411,  24896.6992,
       1,     166,      45,      22,       1,       3,       1,     10.0000,      1.3790,     42.2753,    242.9084,     61.1311,      3.4953,      0.0000,     -0.0311,      4.8032,      0.1458,      5.4557,     10.9113,      1.2879,     27.7743,     55.5486,      0.0188,      0.0039,      0.0156,      0.1961,   7469.0103,-423376.3438,  -1010.0493,    538.3030,  24896.6992,
       1,     166,      45,      23,       1,       3,       1,     10.0000,      1.3790,     42.2753,    242.9084,     61.1311,      3.4953,      0.0000,     -0.0310,      4.5341,      0.1434,      5.4557,     10.9113,      1.2673,     27.7743,     55.5486,      0.0188,      0.0036,      0.0156,      0.1961,   7469.0103,-422160.1562,  -1009.7377,    538.3849,  24896.6992,
       1,     166,      45,      24,       1,       3,       1,     10.0000,      1.3790,     42.2753,    242.9084,     61.1311,      3.4953,      0.0000,     -0.0310,      4.1562,      0.1424,      5.4557,     10.9113,      1.2584,     27.7743,     55.5486,      0.0188,      0.0033,      0.0156,      0.1961,   7469.0103,-421706.2188,  -1009.6237,    538.4155,  24896.6992,
       1,     166,      46,       1,       1,       3,       1,     10.0000,      1.3790,     42.2756,    242.9141,     61.1326,      3.4953,      0.0000,     -0.0310,      3.6870,      0.1417,      5.4553,     10.9105,      1.2521,     27.7824,     55.5647,      0.0188,      0.0030,      0.0156,      0.1961,   7469.0103,-421333.5938,  -1009.9042,    538.4532,  24897.8203,
       1,     166,      46,       2,       1,       3,       1,     10.0000,      1.3790,     42.2756,    242.9141,     61.1326,      3.4953,      0.0000,     -0.0310,      3.0628,      0.1417,      5.4553,     10.9105,      1.2521,     27.7824,     55.5647,      0.0188,      0.0025,      0.0156,      0.1961,   7469.3462,-420541.0625,  -1009.3286,    538.5067,  24897.8203,
       1,     166,      46,       3,       1,       3,       1,     10.0000,      1.3790,     42.2756,    242.9141,     61.1326,      3.4953,      0.0000,     -0.0310,      2.7644,      0.1423,      5.4553,     10.9105,      1.2571,     27.7824,     55.5647,      0.0188,      0.0022,      0.0156,      0.1961,   7469.3462,-419664.8125,  -1009.1036,    538.5656,  24897.8203,
       1,     166,      46,       4,       1,       3,       1,     10.0000,      1.3790,     42.2756,    242.9141,     61.1326,      3.4953,      0.0000,     -0.0310,      2.6008,      0.1418,      5.4553,     10.9105,      1.2533,     27.7824,     55.5647,      0.0188,      0.0021,      0.0156,      0.1961,   7469.3462,-419202.7500,  -1008.9859,    538.5967,  24897.8203,
       1,     166,      46,       5,       1,       3,       1,     10.0000,      1.3790,     42.2756,    242.9141,     61.1326,      3.4953,      0.0000,     -0.0310,      2.6351,      0.1426,      5.4553,     10.9105,      1.2597,     27.7824,     55.5647,      0.0188,      0.0021,      0.0156,      0.1961,   7469.3462,-418950.9375,  -1008.9227,    538.6136,  24897.8203,
       1,     166,      46,       6,       1,       3,       1,     10.0000,      1.3790,     42.2756,    242.9141,     61.1326,      3.4953,      0.0000,     -0.0310,      2.8268,      0.1426,      5.4553,     10.9105,      1.2597,     27.7824,     55.5647,      0.0188,      0.0023,      0.0156,      0.1961,   7469.3462,-418973.3750,  -1008.9310,    538.6121,  24897.8203,
       1,     166,      46,       7,       1,       3,       1,     10.0000,      1.3790,     42.2756,    242.9141,     61.1326,      3.4953,      0.0000,     -0.0310,      2.7461,      0.1418,      5.4553,     10.9105,      1.2533,     27.7824,     55.5647,      0.0188,      0.0022,      0.0156,      0.1961,   7469.3462,-419223.3125,  -1008.9981,    538.5953,  24897.8203,
       1,     166,      46,       8,       1,       3,       1,     10.0000,      1.3790,     42.2756,    242.9141,     61.1326,      3.4953,      0.0010,     -0.0300,      2.8446,      0.1431,      5.4553,     10.9105,      1.2648,     27.7824,     55.5647,      0.0188,      0.0023,      0.0156,      0.1961,   7469.3462,-419140.7500,  -1008.9791,    538.6009,  24897.8203,
       1,     166,      46,       9,       1,       3,       1,     10.0000,      1.3790,     42.2756,    242.9141,     61.1326,      3.4953,      0.0825,      0.0513,     17.0717,      0.1472,      5.4553,     10.9105,      1.3010,     27.7824,     55.5647,      0.0188,      0.0022,      0.0995,      0.1961,   7469.3462,-419260.7812,  -1009.0125,    538.5928,  24897.8203,
       1,     166,      46,      10,       1,       3,       1,     10.0000,      1.3790,     42.2756,    242.9141,     61.1326,      3.4953,      0.1611,      0.1297,     37.0982,      0.1556,      5.4553,     10.9105,      1.3749,     27.7824,     55.5647,      0.0188,      0.0022,      0.2136,      0.1961,   7469.3462,-437668.1562,  -1013.8105,    537.3536,  24897.8203,
       1,     166,      46,      11,       1,       3,       1,     10.0000,      1.3790,     42.2756,    242.9141,     61.1326,      3.4953,      0.1863,      0.1545,     46.7093,      0.1674,      5.4553,     10.9105,      1.4790,     27.7824,     55.5647,      0.0188,      0.0023,      0.2500,      0.1961,   7469.3462,-465177.3125,  -1020.9945,    535.5072,  24897.8184,
       1,     166,      46,      12,       1,       3,       1,     10.0000,      1.3790,     42.2756,    242.9141,     61.1326,      3.4953,      0.1863,      0.1542,     47.4682,      0.1752,      5.4553,     10.9105,      1.5484,     27.7824,     55.5647,      0.0188,      0.0024,      0.2500,      0.1961,   7469.3457,-480013.1250,  -1024.9286,    534.5173,  24897.8203,
       1,     166,      46,      13,       1,       3,       1,     10.0000,      1.3790,     42.2756,    242.9141,     61.1326,      3.4953,      0.1864,      0.1539,     49.2614,      0.1860,      5.4553,     10.9105,      1.6435,     27.7824,     55.5647,      0.0188,      0.0025,      0.2500,      0.1961,   7469.3462,-482281.6562,  -1025.6428,    534.3666,  24897.8203,
       1,     166,      46,      14,       1,       3,       1,     10.0000,      1.3790,     42.2756,    242.9141,     61.1326,      3.4953,      0.1865,      0.1539,     51.6316,      0.1927,      5.4553,     10.9105,      1.7031,     27.7824,     55.5647,      0.0188,      0.0026,      0.2500,      0.1961,   7469.3462,-484798.3438,  -1026.4331,    534.1986,  24897.8184,
       1,     166,      46,      15,       1,       3,       1,     10.0000,      1.3790,     42.2756,    242.9141,     61.1326,      3.4953,      0.1870,      0.1545,     56.9150,      0.1862,      5.4553,     10.9105,      1.6451,     27.7824,     55.5647,      0.0188,      0.0029,      0.2500,      0.1961,   7469.3457,-488084.9375,  -1027.4366,    533.9791,  24897.8164,
       1,     166,      46,      16,       1,       3,       1,     10.0000,      1.3790,     42.2756,    242.9141,     61.1326,      3.4953,      0.1878,      0.1554,     67.5987,      0.1843,      5.4553,     10.9105,      1.6289,     27.7824,     55.5647,      0.0188,      0.0034,      0.2500,      0.1961,   7469.3452,-495209.5312,  -1029.4559,    533.5037,  24897.8145,
       1,     166,      46,      17,       1,       3,       1,     10.0000,      1.3790,     42.2756,    242.9141,     61.1326,      3.4953,      0.1883,      0.1561,     72.8152,      0.1788,      5.4553,     10.9105,      1.5795,     27.7824,     55.5647,      0.0188,      0.0037,      0.2500,      0.1960,   7469.3447,-509659.0000,  -1033.4198,    532.5403,  24897.8184,
       1,     166,      46,      18,       1,       3,       1,     10.0000,      1.3790,     42.2756,    242.9141,     61.1326,      3.4953,      0.1753,      0.1434,     77.8565,      0.1697,      5.4553,     10.9105,      1.4998,     27.7824,     55.5647,      0.0188,      0.0042,      0.2301,      0.1960,   7469.3457,-517669.0312,  -1035.7662,    532.0079,  24897.8145,
       1,     166,      46,      19,       1,       3,       1,     10.0000,      1.3790,     42.2756,    242.9141,     61.1326,      3.4953,      0.1317,      0.1001,     62.1907,      0.1605,      5.4553,     10.9105,      1.4182,     27.7824,     55.5647,      0.0188,      0.0047,      0.1671,      0.1960,   7469.3447,-524892.1250,  -1037.9475,    531.5278,  24897.8145,
       1,     166,      46,      20,       1,       3,       1,     10.0000,      1.3790,     42.2756,    242.9141,     61.1326,      3.4953,      0.0230,     -0.0083,      4.2931,      0.1534,      5.4553,     10.9105,      1.3557,     27.7824,     55.5647,      0.0188,      0.0042,      0.0128,      0.1960,   7469.3447,-505228.5938,  -1033.1282,    532.8345,  24897.8145,
       1,     166,      46,      21,       1,       3,       1,     10.0000,      1.3790,     42.2756,    242.9141,     61.1326,      3.4953,      0.0000,     -0.0313,      5.0114,      0.1517,      5.4553,     10.9105,      1.3408,     27.7824,     55.5647,      0.0188,      0.0040,      0.0156,      0.1960,   7469.3447,-428564.7812,  -1013.2944,    537.9423,  24897.8125,
       1,     166,      46,      22,       1,       3,       1,     10.0000,      1.3790,     42.2756,    242.9141,     61.1326,      3.4953,      0.0000,     -0.0313,      4.8407,      0.1523,      5.4553,     10.9105,      1.3462,     27.7824,     55.5647,      0.0188,      0.0039,      0.0156,      0.1961,   7469.3442,-422915.4375,  -1011.8262,    538.3466,  24897.8125,
       1,     166,      46,      23,       1,       3,       1,     10.0000,      1.3790,     42.2756,    242.9141,     61.1326,      3.4953,      0.0000,     -0.0313,      4.1917,      0.1510,      5.4553,     10.9105,      1.3341,     27.7824,     55.5647,      0.0188,      0.0034,      0.0156,      0.1961,   7469.3442,-422171.7500,  -1011.6364,    538.3969,  24897.8125,
       1,     166,      46,      24,       1,       3,       1,     10.0000,      1.3790,     42.2756,    242.9141,     61.1326,      3.4953,      0.0000,     -0.0312,      4.0965,      0.1484,      5.4553,     10.9105,      1.3115,     27.7824,     55.5647,      0.0188,      0.0033,      0.0156,      0.1961,   7469.3442,-421267.5312,  -1011.4041,    538.4577,  24897.8125,
       1,     166,      47,       1,       1,       3,       1,     10.0000,      1.3791,     42.2759,    242.9199,     61.1340,      3.4953,      0.0000,     -0.0312,      3.9893,      0.1483,      5.4559,     10.9119,      1.3102,     27.7904,     55.5808,      0.0188,      0.0032,      0.0156,      0.1961,   7469.3442,-421221.5000,  -1011.7716,    538.4734,  24898.9336,
       1,     166,      47,       2,       1,       3,       1,     10.0000,      1.3791,     42.2759,    242.9199,     61.1340,      3.4953,      0.0000,     -0.0313,      3.8169,      0.1504,      5.4559,     10.9119,      1.3288,     27.7904,     55.5808,      0.0188,      0.0031,      0.0156,      0.1961,   7469.6802,-420925.5000,  -1011.3225,    538.4934,  24898.9336,
       1,     166,      47,       3,       1,       3,       1,     10.0000,      1.3791,     42.2759,    242.9199,     61.1340,      3.4953,      0.0000,     -0.0312,      4.0077,      0.1480,      5.4559,     10.9119,      1.3076,     27.7904,     55.5808,      0.0188,      0.0032,      0.0156,      0.1961,   7469.6802,-420676.8125,  -1011.2610,    538.5101,  24898.9336,
       1,     166,      47,       4,       1,       3,       1,     10.0000,      1.3791,     42.2759,    242.9199,     61.1340,      3.4953,      0.0000,     -0.0311,      4.1401,      0.1453,      5.4559,     10.9119,      1.2841,     27.7904,     55.5808,      0.0188,      0.0033,      0.0156,      0.1961,   7469.6802,-420901.8438,  -1011.3231,    538.4949,  24898.9336,
       1,     166,      47,       5,       1,       3,       1,     10.0000,      1.3791,     42.2759,    242.9199,     61.1340,      3.4953,      0.0000,     -0.0310,      4.0797,      0.1424,      5.4559,     10.9119,      1.2584,     27.7904,     55.5808,      0.0188,      0.0033,      0.0156,      0.1961,   7469.6802,-421092.6250,  -1011.3766,    538.4821,  24898.9336,
       1,     166,      47,       6,       1,       3,       1,     10.0000,      1.3791,     42.2759,    242.9199,     61.1340,      3.4953,      0.0000,     -0.0308,      3.8014,      0.1375,      5.4559,     10.9119,      1.2147,     27.7904,     55.5808,      0.0188,      0.0031,      0.0156,      0.1961,   7469.6802,-421031.1250,  -1011.3641,    538.4863,  24898.9316,
       1,     166,      47,       7,       1,       3,       1,     10.0000,      1.3791,     42.2759,    242.9199,     61.1340,      3.4953,      0.0000,     -0.0307,      3.9696,      0.1334,      5.4559,     10.9119,      1.1784,     27.7904,     55.5808,      0.0188,      0.0032,      0.0156,      0.1961,   7469.6797,-420666.3750,  -1011.2733,    538.5108,  24898.9316,
       1,     166,      47,       8,       1,       3,       1,     10.0000,      1.3791,     42.2759,    242.9199,     61.1340,      3.4953,      0.0011,     -0.0295,      3.5841,      0.1302,      5.4559,     10.9119,      1.1501,     27.7904,     55.5808,      0.0188,      0.0029,      0.0156,      0.1961,   7469.6797,-420852.0312,  -1011.3254,    538.4983,  24898.9316,
       1,     166,      47,       9,       1,       3,       1,     10.0000,      1.3791,     42.2759,    242.9199,     61.1340,      3.4953,      0.0658,      0.0354,     15.7942,      0.1274,      5.4559,     10.9119,      1.1258,     27.7904,     55.5808,      0.0188,      0.0026,      0.0756,      0.1961,   7469.6797,-420369.8125,  -1011.3792,    538.5307,  24898.9316,
       1,     166,      47,      10,       1,       3,       1,     10.0000,      1.3791,     42.2759,    242.9199,     61.1340,      3.4953,      0.1630,      0.1321,     43.5379,      0.1417,      5.4559,     10.9119,      1.2521,     27.7904,     55.5808,      0.0188,      0.0025,      0.2157,      0.1961,   7469.6797,-436114.8750,  -1015.5068,    537.4709,  24898.9316,
       1,     166,      47,      11,       1,       3,       1,     10.0000,      1.3791,     42.2759,    242.9199,     61.1340,      3.4953,      0.1867,      0.1551,     51.6061,      0.1607,      5.4559,     10.9119,      1.4197,     27.7904,     55.5808,      0.0188,      0.0026,      0.2500,      0.1961,   7469.6797,-473367.5938,  -1025.2823,    534.9692,  24898.9316,
       1,     166,      47,      12,       1,       3,       1,     10.0000,      1.3791,     42.2759,    242.9199,     61.1340,      3.4953,      0.1857,      0.1537,     39.1627,      0.1709,      5.4559,     10.9119,      1.5104,     27.7904,     55.5808,      0.0188,      0.0020,      0.2500,      0.1961,   7469.6797,-487061.4062,  -1029.0728,    534.0593,  24898.9336,
       1,     166,      47,      13,       1,       3,       1,     10.0000,      1.3791,     42.2759,    242.9199,     61.1340,      3.4953,      0.1858,      0.1535,     41.5366,      0.1807,      5.4559,     10.9119,      1.5969,     27.7904,     55.5808,      0.0188,      0.0021,      0.2500,      0.1961,   7469.6802,-472139.4375,  -1025.3149,    535.0562,  24898.9316,
       1,     166,      47,      14,       1,       3,       1,     10.0000,      1.3791,     42.2759,    242.9199,     61.1340,      3.4953,      0.1845,      0.1520,     25.2703,      0.1875,      5.4559,     10.9119,      1.6566,     27.7904,     55.5808,      0.0188,      0.0013,      0.2500,      0.1961,   7469.6797,-473918.7188,  -1025.8743,    534.9380,  24898.9336,
       1,     166,      47,      15,       1,       3,       1,     10.0000,      1.3791,     42.2759,    242.9199,     61.1340,      3.4953,      0.1856,      0.1532,     43.7859,      0.1878,      5.4559,     10.9119,      1.6599,     27.7904,     55.5808,      0.0188,      0.0022,      0.2496,      0.1961,   7469.6802,-453023.4062,  -1020.4916,    536.3353,  24898.9336,
       1,     166,      47,      16,       1,       3,       1,     10.0000,      1.3791,     42.2759,    242.9199,     61.1340,      3.4953,      0.1888,      0.1564,     80.1122,      0.1860,      5.4559,     10.9119,      1.6435,     27.7904,     55.5808,      0.0188,      0.0040,      0.2500,      0.1961,   7469.6802,-475166.1250,  -1026.3420,    534.8526,  24898.9277,
       1,     166,      47,      17,       1,       3,       1,     10.0000,      1.3791,     42.2759,    242.9199,     61.1340,      3.4953,      0.1805,      0.1483,     95.1736,      0.1782,      5.4559,     10.9119,      1.5748,     27.7904,     55.5808,      0.0188,      0.0051,      0.2358,      0.1961,   7469.6787,-524100.5938,  -1039.2876,    531.5832,  24898.9316,
       1,     166,      47,      18,       1,       3,       1,     10.0000,      1.3791,     42.2759,    242.9199,     61.1340,      3.4953,      0.1744,      0.1425,    102.0306,      0.1711,      5.4559,     10.9119,      1.5119,     27.7904,     55.5808,      0.0188,      0.0057,      0.2259,      0.1960,   7469.6797,-547879.0625,  -1045.8458,    530.0131,  24898.9277,
       1,     166,      47,      19,       1,       3,       1,     10.0000,      1.3791,     42.2759,    242.9199,     61.1340,      3.4953,      0.1298,      0.0982,     81.5335,      0.1602,      5.4559,     10.9119,      1.4154,     27.7904,     55.5808,      0.0188,      0.0063,      0.1619,      0.1960,   7469.6787,-558818.3125,  -1049.1508,    529.2906,  24898.9277,
       1,     166,      47,      20,       1,       3,       1,     10.0000,      1.3791,     42.2759,    242.9199,     61.1340,      3.4953,      0.0211,     -0.0102,      4.9889,      0.1513,      5.4559,     10.9119,      1.3368,     27.7904,     55.5808,      0.0188,      0.0063,      0.0099,      0.1960,   7469.6787,-533205.3125,  -1042.8938,    530.9857,  24898.9277,
       1,     166,      47,      21,       1,       3,       1,     10.0000,      1.3791,     42.2759,    242.9199,     61.1340,      3.4953,      0.0000,     -0.0311,      8.0645,      0.1459,      5.4559,     10.9119,      1.2893,     27.7904,     55.5808,      0.0188,      0.0065,      0.0156,      0.1960,   7469.6787,-431853.9375,  -1016.5609,    537.7155,  24898.9258,
       1,     166,      47,      22,       1,       3,       1,     10.0000,      1.3791,     42.2759,    242.9199,     61.1340,      3.4953,      0.0000,     -0.0311,      7.7108,      0.1463,      5.4559,     10.9119,      1.2932,     27.7904,     55.5808,      0.0188,      0.0062,      0.0156,      0.1961,   7469.6782,-427176.2812,  -1015.3409,    538.0727,  24898.9258,
       1,     166,      47,      23,       1,       3,       1,     10.0000,      1.3791,     42.2759,    242.9199,     61.1340,      3.4953,      0.0000,     -0.0304,      6.8079,      0.1273,      5.4559,     10.9119,      1.1247,     27.7904,     55.5808,      0.0188,      0.0055,      0.0156,      0.1961,   7469.6782,-426256.8438,  -1015.3524,    538.1346,  24898.9258,
       1,     166,      47,      24,       1,       3,       1,     10.0000,      1.3791,     42.2759,    242.9199,     61.1340,      3.4953,      0.0000,     -0.0304,      5.9559,      0.1259,      5.4559,     10.9119,      1.1122,     27.7904,     55.5808,      0.0188,      0.0048,      0.0156,      0.1961,   7469.6782,-425009.1875,  -1015.0264,    538.2185,  24898.9258,
       1,     166,      48,       1,       1,       3,       1,     10.0000,      1.3791,     42.2763,    242.9257,     61.1354,      3.4953,      0.0000,     -0.0306,      5.5217,      0.1312,      5.4558,     10.9116,      1.1595,     27.7977,     55.5954,      0.0188,      0.0044,      0.0156,      0.1962,   7469.6782,-423954.6250,  -1015.1298,    538.3022,  24900.0469,
       1,     166,      48,       2,       1,       3,       1,     10.0000,      1.3791,     42.2763,    242.9257,     61.1354,      3.4953,      0.0000,     -0.0306,      4.6818,      0.1319,      5.4558,     10.9116,      1.1654,     27.7977,     55.5954,      0.0188,      0.0038,      0.0156,      0.1962,   7470.0142,-423148.0312,  -1014.5416,    538.3565,  24900.0469,
       1,     166,      48,       3,       1,       3,       1,     10.0000,      1.3791,     42.2763,    242.9257,     61.1354,      3.4953,      0.0000,     -0.0307,      4.4815,      0.1353,      5.4558,     10.9116,      1.1953,     27.7977,     55.5954,      0.0188,      0.0036,      0.0156,      0.1962,   7470.0142,-421992.0000,  -1014.2393,    538.4343,  24900.0469,
       1,     166,      48,       4,       1,       3,       1,     10.0000,      1.3791,     42.2763,    242.9257,     61.1354,      3.4953,      0.0000,     -0.0306,      2.4618,      0.1331,      5.4558,     10.9116,      1.1760,     27.7977,     55.5954,      0.0188,      0.0020,      0.0156,      0.1962,   7470.0142,-421632.4375,  -1014.1460,    538.4586,  24900.0469,
       1,     166,      48,       5,       1,       3,       1,     10.0000,      1.3791,     42.2763,    242.9257,     61.1354,      3.4953,      0.0000,     -0.0306,      2.7882,      0.1310,      5.4558,     10.9116,      1.1571,     27.7977,     55.5954,      0.0188,      0.0022,      0.0156,      0.1962,   7470.0142,-418989.9688,  -1013.4525,    538.6364,  24900.0469,
       1,     166,      48,       6,       1,       3,       1,     10.0000,      1.3791,     42.2763,    242.9257,     61.1354,      3.4953,      0.0000,     -0.0305,      3.0307,      0.1290,      5.4558,     10.9116,      1.1396,     27.7977,     55.5954,      0.0188,      0.0024,      0.0156,      0.1962,   7470.0142,-419182.1562,  -1013.5038,    538.6235,  24900.0469,
       1,     166,      48,       7,       1,       3,       1,     10.0000,      1.3791,     42.2763,    242.9257,     61.1354,      3.4953,      0.0000,     -0.0305,      2.8706,      0.1304,      5.4558,     10.9116,      1.1524,     27.7977,     55.5954,      0.0188,      0.0023,      0.0156,      0.1962,   7470.0142,-419512.1875,  -1014.8101,    538.6013,  24900.0469,
       1,     166,      48,       8,       1,       3,       1,     10.0000,      1.3791,     42.2763,    242.9257,     61.1354,      3.4953,      0.0010,     -0.0296,      3.2320,      0.1315,      5.4558,     10.9116,      1.1618,     27.7977,     55.5954,      0.0188,      0.0026,      0.0156,      0.1962,   7470.0142,-419334.0625,  -1014.7579,    538.6132,  24900.0469,
       1,     166,      48,       9,       1,       3,       1,     10.0000,      1.3791,     42.2763,    242.9257,     61.1354,      3.4953,      0.0647,      0.0340,     13.5264,      0.1330,      5.4558,     10.9116,      1.1749,     27.7977,     55.5954,      0.0188,      0.0023,      0.0740,      0.1962,   7470.0142,-419785.7812,  -1014.8705,    538.5829,  24900.0469,
       1,     166,      48,      10,       1,       3,       1,     10.0000,      1.3791,     42.2763,    242.9257,     61.1354,      3.4953,      0.1605,      0.1293,     41.3444,      0.1504,      5.4558,     10.9116,      1.3288,     27.7977,     55.5954,      0.0188,      0.0024,      0.2123,      0.1962,   7470.0142,-433133.4062,  -1018.3823,    537.6842,  24900.0469,
       1,     166,      48,      11,       1,       3,       1,     10.0000,      1.3791,     42.2763,    242.9257,     61.1354,      3.4953,      0.1864,      0.1547,     47.9305,      0.1651,      5.4558,     10.9116,      1.4586,     27.7977,     55.5954,      0.0188,      0.0024,      0.2500,      0.1962,   7470.0142,-470266.8438,  -1028.1692,    535.1893,  24900.0469,
       1,     166,      48,      12,       1,       3,       1,     10.0000,      1.3791,     42.2763,    242.9257,     61.1354,      3.4953,      0.1869,      0.1549,     55.0684,      0.1726,      5.4558,     10.9116,      1.5255,     27.7977,     55.5954,      0.0188,      0.0028,      0.2500,      0.1961,   7470.0142,-482031.5312,  -1031.3452,    534.4080,  24900.0469,
       1,     166,      48,      13,       1,       3,       1,     10.0000,      1.3791,     42.2763,    242.9257,     61.1354,      3.4953,      0.1874,      0.1549,     62.5545,      0.1879,      5.4558,     10.9116,      1.6599,     27.7977,     55.5954,      0.0188,      0.0031,      0.2500,      0.1961,   7470.0142,-492283.1562,  -1034.1698,    533.7237,  24900.0469,
       1,     166,      48,      14,       1,       3,       1,     10.0000,      1.3791,     42.2763,    242.9257,     61.1354,      3.4953,      0.1875,      0.1551,     63.8397,      0.1856,      5.4558,     10.9116,      1.6403,     27.7977,     55.5954,      0.0188,      0.0032,      0.2500,      0.1961,   7470.0142,-502861.7500,  -1037.1176,    533.0184,  24900.0469,
       1,     166,      48,      15,       1,       3,       1,     10.0000,      1.3791,     42.2763,    242.9257,     61.1354,      3.4953,      0.1889,      0.1565,     81.0102,      0.1829,      5.4558,     10.9116,      1.6161,     27.7977,     55.5954,      0.0188,      0.0041,      0.2500,      0.1961,   7470.0142,-505443.4688,  -1038.0016,    532.8469,  24900.0449,
       1,     166,      48,      16,       1,       3,       1,     10.0000,      1.3791,     42.2763,    242.9257,     61.1354,      3.4953,      0.1906,      0.1582,    103.6830,      0.1860,      5.4558,     10.9116,      1.6436,     27.7977,     55.5954,      0.0188,      0.0052,      0.2500,      0.1961,   7470.0137,-527893.6875,  -1044.1449,    531.3516,  24900.0469,
       1,     166,      48,      17,       1,       3,       1,     10.0000,      1.3791,     42.2763,    242.9257,     61.1354,      3.4953,      0.1912,      0.1590,    110.6342,      0.1788,      5.4558,     10.9116,      1.5796,     27.7977,     55.5954,      0.0188,      0.0056,      0.2500,      0.1961,   7470.0142,-559206.0000,  -1052.7335,    529.2739,  24900.0430,
       1,     166,      48,      18,       1,       3,       1,     10.0000,      1.3791,     42.2763,    242.9257,     61.1354,      3.4953,      0.1750,      0.1430,    114.9518,      0.1713,      5.4558,     10.9116,      1.5134,     27.7977,     55.5954,      0.0188,      0.0064,      0.2252,      0.1960,   7470.0132,-570936.8125,  -1056.2964,    528.5019,  24900.0410,
       1,     166,      48,      19,       1,       3,       1,     10.0000,      1.3791,     42.2763,    242.9257,     61.1354,      3.4953,      0.1299,      0.0982,     79.3846,      0.1623,      5.4558,     10.9116,      1.4340,     27.7977,     55.5954,      0.0188,      0.0061,      0.1623,      0.1960,   7470.0127,-577545.2500,  -1058.5686,    528.0659,  24900.0430,
       1,     166,      48,      20,       1,       3,       1,     10.0000,      1.3791,     42.2763,    242.9257,     61.1354,      3.4953,      0.0161,     -0.0152,      1.3727,      0.1492,      5.4558,     10.9116,      1.3181,     27.7977,     55.5954,      0.0188,      0.0059,      0.0029,      0.1960,   7470.0132,-532021.3125,  -1047.0419,    531.0710,  24900.0410,
       1,     166,      48,      21,       1,       3,       1,     10.0000,      1.3791,     42.2763,    242.9257,     61.1354,      3.4953,      0.0000,     -0.0310,      7.4094,      0.1431,      5.4558,     10.9116,      1.2648,     27.7977,     55.5954,      0.0188,      0.0060,      0.0156,      0.1961,   7470.0127,-427080.1875,  -1019.5052,    538.0460,  24900.0410,
       1,     166,      48,      22,       1,       3,       1,     10.0000,      1.3791,     42.2763,    242.9257,     61.1354,      3.4953,      0.0000,     -0.0310,      7.2106,      0.1440,      5.4558,     10.9116,      1.2725,     27.7977,     55.5954,      0.0188,      0.0058,      0.0156,      0.1962,   7470.0127,-425920.7188,  -1019.1903,    538.1699,  24900.0410,
       1,     166,      48,      23,       1,       3,       1,     10.0000,      1.3791,     42.2763,    242.9257,     61.1354,      3.4953,      0.0000,     -0.0311,      6.8877,      0.1468,      5.4558,     10.9116,      1.2971,     27.7977,     55.5954,      0.0188,      0.0055,      0.0156,      0.1962,   7470.0127,-425503.5000,  -1019.0707,    538.1981,  24900.0410,
       1,     166,      48,      24,       1,       3,       1,     10.0000,      1.3791,     42.2763,    242.9257,     61.1354,      3.4953,      0.0000,     -0.0311,      6.0437,      0.1466,      5.4558,     10.9116,      1.2958,     27.7977,     55.5954,      0.0188,      0.0049,      0.0156,      0.1962,   7470.0127,-425049.5000,  -1018.9421,    538.2286,  24900.0410,
       1,     166,      49,       1,       1,       3,       1,     10.0000,      1.3791,     42.2766,    242.9314,     61.1369,      3.4953,      0.0000,     -0.0309,      4.3958,      0.1392,      5.4562,     10.9123,      1.2296,     27.8054,     55.6109,      0.0188,      0.0035,      0.0156,      0.1962,   7470.0127,-424074.6562,  -1019.0593,    538.3069,  24901.1641,
       1,     166,      49,       2,       1,       3,       1,     10.0000,      1.3791,     42.2766,    242.9314,     61.1369,      3.4953,      0.0000,     -0.0302,      3.4158,      0.1217,      5.4562,     10.9123,      1.0755,     27.8054,     55.6109,      0.0188,      0.0027,      0.0156,      0.1962,   7470.3496,-421706.0000,  -1019.2134,    538.4663,  24901.1641,
       1,     166,      49,       3,       1,       3,       1,     10.0000,      1.3791,     42.2766,    242.9314,     61.1369,      3.4953,      0.0000,     -0.0302,      3.5531,      0.1223,      5.4562,     10.9123,      1.0809,     27.8054,     55.6109,      0.0188,      0.0029,      0.0156,      0.1962,   7470.3496,-420233.1875,  -1027.7047,    538.5655,  24901.1641,
       1,     166,      49,       4,       1,       3,       1,     10.0000,      1.3791,     42.2766,    242.9314,     61.1369,      3.4953,      0.0000,     -0.0303,      4.2642,      0.1250,      5.4562,     10.9123,      1.1043,     27.8054,     55.6109,      0.0188,      0.0034,      0.0156,      0.1962,   7470.3496,-420282.3750,  -1027.6647,    538.5621,  24901.1621,
       1,     166,      49,       5,       1,       3,       1,     10.0000,      1.3791,     42.2766,    242.9314,     61.1369,      3.4953,      0.0000,     -0.0303,      4.6976,      0.1241,      5.4562,     10.9123,      1.0965,     27.8054,     55.6109,      0.0188,      0.0038,      0.0156,      0.1962,   7470.3491,-421206.0625,  -1027.8402,    538.5000,  24901.1641,
       1,     166,      49,       6,       1,       3,       1,     10.0000,      1.3791,     42.2766,    242.9314,     61.1369,      3.4953,      0.0000,     -0.0300,      4.0038,      0.1178,      5.4562,     10.9123,      1.0409,     27.8054,     55.6109,      0.0188,      0.0032,      0.0156,      0.1962,   7470.3496,-421846.5000,  -1027.9346,    538.4569,  24901.1621,
       1,     166,      49,       7,       1,       3,       1,     10.0000,      1.3791,     42.2766,    242.9314,     61.1369,      3.4953,      0.0000,     -0.0300,      1.7790,      0.1161,      5.4562,     10.9123,      1.0261,     27.8054,     55.6109,      0.0188,      0.0014,      0.0156,      0.1962,   7470.3491,-421005.6250,  -1027.6534,    538.5135,  24901.1641,
       1,     166,      49,       8,       1,       3,       1,     10.0000,      1.3791,     42.2766,    242.9314,     61.1369,      3.4953,      0.0012,     -0.0289,      1.1999,      0.1204,      5.4562,     10.9123,      1.0635,     27.8054,     55.6109,      0.0188,      0.0010,      0.0156,      0.1962,   7470.3496,-418056.2812,  -1026.8566,    538.7120,  24901.1621,
       1,     166,      49,       9,       1,       3,       1,     10.0000,      1.3791,     42.2766,    242.9314,     61.1369,      3.4953,      0.0800,      0.0496,     16.1342,      0.1265,      5.4562,     10.9123,      1.1179,     27.8054,     55.6109,      0.0188,      0.0021,      0.0965,      0.1962,   7470.3491,-417051.3125,  -1026.5784,    538.7797,  24901.1641,
       1,     166,      49,      10,       1,       3,       1,     10.0000,      1.3791,     42.2766,    242.9314,     61.1369,      3.4953,      0.1630,      0.1317,     45.6992,      0.1502,      5.4562,     10.9123,      1.3275,     27.8054,     55.6109,      0.0188,      0.0027,      0.2153,      0.1962,   7470.3496,-436267.4688,  -1031.5815,    537.4855,  24901.1660,
       1,     166,      49,      11,       1,       3,       1,     10.0000,      1.3791,     42.2766,    242.9314,     61.1369,      3.4953,      0.1861,      0.1543,     55.3583,      0.1647,      5.4562,     10.9123,      1.4557,     27.8054,     55.6109,      0.0188,      0.0028,      0.2486,      0.1962,   7470.3501,-476169.5625,  -1042.0161,    534.8063,  24901.1621,
       1,     166,      49,      12,       1,       3,       1,     10.0000,      1.3791,     42.2766,    242.9314,     61.1369,      3.4953,      0.1868,      0.1545,     54.1641,      0.1822,      5.4562,     10.9123,      1.6097,     27.8054,     55.6109,      0.0188,      0.0027,      0.2500,      0.1961,   7470.3491,-492151.3438,  -1046.2532,    533.7445,  24901.1641,
       1,     166,      49,      13,       1,       3,       1,     10.0000,      1.3791,     42.2766,    242.9314,     61.1369,      3.4953,      0.1874,      0.1550,     62.1377,      0.1840,      5.4562,     10.9123,      1.6258,     27.8054,     55.6109,      0.0188,      0.0031,      0.2500,      0.1961,   7470.3496,-491987.0312,  -1046.2578,    533.7565,  24901.1660,
       1,     166,      49,      14,       1,       3,       1,     10.0000,      1.3791,     42.2766,    242.9314,     61.1369,      3.4953,      0.1880,      0.1554,     70.4483,      0.1912,      5.4562,     10.9123,      1.6898,     27.8054,     55.6109,      0.0188,      0.0035,      0.2500,      0.1961,   7470.3501,-502289.0625,  -1049.0198,    533.0692,  24901.1621,
       1,     166,      49,      15,       1,       3,       1,     10.0000,      1.3791,     42.2766,    242.9314,     61.1369,      3.4953,      0.1901,      0.1571,     98.3887,      0.2033,      5.4562,     10.9123,      1.7964,     27.8054,     55.6109,      0.0188,      0.0049,      0.2500,      0.1961,   7470.3491,-513940.2812,  -1052.1531,    532.2933,  24901.1641,
       1,     166,      49,      16,       1,       3,       1,     10.0000,      1.3791,     42.2766,    242.9314,     61.1369,      3.4953,      0.1917,      0.1589,    118.5059,      0.1980,      5.4562,     10.9123,      1.7492,     27.8054,     55.6109,      0.0188,      0.0059,      0.2500,      0.1961,   7470.3496,-551119.6875,  -1062.0825,    529.8200,  24901.1621,
       1,     166,      49,      17,       1,       3,       1,     10.0000,      1.3791,     42.2766,    242.9314,     61.1369,      3.4953,      0.1817,      0.1492,    147.4195,      0.1899,      5.4562,     10.9123,      1.6781,     27.8054,     55.6109,      0.0188,      0.0080,      0.2317,      0.1961,   7470.3491,-580417.6875,  -1070.0845,    527.8854,  24901.1582,
       1,     166,      49,      18,       1,       3,       1,     10.0000,      1.3791,     42.2766,    242.9314,     61.1369,      3.4953,      0.1365,      0.1044,     96.3028,      0.1758,      5.4562,     10.9123,      1.5532,     27.8054,     55.6109,      0.0188,      0.0071,      0.1701,      0.1960,   7470.3477,-620431.6875,  -1081.0834,    525.2487,  24901.1582,
       1,     166,      49,      19,       1,       3,       1,     10.0000,      1.3791,     42.2766,    242.9314,     61.1369,      3.4953,      0.0948,      0.0631,     59.7994,      0.1629,      5.4562,     10.9123,      1.4398,     27.8054,     55.6109,      0.0188,      0.0067,      0.1125,      0.1960,   7470.3477,-557628.1250,  -1064.9932,    529.3786,  24901.1582,
       1,     166,      49,      20,       1,       3,       1,     10.0000,      1.3791,     42.2766,    242.9314,     61.1369,      3.4953,      0.0192,     -0.0121,      4.5619,      0.1499,      5.4562,     10.9123,      1.3248,     27.8054,     55.6109,      0.0188,      0.0080,      0.0071,      0.1960,   7470.3477,-504948.6250,  -1051.3093,    532.8809,  24901.1582,
       1,     166,      49,      21,       1,       3,       1,     10.0000,      1.3791,     42.2766,    242.9314,     61.1369,      3.4953,      0.0000,     -0.0310,      8.7326,      0.1434,      5.4562,     10.9123,      1.2674,     27.8054,     55.6109,      0.0188,      0.0070,      0.0156,      0.1961,   7470.3477,-428909.4062,  -1031.0967,    537.9574,  24901.1582,
       1,     166,      49,      22,       1,       3,       1,     10.0000,      1.3791,     42.2766,    242.9314,     61.1369,      3.4953,      0.0000,     -0.0310,      8.1462,      0.1413,      5.4562,     10.9123,      1.2484,     27.8054,     55.6109,      0.0188,      0.0066,      0.0156,      0.1962,   7470.3477,-427765.0625,  -1030.6548,    538.0587,  24901.1562,
       1,     166,      49,      23,       1,       3,       1,     10.0000,      1.3791,     42.2766,    242.9314,     61.1369,      3.4953,      0.0000,     -0.0308,      7.1485,      0.1373,      5.4562,     10.9123,      1.2136,     27.8054,     55.6109,      0.0188,      0.0058,      0.0156,      0.1962,   7470.3472,-426876.1875,  -1030.2913,    538.1184,  24901.1582,
       1,     166,      49,      24,       1,       3,       1,     10.0000,      1.3791,     42.2766,    242.9314,     61.1369,      3.4953,      0.0000,     -0.0307,      6.4491,      0.1354,      5.4562,     10.9123,      1.1965,     27.8054,     55.6109,      0.0188,      0.0052,      0.0156,      0.1962,   7470.3477,-425508.9688,  -1029.8165,    538.2104,  24901.1562,
       1,     166,      50,       1,       1,       3,       1,     10.0000,      1.3791,     42.2769,    242.9372,     61.1383,      3.4953,      0.0000,     -0.0307,      5.6808,      0.1349,      5.4561,     10.9121,      1.1917,     27.8117,     55.6234,      0.0188,      0.0046,      0.0156,      0.1962,   7470.3472,-424641.5938,  -1029.8737,    538.2815,  24902.2812,
       1,     166,      50,       2,       1,       3,       1,     10.0000,      1.3791,     42.2769,    242.9372,     61.1383,      3.4953,      0.0000,     -0.0307,      5.0738,      0.1347,      5.4561,     10.9121,      1.1905,     27.8117,     55.6234,      0.0188,      0.0041,      0.0156,      0.1962,   7470.6846,-423419.1562,  -1029.0781,    538.3638,  24902.2812,
       1,     166,      50,       3,       1,       3,       1,     10.0000,      1.3791,     42.2769,    242.9372,     61.1383,      3.4953,      0.0000,     -0.0306,      4.9216,      0.1324,      5.4561,     10.9121,      1.1702,     27.8117,     55.6234,      0.0188,      0.0040,      0.0156,      0.1962,   7470.6846,-422528.0938,  -1028.7651,    538.4237,  24902.2832,
       1,     166,      50,       4,       1,       3,       1,     10.0000,      1.3791,     42.2769,    242.9372,     61.1383,      3.4953,      0.0000,     -0.0305,      4.7738,      0.1300,      5.4561,     10.9121,      1.1490,     27.8117,     55.6234,      0.0188,      0.0038,      0.0156,      0.1962,   7470.6851,-422253.7188,  -1028.6188,    538.4422,  24902.2812,
       1,     166,      50,       5,       1,       3,       1,     10.0000,      1.3791,     42.2769,    242.9372,     61.1383,      3.4953,      0.0000,     -0.0305,      4.5587,      0.1282,      5.4561,     10.9121,      1.1328,     27.8117,     55.6234,      0.0188,      0.0037,      0.0156,      0.1962,   7470.6846,-422038.9375,  -1028.4938,    538.4567,  24902.2812,
       1,     166,      50,       6,       1,       3,       1,     10.0000,      1.3791,     42.2769,    242.9372,     61.1383,      3.4953,      0.0000,     -0.0303,      4.6235,      0.1228,      5.4561,     10.9121,      1.0854,     27.8117,     55.6234,      0.0188,      0.0037,      0.0156,      0.1962,   7470.6846,-421742.1562,  -1028.3484,    538.4766,  24902.2793,
       1,     166,      50,       7,       1,       3,       1,     10.0000,      1.3791,     42.2769,    242.9372,     61.1383,      3.4953,      0.0000,     -0.0304,      4.9606,      0.1259,      5.4561,     10.9121,      1.1122,     27.8117,     55.6234,      0.0188,      0.0040,      0.0156,      0.1962,   7470.6841,-421800.5000,  -1028.2990,    538.4727,  24902.2812,
       1,     166,      50,       8,       1,       3,       1,     10.0000,      1.3791,     42.2769,    242.9372,     61.1383,      3.4953,      0.0010,     -0.0293,      4.5131,      0.1245,      5.4561,     10.9121,      1.0999,     27.8117,     55.6234,      0.0188,      0.0036,      0.0156,      0.1962,   7470.6846,-422240.9688,  -1028.3438,    538.4431,  24902.2812,
       1,     166,      50,       9,       1,       3,       1,     10.0000,      1.3791,     42.2769,    242.9372,     61.1383,      3.4953,      0.0735,      0.0432,     23.6729,      0.1256,      5.4561,     10.9121,      1.1100,     27.8117,     55.6234,      0.0188,      0.0035,      0.0861,      0.1962,   7470.6846,-421700.9062,  -1028.1350,    538.4794,  24902.2793,
       1,     166,      50,      10,       1,       3,       1,     10.0000,      1.3791,     42.2769,    242.9372,     61.1383,      3.4953,      0.0806,      0.0496,     27.7028,      0.1430,      5.4561,     10.9121,      1.2636,     27.8117,     55.6234,      0.0188,      0.0036,      0.0956,      0.1962,   7470.6841,-446418.2812,  -1034.6841,    536.8157,  24902.2773,
       1,     166,      50,      11,       1,       3,       1,     10.0000,      1.3791,     42.2769,    242.9372,     61.1383,      3.4953,      0.0994,      0.0676,     33.8955,      0.1646,      5.4561,     10.9121,      1.4543,     27.8117,     55.6234,      0.0188,      0.0035,      0.1223,      0.1962,   7470.6836,-453786.6250,  -1036.6237,    536.3238,  24902.2793,
       1,     166,      50,      12,       1,       3,       1,     10.0000,      1.3791,     42.2769,    242.9372,     61.1383,      3.4953,      0.1524,      0.1201,     61.7709,      0.1795,      5.4561,     10.9121,      1.5860,     27.8117,     55.6234,      0.0188,      0.0039,      0.1978,      0.1962,   7470.6841,-462431.7812,  -1038.9258,    535.7444,  24902.2793,
       1,     166,      50,      13,       1,       3,       1,     10.0000,      1.3791,     42.2769,    242.9372,     61.1383,      3.4953,      0.1684,      0.1361,     73.0246,      0.1834,      5.4561,     10.9121,      1.6210,     27.8117,     55.6234,      0.0188,      0.0042,      0.2204,      0.1962,   7470.6841,-499234.1250,  -1048.7734,    533.2802,  24902.2773,
       1,     166,      50,      14,       1,       3,       1,     10.0000,      1.3791,     42.2769,    242.9372,     61.1383,      3.4953,      0.1890,      0.1565,     83.5058,      0.1894,      5.4561,     10.9121,      1.6732,     27.8117,     55.6234,      0.0188,      0.0042,      0.2500,      0.1961,   7470.6836,-517007.7188,  -1053.6483,    532.1011,  24902.2773,
       1,     166,      50,      15,       1,       3,       1,     10.0000,      1.3791,     42.2769,    242.9372,     61.1383,      3.4953,      0.1906,      0.1580,    103.8843,      0.1916,      5.4561,     10.9121,      1.6932,     27.8117,     55.6234,      0.0188,      0.0052,      0.2500,      0.1961,   7470.6836,-532111.7500,  -1057.8385,    531.0978,  24902.2773,
       1,     166,      50,      16,       1,       3,       1,     10.0000,      1.3791,     42.2769,    242.9372,     61.1383,      3.4953,      0.1929,      0.1605,    133.3136,      0.1864,      5.4561,     10.9121,      1.6469,     27.8117,     55.6234,      0.0188,      0.0067,      0.2500,      0.1961,   7470.6836,-559806.3125,  -1065.4666,    529.2601,  24902.2754,
       1,     166,      50,      17,       1,       3,       1,     10.0000,      1.3791,     42.2769,    242.9372,     61.1383,      3.4953,      0.1886,      0.1563,    151.0776,      0.1824,      5.4561,     10.9121,      1.6114,     27.8117,     55.6234,      0.0188,      0.0079,      0.2414,      0.1961,   7470.6831,-600335.5625,  -1076.6522,    526.5820,  24902.2754,
       1,     166,      50,      18,       1,       3,       1,     10.0000,      1.3791,     42.2769,    242.9372,     61.1383,      3.4953,      0.1720,      0.1400,    130.9455,      0.1703,      5.4561,     10.9121,      1.5045,     27.8117,     55.6234,      0.0188,      0.0075,      0.2189,      0.1960,   7470.6831,-626893.6250,  -1084.2986,    524.8406,  24902.2734,
       1,     166,      50,      19,       1,       3,       1,     10.0000,      1.3791,     42.2769,    242.9372,     61.1383,      3.4953,      0.1089,      0.0773,     79.2078,      0.1597,      5.4561,     10.9121,      1.4113,     27.8117,     55.6234,      0.0188,      0.0076,      0.1312,      0.1960,   7470.6821,-603090.3750,  -1078.5350,    526.4051,  24902.2734,
       1,     166,      50,      20,       1,       3,       1,     10.0000,      1.3791,     42.2769,    242.9372,     61.1383,      3.4953,      0.0171,     -0.0141,      2.7069,      0.1468,      5.4561,     10.9121,      1.2972,     27.8117,     55.6234,      0.0188,      0.0077,      0.0044,      0.1960,   7470.6821,-533963.3125,  -1060.4171,    530.9561,  24902.2734,
       1,     166,      50,      21,       1,       3,       1,     10.0000,      1.3791,     42.2769,    242.9372,     61.1383,      3.4953,      0.0000,     -0.0309,      9.1326,      0.1392,      5.4561,     10.9121,      1.2296,     27.8117,     55.6234,      0.0188,      0.0073,      0.0156,      0.1961,   7470.6821,-428992.1250,  -1032.2344,    537.9426,  24902.2715,
       1,     166,      50,      22,       1,       3,       1,     10.0000,      1.3791,     42.2769,    242.9372,     61.1383,      3.4953,      0.0000,     -0.0308,      9.6904,      0.1366,      5.4561,     10.9121,      1.2075,     27.8117,     55.6234,      0.0188,      0.0078,      0.0156,      0.1962,   7470.6816,-428320.2812,  -1031.9556,    538.0341,  24902.2734,
       1,     166,      50,      23,       1,       3,       1,     10.0000,      1.3791,     42.2769,    242.9372,     61.1383,      3.4953,      0.0000,     -0.0309,      8.7789,      0.1389,      5.4561,     10.9121,      1.2272,     27.8117,     55.6234,      0.0188,      0.0071,      0.0156,      0.1962,   7470.6821,-428922.9062,  -1032.0140,    537.9935,  24902.2734,
       1,     166,      50,      24,       1,       3,       1,     10.0000,      1.3791,     42.2769,    242.9372,     61.1383,      3.4953,      0.0000,     -0.0309,      7.5958,      0.1387,      5.4561,     10.9121,      1.2259,     27.8117,     55.6234,      0.0188,      0.0061,      0.0156,      0.1962,   7470.6821,-427797.0938,  -1031.6180,    538.0692,  24902.2695,
       1,     166,      51,       1,       1,       3,       1,     10.0000,      1.3791,     42.2773,    242.9430,     61.1398,      3.4953,      0.0000,     -0.0308,      6.5522,      0.1368,      5.4567,     10.9134,      1.2087,     27.8137,     55.6273,      0.0188,      0.0053,      0.0156,      0.1962,   7470.6812,-426325.5312,  -1031.5336,    538.1808,  24903.3945,
       1,     166,      51,       2,       1,       3,       1,     10.0000,      1.3791,     42.2773,    242.9430,     61.1398,      3.4953,      0.0000,     -0.0308,      5.8639,      0.1357,      5.4567,     10.9134,      1.1990,     27.8137,     55.6273,      0.0188,      0.0047,      0.0156,      0.1962,   7471.0186,-424695.0000,  -1030.6379,    538.2906,  24903.3945,
       1,     166,      51,       3,       1,       3,       1,     10.0000,      1.3791,     42.2773,    242.9430,     61.1398,      3.4953,      0.0000,     -0.0308,      5.6701,      0.1357,      5.4567,     10.9134,      1.1990,     27.8137,     55.6273,      0.0188,      0.0046,      0.0156,      0.1962,   7471.0186,-423663.5625,  -1030.3011,    538.3600,  24903.3945,
       1,     166,      51,       4,       1,       3,       1,     10.0000,      1.3791,     42.2773,    242.9430,     61.1398,      3.4953,      0.0000,     -0.0307,      5.4470,      0.1343,      5.4567,     10.9134,      1.1869,     27.8137,     55.6273,      0.0188,      0.0044,      0.0156,      0.1962,   7471.0186,-423323.5000,  -1030.1537,    538.3829,  24903.3945,
       1,     166,      51,       5,       1,       3,       1,     10.0000,      1.3791,     42.2773,    242.9430,     61.1398,      3.4953,      0.0000,     -0.0306,      5.1544,      0.1324,      5.4567,     10.9134,      1.1702,     27.8137,     55.6273,      0.0188,      0.0041,      0.0156,      0.1962,   7471.0186,-423005.4062,  -1030.0150,    538.4042,  24903.3945,
       1,     166,      51,       6,       1,       3,       1,     10.0000,      1.3791,     42.2773,    242.9430,     61.1398,      3.4953,      0.0000,     -0.0306,      4.7897,      0.1308,      5.4567,     10.9134,      1.1560,     27.8137,     55.6273,      0.0188,      0.0039,      0.0156,      0.1962,   7471.0186,-422599.6875,  -1029.8563,    538.4316,  24903.3945,
       1,     166,      51,       7,       1,       3,       1,     10.0000,      1.3791,     42.2773,    242.9430,     61.1398,      3.4953,      0.0000,     -0.0305,      4.1867,      0.1295,      5.4567,     10.9134,      1.1444,     27.8137,     55.6273,      0.0188,      0.0034,      0.0156,      0.1962,   7471.0186,-422093.0625,  -1029.6750,    538.4657,  24903.3945,
       1,     166,      51,       8,       1,       3,       1,     10.0000,      1.3791,     42.2773,    242.9430,     61.1398,      3.4953,      0.0012,     -0.0293,      4.2668,      0.1296,      5.4567,     10.9134,      1.1455,     27.8137,     55.6273,      0.0188,      0.0034,      0.0156,      0.1962,   7471.0186,-421269.6562,  -1029.4144,    538.5211,  24903.3945,
       1,     166,      51,       9,       1,       3,       1,     10.0000,      1.3791,     42.2773,    242.9430,     61.1398,      3.4953,      0.0756,      0.0448,     25.5713,      0.1364,      5.4567,     10.9134,      1.2051,     27.8137,     55.6273,      0.0188,      0.0036,      0.0886,      0.1962,   7471.0186,-421301.4688,  -1029.3849,    538.5189,  24903.3945,
       1,     166,      51,      10,       1,       3,       1,     10.0000,      1.3791,     42.2773,    242.9430,     61.1398,      3.4953,      0.1605,      0.1294,     61.9547,      0.1459,      5.4567,     10.9134,      1.2894,     27.8137,     55.6273,      0.0188,      0.0037,      0.2098,      0.1962,   7471.0186,-448837.1562,  -1036.8115,    536.6654,  24903.3965,
       1,     166,      51,      11,       1,       3,       1,     10.0000,      1.3791,     42.2773,    242.9430,     61.1398,      3.4953,      0.1815,      0.1501,     74.8147,      0.1527,      5.4567,     10.9134,      1.3491,     27.8137,     55.6273,      0.0188,      0.0039,      0.2393,      0.1962,   7471.0190,-498279.6250,  -1050.2042,    533.3518,  24903.3926,
       1,     166,      51,      12,       1,       3,       1,     10.0000,      1.3791,     42.2773,    242.9430,     61.1398,      3.4953,      0.1883,      0.1565,     72.0603,      0.1661,      5.4567,     10.9134,      1.4675,     27.8137,     55.6273,      0.0188,      0.0036,      0.2500,      0.1962,   7471.0181,-519238.5312,  -1056.0134,    531.9648,  24903.3926,
       1,     166,      51,      13,       1,       3,       1,     10.0000,      1.3791,     42.2773,    242.9430,     61.1398,      3.4953,      0.1881,      0.1560,     70.2406,      0.1744,      5.4567,     10.9134,      1.5409,     27.8137,     55.6273,      0.0188,      0.0035,      0.2500,      0.1961,   7471.0181,-517482.4688,  -1055.7369,    532.0833,  24903.3926,
       1,     166,      51,      14,       1,       3,       1,     10.0000,      1.3791,     42.2773,    242.9430,     61.1398,      3.4953,      0.1886,      0.1562,     77.5255,      0.1851,      5.4567,     10.9134,      1.6355,     27.8137,     55.6273,      0.0188,      0.0039,      0.2500,      0.1961,   7471.0181,-514973.0000,  -1055.2528,    532.2502,  24903.3906,
       1,     166,      51,      15,       1,       3,       1,     10.0000,      1.3791,     42.2773,    242.9430,     61.1398,      3.4953,      0.1891,      0.1566,     83.9725,      0.1868,      5.4567,     10.9134,      1.6502,     27.8137,     55.6273,      0.0188,      0.0042,      0.2500,      0.1962,   7471.0176,-524183.8750,  -1057.9315,    531.6375,  24903.3906,
       1,     166,      51,      16,       1,       3,       1,     10.0000,      1.3791,     42.2773,    242.9430,     61.1398,      3.4953,      0.1891,      0.1568,     82.9151,      0.1813,      5.4567,     10.9134,      1.6018,     27.8137,     55.6273,      0.0188,      0.0042,      0.2500,      0.1961,   7471.0176,-533327.9375,  -1060.6162,    531.0302,  24903.3887,
       1,     166,      51,      17,       1,       3,       1,     10.0000,      1.3791,     42.2773,    242.9430,     61.1398,      3.4953,      0.1858,      0.1537,     85.6941,      0.1742,      5.4567,     10.9134,      1.5394,     27.8137,     55.6273,      0.0188,      0.0044,      0.2448,      0.1961,   7471.0171,-532752.1875,  -1060.7126,    531.0686,  24903.3906,
       1,     166,      51,      18,       1,       3,       1,     10.0000,      1.3791,     42.2773,    242.9430,     61.1398,      3.4953,      0.1351,      0.1033,     65.6651,      0.1641,      5.4567,     10.9134,      1.4500,     27.8137,     55.6273,      0.0188,      0.0048,      0.1716,      0.1961,   7471.0176,-536299.2500,  -1061.9500,    530.8332,  24903.3887,
       1,     166,      51,      19,       1,       3,       1,     10.0000,      1.3791,     42.2773,    242.9430,     61.1398,      3.4953,      0.0916,      0.0599,     46.9618,      0.1604,      5.4567,     10.9134,      1.4170,     27.8137,     55.6273,      0.0188,      0.0054,      0.1092,      0.1961,   7471.0171,-510676.5625,  -1055.2576,    532.5334,  24903.3887,
       1,     166,      51,      20,       1,       3,       1,     10.0000,      1.3791,     42.2773,    242.9430,     61.1398,      3.4953,      0.0104,     -0.0208,      6.4604,      0.1489,      5.4567,     10.9134,      1.3156,     27.8137,     55.6273,      0.0188,      0.0052,      0.0156,      0.1962,   7471.0171,-484262.0938,  -1048.2316,    534.2945,  24903.3867,
       1,     166,      51,      21,       1,       3,       1,     10.0000,      1.3791,     42.2773,    242.9430,     61.1398,      3.4953,      0.0000,     -0.0310,      6.6210,      0.1434,      5.4567,     10.9134,      1.2675,     27.8137,     55.6273,      0.0188,      0.0053,      0.0156,      0.1962,   7471.0161,-429587.5000,  -1033.3615,    537.9490,  24903.3867,
       1,     166,      51,      22,       1,       3,       1,     10.0000,      1.3791,     42.2773,    242.9430,     61.1398,      3.4953,      0.0000,     -0.0309,      6.0623,      0.1400,      5.4567,     10.9134,      1.2372,     27.8137,     55.6273,      0.0188,      0.0049,      0.0156,      0.1962,   7471.0161,-425084.5625,  -1032.0885,    538.2643,  24903.3867,
       1,     166,      51,      23,       1,       3,       1,     10.0000,      1.3791,     42.2773,    242.9430,     61.1398,      3.4953,      0.0000,     -0.0308,      5.3362,      0.1379,      5.4567,     10.9134,      1.2185,     27.8137,     55.6273,      0.0188,      0.0043,      0.0156,      0.1962,   7471.0161,-423954.9688,  -1031.7395,    538.3404,  24903.3867,
       1,     166,      51,      24,       1,       3,       1,     10.0000,      1.3791,     42.2773,    242.9430,     61.1398,      3.4953,      0.0000,     -0.0307,      5.4485,      0.1342,      5.4567,     10.9134,      1.1857,     27.8137,     55.6273,      0.0188,      0.0044,      0.0156,      0.1962,   7471.0161,-422918.1250,  -1031.4216,    538.4102,  24903.3867,
       1,     166,      52,       1,       1,       3,       1,     10.0000,      1.3792,     42.2776,    242.9487,     61.1412,      3.4953,      0.0000,     -0.0306,      4.3556,      0.1322,      5.4567,     10.9135,      1.1678,     27.8194,     55.6388,      0.0188,      0.0035,      0.0156,      0.1963,   7471.0161,-423128.6562,  -1031.8372,    538.4088,  24904.5078,
       1,     166,      52,       2,       1,       3,       1,     10.0000,      1.3792,     42.2776,    242.9487,     61.1412,      3.4953,      0.0000,     -0.0305,      3.6747,      0.1290,      5.4567,     10.9135,      1.1397,     27.8194,     55.6388,      0.0188,      0.0030,      0.0156,      0.1963,   7471.3525,-421581.1250,  -1030.9958,    538.5129,  24904.5078,
       1,     166,      52,       3,       1,       3,       1,     10.0000,      1.3792,     42.2776,    242.9487,     61.1412,      3.4953,      0.0000,     -0.0304,      3.2988,      0.1277,      5.4567,     10.9135,      1.1282,     27.8194,     55.6388,      0.0188,      0.0027,      0.0156,      0.1963,   7471.3525,-420566.6562,  -1030.6978,    538.5812,  24904.5059,
       1,     166,      52,       4,       1,       3,       1,     10.0000,      1.3792,     42.2776,    242.9487,     61.1412,      3.4953,      0.0000,     -0.0305,      3.2083,      0.1285,      5.4567,     10.9135,      1.1351,     27.8194,     55.6388,      0.0188,      0.0026,      0.0156,      0.1963,   7471.3521,-419992.9062,  -1030.5229,    538.6198,  24904.5059,
       1,     166,      52,       5,       1,       3,       1,     10.0000,      1.3792,     42.2776,    242.9487,     61.1412,      3.4953,      0.0000,     -0.0306,      2.8945,      0.1312,      5.4567,     10.9135,      1.1596,     27.8194,     55.6388,      0.0188,      0.0023,      0.0156,      0.1963,   7471.3521,-419826.0625,  -1030.4589,    538.6311,  24904.5059,
       1,     166,      52,       6,       1,       3,       1,     10.0000,      1.3792,     42.2776,    242.9487,     61.1412,      3.4953,      0.0000,     -0.0306,      2.6283,      0.1323,      5.4567,     10.9135,      1.1690,     27.8194,     55.6388,      0.0188,      0.0021,      0.0156,      0.1963,   7471.3521,-419405.9688,  -1030.3281,    538.6594,  24904.5059,
       1,     166,      52,       7,       1,       3,       1,     10.0000,      1.3792,     42.2776,    242.9487,     61.1412,      3.4953,      0.0000,     -0.0305,      2.2751,      0.1299,      5.4567,     10.9135,      1.1479,     27.8194,     55.6388,      0.0188,      0.0018,      0.0156,      0.1963,   7471.3521,-419025.5625,  -1030.2102,    538.6849,  24904.5059,
       1,     166,      52,       8,       1,       3,       1,     10.0000,      1.3792,     42.2776,    242.9487,     61.1412,      3.4953,      0.0012,     -0.0293,      2.1526,      0.1298,      5.4567,     10.9135,      1.1467,     27.8194,     55.6388,      0.0188,      0.0017,      0.0156,      0.1963,   7471.3521,-418536.0938,  -1030.0643,    538.7180,  24904.5059,
       1,     166,      52,       9,       1,       3,       1,     10.0000,      1.3792,     42.2776,    242.9487,     61.1412,      3.4953,      0.0797,      0.0489,     14.6990,      0.1365,      5.4567,     10.9135,      1.2063,     27.8194,     55.6388,      0.0188,      0.0019,      0.0960,      0.1963,   7471.3521,-418335.1250,  -1029.9980,    538.7315,  24904.5059,
       1,     166,      52,      10,       1,       3,       1,     10.0000,      1.3792,     42.2776,    242.9487,     61.1412,      3.4953,      0.1590,      0.1276,     37.6144,      0.1555,      5.4567,     10.9135,      1.3737,     27.8194,     55.6388,      0.0188,      0.0022,      0.2104,      0.1963,   7471.3521,-434529.2812,  -1034.4142,    537.6409,  24904.5059,
       1,     166,      52,      11,       1,       3,       1,     10.0000,      1.3792,     42.2776,    242.9487,     61.1412,      3.4953,      0.1862,      0.1549,     43.2313,      0.1501,      5.4567,     10.9135,      1.3263,     27.8194,     55.6388,      0.0188,      0.0022,      0.2500,      0.1963,   7471.3521,-465558.0312,  -1042.8911,    535.5568,  24904.5059,
       1,     166,      52,      12,       1,       3,       1,     10.0000,      1.3792,     42.2776,    242.9487,     61.1412,      3.4953,      0.1796,      0.1476,     39.5163,      0.1703,      5.4567,     10.9135,      1.5046,     27.8194,     55.6388,      0.0188,      0.0021,      0.2409,      0.1962,   7471.3521,-475527.5938,  -1046.0950,    534.8934,  24904.5039,
       1,     166,      52,      13,       1,       3,       1,     10.0000,      1.3792,     42.2776,    242.9487,     61.1412,      3.4953,      0.1861,      0.1536,     45.2092,      0.1864,      5.4567,     10.9135,      1.6470,     27.8194,     55.6388,      0.0188,      0.0023,      0.2500,      0.1962,   7471.3516,-471584.3125,  -1045.0725,    535.1574,  24904.5039,
       1,     166,      52,      14,       1,       3,       1,     10.0000,      1.3792,     42.2776,    242.9487,     61.1412,      3.4953,      0.1864,      0.1538,     50.1478,      0.1912,      5.4567,     10.9135,      1.6899,     27.8194,     55.6388,      0.0188,      0.0025,      0.2500,      0.1962,   7471.3516,-478603.8125,  -1047.0165,    534.6879,  24904.5059,
       1,     166,      52,      15,       1,       3,       1,     10.0000,      1.3792,     42.2776,    242.9487,     61.1412,      3.4953,      0.1876,      0.1552,     65.2829,      0.1871,      5.4567,     10.9135,      1.6535,     27.8194,     55.6388,      0.0188,      0.0033,      0.2500,      0.1962,   7471.3521,-485600.2812,  -1048.9696,    534.2205,  24904.5059,
       1,     166,      52,      16,       1,       3,       1,     10.0000,      1.3792,     42.2776,    242.9487,     61.1412,      3.4953,      0.1869,      0.1545,     56.2668,      0.1868,      5.4567,     10.9135,      1.6502,     27.8194,     55.6388,      0.0188,      0.0028,      0.2500,      0.1962,   7471.3521,-505783.6250,  -1054.5782,    532.8729,  24904.5020,
       1,     166,      52,      17,       1,       3,       1,     10.0000,      1.3792,     42.2776,    242.9487,     61.1412,      3.4953,      0.1817,      0.1495,     77.6181,      0.1772,      5.4567,     10.9135,      1.5657,     27.8194,     55.6388,      0.0188,      0.0041,      0.2396,      0.1962,   7471.3511,-495873.6250,  -1052.0159,    533.5347,  24904.5039,
       1,     166,      52,      18,       1,       3,       1,     10.0000,      1.3792,     42.2776,    242.9487,     61.1412,      3.4953,      0.1720,      0.1402,    103.4637,      0.1671,      5.4567,     10.9135,      1.4763,     27.8194,     55.6388,      0.0188,      0.0058,      0.2221,      0.1962,   7471.3516,-522634.6875,  -1059.4956,    531.7504,  24904.5020,
       1,     166,      52,      19,       1,       3,       1,     10.0000,      1.3792,     42.2776,    242.9487,     61.1412,      3.4953,      0.1245,      0.0929,     70.7893,      0.1584,      5.4567,     10.9135,      1.4001,     27.8194,     55.6388,      0.0188,      0.0057,      0.1553,      0.1962,   7471.3511,-558412.8125,  -1069.5645,    529.3753,  24904.5020,
       1,     166,      52,      20,       1,       3,       1,     10.0000,      1.3792,     42.2776,    242.9487,     61.1412,      3.4953,      0.0174,     -0.0138,      2.1031,      0.1464,      5.4567,     10.9135,      1.2933,     27.8194,     55.6388,      0.0188,      0.0054,      0.0049,      0.1961,   7471.3511,-519213.3125,  -1059.1915,    531.9745,  24904.5000,
       1,     166,      52,      21,       1,       3,       1,     10.0000,      1.3792,     42.2776,    242.9487,     61.1412,      3.4953,      0.0000,     -0.0309,      6.7783,      0.1387,      5.4567,     10.9135,      1.2260,     27.8194,     55.6388,      0.0188,      0.0055,      0.0156,      0.1962,   7471.3501,-426945.0938,  -1034.0361,    538.1164,  24904.5000,
       1,     166,      52,      22,       1,       3,       1,     10.0000,      1.3792,     42.2776,    242.9487,     61.1412,      3.4953,      0.0000,     -0.0307,      6.1500,      0.1347,      5.4567,     10.9135,      1.1905,     27.8194,     55.6388,      0.0188,      0.0049,      0.0156,      0.1963,   7471.3501,-425090.7500,  -1033.4932,    538.2767,  24904.5000,
       1,     166,      52,      23,       1,       3,       1,     10.0000,      1.3792,     42.2776,    242.9487,     61.1412,      3.4953,      0.0000,     -0.0306,      5.5027,      0.1312,      5.4567,     10.9135,      1.1596,     27.8194,     55.6388,      0.0188,      0.0044,      0.0156,      0.1963,   7471.3501,-424071.4688,  -1033.1824,    538.3453,  24904.5000,
       1,     166,      52,      24,       1,       3,       1,     10.0000,      1.3792,     42.2776,    242.9487,     61.1412,      3.4953,      0.0000,     -0.0306,      4.9093,      0.1304,      5.4567,     10.9135,      1.1525,     27.8194,     55.6388,      0.0188,      0.0039,      0.0156,      0.1963,   7471.3501,-423146.4375,  -1032.9010,    538.4076,  24904.5000,
       1,     166,      53,       1,       1,       3,       1,     10.0000,      1.3792,     42.2779,    242.9545,     61.1427,      3.4953,      0.0000,     -0.0305,      3.9931,      0.1291,      5.4563,     10.9126,      1.1409,     27.8266,     55.6533,      0.0188,      0.0032,      0.0156,      0.1963,   7471.3501,-422454.8438,  -1033.0835,    538.4668,  24905.6211,
       1,     166,      53,       2,       1,       3,       1,     10.0000,      1.3792,     42.2779,    242.9545,     61.1427,      3.4953,      0.0000,     -0.0304,      3.2338,      0.1256,      5.4563,     10.9126,      1.1101,     27.8266,     55.6533,      0.0188,      0.0026,      0.0156,      0.1963,   7471.6865,-421057.5312,  -1032.2861,    538.5608,  24905.6211,
       1,     166,      53,       3,       1,       3,       1,     10.0000,      1.3792,     42.2779,    242.9545,     61.1427,      3.4953,      0.0000,     -0.0304,      2.9291,      0.1259,      5.4563,     10.9126,      1.1123,     27.8266,     55.6533,      0.0188,      0.0024,      0.0156,      0.1963,   7471.6865,-419955.0000,  -1031.9688,    538.6350,  24905.6211,
       1,     166,      53,       4,       1,       3,       1,     10.0000,      1.3792,     42.2779,    242.9545,     61.1427,      3.4953,      0.0000,     -0.0304,      2.6551,      0.1265,      5.4563,     10.9126,      1.1180,     27.8266,     55.6533,      0.0188,      0.0021,      0.0156,      0.1963,   7471.6865,-419465.4375,  -1031.8214,    538.6680,  24905.6211,
       1,     166,      53,       5,       1,       3,       1,     10.0000,      1.3792,     42.2779,    242.9545,     61.1427,      3.4953,      0.0000,     -0.0305,      2.3810,      0.1281,      5.4563,     10.9126,      1.1317,     27.8266,     55.6533,      0.0188,      0.0019,      0.0156,      0.1963,   7471.6865,-419068.6562,  -1031.7009,    538.6947,  24905.6211,
       1,     166,      53,       6,       1,       3,       1,     10.0000,      1.3792,     42.2779,    242.9545,     61.1427,      3.4953,      0.0000,     -0.0305,      2.0438,      0.1298,      5.4563,     10.9126,      1.1467,     27.8266,     55.6533,      0.0188,      0.0016,      0.0156,      0.1963,   7471.6865,-418680.1250,  -1031.5844,    538.7209,  24905.6211,
       1,     166,      53,       7,       1,       3,       1,     10.0000,      1.3792,     42.2779,    242.9545,     61.1427,      3.4953,      0.0000,     -0.0306,      1.7680,      0.1303,      5.4563,     10.9126,      1.1514,     27.8266,     55.6533,      0.0188,      0.0014,      0.0156,      0.1963,   7471.6865,-418210.5625,  -1031.4474,    538.7525,  24905.6211,
       1,     166,      53,       8,       1,       3,       1,     10.0000,      1.3792,     42.2779,    242.9545,     61.1427,      3.4953,      0.0012,     -0.0294,      1.8902,      0.1316,      5.4563,     10.9126,      1.1631,     27.8266,     55.6533,      0.0188,      0.0015,      0.0156,      0.1963,   7471.6865,-417813.4688,  -1031.3318,    538.7792,  24905.6211,
       1,     166,      53,       9,       1,       3,       1,     10.0000,      1.3792,     42.2779,    242.9545,     61.1427,      3.4953,      0.0777,      0.0470,     10.8571,      0.1336,      5.4563,     10.9126,      1.1810,     27.8266,     55.6533,      0.0188,      0.0015,      0.0935,      0.1963,   7471.6865,-417936.7500,  -1031.3585,    538.7709,  24905.6211,
       1,     166,      53,      10,       1,       3,       1,     10.0000,      1.3792,     42.2779,    242.9545,     61.1427,      3.4953,      0.1581,      0.1270,     26.1314,      0.1456,      5.4563,     10.9126,      1.2868,     27.8266,     55.6533,      0.0188,      0.0016,      0.2104,      0.1963,   7471.6865,-429532.5000,  -1034.5430,    537.9900,  24905.6211,
       1,     166,      53,      11,       1,       3,       1,     10.0000,      1.3792,     42.2779,    242.9545,     61.1427,      3.4953,      0.1823,      0.1504,     36.1132,      0.1710,      5.4563,     10.9126,      1.5106,     27.8266,     55.6533,      0.0188,      0.0018,      0.2454,      0.1963,   7471.6865,-450280.1250,  -1040.2476,    536.5953,  24905.6191,
       1,     166,      53,      12,       1,       3,       1,     10.0000,      1.3792,     42.2779,    242.9545,     61.1427,      3.4953,      0.1854,      0.1530,     37.3218,      0.1866,      5.4563,     10.9126,      1.6486,     27.8266,     55.6533,      0.0188,      0.0019,      0.2500,      0.1963,   7471.6860,-464990.6562,  -1044.3013,    535.6104,  24905.6211,
       1,     166,      53,      13,       1,       3,       1,     10.0000,      1.3792,     42.2779,    242.9545,     61.1427,      3.4953,      0.1856,      0.1528,     40.8234,      0.1995,      5.4563,     10.9126,      1.7633,     27.8266,     55.6533,      0.0188,      0.0020,      0.2500,      0.1963,   7471.6865,-467830.5938,  -1045.1035,    535.4212,  24905.6191,
       1,     166,      53,      14,       1,       3,       1,     10.0000,      1.3792,     42.2779,    242.9545,     61.1427,      3.4953,      0.1858,      0.1527,     43.6036,      0.2065,      5.4563,     10.9126,      1.8251,     27.8266,     55.6533,      0.0188,      0.0022,      0.2500,      0.1963,   7471.6860,-472603.4688,  -1046.4397,    535.1018,  24905.6211,
       1,     166,      53,      15,       1,       3,       1,     10.0000,      1.3792,     42.2779,    242.9545,     61.1427,      3.4953,      0.1873,      0.1543,     62.9307,      0.2061,      5.4563,     10.9126,      1.8215,     27.8266,     55.6533,      0.0188,      0.0032,      0.2500,      0.1962,   7471.6865,-476612.4688,  -1047.5754,    534.8337,  24905.6172,
       1,     166,      53,      16,       1,       3,       1,     10.0000,      1.3792,     42.2779,    242.9545,     61.1427,      3.4953,      0.1896,      0.1568,     91.4804,      0.1992,      5.4563,     10.9126,      1.7598,     27.8266,     55.6533,      0.0188,      0.0046,      0.2500,      0.1962,   7471.6855,-501952.6562,  -1054.6143,    533.1397,  24905.6211,
       1,     166,      53,      17,       1,       3,       1,     10.0000,      1.3792,     42.2779,    242.9545,     61.1427,      3.4953,      0.1900,      0.1574,    116.2957,      0.1899,      5.4563,     10.9126,      1.6783,     27.8266,     55.6533,      0.0188,      0.0059,      0.2476,      0.1962,   7471.6865,-541090.0625,  -1065.5669,    530.5341,  24905.6172,
       1,     166,      53,      18,       1,       3,       1,     10.0000,      1.3792,     42.2779,    242.9545,     61.1427,      3.4953,      0.1698,      0.1377,    109.2310,      0.1772,      5.4563,     10.9126,      1.5657,     27.8266,     55.6533,      0.0188,      0.0063,      0.2183,      0.1962,   7471.6855,-576620.8750,  -1075.7063,    528.1842,  24905.6172,
       1,     166,      53,      19,       1,       3,       1,     10.0000,      1.3792,     42.2779,    242.9545,     61.1427,      3.4953,      0.1178,      0.0860,     74.8494,      0.1639,      5.4563,     10.9126,      1.4486,     27.8266,     55.6533,      0.0188,      0.0065,      0.1448,      0.1961,   7471.6855,-570557.4375,  -1074.5308,    528.5897,  24905.6191,
       1,     166,      53,      20,       1,       3,       1,     10.0000,      1.3792,     42.2779,    242.9545,     61.1427,      3.4953,      0.0168,     -0.0145,      1.9439,      0.1498,      5.4563,     10.9126,      1.3236,     27.8266,     55.6533,      0.0188,      0.0062,      0.0039,      0.1961,   7471.6860,-525498.3750,  -1062.5383,    531.5671,  24905.6152,
       1,     166,      53,      21,       1,       3,       1,     10.0000,      1.3792,     42.2779,    242.9545,     61.1427,      3.4953,      0.0000,     -0.0310,      7.4736,      0.1419,      5.4563,     10.9126,      1.2535,     27.8266,     55.6533,      0.0188,      0.0060,      0.0156,      0.1962,   7471.6851,-427279.0000,  -1035.5872,    538.1017,  24905.6152,
       1,     166,      53,      22,       1,       3,       1,     10.0000,      1.3792,     42.2779,    242.9545,     61.1427,      3.4953,      0.0000,     -0.0309,      7.1460,      0.1393,      5.4563,     10.9126,      1.2310,     27.8266,     55.6533,      0.0188,      0.0057,      0.0156,      0.1963,   7471.6851,-426027.1562,  -1035.2173,    538.2263,  24905.6133,
       1,     166,      53,      23,       1,       3,       1,     10.0000,      1.3792,     42.2779,    242.9545,     61.1427,      3.4953,      0.0000,     -0.0309,      6.8406,      0.1389,      5.4563,     10.9126,      1.2272,     27.8266,     55.6533,      0.0188,      0.0055,      0.0156,      0.1963,   7471.6841,-425443.0000,  -1035.0327,    538.2656,  24905.6133,
       1,     166,      53,      24,       1,       3,       1,     10.0000,      1.3792,     42.2779,    242.9545,     61.1427,      3.4953,      0.0000,     -0.0307,      6.0611,      0.1347,      5.4563,     10.9126,      1.1906,     27.8266,     55.6533,      0.0188,      0.0049,      0.0156,      0.1963,   7471.6841,-424997.5938,  -1034.8872,    538.2956,  24905.6133,
       1,     166,      54,       1,       1,       3,       1,     10.0000,      1.3792,     42.2783,    242.9602,     61.1441,      3.4953,      0.0000,     -0.0308,      5.0762,      0.1356,      5.4567,     10.9133,      1.1979,     27.8338,     55.6677,      0.0188,      0.0041,      0.0156,      0.1963,   7471.6841,-424107.7500,  -1035.0225,    538.3682,  24906.7402,
       1,     166,      54,       2,       1,       3,       1,     10.0000,      1.3792,     42.2783,    242.9602,     61.1441,      3.4953,      0.0000,     -0.0308,      4.1982,      0.1361,      5.4567,     10.9133,      1.2027,     27.8338,     55.6677,      0.0188,      0.0034,      0.0156,      0.1963,   7472.0225,-422603.7188,  -1034.1917,    538.4695,  24906.7402,
       1,     166,      54,       3,       1,       3,       1,     10.0000,      1.3792,     42.2783,    242.9602,     61.1441,      3.4953,      0.0000,     -0.0307,      3.6344,      0.1350,      5.4567,     10.9133,      1.1930,     27.8338,     55.6677,      0.0188,      0.0029,      0.0156,      0.1963,   7472.0225,-421338.6250,  -1033.8293,    538.5546,  24906.7402,
       1,     166,      54,       4,       1,       3,       1,     10.0000,      1.3792,     42.2783,    242.9602,     61.1441,      3.4953,      0.0000,     -0.0307,      3.4684,      0.1335,      5.4567,     10.9133,      1.1798,     27.8338,     55.6677,      0.0188,      0.0028,      0.0156,      0.1963,   7472.0225,-420500.2812,  -1033.5870,    538.6111,  24906.7402,
       1,     166,      54,       5,       1,       3,       1,     10.0000,      1.3792,     42.2783,    242.9602,     61.1441,      3.4953,      0.0000,     -0.0306,      2.8813,      0.1315,      5.4567,     10.9133,      1.1620,     27.8338,     55.6677,      0.0188,      0.0023,      0.0156,      0.1963,   7472.0225,-420212.9375,  -1033.4977,    538.6304,  24906.7402,
       1,     166,      54,       6,       1,       3,       1,     10.0000,      1.3792,     42.2783,    242.9602,     61.1441,      3.4953,      0.0000,     -0.0305,      2.9705,      0.1298,      5.4567,     10.9133,      1.1468,     27.8338,     55.6677,      0.0188,      0.0024,      0.0156,      0.1963,   7472.0225,-419429.5000,  -1033.2729,    538.6832,  24906.7402,
       1,     166,      54,       7,       1,       3,       1,     10.0000,      1.3792,     42.2783,    242.9602,     61.1441,      3.4953,      0.0000,     -0.0304,      2.7453,      0.1272,      5.4567,     10.9133,      1.1237,     27.8338,     55.6677,      0.0188,      0.0022,      0.0156,      0.1963,   7472.0225,-419476.5000,  -1033.2776,    538.6800,  24906.7402,
       1,     166,      54,       8,       1,       3,       1,     10.0000,      1.3792,     42.2783,    242.9602,     61.1441,      3.4953,      0.0012,     -0.0292,      2.4902,      0.1258,      5.4567,     10.9133,      1.1112,     27.8338,     55.6677,      0.0188,      0.0020,      0.0156,      0.1963,   7472.0225,-419189.6562,  -1033.1907,    538.6993,  24906.7402,
       1,     166,      54,       9,       1,       3,       1,     10.0000,      1.3792,     42.2783,    242.9602,     61.1441,      3.4953,      0.0740,      0.0434,     14.1524,      0.1316,      5.4567,     10.9133,      1.1632,     27.8338,     55.6677,      0.0188,      0.0020,      0.0878,      0.1963,   7472.0225,-418835.2188,  -1033.0861,    538.7232,  24906.7402,
       1,     166,      54,      10,       1,       3,       1,     10.0000,      1.3792,     42.2783,    242.9602,     61.1441,      3.4953,      0.1280,      0.0966,     29.1834,      0.1558,      5.4567,     10.9133,      1.3765,     27.8338,     55.6677,      0.0188,      0.0022,      0.1654,      0.1963,   7472.0225,-433869.9375,  -1037.2502,    537.7107,  24906.7402,
       1,     166,      54,      11,       1,       3,       1,     10.0000,      1.3792,     42.2783,    242.9602,     61.1441,      3.4953,      0.1677,      0.1357,     37.8688,      0.1720,      5.4567,     10.9133,      1.5197,     27.8338,     55.6677,      0.0188,      0.0021,      0.2233,      0.1963,   7472.0225,-454602.2188,  -1043.0051,    536.3182,  24906.7383,
       1,     166,      54,      12,       1,       3,       1,     10.0000,      1.3792,     42.2783,    242.9602,     61.1441,      3.4953,      0.1859,      0.1536,     42.3753,      0.1818,      5.4567,     10.9133,      1.6067,     27.8338,     55.6677,      0.0188,      0.0021,      0.2500,      0.1963,   7472.0220,-467633.8750,  -1046.6497,    535.4464,  24906.7383,
       1,     166,      54,      13,       1,       3,       1,     10.0000,      1.3792,     42.2783,    242.9602,     61.1441,      3.4953,      0.1854,      0.1525,     38.0613,      0.2005,      5.4567,     10.9133,      1.7720,     27.8338,     55.6677,      0.0188,      0.0019,      0.2500,      0.1963,   7472.0220,-474590.8125,  -1048.6232,    534.9814,  24906.7383,
       1,     166,      54,      14,       1,       3,       1,     10.0000,      1.3792,     42.2783,    242.9602,     61.1441,      3.4953,      0.1857,      0.1527,     41.3210,      0.2023,      5.4567,     10.9133,      1.7878,     27.8338,     55.6677,      0.0188,      0.0021,      0.2500,      0.1963,   7472.0220,-469616.2812,  -1047.2946,    535.3143,  24906.7383,
       1,     166,      54,      15,       1,       3,       1,     10.0000,      1.3792,     42.2783,    242.9602,     61.1441,      3.4953,      0.1853,      0.1524,     75.7467,      0.2025,      5.4567,     10.9133,      1.7896,     27.8338,     55.6677,      0.0188,      0.0039,      0.2454,      0.1963,   7472.0220,-473399.0938,  -1048.3885,    535.0612,  24906.7383,
       1,     166,      54,      16,       1,       3,       1,     10.0000,      1.3792,     42.2783,    242.9602,     61.1441,      3.4953,      0.1902,      0.1574,     99.0776,      0.1978,      5.4567,     10.9133,      1.7477,     27.8338,     55.6677,      0.0188,      0.0050,      0.2500,      0.1963,   7472.0220,-518235.6875,  -1060.9033,    532.0626,  24906.7402,
       1,     166,      54,      17,       1,       3,       1,     10.0000,      1.3792,     42.2783,    242.9602,     61.1441,      3.4953,      0.1872,      0.1545,    113.4628,      0.1937,      5.4567,     10.9133,      1.7119,     27.8338,     55.6677,      0.0188,      0.0058,      0.2438,      0.1962,   7472.0225,-552334.4375,  -1070.6151,    529.8030,  24906.7363,
       1,     166,      54,      18,       1,       3,       1,     10.0000,      1.3792,     42.2783,    242.9602,     61.1441,      3.4953,      0.1713,      0.1389,    117.1290,      0.1824,      5.4567,     10.9133,      1.6115,     27.8338,     55.6677,      0.0188,      0.0067,      0.2195,      0.1962,   7472.0210,-573915.5000,  -1077.0161,    528.3787,  24906.7363,
       1,     166,      54,      19,       1,       3,       1,     10.0000,      1.3792,     42.2783,    242.9602,     61.1441,      3.4953,      0.1263,      0.0945,     81.1951,      0.1676,      5.4567,     10.9133,      1.4808,     27.8338,     55.6677,      0.0188,      0.0065,      0.1568,      0.1962,   7472.0210,-580532.5000,  -1079.3640,    527.9435,  24906.7363,
       1,     166,      54,      20,       1,       3,       1,     10.0000,      1.3792,     42.2783,    242.9602,     61.1441,      3.4953,      0.0146,     -0.0167,      0.4043,      0.1516,      5.4567,     10.9133,      1.3397,     27.8338,     55.6677,      0.0188,      0.0063,      0.0008,      0.1961,   7472.0210,-534563.5625,  -1067.0839,    530.9772,  24906.7324,
       1,     166,      54,      21,       1,       3,       1,     10.0000,      1.3792,     42.2783,    242.9602,     61.1441,      3.4953,      0.0000,     -0.0311,      7.5049,      0.1455,      5.4567,     10.9133,      1.2856,     27.8338,     55.6677,      0.0188,      0.0060,      0.0156,      0.1962,   7472.0200,-426059.5938,  -1037.1083,    538.1877,  24906.7324,
       1,     166,      54,      22,       1,       3,       1,     10.0000,      1.3792,     42.2783,    242.9602,     61.1441,      3.4953,      0.0000,     -0.0311,      7.4384,      0.1446,      5.4567,     10.9133,      1.2778,     27.8338,     55.6677,      0.0188,      0.0060,      0.0156,      0.1963,   7472.0200,-425975.7188,  -1037.0713,    538.2425,  24906.7324,
       1,     166,      54,      23,       1,       3,       1,     10.0000,      1.3792,     42.2783,    242.9602,     61.1441,      3.4953,      0.0000,     -0.0310,      6.8533,      0.1433,      5.4567,     10.9133,      1.2663,     27.8338,     55.6677,      0.0188,      0.0055,      0.0156,      0.1963,   7472.0200,-425819.0312,  -1037.0127,    538.2531,  24906.7324,
       1,     166,      54,      24,       1,       3,       1,     10.0000,      1.3792,     42.2783,    242.9602,     61.1441,      3.4953,      0.0000,     -0.0310,      5.6305,      0.1412,      5.4567,     10.9133,      1.2473,     27.8338,     55.6677,      0.0188,      0.0045,      0.0156,      0.1963,   7472.0200,-425049.4375,  -1036.7848,    538.3049,  24906.7324,
       1,     166,      55,       1,       1,       3,       1,     10.0000,      1.3792,     42.2786,    242.9660,     61.1456,      3.4953,      0.0000,     -0.0309,      4.6325,      0.1389,      5.4568,     10.9137,      1.2273,     27.8399,     55.6797,      0.0188,      0.0037,      0.0156,      0.1963,   7472.0200,-423558.6562,  -1036.7620,    538.4178,  24907.8555,
       1,     166,      55,       2,       1,       3,       1,     10.0000,      1.3792,     42.2786,    242.9660,     61.1456,      3.4953,      0.0000,     -0.0308,      3.8723,      0.1375,      5.4568,     10.9137,      1.2150,     27.8399,     55.6797,      0.0188,      0.0031,      0.0156,      0.1963,   7472.3569,-421986.3750,  -1035.9147,    538.5236,  24907.8555,
       1,     166,      55,       3,       1,       3,       1,     10.0000,      1.3792,     42.2786,    242.9660,     61.1456,      3.4953,      0.0000,     -0.0308,      3.8923,      0.1368,      5.4568,     10.9137,      1.2088,     27.8399,     55.6797,      0.0188,      0.0031,      0.0156,      0.1963,   7472.3569,-420867.6562,  -1035.5962,    538.5990,  24907.8555,
       1,     166,      55,       4,       1,       3,       1,     10.0000,      1.3792,     42.2786,    242.9660,     61.1456,      3.4953,      0.0000,     -0.0308,      3.8723,      0.1372,      5.4568,     10.9137,      1.2125,     27.8399,     55.6797,      0.0188,      0.0031,      0.0156,      0.1963,   7472.3569,-420796.0938,  -1035.5698,    538.6038,  24907.8555,
       1,     166,      55,       5,       1,       3,       1,     10.0000,      1.3792,     42.2786,    242.9660,     61.1456,      3.4953,      0.0000,     -0.0307,      3.7979,      0.1352,      5.4568,     10.9137,      1.1942,     27.8399,     55.6797,      0.0188,      0.0031,      0.0156,      0.1963,   7472.3569,-420764.0312,  -1035.5543,    538.6060,  24907.8555,
       1,     166,      55,       6,       1,       3,       1,     10.0000,      1.3792,     42.2786,    242.9660,     61.1456,      3.4953,      0.0000,     -0.0307,      3.8326,      0.1332,      5.4568,     10.9137,      1.1774,     27.8399,     55.6797,      0.0188,      0.0031,      0.0156,      0.1963,   7472.3569,-420665.2188,  -1035.5206,    538.6126,  24907.8555,
       1,     166,      55,       7,       1,       3,       1,     10.0000,      1.3792,     42.2786,    242.9660,     61.1456,      3.4953,      0.0000,     -0.0306,      3.9251,      0.1315,      5.4568,     10.9137,      1.1620,     27.8399,     55.6797,      0.0188,      0.0032,      0.0156,      0.1963,   7472.3569,-420701.5312,  -1035.5247,    538.6102,  24907.8555,
       1,     166,      55,       8,       1,       3,       1,     10.0000,      1.3792,     42.2786,    242.9660,     61.1456,      3.4953,      0.0010,     -0.0295,      4.0819,      0.1303,      5.4568,     10.9137,      1.1515,     27.8399,     55.6797,      0.0188,      0.0033,      0.0156,      0.1963,   7472.3569,-420823.9688,  -1035.5524,    538.6020,  24907.8555,
       1,     166,      55,       9,       1,       3,       1,     10.0000,      1.3792,     42.2786,    242.9660,     61.1456,      3.4953,      0.0983,      0.0676,     32.8996,      0.1357,      5.4568,     10.9137,      1.1991,     27.8399,     55.6797,      0.0188,      0.0034,      0.1213,      0.1963,   7472.3569,-421037.2500,  -1035.6053,    538.5876,  24907.8555,
       1,     166,      55,      10,       1,       3,       1,     10.0000,      1.3792,     42.2786,    242.9660,     61.1456,      3.4953,      0.1585,      0.1273,     57.8638,      0.1477,      5.4568,     10.9137,      1.3052,     27.8399,     55.6797,      0.0188,      0.0035,      0.2072,      0.1963,   7472.3569,-458279.8438,  -1046.0115,    536.0803,  24907.8555,
       1,     166,      55,      11,       1,       3,       1,     10.0000,      1.3792,     42.2786,    242.9660,     61.1456,      3.4953,      0.1802,      0.1483,     61.5011,      0.1684,      5.4568,     10.9137,      1.4882,     27.8399,     55.6797,      0.0188,      0.0032,      0.2391,      0.1963,   7472.3569,-493798.7500,  -1055.9813,    533.7060,  24907.8574,
       1,     166,      55,      12,       1,       3,       1,     10.0000,      1.3792,     42.2786,    242.9660,     61.1456,      3.4953,      0.1869,      0.1545,     55.5825,      0.1855,      5.4568,     10.9137,      1.6389,     27.8399,     55.6797,      0.0188,      0.0028,      0.2500,      0.1963,   7472.3574,-501591.9688,  -1058.3068,    533.1913,  24907.8555,
       1,     166,      55,      13,       1,       3,       1,     10.0000,      1.3792,     42.2786,    242.9660,     61.1456,      3.4953,      0.1868,      0.1541,     55.2728,      0.1941,      5.4568,     10.9137,      1.7153,     27.8399,     55.6797,      0.0188,      0.0028,      0.2500,      0.1963,   7472.3569,-494607.0000,  -1056.5337,    533.6571,  24907.8574,
       1,     166,      55,      14,       1,       3,       1,     10.0000,      1.3792,     42.2786,    242.9660,     61.1456,      3.4953,      0.1704,      0.1377,     54.6062,      0.1945,      5.4568,     10.9137,      1.7187,     27.8399,     55.6797,      0.0188,      0.0030,      0.2256,      0.1963,   7472.3574,-493601.3438,  -1056.4014,    533.7244,  24907.8555,
       1,     166,      55,      15,       1,       3,       1,     10.0000,      1.3792,     42.2786,    242.9660,     61.1456,      3.4953,      0.1720,      0.1393,     65.5770,      0.1913,      5.4568,     10.9137,      1.6900,     27.8399,     55.6797,      0.0188,      0.0036,      0.2266,      0.1963,   7472.3569,-492652.3438,  -1056.2883,    533.7878,  24907.8555,
       1,     166,      55,      16,       1,       3,       1,     10.0000,      1.3792,     42.2786,    242.9660,     61.1456,      3.4953,      0.1675,      0.1350,     96.3684,      0.1873,      5.4568,     10.9137,      1.6553,     27.8399,     55.6797,      0.0188,      0.0056,      0.2162,      0.1963,   7472.3569,-506756.5312,  -1060.3881,    532.8467,  24907.8516,
       1,     166,      55,      17,       1,       3,       1,     10.0000,      1.3792,     42.2786,    242.9660,     61.1456,      3.4953,      0.1884,      0.1562,    133.0298,      0.1802,      5.4568,     10.9137,      1.5925,     27.8399,     55.6797,      0.0188,      0.0069,      0.2432,      0.1963,   7472.3560,-547807.1875,  -1072.1044,    530.1132,  24907.8516,
       1,     166,      55,      18,       1,       3,       1,     10.0000,      1.3792,     42.2786,    242.9660,     61.1456,      3.4953,      0.1105,      0.0786,     70.1545,      0.1698,      5.4568,     10.9137,      1.5002,     27.8399,     55.6797,      0.0188,      0.0065,      0.1346,      0.1962,   7472.3560,-598834.9375,  -1086.8048,    526.7390,  24907.8496,
       1,     166,      55,      19,       1,       3,       1,     10.0000,      1.3792,     42.2786,    242.9660,     61.1456,      3.4953,      0.0901,      0.0585,     53.6101,      0.1602,      5.4568,     10.9137,      1.4157,     27.8399,     55.6797,      0.0188,      0.0063,      0.1063,      0.1961,   7472.3550,-521833.0000,  -1065.7969,    531.8197,  24907.8477,
       1,     166,      55,      20,       1,       3,       1,     10.0000,      1.3792,     42.2786,    242.9660,     61.1456,      3.4953,      0.0147,     -0.0165,      0.5391,      0.1476,      5.4568,     10.9137,      1.3039,     27.8399,     55.6797,      0.0188,      0.0060,      0.0011,      0.1962,   7472.3545,-493835.6250,  -1058.2083,    533.7054,  24907.8477,
       1,     166,      55,      21,       1,       3,       1,     10.0000,      1.3792,     42.2786,    242.9660,     61.1456,      3.4953,      0.0000,     -0.0310,      7.7321,      0.1416,      5.4568,     10.9137,      1.2511,     27.8399,     55.6797,      0.0188,      0.0062,      0.0156,      0.1963,   7472.3545,-422761.7500,  -1038.3472,    538.4504,  24907.8496,
       1,     166,      55,      22,       1,       3,       1,     10.0000,      1.3792,     42.2786,    242.9660,     61.1456,      3.4953,      0.0000,     -0.0309,      7.3229,      0.1386,      5.4568,     10.9137,      1.2248,     27.8399,     55.6797,      0.0188,      0.0059,      0.0156,      0.1963,   7472.3550,-425948.9688,  -1039.2333,    538.2570,  24907.8496,
       1,     166,      55,      23,       1,       3,       1,     10.0000,      1.3792,     42.2786,    242.9660,     61.1456,      3.4953,      0.0000,     -0.0309,      6.7754,      0.1385,      5.4568,     10.9137,      1.2236,     27.8399,     55.6797,      0.0188,      0.0054,      0.0156,      0.1963,   7472.3550,-425670.4375,  -1039.1469,    538.2758,  24907.8477,
       1,     166,      55,      24,       1,       3,       1,     10.0000,      1.3792,     42.2786,    242.9660,     61.1456,      3.4953,      0.0000,     -0.0309,      6.1882,      0.1381,      5.4568,     10.9137,      1.2199,     27.8399,     55.6797,      0.0188,      0.0050,      0.0156,      0.1963,   7472.3545,-424938.9688,  -1038.9352,    538.3250,  24907.8477,
       1,     166,      56,       1,       1,       3,       1,     10.0000,      1.3793,     42.2789,    242.9718,     61.1470,      3.4953,      0.0000,     -0.0308,      5.1330,      0.1378,      5.4571,     10.9141,      1.2175,     27.8440,     55.6880,      0.0188,      0.0041,      0.0156,      0.1964,   7472.3545,-424272.6562,  -1039.1470,    538.3826,  24908.9727,
       1,     166,      56,       2,       1,       3,       1,     10.0000,      1.3793,     42.2789,    242.9718,     61.1470,      3.4953,      0.0000,     -0.0309,      4.3057,      0.1392,      5.4571,     10.9141,      1.2298,     27.8440,     55.6880,      0.0188,      0.0035,      0.0156,      0.1964,   7472.6919,-422697.8438,  -1038.2953,    538.4886,  24908.9727,
       1,     166,      56,       3,       1,       3,       1,     10.0000,      1.3793,     42.2789,    242.9718,     61.1470,      3.4953,      0.0000,     -0.0309,      3.9526,      0.1382,      5.4571,     10.9141,      1.2212,     27.8440,     55.6880,      0.0188,      0.0032,      0.0156,      0.1964,   7472.6919,-421492.5000,  -1037.9530,    538.5697,  24908.9727,
       1,     166,      56,       4,       1,       3,       1,     10.0000,      1.3793,     42.2789,    242.9718,     61.1470,      3.4953,      0.0000,     -0.0309,      4.0465,      0.1402,      5.4571,     10.9141,      1.2385,     27.8440,     55.6880,      0.0188,      0.0033,      0.0156,      0.1964,   7472.6919,-420931.6250,  -1037.7920,    538.6075,  24908.9727,
       1,     166,      56,       5,       1,       3,       1,     10.0000,      1.3793,     42.2789,    242.9718,     61.1470,      3.4953,      0.0000,     -0.0309,      3.8194,      0.1385,      5.4571,     10.9141,      1.2236,     27.8440,     55.6880,      0.0188,      0.0031,      0.0156,      0.1964,   7472.6919,-421004.1562,  -1037.8087,    538.6027,  24908.9727,
       1,     166,      56,       6,       1,       3,       1,     10.0000,      1.3793,     42.2789,    242.9718,     61.1470,      3.4953,      0.0000,     -0.0307,      3.5456,      0.1349,      5.4571,     10.9141,      1.1919,     27.8440,     55.6880,      0.0188,      0.0029,      0.0156,      0.1964,   7472.6919,-420717.0625,  -1037.7246,    538.6219,  24908.9727,
       1,     166,      56,       7,       1,       3,       1,     10.0000,      1.3793,     42.2789,    242.9718,     61.1470,      3.4953,      0.0000,     -0.0307,      3.7635,      0.1347,      5.4571,     10.9141,      1.1907,     27.8440,     55.6880,      0.0188,      0.0030,      0.0156,      0.1964,   7472.6919,-420338.4375,  -1037.6154,    538.6475,  24908.9727,
       1,     166,      56,       8,       1,       3,       1,     10.0000,      1.3793,     42.2789,    242.9718,     61.1470,      3.4953,      0.0014,     -0.0293,      3.6764,      0.1354,      5.4571,     10.9141,      1.1967,     27.8440,     55.6880,      0.0188,      0.0030,      0.0156,      0.1964,   7472.6919,-420586.9375,  -1037.6821,    538.6307,  24908.9727,
       1,     166,      56,       9,       1,       3,       1,     10.0000,      1.3793,     42.2789,    242.9718,     61.1470,      3.4953,      0.0801,      0.0493,     22.6429,      0.1358,      5.4571,     10.9141,      1.2003,     27.8440,     55.6880,      0.0188,      0.0030,      0.0956,      0.1964,   7472.6919,-420496.0000,  -1037.6532,    538.6368,  24908.9727,
       1,     166,      56,      10,       1,       3,       1,     10.0000,      1.3793,     42.2789,    242.9718,     61.1470,      3.4953,      0.1573,      0.1259,     49.4681,      0.1524,      5.4571,     10.9141,      1.3465,     27.8440,     55.6880,      0.0188,      0.0030,      0.2064,      0.1964,   7472.6919,-444984.3125,  -1044.5497,    536.9881,  24908.9727,
       1,     166,      56,      11,       1,       3,       1,     10.0000,      1.3793,     42.2789,    242.9718,     61.1470,      3.4953,      0.1864,      0.1545,     62.7118,      0.1693,      5.4571,     10.9141,      1.4957,     27.8440,     55.6880,      0.0188,      0.0032,      0.2482,      0.1964,   7472.6919,-481778.9062,  -1054.9336,    534.5208,  24908.9727,
       1,     166,      56,      12,       1,       3,       1,     10.0000,      1.3793,     42.2789,    242.9718,     61.1470,      3.4953,      0.1873,      0.1551,     60.2166,      0.1783,      5.4571,     10.9141,      1.5752,     27.8440,     55.6880,      0.0188,      0.0030,      0.2500,      0.1963,   7472.6919,-502107.2500,  -1060.7594,    533.1682,  24908.9707,
       1,     166,      56,      13,       1,       3,       1,     10.0000,      1.3793,     42.2789,    242.9718,     61.1470,      3.4953,      0.1871,      0.1547,     58.2144,      0.1855,      5.4571,     10.9141,      1.6390,     27.8440,     55.6880,      0.0188,      0.0029,      0.2500,      0.1963,   7472.6914,-500640.8125,  -1060.5306,    533.2676,  24908.9688,
       1,     166,      56,      14,       1,       3,       1,     10.0000,      1.3793,     42.2789,    242.9718,     61.1470,      3.4953,      0.1874,      0.1548,     62.9351,      0.1907,      5.4571,     10.9141,      1.6851,     27.8440,     55.6880,      0.0188,      0.0032,      0.2500,      0.1963,   7472.6909,-497922.6875,  -1059.9429,    533.4489,  24908.9668,
       1,     166,      56,      15,       1,       3,       1,     10.0000,      1.3793,     42.2789,    242.9718,     61.1470,      3.4953,      0.1889,      0.1566,     80.9666,      0.1824,      5.4571,     10.9141,      1.6116,     27.8440,     55.6880,      0.0188,      0.0041,      0.2500,      0.1963,   7472.6904,-503791.8125,  -1061.7656,    533.0576,  24908.9668,
       1,     166,      56,      16,       1,       3,       1,     10.0000,      1.3793,     42.2789,    242.9718,     61.1470,      3.4953,      0.1909,      0.1587,    106.0956,      0.1786,      5.4571,     10.9141,      1.5783,     27.8440,     55.6880,      0.0188,      0.0053,      0.2500,      0.1963,   7472.6904,-527618.5625,  -1068.6849,    531.4700,  24908.9688,
       1,     166,      56,      17,       1,       3,       1,     10.0000,      1.3793,     42.2789,    242.9718,     61.1470,      3.4953,      0.1883,      0.1560,    117.3293,      0.1795,      5.4571,     10.9141,      1.5862,     27.8440,     55.6880,      0.0188,      0.0060,      0.2448,      0.1963,   7472.6909,-562198.4375,  -1078.7527,    529.1752,  24908.9668,
       1,     166,      56,      18,       1,       3,       1,     10.0000,      1.3793,     42.2789,    242.9718,     61.1470,      3.4953,      0.1486,      0.1166,     92.7206,      0.1716,      5.4571,     10.9141,      1.5167,     27.8440,     55.6880,      0.0188,      0.0062,      0.1885,      0.1962,   7472.6904,-579747.8750,  -1084.1765,    528.0192,  24908.9648,
       1,     166,      56,      19,       1,       3,       1,     10.0000,      1.3793,     42.2789,    242.9718,     61.1470,      3.4953,      0.0867,      0.0551,     53.6654,      0.1602,      5.4571,     10.9141,      1.4157,     27.8440,     55.6880,      0.0188,      0.0067,      0.1012,      0.1962,   7472.6899,-549401.4375,  -1076.1344,    530.0234,  24908.9648,
       1,     166,      56,      20,       1,       3,       1,     10.0000,      1.3793,     42.2789,    242.9718,     61.1470,      3.4953,      0.0106,     -0.0206,      7.4108,      0.1489,      5.4571,     10.9141,      1.3158,     27.8440,     55.6880,      0.0188,      0.0060,      0.0156,      0.1962,   7472.6899,-496243.0938,  -1061.4724,    533.5491,  24908.9629,
       1,     166,      56,      21,       1,       3,       1,     10.0000,      1.3793,     42.2789,    242.9718,     61.1470,      3.4953,      0.0000,     -0.0310,      7.2947,      0.1427,      5.4571,     10.9141,      1.2613,     27.8440,     55.6880,      0.0188,      0.0059,      0.0156,      0.1963,   7472.6890,-431867.0625,  -1043.3687,    537.8544,  24908.9629,
       1,     166,      56,      22,       1,       3,       1,     10.0000,      1.3793,     42.2789,    242.9718,     61.1470,      3.4953,      0.0000,     -0.0309,      7.3971,      0.1406,      5.4571,     10.9141,      1.2423,     27.8440,     55.6880,      0.0188,      0.0059,      0.0156,      0.1964,   7472.6890,-426173.4688,  -1041.7557,    538.2546,  24908.9629,
       1,     166,      56,      23,       1,       3,       1,     10.0000,      1.3793,     42.2789,    242.9718,     61.1470,      3.4953,      0.0000,     -0.0308,      6.8699,      0.1368,      5.4571,     10.9141,      1.2089,     27.8440,     55.6880,      0.0188,      0.0055,      0.0156,      0.1964,   7472.6890,-425788.7500,  -1041.6437,    538.2806,  24908.9629,
       1,     166,      56,      24,       1,       3,       1,     10.0000,      1.3793,     42.2789,    242.9718,     61.1470,      3.4953,      0.0000,     -0.0306,      6.1446,      0.1318,      5.4571,     10.9141,      1.1644,     27.8440,     55.6880,      0.0188,      0.0049,      0.0156,      0.1964,   7472.6890,-425074.2188,  -1041.4385,    538.3286,  24908.9629,
       1,     166,      57,       1,       1,       3,       1,     10.0000,      1.3793,     42.2793,    242.9775,     61.1485,      3.4953,      0.0000,     -0.0306,      5.3207,      0.1312,      5.4574,     10.9148,      1.1597,     27.8500,     55.7000,      0.0188,      0.0043,      0.0156,      0.1964,   7472.6890,-424231.0312,  -1041.6053,    538.3982,  24910.0859,
       1,     166,      57,       2,       1,       3,       1,     10.0000,      1.3793,     42.2793,    242.9775,     61.1485,      3.4953,      0.0000,     -0.0306,      4.6736,      0.1320,      5.4574,     10.9148,      1.1668,     27.8500,     55.7000,      0.0188,      0.0038,      0.0156,      0.1964,   7473.0259,-422939.8750,  -1040.8307,    538.4850,  24910.0859,
       1,     166,      57,       3,       1,       3,       1,     10.0000,      1.3793,     42.2793,    242.9775,     61.1485,      3.4953,      0.0000,     -0.0305,      4.3113,      0.1280,      5.4574,     10.9148,      1.1307,     27.8500,     55.7000,      0.0188,      0.0035,      0.0156,      0.1964,   7473.0259,-421991.9375,  -1040.5608,    538.5489,  24910.0859,
       1,     166,      57,       4,       1,       3,       1,     10.0000,      1.3793,     42.2793,    242.9775,     61.1485,      3.4953,      0.0000,     -0.0305,      4.0300,      0.1294,      5.4574,     10.9148,      1.1434,     27.8500,     55.7000,      0.0188,      0.0032,      0.0156,      0.1964,   7473.0259,-421441.6562,  -1040.4036,    538.5860,  24910.0840,
       1,     166,      57,       5,       1,       3,       1,     10.0000,      1.3793,     42.2793,    242.9775,     61.1485,      3.4953,      0.0000,     -0.0305,      3.5642,      0.1290,      5.4574,     10.9148,      1.1399,     27.8500,     55.7000,      0.0188,      0.0029,      0.0156,      0.1964,   7473.0254,-421030.6250,  -1040.2865,    538.6136,  24910.0840,
       1,     166,      57,       6,       1,       3,       1,     10.0000,      1.3793,     42.2793,    242.9775,     61.1485,      3.4953,      0.0000,     -0.0304,      3.1260,      0.1270,      5.4574,     10.9148,      1.1226,     27.8500,     55.7000,      0.0188,      0.0025,      0.0156,      0.1964,   7473.0254,-420393.4688,  -1040.1052,    538.6565,  24910.0840,
       1,     166,      57,       7,       1,       3,       1,     10.0000,      1.3793,     42.2793,    242.9775,     61.1485,      3.4953,      0.0000,     -0.0305,      3.0502,      0.1291,      5.4574,     10.9148,      1.1410,     27.8500,     55.7000,      0.0188,      0.0025,      0.0156,      0.1964,   7473.0254,-419772.0938,  -1039.9285,    538.6984,  24910.0840,
       1,     166,      57,       8,       1,       3,       1,     10.0000,      1.3793,     42.2793,    242.9775,     61.1485,      3.4953,      0.0015,     -0.0289,      2.6364,      0.1280,      5.4574,     10.9148,      1.1307,     27.8500,     55.7000,      0.0188,      0.0021,      0.0156,      0.1964,   7473.0254,-419620.2500,  -1039.8850,    538.7086,  24910.0840,
       1,     166,      57,       9,       1,       3,       1,     10.0000,      1.3793,     42.2793,    242.9775,     61.1485,      3.4953,      0.0768,      0.0460,     17.7638,      0.1379,      5.4574,     10.9148,      1.2187,     27.8500,     55.7000,      0.0188,      0.0024,      0.0913,      0.1964,   7473.0254,-419072.5625,  -1039.7292,    538.7455,  24910.0840,
       1,     166,      57,      10,       1,       3,       1,     10.0000,      1.3793,     42.2793,    242.9775,     61.1485,      3.4953,      0.1582,      0.1270,     45.5641,      0.1468,      5.4574,     10.9148,      1.2974,     27.8500,     55.7000,      0.0188,      0.0027,      0.2083,      0.1964,   7473.0254,-438559.8750,  -1045.2625,    537.4331,  24910.0840,
       1,     166,      57,      11,       1,       3,       1,     10.0000,      1.3793,     42.2793,    242.9775,     61.1485,      3.4953,      0.1710,      0.1397,     44.8514,      0.1506,      5.4574,     10.9148,      1.3304,     27.8500,     55.7000,      0.0188,      0.0025,      0.2273,      0.1964,   7473.0254,-476169.5312,  -1055.9574,    534.9081,  24910.0840,
       1,     166,      57,      12,       1,       3,       1,     10.0000,      1.3793,     42.2793,    242.9775,     61.1485,      3.4953,      0.1767,      0.1449,     51.9344,      0.1676,      5.4574,     10.9148,      1.4809,     27.8500,     55.7000,      0.0188,      0.0028,      0.2351,      0.1963,   7473.0254,-478529.2500,  -1056.7108,    534.7562,  24910.0820,
       1,     166,      57,      13,       1,       3,       1,     10.0000,      1.3793,     42.2793,    242.9775,     61.1485,      3.4953,      0.1588,      0.1267,     40.9277,      0.1765,      5.4574,     10.9148,      1.5596,     27.8500,     55.7000,      0.0188,      0.0024,      0.2098,      0.1963,   7473.0249,-487881.5000,  -1059.4591,    534.1312,  24910.0820,
       1,     166,      57,      14,       1,       3,       1,     10.0000,      1.3793,     42.2793,    242.9775,     61.1485,      3.4953,      0.1871,      0.1545,     59.0474,      0.1907,      5.4574,     10.9148,      1.6851,     27.8500,     55.7000,      0.0188,      0.0030,      0.2500,      0.1963,   7473.0249,-474464.8750,  -1055.7765,    535.0273,  24910.0820,
       1,     166,      57,      15,       1,       3,       1,     10.0000,      1.3793,     42.2793,    242.9775,     61.1485,      3.4953,      0.1877,      0.1549,     66.9488,      0.1978,      5.4574,     10.9148,      1.7479,     27.8500,     55.7000,      0.0188,      0.0034,      0.2500,      0.1963,   7473.0249,-496722.4375,  -1062.1823,    533.5395,  24910.0820,
       1,     166,      57,      16,       1,       3,       1,     10.0000,      1.3793,     42.2793,    242.9775,     61.1485,      3.4953,      0.1882,      0.1557,     72.7797,      0.1884,      5.4574,     10.9148,      1.6652,     27.8500,     55.7000,      0.0188,      0.0037,      0.2500,      0.1963,   7473.0249,-508873.0000,  -1065.8018,    532.7312,  24910.0840,
       1,     166,      57,      17,       1,       3,       1,     10.0000,      1.3793,     42.2793,    242.9775,     61.1485,      3.4953,      0.1897,      0.1575,     89.9724,      0.1772,      5.4574,     10.9148,      1.5659,     27.8500,     55.7000,      0.0188,      0.0045,      0.2500,      0.1963,   7473.0254,-517464.5312,  -1068.4624,    532.1597,  24910.0801,
       1,     166,      57,      18,       1,       3,       1,     10.0000,      1.3793,     42.2793,    242.9775,     61.1485,      3.4953,      0.1547,      0.1228,     80.0174,      0.1694,      5.4574,     10.9148,      1.4972,     27.8500,     55.7000,      0.0188,      0.0050,      0.1991,      0.1963,   7473.0244,-540444.7500,  -1075.2666,    530.6313,  24910.0801,
       1,     166,      57,      19,       1,       3,       1,     10.0000,      1.3793,     42.2793,    242.9775,     61.1485,      3.4953,      0.0950,      0.0634,     51.7443,      0.1585,      5.4574,     10.9148,      1.4003,     27.8500,     55.7000,      0.0188,      0.0057,      0.1138,      0.1963,   7473.0244,-529561.6250,  -1072.5315,    531.3555,  24910.0781,
       1,     166,      57,      20,       1,       3,       1,     10.0000,      1.3793,     42.2793,    242.9775,     61.1485,      3.4953,      0.0180,     -0.0132,      2.6635,      0.1480,      5.4574,     10.9148,      1.3079,     27.8500,     55.7000,      0.0188,      0.0058,      0.0057,      0.1963,   7473.0239,-492045.5000,  -1062.1509,    533.8478,  24910.0762,
       1,     166,      57,      21,       1,       3,       1,     10.0000,      1.3793,     42.2793,    242.9775,     61.1485,      3.4953,      0.0000,     -0.0310,      5.9927,      0.1422,      5.4574,     10.9148,      1.2562,     27.8500,     55.7000,      0.0188,      0.0048,      0.0156,      0.1963,   7473.0229,-425364.9375,  -1043.2688,    538.3032,  24910.0762,
       1,     166,      57,      22,       1,       3,       1,     10.0000,      1.3793,     42.2793,    242.9775,     61.1485,      3.4953,      0.0000,     -0.0310,      5.7806,      0.1432,      5.4574,     10.9148,      1.2651,     27.8500,     55.7000,      0.0188,      0.0046,      0.0156,      0.1964,   7473.0229,-423931.6875,  -1042.8615,    538.4183,  24910.0762,
       1,     166,      57,      23,       1,       3,       1,     10.0000,      1.3793,     42.2793,    242.9775,     61.1485,      3.4953,      0.0000,     -0.0309,      5.7063,      0.1383,      5.4574,     10.9148,      1.2224,     27.8500,     55.7000,      0.0188,      0.0046,      0.0156,      0.1964,   7473.0229,-423509.0312,  -1042.7412,    538.4468,  24910.0762,
       1,     166,      57,      24,       1,       3,       1,     10.0000,      1.3793,     42.2793,    242.9775,     61.1485,      3.4953,      0.0000,     -0.0307,      4.8147,      0.1330,      5.4574,     10.9148,      1.1751,     27.8500,     55.7000,      0.0188,      0.0039,      0.0156,      0.1964,   7473.0229,-423376.4062,  -1042.7035,    538.4557,  24910.0762,
       1,     166,      58,       1,       1,       3,       1,     10.0000,      1.3793,     42.2796,    242.9833,     61.1499,      3.4953,      0.0000,     -0.0306,      4.0555,      0.1323,      5.4575,     10.9150,      1.1692,     27.8552,     55.7103,      0.0188,      0.0033,      0.0156,      0.1964,   7473.0229,-422369.2812,  -1042.8276,    538.5363,  24911.2012,
       1,     166,      58,       2,       1,       3,       1,     10.0000,      1.3793,     42.2796,    242.9833,     61.1499,      3.4953,      0.0000,     -0.0306,      3.4492,      0.1319,      5.4575,     10.9150,      1.1656,     27.8552,     55.7103,      0.0188,      0.0028,      0.0156,      0.1964,   7473.3608,-421147.5000,  -1042.0695,    538.6185,  24911.2012,
       1,     166,      58,       3,       1,       3,       1,     10.0000,      1.3793,     42.2796,    242.9833,     61.1499,      3.4953,      0.0000,     -0.0306,      3.3398,      0.1316,      5.4575,     10.9150,      1.1633,     27.8552,     55.7103,      0.0188,      0.0027,      0.0156,      0.1964,   7473.3608,-420258.3125,  -1041.8165,    538.6783,  24911.1992,
       1,     166,      58,       4,       1,       3,       1,     10.0000,      1.3793,     42.2796,    242.9833,     61.1499,      3.4953,      0.0000,     -0.0307,      2.9855,      0.1324,      5.4575,     10.9150,      1.1704,     27.8552,     55.7103,      0.0188,      0.0024,      0.0156,      0.1964,   7473.3599,-420040.3125,  -1041.7556,    538.6931,  24911.1992,
       1,     166,      58,       5,       1,       3,       1,     10.0000,      1.3793,     42.2796,    242.9833,     61.1499,      3.4953,      0.0000,     -0.0307,      2.4852,      0.1326,      5.4575,     10.9150,      1.1716,     27.8552,     55.7103,      0.0188,      0.0020,      0.0156,      0.1964,   7473.3599,-419563.7188,  -1041.6202,    538.7252,  24911.1992,
       1,     166,      58,       6,       1,       3,       1,     10.0000,      1.3793,     42.2796,    242.9833,     61.1499,      3.4953,      0.0000,     -0.0305,      2.2192,      0.1286,      5.4575,     10.9150,      1.1364,     27.8552,     55.7103,      0.0188,      0.0018,      0.0156,      0.1964,   7473.3599,-418876.2812,  -1041.4247,    538.7715,  24911.1992,
       1,     166,      58,       7,       1,       3,       1,     10.0000,      1.3793,     42.2796,    242.9833,     61.1499,      3.4953,      0.0000,     -0.0301,      1.9983,      0.1175,      5.4575,     10.9150,      1.0379,     27.8552,     55.7103,      0.0188,      0.0016,      0.0156,      0.1964,   7473.3599,-418473.0312,  -1041.3104,    538.7986,  24911.1992,
       1,     166,      58,       8,       1,       3,       1,     10.0000,      1.3793,     42.2796,    242.9833,     61.1499,      3.4953,      0.0017,     -0.0284,      2.2148,      0.1182,      5.4575,     10.9150,      1.0443,     27.8552,     55.7103,      0.0188,      0.0018,      0.0156,      0.1964,   7473.3599,-418152.6562,  -1041.2192,    538.8203,  24911.1992,
       1,     166,      58,       9,       1,       3,       1,     10.0000,      1.3793,     42.2796,    242.9833,     61.1499,      3.4953,      0.0780,      0.0474,     16.6854,      0.1312,      5.4575,     10.9150,      1.1597,     27.8552,     55.7103,      0.0188,      0.0022,      0.0934,      0.1964,   7473.3599,-418404.3125,  -1041.2910,    538.8032,  24911.1992,
       1,     166,      58,      10,       1,       3,       1,     10.0000,      1.3793,     42.2796,    242.9833,     61.1499,      3.4953,      0.1540,      0.1226,     41.5984,      0.1552,      5.4575,     10.9150,      1.3711,     27.8552,     55.7103,      0.0188,      0.0026,      0.2025,      0.1964,   7473.3599,-437110.7188,  -1046.6335,    537.5433,  24911.1992,
       1,     166,      58,      11,       1,       3,       1,     10.0000,      1.3793,     42.2796,    242.9833,     61.1499,      3.4953,      0.1562,      0.1240,     39.0521,      0.1770,      5.4575,     10.9150,      1.5643,     27.8552,     55.7103,      0.0188,      0.0024,      0.2061,      0.1964,   7473.3599,-470917.6562,  -1056.3030,    535.2732,  24911.1992,
       1,     166,      58,      12,       1,       3,       1,     10.0000,      1.3793,     42.2796,    242.9833,     61.1499,      3.4953,      0.1850,      0.1523,     31.7882,      0.1920,      5.4575,     10.9150,      1.6968,     27.8552,     55.7103,      0.0188,      0.0016,      0.2500,      0.1964,   7473.3599,-470574.9062,  -1056.2775,    535.3009,  24911.1992,
       1,     166,      58,      13,       1,       3,       1,     10.0000,      1.3793,     42.2796,    242.9833,     61.1499,      3.4953,      0.1850,      0.1521,     32.5134,      0.1998,      5.4575,     10.9150,      1.7652,     27.8552,     55.7103,      0.0188,      0.0016,      0.2500,      0.1964,   7473.3599,-461152.6562,  -1053.6564,    535.9314,  24911.1992,
       1,     166,      58,      14,       1,       3,       1,     10.0000,      1.3793,     42.2796,    242.9833,     61.1499,      3.4953,      0.1862,      0.1530,     48.3524,      0.2105,      5.4575,     10.9150,      1.8598,     27.8552,     55.7103,      0.0188,      0.0024,      0.2500,      0.1964,   7473.3599,-461273.5312,  -1053.7391,    535.9237,  24911.2012,
       1,     166,      58,      15,       1,       3,       1,     10.0000,      1.3793,     42.2796,    242.9833,     61.1499,      3.4953,      0.1874,      0.1541,     87.7770,      0.2142,      5.4575,     10.9150,      1.8930,     27.8552,     55.7103,      0.0188,      0.0045,      0.2472,      0.1964,   7473.3608,-481747.3438,  -1059.6368,    534.5521,  24911.1973,
       1,     166,      58,      16,       1,       3,       1,     10.0000,      1.3793,     42.2796,    242.9833,     61.1499,      3.4953,      0.1796,      0.1464,    111.5341,      0.2125,      5.4575,     10.9150,      1.8781,     27.8552,     55.7103,      0.0188,      0.0060,      0.2328,      0.1964,   7473.3594,-534482.2500,  -1074.8156,    531.0302,  24911.1973,
       1,     166,      58,      17,       1,       3,       1,     10.0000,      1.3793,     42.2796,    242.9833,     61.1499,      3.4953,      0.1577,      0.1246,    113.5824,      0.2068,      5.4575,     10.9150,      1.8271,     27.8552,     55.7103,      0.0188,      0.0071,      0.1996,      0.1963,   7473.3594,-569816.2500,  -1085.2579,    528.6963,  24911.1953,
       1,     166,      58,      18,       1,       3,       1,     10.0000,      1.3793,     42.2796,    242.9833,     61.1499,      3.4953,      0.1407,      0.1081,    102.3641,      0.1926,      5.4575,     10.9150,      1.7019,     27.8552,     55.7103,      0.0188,      0.0073,      0.1756,      0.1963,   7473.3589,-575528.7500,  -1087.4030,    528.3240,  24911.1953,
       1,     166,      58,      19,       1,       3,       1,     10.0000,      1.3793,     42.2796,    242.9833,     61.1499,      3.4953,      0.1028,      0.0706,     79.9258,      0.1756,      5.4575,     10.9150,      1.5519,     27.8552,     55.7103,      0.0188,      0.0082,      0.1218,      0.1963,   7473.3589,-561495.7500,  -1083.9238,    529.2509,  24911.1934,
       1,     166,      58,      20,       1,       3,       1,     10.0000,      1.3793,     42.2796,    242.9833,     61.1499,      3.4953,      0.0146,     -0.0168,      0.4086,      0.1552,      5.4575,     10.9150,      1.3711,     27.8552,     55.7103,      0.0188,      0.0075,      0.0007,      0.1963,   7473.3584,-531246.7500,  -1075.7178,    531.2527,  24911.1914,
       1,     166,      58,      21,       1,       3,       1,     10.0000,      1.3793,     42.2796,    242.9833,     61.1499,      3.4953,      0.0000,     -0.0311,      9.0162,      0.1442,      5.4575,     10.9150,      1.2741,     27.8552,     55.7103,      0.0188,      0.0073,      0.0156,      0.1963,   7473.3579,-425790.0312,  -1045.7363,    538.2596,  24911.1934,
       1,     166,      58,      22,       1,       3,       1,     10.0000,      1.3793,     42.2796,    242.9833,     61.1499,      3.4953,      0.0000,     -0.0311,      9.1708,      0.1435,      5.4575,     10.9150,      1.2677,     27.8552,     55.7103,      0.0188,      0.0074,      0.0156,      0.1964,   7473.3584,-427911.8125,  -1046.3480,    538.1633,  24911.1934,
       1,     166,      58,      23,       1,       3,       1,     10.0000,      1.3793,     42.2796,    242.9833,     61.1499,      3.4953,      0.0000,     -0.0310,      7.7396,      0.1407,      5.4575,     10.9150,      1.2436,     27.8552,     55.7103,      0.0188,      0.0062,      0.0156,      0.1964,   7473.3584,-428235.8438,  -1046.4432,    538.1415,  24911.1934,
       1,     166,      58,      24,       1,       3,       1,     10.0000,      1.3793,     42.2796,    242.9833,     61.1499,      3.4953,      0.0000,     -0.0307,      6.1802,      0.1345,      5.4575,     10.9150,      1.1883,     27.8552,     55.7103,      0.0188,      0.0050,      0.0156,      0.1964,   7473.3584,-426415.7500,  -1045.9237,    538.2639,  24911.1934,
       1,     166,      59,       1,       1,       3,       1,     10.0000,      1.3793,     42.2799,    242.9891,     61.1513,      3.4953,      0.0000,     -0.0305,      4.5355,      0.1295,      5.4574,     10.9149,      1.1446,     27.8593,     55.7186,      0.0188,      0.0036,      0.0156,      0.1964,   7473.3584,-424399.7500,  -1045.7621,    538.4122,  24912.3184,
       1,     166,      59,       2,       1,       3,       1,     10.0000,      1.3793,     42.2799,    242.9891,     61.1513,      3.4953,      0.0000,     -0.0306,      3.3541,      0.1306,      5.4574,     10.9149,      1.1539,     27.8593,     55.7186,      0.0188,      0.0027,      0.0156,      0.1964,   7473.6958,-421947.4375,  -1044.6475,    538.5773,  24912.3184,
       1,     166,      59,       3,       1,       3,       1,     10.0000,      1.3793,     42.2799,    242.9891,     61.1513,      3.4953,      0.0000,     -0.0305,      3.1057,      0.1284,      5.4574,     10.9149,      1.1342,     27.8593,     55.7186,      0.0188,      0.0025,      0.0156,      0.1964,   7473.6958,-420208.8438,  -1044.1500,    538.6944,  24912.3184,
       1,     166,      59,       4,       1,       3,       1,     10.0000,      1.3793,     42.2799,    242.9891,     61.1513,      3.4953,      0.0000,     -0.0303,      2.6918,      0.1244,      5.4574,     10.9149,      1.0990,     27.8593,     55.7186,      0.0188,      0.0022,      0.0156,      0.1964,   7473.6958,-419736.9375,  -1044.0157,    538.7261,  24912.3184,
       1,     166,      59,       5,       1,       3,       1,     10.0000,      1.3793,     42.2799,    242.9891,     61.1513,      3.4953,      0.0000,     -0.0303,      2.2510,      0.1232,      5.4574,     10.9149,      1.0889,     27.8593,     55.7186,      0.0188,      0.0018,      0.0156,      0.1964,   7473.6958,-419161.5625,  -1043.8517,    538.7649,  24912.3184,
       1,     166,      59,       6,       1,       3,       1,     10.0000,      1.3793,     42.2799,    242.9891,     61.1513,      3.4953,      0.0000,     -0.0301,      1.8023,      0.1177,      5.4574,     10.9149,      1.0401,     27.8593,     55.7186,      0.0188,      0.0014,      0.0156,      0.1964,   7473.6958,-418542.3438,  -1043.6752,    538.8066,  24912.3184,
       1,     166,      59,       7,       1,       3,       1,     10.0000,      1.3793,     42.2799,    242.9891,     61.1513,      3.4953,      0.0000,     -0.0301,      1.7794,      0.1193,      5.4574,     10.9149,      1.0540,     27.8593,     55.7186,      0.0188,      0.0014,      0.0156,      0.1964,   7473.6958,-417909.2812,  -1043.4944,    538.8493,  24912.3184,
       1,     166,      59,       8,       1,       3,       1,     10.0000,      1.3793,     42.2799,    242.9891,     61.1513,      3.4953,      0.0014,     -0.0285,      1.4748,      0.1125,      5.4574,     10.9149,      0.9943,     27.8593,     55.7186,      0.0188,      0.0012,      0.0156,      0.1964,   7473.6958,-417824.5625,  -1043.4705,    538.8550,  24912.3184,
       1,     166,      59,       9,       1,       3,       1,     10.0000,      1.3793,     42.2799,    242.9891,     61.1513,      3.4953,      0.0460,      0.0159,      3.7382,      0.1198,      5.4574,     10.9149,      1.0583,     27.8593,     55.7186,      0.0188,      0.0010,      0.0481,      0.1964,   7473.6958,-417424.0000,  -1043.3566,    538.8820,  24912.3184,
       1,     166,      59,      10,       1,       3,       1,     10.0000,      1.3793,     42.2799,    242.9891,     61.1513,      3.4953,      0.1202,      0.0890,     13.7466,      0.1474,      5.4574,     10.9149,      1.3027,     27.8593,     55.7186,      0.0188,      0.0011,      0.1557,      0.1964,   7473.6958,-420311.3438,  -1044.1854,    538.6874,  24912.3184,
       1,     166,      59,      11,       1,       3,       1,     10.0000,      1.3793,     42.2799,    242.9891,     61.1513,      3.4953,      0.1179,      0.0859,     10.4188,      0.1713,      5.4574,     10.9149,      1.5138,     27.8593,     55.7186,      0.0188,      0.0009,      0.1524,      0.1964,   7473.6958,-433484.1562,  -1047.9751,    537.8005,  24912.3184,
       1,     166,      59,      12,       1,       3,       1,     10.0000,      1.3793,     42.2799,    242.9891,     61.1513,      3.4953,      0.1472,      0.1147,     14.4426,      0.1872,      5.4574,     10.9149,      1.6538,     27.8593,     55.7186,      0.0188,      0.0009,      0.1956,      0.1964,   7473.6958,-430334.1562,  -1047.0809,    538.0130,  24912.3184,
       1,     166,      59,      13,       1,       3,       1,     10.0000,      1.3793,     42.2799,    242.9891,     61.1513,      3.4953,      0.1439,      0.1107,     13.4677,      0.2099,      5.4574,     10.9149,      1.8544,     27.8593,     55.7186,      0.0188,      0.0009,      0.1907,      0.1964,   7473.6958,-435255.2188,  -1048.5062,    537.6821,  24912.3184,
       1,     166,      59,      14,       1,       3,       1,     10.0000,      1.3793,     42.2799,    242.9891,     61.1513,      3.4953,      0.1706,      0.1375,     22.1316,      0.2076,      5.4574,     10.9149,      1.8344,     27.8593,     55.7186,      0.0188,      0.0012,      0.2297,      0.1964,   7473.6958,-434424.2188,  -1048.2816,    537.7380,  24912.3164,
       1,     166,      59,      15,       1,       3,       1,     10.0000,      1.3793,     42.2799,    242.9891,     61.1513,      3.4953,      0.1655,      0.1325,     50.7920,      0.2016,      5.4574,     10.9149,      1.7810,     27.8593,     55.7186,      0.0188,      0.0029,      0.2186,      0.1964,   7473.6953,-445540.1875,  -1051.4930,    536.9908,  24912.3164,
       1,     166,      59,      16,       1,       3,       1,     10.0000,      1.3793,     42.2799,    242.9891,     61.1513,      3.4953,      0.1835,      0.1507,     95.1024,      0.1976,      5.4574,     10.9149,      1.7462,     27.8593,     55.7186,      0.0188,      0.0050,      0.2405,      0.1964,   7473.6953,-483523.5625,  -1062.4457,    534.4417,  24912.3164,
       1,     166,      59,      17,       1,       3,       1,     10.0000,      1.3793,     42.2799,    242.9891,     61.1513,      3.4953,      0.1669,      0.1341,    104.3072,      0.1957,      5.4574,     10.9149,      1.7291,     27.8593,     55.7186,      0.0188,      0.0061,      0.2145,      0.1964,   7473.6953,-544099.5625,  -1079.9863,    530.4010,  24912.3164,
       1,     166,      59,      18,       1,       3,       1,     10.0000,      1.3793,     42.2799,    242.9891,     61.1513,      3.4953,      0.1440,      0.1114,    102.6823,      0.1888,      5.4574,     10.9149,      1.6686,     27.8593,     55.7186,      0.0188,      0.0071,      0.1804,      0.1963,   7473.6953,-561295.3750,  -1085.3181,    529.2761,  24912.3125,
       1,     166,      59,      19,       1,       3,       1,     10.0000,      1.3793,     42.2799,    242.9891,     61.1513,      3.4953,      0.1029,      0.0708,     68.6315,      0.1742,      5.4574,     10.9149,      1.5397,     27.8593,     55.7186,      0.0188,      0.0070,      0.1233,      0.1963,   7473.6938,-560666.0000,  -1085.6102,    529.3191,  24912.3125,
       1,     166,      59,      20,       1,       3,       1,     10.0000,      1.3793,     42.2799,    242.9891,     61.1513,      3.4953,      0.0156,     -0.0160,      0.9698,      0.1593,      5.4574,     10.9149,      1.4074,     27.8593,     55.7186,      0.0188,      0.0064,      0.0019,      0.1963,   7473.6938,-516550.4062,  -1073.3494,    532.2379,  24912.3125,
       1,     166,      59,      21,       1,       3,       1,     10.0000,      1.3793,     42.2799,    242.9891,     61.1513,      3.4953,      0.0000,     -0.0313,      7.2696,      0.1500,      5.4574,     10.9149,      1.3251,     27.8593,     55.7186,      0.0188,      0.0058,      0.0156,      0.1964,   7473.6938,-425275.3125,  -1047.2424,    538.3185,  24912.3125,
       1,     166,      59,      22,       1,       3,       1,     10.0000,      1.3793,     42.2799,    242.9891,     61.1513,      3.4953,      0.0000,     -0.0310,      7.1710,      0.1430,      5.4574,     10.9149,      1.2639,     27.8593,     55.7186,      0.0188,      0.0058,      0.0156,      0.1964,   7473.6938,-425599.3750,  -1047.3403,    538.3315,  24912.3125,
       1,     166,      59,      23,       1,       3,       1,     10.0000,      1.3793,     42.2799,    242.9891,     61.1513,      3.4953,      0.0000,     -0.0309,      6.6823,      0.1378,      5.4574,     10.9149,      1.2175,     27.8593,     55.7186,      0.0188,      0.0054,      0.0156,      0.1964,   7473.6938,-425455.1250,  -1047.3020,    538.3412,  24912.3125,
       1,     166,      59,      24,       1,       3,       1,     10.0000,      1.3793,     42.2799,    242.9891,     61.1513,      3.4953,      0.0000,     -0.0309,      6.0971,      0.1379,      5.4574,     10.9149,      1.2188,     27.8593,     55.7186,      0.0188,      0.0049,      0.0156,      0.1964,   7473.6938,-424811.5312,  -1047.1196,    538.3845,  24912.3125,
       1,     166,      60,       1,       1,       3,       1,     10.0000,      1.3793,     42.2803,    242.9948,     61.1528,      3.4953,      0.0000,     -0.0309,      4.9931,      0.1378,      5.4583,     10.9166,      1.2176,     27.8585,     55.7170,      0.0188,      0.0040,      0.0156,      0.1965,   7473.6938,-424156.0312,  -1047.3492,    538.4415,  24913.4375,
       1,     166,      60,       2,       1,       3,       1,     10.0000,      1.3793,     42.2803,    242.9948,     61.1528,      3.4953,      0.0000,     -0.0307,      3.8775,      0.1339,      5.4583,     10.9166,      1.1836,     27.8585,     55.7170,      0.0188,      0.0031,      0.0156,      0.1965,   7474.0317,-422519.6562,  -1046.4647,    538.5517,  24913.4375,
       1,     166,      60,       3,       1,       3,       1,     10.0000,      1.3793,     42.2803,    242.9948,     61.1528,      3.4953,      0.0000,     -0.0307,      2.9896,      0.1327,      5.4583,     10.9166,      1.1728,     27.8585,     55.7170,      0.0188,      0.0024,      0.0156,      0.1965,   7474.0317,-420937.1562,  -1046.0103,    538.6582,  24913.4355,
       1,     166,      60,       4,       1,       3,       1,     10.0000,      1.3793,     42.2803,    242.9948,     61.1528,      3.4953,      0.0000,     -0.0307,      2.7187,      0.1345,      5.4583,     10.9166,      1.1884,     27.8585,     55.7170,      0.0188,      0.0022,      0.0156,      0.1965,   7474.0308,-419653.7812,  -1045.6428,    538.7446,  24913.4355,
       1,     166,      60,       5,       1,       3,       1,     10.0000,      1.3793,     42.2803,    242.9948,     61.1528,      3.4953,      0.0000,     -0.0306,      2.4949,      0.1318,      5.4583,     10.9166,      1.1645,     27.8585,     55.7170,      0.0188,      0.0020,      0.0156,      0.1965,   7474.0308,-419192.6250,  -1045.5112,    538.7757,  24913.4355,
       1,     166,      60,       6,       1,       3,       1,     10.0000,      1.3793,     42.2803,    242.9948,     61.1528,      3.4953,      0.0000,     -0.0305,      2.4256,      0.1291,      5.4583,     10.9166,      1.1411,     27.8585,     55.7170,      0.0188,      0.0020,      0.0156,      0.1965,   7474.0308,-418863.4062,  -1045.4177,    538.7979,  24913.4355,
       1,     166,      60,       7,       1,       3,       1,     10.0000,      1.3793,     42.2803,    242.9948,     61.1528,      3.4953,      0.0000,     -0.0306,      2.2006,      0.1306,      5.4583,     10.9166,      1.1539,     27.8585,     55.7170,      0.0188,      0.0018,      0.0156,      0.1965,   7474.0308,-418745.3750,  -1045.3849,    538.8058,  24913.4355,
       1,     166,      60,       8,       1,       3,       1,     10.0000,      1.3793,     42.2803,    242.9948,     61.1528,      3.4953,      0.0007,     -0.0299,      1.9905,      0.1295,      5.4583,     10.9166,      1.1446,     27.8585,     55.7170,      0.0188,      0.0016,      0.0156,      0.1965,   7474.0308,-418444.7188,  -1045.2992,    538.8261,  24913.4355,
       1,     166,      60,       9,       1,       3,       1,     10.0000,      1.3793,     42.2803,    242.9948,     61.1528,      3.4953,      0.0816,      0.0507,     16.3360,      0.1388,      5.4583,     10.9166,      1.2262,     27.8585,     55.7170,      0.0188,      0.0021,      0.0984,      0.1965,   7474.0308,-418147.2812,  -1045.2145,    538.8461,  24913.4355,
       1,     166,      60,      10,       1,       3,       1,     10.0000,      1.3793,     42.2803,    242.9948,     61.1528,      3.4953,      0.1587,      0.1271,     33.4351,      0.1590,      5.4583,     10.9166,      1.4046,     27.8585,     55.7170,      0.0188,      0.0020,      0.2105,      0.1965,   7474.0308,-436639.7500,  -1050.5625,    537.6005,  24913.4355,
       1,     166,      60,      11,       1,       3,       1,     10.0000,      1.3793,     42.2803,    242.9948,     61.1528,      3.4953,      0.1839,      0.1518,     38.4557,      0.1755,      5.4583,     10.9166,      1.5505,     27.8585,     55.7170,      0.0188,      0.0020,      0.2474,      0.1965,   7474.0308,-460330.3438,  -1057.4286,    536.0099,  24913.4375,
       1,     166,      60,      12,       1,       3,       1,     10.0000,      1.3793,     42.2803,    242.9948,     61.1528,      3.4953,      0.1751,      0.1424,     39.9948,      0.1918,      5.4583,     10.9166,      1.6953,     27.8585,     55.7170,      0.0188,      0.0021,      0.2342,      0.1964,   7474.0317,-468876.9688,  -1059.9491,    535.4396,  24913.4355,
       1,     166,      60,      13,       1,       3,       1,     10.0000,      1.3793,     42.2803,    242.9948,     61.1528,      3.4953,      0.1521,      0.1192,     37.9545,      0.2026,      5.4583,     10.9166,      1.7898,     27.8585,     55.7170,      0.0188,      0.0024,      0.2002,      0.1964,   7474.0308,-471604.6250,  -1060.8094,    535.2574,  24913.4355,
       1,     166,      60,      14,       1,       3,       1,     10.0000,      1.3793,     42.2803,    242.9948,     61.1528,      3.4953,      0.1875,      0.1544,     64.7821,      0.2060,      5.4583,     10.9166,      1.8201,     27.8585,     55.7170,      0.0188,      0.0033,      0.2500,      0.1964,   7474.0308,-469205.0625,  -1060.1937,    535.4180,  24913.4336,
       1,     166,      60,      15,       1,       3,       1,     10.0000,      1.3793,     42.2803,    242.9948,     61.1528,      3.4953,      0.1809,      0.1479,     84.8801,      0.2026,      5.4583,     10.9166,      1.7898,     27.8585,     55.7170,      0.0188,      0.0045,      0.2377,      0.1964,   7474.0303,-503654.6562,  -1070.2316,    533.1124,  24913.4336,
       1,     166,      60,      16,       1,       3,       1,     10.0000,      1.3793,     42.2803,    242.9948,     61.1528,      3.4953,      0.1754,      0.1425,    107.9832,      0.2014,      5.4583,     10.9166,      1.7793,     27.8585,     55.7170,      0.0188,      0.0060,      0.2268,      0.1964,   7474.0303,-532633.7500,  -1078.8182,    531.1862,  24913.4316,
       1,     166,      60,      17,       1,       3,       1,     10.0000,      1.3793,     42.2803,    242.9948,     61.1528,      3.4953,      0.1785,      0.1457,    126.8339,      0.1965,      5.4583,     10.9166,      1.7359,     27.8585,     55.7170,      0.0188,      0.0069,      0.2292,      0.1964,   7474.0298,-565023.8750,  -1088.5344,    529.0391,  24913.4316,
       1,     166,      60,      18,       1,       3,       1,     10.0000,      1.3793,     42.2803,    242.9948,     61.1528,      3.4953,      0.1462,      0.1137,    110.4330,      0.1861,      5.4583,     10.9166,      1.6440,     27.8585,     55.7170,      0.0188,      0.0076,      0.1829,      0.1963,   7474.0298,-592227.6875,  -1096.9105,    527.2443,  24913.4336,
       1,     166,      60,      19,       1,       3,       1,     10.0000,      1.3793,     42.2803,    242.9948,     61.1528,      3.4953,      0.0466,      0.0146,     25.2361,      0.1713,      5.4583,     10.9166,      1.5139,     27.8585,     55.7170,      0.0188,      0.0071,      0.0447,      0.1963,   7474.0303,-573356.8750,  -1092.0569,    528.4911,  24913.4297,
       1,     166,      60,      20,       1,       3,       1,     10.0000,      1.3793,     42.2803,    242.9948,     61.1528,      3.4953,      0.0095,     -0.0220,      7.8953,      0.1550,      5.4583,     10.9166,      1.3698,     27.8585,     55.7170,      0.0188,      0.0063,      0.0156,      0.1963,   7474.0293,-461475.7188,  -1060.0662,    535.8836,  24913.4277,
       1,     166,      60,      21,       1,       3,       1,     10.0000,      1.3793,     42.2803,    242.9948,     61.1528,      3.4953,      0.0000,     -0.0313,      8.0052,      0.1498,      5.4583,     10.9166,      1.3238,     27.8585,     55.7170,      0.0188,      0.0064,      0.0156,      0.1964,   7474.0288,-429566.3438,  -1050.8416,    538.0730,  24913.4277,
       1,     166,      60,      22,       1,       3,       1,     10.0000,      1.3793,     42.2803,    242.9948,     61.1528,      3.4953,      0.0000,     -0.0312,      7.1603,      0.1483,      5.4583,     10.9166,      1.3106,     27.8585,     55.7170,      0.0188,      0.0058,      0.0156,      0.1965,   7474.0288,-426885.4375,  -1050.0690,    538.2578,  24913.4277,
       1,     166,      60,      23,       1,       3,       1,     10.0000,      1.3793,     42.2803,    242.9948,     61.1528,      3.4953,      0.0000,     -0.0312,      6.5152,      0.1485,      5.4583,     10.9166,      1.3119,     27.8585,     55.7170,      0.0188,      0.0052,      0.0156,      0.1965,   7474.0288,-425556.0312,  -1049.6877,    538.3473,  24913.4277,
       1,     166,      60,      24,       1,       3,       1,     10.0000,      1.3793,     42.2803,    242.9948,     61.1528,      3.4953,      0.0000,     -0.0312,      5.8305,      0.1461,      5.4583,     10.9166,      1.2910,     27.8585,     55.7170,      0.0188,      0.0047,      0.0156,      0.1965,   7474.0288,-424607.5938,  -1049.4166,    538.4111,  24913.4258,
       1,     166,      61,       1,       1,       3,       1,     10.0000,      1.3794,     42.2806,    243.0006,     61.1542,      3.4953,      0.0000,     -0.0310,      4.3553,      0.1413,      5.4578,     10.9157,      1.2487,     27.8612,     55.7225,      0.0188,      0.0035,      0.0156,      0.1965,   7474.0278,-423797.2812,  -1049.6041,    538.4784,  24914.5508,
       1,     166,      61,       2,       1,       3,       1,     10.0000,      1.3794,     42.2806,    243.0006,     61.1542,      3.4953,      0.0000,     -0.0308,      3.7015,      0.1356,      5.4578,     10.9157,      1.1980,     27.8612,     55.7225,      0.0188,      0.0030,      0.0156,      0.1965,   7474.3657,-421668.6875,  -1048.5712,    538.6216,  24914.5508,
       1,     166,      61,       3,       1,       3,       1,     10.0000,      1.3794,     42.2806,    243.0006,     61.1542,      3.4953,      0.0000,     -0.0307,      3.3989,      0.1329,      5.4578,     10.9157,      1.1740,     27.8612,     55.7225,      0.0188,      0.0027,      0.0156,      0.1965,   7474.3657,-420640.0000,  -1048.2749,    538.6910,  24914.5508,
       1,     166,      61,       4,       1,       3,       1,     10.0000,      1.3794,     42.2806,    243.0006,     61.1542,      3.4953,      0.0000,     -0.0306,      3.6913,      0.1319,      5.4578,     10.9157,      1.1657,     27.8612,     55.7225,      0.0188,      0.0030,      0.0156,      0.1965,   7474.3657,-420159.7812,  -1048.1377,    538.7233,  24914.5508,
       1,     166,      61,       5,       1,       3,       1,     10.0000,      1.3794,     42.2806,    243.0006,     61.1542,      3.4953,      0.0000,     -0.0306,      4.0913,      0.1314,      5.4578,     10.9157,      1.1610,     27.8612,     55.7225,      0.0188,      0.0033,      0.0156,      0.1965,   7474.3657,-420495.5625,  -1048.2373,    538.7007,  24914.5508,
       1,     166,      61,       6,       1,       3,       1,     10.0000,      1.3794,     42.2806,    243.0006,     61.1542,      3.4953,      0.0000,     -0.0306,      4.2244,      0.1322,      5.4578,     10.9157,      1.1681,     27.8612,     55.7225,      0.0188,      0.0034,      0.0156,      0.1965,   7474.3657,-421040.9375,  -1048.3982,    538.6639,  24914.5508,
       1,     166,      61,       7,       1,       3,       1,     10.0000,      1.3794,     42.2806,    243.0006,     61.1542,      3.4953,      0.0000,     -0.0306,      3.9422,      0.1309,      5.4578,     10.9157,      1.1563,     27.8612,     55.7225,      0.0188,      0.0032,      0.0156,      0.1965,   7474.3657,-421260.4062,  -1048.4646,    538.6492,  24914.5508,
       1,     166,      61,       8,       1,       3,       1,     10.0000,      1.3794,     42.2806,    243.0006,     61.1542,      3.4953,      0.0005,     -0.0300,      3.7622,      0.1286,      5.4578,     10.9157,      1.1365,     27.8612,     55.7225,      0.0188,      0.0030,      0.0156,      0.1965,   7474.3657,-420914.9688,  -1048.3667,    538.6724,  24914.5508,
       1,     166,      61,       9,       1,       3,       1,     10.0000,      1.3794,     42.2806,    243.0006,     61.1542,      3.4953,      0.0161,     -0.0146,      0.8706,      0.1353,      5.4578,     10.9157,      1.1956,     27.8612,     55.7225,      0.0188,      0.0029,      0.0038,      0.1965,   7474.3657,-420652.7188,  -1048.2930,    538.6901,  24914.5508,
       1,     166,      61,      10,       1,       3,       1,     10.0000,      1.3794,     42.2806,    243.0006,     61.1542,      3.4953,      0.0721,      0.0407,     20.0714,      0.1541,      5.4578,     10.9157,      1.3616,     27.8612,     55.7225,      0.0188,      0.0030,      0.0836,      0.1965,   7474.3657,-416897.4375,  -1047.2019,    538.9429,  24914.5508,
       1,     166,      61,      11,       1,       3,       1,     10.0000,      1.3794,     42.2806,    243.0006,     61.1542,      3.4953,      0.1246,      0.0925,     42.8230,      0.1746,      5.4578,     10.9157,      1.5428,     27.8612,     55.7225,      0.0188,      0.0034,      0.1586,      0.1965,   7474.3657,-441353.6875,  -1054.3228,    537.2955,  24914.5508,
       1,     166,      61,      12,       1,       3,       1,     10.0000,      1.3794,     42.2806,    243.0006,     61.1542,      3.4953,      0.1575,      0.1249,     54.4776,      0.1892,      5.4578,     10.9157,      1.6720,     27.8612,     55.7225,      0.0188,      0.0033,      0.2062,      0.1965,   7474.3657,-472862.5000,  -1063.5184,    535.1818,  24914.5488,
       1,     166,      61,      13,       1,       3,       1,     10.0000,      1.3794,     42.2806,    243.0006,     61.1542,      3.4953,      0.1817,      0.1489,     61.3864,      0.1955,      5.4578,     10.9157,      1.7274,     27.8612,     55.7225,      0.0188,      0.0032,      0.2416,      0.1965,   7474.3647,-490661.3750,  -1068.7815,    533.9952,  24914.5488,
       1,     166,      61,      14,       1,       3,       1,     10.0000,      1.3794,     42.2806,    243.0006,     61.1542,      3.4953,      0.1803,      0.1476,     74.3009,      0.1938,      5.4578,     10.9157,      1.7121,     27.8612,     55.7225,      0.0188,      0.0039,      0.2381,      0.1964,   7474.3647,-501129.6250,  -1071.9723,    533.2977,  24914.5488,
       1,     166,      61,      15,       1,       3,       1,     10.0000,      1.3794,     42.2806,    243.0006,     61.1542,      3.4953,      0.1865,      0.1536,    100.6074,      0.1990,      5.4578,     10.9157,      1.7584,     27.8612,     55.7225,      0.0188,      0.0052,      0.2442,      0.1964,   7474.3647,-518726.1562,  -1077.2902,    532.1252,  24914.5469,
       1,     166,      61,      16,       1,       3,       1,     10.0000,      1.3794,     42.2806,    243.0006,     61.1542,      3.4953,      0.1641,      0.1314,    103.5142,      0.1930,      5.4578,     10.9157,      1.7054,     27.8612,     55.7225,      0.0188,      0.0062,      0.2104,      0.1964,   7474.3643,-554260.3125,  -1087.9229,    529.7629,  24914.5449,
       1,     166,      61,      17,       1,       3,       1,     10.0000,      1.3794,     42.2806,    243.0006,     61.1542,      3.4953,      0.1664,      0.1340,    122.2609,      0.1829,      5.4578,     10.9157,      1.6166,     27.8612,     55.7225,      0.0188,      0.0073,      0.2116,      0.1964,   7474.3638,-561111.5625,  -1090.3591,    529.3145,  24914.5469,
       1,     166,      61,      18,       1,       3,       1,     10.0000,      1.3794,     42.2806,    243.0006,     61.1542,      3.4953,      0.1177,      0.0856,     81.9566,      0.1767,      5.4578,     10.9157,      1.5613,     27.8612,     55.7225,      0.0188,      0.0072,      0.1438,      0.1963,   7474.3643,-585949.3125,  -1098.0931,    527.6713,  24914.5449,
       1,     166,      61,      19,       1,       3,       1,     10.0000,      1.3794,     42.2806,    243.0006,     61.1542,      3.4953,      0.0482,      0.0164,     24.8268,      0.1650,      5.4578,     10.9157,      1.4576,     27.8612,     55.7225,      0.0188,      0.0066,      0.0473,      0.1963,   7474.3638,-535946.6250,  -1084.0580,    530.9719,  24914.5430,
       1,     166,      61,      20,       1,       3,       1,     10.0000,      1.3794,     42.2806,    243.0006,     61.1542,      3.4953,      0.0076,     -0.0238,      8.7066,      0.1518,      5.4578,     10.9157,      1.3413,     27.8612,     55.7225,      0.0188,      0.0070,      0.0156,      0.1964,   7474.3633,-457780.1875,  -1061.5208,    536.1703,  24914.5410,
       1,     166,      61,      21,       1,       3,       1,     10.0000,      1.3794,     42.2806,    243.0006,     61.1542,      3.4953,      0.0000,     -0.0312,      8.0720,      0.1462,      5.4578,     10.9157,      1.2923,     27.8612,     55.7225,      0.0188,      0.0065,      0.0156,      0.1965,   7474.3628,-430264.1562,  -1053.5060,    538.0400,  24914.5430,
       1,     166,      61,      22,       1,       3,       1,     10.0000,      1.3794,     42.2806,    243.0006,     61.1542,      3.4953,      0.0000,     -0.0311,      7.2900,      0.1435,      5.4578,     10.9157,      1.2678,     27.8612,     55.7225,      0.0188,      0.0059,      0.0156,      0.1965,   7474.3633,-427033.4062,  -1052.5674,    538.2606,  24914.5410,
       1,     166,      61,      23,       1,       3,       1,     10.0000,      1.3794,     42.2806,    243.0006,     61.1542,      3.4953,      0.0000,     -0.0309,      6.8296,      0.1398,      5.4578,     10.9157,      1.2349,     27.8612,     55.7225,      0.0188,      0.0055,      0.0156,      0.1965,   7474.3628,-425739.5000,  -1052.1956,    538.3477,  24914.5410,
       1,     166,      61,      24,       1,       3,       1,     10.0000,      1.3794,     42.2806,    243.0006,     61.1542,      3.4953,      0.0000,     -0.0309,      5.9818,      0.1393,      5.4578,     10.9157,      1.2312,     27.8612,     55.7225,      0.0188,      0.0048,      0.0156,      0.1965,   7474.3628,-425032.7500,  -1051.9939,    538.3953,  24914.5410,
       1,     166,      62,       1,       1,       3,       1,     10.0000,      1.3794,     42.2809,    243.0064,     61.1557,      3.4953,      0.0000,     -0.0307,      5.2220,      0.1337,      5.4588,     10.9176,      1.1812,     27.8579,     55.7158,      0.0188,      0.0042,      0.0156,      0.1965,   7474.3628,-424032.6875,  -1052.1277,    538.4753,  24915.6660,
       1,     166,      62,       2,       1,       3,       1,     10.0000,      1.3794,     42.2809,    243.0064,     61.1557,      3.4953,      0.0000,     -0.0306,      4.3738,      0.1313,      5.4588,     10.9176,      1.1599,     27.8579,     55.7158,      0.0188,      0.0035,      0.0156,      0.1965,   7474.7002,-422811.2188,  -1051.3529,    538.5576,  24915.6660,
       1,     166,      62,       3,       1,       3,       1,     10.0000,      1.3794,     42.2809,    243.0064,     61.1557,      3.4953,      0.0000,     -0.0305,      4.0682,      0.1288,      5.4588,     10.9176,      1.1377,     27.8579,     55.7158,      0.0188,      0.0033,      0.0156,      0.1965,   7474.7002,-421610.1875,  -1051.0051,    538.6384,  24915.6660,
       1,     166,      62,       4,       1,       3,       1,     10.0000,      1.3794,     42.2809,    243.0064,     61.1557,      3.4953,      0.0000,     -0.0305,      3.6586,      0.1293,      5.4588,     10.9176,      1.1423,     27.8579,     55.7158,      0.0188,      0.0029,      0.0156,      0.1965,   7474.7002,-421111.5000,  -1050.8624,    538.6721,  24915.6660,
       1,     166,      62,       5,       1,       3,       1,     10.0000,      1.3794,     42.2809,    243.0064,     61.1557,      3.4953,      0.0000,     -0.0304,      3.6785,      0.1262,      5.4588,     10.9176,      1.1148,     27.8579,     55.7158,      0.0188,      0.0030,      0.0156,      0.1965,   7474.7002,-420539.3750,  -1050.6978,    538.7105,  24915.6660,
       1,     166,      62,       6,       1,       3,       1,     10.0000,      1.3794,     42.2809,    243.0064,     61.1557,      3.4953,      0.0000,     -0.0302,      3.6056,      0.1206,      5.4588,     10.9176,      1.0660,     27.8579,     55.7158,      0.0188,      0.0029,      0.0156,      0.1965,   7474.7002,-420515.4062,  -1050.6935,    538.7122,  24915.6660,
       1,     166,      62,       7,       1,       3,       1,     10.0000,      1.3794,     42.2809,    243.0064,     61.1557,      3.4953,      0.0000,     -0.0300,      3.3315,      0.1170,      5.4588,     10.9176,      1.0338,     27.8579,     55.7158,      0.0188,      0.0027,      0.0156,      0.1965,   7474.7002,-420419.2812,  -1050.6681,    538.7186,  24915.6660,
       1,     166,      62,       8,       1,       3,       1,     10.0000,      1.3794,     42.2809,    243.0064,     61.1557,      3.4953,      0.0016,     -0.0284,      3.6178,      0.1159,      5.4588,     10.9176,      1.0243,     27.8579,     55.7158,      0.0188,      0.0029,      0.0156,      0.1965,   7474.7002,-420057.1875,  -1050.5647,    538.7430,  24915.6660,
       1,     166,      62,       9,       1,       3,       1,     10.0000,      1.3794,     42.2809,    243.0064,     61.1557,      3.4953,      0.0699,      0.0394,     21.5397,      0.1260,      5.4588,     10.9176,      1.1137,     27.8579,     55.7158,      0.0188,      0.0033,      0.0809,      0.1965,   7474.7002,-420395.1250,  -1050.6661,    538.7202,  24915.6660,
       1,     166,      62,      10,       1,       3,       1,     10.0000,      1.3794,     42.2809,    243.0064,     61.1557,      3.4953,      0.1505,      0.1195,     52.4708,      0.1428,      5.4588,     10.9176,      1.2614,     27.8579,     55.7158,      0.0188,      0.0034,      0.1960,      0.1965,   7474.7002,-443554.8438,  -1057.4611,    537.1607,  24915.6660,
       1,     166,      62,      11,       1,       3,       1,     10.0000,      1.3794,     42.2809,    243.0064,     61.1557,      3.4953,      0.1720,      0.1400,     58.7011,      0.1701,      5.4588,     10.9176,      1.5034,     27.8579,     55.7158,      0.0188,      0.0032,      0.2272,      0.1965,   7474.7002,-485507.0938,  -1069.7876,    534.3459,  24915.6641,
       1,     166,      62,      12,       1,       3,       1,     10.0000,      1.3794,     42.2809,    243.0064,     61.1557,      3.4953,      0.1753,      0.1428,     50.3042,      0.1855,      5.4588,     10.9176,      1.6392,     27.8579,     55.7158,      0.0188,      0.0027,      0.2332,      0.1965,   7474.6997,-497215.0625,  -1073.3375,    533.5714,  24915.6660,
       1,     166,      62,      13,       1,       3,       1,     10.0000,      1.3794,     42.2809,    243.0064,     61.1557,      3.4953,      0.1867,      0.1540,     52.7484,      0.1919,      5.4588,     10.9176,      1.6953,     27.8579,     55.7158,      0.0188,      0.0026,      0.2500,      0.1965,   7474.7002,-487371.2188,  -1070.6182,    534.2285,  24915.6641,
       1,     166,      62,      14,       1,       3,       1,     10.0000,      1.3794,     42.2809,    243.0064,     61.1557,      3.4953,      0.1871,      0.1543,     58.8982,      0.1963,      5.4588,     10.9176,      1.7343,     27.8579,     55.7158,      0.0188,      0.0030,      0.2500,      0.1965,   7474.6997,-489677.4688,  -1071.4240,    534.0749,  24915.6641,
       1,     166,      62,      15,       1,       3,       1,     10.0000,      1.3794,     42.2809,    243.0064,     61.1557,      3.4953,      0.1889,      0.1559,     82.2550,      0.2024,      5.4588,     10.9176,      1.7882,     27.8579,     55.7158,      0.0188,      0.0041,      0.2500,      0.1965,   7474.6997,-497821.9688,  -1073.9521,    533.5312,  24915.6641,
       1,     166,      62,      16,       1,       3,       1,     10.0000,      1.3794,     42.2809,    243.0064,     61.1557,      3.4953,      0.1674,      0.1342,    112.1491,      0.2113,      5.4588,     10.9176,      1.8673,     27.8579,     55.7158,      0.0188,      0.0066,      0.2145,      0.1965,   7474.6997,-528708.0625,  -1083.1998,    531.4717,  24915.6621,
       1,     166,      62,      17,       1,       3,       1,     10.0000,      1.3794,     42.2809,    243.0064,     61.1557,      3.4953,      0.1616,      0.1285,    123.8047,      0.2058,      5.4588,     10.9176,      1.8184,     27.8579,     55.7158,      0.0188,      0.0076,      0.2043,      0.1964,   7474.6987,-570040.6875,  -1095.6665,    528.7297,  24915.6602,
       1,     166,      62,      18,       1,       3,       1,     10.0000,      1.3794,     42.2809,    243.0064,     61.1557,      3.4953,      0.1222,      0.0900,     83.7719,      0.1795,      5.4588,     10.9176,      1.5864,     27.8579,     55.7158,      0.0188,      0.0070,      0.1503,      0.1964,   7474.6982,-588715.1250,  -1101.6758,    527.5026,  24915.6602,
       1,     166,      62,      19,       1,       3,       1,     10.0000,      1.3794,     42.2809,    243.0064,     61.1557,      3.4953,      0.0627,      0.0307,     37.3100,      0.1698,      5.4588,     10.9176,      1.5004,     27.8579,     55.7158,      0.0188,      0.0070,      0.0672,      0.1963,   7474.6982,-538520.9375,  -1087.4985,    530.8137,  24915.6602,
       1,     166,      62,      20,       1,       3,       1,     10.0000,      1.3794,     42.2809,    243.0064,     61.1557,      3.4953,      0.0211,     -0.0104,      5.3594,      0.1563,      5.4588,     10.9176,      1.3809,     27.8579,     55.7158,      0.0188,      0.0070,      0.0096,      0.1964,   7474.6982,-474139.1250,  -1068.8794,    535.0959,  24915.6582,
       1,     166,      62,      21,       1,       3,       1,     10.0000,      1.3794,     42.2809,    243.0064,     61.1557,      3.4953,      0.0000,     -0.0313,      8.8729,      0.1507,      5.4588,     10.9176,      1.3319,     27.8579,     55.7158,      0.0188,      0.0071,      0.0156,      0.1965,   7474.6978,-427341.9062,  -1055.1526,    538.2433,  24915.6582,
       1,     166,      62,      22,       1,       3,       1,     10.0000,      1.3794,     42.2809,    243.0064,     61.1557,      3.4953,      0.0000,     -0.0311,      8.4252,      0.1458,      5.4588,     10.9176,      1.2884,     27.8579,     55.7158,      0.0188,      0.0068,      0.0156,      0.1965,   7474.6978,-427824.0312,  -1055.3029,    538.2202,  24915.6582,
       1,     166,      62,      23,       1,       3,       1,     10.0000,      1.3794,     42.2809,    243.0064,     61.1557,      3.4953,      0.0000,     -0.0310,      6.7942,      0.1423,      5.4588,     10.9176,      1.2576,     27.8579,     55.7158,      0.0188,      0.0055,      0.0156,      0.1965,   7474.6978,-427276.0625,  -1055.1486,    538.2571,  24915.6562,
       1,     166,      62,      24,       1,       3,       1,     10.0000,      1.3794,     42.2809,    243.0064,     61.1557,      3.4953,      0.0000,     -0.0309,      5.9200,      0.1395,      5.4588,     10.9176,      1.2325,     27.8579,     55.7158,      0.0188,      0.0048,      0.0156,      0.1965,   7474.6973,-425123.4688,  -1054.5212,    538.4020,  24915.6562,
       1,     166,      63,       1,       1,       3,       1,     10.0000,      1.3794,     42.2813,    243.0122,     61.1572,      3.4953,      0.0000,     -0.0307,      4.8098,      0.1329,      5.4584,     10.9168,      1.1741,     27.8605,     55.7210,      0.0188,      0.0039,      0.0156,      0.1965,   7474.6973,-423963.9062,  -1054.6089,    538.4929,  24916.7793,
       1,     166,      63,       2,       1,       3,       1,     10.0000,      1.3794,     42.2813,    243.0122,     61.1572,      3.4953,      0.0000,     -0.0305,      4.5442,      0.1291,      5.4584,     10.9168,      1.1412,     27.8605,     55.7210,      0.0188,      0.0037,      0.0156,      0.1965,   7475.0342,-422276.5938,  -1053.6929,    538.6065,  24916.7793,
       1,     166,      63,       3,       1,       3,       1,     10.0000,      1.3794,     42.2813,    243.0122,     61.1572,      3.4953,      0.0000,     -0.0304,      3.9335,      0.1264,      5.4584,     10.9168,      1.1171,     27.8605,     55.7210,      0.0188,      0.0032,      0.0156,      0.1965,   7475.0342,-421787.1562,  -1053.5526,    538.6394,  24916.7793,
       1,     166,      63,       4,       1,       3,       1,     10.0000,      1.3794,     42.2813,    243.0122,     61.1572,      3.4953,      0.0000,     -0.0302,      3.4207,      0.1200,      5.4584,     10.9168,      1.0606,     27.8605,     55.7210,      0.0188,      0.0028,      0.0156,      0.1965,   7475.0342,-420956.5312,  -1053.3112,    538.6953,  24916.7793,
       1,     166,      63,       5,       1,       3,       1,     10.0000,      1.3794,     42.2813,    243.0122,     61.1572,      3.4953,      0.0000,     -0.0301,      3.1468,      0.1172,      5.4584,     10.9168,      1.0359,     27.8605,     55.7210,      0.0188,      0.0025,      0.0156,      0.1965,   7475.0342,-420222.7500,  -1053.0981,    538.7448,  24916.7793,
       1,     166,      63,       6,       1,       3,       1,     10.0000,      1.3794,     42.2813,    243.0122,     61.1572,      3.4953,      0.0000,     -0.0301,      2.5385,      0.1186,      5.4584,     10.9168,      1.0477,     27.8605,     55.7210,      0.0188,      0.0020,      0.0156,      0.1965,   7475.0342,-419805.2812,  -1052.9779,    538.7728,  24916.7793,
       1,     166,      63,       7,       1,       3,       1,     10.0000,      1.3794,     42.2813,    243.0122,     61.1572,      3.4953,      0.0000,     -0.0298,      2.1435,      0.1114,      5.4584,     10.9168,      0.9843,     27.8605,     55.7210,      0.0188,      0.0017,      0.0156,      0.1966,   7475.0342,-418984.1250,  -1052.7382,    538.8281,  24916.7793,
       1,     166,      63,       8,       1,       3,       1,     10.0000,      1.3794,     42.2813,    243.0122,     61.1572,      3.4953,      0.0009,     -0.0289,      1.9245,      0.1120,      5.4584,     10.9168,      0.9893,     27.8605,     55.7210,      0.0188,      0.0015,      0.0156,      0.1966,   7475.0342,-418403.1250,  -1052.5688,    538.8673,  24916.7793,
       1,     166,      63,       9,       1,       3,       1,     10.0000,      1.3794,     42.2813,    243.0122,     61.1572,      3.4953,      0.0137,     -0.0164,      0.1331,      0.1166,      5.4584,     10.9168,      1.0307,     27.8605,     55.7210,      0.0188,      0.0014,      0.0012,      0.1966,   7475.0342,-418069.9062,  -1052.4724,    538.8897,  24916.7793,
       1,     166,      63,      10,       1,       3,       1,     10.0000,      1.3794,     42.2813,    243.0122,     61.1572,      3.4953,      0.0544,      0.0236,      6.9568,      0.1345,      5.4584,     10.9168,      1.1884,     27.8605,     55.7210,      0.0188,      0.0015,      0.0595,      0.1966,   7475.0342,-415729.4062,  -1051.7826,    539.0474,  24916.7793,
       1,     166,      63,      11,       1,       3,       1,     10.0000,      1.3794,     42.2813,    243.0122,     61.1572,      3.4953,      0.1187,      0.0871,     19.4497,      0.1591,      5.4584,     10.9168,      1.4061,     27.8605,     55.7210,      0.0188,      0.0016,      0.1527,      0.1966,   7475.0342,-424331.0312,  -1054.3221,    538.4679,  24916.7793,
       1,     166,      63,      12,       1,       3,       1,     10.0000,      1.3794,     42.2813,    243.0122,     61.1572,      3.4953,      0.0837,      0.0512,      8.8895,      0.1859,      5.4584,     10.9168,      1.6425,     27.8605,     55.7210,      0.0188,      0.0011,      0.1015,      0.1965,   7475.0342,-441202.0312,  -1059.3120,    537.3326,  24916.7793,
       1,     166,      63,      13,       1,       3,       1,     10.0000,      1.3794,     42.2813,    243.0122,     61.1572,      3.4953,      0.1336,      0.1008,     15.0199,      0.1976,      5.4584,     10.9168,      1.7464,     27.8605,     55.7210,      0.0188,      0.0011,      0.1752,      0.1965,   7475.0342,-429039.0938,  -1055.7407,    538.1508,  24916.7773,
       1,     166,      63,      14,       1,       3,       1,     10.0000,      1.3794,     42.2813,    243.0122,     61.1572,      3.4953,      0.1032,      0.0712,     11.7838,      0.1693,      5.4584,     10.9168,      1.4960,     27.8605,     55.7210,      0.0188,      0.0011,      0.1304,      0.1965,   7475.0337,-435895.5000,  -1057.7780,    537.6901,  24916.7773,
       1,     166,      63,      15,       1,       3,       1,     10.0000,      1.3794,     42.2813,    243.0122,     61.1572,      3.4953,      0.1115,      0.0803,     19.7716,      0.1474,      5.4584,     10.9168,      1.3028,     27.8605,     55.7210,      0.0188,      0.0017,      0.1421,      0.1965,   7475.0337,-432313.9688,  -1056.7372,    537.9311,  24916.7773,
       1,     166,      63,      16,       1,       3,       1,     10.0000,      1.3794,     42.2813,    243.0122,     61.1572,      3.4953,      0.1569,      0.1253,     54.6907,      0.1591,      5.4584,     10.9168,      1.4061,     27.8605,     55.7210,      0.0188,      0.0033,      0.2052,      0.1965,   7475.0337,-442312.4062,  -1059.7056,    537.2588,  24916.7773,
       1,     166,      63,      17,       1,       3,       1,     10.0000,      1.3794,     42.2813,    243.0122,     61.1572,      3.4953,      0.0609,      0.0292,     26.7536,      0.1604,      5.4584,     10.9168,      1.4174,     27.8605,     55.7210,      0.0188,      0.0051,      0.0660,      0.1965,   7475.0337,-488257.8438,  -1073.3033,    534.1736,  24916.7754,
       1,     166,      63,      18,       1,       3,       1,     10.0000,      1.3794,     42.2813,    243.0122,     61.1572,      3.4953,      0.0398,      0.0087,     16.2537,      0.1442,      5.4584,     10.9168,      1.2742,     27.8605,     55.7210,      0.0188,      0.0056,      0.0366,      0.1965,   7475.0327,-456181.0938,  -1063.9528,    536.3242,  24916.7754,
       1,     166,      63,      19,       1,       3,       1,     10.0000,      1.3794,     42.2813,    243.0122,     61.1572,      3.4953,      0.0134,     -0.0161,      0.3650,      0.1044,      5.4584,     10.9168,      0.9226,     27.8605,     55.7210,      0.0188,      0.0032,      0.0014,      0.1965,   7475.0327,-439847.2188,  -1059.2677,    537.4237,  24916.7754,
       1,     166,      63,      20,       1,       3,       1,     10.0000,      1.3794,     42.2813,    243.0122,     61.1572,      3.4953,      0.0068,     -0.0229,      3.3059,      0.1082,      5.4584,     10.9168,      0.9564,     27.8605,     55.7210,      0.0188,      0.0027,      0.0156,      0.1965,   7475.0327,-417918.3438,  -1058.2666,    538.8979,  24916.7754,
       1,     166,      63,      21,       1,       3,       1,     10.0000,      1.3794,     42.2813,    243.0122,     61.1572,      3.4953,      0.0000,     -0.0299,      3.0691,      0.1131,      5.4584,     10.9168,      0.9995,     27.8605,     55.7210,      0.0188,      0.0025,      0.0156,      0.1966,   7475.0327,-419813.2812,  -1062.0526,    538.7723,  24916.7754,
       1,     166,      63,      22,       1,       3,       1,     10.0000,      1.3794,     42.2813,    243.0122,     61.1572,      3.4953,      0.0000,     -0.0300,      3.0314,      0.1150,      5.4584,     10.9168,      1.0160,     27.8605,     55.7210,      0.0188,      0.0024,      0.0156,      0.1966,   7475.0327,-419669.8125,  -1061.9692,    538.7820,  24916.7754,
       1,     166,      63,      23,       1,       3,       1,     10.0000,      1.3794,     42.2813,    243.0122,     61.1572,      3.4953,      0.0000,     -0.0300,      2.3479,      0.1163,      5.4584,     10.9168,      1.0275,     27.8605,     55.7210,      0.0188,      0.0019,      0.0156,      0.1966,   7475.0327,-419608.8438,  -1061.9103,    538.7861,  24916.7754,
       1,     166,      63,      24,       1,       3,       1,     10.0000,      1.3794,     42.2813,    243.0122,     61.1572,      3.4953,      0.0000,     -0.0301,      1.2007,      0.1176,      5.4584,     10.9168,      1.0391,     27.8605,     55.7210,      0.0188,      0.0010,      0.0156,      0.1966,   7475.0327,-418721.5312,  -1061.6212,    538.8459,  24916.7754,
       1,     166,      64,       1,       1,       3,       1,     10.0000,      1.3794,     42.2816,    243.0179,     61.1587,      3.4953,      0.0000,     -0.0302,      0.6361,      0.1200,      5.4599,     10.9198,      1.0606,     27.8446,     55.6892,      0.0188,      0.0005,      0.0156,      0.1966,   7475.0327,-417320.6250,  -1061.6207,    538.9531,  24917.8984,
       1,     166,      64,       2,       1,       3,       1,     10.0000,      1.3794,     42.2816,    243.0179,     61.1587,      3.4953,      0.0000,     -0.0301,      0.5102,      0.1174,      5.4599,     10.9198,      1.0370,     27.8446,     55.6892,      0.0188,      0.0004,      0.0156,      0.1966,   7475.3696,-416316.8750,  -1060.9014,    539.0207,  24917.8984,
       1,     166,      64,       3,       1,       3,       1,     10.0000,      1.3794,     42.2816,    243.0179,     61.1587,      3.4953,      0.0000,     -0.0301,      0.5817,      0.1181,      5.4599,     10.9198,      1.0434,     27.8446,     55.6892,      0.0188,      0.0005,      0.0156,      0.1966,   7475.3696,-416067.3125,  -1060.8248,    539.0376,  24917.8984,
       1,     166,      64,       4,       1,       3,       1,     10.0000,      1.3794,     42.2816,    243.0179,     61.1587,      3.4953,      0.0000,     -0.0302,      0.6377,      0.1204,      5.4599,     10.9198,      1.0638,     27.8446,     55.6892,      0.0188,      0.0005,      0.0156,      0.1966,   7475.3696,-416137.6562,  -1060.8414,    539.0328,  24917.8984,
       1,     166,      64,       5,       1,       3,       1,     10.0000,      1.3794,     42.2816,    243.0179,     61.1587,      3.4953,      0.0000,     -0.0302,      0.7382,      0.1220,      5.4599,     10.9198,      1.0780,     27.8446,     55.6892,      0.0188,      0.0006,      0.0156,      0.1966,   7475.3696,-416216.1875,  -1060.8596,    539.0275,  24917.8984,
       1,     166,      64,       6,       1,       3,       1,     10.0000,      1.3794,     42.2816,    243.0179,     61.1587,      3.4953,      0.0000,     -0.0302,      0.7310,      0.1210,      5.4599,     10.9198,      1.0693,     27.8446,     55.6892,      0.0188,      0.0006,      0.0156,      0.1966,   7475.3696,-416352.5625,  -1060.8948,    539.0183,  24917.8984,
       1,     166,      64,       7,       1,       3,       1,     10.0000,      1.3794,     42.2816,    243.0179,     61.1587,      3.4953,      0.0000,     -0.0301,      0.6484,      0.1192,      5.4599,     10.9198,      1.0530,     27.8446,     55.6892,      0.0188,      0.0005,      0.0156,      0.1966,   7475.3696,-416355.2188,  -1062.2554,    539.0181,  24917.8984,
       1,     166,      64,       8,       1,       3,       1,     10.0000,      1.3794,     42.2816,    243.0179,     61.1587,      3.4953,      0.0015,     -0.0286,      0.5824,      0.1188,      5.4599,     10.9198,      1.0498,     27.8446,     55.6892,      0.0188,      0.0005,      0.0156,      0.1966,   7475.3696,-416248.8750,  -1062.2191,    539.0253,  24917.8984,
       1,     166,      64,       9,       1,       3,       1,     10.0000,      1.3794,     42.2816,    243.0179,     61.1587,      3.4953,      0.0178,     -0.0127,      0.2587,      0.1275,      5.4599,     10.9198,      1.1263,     27.8446,     55.6892,      0.0188,      0.0005,      0.0067,      0.1966,   7475.3696,-416154.4375,  -1062.1865,    539.0316,  24917.9004,
       1,     166,      64,      10,       1,       3,       1,     10.0000,      1.3794,     42.2816,    243.0179,     61.1587,      3.4953,      0.1030,      0.0716,      5.8054,      0.1550,      5.4599,     10.9198,      1.3700,     27.8446,     55.6892,      0.0188,      0.0006,      0.1311,      0.1966,   7475.3706,-415728.1562,  -1062.0497,    539.0603,  24917.8984,
       1,     166,      64,      11,       1,       3,       1,     10.0000,      1.3794,     42.2816,    243.0179,     61.1587,      3.4953,      0.1602,      0.1283,     10.0159,      0.1673,      5.4599,     10.9198,      1.4782,     27.8446,     55.6892,      0.0188,      0.0006,      0.2154,      0.1966,   7475.3696,-422848.0625,  -1064.0944,    538.5806,  24917.8984,
       1,     166,      64,      12,       1,       3,       1,     10.0000,      1.3794,     42.2816,    243.0179,     61.1587,      3.4953,      0.1748,      0.1423,     11.9540,      0.1851,      5.4599,     10.9198,      1.6360,     27.8446,     55.6892,      0.0188,      0.0006,      0.2370,      0.1966,   7475.3696,-428900.5000,  -1065.7993,    538.1733,  24917.8984,
       1,     166,      64,      13,       1,       3,       1,     10.0000,      1.3794,     42.2816,    243.0179,     61.1587,      3.4953,      0.1778,      0.1452,     16.3548,      0.1928,      5.4599,     10.9198,      1.7038,     27.8446,     55.6892,      0.0188,      0.0009,      0.2411,      0.1966,   7475.3696,-431927.6562,  -1066.5973,    537.9698,  24917.8984,
       1,     166,      64,      14,       1,       3,       1,     10.0000,      1.3794,     42.2816,    243.0179,     61.1587,      3.4953,      0.1848,      0.1519,     29.9819,      0.2022,      5.4599,     10.9198,      1.7865,     27.8446,     55.6892,      0.0188,      0.0015,      0.2500,      0.1966,   7475.3696,-437869.7500,  -1068.2402,    537.5703,  24917.8984,
       1,     166,      64,      15,       1,       3,       1,     10.0000,      1.3794,     42.2816,    243.0179,     61.1587,      3.4953,      0.1874,      0.1550,     62.0220,      0.1863,      5.4599,     10.9198,      1.6458,     27.8446,     55.6892,      0.0188,      0.0031,      0.2500,      0.1966,   7475.3696,-455973.6250,  -1073.4062,    536.3540,  24917.8984,
       1,     166,      64,      16,       1,       3,       1,     10.0000,      1.3794,     42.2816,    243.0179,     61.1587,      3.4953,      0.1747,      0.1421,     81.0020,      0.1907,      5.4599,     10.9198,      1.6854,     27.8446,     55.6892,      0.0188,      0.0044,      0.2288,      0.1965,   7475.3696,-498911.6562,  -1085.9191,    533.4766,  24917.8984,
       1,     166,      64,      17,       1,       3,       1,     10.0000,      1.3794,     42.2816,    243.0179,     61.1587,      3.4953,      0.1644,      0.1319,    100.9720,      0.1870,      5.4599,     10.9198,      1.6523,     27.8446,     55.6892,      0.0188,      0.0060,      0.2110,      0.1965,   7475.3696,-527174.5625,  -1094.2927,    531.5996,  24917.9004,
       1,     166,      64,      18,       1,       3,       1,     10.0000,      1.3794,     42.2816,    243.0179,     61.1587,      3.4953,      0.1225,      0.0906,     71.7999,      0.1685,      5.4599,     10.9198,      1.4886,     27.8446,     55.6892,      0.0188,      0.0059,      0.1521,      0.1965,   7475.3706,-555430.8125,  -1102.7845,    529.7253,  24917.8984,
       1,     166,      64,      19,       1,       3,       1,     10.0000,      1.3794,     42.2816,    243.0179,     61.1587,      3.4953,      0.0707,      0.0391,     36.4907,      0.1606,      5.4599,     10.9198,      1.4189,     27.8446,     55.6892,      0.0188,      0.0058,      0.0794,      0.1964,   7475.3696,-520162.1562,  -1092.7311,    532.0640,  24917.8984,
       1,     166,      64,      20,       1,       3,       1,     10.0000,      1.3794,     42.2816,    243.0179,     61.1587,      3.4953,      0.0217,     -0.0098,      4.4046,      0.1547,      5.4599,     10.9198,      1.3672,     27.8446,     55.6892,      0.0188,      0.0052,      0.0107,      0.1965,   7475.3696,-471495.7812,  -1078.5734,    535.3058,  24917.8945,
       1,     166,      64,      21,       1,       3,       1,     10.0000,      1.3794,     42.2816,    243.0179,     61.1587,      3.4953,      0.0000,     -0.0313,      6.7157,      0.1498,      5.4599,     10.9198,      1.3240,     27.8446,     55.6892,      0.0188,      0.0054,      0.0156,      0.1965,   7475.3687,-425876.7812,  -1065.1204,    538.3682,  24917.8945,
       1,     166,      64,      22,       1,       3,       1,     10.0000,      1.3794,     42.2816,    243.0179,     61.1587,      3.4953,      0.0000,     -0.0312,      6.3771,      0.1488,      5.4599,     10.9198,      1.3147,     27.8446,     55.6892,      0.0188,      0.0051,      0.0156,      0.1966,   7475.3687,-424916.6250,  -1064.7422,    538.4416,  24917.8945,
       1,     166,      64,      23,       1,       3,       1,     10.0000,      1.3794,     42.2816,    243.0179,     61.1587,      3.4953,      0.0000,     -0.0312,      5.2073,      0.1470,      5.4599,     10.9198,      1.2989,     27.8446,     55.6892,      0.0188,      0.0042,      0.0156,      0.1966,   7475.3687,-424385.0312,  -1064.4932,    538.4774,  24917.8945,
       1,     166,      64,      24,       1,       3,       1,     10.0000,      1.3794,     42.2816,    243.0179,     61.1587,      3.4953,      0.0000,     -0.0310,      4.6363,      0.1416,      5.4599,     10.9198,      1.2514,     27.8446,     55.6892,      0.0188,      0.0037,      0.0156,      0.1966,   7475.3687,-422829.3438,  -1063.9592,    538.5821,  24917.8945,
       1,     166,      65,       1,       1,       3,       1,     10.0000,      1.3794,     42.2819,    243.0237,     61.1600,      3.4953,      0.0000,     -0.0309,      4.2184,      0.1392,      5.4584,     10.9169,      1.2301,     27.8446,     55.6892,      0.0188,      0.0034,      0.0156,      0.1966,   7475.3687,-422113.6562,  -1064.1061,    538.6430,  24919.0215,
       1,     166,      65,       2,       1,       3,       1,     10.0000,      1.3794,     42.2819,    243.0237,     61.1600,      3.4953,      0.0000,     -0.0308,      3.6368,      0.1361,      5.4584,     10.9169,      1.2030,     27.8446,     55.6892,      0.0188,      0.0029,      0.0156,      0.1966,   7475.7065,-421358.2500,  -1063.3981,    538.6938,  24919.0195,
       1,     166,      65,       3,       1,       3,       1,     10.0000,      1.3794,     42.2819,    243.0237,     61.1600,      3.4953,      0.0000,     -0.0306,      3.1932,      0.1319,      5.4584,     10.9169,      1.1658,     27.8446,     55.6892,      0.0188,      0.0026,      0.0156,      0.1966,   7475.7061,-420542.5000,  -1063.1060,    538.7488,  24919.0195,
       1,     166,      65,       4,       1,       3,       1,     10.0000,      1.3794,     42.2819,    243.0237,     61.1600,      3.4953,      0.0000,     -0.0305,      3.0078,      0.1290,      5.4584,     10.9169,      1.1401,     27.8446,     55.6892,      0.0188,      0.0024,      0.0156,      0.1966,   7475.7061,-419899.2812,  -1062.8724,    538.7921,  24919.0195,
       1,     166,      65,       5,       1,       3,       1,     10.0000,      1.3794,     42.2819,    243.0237,     61.1600,      3.4953,      0.0000,     -0.0303,      2.7303,      0.1238,      5.4584,     10.9169,      1.0935,     27.8446,     55.6892,      0.0188,      0.0022,      0.0156,      0.1966,   7475.7061,-419604.3125,  -1062.7441,    538.8120,  24919.0195,
       1,     166,      65,       6,       1,       3,       1,     10.0000,      1.3794,     42.2819,    243.0237,     61.1600,      3.4953,      0.0000,     -0.0301,      2.7163,      0.1194,      5.4584,     10.9169,      1.0552,     27.8446,     55.6892,      0.0188,      0.0022,      0.0156,      0.1966,   7475.7061,-419220.6562,  -1062.5946,    538.8379,  24919.0195,
       1,     166,      65,       7,       1,       3,       1,     10.0000,      1.3794,     42.2819,    243.0237,     61.1600,      3.4953,      0.0000,     -0.0300,      2.5929,      0.1158,      5.4584,     10.9169,      1.0234,     27.8446,     55.6892,      0.0188,      0.0021,      0.0156,      0.1966,   7475.7061,-419169.1250,  -1062.5453,    538.8413,  24919.0195,
       1,     166,      65,       8,       1,       3,       1,     10.0000,      1.3794,     42.2819,    243.0237,     61.1600,      3.4953,      0.0019,     -0.0281,      2.3822,      0.1166,      5.4584,     10.9169,      1.0307,     27.8446,     55.6892,      0.0188,      0.0019,      0.0156,      0.1966,   7475.7061,-419005.4375,  -1062.4646,    538.8523,  24919.0195,
       1,     166,      65,       9,       1,       3,       1,     10.0000,      1.3794,     42.2819,    243.0237,     61.1600,      3.4953,      0.0437,      0.0133,      6.4273,      0.1246,      5.4584,     10.9169,      1.1014,     27.8446,     55.6892,      0.0188,      0.0018,      0.0442,      0.1966,   7475.7061,-418719.4688,  -1062.3507,    538.8716,  24919.0195,
       1,     166,      65,      10,       1,       3,       1,     10.0000,      1.3794,     42.2819,    243.0237,     61.1600,      3.4953,      0.1193,      0.0880,     22.1512,      0.1501,      5.4584,     10.9169,      1.3267,     27.8446,     55.6892,      0.0188,      0.0018,      0.1534,      0.1966,   7475.7061,-423913.3125,  -1063.8479,    538.5218,  24919.0195,
       1,     166,      65,      11,       1,       3,       1,     10.0000,      1.3794,     42.2819,    243.0237,     61.1600,      3.4953,      0.1497,      0.1178,     21.7105,      0.1708,      5.4584,     10.9169,      1.5095,     27.8446,     55.6892,      0.0188,      0.0014,      0.1985,      0.1966,   7475.7061,-444652.0312,  -1069.9246,    537.1259,  24919.0195,
       1,     166,      65,      12,       1,       3,       1,     10.0000,      1.3794,     42.2819,    243.0237,     61.1600,      3.4953,      0.1773,      0.1447,     27.2356,      0.1909,      5.4584,     10.9169,      1.6871,     27.8446,     55.6892,      0.0188,      0.0014,      0.2390,      0.1966,   7475.7061,-445889.4375,  -1070.2576,    537.0446,  24919.0195,
       1,     166,      65,      13,       1,       3,       1,     10.0000,      1.3794,     42.2819,    243.0237,     61.1600,      3.4953,      0.1743,      0.1416,     29.3249,      0.1928,      5.4584,     10.9169,      1.7039,     27.8446,     55.6892,      0.0188,      0.0016,      0.2342,      0.1966,   7475.7061,-453125.3125,  -1072.3260,    536.5588,  24919.0195,
       1,     166,      65,      14,       1,       3,       1,     10.0000,      1.3794,     42.2819,    243.0237,     61.1600,      3.4953,      0.1844,      0.1516,     41.3398,      0.1969,      5.4584,     10.9169,      1.7396,     27.8446,     55.6892,      0.0188,      0.0021,      0.2480,      0.1966,   7475.7061,-456450.6250,  -1073.2585,    536.3359,  24919.0176,
       1,     166,      65,      15,       1,       3,       1,     10.0000,      1.3794,     42.2819,    243.0237,     61.1600,      3.4953,      0.1833,      0.1504,     71.4381,      0.2010,      5.4584,     10.9169,      1.7760,     27.8446,     55.6892,      0.0188,      0.0037,      0.2429,      0.1966,   7475.7056,-472248.5000,  -1077.8636,    535.2770,  24919.0176,
       1,     166,      65,      16,       1,       3,       1,     10.0000,      1.3794,     42.2819,    243.0237,     61.1600,      3.4953,      0.1747,      0.1416,     90.4348,      0.2042,      5.4584,     10.9169,      1.8042,     27.8446,     55.6892,      0.0188,      0.0050,      0.2277,      0.1966,   7475.7056,-512482.1562,  -1089.7429,    532.5860,  24919.0176,
       1,     166,      65,      17,       1,       3,       1,     10.0000,      1.3794,     42.2819,    243.0237,     61.1600,      3.4953,      0.1658,      0.1332,    109.0982,      0.1915,      5.4584,     10.9169,      1.6921,     27.8446,     55.6892,      0.0188,      0.0064,      0.2123,      0.1965,   7475.7056,-540529.8750,  -1098.1782,    530.7255,  24919.0176,
       1,     166,      65,      18,       1,       3,       1,     10.0000,      1.3794,     42.2819,    243.0237,     61.1600,      3.4953,      0.1759,      0.1436,    111.4938,      0.1803,      5.4584,     10.9169,      1.5928,     27.8446,     55.6892,      0.0188,      0.0062,      0.2270,      0.1965,   7475.7056,-567081.9375,  -1106.3057,    528.9672,  24919.0156,
       1,     166,      65,      19,       1,       3,       1,     10.0000,      1.3794,     42.2819,    243.0237,     61.1600,      3.4953,      0.0989,      0.0670,     57.7498,      0.1675,      5.4584,     10.9169,      1.4797,     27.8446,     55.6892,      0.0188,      0.0061,      0.1187,      0.1964,   7475.7051,-572482.5000,  -1108.2814,    528.6130,  24919.0176,
       1,     166,      65,      20,       1,       3,       1,     10.0000,      1.3794,     42.2819,    243.0237,     61.1600,      3.4953,      0.0119,     -0.0195,      7.0507,      0.1520,      5.4584,     10.9169,      1.3428,     27.8446,     55.6892,      0.0188,      0.0057,      0.0156,      0.1964,   7475.7056,-503441.5625,  -1088.1948,    533.1752,  24919.0156,
       1,     166,      65,      21,       1,       3,       1,     10.0000,      1.3794,     42.2819,    243.0237,     61.1600,      3.4953,      0.0000,     -0.0311,      6.9675,      0.1444,      5.4584,     10.9169,      1.2756,     27.8446,     55.6892,      0.0188,      0.0056,      0.0156,      0.1965,   7475.7051,-432046.4688,  -1067.0905,    537.9532,  24919.0137,
       1,     166,      65,      22,       1,       3,       1,     10.0000,      1.3794,     42.2819,    243.0237,     61.1600,      3.4953,      0.0000,     -0.0309,      6.5619,      0.1402,      5.4584,     10.9169,      1.2388,     27.8446,     55.6892,      0.0188,      0.0053,      0.0156,      0.1966,   7475.7046,-425796.0938,  -1065.1599,    538.3949,  24919.0137,
       1,     166,      65,      23,       1,       3,       1,     10.0000,      1.3794,     42.2819,    243.0237,     61.1600,      3.4953,      0.0000,     -0.0309,      5.6919,      0.1386,      5.4584,     10.9169,      1.2251,     27.8446,     55.6892,      0.0188,      0.0046,      0.0156,      0.1966,   7475.7046,-424703.0312,  -1064.7665,    538.4687,  24919.0137,
       1,     166,      65,      24,       1,       3,       1,     10.0000,      1.3794,     42.2819,    243.0237,     61.1600,      3.4953,      0.0000,     -0.0307,      5.4043,      0.1344,      5.4584,     10.9169,      1.1873,     27.8446,     55.6892,      0.0188,      0.0043,      0.0156,      0.1966,   7475.7046,-423485.3125,  -1064.3466,    538.5507,  24919.0137,
       1,     166,      66,       1,       1,       3,       1,     10.0000,      1.3795,     42.2823,    243.0294,     61.1616,      3.4953,      0.0000,     -0.0306,      4.1414,      0.1305,      5.4591,     10.9182,      1.1529,     27.8473,     55.6946,      0.0188,      0.0033,      0.0156,      0.1966,   7475.7046,-423164.5312,  -1064.6276,    538.5851,  24920.1367,
       1,     166,      66,       2,       1,       3,       1,     10.0000,      1.3795,     42.2823,    243.0294,     61.1616,      3.4953,      0.0000,     -0.0305,      3.3655,      0.1286,      5.4591,     10.9182,      1.1367,     27.8473,     55.6946,      0.0188,      0.0027,      0.0156,      0.1966,   7476.0415,-421353.7188,  -1063.6240,    538.7070,  24920.1367,
       1,     166,      66,       3,       1,       3,       1,     10.0000,      1.3795,     42.2823,    243.0294,     61.1616,      3.4953,      0.0000,     -0.0304,      2.6289,      0.1272,      5.4591,     10.9182,      1.1240,     27.8473,     55.6946,      0.0188,      0.0021,      0.0156,      0.1966,   7476.0415,-420195.4062,  -1063.2493,    538.7850,  24920.1367,
       1,     166,      66,       4,       1,       3,       1,     10.0000,      1.3795,     42.2823,    243.0294,     61.1616,      3.4953,      0.0000,     -0.0303,      2.3744,      0.1243,      5.4591,     10.9182,      1.0980,     27.8473,     55.6946,      0.0188,      0.0019,      0.0156,      0.1966,   7476.0415,-419144.5000,  -1062.9174,    538.8558,  24920.1367,
       1,     166,      66,       5,       1,       3,       1,     10.0000,      1.3795,     42.2823,    243.0294,     61.1616,      3.4953,      0.0000,     -0.0304,      1.9541,      0.1249,      5.4591,     10.9182,      1.1036,     27.8473,     55.6946,      0.0188,      0.0016,      0.0156,      0.1966,   7476.0415,-418724.9688,  -1062.7782,    538.8841,  24920.1367,
       1,     166,      66,       6,       1,       3,       1,     10.0000,      1.3795,     42.2823,    243.0294,     61.1616,      3.4953,      0.0000,     -0.0304,      1.5340,      0.1267,      5.4591,     10.9182,      1.1195,     27.8473,     55.6946,      0.0188,      0.0012,      0.0156,      0.1966,   7476.0415,-418146.3438,  -1062.5913,    538.9230,  24920.1367,
       1,     166,      66,       7,       1,       3,       1,     10.0000,      1.3795,     42.2823,    243.0294,     61.1616,      3.4953,      0.0000,     -0.0304,      1.4048,      0.1269,      5.4591,     10.9182,      1.1217,     27.8473,     55.6946,      0.0188,      0.0011,      0.0156,      0.1966,   7476.0415,-417554.1562,  -1062.4030,    538.9630,  24920.1367,
       1,     166,      66,       8,       1,       3,       1,     10.0000,      1.3795,     42.2823,    243.0294,     61.1616,      3.4953,      0.0013,     -0.0292,      1.2128,      0.1268,      5.4591,     10.9182,      1.1206,     27.8473,     55.6946,      0.0188,      0.0010,      0.0156,      0.1966,   7476.0415,-417336.0312,  -1062.3268,    538.9777,  24920.1367,
       1,     166,      66,       9,       1,       3,       1,     10.0000,      1.3795,     42.2823,    243.0294,     61.1616,      3.4953,      0.0288,     -0.0018,      1.2930,      0.1321,      5.4591,     10.9182,      1.1670,     27.8473,     55.6946,      0.0188,      0.0007,      0.0226,      0.1966,   7476.0415,-417069.3125,  -1062.2377,    538.9956,  24920.1367,
       1,     166,      66,      10,       1,       3,       1,     10.0000,      1.3795,     42.2823,    243.0294,     61.1616,      3.4953,      0.1166,      0.0850,      7.5659,      0.1576,      5.4591,     10.9182,      1.3922,     27.8473,     55.6946,      0.0188,      0.0006,      0.1509,      0.1966,   7476.0415,-417149.7812,  -1062.2509,    538.9902,  24920.1367,
       1,     166,      66,      11,       1,       3,       1,     10.0000,      1.3795,     42.2823,    243.0294,     61.1616,      3.4953,      0.1489,      0.1168,     11.7732,      0.1743,      5.4591,     10.9182,      1.5399,     27.8473,     55.6946,      0.0188,      0.0007,      0.1984,      0.1966,   7476.0415,-425248.1875,  -1064.6407,    538.4446,  24920.1367,
       1,     166,      66,      12,       1,       3,       1,     10.0000,      1.3795,     42.2823,    243.0294,     61.1616,      3.4953,      0.1584,      0.1260,     15.3509,      0.1831,      5.4591,     10.9182,      1.6184,     27.8473,     55.6946,      0.0188,      0.0009,      0.2122,      0.1966,   7476.0415,-431380.4375,  -1066.4364,    538.0322,  24920.1348,
       1,     166,      66,      13,       1,       3,       1,     10.0000,      1.3795,     42.2823,    243.0294,     61.1616,      3.4953,      0.1663,      0.1336,     18.2056,      0.1930,      5.4591,     10.9182,      1.7056,     27.8473,     55.6946,      0.0188,      0.0010,      0.2236,      0.1966,   7476.0405,-436529.5312,  -1067.9385,    537.6860,  24920.1367,
       1,     166,      66,      14,       1,       3,       1,     10.0000,      1.3795,     42.2823,    243.0294,     61.1616,      3.4953,      0.1697,      0.1374,     25.6745,      0.1817,      5.4591,     10.9182,      1.6056,     27.8473,     55.6946,      0.0188,      0.0014,      0.2278,      0.1966,   7476.0415,-440659.7812,  -1069.1318,    537.4085,  24920.1348,
       1,     166,      66,      15,       1,       3,       1,     10.0000,      1.3795,     42.2823,    243.0294,     61.1616,      3.4953,      0.1740,      0.1413,     63.5845,      0.1934,      5.4591,     10.9182,      1.7090,     27.8473,     55.6946,      0.0188,      0.0035,      0.2298,      0.1966,   7476.0405,-450656.3438,  -1072.0809,    536.7370,  24920.1328,
       1,     166,      66,      16,       1,       3,       1,     10.0000,      1.3795,     42.2823,    243.0294,     61.1616,      3.4953,      0.1526,      0.1197,     83.2572,      0.2016,      5.4591,     10.9182,      1.7813,     27.8473,     55.6946,      0.0188,      0.0053,      0.1956,      0.1966,   7476.0400,-500450.3125,  -1086.8866,    533.3967,  24920.1328,
       1,     166,      66,      17,       1,       3,       1,     10.0000,      1.3795,     42.2823,    243.0294,     61.1616,      3.4953,      0.1027,      0.0700,     61.5766,      0.1940,      5.4591,     10.9182,      1.7140,     27.8473,     55.6946,      0.0188,      0.0063,      0.1236,      0.1966,   7476.0400,-530205.8750,  -1095.8777,    531.4231,  24920.1348,
       1,     166,      66,      18,       1,       3,       1,     10.0000,      1.3795,     42.2823,    243.0294,     61.1616,      3.4953,      0.0774,      0.0450,     45.7785,      0.1831,      5.4591,     10.9182,      1.6184,     27.8473,     55.6946,      0.0188,      0.0065,      0.0877,      0.1965,   7476.0405,-504764.0312,  -1088.5336,    533.1168,  24920.1348,
       1,     166,      66,      19,       1,       3,       1,     10.0000,      1.3795,     42.2823,    243.0294,     61.1616,      3.4953,      0.0330,      0.0010,     12.4248,      0.1720,      5.4591,     10.9182,      1.5201,     27.8473,     55.6946,      0.0188,      0.0060,      0.0259,      0.1965,   7476.0405,-482161.8438,  -1081.9279,    534.6257,  24920.1348,
       1,     166,      66,      20,       1,       3,       1,     10.0000,      1.3795,     42.2823,    243.0294,     61.1616,      3.4953,      0.0054,     -0.0260,      7.5481,      0.1524,      5.4591,     10.9182,      1.3468,     27.8473,     55.6946,      0.0188,      0.0061,      0.0156,      0.1966,   7476.0405,-437143.2188,  -1068.5276,    537.6364,  24920.1348,
       1,     166,      66,      21,       1,       3,       1,     10.0000,      1.3795,     42.2823,    243.0294,     61.1616,      3.4953,      0.0000,     -0.0310,      7.6264,      0.1419,      5.4591,     10.9182,      1.2539,     27.8473,     55.6946,      0.0188,      0.0061,      0.0156,      0.1966,   7476.0405,-426972.6875,  -1065.4313,    538.3284,  24920.1328,
       1,     166,      66,      22,       1,       3,       1,     10.0000,      1.3795,     42.2823,    243.0294,     61.1616,      3.4953,      0.0000,     -0.0309,      6.6765,      0.1389,      5.4591,     10.9182,      1.2276,     27.8473,     55.6946,      0.0188,      0.0054,      0.0156,      0.1966,   7476.0400,-426181.3750,  -1065.1307,    538.3821,  24920.1328,
       1,     166,      66,      23,       1,       3,       1,     10.0000,      1.3795,     42.2823,    243.0294,     61.1616,      3.4953,      0.0000,     -0.0309,      6.4433,      0.1381,      5.4591,     10.9182,      1.2202,     27.8473,     55.6946,      0.0188,      0.0052,      0.0156,      0.1966,   7476.0400,-424886.5625,  -1064.6874,    538.4692,  24920.1328,
       1,     166,      66,      24,       1,       3,       1,     10.0000,      1.3795,     42.2823,    243.0294,     61.1616,      3.4953,      0.0000,     -0.0308,      5.9529,      0.1355,      5.4591,     10.9182,      1.1970,     27.8473,     55.6946,      0.0188,      0.0048,      0.0156,      0.1966,   7476.0400,-424473.3125,  -1064.5094,    538.4970,  24920.1328,
       1,     166,      67,       1,       1,       3,       1,     10.0000,      1.3795,     42.2826,    243.0352,     61.1630,      3.4953,      0.0000,     -0.0308,      4.7439,      0.1353,      5.4591,     10.9182,      1.1958,     27.8416,     55.6833,      0.0188,      0.0038,      0.0156,      0.1966,   7476.0400,-423960.7188,  -1064.7390,    538.5444,  24921.2559,
       1,     166,      67,       2,       1,       3,       1,     10.0000,      1.3795,     42.2826,    243.0352,     61.1630,      3.4953,      0.0000,     -0.0307,      3.6331,      0.1351,      5.4591,     10.9182,      1.1934,     27.8416,     55.6833,      0.0188,      0.0029,      0.0156,      0.1966,   7476.3770,-422202.9375,  -1063.7489,    538.6627,  24921.2559,
       1,     166,      67,       3,       1,       3,       1,     10.0000,      1.3795,     42.2826,    243.0352,     61.1630,      3.4953,      0.0000,     -0.0306,      3.1139,      0.1315,      5.4591,     10.9182,      1.1623,     27.8416,     55.6833,      0.0188,      0.0025,      0.0156,      0.1967,   7476.3770,-420617.4062,  -1063.2479,    538.7695,  24921.2559,
       1,     166,      67,       4,       1,       3,       1,     10.0000,      1.3795,     42.2826,    243.0352,     61.1630,      3.4953,      0.0000,     -0.0305,      2.8921,      0.1297,      5.4591,     10.9182,      1.1460,     27.8416,     55.6833,      0.0188,      0.0023,      0.0156,      0.1967,   7476.3770,-419810.1250,  -1062.9852,    538.8239,  24921.2559,
       1,     166,      67,       5,       1,       3,       1,     10.0000,      1.3795,     42.2826,    243.0352,     61.1630,      3.4953,      0.0000,     -0.0305,      2.7397,      0.1292,      5.4591,     10.9182,      1.1413,     27.8416,     55.6833,      0.0188,      0.0022,      0.0156,      0.1967,   7476.3770,-419453.8125,  -1062.8593,    538.8479,  24921.2559,
       1,     166,      67,       6,       1,       3,       1,     10.0000,      1.3795,     42.2826,    243.0352,     61.1630,      3.4953,      0.0000,     -0.0304,      2.7715,      0.1263,      5.4591,     10.9182,      1.1161,     27.8416,     55.6833,      0.0188,      0.0022,      0.0156,      0.1967,   7476.3770,-419226.1562,  -1062.7726,    538.8632,  24921.2559,
       1,     166,      67,       7,       1,       3,       1,     10.0000,      1.3795,     42.2826,    243.0352,     61.1630,      3.4953,      0.0000,     -0.0304,      2.8470,      0.1253,      5.4591,     10.9182,      1.1070,     27.8416,     55.6833,      0.0188,      0.0023,      0.0156,      0.1967,   7476.3770,-419247.5938,  -1062.7607,    538.8618,  24921.2559,
       1,     166,      67,       8,       1,       3,       1,     10.0000,      1.3795,     42.2826,    243.0352,     61.1630,      3.4953,      0.0015,     -0.0288,      2.4441,      0.1253,      5.4591,     10.9182,      1.1070,     27.8416,     55.6833,      0.0188,      0.0020,      0.0156,      0.1967,   7476.3770,-419346.7812,  -1062.7723,    538.8551,  24921.2559,
       1,     166,      67,       9,       1,       3,       1,     10.0000,      1.3795,     42.2826,    243.0352,     61.1630,      3.4953,      0.0575,      0.0271,      8.3501,      0.1249,      5.4591,     10.9182,      1.1037,     27.8416,     55.6833,      0.0188,      0.0016,      0.0642,      0.1967,   7476.3770,-418835.6250,  -1062.6035,    538.8895,  24921.2559,
       1,     166,      67,      10,       1,       3,       1,     10.0000,      1.3795,     42.2826,    243.0352,     61.1630,      3.4953,      0.1064,      0.0752,     19.8386,      0.1460,      5.4591,     10.9182,      1.2899,     27.8416,     55.6833,      0.0188,      0.0019,      0.1345,      0.1967,   7476.3770,-426408.8438,  -1064.8470,    538.3794,  24921.2559,
       1,     166,      67,      11,       1,       3,       1,     10.0000,      1.3795,     42.2826,    243.0352,     61.1630,      3.4953,      0.1706,      0.1387,     35.0939,      0.1678,      5.4591,     10.9182,      1.4827,     27.8416,     55.6833,      0.0188,      0.0019,      0.2279,      0.1966,   7476.3770,-441887.0312,  -1069.4458,    537.3380,  24921.2578,
       1,     166,      67,      12,       1,       3,       1,     10.0000,      1.3795,     42.2826,    243.0352,     61.1630,      3.4953,      0.1855,      0.1533,     37.0710,      0.1801,      5.4591,     10.9182,      1.5913,     27.8416,     55.6833,      0.0188,      0.0019,      0.2500,      0.1966,   7476.3774,-462916.3750,  -1075.7018,    535.9265,  24921.2559,
       1,     166,      67,      13,       1,       3,       1,     10.0000,      1.3795,     42.2826,    243.0352,     61.1630,      3.4953,      0.1855,      0.1531,     36.7385,      0.1844,      5.4591,     10.9182,      1.6297,     27.8416,     55.6833,      0.0188,      0.0018,      0.2500,      0.1966,   7476.3770,-467296.4688,  -1076.9906,    535.6349,  24921.2539,
       1,     166,      67,      14,       1,       3,       1,     10.0000,      1.3795,     42.2826,    243.0352,     61.1630,      3.4953,      0.1853,      0.1528,     34.6928,      0.1863,      5.4591,     10.9182,      1.6459,     27.8416,     55.6833,      0.0188,      0.0017,      0.2500,      0.1966,   7476.3765,-467245.0625,  -1076.9617,    535.6385,  24921.2539,
       1,     166,      67,      15,       1,       3,       1,     10.0000,      1.3795,     42.2826,    243.0352,     61.1630,      3.4953,      0.1871,      0.1545,     58.5336,      0.1915,      5.4591,     10.9182,      1.6922,     27.8416,     55.6833,      0.0188,      0.0029,      0.2500,      0.1966,   7476.3765,-464599.9375,  -1076.1265,    535.8155,  24921.2520,
       1,     166,      67,      16,       1,       3,       1,     10.0000,      1.3795,     42.2826,    243.0352,     61.1630,      3.4953,      0.1895,      0.1566,     89.1788,      0.1996,      5.4591,     10.9182,      1.7639,     27.8416,     55.6833,      0.0188,      0.0045,      0.2500,      0.1966,   7476.3760,-495142.0625,  -1085.2476,    533.7699,  24921.2539,
       1,     166,      67,      17,       1,       3,       1,     10.0000,      1.3795,     42.2826,    243.0352,     61.1630,      3.4953,      0.1558,      0.1232,     89.7094,      0.1907,      5.4591,     10.9182,      1.6855,     27.8416,     55.6833,      0.0188,      0.0056,      0.1996,      0.1966,   7476.3765,-537371.5000,  -1097.9885,    530.9562,  24921.2500,
       1,     166,      67,      18,       1,       3,       1,     10.0000,      1.3795,     42.2826,    243.0352,     61.1630,      3.4953,      0.1180,      0.0857,     69.2417,      0.1781,      5.4591,     10.9182,      1.5740,     27.8416,     55.6833,      0.0188,      0.0060,      0.1456,      0.1965,   7476.3755,-541731.1875,  -1099.6000,    530.6743,  24921.2520,
       1,     166,      67,      19,       1,       3,       1,     10.0000,      1.3795,     42.2826,    243.0352,     61.1630,      3.4953,      0.0918,      0.0603,     47.9628,      0.1557,      5.4591,     10.9182,      1.3756,     27.8416,     55.6833,      0.0188,      0.0055,      0.1095,      0.1965,   7476.3760,-515648.7188,  -1092.1057,    532.4045,  24921.2500,
       1,     166,      67,      20,       1,       3,       1,     10.0000,      1.3795,     42.2826,    243.0352,     61.1630,      3.4953,      0.0174,     -0.0139,      2.1643,      0.1492,      5.4591,     10.9182,      1.3187,     27.8416,     55.6833,      0.0188,      0.0056,      0.0048,      0.1966,   7476.3755,-485916.6875,  -1083.3975,    534.3861,  24921.2480,
       1,     166,      67,      21,       1,       3,       1,     10.0000,      1.3795,     42.2826,    243.0352,     61.1630,      3.4953,      0.0000,     -0.0311,      7.3880,      0.1436,      5.4591,     10.9182,      1.2692,     27.8416,     55.6833,      0.0188,      0.0059,      0.0156,      0.1966,   7476.3745,-424221.8125,  -1064.9385,    538.5109,  24921.2480,
       1,     166,      67,      22,       1,       3,       1,     10.0000,      1.3795,     42.2826,    243.0352,     61.1630,      3.4953,      0.0000,     -0.0310,      6.8418,      0.1413,      5.4591,     10.9182,      1.2489,     27.8416,     55.6833,      0.0188,      0.0055,      0.0156,      0.1966,   7476.3745,-425657.7188,  -1065.3263,    538.4302,  24921.2480,
       1,     166,      67,      23,       1,       3,       1,     10.0000,      1.3795,     42.2826,    243.0352,     61.1630,      3.4953,      0.0000,     -0.0310,      5.7659,      0.1411,      5.4591,     10.9182,      1.2464,     27.8416,     55.6833,      0.0188,      0.0046,      0.0156,      0.1966,   7476.3745,-425057.3125,  -1065.1069,    538.4706,  24921.2480,
       1,     166,      67,      24,       1,       3,       1,     10.0000,      1.3795,     42.2826,    243.0352,     61.1630,      3.4953,      0.0000,     -0.0309,      4.6444,      0.1391,      5.4591,     10.9182,      1.2289,     27.8416,     55.6833,      0.0188,      0.0037,      0.0156,      0.1966,   7476.3745,-423617.3750,  -1064.6427,    538.5675,  24921.2480,
       1,     166,      68,       1,       1,       3,       1,     10.0000,      1.3795,     42.2829,    243.0410,     61.1645,      3.4953,      0.0000,     -0.0308,      4.1080,      0.1367,      5.4591,     10.9182,      1.2080,     27.8440,     55.6881,      0.0188,      0.0033,      0.0156,      0.1967,   7476.3745,-422201.3750,  -1064.6243,    538.6755,  24922.3711,
       1,     166,      68,       2,       1,       3,       1,     10.0000,      1.3795,     42.2829,    243.0410,     61.1645,      3.4953,      0.0000,     -0.0307,      3.3025,      0.1345,      5.4591,     10.9182,      1.1886,     27.8440,     55.6881,      0.0188,      0.0027,      0.0156,      0.1967,   7476.7114,-421233.0625,  -1063.8824,    538.7407,  24922.3711,
       1,     166,      68,       3,       1,       3,       1,     10.0000,      1.3795,     42.2829,    243.0410,     61.1645,      3.4953,      0.0000,     -0.0303,      2.8801,      0.1228,      5.4591,     10.9182,      1.0847,     27.8440,     55.6881,      0.0188,      0.0023,      0.0156,      0.1967,   7476.7114,-420110.0625,  -1066.2375,    538.8163,  24922.3711,
       1,     166,      68,       4,       1,       3,       1,     10.0000,      1.3795,     42.2829,    243.0410,     61.1645,      3.4953,      0.0000,     -0.0302,      2.8800,      0.1221,      5.4591,     10.9182,      1.0792,     27.8440,     55.6881,      0.0188,      0.0023,      0.0156,      0.1967,   7476.7114,-419467.7812,  -1066.0164,    538.8596,  24922.3711,
       1,     166,      68,       5,       1,       3,       1,     10.0000,      1.3795,     42.2829,    243.0410,     61.1645,      3.4953,      0.0000,     -0.0301,      2.6139,      0.1187,      5.4591,     10.9182,      1.0488,     27.8440,     55.6881,      0.0188,      0.0021,      0.0156,      0.1967,   7476.7114,-419411.8438,  -1065.9757,    538.8633,  24922.3711,
       1,     166,      68,       6,       1,       3,       1,     10.0000,      1.3795,     42.2829,    243.0410,     61.1645,      3.4953,      0.0000,     -0.0301,      2.3551,      0.1182,      5.4591,     10.9182,      1.0446,     27.8440,     55.6881,      0.0188,      0.0019,      0.0156,      0.1967,   7476.7114,-419063.9688,  -1065.8518,    538.8868,  24922.3711,
       1,     166,      68,       7,       1,       3,       1,     10.0000,      1.3795,     42.2829,    243.0410,     61.1645,      3.4953,      0.0000,     -0.0299,      1.8510,      0.1142,      5.4591,     10.9182,      1.0089,     27.8440,     55.6881,      0.0188,      0.0015,      0.0156,      0.1967,   7476.7114,-418699.7500,  -1065.7275,    538.9114,  24922.3711,
       1,     166,      68,       8,       1,       3,       1,     10.0000,      1.3795,     42.2829,    243.0410,     61.1645,      3.4953,      0.0012,     -0.0284,      0.7602,      0.1079,      5.4591,     10.9182,      0.9535,     27.8440,     55.6881,      0.0188,      0.0006,      0.0156,      0.1967,   7476.7114,-418018.0938,  -1065.5100,    538.9572,  24922.3711,
       1,     166,      68,       9,       1,       3,       1,     10.0000,      1.3795,     42.2829,    243.0410,     61.1645,      3.4953,      0.0924,      0.0623,      4.3595,      0.1194,      5.4591,     10.9182,      1.0553,     27.8440,     55.6881,      0.0188,      0.0005,      0.1162,      0.1967,   7476.7114,-416552.1562,  -1065.6948,    539.0560,  24922.3711,
       1,     166,      68,      10,       1,       3,       1,     10.0000,      1.3795,     42.2829,    243.0410,     61.1645,      3.4953,      0.1325,      0.1014,      6.2260,      0.1431,      5.4591,     10.9182,      1.2642,     27.8440,     55.6881,      0.0188,      0.0004,      0.1748,      0.1967,   7476.7114,-421066.5312,  -1067.0078,    538.7518,  24922.3711,
       1,     166,      68,      11,       1,       3,       1,     10.0000,      1.3795,     42.2829,    243.0410,     61.1645,      3.4953,      0.1525,      0.1204,      7.1699,      0.1731,      5.4591,     10.9182,      1.5293,     27.8440,     55.6881,      0.0188,      0.0004,      0.2042,      0.1967,   7476.7114,-423866.1875,  -1067.7932,    538.5634,  24922.3711,
       1,     166,      68,      12,       1,       3,       1,     10.0000,      1.3795,     42.2829,    243.0410,     61.1645,      3.4953,      0.1834,      0.1507,     10.2786,      0.1906,      5.4591,     10.9182,      1.6839,     27.8440,     55.6881,      0.0188,      0.0005,      0.2500,      0.1967,   7476.7114,-425326.8438,  -1068.1655,    538.4651,  24922.3691,
       1,     166,      68,      13,       1,       3,       1,     10.0000,      1.3795,     42.2829,    243.0410,     61.1645,      3.4953,      0.1834,      0.1505,     11.9636,      0.2012,      5.4591,     10.9182,      1.7779,     27.8440,     55.6881,      0.0188,      0.0006,      0.2500,      0.1967,   7476.7109,-429463.2188,  -1069.3076,    538.1866,  24922.3711,
       1,     166,      68,      14,       1,       3,       1,     10.0000,      1.3795,     42.2829,    243.0410,     61.1645,      3.4953,      0.1538,      0.1206,     10.7422,      0.2101,      5.4591,     10.9182,      1.8566,     27.8440,     55.6881,      0.0188,      0.0007,      0.2058,      0.1967,   7476.7114,-431995.9062,  -1069.9835,    538.0164,  24922.3691,
       1,     166,      68,      15,       1,       3,       1,     10.0000,      1.3795,     42.2829,    243.0410,     61.1645,      3.4953,      0.1855,      0.1524,     39.3149,      0.2068,      5.4591,     10.9182,      1.8276,     27.8440,     55.6881,      0.0188,      0.0020,      0.2500,      0.1967,   7476.7109,-430640.5312,  -1069.5439,    538.1075,  24922.3691,
       1,     166,      68,      16,       1,       3,       1,     10.0000,      1.3795,     42.2829,    243.0410,     61.1645,      3.4953,      0.1899,      0.1570,     95.5644,      0.2036,      5.4591,     10.9182,      1.7990,     27.8440,     55.6881,      0.0188,      0.0048,      0.2500,      0.1967,   7476.7109,-467377.7500,  -1080.4934,    535.6364,  24922.3691,
       1,     166,      68,      17,       1,       3,       1,     10.0000,      1.3795,     42.2829,    243.0410,     61.1645,      3.4953,      0.1873,      0.1547,    121.5848,      0.1928,      5.4591,     10.9182,      1.7040,     27.8440,     55.6881,      0.0188,      0.0063,      0.2429,      0.1966,   7476.7109,-543176.6250,  -1103.2162,    530.5671,  24922.3691,
       1,     166,      68,      18,       1,       3,       1,     10.0000,      1.3795,     42.2829,    243.0410,     61.1645,      3.4953,      0.1679,      0.1353,    115.3910,      0.1874,      5.4591,     10.9182,      1.6558,     27.8440,     55.6881,      0.0188,      0.0067,      0.2146,      0.1966,   7476.7109,-583430.7500,  -1115.5798,    527.9213,  24922.3691,
       1,     166,      68,      19,       1,       3,       1,     10.0000,      1.3795,     42.2829,    243.0410,     61.1645,      3.4953,      0.1192,      0.0871,     83.4642,      0.1751,      5.4591,     10.9182,      1.5477,     27.8440,     55.6881,      0.0188,      0.0072,      0.1458,      0.1965,   7476.7109,-578895.0625,  -1114.6918,    528.2272,  24922.3672,
       1,     166,      68,      20,       1,       3,       1,     10.0000,      1.3795,     42.2829,    243.0410,     61.1645,      3.4953,      0.0263,     -0.0051,      9.2695,      0.1546,      5.4591,     10.9182,      1.3660,     27.8440,     55.6881,      0.0188,      0.0068,      0.0170,      0.1965,   7476.7104,-537215.7500,  -1102.6025,    530.9794,  24922.3672,
       1,     166,      68,      21,       1,       3,       1,     10.0000,      1.3795,     42.2829,    243.0410,     61.1645,      3.4953,      0.0000,     -0.0312,      8.8713,      0.1485,      5.4591,     10.9182,      1.3122,     27.8440,     55.6881,      0.0188,      0.0071,      0.0156,      0.1966,   7476.7104,-437776.4375,  -1072.8556,    537.5865,  24922.3652,
       1,     166,      68,      22,       1,       3,       1,     10.0000,      1.3795,     42.2829,    243.0410,     61.1645,      3.4953,      0.0000,     -0.0310,      7.7925,      0.1419,      5.4591,     10.9182,      1.2540,     27.8440,     55.6881,      0.0188,      0.0063,      0.0156,      0.1967,   7476.7100,-428782.0938,  -1070.0630,    538.2322,  24922.3652,
       1,     166,      68,      23,       1,       3,       1,     10.0000,      1.3795,     42.2829,    243.0410,     61.1645,      3.4953,      0.0000,     -0.0309,      8.2234,      0.1388,      5.4591,     10.9182,      1.2264,     27.8440,     55.6881,      0.0188,      0.0066,      0.0156,      0.1967,   7476.7100,-426557.9688,  -1069.3169,    538.3823,  24922.3652,
       1,     166,      68,      24,       1,       3,       1,     10.0000,      1.3795,     42.2829,    243.0410,     61.1645,      3.4953,      0.0000,     -0.0308,      6.9589,      0.1359,      5.4591,     10.9182,      1.2007,     27.8440,     55.6881,      0.0188,      0.0056,      0.0156,      0.1967,   7476.7100,-426920.0000,  -1069.3469,    538.3579,  24922.3652,
       1,     166,      69,       1,       1,       3,       1,     10.0000,      1.3795,     42.2833,    243.0467,     61.1659,      3.4953,      0.0000,     -0.0306,      4.9725,      0.1319,      5.4585,     10.9169,      1.1659,     27.8493,     55.6987,      0.0188,      0.0040,      0.0156,      0.1967,   7476.7100,-425476.1250,  -1069.2816,    538.4678,  24923.4902,
       1,     166,      69,       2,       1,       3,       1,     10.0000,      1.3795,     42.2833,    243.0467,     61.1659,      3.4953,      0.0000,     -0.0307,      4.9823,      0.1329,      5.4585,     10.9169,      1.1742,     27.8493,     55.6987,      0.0188,      0.0040,      0.0156,      0.1967,   7477.0474,-422635.3125,  -1067.9475,    538.6591,  24923.4883,
       1,     166,      69,       3,       1,       3,       1,     10.0000,      1.3795,     42.2833,    243.0467,     61.1659,      3.4953,      0.0000,     -0.0307,      4.3590,      0.1329,      5.4585,     10.9169,      1.1742,     27.8493,     55.6987,      0.0188,      0.0035,      0.0156,      0.1967,   7477.0469,-422401.4688,  -1067.8330,    538.6748,  24923.4883,
       1,     166,      69,       4,       1,       3,       1,     10.0000,      1.3795,     42.2833,    243.0467,     61.1659,      3.4953,      0.0000,     -0.0306,      3.8842,      0.1301,      5.4585,     10.9169,      1.1495,     27.8493,     55.6987,      0.0188,      0.0031,      0.0156,      0.1967,   7477.0469,-421577.4375,  -1067.5465,    538.7303,  24923.4883,
       1,     166,      69,       5,       1,       3,       1,     10.0000,      1.3795,     42.2833,    243.0467,     61.1659,      3.4953,      0.0000,     -0.0304,      3.6010,      0.1250,      5.4585,     10.9169,      1.1048,     27.8493,     55.6987,      0.0188,      0.0029,      0.0156,      0.1967,   7477.0469,-420893.5000,  -1067.3074,    538.7764,  24923.4883,
       1,     166,      69,       6,       1,       3,       1,     10.0000,      1.3795,     42.2833,    243.0467,     61.1659,      3.4953,      0.0000,     -0.0301,      2.9506,      0.1182,      5.4585,     10.9169,      1.0446,     27.8493,     55.6987,      0.0188,      0.0024,      0.0156,      0.1967,   7477.0469,-420468.9062,  -1067.1515,    538.8050,  24923.4883,
       1,     166,      69,       7,       1,       3,       1,     10.0000,      1.3795,     42.2833,    243.0467,     61.1659,      3.4953,      0.0000,     -0.0297,      2.7955,      0.1096,      5.4585,     10.9169,      0.9684,     27.8493,     55.6987,      0.0188,      0.0022,      0.0156,      0.1967,   7477.0469,-419593.4062,  -1066.8650,    538.8640,  24923.4883,
       1,     166,      69,       8,       1,       3,       1,     10.0000,      1.3795,     42.2833,    243.0467,     61.1659,      3.4953,      0.0011,     -0.0286,      2.9943,      0.1088,      5.4585,     10.9169,      0.9614,     27.8493,     55.6987,      0.0188,      0.0024,      0.0156,      0.1967,   7477.0469,-419317.2812,  -1066.7634,    538.8825,  24923.4883,
       1,     166,      69,       9,       1,       3,       1,     10.0000,      1.3795,     42.2833,    243.0467,     61.1659,      3.4953,      0.0460,      0.0158,      9.7012,      0.1230,      5.4585,     10.9169,      1.0870,     27.8493,     55.6987,      0.0188,      0.0026,      0.0473,      0.1967,   7477.0469,-419549.6875,  -1066.8113,    538.8669,  24923.4883,
       1,     166,      69,      10,       1,       3,       1,     10.0000,      1.3795,     42.2833,    243.0467,     61.1659,      3.4953,      0.1339,      0.1028,     29.5170,      0.1450,      5.4585,     10.9169,      1.2809,     27.8493,     55.6987,      0.0188,      0.0021,      0.1741,      0.1967,   7477.0469,-428218.4688,  -1069.4031,    538.2830,  24923.4883,
       1,     166,      69,      11,       1,       3,       1,     10.0000,      1.3795,     42.2833,    243.0467,     61.1659,      3.4953,      0.1841,      0.1524,     41.2887,      0.1632,      5.4585,     10.9169,      1.4419,     27.8493,     55.6987,      0.0188,      0.0021,      0.2472,      0.1967,   7477.0469,-454528.1562,  -1077.3330,    536.5131,  24923.4863,
       1,     166,      69,      12,       1,       3,       1,     10.0000,      1.3795,     42.2833,    243.0467,     61.1659,      3.4953,      0.1854,      0.1535,     34.2101,      0.1675,      5.4585,     10.9169,      1.4798,     27.8493,     55.6987,      0.0188,      0.0017,      0.2500,      0.1967,   7477.0464,-472007.0938,  -1082.5909,    535.3437,  24923.4863,
       1,     166,      69,      13,       1,       3,       1,     10.0000,      1.3795,     42.2833,    243.0467,     61.1659,      3.4953,      0.1861,      0.1540,     43.0323,      0.1741,      5.4585,     10.9169,      1.5385,     27.8493,     55.6987,      0.0188,      0.0022,      0.2500,      0.1967,   7477.0464,-464387.2188,  -1080.3069,    535.8549,  24923.4863,
       1,     166,      69,      14,       1,       3,       1,     10.0000,      1.3795,     42.2833,    243.0467,     61.1659,      3.4953,      0.1534,      0.1213,     49.7581,      0.1759,      5.4585,     10.9169,      1.5539,     27.8493,     55.6987,      0.0188,      0.0031,      0.2006,      0.1967,   7477.0464,-475109.9688,  -1083.5509,    535.1369,  24923.4863,
       1,     166,      69,      15,       1,       3,       1,     10.0000,      1.3795,     42.2833,    243.0467,     61.1659,      3.4953,      0.1619,      0.1298,     75.1786,      0.1741,      5.4585,     10.9169,      1.5385,     27.8493,     55.6987,      0.0188,      0.0045,      0.2103,      0.1967,   7477.0464,-484720.2812,  -1086.5151,    534.4946,  24923.4863,
       1,     166,      69,      16,       1,       3,       1,     10.0000,      1.3795,     42.2833,    243.0467,     61.1659,      3.4953,      0.1656,      0.1336,     85.8437,      0.1707,      5.4585,     10.9169,      1.5082,     27.8493,     55.6987,      0.0188,      0.0050,      0.2145,      0.1966,   7477.0464,-518364.9062,  -1096.7869,    532.2470,  24923.4883,
       1,     166,      69,      17,       1,       3,       1,     10.0000,      1.3795,     42.2833,    243.0467,     61.1659,      3.4953,      0.1559,      0.1239,     83.1690,      0.1693,      5.4585,     10.9169,      1.4962,     27.8493,     55.6987,      0.0188,      0.0052,      0.2004,      0.1966,   7477.0469,-535064.7500,  -1102.0663,    531.1407,  24923.4844,
       1,     166,      69,      18,       1,       3,       1,     10.0000,      1.3795,     42.2833,    243.0467,     61.1659,      3.4953,      0.1263,      0.0945,     70.0201,      0.1663,      5.4585,     10.9169,      1.4695,     27.8493,     55.6987,      0.0188,      0.0056,      0.1580,      0.1966,   7477.0454,-533051.9375,  -1101.7563,    531.2755,  24923.4844,
       1,     166,      69,      19,       1,       3,       1,     10.0000,      1.3795,     42.2833,    243.0467,     61.1659,      3.4953,      0.0921,      0.0604,     50.8905,      0.1624,      5.4585,     10.9169,      1.4347,     27.8493,     55.6987,      0.0188,      0.0058,      0.1094,      0.1966,   7477.0454,-515891.2500,  -1096.8431,    532.4152,  24923.4844,
       1,     166,      69,      20,       1,       3,       1,     10.0000,      1.3795,     42.2833,    243.0467,     61.1659,      3.4953,      0.0152,     -0.0162,      0.6447,      0.1534,      5.4585,     10.9169,      1.3551,     27.8493,     55.6987,      0.0188,      0.0053,      0.0015,      0.1966,   7477.0454,-489707.3125,  -1089.1053,    534.1590,  24923.4824,
       1,     166,      69,      21,       1,       3,       1,     10.0000,      1.3795,     42.2833,    243.0467,     61.1659,      3.4953,      0.0000,     -0.0311,      6.1591,      0.1444,      5.4585,     10.9169,      1.2757,     27.8493,     55.6987,      0.0188,      0.0050,      0.0156,      0.1966,   7477.0449,-422589.4375,  -1068.8036,    538.6433,  24923.4805,
       1,     166,      69,      22,       1,       3,       1,     10.0000,      1.3795,     42.2833,    243.0467,     61.1659,      3.4953,      0.0000,     -0.0309,      5.6725,      0.1394,      5.4585,     10.9169,      1.2314,     27.8493,     55.6987,      0.0188,      0.0046,      0.0156,      0.1967,   7477.0444,-423940.3750,  -1069.1732,    538.5712,  24923.4805,
       1,     166,      69,      23,       1,       3,       1,     10.0000,      1.3795,     42.2833,    243.0467,     61.1659,      3.4953,      0.0000,     -0.0306,      5.6567,      0.1319,      5.4585,     10.9169,      1.1659,     27.8493,     55.6987,      0.0188,      0.0045,      0.0156,      0.1967,   7477.0444,-423405.7812,  -1068.9733,    538.6072,  24923.4805,
       1,     166,      69,      24,       1,       3,       1,     10.0000,      1.3795,     42.2833,    243.0467,     61.1659,      3.4953,      0.0000,     -0.0306,      6.1569,      0.1314,      5.4585,     10.9169,      1.1612,     27.8493,     55.6987,      0.0188,      0.0050,      0.0156,      0.1967,   7477.0444,-423338.9688,  -1068.9163,    538.6118,  24923.4805,
       1,     166,      70,       1,       1,       3,       1,     10.0000,      1.3796,     42.2836,    243.0526,     61.1674,      3.4953,      0.0000,     -0.0306,      5.8255,      0.1306,      5.4594,     10.9187,      1.1542,     27.8508,     55.7016,      0.0188,      0.0047,      0.0156,      0.1967,   7477.0444,-424133.9688,  -1069.5547,    538.5710,  24924.6055,
       1,     166,      70,       2,       1,       3,       1,     10.0000,      1.3796,     42.2836,    243.0526,     61.1674,      3.4953,      0.0000,     -0.0305,      4.5290,      0.1294,      5.4594,     10.9187,      1.1437,     27.8508,     55.7016,      0.0188,      0.0036,      0.0156,      0.1967,   7477.3818,-423621.8125,  -1068.9266,    538.6054,  24924.6055,
       1,     166,      70,       3,       1,       3,       1,     10.0000,      1.3796,     42.2836,    243.0526,     61.1674,      3.4953,      0.0000,     -0.0306,      4.1557,      0.1301,      5.4594,     10.9187,      1.1495,     27.8508,     55.7016,      0.0188,      0.0033,      0.0156,      0.1967,   7477.3818,-421905.6562,  -1068.3783,    538.7209,  24924.6055,
       1,     166,      70,       4,       1,       3,       1,     10.0000,      1.3796,     42.2836,    243.0526,     61.1674,      3.4953,      0.0000,     -0.0305,      3.6215,      0.1276,      5.4594,     10.9187,      1.1276,     27.8508,     55.7016,      0.0188,      0.0029,      0.0156,      0.1967,   7477.3818,-421275.3750,  -1068.1621,    538.7634,  24924.6035,
       1,     166,      70,       5,       1,       3,       1,     10.0000,      1.3796,     42.2836,    243.0526,     61.1674,      3.4953,      0.0000,     -0.0304,      3.6863,      0.1262,      5.4594,     10.9187,      1.1150,     27.8508,     55.7016,      0.0188,      0.0030,      0.0156,      0.1967,   7477.3813,-420531.9375,  -1067.9160,    538.8135,  24924.6035,
       1,     166,      70,       6,       1,       3,       1,     10.0000,      1.3796,     42.2836,    243.0526,     61.1674,      3.4953,      0.0000,     -0.0304,      3.4528,      0.1264,      5.4594,     10.9187,      1.1173,     27.8508,     55.7016,      0.0188,      0.0028,      0.0156,      0.1967,   7477.3813,-420550.9688,  -1067.9006,    538.8122,  24924.6035,
       1,     166,      70,       7,       1,       3,       1,     10.0000,      1.3796,     42.2836,    243.0526,     61.1674,      3.4953,      0.0000,     -0.0303,      3.1886,      0.1231,      5.4594,     10.9187,      1.0881,     27.8508,     55.7016,      0.0188,      0.0026,      0.0156,      0.1967,   7477.3813,-420251.5312,  -1067.7905,    538.8324,  24924.6035,
       1,     166,      70,       8,       1,       3,       1,     10.0000,      1.3796,     42.2836,    243.0526,     61.1674,      3.4953,      0.0018,     -0.0287,      3.1687,      0.1276,      5.4594,     10.9187,      1.1276,     27.8508,     55.7016,      0.0188,      0.0025,      0.0156,      0.1967,   7477.3813,-419884.8125,  -1067.6615,    538.8570,  24924.6035,
       1,     166,      70,       9,       1,       3,       1,     10.0000,      1.3796,     42.2836,    243.0526,     61.1674,      3.4953,      0.0336,      0.0029,      5.8411,      0.1337,      5.4594,     10.9187,      1.1814,     27.8508,     55.7016,      0.0188,      0.0025,      0.0290,      0.1967,   7477.3813,-419827.4375,  -1067.6262,    538.8610,  24924.6035,
       1,     166,      70,      10,       1,       3,       1,     10.0000,      1.3796,     42.2836,    243.0526,     61.1674,      3.4953,      0.0759,      0.0445,     19.3439,      0.1527,      5.4594,     10.9187,      1.3497,     27.8508,     55.7016,      0.0188,      0.0027,      0.0894,      0.1967,   7477.3813,-423268.0625,  -1068.6538,    538.6292,  24924.6035,
       1,     166,      70,      11,       1,       3,       1,     10.0000,      1.3796,     42.2836,    243.0526,     61.1674,      3.4953,      0.0767,      0.0450,     22.5430,      0.1620,      5.4594,     10.9187,      1.4319,     27.8508,     55.7016,      0.0188,      0.0031,      0.0900,      0.1967,   7477.3813,-440977.7500,  -1074.0249,    537.4368,  24924.6035,
       1,     166,      70,      12,       1,       3,       1,     10.0000,      1.3796,     42.2836,    243.0526,     61.1674,      3.4953,      0.1219,      0.0901,     37.1583,      0.1650,      5.4594,     10.9187,      1.4579,     27.8508,     55.7016,      0.0188,      0.0030,      0.1553,      0.1967,   7477.3813,-446645.0625,  -1075.7438,    537.0574,  24924.6035,
       1,     166,      70,      13,       1,       3,       1,     10.0000,      1.3796,     42.2836,    243.0526,     61.1674,      3.4953,      0.1289,      0.0966,     47.3986,      0.1805,      5.4594,     10.9187,      1.5946,     27.8508,     55.7016,      0.0188,      0.0036,      0.1644,      0.1967,   7477.3813,-465987.1250,  -1081.6345,    535.7592,  24924.6035,
       1,     166,      70,      14,       1,       3,       1,     10.0000,      1.3796,     42.2836,    243.0526,     61.1674,      3.4953,      0.1555,      0.1232,     61.8841,      0.1796,      5.4594,     10.9187,      1.5867,     27.8508,     55.7016,      0.0188,      0.0038,      0.2023,      0.1967,   7477.3813,-480880.8125,  -1086.2048,    534.7632,  24924.6035,
       1,     166,      70,      15,       1,       3,       1,     10.0000,      1.3796,     42.2836,    243.0526,     61.1674,      3.4953,      0.1418,      0.1092,     76.2138,      0.1893,      5.4594,     10.9187,      1.6723,     27.8508,     55.7016,      0.0188,      0.0053,      0.1802,      0.1967,   7477.3813,-500865.7500,  -1092.3712,    533.4282,  24924.6035,
       1,     166,      70,      16,       1,       3,       1,     10.0000,      1.3796,     42.2836,    243.0526,     61.1674,      3.4953,      0.1759,      0.1435,    103.2569,      0.1821,      5.4594,     10.9187,      1.6089,     27.8508,     55.7016,      0.0188,      0.0057,      0.2278,      0.1967,   7477.3813,-521098.3750,  -1098.6952,    532.0808,  24924.6016,
       1,     166,      70,      17,       1,       3,       1,     10.0000,      1.3796,     42.2836,    243.0526,     61.1674,      3.4953,      0.1582,      0.1256,     94.5718,      0.1930,      5.4594,     10.9187,      1.7057,     27.8508,     55.7016,      0.0188,      0.0059,      0.2026,      0.1966,   7477.3809,-557774.6250,  -1110.1173,    529.6432,  24924.5996,
       1,     166,      70,      18,       1,       3,       1,     10.0000,      1.3796,     42.2836,    243.0526,     61.1674,      3.4953,      0.1482,      0.1160,     97.1815,      0.1789,      5.4594,     10.9187,      1.5804,     27.8508,     55.7016,      0.0188,      0.0065,      0.1874,      0.1966,   7477.3804,-549740.3750,  -1108.0798,    530.1807,  24924.6016,
       1,     166,      70,      19,       1,       3,       1,     10.0000,      1.3796,     42.2836,    243.0526,     61.1674,      3.4953,      0.0757,      0.0438,     44.3844,      0.1673,      5.4594,     10.9187,      1.4784,     27.8508,     55.7016,      0.0188,      0.0065,      0.0857,      0.1966,   7477.3809,-552411.0625,  -1109.2816,    530.0040,  24924.5977,
       1,     166,      70,      20,       1,       3,       1,     10.0000,      1.3796,     42.2836,    243.0526,     61.1674,      3.4953,      0.0125,     -0.0188,      8.7102,      0.1499,      5.4594,     10.9187,      1.3242,     27.8508,     55.7016,      0.0188,      0.0070,      0.0156,      0.1966,   7477.3794,-484426.5938,  -1088.8815,    534.5080,  24924.5977,
       1,     166,      70,      21,       1,       3,       1,     10.0000,      1.3796,     42.2836,    243.0526,     61.1674,      3.4953,      0.0000,     -0.0310,      8.4345,      0.1405,      5.4594,     10.9187,      1.2415,     27.8508,     55.7016,      0.0188,      0.0068,      0.0156,      0.1967,   7477.3794,-432571.5000,  -1073.0941,    537.9919,  24924.5977,
       1,     166,      70,      22,       1,       3,       1,     10.0000,      1.3796,     42.2836,    243.0526,     61.1674,      3.4953,      0.0000,     -0.0308,      8.6694,      0.1377,      5.4594,     10.9187,      1.2166,     27.8508,     55.7016,      0.0188,      0.0070,      0.0156,      0.1967,   7477.3794,-427734.0000,  -1071.5801,    538.3286,  24924.5977,
       1,     166,      70,      23,       1,       3,       1,     10.0000,      1.3796,     42.2836,    243.0526,     61.1674,      3.4953,      0.0000,     -0.0306,      7.0140,      0.1324,      5.4594,     10.9187,      1.1695,     27.8508,     55.7016,      0.0188,      0.0056,      0.0156,      0.1967,   7477.3794,-427602.5312,  -1071.5021,    538.3375,  24924.5977,
       1,     166,      70,      24,       1,       3,       1,     10.0000,      1.3796,     42.2836,    243.0526,     61.1674,      3.4953,      0.0000,     -0.0306,      6.6489,      0.1306,      5.4594,     10.9187,      1.1542,     27.8508,     55.7016,      0.0188,      0.0053,      0.0156,      0.1967,   7477.3794,-425456.3750,  -1070.8171,    538.4819,  24924.5977,
       1,     166,      71,       1,       1,       3,       1,     10.0000,      1.3796,     42.2840,    243.0583,     61.1688,      3.4953,      0.0000,     -0.0304,      5.2812,      0.1262,      5.4604,     10.9207,      1.1150,     27.8446,     55.6893,      0.0188,      0.0042,      0.0156,      0.1967,   7477.3794,-424955.5312,  -1071.0775,    538.5286,  24925.7227,
       1,     166,      71,       2,       1,       3,       1,     10.0000,      1.3796,     42.2840,    243.0583,     61.1688,      3.4953,      0.0000,     -0.0303,      3.6814,      0.1234,      5.4604,     10.9207,      1.0904,     27.8446,     55.6893,      0.0188,      0.0030,      0.0156,      0.1968,   7477.7173,-422994.5625,  -1070.0183,    538.6606,  24925.7227,
       1,     166,      71,       3,       1,       3,       1,     10.0000,      1.3796,     42.2840,    243.0583,     61.1688,      3.4953,      0.0000,     -0.0303,      3.1933,      0.1231,      5.4604,     10.9207,      1.0881,     27.8446,     55.6893,      0.0188,      0.0026,      0.0156,      0.1968,   7477.7173,-420761.7500,  -1069.3223,    538.8109,  24925.7227,
       1,     166,      71,       4,       1,       3,       1,     10.0000,      1.3796,     42.2840,    243.0583,     61.1688,      3.4953,      0.0000,     -0.0302,      2.7658,      0.1221,      5.4604,     10.9207,      1.0793,     27.8446,     55.6893,      0.0188,      0.0022,      0.0156,      0.1968,   7477.7173,-419938.7188,  -1069.0587,    538.8663,  24925.7227,
       1,     166,      71,       5,       1,       3,       1,     10.0000,      1.3796,     42.2840,    243.0583,     61.1688,      3.4953,      0.0000,     -0.0301,      2.4537,      0.1191,      5.4604,     10.9207,      1.0521,     27.8446,     55.6893,      0.0188,      0.0020,      0.0156,      0.1968,   7477.7173,-419316.0625,  -1068.8583,    538.9083,  24925.7227,
       1,     166,      71,       6,       1,       3,       1,     10.0000,      1.3796,     42.2840,    243.0583,     61.1688,      3.4953,      0.0000,     -0.0298,      1.8734,      0.1110,      5.4604,     10.9207,      0.9804,     27.8446,     55.6893,      0.0188,      0.0015,      0.0156,      0.1968,   7477.7173,-418859.5625,  -1068.7104,    538.9391,  24925.7227,
       1,     166,      71,       7,       1,       3,       1,     10.0000,      1.3796,     42.2840,    243.0583,     61.1688,      3.4953,      0.0000,     -0.0297,      1.7040,      0.1087,      5.4604,     10.9207,      0.9605,     27.8446,     55.6893,      0.0188,      0.0014,      0.0156,      0.1968,   7477.7173,-418071.6562,  -1068.4634,    538.9921,  24925.7227,
       1,     166,      71,       8,       1,       3,       1,     10.0000,      1.3796,     42.2840,    243.0583,     61.1688,      3.4953,      0.0024,     -0.0271,      1.6556,      0.1059,      5.4604,     10.9207,      0.9361,     27.8446,     55.6893,      0.0188,      0.0013,      0.0156,      0.1968,   7477.7173,-417785.0938,  -1068.3704,    539.0114,  24925.7227,
       1,     166,      71,       9,       1,       3,       1,     10.0000,      1.3796,     42.2840,    243.0583,     61.1688,      3.4953,      0.0367,      0.0065,      3.4220,      0.1193,      5.4604,     10.9207,      1.0543,     27.8446,     55.6893,      0.0188,      0.0012,      0.0345,      0.1968,   7477.7173,-417697.6875,  -1068.3389,    539.0173,  24925.7227,
       1,     166,      71,      10,       1,       3,       1,     10.0000,      1.3796,     42.2840,    243.0583,     61.1688,      3.4953,      0.0927,      0.0613,     10.4401,      0.1527,      5.4604,     10.9207,      1.3497,     27.8446,     55.6893,      0.0188,      0.0011,      0.1152,      0.1968,   7477.7173,-419967.2188,  -1069.0259,    538.8644,  24925.7227,
       1,     166,      71,      11,       1,       3,       1,     10.0000,      1.3796,     42.2840,    243.0583,     61.1688,      3.4953,      0.1009,      0.0689,     10.7866,      0.1712,      5.4604,     10.9207,      1.5128,     27.8446,     55.6893,      0.0188,      0.0011,      0.1270,      0.1968,   7477.7173,-429212.2500,  -1071.8485,    538.2417,  24925.7227,
       1,     166,      71,      12,       1,       3,       1,     10.0000,      1.3796,     42.2840,    243.0583,     61.1688,      3.4953,      0.1515,      0.1190,     23.1211,      0.1865,      5.4604,     10.9207,      1.6477,     27.8446,     55.6893,      0.0188,      0.0014,      0.2009,      0.1967,   7477.7173,-430462.9062,  -1072.2302,    538.1580,  24925.7227,
       1,     166,      71,      13,       1,       3,       1,     10.0000,      1.3796,     42.2840,    243.0583,     61.1688,      3.4953,      0.1783,      0.1453,     29.0615,      0.2040,      5.4604,     10.9207,      1.8027,     27.8446,     55.6893,      0.0188,      0.0015,      0.2403,      0.1967,   7477.7173,-446475.0000,  -1077.1277,    537.0807,  24925.7227,
       1,     166,      71,      14,       1,       3,       1,     10.0000,      1.3796,     42.2840,    243.0583,     61.1688,      3.4953,      0.1648,      0.1316,     34.7425,      0.2099,      5.4604,     10.9207,      1.8549,     27.8446,     55.6893,      0.0188,      0.0020,      0.2195,      0.1967,   7477.7173,-455528.9375,  -1079.8976,    536.4741,  24925.7207,
       1,     166,      71,      15,       1,       3,       1,     10.0000,      1.3796,     42.2840,    243.0583,     61.1688,      3.4953,      0.1806,      0.1474,     86.4692,      0.2116,      5.4604,     10.9207,      1.8695,     27.8446,     55.6893,      0.0188,      0.0046,      0.2371,      0.1967,   7477.7163,-463641.6250,  -1082.4033,    535.9303,  24925.7207,
       1,     166,      71,      16,       1,       3,       1,     10.0000,      1.3796,     42.2840,    243.0583,     61.1688,      3.4953,      0.1714,      0.1381,    111.3965,      0.2153,      5.4604,     10.9207,      1.9029,     27.8446,     55.6893,      0.0188,      0.0063,      0.2205,      0.1967,   7477.7163,-531074.4375,  -1103.0901,    531.4132,  24925.7207,
       1,     166,      71,      17,       1,       3,       1,     10.0000,      1.3796,     42.2840,    243.0583,     61.1688,      3.4953,      0.1824,      0.1492,    148.3083,      0.2105,      5.4604,     10.9207,      1.8604,     27.8446,     55.6893,      0.0188,      0.0080,      0.2326,      0.1966,   7477.7163,-569163.5000,  -1115.0541,    528.9021,  24925.7207,
       1,     166,      71,      18,       1,       3,       1,     10.0000,      1.3796,     42.2840,    243.0583,     61.1688,      3.4953,      0.1557,      0.1230,    145.7518,      0.1944,      5.4604,     10.9207,      1.7176,     27.8446,     55.6893,      0.0188,      0.0095,      0.1929,      0.1966,   7477.7163,-620151.1250,  -1131.1718,    525.5370,  24925.7168,
       1,     166,      71,      19,       1,       3,       1,     10.0000,      1.3796,     42.2840,    243.0583,     61.1688,      3.4953,      0.1190,      0.0868,    103.5130,      0.1785,      5.4604,     10.9207,      1.5773,     27.8446,     55.6893,      0.0188,      0.0091,      0.1432,      0.1965,   7477.7153,-621286.5000,  -1132.2480,    525.4730,  24925.7168,
       1,     166,      71,      20,       1,       3,       1,     10.0000,      1.3796,     42.2840,    243.0583,     61.1688,      3.4953,      0.0160,     -0.0154,      1.8025,      0.1527,      5.4604,     10.9207,      1.3497,     27.8446,     55.6893,      0.0188,      0.0084,      0.0027,      0.1965,   7477.7153,-566737.2500,  -1116.2003,    529.0561,  24925.7168,
       1,     166,      71,      21,       1,       3,       1,     10.0000,      1.3796,     42.2840,    243.0583,     61.1688,      3.4953,      0.0000,     -0.0310,     11.2010,      0.1424,      5.4604,     10.9207,      1.2579,     27.8446,     55.6893,      0.0188,      0.0090,      0.0156,      0.1966,   7477.7153,-430634.4688,  -1074.6779,    538.0692,  24925.7148,
       1,     166,      71,      22,       1,       3,       1,     10.0000,      1.3796,     42.2840,    243.0583,     61.1688,      3.4953,      0.0000,     -0.0309,     10.0669,      0.1388,      5.4604,     10.9207,      1.2265,     27.8446,     55.6893,      0.0188,      0.0081,      0.0156,      0.1967,   7477.7148,-431220.7500,  -1074.8312,    538.1069,  24925.7148,
       1,     166,      71,      23,       1,       3,       1,     10.0000,      1.3796,     42.2840,    243.0583,     61.1688,      3.4953,      0.0000,     -0.0308,      8.8908,      0.1364,      5.4604,     10.9207,      1.2056,     27.8446,     55.6893,      0.0188,      0.0071,      0.0156,      0.1967,   7477.7148,-429709.8750,  -1074.3378,    538.2086,  24925.7148,
       1,     166,      71,      24,       1,       3,       1,     10.0000,      1.3796,     42.2840,    243.0583,     61.1688,      3.4953,      0.0000,     -0.0309,      7.4711,      0.1380,      5.4604,     10.9207,      1.2191,     27.8446,     55.6893,      0.0188,      0.0060,      0.0156,      0.1967,   7477.7148,-428062.2188,  -1073.8070,    538.3195,  24925.7148,
       1,     166,      72,       1,       1,       3,       1,     10.0000,      1.3796,     42.2843,    243.0641,     61.1703,      3.4953,      0.0000,     -0.0308,      4.6501,      0.1360,      5.4594,     10.9187,      1.2020,     27.8445,     55.6889,      0.0188,      0.0037,      0.0156,      0.1968,   7477.7148,-426244.1250,  -1073.6726,    538.4546,  24926.8398,
       1,     166,      72,       2,       1,       3,       1,     10.0000,      1.3796,     42.2843,    243.0641,     61.1703,      3.4953,      0.0000,     -0.0309,      4.3590,      0.1385,      5.4594,     10.9187,      1.2241,     27.8445,     55.6889,      0.0188,      0.0035,      0.0156,      0.1968,   7478.0522,-422295.9688,  -1072.0037,    538.7203,  24926.8398,
       1,     166,      72,       3,       1,       3,       1,     10.0000,      1.3796,     42.2843,    243.0641,     61.1703,      3.4953,      0.0000,     -0.0310,      4.2292,      0.1414,      5.4594,     10.9187,      1.2491,     27.8445,     55.6889,      0.0188,      0.0034,      0.0156,      0.1968,   7478.0522,-421578.1562,  -1071.7728,    538.7687,  24926.8398,
       1,     166,      72,       4,       1,       3,       1,     10.0000,      1.3796,     42.2843,    243.0641,     61.1703,      3.4953,      0.0000,     -0.0308,      3.3751,      0.1366,      5.4594,     10.9187,      1.2069,     27.8445,     55.6889,      0.0188,      0.0027,      0.0156,      0.1968,   7478.0522,-421348.4375,  -1071.6921,    538.7842,  24926.8379,
       1,     166,      72,       5,       1,       3,       1,     10.0000,      1.3796,     42.2843,    243.0641,     61.1703,      3.4953,      0.0000,     -0.0305,      2.8117,      0.1288,      5.4594,     10.9187,      1.1380,     27.8445,     55.6889,      0.0188,      0.0023,      0.0156,      0.1968,   7478.0518,-420227.5938,  -1071.3396,    538.8597,  24926.8379,
       1,     166,      72,       6,       1,       3,       1,     10.0000,      1.3796,     42.2843,    243.0641,     61.1703,      3.4953,      0.0000,     -0.0302,      2.2373,      0.1198,      5.4594,     10.9187,      1.0586,     27.8445,     55.6889,      0.0188,      0.0018,      0.0156,      0.1968,   7478.0518,-419403.9375,  -1071.0802,    538.9152,  24926.8379,
       1,     166,      72,       7,       1,       3,       1,     10.0000,      1.3796,     42.2843,    243.0641,     61.1703,      3.4953,      0.0000,     -0.0300,      2.1105,      0.1169,      5.4594,     10.9187,      1.0330,     27.8445,     55.6889,      0.0188,      0.0017,      0.0156,      0.1968,   7478.0518,-418592.1875,  -1070.8269,    538.9699,  24926.8379,
       1,     166,      72,       8,       1,       3,       1,     10.0000,      1.3796,     42.2843,    243.0641,     61.1703,      3.4953,      0.0036,     -0.0265,      2.3813,      0.1169,      5.4594,     10.9187,      1.0330,     27.8445,     55.6889,      0.0188,      0.0019,      0.0156,      0.1968,   7478.0518,-418358.0312,  -1070.7506,    538.9856,  24926.8379,
       1,     166,      72,       9,       1,       3,       1,     10.0000,      1.3796,     42.2843,    243.0641,     61.1703,      3.4953,      0.0944,      0.0639,     19.2611,      0.1298,      5.4594,     10.9187,      1.1473,     27.8445,     55.6889,      0.0188,      0.0021,      0.1172,      0.1968,   7478.0518,-418686.8438,  -1070.8472,    538.9635,  24926.8379,
       1,     166,      72,      10,       1,       3,       1,     10.0000,      1.3796,     42.2843,    243.0641,     61.1703,      3.4953,      0.1388,      0.1074,     30.1091,      0.1521,      5.4594,     10.9187,      1.3443,     27.8445,     55.6889,      0.0188,      0.0021,      0.1812,      0.1968,   7478.0518,-440473.8125,  -1077.5708,    537.4957,  24926.8379,
       1,     166,      72,      11,       1,       3,       1,     10.0000,      1.3796,     42.2843,    243.0641,     61.1703,      3.4953,      0.1651,      0.1331,     24.5337,      0.1709,      5.4594,     10.9187,      1.5098,     27.8445,     55.6889,      0.0188,      0.0014,      0.2209,      0.1968,   7478.0518,-456358.8750,  -1082.4857,    536.4304,  24926.8379,
       1,     166,      72,      12,       1,       3,       1,     10.0000,      1.3796,     42.2843,    243.0641,     61.1703,      3.4953,      0.1841,      0.1514,     19.5525,      0.1940,      5.4594,     10.9187,      1.7143,     27.8445,     55.6889,      0.0188,      0.0010,      0.2500,      0.1967,   7478.0518,-450546.0938,  -1080.7200,    536.8212,  24926.8398,
       1,     166,      72,      13,       1,       3,       1,     10.0000,      1.3796,     42.2843,    243.0641,     61.1703,      3.4953,      0.1841,      0.1512,     19.5875,      0.1981,      5.4594,     10.9187,      1.7502,     27.8445,     55.6889,      0.0188,      0.0010,      0.2500,      0.1968,   7478.0522,-443617.3438,  -1078.5846,    537.2863,  24926.8359,
       1,     166,      72,      14,       1,       3,       1,     10.0000,      1.3796,     42.2843,    243.0641,     61.1703,      3.4953,      0.1852,      0.1522,     34.9664,      0.2038,      5.4594,     10.9187,      1.8010,     27.8445,     55.6889,      0.0188,      0.0018,      0.2500,      0.1968,   7478.0513,-443062.5625,  -1078.4044,    537.3238,  24926.8359,
       1,     166,      72,      15,       1,       3,       1,     10.0000,      1.3796,     42.2843,    243.0641,     61.1703,      3.4953,      0.1883,      0.1552,     74.6517,      0.2073,      5.4594,     10.9187,      1.8314,     27.8445,     55.6889,      0.0188,      0.0037,      0.2500,      0.1968,   7478.0513,-462844.8750,  -1084.5056,    535.9951,  24926.8359,
       1,     166,      72,      16,       1,       3,       1,     10.0000,      1.3796,     42.2843,    243.0641,     61.1703,      3.4953,      0.1910,      0.1581,    109.2413,      0.2010,      5.4594,     10.9187,      1.7763,     27.8445,     55.6889,      0.0188,      0.0055,      0.2500,      0.1967,   7478.0513,-515753.6250,  -1100.8885,    532.4519,  24926.8340,
       1,     166,      72,      17,       1,       3,       1,     10.0000,      1.3796,     42.2843,    243.0641,     61.1703,      3.4953,      0.1854,      0.1526,    134.3608,      0.1955,      5.4594,     10.9187,      1.7279,     27.8445,     55.6889,      0.0188,      0.0071,      0.2385,      0.1967,   7478.0503,-565021.9375,  -1116.3519,    529.1845,  24926.8340,
       1,     166,      72,      18,       1,       3,       1,     10.0000,      1.3796,     42.2843,    243.0641,     61.1703,      3.4953,      0.1611,      0.1288,    120.7976,      0.1792,      5.4594,     10.9187,      1.5836,     27.8445,     55.6889,      0.0188,      0.0074,      0.2038,      0.1966,   7478.0503,-601754.4375,  -1128.1868,    526.7646,  24926.8340,
       1,     166,      72,      19,       1,       3,       1,     10.0000,      1.3796,     42.2843,    243.0641,     61.1703,      3.4953,      0.1264,      0.0945,     87.5997,      0.1677,      5.4594,     10.9187,      1.4814,     27.8445,     55.6889,      0.0188,      0.0070,      0.1561,      0.1966,   7478.0503,-587402.5000,  -1124.3937,    527.7153,  24926.8320,
       1,     166,      72,      20,       1,       3,       1,     10.0000,      1.3796,     42.2843,    243.0641,     61.1703,      3.4953,      0.0240,     -0.0075,      7.7127,      0.1552,      5.4594,     10.9187,      1.3716,     27.8445,     55.6889,      0.0188,      0.0071,      0.0137,      0.1966,   7478.0498,-543249.3125,  -1111.2845,    530.6286,  24926.8320,
       1,     166,      72,      21,       1,       3,       1,     10.0000,      1.3796,     42.2843,    243.0641,     61.1703,      3.4953,      0.0000,     -0.0313,      7.6451,      0.1496,      5.4594,     10.9187,      1.3216,     27.8445,     55.6889,      0.0188,      0.0061,      0.0156,      0.1967,   7478.0498,-436284.7812,  -1078.3972,    537.7315,  24926.8301,
       1,     166,      72,      22,       1,       3,       1,     10.0000,      1.3796,     42.2843,    243.0641,     61.1703,      3.4953,      0.0000,     -0.0310,      7.3691,      0.1428,      5.4594,     10.9187,      1.2617,     27.8445,     55.6889,      0.0188,      0.0059,      0.0156,      0.1968,   7478.0493,-427090.1875,  -1075.5370,    538.3972,  24926.8301,
       1,     166,      72,      23,       1,       3,       1,     10.0000,      1.3796,     42.2843,    243.0641,     61.1703,      3.4953,      0.0000,     -0.0309,      6.8864,      0.1404,      5.4594,     10.9187,      1.2403,     27.8445,     55.6889,      0.0188,      0.0055,      0.0156,      0.1968,   7478.0493,-425876.3125,  -1075.1484,    538.4793,  24926.8301,
       1,     166,      72,      24,       1,       3,       1,     10.0000,      1.3796,     42.2843,    243.0641,     61.1703,      3.4953,      0.0000,     -0.0309,      6.1508,      0.1387,      5.4594,     10.9187,      1.2253,     27.8445,     55.6889,      0.0188,      0.0049,      0.0156,      0.1968,   7478.0493,-425148.1562,  -1074.9119,    538.5284,  24926.8281,
       1,     166,      73,       1,       1,       3,       1,     10.0000,      1.3796,     42.2846,    243.0698,     61.1717,      3.4953,      0.0000,     -0.0308,      5.0193,      0.1352,      5.4594,     10.9188,      1.1948,     27.8512,     55.7023,      0.0188,      0.0040,      0.0156,      0.1968,   7478.0488,-424292.5312,  -1075.0850,    538.5987,  24927.9531,
       1,     166,      73,       2,       1,       3,       1,     10.0000,      1.3796,     42.2846,    243.0698,     61.1717,      3.4953,      0.0000,     -0.0307,      4.7787,      0.1340,      5.4594,     10.9188,      1.1839,     27.8512,     55.7023,      0.0188,      0.0038,      0.0156,      0.1968,   7478.3862,-422605.9062,  -1074.1080,    538.7122,  24927.9531,
       1,     166,      73,       3,       1,       3,       1,     10.0000,      1.3796,     42.2846,    243.0698,     61.1717,      3.4953,      0.0000,     -0.0306,      4.3153,      0.1318,      5.4594,     10.9188,      1.1649,     27.8512,     55.7023,      0.0188,      0.0035,      0.0156,      0.1968,   7478.3862,-422149.4688,  -1073.9594,    538.7430,  24927.9531,
       1,     166,      73,       4,       1,       3,       1,     10.0000,      1.3796,     42.2846,    243.0698,     61.1717,      3.4953,      0.0000,     -0.0306,      3.7997,      0.1300,      5.4594,     10.9188,      1.1484,     27.8512,     55.7023,      0.0188,      0.0031,      0.0156,      0.1968,   7478.3862,-421512.4688,  -1073.7557,    538.7859,  24927.9531,
       1,     166,      73,       5,       1,       3,       1,     10.0000,      1.3796,     42.2846,    243.0698,     61.1717,      3.4953,      0.0000,     -0.0304,      3.4492,      0.1256,      5.4594,     10.9188,      1.1094,     27.8512,     55.7023,      0.0188,      0.0028,      0.0156,      0.1968,   7478.3862,-420792.6250,  -1073.5272,    538.8343,  24927.9531,
       1,     166,      73,       6,       1,       3,       1,     10.0000,      1.3796,     42.2846,    243.0698,     61.1717,      3.4953,      0.0000,     -0.0305,      3.0909,      0.1272,      5.4594,     10.9188,      1.1242,     27.8512,     55.7023,      0.0188,      0.0025,      0.0156,      0.1968,   7478.3862,-420278.5312,  -1073.3629,    538.8690,  24927.9531,
       1,     166,      73,       7,       1,       3,       1,     10.0000,      1.3796,     42.2846,    243.0698,     61.1717,      3.4953,      0.0000,     -0.0304,      3.0498,      0.1266,      5.4594,     10.9188,      1.1185,     27.8512,     55.7023,      0.0188,      0.0025,      0.0156,      0.1968,   7478.3862,-419772.0000,  -1073.2018,    538.9031,  24927.9531,
       1,     166,      73,       8,       1,       3,       1,     10.0000,      1.3796,     42.2846,    243.0698,     61.1717,      3.4953,      0.0008,     -0.0296,      2.9424,      0.1259,      5.4594,     10.9188,      1.1128,     27.8512,     55.7023,      0.0188,      0.0024,      0.0156,      0.1968,   7478.3862,-419675.0625,  -1073.1678,    538.9097,  24927.9531,
       1,     166,      73,       9,       1,       3,       1,     10.0000,      1.3796,     42.2846,    243.0698,     61.1717,      3.4953,      0.0294,     -0.0014,      4.3507,      0.1364,      5.4594,     10.9188,      1.2057,     27.8512,     55.7023,      0.0188,      0.0024,      0.0229,      0.1968,   7478.3862,-419528.0938,  -1073.1185,    538.9196,  24927.9531,
       1,     166,      73,      10,       1,       3,       1,     10.0000,      1.3796,     42.2846,    243.0698,     61.1717,      3.4953,      0.1649,      0.1335,     42.2865,      0.1555,      5.4594,     10.9188,      1.3744,     27.8512,     55.7023,      0.0188,      0.0024,      0.2185,      0.1968,   7478.3862,-421330.4688,  -1073.6753,    538.7982,  24927.9531,
       1,     166,      73,      11,       1,       3,       1,     10.0000,      1.3796,     42.2846,    243.0698,     61.1717,      3.4953,      0.1770,      0.1450,     50.9864,      0.1726,      5.4594,     10.9188,      1.5249,     27.8512,     55.7023,      0.0188,      0.0027,      0.2356,      0.1968,   7478.3862,-470383.1250,  -1088.9409,    535.4944,  24927.9551,
       1,     166,      73,      12,       1,       3,       1,     10.0000,      1.3796,     42.2846,    243.0698,     61.1717,      3.4953,      0.1834,      0.1508,     55.9819,      0.1902,      5.4594,     10.9188,      1.6807,     27.8512,     55.7023,      0.0188,      0.0029,      0.2446,      0.1968,   7478.3867,-485890.0000,  -1093.8297,    534.4666,  24927.9512,
       1,     166,      73,      13,       1,       3,       1,     10.0000,      1.3796,     42.2846,    243.0698,     61.1717,      3.4953,      0.1875,      0.1547,     63.3319,      0.1959,      5.4594,     10.9188,      1.7313,     27.8512,     55.7023,      0.0188,      0.0032,      0.2500,      0.1967,   7478.3857,-493667.8438,  -1096.3596,    533.9479,  24927.9531,
       1,     166,      73,      14,       1,       3,       1,     10.0000,      1.3796,     42.2846,    243.0698,     61.1717,      3.4953,      0.1890,      0.1557,     83.2612,      0.2118,      5.4594,     10.9188,      1.8714,     27.8512,     55.7023,      0.0188,      0.0042,      0.2500,      0.1967,   7478.3862,-503824.0000,  -1099.6624,    533.2703,  24927.9512,
       1,     166,      73,      15,       1,       3,       1,     10.0000,      1.3796,     42.2846,    243.0698,     61.1717,      3.4953,      0.1906,      0.1574,    103.6420,      0.2079,      5.4594,     10.9188,      1.8368,     27.8512,     55.7023,      0.0188,      0.0052,      0.2500,      0.1967,   7478.3857,-530423.0625,  -1108.1348,    531.4977,  24927.9492,
       1,     166,      73,      16,       1,       3,       1,     10.0000,      1.3796,     42.2846,    243.0698,     61.1717,      3.4953,      0.1935,      0.1606,    144.8813,      0.2010,      5.4594,     10.9188,      1.7763,     27.8512,     55.7023,      0.0188,      0.0073,      0.2495,      0.1967,   7478.3853,-559046.0000,  -1117.3647,    529.5990,  24927.9512,
       1,     166,      73,      17,       1,       3,       1,     10.0000,      1.3796,     42.2846,    243.0698,     61.1717,      3.4953,      0.1874,      0.1544,    158.1660,      0.2014,      5.4594,     10.9188,      1.7798,     27.8512,     55.7023,      0.0188,      0.0083,      0.2388,      0.1967,   7478.3857,-614796.5000,  -1135.2112,    525.9118,  24927.9473,
       1,     166,      73,      18,       1,       3,       1,     10.0000,      1.3796,     42.2846,    243.0698,     61.1717,      3.4953,      0.1553,      0.1226,    136.1332,      0.1931,      5.4594,     10.9188,      1.7059,     27.8512,     55.7023,      0.0188,      0.0088,      0.1934,      0.1966,   7478.3843,-636836.3750,  -1142.8241,    524.4757,  24927.9473,
       1,     166,      73,      19,       1,       3,       1,     10.0000,      1.3796,     42.2846,    243.0698,     61.1717,      3.4953,      0.1029,      0.0708,     90.7280,      0.1748,      5.4594,     10.9188,      1.5448,     27.8512,     55.7023,      0.0188,      0.0094,      0.1207,      0.1965,   7478.3843,-610235.3750,  -1135.3497,    526.2216,  24927.9453,
       1,     166,      73,      20,       1,       3,       1,     10.0000,      1.3796,     42.2846,    243.0698,     61.1717,      3.4953,      0.0122,     -0.0193,     10.8850,      0.1563,      5.4594,     10.9188,      1.3813,     27.8512,     55.7023,      0.0188,      0.0088,      0.0156,      0.1966,   7478.3838,-549238.1250,  -1116.9373,    530.2368,  24927.9453,
       1,     166,      73,      21,       1,       3,       1,     10.0000,      1.3796,     42.2846,    243.0698,     61.1717,      3.4953,      0.0000,     -0.0312,     10.7761,      0.1464,      5.4594,     10.9188,      1.2940,     27.8512,     55.7023,      0.0188,      0.0087,      0.0156,      0.1967,   7478.3838,-440899.5938,  -1083.2937,    537.4327,  24927.9434,
       1,     166,      73,      22,       1,       3,       1,     10.0000,      1.3796,     42.2846,    243.0698,     61.1717,      3.4953,      0.0000,     -0.0310,     10.8132,      0.1416,      5.4594,     10.9188,      1.2516,     27.8512,     55.7023,      0.0188,      0.0087,      0.0156,      0.1968,   7478.3833,-431531.4688,  -1080.3545,    538.1111,  24927.9434,
       1,     166,      73,      23,       1,       3,       1,     10.0000,      1.3796,     42.2846,    243.0698,     61.1717,      3.4953,      0.0000,     -0.0309,     10.0848,      0.1404,      5.4594,     10.9188,      1.2403,     27.8512,     55.7023,      0.0188,      0.0081,      0.0156,      0.1968,   7478.3833,-430704.5000,  -1080.0879,    538.1672,  24927.9434,
       1,     166,      73,      24,       1,       3,       1,     10.0000,      1.3796,     42.2846,    243.0698,     61.1717,      3.4953,      0.0000,     -0.0310,      7.6306,      0.1408,      5.4594,     10.9188,      1.2441,     27.8512,     55.7023,      0.0188,      0.0061,      0.0156,      0.1968,   7478.3833,-429693.2188,  -1079.7644,    538.2352,  24927.9434,
       1,     166,      74,       1,       1,       3,       1,     10.0000,      1.3796,     42.2850,    243.0756,     61.1731,      3.4953,      0.0000,     -0.0310,      6.2155,      0.1409,      5.4593,     10.9185,      1.2453,     27.8564,     55.7128,      0.0188,      0.0050,      0.0156,      0.1968,   7478.3833,-426597.0000,  -1079.2394,    538.4562,  24929.0664,
       1,     166,      74,       2,       1,       3,       1,     10.0000,      1.3796,     42.2850,    243.0756,     61.1731,      3.4953,      0.0000,     -0.0309,      5.0604,      0.1390,      5.4593,     10.9185,      1.2279,     27.8564,     55.7128,      0.0188,      0.0041,      0.0156,      0.1968,   7478.7202,-424351.0625,  -1078.0814,    538.6074,  24929.0645,
       1,     166,      74,       3,       1,       3,       1,     10.0000,      1.3796,     42.2850,    243.0756,     61.1731,      3.4953,      0.0000,     -0.0308,      4.2138,      0.1370,      5.4593,     10.9185,      1.2106,     27.8564,     55.7128,      0.0188,      0.0034,      0.0156,      0.1968,   7478.7197,-422667.6562,  -1077.5511,    538.7208,  24929.0645,
       1,     166,      74,       4,       1,       3,       1,     10.0000,      1.3796,     42.2850,    243.0756,     61.1731,      3.4953,      0.0000,     -0.0308,      3.9365,      0.1371,      5.4593,     10.9185,      1.2118,     27.8564,     55.7128,      0.0188,      0.0032,      0.0156,      0.1968,   7478.7197,-421430.4688,  -1077.1608,    538.8041,  24929.0645,
       1,     166,      74,       5,       1,       3,       1,     10.0000,      1.3796,     42.2850,    243.0756,     61.1731,      3.4953,      0.0000,     -0.0308,      3.9391,      0.1376,      5.4593,     10.9185,      1.2155,     27.8564,     55.7128,      0.0188,      0.0032,      0.0156,      0.1968,   7478.7197,-420965.6562,  -1077.0131,    538.8354,  24929.0645,
       1,     166,      74,       6,       1,       3,       1,     10.0000,      1.3796,     42.2850,    243.0756,     61.1731,      3.4953,      0.0000,     -0.0308,      3.9310,      0.1351,      5.4593,     10.9185,      1.1936,     27.8564,     55.7128,      0.0188,      0.0032,      0.0156,      0.1968,   7478.7197,-420928.7500,  -1076.9994,    538.8380,  24929.0645,
       1,     166,      74,       7,       1,       3,       1,     10.0000,      1.3796,     42.2850,    243.0756,     61.1731,      3.4953,      0.0000,     -0.0306,      3.9685,      0.1318,      5.4593,     10.9185,      1.1649,     27.8564,     55.7128,      0.0188,      0.0032,      0.0156,      0.1968,   7478.7197,-420915.0000,  -1076.9933,    538.8389,  24929.0645,
       1,     166,      74,       8,       1,       3,       1,     10.0000,      1.3796,     42.2850,    243.0756,     61.1731,      3.4953,      0.0070,     -0.0235,      3.8621,      0.1287,      5.4593,     10.9185,      1.1369,     27.8564,     55.7128,      0.0188,      0.0031,      0.0156,      0.1968,   7478.7197,-420962.1562,  -1077.0062,    538.8357,  24929.0645,
       1,     166,      74,       9,       1,       3,       1,     10.0000,      1.3796,     42.2850,    243.0756,     61.1731,      3.4953,      0.0889,      0.0583,     27.3094,      0.1318,      5.4593,     10.9185,      1.1649,     27.8564,     55.7128,      0.0188,      0.0032,      0.1081,      0.1968,   7478.7197,-420829.1250,  -1076.9626,    538.8446,  24929.0645,
       1,     166,      74,      10,       1,       3,       1,     10.0000,      1.3796,     42.2850,    243.0756,     61.1731,      3.4953,      0.1231,      0.0922,     41.0649,      0.1406,      5.4593,     10.9185,      1.2428,     27.8564,     55.7128,      0.0188,      0.0033,      0.1569,      0.1968,   7478.7197,-451035.3438,  -1086.4669,    536.8101,  24929.0645,
       1,     166,      74,      11,       1,       3,       1,     10.0000,      1.3796,     42.2850,    243.0756,     61.1731,      3.4953,      0.1786,      0.1472,     67.9653,      0.1512,      5.4593,     10.9185,      1.3363,     27.8564,     55.7128,      0.0188,      0.0036,      0.2357,      0.1968,   7478.7197,-471403.0000,  -1092.9049,    535.4473,  24929.0645,
       1,     166,      74,      12,       1,       3,       1,     10.0000,      1.3796,     42.2850,    243.0756,     61.1731,      3.4953,      0.1883,      0.1559,     72.0781,      0.1845,      5.4593,     10.9185,      1.6300,     27.8564,     55.7128,      0.0188,      0.0036,      0.2500,      0.1968,   7478.7197,-507861.7188,  -1104.4482,    533.0087,  24929.0645,
       1,     166,      74,      13,       1,       3,       1,     10.0000,      1.3796,     42.2850,    243.0756,     61.1731,      3.4953,      0.1876,      0.1547,     64.6929,      0.1991,      5.4593,     10.9185,      1.7589,     27.8564,     55.7128,      0.0188,      0.0032,      0.2500,      0.1967,   7478.7197,-516339.8438,  -1107.3148,    532.4495,  24929.0605,
       1,     166,      74,      14,       1,       3,       1,     10.0000,      1.3796,     42.2850,    243.0756,     61.1731,      3.4953,      0.1867,      0.1539,     53.0853,      0.1969,      5.4593,     10.9185,      1.7399,     27.8564,     55.7128,      0.0188,      0.0027,      0.2500,      0.1967,   7478.7183,-507535.2188,  -1104.9984,    533.0358,  24929.0625,
       1,     166,      74,      15,       1,       3,       1,     10.0000,      1.3796,     42.2850,    243.0756,     61.1731,      3.4953,      0.1877,      0.1547,     65.8434,      0.2016,      5.4593,     10.9185,      1.7816,     27.8564,     55.7128,      0.0188,      0.0033,      0.2500,      0.1967,   7478.7192,-491795.5000,  -1100.2368,    534.0848,  24929.0605,
       1,     166,      74,      16,       1,       3,       1,     10.0000,      1.3796,     42.2850,    243.0756,     61.1731,      3.4953,      0.1886,      0.1560,     76.2877,      0.1896,      5.4593,     10.9185,      1.6758,     27.8564,     55.7128,      0.0188,      0.0038,      0.2500,      0.1968,   7478.7183,-506897.0938,  -1105.1276,    533.0776,  24929.0605,
       1,     166,      74,      17,       1,       3,       1,     10.0000,      1.3796,     42.2850,    243.0756,     61.1731,      3.4953,      0.1895,      0.1569,    133.0704,      0.1878,      5.4593,     10.9185,      1.6593,     27.8564,     55.7128,      0.0188,      0.0068,      0.2447,      0.1967,   7478.7183,-521682.6875,  -1109.9882,    532.0933,  24929.0586,
       1,     166,      74,      18,       1,       3,       1,     10.0000,      1.3796,     42.2850,    243.0756,     61.1731,      3.4953,      0.1731,      0.1409,    124.4987,      0.1760,      5.4593,     10.9185,      1.5556,     27.8564,     55.7128,      0.0188,      0.0071,      0.2212,      0.1967,   7478.7178,-596255.3750,  -1133.8000,    527.1343,  24929.0605,
       1,     166,      74,      19,       1,       3,       1,     10.0000,      1.3796,     42.2850,    243.0756,     61.1731,      3.4953,      0.1166,      0.0850,     73.2588,      0.1563,      5.4593,     10.9185,      1.3813,     27.8564,     55.7128,      0.0188,      0.0064,      0.1432,      0.1966,   7478.7183,-591702.2500,  -1132.9834,    527.4573,  24929.0566,
       1,     166,      74,      20,       1,       3,       1,     10.0000,      1.3796,     42.2850,    243.0756,     61.1731,      3.4953,      0.0115,     -0.0199,      8.6024,      0.1541,      5.4593,     10.9185,      1.3621,     27.8564,     55.7128,      0.0188,      0.0069,      0.0156,      0.1966,   7478.7173,-525062.7500,  -1112.5187,    531.8511,  24929.0527,
       1,     166,      74,      21,       1,       3,       1,     10.0000,      1.3796,     42.2850,    243.0756,     61.1731,      3.4953,      0.0000,     -0.0312,      7.6832,      0.1485,      5.4593,     10.9185,      1.3123,     27.8564,     55.7128,      0.0188,      0.0062,      0.0156,      0.1967,   7478.7163,-435909.0938,  -1084.5605,    537.7965,  24929.0547,
       1,     166,      74,      22,       1,       3,       1,     10.0000,      1.3796,     42.2850,    243.0756,     61.1731,      3.4953,      0.0000,     -0.0310,      7.0389,      0.1424,      5.4593,     10.9185,      1.2580,     27.8564,     55.7128,      0.0188,      0.0057,      0.0156,      0.1968,   7478.7168,-427094.3750,  -1081.7722,    538.4225,  24929.0547,
       1,     166,      74,      23,       1,       3,       1,     10.0000,      1.3796,     42.2850,    243.0756,     61.1731,      3.4953,      0.0000,     -0.0308,      6.1967,      0.1374,      5.4593,     10.9185,      1.2143,     27.8564,     55.7128,      0.0188,      0.0050,      0.0156,      0.1968,   7478.7168,-425457.1875,  -1081.2518,    538.5330,  24929.0547,
       1,     166,      74,      24,       1,       3,       1,     10.0000,      1.3796,     42.2850,    243.0756,     61.1731,      3.4953,      0.0000,     -0.0307,      4.6165,      0.1341,      5.4593,     10.9185,      1.1851,     27.8564,     55.7128,      0.0188,      0.0037,      0.0156,      0.1968,   7478.7168,-424229.2500,  -1080.8607,    538.6157,  24929.0547,
       1,     166,      75,       1,       1,       3,       1,     10.0000,      1.3797,     42.2853,    243.0814,     61.1746,      3.4953,      0.0000,     -0.0307,      4.6009,      0.1339,      5.4595,     10.9190,      1.1828,     27.8630,     55.7261,      0.0188,      0.0037,      0.0156,      0.1969,   7478.7168,-422242.0000,  -1080.6860,    538.7622,  24930.1777,
       1,     166,      75,       2,       1,       3,       1,     10.0000,      1.3797,     42.2853,    243.0814,     61.1746,      3.4953,      0.0000,     -0.0307,      4.3508,      0.1333,      5.4595,     10.9190,      1.1780,     27.8630,     55.7261,      0.0188,      0.0035,      0.0156,      0.1969,   7479.0537,-421896.0000,  -1080.1213,    538.7855,  24930.1777,
       1,     166,      75,       3,       1,       3,       1,     10.0000,      1.3797,     42.2853,    243.0814,     61.1746,      3.4953,      0.0000,     -0.0306,      3.7514,      0.1310,      5.4595,     10.9190,      1.1579,     27.8630,     55.7261,      0.0188,      0.0030,      0.0156,      0.1969,   7479.0537,-421543.6562,  -1080.0084,    538.8092,  24930.1777,
       1,     166,      75,       4,       1,       3,       1,     10.0000,      1.3797,     42.2853,    243.0814,     61.1746,      3.4953,      0.0000,     -0.0306,      3.5622,      0.1304,      5.4595,     10.9190,      1.1520,     27.8630,     55.7261,      0.0188,      0.0029,      0.0156,      0.1969,   7479.0537,-420740.6562,  -1079.7531,    538.8633,  24930.1777,
       1,     166,      75,       5,       1,       3,       1,     10.0000,      1.3797,     42.2853,    243.0814,     61.1746,      3.4953,      0.0000,     -0.0305,      3.3156,      0.1287,      5.4595,     10.9190,      1.1369,     27.8630,     55.7261,      0.0188,      0.0027,      0.0156,      0.1969,   7479.0537,-420427.1562,  -1079.6530,    538.8844,  24930.1777,
       1,     166,      75,       6,       1,       3,       1,     10.0000,      1.3797,     42.2853,    243.0814,     61.1746,      3.4953,      0.0000,     -0.0303,      2.9801,      0.1239,      5.4595,     10.9190,      1.0949,     27.8630,     55.7261,      0.0188,      0.0024,      0.0156,      0.1969,   7479.0537,-420082.2500,  -1079.5427,    538.9076,  24930.1777,
       1,     166,      75,       7,       1,       3,       1,     10.0000,      1.3797,     42.2853,    243.0814,     61.1746,      3.4953,      0.0000,     -0.0304,      3.3381,      0.1268,      5.4595,     10.9190,      1.1208,     27.8630,     55.7261,      0.0188,      0.0027,      0.0156,      0.1969,   7479.0537,-419619.9688,  -1079.3956,    538.9388,  24930.1777,
       1,     166,      75,       8,       1,       3,       1,     10.0000,      1.3797,     42.2853,    243.0814,     61.1746,      3.4953,      0.0059,     -0.0245,      3.0292,      0.1240,      5.4595,     10.9190,      1.0960,     27.8630,     55.7261,      0.0188,      0.0024,      0.0156,      0.1969,   7479.0537,-420041.1562,  -1079.5278,    538.9103,  24930.1777,
       1,     166,      75,       9,       1,       3,       1,     10.0000,      1.3797,     42.2853,    243.0814,     61.1746,      3.4953,      0.0973,      0.0666,     25.3867,      0.1332,      5.4595,     10.9190,      1.1768,     27.8630,     55.7261,      0.0188,      0.0026,      0.1207,      0.1969,   7479.0537,-419679.6875,  -1079.4124,    538.9348,  24930.1777,
       1,     166,      75,      10,       1,       3,       1,     10.0000,      1.3797,     42.2853,    243.0814,     61.1746,      3.4953,      0.1650,      0.1337,     51.9004,      0.1521,      5.4595,     10.9190,      1.3444,     27.8630,     55.7261,      0.0188,      0.0030,      0.2175,      0.1969,   7479.0537,-448457.6250,  -1088.5410,    536.9961,  24930.1777,
       1,     166,      75,      11,       1,       3,       1,     10.0000,      1.3797,     42.2853,    243.0814,     61.1746,      3.4953,      0.1873,      0.1553,     57.6281,      0.1699,      5.4595,     10.9190,      1.5009,     27.8630,     55.7261,      0.0188,      0.0029,      0.2500,      0.1968,   7479.0537,-485144.3125,  -1100.2021,    534.5370,  24930.1797,
       1,     166,      75,      12,       1,       3,       1,     10.0000,      1.3797,     42.2853,    243.0814,     61.1746,      3.4953,      0.1860,      0.1534,     69.6338,      0.1906,      5.4595,     10.9190,      1.6842,     27.8630,     55.7261,      0.0188,      0.0035,      0.2469,      0.1968,   7479.0542,-495722.2812,  -1103.6570,    533.8358,  24930.1758,
       1,     166,      75,      13,       1,       3,       1,     10.0000,      1.3797,     42.2853,    243.0814,     61.1746,      3.4953,      0.1842,      0.1513,     66.2828,      0.1975,      5.4595,     10.9190,      1.7451,     27.8630,     55.7261,      0.0188,      0.0034,      0.2446,      0.1968,   7479.0532,-512120.0625,  -1109.0112,    532.7421,  24930.1758,
       1,     166,      75,      14,       1,       3,       1,     10.0000,      1.3797,     42.2853,    243.0814,     61.1746,      3.4953,      0.1885,      0.1558,     75.4971,      0.1944,      5.4595,     10.9190,      1.7178,     27.8630,     55.7261,      0.0188,      0.0038,      0.2500,      0.1968,   7479.0532,-509217.0312,  -1108.3145,    532.9365,  24930.1738,
       1,     166,      75,      15,       1,       3,       1,     10.0000,      1.3797,     42.2853,    243.0814,     61.1746,      3.4953,      0.1844,      0.1518,     97.2619,      0.1906,      5.4595,     10.9190,      1.6842,     27.8630,     55.7261,      0.0188,      0.0051,      0.2414,      0.1968,   7479.0522,-520854.3438,  -1112.2235,    532.1613,  24930.1738,
       1,     166,      75,      16,       1,       3,       1,     10.0000,      1.3797,     42.2853,    243.0814,     61.1746,      3.4953,      0.1565,      0.1238,     99.5451,      0.1913,      5.4595,     10.9190,      1.6908,     27.8630,     55.7261,      0.0188,      0.0063,      0.1994,      0.1968,   7479.0522,-549951.2500,  -1121.7428,    530.2263,  24930.1699,
       1,     166,      75,      17,       1,       3,       1,     10.0000,      1.3797,     42.2853,    243.0814,     61.1746,      3.4953,      0.1464,      0.1138,    114.7381,      0.1870,      5.4595,     10.9190,      1.6528,     27.8630,     55.7261,      0.0188,      0.0079,      0.1825,      0.1967,   7479.0513,-555425.7500,  -1123.8950,    529.8669,  24930.1719,
       1,     166,      75,      18,       1,       3,       1,     10.0000,      1.3797,     42.2853,    243.0814,     61.1746,      3.4953,      0.1382,      0.1059,    104.0496,      0.1808,      5.4595,     10.9190,      1.5980,     27.8630,     55.7261,      0.0188,      0.0076,      0.1716,      0.1967,   7479.0518,-575513.2500,  -1130.7338,    528.5367,  24930.1719,
       1,     166,      75,      19,       1,       3,       1,     10.0000,      1.3797,     42.2853,    243.0814,     61.1746,      3.4953,      0.0525,      0.0207,     28.7088,      0.1665,      5.4595,     10.9190,      1.4712,     27.8630,     55.7261,      0.0188,      0.0068,      0.0532,      0.1967,   7479.0518,-563447.6875,  -1127.4243,    529.3355,  24930.1719,
       1,     166,      75,      20,       1,       3,       1,     10.0000,      1.3797,     42.2853,    243.0814,     61.1746,      3.4953,      0.0061,     -0.0252,      8.0503,      0.1511,      5.4595,     10.9190,      1.3350,     27.8630,     55.7261,      0.0188,      0.0065,      0.0156,      0.1967,   7479.0518,-465103.0938,  -1096.5006,    535.8432,  24930.1680,
       1,     166,      75,      21,       1,       3,       1,     10.0000,      1.3797,     42.2853,    243.0814,     61.1746,      3.4953,      0.0000,     -0.0310,      7.9126,      0.1427,      5.4595,     10.9190,      1.2606,     27.8630,     55.7261,      0.0188,      0.0064,      0.0156,      0.1968,   7479.0508,-430099.5000,  -1085.3779,    538.2278,  24930.1680,
       1,     166,      75,      22,       1,       3,       1,     10.0000,      1.3797,     42.2853,    243.0814,     61.1746,      3.4953,      0.0000,     -0.0309,      7.6728,      0.1378,      5.4595,     10.9190,      1.2180,     27.8630,     55.7261,      0.0188,      0.0062,      0.0156,      0.1968,   7479.0508,-426853.5625,  -1084.3442,    538.4516,  24930.1680,
       1,     166,      75,      23,       1,       3,       1,     10.0000,      1.3797,     42.2853,    243.0814,     61.1746,      3.4953,      0.0000,     -0.0306,      7.2998,      0.1310,      5.4595,     10.9190,      1.1579,     27.8630,     55.7261,      0.0188,      0.0059,      0.0156,      0.1969,   7479.0508,-426256.1250,  -1084.1539,    538.4919,  24930.1680,
       1,     166,      75,      24,       1,       3,       1,     10.0000,      1.3797,     42.2853,    243.0814,     61.1746,      3.4953,      0.0000,     -0.0303,      6.2927,      0.1233,      5.4595,     10.9190,      1.0894,     27.8630,     55.7261,      0.0188,      0.0051,      0.0156,      0.1969,   7479.0508,-425723.4375,  -1083.9843,    538.5277,  24930.1660,
       1,     166,      76,       1,       1,       3,       1,     10.0000,      1.3797,     42.2856,    243.0871,     61.1760,      3.4953,      0.0000,     -0.0300,      5.1033,      0.1169,      5.4598,     10.9196,      1.0331,     27.8665,     55.7330,      0.0188,      0.0041,      0.0156,      0.1969,   7479.0503,-424535.5938,  -1084.0662,    538.6205,  24931.2930,
       1,     166,      76,       2,       1,       3,       1,     10.0000,      1.3797,     42.2856,    243.0871,     61.1760,      3.4953,      0.0000,     -0.0300,      4.4032,      0.1161,      5.4598,     10.9196,      1.0257,     27.8665,     55.7330,      0.0188,      0.0035,      0.0156,      0.1969,   7479.3882,-422745.8125,  -1083.0370,    538.7410,  24931.2930,
       1,     166,      76,       3,       1,       3,       1,     10.0000,      1.3797,     42.2856,    243.0871,     61.1760,      3.4953,      0.0000,     -0.0300,      4.1835,      0.1155,      5.4598,     10.9196,      1.0205,     27.8665,     55.7330,      0.0188,      0.0034,      0.0156,      0.1969,   7479.3882,-421688.5625,  -1082.7002,    538.8123,  24931.2930,
       1,     166,      76,       4,       1,       3,       1,     10.0000,      1.3797,     42.2856,    243.0871,     61.1760,      3.4953,      0.0000,     -0.0301,      3.7409,      0.1176,      5.4598,     10.9196,      1.0394,     27.8665,     55.7330,      0.0188,      0.0030,      0.0156,      0.1969,   7479.3882,-421313.6875,  -1082.5812,    538.8375,  24931.2930,
       1,     166,      76,       5,       1,       3,       1,     10.0000,      1.3797,     42.2856,    243.0871,     61.1760,      3.4953,      0.0000,     -0.0298,      2.9033,      0.1121,      5.4598,     10.9196,      0.9906,     27.8665,     55.7330,      0.0188,      0.0023,      0.0156,      0.1969,   7479.3882,-420710.8750,  -1082.3894,    538.8781,  24931.2930,
       1,     166,      76,       6,       1,       3,       1,     10.0000,      1.3797,     42.2856,    243.0871,     61.1760,      3.4953,      0.0000,     -0.0300,      2.4470,      0.1149,      5.4598,     10.9196,      1.0153,     27.8665,     55.7330,      0.0188,      0.0020,      0.0156,      0.1969,   7479.3882,-419579.3125,  -1082.0293,    538.9543,  24931.2930,
       1,     166,      76,       7,       1,       3,       1,     10.0000,      1.3797,     42.2856,    243.0871,     61.1760,      3.4953,      0.0000,     -0.0299,      2.0582,      0.1129,      5.4598,     10.9196,      0.9978,     27.8665,     55.7330,      0.0188,      0.0017,      0.0156,      0.1969,   7479.3882,-418893.1875,  -1081.8109,    539.0005,  24931.2930,
       1,     166,      76,       8,       1,       3,       1,     10.0000,      1.3797,     42.2856,    243.0871,     61.1760,      3.4953,      0.0023,     -0.0275,      1.8279,      0.1106,      5.4598,     10.9196,      0.9775,     27.8665,     55.7330,      0.0188,      0.0015,      0.0156,      0.1969,   7479.3882,-418332.6875,  -1081.6328,    539.0383,  24931.2930,
       1,     166,      76,       9,       1,       3,       1,     10.0000,      1.3797,     42.2856,    243.0871,     61.1760,      3.4953,      0.0415,      0.0114,      5.4680,      0.1186,      5.4598,     10.9196,      1.0480,     27.8665,     55.7330,      0.0188,      0.0017,      0.0413,      0.1969,   7479.3882,-417987.3750,  -1081.5231,    539.0616,  24931.2930,
       1,     166,      76,      10,       1,       3,       1,     10.0000,      1.3797,     42.2856,    243.0871,     61.1760,      3.4953,      0.0683,      0.0369,      9.0826,      0.1526,      5.4598,     10.9196,      1.3485,     27.8665,     55.7330,      0.0188,      0.0014,      0.0792,      0.1969,   7479.3882,-422647.2500,  -1083.0105,    538.7476,  24931.2930,
       1,     166,      76,      11,       1,       3,       1,     10.0000,      1.3797,     42.2856,    243.0871,     61.1760,      3.4953,      0.0900,      0.0580,     12.2119,      0.1709,      5.4598,     10.9196,      1.5099,     27.8665,     55.7330,      0.0188,      0.0014,      0.1107,      0.1969,   7479.3882,-427709.2812,  -1084.6318,    538.4068,  24931.2930,
       1,     166,      76,      12,       1,       3,       1,     10.0000,      1.3797,     42.2856,    243.0871,     61.1760,      3.4953,      0.0944,      0.0619,     11.8484,      0.1893,      5.4598,     10.9196,      1.6726,     27.8665,     55.7330,      0.0188,      0.0013,      0.1170,      0.1969,   7479.3882,-432181.1250,  -1086.0693,    538.1060,  24931.2930,
       1,     166,      76,      13,       1,       3,       1,     10.0000,      1.3797,     42.2856,    243.0871,     61.1760,      3.4953,      0.1211,      0.0881,      9.6303,      0.2014,      5.4598,     10.9196,      1.7800,     27.8665,     55.7330,      0.0188,      0.0008,      0.1569,      0.1969,   7479.3882,-432100.8438,  -1086.0554,    538.1115,  24931.2910,
       1,     166,      76,      14,       1,       3,       1,     10.0000,      1.3797,     42.2856,    243.0871,     61.1760,      3.4953,      0.1504,      0.1173,     14.9697,      0.2052,      5.4598,     10.9196,      1.8136,     27.8665,     55.7330,      0.0188,      0.0009,      0.2002,      0.1969,   7479.3877,-429235.5625,  -1085.1514,    538.3042,  24931.2910,
       1,     166,      76,      15,       1,       3,       1,     10.0000,      1.3797,     42.2856,    243.0871,     61.1760,      3.4953,      0.1186,      0.0859,     38.8202,      0.1956,      5.4598,     10.9196,      1.7280,     27.8665,     55.7330,      0.0188,      0.0032,      0.1499,      0.1969,   7479.3877,-435867.3438,  -1087.2802,    537.8578,  24931.2910,
       1,     166,      76,      16,       1,       3,       1,     10.0000,      1.3797,     42.2856,    243.0871,     61.1760,      3.4953,      0.1421,      0.1095,     64.8369,      0.1912,      5.4598,     10.9196,      1.6892,     27.8665,     55.7330,      0.0188,      0.0045,      0.1820,      0.1969,   7479.3877,-467180.0938,  -1097.3090,    535.7529,  24931.2910,
       1,     166,      76,      17,       1,       3,       1,     10.0000,      1.3797,     42.2856,    243.0871,     61.1760,      3.4953,      0.1293,      0.0966,     78.8405,      0.1944,      5.4598,     10.9196,      1.7178,     27.8665,     55.7330,      0.0188,      0.0061,      0.1612,      0.1968,   7479.3877,-503450.2188,  -1108.9717,    533.3280,  24931.2910,
       1,     166,      76,      18,       1,       3,       1,     10.0000,      1.3797,     42.2856,    243.0871,     61.1760,      3.4953,      0.0993,      0.0670,     65.8762,      0.1816,      5.4598,     10.9196,      1.6044,     27.8665,     55.7330,      0.0188,      0.0070,      0.1181,      0.1968,   7479.3877,-524666.2500,  -1115.9443,    531.9191,  24931.2891,
       1,     166,      76,      19,       1,       3,       1,     10.0000,      1.3797,     42.2856,    243.0871,     61.1760,      3.4953,      0.0863,      0.0543,     56.5525,      0.1710,      5.4598,     10.9196,      1.5114,     27.8665,     55.7330,      0.0188,      0.0071,      0.1000,      0.1968,   7479.3872,-509769.3750,  -1111.4631,    532.9115,  24931.2891,
       1,     166,      76,      20,       1,       3,       1,     10.0000,      1.3797,     42.2856,    243.0871,     61.1760,      3.4953,      0.0156,     -0.0160,      0.8804,      0.1577,      5.4598,     10.9196,      1.3939,     27.8665,     55.7330,      0.0188,      0.0058,      0.0019,      0.1968,   7479.3872,-496453.1250,  -1107.4183,    533.7994,  24931.2871,
       1,     166,      76,      21,       1,       3,       1,     10.0000,      1.3797,     42.2856,    243.0871,     61.1760,      3.4953,      0.0000,     -0.0312,      6.5918,      0.1481,      5.4598,     10.9196,      1.3085,     27.8665,     55.7330,      0.0188,      0.0053,      0.0156,      0.1968,   7479.3862,-423491.2812,  -1084.1912,    538.6686,  24931.2871,
       1,     166,      76,      22,       1,       3,       1,     10.0000,      1.3797,     42.2856,    243.0871,     61.1760,      3.4953,      0.0000,     -0.0311,      6.8540,      0.1451,      5.4598,     10.9196,      1.2824,     27.8665,     55.7330,      0.0188,      0.0055,      0.0156,      0.1969,   7479.3862,-424602.5312,  -1084.5488,    538.6160,  24931.2871,
       1,     166,      76,      23,       1,       3,       1,     10.0000,      1.3797,     42.2856,    243.0871,     61.1760,      3.4953,      0.0000,     -0.0312,      6.2727,      0.1466,      5.4598,     10.9196,      1.2954,     27.8665,     55.7330,      0.0188,      0.0050,      0.0156,      0.1969,   7479.3862,-425008.1875,  -1084.6802,    538.5887,  24931.2871,
       1,     166,      76,      24,       1,       3,       1,     10.0000,      1.3797,     42.2856,    243.0871,     61.1760,      3.4953,      0.0000,     -0.0311,      5.4376,      0.1456,      5.4598,     10.9196,      1.2863,     27.8665,     55.7330,      0.0188,      0.0044,      0.0156,      0.1969,   7479.3862,-424294.3750,  -1084.4537,    538.6367,  24931.2871,
       1,     166,      77,       1,       1,       3,       1,     10.0000,      1.3797,     42.2860,    243.0929,     61.1775,      3.4953,      0.0000,     -0.0310,      4.7215,      0.1424,      5.4609,     10.9219,      1.2581,     27.8567,     55.7134,      0.0188,      0.0038,      0.0156,      0.1969,   7479.3862,-423312.5312,  -1084.6019,    538.7158,  24932.4102,
       1,     166,      77,       2,       1,       3,       1,     10.0000,      1.3797,     42.2860,    243.0929,     61.1775,      3.4953,      0.0000,     -0.0309,      3.4052,      0.1402,      5.4609,     10.9219,      1.2392,     27.8567,     55.7134,      0.0188,      0.0027,      0.0156,      0.1969,   7479.7231,-422150.8750,  -1083.7728,    538.7941,  24932.4102,
       1,     166,      77,       3,       1,       3,       1,     10.0000,      1.3797,     42.2860,    243.0929,     61.1775,      3.4953,      0.0000,     -0.0309,      2.6907,      0.1378,      5.4609,     10.9219,      1.2181,     27.8567,     55.7134,      0.0188,      0.0022,      0.0156,      0.1969,   7479.7231,-420354.1250,  -1083.1993,    538.9150,  24932.4102,
       1,     166,      77,       4,       1,       3,       1,     10.0000,      1.3797,     42.2860,    243.0929,     61.1775,      3.4953,      0.0000,     -0.0307,      2.6790,      0.1333,      5.4609,     10.9219,      1.1780,     27.8567,     55.7134,      0.0188,      0.0022,      0.0156,      0.1969,   7479.7231,-419277.9062,  -1082.8560,    538.9875,  24932.4102,
       1,     166,      77,       5,       1,       3,       1,     10.0000,      1.3797,     42.2860,    243.0929,     61.1775,      3.4953,      0.0000,     -0.0306,      2.4969,      0.1300,      5.4609,     10.9219,      1.1486,     27.8567,     55.7134,      0.0188,      0.0020,      0.0156,      0.1969,   7479.7231,-419169.5000,  -1082.8223,    538.9949,  24932.4102,
       1,     166,      77,       6,       1,       3,       1,     10.0000,      1.3797,     42.2860,    243.0929,     61.1775,      3.4953,      0.0000,     -0.0306,      2.2272,      0.1318,      5.4609,     10.9219,      1.1650,     27.8567,     55.7134,      0.0188,      0.0018,      0.0156,      0.1969,   7479.7231,-418925.2812,  -1082.7450,    539.0113,  24932.4102,
       1,     166,      77,       7,       1,       3,       1,     10.0000,      1.3797,     42.2860,    243.0929,     61.1775,      3.4953,      0.0000,     -0.0306,      2.0011,      0.1317,      5.4609,     10.9219,      1.1638,     27.8567,     55.7134,      0.0188,      0.0016,      0.0156,      0.1969,   7479.7231,-418556.7500,  -1082.6276,    539.0361,  24932.4102,
       1,     166,      77,       8,       1,       3,       1,     10.0000,      1.3797,     42.2860,    243.0929,     61.1775,      3.4953,      0.0016,     -0.0290,      1.7497,      0.1312,      5.4609,     10.9219,      1.1591,     27.8567,     55.7134,      0.0188,      0.0014,      0.0156,      0.1969,   7479.7231,-418233.4688,  -1082.5249,    539.0579,  24932.4102,
       1,     166,      77,       9,       1,       3,       1,     10.0000,      1.3797,     42.2860,    243.0929,     61.1775,      3.4953,      0.0462,      0.0152,      4.0585,      0.1407,      5.4609,     10.9219,      1.2429,     27.8567,     55.7134,      0.0188,      0.0011,      0.0475,      0.1969,   7479.7231,-417881.4688,  -1082.4130,    539.0816,  24932.4102,
       1,     166,      77,      10,       1,       3,       1,     10.0000,      1.3797,     42.2860,    243.0929,     61.1775,      3.4953,      0.1072,      0.0755,     13.2747,      0.1619,      5.4609,     10.9219,      1.4307,     27.8567,     55.7134,      0.0188,      0.0012,      0.1362,      0.1969,   7479.7231,-420825.2812,  -1083.3579,    538.8832,  24932.4102,
       1,     166,      77,      11,       1,       3,       1,     10.0000,      1.3797,     42.2860,    243.0929,     61.1775,      3.4953,      0.1371,      0.1048,     24.8929,      0.1794,      5.4609,     10.9219,      1.5854,     27.8567,     55.7134,      0.0188,      0.0017,      0.1792,      0.1969,   7479.7231,-432954.0312,  -1087.2505,    538.0663,  24932.4102,
       1,     166,      77,      12,       1,       3,       1,     10.0000,      1.3797,     42.2860,    243.0929,     61.1775,      3.4953,      0.1740,      0.1413,     38.9212,      0.1958,      5.4609,     10.9219,      1.7298,     27.8567,     55.7134,      0.0188,      0.0021,      0.2327,      0.1969,   7479.7231,-448978.3750,  -1092.4027,    536.9891,  24932.4102,
       1,     166,      77,      13,       1,       3,       1,     10.0000,      1.3797,     42.2860,    243.0929,     61.1775,      3.4953,      0.1719,      0.1386,     48.7424,      0.2122,      5.4609,     10.9219,      1.8753,     27.8567,     55.7134,      0.0188,      0.0027,      0.2284,      0.1969,   7479.7231,-468450.1250,  -1098.6737,    535.6832,  24932.4082,
       1,     166,      77,      14,       1,       3,       1,     10.0000,      1.3797,     42.2860,    243.0929,     61.1775,      3.4953,      0.1840,      0.1505,     72.0136,      0.2238,      5.4609,     10.9219,      1.9773,     27.8567,     55.7134,      0.0188,      0.0037,      0.2440,      0.1969,   7479.7227,-482802.2188,  -1103.3444,    534.7238,  24932.4082,
       1,     166,      77,      15,       1,       3,       1,     10.0000,      1.3797,     42.2860,    243.0929,     61.1775,      3.4953,      0.1873,      0.1535,    102.8071,      0.2316,      5.4609,     10.9219,      2.0461,     27.8567,     55.7134,      0.0188,      0.0053,      0.2454,      0.1969,   7479.7227,-514052.6250,  -1113.4705,    532.6357,  24932.4082,
       1,     166,      77,      16,       1,       3,       1,     10.0000,      1.3797,     42.2860,    243.0929,     61.1775,      3.4953,      0.1716,      0.1381,    112.2675,      0.2227,      5.4609,     10.9219,      1.9676,     27.8567,     55.7134,      0.0188,      0.0064,      0.2207,      0.1968,   7479.7227,-556494.8125,  -1127.3296,    529.8141,  24932.4082,
       1,     166,      77,      17,       1,       3,       1,     10.0000,      1.3797,     42.2860,    243.0929,     61.1775,      3.4953,      0.1746,      0.1414,    129.8653,      0.2112,      5.4609,     10.9219,      1.8661,     27.8567,     55.7134,      0.0188,      0.0073,      0.2231,      0.1968,   7479.7227,-572395.8750,  -1132.8817,    528.7685,  24932.4062,
       1,     166,      77,      18,       1,       3,       1,     10.0000,      1.3797,     42.2860,    243.0929,     61.1775,      3.4953,      0.1513,      0.1184,    124.9567,      0.1987,      5.4609,     10.9219,      1.7556,     27.8567,     55.7134,      0.0188,      0.0083,      0.1887,      0.1967,   7479.7222,-596489.2500,  -1141.1644,    527.1770,  24932.4043,
       1,     166,      77,      19,       1,       3,       1,     10.0000,      1.3797,     42.2860,    243.0929,     61.1775,      3.4953,      0.0899,      0.0577,     74.1622,      0.1789,      5.4609,     10.9219,      1.5807,     27.8567,     55.7134,      0.0188,      0.0090,      0.1032,      0.1967,   7479.7217,-592237.5000,  -1140.4525,    527.4597,  24932.4043,
       1,     166,      77,      20,       1,       3,       1,     10.0000,      1.3797,     42.2860,    243.0929,     61.1775,      3.4953,      0.0126,     -0.0191,     10.9132,      0.1592,      5.4609,     10.9219,      1.4066,     27.8567,     55.7134,      0.0188,      0.0088,      0.0156,      0.1967,   7479.7217,-526249.1250,  -1119.8069,    531.8105,  24932.4023,
       1,     166,      77,      21,       1,       3,       1,     10.0000,      1.3797,     42.2860,    243.0929,     61.1775,      3.4953,      0.0000,     -0.0314,      8.7342,      0.1535,      5.4609,     10.9219,      1.3567,     27.8567,     55.7134,      0.0188,      0.0070,      0.0156,      0.1968,   7479.7212,-438996.3438,  -1091.9360,    537.6287,  24932.4023,
       1,     166,      77,      22,       1,       3,       1,     10.0000,      1.3797,     42.2860,    243.0929,     61.1775,      3.4953,      0.0000,     -0.0313,      6.9601,      0.1499,      5.4609,     10.9219,      1.3244,     27.8567,     55.7134,      0.0188,      0.0056,      0.0156,      0.1969,   7479.7212,-428722.3125,  -1088.6338,    538.3511,  24932.4023,
       1,     166,      77,      23,       1,       3,       1,     10.0000,      1.3797,     42.2860,    243.0929,     61.1775,      3.4953,      0.0000,     -0.0312,      5.9104,      0.1482,      5.4609,     10.9219,      1.3098,     27.8567,     55.7134,      0.0188,      0.0048,      0.0156,      0.1969,   7479.7212,-425505.7500,  -1087.6012,    538.5681,  24932.4023,
       1,     166,      77,      24,       1,       3,       1,     10.0000,      1.3797,     42.2860,    243.0929,     61.1775,      3.4953,      0.0000,     -0.0312,      4.8121,      0.1467,      5.4609,     10.9219,      1.2967,     27.8567,     55.7134,      0.0188,      0.0039,      0.0156,      0.1969,   7479.7212,-423873.9062,  -1087.0781,    538.6779,  24932.4023,
       1,     166,      78,       1,       1,       3,       1,     10.0000,      1.3797,     42.2863,    243.0987,     61.1790,      3.4953,      0.0000,     -0.0312,      3.9117,      0.1475,      5.4606,     10.9211,      1.3033,     27.8577,     55.7153,      0.0188,      0.0031,      0.0156,      0.1969,   7479.7212,-422473.3438,  -1087.0929,    538.7850,  24933.5254,
       1,     166,      78,       2,       1,       3,       1,     10.0000,      1.3797,     42.2863,    243.0987,     61.1790,      3.4953,      0.0000,     -0.0311,      3.0886,      0.1444,      5.4606,     10.9211,      1.2760,     27.8577,     55.7153,      0.0188,      0.0025,      0.0156,      0.1969,   7480.0581,-421038.3750,  -1086.1703,    538.8817,  24933.5254,
       1,     166,      78,       3,       1,       3,       1,     10.0000,      1.3797,     42.2863,    243.0987,     61.1790,      3.4953,      0.0000,     -0.0311,      2.7150,      0.1444,      5.4606,     10.9211,      1.2760,     27.8577,     55.7153,      0.0188,      0.0022,      0.0156,      0.1969,   7480.0581,-419853.6250,  -1085.7903,    538.9615,  24933.5254,
       1,     166,      78,       4,       1,       3,       1,     10.0000,      1.3797,     42.2863,    243.0987,     61.1790,      3.4953,      0.0000,     -0.0312,      2.4208,      0.1465,      5.4606,     10.9211,      1.2941,     27.8577,     55.7153,      0.0188,      0.0019,      0.0156,      0.1969,   7480.0581,-419269.5000,  -1085.6033,    539.0009,  24933.5254,
       1,     166,      78,       5,       1,       3,       1,     10.0000,      1.3797,     42.2863,    243.0987,     61.1790,      3.4953,      0.0000,     -0.0311,      2.2866,      0.1434,      5.4606,     10.9211,      1.2670,     27.8577,     55.7153,      0.0188,      0.0018,      0.0156,      0.1969,   7480.0581,-418839.8750,  -1085.4661,    539.0298,  24933.5254,
       1,     166,      78,       6,       1,       3,       1,     10.0000,      1.3797,     42.2863,    243.0987,     61.1790,      3.4953,      0.0000,     -0.0310,      2.3998,      0.1430,      5.4606,     10.9211,      1.2632,     27.8577,     55.7153,      0.0188,      0.0019,      0.0156,      0.1969,   7480.0581,-418629.8125,  -1085.3995,    539.0439,  24933.5254,
       1,     166,      78,       7,       1,       3,       1,     10.0000,      1.3797,     42.2863,    243.0987,     61.1790,      3.4953,      0.0000,     -0.0311,      2.3655,      0.1431,      5.4606,     10.9211,      1.2645,     27.8577,     55.7153,      0.0188,      0.0019,      0.0156,      0.1969,   7480.0581,-418757.3125,  -1085.4418,    539.0353,  24933.5254,
       1,     166,      78,       8,       1,       3,       1,     10.0000,      1.3797,     42.2863,    243.0987,     61.1790,      3.4953,      0.0048,     -0.0262,      2.3703,      0.1412,      5.4606,     10.9211,      1.2480,     27.8577,     55.7153,      0.0188,      0.0019,      0.0156,      0.1969,   7480.0581,-418724.3438,  -1085.4325,    539.0376,  24933.5254,
       1,     166,      78,       9,       1,       3,       1,     10.0000,      1.3797,     42.2863,    243.0987,     61.1790,      3.4953,      0.1147,      0.0834,     25.3851,      0.1506,      5.4606,     10.9211,      1.3311,     27.8577,     55.7153,      0.0188,      0.0022,      0.1461,      0.1969,   7480.0581,-418727.5000,  -1085.4347,    539.0374,  24933.5254,
       1,     166,      78,      10,       1,       3,       1,     10.0000,      1.3797,     42.2863,    243.0987,     61.1790,      3.4953,      0.1658,      0.1340,     38.4373,      0.1663,      5.4606,     10.9211,      1.4699,     27.8577,     55.7153,      0.0188,      0.0022,      0.2203,      0.1969,   7480.0581,-448373.0625,  -1095.0195,    537.0399,  24933.5254,
       1,     166,      78,      11,       1,       3,       1,     10.0000,      1.3797,     42.2863,    243.0987,     61.1790,      3.4953,      0.1866,      0.1541,     50.0241,      0.1848,      5.4606,     10.9211,      1.6333,     27.8577,     55.7153,      0.0188,      0.0025,      0.2500,      0.1969,   7480.0581,-467775.3750,  -1101.3190,    535.7411,  24933.5254,
       1,     166,      78,      12,       1,       3,       1,     10.0000,      1.3797,     42.2863,    243.0987,     61.1790,      3.4953,      0.1867,      0.1539,     52.9129,      0.1973,      5.4606,     10.9211,      1.7436,     27.8577,     55.7153,      0.0188,      0.0027,      0.2500,      0.1969,   7480.0581,-484391.5938,  -1106.7556,    534.6299,  24933.5234,
       1,     166,      78,      13,       1,       3,       1,     10.0000,      1.3797,     42.2863,    243.0987,     61.1790,      3.4953,      0.1869,      0.1540,     56.2137,      0.2022,      5.4606,     10.9211,      1.7871,     27.8577,     55.7153,      0.0188,      0.0028,      0.2500,      0.1969,   7480.0571,-489556.0000,  -1108.5305,    534.2859,  24933.5234,
       1,     166,      78,      14,       1,       3,       1,     10.0000,      1.3797,     42.2863,    243.0987,     61.1790,      3.4953,      0.1881,      0.1550,     71.5167,      0.2065,      5.4606,     10.9211,      1.8244,     27.8577,     55.7153,      0.0188,      0.0036,      0.2500,      0.1969,   7480.0571,-494257.7812,  -1110.1755,    533.9720,  24933.5215,
       1,     166,      78,      15,       1,       3,       1,     10.0000,      1.3797,     42.2863,    243.0987,     61.1790,      3.4953,      0.1898,      0.1570,     93.2227,      0.1991,      5.4606,     10.9211,      1.7591,     27.8577,     55.7153,      0.0188,      0.0047,      0.2500,      0.1969,   7480.0566,-514398.8125,  -1116.8401,    532.6277,  24933.5195,
       1,     166,      78,      16,       1,       3,       1,     10.0000,      1.3797,     42.2863,    243.0987,     61.1790,      3.4953,      0.1912,      0.1592,    107.4964,      0.1697,      5.4606,     10.9211,      1.4995,     27.8577,     55.7153,      0.0188,      0.0054,      0.2500,      0.1968,   7480.0562,-544145.6875,  -1126.7119,    530.6489,  24933.5195,
       1,     166,      78,      17,       1,       3,       1,     10.0000,      1.3797,     42.2863,    243.0987,     61.1790,      3.4953,      0.1910,      0.1585,    125.8030,      0.1858,      5.4606,     10.9211,      1.6415,     27.8577,     55.7153,      0.0188,      0.0064,      0.2477,      0.1968,   7480.0562,-565147.9375,  -1134.0441,    529.2596,  24933.5195,
       1,     166,      78,      18,       1,       3,       1,     10.0000,      1.3797,     42.2863,    243.0987,     61.1790,      3.4953,      0.1807,      0.1483,    122.8738,      0.1818,      5.4606,     10.9211,      1.6060,     27.8577,     55.7153,      0.0188,      0.0066,      0.2327,      0.1968,   7480.0562,-590598.6250,  -1142.7921,    527.5776,  24933.5215,
       1,     166,      78,      19,       1,       3,       1,     10.0000,      1.3797,     42.2863,    243.0987,     61.1790,      3.4953,      0.1435,      0.1115,     91.4866,      0.1707,      5.4606,     10.9211,      1.5085,     27.8577,     55.7153,      0.0188,      0.0063,      0.1810,      0.1967,   7480.0566,-589021.2500,  -1142.9055,    527.6843,  24933.5176,
       1,     166,      78,      20,       1,       3,       1,     10.0000,      1.3797,     42.2863,    243.0987,     61.1790,      3.4953,      0.0216,     -0.0101,      4.4887,      0.1606,      5.4606,     10.9211,      1.4193,     27.8577,     55.7153,      0.0188,      0.0055,      0.0103,      0.1967,   7480.0557,-548342.4375,  -1130.3035,    530.3675,  24933.5156,
       1,     166,      78,      21,       1,       3,       1,     10.0000,      1.3797,     42.2863,    243.0987,     61.1790,      3.4953,      0.0000,     -0.0316,      3.6345,      0.1584,      5.4606,     10.9211,      1.3996,     27.8577,     55.7153,      0.0188,      0.0029,      0.0156,      0.1968,   7480.0552,-432564.7812,  -1093.0162,    538.0499,  24933.5137,
       1,     166,      78,      22,       1,       3,       1,     10.0000,      1.3797,     42.2863,    243.0987,     61.1790,      3.4953,      0.0000,     -0.0316,      5.2797,      0.1574,      5.4606,     10.9211,      1.3912,     27.8577,     55.7153,      0.0188,      0.0042,      0.0156,      0.1969,   7480.0542,-421629.0000,  -1089.4691,    538.8413,  24933.5137,
       1,     166,      78,      23,       1,       3,       1,     10.0000,      1.3797,     42.2863,    243.0987,     61.1790,      3.4953,      0.0000,     -0.0315,      5.2567,      0.1557,      5.4606,     10.9211,      1.3759,     27.8577,     55.7153,      0.0188,      0.0042,      0.0156,      0.1969,   7480.0542,-422729.3438,  -1089.8290,    538.7678,  24933.5137,
       1,     166,      78,      24,       1,       3,       1,     10.0000,      1.3797,     42.2863,    243.0987,     61.1790,      3.4953,      0.0000,     -0.0315,      4.5242,      0.1559,      5.4606,     10.9211,      1.3773,     27.8577,     55.7153,      0.0188,      0.0036,      0.0156,      0.1969,   7480.0542,-422794.4062,  -1089.8522,    538.7634,  24933.5137,
       1,     166,      79,       1,       1,       3,       1,     10.0000,      1.3798,     42.2866,    243.1044,     61.1804,      3.4953,      0.0000,     -0.0315,      3.9112,      0.1545,      5.4597,     10.9194,      1.3650,     27.8671,     55.7343,      0.0188,      0.0031,      0.0156,      0.1970,   7480.0542,-422012.4375,  -1090.0682,    538.8287,  24934.6387,
       1,     166,      79,       2,       1,       3,       1,     10.0000,      1.3798,     42.2866,    243.1044,     61.1804,      3.4953,      0.0000,     -0.0314,      3.5849,      0.1529,      5.4597,     10.9194,      1.3513,     27.8671,     55.7343,      0.0188,      0.0029,      0.0156,      0.1970,   7480.3921,-421001.4375,  -1089.2739,    538.8969,  24934.6387,
       1,     166,      79,       3,       1,       3,       1,     10.0000,      1.3798,     42.2866,    243.1044,     61.1804,      3.4953,      0.0000,     -0.0314,      3.3205,      0.1531,      5.4597,     10.9194,      1.3527,     27.8671,     55.7343,      0.0188,      0.0027,      0.0156,      0.1970,   7480.3921,-420493.3438,  -1089.1105,    538.9311,  24934.6387,
       1,     166,      79,       4,       1,       3,       1,     10.0000,      1.3798,     42.2866,    243.1044,     61.1804,      3.4953,      0.0000,     -0.0315,      3.1247,      0.1560,      5.4597,     10.9194,      1.3787,     27.8671,     55.7343,      0.0188,      0.0025,      0.0156,      0.1970,   7480.3921,-420108.7500,  -1088.9871,    538.9569,  24934.6387,
       1,     166,      79,       5,       1,       3,       1,     10.0000,      1.3798,     42.2866,    243.1044,     61.1804,      3.4953,      0.0000,     -0.0313,      3.1190,      0.1508,      5.4597,     10.9194,      1.3324,     27.8671,     55.7343,      0.0188,      0.0025,      0.0156,      0.1970,   7480.3921,-419823.2500,  -1088.8959,    538.9762,  24934.6387,
       1,     166,      79,       6,       1,       3,       1,     10.0000,      1.3798,     42.2866,    243.1044,     61.1804,      3.4953,      0.0000,     -0.0313,      3.1377,      0.1500,      5.4597,     10.9194,      1.3258,     27.8671,     55.7343,      0.0188,      0.0025,      0.0156,      0.1970,   7480.3921,-419791.0312,  -1088.8870,    538.9784,  24934.6387,
       1,     166,      79,       7,       1,       3,       1,     10.0000,      1.3798,     42.2866,    243.1044,     61.1804,      3.4953,      0.0000,     -0.0313,      3.0245,      0.1512,      5.4597,     10.9194,      1.3365,     27.8671,     55.7343,      0.0188,      0.0024,      0.0156,      0.1970,   7480.3921,-419812.3750,  -1088.8954,    538.9770,  24934.6367,
       1,     166,      79,       8,       1,       3,       1,     10.0000,      1.3798,     42.2866,    243.1044,     61.1804,      3.4953,      0.0053,     -0.0260,      2.9113,      0.1511,      5.4597,     10.9194,      1.3351,     27.8671,     55.7343,      0.0188,      0.0023,      0.0156,      0.1970,   7480.3911,-419668.7188,  -1088.8514,    538.9866,  24934.6367,
       1,     166,      79,       9,       1,       3,       1,     10.0000,      1.3798,     42.2866,    243.1044,     61.1804,      3.4953,      0.1100,      0.0786,     30.0382,      0.1535,      5.4597,     10.9194,      1.3568,     27.8671,     55.7343,      0.0188,      0.0027,      0.1385,      0.1970,   7480.3911,-419510.5312,  -1088.8016,    538.9973,  24934.6367,
       1,     166,      79,      10,       1,       3,       1,     10.0000,      1.3798,     42.2866,    243.1044,     61.1804,      3.4953,      0.1572,      0.1251,     44.1588,      0.1717,      5.4597,     10.9194,      1.5176,     27.8671,     55.7343,      0.0188,      0.0027,      0.2068,      0.1970,   7480.3911,-454434.8125,  -1100.1893,    536.6442,  24934.6348,
       1,     166,      79,      11,       1,       3,       1,     10.0000,      1.3798,     42.2866,    243.1044,     61.1804,      3.4953,      0.1863,      0.1540,     52.5023,      0.1792,      5.4597,     10.9194,      1.5839,     27.8671,     55.7343,      0.0188,      0.0026,      0.2492,      0.1969,   7480.3906,-475675.2500,  -1107.1503,    535.2246,  24934.6367,
       1,     166,      79,      12,       1,       3,       1,     10.0000,      1.3798,     42.2866,    243.1044,     61.1804,      3.4953,      0.1854,      0.1526,     54.4460,      0.1971,      5.4597,     10.9194,      1.7419,     27.8671,     55.7343,      0.0188,      0.0028,      0.2479,      0.1969,   7480.3911,-488268.0312,  -1111.3391,    534.3840,  24934.6367,
       1,     166,      79,      13,       1,       3,       1,     10.0000,      1.3798,     42.2866,    243.1044,     61.1804,      3.4953,      0.1867,      0.1538,     52.5179,      0.1993,      5.4597,     10.9194,      1.7609,     27.8671,     55.7343,      0.0188,      0.0026,      0.2500,      0.1969,   7480.3911,-491863.0625,  -1112.7775,    534.1445,  24934.6348,
       1,     166,      79,      14,       1,       3,       1,     10.0000,      1.3798,     42.2866,    243.1044,     61.1804,      3.4953,      0.1871,      0.1538,     58.7089,      0.2118,      5.4597,     10.9194,      1.8717,     27.8671,     55.7343,      0.0188,      0.0029,      0.2500,      0.1969,   7480.3906,-489687.3125,  -1112.2020,    534.2897,  24934.6348,
       1,     166,      79,      15,       1,       3,       1,     10.0000,      1.3798,     42.2866,    243.1044,     61.1804,      3.4953,      0.1892,      0.1560,     85.5799,      0.2102,      5.4597,     10.9194,      1.8571,     27.8671,     55.7343,      0.0188,      0.0043,      0.2500,      0.1969,   7480.3906,-497481.5625,  -1114.8698,    533.7693,  24934.6348,
       1,     166,      79,      16,       1,       3,       1,     10.0000,      1.3798,     42.2866,    243.1044,     61.1804,      3.4953,      0.1902,      0.1575,     97.1249,      0.1925,      5.4597,     10.9194,      1.7011,     27.8671,     55.7343,      0.0188,      0.0049,      0.2500,      0.1969,   7480.3906,-532805.3750,  -1126.5614,    531.4127,  24934.6328,
       1,     166,      79,      17,       1,       3,       1,     10.0000,      1.3798,     42.2866,    243.1044,     61.1804,      3.4953,      0.1833,      0.1511,    111.7937,      0.1766,      5.4597,     10.9194,      1.5605,     27.8671,     55.7343,      0.0188,      0.0059,      0.2378,      0.1968,   7480.3901,-550770.6875,  -1132.7574,    530.2245,  24934.6309,
       1,     166,      79,      18,       1,       3,       1,     10.0000,      1.3798,     42.2866,    243.1044,     61.1804,      3.4953,      0.1690,      0.1369,     96.3806,      0.1711,      5.4597,     10.9194,      1.5115,     27.8671,     55.7343,      0.0188,      0.0055,      0.2182,      0.1968,   7480.3896,-571251.8750,  -1139.8771,    528.8684,  24934.6309,
       1,     166,      79,      19,       1,       3,       1,     10.0000,      1.3798,     42.2866,    243.1044,     61.1804,      3.4953,      0.1247,      0.0928,     78.5696,      0.1677,      5.4597,     10.9194,      1.4817,     27.8671,     55.7343,      0.0188,      0.0064,      0.1546,      0.1968,   7480.3896,-553126.4375,  -1134.4711,    530.0684,  24934.6309,
       1,     166,      79,      20,       1,       3,       1,     10.0000,      1.3798,     42.2866,    243.1044,     61.1804,      3.4953,      0.0141,     -0.0177,      7.8323,      0.1639,      5.4597,     10.9194,      1.4480,     27.8671,     55.7343,      0.0188,      0.0063,      0.0156,      0.1968,   7480.3896,-528575.7500,  -1126.8680,    531.6964,  24934.6289,
       1,     166,      79,      21,       1,       3,       1,     10.0000,      1.3798,     42.2866,    243.1044,     61.1804,      3.4953,      0.0000,     -0.0317,      6.7006,      0.1605,      5.4597,     10.9194,      1.4179,     27.8671,     55.7343,      0.0188,      0.0054,      0.0156,      0.1969,   7480.3892,-435203.1875,  -1096.5522,    537.9046,  24934.6289,
       1,     166,      79,      22,       1,       3,       1,     10.0000,      1.3798,     42.2866,    243.1044,     61.1804,      3.4953,      0.0000,     -0.0314,      5.7841,      0.1534,      5.4597,     10.9194,      1.3554,     27.8671,     55.7343,      0.0188,      0.0046,      0.0156,      0.1969,   7480.3892,-425785.6562,  -1093.4767,    538.5742,  24934.6270,
       1,     166,      79,      23,       1,       3,       1,     10.0000,      1.3798,     42.2866,    243.1044,     61.1804,      3.4953,      0.0000,     -0.0306,      4.9381,      0.1308,      5.4597,     10.9194,      1.1556,     27.8671,     55.7343,      0.0188,      0.0040,      0.0156,      0.1970,   7480.3882,-423743.0625,  -1093.3627,    538.7122,  24934.6270,
       1,     166,      79,      24,       1,       3,       1,     10.0000,      1.3798,     42.2866,    243.1044,     61.1804,      3.4953,      0.0000,     -0.0305,      4.8663,      0.1291,      5.4597,     10.9194,      1.1405,     27.8671,     55.7343,      0.0188,      0.0039,      0.0156,      0.1970,   7480.3882,-422475.7188,  -1099.3441,    538.7975,  24934.6270,
       1,     166,      80,       1,       1,       3,       1,     10.0000,      1.3798,     42.2870,    243.1102,     61.1818,      3.4953,      0.0000,     -0.0307,      4.8307,      0.1339,      5.4600,     10.9201,      1.1829,     27.8751,     55.7501,      0.0188,      0.0039,      0.0156,      0.1970,   7480.3882,-422428.8438,  -1100.2563,    538.8135,  24935.7500,
       1,     166,      80,       2,       1,       3,       1,     10.0000,      1.3798,     42.2870,    243.1102,     61.1818,      3.4953,      0.0000,     -0.0309,      4.1207,      0.1383,      5.4600,     10.9201,      1.2218,     27.8751,     55.7501,      0.0188,      0.0033,      0.0156,      0.1970,   7480.7251,-422225.3750,  -1100.2008,    538.8271,  24935.7500,
       1,     166,      80,       3,       1,       3,       1,     10.0000,      1.3798,     42.2870,    243.1102,     61.1818,      3.4953,      0.0000,     -0.0309,      3.2352,      0.1395,      5.4600,     10.9201,      1.2330,     27.8751,     55.7501,      0.0188,      0.0026,      0.0156,      0.1970,   7480.7251,-421293.4375,  -1100.2743,    538.8900,  24935.7500,
       1,     166,      80,       4,       1,       3,       1,     10.0000,      1.3798,     42.2870,    243.1102,     61.1818,      3.4953,      0.0000,     -0.0309,      1.1669,      0.1400,      5.4600,     10.9201,      1.2368,     27.8751,     55.7501,      0.0188,      0.0009,      0.0156,      0.1970,   7480.7251,-420072.1875,  -1100.1614,    538.9722,  24935.7500,
       1,     166,      80,       5,       1,       3,       1,     10.0000,      1.3798,     42.2870,    243.1102,     61.1818,      3.4953,      0.0000,     -0.0311,      1.1284,      0.1432,      5.4600,     10.9201,      1.2658,     27.8751,     55.7501,      0.0188,      0.0009,      0.0156,      0.1970,   7480.7251,-417302.6562,  -1099.3768,    539.1588,  24935.7500,
       1,     166,      80,       6,       1,       3,       1,     10.0000,      1.3798,     42.2870,    243.1102,     61.1818,      3.4953,      0.0000,     -0.0311,      1.2410,      0.1444,      5.4600,     10.9201,      1.2760,     27.8751,     55.7501,      0.0188,      0.0010,      0.0156,      0.1970,   7480.7251,-417012.8438,  -1099.3573,    539.1783,  24935.7500,
       1,     166,      80,       7,       1,       3,       1,     10.0000,      1.3798,     42.2870,    243.1102,     61.1818,      3.4953,      0.0000,     -0.0312,      1.4308,      0.1457,      5.4600,     10.9201,      1.2877,     27.8751,     55.7501,      0.0188,      0.0012,      0.0156,      0.1970,   7480.7251,-417132.6562,  -1099.4731,    539.1703,  24935.7500,
       1,     166,      80,       8,       1,       3,       1,     10.0000,      1.3798,     42.2870,    243.1102,     61.1818,      3.4953,      0.0061,     -0.0251,      1.7317,      0.1476,      5.4600,     10.9201,      1.3046,     27.8751,     55.7501,      0.0188,      0.0014,      0.0156,      0.1970,   7480.7251,-417387.4375,  -1099.6464,    539.1531,  24935.7500,
       1,     166,      80,       9,       1,       3,       1,     10.0000,      1.3798,     42.2870,    243.1102,     61.1818,      3.4953,      0.0837,      0.0525,     11.5377,      0.1453,      5.4600,     10.9201,      1.2838,     27.8751,     55.7501,      0.0188,      0.0014,      0.1019,      0.1970,   7480.7251,-417797.0625,  -1099.8973,    539.1255,  24935.7500,
       1,     166,      80,      10,       1,       3,       1,     10.0000,      1.3798,     42.2870,    243.1102,     61.1818,      3.4953,      0.1337,      0.1023,     25.2241,      0.1520,      5.4600,     10.9201,      1.3432,     27.8751,     55.7501,      0.0188,      0.0018,      0.1742,      0.1970,   7480.7251,-430460.3750,  -1104.0283,    538.2721,  24935.7500,
       1,     166,      80,      11,       1,       3,       1,     10.0000,      1.3798,     42.2870,    243.1102,     61.1818,      3.4953,      0.1799,      0.1482,     40.0511,      0.1616,      5.4600,     10.9201,      1.4279,     27.8751,     55.7501,      0.0188,      0.0021,      0.2411,      0.1970,   7480.7251,-449189.3125,  -1110.1776,    537.0127,  24935.7500,
       1,     166,      80,      12,       1,       3,       1,     10.0000,      1.3798,     42.2870,    243.1102,     61.1818,      3.4953,      0.1864,      0.1546,     45.2964,      0.1640,      5.4600,     10.9201,      1.4495,     27.8751,     55.7501,      0.0188,      0.0023,      0.2500,      0.1970,   7480.7251,-469918.6250,  -1117.1700,    535.6226,  24935.7480,
       1,     166,      80,      13,       1,       3,       1,     10.0000,      1.3798,     42.2870,    243.1102,     61.1818,      3.4953,      0.1864,      0.1543,     46.2535,      0.1728,      5.4600,     10.9201,      1.5267,     27.8751,     55.7501,      0.0188,      0.0023,      0.2500,      0.1969,   7480.7246,-478477.6562,  -1120.5985,    535.0513,  24935.7480,
       1,     166,      80,      14,       1,       3,       1,     10.0000,      1.3798,     42.2870,    243.1102,     61.1818,      3.4953,      0.1867,      0.1543,     51.9019,      0.1847,      5.4600,     10.9201,      1.6318,     27.8751,     55.7501,      0.0188,      0.0026,      0.2500,      0.1969,   7480.7246,-480450.4062,  -1121.9742,    534.9197,  24935.7461,
       1,     166,      80,      15,       1,       3,       1,     10.0000,      1.3798,     42.2870,    243.1102,     61.1818,      3.4953,      0.1881,      0.1556,     69.5220,      0.1867,      5.4600,     10.9201,      1.6497,     27.8751,     55.7501,      0.0188,      0.0035,      0.2500,      0.1969,   7480.7241,-487901.3438,  -1125.0732,    534.4215,  24935.7461,
       1,     166,      80,      16,       1,       3,       1,     10.0000,      1.3798,     42.2870,    243.1102,     61.1818,      3.4953,      0.1892,      0.1570,     82.5259,      0.1775,      5.4600,     10.9201,      1.5683,     27.8751,     55.7501,      0.0188,      0.0041,      0.2500,      0.1969,   7480.7241,-511261.0000,  -1133.1951,    532.8613,  24935.7461,
       1,     166,      80,      17,       1,       3,       1,     10.0000,      1.3798,     42.2870,    243.1102,     61.1818,      3.4953,      0.1889,      0.1565,     79.4548,      0.1828,      5.4600,     10.9201,      1.6157,     27.8751,     55.7501,      0.0188,      0.0040,      0.2500,      0.1969,   7480.7241,-530057.0625,  -1139.9160,    531.6116,  24935.7461,
       1,     166,      80,      18,       1,       3,       1,     10.0000,      1.3798,     42.2870,    243.1102,     61.1818,      3.4953,      0.1573,      0.1254,     73.3577,      0.1690,      5.4600,     10.9201,      1.4936,     27.8751,     55.7501,      0.0188,      0.0045,      0.2036,      0.1969,   7480.7241,-527721.2500,  -1139.8951,    531.7682,  24935.7461,
       1,     166,      80,      19,       1,       3,       1,     10.0000,      1.3798,     42.2870,    243.1102,     61.1818,      3.4953,      0.1228,      0.0910,     62.1664,      0.1644,      5.4600,     10.9201,      1.4524,     27.8751,     55.7501,      0.0188,      0.0051,      0.1537,      0.1969,   7480.7241,-519653.0312,  -1137.9163,    532.3046,  24935.7441,
       1,     166,      80,      20,       1,       3,       1,     10.0000,      1.3798,     42.2870,    243.1102,     61.1818,      3.4953,      0.0175,     -0.0138,      2.0549,      0.1502,      5.4600,     10.9201,      1.3271,     27.8751,     55.7501,      0.0188,      0.0052,      0.0050,      0.1969,   7480.7236,-504522.9062,  -1133.5896,    533.3116,  24935.7441,
       1,     166,      80,      21,       1,       3,       1,     10.0000,      1.3798,     42.2870,    243.1102,     61.1818,      3.4953,      0.0000,     -0.0310,      5.7416,      0.1424,      5.4600,     10.9201,      1.2582,     27.8751,     55.7501,      0.0188,      0.0046,      0.0156,      0.1969,   7480.7236,-425707.2188,  -1108.2317,    538.5667,  24935.7422,
       1,     166,      80,      22,       1,       3,       1,     10.0000,      1.3798,     42.2870,    243.1102,     61.1818,      3.4953,      0.0000,     -0.0306,      5.9700,      0.1304,      5.4600,     10.9201,      1.1521,     27.8751,     55.7501,      0.0188,      0.0048,      0.0156,      0.1970,   7480.7231,-423717.2812,  -1102.3652,    538.7266,  24935.7422,
       1,     166,      80,      23,       1,       3,       1,     10.0000,      1.3798,     42.2870,    243.1102,     61.1818,      3.4953,      0.0000,     -0.0308,      5.3259,      0.1354,      5.4600,     10.9201,      1.1962,     27.8751,     55.7501,      0.0188,      0.0043,      0.0156,      0.1970,   7480.7231,-423805.5000,  -1102.9563,    538.7208,  24935.7422,
       1,     166,      80,      24,       1,       3,       1,     10.0000,      1.3798,     42.2870,    243.1102,     61.1818,      3.4953,      0.0000,     -0.0309,      5.0472,      0.1387,      5.4600,     10.9201,      1.2256,     27.8751,     55.7501,      0.0188,      0.0041,      0.0156,      0.1970,   7480.7231,-422983.5625,  -1103.1606,    538.7761,  24935.7422,
       1,     166,      81,       1,       1,       3,       1,     10.0000,      1.3798,     42.2873,    243.1160,     61.1833,      3.4953,      0.0000,     -0.0310,      3.9985,      0.1415,      5.4599,     10.9199,      1.2506,     27.8816,     55.7633,      0.0188,      0.0032,      0.0156,      0.1970,   7480.7231,-422709.4062,  -1103.9369,    538.8073,  24936.8691,
       1,     166,      81,       2,       1,       3,       1,     10.0000,      1.3798,     42.2873,    243.1160,     61.1833,      3.4953,      0.0000,     -0.0311,      3.2322,      0.1431,      5.4599,     10.9199,      1.2645,     27.8816,     55.7633,      0.0188,      0.0026,      0.0156,      0.1970,   7481.0610,-421181.2500,  -1103.3099,    538.9102,  24936.8691,
       1,     166,      81,       3,       1,       3,       1,     10.0000,      1.3798,     42.2873,    243.1160,     61.1833,      3.4953,      0.0000,     -0.0311,      1.8312,      0.1444,      5.4599,     10.9199,      1.2761,     27.8816,     55.7633,      0.0188,      0.0015,      0.0156,      0.1970,   7481.0610,-420061.8438,  -1103.1843,    538.9855,  24936.8672,
       1,     166,      81,       4,       1,       3,       1,     10.0000,      1.3798,     42.2873,    243.1160,     61.1833,      3.4953,      0.0000,     -0.0311,      2.4173,      0.1454,      5.4599,     10.9199,      1.2851,     27.8816,     55.7633,      0.0188,      0.0019,      0.0156,      0.1970,   7481.0605,-418161.0312,  -1102.7024,    539.1136,  24936.8672,
       1,     166,      81,       5,       1,       3,       1,     10.0000,      1.3798,     42.2873,    243.1160,     61.1833,      3.4953,      0.0000,     -0.0312,      3.0755,      0.1459,      5.4599,     10.9199,      1.2890,     27.8816,     55.7633,      0.0188,      0.0025,      0.0156,      0.1970,   7481.0605,-418750.8750,  -1103.0393,    539.0739,  24936.8672,
       1,     166,      81,       6,       1,       3,       1,     10.0000,      1.3798,     42.2873,    243.1160,     61.1833,      3.4953,      0.0000,     -0.0310,      3.1395,      0.1402,      5.4599,     10.9199,      1.2393,     27.8816,     55.7633,      0.0188,      0.0025,      0.0156,      0.1970,   7481.0605,-419649.4688,  -1103.5167,    539.0134,  24936.8672,
       1,     166,      81,       7,       1,       3,       1,     10.0000,      1.3798,     42.2873,    243.1160,     61.1833,      3.4953,      0.0000,     -0.0308,      3.3542,      0.1351,      5.4599,     10.9199,      1.1938,     27.8816,     55.7633,      0.0188,      0.0027,      0.0156,      0.1970,   7481.0605,-419809.8750,  -1099.6345,    539.0025,  24936.8672,
       1,     166,      81,       8,       1,       3,       1,     10.0000,      1.3798,     42.2873,    243.1160,     61.1833,      3.4953,      0.0049,     -0.0259,      3.5234,      0.1363,      5.4599,     10.9199,      1.2047,     27.8816,     55.7633,      0.0188,      0.0028,      0.0156,      0.1970,   7481.0605,-420100.3750,  -1100.0824,    538.9830,  24936.8672,
       1,     166,      81,       9,       1,       3,       1,     10.0000,      1.3798,     42.2873,    243.1160,     61.1833,      3.4953,      0.1173,      0.0865,     34.6663,      0.1346,      5.4599,     10.9199,      1.1889,     27.8816,     55.7633,      0.0188,      0.0029,      0.1490,      0.1970,   7481.0605,-420343.4062,  -1094.4301,    538.9666,  24936.8672,
       1,     166,      81,      10,       1,       3,       1,     10.0000,      1.3798,     42.2873,    243.1160,     61.1833,      3.4953,      0.1734,      0.1425,     51.3068,      0.1386,      5.4599,     10.9199,      1.2243,     27.8816,     55.7633,      0.0188,      0.0028,      0.2299,      0.1970,   7481.0605,-460465.7188,  -1070.2469,    536.2635,  24937.3457,
       1,     166,      81,      11,       1,       3,       1,     10.0000,      1.3798,     42.2873,    243.1160,     61.1833,      3.4953,      0.1868,      0.1551,     50.4057,      0.1616,      5.4599,     10.9199,      1.4280,     27.8816,     55.7633,      0.0188,      0.0025,      0.2500,      0.1970,   7481.2041,-485345.8750,  -1052.6841,    534.6025,  24937.3008,
       1,     166,      81,      12,       1,       3,       1,     10.0000,      1.3798,     42.2873,    243.1160,     61.1833,      3.4953,      0.1860,      0.1538,     42.0693,      0.1770,      5.4599,     10.9199,      1.5636,     27.8816,     55.7633,      0.0188,      0.0021,      0.2500,      0.1970,   7481.1904,-486342.1250,  -1056.3776,    534.5386,  24937.1426,
       1,     166,      81,      13,       1,       3,       1,     10.0000,      1.3798,     42.2873,    243.1160,     61.1833,      3.4953,      0.1858,      0.1530,     41.1304,      0.1958,      5.4599,     10.9199,      1.7300,     27.8816,     55.7633,      0.0188,      0.0021,      0.2500,      0.1969,   7481.1431,-475699.0625,  -1057.0039,    535.2496,  24936.9727,
       1,     166,      81,      14,       1,       3,       1,     10.0000,      1.3798,     42.2873,    243.1160,     61.1833,      3.4953,      0.1851,      0.1522,     32.5745,      0.2007,      5.4599,     10.9199,      1.7732,     27.8816,     55.7633,      0.0188,      0.0016,      0.2500,      0.1970,   7481.0923,-473591.0938,  -1059.8818,    535.3912,  24936.8652,
       1,     166,      81,      15,       1,       3,       1,     10.0000,      1.3798,     42.2873,    243.1160,     61.1833,      3.4953,      0.1842,      0.1513,     21.1182,      0.2009,      5.4599,     10.9199,      1.7749,     27.8816,     55.7633,      0.0188,      0.0011,      0.2500,      0.1970,   7481.0601,-462395.6250,  -1059.6487,    536.1404,  24936.8652,
       1,     166,      81,      16,       1,       3,       1,     10.0000,      1.3798,     42.2873,    243.1160,     61.1833,      3.4953,      0.1870,      0.1540,     56.4934,      0.2027,      5.4599,     10.9199,      1.7907,     27.8816,     55.7633,      0.0188,      0.0028,      0.2500,      0.1970,   7481.0601,-446667.6562,  -1057.6940,    537.1949,  24936.8652,
       1,     166,      81,      17,       1,       3,       1,     10.0000,      1.3798,     42.2873,    243.1160,     61.1833,      3.4953,      0.1886,      0.1558,     89.2747,      0.1960,      5.4599,     10.9199,      1.7317,     27.8816,     55.7633,      0.0188,      0.0045,      0.2486,      0.1970,   7481.0601,-490877.1562,  -1072.0168,    534.2274,  24936.8652,
       1,     166,      81,      18,       1,       3,       1,     10.0000,      1.3798,     42.2873,    243.1160,     61.1833,      3.4953,      0.1662,      0.1337,     89.0327,      0.1856,      5.4599,     10.9199,      1.6400,     27.8816,     55.7633,      0.0188,      0.0052,      0.2150,      0.1969,   7481.0601,-536983.8750,  -1087.2722,    531.1567,  24936.8652,
       1,     166,      81,      19,       1,       3,       1,     10.0000,      1.3798,     42.2873,    243.1160,     61.1833,      3.4953,      0.1107,      0.0787,     61.6138,      0.1714,      5.4599,     10.9199,      1.5146,     27.8816,     55.7633,      0.0188,      0.0057,      0.1356,      0.1969,   7481.0601,-540674.5000,  -1090.7740,    530.9204,  24936.8652,
       1,     166,      81,      20,       1,       3,       1,     10.0000,      1.3798,     42.2873,    243.1160,     61.1833,      3.4953,      0.0214,     -0.0102,      5.0533,      0.1586,      5.4599,     10.9199,      1.4011,     27.8816,     55.7633,      0.0188,      0.0063,      0.0101,      0.1969,   7481.0601,-505609.9375,  -1083.1729,    533.2476,  24936.8652,
       1,     166,      81,      21,       1,       3,       1,     10.0000,      1.3798,     42.2873,    243.1160,     61.1833,      3.4953,      0.0000,     -0.0313,      8.3799,      0.1508,      5.4599,     10.9199,      1.3325,     27.8816,     55.7633,      0.0188,      0.0067,      0.0156,      0.1969,   7481.0601,-429673.6562,  -1063.6643,    538.3143,  24936.8652,
       1,     166,      81,      22,       1,       3,       1,     10.0000,      1.3798,     42.2873,    243.1160,     61.1833,      3.4953,      0.0000,     -0.0312,      8.1214,      0.1472,      5.4599,     10.9199,      1.3007,     27.8816,     55.7633,      0.0188,      0.0065,      0.0156,      0.1970,   7481.0601,-427458.8438,  -1064.0781,    538.4874,  24936.8652,
       1,     166,      81,      23,       1,       3,       1,     10.0000,      1.3798,     42.2873,    243.1160,     61.1833,      3.4953,      0.0000,     -0.0312,      7.4977,      0.1460,      5.4599,     10.9199,      1.2903,     27.8816,     55.7633,      0.0188,      0.0060,      0.0156,      0.1970,   7481.0601,-426903.0938,  -1064.8167,    538.5249,  24936.8633,
       1,     166,      81,      24,       1,       3,       1,     10.0000,      1.3798,     42.2873,    243.1160,     61.1833,      3.4953,      0.0000,     -0.0312,      5.9932,      0.1460,      5.4599,     10.9199,      1.2903,     27.8816,     55.7633,      0.0188,      0.0048,      0.0156,      0.1970,   7481.0591,-426051.7500,  -1065.3381,    538.5822,  24936.8633,
       1,     166,      82,       1,       1,       3,       1,     10.0000,      1.3798,     42.2876,    243.1218,     61.1847,      3.4953,      0.0000,     -0.0312,      5.2212,      0.1468,      5.4605,     10.9209,      1.2968,     27.8899,     55.7799,      0.0188,      0.0042,      0.0156,      0.1970,   7481.0591,-424196.6250,  -1065.7937,    538.7198,  24937.9922,
       1,     166,      82,       2,       1,       3,       1,     10.0000,      1.3798,     42.2876,    243.1218,     61.1847,      3.4953,      0.0000,     -0.0312,      4.2864,      0.1460,      5.4605,     10.9209,      1.2903,     27.8899,     55.7799,      0.0188,      0.0034,      0.0156,      0.1970,   7481.3979,-422887.5625,  -1065.4890,    538.8079,  24937.9922,
       1,     166,      82,       3,       1,       3,       1,     10.0000,      1.3798,     42.2876,    243.1218,     61.1847,      3.4953,      0.0000,     -0.0312,      3.8381,      0.1454,      5.4605,     10.9209,      1.2851,     27.8899,     55.7799,      0.0188,      0.0031,      0.0156,      0.1970,   7481.3979,-421570.5000,  -1065.4762,    538.8967,  24937.9922,
       1,     166,      82,       4,       1,       3,       1,     10.0000,      1.3798,     42.2876,    243.1218,     61.1847,      3.4953,      0.0000,     -0.0311,      3.4997,      0.1451,      5.4605,     10.9209,      1.2826,     27.8899,     55.7799,      0.0188,      0.0028,      0.0156,      0.1970,   7481.3979,-420879.0312,  -1065.5812,    538.9432,  24937.9922,
       1,     166,      82,       5,       1,       3,       1,     10.0000,      1.3798,     42.2876,    243.1218,     61.1847,      3.4953,      0.0000,     -0.0311,      3.4045,      0.1450,      5.4605,     10.9209,      1.2813,     27.8899,     55.7799,      0.0188,      0.0027,      0.0156,      0.1970,   7481.3979,-420383.4062,  -1065.7035,    538.9766,  24937.9922,
       1,     166,      82,       6,       1,       3,       1,     10.0000,      1.3798,     42.2876,    243.1218,     61.1847,      3.4953,      0.0000,     -0.0309,      3.2332,      0.1386,      5.4605,     10.9209,      1.2244,     27.8899,     55.7799,      0.0188,      0.0026,      0.0156,      0.1970,   7481.3979,-420217.7812,  -1065.8997,    538.9879,  24937.9922,
       1,     166,      82,       7,       1,       3,       1,     10.0000,      1.3798,     42.2876,    243.1218,     61.1847,      3.4953,      0.0000,     -0.0308,      3.0127,      0.1363,      5.4605,     10.9209,      1.2047,     27.8899,     55.7799,      0.0188,      0.0024,      0.0156,      0.1970,   7481.3979,-419982.7812,  -1062.1929,    539.0037,  24937.9922,
       1,     166,      82,       8,       1,       3,       1,     10.0000,      1.3798,     42.2876,    243.1218,     61.1847,      3.4953,      0.0042,     -0.0268,      2.7368,      0.1403,      5.4605,     10.9209,      1.2393,     27.8899,     55.7799,      0.0188,      0.0022,      0.0156,      0.1970,   7481.3979,-419678.5938,  -1062.4319,    539.0242,  24937.9922,
       1,     166,      82,       9,       1,       3,       1,     10.0000,      1.3798,     42.2876,    243.1218,     61.1847,      3.4953,      0.1118,      0.0805,     23.8826,      0.1497,      5.4605,     10.9209,      1.3232,     27.8899,     55.7799,      0.0188,      0.0021,      0.1420,      0.1970,   7481.3979,-419296.8750,  -1062.6096,    539.0499,  24937.9922,
       1,     166,      82,      10,       1,       3,       1,     10.0000,      1.3798,     42.2876,    243.1218,     61.1847,      3.4953,      0.1704,      0.1384,     38.4394,      0.1704,      5.4605,     10.9209,      1.5056,     27.8899,     55.7799,      0.0188,      0.0021,      0.2271,      0.1970,   7481.3979,-446488.5312,  -1070.7046,    537.2177,  24937.9922,
       1,     166,      82,      11,       1,       3,       1,     10.0000,      1.3798,     42.2876,    243.1218,     61.1847,      3.4953,      0.1849,      0.1523,     28.4569,      0.1884,      5.4605,     10.9209,      1.6645,     27.8899,     55.7799,      0.0188,      0.0014,      0.2500,      0.1970,   7481.3979,-467604.8438,  -1077.5602,    535.8027,  24937.9922,
       1,     166,      82,      12,       1,       3,       1,     10.0000,      1.3798,     42.2876,    243.1218,     61.1847,      3.4953,      0.1840,      0.1510,     19.5619,      0.2053,      5.4605,     10.9209,      1.8139,     27.8899,     55.7799,      0.0188,      0.0010,      0.2500,      0.1970,   7481.3979,-456573.4688,  -1075.5756,    536.5435,  24937.9941,
       1,     166,      82,      13,       1,       3,       1,     10.0000,      1.3798,     42.2876,    243.1218,     61.1847,      3.4953,      0.1847,      0.1513,     28.9758,      0.2179,      5.4605,     10.9209,      1.9259,     27.8899,     55.7799,      0.0188,      0.0015,      0.2500,      0.1970,   7481.3984,-444159.0938,  -1073.1425,    537.3765,  24937.9941,
       1,     166,      82,      14,       1,       3,       1,     10.0000,      1.3798,     42.2876,    243.1218,     61.1847,      3.4953,      0.1854,      0.1514,     38.9108,      0.2361,      5.4605,     10.9209,      2.0867,     27.8899,     55.7799,      0.0188,      0.0020,      0.2500,      0.1970,   7481.3984,-455210.2188,  -1077.4150,    536.6349,  24937.9922,
       1,     166,      82,      15,       1,       3,       1,     10.0000,      1.3798,     42.2876,    243.1218,     61.1847,      3.4953,      0.1874,      0.1533,     65.6364,      0.2424,      5.4605,     10.9209,      2.1423,     27.8899,     55.7799,      0.0188,      0.0033,      0.2500,      0.1970,   7481.3979,-468966.3438,  -1082.2928,    535.7127,  24937.9902,
       1,     166,      82,      16,       1,       3,       1,     10.0000,      1.3798,     42.2876,    243.1218,     61.1847,      3.4953,      0.1704,      0.1370,     78.6813,      0.2179,      5.4605,     10.9209,      1.9259,     27.8899,     55.7799,      0.0188,      0.0044,      0.2228,      0.1970,   7481.3975,-504592.9688,  -1093.6934,    533.3278,  24937.9902,
       1,     166,      82,      17,       1,       3,       1,     10.0000,      1.3798,     42.2876,    243.1218,     61.1847,      3.4953,      0.1813,      0.1485,    100.9602,      0.1944,      5.4605,     10.9209,      1.7181,     27.8899,     55.7799,      0.0188,      0.0054,      0.2362,      0.1970,   7481.3975,-524506.5625,  -1100.5483,    532.0055,  24937.9922,
       1,     166,      82,      18,       1,       3,       1,     10.0000,      1.3798,     42.2876,    243.1218,     61.1847,      3.4953,      0.1607,      0.1281,    103.5515,      0.1882,      5.4605,     10.9209,      1.6629,     27.8899,     55.7799,      0.0188,      0.0063,      0.2051,      0.1969,   7481.3979,-554955.2500,  -1110.6537,    529.9822,  24937.9883,
       1,     166,      82,      19,       1,       3,       1,     10.0000,      1.3798,     42.2876,    243.1218,     61.1847,      3.4953,      0.0691,      0.0369,     43.3487,      0.1771,      5.4605,     10.9209,      1.5652,     27.8899,     55.7799,      0.0188,      0.0072,      0.0759,      0.1969,   7481.3970,-560939.5625,  -1113.7772,    529.5896,  24937.9883,
       1,     166,      82,      20,       1,       3,       1,     10.0000,      1.3798,     42.2876,    243.1218,     61.1847,      3.4953,      0.0155,     -0.0162,      0.8591,      0.1629,      5.4605,     10.9209,      1.4395,     27.8899,     55.7799,      0.0188,      0.0067,      0.0016,      0.1969,   7481.3970,-483769.4688,  -1092.4762,    534.6983,  24937.9883,
       1,     166,      82,      21,       1,       3,       1,     10.0000,      1.3798,     42.2876,    243.1218,     61.1847,      3.4953,      0.0000,     -0.0314,      6.7078,      0.1528,      5.4605,     10.9209,      1.3501,     27.8899,     55.7799,      0.0188,      0.0054,      0.0156,      0.1970,   7481.3970,-422430.5938,  -1075.1233,    538.8228,  24937.9863,
       1,     166,      82,      22,       1,       3,       1,     10.0000,      1.3798,     42.2876,    243.1218,     61.1847,      3.4953,      0.0000,     -0.0313,      5.6480,      0.1493,      5.4605,     10.9209,      1.3192,     27.8899,     55.7799,      0.0188,      0.0045,      0.0156,      0.1970,   7481.3960,-424669.6562,  -1075.9355,    538.6879,  24937.9863,
       1,     166,      82,      23,       1,       3,       1,     10.0000,      1.3798,     42.2876,    243.1218,     61.1847,      3.4953,      0.0000,     -0.0313,      5.3525,      0.1485,      5.4605,     10.9209,      1.3126,     27.8899,     55.7799,      0.0188,      0.0043,      0.0156,      0.1970,   7481.3960,-423478.8750,  -1075.7225,    538.7681,  24937.9863,
       1,     166,      82,      24,       1,       3,       1,     10.0000,      1.3798,     42.2876,    243.1218,     61.1847,      3.4953,      0.0000,     -0.0313,      5.0832,      0.1487,      5.4605,     10.9209,      1.3139,     27.8899,     55.7799,      0.0188,      0.0041,      0.0156,      0.1970,   7481.3960,-422995.1562,  -1075.6954,    538.8007,  24937.9863,
       1,     166,      83,       1,       1,       3,       1,     10.0000,      1.3798,     42.2880,    243.1275,     61.1862,      3.4953,      0.0000,     -0.0312,      4.5314,      0.1480,      5.4606,     10.9211,      1.3074,     27.8958,     55.7916,      0.0188,      0.0036,      0.0156,      0.1971,   7481.3960,-422762.5000,  -1076.1512,    538.8292,  24939.1152,
       1,     166,      83,       2,       1,       3,       1,     10.0000,      1.3798,     42.2880,    243.1275,     61.1862,      3.4953,      0.0000,     -0.0312,      3.7343,      0.1478,      5.4606,     10.9211,      1.3060,     27.8958,     55.7916,      0.0188,      0.0030,      0.0156,      0.1971,   7481.7349,-421877.7188,  -1075.5620,    538.8888,  24939.1133,
       1,     166,      83,       3,       1,       3,       1,     10.0000,      1.3798,     42.2880,    243.1275,     61.1862,      3.4953,      0.0000,     -0.0312,      3.1809,      0.1469,      5.4606,     10.9211,      1.2982,     27.8958,     55.7916,      0.0188,      0.0026,      0.0156,      0.1971,   7481.7344,-420774.8750,  -1075.3058,    538.9631,  24939.1133,
       1,     166,      83,       4,       1,       3,       1,     10.0000,      1.3798,     42.2880,    243.1275,     61.1862,      3.4953,      0.0000,     -0.0313,      3.0962,      0.1493,      5.4606,     10.9211,      1.3192,     27.8958,     55.7916,      0.0188,      0.0025,      0.0156,      0.1971,   7481.7344,-419966.9062,  -1075.1210,    539.0175,  24939.1133,
       1,     166,      83,       5,       1,       3,       1,     10.0000,      1.3798,     42.2880,    243.1275,     61.1862,      3.4953,      0.0000,     -0.0312,      2.9915,      0.1468,      5.4606,     10.9211,      1.2969,     27.8958,     55.7916,      0.0188,      0.0024,      0.0156,      0.1971,   7481.7344,-419787.6875,  -1075.1138,    539.0296,  24939.1133,
       1,     166,      83,       6,       1,       3,       1,     10.0000,      1.3798,     42.2880,    243.1275,     61.1862,      3.4953,      0.0000,     -0.0312,      2.8569,      0.1466,      5.4606,     10.9211,      1.2956,     27.8958,     55.7916,      0.0188,      0.0023,      0.0156,      0.1971,   7481.7344,-419637.3438,  -1075.1110,    539.0397,  24939.1133,
       1,     166,      83,       7,       1,       3,       1,     10.0000,      1.3798,     42.2880,    243.1275,     61.1862,      3.4953,      0.0000,     -0.0312,      2.6809,      0.1465,      5.4606,     10.9211,      1.2943,     27.8958,     55.7916,      0.0188,      0.0022,      0.0156,      0.1971,   7481.7344,-419451.0938,  -1075.0936,    539.0523,  24939.1133,
       1,     166,      83,       8,       1,       3,       1,     10.0000,      1.3798,     42.2880,    243.1275,     61.1862,      3.4953,      0.0062,     -0.0251,      2.5518,      0.1507,      5.4606,     10.9211,      1.3312,     27.8958,     55.7916,      0.0188,      0.0021,      0.0156,      0.1971,   7481.7344,-419208.2812,  -1075.0562,    539.0687,  24939.1113,
       1,     166,      83,       9,       1,       3,       1,     10.0000,      1.3798,     42.2880,    243.1275,     61.1862,      3.4953,      0.1059,      0.0743,     23.6650,      0.1576,      5.4606,     10.9211,      1.3927,     27.8958,     55.7916,      0.0188,      0.0022,      0.1331,      0.1971,   7481.7339,-419021.3438,  -1075.0328,    539.0812,  24939.1133,
       1,     166,      83,      10,       1,       3,       1,     10.0000,      1.3798,     42.2880,    243.1275,     61.1862,      3.4953,      0.1691,      0.1370,     39.4964,      0.1723,      5.4606,     10.9211,      1.5223,     27.8958,     55.7916,      0.0188,      0.0022,      0.2251,      0.1971,   7481.7344,-446184.2500,  -1083.1169,    537.2509,  24939.1133,
       1,     166,      83,      11,       1,       3,       1,     10.0000,      1.3798,     42.2880,    243.1275,     61.1862,      3.4953,      0.1740,      0.1413,     42.6427,      0.1916,      5.4606,     10.9211,      1.6928,     27.8958,     55.7916,      0.0188,      0.0023,      0.2321,      0.1970,   7481.7344,-468936.8750,  -1090.0901,    535.7260,  24939.1133,
       1,     166,      83,      12,       1,       3,       1,     10.0000,      1.3798,     42.2880,    243.1275,     61.1862,      3.4953,      0.1859,      0.1528,     44.3282,      0.2057,      5.4606,     10.9211,      1.8175,     27.8958,     55.7916,      0.0188,      0.0022,      0.2499,      0.1970,   7481.7344,-474962.5625,  -1092.2493,    535.3246,  24939.1133,
       1,     166,      83,      13,       1,       3,       1,     10.0000,      1.3798,     42.2880,    243.1275,     61.1862,      3.4953,      0.1863,      0.1530,     50.2493,      0.2163,      5.4606,     10.9211,      1.9109,     27.8958,     55.7916,      0.0188,      0.0025,      0.2499,      0.1970,   7481.7344,-477653.2500,  -1093.4432,    535.1447,  24939.1113,
       1,     166,      83,      14,       1,       3,       1,     10.0000,      1.3798,     42.2880,    243.1275,     61.1862,      3.4953,      0.1869,      0.1534,     57.7259,      0.2205,      5.4606,     10.9211,      1.9487,     27.8958,     55.7916,      0.0188,      0.0029,      0.2500,      0.1970,   7481.7339,-485515.2500,  -1096.1816,    534.6188,  24939.1113,
       1,     166,      83,      15,       1,       3,       1,     10.0000,      1.3798,     42.2880,    243.1275,     61.1862,      3.4953,      0.1868,      0.1534,     81.5824,      0.2186,      5.4606,     10.9211,      1.9316,     27.8958,     55.7916,      0.0188,      0.0041,      0.2470,      0.1970,   7481.7339,-495830.2188,  -1099.6766,    533.9297,  24939.1113,
       1,     166,      83,      16,       1,       3,       1,     10.0000,      1.3798,     42.2880,    243.1275,     61.1862,      3.4953,      0.1673,      0.1340,     91.5662,      0.2148,      5.4606,     10.9211,      1.8978,     27.8958,     55.7916,      0.0188,      0.0053,      0.2165,      0.1970,   7481.7339,-527469.4375,  -1109.6259,    531.8186,  24939.1113,
       1,     166,      83,      17,       1,       3,       1,     10.0000,      1.3798,     42.2880,    243.1275,     61.1862,      3.4953,      0.1861,      0.1532,    111.2278,      0.1993,      5.4606,     10.9211,      1.7611,     27.8958,     55.7916,      0.0188,      0.0058,      0.2422,      0.1970,   7481.7339,-543089.8125,  -1114.9781,    530.7844,  24939.1113,
       1,     166,      83,      18,       1,       3,       1,     10.0000,      1.3798,     42.2880,    243.1275,     61.1862,      3.4953,      0.1420,      0.1094,     90.9113,      0.1901,      5.4606,     10.9211,      1.6795,     27.8958,     55.7916,      0.0188,      0.0064,      0.1788,      0.1969,   7481.7339,-569796.1875,  -1123.7446,    529.0134,  24939.1133,
       1,     166,      83,      19,       1,       3,       1,     10.0000,      1.3798,     42.2880,    243.1275,     61.1862,      3.4953,      0.1016,      0.0693,     63.9373,      0.1791,      5.4606,     10.9211,      1.5825,     27.8958,     55.7916,      0.0188,      0.0066,      0.1217,      0.1969,   7481.7344,-545894.9375,  -1117.3955,    530.5969,  24939.1074,
       1,     166,      83,      20,       1,       3,       1,     10.0000,      1.3798,     42.2880,    243.1275,     61.1862,      3.4953,      0.0107,     -0.0211,      8.3143,      0.1624,      5.4606,     10.9211,      1.4352,     27.8958,     55.7916,      0.0188,      0.0067,      0.0156,      0.1969,   7481.7324,-509043.5625,  -1106.9457,    533.0435,  24939.1094,
       1,     166,      83,      21,       1,       3,       1,     10.0000,      1.3798,     42.2880,    243.1275,     61.1862,      3.4953,      0.0000,     -0.0315,      7.9793,      0.1545,      5.4606,     10.9211,      1.3651,     27.8958,     55.7916,      0.0188,      0.0064,      0.0156,      0.1970,   7481.7329,-434174.6875,  -1084.6677,    538.0377,  24939.1074,
       1,     166,      83,      22,       1,       3,       1,     10.0000,      1.3798,     42.2880,    243.1275,     61.1862,      3.4953,      0.0000,     -0.0313,      6.5300,      0.1494,      5.4606,     10.9211,      1.3206,     27.8958,     55.7916,      0.0188,      0.0052,      0.0156,      0.1970,   7481.7324,-427336.7812,  -1082.5820,    538.5210,  24939.1094,
       1,     166,      83,      23,       1,       3,       1,     10.0000,      1.3798,     42.2880,    243.1275,     61.1862,      3.4953,      0.0000,     -0.0312,      6.1154,      0.1460,      5.4606,     10.9211,      1.2904,     27.8958,     55.7916,      0.0188,      0.0049,      0.0156,      0.1971,   7481.7329,-424848.2188,  -1081.7981,    538.6887,  24939.1074,
       1,     166,      83,      24,       1,       3,       1,     10.0000,      1.3798,     42.2880,    243.1275,     61.1862,      3.4953,      0.0000,     -0.0310,      5.2857,      0.1417,      5.4606,     10.9211,      1.2519,     27.8958,     55.7916,      0.0188,      0.0042,      0.0156,      0.1971,   7481.7324,-424098.6562,  -1081.5353,    538.7392,  24939.1094,
       1,     166,      84,       1,       1,       3,       1,     10.0000,      1.3799,     42.2883,    243.1333,     61.1876,      3.4953,      0.0000,     -0.0310,      4.5152,      0.1413,      5.4607,     10.9213,      1.2482,     27.9016,     55.8032,      0.0188,      0.0036,      0.0156,      0.1971,   7481.7329,-423121.4375,  -1081.6455,    538.8177,  24940.2344,
       1,     166,      84,       2,       1,       3,       1,     10.0000,      1.3799,     42.2883,    243.1333,     61.1876,      3.4953,      0.0000,     -0.0309,      3.3783,      0.1379,      5.4607,     10.9213,      1.2183,     27.9016,     55.8032,      0.0188,      0.0027,      0.0156,      0.1971,   7482.0708,-421891.0312,  -1080.8177,    538.9006,  24940.2344,
       1,     166,      84,       3,       1,       3,       1,     10.0000,      1.3799,     42.2883,    243.1333,     61.1876,      3.4953,      0.0000,     -0.0306,      2.8807,      0.1311,      5.4607,     10.9213,      1.1581,     27.9016,     55.8032,      0.0188,      0.0023,      0.0156,      0.1971,   7482.0708,-420321.0000,  -1080.3274,    539.0064,  24940.2344,
       1,     166,      84,       4,       1,       3,       1,     10.0000,      1.3799,     42.2883,    243.1333,     61.1876,      3.4953,      0.0000,     -0.0305,      2.5402,      0.1288,      5.4607,     10.9213,      1.1383,     27.9016,     55.8032,      0.0188,      0.0020,      0.0156,      0.1971,   7482.0708,-419544.1875,  -1080.0800,    539.0587,  24940.2324,
       1,     166,      84,       5,       1,       3,       1,     10.0000,      1.3799,     42.2883,    243.1333,     61.1876,      3.4953,      0.0000,     -0.0305,      2.2988,      0.1278,      5.4607,     10.9213,      1.1291,     27.9016,     55.8032,      0.0188,      0.0018,      0.0156,      0.1971,   7482.0698,-419038.7188,  -1079.9199,    539.0928,  24940.2344,
       1,     166,      84,       6,       1,       3,       1,     10.0000,      1.3799,     42.2883,    243.1333,     61.1876,      3.4953,      0.0000,     -0.0304,      2.1806,      0.1258,      5.4607,     10.9213,      1.1120,     27.9016,     55.8032,      0.0188,      0.0018,      0.0156,      0.1971,   7482.0708,-418684.0938,  -1079.8007,    539.1167,  24940.2344,
       1,     166,      84,       7,       1,       3,       1,     10.0000,      1.3799,     42.2883,    243.1333,     61.1876,      3.4953,      0.0000,     -0.0304,      1.7172,      0.1261,      5.4607,     10.9213,      1.1143,     27.9016,     55.8032,      0.0188,      0.0014,      0.0156,      0.1971,   7482.0708,-418501.2188,  -1079.7372,    539.1290,  24940.2344,
       1,     166,      84,       8,       1,       3,       1,     10.0000,      1.3799,     42.2883,    243.1333,     61.1876,      3.4953,      0.0078,     -0.0228,      1.2736,      0.1307,      5.4607,     10.9213,      1.1546,     27.9016,     55.8032,      0.0188,      0.0010,      0.0156,      0.1971,   7482.0708,-417888.7500,  -1079.5460,    539.1702,  24940.2344,
       1,     166,      84,       9,       1,       3,       1,     10.0000,      1.3799,     42.2883,    243.1333,     61.1876,      3.4953,      0.1121,      0.0810,     10.9080,      0.1415,      5.4607,     10.9213,      1.2507,     27.9016,     55.8032,      0.0188,      0.0009,      0.1440,      0.1971,   7482.0708,-417264.8438,  -1079.3522,    539.2123,  24940.2344,
       1,     166,      84,      10,       1,       3,       1,     10.0000,      1.3799,     42.2883,    243.1333,     61.1876,      3.4953,      0.1751,      0.1433,     19.4177,      0.1641,      5.4607,     10.9213,      1.4497,     27.9016,     55.8032,      0.0188,      0.0010,      0.2362,      0.1971,   7482.0708,-429611.2500,  -1083.0833,    538.3801,  24940.2344,
       1,     166,      84,      11,       1,       3,       1,     10.0000,      1.3799,     42.2883,    243.1333,     61.1876,      3.4953,      0.1846,      0.1528,     22.9908,      0.1636,      5.4607,     10.9213,      1.4453,     27.9016,     55.8032,      0.0188,      0.0012,      0.2500,      0.1971,   7482.0708,-441639.1562,  -1086.7288,    537.5714,  24940.2344,
       1,     166,      84,      12,       1,       3,       1,     10.0000,      1.3799,     42.2883,    243.1333,     61.1876,      3.4953,      0.1845,      0.1523,     22.8213,      0.1771,      5.4607,     10.9213,      1.5653,     27.9016,     55.8032,      0.0188,      0.0011,      0.2500,      0.1971,   7482.0708,-447283.2812,  -1088.4666,    537.1927,  24940.2324,
       1,     166,      84,      13,       1,       3,       1,     10.0000,      1.3799,     42.2883,    243.1333,     61.1876,      3.4953,      0.1855,      0.1530,     36.5101,      0.1869,      5.4607,     10.9213,      1.6515,     27.9016,     55.8032,      0.0188,      0.0018,      0.2500,      0.1971,   7482.0698,-447553.6562,  -1088.5551,    537.1747,  24940.2344,
       1,     166,      84,      14,       1,       3,       1,     10.0000,      1.3799,     42.2883,    243.1333,     61.1876,      3.4953,      0.1869,      0.1540,     54.5846,      0.1970,      5.4607,     10.9213,      1.7404,     27.9016,     55.8032,      0.0188,      0.0027,      0.2500,      0.1971,   7482.0708,-465203.8438,  -1093.9210,    535.9896,  24940.2324,
       1,     166,      84,      15,       1,       3,       1,     10.0000,      1.3799,     42.2883,    243.1333,     61.1876,      3.4953,      0.1884,      0.1554,     75.0428,      0.2027,      5.4607,     10.9213,      1.7909,     27.9016,     55.8032,      0.0188,      0.0038,      0.2500,      0.1970,   7482.0698,-490016.6875,  -1101.6135,    534.3284,  24940.2324,
       1,     166,      84,      16,       1,       3,       1,     10.0000,      1.3799,     42.2883,    243.1333,     61.1876,      3.4953,      0.1885,      0.1557,     75.5955,      0.1971,      5.4607,     10.9213,      1.7421,     27.9016,     55.8032,      0.0188,      0.0038,      0.2500,      0.1970,   7482.0698,-518530.4375,  -1110.5730,    532.4265,  24940.2324,
       1,     166,      84,      17,       1,       3,       1,     10.0000,      1.3799,     42.2883,    243.1333,     61.1876,      3.4953,      0.1826,      0.1497,     89.0229,      0.2005,      5.4607,     10.9213,      1.7715,     27.9016,     55.8032,      0.0188,      0.0047,      0.2397,      0.1970,   7482.0698,-521714.2188,  -1111.9279,    532.2180,  24940.2324,
       1,     166,      84,      18,       1,       3,       1,     10.0000,      1.3799,     42.2883,    243.1333,     61.1876,      3.4953,      0.1722,      0.1401,     88.6080,      0.1757,      5.4607,     10.9213,      1.5529,     27.9016,     55.8032,      0.0188,      0.0050,      0.2240,      0.1970,   7482.0698,-539295.4375,  -1117.7797,    531.0484,  24940.2344,
       1,     166,      84,      19,       1,       3,       1,     10.0000,      1.3799,     42.2883,    243.1333,     61.1876,      3.4953,      0.1307,      0.0988,     68.7358,      0.1645,      5.4607,     10.9213,      1.4540,     27.9016,     55.8032,      0.0188,      0.0052,      0.1645,      0.1970,   7482.0708,-540282.6250,  -1118.6310,    530.9841,  24940.2305,
       1,     166,      84,      20,       1,       3,       1,     10.0000,      1.3799,     42.2883,    243.1333,     61.1876,      3.4953,      0.0180,     -0.0136,      2.2446,      0.1568,      5.4607,     10.9213,      1.3858,     27.9016,     55.8032,      0.0188,      0.0052,      0.0054,      0.1970,   7482.0693,-514739.9375,  -1111.3064,    532.6795,  24940.2305,
       1,     166,      84,      21,       1,       3,       1,     10.0000,      1.3799,     42.2883,    243.1333,     61.1876,      3.4953,      0.0000,     -0.0315,      5.9074,      0.1542,      5.4607,     10.9213,      1.3624,     27.9016,     55.8032,      0.0188,      0.0047,      0.0156,      0.1970,   7482.0693,-426833.4375,  -1084.4965,    538.5355,  24940.2285,
       1,     166,      84,      22,       1,       3,       1,     10.0000,      1.3799,     42.2883,    243.1333,     61.1876,      3.4953,      0.0000,     -0.0313,      6.3871,      0.1508,      5.4607,     10.9213,      1.3326,     27.9016,     55.8032,      0.0188,      0.0051,      0.0156,      0.1971,   7482.0688,-424047.2812,  -1083.5957,    538.7554,  24940.2285,
       1,     166,      84,      23,       1,       3,       1,     10.0000,      1.3799,     42.2883,    243.1333,     61.1876,      3.4953,      0.0000,     -0.0313,      4.8483,      0.1481,      5.4607,     10.9213,      1.3087,     27.9016,     55.8032,      0.0188,      0.0039,      0.0156,      0.1971,   7482.0688,-424381.6562,  -1083.6416,    538.7329,  24940.2285,
       1,     166,      84,      24,       1,       3,       1,     10.0000,      1.3799,     42.2883,    243.1333,     61.1876,      3.4953,      0.0000,     -0.0311,      3.8494,      0.1444,      5.4607,     10.9213,      1.2762,     27.9016,     55.8032,      0.0188,      0.0031,      0.0156,      0.1971,   7482.0688,-422429.7812,  -1083.0048,    538.8643,  24940.2285,
       1,     166,      85,       1,       1,       3,       1,     10.0000,      1.3799,     42.2886,    243.1391,     61.1891,      3.4953,      0.0000,     -0.0312,      3.0139,      0.1471,      5.4608,     10.9216,      1.2995,     27.9104,     55.8207,      0.0188,      0.0024,      0.0156,      0.1971,   7482.0688,-421131.0938,  -1083.0229,    538.9645,  24941.3555,
       1,     166,      85,       2,       1,       3,       1,     10.0000,      1.3799,     42.2886,    243.1391,     61.1891,      3.4953,      0.0000,     -0.0312,      2.8247,      0.1463,      5.4608,     10.9216,      1.2930,     27.9104,     55.8207,      0.0188,      0.0023,      0.0156,      0.1971,   7482.4067,-419789.0938,  -1082.1489,    539.0549,  24941.3555,
       1,     166,      85,       3,       1,       3,       1,     10.0000,      1.3799,     42.2886,    243.1391,     61.1891,      3.4953,      0.0000,     -0.0311,      2.5874,      0.1447,      5.4608,     10.9216,      1.2788,     27.9104,     55.8207,      0.0188,      0.0021,      0.0156,      0.1971,   7482.4067,-419429.4062,  -1082.0142,    539.0792,  24941.3555,
       1,     166,      85,       4,       1,       3,       1,     10.0000,      1.3799,     42.2886,    243.1391,     61.1891,      3.4953,      0.0000,     -0.0309,      2.2668,      0.1376,      5.4608,     10.9216,      1.2158,     27.9104,     55.8207,      0.0188,      0.0018,      0.0156,      0.1971,   7482.4067,-419092.5938,  -1081.8892,    539.1019,  24941.3555,
       1,     166,      85,       5,       1,       3,       1,     10.0000,      1.3799,     42.2886,    243.1391,     61.1891,      3.4953,      0.0000,     -0.0308,      1.5826,      0.1351,      5.4608,     10.9216,      1.1939,     27.9104,     55.8207,      0.0188,      0.0013,      0.0156,      0.1971,   7482.4067,-418650.8125,  -1081.7352,    539.1317,  24941.3555,
       1,     166,      85,       6,       1,       3,       1,     10.0000,      1.3799,     42.2886,    243.1391,     61.1891,      3.4953,      0.0000,     -0.0309,      2.1848,      0.1396,      5.4608,     10.9216,      1.2332,     27.9104,     55.8207,      0.0188,      0.0018,      0.0156,      0.1971,   7482.4067,-417731.8125,  -1081.4431,    539.1935,  24941.3555,
       1,     166,      85,       7,       1,       3,       1,     10.0000,      1.3799,     42.2886,    243.1391,     61.1891,      3.4953,      0.0000,     -0.0310,      2.4888,      0.1398,      5.4608,     10.9216,      1.2356,     27.9104,     55.8207,      0.0188,      0.0020,      0.0156,      0.1971,   7482.4067,-418427.3125,  -1081.6376,    539.1467,  24941.3555,
       1,     166,      85,       8,       1,       3,       1,     10.0000,      1.3799,     42.2886,    243.1391,     61.1891,      3.4953,      0.0055,     -0.0254,      2.3850,      0.1383,      5.4608,     10.9216,      1.2220,     27.9104,     55.8207,      0.0188,      0.0019,      0.0156,      0.1971,   7482.4067,-418878.6562,  -1081.7539,    539.1162,  24941.3555,
       1,     166,      85,       9,       1,       3,       1,     10.0000,      1.3799,     42.2886,    243.1391,     61.1891,      3.4953,      0.1033,      0.0721,     17.3404,      0.1452,      5.4608,     10.9216,      1.2826,     27.9104,     55.8207,      0.0188,      0.0017,      0.1302,      0.1971,   7482.4067,-418784.5312,  -1081.7037,    539.1226,  24941.3535,
       1,     166,      85,      10,       1,       3,       1,     10.0000,      1.3799,     42.2886,    243.1391,     61.1891,      3.4953,      0.1674,      0.1355,     27.0942,      0.1650,      5.4608,     10.9216,      1.4584,     27.9104,     55.8207,      0.0188,      0.0015,      0.2239,      0.1971,   7482.4062,-438024.0938,  -1087.6554,    537.8260,  24941.3555,
       1,     166,      85,      11,       1,       3,       1,     10.0000,      1.3799,     42.2886,    243.1391,     61.1891,      3.4953,      0.1634,      0.1309,     31.7210,      0.1858,      5.4608,     10.9216,      1.6417,     27.9104,     55.8207,      0.0188,      0.0018,      0.2175,      0.1971,   7482.4067,-452253.4375,  -1092.1157,    536.8710,  24941.3574,
       1,     166,      85,      12,       1,       3,       1,     10.0000,      1.3799,     42.2886,    243.1391,     61.1891,      3.4953,      0.1781,      0.1451,     34.9858,      0.2021,      5.4608,     10.9216,      1.7856,     27.9104,     55.8207,      0.0188,      0.0018,      0.2392,      0.1971,   7482.4077,-459443.6250,  -1094.4594,    536.3893,  24941.3516,
       1,     166,      85,      13,       1,       3,       1,     10.0000,      1.3799,     42.2886,    243.1391,     61.1891,      3.4953,      0.1855,      0.1527,     36.6875,      0.1954,      5.4608,     10.9216,      1.7267,     27.9104,     55.8207,      0.0188,      0.0018,      0.2500,      0.1971,   7482.4058,-464270.8125,  -1096.0864,    536.0659,  24941.3535,
       1,     166,      85,      14,       1,       3,       1,     10.0000,      1.3799,     42.2886,    243.1391,     61.1891,      3.4953,      0.1862,      0.1533,     45.9315,      0.1999,      5.4608,     10.9216,      1.7664,     27.9104,     55.8207,      0.0188,      0.0023,      0.2500,      0.1971,   7482.4062,-466879.7500,  -1097.0016,    535.8911,  24941.3535,
       1,     166,      85,      15,       1,       3,       1,     10.0000,      1.3799,     42.2886,    243.1391,     61.1891,      3.4953,      0.1882,      0.1554,     71.1830,      0.1946,      5.4608,     10.9216,      1.7199,     27.9104,     55.8207,      0.0188,      0.0036,      0.2500,      0.1971,   7482.4062,-479011.0625,  -1100.9132,    535.0786,  24941.3535,
       1,     166,      85,      16,       1,       3,       1,     10.0000,      1.3799,     42.2886,    243.1391,     61.1891,      3.4953,      0.1905,      0.1578,    100.3091,      0.1931,      5.4608,     10.9216,      1.7064,     27.9104,     55.8207,      0.0188,      0.0050,      0.2500,      0.1971,   7482.4062,-512590.1250,  -1111.5443,    532.8332,  24941.3516,
       1,     166,      85,      17,       1,       3,       1,     10.0000,      1.3799,     42.2886,    243.1391,     61.1891,      3.4953,      0.1911,      0.1590,    111.3552,      0.1726,      5.4608,     10.9216,      1.5254,     27.9104,     55.8207,      0.0188,      0.0056,      0.2494,      0.1970,   7482.4058,-553045.7500,  -1124.5234,    530.1434,  24941.3516,
       1,     166,      85,      18,       1,       3,       1,     10.0000,      1.3799,     42.2886,    243.1391,     61.1891,      3.4953,      0.1740,      0.1419,     98.6691,      0.1730,      5.4608,     10.9216,      1.5284,     27.9104,     55.8207,      0.0188,      0.0055,      0.2254,      0.1970,   7482.4058,-570801.9375,  -1130.6519,    528.9735,  24941.3496,
       1,     166,      85,      19,       1,       3,       1,     10.0000,      1.3799,     42.2886,    243.1391,     61.1891,      3.4953,      0.1318,      0.0999,     74.9693,      0.1699,      5.4608,     10.9216,      1.5012,     27.9104,     55.8207,      0.0188,      0.0057,      0.1655,      0.1969,   7482.4053,-555964.7500,  -1126.6925,    529.9559,  24941.3535,
       1,     166,      85,      20,       1,       3,       1,     10.0000,      1.3799,     42.2886,    243.1391,     61.1891,      3.4953,      0.0171,     -0.0145,      1.7301,      0.1590,      5.4608,     10.9216,      1.4054,     27.9104,     55.8207,      0.0188,      0.0054,      0.0040,      0.1970,   7482.4062,-524117.4688,  -1117.3060,    532.0665,  24941.3477,
       1,     166,      85,      21,       1,       3,       1,     10.0000,      1.3799,     42.2886,    243.1391,     61.1891,      3.4953,      0.0000,     -0.0314,      6.4712,      0.1531,      5.4608,     10.9216,      1.3529,     27.9104,     55.8207,      0.0188,      0.0052,      0.0156,      0.1970,   7482.4048,-426970.6250,  -1087.1506,    538.5318,  24941.3516,
       1,     166,      85,      22,       1,       3,       1,     10.0000,      1.3799,     42.2886,    243.1391,     61.1891,      3.4953,      0.0000,     -0.0313,      4.8736,      0.1504,      5.4608,     10.9216,      1.3286,     27.9104,     55.8207,      0.0188,      0.0039,      0.0156,      0.1971,   7482.4058,-424796.3750,  -1086.4199,    538.7176,  24941.3496,
       1,     166,      85,      23,       1,       3,       1,     10.0000,      1.3799,     42.2886,    243.1391,     61.1891,      3.4953,      0.0000,     -0.0313,      5.1608,      0.1496,      5.4608,     10.9216,      1.3220,     27.9104,     55.8207,      0.0188,      0.0041,      0.0156,      0.1971,   7482.4053,-422501.2500,  -1085.6683,    538.8721,  24941.3496,
       1,     166,      85,      24,       1,       3,       1,     10.0000,      1.3799,     42.2886,    243.1391,     61.1891,      3.4953,      0.0000,     -0.0313,      4.7180,      0.1493,      5.4608,     10.9216,      1.3193,     27.9104,     55.8207,      0.0188,      0.0038,      0.0156,      0.1971,   7482.4053,-422671.9688,  -1085.6794,    538.8607,  24941.3457,
       1,     166,      86,       1,       1,       3,       1,     10.0000,      1.3799,     42.2890,    243.1449,     61.1905,      3.4953,      0.0000,     -0.0312,      4.2231,      0.1477,      5.4610,     10.9219,      1.3048,     27.9182,     55.8363,      0.0188,      0.0034,      0.0156,      0.1971,   7482.4038,-422273.2188,  -1085.9727,    538.9004,  24942.4727,
       1,     166,      86,       2,       1,       3,       1,     10.0000,      1.3799,     42.2890,    243.1449,     61.1905,      3.4953,      0.0000,     -0.0311,      3.6662,      0.1447,      5.4610,     10.9219,      1.2788,     27.9182,     55.8363,      0.0188,      0.0029,      0.0156,      0.1971,   7482.7422,-421447.6250,  -1085.2357,    538.9560,  24942.4727,
       1,     166,      86,       3,       1,       3,       1,     10.0000,      1.3799,     42.2890,    243.1449,     61.1905,      3.4953,      0.0000,     -0.0310,      3.7414,      0.1418,      5.4610,     10.9219,      1.2533,     27.9182,     55.8363,      0.0188,      0.0030,      0.0156,      0.1971,   7482.7422,-420659.4062,  -1084.9631,    539.0091,  24942.4727,
       1,     166,      86,       4,       1,       3,       1,     10.0000,      1.3799,     42.2890,    243.1449,     61.1905,      3.4953,      0.0000,     -0.0310,      3.9277,      0.1410,      5.4610,     10.9219,      1.2457,     27.9182,     55.8363,      0.0188,      0.0032,      0.0156,      0.1971,   7482.7422,-420687.8750,  -1084.9442,    539.0071,  24942.4707,
       1,     166,      86,       5,       1,       3,       1,     10.0000,      1.3799,     42.2890,    243.1449,     61.1905,      3.4953,      0.0000,     -0.0310,      4.0721,      0.1401,      5.4610,     10.9219,      1.2382,     27.9182,     55.8363,      0.0188,      0.0033,      0.0156,      0.1971,   7482.7417,-420930.2812,  -1084.9911,    538.9908,  24942.4727,
       1,     166,      86,       6,       1,       3,       1,     10.0000,      1.3799,     42.2890,    243.1449,     61.1905,      3.4953,      0.0000,     -0.0310,      3.7484,      0.1397,      5.4610,     10.9219,      1.2344,     27.9182,     55.8363,      0.0188,      0.0030,      0.0156,      0.1971,   7482.7422,-421137.0000,  -1085.0249,    538.9769,  24942.4727,
       1,     166,      86,       7,       1,       3,       1,     10.0000,      1.3799,     42.2890,    243.1449,     61.1905,      3.4953,      0.0000,     -0.0309,      3.8071,      0.1386,      5.4610,     10.9219,      1.2245,     27.9182,     55.8363,      0.0188,      0.0031,      0.0156,      0.1971,   7482.7422,-420738.2500,  -1084.8732,    539.0037,  24942.4707,
       1,     166,      86,       8,       1,       3,       1,     10.0000,      1.3799,     42.2890,    243.1449,     61.1905,      3.4953,      0.0074,     -0.0235,      3.8725,      0.1384,      5.4610,     10.9219,      1.2233,     27.9182,     55.8363,      0.0188,      0.0031,      0.0156,      0.1971,   7482.7417,-420779.4062,  -1084.8596,    539.0010,  24942.4727,
       1,     166,      86,       9,       1,       3,       1,     10.0000,      1.3799,     42.2890,    243.1449,     61.1905,      3.4953,      0.1007,      0.0694,     33.5552,      0.1493,      5.4610,     10.9219,      1.3193,     27.9182,     55.8363,      0.0188,      0.0034,      0.1244,      0.1971,   7482.7422,-420867.0000,  -1084.8575,    538.9951,  24942.4727,
       1,     166,      86,      10,       1,       3,       1,     10.0000,      1.3799,     42.2890,    243.1449,     61.1905,      3.4953,      0.1416,      0.1097,     52.1663,      0.1672,      5.4610,     10.9219,      1.4775,     27.9182,     55.8363,      0.0188,      0.0036,      0.1828,      0.1971,   7482.7422,-459072.9688,  -1096.8878,    536.4210,  24942.4727,
       1,     166,      86,      11,       1,       3,       1,     10.0000,      1.3799,     42.2890,    243.1449,     61.1905,      3.4953,      0.1518,      0.1194,     62.7340,      0.1798,      5.4610,     10.9219,      1.5889,     27.9182,     55.8363,      0.0188,      0.0040,      0.1966,      0.1971,   7482.7422,-486365.8125,  -1105.6406,    534.5970,  24942.4707,
       1,     166,      86,      12,       1,       3,       1,     10.0000,      1.3799,     42.2890,    243.1449,     61.1905,      3.4953,      0.1787,      0.1462,     75.8028,      0.1854,      5.4610,     10.9219,      1.6385,     27.9182,     55.8363,      0.0188,      0.0040,      0.2352,      0.1971,   7482.7417,-502341.1562,  -1110.9528,    533.5326,  24942.4707,
       1,     166,      86,      13,       1,       3,       1,     10.0000,      1.3799,     42.2890,    243.1449,     61.1905,      3.4953,      0.1888,      0.1561,     78.7987,      0.1920,      5.4610,     10.9219,      1.6963,     27.9182,     55.8363,      0.0188,      0.0040,      0.2500,      0.1971,   7482.7417,-520559.9688,  -1117.0428,    532.3186,  24942.4707,
       1,     166,      86,      14,       1,       3,       1,     10.0000,      1.3799,     42.2890,    243.1449,     61.1905,      3.4953,      0.1893,      0.1569,     84.8219,      0.1841,      5.4610,     10.9219,      1.6272,     27.9182,     55.8363,      0.0188,      0.0043,      0.2500,      0.1970,   7482.7417,-525997.7500,  -1119.1484,    531.9582,  24942.4688,
       1,     166,      86,      15,       1,       3,       1,     10.0000,      1.3799,     42.2890,    243.1449,     61.1905,      3.4953,      0.1854,      0.1533,     94.9954,      0.1730,      5.4610,     10.9219,      1.5284,     27.9182,     55.8363,      0.0188,      0.0049,      0.2428,      0.1970,   7482.7407,-534229.8750,  -1122.1680,    531.4109,  24942.4707,
       1,     166,      86,      16,       1,       3,       1,     10.0000,      1.3799,     42.2890,    243.1449,     61.1905,      3.4953,      0.1755,      0.1438,     99.2989,      0.1599,      5.4610,     10.9219,      1.4125,     27.9182,     55.8363,      0.0188,      0.0055,      0.2274,      0.1970,   7482.7417,-548056.0625,  -1127.0380,    530.4927,  24942.4688,
       1,     166,      86,      17,       1,       3,       1,     10.0000,      1.3799,     42.2890,    243.1449,     61.1905,      3.4953,      0.1639,      0.1325,     98.7805,      0.1511,      5.4610,     10.9219,      1.3354,     27.9182,     55.8363,      0.0188,      0.0059,      0.2103,      0.1970,   7482.7407,-554801.3750,  -1129.7373,    530.0463,  24942.4688,
       1,     166,      86,      18,       1,       3,       1,     10.0000,      1.3799,     42.2890,    243.1449,     61.1905,      3.4953,      0.1493,      0.1178,    101.6531,      0.1554,      5.4610,     10.9219,      1.3734,     27.9182,     55.8363,      0.0188,      0.0068,      0.1884,      0.1970,   7482.7407,-554714.6250,  -1130.2970,    530.0522,  24942.4648,
       1,     166,      86,      19,       1,       3,       1,     10.0000,      1.3799,     42.2890,    243.1449,     61.1905,      3.4953,      0.1341,      0.1023,     84.3012,      0.1618,      5.4610,     10.9219,      1.4296,     27.9182,     55.8363,      0.0188,      0.0063,      0.1678,      0.1970,   7482.7397,-558412.0625,  -1132.0605,    529.8073,  24942.4668,
       1,     166,      86,      20,       1,       3,       1,     10.0000,      1.3799,     42.2890,    243.1449,     61.1905,      3.4953,      0.0227,     -0.0089,      5.2620,      0.1551,      5.4610,     10.9219,      1.3707,     27.9182,     55.8363,      0.0188,      0.0055,      0.0120,      0.1970,   7482.7402,-536353.0000,  -1125.6006,    531.2682,  24942.4648,
       1,     166,      86,      21,       1,       3,       1,     10.0000,      1.3799,     42.2890,    243.1449,     61.1905,      3.4953,      0.0000,     -0.0314,      5.8358,      0.1510,      5.4610,     10.9219,      1.3340,     27.9182,     55.8363,      0.0188,      0.0047,      0.0156,      0.1970,   7482.7397,-432559.4375,  -1092.8066,    538.1630,  24942.4629,
       1,     166,      86,      22,       1,       3,       1,     10.0000,      1.3799,     42.2890,    243.1449,     61.1905,      3.4953,      0.0000,     -0.0313,      4.6323,      0.1498,      5.4610,     10.9219,      1.3233,     27.9182,     55.8363,      0.0188,      0.0037,      0.0156,      0.1971,   7482.7393,-424473.0625,  -1090.2111,    538.7518,  24942.4629,
       1,     166,      86,      23,       1,       3,       1,     10.0000,      1.3799,     42.2890,    243.1449,     61.1905,      3.4953,      0.0000,     -0.0313,      5.3016,      0.1493,      5.4610,     10.9219,      1.3193,     27.9182,     55.8363,      0.0188,      0.0043,      0.0156,      0.1971,   7482.7393,-422166.6562,  -1089.4517,    538.9075,  24942.4629,
       1,     166,      86,      24,       1,       3,       1,     10.0000,      1.3799,     42.2890,    243.1449,     61.1905,      3.4953,      0.0000,     -0.0313,      5.5610,      0.1487,      5.4610,     10.9219,      1.3140,     27.9182,     55.8363,      0.0188,      0.0045,      0.0156,      0.1971,   7482.7393,-422827.5000,  -1089.6301,    538.8630,  24942.4609,
       1,     166,      87,       1,       1,       3,       1,     10.0000,      1.3799,     42.2893,    243.1507,     61.1919,      3.4953,      0.0000,     -0.0313,      5.5147,      0.1489,      5.4607,     10.9215,      1.3154,     27.9237,     55.8475,      0.0188,      0.0044,      0.0156,      0.1972,   7482.7388,-423374.8750,  -1090.2341,    538.8389,  24943.5918,
       1,     166,      87,       2,       1,       3,       1,     10.0000,      1.3799,     42.2893,    243.1507,     61.1919,      3.4953,      0.0000,     -0.0312,      5.2246,      0.1474,      5.4607,     10.9215,      1.3022,     27.9237,     55.8475,      0.0188,      0.0042,      0.0156,      0.1972,   7483.0776,-423208.4688,  -1089.6924,    538.8501,  24943.5898,
       1,     166,      87,       3,       1,       3,       1,     10.0000,      1.3799,     42.2893,    243.1507,     61.1919,      3.4953,      0.0000,     -0.0312,      4.7985,      0.1462,      5.4607,     10.9215,      1.2918,     27.9237,     55.8475,      0.0188,      0.0039,      0.0156,      0.1972,   7483.0771,-422820.8125,  -1089.5409,    538.8762,  24943.5918,
       1,     166,      87,       4,       1,       3,       1,     10.0000,      1.3799,     42.2893,    243.1507,     61.1919,      3.4953,      0.0000,     -0.0311,      4.7041,      0.1449,      5.4607,     10.9215,      1.2801,     27.9237,     55.8475,      0.0188,      0.0038,      0.0156,      0.1972,   7483.0776,-422238.8125,  -1089.3297,    538.9154,  24943.5898,
       1,     166,      87,       5,       1,       3,       1,     10.0000,      1.3799,     42.2893,    243.1507,     61.1919,      3.4953,      0.0000,     -0.0311,      4.7282,      0.1434,      5.4607,     10.9215,      1.2673,     27.9237,     55.8475,      0.0188,      0.0038,      0.0156,      0.1972,   7483.0771,-422067.0000,  -1089.2510,    538.9270,  24943.5898,
       1,     166,      87,       6,       1,       3,       1,     10.0000,      1.3799,     42.2893,    243.1507,     61.1919,      3.4953,      0.0000,     -0.0306,      4.1540,      0.1296,      5.4607,     10.9215,      1.1453,     27.9237,     55.8475,      0.0188,      0.0033,      0.0156,      0.1972,   7483.0771,-422083.0938,  -1091.0695,    538.9258,  24943.5898,
       1,     166,      87,       7,       1,       3,       1,     10.0000,      1.3799,     42.2893,    243.1507,     61.1919,      3.4953,      0.0000,     -0.0307,      4.1621,      0.1315,      5.4607,     10.9215,      1.1617,     27.9237,     55.8475,      0.0188,      0.0033,      0.0156,      0.1972,   7483.0771,-421345.7500,  -1090.7998,    538.9755,  24943.5898,
       1,     166,      87,       8,       1,       3,       1,     10.0000,      1.3799,     42.2893,    243.1507,     61.1919,      3.4953,      0.0123,     -0.0185,      3.9275,      0.1362,      5.4607,     10.9215,      1.2036,     27.9237,     55.8475,      0.0188,      0.0032,      0.0156,      0.1972,   7483.0771,-421292.2812,  -1090.7469,    538.9792,  24943.5898,
       1,     166,      87,       9,       1,       3,       1,     10.0000,      1.3799,     42.2893,    243.1507,     61.1919,      3.4953,      0.1359,      0.1048,     40.8909,      0.1440,      5.4607,     10.9215,      1.2724,     27.9237,     55.8475,      0.0188,      0.0029,      0.1757,      0.1972,   7483.0771,-420985.7188,  -1090.6149,    538.9998,  24943.5898,
       1,     166,      87,      10,       1,       3,       1,     10.0000,      1.3799,     42.2893,    243.1507,     61.1919,      3.4953,      0.1717,      0.1405,     51.5051,      0.1443,      5.4607,     10.9215,      1.2750,     27.9237,     55.8475,      0.0188,      0.0028,      0.2273,      0.1972,   7483.0771,-468521.3125,  -1108.5435,    535.7971,  24943.5879,
       1,     166,      87,      11,       1,       3,       1,     10.0000,      1.3799,     42.2893,    243.1507,     61.1919,      3.4953,      0.1709,      0.1391,     32.4152,      0.1629,      5.4607,     10.9215,      1.4396,     27.9237,     55.8475,      0.0188,      0.0018,      0.2285,      0.1971,   7483.0767,-486335.2500,  -1114.3478,    534.6135,  24943.5879,
       1,     166,      87,      12,       1,       3,       1,     10.0000,      1.3799,     42.2893,    243.1507,     61.1919,      3.4953,      0.1819,      0.1498,     37.0649,      0.1726,      5.4607,     10.9215,      1.5254,     27.9237,     55.8475,      0.0188,      0.0019,      0.2443,      0.1971,   7483.0767,-463279.3750,  -1107.1678,    536.1556,  24943.5879,
       1,     166,      87,      13,       1,       3,       1,     10.0000,      1.3799,     42.2893,    243.1507,     61.1919,      3.4953,      0.1836,      0.1513,     43.9924,      0.1791,      5.4607,     10.9215,      1.5826,     27.9237,     55.8475,      0.0188,      0.0022,      0.2462,      0.1971,   7483.0767,-467278.3438,  -1108.5308,    535.8898,  24943.5898,
       1,     166,      87,      14,       1,       3,       1,     10.0000,      1.3799,     42.2893,    243.1507,     61.1919,      3.4953,      0.1870,      0.1544,     55.9726,      0.1893,      5.4607,     10.9215,      1.6730,     27.9237,     55.8475,      0.0188,      0.0028,      0.2500,      0.1971,   7483.0771,-476541.4375,  -1111.5873,    535.2693,  24943.5859,
       1,     166,      87,      15,       1,       3,       1,     10.0000,      1.3799,     42.2893,    243.1507,     61.1919,      3.4953,      0.1865,      0.1538,     48.4832,      0.1897,      5.4607,     10.9215,      1.6763,     27.9237,     55.8475,      0.0188,      0.0024,      0.2500,      0.1971,   7483.0762,-492772.2188,  -1116.8778,    534.1837,  24943.5879,
       1,     166,      87,      16,       1,       3,       1,     10.0000,      1.3799,     42.2893,    243.1507,     61.1919,      3.4953,      0.1882,      0.1555,     83.0390,      0.1918,      5.4607,     10.9215,      1.6947,     27.9237,     55.8475,      0.0188,      0.0042,      0.2485,      0.1971,   7483.0767,-484530.4062,  -1114.4109,    534.7352,  24943.5859,
       1,     166,      87,      17,       1,       3,       1,     10.0000,      1.3799,     42.2893,    243.1507,     61.1919,      3.4953,      0.1695,      0.1371,     86.1711,      0.1843,      5.4607,     10.9215,      1.6288,     27.9237,     55.8475,      0.0188,      0.0049,      0.2203,      0.1971,   7483.0762,-528324.6875,  -1128.6265,    531.8082,  24943.5879,
       1,     166,      87,      18,       1,       3,       1,     10.0000,      1.3799,     42.2893,    243.1507,     61.1919,      3.4953,      0.1258,      0.0937,     61.9619,      0.1744,      5.4607,     10.9215,      1.5407,     27.9237,     55.8475,      0.0188,      0.0049,      0.1581,      0.1971,   7483.0767,-536170.0000,  -1131.5127,    531.2947,  24943.5820,
       1,     166,      87,      19,       1,       3,       1,     10.0000,      1.3799,     42.2893,    243.1507,     61.1919,      3.4953,      0.1077,      0.0758,     50.7867,      0.1657,      5.4607,     10.9215,      1.4643,     27.9237,     55.8475,      0.0188,      0.0048,      0.1325,      0.1970,   7483.0747,-505631.7500,  -1122.0953,    533.3230,  24943.5840,
       1,     166,      87,      20,       1,       3,       1,     10.0000,      1.3799,     42.2893,    243.1507,     61.1919,      3.4953,      0.0211,     -0.0104,      4.2722,      0.1554,      5.4607,     10.9215,      1.3735,     27.9237,     55.8475,      0.0188,      0.0055,      0.0098,      0.1971,   7483.0757,-488610.1250,  -1116.8787,    534.4616,  24943.5820,
       1,     166,      87,      21,       1,       3,       1,     10.0000,      1.3799,     42.2893,    243.1507,     61.1919,      3.4953,      0.0000,     -0.0314,      6.5890,      0.1514,      5.4607,     10.9215,      1.3381,     27.9237,     55.8475,      0.0188,      0.0053,      0.0156,      0.1971,   7483.0747,-427226.4062,  -1097.2161,    538.5638,  24943.5820,
       1,     166,      87,      22,       1,       3,       1,     10.0000,      1.3799,     42.2893,    243.1507,     61.1919,      3.4953,      0.0000,     -0.0313,      6.0209,      0.1478,      5.4607,     10.9215,      1.3062,     27.9237,     55.8475,      0.0188,      0.0048,      0.0156,      0.1972,   7483.0747,-424945.9375,  -1096.4098,    538.7330,  24943.5801,
       1,     166,      87,      23,       1,       3,       1,     10.0000,      1.3799,     42.2893,    243.1507,     61.1919,      3.4953,      0.0000,     -0.0311,      5.2474,      0.1426,      5.4607,     10.9215,      1.2596,     27.9237,     55.8475,      0.0188,      0.0042,      0.0156,      0.1972,   7483.0742,-423997.5312,  -1096.0374,    538.7969,  24943.5820,
       1,     166,      87,      24,       1,       3,       1,     10.0000,      1.3799,     42.2893,    243.1507,     61.1919,      3.4953,      0.0000,     -0.0309,      4.4838,      0.1386,      5.4607,     10.9215,      1.2245,     27.9237,     55.8475,      0.0188,      0.0036,      0.0156,      0.1972,   7483.0747,-422919.4688,  -1095.6316,    538.8695,  24943.5840,
       1,     166,      88,       1,       1,       3,       1,     10.0000,      1.3799,     42.2896,    243.1564,     61.1934,      3.4953,      0.0000,     -0.0310,      3.7836,      0.1403,      5.4615,     10.9231,      1.2395,     27.9307,     55.8614,      0.0188,      0.0030,      0.0156,      0.1972,   7483.0757,-421999.8750,  -1095.7532,    538.9443,  24944.7129,
       1,     166,      88,       2,       1,       3,       1,     10.0000,      1.3799,     42.2896,    243.1564,     61.1934,      3.4953,      0.0000,     -0.0310,      3.5696,      0.1410,      5.4615,     10.9231,      1.2458,     27.9307,     55.8614,      0.0188,      0.0029,      0.0156,      0.1972,   7483.4141,-420864.9062,  -1094.8864,    539.0208,  24944.7090,
       1,     166,      88,       3,       1,       3,       1,     10.0000,      1.3799,     42.2896,    243.1564,     61.1934,      3.4953,      0.0000,     -0.0309,      3.2094,      0.1383,      5.4615,     10.9231,      1.2221,     27.9307,     55.8614,      0.0188,      0.0026,      0.0156,      0.1972,   7483.4131,-420491.5938,  -1094.7307,    539.0459,  24944.7090,
       1,     166,      88,       4,       1,       3,       1,     10.0000,      1.3799,     42.2896,    243.1564,     61.1934,      3.4953,      0.0000,     -0.0309,      3.0116,      0.1368,      5.4615,     10.9231,      1.2086,     27.9307,     55.8614,      0.0188,      0.0024,      0.0156,      0.1972,   7483.4131,-419995.7812,  -1094.5389,    539.0793,  24944.7090,
       1,     166,      88,       5,       1,       3,       1,     10.0000,      1.3799,     42.2896,    243.1564,     61.1934,      3.4953,      0.0000,     -0.0308,      2.8455,      0.1354,      5.4615,     10.9231,      1.1964,     27.9307,     55.8614,      0.0188,      0.0023,      0.0156,      0.1972,   7483.4131,-419698.3125,  -1094.4137,    539.0993,  24944.7090,
       1,     166,      88,       6,       1,       3,       1,     10.0000,      1.3799,     42.2896,    243.1564,     61.1934,      3.4953,      0.0000,     -0.0308,      2.6113,      0.1351,      5.4615,     10.9231,      1.1940,     27.9307,     55.8614,      0.0188,      0.0021,      0.0156,      0.1972,   7483.4131,-419458.9375,  -1094.3082,    539.1155,  24944.7070,
       1,     166,      88,       7,       1,       3,       1,     10.0000,      1.3799,     42.2896,    243.1564,     61.1934,      3.4953,      0.0000,     -0.0308,      2.9183,      0.1346,      5.4615,     10.9231,      1.1891,     27.9307,     55.8614,      0.0188,      0.0023,      0.0156,      0.1972,   7483.4126,-419137.0938,  -1094.1803,    539.1371,  24944.7090,
       1,     166,      88,       8,       1,       3,       1,     10.0000,      1.3799,     42.2896,    243.1564,     61.1934,      3.4953,      0.0090,     -0.0218,      3.1826,      0.1364,      5.4615,     10.9231,      1.2049,     27.9307,     55.8614,      0.0188,      0.0026,      0.0156,      0.1972,   7483.4131,-419503.9375,  -1094.2679,    539.1125,  24944.7090,
       1,     166,      88,       9,       1,       3,       1,     10.0000,      1.3799,     42.2896,    243.1564,     61.1934,      3.4953,      0.1240,      0.0927,     35.4062,      0.1478,      5.4615,     10.9231,      1.3062,     27.9307,     55.8614,      0.0188,      0.0028,      0.1587,      0.1972,   7483.4131,-419875.6562,  -1094.3544,    539.0874,  24944.7090,
       1,     166,      88,      10,       1,       3,       1,     10.0000,      1.3799,     42.2896,    243.1564,     61.1934,      3.4953,      0.1737,      0.1418,     57.3192,      0.1675,      5.4615,     10.9231,      1.4805,     27.9307,     55.8614,      0.0188,      0.0031,      0.2298,      0.1972,   7483.4131,-461365.6250,  -1107.7379,    536.2916,  24944.7090,
       1,     166,      88,      11,       1,       3,       1,     10.0000,      1.3799,     42.2896,    243.1564,     61.1934,      3.4953,      0.1832,      0.1508,     66.5440,      0.1831,      5.4615,     10.9231,      1.6176,     27.9307,     55.8614,      0.0188,      0.0034,      0.2430,      0.1972,   7483.4131,-493191.3125,  -1118.1073,    534.1653,  24944.7090,
       1,     166,      88,      12,       1,       3,       1,     10.0000,      1.3799,     42.2896,    243.1564,     61.1934,      3.4953,      0.1880,      0.1554,     68.2741,      0.1893,      5.4615,     10.9231,      1.6730,     27.9307,     55.8614,      0.0188,      0.0034,      0.2500,      0.1971,   7483.4131,-507828.2812,  -1123.0426,    533.1923,  24944.7090,
       1,     166,      88,      13,       1,       3,       1,     10.0000,      1.3799,     42.2896,    243.1564,     61.1934,      3.4953,      0.1880,      0.1552,     67.8947,      0.1927,      5.4615,     10.9231,      1.7031,     27.9307,     55.8614,      0.0188,      0.0034,      0.2500,      0.1971,   7483.4131,-511318.6875,  -1124.4193,    532.9604,  24944.7090,
       1,     166,      88,      14,       1,       3,       1,     10.0000,      1.3799,     42.2896,    243.1564,     61.1934,      3.4953,      0.1887,      0.1558,     77.9323,      0.1989,      5.4615,     10.9231,      1.7578,     27.9307,     55.8614,      0.0188,      0.0039,      0.2500,      0.1971,   7483.4131,-511130.4375,  -1124.6099,    532.9731,  24944.7070,
       1,     166,      88,      15,       1,       3,       1,     10.0000,      1.3799,     42.2896,    243.1564,     61.1934,      3.4953,      0.1900,      0.1573,     94.1832,      0.1939,      5.4615,     10.9231,      1.7132,     27.9307,     55.8614,      0.0188,      0.0047,      0.2500,      0.1971,   7483.4126,-524046.2500,  -1129.0599,    532.1126,  24944.7070,
       1,     166,      88,      16,       1,       3,       1,     10.0000,      1.3799,     42.2896,    243.1564,     61.1934,      3.4953,      0.1919,      0.1591,    117.8327,      0.1925,      5.4615,     10.9231,      1.7014,     27.9307,     55.8614,      0.0188,      0.0059,      0.2500,      0.1971,   7483.4126,-546104.8750,  -1136.5476,    530.6460,  24944.7070,
       1,     166,      88,      17,       1,       3,       1,     10.0000,      1.3799,     42.2896,    243.1564,     61.1934,      3.4953,      0.1894,      0.1569,    117.0212,      0.1864,      5.4615,     10.9231,      1.6467,     27.9307,     55.8614,      0.0188,      0.0060,      0.2463,      0.1971,   7483.4126,-578501.2500,  -1147.5157,    528.4992,  24944.7031,
       1,     166,      88,      18,       1,       3,       1,     10.0000,      1.3799,     42.2896,    243.1564,     61.1934,      3.4953,      0.1694,      0.1371,    109.6690,      0.1791,      5.4615,     10.9231,      1.5827,     27.9307,     55.8614,      0.0188,      0.0063,      0.2173,      0.1970,   7483.4111,-580263.5000,  -1148.6897,    528.3871,  24944.7031,
       1,     166,      88,      19,       1,       3,       1,     10.0000,      1.3799,     42.2896,    243.1564,     61.1934,      3.4953,      0.1124,      0.0804,     69.0396,      0.1670,      5.4615,     10.9231,      1.4761,     27.9307,     55.8614,      0.0188,      0.0063,      0.1373,      0.1970,   7483.4111,-570926.8125,  -1146.2703,    529.0038,  24944.7031,
       1,     166,      88,      20,       1,       3,       1,     10.0000,      1.3799,     42.2896,    243.1564,     61.1934,      3.4953,      0.0146,     -0.0169,      0.3209,      0.1551,      5.4615,     10.9231,      1.3707,     27.9307,     55.8614,      0.0188,      0.0059,      0.0007,      0.1970,   7483.4111,-517725.2188,  -1129.4281,    532.5222,  24944.7031,
       1,     166,      88,      21,       1,       3,       1,     10.0000,      1.3799,     42.2896,    243.1564,     61.1934,      3.4953,      0.0000,     -0.0314,      7.3025,      0.1508,      5.4615,     10.9231,      1.3327,     27.9307,     55.8614,      0.0188,      0.0059,      0.0156,      0.1971,   7483.4111,-424630.9688,  -1099.1876,    538.7308,  24944.6992,
       1,     166,      88,      22,       1,       3,       1,     10.0000,      1.3799,     42.2896,    243.1564,     61.1934,      3.4953,      0.0000,     -0.0313,      7.0121,      0.1495,      5.4615,     10.9231,      1.3207,     27.9307,     55.8614,      0.0188,      0.0056,      0.0156,      0.1972,   7483.4102,-425668.8438,  -1099.4653,    538.6971,  24944.7012,
       1,     166,      88,      23,       1,       3,       1,     10.0000,      1.3799,     42.2896,    243.1564,     61.1934,      3.4953,      0.0000,     -0.0312,      6.7000,      0.1468,      5.4615,     10.9231,      1.2970,     27.9307,     55.8614,      0.0188,      0.0054,      0.0156,      0.1972,   7483.4106,-425338.3125,  -1099.2964,    538.7194,  24944.7012,
       1,     166,      88,      24,       1,       3,       1,     10.0000,      1.3799,     42.2896,    243.1564,     61.1934,      3.4953,      0.0000,     -0.0311,      5.6536,      0.1428,      5.4615,     10.9231,      1.2622,     27.9307,     55.8614,      0.0188,      0.0045,      0.0156,      0.1972,   7483.4106,-424908.0625,  -1099.0983,    538.7484,  24944.7012,
       1,     166,      89,       1,       1,       3,       1,     10.0000,      1.3800,     42.2900,    243.1622,     61.1948,      3.4953,      0.0000,     -0.0309,      4.7401,      0.1391,      5.4611,     10.9221,      1.2295,     27.9394,     55.8789,      0.0188,      0.0038,      0.0156,      0.1972,   7483.4106,-423680.8750,  -1099.1238,    538.8438,  24945.8340,
       1,     166,      89,       2,       1,       3,       1,     10.0000,      1.3800,     42.2900,    243.1622,     61.1948,      3.4953,      0.0000,     -0.0307,      4.0081,      0.1336,      5.4611,     10.9221,      1.1808,     27.9394,     55.8789,      0.0188,      0.0032,      0.0156,      0.1972,   7483.7505,-422244.5312,  -1098.1436,    538.9405,  24945.8320,
       1,     166,      89,       3,       1,       3,       1,     10.0000,      1.3800,     42.2900,    243.1622,     61.1948,      3.4953,      0.0000,     -0.0307,      3.7915,      0.1327,      5.4611,     10.9221,      1.1724,     27.9394,     55.8789,      0.0188,      0.0030,      0.0156,      0.1972,   7483.7500,-421178.9062,  -1097.7645,    539.0123,  24945.8320,
       1,     166,      89,       4,       1,       3,       1,     10.0000,      1.3800,     42.2900,    243.1622,     61.1948,      3.4953,      0.0000,     -0.0307,      3.8381,      0.1325,      5.4611,     10.9221,      1.1712,     27.9394,     55.8789,      0.0188,      0.0031,      0.0156,      0.1972,   7483.7500,-420807.8438,  -1097.6136,    539.0374,  24945.8301,
       1,     166,      89,       5,       1,       3,       1,     10.0000,      1.3800,     42.2900,    243.1622,     61.1948,      3.4953,      0.0000,     -0.0308,      3.4635,      0.1339,      5.4611,     10.9221,      1.1832,     27.9394,     55.8789,      0.0188,      0.0028,      0.0156,      0.1972,   7483.7495,-420835.7188,  -1097.5929,    539.0355,  24945.8301,
       1,     166,      89,       6,       1,       3,       1,     10.0000,      1.3800,     42.2900,    243.1622,     61.1948,      3.4953,      0.0000,     -0.0308,      3.0524,      0.1344,      5.4611,     10.9221,      1.1880,     27.9394,     55.8789,      0.0188,      0.0025,      0.0156,      0.1972,   7483.7495,-420356.2500,  -1097.4087,    539.0677,  24945.8301,
       1,     166,      89,       7,       1,       3,       1,     10.0000,      1.3800,     42.2900,    243.1622,     61.1948,      3.4953,      0.0000,     -0.0308,      2.7136,      0.1350,      5.4611,     10.9221,      1.1928,     27.9394,     55.8789,      0.0188,      0.0022,      0.0156,      0.1972,   7483.7495,-419785.8750,  -1097.1984,    539.1063,  24945.8301,
       1,     166,      89,       8,       1,       3,       1,     10.0000,      1.3800,     42.2900,    243.1622,     61.1948,      3.4953,      0.0062,     -0.0246,      2.5368,      0.1347,      5.4611,     10.9221,      1.1904,     27.9394,     55.8789,      0.0188,      0.0020,      0.0156,      0.1972,   7483.7495,-419300.5000,  -1097.0190,    539.1389,  24945.8320,
       1,     166,      89,       9,       1,       3,       1,     10.0000,      1.3800,     42.2900,    243.1622,     61.1948,      3.4953,      0.0909,      0.0598,     21.9179,      0.1424,      5.4611,     10.9221,      1.2584,     27.9394,     55.8789,      0.0188,      0.0025,      0.1113,      0.1972,   7483.7500,-419030.9375,  -1096.9104,    539.1571,  24945.8301,
       1,     166,      89,      10,       1,       3,       1,     10.0000,      1.3800,     42.2900,    243.1622,     61.1948,      3.4953,      0.1710,      0.1397,     53.6423,      0.1510,      5.4611,     10.9221,      1.3341,     27.9394,     55.8789,      0.0188,      0.0030,      0.2261,      0.1972,   7483.7495,-443939.3125,  -1105.0690,    537.4784,  24945.8301,
       1,     166,      89,      11,       1,       3,       1,     10.0000,      1.3800,     42.2900,    243.1622,     61.1948,      3.4953,      0.1822,      0.1503,     63.4155,      0.1669,      5.4611,     10.9221,      1.4747,     27.9394,     55.8789,      0.0188,      0.0033,      0.2416,      0.1972,   7483.7495,-486930.4688,  -1119.2070,    534.5927,  24945.8320,
       1,     166,      89,      12,       1,       3,       1,     10.0000,      1.3800,     42.2900,    243.1622,     61.1948,      3.4953,      0.1854,      0.1530,     71.6189,      0.1845,      5.4611,     10.9221,      1.6305,     27.9394,     55.8789,      0.0188,      0.0037,      0.2457,      0.1972,   7483.7500,-503254.6562,  -1124.7422,    533.5095,  24945.8281,
       1,     166,      89,      13,       1,       3,       1,     10.0000,      1.3800,     42.2900,    243.1622,     61.1948,      3.4953,      0.1886,      0.1560,     75.6370,      0.1890,      5.4611,     10.9221,      1.6698,     27.9394,     55.8789,      0.0188,      0.0038,      0.2500,      0.1971,   7483.7485,-515225.1250,  -1128.9244,    532.7123,  24945.8281,
       1,     166,      89,      14,       1,       3,       1,     10.0000,      1.3800,     42.2900,    243.1622,     61.1948,      3.4953,      0.1760,      0.1433,     77.4818,      0.1914,      5.4611,     10.9221,      1.6914,     27.9394,     55.8789,      0.0188,      0.0042,      0.2310,      0.1971,   7483.7485,-521435.4375,  -1131.2637,    532.2994,  24945.8262,
       1,     166,      89,      15,       1,       3,       1,     10.0000,      1.3800,     42.2900,    243.1622,     61.1948,      3.4953,      0.1868,      0.1540,     93.1677,      0.1937,      5.4611,     10.9221,      1.7116,     27.9394,     55.8789,      0.0188,      0.0048,      0.2453,      0.1971,   7483.7480,-524348.4375,  -1132.5610,    532.1057,  24945.8262,
       1,     166,      89,      16,       1,       3,       1,     10.0000,      1.3800,     42.2900,    243.1622,     61.1948,      3.4953,      0.1915,      0.1590,    112.9723,      0.1856,      5.4611,     10.9221,      1.6403,     27.9394,     55.8789,      0.0188,      0.0057,      0.2500,      0.1971,   7483.7480,-544810.5625,  -1139.6523,    530.7448,  24945.8262,
       1,     166,      89,      17,       1,       3,       1,     10.0000,      1.3800,     42.2900,    243.1622,     61.1948,      3.4953,      0.1898,      0.1573,    138.9572,      0.1862,      5.4611,     10.9221,      1.6452,     27.9394,     55.8789,      0.0188,      0.0071,      0.2444,      0.1971,   7483.7480,-572108.6250,  -1149.0897,    528.9355,  24945.8262,
       1,     166,      89,      18,       1,       3,       1,     10.0000,      1.3800,     42.2900,    243.1622,     61.1948,      3.4953,      0.1749,      0.1427,    124.3059,      0.1770,      5.4611,     10.9221,      1.5639,     27.9394,     55.8789,      0.0188,      0.0070,      0.2239,      0.1970,   7483.7480,-607980.5000,  -1161.5288,    526.5668,  24945.8242,
       1,     166,      89,      19,       1,       3,       1,     10.0000,      1.3800,     42.2900,    243.1622,     61.1948,      3.4953,      0.1311,      0.0992,     87.2835,      0.1684,      5.4611,     10.9221,      1.4880,     27.9394,     55.8789,      0.0188,      0.0067,      0.1630,      0.1970,   7483.7476,-592188.2500,  -1157.0653,    527.6115,  24945.8223,
       1,     166,      89,      20,       1,       3,       1,     10.0000,      1.3800,     42.2900,    243.1622,     61.1948,      3.4953,      0.0172,     -0.0143,      2.2718,      0.1554,      5.4611,     10.9221,      1.3735,     27.9394,     55.8789,      0.0188,      0.0067,      0.0043,      0.1970,   7483.7471,-543064.1250,  -1141.4545,    530.8524,  24945.8203,
       1,     166,      89,      21,       1,       3,       1,     10.0000,      1.3800,     42.2900,    243.1622,     61.1948,      3.4953,      0.0000,     -0.0313,      7.4231,      0.1499,      5.4611,     10.9221,      1.3248,     27.9394,     55.8789,      0.0188,      0.0060,      0.0156,      0.1971,   7483.7466,-429290.1250,  -1104.0219,    538.4120,  24945.8203,
       1,     166,      89,      22,       1,       3,       1,     10.0000,      1.3800,     42.2900,    243.1622,     61.1948,      3.4953,      0.0000,     -0.0312,      7.5832,      0.1458,      5.4611,     10.9221,      1.2879,     27.9394,     55.8789,      0.0188,      0.0061,      0.0156,      0.1972,   7483.7466,-426253.5000,  -1102.9675,    538.6704,  24945.8203,
       1,     166,      89,      23,       1,       3,       1,     10.0000,      1.3800,     42.2900,    243.1622,     61.1948,      3.4953,      0.0000,     -0.0312,      6.8260,      0.1450,      5.4611,     10.9221,      1.2815,     27.9394,     55.8789,      0.0188,      0.0055,      0.0156,      0.1972,   7483.7466,-426127.0000,  -1102.8783,    538.6791,  24945.8203,
       1,     166,      89,      24,       1,       3,       1,     10.0000,      1.3800,     42.2900,    243.1622,     61.1948,      3.4953,      0.0000,     -0.0311,      6.3572,      0.1420,      5.4611,     10.9221,      1.2546,     27.9394,     55.8789,      0.0188,      0.0051,      0.0156,      0.1972,   7483.7466,-425141.6562,  -1102.5099,    538.7454,  24945.8203,
       1,     166,      90,       1,       1,       3,       1,     10.0000,      1.3800,     42.2903,    243.1680,     61.1963,      3.4953,      0.0000,     -0.0308,      5.0652,      0.1361,      5.4614,     10.9227,      1.2025,     27.9476,     55.8952,      0.0188,      0.0041,      0.0156,      0.1972,   7483.7466,-424609.1875,  -1102.7747,    538.7939,  24946.9473,
       1,     166,      90,       2,       1,       3,       1,     10.0000,      1.3800,     42.2903,    243.1680,     61.1963,      3.4953,      0.0000,     -0.0307,      4.2567,      0.1323,      5.4614,     10.9227,      1.1689,     27.9476,     55.8952,      0.0188,      0.0034,      0.0156,      0.1972,   7484.0845,-422747.2812,  -1101.6482,    538.9194,  24946.9473,
       1,     166,      90,       3,       1,       3,       1,     10.0000,      1.3800,     42.2903,    243.1680,     61.1963,      3.4953,      0.0000,     -0.0308,      4.0324,      0.1362,      5.4614,     10.9227,      1.2037,     27.9476,     55.8952,      0.0188,      0.0032,      0.0156,      0.1972,   7484.0845,-421545.9375,  -1101.2251,    539.0003,  24946.9473,
       1,     166,      90,       4,       1,       3,       1,     10.0000,      1.3800,     42.2903,    243.1680,     61.1963,      3.4953,      0.0000,     -0.0309,      4.0135,      0.1382,      5.4614,     10.9227,      1.2209,     27.9476,     55.8952,      0.0188,      0.0032,      0.0156,      0.1972,   7484.0845,-421153.2500,  -1101.0721,    539.0267,  24946.9473,
       1,     166,      90,       5,       1,       3,       1,     10.0000,      1.3800,     42.2903,    243.1680,     61.1963,      3.4953,      0.0000,     -0.0307,      3.7522,      0.1335,      5.4614,     10.9227,      1.1796,     27.9476,     55.8952,      0.0188,      0.0030,      0.0156,      0.1972,   7484.0845,-421094.9688,  -1101.0305,    539.0306,  24946.9473,
       1,     166,      90,       6,       1,       3,       1,     10.0000,      1.3800,     42.2903,    243.1680,     61.1963,      3.4953,      0.0000,     -0.0306,      3.3192,      0.1287,      5.4614,     10.9227,      1.1373,     27.9476,     55.8952,      0.0188,      0.0027,      0.0156,      0.1972,   7484.0845,-420753.7500,  -1100.8959,    539.0537,  24946.9473,
       1,     166,      90,       7,       1,       3,       1,     10.0000,      1.3800,     42.2903,    243.1680,     61.1963,      3.4953,      0.0000,     -0.0306,      3.0076,      0.1290,      5.4614,     10.9227,      1.1396,     27.9476,     55.8952,      0.0188,      0.0024,      0.0156,      0.1972,   7484.0845,-420167.2188,  -1100.6826,    539.0932,  24946.9473,
       1,     166,      90,       8,       1,       3,       1,     10.0000,      1.3800,     42.2903,    243.1680,     61.1963,      3.4953,      0.0027,     -0.0280,      3.0842,      0.1323,      5.4614,     10.9227,      1.1689,     27.9476,     55.8952,      0.0188,      0.0025,      0.0156,      0.1972,   7484.0845,-419715.5938,  -1100.5162,    539.1236,  24946.9473,
       1,     166,      90,       9,       1,       3,       1,     10.0000,      1.3800,     42.2903,    243.1680,     61.1963,      3.4953,      0.0310,     -0.0001,      5.1219,      0.1436,      5.4614,     10.9227,      1.2687,     27.9476,     55.8952,      0.0188,      0.0026,      0.0248,      0.1972,   7484.0845,-419775.0312,  -1100.5195,    539.1196,  24946.9473,
       1,     166,      90,      10,       1,       3,       1,     10.0000,      1.3800,     42.2903,    243.1680,     61.1963,      3.4953,      0.1115,      0.0802,     28.7465,      0.1493,      5.4614,     10.9227,      1.3195,     27.9476,     55.8952,      0.0188,      0.0026,      0.1410,      0.1972,   7484.0845,-422401.0938,  -1101.3760,    538.9427,  24946.9473,
       1,     166,      90,      11,       1,       3,       1,     10.0000,      1.3800,     42.2903,    243.1680,     61.1963,      3.4953,      0.1802,      0.1481,     46.4267,      0.1713,      5.4614,     10.9227,      1.5134,     27.9476,     55.8952,      0.0188,      0.0024,      0.2407,      0.1972,   7484.0845,-453017.0000,  -1111.5627,    536.8801,  24946.9473,
       1,     166,      90,      12,       1,       3,       1,     10.0000,      1.3800,     42.2903,    243.1680,     61.1963,      3.4953,      0.1867,      0.1545,     50.1961,      0.1749,      5.4614,     10.9227,      1.5454,     27.9476,     55.8952,      0.0188,      0.0025,      0.2500,      0.1972,   7484.0845,-478433.1250,  -1120.0665,    535.1785,  24946.9492,
       1,     166,      90,      13,       1,       3,       1,     10.0000,      1.3800,     42.2903,    243.1680,     61.1963,      3.4953,      0.1840,      0.1514,     63.7157,      0.1873,      5.4614,     10.9227,      1.6550,     27.9476,     55.8952,      0.0188,      0.0033,      0.2445,      0.1972,   7484.0850,-485486.8125,  -1122.5452,    534.7092,  24946.9473,
       1,     166,      90,      14,       1,       3,       1,     10.0000,      1.3800,     42.2903,    243.1680,     61.1963,      3.4953,      0.1598,      0.1270,     69.2003,      0.1929,      5.4614,     10.9227,      1.7049,     27.9476,     55.8952,      0.0188,      0.0042,      0.2078,      0.1972,   7484.0845,-503500.4688,  -1128.7174,    533.5055,  24946.9434,
       1,     166,      90,      15,       1,       3,       1,     10.0000,      1.3800,     42.2903,    243.1680,     61.1963,      3.4953,      0.1704,      0.1378,     78.8392,      0.1908,      5.4614,     10.9227,      1.6864,     27.9476,     55.8952,      0.0188,      0.0044,      0.2225,      0.1972,   7484.0835,-512124.4062,  -1131.8494,    532.9317,  24946.9434,
       1,     166,      90,      16,       1,       3,       1,     10.0000,      1.3800,     42.2903,    243.1680,     61.1963,      3.4953,      0.1706,      0.1381,    103.0988,      0.1858,      5.4614,     10.9227,      1.6419,     27.9476,     55.8952,      0.0188,      0.0059,      0.2200,      0.1972,   7484.0835,-525283.6875,  -1136.5366,    532.0554,  24946.9434,
       1,     166,      90,      17,       1,       3,       1,     10.0000,      1.3800,     42.2903,    243.1680,     61.1963,      3.4953,      0.1817,      0.1492,    114.6440,      0.1849,      5.4614,     10.9227,      1.6338,     27.9476,     55.8952,      0.0188,      0.0061,      0.2351,      0.1971,   7484.0835,-557675.9375,  -1147.7195,    529.9018,  24946.9414,
       1,     166,      90,      18,       1,       3,       1,     10.0000,      1.3800,     42.2903,    243.1680,     61.1963,      3.4953,      0.1726,      0.1404,    117.1369,      0.1768,      5.4614,     10.9227,      1.5624,     27.9476,     55.8952,      0.0188,      0.0066,      0.2213,      0.1971,   7484.0825,-575367.5000,  -1154.1505,    528.7343,  24946.9395,
       1,     166,      90,      19,       1,       3,       1,     10.0000,      1.3800,     42.2903,    243.1680,     61.1963,      3.4953,      0.1257,      0.0938,     83.7320,      0.1659,      5.4614,     10.9227,      1.4659,     27.9476,     55.8952,      0.0188,      0.0068,      0.1554,      0.1971,   7484.0820,-580107.8125,  -1156.3491,    528.4224,  24946.9414,
       1,     166,      90,      20,       1,       3,       1,     10.0000,      1.3800,     42.2903,    243.1680,     61.1963,      3.4953,      0.0248,     -0.0066,      7.6699,      0.1513,      5.4614,     10.9227,      1.3368,     27.9476,     55.8952,      0.0188,      0.0064,      0.0150,      0.1971,   7484.0825,-537438.5000,  -1142.6552,    531.2408,  24946.9395,
       1,     166,      90,      21,       1,       3,       1,     10.0000,      1.3800,     42.2903,    243.1680,     61.1963,      3.4953,      0.0000,     -0.0312,      7.5532,      0.1447,      5.4614,     10.9227,      1.2789,     27.9476,     55.8952,      0.0188,      0.0061,      0.0156,      0.1971,   7484.0820,-435770.7500,  -1108.8707,    537.9995,  24946.9395,
       1,     166,      90,      22,       1,       3,       1,     10.0000,      1.3800,     42.2903,    243.1680,     61.1963,      3.4953,      0.0000,     -0.0311,      7.5345,      0.1426,      5.4614,     10.9227,      1.2597,     27.9476,     55.8952,      0.0188,      0.0061,      0.0156,      0.1972,   7484.0820,-426970.6875,  -1105.8876,    538.6346,  24946.9375,
       1,     166,      90,      23,       1,       3,       1,     10.0000,      1.3800,     42.2903,    243.1680,     61.1963,      3.4953,      0.0000,     -0.0310,      6.9482,      0.1413,      5.4614,     10.9227,      1.2483,     27.9476,     55.8952,      0.0188,      0.0056,      0.0156,      0.1972,   7484.0815,-426129.9688,  -1105.5751,    538.6915,  24946.9375,
       1,     166,      90,      24,       1,       3,       1,     10.0000,      1.3800,     42.2903,    243.1680,     61.1963,      3.4953,      0.0000,     -0.0310,      6.3917,      0.1408,      5.4614,     10.9227,      1.2446,     27.9476,     55.8952,      0.0188,      0.0051,      0.0156,      0.1972,   7484.0815,-425302.5312,  -1105.2690,    538.7473,  24946.9375,
       1,     166,      91,       1,       1,       3,       1,     10.0000,      1.3800,     42.2906,    243.1738,     61.1978,      3.4953,      0.0000,     -0.0308,      5.1191,      0.1350,      5.4621,     10.9242,      1.1928,     27.9511,     55.9022,      0.0188,      0.0041,      0.0156,      0.1973,   7484.0815,-424671.1562,  -1105.9298,    538.8026,  24948.0664,
       1,     166,      91,       2,       1,       3,       1,     10.0000,      1.3800,     42.2906,    243.1738,     61.1978,      3.4953,      0.0000,     -0.0310,      4.5314,      0.1393,      5.4621,     10.9242,      1.2308,     27.9511,     55.9022,      0.0188,      0.0036,      0.0156,      0.1973,   7484.4204,-422825.2812,  -1104.8021,    538.9269,  24948.0664,
       1,     166,      91,       3,       1,       3,       1,     10.0000,      1.3800,     42.2906,    243.1738,     61.1978,      3.4953,      0.0000,     -0.0310,      4.2851,      0.1400,      5.4621,     10.9242,      1.2371,     27.9511,     55.9022,      0.0188,      0.0034,      0.0156,      0.1973,   7484.4204,-421909.5000,  -1104.4734,    538.9887,  24948.0664,
       1,     166,      91,       4,       1,       3,       1,     10.0000,      1.3800,     42.2906,    243.1738,     61.1978,      3.4953,      0.0000,     -0.0310,      3.9560,      0.1392,      5.4621,     10.9242,      1.2296,     27.9511,     55.9022,      0.0188,      0.0032,      0.0156,      0.1973,   7484.4204,-421513.3125,  -1104.3206,    539.0153,  24948.0664,
       1,     166,      91,       5,       1,       3,       1,     10.0000,      1.3800,     42.2906,    243.1738,     61.1978,      3.4953,      0.0000,     -0.0309,      3.7110,      0.1366,      5.4621,     10.9242,      1.2074,     27.9511,     55.9022,      0.0188,      0.0030,      0.0156,      0.1973,   7484.4204,-421055.8125,  -1104.1492,    539.0461,  24948.0664,
       1,     166,      91,       6,       1,       3,       1,     10.0000,      1.3800,     42.2906,    243.1738,     61.1978,      3.4953,      0.0000,     -0.0307,      3.0811,      0.1317,      5.4621,     10.9242,      1.1642,     27.9511,     55.9022,      0.0188,      0.0025,      0.0156,      0.1973,   7484.4204,-420701.0312,  -1104.0135,    539.0701,  24948.0645,
       1,     166,      91,       7,       1,       3,       1,     10.0000,      1.3800,     42.2906,    243.1738,     61.1978,      3.4953,      0.0000,     -0.0309,      3.7293,      0.1389,      5.4621,     10.9242,      1.2271,     27.9511,     55.9022,      0.0188,      0.0030,      0.0156,      0.1973,   7484.4194,-419860.2812,  -1103.7188,    539.1268,  24948.0645,
       1,     166,      91,       8,       1,       3,       1,     10.0000,      1.3800,     42.2906,    243.1738,     61.1978,      3.4953,      0.0060,     -0.0249,      3.8023,      0.1389,      5.4621,     10.9242,      1.2271,     27.9511,     55.9022,      0.0188,      0.0031,      0.0156,      0.1973,   7484.4194,-420621.0000,  -1103.9581,    539.0754,  24948.0645,
       1,     166,      91,       9,       1,       3,       1,     10.0000,      1.3800,     42.2906,    243.1738,     61.1978,      3.4953,      0.0836,      0.0523,     24.8878,      0.1492,      5.4621,     10.9242,      1.3182,     27.9511,     55.9022,      0.0188,      0.0031,      0.1001,      0.1973,   7484.4194,-420781.0312,  -1103.9949,    539.0647,  24948.0645,
       1,     166,      91,      10,       1,       3,       1,     10.0000,      1.3800,     42.2906,    243.1738,     61.1978,      3.4953,      0.1628,      0.1309,     51.7752,      0.1657,      5.4621,     10.9242,      1.4645,     27.9511,     55.9022,      0.0188,      0.0030,      0.2142,      0.1973,   7484.4194,-447913.0000,  -1113.1130,    537.2365,  24948.0645,
       1,     166,      91,      11,       1,       3,       1,     10.0000,      1.3800,     42.2906,    243.1738,     61.1978,      3.4953,      0.1821,      0.1501,     52.7261,      0.1716,      5.4621,     10.9242,      1.5165,     27.9511,     55.9022,      0.0188,      0.0027,      0.2429,      0.1972,   7484.4194,-484866.8125,  -1125.5652,    534.7580,  24948.0645,
       1,     166,      91,      12,       1,       3,       1,     10.0000,      1.3800,     42.2906,    243.1738,     61.1978,      3.4953,      0.1879,      0.1556,     65.7916,      0.1800,      5.4621,     10.9242,      1.5907,     27.9511,     55.9022,      0.0188,      0.0033,      0.2500,      0.1972,   7484.4194,-489300.2812,  -1127.2075,    534.4673,  24948.0625,
       1,     166,      91,      13,       1,       3,       1,     10.0000,      1.3800,     42.2906,    243.1738,     61.1978,      3.4953,      0.1880,      0.1554,     67.5719,      0.1886,      5.4621,     10.9242,      1.6665,     27.9511,     55.9022,      0.0188,      0.0034,      0.2500,      0.1972,   7484.4189,-506497.3750,  -1133.1676,    533.3185,  24948.0605,
       1,     166,      91,      14,       1,       3,       1,     10.0000,      1.3800,     42.2906,    243.1738,     61.1978,      3.4953,      0.1873,      0.1548,     78.0531,      0.1862,      5.4621,     10.9242,      1.6452,     27.9511,     55.9022,      0.0188,      0.0039,      0.2478,      0.1972,   7484.4185,-510279.3125,  -1135.0886,    533.0675,  24948.0645,
       1,     166,      91,      15,       1,       3,       1,     10.0000,      1.3800,     42.2906,    243.1738,     61.1978,      3.4953,      0.1835,      0.1510,     94.7863,      0.1827,      5.4621,     10.9242,      1.6145,     27.9511,     55.9022,      0.0188,      0.0050,      0.2400,      0.1972,   7484.4194,-524102.2812,  -1140.0131,    532.1466,  24948.0625,
       1,     166,      91,      16,       1,       3,       1,     10.0000,      1.3800,     42.2906,    243.1738,     61.1978,      3.4953,      0.1907,      0.1586,    101.3333,      0.1720,      5.4621,     10.9242,      1.5195,     27.9511,     55.9022,      0.0188,      0.0051,      0.2500,      0.1972,   7484.4189,-546852.7500,  -1148.0250,    530.6340,  24948.0605,
       1,     166,      91,      17,       1,       3,       1,     10.0000,      1.3800,     42.2906,    243.1738,     61.1978,      3.4953,      0.1737,      0.1417,    101.3621,      0.1696,      5.4621,     10.9242,      1.4985,     27.9511,     55.9022,      0.0188,      0.0057,      0.2247,      0.1971,   7484.4185,-557259.2500,  -1151.9821,    529.9459,  24948.0586,
       1,     166,      91,      18,       1,       3,       1,     10.0000,      1.3800,     42.2906,    243.1738,     61.1978,      3.4953,      0.1520,      0.1201,     89.5402,      0.1659,      5.4621,     10.9242,      1.4659,     27.9511,     55.9022,      0.0188,      0.0058,      0.1938,      0.1971,   7484.4180,-558193.3750,  -1152.8003,    529.8845,  24948.0605,
       1,     166,      91,      19,       1,       3,       1,     10.0000,      1.3800,     42.2906,    243.1738,     61.1978,      3.4953,      0.0956,      0.0638,     52.8242,      0.1631,      5.4621,     10.9242,      1.4412,     27.9511,     55.9022,      0.0188,      0.0058,      0.1143,      0.1971,   7484.4185,-543036.0000,  -1148.1737,    530.8884,  24948.0586,
       1,     166,      91,      20,       1,       3,       1,     10.0000,      1.3800,     42.2906,    243.1738,     61.1978,      3.4953,      0.0145,     -0.0170,      0.2304,      0.1537,      5.4621,     10.9242,      1.3585,     27.9511,     55.9022,      0.0188,      0.0057,      0.0005,      0.1971,   7484.4180,-494421.2500,  -1132.1084,    534.1155,  24948.0547,
       1,     166,      91,      21,       1,       3,       1,     10.0000,      1.3800,     42.2906,    243.1738,     61.1978,      3.4953,      0.0000,     -0.0313,      6.0561,      0.1486,      5.4621,     10.9242,      1.3129,     27.9511,     55.9022,      0.0188,      0.0049,      0.0156,      0.1972,   7484.4165,-422541.6562,  -1107.8790,    538.9243,  24948.0566,
       1,     166,      91,      22,       1,       3,       1,     10.0000,      1.3800,     42.2906,    243.1738,     61.1978,      3.4953,      0.0000,     -0.0312,      5.7229,      0.1469,      5.4621,     10.9242,      1.2984,     27.9511,     55.9022,      0.0188,      0.0046,      0.0156,      0.1973,   7484.4175,-423874.9375,  -1108.3068,    538.8563,  24948.0566,
       1,     166,      91,      23,       1,       3,       1,     10.0000,      1.3800,     42.2906,    243.1738,     61.1978,      3.4953,      0.0000,     -0.0311,      5.6384,      0.1436,      5.4621,     10.9242,      1.2687,     27.9511,     55.9022,      0.0188,      0.0045,      0.0156,      0.1973,   7484.4175,-423534.0312,  -1108.1689,    538.8792,  24948.0566,
       1,     166,      91,      24,       1,       3,       1,     10.0000,      1.3800,     42.2906,    243.1738,     61.1978,      3.4953,      0.0000,     -0.0311,      5.6223,      0.1439,      5.4621,     10.9242,      1.2712,     27.9511,     55.9022,      0.0188,      0.0045,      0.0156,      0.1973,   7484.4175,-423395.7188,  -1108.1007,    538.8885,  24948.0566,
       1,     166,      92,       1,       1,       3,       1,     10.0000,      1.3800,     42.2910,    243.1796,     61.1992,      3.4953,      0.0000,     -0.0311,      4.6474,      0.1419,      5.4618,     10.9236,      1.2534,     27.9571,     55.9141,      0.0188,      0.0037,      0.0156,      0.1973,   7484.4175,-423519.2812,  -1108.6101,    538.8929,  24949.1836,
       1,     166,      92,       2,       1,       3,       1,     10.0000,      1.3800,     42.2910,    243.1796,     61.1992,      3.4953,      0.0000,     -0.0311,      4.1123,      0.1429,      5.4618,     10.9236,      1.2623,     27.9571,     55.9141,      0.0188,      0.0033,      0.0156,      0.1973,   7484.7554,-422122.3125,  -1107.6321,    538.9871,  24949.1836,
       1,     166,      92,       3,       1,       3,       1,     10.0000,      1.3800,     42.2910,    243.1796,     61.1992,      3.4953,      0.0000,     -0.0310,      3.7483,      0.1404,      5.4618,     10.9236,      1.2409,     27.9571,     55.9141,      0.0188,      0.0030,      0.0156,      0.1973,   7484.7554,-421313.1875,  -1107.3428,    539.0416,  24949.1836,
       1,     166,      92,       4,       1,       3,       1,     10.0000,      1.3800,     42.2910,    243.1796,     61.1992,      3.4953,      0.0000,     -0.0308,      3.6005,      0.1351,      5.4618,     10.9236,      1.1941,     27.9571,     55.9141,      0.0188,      0.0029,      0.0156,      0.1973,   7484.7554,-420774.9375,  -1107.1473,    539.0778,  24949.1836,
       1,     166,      92,       5,       1,       3,       1,     10.0000,      1.3800,     42.2910,    243.1796,     61.1992,      3.4953,      0.0000,     -0.0308,      3.7839,      0.1353,      5.4618,     10.9236,      1.1953,     27.9571,     55.9141,      0.0188,      0.0030,      0.0156,      0.1973,   7484.7554,-420538.2188,  -1107.0543,    539.0938,  24949.1836,
       1,     166,      92,       6,       1,       3,       1,     10.0000,      1.3800,     42.2910,    243.1796,     61.1992,      3.4953,      0.0000,     -0.0310,      3.6091,      0.1403,      5.4618,     10.9236,      1.2396,     27.9571,     55.9141,      0.0188,      0.0029,      0.0156,      0.1973,   7484.7554,-420753.5625,  -1107.1144,    539.0793,  24949.1836,
       1,     166,      92,       7,       1,       3,       1,     10.0000,      1.3800,     42.2910,    243.1796,     61.1992,      3.4953,      0.0000,     -0.0310,      3.7444,      0.1390,      5.4618,     10.9236,      1.2284,     27.9571,     55.9141,      0.0188,      0.0030,      0.0156,      0.1973,   7484.7554,-420547.3750,  -1107.0322,    539.0932,  24949.1836,
       1,     166,      92,       8,       1,       3,       1,     10.0000,      1.3800,     42.2910,    243.1796,     61.1992,      3.4953,      0.0021,     -0.0291,      3.2976,      0.1439,      5.4618,     10.9236,      1.2713,     27.9571,     55.9141,      0.0188,      0.0027,      0.0156,      0.1973,   7484.7554,-420703.4688,  -1107.0724,    539.0826,  24949.1836,
       1,     166,      92,       9,       1,       3,       1,     10.0000,      1.3800,     42.2910,    243.1796,     61.1992,      3.4953,      0.0368,      0.0056,      5.3935,      0.1461,      5.4618,     10.9236,      1.2906,     27.9571,     55.9141,      0.0188,      0.0020,      0.0333,      0.1973,   7484.7554,-420142.4688,  -1106.8712,    539.1204,  24949.1836,
       1,     166,      92,      10,       1,       3,       1,     10.0000,      1.3800,     42.2910,    243.1796,     61.1992,      3.4953,      0.0914,      0.0596,     22.5585,      0.1623,      5.4618,     10.9236,      1.4341,     27.9571,     55.9141,      0.0188,      0.0025,      0.1117,      0.1973,   7484.7554,-422789.1562,  -1107.7627,    538.9421,  24949.1836,
       1,     166,      92,      11,       1,       3,       1,     10.0000,      1.3800,     42.2910,    243.1796,     61.1992,      3.4953,      0.1656,      0.1334,     57.3840,      0.1739,      5.4618,     10.9236,      1.5363,     27.9571,     55.9141,      0.0188,      0.0033,      0.2177,      0.1973,   7484.7554,-445092.6250,  -1115.3363,    537.4396,  24949.1836,
       1,     166,      92,      12,       1,       3,       1,     10.0000,      1.3800,     42.2910,    243.1796,     61.1992,      3.4953,      0.1659,      0.1336,     60.6780,      0.1786,      5.4618,     10.9236,      1.5781,     27.9571,     55.9141,      0.0188,      0.0035,      0.2177,      0.1973,   7484.7554,-491830.8438,  -1131.2255,    534.3018,  24949.1816,
       1,     166,      92,      13,       1,       3,       1,     10.0000,      1.3800,     42.2910,    243.1796,     61.1992,      3.4953,      0.1796,      0.1474,     69.8307,      0.1761,      5.4618,     10.9236,      1.5563,     27.9571,     55.9141,      0.0188,      0.0037,      0.2371,      0.1972,   7484.7549,-500138.8125,  -1134.2295,    533.7561,  24949.1816,
       1,     166,      92,      14,       1,       3,       1,     10.0000,      1.3800,     42.2910,    243.1796,     61.1992,      3.4953,      0.1885,      0.1568,     70.6970,      0.1586,      5.4618,     10.9236,      1.4014,     27.9571,     55.9141,      0.0188,      0.0035,      0.2500,      0.1972,   7484.7549,-512629.3438,  -1138.6973,    532.9230,  24949.1797,
       1,     166,      92,      15,       1,       3,       1,     10.0000,      1.3800,     42.2910,    243.1796,     61.1992,      3.4953,      0.1895,      0.1576,     85.0136,      0.1672,      5.4618,     10.9236,      1.4777,     27.9571,     55.9141,      0.0188,      0.0043,      0.2500,      0.1972,   7484.7544,-514825.2188,  -1139.7151,    532.7774,  24949.1797,
       1,     166,      92,      16,       1,       3,       1,     10.0000,      1.3800,     42.2910,    243.1796,     61.1992,      3.4953,      0.1908,      0.1588,    101.5557,      0.1691,      5.4618,     10.9236,      1.4940,     27.9571,     55.9141,      0.0188,      0.0051,      0.2500,      0.1972,   7484.7544,-533450.7500,  -1146.3458,    531.5369,  24949.1797,
       1,     166,      92,      17,       1,       3,       1,     10.0000,      1.3800,     42.2910,    243.1796,     61.1992,      3.4953,      0.1752,      0.1433,     97.0921,      0.1667,      5.4618,     10.9236,      1.4733,     27.9571,     55.9141,      0.0188,      0.0054,      0.2273,      0.1972,   7484.7544,-556372.3750,  -1154.5336,    530.0154,  24949.1777,
       1,     166,      92,      18,       1,       3,       1,     10.0000,      1.3800,     42.2910,    243.1796,     61.1992,      3.4953,      0.1171,      0.0854,     60.1543,      0.1631,      5.4618,     10.9236,      1.4413,     27.9571,     55.9141,      0.0188,      0.0052,      0.1455,      0.1971,   7484.7534,-552603.5000,  -1153.7432,    530.2673,  24949.1777,
       1,     166,      92,      19,       1,       3,       1,     10.0000,      1.3800,     42.2910,    243.1796,     61.1992,      3.4953,      0.0537,      0.0220,     17.4902,      0.1586,      5.4618,     10.9236,      1.4014,     27.9571,     55.9141,      0.0188,      0.0039,      0.0564,      0.1972,   7484.7534,-504677.3438,  -1137.8416,    533.4442,  24949.1758,
       1,     166,      92,      20,       1,       3,       1,     10.0000,      1.3800,     42.2910,    243.1796,     61.1992,      3.4953,      0.0083,     -0.0232,      5.1150,      0.1541,      5.4618,     10.9236,      1.3613,     27.9571,     55.9141,      0.0188,      0.0041,      0.0156,      0.1972,   7484.7529,-445641.0938,  -1117.8855,    537.3902,  24949.1738,
       1,     166,      92,      21,       1,       3,       1,     10.0000,      1.3800,     42.2910,    243.1796,     61.1992,      3.4953,      0.0000,     -0.0313,      5.0768,      0.1495,      5.4618,     10.9236,      1.3209,     27.9571,     55.9141,      0.0188,      0.0041,      0.0156,      0.1973,   7484.7524,-424655.8125,  -1110.7096,    538.8145,  24949.1738,
       1,     166,      92,      22,       1,       3,       1,     10.0000,      1.3800,     42.2910,    243.1796,     61.1992,      3.4953,      0.0000,     -0.0312,      5.0088,      0.1447,      5.4618,     10.9236,      1.2790,     27.9571,     55.9141,      0.0188,      0.0040,      0.0156,      0.1973,   7484.7524,-422776.7188,  -1110.0552,    538.9429,  24949.1738,
       1,     166,      92,      23,       1,       3,       1,     10.0000,      1.3800,     42.2910,    243.1796,     61.1992,      3.4953,      0.0000,     -0.0311,      4.6671,      0.1434,      5.4618,     10.9236,      1.2674,     27.9571,     55.9141,      0.0188,      0.0038,      0.0156,      0.1973,   7484.7524,-422524.0312,  -1109.9565,    538.9601,  24949.1738,
       1,     166,      92,      24,       1,       3,       1,     10.0000,      1.3800,     42.2910,    243.1796,     61.1992,      3.4953,      0.0000,     -0.0312,      4.3162,      0.1462,      5.4618,     10.9236,      1.2919,     27.9571,     55.9141,      0.0188,      0.0035,      0.0156,      0.1973,   7484.7524,-422062.6250,  -1109.7875,    538.9911,  24949.1738,
       1,     166,      93,       1,       1,       3,       1,     10.0000,      1.3801,     42.2913,    243.1854,     61.2007,      3.4953,      0.0000,     -0.0312,      3.7247,      0.1459,      5.4626,     10.9252,      1.2894,     27.9572,     55.9144,      0.0188,      0.0030,      0.0156,      0.1973,   7484.7524,-421728.0000,  -1110.1548,    539.0265,  24950.3027,
       1,     166,      93,       2,       1,       3,       1,     10.0000,      1.3801,     42.2913,    243.1854,     61.2007,      3.4953,      0.0000,     -0.0313,      3.3978,      0.1489,      5.4626,     10.9252,      1.3156,     27.9572,     55.9144,      0.0188,      0.0027,      0.0156,      0.1973,   7485.0913,-420784.1875,  -1109.3324,    539.0901,  24950.3008,
       1,     166,      93,       3,       1,       3,       1,     10.0000,      1.3801,     42.2913,    243.1854,     61.2007,      3.4953,      0.0000,     -0.0311,      2.8125,      0.1431,      5.4626,     10.9252,      1.2649,     27.9572,     55.9144,      0.0188,      0.0023,      0.0156,      0.1973,   7485.0903,-420282.3125,  -1109.1539,    539.1239,  24950.3008,
       1,     166,      93,       4,       1,       3,       1,     10.0000,      1.3801,     42.2913,    243.1854,     61.2007,      3.4953,      0.0000,     -0.0312,      2.7634,      0.1447,      5.4626,     10.9252,      1.2790,     27.9572,     55.9144,      0.0188,      0.0022,      0.0156,      0.1973,   7485.0903,-419486.2188,  -1108.8756,    539.1775,  24950.3008,
       1,     166,      93,       5,       1,       3,       1,     10.0000,      1.3801,     42.2913,    243.1854,     61.2007,      3.4953,      0.0000,     -0.0312,      2.9747,      0.1467,      5.4626,     10.9252,      1.2959,     27.9572,     55.9144,      0.0188,      0.0024,      0.0156,      0.1973,   7485.0903,-419354.1562,  -1108.8245,    539.1864,  24950.3008,
       1,     166,      93,       6,       1,       3,       1,     10.0000,      1.3801,     42.2913,    243.1854,     61.2007,      3.4953,      0.0000,     -0.0313,      2.5713,      0.1489,      5.4626,     10.9252,      1.3156,     27.9572,     55.9144,      0.0188,      0.0021,      0.0156,      0.1973,   7485.0903,-419614.2812,  -1108.9071,    539.1689,  24950.3008,
       1,     166,      93,       7,       1,       3,       1,     10.0000,      1.3801,     42.2913,    243.1854,     61.2007,      3.4953,      0.0000,     -0.0312,      2.6458,      0.1455,      5.4626,     10.9252,      1.2855,     27.9572,     55.9144,      0.0188,      0.0021,      0.0156,      0.1973,   7485.0903,-419118.1250,  -1108.7322,    539.2024,  24950.3008,
       1,     166,      93,       8,       1,       3,       1,     10.0000,      1.3801,     42.2913,    243.1854,     61.2007,      3.4953,      0.0038,     -0.0273,      2.1083,      0.1417,      5.4626,     10.9252,      1.2522,     27.9572,     55.9144,      0.0188,      0.0017,      0.0156,      0.1973,   7485.0903,-419170.8438,  -1109.0880,    539.1988,  24950.3008,
       1,     166,      93,       9,       1,       3,       1,     10.0000,      1.3801,     42.2913,    243.1854,     61.2007,      3.4953,      0.0281,     -0.0034,      3.0394,      0.1544,      5.4626,     10.9252,      1.3640,     27.9572,     55.9144,      0.0188,      0.0019,      0.0204,      0.1973,   7485.0903,-418484.3750,  -1108.8480,    539.2451,  24950.3008,
       1,     166,      93,      10,       1,       3,       1,     10.0000,      1.3801,     42.2913,    243.1854,     61.2007,      3.4953,      0.0545,      0.0224,     10.0742,      0.1708,      5.4626,     10.9252,      1.5090,     27.9572,     55.9144,      0.0188,      0.0022,      0.0581,      0.1973,   7485.0903,-419622.0000,  -1109.2301,    539.1683,  24950.3008,
       1,     166,      93,      11,       1,       3,       1,     10.0000,      1.3801,     42.2913,    243.1854,     61.2007,      3.4953,      0.1233,      0.0910,     29.1942,      0.1782,      5.4626,     10.9252,      1.5750,     27.9572,     55.9144,      0.0188,      0.0023,      0.1581,      0.1973,   7485.0903,-428765.9375,  -1112.3542,    538.5521,  24950.3008,
       1,     166,      93,      12,       1,       3,       1,     10.0000,      1.3801,     42.2913,    243.1854,     61.2007,      3.4953,      0.1773,      0.1445,     38.3713,      0.1947,      5.4626,     10.9252,      1.7202,     27.9572,     55.9144,      0.0188,      0.0020,      0.2376,      0.1973,   7485.0903,-454146.6562,  -1121.0444,    536.8438,  24950.3008,
       1,     166,      93,      13,       1,       3,       1,     10.0000,      1.3801,     42.2913,    243.1854,     61.2007,      3.4953,      0.1853,      0.1523,     35.1125,      0.2025,      5.4626,     10.9252,      1.7895,     27.9572,     55.9144,      0.0188,      0.0018,      0.2500,      0.1973,   7485.0903,-468157.3750,  -1125.8524,    535.9064,  24950.2988,
       1,     166,      93,      14,       1,       3,       1,     10.0000,      1.3801,     42.2913,    243.1854,     61.2007,      3.4953,      0.1862,      0.1529,     47.4314,      0.2121,      5.4626,     10.9252,      1.8742,     27.9572,     55.9144,      0.0188,      0.0024,      0.2500,      0.1973,   7485.0898,-465174.9062,  -1124.8850,    536.1071,  24950.3008,
       1,     166,      93,      15,       1,       3,       1,     10.0000,      1.3801,     42.2913,    243.1854,     61.2007,      3.4953,      0.1879,      0.1547,     68.5783,      0.2098,      5.4626,     10.9252,      1.8540,     27.9572,     55.9144,      0.0188,      0.0034,      0.2500,      0.1973,   7485.0903,-480765.9688,  -1130.2693,    535.0623,  24950.3008,
       1,     166,      93,      16,       1,       3,       1,     10.0000,      1.3801,     42.2913,    243.1854,     61.2007,      3.4953,      0.1869,      0.1537,     79.3883,      0.2076,      5.4626,     10.9252,      1.8341,     27.9572,     55.9144,      0.0188,      0.0040,      0.2471,      0.1973,   7485.0903,-509331.7188,  -1140.1743,    533.1526,  24950.2988,
       1,     166,      93,      17,       1,       3,       1,     10.0000,      1.3801,     42.2913,    243.1854,     61.2007,      3.4953,      0.1877,      0.1547,    105.4132,      0.2007,      5.4626,     10.9252,      1.7737,     27.9572,     55.9144,      0.0188,      0.0054,      0.2452,      0.1972,   7485.0898,-525726.5000,  -1146.0477,    532.0634,  24950.2969,
       1,     166,      93,      18,       1,       3,       1,     10.0000,      1.3801,     42.2913,    243.1854,     61.2007,      3.4953,      0.1523,      0.1195,     84.1546,      0.1933,      5.4626,     10.9252,      1.7084,     27.9572,     55.9144,      0.0188,      0.0054,      0.1948,      0.1972,   7485.0894,-560657.9375,  -1158.3705,    529.7413,  24950.2969,
       1,     166,      93,      19,       1,       3,       1,     10.0000,      1.3801,     42.2913,    243.1854,     61.2007,      3.4953,      0.1428,      0.1106,     80.6730,      0.1775,      5.4626,     10.9252,      1.5688,     27.9572,     55.9144,      0.0188,      0.0056,      0.1812,      0.1972,   7485.0894,-536292.8750,  -1150.5144,    531.3599,  24950.2969,
       1,     166,      93,      20,       1,       3,       1,     10.0000,      1.3801,     42.2913,    243.1854,     61.2007,      3.4953,      0.0232,     -0.0085,      5.2168,      0.1605,      5.4626,     10.9252,      1.4184,     27.9572,     55.9144,      0.0188,      0.0052,      0.0125,      0.1972,   7485.0894,-529708.5000,  -1148.6527,    531.7996,  24950.2930,
       1,     166,      93,      21,       1,       3,       1,     10.0000,      1.3801,     42.2913,    243.1854,     61.2007,      3.4953,      0.0000,     -0.0315,      6.4217,      0.1531,      5.4626,     10.9252,      1.3531,     27.9572,     55.9144,      0.0188,      0.0052,      0.0156,      0.1972,   7485.0884,-431953.8125,  -1115.3473,    538.2980,  24950.2930,
       1,     166,      93,      22,       1,       3,       1,     10.0000,      1.3801,     42.2913,    243.1854,     61.2007,      3.4953,      0.0000,     -0.0314,      6.4017,      0.1514,      5.4626,     10.9252,      1.3383,     27.9572,     55.9144,      0.0188,      0.0051,      0.0156,      0.1973,   7485.0884,-425190.0000,  -1113.0111,    538.7931,  24950.2930,
       1,     166,      93,      23,       1,       3,       1,     10.0000,      1.3801,     42.2913,    243.1854,     61.2007,      3.4953,      0.0000,     -0.0314,      6.5665,      0.1504,      5.4626,     10.9252,      1.3289,     27.9572,     55.9144,      0.0188,      0.0053,      0.0156,      0.1973,   7485.0884,-424527.6250,  -1112.7695,    538.8378,  24950.2930,
       1,     166,      93,      24,       1,       3,       1,     10.0000,      1.3801,     42.2913,    243.1854,     61.2007,      3.4953,      0.0000,     -0.0313,      5.5688,      0.1477,      5.4626,     10.9252,      1.3050,     27.9572,     55.9144,      0.0188,      0.0045,      0.0156,      0.1973,   7485.0884,-424682.0312,  -1112.8085,    538.8275,  24950.2930,
       1,     166,      94,       1,       1,       3,       1,     10.0000,      1.3801,     42.2917,    243.1911,     61.2021,      3.4953,      0.0000,     -0.0312,      4.3003,      0.1458,      5.4621,     10.9242,      1.2881,     27.9587,     55.9175,      0.0188,      0.0035,      0.0156,      0.1973,   7485.0884,-423568.6250,  -1112.9086,    538.9153,  24951.4180,
       1,     166,      94,       2,       1,       3,       1,     10.0000,      1.3801,     42.2917,    243.1911,     61.2021,      3.4953,      0.0000,     -0.0313,      3.5808,      0.1480,      5.4621,     10.9242,      1.3077,     27.9587,     55.9175,      0.0188,      0.0029,      0.0156,      0.1973,   7485.4258,-421687.3125,  -1111.7601,    539.0420,  24951.4180,
       1,     166,      94,       3,       1,       3,       1,     10.0000,      1.3801,     42.2917,    243.1911,     61.2021,      3.4953,      0.0000,     -0.0313,      3.0174,      0.1489,      5.4621,     10.9242,      1.3156,     27.9587,     55.9175,      0.0188,      0.0024,      0.0156,      0.1973,   7485.4258,-420599.3750,  -1111.3792,    539.1154,  24951.4180,
       1,     166,      94,       4,       1,       3,       1,     10.0000,      1.3801,     42.2917,    243.1911,     61.2021,      3.4953,      0.0000,     -0.0313,      3.0100,      0.1475,      5.4621,     10.9242,      1.3038,     27.9587,     55.9175,      0.0188,      0.0024,      0.0156,      0.1973,   7485.4258,-419780.7188,  -1111.0920,    539.1705,  24951.4180,
       1,     166,      94,       5,       1,       3,       1,     10.0000,      1.3801,     42.2917,    243.1911,     61.2021,      3.4953,      0.0000,     -0.0312,      2.7281,      0.1446,      5.4621,     10.9242,      1.2778,     27.9587,     55.9175,      0.0188,      0.0022,      0.0156,      0.1973,   7485.4258,-419700.2812,  -1111.0590,    539.1760,  24951.4180,
       1,     166,      94,       6,       1,       3,       1,     10.0000,      1.3801,     42.2917,    243.1911,     61.2021,      3.4953,      0.0000,     -0.0310,      2.4918,      0.1399,      5.4621,     10.9242,      1.2359,     27.9587,     55.9175,      0.0188,      0.0020,      0.0156,      0.1973,   7485.4258,-419330.9062,  -1110.9272,    539.2009,  24951.4180,
       1,     166,      94,       7,       1,       3,       1,     10.0000,      1.3801,     42.2917,    243.1911,     61.2021,      3.4953,      0.0000,     -0.0310,      2.3296,      0.1392,      5.4621,     10.9242,      1.2297,     27.9587,     55.9175,      0.0188,      0.0019,      0.0156,      0.1973,   7485.4258,-418995.1250,  -1110.8077,    539.2235,  24951.4180,
       1,     166,      94,       8,       1,       3,       1,     10.0000,      1.3801,     42.2917,    243.1911,     61.2021,      3.4953,      0.0127,     -0.0184,      2.5913,      0.1437,      5.4621,     10.9242,      1.2701,     27.9587,     55.9175,      0.0188,      0.0021,      0.0156,      0.1973,   7485.4258,-418757.4375,  -1110.7222,    539.2395,  24951.4180,
       1,     166,      94,       9,       1,       3,       1,     10.0000,      1.3801,     42.2917,    243.1911,     61.2021,      3.4953,      0.1227,      0.0913,     26.7604,      0.1511,      5.4621,     10.9242,      1.3356,     27.9587,     55.9175,      0.0188,      0.0021,      0.1577,      0.1973,   7485.4258,-419073.3125,  -1110.8258,    539.2183,  24951.4180,
       1,     166,      94,      10,       1,       3,       1,     10.0000,      1.3801,     42.2917,    243.1911,     61.2021,      3.4953,      0.1611,      0.1293,     33.1593,      0.1628,      5.4621,     10.9242,      1.4384,     27.9587,     55.9175,      0.0188,      0.0019,      0.2138,      0.1973,   7485.4258,-450172.7500,  -1121.5392,    537.1221,  24951.4180,
       1,     166,      94,      11,       1,       3,       1,     10.0000,      1.3801,     42.2917,    243.1911,     61.2021,      3.4953,      0.1831,      0.1508,     34.2840,      0.1804,      5.4621,     10.9242,      1.5939,     27.9587,     55.9175,      0.0188,      0.0017,      0.2465,      0.1973,   7485.4258,-461108.5312,  -1125.3245,    536.3918,  24951.4199,
       1,     166,      94,      12,       1,       3,       1,     10.0000,      1.3801,     42.2917,    243.1911,     61.2021,      3.4953,      0.1849,      0.1522,     29.2496,      0.1937,      5.4621,     10.9242,      1.7118,     27.9587,     55.9175,      0.0188,      0.0015,      0.2500,      0.1973,   7485.4263,-463497.4688,  -1126.1801,    536.2322,  24951.4160,
       1,     166,      94,      13,       1,       3,       1,     10.0000,      1.3801,     42.2917,    243.1911,     61.2021,      3.4953,      0.1853,      0.1525,     33.9565,      0.1956,      5.4621,     10.9242,      1.7288,     27.9587,     55.9175,      0.0188,      0.0017,      0.2500,      0.1973,   7485.4253,-457227.2500,  -1124.0629,    536.6525,  24951.4160,
       1,     166,      94,      14,       1,       3,       1,     10.0000,      1.3801,     42.2917,    243.1911,     61.2021,      3.4953,      0.1860,      0.1529,     42.8127,      0.2021,      5.4621,     10.9242,      1.7860,     27.9587,     55.9175,      0.0188,      0.0021,      0.2500,      0.1973,   7485.4253,-462740.2500,  -1125.9763,    536.2828,  24951.4141,
       1,     166,      94,      15,       1,       3,       1,     10.0000,      1.3801,     42.2917,    243.1911,     61.2021,      3.4953,      0.1864,      0.1531,     58.9510,      0.2144,      5.4621,     10.9242,      1.8946,     27.9587,     55.9175,      0.0188,      0.0030,      0.2490,      0.1973,   7485.4243,-474610.5000,  -1130.1088,    535.4873,  24951.4121,
       1,     166,      94,      16,       1,       3,       1,     10.0000,      1.3801,     42.2917,    243.1911,     61.2021,      3.4953,      0.1604,      0.1273,     67.6389,      0.2041,      5.4621,     10.9242,      1.8037,     27.9587,     55.9175,      0.0188,      0.0041,      0.2089,      0.1973,   7485.4238,-496402.8750,  -1137.7168,    534.0292,  24951.4121,
       1,     166,      94,      17,       1,       3,       1,     10.0000,      1.3801,     42.2917,    243.1911,     61.2021,      3.4953,      0.1442,      0.1110,     74.2422,      0.2078,      5.4621,     10.9242,      1.8359,     27.9587,     55.9175,      0.0188,      0.0051,      0.1838,      0.1973,   7485.4238,-509473.0312,  -1142.4254,    533.1587,  24951.4141,
       1,     166,      94,      18,       1,       3,       1,     10.0000,      1.3801,     42.2917,    243.1911,     61.2021,      3.4953,      0.0910,      0.0582,     45.3095,      0.1976,      5.4621,     10.9242,      1.7459,     27.9587,     55.9175,      0.0188,      0.0053,      0.1078,      0.1973,   7485.4243,-519101.6875,  -1146.0128,    532.5176,  24951.4121,
       1,     166,      94,      19,       1,       3,       1,     10.0000,      1.3801,     42.2917,    243.1911,     61.2021,      3.4953,      0.0756,      0.0432,     36.4966,      0.1824,      5.4621,     10.9242,      1.6114,     27.9587,     55.9175,      0.0188,      0.0053,      0.0862,      0.1972,   7485.4238,-482679.8438,  -1133.7367,    534.9425,  24951.4121,
       1,     166,      94,      20,       1,       3,       1,     10.0000,      1.3801,     42.2917,    243.1911,     61.2021,      3.4953,      0.0221,     -0.0097,      4.8480,      0.1610,      5.4621,     10.9242,      1.4227,     27.9587,     55.9175,      0.0188,      0.0056,      0.0109,      0.1973,   7485.4238,-468213.2812,  -1128.8716,    535.9153,  24951.4121,
       1,     166,      94,      21,       1,       3,       1,     10.0000,      1.3801,     42.2917,    243.1911,     61.2021,      3.4953,      0.0000,     -0.0315,      6.5221,      0.1536,      5.4621,     10.9242,      1.3572,     27.9587,     55.9175,      0.0188,      0.0052,      0.0156,      0.1973,   7485.4238,-426241.7812,  -1114.4169,    538.7279,  24951.4102,
       1,     166,      94,      22,       1,       3,       1,     10.0000,      1.3801,     42.2917,    243.1911,     61.2021,      3.4953,      0.0000,     -0.0315,      6.4299,      0.1534,      5.4621,     10.9242,      1.3559,     27.9587,     55.9175,      0.0188,      0.0052,      0.0156,      0.1973,   7485.4233,-424785.9375,  -1113.9072,    538.8333,  24951.4082,
       1,     166,      94,      23,       1,       3,       1,     10.0000,      1.3801,     42.2917,    243.1911,     61.2021,      3.4953,      0.0000,     -0.0314,      5.9226,      0.1519,      5.4621,     10.9242,      1.3423,     27.9587,     55.9175,      0.0188,      0.0048,      0.0156,      0.1973,   7485.4229,-424532.1250,  -1113.8114,    538.8504,  24951.4082,
       1,     166,      94,      24,       1,       3,       1,     10.0000,      1.3801,     42.2917,    243.1911,     61.2021,      3.4953,      0.0000,     -0.0314,      5.0225,      0.1511,      5.4621,     10.9242,      1.3356,     27.9587,     55.9175,      0.0188,      0.0040,      0.0156,      0.1973,   7485.4229,-423857.8125,  -1113.5704,    538.8958,  24951.4082,
       1,     166,      95,       1,       1,       3,       1,     10.0000,      1.3801,     42.2920,    243.1969,     61.2036,      3.4953,      0.0000,     -0.0313,      3.6960,      0.1496,      5.4626,     10.9253,      1.3223,     27.9623,     55.9246,      0.0188,      0.0030,      0.0156,      0.1974,   7485.4229,-422798.4062,  -1113.6953,    538.9799,  24952.5371,
       1,     166,      95,       2,       1,       3,       1,     10.0000,      1.3801,     42.2920,    243.1969,     61.2036,      3.4953,      0.0000,     -0.0313,      3.1489,      0.1481,      5.4626,     10.9253,      1.3090,     27.9623,     55.9246,      0.0188,      0.0025,      0.0156,      0.1974,   7485.7612,-420847.2812,  -1112.5208,    539.1113,  24952.5371,
       1,     166,      95,       3,       1,       3,       1,     10.0000,      1.3801,     42.2920,    243.1969,     61.2036,      3.4953,      0.0000,     -0.0313,      3.0316,      0.1474,      5.4626,     10.9253,      1.3025,     27.9623,     55.9246,      0.0188,      0.0024,      0.0156,      0.1974,   7485.7612,-419974.9688,  -1112.2159,    539.1702,  24952.5371,
       1,     166,      95,       4,       1,       3,       1,     10.0000,      1.3801,     42.2920,    243.1969,     61.2036,      3.4953,      0.0000,     -0.0312,      2.7783,      0.1459,      5.4626,     10.9253,      1.2894,     27.9623,     55.9246,      0.0188,      0.0022,      0.0156,      0.1974,   7485.7612,-419748.6250,  -1112.1340,    539.1855,  24952.5371,
       1,     166,      95,       5,       1,       3,       1,     10.0000,      1.3801,     42.2920,    243.1969,     61.2036,      3.4953,      0.0000,     -0.0312,      2.6095,      0.1446,      5.4626,     10.9253,      1.2778,     27.9623,     55.9246,      0.0188,      0.0021,      0.0156,      0.1974,   7485.7612,-419403.2500,  -1112.0118,    539.2087,  24952.5371,
       1,     166,      95,       6,       1,       3,       1,     10.0000,      1.3801,     42.2920,    243.1969,     61.2036,      3.4953,      0.0000,     -0.0312,      2.5318,      0.1464,      5.4626,     10.9253,      1.2933,     27.9623,     55.9246,      0.0188,      0.0020,      0.0156,      0.1974,   7485.7612,-419156.5625,  -1111.9240,    539.2253,  24952.5371,
       1,     166,      95,       7,       1,       3,       1,     10.0000,      1.3801,     42.2920,    243.1969,     61.2036,      3.4953,      0.0000,     -0.0312,      2.4301,      0.1456,      5.4626,     10.9253,      1.2868,     27.9623,     55.9246,      0.0188,      0.0020,      0.0156,      0.1974,   7485.7612,-419035.2812,  -1111.8793,    539.2335,  24952.5371,
       1,     166,      95,       8,       1,       3,       1,     10.0000,      1.3801,     42.2920,    243.1969,     61.2036,      3.4953,      0.0042,     -0.0270,      2.3408,      0.1450,      5.4626,     10.9253,      1.2817,     27.9623,     55.9246,      0.0188,      0.0019,      0.0156,      0.1974,   7485.7612,-418893.9062,  -1111.8279,    539.2430,  24952.5371,
       1,     166,      95,       9,       1,       3,       1,     10.0000,      1.3801,     42.2920,    243.1969,     61.2036,      3.4953,      0.0869,      0.0558,     15.1098,      0.1429,      5.4626,     10.9253,      1.2624,     27.9623,     55.9246,      0.0188,      0.0018,      0.1063,      0.1974,   7485.7612,-418767.0312,  -1111.7816,    539.2516,  24952.5352,
       1,     166,      95,      10,       1,       3,       1,     10.0000,      1.3801,     42.2920,    243.1969,     61.2036,      3.4953,      0.1667,      0.1356,     32.2608,      0.1433,      5.4626,     10.9253,      1.2662,     27.9623,     55.9246,      0.0188,      0.0018,      0.2221,      0.1974,   7485.7607,-435170.0000,  -1117.7367,    538.1459,  24952.5352,
       1,     166,      95,      11,       1,       3,       1,     10.0000,      1.3801,     42.2920,    243.1969,     61.2036,      3.4953,      0.1860,      0.1536,     41.1774,      0.1816,      5.4626,     10.9253,      1.6051,     27.9623,     55.9246,      0.0188,      0.0021,      0.2500,      0.1974,   7485.7607,-458646.3750,  -1125.8623,    536.5678,  24952.5352,
       1,     166,      95,      12,       1,       3,       1,     10.0000,      1.3801,     42.2920,    243.1969,     61.2036,      3.4953,      0.1860,      0.1529,     44.3402,      0.2070,      5.4626,     10.9253,      1.8288,     27.9623,     55.9246,      0.0188,      0.0022,      0.2500,      0.1973,   7485.7607,-472152.0000,  -1130.5542,    535.6643,  24952.5352,
       1,     166,      95,      13,       1,       3,       1,     10.0000,      1.3801,     42.2920,    243.1969,     61.2036,      3.4953,      0.1862,      0.1526,     47.0750,      0.2208,      5.4626,     10.9253,      1.9512,     27.9623,     55.9246,      0.0188,      0.0024,      0.2500,      0.1973,   7485.7607,-477387.5625,  -1132.4417,    535.3145,  24952.5312,
       1,     166,      95,      14,       1,       3,       1,     10.0000,      1.3801,     42.2920,    243.1969,     61.2036,      3.4953,      0.1864,      0.1527,     50.0857,      0.2245,      5.4626,     10.9253,      1.9839,     27.9623,     55.9246,      0.0188,      0.0025,      0.2500,      0.1973,   7485.7598,-481358.2500,  -1133.9155,    535.0489,  24952.5332,
       1,     166,      95,      15,       1,       3,       1,     10.0000,      1.3801,     42.2920,    243.1969,     61.2036,      3.4953,      0.1866,      0.1531,     52.6398,      0.2208,      5.4626,     10.9253,      1.9512,     27.9623,     55.9246,      0.0188,      0.0026,      0.2500,      0.1973,   7485.7603,-485574.6562,  -1135.4915,    534.7670,  24952.5352,
       1,     166,      95,      16,       1,       3,       1,     10.0000,      1.3801,     42.2920,    243.1969,     61.2036,      3.4953,      0.1888,      0.1554,     79.6789,      0.2127,      5.4626,     10.9253,      1.8798,     27.9623,     55.9246,      0.0188,      0.0040,      0.2500,      0.1973,   7485.7607,-489225.1562,  -1136.8944,    534.5230,  24952.5312,
       1,     166,      95,      17,       1,       3,       1,     10.0000,      1.3801,     42.2920,    243.1969,     61.2036,      3.4953,      0.1761,      0.1431,    112.3151,      0.2005,      5.4626,     10.9253,      1.7720,     27.9623,     55.9246,      0.0188,      0.0062,      0.2271,      0.1973,   7485.7598,-524335.4375,  -1149.2274,    532.1772,  24952.5312,
       1,     166,      95,      18,       1,       3,       1,     10.0000,      1.3801,     42.2920,    243.1969,     61.2036,      3.4953,      0.1556,      0.1229,    108.1642,      0.1903,      5.4626,     10.9253,      1.6816,     27.9623,     55.9246,      0.0188,      0.0069,      0.1970,      0.1973,   7485.7598,-569402.6250,  -1165.1927,    529.1843,  24952.5293,
       1,     166,      95,      19,       1,       3,       1,     10.0000,      1.3801,     42.2920,    243.1969,     61.2036,      3.4953,      0.0956,      0.0634,     63.5522,      0.1756,      5.4626,     10.9253,      1.5518,     27.9623,     55.9246,      0.0188,      0.0071,      0.1129,      0.1972,   7485.7593,-567963.8125,  -1165.2601,    529.2879,  24952.5293,
       1,     166,      95,      20,       1,       3,       1,     10.0000,      1.3801,     42.2920,    243.1969,     61.2036,      3.4953,      0.0192,     -0.0124,      3.5878,      0.1591,      5.4626,     10.9253,      1.4058,     27.9623,     55.9246,      0.0188,      0.0065,      0.0069,      0.1972,   7485.7593,-510347.3125,  -1145.7928,    533.0999,  24952.5254,
       1,     166,      95,      21,       1,       3,       1,     10.0000,      1.3801,     42.2920,    243.1969,     61.2036,      3.4953,      0.0000,     -0.0314,      7.0688,      0.1525,      5.4626,     10.9253,      1.3478,     27.9623,     55.9246,      0.0188,      0.0057,      0.0156,      0.1973,   7485.7578,-428237.3750,  -1117.4792,    538.5853,  24952.5273,
       1,     166,      95,      22,       1,       3,       1,     10.0000,      1.3801,     42.2920,    243.1969,     61.2036,      3.4953,      0.0000,     -0.0313,      6.4018,      0.1499,      5.4626,     10.9253,      1.3249,     27.9623,     55.9246,      0.0188,      0.0051,      0.0156,      0.1974,   7485.7583,-425691.6250,  -1116.5870,    538.7850,  24952.5273,
       1,     166,      95,      23,       1,       3,       1,     10.0000,      1.3801,     42.2920,    243.1969,     61.2036,      3.4953,      0.0000,     -0.0313,      5.7480,      0.1483,      5.4626,     10.9253,      1.3104,     27.9623,     55.9246,      0.0188,      0.0046,      0.0156,      0.1974,   7485.7583,-424577.4062,  -1116.1926,    538.8601,  24952.5273,
       1,     166,      95,      24,       1,       3,       1,     10.0000,      1.3801,     42.2920,    243.1969,     61.2036,      3.4953,      0.0000,     -0.0312,      4.8494,      0.1456,      5.4626,     10.9253,      1.2868,     27.9623,     55.9246,      0.0188,      0.0039,      0.0156,      0.1974,   7485.7583,-423640.3125,  -1115.8608,    538.9231,  24952.5273,
       1,     166,      96,       1,       1,       3,       1,     10.0000,      1.3801,     42.2923,    243.2027,     61.2050,      3.4953,      0.0000,     -0.0311,      3.9177,      0.1440,      5.4623,     10.9247,      1.2727,     27.9684,     55.9369,      0.0188,      0.0031,      0.0156,      0.1974,   7485.7583,-422560.6250,  -1115.9813,    539.0087,  24953.6543,
       1,     166,      96,       2,       1,       3,       1,     10.0000,      1.3801,     42.2923,    243.2027,     61.2050,      3.4953,      0.0000,     -0.0310,      3.3223,      0.1406,      5.4623,     10.9247,      1.2422,     27.9684,     55.9369,      0.0188,      0.0027,      0.0156,      0.1974,   7486.0967,-421115.3438,  -1114.9758,    539.1061,  24953.6543,
       1,     166,      96,       3,       1,       3,       1,     10.0000,      1.3801,     42.2923,    243.2027,     61.2050,      3.4953,      0.0000,     -0.0310,      3.1352,      0.1389,      5.4623,     10.9247,      1.2273,     27.9684,     55.9369,      0.0188,      0.0025,      0.0156,      0.1974,   7486.0967,-420224.8750,  -1114.6631,    539.1662,  24953.6543,
       1,     166,      96,       4,       1,       3,       1,     10.0000,      1.3801,     42.2923,    243.2027,     61.2050,      3.4953,      0.0000,     -0.0310,      2.8550,      0.1396,      5.4623,     10.9247,      1.2335,     27.9684,     55.9369,      0.0188,      0.0023,      0.0156,      0.1974,   7486.0967,-419907.1250,  -1114.5498,    539.1875,  24953.6543,
       1,     166,      96,       5,       1,       3,       1,     10.0000,      1.3801,     42.2923,    243.2027,     61.2050,      3.4953,      0.0000,     -0.0309,      2.6593,      0.1379,      5.4623,     10.9247,      1.2186,     27.9684,     55.9369,      0.0188,      0.0021,      0.0156,      0.1974,   7486.0967,-419519.5000,  -1114.4126,    539.2137,  24953.6543,
       1,     166,      96,       6,       1,       3,       1,     10.0000,      1.3801,     42.2923,    243.2027,     61.2050,      3.4953,      0.0000,     -0.0310,      2.5391,      0.1396,      5.4623,     10.9247,      1.2335,     27.9684,     55.9369,      0.0188,      0.0020,      0.0156,      0.1974,   7486.0967,-419234.3750,  -1114.3109,    539.2329,  24953.6543,
       1,     166,      96,       7,       1,       3,       1,     10.0000,      1.3801,     42.2923,    243.2027,     61.2050,      3.4953,      0.0000,     -0.0310,      2.3446,      0.1396,      5.4623,     10.9247,      1.2335,     27.9684,     55.9369,      0.0188,      0.0019,      0.0156,      0.1974,   7486.0967,-419055.2500,  -1114.2468,    539.2451,  24953.6543,
       1,     166,      96,       8,       1,       3,       1,     10.0000,      1.3801,     42.2923,    243.2027,     61.2050,      3.4953,      0.0151,     -0.0159,      0.2744,      0.1394,      5.4623,     10.9247,      1.2322,     27.9684,     55.9369,      0.0188,      0.0017,      0.0021,      0.1974,   7486.0967,-418789.5312,  -1114.1522,    539.2629,  24953.6543,
       1,     166,      96,       9,       1,       3,       1,     10.0000,      1.3801,     42.2923,    243.2027,     61.2050,      3.4953,      0.1371,      0.1058,     26.1834,      0.1499,      5.4623,     10.9247,      1.3250,     27.9684,     55.9369,      0.0188,      0.0018,      0.1791,      0.1974,   7486.0967,-416105.9062,  -1113.2153,    539.4438,  24953.6543,
       1,     166,      96,      10,       1,       3,       1,     10.0000,      1.3801,     42.2923,    243.2027,     61.2050,      3.4953,      0.1382,      0.1060,     26.7777,      0.1753,      5.4623,     10.9247,      1.5487,     27.9684,     55.9369,      0.0188,      0.0019,      0.1805,      0.1974,   7486.0967,-449172.8125,  -1124.7302,    537.2141,  24953.6543,
       1,     166,      96,      11,       1,       3,       1,     10.0000,      1.3801,     42.2923,    243.2027,     61.2050,      3.4953,      0.1859,      0.1537,     39.1275,      0.1747,      5.4623,     10.9247,      1.5441,     27.9684,     55.9369,      0.0188,      0.0020,      0.2500,      0.1974,   7486.0967,-452814.4375,  -1126.0199,    536.9741,  24953.6543,
       1,     166,      96,      12,       1,       3,       1,     10.0000,      1.3801,     42.2923,    243.2027,     61.2050,      3.4953,      0.1860,      0.1532,     42.9636,      0.1955,      5.4623,     10.9247,      1.7272,     27.9684,     55.9369,      0.0188,      0.0022,      0.2500,      0.1974,   7486.0967,-469004.7188,  -1131.6810,    535.8876,  24953.6523,
       1,     166,      96,      13,       1,       3,       1,     10.0000,      1.3801,     42.2923,    243.2027,     61.2050,      3.4953,      0.1859,      0.1527,     43.3296,      0.2113,      5.4623,     10.9247,      1.8670,     27.9684,     55.9369,      0.0188,      0.0022,      0.2500,      0.1974,   7486.0962,-475342.0000,  -1133.9537,    535.4641,  24953.6523,
       1,     166,      96,      14,       1,       3,       1,     10.0000,      1.3801,     42.2923,    243.2027,     61.2050,      3.4953,      0.1868,      0.1535,     53.7020,      0.2100,      5.4623,     10.9247,      1.8560,     27.9684,     55.9369,      0.0188,      0.0027,      0.2500,      0.1973,   7486.0962,-476359.5312,  -1134.3999,    535.3961,  24953.6504,
       1,     166,      96,      15,       1,       3,       1,     10.0000,      1.3801,     42.2923,    243.2027,     61.2050,      3.4953,      0.1876,      0.1544,     82.7266,      0.2084,      5.4623,     10.9247,      1.8414,     27.9684,     55.9369,      0.0188,      0.0042,      0.2479,      0.1973,   7486.0952,-489790.6875,  -1139.1829,    534.4973,  24953.6504,
       1,     166,      96,      16,       1,       3,       1,     10.0000,      1.3801,     42.2923,    243.2027,     61.2050,      3.4953,      0.1823,      0.1492,     85.5686,      0.2066,      5.4623,     10.9247,      1.8252,     27.9684,     55.9369,      0.0188,      0.0045,      0.2396,      0.1973,   7486.0952,-528297.8125,  -1152.7781,    531.9253,  24953.6484,
       1,     166,      96,      17,       1,       3,       1,     10.0000,      1.3801,     42.2923,    243.2027,     61.2050,      3.4953,      0.1756,      0.1428,    103.2650,      0.1930,      5.4623,     10.9247,      1.7051,     27.9684,     55.9369,      0.0188,      0.0057,      0.2274,      0.1973,   7486.0947,-535299.2500,  -1155.5751,    531.4659,  24953.6484,
       1,     166,      96,      18,       1,       3,       1,     10.0000,      1.3801,     42.2923,    243.2027,     61.2050,      3.4953,      0.1685,      0.1359,    125.9357,      0.1855,      5.4623,     10.9247,      1.6389,     27.9684,     55.9369,      0.0188,      0.0074,      0.2141,      0.1973,   7486.0947,-558682.0625,  -1164.1411,    529.9128,  24953.6484,
       1,     166,      96,      19,       1,       3,       1,     10.0000,      1.3801,     42.2923,    243.2027,     61.2050,      3.4953,      0.1252,      0.0928,     86.7543,      0.1813,      5.4623,     10.9247,      1.6019,     27.9684,     55.9369,      0.0188,      0.0071,      0.1542,      0.1972,   7486.0947,-589908.6250,  -1175.5784,    527.8466,  24953.6445,
       1,     166,      96,      20,       1,       3,       1,     10.0000,      1.3801,     42.2923,    243.2027,     61.2050,      3.4953,      0.0139,     -0.0179,      8.0671,      0.1636,      5.4623,     10.9247,      1.4457,     27.9684,     55.9369,      0.0188,      0.0065,      0.0156,      0.1972,   7486.0938,-542116.2500,  -1159.5238,    531.0040,  24953.6445,
       1,     166,      96,      21,       1,       3,       1,     10.0000,      1.3801,     42.2923,    243.2027,     61.2050,      3.4953,      0.0000,     -0.0315,      7.2164,      0.1538,      5.4623,     10.9247,      1.3587,     27.9684,     55.9369,      0.0188,      0.0058,      0.0156,      0.1973,   7486.0938,-436692.5938,  -1122.9852,    538.0110,  24953.6445,
       1,     166,      96,      22,       1,       3,       1,     10.0000,      1.3801,     42.2923,    243.2027,     61.2050,      3.4953,      0.0000,     -0.0315,      6.2022,      0.1530,      5.4623,     10.9247,      1.3519,     27.9684,     55.9369,      0.0188,      0.0050,      0.0156,      0.1974,   7486.0938,-426639.1250,  -1119.4667,    538.7335,  24953.6426,
       1,     166,      96,      23,       1,       3,       1,     10.0000,      1.3801,     42.2923,    243.2027,     61.2050,      3.4953,      0.0000,     -0.0315,      5.8172,      0.1528,      5.4623,     10.9247,      1.3505,     27.9684,     55.9369,      0.0188,      0.0047,      0.0156,      0.1974,   7486.0933,-424407.0000,  -1118.6827,    538.8843,  24953.6426,
       1,     166,      96,      24,       1,       3,       1,     10.0000,      1.3801,     42.2923,    243.2027,     61.2050,      3.4953,      0.0000,     -0.0314,      5.1001,      0.1499,      5.4623,     10.9247,      1.3250,     27.9684,     55.9369,      0.0188,      0.0041,      0.0156,      0.1974,   7486.0933,-423718.4062,  -1118.4388,    538.9307,  24953.6426,
       1,     166,      97,       1,       1,       3,       1,     10.0000,      1.3801,     42.2927,    243.2085,     61.2065,      3.4953,      0.0000,     -0.0312,      3.7115,      0.1443,      5.4622,     10.9244,      1.2753,     27.9762,     55.9525,      0.0188,      0.0030,      0.0156,      0.1974,   7486.0933,-422893.3125,  -1118.6526,    538.9990,  24954.7734,
       1,     166,      97,       2,       1,       3,       1,     10.0000,      1.3801,     42.2927,    243.2085,     61.2065,      3.4953,      0.0000,     -0.0309,      2.7666,      0.1381,      5.4622,     10.9244,      1.2199,     27.9762,     55.9525,      0.0188,      0.0022,      0.0156,      0.1974,   7486.4321,-420882.9688,  -1117.9408,    539.1345,  24954.7734,
       1,     166,      97,       3,       1,       3,       1,     10.0000,      1.3801,     42.2927,    243.2085,     61.2065,      3.4953,      0.0000,     -0.0310,      2.4652,      0.1389,      5.4622,     10.9244,      1.2273,     27.9762,     55.9525,      0.0188,      0.0020,      0.0156,      0.1974,   7486.4321,-419494.3750,  -1117.4512,    539.2281,  24954.7734,
       1,     166,      97,       4,       1,       3,       1,     10.0000,      1.3801,     42.2927,    243.2085,     61.2065,      3.4953,      0.0000,     -0.0310,      2.3802,      0.1392,      5.4622,     10.9244,      1.2298,     27.9762,     55.9525,      0.0188,      0.0019,      0.0156,      0.1974,   7486.4321,-418986.7812,  -1117.2706,    539.2623,  24954.7734,
       1,     166,      97,       5,       1,       3,       1,     10.0000,      1.3801,     42.2927,    243.2085,     61.2065,      3.4953,      0.0000,     -0.0310,      2.3361,      0.1409,      5.4622,     10.9244,      1.2448,     27.9762,     55.9525,      0.0188,      0.0019,      0.0156,      0.1974,   7486.4321,-418833.5938,  -1117.2142,    539.2726,  24954.7734,
       1,     166,      97,       6,       1,       3,       1,     10.0000,      1.3801,     42.2927,    243.2085,     61.2065,      3.4953,      0.0000,     -0.0311,      1.6171,      0.1424,      5.4622,     10.9244,      1.2587,     27.9762,     55.9525,      0.0188,      0.0013,      0.0156,      0.1974,   7486.4321,-418763.4688,  -1117.1874,    539.2773,  24954.7734,
       1,     166,      97,       7,       1,       3,       1,     10.0000,      1.3801,     42.2927,    243.2085,     61.2065,      3.4953,      0.0000,     -0.0311,      1.3489,      0.1436,      5.4622,     10.9244,      1.2689,     27.9762,     55.9525,      0.0188,      0.0011,      0.0156,      0.1974,   7486.4321,-417833.5000,  -1116.8601,    539.3400,  24954.7715,
       1,     166,      97,       8,       1,       3,       1,     10.0000,      1.3801,     42.2927,    243.2085,     61.2065,      3.4953,      0.0053,     -0.0259,      1.3659,      0.1434,      5.4622,     10.9244,      1.2676,     27.9762,     55.9525,      0.0188,      0.0011,      0.0156,      0.1974,   7486.4316,-417408.5312,  -1116.7108,    539.3687,  24954.7715,
       1,     166,      97,       9,       1,       3,       1,     10.0000,      1.3801,     42.2927,    243.2085,     61.2065,      3.4953,      0.0660,      0.0346,      6.6842,      0.1496,      5.4622,     10.9244,      1.3223,     27.9762,     55.9525,      0.0188,      0.0011,      0.0761,      0.1974,   7486.4316,-417393.4062,  -1116.7041,    539.3697,  24954.7715,
       1,     166,      97,      10,       1,       3,       1,     10.0000,      1.3801,     42.2927,    243.2085,     61.2065,      3.4953,      0.0963,      0.0642,     11.1312,      0.1715,      5.4622,     10.9244,      1.5152,     27.9762,     55.9525,      0.0188,      0.0012,      0.1201,      0.1974,   7486.4316,-424226.8125,  -1119.0997,    538.9089,  24954.7715,
       1,     166,      97,      11,       1,       3,       1,     10.0000,      1.3801,     42.2927,    243.2085,     61.2065,      3.4953,      0.1363,      0.1039,     19.3278,      0.1818,      5.4622,     10.9244,      1.6068,     27.9762,     55.9525,      0.0188,      0.0014,      0.1785,      0.1974,   7486.4316,-430534.9688,  -1121.3153,    538.4843,  24954.7715,
       1,     166,      97,      12,       1,       3,       1,     10.0000,      1.3801,     42.2927,    243.2085,     61.2065,      3.4953,      0.1714,      0.1389,     25.3803,      0.1851,      5.4622,     10.9244,      1.6357,     27.9762,     55.9525,      0.0188,      0.0014,      0.2301,      0.1974,   7486.4316,-441616.9375,  -1125.2089,    537.7385,  24954.7715,
       1,     166,      97,      13,       1,       3,       1,     10.0000,      1.3801,     42.2927,    243.2085,     61.2065,      3.4953,      0.1687,      0.1355,     25.7324,      0.2076,      5.4622,     10.9244,      1.8342,     27.9762,     55.9525,      0.0188,      0.0014,      0.2262,      0.1974,   7486.4316,-450358.5312,  -1128.2856,    537.1514,  24954.7715,
       1,     166,      97,      14,       1,       3,       1,     10.0000,      1.3801,     42.2927,    243.2085,     61.2065,      3.4953,      0.1833,      0.1500,     31.6017,      0.2115,      5.4622,     10.9244,      1.8688,     27.9762,     55.9525,      0.0188,      0.0016,      0.2474,      0.1974,   7486.4316,-451567.6875,  -1128.7277,    537.0706,  24954.7715,
       1,     166,      97,      15,       1,       3,       1,     10.0000,      1.3801,     42.2927,    243.2085,     61.2065,      3.4953,      0.1870,      0.1534,     58.4574,      0.2234,      5.4622,     10.9244,      1.9743,     27.9762,     55.9525,      0.0188,      0.0029,      0.2500,      0.1974,   7486.4316,-459218.2812,  -1131.7092,    536.5569,  24954.7715,
       1,     166,      97,      16,       1,       3,       1,     10.0000,      1.3801,     42.2927,    243.2085,     61.2065,      3.4953,      0.1729,      0.1393,     71.1806,      0.2243,      5.4622,     10.9244,      1.9821,     27.9762,     55.9525,      0.0188,      0.0039,      0.2273,      0.1974,   7486.4316,-494414.5625,  -1144.0864,    534.1966,  24954.7695,
       1,     166,      97,      17,       1,       3,       1,     10.0000,      1.3801,     42.2927,    243.2085,     61.2065,      3.4953,      0.1476,      0.1143,     67.1537,      0.2132,      5.4622,     10.9244,      1.8836,     27.9762,     55.9525,      0.0188,      0.0044,      0.1898,      0.1974,   7486.4312,-513841.1562,  -1151.0840,    532.9046,  24954.7695,
       1,     166,      97,      18,       1,       3,       1,     10.0000,      1.3801,     42.2927,    243.2085,     61.2065,      3.4953,      0.1347,      0.1018,     77.0209,      0.1978,      5.4622,     10.9244,      1.7478,     27.9762,     55.9525,      0.0188,      0.0057,      0.1694,      0.1973,   7486.4312,-510333.1875,  -1150.1278,    533.1398,  24954.7676,
       1,     166,      97,      19,       1,       3,       1,     10.0000,      1.3801,     42.2927,    243.2085,     61.2065,      3.4953,      0.0657,      0.0334,     31.1730,      0.1777,      5.4622,     10.9244,      1.5705,     27.9762,     55.9525,      0.0188,      0.0054,      0.0721,      0.1973,   7486.4307,-522727.3750,  -1154.7483,    532.3138,  24954.7676,
       1,     166,      97,      20,       1,       3,       1,     10.0000,      1.3801,     42.2927,    243.2085,     61.2065,      3.4953,      0.0143,     -0.0176,      7.6169,      0.1664,      5.4622,     10.9244,      1.4705,     27.9762,     55.9525,      0.0188,      0.0061,      0.0156,      0.1973,   7486.4307,-464783.5938,  -1134.6747,    536.1700,  24954.7656,
       1,     166,      97,      21,       1,       3,       1,     10.0000,      1.3801,     42.2927,    243.2085,     61.2065,      3.4953,      0.0000,     -0.0316,      7.5280,      0.1575,      5.4622,     10.9244,      1.3918,     27.9762,     55.9525,      0.0188,      0.0060,      0.0156,      0.1974,   7486.4302,-429534.9062,  -1122.3085,    538.5464,  24954.7637,
       1,     166,      97,      22,       1,       3,       1,     10.0000,      1.3801,     42.2927,    243.2085,     61.2065,      3.4953,      0.0000,     -0.0316,      6.4362,      0.1577,      5.4622,     10.9244,      1.3932,     27.9762,     55.9525,      0.0188,      0.0052,      0.0156,      0.1974,   7486.4292,-426371.0938,  -1121.1901,    538.7647,  24954.7637,
       1,     166,      97,      23,       1,       3,       1,     10.0000,      1.3801,     42.2927,    243.2085,     61.2065,      3.4953,      0.0000,     -0.0315,      5.7378,      0.1552,      5.4622,     10.9244,      1.3710,     27.9762,     55.9525,      0.0188,      0.0046,      0.0156,      0.1974,   7486.4292,-424687.2188,  -1120.5902,    538.8782,  24954.7637,
       1,     166,      97,      24,       1,       3,       1,     10.0000,      1.3801,     42.2927,    243.2085,     61.2065,      3.4953,      0.0000,     -0.0316,      4.6729,      0.1566,      5.4622,     10.9244,      1.3835,     27.9762,     55.9525,      0.0188,      0.0038,      0.0156,      0.1974,   7486.4292,-423643.7812,  -1120.2166,    538.9484,  24954.7637,
       1,     166,      98,       1,       1,       3,       1,     10.0000,      1.3802,     42.2930,    243.2143,     61.2079,      3.4953,      0.0000,     -0.0315,      3.7650,      0.1548,      5.4632,     10.9264,      1.3683,     27.9756,     55.9513,      0.0188,      0.0030,      0.0156,      0.1974,   7486.4292,-422341.1250,  -1120.2583,    539.0491,  24955.8926,
       1,     166,      98,       2,       1,       3,       1,     10.0000,      1.3802,     42.2930,    243.2143,     61.2079,      3.4953,      0.0000,     -0.0314,      2.7787,      0.1500,      5.4632,     10.9264,      1.3250,     27.9756,     55.9513,      0.0188,      0.0022,      0.0156,      0.1974,   7486.7681,-420907.1562,  -1119.2446,    539.1458,  24955.8926,
       1,     166,      98,       3,       1,       3,       1,     10.0000,      1.3802,     42.2930,    243.2143,     61.2079,      3.4953,      0.0000,     -0.0313,      2.2167,      0.1476,      5.4632,     10.9264,      1.3039,     27.9756,     55.9513,      0.0188,      0.0018,      0.0156,      0.1974,   7486.7681,-419515.6250,  -1118.7528,    539.2396,  24955.8926,
       1,     166,      98,       4,       1,       3,       1,     10.0000,      1.3802,     42.2930,    243.2143,     61.2079,      3.4953,      0.0000,     -0.0313,      1.9545,      0.1480,      5.4632,     10.9264,      1.3078,     27.9756,     55.9513,      0.0188,      0.0016,      0.0156,      0.1974,   7486.7681,-418672.8750,  -1118.4543,    539.2963,  24955.8926,
       1,     166,      98,       5,       1,       3,       1,     10.0000,      1.3802,     42.2930,    243.2143,     61.2079,      3.4953,      0.0000,     -0.0312,      1.9190,      0.1470,      5.4632,     10.9264,      1.2986,     27.9756,     55.9513,      0.0188,      0.0015,      0.0156,      0.1974,   7486.7681,-418263.0625,  -1118.3082,    539.3240,  24955.8926,
       1,     166,      98,       6,       1,       3,       1,     10.0000,      1.3802,     42.2930,    243.2143,     61.2079,      3.4953,      0.0000,     -0.0312,      1.9709,      0.1467,      5.4632,     10.9264,      1.2960,     27.9756,     55.9513,      0.0188,      0.0016,      0.0156,      0.1974,   7486.7681,-418181.8438,  -1118.2781,    539.3294,  24955.8926,
       1,     166,      98,       7,       1,       3,       1,     10.0000,      1.3802,     42.2930,    243.2143,     61.2079,      3.4953,      0.0000,     -0.0312,      1.6332,      0.1448,      5.4632,     10.9264,      1.2792,     27.9756,     55.9513,      0.0188,      0.0013,      0.0156,      0.1974,   7486.7681,-418241.6875,  -1118.2971,    539.3254,  24955.8926,
       1,     166,      98,       8,       1,       3,       1,     10.0000,      1.3802,     42.2930,    243.2143,     61.2079,      3.4953,      0.0082,     -0.0229,      1.6526,      0.1446,      5.4632,     10.9264,      1.2779,     27.9756,     55.9513,      0.0188,      0.0013,      0.0156,      0.1974,   7486.7681,-417812.7188,  -1118.1449,    539.3543,  24955.8926,
       1,     166,      98,       9,       1,       3,       1,     10.0000,      1.3802,     42.2930,    243.2143,     61.2079,      3.4953,      0.1200,      0.0885,     16.6892,      0.1539,      5.4632,     10.9264,      1.3601,     27.9756,     55.9513,      0.0188,      0.0014,      0.1548,      0.1974,   7486.7681,-417800.5938,  -1118.1390,    539.3552,  24955.8926,
       1,     166,      98,      10,       1,       3,       1,     10.0000,      1.3802,     42.2930,    243.2143,     61.2079,      3.4953,      0.1518,      0.1195,     21.3028,      0.1770,      5.4632,     10.9264,      1.5643,     27.9756,     55.9513,      0.0188,      0.0013,      0.2014,      0.1974,   7486.7681,-437121.1562,  -1124.9403,    538.0526,  24955.8926,
       1,     166,      98,      11,       1,       3,       1,     10.0000,      1.3802,     42.2930,    243.2143,     61.2079,      3.4953,      0.1338,      0.1010,     19.2790,      0.1947,      5.4632,     10.9264,      1.7204,     27.9756,     55.9513,      0.0188,      0.0014,      0.1747,      0.1974,   7486.7681,-444728.8750,  -1127.6295,    537.5425,  24955.8926,
       1,     166,      98,      12,       1,       3,       1,     10.0000,      1.3802,     42.2930,    243.2143,     61.2079,      3.4953,      0.1555,      0.1222,     21.9373,      0.2109,      5.4632,     10.9264,      1.8634,     27.9756,     55.9513,      0.0188,      0.0013,      0.2069,      0.1974,   7486.7681,-442784.3125,  -1126.9619,    537.6734,  24955.8926,
       1,     166,      98,      13,       1,       3,       1,     10.0000,      1.3802,     42.2930,    243.2143,     61.2079,      3.4953,      0.1788,      0.1451,     29.7035,      0.2270,      5.4632,     10.9264,      2.0055,     27.9756,     55.9513,      0.0188,      0.0015,      0.2411,      0.1974,   7486.7681,-446032.9688,  -1128.1205,    537.4550,  24955.8906,
       1,     166,      98,      14,       1,       3,       1,     10.0000,      1.3802,     42.2930,    243.2143,     61.2079,      3.4953,      0.1697,      0.1356,     40.5427,      0.2432,      5.4632,     10.9264,      2.1494,     27.9756,     55.9513,      0.0188,      0.0022,      0.2262,      0.1974,   7486.7676,-456298.0312,  -1131.7487,    536.7655,  24955.8926,
       1,     166,      98,      15,       1,       3,       1,     10.0000,      1.3802,     42.2930,    243.2143,     61.2079,      3.4953,      0.1699,      0.1359,     69.7838,      0.2404,      5.4632,     10.9264,      2.1244,     27.9756,     55.9513,      0.0188,      0.0039,      0.2231,      0.1974,   7486.7681,-471122.3438,  -1136.9952,    535.7713,  24955.8887,
       1,     166,      98,      16,       1,       3,       1,     10.0000,      1.3802,     42.2930,    243.2143,     61.2079,      3.4953,      0.1686,      0.1346,     93.0067,      0.2372,      5.4632,     10.9264,      2.0956,     27.9756,     55.9513,      0.0188,      0.0053,      0.2184,      0.1974,   7486.7671,-510009.8125,  -1150.7737,    533.1678,  24955.8887,
       1,     166,      98,      17,       1,       3,       1,     10.0000,      1.3802,     42.2930,    243.2143,     61.2079,      3.4953,      0.1320,      0.0983,     92.9942,      0.2245,      5.4632,     10.9264,      1.9841,     27.9756,     55.9513,      0.0188,      0.0071,      0.1633,      0.1974,   7486.7671,-543268.9375,  -1162.7551,    530.9576,  24955.8887,
       1,     166,      98,      18,       1,       3,       1,     10.0000,      1.3802,     42.2930,    243.2143,     61.2079,      3.4953,      0.1089,      0.0758,     83.3932,      0.2060,      5.4632,     10.9264,      1.8199,     27.9756,     55.9513,      0.0188,      0.0080,      0.1300,      0.1973,   7486.7671,-546128.1875,  -1164.1910,    530.7724,  24955.8867,
       1,     166,      98,      19,       1,       3,       1,     10.0000,      1.3802,     42.2930,    243.2143,     61.2079,      3.4953,      0.0610,      0.0284,     39.0643,      0.1873,      5.4632,     10.9264,      1.6553,     27.9756,     55.9513,      0.0188,      0.0077,      0.0639,      0.1973,   7486.7661,-534007.4375,  -1160.3571,    531.5766,  24955.8848,
       1,     166,      98,      20,       1,       3,       1,     10.0000,      1.3802,     42.2930,    243.2143,     61.2079,      3.4953,      0.0117,     -0.0203,      7.9365,      0.1708,      5.4632,     10.9264,      1.5092,     27.9756,     55.9513,      0.0188,      0.0064,      0.0156,      0.1973,   7486.7656,-475901.5312,  -1140.1913,    535.4382,  24955.8828,
       1,     166,      98,      21,       1,       3,       1,     10.0000,      1.3802,     42.2930,    243.2143,     61.2079,      3.4953,      0.0000,     -0.0318,      7.3480,      0.1638,      5.4632,     10.9264,      1.4472,     27.9756,     55.9513,      0.0188,      0.0059,      0.0156,      0.1974,   7486.7651,-430902.2188,  -1124.3640,    538.4641,  24955.8848,
       1,     166,      98,      22,       1,       3,       1,     10.0000,      1.3802,     42.2930,    243.2143,     61.2079,      3.4953,      0.0000,     -0.0317,      6.6226,      0.1594,      5.4632,     10.9264,      1.4087,     27.9756,     55.9513,      0.0188,      0.0053,      0.0156,      0.1974,   7486.7656,-426264.8750,  -1122.7217,    538.7847,  24955.8848,
       1,     166,      98,      23,       1,       3,       1,     10.0000,      1.3802,     42.2930,    243.2143,     61.2079,      3.4953,      0.0000,     -0.0317,      6.0959,      0.1591,      5.4632,     10.9264,      1.4059,     27.9756,     55.9513,      0.0188,      0.0049,      0.0156,      0.1974,   7486.7656,-424920.4062,  -1122.2429,    538.8753,  24955.8828,
       1,     166,      98,      24,       1,       3,       1,     10.0000,      1.3802,     42.2930,    243.2143,     61.2079,      3.4953,      0.0000,     -0.0317,      4.8548,      0.1593,      5.4632,     10.9264,      1.4073,     27.9756,     55.9513,      0.0188,      0.0039,      0.0156,      0.1974,   7486.7651,-424127.3438,  -1121.9597,    538.9288,  24955.8828,
       1,     166,      99,       1,       1,       3,       1,     10.0000,      1.3802,     42.2933,    243.2201,     61.2094,      3.4953,      0.0000,     -0.0316,      3.4816,      0.1574,      5.4634,     10.9268,      1.3905,     27.9753,     55.9506,      0.0188,      0.0028,      0.0156,      0.1975,   7486.7651,-422620.0312,  -1121.9323,    539.0432,  24957.0117,
       1,     166,      99,       2,       1,       3,       1,     10.0000,      1.3802,     42.2933,    243.2201,     61.2094,      3.4953,      0.0000,     -0.0315,      2.6684,      0.1527,      5.4634,     10.9268,      1.3493,     27.9753,     55.9506,      0.0188,      0.0021,      0.0156,      0.1975,   7487.1040,-420570.9688,  -1120.6992,    539.1813,  24957.0117,
       1,     166,      99,       3,       1,       3,       1,     10.0000,      1.3802,     42.2933,    243.2201,     61.2094,      3.4953,      0.0000,     -0.0314,      2.1331,      0.1513,      5.4634,     10.9268,      1.3371,     27.9753,     55.9506,      0.0188,      0.0017,      0.0156,      0.1975,   7487.1040,-419348.6562,  -1120.2657,    539.2637,  24957.0117,
       1,     166,      99,       4,       1,       3,       1,     10.0000,      1.3802,     42.2933,    243.2201,     61.2094,      3.4953,      0.0000,     -0.0314,      2.0049,      0.1521,      5.4634,     10.9268,      1.3438,     27.9753,     55.9506,      0.0188,      0.0016,      0.0156,      0.1975,   7487.1040,-418554.9688,  -1119.9843,    539.3172,  24957.0117,
       1,     166,      99,       5,       1,       3,       1,     10.0000,      1.3802,     42.2933,    243.2201,     61.2094,      3.4953,      0.0000,     -0.0314,      1.9092,      0.1518,      5.4634,     10.9268,      1.3411,     27.9753,     55.9506,      0.0188,      0.0015,      0.0156,      0.1975,   7487.1040,-418321.5938,  -1119.9012,    539.3329,  24957.0117,
       1,     166,      99,       6,       1,       3,       1,     10.0000,      1.3802,     42.2933,    243.2201,     61.2094,      3.4953,      0.0000,     -0.0314,      1.5968,      0.1522,      5.4634,     10.9268,      1.3452,     27.9753,     55.9506,      0.0188,      0.0013,      0.0156,      0.1975,   7487.1040,-418178.3438,  -1119.8496,    539.3425,  24957.0117,
       1,     166,      99,       7,       1,       3,       1,     10.0000,      1.3802,     42.2933,    243.2201,     61.2094,      3.4953,      0.0000,     -0.0314,      1.2797,      0.1525,      5.4634,     10.9268,      1.3479,     27.9753,     55.9506,      0.0188,      0.0010,      0.0156,      0.1975,   7487.1040,-417764.7188,  -1119.7026,    539.3705,  24957.0117,
       1,     166,      99,       8,       1,       3,       1,     10.0000,      1.3802,     42.2933,    243.2201,     61.2094,      3.4953,      0.0061,     -0.0255,      1.3346,      0.1549,      5.4634,     10.9268,      1.3683,     27.9753,     55.9506,      0.0188,      0.0011,      0.0156,      0.1975,   7487.1040,-417321.2188,  -1119.5457,    539.4003,  24957.0117,
       1,     166,      99,       9,       1,       3,       1,     10.0000,      1.3802,     42.2933,    243.2201,     61.2094,      3.4953,      0.1040,      0.0723,     12.8478,      0.1601,      5.4634,     10.9268,      1.4144,     27.9753,     55.9506,      0.0188,      0.0012,      0.1315,      0.1975,   7487.1040,-417353.4062,  -1119.5565,    539.3982,  24957.0117,
       1,     166,      99,      10,       1,       3,       1,     10.0000,      1.3802,     42.2933,    243.2201,     61.2094,      3.4953,      0.1585,      0.1266,     27.1960,      0.1671,      5.4634,     10.9268,      1.4765,     27.9753,     55.9506,      0.0188,      0.0016,      0.2107,      0.1975,   7487.1040,-432148.4688,  -1124.7928,    538.4006,  24957.0117,
       1,     166,      99,      11,       1,       3,       1,     10.0000,      1.3802,     42.2933,    243.2201,     61.2094,      3.4953,      0.1854,      0.1530,     37.0717,      0.1827,      5.4634,     10.9268,      1.6148,     27.9753,     55.9506,      0.0188,      0.0019,      0.2496,      0.1975,   7487.1040,-451871.2188,  -1131.7834,    537.0742,  24957.0098,
       1,     166,      99,      12,       1,       3,       1,     10.0000,      1.3802,     42.2933,    243.2201,     61.2094,      3.4953,      0.1861,      0.1532,     43.6381,      0.1976,      5.4634,     10.9268,      1.7461,     27.9753,     55.9506,      0.0188,      0.0022,      0.2500,      0.1974,   7487.1030,-466276.1875,  -1136.9056,    536.1088,  24957.0098,
       1,     166,      99,      13,       1,       3,       1,     10.0000,      1.3802,     42.2933,    243.2201,     61.2094,      3.4953,      0.1871,      0.1537,     58.2758,      0.2151,      5.4634,     10.9268,      1.9004,     27.9753,     55.9506,      0.0188,      0.0029,      0.2500,      0.1974,   7487.1030,-475964.3750,  -1140.3861,    535.4604,  24957.0078,
       1,     166,      99,      14,       1,       3,       1,     10.0000,      1.3802,     42.2933,    243.2201,     61.2094,      3.4953,      0.1873,      0.1537,     61.3018,      0.2232,      5.4634,     10.9268,      1.9725,     27.9753,     55.9506,      0.0188,      0.0031,      0.2500,      0.1974,   7487.1025,-495624.6250,  -1147.4445,    534.1450,  24957.0078,
       1,     166,      99,      15,       1,       3,       1,     10.0000,      1.3802,     42.2933,    243.2201,     61.2094,      3.4953,      0.1877,      0.1543,     66.5624,      0.2165,      5.4634,     10.9268,      1.9135,     27.9753,     55.9506,      0.0188,      0.0033,      0.2500,      0.1974,   7487.1025,-501218.6250,  -1149.6100,    533.7729,  24957.0078,
       1,     166,      99,      16,       1,       3,       1,     10.0000,      1.3802,     42.2933,    243.2201,     61.2094,      3.4953,      0.1834,      0.1502,     87.4456,      0.2107,      5.4634,     10.9268,      1.8616,     27.9753,     55.9506,      0.0188,      0.0045,      0.2411,      0.1974,   7487.1025,-508467.1875,  -1152.3950,    533.2895,  24957.0078,
       1,     166,      99,      17,       1,       3,       1,     10.0000,      1.3802,     42.2933,    243.2201,     61.2094,      3.4953,      0.1846,      0.1516,    103.4584,      0.2031,      5.4634,     10.9268,      1.7950,     27.9753,     55.9506,      0.0188,      0.0054,      0.2409,      0.1974,   7487.1025,-535961.0625,  -1162.4050,    531.4570,  24957.0059,
       1,     166,      99,      18,       1,       3,       1,     10.0000,      1.3802,     42.2933,    243.2201,     61.2094,      3.4953,      0.1602,      0.1273,    101.6763,      0.1961,      5.4634,     10.9268,      1.7324,     27.9753,     55.9506,      0.0188,      0.0062,      0.2045,      0.1974,   7487.1021,-558953.5625,  -1170.9620,    529.9326,  24957.0039,
       1,     166,      99,      19,       1,       3,       1,     10.0000,      1.3802,     42.2933,    243.2201,     61.2094,      3.4953,      0.1155,      0.0832,     70.8601,      0.1790,      5.4634,     10.9268,      1.5815,     27.9753,     55.9506,      0.0188,      0.0063,      0.1415,      0.1973,   7487.1016,-558644.8125,  -1171.3706,    529.9553,  24957.0059,
       1,     166,      99,      20,       1,       3,       1,     10.0000,      1.3802,     42.2933,    243.2201,     61.2094,      3.4953,      0.0294,     -0.0025,      9.7090,      0.1656,      5.4634,     10.9268,      1.4633,     27.9753,     55.9506,      0.0188,      0.0058,      0.0210,      0.1973,   7487.1021,-518934.8438,  -1157.7596,    532.5859,  24957.0020,
       1,     166,      99,      21,       1,       3,       1,     10.0000,      1.3802,     42.2933,    243.2201,     61.2094,      3.4953,      0.0000,     -0.0316,      6.7680,      0.1566,      5.4634,     10.9268,      1.3835,     27.9753,     55.9506,      0.0188,      0.0054,      0.0156,      0.1974,   7487.1011,-436844.8125,  -1128.8280,    538.0573,  24957.0000,
       1,     166,      99,      22,       1,       3,       1,     10.0000,      1.3802,     42.2933,    243.2201,     61.2094,      3.4953,      0.0000,     -0.0316,      6.2068,      0.1556,      5.4634,     10.9268,      1.3752,     27.9753,     55.9506,      0.0188,      0.0050,      0.0156,      0.1975,   7487.1001,-426061.8750,  -1124.9971,    538.8109,  24957.0000,
       1,     166,      99,      23,       1,       3,       1,     10.0000,      1.3802,     42.2933,    243.2201,     61.2094,      3.4953,      0.0000,     -0.0316,      5.8713,      0.1563,      5.4634,     10.9268,      1.3808,     27.9753,     55.9506,      0.0188,      0.0047,      0.0156,      0.1975,   7487.1001,-424372.6875,  -1124.3943,    538.9251,  24957.0000,
       1,     166,      99,      24,       1,       3,       1,     10.0000,      1.3802,     42.2933,    243.2201,     61.2094,      3.4953,      0.0000,     -0.0316,      4.5450,      0.1580,      5.4634,     10.9268,      1.3961,     27.9753,     55.9506,      0.0188,      0.0037,      0.0156,      0.1975,   7487.1001,-423794.7500,  -1124.1869,    538.9641,  24957.0000,
       1,     166,     100,       1,       1,       3,       1,     10.0000,      1.3802,     42.2937,    243.2259,     61.2108,      3.4953,      0.0000,     -0.0315,      3.6485,      0.1541,      5.4629,     10.9258,      1.3615,     27.9826,     55.9653,      0.0188,      0.0029,      0.0156,      0.1975,   7487.1001,-422196.9375,  -1124.1290,    539.0845,  24958.1309,
       1,     166,     100,       2,       1,       3,       1,     10.0000,      1.3802,     42.2937,    243.2259,     61.2108,      3.4953,      0.0000,     -0.0314,      3.0718,      0.1518,      5.4629,     10.9258,      1.3412,     27.9826,     55.9653,      0.0188,      0.0025,      0.0156,      0.1975,   7487.4395,-420752.4375,  -1123.1022,    539.1818,  24958.1309,
       1,     166,     100,       3,       1,       3,       1,     10.0000,      1.3802,     42.2937,    243.2259,     61.2108,      3.4953,      0.0000,     -0.0311,      3.0989,      0.1414,      5.4629,     10.9258,      1.2499,     27.9826,     55.9653,      0.0188,      0.0025,      0.0156,      0.1975,   7487.4395,-419886.5000,  -1122.7933,    539.2403,  24958.1309,
       1,     166,     100,       4,       1,       3,       1,     10.0000,      1.3802,     42.2937,    243.2259,     61.2108,      3.4953,      0.0000,     -0.0307,      3.0209,      0.1331,      5.4629,     10.9258,      1.1763,     27.9826,     55.9653,      0.0188,      0.0024,      0.0156,      0.1975,   7487.4395,-419846.1250,  -1135.5563,    539.2429,  24958.1309,
       1,     166,     100,       5,       1,       3,       1,     10.0000,      1.3802,     42.2937,    243.2259,     61.2108,      3.4953,      0.0000,     -0.0310,      3.1904,      0.1399,      5.4629,     10.9258,      1.2361,     27.9826,     55.9653,      0.0188,      0.0026,      0.0156,      0.1975,   7487.4395,-419742.5625,  -1133.9218,    539.2499,  24958.1309,
       1,     166,     100,       6,       1,       3,       1,     10.0000,      1.3802,     42.2937,    243.2259,     61.2108,      3.4953,      0.0000,     -0.0311,      2.8873,      0.1438,      5.4629,     10.9258,      1.2702,     27.9826,     55.9653,      0.0188,      0.0023,      0.0156,      0.1975,   7487.4395,-419951.3438,  -1134.1378,    539.2358,  24958.1309,
       1,     166,     100,       7,       1,       3,       1,     10.0000,      1.3802,     42.2937,    243.2259,     61.2108,      3.4953,      0.0000,     -0.0313,      2.4807,      0.1471,      5.4629,     10.9258,      1.3000,     27.9826,     55.9653,      0.0188,      0.0020,      0.0156,      0.1975,   7487.4395,-419580.1250,  -1134.1343,    539.2609,  24958.1309,
       1,     166,     100,       8,       1,       3,       1,     10.0000,      1.3802,     42.2937,    243.2259,     61.2108,      3.4953,      0.0069,     -0.0244,      1.5706,      0.1488,      5.4629,     10.9258,      1.3145,     27.9826,     55.9653,      0.0188,      0.0013,      0.0156,      0.1975,   7487.4395,-419025.5312,  -1134.0442,    539.2983,  24958.1309,
       1,     166,     100,       9,       1,       3,       1,     10.0000,      1.3802,     42.2937,    243.2259,     61.2108,      3.4953,      0.0611,      0.0298,      3.7722,      0.1504,      5.4629,     10.9258,      1.3291,     27.9826,     55.9653,      0.0188,      0.0007,      0.0693,      0.1975,   7487.4395,-417808.2500,  -1132.4304,    539.3803,  24958.1309,
       1,     166,     100,      10,       1,       3,       1,     10.0000,      1.3802,     42.2937,    243.2259,     61.2108,      3.4953,      0.1029,      0.0713,     11.3438,      0.1563,      5.4629,     10.9258,      1.3808,     27.9826,     55.9653,      0.0188,      0.0011,      0.1301,      0.1975,   7487.4395,-420531.2188,  -1108.1976,    539.1967,  24958.1953,
       1,     166,     100,      11,       1,       3,       1,     10.0000,      1.3802,     42.2937,    243.2259,     61.2108,      3.4953,      0.1753,      0.1432,     31.2937,      0.1727,      5.4629,     10.9258,      1.5259,     27.9826,     55.9653,      0.0188,      0.0017,      0.2352,      0.1975,   7487.4590,-430486.6562,  -1112.0857,    538.5257,  24958.1543,
       1,     166,     100,      12,       1,       3,       1,     10.0000,      1.3802,     42.2937,    243.2259,     61.2108,      3.4953,      0.1803,      0.1478,     42.6382,      0.1866,      5.4629,     10.9258,      1.6488,     27.9826,     55.9653,      0.0188,      0.0022,      0.2414,      0.1975,   7487.4468,-456988.5625,  -1122.3639,    536.7422,  24958.1309,
       1,     166,     100,      13,       1,       3,       1,     10.0000,      1.3802,     42.2937,    243.2259,     61.2108,      3.4953,      0.1837,      0.1508,     46.1689,      0.1978,      5.4629,     10.9258,      1.7479,     27.9826,     55.9653,      0.0188,      0.0024,      0.2461,      0.1975,   7487.4395,-473874.2812,  -1130.0922,    535.6122,  24958.1289,
       1,     166,     100,      14,       1,       3,       1,     10.0000,      1.3802,     42.2937,    243.2259,     61.2108,      3.4953,      0.1740,      0.1409,     39.4406,      0.2041,      5.4629,     10.9258,      1.8039,     27.9826,     55.9653,      0.0188,      0.0021,      0.2325,      0.1974,   7487.4390,-479872.9688,  -1134.5082,    535.2118,  24958.1270,
       1,     166,     100,      15,       1,       3,       1,     10.0000,      1.3802,     42.2937,    243.2259,     61.2108,      3.4953,      0.1695,      0.1364,     45.2086,      0.2058,      5.4629,     10.9258,      1.8182,     27.9826,     55.9653,      0.0188,      0.0025,      0.2251,      0.1974,   7487.4385,-471738.4062,  -1133.8560,    535.7562,  24958.1309,
       1,     166,     100,      16,       1,       3,       1,     10.0000,      1.3802,     42.2937,    243.2259,     61.2108,      3.4953,      0.1796,      0.1465,     74.9398,      0.2050,      5.4629,     10.9258,      1.8111,     27.9826,     55.9653,      0.0188,      0.0040,      0.2367,      0.1975,   7487.4395,-478451.9375,  -1137.8293,    535.3068,  24958.1289,
       1,     166,     100,      17,       1,       3,       1,     10.0000,      1.3802,     42.2937,    243.2259,     61.2108,      3.4953,      0.1401,      0.1070,     74.8549,      0.2025,      5.4629,     10.9258,      1.7898,     27.9826,     55.9653,      0.0188,      0.0053,      0.1776,      0.1974,   7487.4390,-517261.4375,  -1152.8104,    532.7101,  24957.0312,
       1,     166,     100,      18,       1,       3,       1,     10.0000,      1.3802,     42.2937,    243.2259,     61.2108,      3.4953,      0.0804,      0.0478,     41.3260,      0.1885,      5.4629,     10.9258,      1.6653,     27.9826,     55.9653,      0.0188,      0.0056,      0.0926,      0.1974,   7487.1099,-520655.2812,  -1156.4825,    532.4905,  24957.0039,
       1,     166,     100,      19,       1,       3,       1,     10.0000,      1.3802,     42.2937,    243.2259,     61.2108,      3.4953,      0.0767,      0.0445,     40.6733,      0.1769,      5.4629,     10.9258,      1.5628,     27.9826,     55.9653,      0.0188,      0.0058,      0.0874,      0.1974,   7487.1016,-477802.2188,  -1144.1108,    535.3428,  24958.1250,
       1,     166,     100,      20,       1,       3,       1,     10.0000,      1.3802,     42.2937,    243.2259,     61.2108,      3.4953,      0.0158,     -0.0160,      0.9691,      0.1651,      5.4629,     10.9258,      1.4589,     27.9826,     55.9653,      0.0188,      0.0062,      0.0020,      0.1974,   7487.4380,-473154.7500,  -1143.5552,    535.6616,  24958.1230,
       1,     166,     100,      21,       1,       3,       1,     10.0000,      1.3802,     42.2937,    243.2259,     61.2108,      3.4953,      0.0000,     -0.0312,      8.0063,      0.1451,      5.4629,     10.9258,      1.2818,     27.9826,     55.9653,      0.0188,      0.0064,      0.0156,      0.1974,   7487.4370,-421695.8438,  -1127.7129,    539.1072,  24958.1230,
       1,     166,     100,      22,       1,       3,       1,     10.0000,      1.3802,     42.2937,    243.2259,     61.2108,      3.4953,      0.0000,     -0.0308,      8.0638,      0.1358,      5.4629,     10.9258,      1.2004,     27.9826,     55.9653,      0.0188,      0.0065,      0.0156,      0.1975,   7487.4370,-426322.9375,  -1098.2875,    538.8065,  24958.7383,
       1,     166,     100,      23,       1,       3,       1,     10.0000,      1.3802,     42.2937,    243.2259,     61.2108,      3.4953,      0.0000,     -0.0311,      6.5192,      0.1417,      5.4629,     10.9258,      1.2524,     27.9826,     55.9653,      0.0188,      0.0052,      0.0156,      0.1975,   7487.6216,-426708.3750,  -1101.6249,    538.7806,  24958.6074,
       1,     166,     100,      24,       1,       3,       1,     10.0000,      1.3802,     42.2937,    243.2259,     61.2108,      3.4953,      0.0000,     -0.0313,      6.0524,      0.1483,      5.4629,     10.9258,      1.3105,     27.9826,     55.9653,      0.0188,      0.0049,      0.0156,      0.1975,   7487.5825,-424773.0312,  -1103.7114,    538.9109,  24958.4980,
       1,     166,     101,       1,       1,       3,       1,     10.0000,      1.3802,     42.2940,    243.2317,     61.2123,      3.4953,      0.0000,     -0.0315,      4.9211,      0.1533,      5.4635,     10.9270,      1.3547,     27.9820,     55.9640,      0.0188,      0.0040,      0.0156,      0.1975,   7487.5498,-424175.5000,  -1106.2731,    538.9641,  24959.5293,
       1,     166,     101,       2,       1,       3,       1,     10.0000,      1.3802,     42.2940,    243.2317,     61.2123,      3.4953,      0.0000,     -0.0314,      2.7638,      0.1498,      5.4635,     10.9270,      1.3238,     27.9820,     55.9640,      0.0188,      0.0022,      0.0156,      0.1975,   7487.8589,-422528.1562,  -1107.1044,    539.0751,  24959.4473,
       1,     166,     101,       3,       1,       3,       1,     10.0000,      1.3802,     42.2940,    243.2317,     61.2123,      3.4953,      0.0000,     -0.0313,      1.5114,      0.1489,      5.4635,     10.9270,      1.3158,     27.9820,     55.9640,      0.0188,      0.0012,      0.0156,      0.1975,   7487.8345,-419624.2812,  -1107.1479,    539.2707,  24959.4023,
       1,     166,     101,       4,       1,       3,       1,     10.0000,      1.3802,     42.2940,    243.2317,     61.2123,      3.4953,      0.0000,     -0.0313,      1.8592,      0.1476,      5.4635,     10.9270,      1.3040,     27.9820,     55.9640,      0.0188,      0.0015,      0.0156,      0.1975,   7487.8208,-417769.7812,  -1107.0216,    539.3958,  24959.3789,
       1,     166,     101,       5,       1,       3,       1,     10.0000,      1.3802,     42.2940,    243.2317,     61.2123,      3.4953,      0.0000,     -0.0314,      2.1622,      0.1500,      5.4635,     10.9270,      1.3251,     27.9820,     55.9640,      0.0188,      0.0017,      0.0156,      0.1975,   7487.8140,-418058.6250,  -1107.6583,    539.3763,  24959.3496,
       1,     166,     101,       6,       1,       3,       1,     10.0000,      1.3802,     42.2940,    243.2317,     61.2123,      3.4953,      0.0000,     -0.0313,      2.8597,      0.1491,      5.4635,     10.9270,      1.3172,     27.9820,     55.9640,      0.0188,      0.0023,      0.0156,      0.1975,   7487.8052,-418476.4062,  -1108.4302,    539.3481,  24959.3203,
       1,     166,     101,       7,       1,       3,       1,     10.0000,      1.3802,     42.2940,    243.2317,     61.2123,      3.4953,      0.0000,     -0.0313,      2.6863,      0.1486,      5.4635,     10.9270,      1.3132,     27.9820,     55.9640,      0.0188,      0.0022,      0.0156,      0.1975,   7487.7964,-419412.3438,  -1109.5853,    539.2850,  24959.2754,
       1,     166,     101,       8,       1,       3,       1,     10.0000,      1.3802,     42.2940,    243.2317,     61.2123,      3.4953,      0.0144,     -0.0170,      0.0960,      0.1506,      5.4635,     10.9270,      1.3305,     27.9820,     55.9640,      0.0188,      0.0024,      0.0005,      0.1975,   7487.7827,-419275.9688,  -1110.3416,    539.2942,  24959.2539,
       1,     166,     101,       9,       1,       3,       1,     10.0000,      1.3802,     42.2940,    243.2317,     61.2123,      3.4953,      0.1187,      0.0870,     30.6491,      0.1622,      5.4635,     10.9270,      1.4329,     27.9820,     55.9640,      0.0188,      0.0025,      0.1512,      0.1975,   7487.7764,-415939.4062,  -1110.1620,    539.5191,  24959.2559,
       1,     166,     101,      10,       1,       3,       1,     10.0000,      1.3802,     42.2940,    243.2317,     61.2123,      3.4953,      0.1680,      0.1357,     45.2690,      0.1777,      5.4635,     10.9270,      1.5706,     27.9820,     55.9640,      0.0188,      0.0025,      0.2226,      0.1975,   7487.7769,-454895.1250,  -1123.9468,    536.8921,  24959.2539,
       1,     166,     101,      11,       1,       3,       1,     10.0000,      1.3802,     42.2940,    243.2317,     61.2123,      3.4953,      0.1867,      0.1543,     50.3651,      0.1828,      5.4635,     10.9270,      1.6149,     27.9820,     55.9640,      0.0188,      0.0025,      0.2500,      0.1975,   7487.7764,-477075.2500,  -1133.1758,    535.4099,  24959.2539,
       1,     166,     101,      12,       1,       3,       1,     10.0000,      1.3802,     42.2940,    243.2317,     61.2123,      3.4953,      0.1866,      0.1540,     50.1300,      0.1894,      5.4635,     10.9270,      1.6736,     27.9820,     55.9640,      0.0188,      0.0025,      0.2500,      0.1975,   7487.7764,-485541.3438,  -1138.5258,    534.8453,  24959.2520,
       1,     166,     101,      13,       1,       3,       1,     10.0000,      1.3802,     42.2940,    243.2317,     61.2123,      3.4953,      0.1865,      0.1537,     49.2852,      0.1955,      5.4635,     10.9270,      1.7274,     27.9820,     55.9640,      0.0188,      0.0025,      0.2500,      0.1975,   7487.7759,-485968.3750,  -1141.4419,    534.8171,  24958.2480,
       1,     166,     101,      14,       1,       3,       1,     10.0000,      1.3802,     42.2940,    243.2317,     61.2123,      3.4953,      0.1880,      0.1552,     67.9277,      0.1941,      5.4635,     10.9270,      1.7155,     27.9820,     55.9640,      0.0188,      0.0034,      0.2500,      0.1975,   7487.4746,-485041.1250,  -1144.3815,    534.8791,  24958.2246,
       1,     166,     101,      15,       1,       3,       1,     10.0000,      1.3802,     42.2940,    243.2317,     61.2123,      3.4953,      0.1900,      0.1572,     92.6472,      0.1920,      5.4635,     10.9270,      1.6969,     27.9820,     55.9640,      0.0188,      0.0046,      0.2500,      0.1975,   7487.4678,-508934.5625,  -1155.0001,    533.2816,  24958.1465,
       1,     166,     101,      16,       1,       3,       1,     10.0000,      1.3802,     42.2940,    243.2317,     61.2123,      3.4953,      0.1827,      0.1501,     95.0879,      0.1888,      5.4635,     10.9270,      1.6686,     27.9820,     55.9640,      0.0188,      0.0050,      0.2389,      0.1974,   7487.4443,-542809.6250,  -1168.8101,    531.0258,  24959.2461,
       1,     166,     101,      17,       1,       3,       1,     10.0000,      1.3802,     42.2940,    243.2317,     61.2123,      3.4953,      0.1498,      0.1176,     78.2429,      0.1762,      5.4635,     10.9270,      1.5566,     27.9820,     55.9640,      0.0188,      0.0051,      0.1918,      0.1974,   7487.7739,-548749.9375,  -1172.4724,    530.6362,  24959.2461,
       1,     166,     101,      18,       1,       3,       1,     10.0000,      1.3802,     42.2940,    243.2317,     61.2123,      3.4953,      0.1578,      0.1260,     87.2522,      0.1643,      5.4635,     10.9270,      1.4517,     27.9820,     55.9640,      0.0188,      0.0054,      0.2026,      0.1974,   7487.7739,-527574.6875,  -1167.0322,    532.0410,  24959.2461,
       1,     166,     101,      19,       1,       3,       1,     10.0000,      1.3802,     42.2940,    243.2317,     61.2123,      3.4953,      0.0984,      0.0667,     51.2316,      0.1605,      5.4635,     10.9270,      1.4187,     27.9820,     55.9640,      0.0188,      0.0054,      0.1187,      0.1974,   7487.7739,-537347.7500,  -1171.8912,    531.3928,  24959.2461,
       1,     166,     101,      20,       1,       3,       1,     10.0000,      1.3802,     42.2940,    243.2317,     61.2123,      3.4953,      0.0172,     -0.0145,      1.6210,      0.1583,      5.4635,     10.9270,      1.3989,     27.9820,     55.9640,      0.0188,      0.0049,      0.0041,      0.1974,   7487.7739,-491835.1250,  -1157.7587,    534.4164,  24959.2461,
       1,     166,     101,      21,       1,       3,       1,     10.0000,      1.3802,     42.2940,    243.2317,     61.2123,      3.4953,      0.0000,     -0.0316,      5.7789,      0.1561,      5.4635,     10.9270,      1.3794,     27.9820,     55.9640,      0.0188,      0.0046,      0.0156,      0.1975,   7487.7739,-424143.2812,  -1135.5643,    538.9470,  24959.2422,
       1,     166,     101,      22,       1,       3,       1,     10.0000,      1.3802,     42.2940,    243.2317,     61.2123,      3.4953,      0.0000,     -0.0316,      4.9855,      0.1561,      5.4635,     10.9270,      1.3794,     27.9820,     55.9640,      0.0188,      0.0040,      0.0156,      0.1975,   7487.7729,-423687.0312,  -1135.9071,    538.9969,  24959.2422,
       1,     166,     101,      23,       1,       3,       1,     10.0000,      1.3802,     42.2940,    243.2317,     61.2123,      3.4953,      0.0000,     -0.0315,      4.1228,      0.1530,      5.4635,     10.9270,      1.3520,     27.9820,     55.9640,      0.0188,      0.0033,      0.0156,      0.1975,   7487.7729,-422603.6562,  -1135.9373,    539.0699,  24959.2422,
       1,     166,     101,      24,       1,       3,       1,     10.0000,      1.3802,     42.2940,    243.2317,     61.2123,      3.4953,      0.0000,     -0.0315,      3.6867,      0.1538,      5.4635,     10.9270,      1.3588,     27.9820,     55.9640,      0.0188,      0.0030,      0.0156,      0.1975,   7487.7729,-421401.5938,  -1135.8302,    539.1509,  24959.2422,
       1,     166,     102,       1,       1,       3,       1,     10.0000,      1.3803,     42.2943,    243.2375,     61.2137,      3.4953,      0.0000,     -0.0315,      3.5891,      0.1544,      5.4628,     10.9257,      1.3643,     27.9887,     55.9774,      0.0188,      0.0029,      0.0156,      0.1975,   7487.7729,-420893.8438,  -1136.3984,    539.1979,  24960.3711,
       1,     166,     102,       2,       1,       3,       1,     10.0000,      1.3803,     42.2943,    243.2375,     61.2137,      3.4953,      0.0000,     -0.0316,      3.3379,      0.1558,      5.4628,     10.9257,      1.3767,     27.9887,     55.9774,      0.0188,      0.0027,      0.0156,      0.1975,   7488.1118,-420570.3750,  -1136.0350,    539.2197,  24960.3711,
       1,     166,     102,       3,       1,       3,       1,     10.0000,      1.3803,     42.2943,    243.2375,     61.2137,      3.4953,      0.0000,     -0.0315,      3.3900,      0.1529,      5.4628,     10.9257,      1.3507,     27.9887,     55.9774,      0.0188,      0.0027,      0.0156,      0.1975,   7488.1118,-420219.7188,  -1136.1301,    539.2433,  24960.3711,
       1,     166,     102,       4,       1,       3,       1,     10.0000,      1.3803,     42.2943,    243.2375,     61.2137,      3.4953,      0.0000,     -0.0314,      3.0885,      0.1516,      5.4628,     10.9257,      1.3399,     27.9887,     55.9774,      0.0188,      0.0025,      0.0156,      0.1975,   7488.1118,-420256.3125,  -1136.3540,    539.2409,  24960.3711,
       1,     166,     102,       5,       1,       3,       1,     10.0000,      1.3803,     42.2943,    243.2375,     61.2137,      3.4953,      0.0000,     -0.0314,      3.1040,      0.1524,      5.4628,     10.9257,      1.3466,     27.9887,     55.9774,      0.0188,      0.0025,      0.0156,      0.1975,   7488.1118,-419872.0938,  -1136.4059,    539.2667,  24960.3711,
       1,     166,     102,       6,       1,       3,       1,     10.0000,      1.3803,     42.2943,    243.2375,     61.2137,      3.4953,      0.0000,     -0.0314,      3.0674,      0.1497,      5.4628,     10.9257,      1.3225,     27.9887,     55.9774,      0.0188,      0.0025,      0.0156,      0.1975,   7488.1118,-419858.8125,  -1136.5802,    539.2676,  24960.3711,
       1,     166,     102,       7,       1,       3,       1,     10.0000,      1.3803,     42.2943,    243.2375,     61.2137,      3.4953,      0.0000,     -0.0313,      3.2326,      0.1483,      5.4628,     10.9257,      1.3106,     27.9887,     55.9774,      0.0188,      0.0026,      0.0156,      0.1975,   7488.1118,-419810.8438,  -1136.7319,    539.2709,  24960.3711,
       1,     166,     102,       8,       1,       3,       1,     10.0000,      1.3803,     42.2943,    243.2375,     61.2137,      3.4953,      0.0083,     -0.0230,      3.2017,      0.1489,      5.4628,     10.9257,      1.3159,     27.9887,     55.9774,      0.0188,      0.0026,      0.0156,      0.1975,   7488.1118,-420018.6875,  -1136.9764,    539.2568,  24960.3711,
       1,     166,     102,       9,       1,       3,       1,     10.0000,      1.3803,     42.2943,    243.2375,     61.2137,      3.4953,      0.1026,      0.0710,     26.5359,      0.1553,      5.4628,     10.9257,      1.3726,     27.9887,     55.9774,      0.0188,      0.0026,      0.1279,      0.1975,   7488.1118,-419997.0625,  -1137.1385,    539.2583,  24960.3711,
       1,     166,     102,      10,       1,       3,       1,     10.0000,      1.3803,     42.2943,    243.2375,     61.2137,      3.4953,      0.1720,      0.1400,     57.7100,      0.1705,      5.4628,     10.9257,      1.5063,     27.9887,     55.9774,      0.0188,      0.0032,      0.2271,      0.1975,   7488.1118,-449965.4062,  -1147.6853,    537.2382,  24960.3691,
       1,     166,     102,      11,       1,       3,       1,     10.0000,      1.3803,     42.2943,    243.2375,     61.2137,      3.4953,      0.1876,      0.1553,     61.4396,      0.1776,      5.4628,     10.9257,      1.5691,     27.9887,     55.9774,      0.0188,      0.0031,      0.2500,      0.1975,   7488.1108,-492627.5625,  -1162.8414,    534.3770,  24960.3691,
       1,     166,     102,      12,       1,       3,       1,     10.0000,      1.3803,     42.2943,    243.2375,     61.2137,      3.4953,      0.1880,      0.1557,     66.9644,      0.1810,      5.4628,     10.9257,      1.5990,     27.9887,     55.9774,      0.0188,      0.0034,      0.2500,      0.1975,   7488.1108,-501126.7188,  -1166.4315,    533.8169,  24960.3691,
       1,     166,     102,      13,       1,       3,       1,     10.0000,      1.3803,     42.2943,    243.2375,     61.2137,      3.4953,      0.1883,      0.1556,     71.0947,      0.1901,      5.4628,     10.9257,      1.6802,     27.9887,     55.9774,      0.0188,      0.0036,      0.2500,      0.1975,   7488.1108,-508955.7188,  -1169.8279,    533.2948,  24960.3672,
       1,     166,     102,      14,       1,       3,       1,     10.0000,      1.3803,     42.2943,    243.2375,     61.2137,      3.4953,      0.1888,      0.1562,     78.0865,      0.1901,      5.4628,     10.9257,      1.6802,     27.9887,     55.9774,      0.0188,      0.0039,      0.2500,      0.1975,   7488.1104,-514943.8438,  -1172.6259,    532.8959,  24960.3691,
       1,     166,     102,      15,       1,       3,       1,     10.0000,      1.3803,     42.2943,    243.2375,     61.2137,      3.4953,      0.1902,      0.1575,     96.0975,      0.1909,      5.4628,     10.9257,      1.6869,     27.9887,     55.9774,      0.0188,      0.0048,      0.2500,      0.1975,   7488.1108,-524453.1875,  -1176.6438,    532.2625,  24960.3672,
       1,     166,     102,      16,       1,       3,       1,     10.0000,      1.3803,     42.2943,    243.2375,     61.2137,      3.4953,      0.1918,      0.1592,    116.6181,      0.1892,      5.4628,     10.9257,      1.6719,     27.9887,     55.9774,      0.0188,      0.0058,      0.2500,      0.1974,   7488.1104,-548444.7500,  -1185.7323,    530.6667,  24960.3652,
       1,     166,     102,      17,       1,       3,       1,     10.0000,      1.3803,     42.2943,    243.2375,     61.2137,      3.4953,      0.1645,      0.1322,    105.2306,      0.1776,      5.4628,     10.9257,      1.5691,     27.9887,     55.9774,      0.0188,      0.0063,      0.2104,      0.1974,   7488.1099,-576929.6875,  -1196.5354,    528.7797,  24960.3652,
       1,     166,     102,      18,       1,       3,       1,     10.0000,      1.3803,     42.2943,    243.2375,     61.2137,      3.4953,      0.1401,      0.1081,     91.2896,      0.1688,      5.4628,     10.9257,      1.4914,     27.9887,     55.9774,      0.0188,      0.0065,      0.1758,      0.1974,   7488.1099,-564731.0000,  -1193.0757,    529.5892,  24960.3633,
       1,     166,     102,      19,       1,       3,       1,     10.0000,      1.3803,     42.2943,    243.2375,     61.2137,      3.4953,      0.0993,      0.0675,     59.9338,      0.1641,      5.4628,     10.9257,      1.4503,     27.9887,     55.9774,      0.0188,      0.0063,      0.1190,      0.1974,   7488.1094,-545731.2500,  -1187.0907,    530.8477,  24960.3652,
       1,     166,     102,      20,       1,       3,       1,     10.0000,      1.3803,     42.2943,    243.2375,     61.2137,      3.4953,      0.0193,     -0.0122,      3.5985,      0.1549,      5.4628,     10.9257,      1.3684,     27.9887,     55.9774,      0.0188,      0.0062,      0.0072,      0.1974,   7488.1099,-503746.1562,  -1172.7935,    533.6351,  24960.3613,
       1,     166,     102,      21,       1,       3,       1,     10.0000,      1.3803,     42.2943,    243.2375,     61.2137,      3.4953,      0.0000,     -0.0313,      7.5827,      0.1495,      5.4628,     10.9257,      1.3212,     27.9887,     55.9774,      0.0188,      0.0061,      0.0156,      0.1975,   7488.1089,-427702.0938,  -1146.1301,    538.7150,  24960.3594,
       1,     166,     102,      22,       1,       3,       1,     10.0000,      1.3803,     42.2943,    243.2375,     61.2137,      3.4953,      0.0000,     -0.0313,      7.0276,      0.1486,      5.4628,     10.9257,      1.3132,     27.9887,     55.9774,      0.0188,      0.0056,      0.0156,      0.1975,   7488.1079,-426321.9062,  -1145.6415,    538.8322,  24960.3594,
       1,     166,     102,      23,       1,       3,       1,     10.0000,      1.3803,     42.2943,    243.2375,     61.2137,      3.4953,      0.0000,     -0.0312,      6.3298,      0.1462,      5.4628,     10.9257,      1.2922,     27.9887,     55.9774,      0.0188,      0.0051,      0.0156,      0.1975,   7488.1079,-425458.3438,  -1145.3217,    538.8903,  24960.3633,
       1,     166,     102,      24,       1,       3,       1,     10.0000,      1.3803,     42.2943,    243.2375,     61.2137,      3.4953,      0.0000,     -0.0312,      6.0137,      0.1454,      5.4628,     10.9257,      1.2845,     27.9887,     55.9774,      0.0188,      0.0048,      0.0156,      0.1975,   7488.1094,-424486.6875,  -1144.9541,    538.9557,  24960.3633,
       1,     166,     103,       1,       1,       3,       1,     10.0000,      1.3803,     42.2947,    243.2433,     61.2152,      3.4953,      0.0000,     -0.0311,      5.4242,      0.1432,      5.4635,     10.9270,      1.2652,     27.9954,     55.9908,      0.0188,      0.0044,      0.0156,      0.1976,   7488.1094,-424153.1875,  -1145.3202,    538.9911,  24961.4922,
       1,     166,     103,       2,       1,       3,       1,     10.0000,      1.3803,     42.2947,    243.2433,     61.2152,      3.4953,      0.0000,     -0.0311,      4.7454,      0.1435,      5.4635,     10.9270,      1.2678,     27.9954,     55.9908,      0.0188,      0.0038,      0.0156,      0.1976,   7488.4478,-423212.7812,  -1144.4468,    539.0544,  24961.4902,
       1,     166,     103,       3,       1,       3,       1,     10.0000,      1.3803,     42.2947,    243.2433,     61.2152,      3.4953,      0.0000,     -0.0310,      4.3940,      0.1407,      5.4635,     10.9270,      1.2437,     27.9954,     55.9908,      0.0188,      0.0035,      0.0156,      0.1976,   7488.4473,-422260.0000,  -1144.0795,    539.1186,  24961.4902,
       1,     166,     103,       4,       1,       3,       1,     10.0000,      1.3803,     42.2947,    243.2433,     61.2152,      3.4953,      0.0000,     -0.0311,      4.2338,      0.1429,      5.4635,     10.9270,      1.2627,     27.9954,     55.9908,      0.0188,      0.0034,      0.0156,      0.1976,   7488.4473,-421726.3125,  -1143.8588,    539.1547,  24961.4922,
       1,     166,     103,       5,       1,       3,       1,     10.0000,      1.3803,     42.2947,    243.2433,     61.2152,      3.4953,      0.0000,     -0.0311,      4.0443,      0.1433,      5.4635,     10.9270,      1.2665,     27.9954,     55.9908,      0.0188,      0.0032,      0.0156,      0.1976,   7488.4478,-421473.8750,  -1143.7347,    539.1716,  24961.4922,
       1,     166,     103,       6,       1,       3,       1,     10.0000,      1.3803,     42.2947,    243.2433,     61.2152,      3.4953,      0.0000,     -0.0310,      3.9093,      0.1385,      5.4635,     10.9270,      1.2238,     27.9954,     55.9908,      0.0188,      0.0031,      0.0156,      0.1976,   7488.4478,-421208.7188,  -1143.6074,    539.1895,  24961.4922,
       1,     166,     103,       7,       1,       3,       1,     10.0000,      1.3803,     42.2947,    243.2433,     61.2152,      3.4953,      0.0000,     -0.0306,      3.6044,      0.1290,      5.4635,     10.9270,      1.1400,     27.9954,     55.9908,      0.0188,      0.0029,      0.0156,      0.1976,   7488.4478,-421012.3750,  -1143.7721,    539.2028,  24961.4922,
       1,     166,     103,       8,       1,       3,       1,     10.0000,      1.3803,     42.2947,    243.2433,     61.2152,      3.4953,      0.0129,     -0.0178,      3.4957,      0.1311,      5.4635,     10.9270,      1.1586,     27.9954,     55.9908,      0.0188,      0.0028,      0.0156,      0.1976,   7488.4478,-420603.7188,  -1143.7233,    539.2303,  24961.4922,
       1,     166,     103,       9,       1,       3,       1,     10.0000,      1.3803,     42.2947,    243.2433,     61.2152,      3.4953,      0.1191,      0.0882,     33.7863,      0.1359,      5.4635,     10.9270,      1.2005,     27.9954,     55.9908,      0.0188,      0.0028,      0.1516,      0.1976,   7488.4478,-420428.8125,  -1141.6146,    539.2421,  24961.4902,
       1,     166,     103,      10,       1,       3,       1,     10.0000,      1.3803,     42.2947,    243.2433,     61.2152,      3.4953,      0.1704,      0.1388,     55.5409,      0.1566,      5.4635,     10.9270,      1.3837,     27.9954,     55.9908,      0.0188,      0.0031,      0.2249,      0.1976,   7488.4473,-459314.6250,  -1155.4135,    536.6210,  24961.4902,
       1,     166,     103,      11,       1,       3,       1,     10.0000,      1.3803,     42.2947,    243.2433,     61.2152,      3.4953,      0.1773,      0.1450,     49.2254,      0.1778,      5.4635,     10.9270,      1.5707,     27.9954,     55.9908,      0.0188,      0.0026,      0.2360,      0.1975,   7488.4473,-490651.9062,  -1166.8079,    534.5253,  24961.4902,
       1,     166,     103,      12,       1,       3,       1,     10.0000,      1.3803,     42.2947,    243.2433,     61.2152,      3.4953,      0.1845,      0.1516,     23.9250,      0.1976,      5.4635,     10.9270,      1.7463,     27.9954,     55.9908,      0.0188,      0.0012,      0.2500,      0.1975,   7488.4473,-485242.9375,  -1165.5122,    534.8907,  24961.4902,
       1,     166,     103,      13,       1,       3,       1,     10.0000,      1.3803,     42.2947,    243.2433,     61.2152,      3.4953,      0.1844,      0.1518,     20.9305,      0.1857,      5.4635,     10.9270,      1.6408,     27.9954,     55.9908,      0.0188,      0.0010,      0.2500,      0.1975,   7488.4473,-452248.0312,  -1154.5266,    537.0970,  24961.4883,
       1,     166,     103,      14,       1,       3,       1,     10.0000,      1.3803,     42.2947,    243.2433,     61.2152,      3.4953,      0.1848,      0.1524,     26.5558,      0.1837,      5.4635,     10.9270,      1.6230,     27.9954,     55.9908,      0.0188,      0.0013,      0.2500,      0.1975,   7488.4468,-445566.4688,  -1146.7366,    537.5501,  24961.4883,
       1,     166,     103,      15,       1,       3,       1,     10.0000,      1.3803,     42.2947,    243.2433,     61.2152,      3.4953,      0.1871,      0.1540,     56.3848,      0.2026,      5.4635,     10.9270,      1.7899,     27.9954,     55.9908,      0.0188,      0.0028,      0.2500,      0.1976,   7488.4468,-452210.5938,  -1150.1030,    537.1038,  24961.4863,
       1,     166,     103,      16,       1,       3,       1,     10.0000,      1.3803,     42.2947,    243.2433,     61.2152,      3.4953,      0.1891,      0.1561,     82.8761,      0.2014,      5.4635,     10.9270,      1.7793,     27.9954,     55.9908,      0.0188,      0.0042,      0.2500,      0.1975,   7488.4463,-491111.1250,  -1164.5770,    534.4923,  24961.4863,
       1,     166,     103,      17,       1,       3,       1,     10.0000,      1.3803,     42.2947,    243.2433,     61.2152,      3.4953,      0.1792,      0.1462,    110.9251,      0.2006,      5.4635,     10.9270,      1.7723,     27.9954,     55.9908,      0.0188,      0.0060,      0.2319,      0.1975,   7488.4463,-528547.6250,  -1178.6846,    531.9975,  24961.4863,
       1,     166,     103,      18,       1,       3,       1,     10.0000,      1.3803,     42.2947,    243.2433,     61.2152,      3.4953,      0.1667,      0.1343,     94.9084,      0.1801,      5.4635,     10.9270,      1.5911,     27.9954,     55.9908,      0.0188,      0.0055,      0.2149,      0.1975,   7488.4463,-567868.5000,  -1193.6393,    529.3884,  24961.4844,
       1,     166,     103,      19,       1,       3,       1,     10.0000,      1.3803,     42.2947,    243.2433,     61.2152,      3.4953,      0.1193,      0.0873,     56.9873,      0.1703,      5.4635,     10.9270,      1.5049,     27.9954,     55.9908,      0.0188,      0.0048,      0.1489,      0.1974,   7488.4458,-550655.0625,  -1188.8689,    530.5339,  24961.4844,
       1,     166,     103,      20,       1,       3,       1,     10.0000,      1.3803,     42.2947,    243.2433,     61.2152,      3.4953,      0.0101,     -0.0216,      6.8492,      0.1585,      5.4635,     10.9270,      1.4004,     27.9954,     55.9908,      0.0188,      0.0055,      0.0156,      0.1974,   7488.4458,-500368.7812,  -1172.1620,    533.8700,  24961.4844,
       1,     166,     103,      21,       1,       3,       1,     10.0000,      1.3803,     42.2947,    243.2433,     61.2152,      3.4953,      0.0000,     -0.0314,      6.7582,      0.1522,      5.4635,     10.9270,      1.3453,     27.9954,     55.9908,      0.0188,      0.0054,      0.0156,      0.1975,   7488.4458,-431601.2812,  -1148.5785,    538.4697,  24961.4844,
       1,     166,     103,      22,       1,       3,       1,     10.0000,      1.3803,     42.2947,    243.2433,     61.2152,      3.4953,      0.0000,     -0.0313,      6.9441,      0.1482,      5.4635,     10.9270,      1.3093,     27.9954,     55.9908,      0.0188,      0.0056,      0.0156,      0.1976,   7488.4458,-425596.9375,  -1146.7383,    538.8936,  24961.4824,
       1,     166,     103,      23,       1,       3,       1,     10.0000,      1.3803,     42.2947,    243.2433,     61.2152,      3.4953,      0.0000,     -0.0312,      5.7264,      0.1461,      5.4635,     10.9270,      1.2910,     27.9954,     55.9908,      0.0188,      0.0046,      0.0156,      0.1976,   7488.4448,-425291.3750,  -1146.8752,    538.9144,  24961.4824,
       1,     166,     103,      24,       1,       3,       1,     10.0000,      1.3803,     42.2947,    243.2433,     61.2152,      3.4953,      0.0000,     -0.0312,      5.1987,      0.1454,      5.4635,     10.9270,      1.2845,     27.9954,     55.9908,      0.0188,      0.0042,      0.0156,      0.1976,   7488.4448,-423700.6250,  -1146.4930,    539.0215,  24961.4824,
       1,     166,     104,       1,       1,       3,       1,     10.0000,      1.3803,     42.2950,    243.2491,     61.2166,      3.4953,      0.0000,     -0.0311,      4.1576,      0.1438,      5.4631,     10.9262,      1.2704,     28.0032,     56.0064,      0.0188,      0.0033,      0.0156,      0.1976,   7488.4448,-423041.8125,  -1146.9143,    539.0786,  24962.6133,
       1,     166,     104,       2,       1,       3,       1,     10.0000,      1.3803,     42.2950,    243.2491,     61.2166,      3.4953,      0.0000,     -0.0311,      3.8853,      0.1435,      5.4631,     10.9262,      1.2678,     28.0032,     56.0064,      0.0188,      0.0031,      0.0156,      0.1976,   7488.7842,-421493.5938,  -1145.9651,    539.1829,  24962.6133,
       1,     166,     104,       3,       1,       3,       1,     10.0000,      1.3803,     42.2950,    243.2491,     61.2166,      3.4953,      0.0000,     -0.0311,      3.7739,      0.1416,      5.4631,     10.9262,      1.2513,     28.0032,     56.0064,      0.0188,      0.0030,      0.0156,      0.1976,   7488.7842,-421009.8438,  -1145.8818,    539.2156,  24962.6133,
       1,     166,     104,       4,       1,       3,       1,     10.0000,      1.3803,     42.2950,    243.2491,     61.2166,      3.4953,      0.0000,     -0.0309,      3.3226,      0.1378,      5.4631,     10.9262,      1.2176,     28.0032,     56.0064,      0.0188,      0.0027,      0.0156,      0.1976,   7488.7842,-420824.9062,  -1145.8932,    539.2281,  24962.6113,
       1,     166,     104,       5,       1,       3,       1,     10.0000,      1.3803,     42.2950,    243.2491,     61.2166,      3.4953,      0.0000,     -0.0309,      3.3131,      0.1365,      5.4631,     10.9262,      1.2066,     28.0032,     56.0064,      0.0188,      0.0027,      0.0156,      0.1976,   7488.7837,-420229.5000,  -1145.7460,    539.2682,  24962.6113,
       1,     166,     104,       6,       1,       3,       1,     10.0000,      1.3803,     42.2950,    243.2491,     61.2166,      3.4953,      0.0000,     -0.0308,      3.1693,      0.1354,      5.4631,     10.9262,      1.1968,     28.0032,     56.0064,      0.0188,      0.0025,      0.0156,      0.1976,   7488.7837,-420165.8438,  -1145.7819,    539.2725,  24962.6113,
       1,     166,     104,       7,       1,       3,       1,     10.0000,      1.3803,     42.2950,    243.2491,     61.2166,      3.4953,      0.0000,     -0.0308,      3.0144,      0.1344,      5.4631,     10.9262,      1.1872,     28.0032,     56.0064,      0.0188,      0.0024,      0.0156,      0.1976,   7488.7837,-419975.6250,  -1145.7643,    539.2852,  24962.6113,
       1,     166,     104,       8,       1,       3,       1,     10.0000,      1.3803,     42.2950,    243.2491,     61.2166,      3.4953,      0.0120,     -0.0190,      2.6037,      0.1399,      5.4631,     10.9262,      1.2362,     28.0032,     56.0064,      0.0188,      0.0021,      0.0156,      0.1976,   7488.7837,-419760.4375,  -1145.7312,    539.2998,  24962.6113,
       1,     166,     104,       9,       1,       3,       1,     10.0000,      1.3803,     42.2950,    243.2491,     61.2166,      3.4953,      0.0530,      0.0215,      8.6947,      0.1538,      5.4631,     10.9262,      1.3589,     28.0032,     56.0064,      0.0188,      0.0019,      0.0565,      0.1976,   7488.7837,-419214.3750,  -1145.5762,    539.3367,  24962.6133,
       1,     166,     104,      10,       1,       3,       1,     10.0000,      1.3803,     42.2950,    243.2491,     61.2166,      3.4953,      0.1455,      0.1137,     30.0103,      0.1627,      5.4631,     10.9262,      1.4374,     28.0032,     56.0064,      0.0188,      0.0020,      0.1909,      0.1976,   7488.7842,-426988.0312,  -1148.3778,    538.8126,  24962.6113,
       1,     166,     104,      11,       1,       3,       1,     10.0000,      1.3803,     42.2950,    243.2491,     61.2166,      3.4953,      0.1038,      0.0717,     19.3110,      0.1705,      5.4631,     10.9262,      1.5064,     28.0032,     56.0064,      0.0188,      0.0019,      0.1303,      0.1976,   7488.7837,-455035.6875,  -1158.4285,    536.9237,  24962.6113,
       1,     166,     104,      12,       1,       3,       1,     10.0000,      1.3803,     42.2950,    243.2491,     61.2166,      3.4953,      0.0958,      0.0628,     17.4476,      0.1998,      5.4631,     10.9262,      1.7654,     28.0032,     56.0064,      0.0188,      0.0019,      0.1181,      0.1976,   7488.7837,-443725.1250,  -1154.5283,    537.6862,  24962.6094,
       1,     166,     104,      13,       1,       3,       1,     10.0000,      1.3803,     42.2950,    243.2491,     61.2166,      3.4953,      0.1260,      0.0934,     29.8808,      0.1887,      5.4631,     10.9262,      1.6671,     28.0032,     56.0064,      0.0188,      0.0023,      0.1619,      0.1976,   7488.7832,-440351.7500,  -1153.4098,    537.9134,  24962.6094,
       1,     166,     104,      14,       1,       3,       1,     10.0000,      1.3803,     42.2950,    243.2491,     61.2166,      3.4953,      0.1059,      0.0732,     34.0077,      0.1898,      5.4631,     10.9262,      1.6770,     28.0032,     56.0064,      0.0188,      0.0032,      0.1314,      0.1976,   7488.7832,-456029.5938,  -1159.0743,    536.8593,  24962.6094,
       1,     166,     104,      15,       1,       3,       1,     10.0000,      1.3803,     42.2950,    243.2491,     61.2166,      3.4953,      0.1389,      0.1063,     54.6220,      0.1903,      5.4631,     10.9262,      1.6820,     28.0032,     56.0064,      0.0188,      0.0038,      0.1783,      0.1976,   7488.7832,-462689.8438,  -1161.5790,    536.4133,  24962.6094,
       1,     166,     104,      16,       1,       3,       1,     10.0000,      1.3803,     42.2950,    243.2491,     61.2166,      3.4953,      0.0865,      0.0535,     37.5141,      0.2014,      5.4631,     10.9262,      1.7794,     28.0032,     56.0064,      0.0188,      0.0046,      0.1019,      0.1976,   7488.7832,-489751.5938,  -1171.4003,    534.5990,  24962.6113,
       1,     166,     104,      17,       1,       3,       1,     10.0000,      1.3803,     42.2950,    243.2491,     61.2166,      3.4953,      0.0678,      0.0349,     37.4389,      0.1969,      5.4631,     10.9262,      1.7395,     28.0032,     56.0064,      0.0188,      0.0063,      0.0740,      0.1975,   7488.7837,-470105.8438,  -1164.6349,    535.9149,  24962.6094,
       1,     166,     104,      18,       1,       3,       1,     10.0000,      1.3803,     42.2950,    243.2491,     61.2166,      3.4953,      0.0609,      0.0284,     27.3665,      0.1846,      5.4631,     10.9262,      1.6311,     28.0032,     56.0064,      0.0188,      0.0053,      0.0652,      0.1976,   7488.7832,-468315.5625,  -1164.1600,    536.0366,  24962.6113,
       1,     166,     104,      19,       1,       3,       1,     10.0000,      1.3803,     42.2950,    243.2491,     61.2166,      3.4953,      0.0160,     -0.0160,      0.8630,      0.1700,      5.4631,     10.9262,      1.5019,     28.0032,     56.0064,      0.0188,      0.0054,      0.0020,      0.1976,   7488.7837,-455215.5625,  -1159.6016,    536.9142,  24962.6074,
       1,     166,     104,      20,       1,       3,       1,     10.0000,      1.3803,     42.2950,    243.2491,     61.2166,      3.4953,      0.0035,     -0.0282,      6.2423,      0.1615,      5.4631,     10.9262,      1.4273,     28.0032,     56.0064,      0.0188,      0.0050,      0.0156,      0.1976,   7488.7827,-420036.8438,  -1147.0533,    539.2760,  24962.6074,
       1,     166,     104,      21,       1,       3,       1,     10.0000,      1.3803,     42.2950,    243.2491,     61.2166,      3.4953,      0.0000,     -0.0315,      6.7687,      0.1552,      5.4631,     10.9262,      1.3713,     28.0032,     56.0064,      0.0188,      0.0054,      0.0156,      0.1976,   7488.7827,-423917.6875,  -1148.4237,    539.0196,  24962.6055,
       1,     166,     104,      22,       1,       3,       1,     10.0000,      1.3803,     42.2950,    243.2491,     61.2166,      3.4953,      0.0000,     -0.0314,      6.4552,      0.1519,      5.4631,     10.9262,      1.3427,     28.0032,     56.0064,      0.0188,      0.0052,      0.0156,      0.1976,   7488.7817,-424923.3438,  -1148.7574,    538.9518,  24962.6074,
       1,     166,     104,      23,       1,       3,       1,     10.0000,      1.3803,     42.2950,    243.2491,     61.2166,      3.4953,      0.0000,     -0.0313,      5.5921,      0.1479,      5.4631,     10.9262,      1.3067,     28.0032,     56.0064,      0.0188,      0.0045,      0.0156,      0.1976,   7488.7827,-424607.5625,  -1148.6106,    538.9731,  24962.6094,
       1,     166,     104,      24,       1,       3,       1,     10.0000,      1.3803,     42.2950,    243.2491,     61.2166,      3.4953,      0.0000,     -0.0312,      4.6420,      0.1462,      5.4631,     10.9262,      1.2923,     28.0032,     56.0064,      0.0188,      0.0037,      0.0156,      0.1976,   7488.7832,-423471.4062,  -1148.1669,    539.0497,  24962.6074,
       1,     166,     105,       1,       1,       3,       1,     10.0000,      1.3803,     42.2953,    243.2549,     61.2182,      3.4953,      0.0000,     -0.0312,      4.0292,      0.1463,      5.4653,     10.9307,      1.2923,     27.9896,     55.9791,      0.0188,      0.0032,      0.0156,      0.1976,   7488.7827,-422310.2188,  -1148.2358,    539.1410,  24963.7363,
       1,     166,     105,       2,       1,       3,       1,     10.0000,      1.3803,     42.2953,    243.2549,     61.2182,      3.4953,      0.0000,     -0.0311,      3.1365,      0.1432,      5.4653,     10.9307,      1.2653,     27.9896,     55.9791,      0.0188,      0.0025,      0.0156,      0.1976,   7489.1211,-421268.5625,  -1147.3168,    539.2112,  24963.7344,
       1,     166,     105,       3,       1,       3,       1,     10.0000,      1.3803,     42.2953,    243.2549,     61.2182,      3.4953,      0.0000,     -0.0310,      2.7050,      0.1399,      5.4653,     10.9307,      1.2362,     27.9896,     55.9791,      0.0188,      0.0022,      0.0156,      0.1976,   7489.1206,-420032.5312,  -1146.8489,    539.2946,  24963.7363,
       1,     166,     105,       4,       1,       3,       1,     10.0000,      1.3803,     42.2953,    243.2549,     61.2182,      3.4953,      0.0000,     -0.0308,      2.7237,      0.1357,      5.4653,     10.9307,      1.1993,     27.9896,     55.9791,      0.0188,      0.0022,      0.0156,      0.1976,   7489.1211,-419371.0625,  -1146.5883,    539.3391,  24963.7363,
       1,     166,     105,       5,       1,       3,       1,     10.0000,      1.3803,     42.2953,    243.2549,     61.2182,      3.4953,      0.0000,     -0.0308,      2.6323,      0.1333,      5.4653,     10.9307,      1.1776,     27.9896,     55.9791,      0.0188,      0.0021,      0.0156,      0.1976,   7489.1211,-419337.9062,  -1146.5526,    539.3414,  24963.7363,
       1,     166,     105,       6,       1,       3,       1,     10.0000,      1.3803,     42.2953,    243.2549,     61.2182,      3.4953,      0.0000,     -0.0307,      2.8744,      0.1330,      5.4653,     10.9307,      1.1753,     27.9896,     55.9791,      0.0188,      0.0023,      0.0156,      0.1976,   7489.1211,-419217.6250,  -1146.4863,    539.3495,  24963.7344,
       1,     166,     105,       7,       1,       3,       1,     10.0000,      1.3803,     42.2953,    243.2549,     61.2182,      3.4953,      0.0000,     -0.0306,      2.8045,      0.1299,      5.4653,     10.9307,      1.1482,     27.9896,     55.9791,      0.0188,      0.0023,      0.0156,      0.1976,   7489.1206,-419518.2812,  -1146.5692,    539.3292,  24963.7363,
       1,     166,     105,       8,       1,       3,       1,     10.0000,      1.3803,     42.2953,    243.2549,     61.2182,      3.4953,      0.0054,     -0.0252,      2.6197,      0.1277,      5.4653,     10.9307,      1.1285,     27.9896,     55.9791,      0.0188,      0.0021,      0.0156,      0.1976,   7489.1211,-419454.5000,  -1146.5208,    539.3336,  24963.7363,
       1,     166,     105,       9,       1,       3,       1,     10.0000,      1.3803,     42.2953,    243.2549,     61.2182,      3.4953,      0.0784,      0.0473,     16.8003,      0.1452,      5.4653,     10.9307,      1.2833,     27.9896,     55.9791,      0.0188,      0.0023,      0.0935,      0.1976,   7489.1211,-419211.6250,  -1146.4099,    539.3499,  24963.7363,
       1,     166,     105,      10,       1,       3,       1,     10.0000,      1.3803,     42.2953,    243.2549,     61.2182,      3.4953,      0.1530,      0.1210,     38.1359,      0.1683,      5.4653,     10.9307,      1.4870,     27.9896,     55.9791,      0.0188,      0.0024,      0.2012,      0.1976,   7489.1211,-437397.2500,  -1152.9320,    538.1238,  24963.7363,
       1,     166,     105,      11,       1,       3,       1,     10.0000,      1.3803,     42.2953,    243.2549,     61.2182,      3.4953,      0.1361,      0.1036,     35.4185,      0.1848,      5.4653,     10.9307,      1.6328,     27.9896,     55.9791,      0.0188,      0.0025,      0.1763,      0.1976,   7489.1211,-466375.2812,  -1163.3516,    536.1760,  24963.7363,
       1,     166,     105,      12,       1,       3,       1,     10.0000,      1.3803,     42.2953,    243.2549,     61.2182,      3.4953,      0.1674,      0.1342,     43.0070,      0.2068,      5.4653,     10.9307,      1.8274,     27.9896,     55.9791,      0.0188,      0.0024,      0.2221,      0.1976,   7489.1211,-465397.3750,  -1163.0568,    536.2451,  24963.7363,
       1,     166,     105,      13,       1,       3,       1,     10.0000,      1.3803,     42.2953,    243.2549,     61.2182,      3.4953,      0.1775,      0.1439,     44.6329,      0.2202,      5.4653,     10.9307,      1.9459,     27.9896,     55.9791,      0.0188,      0.0024,      0.2372,      0.1976,   7489.1211,-475058.0000,  -1166.5759,    535.5975,  24963.7324,
       1,     166,     105,      14,       1,       3,       1,     10.0000,      1.3803,     42.2953,    243.2549,     61.2182,      3.4953,      0.1853,      0.1515,     69.6770,      0.2279,      5.4653,     10.9307,      2.0137,     27.9896,     55.9791,      0.0188,      0.0035,      0.2460,      0.1976,   7489.1201,-477982.6875,  -1167.6779,    535.4021,  24963.7344,
       1,     166,     105,      15,       1,       3,       1,     10.0000,      1.3803,     42.2953,    243.2549,     61.2182,      3.4953,      0.1902,      0.1565,    103.7357,      0.2259,      5.4653,     10.9307,      1.9961,     27.9896,     55.9791,      0.0188,      0.0052,      0.2495,      0.1976,   7489.1206,-510417.2188,  -1179.4364,    533.2314,  24963.7324,
       1,     166,     105,      16,       1,       3,       1,     10.0000,      1.3803,     42.2953,    243.2549,     61.2182,      3.4953,      0.1922,      0.1587,    123.7649,      0.2191,      5.4653,     10.9307,      1.9364,     27.9896,     55.9791,      0.0188,      0.0062,      0.2500,      0.1975,   7489.1201,-557018.2500,  -1196.4567,    530.1297,  24963.7305,
       1,     166,     105,      17,       1,       3,       1,     10.0000,      1.3803,     42.2953,    243.2549,     61.2182,      3.4953,      0.1842,      0.1510,    140.0080,      0.2101,      5.4653,     10.9307,      1.8564,     27.9896,     55.9791,      0.0188,      0.0074,      0.2361,      0.1975,   7489.1196,-586830.6875,  -1207.6095,    528.1631,  24963.7324,
       1,     166,     105,      18,       1,       3,       1,     10.0000,      1.3803,     42.2953,    243.2549,     61.2182,      3.4953,      0.1504,      0.1177,    113.3614,      0.1915,      5.4653,     10.9307,      1.6920,     27.9896,     55.9791,      0.0188,      0.0075,      0.1886,      0.1974,   7489.1201,-610311.1875,  -1216.6572,    526.6166,  24963.7305,
       1,     166,     105,      19,       1,       3,       1,     10.0000,      1.3803,     42.2953,    243.2549,     61.2182,      3.4953,      0.0986,      0.0663,     65.2915,      0.1786,      5.4653,     10.9307,      1.5786,     27.9896,     55.9791,      0.0188,      0.0070,      0.1170,      0.1974,   7489.1196,-578021.8125,  -1205.5323,    528.7444,  24963.7305,
       1,     166,     105,      20,       1,       3,       1,     10.0000,      1.3803,     42.2953,    243.2549,     61.2182,      3.4953,      0.0301,     -0.0017,     11.9806,      0.1630,      5.4653,     10.9307,      1.4403,     27.9896,     55.9791,      0.0188,      0.0068,      0.0219,      0.1974,   7489.1196,-513377.8438,  -1182.3912,    533.0212,  24963.7285,
       1,     166,     105,      21,       1,       3,       1,     10.0000,      1.3803,     42.2953,    243.2549,     61.2182,      3.4953,      0.0000,     -0.0315,      7.5637,      0.1530,      5.4653,     10.9307,      1.3522,     27.9896,     55.9791,      0.0188,      0.0061,      0.0156,      0.1975,   7489.1187,-439318.1250,  -1155.4198,    537.9730,  24963.7266,
       1,     166,     105,      22,       1,       3,       1,     10.0000,      1.3803,     42.2953,    243.2549,     61.2182,      3.4953,      0.0000,     -0.0314,      7.0622,      0.1500,      5.4653,     10.9307,      1.3253,     27.9896,     55.9791,      0.0188,      0.0057,      0.0156,      0.1976,   7489.1182,-427307.6250,  -1150.9149,    538.8037,  24963.7266,
       1,     166,     105,      23,       1,       3,       1,     10.0000,      1.3803,     42.2953,    243.2549,     61.2182,      3.4953,      0.0000,     -0.0313,      5.9388,      0.1495,      5.4653,     10.9307,      1.3213,     27.9896,     55.9791,      0.0188,      0.0048,      0.0156,      0.1976,   7489.1182,-425597.1875,  -1150.1727,    538.9196,  24963.7266,
       1,     166,     105,      24,       1,       3,       1,     10.0000,      1.3803,     42.2953,    243.2549,     61.2182,      3.4953,      0.0000,     -0.0313,      5.4504,      0.1473,      5.4653,     10.9307,      1.3015,     27.9896,     55.9791,      0.0188,      0.0044,      0.0156,      0.1976,   7489.1182,-424005.9062,  -1149.4918,    539.0267,  24963.7266,
       1,     166,     106,       1,       1,       3,       1,     10.0000,      1.3803,     42.2957,    243.2607,     61.2196,      3.4953,      0.0000,     -0.0313,      4.4574,      0.1476,      5.4636,     10.9272,      1.3041,     27.9937,     55.9874,      0.0188,      0.0036,      0.0156,      0.1976,   7489.1182,-423397.8750,  -1149.7067,    539.0806,  24964.8594,
       1,     166,     106,       2,       1,       3,       1,     10.0000,      1.3803,     42.2957,    243.2607,     61.2196,      3.4953,      0.0000,     -0.0312,      3.3865,      0.1448,      5.4636,     10.9272,      1.2794,     27.9937,     55.9874,      0.0188,      0.0027,      0.0156,      0.1976,   7489.4580,-421915.7500,  -1148.5616,    539.1805,  24964.8594,
       1,     166,     106,       3,       1,       3,       1,     10.0000,      1.3803,     42.2957,    243.2607,     61.2196,      3.4953,      0.0000,     -0.0310,      2.8364,      0.1410,      5.4636,     10.9272,      1.2463,     27.9937,     55.9874,      0.0188,      0.0023,      0.0156,      0.1976,   7489.4580,-420412.5938,  -1147.9569,    539.2817,  24964.8574,
       1,     166,     106,       4,       1,       3,       1,     10.0000,      1.3803,     42.2957,    243.2607,     61.2196,      3.4953,      0.0000,     -0.0310,      2.8252,      0.1402,      5.4636,     10.9272,      1.2388,     27.9937,     55.9874,      0.0188,      0.0023,      0.0156,      0.1976,   7489.4575,-419576.6875,  -1147.6072,    539.3381,  24964.8574,
       1,     166,     106,       5,       1,       3,       1,     10.0000,      1.3803,     42.2957,    243.2607,     61.2196,      3.4953,      0.0000,     -0.0309,      2.6074,      0.1384,      5.4636,     10.9272,      1.2226,     27.9937,     55.9874,      0.0188,      0.0021,      0.0156,      0.1977,   7489.4575,-419489.8438,  -1147.5295,    539.3440,  24964.8574,
       1,     166,     106,       6,       1,       3,       1,     10.0000,      1.3803,     42.2957,    243.2607,     61.2196,      3.4953,      0.0000,     -0.0309,      2.4684,      0.1381,      5.4636,     10.9272,      1.2201,     27.9937,     55.9874,      0.0188,      0.0020,      0.0156,      0.1977,   7489.4575,-419202.7500,  -1147.3826,    539.3633,  24964.8574,
       1,     166,     106,       7,       1,       3,       1,     10.0000,      1.3803,     42.2957,    243.2607,     61.2196,      3.4953,      0.0000,     -0.0309,      2.0441,      0.1359,      5.4636,     10.9272,      1.2005,     27.9937,     55.9874,      0.0188,      0.0016,      0.0156,      0.1977,   7489.4575,-418999.4375,  -1147.2694,    539.3771,  24964.8574,
       1,     166,     106,       8,       1,       3,       1,     10.0000,      1.3803,     42.2957,    243.2607,     61.2196,      3.4953,      0.0129,     -0.0178,      1.8407,      0.1305,      5.4636,     10.9272,      1.1529,     27.9937,     55.9874,      0.0188,      0.0015,      0.0156,      0.1977,   7489.4575,-418437.1250,  -1147.0338,    539.4149,  24964.8574,
       1,     166,     106,       9,       1,       3,       1,     10.0000,      1.3803,     42.2957,    243.2607,     61.2196,      3.4953,      0.1005,      0.0694,     17.0366,      0.1442,      5.4636,     10.9272,      1.2743,     27.9937,     55.9874,      0.0188,      0.0017,      0.1261,      0.1977,   7489.4575,-418127.3438,  -1146.8931,    539.4359,  24964.8574,
       1,     166,     106,      10,       1,       3,       1,     10.0000,      1.3803,     42.2957,    243.2607,     61.2196,      3.4953,      0.1500,      0.1179,     31.3511,      0.1741,      5.4636,     10.9272,      1.5383,     27.9937,     55.9874,      0.0188,      0.0020,      0.1975,      0.1977,   7489.4575,-437608.0938,  -1153.9816,    538.1223,  24964.8574,
       1,     166,     106,      11,       1,       3,       1,     10.0000,      1.3803,     42.2957,    243.2607,     61.2196,      3.4953,      0.1855,      0.1529,     46.4163,      0.1887,      5.4636,     10.9272,      1.6671,     27.9937,     55.9874,      0.0188,      0.0023,      0.2487,      0.1976,   7489.4575,-457679.9062,  -1161.2780,    536.7737,  24964.8574,
       1,     166,     106,      12,       1,       3,       1,     10.0000,      1.3803,     42.2957,    243.2607,     61.2196,      3.4953,      0.1865,      0.1537,     48.7496,      0.1938,      5.4636,     10.9272,      1.7123,     27.9937,     55.9874,      0.0188,      0.0024,      0.2500,      0.1976,   7489.4575,-478768.5938,  -1168.9320,    535.3604,  24964.8574,
       1,     166,     106,      13,       1,       3,       1,     10.0000,      1.3803,     42.2957,    243.2607,     61.2196,      3.4953,      0.1859,      0.1529,     40.7184,      0.1994,      5.4636,     10.9272,      1.7620,     27.9937,     55.9874,      0.0188,      0.0020,      0.2500,      0.1976,   7489.4575,-483590.9375,  -1170.6598,    535.0396,  24964.8574,
       1,     166,     106,      14,       1,       3,       1,     10.0000,      1.3803,     42.2957,    243.2607,     61.2196,      3.4953,      0.1867,      0.1541,     53.7699,      0.1883,      5.4636,     10.9272,      1.6638,     27.9937,     55.9874,      0.0188,      0.0027,      0.2496,      0.1976,   7489.4575,-473684.9688,  -1167.0129,    535.7022,  24964.8594,
       1,     166,     106,      15,       1,       3,       1,     10.0000,      1.3803,     42.2957,    243.2607,     61.2196,      3.4953,      0.1845,      0.1520,     88.7650,      0.1844,      5.4636,     10.9272,      1.6296,     27.9937,     55.9874,      0.0188,      0.0046,      0.2422,      0.1976,   7489.4580,-489599.6562,  -1172.8508,    534.6368,  24964.8555,
       1,     166,     106,      16,       1,       3,       1,     10.0000,      1.3803,     42.2957,    243.2607,     61.2196,      3.4953,      0.1893,      0.1566,    112.5451,      0.1932,      5.4636,     10.9272,      1.7072,     27.9937,     55.9874,      0.0188,      0.0057,      0.2467,      0.1976,   7489.4570,-535949.0000,  -1189.9628,    531.5405,  24964.8535,
       1,     166,     106,      17,       1,       3,       1,     10.0000,      1.3803,     42.2957,    243.2607,     61.2196,      3.4953,      0.1856,      0.1527,    127.4950,      0.1971,      5.4636,     10.9272,      1.7413,     27.9937,     55.9874,      0.0188,      0.0067,      0.2395,      0.1975,   7489.4565,-570555.8125,  -1202.9373,    529.2501,  24964.8516,
       1,     166,     106,      18,       1,       3,       1,     10.0000,      1.3803,     42.2957,    243.2607,     61.2196,      3.4953,      0.1687,      0.1361,    111.5111,      0.1877,      5.4636,     10.9272,      1.6589,     27.9937,     55.9874,      0.0188,      0.0065,      0.2160,      0.1975,   7489.4556,-592781.0625,  -1211.5343,    527.7847,  24964.8535,
       1,     166,     106,      19,       1,       3,       1,     10.0000,      1.3803,     42.2957,    243.2607,     61.2196,      3.4953,      0.1068,      0.0747,     58.9463,      0.1734,      5.4636,     10.9272,      1.5322,     27.9937,     55.9874,      0.0188,      0.0057,      0.1301,      0.1975,   7489.4565,-574120.6250,  -1205.1637,    529.0177,  24964.8516,
       1,     166,     106,      20,       1,       3,       1,     10.0000,      1.3803,     42.2957,    243.2607,     61.2196,      3.4953,      0.0159,     -0.0158,      0.9674,      0.1579,      5.4636,     10.9272,      1.3949,     27.9937,     55.9874,      0.0188,      0.0053,      0.0023,      0.1975,   7489.4556,-504869.5312,  -1179.9677,    533.5986,  24964.8496,
       1,     166,     106,      21,       1,       3,       1,     10.0000,      1.3803,     42.2957,    243.2607,     61.2196,      3.4953,      0.0000,     -0.0314,      6.6423,      0.1515,      5.4636,     10.9272,      1.3387,     27.9937,     55.9874,      0.0188,      0.0053,      0.0156,      0.1976,   7489.4551,-424442.7500,  -1150.2468,    538.9830,  24964.8496,
       1,     166,     106,      22,       1,       3,       1,     10.0000,      1.3803,     42.2957,    243.2607,     61.2196,      3.4953,      0.0000,     -0.0314,      6.9289,      0.1498,      5.4636,     10.9272,      1.3240,     27.9937,     55.9874,      0.0188,      0.0056,      0.0156,      0.1976,   7489.4551,-424847.4688,  -1150.2936,    538.9828,  24964.8496,
       1,     166,     106,      23,       1,       3,       1,     10.0000,      1.3803,     42.2957,    243.2607,     61.2196,      3.4953,      0.0000,     -0.0312,      6.5174,      0.1463,      5.4636,     10.9272,      1.2924,     27.9937,     55.9874,      0.0188,      0.0052,      0.0156,      0.1976,   7489.4551,-425215.6250,  -1150.3212,    538.9581,  24964.8496,
       1,     166,     106,      24,       1,       3,       1,     10.0000,      1.3803,     42.2957,    243.2607,     61.2196,      3.4953,      0.0000,     -0.0311,      5.4595,      0.1422,      5.4636,     10.9272,      1.2564,     27.9937,     55.9874,      0.0188,      0.0044,      0.0156,      0.1976,   7489.4551,-424718.9688,  -1150.0370,    538.9916,  24964.8496,
       1,     166,     107,       1,       1,       3,       1,     10.0000,      1.3804,     42.2960,    243.2664,     61.2210,      3.4953,      0.0000,     -0.0311,      4.8322,      0.1425,      5.4638,     10.9276,      1.2590,     28.0009,     56.0019,      0.0188,      0.0039,      0.0156,      0.1977,   7489.4551,-423474.1250,  -1150.0262,    539.0882,  24965.9805,
       1,     166,     107,       2,       1,       3,       1,     10.0000,      1.3804,     42.2960,    243.2664,     61.2210,      3.4953,      0.0000,     -0.0309,      3.7389,      0.1381,      5.4638,     10.9276,      1.2202,     28.0009,     56.0019,      0.0188,      0.0030,      0.0156,      0.1977,   7489.7944,-422406.9062,  -1149.0238,    539.1601,  24965.9805,
       1,     166,     107,       3,       1,       3,       1,     10.0000,      1.3804,     42.2960,    243.2664,     61.2210,      3.4953,      0.0000,     -0.0309,      3.3870,      0.1371,      5.4638,     10.9276,      1.2116,     28.0009,     56.0019,      0.0188,      0.0027,      0.0156,      0.1977,   7489.7944,-420911.0938,  -1148.4141,    539.2609,  24965.9805,
       1,     166,     107,       4,       1,       3,       1,     10.0000,      1.3804,     42.2960,    243.2664,     61.2210,      3.4953,      0.0000,     -0.0309,      3.0469,      0.1364,      5.4638,     10.9276,      1.2054,     28.0009,     56.0019,      0.0188,      0.0024,      0.0156,      0.1977,   7489.7944,-420330.0625,  -1148.1499,    539.3000,  24965.9805,
       1,     166,     107,       5,       1,       3,       1,     10.0000,      1.3804,     42.2960,    243.2664,     61.2210,      3.4953,      0.0000,     -0.0308,      2.8189,      0.1350,      5.4638,     10.9276,      1.1933,     28.0009,     56.0019,      0.0188,      0.0023,      0.0156,      0.1977,   7489.7944,-419843.2188,  -1147.9260,    539.3329,  24965.9785,
       1,     166,     107,       6,       1,       3,       1,     10.0000,      1.3804,     42.2960,    243.2664,     61.2210,      3.4953,      0.0000,     -0.0308,      2.8312,      0.1350,      5.4638,     10.9276,      1.1933,     28.0009,     56.0019,      0.0188,      0.0023,      0.0156,      0.1977,   7489.7939,-419508.6562,  -1147.7639,    539.3555,  24965.9785,
       1,     166,     107,       7,       1,       3,       1,     10.0000,      1.3804,     42.2960,    243.2664,     61.2210,      3.4953,      0.0000,     -0.0309,      2.5972,      0.1361,      5.4638,     10.9276,      1.2030,     28.0009,     56.0019,      0.0188,      0.0021,      0.0156,      0.1977,   7489.7939,-419495.5625,  -1147.7206,    539.3563,  24965.9785,
       1,     166,     107,       8,       1,       3,       1,     10.0000,      1.3804,     42.2960,    243.2664,     61.2210,      3.4953,      0.0047,     -0.0263,      2.5986,      0.1391,      5.4638,     10.9276,      1.2288,     28.0009,     56.0019,      0.0188,      0.0021,      0.0156,      0.1977,   7489.7939,-419194.1250,  -1147.5748,    539.3767,  24965.9785,
       1,     166,     107,       9,       1,       3,       1,     10.0000,      1.3804,     42.2960,    243.2664,     61.2210,      3.4953,      0.0296,     -0.0018,      4.2013,      0.1506,      5.4638,     10.9276,      1.3307,     28.0009,     56.0019,      0.0188,      0.0023,      0.0225,      0.1977,   7489.7939,-419169.5938,  -1147.5303,    539.3783,  24965.9785,
       1,     166,     107,      10,       1,       3,       1,     10.0000,      1.3804,     42.2960,    243.2664,     61.2210,      3.4953,      0.1238,      0.0916,     31.9999,      0.1748,      5.4638,     10.9276,      1.5445,     28.0009,     56.0019,      0.0188,      0.0025,      0.1584,      0.1977,   7489.7939,-421224.9062,  -1148.2515,    539.2397,  24965.9785,
       1,     166,     107,      11,       1,       3,       1,     10.0000,      1.3804,     42.2960,    243.2664,     61.2210,      3.4953,      0.1541,      0.1213,     40.6663,      0.1928,      5.4638,     10.9276,      1.7039,     28.0009,     56.0019,      0.0188,      0.0025,      0.2025,      0.1977,   7489.7939,-457086.2188,  -1161.5370,    536.8225,  24965.9785,
       1,     166,     107,      12,       1,       3,       1,     10.0000,      1.3804,     42.2960,    243.2664,     61.2210,      3.4953,      0.1865,      0.1535,     49.0552,      0.2006,      5.4638,     10.9276,      1.7725,     28.0009,     56.0019,      0.0188,      0.0025,      0.2500,      0.1976,   7489.7939,-471333.8750,  -1166.8140,    535.8719,  24965.9766,
       1,     166,     107,      13,       1,       3,       1,     10.0000,      1.3804,     42.2960,    243.2664,     61.2210,      3.4953,      0.1871,      0.1538,     57.6667,      0.2103,      5.4638,     10.9276,      1.8583,     28.0009,     56.0019,      0.0188,      0.0029,      0.2500,      0.1976,   7489.7935,-483336.2500,  -1171.2582,    535.0688,  24965.9766,
       1,     166,     107,      14,       1,       3,       1,     10.0000,      1.3804,     42.2960,    243.2664,     61.2210,      3.4953,      0.1806,      0.1473,     66.2326,      0.2113,      5.4638,     10.9276,      1.8674,     28.0009,     56.0019,      0.0188,      0.0035,      0.2392,      0.1976,   7489.7935,-495436.9062,  -1175.7646,    534.2600,  24965.9766,
       1,     166,     107,      15,       1,       3,       1,     10.0000,      1.3804,     42.2960,    243.2664,     61.2210,      3.4953,      0.1864,      0.1531,    101.4110,      0.2111,      5.4638,     10.9276,      1.8656,     28.0009,     56.0019,      0.0188,      0.0052,      0.2438,      0.1976,   7489.7935,-507489.5625,  -1180.3434,    533.4557,  24965.9746,
       1,     166,     107,      16,       1,       3,       1,     10.0000,      1.3804,     42.2960,    243.2664,     61.2210,      3.4953,      0.1795,      0.1463,    124.8294,      0.2064,      5.4638,     10.9276,      1.8239,     28.0009,     56.0019,      0.0188,      0.0068,      0.2307,      0.1976,   7489.7925,-553745.5625,  -1197.7057,    530.3718,  24965.9766,
       1,     166,     107,      17,       1,       3,       1,     10.0000,      1.3804,     42.2960,    243.2664,     61.2210,      3.4953,      0.1658,      0.1330,    118.7317,      0.1965,      5.4638,     10.9276,      1.7362,     28.0009,     56.0019,      0.0188,      0.0071,      0.2110,      0.1975,   7489.7935,-587883.5625,  -1210.7831,    528.1176,  24965.9727,
       1,     166,     107,      18,       1,       3,       1,     10.0000,      1.3804,     42.2960,    243.2664,     61.2210,      3.4953,      0.1477,      0.1151,    110.0874,      0.1855,      5.4638,     10.9276,      1.6393,     28.0009,     56.0019,      0.0188,      0.0075,      0.1848,      0.1975,   7489.7920,-582982.6250,  -1209.4879,    528.4459,  24965.9746,
       1,     166,     107,      19,       1,       3,       1,     10.0000,      1.3804,     42.2960,    243.2664,     61.2210,      3.4953,      0.1131,      0.0809,     77.7616,      0.1762,      5.4638,     10.9276,      1.5568,     28.0009,     56.0019,      0.0188,      0.0071,      0.1372,      0.1975,   7489.7925,-571429.3125,  -1205.6893,    529.2091,  24965.9688,
       1,     166,     107,      20,       1,       3,       1,     10.0000,      1.3804,     42.2960,    243.2664,     61.2210,      3.4953,      0.0170,     -0.0148,      1.9744,      0.1615,      5.4638,     10.9276,      1.4274,     28.0009,     56.0019,      0.0188,      0.0067,      0.0037,      0.1975,   7489.7910,-528843.3125,  -1190.1958,    532.0269,  24965.9727,
       1,     166,     107,      21,       1,       3,       1,     10.0000,      1.3804,     42.2960,    243.2664,     61.2210,      3.4953,      0.0000,     -0.0316,      8.1396,      0.1557,      5.4638,     10.9276,      1.3755,     28.0009,     56.0019,      0.0188,      0.0065,      0.0156,      0.1976,   7489.7920,-427755.2188,  -1152.4836,    538.7570,  24965.9688,
       1,     166,     107,      22,       1,       3,       1,     10.0000,      1.3804,     42.2960,    243.2664,     61.2210,      3.4953,      0.0000,     -0.0315,      7.8250,      0.1540,      5.4638,     10.9276,      1.3604,     28.0009,     56.0019,      0.0188,      0.0063,      0.0156,      0.1977,   7489.7910,-427079.3438,  -1152.1410,    538.8452,  24965.9688,
       1,     166,     107,      23,       1,       3,       1,     10.0000,      1.3804,     42.2960,    243.2664,     61.2210,      3.4953,      0.0000,     -0.0315,      6.6507,      0.1532,      5.4638,     10.9276,      1.3536,     28.0009,     56.0019,      0.0188,      0.0053,      0.0156,      0.1977,   7489.7910,-426562.2812,  -1151.8595,    538.8801,  24965.9688,
       1,     166,     107,      24,       1,       3,       1,     10.0000,      1.3804,     42.2960,    243.2664,     61.2210,      3.4953,      0.0000,     -0.0314,      5.8756,      0.1518,      5.4638,     10.9276,      1.3414,     28.0009,     56.0019,      0.0188,      0.0047,      0.0156,      0.1977,   7489.7910,-425009.9375,  -1151.2045,    538.9847,  24965.9688,
       1,     166,     108,       1,       1,       3,       1,     10.0000,      1.3804,     42.2964,    243.2723,     61.2225,      3.4953,      0.0000,     -0.0314,      4.7748,      0.1521,      5.4642,     10.9283,      1.3441,     28.0034,     56.0068,      0.0188,      0.0038,      0.0156,      0.1977,   7489.7910,-424037.0938,  -1151.3167,    539.0630,  24967.0977,
       1,     166,     108,       2,       1,       3,       1,     10.0000,      1.3804,     42.2964,    243.2723,     61.2225,      3.4953,      0.0000,     -0.0314,      4.1422,      0.1518,      5.4642,     10.9283,      1.3414,     28.0034,     56.0068,      0.0188,      0.0033,      0.0156,      0.1977,   7490.1294,-422385.7812,  -1150.1080,    539.1744,  24967.0977,
       1,     166,     108,       3,       1,       3,       1,     10.0000,      1.3804,     42.2964,    243.2723,     61.2225,      3.4953,      0.0000,     -0.0313,      3.8269,      0.1489,      5.4642,     10.9283,      1.3161,     28.0034,     56.0068,      0.0188,      0.0031,      0.0156,      0.1977,   7490.1294,-421430.9688,  -1149.7072,    539.2388,  24967.0977,
       1,     166,     108,       4,       1,       3,       1,     10.0000,      1.3804,     42.2964,    243.2723,     61.2225,      3.4953,      0.0000,     -0.0313,      3.7291,      0.1476,      5.4642,     10.9283,      1.3042,     28.0034,     56.0068,      0.0188,      0.0030,      0.0156,      0.1977,   7490.1294,-420943.5938,  -1149.4858,    539.2715,  24967.0977,
       1,     166,     108,       5,       1,       3,       1,     10.0000,      1.3804,     42.2964,    243.2723,     61.2225,      3.4953,      0.0000,     -0.0312,      3.7565,      0.1442,      5.4642,     10.9283,      1.2743,     28.0034,     56.0068,      0.0188,      0.0030,      0.0156,      0.1977,   7490.1294,-420775.9375,  -1149.3857,    539.2829,  24967.0977,
       1,     166,     108,       6,       1,       3,       1,     10.0000,      1.3804,     42.2964,    243.2723,     61.2225,      3.4953,      0.0000,     -0.0313,      3.7741,      0.1470,      5.4642,     10.9283,      1.2989,     28.0034,     56.0068,      0.0188,      0.0030,      0.0156,      0.1977,   7490.1294,-420796.5312,  -1149.3567,    539.2815,  24967.0977,
       1,     166,     108,       7,       1,       3,       1,     10.0000,      1.3804,     42.2964,    243.2723,     61.2225,      3.4953,      0.0000,     -0.0312,      3.7414,      0.1461,      5.4642,     10.9283,      1.2911,     28.0034,     56.0068,      0.0188,      0.0030,      0.0156,      0.1977,   7490.1294,-420821.0000,  -1149.3293,    539.2798,  24967.0977,
       1,     166,     108,       8,       1,       3,       1,     10.0000,      1.3804,     42.2964,    243.2723,     61.2225,      3.4953,      0.0027,     -0.0286,      3.4961,      0.1467,      5.4642,     10.9283,      1.2963,     28.0034,     56.0068,      0.0188,      0.0028,      0.0156,      0.1977,   7490.1294,-420781.1875,  -1149.2787,    539.2825,  24967.0977,
       1,     166,     108,       9,       1,       3,       1,     10.0000,      1.3804,     42.2964,    243.2723,     61.2225,      3.4953,      0.0441,      0.0128,     10.3668,      0.1501,      5.4642,     10.9283,      1.3267,     28.0034,     56.0068,      0.0188,      0.0030,      0.0433,      0.1977,   7490.1294,-420462.7812,  -1149.1261,    539.3040,  24967.0977,
       1,     166,     108,      10,       1,       3,       1,     10.0000,      1.3804,     42.2964,    243.2723,     61.2225,      3.4953,      0.1093,      0.0784,     27.8897,      0.1378,      5.4642,     10.9283,      1.2177,     28.0034,     56.0068,      0.0188,      0.0025,      0.1379,      0.1977,   7490.1294,-429253.5938,  -1152.3934,    538.7114,  24967.0977,
       1,     166,     108,      11,       1,       3,       1,     10.0000,      1.3804,     42.2964,    243.2723,     61.2225,      3.4953,      0.1476,      0.1158,     47.9009,      0.1622,      5.4642,     10.9283,      1.4332,     28.0034,     56.0068,      0.0188,      0.0031,      0.1919,      0.1977,   7490.1294,-452508.2812,  -1161.1101,    537.1458,  24967.0977,
       1,     166,     108,      12,       1,       3,       1,     10.0000,      1.3804,     42.2964,    243.2723,     61.2225,      3.4953,      0.1880,      0.1557,     65.6765,      0.1764,      5.4642,     10.9283,      1.5584,     28.0034,     56.0068,      0.0188,      0.0033,      0.2500,      0.1977,   7490.1294,-480220.7500,  -1171.5175,    535.2873,  24967.0977,
       1,     166,     108,      13,       1,       3,       1,     10.0000,      1.3804,     42.2964,    243.2723,     61.2225,      3.4953,      0.1863,      0.1538,     67.9058,      0.1846,      5.4642,     10.9283,      1.6313,     28.0034,     56.0068,      0.0188,      0.0034,      0.2473,      0.1976,   7490.1294,-505455.1250,  -1181.0208,    533.6021,  24967.0977,
       1,     166,     108,      14,       1,       3,       1,     10.0000,      1.3804,     42.2964,    243.2723,     61.2225,      3.4953,      0.1638,      0.1312,     58.6048,      0.1889,      5.4642,     10.9283,      1.6689,     28.0034,     56.0068,      0.0188,      0.0034,      0.2149,      0.1976,   7490.1294,-510500.3750,  -1183.0684,    533.2682,  24967.0957,
       1,     166,     108,      15,       1,       3,       1,     10.0000,      1.3804,     42.2964,    243.2723,     61.2225,      3.4953,      0.1804,      0.1479,     35.4717,      0.1857,      5.4642,     10.9283,      1.6410,     28.0034,     56.0068,      0.0188,      0.0018,      0.2423,      0.1976,   7490.1289,-498978.5000,  -1178.9282,    534.0364,  24967.0938,
       1,     166,     108,      16,       1,       3,       1,     10.0000,      1.3804,     42.2964,    243.2723,     61.2225,      3.4953,      0.1485,      0.1159,     54.9981,      0.1868,      5.4642,     10.9283,      1.6508,     28.0034,     56.0068,      0.0188,      0.0036,      0.1925,      0.1976,   7490.1284,-468261.5000,  -1167.4969,    536.0874,  24967.0957,
       1,     166,     108,      17,       1,       3,       1,     10.0000,      1.3804,     42.2964,    243.2723,     61.2225,      3.4953,      0.1508,      0.1184,     67.3088,      0.1794,      5.4642,     10.9283,      1.5850,     28.0034,     56.0068,      0.0188,      0.0043,      0.1945,      0.1977,   7490.1289,-490703.7812,  -1175.9862,    534.5875,  24967.0918,
       1,     166,     108,      18,       1,       3,       1,     10.0000,      1.3804,     42.2964,    243.2723,     61.2225,      3.4953,      0.1509,      0.1187,     74.6104,      0.1750,      5.4642,     10.9283,      1.5461,     28.0034,     56.0068,      0.0188,      0.0048,      0.1938,      0.1976,   7490.1279,-508458.9688,  -1182.7915,    533.4031,  24967.0918,
       1,     166,     108,      19,       1,       3,       1,     10.0000,      1.3804,     42.2964,    243.2723,     61.2225,      3.4953,      0.1002,      0.0682,     47.9470,      0.1681,      5.4642,     10.9283,      1.4857,     28.0034,     56.0068,      0.0188,      0.0049,      0.1216,      0.1976,   7490.1279,-519375.0938,  -1187.0959,    532.6765,  24967.0898,
       1,     166,     108,      20,       1,       3,       1,     10.0000,      1.3804,     42.2964,    243.2723,     61.2225,      3.4953,      0.0149,     -0.0168,      0.3430,      0.1583,      5.4642,     10.9283,      1.3992,     28.0034,     56.0068,      0.0188,      0.0047,      0.0009,      0.1976,   7490.1274,-486042.7500,  -1174.7520,    534.8965,  24967.0918,
       1,     166,     108,      21,       1,       3,       1,     10.0000,      1.3804,     42.2964,    243.2723,     61.2225,      3.4953,      0.0000,     -0.0314,      5.7171,      0.1510,      5.4642,     10.9283,      1.3347,     28.0034,     56.0068,      0.0188,      0.0046,      0.0156,      0.1976,   7490.1279,-422025.6250,  -1150.6462,    539.1814,  24967.0898,
       1,     166,     108,      22,       1,       3,       1,     10.0000,      1.3804,     42.2964,    243.2723,     61.2225,      3.4953,      0.0000,     -0.0313,      5.3896,      0.1491,      5.4642,     10.9283,      1.3174,     28.0034,     56.0068,      0.0188,      0.0043,      0.0156,      0.1977,   7490.1274,-423444.3750,  -1151.1389,    539.1030,  24967.0898,
       1,     166,     108,      23,       1,       3,       1,     10.0000,      1.3804,     42.2964,    243.2723,     61.2225,      3.4953,      0.0000,     -0.0313,      4.8611,      0.1480,      5.4642,     10.9283,      1.3081,     28.0034,     56.0068,      0.0188,      0.0039,      0.0156,      0.1977,   7490.1274,-423124.7188,  -1150.9763,    539.1246,  24967.0898,
       1,     166,     108,      24,       1,       3,       1,     10.0000,      1.3804,     42.2964,    243.2723,     61.2225,      3.4953,      0.0000,     -0.0312,      4.6163,      0.1451,      5.4642,     10.9283,      1.2821,     28.0034,     56.0068,      0.0188,      0.0037,      0.0156,      0.1977,   7490.1274,-422418.6562,  -1150.6735,    539.1722,  24967.0898,
       1,     166,     109,       1,       1,       3,       1,     10.0000,      1.3804,     42.2967,    243.2781,     61.2240,      3.4953,      0.0000,     -0.0312,      4.0761,      0.1445,      5.4645,     10.9291,      1.2769,     28.0039,     56.0078,      0.0188,      0.0033,      0.0156,      0.1977,   7490.1274,-422199.8750,  -1151.0994,    539.1998,  24968.2188,
       1,     166,     109,       2,       1,       3,       1,     10.0000,      1.3804,     42.2967,    243.2781,     61.2240,      3.4953,      0.0000,     -0.0312,      3.7861,      0.1457,      5.4645,     10.9291,      1.2873,     28.0039,     56.0078,      0.0188,      0.0030,      0.0156,      0.1977,   7490.4658,-421333.5000,  -1150.2010,    539.2582,  24968.2188,
       1,     166,     109,       3,       1,       3,       1,     10.0000,      1.3804,     42.2967,    243.2781,     61.2240,      3.4953,      0.0000,     -0.0312,      3.6496,      0.1451,      5.4645,     10.9291,      1.2821,     28.0039,     56.0078,      0.0188,      0.0029,      0.0156,      0.1977,   7490.4658,-420886.4062,  -1150.0052,    539.2883,  24968.2188,
       1,     166,     109,       4,       1,       3,       1,     10.0000,      1.3804,     42.2967,    243.2781,     61.2240,      3.4953,      0.0000,     -0.0311,      3.4565,      0.1436,      5.4645,     10.9291,      1.2692,     28.0039,     56.0078,      0.0188,      0.0028,      0.0156,      0.1977,   7490.4658,-420672.6250,  -1149.8988,    539.3027,  24968.2188,
       1,     166,     109,       5,       1,       3,       1,     10.0000,      1.3804,     42.2967,    243.2781,     61.2240,      3.4953,      0.0000,     -0.0311,      3.2446,      0.1432,      5.4645,     10.9291,      1.2654,     28.0039,     56.0078,      0.0188,      0.0026,      0.0156,      0.1977,   7490.4658,-420406.2500,  -1149.7743,    539.3207,  24968.2188,
       1,     166,     109,       6,       1,       3,       1,     10.0000,      1.3804,     42.2967,    243.2781,     61.2240,      3.4953,      0.0000,     -0.0312,      3.1046,      0.1457,      5.4645,     10.9291,      1.2873,     28.0039,     56.0078,      0.0188,      0.0025,      0.0156,      0.1977,   7490.4658,-420111.1875,  -1149.6409,    539.3405,  24968.2188,
       1,     166,     109,       7,       1,       3,       1,     10.0000,      1.3804,     42.2967,    243.2781,     61.2240,      3.4953,      0.0000,     -0.0312,      3.0878,      0.1447,      5.4645,     10.9291,      1.2782,     28.0039,     56.0078,      0.0188,      0.0025,      0.0156,      0.1977,   7490.4658,-419906.1250,  -1149.5426,    539.3544,  24968.2188,
       1,     166,     109,       8,       1,       3,       1,     10.0000,      1.3804,     42.2967,    243.2781,     61.2240,      3.4953,      0.0095,     -0.0217,      3.0159,      0.1458,      5.4645,     10.9291,      1.2886,     28.0039,     56.0078,      0.0188,      0.0024,      0.0156,      0.1977,   7490.4658,-419866.7188,  -1149.5067,    539.3570,  24968.2188,
       1,     166,     109,       9,       1,       3,       1,     10.0000,      1.3804,     42.2967,    243.2781,     61.2240,      3.4953,      0.1107,      0.0791,     25.3449,      0.1588,      5.4645,     10.9291,      1.4034,     28.0039,     56.0078,      0.0188,      0.0023,      0.1400,      0.1977,   7490.4658,-419771.0938,  -1149.4492,    539.3635,  24968.2188,
       1,     166,     109,      10,       1,       3,       1,     10.0000,      1.3804,     42.2967,    243.2781,     61.2240,      3.4953,      0.1731,      0.1409,     43.7277,      0.1748,      5.4645,     10.9291,      1.5446,     28.0039,     56.0078,      0.0188,      0.0024,      0.2303,      0.1977,   7490.4658,-448417.6250,  -1160.2622,    537.4321,  24968.2188,
       1,     166,     109,      11,       1,       3,       1,     10.0000,      1.3804,     42.2967,    243.2781,     61.2240,      3.4953,      0.1868,      0.1544,     55.1405,      0.1813,      5.4645,     10.9291,      1.6024,     28.0039,     56.0078,      0.0188,      0.0028,      0.2495,      0.1977,   7490.4658,-474505.9375,  -1170.1145,    535.6830,  24968.2168,
       1,     166,     109,      12,       1,       3,       1,     10.0000,      1.3804,     42.2967,    243.2781,     61.2240,      3.4953,      0.1870,      0.1540,     55.1243,      0.2020,      5.4645,     10.9291,      1.7849,     28.0039,     56.0078,      0.0188,      0.0028,      0.2500,      0.1977,   7490.4653,-491420.9375,  -1176.5470,    534.5532,  24968.2168,
       1,     166,     109,      13,       1,       3,       1,     10.0000,      1.3804,     42.2967,    243.2781,     61.2240,      3.4953,      0.1871,      0.1542,     55.9431,      0.1973,      5.4645,     10.9291,      1.7431,     28.0039,     56.0078,      0.0188,      0.0028,      0.2500,      0.1977,   7490.4653,-492859.1875,  -1177.1830,    534.4583,  24968.2148,
       1,     166,     109,      14,       1,       3,       1,     10.0000,      1.3804,     42.2967,    243.2781,     61.2240,      3.4953,      0.1882,      0.1550,     71.1404,      0.2074,      5.4645,     10.9291,      1.8330,     28.0039,     56.0078,      0.0188,      0.0036,      0.2500,      0.1977,   7490.4648,-494033.9062,  -1177.7325,    534.3798,  24968.2168,
       1,     166,     109,      15,       1,       3,       1,     10.0000,      1.3804,     42.2967,    243.2781,     61.2240,      3.4953,      0.1616,      0.1283,     77.4135,      0.2130,      5.4645,     10.9291,      1.8823,     28.0039,     56.0078,      0.0188,      0.0046,      0.2095,      0.1977,   7490.4653,-513659.4688,  -1185.2681,    533.0688,  24968.2129,
       1,     166,     109,      16,       1,       3,       1,     10.0000,      1.3804,     42.2967,    243.2781,     61.2240,      3.4953,      0.0700,      0.0369,     31.5708,      0.2054,      5.4645,     10.9291,      1.8150,     28.0039,     56.0078,      0.0188,      0.0051,      0.0778,      0.1976,   7490.4644,-523418.5938,  -1189.1920,    532.4202,  24968.2129,
       1,     166,     109,      17,       1,       3,       1,     10.0000,      1.3804,     42.2967,    243.2781,     61.2240,      3.4953,      0.0313,     -0.0019,     10.9981,      0.2066,      5.4645,     10.9291,      1.8258,     28.0039,     56.0078,      0.0188,      0.0062,      0.0222,      0.1976,   7490.4644,-465334.9688,  -1167.4333,    536.2861,  24968.2129,
       1,     166,     109,      18,       1,       3,       1,     10.0000,      1.3804,     42.2967,    243.2781,     61.2240,      3.4953,      0.0848,      0.0519,     46.7541,      0.1953,      5.4645,     10.9291,      1.7260,     28.0039,     56.0078,      0.0188,      0.0060,      0.0983,      0.1977,   7490.4644,-433955.4375,  -1155.5399,    538.4038,  24968.2109,
       1,     166,     109,      19,       1,       3,       1,     10.0000,      1.3804,     42.2967,    243.2781,     61.2240,      3.4953,      0.0569,      0.0244,     30.1266,      0.1835,      5.4645,     10.9291,      1.6216,     28.0039,     56.0078,      0.0188,      0.0064,      0.0589,      0.1977,   7490.4634,-477135.6562,  -1171.9032,    535.5020,  24968.2090,
       1,     166,     109,      20,       1,       3,       1,     10.0000,      1.3804,     42.2967,    243.2781,     61.2240,      3.4953,      0.0145,     -0.0174,      0.0568,      0.1637,      5.4645,     10.9291,      1.4462,     28.0039,     56.0078,      0.0188,      0.0064,      0.0001,      0.1977,   7490.4629,-459527.9375,  -1165.2616,    536.6884,  24968.2090,
       1,     166,     109,      21,       1,       3,       1,     10.0000,      1.3804,     42.2967,    243.2781,     61.2240,      3.4953,      0.0000,     -0.0316,      7.3229,      0.1563,      5.4645,     10.9291,      1.3811,     28.0039,     56.0078,      0.0188,      0.0059,      0.0156,      0.1977,   7490.4629,-419391.3750,  -1150.0165,    539.3823,  24968.2090,
       1,     166,     109,      22,       1,       3,       1,     10.0000,      1.3804,     42.2967,    243.2781,     61.2240,      3.4953,      0.0000,     -0.0316,      7.1532,      0.1554,      5.4645,     10.9291,      1.3728,     28.0039,     56.0078,      0.0188,      0.0057,      0.0156,      0.1977,   7490.4629,-425266.9062,  -1152.2039,    538.9929,  24968.2090,
       1,     166,     109,      23,       1,       3,       1,     10.0000,      1.3804,     42.2967,    243.2781,     61.2240,      3.4953,      0.0000,     -0.0314,      6.5178,      0.1509,      5.4645,     10.9291,      1.3334,     28.0039,     56.0078,      0.0188,      0.0052,      0.0156,      0.1977,   7490.4629,-425549.1562,  -1152.2725,    538.9740,  24968.2090,
       1,     166,     109,      24,       1,       3,       1,     10.0000,      1.3804,     42.2967,    243.2781,     61.2240,      3.4953,      0.0000,     -0.0315,      5.3843,      0.1523,      5.4645,     10.9291,      1.3455,     28.0039,     56.0078,      0.0188,      0.0043,      0.0156,      0.1977,   7490.4629,-424758.0625,  -1151.9387,    539.0273,  24968.2090,
       1,     166,     110,       1,       1,       3,       1,     10.0000,      1.3804,     42.2970,    243.2838,     61.2254,      3.4953,      0.0000,     -0.0314,      4.2374,      0.1504,      5.4651,     10.9303,      1.3294,     28.0010,     56.0020,      0.0188,      0.0034,      0.0156,      0.1977,   7490.4629,-423391.5000,  -1151.9393,    539.1323,  24969.3398,
       1,     166,     110,       2,       1,       3,       1,     10.0000,      1.3804,     42.2970,    243.2838,     61.2254,      3.4953,      0.0000,     -0.0313,      3.5584,      0.1469,      5.4651,     10.9303,      1.2977,     28.0010,     56.0020,      0.0188,      0.0029,      0.0156,      0.1978,   7490.8022,-421647.0312,  -1150.7123,    539.2499,  24969.3379,
       1,     166,     110,       3,       1,       3,       1,     10.0000,      1.3804,     42.2970,    243.2838,     61.2254,      3.4953,      0.0000,     -0.0313,      3.4066,      0.1472,      5.4651,     10.9303,      1.3003,     28.0010,     56.0020,      0.0188,      0.0027,      0.0156,      0.1978,   7490.8018,-420625.1250,  -1150.3086,    539.3188,  24969.3379,
       1,     166,     110,       4,       1,       3,       1,     10.0000,      1.3804,     42.2970,    243.2838,     61.2254,      3.4953,      0.0000,     -0.0312,      2.9687,      0.1460,      5.4651,     10.9303,      1.2899,     28.0010,     56.0020,      0.0188,      0.0024,      0.0156,      0.1978,   7490.8018,-420341.8438,  -1150.1851,    539.3380,  24969.3379,
       1,     166,     110,       5,       1,       3,       1,     10.0000,      1.3804,     42.2970,    243.2838,     61.2254,      3.4953,      0.0000,     -0.0313,      3.0706,      0.1477,      5.4651,     10.9303,      1.3056,     28.0010,     56.0020,      0.0188,      0.0025,      0.0156,      0.1978,   7490.8018,-419755.3438,  -1149.9490,    539.3774,  24969.3379,
       1,     166,     110,       6,       1,       3,       1,     10.0000,      1.3804,     42.2970,    243.2838,     61.2254,      3.4953,      0.0000,     -0.0312,      2.4028,      0.1464,      5.4651,     10.9303,      1.2938,     28.0010,     56.0020,      0.0188,      0.0019,      0.0156,      0.1978,   7490.8018,-419835.5000,  -1149.9653,    539.3721,  24969.3379,
       1,     166,     110,       7,       1,       3,       1,     10.0000,      1.3804,     42.2970,    243.2838,     61.2254,      3.4953,      0.0000,     -0.0312,      2.2152,      0.1461,      5.4651,     10.9303,      1.2912,     28.0010,     56.0020,      0.0188,      0.0018,      0.0156,      0.1978,   7490.8018,-418985.4375,  -1149.6322,    539.4294,  24969.3379,
       1,     166,     110,       8,       1,       3,       1,     10.0000,      1.3804,     42.2970,    243.2838,     61.2254,      3.4953,      0.0165,     -0.0148,      0.5782,      0.1476,      5.4651,     10.9303,      1.3043,     28.0010,     56.0020,      0.0188,      0.0019,      0.0038,      0.1978,   7490.8018,-418671.2812,  -1149.5038,    539.4506,  24969.3379,
       1,     166,     110,       9,       1,       3,       1,     10.0000,      1.3804,     42.2970,    243.2838,     61.2254,      3.4953,      0.0824,      0.0506,     14.4804,      0.1637,      5.4651,     10.9303,      1.4462,     28.0010,     56.0020,      0.0188,      0.0018,      0.0992,      0.1978,   7490.8018,-416543.5312,  -1148.6831,    539.5941,  24969.3379,
       1,     166,     110,      10,       1,       3,       1,     10.0000,      1.3804,     42.2970,    243.2838,     61.2254,      3.4953,      0.1490,      0.1166,     31.3056,      0.1808,      5.4651,     10.9303,      1.5977,     28.0010,     56.0020,      0.0188,      0.0020,      0.1961,      0.1978,   7490.8018,-434197.1875,  -1155.3781,    538.4033,  24969.3379,
       1,     166,     110,      11,       1,       3,       1,     10.0000,      1.3804,     42.2970,    243.2838,     61.2254,      3.4953,      0.1662,      0.1335,     37.5339,      0.1900,      5.4651,     10.9303,      1.6789,     28.0010,     56.0020,      0.0188,      0.0021,      0.2209,      0.1977,   7490.8018,-457322.1562,  -1164.1577,    536.8483,  24969.3379,
       1,     166,     110,      12,       1,       3,       1,     10.0000,      1.3804,     42.2970,    243.2838,     61.2254,      3.4953,      0.1862,      0.1529,     45.3789,      0.2091,      5.4651,     10.9303,      1.8475,     28.0010,     56.0020,      0.0188,      0.0023,      0.2500,      0.1977,   7490.8018,-467321.5000,  -1167.9719,    536.1796,  24969.3340,
       1,     166,     110,      13,       1,       3,       1,     10.0000,      1.3804,     42.2970,    243.2838,     61.2254,      3.4953,      0.1863,      0.1527,     48.8647,      0.2253,      5.4651,     10.9303,      1.9905,     28.0010,     56.0020,      0.0188,      0.0024,      0.2500,      0.1977,   7490.8003,-478257.0000,  -1172.1464,    535.4470,  24969.3359,
       1,     166,     110,      14,       1,       3,       1,     10.0000,      1.3804,     42.2970,    243.2838,     61.2254,      3.4953,      0.1877,      0.1540,     66.9863,      0.2277,      5.4651,     10.9303,      2.0120,     28.0010,     56.0020,      0.0188,      0.0034,      0.2500,      0.1977,   7490.8013,-483677.9688,  -1174.2479,    535.0847,  24969.3359,
       1,     166,     110,      15,       1,       3,       1,     10.0000,      1.3804,     42.2970,    243.2838,     61.2254,      3.4953,      0.1895,      0.1559,     90.0982,      0.2248,      5.4651,     10.9303,      1.9866,     28.0010,     56.0020,      0.0188,      0.0045,      0.2500,      0.1977,   7490.8013,-507420.3125,  -1183.3483,    533.4968,  24969.3359,
       1,     166,     110,      16,       1,       3,       1,     10.0000,      1.3804,     42.2970,    243.2838,     61.2254,      3.4953,      0.1796,      0.1461,     94.4999,      0.2179,      5.4651,     10.9303,      1.9253,     28.0010,     56.0020,      0.0188,      0.0051,      0.2345,      0.1977,   7490.8013,-539169.8750,  -1195.6129,    531.3818,  24969.3340,
       1,     166,     110,      17,       1,       3,       1,     10.0000,      1.3804,     42.2970,    243.2838,     61.2254,      3.4953,      0.1281,      0.0949,     75.7428,      0.2056,      5.4651,     10.9303,      1.8169,     28.0010,     56.0020,      0.0188,      0.0060,      0.1595,      0.1976,   7490.8003,-547574.6250,  -1199.1740,    530.8278,  24969.3301,
       1,     166,     110,      18,       1,       3,       1,     10.0000,      1.3804,     42.2970,    243.2838,     61.2254,      3.4953,      0.1002,      0.0674,     65.1832,      0.1934,      5.4651,     10.9303,      1.7091,     28.0010,     56.0020,      0.0188,      0.0069,      0.1192,      0.1976,   7490.7993,-524178.6875,  -1190.6750,    532.3804,  24969.3301,
       1,     166,     110,      19,       1,       3,       1,     10.0000,      1.3804,     42.2970,    243.2838,     61.2254,      3.4953,      0.0629,      0.0307,     34.6487,      0.1741,      5.4651,     10.9303,      1.5385,     28.0010,     56.0020,      0.0188,      0.0064,      0.0675,      0.1976,   7490.7993,-508599.9375,  -1185.0278,    533.4195,  24969.3301,
       1,     166,     110,      20,       1,       3,       1,     10.0000,      1.3804,     42.2970,    243.2838,     61.2254,      3.4953,      0.0134,     -0.0185,      7.3728,      0.1646,      5.4651,     10.9303,      1.4549,     28.0010,     56.0020,      0.0188,      0.0059,      0.0156,      0.1977,   7490.7993,-468025.1875,  -1169.7474,    536.1259,  24969.3301,
       1,     166,     110,      21,       1,       3,       1,     10.0000,      1.3804,     42.2970,    243.2838,     61.2254,      3.4953,      0.0000,     -0.0317,      7.2440,      0.1609,      5.4651,     10.9303,      1.4218,     28.0010,     56.0020,      0.0188,      0.0058,      0.0156,      0.1977,   7490.7993,-429524.3750,  -1155.0787,    538.7130,  24969.3301,
       1,     166,     110,      22,       1,       3,       1,     10.0000,      1.3804,     42.2970,    243.2838,     61.2254,      3.4953,      0.0000,     -0.0317,      7.0146,      0.1599,      5.4651,     10.9303,      1.4133,     28.0010,     56.0020,      0.0188,      0.0056,      0.0156,      0.1977,   7490.7993,-426044.8750,  -1153.7278,    538.9536,  24969.3281,
       1,     166,     110,      23,       1,       3,       1,     10.0000,      1.3804,     42.2970,    243.2838,     61.2254,      3.4953,      0.0000,     -0.0317,      5.8238,      0.1585,      5.4651,     10.9303,      1.4006,     28.0010,     56.0020,      0.0188,      0.0047,      0.0156,      0.1977,   7490.7988,-425441.8438,  -1153.4744,    538.9942,  24969.3281,
       1,     166,     110,      24,       1,       3,       1,     10.0000,      1.3804,     42.2970,    243.2838,     61.2254,      3.4953,      0.0000,     -0.0316,      4.6275,      0.1579,      5.4651,     10.9303,      1.3950,     28.0010,     56.0020,      0.0188,      0.0037,      0.0156,      0.1977,   7490.7988,-423861.5312,  -1152.8527,    539.1007,  24969.3281,
       1,     166,     111,       1,       1,       3,       1,     10.0000,      1.3805,     42.2974,    243.2896,     61.2269,      3.4953,      0.0000,     -0.0316,      4.0990,      0.1555,      5.4644,     10.9288,      1.3742,     28.0027,     56.0053,      0.0188,      0.0033,      0.0156,      0.1978,   7490.7988,-422346.0625,  -1152.8083,    539.2155,  24970.4590,
       1,     166,     111,       2,       1,       3,       1,     10.0000,      1.3805,     42.2974,    243.2896,     61.2269,      3.4953,      0.0000,     -0.0315,      3.3180,      0.1547,      5.4644,     10.9288,      1.3674,     28.0027,     56.0053,      0.0188,      0.0027,      0.0156,      0.1978,   7491.1382,-421382.7812,  -1151.8799,    539.2805,  24970.4590,
       1,     166,     111,       3,       1,       3,       1,     10.0000,      1.3805,     42.2974,    243.2896,     61.2269,      3.4953,      0.0000,     -0.0315,      3.2969,      0.1530,      5.4644,     10.9288,      1.3524,     28.0027,     56.0053,      0.0188,      0.0026,      0.0156,      0.1978,   7491.1382,-420297.3438,  -1151.4562,    539.3536,  24970.4590,
       1,     166,     111,       4,       1,       3,       1,     10.0000,      1.3805,     42.2974,    243.2896,     61.2269,      3.4953,      0.0000,     -0.0314,      3.0924,      0.1515,      5.4644,     10.9288,      1.3388,     28.0027,     56.0053,      0.0188,      0.0025,      0.0156,      0.1978,   7491.1382,-420176.4375,  -1151.3999,    539.3618,  24970.4590,
       1,     166,     111,       5,       1,       3,       1,     10.0000,      1.3805,     42.2974,    243.2896,     61.2269,      3.4953,      0.0000,     -0.0314,      2.9174,      0.1515,      5.4644,     10.9288,      1.3388,     28.0027,     56.0053,      0.0188,      0.0023,      0.0156,      0.1978,   7491.1382,-419903.6562,  -1151.2866,    539.3802,  24970.4590,
       1,     166,     111,       6,       1,       3,       1,     10.0000,      1.3805,     42.2974,    243.2896,     61.2269,      3.4953,      0.0000,     -0.0315,      2.6674,      0.1530,      5.4644,     10.9288,      1.3524,     28.0027,     56.0053,      0.0188,      0.0021,      0.0156,      0.1978,   7491.1382,-419655.4688,  -1151.1837,    539.3969,  24970.4590,
       1,     166,     111,       7,       1,       3,       1,     10.0000,      1.3805,     42.2974,    243.2896,     61.2269,      3.4953,      0.0000,     -0.0314,      2.8379,      0.1515,      5.4644,     10.9288,      1.3388,     28.0027,     56.0053,      0.0188,      0.0023,      0.0156,      0.1978,   7491.1382,-419313.2500,  -1151.0454,    539.4199,  24970.4590,
       1,     166,     111,       8,       1,       3,       1,     10.0000,      1.3805,     42.2974,    243.2896,     61.2269,      3.4953,      0.0183,     -0.0131,      1.0630,      0.1517,      5.4644,     10.9288,      1.3402,     28.0027,     56.0053,      0.0188,      0.0022,      0.0062,      0.1978,   7491.1382,-419502.3750,  -1151.1100,    539.4072,  24970.4590,
       1,     166,     111,       9,       1,       3,       1,     10.0000,      1.3805,     42.2974,    243.2896,     61.2269,      3.4953,      0.1255,      0.0940,     26.2856,      0.1517,      5.4644,     10.9288,      1.3402,     28.0027,     56.0053,      0.0188,      0.0020,      0.1618,      0.1978,   7491.1382,-417241.5625,  -1150.2368,    539.5596,  24970.4590,
       1,     166,     111,      10,       1,       3,       1,     10.0000,      1.3805,     42.2974,    243.2896,     61.2269,      3.4953,      0.1726,      0.1406,     40.3830,      0.1697,      5.4644,     10.9288,      1.4992,     28.0027,     56.0053,      0.0188,      0.0022,      0.2300,      0.1978,   7491.1382,-449405.4062,  -1162.5203,    537.3904,  24970.4570,
       1,     166,     111,      11,       1,       3,       1,     10.0000,      1.3805,     42.2974,    243.2896,     61.2269,      3.4953,      0.1865,      0.1544,     45.3401,      0.1697,      5.4644,     10.9288,      1.4992,     28.0027,     56.0053,      0.0188,      0.0023,      0.2500,      0.1978,   7491.1372,-470294.2812,  -1170.5129,    535.9915,  24970.4570,
       1,     166,     111,      12,       1,       3,       1,     10.0000,      1.3805,     42.2974,    243.2896,     61.2269,      3.4953,      0.1807,      0.1480,     45.9489,      0.1902,      5.4644,     10.9288,      1.6806,     28.0027,     56.0053,      0.0188,      0.0024,      0.2416,      0.1977,   7491.1372,-478462.4688,  -1173.6826,    535.4462,  24970.4570,
       1,     166,     111,      13,       1,       3,       1,     10.0000,      1.3805,     42.2974,    243.2896,     61.2269,      3.4953,      0.1634,      0.1310,     38.3075,      0.1817,      5.4644,     10.9288,      1.6057,     28.0027,     56.0053,      0.0188,      0.0022,      0.2166,      0.1977,   7491.1372,-479947.1562,  -1174.3265,    535.3470,  24970.4551,
       1,     166,     111,      14,       1,       3,       1,     10.0000,      1.3805,     42.2974,    243.2896,     61.2269,      3.4953,      0.1278,      0.0952,     26.1549,      0.1891,      5.4644,     10.9288,      1.6707,     28.0027,     56.0053,      0.0188,      0.0020,      0.1650,      0.1977,   7491.1367,-470262.4375,  -1170.7139,    535.9951,  24970.4531,
       1,     166,     111,      15,       1,       3,       1,     10.0000,      1.3805,     42.2974,    243.2896,     61.2269,      3.4953,      0.1611,      0.1293,     41.9265,      0.1620,      5.4644,     10.9288,      1.4319,     28.0027,     56.0053,      0.0188,      0.0025,      0.2127,      0.1977,   7491.1362,-453825.3125,  -1164.4917,    537.0967,  24970.4531,
       1,     166,     111,      16,       1,       3,       1,     10.0000,      1.3805,     42.2974,    243.2896,     61.2269,      3.4953,      0.1871,      0.1555,     51.7194,      0.1568,      5.4644,     10.9288,      1.3853,     28.0027,     56.0053,      0.0188,      0.0026,      0.2500,      0.1977,   7491.1362,-472655.0625,  -1180.2980,    535.8337,  24970.4531,
       1,     166,     111,      17,       1,       3,       1,     10.0000,      1.3805,     42.2974,    243.2896,     61.2269,      3.4953,      0.1865,      0.1546,     78.2542,      0.1671,      5.4644,     10.9288,      1.4769,     28.0027,     56.0053,      0.0188,      0.0040,      0.2462,      0.1977,   7491.1362,-486857.5000,  -1185.6243,    534.8840,  24970.4551,
       1,     166,     111,      18,       1,       3,       1,     10.0000,      1.3805,     42.2974,    243.2896,     61.2269,      3.4953,      0.0975,      0.0655,     34.5492,      0.1681,      5.4644,     10.9288,      1.4858,     28.0027,     56.0053,      0.0188,      0.0036,      0.1192,      0.1977,   7491.1367,-522160.8750,  -1199.0532,    532.5244,  24970.4512,
       1,     166,     111,      19,       1,       3,       1,     10.0000,      1.3805,     42.2974,    243.2896,     61.2269,      3.4953,      0.1138,      0.0819,     48.1344,      0.1651,      5.4644,     10.9288,      1.4593,     28.0027,     56.0053,      0.0188,      0.0043,      0.1418,      0.1977,   7491.1357,-469058.5312,  -1179.0945,    536.0644,  24970.4512,
       1,     166,     111,      20,       1,       3,       1,     10.0000,      1.3805,     42.2974,    243.2896,     61.2269,      3.4953,      0.0613,      0.0295,     14.3527,      0.1604,      5.4644,     10.9288,      1.4176,     28.0027,     56.0053,      0.0188,      0.0026,      0.0679,      0.1977,   7491.1357,-481956.8438,  -1184.0115,    535.2119,  24970.4492,
       1,     166,     111,      21,       1,       3,       1,     10.0000,      1.3805,     42.2974,    243.2896,     61.2269,      3.4953,      0.0000,     -0.0315,      2.5314,      0.1547,      5.4644,     10.9288,      1.3674,     28.0027,     56.0053,      0.0188,      0.0020,      0.0156,      0.1977,   7491.1353,-439674.6875,  -1167.9926,    538.0413,  24970.4492,
       1,     166,     111,      22,       1,       3,       1,     10.0000,      1.3805,     42.2974,    243.2896,     61.2269,      3.4953,      0.0000,     -0.0313,      3.0802,      0.1486,      5.4644,     10.9288,      1.3135,     28.0027,     56.0053,      0.0188,      0.0025,      0.0156,      0.1978,   7491.1353,-420877.5625,  -1160.8141,    539.3130,  24970.4492,
       1,     166,     111,      23,       1,       3,       1,     10.0000,      1.3805,     42.2974,    243.2896,     61.2269,      3.4953,      0.0000,     -0.0313,      3.1040,      0.1466,      5.4644,     10.9288,      1.2951,     28.0027,     56.0053,      0.0188,      0.0025,      0.0156,      0.1978,   7491.1353,-419951.6875,  -1160.4116,    539.3770,  24970.4473,
       1,     166,     111,      24,       1,       3,       1,     10.0000,      1.3805,     42.2974,    243.2896,     61.2269,      3.4953,      0.0000,     -0.0313,      3.0936,      0.1479,      5.4644,     10.9288,      1.3069,     28.0027,     56.0053,      0.0188,      0.0025,      0.0156,      0.1978,   7491.1343,-419900.4062,  -1160.3434,    539.3803,  24970.4473,
       1,     166,     112,       1,       1,       3,       1,     10.0000,      1.3805,     42.2977,    243.2954,     61.2283,      3.4953,      0.0000,     -0.0313,      2.9813,      0.1485,      5.4643,     10.9286,      1.3122,     28.0079,     56.0158,      0.0188,      0.0024,      0.0156,      0.1978,   7491.1343,-420039.4062,  -1160.8931,    539.3839,  24971.5762,
       1,     166,     112,       2,       1,       3,       1,     10.0000,      1.3805,     42.2977,    243.2954,     61.2283,      3.4953,      0.0000,     -0.0313,      2.5709,      0.1475,      5.4643,     10.9286,      1.3030,     28.0079,     56.0158,      0.0188,      0.0021,      0.0156,      0.1978,   7491.4731,-419752.9688,  -1160.1898,    539.4031,  24971.5762,
       1,     166,     112,       3,       1,       3,       1,     10.0000,      1.3805,     42.2977,    243.2954,     61.2283,      3.4953,      0.0000,     -0.0313,      2.0280,      0.1475,      5.4643,     10.9286,      1.3030,     28.0079,     56.0158,      0.0188,      0.0016,      0.0156,      0.1978,   7491.4731,-419201.7188,  -1159.9396,    539.4404,  24971.5762,
       1,     166,     112,       4,       1,       3,       1,     10.0000,      1.3805,     42.2977,    243.2954,     61.2283,      3.4953,      0.0000,     -0.0312,      1.9299,      0.1464,      5.4643,     10.9286,      1.2939,     28.0079,     56.0158,      0.0188,      0.0016,      0.0156,      0.1978,   7491.4731,-418457.5938,  -1159.6263,    539.4905,  24971.5762,
       1,     166,     112,       5,       1,       3,       1,     10.0000,      1.3805,     42.2977,    243.2954,     61.2283,      3.4953,      0.0000,     -0.0312,      2.4112,      0.1444,      5.4643,     10.9286,      1.2757,     28.0079,     56.0158,      0.0188,      0.0019,      0.0156,      0.1978,   7491.4731,-418267.2812,  -1159.5260,    539.5034,  24971.5762,
       1,     166,     112,       6,       1,       3,       1,     10.0000,      1.3805,     42.2977,    243.2954,     61.2283,      3.4953,      0.0000,     -0.0313,      2.3135,      0.1466,      5.4643,     10.9286,      1.2952,     28.0079,     56.0158,      0.0188,      0.0019,      0.0156,      0.1978,   7491.4731,-418868.3125,  -1159.7184,    539.4628,  24971.5762,
       1,     166,     112,       7,       1,       3,       1,     10.0000,      1.3805,     42.2977,    243.2954,     61.2283,      3.4953,      0.0000,     -0.0312,      2.4699,      0.1457,      5.4643,     10.9286,      1.2874,     28.0079,     56.0158,      0.0188,      0.0020,      0.0156,      0.1978,   7491.4731,-418795.0000,  -1159.6560,    539.4678,  24971.5762,
       1,     166,     112,       8,       1,       3,       1,     10.0000,      1.3805,     42.2977,    243.2954,     61.2283,      3.4953,      0.0207,     -0.0105,      1.6246,      0.1455,      5.4643,     10.9286,      1.2861,     28.0079,     56.0158,      0.0188,      0.0020,      0.0100,      0.1978,   7491.4731,-418989.2812,  -1159.6924,    539.4547,  24971.5762,
       1,     166,     112,       9,       1,       3,       1,     10.0000,      1.3805,     42.2977,    243.2954,     61.2283,      3.4953,      0.1281,      0.0964,     25.2964,      0.1574,      5.4643,     10.9286,      1.3909,     28.0079,     56.0158,      0.0188,      0.0019,      0.1657,      0.1978,   7491.4731,-417921.8125,  -1159.2412,    539.5267,  24971.5762,
       1,     166,     112,      10,       1,       3,       1,     10.0000,      1.3805,     42.2977,    243.2954,     61.2283,      3.4953,      0.1715,      0.1393,     33.0430,      0.1757,      5.4643,     10.9286,      1.5524,     28.0079,     56.0158,      0.0188,      0.0018,      0.2293,      0.1978,   7491.4731,-448195.5625,  -1170.7299,    537.4849,  24971.5781,
       1,     166,     112,      11,       1,       3,       1,     10.0000,      1.3805,     42.2977,    243.2954,     61.2283,      3.4953,      0.1842,      0.1514,     40.3421,      0.1928,      5.4643,     10.9286,      1.7041,     28.0079,     56.0158,      0.0188,      0.0020,      0.2474,      0.1978,   7491.4736,-460766.4062,  -1175.4626,    536.6442,  24971.5762,
       1,     166,     112,      12,       1,       3,       1,     10.0000,      1.3805,     42.2977,    243.2954,     61.2283,      3.4953,      0.1858,      0.1527,     39.8898,      0.2046,      5.4643,     10.9286,      1.8080,     28.0079,     56.0158,      0.0188,      0.0020,      0.2500,      0.1978,   7491.4731,-471218.0625,  -1179.3904,    535.9438,  24971.5742,
       1,     166,     112,      13,       1,       3,       1,     10.0000,      1.3805,     42.2977,    243.2954,     61.2283,      3.4953,      0.1861,      0.1532,     43.1437,      0.1983,      5.4643,     10.9286,      1.7519,     28.0079,     56.0158,      0.0188,      0.0022,      0.2500,      0.1978,   7491.4727,-471540.2812,  -1179.4752,    535.9227,  24971.5742,
       1,     166,     112,      14,       1,       3,       1,     10.0000,      1.3805,     42.2977,    243.2954,     61.2283,      3.4953,      0.1870,      0.1539,     55.7701,      0.2044,      5.4643,     10.9286,      1.8062,     28.0079,     56.0158,      0.0188,      0.0028,      0.2500,      0.1978,   7491.4727,-475744.8750,  -1181.0250,    535.6410,  24971.5723,
       1,     166,     112,      15,       1,       3,       1,     10.0000,      1.3805,     42.2977,    243.2954,     61.2283,      3.4953,      0.1848,      0.1514,     75.4312,      0.2145,      5.4643,     10.9286,      1.8954,     28.0079,     56.0158,      0.0188,      0.0039,      0.2444,      0.1978,   7491.4722,-492319.0625,  -1187.3087,    534.5314,  24971.5742,
       1,     166,     112,      16,       1,       3,       1,     10.0000,      1.3805,     42.2977,    243.2954,     61.2283,      3.4953,      0.1829,      0.1499,     91.6387,      0.2022,      5.4643,     10.9286,      1.7868,     28.0079,     56.0158,      0.0188,      0.0048,      0.2397,      0.1977,   7491.4727,-519000.9375,  -1197.5482,    532.7498,  24971.5703,
       1,     166,     112,      17,       1,       3,       1,     10.0000,      1.3805,     42.2977,    243.2954,     61.2283,      3.4953,      0.1733,      0.1407,     87.8093,      0.1863,      5.4643,     10.9286,      1.6461,     28.0079,     56.0158,      0.0188,      0.0049,      0.2256,      0.1977,   7491.4712,-542131.6875,  -1206.5669,    531.2123,  24971.5723,
       1,     166,     112,      18,       1,       3,       1,     10.0000,      1.3805,     42.2977,    243.2954,     61.2283,      3.4953,      0.1384,      0.1062,     66.2493,      0.1757,      5.4643,     10.9286,      1.5524,     28.0079,     56.0158,      0.0188,      0.0047,      0.1762,      0.1977,   7491.4722,-539205.4375,  -1205.7419,    531.4088,  24971.5703,
       1,     166,     112,      19,       1,       3,       1,     10.0000,      1.3805,     42.2977,    243.2954,     61.2283,      3.4953,      0.1295,      0.0974,     63.0443,      0.1719,      5.4643,     10.9286,      1.5188,     28.0079,     56.0158,      0.0188,      0.0048,      0.1633,      0.1977,   7491.4712,-511241.8438,  -1195.3340,    533.2664,  24971.5684,
       1,     166,     112,      20,       1,       3,       1,     10.0000,      1.3805,     42.2977,    243.2954,     61.2283,      3.4953,      0.0580,      0.0261,     25.8141,      0.1638,      5.4643,     10.9286,      1.4477,     28.0079,     56.0158,      0.0188,      0.0053,      0.0616,      0.1977,   7491.4707,-504727.7188,  -1193.0220,    533.7038,  24971.5664,
       1,     166,     112,      21,       1,       3,       1,     10.0000,      1.3805,     42.2977,    243.2954,     61.2283,      3.4953,      0.0000,     -0.0317,      6.2139,      0.1582,      5.4643,     10.9286,      1.3979,     28.0079,     56.0158,      0.0188,      0.0050,      0.0156,      0.1977,   7491.4702,-456341.4688,  -1174.5697,    536.9320,  24971.5684,
       1,     166,     112,      22,       1,       3,       1,     10.0000,      1.3805,     42.2977,    243.2954,     61.2283,      3.4953,      0.0000,     -0.0316,      4.8260,      0.1566,      5.4643,     10.9286,      1.3840,     28.0079,     56.0158,      0.0188,      0.0039,      0.0156,      0.1978,   7491.4707,-427043.5312,  -1163.2642,    538.9082,  24971.5684,
       1,     166,     112,      23,       1,       3,       1,     10.0000,      1.3805,     42.2977,    243.2954,     61.2283,      3.4953,      0.0000,     -0.0316,      4.2770,      0.1565,      5.4643,     10.9286,      1.3826,     28.0079,     56.0158,      0.0188,      0.0034,      0.0156,      0.1978,   7491.4707,-422730.7500,  -1161.5438,    539.2023,  24971.5664,
       1,     166,     112,      24,       1,       3,       1,     10.0000,      1.3805,     42.2977,    243.2954,     61.2283,      3.4953,      0.0000,     -0.0315,      4.3382,      0.1544,      5.4643,     10.9286,      1.3647,     28.0079,     56.0158,      0.0188,      0.0035,      0.0156,      0.1978,   7491.4702,-421649.5312,  -1161.0729,    539.2753,  24971.5664,
       1,     166,     113,       1,       1,       3,       1,     10.0000,      1.3805,     42.2980,    243.3012,     61.2298,      3.4953,      0.0000,     -0.0314,      3.7050,      0.1500,      5.4646,     10.9293,      1.3255,     28.0167,     56.0334,      0.0188,      0.0030,      0.0156,      0.1978,   7491.4702,-421790.5938,  -1161.6229,    539.2785,  24972.6973,
       1,     166,     113,       2,       1,       3,       1,     10.0000,      1.3805,     42.2980,    243.3012,     61.2298,      3.4953,      0.0000,     -0.0313,      2.9956,      0.1470,      5.4646,     10.9293,      1.2991,     28.0167,     56.0334,      0.0188,      0.0024,      0.0156,      0.1978,   7491.8096,-420836.5625,  -1160.6598,    539.3429,  24972.6973,
       1,     166,     113,       3,       1,       3,       1,     10.0000,      1.3805,     42.2980,    243.3012,     61.2298,      3.4953,      0.0000,     -0.0313,      2.8133,      0.1470,      5.4646,     10.9293,      1.2991,     28.0167,     56.0334,      0.0188,      0.0023,      0.0156,      0.1978,   7491.8096,-419844.0625,  -1160.2424,    539.4098,  24972.6973,
       1,     166,     113,       4,       1,       3,       1,     10.0000,      1.3805,     42.2980,    243.3012,     61.2298,      3.4953,      0.0000,     -0.0313,      2.8282,      0.1482,      5.4646,     10.9293,      1.3096,     28.0167,     56.0334,      0.0188,      0.0023,      0.0156,      0.1978,   7491.8096,-419524.3125,  -1160.0854,    539.4313,  24972.6973,
       1,     166,     113,       5,       1,       3,       1,     10.0000,      1.3805,     42.2980,    243.3012,     61.2298,      3.4953,      0.0000,     -0.0311,      2.5710,      0.1435,      5.4646,     10.9293,      1.2681,     28.0167,     56.0334,      0.0188,      0.0021,      0.0156,      0.1978,   7491.8096,-419516.0000,  -1160.0480,    539.4319,  24972.6973,
       1,     166,     113,       6,       1,       3,       1,     10.0000,      1.3805,     42.2980,    243.3012,     61.2298,      3.4953,      0.0000,     -0.0312,      2.2181,      0.1436,      5.4646,     10.9293,      1.2693,     28.0167,     56.0334,      0.0188,      0.0018,      0.0156,      0.1978,   7491.8096,-419185.3125,  -1159.8899,    539.4542,  24972.6973,
       1,     166,     113,       7,       1,       3,       1,     10.0000,      1.3805,     42.2980,    243.3012,     61.2298,      3.4953,      0.0000,     -0.0312,      1.7398,      0.1442,      5.4646,     10.9293,      1.2745,     28.0167,     56.0334,      0.0188,      0.0014,      0.0156,      0.1978,   7491.8096,-418703.9062,  -1159.6793,    539.4866,  24972.6973,
       1,     166,     113,       8,       1,       3,       1,     10.0000,      1.3805,     42.2980,    243.3012,     61.2298,      3.4953,      0.0183,     -0.0130,      0.7100,      0.1457,      5.4646,     10.9293,      1.2874,     28.0167,     56.0334,      0.0188,      0.0014,      0.0064,      0.1978,   7491.8096,-418048.8750,  -1159.4082,    539.5308,  24972.6973,
       1,     166,     113,       9,       1,       3,       1,     10.0000,      1.3805,     42.2980,    243.3012,     61.2298,      3.4953,      0.1199,      0.0882,     19.0346,      0.1595,      5.4646,     10.9293,      1.4092,     28.0167,     56.0334,      0.0188,      0.0015,      0.1543,      0.1978,   7491.8096,-416671.3750,  -1158.8557,    539.6237,  24972.6973,
       1,     166,     113,      10,       1,       3,       1,     10.0000,      1.3805,     42.2980,    243.3012,     61.2298,      3.4953,      0.1736,      0.1414,     31.4199,      0.1748,      5.4646,     10.9293,      1.5447,     28.0167,     56.0334,      0.0188,      0.0017,      0.2325,      0.1978,   7491.8096,-440055.7500,  -1167.8162,    538.0464,  24972.6973,
       1,     166,     113,      11,       1,       3,       1,     10.0000,      1.3805,     42.2980,    243.3012,     61.2298,      3.4953,      0.1860,      0.1533,     40.8742,      0.1887,      5.4646,     10.9293,      1.6674,     28.0167,     56.0334,      0.0188,      0.0020,      0.2500,      0.1978,   7491.8096,-457975.8125,  -1174.6581,    536.8434,  24972.6973,
       1,     166,     113,      12,       1,       3,       1,     10.0000,      1.3805,     42.2980,    243.3012,     61.2298,      3.4953,      0.1861,      0.1531,     43.7110,      0.2000,      5.4646,     10.9293,      1.7675,     28.0167,     56.0334,      0.0188,      0.0022,      0.2500,      0.1978,   7491.8096,-471658.2812,  -1179.8757,    535.9266,  24972.6953,
       1,     166,     113,      13,       1,       3,       1,     10.0000,      1.3805,     42.2980,    243.3012,     61.2298,      3.4953,      0.1863,      0.1531,     46.4129,      0.2075,      5.4646,     10.9293,      1.8331,     28.0167,     56.0334,      0.0188,      0.0023,      0.2500,      0.1978,   7491.8091,-476481.2188,  -1181.7043,    535.6043,  24972.6973,
       1,     166,     113,      14,       1,       3,       1,     10.0000,      1.3805,     42.2980,    243.3012,     61.2298,      3.4953,      0.1873,      0.1541,     58.8946,      0.2072,      5.4646,     10.9293,      1.8313,     28.0167,     56.0334,      0.0188,      0.0030,      0.2500,      0.1978,   7491.8096,-480364.9375,  -1183.1803,    535.3444,  24972.6914,
       1,     166,     113,      15,       1,       3,       1,     10.0000,      1.3805,     42.2980,    243.3012,     61.2298,      3.4953,      0.1887,      0.1555,     76.8296,      0.2064,      5.4646,     10.9293,      1.8241,     28.0167,     56.0334,      0.0188,      0.0039,      0.2500,      0.1978,   7491.8076,-496725.1562,  -1189.4849,    534.2497,  24972.6953,
       1,     166,     113,      16,       1,       3,       1,     10.0000,      1.3805,     42.2980,    243.3012,     61.2298,      3.4953,      0.1906,      0.1575,    102.2185,      0.2058,      5.4646,     10.9293,      1.8188,     28.0167,     56.0334,      0.0188,      0.0051,      0.2500,      0.1978,   7491.8091,-521169.9688,  -1198.9746,    532.6184,  24972.6914,
       1,     166,     113,      17,       1,       3,       1,     10.0000,      1.3805,     42.2980,    243.3012,     61.2298,      3.4953,      0.1848,      0.1517,    110.4932,      0.2024,      5.4646,     10.9293,      1.7886,     28.0167,     56.0334,      0.0188,      0.0058,      0.2402,      0.1977,   7491.8076,-555899.5625,  -1212.5615,    530.3087,  24972.6914,
       1,     166,     113,      18,       1,       3,       1,     10.0000,      1.3805,     42.2980,    243.3012,     61.2298,      3.4953,      0.1694,      0.1367,    104.8814,      0.1911,      5.4646,     10.9293,      1.6890,     28.0167,     56.0334,      0.0188,      0.0060,      0.2178,      0.1977,   7491.8076,-569540.1250,  -1218.2075,    529.4094,  24972.6914,
       1,     166,     113,      19,       1,       3,       1,     10.0000,      1.3805,     42.2980,    243.3012,     61.2298,      3.4953,      0.1337,      0.1015,     77.5370,      0.1729,      5.4646,     10.9293,      1.5279,     28.0167,     56.0334,      0.0188,      0.0058,      0.1678,      0.1977,   7491.8076,-563495.6250,  -1216.3455,    529.8102,  24972.6895,
       1,     166,     113,      20,       1,       3,       1,     10.0000,      1.3805,     42.2980,    243.3012,     61.2298,      3.4953,      0.0203,     -0.0111,      3.7629,      0.1520,      5.4646,     10.9293,      1.3429,     28.0167,     56.0334,      0.0188,      0.0053,      0.0088,      0.1977,   7491.8071,-527821.5000,  -1205.0422,    532.1729,  24972.6875,
       1,     166,     113,      21,       1,       3,       1,     10.0000,      1.3805,     42.2980,    243.3012,     61.2298,      3.4953,      0.0000,     -0.0315,      6.5966,      0.1527,      5.4646,     10.9293,      1.3497,     28.0167,     56.0334,      0.0188,      0.0053,      0.0156,      0.1977,   7491.8066,-429982.5312,  -1167.4098,    538.6865,  24972.6855,
       1,     166,     113,      22,       1,       3,       1,     10.0000,      1.3805,     42.2980,    243.3012,     61.2298,      3.4953,      0.0000,     -0.0314,      6.3782,      0.1515,      5.4646,     10.9293,      1.3389,     28.0167,     56.0334,      0.0188,      0.0051,      0.0156,      0.1978,   7491.8062,-425306.5625,  -1165.5156,    539.0414,  24972.6855,
       1,     166,     113,      23,       1,       3,       1,     10.0000,      1.3805,     42.2980,    243.3012,     61.2298,      3.4953,      0.0000,     -0.0315,      5.6819,      0.1535,      5.4646,     10.9293,      1.3565,     28.0167,     56.0334,      0.0188,      0.0046,      0.0156,      0.1978,   7491.8062,-424571.1250,  -1165.1465,    539.0911,  24972.6855,
       1,     166,     113,      24,       1,       3,       1,     10.0000,      1.3805,     42.2980,    243.3012,     61.2298,      3.4953,      0.0000,     -0.0315,      4.5051,      0.1549,      5.4646,     10.9293,      1.3688,     28.0167,     56.0334,      0.0188,      0.0036,      0.0156,      0.1978,   7491.8062,-423614.0000,  -1164.7012,    539.1555,  24972.6855,
       1,     166,     114,       1,       1,       3,       1,     10.0000,      1.3805,     42.2984,    243.3070,     61.2312,      3.4953,      0.0000,     -0.0315,      2.2568,      0.1531,      5.4643,     10.9285,      1.3524,     28.0258,     56.0516,      0.0188,      0.0018,      0.0156,      0.1979,   7491.8062,-422178.7812,  -1164.6454,    539.2652,  24973.8184,
       1,     166,     114,       2,       1,       3,       1,     10.0000,      1.3805,     42.2984,    243.3070,     61.2312,      3.4953,      0.0000,     -0.0315,      2.3592,      0.1529,      5.4643,     10.9285,      1.3511,     28.0258,     56.0516,      0.0188,      0.0019,      0.0156,      0.1979,   7492.1460,-419016.2188,  -1162.8381,    539.4783,  24973.8184,
       1,     166,     114,       3,       1,       3,       1,     10.0000,      1.3805,     42.2984,    243.3070,     61.2312,      3.4953,      0.0000,     -0.0314,      2.2597,      0.1505,      5.4643,     10.9285,      1.3295,     28.0258,     56.0516,      0.0188,      0.0018,      0.0156,      0.1979,   7492.1460,-418874.2500,  -1162.7551,    539.4880,  24973.8184,
       1,     166,     114,       4,       1,       3,       1,     10.0000,      1.3805,     42.2984,    243.3070,     61.2312,      3.4953,      0.0000,     -0.0314,      2.2784,      0.1497,      5.4643,     10.9285,      1.3229,     28.0258,     56.0516,      0.0188,      0.0018,      0.0156,      0.1979,   7492.1460,-418734.4062,  -1162.6749,    539.4975,  24973.8184,
       1,     166,     114,       5,       1,       3,       1,     10.0000,      1.3805,     42.2984,    243.3070,     61.2312,      3.4953,      0.0000,     -0.0314,      2.3263,      0.1493,      5.4643,     10.9285,      1.3189,     28.0258,     56.0516,      0.0188,      0.0019,      0.0156,      0.1979,   7492.1460,-418746.0625,  -1162.6533,    539.4966,  24973.8184,
       1,     166,     114,       6,       1,       3,       1,     10.0000,      1.3805,     42.2984,    243.3070,     61.2312,      3.4953,      0.0000,     -0.0313,      2.2337,      0.1479,      5.4643,     10.9285,      1.3070,     28.0258,     56.0516,      0.0188,      0.0018,      0.0156,      0.1979,   7492.1460,-418808.6250,  -1162.6512,    539.4924,  24973.8184,
       1,     166,     114,       7,       1,       3,       1,     10.0000,      1.3805,     42.2984,    243.3070,     61.2312,      3.4953,      0.0000,     -0.0306,      2.1412,      0.1300,      5.4643,     10.9285,      1.1484,     28.0258,     56.0516,      0.0188,      0.0017,      0.0156,      0.1979,   7492.1460,-418695.2500,  -1164.8718,    539.5001,  24973.8184,
       1,     166,     114,       8,       1,       3,       1,     10.0000,      1.3805,     42.2984,    243.3070,     61.2312,      3.4953,      0.0210,     -0.0097,      1.4150,      0.1308,      5.4643,     10.9285,      1.1554,     28.0258,     56.0516,      0.0188,      0.0016,      0.0110,      0.1979,   7492.1460,-418566.7812,  -1167.0903,    539.5087,  24973.8184,
       1,     166,     114,       9,       1,       3,       1,     10.0000,      1.3805,     42.2984,    243.3070,     61.2312,      3.4953,      0.1249,      0.0941,     20.0744,      0.1340,      5.4643,     10.9285,      1.1839,     28.0258,     56.0516,      0.0188,      0.0016,      0.1617,      0.1979,   7492.1460,-417624.4062,  -1167.3887,    539.5723,  24973.8184,
       1,     166,     114,      10,       1,       3,       1,     10.0000,      1.3805,     42.2984,    243.3070,     61.2312,      3.4953,      0.1778,      0.1466,     30.0126,      0.1429,      5.4643,     10.9285,      1.2630,     28.0258,     56.0516,      0.0188,      0.0016,      0.2386,      0.1979,   7492.1460,-441473.4688,  -1177.6265,    537.9638,  24973.8164,
       1,     166,     114,      11,       1,       3,       1,     10.0000,      1.3805,     42.2984,    243.3070,     61.2312,      3.4953,      0.1853,      0.1535,     29.3819,      0.1617,      5.4643,     10.9285,      1.4291,     28.0258,     56.0516,      0.0188,      0.0015,      0.2500,      0.1978,   7492.1450,-456292.7812,  -1183.1383,    536.9697,  24973.8164,
       1,     166,     114,      12,       1,       3,       1,     10.0000,      1.3805,     42.2984,    243.3070,     61.2312,      3.4953,      0.1842,      0.1516,     18.4324,      0.1880,      5.4643,     10.9285,      1.6609,     28.0258,     56.0516,      0.0188,      0.0009,      0.2500,      0.1978,   7492.1450,-456762.8125,  -1183.1658,    536.9390,  24973.8184,
       1,     166,     114,      13,       1,       3,       1,     10.0000,      1.3805,     42.2984,    243.3070,     61.2312,      3.4953,      0.1840,      0.1519,     13.6058,      0.1692,      5.4643,     10.9285,      1.4948,     28.0258,     56.0516,      0.0188,      0.0007,      0.2500,      0.1978,   7492.1460,-442751.1250,  -1177.6039,    537.8794,  24973.8164,
       1,     166,     114,      14,       1,       3,       1,     10.0000,      1.3805,     42.2984,    243.3070,     61.2312,      3.4953,      0.1837,      0.1520,      9.5656,      0.1588,      5.4643,     10.9285,      1.4036,     28.0258,     56.0516,      0.0188,      0.0005,      0.2500,      0.1978,   7492.1450,-435352.1875,  -1147.4546,    538.3777,  24973.8164,
       1,     166,     114,      15,       1,       3,       1,     10.0000,      1.3805,     42.2984,    243.3070,     61.2312,      3.4953,      0.1838,      0.1521,     11.1653,      0.1600,      5.4643,     10.9285,      1.4134,     28.0258,     56.0516,      0.0188,      0.0006,      0.2500,      0.1978,   7492.1450,-429529.6875,  -1086.7938,    538.7698,  24974.4883,
       1,     166,     114,      16,       1,       3,       1,     10.0000,      1.3805,     42.2984,    243.3070,     61.2312,      3.4953,      0.1858,      0.1540,     36.0055,      0.1617,      5.4643,     10.9285,      1.4291,     28.0258,     56.0516,      0.0188,      0.0018,      0.2500,      0.1978,   7492.3467,-430996.7188,  -1090.3821,    538.6711,  24974.3438,
       1,     166,     114,      17,       1,       3,       1,     10.0000,      1.3805,     42.2984,    243.3070,     61.2312,      3.4953,      0.1880,      0.1562,     64.5452,      0.1635,      5.4643,     10.9285,      1.4449,     28.0258,     56.0516,      0.0188,      0.0032,      0.2500,      0.1978,   7492.3032,-463004.4375,  -1103.9962,    536.5159,  24974.1680,
       1,     166,     114,      18,       1,       3,       1,     10.0000,      1.3805,     42.2984,    243.3070,     61.2312,      3.4953,      0.1624,      0.1306,     33.9474,      0.1621,      5.4643,     10.9285,      1.4320,     28.0258,     56.0516,      0.0188,      0.0020,      0.2156,      0.1978,   7492.2505,-502429.7812,  -1119.9019,    533.8762,  24973.9844,
       1,     166,     114,      19,       1,       3,       1,     10.0000,      1.3805,     42.2984,    243.3070,     61.2312,      3.4953,      0.1134,      0.0817,     10.8187,      0.1593,      5.4643,     10.9285,      1.4078,     28.0258,     56.0516,      0.0188,      0.0009,      0.1457,      0.1978,   7492.1958,-466575.2500,  -1111.3885,    536.2755,  24973.8770,
       1,     166,     114,      20,       1,       3,       1,     10.0000,      1.3805,     42.2984,    243.3070,     61.2312,      3.4953,      0.0163,     -0.0153,      0.1808,      0.1580,      5.4643,     10.9285,      1.3966,     28.0258,     56.0516,      0.0188,      0.0007,      0.0031,      0.1978,   7492.1636,-433823.2188,  -1102.4641,    538.4764,  24973.8203,
       1,     166,     114,      21,       1,       3,       1,     10.0000,      1.3805,     42.2984,    243.3070,     61.2312,      3.4953,      0.0000,     -0.0316,      1.6374,      0.1573,      5.4643,     10.9285,      1.3896,     28.0258,     56.0516,      0.0188,      0.0013,      0.0156,      0.1978,   7492.1465,-417363.9375,  -1097.7288,    539.5887,  24973.8145,
       1,     166,     114,      22,       1,       3,       1,     10.0000,      1.3805,     42.2984,    243.3070,     61.2312,      3.4953,      0.0000,     -0.0316,      1.8816,      0.1560,      5.4643,     10.9285,      1.3785,     28.0258,     56.0516,      0.0188,      0.0015,      0.0156,      0.1979,   7492.1445,-417807.5625,  -1098.1941,    539.5599,  24973.8145,
       1,     166,     114,      23,       1,       3,       1,     10.0000,      1.3805,     42.2984,    243.3070,     61.2312,      3.4953,      0.0000,     -0.0315,      1.9100,      0.1546,      5.4643,     10.9285,      1.3661,     28.0258,     56.0516,      0.0188,      0.0015,      0.0156,      0.1979,   7492.1445,-418157.6250,  -1098.6526,    539.5363,  24973.8145,
       1,     166,     114,      24,       1,       3,       1,     10.0000,      1.3805,     42.2984,    243.3070,     61.2312,      3.4953,      0.0000,     -0.0315,      1.7376,      0.1535,      5.4643,     10.9285,      1.3565,     28.0258,     56.0516,      0.0188,      0.0014,      0.0156,      0.1979,   7492.1445,-418224.3438,  -1099.0483,    539.5318,  24973.8145,
       1,     166,     115,       1,       1,       3,       1,     10.0000,      1.3805,     42.2987,    243.3129,     61.2327,      3.4953,      0.0000,     -0.0315,      1.9220,      0.1526,      5.4650,     10.9300,      1.3484,     28.0344,     56.0688,      0.0188,      0.0015,      0.0156,      0.1979,   7492.1445,-418166.1875,  -1099.8000,    539.5485,  24974.9453,
       1,     166,     115,       2,       1,       3,       1,     10.0000,      1.3805,     42.2987,    243.3129,     61.2327,      3.4953,      0.0000,     -0.0315,      1.6359,      0.1524,      5.4650,     10.9300,      1.3471,     28.0344,     56.0688,      0.0188,      0.0013,      0.0156,      0.1979,   7492.4839,-418243.2812,  -1099.7797,    539.5433,  24974.9473,
       1,     166,     115,       3,       1,       3,       1,     10.0000,      1.3805,     42.2987,    243.3129,     61.2327,      3.4953,      0.0000,     -0.0314,      1.5411,      0.1497,      5.4650,     10.9300,      1.3229,     28.0344,     56.0688,      0.0188,      0.0012,      0.0156,      0.1979,   7492.4844,-417882.9375,  -1099.9832,    539.5676,  24974.9473,
       1,     166,     115,       4,       1,       3,       1,     10.0000,      1.3805,     42.2987,    243.3129,     61.2327,      3.4953,      0.0000,     -0.0314,      1.3440,      0.1502,      5.4650,     10.9300,      1.3269,     28.0344,     56.0688,      0.0188,      0.0011,      0.0156,      0.1979,   7492.4844,-417730.3125,  -1100.2352,    539.5779,  24974.9473,
       1,     166,     115,       5,       1,       3,       1,     10.0000,      1.3805,     42.2987,    243.3129,     61.2327,      3.4953,      0.0000,     -0.0314,      1.2809,      0.1490,      5.4650,     10.9300,      1.3163,     28.0344,     56.0688,      0.0188,      0.0010,      0.0156,      0.1979,   7492.4844,-417464.1562,  -1100.4008,    539.5958,  24974.9473,
       1,     166,     115,       6,       1,       3,       1,     10.0000,      1.3805,     42.2987,    243.3129,     61.2327,      3.4953,      0.0000,     -0.0313,      1.2989,      0.1485,      5.4650,     10.9300,      1.3123,     28.0344,     56.0688,      0.0188,      0.0010,      0.0156,      0.1979,   7492.4844,-417360.3438,  -1100.5969,    539.6028,  24974.9492,
       1,     166,     115,       7,       1,       3,       1,     10.0000,      1.3805,     42.2987,    243.3129,     61.2327,      3.4953,      0.0000,     -0.0313,      1.3744,      0.1488,      5.4650,     10.9300,      1.3150,     28.0344,     56.0688,      0.0188,      0.0011,      0.0156,      0.1979,   7492.4849,-417374.1562,  -1100.8254,    539.6019,  24974.9453,
       1,     166,     115,       8,       1,       3,       1,     10.0000,      1.3805,     42.2987,    243.3129,     61.2327,      3.4953,      0.0234,     -0.0079,      1.1204,      0.1487,      5.4650,     10.9300,      1.3136,     28.0344,     56.0688,      0.0188,      0.0010,      0.0139,      0.1979,   7492.4839,-417472.5625,  -1101.0825,    539.5953,  24974.9473,
       1,     166,     115,       9,       1,       3,       1,     10.0000,      1.3805,     42.2987,    243.3129,     61.2327,      3.4953,      0.1352,      0.1040,     12.1290,      0.1463,      5.4650,     10.9300,      1.2926,     28.0344,     56.0688,      0.0188,      0.0009,      0.1779,      0.1979,   7492.4844,-417155.1875,  -1101.2738,    539.6167,  24974.9473,
       1,     166,     115,      10,       1,       3,       1,     10.0000,      1.3805,     42.2987,    243.3129,     61.2327,      3.4953,      0.1794,      0.1482,     14.1927,      0.1425,      5.4650,     10.9300,      1.2592,     28.0344,     56.0688,      0.0188,      0.0007,      0.2428,      0.1979,   7492.4844,-431244.4375,  -1106.4347,    538.6663,  24974.9473,
       1,     166,     115,      11,       1,       3,       1,     10.0000,      1.3805,     42.2987,    243.3129,     61.2327,      3.4953,      0.1844,      0.1538,     14.9492,      0.1288,      5.4650,     10.9300,      1.1380,     28.0344,     56.0688,      0.0188,      0.0007,      0.2500,      0.1979,   7492.4844,-435112.1562,  -1109.2281,    538.4068,  24974.9473,
       1,     166,     115,      12,       1,       3,       1,     10.0000,      1.3805,     42.2987,    243.3129,     61.2327,      3.4953,      0.1764,      0.1457,     14.9690,      0.1308,      5.4650,     10.9300,      1.1554,     28.0344,     56.0688,      0.0188,      0.0008,      0.2382,      0.1979,   7492.4844,-436415.6875,  -1111.5985,    538.3191,  24974.9492,
       1,     166,     115,      13,       1,       3,       1,     10.0000,      1.3805,     42.2987,    243.3129,     61.2327,      3.4953,      0.1846,      0.1539,     18.0167,      0.1324,      5.4650,     10.9300,      1.1696,     28.0344,     56.0688,      0.0188,      0.0009,      0.2500,      0.1979,   7492.4849,-436553.3750,  -1081.9985,    538.3098,  24975.7168,
       1,     166,     115,      14,       1,       3,       1,     10.0000,      1.3805,     42.2987,    243.3129,     61.2327,      3.4953,      0.1850,      0.1541,     23.5437,      0.1374,      5.4650,     10.9300,      1.2142,     28.0344,     56.0688,      0.0188,      0.0012,      0.2500,      0.1979,   7492.7153,-440380.9688,  -1080.5673,    538.0522,  24975.5508,
       1,     166,     115,      15,       1,       3,       1,     10.0000,      1.3805,     42.2987,    243.3129,     61.2327,      3.4953,      0.1849,      0.1531,     24.3485,      0.1617,      5.4650,     10.9300,      1.4291,     28.0344,     56.0688,      0.0188,      0.0012,      0.2500,      0.1979,   7492.6655,-447821.7500,  -1087.1691,    537.5519,  24975.3516,
       1,     166,     115,      16,       1,       3,       1,     10.0000,      1.3805,     42.2987,    243.3129,     61.2327,      3.4953,      0.1846,      0.1519,     23.5134,      0.1896,      5.4650,     10.9300,      1.6758,     28.0344,     56.0688,      0.0188,      0.0012,      0.2500,      0.1979,   7492.6060,-449521.8125,  -1092.7389,    537.4379,  24975.0840,
       1,     166,     115,      17,       1,       3,       1,     10.0000,      1.3805,     42.2987,    243.3129,     61.2327,      3.4953,      0.1844,      0.1518,     20.5699,      0.1865,      5.4650,     10.9300,      1.6478,     28.0344,     56.0688,      0.0188,      0.0010,      0.2500,      0.1979,   7492.5254,-448629.6562,  -1096.6897,    537.4978,  24974.9746,
       1,     166,     115,      18,       1,       3,       1,     10.0000,      1.3805,     42.2987,    243.3129,     61.2327,      3.4953,      0.1701,      0.1379,     13.8115,      0.1746,      5.4650,     10.9300,      1.5433,     28.0344,     56.0688,      0.0188,      0.0008,      0.2294,      0.1979,   7492.4927,-444789.6562,  -1098.2487,    537.7559,  24974.9688,
       1,     166,     115,      19,       1,       3,       1,     10.0000,      1.3805,     42.2987,    243.3129,     61.2327,      3.4953,      0.1344,      0.1026,      8.6958,      0.1609,      5.4650,     10.9300,      1.4220,     28.0344,     56.0688,      0.0188,      0.0006,      0.1770,      0.1979,   7492.4907,-435789.0312,  -1097.0298,    538.3610,  24974.9648,
       1,     166,     115,      20,       1,       3,       1,     10.0000,      1.3805,     42.2987,    243.3129,     61.2327,      3.4953,      0.0243,     -0.0072,      2.0730,      0.1512,      5.4650,     10.9300,      1.3363,     28.0344,     56.0688,      0.0188,      0.0017,      0.0149,      0.1979,   7492.4897,-428451.3750,  -1095.6675,    538.8550,  24974.9609,
       1,     166,     115,      21,       1,       3,       1,     10.0000,      1.3805,     42.2987,    243.3129,     61.2327,      3.4953,      0.0000,     -0.0312,      3.8388,      0.1453,      5.4650,     10.9300,      1.2836,     28.0344,     56.0688,      0.0188,      0.0031,      0.0156,      0.1979,   7492.4888,-419324.0000,  -1093.3364,    539.4700,  24974.9590,
       1,     166,     115,      22,       1,       3,       1,     10.0000,      1.3805,     42.2987,    243.3129,     61.2327,      3.4953,      0.0000,     -0.0312,      3.7041,      0.1434,      5.4650,     10.9300,      1.2668,     28.0344,     56.0688,      0.0188,      0.0030,      0.0156,      0.1979,   7492.4878,-420800.3438,  -1094.3528,    539.3708,  24974.9609,
       1,     166,     115,      23,       1,       3,       1,     10.0000,      1.3805,     42.2987,    243.3129,     61.2327,      3.4953,      0.0000,     -0.0311,      3.0417,      0.1421,      5.4650,     10.9300,      1.2554,     28.0344,     56.0688,      0.0188,      0.0024,      0.0156,      0.1979,   7492.4888,-420754.5938,  -1094.8964,    539.3740,  24974.9590,
       1,     166,     115,      24,       1,       3,       1,     10.0000,      1.3805,     42.2987,    243.3129,     61.2327,      3.4953,      0.0000,     -0.0309,      2.4741,      0.1356,      5.4650,     10.9300,      1.1984,     28.0344,     56.0688,      0.0188,      0.0020,      0.0156,      0.1979,   7492.4878,-419901.4688,  -1080.1788,    539.4315,  24975.3613,
       1,     166,     116,       1,       1,       3,       1,     10.0000,      1.3806,     42.2990,    243.3186,     61.2341,      3.4953,      0.0000,     -0.0308,      2.1365,      0.1343,      5.4648,     10.9296,      1.1863,     28.0440,     56.0879,      0.0188,      0.0017,      0.0156,      0.1979,   7492.6089,-419207.9375,   -998.4216,    539.4911,  24976.9434,
       1,     166,     116,       2,       1,       3,       1,     10.0000,      1.3806,     42.2990,    243.3186,     61.2341,      3.4953,      0.0000,     -0.0309,      1.6142,      0.1359,      5.4648,     10.9296,      1.2008,     28.0440,     56.0879,      0.0188,      0.0013,      0.0156,      0.1979,   7493.0835,-418505.8750,   -996.6914,    539.5384,  24976.9434,
       1,     166,     116,       3,       1,       3,       1,     10.0000,      1.3806,     42.2990,    243.3186,     61.2341,      3.4953,      0.0000,     -0.0309,      1.3095,      0.1371,      5.4648,     10.9296,      1.2118,     28.0440,     56.0879,      0.0188,      0.0011,      0.0156,      0.1979,   7493.0835,-417775.6562,   -996.7889,    539.5877,  24976.9434,
       1,     166,     116,       4,       1,       3,       1,     10.0000,      1.3806,     42.2990,    243.3186,     61.2341,      3.4953,      0.0000,     -0.0309,      1.0193,      0.1376,      5.4648,     10.9296,      1.2155,     28.0440,     56.0879,      0.0188,      0.0008,      0.0156,      0.1979,   7493.0835,-417321.5938,   -996.9153,    539.6183,  24976.9434,
       1,     166,     116,       5,       1,       3,       1,     10.0000,      1.3806,     42.2990,    243.3186,     61.2341,      3.4953,      0.0000,     -0.0308,      0.6470,      0.1348,      5.4648,     10.9296,      1.1911,     28.0440,     56.0879,      0.0188,      0.0005,      0.0156,      0.1979,   7493.0835,-416910.3438,   -997.0034,    539.6461,  24976.9434,
       1,     166,     116,       6,       1,       3,       1,     10.0000,      1.3806,     42.2990,    243.3186,     61.2341,      3.4953,      0.0000,     -0.0309,      0.3887,      0.1353,      5.4648,     10.9296,      1.1960,     28.0440,     56.0879,      0.0188,      0.0003,      0.0156,      0.1979,   7493.0835,-416397.4062,   -996.9749,    539.6807,  24976.9434,
       1,     166,     116,       7,       1,       3,       1,     10.0000,      1.3806,     42.2990,    243.3186,     61.2341,      3.4953,      0.0000,     -0.0308,      0.3875,      0.1333,      5.4648,     10.9296,      1.1779,     28.0440,     56.0879,      0.0188,      0.0003,      0.0156,      0.1979,   7493.0835,-416021.8750,   -996.9102,    539.7060,  24976.9434,
       1,     166,     116,       8,       1,       3,       1,     10.0000,      1.3806,     42.2990,    243.3186,     61.2341,      3.4953,      0.0131,     -0.0176,      0.4255,      0.1306,      5.4648,     10.9296,      1.1543,     28.0440,     56.0879,      0.0188,      0.0003,      0.0156,      0.1979,   7493.0835,-415987.7500,   -996.9171,    539.7083,  24976.9434,
       1,     166,     116,       9,       1,       3,       1,     10.0000,      1.3806,     42.2990,    243.3186,     61.2341,      3.4953,      0.0943,      0.0633,      3.3421,      0.1388,      5.4648,     10.9296,      1.2266,     28.0440,     56.0879,      0.0188,      0.0004,      0.1186,      0.1979,   7493.0835,-416033.5000,   -997.0463,    539.7052,  24976.9434,
       1,     166,     116,      10,       1,       3,       1,     10.0000,      1.3806,     42.2990,    243.3186,     61.2341,      3.4953,      0.1598,      0.1283,      5.9641,      0.1524,      5.4648,     10.9296,      1.3471,     28.0440,     56.0879,      0.0188,      0.0003,      0.2149,      0.1979,   7493.0835,-419777.1250,   -998.5704,    539.4527,  24976.9434,
       1,     166,     116,      11,       1,       3,       1,     10.0000,      1.3806,     42.2990,    243.3186,     61.2341,      3.4953,      0.1835,      0.1515,      7.4987,      0.1667,      5.4648,     10.9296,      1.4727,     28.0440,     56.0879,      0.0188,      0.0004,      0.2500,      0.1979,   7493.0835,-423462.9062,  -1001.0347,    539.2042,  24976.9414,
       1,     166,     116,      12,       1,       3,       1,     10.0000,      1.3806,     42.2990,    243.3186,     61.2341,      3.4953,      0.1834,      0.1510,      7.8248,      0.1810,      5.4648,     10.9296,      1.5995,     28.0440,     56.0879,      0.0188,      0.0004,      0.2500,      0.1979,   7493.0825,-425749.8750,  -1003.9988,    539.0501,  24976.9414,
       1,     166,     116,      13,       1,       3,       1,     10.0000,      1.3806,     42.2990,    243.3186,     61.2341,      3.4953,      0.1834,      0.1515,      6.6371,      0.1665,      5.4648,     10.9296,      1.4712,     28.0440,     56.0879,      0.0188,      0.0003,      0.2500,      0.1979,   7493.0825,-426365.6562,   -990.9537,    539.0086,  24976.9434,
       1,     166,     116,      14,       1,       3,       1,     10.0000,      1.3806,     42.2990,    243.3186,     61.2341,      3.4953,      0.1834,      0.1514,      6.9490,      0.1693,      5.4648,     10.9296,      1.4964,     28.0440,     56.0879,      0.0188,      0.0003,      0.2500,      0.1979,   7493.0835,-424895.7188,   -990.2015,    539.1077,  24976.9434,
       1,     166,     116,      15,       1,       3,       1,     10.0000,      1.3806,     42.2990,    243.3186,     61.2341,      3.4953,      0.1839,      0.1516,     13.0984,      0.1766,      5.4648,     10.9296,      1.5603,     28.0440,     56.0879,      0.0188,      0.0007,      0.2500,      0.1979,   7493.0835,-425168.5625,   -992.5095,    539.0893,  24976.9434,
       1,     166,     116,      16,       1,       3,       1,     10.0000,      1.3806,     42.2990,    243.3186,     61.2341,      3.4953,      0.1861,      0.1541,     40.4840,      0.1688,      5.4648,     10.9296,      1.4919,     28.0440,     56.0879,      0.0188,      0.0020,      0.2500,      0.1979,   7493.0835,-433077.6562,   -997.0186,    538.5564,  24976.9414,
       1,     166,     116,      17,       1,       3,       1,     10.0000,      1.3806,     42.2990,    243.3186,     61.2341,      3.4953,      0.1874,      0.1558,     55.3029,      0.1554,      5.4648,     10.9296,      1.3730,     28.0440,     56.0879,      0.0188,      0.0028,      0.2500,      0.1979,   7493.0825,-468883.1875,  -1008.3942,    536.1462,  24976.9395,
       1,     166,     116,      18,       1,       3,       1,     10.0000,      1.3806,     42.2990,    243.3186,     61.2341,      3.4953,      0.1624,      0.1312,     28.4638,      0.1456,      5.4648,     10.9296,      1.2862,     28.0440,     56.0879,      0.0188,      0.0016,      0.2162,      0.1979,   7493.0820,-491006.0000,  -1015.9241,    534.6690,  24976.9316,
       1,     166,     116,      19,       1,       3,       1,     10.0000,      1.3806,     42.2990,    243.3186,     61.2341,      3.4953,      0.1173,      0.0861,     22.7329,      0.1445,      5.4648,     10.9296,      1.2771,     28.0440,     56.0879,      0.0188,      0.0019,      0.1502,      0.1978,   7493.0796,-458463.0000,  -1009.8162,    536.8459,  24976.9219,
       1,     166,     116,      20,       1,       3,       1,     10.0000,      1.3806,     42.2990,    243.3186,     61.2341,      3.4953,      0.0220,     -0.0090,      2.9793,      0.1392,      5.4648,     10.9296,      1.2303,     28.0440,     56.0879,      0.0188,      0.0031,      0.0119,      0.1979,   7493.0767,-448318.0000,  -1008.4488,    537.5312,  24976.9160,
       1,     166,     116,      21,       1,       3,       1,     10.0000,      1.3806,     42.2990,    243.3186,     61.2341,      3.4953,      0.0000,     -0.0308,      3.3969,      0.1338,      5.4648,     10.9296,      1.1827,     28.0440,     56.0879,      0.0188,      0.0027,      0.0156,      0.1979,   7493.0752,-422099.8438,  -1002.9283,    539.2932,  24976.9082,
       1,     166,     116,      22,       1,       3,       1,     10.0000,      1.3806,     42.2990,    243.3186,     61.2341,      3.4953,      0.0000,     -0.0306,      1.9311,      0.1293,      5.4648,     10.9296,      1.1426,     28.0440,     56.0879,      0.0188,      0.0016,      0.0156,      0.1979,   7493.0728,-420380.1250,  -1002.8763,    539.4120,  24976.9082,
       1,     166,     116,      23,       1,       3,       1,     10.0000,      1.3806,     42.2990,    243.3186,     61.2341,      3.4953,      0.0000,     -0.0306,      1.7282,      0.1288,      5.4648,     10.9296,      1.1380,     28.0440,     56.0879,      0.0188,      0.0014,      0.0156,      0.1979,   7493.0728,-418348.2812,  -1002.5737,    539.5491,  24976.9082,
       1,     166,     116,      24,       1,       3,       1,     10.0000,      1.3806,     42.2990,    243.3186,     61.2341,      3.4953,      0.0000,     -0.0306,      1.3531,      0.1283,      5.4648,     10.9296,      1.1334,     28.0440,     56.0879,      0.0188,      0.0011,      0.0156,      0.1979,   7493.0728,-417912.4062,  -1002.6353,    539.5785,  24976.9082,
       1,     166,     117,       1,       1,       3,       1,     10.0000,      1.3806,     42.2994,    243.3244,     61.2356,      3.4953,      0.0000,     -0.0306,      1.1377,      0.1288,      5.4648,     10.9297,      1.1380,     28.0514,     56.1029,      0.0188,      0.0009,      0.0156,      0.1979,   7493.0728,-417550.8750,  -1002.9799,    539.6157,  24978.0410,
       1,     166,     117,       2,       1,       3,       1,     10.0000,      1.3806,     42.2994,    243.3244,     61.2356,      3.4953,      0.0000,     -0.0305,      0.8312,      0.1268,      5.4648,     10.9297,      1.1208,     28.0514,     56.1029,      0.0188,      0.0007,      0.0156,      0.1979,   7493.4126,-417088.9688,  -1002.6187,    539.6468,  24978.0391,
       1,     166,     117,       3,       1,       3,       1,     10.0000,      1.3806,     42.2994,    243.3244,     61.2356,      3.4953,      0.0000,     -0.0305,      0.5002,      0.1252,      5.4648,     10.9297,      1.1061,     28.0514,     56.1029,      0.0188,      0.0004,      0.0156,      0.1979,   7493.4121,-416656.4062,  -1002.5705,    539.6760,  24978.0391,
       1,     166,     117,       4,       1,       3,       1,     10.0000,      1.3806,     42.2994,    243.3244,     61.2356,      3.4953,      0.0000,     -0.0304,      0.3963,      0.1245,      5.4648,     10.9297,      1.1005,     28.0514,     56.1029,      0.0188,      0.0003,      0.0156,      0.1979,   7493.4121,-416194.7812,  -1002.4899,    539.7072,  24978.0391,
       1,     166,     117,       5,       1,       3,       1,     10.0000,      1.3806,     42.2994,    243.3244,     61.2356,      3.4953,      0.0000,     -0.0305,      0.3932,      0.1250,      5.4648,     10.9297,      1.1050,     28.0514,     56.1029,      0.0188,      0.0003,      0.0156,      0.1979,   7493.4121,-416021.5000,  -1002.4651,    539.7188,  24978.0391,
       1,     166,     117,       6,       1,       3,       1,     10.0000,      1.3806,     42.2994,    243.3244,     61.2356,      3.4953,      0.0000,     -0.0304,      0.3283,      0.1239,      5.4648,     10.9297,      1.0949,     28.0514,     56.1029,      0.0188,      0.0003,      0.0156,      0.1979,   7493.4121,-416002.5625,  -1002.4764,    539.7201,  24978.0391,
       1,     166,     117,       7,       1,       3,       1,     10.0000,      1.3806,     42.2994,    243.3244,     61.2356,      3.4953,      0.0000,     -0.0303,      0.2935,      0.1215,      5.4648,     10.9297,      1.0739,     28.0514,     56.1029,      0.0188,      0.0002,      0.0156,      0.1979,   7493.4121,-415917.7188,  -1002.4648,    539.7258,  24978.0391,
       1,     166,     117,       8,       1,       3,       1,     10.0000,      1.3806,     42.2994,    243.3244,     61.2356,      3.4953,      0.0125,     -0.0179,      0.4010,      0.1245,      5.4648,     10.9297,      1.1005,     28.0514,     56.1029,      0.0188,      0.0003,      0.0156,      0.1979,   7493.4121,-415865.8438,  -1002.4577,    539.7294,  24978.0391,
       1,     166,     117,       9,       1,       3,       1,     10.0000,      1.3806,     42.2994,    243.3244,     61.2356,      3.4953,      0.0810,      0.0503,      2.0977,      0.1310,      5.4648,     10.9297,      1.1578,     28.0514,     56.1029,      0.0188,      0.0003,      0.0993,      0.1979,   7493.4121,-415999.0625,  -1002.5478,    539.7203,  24978.0391,
       1,     166,     117,      10,       1,       3,       1,     10.0000,      1.3806,     42.2994,    243.3244,     61.2356,      3.4953,      0.1504,      0.1193,      4.4185,      0.1411,      5.4648,     10.9297,      1.2466,     28.0514,     56.1029,      0.0188,      0.0003,      0.2012,      0.1979,   7493.4121,-418185.8438,  -1003.3918,    539.5728,  24978.0391,
       1,     166,     117,      11,       1,       3,       1,     10.0000,      1.3806,     42.2994,    243.3244,     61.2356,      3.4953,      0.1785,      0.1462,      6.9163,      0.1771,      5.4648,     10.9297,      1.5650,     28.0514,     56.1029,      0.0188,      0.0004,      0.2427,      0.1979,   7493.4121,-421350.3438,  -1004.7483,    539.3594,  24978.0371,
       1,     166,     117,      12,       1,       3,       1,     10.0000,      1.3806,     42.2994,    243.3244,     61.2356,      3.4953,      0.1834,      0.1506,      7.8225,      0.1921,      5.4648,     10.9297,      1.6976,     28.0514,     56.1029,      0.0188,      0.0004,      0.2500,      0.1979,   7493.4116,-424826.7500,  -1006.4753,    539.1251,  24978.0371,
       1,     166,     117,      13,       1,       3,       1,     10.0000,      1.3806,     42.2994,    243.3244,     61.2356,      3.4953,      0.1553,      0.1218,      7.5472,      0.2183,      5.4648,     10.9297,      1.9294,     28.0514,     56.1029,      0.0188,      0.0005,      0.2082,      0.1979,   7493.4116,-426289.1562,  -1007.8920,    539.0266,  24978.0352,
       1,     166,     117,      14,       1,       3,       1,     10.0000,      1.3806,     42.2994,    243.3244,     61.2356,      3.4953,      0.1833,      0.1495,      9.6318,      0.2280,      5.4648,     10.9297,      2.0143,     28.0514,     56.1029,      0.0188,      0.0005,      0.2500,      0.1979,   7493.4106,-426062.7812,  -1008.3771,    539.0419,  24978.0332,
       1,     166,     117,      15,       1,       3,       1,     10.0000,      1.3806,     42.2994,    243.3244,     61.2356,      3.4953,      0.1838,      0.1500,     16.9827,      0.2288,      5.4648,     10.9297,      2.0222,     28.0514,     56.1029,      0.0188,      0.0009,      0.2500,      0.1979,   7493.4102,-428716.2812,  -1009.9932,    538.8630,  24978.0332,
       1,     166,     117,      16,       1,       3,       1,     10.0000,      1.3806,     42.2994,    243.3244,     61.2356,      3.4953,      0.1816,      0.1479,     69.1992,      0.2275,      5.4648,     10.9297,      2.0104,     28.0514,     56.1029,      0.0188,      0.0036,      0.2406,      0.1979,   7493.4102,-438371.3750,  -1013.3619,    538.2128,  24978.0312,
       1,     166,     117,      17,       1,       3,       1,     10.0000,      1.3806,     42.2994,    243.3244,     61.2356,      3.4953,      0.1780,      0.1453,     79.1580,      0.1874,      5.4648,     10.9297,      1.6561,     28.0514,     56.1029,      0.0188,      0.0042,      0.2335,      0.1979,   7493.4097,-506169.8438,  -1031.0856,    533.6519,  24978.0273,
       1,     166,     117,      18,       1,       3,       1,     10.0000,      1.3806,     42.2994,    243.3244,     61.2356,      3.4953,      0.1486,      0.1165,     88.1217,      0.1714,      5.4648,     10.9297,      1.5144,     28.0514,     56.1029,      0.0188,      0.0058,      0.1888,      0.1979,   7493.4087,-524863.0625,  -1037.2631,    532.4241,  24978.0156,
       1,     166,     117,      19,       1,       3,       1,     10.0000,      1.3806,     42.2994,    243.3244,     61.2356,      3.4953,      0.1306,      0.0991,     72.6743,      0.1538,      5.4648,     10.9297,      1.3594,     28.0514,     56.1029,      0.0188,      0.0056,      0.1640,      0.1978,   7493.4048,-537964.1250,  -1042.1915,    531.5536,  24977.9980,
       1,     166,     117,      20,       1,       3,       1,     10.0000,      1.3806,     42.2994,    243.3244,     61.2356,      3.4953,      0.0110,     -0.0199,      7.3400,      0.1377,      5.4648,     10.9297,      1.2168,     28.0514,     56.1029,      0.0188,      0.0059,      0.0156,      0.1978,   7493.3999,-519253.8438,  -1036.7216,    532.7976,  24977.9824,
       1,     166,     117,      21,       1,       3,       1,     10.0000,      1.3806,     42.2994,    243.3244,     61.2356,      3.4953,      0.0000,     -0.0310,      7.2713,      0.1380,      5.4648,     10.9297,      1.2192,     28.0514,     56.1029,      0.0188,      0.0058,      0.0156,      0.1978,   7493.3950,-433759.2188,  -1010.8178,    538.4929,  24977.9668,
       1,     166,     117,      22,       1,       3,       1,     10.0000,      1.3806,     42.2994,    243.3244,     61.2356,      3.4953,      0.0000,     -0.0310,      3.6824,      0.1377,      5.4648,     10.9297,      1.2168,     28.0514,     56.1029,      0.0188,      0.0030,      0.0156,      0.1979,   7493.3901,-426401.6250,  -1009.8990,    539.0187,  24977.9648,
       1,     166,     117,      23,       1,       3,       1,     10.0000,      1.3806,     42.2994,    243.3244,     61.2356,      3.4953,      0.0000,     -0.0307,      3.0352,      0.1322,      5.4648,     10.9297,      1.1685,     28.0514,     56.1029,      0.0188,      0.0024,      0.0156,      0.1979,   7493.3896,-421126.1562,  -1009.0118,    539.3745,  24977.9629,
       1,     166,     117,      24,       1,       3,       1,     10.0000,      1.3806,     42.2994,    243.3244,     61.2356,      3.4953,      0.0000,     -0.0306,      1.8145,      0.1277,      5.4648,     10.9297,      1.1288,     28.0514,     56.1029,      0.0188,      0.0015,      0.0156,      0.1979,   7493.3892,-419840.5625,  -1008.9691,    539.4613,  24977.9629,
       1,     166,     118,       1,       1,       3,       1,     10.0000,      1.3806,     42.2997,    243.3302,     61.2370,      3.4953,      0.0000,     -0.0307,      0.5387,      0.1297,      5.4654,     10.9307,      1.1462,     28.0567,     56.1134,      0.0188,      0.0004,      0.0156,      0.1980,   7493.3892,-418321.1562,  -1009.0824,    539.5765,  24979.0938,
       1,     166,     118,       2,       1,       3,       1,     10.0000,      1.3806,     42.2997,    243.3302,     61.2370,      3.4953,      0.0000,     -0.0308,      0.3710,      0.1344,      5.4654,     10.9307,      1.1876,     28.0567,     56.1134,      0.0188,      0.0003,      0.0156,      0.1980,   7493.7285,-416400.1875,  -1008.3209,    539.7060,  24979.0938,
       1,     166,     118,       3,       1,       3,       1,     10.0000,      1.3806,     42.2997,    243.3302,     61.2370,      3.4953,      0.0000,     -0.0309,      0.3299,      0.1356,      5.4654,     10.9307,      1.1985,     28.0567,     56.1134,      0.0188,      0.0003,      0.0156,      0.1980,   7493.7285,-416019.2812,  -1008.2416,    539.7317,  24979.0938,
       1,     166,     118,       4,       1,       3,       1,     10.0000,      1.3806,     42.2997,    243.3302,     61.2370,      3.4953,      0.0000,     -0.0309,      0.4793,      0.1365,      5.4654,     10.9307,      1.2058,     28.0567,     56.1134,      0.0188,      0.0004,      0.0156,      0.1980,   7493.7285,-415933.6250,  -1008.2262,    539.7374,  24979.0938,
       1,     166,     118,       5,       1,       3,       1,     10.0000,      1.3806,     42.2997,    243.3302,     61.2370,      3.4953,      0.0000,     -0.0309,      0.5447,      0.1366,      5.4654,     10.9307,      1.2070,     28.0567,     56.1134,      0.0188,      0.0004,      0.0156,      0.1980,   7493.7285,-416117.8750,  -1008.2846,    539.7250,  24979.0938,
       1,     166,     118,       6,       1,       3,       1,     10.0000,      1.3806,     42.2997,    243.3302,     61.2370,      3.4953,      0.0000,     -0.0308,      0.6170,      0.1329,      5.4654,     10.9307,      1.1744,     28.0567,     56.1134,      0.0188,      0.0005,      0.0156,      0.1980,   7493.7285,-416217.5000,  -1008.3293,    539.7184,  24979.0938,
       1,     166,     118,       7,       1,       3,       1,     10.0000,      1.3806,     42.2997,    243.3302,     61.2370,      3.4953,      0.0000,     -0.0307,      0.5441,      0.1305,      5.4654,     10.9307,      1.1532,     28.0567,     56.1134,      0.0188,      0.0004,      0.0156,      0.1980,   7493.7285,-416318.8125,  -1008.3889,    539.7115,  24979.0938,
       1,     166,     118,       8,       1,       3,       1,     10.0000,      1.3806,     42.2997,    243.3302,     61.2370,      3.4953,      0.0189,     -0.0118,      0.2720,      0.1316,      5.4654,     10.9307,      1.1626,     28.0567,     56.1134,      0.0188,      0.0004,      0.0081,      0.1980,   7493.7285,-416234.0938,  -1008.3925,    539.7172,  24979.0938,
       1,     166,     118,       9,       1,       3,       1,     10.0000,      1.3806,     42.2997,    243.3302,     61.2370,      3.4953,      0.1297,      0.0983,      4.5152,      0.1476,      5.4654,     10.9307,      1.3045,     28.0567,     56.1134,      0.0188,      0.0003,      0.1705,      0.1980,   7493.7285,-415878.0000,  -1008.3839,    539.7412,  24979.0918,
       1,     166,     118,      10,       1,       3,       1,     10.0000,      1.3806,     42.2997,    243.3302,     61.2370,      3.4953,      0.1732,      0.1408,      6.7231,      0.1778,      5.4654,     10.9307,      1.5713,     28.0567,     56.1134,      0.0188,      0.0004,      0.2348,      0.1980,   7493.7280,-421286.5312,  -1010.1931,    539.3763,  24979.0918,
       1,     166,     118,      11,       1,       3,       1,     10.0000,      1.3806,     42.2997,    243.3302,     61.2370,      3.4953,      0.1743,      0.1414,      7.5964,      0.1965,      5.4654,     10.9307,      1.7366,     28.0567,     56.1134,      0.0188,      0.0004,      0.2365,      0.1980,   7493.7280,-424585.0000,  -1011.9207,    539.1541,  24979.0918,
       1,     166,     118,      12,       1,       3,       1,     10.0000,      1.3806,     42.2997,    243.3302,     61.2370,      3.4953,      0.1833,      0.1503,      8.2794,      0.2018,      5.4654,     10.9307,      1.7835,     28.0567,     56.1134,      0.0188,      0.0004,      0.2500,      0.1980,   7493.7280,-425989.5625,  -1013.0349,    539.0595,  24979.0898,
       1,     166,     118,      13,       1,       3,       1,     10.0000,      1.3806,     42.2997,    243.3302,     61.2370,      3.4953,      0.1833,      0.1503,      8.1953,      0.2001,      5.4654,     10.9307,      1.7677,     28.0567,     56.1134,      0.0188,      0.0004,      0.2500,      0.1980,   7493.7271,-426986.9062,  -1014.1811,    538.9922,  24979.0898,
       1,     166,     118,      14,       1,       3,       1,     10.0000,      1.3806,     42.2997,    243.3302,     61.2370,      3.4953,      0.1838,      0.1506,     14.6942,      0.2085,      5.4654,     10.9307,      1.8424,     28.0567,     56.1134,      0.0188,      0.0007,      0.2500,      0.1980,   7493.7271,-426965.3750,  -1015.0640,    538.9938,  24979.0879,
       1,     166,     118,      15,       1,       3,       1,     10.0000,      1.3806,     42.2997,    243.3302,     61.2370,      3.4953,      0.1875,      0.1538,     62.6512,      0.2235,      5.4654,     10.9307,      1.9753,     28.0567,     56.1134,      0.0188,      0.0031,      0.2500,      0.1980,   7493.7266,-435295.5312,  -1018.0472,    538.4326,  24979.0859,
       1,     166,     118,      16,       1,       3,       1,     10.0000,      1.3806,     42.2997,    243.3302,     61.2370,      3.4953,      0.1883,      0.1545,     89.8797,      0.2282,      5.4654,     10.9307,      2.0163,     28.0567,     56.1134,      0.0188,      0.0045,      0.2482,      0.1979,   7493.7261,-497506.7188,  -1034.6805,    534.2458,  24979.0840,
       1,     166,     118,      17,       1,       3,       1,     10.0000,      1.3806,     42.2997,    243.3302,     61.2370,      3.4953,      0.1832,      0.1495,     93.4339,      0.2218,      5.4654,     10.9307,      1.9599,     28.0567,     56.1134,      0.0188,      0.0049,      0.2399,      0.1979,   7493.7256,-537869.5625,  -1046.4818,    531.5665,  24979.0723,
       1,     166,     118,      18,       1,       3,       1,     10.0000,      1.3806,     42.2997,    243.3302,     61.2370,      3.4953,      0.1661,      0.1327,     79.8962,      0.2156,      5.4654,     10.9307,      1.9050,     28.0567,     56.1134,      0.0188,      0.0046,      0.2159,      0.1978,   7493.7222,-545911.6875,  -1050.3643,    531.0389,  24979.0547,
       1,     166,     118,      19,       1,       3,       1,     10.0000,      1.3806,     42.2997,    243.3302,     61.2370,      3.4953,      0.1143,      0.0814,     58.9780,      0.1975,      5.4654,     10.9307,      1.7452,     28.0567,     56.1134,      0.0188,      0.0052,      0.1410,      0.1978,   7493.7168,-529209.8750,  -1047.8379,    532.1477,  24979.0371,
       1,     166,     118,      20,       1,       3,       1,     10.0000,      1.3806,     42.2997,    243.3302,     61.2370,      3.4953,      0.0199,     -0.0124,      3.3828,      0.1757,      5.4654,     10.9307,      1.5526,     28.0567,     56.1134,      0.0188,      0.0059,      0.0072,      0.1978,   7493.7114,-500918.3750,  -1042.0249,    534.0309,  24979.0215,
       1,     166,     118,      21,       1,       3,       1,     10.0000,      1.3806,     42.2997,    243.3302,     61.2370,      3.4953,      0.0000,     -0.0319,      7.1094,      0.1635,      5.4654,     10.9307,      1.4450,     28.0567,     56.1134,      0.0188,      0.0057,      0.0156,      0.1979,   7493.7065,-427138.9062,  -1024.1168,    538.9593,  24979.0098,
       1,     166,     118,      22,       1,       3,       1,     10.0000,      1.3806,     42.2997,    243.3302,     61.2370,      3.4953,      0.0000,     -0.0317,      7.2612,      0.1579,      5.4654,     10.9307,      1.3953,     28.0567,     56.1134,      0.0188,      0.0058,      0.0156,      0.1980,   7493.7031,-425625.1250,  -1023.9861,    539.0840,  24979.0098,
       1,     166,     118,      23,       1,       3,       1,     10.0000,      1.3806,     42.2997,    243.3302,     61.2370,      3.4953,      0.0000,     -0.0316,      6.9141,      0.1548,      5.4654,     10.9307,      1.3676,     28.0567,     56.1134,      0.0188,      0.0056,      0.0156,      0.1980,   7493.7031,-425659.7188,  -1024.2153,    539.0817,  24979.0078,
       1,     166,     118,      24,       1,       3,       1,     10.0000,      1.3806,     42.2997,    243.3302,     61.2370,      3.4953,      0.0000,     -0.0315,      5.2677,      0.1521,      5.4654,     10.9307,      1.3445,     28.0567,     56.1134,      0.0188,      0.0042,      0.0156,      0.1980,   7493.7026,-425218.0312,  -1024.3085,    539.1115,  24979.0059,
       1,     166,     119,       1,       1,       3,       1,     10.0000,      1.3806,     42.3000,    243.3360,     61.2385,      3.4953,      0.0000,     -0.0314,      3.9695,      0.1494,      5.4652,     10.9303,      1.3204,     28.0648,     56.1296,      0.0188,      0.0032,      0.0156,      0.1980,   7493.7021,-423225.9062,  -1024.3323,    539.2585,  24980.1367,
       1,     166,     119,       2,       1,       3,       1,     10.0000,      1.3806,     42.3000,    243.3360,     61.2385,      3.4953,      0.0000,     -0.0313,      2.6978,      0.1463,      5.4652,     10.9303,      1.2928,     28.0648,     56.1296,      0.0188,      0.0022,      0.0156,      0.1980,   7494.0415,-421235.3750,  -1023.5778,    539.3927,  24980.1348,
       1,     166,     119,       3,       1,       3,       1,     10.0000,      1.3806,     42.3000,    243.3360,     61.2385,      3.4953,      0.0000,     -0.0312,      1.8211,      0.1456,      5.4652,     10.9303,      1.2863,     28.0648,     56.1296,      0.0188,      0.0015,      0.0156,      0.1980,   7494.0405,-419433.6250,  -1023.1836,    539.5142,  24980.1348,
       1,     166,     119,       4,       1,       3,       1,     10.0000,      1.3806,     42.3000,    243.3360,     61.2385,      3.4953,      0.0000,     -0.0312,      1.5270,      0.1447,      5.4652,     10.9303,      1.2785,     28.0648,     56.1296,      0.0188,      0.0012,      0.0156,      0.1980,   7494.0405,-418154.1562,  -1022.9045,    539.6005,  24980.1348,
       1,     166,     119,       5,       1,       3,       1,     10.0000,      1.3806,     42.3000,    243.3360,     61.2385,      3.4953,      0.0000,     -0.0311,      1.5153,      0.1428,      5.4652,     10.9303,      1.2619,     28.0648,     56.1296,      0.0188,      0.0012,      0.0156,      0.1980,   7494.0405,-417666.5312,  -1022.8167,    539.6334,  24980.1348,
       1,     166,     119,       6,       1,       3,       1,     10.0000,      1.3806,     42.3000,    243.3360,     61.2385,      3.4953,      0.0000,     -0.0312,      1.4251,      0.1431,      5.4652,     10.9303,      1.2644,     28.0648,     56.1296,      0.0188,      0.0011,      0.0156,      0.1980,   7494.0405,-417609.3438,  -1022.8369,    539.6373,  24980.1348,
       1,     166,     119,       7,       1,       3,       1,     10.0000,      1.3806,     42.3000,    243.3360,     61.2385,      3.4953,      0.0000,     -0.0308,      0.9602,      0.1324,      5.4652,     10.9303,      1.1697,     28.0648,     56.1296,      0.0188,      0.0008,      0.0156,      0.1980,   7494.0405,-417488.8438,  -1022.8383,    539.6453,  24980.1348,
       1,     166,     119,       8,       1,       3,       1,     10.0000,      1.3806,     42.3000,    243.3360,     61.2385,      3.4953,      0.0240,     -0.0069,      0.7219,      0.1337,      5.4652,     10.9303,      1.1816,     28.0648,     56.1296,      0.0188,      0.0006,      0.0153,      0.1980,   7494.0405,-416882.7188,  -1022.7067,    539.6863,  24980.1328,
       1,     166,     119,       9,       1,       3,       1,     10.0000,      1.3806,     42.3000,    243.3360,     61.2385,      3.4953,      0.1336,      0.1016,      8.7122,      0.1680,      5.4652,     10.9303,      1.4846,     28.0648,     56.1296,      0.0188,      0.0006,      0.1757,      0.1980,   7494.0400,-416524.9375,  -1022.6378,    539.7104,  24980.1328,
       1,     166,     119,      10,       1,       3,       1,     10.0000,      1.3806,     42.3000,    243.3360,     61.2385,      3.4953,      0.1734,      0.1407,     20.9069,      0.1874,      5.4652,     10.9303,      1.6561,     28.0648,     56.1296,      0.0188,      0.0011,      0.2335,      0.1980,   7494.0400,-426735.1875,  -1025.3457,    539.0216,  24980.1328,
       1,     166,     119,      11,       1,       3,       1,     10.0000,      1.3806,     42.3000,    243.3360,     61.2385,      3.4953,      0.1825,      0.1494,     25.7519,      0.2020,      5.4652,     10.9303,      1.7853,     28.0648,     56.1296,      0.0188,      0.0013,      0.2466,      0.1980,   7494.0400,-443251.4688,  -1029.8087,    537.9092,  24980.1309,
       1,     166,     119,      12,       1,       3,       1,     10.0000,      1.3806,     42.3000,    243.3360,     61.2385,      3.4953,      0.1841,      0.1504,     19.1256,      0.2227,      5.4652,     10.9303,      1.9677,     28.0648,     56.1296,      0.0188,      0.0010,      0.2500,      0.1980,   7494.0396,-450893.4062,  -1032.1339,    537.3965,  24980.1270,
       1,     166,     119,      13,       1,       3,       1,     10.0000,      1.3806,     42.3000,    243.3360,     61.2385,      3.4953,      0.1848,      0.1507,     30.8634,      0.2434,      5.4652,     10.9303,      2.1505,     28.0648,     56.1296,      0.0188,      0.0015,      0.2500,      0.1980,   7494.0386,-443055.7188,  -1030.4923,    537.9233,  24980.1211,
       1,     166,     119,      14,       1,       3,       1,     10.0000,      1.3806,     42.3000,    243.3360,     61.2385,      3.4953,      0.1883,      0.1538,     76.1420,      0.2542,      5.4652,     10.9303,      2.2466,     28.0648,     56.1296,      0.0188,      0.0038,      0.2500,      0.1980,   7494.0366,-457430.4062,  -1034.5315,    536.9570,  24980.1172,
       1,     166,     119,      15,       1,       3,       1,     10.0000,      1.3806,     42.3000,    243.3360,     61.2385,      3.4953,      0.1899,      0.1557,     95.2570,      0.2417,      5.4652,     10.9303,      2.1359,     28.0648,     56.1296,      0.0188,      0.0048,      0.2500,      0.1980,   7494.0356,-516742.0625,  -1050.4836,    532.9769,  24980.1133,
       1,     166,     119,      16,       1,       3,       1,     10.0000,      1.3806,     42.3000,    243.3360,     61.2385,      3.4953,      0.1894,      0.1556,    124.7546,      0.2302,      5.4652,     10.9303,      2.0342,     28.0648,     56.1296,      0.0188,      0.0064,      0.2458,      0.1979,   7494.0342,-546436.7500,  -1059.2290,    531.0132,  24980.0977,
       1,     166,     119,      17,       1,       3,       1,     10.0000,      1.3806,     42.3000,    243.3360,     61.2385,      3.4953,      0.1869,      0.1539,    131.9458,      0.1985,      5.4652,     10.9303,      1.7539,     28.0648,     56.1296,      0.0188,      0.0069,      0.2408,      0.1979,   7494.0298,-586870.4375,  -1071.0941,    528.3329,  24980.0820,
       1,     166,     119,      18,       1,       3,       1,     10.0000,      1.3806,     42.3000,    243.3360,     61.2385,      3.4953,      0.1708,      0.1381,    134.3890,      0.1906,      5.4652,     10.9303,      1.6843,     28.0648,     56.1296,      0.0188,      0.0078,      0.2165,      0.1978,   7494.0249,-599613.1875,  -1075.9995,    527.4982,  24980.0625,
       1,     166,     119,      19,       1,       3,       1,     10.0000,      1.3806,     42.3000,    243.3360,     61.2385,      3.4953,      0.1076,      0.0751,     80.1017,      0.1845,      5.4652,     10.9303,      1.6301,     28.0648,     56.1296,      0.0188,      0.0078,      0.1287,      0.1978,   7494.0190,-603846.8125,  -1078.7617,    527.2197,  24980.0391,
       1,     166,     119,      20,       1,       3,       1,     10.0000,      1.3806,     42.3000,    243.3360,     61.2385,      3.4953,      0.0202,     -0.0119,      4.0553,      0.1702,      5.4652,     10.9303,      1.5039,     28.0648,     56.1296,      0.0188,      0.0065,      0.0079,      0.1978,   7494.0122,-534424.2500,  -1061.7900,    531.7949,  24980.0176,
       1,     166,     119,      21,       1,       3,       1,     10.0000,      1.3806,     42.3000,    243.3360,     61.2385,      3.4953,      0.0000,     -0.0318,      7.5255,      0.1626,      5.4652,     10.9303,      1.4364,     28.0648,     56.1296,      0.0188,      0.0060,      0.0156,      0.1979,   7494.0054,-430877.6250,  -1034.9021,    538.6980,  24980.0039,
       1,     166,     119,      22,       1,       3,       1,     10.0000,      1.3806,     42.3000,    243.3360,     61.2385,      3.4953,      0.0000,     -0.0317,      5.9147,      0.1581,      5.4652,     10.9303,      1.3967,     28.0648,     56.1296,      0.0188,      0.0048,      0.0156,      0.1980,   7494.0015,-426528.4688,  -1033.7789,    539.0358,  24980.0020,
       1,     166,     119,      23,       1,       3,       1,     10.0000,      1.3806,     42.3000,    243.3360,     61.2385,      3.4953,      0.0000,     -0.0316,      5.1903,      0.1570,      5.4652,     10.9303,      1.3870,     28.0648,     56.1296,      0.0188,      0.0042,      0.0156,      0.1980,   7494.0010,-424030.9375,  -1033.1294,    539.2043,  24980.0020,
       1,     166,     119,      24,       1,       3,       1,     10.0000,      1.3806,     42.3000,    243.3360,     61.2385,      3.4953,      0.0000,     -0.0316,      4.4815,      0.1549,      5.4652,     10.9303,      1.3690,     28.0648,     56.1296,      0.0188,      0.0036,      0.0156,      0.1980,   7494.0010,-422886.3750,  -1032.8287,    539.2814,  24980.0000,
       1,     166,     120,       1,       1,       3,       1,     10.0000,      1.3807,     42.3004,    243.3418,     61.2399,      3.4953,      0.0000,     -0.0314,      3.1547,      0.1493,      5.4654,     10.9309,      1.3191,     28.0735,     56.1470,      0.0188,      0.0025,      0.0156,      0.1980,   7494.0005,-422035.8438,  -1033.0023,    539.3516,  24981.1309,
       1,     166,     120,       2,       1,       3,       1,     10.0000,      1.3807,     42.3004,    243.3418,     61.2399,      3.4953,      0.0000,     -0.0312,      2.4787,      0.1444,      5.4654,     10.9309,      1.2760,     28.0735,     56.1470,      0.0188,      0.0020,      0.0156,      0.1980,   7494.3394,-420107.6250,  -1032.1353,    539.4816,  24981.1289,
       1,     166,     120,       3,       1,       3,       1,     10.0000,      1.3807,     42.3004,    243.3418,     61.2399,      3.4953,      0.0000,     -0.0311,      2.0438,      0.1424,      5.4654,     10.9309,      1.2581,     28.0735,     56.1470,      0.0188,      0.0016,      0.0156,      0.1980,   7494.3389,-419074.8438,  -1031.8826,    539.5513,  24981.1289,
       1,     166,     120,       4,       1,       3,       1,     10.0000,      1.3807,     42.3004,    243.3418,     61.2399,      3.4953,      0.0000,     -0.0311,      1.9729,      0.1414,      5.4654,     10.9309,      1.2492,     28.0735,     56.1470,      0.0188,      0.0016,      0.0156,      0.1980,   7494.3389,-418428.0938,  -1031.7214,    539.5948,  24981.1270,
       1,     166,     120,       5,       1,       3,       1,     10.0000,      1.3807,     42.3004,    243.3418,     61.2399,      3.4953,      0.0000,     -0.0311,      1.7909,      0.1412,      5.4654,     10.9309,      1.2480,     28.0735,     56.1470,      0.0188,      0.0014,      0.0156,      0.1980,   7494.3384,-418281.7188,  -1031.6952,    539.6047,  24981.1270,
       1,     166,     120,       6,       1,       3,       1,     10.0000,      1.3807,     42.3004,    243.3418,     61.2399,      3.4953,      0.0000,     -0.0311,      1.3125,      0.1412,      5.4654,     10.9309,      1.2480,     28.0735,     56.1470,      0.0188,      0.0011,      0.0156,      0.1980,   7494.3384,-418035.6875,  -1031.6384,    539.6212,  24981.1270,
       1,     166,     120,       7,       1,       3,       1,     10.0000,      1.3807,     42.3004,    243.3418,     61.2399,      3.4953,      0.0000,     -0.0310,      0.7809,      0.1385,      5.4654,     10.9309,      1.2242,     28.0735,     56.1470,      0.0188,      0.0006,      0.0156,      0.1980,   7494.3384,-417401.5312,  -1031.4817,    539.6641,  24981.1270,
       1,     166,     120,       8,       1,       3,       1,     10.0000,      1.3807,     42.3004,    243.3418,     61.2399,      3.4953,      0.0104,     -0.0206,      0.6308,      0.1394,      5.4654,     10.9309,      1.2317,     28.0735,     56.1470,      0.0188,      0.0005,      0.0156,      0.1980,   7494.3384,-416665.2812,  -1031.2958,    539.7137,  24981.1270,
       1,     166,     120,       9,       1,       3,       1,     10.0000,      1.3807,     42.3004,    243.3418,     61.2399,      3.4953,      0.1076,      0.0760,      4.1588,      0.1543,      5.4654,     10.9309,      1.3635,     28.0735,     56.1470,      0.0188,      0.0004,      0.1378,      0.1980,   7494.3384,-416409.3750,  -1031.2292,    539.7311,  24981.1270,
       1,     166,     120,      10,       1,       3,       1,     10.0000,      1.3807,     42.3004,    243.3418,     61.2399,      3.4953,      0.1674,      0.1346,      7.0058,      0.1904,      5.4654,     10.9309,      1.6826,     28.0735,     56.1470,      0.0188,      0.0004,      0.2262,      0.1980,   7494.3384,-420908.4062,  -1032.3885,    539.4275,  24981.1270,
       1,     166,     120,      11,       1,       3,       1,     10.0000,      1.3807,     42.3004,    243.3418,     61.2399,      3.4953,      0.1833,      0.1499,      8.7916,      0.2126,      5.4654,     10.9309,      1.8791,     28.0735,     56.1470,      0.0188,      0.0004,      0.2500,      0.1980,   7494.3384,-424946.5000,  -1033.4259,    539.1553,  24981.1270,
       1,     166,     120,      12,       1,       3,       1,     10.0000,      1.3807,     42.3004,    243.3418,     61.2399,      3.4953,      0.1833,      0.1496,      9.4178,      0.2258,      5.4654,     10.9309,      1.9949,     28.0735,     56.1470,      0.0188,      0.0005,      0.2500,      0.1980,   7494.3384,-427584.4375,  -1034.0724,    538.9776,  24981.1250,
       1,     166,     120,      13,       1,       3,       1,     10.0000,      1.3807,     42.3004,    243.3418,     61.2399,      3.4953,      0.1832,      0.1491,     10.1887,      0.2417,      5.4654,     10.9309,      2.1359,     28.0735,     56.1470,      0.0188,      0.0005,      0.2500,      0.1980,   7494.3379,-428615.2500,  -1034.2993,    538.9082,  24981.1211,
       1,     166,     120,      14,       1,       3,       1,     10.0000,      1.3807,     42.3004,    243.3418,     61.2399,      3.4953,      0.1836,      0.1490,     16.3275,      0.2590,      5.4654,     10.9309,      2.2884,     28.0735,     56.1470,      0.0188,      0.0008,      0.2500,      0.1980,   7494.3364,-429692.8125,  -1034.5408,    538.8356,  24981.1211,
       1,     166,     120,      15,       1,       3,       1,     10.0000,      1.3807,     42.3004,    243.3418,     61.2399,      3.4953,      0.1871,      0.1525,     78.1182,      0.2580,      5.4654,     10.9309,      2.2796,     28.0735,     56.1470,      0.0188,      0.0039,      0.2480,      0.1980,   7494.3364,-437654.5625,  -1036.6260,    538.2993,  24981.1211,
       1,     166,     120,      16,       1,       3,       1,     10.0000,      1.3807,     42.3004,    243.3418,     61.2399,      3.4953,      0.1798,      0.1458,    107.5997,      0.2366,      5.4654,     10.9309,      2.0906,     28.0735,     56.1470,      0.0188,      0.0058,      0.2334,      0.1980,   7494.3364,-517554.7500,  -1058.3466,    532.9233,  24981.1133,
       1,     166,     120,      17,       1,       3,       1,     10.0000,      1.3807,     42.3004,    243.3418,     61.2399,      3.4953,      0.1755,      0.1422,    113.3387,      0.2110,      5.4654,     10.9309,      1.8644,     28.0735,     56.1470,      0.0188,      0.0063,      0.2261,      0.1979,   7494.3345,-562368.5625,  -1071.3064,    529.9648,  24981.1016,
       1,     166,     120,      18,       1,       3,       1,     10.0000,      1.3807,     42.3004,    243.3418,     61.2399,      3.4953,      0.1705,      0.1380,    120.9341,      0.1839,      5.4654,     10.9309,      1.6253,     28.0735,     56.1470,      0.0188,      0.0070,      0.2175,      0.1979,   7494.3306,-573591.2500,  -1075.5209,    529.2295,  24981.0840,
       1,     166,     120,      19,       1,       3,       1,     10.0000,      1.3807,     42.3004,    243.3418,     61.2399,      3.4953,      0.1161,      0.0837,     93.9356,      0.1791,      5.4654,     10.9309,      1.5823,     28.0735,     56.1470,      0.0188,      0.0084,      0.1397,      0.1978,   7494.3257,-584307.9375,  -1079.7039,    528.5211,  24981.0664,
       1,     166,     120,      20,       1,       3,       1,     10.0000,      1.3807,     42.3004,    243.3418,     61.2399,      3.4953,      0.0114,     -0.0208,      9.2465,      0.1723,      5.4654,     10.9309,      1.5221,     28.0735,     56.1470,      0.0188,      0.0074,      0.0156,      0.1978,   7494.3203,-550541.4375,  -1071.7416,    530.7524,  24981.0488,
       1,     166,     120,      21,       1,       3,       1,     10.0000,      1.3807,     42.3004,    243.3418,     61.2399,      3.4953,      0.0000,     -0.0320,      7.3551,      0.1673,      5.4654,     10.9309,      1.4787,     28.0735,     56.1470,      0.0188,      0.0059,      0.0156,      0.1979,   7494.3149,-438895.6875,  -1041.9156,    538.1641,  24981.0332,
       1,     166,     120,      22,       1,       3,       1,     10.0000,      1.3807,     42.3004,    243.3418,     61.2399,      3.4953,      0.0000,     -0.0320,      6.0450,      0.1673,      5.4654,     10.9309,      1.4787,     28.0735,     56.1470,      0.0188,      0.0049,      0.0156,      0.1980,   7494.3101,-427024.8438,  -1038.7404,    539.0146,  24981.0312,
       1,     166,     120,      23,       1,       3,       1,     10.0000,      1.3807,     42.3004,    243.3418,     61.2399,      3.4953,      0.0000,     -0.0320,      4.4284,      0.1670,      5.4654,     10.9309,      1.4757,     28.0735,     56.1470,      0.0188,      0.0036,      0.0156,      0.1980,   7494.3096,-424255.9375,  -1037.9896,    539.2018,  24981.0273,
       1,     166,     120,      24,       1,       3,       1,     10.0000,      1.3807,     42.3004,    243.3418,     61.2399,      3.4953,      0.0000,     -0.0319,      4.1181,      0.1655,      5.4654,     10.9309,      1.4625,     28.0735,     56.1470,      0.0188,      0.0033,      0.0156,      0.1980,   7494.3086,-421944.4375,  -1037.3674,    539.3577,  24981.0273,
       1,     166,     121,       1,       1,       3,       1,     10.0000,      1.3807,     42.3007,    243.3477,     61.2414,      3.4953,      0.0000,     -0.0318,      3.0665,      0.1609,      5.4657,     10.9313,      1.4222,     28.0803,     56.1605,      0.0188,      0.0025,      0.0156,      0.1980,   7494.3086,-421504.0625,  -1037.6484,    539.4002,  24982.1582,
       1,     166,     121,       2,       1,       3,       1,     10.0000,      1.3807,     42.3007,    243.3477,     61.2414,      3.4953,      0.0000,     -0.0316,      2.5542,      0.1568,      5.4657,     10.9313,      1.3856,     28.0803,     56.1605,      0.0188,      0.0021,      0.0156,      0.1980,   7494.6479,-419964.0938,  -1036.8514,    539.5040,  24982.1602,
       1,     166,     121,       3,       1,       3,       1,     10.0000,      1.3807,     42.3007,    243.3477,     61.2414,      3.4953,      0.0000,     -0.0315,      2.1498,      0.1525,      5.4657,     10.9313,      1.3473,     28.0803,     56.1605,      0.0188,      0.0017,      0.0156,      0.1980,   7494.6484,-419174.5625,  -1036.6418,    539.5573,  24982.1582,
       1,     166,     121,       4,       1,       3,       1,     10.0000,      1.3807,     42.3007,    243.3477,     61.2414,      3.4953,      0.0000,     -0.0314,      2.3408,      0.1484,      5.4657,     10.9313,      1.3112,     28.0803,     56.1605,      0.0188,      0.0019,      0.0156,      0.1980,   7494.6479,-418588.2188,  -1036.4895,    539.5969,  24982.1582,
       1,     166,     121,       5,       1,       3,       1,     10.0000,      1.3807,     42.3007,    243.3477,     61.2414,      3.4953,      0.0000,     -0.0313,      2.2193,      0.1467,      5.4657,     10.9313,      1.2967,     28.0803,     56.1605,      0.0188,      0.0018,      0.0156,      0.1980,   7494.6479,-418782.0312,  -1036.5409,    539.5838,  24982.1562,
       1,     166,     121,       6,       1,       3,       1,     10.0000,      1.3807,     42.3007,    243.3477,     61.2414,      3.4953,      0.0000,     -0.0312,      2.1517,      0.1447,      5.4657,     10.9313,      1.2786,     28.0803,     56.1605,      0.0188,      0.0017,      0.0156,      0.1980,   7494.6470,-418643.3750,  -1036.5039,    539.5932,  24982.1562,
       1,     166,     121,       7,       1,       3,       1,     10.0000,      1.3807,     42.3007,    243.3477,     61.2414,      3.4953,      0.0000,     -0.0310,      1.5355,      0.1376,      5.4657,     10.9313,      1.2156,     28.0803,     56.1605,      0.0188,      0.0012,      0.0156,      0.1980,   7494.6470,-418544.7500,  -1036.4767,    539.5998,  24982.1562,
       1,     166,     121,       8,       1,       3,       1,     10.0000,      1.3807,     42.3007,    243.3477,     61.2414,      3.4953,      0.0148,     -0.0161,      0.1322,      0.1370,      5.4657,     10.9313,      1.2107,     28.0803,     56.1605,      0.0188,      0.0009,      0.0018,      0.1980,   7494.6470,-417746.7500,  -1036.2708,    539.6536,  24982.1543,
       1,     166,     121,       9,       1,       3,       1,     10.0000,      1.3807,     42.3007,    243.3477,     61.2414,      3.4953,      0.0999,      0.0682,      8.3916,      0.1590,      5.4657,     10.9313,      1.4052,     28.0803,     56.1605,      0.0188,      0.0008,      0.1259,      0.1980,   7494.6465,-415879.5938,  -1035.7562,    539.7795,  24982.1543,
       1,     166,     121,      10,       1,       3,       1,     10.0000,      1.3807,     42.3007,    243.3477,     61.2414,      3.4953,      0.1530,      0.1199,     16.4209,      0.2032,      5.4657,     10.9313,      1.7960,     28.0803,     56.1605,      0.0188,      0.0010,      0.2036,      0.1980,   7494.6465,-426301.7188,  -1038.5974,    539.0764,  24982.1543,
       1,     166,     121,      11,       1,       3,       1,     10.0000,      1.3807,     42.3007,    243.3477,     61.2414,      3.4953,      0.1842,      0.1508,     20.4845,      0.2156,      5.4657,     10.9313,      1.9051,     28.0803,     56.1605,      0.0188,      0.0010,      0.2500,      0.1980,   7494.6465,-437493.8750,  -1041.7021,    538.3226,  24982.1543,
       1,     166,     121,      12,       1,       3,       1,     10.0000,      1.3807,     42.3007,    243.3477,     61.2414,      3.4953,      0.1840,      0.1502,     18.6243,      0.2291,      5.4657,     10.9313,      2.0244,     28.0803,     56.1605,      0.0188,      0.0009,      0.2500,      0.1980,   7494.6465,-443670.3125,  -1043.4268,    537.9075,  24982.1504,
       1,     166,     121,      13,       1,       3,       1,     10.0000,      1.3807,     42.3007,    243.3477,     61.2414,      3.4953,      0.1835,      0.1493,     13.0266,      0.2415,      5.4657,     10.9313,      2.1339,     28.0803,     56.1605,      0.0188,      0.0007,      0.2500,      0.1980,   7494.6455,-441819.2188,  -1043.0011,    538.0322,  24982.1465,
       1,     166,     121,      14,       1,       3,       1,     10.0000,      1.3807,     42.3007,    243.3477,     61.2414,      3.4953,      0.1850,      0.1510,     31.8537,      0.2350,      5.4657,     10.9313,      2.0764,     28.0803,     56.1605,      0.0188,      0.0016,      0.2500,      0.1980,   7494.6440,-434484.4688,  -1041.0109,    538.5255,  24982.1426,
       1,     166,     121,      15,       1,       3,       1,     10.0000,      1.3807,     42.3007,    243.3477,     61.2414,      3.4953,      0.1906,      0.1569,    110.5994,      0.2242,      5.4657,     10.9313,      1.9813,     28.0803,     56.1605,      0.0188,      0.0056,      0.2492,      0.1980,   7494.6431,-457983.3438,  -1048.1980,    536.9438,  24982.1406,
       1,     166,     121,      16,       1,       3,       1,     10.0000,      1.3807,     42.3007,    243.3477,     61.2414,      3.4953,      0.1896,      0.1561,    130.7822,      0.2192,      5.4657,     10.9313,      1.9372,     28.0803,     56.1605,      0.0188,      0.0067,      0.2453,      0.1980,   7494.6426,-560983.7500,  -1077.0929,    530.0330,  24982.1348,
       1,     166,     121,      17,       1,       3,       1,     10.0000,      1.3807,     42.3007,    243.3477,     61.2414,      3.4953,      0.1896,      0.1571,    120.4715,      0.1807,      5.4657,     10.9313,      1.5965,     28.0803,     56.1605,      0.0188,      0.0061,      0.2459,      0.1979,   7494.6406,-595917.9375,  -1088.5118,    527.7628,  24982.1191,
       1,     166,     121,      18,       1,       3,       1,     10.0000,      1.3807,     42.3007,    243.3477,     61.2414,      3.4953,      0.1704,      0.1376,    124.2959,      0.1935,      5.4657,     10.9313,      1.7095,     28.0803,     56.1605,      0.0188,      0.0072,      0.2170,      0.1978,   7494.6362,-585635.6250,  -1086.9652,    528.4460,  24982.0977,
       1,     166,     121,      19,       1,       3,       1,     10.0000,      1.3807,     42.3007,    243.3477,     61.2414,      3.4953,      0.1251,      0.0923,     78.0798,      0.1950,      5.4657,     10.9313,      1.7231,     28.0803,     56.1605,      0.0188,      0.0063,      0.1549,      0.1978,   7494.6294,-589662.4375,  -1089.3989,    528.1804,  24982.0801,
       1,     166,     121,      20,       1,       3,       1,     10.0000,      1.3807,     42.3007,    243.3477,     61.2414,      3.4953,      0.0085,     -0.0239,      6.6883,      0.1784,      5.4657,     10.9313,      1.5761,     28.0803,     56.1605,      0.0188,      0.0054,      0.0156,      0.1978,   7494.6245,-530626.5625,  -1074.0796,    532.0782,  24982.0625,
       1,     166,     121,      21,       1,       3,       1,     10.0000,      1.3807,     42.3007,    243.3477,     61.2414,      3.4953,      0.0000,     -0.0320,      6.5961,      0.1673,      5.4657,     10.9313,      1.4787,     28.0803,     56.1605,      0.0188,      0.0053,      0.0156,      0.1979,   7494.6191,-433960.0000,  -1047.5740,    538.5219,  24982.0488,
       1,     166,     121,      22,       1,       3,       1,     10.0000,      1.3807,     42.3007,    243.3477,     61.2414,      3.4953,      0.0000,     -0.0319,      5.5233,      0.1635,      5.4657,     10.9313,      1.4451,     28.0803,     56.1605,      0.0188,      0.0044,      0.0156,      0.1980,   7494.6147,-425626.3438,  -1045.2817,    539.1221,  24982.0469,
       1,     166,     121,      23,       1,       3,       1,     10.0000,      1.3807,     42.3007,    243.3477,     61.2414,      3.4953,      0.0000,     -0.0317,      4.0085,      0.1587,      5.4657,     10.9313,      1.4024,     28.0803,     56.1605,      0.0188,      0.0032,      0.0156,      0.1980,   7494.6143,-423482.7188,  -1044.6844,    539.2668,  24982.0469,
       1,     166,     121,      24,       1,       3,       1,     10.0000,      1.3807,     42.3007,    243.3477,     61.2414,      3.4953,      0.0000,     -0.0317,      4.9043,      0.1573,      5.4657,     10.9313,      1.3898,     28.0803,     56.1605,      0.0188,      0.0039,      0.0156,      0.1980,   7494.6143,-421355.7500,  -1044.0970,    539.4102,  24982.0449,
       1,     166,     122,       1,       1,       3,       1,     10.0000,      1.3807,     42.3011,    243.3535,     61.2429,      3.4953,      0.0000,     -0.0314,      4.1594,      0.1509,      5.4659,     10.9318,      1.3338,     28.0875,     56.1750,      0.0188,      0.0033,      0.0156,      0.1981,   7494.6138,-422477.4688,  -1044.8098,    539.3475,  24983.1777,
       1,     166,     122,       2,       1,       3,       1,     10.0000,      1.3807,     42.3011,    243.3535,     61.2429,      3.4953,      0.0000,     -0.0312,      3.0117,      0.1440,      5.4659,     10.9318,      1.2722,     28.0875,     56.1750,      0.0188,      0.0024,      0.0156,      0.1981,   7494.9536,-421465.2188,  -1044.1357,    539.4158,  24983.1758,
       1,     166,     122,       3,       1,       3,       1,     10.0000,      1.3807,     42.3011,    243.3535,     61.2429,      3.4953,      0.0000,     -0.0312,      2.4841,      0.1440,      5.4659,     10.9318,      1.2722,     28.0875,     56.1750,      0.0188,      0.0020,      0.0156,      0.1981,   7494.9531,-419907.2500,  -1043.7087,    539.5208,  24983.1758,
       1,     166,     122,       4,       1,       3,       1,     10.0000,      1.3807,     42.3011,    243.3535,     61.2429,      3.4953,      0.0000,     -0.0311,      2.5187,      0.1421,      5.4659,     10.9318,      1.2556,     28.0875,     56.1750,      0.0188,      0.0020,      0.0156,      0.1981,   7494.9531,-419096.6250,  -1043.4865,    539.5754,  24983.1738,
       1,     166,     122,       5,       1,       3,       1,     10.0000,      1.3807,     42.3011,    243.3535,     61.2429,      3.4953,      0.0000,     -0.0311,      2.3365,      0.1411,      5.4659,     10.9318,      1.2468,     28.0875,     56.1750,      0.0188,      0.0019,      0.0156,      0.1981,   7494.9526,-419071.2812,  -1043.4791,    539.5772,  24983.1738,
       1,     166,     122,       6,       1,       3,       1,     10.0000,      1.3807,     42.3011,    243.3535,     61.2429,      3.4953,      0.0000,     -0.0312,      1.3765,      0.1431,      5.4659,     10.9318,      1.2645,     28.0875,     56.1750,      0.0188,      0.0011,      0.0156,      0.1981,   7494.9526,-418835.5938,  -1043.4132,    539.5931,  24983.1738,
       1,     166,     122,       7,       1,       3,       1,     10.0000,      1.3807,     42.3011,    243.3535,     61.2429,      3.4953,      0.0000,     -0.0312,      1.0094,      0.1440,      5.4659,     10.9318,      1.2722,     28.0875,     56.1750,      0.0188,      0.0008,      0.0156,      0.1981,   7494.9526,-417585.2188,  -1043.0719,    539.6774,  24983.1738,
       1,     166,     122,       8,       1,       3,       1,     10.0000,      1.3807,     42.3011,    243.3535,     61.2429,      3.4953,      0.0281,     -0.0029,      1.6361,      0.1393,      5.4659,     10.9318,      1.2305,     28.0875,     56.1750,      0.0188,      0.0010,      0.0211,      0.1981,   7494.9526,-417006.9375,  -1042.9161,    539.7164,  24983.1719,
       1,     166,     122,       9,       1,       3,       1,     10.0000,      1.3807,     42.3011,    243.3535,     61.2429,      3.4953,      0.1055,      0.0742,     10.5394,      0.1460,      5.4659,     10.9318,      1.2903,     28.0875,     56.1750,      0.0188,      0.0010,      0.1341,      0.1981,   7494.9517,-417760.0000,  -1043.1238,    539.6656,  24983.1738,
       1,     166,     122,      10,       1,       3,       1,     10.0000,      1.3807,     42.3011,    243.3535,     61.2429,      3.4953,      0.1453,      0.1133,     21.2003,      0.1680,      5.4659,     10.9318,      1.4847,     28.0875,     56.1750,      0.0188,      0.0014,      0.1916,      0.1981,   7494.9526,-429232.2500,  -1046.3628,    538.8918,  24983.1758,
       1,     166,     122,      11,       1,       3,       1,     10.0000,      1.3807,     42.3011,    243.3535,     61.2429,      3.4953,      0.1765,      0.1440,     37.3680,      0.1852,      5.4659,     10.9318,      1.6367,     28.0875,     56.1750,      0.0188,      0.0020,      0.2363,      0.1981,   7494.9531,-443886.5312,  -1050.5759,    537.9052,  24983.1719,
       1,     166,     122,      12,       1,       3,       1,     10.0000,      1.3807,     42.3011,    243.3535,     61.2429,      3.4953,      0.1862,      0.1529,     44.3783,      0.2075,      5.4659,     10.9318,      1.8335,     28.0875,     56.1750,      0.0188,      0.0022,      0.2500,      0.1980,   7494.9517,-465877.1875,  -1056.9619,    536.4274,  24983.1680,
       1,     166,     122,      13,       1,       3,       1,     10.0000,      1.3807,     42.3011,    243.3535,     61.2429,      3.4953,      0.1852,      0.1519,     32.2460,      0.2091,      5.4659,     10.9318,      1.8480,     28.0875,     56.1750,      0.0188,      0.0016,      0.2500,      0.1980,   7494.9507,-476768.1250,  -1060.3369,    535.6992,  24983.1641,
       1,     166,     122,      14,       1,       3,       1,     10.0000,      1.3807,     42.3011,    243.3535,     61.2429,      3.4953,      0.1860,      0.1528,     41.7007,      0.2063,      5.4659,     10.9318,      1.8227,     28.0875,     56.1750,      0.0188,      0.0021,      0.2500,      0.1980,   7494.9497,-462147.7812,  -1056.5049,    536.6788,  24983.1543,
       1,     166,     122,      15,       1,       3,       1,     10.0000,      1.3807,     42.3011,    243.3535,     61.2429,      3.4953,      0.1860,      0.1525,     76.5850,      0.2160,      5.4659,     10.9318,      1.9089,     28.0875,     56.1750,      0.0188,      0.0039,      0.2460,      0.1980,   7494.9468,-473013.0312,  -1059.8563,    535.9507,  24983.1484,
       1,     166,     122,      16,       1,       3,       1,     10.0000,      1.3807,     42.3011,    243.3535,     61.2429,      3.4953,      0.1583,      0.1253,     70.9154,      0.2003,      5.4659,     10.9318,      1.7697,     28.0875,     56.1750,      0.0188,      0.0043,      0.2052,      0.1980,   7494.9448,-518683.0312,  -1073.2463,    532.8915,  24983.1426,
       1,     166,     122,      17,       1,       3,       1,     10.0000,      1.3807,     42.3011,    243.3535,     61.2429,      3.4953,      0.1365,      0.1035,     74.6958,      0.1997,      5.4659,     10.9318,      1.7644,     28.0875,     56.1750,      0.0188,      0.0054,      0.1722,      0.1980,   7494.9429,-515368.8750,  -1073.0347,    533.1211,  24983.1309,
       1,     166,     122,      18,       1,       3,       1,     10.0000,      1.3807,     42.3011,    243.3535,     61.2429,      3.4953,      0.1515,      0.1189,     83.7202,      0.1863,      5.4659,     10.9318,      1.6464,     28.0875,     56.1750,      0.0188,      0.0054,      0.1936,      0.1980,   7494.9395,-519924.5938,  -1075.0614,    532.8175,  24983.1191,
       1,     166,     122,      19,       1,       3,       1,     10.0000,      1.3807,     42.3011,    243.3535,     61.2429,      3.4953,      0.0952,      0.0629,     43.4937,      0.1768,      5.4659,     10.9318,      1.5621,     28.0875,     56.1750,      0.0188,      0.0048,      0.1145,      0.1980,   7494.9360,-531899.1250,  -1079.2510,    532.0201,  24983.1074,
       1,     166,     122,      20,       1,       3,       1,     10.0000,      1.3807,     42.3011,    243.3535,     61.2429,      3.4953,      0.0143,     -0.0177,      5.8629,      0.1663,      5.4659,     10.9318,      1.4699,     28.0875,     56.1750,      0.0188,      0.0047,      0.0156,      0.1979,   7494.9326,-481301.5938,  -1065.5179,    535.3856,  24983.0938,
       1,     166,     122,      21,       1,       3,       1,     10.0000,      1.3807,     42.3011,    243.3535,     61.2429,      3.4953,      0.0000,     -0.0317,      4.9239,      0.1597,      5.4659,     10.9318,      1.4109,     28.0875,     56.1750,      0.0188,      0.0040,      0.0156,      0.1980,   7494.9282,-428723.1562,  -1050.7974,    538.9149,  24983.0879,
       1,     166,     122,      22,       1,       3,       1,     10.0000,      1.3807,     42.3011,    243.3535,     61.2429,      3.4953,      0.0000,     -0.0317,      4.9659,      0.1570,      5.4659,     10.9318,      1.3871,     28.0875,     56.1750,      0.0188,      0.0040,      0.0156,      0.1981,   7494.9268,-423009.7812,  -1049.2069,    539.3114,  24983.0859,
       1,     166,     122,      23,       1,       3,       1,     10.0000,      1.3807,     42.3011,    243.3535,     61.2429,      3.4953,      0.0000,     -0.0316,      4.4563,      0.1563,      5.4659,     10.9318,      1.3815,     28.0875,     56.1750,      0.0188,      0.0036,      0.0156,      0.1981,   7494.9263,-422556.0000,  -1049.0872,    539.3422,  24983.0859,
       1,     166,     122,      24,       1,       3,       1,     10.0000,      1.3807,     42.3011,    243.3535,     61.2429,      3.4953,      0.0000,     -0.0315,      4.1516,      0.1531,      5.4659,     10.9318,      1.3527,     28.0875,     56.1750,      0.0188,      0.0033,      0.0156,      0.1981,   7494.9263,-421863.6250,  -1048.9022,    539.3889,  24983.0820,
       1,     166,     123,       1,       1,       3,       1,     10.0000,      1.3807,     42.3014,    243.3593,     61.2443,      3.4953,      0.0000,     -0.0314,      3.0269,      0.1503,      5.4657,     10.9315,      1.3285,     28.0918,     56.1837,      0.0188,      0.0024,      0.0156,      0.1981,   7494.9248,-421570.7500,  -1049.2461,    539.4214,  24984.2168,
       1,     166,     123,       2,       1,       3,       1,     10.0000,      1.3807,     42.3014,    243.3593,     61.2443,      3.4953,      0.0000,     -0.0313,      2.2648,      0.1459,      5.4657,     10.9315,      1.2890,     28.0918,     56.1837,      0.0188,      0.0018,      0.0156,      0.1981,   7495.2651,-419949.7812,  -1048.3950,    539.5307,  24984.2168,
       1,     166,     123,       3,       1,       3,       1,     10.0000,      1.3807,     42.3014,    243.3593,     61.2443,      3.4953,      0.0000,     -0.0311,      1.9312,      0.1418,      5.4657,     10.9315,      1.2531,     28.0918,     56.1837,      0.0188,      0.0016,      0.0156,      0.1981,   7495.2651,-418833.3438,  -1048.0895,    539.6060,  24984.2148,
       1,     166,     123,       4,       1,       3,       1,     10.0000,      1.3807,     42.3014,    243.3593,     61.2443,      3.4953,      0.0000,     -0.0311,      1.8317,      0.1421,      5.4657,     10.9315,      1.2556,     28.0918,     56.1837,      0.0188,      0.0015,      0.0156,      0.1981,   7495.2646,-418309.7500,  -1047.9502,    539.6414,  24984.2148,
       1,     166,     123,       5,       1,       3,       1,     10.0000,      1.3807,     42.3014,    243.3593,     61.2443,      3.4953,      0.0000,     -0.0310,      1.7460,      0.1381,      5.4657,     10.9315,      1.2206,     28.0918,     56.1837,      0.0188,      0.0014,      0.0156,      0.1981,   7495.2646,-418136.9688,  -1047.9088,    539.6530,  24984.2148,
       1,     166,     123,       6,       1,       3,       1,     10.0000,      1.3807,     42.3014,    243.3593,     61.2443,      3.4953,      0.0000,     -0.0309,      1.5451,      0.1369,      5.4657,     10.9315,      1.2096,     28.0918,     56.1837,      0.0188,      0.0012,      0.0156,      0.1981,   7495.2646,-418012.2812,  -1047.8807,    539.6614,  24984.2148,
       1,     166,     123,       7,       1,       3,       1,     10.0000,      1.3807,     42.3014,    243.3593,     61.2443,      3.4953,      0.0000,     -0.0307,      1.1217,      0.1312,      5.4657,     10.9315,      1.1592,     28.0918,     56.1837,      0.0188,      0.0009,      0.0156,      0.1981,   7495.2646,-417744.0938,  -1047.8110,    539.6795,  24984.2168,
       1,     166,     123,       8,       1,       3,       1,     10.0000,      1.3807,     42.3014,    243.3593,     61.2443,      3.4953,      0.0083,     -0.0224,      0.7385,      0.1305,      5.4657,     10.9315,      1.1533,     28.0918,     56.1837,      0.0188,      0.0006,      0.0156,      0.1981,   7495.2651,-417178.3438,  -1047.6575,    539.7177,  24984.2129,
       1,     166,     123,       9,       1,       3,       1,     10.0000,      1.3807,     42.3014,    243.3593,     61.2443,      3.4953,      0.1285,      0.0969,      7.9548,      0.1559,      5.4657,     10.9315,      1.3774,     28.0918,     56.1837,      0.0188,      0.0006,      0.1683,      0.1981,   7495.2642,-416639.0938,  -1047.5103,    539.7540,  24984.2148,
       1,     166,     123,      10,       1,       3,       1,     10.0000,      1.3807,     42.3014,    243.3593,     61.2443,      3.4953,      0.1682,      0.1355,     11.9041,      0.1901,      5.4657,     10.9315,      1.6794,     28.0918,     56.1837,      0.0188,      0.0007,      0.2269,      0.1981,   7495.2646,-425836.8750,  -1050.1383,    539.1335,  24984.2148,
       1,     166,     123,      11,       1,       3,       1,     10.0000,      1.3807,     42.3014,    243.3593,     61.2443,      3.4953,      0.1842,      0.1511,     19.0993,      0.2039,      5.4657,     10.9315,      1.8014,     28.0918,     56.1837,      0.0188,      0.0010,      0.2500,      0.1981,   7495.2646,-431692.5625,  -1051.8452,    538.7393,  24984.2148,
       1,     166,     123,      12,       1,       3,       1,     10.0000,      1.3807,     42.3014,    243.3593,     61.2443,      3.4953,      0.1839,      0.1502,     16.5460,      0.2231,      5.4657,     10.9315,      1.9717,     28.0918,     56.1837,      0.0188,      0.0008,      0.2500,      0.1981,   7495.2646,-441417.9688,  -1054.6821,    538.0844,  24984.2090,
       1,     166,     123,      13,       1,       3,       1,     10.0000,      1.3807,     42.3014,    243.3593,     61.2443,      3.4953,      0.1840,      0.1499,     19.6795,      0.2385,      5.4657,     10.9315,      2.1071,     28.0918,     56.1837,      0.0188,      0.0010,      0.2500,      0.1981,   7495.2632,-438987.2188,  -1054.0514,    538.2484,  24984.2070,
       1,     166,     123,      14,       1,       3,       1,     10.0000,      1.3807,     42.3014,    243.3593,     61.2443,      3.4953,      0.1863,      0.1523,     48.1075,      0.2329,      5.4657,     10.9315,      2.0584,     28.0918,     56.1837,      0.0188,      0.0024,      0.2500,      0.1981,   7495.2622,-442792.8750,  -1055.1929,    537.9923,  24984.2031,
       1,     166,     123,      15,       1,       3,       1,     10.0000,      1.3807,     42.3014,    243.3593,     61.2443,      3.4953,      0.1793,      0.1455,     85.2396,      0.2291,      5.4657,     10.9315,      2.0245,     28.0918,     56.1837,      0.0188,      0.0045,      0.2352,      0.1981,   7495.2612,-479554.2812,  -1065.9713,    535.5202,  24984.2012,
       1,     166,     123,      16,       1,       3,       1,     10.0000,      1.3807,     42.3014,    243.3593,     61.2443,      3.4953,      0.1660,      0.1322,    101.6403,      0.2284,      5.4657,     10.9315,      2.0185,     28.0918,     56.1837,      0.0188,      0.0060,      0.2133,      0.1980,   7495.2607,-530355.9375,  -1081.1379,    532.1252,  24984.1934,
       1,     166,     123,      17,       1,       3,       1,     10.0000,      1.3807,     42.3014,    243.3593,     61.2443,      3.4953,      0.1214,      0.0878,     85.7538,      0.2199,      5.4657,     10.9315,      1.9429,     28.0918,     56.1837,      0.0188,      0.0072,      0.1482,      0.1980,   7495.2583,-555805.0000,  -1089.3480,    530.4432,  24984.1816,
       1,     166,     123,      18,       1,       3,       1,     10.0000,      1.3807,     42.3014,    243.3593,     61.2443,      3.4953,      0.1141,      0.0809,     81.0340,      0.2047,      5.4657,     10.9315,      1.8085,     28.0918,     56.1837,      0.0188,      0.0074,      0.1380,      0.1979,   7495.2549,-537594.7500,  -1085.0458,    531.6533,  24984.1660,
       1,     166,     123,      19,       1,       3,       1,     10.0000,      1.3807,     42.3014,    243.3593,     61.2443,      3.4953,      0.0820,      0.0492,     52.2471,      0.1910,      5.4657,     10.9315,      1.6878,     28.0918,     56.1837,      0.0188,      0.0070,      0.0936,      0.1980,   7495.2500,-529974.1250,  -1083.6898,    532.1611,  24984.1543,
       1,     166,     123,      20,       1,       3,       1,     10.0000,      1.3807,     42.3014,    243.3593,     61.2443,      3.4953,      0.0177,     -0.0146,      1.9651,      0.1764,      5.4657,     10.9315,      1.5590,     28.0918,     56.1837,      0.0188,      0.0060,      0.0041,      0.1980,   7495.2466,-492376.5312,  -1073.4739,    534.6623,  24984.1426,
       1,     166,     123,      21,       1,       3,       1,     10.0000,      1.3807,     42.3014,    243.3593,     61.2443,      3.4953,      0.0000,     -0.0318,      7.4691,      0.1624,      5.4657,     10.9315,      1.4351,     28.0918,     56.1837,      0.0188,      0.0060,      0.0156,      0.1980,   7495.2432,-424673.9062,  -1054.1143,    539.1930,  24984.1348,
       1,     166,     123,      22,       1,       3,       1,     10.0000,      1.3807,     42.3014,    243.3593,     61.2443,      3.4953,      0.0000,     -0.0316,      6.8987,      0.1556,      5.4657,     10.9315,      1.3746,     28.0918,     56.1837,      0.0188,      0.0055,      0.0156,      0.1981,   7495.2407,-425943.7812,  -1054.5079,    539.1266,  24984.1328,
       1,     166,     123,      23,       1,       3,       1,     10.0000,      1.3807,     42.3014,    243.3593,     61.2443,      3.4953,      0.0000,     -0.0315,      5.9803,      0.1517,      5.4657,     10.9315,      1.3406,     28.0918,     56.1837,      0.0188,      0.0048,      0.0156,      0.1981,   7495.2402,-425298.2812,  -1054.3541,    539.1702,  24984.1328,
       1,     166,     123,      24,       1,       3,       1,     10.0000,      1.3807,     42.3014,    243.3593,     61.2443,      3.4953,      0.0000,     -0.0313,      5.3681,      0.1476,      5.4657,     10.9315,      1.3047,     28.0918,     56.1837,      0.0188,      0.0043,      0.0156,      0.1981,   7495.2402,-424065.7812,  -1054.0286,    539.2532,  24984.1328,
       1,     166,     124,       1,       1,       3,       1,     10.0000,      1.3807,     42.3017,    243.3651,     61.2458,      3.4953,      0.0000,     -0.0312,      4.5055,      0.1444,      5.4666,     10.9332,      1.2761,     28.0954,     56.1907,      0.0188,      0.0036,      0.0156,      0.1981,   7495.2402,-423332.0938,  -1054.2653,    539.3156,  24985.2637,
       1,     166,     124,       2,       1,       3,       1,     10.0000,      1.3807,     42.3017,    243.3651,     61.2458,      3.4953,      0.0000,     -0.0311,      3.4018,      0.1424,      5.4666,     10.9332,      1.2582,     28.0954,     56.1907,      0.0188,      0.0027,      0.0156,      0.1981,   7495.5796,-422009.1562,  -1053.4937,    539.4047,  24985.2637,
       1,     166,     124,       3,       1,       3,       1,     10.0000,      1.3807,     42.3017,    243.3651,     61.2458,      3.4953,      0.0000,     -0.0308,      2.2086,      0.1319,      5.4666,     10.9332,      1.1651,     28.0954,     56.1907,      0.0188,      0.0018,      0.0156,      0.1981,   7495.5796,-420481.0625,  -1053.0708,    539.5078,  24985.2617,
       1,     166,     124,       4,       1,       3,       1,     10.0000,      1.3807,     42.3017,    243.3651,     61.2458,      3.4953,      0.0000,     -0.0308,      1.7209,      0.1328,      5.4666,     10.9332,      1.1734,     28.0954,     56.1907,      0.0188,      0.0014,      0.0156,      0.1981,   7495.5786,-418820.8438,  -1052.6066,    539.6198,  24985.2598,
       1,     166,     124,       5,       1,       3,       1,     10.0000,      1.3807,     42.3017,    243.3651,     61.2458,      3.4953,      0.0000,     -0.0305,      1.2807,      0.1249,      5.4666,     10.9332,      1.1040,     28.0954,     56.1907,      0.0188,      0.0010,      0.0156,      0.1981,   7495.5781,-418052.8125,  -1055.2832,    539.6715,  24985.2598,
       1,     166,     124,       6,       1,       3,       1,     10.0000,      1.3807,     42.3017,    243.3651,     61.2458,      3.4953,      0.0000,     -0.0308,      1.1628,      0.1323,      5.4666,     10.9332,      1.1687,     28.0954,     56.1907,      0.0188,      0.0009,      0.0156,      0.1981,   7495.5781,-417422.6250,  -1059.7493,    539.7141,  24985.2617,
       1,     166,     124,       7,       1,       3,       1,     10.0000,      1.3807,     42.3017,    243.3651,     61.2458,      3.4953,      0.0000,     -0.0308,      1.0502,      0.1323,      5.4666,     10.9332,      1.1687,     28.0954,     56.1907,      0.0188,      0.0008,      0.0156,      0.1981,   7495.5786,-417216.9688,  -1059.6887,    539.7280,  24985.2598,
       1,     166,     124,       8,       1,       3,       1,     10.0000,      1.3807,     42.3017,    243.3651,     61.2458,      3.4953,      0.0187,     -0.0121,      0.7009,      0.1335,      5.4666,     10.9332,      1.1794,     28.0954,     56.1907,      0.0188,      0.0011,      0.0077,      0.1981,   7495.5781,-417055.0000,  -1059.6429,    539.7389,  24985.2598,
       1,     166,     124,       9,       1,       3,       1,     10.0000,      1.3807,     42.3017,    243.3651,     61.2458,      3.4953,      0.0921,      0.0611,      9.2085,      0.1400,      5.4666,     10.9332,      1.2368,     28.0954,     56.1907,      0.0188,      0.0010,      0.1146,      0.1981,   7495.5781,-416593.6250,  -1059.4958,    539.7700,  24985.2598,
       1,     166,     124,      10,       1,       3,       1,     10.0000,      1.3807,     42.3017,    243.3651,     61.2458,      3.4953,      0.1712,      0.1396,     13.9172,      0.1545,      5.4666,     10.9332,      1.3650,     28.0954,     56.1907,      0.0188,      0.0008,      0.2308,      0.1981,   7495.5781,-427451.4375,  -1062.6101,    539.0374,  24985.2598,
       1,     166,     124,      11,       1,       3,       1,     10.0000,      1.3807,     42.3017,    243.3651,     61.2458,      3.4953,      0.1723,      0.1404,     13.0949,      0.1655,      5.4666,     10.9332,      1.4627,     28.0954,     56.1907,      0.0188,      0.0007,      0.2327,      0.1981,   7495.5781,-434423.4688,  -1064.6034,    538.5681,  24985.2598,
       1,     166,     124,      12,       1,       3,       1,     10.0000,      1.3807,     42.3017,    243.3651,     61.2458,      3.4953,      0.1839,      0.1520,     12.4914,      0.1654,      5.4666,     10.9332,      1.4612,     28.0954,     56.1907,      0.0188,      0.0006,      0.2500,      0.1981,   7495.5781,-433971.8125,  -1064.4799,    538.5988,  24985.2598,
       1,     166,     124,      13,       1,       3,       1,     10.0000,      1.3807,     42.3017,    243.3651,     61.2458,      3.4953,      0.1839,      0.1520,     11.6335,      0.1645,      5.4666,     10.9332,      1.4539,     28.0954,     56.1907,      0.0188,      0.0006,      0.2500,      0.1981,   7495.5781,-433159.4062,  -1066.2455,    538.6535,  24985.2559,
       1,     166,     124,      14,       1,       3,       1,     10.0000,      1.3807,     42.3017,    243.3651,     61.2458,      3.4953,      0.1842,      0.1516,     17.3428,      0.1863,      5.4666,     10.9332,      1.6465,     28.0954,     56.1907,      0.0188,      0.0009,      0.2500,      0.1981,   7495.5771,-431990.5938,  -1066.1259,    538.7322,  24985.2559,
       1,     166,     124,      15,       1,       3,       1,     10.0000,      1.3807,     42.3017,    243.3651,     61.2458,      3.4953,      0.1696,      0.1368,     26.6987,      0.1939,      5.4666,     10.9332,      1.7130,     28.0954,     56.1907,      0.0188,      0.0015,      0.2273,      0.1981,   7495.5771,-439204.4688,  -1068.3916,    538.2463,  24985.2520,
       1,     166,     124,      16,       1,       3,       1,     10.0000,      1.3807,     42.3017,    243.3651,     61.2458,      3.4953,      0.1348,      0.1020,     38.8715,      0.1956,      5.4666,     10.9332,      1.7283,     28.0954,     56.1907,      0.0188,      0.0028,      0.1739,      0.1981,   7495.5757,-451816.6875,  -1072.2286,    537.3980,  24985.2480,
       1,     166,     124,      17,       1,       3,       1,     10.0000,      1.3807,     42.3017,    243.3651,     61.2458,      3.4953,      0.1444,      0.1114,     35.3939,      0.1979,      5.4666,     10.9332,      1.7489,     28.0954,     56.1907,      0.0188,      0.0024,      0.1886,      0.1981,   7495.5747,-468507.3750,  -1077.3293,    536.2775,  24985.2461,
       1,     166,     124,      18,       1,       3,       1,     10.0000,      1.3807,     42.3017,    243.3651,     61.2458,      3.4953,      0.1262,      0.0932,     27.0895,      0.1964,      5.4666,     10.9332,      1.7352,     28.0954,     56.1907,      0.0188,      0.0021,      0.1623,      0.1981,   7495.5742,-465491.5625,  -1076.8582,    536.4808,  24985.2402,
       1,     166,     124,      19,       1,       3,       1,     10.0000,      1.3807,     42.3017,    243.3651,     61.2458,      3.4953,      0.0688,      0.0362,     23.9439,      0.1854,      5.4666,     10.9332,      1.6384,     28.0954,     56.1907,      0.0188,      0.0039,      0.0773,      0.1981,   7495.5723,-454585.9375,  -1074.0721,    537.2122,  24985.2344,
       1,     166,     124,      20,       1,       3,       1,     10.0000,      1.3807,     42.3017,    243.3651,     61.2458,      3.4953,      0.0050,     -0.0271,      5.0891,      0.1695,      5.4666,     10.9332,      1.4981,     28.0954,     56.1907,      0.0188,      0.0041,      0.0156,      0.1981,   7495.5708,-449616.5000,  -1072.9126,    537.5463,  24985.2305,
       1,     166,     124,      21,       1,       3,       1,     10.0000,      1.3807,     42.3017,    243.3651,     61.2458,      3.4953,      0.0000,     -0.0316,      5.1710,      0.1545,      5.4666,     10.9332,      1.3650,     28.0954,     56.1907,      0.0188,      0.0042,      0.0156,      0.1981,   7495.5693,-425024.9375,  -1066.0155,    539.1989,  24985.2266,
       1,     166,     124,      22,       1,       3,       1,     10.0000,      1.3807,     42.3017,    243.3651,     61.2458,      3.4953,      0.0000,     -0.0315,      5.3162,      0.1516,      5.4666,     10.9332,      1.3393,     28.0954,     56.1907,      0.0188,      0.0043,      0.0156,      0.1981,   7495.5684,-423015.7812,  -1065.4851,    539.3369,  24985.2246,
       1,     166,     124,      23,       1,       3,       1,     10.0000,      1.3807,     42.3017,    243.3651,     61.2458,      3.4953,      0.0000,     -0.0315,      5.1150,      0.1531,      5.4666,     10.9332,      1.3528,     28.0954,     56.1907,      0.0188,      0.0041,      0.0156,      0.1981,   7495.5679,-423025.2188,  -1065.5225,    539.3362,  24985.2227,
       1,     166,     124,      24,       1,       3,       1,     10.0000,      1.3807,     42.3017,    243.3651,     61.2458,      3.4953,      0.0000,     -0.0313,      4.7466,      0.1476,      5.4666,     10.9332,      1.3047,     28.0954,     56.1907,      0.0188,      0.0038,      0.0156,      0.1981,   7495.5669,-422768.5000,  -1065.4767,    539.3536,  24985.2246,
       1,     166,     125,       1,       1,       3,       1,     10.0000,      1.3808,     42.3021,    243.3709,     61.2472,      3.4953,      0.0000,     -0.0313,      4.0623,      0.1477,      5.4663,     10.9326,      1.3047,     28.0974,     56.1947,      0.0188,      0.0033,      0.0156,      0.1981,   7495.5679,-422430.7500,  -1065.8192,    539.3892,  24986.3555,
       1,     166,     125,       2,       1,       3,       1,     10.0000,      1.3808,     42.3021,    243.3709,     61.2472,      3.4953,      0.0000,     -0.0314,      2.6143,      0.1491,      5.4663,     10.9326,      1.3179,     28.0974,     56.1947,      0.0188,      0.0021,      0.0156,      0.1981,   7495.9067,-421370.8750,  -1065.1290,    539.4606,  24986.3535,
       1,     166,     125,       3,       1,       3,       1,     10.0000,      1.3808,     42.3021,    243.3709,     61.2472,      3.4953,      0.0000,     -0.0314,      1.9534,      0.1490,      5.4663,     10.9326,      1.3166,     28.0974,     56.1947,      0.0188,      0.0016,      0.0156,      0.1981,   7495.9062,-419424.8438,  -1064.5878,    539.5919,  24986.3535,
       1,     166,     125,       4,       1,       3,       1,     10.0000,      1.3808,     42.3021,    243.3709,     61.2472,      3.4953,      0.0000,     -0.0314,      1.9128,      0.1497,      5.4663,     10.9326,      1.3232,     28.0974,     56.1947,      0.0188,      0.0015,      0.0156,      0.1981,   7495.9062,-418410.2188,  -1064.3082,    539.6603,  24986.3516,
       1,     166,     125,       5,       1,       3,       1,     10.0000,      1.3808,     42.3021,    243.3709,     61.2472,      3.4953,      0.0000,     -0.0314,      1.6042,      0.1490,      5.4663,     10.9326,      1.3166,     28.0974,     56.1947,      0.0188,      0.0013,      0.0156,      0.1981,   7495.9058,-418270.9688,  -1064.2765,    539.6697,  24986.3535,
       1,     166,     125,       6,       1,       3,       1,     10.0000,      1.3808,     42.3021,    243.3709,     61.2472,      3.4953,      0.0000,     -0.0312,      1.4584,      0.1441,      5.4663,     10.9326,      1.2736,     28.0974,     56.1947,      0.0188,      0.0012,      0.0156,      0.1981,   7495.9062,-417863.1875,  -1064.1650,    539.6971,  24986.3535,
       1,     166,     125,       7,       1,       3,       1,     10.0000,      1.3808,     42.3021,    243.3709,     61.2472,      3.4953,      0.0000,     -0.0309,      1.3380,      0.1355,      5.4663,     10.9326,      1.1974,     28.0974,     56.1947,      0.0188,      0.0011,      0.0156,      0.1981,   7495.9062,-417641.3438,  -1064.1077,    539.7122,  24986.3555,
       1,     166,     125,       8,       1,       3,       1,     10.0000,      1.3808,     42.3021,    243.3709,     61.2472,      3.4953,      0.0166,     -0.0142,      0.4761,      0.1343,      5.4663,     10.9326,      1.1866,     28.0974,     56.1947,      0.0188,      0.0013,      0.0046,      0.1981,   7495.9067,-417467.5938,  -1064.0648,    539.7238,  24986.3535,
       1,     166,     125,       9,       1,       3,       1,     10.0000,      1.3808,     42.3021,    243.3709,     61.2472,      3.4953,      0.1124,      0.0808,     17.6368,      0.1539,      5.4663,     10.9326,      1.3596,     28.0974,     56.1947,      0.0188,      0.0015,      0.1433,      0.1981,   7495.9062,-416349.0938,  -1063.7401,    539.7993,  24986.3535,
       1,     166,     125,      10,       1,       3,       1,     10.0000,      1.3808,     42.3021,    243.3709,     61.2472,      3.4953,      0.1687,      0.1362,     32.5457,      0.1830,      5.4663,     10.9326,      1.6174,     28.0974,     56.1947,      0.0188,      0.0018,      0.2252,      0.1981,   7495.9062,-438231.1250,  -1070.0870,    538.3228,  24986.3535,
       1,     166,     125,      11,       1,       3,       1,     10.0000,      1.3808,     42.3021,    243.3709,     61.2472,      3.4953,      0.1852,      0.1524,     35.6500,      0.1937,      5.4663,     10.9326,      1.7114,     28.0974,     56.1947,      0.0188,      0.0018,      0.2494,      0.1981,   7495.9062,-459228.2812,  -1076.2938,    536.9120,  24986.3496,
       1,     166,     125,      12,       1,       3,       1,     10.0000,      1.3808,     42.3021,    243.3709,     61.2472,      3.4953,      0.1825,      0.1489,     27.3851,      0.2205,      5.4663,     10.9326,      1.9488,     28.0974,     56.1947,      0.0188,      0.0014,      0.2466,      0.1981,   7495.9053,-465021.2500,  -1078.1876,    536.5250,  24986.3457,
       1,     166,     125,      13,       1,       3,       1,     10.0000,      1.3808,     42.3021,    243.3709,     61.2472,      3.4953,      0.1828,      0.1488,     28.1384,      0.2357,      5.4663,     10.9326,      2.0827,     28.0974,     56.1947,      0.0188,      0.0014,      0.2472,      0.1981,   7495.9038,-454926.2812,  -1075.4902,    537.2022,  24986.3398,
       1,     166,     125,      14,       1,       3,       1,     10.0000,      1.3808,     42.3021,    243.3709,     61.2472,      3.4953,      0.1830,      0.1491,     49.8529,      0.2336,      5.4663,     10.9326,      2.0645,     28.0974,     56.1947,      0.0188,      0.0026,      0.2449,      0.1981,   7495.9023,-455023.3438,  -1075.7024,    537.1961,  24986.3359,
       1,     166,     125,      15,       1,       3,       1,     10.0000,      1.3808,     42.3021,    243.3709,     61.2472,      3.4953,      0.1874,      0.1538,     96.9511,      0.2216,      5.4663,     10.9326,      1.9583,     28.0974,     56.1947,      0.0188,      0.0049,      0.2459,      0.1981,   7495.9009,-482858.4688,  -1084.0410,    535.3270,  24986.3320,
       1,     166,     125,      16,       1,       3,       1,     10.0000,      1.3808,     42.3021,    243.3709,     61.2472,      3.4953,      0.1866,      0.1530,    109.9962,      0.2214,      5.4663,     10.9326,      1.9564,     28.0974,     56.1947,      0.0188,      0.0057,      0.2431,      0.1981,   7495.8999,-545649.5000,  -1102.8289,    531.1285,  24986.3262,
       1,     166,     125,      17,       1,       3,       1,     10.0000,      1.3808,     42.3021,    243.3709,     61.2472,      3.4953,      0.1456,      0.1127,     95.7551,      0.1987,      5.4663,     10.9326,      1.7559,     28.0974,     56.1947,      0.0188,      0.0065,      0.1834,      0.1980,   7495.8979,-567844.9375,  -1110.1495,    529.6714,  24986.3145,
       1,     166,     125,      18,       1,       3,       1,     10.0000,      1.3808,     42.3021,    243.3709,     61.2472,      3.4953,      0.0930,      0.0602,     64.0567,      0.1925,      5.4663,     10.9326,      1.7012,     28.0974,     56.1947,      0.0188,      0.0074,      0.1086,      0.1980,   7495.8945,-551457.6875,  -1106.2866,    530.7584,  24986.2988,
       1,     166,     125,      19,       1,       3,       1,     10.0000,      1.3808,     42.3021,    243.3709,     61.2472,      3.4953,      0.1017,      0.0690,     67.2815,      0.1882,      5.4663,     10.9326,      1.6630,     28.0974,     56.1947,      0.0188,      0.0070,      0.1212,      0.1980,   7495.8901,-509368.2500,  -1094.6504,    533.5519,  24986.2871,
       1,     166,     125,      20,       1,       3,       1,     10.0000,      1.3808,     42.3021,    243.3709,     61.2472,      3.4953,      0.0256,     -0.0066,      8.2717,      0.1733,      5.4663,     10.9326,      1.5314,     28.0974,     56.1947,      0.0188,      0.0068,      0.0152,      0.1981,   7495.8862,-509909.6875,  -1095.3458,    533.5231,  24986.2793,
       1,     166,     125,      21,       1,       3,       1,     10.0000,      1.3808,     42.3021,    243.3709,     61.2472,      3.4953,      0.0000,     -0.0319,      8.2686,      0.1650,      5.4663,     10.9326,      1.4583,     28.0974,     56.1947,      0.0188,      0.0066,      0.0156,      0.1981,   7495.8843,-434262.8125,  -1073.3175,    538.5681,  24986.2715,
       1,     166,     125,      22,       1,       3,       1,     10.0000,      1.3808,     42.3021,    243.3709,     61.2472,      3.4953,      0.0000,     -0.0318,      6.9512,      0.1623,      5.4663,     10.9326,      1.4338,     28.0974,     56.1947,      0.0188,      0.0056,      0.0156,      0.1981,   7495.8818,-427821.0000,  -1071.4055,    539.0256,  24986.2715,
       1,     166,     125,      23,       1,       3,       1,     10.0000,      1.3808,     42.3021,    243.3709,     61.2472,      3.4953,      0.0000,     -0.0318,      5.5533,      0.1597,      5.4663,     10.9326,      1.4110,     28.0974,     56.1947,      0.0188,      0.0045,      0.0156,      0.1981,   7495.8818,-425547.2188,  -1070.7013,    539.1790,  24986.2715,
       1,     166,     125,      24,       1,       3,       1,     10.0000,      1.3808,     42.3021,    243.3709,     61.2472,      3.4953,      0.0000,     -0.0316,      5.7093,      0.1557,      5.4663,     10.9326,      1.3761,     28.0974,     56.1947,      0.0188,      0.0046,      0.0156,      0.1981,   7495.8818,-423560.0625,  -1070.0911,    539.3130,  24986.2715,
       1,     166,     126,       1,       1,       3,       1,     10.0000,      1.3808,     42.3024,    243.3767,     61.2487,      3.4953,      0.0000,     -0.0312,      4.4312,      0.1431,      5.4666,     10.9332,      1.2646,     28.1020,     56.2041,      0.0188,      0.0036,      0.0156,      0.1982,   7495.8818,-423745.0625,  -1070.5431,    539.3134,  24987.4043,
       1,     166,     126,       2,       1,       3,       1,     10.0000,      1.3808,     42.3024,    243.3767,     61.2487,      3.4953,      0.0000,     -0.0310,      3.1188,      0.1370,      5.4666,     10.9332,      1.2109,     28.1020,     56.2041,      0.0188,      0.0025,      0.0156,      0.1982,   7496.2217,-421969.7812,  -1069.5770,    539.4331,  24987.4062,
       1,     166,     126,       3,       1,       3,       1,     10.0000,      1.3808,     42.3024,    243.3767,     61.2487,      3.4953,      0.0000,     -0.0309,      2.5094,      0.1352,      5.4666,     10.9332,      1.1951,     28.1020,     56.2041,      0.0188,      0.0020,      0.0156,      0.1982,   7496.2222,-420135.2812,  -1069.0221,    539.5568,  24987.4062,
       1,     166,     126,       4,       1,       3,       1,     10.0000,      1.3808,     42.3024,    243.3767,     61.2487,      3.4953,      0.0000,     -0.0310,      2.3163,      0.1381,      5.4666,     10.9332,      1.2207,     28.1020,     56.2041,      0.0188,      0.0019,      0.0156,      0.1982,   7496.2222,-419196.3125,  -1068.7343,    539.6201,  24987.4043,
       1,     166,     126,       5,       1,       3,       1,     10.0000,      1.3808,     42.3024,    243.3767,     61.2487,      3.4953,      0.0000,     -0.0310,      1.9650,      0.1387,      5.4666,     10.9332,      1.2257,     28.1020,     56.2041,      0.0188,      0.0016,      0.0156,      0.1982,   7496.2217,-418868.2812,  -1068.6279,    539.6422,  24987.4043,
       1,     166,     126,       6,       1,       3,       1,     10.0000,      1.3808,     42.3024,    243.3767,     61.2487,      3.4953,      0.0000,     -0.0308,      1.3751,      0.1342,      5.4666,     10.9332,      1.1854,     28.1020,     56.2041,      0.0188,      0.0011,      0.0156,      0.1982,   7496.2217,-418390.1875,  -1068.4790,    539.6746,  24987.4043,
       1,     166,     126,       7,       1,       3,       1,     10.0000,      1.3808,     42.3024,    243.3767,     61.2487,      3.4953,      0.0000,     -0.0307,      1.0262,      0.1295,      5.4666,     10.9332,      1.1441,     28.1020,     56.2041,      0.0188,      0.0008,      0.0156,      0.1982,   7496.2217,-417593.2500,  -1070.0532,    539.7283,  24987.4062,
       1,     166,     126,       8,       1,       3,       1,     10.0000,      1.3808,     42.3024,    243.3767,     61.2487,      3.4953,      0.0253,     -0.0053,      0.8827,      0.1264,      5.4666,     10.9332,      1.1165,     28.1020,     56.2041,      0.0188,      0.0006,      0.0176,      0.1982,   7496.2222,-417077.2500,  -1000.4332,    539.7631,  24988.2715,
       1,     166,     126,       9,       1,       3,       1,     10.0000,      1.3808,     42.3024,    243.3767,     61.2487,      3.4953,      0.1335,      0.1030,      7.3621,      0.1253,      5.4666,     10.9332,      1.1075,     28.1020,     56.2041,      0.0188,      0.0005,      0.1760,      0.1982,   7496.4819,-416743.4375,   -941.4935,    539.7856,  24988.2793,
       1,     166,     126,      10,       1,       3,       1,     10.0000,      1.3808,     42.3024,    243.3767,     61.2487,      3.4953,      0.1791,      0.1479,     10.9042,      0.1440,      5.4666,     10.9332,      1.2723,     28.1020,     56.2041,      0.0188,      0.0006,      0.2428,      0.1982,   7496.4839,-425011.3438,   -927.4500,    539.2277,  24988.2773,
       1,     166,     126,      11,       1,       3,       1,     10.0000,      1.3808,     42.3024,    243.3767,     61.2487,      3.4953,      0.1828,      0.1512,     11.2471,      0.1543,      5.4666,     10.9332,      1.3637,     28.1020,     56.2041,      0.0188,      0.0006,      0.2483,      0.1982,   7496.4834,-430263.4062,   -929.7455,    538.8740,  24988.2773,
       1,     166,     126,      12,       1,       3,       1,     10.0000,      1.3808,     42.3024,    243.3767,     61.2487,      3.4953,      0.1836,      0.1509,      9.9988,      0.1899,      5.4666,     10.9332,      1.6779,     28.1020,     56.2041,      0.0188,      0.0005,      0.2500,      0.1982,   7496.4834,-431156.1562,   -931.2117,    538.8140,  24988.2773,
       1,     166,     126,      13,       1,       3,       1,     10.0000,      1.3808,     42.3024,    243.3767,     61.2487,      3.4953,      0.1834,      0.1502,      9.0913,      0.2061,      5.4666,     10.9332,      1.8211,     28.1020,     56.2041,      0.0188,      0.0005,      0.2500,      0.1982,   7496.4834,-429634.1875,   -933.1782,    538.9166,  24988.2773,
       1,     166,     126,      14,       1,       3,       1,     10.0000,      1.3808,     42.3024,    243.3767,     61.2487,      3.4953,      0.1834,      0.1508,      7.5875,      0.1871,      5.4666,     10.9332,      1.6531,     28.1020,     56.2041,      0.0188,      0.0004,      0.2500,      0.1982,   7496.4834,-428340.2188,   -934.7176,    539.0037,  24988.2773,
       1,     166,     126,      15,       1,       3,       1,     10.0000,      1.3808,     42.3024,    243.3767,     61.2487,      3.4953,      0.1838,      0.1511,     12.1658,      0.1880,      5.4666,     10.9332,      1.6614,     28.1020,     56.2041,      0.0188,      0.0006,      0.2500,      0.1982,   7496.4834,-426302.6562,   -935.3109,    539.1410,  24988.2773,
       1,     166,     126,      16,       1,       3,       1,     10.0000,      1.3808,     42.3024,    243.3767,     61.2487,      3.4953,      0.1848,      0.1518,     26.5112,      0.2001,      5.4666,     10.9332,      1.7681,     28.1020,     56.2041,      0.0188,      0.0013,      0.2500,      0.1982,   7496.4834,-431990.5312,   -937.4241,    538.7577,  24988.2754,
       1,     166,     126,      17,       1,       3,       1,     10.0000,      1.3808,     42.3024,    243.3767,     61.2487,      3.4953,      0.1869,      0.1538,     77.1411,      0.2039,      5.4666,     10.9332,      1.8015,     28.1020,     56.2041,      0.0188,      0.0039,      0.2473,      0.1982,   7496.4829,-450857.0938,   -942.1376,    537.4872,  24988.2754,
       1,     166,     126,      18,       1,       3,       1,     10.0000,      1.3808,     42.3024,    243.3767,     61.2487,      3.4953,      0.1698,      0.1368,     85.6230,      0.1983,      5.4666,     10.9332,      1.7525,     28.1020,     56.2041,      0.0188,      0.0049,      0.2206,      0.1981,   7496.4829,-517359.5000,   -956.2009,    533.0208,  24988.2734,
       1,     166,     126,      19,       1,       3,       1,     10.0000,      1.3808,     42.3024,    243.3767,     61.2487,      3.4953,      0.1291,      0.0964,     57.3812,      0.1884,      5.4666,     10.9332,      1.6646,     28.1020,     56.2041,      0.0188,      0.0044,      0.1632,      0.1981,   7496.4824,-534023.3750,   -960.7552,    531.9290,  24988.2715,
       1,     166,     126,      20,       1,       3,       1,     10.0000,      1.3808,     42.3024,    243.3767,     61.2487,      3.4953,      0.0268,     -0.0055,      4.5867,      0.1757,      5.4666,     10.9332,      1.5529,     28.1020,     56.2041,      0.0188,      0.0033,      0.0173,      0.1980,   7496.4819,-499204.4375,   -954.9754,    534.2452,  24988.2656,
       1,     166,     126,      21,       1,       3,       1,     10.0000,      1.3808,     42.3024,    243.3767,     61.2487,      3.4953,      0.0000,     -0.0320,      4.5304,      0.1677,      5.4666,     10.9332,      1.4819,     28.1020,     56.2041,      0.0188,      0.0036,      0.0156,      0.1981,   7496.4800,-428532.3125,   -941.6138,    538.9698,  24988.2617,
       1,     166,     126,      22,       1,       3,       1,     10.0000,      1.3808,     42.3024,    243.3767,     61.2487,      3.4953,      0.0000,     -0.0319,      6.2208,      0.1649,      5.4666,     10.9332,      1.4569,     28.1020,     56.2041,      0.0188,      0.0050,      0.0156,      0.1982,   7496.4790,-422432.0938,   -940.6366,    539.4017,  24988.2617,
       1,     166,     126,      23,       1,       3,       1,     10.0000,      1.3808,     42.3024,    243.3767,     61.2487,      3.4953,      0.0000,     -0.0315,      5.2168,      0.1525,      5.4666,     10.9332,      1.3474,     28.1020,     56.2041,      0.0188,      0.0042,      0.0156,      0.1982,   7496.4790,-424043.8750,   -941.2189,    539.2932,  24988.2617,
       1,     166,     126,      24,       1,       3,       1,     10.0000,      1.3808,     42.3024,    243.3767,     61.2487,      3.4953,      0.0000,     -0.0310,      4.5085,      0.1379,      5.4666,     10.9332,      1.2182,     28.1020,     56.2041,      0.0188,      0.0036,      0.0156,      0.1982,   7496.4790,-422897.0938,   -941.2048,    539.3705,  24988.2617,
       1,     166,     127,       1,       1,       3,       1,     10.0000,      1.3808,     42.3027,    243.3825,     61.2501,      3.4953,      0.0000,     -0.0309,      3.7220,      0.1362,      5.4664,     10.9328,      1.2036,     28.1114,     56.2228,      0.0188,      0.0030,      0.0156,      0.1982,   7496.4790,-422047.7500,   -941.5059,    539.4406,  24989.3945,
       1,     166,     127,       2,       1,       3,       1,     10.0000,      1.3808,     42.3027,    243.3825,     61.2501,      3.4953,      0.0000,     -0.0310,      3.0464,      0.1370,      5.4664,     10.9328,      1.2109,     28.1114,     56.2228,      0.0188,      0.0024,      0.0156,      0.1982,   7496.8188,-420812.8438,   -941.1241,    539.5239,  24989.3945,
       1,     166,     127,       3,       1,       3,       1,     10.0000,      1.3808,     42.3027,    243.3825,     61.2501,      3.4953,      0.0000,     -0.0309,      3.2060,      0.1346,      5.4664,     10.9328,      1.1890,     28.1114,     56.2228,      0.0188,      0.0026,      0.0156,      0.1982,   7496.8188,-419841.0312,   -941.0388,    539.5895,  24989.3945,
       1,     166,     127,       4,       1,       3,       1,     10.0000,      1.3808,     42.3027,    243.3825,     61.2501,      3.4953,      0.0000,     -0.0307,      2.1274,      0.1293,      5.4664,     10.9328,      1.1429,     28.1114,     56.2228,      0.0188,      0.0017,      0.0156,      0.1982,   7496.8188,-419961.4375,   -941.1690,    539.5813,  24989.3945,
       1,     166,     127,       5,       1,       3,       1,     10.0000,      1.3808,     42.3027,    243.3825,     61.2501,      3.4953,      0.0000,     -0.0306,      1.3950,      0.1287,      5.4664,     10.9328,      1.1372,     28.1114,     56.2228,      0.0188,      0.0011,      0.0156,      0.1982,   7496.8188,-418590.6250,   -940.9716,    539.6738,  24989.3945,
       1,     166,     127,       6,       1,       3,       1,     10.0000,      1.3808,     42.3027,    243.3825,     61.2501,      3.4953,      0.0000,     -0.0306,      1.2563,      0.1282,      5.4664,     10.9328,      1.1325,     28.1114,     56.2228,      0.0188,      0.0010,      0.0156,      0.1982,   7496.8188,-417534.4062,   -940.8087,    539.7451,  24989.3945,
       1,     166,     127,       7,       1,       3,       1,     10.0000,      1.3808,     42.3027,    243.3825,     61.2501,      3.4953,      0.0000,     -0.0306,      1.2014,      0.1275,      5.4664,     10.9328,      1.1268,     28.1114,     56.2228,      0.0188,      0.0010,      0.0156,      0.1982,   7496.8188,-417265.5938,   -940.7872,    539.7631,  24989.3945,
       1,     166,     127,       8,       1,       3,       1,     10.0000,      1.3808,     42.3027,    243.3825,     61.2501,      3.4953,      0.0272,     -0.0036,      1.5961,      0.1313,      5.4664,     10.9328,      1.1605,     28.1114,     56.2228,      0.0188,      0.0010,      0.0201,      0.1982,   7496.8188,-417172.1250,   -940.7983,    539.7695,  24989.3945,
       1,     166,     127,       9,       1,       3,       1,     10.0000,      1.3808,     42.3027,    243.3825,     61.2501,      3.4953,      0.1337,      0.1028,      9.8963,      0.1368,      5.4664,     10.9328,      1.2085,     28.1114,     56.2228,      0.0188,      0.0007,      0.1759,      0.1982,   7496.8188,-417669.2812,   -940.9451,    539.7359,  24989.3945,
       1,     166,     127,      10,       1,       3,       1,     10.0000,      1.3808,     42.3027,    243.3825,     61.2501,      3.4953,      0.1804,      0.1491,     12.0668,      0.1462,      5.4664,     10.9328,      1.2917,     28.1114,     56.2228,      0.0188,      0.0006,      0.2446,      0.1982,   7496.8188,-428340.6250,   -943.1840,    539.0160,  24989.3945,
       1,     166,     127,      11,       1,       3,       1,     10.0000,      1.3808,     42.3027,    243.3825,     61.2501,      3.4953,      0.1788,      0.1468,     12.1194,      0.1662,      5.4664,     10.9328,      1.4686,     28.1114,     56.2228,      0.0188,      0.0006,      0.2423,      0.1982,   7496.8188,-432043.4062,   -944.1488,    538.7670,  24989.3926,
       1,     166,     127,      12,       1,       3,       1,     10.0000,      1.3808,     42.3027,    243.3825,     61.2501,      3.4953,      0.1838,      0.1516,     10.7778,      0.1719,      5.4664,     10.9328,      1.5193,     28.1114,     56.2228,      0.0188,      0.0005,      0.2500,      0.1982,   7496.8179,-432430.2500,   -944.4788,    538.7410,  24989.3926,
       1,     166,     127,      13,       1,       3,       1,     10.0000,      1.3808,     42.3027,    243.3825,     61.2501,      3.4953,      0.1839,      0.1525,     10.6247,      0.1501,      5.4664,     10.9328,      1.3260,     28.1114,     56.2228,      0.0188,      0.0005,      0.2500,      0.1982,   7496.8179,-430745.1562,   -944.4727,    538.8544,  24989.3926,
       1,     166,     127,      14,       1,       3,       1,     10.0000,      1.3808,     42.3027,    243.3825,     61.2501,      3.4953,      0.1843,      0.1531,     15.3616,      0.1446,      5.4664,     10.9328,      1.2775,     28.1114,     56.2228,      0.0188,      0.0008,      0.2500,      0.1982,   7496.8179,-430403.7812,   -944.6082,    538.8775,  24989.3926,
       1,     166,     127,      15,       1,       3,       1,     10.0000,      1.3808,     42.3027,    243.3825,     61.2501,      3.4953,      0.1851,      0.1540,     24.5157,      0.1417,      5.4664,     10.9328,      1.2520,     28.1114,     56.2228,      0.0188,      0.0012,      0.2500,      0.1982,   7496.8179,-436440.8438,   -946.0068,    538.4708,  24989.3926,
       1,     166,     127,      16,       1,       3,       1,     10.0000,      1.3808,     42.3027,    243.3825,     61.2501,      3.4953,      0.1799,      0.1485,     49.4756,      0.1484,      5.4664,     10.9328,      1.3114,     28.1114,     56.2228,      0.0188,      0.0026,      0.2394,      0.1982,   7496.8179,-448687.3125,   -948.6820,    537.6467,  24989.3906,
       1,     166,     127,      17,       1,       3,       1,     10.0000,      1.3808,     42.3027,    243.3825,     61.2501,      3.4953,      0.1555,      0.1235,     51.5075,      0.1642,      5.4664,     10.9328,      1.4511,     28.1114,     56.2228,      0.0188,      0.0032,      0.2031,      0.1982,   7496.8174,-481720.9375,   -955.6360,    535.4272,  24989.3887,
       1,     166,     127,      18,       1,       3,       1,     10.0000,      1.3808,     42.3027,    243.3825,     61.2501,      3.4953,      0.1326,      0.1000,     31.8114,      0.1873,      5.4664,     10.9328,      1.6548,     28.1114,     56.2228,      0.0188,      0.0023,      0.1714,      0.1981,   7496.8169,-487185.6250,   -957.1680,    535.0661,  24989.3867,
       1,     166,     127,      19,       1,       3,       1,     10.0000,      1.3808,     42.3027,    243.3825,     61.2501,      3.4953,      0.1213,      0.0887,     24.5749,      0.1871,      5.4664,     10.9328,      1.6532,     28.1114,     56.2228,      0.0188,      0.0020,      0.1554,      0.1981,   7496.8164,-462404.1250,   -952.5468,    536.7236,  24989.3848,
       1,     166,     127,      20,       1,       3,       1,     10.0000,      1.3808,     42.3027,    243.3825,     61.2501,      3.4953,      0.0308,     -0.0012,      1.9915,      0.1690,      5.4664,     10.9328,      1.4938,     28.1114,     56.2228,      0.0188,      0.0010,      0.0239,      0.1982,   7496.8159,-451006.2188,   -950.4946,    537.4909,  24989.3809,
       1,     166,     127,      21,       1,       3,       1,     10.0000,      1.3808,     42.3027,    243.3825,     61.2501,      3.4953,      0.0000,     -0.0316,      1.1922,      0.1557,      5.4664,     10.9328,      1.3761,     28.1114,     56.2228,      0.0188,      0.0010,      0.0156,      0.1982,   7496.8145,-421091.0938,   -944.5817,    539.5015,  24989.3789,
       1,     166,     127,      22,       1,       3,       1,     10.0000,      1.3808,     42.3027,    243.3825,     61.2501,      3.4953,      0.0000,     -0.0314,      2.6970,      0.1499,      5.4664,     10.9328,      1.3246,     28.1114,     56.2228,      0.0188,      0.0022,      0.0156,      0.1982,   7496.8140,-417497.3438,   -943.8784,    539.7475,  24989.3789,
       1,     166,     127,      23,       1,       3,       1,     10.0000,      1.3808,     42.3027,    243.3825,     61.2501,      3.4953,      0.0000,     -0.0314,      4.8016,      0.1495,      5.4664,     10.9328,      1.3206,     28.1114,     56.2228,      0.0188,      0.0039,      0.0156,      0.1982,   7496.8140,-419109.2188,   -944.2173,    539.6388,  24989.3789,
       1,     166,     127,      24,       1,       3,       1,     10.0000,      1.3808,     42.3027,    243.3825,     61.2501,      3.4953,      0.0000,     -0.0314,      4.3872,      0.1483,      5.4664,     10.9328,      1.3100,     28.1114,     56.2228,      0.0188,      0.0035,      0.0156,      0.1982,   7496.8140,-421943.4375,   -944.8111,    539.4476,  24989.3789,
       1,     166,     128,       1,       1,       3,       1,     10.0000,      1.3808,     42.3031,    243.3884,     61.2516,      3.4953,      0.0000,     -0.0315,      3.1750,      0.1511,      5.4664,     10.9328,      1.3353,     28.1192,     56.2384,      0.0188,      0.0025,      0.0156,      0.1982,   7496.8140,-421814.5312,   -945.1069,    539.4692,  24990.5137,
       1,     166,     128,       2,       1,       3,       1,     10.0000,      1.3808,     42.3031,    243.3884,     61.2516,      3.4953,      0.0000,     -0.0313,      2.2998,      0.1472,      5.4664,     10.9328,      1.3009,     28.1192,     56.2384,      0.0188,      0.0018,      0.0156,      0.1982,   7497.1543,-420096.4062,   -944.4954,    539.5850,  24990.5137,
       1,     166,     128,       3,       1,       3,       1,     10.0000,      1.3808,     42.3031,    243.3884,     61.2516,      3.4953,      0.0000,     -0.0311,      1.6530,      0.1405,      5.4664,     10.9328,      1.2419,     28.1192,     56.2384,      0.0188,      0.0013,      0.0156,      0.1982,   7497.1543,-418827.5938,   -944.2564,    539.6706,  24990.5137,
       1,     166,     128,       4,       1,       3,       1,     10.0000,      1.3808,     42.3031,    243.3884,     61.2516,      3.4953,      0.0000,     -0.0311,      1.4245,      0.1398,      5.4664,     10.9328,      1.2357,     28.1192,     56.2384,      0.0188,      0.0011,      0.0156,      0.1982,   7497.1543,-417889.8438,   -944.0798,    539.7339,  24990.5137,
       1,     166,     128,       5,       1,       3,       1,     10.0000,      1.3808,     42.3031,    243.3884,     61.2516,      3.4953,      0.0000,     -0.0310,      1.1518,      0.1387,      5.4664,     10.9328,      1.2257,     28.1192,     56.2384,      0.0188,      0.0009,      0.0156,      0.1982,   7497.1543,-417516.1875,   -944.0141,    539.7590,  24990.5137,
       1,     166,     128,       6,       1,       3,       1,     10.0000,      1.3808,     42.3031,    243.3884,     61.2516,      3.4953,      0.0000,     -0.0309,      1.3326,      0.1351,      5.4664,     10.9328,      1.1939,     28.1192,     56.2384,      0.0188,      0.0011,      0.0156,      0.1982,   7497.1543,-417134.9375,   -943.9442,    539.7849,  24990.5137,
       1,     166,     128,       7,       1,       3,       1,     10.0000,      1.3808,     42.3031,    243.3884,     61.2516,      3.4953,      0.0000,     -0.0308,      1.0224,      0.1329,      5.4664,     10.9328,      1.1747,     28.1192,     56.2384,      0.0188,      0.0008,      0.0156,      0.1982,   7497.1543,-417333.3750,   -943.9900,    539.7714,  24990.5137,
       1,     166,     128,       8,       1,       3,       1,     10.0000,      1.3808,     42.3031,    243.3884,     61.2516,      3.4953,      0.0176,     -0.0132,      0.2081,      0.1329,      5.4664,     10.9328,      1.1747,     28.1192,     56.2384,      0.0188,      0.0004,      0.0061,      0.1982,   7497.1543,-416953.4375,   -943.9207,    539.7971,  24990.5137,
       1,     166,     128,       9,       1,       3,       1,     10.0000,      1.3808,     42.3031,    243.3884,     61.2516,      3.4953,      0.0291,     -0.0019,      0.5311,      0.1361,      5.4664,     10.9328,      1.2024,     28.1192,     56.2384,      0.0188,      0.0003,      0.0228,      0.1982,   7497.1543,-415877.9375,   -943.7061,    539.8696,  24990.5137,
       1,     166,     128,      10,       1,       3,       1,     10.0000,      1.3808,     42.3031,    243.3884,     61.2516,      3.4953,      0.0355,      0.0036,      0.8161,      0.1647,      5.4664,     10.9328,      1.4555,     28.1192,     56.2384,      0.0188,      0.0003,      0.0311,      0.1982,   7497.1543,-416198.6562,   -943.7712,    539.8480,  24990.5137,
       1,     166,     128,      11,       1,       3,       1,     10.0000,      1.3808,     42.3031,    243.3884,     61.2516,      3.4953,      0.0894,      0.0567,      3.3379,      0.1865,      5.4664,     10.9328,      1.6483,     28.1192,     56.2384,      0.0188,      0.0004,      0.1104,      0.1982,   7497.1543,-416591.1875,   -943.8517,    539.8215,  24990.5137,
       1,     166,     128,      12,       1,       3,       1,     10.0000,      1.3808,     42.3031,    243.3884,     61.2516,      3.4953,      0.1405,      0.1078,      5.6769,      0.1878,      5.4664,     10.9328,      1.6598,     28.1192,     56.2384,      0.0188,      0.0004,      0.1862,      0.1982,   7497.1543,-419853.8438,   -944.5186,    539.6013,  24990.5137,
       1,     166,     128,      13,       1,       3,       1,     10.0000,      1.3808,     42.3031,    243.3884,     61.2516,      3.4953,      0.1834,      0.1506,      7.8960,      0.1937,      5.4664,     10.9328,      1.7115,     28.1192,     56.2384,      0.0188,      0.0004,      0.2500,      0.1982,   7497.1543,-423130.6250,   -945.1924,    539.3804,  24990.5137,
       1,     166,     128,      14,       1,       3,       1,     10.0000,      1.3808,     42.3031,    243.3884,     61.2516,      3.4953,      0.1835,      0.1519,      6.0985,      0.1546,      5.4664,     10.9328,      1.3665,     28.1192,     56.2384,      0.0188,      0.0003,      0.2500,      0.1982,   7497.1543,-426255.0000,   -945.9344,    539.1697,  24990.5137,
       1,     166,     128,      15,       1,       3,       1,     10.0000,      1.3808,     42.3031,    243.3884,     61.2516,      3.4953,      0.1858,      0.1544,     33.2929,      0.1480,      5.4664,     10.9328,      1.3074,     28.1192,     56.2384,      0.0188,      0.0017,      0.2500,      0.1982,   7497.1543,-424223.1562,   -928.0853,    539.3067,  24990.5469,
       1,     166,     128,      16,       1,       3,       1,     10.0000,      1.3808,     42.3031,    243.3884,     61.2516,      3.4953,      0.1745,      0.1423,     60.3386,      0.1730,      5.4664,     10.9328,      1.5284,     28.1192,     56.2384,      0.0188,      0.0033,      0.2304,      0.1982,   7497.1646,-458864.8750,   -922.5811,    536.9714,  24990.5469,
       1,     166,     128,      17,       1,       3,       1,     10.0000,      1.3808,     42.3031,    243.3884,     61.2516,      3.4953,      0.1482,      0.1159,     48.5771,      0.1757,      5.4664,     10.9328,      1.5530,     28.1192,     56.2384,      0.0188,      0.0032,      0.1927,      0.1982,   7497.1646,-496517.2188,   -929.0616,    534.4492,  24990.5469,
       1,     166,     128,      18,       1,       3,       1,     10.0000,      1.3808,     42.3031,    243.3884,     61.2516,      3.4953,      0.1665,      0.1340,     67.9490,      0.1840,      5.4664,     10.9328,      1.6256,     28.1192,     56.2384,      0.0188,      0.0039,      0.2177,      0.1981,   7497.1646,-484695.8438,   -928.2572,    535.2448,  24990.5488,
       1,     166,     128,      19,       1,       3,       1,     10.0000,      1.3808,     42.3031,    243.3884,     61.2516,      3.4953,      0.1278,      0.0952,     23.5953,      0.1831,      5.4664,     10.9328,      1.6175,     28.1192,     56.2384,      0.0188,      0.0018,      0.1652,      0.1982,   7497.1650,-508499.8125,   -934.1927,    533.6528,  24990.5469,
       1,     166,     128,      20,       1,       3,       1,     10.0000,      1.3808,     42.3031,    243.3884,     61.2516,      3.4953,      0.0100,     -0.0222,      0.6477,      0.1730,      5.4664,     10.9328,      1.5284,     28.1192,     56.2384,      0.0188,      0.0005,      0.0156,      0.1981,   7497.1646,-453689.9375,   -924.9974,    537.3114,  24990.5449,
       1,     166,     128,      21,       1,       3,       1,     10.0000,      1.3808,     42.3031,    243.3884,     61.2516,      3.4953,      0.0000,     -0.0318,      1.2779,      0.1610,      5.4664,     10.9328,      1.4224,     28.1192,     56.2384,      0.0188,      0.0010,      0.0156,      0.1982,   7497.1636,-419613.7188,   -918.8995,    539.6126,  24990.5430,
       1,     166,     128,      22,       1,       3,       1,     10.0000,      1.3808,     42.3031,    243.3884,     61.2516,      3.4953,      0.0000,     -0.0315,      2.3302,      0.1519,      5.4664,     10.9328,      1.3421,     28.1192,     56.2384,      0.0188,      0.0019,      0.0156,      0.1982,   7497.1631,-417480.3438,   -918.6089,    539.7615,  24990.5449,
       1,     166,     128,      23,       1,       3,       1,     10.0000,      1.3808,     42.3031,    243.3884,     61.2516,      3.4953,      0.0000,     -0.0313,      3.0496,      0.1475,      5.4664,     10.9328,      1.3035,     28.1192,     56.2384,      0.0188,      0.0024,      0.0156,      0.1982,   7497.1636,-418636.6875,   -918.9947,    539.6835,  24990.5449,
       1,     166,     128,      24,       1,       3,       1,     10.0000,      1.3808,     42.3031,    243.3884,     61.2516,      3.4953,      0.0000,     -0.0311,      3.2398,      0.1411,      5.4664,     10.9328,      1.2470,     28.1192,     56.2384,      0.0188,      0.0026,      0.0156,      0.1982,   7497.1636,-419657.7188,   -919.3940,    539.6146,  24990.5449,
       1,     166,     129,       1,       1,       3,       1,     10.0000,      1.3808,     42.3034,    243.3942,     61.2531,      3.4953,      0.0000,     -0.0313,      3.1538,      0.1455,      5.4675,     10.9350,      1.2853,     28.1172,     56.2344,      0.0188,      0.0025,      0.0156,      0.1982,   7497.1636,-420146.7812,   -919.9874,    539.5946,  24991.6797,
       1,     166,     129,       2,       1,       3,       1,     10.0000,      1.3808,     42.3034,    243.3942,     61.2531,      3.4953,      0.0000,     -0.0311,      2.2300,      0.1418,      5.4675,     10.9350,      1.2533,     28.1172,     56.2344,      0.0188,      0.0018,      0.0156,      0.1982,   7497.5044,-419923.9375,   -919.9434,    539.6096,  24991.6797,
       1,     166,     129,       3,       1,       3,       1,     10.0000,      1.3808,     42.3034,    243.3942,     61.2531,      3.4953,      0.0000,     -0.0310,      1.5547,      0.1387,      5.4675,     10.9350,      1.2257,     28.1172,     56.2344,      0.0188,      0.0012,      0.0156,      0.1982,   7497.5044,-418722.0312,   -919.8083,    539.6907,  24991.6797,
       1,     166,     129,       4,       1,       3,       1,     10.0000,      1.3808,     42.3034,    243.3942,     61.2531,      3.4953,      0.0000,     -0.0309,      1.2782,      0.1362,      5.4675,     10.9350,      1.2036,     28.1172,     56.2344,      0.0188,      0.0010,      0.0156,      0.1982,   7497.5044,-417753.8438,   -919.7133,    539.7560,  24991.6777,
       1,     166,     129,       5,       1,       3,       1,     10.0000,      1.3808,     42.3034,    243.3942,     61.2531,      3.4953,      0.0000,     -0.0308,      1.1084,      0.1329,      5.4675,     10.9350,      1.1747,     28.1172,     56.2344,      0.0188,      0.0009,      0.0156,      0.1982,   7497.5034,-417316.5312,   -919.6974,    539.7855,  24991.6797,
       1,     166,     129,       6,       1,       3,       1,     10.0000,      1.3808,     42.3034,    243.3942,     61.2531,      3.4953,      0.0000,     -0.0307,      1.3144,      0.1312,      5.4675,     10.9350,      1.1594,     28.1172,     56.2344,      0.0188,      0.0011,      0.0156,      0.1982,   7497.5044,-417061.0000,   -919.7069,    539.8027,  24991.6797,
       1,     166,     129,       7,       1,       3,       1,     10.0000,      1.3808,     42.3034,    243.3942,     61.2531,      3.4953,      0.0000,     -0.0308,      0.4804,      0.1317,      5.4675,     10.9350,      1.1641,     28.1172,     56.2344,      0.0188,      0.0004,      0.0156,      0.1982,   7497.5044,-417302.7500,   -919.7997,    539.7864,  24991.6797,
       1,     166,     129,       8,       1,       3,       1,     10.0000,      1.3808,     42.3034,    243.3942,     61.2531,      3.4953,      0.0049,     -0.0259,      0.3186,      0.1324,      5.4675,     10.9350,      1.1700,     28.1172,     56.2344,      0.0188,      0.0003,      0.0156,      0.1982,   7497.5044,-416255.8438,   -919.6218,    539.8571,  24991.6797,
       1,     166,     129,       9,       1,       3,       1,     10.0000,      1.3808,     42.3034,    243.3942,     61.2531,      3.4953,      0.0250,     -0.0059,      0.3515,      0.1350,      5.4675,     10.9350,      1.1927,     28.1172,     56.2344,      0.0188,      0.0003,      0.0168,      0.1982,   7497.5044,-415958.2188,   -919.5817,    539.8772,  24991.6797,
       1,     166,     129,      10,       1,       3,       1,     10.0000,      1.3808,     42.3034,    243.3942,     61.2531,      3.4953,      0.0436,      0.0117,      1.1072,      0.1616,      5.4675,     10.9350,      1.4282,     28.1172,     56.2344,      0.0188,      0.0003,      0.0431,      0.1982,   7497.5044,-415974.7500,   -919.6778,    539.8761,  24991.6777,
       1,     166,     129,      11,       1,       3,       1,     10.0000,      1.3808,     42.3034,    243.3942,     61.2531,      3.4953,      0.1303,      0.0974,      5.5328,      0.1977,      5.4675,     10.9350,      1.7474,     28.1172,     56.2344,      0.0188,      0.0004,      0.1710,      0.1982,   7497.5034,-416943.8750,   -919.9556,    539.8107,  24991.6777,
       1,     166,     129,      12,       1,       3,       1,     10.0000,      1.3808,     42.3034,    243.3942,     61.2531,      3.4953,      0.1317,      0.0980,      6.4033,      0.2225,      5.4675,     10.9350,      1.9662,     28.1172,     56.2344,      0.0188,      0.0005,      0.1728,      0.1982,   7497.5034,-422693.0312,   -921.3477,    539.4227,  24991.6777,
       1,     166,     129,      13,       1,       3,       1,     10.0000,      1.3808,     42.3034,    243.3942,     61.2531,      3.4953,      0.1402,      0.1062,      7.3855,      0.2369,      5.4675,     10.9350,      2.0931,     28.1172,     56.2344,      0.0188,      0.0005,      0.1855,      0.1982,   7497.5034,-424304.5625,   -922.0511,    539.3141,  24991.6777,
       1,     166,     129,      14,       1,       3,       1,     10.0000,      1.3808,     42.3034,    243.3942,     61.2531,      3.4953,      0.0562,      0.0220,      2.4541,      0.2437,      5.4675,     10.9350,      2.1531,     28.1172,     56.2344,      0.0188,      0.0005,      0.0597,      0.1982,   7497.5034,-425701.2188,   -922.7000,    539.2201,  24991.6777,
       1,     166,     129,      15,       1,       3,       1,     10.0000,      1.3808,     42.3034,    243.3942,     61.2531,      3.4953,      0.1185,      0.0842,     24.7443,      0.2489,      5.4675,     10.9350,      2.1996,     28.1172,     56.2344,      0.0188,      0.0021,      0.1508,      0.1982,   7497.5034,-419507.8125,   -921.6725,    539.6375,  24991.6777,
       1,     166,     129,      16,       1,       3,       1,     10.0000,      1.3808,     42.3034,    243.3942,     61.2531,      3.4953,      0.0491,      0.0146,     20.4351,      0.2521,      5.4675,     10.9350,      2.2276,     28.1172,     56.2344,      0.0188,      0.0055,      0.0465,      0.1982,   7497.5034,-447509.7500,   -927.3000,    537.7488,  24991.6777,
       1,     166,     129,      17,       1,       3,       1,     10.0000,      1.3808,     42.3034,    243.3942,     61.2531,      3.4953,      0.0989,      0.0647,     68.0113,      0.2439,      5.4675,     10.9350,      2.1552,     28.1172,     56.2344,      0.0188,      0.0073,      0.1162,      0.1982,   7497.5034,-444417.1875,   -927.4014,    537.9600,  24991.6777,
       1,     166,     129,      18,       1,       3,       1,     10.0000,      1.3808,     42.3034,    243.3942,     61.2531,      3.4953,      0.0706,      0.0371,     46.8753,      0.2150,      5.4675,     10.9350,      1.8999,     28.1172,     56.2344,      0.0188,      0.0077,      0.0766,      0.1982,   7497.5034,-505076.0625,   -939.6725,    533.8810,  24991.6777,
       1,     166,     129,      19,       1,       3,       1,     10.0000,      1.3808,     42.3034,    243.3942,     61.2531,      3.4953,      0.0325,     -0.0001,     13.9661,      0.1869,      5.4675,     10.9350,      1.6516,     28.1172,     56.2344,      0.0188,      0.0072,      0.0244,      0.1982,   7497.5034,-483256.0000,   -936.5972,    535.3527,  24991.6777,
       1,     166,     129,      20,       1,       3,       1,     10.0000,      1.3808,     42.3034,    243.3942,     61.2531,      3.4953,      0.0128,     -0.0189,      8.6394,      0.1597,      5.4675,     10.9350,      1.4111,     28.1172,     56.2344,      0.0188,      0.0069,      0.0156,      0.1982,   7497.5034,-439194.7500,   -929.0100,    538.3032,  24991.6797,
       1,     166,     129,      21,       1,       3,       1,     10.0000,      1.3808,     42.3034,    243.3942,     61.2531,      3.4953,      0.0000,     -0.0315,      8.7501,      0.1526,      5.4675,     10.9350,      1.3489,     28.1172,     56.2344,      0.0188,      0.0070,      0.0156,      0.1982,   7497.5044,-428600.7188,   -927.4348,    539.0242,  24991.6777,
       1,     166,     129,      22,       1,       3,       1,     10.0000,      1.3808,     42.3034,    243.3942,     61.2531,      3.4953,      0.0000,     -0.0316,      8.9230,      0.1559,      5.4675,     10.9350,      1.3776,     28.1172,     56.2344,      0.0188,      0.0072,      0.0156,      0.1982,   7497.5034,-427819.7188,   -927.6947,    539.0772,  24991.6777,
       1,     166,     129,      23,       1,       3,       1,     10.0000,      1.3808,     42.3034,    243.3942,     61.2531,      3.4953,      0.0000,     -0.0311,      7.3534,      0.1417,      5.4675,     10.9350,      1.2520,     28.1172,     56.2344,      0.0188,      0.0059,      0.0156,      0.1982,   7497.5034,-427973.2188,   -928.0589,    539.0670,  24991.6777,
       1,     166,     129,      24,       1,       3,       1,     10.0000,      1.3808,     42.3034,    243.3942,     61.2531,      3.4953,      0.0000,     -0.0308,      6.4456,      0.1317,      5.4675,     10.9350,      1.1641,     28.1172,     56.2344,      0.0188,      0.0052,      0.0156,      0.1982,   7497.5034,-425976.6562,   -927.9050,    539.2015,  24991.6777,
       1,     166,     130,       1,       1,       3,       1,     10.0000,      1.3809,     42.3038,    243.4000,     61.2546,      3.4953,      0.0000,     -0.0305,      4.1595,      0.1256,      5.4686,     10.9373,      1.1098,     28.1007,     56.2014,      0.0188,      0.0033,      0.0156,      0.1983,   7497.5034,-424798.8438,   -928.1299,    539.2939,  24992.8105,
       1,     166,     130,       2,       1,       3,       1,     10.0000,      1.3809,     42.3038,    243.4000,     61.2546,      3.4953,      0.0000,     -0.0304,      3.5150,      0.1233,      5.4686,     10.9373,      1.0897,     28.1007,     56.2014,      0.0188,      0.0028,      0.0156,      0.1983,   7497.8433,-421616.0000,   -927.3649,    539.5085,  24992.8086,
       1,     166,     130,       3,       1,       3,       1,     10.0000,      1.3809,     42.3038,    243.4000,     61.2546,      3.4953,      0.0000,     -0.0304,      2.6890,      0.1226,      5.4686,     10.9373,      1.0830,     28.1007,     56.2014,      0.0188,      0.0022,      0.0156,      0.1983,   7497.8428,-420516.4062,   -927.2420,    539.5826,  24992.8105,
       1,     166,     130,       4,       1,       3,       1,     10.0000,      1.3809,     42.3038,    243.4000,     61.2546,      3.4953,      0.0000,     -0.0303,      1.7182,      0.1210,      5.4686,     10.9373,      1.0688,     28.1007,     56.2014,      0.0188,      0.0014,      0.0156,      0.1983,   7497.8433,-419364.0312,   -927.0989,    539.6604,  24992.8105,
       1,     166,     130,       5,       1,       3,       1,     10.0000,      1.3809,     42.3038,    243.4000,     61.2546,      3.4953,      0.0000,     -0.0303,      1.1526,      0.1205,      5.4686,     10.9373,      1.0644,     28.1007,     56.2014,      0.0188,      0.0009,      0.0156,      0.1983,   7497.8433,-418021.8125,   -926.8869,    539.7510,  24992.8105,
       1,     166,     130,       6,       1,       3,       1,     10.0000,      1.3809,     42.3038,    243.4000,     61.2546,      3.4953,      0.0000,     -0.0302,      1.2058,      0.1179,      5.4686,     10.9373,      1.0418,     28.1007,     56.2014,      0.0188,      0.0010,      0.0156,      0.1983,   7497.8433,-417181.8750,   -926.7603,    539.8076,  24992.8105,
       1,     166,     130,       7,       1,       3,       1,     10.0000,      1.3809,     42.3038,    243.4000,     61.2546,      3.4953,      0.0000,     -0.0302,      1.0392,      0.1166,      5.4686,     10.9373,      1.0302,     28.1007,     56.2014,      0.0188,      0.0008,      0.0156,      0.1983,   7497.8433,-417177.4688,   -926.7875,    539.8080,  24992.8105,
       1,     166,     130,       8,       1,       3,       1,     10.0000,      1.3809,     42.3038,    243.4000,     61.2546,      3.4953,      0.0058,     -0.0245,      0.8189,      0.1205,      5.4686,     10.9373,      1.0644,     28.1007,     56.2014,      0.0188,      0.0007,      0.0156,      0.1983,   7497.8433,-416963.7812,   -926.7750,    539.8223,  24992.8105,
       1,     166,     130,       9,       1,       3,       1,     10.0000,      1.3809,     42.3038,    243.4000,     61.2546,      3.4953,      0.0857,      0.0549,      4.3206,      0.1323,      5.4686,     10.9373,      1.1688,     28.1007,     56.2014,      0.0188,      0.0005,      0.1059,      0.1983,   7497.8433,-416663.4375,   -926.7410,    539.8427,  24992.8105,
       1,     166,     130,      10,       1,       3,       1,     10.0000,      1.3809,     42.3038,    243.4000,     61.2546,      3.4953,      0.1568,      0.1248,      7.8700,      0.1662,      5.4686,     10.9373,      1.4687,     28.1007,     56.2014,      0.0188,      0.0005,      0.2102,      0.1983,   7497.8433,-421119.5000,   -927.6577,    539.5419,  24992.8125,
       1,     166,     130,      11,       1,       3,       1,     10.0000,      1.3809,     42.3038,    243.4000,     61.2546,      3.4953,      0.1629,      0.1302,      8.5810,      0.1877,      5.4686,     10.9373,      1.6582,     28.1007,     56.2014,      0.0188,      0.0005,      0.2193,      0.1983,   7497.8442,-426047.8438,   -928.7996,    539.2096,  24992.8125,
       1,     166,     130,      12,       1,       3,       1,     10.0000,      1.3809,     42.3038,    243.4000,     61.2546,      3.4953,      0.1459,      0.1123,      7.5656,      0.2173,      5.4686,     10.9373,      1.9205,     28.1007,     56.2014,      0.0188,      0.0005,      0.1940,      0.1983,   7497.8442,-427383.7812,   -929.2458,    539.1197,  24992.8105,
       1,     166,     130,      13,       1,       3,       1,     10.0000,      1.3809,     42.3038,    243.4000,     61.2546,      3.4953,      0.1812,      0.1469,     10.1526,      0.2437,      5.4686,     10.9373,      2.1531,     28.1007,     56.2014,      0.0188,      0.0005,      0.2468,      0.1983,   7497.8433,-426199.4062,   -929.1940,    539.1995,  24992.8105,
       1,     166,     130,      14,       1,       3,       1,     10.0000,      1.3809,     42.3038,    243.4000,     61.2546,      3.4953,      0.1837,      0.1495,     14.8727,      0.2406,      5.4686,     10.9373,      2.1260,     28.1007,     56.2014,      0.0188,      0.0007,      0.2500,      0.1983,   7497.8433,-429409.0312,   -930.0608,    538.9832,  24992.8105,
       1,     166,     130,      15,       1,       3,       1,     10.0000,      1.3809,     42.3038,    243.4000,     61.2546,      3.4953,      0.1711,      0.1364,     72.3492,      0.2654,      5.4686,     10.9373,      2.3451,     28.1007,     56.2014,      0.0188,      0.0040,      0.2246,      0.1983,   7497.8433,-435729.0625,   -931.5449,    538.5574,  24992.8105,
       1,     166,     130,      16,       1,       3,       1,     10.0000,      1.3809,     42.3038,    243.4000,     61.2546,      3.4953,      0.1371,      0.1026,     78.1816,      0.2543,      5.4686,     10.9373,      2.2472,     28.1007,     56.2014,      0.0188,      0.0057,      0.1725,      0.1983,   7497.8433,-509864.8750,   -946.1080,    533.5668,  24992.8105,
       1,     166,     130,      17,       1,       3,       1,     10.0000,      1.3809,     42.3038,    243.4000,     61.2546,      3.4953,      0.0110,     -0.0226,      9.4815,      0.2223,      5.4686,     10.9373,      1.9643,     28.1007,     56.2014,      0.0188,      0.0076,      0.0156,      0.1982,   7497.8433,-523799.6562,   -949.2898,    532.6605,  24992.8086,
       1,     166,     130,      18,       1,       3,       1,     10.0000,      1.3809,     42.3038,    243.4000,     61.2546,      3.4953,      0.0209,     -0.0118,      5.4617,      0.1891,      5.4686,     10.9373,      1.6714,     28.1007,     56.2014,      0.0188,      0.0085,      0.0080,      0.1982,   7497.8428,-436891.0312,   -932.8898,    538.4478,  24992.8066,
       1,     166,     130,      19,       1,       3,       1,     10.0000,      1.3809,     42.3038,    243.4000,     61.2546,      3.4953,      0.0289,     -0.0036,     12.8680,      0.1831,      5.4686,     10.9373,      1.6176,     28.1007,     56.2014,      0.0188,      0.0084,      0.0193,      0.1983,   7497.8423,-424366.0625,   -930.5448,    539.3224,  24992.8066,
       1,     166,     130,      20,       1,       3,       1,     10.0000,      1.3809,     42.3038,    243.4000,     61.2546,      3.4953,      0.0038,     -0.0281,     10.4626,      0.1624,      5.4686,     10.9373,      1.4354,     28.1007,     56.2014,      0.0188,      0.0084,      0.0156,      0.1983,   7497.8423,-432728.0000,   -932.1989,    538.7594,  24992.8066,
       1,     166,     130,      21,       1,       3,       1,     10.0000,      1.3809,     42.3038,    243.4000,     61.2546,      3.4953,      0.0000,     -0.0315,      9.0985,      0.1522,      5.4686,     10.9373,      1.3448,     28.1007,     56.2014,      0.0188,      0.0073,      0.0156,      0.1983,   7497.8423,-430370.1562,   -931.7762,    538.9185,  24992.8066,
       1,     166,     130,      22,       1,       3,       1,     10.0000,      1.3809,     42.3038,    243.4000,     61.2546,      3.4953,      0.0000,     -0.0311,      7.4571,      0.1420,      5.4686,     10.9373,      1.2546,     28.1007,     56.2014,      0.0188,      0.0060,      0.0156,      0.1983,   7497.8423,-428419.9688,   -931.4141,    539.0499,  24992.8066,
       1,     166,     130,      23,       1,       3,       1,     10.0000,      1.3809,     42.3038,    243.4000,     61.2546,      3.4953,      0.0000,     -0.0307,      5.9372,      0.1309,      5.4686,     10.9373,      1.1570,     28.1007,     56.2014,      0.0188,      0.0048,      0.0156,      0.1983,   7497.8423,-426150.3125,   -930.9863,    539.2028,  24992.8066,
       1,     166,     130,      24,       1,       3,       1,     10.0000,      1.3809,     42.3038,    243.4000,     61.2546,      3.4953,      0.0000,     -0.0307,      4.7075,      0.1308,      5.4686,     10.9373,      1.1559,     28.1007,     56.2014,      0.0188,      0.0038,      0.0156,      0.1983,   7497.8423,-424008.8438,   -930.5729,    539.3472,  24992.8086,
       1,     166,     131,       1,       1,       3,       1,     10.0000,      1.3809,     42.3041,    243.4058,     61.2560,      3.4953,      0.0000,     -0.0308,      3.2262,      0.1327,      5.4683,     10.9365,      1.1724,     28.0937,     56.1874,      0.0188,      0.0026,      0.0156,      0.1983,   7497.8428,-422406.4688,   -930.5530,    539.4682,  24993.9414,
       1,     166,     131,       2,       1,       3,       1,     10.0000,      1.3809,     42.3041,    243.4058,     61.2560,      3.4953,      0.0000,     -0.0309,      2.3134,      0.1357,      5.4683,     10.9365,      1.1988,     28.0937,     56.1874,      0.0188,      0.0019,      0.0156,      0.1983,   7498.1826,-420217.6875,   -929.8678,    539.6158,  24993.9414,
       1,     166,     131,       3,       1,       3,       1,     10.0000,      1.3809,     42.3041,    243.4058,     61.2560,      3.4953,      0.0000,     -0.0308,      1.8614,      0.1334,      5.4683,     10.9365,      1.1784,     28.0937,     56.1874,      0.0188,      0.0015,      0.0156,      0.1983,   7498.1826,-418860.5000,   -929.6097,    539.7075,  24993.9414,
       1,     166,     131,       4,       1,       3,       1,     10.0000,      1.3809,     42.3041,    243.4058,     61.2560,      3.4953,      0.0000,     -0.0306,      1.9057,      0.1284,      5.4683,     10.9365,      1.1350,     28.0937,     56.1874,      0.0188,      0.0015,      0.0156,      0.1983,   7498.1826,-418164.6250,   -929.4791,    539.7543,  24993.9414,
       1,     166,     131,       5,       1,       3,       1,     10.0000,      1.3809,     42.3041,    243.4058,     61.2560,      3.4953,      0.0000,     -0.0305,      1.5450,      0.1248,      5.4683,     10.9365,      1.1031,     28.0937,     56.1874,      0.0188,      0.0012,      0.0156,      0.1983,   7498.1826,-418161.2812,   -929.4779,    539.7545,  24993.9414,
       1,     166,     131,       6,       1,       3,       1,     10.0000,      1.3809,     42.3041,    243.4058,     61.2560,      3.4953,      0.0000,     -0.0304,      0.8954,      0.1217,      5.4683,     10.9365,      1.0754,     28.0937,     56.1874,      0.0188,      0.0007,      0.0156,      0.1983,   7498.1826,-417699.5312,   -929.3884,    539.7858,  24993.9414,
       1,     166,     131,       7,       1,       3,       1,     10.0000,      1.3809,     42.3041,    243.4058,     61.2560,      3.4953,      0.0000,     -0.0302,      0.7846,      0.1188,      5.4683,     10.9365,      1.0493,     28.0937,     56.1874,      0.0188,      0.0006,      0.0156,      0.1983,   7498.1826,-416828.0938,   -929.2218,    539.8445,  24993.9414,
       1,     166,     131,       8,       1,       3,       1,     10.0000,      1.3809,     42.3041,    243.4058,     61.2560,      3.4953,      0.0225,     -0.0079,      0.5565,      0.1226,      5.4683,     10.9365,      1.0831,     28.0937,     56.1874,      0.0188,      0.0005,      0.0137,      0.1983,   7498.1826,-416610.9688,   -929.1807,    539.8592,  24993.9414,
       1,     166,     131,       9,       1,       3,       1,     10.0000,      1.3809,     42.3041,    243.4058,     61.2560,      3.4953,      0.0648,      0.0341,      2.8886,      0.1319,      5.4683,     10.9365,      1.1653,     28.0937,     56.1874,      0.0188,      0.0005,      0.0753,      0.1983,   7498.1826,-416300.3125,   -929.1177,    539.8802,  24993.9395,
       1,     166,     131,      10,       1,       3,       1,     10.0000,      1.3809,     42.3041,    243.4058,     61.2560,      3.4953,      0.0801,      0.0478,      3.6050,      0.1754,      5.4683,     10.9365,      1.5500,     28.0937,     56.1874,      0.0188,      0.0005,      0.0967,      0.1983,   7498.1821,-419258.3438,   -929.6853,    539.6805,  24993.9414,
       1,     166,     131,      11,       1,       3,       1,     10.0000,      1.3809,     42.3041,    243.4058,     61.2560,      3.4953,      0.1455,      0.1129,      8.4967,      0.1860,      5.4683,     10.9365,      1.6435,     28.0937,     56.1874,      0.0188,      0.0006,      0.1933,      0.1983,   7498.1826,-420430.6875,   -929.9084,    539.6015,  24993.9434,
       1,     166,     131,      12,       1,       3,       1,     10.0000,      1.3809,     42.3041,    243.4058,     61.2560,      3.4953,      0.1776,      0.1442,     14.0056,      0.2133,      5.4683,     10.9365,      1.8851,     28.0937,     56.1874,      0.0188,      0.0007,      0.2408,      0.1983,   7498.1831,-426792.5938,   -931.1246,    539.1724,  24993.9375,
       1,     166,     131,      13,       1,       3,       1,     10.0000,      1.3809,     42.3041,    243.4058,     61.2560,      3.4953,      0.1833,      0.1492,     10.7740,      0.2423,      5.4683,     10.9365,      2.1406,     28.0937,     56.1874,      0.0188,      0.0005,      0.2500,      0.1983,   7498.1816,-434394.7188,   -932.5815,    538.6602,  24993.9395,
       1,     166,     131,      14,       1,       3,       1,     10.0000,      1.3809,     42.3041,    243.4058,     61.2560,      3.4953,      0.1838,      0.1501,     15.6402,      0.2265,      5.4683,     10.9365,      2.0012,     28.0937,     56.1874,      0.0188,      0.0008,      0.2500,      0.1983,   7498.1821,-430913.8125,   -931.7909,    538.8948,  24993.9395,
       1,     166,     131,      15,       1,       3,       1,     10.0000,      1.3809,     42.3041,    243.4058,     61.2560,      3.4953,      0.1880,      0.1558,     64.3803,      0.1742,      5.4683,     10.9365,      1.5392,     28.0937,     56.1874,      0.0188,      0.0032,      0.2500,      0.1983,   7498.1821,-436842.5625,   -932.8206,    538.4955,  24993.9395,
       1,     166,     131,      16,       1,       3,       1,     10.0000,      1.3809,     42.3041,    243.4058,     61.2560,      3.4953,      0.1168,      0.0835,     53.7403,      0.2098,      5.4683,     10.9365,      1.8539,     28.0937,     56.1874,      0.0188,      0.0046,      0.1451,      0.1983,   7498.1821,-499752.5000,   -945.7827,    534.2610,  24993.9395,
       1,     166,     131,      17,       1,       3,       1,     10.0000,      1.3809,     42.3041,    243.4058,     61.2560,      3.4953,      0.0906,      0.0586,     53.1494,      0.1679,      5.4683,     10.9365,      1.4835,     28.0937,     56.1874,      0.0188,      0.0062,      0.1067,      0.1982,   7498.1821,-491589.1562,   -944.4622,    534.8229,  24993.9395,
       1,     166,     131,      18,       1,       3,       1,     10.0000,      1.3809,     42.3041,    243.4058,     61.2560,      3.4953,      0.1055,      0.0752,     65.0284,      0.1190,      5.4683,     10.9365,      1.0515,     28.0937,     56.1874,      0.0188,      0.0064,      0.1282,      0.1982,   7498.1821,-490109.3750,   -926.4976,    534.9221,  24993.9512,
       1,     166,     131,      19,       1,       3,       1,     10.0000,      1.3809,     42.3041,    243.4058,     61.2560,      3.4953,      0.0821,      0.0520,     43.7076,      0.1148,      5.4683,     10.9365,      1.0145,     28.0937,     56.1874,      0.0188,      0.0057,      0.0964,      0.1982,   7498.1855,-505200.4375,   -929.3600,    533.9130,  24993.9531,
       1,     166,     131,      20,       1,       3,       1,     10.0000,      1.3809,     42.3041,    243.4058,     61.2560,      3.4953,      0.0192,     -0.0108,      1.9536,      0.1140,      5.4683,     10.9365,      1.0073,     28.0937,     56.1874,      0.0188,      0.0026,      0.0093,      0.1982,   7498.1860,-479177.5938,   -926.1445,    535.6507,  24993.9512,
       1,     166,     131,      21,       1,       3,       1,     10.0000,      1.3809,     42.3041,    243.4058,     61.2560,      3.4953,      0.0000,     -0.0300,      5.1772,      0.1135,      5.4683,     10.9365,      1.0032,     28.0937,     56.1874,      0.0188,      0.0042,      0.0156,      0.1982,   7498.1855,-423459.1875,   -916.5896,    539.3842,  24993.9512,
       1,     166,     131,      22,       1,       3,       1,     10.0000,      1.3809,     42.3041,    243.4058,     61.2560,      3.4953,      0.0000,     -0.0302,      3.5808,      0.1166,      5.4683,     10.9365,      1.0302,     28.0937,     56.1874,      0.0188,      0.0029,      0.0156,      0.1983,   7498.1855,-422821.3125,   -916.7706,    539.4403,  24993.9492,
       1,     166,     131,      23,       1,       3,       1,     10.0000,      1.3809,     42.3041,    243.4058,     61.2560,      3.4953,      0.0000,     -0.0303,      0.7962,      0.1201,      5.4683,     10.9365,      1.0612,     28.0937,     56.1874,      0.0188,      0.0006,      0.0156,      0.1983,   7498.1851,-420706.2500,   -916.7578,    539.5828,  24993.9512,
       1,     166,     131,      24,       1,       3,       1,     10.0000,      1.3809,     42.3041,    243.4058,     61.2560,      3.4953,      0.0000,     -0.0302,      1.1767,      0.1186,      5.4683,     10.9365,      1.0483,     28.0937,     56.1874,      0.0188,      0.0009,      0.0156,      0.1983,   7498.1855,-416959.6562,   -916.1485,    539.8356,  24993.9492,
       1,     166,     132,       1,       1,       3,       1,     10.0000,      1.3809,     42.3044,    243.4116,     61.2575,      3.4953,      0.0000,     -0.0301,      1.1013,      0.1164,      5.4675,     10.9350,      1.0281,     28.0912,     56.1823,      0.0188,      0.0009,      0.0156,      0.1983,   7498.1851,-417280.8750,   -916.5708,    539.8268,  24995.0879,
       1,     166,     132,       2,       1,       3,       1,     10.0000,      1.3809,     42.3044,    243.4116,     61.2575,      3.4953,      0.0000,     -0.0302,      0.8542,      0.1168,      5.4675,     10.9350,      1.0324,     28.0912,     56.1823,      0.0188,      0.0007,      0.0156,      0.1983,   7498.5269,-417057.0938,   -916.3661,    539.8419,  24995.0859,
       1,     166,     132,       3,       1,       3,       1,     10.0000,      1.3809,     42.3044,    243.4116,     61.2575,      3.4953,      0.0000,     -0.0302,      0.5435,      0.1177,      5.4675,     10.9350,      1.0398,     28.0912,     56.1823,      0.0188,      0.0004,      0.0156,      0.1983,   7498.5259,-416721.8125,   -916.3608,    539.8645,  24995.0859,
       1,     166,     132,       4,       1,       3,       1,     10.0000,      1.3809,     42.3044,    243.4116,     61.2575,      3.4953,      0.0000,     -0.0303,      0.3728,      0.1208,      5.4675,     10.9350,      1.0677,     28.0912,     56.1823,      0.0188,      0.0003,      0.0156,      0.1983,   7498.5259,-416295.3125,   -916.3007,    539.8933,  24995.0859,
       1,     166,     132,       5,       1,       3,       1,     10.0000,      1.3809,     42.3044,    243.4116,     61.2575,      3.4953,      0.0000,     -0.0302,      0.2843,      0.1182,      5.4675,     10.9350,      1.0440,     28.0912,     56.1823,      0.0188,      0.0002,      0.0156,      0.1983,   7498.5259,-416040.0312,   -916.2614,    539.9105,  24995.0859,
       1,     166,     132,       6,       1,       3,       1,     10.0000,      1.3809,     42.3044,    243.4116,     61.2575,      3.4953,      0.0000,     -0.0302,      0.2839,      0.1180,      5.4675,     10.9350,      1.0430,     28.0912,     56.1823,      0.0188,      0.0002,      0.0156,      0.1983,   7498.5259,-415904.6562,   -916.2391,    539.9196,  24995.0859,
       1,     166,     132,       7,       1,       3,       1,     10.0000,      1.3809,     42.3044,    243.4116,     61.2575,      3.4953,      0.0000,     -0.0303,      0.2853,      0.1202,      5.4675,     10.9350,      1.0623,     28.0912,     56.1823,      0.0188,      0.0002,      0.0156,      0.1983,   7498.5259,-415892.5938,   -916.2388,    539.9205,  24995.0859,
       1,     166,     132,       8,       1,       3,       1,     10.0000,      1.3809,     42.3044,    243.4116,     61.2575,      3.4953,      0.0208,     -0.0095,      0.2081,      0.1201,      5.4675,     10.9350,      1.0612,     28.0912,     56.1823,      0.0188,      0.0002,      0.0114,      0.1983,   7498.5259,-415893.2500,   -916.2404,    539.9205,  24995.0859,
       1,     166,     132,       9,       1,       3,       1,     10.0000,      1.3809,     42.3044,    243.4116,     61.2575,      3.4953,      0.0997,      0.0691,      2.4893,      0.1279,      5.4675,     10.9350,      1.1304,     28.0912,     56.1823,      0.0188,      0.0002,      0.1268,      0.1983,   7498.5259,-415794.4688,   -916.2706,    539.9271,  24995.0859,
       1,     166,     132,      10,       1,       3,       1,     10.0000,      1.3809,     42.3044,    243.4116,     61.2575,      3.4953,      0.1616,      0.1303,      5.0709,      0.1486,      5.4675,     10.9350,      1.3128,     28.0912,     56.1823,      0.0188,      0.0003,      0.2177,      0.1983,   7498.5259,-418705.1562,   -917.1037,    539.7307,  24995.0859,
       1,     166,     132,      11,       1,       3,       1,     10.0000,      1.3809,     42.3044,    243.4116,     61.2575,      3.4953,      0.1680,      0.1358,      6.3801,      0.1749,      5.4675,     10.9350,      1.5454,     28.0912,     56.1823,      0.0188,      0.0004,      0.2271,      0.1983,   7498.5259,-422260.5000,   -918.6376,    539.4908,  24995.0859,
       1,     166,     132,      12,       1,       3,       1,     10.0000,      1.3809,     42.3044,    243.4116,     61.2575,      3.4953,      0.1796,      0.1463,      8.4138,      0.2088,      5.4675,     10.9350,      1.8448,     28.0912,     56.1823,      0.0188,      0.0004,      0.2444,      0.1983,   7498.5259,-424243.0625,   -919.7244,    539.3572,  24995.0879,
       1,     166,     132,      13,       1,       3,       1,     10.0000,      1.3809,     42.3044,    243.4116,     61.2575,      3.4953,      0.1833,      0.1494,      9.7330,      0.2323,      5.4675,     10.9350,      2.0528,     28.0912,     56.1823,      0.0188,      0.0005,      0.2500,      0.1983,   7498.5269,-427016.4688,   -921.1335,    539.1702,  24995.0859,
       1,     166,     132,      14,       1,       3,       1,     10.0000,      1.3809,     42.3044,    243.4116,     61.2575,      3.4953,      0.1833,      0.1494,      9.7989,      0.2337,      5.4675,     10.9350,      2.0649,     28.0912,     56.1823,      0.0188,      0.0005,      0.2500,      0.1983,   7498.5259,-428944.7188,   -922.8852,    539.0403,  24995.0859,
       1,     166,     132,      15,       1,       3,       1,     10.0000,      1.3809,     42.3044,    243.4116,     61.2575,      3.4953,      0.1850,      0.1520,     28.8365,      0.2017,      5.4675,     10.9350,      1.7823,     28.0912,     56.1823,      0.0188,      0.0014,      0.2500,      0.1983,   7498.5259,-429195.6250,   -923.7975,    539.0235,  24995.0859,
       1,     166,     132,      16,       1,       3,       1,     10.0000,      1.3809,     42.3044,    243.4116,     61.2575,      3.4953,      0.1304,      0.0972,     49.4061,      0.2045,      5.4675,     10.9350,      1.8071,     28.0912,     56.1823,      0.0188,      0.0037,      0.1659,      0.1983,   7498.5259,-453583.5625,   -929.2518,    537.3801,  24995.0840,
       1,     166,     132,      17,       1,       3,       1,     10.0000,      1.3809,     42.3044,    243.4116,     61.2575,      3.4953,      0.0301,     -0.0026,     11.6367,      0.1888,      5.4675,     10.9350,      1.6682,     28.0912,     56.1823,      0.0188,      0.0070,      0.0210,      0.1983,   7498.5254,-482031.8438,   -935.1149,    535.4718,  24995.0859,
       1,     166,     132,      18,       1,       3,       1,     10.0000,      1.3809,     42.3044,    243.4116,     61.2575,      3.4953,      0.0447,      0.0124,     27.3049,      0.1779,      5.4675,     10.9350,      1.5718,     28.0912,     56.1823,      0.0188,      0.0083,      0.0413,      0.1983,   7498.5259,-436108.7188,   -927.1295,    538.5490,  24995.0820,
       1,     166,     132,      19,       1,       3,       1,     10.0000,      1.3809,     42.3044,    243.4116,     61.2575,      3.4953,      0.0586,      0.0263,     36.5245,      0.1749,      5.4675,     10.9350,      1.5454,     28.0912,     56.1823,      0.0188,      0.0075,      0.0609,      0.1983,   7498.5249,-452233.5938,   -930.6968,    537.4723,  24995.0840,
       1,     166,     132,      20,       1,       3,       1,     10.0000,      1.3809,     42.3044,    243.4116,     61.2575,      3.4953,      0.0122,     -0.0196,      6.7909,      0.1624,      5.4675,     10.9350,      1.4354,     28.0912,     56.1823,      0.0188,      0.0055,      0.0156,      0.1983,   7498.5254,-465419.9375,   -933.6761,    536.5874,  24995.0840,
       1,     166,     132,      21,       1,       3,       1,     10.0000,      1.3809,     42.3044,    243.4116,     61.2575,      3.4953,      0.0000,     -0.0313,      6.5165,      0.1480,      5.4675,     10.9350,      1.3076,     28.0912,     56.1823,      0.0188,      0.0052,      0.0156,      0.1983,   7498.5254,-428479.9062,   -927.0261,    539.0659,  24995.0840,
       1,     166,     132,      22,       1,       3,       1,     10.0000,      1.3809,     42.3044,    243.4116,     61.2575,      3.4953,      0.0000,     -0.0312,      5.2291,      0.1446,      5.4675,     10.9350,      1.2776,     28.0912,     56.1823,      0.0188,      0.0042,      0.0156,      0.1983,   7498.5254,-424961.7500,   -926.5332,    539.3087,  24995.0840,
       1,     166,     132,      23,       1,       3,       1,     10.0000,      1.3809,     42.3044,    243.4116,     61.2575,      3.4953,      0.0000,     -0.0313,      4.4175,      0.1453,      5.4675,     10.9350,      1.2841,     28.0912,     56.1823,      0.0188,      0.0035,      0.0156,      0.1983,   7498.5254,-423003.3125,   -926.2944,    539.4408,  24995.0820,
       1,     166,     132,      24,       1,       3,       1,     10.0000,      1.3809,     42.3044,    243.4116,     61.2575,      3.4953,      0.0000,     -0.0313,      4.4642,      0.1469,      5.4675,     10.9350,      1.2984,     28.0912,     56.1823,      0.0188,      0.0036,      0.0156,      0.1983,   7498.5249,-421795.6250,   -926.1826,    539.5222,  24995.0820,
       1,     166,     133,       1,       1,       3,       1,     10.0000,      1.3809,     42.3048,    243.4174,     61.2590,      3.4953,      0.0000,     -0.0311,      3.7102,      0.1417,      5.4683,     10.9366,      1.2521,     28.0884,     56.1768,      0.0188,      0.0030,      0.0156,      0.1983,   7498.5249,-421908.2500,   -926.5940,    539.5276,  24996.2168,
       1,     166,     133,       2,       1,       3,       1,     10.0000,      1.3809,     42.3048,    243.4174,     61.2590,      3.4953,      0.0000,     -0.0310,      2.8221,      0.1397,      5.4683,     10.9366,      1.2346,     28.0884,     56.1768,      0.0188,      0.0023,      0.0156,      0.1983,   7498.8652,-420798.3125,   -926.2065,    539.6025,  24996.2148,
       1,     166,     133,       3,       1,       3,       1,     10.0000,      1.3809,     42.3048,    243.4174,     61.2590,      3.4953,      0.0000,     -0.0310,      2.7655,      0.1389,      5.4683,     10.9366,      1.2271,     28.0884,     56.1768,      0.0188,      0.0022,      0.0156,      0.1983,   7498.8647,-419566.2188,   -926.0394,    539.6855,  24996.2168,
       1,     166,     133,       4,       1,       3,       1,     10.0000,      1.3809,     42.3048,    243.4174,     61.2590,      3.4953,      0.0000,     -0.0311,      2.7260,      0.1407,      5.4683,     10.9366,      1.2433,     28.0884,     56.1768,      0.0188,      0.0022,      0.0156,      0.1983,   7498.8652,-419387.4688,   -926.0645,    539.6977,  24996.2168,
       1,     166,     133,       5,       1,       3,       1,     10.0000,      1.3809,     42.3048,    243.4174,     61.2590,      3.4953,      0.0000,     -0.0312,      2.6782,      0.1430,      5.4683,     10.9366,      1.2636,     28.0884,     56.1768,      0.0188,      0.0022,      0.0156,      0.1983,   7498.8652,-419321.2500,   -926.1084,    539.7021,  24996.2148,
       1,     166,     133,       6,       1,       3,       1,     10.0000,      1.3809,     42.3048,    243.4174,     61.2590,      3.4953,      0.0000,     -0.0309,      2.2232,      0.1365,      5.4683,     10.9366,      1.2062,     28.0884,     56.1768,      0.0188,      0.0018,      0.0156,      0.1983,   7498.8647,-419254.6562,   -926.1489,    539.7066,  24996.2168,
       1,     166,     133,       7,       1,       3,       1,     10.0000,      1.3809,     42.3048,    243.4174,     61.2590,      3.4953,      0.0000,     -0.0309,      1.8614,      0.1362,      5.4683,     10.9366,      1.2038,     28.0884,     56.1768,      0.0188,      0.0015,      0.0156,      0.1983,   7498.8652,-418666.4375,   -926.0770,    539.7463,  24996.2168,
       1,     166,     133,       8,       1,       3,       1,     10.0000,      1.3809,     42.3048,    243.4174,     61.2590,      3.4953,      0.0216,     -0.0089,      1.3687,      0.1246,      5.4683,     10.9366,      1.1009,     28.0884,     56.1768,      0.0188,      0.0014,      0.0122,      0.1983,   7498.8652,-418152.7500,   -926.0122,    539.7809,  24996.2168,
       1,     166,     133,       9,       1,       3,       1,     10.0000,      1.3809,     42.3048,    243.4174,     61.2590,      3.4953,      0.1360,      0.1058,     19.2935,      0.1170,      5.4683,     10.9366,      1.0334,     28.0884,     56.1768,      0.0188,      0.0014,      0.1783,      0.1983,   7498.8652,-417478.1875,   -922.4490,    539.8265,  24996.2188,
       1,     166,     133,      10,       1,       3,       1,     10.0000,      1.3809,     42.3048,    243.4174,     61.2590,      3.4953,      0.1796,      0.1491,     27.7290,      0.1241,      5.4683,     10.9366,      1.0964,     28.0884,     56.1768,      0.0188,      0.0014,      0.2412,      0.1983,   7498.8657,-440355.1250,   -925.3640,    538.2827,  24996.2168,
       1,     166,     133,      11,       1,       3,       1,     10.0000,      1.3809,     42.3048,    243.4174,     61.2590,      3.4953,      0.1821,      0.1509,     23.8606,      0.1431,      5.4683,     10.9366,      1.2648,     28.0884,     56.1768,      0.0188,      0.0012,      0.2456,      0.1983,   7498.8652,-453133.5938,   -928.4224,    537.4252,  24996.2168,
       1,     166,     133,      12,       1,       3,       1,     10.0000,      1.3809,     42.3048,    243.4174,     61.2590,      3.4953,      0.1719,      0.1393,     30.7222,      0.1856,      5.4683,     10.9366,      1.6404,     28.0884,     56.1768,      0.0188,      0.0017,      0.2301,      0.1983,   7498.8652,-449281.8438,   -928.4417,    537.6846,  24996.2168,
       1,     166,     133,      13,       1,       3,       1,     10.0000,      1.3809,     42.3048,    243.4174,     61.2590,      3.4953,      0.1853,      0.1518,     33.7084,      0.2169,      5.4683,     10.9366,      1.9169,     28.0884,     56.1768,      0.0188,      0.0017,      0.2500,      0.1983,   7498.8652,-457733.2188,   -930.6747,    537.1167,  24996.2148,
       1,     166,     133,      14,       1,       3,       1,     10.0000,      1.3809,     42.3048,    243.4174,     61.2590,      3.4953,      0.1837,      0.1501,     14.4697,      0.2241,      5.4683,     10.9366,      1.9799,     28.0884,     56.1768,      0.0188,      0.0007,      0.2500,      0.1983,   7498.8647,-462285.5312,   -932.4412,    536.8113,  24996.2168,
       1,     166,     133,      15,       1,       3,       1,     10.0000,      1.3809,     42.3048,    243.4174,     61.2590,      3.4953,      0.1842,      0.1532,     12.3760,      0.1383,      5.4683,     10.9366,      1.2222,     28.0884,     56.1768,      0.0188,      0.0006,      0.2500,      0.1983,   7498.8652,-438044.3125,   -928.5207,    538.4380,  24996.2148,
       1,     166,     133,      16,       1,       3,       1,     10.0000,      1.3809,     42.3048,    243.4174,     61.2590,      3.4953,      0.1867,      0.1546,     46.6362,      0.1697,      5.4683,     10.9366,      1.5000,     28.0884,     56.1768,      0.0188,      0.0023,      0.2500,      0.1983,   7498.8647,-433283.5312,   -915.6479,    538.7609,  24996.2207,
       1,     166,     133,      17,       1,       3,       1,     10.0000,      1.3809,     42.3048,    243.4174,     61.2590,      3.4953,      0.1883,      0.1551,    100.8923,      0.2065,      5.4683,     10.9366,      1.8250,     28.0884,     56.1768,      0.0188,      0.0051,      0.2465,      0.1983,   7498.8667,-476717.0312,   -925.4089,    535.8360,  24996.2207,
       1,     166,     133,      18,       1,       3,       1,     10.0000,      1.3809,     42.3048,    243.4174,     61.2590,      3.4953,      0.1353,      0.1025,     88.3596,      0.1910,      5.4683,     10.9366,      1.6882,     28.0884,     56.1768,      0.0188,      0.0066,      0.1688,      0.1983,   7498.8667,-549968.7500,   -940.9146,    530.9376,  24996.2207,
       1,     166,     133,      19,       1,       3,       1,     10.0000,      1.3809,     42.3048,    243.4174,     61.2590,      3.4953,      0.1022,      0.0698,     62.4275,      0.1798,      5.4683,     10.9366,      1.5891,     28.0884,     56.1768,      0.0188,      0.0064,      0.1226,      0.1982,   7498.8667,-540262.0000,   -940.8920,    531.6041,  24996.2188,
       1,     166,     133,      20,       1,       3,       1,     10.0000,      1.3809,     42.3048,    243.4174,     61.2590,      3.4953,      0.0335,      0.0015,      3.2593,      0.1687,      5.4683,     10.9366,      1.4910,     28.0884,     56.1768,      0.0188,      0.0015,      0.0277,      0.1982,   7498.8657,-506156.5000,   -936.0500,    533.8708,  24996.2188,
       1,     166,     133,      21,       1,       3,       1,     10.0000,      1.3809,     42.3048,    243.4174,     61.2590,      3.4953,      0.0000,     -0.0318,      3.5135,      0.1616,      5.4683,     10.9366,      1.4283,     28.0884,     56.1768,      0.0188,      0.0028,      0.0156,      0.1983,   7498.8657,-427431.0312,   -921.9730,    539.1293,  24996.2188,
       1,     166,     133,      22,       1,       3,       1,     10.0000,      1.3809,     42.3048,    243.4174,     61.2590,      3.4953,      0.0000,     -0.0319,      6.0178,      0.1634,      5.4683,     10.9366,      1.4441,     28.0884,     56.1768,      0.0188,      0.0048,      0.0156,      0.1983,   7498.8657,-421056.0938,   -921.1041,    539.5848,  24996.2207,
       1,     166,     133,      23,       1,       3,       1,     10.0000,      1.3809,     42.3048,    243.4174,     61.2590,      3.4953,      0.0000,     -0.0316,      4.7639,      0.1544,      5.4683,     10.9366,      1.3640,     28.0884,     56.1768,      0.0188,      0.0038,      0.0156,      0.1983,   7498.8667,-423677.4062,   -922.0642,    539.4083,  24996.2188,
       1,     166,     133,      24,       1,       3,       1,     10.0000,      1.3809,     42.3048,    243.4174,     61.2590,      3.4953,      0.0000,     -0.0311,      3.9627,      0.1414,      5.4683,     10.9366,      1.2496,     28.0884,     56.1768,      0.0188,      0.0032,      0.0156,      0.1983,   7498.8657,-422299.2812,   -913.2936,    539.5012,  24996.2207,
       1,     166,     134,       1,       1,       3,       1,     10.0000,      1.3810,     42.3051,    243.4232,     61.2604,      3.4953,      0.0000,     -0.0311,      3.0537,      0.1400,      5.4671,     10.9342,      1.2371,     28.0963,     56.1926,      0.0188,      0.0025,      0.0156,      0.1984,   7498.8667,-421311.6562,   -913.1394,    539.5806,  24997.3535,
       1,     166,     134,       2,       1,       3,       1,     10.0000,      1.3810,     42.3051,    243.4232,     61.2604,      3.4953,      0.0000,     -0.0307,      2.4267,      0.1303,      5.4671,     10.9342,      1.1513,     28.0963,     56.1926,      0.0188,      0.0019,      0.0156,      0.1984,   7499.2065,-419909.0938,   -911.1516,    539.6752,  24997.3555,
       1,     166,     134,       3,       1,       3,       1,     10.0000,      1.3810,     42.3051,    243.4232,     61.2604,      3.4953,      0.0000,     -0.0305,      2.3102,      0.1259,      5.4671,     10.9342,      1.1122,     28.0963,     56.1926,      0.0188,      0.0019,      0.0156,      0.1984,   7499.2070,-418985.4688,   -910.9669,    539.7375,  24997.3535,
       1,     166,     134,       4,       1,       3,       1,     10.0000,      1.3810,     42.3051,    243.4232,     61.2604,      3.4953,      0.0000,     -0.0308,      1.6187,      0.1340,      5.4671,     10.9342,      1.1844,     28.0963,     56.1926,      0.0188,      0.0013,      0.0156,      0.1984,   7499.2065,-418757.0312,   -910.8864,    539.7530,  24997.3555,
       1,     166,     134,       5,       1,       3,       1,     10.0000,      1.3810,     42.3051,    243.4232,     61.2604,      3.4953,      0.0000,     -0.0310,      0.7221,      0.1372,      5.4671,     10.9342,      1.2123,     28.0963,     56.1926,      0.0188,      0.0006,      0.0156,      0.1984,   7499.2070,-417852.2188,   -910.6143,    539.8140,  24997.3574,
       1,     166,     134,       6,       1,       3,       1,     10.0000,      1.3810,     42.3051,    243.4232,     61.2604,      3.4953,      0.0000,     -0.0310,      0.3968,      0.1372,      5.4671,     10.9342,      1.2123,     28.0963,     56.1926,      0.0188,      0.0003,      0.0156,      0.1984,   7499.2075,-416626.7500,   -910.4553,    539.8967,  24997.3555,
       1,     166,     134,       7,       1,       3,       1,     10.0000,      1.3810,     42.3051,    243.4232,     61.2604,      3.4953,      0.0000,     -0.0311,      0.3455,      0.1421,      5.4671,     10.9342,      1.2560,     28.0963,     56.1926,      0.0188,      0.0003,      0.0156,      0.1984,   7499.2070,-416105.1250,   -910.3746,    539.9319,  24997.3555,
       1,     166,     134,       8,       1,       3,       1,     10.0000,      1.3810,     42.3051,    243.4232,     61.2604,      3.4953,      0.0086,     -0.0225,      0.3487,      0.1433,      5.4671,     10.9342,      1.2661,     28.0963,     56.1926,      0.0188,      0.0003,      0.0156,      0.1984,   7499.2070,-415994.3438,   -910.3568,    539.9394,  24997.3555,
       1,     166,     134,       9,       1,       3,       1,     10.0000,      1.3810,     42.3051,    243.4232,     61.2604,      3.4953,      0.0671,      0.0359,      1.7817,      0.1444,      5.4671,     10.9342,      1.2764,     28.0963,     56.1926,      0.0188,      0.0003,      0.0784,      0.1984,   7499.2070,-415988.8750,   -910.3763,    539.9398,  24997.3535,
       1,     166,     134,      10,       1,       3,       1,     10.0000,      1.3810,     42.3051,    243.4232,     61.2604,      3.4953,      0.1169,      0.0846,      4.3134,      0.1772,      5.4671,     10.9342,      1.5656,     28.0963,     56.1926,      0.0188,      0.0004,      0.1513,      0.1984,   7499.2065,-417822.0312,   -910.9172,    539.8160,  24997.3555,
       1,     166,     134,      11,       1,       3,       1,     10.0000,      1.3810,     42.3051,    243.4232,     61.2604,      3.4953,      0.1654,      0.1323,      7.6710,      0.2031,      5.4671,     10.9342,      1.7948,     28.0963,     56.1926,      0.0188,      0.0004,      0.2232,      0.1984,   7499.2070,-421219.1250,   -911.8801,    539.5869,  24997.3555,
       1,     166,     134,      12,       1,       3,       1,     10.0000,      1.3810,     42.3051,    243.4232,     61.2604,      3.4953,      0.1838,      0.1505,     13.7886,      0.2104,      5.4671,     10.9342,      1.8595,     28.0963,     56.1926,      0.0188,      0.0007,      0.2500,      0.1984,   7499.2070,-425808.5312,   -913.4655,    539.2774,  24997.3555,
       1,     166,     134,      13,       1,       3,       1,     10.0000,      1.3810,     42.3051,    243.4232,     61.2604,      3.4953,      0.1839,      0.1505,     15.6553,      0.2129,      5.4671,     10.9342,      1.8815,     28.0963,     56.1926,      0.0188,      0.0008,      0.2500,      0.1984,   7499.2070,-434032.5000,   -916.0900,    538.7231,  24997.3555,
       1,     166,     134,      14,       1,       3,       1,     10.0000,      1.3810,     42.3051,    243.4232,     61.2604,      3.4953,      0.1843,      0.1508,     21.4830,      0.2176,      5.4671,     10.9342,      1.9226,     28.0963,     56.1926,      0.0188,      0.0011,      0.2500,      0.1984,   7499.2070,-437131.5625,   -917.8262,    538.5146,  24997.3555,
       1,     166,     134,      15,       1,       3,       1,     10.0000,      1.3810,     42.3051,    243.4232,     61.2604,      3.4953,      0.1875,      0.1540,     61.8931,      0.2159,      5.4671,     10.9342,      1.9076,     28.0963,     56.1926,      0.0188,      0.0031,      0.2500,      0.1984,   7499.2070,-444856.7188,   -920.5352,    537.9947,  24997.3555,
       1,     166,     134,      16,       1,       3,       1,     10.0000,      1.3810,     42.3051,    243.4232,     61.2604,      3.4953,      0.1891,      0.1565,     78.5857,      0.1853,      5.4671,     10.9342,      1.6371,     28.0963,     56.1926,      0.0188,      0.0039,      0.2500,      0.1983,   7499.2070,-497244.4375,   -931.4567,    534.4718,  24997.3574,
       1,     166,     134,      17,       1,       3,       1,     10.0000,      1.3810,     42.3051,    243.4232,     61.2604,      3.4953,      0.1517,      0.1194,     72.5633,      0.1781,      5.4671,     10.9342,      1.5734,     28.0963,     56.1926,      0.0188,      0.0047,      0.1951,      0.1983,   7499.2075,-523173.1562,   -933.0260,    532.7512,  24997.3555,
       1,     166,     134,      18,       1,       3,       1,     10.0000,      1.3810,     42.3051,    243.4232,     61.2604,      3.4953,      0.0799,      0.0471,     40.4050,      0.1912,      5.4671,     10.9342,      1.6899,     28.0963,     56.1926,      0.0188,      0.0055,      0.0918,      0.1983,   7499.2070,-517679.2188,   -930.7644,    533.1198,  24997.1992,
       1,     166,     134,      19,       1,       3,       1,     10.0000,      1.3810,     42.3051,    243.4232,     61.2604,      3.4953,      0.0132,     -0.0193,      6.7723,      0.1809,      5.4671,     10.9342,      1.5986,     28.0963,     56.1926,      0.0188,      0.0054,      0.0156,      0.1983,   7499.1602,-476017.0938,   -924.7312,    535.8962,  24997.3555,
       1,     166,     134,      20,       1,       3,       1,     10.0000,      1.3810,     42.3051,    243.4232,     61.2604,      3.4953,      0.0086,     -0.0232,      6.6669,      0.1625,      5.4671,     10.9342,      1.4355,     28.0963,     56.1926,      0.0188,      0.0054,      0.0156,      0.1983,   7499.2070,-429372.2812,   -917.2566,    539.0281,  24997.3555,
       1,     166,     134,      21,       1,       3,       1,     10.0000,      1.3810,     42.3051,    243.4232,     61.2604,      3.4953,      0.0000,     -0.0310,      3.3413,      0.1394,      5.4671,     10.9342,      1.2321,     28.0963,     56.1926,      0.0188,      0.0027,      0.0156,      0.1984,   7499.2070,-425238.9688,   -917.2707,    539.3157,  24997.3555,
       1,     166,     134,      22,       1,       3,       1,     10.0000,      1.3810,     42.3051,    243.4232,     61.2604,      3.4953,      0.0000,     -0.0308,      2.9155,      0.1338,      5.4671,     10.9342,      1.1820,     28.0963,     56.1926,      0.0188,      0.0023,      0.0156,      0.1984,   7499.2070,-420615.4688,   -911.3470,    539.6275,  24997.3535,
       1,     166,     134,      23,       1,       3,       1,     10.0000,      1.3810,     42.3051,    243.4232,     61.2604,      3.4953,      0.0000,     -0.0308,      3.8990,      0.1336,      5.4671,     10.9342,      1.1808,     28.0963,     56.1926,      0.0188,      0.0031,      0.0156,      0.1984,   7499.2065,-419672.2500,   -911.5728,    539.6912,  24997.3555,
       1,     166,     134,      24,       1,       3,       1,     10.0000,      1.3810,     42.3051,    243.4232,     61.2604,      3.4953,      0.0000,     -0.0307,      3.2756,      0.1316,      5.4671,     10.9342,      1.1630,     28.0963,     56.1926,      0.0188,      0.0026,      0.0156,      0.1984,   7499.2070,-420848.6250,   -911.3892,    539.6118,  24997.3555,
       1,     166,     135,       1,       1,       3,       1,     10.0000,      1.3810,     42.3054,    243.4290,     61.2619,      3.4953,      0.0000,     -0.0307,      1.9982,      0.1302,      5.4680,     10.9360,      1.1501,     28.0955,     56.1910,      0.0188,      0.0016,      0.0156,      0.1984,   7499.2070,-420309.8125,   -911.9848,    539.6611,  24998.4902,
       1,     166,     135,       2,       1,       3,       1,     10.0000,      1.3810,     42.3054,    243.4290,     61.2619,      3.4953,      0.0000,     -0.0307,      0.9462,      0.1303,      5.4680,     10.9360,      1.1513,     28.0955,     56.1910,      0.0188,      0.0008,      0.0156,      0.1984,   7499.5474,-418474.4688,   -911.6572,    539.7849,  24998.4902,
       1,     166,     135,       3,       1,       3,       1,     10.0000,      1.3810,     42.3054,    243.4290,     61.2619,      3.4953,      0.0000,     -0.0307,      0.5268,      0.1298,      5.4680,     10.9360,      1.1466,     28.0955,     56.1910,      0.0188,      0.0004,      0.0156,      0.1984,   7499.5474,-416970.4375,   -910.3581,    539.8864,  24998.4902,
       1,     166,     135,       4,       1,       3,       1,     10.0000,      1.3810,     42.3054,    243.4290,     61.2619,      3.4953,      0.0000,     -0.0307,      0.4165,      0.1316,      5.4680,     10.9360,      1.1631,     28.0955,     56.1910,      0.0188,      0.0003,      0.0156,      0.1984,   7499.5474,-416303.9062,   -910.1768,    539.9313,  24998.4922,
       1,     166,     135,       5,       1,       3,       1,     10.0000,      1.3810,     42.3054,    243.4290,     61.2619,      3.4953,      0.0000,     -0.0308,      0.4159,      0.1330,      5.4680,     10.9360,      1.1749,     28.0955,     56.1910,      0.0188,      0.0003,      0.0156,      0.1984,   7499.5479,-416105.1875,   -910.1226,    539.9448,  24998.4902,
       1,     166,     135,       6,       1,       3,       1,     10.0000,      1.3810,     42.3054,    243.4290,     61.2619,      3.4953,      0.0000,     -0.0306,      0.6499,      0.1269,      5.4680,     10.9360,      1.1213,     28.0955,     56.1910,      0.0188,      0.0005,      0.0156,      0.1984,   7499.5474,-416087.3750,   -910.1193,    539.9460,  24998.4902,
       1,     166,     135,       7,       1,       3,       1,     10.0000,      1.3810,     42.3054,    243.4290,     61.2619,      3.4953,      0.0000,     -0.0306,      0.6625,      0.1270,      5.4680,     10.9360,      1.1224,     28.0955,     56.1910,      0.0188,      0.0005,      0.0156,      0.1984,   7499.5474,-416385.2188,   -910.2122,    539.9258,  24998.4902,
       1,     166,     135,       8,       1,       3,       1,     10.0000,      1.3810,     42.3054,    243.4290,     61.2619,      3.4953,      0.0105,     -0.0201,      0.3101,      0.1285,      5.4680,     10.9360,      1.1351,     28.0955,     56.1910,      0.0188,      0.0002,      0.0156,      0.1984,   7499.5474,-416427.0312,   -910.2206,    539.9230,  24998.4883,
       1,     166,     135,       9,       1,       3,       1,     10.0000,      1.3810,     42.3054,    243.4290,     61.2619,      3.4953,      0.1012,      0.0705,      2.6008,      0.1310,      5.4680,     10.9360,      1.1572,     28.0955,     56.1910,      0.0188,      0.0003,      0.1290,      0.1984,   7499.5469,-415980.0625,   -910.1136,    539.9532,  24998.4902,
       1,     166,     135,      10,       1,       3,       1,     10.0000,      1.3810,     42.3054,    243.4290,     61.2619,      3.4953,      0.1623,      0.1307,      5.2846,      0.1534,      5.4680,     10.9360,      1.3558,     28.0955,     56.1910,      0.0188,      0.0003,      0.2186,      0.1984,   7499.5474,-418871.5312,   -910.9130,    539.7581,  24998.4902,
       1,     166,     135,      11,       1,       3,       1,     10.0000,      1.3810,     42.3054,    243.4290,     61.2619,      3.4953,      0.1692,      0.1371,      6.2984,      0.1718,      5.4680,     10.9360,      1.5181,     28.0955,     56.1910,      0.0188,      0.0003,      0.2289,      0.1984,   7499.5474,-422554.4688,   -912.3832,    539.5096,  24998.4902,
       1,     166,     135,      12,       1,       3,       1,     10.0000,      1.3810,     42.3054,    243.4290,     61.2619,      3.4953,      0.1835,      0.1516,      6.5871,      0.1654,      5.4680,     10.9360,      1.4616,     28.0955,     56.1910,      0.0188,      0.0003,      0.2500,      0.1984,   7499.5474,-424169.5000,   -913.7278,    539.4008,  24998.4883,
       1,     166,     135,      13,       1,       3,       1,     10.0000,      1.3810,     42.3054,    243.4290,     61.2619,      3.4953,      0.1835,      0.1513,      6.9432,      0.1732,      5.4680,     10.9360,      1.5302,     28.0955,     56.1910,      0.0188,      0.0003,      0.2500,      0.1984,   7499.5469,-424678.3750,   -914.9710,    539.3665,  24998.4902,
       1,     166,     135,      14,       1,       3,       1,     10.0000,      1.3810,     42.3054,    243.4290,     61.2619,      3.4953,      0.1673,      0.1362,      5.3500,      0.1424,      5.4680,     10.9360,      1.2585,     28.0955,     56.1910,      0.0188,      0.0003,      0.2260,      0.1984,   7499.5474,-425177.7812,   -913.3115,    539.3328,  24998.4902,
       1,     166,     135,      15,       1,       3,       1,     10.0000,      1.3810,     42.3054,    243.4290,     61.2619,      3.4953,      0.1842,      0.1531,     12.4846,      0.1414,      5.4680,     10.9360,      1.2497,     28.0955,     56.1910,      0.0188,      0.0006,      0.2500,      0.1984,   7499.5474,-423182.6250,   -912.1064,    539.4673,  24998.4902,
       1,     166,     135,      16,       1,       3,       1,     10.0000,      1.3810,     42.3054,    243.4290,     61.2619,      3.4953,      0.1857,      0.1546,     31.7915,      0.1414,      5.4680,     10.9360,      1.2497,     28.0955,     56.1910,      0.0188,      0.0016,      0.2500,      0.1984,   7499.5474,-432138.0625,   -915.1556,    538.8634,  24998.4902,
       1,     166,     135,      17,       1,       3,       1,     10.0000,      1.3810,     42.3054,    243.4290,     61.2619,      3.4953,      0.1624,      0.1310,     24.1726,      0.1484,      5.4680,     10.9360,      1.3116,     28.0955,     56.1910,      0.0188,      0.0014,      0.2165,      0.1984,   7499.5474,-457615.1250,   -919.0692,    537.1477,  24998.4902,
       1,     166,     135,      18,       1,       3,       1,     10.0000,      1.3810,     42.3054,    243.4290,     61.2619,      3.4953,      0.1064,      0.0747,     20.9389,      0.1565,      5.4680,     10.9360,      1.3833,     28.0955,     56.1910,      0.0188,      0.0020,      0.1340,      0.1984,   7499.5474,-450066.9062,   -918.7144,    537.6572,  24998.4902,
       1,     166,     135,      19,       1,       3,       1,     10.0000,      1.3810,     42.3054,    243.4290,     61.2619,      3.4953,      0.0461,      0.0145,      1.6791,      0.1536,      5.4680,     10.9360,      1.3572,     28.0955,     56.1910,      0.0188,      0.0004,      0.0471,      0.1984,   7499.5474,-445275.3438,   -918.5250,    537.9795,  24998.4902,
       1,     166,     135,      20,       1,       3,       1,     10.0000,      1.3810,     42.3054,    243.4290,     61.2619,      3.4953,      0.0102,     -0.0211,      0.3735,      0.1484,      5.4680,     10.9360,      1.3116,     28.0955,     56.1910,      0.0188,      0.0003,      0.0156,      0.1984,   7499.5474,-420214.5938,   -914.2159,    539.6649,  24998.4922,
       1,     166,     135,      21,       1,       3,       1,     10.0000,      1.3810,     42.3054,    243.4290,     61.2619,      3.4953,      0.0000,     -0.0313,      0.4160,      0.1452,      5.4680,     10.9360,      1.2829,     28.0955,     56.1910,      0.0188,      0.0003,      0.0156,      0.1984,   7499.5479,-416391.0000,   -913.5645,    539.9254,  24998.4883,
       1,     166,     135,      22,       1,       3,       1,     10.0000,      1.3810,     42.3054,    243.4290,     61.2619,      3.4953,      0.0000,     -0.0312,      0.6769,      0.1445,      5.4680,     10.9360,      1.2764,     28.0955,     56.1910,      0.0188,      0.0005,      0.0156,      0.1984,   7499.5469,-416112.5000,   -913.5239,    539.9443,  24998.4902,
       1,     166,     135,      23,       1,       3,       1,     10.0000,      1.3810,     42.3054,    243.4290,     61.2619,      3.4953,      0.0000,     -0.0312,      1.3563,      0.1439,      5.4680,     10.9360,      1.2713,     28.0955,     56.1910,      0.0188,      0.0011,      0.0156,      0.1984,   7499.5474,-416421.8438,   -910.1983,    539.9234,  24998.4922,
       1,     166,     135,      24,       1,       3,       1,     10.0000,      1.3810,     42.3054,    243.4290,     61.2619,      3.4953,      0.0000,     -0.0311,      1.4162,      0.1404,      5.4680,     10.9360,      1.2409,     28.0955,     56.1910,      0.0188,      0.0011,      0.0156,      0.1984,   7499.5479,-417317.5312,   -910.4670,    539.8629,  24998.4902,
       1,     166,     136,       1,       1,       3,       1,     10.0000,      1.3810,     42.3058,    243.4349,     61.2633,      3.4953,      0.0000,     -0.0310,      1.0941,      0.1387,      5.4682,     10.9363,      1.2260,     28.0983,     56.1965,      0.0188,      0.0009,      0.0156,      0.1984,   7499.5474,-417629.3125,   -910.9000,    539.8549,  24999.6230,
       1,     166,     136,       2,       1,       3,       1,     10.0000,      1.3810,     42.3058,    243.4349,     61.2633,      3.4953,      0.0000,     -0.0310,      0.8280,      0.1394,      5.4682,     10.9363,      1.2322,     28.0983,     56.1965,      0.0188,      0.0007,      0.0156,      0.1984,   7499.8872,-417089.5312,   -910.6329,    539.8914,  24999.6230,
       1,     166,     136,       3,       1,       3,       1,     10.0000,      1.3810,     42.3058,    243.4349,     61.2633,      3.4953,      0.0000,     -0.0311,      0.7314,      0.1399,      5.4682,     10.9363,      1.2359,     28.0983,     56.1965,      0.0188,      0.0006,      0.0156,      0.1984,   7499.8872,-416702.5625,   -910.6322,    539.9174,  24999.6250,
       1,     166,     136,       4,       1,       3,       1,     10.0000,      1.3810,     42.3058,    243.4349,     61.2633,      3.4953,      0.0000,     -0.0310,      0.3485,      0.1396,      5.4682,     10.9363,      1.2334,     28.0983,     56.1965,      0.0188,      0.0003,      0.0156,      0.1984,   7499.8877,-416545.4062,   -910.6595,    539.9280,  24999.6250,
       1,     166,     136,       5,       1,       3,       1,     10.0000,      1.3810,     42.3058,    243.4349,     61.2633,      3.4953,      0.0000,     -0.0310,      0.3372,      0.1392,      5.4682,     10.9363,      1.2297,     28.0983,     56.1965,      0.0188,      0.0003,      0.0156,      0.1984,   7499.8877,-416042.1250,   -910.5738,    539.9620,  24999.6250,
       1,     166,     136,       6,       1,       3,       1,     10.0000,      1.3810,     42.3058,    243.4349,     61.2633,      3.4953,      0.0000,     -0.0310,      0.3337,      0.1379,      5.4682,     10.9363,      1.2185,     28.0983,     56.1965,      0.0188,      0.0003,      0.0156,      0.1984,   7499.8877,-415984.3438,   -910.5650,    539.9659,  24999.6250,
       1,     166,     136,       7,       1,       3,       1,     10.0000,      1.3810,     42.3058,    243.4349,     61.2633,      3.4953,      0.0000,     -0.0310,      0.3376,      0.1393,      5.4682,     10.9363,      1.2309,     28.0983,     56.1965,      0.0188,      0.0003,      0.0156,      0.1984,   7499.8877,-415974.7812,   -910.5652,    539.9666,  24999.6230,
       1,     166,     136,       8,       1,       3,       1,     10.0000,      1.3810,     42.3058,    243.4349,     61.2633,      3.4953,      0.0046,     -0.0266,      0.3427,      0.1411,      5.4682,     10.9363,      1.2472,     28.0983,     56.1965,      0.0188,      0.0003,      0.0156,      0.1984,   7499.8872,-415979.0625,   -910.5679,    539.9662,  24999.6230,
       1,     166,     136,       9,       1,       3,       1,     10.0000,      1.3810,     42.3058,    243.4349,     61.2633,      3.4953,      0.0362,      0.0048,      0.7628,      0.1486,      5.4682,     10.9363,      1.3130,     28.0983,     56.1965,      0.0188,      0.0003,      0.0327,      0.1984,   7499.8872,-415986.0312,   -910.5833,    539.9658,  24999.6250,
       1,     166,     136,      10,       1,       3,       1,     10.0000,      1.3810,     42.3058,    243.4349,     61.2633,      3.4953,      0.1182,      0.0863,      4.0466,      0.1636,      5.4682,     10.9363,      1.4457,     28.0983,     56.1965,      0.0188,      0.0003,      0.1534,      0.1984,   7499.8877,-416523.8125,   -910.7709,    539.9296,  24999.6270,
       1,     166,     136,      11,       1,       3,       1,     10.0000,      1.3810,     42.3058,    243.4349,     61.2633,      3.4953,      0.1265,      0.0944,      5.0316,      0.1706,      5.4682,     10.9363,      1.5076,     28.0983,     56.1965,      0.0188,      0.0004,      0.1655,      0.1984,   7499.8882,-420769.8750,   -911.8565,    539.6429,  24999.6250,
       1,     166,     136,      12,       1,       3,       1,     10.0000,      1.3810,     42.3058,    243.4349,     61.2633,      3.4953,      0.1382,      0.1061,      6.6431,      0.1728,      5.4682,     10.9363,      1.5272,     28.0983,     56.1965,      0.0188,      0.0005,      0.1828,      0.1984,   7499.8877,-422397.0000,   -912.4996,    539.5333,  24999.6250,
       1,     166,     136,      13,       1,       3,       1,     10.0000,      1.3810,     42.3058,    243.4349,     61.2633,      3.4953,      0.1308,      0.0981,      8.7950,      0.1886,      5.4682,     10.9363,      1.6667,     28.0983,     56.1965,      0.0188,      0.0006,      0.1714,      0.1984,   7499.8877,-424598.8125,   -913.3276,    539.3848,  24999.6250,
       1,     166,     136,      14,       1,       3,       1,     10.0000,      1.3810,     42.3058,    243.4349,     61.2633,      3.4953,      0.1586,      0.1257,     17.6202,      0.1953,      5.4682,     10.9363,      1.7254,     28.0983,     56.1965,      0.0188,      0.0010,      0.2118,      0.1984,   7499.8877,-427541.5938,   -914.2556,    539.1863,  24999.6250,
       1,     166,     136,      15,       1,       3,       1,     10.0000,      1.3810,     42.3058,    243.4349,     61.2633,      3.4953,      0.1300,      0.0974,     21.6231,      0.1845,      5.4682,     10.9363,      1.6307,     28.0983,     56.1965,      0.0188,      0.0016,      0.1687,      0.1984,   7499.8877,-439085.4375,   -916.9897,    538.4084,  24999.6250,
       1,     166,     136,      16,       1,       3,       1,     10.0000,      1.3810,     42.3058,    243.4349,     61.2633,      3.4953,      0.0761,      0.0444,     12.1541,      0.1566,      5.4682,     10.9363,      1.3834,     28.0983,     56.1965,      0.0188,      0.0017,      0.0902,      0.1984,   7499.8877,-445204.1875,   -915.9305,    537.9971,  24999.6270,
       1,     166,     136,      17,       1,       3,       1,     10.0000,      1.3810,     42.3058,    243.4349,     61.2633,      3.4953,      0.0692,      0.0370,     11.5429,      0.1725,      5.4682,     10.9363,      1.5242,     28.0983,     56.1965,      0.0188,      0.0018,      0.0797,      0.1984,   7499.8882,-433614.5000,   -913.6884,    538.7767,  24999.6230,
       1,     166,     136,      18,       1,       3,       1,     10.0000,      1.3810,     42.3058,    243.4349,     61.2633,      3.4953,      0.0180,     -0.0144,      1.0686,      0.1806,      5.4682,     10.9363,      1.5955,     28.0983,     56.1965,      0.0188,      0.0029,      0.0045,      0.1984,   7499.8872,-431835.5625,   -913.8662,    538.8970,  24999.6250,
       1,     166,     136,      19,       1,       3,       1,     10.0000,      1.3810,     42.3058,    243.4349,     61.2633,      3.4953,      0.0010,     -0.0312,      4.1933,      0.1715,      5.4682,     10.9363,      1.5151,     28.0983,     56.1965,      0.0188,      0.0034,      0.0156,      0.1984,   7499.8877,-418281.0938,   -911.9907,    539.8102,  24999.6230,
       1,     166,     136,      20,       1,       3,       1,     10.0000,      1.3810,     42.3058,    243.4349,     61.2633,      3.4953,      0.0002,     -0.0318,      3.9707,      0.1681,      5.4682,     10.9363,      1.4852,     28.0983,     56.1965,      0.0188,      0.0032,      0.0156,      0.1984,   7499.8872,-421110.9688,   -913.0590,    539.6200,  24999.6230,
       1,     166,     136,      21,       1,       3,       1,     10.0000,      1.3810,     42.3058,    243.4349,     61.2633,      3.4953,      0.0000,     -0.0318,      1.4716,      0.1612,      5.4682,     10.9363,      1.4241,     28.0983,     56.1965,      0.0188,      0.0012,      0.0156,      0.1984,   7499.8872,-421069.5000,   -913.5574,    539.6228,  24999.6230,
       1,     166,     136,      22,       1,       3,       1,     10.0000,      1.3810,     42.3058,    243.4349,     61.2633,      3.4953,      0.0000,     -0.0317,      2.5122,      0.1589,      5.4682,     10.9363,      1.4043,     28.0983,     56.1965,      0.0188,      0.0020,      0.0156,      0.1984,   7499.8872,-417869.3125,   -913.1356,    539.8387,  24999.6250,
       1,     166,     136,      23,       1,       3,       1,     10.0000,      1.3810,     42.3058,    243.4349,     61.2633,      3.4953,      0.0000,     -0.0317,      3.1239,      0.1594,      5.4682,     10.9363,      1.4085,     28.0983,     56.1965,      0.0188,      0.0025,      0.0156,      0.1984,   7499.8877,-418923.9062,   -913.5879,    539.7675,  24999.6250,
       1,     166,     136,      24,       1,       3,       1,     10.0000,      1.3810,     42.3058,    243.4349,     61.2633,      3.4953,      0.0000,     -0.0317,      2.2433,      0.1588,      5.4682,     10.9363,      1.4029,     28.0983,     56.1965,      0.0188,      0.0018,      0.0156,      0.1984,   7499.8877,-419797.5000,   -914.0732,    539.7086,  24999.6250,
       1,     166,     137,       1,       1,       3,       1,     10.0000,      1.3810,     42.3061,    243.4407,     61.2648,      3.4953,      0.0000,     -0.0317,      2.0372,      0.1580,      5.4692,     10.9383,      1.3959,     28.0843,     56.1686,      0.0188,      0.0016,      0.0156,      0.1984,   7499.8877,-418903.8125,   -914.4059,    539.7819,  25000.7598,
       1,     166,     137,       2,       1,       3,       1,     10.0000,      1.3810,     42.3061,    243.4407,     61.2648,      3.4953,      0.0000,     -0.0315,      1.7256,      0.1510,      5.4692,     10.9383,      1.3343,     28.0843,     56.1686,      0.0188,      0.0014,      0.0156,      0.1984,   7500.2280,-418408.4375,   -914.2630,    539.8153,  25000.7617,
       1,     166,     137,       3,       1,       3,       1,     10.0000,      1.3810,     42.3061,    243.4407,     61.2648,      3.4953,      0.0000,     -0.0311,      1.2110,      0.1409,      5.4692,     10.9383,      1.2447,     28.0843,     56.1686,      0.0188,      0.0010,      0.0156,      0.1984,   7500.2290,-417966.6875,   -914.3300,    539.8451,  25000.7578,
       1,     166,     137,       4,       1,       3,       1,     10.0000,      1.3810,     42.3061,    243.4407,     61.2648,      3.4953,      0.0000,     -0.0311,      1.0958,      0.1407,      5.4692,     10.9383,      1.2434,     28.0843,     56.1686,      0.0188,      0.0009,      0.0156,      0.1984,   7500.2275,-417271.0312,   -914.3008,    539.8921,  25000.7578,
       1,     166,     137,       5,       1,       3,       1,     10.0000,      1.3810,     42.3061,    243.4407,     61.2648,      3.4953,      0.0000,     -0.0310,      1.1308,      0.1373,      5.4692,     10.9383,      1.2136,     28.0843,     56.1686,      0.0188,      0.0009,      0.0156,      0.1984,   7500.2275,-417063.5312,   -914.3531,    539.9060,  25000.7598,
       1,     166,     137,       6,       1,       3,       1,     10.0000,      1.3810,     42.3061,    243.4407,     61.2648,      3.4953,      0.0000,     -0.0308,      1.0503,      0.1343,      5.4692,     10.9383,      1.1869,     28.0843,     56.1686,      0.0188,      0.0008,      0.0156,      0.1984,   7500.2280,-417090.3750,   -914.4482,    539.9042,  25000.7598,
       1,     166,     137,       7,       1,       3,       1,     10.0000,      1.3810,     42.3061,    243.4407,     61.2648,      3.4953,      0.0000,     -0.0309,      0.6357,      0.1345,      5.4692,     10.9383,      1.1881,     28.0843,     56.1686,      0.0188,      0.0005,      0.0156,      0.1984,   7500.2280,-416989.7812,   -914.5039,    539.9111,  25000.7598,
       1,     166,     137,       8,       1,       3,       1,     10.0000,      1.3810,     42.3061,    243.4407,     61.2648,      3.4953,      0.0105,     -0.0205,      0.5007,      0.1390,      5.4692,     10.9383,      1.2285,     28.0843,     56.1686,      0.0188,      0.0004,      0.0156,      0.1984,   7500.2280,-416450.7812,   -914.4459,    539.9474,  25000.7598,
       1,     166,     137,       9,       1,       3,       1,     10.0000,      1.3810,     42.3061,    243.4407,     61.2648,      3.4953,      0.0620,      0.0306,      4.3219,      0.1487,      5.4692,     10.9383,      1.3143,     28.0843,     56.1686,      0.0188,      0.0008,      0.0705,      0.1985,   7500.2280,-416231.5938,   -914.4451,    539.9622,  25000.7598,
       1,     166,     137,      10,       1,       3,       1,     10.0000,      1.3810,     42.3061,    243.4407,     61.2648,      3.4953,      0.1214,      0.0898,     14.4192,      0.1558,      5.4692,     10.9383,      1.3765,     28.0843,     56.1686,      0.0188,      0.0011,      0.1570,      0.1985,   7500.2280,-421099.5625,   -915.4987,    539.6336,  25000.7578,
       1,     166,     137,      11,       1,       3,       1,     10.0000,      1.3810,     42.3061,    243.4407,     61.2648,      3.4953,      0.1475,      0.1153,     17.4298,      0.1720,      5.4692,     10.9383,      1.5197,     28.0843,     56.1686,      0.0188,      0.0011,      0.1952,      0.1984,   7500.2275,-434434.7188,   -918.2865,    538.7342,  25000.7598,
       1,     166,     137,      12,       1,       3,       1,     10.0000,      1.3810,     42.3061,    243.4407,     61.2648,      3.4953,      0.1608,      0.1278,     19.4084,      0.1976,      5.4692,     10.9383,      1.7460,     28.0843,     56.1686,      0.0188,      0.0011,      0.2148,      0.1984,   7500.2280,-439438.3125,   -919.7380,    538.3980,  25000.7598,
       1,     166,     137,      13,       1,       3,       1,     10.0000,      1.3810,     42.3061,    243.4407,     61.2648,      3.4953,      0.1682,      0.1347,     28.4926,      0.2174,      5.4692,     10.9383,      1.9209,     28.0843,     56.1686,      0.0188,      0.0016,      0.2250,      0.1984,   7500.2280,-442400.4062,   -920.9027,    538.1988,  25000.7617,
       1,     166,     137,      14,       1,       3,       1,     10.0000,      1.3810,     42.3061,    243.4407,     61.2648,      3.4953,      0.1276,      0.0941,     30.1493,      0.2182,      5.4692,     10.9383,      1.9284,     28.0843,     56.1686,      0.0188,      0.0023,      0.1640,      0.1984,   7500.2290,-454277.4688,   -923.8319,    537.3998,  25000.7617,
       1,     166,     137,      15,       1,       3,       1,     10.0000,      1.3810,     42.3061,    243.4407,     61.2648,      3.4953,      0.1236,      0.0903,     34.1195,      0.2111,      5.4692,     10.9383,      1.8651,     28.0843,     56.1686,      0.0188,      0.0027,      0.1575,      0.1984,   7500.2290,-457422.4375,   -924.9920,    537.1891,  25000.7598,
       1,     166,     137,      16,       1,       3,       1,     10.0000,      1.3810,     42.3061,    243.4407,     61.2648,      3.4953,      0.1225,      0.0891,     40.5272,      0.2129,      5.4692,     10.9383,      1.8817,     28.0843,     56.1686,      0.0188,      0.0033,      0.1551,      0.1984,   7500.2280,-462773.6250,   -926.5797,    536.8298,  25000.7617,
       1,     166,     137,      17,       1,       3,       1,     10.0000,      1.3810,     42.3061,    243.4407,     61.2648,      3.4953,      0.1406,      0.1074,     71.8892,      0.2074,      5.4692,     10.9383,      1.8324,     28.0843,     56.1686,      0.0188,      0.0050,      0.1786,      0.1984,   7500.2290,-471434.7812,   -928.8400,    536.2488,  25000.7598,
       1,     166,     137,      18,       1,       3,       1,     10.0000,      1.3810,     42.3061,    243.4407,     61.2648,      3.4953,      0.0885,      0.0555,     50.1837,      0.1964,      5.4692,     10.9383,      1.7357,     28.0843,     56.1686,      0.0188,      0.0061,      0.1033,      0.1984,   7500.2280,-512323.3125,   -937.3333,    533.5082,  25000.7578,
       1,     166,     137,      19,       1,       3,       1,     10.0000,      1.3810,     42.3061,    243.4407,     61.2648,      3.4953,      0.0600,      0.0273,     30.4807,      0.1892,      5.4692,     10.9383,      1.6717,     28.0843,     56.1686,      0.0188,      0.0060,      0.0633,      0.1984,   7500.2275,-488062.2188,   -933.7883,    535.1332,  25000.7598,
       1,     166,     137,      20,       1,       3,       1,     10.0000,      1.3810,     42.3061,    243.4407,     61.2648,      3.4953,      0.0117,     -0.0203,      7.0421,      0.1679,      5.4692,     10.9383,      1.4837,     28.0843,     56.1686,      0.0188,      0.0057,      0.0156,      0.1984,   7500.2280,-460750.4375,   -929.4565,    536.9626,  25000.7598,
       1,     166,     137,      21,       1,       3,       1,     10.0000,      1.3810,     42.3061,    243.4407,     61.2648,      3.4953,      0.0000,     -0.0317,      7.3352,      0.1580,      5.4692,     10.9383,      1.3959,     28.0843,     56.1686,      0.0188,      0.0059,      0.0156,      0.1984,   7500.2280,-428412.0938,   -923.9349,    539.1363,  25000.7578,
       1,     166,     137,      22,       1,       3,       1,     10.0000,      1.3810,     42.3061,    243.4407,     61.2648,      3.4953,      0.0000,     -0.0316,      7.0619,      0.1541,      5.4692,     10.9383,      1.3614,     28.0843,     56.1686,      0.0188,      0.0057,      0.0156,      0.1984,   7500.2275,-426010.7500,   -923.8735,    539.3026,  25000.7598,
       1,     166,     137,      23,       1,       3,       1,     10.0000,      1.3810,     42.3061,    243.4407,     61.2648,      3.4953,      0.0000,     -0.0315,      6.2347,      0.1515,      5.4692,     10.9383,      1.3383,     28.0843,     56.1686,      0.0188,      0.0050,      0.0156,      0.1984,   7500.2280,-425448.2188,   -924.1056,    539.3405,  25000.7598,
       1,     166,     137,      24,       1,       3,       1,     10.0000,      1.3810,     42.3061,    243.4407,     61.2648,      3.4953,      0.0000,     -0.0315,      6.0881,      0.1521,      5.4692,     10.9383,      1.3437,     28.0843,     56.1686,      0.0188,      0.0049,      0.0156,      0.1984,   7500.2280,-424341.7500,   -924.1655,    539.4150,  25000.7598,
       1,     166,     138,       1,       1,       3,       1,     10.0000,      1.3810,     42.3064,    243.4465,     61.2663,      3.4953,      0.0000,     -0.0315,      4.7100,      0.1527,      5.4687,     10.9374,      1.3492,     28.0784,     56.1568,      0.0188,      0.0038,      0.0156,      0.1985,   7500.2280,-424215.6250,   -924.6545,    539.4366,  25001.8945,
       1,     166,     138,       2,       1,       3,       1,     10.0000,      1.3810,     42.3064,    243.4465,     61.2663,      3.4953,      0.0000,     -0.0316,      3.1951,      0.1545,      5.4687,     10.9374,      1.3655,     28.0784,     56.1568,      0.0188,      0.0026,      0.0156,      0.1985,   7500.5688,-422287.1875,   -924.1989,    539.5666,  25001.8945,
       1,     166,     138,       3,       1,       3,       1,     10.0000,      1.3810,     42.3064,    243.4465,     61.2663,      3.4953,      0.0000,     -0.0315,      2.7631,      0.1525,      5.4687,     10.9374,      1.3478,     28.0784,     56.1568,      0.0188,      0.0022,      0.0156,      0.1985,   7500.5688,-420183.4062,   -923.9151,    539.7084,  25001.8965,
       1,     166,     138,       4,       1,       3,       1,     10.0000,      1.3810,     42.3064,    243.4465,     61.2663,      3.4953,      0.0000,     -0.0313,      2.3082,      0.1473,      5.4687,     10.9374,      1.3012,     28.0784,     56.1568,      0.0188,      0.0019,      0.0156,      0.1985,   7500.5693,-419449.5625,   -923.8648,    539.7581,  25001.8945,
       1,     166,     138,       5,       1,       3,       1,     10.0000,      1.3810,     42.3064,    243.4465,     61.2663,      3.4953,      0.0000,     -0.0308,      2.2767,      0.1335,      5.4687,     10.9374,      1.1798,     28.0784,     56.1568,      0.0188,      0.0018,      0.0156,      0.1985,   7500.5688,-418804.5000,   -921.8632,    539.8016,  25001.8945,
       1,     166,     138,       6,       1,       3,       1,     10.0000,      1.3810,     42.3064,    243.4465,     61.2663,      3.4953,      0.0000,     -0.0310,      2.3533,      0.1376,      5.4687,     10.9374,      1.2161,     28.0784,     56.1568,      0.0188,      0.0019,      0.0156,      0.1985,   7500.5688,-418708.3750,   -921.9666,    539.8080,  25001.8945,
       1,     166,     138,       7,       1,       3,       1,     10.0000,      1.3810,     42.3064,    243.4465,     61.2663,      3.4953,      0.0000,     -0.0312,      2.2683,      0.1430,      5.4687,     10.9374,      1.2637,     28.0784,     56.1568,      0.0188,      0.0018,      0.0156,      0.1985,   7500.5688,-418798.2500,   -922.1096,    539.8019,  25001.8965,
       1,     166,     138,       8,       1,       3,       1,     10.0000,      1.3810,     42.3064,    243.4465,     61.2663,      3.4953,      0.0007,     -0.0307,      1.9484,      0.1478,      5.4687,     10.9374,      1.3064,     28.0784,     56.1568,      0.0188,      0.0016,      0.0156,      0.1985,   7500.5693,-418697.1562,   -922.2002,    539.8088,  25001.8965,
       1,     166,     138,       9,       1,       3,       1,     10.0000,      1.3810,     42.3064,    243.4465,     61.2663,      3.4953,      0.0019,     -0.0299,      1.8492,      0.1630,      5.4687,     10.9374,      1.4400,     28.0784,     56.1568,      0.0188,      0.0015,      0.0156,      0.1985,   7500.5693,-418279.2188,   -922.2169,    539.8370,  25001.8945,
       1,     166,     138,      10,       1,       3,       1,     10.0000,      1.3810,     42.3064,    243.4465,     61.2663,      3.4953,      0.0156,     -0.0171,      0.0546,      0.1877,      5.4687,     10.9374,      1.6585,     28.0784,     56.1568,      0.0188,      0.0010,      0.0007,      0.1985,   7500.5688,-418116.5000,   -922.2729,    539.8480,  25001.8965,
       1,     166,     138,      11,       1,       3,       1,     10.0000,      1.3810,     42.3064,    243.4465,     61.2663,      3.4953,      0.1169,      0.0843,     17.5615,      0.1879,      5.4687,     10.9374,      1.6602,     28.0784,     56.1568,      0.0188,      0.0015,      0.1497,      0.1985,   7500.5693,-415807.4375,   -921.8978,    540.0038,  25001.8945,
       1,     166,     138,      12,       1,       3,       1,     10.0000,      1.3810,     42.3064,    243.4465,     61.2663,      3.4953,      0.1769,      0.1445,     22.5312,      0.1809,      5.4687,     10.9374,      1.5988,     28.0784,     56.1568,      0.0188,      0.0012,      0.2384,      0.1985,   7500.5688,-437995.2812,   -926.2344,    538.5061,  25001.8926,
       1,     166,     138,      13,       1,       3,       1,     10.0000,      1.3810,     42.3064,    243.4465,     61.2663,      3.4953,      0.1854,      0.1532,     30.5145,      0.1723,      5.4687,     10.9374,      1.5227,     28.0784,     56.1568,      0.0188,      0.0015,      0.2500,      0.1985,   7500.5679,-446272.9688,   -928.1581,    537.9510,  25001.8945,
       1,     166,     138,      14,       1,       3,       1,     10.0000,      1.3810,     42.3064,    243.4465,     61.2663,      3.4953,      0.1863,      0.1540,     41.9553,      0.1761,      5.4687,     10.9374,      1.5564,     28.0784,     56.1568,      0.0188,      0.0021,      0.2500,      0.1985,   7500.5688,-457197.1562,   -930.7742,    537.2167,  25001.8945,
       1,     166,     138,      15,       1,       3,       1,     10.0000,      1.3810,     42.3064,    243.4465,     61.2663,      3.4953,      0.1880,      0.1570,     59.9912,      0.1392,      5.4687,     10.9374,      1.2297,     28.0784,     56.1568,      0.0188,      0.0030,      0.2500,      0.1984,   7500.5688,-472778.0938,   -934.2234,    536.1709,  25001.8965,
       1,     166,     138,      16,       1,       3,       1,     10.0000,      1.3810,     42.3064,    243.4465,     61.2663,      3.4953,      0.1640,      0.1335,     55.9778,      0.1249,      5.4687,     10.9374,      1.1033,     28.0784,     56.1568,      0.0188,      0.0033,      0.2150,      0.1984,   7500.5693,-497204.4062,   -926.2737,    534.5349,  25001.8945,
       1,     166,     138,      17,       1,       3,       1,     10.0000,      1.3810,     42.3064,    243.4465,     61.2663,      3.4953,      0.1109,      0.0806,     33.3852,      0.1217,      5.4687,     10.9374,      1.0755,     28.0784,     56.1568,      0.0188,      0.0030,      0.1398,      0.1984,   7500.5688,-494173.5625,   -925.5709,    534.7398,  25001.8945,
       1,     166,     138,      18,       1,       3,       1,     10.0000,      1.3810,     42.3064,    243.4465,     61.2663,      3.4953,      0.1393,      0.1089,     35.1956,      0.1241,      5.4687,     10.9374,      1.0966,     28.0784,     56.1568,      0.0188,      0.0024,      0.1812,      0.1984,   7500.5688,-464985.9375,   -919.7220,    536.6909,  25001.8945,
       1,     166,     138,      19,       1,       3,       1,     10.0000,      1.3810,     42.3064,    243.4465,     61.2663,      3.4953,      0.0821,      0.0516,     17.9505,      0.1252,      5.4687,     10.9374,      1.1067,     28.0784,     56.1568,      0.0188,      0.0023,      0.0991,      0.1984,   7500.5688,-464803.7812,   -920.8550,    536.7067,  25001.8945,
       1,     166,     138,      20,       1,       3,       1,     10.0000,      1.3810,     42.3064,    243.4465,     61.2663,      3.4953,      0.0088,     -0.0218,      1.0443,      0.1281,      5.4687,     10.9374,      1.1317,     28.0784,     56.1568,      0.0188,      0.0008,      0.0156,      0.1984,   7500.5688,-442715.5000,   -915.4710,    538.1885,  25001.8965,
       1,     166,     138,      21,       1,       3,       1,     10.0000,      1.3810,     42.3064,    243.4465,     61.2663,      3.4953,      0.0000,     -0.0307,      0.4130,      0.1298,      5.4687,     10.9374,      1.1467,     28.0784,     56.1568,      0.0188,      0.0003,      0.0156,      0.1985,   7500.5693,-419192.5000,   -911.4518,    539.7730,  25001.8945,
       1,     166,     138,      22,       1,       3,       1,     10.0000,      1.3810,     42.3064,    243.4465,     61.2663,      3.4953,      0.0000,     -0.0307,      0.3243,      0.1310,      5.4687,     10.9374,      1.1572,     28.0784,     56.1568,      0.0188,      0.0003,      0.0156,      0.1985,   7500.5688,-416361.7812,   -910.9684,    539.9664,  25001.8945,
       1,     166,     138,      23,       1,       3,       1,     10.0000,      1.3810,     42.3064,    243.4465,     61.2663,      3.4953,      0.0000,     -0.0308,      0.3337,      0.1343,      5.4687,     10.9374,      1.1870,     28.0784,     56.1568,      0.0188,      0.0003,      0.0156,      0.1985,   7500.5688,-416001.1562,   -910.9070,    539.9907,  25001.8965,
       1,     166,     138,      24,       1,       3,       1,     10.0000,      1.3810,     42.3064,    243.4465,     61.2663,      3.4953,      0.0000,     -0.0309,      0.3310,      0.1369,      5.4687,     10.9374,      1.2100,     28.0784,     56.1568,      0.0188,      0.0003,      0.0156,      0.1985,   7500.5693,-415981.7812,   -910.0851,    539.9920,  25001.8906,
       1,     166,     139,       1,       1,       3,       1,     10.0000,      1.3811,     42.3068,    243.4523,     61.2678,      3.4953,      0.0000,     -0.0310,      0.3388,      0.1397,      5.4693,     10.9386,      1.2347,     28.0739,     56.1478,      0.0188,      0.0003,      0.0156,      0.1985,   7500.5674,-416135.1250,   -910.3738,    539.9946,  25003.0273,
       1,     166,     139,       2,       1,       3,       1,     10.0000,      1.3811,     42.3068,    243.4523,     61.2678,      3.4953,      0.0000,     -0.0311,      0.3455,      0.1422,      5.4693,     10.9386,      1.2561,     28.0739,     56.1478,      0.0188,      0.0003,      0.0156,      0.1985,   7500.9087,-416003.2500,   -910.0876,    540.0035,  25003.0254,
       1,     166,     139,       3,       1,       3,       1,     10.0000,      1.3811,     42.3068,    243.4523,     61.2678,      3.4953,      0.0000,     -0.0312,      0.3507,      0.1440,      5.4693,     10.9386,      1.2727,     28.0739,     56.1478,      0.0188,      0.0003,      0.0156,      0.1985,   7500.9077,-416000.7500,   -910.0899,    540.0037,  25003.0254,
       1,     166,     139,       4,       1,       3,       1,     10.0000,      1.3811,     42.3068,    243.4523,     61.2678,      3.4953,      0.0000,     -0.0312,      0.3499,      0.1437,      5.4693,     10.9386,      1.2701,     28.0739,     56.1478,      0.0188,      0.0003,      0.0156,      0.1985,   7500.9077,-416007.1250,   -910.0928,    540.0032,  25003.0273,
       1,     166,     139,       5,       1,       3,       1,     10.0000,      1.3811,     42.3068,    243.4523,     61.2678,      3.4953,      0.0000,     -0.0312,      0.3495,      0.1436,      5.4693,     10.9386,      1.2689,     28.0739,     56.1478,      0.0188,      0.0003,      0.0156,      0.1985,   7500.9087,-416006.5000,   -910.0939,    540.0034,  25003.0273,
       1,     166,     139,       6,       1,       3,       1,     10.0000,      1.3811,     42.3068,    243.4523,     61.2678,      3.4953,      0.0000,     -0.0314,      0.3639,      0.1487,      5.4693,     10.9386,      1.3144,     28.0739,     56.1478,      0.0188,      0.0003,      0.0156,      0.1985,   7500.9087,-416005.7500,   -910.0956,    540.0034,  25003.0273,
       1,     166,     139,       7,       1,       3,       1,     10.0000,      1.3811,     42.3068,    243.4523,     61.2678,      3.4953,      0.0000,     -0.0313,      0.4610,      0.1471,      5.4693,     10.9386,      1.2999,     28.0739,     56.1478,      0.0188,      0.0004,      0.0156,      0.1985,   7500.9087,-416024.1562,   -910.1007,    540.0021,  25003.0254,
       1,     166,     139,       8,       1,       3,       1,     10.0000,      1.3811,     42.3068,    243.4523,     61.2678,      3.4953,      0.0147,     -0.0164,      0.0699,      0.1432,      5.4693,     10.9386,      1.2650,     28.0739,     56.1478,      0.0188,      0.0006,      0.0014,      0.1985,   7500.9077,-416150.3125,   -910.1423,    539.9937,  25003.0273,
       1,     166,     139,       9,       1,       3,       1,     10.0000,      1.3811,     42.3068,    243.4523,     61.2678,      3.4953,      0.0705,      0.0392,      5.8074,      0.1473,      5.4693,     10.9386,      1.3012,     28.0739,     56.1478,      0.0188,      0.0009,      0.0829,      0.1985,   7500.9087,-415660.6562,   -910.1573,    540.0266,  25003.0273,
       1,     166,     139,      10,       1,       3,       1,     10.0000,      1.3811,     42.3068,    243.4523,     61.2678,      3.4953,      0.1744,      0.1419,     18.5408,      0.1826,      5.4693,     10.9386,      1.6132,     28.0739,     56.1478,      0.0188,      0.0010,      0.2352,      0.1985,   7500.9087,-422954.3125,   -911.8427,    539.5343,  25003.0273,
       1,     166,     139,      11,       1,       3,       1,     10.0000,      1.3811,     42.3068,    243.4523,     61.2678,      3.4953,      0.1855,      0.1532,     31.9051,      0.1753,      5.4693,     10.9386,      1.5488,     28.0739,     56.1478,      0.0188,      0.0016,      0.2500,      0.1985,   7500.9087,-439866.8750,   -916.1095,    538.3939,  25003.0273,
       1,     166,     139,      12,       1,       3,       1,     10.0000,      1.3811,     42.3068,    243.4523,     61.2678,      3.4953,      0.1857,      0.1528,     35.8941,      0.1953,      5.4693,     10.9386,      1.7255,     28.0739,     56.1478,      0.0188,      0.0018,      0.2500,      0.1985,   7500.9087,-458422.1875,   -920.5995,    537.1463,  25003.0273,
       1,     166,     139,      13,       1,       3,       1,     10.0000,      1.3811,     42.3068,    243.4523,     61.2678,      3.4953,      0.1749,      0.1421,     30.9977,      0.1911,      5.4693,     10.9386,      1.6884,     28.0739,     56.1478,      0.0188,      0.0017,      0.2344,      0.1985,   7500.9087,-465126.8125,   -923.5055,    536.6976,  25003.0273,
       1,     166,     139,      14,       1,       3,       1,     10.0000,      1.3811,     42.3068,    243.4523,     61.2678,      3.4953,      0.1250,      0.0922,     16.6307,      0.1930,      5.4693,     10.9386,      1.7052,     28.0739,     56.1478,      0.0188,      0.0013,      0.1618,      0.1985,   7500.9087,-459437.5938,   -923.4524,    537.0795,  25003.0273,
       1,     166,     139,      15,       1,       3,       1,     10.0000,      1.3811,     42.3068,    243.4523,     61.2678,      3.4953,      0.1637,      0.1303,     74.2831,      0.2140,      5.4693,     10.9386,      1.8910,     28.0739,     56.1478,      0.0188,      0.0044,      0.2128,      0.1985,   7500.9087,-440566.8438,   -920.5250,    538.3464,  25003.0254,
       1,     166,     139,      16,       1,       3,       1,     10.0000,      1.3811,     42.3068,    243.4523,     61.2678,      3.4953,      0.1511,      0.1177,     61.4000,      0.2146,      5.4693,     10.9386,      1.8966,     28.0739,     56.1478,      0.0188,      0.0039,      0.1955,      0.1985,   7500.9077,-512687.0938,   -934.8700,    533.4948,  25003.0254,
       1,     166,     139,      17,       1,       3,       1,     10.0000,      1.3811,     42.3068,    243.4523,     61.2678,      3.4953,      0.1656,      0.1323,     73.8966,      0.2082,      5.4693,     10.9386,      1.8397,     28.0739,     56.1478,      0.0188,      0.0043,      0.2156,      0.1984,   7500.9077,-502463.6250,   -934.1009,    534.1984,  25003.0273,
       1,     166,     139,      18,       1,       3,       1,     10.0000,      1.3811,     42.3068,    243.4523,     61.2678,      3.4953,      0.1150,      0.0820,     59.2929,      0.1974,      5.4693,     10.9386,      1.7444,     28.0739,     56.1478,      0.0188,      0.0052,      0.1418,      0.1984,   7500.9087,-517557.2188,   -938.0450,    533.1909,  25003.0273,
       1,     166,     139,      19,       1,       3,       1,     10.0000,      1.3811,     42.3068,    243.4523,     61.2678,      3.4953,      0.0639,      0.0313,     28.4360,      0.1871,      5.4693,     10.9386,      1.6537,     28.0739,     56.1478,      0.0188,      0.0051,      0.0695,      0.1984,   7500.9087,-500155.6250,   -935.8176,    534.3517,  25003.0273,
       1,     166,     139,      20,       1,       3,       1,     10.0000,      1.3811,     42.3068,    243.4523,     61.2678,      3.4953,      0.0110,     -0.0211,      6.4334,      0.1711,      5.4693,     10.9386,      1.5122,     28.0739,     56.1478,      0.0188,      0.0052,      0.0156,      0.1984,   7500.9087,-459160.0000,   -928.9582,    537.0912,  25003.0293,
       1,     166,     139,      21,       1,       3,       1,     10.0000,      1.3811,     42.3068,    243.4523,     61.2678,      3.4953,      0.0000,     -0.0319,      5.9853,      0.1630,      5.4693,     10.9386,      1.4400,     28.0739,     56.1478,      0.0188,      0.0048,      0.0156,      0.1985,   7500.9092,-427505.1562,   -923.5716,    539.2235,  25003.0254,
       1,     166,     139,      22,       1,       3,       1,     10.0000,      1.3811,     42.3068,    243.4523,     61.2678,      3.4953,      0.0000,     -0.0317,      5.9109,      0.1597,      5.4693,     10.9386,      1.4115,     28.0739,     56.1478,      0.0188,      0.0047,      0.0156,      0.1985,   7500.9077,-424209.6562,   -923.3101,    539.4498,  25003.0273,
       1,     166,     139,      23,       1,       3,       1,     10.0000,      1.3811,     42.3068,    243.4523,     61.2678,      3.4953,      0.0000,     -0.0313,      5.1788,      0.1481,      5.4693,     10.9386,      1.3091,     28.0739,     56.1478,      0.0188,      0.0042,      0.0156,      0.1985,   7500.9087,-423824.8750,   -923.5392,    539.4758,  25003.0273,
       1,     166,     139,      24,       1,       3,       1,     10.0000,      1.3811,     42.3068,    243.4523,     61.2678,      3.4953,      0.0000,     -0.0310,      4.2740,      0.1396,      5.4693,     10.9386,      1.2335,     28.0739,     56.1478,      0.0188,      0.0034,      0.0156,      0.1985,   7500.9087,-422855.3750,   -923.5758,    539.5412,  25003.0273,
       1,     166,     140,       1,       1,       3,       1,     10.0000,      1.3811,     42.3071,    243.4581,     61.2692,      3.4953,      0.0000,     -0.0311,      3.3748,      0.1404,      5.4682,     10.9363,      1.2410,     28.0743,     56.1487,      0.0188,      0.0027,      0.0156,      0.1985,   7500.9087,-421771.7188,   -923.8300,    539.6271,  25004.1641,
       1,     166,     140,       2,       1,       3,       1,     10.0000,      1.3811,     42.3071,    243.4581,     61.2692,      3.4953,      0.0000,     -0.0311,      2.6614,      0.1410,      5.4682,     10.9363,      1.2460,     28.0743,     56.1487,      0.0188,      0.0021,      0.0156,      0.1985,   7501.2495,-420373.6562,   -923.4446,    539.7214,  25004.1621,
       1,     166,     140,       3,       1,       3,       1,     10.0000,      1.3811,     42.3071,    243.4581,     61.2692,      3.4953,      0.0000,     -0.0311,      2.2692,      0.1400,      5.4682,     10.9363,      1.2373,     28.0743,     56.1487,      0.0188,      0.0018,      0.0156,      0.1985,   7501.2490,-419341.2188,   -922.2589,    539.7911,  25004.1621,
       1,     166,     140,       4,       1,       3,       1,     10.0000,      1.3811,     42.3071,    243.4581,     61.2692,      3.4953,      0.0000,     -0.0309,      1.2095,      0.1360,      5.4682,     10.9363,      1.2015,     28.0743,     56.1487,      0.0188,      0.0010,      0.0156,      0.1985,   7501.2490,-418750.7188,   -922.2628,    539.8309,  25004.1621,
       1,     166,     140,       5,       1,       3,       1,     10.0000,      1.3811,     42.3071,    243.4581,     61.2692,      3.4953,      0.0000,     -0.0309,      0.7633,      0.1358,      5.4682,     10.9363,      1.2003,     28.0743,     56.1487,      0.0188,      0.0006,      0.0156,      0.1985,   7501.2490,-417344.9688,   -922.0542,    539.9258,  25004.1621,
       1,     166,     140,       6,       1,       3,       1,     10.0000,      1.3811,     42.3071,    243.4581,     61.2692,      3.4953,      0.0000,     -0.0310,      0.7735,      0.1375,      5.4682,     10.9363,      1.2150,     28.0743,     56.1487,      0.0188,      0.0006,      0.0156,      0.1985,   7501.2490,-416653.1875,   -921.9526,    539.9725,  25004.1621,
       1,     166,     140,       7,       1,       3,       1,     10.0000,      1.3811,     42.3071,    243.4581,     61.2692,      3.4953,      0.0000,     -0.0307,      0.6878,      0.1306,      5.4682,     10.9363,      1.1538,     28.0743,     56.1487,      0.0188,      0.0006,      0.0156,      0.1985,   7501.2490,-416606.5938,   -921.9680,    539.9756,  25004.1621,
       1,     166,     140,       8,       1,       3,       1,     10.0000,      1.3811,     42.3071,    243.4581,     61.2692,      3.4953,      0.0087,     -0.0216,      0.5089,      0.1182,      5.4682,     10.9363,      1.0442,     28.0743,     56.1487,      0.0188,      0.0004,      0.0156,      0.1985,   7501.2490,-416492.9688,   -910.2321,    539.9833,  25004.1641,
       1,     166,     140,       9,       1,       3,       1,     10.0000,      1.3811,     42.3071,    243.4581,     61.2692,      3.4953,      0.0682,      0.0376,      2.0529,      0.1258,      5.4682,     10.9363,      1.1112,     28.0743,     56.1487,      0.0188,      0.0003,      0.0805,      0.1985,   7501.2495,-416254.2188,   -910.1863,    539.9994,  25004.1602,
       1,     166,     140,      10,       1,       3,       1,     10.0000,      1.3811,     42.3071,    243.4581,     61.2692,      3.4953,      0.1059,      0.0754,      3.0585,      0.1252,      5.4682,     10.9363,      1.1067,     28.0743,     56.1487,      0.0188,      0.0003,      0.1359,      0.1985,   7501.2485,-418208.1562,   -910.7785,    539.8676,  25004.1602,
       1,     166,     140,      11,       1,       3,       1,     10.0000,      1.3811,     42.3071,    243.4581,     61.2692,      3.4953,      0.1330,      0.1015,      4.3864,      0.1524,      5.4682,     10.9363,      1.3465,     28.0743,     56.1487,      0.0188,      0.0003,      0.1754,      0.1985,   7501.2485,-419662.5312,   -910.9914,    539.7695,  25004.1602,
       1,     166,     140,      12,       1,       3,       1,     10.0000,      1.3811,     42.3071,    243.4581,     61.2692,      3.4953,      0.1716,      0.1390,     10.5318,      0.1857,      5.4682,     10.9363,      1.6406,     28.0743,     56.1487,      0.0188,      0.0006,      0.2319,      0.1985,   7501.2485,-421485.6250,   -911.7357,    539.6464,  25004.1621,
       1,     166,     140,      13,       1,       3,       1,     10.0000,      1.3811,     42.3071,    243.4581,     61.2692,      3.4953,      0.1468,      0.1134,      7.3214,      0.2149,      5.4682,     10.9363,      1.8985,     28.0743,     56.1487,      0.0188,      0.0005,      0.1954,      0.1985,   7501.2490,-429499.8438,   -914.0983,    539.1059,  25004.1641,
       1,     166,     140,      14,       1,       3,       1,     10.0000,      1.3811,     42.3071,    243.4581,     61.2692,      3.4953,      0.1666,      0.1330,      8.4813,      0.2215,      5.4682,     10.9363,      1.9571,     28.0743,     56.1487,      0.0188,      0.0005,      0.2250,      0.1985,   7501.2495,-426086.4375,   -914.0730,    539.3361,  25004.1641,
       1,     166,     140,      15,       1,       3,       1,     10.0000,      1.3811,     42.3071,    243.4581,     61.2692,      3.4953,      0.1676,      0.1343,      9.2263,      0.2078,      5.4682,     10.9363,      1.8361,     28.0743,     56.1487,      0.0188,      0.0005,      0.2262,      0.1985,   7501.2495,-427275.0625,   -915.0614,    539.2560,  25004.1602,
       1,     166,     140,      16,       1,       3,       1,     10.0000,      1.3811,     42.3071,    243.4581,     61.2692,      3.4953,      0.1568,      0.1241,     24.0156,      0.1915,      5.4682,     10.9363,      1.6918,     28.0743,     56.1487,      0.0188,      0.0014,      0.2084,      0.1985,   7501.2485,-428330.5938,   -915.9772,    539.1849,  25004.1621,
       1,     166,     140,      17,       1,       3,       1,     10.0000,      1.3811,     42.3071,    243.4581,     61.2692,      3.4953,      0.1273,      0.0948,     33.3104,      0.1822,      5.4682,     10.9363,      1.6100,     28.0743,     56.1487,      0.0188,      0.0026,      0.1633,      0.1985,   7501.2490,-447331.9062,   -920.1609,    537.9042,  25004.1641,
       1,     166,     140,      18,       1,       3,       1,     10.0000,      1.3811,     42.3071,    243.4581,     61.2692,      3.4953,      0.0808,      0.0497,     29.2159,      0.1402,      5.4682,     10.9363,      1.2385,     28.0743,     56.1487,      0.0188,      0.0038,      0.0955,      0.1985,   7501.2495,-460862.3750,   -918.9583,    536.9960,  25004.1621,
       1,     166,     140,      19,       1,       3,       1,     10.0000,      1.3811,     42.3071,    243.4581,     61.2692,      3.4953,      0.0184,     -0.0120,      2.3762,      0.1206,      5.4682,     10.9363,      1.0658,     28.0743,     56.1487,      0.0188,      0.0039,      0.0076,      0.1985,   7501.2490,-456789.9062,   -918.2946,    537.2701,  25004.1621,
       1,     166,     140,      20,       1,       3,       1,     10.0000,      1.3811,     42.3071,    243.4581,     61.2692,      3.4953,      0.0048,     -0.0257,      4.9688,      0.1265,      5.4682,     10.9363,      1.1180,     28.0743,     56.1487,      0.0188,      0.0040,      0.0156,      0.1985,   7501.2490,-422105.1562,   -911.8947,    539.5996,  25004.1621,
       1,     166,     140,      21,       1,       3,       1,     10.0000,      1.3811,     42.3071,    243.4581,     61.2692,      3.4953,      0.0000,     -0.0305,      3.3804,      0.1245,      5.4682,     10.9363,      1.1000,     28.0743,     56.1487,      0.0188,      0.0027,      0.0156,      0.1985,   7501.2490,-422447.0625,   -912.6519,    539.5816,  25004.1621,
       1,     166,     140,      22,       1,       3,       1,     10.0000,      1.3811,     42.3071,    243.4581,     61.2692,      3.4953,      0.0000,     -0.0304,      2.7582,      0.1241,      5.4682,     10.9363,      1.0966,     28.0743,     56.1487,      0.0188,      0.0022,      0.0156,      0.1985,   7501.2490,-420439.3750,   -912.6656,    539.7170,  25004.1621,
       1,     166,     140,      23,       1,       3,       1,     10.0000,      1.3811,     42.3071,    243.4581,     61.2692,      3.4953,      0.0000,     -0.0304,      0.7980,      0.1236,      5.4682,     10.9363,      1.0922,     28.0743,     56.1487,      0.0188,      0.0006,      0.0156,      0.1985,   7501.2490,-419470.6562,   -912.7757,    539.7823,  25004.1641,
       1,     166,     140,      24,       1,       3,       1,     10.0000,      1.3811,     42.3071,    243.4581,     61.2692,      3.4953,      0.0000,     -0.0305,      0.3142,      0.1256,      5.4682,     10.9363,      1.1101,     28.0743,     56.1487,      0.0188,      0.0003,      0.0156,      0.1985,   7501.2495,-416880.7500,   -912.3728,    539.9571,  25004.1621,
       1,     166,     141,       1,       1,       3,       1,     10.0000,      1.3811,     42.3075,    243.4639,     61.2707,      3.4953,      0.0000,     -0.0305,      0.3010,      0.1260,      5.4694,     10.9389,      1.1135,     28.0694,     56.1387,      0.0188,      0.0002,      0.0156,      0.1986,   7501.2490,-416196.6250,   -912.5149,    540.0162,  25005.2949,
       1,     166,     141,       2,       1,       3,       1,     10.0000,      1.3811,     42.3075,    243.4639,     61.2707,      3.4953,      0.0000,     -0.0305,      0.3010,      0.1260,      5.4694,     10.9389,      1.1135,     28.0694,     56.1387,      0.0188,      0.0002,      0.0156,      0.1986,   7501.5889,-415966.1875,   -912.2209,    540.0318,  25005.2930,
       1,     166,     141,       3,       1,       3,       1,     10.0000,      1.3811,     42.3075,    243.4639,     61.2707,      3.4953,      0.0000,     -0.0306,      0.3628,      0.1268,      5.4694,     10.9389,      1.1203,     28.0694,     56.1387,      0.0188,      0.0003,      0.0156,      0.1986,   7501.5884,-415946.4688,   -912.2195,    540.0331,  25005.2949,
       1,     166,     141,       4,       1,       3,       1,     10.0000,      1.3811,     42.3075,    243.4639,     61.2707,      3.4953,      0.0000,     -0.0306,      0.4980,      0.1272,      5.4694,     10.9389,      1.1237,     28.0694,     56.1387,      0.0188,      0.0004,      0.0156,      0.1986,   7501.5889,-416023.6250,   -912.2420,    540.0280,  25005.2949,
       1,     166,     141,       5,       1,       3,       1,     10.0000,      1.3811,     42.3075,    243.4639,     61.2707,      3.4953,      0.0000,     -0.0302,      0.6164,      0.1187,      5.4694,     10.9389,      1.0485,     28.0694,     56.1387,      0.0188,      0.0005,      0.0156,      0.1986,   7501.5889,-416203.0000,   -910.1512,    540.0159,  25005.2930,
       1,     166,     141,       6,       1,       3,       1,     10.0000,      1.3811,     42.3075,    243.4639,     61.2707,      3.4953,      0.0000,     -0.0300,      0.6440,      0.1127,      5.4694,     10.9389,      0.9962,     28.0694,     56.1387,      0.0188,      0.0005,      0.0156,      0.1986,   7501.5884,-416369.9375,   -910.2012,    540.0045,  25005.2930,
       1,     166,     141,       7,       1,       3,       1,     10.0000,      1.3811,     42.3075,    243.4639,     61.2707,      3.4953,      0.0000,     -0.0301,      0.6080,      0.1152,      5.4694,     10.9389,      1.0179,     28.0694,     56.1387,      0.0188,      0.0005,      0.0156,      0.1986,   7501.5884,-416419.7500,   -910.2664,    540.0012,  25005.2949,
       1,     166,     141,       8,       1,       3,       1,     10.0000,      1.3811,     42.3075,    243.4639,     61.2707,      3.4953,      0.0138,     -0.0163,      0.0516,      0.1145,      5.4694,     10.9389,      1.0117,     28.0694,     56.1387,      0.0188,      0.0004,      0.0015,      0.1986,   7501.5889,-416377.8750,   -910.3088,    540.0040,  25005.2949,
       1,     166,     141,       9,       1,       3,       1,     10.0000,      1.3811,     42.3075,    243.4639,     61.2707,      3.4953,      0.0860,      0.0559,      4.6212,      0.1176,      5.4694,     10.9389,      1.0389,     28.0694,     56.1387,      0.0188,      0.0005,      0.1067,      0.1986,   7501.5889,-415662.9062,   -910.2661,    540.0523,  25005.2949,
       1,     166,     141,      10,       1,       3,       1,     10.0000,      1.3811,     42.3075,    243.4639,     61.2707,      3.4953,      0.1314,      0.1008,      3.6483,      0.1273,      5.4694,     10.9389,      1.1249,     28.0694,     56.1387,      0.0188,      0.0003,      0.1733,      0.1986,   7501.5889,-421442.4375,   -911.7640,    539.6622,  25005.2930,
       1,     166,     141,      11,       1,       3,       1,     10.0000,      1.3811,     42.3075,    243.4639,     61.2707,      3.4953,      0.1756,      0.1444,      5.3564,      0.1432,      5.4694,     10.9389,      1.2651,     28.0694,     56.1387,      0.0188,      0.0003,      0.2381,      0.1985,   7501.5884,-420697.8750,   -911.4818,    539.7125,  25005.2949,
       1,     166,     141,      12,       1,       3,       1,     10.0000,      1.3811,     42.3075,    243.4639,     61.2707,      3.4953,      0.1742,      0.1424,      6.0702,      0.1618,      5.4694,     10.9389,      1.4300,     28.0694,     56.1387,      0.0188,      0.0003,      0.2362,      0.1985,   7501.5889,-422817.0000,   -912.7831,    539.5696,  25005.2969,
       1,     166,     141,      13,       1,       3,       1,     10.0000,      1.3811,     42.3075,    243.4639,     61.2707,      3.4953,      0.1724,      0.1405,      6.1757,      0.1659,      5.4694,     10.9389,      1.4662,     28.0694,     56.1387,      0.0188,      0.0003,      0.2335,      0.1985,   7501.5894,-423912.1562,   -914.0072,    539.4957,  25005.2949,
       1,     166,     141,      14,       1,       3,       1,     10.0000,      1.3811,     42.3075,    243.4639,     61.2707,      3.4953,      0.1835,      0.1512,      7.1372,      0.1774,      5.4694,     10.9389,      1.5674,     28.0694,     56.1387,      0.0188,      0.0004,      0.2500,      0.1985,   7501.5889,-424141.7500,   -914.9100,    539.4802,  25005.2949,
       1,     166,     141,      15,       1,       3,       1,     10.0000,      1.3811,     42.3075,    243.4639,     61.2707,      3.4953,      0.1548,      0.1221,      6.7693,      0.1890,      5.4694,     10.9389,      1.6702,     28.0694,     56.1387,      0.0188,      0.0004,      0.2074,      0.1985,   7501.5889,-425390.7500,   -913.5302,    539.3960,  25005.2969,
       1,     166,     141,      16,       1,       3,       1,     10.0000,      1.3811,     42.3075,    243.4639,     61.2707,      3.4953,      0.1459,      0.1129,     22.2675,      0.2017,      5.4694,     10.9389,      1.7827,     28.0694,     56.1387,      0.0188,      0.0014,      0.1923,      0.1985,   7501.5894,-425027.8125,   -914.2728,    539.4204,  25005.2930,
       1,     166,     141,      17,       1,       3,       1,     10.0000,      1.3811,     42.3075,    243.4639,     61.2707,      3.4953,      0.1413,      0.1095,     35.5342,      0.1604,      5.4694,     10.9389,      1.4172,     28.0694,     56.1387,      0.0188,      0.0024,      0.1840,      0.1985,   7501.5884,-444810.7500,   -918.6290,    538.0865,  25005.2949,
       1,     166,     141,      18,       1,       3,       1,     10.0000,      1.3811,     42.3075,    243.4639,     61.2707,      3.4953,      0.1093,      0.0775,     28.3715,      0.1631,      5.4694,     10.9389,      1.4415,     28.0694,     56.1387,      0.0188,      0.0026,      0.1374,      0.1985,   7501.5889,-463486.6562,   -922.8885,    536.8320,  25005.2949,
       1,     166,     141,      19,       1,       3,       1,     10.0000,      1.3811,     42.3075,    243.4639,     61.2707,      3.4953,      0.0730,      0.0413,     21.5656,      0.1583,      5.4694,     10.9389,      1.3989,     28.0694,     56.1387,      0.0188,      0.0032,      0.0845,      0.1985,   7501.5889,-455934.4375,   -922.2578,    537.3403,  25005.2949,
       1,     166,     141,      20,       1,       3,       1,     10.0000,      1.3811,     42.3075,    243.4639,     61.2707,      3.4953,      0.0063,     -0.0252,      3.9701,      0.1519,      5.4694,     10.9389,      1.3425,     28.0694,     56.1387,      0.0188,      0.0032,      0.0156,      0.1985,   7501.5889,-446578.4375,   -921.1942,    537.9689,  25005.2930,
       1,     166,     141,      21,       1,       3,       1,     10.0000,      1.3811,     42.3075,    243.4639,     61.2707,      3.4953,      0.0000,     -0.0313,      5.0383,      0.1456,      5.4694,     10.9389,      1.2869,     28.0694,     56.1387,      0.0188,      0.0040,      0.0156,      0.1985,   7501.5884,-423271.8438,   -917.3738,    539.5366,  25005.2949,
       1,     166,     141,      22,       1,       3,       1,     10.0000,      1.3811,     42.3075,    243.4639,     61.2707,      3.4953,      0.0000,     -0.0313,      2.7961,      0.1473,      5.4694,     10.9389,      1.3013,     28.0694,     56.1387,      0.0188,      0.0022,      0.0156,      0.1985,   7501.5889,-422635.2188,   -917.6967,    539.5818,  25005.2930,
       1,     166,     141,      23,       1,       3,       1,     10.0000,      1.3811,     42.3075,    243.4639,     61.2707,      3.4953,      0.0000,     -0.0313,      2.6336,      0.1479,      5.4694,     10.9389,      1.3065,     28.0694,     56.1387,      0.0188,      0.0021,      0.0156,      0.1985,   7501.5884,-419711.2812,   -917.3671,    539.7791,  25005.2930,
       1,     166,     141,      24,       1,       3,       1,     10.0000,      1.3811,     42.3075,    243.4639,     61.2707,      3.4953,      0.0000,     -0.0312,      2.4116,      0.1451,      5.4694,     10.9389,      1.2818,     28.0694,     56.1387,      0.0188,      0.0019,      0.0156,      0.1986,   7501.5884,-419251.3438,   -917.4836,    539.8101,  25005.2969,
       1,     166,     142,       1,       1,       3,       1,     10.0000,      1.3811,     42.3078,    243.4697,     61.2721,      3.4953,      0.0000,     -0.0312,      2.1245,      0.1437,      5.4692,     10.9384,      1.2702,     28.0695,     56.1390,      0.0188,      0.0017,      0.0156,      0.1986,   7501.5894,-419084.3125,   -917.8820,    539.8344,  25006.4277,
       1,     166,     142,       2,       1,       3,       1,     10.0000,      1.3811,     42.3078,    243.4697,     61.2721,      3.4953,      0.0000,     -0.0311,      1.6602,      0.1420,      5.4692,     10.9384,      1.2549,     28.0695,     56.1390,      0.0188,      0.0013,      0.0156,      0.1986,   7501.9287,-418548.6875,   -917.6579,    539.8705,  25006.4277,
       1,     166,     142,       3,       1,       3,       1,     10.0000,      1.3811,     42.3078,    243.4697,     61.2721,      3.4953,      0.0000,     -0.0309,      1.4360,      0.1360,      5.4692,     10.9384,      1.2016,     28.0695,     56.1390,      0.0188,      0.0012,      0.0156,      0.1986,   7501.9287,-417909.0938,   -917.6622,    539.9137,  25006.4277,
       1,     166,     142,       4,       1,       3,       1,     10.0000,      1.3811,     42.3078,    243.4697,     61.2721,      3.4953,      0.0000,     -0.0308,      1.2398,      0.1320,      5.4692,     10.9384,      1.1668,     28.0695,     56.1390,      0.0188,      0.0010,      0.0156,      0.1986,   7501.9287,-417567.2500,   -917.7023,    539.9367,  25006.4258,
       1,     166,     142,       5,       1,       3,       1,     10.0000,      1.3811,     42.3078,    243.4697,     61.2721,      3.4953,      0.0000,     -0.0306,      1.1855,      0.1283,      5.4692,     10.9384,      1.1341,     28.0695,     56.1390,      0.0188,      0.0010,      0.0156,      0.1986,   7501.9282,-417287.2812,   -917.7284,    539.9556,  25006.4238,
       1,     166,     142,       6,       1,       3,       1,     10.0000,      1.3811,     42.3078,    243.4697,     61.2721,      3.4953,      0.0000,     -0.0306,      0.9218,      0.1281,      5.4692,     10.9384,      1.1318,     28.0695,     56.1390,      0.0188,      0.0007,      0.0156,      0.1986,   7501.9272,-417193.9062,   -917.7718,    539.9619,  25006.4258,
       1,     166,     142,       7,       1,       3,       1,     10.0000,      1.3811,     42.3078,    243.4697,     61.2721,      3.4953,      0.0000,     -0.0306,      0.5408,      0.1290,      5.4692,     10.9384,      1.1399,     28.0695,     56.1390,      0.0188,      0.0004,      0.0156,      0.1986,   7501.9282,-416848.5938,   -917.7460,    539.9852,  25006.4258,
       1,     166,     142,       8,       1,       3,       1,     10.0000,      1.3811,     42.3078,    243.4697,     61.2721,      3.4953,      0.0056,     -0.0250,      0.7841,      0.1294,      5.4692,     10.9384,      1.1433,     28.0695,     56.1390,      0.0188,      0.0006,      0.0156,      0.1986,   7501.9282,-416331.8125,   -917.6683,    540.0201,  25006.4258,
       1,     166,     142,       9,       1,       3,       1,     10.0000,      1.3811,     42.3078,    243.4697,     61.2721,      3.4953,      0.0309,     -0.0000,      2.6406,      0.1376,      5.4692,     10.9384,      1.2163,     28.0695,     56.1390,      0.0188,      0.0013,      0.0252,      0.1986,   7501.9282,-416598.1562,   -917.7660,    540.0021,  25006.4277,
       1,     166,     142,      10,       1,       3,       1,     10.0000,      1.3811,     42.3078,    243.4697,     61.2721,      3.4953,      0.0781,      0.0465,      7.7407,      0.1566,      5.4692,     10.9384,      1.3836,     28.0695,     56.1390,      0.0188,      0.0010,      0.0937,      0.1986,   7501.9287,-418993.8750,   -918.3535,    539.8404,  25006.4258,
       1,     166,     142,      11,       1,       3,       1,     10.0000,      1.3811,     42.3078,    243.4697,     61.2721,      3.4953,      0.1462,      0.1143,     10.3784,      0.1631,      5.4692,     10.9384,      1.4415,     28.0695,     56.1390,      0.0188,      0.0007,      0.1941,      0.1986,   7501.9282,-425719.7188,   -919.8220,    539.3866,  25006.4258,
       1,     166,     142,      12,       1,       3,       1,     10.0000,      1.3811,     42.3078,    243.4697,     61.2721,      3.4953,      0.1498,      0.1178,      7.2897,      0.1651,      5.4692,     10.9384,      1.4589,     28.0695,     56.1390,      0.0188,      0.0005,      0.1998,      0.1986,   7501.9282,-429672.0938,   -921.0110,    539.1202,  25006.4258,
       1,     166,     142,      13,       1,       3,       1,     10.0000,      1.3811,     42.3078,    243.4697,     61.2721,      3.4953,      0.1398,      0.1075,      6.0641,      0.1779,      5.4692,     10.9384,      1.5722,     28.0695,     56.1390,      0.0188,      0.0004,      0.1851,      0.1986,   7501.9282,-426064.4062,   -920.7376,    539.3635,  25006.4277,
       1,     166,     142,      14,       1,       3,       1,     10.0000,      1.3811,     42.3078,    243.4697,     61.2721,      3.4953,      0.1678,      0.1355,     11.6513,      0.1755,      5.4692,     10.9384,      1.5504,     28.0695,     56.1390,      0.0188,      0.0006,      0.2260,      0.1986,   7501.9287,-424186.4688,   -920.6926,    539.4902,  25006.4258,
       1,     166,     142,      15,       1,       3,       1,     10.0000,      1.3811,     42.3078,    243.4697,     61.2721,      3.4953,      0.1854,      0.1526,     31.7378,      0.1915,      5.4692,     10.9384,      1.6919,     28.0695,     56.1390,      0.0188,      0.0016,      0.2500,      0.1986,   7501.9282,-431166.7188,   -922.3972,    539.0195,  25006.4258,
       1,     166,     142,      16,       1,       3,       1,     10.0000,      1.3811,     42.3078,    243.4697,     61.2721,      3.4953,      0.1603,      0.1277,     40.0844,      0.1883,      5.4692,     10.9384,      1.6636,     28.0695,     56.1390,      0.0188,      0.0024,      0.2117,      0.1986,   7501.9282,-457447.9688,   -928.0862,    537.2489,  25006.4238,
       1,     166,     142,      17,       1,       3,       1,     10.0000,      1.3811,     42.3078,    243.4697,     61.2721,      3.4953,      0.1272,      0.0946,     30.6765,      0.1859,      5.4692,     10.9384,      1.6423,     28.0695,     56.1390,      0.0188,      0.0024,      0.1634,      0.1985,   7501.9272,-470395.2812,   -931.0663,    536.3823,  25006.4258,
       1,     166,     142,      18,       1,       3,       1,     10.0000,      1.3811,     42.3078,    243.4697,     61.2721,      3.4953,      0.0959,      0.0633,     26.7030,      0.1844,      5.4692,     10.9384,      1.6294,     28.0695,     56.1390,      0.0188,      0.0029,      0.1173,      0.1985,   7501.9282,-459473.4375,   -929.4816,    537.1153,  25006.4238,
       1,     166,     142,      19,       1,       3,       1,     10.0000,      1.3811,     42.3078,    243.4697,     61.2721,      3.4953,      0.0439,      0.0118,      8.9463,      0.1683,      5.4692,     10.9384,      1.4869,     28.0695,     56.1390,      0.0188,      0.0026,      0.0424,      0.1985,   7501.9272,-453452.7812,   -928.7319,    537.5200,  25006.4258,
       1,     166,     142,      20,       1,       3,       1,     10.0000,      1.3811,     42.3078,    243.4697,     61.2721,      3.4953,      0.0113,     -0.0205,      4.0451,      0.1597,      5.4692,     10.9384,      1.4116,     28.0695,     56.1390,      0.0188,      0.0032,      0.0156,      0.1985,   7501.9282,-430226.2812,   -924.6491,    539.0807,  25006.4258,
       1,     166,     142,      21,       1,       3,       1,     10.0000,      1.3811,     42.3078,    243.4697,     61.2721,      3.4953,      0.0000,     -0.0316,      4.1909,      0.1561,      5.4692,     10.9384,      1.3794,     28.0695,     56.1390,      0.0188,      0.0034,      0.0156,      0.1986,   7501.9282,-421967.0312,   -923.2892,    539.6395,  25006.4258,
       1,     166,     142,      22,       1,       3,       1,     10.0000,      1.3811,     42.3078,    243.4697,     61.2721,      3.4953,      0.0000,     -0.0316,      4.1856,      0.1542,      5.4692,     10.9384,      1.3629,     28.0695,     56.1390,      0.0188,      0.0034,      0.0156,      0.1986,   7501.9282,-421439.2188,   -923.3348,    539.6754,  25006.4238,
       1,     166,     142,      23,       1,       3,       1,     10.0000,      1.3811,     42.3078,    243.4697,     61.2721,      3.4953,      0.0000,     -0.0315,      3.8777,      0.1539,      5.4692,     10.9384,      1.3602,     28.0695,     56.1390,      0.0188,      0.0031,      0.0156,      0.1986,   7501.9272,-421386.7500,   -923.4489,    539.6790,  25006.4258,
       1,     166,     142,      24,       1,       3,       1,     10.0000,      1.3811,     42.3078,    243.4697,     61.2721,      3.4953,      0.0000,     -0.0315,      3.5265,      0.1519,      5.4692,     10.9384,      1.3425,     28.0695,     56.1390,      0.0188,      0.0028,      0.0156,      0.1986,   7501.9282,-420988.4688,   -923.5022,    539.7059,  25006.4258,
       1,     166,     143,       1,       1,       3,       1,     10.0000,      1.3812,     42.3081,    243.4755,     61.2736,      3.4953,      0.0000,     -0.0314,      2.5188,      0.1500,      5.4689,     10.9379,      1.3251,     28.0639,     56.1278,      0.0188,      0.0020,      0.0156,      0.1986,   7501.9282,-420661.8438,   -923.8231,    539.7407,  25007.5605,
       1,     166,     143,       2,       1,       3,       1,     10.0000,      1.3812,     42.3081,    243.4755,     61.2736,      3.4953,      0.0000,     -0.0313,      1.6426,      0.1465,      5.4689,     10.9379,      1.2948,     28.0639,     56.1278,      0.0188,      0.0013,      0.0156,      0.1986,   7502.2686,-419191.1250,   -923.3576,    539.8400,  25007.5566,
       1,     166,     143,       3,       1,       3,       1,     10.0000,      1.3812,     42.3081,    243.4755,     61.2736,      3.4953,      0.0000,     -0.0312,      1.1590,      0.1427,      5.4689,     10.9379,      1.2613,     28.0639,     56.1278,      0.0188,      0.0009,      0.0156,      0.1986,   7502.2671,-417945.0625,   -923.1694,    539.9241,  25007.5586,
       1,     166,     143,       4,       1,       3,       1,     10.0000,      1.3812,     42.3081,    243.4755,     61.2736,      3.4953,      0.0000,     -0.0310,      1.0194,      0.1393,      5.4689,     10.9379,      1.2311,     28.0639,     56.1278,      0.0188,      0.0008,      0.0156,      0.1986,   7502.2681,-417219.4062,   -923.0583,    539.9730,  25007.5586,
       1,     166,     143,       5,       1,       3,       1,     10.0000,      1.3812,     42.3081,    243.4755,     61.2736,      3.4953,      0.0000,     -0.0311,      0.8554,      0.1409,      5.4689,     10.9379,      1.2449,     28.0639,     56.1278,      0.0188,      0.0007,      0.0156,      0.1986,   7502.2681,-416978.3125,   -923.0342,    539.9893,  25007.5605,
       1,     166,     143,       6,       1,       3,       1,     10.0000,      1.3812,     42.3081,    243.4755,     61.2736,      3.4953,      0.0000,     -0.0310,      0.9043,      0.1381,      5.4689,     10.9379,      1.2200,     28.0639,     56.1278,      0.0188,      0.0007,      0.0156,      0.1986,   7502.2686,-416747.5625,   -923.0079,    540.0049,  25007.5586,
       1,     166,     143,       7,       1,       3,       1,     10.0000,      1.3812,     42.3081,    243.4755,     61.2736,      3.4953,      0.0000,     -0.0309,      1.2148,      0.1364,      5.4689,     10.9379,      1.2053,     28.0639,     56.1278,      0.0188,      0.0010,      0.0156,      0.1986,   7502.2681,-416790.5000,   -923.0341,    540.0020,  25007.5586,
       1,     166,     143,       8,       1,       3,       1,     10.0000,      1.3812,     42.3081,    243.4755,     61.2736,      3.4953,      0.0054,     -0.0256,      1.0533,      0.1378,      5.4689,     10.9379,      1.2175,     28.0639,     56.1278,      0.0188,      0.0008,      0.0156,      0.1986,   7502.2681,-417191.0312,   -923.1295,    539.9750,  25007.5566,
       1,     166,     143,       9,       1,       3,       1,     10.0000,      1.3812,     42.3081,    243.4755,     61.2736,      3.4953,      0.0258,     -0.0063,      0.7902,      0.1703,      5.4689,     10.9379,      1.5048,     28.0639,     56.1278,      0.0188,      0.0006,      0.0165,      0.1986,   7502.2671,-417019.3438,   -923.1196,    539.9865,  25007.5605,
       1,     166,     143,      10,       1,       3,       1,     10.0000,      1.3812,     42.3081,    243.4755,     61.2736,      3.4953,      0.0921,      0.0592,      5.3310,      0.1965,      5.4689,     10.9379,      1.7359,     28.0639,     56.1278,      0.0188,      0.0006,      0.1140,      0.1986,   7502.2686,-416667.8750,   -923.0867,    540.0103,  25007.5586,
       1,     166,     143,      11,       1,       3,       1,     10.0000,      1.3812,     42.3081,    243.4755,     61.2736,      3.4953,      0.1663,      0.1329,     10.3475,      0.2117,      5.4689,     10.9379,      1.8709,     28.0639,     56.1278,      0.0188,      0.0006,      0.2242,      0.1986,   7502.2681,-422440.9062,   -924.2468,    539.6206,  25007.5586,
       1,     166,     143,      12,       1,       3,       1,     10.0000,      1.3812,     42.3081,    243.4755,     61.2736,      3.4953,      0.1670,      0.1335,     10.6286,      0.2183,      5.4689,     10.9379,      1.9287,     28.0639,     56.1278,      0.0188,      0.0006,      0.2252,      0.1986,   7502.2681,-429350.9062,   -925.7639,    539.1546,  25007.5586,
       1,     166,     143,      13,       1,       3,       1,     10.0000,      1.3812,     42.3081,    243.4755,     61.2736,      3.4953,      0.1836,      0.1508,     10.1809,      0.1951,      5.4689,     10.9379,      1.7240,     28.0639,     56.1278,      0.0188,      0.0005,      0.2500,      0.1986,   7502.2681,-430306.4375,   -926.1520,    539.0905,  25007.5586,
       1,     166,     143,      14,       1,       3,       1,     10.0000,      1.3812,     42.3081,    243.4755,     61.2736,      3.4953,      0.1863,      0.1548,     40.1651,      0.1536,      5.4689,     10.9379,      1.3575,     28.0639,     56.1278,      0.0188,      0.0020,      0.2500,      0.1986,   7502.2681,-429816.1875,   -914.1121,    539.1235,  25007.5586,
       1,     166,     143,      15,       1,       3,       1,     10.0000,      1.3812,     42.3081,    243.4755,     61.2736,      3.4953,      0.1888,      0.1577,     70.7128,      0.1432,      5.4689,     10.9379,      1.2651,     28.0639,     56.1278,      0.0188,      0.0035,      0.2500,      0.1986,   7502.2681,-468100.8750,   -921.3245,    536.5435,  25007.5586,
       1,     166,     143,      16,       1,       3,       1,     10.0000,      1.3812,     42.3081,    243.4755,     61.2736,      3.4953,      0.1758,      0.1449,     74.4314,      0.1354,      5.4689,     10.9379,      1.1968,     28.0639,     56.1278,      0.0188,      0.0040,      0.2303,      0.1986,   7502.2681,-510486.1875,   -929.9685,    533.7069,  25007.5586,
       1,     166,     143,      17,       1,       3,       1,     10.0000,      1.3812,     42.3081,    243.4755,     61.2736,      3.4953,      0.0614,      0.0301,     24.0496,      0.1456,      5.4689,     10.9379,      1.2870,     28.0639,     56.1278,      0.0188,      0.0045,      0.0673,      0.1985,   7502.2681,-518904.8750,   -930.1997,    533.1528,  25007.4082,
       1,     166,     143,      18,       1,       3,       1,     10.0000,      1.3812,     42.3081,    243.4755,     61.2736,      3.4953,      0.0313,     -0.0003,      7.4932,      0.1536,      5.4689,     10.9379,      1.3575,     28.0639,     56.1278,      0.0188,      0.0038,      0.0245,      0.1985,   7502.2227,-455149.8125,   -918.0457,    537.4020,  25007.5586,
       1,     166,     143,      19,       1,       3,       1,     10.0000,      1.3812,     42.3081,    243.4755,     61.2736,      3.4953,      0.0207,     -0.0106,      0.5927,      0.1473,      5.4689,     10.9379,      1.3013,     28.0639,     56.1278,      0.0188,      0.0007,      0.0100,      0.1986,   7502.2681,-428536.4688,   -913.9799,    539.2067,  25007.5586,
       1,     166,     143,      20,       1,       3,       1,     10.0000,      1.3812,     42.3081,    243.4755,     61.2736,      3.4953,      0.0106,     -0.0204,      1.5147,      0.1400,      5.4689,     10.9379,      1.2374,     28.0639,     56.1278,      0.0188,      0.0012,      0.0156,      0.1986,   7502.2681,-417411.9375,   -912.1388,    539.9596,  25007.5586,
       1,     166,     143,      21,       1,       3,       1,     10.0000,      1.3812,     42.3081,    243.4755,     61.2736,      3.4953,      0.0000,     -0.0311,      0.5737,      0.1403,      5.4689,     10.9379,      1.2399,     28.0639,     56.1278,      0.0188,      0.0005,      0.0156,      0.1986,   7502.2681,-417628.5312,   -912.3587,    539.9455,  25007.5586,
       1,     166,     143,      22,       1,       3,       1,     10.0000,      1.3812,     42.3081,    243.4755,     61.2736,      3.4953,      0.0000,     -0.0311,      0.5726,      0.1400,      5.4689,     10.9379,      1.2374,     28.0639,     56.1278,      0.0188,      0.0005,      0.0156,      0.1986,   7502.2681,-416443.9375,   -912.1806,    540.0255,  25007.5586,
       1,     166,     143,      23,       1,       3,       1,     10.0000,      1.3812,     42.3081,    243.4755,     61.2736,      3.4953,      0.0000,     -0.0310,      1.0616,      0.1383,      5.4689,     10.9379,      1.2224,     28.0639,     56.1278,      0.0188,      0.0009,      0.0156,      0.1986,   7502.2681,-416340.3438,   -912.1880,    540.0324,  25007.5566,
       1,     166,     143,      24,       1,       3,       1,     10.0000,      1.3812,     42.3081,    243.4755,     61.2736,      3.4953,      0.0000,     -0.0310,      1.0123,      0.1381,      5.4689,     10.9379,      1.2200,     28.0639,     56.1278,      0.0188,      0.0008,      0.0156,      0.1986,   7502.2671,-416956.5938,   -912.3801,    539.9908,  25007.5605,
       1,     166,     144,       1,       1,       3,       1,     10.0000,      1.3812,     42.3085,    243.4813,     61.2751,      3.4953,      0.0000,     -0.0310,      0.9036,      0.1379,      5.4699,     10.9398,      1.2188,     28.0577,     56.1153,      0.0188,      0.0007,      0.0156,      0.1986,   7502.2686,-417103.4375,   -912.7482,    539.9938,  25008.6895,
       1,     166,     144,       2,       1,       3,       1,     10.0000,      1.3812,     42.3085,    243.4813,     61.2751,      3.4953,      0.0000,     -0.0310,      0.6961,      0.1399,      5.4699,     10.9398,      1.2361,     28.0577,     56.1153,      0.0188,      0.0006,      0.0156,      0.1986,   7502.6069,-416823.3125,   -912.5116,    540.0128,  25008.6914,
       1,     166,     144,       3,       1,       3,       1,     10.0000,      1.3812,     42.3085,    243.4813,     61.2751,      3.4953,      0.0000,     -0.0311,      1.0022,      0.1422,      5.4699,     10.9398,      1.2563,     28.0577,     56.1153,      0.0188,      0.0008,      0.0156,      0.1986,   7502.6079,-416533.7188,   -912.5042,    540.0323,  25008.6934,
       1,     166,     144,       4,       1,       3,       1,     10.0000,      1.3812,     42.3085,    243.4813,     61.2751,      3.4953,      0.0000,     -0.0312,      0.7654,      0.1452,      5.4699,     10.9398,      1.2832,     28.0577,     56.1153,      0.0188,      0.0006,      0.0156,      0.1986,   7502.6084,-416899.6562,   -912.6494,    540.0076,  25008.6914,
       1,     166,     144,       5,       1,       3,       1,     10.0000,      1.3812,     42.3085,    243.4813,     61.2751,      3.4953,      0.0000,     -0.0312,      0.7113,      0.1440,      5.4699,     10.9398,      1.2728,     28.0577,     56.1153,      0.0188,      0.0006,      0.0156,      0.1986,   7502.6079,-416628.7500,   -912.6505,    540.0259,  25008.6914,
       1,     166,     144,       6,       1,       3,       1,     10.0000,      1.3812,     42.3085,    243.4813,     61.2751,      3.4953,      0.0000,     -0.0310,      0.6581,      0.1399,      5.4699,     10.9398,      1.2361,     28.0577,     56.1153,      0.0188,      0.0005,      0.0156,      0.1986,   7502.6079,-416536.2812,   -912.6748,    540.0321,  25008.6914,
       1,     166,     144,       7,       1,       3,       1,     10.0000,      1.3812,     42.3085,    243.4813,     61.2751,      3.4953,      0.0000,     -0.0310,      0.4124,      0.1374,      5.4699,     10.9398,      1.2139,     28.0577,     56.1153,      0.0188,      0.0003,      0.0156,      0.1986,   7502.6079,-416460.4062,   -912.6954,    540.0372,  25008.6914,
       1,     166,     144,       8,       1,       3,       1,     10.0000,      1.3812,     42.3085,    243.4813,     61.2751,      3.4953,      0.0112,     -0.0198,      0.5982,      0.1375,      5.4699,     10.9398,      1.2151,     28.0577,     56.1153,      0.0188,      0.0005,      0.0156,      0.1986,   7502.6079,-416139.7812,   -912.6464,    540.0589,  25008.6914,
       1,     166,     144,       9,       1,       3,       1,     10.0000,      1.3812,     42.3085,    243.4813,     61.2751,      3.4953,      0.0770,      0.0447,      5.5092,      0.1758,      5.4699,     10.9398,      1.5536,     28.0577,     56.1153,      0.0188,      0.0008,      0.0918,      0.1986,   7502.6079,-416349.5938,   -912.7501,    540.0447,  25008.6934,
       1,     166,     144,      10,       1,       3,       1,     10.0000,      1.3812,     42.3085,    243.4813,     61.2751,      3.4953,      0.1291,      0.0970,      9.3142,      0.1730,      5.4699,     10.9398,      1.5290,     28.0577,     56.1153,      0.0188,      0.0007,      0.1689,      0.1986,   7502.6084,-422642.9688,   -914.2104,    539.6199,  25008.6914,
       1,     166,     144,      11,       1,       3,       1,     10.0000,      1.3812,     42.3085,    243.4813,     61.2751,      3.4953,      0.1677,      0.1349,      7.3858,      0.1949,      5.4699,     10.9398,      1.7223,     28.0577,     56.1153,      0.0188,      0.0004,      0.2266,      0.1986,   7502.6079,-428049.0312,   -915.8220,    539.2554,  25008.6914,
       1,     166,     144,      12,       1,       3,       1,     10.0000,      1.3812,     42.3085,    243.4813,     61.2751,      3.4953,      0.1835,      0.1506,      8.1521,      0.1970,      5.4699,     10.9398,      1.7411,     28.0577,     56.1153,      0.0188,      0.0004,      0.2500,      0.1986,   7502.6079,-426050.6875,   -916.5632,    539.3902,  25008.6914,
       1,     166,     144,      13,       1,       3,       1,     10.0000,      1.3812,     42.3085,    243.4813,     61.2751,      3.4953,      0.1842,      0.1510,     17.7812,      0.2052,      5.4699,     10.9398,      1.8130,     28.0577,     56.1153,      0.0188,      0.0009,      0.2500,      0.1986,   7502.6079,-426857.7500,   -917.9348,    539.3358,  25008.6914,
       1,     166,     144,      14,       1,       3,       1,     10.0000,      1.3812,     42.3085,    243.4813,     61.2751,      3.4953,      0.1877,      0.1544,     62.8328,      0.2092,      5.4699,     10.9398,      1.8490,     28.0577,     56.1153,      0.0188,      0.0031,      0.2500,      0.1986,   7502.6079,-439233.5625,   -921.6967,    538.5015,  25008.6934,
       1,     166,     144,      15,       1,       3,       1,     10.0000,      1.3812,     42.3085,    243.4813,     61.2751,      3.4953,      0.1248,      0.0920,     38.4370,      0.1924,      5.4699,     10.9398,      1.7003,     28.0577,     56.1153,      0.0188,      0.0030,      0.1589,      0.1986,   7502.6084,-497889.3750,   -934.0225,    534.5540,  25008.6914,
       1,     166,     144,      16,       1,       3,       1,     10.0000,      1.3812,     42.3085,    243.4813,     61.2751,      3.4953,      0.0518,      0.0194,     16.8674,      0.1797,      5.4699,     10.9398,      1.5879,     28.0577,     56.1153,      0.0188,      0.0040,      0.0530,      0.1986,   7502.6079,-471768.1562,   -929.8735,    536.3137,  25008.6914,
       1,     166,     144,      17,       1,       3,       1,     10.0000,      1.3812,     42.3085,    243.4813,     61.2751,      3.4953,      0.0360,      0.0036,      8.9688,      0.1804,      5.4699,     10.9398,      1.5943,     28.0577,     56.1153,      0.0188,      0.0037,      0.0303,      0.1986,   7502.6079,-441929.2812,   -924.8535,    538.3170,  25008.6914,
       1,     166,     144,      18,       1,       3,       1,     10.0000,      1.3812,     42.3085,    243.4813,     61.2751,      3.4953,      0.0797,      0.0474,     34.9204,      0.1781,      5.4699,     10.9398,      1.5738,     28.0577,     56.1153,      0.0188,      0.0047,      0.0924,      0.1986,   7502.6079,-429273.1875,   -922.8492,    539.1724,  25008.6895,
       1,     166,     144,      19,       1,       3,       1,     10.0000,      1.3812,     42.3085,    243.4813,     61.2751,      3.4953,      0.0866,      0.0547,     35.7746,      0.1641,      5.4699,     10.9398,      1.4503,     28.0577,     56.1153,      0.0188,      0.0044,      0.1028,      0.1986,   7502.6069,-461348.2812,   -929.2660,    537.0112,  25008.6934,
       1,     166,     144,      20,       1,       3,       1,     10.0000,      1.3812,     42.3085,    243.4813,     61.2751,      3.4953,      0.0165,     -0.0150,      1.0538,      0.1522,      5.4699,     10.9398,      1.3453,     28.0577,     56.1153,      0.0188,      0.0038,      0.0035,      0.1986,   7502.6084,-465214.9688,   -930.4800,    536.7561,  25008.6934,
       1,     166,     144,      21,       1,       3,       1,     10.0000,      1.3812,     42.3085,    243.4813,     61.2751,      3.4953,      0.0000,     -0.0314,      3.3586,      0.1495,      5.4699,     10.9398,      1.3212,     28.0577,     56.1153,      0.0188,      0.0027,      0.0156,      0.1986,   7502.6084,-421142.9062,   -922.5677,    539.7131,  25008.6895,
       1,     166,     144,      22,       1,       3,       1,     10.0000,      1.3812,     42.3085,    243.4813,     61.2751,      3.4953,      0.0000,     -0.0311,      3.1732,      0.1425,      5.4699,     10.9398,      1.2588,     28.0577,     56.1153,      0.0188,      0.0025,      0.0156,      0.1986,   7502.6069,-420319.2812,   -922.5457,    539.7768,  25008.6914,
       1,     166,     144,      23,       1,       3,       1,     10.0000,      1.3812,     42.3085,    243.4813,     61.2751,      3.4953,      0.0000,     -0.0307,      3.1347,      0.1316,      5.4699,     10.9398,      1.1633,     28.0577,     56.1153,      0.0188,      0.0025,      0.0156,      0.1986,   7502.6079,-420000.5938,   -911.0809,    539.7983,  25008.6914,
       1,     166,     144,      24,       1,       3,       1,     10.0000,      1.3812,     42.3085,    243.4813,     61.2751,      3.4953,      0.0000,     -0.0308,      2.3086,      0.1329,      5.4699,     10.9398,      1.1740,     28.0577,     56.1153,      0.0188,      0.0019,      0.0156,      0.1986,   7502.6079,-419923.9062,   -911.1080,    539.8035,  25008.6914,
       1,     166,     145,       1,       1,       3,       1,     10.0000,      1.3812,     42.3088,    243.4871,     61.2765,      3.4953,      0.0000,     -0.0308,      1.6802,      0.1323,      5.4696,     10.9393,      1.1692,     28.0517,     56.1035,      0.0188,      0.0013,      0.0156,      0.1987,   7502.6079,-419018.7500,   -911.3851,    539.8775,  25009.8223,
       1,     166,     145,       2,       1,       3,       1,     10.0000,      1.3812,     42.3088,    243.4871,     61.2765,      3.4953,      0.0000,     -0.0308,      1.6791,      0.1322,      5.4696,     10.9393,      1.1681,     28.0517,     56.1035,      0.0188,      0.0013,      0.0156,      0.1987,   7502.9468,-417983.7500,   -911.0961,    539.9474,  25009.8242,
       1,     166,     145,       3,       1,       3,       1,     10.0000,      1.3812,     42.3088,    243.4871,     61.2765,      3.4953,      0.0000,     -0.0308,      1.1072,      0.1331,      5.4696,     10.9393,      1.1764,     28.0517,     56.1035,      0.0188,      0.0009,      0.0156,      0.1987,   7502.9478,-417892.5938,   -911.2623,    539.9536,  25009.8223,
       1,     166,     145,       4,       1,       3,       1,     10.0000,      1.3812,     42.3088,    243.4871,     61.2765,      3.4953,      0.0000,     -0.0308,      0.4009,      0.1345,      5.4696,     10.9393,      1.1884,     28.0517,     56.1035,      0.0188,      0.0003,      0.0156,      0.1987,   7502.9468,-417154.3438,   -911.2405,    540.0034,  25009.8223,
       1,     166,     145,       5,       1,       3,       1,     10.0000,      1.3812,     42.3088,    243.4871,     61.2765,      3.4953,      0.0000,     -0.0308,      0.3561,      0.1335,      5.4696,     10.9393,      1.1800,     28.0517,     56.1035,      0.0188,      0.0003,      0.0156,      0.1987,   7502.9468,-416188.3438,   -911.0814,    540.0685,  25009.8223,
       1,     166,     145,       6,       1,       3,       1,     10.0000,      1.3812,     42.3088,    243.4871,     61.2765,      3.4953,      0.0000,     -0.0305,      0.5248,      0.1260,      5.4696,     10.9393,      1.1136,     28.0517,     56.1035,      0.0188,      0.0004,      0.0156,      0.1987,   7502.9468,-416047.7812,   -910.0974,    540.0780,  25009.8242,
       1,     166,     145,       7,       1,       3,       1,     10.0000,      1.3812,     42.3088,    243.4871,     61.2765,      3.4953,      0.0000,     -0.0305,      0.7235,      0.1247,      5.4696,     10.9393,      1.1023,     28.0517,     56.1035,      0.0188,      0.0006,      0.0156,      0.1987,   7502.9478,-416250.8750,   -910.1661,    540.0644,  25009.8223,
       1,     166,     145,       8,       1,       3,       1,     10.0000,      1.3812,     42.3088,    243.4871,     61.2765,      3.4953,      0.0215,     -0.0089,      0.5061,      0.1234,      5.4696,     10.9393,      1.0901,     28.0517,     56.1035,      0.0188,      0.0005,      0.0123,      0.1987,   7502.9468,-416522.3750,   -910.2338,    540.0460,  25009.8223,
       1,     166,     145,       9,       1,       3,       1,     10.0000,      1.3812,     42.3088,    243.4871,     61.2765,      3.4953,      0.1100,      0.0796,      3.8990,      0.1244,      5.4696,     10.9393,      1.0990,     28.0517,     56.1035,      0.0188,      0.0003,      0.1418,      0.1987,   7502.9468,-416268.3125,   -910.2460,    540.0632,  25009.8203,
       1,     166,     145,      10,       1,       3,       1,     10.0000,      1.3812,     42.3088,    243.4871,     61.2765,      3.4953,      0.1559,      0.1249,      5.0851,      0.1398,      5.4696,     10.9393,      1.2349,     28.0517,     56.1035,      0.0188,      0.0003,      0.2091,      0.1987,   7502.9463,-420581.5000,   -911.2297,    539.7720,  25009.8223,
       1,     166,     145,      11,       1,       3,       1,     10.0000,      1.3812,     42.3088,    243.4871,     61.2765,      3.4953,      0.1735,      0.1420,      5.7383,      0.1529,      5.4696,     10.9393,      1.3507,     28.0517,     56.1035,      0.0188,      0.0003,      0.2351,      0.1987,   7502.9468,-422469.1250,   -912.2950,    539.6447,  25009.8223,
       1,     166,     145,      12,       1,       3,       1,     10.0000,      1.3812,     42.3088,    243.4871,     61.2765,      3.4953,      0.1835,      0.1514,      6.8895,      0.1720,      5.4696,     10.9393,      1.5200,     28.0517,     56.1035,      0.0188,      0.0003,      0.2500,      0.1987,   7502.9468,-423466.5312,   -913.5734,    539.5775,  25009.8203,
       1,     166,     145,      13,       1,       3,       1,     10.0000,      1.3812,     42.3088,    243.4871,     61.2765,      3.4953,      0.1836,      0.1518,      6.3878,      0.1610,      5.4696,     10.9393,      1.4230,     28.0517,     56.1035,      0.0188,      0.0003,      0.2500,      0.1987,   7502.9463,-425023.5938,   -915.2043,    539.4724,  25009.8223,
       1,     166,     145,      14,       1,       3,       1,     10.0000,      1.3812,     42.3088,    243.4871,     61.2765,      3.4953,      0.1835,      0.1512,      7.1053,      0.1767,      5.4696,     10.9393,      1.5614,     28.0517,     56.1035,      0.0188,      0.0004,      0.2500,      0.1986,   7502.9468,-424516.6875,   -913.4910,    539.5066,  25009.8223,
       1,     166,     145,      15,       1,       3,       1,     10.0000,      1.3812,     42.3088,    243.4871,     61.2765,      3.4953,      0.1842,      0.1515,     16.1157,      0.1879,      5.4696,     10.9393,      1.6605,     28.0517,     56.1035,      0.0188,      0.0008,      0.2500,      0.1986,   7502.9468,-425389.8438,   -913.4874,    539.4477,  25009.8203,
       1,     166,     145,      16,       1,       3,       1,     10.0000,      1.3812,     42.3088,    243.4871,     61.2765,      3.4953,      0.1663,      0.1338,     28.3068,      0.1851,      5.4696,     10.9393,      1.6360,     28.0517,     56.1035,      0.0188,      0.0016,      0.2219,      0.1986,   7502.9463,-436979.1562,   -916.8024,    538.6663,  25009.8242,
       1,     166,     145,      17,       1,       3,       1,     10.0000,      1.3812,     42.3088,    243.4871,     61.2765,      3.4953,      0.1626,      0.1298,     41.2537,      0.1924,      5.4696,     10.9393,      1.7004,     28.0517,     56.1035,      0.0188,      0.0024,      0.2149,      0.1986,   7502.9478,-453560.0312,   -920.7275,    537.5504,  25009.8242,
       1,     166,     145,      18,       1,       3,       1,     10.0000,      1.3812,     42.3088,    243.4871,     61.2765,      3.4953,      0.0317,     -0.0004,      3.1532,      0.1691,      5.4696,     10.9393,      1.4944,     28.0517,     56.1035,      0.0188,      0.0016,      0.0250,      0.1986,   7502.9478,-471541.5625,   -924.9838,    536.3433,  25009.8223,
       1,     166,     145,      19,       1,       3,       1,     10.0000,      1.3812,     42.3088,    243.4871,     61.2765,      3.4953,      0.0044,     -0.0273,      2.3730,      0.1586,      5.4696,     10.9393,      1.4018,     28.0517,     56.1035,      0.0188,      0.0019,      0.0156,      0.1986,   7502.9468,-424371.6250,   -916.7797,    539.5070,  25009.8203,
       1,     166,     145,      20,       1,       3,       1,     10.0000,      1.3812,     42.3088,    243.4871,     61.2765,      3.4953,      0.0032,     -0.0283,      3.2228,      0.1522,      5.4696,     10.9393,      1.3453,     28.0517,     56.1035,      0.0188,      0.0026,      0.0156,      0.1986,   7502.9463,-419342.4375,   -916.0855,    539.8555,  25009.8223,
       1,     166,     145,      21,       1,       3,       1,     10.0000,      1.3812,     42.3088,    243.4871,     61.2765,      3.4953,      0.0000,     -0.0310,      3.2137,      0.1393,      5.4696,     10.9393,      1.2312,     28.0517,     56.1035,      0.0188,      0.0026,      0.0156,      0.1987,   7502.9468,-419982.7812,   -916.5156,    539.8125,  25009.8223,
       1,     166,     145,      22,       1,       3,       1,     10.0000,      1.3812,     42.3088,    243.4871,     61.2765,      3.4953,      0.0000,     -0.0309,      3.7837,      0.1354,      5.4696,     10.9393,      1.1968,     28.0517,     56.1035,      0.0188,      0.0030,      0.0156,      0.1987,   7502.9468,-420026.1562,   -916.8193,    539.8096,  25009.8223,
       1,     166,     145,      23,       1,       3,       1,     10.0000,      1.3812,     42.3088,    243.4871,     61.2765,      3.4953,      0.0000,     -0.0311,      2.9325,      0.1407,      5.4696,     10.9393,      1.2437,     28.0517,     56.1035,      0.0188,      0.0024,      0.0156,      0.1987,   7502.9468,-420758.2188,   -917.2620,    539.7601,  25009.8223,
       1,     166,     145,      24,       1,       3,       1,     10.0000,      1.3812,     42.3088,    243.4871,     61.2765,      3.4953,      0.0000,     -0.0311,      2.2211,      0.1422,      5.4696,     10.9393,      1.2563,     28.0517,     56.1035,      0.0188,      0.0018,      0.0156,      0.1987,   7502.9468,-419733.7188,   -917.3011,    539.8292,  25009.8223,
       1,     166,     146,       1,       1,       3,       1,     10.0000,      1.3812,     42.3091,    243.4929,     61.2780,      3.4953,      0.0000,     -0.0311,      1.8035,      0.1406,      5.4693,     10.9386,      1.2425,     28.0518,     56.1035,      0.0188,      0.0014,      0.0156,      0.1987,   7502.9468,-418893.4062,   -917.5677,    539.8989,  25010.9551,
       1,     166,     146,       2,       1,       3,       1,     10.0000,      1.3812,     42.3091,    243.4929,     61.2780,      3.4953,      0.0000,     -0.0312,      1.4184,      0.1432,      5.4693,     10.9386,      1.2652,     28.0518,     56.1035,      0.0188,      0.0011,      0.0156,      0.1987,   7503.2866,-418132.8750,   -917.2816,    539.9502,  25010.9531,
       1,     166,     146,       3,       1,       3,       1,     10.0000,      1.3812,     42.3091,    243.4929,     61.2780,      3.4953,      0.0000,     -0.0311,      1.4324,      0.1409,      5.4693,     10.9386,      1.2450,     28.0518,     56.1035,      0.0188,      0.0011,      0.0156,      0.1987,   7503.2861,-417575.5938,   -917.2568,    539.9877,  25010.9551,
       1,     166,     146,       4,       1,       3,       1,     10.0000,      1.3812,     42.3091,    243.4929,     61.2780,      3.4953,      0.0000,     -0.0311,      1.1385,      0.1415,      5.4693,     10.9386,      1.2500,     28.0518,     56.1035,      0.0188,      0.0009,      0.0156,      0.1987,   7503.2866,-417545.1250,   -917.3456,    539.9898,  25010.9551,
       1,     166,     146,       5,       1,       3,       1,     10.0000,      1.3812,     42.3091,    243.4929,     61.2780,      3.4953,      0.0000,     -0.0311,      1.3092,      0.1415,      5.4693,     10.9386,      1.2500,     28.0518,     56.1035,      0.0188,      0.0011,      0.0156,      0.1987,   7503.2866,-417167.0625,   -917.3449,    540.0153,  25010.9551,
       1,     166,     146,       6,       1,       3,       1,     10.0000,      1.3812,     42.3091,    243.4929,     61.2780,      3.4953,      0.0000,     -0.0311,      0.9008,      0.1413,      5.4693,     10.9386,      1.2487,     28.0518,     56.1035,      0.0188,      0.0007,      0.0156,      0.1987,   7503.2866,-417352.5625,   -917.4554,    540.0029,  25010.9570,
       1,     166,     146,       7,       1,       3,       1,     10.0000,      1.3812,     42.3091,    243.4929,     61.2780,      3.4953,      0.0000,     -0.0310,      0.5381,      0.1375,      5.4693,     10.9386,      1.2151,     28.0518,     56.1035,      0.0188,      0.0004,      0.0156,      0.1987,   7503.2876,-416846.5938,   -917.3909,    540.0370,  25010.9551,
       1,     166,     146,       8,       1,       3,       1,     10.0000,      1.3812,     42.3091,    243.4929,     61.2780,      3.4953,      0.0103,     -0.0206,      0.6020,      0.1353,      5.4693,     10.9386,      1.1956,     28.0518,     56.1035,      0.0188,      0.0005,      0.0156,      0.1987,   7503.2866,-416339.8125,   -917.3185,    540.0712,  25010.9551,
       1,     166,     146,       9,       1,       3,       1,     10.0000,      1.3812,     42.3091,    243.4929,     61.2780,      3.4953,      0.0703,      0.0390,      4.2837,      0.1458,      5.4693,     10.9386,      1.2884,     28.0518,     56.1035,      0.0188,      0.0006,      0.0828,      0.1987,   7503.2866,-416377.6875,   -917.3660,    540.0686,  25010.9551,
       1,     166,     146,      10,       1,       3,       1,     10.0000,      1.3812,     42.3091,    243.4929,     61.2780,      3.4953,      0.1391,      0.1070,      6.1418,      0.1700,      5.4693,     10.9386,      1.5019,     28.0518,     56.1035,      0.0188,      0.0004,      0.1841,      0.1987,   7503.2866,-421084.5312,   -918.3903,    539.7509,  25010.9531,
       1,     166,     146,      11,       1,       3,       1,     10.0000,      1.3812,     42.3091,    243.4929,     61.2780,      3.4953,      0.1835,      0.1502,      8.8784,      0.2080,      5.4693,     10.9386,      1.8382,     28.0518,     56.1035,      0.0188,      0.0004,      0.2500,      0.1987,   7503.2861,-423865.0000,   -919.2673,    539.5634,  25010.9551,
       1,     166,     146,      12,       1,       3,       1,     10.0000,      1.3812,     42.3091,    243.4929,     61.2780,      3.4953,      0.1835,      0.1501,      8.9244,      0.2111,      5.4693,     10.9386,      1.8655,     28.0518,     56.1035,      0.0188,      0.0004,      0.2500,      0.1987,   7503.2866,-427600.7188,   -920.8099,    539.3115,  25010.9551,
       1,     166,     146,      13,       1,       3,       1,     10.0000,      1.3812,     42.3091,    243.4929,     61.2780,      3.4953,      0.1837,      0.1507,     10.6825,      0.1998,      5.4693,     10.9386,      1.7654,     28.0518,     56.1035,      0.0188,      0.0005,      0.2500,      0.1987,   7503.2866,-427981.6250,   -921.7948,    539.2858,  25010.9531,
       1,     166,     146,      14,       1,       3,       1,     10.0000,      1.3812,     42.3091,    243.4929,     61.2780,      3.4953,      0.1846,      0.1512,     23.0293,      0.2124,      5.4693,     10.9386,      1.8765,     28.0518,     56.1035,      0.0188,      0.0012,      0.2500,      0.1987,   7503.2861,-430261.2500,   -914.7589,    539.1321,  25010.9551,
       1,     166,     146,      15,       1,       3,       1,     10.0000,      1.3812,     42.3091,    243.4929,     61.2780,      3.4953,      0.1802,      0.1463,     46.3561,      0.2310,      5.4693,     10.9386,      2.0415,     28.0518,     56.1035,      0.0188,      0.0024,      0.2409,      0.1987,   7503.2866,-446233.8750,   -919.1793,    538.0557,  25010.9551,
       1,     166,     146,      16,       1,       3,       1,     10.0000,      1.3812,     42.3091,    243.4929,     61.2780,      3.4953,      0.1792,      0.1455,    101.4275,      0.2250,      5.4693,     10.9386,      1.9883,     28.0518,     56.1035,      0.0188,      0.0055,      0.2330,      0.1987,   7503.2866,-477426.4375,   -923.4954,    535.9589,  25010.9551,
       1,     166,     146,      17,       1,       3,       1,     10.0000,      1.3812,     42.3091,    243.4929,     61.2780,      3.4953,      0.1722,      0.1387,     94.4470,      0.2185,      5.4693,     10.9386,      1.9307,     28.0518,     56.1035,      0.0188,      0.0053,      0.2232,      0.1986,   7503.2866,-550540.1875,   -938.9169,    531.0648,  25010.9551,
       1,     166,     146,      18,       1,       3,       1,     10.0000,      1.3812,     42.3091,    243.4929,     61.2780,      3.4953,      0.1459,      0.1121,     66.0433,      0.2286,      5.4693,     10.9386,      2.0197,     28.0518,     56.1035,      0.0188,      0.0044,      0.1872,      0.1985,   7503.2866,-547951.2500,   -940.4968,    531.2589,  25010.9551,
       1,     166,     146,      19,       1,       3,       1,     10.0000,      1.3812,     42.3091,    243.4929,     61.2780,      3.4953,      0.0722,      0.0390,     25.9626,      0.2064,      5.4693,     10.9386,      1.8238,     28.0518,     56.1035,      0.0188,      0.0040,      0.0816,      0.1985,   7503.2866,-511340.0312,   -935.2366,    533.6902,  25010.9531,
       1,     166,     146,      20,       1,       3,       1,     10.0000,      1.3812,     42.3091,    243.4929,     61.2780,      3.4953,      0.0126,     -0.0199,      6.2040,      0.1835,      5.4693,     10.9386,      1.6215,     28.0518,     56.1035,      0.0188,      0.0050,      0.0156,      0.1986,   7503.2861,-456939.1562,   -926.1038,    537.3250,  25010.9551,
       1,     166,     146,      21,       1,       3,       1,     10.0000,      1.3812,     42.3091,    243.4929,     61.2780,      3.4953,      0.0000,     -0.0322,      6.0038,      0.1722,      5.4693,     10.9386,      1.5215,     28.0518,     56.1035,      0.0188,      0.0048,      0.0156,      0.1986,   7503.2866,-427040.3438,   -921.2733,    539.3455,  25010.9570,
       1,     166,     146,      22,       1,       3,       1,     10.0000,      1.3812,     42.3091,    243.4929,     61.2780,      3.4953,      0.0000,     -0.0320,      5.5789,      0.1681,      5.4693,     10.9386,      1.4855,     28.0518,     56.1035,      0.0188,      0.0045,      0.0156,      0.1987,   7503.2876,-424206.2812,   -921.2697,    539.5403,  25010.9531,
       1,     166,     146,      23,       1,       3,       1,     10.0000,      1.3812,     42.3091,    243.4929,     61.2780,      3.4953,      0.0000,     -0.0318,      6.1214,      0.1604,      5.4693,     10.9386,      1.4174,     28.0518,     56.1035,      0.0188,      0.0049,      0.0156,      0.1987,   7503.2861,-423414.7812,   -921.5935,    539.5938,  25010.9531,
       1,     166,     146,      24,       1,       3,       1,     10.0000,      1.3812,     42.3091,    243.4929,     61.2780,      3.4953,      0.0000,     -0.0316,      5.0190,      0.1549,      5.4693,     10.9386,      1.3685,     28.0518,     56.1035,      0.0188,      0.0040,      0.0156,      0.1987,   7503.2861,-424039.8125,   -922.1847,    539.5517,  25010.9551,
       1,     166,     147,       1,       1,       3,       1,     10.0000,      1.3812,     42.3095,    243.4987,     61.2795,      3.4953,      0.0000,     -0.0313,      3.7271,      0.1460,      5.4693,     10.9386,      1.2897,     28.0551,     56.1102,      0.0188,      0.0030,      0.0156,      0.1987,   7503.2866,-422841.3125,   -922.5833,    539.6452,  25012.0898,
       1,     166,     147,       2,       1,       3,       1,     10.0000,      1.3812,     42.3095,    243.4987,     61.2795,      3.4953,      0.0000,     -0.0310,      2.9270,      0.1385,      5.4693,     10.9386,      1.2238,     28.0551,     56.1102,      0.0188,      0.0023,      0.0156,      0.1987,   7503.6274,-420933.3125,   -922.1552,    539.7740,  25012.0898,
       1,     166,     147,       3,       1,       3,       1,     10.0000,      1.3812,     42.3095,    243.4987,     61.2795,      3.4953,      0.0000,     -0.0309,      2.8253,      0.1371,      5.4693,     10.9386,      1.2115,     28.0551,     56.1102,      0.0188,      0.0023,      0.0156,      0.1987,   7503.6274,-419746.6875,   -922.0369,    539.8541,  25012.0898,
       1,     166,     147,       4,       1,       3,       1,     10.0000,      1.3812,     42.3095,    243.4987,     61.2795,      3.4953,      0.0000,     -0.0310,      2.2310,      0.1384,      5.4693,     10.9386,      1.2226,     28.0551,     56.1102,      0.0188,      0.0018,      0.0156,      0.1987,   7503.6274,-419514.3438,   -922.1085,    539.8697,  25012.0898,
       1,     166,     147,       5,       1,       3,       1,     10.0000,      1.3812,     42.3095,    243.4987,     61.2795,      3.4953,      0.0000,     -0.0308,      1.7921,      0.1344,      5.4693,     10.9386,      1.1872,     28.0551,     56.1102,      0.0188,      0.0014,      0.0156,      0.1987,   7503.6274,-418735.3750,   -922.0521,    539.9224,  25012.0898,
       1,     166,     147,       6,       1,       3,       1,     10.0000,      1.3812,     42.3095,    243.4987,     61.2795,      3.4953,      0.0000,     -0.0308,      1.4211,      0.1337,      5.4693,     10.9386,      1.1812,     28.0551,     56.1102,      0.0188,      0.0011,      0.0156,      0.1987,   7503.6274,-418107.2812,   -921.9789,    539.9647,  25012.0898,
       1,     166,     147,       7,       1,       3,       1,     10.0000,      1.3812,     42.3095,    243.4987,     61.2795,      3.4953,      0.0000,     -0.0307,      0.9971,      0.1315,      5.4693,     10.9386,      1.1622,     28.0551,     56.1102,      0.0188,      0.0008,      0.0156,      0.1987,   7503.6274,-417579.4062,   -921.9274,    540.0004,  25012.0898,
       1,     166,     147,       8,       1,       3,       1,     10.0000,      1.3812,     42.3095,    243.4987,     61.2795,      3.4953,      0.0170,     -0.0138,      0.3061,      0.1334,      5.4693,     10.9386,      1.1788,     28.0551,     56.1102,      0.0188,      0.0007,      0.0051,      0.1987,   7503.6274,-416992.2188,   -921.8483,    540.0400,  25012.0898,
       1,     166,     147,       9,       1,       3,       1,     10.0000,      1.3812,     42.3095,    243.4987,     61.2795,      3.4953,      0.1292,      0.0974,     10.0644,      0.1633,      5.4693,     10.9386,      1.4431,     28.0551,     56.1102,      0.0188,      0.0007,      0.1690,      0.1987,   7503.6274,-416058.8750,   -921.7310,    540.1030,  25012.0898,
       1,     166,     147,      10,       1,       3,       1,     10.0000,      1.3812,     42.3095,    243.4987,     61.2795,      3.4953,      0.1752,      0.1422,     10.0741,      0.2030,      5.4693,     10.9386,      1.7936,     28.0551,     56.1102,      0.0188,      0.0005,      0.2375,      0.1987,   7503.6274,-428443.3125,   -924.3709,    539.2668,  25012.0879,
       1,     166,     147,      11,       1,       3,       1,     10.0000,      1.3812,     42.3095,    243.4987,     61.2795,      3.4953,      0.1800,      0.1468,      8.3577,      0.2072,      5.4693,     10.9386,      1.8310,     28.0551,     56.1102,      0.0188,      0.0004,      0.2449,      0.1987,   7503.6265,-429525.7188,   -925.1137,    539.1945,  25012.0918,
       1,     166,     147,      12,       1,       3,       1,     10.0000,      1.3812,     42.3095,    243.4987,     61.2795,      3.4953,      0.1834,      0.1498,      9.2242,      0.2217,      5.4693,     10.9386,      1.9594,     28.0551,     56.1102,      0.0188,      0.0005,      0.2500,      0.1987,   7503.6279,-427424.8438,   -925.1312,    539.3362,  25012.0898,
       1,     166,     147,      13,       1,       3,       1,     10.0000,      1.3812,     42.3095,    243.4987,     61.2795,      3.4953,      0.1834,      0.1497,      9.4239,      0.2259,      5.4693,     10.9386,      1.9961,     28.0551,     56.1102,      0.0188,      0.0005,      0.2500,      0.1987,   7503.6274,-428350.9375,   -925.7657,    539.2737,  25012.0879,
       1,     166,     147,      14,       1,       3,       1,     10.0000,      1.3812,     42.3095,    243.4987,     61.2795,      3.4953,      0.1849,      0.1509,     29.1665,      0.2344,      5.4693,     10.9386,      2.0716,     28.0551,     56.1102,      0.0188,      0.0015,      0.2500,      0.1987,   7503.6265,-428686.1562,   -926.2507,    539.2512,  25012.0879,
       1,     166,     147,      15,       1,       3,       1,     10.0000,      1.3812,     42.3095,    243.4987,     61.2795,      3.4953,      0.1902,      0.1561,    106.9299,      0.2400,      5.4693,     10.9386,      2.1207,     28.0551,     56.1102,      0.0188,      0.0054,      0.2490,      0.1987,   7503.6265,-453938.1250,   -931.4966,    537.5490,  25012.0898,
       1,     166,     147,      16,       1,       3,       1,     10.0000,      1.3812,     42.3095,    243.4987,     61.2795,      3.4953,      0.1901,      0.1565,    108.3403,      0.2222,      5.4693,     10.9386,      1.9632,     28.0551,     56.1102,      0.0188,      0.0055,      0.2484,      0.1987,   7503.6274,-555508.3750,   -951.4661,    530.7268,  25012.0879,
       1,     166,     147,      17,       1,       3,       1,     10.0000,      1.3812,     42.3095,    243.4987,     61.2795,      3.4953,      0.1725,      0.1387,    110.6301,      0.2277,      5.4693,     10.9386,      2.0118,     28.0551,     56.1102,      0.0188,      0.0062,      0.2218,      0.1986,   7503.6265,-566177.1875,   -954.3839,    530.0621,  25012.0859,
       1,     166,     147,      18,       1,       3,       1,     10.0000,      1.3812,     42.3095,    243.4987,     61.2795,      3.4953,      0.1538,      0.1206,     94.2699,      0.2066,      5.4693,     10.9386,      1.8256,     28.0551,     56.1102,      0.0188,      0.0060,      0.1957,      0.1985,   7503.6260,-569970.6250,   -955.9269,    529.8112,  25012.0879,
       1,     166,     147,      19,       1,       3,       1,     10.0000,      1.3812,     42.3095,    243.4987,     61.2795,      3.4953,      0.1003,      0.0673,     60.5623,      0.2008,      5.4693,     10.9386,      1.7742,     28.0551,     56.1102,      0.0188,      0.0063,      0.1197,      0.1985,   7503.6265,-549347.0000,   -952.6902,    531.1771,  25012.0879,
       1,     166,     147,      20,       1,       3,       1,     10.0000,      1.3812,     42.3095,    243.4987,     61.2795,      3.4953,      0.0213,     -0.0112,      4.5106,      0.1824,      5.4693,     10.9386,      1.6119,     28.0551,     56.1102,      0.0188,      0.0064,      0.0089,      0.1986,   7503.6265,-504437.3125,   -944.5897,    534.1607,  25012.0879,
       1,     166,     147,      21,       1,       3,       1,     10.0000,      1.3812,     42.3095,    243.4987,     61.2795,      3.4953,      0.0000,     -0.0322,      6.3512,      0.1737,      5.4693,     10.9386,      1.5352,     28.0551,     56.1102,      0.0188,      0.0051,      0.0156,      0.1986,   7503.6265,-428915.1875,   -930.2856,    539.2118,  25012.0879,
       1,     166,     147,      22,       1,       3,       1,     10.0000,      1.3812,     42.3095,    243.4987,     61.2795,      3.4953,      0.0000,     -0.0320,      7.0476,      0.1660,      5.4693,     10.9386,      1.4664,     28.0551,     56.1102,      0.0188,      0.0057,      0.0156,      0.1987,   7503.6265,-424839.5000,   -929.5414,    539.5104,  25012.0879,
       1,     166,     147,      23,       1,       3,       1,     10.0000,      1.3812,     42.3095,    243.4987,     61.2795,      3.4953,      0.0000,     -0.0319,      5.5087,      0.1640,      5.4693,     10.9386,      1.4489,     28.0551,     56.1102,      0.0188,      0.0044,      0.0156,      0.1987,   7503.6265,-425347.6250,   -929.6652,    539.4762,  25012.0898,
       1,     166,     147,      24,       1,       3,       1,     10.0000,      1.3812,     42.3095,    243.4987,     61.2795,      3.4953,      0.0000,     -0.0318,      4.9079,      0.1623,      5.4693,     10.9386,      1.4345,     28.0551,     56.1102,      0.0188,      0.0039,      0.0156,      0.1987,   7503.6274,-423425.2812,   -929.3121,    539.6058,  25012.0879,
       1,     166,     148,       1,       1,       3,       1,     10.0000,      1.3813,     42.3098,    243.5045,     61.2809,      3.4953,      0.0000,     -0.0318,      3.7782,      0.1609,      5.4690,     10.9379,      1.4217,     28.0624,     56.1248,      0.0188,      0.0030,      0.0156,      0.1987,   7503.6265,-422648.8125,   -929.4534,    539.6710,  25013.2207,
       1,     166,     148,       2,       1,       3,       1,     10.0000,      1.3813,     42.3098,    243.5045,     61.2809,      3.4953,      0.0000,     -0.0317,      2.8334,      0.1598,      5.4690,     10.9379,      1.4118,     28.0624,     56.1248,      0.0188,      0.0023,      0.0156,      0.1987,   7503.9663,-420984.5000,   -928.8651,    539.7833,  25013.2227,
       1,     166,     148,       3,       1,       3,       1,     10.0000,      1.3813,     42.3098,    243.5045,     61.2809,      3.4953,      0.0000,     -0.0316,      2.1933,      0.1558,      5.4690,     10.9379,      1.3768,     28.0624,     56.1248,      0.0188,      0.0018,      0.0156,      0.1987,   7503.9673,-419634.0625,   -928.6084,    539.8745,  25013.2207,
       1,     166,     148,       4,       1,       3,       1,     10.0000,      1.3813,     42.3098,    243.5045,     61.2809,      3.4953,      0.0000,     -0.0314,      1.8704,      0.1497,      5.4690,     10.9379,      1.3226,     28.0624,     56.1248,      0.0188,      0.0015,      0.0156,      0.1987,   7503.9663,-418700.2812,   -928.4320,    539.9375,  25013.2227,
       1,     166,     148,       5,       1,       3,       1,     10.0000,      1.3813,     42.3098,    243.5045,     61.2809,      3.4953,      0.0000,     -0.0313,      1.5852,      0.1468,      5.4690,     10.9379,      1.2976,     28.0624,     56.1248,      0.0188,      0.0013,      0.0156,      0.1987,   7503.9673,-418207.1562,   -928.3387,    539.9708,  25013.2207,
       1,     166,     148,       6,       1,       3,       1,     10.0000,      1.3813,     42.3098,    243.5045,     61.2809,      3.4953,      0.0000,     -0.0311,      1.4897,      0.1418,      5.4690,     10.9379,      1.2526,     28.0624,     56.1248,      0.0188,      0.0012,      0.0156,      0.1987,   7503.9663,-417800.5625,   -928.2628,    539.9982,  25013.2227,
       1,     166,     148,       7,       1,       3,       1,     10.0000,      1.3813,     42.3098,    243.5045,     61.2809,      3.4953,      0.0000,     -0.0310,      1.4601,      0.1385,      5.4690,     10.9379,      1.2238,     28.0624,     56.1248,      0.0188,      0.0012,      0.0156,      0.1987,   7503.9673,-417643.5000,   -928.2347,    540.0089,  25013.2207,
       1,     166,     148,       8,       1,       3,       1,     10.0000,      1.3813,     42.3098,    243.5045,     61.2809,      3.4953,      0.0308,     -0.0003,      1.9668,      0.1408,      5.4690,     10.9379,      1.2438,     28.0624,     56.1248,      0.0188,      0.0010,      0.0249,      0.1987,   7503.9663,-417592.1250,   -928.2274,    540.0123,  25013.2207,
       1,     166,     148,       9,       1,       3,       1,     10.0000,      1.3813,     42.3098,    243.5045,     61.2809,      3.4953,      0.1065,      0.0750,     10.0338,      0.1513,      5.4690,     10.9379,      1.3373,     28.0624,     56.1248,      0.0188,      0.0009,      0.1354,      0.1987,   7503.9663,-418234.9062,   -928.3513,    539.9689,  25013.2227,
       1,     166,     148,      10,       1,       3,       1,     10.0000,      1.3813,     42.3098,    243.5045,     61.2809,      3.4953,      0.1656,      0.1333,     16.0275,      0.1771,      5.4690,     10.9379,      1.5646,     28.0624,     56.1248,      0.0188,      0.0009,      0.2223,      0.1987,   7503.9673,-428593.8438,   -930.3640,    539.2697,  25013.2207,
       1,     166,     148,      11,       1,       3,       1,     10.0000,      1.3813,     42.3098,    243.5045,     61.2809,      3.4953,      0.1797,      0.1468,     10.4990,      0.1974,      5.4690,     10.9379,      1.7447,     28.0624,     56.1248,      0.0188,      0.0005,      0.2441,      0.1987,   7503.9663,-437144.9062,   -932.0350,    538.6937,  25013.2207,
       1,     166,     148,      12,       1,       3,       1,     10.0000,      1.3813,     42.3098,    243.5045,     61.2809,      3.4953,      0.1836,      0.1503,     10.7181,      0.2099,      5.4690,     10.9379,      1.8546,     28.0624,     56.1248,      0.0188,      0.0005,      0.2500,      0.1987,   7503.9663,-430818.5312,   -930.8040,    539.1200,  25013.2207,
       1,     166,     148,      13,       1,       3,       1,     10.0000,      1.3813,     42.3098,    243.5045,     61.2809,      3.4953,      0.1837,      0.1504,     12.3179,      0.2117,      5.4690,     10.9379,      1.8711,     28.0624,     56.1248,      0.0188,      0.0006,      0.2500,      0.1987,   7503.9663,-430553.7500,   -930.7026,    539.1380,  25013.2188,
       1,     166,     148,      14,       1,       3,       1,     10.0000,      1.3813,     42.3098,    243.5045,     61.2809,      3.4953,      0.1841,      0.1505,     18.2298,      0.2213,      5.4690,     10.9379,      1.9556,     28.0624,     56.1248,      0.0188,      0.0009,      0.2500,      0.1987,   7503.9658,-432574.7812,   -931.0471,    539.0018,  25013.2207,
       1,     166,     148,      15,       1,       3,       1,     10.0000,      1.3813,     42.3098,    243.5045,     61.2809,      3.4953,      0.0915,      0.0578,     24.1031,      0.2222,      5.4690,     10.9379,      1.9633,     28.0624,     56.1248,      0.0188,      0.0027,      0.1104,      0.1987,   7503.9663,-440301.1250,   -932.4940,    538.4813,  25013.2188,
       1,     166,     148,      16,       1,       3,       1,     10.0000,      1.3813,     42.3098,    243.5045,     61.2809,      3.4953,      0.0588,      0.0258,     19.9019,      0.2000,      5.4690,     10.9379,      1.7673,     28.0624,     56.1248,      0.0188,      0.0040,      0.0624,      0.1987,   7503.9658,-448471.6875,   -934.1355,    537.9315,  25013.2188,
       1,     166,     148,      17,       1,       3,       1,     10.0000,      1.3813,     42.3098,    243.5045,     61.2809,      3.4953,      0.0188,     -0.0138,      1.8228,      0.1868,      5.4690,     10.9379,      1.6507,     28.0624,     56.1248,      0.0188,      0.0042,      0.0054,      0.1987,   7503.9658,-443807.2500,   -933.2678,    538.2455,  25013.2168,
       1,     166,     148,      18,       1,       3,       1,     10.0000,      1.3813,     42.3098,    243.5045,     61.2809,      3.4953,      0.0103,     -0.0220,      5.0742,      0.1765,      5.4690,     10.9379,      1.5599,     28.0624,     56.1248,      0.0188,      0.0041,      0.0156,      0.1987,   7503.9653,-420305.6562,   -928.6746,    539.8268,  25013.2188,
       1,     166,     148,      19,       1,       3,       1,     10.0000,      1.3813,     42.3098,    243.5045,     61.2809,      3.4953,      0.0116,     -0.0203,      4.9996,      0.1636,      5.4690,     10.9379,      1.4461,     28.0624,     56.1248,      0.0188,      0.0040,      0.0156,      0.1987,   7503.9658,-422441.3125,   -929.0503,    539.6851,  25013.2168,
       1,     166,     148,      20,       1,       3,       1,     10.0000,      1.3813,     42.3098,    243.5045,     61.2809,      3.4953,      0.0049,     -0.0267,      5.0131,      0.1555,      5.4690,     10.9379,      1.3741,     28.0624,     56.1248,      0.0188,      0.0040,      0.0156,      0.1987,   7503.9653,-422527.1875,   -929.0292,    539.6792,  25013.2168,
       1,     166,     148,      21,       1,       3,       1,     10.0000,      1.3813,     42.3098,    243.5045,     61.2809,      3.4953,      0.0000,     -0.0313,      4.0333,      0.1468,      5.4690,     10.9379,      1.2976,     28.0624,     56.1248,      0.0188,      0.0032,      0.0156,      0.1987,   7503.9653,-422551.9688,   -928.9985,    539.6776,  25013.2207,
       1,     166,     148,      22,       1,       3,       1,     10.0000,      1.3813,     42.3098,    243.5045,     61.2809,      3.4953,      0.0000,     -0.0311,      3.6297,      0.1419,      5.4690,     10.9379,      1.2539,     28.0624,     56.1248,      0.0188,      0.0029,      0.0156,      0.1987,   7503.9663,-421301.9688,   -928.7263,    539.7619,  25013.2188,
       1,     166,     148,      23,       1,       3,       1,     10.0000,      1.3813,     42.3098,    243.5045,     61.2809,      3.4953,      0.0000,     -0.0309,      3.1859,      0.1353,      5.4690,     10.9379,      1.1957,     28.0624,     56.1248,      0.0188,      0.0026,      0.0156,      0.1987,   7503.9658,-420679.1562,   -928.5822,    539.8040,  25013.2168,
       1,     166,     148,      24,       1,       3,       1,     10.0000,      1.3813,     42.3098,    243.5045,     61.2809,      3.4953,      0.0000,     -0.0308,      2.5247,      0.1325,      5.4690,     10.9379,      1.1705,     28.0624,     56.1248,      0.0188,      0.0020,      0.0156,      0.1987,   7503.9653,-420058.6562,   -928.4401,    539.8458,  25013.2188,
       1,     166,     149,       1,       1,       3,       1,     10.0000,      1.3813,     42.3101,    243.5103,     61.2824,      3.4953,      0.0000,     -0.0308,      2.0430,      0.1323,      5.4702,     10.9404,      1.1694,     28.0538,     56.1077,      0.0188,      0.0016,      0.0156,      0.1988,   7503.9658,-419317.5000,   -928.5639,    539.9088,  25014.3516,
       1,     166,     149,       2,       1,       3,       1,     10.0000,      1.3813,     42.3101,    243.5103,     61.2824,      3.4953,      0.0000,     -0.0309,      1.6412,      0.1367,      5.4702,     10.9404,      1.2079,     28.0538,     56.1077,      0.0188,      0.0013,      0.0156,      0.1988,   7504.3057,-418483.7500,   -928.1133,    539.9651,  25014.3516,
       1,     166,     149,       3,       1,       3,       1,     10.0000,      1.3813,     42.3101,    243.5103,     61.2824,      3.4953,      0.0000,     -0.0308,      1.3025,      0.1333,      5.4702,     10.9404,      1.1777,     28.0538,     56.1077,      0.0188,      0.0010,      0.0156,      0.1988,   7504.3057,-417898.8750,   -927.9893,    540.0046,  25014.3516,
       1,     166,     149,       4,       1,       3,       1,     10.0000,      1.3813,     42.3101,    243.5103,     61.2824,      3.4953,      0.0000,     -0.0308,      1.1033,      0.1341,      5.4702,     10.9404,      1.1849,     28.0538,     56.1077,      0.0188,      0.0009,      0.0156,      0.1988,   7504.3057,-417415.7500,   -927.8923,    540.0371,  25014.3516,
       1,     166,     149,       5,       1,       3,       1,     10.0000,      1.3813,     42.3101,    243.5103,     61.2824,      3.4953,      0.0000,     -0.0308,      1.0027,      0.1321,      5.4702,     10.9404,      1.1670,     28.0538,     56.1077,      0.0188,      0.0008,      0.0156,      0.1988,   7504.3057,-417119.8438,   -928.5965,    540.0571,  25014.3535,
       1,     166,     149,       6,       1,       3,       1,     10.0000,      1.3813,     42.3101,    243.5103,     61.2824,      3.4953,      0.0000,     -0.0307,      0.9176,      0.1313,      5.4702,     10.9404,      1.1599,     28.0538,     56.1077,      0.0188,      0.0007,      0.0156,      0.1988,   7504.3062,-416965.6562,   -928.5646,    540.0675,  25014.3516,
       1,     166,     149,       7,       1,       3,       1,     10.0000,      1.3813,     42.3101,    243.5103,     61.2824,      3.4953,      0.0000,     -0.0306,      1.2481,      0.1273,      5.4702,     10.9404,      1.1251,     28.0538,     56.1077,      0.0188,      0.0010,      0.0156,      0.1988,   7504.3057,-416843.9062,   -928.5395,    540.0758,  25014.3516,
       1,     166,     149,       8,       1,       3,       1,     10.0000,      1.3813,     42.3101,    243.5103,     61.2824,      3.4953,      0.0079,     -0.0226,      0.8533,      0.1260,      5.4702,     10.9404,      1.1137,     28.0538,     56.1077,      0.0188,      0.0007,      0.0156,      0.1988,   7504.3057,-417255.4062,   -928.6158,    540.0480,  25014.3535,
       1,     166,     149,       9,       1,       3,       1,     10.0000,      1.3813,     42.3101,    243.5103,     61.2824,      3.4953,      0.0420,      0.0113,      1.1794,      0.1325,      5.4702,     10.9404,      1.1705,     28.0538,     56.1077,      0.0188,      0.0004,      0.0419,      0.1988,   7504.3062,-416786.4688,   -928.5217,    540.0797,  25014.3516,
       1,     166,     149,      10,       1,       3,       1,     10.0000,      1.3813,     42.3101,    243.5103,     61.2824,      3.4953,      0.0278,     -0.0034,      0.4696,      0.1449,      5.4702,     10.9404,      1.2807,     28.0538,     56.1077,      0.0188,      0.0003,      0.0206,      0.1988,   7504.3057,-417162.7188,   -928.5897,    540.0542,  25014.3516,
       1,     166,     149,      11,       1,       3,       1,     10.0000,      1.3813,     42.3101,    243.5103,     61.2824,      3.4953,      0.0534,      0.0215,      1.6669,      0.1641,      5.4702,     10.9404,      1.4505,     28.0538,     56.1077,      0.0188,      0.0004,      0.0575,      0.1988,   7504.3057,-416288.7500,   -928.4133,    540.1132,  25014.3496,
       1,     166,     149,      12,       1,       3,       1,     10.0000,      1.3813,     42.3101,    243.5103,     61.2824,      3.4953,      0.1571,      0.1248,      6.6198,      0.1787,      5.4702,     10.9404,      1.5787,     28.0538,     56.1077,      0.0188,      0.0004,      0.2108,      0.1988,   7504.3052,-417742.7500,   -928.6821,    540.0151,  25014.3535,
       1,     166,     149,      13,       1,       3,       1,     10.0000,      1.3813,     42.3101,    243.5103,     61.2824,      3.4953,      0.1607,      0.1288,      6.3108,      0.1645,      5.4702,     10.9404,      1.4534,     28.0538,     56.1077,      0.0188,      0.0004,      0.2160,      0.1988,   7504.3062,-424192.8125,   -929.8755,    539.5797,  25014.3516,
       1,     166,     149,      14,       1,       3,       1,     10.0000,      1.3813,     42.3101,    243.5103,     61.2824,      3.4953,      0.1775,      0.1463,      8.7958,      0.1429,      5.4702,     10.9404,      1.2628,     28.0538,     56.1077,      0.0188,      0.0005,      0.2405,      0.1988,   7504.3057,-424354.8438,   -926.5916,    539.5689,  25014.3516,
       1,     166,     149,      15,       1,       3,       1,     10.0000,      1.3813,     42.3101,    243.5103,     61.2824,      3.4953,      0.1758,      0.1454,     12.0302,      0.1244,      5.4702,     10.9404,      1.0991,     28.0538,     56.1077,      0.0188,      0.0006,      0.2375,      0.1988,   7504.3057,-427542.5312,   -925.9885,    539.3539,  25014.3516,
       1,     166,     149,      16,       1,       3,       1,     10.0000,      1.3813,     42.3101,    243.5103,     61.2824,      3.4953,      0.1430,      0.1128,     23.0575,      0.1180,      5.4702,     10.9404,      1.0423,     28.0538,     56.1077,      0.0188,      0.0015,      0.1880,      0.1987,   7504.3057,-431948.5000,   -927.4099,    539.0569,  25014.3516,
       1,     166,     149,      17,       1,       3,       1,     10.0000,      1.3813,     42.3101,    243.5103,     61.2824,      3.4953,      0.1417,      0.1114,     34.2666,      0.1217,      5.4702,     10.9404,      1.0758,     28.0538,     56.1077,      0.0188,      0.0023,      0.1848,      0.1987,   7504.3057,-446414.0938,   -926.5677,    538.0823,  25014.3516,
       1,     166,     149,      18,       1,       3,       1,     10.0000,      1.3813,     42.3101,    243.5103,     61.2824,      3.4953,      0.1299,      0.0993,     19.7777,      0.1297,      5.4702,     10.9404,      1.1459,     28.0538,     56.1077,      0.0188,      0.0015,      0.1692,      0.1987,   7504.3057,-461983.2188,   -924.8651,    537.0360,  25014.2441,
       1,     166,     149,      19,       1,       3,       1,     10.0000,      1.3813,     42.3101,    243.5103,     61.2824,      3.4953,      0.0758,      0.0450,      2.9681,      0.1335,      5.4702,     10.9404,      1.1801,     28.0538,     56.1077,      0.0188,      0.0004,      0.0914,      0.1987,   7504.2734,-444821.9375,   -922.6606,    538.1890,  25014.3496,
       1,     166,     149,      20,       1,       3,       1,     10.0000,      1.3813,     42.3101,    243.5103,     61.2824,      3.4953,      0.0168,     -0.0139,      0.1013,      0.1294,      5.4702,     10.9404,      1.1435,     28.0538,     56.1077,      0.0188,      0.0003,      0.0051,      0.1987,   7504.3052,-421859.7812,   -918.7187,    539.7350,  25014.3516,
       1,     166,     149,      21,       1,       3,       1,     10.0000,      1.3813,     42.3101,    243.5103,     61.2824,      3.4953,      0.0000,     -0.0304,      0.2961,      0.1225,      5.4702,     10.9404,      1.0824,     28.0538,     56.1077,      0.0188,      0.0002,      0.0156,      0.1988,   7504.3057,-416225.7812,   -917.7384,    540.1173,  25014.3516,
       1,     166,     149,      22,       1,       3,       1,     10.0000,      1.3813,     42.3101,    243.5103,     61.2824,      3.4953,      0.0000,     -0.0303,      0.2911,      0.1215,      5.4702,     10.9404,      1.0736,     28.0538,     56.1077,      0.0188,      0.0002,      0.0156,      0.1988,   7504.3057,-415986.5625,   -917.6954,    540.1337,  25014.3516,
       1,     166,     149,      23,       1,       3,       1,     10.0000,      1.3813,     42.3101,    243.5103,     61.2824,      3.4953,      0.0000,     -0.0304,      0.3426,      0.1224,      5.4702,     10.9404,      1.0813,     28.0538,     56.1077,      0.0188,      0.0003,      0.0156,      0.1988,   7504.3057,-415959.2500,   -917.6910,    540.1354,  25014.3516,
       1,     166,     149,      24,       1,       3,       1,     10.0000,      1.3813,     42.3101,    243.5103,     61.2824,      3.4953,      0.0000,     -0.0303,      0.4169,      0.1215,      5.4702,     10.9404,      1.0736,     28.0538,     56.1077,      0.0188,      0.0003,      0.0156,      0.1988,   7504.3057,-416022.7500,   -917.7101,    540.1312,  25014.3516,
       1,     166,     150,       1,       1,       3,       1,     10.0000,      1.3813,     42.3105,    243.5161,     61.2839,      3.4953,      0.0000,     -0.0304,      0.3129,      0.1226,      5.4707,     10.9414,      1.0835,     28.0479,     56.0957,      0.0188,      0.0003,      0.0156,      0.1988,   7504.3057,-416280.5000,   -918.0366,    540.1266,  25015.4863,
       1,     166,     150,       2,       1,       3,       1,     10.0000,      1.3813,     42.3105,    243.5161,     61.2839,      3.4953,      0.0000,     -0.0303,      0.2894,      0.1218,      5.4707,     10.9414,      1.0758,     28.0479,     56.0957,      0.0188,      0.0002,      0.0156,      0.1988,   7504.6460,-416015.3125,   -917.7277,    540.1447,  25015.4844,
       1,     166,     150,       3,       1,       3,       1,     10.0000,      1.3813,     42.3105,    243.5161,     61.2839,      3.4953,      0.0000,     -0.0303,      0.2887,      0.1206,      5.4707,     10.9414,      1.0660,     28.0479,     56.0957,      0.0188,      0.0002,      0.0156,      0.1988,   7504.6455,-415962.5625,   -917.7188,    540.1482,  25015.4863,
       1,     166,     150,       4,       1,       3,       1,     10.0000,      1.3813,     42.3105,    243.5161,     61.2839,      3.4953,      0.0000,     -0.0302,      0.2952,      0.1188,      5.4707,     10.9414,      1.0498,     28.0479,     56.0957,      0.0188,      0.0002,      0.0156,      0.1988,   7504.6460,-415956.9062,   -917.7183,    540.1486,  25015.4844,
       1,     166,     150,       5,       1,       3,       1,     10.0000,      1.3813,     42.3105,    243.5161,     61.2839,      3.4953,      0.0000,     -0.0302,      0.2772,      0.1172,      5.4707,     10.9414,      1.0360,     28.0479,     56.0957,      0.0188,      0.0002,      0.0156,      0.1988,   7504.6455,-415965.0312,   -917.7225,    540.1480,  25015.4844,
       1,     166,     150,       6,       1,       3,       1,     10.0000,      1.3813,     42.3105,    243.5161,     61.2839,      3.4953,      0.0000,     -0.0304,      0.2904,      0.1221,      5.4707,     10.9414,      1.0791,     28.0479,     56.0957,      0.0188,      0.0002,      0.0156,      0.1988,   7504.6455,-415942.6250,   -917.7187,    540.1495,  25015.4844,
       1,     166,     150,       7,       1,       3,       1,     10.0000,      1.3813,     42.3105,    243.5161,     61.2839,      3.4953,      0.0000,     -0.0304,      0.2938,      0.1234,      5.4707,     10.9414,      1.0902,     28.0479,     56.0957,      0.0188,      0.0002,      0.0156,      0.1988,   7504.6455,-415957.6250,   -917.7219,    540.1486,  25015.4824,
       1,     166,     150,       8,       1,       3,       1,     10.0000,      1.3813,     42.3105,    243.5161,     61.2839,      3.4953,      0.0125,     -0.0179,      0.2945,      0.1236,      5.4707,     10.9414,      1.0924,     28.0479,     56.0957,      0.0188,      0.0002,      0.0156,      0.1988,   7504.6450,-415963.3750,   -917.7240,    540.1481,  25015.4844,
       1,     166,     150,       9,       1,       3,       1,     10.0000,      1.3813,     42.3105,    243.5161,     61.2839,      3.4953,      0.1244,      0.0937,      3.2699,      0.1305,      5.4707,     10.9414,      1.1529,     28.0479,     56.0957,      0.0188,      0.0003,      0.1629,      0.1988,   7504.6455,-415964.5938,   -917.7574,    540.1480,  25015.4863,
       1,     166,     150,      10,       1,       3,       1,     10.0000,      1.3813,     42.3105,    243.5161,     61.2839,      3.4953,      0.1531,      0.1214,      5.1357,      0.1583,      5.4707,     10.9414,      1.3992,     28.0479,     56.0957,      0.0188,      0.0003,      0.2049,      0.1988,   7504.6460,-419763.9062,   -918.8508,    539.8915,  25015.4844,
       1,     166,     150,      11,       1,       3,       1,     10.0000,      1.3813,     42.3105,    243.5161,     61.2839,      3.4953,      0.1835,      0.1508,      7.7402,      0.1904,      5.4707,     10.9414,      1.6822,     28.0479,     56.0957,      0.0188,      0.0004,      0.2500,      0.1988,   7504.6455,-422474.3438,   -919.9498,    539.7087,  25015.4844,
       1,     166,     150,      12,       1,       3,       1,     10.0000,      1.3813,     42.3105,    243.5161,     61.2839,      3.4953,      0.1835,      0.1506,      8.0816,      0.1977,      5.4707,     10.9414,      1.7465,     28.0479,     56.0957,      0.0188,      0.0004,      0.2500,      0.1988,   7504.6455,-426033.9062,   -921.9724,    539.4686,  25015.4844,
       1,     166,     150,      13,       1,       3,       1,     10.0000,      1.3813,     42.3105,    243.5161,     61.2839,      3.4953,      0.1835,      0.1501,      8.6989,      0.2107,      5.4707,     10.9414,      1.8620,     28.0479,     56.0957,      0.0188,      0.0004,      0.2500,      0.1988,   7504.6455,-426776.7500,   -923.1452,    539.4185,  25015.4844,
       1,     166,     150,      14,       1,       3,       1,     10.0000,      1.3813,     42.3105,    243.5161,     61.2839,      3.4953,      0.1834,      0.1493,     10.1254,      0.2381,      5.4707,     10.9414,      2.1044,     28.0479,     56.0957,      0.0188,      0.0005,      0.2500,      0.1988,   7504.6455,-427629.1875,   -924.5031,    539.3610,  25015.4863,
       1,     166,     150,      15,       1,       3,       1,     10.0000,      1.3813,     42.3105,    243.5161,     61.2839,      3.4953,      0.1777,      0.1436,     39.6221,      0.2395,      5.4707,     10.9414,      2.1167,     28.0479,     56.0957,      0.0188,      0.0021,      0.2380,      0.1988,   7504.6460,-429524.1562,   -926.0126,    539.2333,  25015.4844,
       1,     166,     150,      16,       1,       3,       1,     10.0000,      1.3813,     42.3105,    243.5161,     61.2839,      3.4953,      0.1769,      0.1429,     83.9273,      0.2342,      5.4707,     10.9414,      2.0698,     28.0479,     56.0957,      0.0188,      0.0045,      0.2315,      0.1988,   7504.6455,-467359.4375,   -934.0764,    536.6830,  25015.4844,
       1,     166,     150,      17,       1,       3,       1,     10.0000,      1.3813,     42.3105,    243.5161,     61.2839,      3.4953,      0.1840,      0.1507,     95.5991,      0.2126,      5.4707,     10.9414,      1.8786,     28.0479,     56.0957,      0.0188,      0.0050,      0.2407,      0.1987,   7504.6455,-527250.6875,   -946.5027,    532.6713,  25015.4844,
       1,     166,     150,      18,       1,       3,       1,     10.0000,      1.3813,     42.3105,    243.5161,     61.2839,      3.4953,      0.1642,      0.1309,     94.0307,      0.2101,      5.4707,     10.9414,      1.8565,     28.0479,     56.0957,      0.0188,      0.0056,      0.2112,      0.1987,   7504.6455,-547364.1875,   -951.5836,    531.3470,  25015.4824,
       1,     166,     150,      19,       1,       3,       1,     10.0000,      1.3813,     42.3105,    243.5161,     61.2839,      3.4953,      0.0703,      0.0386,     41.2585,      0.1595,      5.4707,     10.9414,      1.4090,     28.0479,     56.0957,      0.0188,      0.0066,      0.0782,      0.1986,   7504.6450,-547069.5625,   -952.6517,    531.3682,  25015.4844,
       1,     166,     150,      20,       1,       3,       1,     10.0000,      1.3813,     42.3105,    243.5161,     61.2839,      3.4953,      0.0077,     -0.0236,      8.0175,      0.1458,      5.4707,     10.9414,      1.2885,     28.0479,     56.0957,      0.0188,      0.0064,      0.0156,      0.1986,   7504.6455,-479520.1875,   -940.5442,    535.8549,  25015.4824,
       1,     166,     150,      21,       1,       3,       1,     10.0000,      1.3813,     42.3105,    243.5161,     61.2839,      3.4953,      0.0000,     -0.0314,      7.6635,      0.1501,      5.4707,     10.9414,      1.3267,     28.0479,     56.0957,      0.0188,      0.0062,      0.0156,      0.1987,   7504.6450,-431301.2500,   -931.6687,    539.1037,  25015.4824,
       1,     166,     150,      22,       1,       3,       1,     10.0000,      1.3813,     42.3105,    243.5161,     61.2839,      3.4953,      0.0000,     -0.0315,      6.6617,      0.1521,      5.4707,     10.9414,      1.3441,     28.0479,     56.0957,      0.0188,      0.0053,      0.0156,      0.1988,   7504.6450,-426709.0938,   -931.0684,    539.4230,  25015.4805,
       1,     166,     150,      23,       1,       3,       1,     10.0000,      1.3813,     42.3105,    243.5161,     61.2839,      3.4953,      0.0000,     -0.0314,      6.1401,      0.1497,      5.4707,     10.9414,      1.3227,     28.0479,     56.0957,      0.0188,      0.0049,      0.0156,      0.1988,   7504.6445,-425022.1875,   -930.9551,    539.5369,  25015.4824,
       1,     166,     150,      24,       1,       3,       1,     10.0000,      1.3813,     42.3105,    243.5161,     61.2839,      3.4953,      0.0000,     -0.0312,      2.3367,      0.1455,      5.4707,     10.9414,      1.2859,     28.0479,     56.0957,      0.0188,      0.0019,      0.0156,      0.1988,   7504.6450,-424210.2188,   -930.9755,    539.5916,  25015.4824,
       1,     166,     151,       1,       1,       3,       1,     10.0000,      1.3813,     42.3108,    243.5219,     61.2853,      3.4953,      0.0000,     -0.0310,      2.2070,      0.1396,      5.4694,     10.9388,      1.2339,     28.0536,     56.1071,      0.0188,      0.0018,      0.0156,      0.1988,   7504.6450,-419440.1875,   -930.3973,    539.9261,  25016.6172,
       1,     166,     151,       2,       1,       3,       1,     10.0000,      1.3813,     42.3108,    243.5219,     61.2853,      3.4953,      0.0000,     -0.0311,      2.4112,      0.1409,      5.4694,     10.9388,      1.2451,     28.0536,     56.1071,      0.0188,      0.0019,      0.0156,      0.1988,   7504.9854,-418709.2500,   -930.0172,    539.9756,  25016.6133,
       1,     166,     151,       3,       1,       3,       1,     10.0000,      1.3813,     42.3108,    243.5219,     61.2853,      3.4953,      0.0000,     -0.0310,      2.3425,      0.1375,      5.4694,     10.9388,      1.2153,     28.0536,     56.1071,      0.0188,      0.0019,      0.0156,      0.1988,   7504.9844,-418907.4062,   -930.0892,    539.9622,  25016.6152,
       1,     166,     151,       4,       1,       3,       1,     10.0000,      1.3813,     42.3108,    243.5219,     61.2853,      3.4953,      0.0000,     -0.0309,      1.8708,      0.1361,      5.4694,     10.9388,      1.2030,     28.0536,     56.1071,      0.0188,      0.0015,      0.0156,      0.1988,   7504.9849,-418836.2812,   -930.1031,    539.9670,  25016.6152,
       1,     166,     151,       5,       1,       3,       1,     10.0000,      1.3813,     42.3108,    243.5219,     61.2853,      3.4953,      0.0000,     -0.0309,      1.4434,      0.1363,      5.4694,     10.9388,      1.2043,     28.0536,     56.1071,      0.0188,      0.0012,      0.0156,      0.1988,   7504.9849,-418228.1250,   -930.0222,    540.0081,  25016.6172,
       1,     166,     151,       6,       1,       3,       1,     10.0000,      1.3813,     42.3108,    243.5219,     61.2853,      3.4953,      0.0000,     -0.0308,      0.7868,      0.1345,      5.4694,     10.9388,      1.1885,     28.0536,     56.1071,      0.0188,      0.0006,      0.0156,      0.1988,   7504.9854,-417629.6562,   -929.9348,    540.0485,  25016.6133,
       1,     166,     151,       7,       1,       3,       1,     10.0000,      1.3813,     42.3108,    243.5219,     61.2853,      3.4953,      0.0000,     -0.0308,      0.3431,      0.1333,      5.4694,     10.9388,      1.1777,     28.0536,     56.1071,      0.0188,      0.0003,      0.0156,      0.1988,   7504.9844,-416740.3438,   -929.7761,    540.1085,  25016.6152,
       1,     166,     151,       8,       1,       3,       1,     10.0000,      1.3813,     42.3108,    243.5219,     61.2853,      3.4953,      0.0277,     -0.0031,      0.4268,      0.1325,      5.4694,     10.9388,      1.1706,     28.0536,     56.1071,      0.0188,      0.0003,      0.0209,      0.1988,   7504.9849,-416096.7812,   -929.6547,    540.1520,  25016.6152,
       1,     166,     151,       9,       1,       3,       1,     10.0000,      1.3813,     42.3108,    243.5219,     61.2853,      3.4953,      0.1155,      0.0846,      3.1877,      0.1373,      5.4694,     10.9388,      1.2128,     28.0536,     56.1071,      0.0188,      0.0003,      0.1498,      0.1988,   7504.9849,-416148.1562,   -929.6839,    540.1485,  25016.6152,
       1,     166,     151,      10,       1,       3,       1,     10.0000,      1.3813,     42.3108,    243.5219,     61.2853,      3.4953,      0.1649,      0.1336,      5.1241,      0.1472,      5.4694,     10.9388,      1.3003,     28.0536,     56.1071,      0.0188,      0.0003,      0.2224,      0.1988,   7504.9849,-419677.6875,   -930.4547,    539.9102,  25016.6152,
       1,     166,     151,      11,       1,       3,       1,     10.0000,      1.3813,     42.3108,    243.5219,     61.2853,      3.4953,      0.1726,      0.1408,      5.9727,      0.1611,      5.4694,     10.9388,      1.4232,     28.0536,     56.1071,      0.0188,      0.0003,      0.2337,      0.1988,   7504.9849,-422454.3750,   -931.1509,    539.7228,  25016.6152,
       1,     166,     151,      12,       1,       3,       1,     10.0000,      1.3813,     42.3108,    243.5219,     61.2853,      3.4953,      0.1835,      0.1511,      7.3790,      0.1826,      5.4694,     10.9388,      1.6136,     28.0536,     56.1071,      0.0188,      0.0004,      0.2500,      0.1988,   7504.9849,-423777.3750,   -931.5756,    539.6337,  25016.6152,
       1,     166,     151,      13,       1,       3,       1,     10.0000,      1.3813,     42.3108,    243.5219,     61.2853,      3.4953,      0.1834,      0.1500,      8.8679,      0.2143,      5.4694,     10.9388,      1.8934,     28.0536,     56.1071,      0.0188,      0.0004,      0.2500,      0.1988,   7504.9849,-425686.9062,   -932.0927,    539.5048,  25016.6152,
       1,     166,     151,      14,       1,       3,       1,     10.0000,      1.3813,     42.3108,    243.5219,     61.2853,      3.4953,      0.1413,      0.1072,      7.4741,      0.2377,      5.4694,     10.9388,      2.1003,     28.0536,     56.1071,      0.0188,      0.0005,      0.1870,      0.1988,   7504.9849,-427752.8125,   -932.6365,    539.3655,  25016.6152,
       1,     166,     151,      15,       1,       3,       1,     10.0000,      1.3813,     42.3108,    243.5219,     61.2853,      3.4953,      0.0766,      0.0424,      4.5185,      0.2471,      5.4694,     10.9388,      2.1838,     28.0536,     56.1071,      0.0188,      0.0006,      0.0900,      0.1988,   7504.9849,-426150.8750,   -932.4031,    539.4735,  25016.6152,
       1,     166,     151,      16,       1,       3,       1,     10.0000,      1.3813,     42.3108,    243.5219,     61.2853,      3.4953,      0.0906,      0.0569,     13.0808,      0.2239,      5.4694,     10.9388,      1.9788,     28.0536,     56.1071,      0.0188,      0.0015,      0.1103,      0.1988,   7504.9849,-422238.8438,   -931.6865,    539.7374,  25016.6152,
       1,     166,     151,      17,       1,       3,       1,     10.0000,      1.3813,     42.3108,    243.5219,     61.2853,      3.4953,      0.0330,     -0.0002,      5.5056,      0.2074,      5.4694,     10.9388,      1.8330,     28.0536,     56.1071,      0.0188,      0.0027,      0.0254,      0.1988,   7504.9849,-432834.8750,   -933.8024,    539.0225,  25016.6133,
       1,     166,     151,      18,       1,       3,       1,     10.0000,      1.3813,     42.3108,    243.5219,     61.2853,      3.4953,      0.0440,      0.0112,     16.5022,      0.1953,      5.4694,     10.9388,      1.7260,     28.0536,     56.1071,      0.0188,      0.0050,      0.0410,      0.1988,   7504.9844,-424075.3438,   -932.1712,    539.6132,  25016.6152,
       1,     166,     151,      19,       1,       3,       1,     10.0000,      1.3813,     42.3108,    243.5219,     61.2853,      3.4953,      0.0331,      0.0007,     14.8884,      0.1803,      5.4694,     10.9388,      1.5929,     28.0536,     56.1071,      0.0188,      0.0074,      0.0253,      0.1988,   7504.9849,-437362.5000,   -934.8368,    538.7172,  25016.6133,
       1,     166,     151,      20,       1,       3,       1,     10.0000,      1.3813,     42.3108,    243.5219,     61.2853,      3.4953,      0.0101,     -0.0220,      8.8445,      0.1722,      5.4694,     10.9388,      1.5217,     28.0536,     56.1071,      0.0188,      0.0071,      0.0156,      0.1988,   7504.9844,-436448.0938,   -934.7648,    538.7795,  25016.6172,
       1,     166,     151,      21,       1,       3,       1,     10.0000,      1.3813,     42.3108,    243.5219,     61.2853,      3.4953,      0.0000,     -0.0317,      5.8688,      0.1598,      5.4694,     10.9388,      1.4119,     28.0536,     56.1071,      0.0188,      0.0047,      0.0156,      0.1988,   7504.9854,-428649.0625,   -933.3154,    539.3049,  25016.6152,
       1,     166,     151,      22,       1,       3,       1,     10.0000,      1.3813,     42.3108,    243.5219,     61.2853,      3.4953,      0.0000,     -0.0316,      5.3973,      0.1558,      5.4694,     10.9388,      1.3769,     28.0536,     56.1071,      0.0188,      0.0043,      0.0156,      0.1988,   7504.9849,-424178.4375,   -932.4819,    539.6065,  25016.6152,
       1,     166,     151,      23,       1,       3,       1,     10.0000,      1.3813,     42.3108,    243.5219,     61.2853,      3.4953,      0.0000,     -0.0314,      4.2196,      0.1488,      5.4694,     10.9388,      1.3148,     28.0536,     56.1071,      0.0188,      0.0034,      0.0156,      0.1988,   7504.9849,-423191.2812,   -932.3139,    539.6732,  25016.6152,
       1,     166,     151,      24,       1,       3,       1,     10.0000,      1.3813,     42.3108,    243.5219,     61.2853,      3.4953,      0.0000,     -0.0312,      3.3147,      0.1451,      5.4694,     10.9388,      1.2821,     28.0536,     56.1071,      0.0188,      0.0027,      0.0156,      0.1988,   7504.9849,-421602.2500,   -932.0246,    539.7804,  25016.6133,
       1,     166,     152,       1,       1,       3,       1,     10.0000,      1.3814,     42.3112,    243.5277,     61.2868,      3.4953,      0.0000,     -0.0313,      3.0158,      0.1461,      5.4709,     10.9419,      1.2912,     28.0462,     56.0924,      0.0188,      0.0024,      0.0156,      0.1988,   7504.9844,-420467.2500,   -932.1009,    539.8699,  25017.7480,
       1,     166,     152,       2,       1,       3,       1,     10.0000,      1.3814,     42.3112,    243.5277,     61.2868,      3.4953,      0.0000,     -0.0311,      1.8687,      0.1419,      5.4709,     10.9419,      1.2540,     28.0462,     56.0924,      0.0188,      0.0015,      0.0156,      0.1988,   7505.3247,-419832.9688,   -931.7098,    539.9127,  25017.7480,
       1,     166,     152,       3,       1,       3,       1,     10.0000,      1.3814,     42.3112,    243.5277,     61.2868,      3.4953,      0.0000,     -0.0311,      1.5481,      0.1411,      5.4709,     10.9419,      1.2464,     28.0462,     56.0924,      0.0188,      0.0012,      0.0156,      0.1988,   7505.3247,-418314.0625,   -931.4218,    540.0153,  25017.7480,
       1,     166,     152,       4,       1,       3,       1,     10.0000,      1.3814,     42.3112,    243.5277,     61.2868,      3.4953,      0.0000,     -0.0311,      1.1327,      0.1413,      5.4709,     10.9419,      1.2489,     28.0462,     56.0924,      0.0188,      0.0009,      0.0156,      0.1988,   7505.3247,-417773.7188,   -931.3219,    540.0518,  25017.7480,
       1,     166,     152,       5,       1,       3,       1,     10.0000,      1.3814,     42.3112,    243.5277,     61.2868,      3.4953,      0.0000,     -0.0311,      0.8308,      0.1411,      5.4709,     10.9419,      1.2464,     28.0462,     56.0924,      0.0188,      0.0007,      0.0156,      0.1988,   7505.3247,-417196.7812,   -931.2140,    540.0906,  25017.7461,
       1,     166,     152,       6,       1,       3,       1,     10.0000,      1.3814,     42.3112,    243.5277,     61.2868,      3.4953,      0.0000,     -0.0309,      0.4795,      0.1351,      5.4709,     10.9419,      1.1934,     28.0462,     56.0924,      0.0188,      0.0004,      0.0156,      0.1988,   7505.3242,-416761.9062,   -924.2947,    540.1200,  25017.7480,
       1,     166,     152,       7,       1,       3,       1,     10.0000,      1.3814,     42.3112,    243.5277,     61.2868,      3.4953,      0.0000,     -0.0309,      0.3319,      0.1373,      5.4709,     10.9419,      1.2129,     28.0462,     56.0924,      0.0188,      0.0003,      0.0156,      0.1988,   7505.3247,-416275.8438,   -921.7972,    540.1528,  25017.7461,
       1,     166,     152,       8,       1,       3,       1,     10.0000,      1.3814,     42.3112,    243.5277,     61.2868,      3.4953,      0.0050,     -0.0260,      0.3366,      0.1389,      5.4709,     10.9419,      1.2277,     28.0462,     56.0924,      0.0188,      0.0003,      0.0156,      0.1988,   7505.3242,-416045.6875,   -913.9828,    540.1685,  25017.7520,
       1,     166,     152,       9,       1,       3,       1,     10.0000,      1.3814,     42.3112,    243.5277,     61.2868,      3.4953,      0.0653,      0.0343,      1.6481,      0.1396,      5.4709,     10.9419,      1.2339,     28.0462,     56.0924,      0.0188,      0.0003,      0.0760,      0.1988,   7505.3257,-416030.9375,   -910.1042,    540.1694,  25017.7539,
       1,     166,     152,      10,       1,       3,       1,     10.0000,      1.3814,     42.3112,    243.5277,     61.2868,      3.4953,      0.1186,      0.0876,      3.3506,      0.1388,      5.4709,     10.9419,      1.2264,     28.0462,     56.0924,      0.0188,      0.0003,      0.1543,      0.1988,   7505.3267,-417703.8438,   -910.5850,    540.0565,  25017.7520,
       1,     166,     152,      11,       1,       3,       1,     10.0000,      1.3814,     42.3112,    243.5277,     61.2868,      3.4953,      0.1411,      0.1098,      5.1453,      0.1476,      5.4709,     10.9419,      1.3043,     28.0462,     56.0924,      0.0188,      0.0003,      0.1873,      0.1988,   7505.3257,-420021.6875,   -911.5331,    539.9000,  25017.7539,
       1,     166,     152,      12,       1,       3,       1,     10.0000,      1.3814,     42.3112,    243.5277,     61.2868,      3.4953,      0.1478,      0.1158,      5.7145,      0.1690,      5.4709,     10.9419,      1.4932,     28.0462,     56.0924,      0.0188,      0.0004,      0.1971,      0.1988,   7505.3267,-422512.5938,   -912.7336,    539.7319,  25017.7520,
       1,     166,     152,      13,       1,       3,       1,     10.0000,      1.3814,     42.3112,    243.5277,     61.2868,      3.4953,      0.1715,      0.1391,      6.8297,      0.1821,      5.4709,     10.9419,      1.6089,     28.0462,     56.0924,      0.0188,      0.0004,      0.2322,      0.1988,   7505.3257,-423454.1562,   -913.7939,    539.6685,  25017.7520,
       1,     166,     152,      14,       1,       3,       1,     10.0000,      1.3814,     42.3112,    243.5277,     61.2868,      3.4953,      0.1835,      0.1506,      8.0271,      0.1965,      5.4709,     10.9419,      1.7363,     28.0462,     56.0924,      0.0188,      0.0004,      0.2500,      0.1988,   7505.3257,-424959.1250,   -915.3353,    539.5670,  25017.7520,
       1,     166,     152,      15,       1,       3,       1,     10.0000,      1.3814,     42.3112,    243.5277,     61.2868,      3.4953,      0.1835,      0.1503,      8.4281,      0.2050,      5.4709,     10.9419,      1.8115,     28.0462,     56.0924,      0.0188,      0.0004,      0.2500,      0.1988,   7505.3257,-426617.4375,   -917.0164,    539.4550,  25017.7539,
       1,     166,     152,      16,       1,       3,       1,     10.0000,      1.3814,     42.3112,    243.5277,     61.2868,      3.4953,      0.1697,      0.1363,      9.4148,      0.2141,      5.4709,     10.9419,      1.8916,     28.0462,     56.0924,      0.0188,      0.0005,      0.2293,      0.1988,   7505.3267,-427272.3750,   -918.2807,    539.4109,  25017.7520,
       1,     166,     152,      17,       1,       3,       1,     10.0000,      1.3814,     42.3112,    243.5277,     61.2868,      3.4953,      0.1558,      0.1229,     32.1762,      0.1969,      5.4709,     10.9419,      1.7397,     28.0462,     56.0924,      0.0188,      0.0020,      0.2058,      0.1988,   7505.3257,-428588.7188,   -919.1130,    539.3221,  25017.7520,
       1,     166,     152,      18,       1,       3,       1,     10.0000,      1.3814,     42.3112,    243.5277,     61.2868,      3.4953,      0.1389,      0.1066,     42.3649,      0.1785,      5.4709,     10.9419,      1.5772,     28.0462,     56.0924,      0.0188,      0.0030,      0.1795,      0.1988,   7505.3257,-457764.5938,   -925.0899,    537.3553,  25017.7520,
       1,     166,     152,      19,       1,       3,       1,     10.0000,      1.3814,     42.3112,    243.5277,     61.2868,      3.4953,      0.0883,      0.0561,     29.2665,      0.1724,      5.4709,     10.9419,      1.5232,     28.0462,     56.0924,      0.0188,      0.0035,      0.1059,      0.1988,   7505.3257,-473301.3125,   -928.6456,    536.3152,  25017.7520,
       1,     166,     152,      20,       1,       3,       1,     10.0000,      1.3814,     42.3112,    243.5277,     61.2868,      3.4953,      0.0187,     -0.0132,      1.8164,      0.1627,      5.4709,     10.9419,      1.4376,     28.0462,     56.0924,      0.0188,      0.0037,      0.0061,      0.1988,   7505.3257,-457899.9688,   -926.4044,    537.3488,  25017.7520,
       1,     166,     152,      21,       1,       3,       1,     10.0000,      1.3814,     42.3112,    243.5277,     61.2868,      3.4953,      0.0000,     -0.0317,      5.1189,      0.1580,      5.4709,     10.9419,      1.3964,     28.0462,     56.0924,      0.0188,      0.0041,      0.0156,      0.1988,   7505.3257,-421513.7812,   -920.0692,    539.7938,  25017.7520,
       1,     166,     152,      22,       1,       3,       1,     10.0000,      1.3814,     42.3112,    243.5277,     61.2868,      3.4953,      0.0000,     -0.0315,      4.3731,      0.1527,      5.4709,     10.9419,      1.3496,     28.0462,     56.0924,      0.0188,      0.0035,      0.0156,      0.1988,   7505.3257,-422614.7500,   -920.5453,    539.7250,  25017.7520,
       1,     166,     152,      23,       1,       3,       1,     10.0000,      1.3814,     42.3112,    243.5277,     61.2868,      3.4953,      0.0000,     -0.0314,      3.4452,      0.1509,      5.4709,     10.9419,      1.3334,     28.0462,     56.0924,      0.0188,      0.0028,      0.0156,      0.1988,   7505.3257,-421750.3750,   -920.5831,    539.7833,  25017.7500,
       1,     166,     152,      24,       1,       3,       1,     10.0000,      1.3814,     42.3112,    243.5277,     61.2868,      3.4953,      0.0000,     -0.0315,      2.8360,      0.1526,      5.4709,     10.9419,      1.3482,     28.0462,     56.0924,      0.0188,      0.0023,      0.0156,      0.1988,   7505.3252,-420491.6562,   -920.4988,    539.8683,  25017.7520,
       1,     166,     153,       1,       1,       3,       1,     10.0000,      1.3814,     42.3115,    243.5335,     61.2882,      3.4953,      0.0000,     -0.0315,      2.1404,      0.1537,      5.4700,     10.9400,      1.3578,     28.0465,     56.0930,      0.0188,      0.0017,      0.0156,      0.1989,   7505.3257,-419761.8750,   -920.7440,    539.9303,  25018.8848,
       1,     166,     153,       2,       1,       3,       1,     10.0000,      1.3814,     42.3115,    243.5335,     61.2882,      3.4953,      0.0000,     -0.0316,      1.6605,      0.1549,      5.4700,     10.9400,      1.3687,     28.0465,     56.0930,      0.0188,      0.0013,      0.0156,      0.1989,   7505.6655,-418656.7812,   -920.3489,    540.0049,  25018.8848,
       1,     166,     153,       3,       1,       3,       1,     10.0000,      1.3814,     42.3115,    243.5335,     61.2882,      3.4953,      0.0000,     -0.0315,      1.2038,      0.1514,      5.4700,     10.9400,      1.3375,     28.0465,     56.0930,      0.0188,      0.0010,      0.0156,      0.1989,   7505.6655,-417948.8750,   -918.8151,    540.0527,  25018.8828,
       1,     166,     153,       4,       1,       3,       1,     10.0000,      1.3814,     42.3115,    243.5335,     61.2882,      3.4953,      0.0000,     -0.0312,      1.0720,      0.1441,      5.4700,     10.9400,      1.2731,     28.0465,     56.0930,      0.0188,      0.0009,      0.0156,      0.1989,   7505.6650,-417305.0938,   -910.3920,    540.0962,  25018.8848,
       1,     166,     153,       5,       1,       3,       1,     10.0000,      1.3814,     42.3115,    243.5335,     61.2882,      3.4953,      0.0000,     -0.0311,      1.1318,      0.1412,      5.4700,     10.9400,      1.2477,     28.0465,     56.0930,      0.0188,      0.0009,      0.0156,      0.1989,   7505.6655,-417081.1562,   -910.3705,    540.1112,  25018.8848,
       1,     166,     153,       6,       1,       3,       1,     10.0000,      1.3814,     42.3115,    243.5335,     61.2882,      3.4953,      0.0000,     -0.0308,      1.0746,      0.1330,      5.4700,     10.9400,      1.1754,     28.0465,     56.0930,      0.0188,      0.0009,      0.0156,      0.1989,   7505.6655,-417138.3750,   -910.3857,    540.1074,  25018.8848,
       1,     166,     153,       7,       1,       3,       1,     10.0000,      1.3814,     42.3115,    243.5335,     61.2882,      3.4953,      0.0000,     -0.0306,      1.0543,      0.1289,      5.4700,     10.9400,      1.1390,     28.0465,     56.0930,      0.0188,      0.0008,      0.0156,      0.1989,   7505.6655,-417070.2500,   -910.3863,    540.1120,  25018.8848,
       1,     166,     153,       8,       1,       3,       1,     10.0000,      1.3814,     42.3115,    243.5335,     61.2882,      3.4953,      0.0097,     -0.0209,      0.5724,      0.1272,      5.4700,     10.9400,      1.1241,     28.0465,     56.0930,      0.0188,      0.0005,      0.0156,      0.1989,   7505.6655,-417038.3750,   -910.4965,    540.1141,  25018.8828,
       1,     166,     153,       9,       1,       3,       1,     10.0000,      1.3814,     42.3115,    243.5335,     61.2882,      3.4953,      0.1256,      0.0954,      3.0716,      0.1188,      5.4700,     10.9400,      1.0499,     28.0465,     56.0930,      0.0188,      0.0002,      0.1649,      0.1989,   7505.6650,-416420.5938,   -910.2198,    540.1558,  25018.8867,
       1,     166,     153,      10,       1,       3,       1,     10.0000,      1.3814,     42.3115,    243.5335,     61.2882,      3.4953,      0.1544,      0.1241,      3.7829,      0.1202,      5.4700,     10.9400,      1.0618,     28.0465,     56.0930,      0.0188,      0.0002,      0.2070,      0.1989,   7505.6665,-419557.2812,   -911.1120,    539.9440,  25018.8848,
       1,     166,     153,      11,       1,       3,       1,     10.0000,      1.3814,     42.3115,    243.5335,     61.2882,      3.4953,      0.1762,      0.1459,      4.4022,      0.1210,      5.4700,     10.9400,      1.0694,     28.0465,     56.0930,      0.0188,      0.0002,      0.2389,      0.1989,   7505.6655,-420735.8125,   -912.0098,    539.8646,  25018.8867,
       1,     166,     153,      12,       1,       3,       1,     10.0000,      1.3814,     42.3115,    243.5335,     61.2882,      3.4953,      0.1838,      0.1532,      4.9160,      0.1281,      5.4700,     10.9400,      1.1321,     28.0465,     56.0930,      0.0188,      0.0002,      0.2500,      0.1989,   7505.6665,-421627.6875,   -913.5208,    539.8044,  25018.8867,
       1,     166,     153,      13,       1,       3,       1,     10.0000,      1.3814,     42.3115,    243.5335,     61.2882,      3.4953,      0.1837,      0.1528,      5.2947,      0.1367,      5.4700,     10.9400,      1.2080,     28.0465,     56.0930,      0.0188,      0.0003,      0.2500,      0.1989,   7505.6665,-422360.4062,   -913.2151,    539.7549,  25018.8848,
       1,     166,     153,      14,       1,       3,       1,     10.0000,      1.3814,     42.3115,    243.5335,     61.2882,      3.4953,      0.1837,      0.1525,      5.6554,      0.1448,      5.4700,     10.9400,      1.2796,     28.0465,     56.0930,      0.0188,      0.0003,      0.2500,      0.1989,   7505.6655,-422907.3125,   -914.0577,    539.7180,  25018.8848,
       1,     166,     153,      15,       1,       3,       1,     10.0000,      1.3814,     42.3115,    243.5335,     61.2882,      3.4953,      0.1837,      0.1523,      5.8815,      0.1498,      5.4700,     10.9400,      1.3241,     28.0465,     56.0930,      0.0188,      0.0003,      0.2500,      0.1989,   7505.6655,-423414.8438,   -912.9734,    539.6838,  25018.8848,
       1,     166,     153,      16,       1,       3,       1,     10.0000,      1.3814,     42.3115,    243.5335,     61.2882,      3.4953,      0.1802,      0.1484,      6.3479,      0.1630,      5.4700,     10.9400,      1.4405,     28.0465,     56.0930,      0.0188,      0.0003,      0.2450,      0.1989,   7505.6655,-423747.0312,   -914.8557,    539.6614,  25018.8867,
       1,     166,     153,      17,       1,       3,       1,     10.0000,      1.3814,     42.3115,    243.5335,     61.2882,      3.4953,      0.1836,      0.1516,      6.6735,      0.1673,      5.4700,     10.9400,      1.4784,     28.0465,     56.0930,      0.0188,      0.0003,      0.2500,      0.1989,   7505.6665,-424371.0000,   -916.6413,    539.6193,  25018.8848,
       1,     166,     153,      18,       1,       3,       1,     10.0000,      1.3814,     42.3115,    243.5335,     61.2882,      3.4953,      0.1571,      0.1253,      5.3632,      0.1604,      5.4700,     10.9400,      1.4176,     28.0465,     56.0930,      0.0188,      0.0003,      0.2108,      0.1989,   7505.6655,-424840.5312,   -917.9631,    539.5876,  25018.8848,
       1,     166,     153,      19,       1,       3,       1,     10.0000,      1.3814,     42.3115,    243.5335,     61.2882,      3.4953,      0.1299,      0.0985,      5.2353,      0.1478,      5.4700,     10.9400,      1.3056,     28.0465,     56.0930,      0.0188,      0.0004,      0.1706,      0.1989,   7505.6655,-423208.3750,   -918.1417,    539.6978,  25018.8848,
       1,     166,     153,      20,       1,       3,       1,     10.0000,      1.3814,     42.3115,    243.5335,     61.2882,      3.4953,      0.0196,     -0.0116,      0.4972,      0.1438,      5.4700,     10.9400,      1.2706,     28.0465,     56.0930,      0.0188,      0.0007,      0.0084,      0.1989,   7505.6655,-422904.3750,   -918.3729,    539.7182,  25018.8848,
       1,     166,     153,      21,       1,       3,       1,     10.0000,      1.3814,     42.3115,    243.5335,     61.2882,      3.4953,      0.0000,     -0.0311,      1.9300,      0.1419,      5.4700,     10.9400,      1.2540,     28.0465,     56.0930,      0.0188,      0.0015,      0.0156,      0.1989,   7505.6655,-416829.7188,   -917.3502,    540.1281,  25018.8848,
       1,     166,     153,      22,       1,       3,       1,     10.0000,      1.3814,     42.3115,    243.5335,     61.2882,      3.4953,      0.0000,     -0.0312,      2.2028,      0.1434,      5.4700,     10.9400,      1.2667,     28.0465,     56.0930,      0.0188,      0.0018,      0.0156,      0.1989,   7505.6655,-418135.7188,   -917.7253,    540.0400,  25018.8848,
       1,     166,     153,      23,       1,       3,       1,     10.0000,      1.3814,     42.3115,    243.5335,     61.2882,      3.4953,      0.0000,     -0.0311,      2.0532,      0.1412,      5.4700,     10.9400,      1.2477,     28.0465,     56.0930,      0.0188,      0.0016,      0.0156,      0.1989,   7505.6655,-418596.3125,   -917.9537,    540.0090,  25018.8867,
       1,     166,     153,      24,       1,       3,       1,     10.0000,      1.3814,     42.3115,    243.5335,     61.2882,      3.4953,      0.0000,     -0.0312,      1.1492,      0.1436,      5.4700,     10.9400,      1.2693,     28.0465,     56.0930,      0.0188,      0.0009,      0.0156,      0.1989,   7505.6665,-418444.7812,   -918.0187,    540.0192,  25018.8848,
       1,     166,     154,       1,       1,       3,       1,     10.0000,      1.3814,     42.3118,    243.5393,     61.2897,      3.4953,      0.0000,     -0.0312,      0.7520,      0.1434,      5.4701,     10.9402,      1.2668,     28.0544,     56.1088,      0.0188,      0.0006,      0.0156,      0.1989,   7505.6655,-417434.9062,   -918.1622,    540.1002,  25020.0176,
       1,     166,     154,       2,       1,       3,       1,     10.0000,      1.3814,     42.3118,    243.5393,     61.2897,      3.4953,      0.0000,     -0.0312,      0.8826,      0.1438,      5.4701,     10.9402,      1.2706,     28.0544,     56.1088,      0.0188,      0.0007,      0.0156,      0.1989,   7506.0054,-416686.8125,   -917.8018,    540.1506,  25020.0176,
       1,     166,     154,       3,       1,       3,       1,     10.0000,      1.3814,     42.3118,    243.5393,     61.2897,      3.4953,      0.0000,     -0.0311,      0.5450,      0.1415,      5.4701,     10.9402,      1.2502,     28.0544,     56.1088,      0.0188,      0.0004,      0.0156,      0.1989,   7506.0054,-416789.0625,   -917.8636,    540.1438,  25020.0176,
       1,     166,     154,       4,       1,       3,       1,     10.0000,      1.3814,     42.3118,    243.5393,     61.2897,      3.4953,      0.0000,     -0.0310,      0.4144,      0.1396,      5.4701,     10.9402,      1.2339,     28.0544,     56.1088,      0.0188,      0.0003,      0.0156,      0.1989,   7506.0054,-416366.8750,   -917.8026,    540.1722,  25020.0176,
       1,     166,     154,       5,       1,       3,       1,     10.0000,      1.3814,     42.3118,    243.5393,     61.2897,      3.4953,      0.0000,     -0.0309,      0.4971,      0.1373,      5.4701,     10.9402,      1.2129,     28.0544,     56.1088,      0.0188,      0.0004,      0.0156,      0.1989,   7506.0054,-416163.9375,   -917.7730,    540.1860,  25020.0176,
       1,     166,     154,       6,       1,       3,       1,     10.0000,      1.3814,     42.3118,    243.5393,     61.2897,      3.4953,      0.0000,     -0.0308,      0.4896,      0.1344,      5.4701,     10.9402,      1.1874,     28.0544,     56.1088,      0.0188,      0.0004,      0.0156,      0.1989,   7506.0054,-416251.9062,   -917.8022,    540.1801,  25020.0176,
       1,     166,     154,       7,       1,       3,       1,     10.0000,      1.3814,     42.3118,    243.5393,     61.2897,      3.4953,      0.0001,     -0.0307,      0.6476,      0.1314,      5.4701,     10.9402,      1.1612,     28.0544,     56.1088,      0.0188,      0.0005,      0.0156,      0.1989,   7506.0054,-416249.9062,   -917.8136,    540.1802,  25020.0176,
       1,     166,     154,       8,       1,       3,       1,     10.0000,      1.3814,     42.3118,    243.5393,     61.2897,      3.4953,      0.0150,     -0.0157,      0.0769,      0.1317,      5.4701,     10.9402,      1.1636,     28.0544,     56.1088,      0.0188,      0.0004,      0.0024,      0.1989,   7506.0054,-416451.4688,   -917.8747,    540.1666,  25020.0176,
       1,     166,     154,       9,       1,       3,       1,     10.0000,      1.3814,     42.3118,    243.5393,     61.2897,      3.4953,      0.1149,      0.0835,      4.3394,      0.1512,      5.4701,     10.9402,      1.3362,     28.0544,     56.1088,      0.0188,      0.0004,      0.1486,      0.1989,   7506.0054,-415740.4688,   -917.7936,    540.2145,  25020.0156,
       1,     166,     154,      10,       1,       3,       1,     10.0000,      1.3814,     42.3118,    243.5393,     61.2897,      3.4953,      0.1613,      0.1293,      6.2562,      0.1681,      5.4701,     10.9402,      1.4858,     28.0544,     56.1088,      0.0188,      0.0004,      0.2170,      0.1989,   7506.0049,-421119.5625,   -919.0424,    539.8513,  25020.0176,
       1,     166,     154,      11,       1,       3,       1,     10.0000,      1.3814,     42.3118,    243.5393,     61.2897,      3.4953,      0.1836,      0.1508,      8.2452,      0.1908,      5.4701,     10.9402,      1.6857,     28.0544,     56.1088,      0.0188,      0.0004,      0.2500,      0.1989,   7506.0054,-424029.8438,   -920.1086,    539.6551,  25020.0195,
       1,     166,     154,      12,       1,       3,       1,     10.0000,      1.3814,     42.3118,    243.5393,     61.2897,      3.4953,      0.1835,      0.1504,      8.2959,      0.2022,      5.4701,     10.9402,      1.7868,     28.0544,     56.1088,      0.0188,      0.0004,      0.2500,      0.1989,   7506.0063,-426819.0000,   -921.4562,    539.4669,  25020.0176,
       1,     166,     154,      13,       1,       3,       1,     10.0000,      1.3814,     42.3118,    243.5393,     61.2897,      3.4953,      0.1835,      0.1501,      9.2640,      0.2149,      5.4701,     10.9402,      1.8991,     28.0544,     56.1088,      0.0188,      0.0005,      0.2500,      0.1989,   7506.0054,-427124.2812,   -922.4072,    539.4464,  25020.0195,
       1,     166,     154,      14,       1,       3,       1,     10.0000,      1.3814,     42.3118,    243.5393,     61.2897,      3.4953,      0.1843,      0.1506,     19.5886,      0.2224,      5.4701,     10.9402,      1.9654,     28.0544,     56.1088,      0.0188,      0.0010,      0.2500,      0.1989,   7506.0063,-428386.2188,   -923.3214,    539.3613,  25020.0176,
       1,     166,     154,      15,       1,       3,       1,     10.0000,      1.3814,     42.3118,    243.5393,     61.2897,      3.4953,      0.1857,      0.1517,     39.5595,      0.2377,      5.4701,     10.9402,      2.1005,     28.0544,     56.1088,      0.0188,      0.0020,      0.2500,      0.1989,   7506.0054,-441674.5000,   -926.3643,    538.4654,  25020.0195,
       1,     166,     154,      16,       1,       3,       1,     10.0000,      1.3814,     42.3118,    243.5393,     61.2897,      3.4953,      0.1877,      0.1549,     60.0203,      0.1900,      5.4701,     10.9402,      1.6790,     28.0544,     56.1088,      0.0188,      0.0030,      0.2500,      0.1989,   7506.0063,-468318.7812,   -931.8635,    536.6728,  25020.0176,
       1,     166,     154,      17,       1,       3,       1,     10.0000,      1.3814,     42.3118,    243.5393,     61.2897,      3.4953,      0.1884,      0.1569,     65.4352,      0.1512,      5.4701,     10.9402,      1.3362,     28.0544,     56.1088,      0.0188,      0.0033,      0.2500,      0.1988,   7506.0054,-496752.4688,   -926.3047,    534.7683,  25020.0176,
       1,     166,     154,      18,       1,       3,       1,     10.0000,      1.3814,     42.3118,    243.5393,     61.2897,      3.4953,      0.1733,      0.1418,     75.5349,      0.1520,      5.4701,     10.9402,      1.3429,     28.0544,     56.1088,      0.0188,      0.0042,      0.2265,      0.1988,   7506.0054,-506120.7500,   -928.2333,    534.1455,  25020.0176,
       1,     166,     154,      19,       1,       3,       1,     10.0000,      1.3814,     42.3118,    243.5393,     61.2897,      3.4953,      0.0846,      0.0532,     34.1810,      0.1503,      5.4701,     10.9402,      1.3281,     28.0544,     56.1088,      0.0188,      0.0043,      0.1003,      0.1988,   7506.0054,-519829.1562,   -932.9650,    533.2305,  25020.0176,
       1,     166,     154,      20,       1,       3,       1,     10.0000,      1.3814,     42.3118,    243.5393,     61.2897,      3.4953,      0.0415,      0.0104,     16.5689,      0.1411,      5.4701,     10.9402,      1.2465,     28.0544,     56.1088,      0.0188,      0.0053,      0.0390,      0.1988,   7506.0054,-468144.4375,   -920.3704,    536.6763,  25020.0176,
       1,     166,     154,      21,       1,       3,       1,     10.0000,      1.3814,     42.3118,    243.5393,     61.2897,      3.4953,      0.0000,     -0.0309,      3.0438,      0.1377,      5.4701,     10.9402,      1.2166,     28.0544,     56.1088,      0.0188,      0.0024,      0.0156,      0.1988,   7506.0054,-441248.4688,   -915.6002,    538.4918,  25020.0176,
       1,     166,     154,      22,       1,       3,       1,     10.0000,      1.3814,     42.3118,    243.5393,     61.2897,      3.4953,      0.0000,     -0.0311,      0.5996,      0.1418,      5.4701,     10.9402,      1.2528,     28.0544,     56.1088,      0.0188,      0.0005,      0.0156,      0.1989,   7506.0054,-421663.3438,   -912.4160,    539.8132,  25020.0176,
       1,     166,     154,      23,       1,       3,       1,     10.0000,      1.3814,     42.3118,    243.5393,     61.2897,      3.4953,      0.0000,     -0.0312,      0.7533,      0.1442,      5.4701,     10.9402,      1.2744,     28.0544,     56.1088,      0.0188,      0.0006,      0.0156,      0.1989,   7506.0054,-416858.4375,   -911.5938,    540.1390,  25020.0156,
       1,     166,     154,      24,       1,       3,       1,     10.0000,      1.3814,     42.3118,    243.5393,     61.2897,      3.4953,      0.0000,     -0.0312,      0.7282,      0.1444,      5.4701,     10.9402,      1.2757,     28.0544,     56.1088,      0.0188,      0.0006,      0.0156,      0.1989,   7506.0049,-416639.0312,   -911.5859,    540.1539,  25020.0156,
       1,     166,     155,       1,       1,       3,       1,     10.0000,      1.3814,     42.3122,    243.5451,     61.2911,      3.4953,      0.0000,     -0.0313,      0.4482,      0.1455,      5.4700,     10.9399,      1.2861,     28.0621,     56.1243,      0.0188,      0.0004,      0.0156,      0.1989,   7506.0049,-416744.9688,   -911.8826,    540.1596,  25021.1465,
       1,     166,     155,       2,       1,       3,       1,     10.0000,      1.3814,     42.3122,    243.5451,     61.2911,      3.4953,      0.0000,     -0.0311,      0.3456,      0.1422,      5.4700,     10.9399,      1.2566,     28.0621,     56.1243,      0.0188,      0.0003,      0.0156,      0.1989,   7506.3442,-416242.7188,   -911.5500,    540.1935,  25021.1484,
       1,     166,     155,       3,       1,       3,       1,     10.0000,      1.3814,     42.3122,    243.5451,     61.2911,      3.4953,      0.0000,     -0.0311,      0.3445,      0.1418,      5.4700,     10.9399,      1.2528,     28.0621,     56.1243,      0.0188,      0.0003,      0.0156,      0.1989,   7506.3447,-416068.5000,   -911.5203,    540.2053,  25021.1484,
       1,     166,     155,       4,       1,       3,       1,     10.0000,      1.3814,     42.3122,    243.5451,     61.2911,      3.4953,      0.0000,     -0.0311,      0.3433,      0.1413,      5.4700,     10.9399,      1.2490,     28.0621,     56.1243,      0.0188,      0.0003,      0.0156,      0.1989,   7506.3447,-416051.8438,   -911.5192,    540.2064,  25021.1504,
       1,     166,     155,       5,       1,       3,       1,     10.0000,      1.3814,     42.3122,    243.5451,     61.2911,      3.4953,      0.0000,     -0.0303,      0.2824,      0.1192,      5.4700,     10.9399,      1.0532,     28.0621,     56.1243,      0.0188,      0.0002,      0.0156,      0.1989,   7506.3452,-416048.4688,   -910.0859,    540.2066,  25021.1484,
       1,     166,     155,       6,       1,       3,       1,     10.0000,      1.3814,     42.3122,    243.5451,     61.2911,      3.4953,      0.0000,     -0.0300,      0.2649,      0.1127,      5.4700,     10.9399,      0.9956,     28.0621,     56.1243,      0.0188,      0.0002,      0.0156,      0.1989,   7506.3447,-415971.0625,   -910.0727,    540.2119,  25021.1504,
       1,     166,     155,       7,       1,       3,       1,     10.0000,      1.3814,     42.3122,    243.5451,     61.2911,      3.4953,      0.0000,     -0.0301,      0.2730,      0.1157,      5.4700,     10.9399,      1.0224,     28.0621,     56.1243,      0.0188,      0.0002,      0.0156,      0.1989,   7506.3452,-415941.5312,   -910.0681,    540.2138,  25021.1484,
       1,     166,     155,       8,       1,       3,       1,     10.0000,      1.3814,     42.3122,    243.5451,     61.2911,      3.4953,      0.0153,     -0.0151,      0.0611,      0.1231,      5.4700,     10.9399,      1.0881,     28.0621,     56.1243,      0.0188,      0.0002,      0.0033,      0.1989,   7506.3447,-415949.7812,   -910.0720,    540.2132,  25021.1484,
       1,     166,     155,       9,       1,       3,       1,     10.0000,      1.3814,     42.3122,    243.5451,     61.2911,      3.4953,      0.0648,      0.0340,      1.5390,      0.1324,      5.4700,     10.9399,      1.1695,     28.0621,     56.1243,      0.0188,      0.0003,      0.0754,      0.1989,   7506.3447,-415680.1250,   -910.0947,    540.2315,  25021.1484,
       1,     166,     155,      10,       1,       3,       1,     10.0000,      1.3814,     42.3122,    243.5451,     61.2911,      3.4953,      0.1717,      0.1399,      5.9669,      0.1617,      5.4700,     10.9399,      1.4291,     28.0621,     56.1243,      0.0188,      0.0003,      0.2324,      0.1989,   7506.3447,-417542.8750,   -910.6199,    540.1057,  25021.1484,
       1,     166,     155,      11,       1,       3,       1,     10.0000,      1.3814,     42.3122,    243.5451,     61.2911,      3.4953,      0.1836,      0.1504,      9.5970,      0.2070,      5.4700,     10.9399,      1.8296,     28.0621,     56.1243,      0.0188,      0.0005,      0.2500,      0.1989,   7506.3447,-423354.1250,   -912.7910,    539.7134,  25021.1484,
       1,     166,     155,      12,       1,       3,       1,     10.0000,      1.3814,     42.3122,    243.5451,     61.2911,      3.4953,      0.1837,      0.1499,     13.3575,      0.2279,      5.4700,     10.9399,      2.0142,     28.0621,     56.1243,      0.0188,      0.0007,      0.2500,      0.1989,   7506.3447,-428488.2500,   -915.5890,    539.3672,  25021.1465,
       1,     166,     155,      13,       1,       3,       1,     10.0000,      1.3814,     42.3122,    243.5451,     61.2911,      3.4953,      0.1834,      0.1497,      9.4257,      0.2259,      5.4700,     10.9399,      1.9965,     28.0621,     56.1243,      0.0188,      0.0005,      0.2500,      0.1989,   7506.3442,-433730.3125,   -918.5231,    539.0138,  25021.1484,
       1,     166,     155,      14,       1,       3,       1,     10.0000,      1.3814,     42.3122,    243.5451,     61.2911,      3.4953,      0.1834,      0.1496,      9.6512,      0.2295,      5.4700,     10.9399,      2.0280,     28.0621,     56.1243,      0.0188,      0.0005,      0.2500,      0.1989,   7506.3447,-429163.0000,   -918.9155,    539.3217,  25021.1465,
       1,     166,     155,      15,       1,       3,       1,     10.0000,      1.3814,     42.3122,    243.5451,     61.2911,      3.4953,      0.1517,      0.1178,     25.4213,      0.2322,      5.4700,     10.9399,      2.0519,     28.0621,     56.1243,      0.0188,      0.0016,      0.2006,      0.1989,   7506.3442,-429058.0000,   -919.7155,    539.3289,  25021.1484,
       1,     166,     155,      16,       1,       3,       1,     10.0000,      1.3814,     42.3122,    243.5451,     61.2911,      3.4953,      0.1035,      0.0698,     39.4448,      0.2255,      5.4700,     10.9399,      1.9926,     28.0621,     56.1243,      0.0188,      0.0039,      0.1266,      0.1989,   7506.3447,-449177.2188,   -923.9501,    537.9725,  25021.1484,
       1,     166,     155,      17,       1,       3,       1,     10.0000,      1.3814,     42.3122,    243.5451,     61.2911,      3.4953,      0.0774,      0.0440,     34.3069,      0.2116,      5.4700,     10.9399,      1.8696,     28.0621,     56.1243,      0.0188,      0.0049,      0.0883,      0.1989,   7506.3447,-468818.4062,   -928.1843,    536.6534,  25021.1465,
       1,     166,     155,      18,       1,       3,       1,     10.0000,      1.3814,     42.3122,    243.5451,     61.2911,      3.4953,      0.0825,      0.0496,     40.4210,      0.1938,      5.4700,     10.9399,      1.7126,     28.0621,     56.1243,      0.0188,      0.0053,      0.0955,      0.1989,   7506.3442,-463947.9375,   -927.9556,    536.9818,  25021.1484,
       1,     166,     155,      19,       1,       3,       1,     10.0000,      1.3814,     42.3122,    243.5451,     61.2911,      3.4953,      0.1197,      0.0870,     63.7340,      0.1910,      5.4700,     10.9399,      1.6874,     28.0621,     56.1243,      0.0188,      0.0054,      0.1483,      0.1989,   7506.3447,-471335.4375,   -929.9880,    536.4860,  25021.1465,
       1,     166,     155,      20,       1,       3,       1,     10.0000,      1.3814,     42.3122,    243.5451,     61.2911,      3.4953,      0.0330,      0.0007,     11.1882,      0.1764,      5.4700,     10.9399,      1.5586,     28.0621,     56.1243,      0.0188,      0.0054,      0.0258,      0.1989,   7506.3442,-501745.9375,   -936.3973,    534.4469,  25021.1484,
       1,     166,     155,      21,       1,       3,       1,     10.0000,      1.3814,     42.3122,    243.5451,     61.2911,      3.4953,      0.0000,     -0.0318,      5.7333,      0.1620,      5.4700,     10.9399,      1.4319,     28.0621,     56.1243,      0.0188,      0.0046,      0.0156,      0.1988,   7506.3447,-437226.6250,   -924.9535,    538.7609,  25021.1465,
       1,     166,     155,      22,       1,       3,       1,     10.0000,      1.3814,     42.3122,    243.5451,     61.2911,      3.4953,      0.0000,     -0.0311,      4.7777,      0.1408,      5.4700,     10.9399,      1.2440,     28.0621,     56.1243,      0.0188,      0.0038,      0.0156,      0.1989,   7506.3442,-424772.4688,   -921.7097,    539.6172,  25021.1484,
       1,     166,     155,      23,       1,       3,       1,     10.0000,      1.3814,     42.3122,    243.5451,     61.2911,      3.4953,      0.0000,     -0.0311,      3.9953,      0.1413,      5.4700,     10.9399,      1.2490,     28.0621,     56.1243,      0.0188,      0.0032,      0.0156,      0.1989,   7506.3447,-422460.2500,   -911.8220,    539.7739,  25021.1484,
       1,     166,     155,      24,       1,       3,       1,     10.0000,      1.3814,     42.3122,    243.5451,     61.2911,      3.4953,      0.0000,     -0.0313,      3.8744,      0.1478,      5.4700,     10.9399,      1.3057,     28.0621,     56.1243,      0.0188,      0.0031,      0.0156,      0.1989,   7506.3447,-421261.6562,   -912.1071,    539.8547,  25021.1484,
       1,     166,     156,       1,       1,       3,       1,     10.0000,      1.3814,     42.3125,    243.5509,     61.2926,      3.4953,      0.0000,     -0.0314,      2.8816,      0.1482,      5.4707,     10.9414,      1.3096,     28.0617,     56.1233,      0.0188,      0.0023,      0.0156,      0.1989,   7506.3447,-421160.7812,   -912.7675,    539.8744,  25022.2812,
       1,     166,     156,       2,       1,       3,       1,     10.0000,      1.3814,     42.3125,    243.5509,     61.2926,      3.4953,      0.0000,     -0.0311,      1.8140,      0.1421,      5.4707,     10.9414,      1.2554,     28.0617,     56.1233,      0.0188,      0.0015,      0.0156,      0.1989,   7506.6846,-419731.0625,   -912.5692,    539.9709,  25022.2832,
       1,     166,     156,       3,       1,       3,       1,     10.0000,      1.3814,     42.3125,    243.5509,     61.2926,      3.4953,      0.0000,     -0.0310,      0.6257,      0.1394,      5.4707,     10.9414,      1.2315,     28.0617,     56.1233,      0.0188,      0.0005,      0.0156,      0.1989,   7506.6851,-418245.1875,   -912.4177,    540.0712,  25022.2812,
       1,     166,     156,       4,       1,       3,       1,     10.0000,      1.3814,     42.3125,    243.5509,     61.2926,      3.4953,      0.0000,     -0.0310,      0.4883,      0.1391,      5.4707,     10.9414,      1.2290,     28.0617,     56.1233,      0.0188,      0.0004,      0.0156,      0.1989,   7506.6846,-416601.2812,   -910.2219,    540.1822,  25022.2832,
       1,     166,     156,       5,       1,       3,       1,     10.0000,      1.3814,     42.3125,    243.5509,     61.2926,      3.4953,      0.0000,     -0.0309,      0.4297,      0.1358,      5.4707,     10.9414,      1.1995,     28.0617,     56.1233,      0.0188,      0.0003,      0.0156,      0.1989,   7506.6851,-416283.9688,   -910.1868,    540.2036,  25022.2793,
       1,     166,     156,       6,       1,       3,       1,     10.0000,      1.3814,     42.3125,    243.5509,     61.2926,      3.4953,      0.0000,     -0.0309,      0.3514,      0.1353,      5.4707,     10.9414,      1.1959,     28.0617,     56.1233,      0.0188,      0.0003,      0.0156,      0.1989,   7506.6841,-416182.3750,   -910.1845,    540.2105,  25022.2812,
       1,     166,     156,       7,       1,       3,       1,     10.0000,      1.3814,     42.3125,    243.5509,     61.2926,      3.4953,      0.0000,     -0.0308,      0.3225,      0.1338,      5.4707,     10.9414,      1.1827,     28.0617,     56.1233,      0.0188,      0.0003,      0.0156,      0.1989,   7506.6846,-416073.5312,   -910.1688,    540.2178,  25022.2812,
       1,     166,     156,       8,       1,       3,       1,     10.0000,      1.3814,     42.3125,    243.5509,     61.2926,      3.4953,      0.0052,     -0.0256,      0.4046,      0.1333,      5.4707,     10.9414,      1.1779,     28.0617,     56.1233,      0.0188,      0.0003,      0.0156,      0.1989,   7506.6846,-416027.2188,   -910.1621,    540.2209,  25022.2812,
       1,     166,     156,       9,       1,       3,       1,     10.0000,      1.3814,     42.3125,    243.5509,     61.2926,      3.4953,      0.0163,     -0.0153,      0.0773,      0.1538,      5.4707,     10.9414,      1.3593,     28.0617,     56.1233,      0.0188,      0.0003,      0.0032,      0.1989,   7506.6846,-416128.0312,   -910.2129,    540.2141,  25022.2832,
       1,     166,     156,      10,       1,       3,       1,     10.0000,      1.3814,     42.3125,    243.5509,     61.2926,      3.4953,      0.0764,      0.0437,      3.0628,      0.1874,      5.4707,     10.9414,      1.6560,     28.0617,     56.1233,      0.0188,      0.0004,      0.0909,      0.1989,   7506.6851,-415718.8125,   -910.2075,    540.2418,  25022.2812,
       1,     166,     156,      11,       1,       3,       1,     10.0000,      1.3814,     42.3125,    243.5509,     61.2926,      3.4953,      0.1758,      0.1427,      8.9309,      0.2024,      5.4707,     10.9414,      1.7886,     28.0617,     56.1233,      0.0188,      0.0005,      0.2384,      0.1989,   7506.6846,-419493.1875,   -911.1592,    539.9869,  25022.2812,
       1,     166,     156,      12,       1,       3,       1,     10.0000,      1.3814,     42.3125,    243.5509,     61.2926,      3.4953,      0.1834,      0.1497,      9.5005,      0.2275,      5.4707,     10.9414,      2.0103,     28.0617,     56.1233,      0.0188,      0.0005,      0.2500,      0.1989,   7506.6846,-427306.6562,   -913.7199,    539.4595,  25022.2812,
       1,     166,     156,      13,       1,       3,       1,     10.0000,      1.3814,     42.3125,    243.5509,     61.2926,      3.4953,      0.1801,      0.1460,     10.8667,      0.2407,      5.4707,     10.9414,      2.1274,     28.0617,     56.1233,      0.0188,      0.0006,      0.2450,      0.1989,   7506.6846,-428707.2500,   -915.7356,    539.3653,  25022.2832,
       1,     166,     156,      14,       1,       3,       1,     10.0000,      1.3814,     42.3125,    243.5509,     61.2926,      3.4953,      0.1629,      0.1284,     16.9825,      0.2542,      5.4707,     10.9414,      2.2464,     28.0617,     56.1233,      0.0188,      0.0010,      0.2184,      0.1989,   7506.6851,-430570.8438,   -917.3403,    539.2397,  25022.2832,
       1,     166,     156,      15,       1,       3,       1,     10.0000,      1.3814,     42.3125,    243.5509,     61.2926,      3.4953,      0.1457,      0.1115,     60.0222,      0.2438,      5.4707,     10.9414,      2.1545,     28.0617,     56.1233,      0.0188,      0.0040,      0.1875,      0.1989,   7506.6851,-438536.4688,   -919.6476,    538.7028,  25022.2832,
       1,     166,     156,      16,       1,       3,       1,     10.0000,      1.3814,     42.3125,    243.5509,     61.2926,      3.4953,      0.1838,      0.1495,     93.0374,      0.2472,      5.4707,     10.9414,      2.1840,     28.0617,     56.1233,      0.0188,      0.0048,      0.2409,      0.1989,   7506.6851,-494158.8438,   -930.8242,    534.9575,  25022.2812,
       1,     166,     156,      17,       1,       3,       1,     10.0000,      1.3814,     42.3125,    243.5509,     61.2926,      3.4953,      0.1680,      0.1339,    108.9250,      0.2393,      5.4707,     10.9414,      2.1150,     28.0617,     56.1233,      0.0188,      0.0063,      0.2153,      0.1989,   7506.6846,-541156.1875,   -941.1719,    531.8279,  25022.2812,
       1,     166,     156,      18,       1,       3,       1,     10.0000,      1.3814,     42.3125,    243.5509,     61.2926,      3.4953,      0.1056,      0.0717,     73.8545,      0.2324,      5.4707,     10.9414,      2.0540,     28.0617,     56.1233,      0.0188,      0.0074,      0.1256,      0.1988,   7506.6846,-565512.6875,   -947.2644,    530.2178,  25022.2812,
       1,     166,     156,      19,       1,       3,       1,     10.0000,      1.3814,     42.3125,    243.5509,     61.2926,      3.4953,      0.0626,      0.0293,     38.6271,      0.2099,      5.4707,     10.9414,      1.8550,     28.0617,     56.1233,      0.0188,      0.0074,      0.0657,      0.1988,   7506.6846,-522743.5312,   -940.5884,    533.0549,  25022.2832,
       1,     166,     156,      20,       1,       3,       1,     10.0000,      1.3814,     42.3125,    243.5509,     61.2926,      3.4953,      0.0099,     -0.0220,      7.2571,      0.1642,      5.4707,     10.9414,      1.4507,     28.0617,     56.1233,      0.0188,      0.0058,      0.0156,      0.1988,   7506.6851,-474076.4062,   -932.4348,    536.3052,  25022.2812,
       1,     166,     156,      21,       1,       3,       1,     10.0000,      1.3814,     42.3125,    243.5509,     61.2926,      3.4953,      0.0000,     -0.0306,      6.1937,      0.1288,      5.4707,     10.9414,      1.1379,     28.0617,     56.1233,      0.0188,      0.0050,      0.0156,      0.1989,   7506.6846,-429861.9062,   -913.4862,    539.2792,  25022.2793,
       1,     166,     156,      22,       1,       3,       1,     10.0000,      1.3814,     42.3125,    243.5509,     61.2926,      3.4953,      0.0000,     -0.0307,      6.0011,      0.1302,      5.4707,     10.9414,      1.1507,     28.0617,     56.1233,      0.0188,      0.0048,      0.0156,      0.1989,   7506.6841,-424717.4062,   -912.4507,    539.6343,  25022.2812,
       1,     166,     156,      23,       1,       3,       1,     10.0000,      1.3814,     42.3125,    243.5509,     61.2926,      3.4953,      0.0000,     -0.0306,      5.7935,      0.1285,      5.4707,     10.9414,      1.1356,     28.0617,     56.1233,      0.0188,      0.0046,      0.0156,      0.1989,   7506.6846,-424018.2188,   -912.1870,    539.6816,  25022.2793,
       1,     166,     156,      24,       1,       3,       1,     10.0000,      1.3814,     42.3125,    243.5509,     61.2926,      3.4953,      0.0000,     -0.0306,      5.0654,      0.1292,      5.4707,     10.9414,      1.1414,     28.0617,     56.1233,      0.0188,      0.0041,      0.0156,      0.1989,   7506.6841,-423692.9688,   -912.8845,    539.7035,  25022.2812,
       1,     166,     157,       1,       1,       3,       1,     10.0000,      1.3815,     42.3128,    243.5567,     61.2940,      3.4953,      0.0000,     -0.0307,      2.3703,      0.1314,      5.4710,     10.9420,      1.1613,     28.0589,     56.1179,      0.0188,      0.0019,      0.0156,      0.1990,   7506.6846,-422892.3125,   -913.7114,    539.7704,  25023.4141,
       1,     166,     157,       2,       1,       3,       1,     10.0000,      1.3815,     42.3128,    243.5567,     61.2940,      3.4953,      0.0000,     -0.0311,      0.7482,      0.1402,      5.4710,     10.9420,      1.2390,     28.0589,     56.1179,      0.0188,      0.0006,      0.0156,      0.1990,   7507.0244,-419230.0000,   -913.0849,    540.0176,  25023.4141,
       1,     166,     157,       3,       1,       3,       1,     10.0000,      1.3815,     42.3128,    243.5567,     61.2940,      3.4953,      0.0000,     -0.0308,      0.4577,      0.1337,      5.4710,     10.9420,      1.1815,     28.0589,     56.1179,      0.0188,      0.0004,      0.0156,      0.1990,   7507.0244,-416845.1250,   -910.2836,    540.1786,  25023.4121,
       1,     166,     157,       4,       1,       3,       1,     10.0000,      1.3815,     42.3128,    243.5567,     61.2940,      3.4953,      0.0000,     -0.0307,      0.3115,      0.1298,      5.4710,     10.9420,      1.1472,     28.0589,     56.1179,      0.0188,      0.0002,      0.0156,      0.1990,   7507.0239,-416269.3750,   -910.2031,    540.2175,  25023.4141,
       1,     166,     157,       5,       1,       3,       1,     10.0000,      1.3815,     42.3128,    243.5567,     61.2940,      3.4953,      0.0000,     -0.0307,      0.3107,      0.1296,      5.4710,     10.9420,      1.1449,     28.0589,     56.1179,      0.0188,      0.0002,      0.0156,      0.1990,   7507.0244,-416032.8750,   -910.0822,    540.2335,  25023.4102,
       1,     166,     157,       6,       1,       3,       1,     10.0000,      1.3815,     42.3128,    243.5567,     61.2940,      3.4953,      0.0000,     -0.0307,      0.3963,      0.1306,      5.4710,     10.9420,      1.1543,     28.0589,     56.1179,      0.0188,      0.0003,      0.0156,      0.1990,   7507.0234,-416012.0938,   -910.0811,    540.2349,  25023.4141,
       1,     166,     157,       7,       1,       3,       1,     10.0000,      1.3815,     42.3128,    243.5567,     61.2940,      3.4953,      0.0000,     -0.0308,      0.3433,      0.1325,      5.4710,     10.9420,      1.1708,     28.0589,     56.1179,      0.0188,      0.0003,      0.0156,      0.1990,   7507.0244,-416118.9062,   -910.1119,    540.2277,  25023.4141,
       1,     166,     157,       8,       1,       3,       1,     10.0000,      1.3815,     42.3128,    243.5567,     61.2940,      3.4953,      0.0316,      0.0007,      0.5604,      0.1366,      5.4710,     10.9420,      1.2069,     28.0589,     56.1179,      0.0188,      0.0003,      0.0265,      0.1990,   7507.0244,-416060.4375,   -910.1065,    540.2316,  25023.4141,
       1,     166,     157,       9,       1,       3,       1,     10.0000,      1.3815,     42.3128,    243.5567,     61.2940,      3.4953,      0.1155,      0.0837,      3.7818,      0.1598,      5.4710,     10.9420,      1.4121,     28.0589,     56.1179,      0.0188,      0.0003,      0.1493,      0.1990,   7507.0244,-416332.4688,   -910.2431,    540.2133,  25023.4141,
       1,     166,     157,      10,       1,       3,       1,     10.0000,      1.3815,     42.3128,    243.5567,     61.2940,      3.4953,      0.1561,      0.1234,      6.3848,      0.1880,      5.4710,     10.9420,      1.6609,     28.0589,     56.1179,      0.0188,      0.0004,      0.2093,      0.1990,   7507.0244,-420465.8125,   -911.4539,    539.9341,  25023.4141,
       1,     166,     157,      11,       1,       3,       1,     10.0000,      1.3815,     42.3128,    243.5567,     61.2940,      3.4953,      0.1748,      0.1416,      8.0644,      0.2067,      5.4710,     10.9420,      1.8261,     28.0589,     56.1179,      0.0188,      0.0004,      0.2370,      0.1990,   7507.0244,-424143.3438,   -912.8445,    539.6860,  25023.4141,
       1,     166,     157,      12,       1,       3,       1,     10.0000,      1.3815,     42.3128,    243.5567,     61.2940,      3.4953,      0.1826,      0.1489,      9.2855,      0.2240,      5.4710,     10.9420,      1.9791,     28.0589,     56.1179,      0.0188,      0.0005,      0.2488,      0.1990,   7507.0244,-426603.1562,   -914.2146,    539.5201,  25023.4141,
       1,     166,     157,      13,       1,       3,       1,     10.0000,      1.3815,     42.3128,    243.5567,     61.2940,      3.4953,      0.1835,      0.1493,     11.3089,      0.2429,      5.4710,     10.9420,      2.1461,     28.0589,     56.1179,      0.0188,      0.0006,      0.2500,      0.1990,   7507.0244,-428373.2188,   -915.5576,    539.4008,  25023.4141,
       1,     166,     157,      14,       1,       3,       1,     10.0000,      1.3815,     42.3128,    243.5567,     61.2940,      3.4953,      0.1852,      0.1509,     33.6465,      0.2474,      5.4710,     10.9420,      2.1862,     28.0589,     56.1179,      0.0188,      0.0017,      0.2500,      0.1990,   7507.0244,-431107.6562,   -917.4355,    539.2164,  25023.4141,
       1,     166,     157,      15,       1,       3,       1,     10.0000,      1.3815,     42.3128,    243.5567,     61.2940,      3.4953,      0.1871,      0.1532,     60.8300,      0.2313,      5.4710,     10.9420,      2.0440,     28.0589,     56.1179,      0.0188,      0.0031,      0.2495,      0.1990,   7507.0244,-459848.3438,   -924.1425,    537.2793,  25023.4160,
       1,     166,     157,      16,       1,       3,       1,     10.0000,      1.3815,     42.3128,    243.5567,     61.2940,      3.4953,      0.0743,      0.0404,     29.7857,      0.2324,      5.4710,     10.9420,      2.0540,     28.0589,     56.1179,      0.0188,      0.0044,      0.0838,      0.1989,   7507.0249,-497034.6875,   -932.3351,    534.7853,  25023.4141,
       1,     166,     157,      17,       1,       3,       1,     10.0000,      1.3815,     42.3128,    243.5567,     61.2940,      3.4953,      0.1384,      0.1047,     84.7120,      0.2249,      5.4710,     10.9420,      1.9869,     28.0589,     56.1179,      0.0188,      0.0061,      0.1736,      0.1989,   7507.0244,-460586.7500,   -926.4028,    537.2276,  25023.4141,
       1,     166,     157,      18,       1,       3,       1,     10.0000,      1.3815,     42.3128,    243.5567,     61.2940,      3.4953,      0.1800,      0.1471,    117.1857,      0.1963,      5.4710,     10.9420,      1.7348,     28.0589,     56.1179,      0.0188,      0.0063,      0.2320,      0.1989,   7507.0244,-527590.8125,   -939.8251,    532.7335,  25023.4141,
       1,     166,     157,      19,       1,       3,       1,     10.0000,      1.3815,     42.3128,    243.5567,     61.2940,      3.4953,      0.1542,      0.1215,    105.2731,      0.1919,      5.4710,     10.9420,      1.6958,     28.0589,     56.1179,      0.0188,      0.0068,      0.1949,      0.1989,   7507.0244,-574897.7500,   -950.0785,    529.6021,  25023.4141,
       1,     166,     157,      20,       1,       3,       1,     10.0000,      1.3815,     42.3128,    243.5567,     61.2940,      3.4953,      0.0226,     -0.0099,      4.9247,      0.1817,      5.4710,     10.9420,      1.6059,     28.0589,     56.1179,      0.0188,      0.0057,      0.0108,      0.1988,   7507.0244,-563724.6875,   -949.3474,    530.3510,  25023.4141,
       1,     166,     157,      21,       1,       3,       1,     10.0000,      1.3815,     42.3128,    243.5567,     61.2940,      3.4953,      0.0000,     -0.0323,      6.2952,      0.1762,      5.4710,     10.9420,      1.5572,     28.0589,     56.1179,      0.0188,      0.0051,      0.0156,      0.1988,   7507.0244,-434433.2500,   -925.9296,    538.9227,  25023.4141,
       1,     166,     157,      22,       1,       3,       1,     10.0000,      1.3815,     42.3128,    243.5567,     61.2940,      3.4953,      0.0000,     -0.0322,      5.9825,      0.1722,      5.4710,     10.9420,      1.5219,     28.0589,     56.1179,      0.0188,      0.0048,      0.0156,      0.1989,   7507.0244,-425319.6875,   -924.5316,    539.6063,  25023.4160,
       1,     166,     157,      23,       1,       3,       1,     10.0000,      1.3815,     42.3128,    243.5567,     61.2940,      3.4953,      0.0000,     -0.0321,      4.3782,      0.1710,      5.4710,     10.9420,      1.5113,     28.0589,     56.1179,      0.0188,      0.0035,      0.0156,      0.1990,   7507.0249,-424048.3750,   -924.5530,    539.6924,  25023.4141,
       1,     166,     157,      24,       1,       3,       1,     10.0000,      1.3815,     42.3128,    243.5567,     61.2940,      3.4953,      0.0000,     -0.0319,      4.0324,      0.1655,      5.4710,     10.9420,      1.4624,     28.0589,     56.1179,      0.0188,      0.0032,      0.0156,      0.1990,   7507.0244,-421891.5000,   -924.3199,    539.8379,  25023.4121,
       1,     166,     158,       1,       1,       3,       1,     10.0000,      1.3815,     42.3132,    243.5625,     61.2955,      3.4953,      0.0000,     -0.0318,      3.7028,      0.1619,      5.4706,     10.9412,      1.4306,     28.0640,     56.1279,      0.0188,      0.0030,      0.0156,      0.1990,   7507.0239,-421421.5938,   -924.6531,    539.8824,  25024.5449,
       1,     166,     158,       2,       1,       3,       1,     10.0000,      1.3815,     42.3132,    243.5625,     61.2955,      3.4953,      0.0000,     -0.0318,      3.0510,      0.1621,      5.4706,     10.9412,      1.4320,     28.0640,     56.1279,      0.0188,      0.0024,      0.0156,      0.1990,   7507.3638,-420806.1250,   -924.4002,    539.9241,  25024.5469,
       1,     166,     158,       3,       1,       3,       1,     10.0000,      1.3815,     42.3132,    243.5625,     61.2955,      3.4953,      0.0000,     -0.0318,      2.7025,      0.1613,      5.4706,     10.9412,      1.4249,     28.0640,     56.1279,      0.0188,      0.0022,      0.0156,      0.1990,   7507.3643,-419921.4375,   -924.3337,    539.9838,  25024.5449,
       1,     166,     158,       4,       1,       3,       1,     10.0000,      1.3815,     42.3132,    243.5625,     61.2955,      3.4953,      0.0000,     -0.0316,      2.4702,      0.1565,      5.4706,     10.9412,      1.3827,     28.0640,     56.1279,      0.0188,      0.0020,      0.0156,      0.1990,   7507.3638,-419400.6250,   -924.3190,    540.0189,  25024.5449,
       1,     166,     158,       5,       1,       3,       1,     10.0000,      1.3815,     42.3132,    243.5625,     61.2955,      3.4953,      0.0000,     -0.0318,      2.3626,      0.1603,      5.4706,     10.9412,      1.4163,     28.0640,     56.1279,      0.0188,      0.0019,      0.0156,      0.1990,   7507.3638,-419059.5938,   -924.3281,    540.0419,  25024.5449,
       1,     166,     158,       6,       1,       3,       1,     10.0000,      1.3815,     42.3132,    243.5625,     61.2955,      3.4953,      0.0000,     -0.0318,      2.0736,      0.1611,      5.4706,     10.9412,      1.4235,     28.0640,     56.1279,      0.0188,      0.0017,      0.0156,      0.1990,   7507.3638,-418892.9375,   -924.3624,    540.0532,  25024.5449,
       1,     166,     158,       7,       1,       3,       1,     10.0000,      1.3815,     42.3132,    243.5625,     61.2955,      3.4953,      0.0000,     -0.0317,      1.7759,      0.1579,      5.4706,     10.9412,      1.3952,     28.0640,     56.1279,      0.0188,      0.0014,      0.0156,      0.1990,   7507.3638,-418509.8750,   -924.3464,    540.0790,  25024.5449,
       1,     166,     158,       8,       1,       3,       1,     10.0000,      1.3815,     42.3132,    243.5625,     61.2955,      3.4953,      0.0068,     -0.0250,      1.6703,      0.1601,      5.4706,     10.9412,      1.4149,     28.0640,     56.1279,      0.0188,      0.0013,      0.0156,      0.1990,   7507.3638,-418097.1250,   -924.3128,    540.1069,  25024.5469,
       1,     166,     158,       9,       1,       3,       1,     10.0000,      1.3815,     42.3132,    243.5625,     61.2955,      3.4953,      0.0558,      0.0237,      5.8385,      0.1690,      5.4706,     10.9412,      1.4934,     28.0640,     56.1279,      0.0188,      0.0012,      0.0604,      0.1990,   7507.3643,-417926.7500,   -924.3228,    540.1184,  25024.5430,
       1,     166,     158,      10,       1,       3,       1,     10.0000,      1.3815,     42.3132,    243.5625,     61.2955,      3.4953,      0.1631,      0.1306,     30.5718,      0.1845,      5.4706,     10.9412,      1.6300,     28.0640,     56.1279,      0.0188,      0.0018,      0.2169,      0.1990,   7507.3633,-423229.9062,   -925.3931,    539.7603,  25024.5469,
       1,     166,     158,      11,       1,       3,       1,     10.0000,      1.3815,     42.3132,    243.5625,     61.2955,      3.4953,      0.1577,      0.1249,     29.5321,      0.1932,      5.4706,     10.9412,      1.7076,     28.0640,     56.1279,      0.0188,      0.0018,      0.2089,      0.1990,   7507.3643,-455241.6250,   -931.6789,    537.6007,  25024.5449,
       1,     166,     158,      12,       1,       3,       1,     10.0000,      1.3815,     42.3132,    243.5625,     61.2955,      3.4953,      0.1560,      0.1228,     29.3708,      0.2060,      5.4706,     10.9412,      1.8207,     28.0640,     56.1279,      0.0188,      0.0018,      0.2064,      0.1990,   7507.3638,-456681.7500,   -932.2396,    537.5082,  25024.5449,
       1,     166,     158,      13,       1,       3,       1,     10.0000,      1.3815,     42.3132,    243.5625,     61.2955,      3.4953,      0.1709,      0.1384,     39.3150,      0.1845,      5.4706,     10.9412,      1.6300,     28.0640,     56.1279,      0.0188,      0.0022,      0.2275,      0.1990,   7507.3638,-456594.1562,   -932.4925,    537.5140,  25024.5449,
       1,     166,     158,      14,       1,       3,       1,     10.0000,      1.3815,     42.3132,    243.5625,     61.2955,      3.4953,      0.1863,      0.1563,     34.3808,      0.1118,      5.4706,     10.9412,      0.9875,     28.0640,     56.1279,      0.0188,      0.0017,      0.2500,      0.1990,   7507.3638,-469279.8750,   -920.7095,    536.6617,  25024.5430,
       1,     166,     158,      15,       1,       3,       1,     10.0000,      1.3815,     42.3132,    243.5625,     61.2955,      3.4953,      0.1442,      0.1143,     32.8845,      0.1103,      5.4706,     10.9412,      0.9744,     28.0640,     56.1279,      0.0188,      0.0022,      0.1885,      0.1989,   7507.3633,-464072.8125,   -919.9637,    537.0117,  25024.5449,
       1,     166,     158,      16,       1,       3,       1,     10.0000,      1.3815,     42.3132,    243.5625,     61.2955,      3.4953,      0.1760,      0.1458,     50.0151,      0.1174,      5.4706,     10.9412,      1.0372,     28.0640,     56.1279,      0.0188,      0.0027,      0.2332,      0.1989,   7507.3638,-461714.5312,   -920.5964,    537.1702,  25024.5449,
       1,     166,     158,      17,       1,       3,       1,     10.0000,      1.3815,     42.3132,    243.5625,     61.2955,      3.4953,      0.1886,      0.1580,     65.7877,      0.1283,      5.4706,     10.9412,      1.1334,     28.0640,     56.1279,      0.0188,      0.0033,      0.2500,      0.1990,   7507.3638,-483379.6250,   -925.8844,    535.7153,  25024.5449,
       1,     166,     158,      18,       1,       3,       1,     10.0000,      1.3815,     42.3132,    243.5625,     61.2955,      3.4953,      0.1771,      0.1462,     51.9045,      0.1333,      5.4706,     10.9412,      1.1779,     28.0640,     56.1279,      0.0188,      0.0028,      0.2346,      0.1989,   7507.3638,-505387.5938,   -931.7084,    534.2437,  25024.5449,
       1,     166,     158,      19,       1,       3,       1,     10.0000,      1.3815,     42.3132,    243.5625,     61.2955,      3.4953,      0.0846,      0.0539,      2.2016,      0.1317,      5.4706,     10.9412,      1.1637,     28.0640,     56.1279,      0.0188,      0.0003,      0.1045,      0.1989,   7507.3638,-489545.5625,   -930.1988,    535.3036,  25024.5449,
       1,     166,     158,      20,       1,       3,       1,     10.0000,      1.3815,     42.3132,    243.5625,     61.2955,      3.4953,      0.0236,     -0.0069,      0.2955,      0.1267,      5.4706,     10.9412,      1.1196,     28.0640,     56.1279,      0.0188,      0.0002,      0.0152,      0.1989,   7507.3638,-424712.7188,   -918.7198,    539.6428,  25024.5469,
       1,     166,     158,      21,       1,       3,       1,     10.0000,      1.3815,     42.3132,    243.5625,     61.2955,      3.4953,      0.0001,     -0.0304,      0.3904,      0.1249,      5.4706,     10.9412,      1.1038,     28.0640,     56.1279,      0.0188,      0.0003,      0.0156,      0.1990,   7507.3643,-416764.5938,   -917.3360,    540.1966,  25024.5430,
       1,     166,     158,      22,       1,       3,       1,     10.0000,      1.3815,     42.3132,    243.5625,     61.2955,      3.4953,      0.0000,     -0.0305,      0.8311,      0.1263,      5.4706,     10.9412,      1.1162,     28.0640,     56.1279,      0.0188,      0.0007,      0.0156,      0.1990,   7507.3633,-416179.9688,   -917.2388,    540.2363,  25024.5449,
       1,     166,     158,      23,       1,       3,       1,     10.0000,      1.3815,     42.3132,    243.5625,     61.2955,      3.4953,      0.0000,     -0.0306,      0.9969,      0.1274,      5.4706,     10.9412,      1.1253,     28.0640,     56.1279,      0.0188,      0.0008,      0.0156,      0.1990,   7507.3638,-416691.0938,   -917.3627,    540.2018,  25024.5430,
       1,     166,     158,      24,       1,       3,       1,     10.0000,      1.3815,     42.3132,    243.5625,     61.2955,      3.4953,      0.0000,     -0.0306,      0.9755,      0.1270,      5.4706,     10.9412,      1.1219,     28.0640,     56.1279,      0.0188,      0.0008,      0.0156,      0.1990,   7507.3633,-416947.0000,   -917.4379,    540.1846,  25024.5449,
       1,     166,     159,       1,       1,       3,       1,     10.0000,      1.3815,     42.3135,    243.5683,     61.2969,      3.4953,      0.0000,     -0.0307,      0.8949,      0.1293,      5.4707,     10.9414,      1.1427,     28.0671,     56.1342,      0.0188,      0.0007,      0.0156,      0.1990,   7507.3638,-417098.3438,   -917.7805,    540.1871,  25025.6777,
       1,     166,     159,       2,       1,       3,       1,     10.0000,      1.3815,     42.3135,    243.5683,     61.2969,      3.4953,      0.0000,     -0.0308,      1.2257,      0.1321,      5.4707,     10.9414,      1.1673,     28.0671,     56.1342,      0.0188,      0.0010,      0.0156,      0.1990,   7507.7036,-416854.6875,   -915.3128,    540.2037,  25025.6797,
       1,     166,     159,       3,       1,       3,       1,     10.0000,      1.3815,     42.3135,    243.5683,     61.2969,      3.4953,      0.0000,     -0.0305,      1.4188,      0.1244,      5.4707,     10.9414,      1.0993,     28.0671,     56.1342,      0.0188,      0.0011,      0.0156,      0.1990,   7507.7041,-417255.1250,   -912.8453,    540.1766,  25025.6777,
       1,     166,     159,       4,       1,       3,       1,     10.0000,      1.3815,     42.3135,    243.5683,     61.2969,      3.4953,      0.0000,     -0.0306,      1.1192,      0.1277,      5.4707,     10.9414,      1.1288,     28.0671,     56.1342,      0.0188,      0.0009,      0.0156,      0.1990,   7507.7036,-417536.2812,   -910.5380,    540.1576,  25025.6777,
       1,     166,     159,       5,       1,       3,       1,     10.0000,      1.3815,     42.3135,    243.5683,     61.2969,      3.4953,      0.0000,     -0.0306,      0.7256,      0.1267,      5.4707,     10.9414,      1.1197,     28.0671,     56.1342,      0.0188,      0.0006,      0.0156,      0.1990,   7507.7036,-417178.3125,   -910.5610,    540.1817,  25025.6777,
       1,     166,     159,       6,       1,       3,       1,     10.0000,      1.3815,     42.3135,    243.5683,     61.2969,      3.4953,      0.0000,     -0.0306,      0.4914,      0.1280,      5.4707,     10.9414,      1.1311,     28.0671,     56.1342,      0.0188,      0.0004,      0.0156,      0.1990,   7507.7036,-416645.5000,   -910.5122,    540.2177,  25025.6777,
       1,     166,     159,       7,       1,       3,       1,     10.0000,      1.3815,     42.3135,    243.5683,     61.2969,      3.4953,      0.0000,     -0.0307,      0.6283,      0.1297,      5.4707,     10.9414,      1.1461,     28.0671,     56.1342,      0.0188,      0.0005,      0.0156,      0.1990,   7507.7036,-416300.8750,   -910.4795,    540.2410,  25025.6797,
       1,     166,     159,       8,       1,       3,       1,     10.0000,      1.3815,     42.3135,    243.5683,     61.2969,      3.4953,      0.0096,     -0.0211,      0.6618,      0.1313,      5.4707,     10.9414,      1.1602,     28.0671,     56.1342,      0.0188,      0.0005,      0.0156,      0.1990,   7507.7041,-416445.6250,   -910.2017,    540.2312,  25025.6777,
       1,     166,     159,       9,       1,       3,       1,     10.0000,      1.3815,     42.3135,    243.5683,     61.2969,      3.4953,      0.0407,      0.0096,      1.1355,      0.1421,      5.4707,     10.9414,      1.2555,     28.0671,     56.1342,      0.0188,      0.0004,      0.0396,      0.1990,   7507.7036,-416500.9688,   -910.2898,    540.2275,  25025.6777,
       1,     166,     159,      10,       1,       3,       1,     10.0000,      1.3815,     42.3135,    243.5683,     61.2969,      3.4953,      0.0626,      0.0304,      1.9603,      0.1724,      5.4707,     10.9414,      1.5235,     28.0671,     56.1342,      0.0188,      0.0003,      0.0709,      0.1990,   7507.7036,-417109.9688,   -910.5800,    540.1863,  25025.6797,
       1,     166,     159,      11,       1,       3,       1,     10.0000,      1.3815,     42.3135,    243.5683,     61.2969,      3.4953,      0.0805,      0.0475,      3.1808,      0.2004,      5.4707,     10.9414,      1.7712,     28.0671,     56.1342,      0.0188,      0.0004,      0.0968,      0.1990,   7507.7041,-418214.2500,   -911.0083,    540.1118,  25025.6777,
       1,     166,     159,      12,       1,       3,       1,     10.0000,      1.3815,     42.3135,    243.5683,     61.2969,      3.4953,      0.1407,      0.1075,      6.4122,      0.2087,      5.4707,     10.9414,      1.8442,     28.0671,     56.1342,      0.0188,      0.0004,      0.1863,      0.1990,   7507.7036,-419866.4375,   -911.5373,    540.0002,  25025.6777,
       1,     166,     159,      13,       1,       3,       1,     10.0000,      1.3815,     42.3135,    243.5683,     61.2969,      3.4953,      0.0815,      0.0485,      3.2375,      0.2008,      5.4707,     10.9414,      1.7747,     28.0671,     56.1342,      0.0188,      0.0004,      0.0983,      0.1990,   7507.7036,-424130.7188,   -912.8730,    539.7123,  25025.6777,
       1,     166,     159,      14,       1,       3,       1,     10.0000,      1.3815,     42.3135,    243.5683,     61.2969,      3.4953,      0.0245,     -0.0088,      0.4611,      0.2116,      5.4707,     10.9414,      1.8698,     28.0671,     56.1342,      0.0188,      0.0004,      0.0132,      0.1990,   7507.7036,-420448.2812,   -912.4509,    539.9609,  25025.6777,
       1,     166,     159,      15,       1,       3,       1,     10.0000,      1.3815,     42.3135,    243.5683,     61.2969,      3.4953,      0.0186,     -0.0138,      0.4810,      0.1799,      5.4707,     10.9414,      1.5901,     28.0671,     56.1342,      0.0188,      0.0011,      0.0054,      0.1990,   7507.7036,-416589.7500,   -911.8255,    540.2214,  25025.6758,
       1,     166,     159,      16,       1,       3,       1,     10.0000,      1.3815,     42.3135,    243.5683,     61.2969,      3.4953,      0.0243,     -0.0063,      2.6093,      0.1287,      5.4707,     10.9414,      1.1369,     28.0671,     56.1342,      0.0188,      0.0021,      0.0159,      0.1990,   7507.7031,-416283.2188,   -910.3110,    540.2421,  25025.6777,
       1,     166,     159,      17,       1,       3,       1,     10.0000,      1.3815,     42.3135,    243.5683,     61.2969,      3.4953,      0.0456,      0.0151,      9.3950,      0.1275,      5.4707,     10.9414,      1.1265,     28.0671,     56.1342,      0.0188,      0.0025,      0.0465,      0.1990,   7507.7036,-418971.2188,   -911.0222,    540.0607,  25025.6777,
       1,     166,     159,      18,       1,       3,       1,     10.0000,      1.3815,     42.3135,    243.5683,     61.2969,      3.4953,      0.0838,      0.0533,     19.8684,      0.1272,      5.4707,     10.9414,      1.1242,     28.0671,     56.1342,      0.0188,      0.0025,      0.1014,      0.1990,   7507.7036,-427858.4062,   -912.7470,    539.4608,  25025.6777,
       1,     166,     159,      19,       1,       3,       1,     10.0000,      1.3815,     42.3135,    243.5683,     61.2969,      3.4953,      0.0541,      0.0235,     13.4783,      0.1277,      5.4707,     10.9414,      1.1288,     28.0671,     56.1342,      0.0188,      0.0029,      0.0584,      0.1990,   7507.7036,-441985.9688,   -915.3745,    538.5084,  25025.6797,
       1,     166,     159,      20,       1,       3,       1,     10.0000,      1.3815,     42.3135,    243.5683,     61.2969,      3.4953,      0.0122,     -0.0186,      2.4991,      0.1320,      5.4707,     10.9414,      1.1661,     28.0671,     56.1342,      0.0188,      0.0020,      0.0156,      0.1990,   7507.7041,-435049.5938,   -914.0651,    538.9761,  25025.6777,
       1,     166,     159,      21,       1,       3,       1,     10.0000,      1.3815,     42.3135,    243.5683,     61.2969,      3.4953,      0.0000,     -0.0309,      0.3800,      0.1349,      5.4707,     10.9414,      1.1924,     28.0671,     56.1342,      0.0188,      0.0003,      0.0156,      0.1990,   7507.7036,-420444.6562,   -911.8305,    539.9603,  25025.6777,
       1,     166,     159,      22,       1,       3,       1,     10.0000,      1.3815,     42.3135,    243.5683,     61.2969,      3.4953,      0.0000,     -0.0310,      0.3316,      0.1371,      5.4707,     10.9414,      1.2118,     28.0671,     56.1342,      0.0188,      0.0003,      0.0156,      0.1990,   7507.7036,-416487.0000,   -911.1382,    540.2284,  25025.6777,
       1,     166,     159,      23,       1,       3,       1,     10.0000,      1.3815,     42.3135,    243.5683,     61.2969,      3.4953,      0.0000,     -0.0310,      0.3358,      0.1387,      5.4707,     10.9414,      1.2254,     28.0671,     56.1342,      0.0188,      0.0003,      0.0156,      0.1990,   7507.7036,-416083.3438,   -911.0686,    540.2556,  25025.6758,
       1,     166,     159,      24,       1,       3,       1,     10.0000,      1.3815,     42.3135,    243.5683,     61.2969,      3.4953,      0.0000,     -0.0311,      0.3461,      0.1424,      5.4707,     10.9414,      1.2580,     28.0671,     56.1342,      0.0188,      0.0003,      0.0156,      0.1990,   7507.7031,-416054.4375,   -911.0654,    540.2576,  25025.6777,
       1,     166,     160,       1,       1,       3,       1,     10.0000,      1.3815,     42.3138,    243.5741,     61.2985,      3.4953,      0.0000,     -0.0311,      0.3417,      0.1408,      5.4730,     10.9461,      1.2441,     28.0453,     56.0907,      0.0188,      0.0003,      0.0156,      0.1990,   7507.7036,-416222.3750,   -910.3736,    540.2593,  25026.8125,
       1,     166,     160,       2,       1,       3,       1,     10.0000,      1.3815,     42.3138,    243.5741,     61.2985,      3.4953,      0.0000,     -0.0310,      0.3362,      0.1388,      5.4730,     10.9461,      1.2267,     28.0453,     56.0907,      0.0188,      0.0003,      0.0156,      0.1990,   7508.0439,-416076.4062,   -910.0887,    540.2692,  25026.8125,
       1,     166,     160,       3,       1,       3,       1,     10.0000,      1.3815,     42.3138,    243.5741,     61.2985,      3.4953,      0.0000,     -0.0310,      0.3347,      0.1383,      5.4730,     10.9461,      1.2217,     28.0453,     56.0907,      0.0188,      0.0003,      0.0156,      0.1990,   7508.0439,-416057.0000,   -910.0868,    540.2706,  25026.8125,
       1,     166,     160,       4,       1,       3,       1,     10.0000,      1.3815,     42.3138,    243.5741,     61.2985,      3.4953,      0.0000,     -0.0309,      0.3541,      0.1371,      5.4730,     10.9461,      1.2119,     28.0453,     56.0907,      0.0188,      0.0003,      0.0156,      0.1990,   7508.0439,-416053.1562,   -910.0883,    540.2708,  25026.8105,
       1,     166,     160,       5,       1,       3,       1,     10.0000,      1.3815,     42.3138,    243.5741,     61.2985,      3.4953,      0.0000,     -0.0306,      0.3314,      0.1292,      5.4730,     10.9461,      1.1415,     28.0453,     56.0907,      0.0188,      0.0003,      0.0156,      0.1990,   7508.0435,-416077.7812,   -910.0977,    540.2691,  25026.8125,
       1,     166,     160,       6,       1,       3,       1,     10.0000,      1.3815,     42.3138,    243.5741,     61.2985,      3.4953,      0.0000,     -0.0305,      0.3064,      0.1245,      5.4730,     10.9461,      1.1005,     28.0453,     56.0907,      0.0188,      0.0002,      0.0156,      0.1990,   7508.0439,-416050.8750,   -910.0975,    540.2710,  25026.8125,
       1,     166,     160,       7,       1,       3,       1,     10.0000,      1.3815,     42.3138,    243.5741,     61.2985,      3.4953,      0.0000,     -0.0305,      0.3000,      0.1248,      5.4730,     10.9461,      1.1027,     28.0453,     56.0907,      0.0188,      0.0002,      0.0156,      0.1990,   7508.0439,-416016.6562,   -910.0940,    540.2733,  25026.8125,
       1,     166,     160,       8,       1,       3,       1,     10.0000,      1.3815,     42.3138,    243.5741,     61.2985,      3.4953,      0.0092,     -0.0214,      0.3077,      0.1267,      5.4730,     10.9461,      1.1197,     28.0453,     56.0907,      0.0188,      0.0002,      0.0156,      0.1990,   7508.0439,-416005.4688,   -910.0760,    540.2740,  25026.8105,
       1,     166,     160,       9,       1,       3,       1,     10.0000,      1.3815,     42.3138,    243.5741,     61.2985,      3.4953,      0.1071,      0.0767,      2.6195,      0.1237,      5.4730,     10.9461,      1.0927,     28.0453,     56.0907,      0.0188,      0.0002,      0.1376,      0.1990,   7508.0435,-416014.5000,   -910.0971,    540.2734,  25026.8125,
       1,     166,     160,      10,       1,       3,       1,     10.0000,      1.3815,     42.3138,    243.5741,     61.2985,      3.4953,      0.0669,      0.0363,      1.5514,      0.1285,      5.4730,     10.9461,      1.1357,     28.0453,     56.0907,      0.0188,      0.0002,      0.0786,      0.1990,   7508.0439,-418963.5938,   -910.8241,    540.0742,  25026.8125,
       1,     166,     160,      11,       1,       3,       1,     10.0000,      1.3815,     42.3138,    243.5741,     61.2985,      3.4953,      0.1309,      0.0993,      4.2481,      0.1562,      5.4730,     10.9461,      1.3800,     28.0453,     56.0907,      0.0188,      0.0003,      0.1722,      0.1990,   7508.0439,-417855.5000,   -910.8511,    540.1490,  25026.8125,
       1,     166,     160,      12,       1,       3,       1,     10.0000,      1.3815,     42.3138,    243.5741,     61.2985,      3.4953,      0.1500,      0.1177,      5.8759,      0.1776,      5.4730,     10.9461,      1.5697,     28.0453,     56.0907,      0.0188,      0.0004,      0.2003,      0.1990,   7508.0439,-421199.4062,   -911.9659,    539.9234,  25026.8105,
       1,     166,     160,      13,       1,       3,       1,     10.0000,      1.3815,     42.3138,    243.5741,     61.2985,      3.4953,      0.1597,      0.1270,      6.7002,      0.1917,      5.4730,     10.9461,      1.6943,     28.0453,     56.0907,      0.0188,      0.0004,      0.2146,      0.1990,   7508.0435,-423563.6562,   -912.9622,    539.7638,  25026.8125,
       1,     166,     160,      14,       1,       3,       1,     10.0000,      1.3815,     42.3138,    243.5741,     61.2985,      3.4953,      0.1721,      0.1392,     11.5041,      0.1954,      5.4730,     10.9461,      1.7264,     28.0453,     56.0907,      0.0188,      0.0006,      0.2326,      0.1990,   7508.0439,-424818.5312,   -913.8353,    539.6792,  25026.8125,
       1,     166,     160,      15,       1,       3,       1,     10.0000,      1.3815,     42.3138,    243.5741,     61.2985,      3.4953,      0.1748,      0.1420,     18.2489,      0.1933,      5.4730,     10.9461,      1.7077,     28.0453,     56.0907,      0.0188,      0.0010,      0.2357,      0.1990,   7508.0439,-431054.0625,   -915.8398,    539.2585,  25026.8105,
       1,     166,     160,      16,       1,       3,       1,     10.0000,      1.3815,     42.3138,    243.5741,     61.2985,      3.4953,      0.1797,      0.1475,     46.4612,      0.1752,      5.4730,     10.9461,      1.5480,     28.0453,     56.0907,      0.0188,      0.0024,      0.2396,      0.1990,   7508.0435,-440195.3438,   -918.3978,    538.6425,  25026.8125,
       1,     166,     160,      17,       1,       3,       1,     10.0000,      1.3815,     42.3138,    243.5741,     61.2985,      3.4953,      0.1873,      0.1554,     52.2611,      0.1642,      5.4730,     10.9461,      1.4508,     28.0453,     56.0907,      0.0188,      0.0026,      0.2500,      0.1990,   7508.0439,-476976.3750,   -926.2063,    536.1663,  25026.8125,
       1,     166,     160,      18,       1,       3,       1,     10.0000,      1.3815,     42.3138,    243.5741,     61.2985,      3.4953,      0.1582,      0.1270,     48.4464,      0.1438,      5.4730,     10.9461,      1.2708,     28.0453,     56.0907,      0.0188,      0.0029,      0.2073,      0.1990,   7508.0439,-487558.0000,   -924.5371,    535.4629,  25026.8145,
       1,     166,     160,      19,       1,       3,       1,     10.0000,      1.3815,     42.3138,    243.5741,     61.2985,      3.4953,      0.0707,      0.0396,     18.9243,      0.1397,      5.4730,     10.9461,      1.2341,     28.0453,     56.0907,      0.0188,      0.0029,      0.0818,      0.1990,   7508.0444,-483589.6562,   -923.4851,    535.7289,  25026.8125,
       1,     166,     160,      20,       1,       3,       1,     10.0000,      1.3815,     42.3138,    243.5741,     61.2985,      3.4953,      0.0150,     -0.0162,      0.3930,      0.1424,      5.4730,     10.9461,      1.2580,     28.0453,     56.0907,      0.0188,      0.0028,      0.0017,      0.1990,   7508.0439,-445559.5000,   -916.0409,    538.2758,  25026.8125,
       1,     166,     160,      21,       1,       3,       1,     10.0000,      1.3815,     42.3138,    243.5741,     61.2985,      3.4953,      0.0000,     -0.0311,      2.5024,      0.1411,      5.4730,     10.9461,      1.2466,     28.0453,     56.0907,      0.0188,      0.0020,      0.0156,      0.1990,   7508.0439,-418668.1875,   -911.6457,    540.0911,  25026.8125,
       1,     166,     160,      22,       1,       3,       1,     10.0000,      1.3815,     42.3138,    243.5741,     61.2985,      3.4953,      0.0000,     -0.0311,      1.9840,      0.1419,      5.4730,     10.9461,      1.2542,     28.0453,     56.0907,      0.0188,      0.0016,      0.0156,      0.1990,   7508.0439,-419046.6875,   -911.9628,    540.0687,  25026.8105,
       1,     166,     160,      23,       1,       3,       1,     10.0000,      1.3815,     42.3138,    243.5741,     61.2985,      3.4953,      0.0000,     -0.0312,      0.6448,      0.1435,      5.4730,     10.9461,      1.2682,     28.0453,     56.0907,      0.0188,      0.0005,      0.0156,      0.1990,   7508.0435,-418414.3125,   -912.0261,    540.1113,  25026.8105,
       1,     166,     160,      24,       1,       3,       1,     10.0000,      1.3815,     42.3138,    243.5741,     61.2985,      3.4953,      0.0000,     -0.0311,      0.3441,      0.1417,      5.4730,     10.9461,      1.2517,     28.0453,     56.0907,      0.0188,      0.0003,      0.0156,      0.1990,   7508.0435,-416652.0000,   -910.2308,    540.2303,  25026.8125,
       1,     166,     161,       1,       1,       3,       1,     10.0000,      1.3816,     42.3142,    243.5799,     61.2999,      3.4953,      0.0000,     -0.0310,      0.3382,      0.1395,      5.4713,     10.9426,      1.2329,     28.0457,     56.0913,      0.0188,      0.0003,      0.0156,      0.1991,   7508.0439,-416273.7188,   -910.4232,    540.2688,  25027.9453,
       1,     166,     161,       2,       1,       3,       1,     10.0000,      1.3816,     42.3142,    243.5799,     61.2999,      3.4953,      0.0000,     -0.0311,      0.3441,      0.1417,      5.4713,     10.9426,      1.2517,     28.0457,     56.0913,      0.0188,      0.0003,      0.0156,      0.1991,   7508.3838,-416079.3125,   -910.1376,    540.2820,  25027.9453,
       1,     166,     161,       3,       1,       3,       1,     10.0000,      1.3816,     42.3142,    243.5799,     61.2999,      3.4953,      0.0000,     -0.0309,      0.3433,      0.1369,      5.4713,     10.9426,      1.2094,     28.0457,     56.0913,      0.0188,      0.0003,      0.0156,      0.1991,   7508.3838,-416070.0625,   -910.1378,    540.2826,  25027.9473,
       1,     166,     161,       4,       1,       3,       1,     10.0000,      1.3816,     42.3142,    243.5799,     61.2999,      3.4953,      0.0000,     -0.0308,      0.3286,      0.1343,      5.4713,     10.9426,      1.1864,     28.0457,     56.0913,      0.0188,      0.0003,      0.0156,      0.1991,   7508.3843,-416068.0625,   -910.1407,    540.2827,  25027.9473,
       1,     166,     161,       5,       1,       3,       1,     10.0000,      1.3816,     42.3142,    243.5799,     61.2999,      3.4953,      0.0000,     -0.0308,      0.3216,      0.1326,      5.4713,     10.9426,      1.1721,     28.0457,     56.0913,      0.0188,      0.0003,      0.0156,      0.1991,   7508.3843,-416049.1250,   -910.0834,    540.2841,  25027.9453,
       1,     166,     161,       6,       1,       3,       1,     10.0000,      1.3816,     42.3142,    243.5799,     61.2999,      3.4953,      0.0000,     -0.0307,      0.4284,      0.1308,      5.4713,     10.9426,      1.1555,     28.0457,     56.0913,      0.0188,      0.0003,      0.0156,      0.1991,   7508.3838,-416038.7500,   -910.0839,    540.2847,  25027.9473,
       1,     166,     161,       7,       1,       3,       1,     10.0000,      1.3816,     42.3142,    243.5799,     61.2999,      3.4953,      0.0000,     -0.0306,      0.4682,      0.1289,      5.4713,     10.9426,      1.1392,     28.0457,     56.0913,      0.0188,      0.0004,      0.0156,      0.1991,   7508.3843,-416173.8438,   -910.1266,    540.2756,  25027.9453,
       1,     166,     161,       8,       1,       3,       1,     10.0000,      1.3816,     42.3142,    243.5799,     61.2999,      3.4953,      0.0081,     -0.0225,      0.3114,      0.1289,      5.4713,     10.9426,      1.1392,     28.0457,     56.0913,      0.0188,      0.0002,      0.0156,      0.1991,   7508.3838,-416236.4375,   -910.1653,    540.2714,  25027.9434,
       1,     166,     161,       9,       1,       3,       1,     10.0000,      1.3816,     42.3142,    243.5799,     61.2999,      3.4953,      0.0444,      0.0132,      1.0305,      0.1464,      5.4713,     10.9426,      1.2941,     28.0457,     56.0913,      0.0188,      0.0003,      0.0450,      0.1991,   7508.3833,-416042.0000,   -910.1575,    540.2844,  25027.9473,
       1,     166,     161,      10,       1,       3,       1,     10.0000,      1.3816,     42.3142,    243.5799,     61.2999,      3.4953,      0.0529,      0.0204,      1.6642,      0.1830,      5.4713,     10.9426,      1.6172,     28.0457,     56.0913,      0.0188,      0.0004,      0.0562,      0.1991,   7508.3843,-416942.1250,   -910.4946,    540.2238,  25027.9453,
       1,     166,     161,      11,       1,       3,       1,     10.0000,      1.3816,     42.3142,    243.5799,     61.2999,      3.4953,      0.1179,      0.0857,      4.2838,      0.1747,      5.4713,     10.9426,      1.5434,     28.0457,     56.0913,      0.0188,      0.0004,      0.1527,      0.1991,   7508.3838,-417827.7812,   -910.8823,    540.1639,  25027.9453,
       1,     166,     161,      12,       1,       3,       1,     10.0000,      1.3816,     42.3142,    243.5799,     61.2999,      3.4953,      0.1459,      0.1137,      5.6315,      0.1748,      5.4713,     10.9426,      1.5450,     28.0457,     56.0913,      0.0188,      0.0004,      0.1942,      0.1991,   7508.3838,-421244.7500,   -912.1802,    539.9332,  25027.9453,
       1,     166,     161,      13,       1,       3,       1,     10.0000,      1.3816,     42.3142,    243.5799,     61.2999,      3.4953,      0.1533,      0.1207,      9.1629,      0.1861,      5.4713,     10.9426,      1.6447,     28.0457,     56.0913,      0.0188,      0.0006,      0.2047,      0.1991,   7508.3838,-423257.8125,   -913.3240,    539.7973,  25027.9434,
       1,     166,     161,      14,       1,       3,       1,     10.0000,      1.3816,     42.3142,    243.5799,     61.2999,      3.4953,      0.1670,      0.1339,     16.6489,      0.2053,      5.4713,     10.9426,      1.8137,     28.0457,     56.0913,      0.0188,      0.0009,      0.2244,      0.1991,   7508.3833,-427935.1250,   -915.0168,    539.4818,  25027.9453,
       1,     166,     161,      15,       1,       3,       1,     10.0000,      1.3816,     42.3142,    243.5799,     61.2999,      3.4953,      0.1604,      0.1271,     51.4893,      0.2097,      5.4713,     10.9426,      1.8534,     28.0457,     56.0913,      0.0188,      0.0031,      0.2104,      0.1991,   7508.3838,-437885.6562,   -917.7592,    538.8109,  25027.9453,
       1,     166,     161,      16,       1,       3,       1,     10.0000,      1.3816,     42.3142,    243.5799,     61.2999,      3.4953,      0.1666,      0.1332,     40.4734,      0.2137,      5.4713,     10.9426,      1.8883,     28.0457,     56.0913,      0.0188,      0.0023,      0.2210,      0.1990,   7508.3838,-483186.2188,   -927.0811,    535.7602,  25027.9453,
       1,     166,     161,      17,       1,       3,       1,     10.0000,      1.3816,     42.3142,    243.5799,     61.2999,      3.4953,      0.1543,      0.1214,     36.0857,      0.1961,      5.4713,     10.9426,      1.7333,     28.0457,     56.0913,      0.0188,      0.0022,      0.2031,      0.1990,   7508.3838,-473042.9062,   -926.3627,    536.4481,  25027.9473,
       1,     166,     161,      18,       1,       3,       1,     10.0000,      1.3816,     42.3142,    243.5799,     61.2999,      3.4953,      0.1280,      0.0958,     30.5998,      0.1738,      5.4713,     10.9426,      1.5358,     28.0457,     56.0913,      0.0188,      0.0023,      0.1646,      0.1990,   7508.3843,-466562.4688,   -926.0461,    536.8831,  25027.9453,
       1,     166,     161,      19,       1,       3,       1,     10.0000,      1.3816,     42.3142,    243.5799,     61.2999,      3.4953,      0.0727,      0.0407,     19.7898,      0.1675,      5.4713,     10.9426,      1.4801,     28.0457,     56.0913,      0.0188,      0.0030,      0.0839,      0.1990,   7508.3838,-459005.3125,   -923.1974,    537.3904,  25027.9453,
       1,     166,     161,      20,       1,       3,       1,     10.0000,      1.3816,     42.3142,    243.5799,     61.2999,      3.4953,      0.0151,     -0.0168,      0.2467,      0.1637,      5.4713,     10.9426,      1.4465,     28.0457,     56.0913,      0.0188,      0.0034,      0.0009,      0.1990,   7508.3838,-444563.0938,   -921.1854,    538.3608,  25027.9453,
       1,     166,     161,      21,       1,       3,       1,     10.0000,      1.3816,     42.3142,    243.5799,     61.2999,      3.4953,      0.0000,     -0.0318,      4.3511,      0.1611,      5.4713,     10.9426,      1.4236,     28.0457,     56.0913,      0.0188,      0.0035,      0.0156,      0.1990,   7508.3838,-418392.4688,   -916.8438,    540.1229,  25027.9434,
       1,     166,     161,      22,       1,       3,       1,     10.0000,      1.3816,     42.3142,    243.5799,     61.2999,      3.4953,      0.0000,     -0.0318,      3.8104,      0.1605,      5.4713,     10.9426,      1.4179,     28.0457,     56.0913,      0.0188,      0.0031,      0.0156,      0.1991,   7508.3833,-421383.0625,   -917.7288,    539.9238,  25027.9453,
       1,     166,     161,      23,       1,       3,       1,     10.0000,      1.3816,     42.3142,    243.5799,     61.2999,      3.4953,      0.0000,     -0.0318,      2.3255,      0.1601,      5.4713,     10.9426,      1.4150,     28.0457,     56.0913,      0.0188,      0.0019,      0.0156,      0.1991,   7508.3838,-420947.3438,   -917.9241,    539.9533,  25027.9434,
       1,     166,     161,      24,       1,       3,       1,     10.0000,      1.3816,     42.3142,    243.5799,     61.2999,      3.4953,      0.0000,     -0.0318,      1.7545,      0.1614,      5.4713,     10.9426,      1.4264,     28.0457,     56.0913,      0.0188,      0.0014,      0.0156,      0.1991,   7508.3833,-419016.1875,   -917.7014,    540.0837,  25027.9453,
       1,     166,     162,       1,       1,       3,       1,     10.0000,      1.3816,     42.3145,    243.5857,     61.3014,      3.4953,      0.0000,     -0.0317,      1.2209,      0.1597,      5.4718,     10.9437,      1.4108,     28.0411,     56.0823,      0.0188,      0.0010,      0.0156,      0.1991,   7508.3838,-418278.4688,   -917.9247,    540.1463,  25029.0762,
       1,     166,     162,       2,       1,       3,       1,     10.0000,      1.3816,     42.3145,    243.5857,     61.3014,      3.4953,      0.0000,     -0.0316,      0.9746,      0.1548,      5.4718,     10.9437,      1.3677,     28.0411,     56.0823,      0.0188,      0.0008,      0.0156,      0.1991,   7508.7231,-417380.6562,   -917.5589,    540.2070,  25029.0781,
       1,     166,     162,       3,       1,       3,       1,     10.0000,      1.3816,     42.3145,    243.5857,     61.3014,      3.4953,      0.0000,     -0.0314,      0.7928,      0.1496,      5.4718,     10.9437,      1.3217,     28.0411,     56.0823,      0.0188,      0.0006,      0.0156,      0.1991,   7508.7236,-416988.9375,   -917.5147,    540.2334,  25029.0781,
       1,     166,     162,       4,       1,       3,       1,     10.0000,      1.3816,     42.3145,    243.5857,     61.3014,      3.4953,      0.0000,     -0.0314,      0.7828,      0.1485,      5.4718,     10.9437,      1.3125,     28.0411,     56.0823,      0.0188,      0.0006,      0.0156,      0.1991,   7508.7236,-416723.4688,   -917.5041,    540.2513,  25029.0781,
       1,     166,     162,       5,       1,       3,       1,     10.0000,      1.3816,     42.3145,    243.5857,     61.3014,      3.4953,      0.0000,     -0.0313,      0.8701,      0.1470,      5.4718,     10.9437,      1.2993,     28.0411,     56.0823,      0.0188,      0.0007,      0.0156,      0.1991,   7508.7236,-416687.9062,   -917.5377,    540.2537,  25029.0801,
       1,     166,     162,       6,       1,       3,       1,     10.0000,      1.3816,     42.3145,    243.5857,     61.3014,      3.4953,      0.0000,     -0.0311,      0.7694,      0.1427,      5.4718,     10.9437,      1.2606,     28.0411,     56.0823,      0.0188,      0.0006,      0.0156,      0.1991,   7508.7241,-416795.6562,   -917.5996,    540.2465,  25029.0781,
       1,     166,     162,       7,       1,       3,       1,     10.0000,      1.3816,     42.3145,    243.5857,     61.3014,      3.4953,      0.0000,     -0.0311,      0.4998,      0.1409,      5.4718,     10.9437,      1.2454,     28.0411,     56.0823,      0.0188,      0.0004,      0.0156,      0.1991,   7508.7236,-416677.0625,   -917.6118,    540.2545,  25029.0801,
       1,     166,     162,       8,       1,       3,       1,     10.0000,      1.3816,     42.3145,    243.5857,     61.3014,      3.4953,      0.0156,     -0.0156,      0.0590,      0.1448,      5.4718,     10.9437,      1.2798,     28.0411,     56.0823,      0.0188,      0.0003,      0.0026,      0.1991,   7508.7241,-416322.6250,   -917.5627,    540.2784,  25029.0801,
       1,     166,     162,       9,       1,       3,       1,     10.0000,      1.3816,     42.3145,    243.5857,     61.3014,      3.4953,      0.0709,      0.0393,      2.0435,      0.1548,      5.4718,     10.9437,      1.3677,     28.0411,     56.0823,      0.0188,      0.0003,      0.0837,      0.1991,   7508.7241,-415730.1250,   -917.4833,    540.3184,  25029.0781,
       1,     166,     162,      10,       1,       3,       1,     10.0000,      1.3816,     42.3145,    243.5857,     61.3014,      3.4953,      0.1314,      0.0989,      5.1024,      0.1828,      5.4718,     10.9437,      1.6157,     28.0411,     56.0823,      0.0188,      0.0004,      0.1726,      0.1991,   7508.7236,-418209.7812,   -918.1130,    540.1509,  25029.0781,
       1,     166,     162,      11,       1,       3,       1,     10.0000,      1.3816,     42.3145,    243.5857,     61.3014,      3.4953,      0.1719,      0.1386,      8.0345,      0.2093,      5.4718,     10.9437,      1.8498,     28.0411,     56.0823,      0.0188,      0.0004,      0.2327,      0.1991,   7508.7236,-422323.7500,   -919.1651,    539.8732,  25029.0781,
       1,     166,     162,      12,       1,       3,       1,     10.0000,      1.3816,     42.3145,    243.5857,     61.3014,      3.4953,      0.1808,      0.1470,      9.3740,      0.2280,      5.4718,     10.9437,      2.0145,     28.0411,     56.0823,      0.0188,      0.0005,      0.2461,      0.1991,   7508.7236,-426417.1250,   -920.4444,    539.5970,  25029.0781,
       1,     166,     162,      13,       1,       3,       1,     10.0000,      1.3816,     42.3145,    243.5857,     61.3014,      3.4953,      0.1734,      0.1394,      9.3000,      0.2357,      5.4718,     10.9437,      2.0825,     28.0411,     56.0823,      0.0188,      0.0005,      0.2350,      0.1991,   7508.7236,-428477.7812,   -921.4470,    539.4580,  25029.0781,
       1,     166,     162,      14,       1,       3,       1,     10.0000,      1.3816,     42.3145,    243.5857,     61.3014,      3.4953,      0.1616,      0.1274,      9.9159,      0.2439,      5.4718,     10.9437,      2.1548,     28.0411,     56.0823,      0.0188,      0.0006,      0.2172,      0.1991,   7508.7236,-428560.8125,   -921.9562,    539.4525,  25029.0781,
       1,     166,     162,      15,       1,       3,       1,     10.0000,      1.3816,     42.3145,    243.5857,     61.3014,      3.4953,      0.1689,      0.1349,     37.7544,      0.2366,      5.4718,     10.9437,      2.0907,     28.0411,     56.0823,      0.0188,      0.0021,      0.2249,      0.1991,   7508.7236,-429353.3125,   -922.4912,    539.3990,  25029.0781,
       1,     166,     162,      16,       1,       3,       1,     10.0000,      1.3816,     42.3145,    243.5857,     61.3014,      3.4953,      0.1517,      0.1181,     62.0037,      0.2201,      5.4718,     10.9437,      1.9448,     28.0411,     56.0823,      0.0188,      0.0040,      0.1962,      0.1991,   7508.7236,-464924.2812,   -929.6660,    537.0007,  25029.0781,
       1,     166,     162,      17,       1,       3,       1,     10.0000,      1.3816,     42.3145,    243.5857,     61.3014,      3.4953,      0.0643,      0.0309,     29.2511,      0.2162,      5.4718,     10.9437,      1.9107,     28.0411,     56.0823,      0.0188,      0.0053,      0.0692,      0.1991,   7508.7236,-498940.2812,   -936.7153,    534.7228,  25029.0781,
       1,     166,     162,      18,       1,       3,       1,     10.0000,      1.3816,     42.3145,    243.5857,     61.3014,      3.4953,      0.0084,     -0.0249,      7.0643,      0.2114,      5.4718,     10.9437,      1.8681,     28.0411,     56.0823,      0.0188,      0.0057,      0.0156,      0.1990,   7508.7236,-460054.2188,   -930.0830,    537.3267,  25029.0801,
       1,     166,     162,      19,       1,       3,       1,     10.0000,      1.3816,     42.3145,    243.5857,     61.3014,      3.4953,      0.0042,     -0.0291,      7.5136,      0.2106,      5.4718,     10.9437,      1.8607,     28.0411,     56.0823,      0.0188,      0.0060,      0.0156,      0.1991,   7508.7241,-428423.6562,   -924.5825,    539.4575,  25029.0762,
       1,     166,     162,      20,       1,       3,       1,     10.0000,      1.3816,     42.3145,    243.5857,     61.3014,      3.4953,      0.0030,     -0.0298,      6.5525,      0.1929,      5.4718,     10.9437,      1.7044,     28.0411,     56.0823,      0.0188,      0.0053,      0.0156,      0.1991,   7508.7231,-426283.3750,   -924.5092,    539.6061,  25029.0801,
       1,     166,     162,      21,       1,       3,       1,     10.0000,      1.3816,     42.3145,    243.5857,     61.3014,      3.4953,      0.0000,     -0.0324,      5.5495,      0.1794,      5.4718,     10.9437,      1.5855,     28.0411,     56.0823,      0.0188,      0.0045,      0.0156,      0.1991,   7508.7241,-424867.7812,   -924.5043,    539.7016,  25029.0781,
       1,     166,     162,      22,       1,       3,       1,     10.0000,      1.3816,     42.3145,    243.5857,     61.3014,      3.4953,      0.0000,     -0.0323,      5.1634,      0.1754,      5.4718,     10.9437,      1.5496,     28.0411,     56.0823,      0.0188,      0.0041,      0.0156,      0.1991,   7508.7236,-423467.2188,   -924.4473,    539.7961,  25029.0781,
       1,     166,     162,      23,       1,       3,       1,     10.0000,      1.3816,     42.3145,    243.5857,     61.3014,      3.4953,      0.0000,     -0.0321,      4.7030,      0.1704,      5.4718,     10.9437,      1.5055,     28.0411,     56.0823,      0.0188,      0.0038,      0.0156,      0.1991,   7508.7236,-422854.2812,   -924.5106,    539.8374,  25029.0781,
       1,     166,     162,      24,       1,       3,       1,     10.0000,      1.3816,     42.3145,    243.5857,     61.3014,      3.4953,      0.0000,     -0.0320,      4.4977,      0.1680,      5.4718,     10.9437,      1.4846,     28.0411,     56.0823,      0.0188,      0.0036,      0.0156,      0.1991,   7508.7236,-422214.4375,   -924.5389,    539.8806,  25029.0801,
       1,     166,     163,       1,       1,       3,       1,     10.0000,      1.3816,     42.3148,    243.5915,     61.3028,      3.4953,      0.0000,     -0.0319,      3.3670,      0.1642,      5.4719,     10.9439,      1.4509,     28.0340,     56.0680,      0.0188,      0.0027,      0.0156,      0.1991,   7508.7241,-422054.0000,   -924.9119,    539.9045,  25030.2109,
       1,     166,     163,       2,       1,       3,       1,     10.0000,      1.3816,     42.3148,    243.5915,     61.3028,      3.4953,      0.0000,     -0.0318,      2.4590,      0.1611,      5.4719,     10.9439,      1.4236,     28.0340,     56.0680,      0.0188,      0.0020,      0.0156,      0.1991,   7509.0635,-420444.1250,   -924.4313,    540.0131,  25030.2129,
       1,     166,     163,       3,       1,       3,       1,     10.0000,      1.3816,     42.3148,    243.5915,     61.3028,      3.4953,      0.0000,     -0.0317,      2.0989,      0.1590,      5.4719,     10.9439,      1.4052,     28.0340,     56.0680,      0.0188,      0.0017,      0.0156,      0.1991,   7509.0640,-419147.7188,   -924.2485,    540.1006,  25030.2109,
       1,     166,     163,       4,       1,       3,       1,     10.0000,      1.3816,     42.3148,    243.5915,     61.3028,      3.4953,      0.0000,     -0.0317,      1.9310,      0.1598,      5.4719,     10.9439,      1.4123,     28.0340,     56.0680,      0.0188,      0.0015,      0.0156,      0.1991,   7509.0635,-418577.1562,   -924.1895,    540.1392,  25030.2090,
       1,     166,     163,       5,       1,       3,       1,     10.0000,      1.3816,     42.3148,    243.5915,     61.3028,      3.4953,      0.0000,     -0.0318,      1.9954,      0.1606,      5.4719,     10.9439,      1.4194,     28.0340,     56.0680,      0.0188,      0.0016,      0.0156,      0.1991,   7509.0630,-418314.3125,   -924.1833,    540.1569,  25030.2129,
       1,     166,     163,       6,       1,       3,       1,     10.0000,      1.3816,     42.3148,    243.5915,     61.3028,      3.4953,      0.0000,     -0.0317,      1.6083,      0.1595,      5.4719,     10.9439,      1.4094,     28.0340,     56.0680,      0.0188,      0.0013,      0.0156,      0.1991,   7509.0640,-418373.3750,   -924.2357,    540.1529,  25030.2109,
       1,     166,     163,       7,       1,       3,       1,     10.0000,      1.3816,     42.3148,    243.5915,     61.3028,      3.4953,      0.0000,     -0.0316,      1.2384,      0.1567,      5.4719,     10.9439,      1.3843,     28.0340,     56.0680,      0.0188,      0.0010,      0.0156,      0.1991,   7509.0635,-417885.0938,   -924.1769,    540.1859,  25030.2109,
       1,     166,     163,       8,       1,       3,       1,     10.0000,      1.3816,     42.3148,    243.5915,     61.3028,      3.4953,      0.0057,     -0.0260,      0.8812,      0.1584,      5.4719,     10.9439,      1.3996,     28.0340,     56.0680,      0.0188,      0.0007,      0.0156,      0.1991,   7509.0635,-417371.4375,   -924.1041,    540.2206,  25030.2109,
       1,     166,     163,       9,       1,       3,       1,     10.0000,      1.3816,     42.3148,    243.5915,     61.3028,      3.4953,      0.0250,     -0.0073,      0.9142,      0.1740,      5.4719,     10.9439,      1.5374,     28.0340,     56.0680,      0.0188,      0.0008,      0.0151,      0.1991,   7509.0635,-416871.7812,   -924.0266,    540.2543,  25030.2090,
       1,     166,     163,      10,       1,       3,       1,     10.0000,      1.3816,     42.3148,    243.5915,     61.3028,      3.4953,      0.0305,     -0.0020,      1.5618,      0.1856,      5.4719,     10.9439,      1.6399,     28.0340,     56.0680,      0.0188,      0.0009,      0.0229,      0.1991,   7509.0630,-416871.1875,   -924.0504,    540.2543,  25030.2109,
       1,     166,     163,      11,       1,       3,       1,     10.0000,      1.3816,     42.3148,    243.5915,     61.3028,      3.4953,      0.0988,      0.0661,      7.2472,      0.1889,      5.4719,     10.9439,      1.6694,     28.0340,     56.0680,      0.0188,      0.0007,      0.1237,      0.1991,   7509.0635,-417696.4375,   -924.2328,    540.1985,  25030.2109,
       1,     166,     163,      12,       1,       3,       1,     10.0000,      1.3816,     42.3148,    243.5915,     61.3028,      3.4953,      0.1255,      0.0919,      9.4457,      0.2199,      5.4719,     10.9439,      1.9429,     28.0340,     56.0680,      0.0188,      0.0007,      0.1631,      0.1991,   7509.0635,-425016.1250,   -925.6768,    539.7043,  25030.2109,
       1,     166,     163,      13,       1,       3,       1,     10.0000,      1.3816,     42.3148,    243.5915,     61.3028,      3.4953,      0.1545,      0.1205,     13.7943,      0.2334,      5.4719,     10.9439,      2.0624,     28.0340,     56.0680,      0.0188,      0.0008,      0.2060,      0.1991,   7509.0635,-428450.0625,   -926.4192,    539.4729,  25030.2109,
       1,     166,     163,      14,       1,       3,       1,     10.0000,      1.3816,     42.3148,    243.5915,     61.3028,      3.4953,      0.1629,      0.1289,     30.9163,      0.2371,      5.4719,     10.9439,      2.0948,     28.0340,     56.0680,      0.0188,      0.0018,      0.2167,      0.1991,   7509.0635,-434290.5625,   -927.6607,    539.0791,  25030.2129,
       1,     166,     163,      15,       1,       3,       1,     10.0000,      1.3816,     42.3148,    243.5915,     61.3028,      3.4953,      0.1584,      0.1245,     37.6877,      0.2341,      5.4719,     10.9439,      2.0684,     28.0340,     56.0680,      0.0188,      0.0023,      0.2092,      0.1991,   7509.0640,-456627.9375,   -932.1085,    537.5740,  25030.2129,
       1,     166,     163,      16,       1,       3,       1,     10.0000,      1.3816,     42.3148,    243.5915,     61.3028,      3.4953,      0.1466,      0.1136,     34.9491,      0.2003,      5.4719,     10.9439,      1.7696,     28.0340,     56.0680,      0.0188,      0.0023,      0.1917,      0.1991,   7509.0640,-467192.3750,   -934.3845,    536.8662,  25030.2109,
       1,     166,     163,      17,       1,       3,       1,     10.0000,      1.3816,     42.3148,    243.5915,     61.3028,      3.4953,      0.1203,      0.0870,     54.4393,      0.2102,      5.4719,     10.9439,      1.8571,     28.0340,     56.0680,      0.0188,      0.0045,      0.1501,      0.1991,   7509.0635,-464604.4688,   -934.1506,    537.0403,  25030.2109,
       1,     166,     163,      18,       1,       3,       1,     10.0000,      1.3816,     42.3148,    243.5915,     61.3028,      3.4953,      0.0721,      0.0388,     35.2631,      0.2089,      5.4719,     10.9439,      1.8462,     28.0340,     56.0680,      0.0188,      0.0055,      0.0803,      0.1991,   7509.0635,-489247.8750,   -939.1530,    535.3860,  25030.2129,
       1,     166,     163,      19,       1,       3,       1,     10.0000,      1.3816,     42.3148,    243.5915,     61.3028,      3.4953,      0.0514,      0.0185,     20.3700,      0.1985,      5.4719,     10.9439,      1.7540,     28.0340,     56.0680,      0.0188,      0.0050,      0.0514,      0.1991,   7509.0640,-466896.1250,   -935.1839,    536.8845,  25030.2090,
       1,     166,     163,      20,       1,       3,       1,     10.0000,      1.3816,     42.3148,    243.5915,     61.3028,      3.4953,      0.0103,     -0.0221,      5.3310,      0.1825,      5.4719,     10.9439,      1.6125,     28.0340,     56.0680,      0.0188,      0.0043,      0.0156,      0.1991,   7509.0630,-445980.5938,   -931.3741,    538.2903,  25030.2109,
       1,     166,     163,      21,       1,       3,       1,     10.0000,      1.3816,     42.3148,    243.5915,     61.3028,      3.4953,      0.0000,     -0.0322,      4.8162,      0.1750,      5.4719,     10.9439,      1.5466,     28.0340,     56.0680,      0.0188,      0.0039,      0.0156,      0.1991,   7509.0635,-425005.0312,   -927.4451,    539.7034,  25030.2090,
       1,     166,     163,      22,       1,       3,       1,     10.0000,      1.3816,     42.3148,    243.5915,     61.3028,      3.4953,      0.0000,     -0.0322,      4.0152,      0.1740,      5.4719,     10.9439,      1.5374,     28.0340,     56.0680,      0.0188,      0.0032,      0.0156,      0.1991,   7509.0630,-422548.6562,   -927.0103,    539.8710,  25030.2090,
       1,     166,     163,      23,       1,       3,       1,     10.0000,      1.3816,     42.3148,    243.5915,     61.3028,      3.4953,      0.0000,     -0.0321,      3.5092,      0.1704,      5.4719,     10.9439,      1.5055,     28.0340,     56.0680,      0.0188,      0.0028,      0.0156,      0.1991,   7509.0630,-421313.6250,   -926.7970,    539.9544,  25030.2070,
       1,     166,     163,      24,       1,       3,       1,     10.0000,      1.3816,     42.3148,    243.5915,     61.3028,      3.4953,      0.0000,     -0.0318,      3.2124,      0.1605,      5.4719,     10.9439,      1.4179,     28.0340,     56.0680,      0.0188,      0.0026,      0.0156,      0.1991,   7509.0625,-420562.3750,   -926.6707,    540.0051,  25030.2090,
       1,     166,     164,       1,       1,       3,       1,     10.0000,      1.3816,     42.3152,    243.5973,     61.3043,      3.4953,      0.0000,     -0.0318,      2.4215,      0.1626,      5.4725,     10.9451,      1.4365,     28.0235,     56.0469,      0.0188,      0.0019,      0.0156,      0.1991,   7509.0630,-420275.5312,   -926.9055,    540.0374,  25031.3398,
       1,     166,     164,       2,       1,       3,       1,     10.0000,      1.3816,     42.3152,    243.5973,     61.3043,      3.4953,      0.0000,     -0.0318,      2.0917,      0.1610,      5.4725,     10.9451,      1.4222,     28.0235,     56.0469,      0.0188,      0.0017,      0.0156,      0.1991,   7509.4023,-419088.6250,   -926.4178,    540.1175,  25031.3398,
       1,     166,     164,       3,       1,       3,       1,     10.0000,      1.3816,     42.3152,    243.5973,     61.3043,      3.4953,      0.0000,     -0.0317,      2.2099,      0.1595,      5.4725,     10.9451,      1.4095,     28.0235,     56.0469,      0.0188,      0.0018,      0.0156,      0.1991,   7509.4023,-418566.0938,   -926.3256,    540.1528,  25031.3418,
       1,     166,     164,       4,       1,       3,       1,     10.0000,      1.3816,     42.3152,    243.5973,     61.3043,      3.4953,      0.0000,     -0.0316,      1.8620,      0.1571,      5.4725,     10.9451,      1.3885,     28.0235,     56.0469,      0.0188,      0.0015,      0.0156,      0.1991,   7509.4028,-418671.4375,   -926.3516,    540.1458,  25031.3398,
       1,     166,     164,       5,       1,       3,       1,     10.0000,      1.3816,     42.3152,    243.5973,     61.3043,      3.4953,      0.0000,     -0.0314,      1.1255,      0.1502,      5.4725,     10.9451,      1.3271,     28.0235,     56.0469,      0.0188,      0.0009,      0.0156,      0.1991,   7509.4023,-418237.2188,   -926.2751,    540.1750,  25031.3398,
       1,     166,     164,       6,       1,       3,       1,     10.0000,      1.3816,     42.3152,    243.5973,     61.3043,      3.4953,      0.0000,     -0.0312,      1.0439,      0.1441,      5.4725,     10.9451,      1.2735,     28.0235,     56.0469,      0.0188,      0.0008,      0.0156,      0.1991,   7509.4023,-417260.9688,   -926.0932,    540.2410,  25031.3398,
       1,     166,     164,       7,       1,       3,       1,     10.0000,      1.3816,     42.3152,    243.5973,     61.3043,      3.4953,      0.0000,     -0.0311,      0.7744,      0.1410,      5.4725,     10.9451,      1.2455,     28.0235,     56.0469,      0.0188,      0.0006,      0.0156,      0.1991,   7509.4023,-417072.9688,   -926.0609,    540.2537,  25031.3379,
       1,     166,     164,       8,       1,       3,       1,     10.0000,      1.3816,     42.3152,    243.5973,     61.3043,      3.4953,      0.0123,     -0.0188,      0.8308,      0.1421,      5.4725,     10.9451,      1.2556,     28.0235,     56.0469,      0.0188,      0.0007,      0.0156,      0.1991,   7509.4019,-416713.3750,   -925.9958,    540.2780,  25031.3418,
       1,     166,     164,       9,       1,       3,       1,     10.0000,      1.3816,     42.3152,    243.5973,     61.3043,      3.4953,      0.1127,      0.0812,      8.3914,      0.1546,      5.4725,     10.9451,      1.3663,     28.0235,     56.0469,      0.0188,      0.0007,      0.1448,      0.1991,   7509.4028,-416753.7188,   -926.0045,    540.2752,  25031.3398,
       1,     166,     164,      10,       1,       3,       1,     10.0000,      1.3816,     42.3152,    243.5973,     61.3043,      3.4953,      0.1688,      0.1368,      7.8325,      0.1687,      5.4725,     10.9451,      1.4906,     28.0235,     56.0469,      0.0188,      0.0004,      0.2279,      0.1991,   7509.4023,-426395.5938,   -927.8690,    539.6240,  25031.3418,
       1,     166,     164,      11,       1,       3,       1,     10.0000,      1.3816,     42.3152,    243.5973,     61.3043,      3.4953,      0.1835,      0.1504,      8.5129,      0.2047,      5.4725,     10.9451,      1.8085,     28.0235,     56.0469,      0.0188,      0.0004,      0.2500,      0.1991,   7509.4028,-426513.8125,   -927.9044,    539.6165,  25031.3379,
       1,     166,     164,      12,       1,       3,       1,     10.0000,      1.3816,     42.3152,    243.5973,     61.3043,      3.4953,      0.1835,      0.1498,      9.3642,      0.2247,      5.4725,     10.9451,      1.9853,     28.0235,     56.0469,      0.0188,      0.0005,      0.2500,      0.1991,   7509.4019,-427391.5000,   -928.0515,    539.5573,  25031.3398,
       1,     166,     164,      13,       1,       3,       1,     10.0000,      1.3816,     42.3152,    243.5973,     61.3043,      3.4953,      0.1835,      0.1495,      9.8502,      0.2336,      5.4725,     10.9451,      2.0644,     28.0235,     56.0469,      0.0188,      0.0005,      0.2500,      0.1991,   7509.4023,-428552.2500,   -928.2387,    539.4791,  25031.3398,
       1,     166,     164,      14,       1,       3,       1,     10.0000,      1.3816,     42.3152,    243.5973,     61.3043,      3.4953,      0.1839,      0.1516,     10.0457,      0.1752,      5.4725,     10.9451,      1.5481,     28.0235,     56.0469,      0.0188,      0.0005,      0.2500,      0.1991,   7509.4023,-429271.5938,   -928.3339,    539.4305,  25031.3379,
       1,     166,     164,      15,       1,       3,       1,     10.0000,      1.3816,     42.3152,    243.5973,     61.3043,      3.4953,      0.1849,      0.1526,     23.9380,      0.1775,      5.4725,     10.9451,      1.5683,     28.0235,     56.0469,      0.0188,      0.0012,      0.2500,      0.1991,   7509.4019,-429583.0625,   -928.7031,    539.4095,  25031.3398,
       1,     166,     164,      16,       1,       3,       1,     10.0000,      1.3816,     42.3152,    243.5973,     61.3043,      3.4953,      0.1884,      0.1563,     67.0601,      0.1717,      5.4725,     10.9451,      1.5176,     28.0235,     56.0469,      0.0188,      0.0034,      0.2500,      0.1991,   7509.4023,-447322.4688,   -932.2181,    538.2134,  25031.3398,
       1,     166,     164,      17,       1,       3,       1,     10.0000,      1.3816,     42.3152,    243.5973,     61.3043,      3.4953,      0.1797,      0.1480,     77.0761,      0.1582,      5.4725,     10.9451,      1.3982,     28.0235,     56.0469,      0.0188,      0.0041,      0.2358,      0.1991,   7509.4023,-503847.3750,   -943.3168,    534.4120,  25031.3418,
       1,     166,     164,      18,       1,       3,       1,     10.0000,      1.3816,     42.3152,    243.5973,     61.3043,      3.4953,      0.1547,      0.1231,     70.1741,      0.1567,      5.4725,     10.9451,      1.3843,     28.0235,     56.0469,      0.0188,      0.0044,      0.1996,      0.1991,   7509.4028,-521524.4375,   -947.0916,    533.2444,  25031.3398,
       1,     166,     164,      19,       1,       3,       1,     10.0000,      1.3816,     42.3152,    243.5973,     61.3043,      3.4953,      0.1115,      0.0798,     18.7947,      0.1600,      5.4725,     10.9451,      1.4137,     28.0235,     56.0469,      0.0188,      0.0017,      0.1417,      0.1990,   7509.4023,-514214.5312,   -946.0654,    533.7330,  25031.3379,
       1,     166,     164,      20,       1,       3,       1,     10.0000,      1.3816,     42.3152,    243.5973,     61.3043,      3.4953,      0.0228,     -0.0088,      1.7284,      0.1539,      5.4725,     10.9451,      1.3595,     28.0235,     56.0469,      0.0188,      0.0017,      0.0126,      0.1990,   7509.4019,-447993.4375,   -933.5077,    538.1512,  25031.3398,
       1,     166,     164,      21,       1,       3,       1,     10.0000,      1.3816,     42.3152,    243.5973,     61.3043,      3.4953,      0.0000,     -0.0308,      1.4426,      0.1355,      5.4725,     10.9451,      1.1974,     28.0235,     56.0469,      0.0188,      0.0012,      0.0156,      0.1991,   7509.4023,-420605.9375,   -928.3644,    540.0118,  25031.3398,
       1,     166,     164,      22,       1,       3,       1,     10.0000,      1.3816,     42.3152,    243.5973,     61.3043,      3.4953,      0.0000,     -0.0305,      1.3424,      0.1265,      5.4725,     10.9451,      1.1175,     28.0235,     56.0469,      0.0188,      0.0011,      0.0156,      0.1991,   7509.4023,-417873.2188,   -927.1510,    540.1996,  25031.3398,
       1,     166,     164,      23,       1,       3,       1,     10.0000,      1.3816,     42.3152,    243.5973,     61.3043,      3.4953,      0.0000,     -0.0303,      1.2937,      0.1207,      5.4725,     10.9451,      1.0664,     28.0235,     56.0469,      0.0188,      0.0010,      0.0156,      0.1991,   7509.4023,-417506.1250,   -924.1839,    540.2244,  25031.3398,
       1,     166,     164,      24,       1,       3,       1,     10.0000,      1.3816,     42.3152,    243.5973,     61.3043,      3.4953,      0.0000,     -0.0301,      0.9548,      0.1147,      5.4725,     10.9451,      1.0133,     28.0235,     56.0469,      0.0188,      0.0008,      0.0156,      0.1991,   7509.4023,-417412.4375,   -912.6899,    540.2308,  25031.3398,
       1,     166,     165,       1,       1,       3,       1,     10.0000,      1.3816,     42.3155,    243.6031,     61.3057,      3.4953,      0.0000,     -0.0302,      0.8289,      0.1180,      5.4714,     10.9428,      1.0427,     28.0308,     56.0615,      0.0188,      0.0007,      0.0156,      0.1992,   7509.4023,-417129.2188,   -910.8064,    540.2627,  25032.4746,
       1,     166,     165,       2,       1,       3,       1,     10.0000,      1.3816,     42.3155,    243.6031,     61.3057,      3.4953,      0.0000,     -0.0303,      0.6137,      0.1207,      5.4714,     10.9428,      1.0664,     28.0308,     56.0615,      0.0188,      0.0005,      0.0156,      0.1992,   7509.7427,-416789.9688,   -910.2770,    540.2856,  25032.4746,
       1,     166,     165,       3,       1,       3,       1,     10.0000,      1.3816,     42.3155,    243.6031,     61.3057,      3.4953,      0.0000,     -0.0303,      0.3430,      0.1202,      5.4714,     10.9428,      1.0621,     28.0308,     56.0615,      0.0188,      0.0003,      0.0156,      0.1992,   7509.7427,-416486.5000,   -910.2755,    540.3061,  25032.4707,
       1,     166,     165,       4,       1,       3,       1,     10.0000,      1.3816,     42.3155,    243.6031,     61.3057,      3.4953,      0.0000,     -0.0303,      0.3011,      0.1209,      5.4714,     10.9428,      1.0686,     28.0308,     56.0615,      0.0188,      0.0002,      0.0156,      0.1992,   7509.7417,-416115.9688,   -910.2217,    540.3312,  25032.4746,
       1,     166,     165,       5,       1,       3,       1,     10.0000,      1.3816,     42.3155,    243.6031,     61.3057,      3.4953,      0.0000,     -0.0302,      0.3160,      0.1188,      5.4714,     10.9428,      1.0502,     28.0308,     56.0615,      0.0188,      0.0003,      0.0156,      0.1992,   7509.7427,-416029.9375,   -910.2090,    540.3369,  25032.4727,
       1,     166,     165,       6,       1,       3,       1,     10.0000,      1.3816,     42.3155,    243.6031,     61.3057,      3.4953,      0.0000,     -0.0304,      0.2898,      0.1219,      5.4714,     10.9428,      1.0773,     28.0308,     56.0615,      0.0188,      0.0002,      0.0156,      0.1992,   7509.7422,-416041.8438,   -910.2167,    540.3361,  25032.4707,
       1,     166,     165,       7,       1,       3,       1,     10.0000,      1.3816,     42.3155,    243.6031,     61.3057,      3.4953,      0.0000,     -0.0305,      0.3001,      0.1257,      5.4714,     10.9428,      1.1107,     28.0308,     56.0615,      0.0188,      0.0002,      0.0156,      0.1992,   7509.7417,-416009.8750,   -910.2134,    540.3383,  25032.4727,
       1,     166,     165,       8,       1,       3,       1,     10.0000,      1.3816,     42.3155,    243.6031,     61.3057,      3.4953,      0.0081,     -0.0225,      0.3115,      0.1299,      5.4714,     10.9428,      1.1475,     28.0308,     56.0615,      0.0188,      0.0002,      0.0156,      0.1992,   7509.7422,-416019.8125,   -910.2159,    540.3376,  25032.4727,
       1,     166,     165,       9,       1,       3,       1,     10.0000,      1.3816,     42.3155,    243.6031,     61.3057,      3.4953,      0.0925,      0.0617,      2.5740,      0.1344,      5.4714,     10.9428,      1.1877,     28.0308,     56.0615,      0.0188,      0.0003,      0.1160,      0.1992,   7509.7422,-416035.2500,   -910.2532,    540.3365,  25032.4727,
       1,     166,     165,      10,       1,       3,       1,     10.0000,      1.3816,     42.3155,    243.6031,     61.3057,      3.4953,      0.1556,      0.1243,      6.7173,      0.1479,      5.4714,     10.9428,      1.3073,     28.0308,     56.0615,      0.0188,      0.0004,      0.2084,      0.1992,   7509.7422,-418920.4062,   -911.2205,    540.1417,  25032.4727,
       1,     166,     165,      11,       1,       3,       1,     10.0000,      1.3816,     42.3155,    243.6031,     61.3057,      3.4953,      0.1408,      0.1091,      4.8011,      0.1600,      5.4714,     10.9428,      1.4138,     28.0308,     56.0615,      0.0188,      0.0003,      0.1867,      0.1992,   7509.7422,-424450.1875,   -913.0859,    539.7684,  25032.4727,
       1,     166,     165,      12,       1,       3,       1,     10.0000,      1.3816,     42.3155,    243.6031,     61.3057,      3.4953,      0.1064,      0.0743,      3.7563,      0.1726,      5.4714,     10.9428,      1.5252,     28.0308,     56.0615,      0.0188,      0.0003,      0.1358,      0.1992,   7509.7422,-422483.5312,   -913.2561,    539.9012,  25032.4727,
       1,     166,     165,      13,       1,       3,       1,     10.0000,      1.3816,     42.3155,    243.6031,     61.3057,      3.4953,      0.0840,      0.0518,      2.8312,      0.1723,      5.4714,     10.9428,      1.5222,     28.0308,     56.0615,      0.0188,      0.0003,      0.1026,      0.1992,   7509.7422,-420982.5000,   -913.2976,    540.0025,  25032.4727,
       1,     166,     165,      14,       1,       3,       1,     10.0000,      1.3816,     42.3155,    243.6031,     61.3057,      3.4953,      0.1115,      0.0794,      3.9163,      0.1707,      5.4714,     10.9428,      1.5086,     28.0308,     56.0615,      0.0188,      0.0003,      0.1434,      0.1992,   7509.7422,-419673.9688,   -913.2745,    540.0908,  25032.4727,
       1,     166,     165,      15,       1,       3,       1,     10.0000,      1.3816,     42.3155,    243.6031,     61.3057,      3.4953,      0.1778,      0.1465,      7.6377,      0.1454,      5.4714,     10.9428,      1.2851,     28.0308,     56.0615,      0.0188,      0.0004,      0.2410,      0.1992,   7509.7422,-420944.7500,   -913.7883,    540.0051,  25032.4727,
       1,     166,     165,      16,       1,       3,       1,     10.0000,      1.3816,     42.3155,    243.6031,     61.3057,      3.4953,      0.1839,      0.1529,     13.9652,      0.1405,      5.4714,     10.9428,      1.2418,     28.0308,     56.0615,      0.0188,      0.0007,      0.2493,      0.1992,   7509.7422,-425797.7188,   -915.4089,    539.6775,  25032.4727,
       1,     166,     165,      17,       1,       3,       1,     10.0000,      1.3816,     42.3155,    243.6031,     61.3057,      3.4953,      0.1421,      0.1109,     25.0467,      0.1421,      5.4714,     10.9428,      1.2556,     28.0308,     56.0615,      0.0188,      0.0017,      0.1862,      0.1992,   7509.7422,-434281.8750,   -917.8635,    539.1053,  25032.4727,
       1,     166,     165,      18,       1,       3,       1,     10.0000,      1.3816,     42.3155,    243.6031,     61.3057,      3.4953,      0.0617,      0.0305,     10.4842,      0.1448,      5.4714,     10.9428,      1.2799,     28.0308,     56.0615,      0.0188,      0.0019,      0.0694,      0.1992,   7509.7422,-449140.5938,   -921.2588,    538.1042,  25032.4727,
       1,     166,     165,      19,       1,       3,       1,     10.0000,      1.3816,     42.3155,    243.6031,     61.3057,      3.4953,      0.0743,      0.0431,     18.3539,      0.1432,      5.4714,     10.9428,      1.2658,     28.0308,     56.0615,      0.0188,      0.0026,      0.0871,      0.1991,   7509.7422,-431849.8750,   -918.5162,    539.2682,  25032.4727,
       1,     166,     165,      20,       1,       3,       1,     10.0000,      1.3816,     42.3155,    243.6031,     61.3057,      3.4953,      0.0157,     -0.0154,      0.3880,      0.1417,      5.4714,     10.9428,      1.2518,     28.0308,     56.0615,      0.0188,      0.0017,      0.0029,      0.1992,   7509.7422,-440399.6250,   -920.5555,    538.6931,  25032.4727,
       1,     166,     165,      21,       1,       3,       1,     10.0000,      1.3816,     42.3155,    243.6031,     61.3057,      3.4953,      0.0000,     -0.0312,      2.4056,      0.1447,      5.4714,     10.9428,      1.2786,     28.0308,     56.0615,      0.0188,      0.0019,      0.0156,      0.1991,   7509.7422,-418226.4062,   -916.7367,    540.1865,  25032.4727,
       1,     166,     165,      22,       1,       3,       1,     10.0000,      1.3816,     42.3155,    243.6031,     61.3057,      3.4953,      0.0000,     -0.0312,      1.9144,      0.1430,      5.4714,     10.9428,      1.2633,     28.0308,     56.0615,      0.0188,      0.0015,      0.0156,      0.1992,   7509.7422,-418896.9062,   -917.0305,    540.1432,  25032.4746,
       1,     166,     165,      23,       1,       3,       1,     10.0000,      1.3816,     42.3155,    243.6031,     61.3057,      3.4953,      0.0000,     -0.0310,      1.7679,      0.1380,      5.4714,     10.9428,      1.2194,     28.0308,     56.0615,      0.0188,      0.0014,      0.0156,      0.1992,   7509.7427,-418325.8125,   -917.0209,    540.1819,  25032.4707,
       1,     166,     165,      24,       1,       3,       1,     10.0000,      1.3816,     42.3155,    243.6031,     61.3057,      3.4953,      0.0000,     -0.0310,      1.5872,      0.1393,      5.4714,     10.9428,      1.2305,     28.0308,     56.0615,      0.0188,      0.0013,      0.0156,      0.1992,   7509.7417,-418090.4062,   -917.0782,    540.1978,  25032.4727,
       1,     166,     166,       1,       1,       3,       1,     10.0000,      1.3817,     42.3159,    243.6089,     61.3072,      3.4953,      0.0000,     -0.0308,      1.2745,      0.1346,      5.4721,     10.9441,      1.1889,     28.0259,     56.0518,      0.0188,      0.0010,      0.0156,      0.1992,   7509.7422,-417996.3750,   -917.4185,    540.2169,  25033.6055,
       1,     166,     166,       2,       1,       3,       1,     10.0000,      1.3817,     42.3159,    243.6089,     61.3072,      3.4953,      0.0000,     -0.0308,      1.4365,      0.1337,      5.4721,     10.9441,      1.1817,     28.0259,     56.0518,      0.0188,      0.0012,      0.0156,      0.1992,   7510.0820,-417435.7500,   -917.1219,    540.2548,  25033.6055,
       1,     166,     166,       3,       1,       3,       1,     10.0000,      1.3817,     42.3159,    243.6089,     61.3072,      3.4953,      0.0000,     -0.0306,      1.1879,      0.1272,      5.4721,     10.9441,      1.1244,     28.0259,     56.0518,      0.0188,      0.0010,      0.0156,      0.1992,   7510.0820,-417593.9062,   -917.2562,    540.2441,  25033.6055,
       1,     166,     166,       4,       1,       3,       1,     10.0000,      1.3817,     42.3159,    243.6089,     61.3072,      3.4953,      0.0000,     -0.0306,      0.6773,      0.1271,      5.4721,     10.9441,      1.1233,     28.0259,     56.0518,      0.0188,      0.0005,      0.0156,      0.1992,   7510.0820,-417290.5938,   -917.2881,    540.2646,  25033.6074,
       1,     166,     166,       5,       1,       3,       1,     10.0000,      1.3817,     42.3159,    243.6089,     61.3072,      3.4953,      0.0000,     -0.0307,      0.4613,      0.1297,      5.4721,     10.9441,      1.1463,     28.0259,     56.0518,      0.0188,      0.0004,      0.0156,      0.1992,   7510.0825,-416613.5938,   -917.2024,    540.3104,  25033.6055,
       1,     166,     166,       6,       1,       3,       1,     10.0000,      1.3817,     42.3159,    243.6089,     61.3072,      3.4953,      0.0000,     -0.0305,      0.3046,      0.1256,      5.4721,     10.9441,      1.1096,     28.0259,     56.0518,      0.0188,      0.0002,      0.0156,      0.1992,   7510.0820,-416280.0938,   -917.1564,    540.3328,  25033.6035,
       1,     166,     166,       7,       1,       3,       1,     10.0000,      1.3817,     42.3159,    243.6089,     61.3072,      3.4953,      0.0000,     -0.0303,      0.2858,      0.1204,      5.4721,     10.9441,      1.0643,     28.0259,     56.0518,      0.0188,      0.0002,      0.0156,      0.1992,   7510.0815,-416051.8750,   -917.1172,    540.3482,  25033.6055,
       1,     166,     166,       8,       1,       3,       1,     10.0000,      1.3817,     42.3159,    243.6089,     61.3072,      3.4953,      0.0035,     -0.0268,      0.2852,      0.1202,      5.4721,     10.9441,      1.0621,     28.0259,     56.0518,      0.0188,      0.0002,      0.0156,      0.1992,   7510.0820,-416008.2812,   -917.1104,    540.3512,  25033.6055,
       1,     166,     166,       9,       1,       3,       1,     10.0000,      1.3817,     42.3159,    243.6089,     61.3072,      3.4953,      0.0051,     -0.0263,      0.4649,      0.1508,      5.4721,     10.9441,      1.3325,     28.0259,     56.0518,      0.0188,      0.0004,      0.0156,      0.1992,   7510.0820,-416003.6250,   -917.1184,    540.3515,  25033.6055,
       1,     166,     166,      10,       1,       3,       1,     10.0000,      1.3817,     42.3159,    243.6089,     61.3072,      3.4953,      0.0257,     -0.0068,      0.7150,      0.1803,      5.4721,     10.9441,      1.5935,     28.0259,     56.0518,      0.0188,      0.0006,      0.0159,      0.1992,   7510.0820,-416232.3125,   -917.1788,    540.3361,  25033.6055,
       1,     166,     166,      11,       1,       3,       1,     10.0000,      1.3817,     42.3159,    243.6089,     61.3072,      3.4953,      0.0707,      0.0379,      2.6062,      0.1929,      5.4721,     10.9441,      1.7046,     28.0259,     56.0518,      0.0188,      0.0004,      0.0824,      0.1992,   7510.0820,-416570.6875,   -917.3052,    540.3132,  25033.6055,
       1,     166,     166,      12,       1,       3,       1,     10.0000,      1.3817,     42.3159,    243.6089,     61.3072,      3.4953,      0.1146,      0.0816,      4.8586,      0.2009,      5.4721,     10.9441,      1.7750,     28.0259,     56.0518,      0.0188,      0.0004,      0.1475,      0.1992,   7510.0820,-419010.1562,   -917.8803,    540.1484,  25033.6055,
       1,     166,     166,      13,       1,       3,       1,     10.0000,      1.3817,     42.3159,    243.6089,     61.3072,      3.4953,      0.1540,      0.1211,      6.5730,      0.1954,      5.4721,     10.9441,      1.7266,     28.0259,     56.0518,      0.0188,      0.0004,      0.2060,      0.1992,   7510.0820,-422090.8125,   -918.6492,    539.9404,  25033.6055,
       1,     166,     166,      14,       1,       3,       1,     10.0000,      1.3817,     42.3159,    243.6089,     61.3072,      3.4953,      0.1486,      0.1154,     26.0410,      0.2102,      5.4721,     10.9441,      1.8573,     28.0259,     56.0518,      0.0188,      0.0017,      0.1958,      0.1992,   7510.0820,-424541.2500,   -919.4862,    539.7751,  25033.6055,
       1,     166,     166,      15,       1,       3,       1,     10.0000,      1.3817,     42.3159,    243.6089,     61.3072,      3.4953,      0.1383,      0.1049,     46.2233,      0.2108,      5.4721,     10.9441,      1.8627,     28.0259,     56.0518,      0.0188,      0.0033,      0.1779,      0.1992,   7510.0820,-449566.1250,   -924.6374,    538.0866,  25033.6035,
       1,     166,     166,      16,       1,       3,       1,     10.0000,      1.3817,     42.3159,    243.6089,     61.3072,      3.4953,      0.1699,      0.1366,     70.3793,      0.2104,      5.4721,     10.9441,      1.8591,     28.0259,     56.0518,      0.0188,      0.0040,      0.2224,      0.1992,   7510.0815,-477460.0312,   -930.4629,    536.2131,  25033.6055,
       1,     166,     166,      17,       1,       3,       1,     10.0000,      1.3817,     42.3159,    243.6089,     61.3072,      3.4953,      0.1680,      0.1352,     79.4198,      0.1921,      5.4721,     10.9441,      1.6979,     28.0259,     56.0518,      0.0188,      0.0046,      0.2184,      0.1991,   7510.0820,-510675.3125,   -937.5958,    533.9901,  25033.6074,
       1,     166,     166,      18,       1,       3,       1,     10.0000,      1.3817,     42.3159,    243.6089,     61.3072,      3.4953,      0.1653,      0.1337,     63.9623,      0.1557,      5.4721,     10.9441,      1.3760,     28.0259,     56.0518,      0.0188,      0.0037,      0.2160,      0.1991,   7510.0825,-525072.0625,   -939.8461,    533.0338,  25033.6055,
       1,     166,     166,      19,       1,       3,       1,     10.0000,      1.3817,     42.3159,    243.6089,     61.3072,      3.4953,      0.1155,      0.0842,     42.5676,      0.1469,      5.4721,     10.9441,      1.2981,     28.0259,     56.0518,      0.0188,      0.0037,      0.1450,      0.1991,   7510.0820,-506570.1562,   -927.6933,    534.2673,  25033.4766,
       1,     166,     166,      20,       1,       3,       1,     10.0000,      1.3817,     42.3159,    243.6089,     61.3072,      3.4953,      0.0389,      0.0077,     10.8556,      0.1421,      5.4721,     10.9441,      1.2557,     28.0259,     56.0518,      0.0188,      0.0038,      0.0357,      0.1991,   7510.0435,-477700.4062,   -923.7367,    536.1968,  25033.6035,
       1,     166,     166,      21,       1,       3,       1,     10.0000,      1.3817,     42.3159,    243.6089,     61.3072,      3.4953,      0.0000,     -0.0310,      4.8383,      0.1397,      5.4721,     10.9441,      1.2343,     28.0259,     56.0518,      0.0188,      0.0039,      0.0156,      0.1991,   7510.0815,-434766.7812,   -916.7412,    539.0779,  25033.6035,
       1,     166,     166,      22,       1,       3,       1,     10.0000,      1.3817,     42.3159,    243.6089,     61.3072,      3.4953,      0.0000,     -0.0312,      4.0945,      0.1446,      5.4721,     10.9441,      1.2774,     28.0259,     56.0518,      0.0188,      0.0033,      0.0156,      0.1992,   7510.0815,-423429.4688,   -915.2905,    539.8497,  25033.6035,
       1,     166,     166,      23,       1,       3,       1,     10.0000,      1.3817,     42.3159,    243.6089,     61.3072,      3.4953,      0.0000,     -0.0313,      1.0547,      0.1460,      5.4721,     10.9441,      1.2903,     28.0259,     56.0518,      0.0188,      0.0008,      0.0156,      0.1992,   7510.0815,-421498.0000,   -915.3377,    539.9805,  25033.6055,
       1,     166,     166,      24,       1,       3,       1,     10.0000,      1.3817,     42.3159,    243.6089,     61.3072,      3.4953,      0.0000,     -0.0312,      0.4132,      0.1443,      5.4721,     10.9441,      1.2748,     28.0259,     56.0518,      0.0188,      0.0003,      0.0156,      0.1992,   7510.0820,-417456.7188,   -914.6844,    540.2532,  25033.6074,
       1,     166,     167,       1,       1,       3,       1,     10.0000,      1.3817,     42.3162,    243.6147,     61.3087,      3.4953,      0.0000,     -0.0311,      0.7203,      0.1425,      5.4729,     10.9458,      1.2595,     28.0197,     56.0394,      0.0188,      0.0006,      0.0156,      0.1992,   7510.0825,-416448.2500,   -914.7705,    540.3345,  25034.7344,
       1,     166,     167,       2,       1,       3,       1,     10.0000,      1.3817,     42.3162,    243.6147,     61.3087,      3.4953,      0.0000,     -0.0312,      1.1731,      0.1454,      5.4729,     10.9458,      1.2852,     28.0197,     56.0394,      0.0188,      0.0009,      0.0156,      0.1992,   7510.4204,-416598.9062,   -914.5703,    540.3243,  25034.7344,
       1,     166,     167,       3,       1,       3,       1,     10.0000,      1.3817,     42.3162,    243.6147,     61.3087,      3.4953,      0.0000,     -0.0313,      0.5775,      0.1462,      5.4729,     10.9458,      1.2916,     28.0197,     56.0394,      0.0188,      0.0005,      0.0156,      0.1992,   7510.4204,-417188.9375,   -914.7513,    540.2845,  25034.7344,
       1,     166,     167,       4,       1,       3,       1,     10.0000,      1.3817,     42.3162,    243.6147,     61.3087,      3.4953,      0.0000,     -0.0312,      0.3866,      0.1431,      5.4729,     10.9458,      1.2646,     28.0197,     56.0394,      0.0188,      0.0003,      0.0156,      0.1992,   7510.4204,-416480.6562,   -914.6432,    540.3323,  25034.7344,
       1,     166,     167,       5,       1,       3,       1,     10.0000,      1.3817,     42.3162,    243.6147,     61.3087,      3.4953,      0.0000,     -0.0311,      0.4381,      0.1415,      5.4729,     10.9458,      1.2506,     28.0197,     56.0394,      0.0188,      0.0004,      0.0156,      0.1992,   7510.4204,-416176.5312,   -914.5944,    540.3528,  25034.7344,
       1,     166,     167,       6,       1,       3,       1,     10.0000,      1.3817,     42.3162,    243.6147,     61.3087,      3.4953,      0.0000,     -0.0309,      0.4631,      0.1361,      5.4729,     10.9458,      1.2023,     28.0197,     56.0394,      0.0188,      0.0004,      0.0156,      0.1992,   7510.4204,-416215.8438,   -914.6133,    540.3502,  25034.7324,
       1,     166,     167,       7,       1,       3,       1,     10.0000,      1.3817,     42.3162,    243.6147,     61.3087,      3.4953,      0.0000,     -0.0308,      0.6756,      0.1328,      5.4729,     10.9458,      1.1734,     28.0197,     56.0394,      0.0188,      0.0005,      0.0156,      0.1992,   7510.4199,-416251.3750,   -914.6349,    540.3478,  25034.7344,
       1,     166,     167,       8,       1,       3,       1,     10.0000,      1.3817,     42.3162,    243.6147,     61.3087,      3.4953,      0.0246,     -0.0062,      0.4814,      0.1336,      5.4729,     10.9458,      1.1806,     28.0197,     56.0394,      0.0188,      0.0004,      0.0162,      0.1992,   7510.4204,-416524.9375,   -914.7267,    540.3293,  25034.7344,
       1,     166,     167,       9,       1,       3,       1,     10.0000,      1.3817,     42.3162,    243.6147,     61.3087,      3.4953,      0.1160,      0.0847,      5.6988,      0.1460,      5.4729,     10.9458,      1.2903,     28.0197,     56.0394,      0.0188,      0.0005,      0.1500,      0.1992,   7510.4204,-416301.0000,   -914.7515,    540.3444,  25034.7363,
       1,     166,     167,      10,       1,       3,       1,     10.0000,      1.3817,     42.3162,    243.6147,     61.3087,      3.4953,      0.1670,      0.1354,      6.2313,      0.1573,      5.4729,     10.9458,      1.3899,     28.0197,     56.0394,      0.0188,      0.0003,      0.2254,      0.1992,   7510.4214,-422930.2812,   -916.2479,    539.8967,  25034.7344,
       1,     166,     167,      11,       1,       3,       1,     10.0000,      1.3817,     42.3162,    243.6147,     61.3087,      3.4953,      0.1837,      0.1522,      6.0762,      0.1542,      5.4729,     10.9458,      1.3623,     28.0197,     56.0394,      0.0188,      0.0003,      0.2500,      0.1992,   7510.4204,-424180.0312,   -917.1429,    539.8125,  25034.7344,
       1,     166,     167,      12,       1,       3,       1,     10.0000,      1.3817,     42.3162,    243.6147,     61.3087,      3.4953,      0.1837,      0.1522,      5.9997,      0.1525,      5.4729,     10.9458,      1.3474,     28.0197,     56.0394,      0.0188,      0.0003,      0.2500,      0.1992,   7510.4204,-424089.7500,   -918.4401,    539.8187,  25034.7363,
       1,     166,     167,      13,       1,       3,       1,     10.0000,      1.3817,     42.3162,    243.6147,     61.3087,      3.4953,      0.1838,      0.1526,      6.2922,      0.1443,      5.4729,     10.9458,      1.2748,     28.0197,     56.0394,      0.0188,      0.0003,      0.2500,      0.1992,   7510.4214,-423984.1562,   -919.7581,    539.8257,  25034.7344,
       1,     166,     167,      14,       1,       3,       1,     10.0000,      1.3817,     42.3162,    243.6147,     61.3087,      3.4953,      0.1845,      0.1533,     15.6164,      0.1456,      5.4729,     10.9458,      1.2864,     28.0197,     56.0394,      0.0188,      0.0008,      0.2500,      0.1992,   7510.4204,-424348.1250,   -912.7899,    539.8012,  25034.7363,
       1,     166,     167,      15,       1,       3,       1,     10.0000,      1.3817,     42.3162,    243.6147,     61.3087,      3.4953,      0.1854,      0.1534,     27.9161,      0.1652,      5.4729,     10.9458,      1.4598,     28.0197,     56.0394,      0.0188,      0.0014,      0.2500,      0.1992,   7510.4214,-436262.5625,   -916.8728,    538.9973,  25034.7344,
       1,     166,     167,      16,       1,       3,       1,     10.0000,      1.3817,     42.3162,    243.6147,     61.3087,      3.4953,      0.1850,      0.1531,     24.0309,      0.1674,      5.4729,     10.9458,      1.4789,     28.0197,     56.0394,      0.0188,      0.0012,      0.2500,      0.1992,   7510.4204,-452967.2500,   -921.4205,    537.8724,  25034.7344,
       1,     166,     167,      17,       1,       3,       1,     10.0000,      1.3817,     42.3162,    243.6147,     61.3087,      3.4953,      0.1850,      0.1534,     21.8738,      0.1545,      5.4729,     10.9458,      1.3651,     28.0197,     56.0394,      0.0188,      0.0011,      0.2500,      0.1992,   7510.4204,-449452.0000,   -922.0972,    538.1099,  25034.7344,
       1,     166,     167,      18,       1,       3,       1,     10.0000,      1.3817,     42.3162,    243.6147,     61.3087,      3.4953,      0.1414,      0.1101,      7.2897,      0.1465,      5.4729,     10.9458,      1.2942,     28.0197,     56.0394,      0.0188,      0.0005,      0.1873,      0.1992,   7510.4204,-446398.4688,   -922.4304,    538.3153,  25034.7344,
       1,     166,     167,      19,       1,       3,       1,     10.0000,      1.3817,     42.3162,    243.6147,     61.3087,      3.4953,      0.1079,      0.0769,      6.0037,      0.1410,      5.4729,     10.9458,      1.2456,     28.0197,     56.0394,      0.0188,      0.0005,      0.1382,      0.1992,   7510.4204,-427543.5938,   -919.4239,    539.5841,  25034.7344,
       1,     166,     167,      20,       1,       3,       1,     10.0000,      1.3817,     42.3162,    243.6147,     61.3087,      3.4953,      0.0281,     -0.0029,      2.3817,      0.1403,      5.4729,     10.9458,      1.2393,     28.0197,     56.0394,      0.0188,      0.0014,      0.0210,      0.1992,   7510.4204,-424288.4688,   -919.0710,    539.8052,  25034.7324,
       1,     166,     167,      21,       1,       3,       1,     10.0000,      1.3817,     42.3162,    243.6147,     61.3087,      3.4953,      0.0002,     -0.0308,      1.9944,      0.1370,      5.4729,     10.9458,      1.2108,     28.0197,     56.0394,      0.0188,      0.0016,      0.0156,      0.1992,   7510.4199,-419390.6875,   -918.3417,    540.1357,  25034.7324,
       1,     166,     167,      22,       1,       3,       1,     10.0000,      1.3817,     42.3162,    243.6147,     61.3087,      3.4953,      0.0000,     -0.0309,      1.6001,      0.1359,      5.4729,     10.9458,      1.2011,     28.0197,     56.0394,      0.0188,      0.0013,      0.0156,      0.1992,   7510.4199,-418476.0625,   -918.2988,    540.1976,  25034.7324,
       1,     166,     167,      23,       1,       3,       1,     10.0000,      1.3817,     42.3162,    243.6147,     61.3087,      3.4953,      0.0000,     -0.0308,      1.2557,      0.1347,      5.4729,     10.9458,      1.1902,     28.0197,     56.0394,      0.0188,      0.0010,      0.0156,      0.1992,   7510.4199,-417894.7188,   -918.2851,    540.2368,  25034.7363,
       1,     166,     167,      24,       1,       3,       1,     10.0000,      1.3817,     42.3162,    243.6147,     61.3087,      3.4953,      0.0000,     -0.0308,      0.9763,      0.1339,      5.4729,     10.9458,      1.1830,     28.0197,     56.0394,      0.0188,      0.0008,      0.0156,      0.1992,   7510.4214,-417405.5312,   -918.2708,    540.2698,  25034.7344,
       1,     166,     168,       1,       1,       3,       1,     10.0000,      1.3817,     42.3165,    243.6205,     61.3101,      3.4953,      0.0000,     -0.0308,      0.8664,      0.1336,      5.4714,     10.9428,      1.1806,     28.0275,     56.0550,      0.0188,      0.0007,      0.0156,      0.1992,   7510.4204,-417164.3750,   -918.5477,    540.2988,  25035.8672,
       1,     166,     168,       2,       1,       3,       1,     10.0000,      1.3817,     42.3165,    243.6205,     61.3101,      3.4953,      0.0000,     -0.0307,      0.4227,      0.1305,      5.4714,     10.9428,      1.1534,     28.0275,     56.0550,      0.0188,      0.0003,      0.0156,      0.1992,   7510.7603,-416849.6250,   -918.2751,    540.3201,  25035.8672,
       1,     166,     168,       3,       1,       3,       1,     10.0000,      1.3817,     42.3165,    243.6205,     61.3101,      3.4953,      0.0000,     -0.0306,      0.3083,      0.1287,      5.4714,     10.9428,      1.1371,     28.0275,     56.0550,      0.0188,      0.0002,      0.0156,      0.1992,   7510.7603,-416257.1875,   -918.1776,    540.3600,  25035.8672,
       1,     166,     168,       4,       1,       3,       1,     10.0000,      1.3817,     42.3165,    243.6205,     61.3101,      3.4953,      0.0000,     -0.0306,      0.3058,      0.1278,      5.4714,     10.9428,      1.1290,     28.0275,     56.0550,      0.0188,      0.0002,      0.0156,      0.1992,   7510.7603,-416060.4688,   -918.1433,    540.3734,  25035.8672,
       1,     166,     168,       5,       1,       3,       1,     10.0000,      1.3817,     42.3165,    243.6205,     61.3101,      3.4953,      0.0000,     -0.0307,      0.3523,      0.1297,      5.4714,     10.9428,      1.1464,     28.0275,     56.0550,      0.0188,      0.0003,      0.0156,      0.1992,   7510.7603,-416040.2812,   -918.1414,    540.3748,  25035.8652,
       1,     166,     168,       6,       1,       3,       1,     10.0000,      1.3817,     42.3165,    243.6205,     61.3101,      3.4953,      0.0000,     -0.0307,      0.4026,      0.1319,      5.4714,     10.9428,      1.1651,     28.0275,     56.0550,      0.0188,      0.0003,      0.0156,      0.1992,   7510.7598,-416098.0312,   -918.1566,    540.3708,  25035.8672,
       1,     166,     168,       7,       1,       3,       1,     10.0000,      1.3817,     42.3165,    243.6205,     61.3101,      3.4953,      0.0000,     -0.0308,      0.4378,      0.1344,      5.4714,     10.9428,      1.1878,     28.0275,     56.0550,      0.0188,      0.0004,      0.0156,      0.1992,   7510.7603,-416166.8750,   -918.1766,    540.3662,  25035.8672,
       1,     166,     168,       8,       1,       3,       1,     10.0000,      1.3817,     42.3165,    243.6205,     61.3101,      3.4953,      0.0072,     -0.0238,      0.4853,      0.1374,      5.4714,     10.9428,      1.2145,     28.0275,     56.0550,      0.0188,      0.0004,      0.0156,      0.1992,   7510.7603,-416217.5938,   -918.1956,    540.3627,  25035.8652,
       1,     166,     168,       9,       1,       3,       1,     10.0000,      1.3817,     42.3165,    243.6205,     61.3101,      3.4953,      0.0720,      0.0410,      2.2138,      0.1393,      5.4714,     10.9428,      1.2306,     28.0275,     56.0550,      0.0188,      0.0003,      0.0857,      0.1992,   7510.7598,-416282.7188,   -918.2309,    540.3583,  25035.8672,
       1,     166,     168,      10,       1,       3,       1,     10.0000,      1.3817,     42.3165,    243.6205,     61.3101,      3.4953,      0.1081,      0.0769,      3.8760,      0.1434,      5.4714,     10.9428,      1.2672,     28.0275,     56.0550,      0.0188,      0.0003,      0.1386,      0.1992,   7510.7603,-418490.4375,   -918.7405,    540.2092,  25035.8672,
       1,     166,     168,      11,       1,       3,       1,     10.0000,      1.3817,     42.3165,    243.6205,     61.3101,      3.4953,      0.1526,      0.1208,      6.3519,      0.1608,      5.4714,     10.9428,      1.4209,     28.0275,     56.0550,      0.0188,      0.0004,      0.2040,      0.1992,   7510.7603,-420798.6250,   -919.3881,    540.0534,  25035.8691,
       1,     166,     168,      12,       1,       3,       1,     10.0000,      1.3817,     42.3165,    243.6205,     61.3101,      3.4953,      0.1647,      0.1326,      9.9706,      0.1707,      5.4714,     10.9428,      1.5087,     28.0275,     56.0550,      0.0188,      0.0006,      0.2215,      0.1992,   7510.7612,-424151.6875,   -920.3899,    539.8270,  25035.8672,
       1,     166,     168,      13,       1,       3,       1,     10.0000,      1.3817,     42.3165,    243.6205,     61.3101,      3.4953,      0.1834,      0.1514,     16.5582,      0.1687,      5.4714,     10.9428,      1.4908,     28.0275,     56.0550,      0.0188,      0.0008,      0.2485,      0.1992,   7510.7603,-429052.0312,   -921.7632,    539.4964,  25035.8672,
       1,     166,     168,      14,       1,       3,       1,     10.0000,      1.3817,     42.3165,    243.6205,     61.3101,      3.4953,      0.1847,      0.1527,     19.6733,      0.1670,      5.4714,     10.9428,      1.4760,     28.0275,     56.0550,      0.0188,      0.0010,      0.2500,      0.1992,   7510.7603,-437868.9062,   -923.9573,    538.9019,  25035.8691,
       1,     166,     168,      15,       1,       3,       1,     10.0000,      1.3817,     42.3165,    243.6205,     61.3101,      3.4953,      0.1517,      0.1194,     21.6484,      0.1749,      5.4714,     10.9428,      1.5452,     28.0275,     56.0550,      0.0188,      0.0013,      0.2008,      0.1992,   7510.7612,-442597.8438,   -924.0198,    538.5837,  25035.8672,
       1,     166,     168,      16,       1,       3,       1,     10.0000,      1.3817,     42.3165,    243.6205,     61.3101,      3.4953,      0.1647,      0.1322,     35.9071,      0.1827,      5.4714,     10.9428,      1.6143,     28.0275,     56.0550,      0.0188,      0.0021,      0.2185,      0.1992,   7510.7603,-445521.8750,   -925.0171,    538.3870,  25035.8672,
       1,     166,     168,      17,       1,       3,       1,     10.0000,      1.3817,     42.3165,    243.6205,     61.3101,      3.4953,      0.1404,      0.1084,     31.4396,      0.1672,      5.4714,     10.9428,      1.4774,     28.0275,     56.0550,      0.0188,      0.0022,      0.1829,      0.1992,   7510.7603,-463948.6250,   -929.0430,    537.1470,  25035.8672,
       1,     166,     168,      18,       1,       3,       1,     10.0000,      1.3817,     42.3165,    243.6205,     61.3101,      3.4953,      0.1099,      0.0775,     20.7148,      0.1789,      5.4714,     10.9428,      1.5810,     28.0275,     56.0550,      0.0188,      0.0019,      0.1388,      0.1992,   7510.7603,-459839.0312,   -928.7958,    537.4243,  25035.8672,
       1,     166,     168,      19,       1,       3,       1,     10.0000,      1.3817,     42.3165,    243.6205,     61.3101,      3.4953,      0.0542,      0.0220,     12.1620,      0.1728,      5.4714,     10.9428,      1.5269,     28.0275,     56.0550,      0.0188,      0.0027,      0.0572,      0.1992,   7510.7603,-445810.9688,   -926.5447,    538.3668,  25035.8672,
       1,     166,     168,      20,       1,       3,       1,     10.0000,      1.3817,     42.3165,    243.6205,     61.3101,      3.4953,      0.0101,     -0.0219,      3.0213,      0.1650,      5.4714,     10.9428,      1.4584,     28.0275,     56.0550,      0.0188,      0.0024,      0.0156,      0.1992,   7510.7603,-433706.5000,   -924.5662,    539.1821,  25035.8672,
       1,     166,     168,      21,       1,       3,       1,     10.0000,      1.3817,     42.3165,    243.6205,     61.3101,      3.4953,      0.0001,     -0.0316,      2.9151,      0.1564,      5.4714,     10.9428,      1.3816,     28.0275,     56.0550,      0.0188,      0.0023,      0.0156,      0.1992,   7510.7603,-421017.7500,   -922.3656,    540.0379,  25035.8672,
       1,     166,     168,      22,       1,       3,       1,     10.0000,      1.3817,     42.3165,    243.6205,     61.3101,      3.4953,      0.0000,     -0.0315,      2.0989,      0.1526,      5.4714,     10.9428,      1.3488,     28.0275,     56.0550,      0.0188,      0.0017,      0.0156,      0.1992,   7510.7603,-419792.5312,   -922.2569,    540.1213,  25035.8672,
       1,     166,     168,      23,       1,       3,       1,     10.0000,      1.3817,     42.3165,    243.6205,     61.3101,      3.4953,      0.0000,     -0.0315,      2.9379,      0.1539,      5.4714,     10.9428,      1.3596,     28.0275,     56.0550,      0.0188,      0.0024,      0.0156,      0.1992,   7510.7603,-418646.2500,   -922.1132,    540.1987,  25035.8691,
       1,     166,     168,      24,       1,       3,       1,     10.0000,      1.3817,     42.3165,    243.6205,     61.3101,      3.4953,      0.0000,     -0.0316,      2.6248,      0.1570,      5.4714,     10.9428,      1.3872,     28.0275,     56.0550,      0.0188,      0.0021,      0.0156,      0.1992,   7510.7612,-419616.2188,   -922.3929,    540.1332,  25035.8672,
       1,     166,     169,       1,       1,       3,       1,     10.0000,      1.3817,     42.3169,    243.6263,     61.3116,      3.4953,      0.0000,     -0.0316,      2.1616,      0.1570,      5.4724,     10.9447,      1.3872,     28.0260,     56.0520,      0.0188,      0.0017,      0.0156,      0.1993,   7510.7603,-419457.9062,   -922.7258,    540.1569,  25037.0000,
       1,     166,     169,       2,       1,       3,       1,     10.0000,      1.3817,     42.3169,    243.6263,     61.3116,      3.4953,      0.0000,     -0.0314,      1.4535,      0.1507,      5.4724,     10.9447,      1.3313,     28.0260,     56.0520,      0.0188,      0.0012,      0.0156,      0.1993,   7511.1001,-418699.7500,   -910.7560,    540.2081,  25037.0000,
       1,     166,     169,       3,       1,       3,       1,     10.0000,      1.3817,     42.3169,    243.6263,     61.3116,      3.4953,      0.0000,     -0.0314,      1.2543,      0.1489,      5.4724,     10.9447,      1.3153,     28.0260,     56.0520,      0.0188,      0.0010,      0.0156,      0.1993,   7511.1001,-417732.3438,   -910.5130,    540.2734,  25037.0020,
       1,     166,     169,       4,       1,       3,       1,     10.0000,      1.3817,     42.3169,    243.6263,     61.3116,      3.4953,      0.0000,     -0.0314,      0.9831,      0.1487,      5.4724,     10.9447,      1.3140,     28.0260,     56.0520,      0.0188,      0.0008,      0.0156,      0.1993,   7511.1011,-417395.2188,   -910.5595,    540.2961,  25037.0020,
       1,     166,     169,       5,       1,       3,       1,     10.0000,      1.3817,     42.3169,    243.6263,     61.3116,      3.4953,      0.0000,     -0.0314,      0.7785,      0.1505,      5.4724,     10.9447,      1.3300,     28.0260,     56.0520,      0.0188,      0.0006,      0.0156,      0.1993,   7511.1011,-417020.6250,   -910.5558,    540.3214,  25036.9980,
       1,     166,     169,       6,       1,       3,       1,     10.0000,      1.3817,     42.3169,    243.6263,     61.3116,      3.4953,      0.0000,     -0.0314,      0.7567,      0.1504,      5.4724,     10.9447,      1.3286,     28.0260,     56.0520,      0.0188,      0.0006,      0.0156,      0.1993,   7511.0996,-416728.3125,   -910.5630,    540.3412,  25037.0000,
       1,     166,     169,       7,       1,       3,       1,     10.0000,      1.3817,     42.3169,    243.6263,     61.3116,      3.4953,      0.0000,     -0.0313,      0.3601,      0.1465,      5.4724,     10.9447,      1.2943,     28.0260,     56.0520,      0.0188,      0.0003,      0.0156,      0.1993,   7511.1001,-416675.0000,   -910.6101,    540.3448,  25037.0000,
       1,     166,     169,       8,       1,       3,       1,     10.0000,      1.3817,     42.3169,    243.6263,     61.3116,      3.4953,      0.0105,     -0.0207,      0.3494,      0.1436,      5.4724,     10.9447,      1.2685,     28.0260,     56.0520,      0.0188,      0.0003,      0.0156,      0.1993,   7511.1001,-416165.2500,   -910.5219,    540.3793,  25037.0000,
       1,     166,     169,       9,       1,       3,       1,     10.0000,      1.3817,     42.3169,    243.6263,     61.3116,      3.4953,      0.0733,      0.0420,      2.0311,      0.1483,      5.4724,     10.9447,      1.3100,     28.0260,     56.0520,      0.0188,      0.0003,      0.0874,      0.1993,   7511.1001,-416107.5312,   -910.5519,    540.3831,  25037.0000,
       1,     166,     169,      10,       1,       3,       1,     10.0000,      1.3817,     42.3169,    243.6263,     61.3116,      3.4953,      0.1254,      0.0935,      4.2285,      0.1624,      5.4724,     10.9447,      1.4353,     28.0260,     56.0520,      0.0188,      0.0003,      0.1639,      0.1993,   7511.1001,-418245.1562,   -911.1301,    540.2388,  25037.0000,
       1,     166,     169,      11,       1,       3,       1,     10.0000,      1.3817,     42.3169,    243.6263,     61.3116,      3.4953,      0.1119,      0.0792,      4.4588,      0.1908,      5.4724,     10.9447,      1.6863,     28.0260,     56.0520,      0.0188,      0.0004,      0.1436,      0.1993,   7511.1001,-421228.7812,   -912.1509,    540.0372,  25037.0000,
       1,     166,     169,      12,       1,       3,       1,     10.0000,      1.3817,     42.3169,    243.6263,     61.3116,      3.4953,      0.1401,      0.1068,      6.5027,      0.2123,      5.4724,     10.9447,      1.8757,     28.0260,     56.0520,      0.0188,      0.0004,      0.1853,      0.1993,   7511.1001,-421779.0625,   -912.7537,    540.0002,  25037.0000,
       1,     166,     169,      13,       1,       3,       1,     10.0000,      1.3817,     42.3169,    243.6263,     61.3116,      3.4953,      0.1759,      0.1426,      8.2984,      0.2106,      5.4724,     10.9447,      1.8610,     28.0260,     56.0520,      0.0188,      0.0004,      0.2386,      0.1993,   7511.1001,-424430.3438,   -914.1080,    539.8212,  25037.0000,
       1,     166,     169,      14,       1,       3,       1,     10.0000,      1.3817,     42.3169,    243.6263,     61.3116,      3.4953,      0.1466,      0.1132,      6.9680,      0.2156,      5.4724,     10.9447,      1.9054,     28.0260,     56.0520,      0.0188,      0.0004,      0.1950,      0.1993,   7511.1001,-426946.6250,   -915.6097,    539.6515,  25037.0000,
       1,     166,     169,      15,       1,       3,       1,     10.0000,      1.3817,     42.3169,    243.6263,     61.3116,      3.4953,      0.0784,      0.0453,      4.3768,      0.2037,      5.4724,     10.9447,      1.7998,     28.0260,     56.0520,      0.0188,      0.0006,      0.0935,      0.1993,   7511.1001,-425467.6875,   -915.9062,    539.7512,  25037.0000,
       1,     166,     169,      16,       1,       3,       1,     10.0000,      1.3817,     42.3169,    243.6263,     61.3116,      3.4953,      0.0853,      0.0523,     17.8774,      0.1995,      5.4724,     10.9447,      1.7629,     28.0260,     56.0520,      0.0188,      0.0022,      0.1022,      0.1993,   7511.1001,-422039.0000,   -915.4937,    539.9825,  25037.0000,
       1,     166,     169,      17,       1,       3,       1,     10.0000,      1.3817,     42.3169,    243.6263,     61.3116,      3.4953,      0.1038,      0.0708,     39.5945,      0.2017,      5.4724,     10.9447,      1.7822,     28.0260,     56.0520,      0.0188,      0.0039,      0.1273,      0.1993,   7511.1001,-438945.4375,   -919.0292,    538.8415,  25037.0000,
       1,     166,     169,      18,       1,       3,       1,     10.0000,      1.3817,     42.3169,    243.6263,     61.3116,      3.4953,      0.1051,      0.0717,     40.0702,      0.2161,      5.4724,     10.9447,      1.9092,     28.0260,     56.0520,      0.0188,      0.0039,      0.1290,      0.1993,   7511.1001,-468079.4375,   -925.1309,    536.8803,  25037.0000,
       1,     166,     169,      19,       1,       3,       1,     10.0000,      1.3817,     42.3169,    243.6263,     61.3116,      3.4953,      0.0377,      0.0050,     10.5587,      0.1918,      5.4724,     10.9447,      1.6946,     28.0260,     56.0520,      0.0188,      0.0041,      0.0324,      0.1992,   7511.1001,-471197.2812,   -926.5369,    536.6746,  25037.0000,
       1,     166,     169,      20,       1,       3,       1,     10.0000,      1.3817,     42.3169,    243.6263,     61.3116,      3.4953,      0.0031,     -0.0291,      4.1308,      0.1718,      5.4724,     10.9447,      1.5178,     28.0260,     56.0520,      0.0188,      0.0033,      0.0156,      0.1992,   7511.1001,-433832.2188,   -920.3025,    539.1813,  25037.0020,
       1,     166,     169,      21,       1,       3,       1,     10.0000,      1.3817,     42.3169,    243.6263,     61.3116,      3.4953,      0.0000,     -0.0319,      4.0858,      0.1636,      5.4724,     10.9447,      1.4453,     28.0260,     56.0520,      0.0188,      0.0033,      0.0156,      0.1993,   7511.1011,-422450.9688,   -918.5697,    539.9542,  25036.9980,
       1,     166,     169,      22,       1,       3,       1,     10.0000,      1.3817,     42.3169,    243.6263,     61.3116,      3.4953,      0.0000,     -0.0318,      4.2612,      0.1610,      5.4724,     10.9447,      1.4224,     28.0260,     56.0520,      0.0188,      0.0034,      0.0156,      0.1993,   7511.0996,-421409.9688,   -918.6467,    540.0251,  25037.0000,
       1,     166,     169,      23,       1,       3,       1,     10.0000,      1.3817,     42.3169,    243.6263,     61.3116,      3.4953,      0.0000,     -0.0318,      4.8647,      0.1603,      5.4724,     10.9447,      1.4167,     28.0260,     56.0520,      0.0188,      0.0039,      0.0156,      0.1993,   7511.1001,-421542.7188,   -918.9450,    540.0161,  25037.0000,
       1,     166,     169,      24,       1,       3,       1,     10.0000,      1.3817,     42.3169,    243.6263,     61.3116,      3.4953,      0.0000,     -0.0318,      3.6030,      0.1603,      5.4724,     10.9447,      1.4167,     28.0260,     56.0520,      0.0188,      0.0029,      0.0156,      0.1993,   7511.1001,-422323.1562,   -919.3741,    539.9634,  25037.0000,
       1,     166,     170,       1,       1,       3,       1,     10.0000,      1.3817,     42.3172,    243.6321,     61.3131,      3.4953,      0.0000,     -0.0319,      2.5518,      0.1639,      5.4733,     10.9466,      1.4483,     28.0165,     56.0330,      0.0188,      0.0020,      0.0156,      0.1993,   7511.1001,-420939.3438,   -919.5947,    540.0698,  25038.1309,
       1,     166,     170,       2,       1,       3,       1,     10.0000,      1.3817,     42.3172,    243.6321,     61.3131,      3.4953,      0.0000,     -0.0311,      1.6078,      0.1405,      5.4733,     10.9466,      1.2419,     28.0165,     56.0330,      0.0188,      0.0013,      0.0156,      0.1993,   7511.4395,-419326.9062,   -919.2039,    540.1786,  25038.1289,
       1,     166,     170,       3,       1,       3,       1,     10.0000,      1.3817,     42.3172,    243.6321,     61.3131,      3.4953,      0.0000,     -0.0309,      1.3355,      0.1351,      5.4733,     10.9466,      1.1939,     28.0165,     56.0330,      0.0188,      0.0011,      0.0156,      0.1993,   7511.4390,-417985.9375,   -919.0652,    540.2692,  25038.1270,
       1,     166,     170,       4,       1,       3,       1,     10.0000,      1.3817,     42.3172,    243.6321,     61.3131,      3.4953,      0.0000,     -0.0308,      1.1729,      0.1337,      5.4733,     10.9466,      1.1819,     28.0165,     56.0330,      0.0188,      0.0009,      0.0156,      0.1993,   7511.4385,-417524.0000,   -919.0643,    540.3004,  25038.1289,
       1,     166,     170,       5,       1,       3,       1,     10.0000,      1.3817,     42.3172,    243.6321,     61.3131,      3.4953,      0.0000,     -0.0309,      0.9972,      0.1354,      5.4733,     10.9466,      1.1963,     28.0165,     56.0330,      0.0188,      0.0008,      0.0156,      0.1993,   7511.4390,-417276.8438,   -919.0819,    540.3171,  25038.1289,
       1,     166,     170,       6,       1,       3,       1,     10.0000,      1.3817,     42.3172,    243.6321,     61.3131,      3.4953,      0.0000,     -0.0307,      1.0734,      0.1316,      5.4733,     10.9466,      1.1628,     28.0165,     56.0330,      0.0188,      0.0009,      0.0156,      0.1993,   7511.4390,-417031.8125,   -919.0812,    540.3337,  25038.1289,
       1,     166,     170,       7,       1,       3,       1,     10.0000,      1.3817,     42.3172,    243.6321,     61.3131,      3.4953,      0.0000,     -0.0306,      2.0328,      0.1295,      5.4733,     10.9466,      1.1441,     28.0165,     56.0330,      0.0188,      0.0016,      0.0156,      0.1993,   7511.4390,-417107.7500,   -919.1473,    540.3286,  25038.1289,
       1,     166,     170,       8,       1,       3,       1,     10.0000,      1.3817,     42.3172,    243.6321,     61.3131,      3.4953,      0.0195,     -0.0112,      1.3063,      0.1293,      5.4733,     10.9466,      1.1429,     28.0165,     56.0330,      0.0188,      0.0019,      0.0088,      0.1993,   7511.4390,-418336.4062,   -919.4894,    540.2455,  25038.1270,
       1,     166,     170,       9,       1,       3,       1,     10.0000,      1.3817,     42.3172,    243.6321,     61.3131,      3.4953,      0.0917,      0.0608,      8.2579,      0.1347,      5.4733,     10.9466,      1.1903,     28.0165,     56.0330,      0.0188,      0.0009,      0.1141,      0.1993,   7511.4385,-417516.8438,   -919.4952,    540.3009,  25038.1289,
       1,     166,     170,      10,       1,       3,       1,     10.0000,      1.3817,     42.3172,    243.6321,     61.3131,      3.4953,      0.1600,      0.1282,      9.0411,      0.1632,      5.4733,     10.9466,      1.4425,     28.0165,     56.0330,      0.0188,      0.0005,      0.2146,      0.1993,   7511.4390,-426301.6562,   -921.3754,    539.7076,  25038.1289,
       1,     166,     170,      11,       1,       3,       1,     10.0000,      1.3817,     42.3172,    243.6321,     61.3131,      3.4953,      0.1608,      0.1280,     11.7379,      0.1910,      5.4733,     10.9466,      1.6880,     28.0165,     56.0330,      0.0188,      0.0007,      0.2155,      0.1993,   7511.4390,-428056.1875,   -922.1646,    539.5896,  25038.1289,
       1,     166,     170,      12,       1,       3,       1,     10.0000,      1.3817,     42.3172,    243.6321,     61.3131,      3.4953,      0.1842,      0.1516,     15.1208,      0.1875,      5.4733,     10.9466,      1.6565,     28.0165,     56.0330,      0.0188,      0.0008,      0.2500,      0.1993,   7511.4390,-431642.5000,   -923.2201,    539.3477,  25038.1270,
       1,     166,     170,      13,       1,       3,       1,     10.0000,      1.3817,     42.3172,    243.6321,     61.3131,      3.4953,      0.1842,      0.1509,     18.8363,      0.2079,      5.4733,     10.9466,      1.8374,     28.0165,     56.0330,      0.0188,      0.0009,      0.2497,      0.1993,   7511.4385,-436261.3125,   -924.6326,    539.0363,  25038.1289,
       1,     166,     170,      14,       1,       3,       1,     10.0000,      1.3817,     42.3172,    243.6321,     61.3131,      3.4953,      0.1824,      0.1490,     15.3694,      0.2148,      5.4733,     10.9466,      1.8980,     28.0165,     56.0330,      0.0188,      0.0008,      0.2476,      0.1993,   7511.4390,-441392.7812,   -926.1265,    538.6907,  25038.1289,
       1,     166,     170,      15,       1,       3,       1,     10.0000,      1.3817,     42.3172,    243.6321,     61.3131,      3.4953,      0.0132,     -0.0199,      2.7121,      0.2033,      5.4733,     10.9466,      1.7963,     28.0165,     56.0330,      0.0188,      0.0022,      0.0156,      0.1993,   7511.4390,-437416.0312,   -925.8362,    538.9585,  25038.1289,
       1,     166,     170,      16,       1,       3,       1,     10.0000,      1.3817,     42.3172,    243.6321,     61.3131,      3.4953,      0.0095,     -0.0240,      4.1563,      0.2161,      5.4733,     10.9466,      1.9092,     28.0165,     56.0330,      0.0188,      0.0033,      0.0156,      0.1993,   7511.4390,-420946.0625,   -922.8868,    540.0682,  25038.1289,
       1,     166,     170,      17,       1,       3,       1,     10.0000,      1.3817,     42.3172,    243.6321,     61.3131,      3.4953,      0.0218,     -0.0112,      2.0315,      0.2011,      5.4733,     10.9466,      1.7769,     28.0165,     56.0330,      0.0188,      0.0027,      0.0093,      0.1993,   7511.4390,-421373.2500,   -923.1158,    540.0405,  25038.1289,
       1,     166,     170,      18,       1,       3,       1,     10.0000,      1.3817,     42.3172,    243.6321,     61.3131,      3.4953,      0.0425,      0.0098,      9.9886,      0.1920,      5.4733,     10.9466,      1.6963,     28.0165,     56.0330,      0.0188,      0.0032,      0.0396,      0.1993,   7511.4390,-418701.7500,   -922.7369,    540.2209,  25038.1289,
       1,     166,     170,      19,       1,       3,       1,     10.0000,      1.3817,     42.3172,    243.6321,     61.3131,      3.4953,      0.0554,      0.0227,     15.2482,      0.1875,      5.4733,     10.9466,      1.6565,     28.0165,     56.0330,      0.0188,      0.0033,      0.0582,      0.1993,   7511.4390,-428608.4375,   -924.7538,    539.5519,  25038.1289,
       1,     166,     170,      20,       1,       3,       1,     10.0000,      1.3817,     42.3172,    243.6321,     61.3131,      3.4953,      0.0212,     -0.0113,      1.9301,      0.1822,      5.4733,     10.9466,      1.6096,     28.0165,     56.0330,      0.0188,      0.0027,      0.0090,      0.1993,   7511.4390,-436162.9375,   -926.3650,    539.0428,  25038.1289,
       1,     166,     170,      21,       1,       3,       1,     10.0000,      1.3817,     42.3172,    243.6321,     61.3131,      3.4953,      0.0000,     -0.0321,      4.6113,      0.1731,      5.4733,     10.9466,      1.5300,     28.0165,     56.0330,      0.0188,      0.0037,      0.0156,      0.1993,   7511.4390,-419842.4375,   -923.4275,    540.1428,  25038.1309,
       1,     166,     170,      22,       1,       3,       1,     10.0000,      1.3817,     42.3172,    243.6321,     61.3131,      3.4953,      0.0000,     -0.0322,      3.8857,      0.1730,      5.4733,     10.9466,      1.5285,     28.0165,     56.0330,      0.0188,      0.0031,      0.0156,      0.1993,   7511.4395,-421857.6562,   -923.9301,    540.0078,  25038.1270,
       1,     166,     170,      23,       1,       3,       1,     10.0000,      1.3817,     42.3172,    243.6321,     61.3131,      3.4953,      0.0000,     -0.0321,      3.4133,      0.1719,      5.4733,     10.9466,      1.5193,     28.0165,     56.0330,      0.0188,      0.0027,      0.0156,      0.1993,   7511.4385,-421105.6875,   -923.8929,    540.0585,  25038.1289,
       1,     166,     170,      24,       1,       3,       1,     10.0000,      1.3817,     42.3172,    243.6321,     61.3131,      3.4953,      0.0000,     -0.0320,      3.1768,      0.1685,      5.4733,     10.9466,      1.4893,     28.0165,     56.0330,      0.0188,      0.0025,      0.0156,      0.1993,   7511.4390,-420439.1250,   -923.8495,    540.1036,  25038.1309,
       1,     166,     171,       1,       1,       3,       1,     10.0000,      1.3818,     42.3175,    243.6379,     61.3145,      3.4953,      0.0000,     -0.0319,      2.7380,      0.1639,      5.4732,     10.9465,      1.4483,     28.0058,     56.0116,      0.0188,      0.0022,      0.0156,      0.1993,   7511.4395,-420236.8125,   -924.1566,    540.1301,  25039.2617,
       1,     166,     171,       2,       1,       3,       1,     10.0000,      1.3818,     42.3175,    243.6379,     61.3145,      3.4953,      0.0000,     -0.0318,      2.2955,      0.1632,      5.4732,     10.9465,      1.4425,     28.0058,     56.0116,      0.0188,      0.0018,      0.0156,      0.1993,   7511.7788,-419506.4688,   -923.8130,    540.1794,  25039.2617,
       1,     166,     171,       3,       1,       3,       1,     10.0000,      1.3818,     42.3175,    243.6379,     61.3145,      3.4953,      0.0000,     -0.0318,      2.0659,      0.1608,      5.4732,     10.9465,      1.4210,     28.0058,     56.0116,      0.0188,      0.0017,      0.0156,      0.1993,   7511.7788,-418879.8750,   -923.7432,    540.2217,  25039.2617,
       1,     166,     171,       4,       1,       3,       1,     10.0000,      1.3818,     42.3175,    243.6379,     61.3145,      3.4953,      0.0000,     -0.0316,      1.7925,      0.1559,      5.4732,     10.9465,      1.3776,     28.0058,     56.0116,      0.0188,      0.0014,      0.0156,      0.1993,   7511.7788,-418533.5625,   -923.7188,    540.2451,  25039.2637,
       1,     166,     171,       5,       1,       3,       1,     10.0000,      1.3818,     42.3175,    243.6379,     61.3145,      3.4953,      0.0000,     -0.0315,      1.6231,      0.1542,      5.4732,     10.9465,      1.3625,     28.0058,     56.0116,      0.0188,      0.0013,      0.0156,      0.1993,   7511.7793,-418155.3438,   -923.6809,    540.2706,  25039.2637,
       1,     166,     171,       6,       1,       3,       1,     10.0000,      1.3818,     42.3175,    243.6379,     61.3145,      3.4953,      0.0000,     -0.0314,      1.2069,      0.1514,      5.4732,     10.9465,      1.3381,     28.0058,     56.0116,      0.0188,      0.0010,      0.0156,      0.1993,   7511.7793,-417907.0312,   -923.6633,    540.2874,  25039.2617,
       1,     166,     171,       7,       1,       3,       1,     10.0000,      1.3818,     42.3175,    243.6379,     61.3145,      3.4953,      0.0000,     -0.0315,      1.4113,      0.1542,      5.4732,     10.9465,      1.3625,     28.0058,     56.0116,      0.0188,      0.0011,      0.0156,      0.1993,   7511.7788,-417355.8125,   -923.5799,    540.3246,  25039.2617,
       1,     166,     171,       8,       1,       3,       1,     10.0000,      1.3818,     42.3175,    243.6379,     61.3145,      3.4953,      0.0063,     -0.0253,      1.3672,      0.1573,      5.4732,     10.9465,      1.3901,     28.0058,     56.0116,      0.0188,      0.0011,      0.0156,      0.1993,   7511.7788,-417568.7188,   -923.6428,    540.3103,  25039.2617,
       1,     166,     171,       9,       1,       3,       1,     10.0000,      1.3818,     42.3175,    243.6379,     61.3145,      3.4953,      0.0216,     -0.0103,      0.7749,      0.1649,      5.4732,     10.9465,      1.4570,     28.0058,     56.0116,      0.0188,      0.0009,      0.0105,      0.1993,   7511.7788,-417530.8750,   -923.6589,    540.3128,  25039.2637,
       1,     166,     171,      10,       1,       3,       1,     10.0000,      1.3818,     42.3175,    243.6379,     61.3145,      3.4953,      0.0477,      0.0150,      3.2204,      0.1895,      5.4732,     10.9465,      1.6747,     28.0058,     56.0116,      0.0188,      0.0008,      0.0482,      0.1993,   7511.7793,-416773.0000,   -923.5364,    540.3640,  25039.2637,
       1,     166,     171,      11,       1,       3,       1,     10.0000,      1.3818,     42.3175,    243.6379,     61.3145,      3.4953,      0.1157,      0.0825,      7.8220,      0.2067,      5.4732,     10.9465,      1.8267,     28.0058,     56.0116,      0.0188,      0.0007,      0.1487,      0.1993,   7511.7793,-419822.5938,   -924.1416,    540.1580,  25039.2617,
       1,     166,     171,      12,       1,       3,       1,     10.0000,      1.3818,     42.3175,    243.6379,     61.3145,      3.4953,      0.1242,      0.0909,     10.4445,      0.2104,      5.4732,     10.9465,      1.8593,     28.0058,     56.0116,      0.0188,      0.0008,      0.1611,      0.1993,   7511.7788,-425946.6562,   -925.3695,    539.7446,  25039.2598,
       1,     166,     171,      13,       1,       3,       1,     10.0000,      1.3818,     42.3175,    243.6379,     61.3145,      3.4953,      0.1393,      0.1059,     15.7572,      0.2161,      5.4732,     10.9465,      1.9093,     28.0058,     56.0116,      0.0188,      0.0011,      0.1830,      0.1993,   7511.7783,-429814.8438,   -925.7789,    539.4837,  25039.2637,
       1,     166,     171,      14,       1,       3,       1,     10.0000,      1.3818,     42.3175,    243.6379,     61.3145,      3.4953,      0.1657,      0.1324,     25.9871,      0.2108,      5.4732,     10.9465,      1.8630,     28.0058,     56.0116,      0.0188,      0.0015,      0.2213,      0.1993,   7511.7793,-436915.0000,   -927.2679,    539.0050,  25039.2617,
       1,     166,     171,      15,       1,       3,       1,     10.0000,      1.3818,     42.3175,    243.6379,     61.3145,      3.4953,      0.1624,      0.1297,     43.9495,      0.1901,      5.4732,     10.9465,      1.6797,     28.0058,     56.0116,      0.0188,      0.0026,      0.2142,      0.1993,   7511.7788,-450559.6562,   -930.0789,    538.0859,  25039.2617,
       1,     166,     171,      16,       1,       3,       1,     10.0000,      1.3818,     42.3175,    243.6379,     61.3145,      3.4953,      0.1628,      0.1319,     43.8720,      0.1363,      5.4732,     10.9465,      1.2048,     28.0058,     56.0116,      0.0188,      0.0026,      0.2146,      0.1993,   7511.7788,-474624.0625,   -921.5551,    536.4681,  25039.1758,
       1,     166,     171,      17,       1,       3,       1,     10.0000,      1.3818,     42.3175,    243.6379,     61.3145,      3.4953,      0.1481,      0.1165,     50.2999,      0.1547,      5.4732,     10.9465,      1.3666,     28.0058,     56.0116,      0.0188,      0.0033,      0.1921,      0.1993,   7511.7529,-476607.2188,   -922.1035,    536.3375,  25039.2617,
       1,     166,     171,      18,       1,       3,       1,     10.0000,      1.3818,     42.3175,    243.6379,     61.3145,      3.4953,      0.1381,      0.1054,     59.2921,      0.1882,      5.4732,     10.9465,      1.6631,     28.0058,     56.0116,      0.0188,      0.0042,      0.1762,      0.1993,   7511.7788,-484958.3750,   -924.9187,    535.7776,  25039.2637,
       1,     166,     171,      19,       1,       3,       1,     10.0000,      1.3818,     42.3175,    243.6379,     61.3145,      3.4953,      0.0771,      0.0446,     31.0909,      0.1840,      5.4732,     10.9465,      1.6256,     28.0058,     56.0116,      0.0188,      0.0044,      0.0888,      0.1993,   7511.7793,-497140.1250,   -928.4600,    534.9622,  25039.2637,
       1,     166,     171,      20,       1,       3,       1,     10.0000,      1.3818,     42.3175,    243.6379,     61.3145,      3.4953,      0.0242,     -0.0079,      3.4900,      0.1696,      5.4732,     10.9465,      1.4983,     28.0058,     56.0116,      0.0188,      0.0032,      0.0138,      0.1992,   7511.7793,-462222.4062,   -923.1502,    537.2977,  25039.2617,
       1,     166,     171,      21,       1,       3,       1,     10.0000,      1.3818,     42.3175,    243.6379,     61.3145,      3.4953,      0.0001,     -0.0318,      0.7748,      0.1649,      5.4732,     10.9465,      1.4570,     28.0058,     56.0116,      0.0188,      0.0006,      0.0156,      0.1993,   7511.7788,-424065.8438,   -916.7731,    539.8655,  25039.2617,
       1,     166,     171,      22,       1,       3,       1,     10.0000,      1.3818,     42.3175,    243.6379,     61.3145,      3.4953,      0.0000,     -0.0318,      1.2908,      0.1626,      5.4732,     10.9465,      1.4368,     28.0058,     56.0116,      0.0188,      0.0010,      0.0156,      0.1993,   7511.7788,-417342.6562,   -915.6078,    540.3254,  25039.2598,
       1,     166,     171,      23,       1,       3,       1,     10.0000,      1.3818,     42.3175,    243.6379,     61.3145,      3.4953,      0.0000,     -0.0318,      2.1002,      0.1607,      5.4732,     10.9465,      1.4196,     28.0058,     56.0116,      0.0188,      0.0017,      0.0156,      0.1993,   7511.7783,-417414.5938,   -915.7242,    540.3207,  25039.2637,
       1,     166,     171,      24,       1,       3,       1,     10.0000,      1.3818,     42.3175,    243.6379,     61.3145,      3.4953,      0.0000,     -0.0318,      2.5815,      0.1610,      5.4732,     10.9465,      1.4225,     28.0058,     56.0116,      0.0188,      0.0021,      0.0156,      0.1993,   7511.7793,-418450.9688,   -916.0995,    540.2507,  25039.2617,
       1,     166,     172,       1,       1,       3,       1,     10.0000,      1.3818,     42.3179,    243.6437,     61.3160,      3.4953,      0.0000,     -0.0318,      2.0055,      0.1611,      5.4734,     10.9468,      1.4239,     27.9997,     55.9994,      0.0188,      0.0016,      0.0156,      0.1993,   7511.7788,-419310.1875,   -916.7621,    540.2056,  25040.3945,
       1,     166,     172,       2,       1,       3,       1,     10.0000,      1.3818,     42.3179,    243.6437,     61.3160,      3.4953,      0.0000,     -0.0317,      1.5852,      0.1597,      5.4734,     10.9468,      1.4112,     27.9997,     55.9994,      0.0188,      0.0013,      0.0156,      0.1993,   7512.1187,-418496.1562,   -916.5311,    540.2606,  25040.3926,
       1,     166,     172,       3,       1,       3,       1,     10.0000,      1.3818,     42.3179,    243.6437,     61.3160,      3.4953,      0.0000,     -0.0317,      1.3212,      0.1591,      5.4734,     10.9468,      1.4055,     27.9997,     55.9994,      0.0188,      0.0011,      0.0156,      0.1993,   7512.1182,-417891.0938,   -916.5516,    540.3015,  25040.3926,
       1,     166,     172,       4,       1,       3,       1,     10.0000,      1.3818,     42.3179,    243.6437,     61.3160,      3.4953,      0.0000,     -0.0316,      1.0634,      0.1573,      5.4734,     10.9468,      1.3901,     27.9997,     55.9994,      0.0188,      0.0009,      0.0156,      0.1993,   7512.1182,-417502.8125,   -916.5813,    540.3277,  25040.3945,
       1,     166,     172,       5,       1,       3,       1,     10.0000,      1.3818,     42.3179,    243.6437,     61.3160,      3.4953,      0.0000,     -0.0316,      1.0173,      0.1573,      5.4734,     10.9468,      1.3901,     27.9997,     55.9994,      0.0188,      0.0008,      0.0156,      0.1993,   7512.1187,-417140.9062,   -916.5865,    540.3521,  25040.3926,
       1,     166,     172,       6,       1,       3,       1,     10.0000,      1.3818,     42.3179,    243.6437,     61.3160,      3.4953,      0.0000,     -0.0316,      0.9604,      0.1573,      5.4734,     10.9468,      1.3901,     27.9997,     55.9994,      0.0188,      0.0008,      0.0156,      0.1993,   7512.1182,-417051.2500,   -916.6368,    540.3582,  25040.3926,
       1,     166,     172,       7,       1,       3,       1,     10.0000,      1.3818,     42.3179,    243.6437,     61.3160,      3.4953,      0.0000,     -0.0315,      0.9127,      0.1542,      5.4734,     10.9468,      1.3625,     27.9997,     55.9994,      0.0188,      0.0007,      0.0156,      0.1993,   7512.1182,-416970.9062,   -916.6805,    540.3636,  25040.3926,
       1,     166,     172,       8,       1,       3,       1,     10.0000,      1.3818,     42.3179,    243.6437,     61.3160,      3.4953,      0.0090,     -0.0225,      0.8822,      0.1517,      5.4734,     10.9468,      1.3408,     27.9997,     55.9994,      0.0188,      0.0007,      0.0156,      0.1993,   7512.1182,-416903.3750,   -916.7241,    540.3682,  25040.3945,
       1,     166,     172,       9,       1,       3,       1,     10.0000,      1.3818,     42.3179,    243.6437,     61.3160,      3.4953,      0.0765,      0.0453,      5.0740,      0.1453,      5.4734,     10.9468,      1.2840,     27.9997,     55.9994,      0.0188,      0.0007,      0.0919,      0.1993,   7512.1187,-416858.3750,   -916.7831,    540.3712,  25040.3945,
       1,     166,     172,      10,       1,       3,       1,     10.0000,      1.3818,     42.3179,    243.6437,     61.3160,      3.4953,      0.1227,      0.0913,      9.5686,      0.1499,      5.4734,     10.9468,      1.3247,     27.9997,     55.9994,      0.0188,      0.0008,      0.1594,      0.1993,   7512.1187,-422193.1562,   -917.9407,    540.0109,  25040.3926,
       1,     166,     172,      11,       1,       3,       1,     10.0000,      1.3818,     42.3179,    243.6437,     61.3160,      3.4953,      0.1664,      0.1347,     11.3814,      0.1570,      5.4734,     10.9468,      1.3873,     27.9997,     55.9994,      0.0188,      0.0006,      0.2237,      0.1993,   7512.1182,-428377.0625,   -919.4286,    539.5936,  25040.3926,
       1,     166,     172,      12,       1,       3,       1,     10.0000,      1.3818,     42.3179,    243.6437,     61.3160,      3.4953,      0.1842,      0.1519,     13.9455,      0.1780,      5.4734,     10.9468,      1.5733,     27.9997,     55.9994,      0.0188,      0.0007,      0.2500,      0.1993,   7512.1182,-431218.1875,   -920.5297,    539.4021,  25040.3926,
       1,     166,     172,      13,       1,       3,       1,     10.0000,      1.3818,     42.3179,    243.6437,     61.3160,      3.4953,      0.1797,      0.1474,     17.6752,      0.1752,      5.4734,     10.9468,      1.5484,     27.9997,     55.9994,      0.0188,      0.0009,      0.2428,      0.1993,   7512.1182,-434728.5000,   -922.1324,    539.1654,  25040.3906,
       1,     166,     172,      14,       1,       3,       1,     10.0000,      1.3818,     42.3179,    243.6437,     61.3160,      3.4953,      0.1863,      0.1540,     40.4642,      0.1766,      5.4734,     10.9468,      1.5608,     27.9997,     55.9994,      0.0188,      0.0020,      0.2500,      0.1993,   7512.1177,-439781.7500,   -923.7986,    538.8249,  25040.3926,
       1,     166,     172,      15,       1,       3,       1,     10.0000,      1.3818,     42.3179,    243.6437,     61.3160,      3.4953,      0.1626,      0.1302,     39.6735,      0.1818,      5.4734,     10.9468,      1.6064,     27.9997,     55.9994,      0.0188,      0.0023,      0.2149,      0.1993,   7512.1182,-469248.8125,   -930.3754,    536.8404,  25040.3926,
       1,     166,     172,      16,       1,       3,       1,     10.0000,      1.3818,     42.3179,    243.6437,     61.3160,      3.4953,      0.1542,      0.1217,     59.1787,      0.1849,      5.4734,     10.9468,      1.6338,     27.9997,     55.9994,      0.0188,      0.0037,      0.2001,      0.1993,   7512.1182,-470781.5938,   -931.2859,    536.7411,  25040.3926,
       1,     166,     172,      17,       1,       3,       1,     10.0000,      1.3818,     42.3179,    243.6437,     61.3160,      3.4953,      0.1179,      0.0852,     64.5728,      0.1916,      5.4734,     10.9468,      1.6931,     27.9997,     55.9994,      0.0188,      0.0056,      0.1455,      0.1993,   7512.1182,-495769.2188,   -936.6421,    535.0646,  25040.3926,
       1,     166,     172,      18,       1,       3,       1,     10.0000,      1.3818,     42.3179,    243.6437,     61.3160,      3.4953,      0.0760,      0.0433,     35.9533,      0.1901,      5.4734,     10.9468,      1.6797,     27.9997,     55.9994,      0.0188,      0.0052,      0.0865,      0.1993,   7512.1182,-504797.6250,   -939.0733,    534.4635,  25040.3906,
       1,     166,     172,      19,       1,       3,       1,     10.0000,      1.3818,     42.3179,    243.6437,     61.3160,      3.4953,      0.0401,      0.0074,     13.4955,      0.1886,      5.4734,     10.9468,      1.6665,     27.9997,     55.9994,      0.0188,      0.0047,      0.0356,      0.1993,   7512.1177,-469072.0625,   -932.9538,    536.8505,  25040.3926,
       1,     166,     172,      20,       1,       3,       1,     10.0000,      1.3818,     42.3179,    243.6437,     61.3160,      3.4953,      0.0090,     -0.0230,      4.8377,      0.1704,      5.4734,     10.9468,      1.5059,     27.9997,     55.9994,      0.0188,      0.0039,      0.0156,      0.1993,   7512.1182,-437403.8125,   -927.3653,    538.9810,  25040.3906,
       1,     166,     172,      21,       1,       3,       1,     10.0000,      1.3818,     42.3179,    243.6437,     61.3160,      3.4953,      0.0000,     -0.0318,      3.8254,      0.1620,      5.4734,     10.9468,      1.4311,     27.9997,     55.9994,      0.0188,      0.0031,      0.0156,      0.1993,   7512.1177,-423662.9062,   -924.9764,    539.9110,  25040.3906,
       1,     166,     172,      22,       1,       3,       1,     10.0000,      1.3818,     42.3179,    243.6437,     61.3160,      3.4953,      0.0000,     -0.0317,      3.8182,      0.1581,      5.4734,     10.9468,      1.3971,     27.9997,     55.9994,      0.0188,      0.0031,      0.0156,      0.1993,   7512.1177,-421189.6562,   -924.6268,    540.0788,  25040.3926,
       1,     166,     172,      23,       1,       3,       1,     10.0000,      1.3818,     42.3179,    243.6437,     61.3160,      3.4953,      0.0000,     -0.0317,      3.7611,      0.1595,      5.4734,     10.9468,      1.4097,     27.9997,     55.9994,      0.0188,      0.0030,      0.0156,      0.1993,   7512.1182,-420966.5625,   -924.6898,    540.0938,  25040.3926,
       1,     166,     172,      24,       1,       3,       1,     10.0000,      1.3818,     42.3179,    243.6437,     61.3160,      3.4953,      0.0000,     -0.0317,      3.8812,      0.1597,      5.4734,     10.9468,      1.4112,     27.9997,     55.9994,      0.0188,      0.0031,      0.0156,      0.1993,   7512.1182,-420874.7500,   -924.7682,    540.1000,  25040.3926,
       1,     166,     173,       1,       1,       3,       1,     10.0000,      1.3818,     42.3182,    243.6495,     61.3175,      3.4953,      0.0000,     -0.0317,      2.7919,      0.1587,      5.4731,     10.9461,      1.4027,     27.9974,     55.9948,      0.0188,      0.0022,      0.0156,      0.1994,   7512.1182,-421176.0938,   -925.1983,    540.0926,  25041.5234,
       1,     166,     173,       2,       1,       3,       1,     10.0000,      1.3818,     42.3182,    243.6495,     61.3175,      3.4953,      0.0000,     -0.0317,      1.8935,      0.1576,      5.4731,     10.9461,      1.3929,     27.9974,     55.9948,      0.0188,      0.0015,      0.0156,      0.1994,   7512.4575,-419660.8125,   -924.7137,    540.1949,  25041.5215,
       1,     166,     173,       3,       1,       3,       1,     10.0000,      1.3818,     42.3182,    243.6495,     61.3175,      3.4953,      0.0000,     -0.0316,      1.5055,      0.1565,      5.4731,     10.9461,      1.3832,     27.9974,     55.9948,      0.0188,      0.0012,      0.0156,      0.1994,   7512.4565,-418386.5938,   -924.5175,    540.2809,  25041.5234,
       1,     166,     173,       4,       1,       3,       1,     10.0000,      1.3818,     42.3182,    243.6495,     61.3175,      3.4953,      0.0000,     -0.0316,      1.4650,      0.1565,      5.4731,     10.9461,      1.3832,     27.9974,     55.9948,      0.0188,      0.0012,      0.0156,      0.1994,   7512.4575,-417782.9375,   -924.4357,    540.3217,  25041.5234,
       1,     166,     173,       5,       1,       3,       1,     10.0000,      1.3818,     42.3182,    243.6495,     61.3175,      3.4953,      0.0000,     -0.0316,      1.4369,      0.1556,      5.4731,     10.9461,      1.3749,     27.9974,     55.9948,      0.0188,      0.0012,      0.0156,      0.1994,   7512.4575,-417679.2500,   -924.4465,    540.3287,  25041.5234,
       1,     166,     173,       6,       1,       3,       1,     10.0000,      1.3818,     42.3182,    243.6495,     61.3175,      3.4953,      0.0000,     -0.0316,      1.2395,      0.1564,      5.4731,     10.9461,      1.3818,     27.9974,     55.9948,      0.0188,      0.0010,      0.0156,      0.1994,   7512.4575,-417634.7188,   -924.4688,    540.3317,  25041.5234,
       1,     166,     173,       7,       1,       3,       1,     10.0000,      1.3818,     42.3182,    243.6495,     61.3175,      3.4953,      0.0000,     -0.0316,      1.1486,      0.1547,      5.4731,     10.9461,      1.3666,     27.9974,     55.9948,      0.0188,      0.0009,      0.0156,      0.1994,   7512.4575,-417379.4688,   -924.4465,    540.3489,  25041.5254,
       1,     166,     173,       8,       1,       3,       1,     10.0000,      1.3818,     42.3182,    243.6495,     61.3175,      3.4953,      0.0171,     -0.0144,      0.2581,      0.1517,      5.4731,     10.9461,      1.3408,     27.9974,     55.9948,      0.0188,      0.0007,      0.0044,      0.1994,   7512.4580,-417241.5312,   -924.4432,    540.3583,  25041.5234,
       1,     166,     173,       9,       1,       3,       1,     10.0000,      1.3818,     42.3182,    243.6495,     61.3175,      3.4953,      0.1139,      0.0822,      6.4395,      0.1597,      5.4731,     10.9461,      1.4112,     27.9974,     55.9948,      0.0188,      0.0005,      0.1467,      0.1994,   7512.4575,-416095.9062,   -924.2480,    540.4357,  25041.5254,
       1,     166,     173,      10,       1,       3,       1,     10.0000,      1.3818,     42.3182,    243.6495,     61.3175,      3.4953,      0.1430,      0.1108,      6.8503,      0.1735,      5.4731,     10.9461,      1.5331,     27.9974,     55.9948,      0.0188,      0.0005,      0.1897,      0.1994,   7512.4580,-423868.5312,   -925.7881,    539.9106,  25041.5234,
       1,     166,     173,      11,       1,       3,       1,     10.0000,      1.3818,     42.3182,    243.6495,     61.3175,      3.4953,      0.1561,      0.1235,     10.8395,      0.1880,      5.4731,     10.9461,      1.6616,     27.9974,     55.9948,      0.0188,      0.0007,      0.2086,      0.1994,   7512.4575,-425061.0312,   -926.1259,    539.8304,  25041.5234,
       1,     166,     173,      12,       1,       3,       1,     10.0000,      1.3818,     42.3182,    243.6495,     61.3175,      3.4953,      0.1611,      0.1277,     12.2518,      0.2142,      5.4731,     10.9461,      1.8926,     27.9974,     55.9948,      0.0188,      0.0007,      0.2161,      0.1994,   7512.4575,-430243.6562,   -927.2432,    539.4806,  25041.5234,
       1,     166,     173,      13,       1,       3,       1,     10.0000,      1.3818,     42.3182,    243.6495,     61.3175,      3.4953,      0.1566,      0.1230,      9.1975,      0.2206,      5.4731,     10.9461,      1.9491,     27.9974,     55.9948,      0.0188,      0.0005,      0.2096,      0.1994,   7512.4575,-432488.5000,   -927.3240,    539.3295,  25041.5234,
       1,     166,     173,      14,       1,       3,       1,     10.0000,      1.3818,     42.3182,    243.6495,     61.3175,      3.4953,      0.0432,      0.0094,      2.7670,      0.2256,      5.4731,     10.9461,      1.9935,     27.9974,     55.9948,      0.0188,      0.0009,      0.0404,      0.1994,   7512.4575,-428790.8125,   -926.8101,    539.5786,  25041.5234,
       1,     166,     173,      15,       1,       3,       1,     10.0000,      1.3818,     42.3182,    243.6495,     61.3175,      3.4953,      0.0916,      0.0581,     15.2895,      0.2186,      5.4731,     10.9461,      1.9320,     27.9974,     55.9948,      0.0188,      0.0017,      0.1117,      0.1994,   7512.4575,-420283.4688,   -925.2587,    540.1525,  25041.5234,
       1,     166,     173,      16,       1,       3,       1,     10.0000,      1.3818,     42.3182,    243.6495,     61.3175,      3.4953,      0.1290,      0.0959,     37.0754,      0.2059,      5.4731,     10.9461,      1.8196,     27.9974,     55.9948,      0.0188,      0.0028,      0.1651,      0.1994,   7512.4575,-435499.7500,   -928.2584,    539.1254,  25041.5234,
       1,     166,     173,      17,       1,       3,       1,     10.0000,      1.3818,     42.3182,    243.6495,     61.3175,      3.4953,      0.1175,      0.0846,     50.1297,      0.1980,      5.4731,     10.9461,      1.7492,     27.9974,     55.9948,      0.0188,      0.0043,      0.1465,      0.1994,   7512.4575,-464560.1875,   -934.0213,    537.1681,  25041.5215,
       1,     166,     173,      18,       1,       3,       1,     10.0000,      1.3818,     42.3182,    243.6495,     61.3175,      3.4953,      0.0656,      0.0328,     27.0408,      0.1935,      5.4731,     10.9461,      1.7099,     27.9974,     55.9948,      0.0188,      0.0047,      0.0719,      0.1993,   7512.4565,-483699.9688,   -938.0138,    535.8864,  25041.5215,
       1,     166,     173,      19,       1,       3,       1,     10.0000,      1.3818,     42.3182,    243.6495,     61.3175,      3.4953,      0.0220,     -0.0106,      3.8961,      0.1843,      5.4731,     10.9461,      1.6289,     27.9974,     55.9948,      0.0188,      0.0049,      0.0099,      0.1993,   7512.4565,-455910.9062,   -933.0331,    537.7495,  25041.5215,
       1,     166,     173,      20,       1,       3,       1,     10.0000,      1.3818,     42.3182,    243.6495,     61.3175,      3.4953,      0.0096,     -0.0225,      5.4445,      0.1725,      5.4731,     10.9461,      1.5240,     27.9974,     55.9948,      0.0188,      0.0044,      0.0156,      0.1993,   7512.4565,-424046.8438,   -927.1192,    539.8945,  25041.5215,
       1,     166,     173,      21,       1,       3,       1,     10.0000,      1.3818,     42.3182,    243.6495,     61.3175,      3.4953,      0.0000,     -0.0319,      4.3778,      0.1664,      5.4731,     10.9461,      1.4702,     27.9974,     55.9948,      0.0188,      0.0035,      0.0156,      0.1994,   7512.4565,-423291.4375,   -927.0530,    539.9498,  25041.5234,
       1,     166,     173,      22,       1,       3,       1,     10.0000,      1.3818,     42.3182,    243.6495,     61.3175,      3.4953,      0.0000,     -0.0318,      3.9747,      0.1618,      5.4731,     10.9461,      1.4297,     27.9974,     55.9948,      0.0188,      0.0032,      0.0156,      0.1994,   7512.4575,-421862.3125,   -926.8395,    540.0463,  25041.5195,
       1,     166,     173,      23,       1,       3,       1,     10.0000,      1.3818,     42.3182,    243.6495,     61.3175,      3.4953,      0.0000,     -0.0317,      3.6286,      0.1578,      5.4731,     10.9461,      1.3943,     27.9974,     55.9948,      0.0188,      0.0029,      0.0156,      0.1994,   7512.4561,-421226.6250,   -926.7673,    540.0892,  25041.5234,
       1,     166,     173,      24,       1,       3,       1,     10.0000,      1.3818,     42.3182,    243.6495,     61.3175,      3.4953,      0.0000,     -0.0317,      3.0830,      0.1576,      5.4731,     10.9461,      1.3929,     27.9974,     55.9948,      0.0188,      0.0025,      0.0156,      0.1994,   7512.4575,-420730.7188,   -926.7075,    540.1227,  25041.5215,
       1,     166,     174,       1,       1,       3,       1,     10.0000,      1.3818,     42.3185,    243.6552,     61.3190,      3.4953,      0.0000,     -0.0317,      2.4869,      0.1603,      5.4739,     10.9477,      1.4169,     27.9886,     55.9772,      0.0188,      0.0020,      0.0156,      0.1994,   7512.4565,-420149.9375,   -926.9033,    540.1747,  25042.6523,
       1,     166,     174,       2,       1,       3,       1,     10.0000,      1.3818,     42.3185,    243.6552,     61.3190,      3.4953,      0.0000,     -0.0317,      1.7845,      0.1583,      5.4739,     10.9477,      1.3986,     27.9886,     55.9772,      0.0188,      0.0014,      0.0156,      0.1994,   7512.7959,-419187.0625,   -926.4745,    540.2397,  25042.6523,
       1,     166,     174,       3,       1,       3,       1,     10.0000,      1.3818,     42.3185,    243.6552,     61.3190,      3.4953,      0.0000,     -0.0316,      1.3153,      0.1564,      5.4739,     10.9477,      1.3818,     27.9886,     55.9772,      0.0188,      0.0011,      0.0156,      0.1994,   7512.7959,-418209.9688,   -926.3057,    540.3058,  25042.6523,
       1,     166,     174,       4,       1,       3,       1,     10.0000,      1.3818,     42.3185,    243.6552,     61.3190,      3.4953,      0.0000,     -0.0316,      0.8620,      0.1572,      5.4739,     10.9477,      1.3888,     27.9886,     55.9772,      0.0188,      0.0007,      0.0156,      0.1994,   7512.7959,-417528.3750,   -926.1870,    540.3518,  25042.6543,
       1,     166,     174,       5,       1,       3,       1,     10.0000,      1.3818,     42.3185,    243.6552,     61.3190,      3.4953,      0.0000,     -0.0317,      0.7067,      0.1576,      5.4739,     10.9477,      1.3930,     27.9886,     55.9772,      0.0188,      0.0006,      0.0156,      0.1994,   7512.7964,-416892.5000,   -926.0731,    540.3947,  25042.6504,
       1,     166,     174,       6,       1,       3,       1,     10.0000,      1.3818,     42.3185,    243.6552,     61.3190,      3.4953,      0.0000,     -0.0314,      0.7971,      0.1511,      5.4739,     10.9477,      1.3355,     27.9886,     55.9772,      0.0188,      0.0006,      0.0156,      0.1994,   7512.7954,-416640.4688,   -926.0307,    540.4118,  25042.6543,
       1,     166,     174,       7,       1,       3,       1,     10.0000,      1.3818,     42.3185,    243.6552,     61.3190,      3.4953,      0.0000,     -0.0310,      0.5614,      0.1404,      5.4739,     10.9477,      1.2408,     27.9886,     55.9772,      0.0188,      0.0005,      0.0156,      0.1994,   7512.7964,-416733.5000,   -926.0536,    540.4055,  25042.6523,
       1,     166,     174,       8,       1,       3,       1,     10.0000,      1.3818,     42.3185,    243.6552,     61.3190,      3.4953,      0.0165,     -0.0145,      0.1098,      0.1393,      5.4739,     10.9477,      1.2308,     27.9886,     55.9772,      0.0188,      0.0003,      0.0042,      0.1994,   7512.7959,-416441.5000,   -926.0018,    540.4252,  25042.6523,
       1,     166,     174,       9,       1,       3,       1,     10.0000,      1.3818,     42.3185,    243.6552,     61.3190,      3.4953,      0.1207,      0.0894,      4.0595,      0.1469,      5.4739,     10.9477,      1.2984,     27.9886,     55.9772,      0.0188,      0.0003,      0.1571,      0.1994,   7512.7959,-415841.4375,   -925.8912,    540.4658,  25042.6523,
       1,     166,     174,      10,       1,       3,       1,     10.0000,      1.3818,     42.3185,    243.6552,     61.3190,      3.4953,      0.1738,      0.1418,      9.1599,      0.1697,      5.4739,     10.9477,      1.4999,     27.9886,     55.9772,      0.0188,      0.0005,      0.2351,      0.1994,   7512.7959,-420818.6875,   -926.8733,    540.1295,  25042.6523,
       1,     166,     174,      11,       1,       3,       1,     10.0000,      1.3818,     42.3185,    243.6552,     61.3190,      3.4953,      0.1857,      0.1532,     33.2272,      0.1829,      5.4739,     10.9477,      1.6161,     27.9886,     55.9772,      0.0188,      0.0017,      0.2500,      0.1994,   7512.7959,-427741.5312,   -928.2582,    539.6622,  25042.6523,
       1,     166,     174,      12,       1,       3,       1,     10.0000,      1.3818,     42.3185,    243.6552,     61.3190,      3.4953,      0.1851,      0.1522,     26.8102,      0.1966,      5.4739,     10.9477,      1.7372,     27.9886,     55.9772,      0.0188,      0.0013,      0.2500,      0.1994,   7512.7959,-458985.7500,   -934.3699,    537.5547,  25042.6543,
       1,     166,     174,      13,       1,       3,       1,     10.0000,      1.3818,     42.3185,    243.6552,     61.3190,      3.4953,      0.1776,      0.1446,     19.4591,      0.1987,      5.4739,     10.9477,      1.7562,     27.9886,     55.9772,      0.0188,      0.0010,      0.2397,      0.1994,   7512.7964,-453505.7812,   -933.4355,    537.9271,  25042.6523,
       1,     166,     174,      14,       1,       3,       1,     10.0000,      1.3818,     42.3185,    243.6552,     61.3190,      3.4953,      0.1842,      0.1528,     11.9361,      0.1513,      5.4739,     10.9477,      1.3368,     27.9886,     55.9772,      0.0188,      0.0006,      0.2500,      0.1994,   7512.7959,-443665.9688,   -931.6067,    538.5889,  25042.6504,
       1,     166,     174,      15,       1,       3,       1,     10.0000,      1.3818,     42.3185,    243.6552,     61.3190,      3.4953,      0.1817,      0.1514,     31.5236,      0.1207,      5.4739,     10.9477,      1.0666,     27.9886,     55.9772,      0.0188,      0.0016,      0.2437,      0.1994,   7512.7954,-433240.2188,   -914.2604,    539.2911,  25042.6543,
       1,     166,     174,      16,       1,       3,       1,     10.0000,      1.3818,     42.3185,    243.6552,     61.3190,      3.4953,      0.1662,      0.1358,     37.6950,      0.1253,      5.4739,     10.9477,      1.1076,     27.9886,     55.9772,      0.0188,      0.0021,      0.2202,      0.1994,   7512.7964,-457291.0625,   -918.6127,    537.6703,  25042.6543,
       1,     166,     174,      17,       1,       3,       1,     10.0000,      1.3818,     42.3185,    243.6552,     61.3190,      3.4953,      0.1834,      0.1527,     55.1809,      0.1324,      5.4739,     10.9477,      1.1701,     27.9886,     55.9772,      0.0188,      0.0028,      0.2435,      0.1994,   7512.7964,-467225.5312,   -921.5546,    537.0050,  25042.6543,
       1,     166,     174,      18,       1,       3,       1,     10.0000,      1.3818,     42.3185,    243.6552,     61.3190,      3.4953,      0.1749,      0.1438,     54.6562,      0.1408,      5.4739,     10.9477,      1.2445,     27.9886,     55.9772,      0.0188,      0.0030,      0.2311,      0.1994,   7512.7964,-490356.6250,   -927.3911,    535.4528,  25042.6523,
       1,     166,     174,      19,       1,       3,       1,     10.0000,      1.3818,     42.3185,    243.6552,     61.3190,      3.4953,      0.1180,      0.0870,     22.1520,      0.1416,      5.4739,     10.9477,      1.2508,     27.9886,     55.9772,      0.0188,      0.0018,      0.1511,      0.1993,   7512.7959,-491677.4062,   -929.1478,    535.3666,  25042.6543,
       1,     166,     174,      20,       1,       3,       1,     10.0000,      1.3818,     42.3185,    243.6552,     61.3190,      3.4953,      0.0268,     -0.0041,      0.9717,      0.1368,      5.4739,     10.9477,      1.2086,     27.9886,     55.9772,      0.0188,      0.0006,      0.0193,      0.1993,   7512.7964,-450355.2500,   -922.2903,    538.1319,  25042.6543,
       1,     166,     174,      21,       1,       3,       1,     10.0000,      1.3818,     42.3185,    243.6552,     61.3190,      3.4953,      0.0001,     -0.0307,      0.8682,      0.1344,      5.4739,     10.9477,      1.1880,     27.9886,     55.9772,      0.0188,      0.0007,      0.0156,      0.1994,   7512.7964,-419854.1562,   -916.8912,    540.1908,  25042.6543,
       1,     166,     174,      22,       1,       3,       1,     10.0000,      1.3818,     42.3185,    243.6552,     61.3190,      3.4953,      0.0000,     -0.0310,      0.6285,      0.1394,      5.4739,     10.9477,      1.2320,     27.9886,     55.9772,      0.0188,      0.0005,      0.0156,      0.1994,   7512.7964,-417105.3125,   -916.4465,    540.3803,  25042.6543,
       1,     166,     174,      23,       1,       3,       1,     10.0000,      1.3818,     42.3185,    243.6552,     61.3190,      3.4953,      0.0000,     -0.0309,      1.1916,      0.1366,      5.4739,     10.9477,      1.2074,     27.9886,     55.9772,      0.0188,      0.0010,      0.0156,      0.1994,   7512.7964,-416558.8438,   -916.3766,    540.4173,  25042.6543,
       1,     166,     174,      24,       1,       3,       1,     10.0000,      1.3818,     42.3185,    243.6552,     61.3190,      3.4953,      0.0000,     -0.0308,      1.8583,      0.1332,      5.4739,     10.9477,      1.1772,     27.9886,     55.9772,      0.0188,      0.0015,      0.0156,      0.1994,   7512.7964,-417228.6875,   -916.5765,    540.3720,  25042.6543,
       1,     166,     175,       1,       1,       3,       1,     10.0000,      1.3819,     42.3189,    243.6610,     61.3203,      3.4953,      0.0000,     -0.0309,      2.0870,      0.1358,      5.4719,     10.9438,      1.2001,     27.9967,     55.9934,      0.0188,      0.0017,      0.0156,      0.1994,   7512.7964,-418291.7500,   -917.1568,    540.3130,  25043.7871,
       1,     166,     175,       2,       1,       3,       1,     10.0000,      1.3819,     42.3189,    243.6610,     61.3203,      3.4953,      0.0000,     -0.0309,      1.9252,      0.1358,      5.4719,     10.9438,      1.2001,     27.9967,     55.9934,      0.0188,      0.0015,      0.0156,      0.1994,   7513.1362,-418520.1562,   -917.0826,    540.2975,  25043.7852,
       1,     166,     175,       3,       1,       3,       1,     10.0000,      1.3819,     42.3189,    243.6610,     61.3203,      3.4953,      0.0000,     -0.0309,      2.4012,      0.1361,      5.4719,     10.9438,      1.2025,     27.9967,     55.9934,      0.0188,      0.0019,      0.0156,      0.1994,   7513.1357,-418334.3125,   -917.1635,    540.3101,  25043.7852,
       1,     166,     175,       4,       1,       3,       1,     10.0000,      1.3819,     42.3189,    243.6610,     61.3203,      3.4953,      0.0000,     -0.0309,      1.3310,      0.1362,      5.4719,     10.9438,      1.2037,     27.9967,     55.9934,      0.0188,      0.0011,      0.0156,      0.1994,   7513.1357,-418924.2500,   -917.4451,    540.2703,  25043.7871,
       1,     166,     175,       5,       1,       3,       1,     10.0000,      1.3819,     42.3189,    243.6610,     61.3203,      3.4953,      0.0000,     -0.0309,      1.3276,      0.1361,      5.4719,     10.9438,      1.2025,     27.9967,     55.9934,      0.0188,      0.0011,      0.0156,      0.1994,   7513.1362,-417612.0312,   -917.2900,    540.3589,  25043.7852,
       1,     166,     175,       6,       1,       3,       1,     10.0000,      1.3819,     42.3189,    243.6610,     61.3203,      3.4953,      0.0000,     -0.0309,      1.4532,      0.1362,      5.4719,     10.9438,      1.2037,     27.9967,     55.9934,      0.0188,      0.0012,      0.0156,      0.1994,   7513.1357,-417495.2812,   -917.3417,    540.3668,  25043.7852,
       1,     166,     175,       7,       1,       3,       1,     10.0000,      1.3819,     42.3189,    243.6610,     61.3203,      3.4953,      0.0000,     -0.0309,      1.3348,      0.1375,      5.4719,     10.9438,      1.2147,     27.9967,     55.9934,      0.0188,      0.0011,      0.0156,      0.1994,   7513.1357,-417645.1562,   -917.4526,    540.3566,  25043.7832,
       1,     166,     175,       8,       1,       3,       1,     10.0000,      1.3819,     42.3189,    243.6610,     61.3203,      3.4953,      0.0034,     -0.0275,      1.0519,      0.1362,      5.4719,     10.9438,      1.2037,     27.9967,     55.9934,      0.0188,      0.0008,      0.0156,      0.1994,   7513.1353,-417507.5938,   -915.3107,    540.3660,  25043.7871,
       1,     166,     175,       9,       1,       3,       1,     10.0000,      1.3819,     42.3189,    243.6610,     61.3203,      3.4953,      0.0833,      0.0524,      5.7061,      0.1368,      5.4719,     10.9438,      1.2086,     27.9967,     55.9934,      0.0188,      0.0007,      0.1020,      0.1994,   7513.1362,-417134.9375,   -915.3302,    540.3912,  25043.7871,
       1,     166,     175,      10,       1,       3,       1,     10.0000,      1.3819,     42.3189,    243.6610,     61.3203,      3.4953,      0.1284,      0.0970,      9.1393,      0.1487,      5.4719,     10.9438,      1.3142,     27.9967,     55.9934,      0.0188,      0.0007,      0.1679,      0.1994,   7513.1362,-423028.1250,   -916.7090,    539.9930,  25043.7832,
       1,     166,     175,      11,       1,       3,       1,     10.0000,      1.3819,     42.3189,    243.6610,     61.3203,      3.4953,      0.1653,      0.1334,     12.3128,      0.1639,      5.4719,     10.9438,      1.4484,     27.9967,     55.9934,      0.0188,      0.0007,      0.2220,      0.1994,   7513.1353,-427907.0625,   -918.0314,    539.6639,  25043.7871,
       1,     166,     175,      12,       1,       3,       1,     10.0000,      1.3819,     42.3189,    243.6610,     61.3203,      3.4953,      0.1060,      0.0739,      6.7837,      0.1709,      5.4719,     10.9438,      1.5105,     27.9967,     55.9934,      0.0188,      0.0006,      0.1347,      0.1994,   7513.1362,-432366.8750,   -919.5626,    539.3631,  25043.7871,
       1,     166,     175,      13,       1,       3,       1,     10.0000,      1.3819,     42.3189,    243.6610,     61.3203,      3.4953,      0.1839,      0.1529,      6.0433,      0.1390,      5.4719,     10.9438,      1.2283,     27.9967,     55.9934,      0.0188,      0.0003,      0.2500,      0.1994,   7513.1362,-425709.5625,   -918.6946,    539.8121,  25043.7852,
       1,     166,     175,      14,       1,       3,       1,     10.0000,      1.3819,     42.3189,    243.6610,     61.3203,      3.4953,      0.1395,      0.1091,      6.1762,      0.1233,      5.4719,     10.9438,      1.0897,     27.9967,     55.9934,      0.0188,      0.0004,      0.1847,      0.1994,   7513.1357,-424195.6250,   -912.4917,    539.9144,  25043.7832,
       1,     166,     175,      15,       1,       3,       1,     10.0000,      1.3819,     42.3189,    243.6610,     61.3203,      3.4953,      0.0140,     -0.0167,      0.0731,      0.1313,      5.4719,     10.9438,      1.1606,     27.9967,     55.9934,      0.0188,      0.0011,      0.0008,      0.1994,   7513.1353,-424234.7188,   -912.0247,    539.9118,  25043.7871,
       1,     166,     175,      16,       1,       3,       1,     10.0000,      1.3819,     42.3189,    243.6610,     61.3203,      3.4953,      0.0072,     -0.0233,      2.0895,      0.1271,      5.4719,     10.9438,      1.1235,     27.9967,     55.9934,      0.0188,      0.0017,      0.0156,      0.1994,   7513.1362,-416466.7188,   -910.3234,    540.4360,  25043.7852,
       1,     166,     175,      17,       1,       3,       1,     10.0000,      1.3819,     42.3189,    243.6610,     61.3203,      3.4953,      0.0144,     -0.0162,      0.2829,      0.1283,      5.4719,     10.9438,      1.1338,     27.9967,     55.9934,      0.0188,      0.0023,      0.0015,      0.1994,   7513.1357,-418367.2188,   -910.7665,    540.3079,  25043.7852,
       1,     166,     175,      18,       1,       3,       1,     10.0000,      1.3819,     42.3189,    243.6610,     61.3203,      3.4953,      0.0295,     -0.0011,      1.2350,      0.1287,      5.4719,     10.9438,      1.1373,     27.9967,     55.9934,      0.0188,      0.0007,      0.0237,      0.1994,   7513.1357,-416230.1250,   -910.5010,    540.4523,  25043.7852,
       1,     166,     175,      19,       1,       3,       1,     10.0000,      1.3819,     42.3189,    243.6610,     61.3203,      3.4953,      0.0309,      0.0002,      0.5179,      0.1308,      5.4719,     10.9438,      1.1559,     27.9967,     55.9934,      0.0188,      0.0003,      0.0257,      0.1994,   7513.1357,-417258.5625,   -910.8446,    540.3828,  25043.7832,
       1,     166,     175,      20,       1,       3,       1,     10.0000,      1.3819,     42.3189,    243.6610,     61.3203,      3.4953,      0.0079,     -0.0228,      0.3116,      0.1299,      5.4719,     10.9438,      1.1477,     27.9967,     55.9934,      0.0188,      0.0002,      0.0156,      0.1994,   7513.1353,-416434.2188,   -910.2369,    540.4385,  25043.7852,
       1,     166,     175,      21,       1,       3,       1,     10.0000,      1.3819,     42.3189,    243.6610,     61.3203,      3.4953,      0.0000,     -0.0307,      0.3138,      0.1307,      5.4719,     10.9438,      1.1548,     27.9967,     55.9934,      0.0188,      0.0003,      0.0156,      0.1994,   7513.1357,-416100.5312,   -910.2002,    540.4611,  25043.7871,
       1,     166,     175,      22,       1,       3,       1,     10.0000,      1.3819,     42.3189,    243.6610,     61.3203,      3.4953,      0.0000,     -0.0307,      0.3160,      0.1315,      5.4719,     10.9438,      1.1618,     27.9967,     55.9934,      0.0188,      0.0003,      0.0156,      0.1994,   7513.1362,-416074.1250,   -910.1965,    540.4628,  25043.7852,
       1,     166,     175,      23,       1,       3,       1,     10.0000,      1.3819,     42.3189,    243.6610,     61.3203,      3.4953,      0.0000,     -0.0307,      0.3145,      0.1309,      5.4719,     10.9438,      1.1571,     27.9967,     55.9934,      0.0188,      0.0003,      0.0156,      0.1994,   7513.1357,-416075.1250,   -910.1988,    540.4627,  25043.7852,
       1,     166,     175,      24,       1,       3,       1,     10.0000,      1.3819,     42.3189,    243.6610,     61.3203,      3.4953,      0.0000,     -0.0308,      0.3234,      0.1342,      5.4719,     10.9438,      1.1856,     27.9967,     55.9934,      0.0188,      0.0003,      0.0156,      0.1994,   7513.1357,-416073.3438,   -910.2002,    540.4628,  25043.7832,
       1,     166,     176,       1,       1,       3,       1,     10.0000,      1.3819,     42.3192,    243.6668,     61.3219,      3.4953,      0.0000,     -0.0309,      0.3290,      0.1362,      5.4746,     10.9492,      1.2038,     27.9811,     55.9622,      0.0188,      0.0003,      0.0156,      0.1995,   7513.1353,-416241.6250,   -910.4891,    540.4645,  25044.9160,
       1,     166,     176,       2,       1,       3,       1,     10.0000,      1.3819,     42.3192,    243.6668,     61.3219,      3.4953,      0.0000,     -0.0308,      0.3429,      0.1332,      5.4746,     10.9492,      1.1772,     27.9811,     55.9622,      0.0188,      0.0003,      0.0156,      0.1995,   7513.4751,-416108.8125,   -910.0849,    540.4734,  25044.9141,
       1,     166,     176,       3,       1,       3,       1,     10.0000,      1.3819,     42.3192,    243.6668,     61.3219,      3.4953,      0.0000,     -0.0307,      0.4701,      0.1323,      5.4746,     10.9492,      1.1689,     27.9811,     55.9622,      0.0188,      0.0004,      0.0156,      0.1995,   7513.4746,-416115.5000,   -910.0916,    540.4730,  25044.9180,
       1,     166,     176,       4,       1,       3,       1,     10.0000,      1.3819,     42.3192,    243.6668,     61.3219,      3.4953,      0.0000,     -0.0307,      0.7163,      0.1304,      5.4746,     10.9492,      1.1524,     27.9811,     55.9622,      0.0188,      0.0006,      0.0156,      0.1995,   7513.4756,-416277.3750,   -910.1434,    540.4620,  25044.9180,
       1,     166,     176,       5,       1,       3,       1,     10.0000,      1.3819,     42.3192,    243.6668,     61.3219,      3.4953,      0.0000,     -0.0307,      0.6908,      0.1307,      5.4746,     10.9492,      1.1548,     27.9811,     55.9622,      0.0188,      0.0006,      0.0156,      0.1995,   7513.4756,-416604.7812,   -910.2605,    540.4399,  25044.9141,
       1,     166,     176,       6,       1,       3,       1,     10.0000,      1.3819,     42.3192,    243.6668,     61.3219,      3.4953,      0.0000,     -0.0307,      0.5655,      0.1316,      5.4746,     10.9492,      1.1630,     27.9811,     55.9622,      0.0188,      0.0005,      0.0156,      0.1995,   7513.4746,-416600.9688,   -910.3187,    540.4402,  25044.9160,
       1,     166,     176,       7,       1,       3,       1,     10.0000,      1.3819,     42.3192,    243.6668,     61.3219,      3.4953,      0.0000,     -0.0307,      0.3123,      0.1302,      5.4746,     10.9492,      1.1501,     27.9811,     55.9622,      0.0188,      0.0003,      0.0156,      0.1995,   7513.4751,-416440.7188,   -910.3237,    540.4510,  25044.9160,
       1,     166,     176,       8,       1,       3,       1,     10.0000,      1.3819,     42.3192,    243.6668,     61.3219,      3.4953,      0.0060,     -0.0246,      0.3105,      0.1295,      5.4746,     10.9492,      1.1443,     27.9811,     55.9622,      0.0188,      0.0002,      0.0156,      0.1995,   7513.4751,-416104.7188,   -910.2656,    540.4737,  25044.9160,
       1,     166,     176,       9,       1,       3,       1,     10.0000,      1.3819,     42.3192,    243.6668,     61.3219,      3.4953,      0.0940,      0.0633,      2.4047,      0.1320,      5.4746,     10.9492,      1.1666,     27.9811,     55.9622,      0.0188,      0.0003,      0.1182,      0.1995,   7513.4751,-416073.4688,   -910.2769,    540.4758,  25044.9160,
       1,     166,     176,      10,       1,       3,       1,     10.0000,      1.3819,     42.3192,    243.6668,     61.3219,      3.4953,      0.1343,      0.1034,      3.7742,      0.1373,      5.4746,     10.9492,      1.2135,     27.9811,     55.9622,      0.0188,      0.0003,      0.1773,      0.1995,   7513.4751,-418736.5000,   -911.0778,    540.2959,  25044.9160,
       1,     166,     176,      11,       1,       3,       1,     10.0000,      1.3819,     42.3192,    243.6668,     61.3219,      3.4953,      0.1033,      0.0720,      3.0725,      0.1489,      5.4746,     10.9492,      1.3155,     27.9811,     55.9622,      0.0188,      0.0003,      0.1316,      0.1995,   7513.4751,-420709.0312,   -911.9462,    540.1627,  25044.9160,
       1,     166,     176,      12,       1,       3,       1,     10.0000,      1.3819,     42.3192,    243.6668,     61.3219,      3.4953,      0.1706,      0.1391,      5.6195,      0.1545,      5.4746,     10.9492,      1.3654,     27.9811,     55.9622,      0.0188,      0.0003,      0.2306,      0.1994,   7513.4751,-419985.4062,   -911.1265,    540.2116,  25044.9160,
       1,     166,     176,      13,       1,       3,       1,     10.0000,      1.3819,     42.3192,    243.6668,     61.3219,      3.4953,      0.1793,      0.1480,      5.6117,      0.1472,      5.4746,     10.9492,      1.3011,     27.9811,     55.9622,      0.0188,      0.0003,      0.2434,      0.1994,   7513.4751,-423165.4062,   -912.4576,    539.9969,  25044.9180,
       1,     166,     176,      14,       1,       3,       1,     10.0000,      1.3819,     42.3192,    243.6668,     61.3219,      3.4953,      0.1839,      0.1524,      7.2619,      0.1530,      5.4746,     10.9492,      1.3517,     27.9811,     55.9622,      0.0188,      0.0004,      0.2500,      0.1994,   7513.4756,-423428.8438,   -912.5289,    539.9791,  25044.9141,
       1,     166,     176,      15,       1,       3,       1,     10.0000,      1.3819,     42.3192,    243.6668,     61.3219,      3.4953,      0.1840,      0.1522,      9.2938,      0.1610,      5.4746,     10.9492,      1.4226,     27.9811,     55.9622,      0.0188,      0.0005,      0.2500,      0.1994,   7513.4746,-425552.9375,   -913.5917,    539.8358,  25044.9160,
       1,     166,     176,      16,       1,       3,       1,     10.0000,      1.3819,     42.3192,    243.6668,     61.3219,      3.4953,      0.1843,      0.1522,     14.2162,      0.1694,      5.4746,     10.9492,      1.4970,     27.9811,     55.9622,      0.0188,      0.0007,      0.2500,      0.1994,   7513.4751,-428321.8125,   -914.2361,    539.6489,  25044.9160,
       1,     166,     176,      17,       1,       3,       1,     10.0000,      1.3819,     42.3192,    243.6668,     61.3219,      3.4953,      0.1837,      0.1516,     21.0868,      0.1706,      5.4746,     10.9492,      1.5075,     27.9811,     55.9622,      0.0188,      0.0011,      0.2483,      0.1994,   7513.4751,-434826.9375,   -916.8975,    539.2101,  25044.9160,
       1,     166,     176,      18,       1,       3,       1,     10.0000,      1.3819,     42.3192,    243.6668,     61.3219,      3.4953,      0.1196,      0.0877,      5.7609,      0.1656,      5.4746,     10.9492,      1.4630,     27.9811,     55.9622,      0.0188,      0.0005,      0.1552,      0.1994,   7513.4751,-444134.5625,   -919.6878,    538.5829,  25044.9141,
       1,     166,     176,      19,       1,       3,       1,     10.0000,      1.3819,     42.3192,    243.6668,     61.3219,      3.4953,      0.1219,      0.0905,      6.1281,      0.1530,      5.4746,     10.9492,      1.3517,     27.9811,     55.9622,      0.0188,      0.0005,      0.1587,      0.1994,   7513.4746,-425418.2188,   -916.7090,    539.8434,  25044.9141,
       1,     166,     176,      20,       1,       3,       1,     10.0000,      1.3819,     42.3192,    243.6668,     61.3219,      3.4953,      0.0277,     -0.0036,      1.1755,      0.1450,      5.4746,     10.9492,      1.2815,     27.9811,     55.9622,      0.0188,      0.0007,      0.0202,      0.1994,   7513.4746,-424282.3438,   -916.9688,    539.9216,  25044.9141,
       1,     166,     176,      21,       1,       3,       1,     10.0000,      1.3819,     42.3192,    243.6668,     61.3219,      3.4953,      0.0000,     -0.0312,      1.8016,      0.1453,      5.4746,     10.9492,      1.2841,     27.9811,     55.9622,      0.0188,      0.0014,      0.0156,      0.1994,   7513.4746,-417877.6875,   -915.9359,    540.3538,  25044.9160,
       1,     166,     176,      22,       1,       3,       1,     10.0000,      1.3819,     42.3192,    243.6668,     61.3219,      3.4953,      0.0000,     -0.0312,      1.9671,      0.1447,      5.4746,     10.9492,      1.2790,     27.9811,     55.9622,      0.0188,      0.0016,      0.0156,      0.1995,   7513.4751,-418124.3438,   -916.1043,    540.3373,  25044.9160,
       1,     166,     176,      23,       1,       3,       1,     10.0000,      1.3819,     42.3192,    243.6668,     61.3219,      3.4953,      0.0000,     -0.0311,      2.4275,      0.1418,      5.4746,     10.9492,      1.2534,     27.9811,     55.9622,      0.0188,      0.0019,      0.0156,      0.1995,   7513.4751,-418355.8750,   -916.2809,    540.3217,  25044.9160,
       1,     166,     176,      24,       1,       3,       1,     10.0000,      1.3819,     42.3192,    243.6668,     61.3219,      3.4953,      0.0000,     -0.0310,      1.6735,      0.1393,      5.4746,     10.9492,      1.2308,     27.9811,     55.9622,      0.0188,      0.0013,      0.0156,      0.1995,   7513.4751,-418961.9375,   -916.5870,    540.2807,  25044.9180,
       1,     166,     177,       1,       1,       3,       1,     10.0000,      1.3819,     42.3195,    243.6726,     61.3232,      3.4953,      0.0000,     -0.0311,      0.7327,      0.1407,      5.4729,     10.9458,      1.2434,     27.9842,     55.9684,      0.0188,      0.0006,      0.0156,      0.1995,   7513.4756,-418210.5312,   -916.8346,    540.3444,  25046.0449,
       1,     166,     177,       2,       1,       3,       1,     10.0000,      1.3819,     42.3195,    243.6726,     61.3232,      3.4953,      0.0000,     -0.0312,      0.5881,      0.1442,      5.4729,     10.9458,      1.2738,     27.9842,     55.9684,      0.0188,      0.0005,      0.0156,      0.1995,   7513.8140,-416794.8750,   -916.3604,    540.4399,  25046.0430,
       1,     166,     177,       3,       1,       3,       1,     10.0000,      1.3819,     42.3195,    243.6726,     61.3232,      3.4953,      0.0000,     -0.0310,      0.6000,      0.1386,      5.4729,     10.9458,      1.2247,     27.9842,     55.9684,      0.0188,      0.0005,      0.0156,      0.1995,   7513.8130,-416489.4062,   -916.3259,    540.4606,  25046.0410,
       1,     166,     177,       4,       1,       3,       1,     10.0000,      1.3819,     42.3195,    243.6726,     61.3232,      3.4953,      0.0000,     -0.0309,      0.4900,      0.1366,      5.4729,     10.9458,      1.2075,     27.9842,     55.9684,      0.0188,      0.0004,      0.0156,      0.1995,   7513.8125,-416478.5625,   -916.3503,    540.4613,  25046.0430,
       1,     166,     177,       5,       1,       3,       1,     10.0000,      1.3819,     42.3195,    243.6726,     61.3232,      3.4953,      0.0000,     -0.0309,      0.4188,      0.1362,      5.4729,     10.9458,      1.2038,     27.9842,     55.9684,      0.0188,      0.0003,      0.0156,      0.1995,   7513.8130,-416337.3750,   -914.1110,    540.4709,  25046.0410,
       1,     166,     177,       6,       1,       3,       1,     10.0000,      1.3819,     42.3195,    243.6726,     61.3232,      3.4953,      0.0000,     -0.0309,      0.4137,      0.1354,      5.4729,     10.9458,      1.1965,     27.9842,     55.9684,      0.0188,      0.0003,      0.0156,      0.1995,   7513.8125,-416234.8125,   -914.1057,    540.4778,  25046.0430,
       1,     166,     177,       7,       1,       3,       1,     10.0000,      1.3819,     42.3195,    243.6726,     61.3232,      3.4953,      0.0000,     -0.0308,      0.4647,      0.1343,      5.4729,     10.9458,      1.1869,     27.9842,     55.9684,      0.0188,      0.0004,      0.0156,      0.1995,   7513.8130,-416219.2188,   -914.1130,    540.4788,  25046.0430,
       1,     166,     177,       8,       1,       3,       1,     10.0000,      1.3819,     42.3195,    243.6726,     61.3232,      3.4953,      0.0104,     -0.0205,      0.3272,      0.1355,      5.4729,     10.9458,      1.1977,     27.9842,     55.9684,      0.0188,      0.0003,      0.0156,      0.1995,   7513.8130,-416282.7500,   -914.1414,    540.4745,  25046.0430,
       1,     166,     177,       9,       1,       3,       1,     10.0000,      1.3819,     42.3195,    243.6726,     61.3232,      3.4953,      0.0923,      0.0613,      2.5003,      0.1393,      5.4729,     10.9458,      1.2309,     27.9842,     55.9684,      0.0188,      0.0003,      0.1156,      0.1995,   7513.8130,-416113.1250,   -914.1364,    540.4860,  25046.0430,
       1,     166,     177,      10,       1,       3,       1,     10.0000,      1.3819,     42.3195,    243.6726,     61.3232,      3.4953,      0.1377,      0.1063,      4.3685,      0.1524,      5.4729,     10.9458,      1.3463,     27.9842,     55.9684,      0.0188,      0.0003,      0.1822,      0.1995,   7513.8130,-418864.5938,   -914.8442,    540.3001,  25046.0430,
       1,     166,     177,      11,       1,       3,       1,     10.0000,      1.3819,     42.3195,    243.6726,     61.3232,      3.4953,      0.1716,      0.1399,      5.8402,      0.1589,      5.4729,     10.9458,      1.4043,     27.9842,     55.9684,      0.0188,      0.0003,      0.2321,      0.1995,   7513.8130,-421479.1250,   -915.8622,    540.1235,  25046.0430,
       1,     166,     177,      12,       1,       3,       1,     10.0000,      1.3819,     42.3195,    243.6726,     61.3232,      3.4953,      0.1751,      0.1434,      6.0464,      0.1607,      5.4729,     10.9458,      1.4198,     27.9842,     55.9684,      0.0188,      0.0003,      0.2373,      0.1995,   7513.8130,-423577.3125,   -917.1064,    539.9819,  25046.0430,
       1,     166,     177,      13,       1,       3,       1,     10.0000,      1.3819,     42.3195,    243.6726,     61.3232,      3.4953,      0.1793,      0.1471,      6.8158,      0.1744,      5.4729,     10.9458,      1.5409,     27.9842,     55.9684,      0.0188,      0.0004,      0.2435,      0.1995,   7513.8130,-424020.0938,   -918.0232,    539.9521,  25046.0430,
       1,     166,     177,      14,       1,       3,       1,     10.0000,      1.3819,     42.3195,    243.6726,     61.3232,      3.4953,      0.1837,      0.1511,      7.9594,      0.1858,      5.4729,     10.9458,      1.6421,     27.9842,     55.9684,      0.0188,      0.0004,      0.2500,      0.1995,   7513.8130,-425037.5000,   -919.0074,    539.8834,  25046.0410,
       1,     166,     177,      15,       1,       3,       1,     10.0000,      1.3819,     42.3195,    243.6726,     61.3232,      3.4953,      0.1544,      0.1212,     16.9538,      0.2090,      5.4729,     10.9458,      1.8468,     27.9842,     55.9684,      0.0188,      0.0010,      0.2054,      0.1995,   7513.8125,-426581.0000,   -920.3111,    539.7792,  25046.0410,
       1,     166,     177,      16,       1,       3,       1,     10.0000,      1.3819,     42.3195,    243.6726,     61.3232,      3.4953,      0.1677,      0.1351,     19.4882,      0.1879,      5.4729,     10.9458,      1.6601,     27.9842,     55.9684,      0.0188,      0.0011,      0.2249,      0.1995,   7513.8125,-438163.3750,   -922.9874,    538.9977,  25046.0430,
       1,     166,     177,      17,       1,       3,       1,     10.0000,      1.3819,     42.3195,    243.6726,     61.3232,      3.4953,      0.1829,      0.1504,     22.7740,      0.1827,      5.4729,     10.9458,      1.6146,     27.9842,     55.9684,      0.0188,      0.0012,      0.2470,      0.1995,   7513.8130,-442386.4688,   -924.3775,    538.7138,  25046.0430,
       1,     166,     177,      18,       1,       3,       1,     10.0000,      1.3819,     42.3195,    243.6726,     61.3232,      3.4953,      0.1641,      0.1317,     38.2767,      0.1786,      5.4729,     10.9458,      1.5782,     27.9842,     55.9684,      0.0188,      0.0022,      0.2172,      0.1995,   7513.8130,-446932.2188,   -925.9127,    538.4078,  25046.0410,
       1,     166,     177,      19,       1,       3,       1,     10.0000,      1.3819,     42.3195,    243.6726,     61.3232,      3.4953,      0.0964,      0.0643,     23.8163,      0.1684,      5.4729,     10.9458,      1.4881,     27.9842,     55.9684,      0.0188,      0.0025,      0.1185,      0.1995,   7513.8125,-467063.3438,   -930.2399,    537.0530,  25046.0410,
       1,     166,     177,      20,       1,       3,       1,     10.0000,      1.3819,     42.3195,    243.6726,     61.3232,      3.4953,      0.0419,      0.0103,     11.4493,      0.1561,      5.4729,     10.9458,      1.3792,     27.9842,     55.9684,      0.0188,      0.0036,      0.0397,      0.1994,   7513.8125,-450376.8750,   -927.5106,    538.1749,  25046.0430,
       1,     166,     177,      21,       1,       3,       1,     10.0000,      1.3819,     42.3195,    243.6726,     61.3232,      3.4953,      0.0001,     -0.0313,      3.0532,      0.1502,      5.4729,     10.9458,      1.3275,     27.9842,     55.9684,      0.0188,      0.0024,      0.0156,      0.1994,   7513.8130,-433198.5625,   -924.5963,    539.3317,  25046.0410,
       1,     166,     177,      22,       1,       3,       1,     10.0000,      1.3819,     42.3195,    243.6726,     61.3232,      3.4953,      0.0000,     -0.0312,      2.6616,      0.1462,      5.4729,     10.9458,      1.2919,     27.9842,     55.9684,      0.0188,      0.0021,      0.0156,      0.1995,   7513.8125,-421037.5000,   -922.4583,    540.1528,  25046.0449,
       1,     166,     177,      23,       1,       3,       1,     10.0000,      1.3819,     42.3195,    243.6726,     61.3232,      3.4953,      0.0000,     -0.0311,      1.7650,      0.1426,      5.4729,     10.9458,      1.2598,     27.9842,     55.9684,      0.0188,      0.0014,      0.0156,      0.1995,   7513.8140,-419493.8125,   -922.2609,    540.2576,  25046.0410,
       1,     166,     177,      24,       1,       3,       1,     10.0000,      1.3819,     42.3195,    243.6726,     61.3232,      3.4953,      0.0000,     -0.0311,      1.3856,      0.1421,      5.4729,     10.9458,      1.2560,     27.9842,     55.9684,      0.0188,      0.0011,      0.0156,      0.1995,   7513.8125,-418219.6562,   -922.0775,    540.3436,  25046.0430,
       1,     166,     178,       1,       1,       3,       1,     10.0000,      1.3819,     42.3199,    243.6784,     61.3248,      3.4953,      0.0000,     -0.0310,      1.1028,      0.1401,      5.4734,     10.9467,      1.2384,     27.9892,     55.9783,      0.0189,      0.0009,      0.0156,      0.1995,   7513.8130,-417783.6562,   -922.3097,    540.3859,  25047.1758,
       1,     166,     178,       2,       1,       3,       1,     10.0000,      1.3819,     42.3199,    243.6784,     61.3248,      3.4953,      0.0000,     -0.0309,      0.8326,      0.1378,      5.4734,     10.9467,      1.2173,     27.9892,     55.9783,      0.0189,      0.0007,      0.0156,      0.1995,   7514.1528,-417232.0938,   -921.9736,    540.4232,  25047.1738,
       1,     166,     178,       3,       1,       3,       1,     10.0000,      1.3819,     42.3199,    243.6784,     61.3248,      3.4953,      0.0000,     -0.0310,      0.6989,      0.1382,      5.4734,     10.9467,      1.2210,     27.9892,     55.9783,      0.0189,      0.0006,      0.0156,      0.1995,   7514.1523,-416840.8438,   -921.9224,    540.4495,  25047.1758,
       1,     166,     178,       4,       1,       3,       1,     10.0000,      1.3819,     42.3199,    243.6784,     61.3248,      3.4953,      0.0000,     -0.0310,      0.4409,      0.1385,      5.4734,     10.9467,      1.2235,     27.9892,     55.9783,      0.0189,      0.0004,      0.0156,      0.1995,   7514.1528,-416637.0625,   -921.8996,    540.4633,  25047.1719,
       1,     166,     178,       5,       1,       3,       1,     10.0000,      1.3819,     42.3199,    243.6784,     61.3248,      3.4953,      0.0000,     -0.0310,      0.5230,      0.1382,      5.4734,     10.9467,      1.2210,     27.9892,     55.9783,      0.0189,      0.0004,      0.0156,      0.1995,   7514.1519,-416291.7812,   -921.8428,    540.4867,  25047.1719,
       1,     166,     178,       6,       1,       3,       1,     10.0000,      1.3819,     42.3199,    243.6784,     61.3248,      3.4953,      0.0000,     -0.0309,      0.5290,      0.1357,      5.4734,     10.9467,      1.1990,     27.9892,     55.9783,      0.0189,      0.0004,      0.0156,      0.1995,   7514.1519,-416366.4062,   -921.8660,    540.4816,  25047.1738,
       1,     166,     178,       7,       1,       3,       1,     10.0000,      1.3819,     42.3199,    243.6784,     61.3248,      3.4953,      0.0000,     -0.0308,      0.3577,      0.1332,      5.4734,     10.9467,      1.1773,     27.9892,     55.9783,      0.0189,      0.0003,      0.0156,      0.1995,   7514.1523,-416380.1250,   -921.8777,    540.4807,  25047.1738,
       1,     166,     178,       8,       1,       3,       1,     10.0000,      1.3819,     42.3199,    243.6784,     61.3248,      3.4953,      0.0132,     -0.0175,      0.3618,      0.1330,      5.4734,     10.9467,      1.1749,     27.9892,     55.9783,      0.0189,      0.0003,      0.0156,      0.1995,   7514.1523,-416163.4688,   -921.8401,    540.4954,  25047.1738,
       1,     166,     178,       9,       1,       3,       1,     10.0000,      1.3819,     42.3199,    243.6784,     61.3248,      3.4953,      0.0936,      0.0629,      2.5994,      0.1322,      5.4734,     10.9467,      1.1678,     27.9892,     55.9783,      0.0189,      0.0003,      0.1176,      0.1995,   7514.1523,-416149.8750,   -920.8621,    540.4963,  25047.1738,
       1,     166,     178,      10,       1,       3,       1,     10.0000,      1.3819,     42.3199,    243.6784,     61.3248,      3.4953,      0.1555,      0.1249,      4.1391,      0.1292,      5.4734,     10.9467,      1.1420,     27.9892,     55.9783,      0.0189,      0.0002,      0.2084,      0.1995,   7514.1523,-418996.4688,   -921.5527,    540.3040,  25047.1738,
       1,     166,     178,      11,       1,       3,       1,     10.0000,      1.3819,     42.3199,    243.6784,     61.3248,      3.4953,      0.1737,      0.1428,      4.9524,      0.1361,      5.4734,     10.9467,      1.2026,     27.9892,     55.9783,      0.0189,      0.0003,      0.2351,      0.1995,   7514.1523,-421200.8438,   -922.2324,    540.1552,  25047.1738,
       1,     166,     178,      12,       1,       3,       1,     10.0000,      1.3819,     42.3199,    243.6784,     61.3248,      3.4953,      0.1838,      0.1522,      6.1339,      0.1555,      5.4734,     10.9467,      1.3737,     27.9892,     55.9783,      0.0189,      0.0003,      0.2500,      0.1995,   7514.1523,-422425.3438,   -922.9372,    540.0725,  25047.1719,
       1,     166,     178,      13,       1,       3,       1,     10.0000,      1.3819,     42.3199,    243.6784,     61.3248,      3.4953,      0.1837,      0.1516,      6.8087,      0.1703,      5.4734,     10.9467,      1.5046,     27.9892,     55.9783,      0.0189,      0.0003,      0.2500,      0.1995,   7514.1519,-424034.7188,   -923.6970,    539.9638,  25047.1738,
       1,     166,     178,      14,       1,       3,       1,     10.0000,      1.3819,     42.3199,    243.6784,     61.3248,      3.4953,      0.1776,      0.1455,      6.4789,      0.1684,      5.4734,     10.9467,      1.4881,     27.9892,     55.9783,      0.0189,      0.0003,      0.2409,      0.1995,   7514.1523,-425031.6250,   -924.3186,    539.8965,  25047.1758,
       1,     166,     178,      15,       1,       3,       1,     10.0000,      1.3819,     42.3199,    243.6784,     61.3248,      3.4953,      0.1840,      0.1516,     10.6746,      0.1781,      5.4734,     10.9467,      1.5735,     27.9892,     55.9783,      0.0189,      0.0005,      0.2500,      0.1995,   7514.1528,-424697.3438,   -924.4671,    539.9191,  25047.1719,
       1,     166,     178,      16,       1,       3,       1,     10.0000,      1.3819,     42.3199,    243.6784,     61.3248,      3.4953,      0.1811,      0.1489,     20.1586,      0.1742,      5.4734,     10.9467,      1.5394,     27.9892,     55.9783,      0.0189,      0.0010,      0.2446,      0.1995,   7514.1519,-430009.4688,   -925.7016,    539.5606,  25047.1719,
       1,     166,     178,      17,       1,       3,       1,     10.0000,      1.3819,     42.3199,    243.6784,     61.3248,      3.4953,      0.1609,      0.1289,     35.9200,      0.1693,      5.4734,     10.9467,      1.4956,     27.9892,     55.9783,      0.0189,      0.0021,      0.2128,      0.1995,   7514.1519,-442538.1875,   -928.2852,    538.7157,  25047.1738,
       1,     166,     178,      18,       1,       3,       1,     10.0000,      1.3819,     42.3199,    243.6784,     61.3248,      3.4953,      0.1236,      0.0920,     32.1904,      0.1562,      5.4734,     10.9467,      1.3806,     27.9892,     55.9783,      0.0189,      0.0025,      0.1580,      0.1995,   7514.1523,-463681.6250,   -932.5408,    537.2925,  25047.1738,
       1,     166,     178,      19,       1,       3,       1,     10.0000,      1.3819,     42.3199,    243.6784,     61.3248,      3.4953,      0.0704,      0.0390,     16.0153,      0.1525,      5.4734,     10.9467,      1.3477,     27.9892,     55.9783,      0.0189,      0.0025,      0.0814,      0.1995,   7514.1523,-460751.1562,   -932.2293,    537.4913,  25047.1738,
       1,     166,     178,      20,       1,       3,       1,     10.0000,      1.3819,     42.3199,    243.6784,     61.3248,      3.4953,      0.0127,     -0.0186,      3.5819,      0.1474,      5.4734,     10.9467,      1.3024,     27.9892,     55.9783,      0.0189,      0.0029,      0.0156,      0.1995,   7514.1523,-439899.0625,   -928.4395,    538.8923,  25047.1738,
       1,     166,     178,      21,       1,       3,       1,     10.0000,      1.3819,     42.3199,    243.6784,     61.3248,      3.4953,      0.0000,     -0.0311,      3.4827,      0.1427,      5.4734,     10.9467,      1.2611,     27.9892,     55.9783,      0.0189,      0.0028,      0.0156,      0.1995,   7514.1523,-422287.2188,   -925.1725,    540.0805,  25047.1738,
       1,     166,     178,      22,       1,       3,       1,     10.0000,      1.3819,     42.3199,    243.6784,     61.3248,      3.4953,      0.0000,     -0.0311,      3.1598,      0.1420,      5.4734,     10.9467,      1.2548,     27.9892,     55.9783,      0.0189,      0.0025,      0.0156,      0.1995,   7514.1523,-420649.7812,   -924.9021,    540.1923,  25047.1738,
       1,     166,     178,      23,       1,       3,       1,     10.0000,      1.3819,     42.3199,    243.6784,     61.3248,      3.4953,      0.0000,     -0.0312,      2.2550,      0.1439,      5.4734,     10.9467,      1.2713,     27.9892,     55.9783,      0.0189,      0.0018,      0.0156,      0.1995,   7514.1523,-420096.5000,   -924.8289,    540.2296,  25047.1758,
       1,     166,     178,      24,       1,       3,       1,     10.0000,      1.3819,     42.3199,    243.6784,     61.3248,      3.4953,      0.0000,     -0.0311,      1.8624,      0.1429,      5.4734,     10.9467,      1.2624,     27.9892,     55.9783,      0.0189,      0.0015,      0.0156,      0.1995,   7514.1528,-418897.3750,   -924.6228,    540.3107,  25047.1738,
       1,     166,     179,       1,       1,       3,       1,     10.0000,      1.3819,     42.3202,    243.6842,     61.3262,      3.4953,      0.0000,     -0.0311,      1.6867,      0.1430,      5.4731,     10.9461,      1.2637,     27.9928,     55.9856,      0.0189,      0.0014,      0.0156,      0.1995,   7514.1523,-418451.3750,   -924.8287,    540.3538,  25048.3047,
       1,     166,     179,       2,       1,       3,       1,     10.0000,      1.3819,     42.3202,    243.6842,     61.3262,      3.4953,      0.0000,     -0.0311,      1.4000,      0.1427,      5.4731,     10.9461,      1.2611,     27.9928,     55.9856,      0.0189,      0.0011,      0.0156,      0.1995,   7514.4917,-418035.5000,   -924.4960,    540.3818,  25048.3047,
       1,     166,     179,       3,       1,       3,       1,     10.0000,      1.3819,     42.3202,    243.6842,     61.3262,      3.4953,      0.0000,     -0.0311,      1.1079,      0.1410,      5.4731,     10.9461,      1.2459,     27.9928,     55.9856,      0.0189,      0.0009,      0.0156,      0.1995,   7514.4917,-417634.8750,   -924.4317,    540.4089,  25048.3047,
       1,     166,     179,       4,       1,       3,       1,     10.0000,      1.3819,     42.3202,    243.6842,     61.3262,      3.4953,      0.0000,     -0.0310,      0.8406,      0.1404,      5.4731,     10.9461,      1.2409,     27.9928,     55.9856,      0.0189,      0.0007,      0.0156,      0.1995,   7514.4917,-417228.8125,   -924.3636,    540.4363,  25048.3047,
       1,     166,     179,       5,       1,       3,       1,     10.0000,      1.3819,     42.3202,    243.6842,     61.3262,      3.4953,      0.0000,     -0.0310,      0.5042,      0.1393,      5.4731,     10.9461,      1.2309,     27.9928,     55.9856,      0.0189,      0.0004,      0.0156,      0.1995,   7514.4917,-416853.7812,   -924.0995,    540.4617,  25048.3047,
       1,     166,     179,       6,       1,       3,       1,     10.0000,      1.3819,     42.3202,    243.6842,     61.3262,      3.4953,      0.0000,     -0.0308,      0.4794,      0.1350,      5.4731,     10.9461,      1.1929,     27.9928,     55.9856,      0.0189,      0.0004,      0.0156,      0.1995,   7514.4917,-416393.5000,   -924.0175,    540.4927,  25048.3047,
       1,     166,     179,       7,       1,       3,       1,     10.0000,      1.3819,     42.3202,    243.6842,     61.3262,      3.4953,      0.0000,     -0.0308,      0.4174,      0.1350,      5.4731,     10.9461,      1.1929,     27.9928,     55.9856,      0.0189,      0.0003,      0.0156,      0.1995,   7514.4917,-416322.2500,   -910.1396,    540.4976,  25048.3047,
       1,     166,     179,       8,       1,       3,       1,     10.0000,      1.3819,     42.3202,    243.6842,     61.3262,      3.4953,      0.0268,     -0.0040,      0.4923,      0.1339,      5.4731,     10.9461,      1.1833,     27.9928,     55.9856,      0.0189,      0.0003,      0.0195,      0.1995,   7514.4917,-416237.2812,   -910.1188,    540.5033,  25048.3047,
       1,     166,     179,       9,       1,       3,       1,     10.0000,      1.3819,     42.3202,    243.6842,     61.3262,      3.4953,      0.1048,      0.0737,      3.4726,      0.1416,      5.4731,     10.9461,      1.2510,     27.9928,     55.9856,      0.0189,      0.0003,      0.1337,      0.1995,   7514.4917,-416325.2812,   -910.2090,    540.4973,  25048.3027,
       1,     166,     179,      10,       1,       3,       1,     10.0000,      1.3819,     42.3202,    243.6842,     61.3262,      3.4953,      0.1365,      0.1054,      4.0002,      0.1423,      5.4731,     10.9461,      1.2573,     27.9928,     55.9856,      0.0189,      0.0003,      0.1804,      0.1995,   7514.4912,-420125.5000,   -911.2143,    540.2406,  25048.3047,
       1,     166,     179,      11,       1,       3,       1,     10.0000,      1.3819,     42.3202,    243.6842,     61.3262,      3.4953,      0.1839,      0.1530,      5.7449,      0.1369,      5.4731,     10.9461,      1.2100,     27.9928,     55.9856,      0.0189,      0.0003,      0.2500,      0.1995,   7514.4917,-421123.4688,   -911.6309,    540.1733,  25048.3047,
       1,     166,     179,      12,       1,       3,       1,     10.0000,      1.3819,     42.3202,    243.6842,     61.3262,      3.4953,      0.1838,      0.1526,      5.7548,      0.1452,      5.4731,     10.9461,      1.2829,     27.9928,     55.9856,      0.0189,      0.0003,      0.2500,      0.1995,   7514.4917,-423429.4375,   -913.2539,    540.0175,  25048.3047,
       1,     166,     179,      13,       1,       3,       1,     10.0000,      1.3819,     42.3202,    243.6842,     61.3262,      3.4953,      0.1724,      0.1405,      6.8688,      0.1657,      5.4731,     10.9461,      1.4646,     27.9928,     55.9856,      0.0189,      0.0004,      0.2332,      0.1995,   7514.4917,-423640.4688,   -914.7484,    540.0034,  25048.3066,
       1,     166,     179,      14,       1,       3,       1,     10.0000,      1.3819,     42.3202,    243.6842,     61.3262,      3.4953,      0.1571,      0.1245,      6.3933,      0.1871,      5.4731,     10.9461,      1.6536,     27.9928,     55.9856,      0.0189,      0.0004,      0.2106,      0.1995,   7514.4922,-425075.8438,   -916.0100,    539.9064,  25048.3047,
       1,     166,     179,      15,       1,       3,       1,     10.0000,      1.3819,     42.3202,    243.6842,     61.3262,      3.4953,      0.1379,      0.1052,      5.6478,      0.1907,      5.4731,     10.9461,      1.6850,     27.9928,     55.9856,      0.0189,      0.0004,      0.1821,      0.1995,   7514.4917,-424594.4062,   -916.5939,    539.9390,  25048.3066,
       1,     166,     179,      16,       1,       3,       1,     10.0000,      1.3819,     42.3202,    243.6842,     61.3262,      3.4953,      0.0188,     -0.0143,      0.2181,      0.2007,      5.4731,     10.9461,      1.7738,     27.9928,     55.9856,      0.0189,      0.0006,      0.0049,      0.1995,   7514.4922,-423603.9688,   -916.8762,    540.0057,  25048.3066,
       1,     166,     179,      17,       1,       3,       1,     10.0000,      1.3819,     42.3202,    243.6842,     61.3262,      3.4953,      0.0165,     -0.0163,      0.1807,      0.1947,      5.4731,     10.9461,      1.7204,     27.9928,     55.9856,      0.0189,      0.0012,      0.0019,      0.1995,   7514.4922,-416609.0938,   -915.6674,    540.4780,  25048.3047,
       1,     166,     179,      18,       1,       3,       1,     10.0000,      1.3819,     42.3202,    243.6842,     61.3262,      3.4953,      0.0404,      0.0081,      6.0017,      0.1772,      5.4731,     10.9461,      1.5657,     27.9928,     55.9856,      0.0189,      0.0020,      0.0373,      0.1995,   7514.4917,-415960.9688,   -915.6776,    540.5220,  25048.3047,
       1,     166,     179,      19,       1,       3,       1,     10.0000,      1.3819,     42.3202,    243.6842,     61.3262,      3.4953,      0.0380,      0.0060,      8.7182,      0.1704,      5.4731,     10.9461,      1.5061,     27.9928,     55.9856,      0.0189,      0.0032,      0.0337,      0.1995,   7514.4917,-423312.1250,   -917.2966,    540.0252,  25048.3047,
       1,     166,     179,      20,       1,       3,       1,     10.0000,      1.3819,     42.3202,    243.6842,     61.3262,      3.4953,      0.0125,     -0.0195,      4.0538,      0.1659,      5.4731,     10.9461,      1.4661,     27.9928,     55.9856,      0.0189,      0.0033,      0.0156,      0.1995,   7514.4917,-427401.8750,   -918.4744,    539.7495,  25048.3066,
       1,     166,     179,      21,       1,       3,       1,     10.0000,      1.3819,     42.3202,    243.6842,     61.3262,      3.4953,      0.0001,     -0.0318,      4.3921,      0.1631,      5.4731,     10.9461,      1.4414,     27.9928,     55.9856,      0.0189,      0.0035,      0.0156,      0.1995,   7514.4922,-421816.4688,   -917.8361,    540.1263,  25048.3066,
       1,     166,     179,      22,       1,       3,       1,     10.0000,      1.3819,     42.3202,    243.6842,     61.3262,      3.4953,      0.0000,     -0.0318,      3.9640,      0.1620,      5.4731,     10.9461,      1.4313,     27.9928,     55.9856,      0.0189,      0.0032,      0.0156,      0.1995,   7514.4922,-421767.5000,   -918.2119,    540.1298,  25048.3047,
       1,     166,     179,      23,       1,       3,       1,     10.0000,      1.3819,     42.3202,    243.6842,     61.3262,      3.4953,      0.0000,     -0.0317,      2.9146,      0.1583,      5.4731,     10.9461,      1.3987,     27.9928,     55.9856,      0.0189,      0.0023,      0.0156,      0.1995,   7514.4917,-421218.4375,   -918.4418,    540.1669,  25048.3047,
       1,     166,     179,      24,       1,       3,       1,     10.0000,      1.3819,     42.3202,    243.6842,     61.3262,      3.4953,      0.0000,     -0.0317,      2.4713,      0.1578,      5.4731,     10.9461,      1.3945,     27.9928,     55.9856,      0.0189,      0.0020,      0.0156,      0.1995,   7514.4917,-419835.9062,   -918.4113,    540.2601,  25048.3047,
       1,     166,     180,       1,       1,       3,       1,     10.0000,      1.3820,     42.3205,    243.6900,     61.3277,      3.4953,      0.0000,     -0.0316,      2.2382,      0.1548,      5.4741,     10.9483,      1.3682,     27.9846,     55.9691,      0.0189,      0.0018,      0.0156,      0.1996,   7514.4917,-419309.2812,   -918.7603,    540.3085,  25049.4355,
       1,     166,     180,       2,       1,       3,       1,     10.0000,      1.3820,     42.3205,    243.6900,     61.3277,      3.4953,      0.0000,     -0.0315,      2.0470,      0.1542,      5.4741,     10.9483,      1.3628,     27.9846,     55.9691,      0.0189,      0.0016,      0.0156,      0.1996,   7514.8311,-418813.5938,   -918.5659,    540.3420,  25049.4355,
       1,     166,     180,       3,       1,       3,       1,     10.0000,      1.3820,     42.3205,    243.6900,     61.3277,      3.4953,      0.0000,     -0.0315,      1.9839,      0.1538,      5.4741,     10.9483,      1.3587,     27.9846,     55.9691,      0.0189,      0.0016,      0.0156,      0.1996,   7514.8311,-418527.8438,   -918.6497,    540.3613,  25049.4375,
       1,     166,     180,       4,       1,       3,       1,     10.0000,      1.3820,     42.3205,    243.6900,     61.3277,      3.4953,      0.0000,     -0.0315,      1.7444,      0.1536,      5.4741,     10.9483,      1.3573,     27.9846,     55.9691,      0.0189,      0.0014,      0.0156,      0.1996,   7514.8315,-418422.7812,   -918.7571,    540.3684,  25049.4355,
       1,     166,     180,       5,       1,       3,       1,     10.0000,      1.3820,     42.3205,    243.6900,     61.3277,      3.4953,      0.0000,     -0.0316,      1.6977,      0.1552,      5.4741,     10.9483,      1.3710,     27.9846,     55.9691,      0.0189,      0.0014,      0.0156,      0.1996,   7514.8311,-418109.2188,   -918.8079,    540.3896,  25049.4355,
       1,     166,     180,       6,       1,       3,       1,     10.0000,      1.3820,     42.3205,    243.6900,     61.3277,      3.4953,      0.0000,     -0.0315,      1.4475,      0.1521,      5.4741,     10.9483,      1.3437,     27.9846,     55.9691,      0.0189,      0.0012,      0.0156,      0.1996,   7514.8311,-418022.8125,   -918.8954,    540.3954,  25049.4355,
       1,     166,     180,       7,       1,       3,       1,     10.0000,      1.3820,     42.3205,    243.6900,     61.3277,      3.4953,      0.0000,     -0.0314,      1.2289,      0.1502,      5.4741,     10.9483,      1.3276,     27.9846,     55.9691,      0.0189,      0.0010,      0.0156,      0.1996,   7514.8311,-417697.0000,   -918.9175,    540.4174,  25049.4355,
       1,     166,     180,       8,       1,       3,       1,     10.0000,      1.3820,     42.3205,    243.6900,     61.3277,      3.4953,      0.0071,     -0.0244,      1.1417,      0.1539,      5.4741,     10.9483,      1.3600,     27.9846,     55.9691,      0.0189,      0.0009,      0.0156,      0.1996,   7514.8311,-417390.9062,   -918.9263,    540.4380,  25049.4355,
       1,     166,     180,       9,       1,       3,       1,     10.0000,      1.3820,     42.3205,    243.6900,     61.3277,      3.4953,      0.0592,      0.0271,      5.7569,      0.1720,      5.4741,     10.9483,      1.5197,     27.9846,     55.9691,      0.0189,      0.0011,      0.0654,      0.1996,   7514.8311,-417253.6562,   -918.9652,    540.4474,  25049.4355,
       1,     166,     180,      10,       1,       3,       1,     10.0000,      1.3820,     42.3205,    243.6900,     61.3277,      3.4953,      0.1354,      0.1029,     18.5010,      0.1833,      5.4741,     10.9483,      1.6196,     27.9846,     55.9691,      0.0189,      0.0013,      0.1769,      0.1996,   7514.8311,-423114.0000,   -920.1859,    540.0515,  25049.4355,
       1,     166,     180,      11,       1,       3,       1,     10.0000,      1.3820,     42.3205,    243.6900,     61.3277,      3.4953,      0.1771,      0.1445,     19.6811,      0.1868,      5.4741,     10.9483,      1.6504,     27.9846,     55.9691,      0.0189,      0.0010,      0.2388,      0.1995,   7514.8311,-439834.2500,   -923.5800,    538.9229,  25049.4355,
       1,     166,     180,      12,       1,       3,       1,     10.0000,      1.3820,     42.3205,    243.6900,     61.3277,      3.4953,      0.1837,      0.1508,     14.4914,      0.1974,      5.4741,     10.9483,      1.7443,     27.9846,     55.9691,      0.0189,      0.0007,      0.2494,      0.1995,   7514.8311,-442775.8438,   -924.5975,    538.7260,  25049.4355,
       1,     166,     180,      13,       1,       3,       1,     10.0000,      1.3820,     42.3205,    243.6900,     61.3277,      3.4953,      0.1828,      0.1496,     18.9987,      0.2082,      5.4741,     10.9483,      1.8397,     27.9846,     55.9691,      0.0189,      0.0010,      0.2476,      0.1995,   7514.8311,-436421.2812,   -923.9056,    539.1539,  25049.4355,
       1,     166,     180,      14,       1,       3,       1,     10.0000,      1.3820,     42.3205,    243.6900,     61.3277,      3.4953,      0.1835,      0.1498,     43.6276,      0.2270,      5.4741,     10.9483,      2.0055,     27.9846,     55.9691,      0.0189,      0.0022,      0.2459,      0.1995,   7514.8311,-441612.7500,   -925.3516,    538.8042,  25049.4375,
       1,     166,     180,      15,       1,       3,       1,     10.0000,      1.3820,     42.3205,    243.6900,     61.3277,      3.4953,      0.1866,      0.1529,     56.2446,      0.2274,      5.4741,     10.9483,      2.0095,     27.9846,     55.9691,      0.0189,      0.0028,      0.2491,      0.1995,   7514.8315,-473405.9688,   -931.8909,    536.6630,  25049.4336,
       1,     166,     180,      16,       1,       3,       1,     10.0000,      1.3820,     42.3205,    243.6900,     61.3277,      3.4953,      0.1876,      0.1541,     59.9977,      0.2182,      5.4741,     10.9483,      1.9285,     27.9846,     55.9691,      0.0189,      0.0030,      0.2500,      0.1995,   7514.8306,-492212.6562,   -936.1549,    535.4056,  25049.4355,
       1,     166,     180,      17,       1,       3,       1,     10.0000,      1.3820,     42.3205,    243.6900,     61.3277,      3.4953,      0.1845,      0.1512,     67.8881,      0.2119,      5.4741,     10.9483,      1.8725,     27.9846,     55.9691,      0.0189,      0.0035,      0.2444,      0.1995,   7514.8311,-498603.4062,   -938.0737,    534.9794,  25049.4355,
       1,     166,     180,      18,       1,       3,       1,     10.0000,      1.3820,     42.3205,    243.6900,     61.3277,      3.4953,      0.1723,      0.1394,     71.2351,      0.1968,      5.4741,     10.9483,      1.7392,     27.9846,     55.9691,      0.0189,      0.0039,      0.2257,      0.1995,   7514.8311,-509200.7500,   -940.7403,    534.2709,  25049.4355,
       1,     166,     180,      19,       1,       3,       1,     10.0000,      1.3820,     42.3205,    243.6900,     61.3277,      3.4953,      0.1329,      0.1002,     65.3504,      0.1909,      5.4741,     10.9483,      1.6867,     27.9846,     55.9691,      0.0189,      0.0049,      0.1677,      0.1995,   7514.8311,-514373.7188,   -942.3375,    533.9259,  25049.4355,
       1,     166,     180,      20,       1,       3,       1,     10.0000,      1.3820,     42.3205,    243.6900,     61.3277,      3.4953,      0.0238,     -0.0083,      4.2426,      0.1732,      5.4741,     10.9483,      1.5303,     27.9846,     55.9691,      0.0189,      0.0041,      0.0131,      0.1995,   7514.8311,-507317.7812,   -941.5436,    534.3969,  25049.4375,
       1,     166,     180,      21,       1,       3,       1,     10.0000,      1.3820,     42.3205,    243.6900,     61.3277,      3.4953,      0.0001,     -0.0319,      4.7244,      0.1672,      5.4741,     10.9483,      1.4779,     27.9846,     55.9691,      0.0189,      0.0038,      0.0156,      0.1995,   7514.8315,-428858.4062,   -926.9270,    539.6381,  25049.4355,
       1,     166,     180,      22,       1,       3,       1,     10.0000,      1.3820,     42.3205,    243.6900,     61.3277,      3.4953,      0.0000,     -0.0319,      4.4648,      0.1646,      5.4741,     10.9483,      1.4544,     27.9846,     55.9691,      0.0189,      0.0036,      0.0156,      0.1995,   7514.8311,-422830.0938,   -925.8716,    540.0706,  25049.4355,
       1,     166,     180,      23,       1,       3,       1,     10.0000,      1.3820,     42.3205,    243.6900,     61.3277,      3.4953,      0.0000,     -0.0318,      3.7930,      0.1634,      5.4741,     10.9483,      1.4443,     27.9846,     55.9691,      0.0189,      0.0030,      0.0156,      0.1995,   7514.8311,-421949.5938,   -925.7721,    540.1302,  25049.4375,
       1,     166,     180,      24,       1,       3,       1,     10.0000,      1.3820,     42.3205,    243.6900,     61.3277,      3.4953,      0.0000,     -0.0318,      3.8609,      0.1626,      5.4741,     10.9483,      1.4371,     27.9846,     55.9691,      0.0189,      0.0031,      0.0156,      0.1996,   7514.8315,-421018.6875,   -925.6478,    540.1931,  25049.4375,
       1,     166,     181,       1,       1,       3,       1,     10.0000,      1.3820,     42.3209,    243.6958,     61.3291,      3.4953,      0.0000,     -0.0319,      2.8453,      0.1643,      5.4734,     10.9467,      1.4516,     27.9902,     55.9803,      0.0189,      0.0023,      0.0156,      0.1996,   7514.8315,-421181.5938,   -926.0018,    540.1949,  25050.5684,
       1,     166,     181,       2,       1,       3,       1,     10.0000,      1.3820,     42.3209,    243.6958,     61.3291,      3.4953,      0.0000,     -0.0318,      2.1117,      0.1635,      5.4734,     10.9467,      1.4443,     27.9902,     55.9803,      0.0189,      0.0017,      0.0156,      0.1996,   7515.1709,-419749.6250,   -925.4956,    540.2916,  25050.5684,
       1,     166,     181,       3,       1,       3,       1,     10.0000,      1.3820,     42.3209,    243.6958,     61.3291,      3.4953,      0.0000,     -0.0317,      1.5985,      0.1593,      5.4734,     10.9467,      1.4072,     27.9902,     55.9803,      0.0189,      0.0013,      0.0156,      0.1996,   7515.1709,-418693.1875,   -925.3187,    540.3630,  25050.5684,
       1,     166,     181,       4,       1,       3,       1,     10.0000,      1.3820,     42.3209,    243.6958,     61.3291,      3.4953,      0.0000,     -0.0316,      1.3661,      0.1555,      5.4734,     10.9467,      1.3738,     27.9902,     55.9803,      0.0189,      0.0011,      0.0156,      0.1996,   7515.1709,-417949.5000,   -925.1942,    540.4133,  25050.5684,
       1,     166,     181,       5,       1,       3,       1,     10.0000,      1.3820,     42.3209,    243.6958,     61.3291,      3.4953,      0.0000,     -0.0315,      1.1622,      0.1524,      5.4734,     10.9467,      1.3465,     27.9902,     55.9803,      0.0189,      0.0009,      0.0156,      0.1996,   7515.1709,-417589.8750,   -925.1392,    540.4376,  25050.5684,
       1,     166,     181,       6,       1,       3,       1,     10.0000,      1.3820,     42.3209,    243.6958,     61.3291,      3.4953,      0.0000,     -0.0315,      1.2758,      0.1544,      5.4734,     10.9467,      1.3642,     27.9902,     55.9803,      0.0189,      0.0010,      0.0156,      0.1996,   7515.1709,-417299.5000,   -925.0950,    540.4572,  25050.5684,
       1,     166,     181,       7,       1,       3,       1,     10.0000,      1.3820,     42.3209,    243.6958,     61.3291,      3.4953,      0.0000,     -0.0317,      1.5126,      0.1583,      5.4734,     10.9467,      1.3988,     27.9902,     55.9803,      0.0189,      0.0012,      0.0156,      0.1996,   7515.1709,-417419.1875,   -925.1291,    540.4490,  25050.5684,
       1,     166,     181,       8,       1,       3,       1,     10.0000,      1.3820,     42.3209,    243.6958,     61.3291,      3.4953,      0.0202,     -0.0115,      0.7738,      0.1605,      5.4734,     10.9467,      1.4185,     27.9902,     55.9803,      0.0189,      0.0011,      0.0086,      0.1996,   7515.1709,-417730.6875,   -925.2017,    540.4280,  25050.5684,
       1,     166,     181,       9,       1,       3,       1,     10.0000,      1.3820,     42.3209,    243.6958,     61.3291,      3.4953,      0.1246,      0.0927,     15.6895,      0.1658,      5.4734,     10.9467,      1.4647,     27.9902,     55.9803,      0.0189,      0.0012,      0.1614,      0.1996,   7515.1709,-416817.5938,   -925.0390,    540.4897,  25050.5684,
       1,     166,     181,      10,       1,       3,       1,     10.0000,      1.3820,     42.3209,    243.6958,     61.3291,      3.4953,      0.1694,      0.1369,     21.7473,      0.1822,      5.4734,     10.9467,      1.6100,     27.9902,     55.9803,      0.0189,      0.0012,      0.2271,      0.1996,   7515.1709,-435714.5938,   -928.7076,    539.2130,  25050.5703,
       1,     166,     181,      11,       1,       3,       1,     10.0000,      1.3820,     42.3209,    243.6958,     61.3291,      3.4953,      0.1848,      0.1520,     23.3233,      0.1959,      5.4734,     10.9467,      1.7307,     27.9902,     55.9803,      0.0189,      0.0012,      0.2500,      0.1996,   7515.1714,-445051.1250,   -930.6079,    538.5853,  25050.5703,
       1,     166,     181,      12,       1,       3,       1,     10.0000,      1.3820,     42.3209,    243.6958,     61.3291,      3.4953,      0.1851,      0.1518,     27.4577,      0.2094,      5.4734,     10.9467,      1.8506,     27.9902,     55.9803,      0.0189,      0.0014,      0.2500,      0.1996,   7515.1714,-447857.2188,   -931.2768,    538.3966,  25050.5703,
       1,     166,     181,      13,       1,       3,       1,     10.0000,      1.3820,     42.3209,    243.6958,     61.3291,      3.4953,      0.1856,      0.1518,     35.5012,      0.2283,      5.4734,     10.9467,      2.0174,     27.9902,     55.9803,      0.0189,      0.0018,      0.2500,      0.1996,   7515.1714,-453359.8438,   -932.4507,    538.0264,  25050.5684,
       1,     166,     181,      14,       1,       3,       1,     10.0000,      1.3820,     42.3209,    243.6958,     61.3291,      3.4953,      0.1856,      0.1519,     36.1604,      0.2261,      5.4734,     10.9467,      1.9978,     27.9902,     55.9803,      0.0189,      0.0018,      0.2500,      0.1995,   7515.1709,-464070.8438,   -934.6052,    537.3062,  25050.5664,
       1,     166,     181,      15,       1,       3,       1,     10.0000,      1.3820,     42.3209,    243.6958,     61.3291,      3.4953,      0.1869,      0.1542,     49.6212,      0.1930,      5.4734,     10.9467,      1.7052,     27.9902,     55.9803,      0.0189,      0.0025,      0.2500,      0.1995,   7515.1704,-465829.8438,   -935.2007,    537.1885,  25050.5664,
       1,     166,     181,      16,       1,       3,       1,     10.0000,      1.3820,     42.3209,    243.6958,     61.3291,      3.4953,      0.1879,      0.1559,     59.1328,      0.1683,      5.4734,     10.9467,      1.4868,     27.9902,     55.9803,      0.0189,      0.0030,      0.2500,      0.1995,   7515.1704,-483117.1250,   -938.7557,    536.0276,  25050.5664,
       1,     166,     181,      17,       1,       3,       1,     10.0000,      1.3820,     42.3209,    243.6958,     61.3291,      3.4953,      0.1063,      0.0754,     34.4097,      0.1369,      5.4734,     10.9467,      1.2100,     27.9902,     55.9803,      0.0189,      0.0033,      0.1324,      0.1995,   7515.1704,-496714.8438,   -935.1877,    535.1179,  25050.5664,
       1,     166,     181,      18,       1,       3,       1,     10.0000,      1.3820,     42.3209,    243.6958,     61.3291,      3.4953,      0.0617,      0.0304,     21.9302,      0.1484,      5.4734,     10.9467,      1.3117,     27.9902,     55.9803,      0.0189,      0.0040,      0.0679,      0.1995,   7515.1704,-466389.9688,   -919.9797,    537.1470,  25050.5566,
       1,     166,     181,      19,       1,       3,       1,     10.0000,      1.3820,     42.3209,    243.6958,     61.3291,      3.4953,      0.0448,      0.0132,     13.3179,      0.1550,      5.4734,     10.9467,      1.3696,     27.9902,     55.9803,      0.0189,      0.0038,      0.0437,      0.1995,   7515.1675,-447917.5312,   -917.5753,    538.3912,  25050.5684,
       1,     166,     181,      20,       1,       3,       1,     10.0000,      1.3820,     42.3209,    243.6958,     61.3291,      3.4953,      0.0164,     -0.0150,      0.5476,      0.1501,      5.4734,     10.9467,      1.3263,     27.9902,     55.9803,      0.0189,      0.0020,      0.0035,      0.1996,   7515.1709,-435370.6562,   -915.9972,    539.2370,  25050.5664,
       1,     166,     181,      21,       1,       3,       1,     10.0000,      1.3820,     42.3209,    243.6958,     61.3291,      3.4953,      0.0001,     -0.0314,      2.5546,      0.1524,      5.4734,     10.9467,      1.3465,     27.9902,     55.9803,      0.0189,      0.0020,      0.0156,      0.1996,   7515.1704,-418043.6875,   -913.1432,    540.4055,  25050.5684,
       1,     166,     181,      22,       1,       3,       1,     10.0000,      1.3820,     42.3209,    243.6958,     61.3291,      3.4953,      0.0000,     -0.0316,      0.7242,      0.1559,      5.4734,     10.9467,      1.3779,     27.9902,     55.9803,      0.0189,      0.0006,      0.0156,      0.1996,   7515.1709,-419111.7500,   -913.6044,    540.3347,  25050.5684,
       1,     166,     181,      23,       1,       3,       1,     10.0000,      1.3820,     42.3209,    243.6958,     61.3291,      3.4953,      0.0000,     -0.0315,      0.6608,      0.1542,      5.4734,     10.9467,      1.3628,     27.9902,     55.9803,      0.0189,      0.0005,      0.0156,      0.1996,   7515.1709,-416873.0312,   -910.4186,    540.4858,  25050.5684,
       1,     166,     181,      24,       1,       3,       1,     10.0000,      1.3820,     42.3209,    243.6958,     61.3291,      3.4953,      0.0000,     -0.0315,      0.7400,      0.1533,      5.4734,     10.9467,      1.3546,     27.9902,     55.9803,      0.0189,      0.0006,      0.0156,      0.1996,   7515.1709,-416600.2812,   -910.2079,    540.5044,  25050.5684,
       1,     166,     182,       1,       1,       3,       1,     10.0000,      1.3820,     42.3212,    243.7016,     61.3307,      3.4953,      0.0000,     -0.0315,      0.6116,      0.1525,      5.4743,     10.9486,      1.3479,     27.9924,     55.9848,      0.0189,      0.0005,      0.0156,      0.1996,   7515.1709,-416834.2500,   -910.5579,    540.5015,  25051.7012,
       1,     166,     182,       2,       1,       3,       1,     10.0000,      1.3820,     42.3212,    243.7016,     61.3307,      3.4953,      0.0000,     -0.0314,      0.6507,      0.1516,      5.4743,     10.9486,      1.3398,     27.9924,     55.9848,      0.0189,      0.0005,      0.0156,      0.1996,   7515.5107,-416536.7188,   -910.2876,    540.5215,  25051.6992,
       1,     166,     182,       3,       1,       3,       1,     10.0000,      1.3820,     42.3212,    243.7016,     61.3307,      3.4953,      0.0000,     -0.0314,      0.5853,      0.1512,      5.4743,     10.9486,      1.3357,     27.9924,     55.9848,      0.0189,      0.0005,      0.0156,      0.1996,   7515.5103,-416561.0000,   -910.3306,    540.5198,  25051.6992,
       1,     166,     182,       4,       1,       3,       1,     10.0000,      1.3820,     42.3212,    243.7016,     61.3307,      3.4953,      0.0000,     -0.0314,      0.3751,      0.1509,      5.4743,     10.9486,      1.3330,     27.9924,     55.9848,      0.0189,      0.0003,      0.0156,      0.1996,   7515.5103,-416480.0625,   -910.3439,    540.5253,  25051.6992,
       1,     166,     182,       5,       1,       3,       1,     10.0000,      1.3820,     42.3212,    243.7016,     61.3307,      3.4953,      0.0000,     -0.0314,      0.3681,      0.1503,      5.4743,     10.9486,      1.3277,     27.9924,     55.9848,      0.0189,      0.0003,      0.0156,      0.1996,   7515.5103,-416205.6875,   -910.2977,    540.5439,  25051.6992,
       1,     166,     182,       6,       1,       3,       1,     10.0000,      1.3820,     42.3212,    243.7016,     61.3307,      3.4953,      0.0000,     -0.0310,      0.3403,      0.1403,      5.4743,     10.9486,      1.2398,     27.9924,     55.9848,      0.0189,      0.0003,      0.0156,      0.1996,   7515.5103,-416173.1875,   -910.0930,    540.5461,  25051.6973,
       1,     166,     182,       7,       1,       3,       1,     10.0000,      1.3820,     42.3212,    243.7016,     61.3307,      3.4953,      0.0000,     -0.0310,      0.3333,      0.1378,      5.4743,     10.9486,      1.2174,     27.9924,     55.9848,      0.0189,      0.0003,      0.0156,      0.1996,   7515.5093,-416135.4062,   -910.0868,    540.5486,  25051.6973,
       1,     166,     182,       8,       1,       3,       1,     10.0000,      1.3820,     42.3212,    243.7016,     61.3307,      3.4953,      0.0156,     -0.0152,      0.0631,      0.1328,      5.4743,     10.9486,      1.1738,     27.9924,     55.9848,      0.0189,      0.0003,      0.0031,      0.1996,   7515.5093,-416123.1875,   -910.0864,    540.5494,  25051.6992,
       1,     166,     182,       9,       1,       3,       1,     10.0000,      1.3820,     42.3212,    243.7016,     61.3307,      3.4953,      0.1142,      0.0836,      2.9276,      0.1289,      5.4743,     10.9486,      1.1386,     27.9924,     55.9848,      0.0189,      0.0002,      0.1479,      0.1996,   7515.5103,-415778.2188,   -910.0609,    540.5728,  25051.6973,
       1,     166,     182,      10,       1,       3,       1,     10.0000,      1.3820,     42.3212,    243.7016,     61.3307,      3.4953,      0.1661,      0.1358,      4.1875,      0.1226,      5.4743,     10.9486,      1.0833,     27.9924,     55.9848,      0.0189,      0.0002,      0.2240,      0.1996,   7515.5093,-419392.5312,   -911.1443,    540.3286,  25051.6992,
       1,     166,     182,      11,       1,       3,       1,     10.0000,      1.3820,     42.3212,    243.7016,     61.3307,      3.4953,      0.1839,      0.1536,      4.6415,      0.1218,      5.4743,     10.9486,      1.0767,     27.9924,     55.9848,      0.0189,      0.0002,      0.2500,      0.1996,   7515.5103,-421305.5625,   -911.5560,    540.1993,  25051.6973,
       1,     166,     182,      12,       1,       3,       1,     10.0000,      1.3820,     42.3212,    243.7016,     61.3307,      3.4953,      0.1839,      0.1531,      5.1293,      0.1330,      5.4743,     10.9486,      1.1750,     27.9924,     55.9848,      0.0189,      0.0003,      0.2500,      0.1996,   7515.5093,-422048.0000,   -912.1574,    540.1493,  25051.6992,
       1,     166,     182,      13,       1,       3,       1,     10.0000,      1.3820,     42.3212,    243.7016,     61.3307,      3.4953,      0.1838,      0.1525,      5.7448,      0.1468,      5.4743,     10.9486,      1.2973,     27.9924,     55.9848,      0.0189,      0.0003,      0.2500,      0.1996,   7515.5103,-422731.8438,   -913.9924,    540.1031,  25051.6992,
       1,     166,     182,      14,       1,       3,       1,     10.0000,      1.3820,     42.3212,    243.7016,     61.3307,      3.4953,      0.1726,      0.1412,      5.5877,      0.1521,      5.4743,     10.9486,      1.3438,     27.9924,     55.9848,      0.0189,      0.0003,      0.2336,      0.1996,   7515.5103,-423573.5312,   -915.6324,    540.0463,  25051.7012,
       1,     166,     182,      15,       1,       3,       1,     10.0000,      1.3820,     42.3212,    243.7016,     61.3307,      3.4953,      0.1797,      0.1478,      6.4675,      0.1663,      5.4743,     10.9486,      1.4691,     27.9924,     55.9848,      0.0189,      0.0003,      0.2441,      0.1996,   7515.5107,-423445.8438,   -916.1854,    540.0549,  25051.6973,
       1,     166,     182,      16,       1,       3,       1,     10.0000,      1.3820,     42.3212,    243.7016,     61.3307,      3.4953,      0.1822,      0.1498,      7.2538,      0.1813,      5.4743,     10.9486,      1.6020,     27.9924,     55.9848,      0.0189,      0.0004,      0.2478,      0.1996,   7515.5093,-424554.6250,   -917.3224,    539.9800,  25051.6992,
       1,     166,     182,      17,       1,       3,       1,     10.0000,      1.3820,     42.3212,    243.7016,     61.3307,      3.4953,      0.1273,      0.0957,      4.1777,      0.1583,      5.4743,     10.9486,      1.3988,     27.9924,     55.9848,      0.0189,      0.0003,      0.1668,      0.1996,   7515.5103,-425649.9688,   -918.6173,    539.9062,  25051.6973,
       1,     166,     182,      18,       1,       3,       1,     10.0000,      1.3820,     42.3212,    243.7016,     61.3307,      3.4953,      0.0136,     -0.0176,      0.5900,      0.1453,      5.4743,     10.9486,      1.2843,     27.9924,     55.9848,      0.0189,      0.0005,      0.0156,      0.1996,   7515.5093,-421830.8750,   -918.2236,    540.1638,  25051.7012,
       1,     166,     182,      19,       1,       3,       1,     10.0000,      1.3820,     42.3212,    243.7016,     61.3307,      3.4953,      0.0331,      0.0019,      1.5806,      0.1464,      5.4743,     10.9486,      1.2934,     27.9924,     55.9848,      0.0189,      0.0007,      0.0282,      0.1996,   7515.5107,-416938.5938,   -917.3784,    540.4943,  25051.6992,
       1,     166,     182,      20,       1,       3,       1,     10.0000,      1.3820,     42.3212,    243.7016,     61.3307,      3.4953,      0.0113,     -0.0199,      1.5115,      0.1456,      5.4743,     10.9486,      1.2869,     27.9924,     55.9848,      0.0189,      0.0012,      0.0156,      0.1996,   7515.5103,-417778.6250,   -917.6297,    540.4376,  25051.6992,
       1,     166,     182,      21,       1,       3,       1,     10.0000,      1.3820,     42.3212,    243.7016,     61.3307,      3.4953,      0.0002,     -0.0310,      2.1493,      0.1456,      5.4743,     10.9486,      1.2869,     27.9924,     55.9848,      0.0189,      0.0017,      0.0156,      0.1996,   7515.5103,-417762.7500,   -917.7268,    540.4387,  25051.7012,
       1,     166,     182,      22,       1,       3,       1,     10.0000,      1.3820,     42.3212,    243.7016,     61.3307,      3.4953,      0.0000,     -0.0312,      1.2202,      0.1455,      5.4743,     10.9486,      1.2856,     27.9924,     55.9848,      0.0189,      0.0010,      0.0156,      0.1996,   7515.5107,-418572.5625,   -917.9811,    540.3840,  25051.6992,
       1,     166,     182,      23,       1,       3,       1,     10.0000,      1.3820,     42.3212,    243.7016,     61.3307,      3.4953,      0.0000,     -0.0313,      0.8106,      0.1477,      5.4743,     10.9486,      1.3052,     27.9924,     55.9848,      0.0189,      0.0007,      0.0156,      0.1996,   7515.5103,-417460.3438,   -917.8330,    540.4590,  25051.6973,
       1,     166,     182,      24,       1,       3,       1,     10.0000,      1.3820,     42.3212,    243.7016,     61.3307,      3.4953,      0.0000,     -0.0313,      0.5268,      0.1465,      5.4743,     10.9486,      1.2947,     27.9924,     55.9848,      0.0189,      0.0004,      0.0156,      0.1996,   7515.5093,-416844.3438,   -917.7555,    540.5007,  25051.6992,
       1,     166,     183,       1,       1,       3,       1,     10.0000,      1.3820,     42.3216,    243.7073,     61.3320,      3.4953,      0.0000,     -0.0312,      0.4065,      0.1437,      5.4738,     10.9476,      1.2702,     27.9924,     55.9849,      0.0189,      0.0003,      0.0156,      0.1996,   7515.5103,-416586.6250,   -917.9861,    540.5309,  25052.8262,
       1,     166,     183,       2,       1,       3,       1,     10.0000,      1.3820,     42.3216,    243.7073,     61.3320,      3.4953,      0.0000,     -0.0311,      0.4533,      0.1423,      5.4738,     10.9476,      1.2574,     27.9924,     55.9849,      0.0189,      0.0004,      0.0156,      0.1996,   7515.8481,-416258.2812,   -917.6741,    540.5532,  25052.8262,
       1,     166,     183,       3,       1,       3,       1,     10.0000,      1.3820,     42.3216,    243.7073,     61.3320,      3.4953,      0.0000,     -0.0311,      0.4212,      0.1410,      5.4738,     10.9476,      1.2461,     27.9924,     55.9849,      0.0189,      0.0003,      0.0156,      0.1996,   7515.8481,-416289.5312,   -917.6893,    540.5510,  25052.8281,
       1,     166,     183,       4,       1,       3,       1,     10.0000,      1.3820,     42.3216,    243.7073,     61.3320,      3.4953,      0.0000,     -0.0310,      0.5488,      0.1404,      5.4738,     10.9476,      1.2410,     27.9924,     55.9849,      0.0189,      0.0004,      0.0156,      0.1996,   7515.8486,-416251.1875,   -917.6880,    540.5536,  25052.8262,
       1,     166,     183,       5,       1,       3,       1,     10.0000,      1.3820,     42.3216,    243.7073,     61.3320,      3.4953,      0.0000,     -0.0311,      0.5131,      0.1426,      5.4738,     10.9476,      1.2600,     27.9924,     55.9849,      0.0189,      0.0004,      0.0156,      0.1996,   7515.8481,-416410.4062,   -917.7339,    540.5428,  25052.8281,
       1,     166,     183,       6,       1,       3,       1,     10.0000,      1.3820,     42.3216,    243.7073,     61.3320,      3.4953,      0.0000,     -0.0312,      0.3915,      0.1439,      5.4738,     10.9476,      1.2715,     27.9924,     55.9849,      0.0189,      0.0003,      0.0156,      0.1996,   7515.8486,-416378.5312,   -917.7387,    540.5450,  25052.8301,
       1,     166,     183,       7,       1,       3,       1,     10.0000,      1.3820,     42.3216,    243.7073,     61.3320,      3.4953,      0.0000,     -0.0312,      0.3640,      0.1442,      5.4738,     10.9476,      1.2740,     27.9924,     55.9849,      0.0189,      0.0003,      0.0156,      0.1996,   7515.8491,-416220.7500,   -917.7137,    540.5557,  25052.8281,
       1,     166,     183,       8,       1,       3,       1,     10.0000,      1.3820,     42.3216,    243.7073,     61.3320,      3.4953,      0.0131,     -0.0181,      0.3499,      0.1437,      5.4738,     10.9476,      1.2702,     27.9924,     55.9849,      0.0189,      0.0003,      0.0156,      0.1996,   7515.8486,-416172.5938,   -917.7083,    540.5589,  25052.8262,
       1,     166,     183,       9,       1,       3,       1,     10.0000,      1.3820,     42.3216,    243.7073,     61.3320,      3.4953,      0.0862,      0.0544,      2.7449,      0.1630,      5.4738,     10.9476,      1.4401,     27.9924,     55.9849,      0.0189,      0.0003,      0.1060,      0.1996,   7515.8481,-416150.7188,   -917.7306,    540.5604,  25052.8281,
       1,     166,     183,      10,       1,       3,       1,     10.0000,      1.3820,     42.3216,    243.7073,     61.3320,      3.4953,      0.1621,      0.1298,      6.1961,      0.1767,      5.4738,     10.9476,      1.5612,     27.9924,     55.9849,      0.0189,      0.0004,      0.2181,      0.1996,   7515.8486,-419194.6875,   -918.4442,    540.3547,  25052.8281,
       1,     166,     183,      11,       1,       3,       1,     10.0000,      1.3820,     42.3216,    243.7073,     61.3320,      3.4953,      0.1732,      0.1405,      7.8794,      0.1930,      5.4738,     10.9476,      1.7053,     27.9924,     55.9849,      0.0189,      0.0004,      0.2345,      0.1996,   7515.8486,-423846.1562,   -919.7504,    540.0406,  25052.8281,
       1,     166,     183,      12,       1,       3,       1,     10.0000,      1.3820,     42.3216,    243.7073,     61.3320,      3.4953,      0.1837,      0.1509,      9.3315,      0.1959,      5.4738,     10.9476,      1.7307,     27.9924,     55.9849,      0.0189,      0.0005,      0.2500,      0.1996,   7515.8486,-426387.0312,   -920.6898,    539.8691,  25052.8281,
       1,     166,     183,      13,       1,       3,       1,     10.0000,      1.3820,     42.3216,    243.7073,     61.3320,      3.4953,      0.1836,      0.1502,      9.2294,      0.2142,      5.4738,     10.9476,      1.8930,     27.9924,     55.9849,      0.0189,      0.0005,      0.2500,      0.1996,   7515.8486,-428452.5625,   -921.7514,    539.7298,  25052.8281,
       1,     166,     183,      14,       1,       3,       1,     10.0000,      1.3820,     42.3216,    243.7073,     61.3320,      3.4953,      0.1853,      0.1517,     31.5298,      0.2215,      5.4738,     10.9476,      1.9572,     27.9924,     55.9849,      0.0189,      0.0016,      0.2500,      0.1996,   7515.8486,-428499.9688,   -922.4981,    539.7266,  25052.8281,
       1,     166,     183,      15,       1,       3,       1,     10.0000,      1.3820,     42.3216,    243.7073,     61.3320,      3.4953,      0.1870,      0.1536,     52.8482,      0.2149,      5.4738,     10.9476,      1.8986,     27.9924,     55.9849,      0.0189,      0.0026,      0.2500,      0.1996,   7515.8486,-456872.5000,   -928.4338,    537.8125,  25052.8281,
       1,     166,     183,      16,       1,       3,       1,     10.0000,      1.3820,     42.3216,    243.7073,     61.3320,      3.4953,      0.0387,      0.0064,      8.5870,      0.1777,      5.4738,     10.9476,      1.5706,     27.9924,     55.9849,      0.0189,      0.0031,      0.0345,      0.1996,   7515.8486,-486447.6250,   -934.7181,    535.8276,  25052.8281,
       1,     166,     183,      17,       1,       3,       1,     10.0000,      1.3820,     42.3216,    243.7073,     61.3320,      3.4953,      0.0293,     -0.0027,      5.6862,      0.1671,      5.4738,     10.9476,      1.4765,     27.9924,     55.9849,      0.0189,      0.0033,      0.0213,      0.1996,   7515.8486,-432635.6250,   -922.9166,    539.4355,  25052.8281,
       1,     166,     183,      18,       1,       3,       1,     10.0000,      1.3820,     42.3216,    243.7073,     61.3320,      3.4953,      0.0361,      0.0042,      9.9800,      0.1659,      5.4738,     10.9476,      1.4662,     27.9924,     55.9849,      0.0189,      0.0040,      0.0308,      0.1996,   7515.8486,-424366.8438,   -921.6556,    540.0052,  25052.8262,
       1,     166,     183,      19,       1,       3,       1,     10.0000,      1.3820,     42.3216,    243.7073,     61.3320,      3.4953,      0.0391,      0.0072,     12.1789,      0.1658,      5.4738,     10.9476,      1.4647,     27.9924,     55.9849,      0.0189,      0.0043,      0.0350,      0.1996,   7515.8481,-429104.2812,   -922.8513,    539.6857,  25052.8262,
       1,     166,     183,      20,       1,       3,       1,     10.0000,      1.3820,     42.3216,    243.7073,     61.3320,      3.4953,      0.0059,     -0.0258,      4.9806,      0.1589,      5.4738,     10.9476,      1.4045,     27.9924,     55.9849,      0.0189,      0.0040,      0.0156,      0.1996,   7515.8481,-432308.3750,   -923.7836,    539.4697,  25052.8262,
       1,     166,     183,      21,       1,       3,       1,     10.0000,      1.3820,     42.3216,    243.7073,     61.3320,      3.4953,      0.0000,     -0.0315,      2.7796,      0.1552,      5.4738,     10.9476,      1.3711,     27.9924,     55.9849,      0.0189,      0.0022,      0.0156,      0.1996,   7515.8481,-423425.9062,   -921.1597,    540.0687,  25052.8262,
       1,     166,     183,      22,       1,       3,       1,     10.0000,      1.3820,     42.3216,    243.7073,     61.3320,      3.4953,      0.0000,     -0.0316,      1.8350,      0.1555,      5.4738,     10.9476,      1.3738,     27.9924,     55.9849,      0.0189,      0.0015,      0.0156,      0.1996,   7515.8481,-419864.5938,   -920.6411,    540.3094,  25052.8281,
       1,     166,     183,      23,       1,       3,       1,     10.0000,      1.3820,     42.3216,    243.7073,     61.3320,      3.4953,      0.0000,     -0.0315,      1.9934,      0.1536,      5.4738,     10.9476,      1.3574,     27.9924,     55.9849,      0.0189,      0.0016,      0.0156,      0.1996,   7515.8486,-418356.6562,   -920.4443,    540.4114,  25052.8281,
       1,     166,     183,      24,       1,       3,       1,     10.0000,      1.3820,     42.3216,    243.7073,     61.3320,      3.4953,      0.0000,     -0.0315,      1.8943,      0.1542,      5.4738,     10.9476,      1.3629,     27.9924,     55.9849,      0.0189,      0.0015,      0.0156,      0.1996,   7515.8486,-418428.4688,   -920.5444,    540.4066,  25052.8281,
       1,     166,     184,       1,       1,       3,       1,     10.0000,      1.3821,     42.3219,    243.7131,     61.3336,      3.4953,      0.0000,     -0.0315,      1.6513,      0.1519,      5.4751,     10.9501,      1.3425,     27.9864,     55.9728,      0.0189,      0.0013,      0.0156,      0.1997,   7515.8486,-418465.0312,   -920.9081,    540.4169,  25053.9590,
       1,     166,     184,       2,       1,       3,       1,     10.0000,      1.3821,     42.3219,    243.7131,     61.3336,      3.4953,      0.0000,     -0.0314,      1.2712,      0.1503,      5.4751,     10.9501,      1.3278,     27.9864,     55.9728,      0.0189,      0.0010,      0.0156,      0.1997,   7516.1880,-418005.2812,   -920.6330,    540.4479,  25053.9570,
       1,     166,     184,       3,       1,       3,       1,     10.0000,      1.3821,     42.3219,    243.7131,     61.3336,      3.4953,      0.0000,     -0.0314,      1.3171,      0.1516,      5.4751,     10.9501,      1.3398,     27.9864,     55.9728,      0.0189,      0.0011,      0.0156,      0.1997,   7516.1875,-417482.8125,   -920.5745,    540.4833,  25053.9570,
       1,     166,     184,       4,       1,       3,       1,     10.0000,      1.3821,     42.3219,    243.7131,     61.3336,      3.4953,      0.0000,     -0.0314,      0.9193,      0.1501,      5.4751,     10.9501,      1.3264,     27.9864,     55.9728,      0.0189,      0.0007,      0.0156,      0.1997,   7516.1875,-417496.1250,   -912.3615,    540.4824,  25053.9590,
       1,     166,     184,       5,       1,       3,       1,     10.0000,      1.3821,     42.3219,    243.7131,     61.3336,      3.4953,      0.0000,     -0.0313,      0.5194,      0.1474,      5.4751,     10.9501,      1.3026,     27.9864,     55.9728,      0.0189,      0.0004,      0.0156,      0.1997,   7516.1880,-416991.0938,   -912.3406,    540.5165,  25053.9590,
       1,     166,     184,       6,       1,       3,       1,     10.0000,      1.3821,     42.3219,    243.7131,     61.3336,      3.4953,      0.0000,     -0.0313,      0.3954,      0.1470,      5.4751,     10.9501,      1.2987,     27.9864,     55.9728,      0.0189,      0.0003,      0.0156,      0.1997,   7516.1880,-416439.0938,   -910.1602,    540.5538,  25053.9590,
       1,     166,     184,       7,       1,       3,       1,     10.0000,      1.3821,     42.3219,    243.7131,     61.3336,      3.4953,      0.0000,     -0.0310,      0.3738,      0.1396,      5.4751,     10.9501,      1.2336,     27.9864,     55.9728,      0.0189,      0.0003,      0.0156,      0.1997,   7516.1880,-416234.0312,   -910.1066,    540.5676,  25053.9590,
       1,     166,     184,       8,       1,       3,       1,     10.0000,      1.3821,     42.3219,    243.7131,     61.3336,      3.4953,      0.0111,     -0.0198,      0.3661,      0.1361,      5.4751,     10.9501,      1.2028,     27.9864,     55.9728,      0.0189,      0.0003,      0.0156,      0.1997,   7516.1880,-416188.9062,   -910.1060,    540.5707,  25053.9590,
       1,     166,     184,       9,       1,       3,       1,     10.0000,      1.3821,     42.3219,    243.7131,     61.3336,      3.4953,      0.0890,      0.0580,      2.3905,      0.1390,      5.4751,     10.9501,      1.2286,     27.9864,     55.9728,      0.0189,      0.0003,      0.1107,      0.1997,   7516.1880,-416175.2500,   -910.1427,    540.5716,  25053.9590,
       1,     166,     184,      10,       1,       3,       1,     10.0000,      1.3821,     42.3219,    243.7131,     61.3336,      3.4953,      0.1192,      0.0878,      3.6682,      0.1507,      5.4751,     10.9501,      1.3318,     27.9864,     55.9728,      0.0189,      0.0003,      0.1549,      0.1997,   7516.1880,-418748.5625,   -911.0192,    540.3977,  25053.9609,
       1,     166,     184,      11,       1,       3,       1,     10.0000,      1.3821,     42.3219,    243.7131,     61.3336,      3.4953,      0.1811,      0.1485,      7.5443,      0.1886,      5.4751,     10.9501,      1.6669,     27.9864,     55.9728,      0.0189,      0.0004,      0.2463,      0.1997,   7516.1885,-420594.4375,   -911.9282,    540.2731,  25053.9590,
       1,     166,     184,      12,       1,       3,       1,     10.0000,      1.3821,     42.3219,    243.7131,     61.3336,      3.4953,      0.1736,      0.1407,      7.5111,      0.1957,      5.4751,     10.9501,      1.7291,     27.9864,     55.9728,      0.0189,      0.0004,      0.2351,      0.1997,   7516.1880,-425682.8438,   -914.4630,    539.9294,  25053.9590,
       1,     166,     184,      13,       1,       3,       1,     10.0000,      1.3821,     42.3219,    243.7131,     61.3336,      3.4953,      0.1674,      0.1345,      7.2999,      0.1976,      5.4751,     10.9501,      1.7462,     27.9864,     55.9728,      0.0189,      0.0004,      0.2259,      0.1996,   7516.1880,-426078.1562,   -915.4861,    539.9028,  25053.9570,
       1,     166,     184,      14,       1,       3,       1,     10.0000,      1.3821,     42.3219,    243.7131,     61.3336,      3.4953,      0.1836,      0.1503,      8.7653,      0.2121,      5.4751,     10.9501,      1.8746,     27.9864,     55.9728,      0.0189,      0.0004,      0.2500,      0.1996,   7516.1875,-425843.6562,   -916.3191,    539.9187,  25053.9590,
       1,     166,     184,      15,       1,       3,       1,     10.0000,      1.3821,     42.3219,    243.7131,     61.3336,      3.4953,      0.1843,      0.1511,     16.7802,      0.2068,      5.4751,     10.9501,      1.8272,     27.9864,     55.9728,      0.0189,      0.0008,      0.2500,      0.1996,   7516.1880,-427686.8438,   -918.0857,    539.7943,  25053.9590,
       1,     166,     184,      16,       1,       3,       1,     10.0000,      1.3821,     42.3219,    243.7131,     61.3336,      3.4953,      0.0646,      0.0318,     18.4351,      0.1922,      5.4751,     10.9501,      1.6986,     27.9864,     55.9728,      0.0189,      0.0032,      0.0714,      0.1996,   7516.1880,-438039.7188,   -920.9093,    539.0958,  25053.9570,
       1,     166,     184,      17,       1,       3,       1,     10.0000,      1.3821,     42.3219,    243.7131,     61.3336,      3.4953,      0.0850,      0.0533,     23.1936,      0.1583,      5.4751,     10.9501,      1.3989,     27.9864,     55.9728,      0.0189,      0.0028,      0.1019,      0.1996,   7516.1875,-441035.3750,   -915.2385,    538.8943,  25053.9590,
       1,     166,     184,      18,       1,       3,       1,     10.0000,      1.3821,     42.3219,    243.7131,     61.3336,      3.4953,      0.1621,      0.1302,     54.5057,      0.1656,      5.4751,     10.9501,      1.4633,     27.9864,     55.9728,      0.0189,      0.0032,      0.2123,      0.1996,   7516.1880,-447345.1250,   -916.4128,    538.4693,  25053.9590,
       1,     166,     184,      19,       1,       3,       1,     10.0000,      1.3821,     42.3219,    243.7131,     61.3336,      3.4953,      0.1209,      0.0889,     37.9767,      0.1703,      5.4751,     10.9501,      1.5048,     27.9864,     55.9728,      0.0189,      0.0031,      0.1532,      0.1996,   7516.1880,-487725.2188,   -925.0354,    535.7516,  25053.9590,
       1,     166,     184,      20,       1,       3,       1,     10.0000,      1.3821,     42.3219,    243.7131,     61.3336,      3.4953,      0.0451,      0.0132,      9.6717,      0.1663,      5.4751,     10.9501,      1.4692,     27.9864,     55.9728,      0.0189,      0.0027,      0.0443,      0.1996,   7516.1880,-470164.1562,   -922.8849,    536.9345,  25053.9590,
       1,     166,     184,      21,       1,       3,       1,     10.0000,      1.3821,     42.3219,    243.7131,     61.3336,      3.4953,      0.0000,     -0.0318,      3.0654,      0.1618,      5.4751,     10.9501,      1.4300,     27.9864,     55.9728,      0.0189,      0.0025,      0.0156,      0.1996,   7516.1880,-432631.1875,   -916.7121,    539.4549,  25053.9570,
       1,     166,     184,      22,       1,       3,       1,     10.0000,      1.3821,     42.3219,    243.7131,     61.3336,      3.4953,      0.0000,     -0.0317,      0.5580,      0.1602,      5.4751,     10.9501,      1.4158,     27.9864,     55.9728,      0.0189,      0.0004,      0.0156,      0.1996,   7516.1875,-421027.1250,   -914.9839,    540.2433,  25053.9590,
       1,     166,     184,      23,       1,       3,       1,     10.0000,      1.3821,     42.3219,    243.7131,     61.3336,      3.4953,      0.0000,     -0.0317,      1.3301,      0.1596,      5.4751,     10.9501,      1.4101,     27.9864,     55.9728,      0.0189,      0.0011,      0.0156,      0.1997,   7516.1880,-416835.5312,   -914.2538,    540.5269,  25053.9570,
       1,     166,     184,      24,       1,       3,       1,     10.0000,      1.3821,     42.3219,    243.7131,     61.3336,      3.4953,      0.0000,     -0.0317,      2.0890,      0.1591,      5.4751,     10.9501,      1.4059,     27.9864,     55.9728,      0.0189,      0.0017,      0.0156,      0.1997,   7516.1875,-417457.1250,   -914.4862,    540.4850,  25053.9609,
       1,     166,     185,       1,       1,       3,       1,     10.0000,      1.3821,     42.3222,    243.7189,     61.3349,      3.4953,      0.0000,     -0.0317,      2.1838,      0.1582,      5.4741,     10.9483,      1.3975,     27.9866,     55.9731,      0.0189,      0.0018,      0.0156,      0.1997,   7516.1885,-418631.8125,   -915.1683,    540.4186,  25055.0898,
       1,     166,     185,       2,       1,       3,       1,     10.0000,      1.3821,     42.3222,    243.7189,     61.3349,      3.4953,      0.0000,     -0.0316,      1.7351,      0.1558,      5.4741,     10.9483,      1.3767,     27.9866,     55.9731,      0.0189,      0.0014,      0.0156,      0.1997,   7516.5273,-418699.4062,   -915.1339,    540.4141,  25055.0879,
       1,     166,     185,       3,       1,       3,       1,     10.0000,      1.3821,     42.3222,    243.7189,     61.3349,      3.4953,      0.0000,     -0.0316,      1.6380,      0.1558,      5.4741,     10.9483,      1.3767,     27.9866,     55.9731,      0.0189,      0.0013,      0.0156,      0.1997,   7516.5269,-418134.9062,   -915.1991,    540.4522,  25055.0879,
       1,     166,     185,       4,       1,       3,       1,     10.0000,      1.3821,     42.3222,    243.7189,     61.3349,      3.4953,      0.0000,     -0.0315,      1.4706,      0.1527,      5.4741,     10.9483,      1.3493,     27.9866,     55.9731,      0.0189,      0.0012,      0.0156,      0.1997,   7516.5269,-417962.9062,   -915.3257,    540.4639,  25055.0898,
       1,     166,     185,       5,       1,       3,       1,     10.0000,      1.3821,     42.3222,    243.7189,     61.3349,      3.4953,      0.0000,     -0.0315,      1.5799,      0.1527,      5.4741,     10.9483,      1.3493,     27.9866,     55.9731,      0.0189,      0.0013,      0.0156,      0.1997,   7516.5273,-417735.0312,   -915.4225,    540.4792,  25055.0898,
       1,     166,     185,       6,       1,       3,       1,     10.0000,      1.3821,     42.3222,    243.7189,     61.3349,      3.4953,      0.0000,     -0.0314,      1.6237,      0.1504,      5.4741,     10.9483,      1.3291,     27.9866,     55.9731,      0.0189,      0.0013,      0.0156,      0.1997,   7516.5273,-417854.5625,   -915.5961,    540.4711,  25055.0898,
       1,     166,     185,       7,       1,       3,       1,     10.0000,      1.3821,     42.3222,    243.7189,     61.3349,      3.4953,      0.0000,     -0.0314,      1.4124,      0.1489,      5.4741,     10.9483,      1.3158,     27.9866,     55.9731,      0.0189,      0.0011,      0.0156,      0.1997,   7516.5273,-417920.3438,   -915.7609,    540.4667,  25055.0898,
       1,     166,     185,       8,       1,       3,       1,     10.0000,      1.3821,     42.3222,    243.7189,     61.3349,      3.4953,      0.0050,     -0.0265,      1.5745,      0.1549,      5.4741,     10.9483,      1.3684,     27.9866,     55.9731,      0.0189,      0.0013,      0.0156,      0.1997,   7516.5273,-417657.4375,   -915.8439,    540.4844,  25055.0898,
       1,     166,     185,       9,       1,       3,       1,     10.0000,      1.3821,     42.3222,    243.7189,     61.3349,      3.4953,      0.0900,      0.0581,     10.9451,      0.1651,      5.4741,     10.9483,      1.4590,     27.9866,     55.9731,      0.0189,      0.0012,      0.1106,      0.1997,   7516.5273,-417840.9688,   -916.0293,    540.4720,  25055.0898,
       1,     166,     185,      10,       1,       3,       1,     10.0000,      1.3821,     42.3222,    243.7189,     61.3349,      3.4953,      0.1673,      0.1349,     23.2799,      0.1815,      5.4741,     10.9483,      1.6038,     27.9866,     55.9731,      0.0189,      0.0013,      0.2238,      0.1997,   7516.5273,-429772.4062,   -918.4860,    539.6660,  25055.0898,
       1,     166,     185,      11,       1,       3,       1,     10.0000,      1.3821,     42.3222,    243.7189,     61.3349,      3.4953,      0.1848,      0.1519,     26.5496,      0.1941,      5.4741,     10.9483,      1.7155,     27.9866,     55.9731,      0.0189,      0.0013,      0.2495,      0.1997,   7516.5273,-446486.5312,   -922.1572,    538.5391,  25055.0879,
       1,     166,     185,      12,       1,       3,       1,     10.0000,      1.3821,     42.3222,    243.7189,     61.3349,      3.4953,      0.1854,      0.1524,     30.5629,      0.2000,      5.4741,     10.9483,      1.7671,     27.9866,     55.9731,      0.0189,      0.0015,      0.2500,      0.1997,   7516.5269,-452083.2188,   -924.0189,    538.1635,  25055.0898,
       1,     166,     185,      13,       1,       3,       1,     10.0000,      1.3821,     42.3222,    243.7189,     61.3349,      3.4953,      0.1862,      0.1529,     41.1233,      0.2082,      5.4741,     10.9483,      1.8399,     27.9866,     55.9731,      0.0189,      0.0021,      0.2500,      0.1997,   7516.5273,-457667.6875,   -925.9985,    537.7880,  25055.0898,
       1,     166,     185,      14,       1,       3,       1,     10.0000,      1.3821,     42.3222,    243.7189,     61.3349,      3.4953,      0.1706,      0.1372,     45.9613,      0.2126,      5.4741,     10.9483,      1.8783,     27.9866,     55.9731,      0.0189,      0.0025,      0.2262,      0.1996,   7516.5273,-471583.0312,   -929.6418,    536.8526,  25055.0898,
       1,     166,     185,      15,       1,       3,       1,     10.0000,      1.3821,     42.3222,    243.7189,     61.3349,      3.4953,      0.1797,      0.1463,     69.2418,      0.2153,      5.4741,     10.9483,      1.9024,     27.9866,     55.9731,      0.0189,      0.0037,      0.2372,      0.1996,   7516.5273,-478934.7500,   -931.7761,    536.3601,  25055.0898,
       1,     166,     185,      16,       1,       3,       1,     10.0000,      1.3821,     42.3222,    243.7189,     61.3349,      3.4953,      0.1277,      0.0944,     59.2734,      0.2088,      5.4741,     10.9483,      1.8453,     27.9866,     55.9731,      0.0189,      0.0046,      0.1605,      0.1996,   7516.5273,-509194.2500,   -938.3884,    534.3316,  25055.0898,
       1,     166,     185,      17,       1,       3,       1,     10.0000,      1.3821,     42.3222,    243.7189,     61.3349,      3.4953,      0.1773,      0.1443,     87.4346,      0.1980,      5.4741,     10.9483,      1.7497,     27.9866,     55.9731,      0.0189,      0.0047,      0.2312,      0.1996,   7516.5273,-499102.8750,   -937.2996,    535.0094,  25055.0879,
       1,     166,     185,      18,       1,       3,       1,     10.0000,      1.3821,     42.3222,    243.7189,     61.3349,      3.4953,      0.1595,      0.1265,     84.0008,      0.1982,      5.4741,     10.9483,      1.7515,     27.9866,     55.9731,      0.0189,      0.0051,      0.2051,      0.1996,   7516.5269,-534089.6250,   -944.8249,    532.6700,  25055.0879,
       1,     166,     185,      19,       1,       3,       1,     10.0000,      1.3821,     42.3222,    243.7189,     61.3349,      3.4953,      0.0513,      0.0189,     21.3650,      0.1815,      5.4741,     10.9483,      1.6038,     27.9866,     55.9731,      0.0189,      0.0052,      0.0516,      0.1996,   7516.5269,-532724.6875,   -945.4948,    532.7661,  25055.0898,
       1,     166,     185,      20,       1,       3,       1,     10.0000,      1.3821,     42.3222,    243.7189,     61.3349,      3.4953,      0.0373,      0.0053,     13.6858,      0.1684,      5.4741,     10.9483,      1.4884,     27.9866,     55.9731,      0.0189,      0.0053,      0.0321,      0.1996,   7516.5273,-452813.5312,   -930.9966,    538.0878,  25055.0898,
       1,     166,     185,      21,       1,       3,       1,     10.0000,      1.3821,     42.3222,    243.7189,     61.3349,      3.4953,      0.0004,     -0.0314,      5.7286,      0.1615,      5.4741,     10.9483,      1.4272,     27.9866,     55.9731,      0.0189,      0.0046,      0.0156,      0.1997,   7516.5273,-436292.2500,   -928.2040,    539.2257,  25055.0879,
       1,     166,     185,      22,       1,       3,       1,     10.0000,      1.3821,     42.3222,    243.7189,     61.3349,      3.4953,      0.0000,     -0.0317,      4.8842,      0.1585,      5.4741,     10.9483,      1.4003,     27.9866,     55.9731,      0.0189,      0.0039,      0.0156,      0.1997,   7516.5269,-424724.1250,   -926.2173,    540.0067,  25055.0879,
       1,     166,     185,      23,       1,       3,       1,     10.0000,      1.3821,     42.3222,    243.7189,     61.3349,      3.4953,      0.0000,     -0.0316,      4.7985,      0.1566,      5.4741,     10.9483,      1.3836,     27.9866,     55.9731,      0.0189,      0.0038,      0.0156,      0.1997,   7516.5269,-422657.5312,   -925.9661,    540.1467,  25055.0879,
       1,     166,     185,      24,       1,       3,       1,     10.0000,      1.3821,     42.3222,    243.7189,     61.3349,      3.4953,      0.0000,     -0.0315,      3.9755,      0.1541,      5.4741,     10.9483,      1.3616,     27.9866,     55.9731,      0.0189,      0.0032,      0.0156,      0.1997,   7516.5269,-422370.4062,   -926.0320,    540.1662,  25055.0879,
       1,     166,     186,       1,       1,       3,       1,     10.0000,      1.3821,     42.3226,    243.7247,     61.3365,      3.4953,      0.0000,     -0.0315,      3.1972,      0.1522,      5.4745,     10.9489,      1.3453,     27.9901,     55.9803,      0.0189,      0.0026,      0.0156,      0.1997,   7516.5269,-421455.0938,   -926.2245,    540.2406,  25056.2207,
       1,     166,     186,       2,       1,       3,       1,     10.0000,      1.3821,     42.3226,    243.7247,     61.3365,      3.4953,      0.0000,     -0.0315,      2.4654,      0.1522,      5.4745,     10.9489,      1.3453,     27.9901,     55.9803,      0.0189,      0.0020,      0.0156,      0.1997,   7516.8667,-420233.1562,   -925.7958,    540.3232,  25056.2188,
       1,     166,     186,       3,       1,       3,       1,     10.0000,      1.3821,     42.3226,    243.7247,     61.3365,      3.4953,      0.0000,     -0.0313,      1.9518,      0.1476,      5.4745,     10.9489,      1.3040,     27.9901,     55.9803,      0.0189,      0.0016,      0.0156,      0.1997,   7516.8657,-419197.8125,   -925.6498,    540.3931,  25056.2207,
       1,     166,     186,       4,       1,       3,       1,     10.0000,      1.3821,     42.3226,    243.7247,     61.3365,      3.4953,      0.0000,     -0.0313,      1.7509,      0.1470,      5.4745,     10.9489,      1.2987,     27.9901,     55.9803,      0.0189,      0.0014,      0.0156,      0.1997,   7516.8667,-418455.7812,   -925.5472,    540.4432,  25056.2168,
       1,     166,     186,       5,       1,       3,       1,     10.0000,      1.3821,     42.3226,    243.7247,     61.3365,      3.4953,      0.0000,     -0.0313,      1.6988,      0.1470,      5.4745,     10.9489,      1.2987,     27.9901,     55.9803,      0.0189,      0.0014,      0.0156,      0.1997,   7516.8652,-418137.1250,   -925.5208,    540.4647,  25056.2188,
       1,     166,     186,       6,       1,       3,       1,     10.0000,      1.3821,     42.3226,    243.7247,     61.3365,      3.4953,      0.0000,     -0.0312,      1.3887,      0.1455,      5.4745,     10.9489,      1.2857,     27.9901,     55.9803,      0.0189,      0.0011,      0.0156,      0.1997,   7516.8657,-418043.0625,   -925.5330,    540.4711,  25056.2168,
       1,     166,     186,       7,       1,       3,       1,     10.0000,      1.3821,     42.3226,    243.7247,     61.3365,      3.4953,      0.0000,     -0.0312,      1.5114,      0.1439,      5.4745,     10.9489,      1.2716,     27.9901,     55.9803,      0.0189,      0.0012,      0.0156,      0.1997,   7516.8652,-417641.1875,   -924.1295,    540.4982,  25056.2168,
       1,     166,     186,       8,       1,       3,       1,     10.0000,      1.3821,     42.3226,    243.7247,     61.3365,      3.4953,      0.0183,     -0.0129,      0.3348,      0.1438,      5.4745,     10.9489,      1.2703,     27.9901,     55.9803,      0.0189,      0.0006,      0.0065,      0.1997,   7516.8652,-417762.6250,   -924.1993,    540.4900,  25056.2188,
       1,     166,     186,       9,       1,       3,       1,     10.0000,      1.3821,     42.3226,    243.7247,     61.3365,      3.4953,      0.1155,      0.0841,      7.3297,      0.1498,      5.4745,     10.9489,      1.3238,     27.9901,     55.9803,      0.0189,      0.0006,      0.1490,      0.1997,   7516.8657,-416276.7188,   -923.9548,    540.5904,  25056.2168,
       1,     166,     186,      10,       1,       3,       1,     10.0000,      1.3821,     42.3226,    243.7247,     61.3365,      3.4953,      0.1571,      0.1251,     11.5846,      0.1679,      5.4745,     10.9489,      1.4840,     27.9901,     55.9803,      0.0189,      0.0007,      0.2099,      0.1997,   7516.8652,-425042.9062,   -921.5572,    539.9981,  25056.2188,
       1,     166,     186,      11,       1,       3,       1,     10.0000,      1.3821,     42.3226,    243.7247,     61.3365,      3.4953,      0.1813,      0.1488,     12.8386,      0.1853,      5.4745,     10.9489,      1.6376,     27.9901,     55.9803,      0.0189,      0.0007,      0.2458,      0.1997,   7516.8657,-431206.8750,   -923.1881,    539.5823,  25056.2168,
       1,     166,     186,      12,       1,       3,       1,     10.0000,      1.3821,     42.3226,    243.7247,     61.3365,      3.4953,      0.1510,      0.1182,      7.8295,      0.1957,      5.4745,     10.9489,      1.7292,     27.9901,     55.9803,      0.0189,      0.0005,      0.2014,      0.1997,   7516.8652,-433331.0938,   -924.2965,    539.4391,  25056.2188,
       1,     166,     186,      13,       1,       3,       1,     10.0000,      1.3821,     42.3226,    243.7247,     61.3365,      3.4953,      0.0714,      0.0383,      3.3301,      0.2016,      5.4745,     10.9489,      1.7811,     27.9901,     55.9803,      0.0189,      0.0005,      0.0830,      0.1997,   7516.8657,-427142.8438,   -923.5280,    539.8565,  25056.2188,
       1,     166,     186,      14,       1,       3,       1,     10.0000,      1.3821,     42.3226,    243.7247,     61.3365,      3.4953,      0.0139,     -0.0194,      0.7187,      0.2095,      5.4745,     10.9489,      1.8508,     27.9901,     55.9803,      0.0189,      0.0006,      0.0156,      0.1997,   7516.8657,-420890.5312,   -922.4902,    540.2786,  25056.2207,
       1,     166,     186,      15,       1,       3,       1,     10.0000,      1.3821,     42.3226,    243.7247,     61.3365,      3.4953,      0.1267,      0.0937,     21.4952,      0.2008,      5.4745,     10.9489,      1.7741,     27.9901,     55.9803,      0.0189,      0.0016,      0.1635,      0.1997,   7516.8667,-417033.4688,   -921.8105,    540.5392,  25056.2207,
       1,     166,     186,      16,       1,       3,       1,     10.0000,      1.3821,     42.3226,    243.7247,     61.3365,      3.4953,      0.1588,      0.1258,     47.1110,      0.1986,      5.4745,     10.9489,      1.7550,     27.9901,     55.9803,      0.0189,      0.0028,      0.2083,      0.1997,   7516.8667,-443117.9375,   -927.0482,    538.7768,  25056.2188,
       1,     166,     186,      17,       1,       3,       1,     10.0000,      1.3821,     42.3226,    243.7247,     61.3365,      3.4953,      0.1631,      0.1308,     56.1527,      0.1792,      5.4745,     10.9489,      1.5832,     27.9901,     55.9803,      0.0189,      0.0033,      0.2137,      0.1997,   7516.8657,-477947.1875,   -934.2287,    536.4341,  25056.2188,
       1,     166,     186,      18,       1,       3,       1,     10.0000,      1.3821,     42.3226,    243.7247,     61.3365,      3.4953,      0.1318,      0.0997,     47.6492,      0.1710,      5.4745,     10.9489,      1.5109,     27.9901,     55.9803,      0.0189,      0.0035,      0.1681,      0.1997,   7516.8657,-492450.6562,   -937.7524,    535.4666,  25056.2188,
       1,     166,     186,      19,       1,       3,       1,     10.0000,      1.3821,     42.3226,    243.7247,     61.3365,      3.4953,      0.1146,      0.0831,     43.1054,      0.1549,      5.4745,     10.9489,      1.3684,     27.9901,     55.9803,      0.0189,      0.0038,      0.1435,      0.1996,   7516.8657,-482864.8125,   -936.6202,    536.1091,  25056.2168,
       1,     166,     186,      20,       1,       3,       1,     10.0000,      1.3821,     42.3226,    243.7247,     61.3365,      3.4953,      0.0294,     -0.0016,      5.9315,      0.1381,      5.4745,     10.9489,      1.2200,     27.9901,     55.9803,      0.0189,      0.0033,      0.0225,      0.1996,   7516.8652,-476261.9375,   -925.3621,    536.5520,  25056.1074,
       1,     166,     186,      21,       1,       3,       1,     10.0000,      1.3821,     42.3226,    243.7247,     61.3365,      3.4953,      0.0001,     -0.0308,      3.8894,      0.1371,      5.4745,     10.9489,      1.2114,     27.9901,     55.9803,      0.0189,      0.0031,      0.0156,      0.1997,   7516.8325,-428404.5938,   -917.4210,    539.7620,  25056.2188,
       1,     166,     186,      22,       1,       3,       1,     10.0000,      1.3821,     42.3226,    243.7247,     61.3365,      3.4953,      0.0000,     -0.0310,      3.1281,      0.1381,      5.4745,     10.9489,      1.2200,     27.9901,     55.9803,      0.0189,      0.0025,      0.0156,      0.1997,   7516.8657,-421721.9688,   -916.6614,    540.2224,  25056.2168,
       1,     166,     186,      23,       1,       3,       1,     10.0000,      1.3821,     42.3226,    243.7247,     61.3365,      3.4953,      0.0000,     -0.0311,      3.1435,      0.1417,      5.4745,     10.9489,      1.2525,     27.9901,     55.9803,      0.0189,      0.0025,      0.0156,      0.1997,   7516.8652,-420168.9062,   -916.7399,    540.3275,  25056.2188,
       1,     166,     186,      24,       1,       3,       1,     10.0000,      1.3821,     42.3226,    243.7247,     61.3365,      3.4953,      0.0000,     -0.0312,      2.0702,      0.1455,      5.4745,     10.9489,      1.2857,     27.9901,     55.9803,      0.0189,      0.0017,      0.0156,      0.1997,   7516.8657,-420054.4688,   -917.0364,    540.3352,  25056.2168,
       1,     166,     187,       1,       1,       3,       1,     10.0000,      1.3821,     42.3229,    243.7305,     61.3379,      3.4953,      0.0000,     -0.0313,      0.4150,      0.1474,      5.4749,     10.9497,      1.3027,     27.9866,     55.9733,      0.0189,      0.0003,      0.0156,      0.1997,   7516.8652,-418836.7188,   -917.2556,    540.4304,  25057.3496,
       1,     166,     187,       2,       1,       3,       1,     10.0000,      1.3821,     42.3229,    243.7305,     61.3379,      3.4953,      0.0000,     -0.0314,      0.3775,      0.1489,      5.4749,     10.9497,      1.3159,     27.9866,     55.9733,      0.0189,      0.0003,      0.0156,      0.1997,   7517.2051,-416473.7500,   -916.5742,    540.5900,  25057.3477,
       1,     166,     187,       3,       1,       3,       1,     10.0000,      1.3821,     42.3229,    243.7305,     61.3379,      3.4953,      0.0000,     -0.0313,      0.4015,      0.1482,      5.4749,     10.9497,      1.3093,     27.9866,     55.9733,      0.0189,      0.0003,      0.0156,      0.1997,   7517.2046,-416223.2188,   -913.6219,    540.6069,  25057.3496,
       1,     166,     187,       4,       1,       3,       1,     10.0000,      1.3821,     42.3229,    243.7305,     61.3379,      3.4953,      0.0000,     -0.0313,      0.3654,      0.1474,      5.4749,     10.9497,      1.3027,     27.9866,     55.9733,      0.0189,      0.0003,      0.0156,      0.1997,   7517.2051,-416232.1250,   -913.6310,    540.6063,  25057.3496,
       1,     166,     187,       5,       1,       3,       1,     10.0000,      1.3821,     42.3229,    243.7305,     61.3379,      3.4953,      0.0000,     -0.0313,      0.3610,      0.1477,      5.4749,     10.9497,      1.3053,     27.9866,     55.9733,      0.0189,      0.0003,      0.0156,      0.1997,   7517.2051,-416186.9375,   -913.6253,    540.6094,  25057.3496,
       1,     166,     187,       6,       1,       3,       1,     10.0000,      1.3821,     42.3229,    243.7305,     61.3379,      3.4953,      0.0000,     -0.0312,      0.3536,      0.1451,      5.4749,     10.9497,      1.2819,     27.9866,     55.9733,      0.0189,      0.0003,      0.0156,      0.1997,   7517.2051,-416177.4688,   -913.6251,    540.6100,  25057.3477,
       1,     166,     187,       7,       1,       3,       1,     10.0000,      1.3821,     42.3229,    243.7305,     61.3379,      3.4953,      0.0000,     -0.0311,      0.3553,      0.1420,      5.4749,     10.9497,      1.2550,     27.9866,     55.9733,      0.0189,      0.0003,      0.0156,      0.1997,   7517.2046,-416167.4688,   -913.6252,    540.6107,  25057.3496,
       1,     166,     187,       8,       1,       3,       1,     10.0000,      1.3821,     42.3229,    243.7305,     61.3379,      3.4953,      0.0076,     -0.0234,      0.3801,      0.1392,      5.4749,     10.9497,      1.2299,     27.9866,     55.9733,      0.0189,      0.0003,      0.0156,      0.1997,   7517.2051,-416168.5938,   -913.6283,    540.6107,  25057.3477,
       1,     166,     187,       9,       1,       3,       1,     10.0000,      1.3821,     42.3229,    243.7305,     61.3379,      3.4953,      0.1134,      0.0820,      3.5803,      0.1495,      5.4749,     10.9497,      1.3212,     27.9866,     55.9733,      0.0189,      0.0003,      0.1463,      0.1997,   7517.2046,-416200.3750,   -913.6633,    540.6085,  25057.3477,
       1,     166,     187,      10,       1,       3,       1,     10.0000,      1.3821,     42.3229,    243.7305,     61.3379,      3.4953,      0.1643,      0.1320,      6.2987,      0.1760,      5.4749,     10.9497,      1.5552,     27.9866,     55.9733,      0.0189,      0.0004,      0.2212,      0.1997,   7517.2046,-420271.4062,   -914.9536,    540.3334,  25057.3477,
       1,     166,     187,      11,       1,       3,       1,     10.0000,      1.3821,     42.3229,    243.7305,     61.3379,      3.4953,      0.1800,      0.1471,      9.4260,      0.1970,      5.4749,     10.9497,      1.7412,     27.9866,     55.9733,      0.0189,      0.0005,      0.2445,      0.1997,   7517.2046,-424077.2500,   -916.4069,    540.0764,  25057.3477,
       1,     166,     187,      12,       1,       3,       1,     10.0000,      1.3821,     42.3229,    243.7305,     61.3379,      3.4953,      0.1843,      0.1510,     17.8426,      0.2130,      5.4749,     10.9497,      1.8821,     27.9866,     55.9733,      0.0189,      0.0009,      0.2500,      0.1997,   7517.2046,-428380.2500,   -918.2463,    539.7860,  25057.3477,
       1,     166,     187,      13,       1,       3,       1,     10.0000,      1.3821,     42.3229,    243.7305,     61.3379,      3.4953,      0.1795,      0.1467,     19.8727,      0.1934,      5.4749,     10.9497,      1.7088,     27.9866,     55.9733,      0.0189,      0.0010,      0.2424,      0.1997,   7517.2046,-439451.4062,   -921.8985,    539.0391,  25057.3477,
       1,     166,     187,      14,       1,       3,       1,     10.0000,      1.3821,     42.3229,    243.7305,     61.3379,      3.4953,      0.1853,      0.1529,     27.0674,      0.1804,      5.4749,     10.9497,      1.5943,     27.9866,     55.9733,      0.0189,      0.0014,      0.2500,      0.1997,   7517.2046,-442984.6250,   -918.1874,    538.8015,  25057.3496,
       1,     166,     187,      15,       1,       3,       1,     10.0000,      1.3821,     42.3229,    243.7305,     61.3379,      3.4953,      0.1881,      0.1551,     64.5928,      0.2002,      5.4749,     10.9497,      1.7689,     27.9866,     55.9733,      0.0189,      0.0032,      0.2500,      0.1997,   7517.2051,-452437.0000,   -921.4894,    538.1650,  25057.3477,
       1,     166,     187,      16,       1,       3,       1,     10.0000,      1.3821,     42.3229,    243.7305,     61.3379,      3.4953,      0.1610,      0.1284,     67.2996,      0.1898,      5.4749,     10.9497,      1.6770,     27.9866,     55.9733,      0.0189,      0.0040,      0.2093,      0.1997,   7517.2046,-500978.4688,   -932.2849,    534.9000,  25057.3457,
       1,     166,     187,      17,       1,       3,       1,     10.0000,      1.3821,     42.3229,    243.7305,     61.3379,      3.4953,      0.0638,      0.0314,     25.5050,      0.1815,      5.4749,     10.9497,      1.6038,     27.9866,     55.9733,      0.0189,      0.0046,      0.0697,      0.1997,   7517.2041,-508611.8438,   -935.0502,    534.3994,  25057.3496,
       1,     166,     187,      18,       1,       3,       1,     10.0000,      1.3821,     42.3229,    243.7305,     61.3379,      3.4953,      0.0731,      0.0405,     23.6274,      0.1870,      5.4749,     10.9497,      1.6523,     27.9866,     55.9733,      0.0189,      0.0035,      0.0836,      0.1996,   7517.2051,-456046.8125,   -926.3138,    537.9110,  25057.3457,
       1,     166,     187,      19,       1,       3,       1,     10.0000,      1.3821,     42.3229,    243.7305,     61.3379,      3.4953,      0.0499,      0.0175,     10.2673,      0.1802,      5.4749,     10.9497,      1.5927,     27.9866,     55.9733,      0.0189,      0.0025,      0.0509,      0.1997,   7517.2041,-449196.7188,   -925.6969,    538.3831,  25057.3457,
       1,     166,     187,      20,       1,       3,       1,     10.0000,      1.3821,     42.3229,    243.7305,     61.3379,      3.4953,      0.0192,     -0.0128,      1.9174,      0.1695,      5.4749,     10.9497,      1.4974,     27.9866,     55.9733,      0.0189,      0.0036,      0.0066,      0.1997,   7517.2041,-431603.1875,   -922.8630,    539.5673,  25057.3457,
       1,     166,     187,      21,       1,       3,       1,     10.0000,      1.3821,     42.3229,    243.7305,     61.3379,      3.4953,      0.0001,     -0.0317,      4.2021,      0.1622,      5.4749,     10.9497,      1.4330,     27.9866,     55.9733,      0.0189,      0.0034,      0.0156,      0.1997,   7517.2041,-419480.5938,   -921.0437,    540.3862,  25057.3438,
       1,     166,     187,      22,       1,       3,       1,     10.0000,      1.3821,     42.3229,    243.7305,     61.3379,      3.4953,      0.0000,     -0.0317,      3.4797,      0.1599,      5.4749,     10.9497,      1.4131,     27.9866,     55.9733,      0.0189,      0.0028,      0.0156,      0.1997,   7517.2036,-421345.1250,   -921.7237,    540.2609,  25057.3457,
       1,     166,     187,      23,       1,       3,       1,     10.0000,      1.3821,     42.3229,    243.7305,     61.3379,      3.4953,      0.0000,     -0.0317,      3.9522,      0.1588,      5.4749,     10.9497,      1.4032,     27.9866,     55.9733,      0.0189,      0.0032,      0.0156,      0.1997,   7517.2041,-420585.7500,   -921.8539,    540.3123,  25057.3438,
       1,     166,     187,      24,       1,       3,       1,     10.0000,      1.3821,     42.3229,    243.7305,     61.3379,      3.4953,      0.0000,     -0.0317,      4.2440,      0.1593,      5.4749,     10.9497,      1.4074,     27.9866,     55.9733,      0.0189,      0.0034,      0.0156,      0.1997,   7517.2036,-421121.5000,   -922.2405,    540.2761,  25057.3477,
       1,     166,     188,       1,       1,       3,       1,     10.0000,      1.3821,     42.3232,    243.7363,     61.3394,      3.4953,      0.0000,     -0.0317,      3.6281,      0.1598,      5.4750,     10.9500,      1.4117,     27.9865,     55.9731,      0.0189,      0.0029,      0.0156,      0.1998,   7517.2046,-421694.1562,   -922.9086,    540.2502,  25058.4746,
       1,     166,     188,       2,       1,       3,       1,     10.0000,      1.3821,     42.3232,    243.7363,     61.3394,      3.4953,      0.0000,     -0.0318,      2.7777,      0.1606,      5.4750,     10.9500,      1.4188,     27.9865,     55.9731,      0.0189,      0.0022,      0.0156,      0.1998,   7517.5425,-420806.8438,   -922.7402,    540.3102,  25058.4766,
       1,     166,     188,       3,       1,       3,       1,     10.0000,      1.3821,     42.3232,    243.7363,     61.3394,      3.4953,      0.0000,     -0.0317,      2.3940,      0.1593,      5.4750,     10.9500,      1.4075,     27.9865,     55.9731,      0.0189,      0.0019,      0.0156,      0.1998,   7517.5435,-419649.4375,   -922.7048,    540.3883,  25058.4746,
       1,     166,     188,       4,       1,       3,       1,     10.0000,      1.3821,     42.3232,    243.7363,     61.3394,      3.4953,      0.0000,     -0.0316,      2.1281,      0.1546,      5.4750,     10.9500,      1.3658,     27.9865,     55.9731,      0.0189,      0.0017,      0.0156,      0.1998,   7517.5425,-419062.5312,   -922.7454,    540.4280,  25058.4766,
       1,     166,     188,       5,       1,       3,       1,     10.0000,      1.3821,     42.3232,    243.7363,     61.3394,      3.4953,      0.0000,     -0.0314,      1.9354,      0.1495,      5.4750,     10.9500,      1.3212,     27.9865,     55.9731,      0.0189,      0.0016,      0.0156,      0.1998,   7517.5435,-418674.0000,   -922.8016,    540.4543,  25058.4766,
       1,     166,     188,       6,       1,       3,       1,     10.0000,      1.3821,     42.3232,    243.7363,     61.3394,      3.4953,      0.0000,     -0.0314,      1.7433,      0.1492,      5.4750,     10.9500,      1.3186,     27.9865,     55.9731,      0.0189,      0.0014,      0.0156,      0.1998,   7517.5435,-418395.5938,   -922.8559,    540.4731,  25058.4766,
       1,     166,     188,       7,       1,       3,       1,     10.0000,      1.3821,     42.3232,    243.7363,     61.3394,      3.4953,      0.0000,     -0.0313,      1.8096,      0.1471,      5.4750,     10.9500,      1.3001,     27.9865,     55.9731,      0.0189,      0.0015,      0.0156,      0.1998,   7517.5435,-418127.4375,   -922.9032,    540.4911,  25058.4766,
       1,     166,     188,       8,       1,       3,       1,     10.0000,      1.3821,     42.3232,    243.7363,     61.3394,      3.4953,      0.0057,     -0.0257,      1.9104,      0.1500,      5.4750,     10.9500,      1.3252,     27.9865,     55.9731,      0.0189,      0.0015,      0.0156,      0.1998,   7517.5435,-418188.7500,   -923.0078,    540.4870,  25058.4766,
       1,     166,     188,       9,       1,       3,       1,     10.0000,      1.3821,     42.3232,    243.7363,     61.3394,      3.4953,      0.0265,     -0.0050,      1.8522,      0.1543,      5.4750,     10.9500,      1.3630,     27.9865,     55.9731,      0.0189,      0.0013,      0.0181,      0.1998,   7517.5435,-418322.2500,   -923.1398,    540.4780,  25058.4766,
       1,     166,     188,      10,       1,       3,       1,     10.0000,      1.3821,     42.3232,    243.7363,     61.3394,      3.4953,      0.1033,      0.0707,     13.7410,      0.1861,      5.4750,     10.9500,      1.6441,     27.9865,     55.9731,      0.0189,      0.0013,      0.1297,      0.1998,   7517.5435,-418259.5938,   -923.2322,    540.4822,  25058.4746,
       1,     166,     188,      11,       1,       3,       1,     10.0000,      1.3821,     42.3232,    243.7363,     61.3394,      3.4953,      0.1180,      0.0855,     17.4031,      0.1848,      5.4750,     10.9500,      1.6328,     27.9865,     55.9731,      0.0189,      0.0014,      0.1511,      0.1998,   7517.5425,-433366.8750,   -926.2721,    539.4615,  25058.4766,
       1,     166,     188,      12,       1,       3,       1,     10.0000,      1.3821,     42.3232,    243.7363,     61.3394,      3.4953,      0.0917,      0.0584,     15.0773,      0.2082,      5.4750,     10.9500,      1.8400,     27.9865,     55.9731,      0.0189,      0.0017,      0.1119,      0.1997,   7517.5435,-439322.6562,   -927.6624,    539.0609,  25058.4766,
       1,     166,     188,      13,       1,       3,       1,     10.0000,      1.3821,     42.3232,    243.7363,     61.3394,      3.4953,      0.1074,      0.0740,     13.3689,      0.2149,      5.4750,     10.9500,      1.8988,     27.9865,     55.9731,      0.0189,      0.0012,      0.1355,      0.1997,   7517.5435,-436875.5312,   -927.4526,    539.2260,  25058.4785,
       1,     166,     188,      14,       1,       3,       1,     10.0000,      1.3821,     42.3232,    243.7363,     61.3394,      3.4953,      0.1410,      0.1075,     15.6072,      0.2198,      5.4750,     10.9500,      1.9421,     27.9865,     55.9731,      0.0189,      0.0011,      0.1855,      0.1997,   7517.5439,-434493.1250,   -927.2272,    539.3865,  25058.4746,
       1,     166,     188,      15,       1,       3,       1,     10.0000,      1.3821,     42.3232,    243.7363,     61.3394,      3.4953,      0.1550,      0.1227,     42.7518,      0.1786,      5.4750,     10.9500,      1.5786,     27.9865,     55.9731,      0.0189,      0.0026,      0.2032,      0.1997,   7517.5425,-437135.0312,   -925.1066,    539.2085,  25058.4785,
       1,     166,     188,      16,       1,       3,       1,     10.0000,      1.3821,     42.3232,    243.7363,     61.3394,      3.4953,      0.1356,      0.1024,     45.4594,      0.2082,      5.4750,     10.9500,      1.8400,     27.9865,     55.9731,      0.0189,      0.0033,      0.1740,      0.1997,   7517.5439,-471875.5938,   -932.2770,    536.8669,  25058.4766,
       1,     166,     188,      17,       1,       3,       1,     10.0000,      1.3821,     42.3232,    243.7363,     61.3394,      3.4953,      0.0867,      0.0534,     36.5570,      0.2097,      5.4750,     10.9500,      1.8528,     27.9865,     55.9731,      0.0189,      0.0045,      0.1018,      0.1997,   7517.5435,-478313.7188,   -934.2149,    536.4400,  25058.4766,
       1,     166,     188,      18,       1,       3,       1,     10.0000,      1.3821,     42.3232,    243.7363,     61.3394,      3.4953,      0.0808,      0.0474,     38.7567,      0.2130,      5.4750,     10.9500,      1.8821,     27.9865,     55.9731,      0.0189,      0.0052,      0.0928,      0.1997,   7517.5435,-467532.6250,   -932.8774,    537.1631,  25058.4766,
       1,     166,     188,      19,       1,       3,       1,     10.0000,      1.3821,     42.3232,    243.7363,     61.3394,      3.4953,      0.0568,      0.0243,     24.1052,      0.1808,      5.4750,     10.9500,      1.5975,     27.9865,     55.9731,      0.0189,      0.0051,      0.0594,      0.1997,   7517.5435,-469409.1250,   -933.9063,    537.0375,  25058.4766,
       1,     166,     188,      20,       1,       3,       1,     10.0000,      1.3821,     42.3232,    243.7363,     61.3394,      3.4953,      0.0131,     -0.0186,      2.7474,      0.1586,      5.4750,     10.9500,      1.4018,     27.9865,     55.9731,      0.0189,      0.0022,      0.0156,      0.1997,   7517.5435,-450930.9375,   -930.9968,    538.2780,  25058.4766,
       1,     166,     188,      21,       1,       3,       1,     10.0000,      1.3821,     42.3232,    243.7363,     61.3394,      3.4953,      0.0001,     -0.0313,      3.7590,      0.1485,      5.4750,     10.9500,      1.3119,     27.9865,     55.9731,      0.0189,      0.0030,      0.0156,      0.1997,   7517.5435,-422190.5625,   -924.4108,    540.2133,  25058.4766,
       1,     166,     188,      22,       1,       3,       1,     10.0000,      1.3821,     42.3232,    243.7363,     61.3394,      3.4953,      0.0000,     -0.0314,      4.4999,      0.1494,      5.4750,     10.9500,      1.3199,     27.9865,     55.9731,      0.0189,      0.0036,      0.0156,      0.1998,   7517.5435,-421020.0312,   -924.4114,    540.2958,  25058.4766,
       1,     166,     188,      23,       1,       3,       1,     10.0000,      1.3821,     42.3232,    243.7363,     61.3394,      3.4953,      0.0000,     -0.0316,      5.1721,      0.1558,      5.4750,     10.9500,      1.3768,     27.9865,     55.9731,      0.0189,      0.0041,      0.0156,      0.1998,   7517.5435,-421856.9375,   -924.8316,    540.2392,  25058.4746,
       1,     166,     188,      24,       1,       3,       1,     10.0000,      1.3821,     42.3232,    243.7363,     61.3394,      3.4953,      0.0000,     -0.0317,      3.1359,      0.1590,      5.4750,     10.9500,      1.4046,     27.9865,     55.9731,      0.0189,      0.0025,      0.0156,      0.1998,   7517.5425,-422783.6250,   -925.3159,    540.1766,  25058.4766,
       1,     166,     189,       1,       1,       3,       1,     10.0000,      1.3822,     42.3236,    243.7421,     61.3408,      3.4953,      0.0000,     -0.0317,      1.5918,      0.1583,      5.4755,     10.9510,      1.3991,     27.9751,     55.9502,      0.0189,      0.0013,      0.0156,      0.1998,   7517.5435,-420430.6562,   -925.3302,    540.3485,  25059.6055,
       1,     166,     189,       2,       1,       3,       1,     10.0000,      1.3822,     42.3236,    243.7421,     61.3408,      3.4953,      0.0000,     -0.0317,      0.7162,      0.1586,      5.4755,     10.9510,      1.4019,     27.9751,     55.9502,      0.0189,      0.0006,      0.0156,      0.1998,   7517.8818,-418112.3125,   -924.7123,    540.5050,  25059.6055,
       1,     166,     189,       3,       1,       3,       1,     10.0000,      1.3822,     42.3236,    243.7421,     61.3408,      3.4953,      0.0000,     -0.0316,      0.5646,      0.1574,      5.4755,     10.9510,      1.3907,     27.9751,     55.9502,      0.0189,      0.0005,      0.0156,      0.1998,   7517.8818,-416800.5625,   -924.4904,    540.5938,  25059.6055,
       1,     166,     189,       4,       1,       3,       1,     10.0000,      1.3822,     42.3236,    243.7421,     61.3408,      3.4953,      0.0000,     -0.0316,      0.7274,      0.1574,      5.4755,     10.9510,      1.3907,     27.9751,     55.9502,      0.0189,      0.0006,      0.0156,      0.1998,   7517.8818,-416495.0312,   -924.4464,    540.6144,  25059.6055,
       1,     166,     189,       5,       1,       3,       1,     10.0000,      1.3822,     42.3236,    243.7421,     61.3408,      3.4953,      0.0000,     -0.0316,      1.0270,      0.1571,      5.4755,     10.9510,      1.3879,     27.9751,     55.9502,      0.0189,      0.0008,      0.0156,      0.1998,   7517.8818,-416675.7500,   -924.5031,    540.6022,  25059.6035,
       1,     166,     189,       6,       1,       3,       1,     10.0000,      1.3822,     42.3236,    243.7421,     61.3408,      3.4953,      0.0000,     -0.0316,      1.0666,      0.1574,      5.4755,     10.9510,      1.3907,     27.9751,     55.9502,      0.0189,      0.0009,      0.0156,      0.1998,   7517.8813,-417072.2188,   -924.6196,    540.5754,  25059.6055,
       1,     166,     189,       7,       1,       3,       1,     10.0000,      1.3822,     42.3236,    243.7421,     61.3408,      3.4953,      0.0000,     -0.0316,      1.0902,      0.1572,      5.4755,     10.9510,      1.3893,     27.9751,     55.9502,      0.0189,      0.0009,      0.0156,      0.1998,   7517.8818,-417156.4688,   -924.6786,    540.5697,  25059.6035,
       1,     166,     189,       8,       1,       3,       1,     10.0000,      1.3822,     42.3236,    243.7421,     61.3408,      3.4953,      0.0072,     -0.0245,      0.9737,      0.1594,      5.4755,     10.9510,      1.4089,     27.9751,     55.9502,      0.0189,      0.0008,      0.0156,      0.1998,   7517.8813,-417193.8125,   -924.7300,    540.5671,  25059.6055,
       1,     166,     189,       9,       1,       3,       1,     10.0000,      1.3822,     42.3236,    243.7421,     61.3408,      3.4953,      0.0492,      0.0173,      2.8960,      0.1651,      5.4755,     10.9510,      1.4591,     27.9751,     55.9502,      0.0189,      0.0007,      0.0511,      0.1998,   7517.8818,-417048.9062,   -924.7455,    540.5769,  25059.6035,
       1,     166,     189,      10,       1,       3,       1,     10.0000,      1.3822,     42.3236,    243.7421,     61.3408,      3.4953,      0.1027,      0.0701,      9.5476,      0.1853,      5.4755,     10.9510,      1.6377,     27.9751,     55.9502,      0.0189,      0.0009,      0.1293,      0.1998,   7517.8813,-419479.8125,   -925.2839,    540.4127,  25059.6055,
       1,     166,     189,      11,       1,       3,       1,     10.0000,      1.3822,     42.3236,    243.7421,     61.3408,      3.4953,      0.1147,      0.0817,     10.7621,      0.2010,      5.4755,     10.9510,      1.7760,     27.9751,     55.9502,      0.0189,      0.0009,      0.1468,      0.1998,   7517.8818,-428142.8125,   -927.0807,    539.8275,  25059.6055,
       1,     166,     189,      12,       1,       3,       1,     10.0000,      1.3822,     42.3236,    243.7421,     61.3408,      3.4953,      0.0909,      0.0573,      9.0991,      0.2226,      5.4755,     10.9510,      1.9671,     27.9751,     55.9502,      0.0189,      0.0010,      0.1112,      0.1998,   7517.8818,-430431.2812,   -927.7056,    539.6734,  25059.6055,
       1,     166,     189,      13,       1,       3,       1,     10.0000,      1.3822,     42.3236,    243.7421,     61.3408,      3.4953,      0.1529,      0.1191,     20.7903,      0.2317,      5.4755,     10.9510,      2.0476,     27.9751,     55.9502,      0.0189,      0.0013,      0.2027,      0.1998,   7517.8818,-428513.3125,   -927.5060,    539.8028,  25059.6055,
       1,     166,     189,      14,       1,       3,       1,     10.0000,      1.3822,     42.3236,    243.7421,     61.3408,      3.4953,      0.1816,      0.1478,     30.3942,      0.2299,      5.4755,     10.9510,      2.0316,     27.9751,     55.9502,      0.0189,      0.0016,      0.2446,      0.1998,   7517.8818,-443210.4688,   -929.3439,    538.8112,  25059.6035,
       1,     166,     189,      15,       1,       3,       1,     10.0000,      1.3822,     42.3236,    243.7421,     61.3408,      3.4953,      0.1712,      0.1373,     46.9720,      0.2304,      5.4755,     10.9510,      2.0356,     27.9751,     55.9502,      0.0189,      0.0026,      0.2270,      0.1998,   7517.8813,-456685.1250,   -932.5320,    537.9045,  25059.6074,
       1,     166,     189,      16,       1,       3,       1,     10.0000,      1.3822,     42.3236,    243.7421,     61.3408,      3.4953,      0.1017,      0.0679,     36.1671,      0.2297,      5.4755,     10.9510,      2.0296,     27.9751,     55.9502,      0.0189,      0.0036,      0.1241,      0.1998,   7517.8823,-478923.1875,   -937.3902,    536.4100,  25059.6074,
       1,     166,     189,      17,       1,       3,       1,     10.0000,      1.3822,     42.3236,    243.7421,     61.3408,      3.4953,      0.0097,     -0.0236,      6.2713,      0.2105,      5.4755,     10.9510,      1.8601,     27.9751,     55.9502,      0.0189,      0.0050,      0.0156,      0.1997,   7517.8823,-467087.9688,   -935.6604,    537.2056,  25059.6055,
       1,     166,     189,      18,       1,       3,       1,     10.0000,      1.3822,     42.3236,    243.7421,     61.3408,      3.4953,      0.0156,     -0.0172,      0.1889,      0.1961,      5.4755,     10.9510,      1.7327,     27.9751,     55.9502,      0.0189,      0.0053,      0.0004,      0.1997,   7517.8818,-428049.4062,   -928.6457,    539.8277,  25059.6035,
       1,     166,     189,      19,       1,       3,       1,     10.0000,      1.3822,     42.3236,    243.7421,     61.3408,      3.4953,      0.0367,      0.0041,     12.2687,      0.1864,      5.4755,     10.9510,      1.6474,     27.9751,     55.9502,      0.0189,      0.0050,      0.0307,      0.1998,   7517.8813,-416990.6875,   -926.8248,    540.5803,  25059.6035,
       1,     166,     189,      20,       1,       3,       1,     10.0000,      1.3822,     42.3236,    243.7421,     61.3408,      3.4953,      0.0211,     -0.0112,      3.4744,      0.1792,      5.4755,     10.9510,      1.5833,     27.9751,     55.9502,      0.0189,      0.0049,      0.0089,      0.1998,   7517.8813,-431388.0000,   -929.8419,    539.6080,  25059.6035,
       1,     166,     189,      21,       1,       3,       1,     10.0000,      1.3822,     42.3236,    243.7421,     61.3408,      3.4953,      0.0001,     -0.0321,      5.7215,      0.1718,      5.4755,     10.9510,      1.5185,     27.9751,     55.9502,      0.0189,      0.0046,      0.0156,      0.1998,   7517.8813,-421446.2500,   -928.1884,    540.2795,  25059.6055,
       1,     166,     189,      22,       1,       3,       1,     10.0000,      1.3822,     42.3236,    243.7421,     61.3408,      3.4953,      0.0000,     -0.0321,      4.4585,      0.1715,      5.4755,     10.9510,      1.5155,     27.9751,     55.9502,      0.0189,      0.0036,      0.0156,      0.1998,   7517.8818,-423449.0938,   -928.7615,    540.1446,  25059.6035,
       1,     166,     189,      23,       1,       3,       1,     10.0000,      1.3822,     42.3236,    243.7421,     61.3408,      3.4953,      0.0000,     -0.0321,      3.4835,      0.1703,      5.4755,     10.9510,      1.5050,     27.9751,     55.9502,      0.0189,      0.0028,      0.0156,      0.1998,   7517.8813,-422015.5312,   -928.6350,    540.2415,  25059.6035,
       1,     166,     189,      24,       1,       3,       1,     10.0000,      1.3822,     42.3236,    243.7421,     61.3408,      3.4953,      0.0000,     -0.0319,      3.1350,      0.1663,      5.4755,     10.9510,      1.4693,     27.9751,     55.9502,      0.0189,      0.0025,      0.0156,      0.1998,   7517.8813,-420653.0000,   -928.4807,    540.3335,  25059.6035,
       1,     166,     190,       1,       1,       3,       1,     10.0000,      1.3822,     42.3239,    243.7478,     61.3423,      3.4953,      0.0000,     -0.0318,      2.8870,      0.1628,      5.4760,     10.9520,      1.4389,     27.9619,     55.9239,      0.0189,      0.0023,      0.0156,      0.1998,   7517.8813,-420249.5625,   -928.7681,    540.3737,  25060.7363,
       1,     166,     190,       2,       1,       3,       1,     10.0000,      1.3822,     42.3239,    243.7478,     61.3423,      3.4953,      0.0000,     -0.0317,      2.6323,      0.1579,      5.4760,     10.9520,      1.3949,     27.9619,     55.9239,      0.0189,      0.0021,      0.0156,      0.1998,   7518.2212,-419745.5938,   -928.4788,    540.4077,  25060.7344,
       1,     166,     190,       3,       1,       3,       1,     10.0000,      1.3822,     42.3239,    243.7478,     61.3423,      3.4953,      0.0000,     -0.0316,      2.4125,      0.1558,      5.4760,     10.9520,      1.3768,     27.9619,     55.9239,      0.0189,      0.0019,      0.0156,      0.1998,   7518.2207,-419378.8750,   -928.4755,    540.4324,  25060.7363,
       1,     166,     190,       4,       1,       3,       1,     10.0000,      1.3822,     42.3239,    243.7478,     61.3423,      3.4953,      0.0000,     -0.0317,      1.9226,      0.1601,      5.4760,     10.9520,      1.4146,     27.9619,     55.9239,      0.0189,      0.0015,      0.0156,      0.1998,   7518.2212,-419067.8438,   -928.4736,    540.4535,  25060.7344,
       1,     166,     190,       5,       1,       3,       1,     10.0000,      1.3822,     42.3239,    243.7478,     61.3423,      3.4953,      0.0000,     -0.0317,      1.8141,      0.1606,      5.4760,     10.9520,      1.4188,     27.9619,     55.9239,      0.0189,      0.0015,      0.0156,      0.1998,   7518.2207,-418418.6875,   -928.3941,    540.4973,  25060.7324,
       1,     166,     190,       6,       1,       3,       1,     10.0000,      1.3822,     42.3239,    243.7478,     61.3423,      3.4953,      0.0000,     -0.0318,      1.8852,      0.1615,      5.4760,     10.9520,      1.4274,     27.9619,     55.9239,      0.0189,      0.0015,      0.0156,      0.1998,   7518.2202,-418225.2188,   -928.3966,    540.5104,  25060.7344,
       1,     166,     190,       7,       1,       3,       1,     10.0000,      1.3822,     42.3239,    243.7478,     61.3423,      3.4953,      0.0000,     -0.0318,      1.8936,      0.1609,      5.4760,     10.9520,      1.4217,     27.9619,     55.9239,      0.0189,      0.0015,      0.0156,      0.1998,   7518.2207,-418298.8125,   -928.4501,    540.5054,  25060.7363,
       1,     166,     190,       8,       1,       3,       1,     10.0000,      1.3822,     42.3239,    243.7478,     61.3423,      3.4953,      0.0069,     -0.0248,      1.6391,      0.1599,      5.4760,     10.9520,      1.4132,     27.9619,     55.9239,      0.0189,      0.0013,      0.0156,      0.1998,   7518.2212,-418315.7500,   -928.4918,    540.5043,  25060.7344,
       1,     166,     190,       9,       1,       3,       1,     10.0000,      1.3822,     42.3239,    243.7478,     61.3423,      3.4953,      0.0657,      0.0336,      9.1138,      0.1715,      5.4760,     10.9520,      1.5155,     27.9619,     55.9239,      0.0189,      0.0015,      0.0747,      0.1998,   7518.2207,-417993.7812,   -928.4634,    540.5260,  25060.7344,
       1,     166,     190,      10,       1,       3,       1,     10.0000,      1.3822,     42.3239,    243.7478,     61.3423,      3.4953,      0.1619,      0.1291,     31.9384,      0.1942,      5.4760,     10.9520,      1.7157,     27.9619,     55.9239,      0.0189,      0.0019,      0.2147,      0.1998,   7518.2207,-427465.3750,   -930.3566,    539.8861,  25060.7324,
       1,     166,     190,      11,       1,       3,       1,     10.0000,      1.3822,     42.3239,    243.7478,     61.3423,      3.4953,      0.1817,      0.1485,     36.9588,      0.2074,      5.4760,     10.9520,      1.8329,     27.9619,     55.9239,      0.0189,      0.0019,      0.2438,      0.1998,   7518.2202,-457290.1875,   -936.3128,    537.8737,  25060.7344,
       1,     166,     190,      12,       1,       3,       1,     10.0000,      1.3822,     42.3239,    243.7478,     61.3423,      3.4953,      0.1861,      0.1525,     40.6330,      0.2196,      5.4760,     10.9520,      1.9403,     27.9619,     55.9239,      0.0189,      0.0020,      0.2500,      0.1998,   7518.2207,-466242.5000,   -938.3481,    537.2756,  25060.7344,
       1,     166,     190,      13,       1,       3,       1,     10.0000,      1.3822,     42.3239,    243.7478,     61.3423,      3.4953,      0.1805,      0.1465,     39.0182,      0.2361,      5.4760,     10.9520,      2.0859,     27.9619,     55.9239,      0.0189,      0.0020,      0.2420,      0.1998,   7518.2207,-471678.0938,   -939.7269,    536.9108,  25060.7344,
       1,     166,     190,      14,       1,       3,       1,     10.0000,      1.3822,     42.3239,    243.7478,     61.3423,      3.4953,      0.1539,      0.1198,     43.0568,      0.2426,      5.4760,     10.9520,      2.1436,     27.9619,     55.9239,      0.0189,      0.0027,      0.2016,      0.1998,   7518.2207,-470089.7188,   -939.7026,    537.0175,  25060.7344,
       1,     166,     190,      15,       1,       3,       1,     10.0000,      1.3822,     42.3239,    243.7478,     61.3423,      3.4953,      0.1847,      0.1505,     77.3903,      0.2447,      5.4760,     10.9520,      2.1625,     27.9619,     55.9239,      0.0189,      0.0040,      0.2438,      0.1998,   7518.2207,-475090.0000,   -940.9266,    536.6819,  25060.7344,
       1,     166,     190,      16,       1,       3,       1,     10.0000,      1.3822,     42.3239,    243.7478,     61.3423,      3.4953,      0.1813,      0.1475,     87.2464,      0.2272,      5.4760,     10.9520,      2.0080,     27.9619,     55.9239,      0.0189,      0.0046,      0.2374,      0.1998,   7518.2207,-519187.5625,   -949.8560,    533.7237,  25060.7344,
       1,     166,     190,      17,       1,       3,       1,     10.0000,      1.3822,     42.3239,    243.7478,     61.3423,      3.4953,      0.1247,      0.0915,     63.6468,      0.2095,      5.4760,     10.9520,      1.8510,     27.9619,     55.9239,      0.0189,      0.0051,      0.1555,      0.1997,   7518.2207,-535531.1250,   -953.4934,    532.6415,  25060.7324,
       1,     166,     190,      18,       1,       3,       1,     10.0000,      1.3822,     42.3239,    243.7478,     61.3423,      3.4953,      0.1046,      0.0717,     59.1595,      0.1984,      5.4760,     10.9520,      1.7534,     27.9619,     55.9239,      0.0189,      0.0059,      0.1262,      0.1997,   7518.2202,-506876.0625,   -948.3065,    534.5504,  25060.7324,
       1,     166,     190,      19,       1,       3,       1,     10.0000,      1.3822,     42.3239,    243.7478,     61.3423,      3.4953,      0.0833,      0.0506,     46.5268,      0.1887,      5.4760,     10.9520,      1.6672,     27.9619,     55.9239,      0.0189,      0.0061,      0.0960,      0.1997,   7518.2202,-498726.4688,   -947.0248,    535.0984,  25060.7344,
       1,     166,     190,      20,       1,       3,       1,     10.0000,      1.3822,     42.3239,    243.7478,     61.3423,      3.4953,      0.0205,     -0.0117,      3.7285,      0.1729,      5.4760,     10.9520,      1.5277,     27.9619,     55.9239,      0.0189,      0.0057,      0.0081,      0.1997,   7518.2207,-481952.3125,   -943.9774,    536.2206,  25060.7344,
       1,     166,     190,      21,       1,       3,       1,     10.0000,      1.3822,     42.3239,    243.7478,     61.3423,      3.4953,      0.0001,     -0.0319,      6.1505,      0.1690,      5.4760,     10.9520,      1.4930,     27.9619,     55.9239,      0.0189,      0.0049,      0.0156,      0.1998,   7518.2207,-426079.4375,   -933.0834,    539.9669,  25060.7305,
       1,     166,     190,      22,       1,       3,       1,     10.0000,      1.3822,     42.3239,    243.7478,     61.3423,      3.4953,      0.0000,     -0.0321,      5.2314,      0.1701,      5.4760,     10.9520,      1.5035,     27.9619,     55.9239,      0.0189,      0.0042,      0.0156,      0.1998,   7518.2192,-424411.0312,   -932.7359,    540.0927,  25060.7324,
       1,     166,     190,      23,       1,       3,       1,     10.0000,      1.3822,     42.3239,    243.7478,     61.3423,      3.4953,      0.0000,     -0.0321,      4.6408,      0.1707,      5.4760,     10.9520,      1.5080,     27.9619,     55.9239,      0.0189,      0.0037,      0.0156,      0.1998,   7518.2202,-423082.5938,   -932.4519,    540.1823,  25060.7324,
       1,     166,     190,      24,       1,       3,       1,     10.0000,      1.3822,     42.3239,    243.7478,     61.3423,      3.4953,      0.0000,     -0.0320,      3.9286,      0.1695,      5.4760,     10.9520,      1.4975,     27.9619,     55.9239,      0.0189,      0.0031,      0.0156,      0.1998,   7518.2202,-422218.0938,   -932.2595,    540.2407,  25060.7324,
       1,     166,     191,       1,       1,       3,       1,     10.0000,      1.3822,     42.3242,    243.7536,     61.3437,      3.4953,      0.0000,     -0.0319,      3.0613,      0.1653,      5.4751,     10.9502,      1.4606,     27.9630,     55.9260,      0.0189,      0.0025,      0.0156,      0.1998,   7518.2202,-421394.8438,   -932.3599,    540.3092,  25061.8594,
       1,     166,     191,       2,       1,       3,       1,     10.0000,      1.3822,     42.3242,    243.7536,     61.3437,      3.4953,      0.0000,     -0.0318,      2.6914,      0.1632,      5.4751,     10.9502,      1.4418,     27.9630,     55.9260,      0.0189,      0.0022,      0.0156,      0.1998,   7518.5581,-420068.4688,   -931.8063,    540.3987,  25061.8594,
       1,     166,     191,       3,       1,       3,       1,     10.0000,      1.3822,     42.3242,    243.7536,     61.3437,      3.4953,      0.0000,     -0.0318,      2.6881,      0.1614,      5.4751,     10.9502,      1.4260,     27.9630,     55.9260,      0.0189,      0.0022,      0.0156,      0.1998,   7518.5581,-419484.5625,   -931.6771,    540.4382,  25061.8633,
       1,     166,     191,       4,       1,       3,       1,     10.0000,      1.3822,     42.3242,    243.7536,     61.3437,      3.4953,      0.0000,     -0.0318,      2.6155,      0.1615,      5.4751,     10.9502,      1.4274,     27.9630,     55.9260,      0.0189,      0.0021,      0.0156,      0.1998,   7518.5591,-419429.8750,   -931.6504,    540.4419,  25061.8613,
       1,     166,     191,       5,       1,       3,       1,     10.0000,      1.3822,     42.3242,    243.7536,     61.3437,      3.4953,      0.0000,     -0.0318,      2.4760,      0.1614,      5.4751,     10.9502,      1.4260,     27.9630,     55.9260,      0.0189,      0.0020,      0.0156,      0.1998,   7518.5586,-419333.1250,   -931.6161,    540.4485,  25061.8613,
       1,     166,     191,       6,       1,       3,       1,     10.0000,      1.3822,     42.3242,    243.7536,     61.3437,      3.4953,      0.0000,     -0.0317,      2.3925,      0.1599,      5.4751,     10.9502,      1.4132,     27.9630,     55.9260,      0.0189,      0.0019,      0.0156,      0.1998,   7518.5586,-419147.5938,   -931.5645,    540.4611,  25061.8613,
       1,     166,     191,       7,       1,       3,       1,     10.0000,      1.3822,     42.3242,    243.7536,     61.3437,      3.4953,      0.0000,     -0.0317,      2.1394,      0.1604,      5.4751,     10.9502,      1.4175,     27.9630,     55.9260,      0.0189,      0.0017,      0.0156,      0.1998,   7518.5586,-419025.4062,   -931.5256,    540.4693,  25061.8613,
       1,     166,     191,       8,       1,       3,       1,     10.0000,      1.3822,     42.3242,    243.7536,     61.3437,      3.4953,      0.0008,     -0.0309,      2.0429,      0.1591,      5.4751,     10.9502,      1.4061,     27.9630,     55.9260,      0.0189,      0.0016,      0.0156,      0.1998,   7518.5586,-418693.3438,   -931.4473,    540.4917,  25061.8613,
       1,     166,     191,       9,       1,       3,       1,     10.0000,      1.3822,     42.3242,    243.7536,     61.3437,      3.4953,      0.0139,     -0.0180,      2.2181,      0.1656,      5.4751,     10.9502,      1.4636,     27.9630,     55.9260,      0.0189,      0.0018,      0.0156,      0.1998,   7518.5586,-418542.2500,   -931.4053,    540.5019,  25061.8613,
       1,     166,     191,      10,       1,       3,       1,     10.0000,      1.3822,     42.3242,    243.7536,     61.3437,      3.4953,      0.0966,      0.0643,     18.4730,      0.1772,      5.4751,     10.9502,      1.5662,     27.9630,     55.9260,      0.0189,      0.0019,      0.1193,      0.1998,   7518.5586,-418751.8750,   -931.4307,    540.4877,  25061.8594,
       1,     166,     191,      11,       1,       3,       1,     10.0000,      1.3822,     42.3242,    243.7536,     61.3437,      3.4953,      0.1645,      0.1320,     33.6483,      0.1841,      5.4751,     10.9502,      1.6264,     27.9630,     55.9260,      0.0189,      0.0019,      0.2183,      0.1998,   7518.5581,-439425.1562,   -935.5223,    539.0910,  25061.8613,
       1,     166,     191,      12,       1,       3,       1,     10.0000,      1.3822,     42.3242,    243.7536,     61.3437,      3.4953,      0.1818,      0.1485,     45.9602,      0.2113,      5.4751,     10.9502,      1.8675,     27.9630,     55.9260,      0.0189,      0.0024,      0.2429,      0.1998,   7518.5586,-460493.6562,   -939.7104,    537.6732,  25061.8613,
       1,     166,     191,      13,       1,       3,       1,     10.0000,      1.3822,     42.3242,    243.7536,     61.3437,      3.4953,      0.1866,      0.1529,     47.5056,      0.2235,      5.4751,     10.9502,      1.9749,     27.9630,     55.9260,      0.0189,      0.0024,      0.2500,      0.1998,   7518.5586,-477957.0000,   -943.2241,    536.5012,  25061.8633,
       1,     166,     191,      14,       1,       3,       1,     10.0000,      1.3822,     42.3242,    243.7536,     61.3437,      3.4953,      0.1870,      0.1531,     53.5892,      0.2342,      5.4751,     10.9502,      2.0698,     27.9630,     55.9260,      0.0189,      0.0027,      0.2500,      0.1998,   7518.5591,-481419.3750,   -943.9840,    536.2703,  25061.8613,
       1,     166,     191,      15,       1,       3,       1,     10.0000,      1.3822,     42.3242,    243.7536,     61.3437,      3.4953,      0.1880,      0.1541,     66.4430,      0.2320,      5.4751,     10.9502,      2.0497,     27.9630,     55.9260,      0.0189,      0.0033,      0.2500,      0.1998,   7518.5586,-489451.9688,   -945.6577,    535.7319,  25061.8613,
       1,     166,     191,      16,       1,       3,       1,     10.0000,      1.3822,     42.3242,    243.7536,     61.3437,      3.4953,      0.1857,      0.1523,     66.9669,      0.2162,      5.4751,     10.9502,      1.9102,     27.9630,     55.9260,      0.0189,      0.0034,      0.2464,      0.1998,   7518.5586,-506490.6562,   -949.1650,    534.5912,  25061.8594,
       1,     166,     191,      17,       1,       3,       1,     10.0000,      1.3822,     42.3242,    243.7536,     61.3437,      3.4953,      0.1750,      0.1419,     84.9860,      0.2060,      5.4751,     10.9502,      1.8204,     27.9630,     55.9260,      0.0189,      0.0047,      0.2281,      0.1998,   7518.5581,-508618.1875,   -949.7751,    534.4503,  25061.8633,
       1,     166,     191,      18,       1,       3,       1,     10.0000,      1.3822,     42.3242,    243.7536,     61.3437,      3.4953,      0.1460,      0.1131,     78.9663,      0.1971,      5.4751,     10.9502,      1.7414,     27.9630,     55.9260,      0.0189,      0.0053,      0.1856,      0.1997,   7518.5591,-531726.2500,   -954.6212,    532.9065,  25061.8613,
       1,     166,     191,      19,       1,       3,       1,     10.0000,      1.3822,     42.3242,    243.7536,     61.3437,      3.4953,      0.0377,      0.0051,     13.8281,      0.1864,      5.4751,     10.9502,      1.6475,     27.9630,     55.9260,      0.0189,      0.0054,      0.0321,      0.1997,   7518.5586,-526046.5625,   -953.7805,    533.2870,  25061.8613,
       1,     166,     191,      20,       1,       3,       1,     10.0000,      1.3822,     42.3242,    243.7536,     61.3437,      3.4953,      0.0085,     -0.0237,      6.4770,      0.1741,      5.4751,     10.9502,      1.5384,     27.9630,     55.9260,      0.0189,      0.0052,      0.0156,      0.1997,   7518.5586,-442652.0312,   -937.2394,    538.8463,  25061.8613,
       1,     166,     191,      21,       1,       3,       1,     10.0000,      1.3822,     42.3242,    243.7536,     61.3437,      3.4953,      0.0000,     -0.0320,      5.3383,      0.1671,      5.4751,     10.9502,      1.4768,     27.9630,     55.9260,      0.0189,      0.0043,      0.0156,      0.1998,   7518.5586,-426267.2812,   -933.9090,    539.9791,  25061.8594,
       1,     166,     191,      22,       1,       3,       1,     10.0000,      1.3822,     42.3242,    243.7536,     61.3437,      3.4953,      0.0000,     -0.0319,      4.9620,      0.1646,      5.4751,     10.9502,      1.4548,     27.9630,     55.9260,      0.0189,      0.0040,      0.0156,      0.1998,   7518.5581,-423381.5312,   -933.2735,    540.1750,  25061.8594,
       1,     166,     191,      23,       1,       3,       1,     10.0000,      1.3822,     42.3242,    243.7536,     61.3437,      3.4953,      0.0000,     -0.0318,      4.6848,      0.1635,      5.4751,     10.9502,      1.4447,     27.9630,     55.9260,      0.0189,      0.0038,      0.0156,      0.1998,   7518.5581,-422654.4375,   -933.0705,    540.2241,  25061.8613,
       1,     166,     191,      24,       1,       3,       1,     10.0000,      1.3822,     42.3242,    243.7536,     61.3437,      3.4953,      0.0000,     -0.0319,      3.9132,      0.1653,      5.4751,     10.9502,      1.4606,     27.9630,     55.9260,      0.0189,      0.0031,      0.0156,      0.1998,   7518.5586,-422239.4375,   -932.9327,    540.2521,  25061.8594,
       1,     166,     192,       1,       1,       3,       1,     10.0000,      1.3822,     42.3246,    243.7594,     61.3452,      3.4953,      0.0000,     -0.0319,      3.1724,      0.1641,      5.4754,     10.9507,      1.4505,     27.9627,     55.9253,      0.0189,      0.0025,      0.0156,      0.1999,   7518.5581,-421379.3750,   -933.0029,    540.3229,  25062.9883,
       1,     166,     192,       2,       1,       3,       1,     10.0000,      1.3822,     42.3246,    243.7594,     61.3452,      3.4953,      0.0000,     -0.0319,      2.5938,      0.1641,      5.4754,     10.9507,      1.4505,     27.9627,     55.9253,      0.0189,      0.0021,      0.0156,      0.1999,   7518.8970,-420210.8750,   -932.4499,    540.4019,  25062.9883,
       1,     166,     192,       3,       1,       3,       1,     10.0000,      1.3822,     42.3246,    243.7594,     61.3452,      3.4953,      0.0000,     -0.0318,      2.2729,      0.1632,      5.4754,     10.9507,      1.4418,     27.9627,     55.9253,      0.0189,      0.0018,      0.0156,      0.1999,   7518.8970,-419375.3125,   -932.2542,    540.4583,  25062.9863,
       1,     166,     192,       4,       1,       3,       1,     10.0000,      1.3822,     42.3246,    243.7594,     61.3452,      3.4953,      0.0000,     -0.0318,      2.0675,      0.1625,      5.4754,     10.9507,      1.4361,     27.9627,     55.9253,      0.0189,      0.0017,      0.0156,      0.1999,   7518.8960,-418896.1875,   -932.1350,    540.4907,  25062.9883,
       1,     166,     192,       5,       1,       3,       1,     10.0000,      1.3822,     42.3246,    243.7594,     61.3452,      3.4953,      0.0000,     -0.0318,      2.1975,      0.1625,      5.4754,     10.9507,      1.4361,     27.9627,     55.9253,      0.0189,      0.0018,      0.0156,      0.1999,   7518.8970,-418593.8438,   -932.0522,    540.5112,  25062.9883,
       1,     166,     192,       6,       1,       3,       1,     10.0000,      1.3822,     42.3246,    243.7594,     61.3452,      3.4953,      0.0000,     -0.0318,      2.2417,      0.1611,      5.4754,     10.9507,      1.4232,     27.9627,     55.9253,      0.0189,      0.0018,      0.0156,      0.1999,   7518.8970,-418732.9375,   -932.0568,    540.5017,  25062.9863,
       1,     166,     192,       7,       1,       3,       1,     10.0000,      1.3822,     42.3246,    243.7594,     61.3452,      3.4953,      0.0000,     -0.0317,      2.1592,      0.1593,      5.4754,     10.9507,      1.4076,     27.9627,     55.9253,      0.0189,      0.0017,      0.0156,      0.1999,   7518.8960,-418801.4062,   -932.0472,    540.4971,  25062.9863,
       1,     166,     192,       8,       1,       3,       1,     10.0000,      1.3822,     42.3246,    243.7594,     61.3452,      3.4953,      0.0037,     -0.0279,      2.2933,      0.1574,      5.4754,     10.9507,      1.3908,     27.9627,     55.9253,      0.0189,      0.0018,      0.0156,      0.1999,   7518.8960,-418702.4688,   -932.0046,    540.5038,  25062.9902,
       1,     166,     192,       9,       1,       3,       1,     10.0000,      1.3822,     42.3246,    243.7594,     61.3452,      3.4953,      0.0149,     -0.0172,      0.0505,      0.1736,      5.4754,     10.9507,      1.5338,     27.9627,     55.9253,      0.0189,      0.0020,      0.0003,      0.1999,   7518.8975,-418863.8750,   -932.0105,    540.4929,  25062.9883,
       1,     166,     192,      10,       1,       3,       1,     10.0000,      1.3822,     42.3246,    243.7594,     61.3452,      3.4953,      0.0199,     -0.0128,      1.2362,      0.1900,      5.4754,     10.9507,      1.6789,     27.9627,     55.9253,      0.0189,      0.0022,      0.0069,      0.1999,   7518.8970,-416028.3438,   -931.4062,    540.6844,  25062.9863,
       1,     166,     192,      11,       1,       3,       1,     10.0000,      1.3822,     42.3246,    243.7594,     61.3452,      3.4953,      0.0191,     -0.0143,      0.8637,      0.2147,      5.4754,     10.9507,      1.8971,     27.9627,     55.9253,      0.0189,      0.0022,      0.0049,      0.1999,   7518.8960,-417291.8125,   -931.6198,    540.5992,  25062.9883,
       1,     166,     192,      12,       1,       3,       1,     10.0000,      1.3822,     42.3246,    243.7594,     61.3452,      3.4953,      0.0227,     -0.0110,      2.1058,      0.2284,      5.4754,     10.9507,      2.0179,     27.9627,     55.9253,      0.0189,      0.0027,      0.0097,      0.1999,   7518.8970,-416926.4062,   -931.5087,    540.6238,  25062.9883,
       1,     166,     192,      13,       1,       3,       1,     10.0000,      1.3822,     42.3246,    243.7594,     61.3452,      3.4953,      0.0589,      0.0255,     10.2016,      0.2139,      5.4754,     10.9507,      1.8897,     27.9627,     55.9253,      0.0189,      0.0020,      0.0633,      0.1999,   7518.8970,-418473.3125,   -931.7752,    540.5193,  25062.9883,
       1,     166,     192,      14,       1,       3,       1,     10.0000,      1.3822,     42.3246,    243.7594,     61.3452,      3.4953,      0.1361,      0.1054,     27.0465,      0.1323,      5.4754,     10.9507,      1.1694,     27.9627,     55.9253,      0.0189,      0.0019,      0.1771,      0.1999,   7518.8970,-428892.2188,   -936.8372,    539.8153,  25062.9902,
       1,     166,     192,      15,       1,       3,       1,     10.0000,      1.3822,     42.3246,    243.7594,     61.3452,      3.4953,      0.1787,      0.1486,     45.7921,      0.1174,      5.4754,     10.9507,      1.0370,     27.9627,     55.9253,      0.0189,      0.0024,      0.2374,      0.1999,   7518.8975,-451193.1562,   -917.0197,    538.3110,  25062.9941,
       1,     166,     192,      16,       1,       3,       1,     10.0000,      1.3822,     42.3246,    243.7594,     61.3452,      3.4953,      0.1842,      0.1541,     65.6844,      0.1172,      5.4754,     10.9507,      1.0359,     27.9627,     55.9253,      0.0189,      0.0034,      0.2432,      0.1998,   7518.8984,-476939.1250,   -923.0884,    536.5807,  25062.9961,
       1,     166,     192,      17,       1,       3,       1,     10.0000,      1.3822,     42.3246,    243.7594,     61.3452,      3.4953,      0.1855,      0.1551,     79.0968,      0.1238,      5.4754,     10.9507,      1.0935,     27.9627,     55.9253,      0.0189,      0.0041,      0.2436,      0.1998,   7518.8989,-504445.7812,   -927.7214,    534.7385,  25062.9961,
       1,     166,     192,      18,       1,       3,       1,     10.0000,      1.3822,     42.3246,    243.7594,     61.3452,      3.4953,      0.1504,      0.1195,     55.5933,      0.1361,      5.4754,     10.9507,      1.2030,     27.9627,     55.9253,      0.0189,      0.0036,      0.1948,      0.1998,   7518.8989,-523868.4375,   -933.3475,    533.4434,  25062.9961,
       1,     166,     192,      19,       1,       3,       1,     10.0000,      1.3822,     42.3246,    243.7594,     61.3452,      3.4953,      0.1009,      0.0695,      8.0925,      0.1498,      5.4754,     10.9507,      1.3240,     27.9627,     55.9253,      0.0189,      0.0008,      0.1273,      0.1998,   7518.8989,-495619.7812,   -929.5068,    535.3286,  25062.9941,
       1,     166,     192,      20,       1,       3,       1,     10.0000,      1.3822,     42.3246,    243.7594,     61.3452,      3.4953,      0.0216,     -0.0100,      0.2688,      0.1555,      5.4754,     10.9507,      1.3741,     27.9627,     55.9253,      0.0189,      0.0003,      0.0110,      0.1998,   7518.8984,-432792.4688,   -918.4994,    539.5361,  25062.9961,
       1,     166,     192,      21,       1,       3,       1,     10.0000,      1.3822,     42.3246,    243.7594,     61.3452,      3.4953,      0.0001,     -0.0315,      0.3855,      0.1564,      5.4754,     10.9507,      1.3824,     27.9627,     55.9253,      0.0189,      0.0003,      0.0156,      0.1998,   7518.8989,-417519.2812,   -913.2135,    540.5828,  25062.9961,
       1,     166,     192,      22,       1,       3,       1,     10.0000,      1.3822,     42.3246,    243.7594,     61.3452,      3.4953,      0.0000,     -0.0317,      0.3904,      0.1582,      5.4754,     10.9507,      1.3978,     27.9627,     55.9253,      0.0189,      0.0003,      0.0156,      0.1999,   7518.8989,-416338.9062,   -913.0034,    540.6635,  25062.9961,
       1,     166,     192,      23,       1,       3,       1,     10.0000,      1.3822,     42.3246,    243.7594,     61.3452,      3.4953,      0.0000,     -0.0317,      0.3904,      0.1582,      5.4754,     10.9507,      1.3978,     27.9627,     55.9253,      0.0189,      0.0003,      0.0156,      0.1999,   7518.8989,-416242.6250,   -912.9875,    540.6700,  25062.9961,
       1,     166,     192,      24,       1,       3,       1,     10.0000,      1.3822,     42.3246,    243.7594,     61.3452,      3.4953,      0.0000,     -0.0318,      0.4611,      0.1617,      5.4754,     10.9507,      1.4289,     27.9627,     55.9253,      0.0189,      0.0004,      0.0156,      0.1999,   7518.8989,-416234.2812,   -912.9877,    540.6706,  25062.9941,
       1,     166,     193,       1,       1,       3,       1,     10.0000,      1.3823,     42.3249,    243.7652,     61.3467,      3.4953,      0.0000,     -0.0319,      0.8052,      0.1655,      5.4759,     10.9518,      1.4622,     27.9509,     55.9018,      0.0189,      0.0006,      0.0156,      0.1999,   7518.8984,-416480.1875,   -913.3019,    540.6669,  25064.1250,
       1,     166,     193,       2,       1,       3,       1,     10.0000,      1.3823,     42.3249,    243.7652,     61.3467,      3.4953,      0.0000,     -0.0318,      0.8642,      0.1612,      5.4759,     10.9518,      1.4246,     27.9509,     55.9018,      0.0189,      0.0007,      0.0156,      0.1999,   7519.2378,-416784.4688,   -913.1629,    540.6463,  25064.1250,
       1,     166,     193,       3,       1,       3,       1,     10.0000,      1.3823,     42.3249,    243.7652,     61.3467,      3.4953,      0.0000,     -0.0316,      1.0241,      0.1576,      5.4759,     10.9518,      1.3922,     27.9509,     55.9018,      0.0189,      0.0008,      0.0156,      0.1999,   7519.2378,-416885.6875,   -913.2521,    540.6395,  25064.1250,
       1,     166,     193,       4,       1,       3,       1,     10.0000,      1.3823,     42.3249,    243.7652,     61.3467,      3.4953,      0.0000,     -0.0315,      0.8907,      0.1535,      5.4759,     10.9518,      1.3564,     27.9509,     55.9018,      0.0189,      0.0007,      0.0156,      0.1999,   7519.2378,-417097.3750,   -913.3864,    540.6251,  25064.1250,
       1,     166,     193,       5,       1,       3,       1,     10.0000,      1.3823,     42.3249,    243.7652,     61.3467,      3.4953,      0.0000,     -0.0316,      0.9788,      0.1550,      5.4759,     10.9518,      1.3700,     27.9509,     55.9018,      0.0189,      0.0008,      0.0156,      0.1999,   7519.2378,-416946.1875,   -913.4340,    540.6354,  25064.1250,
       1,     166,     193,       6,       1,       3,       1,     10.0000,      1.3823,     42.3249,    243.7652,     61.3467,      3.4953,      0.0000,     -0.0315,      1.2845,      0.1532,      5.4759,     10.9518,      1.3536,     27.9509,     55.9018,      0.0189,      0.0010,      0.0156,      0.1999,   7519.2378,-417045.0625,   -913.5395,    540.6287,  25064.1230,
       1,     166,     193,       7,       1,       3,       1,     10.0000,      1.3823,     42.3249,    243.7652,     61.3467,      3.4953,      0.0000,     -0.0315,      1.2060,      0.1526,      5.4759,     10.9518,      1.3482,     27.9509,     55.9018,      0.0189,      0.0010,      0.0156,      0.1999,   7519.2373,-417442.0938,   -913.7330,    540.6019,  25064.1250,
       1,     166,     193,       8,       1,       3,       1,     10.0000,      1.3823,     42.3249,    243.7652,     61.3467,      3.4953,      0.0282,     -0.0033,      1.6862,      0.1526,      5.4759,     10.9518,      1.3482,     27.9509,     55.9018,      0.0189,      0.0010,      0.0206,      0.1999,   7519.2378,-417376.2500,   -913.8361,    540.6063,  25064.1250,
       1,     166,     193,       9,       1,       3,       1,     10.0000,      1.3823,     42.3249,    243.7652,     61.3467,      3.4953,      0.1279,      0.0960,     11.9861,      0.1646,      5.4759,     10.9518,      1.4549,     27.9509,     55.9018,      0.0189,      0.0009,      0.1666,      0.1999,   7519.2378,-417980.7188,   -914.1257,    540.5655,  25064.1250,
       1,     166,     193,      10,       1,       3,       1,     10.0000,      1.3823,     42.3249,    243.7652,     61.3467,      3.4953,      0.1703,      0.1380,     16.5898,      0.1781,      5.4759,     10.9518,      1.5741,     27.9509,     55.9018,      0.0189,      0.0009,      0.2289,      0.1999,   7519.2378,-431117.3750,   -917.0037,    539.6779,  25064.1230,
       1,     166,     193,      11,       1,       3,       1,     10.0000,      1.3823,     42.3249,    243.7652,     61.3467,      3.4953,      0.1846,      0.1517,     20.2236,      0.1996,      5.4759,     10.9518,      1.7639,     27.9509,     55.9018,      0.0189,      0.0010,      0.2500,      0.1999,   7519.2373,-438096.6875,   -919.1555,    539.2077,  25064.1250,
       1,     166,     193,      12,       1,       3,       1,     10.0000,      1.3823,     42.3249,    243.7652,     61.3467,      3.4953,      0.1846,      0.1513,     21.1361,      0.2120,      5.4759,     10.9518,      1.8731,     27.9509,     55.9018,      0.0189,      0.0011,      0.2500,      0.1999,   7519.2378,-443312.5938,   -921.2139,    538.8564,  25064.1250,
       1,     166,     193,      13,       1,       3,       1,     10.0000,      1.3823,     42.3249,    243.7652,     61.3467,      3.4953,      0.1850,      0.1514,     27.4194,      0.2235,      5.4759,     10.9518,      1.9750,     27.9509,     55.9018,      0.0189,      0.0014,      0.2500,      0.1999,   7519.2378,-444919.4062,   -922.7930,    538.7483,  25064.1250,
       1,     166,     193,      14,       1,       3,       1,     10.0000,      1.3823,     42.3249,    243.7652,     61.3467,      3.4953,      0.1858,      0.1520,     38.3255,      0.2297,      5.4759,     10.9518,      2.0298,     27.9509,     55.9018,      0.0189,      0.0019,      0.2500,      0.1999,   7519.2378,-453042.2500,   -925.5209,    538.2012,  25064.1270,
       1,     166,     193,      15,       1,       3,       1,     10.0000,      1.3823,     42.3249,    243.7652,     61.3467,      3.4953,      0.1869,      0.1532,     50.7900,      0.2226,      5.4759,     10.9518,      1.9673,     27.9509,     55.9018,      0.0189,      0.0025,      0.2500,      0.1999,   7519.2383,-467600.9375,   -929.4560,    537.2221,  25064.1270,
       1,     166,     193,      16,       1,       3,       1,     10.0000,      1.3823,     42.3249,    243.7652,     61.3467,      3.4953,      0.1885,      0.1555,     69.6684,      0.2018,      5.4759,     10.9518,      1.7832,     27.9509,     55.9018,      0.0189,      0.0035,      0.2500,      0.1998,   7519.2383,-484696.3438,   -933.7713,    536.0750,  25064.1270,
       1,     166,     193,      17,       1,       3,       1,     10.0000,      1.3823,     42.3249,    243.7652,     61.3467,      3.4953,      0.1320,      0.0995,     52.8078,      0.1839,      5.4759,     10.9518,      1.6249,     27.9509,     55.9018,      0.0189,      0.0039,      0.1678,      0.1998,   7519.2383,-510168.7188,   -939.6063,    534.3693,  25064.1250,
       1,     166,     193,      18,       1,       3,       1,     10.0000,      1.3823,     42.3249,    243.7652,     61.3467,      3.4953,      0.0501,      0.0175,     17.5311,      0.1879,      5.4759,     10.9518,      1.6607,     27.9509,     55.9018,      0.0189,      0.0044,      0.0501,      0.1998,   7519.2378,-490905.4062,   -936.6923,    535.6588,  25064.1250,
       1,     166,     193,      19,       1,       3,       1,     10.0000,      1.3823,     42.3249,    243.7652,     61.3467,      3.4953,      0.1277,      0.0960,     58.1383,      0.1587,      5.4759,     10.9518,      1.4020,     27.9509,     55.9018,      0.0189,      0.0045,      0.1609,      0.1998,   7519.2378,-444396.1875,   -928.3982,    538.7745,  25064.1270,
       1,     166,     193,      20,       1,       3,       1,     10.0000,      1.3823,     42.3249,    243.7652,     61.3467,      3.4953,      0.0438,      0.0124,     14.1740,      0.1491,      5.4759,     10.9518,      1.3174,     27.9509,     55.9018,      0.0189,      0.0042,      0.0423,      0.1999,   7519.2383,-492048.4688,   -935.4319,    535.5743,  25064.1250,
       1,     166,     193,      21,       1,       3,       1,     10.0000,      1.3823,     42.3249,    243.7652,     61.3467,      3.4953,      0.0002,     -0.0310,      4.1624,      0.1461,      5.4759,     10.9518,      1.2911,     27.9509,     55.9018,      0.0189,      0.0033,      0.0156,      0.1998,   7519.2378,-440233.6250,   -924.6877,    539.0526,  25064.1250,
       1,     166,     193,      22,       1,       3,       1,     10.0000,      1.3823,     42.3249,    243.7652,     61.3467,      3.4953,      0.0000,     -0.0313,      2.9929,      0.1480,      5.4759,     10.9518,      1.3082,     27.9509,     55.9018,      0.0189,      0.0024,      0.0156,      0.1999,   7519.2378,-423099.4062,   -921.8305,    540.2184,  25064.1270,
       1,     166,     193,      23,       1,       3,       1,     10.0000,      1.3823,     42.3249,    243.7652,     61.3467,      3.4953,      0.0000,     -0.0313,      2.9700,      0.1491,      5.4759,     10.9518,      1.3174,     27.9509,     55.9018,      0.0189,      0.0024,      0.0156,      0.1999,   7519.2383,-420133.2188,   -911.1056,    540.4200,  25064.1230,
       1,     166,     193,      24,       1,       3,       1,     10.0000,      1.3823,     42.3249,    243.7652,     61.3467,      3.4953,      0.0000,     -0.0313,      1.1942,      0.1472,      5.4759,     10.9518,      1.3003,     27.9509,     55.9018,      0.0189,      0.0010,      0.0156,      0.1999,   7519.2373,-419848.4375,   -911.4139,    540.4393,  25064.1250,
       1,     166,     194,       1,       1,       3,       1,     10.0000,      1.3823,     42.3252,    243.7709,     61.3481,      3.4953,      0.0000,     -0.0312,      0.5249,      0.1452,      5.4750,     10.9500,      1.2834,     27.9562,     55.9125,      0.0189,      0.0004,      0.0156,      0.1999,   7519.2378,-417723.9688,   -911.4190,    540.5957,  25065.2539,
       1,     166,     194,       2,       1,       3,       1,     10.0000,      1.3823,     42.3252,    243.7709,     61.3481,      3.4953,      0.0000,     -0.0311,      0.4126,      0.1432,      5.4750,     10.9500,      1.2654,     27.9562,     55.9125,      0.0189,      0.0003,      0.0156,      0.1999,   7519.5767,-416538.0312,   -910.1763,    540.6758,  25065.2539,
       1,     166,     194,       3,       1,       3,       1,     10.0000,      1.3823,     42.3252,    243.7709,     61.3481,      3.4953,      0.0000,     -0.0309,      0.3501,      0.1357,      5.4750,     10.9500,      1.1994,     27.9562,     55.9125,      0.0189,      0.0003,      0.0156,      0.1999,   7519.5767,-416293.6562,   -910.1442,    540.6923,  25065.2539,
       1,     166,     194,       4,       1,       3,       1,     10.0000,      1.3823,     42.3252,    243.7709,     61.3481,      3.4953,      0.0000,     -0.0310,      0.3392,      0.1399,      5.4750,     10.9500,      1.2364,     27.9562,     55.9125,      0.0189,      0.0003,      0.0156,      0.1999,   7519.5767,-416193.2188,   -910.1311,    540.6991,  25065.2559,
       1,     166,     194,       5,       1,       3,       1,     10.0000,      1.3823,     42.3252,    243.7709,     61.3481,      3.4953,      0.0000,     -0.0311,      0.3595,      0.1435,      5.4750,     10.9500,      1.2680,     27.9562,     55.9125,      0.0189,      0.0003,      0.0156,      0.1999,   7519.5771,-416170.4688,   -910.1283,    540.7006,  25065.2520,
       1,     166,     194,       6,       1,       3,       1,     10.0000,      1.3823,     42.3252,    243.7709,     61.3481,      3.4953,      0.0000,     -0.0312,      0.3496,      0.1436,      5.4750,     10.9500,      1.2692,     27.9562,     55.9125,      0.0189,      0.0003,      0.0156,      0.1999,   7519.5757,-416194.7812,   -910.1368,    540.6990,  25065.2539,
       1,     166,     194,       7,       1,       3,       1,     10.0000,      1.3823,     42.3252,    243.7709,     61.3481,      3.4953,      0.0000,     -0.0311,      0.3436,      0.1415,      5.4750,     10.9500,      1.2502,     27.9562,     55.9125,      0.0189,      0.0003,      0.0156,      0.1999,   7519.5767,-416184.0625,   -910.1362,    540.6996,  25065.2539,
       1,     166,     194,       8,       1,       3,       1,     10.0000,      1.3823,     42.3252,    243.7709,     61.3481,      3.4953,      0.0175,     -0.0135,      0.1468,      0.1405,      5.4750,     10.9500,      1.2414,     27.9562,     55.9125,      0.0189,      0.0003,      0.0056,      0.1999,   7519.5767,-416175.6562,   -910.1364,    540.7003,  25065.2539,
       1,     166,     194,       9,       1,       3,       1,     10.0000,      1.3823,     42.3252,    243.7709,     61.3481,      3.4953,      0.1229,      0.0913,      4.7431,      0.1576,      5.4750,     10.9500,      1.3922,     27.9562,     55.9125,      0.0189,      0.0004,      0.1602,      0.1999,   7519.5767,-415924.9688,   -910.1505,    540.7172,  25065.2559,
       1,     166,     194,      10,       1,       3,       1,     10.0000,      1.3823,     42.3252,    243.7709,     61.3481,      3.4953,      0.1571,      0.1250,      5.8176,      0.1724,      5.4750,     10.9500,      1.5232,     27.9562,     55.9125,      0.0189,      0.0003,      0.2106,      0.1999,   7519.5771,-421741.3125,   -911.6652,    540.3242,  25065.2539,
       1,     166,     194,      11,       1,       3,       1,     10.0000,      1.3823,     42.3252,    243.7709,     61.3481,      3.4953,      0.1837,      0.1513,      7.3111,      0.1812,      5.4750,     10.9500,      1.6009,     27.9562,     55.9125,      0.0189,      0.0004,      0.2500,      0.1999,   7519.5767,-423606.2500,   -913.1611,    540.1983,  25065.2539,
       1,     166,     194,      12,       1,       3,       1,     10.0000,      1.3823,     42.3252,    243.7709,     61.3481,      3.4953,      0.1838,      0.1515,      7.1579,      0.1759,      5.4750,     10.9500,      1.5539,     27.9562,     55.9125,      0.0189,      0.0004,      0.2500,      0.1999,   7519.5767,-425663.3750,   -914.9078,    540.0594,  25065.2520,
       1,     166,     194,      13,       1,       3,       1,     10.0000,      1.3823,     42.3252,    243.7709,     61.3481,      3.4953,      0.1839,      0.1511,      9.7157,      0.1919,      5.4750,     10.9500,      1.6956,     27.9562,     55.9125,      0.0189,      0.0005,      0.2500,      0.1999,   7519.5757,-425645.5000,   -916.4628,    540.0605,  25065.2539,
       1,     166,     194,      14,       1,       3,       1,     10.0000,      1.3823,     42.3252,    243.7709,     61.3481,      3.4953,      0.1847,      0.1518,     20.3955,      0.1963,      5.4750,     10.9500,      1.7346,     27.9562,     55.9125,      0.0189,      0.0010,      0.2500,      0.1999,   7519.5767,-428893.2188,   -918.4662,    539.8414,  25065.2520,
       1,     166,     194,      15,       1,       3,       1,     10.0000,      1.3823,     42.3252,    243.7709,     61.3481,      3.4953,      0.1859,      0.1529,     36.7314,      0.2012,      5.4750,     10.9500,      1.7779,     27.9562,     55.9125,      0.0189,      0.0018,      0.2500,      0.1999,   7519.5757,-442740.0938,   -922.3275,    538.9070,  25065.2539,
       1,     166,     194,      16,       1,       3,       1,     10.0000,      1.3823,     42.3252,    243.7709,     61.3481,      3.4953,      0.1865,      0.1535,     44.5882,      0.2010,      5.4750,     10.9500,      1.7762,     27.9562,     55.9125,      0.0189,      0.0022,      0.2500,      0.1999,   7519.5767,-464687.5312,   -927.5656,    537.4294,  25065.2520,
       1,     166,     194,      17,       1,       3,       1,     10.0000,      1.3823,     42.3252,    243.7709,     61.3481,      3.4953,      0.1859,      0.1531,     35.6430,      0.1948,      5.4750,     10.9500,      1.7210,     27.9562,     55.9125,      0.0189,      0.0018,      0.2500,      0.1999,   7519.5757,-476559.9062,   -930.7701,    536.6339,  25065.2539,
       1,     166,     194,      18,       1,       3,       1,     10.0000,      1.3823,     42.3252,    243.7709,     61.3481,      3.4953,      0.1695,      0.1368,     48.6430,      0.1904,      5.4750,     10.9500,      1.6823,     27.9562,     55.9125,      0.0189,      0.0027,      0.2240,      0.1999,   7519.5767,-466202.7812,   -929.6080,    537.3292,  25065.2539,
       1,     166,     194,      19,       1,       3,       1,     10.0000,      1.3823,     42.3252,    243.7709,     61.3481,      3.4953,      0.1383,      0.1061,     42.0221,      0.1760,      5.4750,     10.9500,      1.5554,     27.9562,     55.9125,      0.0189,      0.0029,      0.1785,      0.1999,   7519.5767,-481841.8438,   -933.1686,    536.2792,  25065.2539,
       1,     166,     194,      20,       1,       3,       1,     10.0000,      1.3823,     42.3252,    243.7709,     61.3481,      3.4953,      0.0380,      0.0060,      8.5080,      0.1666,      5.4750,     10.9500,      1.4725,     27.9562,     55.9125,      0.0189,      0.0031,      0.0338,      0.1999,   7519.5767,-474764.8750,   -932.3964,    536.7546,  25065.2539,
       1,     166,     194,      21,       1,       3,       1,     10.0000,      1.3823,     42.3252,    243.7709,     61.3481,      3.4953,      0.0003,     -0.0314,      3.6017,      0.1596,      5.4750,     10.9500,      1.4105,     27.9562,     55.9125,      0.0189,      0.0029,      0.0156,      0.1999,   7519.5767,-431552.1562,   -924.6183,    539.6542,  25065.2559,
       1,     166,     194,      22,       1,       3,       1,     10.0000,      1.3823,     42.3252,    243.7709,     61.3481,      3.4953,      0.0000,     -0.0315,      3.2912,      0.1546,      5.4750,     10.9500,      1.3660,     27.9562,     55.9125,      0.0189,      0.0026,      0.0156,      0.1999,   7519.5771,-421641.6562,   -922.9116,    540.3306,  25065.2559,
       1,     166,     194,      23,       1,       3,       1,     10.0000,      1.3823,     42.3252,    243.7709,     61.3481,      3.4953,      0.0000,     -0.0316,      3.1094,      0.1550,      5.4750,     10.9500,      1.3701,     27.9562,     55.9125,      0.0189,      0.0025,      0.0156,      0.1999,   7519.5771,-420388.3750,   -922.7892,    540.4156,  25065.2539,
       1,     166,     194,      24,       1,       3,       1,     10.0000,      1.3823,     42.3252,    243.7709,     61.3481,      3.4953,      0.0000,     -0.0317,      2.4915,      0.1587,      5.4750,     10.9500,      1.4020,     27.9562,     55.9125,      0.0189,      0.0020,      0.0156,      0.1999,   7519.5767,-420049.7812,   -922.8309,    540.4385,  25065.2539,
       1,     166,     195,       1,       1,       3,       1,     10.0000,      1.3823,     42.3256,    243.7767,     61.3495,      3.4953,      0.0000,     -0.0316,      2.0749,      0.1572,      5.4747,     10.9495,      1.3895,     27.9653,     55.9305,      0.0189,      0.0017,      0.0156,      0.1999,   7519.5767,-419391.2812,   -923.0599,    540.4957,  25066.3828,
       1,     166,     195,       2,       1,       3,       1,     10.0000,      1.3823,     42.3256,    243.7767,     61.3495,      3.4953,      0.0000,     -0.0316,      1.5632,      0.1566,      5.4747,     10.9495,      1.3839,     27.9653,     55.9305,      0.0189,      0.0013,      0.0156,      0.1999,   7519.9150,-418652.4688,   -922.7211,    540.5456,  25066.3828,
       1,     166,     195,       3,       1,       3,       1,     10.0000,      1.3823,     42.3256,    243.7767,     61.3495,      3.4953,      0.0000,     -0.0316,      0.7946,      0.1560,      5.4747,     10.9495,      1.3784,     27.9653,     55.9305,      0.0189,      0.0006,      0.0156,      0.1999,   7519.9150,-417938.9688,   -922.6319,    540.5938,  25066.3809,
       1,     166,     195,       4,       1,       3,       1,     10.0000,      1.3823,     42.3256,    243.7767,     61.3495,      3.4953,      0.0000,     -0.0317,      0.6125,      0.1579,      5.4747,     10.9495,      1.3951,     27.9653,     55.9305,      0.0189,      0.0005,      0.0156,      0.1999,   7519.9146,-416901.8750,   -922.4544,    540.6638,  25066.3809,
       1,     166,     195,       5,       1,       3,       1,     10.0000,      1.3823,     42.3256,    243.7767,     61.3495,      3.4953,      0.0000,     -0.0316,      0.8189,      0.1560,      5.4747,     10.9495,      1.3784,     27.9653,     55.9305,      0.0189,      0.0007,      0.0156,      0.1999,   7519.9146,-416581.6562,   -922.4044,    540.6855,  25066.3789,
       1,     166,     195,       6,       1,       3,       1,     10.0000,      1.3823,     42.3256,    243.7767,     61.3495,      3.4953,      0.0000,     -0.0314,      0.7034,      0.1515,      5.4747,     10.9495,      1.3388,     27.9653,     55.9305,      0.0189,      0.0006,      0.0156,      0.1999,   7519.9141,-416816.5000,   -922.4670,    540.6696,  25066.3809,
       1,     166,     195,       7,       1,       3,       1,     10.0000,      1.3823,     42.3256,    243.7767,     61.3495,      3.4953,      0.0000,     -0.0316,      0.5398,      0.1549,      5.4747,     10.9495,      1.3687,     27.9653,     55.9305,      0.0189,      0.0004,      0.0156,      0.1999,   7519.9146,-416689.7188,   -922.4564,    540.6782,  25066.3828,
       1,     166,     195,       8,       1,       3,       1,     10.0000,      1.3823,     42.3256,    243.7767,     61.3495,      3.4953,      0.0261,     -0.0054,      0.5068,      0.1540,      5.4747,     10.9495,      1.3605,     27.9653,     55.9305,      0.0189,      0.0004,      0.0176,      0.1999,   7519.9150,-416470.8125,   -922.4233,    540.6931,  25066.3809,
       1,     166,     195,       9,       1,       3,       1,     10.0000,      1.3823,     42.3256,    243.7767,     61.3495,      3.4953,      0.1155,      0.0837,      6.8832,      0.1627,      5.4747,     10.9495,      1.4376,     27.9653,     55.9305,      0.0189,      0.0006,      0.1488,      0.1999,   7519.9146,-416410.2500,   -922.4277,    540.6971,  25066.3809,
       1,     166,     195,      10,       1,       3,       1,     10.0000,      1.3823,     42.3256,    243.7767,     61.3495,      3.4953,      0.1568,      0.1245,     13.3915,      0.1792,      5.4747,     10.9495,      1.5836,     27.9653,     55.9305,      0.0189,      0.0008,      0.2093,      0.1999,   7519.9146,-424503.4375,   -924.0344,    540.1501,  25066.3789,
       1,     166,     195,      11,       1,       3,       1,     10.0000,      1.3823,     42.3256,    243.7767,     61.3495,      3.4953,      0.1837,      0.1508,     24.0712,      0.1998,      5.4747,     10.9495,      1.7658,     27.9653,     55.9305,      0.0189,      0.0012,      0.2482,      0.1999,   7519.9141,-433466.0938,   -925.8931,    539.5452,  25066.3789,
       1,     166,     195,      12,       1,       3,       1,     10.0000,      1.3823,     42.3256,    243.7767,     61.3495,      3.4953,      0.1842,      0.1508,     15.5984,      0.2128,      5.4747,     10.9495,      1.8806,     27.9653,     55.9305,      0.0189,      0.0008,      0.2500,      0.1999,   7519.9141,-447802.7812,   -928.8983,    538.5787,  25066.3809,
       1,     166,     195,      13,       1,       3,       1,     10.0000,      1.3823,     42.3256,    243.7767,     61.3495,      3.4953,      0.1746,      0.1410,     13.0424,      0.2237,      5.4747,     10.9495,      1.9770,     27.9653,     55.9305,      0.0189,      0.0007,      0.2361,      0.1999,   7519.9146,-438267.6250,   -927.3870,    539.2215,  25066.3809,
       1,     166,     195,      14,       1,       3,       1,     10.0000,      1.3823,     42.3256,    243.7767,     61.3495,      3.4953,      0.1848,      0.1515,     23.1000,      0.2107,      5.4747,     10.9495,      1.8622,     27.9653,     55.9305,      0.0189,      0.0012,      0.2500,      0.1999,   7519.9146,-434203.2188,   -926.8177,    539.4958,  25066.3809,
       1,     166,     195,      15,       1,       3,       1,     10.0000,      1.3823,     42.3256,    243.7767,     61.3495,      3.4953,      0.1843,      0.1510,     41.5592,      0.2107,      5.4747,     10.9495,      1.8622,     27.9653,     55.9305,      0.0189,      0.0021,      0.2471,      0.1999,   7519.9146,-446631.6562,   -929.4144,    538.6578,  25066.3809,
       1,     166,     195,      16,       1,       3,       1,     10.0000,      1.3823,     42.3256,    243.7767,     61.3495,      3.4953,      0.1686,      0.1354,     61.3418,      0.2101,      5.4747,     10.9495,      1.8567,     27.9653,     55.9305,      0.0189,      0.0035,      0.2214,      0.1999,   7519.9146,-471153.2188,   -934.3779,    537.0073,  25066.3809,
       1,     166,     195,      17,       1,       3,       1,     10.0000,      1.3823,     42.3256,    243.7767,     61.3495,      3.4953,      0.1844,      0.1515,     84.8526,      0.1940,      5.4747,     10.9495,      1.7142,     27.9653,     55.9305,      0.0189,      0.0044,      0.2420,      0.1999,   7519.9146,-498405.5000,   -939.9448,    535.1805,  25066.3809,
       1,     166,     195,      18,       1,       3,       1,     10.0000,      1.3823,     42.3256,    243.7767,     61.3495,      3.4953,      0.1683,      0.1361,     81.2417,      0.1760,      5.4747,     10.9495,      1.5555,     27.9653,     55.9305,      0.0189,      0.0047,      0.2184,      0.1999,   7519.9146,-530639.8125,   -946.6047,    533.0272,  25066.3809,
       1,     166,     195,      19,       1,       3,       1,     10.0000,      1.3823,     42.3256,    243.7767,     61.3495,      3.4953,      0.1168,      0.0845,     51.2211,      0.1774,      5.4747,     10.9495,      1.5679,     27.9653,     55.9305,      0.0189,      0.0044,      0.1454,      0.1998,   7519.9146,-528811.0000,   -946.7897,    533.1534,  25066.3809,
       1,     166,     195,      20,       1,       3,       1,     10.0000,      1.3823,     42.3256,    243.7767,     61.3495,      3.4953,      0.0362,      0.0040,      9.6312,      0.1736,      5.4747,     10.9495,      1.5339,     27.9653,     55.9305,      0.0189,      0.0039,      0.0308,      0.1998,   7519.9146,-490455.9688,   -939.8469,    535.7095,  25066.3809,
       1,     166,     195,      21,       1,       3,       1,     10.0000,      1.3823,     42.3256,    243.7767,     61.3495,      3.4953,      0.0002,     -0.0318,      5.0059,      0.1666,      5.4747,     10.9495,      1.4725,     27.9653,     55.9305,      0.0189,      0.0040,      0.0156,      0.1999,   7519.9146,-434318.7812,   -929.2509,    539.4748,  25066.3789,
       1,     166,     195,      22,       1,       3,       1,     10.0000,      1.3823,     42.3256,    243.7767,     61.3495,      3.4953,      0.0000,     -0.0318,      4.0844,      0.1619,      5.4747,     10.9495,      1.4304,     27.9653,     55.9305,      0.0189,      0.0033,      0.0156,      0.1999,   7519.9141,-423672.2500,   -927.2498,    540.2061,  25066.3789,
       1,     166,     195,      23,       1,       3,       1,     10.0000,      1.3823,     42.3256,    243.7767,     61.3495,      3.4953,      0.0000,     -0.0318,      2.8125,      0.1624,      5.4747,     10.9495,      1.4347,     27.9653,     55.9305,      0.0189,      0.0023,      0.0156,      0.1999,   7519.9141,-421573.0938,   -926.8652,    540.3483,  25066.3789,
       1,     166,     195,      24,       1,       3,       1,     10.0000,      1.3823,     42.3256,    243.7767,     61.3495,      3.4953,      0.0000,     -0.0318,      2.7969,      0.1627,      5.4747,     10.9495,      1.4376,     27.9653,     55.9305,      0.0189,      0.0022,      0.0156,      0.1999,   7519.9141,-419777.0000,   -926.5320,    540.4696,  25066.3789,
       1,     166,     196,       1,       1,       3,       1,     10.0000,      1.3823,     42.3259,    243.7825,     61.3510,      3.4953,      0.0000,     -0.0317,      2.4520,      0.1601,      5.4755,     10.9510,      1.4148,     27.9728,     55.9456,      0.0189,      0.0020,      0.0156,      0.2000,   7519.9141,-419759.0000,   -926.8126,    540.4836,  25067.5078,
       1,     166,     196,       2,       1,       3,       1,     10.0000,      1.3823,     42.3259,    243.7825,     61.3510,      3.4953,      0.0000,     -0.0317,      1.9979,      0.1580,      5.4755,     10.9510,      1.3965,     27.9728,     55.9456,      0.0189,      0.0016,      0.0156,      0.2000,   7520.2524,-419165.8750,   -926.4347,    540.5237,  25067.5098,
       1,     166,     196,       3,       1,       3,       1,     10.0000,      1.3823,     42.3259,    243.7825,     61.3510,      3.4953,      0.0000,     -0.0317,      1.3732,      0.1582,      5.4755,     10.9510,      1.3979,     27.9728,     55.9456,      0.0189,      0.0011,      0.0156,      0.2000,   7520.2534,-418538.0625,   -926.3199,    540.5661,  25067.5078,
       1,     166,     196,       4,       1,       3,       1,     10.0000,      1.3823,     42.3259,    243.7825,     61.3510,      3.4953,      0.0000,     -0.0317,      1.1255,      0.1582,      5.4755,     10.9510,      1.3979,     27.9728,     55.9456,      0.0189,      0.0009,      0.0156,      0.2000,   7520.2524,-417691.0312,   -926.1621,    540.6234,  25067.5078,
       1,     166,     196,       5,       1,       3,       1,     10.0000,      1.3823,     42.3259,    243.7825,     61.3510,      3.4953,      0.0000,     -0.0316,      0.9024,      0.1571,      5.4755,     10.9510,      1.3881,     27.9728,     55.9456,      0.0189,      0.0007,      0.0156,      0.2000,   7520.2524,-417303.7500,   -926.0909,    540.6495,  25067.5078,
       1,     166,     196,       6,       1,       3,       1,     10.0000,      1.3823,     42.3259,    243.7825,     61.3510,      3.4953,      0.0000,     -0.0316,      0.6883,      0.1571,      5.4755,     10.9510,      1.3881,     27.9728,     55.9456,      0.0189,      0.0006,      0.0156,      0.2000,   7520.2524,-416987.3125,   -926.0331,    540.6710,  25067.5098,
       1,     166,     196,       7,       1,       3,       1,     10.0000,      1.3823,     42.3259,    243.7825,     61.3510,      3.4953,      0.0000,     -0.0316,      0.5099,      0.1572,      5.4755,     10.9510,      1.3895,     27.9728,     55.9456,      0.0189,      0.0004,      0.0156,      0.2000,   7520.2534,-416687.9375,   -925.9778,    540.6912,  25067.5098,
       1,     166,     196,       8,       1,       3,       1,     10.0000,      1.3823,     42.3259,    243.7825,     61.3510,      3.4953,      0.0102,     -0.0214,      0.5652,      0.1568,      5.4755,     10.9510,      1.3853,     27.9728,     55.9456,      0.0189,      0.0005,      0.0156,      0.2000,   7520.2534,-416435.6250,   -925.9316,    540.7083,  25067.5098,
       1,     166,     196,       9,       1,       3,       1,     10.0000,      1.3823,     42.3259,    243.7825,     61.3510,      3.4953,      0.0735,      0.0416,      3.7683,      0.1660,      5.4755,     10.9510,      1.4667,     27.9728,     55.9456,      0.0189,      0.0005,      0.0870,      0.2000,   7520.2534,-416484.2188,   -925.9421,    540.7049,  25067.5098,
       1,     166,     196,      10,       1,       3,       1,     10.0000,      1.3823,     42.3259,    243.7825,     61.3510,      3.4953,      0.1368,      0.1044,      9.8067,      0.1796,      5.4755,     10.9510,      1.5867,     27.9728,     55.9456,      0.0189,      0.0007,      0.1799,      0.2000,   7520.2534,-420556.1562,   -926.7334,    540.4297,  25067.5078,
       1,     166,     196,      11,       1,       3,       1,     10.0000,      1.3823,     42.3259,    243.7825,     61.3510,      3.4953,      0.1807,      0.1479,     12.8790,      0.1952,      5.4755,     10.9510,      1.7244,     27.9728,     55.9456,      0.0189,      0.0007,      0.2450,      0.2000,   7520.2524,-428574.6875,   -928.3011,    539.8881,  25067.5078,
       1,     166,     196,      12,       1,       3,       1,     10.0000,      1.3823,     42.3259,    243.7825,     61.3510,      3.4953,      0.1649,      0.1317,     13.6171,      0.2073,      5.4755,     10.9510,      1.8314,     27.9728,     55.9456,      0.0189,      0.0008,      0.2213,      0.2000,   7520.2524,-433165.5312,   -929.2081,    539.5785,  25067.5098,
       1,     166,     196,      13,       1,       3,       1,     10.0000,      1.3823,     42.3259,    243.7825,     61.3510,      3.4953,      0.1194,      0.0865,     10.6520,      0.1981,      5.4755,     10.9510,      1.7502,     27.9728,     55.9456,      0.0189,      0.0009,      0.1539,      0.2000,   7520.2534,-434496.5938,   -929.5016,    539.4889,  25067.5098,
       1,     166,     196,      14,       1,       3,       1,     10.0000,      1.3823,     42.3259,    243.7825,     61.3510,      3.4953,      0.1266,      0.0935,     18.4102,      0.2044,      5.4755,     10.9510,      1.8063,     27.9728,     55.9456,      0.0189,      0.0014,      0.1637,      0.1999,   7520.2534,-430844.1562,   -928.8398,    539.7352,  25067.5078,
       1,     166,     196,      15,       1,       3,       1,     10.0000,      1.3823,     42.3259,    243.7825,     61.3510,      3.4953,      0.1566,      0.1235,     37.7636,      0.2040,      5.4755,     10.9510,      1.8027,     27.9728,     55.9456,      0.0189,      0.0023,      0.2061,      0.2000,   7520.2524,-440385.5000,   -930.7340,    539.0915,  25067.5059,
       1,     166,     196,      16,       1,       3,       1,     10.0000,      1.3823,     42.3259,    243.7825,     61.3510,      3.4953,      0.1599,      0.1269,     56.2243,      0.1988,      5.4755,     10.9510,      1.7571,     27.9728,     55.9456,      0.0189,      0.0034,      0.2088,      0.1999,   7520.2520,-465790.4688,   -935.7479,    537.3799,  25067.5078,
       1,     166,     196,      17,       1,       3,       1,     10.0000,      1.3823,     42.3259,    243.7825,     61.3510,      3.4953,      0.1652,      0.1326,     65.0350,      0.1843,      5.4755,     10.9510,      1.6282,     27.9728,     55.9456,      0.0189,      0.0038,      0.2156,      0.1999,   7520.2524,-491434.3438,   -940.8959,    535.6601,  25067.5078,
       1,     166,     196,      18,       1,       3,       1,     10.0000,      1.3823,     42.3259,    243.7825,     61.3510,      3.4953,      0.1499,      0.1180,     48.8835,      0.1630,      5.4755,     10.9510,      1.4405,     27.9728,     55.9456,      0.0189,      0.0031,      0.1948,      0.1999,   7520.2524,-504834.5938,   -943.9303,    534.7656,  25067.5098,
       1,     166,     196,      19,       1,       3,       1,     10.0000,      1.3823,     42.3259,    243.7825,     61.3510,      3.4953,      0.1023,      0.0703,     33.1023,      0.1676,      5.4755,     10.9510,      1.4814,     27.9728,     55.9456,      0.0189,      0.0033,      0.1262,      0.1999,   7520.2534,-485440.7812,   -938.3475,    536.0627,  25067.5078,
       1,     166,     196,      20,       1,       3,       1,     10.0000,      1.3823,     42.3259,    243.7825,     61.3510,      3.4953,      0.0226,     -0.0093,      3.0437,      0.1629,      5.4755,     10.9510,      1.4391,     27.9728,     55.9456,      0.0189,      0.0032,      0.0117,      0.1999,   7520.2524,-463726.1562,   -934.6882,    537.5194,  25067.5078,
       1,     166,     196,      21,       1,       3,       1,     10.0000,      1.3823,     42.3259,    243.7825,     61.3510,      3.4953,      0.0005,     -0.0313,      3.9707,      0.1601,      5.4755,     10.9510,      1.4148,     27.9728,     55.9456,      0.0189,      0.0032,      0.0156,      0.1999,   7520.2524,-423674.6875,   -927.3365,    540.2124,  25067.5078,
       1,     166,     196,      22,       1,       3,       1,     10.0000,      1.3823,     42.3259,    243.7825,     61.3510,      3.4953,      0.0000,     -0.0317,      3.3314,      0.1595,      5.4755,     10.9510,      1.4091,     27.9728,     55.9456,      0.0189,      0.0027,      0.0156,      0.2000,   7520.2524,-421439.0938,   -927.0671,    540.3701,  25067.5059,
       1,     166,     196,      23,       1,       3,       1,     10.0000,      1.3823,     42.3259,    243.7825,     61.3510,      3.4953,      0.0000,     -0.0317,      1.2037,      0.1604,      5.4755,     10.9510,      1.4176,     27.9728,     55.9456,      0.0189,      0.0010,      0.0156,      0.2000,   7520.2520,-420427.2188,   -926.9941,    540.4385,  25067.5078,
       1,     166,     196,      24,       1,       3,       1,     10.0000,      1.3823,     42.3259,    243.7825,     61.3510,      3.4953,      0.0000,     -0.0318,      1.2965,      0.1612,      5.4755,     10.9510,      1.4247,     27.9728,     55.9456,      0.0189,      0.0010,      0.0156,      0.2000,   7520.2524,-417637.9062,   -926.4990,    540.6269,  25067.5059,
       1,     166,     197,       1,       1,       3,       1,     10.0000,      1.3823,     42.3262,    243.7883,     61.3525,      3.4953,      0.0000,     -0.0317,      1.2935,      0.1585,      5.4755,     10.9511,      1.4007,     27.9725,     55.9450,      0.0189,      0.0010,      0.0156,      0.2000,   7520.2520,-417673.0312,   -926.8145,    540.6373,  25068.6348,
       1,     166,     197,       2,       1,       3,       1,     10.0000,      1.3823,     42.3262,    243.7883,     61.3525,      3.4953,      0.0000,     -0.0317,      1.2179,      0.1577,      5.4755,     10.9511,      1.3937,     27.9725,     55.9450,      0.0189,      0.0010,      0.0156,      0.2000,   7520.5908,-417518.7500,   -926.5516,    540.6478,  25068.6348,
       1,     166,     197,       3,       1,       3,       1,     10.0000,      1.3823,     42.3262,    243.7883,     61.3525,      3.4953,      0.0000,     -0.0316,      1.1103,      0.1569,      5.4755,     10.9511,      1.3868,     27.9725,     55.9450,      0.0189,      0.0009,      0.0156,      0.2000,   7520.5908,-417409.6562,   -926.5626,    540.6552,  25068.6367,
       1,     166,     197,       4,       1,       3,       1,     10.0000,      1.3823,     42.3262,    243.7883,     61.3525,      3.4953,      0.0000,     -0.0316,      1.0916,      0.1560,      5.4755,     10.9511,      1.3784,     27.9725,     55.9450,      0.0189,      0.0009,      0.0156,      0.2000,   7520.5913,-417263.1875,   -926.5619,    540.6651,  25068.6348,
       1,     166,     197,       5,       1,       3,       1,     10.0000,      1.3823,     42.3262,    243.7883,     61.3525,      3.4953,      0.0000,     -0.0316,      1.0794,      0.1547,      5.4755,     10.9511,      1.3674,     27.9725,     55.9450,      0.0189,      0.0009,      0.0156,      0.2000,   7520.5908,-417227.2188,   -926.5826,    540.6675,  25068.6348,
       1,     166,     197,       6,       1,       3,       1,     10.0000,      1.3823,     42.3262,    243.7883,     61.3525,      3.4953,      0.0000,     -0.0315,      0.9649,      0.1534,      5.4755,     10.9511,      1.3551,     27.9725,     55.9450,      0.0189,      0.0008,      0.0156,      0.2000,   7520.5908,-417208.5312,   -926.6057,    540.6687,  25068.6348,
       1,     166,     197,       7,       1,       3,       1,     10.0000,      1.3823,     42.3262,    243.7883,     61.3525,      3.4953,      0.0000,     -0.0315,      0.8730,      0.1526,      5.4755,     10.9511,      1.3483,     27.9725,     55.9450,      0.0189,      0.0007,      0.0156,      0.2000,   7520.5908,-417061.5938,   -926.5995,    540.6786,  25068.6328,
       1,     166,     197,       8,       1,       3,       1,     10.0000,      1.3823,     42.3262,    243.7883,     61.3525,      3.4953,      0.0054,     -0.0261,      0.8596,      0.1543,      5.4755,     10.9511,      1.3633,     27.9725,     55.9450,      0.0189,      0.0007,      0.0156,      0.2000,   7520.5903,-416932.5938,   -926.5945,    540.6874,  25068.6348,
       1,     166,     197,       9,       1,       3,       1,     10.0000,      1.3823,     42.3262,    243.7883,     61.3525,      3.4953,      0.0288,     -0.0035,      0.9867,      0.1773,      5.4755,     10.9511,      1.5664,     27.9725,     55.9450,      0.0189,      0.0006,      0.0206,      0.2000,   7520.5908,-416904.1875,   -926.6096,    540.6893,  25068.6348,
       1,     166,     197,      10,       1,       3,       1,     10.0000,      1.3823,     42.3262,    243.7883,     61.3525,      3.4953,      0.0663,      0.0335,      4.4057,      0.1936,      5.4755,     10.9511,      1.7109,     27.9725,     55.9450,      0.0189,      0.0007,      0.0756,      0.2000,   7520.5908,-417063.2188,   -926.6674,    540.6786,  25068.6367,
       1,     166,     197,      11,       1,       3,       1,     10.0000,      1.3823,     42.3262,    243.7883,     61.3525,      3.4953,      0.1183,      0.0850,      6.6377,      0.2110,      5.4755,     10.9511,      1.8641,     27.9725,     55.9450,      0.0189,      0.0005,      0.1525,      0.2000,   7520.5913,-421417.8125,   -927.5529,    540.3843,  25068.6367,
       1,     166,     197,      12,       1,       3,       1,     10.0000,      1.3823,     42.3262,    243.7883,     61.3525,      3.4953,      0.1231,      0.0894,      7.0957,      0.2264,      5.4755,     10.9511,      2.0005,     27.9725,     55.9450,      0.0189,      0.0006,      0.1596,      0.2000,   7520.5913,-424626.0000,   -928.2665,    540.1677,  25068.6348,
       1,     166,     197,      13,       1,       3,       1,     10.0000,      1.3823,     42.3262,    243.7883,     61.3525,      3.4953,      0.1394,      0.1055,      9.6207,      0.2338,      5.4755,     10.9511,      2.0660,     27.9725,     55.9450,      0.0189,      0.0007,      0.1837,      0.2000,   7520.5908,-425483.2500,   -928.5430,    540.1099,  25068.6348,
       1,     166,     197,      14,       1,       3,       1,     10.0000,      1.3823,     42.3262,    243.7883,     61.3525,      3.4953,      0.1732,      0.1390,     37.2397,      0.2452,      5.4755,     10.9511,      2.1671,     27.9725,     55.9450,      0.0189,      0.0020,      0.2313,      0.2000,   7520.5908,-428763.2500,   -929.3100,    539.8884,  25068.6328,
       1,     166,     197,      15,       1,       3,       1,     10.0000,      1.3823,     42.3262,    243.7883,     61.3525,      3.4953,      0.1615,      0.1276,     53.8843,      0.2313,      5.4755,     10.9511,      2.0440,     27.9725,     55.9450,      0.0189,      0.0032,      0.2116,      0.2000,   7520.5903,-464120.3438,   -936.4142,    537.5023,  25068.6328,
       1,     166,     197,      16,       1,       3,       1,     10.0000,      1.3823,     42.3262,    243.7883,     61.3525,      3.4953,      0.1257,      0.0919,     57.1502,      0.2313,      5.4755,     10.9511,      2.0440,     27.9725,     55.9450,      0.0189,      0.0045,      0.1576,      0.1999,   7520.5903,-488315.4688,   -941.4550,    535.8820,  25068.6348,
       1,     166,     197,      17,       1,       3,       1,     10.0000,      1.3823,     42.3262,    243.7883,     61.3525,      3.4953,      0.1440,      0.1105,     77.5767,      0.2145,      5.4755,     10.9511,      1.8955,     27.9725,     55.9450,      0.0189,      0.0053,      0.1826,      0.1999,   7520.5908,-494537.2812,   -943.0762,    535.4677,  25068.6348,
       1,     166,     197,      18,       1,       3,       1,     10.0000,      1.3823,     42.3262,    243.7883,     61.3525,      3.4953,      0.0274,     -0.0057,      7.7070,      0.2054,      5.4755,     10.9511,      1.8152,     27.9725,     55.9450,      0.0189,      0.0057,      0.0168,      0.1999,   7520.5908,-521033.5312,   -948.6815,    533.6943,  25068.6367,
       1,     166,     197,      19,       1,       3,       1,     10.0000,      1.3823,     42.3262,    243.7883,     61.3525,      3.4953,      0.0127,     -0.0200,      6.3503,      0.1906,      5.4755,     10.9511,      1.6840,     27.9725,     55.9450,      0.0189,      0.0051,      0.0156,      0.1999,   7520.5913,-434448.6562,   -932.2779,    539.4735,  25068.6348,
       1,     166,     197,      20,       1,       3,       1,     10.0000,      1.3823,     42.3262,    243.7883,     61.3525,      3.4953,      0.0040,     -0.0283,      5.0753,      0.1773,      5.4755,     10.9511,      1.5664,     27.9725,     55.9450,      0.0189,      0.0041,      0.0156,      0.2000,   7520.5908,-425418.0938,   -930.6301,    540.1138,  25068.6367,
       1,     166,     197,      21,       1,       3,       1,     10.0000,      1.3823,     42.3262,    243.7883,     61.3525,      3.4953,      0.0000,     -0.0321,      5.0561,      0.1702,      5.4755,     10.9511,      1.5037,     27.9725,     55.9450,      0.0189,      0.0041,      0.0156,      0.2000,   7520.5913,-422985.4688,   -930.2163,    540.2784,  25068.6348,
       1,     166,     197,      22,       1,       3,       1,     10.0000,      1.3823,     42.3262,    243.7883,     61.3525,      3.4953,      0.0000,     -0.0320,      4.6730,      0.1675,      5.4755,     10.9511,      1.4799,     27.9725,     55.9450,      0.0189,      0.0037,      0.0156,      0.2000,   7520.5908,-422752.4375,   -930.2191,    540.2943,  25068.6328,
       1,     166,     197,      23,       1,       3,       1,     10.0000,      1.3823,     42.3262,    243.7883,     61.3525,      3.4953,      0.0000,     -0.0319,      3.9130,      0.1658,      5.4755,     10.9511,      1.4652,     27.9725,     55.9450,      0.0189,      0.0031,      0.0156,      0.2000,   7520.5903,-422246.0625,   -930.1598,    540.3284,  25068.6348,
       1,     166,     197,      24,       1,       3,       1,     10.0000,      1.3823,     42.3262,    243.7883,     61.3525,      3.4953,      0.0000,     -0.0318,      3.2755,      0.1635,      5.4755,     10.9511,      1.4449,     27.9725,     55.9450,      0.0189,      0.0026,      0.0156,      0.2000,   7520.5908,-421237.3125,   -929.9932,    540.3965,  25068.6348,
       1,     166,     198,       1,       1,       3,       1,     10.0000,      1.3824,     42.3266,    243.7940,     61.3540,      3.4953,      0.0000,     -0.0318,      2.2614,      0.1625,      5.4770,     10.9540,      1.4363,     27.9612,     55.9224,      0.0189,      0.0018,      0.0156,      0.2000,   7520.5908,-420497.5625,   -930.1499,    540.4595,  25069.7637,
       1,     166,     198,       2,       1,       3,       1,     10.0000,      1.3824,     42.3266,    243.7940,     61.3540,      3.4953,      0.0000,     -0.0318,      1.7812,      0.1630,      5.4770,     10.9540,      1.4406,     27.9612,     55.9224,      0.0189,      0.0014,      0.0156,      0.2000,   7520.9292,-418993.0000,   -929.5995,    540.5612,  25069.7617,
       1,     166,     198,       3,       1,       3,       1,     10.0000,      1.3824,     42.3266,    243.7940,     61.3540,      3.4953,      0.0000,     -0.0318,      1.4404,      0.1630,      5.4770,     10.9540,      1.4406,     27.9612,     55.9224,      0.0189,      0.0012,      0.0156,      0.2000,   7520.9287,-418254.3438,   -929.4673,    540.6111,  25069.7637,
       1,     166,     198,       4,       1,       3,       1,     10.0000,      1.3824,     42.3266,    243.7940,     61.3540,      3.4953,      0.0000,     -0.0317,      1.3370,      0.1598,      5.4770,     10.9540,      1.4120,     27.9612,     55.9224,      0.0189,      0.0011,      0.0156,      0.2000,   7520.9292,-417758.0938,   -929.3784,    540.6446,  25069.7637,
       1,     166,     198,       5,       1,       3,       1,     10.0000,      1.3824,     42.3266,    243.7940,     61.3540,      3.4953,      0.0000,     -0.0316,      1.3012,      0.1576,      5.4770,     10.9540,      1.3924,     27.9612,     55.9224,      0.0189,      0.0010,      0.0156,      0.2000,   7520.9292,-417584.3125,   -929.3514,    540.6564,  25069.7637,
       1,     166,     198,       6,       1,       3,       1,     10.0000,      1.3824,     42.3266,    243.7940,     61.3540,      3.4953,      0.0000,     -0.0317,      1.1536,      0.1584,      5.4770,     10.9540,      1.3994,     27.9612,     55.9224,      0.0189,      0.0009,      0.0156,      0.2000,   7520.9292,-417523.9062,   -929.3458,    540.6605,  25069.7656,
       1,     166,     198,       7,       1,       3,       1,     10.0000,      1.3824,     42.3266,    243.7940,     61.3540,      3.4953,      0.0000,     -0.0317,      1.1700,      0.1588,      5.4770,     10.9540,      1.4036,     27.9612,     55.9224,      0.0189,      0.0009,      0.0156,      0.2000,   7520.9302,-417330.9062,   -929.3129,    540.6735,  25069.7656,
       1,     166,     198,       8,       1,       3,       1,     10.0000,      1.3824,     42.3266,    243.7940,     61.3540,      3.4953,      0.0040,     -0.0277,      1.1119,      0.1582,      5.4770,     10.9540,      1.3980,     27.9612,     55.9224,      0.0189,      0.0009,      0.0156,      0.2000,   7520.9302,-417335.0938,   -929.3190,    540.6731,  25069.7637,
       1,     166,     198,       9,       1,       3,       1,     10.0000,      1.3824,     42.3266,    243.7940,     61.3540,      3.4953,      0.0327,      0.0004,      1.9245,      0.1799,      5.4770,     10.9540,      1.5900,     27.9612,     55.9224,      0.0189,      0.0009,      0.0263,      0.2000,   7520.9292,-417262.2500,   -929.3104,    540.6781,  25069.7656,
       1,     166,     198,      10,       1,       3,       1,     10.0000,      1.3824,     42.3266,    243.7940,     61.3540,      3.4953,      0.1390,      0.1062,     14.2881,      0.1940,      5.4770,     10.9540,      1.7143,     27.9612,     55.9224,      0.0189,      0.0010,      0.1826,      0.2000,   7520.9302,-418287.2188,   -929.5153,    540.6088,  25069.7637,
       1,     166,     198,      11,       1,       3,       1,     10.0000,      1.3824,     42.3266,    243.7940,     61.3540,      3.4953,      0.1594,      0.1260,     16.0445,      0.2139,      5.4770,     10.9540,      1.8900,     27.9612,     55.9224,      0.0189,      0.0009,      0.2128,      0.2000,   7520.9292,-434072.9375,   -932.6240,    539.5421,  25069.7637,
       1,     166,     198,      12,       1,       3,       1,     10.0000,      1.3824,     42.3266,    243.7940,     61.3540,      3.4953,      0.1836,      0.1498,     19.0221,      0.2268,      5.4770,     10.9540,      2.0044,     27.9612,     55.9224,      0.0189,      0.0010,      0.2488,      0.2000,   7520.9292,-437660.5000,   -933.3839,    539.3013,  25069.7656,
       1,     166,     198,      13,       1,       3,       1,     10.0000,      1.3824,     42.3266,    243.7940,     61.3540,      3.4953,      0.1786,      0.1447,     19.0106,      0.2324,      5.4770,     10.9540,      2.0540,     27.9612,     55.9224,      0.0189,      0.0010,      0.2414,      0.2000,   7520.9302,-441747.8125,   -934.2370,    539.0256,  25069.7637,
       1,     166,     198,      14,       1,       3,       1,     10.0000,      1.3824,     42.3266,    243.7940,     61.3540,      3.4953,      0.1627,      0.1289,     45.9222,      0.2280,      5.4770,     10.9540,      2.0143,     27.9612,     55.9224,      0.0189,      0.0027,      0.2143,      0.2000,   7520.9292,-442084.1250,   -934.3598,    539.0031,  25069.7656,
       1,     166,     198,      15,       1,       3,       1,     10.0000,      1.3824,     42.3266,    243.7940,     61.3540,      3.4953,      0.1669,      0.1334,     65.6159,      0.2198,      5.4770,     10.9540,      1.9426,     27.9612,     55.9224,      0.0189,      0.0038,      0.2184,      0.2000,   7520.9302,-476292.1250,   -941.1605,    536.6983,  25069.7637,
       1,     166,     198,      16,       1,       3,       1,     10.0000,      1.3824,     42.3266,    243.7940,     61.3540,      3.4953,      0.1899,      0.1573,     86.6343,      0.1876,      5.4770,     10.9540,      1.6576,     27.9612,     55.9224,      0.0189,      0.0043,      0.2500,      0.2000,   7520.9292,-504261.9062,   -946.8544,    534.8269,  25069.7617,
       1,     166,     198,      17,       1,       3,       1,     10.0000,      1.3824,     42.3266,    243.7940,     61.3540,      3.4953,      0.1511,      0.1180,     82.7312,      0.2062,      5.4770,     10.9540,      1.8224,     27.9612,     55.9224,      0.0189,      0.0054,      0.1927,      0.1999,   7520.9287,-533377.5625,   -952.9064,    532.8836,  25069.7637,
       1,     166,     198,      18,       1,       3,       1,     10.0000,      1.3824,     42.3266,    243.7940,     61.3540,      3.4953,      0.1204,      0.0875,     64.7571,      0.1957,      5.4770,     10.9540,      1.7296,     27.9612,     55.9224,      0.0189,      0.0054,      0.1490,      0.1999,   7520.9292,-530908.1875,   -952.9515,    533.0516,  25069.7656,
       1,     166,     198,      19,       1,       3,       1,     10.0000,      1.3824,     42.3266,    243.7940,     61.3540,      3.4953,      0.0801,      0.0475,     34.9607,      0.1868,      5.4770,     10.9540,      1.6511,     27.9612,     55.9224,      0.0189,      0.0047,      0.0926,      0.1999,   7520.9302,-507832.5312,   -948.8870,    534.5892,  25069.7637,
       1,     166,     198,      20,       1,       3,       1,     10.0000,      1.3824,     42.3266,    243.7940,     61.3540,      3.4953,      0.0130,     -0.0193,      5.3872,      0.1785,      5.4770,     10.9540,      1.5774,     27.9612,     55.9224,      0.0189,      0.0043,      0.0156,      0.1999,   7520.9292,-467987.5938,   -941.3767,    537.2540,  25069.7617,
       1,     166,     198,      21,       1,       3,       1,     10.0000,      1.3824,     42.3266,    243.7940,     61.3540,      3.4953,      0.0000,     -0.0320,      2.3612,      0.1703,      5.4770,     10.9540,      1.5053,     27.9612,     55.9224,      0.0189,      0.0019,      0.0156,      0.2000,   7520.9287,-427025.2500,   -933.4565,    540.0117,  25069.7637,
       1,     166,     198,      22,       1,       3,       1,     10.0000,      1.3824,     42.3266,    243.7940,     61.3540,      3.4953,      0.0000,     -0.0319,      3.7156,      0.1665,      5.4770,     10.9540,      1.4711,     27.9612,     55.9224,      0.0189,      0.0030,      0.0156,      0.2000,   7520.9292,-419688.1250,   -932.0363,    540.5139,  25069.7656,
       1,     166,     198,      23,       1,       3,       1,     10.0000,      1.3824,     42.3266,    243.7940,     61.3540,      3.4953,      0.0000,     -0.0319,      3.1000,      0.1662,      5.4770,     10.9540,      1.4682,     27.9612,     55.9224,      0.0189,      0.0025,      0.0156,      0.2000,   7520.9302,-420769.8125,   -932.2545,    540.4411,  25069.7637,
       1,     166,     198,      24,       1,       3,       1,     10.0000,      1.3824,     42.3266,    243.7940,     61.3540,      3.4953,      0.0000,     -0.0315,      2.4443,      0.1540,      5.4770,     10.9540,      1.3606,     27.9612,     55.9224,      0.0189,      0.0020,      0.0156,      0.2000,   7520.9292,-420081.0625,   -932.1267,    540.4877,  25069.7617,
       1,     166,     199,       1,       1,       3,       1,     10.0000,      1.3824,     42.3269,    243.7998,     61.3554,      3.4953,      0.0000,     -0.0313,      2.1655,      0.1488,      5.4759,     10.9519,      1.3149,     27.9610,     55.9219,      0.0189,      0.0017,      0.0156,      0.2000,   7520.9287,-419345.4688,   -932.2690,    540.5501,  25070.8926,
       1,     166,     199,       2,       1,       3,       1,     10.0000,      1.3824,     42.3269,    243.7998,     61.3554,      3.4953,      0.0000,     -0.0313,      1.5787,      0.1476,      5.4759,     10.9519,      1.3044,     27.9610,     55.9219,      0.0189,      0.0013,      0.0156,      0.2000,   7521.2681,-418774.7500,   -931.8840,    540.5886,  25070.8945,
       1,     166,     199,       3,       1,       3,       1,     10.0000,      1.3824,     42.3269,    243.7998,     61.3554,      3.4953,      0.0000,     -0.0313,      1.2560,      0.1487,      5.4759,     10.9519,      1.3136,     27.9610,     55.9219,      0.0189,      0.0010,      0.0156,      0.2000,   7521.2686,-417980.6562,   -931.7308,    540.6423,  25070.8906,
       1,     166,     199,       4,       1,       3,       1,     10.0000,      1.3824,     42.3269,    243.7998,     61.3554,      3.4953,      0.0000,     -0.0314,      1.4139,      0.1491,      5.4759,     10.9519,      1.3176,     27.9610,     55.9219,      0.0189,      0.0011,      0.0156,      0.2000,   7521.2676,-417503.3750,   -931.6844,    540.6745,  25070.8945,
       1,     166,     199,       5,       1,       3,       1,     10.0000,      1.3824,     42.3269,    243.7998,     61.3554,      3.4953,      0.0000,     -0.0313,      1.2645,      0.1484,      5.4759,     10.9519,      1.3110,     27.9610,     55.9219,      0.0189,      0.0010,      0.0156,      0.2000,   7521.2686,-417662.4688,   -931.7209,    540.6638,  25070.8945,
       1,     166,     199,       6,       1,       3,       1,     10.0000,      1.3824,     42.3269,    243.7998,     61.3554,      3.4953,      0.0000,     -0.0314,      0.8140,      0.1502,      5.4759,     10.9519,      1.3269,     27.9610,     55.9219,      0.0189,      0.0007,      0.0156,      0.2000,   7521.2686,-417486.5000,   -931.6927,    540.6757,  25070.8926,
       1,     166,     199,       7,       1,       3,       1,     10.0000,      1.3824,     42.3269,    243.7998,     61.3554,      3.4953,      0.0000,     -0.0316,      0.8013,      0.1551,      5.4759,     10.9519,      1.3702,     27.9610,     55.9219,      0.0189,      0.0006,      0.0156,      0.2000,   7521.2681,-416899.5000,   -931.5829,    540.7153,  25070.8906,
       1,     166,     199,       8,       1,       3,       1,     10.0000,      1.3824,     42.3269,    243.7998,     61.3554,      3.4953,      0.0050,     -0.0265,      0.4882,      0.1548,      5.4759,     10.9519,      1.3675,     27.9610,     55.9219,      0.0189,      0.0004,      0.0156,      0.2000,   7521.2676,-416833.5000,   -931.5745,    540.7198,  25070.8926,
       1,     166,     199,       9,       1,       3,       1,     10.0000,      1.3824,     42.3269,    243.7998,     61.3554,      3.4953,      0.0491,      0.0173,      1.3173,      0.1611,      5.4759,     10.9519,      1.4234,     27.9610,     55.9219,      0.0189,      0.0003,      0.0512,      0.2000,   7521.2681,-416430.0312,   -931.4973,    540.7471,  25070.8906,
       1,     166,     199,      10,       1,       3,       1,     10.0000,      1.3824,     42.3269,    243.7998,     61.3554,      3.4953,      0.1382,      0.1058,      5.5719,      0.1810,      5.4759,     10.9519,      1.5995,     27.9610,     55.9219,      0.0189,      0.0004,      0.1825,      0.2000,   7521.2676,-417448.1562,   -931.7021,    540.6783,  25070.8926,
       1,     166,     199,      11,       1,       3,       1,     10.0000,      1.3824,     42.3269,    243.7998,     61.3554,      3.4953,      0.1608,      0.1281,      7.9194,      0.1908,      5.4759,     10.9519,      1.6858,     27.9610,     55.9219,      0.0189,      0.0005,      0.2159,      0.2000,   7521.2681,-422936.3125,   -932.7933,    540.3074,  25070.8926,
       1,     166,     199,      12,       1,       3,       1,     10.0000,      1.3824,     42.3269,    243.7998,     61.3554,      3.4953,      0.1784,      0.1459,     10.2187,      0.1845,      5.4759,     10.9519,      1.6300,     27.9610,     55.9219,      0.0189,      0.0005,      0.2418,      0.2000,   7521.2681,-426387.8125,   -933.4957,    540.0743,  25070.8945,
       1,     166,     199,      13,       1,       3,       1,     10.0000,      1.3824,     42.3269,    243.7998,     61.3554,      3.4953,      0.1847,      0.1551,     11.6963,      0.1042,      5.4759,     10.9519,      0.9208,     27.9610,     55.9219,      0.0189,      0.0006,      0.2500,      0.2000,   7521.2686,-429602.9062,   -913.3317,    539.8574,  25070.8984,
       1,     166,     199,      14,       1,       3,       1,     10.0000,      1.3824,     42.3269,    243.7998,     61.3554,      3.4953,      0.1725,      0.1429,     16.2425,      0.1045,      5.4759,     10.9519,      0.9236,     27.9610,     55.9219,      0.0189,      0.0009,      0.2316,      0.2000,   7521.2700,-431754.3125,   -914.1797,    539.7123,  25070.8965,
       1,     166,     199,      15,       1,       3,       1,     10.0000,      1.3824,     42.3269,    243.7998,     61.3554,      3.4953,      0.0649,      0.0352,      6.7676,      0.1070,      5.4759,     10.9519,      0.9458,     27.9610,     55.9219,      0.0189,      0.0011,      0.0756,      0.2000,   7521.2690,-437711.3125,   -916.1683,    539.3104,  25070.8965,
       1,     166,     199,      16,       1,       3,       1,     10.0000,      1.3824,     42.3269,    243.7998,     61.3554,      3.4953,      0.0321,      0.0023,      3.8130,      0.1109,      5.4759,     10.9519,      0.9804,     27.9610,     55.9219,      0.0189,      0.0017,      0.0280,      0.2000,   7521.2690,-426190.7812,   -914.4497,    540.0872,  25070.8965,
       1,     166,     199,      17,       1,       3,       1,     10.0000,      1.3824,     42.3269,    243.7998,     61.3554,      3.4953,      0.0187,     -0.0113,      1.2814,      0.1138,      5.4759,     10.9519,      1.0058,     27.9610,     55.9219,      0.0189,      0.0019,      0.0085,      0.2000,   7521.2690,-421453.6250,   -913.9177,    540.4076,  25070.8965,
       1,     166,     199,      18,       1,       3,       1,     10.0000,      1.3824,     42.3269,    243.7998,     61.3554,      3.4953,      0.0138,     -0.0165,      0.0246,      0.1225,      5.4759,     10.9519,      1.0826,     27.9610,     55.9219,      0.0189,      0.0003,      0.0010,      0.2000,   7521.2690,-417832.8438,   -913.5479,    540.6522,  25070.8965,
       1,     166,     199,      19,       1,       3,       1,     10.0000,      1.3824,     42.3269,    243.7998,     61.3554,      3.4953,      0.0051,     -0.0253,      0.2980,      0.1249,      5.4759,     10.9519,      1.1038,     27.9610,     55.9219,      0.0189,      0.0002,      0.0156,      0.2000,   7521.2690,-415927.0000,   -913.2453,    540.7811,  25070.8984,
       1,     166,     199,      20,       1,       3,       1,     10.0000,      1.3824,     42.3269,    243.7998,     61.3554,      3.4953,      0.0019,     -0.0284,      0.2864,      0.1207,      5.4759,     10.9519,      1.0662,     27.9610,     55.9219,      0.0189,      0.0002,      0.0156,      0.2000,   7521.2700,-416110.0938,   -913.2922,    540.7687,  25070.8965,
       1,     166,     199,      21,       1,       3,       1,     10.0000,      1.3824,     42.3269,    243.7998,     61.3554,      3.4953,      0.0000,     -0.0301,      0.2818,      0.1156,      5.4759,     10.9519,      1.0214,     27.9610,     55.9219,      0.0189,      0.0002,      0.0156,      0.2000,   7521.2690,-416111.2812,   -913.2984,    540.7686,  25070.8965,
       1,     166,     199,      22,       1,       3,       1,     10.0000,      1.3824,     42.3269,    243.7998,     61.3554,      3.4953,      0.0000,     -0.0303,      0.5778,      0.1204,      5.4759,     10.9519,      1.0640,     27.9610,     55.9219,      0.0189,      0.0005,      0.0156,      0.2000,   7521.2690,-416105.5938,   -913.2997,    540.7690,  25070.8984,
       1,     166,     199,      23,       1,       3,       1,     10.0000,      1.3824,     42.3269,    243.7998,     61.3554,      3.4953,      0.0000,     -0.0305,      1.3271,      0.1250,      5.4759,     10.9519,      1.1049,     27.9610,     55.9219,      0.0189,      0.0011,      0.0156,      0.2000,   7521.2700,-416480.7188,   -913.4022,    540.7437,  25070.8984,
       1,     166,     199,      24,       1,       3,       1,     10.0000,      1.3824,     42.3269,    243.7998,     61.3554,      3.4953,      0.0000,     -0.0306,      1.5859,      0.1284,      5.4759,     10.9519,      1.1345,     27.9610,     55.9219,      0.0189,      0.0013,      0.0156,      0.2000,   7521.2700,-417464.0312,   -913.6927,    540.6772,  25070.8965,
       1,     166,     200,       1,       1,       3,       1,     10.0000,      1.3824,     42.3272,    243.8056,     61.3569,      3.4953,      0.0000,     -0.0306,      0.9393,      0.1294,      5.4772,     10.9545,      1.1438,     27.9480,     55.8961,      0.0189,      0.0008,      0.0156,      0.2001,   7521.2690,-418033.4688,   -914.1890,    540.6517,  25072.0254,
       1,     166,     200,       2,       1,       3,       1,     10.0000,      1.3824,     42.3272,    243.8056,     61.3569,      3.4953,      0.0000,     -0.0304,      0.8186,      0.1239,      5.4772,     10.9545,      1.0948,     27.9480,     55.8961,      0.0189,      0.0007,      0.0156,      0.2001,   7521.6079,-417108.0625,   -913.8348,    540.7142,  25072.0254,
       1,     166,     200,       3,       1,       3,       1,     10.0000,      1.3824,     42.3272,    243.8056,     61.3569,      3.4953,      0.0000,     -0.0304,      0.7457,      0.1249,      5.4772,     10.9545,      1.1038,     27.9480,     55.8961,      0.0189,      0.0006,      0.0156,      0.2001,   7521.6079,-416875.4062,   -913.8567,    540.7299,  25072.0254,
       1,     166,     200,       4,       1,       3,       1,     10.0000,      1.3824,     42.3272,    243.8056,     61.3569,      3.4953,      0.0000,     -0.0305,      0.9289,      0.1250,      5.4772,     10.9545,      1.1049,     27.9480,     55.8961,      0.0189,      0.0007,      0.0156,      0.2001,   7521.6079,-416762.9375,   -913.8802,    540.7375,  25072.0254,
       1,     166,     200,       5,       1,       3,       1,     10.0000,      1.3824,     42.3272,    243.8056,     61.3569,      3.4953,      0.0000,     -0.0305,      0.9948,      0.1270,      5.4772,     10.9545,      1.1219,     27.9480,     55.8961,      0.0189,      0.0008,      0.0156,      0.2001,   7521.6079,-416985.8438,   -913.9957,    540.7224,  25072.0254,
       1,     166,     200,       6,       1,       3,       1,     10.0000,      1.3824,     42.3272,    243.8056,     61.3569,      3.4953,      0.0000,     -0.0307,      0.8248,      0.1302,      5.4772,     10.9545,      1.1508,     27.9480,     55.8961,      0.0189,      0.0007,      0.0156,      0.2001,   7521.6079,-417088.6562,   -911.3766,    540.7155,  25072.0254,
       1,     166,     200,       7,       1,       3,       1,     10.0000,      1.3824,     42.3272,    243.8056,     61.3569,      3.4953,      0.0000,     -0.0310,      0.6435,      0.1394,      5.4772,     10.9545,      1.2315,     27.9480,     55.8961,      0.0189,      0.0005,      0.0156,      0.2001,   7521.6079,-416881.6562,   -911.4128,    540.7296,  25072.0273,
       1,     166,     200,       8,       1,       3,       1,     10.0000,      1.3824,     42.3272,    243.8056,     61.3569,      3.4953,      0.0045,     -0.0267,      0.4394,      0.1444,      5.4772,     10.9545,      1.2758,     27.9480,     55.8961,      0.0189,      0.0004,      0.0156,      0.2001,   7521.6084,-416633.2500,   -911.4125,    540.7463,  25072.0273,
       1,     166,     200,       9,       1,       3,       1,     10.0000,      1.3824,     42.3272,    243.8056,     61.3569,      3.4953,      0.0497,      0.0178,      2.4561,      0.1643,      5.4772,     10.9545,      1.4522,     27.9480,     55.8961,      0.0189,      0.0006,      0.0518,      0.2001,   7521.6084,-416353.0625,   -911.3883,    540.7653,  25072.0254,
       1,     166,     200,      10,       1,       3,       1,     10.0000,      1.3824,     42.3272,    243.8056,     61.3569,      3.4953,      0.1185,      0.0860,     10.7288,      0.1861,      5.4772,     10.9545,      1.6446,     27.9480,     55.8961,      0.0189,      0.0009,      0.1526,      0.2001,   7521.6079,-418889.1562,   -912.0154,    540.5938,  25072.0254,
       1,     166,     200,      11,       1,       3,       1,     10.0000,      1.3824,     42.3272,    243.8056,     61.3569,      3.4953,      0.1176,      0.0848,      8.3905,      0.1931,      5.4772,     10.9545,      1.7060,     27.9480,     55.8961,      0.0189,      0.0007,      0.1515,      0.2001,   7521.6079,-429607.7188,   -914.3972,    539.8695,  25072.0254,
       1,     166,     200,      12,       1,       3,       1,     10.0000,      1.3824,     42.3272,    243.8056,     61.3569,      3.4953,      0.1366,      0.1032,     10.9435,      0.2147,      5.4772,     10.9545,      1.8975,     27.9480,     55.8961,      0.0189,      0.0008,      0.1793,      0.2001,   7521.6079,-427559.8438,   -914.4167,    540.0082,  25072.0254,
       1,     166,     200,      13,       1,       3,       1,     10.0000,      1.3824,     42.3272,    243.8056,     61.3569,      3.4953,      0.1293,      0.0959,      6.9610,      0.2147,      5.4772,     10.9545,      1.8975,     27.9480,     55.8961,      0.0189,      0.0005,      0.1690,      0.2001,   7521.6079,-430624.5938,   -915.4553,    539.8013,  25072.0273,
       1,     166,     200,      14,       1,       3,       1,     10.0000,      1.3824,     42.3272,    243.8056,     61.3569,      3.4953,      0.1465,      0.1133,     15.7136,      0.2091,      5.4772,     10.9545,      1.8478,     27.9480,     55.8961,      0.0189,      0.0010,      0.1936,      0.2001,   7521.6084,-425831.1875,   -914.9810,    540.1248,  25072.0254,
       1,     166,     200,      15,       1,       3,       1,     10.0000,      1.3824,     42.3272,    243.8056,     61.3569,      3.4953,      0.1568,      0.1235,     35.4838,      0.2110,      5.4772,     10.9545,      1.8642,     27.9480,     55.8961,      0.0189,      0.0021,      0.2068,      0.2001,   7521.6079,-436532.0000,   -917.5163,    539.4025,  25072.0254,
       1,     166,     200,      16,       1,       3,       1,     10.0000,      1.3824,     42.3272,    243.8056,     61.3569,      3.4953,      0.1621,      0.1290,     47.4429,      0.2048,      5.4772,     10.9545,      1.8100,     27.9480,     55.8961,      0.0189,      0.0028,      0.2132,      0.2001,   7521.6079,-462552.2188,   -923.1253,    537.6485,  25072.0273,
       1,     166,     200,      17,       1,       3,       1,     10.0000,      1.3824,     42.3272,    243.8056,     61.3569,      3.4953,      0.1313,      0.0984,     56.8337,      0.1981,      5.4772,     10.9545,      1.7503,     27.9480,     55.8961,      0.0189,      0.0043,      0.1662,      0.2000,   7521.6084,-479978.3125,   -927.3414,    536.4802,  25072.0254,
       1,     166,     200,      18,       1,       3,       1,     10.0000,      1.3824,     42.3272,    243.8056,     61.3569,      3.4953,      0.1200,      0.0873,     49.5970,      0.1917,      5.4772,     10.9545,      1.6942,     27.9480,     55.8961,      0.0189,      0.0041,      0.1503,      0.2000,   7521.6079,-493400.6250,   -930.8665,    535.5814,  25072.0273,
       1,     166,     200,      19,       1,       3,       1,     10.0000,      1.3824,     42.3272,    243.8056,     61.3569,      3.4953,      0.0916,      0.0593,     29.4809,      0.1801,      5.4772,     10.9545,      1.5916,     27.9480,     55.8961,      0.0189,      0.0033,      0.1105,      0.2000,   7521.6084,-485352.3750,   -930.3526,    536.1210,  25072.0234,
       1,     166,     200,      20,       1,       3,       1,     10.0000,      1.3824,     42.3272,    243.8056,     61.3569,      3.4953,      0.0142,     -0.0179,      4.1052,      0.1719,      5.4772,     10.9545,      1.5189,     27.9480,     55.8961,      0.0189,      0.0033,      0.0156,      0.2000,   7521.6074,-459105.4375,   -926.2126,    537.8801,  25072.0254,
       1,     166,     200,      21,       1,       3,       1,     10.0000,      1.3824,     42.3272,    243.8056,     61.3569,      3.4953,      0.0001,     -0.0319,      4.0975,      0.1663,      5.4772,     10.9545,      1.4697,     27.9480,     55.8961,      0.0189,      0.0033,      0.0156,      0.2000,   7521.6079,-424639.9375,   -920.2882,    540.2004,  25072.0254,
       1,     166,     200,      22,       1,       3,       1,     10.0000,      1.3824,     42.3272,    243.8056,     61.3569,      3.4953,      0.0000,     -0.0318,      3.7316,      0.1632,      5.4772,     10.9545,      1.4421,     27.9480,     55.8961,      0.0189,      0.0030,      0.0156,      0.2001,   7521.6079,-421689.7188,   -920.0759,    540.4045,  25072.0254,
       1,     166,     200,      23,       1,       3,       1,     10.0000,      1.3824,     42.3272,    243.8056,     61.3569,      3.4953,      0.0000,     -0.0318,      3.8323,      0.1627,      5.4772,     10.9545,      1.4378,     27.9480,     55.8961,      0.0189,      0.0031,      0.0156,      0.2001,   7521.6079,-420966.1562,   -920.2203,    540.4534,  25072.0254,
       1,     166,     200,      24,       1,       3,       1,     10.0000,      1.3824,     42.3272,    243.8056,     61.3569,      3.4953,      0.0000,     -0.0317,      3.2093,      0.1593,      5.4772,     10.9545,      1.4079,     27.9480,     55.8961,      0.0189,      0.0026,      0.0156,      0.2001,   7521.6079,-421031.9375,   -920.4990,    540.4490,  25072.0254,
       1,     166,     201,       1,       1,       3,       1,     10.0000,      1.3824,     42.3276,    243.8114,     61.3583,      3.4953,      0.0000,     -0.0316,      2.6557,      0.1577,      5.4766,     10.9532,      1.3939,     27.9431,     55.8862,      0.0189,      0.0021,      0.0156,      0.2001,   7521.6079,-420402.7500,   -920.8635,    540.5045,  25073.1543,
       1,     166,     201,       2,       1,       3,       1,     10.0000,      1.3824,     42.3276,    243.8114,     61.3583,      3.4953,      0.0000,     -0.0316,      2.0675,      0.1555,      5.4766,     10.9532,      1.3744,     27.9431,     55.8862,      0.0189,      0.0017,      0.0156,      0.2001,   7521.9468,-419492.3125,   -920.6035,    540.5660,  25073.1543,
       1,     166,     201,       3,       1,       3,       1,     10.0000,      1.3824,     42.3276,    243.8114,     61.3583,      3.4953,      0.0000,     -0.0315,      1.5468,      0.1540,      5.4766,     10.9532,      1.3607,     27.9431,     55.8862,      0.0189,      0.0012,      0.0156,      0.2001,   7521.9468,-418667.7812,   -920.5730,    540.6217,  25073.1523,
       1,     166,     201,       4,       1,       3,       1,     10.0000,      1.3824,     42.3276,    243.8114,     61.3583,      3.4953,      0.0000,     -0.0315,      1.3402,      0.1548,      5.4766,     10.9532,      1.3676,     27.9431,     55.8862,      0.0189,      0.0011,      0.0156,      0.2001,   7521.9458,-417936.5625,   -920.5244,    540.6711,  25073.1543,
       1,     166,     201,       5,       1,       3,       1,     10.0000,      1.3824,     42.3276,    243.8114,     61.3583,      3.4953,      0.0000,     -0.0315,      1.0922,      0.1541,      5.4766,     10.9532,      1.3621,     27.9431,     55.8862,      0.0189,      0.0009,      0.0156,      0.2001,   7521.9468,-417611.1875,   -920.5339,    540.6932,  25073.1543,
       1,     166,     201,       6,       1,       3,       1,     10.0000,      1.3824,     42.3276,    243.8114,     61.3583,      3.4953,      0.0000,     -0.0315,      1.0396,      0.1538,      5.4766,     10.9532,      1.3593,     27.9431,     55.8862,      0.0189,      0.0008,      0.0156,      0.2001,   7521.9468,-417268.4688,   -920.5229,    540.7163,  25073.1543,
       1,     166,     201,       7,       1,       3,       1,     10.0000,      1.3824,     42.3276,    243.8114,     61.3583,      3.4953,      0.0000,     -0.0316,      0.9150,      0.1563,      5.4766,     10.9532,      1.3813,     27.9431,     55.8862,      0.0189,      0.0007,      0.0156,      0.2001,   7521.9468,-417172.3438,   -920.5530,    540.7228,  25073.1523,
       1,     166,     201,       8,       1,       3,       1,     10.0000,      1.3824,     42.3276,    243.8114,     61.3583,      3.4953,      0.0062,     -0.0255,      0.7955,      0.1581,      5.4766,     10.9532,      1.3967,     27.9431,     55.8862,      0.0189,      0.0006,      0.0156,      0.2001,   7521.9458,-417006.3438,   -920.5619,    540.7339,  25073.1562,
       1,     166,     201,       9,       1,       3,       1,     10.0000,      1.3824,     42.3276,    243.8114,     61.3583,      3.4953,      0.0532,      0.0211,      3.1046,      0.1726,      5.4766,     10.9532,      1.5250,     27.9431,     55.8862,      0.0189,      0.0007,      0.0568,      0.2001,   7521.9473,-416839.9062,   -920.5660,    540.7452,  25073.1543,
       1,     166,     201,      10,       1,       3,       1,     10.0000,      1.3824,     42.3276,    243.8114,     61.3583,      3.4953,      0.0736,      0.0409,      5.0772,      0.1912,      5.4766,     10.9532,      1.6892,     27.9431,     55.8862,      0.0189,      0.0007,      0.0864,      0.2001,   7521.9468,-419756.3750,   -921.1957,    540.5481,  25073.1562,
       1,     166,     201,      11,       1,       3,       1,     10.0000,      1.3824,     42.3276,    243.8114,     61.3583,      3.4953,      0.1251,      0.0921,     11.5828,      0.2026,      5.4766,     10.9532,      1.7906,     27.9431,     55.8862,      0.0189,      0.0009,      0.1622,      0.2001,   7521.9473,-422510.1562,   -921.8199,    540.3621,  25073.1543,
       1,     166,     201,      12,       1,       3,       1,     10.0000,      1.3824,     42.3276,    243.8114,     61.3583,      3.4953,      0.1847,      0.1512,     21.8330,      0.2166,      5.4766,     10.9532,      1.9144,     27.9431,     55.8862,      0.0189,      0.0011,      0.2500,      0.2001,   7521.9468,-431004.0000,   -923.6187,    539.7884,  25073.1543,
       1,     166,     201,      13,       1,       3,       1,     10.0000,      1.3824,     42.3276,    243.8114,     61.3583,      3.4953,      0.1850,      0.1513,     26.2096,      0.2249,      5.4766,     10.9532,      1.9870,     27.9431,     55.8862,      0.0189,      0.0013,      0.2500,      0.2001,   7521.9468,-444744.7812,   -926.7494,    538.8615,  25073.1543,
       1,     166,     201,      14,       1,       3,       1,     10.0000,      1.3824,     42.3276,    243.8114,     61.3583,      3.4953,      0.1860,      0.1522,     39.5505,      0.2286,      5.4766,     10.9532,      2.0203,     27.9431,     55.8862,      0.0189,      0.0020,      0.2500,      0.2001,   7521.9468,-451481.0000,   -928.6917,    538.4086,  25073.1523,
       1,     166,     201,      15,       1,       3,       1,     10.0000,      1.3824,     42.3276,    243.8114,     61.3583,      3.4953,      0.1301,      0.0965,     41.3176,      0.2238,      5.4766,     10.9532,      1.9773,     27.9431,     55.8862,      0.0189,      0.0031,      0.1661,      0.2001,   7521.9458,-468998.0625,   -932.6204,    537.2299,  25073.1562,
       1,     166,     201,      16,       1,       3,       1,     10.0000,      1.3824,     42.3276,    243.8114,     61.3583,      3.4953,      0.0205,     -0.0130,      2.1208,      0.2169,      5.4766,     10.9532,      1.9163,     27.9431,     55.8862,      0.0189,      0.0039,      0.0067,      0.2000,   7521.9473,-472744.6250,   -933.7697,    536.9796,  25073.1543,
       1,     166,     201,      17,       1,       3,       1,     10.0000,      1.3824,     42.3276,    243.8114,     61.3583,      3.4953,      0.0134,     -0.0196,      5.7694,      0.2012,      5.4766,     10.9532,      1.7782,     27.9431,     55.8862,      0.0189,      0.0046,      0.0156,      0.2000,   7521.9468,-423275.8438,   -924.7271,    540.3001,  25073.1543,
       1,     166,     201,      18,       1,       3,       1,     10.0000,      1.3824,     42.3276,    243.8114,     61.3583,      3.4953,      0.0261,     -0.0070,      6.7156,      0.2071,      5.4766,     10.9532,      1.8298,     27.9431,     55.8862,      0.0189,      0.0056,      0.0150,      0.2001,   7521.9468,-423703.8438,   -925.0107,    540.2815,  25073.1543,
       1,     166,     201,      19,       1,       3,       1,     10.0000,      1.3824,     42.3276,    243.8114,     61.3583,      3.4953,      0.0436,      0.0108,     18.1347,      0.1942,      5.4766,     10.9532,      1.7162,     27.9431,     55.8862,      0.0189,      0.0057,      0.0400,      0.2001,   7521.9468,-424928.4375,   -925.4725,    540.1987,  25073.1543,
       1,     166,     201,      20,       1,       3,       1,     10.0000,      1.3824,     42.3276,    243.8114,     61.3583,      3.4953,      0.0169,     -0.0154,      1.1666,      0.1789,      5.4766,     10.9532,      1.5806,     27.9431,     55.8862,      0.0189,      0.0050,      0.0029,      0.2001,   7521.9468,-439528.0000,   -928.4871,    539.2130,  25073.1523,
       1,     166,     201,      21,       1,       3,       1,     10.0000,      1.3824,     42.3276,    243.8114,     61.3583,      3.4953,      0.0001,     -0.0319,      5.3337,      0.1688,      5.4766,     10.9532,      1.4919,     27.9431,     55.8862,      0.0189,      0.0043,      0.0156,      0.2001,   7521.9458,-419239.9375,   -924.8153,    540.5813,  25073.1562,
       1,     166,     201,      22,       1,       3,       1,     10.0000,      1.3824,     42.3276,    243.8114,     61.3583,      3.4953,      0.0000,     -0.0320,      4.4060,      0.1672,      5.4766,     10.9532,      1.4771,     27.9431,     55.8862,      0.0189,      0.0035,      0.0156,      0.2001,   7521.9473,-422793.4688,   -925.6003,    540.3429,  25073.1562,
       1,     166,     201,      23,       1,       3,       1,     10.0000,      1.3824,     42.3276,    243.8114,     61.3583,      3.4953,      0.0000,     -0.0318,      4.8312,      0.1626,      5.4766,     10.9532,      1.4364,     27.9431,     55.8862,      0.0189,      0.0039,      0.0156,      0.2001,   7521.9473,-421918.8125,   -925.5265,    540.4020,  25073.1543,
       1,     166,     201,      24,       1,       3,       1,     10.0000,      1.3824,     42.3276,    243.8114,     61.3583,      3.4953,      0.0000,     -0.0319,      4.1970,      0.1642,      5.4766,     10.9532,      1.4508,     27.9431,     55.8862,      0.0189,      0.0034,      0.0156,      0.2001,   7521.9468,-422383.6562,   -925.7086,    540.3707,  25073.1543,
       1,     166,     202,       1,       1,       3,       1,     10.0000,      1.3824,     42.3279,    243.8172,     61.3598,      3.4953,      0.0000,     -0.0317,      2.8576,      0.1592,      5.4776,     10.9552,      1.4065,     27.9302,     55.8604,      0.0189,      0.0023,      0.0156,      0.2001,   7521.9468,-421774.3125,   -925.9390,    540.4247,  25074.2812,
       1,     166,     202,       2,       1,       3,       1,     10.0000,      1.3824,     42.3279,    243.8172,     61.3598,      3.4953,      0.0000,     -0.0316,      2.0860,      0.1570,      5.4776,     10.9552,      1.3869,     27.9302,     55.8604,      0.0189,      0.0017,      0.0156,      0.2001,   7522.2847,-419869.1562,   -925.3602,    540.5533,  25074.2812,
       1,     166,     202,       3,       1,       3,       1,     10.0000,      1.3824,     42.3279,    243.8172,     61.3598,      3.4953,      0.0000,     -0.0316,      1.5811,      0.1576,      5.4776,     10.9552,      1.3925,     27.9302,     55.8604,      0.0189,      0.0013,      0.0156,      0.2001,   7522.2847,-418726.5312,   -925.1765,    540.6306,  25074.2793,
       1,     166,     202,       4,       1,       3,       1,     10.0000,      1.3824,     42.3279,    243.8172,     61.3598,      3.4953,      0.0000,     -0.0316,      1.1764,      0.1566,      5.4776,     10.9552,      1.3841,     27.9302,     55.8604,      0.0189,      0.0009,      0.0156,      0.2001,   7522.2842,-417988.0000,   -925.0597,    540.6805,  25074.2812,
       1,     166,     202,       5,       1,       3,       1,     10.0000,      1.3824,     42.3279,    243.8172,     61.3598,      3.4953,      0.0000,     -0.0313,      0.9889,      0.1493,      5.4776,     10.9552,      1.3190,     27.9302,     55.8604,      0.0189,      0.0008,      0.0156,      0.2001,   7522.2847,-417410.8438,   -924.9647,    540.7195,  25074.2793,
       1,     166,     202,       6,       1,       3,       1,     10.0000,      1.3824,     42.3279,    243.8172,     61.3598,      3.4953,      0.0000,     -0.0312,      0.6694,      0.1451,      5.4776,     10.9552,      1.2823,     27.9302,     55.8604,      0.0189,      0.0005,      0.0156,      0.2001,   7522.2842,-417123.5000,   -924.9207,    540.7390,  25074.2832,
       1,     166,     202,       7,       1,       3,       1,     10.0000,      1.3824,     42.3279,    243.8172,     61.3598,      3.4953,      0.0000,     -0.0312,      0.7769,      0.1460,      5.4776,     10.9552,      1.2901,     27.9302,     55.8604,      0.0189,      0.0006,      0.0156,      0.2001,   7522.2852,-416693.0000,   -924.8444,    540.7680,  25074.2832,
       1,     166,     202,       8,       1,       3,       1,     10.0000,      1.3824,     42.3279,    243.8172,     61.3598,      3.4953,      0.0004,     -0.0310,      0.8996,      0.1509,      5.4776,     10.9552,      1.3337,     27.9302,     55.8604,      0.0189,      0.0007,      0.0156,      0.2001,   7522.2852,-416792.4375,   -924.8712,    540.7613,  25074.2812,
       1,     166,     202,       9,       1,       3,       1,     10.0000,      1.3824,     42.3279,    243.8172,     61.3598,      3.4953,      0.0029,     -0.0288,      0.7594,      0.1585,      5.4776,     10.9552,      1.4009,     27.9302,     55.8604,      0.0189,      0.0006,      0.0156,      0.2001,   7522.2847,-416957.1250,   -924.9130,    540.7502,  25074.2812,
       1,     166,     202,      10,       1,       3,       1,     10.0000,      1.3824,     42.3279,    243.8172,     61.3598,      3.4953,      0.0295,     -0.0025,      0.5981,      0.1695,      5.4776,     10.9552,      1.4979,     27.9302,     55.8604,      0.0189,      0.0003,      0.0221,      0.2001,   7522.2847,-416793.1875,   -924.8905,    540.7613,  25074.2793,
       1,     166,     202,      11,       1,       3,       1,     10.0000,      1.3824,     42.3279,    243.8172,     61.3598,      3.4953,      0.1135,      0.0810,      4.3994,      0.1850,      5.4776,     10.9552,      1.6349,     27.9302,     55.8604,      0.0189,      0.0004,      0.1459,      0.2001,   7522.2842,-416574.6562,   -924.8572,    540.7761,  25074.2832,
       1,     166,     202,      12,       1,       3,       1,     10.0000,      1.3824,     42.3279,    243.8172,     61.3598,      3.4953,      0.1524,      0.1193,      6.9952,      0.2032,      5.4776,     10.9552,      1.7959,     27.9302,     55.8604,      0.0189,      0.0004,      0.2034,      0.2001,   7522.2852,-421379.2812,   -925.8068,    540.4513,  25074.2812,
       1,     166,     202,      13,       1,       3,       1,     10.0000,      1.3824,     42.3279,    243.8172,     61.3598,      3.4953,      0.1601,      0.1267,      8.5440,      0.2160,      5.4776,     10.9552,      1.9088,     27.9302,     55.8604,      0.0189,      0.0005,      0.2148,      0.2001,   7522.2847,-425086.2500,   -926.5809,    540.2009,  25074.2793,
       1,     166,     202,      14,       1,       3,       1,     10.0000,      1.3824,     42.3279,    243.8172,     61.3598,      3.4953,      0.1718,      0.1381,     13.2308,      0.2269,      5.4776,     10.9552,      2.0046,     27.9302,     55.8604,      0.0189,      0.0007,      0.2319,      0.2001,   7522.2842,-427370.2188,   -927.0958,    540.0468,  25074.2812,
       1,     166,     202,      15,       1,       3,       1,     10.0000,      1.3824,     42.3279,    243.8172,     61.3598,      3.4953,      0.1752,      0.1425,     24.3445,      0.1893,      5.4776,     10.9552,      1.6726,     27.9302,     55.8604,      0.0189,      0.0013,      0.2353,      0.2001,   7522.2847,-433514.1875,   -928.3696,    539.6320,  25074.2812,
       1,     166,     202,      16,       1,       3,       1,     10.0000,      1.3824,     42.3279,    243.8172,     61.3598,      3.4953,      0.1743,      0.1417,     41.4996,      0.1856,      5.4776,     10.9552,      1.6398,     27.9302,     55.8604,      0.0189,      0.0022,      0.2319,      0.2001,   7522.2847,-448148.0000,   -931.0828,    538.6451,  25074.2832,
       1,     166,     202,      17,       1,       3,       1,     10.0000,      1.3824,     42.3279,    243.8172,     61.3598,      3.4953,      0.0731,      0.0402,     25.4537,      0.1977,      5.4776,     10.9552,      1.7470,     27.9302,     55.8604,      0.0189,      0.0038,      0.0831,      0.2001,   7522.2852,-471183.4375,   -935.7436,    537.0950,  25074.2812,
       1,     166,     202,      18,       1,       3,       1,     10.0000,      1.3824,     42.3279,    243.8172,     61.3598,      3.4953,      0.0118,     -0.0207,      5.6056,      0.1847,      5.4776,     10.9552,      1.6317,     27.9302,     55.8604,      0.0189,      0.0045,      0.0156,      0.2001,   7522.2847,-452782.1875,   -932.4523,    538.3326,  25074.2812,
       1,     166,     202,      19,       1,       3,       1,     10.0000,      1.3824,     42.3279,    243.8172,     61.3598,      3.4953,      0.0044,     -0.0279,      5.9407,      0.1807,      5.4776,     10.9552,      1.5965,     27.9302,     55.8604,      0.0189,      0.0048,      0.0156,      0.2001,   7522.2847,-426009.1250,   -927.4492,    540.1356,  25074.2812,
       1,     166,     202,      20,       1,       3,       1,     10.0000,      1.3824,     42.3279,    243.8172,     61.3598,      3.4953,      0.0038,     -0.0284,      3.6349,      0.1745,      5.4776,     10.9552,      1.5418,     27.9302,     55.8604,      0.0189,      0.0029,      0.0156,      0.2001,   7522.2847,-424148.8125,   -927.1566,    540.2643,  25074.2812,
       1,     166,     202,      21,       1,       3,       1,     10.0000,      1.3824,     42.3279,    243.8172,     61.3598,      3.4953,      0.0000,     -0.0320,      3.0069,      0.1675,      5.4776,     10.9552,      1.4801,     27.9302,     55.8604,      0.0189,      0.0024,      0.0156,      0.2001,   7522.2847,-421059.0312,   -926.6016,    540.4730,  25074.2793,
       1,     166,     202,      22,       1,       3,       1,     10.0000,      1.3824,     42.3279,    243.8172,     61.3598,      3.4953,      0.0000,     -0.0319,      3.3785,      0.1644,      5.4776,     10.9552,      1.4523,     27.9302,     55.8604,      0.0189,      0.0027,      0.0156,      0.2001,   7522.2842,-419997.5000,   -926.4238,    540.5447,  25074.2812,
       1,     166,     202,      23,       1,       3,       1,     10.0000,      1.3824,     42.3279,    243.8172,     61.3598,      3.4953,      0.0000,     -0.0318,      3.0304,      0.1614,      5.4776,     10.9552,      1.4264,     27.9302,     55.8604,      0.0189,      0.0024,      0.0156,      0.2001,   7522.2847,-420377.8438,   -926.5198,    540.5190,  25074.2812,
       1,     166,     202,      24,       1,       3,       1,     10.0000,      1.3824,     42.3279,    243.8172,     61.3598,      3.4953,      0.0000,     -0.0317,      3.0453,      0.1600,      5.4776,     10.9552,      1.4136,     27.9302,     55.8604,      0.0189,      0.0024,      0.0156,      0.2001,   7522.2847,-419968.5938,   -926.4620,    540.5466,  25074.2812,
       1,     166,     203,       1,       1,       3,       1,     10.0000,      1.3825,     42.3282,    243.8229,     61.3612,      3.4953,      0.0000,     -0.0317,      2.7357,      0.1609,      5.4778,     10.9556,      1.4221,     27.9176,     55.8353,      0.0189,      0.0022,      0.0156,      0.2001,   7522.2847,-420108.1250,   -926.7810,    540.5502,  25075.4043,
       1,     166,     203,       2,       1,       3,       1,     10.0000,      1.3825,     42.3282,    243.8229,     61.3612,      3.4953,      0.0000,     -0.0317,      2.1555,      0.1609,      5.4778,     10.9556,      1.4221,     27.9176,     55.8353,      0.0189,      0.0017,      0.0156,      0.2001,   7522.6216,-419574.3125,   -926.4260,    540.5863,  25075.4043,
       1,     166,     203,       3,       1,       3,       1,     10.0000,      1.3825,     42.3282,    243.8229,     61.3612,      3.4953,      0.0000,     -0.0316,      1.7900,      0.1582,      5.4778,     10.9556,      1.3981,     27.9176,     55.8353,      0.0189,      0.0014,      0.0156,      0.2001,   7522.6216,-418792.2500,   -926.2880,    540.6392,  25075.4043,
       1,     166,     203,       4,       1,       3,       1,     10.0000,      1.3825,     42.3282,    243.8229,     61.3612,      3.4953,      0.0000,     -0.0316,      1.3293,      0.1573,      5.4778,     10.9556,      1.3897,     27.9176,     55.8353,      0.0189,      0.0011,      0.0156,      0.2001,   7522.6216,-418261.3438,   -926.1957,    540.6750,  25075.4043,
       1,     166,     203,       5,       1,       3,       1,     10.0000,      1.3825,     42.3282,    243.8229,     61.3612,      3.4953,      0.0000,     -0.0316,      1.0651,      0.1576,      5.4778,     10.9556,      1.3925,     27.9176,     55.8353,      0.0189,      0.0009,      0.0156,      0.2001,   7522.6216,-417631.3438,   -926.0821,    540.7176,  25075.4043,
       1,     166,     203,       6,       1,       3,       1,     10.0000,      1.3825,     42.3282,    243.8229,     61.3612,      3.4953,      0.0000,     -0.0316,      1.1103,      0.1579,      5.4778,     10.9556,      1.3953,     27.9176,     55.8353,      0.0189,      0.0009,      0.0156,      0.2001,   7522.6216,-417242.0938,   -926.0128,    540.7440,  25075.4043,
       1,     166,     203,       7,       1,       3,       1,     10.0000,      1.3825,     42.3282,    243.8229,     61.3612,      3.4953,      0.0000,     -0.0313,      0.8838,      0.1482,      5.4778,     10.9556,      1.3098,     27.9176,     55.8353,      0.0189,      0.0007,      0.0156,      0.2001,   7522.6216,-417265.9688,   -923.5054,    540.7423,  25075.4043,
       1,     166,     203,       8,       1,       3,       1,     10.0000,      1.3825,     42.3282,    243.8229,     61.3612,      3.4953,      0.0048,     -0.0262,      0.5906,      0.1401,      5.4778,     10.9556,      1.2379,     27.9176,     55.8353,      0.0189,      0.0005,      0.0156,      0.2001,   7522.6216,-416980.7188,   -923.4815,    540.7617,  25075.4043,
       1,     166,     203,       9,       1,       3,       1,     10.0000,      1.3825,     42.3282,    243.8229,     61.3612,      3.4953,      0.0615,      0.0305,      2.7264,      0.1398,      5.4778,     10.9556,      1.2354,     27.9176,     55.8353,      0.0189,      0.0005,      0.0700,      0.2001,   7522.6216,-416584.1875,   -923.4266,    540.7885,  25075.4043,
       1,     166,     203,      10,       1,       3,       1,     10.0000,      1.3825,     42.3282,    243.8229,     61.3612,      3.4953,      0.0977,      0.0660,      5.0176,      0.1581,      5.4778,     10.9556,      1.3967,     27.9176,     55.8353,      0.0189,      0.0005,      0.1227,      0.2001,   7522.6216,-419260.1250,   -924.0089,    540.6075,  25075.4043,
       1,     166,     203,      11,       1,       3,       1,     10.0000,      1.3825,     42.3282,    243.8229,     61.3612,      3.4953,      0.1064,      0.0738,      6.4976,      0.1897,      5.4778,     10.9556,      1.6760,     27.9176,     55.8353,      0.0189,      0.0006,      0.1351,      0.2001,   7522.6216,-422397.0625,   -924.7423,    540.3956,  25075.4062,
       1,     166,     203,      12,       1,       3,       1,     10.0000,      1.3825,     42.3282,    243.8229,     61.3612,      3.4953,      0.1443,      0.1111,      7.2889,      0.2067,      5.4778,     10.9556,      1.8263,     27.9176,     55.8353,      0.0189,      0.0005,      0.1913,      0.2001,   7522.6221,-424543.8125,   -925.3458,    540.2507,  25075.4043,
       1,     166,     203,      13,       1,       3,       1,     10.0000,      1.3825,     42.3282,    243.8229,     61.3612,      3.4953,      0.1770,      0.1437,      8.4405,      0.2127,      5.4778,     10.9556,      1.8791,     27.9176,     55.8353,      0.0189,      0.0004,      0.2401,      0.2001,   7522.6216,-425732.4375,   -925.8120,    540.1704,  25075.4062,
       1,     166,     203,      14,       1,       3,       1,     10.0000,      1.3825,     42.3282,    243.8229,     61.3612,      3.4953,      0.1836,      0.1498,      9.7383,      0.2302,      5.4778,     10.9556,      2.0343,     27.9176,     55.8353,      0.0189,      0.0005,      0.2500,      0.2001,   7522.6221,-427295.2812,   -926.4078,    540.0648,  25075.4023,
       1,     166,     203,      15,       1,       3,       1,     10.0000,      1.3825,     42.3282,    243.8229,     61.3612,      3.4953,      0.1578,      0.1240,     33.6099,      0.2300,      5.4778,     10.9556,      2.0323,     27.9176,     55.8353,      0.0189,      0.0020,      0.2084,      0.2001,   7522.6211,-429076.9375,   -927.1364,    539.9446,  25075.4023,
       1,     166,     203,      16,       1,       3,       1,     10.0000,      1.3825,     42.3282,    243.8229,     61.3612,      3.4953,      0.1469,      0.1131,     67.7189,      0.2307,      5.4778,     10.9556,      2.0383,     27.9176,     55.8353,      0.0189,      0.0045,      0.1881,      0.2001,   7522.6211,-459524.5625,   -933.2339,    537.8896,  25075.4043,
       1,     166,     203,      17,       1,       3,       1,     10.0000,      1.3825,     42.3282,    243.8229,     61.3612,      3.4953,      0.1561,      0.1228,     81.7870,      0.2120,      5.4778,     10.9556,      1.8736,     27.9176,     55.8353,      0.0189,      0.0051,      0.2002,      0.2001,   7522.6216,-505450.1875,   -942.4886,    534.8056,  25075.4062,
       1,     166,     203,      18,       1,       3,       1,     10.0000,      1.3825,     42.3282,    243.8229,     61.3612,      3.4953,      0.1166,      0.0839,     55.3707,      0.1919,      5.4778,     10.9556,      1.6960,     27.9176,     55.8353,      0.0189,      0.0048,      0.1445,      0.2001,   7522.6221,-527273.1875,   -947.3182,    533.3555,  25075.4043,
       1,     166,     203,      19,       1,       3,       1,     10.0000,      1.3825,     42.3282,    243.8229,     61.3612,      3.4953,      0.0820,      0.0498,     37.4969,      0.1750,      5.4778,     10.9556,      1.5465,     27.9176,     55.8353,      0.0189,      0.0049,      0.0954,      0.2000,   7522.6216,-495557.4688,   -941.8065,    535.4720,  25075.4043,
       1,     166,     203,      20,       1,       3,       1,     10.0000,      1.3825,     42.3282,    243.8229,     61.3612,      3.4953,      0.0113,     -0.0206,      5.9054,      0.1657,      5.4778,     10.9556,      1.4640,     27.9176,     55.8353,      0.0189,      0.0047,      0.0156,      0.2001,   7522.6216,-470154.6875,   -937.3273,    537.1765,  25075.4062,
       1,     166,     203,      21,       1,       3,       1,     10.0000,      1.3825,     42.3282,    243.8229,     61.3612,      3.4953,      0.0000,     -0.0316,      6.0142,      0.1568,      5.4778,     10.9556,      1.3856,     27.9176,     55.8353,      0.0189,      0.0048,      0.0156,      0.2001,   7522.6221,-427870.2812,   -928.2592,    540.0185,  25075.4062,
       1,     166,     203,      22,       1,       3,       1,     10.0000,      1.3825,     42.3282,    243.8229,     61.3612,      3.4953,      0.0000,     -0.0316,      4.3564,      0.1562,      5.4778,     10.9556,      1.3800,     27.9176,     55.8353,      0.0189,      0.0035,      0.0156,      0.2001,   7522.6221,-424409.0625,   -927.8164,    540.2597,  25075.4043,
       1,     166,     203,      23,       1,       3,       1,     10.0000,      1.3825,     42.3282,    243.8229,     61.3612,      3.4953,      0.0000,     -0.0316,      2.9299,      0.1562,      5.4778,     10.9556,      1.3800,     27.9176,     55.8353,      0.0189,      0.0023,      0.0156,      0.2001,   7522.6216,-421999.5938,   -927.4949,    540.4224,  25075.4062,
       1,     166,     203,      24,       1,       3,       1,     10.0000,      1.3825,     42.3282,    243.8229,     61.3612,      3.4953,      0.0000,     -0.0316,      2.1748,      0.1577,      5.4778,     10.9556,      1.3939,     27.9176,     55.8353,      0.0189,      0.0017,      0.0156,      0.2001,   7522.6221,-419982.5000,   -927.1971,    540.5587,  25075.4023,
       1,     166,     204,       1,       1,       3,       1,     10.0000,      1.3825,     42.3286,    243.8287,     61.3627,      3.4953,      0.0000,     -0.0317,      1.5611,      0.1593,      5.4769,     10.9538,      1.4080,     27.9143,     55.8286,      0.0189,      0.0013,      0.0156,      0.2002,   7522.6211,-419007.6875,   -927.3397,    540.6374,  25076.5332,
       1,     166,     204,       2,       1,       3,       1,     10.0000,      1.3825,     42.3286,    243.8287,     61.3627,      3.4953,      0.0000,     -0.0318,      0.7666,      0.1622,      5.4769,     10.9538,      1.4336,     27.9143,     55.8286,      0.0189,      0.0006,      0.0156,      0.2002,   7522.9604,-417991.8438,   -926.9125,    540.7061,  25076.5293,
       1,     166,     204,       3,       1,       3,       1,     10.0000,      1.3825,     42.3286,    243.8287,     61.3627,      3.4953,      0.0000,     -0.0318,      0.7831,      0.1642,      5.4769,     10.9538,      1.4509,     27.9143,     55.8286,      0.0189,      0.0006,      0.0156,      0.2002,   7522.9590,-416897.3125,   -926.7183,    540.7800,  25076.5312,
       1,     166,     204,       4,       1,       3,       1,     10.0000,      1.3825,     42.3286,    243.8287,     61.3627,      3.4953,      0.0000,     -0.0319,      0.9480,      0.1655,      5.4769,     10.9538,      1.4625,     27.9143,     55.8286,      0.0189,      0.0008,      0.0156,      0.2002,   7522.9595,-416824.0625,   -926.7175,    540.7850,  25076.5312,
       1,     166,     204,       5,       1,       3,       1,     10.0000,      1.3825,     42.3286,    243.8287,     61.3627,      3.4953,      0.0000,     -0.0317,      0.8108,      0.1609,      5.4769,     10.9538,      1.4222,     27.9143,     55.8286,      0.0189,      0.0006,      0.0156,      0.2002,   7522.9595,-417026.8125,   -926.7757,    540.7713,  25076.5293,
       1,     166,     204,       6,       1,       3,       1,     10.0000,      1.3825,     42.3286,    243.8287,     61.3627,      3.4953,      0.0000,     -0.0316,      0.6992,      0.1571,      5.4769,     10.9538,      1.3884,     27.9143,     55.8286,      0.0189,      0.0006,      0.0156,      0.2002,   7522.9590,-416870.5312,   -926.7625,    540.7819,  25076.5312,
       1,     166,     204,       7,       1,       3,       1,     10.0000,      1.3825,     42.3286,    243.8287,     61.3627,      3.4953,      0.0000,     -0.0316,      0.7096,      0.1563,      5.4769,     10.9538,      1.3814,     27.9143,     55.8286,      0.0189,      0.0006,      0.0156,      0.2002,   7522.9595,-416715.2812,   -926.7444,    540.7924,  25076.5312,
       1,     166,     204,       8,       1,       3,       1,     10.0000,      1.3825,     42.3286,    243.8287,     61.3627,      3.4953,      0.0263,     -0.0053,      1.1972,      0.1571,      5.4769,     10.9538,      1.3884,     27.9143,     55.8286,      0.0189,      0.0008,      0.0178,      0.2002,   7522.9595,-416715.0625,   -926.7565,    540.7924,  25076.5312,
       1,     166,     204,       9,       1,       3,       1,     10.0000,      1.3825,     42.3286,    243.8287,     61.3627,      3.4953,      0.1083,      0.0764,     13.9140,      0.1649,      5.4769,     10.9538,      1.4567,     27.9143,     55.8286,      0.0189,      0.0013,      0.1373,      0.2002,   7522.9595,-417333.6250,   -926.9075,    540.7505,  25076.5332,
       1,     166,     204,      10,       1,       3,       1,     10.0000,      1.3825,     42.3286,    243.8287,     61.3627,      3.4953,      0.1275,      0.0950,     18.8099,      0.1847,      5.4769,     10.9538,      1.6318,     27.9143,     55.8286,      0.0189,      0.0014,      0.1650,      0.2002,   7522.9604,-433520.5625,   -930.1171,    539.6564,  25076.5332,
       1,     166,     204,      11,       1,       3,       1,     10.0000,      1.3825,     42.3286,    243.8287,     61.3627,      3.4953,      0.1672,      0.1341,     26.1123,      0.2049,      5.4769,     10.9538,      1.8102,     27.9143,     55.8286,      0.0189,      0.0015,      0.2233,      0.2002,   7522.9604,-441124.4688,   -931.7422,    539.1446,  25076.5332,
       1,     166,     204,      12,       1,       3,       1,     10.0000,      1.3825,     42.3286,    243.8287,     61.3627,      3.4953,      0.1796,      0.1464,     28.9264,      0.2059,      5.4769,     10.9538,      1.8191,     27.9143,     55.8286,      0.0189,      0.0015,      0.2414,      0.2001,   7522.9604,-451042.9062,   -933.9036,    538.4764,  25076.5312,
       1,     166,     204,      13,       1,       3,       1,     10.0000,      1.3825,     42.3286,    243.8287,     61.3627,      3.4953,      0.1852,      0.1516,     29.3692,      0.2227,      5.4769,     10.9538,      1.9678,     27.9143,     55.8286,      0.0189,      0.0015,      0.2500,      0.2001,   7522.9595,-455465.3125,   -935.0461,    538.1791,  25076.5312,
       1,     166,     204,      14,       1,       3,       1,     10.0000,      1.3825,     42.3286,    243.8287,     61.3627,      3.4953,      0.1860,      0.1523,     39.8782,      0.2287,      5.4769,     10.9538,      2.0205,     27.9143,     55.8286,      0.0189,      0.0020,      0.2500,      0.2001,   7522.9595,-456405.5625,   -935.5291,    538.1160,  25076.5312,
       1,     166,     204,      15,       1,       3,       1,     10.0000,      1.3825,     42.3286,    243.8287,     61.3627,      3.4953,      0.1877,      0.1540,     60.6251,      0.2251,      5.4769,     10.9538,      1.9891,     27.9143,     55.8286,      0.0189,      0.0030,      0.2500,      0.2001,   7522.9595,-469826.3438,   -938.4416,    537.2132,  25076.5332,
       1,     166,     204,      16,       1,       3,       1,     10.0000,      1.3825,     42.3286,    243.8287,     61.3627,      3.4953,      0.1872,      0.1535,     82.6492,      0.2249,      5.4769,     10.9538,      1.9871,     27.9143,     55.8286,      0.0189,      0.0042,      0.2467,      0.2001,   7522.9604,-497318.8750,   -944.1267,    535.3678,  25076.5312,
       1,     166,     204,      17,       1,       3,       1,     10.0000,      1.3825,     42.3286,    243.8287,     61.3627,      3.4953,      0.1595,      0.1259,     65.4421,      0.2216,      5.4769,     10.9538,      1.9582,     27.9143,     55.8286,      0.0189,      0.0039,      0.2072,      0.2001,   7522.9595,-527653.6250,   -950.4613,    533.3410,  25076.5312,
       1,     166,     204,      18,       1,       3,       1,     10.0000,      1.3825,     42.3286,    243.8287,     61.3627,      3.4953,      0.1342,      0.1011,     61.7318,      0.2028,      5.4769,     10.9538,      1.7924,     27.9143,     55.8286,      0.0189,      0.0045,      0.1699,      0.2001,   7522.9595,-508384.8125,   -947.1515,    534.6294,  25076.5332,
       1,     166,     204,      19,       1,       3,       1,     10.0000,      1.3825,     42.3286,    243.8287,     61.3627,      3.4953,      0.1080,      0.0753,     51.2137,      0.1900,      5.4769,     10.9538,      1.6793,     27.9143,     55.8286,      0.0189,      0.0048,      0.1322,      0.2001,   7522.9604,-502026.0938,   -946.2726,    535.0558,  25076.5312,
       1,     166,     204,      20,       1,       3,       1,     10.0000,      1.3825,     42.3286,    243.8287,     61.3627,      3.4953,      0.0342,      0.0019,     10.2678,      0.1803,      5.4769,     10.9538,      1.5934,     27.9143,     55.8286,      0.0189,      0.0047,      0.0275,      0.2001,   7522.9595,-488120.5938,   -943.8604,    535.9861,  25076.5312,
       1,     166,     204,      21,       1,       3,       1,     10.0000,      1.3825,     42.3286,    243.8287,     61.3627,      3.4953,      0.0001,     -0.0321,      5.8662,      0.1762,      5.4769,     10.9538,      1.5573,     27.9143,     55.8286,      0.0189,      0.0047,      0.0156,      0.2001,   7522.9595,-434931.6562,   -933.6173,    539.5505,  25076.5312,
       1,     166,     204,      22,       1,       3,       1,     10.0000,      1.3825,     42.3286,    243.8287,     61.3627,      3.4953,      0.0000,     -0.0321,      5.3639,      0.1721,      5.4769,     10.9538,      1.5206,     27.9143,     55.8286,      0.0189,      0.0043,      0.0156,      0.2002,   7522.9595,-424833.2812,   -931.6632,    540.2435,  25076.5312,
       1,     166,     204,      23,       1,       3,       1,     10.0000,      1.3825,     42.3286,    243.8287,     61.3627,      3.4953,      0.0000,     -0.0321,      4.3598,      0.1724,      5.4769,     10.9538,      1.5236,     27.9143,     55.8286,      0.0189,      0.0035,      0.0156,      0.2002,   7522.9595,-423316.8438,   -931.3663,    540.3463,  25076.5312,
       1,     166,     204,      24,       1,       3,       1,     10.0000,      1.3825,     42.3286,    243.8287,     61.3627,      3.4953,      0.0000,     -0.0322,      3.8241,      0.1750,      5.4769,     10.9538,      1.5465,     27.9143,     55.8286,      0.0189,      0.0031,      0.0156,      0.2002,   7522.9595,-421912.4375,   -931.0884,    540.4411,  25076.5312,
       1,     166,     205,       1,       1,       3,       1,     10.0000,      1.3825,     42.3289,    243.8345,     61.3642,      3.4953,      0.0000,     -0.0321,      3.1163,      0.1726,      5.4766,     10.9531,      1.5252,     27.9193,     55.8386,      0.0189,      0.0025,      0.0156,      0.2002,   7522.9595,-421268.1562,   -931.2365,    540.4976,  25077.6582,
       1,     166,     205,       2,       1,       3,       1,     10.0000,      1.3825,     42.3289,    243.8345,     61.3642,      3.4953,      0.0000,     -0.0320,      2.6767,      0.1677,      5.4766,     10.9531,      1.4817,     27.9193,     55.8386,      0.0189,      0.0021,      0.0156,      0.2002,   7523.2979,-420161.7500,   -930.7399,    540.5722,  25077.6582,
       1,     166,     205,       3,       1,       3,       1,     10.0000,      1.3825,     42.3289,    243.8345,     61.3642,      3.4953,      0.0000,     -0.0320,      2.3033,      0.1675,      5.4766,     10.9531,      1.4802,     27.9193,     55.8386,      0.0189,      0.0018,      0.0156,      0.2002,   7523.2979,-419509.3125,   -930.6070,    540.6163,  25077.6602,
       1,     166,     205,       4,       1,       3,       1,     10.0000,      1.3825,     42.3289,    243.8345,     61.3642,      3.4953,      0.0000,     -0.0320,      2.2478,      0.1685,      5.4766,     10.9531,      1.4891,     27.9193,     55.8386,      0.0189,      0.0018,      0.0156,      0.2002,   7523.2983,-418979.2188,   -930.4976,    540.6522,  25077.6582,
       1,     166,     205,       5,       1,       3,       1,     10.0000,      1.3825,     42.3289,    243.8345,     61.3642,      3.4953,      0.0000,     -0.0319,      2.5536,      0.1667,      5.4766,     10.9531,      1.4728,     27.9193,     55.8386,      0.0189,      0.0020,      0.0156,      0.2002,   7523.2979,-418863.7812,   -930.4699,    540.6600,  25077.6582,
       1,     166,     205,       6,       1,       3,       1,     10.0000,      1.3825,     42.3289,    243.8345,     61.3642,      3.4953,      0.0000,     -0.0318,      2.4880,      0.1622,      5.4766,     10.9531,      1.4336,     27.9193,     55.8386,      0.0189,      0.0020,      0.0156,      0.2002,   7523.2979,-419241.8438,   -930.5362,    540.6344,  25077.6602,
       1,     166,     205,       7,       1,       3,       1,     10.0000,      1.3825,     42.3289,    243.8345,     61.3642,      3.4953,      0.0000,     -0.0317,      2.2194,      0.1601,      5.4766,     10.9531,      1.4151,     27.9193,     55.8386,      0.0189,      0.0018,      0.0156,      0.2002,   7523.2983,-419190.7188,   -930.5182,    540.6379,  25077.6602,
       1,     166,     205,       8,       1,       3,       1,     10.0000,      1.3825,     42.3289,    243.8345,     61.3642,      3.4953,      0.0116,     -0.0201,      2.3517,      0.1597,      5.4766,     10.9531,      1.4108,     27.9193,     55.8386,      0.0189,      0.0019,      0.0156,      0.2002,   7523.2983,-418845.5312,   -930.4437,    540.6612,  25077.6602,
       1,     166,     205,       9,       1,       3,       1,     10.0000,      1.3825,     42.3289,    243.8345,     61.3642,      3.4953,      0.0948,      0.0627,     19.7844,      0.1745,      5.4766,     10.9531,      1.5420,     27.9193,     55.8386,      0.0189,      0.0021,      0.1165,      0.2002,   7523.2983,-418983.7500,   -930.4610,    540.6519,  25077.6582,
       1,     166,     205,      10,       1,       3,       1,     10.0000,      1.3825,     42.3289,    243.8345,     61.3642,      3.4953,      0.1474,      0.1148,     32.8080,      0.1897,      5.4766,     10.9531,      1.6761,     27.9193,     55.8386,      0.0189,      0.0021,      0.1930,      0.2002,   7523.2979,-441111.0000,   -934.8294,    539.1564,  25077.6582,
       1,     166,     205,      11,       1,       3,       1,     10.0000,      1.3825,     42.3289,    243.8345,     61.3642,      3.4953,      0.1815,      0.1481,     38.2953,      0.2154,      5.4766,     10.9531,      1.9033,     27.9193,     55.8386,      0.0189,      0.0020,      0.2433,      0.2002,   7523.2979,-459540.3438,   -938.5206,    537.9164,  25077.6582,
       1,     166,     205,      12,       1,       3,       1,     10.0000,      1.3825,     42.3289,    243.8345,     61.3642,      3.4953,      0.1857,      0.1522,     35.0710,      0.2190,      5.4766,     10.9531,      1.9353,     27.9193,     55.8386,      0.0189,      0.0018,      0.2500,      0.2002,   7523.2979,-468084.7500,   -940.1979,    537.3434,  25077.6562,
       1,     166,     205,      13,       1,       3,       1,     10.0000,      1.3825,     42.3289,    243.8345,     61.3642,      3.4953,      0.1854,      0.1517,     31.4066,      0.2253,      5.4766,     10.9531,      1.9911,     27.9193,     55.8386,      0.0189,      0.0016,      0.2500,      0.2001,   7523.2974,-464721.4375,   -939.5711,    537.5695,  25077.6582,
       1,     166,     205,      14,       1,       3,       1,     10.0000,      1.3825,     42.3289,    243.8345,     61.3642,      3.4953,      0.1868,      0.1530,     49.1214,      0.2271,      5.4766,     10.9531,      2.0067,     27.9193,     55.8386,      0.0189,      0.0025,      0.2500,      0.2002,   7523.2979,-459781.9375,   -938.5875,    537.9016,  25077.6602,
       1,     166,     205,      15,       1,       3,       1,     10.0000,      1.3825,     42.3289,    243.8345,     61.3642,      3.4953,      0.1881,      0.1543,     65.6695,      0.2262,      5.4766,     10.9531,      1.9989,     27.9193,     55.8386,      0.0189,      0.0033,      0.2500,      0.2002,   7523.2983,-481845.5000,   -942.9804,    536.4182,  25077.6582,
       1,     166,     205,      16,       1,       3,       1,     10.0000,      1.3825,     42.3289,    243.8345,     61.3642,      3.4953,      0.1861,      0.1525,    104.9485,      0.2190,      5.4766,     10.9531,      1.9353,     27.9193,     55.8386,      0.0189,      0.0054,      0.2424,      0.2001,   7523.2979,-504751.0938,   -947.6069,    534.8843,  25077.6582,
       1,     166,     205,      17,       1,       3,       1,     10.0000,      1.3825,     42.3289,    243.8345,     61.3642,      3.4953,      0.1219,      0.0886,     62.6409,      0.2129,      5.4766,     10.9531,      1.8810,     27.9193,     55.8386,      0.0189,      0.0052,      0.1514,      0.2001,   7523.2979,-556605.6250,   -958.1242,    531.4196,  25077.6562,
       1,     166,     205,      18,       1,       3,       1,     10.0000,      1.3825,     42.3289,    243.8345,     61.3642,      3.4953,      0.1430,      0.1100,     67.6735,      0.2025,      5.4766,     10.9531,      1.7890,     27.9193,     55.8386,      0.0189,      0.0046,      0.1824,      0.2000,   7523.2974,-507280.9375,   -948.6467,    534.7073,  25077.6582,
       1,     166,     205,      19,       1,       3,       1,     10.0000,      1.3825,     42.3289,    243.8345,     61.3642,      3.4953,      0.1016,      0.0688,     45.9661,      0.1940,      5.4766,     10.9531,      1.7146,     27.9193,     55.8386,      0.0189,      0.0047,      0.1232,      0.2001,   7523.2979,-509484.1562,   -949.3090,    534.5701,  25077.6602,
       1,     166,     205,      20,       1,       3,       1,     10.0000,      1.3825,     42.3289,    243.8345,     61.3642,      3.4953,      0.0254,     -0.0070,      5.6599,      0.1827,      5.4766,     10.9531,      1.6141,     27.9193,     55.8386,      0.0189,      0.0047,      0.0149,      0.2001,   7523.2983,-482083.5312,   -944.0278,    536.4011,  25077.6582,
       1,     166,     205,      21,       1,       3,       1,     10.0000,      1.3825,     42.3289,    243.8345,     61.3642,      3.4953,      0.0001,     -0.0322,      5.1716,      0.1755,      5.4766,     10.9531,      1.5512,     27.9193,     55.8386,      0.0189,      0.0041,      0.0156,      0.2001,   7523.2979,-428573.7812,   -933.3770,    539.9921,  25077.6582,
       1,     166,     205,      22,       1,       3,       1,     10.0000,      1.3825,     42.3289,    243.8345,     61.3642,      3.4953,      0.0000,     -0.0321,      4.6522,      0.1728,      5.4766,     10.9531,      1.5267,     27.9193,     55.8386,      0.0189,      0.0037,      0.0156,      0.2002,   7523.2979,-423410.4375,   -932.2935,    540.3526,  25077.6582,
       1,     166,     205,      23,       1,       3,       1,     10.0000,      1.3825,     42.3289,    243.8345,     61.3642,      3.4953,      0.0000,     -0.0321,      4.2113,      0.1721,      5.4766,     10.9531,      1.5206,     27.9193,     55.8386,      0.0189,      0.0034,      0.0156,      0.2002,   7523.2979,-422294.1875,   -932.0196,    540.4282,  25077.6582,
       1,     166,     205,      24,       1,       3,       1,     10.0000,      1.3825,     42.3289,    243.8345,     61.3642,      3.4953,      0.0000,     -0.0320,      3.8509,      0.1694,      5.4766,     10.9531,      1.4965,     27.9193,     55.8386,      0.0189,      0.0031,      0.0156,      0.2002,   7523.2979,-421638.9688,   -931.8442,    540.4724,  25077.6582,
       1,     166,     206,       1,       1,       3,       1,     10.0000,      1.3825,     42.3292,    243.8402,     61.3656,      3.4953,      0.0000,     -0.0320,      3.1787,      0.1695,      5.4765,     10.9529,      1.4981,     27.9235,     55.8470,      0.0189,      0.0025,      0.0156,      0.2002,   7523.2979,-421281.0000,   -932.0168,    540.5093,  25078.7832,
       1,     166,     206,       2,       1,       3,       1,     10.0000,      1.3825,     42.3292,    243.8402,     61.3656,      3.4953,      0.0000,     -0.0320,      2.4745,      0.1672,      5.4765,     10.9529,      1.4773,     27.9235,     55.8470,      0.0189,      0.0020,      0.0156,      0.2002,   7523.6353,-420244.7500,   -931.4979,    540.5793,  25078.7812,
       1,     166,     206,       3,       1,       3,       1,     10.0000,      1.3825,     42.3292,    243.8402,     61.3656,      3.4953,      0.0000,     -0.0318,      2.0325,      0.1639,      5.4765,     10.9529,      1.4481,     27.9235,     55.8470,      0.0189,      0.0016,      0.0156,      0.2002,   7523.6348,-419262.9062,   -931.2806,    540.6457,  25078.7812,
       1,     166,     206,       4,       1,       3,       1,     10.0000,      1.3825,     42.3292,    243.8402,     61.3656,      3.4953,      0.0000,     -0.0319,      1.8280,      0.1644,      5.4765,     10.9529,      1.4524,     27.9235,     55.8470,      0.0189,      0.0015,      0.0156,      0.2002,   7523.6348,-418618.0938,   -931.1339,    540.6893,  25078.7832,
       1,     166,     206,       5,       1,       3,       1,     10.0000,      1.3825,     42.3292,    243.8402,     61.3656,      3.4953,      0.0000,     -0.0318,      1.5832,      0.1632,      5.4765,     10.9529,      1.4423,     27.9235,     55.8470,      0.0189,      0.0013,      0.0156,      0.2002,   7523.6353,-418303.1250,   -931.0544,    540.7106,  25078.7852,
       1,     166,     206,       6,       1,       3,       1,     10.0000,      1.3825,     42.3292,    243.8402,     61.3656,      3.4953,      0.0000,     -0.0318,      1.5228,      0.1637,      5.4765,     10.9529,      1.4466,     27.9235,     55.8470,      0.0189,      0.0012,      0.0156,      0.2002,   7523.6357,-417965.3125,   -930.9724,    540.7335,  25078.7832,
       1,     166,     206,       7,       1,       3,       1,     10.0000,      1.3825,     42.3292,    243.8402,     61.3656,      3.4953,      0.0000,     -0.0318,      1.1324,      0.1619,      5.4765,     10.9529,      1.4308,     27.9235,     55.8470,      0.0189,      0.0009,      0.0156,      0.2002,   7523.6353,-417859.9688,   -930.9384,    540.7405,  25078.7832,
       1,     166,     206,       8,       1,       3,       1,     10.0000,      1.3825,     42.3292,    243.8402,     61.3656,      3.4953,      0.0069,     -0.0250,      1.0048,      0.1629,      5.4765,     10.9529,      1.4394,     27.9235,     55.8470,      0.0189,      0.0008,      0.0156,      0.2002,   7523.6353,-417355.8125,   -930.8292,    540.7746,  25078.7832,
       1,     166,     206,       9,       1,       3,       1,     10.0000,      1.3825,     42.3292,    243.8402,     61.3656,      3.4953,      0.0566,      0.0244,      4.4732,      0.1726,      5.4765,     10.9529,      1.5252,     27.9235,     55.8470,      0.0189,      0.0009,      0.0616,      0.2002,   7523.6353,-417150.7812,   -930.7802,    540.7885,  25078.7852,
       1,     166,     206,      10,       1,       3,       1,     10.0000,      1.3825,     42.3292,    243.8402,     61.3656,      3.4953,      0.1370,      0.1045,     14.9489,      0.1832,      5.4765,     10.9529,      1.6189,     27.9235,     55.8470,      0.0189,      0.0010,      0.1795,      0.2002,   7523.6357,-421532.2812,   -931.6421,    540.4923,  25078.7852,
       1,     166,     206,      11,       1,       3,       1,     10.0000,      1.3825,     42.3292,    243.8402,     61.3656,      3.4953,      0.1781,      0.1451,     24.3106,      0.2005,      5.4765,     10.9529,      1.7715,     27.9235,     55.8470,      0.0189,      0.0013,      0.2397,      0.2002,   7523.6357,-435196.3750,   -934.3607,    539.5693,  25078.7832,
       1,     166,     206,      12,       1,       3,       1,     10.0000,      1.3825,     42.3292,    243.8402,     61.3656,      3.4953,      0.1808,      0.1476,     22.6707,      0.2059,      5.4765,     10.9529,      1.8192,     27.9235,     55.8470,      0.0189,      0.0012,      0.2439,      0.2002,   7523.6353,-448247.4375,   -936.9392,    538.6898,  25078.7832,
       1,     166,     206,      13,       1,       3,       1,     10.0000,      1.3825,     42.3292,    243.8402,     61.3656,      3.4953,      0.1713,      0.1384,     24.3373,      0.1979,      5.4765,     10.9529,      1.7489,     27.9235,     55.8470,      0.0189,      0.0013,      0.2296,      0.2002,   7523.6353,-447285.0625,   -936.7176,    538.7552,  25078.7832,
       1,     166,     206,      14,       1,       3,       1,     10.0000,      1.3825,     42.3292,    243.8402,     61.3656,      3.4953,      0.1611,      0.1287,     26.9643,      0.1819,      5.4765,     10.9529,      1.6077,     27.9235,     55.8470,      0.0189,      0.0016,      0.2140,      0.2002,   7523.6353,-449316.7812,   -916.9236,    538.6185,  25078.7871,
       1,     166,     206,      15,       1,       3,       1,     10.0000,      1.3825,     42.3292,    243.8402,     61.3656,      3.4953,      0.1456,      0.1121,     37.0334,      0.2190,      5.4765,     10.9529,      1.9354,     27.9235,     55.8470,      0.0189,      0.0024,      0.1897,      0.2002,   7523.6362,-452823.6562,   -918.5818,    538.3823,  25078.7910,
       1,     166,     206,      16,       1,       3,       1,     10.0000,      1.3825,     42.3292,    243.8402,     61.3656,      3.4953,      0.1093,      0.0762,     34.0933,      0.2053,      5.4765,     10.9529,      1.8138,     27.9235,     55.8470,      0.0189,      0.0031,      0.1360,      0.2002,   7523.6377,-465901.7812,   -921.9580,    537.5023,  25078.7852,
       1,     166,     206,      17,       1,       3,       1,     10.0000,      1.3825,     42.3292,    243.8402,     61.3656,      3.4953,      0.0951,      0.0619,     35.7099,      0.2075,      5.4765,     10.9529,      1.8336,     27.9235,     55.8470,      0.0189,      0.0039,      0.1145,      0.2002,   7523.6357,-463291.5312,   -919.7095,    537.6784,  25078.7891,
       1,     166,     206,      18,       1,       3,       1,     10.0000,      1.3825,     42.3292,    243.8402,     61.3656,      3.4953,      0.0929,      0.0606,     26.6535,      0.1780,      5.4765,     10.9529,      1.5730,     27.9235,     55.8470,      0.0189,      0.0030,      0.1128,      0.2002,   7523.6372,-465118.9375,   -921.0930,    537.5556,  25078.7852,
       1,     166,     206,      19,       1,       3,       1,     10.0000,      1.3825,     42.3292,    243.8402,     61.3656,      3.4953,      0.0811,      0.0500,      9.4358,      0.1438,      5.4765,     10.9529,      1.2709,     27.9235,     55.8470,      0.0189,      0.0012,      0.0981,      0.2002,   7523.6357,-453780.2812,   -917.6153,    538.3175,  25078.7891,
       1,     166,     206,      20,       1,       3,       1,     10.0000,      1.3825,     42.3292,    243.8402,     61.3656,      3.4953,      0.0132,     -0.0184,      4.0831,      0.1576,      5.4765,     10.9529,      1.3926,     27.9235,     55.8470,      0.0189,      0.0033,      0.0156,      0.2002,   7523.6372,-430960.9688,   -913.1240,    539.8536,  25078.7871,
       1,     166,     206,      21,       1,       3,       1,     10.0000,      1.3825,     42.3292,    243.8402,     61.3656,      3.4953,      0.0000,     -0.0318,      3.5159,      0.1632,      5.4765,     10.9529,      1.4423,     27.9235,     55.8470,      0.0189,      0.0028,      0.0156,      0.2002,   7523.6362,-422223.0000,   -912.1538,    540.4454,  25078.7891,
       1,     166,     206,      22,       1,       3,       1,     10.0000,      1.3825,     42.3292,    243.8402,     61.3656,      3.4953,      0.0000,     -0.0318,      3.5982,      0.1635,      5.4765,     10.9529,      1.4452,     27.9235,     55.8470,      0.0189,      0.0029,      0.0156,      0.2002,   7523.6372,-420752.8750,   -912.3543,    540.5450,  25078.7891,
       1,     166,     206,      23,       1,       3,       1,     10.0000,      1.3825,     42.3292,    243.8402,     61.3656,      3.4953,      0.0000,     -0.0318,      2.5123,      0.1640,      5.4765,     10.9529,      1.4495,     27.9235,     55.8470,      0.0189,      0.0020,      0.0156,      0.2002,   7523.6372,-420730.9062,   -912.7648,    540.5466,  25078.7891,
       1,     166,     206,      24,       1,       3,       1,     10.0000,      1.3825,     42.3292,    243.8402,     61.3656,      3.4953,      0.0000,     -0.0318,      0.5263,      0.1622,      5.4765,     10.9529,      1.4337,     27.9235,     55.8470,      0.0189,      0.0004,      0.0156,      0.2002,   7523.6372,-419351.5312,   -912.7581,    540.6398,  25078.7891,
       1,     166,     207,       1,       1,       3,       1,     10.0000,      1.3826,     42.3296,    243.8460,     61.3671,      3.4953,      0.0000,     -0.0318,      0.5307,      0.1619,      5.4772,     10.9543,      1.4308,     27.9198,     55.8395,      0.0189,      0.0004,      0.0156,      0.2002,   7523.6372,-416869.9688,   -912.5894,    540.8202,  25079.9141,
       1,     166,     207,       2,       1,       3,       1,     10.0000,      1.3826,     42.3296,    243.8460,     61.3671,      3.4953,      0.0000,     -0.0318,      0.9033,      0.1619,      5.4772,     10.9543,      1.4308,     27.9198,     55.8395,      0.0189,      0.0007,      0.0156,      0.2002,   7523.9746,-416510.2188,   -912.2878,    540.8445,  25079.9160,
       1,     166,     207,       3,       1,       3,       1,     10.0000,      1.3826,     42.3296,    243.8460,     61.3671,      3.4953,      0.0000,     -0.0317,      0.6920,      0.1587,      5.4772,     10.9543,      1.4025,     27.9198,     55.8395,      0.0189,      0.0006,      0.0156,      0.2002,   7523.9751,-416951.5312,   -912.4271,    540.8148,  25079.9180,
       1,     166,     207,       4,       1,       3,       1,     10.0000,      1.3826,     42.3296,    243.8460,     61.3671,      3.4953,      0.0000,     -0.0316,      0.6851,      0.1570,      5.4772,     10.9543,      1.3871,     27.9198,     55.8395,      0.0189,      0.0005,      0.0156,      0.2002,   7523.9756,-416721.0625,   -912.4166,    540.8304,  25079.9160,
       1,     166,     207,       5,       1,       3,       1,     10.0000,      1.3826,     42.3296,    243.8460,     61.3671,      3.4953,      0.0000,     -0.0317,      0.6981,      0.1589,      5.4772,     10.9543,      1.4039,     27.9198,     55.8395,      0.0189,      0.0006,      0.0156,      0.2002,   7523.9751,-416692.7188,   -910.2081,    540.8322,  25079.9180,
       1,     166,     207,       6,       1,       3,       1,     10.0000,      1.3826,     42.3296,    243.8460,     61.3671,      3.4953,      0.0000,     -0.0316,      0.6032,      0.1568,      5.4772,     10.9543,      1.3857,     27.9198,     55.8395,      0.0189,      0.0005,      0.0156,      0.2002,   7523.9756,-416706.7188,   -910.2197,    540.8314,  25079.9180,
       1,     166,     207,       7,       1,       3,       1,     10.0000,      1.3826,     42.3296,    243.8460,     61.3671,      3.4953,      0.0000,     -0.0315,      0.5970,      0.1551,      5.4772,     10.9543,      1.3705,     27.9198,     55.8395,      0.0189,      0.0005,      0.0156,      0.2002,   7523.9756,-416587.4688,   -910.2346,    540.8394,  25079.9160,
       1,     166,     207,       8,       1,       3,       1,     10.0000,      1.3826,     42.3296,    243.8460,     61.3671,      3.4953,      0.0043,     -0.0272,      0.4634,      0.1537,      5.4772,     10.9543,      1.3582,     27.9198,     55.8395,      0.0189,      0.0004,      0.0156,      0.2002,   7523.9751,-416569.5000,   -910.2665,    540.8406,  25079.9180,
       1,     166,     207,       9,       1,       3,       1,     10.0000,      1.3826,     42.3296,    243.8460,     61.3671,      3.4953,      0.0292,     -0.0024,      0.5433,      0.1559,      5.4772,     10.9543,      1.3774,     27.9198,     55.8395,      0.0189,      0.0003,      0.0221,      0.2002,   7523.9756,-416398.4688,   -910.2614,    540.8521,  25079.9180,
       1,     166,     207,      10,       1,       3,       1,     10.0000,      1.3826,     42.3296,    243.8460,     61.3671,      3.4953,      0.0902,      0.0579,      3.2185,      0.1791,      5.4772,     10.9543,      1.5824,     27.9198,     55.8395,      0.0189,      0.0004,      0.1115,      0.2002,   7523.9756,-416485.1250,   -910.3557,    540.8463,  25079.9160,
       1,     166,     207,      11,       1,       3,       1,     10.0000,      1.3826,     42.3296,    243.8460,     61.3671,      3.4953,      0.1224,      0.0894,      6.3047,      0.1997,      5.4772,     10.9543,      1.7645,     27.9198,     55.8395,      0.0189,      0.0005,      0.1588,      0.2002,   7523.9751,-419885.5312,   -911.2082,    540.6165,  25079.9180,
       1,     166,     207,      12,       1,       3,       1,     10.0000,      1.3826,     42.3296,    243.8460,     61.3671,      3.4953,      0.0843,      0.0507,      6.0400,      0.2225,      5.4772,     10.9543,      1.9660,     27.9198,     55.8395,      0.0189,      0.0007,      0.1017,      0.2002,   7523.9756,-424091.1250,   -912.3823,    540.3322,  25079.9160,
       1,     166,     207,      13,       1,       3,       1,     10.0000,      1.3826,     42.3296,    243.8460,     61.3671,      3.4953,      0.1342,      0.1001,      8.7192,      0.2410,      5.4772,     10.9543,      2.1299,     27.9198,     55.8395,      0.0189,      0.0006,      0.1760,      0.2002,   7523.9751,-424116.3438,   -912.7228,    540.3306,  25079.9160,
       1,     166,     207,      14,       1,       3,       1,     10.0000,      1.3826,     42.3296,    243.8460,     61.3671,      3.4953,      0.1620,      0.1277,     14.6394,      0.2482,      5.4772,     10.9543,      2.1930,     27.9198,     55.8395,      0.0189,      0.0008,      0.2170,      0.2002,   7523.9751,-427516.7500,   -913.9344,    540.1009,  25079.9141,
       1,     166,     207,      15,       1,       3,       1,     10.0000,      1.3826,     42.3296,    243.8460,     61.3671,      3.4953,      0.1837,      0.1514,     39.5145,      0.1775,      5.4772,     10.9543,      1.5683,     27.9198,     55.8395,      0.0189,      0.0020,      0.2461,      0.2002,   7523.9746,-435318.1562,   -916.3095,    539.5743,  25079.9160,
       1,     166,     207,      16,       1,       3,       1,     10.0000,      1.3826,     42.3296,    243.8460,     61.3671,      3.4953,      0.1402,      0.1096,     33.6295,      0.1309,      5.4772,     10.9543,      1.1568,     27.9198,     55.8395,      0.0189,      0.0023,      0.1824,      0.2002,   7523.9751,-467543.0312,   -920.8064,    537.4011,  25079.9160,
       1,     166,     207,      17,       1,       3,       1,     10.0000,      1.3826,     42.3296,    243.8460,     61.3671,      3.4953,      0.1041,      0.0736,     33.4473,      0.1262,      5.4772,     10.9543,      1.1153,     27.9198,     55.8395,      0.0189,      0.0032,      0.1294,      0.2002,   7523.9751,-462844.5938,   -919.3610,    537.7211,  25079.9141,
       1,     166,     207,      18,       1,       3,       1,     10.0000,      1.3826,     42.3296,    243.8460,     61.3671,      3.4953,      0.1125,      0.0820,     48.6831,      0.1270,      5.4772,     10.9543,      1.1221,     27.9198,     55.8395,      0.0189,      0.0043,      0.1400,      0.2002,   7523.9746,-462206.6875,   -920.2134,    537.7641,  25079.9160,
       1,     166,     207,      19,       1,       3,       1,     10.0000,      1.3826,     42.3296,    243.8460,     61.3671,      3.4953,      0.1039,      0.0733,     46.6927,      0.1289,      5.4772,     10.9543,      1.1393,     27.9198,     55.8395,      0.0189,      0.0046,      0.1275,      0.2002,   7523.9751,-481487.3125,   -922.9608,    536.4680,  25079.8691,
       1,     166,     207,      20,       1,       3,       1,     10.0000,      1.3826,     42.3296,    243.8460,     61.3671,      3.4953,      0.0144,     -0.0163,      0.2353,      0.1314,      5.4772,     10.9543,      1.1615,     27.9198,     55.8395,      0.0189,      0.0020,      0.0014,      0.2002,   7523.9609,-480619.4375,   -922.7960,    536.5278,  25079.8555,
       1,     166,     207,      21,       1,       3,       1,     10.0000,      1.3826,     42.3296,    243.8460,     61.3671,      3.4953,      0.0000,     -0.0307,      0.9857,      0.1312,      5.4772,     10.9543,      1.1591,     27.9198,     55.8395,      0.0189,      0.0008,      0.0156,      0.2002,   7523.9570,-421569.5938,   -912.5800,    540.4880,  25079.9160,
       1,     166,     207,      22,       1,       3,       1,     10.0000,      1.3826,     42.3296,    243.8460,     61.3671,      3.4953,      0.0000,     -0.0310,      0.5173,      0.1387,      5.4772,     10.9543,      1.2255,     27.9198,     55.8395,      0.0189,      0.0004,      0.0156,      0.2002,   7523.9751,-417508.1250,   -911.9131,    540.7770,  25079.9180,
       1,     166,     207,      23,       1,       3,       1,     10.0000,      1.3826,     42.3296,    243.8460,     61.3671,      3.4953,      0.0000,     -0.0310,      0.8700,      0.1387,      5.4772,     10.9543,      1.2255,     27.9198,     55.8395,      0.0189,      0.0007,      0.0156,      0.2002,   7523.9756,-416547.3750,   -910.1655,    540.8420,  25079.9160,
       1,     166,     207,      24,       1,       3,       1,     10.0000,      1.3826,     42.3296,    243.8460,     61.3671,      3.4953,      0.0000,     -0.0310,      0.5436,      0.1404,      5.4772,     10.9543,      1.2405,     27.9198,     55.8395,      0.0189,      0.0004,      0.0156,      0.2002,   7523.9751,-416912.4688,   -910.2991,    540.8174,  25079.9160,
       1,     166,     208,       1,       1,       3,       1,     10.0000,      1.3826,     42.3299,    243.8518,     61.3685,      3.4953,      0.0000,     -0.0309,      0.3351,      0.1384,      5.4777,     10.9554,      1.2231,     27.9128,     55.8255,      0.0189,      0.0003,      0.0156,      0.2003,   7523.9751,-416685.8125,   -910.5419,    540.8455,  25081.0410,
       1,     166,     208,       2,       1,       3,       1,     10.0000,      1.3826,     42.3299,    243.8518,     61.3685,      3.4953,      0.0000,     -0.0310,      0.3358,      0.1387,      5.4777,     10.9554,      1.2256,     27.9128,     55.8255,      0.0189,      0.0003,      0.0156,      0.2003,   7524.3125,-416249.2188,   -910.2157,    540.8750,  25081.0410,
       1,     166,     208,       3,       1,       3,       1,     10.0000,      1.3826,     42.3299,    243.8518,     61.3685,      3.4953,      0.0000,     -0.0310,      0.3378,      0.1394,      5.4777,     10.9554,      1.2318,     27.9128,     55.8255,      0.0189,      0.0003,      0.0156,      0.2003,   7524.3125,-416212.7812,   -910.2108,    540.8776,  25081.0391,
       1,     166,     208,       4,       1,       3,       1,     10.0000,      1.3826,     42.3299,    243.8518,     61.3685,      3.4953,      0.0000,     -0.0310,      0.5640,      0.1411,      5.4777,     10.9554,      1.2468,     27.9128,     55.8255,      0.0189,      0.0005,      0.0156,      0.2003,   7524.3120,-416212.1562,   -910.2127,    540.8776,  25081.0410,
       1,     166,     208,       5,       1,       3,       1,     10.0000,      1.3826,     42.3299,    243.8518,     61.3685,      3.4953,      0.0000,     -0.0311,      0.5554,      0.1422,      5.4777,     10.9554,      1.2569,     27.9128,     55.8255,      0.0189,      0.0004,      0.0156,      0.2003,   7524.3125,-416498.7500,   -910.2889,    540.8582,  25081.0410,
       1,     166,     208,       6,       1,       3,       1,     10.0000,      1.3826,     42.3299,    243.8518,     61.3685,      3.4953,      0.0000,     -0.0310,      0.4048,      0.1407,      5.4777,     10.9554,      1.2430,     27.9128,     55.8255,      0.0189,      0.0003,      0.0156,      0.2003,   7524.3125,-416512.5000,   -910.3187,    540.8572,  25081.0410,
       1,     166,     208,       7,       1,       3,       1,     10.0000,      1.3826,     42.3299,    243.8518,     61.3685,      3.4953,      0.0000,     -0.0310,      0.3409,      0.1405,      5.4777,     10.9554,      1.2418,     27.9128,     55.8255,      0.0189,      0.0003,      0.0156,      0.2003,   7524.3125,-416322.8125,   -910.2932,    540.8701,  25081.0410,
       1,     166,     208,       8,       1,       3,       1,     10.0000,      1.3826,     42.3299,    243.8518,     61.3685,      3.4953,      0.0049,     -0.0258,      0.3184,      0.1324,      5.4777,     10.9554,      1.1698,     27.9128,     55.8255,      0.0189,      0.0003,      0.0156,      0.2003,   7524.3125,-416225.4062,   -910.0879,    540.8766,  25081.0391,
       1,     166,     208,       9,       1,       3,       1,     10.0000,      1.3826,     42.3299,    243.8518,     61.3685,      3.4953,      0.0272,     -0.0036,      0.4125,      0.1333,      5.4777,     10.9554,      1.1781,     27.9128,     55.8255,      0.0189,      0.0003,      0.0200,      0.2003,   7524.3120,-416188.7812,   -910.0996,    540.8791,  25081.0410,
       1,     166,     208,      10,       1,       3,       1,     10.0000,      1.3826,     42.3299,    243.8518,     61.3685,      3.4953,      0.1123,      0.0812,      3.2158,      0.1425,      5.4777,     10.9554,      1.2595,     27.9128,     55.8255,      0.0189,      0.0003,      0.1448,      0.2003,   7524.3125,-416304.7500,   -910.1891,    540.8712,  25081.0391,
       1,     166,     208,      11,       1,       3,       1,     10.0000,      1.3826,     42.3299,    243.8518,     61.3685,      3.4953,      0.1031,      0.0718,      3.0510,      0.1484,      5.4777,     10.9554,      1.3113,     27.9128,     55.8255,      0.0189,      0.0003,      0.1312,      0.2003,   7524.3120,-419869.8125,   -911.1851,    540.6302,  25081.0410,
       1,     166,     208,      12,       1,       3,       1,     10.0000,      1.3826,     42.3299,    243.8518,     61.3685,      3.4953,      0.0741,      0.0428,      2.0815,      0.1499,      5.4777,     10.9554,      1.3245,     27.9128,     55.8255,      0.0189,      0.0003,      0.0885,      0.2003,   7524.3125,-419966.2812,   -911.4749,    540.6238,  25081.0430,
       1,     166,     208,      13,       1,       3,       1,     10.0000,      1.3826,     42.3299,    243.8518,     61.3685,      3.4953,      0.1277,      0.0961,      4.1733,      0.1578,      5.4777,     10.9554,      1.3941,     27.9128,     55.8255,      0.0189,      0.0003,      0.1673,      0.2003,   7524.3130,-418744.5625,   -911.4534,    540.7063,  25081.0410,
       1,     166,     208,      14,       1,       3,       1,     10.0000,      1.3826,     42.3299,    243.8518,     61.3685,      3.4953,      0.1690,      0.1369,      6.2676,      0.1716,      5.4777,     10.9554,      1.5162,     27.9128,     55.8255,      0.0189,      0.0003,      0.2281,      0.2003,   7524.3125,-421293.0938,   -912.4291,    540.5341,  25081.0410,
       1,     166,     208,      15,       1,       3,       1,     10.0000,      1.3826,     42.3299,    243.8518,     61.3685,      3.4953,      0.1619,      0.1294,      6.4977,      0.1845,      5.4777,     10.9554,      1.6303,     27.9128,     55.8255,      0.0189,      0.0004,      0.2176,      0.2003,   7524.3125,-424167.5312,   -913.8106,    540.3400,  25081.0410,
       1,     166,     208,      16,       1,       3,       1,     10.0000,      1.3826,     42.3299,    243.8518,     61.3685,      3.4953,      0.1694,      0.1371,      6.5168,      0.1771,      5.4777,     10.9554,      1.5653,     27.9128,     55.8255,      0.0189,      0.0004,      0.2287,      0.2003,   7524.3125,-424705.6562,   -914.8765,    540.3036,  25081.0410,
       1,     166,     208,      17,       1,       3,       1,     10.0000,      1.3826,     42.3299,    243.8518,     61.3685,      3.4953,      0.1614,      0.1294,      6.0032,      0.1679,      5.4777,     10.9554,      1.4833,     27.9128,     55.8255,      0.0189,      0.0003,      0.2168,      0.2003,   7524.3125,-424775.9688,   -915.8815,    540.2988,  25081.0410,
       1,     166,     208,      18,       1,       3,       1,     10.0000,      1.3826,     42.3299,    243.8518,     61.3685,      3.4953,      0.1421,      0.1101,     12.4619,      0.1677,      5.4777,     10.9554,      1.4818,     27.9128,     55.8255,      0.0189,      0.0008,      0.1874,      0.2003,   7524.3125,-424130.7812,   -916.3485,    540.3425,  25081.0410,
       1,     166,     208,      19,       1,       3,       1,     10.0000,      1.3826,     42.3299,    243.8518,     61.3685,      3.4953,      0.0895,      0.0577,     15.9113,      0.1621,      5.4777,     10.9554,      1.4323,     27.9128,     55.8255,      0.0189,      0.0018,      0.1093,      0.2003,   7524.3125,-432266.5312,   -918.2955,    539.7930,  25081.0410,
       1,     166,     208,      20,       1,       3,       1,     10.0000,      1.3826,     42.3299,    243.8518,     61.3685,      3.4953,      0.0174,     -0.0141,      0.9121,      0.1548,      5.4777,     10.9554,      1.3678,     27.9128,     55.8255,      0.0189,      0.0024,      0.0047,      0.2003,   7524.3125,-437339.5000,   -919.6410,    539.4509,  25081.0391,
       1,     166,     208,      21,       1,       3,       1,     10.0000,      1.3826,     42.3299,    243.8518,     61.3685,      3.4953,      0.0001,     -0.0313,      2.5285,      0.1510,      5.4777,     10.9554,      1.3339,     27.9128,     55.8255,      0.0189,      0.0020,      0.0156,      0.2003,   7524.3120,-418748.0625,   -916.5547,    540.7047,  25081.0410,
       1,     166,     208,      22,       1,       3,       1,     10.0000,      1.3826,     42.3299,    243.8518,     61.3685,      3.4953,      0.0000,     -0.0314,      1.9469,      0.1496,      5.4777,     10.9554,      1.3218,     27.9128,     55.8255,      0.0189,      0.0016,      0.0156,      0.2003,   7524.3125,-419209.4062,   -916.8361,    540.6749,  25081.0410,
       1,     166,     208,      23,       1,       3,       1,     10.0000,      1.3826,     42.3299,    243.8518,     61.3685,      3.4953,      0.0000,     -0.0314,      2.2318,      0.1499,      5.4777,     10.9554,      1.3245,     27.9128,     55.8255,      0.0189,      0.0018,      0.0156,      0.2003,   7524.3125,-418509.4062,   -916.8373,    540.7222,  25081.0410,
       1,     166,     208,      24,       1,       3,       1,     10.0000,      1.3826,     42.3299,    243.8518,     61.3685,      3.4953,      0.0000,     -0.0314,      2.0628,      0.1516,      5.4777,     10.9554,      1.3392,     27.9128,     55.8255,      0.0189,      0.0017,      0.0156,      0.2003,   7524.3125,-418810.8438,   -917.0353,    540.7018,  25081.0410,
       1,     166,     209,       1,       1,       3,       1,     10.0000,      1.3826,     42.3302,    243.8575,     61.3700,      3.4953,      0.0000,     -0.0314,      1.7232,      0.1513,      5.4779,     10.9559,      1.3366,     27.9078,     55.8155,      0.0189,      0.0014,      0.0156,      0.2003,   7524.3125,-418778.0000,   -917.4460,    540.7170,  25082.1660,
       1,     166,     209,       2,       1,       3,       1,     10.0000,      1.3826,     42.3302,    243.8575,     61.3700,      3.4953,      0.0000,     -0.0314,      1.3767,      0.1522,      5.4779,     10.9559,      1.3447,     27.9078,     55.8155,      0.0189,      0.0011,      0.0156,      0.2003,   7524.6499,-418191.2812,   -917.1904,    540.7566,  25082.1660,
       1,     166,     209,       3,       1,       3,       1,     10.0000,      1.3826,     42.3302,    243.8575,     61.3700,      3.4953,      0.0000,     -0.0312,      1.1931,      0.1449,      5.4779,     10.9559,      1.2800,     27.9078,     55.8155,      0.0189,      0.0010,      0.0156,      0.2003,   7524.6499,-417701.7188,   -917.1792,    540.7897,  25082.1660,
       1,     166,     209,       4,       1,       3,       1,     10.0000,      1.3826,     42.3302,    243.8575,     61.3700,      3.4953,      0.0000,     -0.0310,      0.9666,      0.1403,      5.4779,     10.9559,      1.2393,     27.9078,     55.8155,      0.0189,      0.0008,      0.0156,      0.2003,   7524.6499,-417426.9375,   -917.1777,    540.8083,  25082.1660,
       1,     166,     209,       5,       1,       3,       1,     10.0000,      1.3826,     42.3302,    243.8575,     61.3700,      3.4953,      0.0000,     -0.0310,      0.9724,      0.1390,      5.4779,     10.9559,      1.2281,     27.9078,     55.8155,      0.0189,      0.0008,      0.0156,      0.2003,   7524.6499,-417116.2500,   -917.1434,    540.8293,  25082.1660,
       1,     166,     209,       6,       1,       3,       1,     10.0000,      1.3826,     42.3302,    243.8575,     61.3700,      3.4953,      0.0000,     -0.0308,      0.8870,      0.1347,      5.4779,     10.9559,      1.1902,     27.9078,     55.8155,      0.0189,      0.0007,      0.0156,      0.2003,   7524.6499,-417096.8125,   -917.1774,    540.8306,  25082.1660,
       1,     166,     209,       7,       1,       3,       1,     10.0000,      1.3826,     42.3302,    243.8575,     61.3700,      3.4953,      0.0000,     -0.0308,      0.9822,      0.1340,      5.4779,     10.9559,      1.1841,     27.9078,     55.8155,      0.0189,      0.0008,      0.0156,      0.2003,   7524.6499,-416987.0000,   -917.1777,    540.8381,  25082.1660,
       1,     166,     209,       8,       1,       3,       1,     10.0000,      1.3826,     42.3302,    243.8575,     61.3700,      3.4953,      0.0082,     -0.0225,      0.5283,      0.1315,      5.4779,     10.9559,      1.1616,     27.9078,     55.8155,      0.0189,      0.0004,      0.0156,      0.2003,   7524.6499,-417098.1562,   -917.2454,    540.8305,  25082.1641,
       1,     166,     209,       9,       1,       3,       1,     10.0000,      1.3826,     42.3302,    243.8575,     61.3700,      3.4953,      0.0703,      0.0389,      1.9695,      0.1514,      5.4779,     10.9559,      1.3379,     27.9078,     55.8155,      0.0189,      0.0003,      0.0827,      0.2003,   7524.6494,-416532.5938,   -917.1776,    540.8688,  25082.1660,
       1,     166,     209,      10,       1,       3,       1,     10.0000,      1.3826,     42.3302,    243.8575,     61.3700,      3.4953,      0.1210,      0.0887,      4.4846,      0.1775,      5.4779,     10.9559,      1.5684,     27.9078,     55.8155,      0.0189,      0.0004,      0.1570,      0.2003,   7524.6499,-418311.1250,   -917.6671,    540.7485,  25082.1660,
       1,     166,     209,      11,       1,       3,       1,     10.0000,      1.3826,     42.3302,    243.8575,     61.3700,      3.4953,      0.1751,      0.1422,      7.6494,      0.1973,      5.4779,     10.9559,      1.7438,     27.9078,     55.8155,      0.0189,      0.0004,      0.2371,      0.2003,   7524.6499,-421652.7812,   -918.5599,    540.5227,  25082.1660,
       1,     166,     209,      12,       1,       3,       1,     10.0000,      1.3826,     42.3302,    243.8575,     61.3700,      3.4953,      0.1822,      0.1489,      8.7414,      0.2133,      5.4779,     10.9559,      1.8849,     27.9078,     55.8155,      0.0189,      0.0004,      0.2478,      0.2003,   7524.6499,-425952.3750,   -919.8964,    540.2322,  25082.1641,
       1,     166,     209,      13,       1,       3,       1,     10.0000,      1.3826,     42.3302,    243.8575,     61.3700,      3.4953,      0.1808,      0.1473,      8.8437,      0.2171,      5.4779,     10.9559,      1.9185,     27.9078,     55.8155,      0.0189,      0.0005,      0.2456,      0.2003,   7524.6494,-427706.0938,   -920.8580,    540.1138,  25082.1660,
       1,     166,     209,      14,       1,       3,       1,     10.0000,      1.3826,     42.3302,    243.8575,     61.3700,      3.4953,      0.1575,      0.1243,     12.5374,      0.2092,      5.4779,     10.9559,      1.8482,     27.9078,     55.8155,      0.0189,      0.0007,      0.2104,      0.2003,   7524.6499,-427985.6250,   -921.4646,    540.0950,  25082.1660,
       1,     166,     209,      15,       1,       3,       1,     10.0000,      1.3826,     42.3302,    243.8575,     61.3700,      3.4953,      0.1756,      0.1421,     41.2843,      0.2182,      5.4779,     10.9559,      1.9279,     27.9078,     55.8155,      0.0189,      0.0022,      0.2341,      0.2003,   7524.6499,-432693.6875,   -922.6946,    539.7772,  25082.1660,
       1,     166,     209,      16,       1,       3,       1,     10.0000,      1.3826,     42.3302,    243.8575,     61.3700,      3.4953,      0.1745,      0.1407,     72.7042,      0.2271,      5.4779,     10.9559,      2.0069,     27.9078,     55.8155,      0.0189,      0.0040,      0.2288,      0.2003,   7524.6499,-469555.3750,   -930.1840,    537.2901,  25082.1641,
       1,     166,     209,      17,       1,       3,       1,     10.0000,      1.3826,     42.3302,    243.8575,     61.3700,      3.4953,      0.1655,      0.1320,     86.4246,      0.2182,      5.4779,     10.9559,      1.9279,     27.9078,     55.8155,      0.0189,      0.0051,      0.2137,      0.2002,   7524.6494,-512597.0938,   -939.0700,    534.4052,  25082.1660,
       1,     166,     209,      18,       1,       3,       1,     10.0000,      1.3826,     42.3302,    243.8575,     61.3700,      3.4953,      0.1652,      0.1320,     82.2278,      0.2079,      5.4779,     10.9559,      1.8373,     27.9078,     55.8155,      0.0189,      0.0048,      0.2138,      0.2002,   7524.6499,-533712.2500,   -943.9534,    533.0023,  25082.1660,
       1,     166,     209,      19,       1,       3,       1,     10.0000,      1.3826,     42.3302,    243.8575,     61.3700,      3.4953,      0.0257,     -0.0069,      5.0581,      0.1878,      5.4779,     10.9559,      1.6597,     27.9078,     55.8155,      0.0189,      0.0042,      0.0151,      0.2002,   7524.6499,-530179.4375,   -944.1921,    533.2395,  25082.1660,
       1,     166,     209,      20,       1,       3,       1,     10.0000,      1.3826,     42.3302,    243.8575,     61.3700,      3.4953,      0.0009,     -0.0313,      5.5725,      0.1750,      5.4779,     10.9559,      1.5467,     27.9078,     55.8155,      0.0189,      0.0045,      0.0156,      0.2002,   7524.6499,-431859.2812,   -926.0692,    539.7932,  25082.1641,
       1,     166,     209,      21,       1,       3,       1,     10.0000,      1.3826,     42.3302,    243.8575,     61.3700,      3.4953,      0.0000,     -0.0319,      6.0607,      0.1649,      5.4779,     10.9559,      1.4569,     27.9078,     55.8155,      0.0189,      0.0049,      0.0156,      0.2003,   7524.6494,-424244.2188,   -924.8141,    540.3474,  25082.1641,
       1,     166,     209,      22,       1,       3,       1,     10.0000,      1.3826,     42.3302,    243.8575,     61.3700,      3.4953,      0.0000,     -0.0316,      5.4802,      0.1571,      5.4779,     10.9559,      1.3885,     27.9078,     55.8155,      0.0189,      0.0044,      0.0156,      0.2003,   7524.6494,-424160.5312,   -924.9574,    540.3533,  25082.1660,
       1,     166,     209,      23,       1,       3,       1,     10.0000,      1.3826,     42.3302,    243.8575,     61.3700,      3.4953,      0.0000,     -0.0316,      4.4337,      0.1575,      5.4779,     10.9559,      1.3913,     27.9078,     55.8155,      0.0189,      0.0036,      0.0156,      0.2003,   7524.6499,-423416.5625,   -924.2584,    540.4036,  25082.1660,
       1,     166,     209,      24,       1,       3,       1,     10.0000,      1.3826,     42.3302,    243.8575,     61.3700,      3.4953,      0.0000,     -0.0316,      3.5084,      0.1582,      5.4779,     10.9559,      1.3983,     27.9078,     55.8155,      0.0189,      0.0028,      0.0156,      0.2003,   7524.6499,-422025.6562,   -924.1395,    540.4976,  25082.1660,
       1,     166,     210,       1,       1,       3,       1,     10.0000,      1.3826,     42.3306,    243.8633,     61.3714,      3.4953,      0.0000,     -0.0317,      2.6906,      0.1589,      5.4772,     10.9545,      1.4040,     27.9083,     55.8166,      0.0189,      0.0022,      0.0156,      0.2003,   7524.6499,-420888.8125,   -924.3109,    540.5870,  25083.2910,
       1,     166,     210,       2,       1,       3,       1,     10.0000,      1.3826,     42.3306,    243.8633,     61.3714,      3.4953,      0.0000,     -0.0316,      1.9631,      0.1575,      5.4772,     10.9545,      1.3914,     27.9083,     55.8166,      0.0189,      0.0016,      0.0156,      0.2003,   7524.9878,-419601.6875,   -923.8874,    540.6741,  25083.2930,
       1,     166,     210,       3,       1,       3,       1,     10.0000,      1.3826,     42.3306,    243.8633,     61.3714,      3.4953,      0.0000,     -0.0317,      0.9726,      0.1592,      5.4772,     10.9545,      1.4068,     27.9083,     55.8166,      0.0189,      0.0008,      0.0156,      0.2003,   7524.9883,-418568.7500,   -923.7463,    540.7439,  25083.2910,
       1,     166,     210,       4,       1,       3,       1,     10.0000,      1.3826,     42.3306,    243.8633,     61.3714,      3.4953,      0.0000,     -0.0317,      0.5846,      0.1592,      5.4772,     10.9545,      1.4068,     27.9083,     55.8166,      0.0189,      0.0005,      0.0156,      0.2003,   7524.9878,-417224.6562,   -923.5164,    540.8347,  25083.2949,
       1,     166,     210,       5,       1,       3,       1,     10.0000,      1.3826,     42.3306,    243.8633,     61.3714,      3.4953,      0.0000,     -0.0316,      0.5225,      0.1570,      5.4772,     10.9545,      1.3872,     27.9083,     55.8166,      0.0189,      0.0004,      0.0156,      0.2003,   7524.9888,-416617.2188,   -923.4108,    540.8759,  25083.2949,
       1,     166,     210,       6,       1,       3,       1,     10.0000,      1.3826,     42.3306,    243.8633,     61.3714,      3.4953,      0.0000,     -0.0315,      0.5755,      0.1551,      5.4772,     10.9545,      1.3706,     27.9083,     55.8166,      0.0189,      0.0005,      0.0156,      0.2003,   7524.9888,-416486.3750,   -923.3927,    540.8847,  25083.2930,
       1,     166,     210,       7,       1,       3,       1,     10.0000,      1.3826,     42.3306,    243.8633,     61.3714,      3.4953,      0.0000,     -0.0315,      0.4275,      0.1551,      5.4772,     10.9545,      1.3706,     27.9083,     55.8166,      0.0189,      0.0003,      0.0156,      0.2003,   7524.9883,-416542.5312,   -923.4124,    540.8809,  25083.2949,
       1,     166,     210,       8,       1,       3,       1,     10.0000,      1.3826,     42.3306,    243.8633,     61.3714,      3.4953,      0.0066,     -0.0248,      0.4656,      0.1519,      5.4772,     10.9545,      1.3420,     27.9083,     55.8166,      0.0189,      0.0004,      0.0156,      0.2003,   7524.9888,-416359.4688,   -923.3810,    540.8932,  25083.2949,
       1,     166,     210,       9,       1,       3,       1,     10.0000,      1.3826,     42.3306,    243.8633,     61.3714,      3.4953,      0.0258,     -0.0060,      0.8910,      0.1626,      5.4772,     10.9545,      1.4367,     27.9083,     55.8166,      0.0189,      0.0007,      0.0167,      0.2003,   7524.9888,-416392.2188,   -923.3950,    540.8911,  25083.2910,
       1,     166,     210,      10,       1,       3,       1,     10.0000,      1.3826,     42.3306,    243.8633,     61.3714,      3.4953,      0.0406,      0.0079,      2.4813,      0.1895,      5.4772,     10.9545,      1.6746,     27.9083,     55.8166,      0.0189,      0.0008,      0.0375,      0.2003,   7524.9878,-416934.5312,   -923.5255,    540.8544,  25083.2930,
       1,     166,     210,      11,       1,       3,       1,     10.0000,      1.3826,     42.3306,    243.8633,     61.3714,      3.4953,      0.0488,      0.0157,      3.6159,      0.2021,      5.4772,     10.9545,      1.7856,     27.9083,     55.8166,      0.0189,      0.0009,      0.0492,      0.2003,   7524.9883,-418997.0938,   -923.9578,    540.7149,  25083.2949,
       1,     166,     210,      12,       1,       3,       1,     10.0000,      1.3826,     42.3306,    243.8633,     61.3714,      3.4953,      0.1220,      0.0883,     18.3960,      0.2254,      5.4772,     10.9545,      1.9913,     27.9083,     55.8166,      0.0189,      0.0015,      0.1566,      0.2003,   7524.9888,-420612.3125,   -924.3168,    540.6058,  25083.2930,
       1,     166,     210,      13,       1,       3,       1,     10.0000,      1.3826,     42.3306,    243.8633,     61.3714,      3.4953,      0.1457,      0.1119,     19.4318,      0.2323,      5.4772,     10.9545,      2.0526,     27.9083,     55.8166,      0.0189,      0.0013,      0.1920,      0.2003,   7524.9883,-439490.1250,   -928.0486,    539.3300,  25083.2930,
       1,     166,     210,      14,       1,       3,       1,     10.0000,      1.3826,     42.3306,    243.8633,     61.3714,      3.4953,      0.1584,      0.1247,     29.2633,      0.2251,      5.4772,     10.9545,      1.9894,     27.9083,     55.8166,      0.0189,      0.0017,      0.2098,      0.2003,   7524.9883,-442425.2500,   -928.8165,    539.1337,  25083.2930,
       1,     166,     210,      15,       1,       3,       1,     10.0000,      1.3826,     42.3306,    243.8633,     61.3714,      3.4953,      0.1689,      0.1352,     57.9109,      0.2232,      5.4772,     10.9545,      1.9719,     27.9083,     55.8166,      0.0189,      0.0033,      0.2221,      0.2003,   7524.9883,-455143.5625,   -930.8550,    538.2767,  25083.2930,
       1,     166,     210,      16,       1,       3,       1,     10.0000,      1.3826,     42.3306,    243.8633,     61.3714,      3.4953,      0.1655,      0.1321,     73.0127,      0.2152,      5.4772,     10.9545,      1.9017,     27.9083,     55.8166,      0.0189,      0.0042,      0.2153,      0.2003,   7524.9883,-492573.4062,   -938.4548,    535.7589,  25083.2930,
       1,     166,     210,      17,       1,       3,       1,     10.0000,      1.3826,     42.3306,    243.8633,     61.3714,      3.4953,      0.1707,      0.1384,     86.8999,      0.1787,      5.4772,     10.9545,      1.5794,     27.9083,     55.8166,      0.0189,      0.0049,      0.2213,      0.2003,   7524.9883,-514957.5000,   -943.3214,    534.2656,  25083.2949,
       1,     166,     210,      18,       1,       3,       1,     10.0000,      1.3826,     42.3306,    243.8633,     61.3714,      3.4953,      0.1624,      0.1307,     83.0798,      0.1610,      5.4772,     10.9545,      1.4224,     27.9083,     55.8166,      0.0189,      0.0050,      0.2093,      0.2002,   7524.9888,-534499.7500,   -938.6623,    532.9627,  25083.2910,
       1,     166,     210,      19,       1,       3,       1,     10.0000,      1.3826,     42.3306,    243.8633,     61.3714,      3.4953,      0.1235,      0.0916,     57.1643,      0.1647,      5.4772,     10.9545,      1.4555,     27.9083,     55.8166,      0.0189,      0.0046,      0.1547,      0.2002,   7524.9878,-531318.0625,   -937.0405,    533.1762,  25083.2891,
       1,     166,     210,      20,       1,       3,       1,     10.0000,      1.3826,     42.3306,    243.8633,     61.3714,      3.4953,      0.0351,      0.0032,      9.4029,      0.1669,      5.4772,     10.9545,      1.4745,     27.9083,     55.8166,      0.0189,      0.0040,      0.0294,      0.2002,   7524.9868,-498132.1250,   -932.3958,    535.3880,  25083.2930,
       1,     166,     210,      21,       1,       3,       1,     10.0000,      1.3826,     42.3306,    243.8633,     61.3714,      3.4953,      0.0000,     -0.0319,      5.0979,      0.1657,      5.4772,     10.9545,      1.4642,     27.9083,     55.8166,      0.0189,      0.0041,      0.0156,      0.2002,   7524.9883,-434689.4375,   -921.5323,    539.6384,  25083.2930,
       1,     166,     210,      22,       1,       3,       1,     10.0000,      1.3826,     42.3306,    243.8633,     61.3714,      3.4953,      0.0000,     -0.0319,      3.1255,      0.1657,      5.4772,     10.9545,      1.4642,     27.9083,     55.8166,      0.0189,      0.0025,      0.0156,      0.2003,   7524.9883,-423856.1250,   -920.1339,    540.3861,  25083.2910,
       1,     166,     210,      23,       1,       3,       1,     10.0000,      1.3826,     42.3306,    243.8633,     61.3714,      3.4953,      0.0000,     -0.0318,      1.0814,      0.1632,      5.4772,     10.9545,      1.4424,     27.9083,     55.8166,      0.0189,      0.0009,      0.0156,      0.2003,   7524.9878,-420407.7812,   -919.8163,    540.6196,  25083.2910,
       1,     166,     210,      24,       1,       3,       1,     10.0000,      1.3826,     42.3306,    243.8633,     61.3714,      3.4953,      0.0000,     -0.0319,      1.1130,      0.1660,      5.4772,     10.9545,      1.4671,     27.9083,     55.8166,      0.0189,      0.0009,      0.0156,      0.2003,   7524.9878,-417520.1562,   -919.3662,    540.8147,  25083.2910,
       1,     166,     211,       1,       1,       3,       1,     10.0000,      1.3826,     42.3309,    243.8690,     61.3729,      3.4953,      0.0000,     -0.0319,      1.4232,      0.1664,      5.4781,     10.9562,      1.4701,     27.9032,     55.8065,      0.0189,      0.0011,      0.0156,      0.2003,   7524.9878,-417468.8750,   -919.7043,    540.8311,  25084.4160,
       1,     166,     211,       2,       1,       3,       1,     10.0000,      1.3826,     42.3309,    243.8690,     61.3729,      3.4953,      0.0000,     -0.0319,      1.6082,      0.1644,      5.4781,     10.9562,      1.4526,     27.9032,     55.8065,      0.0189,      0.0013,      0.0156,      0.2003,   7525.3252,-417704.8438,   -919.6050,    540.8151,  25084.4199,
       1,     166,     211,       3,       1,       3,       1,     10.0000,      1.3826,     42.3309,    243.8690,     61.3729,      3.4953,      0.0000,     -0.0316,      1.5370,      0.1583,      5.4781,     10.9562,      1.3984,     27.9032,     55.8065,      0.0189,      0.0012,      0.0156,      0.2003,   7525.3262,-417959.0000,   -919.7917,    540.7980,  25084.4180,
       1,     166,     211,       4,       1,       3,       1,     10.0000,      1.3826,     42.3309,    243.8690,     61.3729,      3.4953,      0.0000,     -0.0315,      1.1319,      0.1526,      5.4781,     10.9562,      1.3488,     27.9032,     55.8065,      0.0189,      0.0009,      0.0156,      0.2003,   7525.3257,-417890.7188,   -919.9101,    540.8026,  25084.4199,
       1,     166,     211,       5,       1,       3,       1,     10.0000,      1.3826,     42.3309,    243.8690,     61.3729,      3.4953,      0.0000,     -0.0314,      1.1912,      0.1514,      5.4781,     10.9562,      1.3380,     27.9032,     55.8065,      0.0189,      0.0010,      0.0156,      0.2003,   7525.3262,-417371.0625,   -919.8989,    540.8377,  25084.4160,
       1,     166,     211,       6,       1,       3,       1,     10.0000,      1.3826,     42.3309,    243.8690,     61.3729,      3.4953,      0.0000,     -0.0312,      1.1138,      0.1468,      5.4781,     10.9562,      1.2969,     27.9032,     55.8065,      0.0189,      0.0009,      0.0156,      0.2003,   7525.3252,-417402.3125,   -919.9947,    540.8356,  25084.4180,
       1,     166,     211,       7,       1,       3,       1,     10.0000,      1.3826,     42.3309,    243.8690,     61.3729,      3.4953,      0.0000,     -0.0311,      0.9037,      0.1418,      5.4781,     10.9562,      1.2532,     27.9032,     55.8065,      0.0189,      0.0007,      0.0156,      0.2003,   7525.3257,-417306.5000,   -920.0463,    540.8420,  25084.4180,
       1,     166,     211,       8,       1,       3,       1,     10.0000,      1.3826,     42.3309,    243.8690,     61.3729,      3.4953,      0.0010,     -0.0300,      0.7081,      0.1391,      5.4781,     10.9562,      1.2294,     27.9032,     55.8065,      0.0189,      0.0006,      0.0156,      0.2003,   7525.3257,-417031.9062,   -920.0306,    540.8606,  25084.4180,
       1,     166,     211,       9,       1,       3,       1,     10.0000,      1.3826,     42.3309,    243.8690,     61.3729,      3.4953,      0.0322,      0.0007,      1.9588,      0.1559,      5.4781,     10.9562,      1.3775,     27.9032,     55.8065,      0.0189,      0.0009,      0.0264,      0.2003,   7525.3257,-416760.5312,   -920.0024,    540.8790,  25084.4199,
       1,     166,     211,      10,       1,       3,       1,     10.0000,      1.3826,     42.3309,    243.8690,     61.3729,      3.4953,      0.0240,     -0.0088,      0.7160,      0.1952,      5.4781,     10.9562,      1.7251,     27.9032,     55.8065,      0.0189,      0.0007,      0.0129,      0.2003,   7525.3262,-418322.4375,   -920.4465,    540.7734,  25084.4180,
       1,     166,     211,      11,       1,       3,       1,     10.0000,      1.3826,     42.3309,    243.8690,     61.3729,      3.4953,      0.1223,      0.0896,      7.2123,      0.1901,      5.4781,     10.9562,      1.6796,     27.9032,     55.8065,      0.0189,      0.0006,      0.1586,      0.2003,   7525.3257,-416881.0938,   -920.2704,    540.8708,  25084.4180,
       1,     166,     211,      12,       1,       3,       1,     10.0000,      1.3826,     42.3309,    243.8690,     61.3729,      3.4953,      0.1468,      0.1138,      8.6911,      0.2019,      5.4781,     10.9562,      1.7839,     27.9032,     55.8065,      0.0189,      0.0006,      0.1949,      0.2003,   7525.3257,-424992.5625,   -922.0974,    540.3224,  25084.4160,
       1,     166,     211,      13,       1,       3,       1,     10.0000,      1.3826,     42.3309,    243.8690,     61.3729,      3.4953,      0.1713,      0.1378,     12.6859,      0.2206,      5.4781,     10.9562,      1.9489,     27.9032,     55.8065,      0.0189,      0.0007,      0.2311,      0.2003,   7525.3252,-427563.7188,   -922.9929,    540.1490,  25084.4180,
       1,     166,     211,      14,       1,       3,       1,     10.0000,      1.3826,     42.3309,    243.8690,     61.3729,      3.4953,      0.1827,      0.1493,     29.7185,      0.2163,      5.4781,     10.9562,      1.9111,     27.9032,     55.8065,      0.0189,      0.0015,      0.2461,      0.2003,   7525.3257,-432848.0625,   -924.5828,    539.7923,  25084.4199,
       1,     166,     211,      15,       1,       3,       1,     10.0000,      1.3826,     42.3309,    243.8690,     61.3729,      3.4953,      0.1727,      0.1394,     62.7577,      0.2117,      5.4781,     10.9562,      1.8702,     27.9032,     55.8065,      0.0189,      0.0035,      0.2273,      0.2003,   7525.3262,-454897.0938,   -929.5477,    538.3047,  25084.4180,
       1,     166,     211,      16,       1,       3,       1,     10.0000,      1.3826,     42.3309,    243.8690,     61.3729,      3.4953,      0.1880,      0.1547,     62.6969,      0.2092,      5.4781,     10.9562,      1.8483,     27.9032,     55.8065,      0.0189,      0.0031,      0.2500,      0.2003,   7525.3257,-498695.6250,   -938.7303,    535.3596,  25084.4180,
       1,     166,     211,      17,       1,       3,       1,     10.0000,      1.3826,     42.3309,    243.8690,     61.3729,      3.4953,      0.1477,      0.1151,     48.4248,      0.1869,      5.4781,     10.9562,      1.6516,     27.9032,     55.8065,      0.0189,      0.0032,      0.1915,      0.2003,   7525.3257,-502383.4688,   -940.5987,    535.1208,  25084.4180,
       1,     166,     211,      18,       1,       3,       1,     10.0000,      1.3826,     42.3309,    243.8690,     61.3729,      3.4953,      0.1187,      0.0868,     45.4827,      0.1649,      5.4781,     10.9562,      1.4570,     27.9032,     55.8065,      0.0189,      0.0038,      0.1489,      0.2003,   7525.3257,-484572.8750,   -924.9301,    536.3123,  25084.3086,
       1,     166,     211,      19,       1,       3,       1,     10.0000,      1.3826,     42.3309,    243.8690,     61.3729,      3.4953,      0.0753,      0.0440,     26.4013,      0.1481,      5.4781,     10.9562,      1.3087,     27.9032,     55.8065,      0.0189,      0.0038,      0.0874,      0.2003,   7525.2930,-479336.7188,   -925.2315,    536.6646,  25084.4180,
       1,     166,     211,      20,       1,       3,       1,     10.0000,      1.3826,     42.3309,    243.8690,     61.3729,      3.4953,      0.0184,     -0.0127,      1.8973,      0.1437,      5.4781,     10.9562,      1.2697,     27.9032,     55.8065,      0.0189,      0.0036,      0.0066,      0.2003,   7525.3257,-454663.9375,   -921.6628,    538.3198,  25084.4180,
       1,     166,     211,      21,       1,       3,       1,     10.0000,      1.3826,     42.3309,    243.8690,     61.3729,      3.4953,      0.0001,     -0.0310,      3.9649,      0.1423,      5.4781,     10.9562,      1.2570,     27.9032,     55.8065,      0.0189,      0.0032,      0.0156,      0.2003,   7525.3257,-421483.9375,   -916.2670,    540.5551,  25084.4180,
       1,     166,     211,      22,       1,       3,       1,     10.0000,      1.3826,     42.3309,    243.8690,     61.3729,      3.4953,      0.0000,     -0.0311,      2.9373,      0.1421,      5.4781,     10.9562,      1.2557,     27.9032,     55.8065,      0.0189,      0.0024,      0.0156,      0.2003,   7525.3257,-421276.4062,   -916.6729,    540.5737,  25084.4180,
       1,     166,     211,      23,       1,       3,       1,     10.0000,      1.3826,     42.3309,    243.8690,     61.3729,      3.4953,      0.0000,     -0.0310,      1.2587,      0.1407,      5.4781,     10.9562,      1.2431,     27.9032,     55.8065,      0.0189,      0.0010,      0.0156,      0.2003,   7525.3257,-419950.1250,   -916.7432,    540.6634,  25084.4180,
       1,     166,     211,      24,       1,       3,       1,     10.0000,      1.3826,     42.3309,    243.8690,     61.3729,      3.4953,      0.0000,     -0.0313,      0.9581,      0.1484,      5.4781,     10.9562,      1.3113,     27.9032,     55.8065,      0.0189,      0.0008,      0.0156,      0.2003,   7525.3257,-417708.4062,   -916.4476,    540.8149,  25084.4141,
       1,     166,     212,       1,       1,       3,       1,     10.0000,      1.3827,     42.3312,    243.8748,     61.3743,      3.4953,      0.0000,     -0.0316,      0.9209,      0.1581,      5.4779,     10.9557,      1.3970,     27.8989,     55.7977,      0.0189,      0.0007,      0.0156,      0.2004,   7525.3247,-417292.0312,   -916.7017,    540.8558,  25085.5430,
       1,     166,     212,       2,       1,       3,       1,     10.0000,      1.3827,     42.3312,    243.8748,     61.3743,      3.4953,      0.0000,     -0.0317,      0.6007,      0.1607,      5.4779,     10.9557,      1.4196,     27.8989,     55.7977,      0.0189,      0.0005,      0.0156,      0.2004,   7525.6631,-417055.8438,   -916.4711,    540.8718,  25085.5449,
       1,     166,     212,       3,       1,       3,       1,     10.0000,      1.3827,     42.3312,    243.8748,     61.3743,      3.4953,      0.0000,     -0.0317,      0.5573,      0.1600,      5.4779,     10.9557,      1.4139,     27.8989,     55.7977,      0.0189,      0.0004,      0.0156,      0.2004,   7525.6636,-416629.5625,   -916.4203,    540.9006,  25085.5469,
       1,     166,     212,       4,       1,       3,       1,     10.0000,      1.3827,     42.3312,    243.8748,     61.3743,      3.4953,      0.0000,     -0.0317,      0.6626,      0.1589,      5.4779,     10.9557,      1.4040,     27.8989,     55.7977,      0.0189,      0.0005,      0.0156,      0.2004,   7525.6646,-416537.6875,   -916.4257,    540.9068,  25085.5449,
       1,     166,     212,       5,       1,       3,       1,     10.0000,      1.3827,     42.3312,    243.8748,     61.3743,      3.4953,      0.0000,     -0.0316,      0.5350,      0.1575,      5.4779,     10.9557,      1.3914,     27.8989,     55.7977,      0.0189,      0.0004,      0.0156,      0.2004,   7525.6636,-416663.6875,   -916.4844,    540.8984,  25085.5469,
       1,     166,     212,       6,       1,       3,       1,     10.0000,      1.3827,     42.3312,    243.8748,     61.3743,      3.4953,      0.0000,     -0.0316,      1.2380,      0.1565,      5.4779,     10.9557,      1.3831,     27.8989,     55.7977,      0.0189,      0.0010,      0.0156,      0.2004,   7525.6646,-416512.3750,   -916.4756,    540.9086,  25085.5449,
       1,     166,     212,       7,       1,       3,       1,     10.0000,      1.3827,     42.3312,    243.8748,     61.3743,      3.4953,      0.0000,     -0.0316,      1.5985,      0.1581,      5.4779,     10.9557,      1.3970,     27.8989,     55.7977,      0.0189,      0.0013,      0.0156,      0.2004,   7525.6636,-417390.5625,   -916.7395,    540.8492,  25085.5449,
       1,     166,     212,       8,       1,       3,       1,     10.0000,      1.3827,     42.3312,    243.8748,     61.3743,      3.4953,      0.0080,     -0.0237,      1.5871,      0.1595,      5.4779,     10.9557,      1.4097,     27.8989,     55.7977,      0.0189,      0.0013,      0.0156,      0.2004,   7525.6636,-417922.8750,   -916.9829,    540.8132,  25085.5449,
       1,     166,     212,       9,       1,       3,       1,     10.0000,      1.3827,     42.3312,    243.8748,     61.3743,      3.4953,      0.0455,      0.0132,      5.5417,      0.1754,      5.4779,     10.9557,      1.5499,     27.8989,     55.7977,      0.0189,      0.0015,      0.0449,      0.2004,   7525.6636,-417954.1562,   -917.1448,    540.8111,  25085.5449,
       1,     166,     212,      10,       1,       3,       1,     10.0000,      1.3827,     42.3312,    243.8748,     61.3743,      3.4953,      0.1016,      0.0687,     17.1228,      0.1974,      5.4779,     10.9557,      1.7439,     27.8989,     55.7977,      0.0189,      0.0017,      0.1265,      0.2004,   7525.6636,-422969.2812,   -918.3220,    540.4721,  25085.5449,
       1,     166,     212,      11,       1,       3,       1,     10.0000,      1.3827,     42.3312,    243.8748,     61.3743,      3.4953,      0.1248,      0.0917,     22.3173,      0.2049,      5.4779,     10.9557,      1.8105,     27.8989,     55.7977,      0.0189,      0.0017,      0.1604,      0.2004,   7525.6636,-438079.5938,   -921.5135,    539.4514,  25085.5430,
       1,     166,     212,      12,       1,       3,       1,     10.0000,      1.3827,     42.3312,    243.8748,     61.3743,      3.4953,      0.1392,      0.1058,     22.0368,      0.2167,      5.4779,     10.9557,      1.9149,     27.8989,     55.7977,      0.0189,      0.0015,      0.1819,      0.2004,   7525.6631,-445962.7812,   -923.4915,    538.9208,  25085.5449,
       1,     166,     212,      13,       1,       3,       1,     10.0000,      1.3827,     42.3312,    243.8748,     61.3743,      3.4953,      0.1856,      0.1518,     33.9083,      0.2280,      5.4779,     10.9557,      2.0149,     27.8989,     55.7977,      0.0189,      0.0017,      0.2500,      0.2003,   7525.6636,-446280.7500,   -924.1006,    538.8996,  25085.5430,
       1,     166,     212,      14,       1,       3,       1,     10.0000,      1.3827,     42.3312,    243.8748,     61.3743,      3.4953,      0.1870,      0.1528,     53.8226,      0.2472,      5.4779,     10.9557,      2.1848,     27.8989,     55.7977,      0.0189,      0.0027,      0.2500,      0.2003,   7525.6631,-461361.5000,   -927.9985,    537.8837,  25085.5449,
       1,     166,     212,      15,       1,       3,       1,     10.0000,      1.3827,     42.3312,    243.8748,     61.3743,      3.4953,      0.1885,      0.1544,     73.1771,      0.2437,      5.4779,     10.9557,      2.1531,     27.8989,     55.7977,      0.0189,      0.0037,      0.2500,      0.2003,   7525.6636,-487911.5625,   -934.3237,    536.0995,  25085.5449,
       1,     166,     212,      16,       1,       3,       1,     10.0000,      1.3827,     42.3312,    243.8748,     61.3743,      3.4953,      0.1779,      0.1440,     79.2741,      0.2346,      5.4779,     10.9557,      2.0728,     27.8989,     55.7977,      0.0189,      0.0042,      0.2332,      0.2003,   7525.6636,-514745.9062,   -940.7471,    534.3043,  25085.5449,
       1,     166,     212,      17,       1,       3,       1,     10.0000,      1.3827,     42.3312,    243.8748,     61.3743,      3.4953,      0.1614,      0.1278,     79.5771,      0.2232,      5.4779,     10.9557,      1.9720,     27.8989,     55.7977,      0.0189,      0.0048,      0.2084,      0.2003,   7525.6636,-524781.5000,   -943.7814,    533.6371,  25085.5449,
       1,     166,     212,      18,       1,       3,       1,     10.0000,      1.3827,     42.3312,    243.8748,     61.3743,      3.4953,      0.0373,      0.0044,     12.1431,      0.1987,      5.4779,     10.9557,      1.7560,     27.8989,     55.7977,      0.0189,      0.0049,      0.0312,      0.2003,   7525.6636,-526019.8125,   -945.0043,    533.5548,  25085.5469,
       1,     166,     212,      19,       1,       3,       1,     10.0000,      1.3827,     42.3312,    243.8748,     61.3743,      3.4953,      0.0209,     -0.0116,      3.6336,      0.1851,      5.4779,     10.9557,      1.6353,     27.8989,     55.7977,      0.0189,      0.0055,      0.0083,      0.2003,   7525.6646,-440510.1875,   -929.3696,    539.2579,  25085.5449,
       1,     166,     212,      20,       1,       3,       1,     10.0000,      1.3827,     42.3312,    243.8748,     61.3743,      3.4953,      0.0083,     -0.0239,      7.1293,      0.1763,      5.4779,     10.9557,      1.5576,     27.8989,     55.7977,      0.0189,      0.0057,      0.0156,      0.2004,   7525.6636,-422518.3125,   -926.2797,    540.5012,  25085.5449,
       1,     166,     212,      21,       1,       3,       1,     10.0000,      1.3827,     42.3312,    243.8748,     61.3743,      3.4953,      0.0000,     -0.0321,      6.3554,      0.1718,      5.4779,     10.9557,      1.5178,     27.8989,     55.7977,      0.0189,      0.0051,      0.0156,      0.2004,   7525.6636,-425374.7188,   -927.0951,    540.3096,  25085.5449,
       1,     166,     212,      22,       1,       3,       1,     10.0000,      1.3827,     42.3312,    243.8748,     61.3743,      3.4953,      0.0000,     -0.0321,      5.3128,      0.1709,      5.4779,     10.9557,      1.5103,     27.8989,     55.7977,      0.0189,      0.0043,      0.0156,      0.2004,   7525.6636,-424636.7500,   -927.1786,    540.3596,  25085.5469,
       1,     166,     212,      23,       1,       3,       1,     10.0000,      1.3827,     42.3312,    243.8748,     61.3743,      3.4953,      0.0000,     -0.0321,      4.7342,      0.1706,      5.4779,     10.9557,      1.5073,     27.8989,     55.7977,      0.0189,      0.0038,      0.0156,      0.2004,   7525.6646,-423251.5938,   -927.0847,    540.4531,  25085.5449,
       1,     166,     212,      24,       1,       3,       1,     10.0000,      1.3827,     42.3312,    243.8748,     61.3743,      3.4953,      0.0000,     -0.0320,      3.7204,      0.1697,      5.4779,     10.9557,      1.4998,     27.8989,     55.7977,      0.0189,      0.0030,      0.0156,      0.2004,   7525.6636,-422399.6562,   -927.0608,    540.5106,  25085.5449,
       1,     166,     213,       1,       1,       3,       1,     10.0000,      1.3827,     42.3316,    243.8806,     61.3758,      3.4953,      0.0000,     -0.0320,      2.9725,      0.1684,      5.4786,     10.9571,      1.4879,     27.8939,     55.7879,      0.0189,      0.0024,      0.0156,      0.2004,   7525.6636,-421197.3750,   -927.2032,    540.6048,  25086.6738,
       1,     166,     213,       2,       1,       3,       1,     10.0000,      1.3827,     42.3316,    243.8806,     61.3758,      3.4953,      0.0000,     -0.0320,      2.5279,      0.1677,      5.4786,     10.9571,      1.4820,     27.8939,     55.7879,      0.0189,      0.0020,      0.0156,      0.2004,   7526.0024,-419992.9688,   -926.7814,    540.6862,  25086.6719,
       1,     166,     213,       3,       1,       3,       1,     10.0000,      1.3827,     42.3316,    243.8806,     61.3758,      3.4953,      0.0000,     -0.0320,      2.3094,      0.1675,      5.4786,     10.9571,      1.4805,     27.8939,     55.7879,      0.0189,      0.0019,      0.0156,      0.2004,   7526.0020,-419326.4688,   -926.7145,    540.7313,  25086.6699,
       1,     166,     213,       4,       1,       3,       1,     10.0000,      1.3827,     42.3316,    243.8806,     61.3758,      3.4953,      0.0000,     -0.0317,      2.2284,      0.1605,      5.4786,     10.9571,      1.4182,     27.8939,     55.7879,      0.0189,      0.0018,      0.0156,      0.2004,   7526.0015,-418992.5625,   -926.7033,    540.7538,  25086.6719,
       1,     166,     213,       5,       1,       3,       1,     10.0000,      1.3827,     42.3316,    243.8806,     61.3758,      3.4953,      0.0000,     -0.0316,      1.9144,      0.1568,      5.4786,     10.9571,      1.3859,     27.8939,     55.7879,      0.0189,      0.0015,      0.0156,      0.2004,   7526.0020,-418861.1250,   -926.7267,    540.7627,  25086.6719,
       1,     166,     213,       6,       1,       3,       1,     10.0000,      1.3827,     42.3316,    243.8806,     61.3758,      3.4953,      0.0000,     -0.0316,      1.8738,      0.1568,      5.4786,     10.9571,      1.3859,     27.8939,     55.7879,      0.0189,      0.0015,      0.0156,      0.2004,   7526.0020,-418451.9375,   -926.6887,    540.7903,  25086.6719,
       1,     166,     213,       7,       1,       3,       1,     10.0000,      1.3827,     42.3316,    243.8806,     61.3758,      3.4953,      0.0000,     -0.0315,      1.6459,      0.1533,      5.4786,     10.9571,      1.3543,     27.8939,     55.7879,      0.0189,      0.0013,      0.0156,      0.2004,   7526.0020,-418365.3750,   -926.7101,    540.7962,  25086.6719,
       1,     166,     213,       8,       1,       3,       1,     10.0000,      1.3827,     42.3316,    243.8806,     61.3758,      3.4953,      0.0007,     -0.0308,      1.9545,      0.1531,      5.4786,     10.9571,      1.3529,     27.8939,     55.7879,      0.0189,      0.0016,      0.0156,      0.2004,   7526.0020,-418069.1875,   -926.6852,    540.8163,  25086.6699,
       1,     166,     213,       9,       1,       3,       1,     10.0000,      1.3827,     42.3316,    243.8806,     61.3758,      3.4953,      0.0077,     -0.0244,      1.6646,      0.1744,      5.4786,     10.9571,      1.5407,     27.8939,     55.7879,      0.0189,      0.0013,      0.0156,      0.2004,   7526.0015,-418435.0312,   -926.7918,    540.7915,  25086.6699,
       1,     166,     213,      10,       1,       3,       1,     10.0000,      1.3827,     42.3316,    243.8806,     61.3758,      3.4953,      0.0105,     -0.0220,      2.0494,      0.1862,      5.4786,     10.9571,      1.6451,     27.8939,     55.7879,      0.0189,      0.0016,      0.0156,      0.2004,   7526.0015,-418099.0312,   -926.7584,    540.8143,  25086.6738,
       1,     166,     213,      11,       1,       3,       1,     10.0000,      1.3827,     42.3316,    243.8806,     61.3758,      3.4953,      0.0504,      0.0172,      8.4599,      0.2071,      5.4786,     10.9571,      1.8303,     27.8939,     55.7879,      0.0189,      0.0021,      0.0509,      0.2004,   7526.0024,-418557.5938,   -926.8821,    540.7833,  25086.6719,
       1,     166,     213,      12,       1,       3,       1,     10.0000,      1.3827,     42.3316,    243.8806,     61.3758,      3.4953,      0.1418,      0.1084,     26.2225,      0.2159,      5.4786,     10.9571,      1.9074,     27.8939,     55.7879,      0.0189,      0.0018,      0.1853,      0.2004,   7526.0020,-426721.5625,   -928.5168,    540.2314,  25086.6719,
       1,     166,     213,      13,       1,       3,       1,     10.0000,      1.3827,     42.3316,    243.8806,     61.3758,      3.4953,      0.1513,      0.1175,     26.1757,      0.2274,      5.4786,     10.9571,      2.0091,     27.8939,     55.7879,      0.0189,      0.0016,      0.1995,      0.2004,   7526.0020,-449936.3438,   -933.1285,    538.6639,  25086.6699,
       1,     166,     213,      14,       1,       3,       1,     10.0000,      1.3827,     42.3316,    243.8806,     61.3758,      3.4953,      0.1862,      0.1526,     48.2101,      0.2232,      5.4786,     10.9571,      1.9721,     27.8939,     55.7879,      0.0189,      0.0024,      0.2492,      0.2004,   7526.0015,-451870.7812,   -933.6985,    538.5360,  25086.6738,
       1,     166,     213,      15,       1,       3,       1,     10.0000,      1.3827,     42.3316,    243.8806,     61.3758,      3.4953,      0.1878,      0.1547,     60.3219,      0.2067,      5.4786,     10.9571,      1.8267,     27.8939,     55.7879,      0.0189,      0.0030,      0.2500,      0.2004,   7526.0024,-479972.4375,   -939.4041,    536.6443,  25086.6719,
       1,     166,     213,      16,       1,       3,       1,     10.0000,      1.3827,     42.3316,    243.8806,     61.3758,      3.4953,      0.1846,      0.1519,     73.9659,      0.1908,      5.4786,     10.9571,      1.6864,     27.8939,     55.7879,      0.0189,      0.0038,      0.2434,      0.2003,   7526.0020,-497748.8125,   -943.2112,    535.4551,  25086.6738,
       1,     166,     213,      17,       1,       3,       1,     10.0000,      1.3827,     42.3316,    243.8806,     61.3758,      3.4953,      0.1376,      0.1049,     63.7103,      0.1916,      5.4786,     10.9571,      1.6930,     27.8939,     55.7879,      0.0189,      0.0046,      0.1748,      0.2003,   7526.0024,-516578.9688,   -947.2723,    534.1962,  25086.6680,
       1,     166,     213,      18,       1,       3,       1,     10.0000,      1.3827,     42.3316,    243.8806,     61.3758,      3.4953,      0.1510,      0.1185,     73.5236,      0.1853,      5.4786,     10.9571,      1.6370,     27.8939,     55.7879,      0.0189,      0.0047,      0.1936,      0.2003,   7526.0005,-505172.3125,   -945.4664,    534.9593,  25086.6699,
       1,     166,     213,      19,       1,       3,       1,     10.0000,      1.3827,     42.3316,    243.8806,     61.3758,      3.4953,      0.0669,      0.0345,     27.4587,      0.1818,      5.4786,     10.9571,      1.6064,     27.8939,     55.7879,      0.0189,      0.0046,      0.0740,      0.2003,   7526.0015,-516652.2188,   -948.0848,    534.1922,  25086.6699,
       1,     166,     213,      20,       1,       3,       1,     10.0000,      1.3827,     42.3316,    243.8806,     61.3758,      3.4953,      0.0273,     -0.0049,      5.9969,      0.1742,      5.4786,     10.9571,      1.5392,     27.8939,     55.7879,      0.0189,      0.0042,      0.0179,      0.2003,   7526.0015,-459164.2188,   -937.1677,    538.0314,  25086.6699,
       1,     166,     213,      21,       1,       3,       1,     10.0000,      1.3827,     42.3316,    243.8806,     61.3758,      3.4953,      0.0000,     -0.0320,      4.2229,      0.1694,      5.4786,     10.9571,      1.4968,     27.8939,     55.7879,      0.0189,      0.0034,      0.0156,      0.2004,   7526.0015,-427084.3750,   -930.9933,    540.2027,  25086.6699,
       1,     166,     213,      22,       1,       3,       1,     10.0000,      1.3827,     42.3316,    243.8806,     61.3758,      3.4953,      0.0000,     -0.0320,      4.0859,      0.1679,      5.4786,     10.9571,      1.4834,     27.8939,     55.7879,      0.0189,      0.0033,      0.0156,      0.2004,   7526.0015,-422087.8125,   -930.0291,    540.5445,  25086.6719,
       1,     166,     213,      23,       1,       3,       1,     10.0000,      1.3827,     42.3316,    243.8806,     61.3758,      3.4953,      0.0000,     -0.0320,      3.6108,      0.1684,      5.4786,     10.9571,      1.4879,     27.8939,     55.7879,      0.0189,      0.0029,      0.0156,      0.2004,   7526.0020,-421480.6250,   -929.9103,    540.5856,  25086.6699,
       1,     166,     213,      24,       1,       3,       1,     10.0000,      1.3827,     42.3316,    243.8806,     61.3758,      3.4953,      0.0000,     -0.0320,      3.1771,      0.1694,      5.4786,     10.9571,      1.4968,     27.8939,     55.7879,      0.0189,      0.0025,      0.0156,      0.2004,   7526.0015,-420826.6562,   -929.7816,    540.6299,  25086.6680,
       1,     166,     214,       1,       1,       3,       1,     10.0000,      1.3827,     42.3319,    243.8864,     61.3772,      3.4953,      0.0000,     -0.0319,      2.7079,      0.1659,      5.4783,     10.9567,      1.4658,     27.8869,     55.7739,      0.0189,      0.0022,      0.0156,      0.2004,   7526.0005,-420376.6875,   -929.9704,    540.6730,  25087.7988,
       1,     166,     214,       2,       1,       3,       1,     10.0000,      1.3827,     42.3319,    243.8864,     61.3772,      3.4953,      0.0000,     -0.0318,      2.2716,      0.1636,      5.4783,     10.9567,      1.4454,     27.8869,     55.7739,      0.0189,      0.0018,      0.0156,      0.2004,   7526.3398,-419590.0625,   -929.5398,    540.7262,  25087.7969,
       1,     166,     214,       3,       1,       3,       1,     10.0000,      1.3827,     42.3319,    243.8864,     61.3772,      3.4953,      0.0000,     -0.0318,      2.2186,      0.1633,      5.4783,     10.9567,      1.4426,     27.8869,     55.7739,      0.0189,      0.0018,      0.0156,      0.2004,   7526.3394,-418970.0312,   -929.4171,    540.7682,  25087.7988,
       1,     166,     214,       4,       1,       3,       1,     10.0000,      1.3827,     42.3319,    243.8864,     61.3772,      3.4953,      0.0000,     -0.0318,      2.2398,      0.1623,      5.4783,     10.9567,      1.4339,     27.8869,     55.7739,      0.0189,      0.0018,      0.0156,      0.2004,   7526.3398,-418849.3438,   -929.3900,    540.7763,  25087.7949,
       1,     166,     214,       5,       1,       3,       1,     10.0000,      1.3827,     42.3319,    243.8864,     61.3772,      3.4953,      0.0000,     -0.0314,      2.1708,      0.1517,      5.4783,     10.9567,      1.3408,     27.8869,     55.7739,      0.0189,      0.0017,      0.0156,      0.2004,   7526.3389,-418866.5000,   -929.3905,    540.7751,  25087.7969,
       1,     166,     214,       6,       1,       3,       1,     10.0000,      1.3827,     42.3319,    243.8864,     61.3772,      3.4953,      0.0000,     -0.0308,      1.8733,      0.1355,      5.4783,     10.9567,      1.1976,     27.8869,     55.7739,      0.0189,      0.0015,      0.0156,      0.2004,   7526.3394,-418780.1562,   -929.5383,    540.7810,  25087.7969,
       1,     166,     214,       7,       1,       3,       1,     10.0000,      1.3827,     42.3319,    243.8864,     61.3772,      3.4953,      0.0000,     -0.0309,      1.7132,      0.1386,      5.4783,     10.9567,      1.2245,     27.8869,     55.7739,      0.0189,      0.0014,      0.0156,      0.2004,   7526.3394,-418395.7812,   -929.4662,    540.8070,  25087.7969,
       1,     166,     214,       8,       1,       3,       1,     10.0000,      1.3827,     42.3319,    243.8864,     61.3772,      3.4953,      0.0086,     -0.0224,      1.6437,      0.1408,      5.4783,     10.9567,      1.2445,     27.8869,     55.7739,      0.0189,      0.0013,      0.0156,      0.2004,   7526.3394,-418159.9375,   -929.4227,    540.8229,  25087.7969,
       1,     166,     214,       9,       1,       3,       1,     10.0000,      1.3827,     42.3319,    243.8864,     61.3772,      3.4953,      0.0919,      0.0607,     11.4794,      0.1475,      5.4783,     10.9567,      1.3035,     27.8869,     55.7739,      0.0189,      0.0013,      0.1137,      0.2004,   7526.3394,-418051.6562,   -929.4034,    540.8302,  25087.7969,
       1,     166,     214,      10,       1,       3,       1,     10.0000,      1.3827,     42.3319,    243.8864,     61.3772,      3.4953,      0.1563,      0.1244,     18.8765,      0.1667,      5.4783,     10.9567,      1.4732,     27.8869,     55.7739,      0.0189,      0.0011,      0.2078,      0.2004,   7526.3394,-430506.4688,   -931.8558,    539.9883,  25087.7969,
       1,     166,     214,      11,       1,       3,       1,     10.0000,      1.3827,     42.3319,    243.8864,     61.3772,      3.4953,      0.1595,      0.1267,     20.0557,      0.1950,      5.4783,     10.9567,      1.7235,     27.8869,     55.7739,      0.0189,      0.0012,      0.2125,      0.2004,   7526.3394,-440950.4688,   -933.9293,    539.2839,  25087.7988,
       1,     166,     214,      12,       1,       3,       1,     10.0000,      1.3827,     42.3319,    243.8864,     61.3772,      3.4953,      0.1498,      0.1170,     15.7603,      0.1956,      5.4783,     10.9567,      1.7286,     27.8869,     55.7739,      0.0189,      0.0010,      0.1985,      0.2004,   7526.3398,-443339.5312,   -934.4431,    539.1234,  25087.7949,
       1,     166,     214,      13,       1,       3,       1,     10.0000,      1.3827,     42.3319,    243.8864,     61.3772,      3.4953,      0.1571,      0.1237,     17.6259,      0.2157,      5.4783,     10.9567,      1.9056,     27.8869,     55.7739,      0.0189,      0.0011,      0.2091,      0.2004,   7526.3389,-438098.7188,   -933.4642,    539.4765,  25087.7969,
       1,     166,     214,      14,       1,       3,       1,     10.0000,      1.3827,     42.3319,    243.8864,     61.3772,      3.4953,      0.1452,      0.1121,     15.9984,      0.2039,      5.4783,     10.9567,      1.8017,     27.8869,     55.7739,      0.0189,      0.0010,      0.1915,      0.2004,   7526.3394,-440015.2500,   -933.8657,    539.3475,  25087.7969,
       1,     166,     214,      15,       1,       3,       1,     10.0000,      1.3827,     42.3319,    243.8864,     61.3772,      3.4953,      0.1505,      0.1179,     29.7092,      0.1875,      5.4783,     10.9567,      1.6566,     27.8869,     55.7739,      0.0189,      0.0019,      0.1979,      0.2004,   7526.3394,-438115.9688,   -933.7445,    539.4755,  25087.7988,
       1,     166,     214,      16,       1,       3,       1,     10.0000,      1.3827,     42.3319,    243.8864,     61.3772,      3.4953,      0.1885,      0.1574,     61.7927,      0.1408,      5.4783,     10.9567,      1.2445,     27.8869,     55.7739,      0.0189,      0.0031,      0.2500,      0.2004,   7526.3398,-455332.9375,   -937.1933,    538.3145,  25087.7969,
       1,     166,     214,      17,       1,       3,       1,     10.0000,      1.3827,     42.3319,    243.8864,     61.3772,      3.4953,      0.1888,      0.1582,     64.2981,      0.1287,      5.4783,     10.9567,      1.1372,     27.8869,     55.7739,      0.0189,      0.0032,      0.2500,      0.2004,   7526.3394,-497488.6875,   -925.9214,    535.4791,  25087.6836,
       1,     166,     214,      18,       1,       3,       1,     10.0000,      1.3827,     42.3319,    243.8864,     61.3772,      3.4953,      0.1466,      0.1159,     53.5186,      0.1316,      5.4783,     10.9567,      1.1629,     27.8869,     55.7739,      0.0189,      0.0035,      0.1894,      0.2003,   7526.3052,-504303.9375,   -928.5679,    535.0304,  25087.8027,
       1,     166,     214,      19,       1,       3,       1,     10.0000,      1.3827,     42.3319,    243.8864,     61.3772,      3.4953,      0.1344,      0.1038,     50.3712,      0.1288,      5.4783,     10.9567,      1.1384,     27.8869,     55.7739,      0.0189,      0.0037,      0.1719,      0.2003,   7526.3413,-491184.3125,   -927.5594,    535.9080,  25087.8027,
       1,     166,     214,      20,       1,       3,       1,     10.0000,      1.3827,     42.3319,    243.8864,     61.3772,      3.4953,      0.0563,      0.0257,     15.0568,      0.1284,      5.4783,     10.9567,      1.1349,     27.8869,     55.7739,      0.0189,      0.0031,      0.0613,      0.2004,   7526.3413,-486073.9688,   -927.8615,    536.2510,  25087.8027,
       1,     166,     214,      21,       1,       3,       1,     10.0000,      1.3827,     42.3319,    243.8864,     61.3772,      3.4953,      0.0000,     -0.0304,      0.9556,      0.1243,      5.4783,     10.9567,      1.0985,     27.8869,     55.7739,      0.0189,      0.0008,      0.0156,      0.2004,   7526.3413,-440840.8438,   -920.1696,    539.2832,  25087.8027,
       1,     166,     214,      22,       1,       3,       1,     10.0000,      1.3827,     42.3319,    243.8864,     61.3772,      3.4953,      0.0000,     -0.0302,      0.2835,      0.1196,      5.4783,     10.9567,      1.0568,     27.8869,     55.7739,      0.0189,      0.0002,      0.0156,      0.2004,   7526.3413,-419127.8438,   -916.2803,    540.7555,  25087.8008,
       1,     166,     214,      23,       1,       3,       1,     10.0000,      1.3827,     42.3319,    243.8864,     61.3772,      3.4953,      0.0000,     -0.0302,      0.2805,      0.1185,      5.4783,     10.9567,      1.0471,     27.8869,     55.7739,      0.0189,      0.0002,      0.0156,      0.2004,   7526.3403,-416413.0625,   -915.7910,    540.9410,  25087.8008,
       1,     166,     214,      24,       1,       3,       1,     10.0000,      1.3827,     42.3319,    243.8864,     61.3772,      3.4953,      0.0000,     -0.0301,      0.2770,      0.1172,      5.4783,     10.9567,      1.0354,     27.8869,     55.7739,      0.0189,      0.0002,      0.0156,      0.2004,   7526.3403,-416174.2500,   -915.7491,    540.9572,  25087.8008,
       1,     166,     215,       1,       1,       3,       1,     10.0000,      1.3827,     42.3322,    243.8921,     61.3787,      3.4953,      0.0000,     -0.0301,      0.2757,      0.1167,      5.4780,     10.9559,      1.0312,     27.8912,     55.7825,      0.0189,      0.0002,      0.0156,      0.2004,   7526.3403,-416305.2500,   -916.0350,    540.9611,  25088.9297,
       1,     166,     215,       2,       1,       3,       1,     10.0000,      1.3827,     42.3322,    243.8921,     61.3787,      3.4953,      0.0000,     -0.0302,      0.2812,      0.1187,      5.4780,     10.9559,      1.0493,     27.8912,     55.7825,      0.0189,      0.0002,      0.0156,      0.2005,   7526.6792,-416161.4375,   -915.7532,    540.9708,  25088.9277,
       1,     166,     215,       3,       1,       3,       1,     10.0000,      1.3827,     42.3322,    243.8921,     61.3787,      3.4953,      0.0000,     -0.0302,      0.3070,      0.1197,      5.4780,     10.9559,      1.0579,     27.8912,     55.7825,      0.0189,      0.0002,      0.0156,      0.2005,   7526.6787,-416156.3125,   -915.7541,    540.9712,  25088.9297,
       1,     166,     215,       4,       1,       3,       1,     10.0000,      1.3827,     42.3322,    243.8921,     61.3787,      3.4953,      0.0000,     -0.0302,      0.3990,      0.1196,      5.4780,     10.9559,      1.0568,     27.8912,     55.7825,      0.0189,      0.0003,      0.0156,      0.2005,   7526.6792,-416188.2812,   -915.7628,    540.9691,  25088.9277,
       1,     166,     215,       5,       1,       3,       1,     10.0000,      1.3827,     42.3322,    243.8921,     61.3787,      3.4953,      0.0000,     -0.0304,      0.4108,      0.1232,      5.4780,     10.9559,      1.0885,     27.8912,     55.7825,      0.0189,      0.0003,      0.0156,      0.2005,   7526.6787,-416307.7500,   -915.7951,    540.9609,  25088.9277,
       1,     166,     215,       6,       1,       3,       1,     10.0000,      1.3827,     42.3322,    243.8921,     61.3787,      3.4953,      0.0000,     -0.0304,      0.3685,      0.1232,      5.4780,     10.9559,      1.0885,     27.8912,     55.7825,      0.0189,      0.0003,      0.0156,      0.2005,   7526.6787,-416332.9688,   -915.8110,    540.9592,  25088.9297,
       1,     166,     215,       7,       1,       3,       1,     10.0000,      1.3827,     42.3322,    243.8921,     61.3787,      3.4953,      0.0000,     -0.0303,      0.3125,      0.1217,      5.4780,     10.9559,      1.0753,     27.8912,     55.7825,      0.0189,      0.0003,      0.0156,      0.2005,   7526.6792,-416281.3750,   -915.8099,    540.9627,  25088.9277,
       1,     166,     215,       8,       1,       3,       1,     10.0000,      1.3827,     42.3322,    243.8921,     61.3787,      3.4953,      0.0025,     -0.0277,      0.2829,      0.1194,      5.4780,     10.9559,      1.0547,     27.8912,     55.7825,      0.0189,      0.0002,      0.0156,      0.2005,   7526.6787,-416206.2500,   -915.8004,    540.9678,  25088.9277,
       1,     166,     215,       9,       1,       3,       1,     10.0000,      1.3827,     42.3322,    243.8921,     61.3787,      3.4953,      0.0128,     -0.0176,      0.2926,      0.1229,      5.4780,     10.9559,      1.0863,     27.8912,     55.7825,      0.0189,      0.0002,      0.0156,      0.2005,   7526.6787,-416162.1250,   -915.7988,    540.9708,  25088.9277,
       1,     166,     215,      10,       1,       3,       1,     10.0000,      1.3827,     42.3322,    243.8921,     61.3787,      3.4953,      0.0366,      0.0060,      0.6794,      0.1296,      5.4780,     10.9559,      1.1453,     27.8912,     55.7825,      0.0189,      0.0002,      0.0341,      0.2005,   7526.6787,-416170.8125,   -915.8258,    540.9703,  25088.9297,
       1,     166,     215,      11,       1,       3,       1,     10.0000,      1.3827,     42.3322,    243.8921,     61.3787,      3.4953,      0.1527,      0.1215,      4.6373,      0.1455,      5.4780,     10.9559,      1.2853,     27.8912,     55.7825,      0.0189,      0.0003,      0.2040,      0.2005,   7526.6792,-416661.2812,   -915.9895,    540.9370,  25088.9277,
       1,     166,     215,      12,       1,       3,       1,     10.0000,      1.3827,     42.3322,    243.8921,     61.3787,      3.4953,      0.1839,      0.1521,      6.4279,      0.1620,      5.4780,     10.9559,      1.4311,     27.8912,     55.7825,      0.0189,      0.0003,      0.2500,      0.2004,   7526.6787,-421718.5312,   -917.5646,    540.5950,  25088.9258,
       1,     166,     215,      13,       1,       3,       1,     10.0000,      1.3827,     42.3322,    243.8921,     61.3787,      3.4953,      0.1839,      0.1519,      6.7603,      0.1692,      5.4780,     10.9559,      1.4954,     27.8912,     55.7825,      0.0189,      0.0003,      0.2500,      0.2004,   7526.6782,-424421.3750,   -919.2090,    540.4125,  25088.9277,
       1,     166,     215,      14,       1,       3,       1,     10.0000,      1.3827,     42.3322,    243.8921,     61.3787,      3.4953,      0.1839,      0.1519,      6.7141,      0.1682,      5.4780,     10.9559,      1.4865,     27.8912,     55.7825,      0.0189,      0.0003,      0.2500,      0.2004,   7526.6787,-425073.6250,   -920.1573,    540.3685,  25088.9277,
       1,     166,     215,      15,       1,       3,       1,     10.0000,      1.3827,     42.3322,    243.8921,     61.3787,      3.4953,      0.1817,      0.1495,      7.3308,      0.1747,      5.4780,     10.9559,      1.5439,     27.8912,     55.7825,      0.0189,      0.0004,      0.2467,      0.2004,   7526.6787,-425070.7812,   -921.0190,    540.3687,  25088.9277,
       1,     166,     215,      16,       1,       3,       1,     10.0000,      1.3827,     42.3322,    243.8921,     61.3787,      3.4953,      0.1452,      0.1127,     18.0983,      0.1834,      5.4780,     10.9559,      1.6209,     27.8912,     55.7825,      0.0189,      0.0012,      0.1914,      0.2004,   7526.6787,-425852.1250,   -921.7601,    540.3159,  25088.9277,
       1,     166,     215,      17,       1,       3,       1,     10.0000,      1.3827,     42.3322,    243.8921,     61.3787,      3.4953,      0.1031,      0.0707,     24.9304,      0.1820,      5.4780,     10.9559,      1.6081,     27.8912,     55.7825,      0.0189,      0.0024,      0.1281,      0.2004,   7526.6787,-439563.7500,   -924.7091,    539.3898,  25088.9277,
       1,     166,     215,      18,       1,       3,       1,     10.0000,      1.3827,     42.3322,    243.8921,     61.3787,      3.4953,      0.1052,      0.0730,     31.0615,      0.1770,      5.4780,     10.9559,      1.5640,     27.8912,     55.7825,      0.0189,      0.0030,      0.1305,      0.2004,   7526.6787,-449399.2188,   -926.9270,    538.7275,  25088.9277,
       1,     166,     215,      19,       1,       3,       1,     10.0000,      1.3827,     42.3322,    243.8921,     61.3787,      3.4953,      0.0964,      0.0646,     26.2304,      0.1626,      5.4780,     10.9559,      1.4368,     27.8912,     55.7825,      0.0189,      0.0028,      0.1182,      0.2004,   7526.6787,-458012.8438,   -928.9848,    538.1479,  25088.9277,
       1,     166,     215,      20,       1,       3,       1,     10.0000,      1.3827,     42.3322,    243.8921,     61.3787,      3.4953,      0.0105,     -0.0210,      4.1050,      0.1514,      5.4780,     10.9559,      1.3381,     27.8912,     55.7825,      0.0189,      0.0033,      0.0156,      0.2004,   7526.6787,-452624.6562,   -928.3597,    538.5107,  25088.9277,
       1,     166,     215,      21,       1,       3,       1,     10.0000,      1.3827,     42.3322,    243.8921,     61.3787,      3.4953,      0.0000,     -0.0310,      4.5130,      0.1413,      5.4780,     10.9559,      1.2483,     27.8912,     55.7825,      0.0189,      0.0036,      0.0156,      0.2004,   7526.6787,-424115.5000,   -923.2271,    540.4299,  25088.9277,
       1,     166,     215,      22,       1,       3,       1,     10.0000,      1.3827,     42.3322,    243.8921,     61.3787,      3.4953,      0.0000,     -0.0309,      4.0715,      0.1361,      5.4780,     10.9559,      1.2024,     27.8912,     55.7825,      0.0189,      0.0033,      0.0156,      0.2004,   7526.6787,-422203.9375,   -923.0198,    540.5624,  25088.9258,
       1,     166,     215,      23,       1,       3,       1,     10.0000,      1.3827,     42.3322,    243.8921,     61.3787,      3.4953,      0.0000,     -0.0309,      3.4552,      0.1365,      5.4780,     10.9559,      1.2061,     27.8912,     55.7825,      0.0189,      0.0028,      0.0156,      0.2004,   7526.6782,-421476.8438,   -923.0162,    540.6115,  25088.9277,
       1,     166,     215,      24,       1,       3,       1,     10.0000,      1.3827,     42.3322,    243.8921,     61.3787,      3.4953,      0.0000,     -0.0309,      2.6631,      0.1366,      5.4780,     10.9559,      1.2073,     27.8912,     55.7825,      0.0189,      0.0021,      0.0156,      0.2004,   7526.6787,-420633.3438,   -922.9647,    540.6685,  25088.9277,
       1,     166,     216,       1,       1,       3,       1,     10.0000,      1.3828,     42.3326,    243.8979,     61.3801,      3.4953,      0.0000,     -0.0308,      2.2148,      0.1340,      5.4783,     10.9565,      1.1843,     27.8874,     55.7747,      0.0189,      0.0018,      0.0156,      0.2005,   7526.6787,-419712.7812,   -923.1206,    540.7435,  25090.0527,
       1,     166,     216,       2,       1,       3,       1,     10.0000,      1.3828,     42.3326,    243.8979,     61.3801,      3.4953,      0.0000,     -0.0307,      1.3920,      0.1320,      5.4783,     10.9565,      1.1665,     27.8874,     55.7747,      0.0189,      0.0011,      0.0156,      0.2005,   7527.0161,-418913.1875,   -922.7610,    540.7975,  25090.0527,
       1,     166,     216,       3,       1,       3,       1,     10.0000,      1.3828,     42.3326,    243.8979,     61.3801,      3.4953,      0.0000,     -0.0307,      1.3356,      0.1327,      5.4783,     10.9565,      1.1724,     27.8874,     55.7747,      0.0189,      0.0011,      0.0156,      0.2005,   7527.0161,-417802.1562,   -922.5782,    540.8726,  25090.0527,
       1,     166,     216,       4,       1,       3,       1,     10.0000,      1.3828,     42.3326,    243.8979,     61.3801,      3.4953,      0.0000,     -0.0307,      1.3155,      0.1329,      5.4783,     10.9565,      1.1748,     27.8874,     55.7747,      0.0189,      0.0011,      0.0156,      0.2005,   7527.0161,-417635.7188,   -922.5780,    540.8839,  25090.0527,
       1,     166,     216,       5,       1,       3,       1,     10.0000,      1.3828,     42.3326,    243.8979,     61.3801,      3.4953,      0.0000,     -0.0305,      1.2213,      0.1275,      5.4783,     10.9565,      1.1269,     27.8874,     55.7747,      0.0189,      0.0010,      0.0156,      0.2005,   7527.0161,-417595.8125,   -922.6124,    540.8865,  25090.0508,
       1,     166,     216,       6,       1,       3,       1,     10.0000,      1.3828,     42.3326,    243.8979,     61.3801,      3.4953,      0.0000,     -0.0304,      0.9745,      0.1243,      5.4783,     10.9565,      1.0986,     27.8874,     55.7747,      0.0189,      0.0008,      0.0156,      0.2005,   7527.0156,-417473.5625,   -922.6271,    540.8948,  25090.0547,
       1,     166,     216,       7,       1,       3,       1,     10.0000,      1.3828,     42.3326,    243.8979,     61.3801,      3.4953,      0.0000,     -0.0304,      0.9043,      0.1245,      5.4783,     10.9565,      1.0997,     27.8874,     55.7747,      0.0189,      0.0007,      0.0156,      0.2005,   7527.0166,-417149.9062,   -922.5892,    540.9167,  25090.0527,
       1,     166,     216,       8,       1,       3,       1,     10.0000,      1.3828,     42.3326,    243.8979,     61.3801,      3.4953,      0.0061,     -0.0243,      0.9413,      0.1247,      5.4783,     10.9565,      1.1020,     27.8874,     55.7747,      0.0189,      0.0008,      0.0156,      0.2005,   7527.0161,-417033.3750,   -922.5846,    540.9247,  25090.0508,
       1,     166,     216,       9,       1,       3,       1,     10.0000,      1.3828,     42.3326,    243.8979,     61.3801,      3.4953,      0.0616,      0.0300,      3.9270,      0.1573,      5.4783,     10.9565,      1.3902,     27.8874,     55.7747,      0.0189,      0.0007,      0.0695,      0.2005,   7527.0156,-417070.4375,   -922.6199,    540.9221,  25090.0527,
       1,     166,     216,      10,       1,       3,       1,     10.0000,      1.3828,     42.3326,    243.8979,     61.3801,      3.4953,      0.1263,      0.0939,      6.8411,      0.1822,      5.4783,     10.9565,      1.6097,     27.8874,     55.7747,      0.0189,      0.0005,      0.1646,      0.2005,   7527.0161,-420855.9062,   -923.4194,    540.6661,  25090.0527,
       1,     166,     216,      11,       1,       3,       1,     10.0000,      1.3828,     42.3326,    243.8979,     61.3801,      3.4953,      0.1453,      0.1126,      9.3374,      0.1897,      5.4783,     10.9565,      1.6765,     27.8874,     55.7747,      0.0189,      0.0006,      0.1925,      0.2005,   7527.0161,-424872.5625,   -924.3665,    540.3948,  25090.0547,
       1,     166,     216,      12,       1,       3,       1,     10.0000,      1.3828,     42.3326,    243.8979,     61.3801,      3.4953,      0.1399,      0.1068,      9.2766,      0.2063,      5.4783,     10.9565,      1.8232,     27.8874,     55.7747,      0.0189,      0.0006,      0.1845,      0.2005,   7527.0166,-428379.3750,   -925.2033,    540.1580,  25090.0508,
       1,     166,     216,      13,       1,       3,       1,     10.0000,      1.3828,     42.3326,    243.8979,     61.3801,      3.4953,      0.1485,      0.1157,      9.7690,      0.1956,      5.4783,     10.9565,      1.7287,     27.8874,     55.7747,      0.0189,      0.0006,      0.1972,      0.2005,   7527.0156,-428602.9688,   -925.4224,    540.1429,  25090.0508,
       1,     166,     216,      14,       1,       3,       1,     10.0000,      1.3828,     42.3326,    243.8979,     61.3801,      3.4953,      0.1831,      0.1498,     52.6028,      0.2111,      5.4783,     10.9565,      1.8649,     27.8874,     55.7747,      0.0189,      0.0027,      0.2439,      0.2005,   7527.0156,-429246.1250,   -925.7031,    540.0995,  25090.0508,
       1,     166,     216,      15,       1,       3,       1,     10.0000,      1.3828,     42.3326,    243.8979,     61.3801,      3.4953,      0.1760,      0.1427,     75.4357,      0.2121,      5.4783,     10.9565,      1.8741,     27.8874,     55.7747,      0.0189,      0.0041,      0.2306,      0.2005,   7527.0156,-483577.0000,   -936.4408,    536.4315,  25090.0508,
       1,     166,     216,      16,       1,       3,       1,     10.0000,      1.3828,     42.3326,    243.8979,     61.3801,      3.4953,      0.1462,      0.1133,     63.0969,      0.1986,      5.4783,     10.9565,      1.7545,     27.8874,     55.7747,      0.0189,      0.0042,      0.1876,      0.2004,   7527.0156,-517215.8438,   -943.4000,    534.1883,  25090.0508,
       1,     166,     216,      17,       1,       3,       1,     10.0000,      1.3828,     42.3326,    243.8979,     61.3801,      3.4953,      0.1677,      0.1358,     76.6543,      0.1667,      5.4783,     10.9565,      1.4732,     27.8874,     55.7747,      0.0189,      0.0044,      0.2179,      0.2004,   7527.0156,-504429.6250,   -941.4825,    535.0468,  25090.0527,
       1,     166,     216,      18,       1,       3,       1,     10.0000,      1.3828,     42.3326,    243.8979,     61.3801,      3.4953,      0.1462,      0.1134,     66.8049,      0.1935,      5.4783,     10.9565,      1.7100,     27.8874,     55.7747,      0.0189,      0.0045,      0.1871,      0.2004,   7527.0161,-520533.3750,   -945.0858,    533.9705,  25090.0527,
       1,     166,     216,      19,       1,       3,       1,     10.0000,      1.3828,     42.3326,    243.8979,     61.3801,      3.4953,      0.1086,      0.0761,     52.3563,      0.1827,      5.4783,     10.9565,      1.6145,     27.8874,     55.7747,      0.0189,      0.0049,      0.1329,      0.2004,   7527.0161,-509411.8125,   -943.4424,    534.7138,  25090.0508,
       1,     166,     216,      20,       1,       3,       1,     10.0000,      1.3828,     42.3326,    243.8979,     61.3801,      3.4953,      0.0172,     -0.0148,      1.4052,      0.1687,      5.4783,     10.9565,      1.4910,     27.8874,     55.7747,      0.0189,      0.0048,      0.0037,      0.2004,   7527.0156,-490133.6875,   -940.1327,    536.0029,  25090.0508,
       1,     166,     216,      21,       1,       3,       1,     10.0000,      1.3828,     42.3326,    243.8979,     61.3801,      3.4953,      0.0000,     -0.0316,      5.3335,      0.1589,      5.4783,     10.9565,      1.4042,     27.8874,     55.7747,      0.0189,      0.0043,      0.0156,      0.2004,   7527.0156,-423872.9375,   -927.5631,    540.4439,  25090.0508,
       1,     166,     216,      22,       1,       3,       1,     10.0000,      1.3828,     42.3326,    243.8979,     61.3801,      3.4953,      0.0000,     -0.0316,      2.8980,      0.1558,      5.4783,     10.9565,      1.3763,     27.8874,     55.7747,      0.0189,      0.0023,      0.0156,      0.2005,   7527.0156,-423244.4062,   -927.4813,    540.5048,  25090.0508,
       1,     166,     216,      23,       1,       3,       1,     10.0000,      1.3828,     42.3326,    243.8979,     61.3801,      3.4953,      0.0000,     -0.0316,      4.6001,      0.1556,      5.4783,     10.9565,      1.3749,     27.8874,     55.7747,      0.0189,      0.0037,      0.0156,      0.2005,   7527.0156,-420081.5312,   -926.8951,    540.7186,  25090.0508,
       1,     166,     216,      24,       1,       3,       1,     10.0000,      1.3828,     42.3326,    243.8979,     61.3801,      3.4953,      0.0000,     -0.0316,      4.4525,      0.1564,      5.4783,     10.9565,      1.3818,     27.8874,     55.7747,      0.0189,      0.0036,      0.0156,      0.2005,   7527.0156,-421967.1562,   -927.2800,    540.5911,  25090.0508,
       1,     166,     217,       1,       1,       3,       1,     10.0000,      1.3828,     42.3329,    243.9036,     61.3816,      3.4953,      0.0000,     -0.0315,      3.1121,      0.1536,      5.4785,     10.9570,      1.3571,     27.8875,     55.7749,      0.0189,      0.0025,      0.0156,      0.2005,   7527.0156,-422097.0312,   -927.6003,    540.5952,  25091.1777,
       1,     166,     217,       2,       1,       3,       1,     10.0000,      1.3828,     42.3329,    243.9036,     61.3816,      3.4953,      0.0000,     -0.0314,      2.1229,      0.1501,      5.4785,     10.9570,      1.3261,     27.8875,     55.7749,      0.0189,      0.0017,      0.0156,      0.2005,   7527.3535,-420256.7500,   -926.9900,    540.7195,  25091.1777,
       1,     166,     217,       3,       1,       3,       1,     10.0000,      1.3828,     42.3329,    243.9036,     61.3816,      3.4953,      0.0000,     -0.0312,      1.3797,      0.1468,      5.4785,     10.9570,      1.2971,     27.8875,     55.7749,      0.0189,      0.0011,      0.0156,      0.2005,   7527.3535,-418846.1562,   -926.7274,    540.8148,  25091.1777,
       1,     166,     217,       4,       1,       3,       1,     10.0000,      1.3828,     42.3329,    243.9036,     61.3816,      3.4953,      0.0000,     -0.0310,      1.3600,      0.1410,      5.4785,     10.9570,      1.2458,     27.8875,     55.7749,      0.0189,      0.0011,      0.0156,      0.2005,   7527.3535,-417783.9375,   -926.5287,    540.8867,  25091.1797,
       1,     166,     217,       5,       1,       3,       1,     10.0000,      1.3828,     42.3329,    243.9036,     61.3816,      3.4953,      0.0000,     -0.0311,      1.6024,      0.1430,      5.4785,     10.9570,      1.2635,     27.8875,     55.7749,      0.0189,      0.0013,      0.0156,      0.2005,   7527.3540,-417667.6875,   -926.5107,    540.8945,  25091.1777,
       1,     166,     217,       6,       1,       3,       1,     10.0000,      1.3828,     42.3329,    243.9036,     61.3816,      3.4953,      0.0000,     -0.0311,      1.7521,      0.1440,      5.4785,     10.9570,      1.2725,     27.8875,     55.7749,      0.0189,      0.0014,      0.0156,      0.2005,   7527.3535,-417965.0625,   -926.5731,    540.8745,  25091.1777,
       1,     166,     217,       7,       1,       3,       1,     10.0000,      1.3828,     42.3329,    243.9036,     61.3816,      3.4953,      0.0000,     -0.0311,      1.6610,      0.1436,      5.4785,     10.9570,      1.2686,     27.8875,     55.7749,      0.0189,      0.0013,      0.0156,      0.2005,   7527.3535,-418180.0625,   -926.6194,    540.8599,  25091.1758,
       1,     166,     217,       8,       1,       3,       1,     10.0000,      1.3828,     42.3329,    243.9036,     61.3816,      3.4953,      0.0067,     -0.0242,      1.8090,      0.1372,      5.4785,     10.9570,      1.2123,     27.8875,     55.7749,      0.0189,      0.0014,      0.0156,      0.2005,   7527.3530,-418083.5625,   -923.4242,    540.8664,  25091.1777,
       1,     166,     217,       9,       1,       3,       1,     10.0000,      1.3828,     42.3329,    243.9036,     61.3816,      3.4953,      0.0866,      0.0552,     10.7275,      0.1517,      5.4785,     10.9570,      1.3409,     27.8875,     55.7749,      0.0189,      0.0013,      0.1058,      0.2005,   7527.3535,-418262.4375,   -923.5613,    540.8544,  25091.1777,
       1,     166,     217,      10,       1,       3,       1,     10.0000,      1.3828,     42.3329,    243.9036,     61.3816,      3.4953,      0.1342,      0.1021,     19.1856,      0.1704,      5.4785,     10.9570,      1.5060,     27.8875,     55.7749,      0.0189,      0.0014,      0.1749,      0.2005,   7527.3535,-429575.3438,   -925.8651,    540.0895,  25091.1777,
       1,     166,     217,      11,       1,       3,       1,     10.0000,      1.3828,     42.3329,    243.9036,     61.3816,      3.4953,      0.1589,      0.1263,     28.2254,      0.1880,      5.4785,     10.9570,      1.6617,     27.8875,     55.7749,      0.0189,      0.0017,      0.2105,      0.2005,   7527.3535,-441262.0312,   -928.3420,    539.3011,  25091.1777,
       1,     166,     217,      12,       1,       3,       1,     10.0000,      1.3828,     42.3329,    243.9036,     61.3816,      3.4953,      0.1854,      0.1524,     28.0945,      0.1984,      5.4785,     10.9570,      1.7528,     27.8875,     55.7749,      0.0189,      0.0014,      0.2500,      0.2005,   7527.3535,-453718.1250,   -931.0906,    538.4619,  25091.1777,
       1,     166,     217,      13,       1,       3,       1,     10.0000,      1.3828,     42.3329,    243.9036,     61.3816,      3.4953,      0.1848,      0.1516,     21.9393,      0.2092,      5.4785,     10.9570,      1.8486,     27.8875,     55.7749,      0.0189,      0.0011,      0.2500,      0.2005,   7527.3535,-454618.5000,   -931.8264,    538.4019,  25091.1777,
       1,     166,     217,      14,       1,       3,       1,     10.0000,      1.3828,     42.3329,    243.9036,     61.3816,      3.4953,      0.1829,      0.1497,     38.7465,      0.2098,      5.4785,     10.9570,      1.8540,     27.8875,     55.7749,      0.0189,      0.0020,      0.2452,      0.2005,   7527.3535,-446893.4062,   -930.8773,    538.9219,  25091.1777,
       1,     166,     217,      15,       1,       3,       1,     10.0000,      1.3828,     42.3329,    243.9036,     61.3816,      3.4953,      0.0128,     -0.0203,      3.9929,      0.2037,      5.4785,     10.9570,      1.8001,     27.8875,     55.7749,      0.0189,      0.0032,      0.0156,      0.2005,   7527.3535,-467533.6562,   -935.2971,    537.5317,  25091.1777,
       1,     166,     217,      16,       1,       3,       1,     10.0000,      1.3828,     42.3329,    243.9036,     61.3816,      3.4953,      0.0066,     -0.0265,      5.2532,      0.2039,      5.4785,     10.9570,      1.8019,     27.8875,     55.7749,      0.0189,      0.0042,      0.0156,      0.2005,   7527.3535,-425245.7812,   -927.4827,    540.3749,  25091.1777,
       1,     166,     217,      17,       1,       3,       1,     10.0000,      1.3828,     42.3329,    243.9036,     61.3816,      3.4953,      0.0098,     -0.0232,      6.2844,      0.2017,      5.4785,     10.9570,      1.7824,     27.8875,     55.7749,      0.0189,      0.0050,      0.0156,      0.2005,   7527.3535,-423248.4062,   -927.2890,    540.5173,  25091.1777,
       1,     166,     217,      18,       1,       3,       1,     10.0000,      1.3828,     42.3329,    243.9036,     61.3816,      3.4953,      0.0224,     -0.0105,      3.9196,      0.1995,      5.4785,     10.9570,      1.7632,     27.8875,     55.7749,      0.0189,      0.0049,      0.0100,      0.2005,   7527.3535,-424374.3125,   -927.7058,    540.4413,  25091.1758,
       1,     166,     217,      19,       1,       3,       1,     10.0000,      1.3828,     42.3329,    243.9036,     61.3816,      3.4953,      0.0195,     -0.0131,      2.4163,      0.1875,      5.4785,     10.9570,      1.6567,     27.8875,     55.7749,      0.0189,      0.0048,      0.0063,      0.2005,   7527.3530,-421475.0625,   -927.3348,    540.6371,  25091.1797,
       1,     166,     217,      20,       1,       3,       1,     10.0000,      1.3828,     42.3329,    243.9036,     61.3816,      3.4953,      0.0067,     -0.0255,      5.0913,      0.1752,      5.4785,     10.9570,      1.5485,     27.8875,     55.7749,      0.0189,      0.0041,      0.0156,      0.2005,   7527.3540,-419322.0312,   -927.0734,    540.7827,  25091.1777,
       1,     166,     217,      21,       1,       3,       1,     10.0000,      1.3828,     42.3329,    243.9036,     61.3816,      3.4953,      0.0000,     -0.0319,      4.9976,      0.1682,      5.4785,     10.9570,      1.4865,     27.8875,     55.7749,      0.0189,      0.0040,      0.0156,      0.2005,   7527.3535,-422526.4375,   -927.8065,    540.5661,  25091.1777,
       1,     166,     217,      22,       1,       3,       1,     10.0000,      1.3828,     42.3329,    243.9036,     61.3816,      3.4953,      0.0000,     -0.0319,      5.0755,      0.1654,      5.4785,     10.9570,      1.4615,     27.8875,     55.7749,      0.0189,      0.0041,      0.0156,      0.2005,   7527.3535,-422682.2812,   -927.9476,    540.5556,  25091.1777,
       1,     166,     217,      23,       1,       3,       1,     10.0000,      1.3828,     42.3329,    243.9036,     61.3816,      3.4953,      0.0000,     -0.0318,      5.1333,      0.1641,      5.4785,     10.9570,      1.4499,     27.8875,     55.7749,      0.0189,      0.0041,      0.0156,      0.2005,   7527.3535,-422794.2812,   -928.0720,    540.5480,  25091.1777,
       1,     166,     217,      24,       1,       3,       1,     10.0000,      1.3828,     42.3329,    243.9036,     61.3816,      3.4953,      0.0000,     -0.0318,      4.4514,      0.1631,      5.4785,     10.9570,      1.4412,     27.8875,     55.7749,      0.0189,      0.0036,      0.0156,      0.2005,   7527.3535,-422877.0938,   -928.1859,    540.5424,  25091.1758,
       1,     166,     218,       1,       1,       3,       1,     10.0000,      1.3828,     42.3332,    243.9094,     61.3831,      3.4953,      0.0000,     -0.0318,      3.5548,      0.1626,      5.4797,     10.9594,      1.4369,     27.8736,     55.7473,      0.0189,      0.0028,      0.0156,      0.2005,   7527.3530,-422176.2188,   -928.4025,    540.6027,  25092.3047,
       1,     166,     218,       2,       1,       3,       1,     10.0000,      1.3828,     42.3332,    243.9094,     61.3831,      3.4953,      0.0000,     -0.0317,      2.8959,      0.1589,      5.4797,     10.9594,      1.4042,     27.8736,     55.7473,      0.0189,      0.0023,      0.0156,      0.2005,   7527.6919,-420826.8438,   -927.9298,    540.6940,  25092.3066,
       1,     166,     218,       3,       1,       3,       1,     10.0000,      1.3828,     42.3332,    243.9094,     61.3831,      3.4953,      0.0000,     -0.0316,      2.5473,      0.1575,      5.4797,     10.9594,      1.3916,     27.8736,     55.7473,      0.0189,      0.0020,      0.0156,      0.2005,   7527.6924,-419876.5312,   -927.7890,    540.7582,  25092.3047,
       1,     166,     218,       4,       1,       3,       1,     10.0000,      1.3828,     42.3332,    243.9094,     61.3831,      3.4953,      0.0000,     -0.0315,      2.3330,      0.1533,      5.4797,     10.9594,      1.3544,     27.8736,     55.7473,      0.0189,      0.0019,      0.0156,      0.2005,   7527.6919,-419353.6562,   -927.7246,    540.7935,  25092.3047,
       1,     166,     218,       5,       1,       3,       1,     10.0000,      1.3828,     42.3332,    243.9094,     61.3831,      3.4953,      0.0000,     -0.0313,      2.1517,      0.1474,      5.4797,     10.9594,      1.3024,     27.8736,     55.7473,      0.0189,      0.0017,      0.0156,      0.2005,   7527.6919,-419037.4688,   -927.6946,    540.8149,  25092.3047,
       1,     166,     218,       6,       1,       3,       1,     10.0000,      1.3828,     42.3332,    243.9094,     61.3831,      3.4953,      0.0000,     -0.0313,      2.1210,      0.1493,      5.4797,     10.9594,      1.3195,     27.8736,     55.7473,      0.0189,      0.0017,      0.0156,      0.2005,   7527.6919,-418780.8438,   -927.6715,    540.8323,  25092.3047,
       1,     166,     218,       7,       1,       3,       1,     10.0000,      1.3828,     42.3332,    243.9094,     61.3831,      3.4953,      0.0000,     -0.0312,      1.7969,      0.1459,      5.4797,     10.9594,      1.2893,     27.8736,     55.7473,      0.0189,      0.0014,      0.0156,      0.2005,   7527.6919,-418719.8750,   -927.6847,    540.8364,  25092.3027,
       1,     166,     218,       8,       1,       3,       1,     10.0000,      1.3828,     42.3332,    243.9094,     61.3831,      3.4953,      0.0103,     -0.0207,      1.8040,      0.1406,      5.4797,     10.9594,      1.2421,     27.8736,     55.7473,      0.0189,      0.0014,      0.0156,      0.2005,   7527.6909,-418304.3750,   -927.6248,    540.8644,  25092.3047,
       1,     166,     218,       9,       1,       3,       1,     10.0000,      1.3828,     42.3332,    243.9094,     61.3831,      3.4953,      0.1151,      0.0830,     17.7815,      0.1725,      5.4797,     10.9594,      1.5241,     27.8736,     55.7473,      0.0189,      0.0015,      0.1468,      0.2005,   7527.6919,-418277.7188,   -927.6382,    540.8663,  25092.3047,
       1,     166,     218,      10,       1,       3,       1,     10.0000,      1.3828,     42.3332,    243.9094,     61.3831,      3.4953,      0.1605,      0.1278,     21.8284,      0.1909,      5.4797,     10.9594,      1.6866,     27.8736,     55.7473,      0.0189,      0.0013,      0.2136,      0.2005,   7527.6919,-438512.9062,   -931.6229,    539.4982,  25092.3047,
       1,     166,     218,      11,       1,       3,       1,     10.0000,      1.3828,     42.3332,    243.9094,     61.3831,      3.4953,      0.1530,      0.1196,     21.6391,      0.2155,      5.4797,     10.9594,      1.9039,     27.8736,     55.7473,      0.0189,      0.0013,      0.2026,      0.2005,   7527.6919,-445377.5312,   -933.0786,    539.0370,  25092.3047,
       1,     166,     218,      12,       1,       3,       1,     10.0000,      1.3828,     42.3332,    243.9094,     61.3831,      3.4953,      0.1847,      0.1511,     22.4827,      0.2245,      5.4797,     10.9594,      1.9839,     27.8736,     55.7473,      0.0189,      0.0011,      0.2500,      0.2005,   7527.6919,-445723.0938,   -933.2774,    539.0139,  25092.3047,
       1,     166,     218,      13,       1,       3,       1,     10.0000,      1.3828,     42.3332,    243.9094,     61.3831,      3.4953,      0.1847,      0.1508,     22.5229,      0.2344,      5.4797,     10.9594,      2.0711,     27.8736,     55.7473,      0.0189,      0.0011,      0.2500,      0.2005,   7527.6919,-446821.3750,   -933.6174,    538.9399,  25092.3027,
       1,     166,     218,      14,       1,       3,       1,     10.0000,      1.3828,     42.3332,    243.9094,     61.3831,      3.4953,      0.1881,      0.1543,     65.7182,      0.2290,      5.4797,     10.9594,      2.0231,     27.8736,     55.7473,      0.0189,      0.0033,      0.2500,      0.2005,   7527.6909,-446966.4688,   -933.7347,    538.9302,  25092.3027,
       1,     166,     218,      15,       1,       3,       1,     10.0000,      1.3828,     42.3332,    243.9094,     61.3831,      3.4953,      0.1895,      0.1558,     91.1898,      0.2272,      5.4797,     10.9594,      2.0073,     27.8736,     55.7473,      0.0189,      0.0046,      0.2492,      0.2005,   7527.6909,-501713.8125,   -944.5558,    535.2420,  25092.3047,
       1,     166,     218,      16,       1,       3,       1,     10.0000,      1.3828,     42.3332,    243.9094,     61.3831,      3.4953,      0.1920,      0.1589,    114.0311,      0.2061,      5.4797,     10.9594,      1.8215,     27.8736,     55.7473,      0.0189,      0.0057,      0.2500,      0.2004,   7527.6919,-538732.1875,   -952.0960,    532.7779,  25092.3047,
       1,     166,     218,      17,       1,       3,       1,     10.0000,      1.3828,     42.3332,    243.9094,     61.3831,      3.4953,      0.1683,      0.1362,     94.4200,      0.1709,      5.4797,     10.9594,      1.5105,     27.8736,     55.7473,      0.0189,      0.0054,      0.2167,      0.2004,   7527.6919,-570876.3125,   -958.8201,    530.6428,  25092.3027,
       1,     166,     218,      18,       1,       3,       1,     10.0000,      1.3828,     42.3332,    243.9094,     61.3831,      3.4953,      0.1578,      0.1261,     94.3151,      0.1596,      5.4797,     10.9594,      1.4099,     27.8736,     55.7473,      0.0189,      0.0059,      0.2011,      0.2004,   7527.6909,-548724.6875,   -955.0148,    532.1165,  25092.3027,
       1,     166,     218,      19,       1,       3,       1,     10.0000,      1.3828,     42.3332,    243.9094,     61.3831,      3.4953,      0.1364,      0.1050,     59.8358,      0.1522,      5.4797,     10.9594,      1.3449,     27.8736,     55.7473,      0.0189,      0.0043,      0.1736,      0.2004,   7527.6909,-546704.8750,   -955.2702,    532.2528,  25092.3047,
       1,     166,     218,      20,       1,       3,       1,     10.0000,      1.3828,     42.3332,    243.9094,     61.3831,      3.4953,      0.0352,      0.0038,      9.5939,      0.1504,      5.4797,     10.9594,      1.3288,     27.8736,     55.7473,      0.0189,      0.0040,      0.0301,      0.2004,   7527.6919,-502771.1250,   -947.1972,    535.1758,  25092.3027,
       1,     166,     218,      21,       1,       3,       1,     10.0000,      1.3828,     42.3332,    243.9094,     61.3831,      3.4953,      0.0000,     -0.0314,      4.2350,      0.1505,      5.4797,     10.9594,      1.3302,     27.8736,     55.7473,      0.0189,      0.0034,      0.0156,      0.2004,   7527.6909,-435334.5312,   -934.2445,    539.6952,  25092.3008,
       1,     166,     218,      22,       1,       3,       1,     10.0000,      1.3828,     42.3332,    243.9094,     61.3831,      3.4953,      0.0000,     -0.0313,      2.7736,      0.1478,      5.4797,     10.9594,      1.3063,     27.8736,     55.7473,      0.0189,      0.0022,      0.0156,      0.2005,   7527.6904,-422838.0938,   -931.8503,    540.5574,  25092.3008,
       1,     166,     218,      23,       1,       3,       1,     10.0000,      1.3828,     42.3332,    243.9094,     61.3831,      3.4953,      0.0000,     -0.0312,      1.2582,      0.1469,      5.4797,     10.9594,      1.2984,     27.8736,     55.7473,      0.0189,      0.0010,      0.0156,      0.2005,   7527.6904,-419895.2500,   -931.2936,    540.7568,  25092.3047,
       1,     166,     218,      24,       1,       3,       1,     10.0000,      1.3828,     42.3332,    243.9094,     61.3831,      3.4953,      0.0000,     -0.0311,      1.2108,      0.1431,      5.4797,     10.9594,      1.2648,     27.8736,     55.7473,      0.0189,      0.0010,      0.0156,      0.2005,   7527.6919,-417722.6562,   -926.7200,    540.9037,  25092.3027,
       1,     166,     219,       1,       1,       3,       1,     10.0000,      1.3828,     42.3336,    243.9151,     61.3845,      3.4953,      0.0000,     -0.0310,      1.2723,      0.1393,      5.4778,     10.9556,      1.2309,     27.8809,     55.7619,      0.0189,      0.0010,      0.0156,      0.2006,   7527.6909,-417632.4375,   -925.2569,    540.9225,  25093.4316,
       1,     166,     219,       2,       1,       3,       1,     10.0000,      1.3828,     42.3336,    243.9151,     61.3845,      3.4953,      0.0000,     -0.0309,      1.4123,      0.1364,      5.4778,     10.9556,      1.2050,     27.8809,     55.7619,      0.0189,      0.0011,      0.0156,      0.2006,   7528.0298,-417549.3750,   -922.8783,    540.9282,  25093.4297,
       1,     166,     219,       3,       1,       3,       1,     10.0000,      1.3828,     42.3336,    243.9151,     61.3845,      3.4953,      0.0000,     -0.0303,      1.1818,      0.1222,      5.4778,     10.9556,      1.0798,     27.8809,     55.7619,      0.0189,      0.0009,      0.0156,      0.2006,   7528.0293,-417719.6875,   -910.5121,    540.9166,  25093.4336,
       1,     166,     219,       4,       1,       3,       1,     10.0000,      1.3828,     42.3336,    243.9151,     61.3845,      3.4953,      0.0000,     -0.0304,      1.1388,      0.1252,      5.4778,     10.9556,      1.1065,     27.8809,     55.7619,      0.0189,      0.0009,      0.0156,      0.2006,   7528.0303,-417442.1562,   -910.5950,    540.9354,  25093.4336,
       1,     166,     219,       5,       1,       3,       1,     10.0000,      1.3828,     42.3336,    243.9151,     61.3845,      3.4953,      0.0000,     -0.0307,      0.9084,      0.1318,      5.4778,     10.9556,      1.1642,     27.8809,     55.7619,      0.0189,      0.0007,      0.0156,      0.2006,   7528.0303,-417363.8750,   -910.3937,    540.9407,  25093.4336,
       1,     166,     219,       6,       1,       3,       1,     10.0000,      1.3828,     42.3336,    243.9151,     61.3845,      3.4953,      0.0000,     -0.0309,      0.7074,      0.1366,      5.4778,     10.9556,      1.2074,     27.8809,     55.7619,      0.0189,      0.0006,      0.0156,      0.2006,   7528.0303,-417065.3125,   -910.3920,    540.9609,  25093.4336,
       1,     166,     219,       7,       1,       3,       1,     10.0000,      1.3828,     42.3336,    243.9151,     61.3845,      3.4953,      0.0000,     -0.0308,      0.3785,      0.1361,      5.4778,     10.9556,      1.2026,     27.8809,     55.7619,      0.0189,      0.0003,      0.0156,      0.2006,   7528.0303,-416785.1875,   -910.3789,    540.9799,  25093.4316,
       1,     166,     219,       8,       1,       3,       1,     10.0000,      1.3828,     42.3336,    243.9151,     61.3845,      3.4953,      0.0046,     -0.0262,      0.3233,      0.1342,      5.4778,     10.9556,      1.1856,     27.8809,     55.7619,      0.0189,      0.0003,      0.0156,      0.2006,   7528.0298,-416344.6875,   -910.3094,    541.0095,  25093.4336,
       1,     166,     219,       9,       1,       3,       1,     10.0000,      1.3828,     42.3336,    243.9151,     61.3845,      3.4953,      0.0839,      0.0532,      2.1196,      0.1331,      5.4778,     10.9556,      1.1761,     27.8809,     55.7619,      0.0189,      0.0003,      0.1032,      0.2006,   7528.0303,-416237.2188,   -910.3066,    541.0169,  25093.4316,
       1,     166,     219,      10,       1,       3,       1,     10.0000,      1.3828,     42.3336,    243.9151,     61.3845,      3.4953,      0.1567,      0.1261,      4.2375,      0.1311,      5.4778,     10.9556,      1.1583,     27.8809,     55.7619,      0.0189,      0.0003,      0.2100,      0.2006,   7528.0298,-418502.8750,   -910.6817,    540.8636,  25093.4336,
       1,     166,     219,      11,       1,       3,       1,     10.0000,      1.3828,     42.3336,    243.9151,     61.3845,      3.4953,      0.1808,      0.1493,      5.8886,      0.1525,      5.4778,     10.9556,      1.3477,     27.8809,     55.7619,      0.0189,      0.0003,      0.2454,      0.2006,   7528.0303,-421379.1562,   -911.8229,    540.6692,  25093.4355,
       1,     166,     219,      12,       1,       3,       1,     10.0000,      1.3828,     42.3336,    243.9151,     61.3845,      3.4953,      0.1840,      0.1528,      5.7036,      0.1459,      5.4778,     10.9556,      1.2893,     27.8809,     55.7619,      0.0189,      0.0003,      0.2500,      0.2005,   7528.0308,-423716.3750,   -913.4624,    540.5112,  25093.4355,
       1,     166,     219,      13,       1,       3,       1,     10.0000,      1.3828,     42.3336,    243.9151,     61.3845,      3.4953,      0.1840,      0.1532,      5.2541,      0.1358,      5.4778,     10.9556,      1.2001,     27.8809,     55.7619,      0.0189,      0.0003,      0.2500,      0.2005,   7528.0308,-423682.1562,   -914.6005,    540.5137,  25093.4336,
       1,     166,     219,      14,       1,       3,       1,     10.0000,      1.3828,     42.3336,    243.9151,     61.3845,      3.4953,      0.1840,      0.1529,      5.5605,      0.1427,      5.4778,     10.9556,      1.2611,     27.8809,     55.7619,      0.0189,      0.0003,      0.2500,      0.2005,   7528.0303,-423110.2188,   -912.9850,    540.5522,  25093.4336,
       1,     166,     219,      15,       1,       3,       1,     10.0000,      1.3828,     42.3336,    243.9151,     61.3845,      3.4953,      0.1841,      0.1526,      7.6433,      0.1537,      5.4778,     10.9556,      1.3586,     27.8809,     55.7619,      0.0189,      0.0004,      0.2500,      0.2005,   7528.0303,-423449.4375,   -914.5877,    540.5294,  25093.4355,
       1,     166,     219,      16,       1,       3,       1,     10.0000,      1.3828,     42.3336,    243.9151,     61.3845,      3.4953,      0.1849,      0.1530,     18.7530,      0.1657,      5.4778,     10.9556,      1.4645,     27.8809,     55.7619,      0.0189,      0.0009,      0.2500,      0.2005,   7528.0308,-426116.0312,   -916.1157,    540.3491,  25093.4336,
       1,     166,     219,      17,       1,       3,       1,     10.0000,      1.3828,     42.3336,    243.9151,     61.3845,      3.4953,      0.1844,      0.1526,     12.6554,      0.1631,      5.4778,     10.9556,      1.4413,     27.8809,     55.7619,      0.0189,      0.0006,      0.2500,      0.2005,   7528.0303,-440416.5312,   -919.6795,    539.3833,  25093.4316,
       1,     166,     219,      18,       1,       3,       1,     10.0000,      1.3828,     42.3336,    243.9151,     61.3845,      3.4953,      0.0928,      0.0610,      2.9923,      0.1629,      5.4778,     10.9556,      1.4398,     27.8809,     55.7619,      0.0189,      0.0003,      0.1156,      0.2005,   7528.0298,-433917.7188,   -919.4471,    539.8223,  25093.4336,
       1,     166,     219,      19,       1,       3,       1,     10.0000,      1.3828,     42.3336,    243.9151,     61.3845,      3.4953,      0.0328,      0.0013,      1.9642,      0.1521,      5.4778,     10.9556,      1.3436,     27.8809,     55.7619,      0.0189,      0.0009,      0.0273,      0.2005,   7528.0303,-421120.4062,   -917.3438,    540.6860,  25093.4336,
       1,     166,     219,      20,       1,       3,       1,     10.0000,      1.3828,     42.3336,    243.9151,     61.3845,      3.4953,      0.0062,     -0.0246,      1.5008,      0.1343,      5.4778,     10.9556,      1.1868,     27.8809,     55.7619,      0.0189,      0.0012,      0.0156,      0.2005,   7528.0303,-418724.9688,   -917.0370,    540.8486,  25093.4336,
       1,     166,     219,      21,       1,       3,       1,     10.0000,      1.3828,     42.3336,    243.9151,     61.3845,      3.4953,      0.0000,     -0.0305,      2.1324,      0.1266,      5.4778,     10.9556,      1.1190,     27.8809,     55.7619,      0.0189,      0.0017,      0.0156,      0.2006,   7528.0303,-417932.2812,   -916.9978,    540.9023,  25093.4336,
       1,     166,     219,      22,       1,       3,       1,     10.0000,      1.3828,     42.3336,    243.9151,     61.3845,      3.4953,      0.0000,     -0.0303,      1.8861,      0.1213,      5.4778,     10.9556,      1.0721,     27.8809,     55.7619,      0.0189,      0.0015,      0.0156,      0.2006,   7528.0303,-418664.0625,   -917.2456,    540.8528,  25093.4336,
       1,     166,     219,      23,       1,       3,       1,     10.0000,      1.3828,     42.3336,    243.9151,     61.3845,      3.4953,      0.0000,     -0.0303,      1.7350,      0.1223,      5.4778,     10.9556,      1.0809,     27.8809,     55.7619,      0.0189,      0.0014,      0.0156,      0.2006,   7528.0303,-418414.9062,   -917.3045,    540.8696,  25093.4336,
       1,     166,     219,      24,       1,       3,       1,     10.0000,      1.3828,     42.3336,    243.9151,     61.3845,      3.4953,      0.0000,     -0.0302,      1.7479,      0.1196,      5.4778,     10.9556,      1.0569,     27.8809,     55.7619,      0.0189,      0.0014,      0.0156,      0.2006,   7528.0303,-418202.1562,   -917.3636,    540.8840,  25093.4336,
       1,     166,     220,       1,       1,       3,       1,     10.0000,      1.3828,     42.3339,    243.9209,     61.3860,      3.4953,      0.0000,     -0.0302,      1.4039,      0.1205,      5.4787,     10.9573,      1.0645,     27.8839,     55.7677,      0.0189,      0.0011,      0.0156,      0.2006,   7528.0303,-418356.2500,   -917.7216,    540.8864,  25094.5586,
       1,     166,     220,       2,       1,       3,       1,     10.0000,      1.3828,     42.3339,    243.9209,     61.3860,      3.4953,      0.0000,     -0.0303,      0.5754,      0.1221,      5.4787,     10.9573,      1.0787,     27.8839,     55.7677,      0.0189,      0.0005,      0.0156,      0.2006,   7528.3677,-417780.7812,   -917.3936,    540.9253,  25094.5625,
       1,     166,     220,       3,       1,       3,       1,     10.0000,      1.3828,     42.3339,    243.9209,     61.3860,      3.4953,      0.0000,     -0.0304,      0.4854,      0.1243,      5.4787,     10.9573,      1.0987,     27.8839,     55.7677,      0.0189,      0.0004,      0.0156,      0.2006,   7528.3691,-416681.8750,   -917.2075,    540.9996,  25094.5605,
       1,     166,     220,       4,       1,       3,       1,     10.0000,      1.3828,     42.3339,    243.9209,     61.3860,      3.4953,      0.0000,     -0.0304,      0.5418,      0.1255,      5.4787,     10.9573,      1.1088,     27.8839,     55.7677,      0.0189,      0.0004,      0.0156,      0.2006,   7528.3687,-416474.0312,   -917.1848,    541.0137,  25094.5586,
       1,     166,     220,       5,       1,       3,       1,     10.0000,      1.3828,     42.3339,    243.9209,     61.3860,      3.4953,      0.0000,     -0.0304,      0.5171,      0.1252,      5.4787,     10.9573,      1.1066,     27.8839,     55.7677,      0.0189,      0.0004,      0.0156,      0.2006,   7528.3677,-416528.0000,   -917.2174,    541.0101,  25094.5605,
       1,     166,     220,       6,       1,       3,       1,     10.0000,      1.3828,     42.3339,    243.9209,     61.3860,      3.4953,      0.0000,     -0.0304,      0.4395,      0.1247,      5.4787,     10.9573,      1.1021,     27.8839,     55.7677,      0.0189,      0.0004,      0.0156,      0.2006,   7528.3687,-416500.9062,   -917.2274,    541.0118,  25094.5605,
       1,     166,     220,       7,       1,       3,       1,     10.0000,      1.3828,     42.3339,    243.9209,     61.3860,      3.4953,      0.0000,     -0.0304,      0.3940,      0.1238,      5.4787,     10.9573,      1.0942,     27.8839,     55.7677,      0.0189,      0.0003,      0.0156,      0.2006,   7528.3687,-416400.2812,   -917.2210,    541.0186,  25094.5625,
       1,     166,     220,       8,       1,       3,       1,     10.0000,      1.3828,     42.3339,    243.9209,     61.3860,      3.4953,      0.0038,     -0.0266,      0.2933,      0.1232,      5.4787,     10.9573,      1.0887,     27.8839,     55.7677,      0.0189,      0.0002,      0.0156,      0.2006,   7528.3691,-416334.0000,   -917.2180,    541.0232,  25094.5625,
       1,     166,     220,       9,       1,       3,       1,     10.0000,      1.3828,     42.3339,    243.9209,     61.3860,      3.4953,      0.0743,      0.0438,      1.7376,      0.1269,      5.4787,     10.9573,      1.1213,     27.8839,     55.7677,      0.0189,      0.0002,      0.0894,      0.2006,   7528.3691,-416200.6250,   -917.2037,    541.0322,  25094.5625,
       1,     166,     220,      10,       1,       3,       1,     10.0000,      1.3828,     42.3339,    243.9209,     61.3860,      3.4953,      0.1645,      0.1327,      5.7042,      0.1623,      5.4787,     10.9573,      1.4341,     27.8839,     55.7677,      0.0189,      0.0003,      0.2213,      0.2006,   7528.3691,-418018.1562,   -917.6765,    540.9092,  25094.5605,
       1,     166,     220,      11,       1,       3,       1,     10.0000,      1.3828,     42.3339,    243.9209,     61.3860,      3.4953,      0.1827,      0.1501,      7.6313,      0.1892,      5.4787,     10.9573,      1.6717,     27.8839,     55.7677,      0.0189,      0.0004,      0.2483,      0.2006,   7528.3687,-423197.0938,   -919.2477,    540.5591,  25094.5605,
       1,     166,     220,      12,       1,       3,       1,     10.0000,      1.3828,     42.3339,    243.9209,     61.3860,      3.4953,      0.1798,      0.1469,      7.9855,      0.1998,      5.4787,     10.9573,      1.7651,     27.8839,     55.7677,      0.0189,      0.0004,      0.2441,      0.2006,   7528.3687,-426081.3125,   -920.6422,    540.3643,  25094.5605,
       1,     166,     220,      13,       1,       3,       1,     10.0000,      1.3828,     42.3339,    243.9209,     61.3860,      3.4953,      0.1838,      0.1507,      8.4036,      0.2045,      5.4787,     10.9573,      1.8073,     27.8839,     55.7677,      0.0189,      0.0004,      0.2500,      0.2006,   7528.3687,-426776.7500,   -921.4715,    540.3174,  25094.5586,
       1,     166,     220,      14,       1,       3,       1,     10.0000,      1.3828,     42.3339,    243.9209,     61.3860,      3.4953,      0.1729,      0.1395,      8.2885,      0.2142,      5.4787,     10.9573,      1.8928,     27.8839,     55.7677,      0.0189,      0.0004,      0.2338,      0.2006,   7528.3677,-427366.0625,   -922.2566,    540.2776,  25094.5625,
       1,     166,     220,      15,       1,       3,       1,     10.0000,      1.3828,     42.3339,    243.9209,     61.3860,      3.4953,      0.1456,      0.1120,     41.0746,      0.2239,      5.4787,     10.9573,      1.9782,     27.8839,     55.7677,      0.0189,      0.0027,      0.1893,      0.2006,   7528.3691,-427270.1250,   -922.7053,    540.2840,  25094.5586,
       1,     166,     220,      16,       1,       3,       1,     10.0000,      1.3828,     42.3339,    243.9209,     61.3860,      3.4953,      0.1222,      0.0886,     56.7084,      0.2254,      5.4787,     10.9573,      1.9918,     27.8839,     55.7677,      0.0189,      0.0047,      0.1524,      0.2006,   7528.3677,-468785.9062,   -930.9368,    537.4803,  25094.5625,
       1,     166,     220,      17,       1,       3,       1,     10.0000,      1.3828,     42.3339,    243.9209,     61.3860,      3.4953,      0.1468,      0.1140,     79.3813,      0.1966,      5.4787,     10.9573,      1.7374,     27.8839,     55.7677,      0.0189,      0.0053,      0.1866,      0.2005,   7528.3691,-492168.8438,   -935.8802,    535.9165,  25094.5586,
       1,     166,     220,      18,       1,       3,       1,     10.0000,      1.3828,     42.3339,    243.9209,     61.3860,      3.4953,      0.1344,      0.1017,     78.2552,      0.1905,      5.4787,     10.9573,      1.6833,     27.8839,     55.7677,      0.0189,      0.0058,      0.1683,      0.2005,   7528.3677,-522905.9375,   -942.3702,    533.8597,  25094.5605,
       1,     166,     220,      19,       1,       3,       1,     10.0000,      1.3828,     42.3339,    243.9209,     61.3860,      3.4953,      0.0936,      0.0613,     53.6411,      0.1779,      5.4787,     10.9573,      1.5719,     27.8839,     55.7677,      0.0189,      0.0061,      0.1107,      0.2005,   7528.3687,-524108.3438,   -943.3241,    533.7835,  25094.5625,
       1,     166,     220,      20,       1,       3,       1,     10.0000,      1.3828,     42.3339,    243.9209,     61.3860,      3.4953,      0.0195,     -0.0125,      3.6109,      0.1698,      5.4787,     10.9573,      1.5001,     27.8839,     55.7677,      0.0189,      0.0066,      0.0068,      0.2005,   7528.3691,-492985.9688,   -938.0255,    535.8600,  25094.5625,
       1,     166,     220,      21,       1,       3,       1,     10.0000,      1.3828,     42.3339,    243.9209,     61.3860,      3.4953,      0.0000,     -0.0317,      7.4245,      0.1600,      5.4787,     10.9573,      1.4142,     27.8839,     55.7677,      0.0189,      0.0059,      0.0156,      0.2005,   7528.3691,-426920.7188,   -925.8138,    540.2893,  25094.5625,
       1,     166,     220,      22,       1,       3,       1,     10.0000,      1.3828,     42.3339,    243.9209,     61.3860,      3.4953,      0.0000,     -0.0317,      4.7033,      0.1589,      5.4787,     10.9573,      1.4043,     27.8839,     55.7677,      0.0189,      0.0038,      0.0156,      0.2006,   7528.3691,-426161.1875,   -925.8162,    540.3590,  25094.5586,
       1,     166,     220,      23,       1,       3,       1,     10.0000,      1.3828,     42.3339,    243.9209,     61.3860,      3.4953,      0.0000,     -0.0317,      4.9405,      0.1599,      5.4787,     10.9573,      1.4128,     27.8839,     55.7677,      0.0189,      0.0040,      0.0156,      0.2006,   7528.3677,-422627.0625,   -925.2309,    540.5977,  25094.5586,
       1,     166,     220,      24,       1,       3,       1,     10.0000,      1.3828,     42.3339,    243.9209,     61.3860,      3.4953,      0.0000,     -0.0315,      4.7099,      0.1550,      5.4787,     10.9573,      1.3695,     27.8839,     55.7677,      0.0189,      0.0038,      0.0156,      0.2006,   7528.3677,-422624.9688,   -925.3068,    540.5978,  25094.5605,
       1,     166,     221,       1,       1,       3,       1,     10.0000,      1.3829,     42.3342,    243.9267,     61.3874,      3.4953,      0.0000,     -0.0312,      3.9180,      0.1467,      5.4786,     10.9573,      1.2959,     27.8852,     55.7703,      0.0189,      0.0031,      0.0156,      0.2006,   7528.3687,-422487.7812,   -925.6213,    540.6199,  25095.6855,
       1,     166,     221,       2,       1,       3,       1,     10.0000,      1.3829,     42.3342,    243.9267,     61.3874,      3.4953,      0.0000,     -0.0311,      2.8420,      0.1424,      5.4786,     10.9573,      1.2586,     27.8852,     55.7703,      0.0189,      0.0023,      0.0156,      0.2006,   7528.7061,-421320.4688,   -925.1854,    540.6987,  25095.6855,
       1,     166,     221,       3,       1,       3,       1,     10.0000,      1.3829,     42.3342,    243.9267,     61.3874,      3.4953,      0.0000,     -0.0309,      2.4551,      0.1380,      5.4786,     10.9573,      1.2198,     27.8852,     55.7703,      0.0189,      0.0020,      0.0156,      0.2006,   7528.7061,-419858.2812,   -924.9376,    540.7976,  25095.6855,
       1,     166,     221,       4,       1,       3,       1,     10.0000,      1.3829,     42.3342,    243.9267,     61.3874,      3.4953,      0.0000,     -0.0309,      2.1290,      0.1376,      5.4786,     10.9573,      1.2161,     27.8852,     55.7703,      0.0189,      0.0017,      0.0156,      0.2006,   7528.7061,-419243.0625,   -924.8394,    540.8392,  25095.6875,
       1,     166,     221,       5,       1,       3,       1,     10.0000,      1.3829,     42.3342,    243.9267,     61.3874,      3.4953,      0.0000,     -0.0309,      1.6290,      0.1369,      5.4786,     10.9573,      1.2099,     27.8852,     55.7703,      0.0189,      0.0013,      0.0156,      0.2006,   7528.7065,-418777.2500,   -924.7725,    540.8707,  25095.6855,
       1,     166,     221,       6,       1,       3,       1,     10.0000,      1.3829,     42.3342,    243.9267,     61.3874,      3.4953,      0.0000,     -0.0308,      1.0341,      0.1353,      5.4786,     10.9573,      1.1953,     27.8852,     55.7703,      0.0189,      0.0008,      0.0156,      0.2006,   7528.7061,-418104.6875,   -924.6602,    540.9162,  25095.6855,
       1,     166,     221,       7,       1,       3,       1,     10.0000,      1.3829,     42.3342,    243.9267,     61.3874,      3.4953,      0.0000,     -0.0307,      0.8802,      0.1334,      5.4786,     10.9573,      1.1785,     27.8852,     55.7703,      0.0189,      0.0007,      0.0156,      0.2006,   7528.7061,-417293.7500,   -924.5160,    540.9710,  25095.6855,
       1,     166,     221,       8,       1,       3,       1,     10.0000,      1.3829,     42.3342,    243.9267,     61.3874,      3.4953,      0.0052,     -0.0255,      0.4565,      0.1319,      5.4786,     10.9573,      1.1654,     27.8852,     55.7703,      0.0189,      0.0004,      0.0156,      0.2006,   7528.7061,-417029.3750,   -924.4739,    540.9889,  25095.6855,
       1,     166,     221,       9,       1,       3,       1,     10.0000,      1.3829,     42.3342,    243.9267,     61.3874,      3.4953,      0.0396,      0.0086,      0.8856,      0.1378,      5.4786,     10.9573,      1.2173,     27.8852,     55.7703,      0.0189,      0.0003,      0.0380,      0.2006,   7528.7061,-416470.3125,   -924.3724,    541.0267,  25095.6855,
       1,     166,     221,      10,       1,       3,       1,     10.0000,      1.3829,     42.3342,    243.9267,     61.3874,      3.4953,      0.0386,      0.0073,      0.8311,      0.1465,      5.4786,     10.9573,      1.2946,     27.8852,     55.7703,      0.0189,      0.0003,      0.0363,      0.2006,   7528.7061,-416965.8125,   -924.4766,    540.9932,  25095.6855,
       1,     166,     221,      11,       1,       3,       1,     10.0000,      1.3829,     42.3342,    243.9267,     61.3874,      3.4953,      0.0860,      0.0541,      2.7634,      0.1646,      5.4786,     10.9573,      1.4544,     27.8852,     55.7703,      0.0189,      0.0003,      0.1055,      0.2006,   7528.7061,-416939.2188,   -924.4811,    540.9950,  25095.6855,
       1,     166,     221,      12,       1,       3,       1,     10.0000,      1.3829,     42.3342,    243.9267,     61.3874,      3.4953,      0.1517,      0.1194,      5.7973,      0.1779,      5.4786,     10.9573,      1.5720,     27.8852,     55.7703,      0.0189,      0.0004,      0.2025,      0.2006,   7528.7061,-419383.5938,   -924.9708,    540.8297,  25095.6836,
       1,     166,     221,      13,       1,       3,       1,     10.0000,      1.3829,     42.3342,    243.9267,     61.3874,      3.4953,      0.1538,      0.1212,      6.5546,      0.1862,      5.4786,     10.9573,      1.6454,     27.8852,     55.7703,      0.0189,      0.0004,      0.2054,      0.2006,   7528.7056,-423434.5625,   -925.7947,    540.5558,  25095.6855,
       1,     166,     221,      14,       1,       3,       1,     10.0000,      1.3829,     42.3342,    243.9267,     61.3874,      3.4953,      0.1500,      0.1183,      5.0899,      0.1605,      5.4786,     10.9573,      1.4185,     27.8852,     55.7703,      0.0189,      0.0003,      0.2000,      0.2006,   7528.7061,-424740.2500,   -926.1001,    540.4677,  25095.6875,
       1,     166,     221,      15,       1,       3,       1,     10.0000,      1.3829,     42.3342,    243.9267,     61.3874,      3.4953,      0.1354,      0.1031,      9.4621,      0.1790,      5.4786,     10.9573,      1.5814,     27.8852,     55.7703,      0.0189,      0.0007,      0.1778,      0.2006,   7528.7065,-422996.9375,   -912.0131,    540.5854,  25095.6855,
       1,     166,     221,      16,       1,       3,       1,     10.0000,      1.3829,     42.3342,    243.9267,     61.3874,      3.4953,      0.1331,      0.1005,     25.9189,      0.1877,      5.4786,     10.9573,      1.6585,     27.8852,     55.7703,      0.0189,      0.0019,      0.1725,      0.2006,   7528.7061,-428384.5625,   -913.4785,    540.2214,  25095.6855,
       1,     166,     221,      17,       1,       3,       1,     10.0000,      1.3829,     42.3342,    243.9267,     61.3874,      3.4953,      0.1009,      0.0687,     26.3118,      0.1746,      5.4786,     10.9573,      1.5425,     27.8852,     55.7703,      0.0189,      0.0026,      0.1246,      0.2006,   7528.7061,-449686.1562,   -918.1140,    538.7831,  25095.6855,
       1,     166,     221,      18,       1,       3,       1,     10.0000,      1.3829,     42.3342,    243.9267,     61.3874,      3.4953,      0.0723,      0.0405,     20.1390,      0.1613,      5.4786,     10.9573,      1.4256,     27.8852,     55.7703,      0.0189,      0.0030,      0.0833,      0.2006,   7528.7061,-452011.1562,   -919.2982,    538.6284,  25095.6855,
       1,     166,     221,      19,       1,       3,       1,     10.0000,      1.3829,     42.3342,    243.9267,     61.3874,      3.4953,      0.0537,      0.0220,      6.0835,      0.1604,      5.4786,     10.9573,      1.4170,     27.8852,     55.7703,      0.0189,      0.0013,      0.0575,      0.2006,   7528.7061,-444387.6875,   -918.6242,    539.1417,  25095.6836,
       1,     166,     221,      20,       1,       3,       1,     10.0000,      1.3829,     42.3342,    243.9267,     61.3874,      3.4953,      0.0098,     -0.0217,      2.7888,      0.1541,      5.4786,     10.9573,      1.3613,     27.8852,     55.7703,      0.0189,      0.0022,      0.0156,      0.2006,   7528.7056,-425933.6875,   -915.6094,    540.3856,  25095.6836,
       1,     166,     221,      21,       1,       3,       1,     10.0000,      1.3829,     42.3342,    243.9267,     61.3874,      3.4953,      0.0000,     -0.0313,      3.6369,      0.1495,      5.4786,     10.9573,      1.3209,     27.8852,     55.7703,      0.0189,      0.0029,      0.0156,      0.2006,   7528.7056,-420187.3750,   -914.8849,    540.7752,  25095.6855,
       1,     166,     221,      22,       1,       3,       1,     10.0000,      1.3829,     42.3342,    243.9267,     61.3874,      3.4953,      0.0000,     -0.0310,      3.3738,      0.1396,      5.4786,     10.9573,      1.2334,     27.8852,     55.7703,      0.0189,      0.0027,      0.0156,      0.2006,   7528.7061,-420767.9375,   -915.3776,    540.7361,  25095.6855,
       1,     166,     221,      23,       1,       3,       1,     10.0000,      1.3829,     42.3342,    243.9267,     61.3874,      3.4953,      0.0000,     -0.0309,      1.9651,      0.1365,      5.4786,     10.9573,      1.2063,     27.8852,     55.7703,      0.0189,      0.0016,      0.0156,      0.2006,   7528.7061,-420484.3125,   -913.0050,    540.7553,  25095.6875,
       1,     166,     221,      24,       1,       3,       1,     10.0000,      1.3829,     42.3342,    243.9267,     61.3874,      3.4953,      0.0000,     -0.0309,      2.1058,      0.1380,      5.4786,     10.9573,      1.2198,     27.8852,     55.7703,      0.0189,      0.0017,      0.0156,      0.2006,   7528.7065,-418675.9688,   -912.8751,    540.8775,  25095.6855,
       1,     166,     222,       1,       1,       3,       1,     10.0000,      1.3829,     42.3346,    243.9324,     61.3889,      3.4953,      0.0000,     -0.0310,      2.3357,      0.1409,      5.4801,     10.9601,      1.2447,     27.8746,     55.7492,      0.0189,      0.0019,      0.0156,      0.2006,   7528.7061,-418854.8750,   -913.4158,    540.8783,  25096.8066,
       1,     166,     222,       2,       1,       3,       1,     10.0000,      1.3829,     42.3346,    243.9324,     61.3889,      3.4953,      0.0000,     -0.0310,      2.3260,      0.1393,      5.4801,     10.9601,      1.2309,     27.8746,     55.7492,      0.0189,      0.0019,      0.0156,      0.2006,   7529.0425,-419008.8750,   -913.4750,    540.8679,  25096.8086,
       1,     166,     222,       3,       1,       3,       1,     10.0000,      1.3829,     42.3346,    243.9324,     61.3889,      3.4953,      0.0000,     -0.0309,      1.2311,      0.1365,      5.4801,     10.9601,      1.2063,     27.8746,     55.7492,      0.0189,      0.0010,      0.0156,      0.2006,   7529.0430,-419009.4062,   -913.7101,    540.8679,  25096.8086,
       1,     166,     222,       4,       1,       3,       1,     10.0000,      1.3829,     42.3346,    243.9324,     61.3889,      3.4953,      0.0000,     -0.0308,      0.7882,      0.1347,      5.4801,     10.9601,      1.1905,     27.8746,     55.7492,      0.0189,      0.0006,      0.0156,      0.2006,   7529.0430,-417623.2812,   -913.5331,    540.9615,  25096.8086,
       1,     166,     222,       5,       1,       3,       1,     10.0000,      1.3829,     42.3346,    243.9324,     61.3889,      3.4953,      0.0000,     -0.0310,      0.9298,      0.1390,      5.4801,     10.9601,      1.2285,     27.8746,     55.7492,      0.0189,      0.0007,      0.0156,      0.2006,   7529.0430,-416943.8438,   -913.4457,    541.0075,  25096.8086,
       1,     166,     222,       6,       1,       3,       1,     10.0000,      1.3829,     42.3346,    243.9324,     61.3889,      3.4953,      0.0000,     -0.0309,      0.9220,      0.1371,      5.4801,     10.9601,      1.2112,     27.8746,     55.7492,      0.0189,      0.0007,      0.0156,      0.2006,   7529.0430,-417064.9375,   -913.5358,    540.9993,  25096.8086,
       1,     166,     222,       7,       1,       3,       1,     10.0000,      1.3829,     42.3346,    243.9324,     61.3889,      3.4953,      0.0000,     -0.0308,      0.7218,      0.1354,      5.4801,     10.9601,      1.1966,     27.8746,     55.7492,      0.0189,      0.0006,      0.0156,      0.2006,   7529.0430,-417065.5000,   -913.6039,    540.9993,  25096.8105,
       1,     166,     222,       8,       1,       3,       1,     10.0000,      1.3829,     42.3346,    243.9324,     61.3889,      3.4953,      0.0079,     -0.0230,      0.7262,      0.1358,      5.4801,     10.9601,      1.2002,     27.8746,     55.7492,      0.0189,      0.0006,      0.0156,      0.2006,   7529.0435,-416811.9375,   -913.6071,    541.0164,  25096.8086,
       1,     166,     222,       9,       1,       3,       1,     10.0000,      1.3829,     42.3346,    243.9324,     61.3889,      3.4953,      0.0629,      0.0317,      3.0202,      0.1449,      5.4801,     10.9601,      1.2804,     27.8746,     55.7492,      0.0189,      0.0005,      0.0719,      0.2006,   7529.0430,-416795.9062,   -913.6715,    541.0175,  25096.8105,
       1,     166,     222,      10,       1,       3,       1,     10.0000,      1.3829,     42.3346,    243.9324,     61.3889,      3.4953,      0.1381,      0.1061,      9.4290,      0.1696,      5.4801,     10.9601,      1.4986,     27.8746,     55.7492,      0.0189,      0.0006,      0.1819,      0.2006,   7529.0435,-419698.5312,   -914.3871,    540.8212,  25096.8086,
       1,     166,     222,      11,       1,       3,       1,     10.0000,      1.3829,     42.3346,    243.9324,     61.3889,      3.4953,      0.1796,      0.1477,      9.1870,      0.1667,      5.4801,     10.9601,      1.4734,     27.8746,     55.7492,      0.0189,      0.0005,      0.2434,      0.2006,   7529.0430,-428061.2812,   -916.5043,    540.2559,  25096.8066,
       1,     166,     222,      12,       1,       3,       1,     10.0000,      1.3829,     42.3346,    243.9324,     61.3889,      3.4953,      0.1789,      0.1464,     11.4078,      0.1855,      5.4801,     10.9601,      1.6389,     27.8746,     55.7492,      0.0189,      0.0006,      0.2422,      0.2006,   7529.0425,-428471.8125,   -917.4678,    540.2285,  25096.8086,
       1,     166,     222,      13,       1,       3,       1,     10.0000,      1.3829,     42.3346,    243.9324,     61.3889,      3.4953,      0.1840,      0.1511,     10.6875,      0.1990,      5.4801,     10.9601,      1.7582,     27.8746,     55.7492,      0.0189,      0.0005,      0.2500,      0.2006,   7529.0430,-431318.1875,   -919.0947,    540.0363,  25096.8105,
       1,     166,     222,      14,       1,       3,       1,     10.0000,      1.3829,     42.3346,    243.9324,     61.3889,      3.4953,      0.1845,      0.1531,     12.5129,      0.1510,      5.4801,     10.9601,      1.3343,     27.8746,     55.7492,      0.0189,      0.0006,      0.2500,      0.2006,   7529.0435,-430649.4375,   -920.3629,    540.0814,  25096.8086,
       1,     166,     222,      15,       1,       3,       1,     10.0000,      1.3829,     42.3346,    243.9324,     61.3889,      3.4953,      0.1861,      0.1560,     28.5006,      0.1167,      5.4801,     10.9601,      1.0314,     27.8746,     55.7492,      0.0189,      0.0014,      0.2500,      0.2006,   7529.0430,-432903.8750,   -914.2700,    539.9293,  25096.8086,
       1,     166,     222,      16,       1,       3,       1,     10.0000,      1.3829,     42.3346,    243.9324,     61.3889,      3.4953,      0.1860,      0.1559,     27.4566,      0.1161,      5.4801,     10.9601,      1.0261,     27.8746,     55.7492,      0.0189,      0.0014,      0.2500,      0.2006,   7529.0430,-453341.8125,   -918.1835,    538.5499,  25096.8066,
       1,     166,     222,      17,       1,       3,       1,     10.0000,      1.3829,     42.3346,    243.9324,     61.3889,      3.4953,      0.0438,      0.0131,      8.3136,      0.1312,      5.4801,     10.9601,      1.1596,     27.8746,     55.7492,      0.0189,      0.0024,      0.0436,      0.2006,   7529.0425,-453772.2500,   -918.1266,    538.5226,  25096.8086,
       1,     166,     222,      18,       1,       3,       1,     10.0000,      1.3829,     42.3346,    243.9324,     61.3889,      3.4953,      0.0511,      0.0199,     14.2208,      0.1481,      5.4801,     10.9601,      1.3090,     27.8746,     55.7492,      0.0189,      0.0033,      0.0532,      0.2006,   7529.0430,-429558.4688,   -914.2789,    540.1526,  25096.8086,
       1,     166,     222,      19,       1,       3,       1,     10.0000,      1.3829,     42.3346,    243.9324,     61.3889,      3.4953,      0.0835,      0.0522,      8.8713,      0.1493,      5.4801,     10.9601,      1.3196,     27.8746,     55.7492,      0.0189,      0.0011,      0.1015,      0.2006,   7529.0430,-434976.0312,   -915.8884,    539.7892,  25096.8105,
       1,     166,     222,      20,       1,       3,       1,     10.0000,      1.3829,     42.3346,    243.9324,     61.3889,      3.4953,      0.0172,     -0.0139,      0.1128,      0.1445,      5.4801,     10.9601,      1.2765,     27.8746,     55.7492,      0.0189,      0.0003,      0.0050,      0.2006,   7529.0435,-428662.4062,   -915.2114,    540.2155,  25096.8066,
       1,     166,     222,      21,       1,       3,       1,     10.0000,      1.3829,     42.3346,    243.9324,     61.3889,      3.4953,      0.0000,     -0.0309,      0.3340,      0.1380,      5.4801,     10.9601,      1.2198,     27.8746,     55.7492,      0.0189,      0.0003,      0.0156,      0.2006,   7529.0425,-417033.0312,   -913.1920,    541.0009,  25096.8086,
       1,     166,     222,      22,       1,       3,       1,     10.0000,      1.3829,     42.3346,    243.9324,     61.3889,      3.4953,      0.0000,     -0.0308,      0.3252,      0.1349,      5.4801,     10.9601,      1.1917,     27.8746,     55.7492,      0.0189,      0.0003,      0.0156,      0.2006,   7529.0430,-416319.0312,   -913.0645,    541.0498,  25096.8086,
       1,     166,     222,      23,       1,       3,       1,     10.0000,      1.3829,     42.3346,    243.9324,     61.3889,      3.4953,      0.0000,     -0.0308,      0.4748,      0.1358,      5.4801,     10.9601,      1.2002,     27.8746,     55.7492,      0.0189,      0.0004,      0.0156,      0.2006,   7529.0430,-416246.0000,   -913.0530,    541.0546,  25096.8086,
       1,     166,     222,      24,       1,       3,       1,     10.0000,      1.3829,     42.3346,    243.9324,     61.3889,      3.4953,      0.0000,     -0.0310,      0.5280,      0.1389,      5.4801,     10.9601,      1.2272,     27.8746,     55.7492,      0.0189,      0.0004,      0.0156,      0.2006,   7529.0430,-416429.2188,   -913.0992,    541.0423,  25096.8066,
       1,     166,     223,       1,       1,       3,       1,     10.0000,      1.3829,     42.3349,    243.9382,     61.3903,      3.4953,      0.0000,     -0.0308,      0.6521,      0.1360,      5.4791,     10.9581,      1.2015,     27.8732,     55.7464,      0.0189,      0.0005,      0.0156,      0.2007,   7529.0425,-416668.3750,   -913.4192,    541.0391,  25097.9316,
       1,     166,     223,       2,       1,       3,       1,     10.0000,      1.3829,     42.3349,    243.9382,     61.3903,      3.4953,      0.0000,     -0.0308,      0.7201,      0.1345,      5.4791,     10.9581,      1.1881,     27.8732,     55.7464,      0.0189,      0.0006,      0.0156,      0.2007,   7529.3799,-416692.8750,   -913.2079,    541.0374,  25097.9355,
       1,     166,     223,       3,       1,       3,       1,     10.0000,      1.3829,     42.3349,    243.9382,     61.3903,      3.4953,      0.0000,     -0.0309,      0.6893,      0.1365,      5.4791,     10.9581,      1.2063,     27.8732,     55.7464,      0.0189,      0.0006,      0.0156,      0.2007,   7529.3809,-416780.6250,   -913.2535,    541.0315,  25097.9316,
       1,     166,     223,       4,       1,       3,       1,     10.0000,      1.3829,     42.3349,    243.9382,     61.3903,      3.4953,      0.0000,     -0.0308,      0.4997,      0.1358,      5.4791,     10.9581,      1.2002,     27.8732,     55.7464,      0.0189,      0.0004,      0.0156,      0.2007,   7529.3799,-416749.5625,   -913.2930,    541.0336,  25097.9336,
       1,     166,     223,       5,       1,       3,       1,     10.0000,      1.3829,     42.3349,    243.9382,     61.3903,      3.4953,      0.0000,     -0.0308,      0.4159,      0.1361,      5.4791,     10.9581,      1.2027,     27.8732,     55.7464,      0.0189,      0.0003,      0.0156,      0.2007,   7529.3804,-416506.6875,   -913.2728,    541.0500,  25097.9336,
       1,     166,     223,       6,       1,       3,       1,     10.0000,      1.3829,     42.3349,    243.9382,     61.3903,      3.4953,      0.0000,     -0.0306,      0.3116,      0.1299,      5.4791,     10.9581,      1.1479,     27.8732,     55.7464,      0.0189,      0.0002,      0.0156,      0.2007,   7529.3804,-416379.8750,   -913.2614,    541.0585,  25097.9336,
       1,     166,     223,       7,       1,       3,       1,     10.0000,      1.3829,     42.3349,    243.9382,     61.3903,      3.4953,      0.0000,     -0.0304,      0.2936,      0.1233,      5.4791,     10.9581,      1.0899,     27.8732,     55.7464,      0.0189,      0.0002,      0.0156,      0.2007,   7529.3804,-416237.0000,   -913.2372,    541.0682,  25097.9336,
       1,     166,     223,       8,       1,       3,       1,     10.0000,      1.3829,     42.3349,    243.9382,     61.3903,      3.4953,      0.0059,     -0.0247,      0.3051,      0.1276,      5.4791,     10.9581,      1.1271,     27.8732,     55.7464,      0.0189,      0.0002,      0.0156,      0.2007,   7529.3804,-416202.0312,   -913.2324,    541.0706,  25097.9316,
       1,     166,     223,       9,       1,       3,       1,     10.0000,      1.3829,     42.3349,    243.9382,     61.3903,      3.4953,      0.0866,      0.0559,      2.2196,      0.1341,      5.4791,     10.9581,      1.1845,     27.8732,     55.7464,      0.0189,      0.0003,      0.1072,      0.2007,   7529.3799,-416213.7500,   -913.2585,    541.0698,  25097.9336,
       1,     166,     223,      10,       1,       3,       1,     10.0000,      1.3829,     42.3349,    243.9382,     61.3903,      3.4953,      0.1274,      0.0956,      4.2799,      0.1618,      5.4791,     10.9581,      1.4299,     27.8732,     55.7464,      0.0189,      0.0003,      0.1666,      0.2007,   7529.3804,-418637.9688,   -913.9357,    540.9058,  25097.9336,
       1,     166,     223,      11,       1,       3,       1,     10.0000,      1.3829,     42.3349,    243.9382,     61.3903,      3.4953,      0.1564,      0.1246,      5.3839,      0.1610,      5.4791,     10.9581,      1.4228,     27.8732,     55.7464,      0.0189,      0.0003,      0.2094,      0.2007,   7529.3804,-421453.6875,   -914.9279,    540.7155,  25097.9316,
       1,     166,     223,      12,       1,       3,       1,     10.0000,      1.3829,     42.3349,    243.9382,     61.3903,      3.4953,      0.1825,      0.1507,      6.5319,      0.1644,      5.4791,     10.9581,      1.4530,     27.8732,     55.7464,      0.0189,      0.0003,      0.2480,      0.2007,   7529.3799,-423092.5000,   -915.8343,    540.6048,  25097.9336,
       1,     166,     223,      13,       1,       3,       1,     10.0000,      1.3829,     42.3349,    243.9382,     61.3903,      3.4953,      0.1839,      0.1515,      7.2746,      0.1804,      5.4791,     10.9581,      1.5941,     27.8732,     55.7464,      0.0189,      0.0004,      0.2500,      0.2006,   7529.3804,-424685.8438,   -914.5010,    540.4971,  25097.9336,
       1,     166,     223,      14,       1,       3,       1,     10.0000,      1.3829,     42.3349,    243.9382,     61.3903,      3.4953,      0.1411,      0.1083,      6.3534,      0.1953,      5.4791,     10.9581,      1.7255,     27.8732,     55.7464,      0.0189,      0.0004,      0.1866,      0.2006,   7529.3804,-425762.5312,   -915.8201,    540.4244,  25097.9316,
       1,     166,     223,      15,       1,       3,       1,     10.0000,      1.3829,     42.3349,    243.9382,     61.3903,      3.4953,      0.1181,      0.0855,     20.8929,      0.1879,      5.4791,     10.9581,      1.6602,     27.8732,     55.7464,      0.0189,      0.0017,      0.1507,      0.2006,   7529.3799,-424688.5625,   -916.1235,    540.4969,  25097.9336,
       1,     166,     223,      16,       1,       3,       1,     10.0000,      1.3829,     42.3349,    243.9382,     61.3903,      3.4953,      0.1097,      0.0768,     19.5211,      0.1966,      5.4791,     10.9581,      1.7375,     27.8732,     55.7464,      0.0189,      0.0018,      0.1383,      0.2006,   7529.3804,-443003.4688,   -920.0120,    539.2595,  25097.9355,
       1,     166,     223,      17,       1,       3,       1,     10.0000,      1.3829,     42.3349,    243.9382,     61.3903,      3.4953,      0.1342,      0.1012,     26.2171,      0.2011,      5.4791,     10.9581,      1.7774,     27.8732,     55.7464,      0.0189,      0.0019,      0.1739,      0.2006,   7529.3809,-442836.8125,   -920.5013,    539.2722,  25097.9336,
       1,     166,     223,      18,       1,       3,       1,     10.0000,      1.3829,     42.3349,    243.9382,     61.3903,      3.4953,      0.1104,      0.0785,     33.3469,      0.1683,      5.4791,     10.9581,      1.4868,     27.8732,     55.7464,      0.0189,      0.0030,      0.1381,      0.2006,   7529.3804,-451300.3438,   -922.6843,    538.7017,  25097.9336,
       1,     166,     223,      19,       1,       3,       1,     10.0000,      1.3829,     42.3349,    243.9382,     61.3903,      3.4953,      0.0806,      0.0485,     28.0667,      0.1725,      5.4791,     10.9581,      1.5243,     27.8732,     55.7464,      0.0189,      0.0037,      0.0944,      0.2006,   7529.3804,-461054.1875,   -925.1563,    538.0452,  25097.9336,
       1,     166,     223,      20,       1,       3,       1,     10.0000,      1.3829,     42.3349,    243.9382,     61.3903,      3.4953,      0.0161,     -0.0160,      0.5365,      0.1723,      5.4791,     10.9581,      1.5228,     27.8732,     55.7464,      0.0189,      0.0033,      0.0020,      0.2006,   7529.3804,-455199.8750,   -924.7380,    538.4393,  25097.9336,
       1,     166,     223,      21,       1,       3,       1,     10.0000,      1.3829,     42.3349,    243.9382,     61.3903,      3.4953,      0.0000,     -0.0316,      4.1309,      0.1577,      5.4791,     10.9581,      1.3932,     27.8732,     55.7464,      0.0189,      0.0033,      0.0156,      0.2006,   7529.3804,-419831.2500,   -918.6251,    540.8199,  25097.9336,
       1,     166,     223,      22,       1,       3,       1,     10.0000,      1.3829,     42.3349,    243.9382,     61.3903,      3.4953,      0.0000,     -0.0313,      4.2879,      0.1498,      5.4791,     10.9581,      1.3236,     27.8732,     55.7464,      0.0189,      0.0034,      0.0156,      0.2007,   7529.3804,-421373.8750,   -919.2148,    540.7209,  25097.9336,
       1,     166,     223,      23,       1,       3,       1,     10.0000,      1.3829,     42.3349,    243.9382,     61.3903,      3.4953,      0.0000,     -0.0313,      2.6004,      0.1476,      5.4791,     10.9581,      1.3038,     27.8732,     55.7464,      0.0189,      0.0021,      0.0156,      0.2007,   7529.3804,-421698.0312,   -919.5862,    540.6990,  25097.9316,
       1,     166,     223,      24,       1,       3,       1,     10.0000,      1.3829,     42.3349,    243.9382,     61.3903,      3.4953,      0.0000,     -0.0314,      3.1923,      0.1509,      5.4791,     10.9581,      1.3330,     27.8732,     55.7464,      0.0189,      0.0026,      0.0156,      0.2006,   7529.3799,-419589.5625,   -919.3795,    540.8415,  25097.9316,
       1,     166,     224,       1,       1,       3,       1,     10.0000,      1.3829,     42.3353,    243.9440,     61.3918,      3.4953,      0.0000,     -0.0313,      4.0664,      0.1500,      5.4793,     10.9587,      1.3250,     27.8705,     55.7410,      0.0189,      0.0033,      0.0156,      0.2007,   7529.3799,-420314.0625,   -919.9671,    540.8052,  25099.0605,
       1,     166,     224,       2,       1,       3,       1,     10.0000,      1.3829,     42.3353,    243.9440,     61.3918,      3.4953,      0.0000,     -0.0311,      2.5837,      0.1429,      5.4793,     10.9587,      1.2625,     27.8705,     55.7410,      0.0189,      0.0021,      0.0156,      0.2007,   7529.7183,-421329.3438,   -920.0740,    540.7366,  25099.0605,
       1,     166,     224,       3,       1,       3,       1,     10.0000,      1.3829,     42.3353,    243.9440,     61.3918,      3.4953,      0.0000,     -0.0309,      1.4930,      0.1378,      5.4793,     10.9587,      1.2174,     27.8705,     55.7410,      0.0189,      0.0012,      0.0156,      0.2007,   7529.7183,-419539.4062,   -919.8610,    540.8575,  25099.0625,
       1,     166,     224,       4,       1,       3,       1,     10.0000,      1.3829,     42.3353,    243.9440,     61.3918,      3.4953,      0.0000,     -0.0308,      1.0781,      0.1347,      5.4793,     10.9587,      1.1906,     27.8705,     55.7410,      0.0189,      0.0009,      0.0156,      0.2007,   7529.7192,-418005.6250,   -919.6483,    540.9613,  25099.0605,
       1,     166,     224,       5,       1,       3,       1,     10.0000,      1.3829,     42.3353,    243.9440,     61.3918,      3.4953,      0.0000,     -0.0308,      1.3097,      0.1360,      5.4793,     10.9587,      1.2015,     27.8705,     55.7410,      0.0189,      0.0010,      0.0156,      0.2007,   7529.7183,-417349.2500,   -919.5776,    541.0057,  25099.0605,
       1,     166,     224,       6,       1,       3,       1,     10.0000,      1.3829,     42.3353,    243.9440,     61.3918,      3.4953,      0.0000,     -0.0307,      0.8433,      0.1334,      5.4793,     10.9587,      1.1786,     27.8705,     55.7410,      0.0189,      0.0007,      0.0156,      0.2007,   7529.7183,-417586.2812,   -919.6472,    540.9897,  25099.0586,
       1,     166,     224,       7,       1,       3,       1,     10.0000,      1.3829,     42.3353,    243.9440,     61.3918,      3.4953,      0.0000,     -0.0307,      0.3632,      0.1310,      5.4793,     10.9587,      1.1573,     27.8705,     55.7410,      0.0189,      0.0003,      0.0156,      0.2007,   7529.7178,-417016.3125,   -919.5704,    541.0282,  25099.0586,
       1,     166,     224,       8,       1,       3,       1,     10.0000,      1.3829,     42.3353,    243.9440,     61.3918,      3.4953,      0.0033,     -0.0274,      0.3977,      0.1303,      5.4793,     10.9587,      1.1514,     27.8705,     55.7410,      0.0189,      0.0003,      0.0156,      0.2007,   7529.7178,-416359.9688,   -919.4544,    541.0726,  25099.0605,
       1,     166,     224,       9,       1,       3,       1,     10.0000,      1.3829,     42.3353,    243.9440,     61.3918,      3.4953,      0.0249,     -0.0055,      0.3299,      0.1260,      5.4793,     10.9587,      1.1134,     27.8705,     55.7410,      0.0189,      0.0002,      0.0171,      0.2007,   7529.7183,-416347.2500,   -919.4631,    541.0734,  25099.0625,
       1,     166,     224,      10,       1,       3,       1,     10.0000,      1.3829,     42.3353,    243.9440,     61.3918,      3.4953,      0.0946,      0.0636,      2.6017,      0.1409,      5.4793,     10.9587,      1.2448,     27.8705,     55.7410,      0.0189,      0.0003,      0.1187,      0.2007,   7529.7192,-416260.2188,   -910.1506,    541.0793,  25099.0605,
       1,     166,     224,      11,       1,       3,       1,     10.0000,      1.3829,     42.3353,    243.9440,     61.3918,      3.4953,      0.1512,      0.1195,      5.1130,      0.1599,      5.4793,     10.9587,      1.4129,     27.8705,     55.7410,      0.0189,      0.0003,      0.2018,      0.2007,   7529.7183,-419128.2812,   -910.9901,    540.8854,  25099.0586,
       1,     166,     224,      12,       1,       3,       1,     10.0000,      1.3829,     42.3353,    243.9440,     61.3918,      3.4953,      0.1010,      0.0686,      3.7098,      0.1806,      5.4793,     10.9587,      1.5957,     27.8705,     55.7410,      0.0189,      0.0004,      0.1273,      0.2007,   7529.7178,-422552.7188,   -912.4976,    540.6539,  25099.0605,
       1,     166,     224,      13,       1,       3,       1,     10.0000,      1.3829,     42.3353,    243.9440,     61.3918,      3.4953,      0.1358,      0.1027,      6.0224,      0.2050,      5.4793,     10.9587,      1.8110,     27.8705,     55.7410,      0.0189,      0.0004,      0.1787,      0.2007,   7529.7183,-421069.5938,   -912.6135,    540.7542,  25099.0605,
       1,     166,     224,      14,       1,       3,       1,     10.0000,      1.3829,     42.3353,    243.9440,     61.3918,      3.4953,      0.1538,      0.1206,      6.9514,      0.2058,      5.4793,     10.9587,      1.8182,     27.8705,     55.7410,      0.0189,      0.0004,      0.2054,      0.2007,   7529.7183,-423869.8438,   -913.8020,    540.5649,  25099.0605,
       1,     166,     224,      15,       1,       3,       1,     10.0000,      1.3829,     42.3353,    243.9440,     61.3918,      3.4953,      0.1779,      0.1448,      9.6487,      0.2052,      5.4793,     10.9587,      1.8128,     27.8705,     55.7410,      0.0189,      0.0005,      0.2410,      0.2007,   7529.7183,-425285.5000,   -914.7554,    540.4693,  25099.0605,
       1,     166,     224,      16,       1,       3,       1,     10.0000,      1.3829,     42.3353,    243.9440,     61.3918,      3.4953,      0.1852,      0.1522,     26.3787,      0.2031,      5.4793,     10.9587,      1.7951,     27.8705,     55.7410,      0.0189,      0.0013,      0.2500,      0.2007,   7529.7183,-428820.9062,   -916.2763,    540.2304,  25099.0586,
       1,     166,     224,      17,       1,       3,       1,     10.0000,      1.3829,     42.3353,    243.9440,     61.3918,      3.4953,      0.1787,      0.1463,     43.4162,      0.1809,      5.4793,     10.9587,      1.5989,     27.8705,     55.7410,      0.0189,      0.0023,      0.2381,      0.2007,   7529.7178,-450302.5625,   -921.3204,    538.7798,  25099.0605,
       1,     166,     224,      18,       1,       3,       1,     10.0000,      1.3829,     42.3353,    243.9440,     61.3918,      3.4953,      0.1551,      0.1229,     58.4236,      0.1739,      5.4793,     10.9587,      1.5365,     27.8705,     55.7410,      0.0189,      0.0036,      0.2013,      0.2007,   7529.7183,-473719.5000,   -926.7154,    537.2047,  25099.0605,
       1,     166,     224,      19,       1,       3,       1,     10.0000,      1.3829,     42.3353,    243.9440,     61.3918,      3.4953,      0.0649,      0.0328,     21.0651,      0.1720,      5.4793,     10.9587,      1.5198,     27.8705,     55.7410,      0.0189,      0.0037,      0.0720,      0.2006,   7529.7183,-494734.5625,   -931.6176,    535.7959,  25099.0586,
       1,     166,     224,      20,       1,       3,       1,     10.0000,      1.3829,     42.3353,    243.9440,     61.3918,      3.4953,      0.0067,     -0.0252,      4.8533,      0.1658,      5.4793,     10.9587,      1.4647,     27.8705,     55.7410,      0.0189,      0.0039,      0.0156,      0.2006,   7529.7178,-449190.5000,   -923.8901,    538.8480,  25099.0586,
       1,     166,     224,      21,       1,       3,       1,     10.0000,      1.3829,     42.3353,    243.9440,     61.3918,      3.4953,      0.0000,     -0.0316,      4.6839,      0.1585,      5.4793,     10.9587,      1.4002,     27.8705,     55.7410,      0.0189,      0.0038,      0.0156,      0.2007,   7529.7178,-424800.7188,   -919.8115,    540.4995,  25099.0586,
       1,     166,     224,      22,       1,       3,       1,     10.0000,      1.3829,     42.3353,    243.9440,     61.3918,      3.4953,      0.0000,     -0.0314,      3.7485,      0.1509,      5.4793,     10.9587,      1.3330,     27.8705,     55.7410,      0.0189,      0.0030,      0.0156,      0.2007,   7529.7178,-422498.2812,   -917.8146,    540.6576,  25099.0605,
       1,     166,     224,      23,       1,       3,       1,     10.0000,      1.3829,     42.3353,    243.9440,     61.3918,      3.4953,      0.0000,     -0.0312,      2.7794,      0.1468,      5.4793,     10.9587,      1.2973,     27.8705,     55.7410,      0.0189,      0.0022,      0.0156,      0.2007,   7529.7183,-421113.7812,   -915.6033,    540.7512,  25099.0605,
       1,     166,     224,      24,       1,       3,       1,     10.0000,      1.3829,     42.3353,    243.9440,     61.3918,      3.4953,      0.0000,     -0.0311,      2.6421,      0.1435,      5.4793,     10.9587,      1.2676,     27.8705,     55.7410,      0.0189,      0.0021,      0.0156,      0.2007,   7529.7183,-419768.6875,   -915.5919,    540.8421,  25099.0605,
       1,     166,     225,       1,       1,       3,       1,     10.0000,      1.3829,     42.3356,    243.9497,     61.3932,      3.4953,      0.0000,     -0.0310,      2.1691,      0.1407,      5.4796,     10.9592,      1.2435,     27.8672,     55.7343,      0.0189,      0.0017,      0.0156,      0.2007,   7529.7183,-419634.9375,   -911.2407,    540.8639,  25100.1855,
       1,     166,     225,       2,       1,       3,       1,     10.0000,      1.3829,     42.3356,    243.9497,     61.3932,      3.4953,      0.0000,     -0.0310,      1.6548,      0.1400,      5.4796,     10.9592,      1.2373,     27.8672,     55.7343,      0.0189,      0.0013,      0.0156,      0.2007,   7530.0562,-418872.3125,   -911.0943,    540.9155,  25100.1855,
       1,     166,     225,       3,       1,       3,       1,     10.0000,      1.3829,     42.3356,    243.9497,     61.3932,      3.4953,      0.0000,     -0.0311,      0.9817,      0.1430,      5.4796,     10.9592,      1.2638,     27.8672,     55.7343,      0.0189,      0.0008,      0.0156,      0.2007,   7530.0562,-418156.0938,   -911.1198,    540.9639,  25100.1855,
       1,     166,     225,       4,       1,       3,       1,     10.0000,      1.3829,     42.3356,    243.9497,     61.3932,      3.4953,      0.0000,     -0.0312,      0.7759,      0.1446,      5.4796,     10.9592,      1.2779,     27.8672,     55.7343,      0.0189,      0.0006,      0.0156,      0.2007,   7530.0562,-417242.9375,   -911.0507,    541.0257,  25100.1836,
       1,     166,     225,       5,       1,       3,       1,     10.0000,      1.3829,     42.3356,    243.9497,     61.3932,      3.4953,      0.0000,     -0.0309,      0.6979,      0.1379,      5.4796,     10.9592,      1.2187,     27.8672,     55.7343,      0.0189,      0.0006,      0.0156,      0.2007,   7530.0552,-416904.4688,   -911.0560,    541.0486,  25100.1836,
       1,     166,     225,       6,       1,       3,       1,     10.0000,      1.3829,     42.3356,    243.9497,     61.3932,      3.4953,      0.0000,     -0.0307,      0.7141,      0.1320,      5.4796,     10.9592,      1.1667,     27.8672,     55.7343,      0.0189,      0.0006,      0.0156,      0.2007,   7530.0552,-416776.7812,   -911.0850,    541.0572,  25100.1836,
       1,     166,     225,       7,       1,       3,       1,     10.0000,      1.3829,     42.3356,    243.9497,     61.3932,      3.4953,      0.0000,     -0.0307,      0.6066,      0.1327,      5.4796,     10.9592,      1.1727,     27.8672,     55.7343,      0.0189,      0.0005,      0.0156,      0.2007,   7530.0552,-416786.4375,   -911.1396,    541.0566,  25100.1855,
       1,     166,     225,       8,       1,       3,       1,     10.0000,      1.3829,     42.3356,    243.9497,     61.3932,      3.4953,      0.0108,     -0.0200,      0.3620,      0.1347,      5.4796,     10.9592,      1.1906,     27.8672,     55.7343,      0.0189,      0.0003,      0.0156,      0.2007,   7530.0562,-416650.9062,   -911.1493,    541.0657,  25100.1836,
       1,     166,     225,       9,       1,       3,       1,     10.0000,      1.3829,     42.3356,    243.9497,     61.3932,      3.4953,      0.0866,      0.0550,      3.3829,      0.1553,      5.4796,     10.9592,      1.3725,     27.8672,     55.7343,      0.0189,      0.0004,      0.1065,      0.2007,   7530.0552,-416330.0625,   -911.1332,    541.0874,  25100.1855,
       1,     166,     225,      10,       1,       3,       1,     10.0000,      1.3829,     42.3356,    243.9497,     61.3932,      3.4953,      0.1722,      0.1401,      9.2422,      0.1725,      5.4796,     10.9592,      1.5244,     27.8672,     55.7343,      0.0189,      0.0005,      0.2324,      0.2007,   7530.0562,-420125.5000,   -912.1190,    540.8307,  25100.1855,
       1,     166,     225,      11,       1,       3,       1,     10.0000,      1.3829,     42.3356,    243.9497,     61.3932,      3.4953,      0.1846,      0.1518,     18.3531,      0.1955,      5.4796,     10.9592,      1.7273,     27.8672,     55.7343,      0.0189,      0.0009,      0.2500,      0.2007,   7530.0562,-427866.1250,   -914.5294,    540.3074,  25100.1855,
       1,     166,     225,      12,       1,       3,       1,     10.0000,      1.3829,     42.3356,    243.9497,     61.3932,      3.4953,      0.1842,      0.1521,     11.1568,      0.1744,      5.4796,     10.9592,      1.5412,     27.8672,     55.7343,      0.0189,      0.0006,      0.2500,      0.2007,   7530.0562,-440061.2188,   -918.0960,    539.4841,  25100.1855,
       1,     166,     225,      13,       1,       3,       1,     10.0000,      1.3829,     42.3356,    243.9497,     61.3932,      3.4953,      0.1842,      0.1541,      5.7865,      0.1178,      5.4796,     10.9592,      1.0410,     27.8672,     55.7343,      0.0189,      0.0003,      0.2500,      0.2007,   7530.0562,-431995.2188,   -914.4240,    540.0286,  25100.1855,
       1,     166,     225,      14,       1,       3,       1,     10.0000,      1.3829,     42.3356,    243.9497,     61.3932,      3.4953,      0.1848,      0.1552,     11.6624,      0.1058,      5.4796,     10.9592,      0.9347,     27.8672,     55.7343,      0.0189,      0.0006,      0.2500,      0.2007,   7530.0562,-424507.7812,   -912.8652,    540.5343,  25100.1855,
       1,     166,     225,      15,       1,       3,       1,     10.0000,      1.3829,     42.3356,    243.9497,     61.3932,      3.4953,      0.1853,      0.1552,     19.1022,      0.1169,      5.4796,     10.9592,      1.0325,     27.8672,     55.7343,      0.0189,      0.0010,      0.2500,      0.2007,   7530.0562,-431304.9688,   -915.9442,    540.0753,  25100.1855,
       1,     166,     225,      16,       1,       3,       1,     10.0000,      1.3829,     42.3356,    243.9497,     61.3932,      3.4953,      0.1875,      0.1566,     48.1104,      0.1364,      5.4796,     10.9592,      1.2052,     27.8672,     55.7343,      0.0189,      0.0024,      0.2500,      0.2007,   7530.0562,-441303.9688,   -919.2379,    539.4005,  25100.1855,
       1,     166,     225,      17,       1,       3,       1,     10.0000,      1.3829,     42.3356,    243.9497,     61.3932,      3.4953,      0.1875,      0.1565,     49.9643,      0.1427,      5.4796,     10.9592,      1.2612,     27.8672,     55.7343,      0.0189,      0.0025,      0.2500,      0.2007,   7530.0562,-478884.1250,   -927.6678,    536.8671,  25100.1855,
       1,     166,     225,      18,       1,       3,       1,     10.0000,      1.3829,     42.3356,    243.9497,     61.3932,      3.4953,      0.1820,      0.1506,     22.2193,      0.1528,      5.4796,     10.9592,      1.3506,     27.8672,     55.7343,      0.0189,      0.0011,      0.2453,      0.2006,   7530.0562,-484459.4688,   -930.1690,    536.4988,  25100.1855,
       1,     166,     225,      19,       1,       3,       1,     10.0000,      1.3829,     42.3356,    243.9497,     61.3932,      3.4953,      0.1469,      0.1155,     17.8391,      0.1521,      5.4796,     10.9592,      1.3438,     27.8672,     55.7343,      0.0189,      0.0011,      0.1940,      0.2006,   7530.0562,-449780.0312,   -924.6516,    538.8247,  25100.1855,
       1,     166,     225,      20,       1,       3,       1,     10.0000,      1.3829,     42.3356,    243.9497,     61.3932,      3.4953,      0.0451,      0.0140,      5.6986,      0.1416,      5.4796,     10.9592,      1.2511,     27.8672,     55.7343,      0.0189,      0.0016,      0.0454,      0.2007,   7530.0562,-441290.1875,   -923.5871,    539.4016,  25100.1836,
       1,     166,     225,      21,       1,       3,       1,     10.0000,      1.3829,     42.3356,    243.9497,     61.3932,      3.4953,      0.0000,     -0.0310,      2.8220,      0.1397,      5.4796,     10.9592,      1.2348,     27.8672,     55.7343,      0.0189,      0.0023,      0.0156,      0.2007,   7530.0552,-425189.7188,   -920.8233,    540.4874,  25100.1855,
       1,     166,     225,      22,       1,       3,       1,     10.0000,      1.3829,     42.3356,    243.9497,     61.3932,      3.4953,      0.0000,     -0.0309,      1.2825,      0.1382,      5.4796,     10.9592,      1.2211,     27.8672,     55.7343,      0.0189,      0.0010,      0.0156,      0.2007,   7530.0562,-420174.9688,   -920.0556,    540.8273,  25100.1836,
       1,     166,     225,      23,       1,       3,       1,     10.0000,      1.3829,     42.3356,    243.9497,     61.3932,      3.4953,      0.0000,     -0.0310,      1.8158,      0.1407,      5.4796,     10.9592,      1.2435,     27.8672,     55.7343,      0.0189,      0.0015,      0.0156,      0.2007,   7530.0552,-417796.6562,   -919.6771,    540.9882,  25100.1875,
       1,     166,     225,      24,       1,       3,       1,     10.0000,      1.3829,     42.3356,    243.9497,     61.3932,      3.4953,      0.0000,     -0.0310,      2.0505,      0.1403,      5.4796,     10.9592,      1.2398,     27.8672,     55.7343,      0.0189,      0.0016,      0.0156,      0.2007,   7530.0566,-418267.4062,   -919.8648,    540.9564,  25100.1836,
       1,     166,     226,       1,       1,       3,       1,     10.0000,      1.3830,     42.3359,    243.9555,     61.3947,      3.4953,      0.0000,     -0.0310,      1.2944,      0.1403,      5.4787,     10.9573,      1.2398,     27.8768,     55.7537,      0.0189,      0.0010,      0.0156,      0.2007,   7530.0552,-418760.6875,   -920.3362,    540.9357,  25101.3105,
       1,     166,     226,       2,       1,       3,       1,     10.0000,      1.3830,     42.3359,    243.9555,     61.3947,      3.4953,      0.0000,     -0.0310,      1.0488,      0.1413,      5.4787,     10.9573,      1.2486,     27.8768,     55.7537,      0.0189,      0.0008,      0.0156,      0.2007,   7530.3936,-417693.1875,   -919.9384,    541.0079,  25101.3125,
       1,     166,     226,       3,       1,       3,       1,     10.0000,      1.3830,     42.3359,    243.9555,     61.3947,      3.4953,      0.0000,     -0.0311,      1.0293,      0.1437,      5.4787,     10.9573,      1.2702,     27.8768,     55.7537,      0.0189,      0.0008,      0.0156,      0.2007,   7530.3940,-417290.7812,   -919.9053,    541.0352,  25101.3105,
       1,     166,     226,       4,       1,       3,       1,     10.0000,      1.3830,     42.3359,    243.9555,     61.3947,      3.4953,      0.0000,     -0.0312,      1.3284,      0.1453,      5.4787,     10.9573,      1.2844,     27.8768,     55.7537,      0.0189,      0.0011,      0.0156,      0.2007,   7530.3936,-417231.9375,   -919.9406,    541.0391,  25101.3105,
       1,     166,     226,       5,       1,       3,       1,     10.0000,      1.3830,     42.3359,    243.9555,     61.3947,      3.4953,      0.0000,     -0.0311,      1.4370,      0.1432,      5.4787,     10.9573,      1.2651,     27.8768,     55.7537,      0.0189,      0.0012,      0.0156,      0.2007,   7530.3936,-417605.4375,   -920.0740,    541.0139,  25101.3105,
       1,     166,     226,       6,       1,       3,       1,     10.0000,      1.3830,     42.3359,    243.9555,     61.3947,      3.4953,      0.0000,     -0.0311,      1.6267,      0.1435,      5.4787,     10.9573,      1.2676,     27.8768,     55.7537,      0.0189,      0.0013,      0.0156,      0.2007,   7530.3936,-417774.7812,   -920.1734,    541.0024,  25101.3105,
       1,     166,     226,       7,       1,       3,       1,     10.0000,      1.3830,     42.3359,    243.9555,     61.3947,      3.4953,      0.0000,     -0.0312,      1.7560,      0.1451,      5.4787,     10.9573,      1.2818,     27.8768,     55.7537,      0.0189,      0.0014,      0.0156,      0.2007,   7530.3936,-418029.3438,   -920.2847,    540.9852,  25101.3105,
       1,     166,     226,       8,       1,       3,       1,     10.0000,      1.3830,     42.3359,    243.9555,     61.3947,      3.4953,      0.0144,     -0.0168,      0.0885,      0.1446,      5.4787,     10.9573,      1.2779,     27.8768,     55.7537,      0.0189,      0.0014,      0.0008,      0.2007,   7530.3936,-418214.7188,   -920.3859,    540.9727,  25101.3105,
       1,     166,     226,       9,       1,       3,       1,     10.0000,      1.3830,     42.3359,    243.9555,     61.3947,      3.4953,      0.0975,      0.0662,      9.9258,      0.1467,      5.4787,     10.9573,      1.2961,     27.8768,     55.7537,      0.0189,      0.0010,      0.1220,      0.2007,   7530.3936,-416120.4375,   -920.0886,    541.1143,  25101.3105,
       1,     166,     226,      10,       1,       3,       1,     10.0000,      1.3830,     42.3359,    243.9555,     61.3947,      3.4953,      0.1724,      0.1407,     14.0266,      0.1599,      5.4787,     10.9573,      1.4130,     27.8768,     55.7537,      0.0189,      0.0008,      0.2320,      0.2007,   7530.3936,-428389.2812,   -922.5766,    540.2844,  25101.3105,
       1,     166,     226,      11,       1,       3,       1,     10.0000,      1.3830,     42.3359,    243.9555,     61.3947,      3.4953,      0.1808,      0.1483,     18.6317,      0.1840,      5.4787,     10.9573,      1.6261,     27.8768,     55.7537,      0.0189,      0.0010,      0.2441,      0.2007,   7530.3936,-434631.0938,   -924.2729,    539.8636,  25101.3105,
       1,     166,     226,      12,       1,       3,       1,     10.0000,      1.3830,     42.3359,    243.9555,     61.3947,      3.4953,      0.1850,      0.1523,     23.0311,      0.1932,      5.4787,     10.9573,      1.7070,     27.8768,     55.7537,      0.0189,      0.0012,      0.2500,      0.2007,   7530.3936,-440993.0312,   -925.9733,    539.4343,  25101.3105,
       1,     166,     226,      13,       1,       3,       1,     10.0000,      1.3830,     42.3359,    243.9555,     61.3947,      3.4953,      0.1848,      0.1531,     17.6016,      0.1607,      5.4787,     10.9573,      1.4201,     27.8768,     55.7537,      0.0189,      0.0009,      0.2500,      0.2007,   7530.3936,-447106.3438,   -927.7888,    539.0223,  25101.3105,
       1,     166,     226,      14,       1,       3,       1,     10.0000,      1.3830,     42.3359,    243.9555,     61.3947,      3.4953,      0.1847,      0.1540,     13.7563,      0.1339,      5.4787,     10.9573,      1.1834,     27.8768,     55.7537,      0.0189,      0.0007,      0.2500,      0.2007,   7530.3936,-440755.2500,   -916.2828,    539.4504,  25101.3105,
       1,     166,     226,      15,       1,       3,       1,     10.0000,      1.3830,     42.3359,    243.9555,     61.3947,      3.4953,      0.1854,      0.1540,     23.3671,      0.1509,      5.4787,     10.9573,      1.3331,     27.8768,     55.7537,      0.0189,      0.0012,      0.2500,      0.2007,   7530.3936,-435345.4375,   -917.0777,    539.8154,  25101.3105,
       1,     166,     226,      16,       1,       3,       1,     10.0000,      1.3830,     42.3359,    243.9555,     61.3947,      3.4953,      0.1873,      0.1556,     47.9047,      0.1589,      5.4787,     10.9573,      1.4045,     27.8768,     55.7537,      0.0189,      0.0024,      0.2500,      0.2007,   7530.3936,-447047.9688,   -920.8112,    539.0258,  25101.3086,
       1,     166,     226,      17,       1,       3,       1,     10.0000,      1.3830,     42.3359,    243.9555,     61.3947,      3.4953,      0.1794,      0.1474,     55.2602,      0.1696,      5.4787,     10.9573,      1.4988,     27.8768,     55.7537,      0.0189,      0.0029,      0.2376,      0.2007,   7530.3931,-479113.4375,   -928.0850,    536.8659,  25101.3125,
       1,     166,     226,      18,       1,       3,       1,     10.0000,      1.3830,     42.3359,    243.9555,     61.3947,      3.4953,      0.0584,      0.0265,      7.2132,      0.1666,      5.4787,     10.9573,      1.4721,     27.8768,     55.7537,      0.0189,      0.0014,      0.0642,      0.2007,   7530.3940,-491179.1250,   -931.4745,    536.0605,  25101.3105,
       1,     166,     226,      19,       1,       3,       1,     10.0000,      1.3830,     42.3359,    243.9555,     61.3947,      3.4953,      0.1106,      0.0788,      5.2097,      0.1631,      5.4787,     10.9573,      1.4415,     27.8768,     55.7537,      0.0189,      0.0005,      0.1417,      0.2007,   7530.3936,-431338.8750,   -920.7922,    540.0709,  25101.3086,
       1,     166,     226,      20,       1,       3,       1,     10.0000,      1.3830,     42.3359,    243.9555,     61.3947,      3.4953,      0.0173,     -0.0141,      0.6997,      0.1524,      5.4787,     10.9573,      1.3466,     27.8768,     55.7537,      0.0189,      0.0019,      0.0047,      0.2007,   7530.3931,-423742.5938,   -919.6262,    540.5988,  25101.3105,
       1,     166,     226,      21,       1,       3,       1,     10.0000,      1.3830,     42.3359,    243.9555,     61.3947,      3.4953,      0.0000,     -0.0313,      2.7886,      0.1486,      5.4787,     10.9573,      1.3131,     27.8768,     55.7537,      0.0189,      0.0022,      0.0156,      0.2007,   7530.3936,-417366.8750,   -918.6113,    541.0298,  25101.3105,
       1,     166,     226,      22,       1,       3,       1,     10.0000,      1.3830,     42.3359,    243.9555,     61.3947,      3.4953,      0.0000,     -0.0312,      2.2429,      0.1453,      5.4787,     10.9573,      1.2844,     27.8768,     55.7537,      0.0189,      0.0018,      0.0156,      0.2007,   7530.3936,-419464.8750,   -919.1699,    540.8881,  25101.3105,
       1,     166,     226,      23,       1,       3,       1,     10.0000,      1.3830,     42.3359,    243.9555,     61.3947,      3.4953,      0.0000,     -0.0311,      2.2459,      0.1417,      5.4787,     10.9573,      1.2524,     27.8768,     55.7537,      0.0189,      0.0018,      0.0156,      0.2007,   7530.3936,-418953.8438,   -919.2225,    540.9227,  25101.3086,
       1,     166,     226,      24,       1,       3,       1,     10.0000,      1.3830,     42.3359,    243.9555,     61.3947,      3.4953,      0.0000,     -0.0310,      2.2657,      0.1400,      5.4787,     10.9573,      1.2373,     27.8768,     55.7537,      0.0189,      0.0018,      0.0156,      0.2007,   7530.3931,-418913.9375,   -919.3514,    540.9254,  25101.3125,
       1,     166,     227,       1,       1,       3,       1,     10.0000,      1.3830,     42.3362,    243.9612,     61.3961,      3.4953,      0.0000,     -0.0310,      1.5228,      0.1403,      5.4794,     10.9587,      1.2398,     27.8817,     55.7634,      0.0189,      0.0012,      0.0156,      0.2008,   7530.3940,-419090.6875,   -919.7640,    540.9262,  25102.4375,
       1,     166,     227,       2,       1,       3,       1,     10.0000,      1.3830,     42.3362,    243.9612,     61.3961,      3.4953,      0.0000,     -0.0311,      1.7056,      0.1427,      5.4794,     10.9587,      1.2613,     27.8817,     55.7634,      0.0189,      0.0014,      0.0156,      0.2008,   7530.7314,-418012.9062,   -919.3793,    540.9991,  25102.4355,
       1,     166,     227,       3,       1,       3,       1,     10.0000,      1.3830,     42.3362,    243.9612,     61.3961,      3.4953,      0.0000,     -0.0311,      1.6159,      0.1427,      5.4794,     10.9587,      1.2613,     27.8817,     55.7634,      0.0189,      0.0013,      0.0156,      0.2008,   7530.7310,-418152.4062,   -919.4933,    540.9897,  25102.4355,
       1,     166,     227,       4,       1,       3,       1,     10.0000,      1.3830,     42.3362,    243.9612,     61.3961,      3.4953,      0.0000,     -0.0311,      1.0913,      0.1425,      5.4794,     10.9587,      1.2587,     27.8817,     55.7634,      0.0189,      0.0009,      0.0156,      0.2008,   7530.7310,-418050.7500,   -919.5516,    540.9965,  25102.4375,
       1,     166,     227,       5,       1,       3,       1,     10.0000,      1.3830,     42.3362,    243.9612,     61.3961,      3.4953,      0.0000,     -0.0309,      0.9611,      0.1374,      5.4794,     10.9587,      1.2138,     27.8817,     55.7634,      0.0189,      0.0008,      0.0156,      0.2008,   7530.7314,-417378.0000,   -919.4722,    541.0421,  25102.4355,
       1,     166,     227,       6,       1,       3,       1,     10.0000,      1.3830,     42.3362,    243.9612,     61.3961,      3.4953,      0.0000,     -0.0308,      1.0508,      0.1356,      5.4794,     10.9587,      1.1979,     27.8817,     55.7634,      0.0189,      0.0008,      0.0156,      0.2008,   7530.7310,-417156.0938,   -919.4504,    541.0571,  25102.4355,
       1,     166,     227,       7,       1,       3,       1,     10.0000,      1.3830,     42.3362,    243.9612,     61.3961,      3.4953,      0.0000,     -0.0309,      1.1023,      0.1379,      5.4794,     10.9587,      1.2187,     27.8817,     55.7634,      0.0189,      0.0009,      0.0156,      0.2008,   7530.7310,-417250.5000,   -919.4992,    541.0507,  25102.4336,
       1,     166,     227,       8,       1,       3,       1,     10.0000,      1.3830,     42.3362,    243.9612,     61.3961,      3.4953,      0.0103,     -0.0207,      1.2319,      0.1389,      5.4794,     10.9587,      1.2274,     27.8817,     55.7634,      0.0189,      0.0010,      0.0156,      0.2008,   7530.7305,-417324.0312,   -917.8913,    541.0457,  25102.4336,
       1,     166,     227,       9,       1,       3,       1,     10.0000,      1.3830,     42.3362,    243.9612,     61.3961,      3.4953,      0.1063,      0.0745,      9.8575,      0.1605,      5.4794,     10.9587,      1.4187,     27.8817,     55.7634,      0.0189,      0.0009,      0.1347,      0.2008,   7530.7305,-417494.2812,   -918.0075,    541.0342,  25102.4355,
       1,     166,     227,      10,       1,       3,       1,     10.0000,      1.3830,     42.3362,    243.9612,     61.3961,      3.4953,      0.1514,      0.1184,      9.8665,      0.2042,      5.4794,     10.9587,      1.8041,     27.8817,     55.7634,      0.0189,      0.0006,      0.2016,      0.2008,   7530.7310,-428422.3438,   -920.3809,    540.2951,  25102.4355,
       1,     166,     227,      11,       1,       3,       1,     10.0000,      1.3830,     42.3362,    243.9612,     61.3961,      3.4953,      0.1721,      0.1389,      8.9797,      0.2082,      5.4794,     10.9587,      1.8399,     27.8817,     55.7634,      0.0189,      0.0005,      0.2325,      0.2007,   7530.7310,-429370.1250,   -921.1368,    540.2316,  25102.4355,
       1,     166,     227,      12,       1,       3,       1,     10.0000,      1.3830,     42.3362,    243.9612,     61.3961,      3.4953,      0.1839,      0.1503,     11.3420,      0.2226,      5.4794,     10.9587,      1.9669,     27.8817,     55.7634,      0.0189,      0.0006,      0.2500,      0.2007,   7530.7310,-428328.2500,   -921.5390,    540.3020,  25102.4355,
       1,     166,     227,      13,       1,       3,       1,     10.0000,      1.3830,     42.3362,    243.9612,     61.3961,      3.4953,      0.1837,      0.1500,      9.4738,      0.2270,      5.4794,     10.9587,      2.0058,     27.8817,     55.7634,      0.0189,      0.0005,      0.2500,      0.2007,   7530.7310,-431228.6250,   -922.8580,    540.1061,  25102.4355,
       1,     166,     227,      14,       1,       3,       1,     10.0000,      1.3830,     42.3362,    243.9612,     61.3961,      3.4953,      0.1849,      0.1511,     24.8788,      0.2324,      5.4794,     10.9587,      2.0534,     27.8817,     55.7634,      0.0189,      0.0012,      0.2500,      0.2007,   7530.7310,-429112.5000,   -923.3468,    540.2490,  25102.4355,
       1,     166,     227,      15,       1,       3,       1,     10.0000,      1.3830,     42.3362,    243.9612,     61.3961,      3.4953,      0.1894,      0.1557,     82.3865,      0.2274,      5.4794,     10.9587,      2.0097,     27.8817,     55.7634,      0.0189,      0.0041,      0.2500,      0.2007,   7530.7310,-448426.1562,   -927.7808,    538.9447,  25102.4355,
       1,     166,     227,      16,       1,       3,       1,     10.0000,      1.3830,     42.3362,    243.9612,     61.3961,      3.4953,      0.1897,      0.1571,     82.0387,      0.1890,      5.4794,     10.9587,      1.6703,     27.8817,     55.7634,      0.0189,      0.0041,      0.2500,      0.2007,   7530.7310,-522876.8438,   -931.5318,    533.9307,  25102.4355,
       1,     166,     227,      17,       1,       3,       1,     10.0000,      1.3830,     42.3362,    243.9612,     61.3961,      3.4953,      0.1873,      0.1540,    102.5083,      0.2126,      5.4794,     10.9587,      1.8783,     27.8817,     55.7634,      0.0189,      0.0052,      0.2443,      0.2007,   7530.7310,-528858.3750,   -934.9869,    533.5547,  25102.4336,
       1,     166,     227,      18,       1,       3,       1,     10.0000,      1.3830,     42.3362,    243.9612,     61.3961,      3.4953,      0.1722,      0.1395,     90.2764,      0.1890,      5.4794,     10.9587,      1.6703,     27.8817,     55.7634,      0.0189,      0.0051,      0.2230,      0.2006,   7530.7305,-555282.2500,   -941.9794,    531.7926,  25102.4355,
       1,     166,     227,      19,       1,       3,       1,     10.0000,      1.3830,     42.3362,    243.9612,     61.3961,      3.4953,      0.1347,      0.1030,     67.2263,      0.1614,      5.4794,     10.9587,      1.4258,     27.8817,     55.7634,      0.0189,      0.0049,      0.1701,      0.2006,   7530.7310,-542032.5000,   -941.2159,    532.6762,  25102.4355,
       1,     166,     227,      20,       1,       3,       1,     10.0000,      1.3830,     42.3362,    243.9612,     61.3961,      3.4953,      0.0531,      0.0221,     17.9063,      0.1426,      5.4794,     10.9587,      1.2600,     27.8817,     55.7634,      0.0189,      0.0040,      0.0559,      0.2006,   7530.7310,-511682.8750,   -932.1699,    534.6978,  25102.4336,
       1,     166,     227,      21,       1,       3,       1,     10.0000,      1.3830,     42.3362,    243.9612,     61.3961,      3.4953,      0.0000,     -0.0309,      1.9380,      0.1365,      5.4794,     10.9587,      1.2064,     27.8817,     55.7634,      0.0189,      0.0016,      0.0156,      0.2007,   7530.7305,-446618.3750,   -918.4311,    539.0504,  25102.4375,
       1,     166,     227,      22,       1,       3,       1,     10.0000,      1.3830,     42.3362,    243.9612,     61.3961,      3.4953,      0.0000,     -0.0308,      4.2234,      0.1338,      5.4794,     10.9587,      1.1823,     27.8817,     55.7634,      0.0189,      0.0034,      0.0156,      0.2007,   7530.7314,-420908.7812,   -911.1747,    540.8005,  25102.4355,
       1,     166,     227,      23,       1,       3,       1,     10.0000,      1.3830,     42.3362,    243.9612,     61.3961,      3.4953,      0.0000,     -0.0307,      3.1416,      0.1308,      5.4794,     10.9587,      1.1562,     27.8817,     55.7634,      0.0189,      0.0025,      0.0156,      0.2008,   7530.7310,-421589.5312,   -911.8979,    540.7573,  25102.4336,
       1,     166,     227,      24,       1,       3,       1,     10.0000,      1.3830,     42.3362,    243.9612,     61.3961,      3.4953,      0.0000,     -0.0307,      1.9044,      0.1326,      5.4794,     10.9587,      1.1715,     27.8817,     55.7634,      0.0189,      0.0015,      0.0156,      0.2008,   7530.7305,-420275.5000,   -912.0822,    540.8462,  25102.4355,
       1,     166,     228,       1,       1,       3,       1,     10.0000,      1.3830,     42.3366,    243.9670,     61.3975,      3.4953,      0.0000,     -0.0308,      0.4185,      0.1338,      5.4788,     10.9577,      1.1823,     27.8903,     55.7806,      0.0189,      0.0003,      0.0156,      0.2008,   7530.7310,-418752.5625,   -912.2914,    540.9617,  25103.5586,
       1,     166,     228,       2,       1,       3,       1,     10.0000,      1.3830,     42.3366,    243.9670,     61.3975,      3.4953,      0.0000,     -0.0308,      0.3379,      0.1358,      5.4788,     10.9577,      1.2004,     27.8903,     55.7806,      0.0189,      0.0003,      0.0156,      0.2008,   7531.0679,-416590.3125,   -911.6691,    541.1079,  25103.5605,
       1,     166,     228,       3,       1,       3,       1,     10.0000,      1.3830,     42.3366,    243.9670,     61.3975,      3.4953,      0.0000,     -0.0309,      0.3337,      0.1379,      5.4788,     10.9577,      1.2187,     27.8903,     55.7806,      0.0189,      0.0003,      0.0156,      0.2008,   7531.0684,-416302.9375,   -911.6203,    541.1274,  25103.5625,
       1,     166,     228,       4,       1,       3,       1,     10.0000,      1.3830,     42.3366,    243.9670,     61.3975,      3.4953,      0.0000,     -0.0310,      0.3856,      0.1393,      5.4788,     10.9577,      1.2311,     27.8903,     55.7806,      0.0189,      0.0003,      0.0156,      0.2008,   7531.0688,-416272.8125,   -910.0842,    541.1295,  25103.5625,
       1,     166,     228,       5,       1,       3,       1,     10.0000,      1.3830,     42.3366,    243.9670,     61.3975,      3.4953,      0.0000,     -0.0310,      0.4818,      0.1409,      5.4788,     10.9577,      1.2449,     27.8903,     55.7806,      0.0189,      0.0004,      0.0156,      0.2008,   7531.0688,-416335.8438,   -910.1011,    541.1252,  25103.5586,
       1,     166,     228,       6,       1,       3,       1,     10.0000,      1.3830,     42.3366,    243.9670,     61.3975,      3.4953,      0.0000,     -0.0310,      0.4391,      0.1395,      5.4788,     10.9577,      1.2324,     27.8903,     55.7806,      0.0189,      0.0004,      0.0156,      0.2008,   7531.0679,-416463.5312,   -910.1425,    541.1166,  25103.5605,
       1,     166,     228,       7,       1,       3,       1,     10.0000,      1.3830,     42.3366,    243.9670,     61.3975,      3.4953,      0.0000,     -0.0310,      0.4960,      0.1413,      5.4788,     10.9577,      1.2487,     27.8903,     55.7806,      0.0189,      0.0004,      0.0156,      0.2008,   7531.0684,-416420.0000,   -910.1491,    541.1194,  25103.5625,
       1,     166,     228,       8,       1,       3,       1,     10.0000,      1.3830,     42.3366,    243.9670,     61.3975,      3.4953,      0.0099,     -0.0212,      0.3983,      0.1419,      5.4788,     10.9577,      1.2537,     27.8903,     55.7806,      0.0189,      0.0003,      0.0156,      0.2008,   7531.0688,-416488.1250,   -910.1840,    541.1148,  25103.5605,
       1,     166,     228,       9,       1,       3,       1,     10.0000,      1.3830,     42.3366,    243.9670,     61.3975,      3.4953,      0.0783,      0.0469,      2.2642,      0.1522,      5.4788,     10.9577,      1.3453,     27.8903,     55.7806,      0.0189,      0.0003,      0.0945,      0.2008,   7531.0684,-416370.6562,   -910.2026,    541.1228,  25103.5625,
       1,     166,     228,      10,       1,       3,       1,     10.0000,      1.3830,     42.3366,    243.9670,     61.3975,      3.4953,      0.1244,      0.0918,      4.9728,      0.1890,      5.4788,     10.9577,      1.6703,     27.8903,     55.7806,      0.0189,      0.0004,      0.1620,      0.2008,   7531.0688,-418720.8750,   -910.9359,    540.9639,  25103.5605,
       1,     166,     228,      11,       1,       3,       1,     10.0000,      1.3830,     42.3366,    243.9670,     61.3975,      3.4953,      0.1484,      0.1152,      6.8497,      0.2103,      5.4788,     10.9577,      1.8582,     27.8903,     55.7806,      0.0189,      0.0004,      0.1974,      0.2008,   7531.0684,-422349.0000,   -912.3180,    540.7185,  25103.5625,
       1,     166,     228,      12,       1,       3,       1,     10.0000,      1.3830,     42.3366,    243.9670,     61.3975,      3.4953,      0.1589,      0.1251,      8.1862,      0.2288,      5.4788,     10.9577,      2.0216,     27.8903,     55.7806,      0.0189,      0.0005,      0.2129,      0.2008,   7531.0688,-425034.0625,   -913.5804,    540.5371,  25103.5605,
       1,     166,     228,      13,       1,       3,       1,     10.0000,      1.3830,     42.3366,    243.9670,     61.3975,      3.4953,      0.1558,      0.1222,      7.8675,      0.2219,      5.4788,     10.9577,      1.9612,     27.8903,     55.7806,      0.0189,      0.0005,      0.2083,      0.2008,   7531.0684,-426954.8125,   -914.8829,    540.4073,  25103.5605,
       1,     166,     228,      14,       1,       3,       1,     10.0000,      1.3830,     42.3366,    243.9670,     61.3975,      3.4953,      0.1019,      0.0687,      5.6456,      0.2088,      5.4788,     10.9577,      1.8454,     27.8903,     55.7806,      0.0189,      0.0006,      0.1281,      0.2008,   7531.0684,-426715.9062,   -915.5212,    540.4235,  25103.5605,
       1,     166,     228,      15,       1,       3,       1,     10.0000,      1.3830,     42.3366,    243.9670,     61.3975,      3.4953,      0.0715,      0.0394,     14.1190,      0.1717,      5.4788,     10.9577,      1.5169,     27.8903,     55.7806,      0.0189,      0.0021,      0.0825,      0.2008,   7531.0684,-423884.0938,   -915.3151,    540.6148,  25103.5605,
       1,     166,     228,      16,       1,       3,       1,     10.0000,      1.3830,     42.3366,    243.9670,     61.3975,      3.4953,      0.0246,     -0.0077,      3.9772,      0.1779,      5.4788,     10.9577,      1.5722,     27.8903,     55.7806,      0.0189,      0.0035,      0.0140,      0.2008,   7531.0684,-434362.9062,   -915.0241,    539.9067,  25103.5586,
       1,     166,     228,      17,       1,       3,       1,     10.0000,      1.3830,     42.3366,    243.9670,     61.3975,      3.4953,      0.0213,     -0.0114,      3.5071,      0.1913,      5.4788,     10.9577,      1.6903,     27.8903,     55.7806,      0.0189,      0.0050,      0.0087,      0.2008,   7531.0679,-422426.8438,   -911.8551,    540.7127,  25103.5586,
       1,     166,     228,      18,       1,       3,       1,     10.0000,      1.3830,     42.3366,    243.9670,     61.3975,      3.4953,      0.0275,     -0.0050,      6.1121,      0.1826,      5.4788,     10.9577,      1.6134,     27.8903,     55.7806,      0.0189,      0.0043,      0.0179,      0.2008,   7531.0679,-420812.7500,   -912.4738,    540.8224,  25103.5605,
       1,     166,     228,      19,       1,       3,       1,     10.0000,      1.3830,     42.3366,    243.9670,     61.3975,      3.4953,      0.0179,     -0.0136,      1.4718,      0.1539,      5.4788,     10.9577,      1.3602,     27.8903,     55.7806,      0.0189,      0.0034,      0.0054,      0.2008,   7531.0684,-423969.4688,   -912.2424,    540.6091,  25103.5586,
       1,     166,     228,      20,       1,       3,       1,     10.0000,      1.3830,     42.3366,    243.9670,     61.3975,      3.4953,      0.0066,     -0.0247,      1.9812,      0.1476,      5.4788,     10.9577,      1.3040,     27.8903,     55.7806,      0.0189,      0.0016,      0.0156,      0.2008,   7531.0679,-418368.7812,   -911.0528,    540.9875,  25103.5625,
       1,     166,     228,      21,       1,       3,       1,     10.0000,      1.3830,     42.3366,    243.9670,     61.3975,      3.4953,      0.0000,     -0.0313,      2.8307,      0.1476,      5.4788,     10.9577,      1.3040,     27.8903,     55.7806,      0.0189,      0.0023,      0.0156,      0.2008,   7531.0688,-418533.9375,   -911.3215,    540.9765,  25103.5586,
       1,     166,     228,      22,       1,       3,       1,     10.0000,      1.3830,     42.3366,    243.9670,     61.3975,      3.4953,      0.0000,     -0.0312,      2.9217,      0.1465,      5.4788,     10.9577,      1.2948,     27.8903,     55.7806,      0.0189,      0.0023,      0.0156,      0.2008,   7531.0679,-419623.2812,   -910.9987,    540.9028,  25103.5586,
       1,     166,     228,      23,       1,       3,       1,     10.0000,      1.3830,     42.3366,    243.9670,     61.3975,      3.4953,      0.0000,     -0.0313,      2.5306,      0.1488,      5.4788,     10.9577,      1.3145,     27.8903,     55.7806,      0.0189,      0.0020,      0.0156,      0.2008,   7531.0679,-419831.6250,   -911.3915,    540.8887,  25103.5625,
       1,     166,     228,      24,       1,       3,       1,     10.0000,      1.3830,     42.3366,    243.9670,     61.3975,      3.4953,      0.0000,     -0.0314,      0.8660,      0.1500,      5.4788,     10.9577,      1.3251,     27.8903,     55.7806,      0.0189,      0.0007,      0.0156,      0.2008,   7531.0688,-419354.1562,   -911.6148,    540.9211,  25103.5605,
       1,     166,     229,       1,       1,       3,       1,     10.0000,      1.3830,     42.3369,    243.9727,     61.3990,      3.4953,      0.0000,     -0.0314,      0.3681,      0.1503,      5.4811,     10.9622,      1.3278,     27.8749,     55.7499,      0.0189,      0.0003,      0.0156,      0.2008,   7531.0684,-417363.2812,   -911.5880,    541.0686,  25104.6836,
       1,     166,     229,       2,       1,       3,       1,     10.0000,      1.3830,     42.3369,    243.9727,     61.3990,      3.4953,      0.0000,     -0.0313,      0.3660,      0.1495,      5.4811,     10.9622,      1.3212,     27.8749,     55.7499,      0.0189,      0.0003,      0.0156,      0.2008,   7531.4053,-416410.3125,   -911.1685,    541.1330,  25104.6855,
       1,     166,     229,       3,       1,       3,       1,     10.0000,      1.3830,     42.3369,    243.9727,     61.3990,      3.4953,      0.0000,     -0.0313,      0.4376,      0.1497,      5.4811,     10.9622,      1.3225,     27.8749,     55.7499,      0.0189,      0.0004,      0.0156,      0.2008,   7531.4058,-416326.0625,   -911.1550,    541.1387,  25104.6836,
       1,     166,     229,       4,       1,       3,       1,     10.0000,      1.3830,     42.3369,    243.9727,     61.3990,      3.4953,      0.0000,     -0.0315,      0.5136,      0.1527,      5.4811,     10.9622,      1.3494,     27.8749,     55.7499,      0.0189,      0.0004,      0.0156,      0.2008,   7531.4053,-416409.5312,   -911.1808,    541.1331,  25104.6855,
       1,     166,     229,       5,       1,       3,       1,     10.0000,      1.3830,     42.3369,    243.9727,     61.3990,      3.4953,      0.0000,     -0.0315,      0.5691,      0.1533,      5.4811,     10.9622,      1.3548,     27.8749,     55.7499,      0.0189,      0.0005,      0.0156,      0.2008,   7531.4058,-416512.6250,   -911.2180,    541.1261,  25104.6855,
       1,     166,     229,       6,       1,       3,       1,     10.0000,      1.3830,     42.3369,    243.9727,     61.3990,      3.4953,      0.0000,     -0.0314,      0.4276,      0.1507,      5.4811,     10.9622,      1.3318,     27.8749,     55.7499,      0.0189,      0.0003,      0.0156,      0.2008,   7531.4058,-416591.8125,   -911.2606,    541.1208,  25104.6836,
       1,     166,     229,       7,       1,       3,       1,     10.0000,      1.3830,     42.3369,    243.9727,     61.3990,      3.4953,      0.0000,     -0.0313,      0.3801,      0.1489,      5.4811,     10.9622,      1.3159,     27.8749,     55.7499,      0.0189,      0.0003,      0.0156,      0.2008,   7531.4053,-416419.5938,   -911.2394,    541.1324,  25104.6855,
       1,     166,     229,       8,       1,       3,       1,     10.0000,      1.3830,     42.3369,    243.9727,     61.3990,      3.4953,      0.0095,     -0.0219,      0.4278,      0.1491,      5.4811,     10.9622,      1.3172,     27.8749,     55.7499,      0.0189,      0.0003,      0.0156,      0.2008,   7531.4058,-416344.6875,   -911.2296,    541.1375,  25104.6836,
       1,     166,     229,       9,       1,       3,       1,     10.0000,      1.3830,     42.3369,    243.9727,     61.3990,      3.4953,      0.1195,      0.0877,      4.4409,      0.1635,      5.4811,     10.9622,      1.4445,     27.8749,     55.7499,      0.0189,      0.0004,      0.1550,      0.2008,   7531.4053,-416398.7500,   -911.2748,    541.1339,  25104.6836,
       1,     166,     229,      10,       1,       3,       1,     10.0000,      1.3830,     42.3369,    243.9727,     61.3990,      3.4953,      0.1736,      0.1410,      9.7624,      0.1885,      5.4811,     10.9622,      1.6654,     27.8749,     55.7499,      0.0189,      0.0005,      0.2345,      0.2008,   7531.4053,-421479.6875,   -912.5831,    540.7901,  25104.6836,
       1,     166,     229,      11,       1,       3,       1,     10.0000,      1.3830,     42.3369,    243.9727,     61.3990,      3.4953,      0.1838,      0.1507,      8.5136,      0.2058,      5.4811,     10.9622,      1.8184,     27.8749,     55.7499,      0.0189,      0.0004,      0.2500,      0.2008,   7531.4053,-428646.6875,   -914.7229,    540.3058,  25104.6836,
       1,     166,     229,      12,       1,       3,       1,     10.0000,      1.3830,     42.3369,    243.9727,     61.3990,      3.4953,      0.1839,      0.1506,      9.7485,      0.2101,      5.4811,     10.9622,      1.8564,     27.8749,     55.7499,      0.0189,      0.0005,      0.2500,      0.2008,   7531.4053,-427680.0625,   -915.5002,    540.3713,  25104.6855,
       1,     166,     229,      13,       1,       3,       1,     10.0000,      1.3830,     42.3369,    243.9727,     61.3990,      3.4953,      0.1839,      0.1509,      9.3298,      0.2028,      5.4811,     10.9622,      1.7917,     27.8749,     55.7499,      0.0189,      0.0005,      0.2500,      0.2008,   7531.4058,-429159.4375,   -916.8398,    540.2714,  25104.6855,
       1,     166,     229,      14,       1,       3,       1,     10.0000,      1.3830,     42.3369,    243.9727,     61.3990,      3.4953,      0.1526,      0.1199,     14.8874,      0.1924,      5.4811,     10.9622,      1.7004,     27.8749,     55.7499,      0.0189,      0.0009,      0.2027,      0.2008,   7531.4058,-428756.0625,   -917.7632,    540.2985,  25104.6855,
       1,     166,     229,      15,       1,       3,       1,     10.0000,      1.3830,     42.3369,    243.9727,     61.3990,      3.4953,      0.1844,      0.1519,     39.8947,      0.1828,      5.4811,     10.9622,      1.6150,     27.8749,     55.7499,      0.0189,      0.0020,      0.2469,      0.2008,   7531.4058,-435753.0625,   -914.2071,    539.8260,  25104.6855,
       1,     166,     229,      16,       1,       3,       1,     10.0000,      1.3830,     42.3369,    243.9727,     61.3990,      3.4953,      0.1884,      0.1561,     64.5781,      0.1795,      5.4811,     10.9622,      1.5864,     27.8749,     55.7499,      0.0189,      0.0032,      0.2500,      0.2008,   7531.4058,-467993.4062,   -920.7726,    537.6508,  25104.6855,
       1,     166,     229,      17,       1,       3,       1,     10.0000,      1.3830,     42.3369,    243.9727,     61.3990,      3.4953,      0.1145,      0.0817,     41.7264,      0.1957,      5.4811,     10.9622,      1.7292,     27.8749,     55.7499,      0.0189,      0.0037,      0.1428,      0.2008,   7531.4058,-502006.4062,   -928.6745,    535.3693,  25104.6875,
       1,     166,     229,      18,       1,       3,       1,     10.0000,      1.3830,     42.3369,    243.9727,     61.3990,      3.4953,      0.0478,      0.0150,     14.0288,      0.1957,      5.4811,     10.9622,      1.7292,     27.8749,     55.7499,      0.0189,      0.0037,      0.0468,      0.2007,   7531.4067,-475972.8438,   -925.0153,    537.1162,  25104.6855,
       1,     166,     229,      19,       1,       3,       1,     10.0000,      1.3830,     42.3369,    243.9727,     61.3990,      3.4953,      0.0399,      0.0073,      7.1295,      0.1866,      5.4811,     10.9622,      1.6490,     27.8749,     55.7499,      0.0189,      0.0025,      0.0360,      0.2008,   7531.4058,-438690.5938,   -916.2970,    539.6222,  25104.6855,
       1,     166,     229,      20,       1,       3,       1,     10.0000,      1.3830,     42.3369,    243.9727,     61.3990,      3.4953,      0.0069,     -0.0253,      2.5978,      0.1743,      5.4811,     10.9622,      1.5398,     27.8749,     55.7499,      0.0189,      0.0021,      0.0156,      0.2008,   7531.4058,-426793.3438,   -914.6474,    540.4306,  25104.6855,
       1,     166,     229,      21,       1,       3,       1,     10.0000,      1.3830,     42.3369,    243.9727,     61.3990,      3.4953,      0.0000,     -0.0320,      2.2716,      0.1701,      5.4811,     10.9622,      1.5034,     27.8749,     55.7499,      0.0189,      0.0018,      0.0156,      0.2008,   7531.4058,-420037.6562,   -913.7526,    540.8876,  25104.6855,
       1,     166,     229,      22,       1,       3,       1,     10.0000,      1.3830,     42.3369,    243.9727,     61.3990,      3.4953,      0.0000,     -0.0319,      3.0057,      0.1671,      5.4811,     10.9622,      1.4766,     27.8749,     55.7499,      0.0189,      0.0024,      0.0156,      0.2008,   7531.4058,-419047.1562,   -913.8315,    540.9547,  25104.6855,
       1,     166,     229,      23,       1,       3,       1,     10.0000,      1.3830,     42.3369,    243.9727,     61.3990,      3.4953,      0.0000,     -0.0319,      3.0867,      0.1648,      5.4811,     10.9622,      1.4561,     27.8749,     55.7499,      0.0189,      0.0025,      0.0156,      0.2008,   7531.4058,-419890.8438,   -914.3317,    540.8976,  25104.6875,
       1,     166,     229,      24,       1,       3,       1,     10.0000,      1.3830,     42.3369,    243.9727,     61.3990,      3.4953,      0.0000,     -0.0318,      2.6657,      0.1643,      5.4811,     10.9622,      1.4518,     27.8749,     55.7499,      0.0189,      0.0021,      0.0156,      0.2008,   7531.4067,-420065.1562,   -914.6982,    540.8858,  25104.6875,
       1,     166,     230,       1,       1,       3,       1,     10.0000,      1.3831,     42.3372,    243.9785,     61.4005,      3.4953,      0.0000,     -0.0318,      1.9308,      0.1636,      5.4800,     10.9600,      1.4460,     27.8751,     55.7503,      0.0189,      0.0015,      0.0156,      0.2008,   7531.4067,-419703.3438,   -915.1598,    540.9232,  25105.8125,
       1,     166,     230,       2,       1,       3,       1,     10.0000,      1.3831,     42.3372,    243.9785,     61.4005,      3.4953,      0.0000,     -0.0318,      1.5219,      0.1623,      5.4800,     10.9600,      1.4345,     27.8751,     55.7503,      0.0189,      0.0012,      0.0156,      0.2008,   7531.7441,-418589.8750,   -914.8899,    540.9985,  25105.8125,
       1,     166,     230,       3,       1,       3,       1,     10.0000,      1.3831,     42.3372,    243.9785,     61.4005,      3.4953,      0.0000,     -0.0317,      1.5046,      0.1602,      5.4800,     10.9600,      1.4159,     27.8751,     55.7503,      0.0189,      0.0012,      0.0156,      0.2008,   7531.7441,-417977.4062,   -914.9133,    541.0399,  25105.8125,
       1,     166,     230,       4,       1,       3,       1,     10.0000,      1.3831,     42.3372,    243.9785,     61.4005,      3.4953,      0.0000,     -0.0316,      1.2881,      0.1585,      5.4800,     10.9600,      1.4004,     27.8751,     55.7503,      0.0189,      0.0010,      0.0156,      0.2008,   7531.7441,-417903.2188,   -915.0339,    541.0450,  25105.8125,
       1,     166,     230,       5,       1,       3,       1,     10.0000,      1.3831,     42.3372,    243.9785,     61.4005,      3.4953,      0.0000,     -0.0314,      1.1724,      0.1522,      5.4800,     10.9600,      1.3453,     27.8751,     55.7503,      0.0189,      0.0009,      0.0156,      0.2008,   7531.7441,-417622.8438,   -915.0945,    541.0638,  25105.8125,
       1,     166,     230,       6,       1,       3,       1,     10.0000,      1.3831,     42.3372,    243.9785,     61.4005,      3.4953,      0.0000,     -0.0312,      1.0225,      0.1462,      5.4800,     10.9600,      1.2923,     27.8751,     55.7503,      0.0189,      0.0008,      0.0156,      0.2008,   7531.7441,-417452.6250,   -915.1606,    541.0754,  25105.8125,
       1,     166,     230,       7,       1,       3,       1,     10.0000,      1.3831,     42.3372,    243.9785,     61.4005,      3.4953,      0.0000,     -0.0311,      0.6208,      0.1426,      5.4800,     10.9600,      1.2601,     27.8751,     55.7503,      0.0189,      0.0005,      0.0156,      0.2008,   7531.7441,-417248.4688,   -915.1717,    541.0892,  25105.8145,
       1,     166,     230,       8,       1,       3,       1,     10.0000,      1.3831,     42.3372,    243.9785,     61.4005,      3.4953,      0.0126,     -0.0186,      0.5518,      0.1448,      5.4800,     10.9600,      1.2793,     27.8751,     55.7503,      0.0189,      0.0004,      0.0156,      0.2008,   7531.7446,-416722.6562,   -915.1071,    541.1248,  25105.8125,
       1,     166,     230,       9,       1,       3,       1,     10.0000,      1.3831,     42.3372,    243.9785,     61.4005,      3.4953,      0.0656,      0.0347,      2.7718,      0.1388,      5.4800,     10.9600,      1.2262,     27.8751,     55.7503,      0.0189,      0.0005,      0.0761,      0.2008,   7531.7441,-416590.6562,   -915.1356,    541.1337,  25105.8145,
       1,     166,     230,      10,       1,       3,       1,     10.0000,      1.3831,     42.3372,    243.9785,     61.4005,      3.4953,      0.1217,      0.0915,      5.6404,      0.1200,      5.4800,     10.9600,      1.0604,     27.8751,     55.7503,      0.0189,      0.0004,      0.1584,      0.2008,   7531.7446,-419387.0938,   -910.8471,    540.9446,  25105.8125,
       1,     166,     230,      11,       1,       3,       1,     10.0000,      1.3831,     42.3372,    243.9785,     61.4005,      3.4953,      0.1844,      0.1543,      6.7560,      0.1154,      5.4800,     10.9600,      1.0201,     27.8751,     55.7503,      0.0189,      0.0003,      0.2500,      0.2008,   7531.7441,-423254.7812,   -911.6861,    540.6830,  25105.8125,
       1,     166,     230,      12,       1,       3,       1,     10.0000,      1.3831,     42.3372,    243.9785,     61.4005,      3.4953,      0.1841,      0.1536,      4.9122,      0.1272,      5.4800,     10.9600,      1.1238,     27.8751,     55.7503,      0.0189,      0.0002,      0.2500,      0.2008,   7531.7441,-424997.0625,   -912.6302,    540.5654,  25105.8105,
       1,     166,     230,      13,       1,       3,       1,     10.0000,      1.3831,     42.3372,    243.9785,     61.4005,      3.4953,      0.1764,      0.1451,      5.7704,      0.1488,      5.4800,     10.9600,      1.3146,     27.8751,     55.7503,      0.0189,      0.0003,      0.2388,      0.2008,   7531.7437,-422813.8125,   -914.1058,    540.7129,  25105.8125,
       1,     166,     230,      14,       1,       3,       1,     10.0000,      1.3831,     42.3372,    243.9785,     61.4005,      3.4953,      0.1846,      0.1530,     13.5532,      0.1553,      5.4800,     10.9600,      1.3726,     27.8751,     55.7503,      0.0189,      0.0007,      0.2500,      0.2008,   7531.7441,-423712.5625,   -915.4784,    540.6522,  25105.8125,
       1,     166,     230,      15,       1,       3,       1,     10.0000,      1.3831,     42.3372,    243.9785,     61.4005,      3.4953,      0.1841,      0.1523,      9.0240,      0.1641,      5.4800,     10.9600,      1.4503,     27.8751,     55.7503,      0.0189,      0.0005,      0.2500,      0.2008,   7531.7441,-433633.9688,   -918.6235,    539.9817,  25105.8145,
       1,     166,     230,      16,       1,       3,       1,     10.0000,      1.3831,     42.3372,    243.9785,     61.4005,      3.4953,      0.1841,      0.1522,      8.5670,      0.1656,      5.4800,     10.9600,      1.4634,     27.8751,     55.7503,      0.0189,      0.0004,      0.2500,      0.2008,   7531.7446,-428753.3438,   -919.2208,    540.3115,  25105.8125,
       1,     166,     230,      17,       1,       3,       1,     10.0000,      1.3831,     42.3372,    243.9785,     61.4005,      3.4953,      0.1846,      0.1526,     15.4107,      0.1690,      5.4800,     10.9600,      1.4930,     27.8751,     55.7503,      0.0189,      0.0008,      0.2500,      0.2008,   7531.7441,-427758.0625,   -920.2809,    540.3788,  25105.8105,
       1,     166,     230,      18,       1,       3,       1,     10.0000,      1.3831,     42.3372,    243.9785,     61.4005,      3.4953,      0.1629,      0.1312,     36.2081,      0.1604,      5.4800,     10.9600,      1.4173,     27.8751,     55.7503,      0.0189,      0.0021,      0.2153,      0.2008,   7531.7437,-436330.3125,   -922.6457,    539.7998,  25105.8105,
       1,     166,     230,      19,       1,       3,       1,     10.0000,      1.3831,     42.3372,    243.9785,     61.4005,      3.4953,      0.1132,      0.0818,     26.3074,      0.1527,      5.4800,     10.9600,      1.3494,     27.8751,     55.7503,      0.0189,      0.0023,      0.1432,      0.2008,   7531.7437,-463376.0625,   -928.2714,    537.9752,  25105.8145,
       1,     166,     230,      20,       1,       3,       1,     10.0000,      1.3831,     42.3372,    243.9785,     61.4005,      3.4953,      0.0269,     -0.0043,      3.6265,      0.1480,      5.4800,     10.9600,      1.3080,     27.8751,     55.7503,      0.0189,      0.0024,      0.0187,      0.2008,   7531.7446,-453163.1875,   -926.8113,    538.6651,  25105.8105,
       1,     166,     230,      21,       1,       3,       1,     10.0000,      1.3831,     42.3372,    243.9785,     61.4005,      3.4953,      0.0000,     -0.0311,      3.1191,      0.1439,      5.4800,     10.9600,      1.2716,     27.8751,     55.7503,      0.0189,      0.0025,      0.0156,      0.2008,   7531.7437,-423587.4062,   -921.5143,    540.6569,  25105.8145,
       1,     166,     230,      22,       1,       3,       1,     10.0000,      1.3831,     42.3372,    243.9785,     61.4005,      3.4953,      0.0000,     -0.0311,      3.0355,      0.1416,      5.4800,     10.9600,      1.2512,     27.8751,     55.7503,      0.0189,      0.0024,      0.0156,      0.2008,   7531.7446,-420429.4375,   -921.0289,    540.8740,  25105.8145,
       1,     166,     230,      23,       1,       3,       1,     10.0000,      1.3831,     42.3372,    243.9785,     61.4005,      3.4953,      0.0000,     -0.0310,      2.3187,      0.1405,      5.4800,     10.9600,      1.2412,     27.8751,     55.7503,      0.0189,      0.0019,      0.0156,      0.2008,   7531.7446,-420049.1250,   -921.0651,    540.8998,  25105.8105,
       1,     166,     230,      24,       1,       3,       1,     10.0000,      1.3831,     42.3372,    243.9785,     61.4005,      3.4953,      0.0000,     -0.0309,      1.7958,      0.1379,      5.4800,     10.9600,      1.2188,     27.8751,     55.7503,      0.0189,      0.0014,      0.0156,      0.2008,   7531.7437,-419110.2500,   -920.9713,    540.9633,  25105.8145,
       1,     166,     231,       1,       1,       3,       1,     10.0000,      1.3831,     42.3376,    243.9843,     61.4019,      3.4953,      0.0000,     -0.0308,      1.3801,      0.1350,      5.4796,     10.9592,      1.1932,     27.8808,     55.7616,      0.0189,      0.0011,      0.0156,      0.2009,   7531.7446,-418523.3438,   -921.1803,    541.0156,  25106.9395,
       1,     166,     231,       2,       1,       3,       1,     10.0000,      1.3831,     42.3376,    243.9843,     61.4019,      3.4953,      0.0000,     -0.0308,      1.0412,      0.1344,      5.4796,     10.9592,      1.1872,     27.8808,     55.7616,      0.0189,      0.0008,      0.0156,      0.2009,   7532.0820,-417795.1250,   -920.8268,    541.0648,  25106.9395,
       1,     166,     231,       3,       1,       3,       1,     10.0000,      1.3831,     42.3376,    243.9843,     61.4019,      3.4953,      0.0000,     -0.0308,      0.8910,      0.1345,      5.4796,     10.9592,      1.1884,     27.8808,     55.7616,      0.0189,      0.0007,      0.0156,      0.2009,   7532.0820,-417304.1562,   -920.7571,    541.0980,  25106.9395,
       1,     166,     231,       4,       1,       3,       1,     10.0000,      1.3831,     42.3376,    243.9843,     61.4019,      3.4953,      0.0000,     -0.0308,      0.8544,      0.1356,      5.4796,     10.9592,      1.1980,     27.8808,     55.7616,      0.0189,      0.0007,      0.0156,      0.2009,   7532.0820,-417072.2500,   -920.7401,    541.1137,  25106.9395,
       1,     166,     231,       5,       1,       3,       1,     10.0000,      1.3831,     42.3376,    243.9843,     61.4019,      3.4953,      0.0000,     -0.0308,      0.7177,      0.1345,      5.4796,     10.9592,      1.1884,     27.8808,     55.7616,      0.0189,      0.0006,      0.0156,      0.2009,   7532.0820,-417006.1875,   -920.7529,    541.1182,  25106.9395,
       1,     166,     231,       6,       1,       3,       1,     10.0000,      1.3831,     42.3376,    243.9843,     61.4019,      3.4953,      0.0000,     -0.0307,      0.5507,      0.1329,      5.4796,     10.9592,      1.1740,     27.8808,     55.7616,      0.0189,      0.0004,      0.0156,      0.2009,   7532.0820,-416827.6562,   -920.7402,    541.1302,  25106.9414,
       1,     166,     231,       7,       1,       3,       1,     10.0000,      1.3831,     42.3376,    243.9843,     61.4019,      3.4953,      0.0000,     -0.0307,      0.3293,      0.1319,      5.4796,     10.9592,      1.1657,     27.8808,     55.7616,      0.0189,      0.0003,      0.0156,      0.2009,   7532.0825,-416600.7500,   -920.7078,    541.1456,  25106.9395,
       1,     166,     231,       8,       1,       3,       1,     10.0000,      1.3831,     42.3376,    243.9843,     61.4019,      3.4953,      0.0088,     -0.0218,      0.3945,      0.1293,      5.4796,     10.9592,      1.1423,     27.8808,     55.7616,      0.0189,      0.0003,      0.0156,      0.2009,   7532.0820,-416301.8438,   -920.6552,    541.1658,  25106.9395,
       1,     166,     231,       9,       1,       3,       1,     10.0000,      1.3831,     42.3376,    243.9843,     61.4019,      3.4953,      0.0839,      0.0532,      3.1348,      0.1335,      5.4796,     10.9592,      1.1800,     27.8808,     55.7616,      0.0189,      0.0004,      0.1031,      0.2009,   7532.0820,-416358.5625,   -920.6804,    541.1620,  25106.9395,
       1,     166,     231,      10,       1,       3,       1,     10.0000,      1.3831,     42.3376,    243.9843,     61.4019,      3.4953,      0.1534,      0.1219,      7.7278,      0.1566,      5.4796,     10.9592,      1.3837,     27.8808,     55.7616,      0.0189,      0.0005,      0.2047,      0.2009,   7532.0820,-419828.9688,   -921.4185,    540.9272,  25106.9395,
       1,     166,     231,      11,       1,       3,       1,     10.0000,      1.3831,     42.3376,    243.9843,     61.4019,      3.4953,      0.1726,      0.1403,      6.7060,      0.1785,      5.4796,     10.9592,      1.5770,     27.8808,     55.7616,      0.0189,      0.0004,      0.2333,      0.2009,   7532.0820,-425934.7812,   -922.9590,    540.5144,  25106.9375,
       1,     166,     231,      12,       1,       3,       1,     10.0000,      1.3831,     42.3376,    243.9843,     61.4019,      3.4953,      0.1482,      0.1155,      6.0378,      0.1887,      5.4796,     10.9592,      1.6671,     27.8808,     55.7616,      0.0189,      0.0004,      0.1971,      0.2009,   7532.0815,-425165.1875,   -923.1323,    540.5665,  25106.9414,
       1,     166,     231,      13,       1,       3,       1,     10.0000,      1.3831,     42.3376,    243.9843,     61.4019,      3.4953,      0.1647,      0.1318,      7.2181,      0.1990,      5.4796,     10.9592,      1.7586,     27.8808,     55.7616,      0.0189,      0.0004,      0.2216,      0.2009,   7532.0825,-424253.4375,   -923.1635,    540.6282,  25106.9395,
       1,     166,     231,      14,       1,       3,       1,     10.0000,      1.3831,     42.3376,    243.9843,     61.4019,      3.4953,      0.1838,      0.1504,      8.8647,      0.2143,      5.4796,     10.9592,      1.8933,     27.8808,     55.7616,      0.0189,      0.0004,      0.2500,      0.2009,   7532.0820,-425668.7188,   -923.6759,    540.5326,  25106.9395,
       1,     166,     231,      15,       1,       3,       1,     10.0000,      1.3831,     42.3376,    243.9843,     61.4019,      3.4953,      0.1854,      0.1533,     25.0654,      0.1701,      5.4796,     10.9592,      1.5034,     27.8808,     55.7616,      0.0189,      0.0013,      0.2500,      0.2009,   7532.0820,-427872.3125,   -924.4662,    540.3836,  25106.9395,
       1,     166,     231,      16,       1,       3,       1,     10.0000,      1.3831,     42.3376,    243.9843,     61.4019,      3.4953,      0.1640,      0.1340,     33.6895,      0.1138,      5.4796,     10.9592,      1.0056,     27.8808,     55.7616,      0.0189,      0.0019,      0.2170,      0.2008,   7532.0820,-448552.4375,   -917.0922,    538.9868,  25106.9395,
       1,     166,     231,      17,       1,       3,       1,     10.0000,      1.3831,     42.3376,    243.9843,     61.4019,      3.4953,      0.1744,      0.1445,     44.1715,      0.1126,      5.4796,     10.9592,      0.9953,     27.8808,     55.7616,      0.0189,      0.0024,      0.2310,      0.2008,   7532.0820,-461236.2812,   -919.1732,    538.1341,  25106.9395,
       1,     166,     231,      18,       1,       3,       1,     10.0000,      1.3831,     42.3376,    243.9843,     61.4019,      3.4953,      0.1382,      0.1082,     41.8346,      0.1145,      5.4796,     10.9592,      1.0118,     27.8808,     55.7616,      0.0189,      0.0029,      0.1784,      0.2008,   7532.0820,-475583.1562,   -922.0024,    537.1697,  25106.9414,
       1,     166,     231,      19,       1,       3,       1,     10.0000,      1.3831,     42.3376,    243.9843,     61.4019,      3.4953,      0.0246,     -0.0053,      4.5571,      0.1139,      5.4796,     10.9592,      1.0066,     27.8808,     55.7616,      0.0189,      0.0034,      0.0168,      0.2008,   7532.0825,-473850.5625,   -921.4532,    537.2869,  25106.8535,
       1,     166,     231,      20,       1,       3,       1,     10.0000,      1.3831,     42.3376,    243.9843,     61.4019,      3.4953,      0.0021,     -0.0279,      2.9964,      0.1144,      5.4796,     10.9592,      1.0107,     27.8808,     55.7616,      0.0189,      0.0024,      0.0156,      0.2008,   7532.0562,-426529.8125,   -912.6198,    540.4650,  25106.9395,
       1,     166,     231,      21,       1,       3,       1,     10.0000,      1.3831,     42.3376,    243.9843,     61.4019,      3.4953,      0.0000,     -0.0300,      0.3951,      0.1150,      5.4796,     10.9592,      1.0159,     27.8808,     55.7616,      0.0189,      0.0003,      0.0156,      0.2009,   7532.0820,-420535.5000,   -911.2811,    540.8793,  25106.9395,
       1,     166,     231,      22,       1,       3,       1,     10.0000,      1.3831,     42.3376,    243.9843,     61.4019,      3.4953,      0.0000,     -0.0300,      0.3023,      0.1149,      5.4796,     10.9592,      1.0149,     27.8808,     55.7616,      0.0189,      0.0002,      0.0156,      0.2009,   7532.0820,-416721.6875,   -910.1816,    541.1373,  25106.9395,
       1,     166,     231,      23,       1,       3,       1,     10.0000,      1.3831,     42.3376,    243.9843,     61.4019,      3.4953,      0.0000,     -0.0300,      0.2704,      0.1147,      5.4796,     10.9592,      1.0138,     27.8808,     55.7616,      0.0189,      0.0002,      0.0156,      0.2009,   7532.0820,-416278.0000,   -910.0876,    541.1674,  25106.9375,
       1,     166,     231,      24,       1,       3,       1,     10.0000,      1.3831,     42.3376,    243.9843,     61.4019,      3.4953,      0.0000,     -0.0300,      0.2726,      0.1156,      5.4796,     10.9592,      1.0211,     27.8808,     55.7616,      0.0189,      0.0002,      0.0156,      0.2009,   7532.0815,-416199.7812,   -910.0698,    541.1727,  25106.9395,
       1,     166,     232,       1,       1,       3,       1,     10.0000,      1.3831,     42.3379,    243.9900,     61.4034,      3.4953,      0.0000,     -0.0301,      0.2748,      0.1164,      5.4803,     10.9606,      1.0285,     27.8822,     55.7643,      0.0189,      0.0002,      0.0156,      0.2009,   7532.0820,-416351.6250,   -910.3521,    541.1753,  25108.0625,
       1,     166,     232,       2,       1,       3,       1,     10.0000,      1.3831,     42.3379,    243.9900,     61.4034,      3.4953,      0.0000,     -0.0300,      0.2716,      0.1152,      5.4803,     10.9606,      1.0180,     27.8822,     55.7643,      0.0189,      0.0002,      0.0156,      0.2009,   7532.4189,-416214.9062,   -910.0799,    541.1846,  25108.0664,
       1,     166,     232,       3,       1,       3,       1,     10.0000,      1.3831,     42.3379,    243.9900,     61.4034,      3.4953,      0.0000,     -0.0302,      0.2797,      0.1182,      5.4803,     10.9606,      1.0444,     27.8822,     55.7643,      0.0189,      0.0002,      0.0156,      0.2009,   7532.4204,-416198.7812,   -910.0779,    541.1856,  25108.0664,
       1,     166,     232,       4,       1,       3,       1,     10.0000,      1.3831,     42.3379,    243.9900,     61.4034,      3.4953,      0.0000,     -0.0302,      0.2823,      0.1192,      5.4803,     10.9606,      1.0529,     27.8822,     55.7643,      0.0189,      0.0002,      0.0156,      0.2009,   7532.4204,-416207.6562,   -910.0807,    541.1851,  25108.0645,
       1,     166,     232,       5,       1,       3,       1,     10.0000,      1.3831,     42.3379,    243.9900,     61.4034,      3.4953,      0.0000,     -0.0300,      0.2716,      0.1152,      5.4803,     10.9606,      1.0180,     27.8822,     55.7643,      0.0189,      0.0002,      0.0156,      0.2009,   7532.4194,-416211.8438,   -910.0833,    541.1848,  25108.0664,
       1,     166,     232,       6,       1,       3,       1,     10.0000,      1.3831,     42.3379,    243.9900,     61.4034,      3.4953,      0.0000,     -0.0301,      0.2784,      0.1177,      5.4803,     10.9606,      1.0401,     27.8822,     55.7643,      0.0189,      0.0002,      0.0156,      0.2009,   7532.4204,-416198.4688,   -910.0819,    541.1856,  25108.0645,
       1,     166,     232,       7,       1,       3,       1,     10.0000,      1.3831,     42.3379,    243.9900,     61.4034,      3.4953,      0.0000,     -0.0302,      0.2830,      0.1194,      5.4803,     10.9606,      1.0551,     27.8822,     55.7643,      0.0189,      0.0002,      0.0156,      0.2009,   7532.4194,-416206.1250,   -910.0853,    541.1851,  25108.0664,
       1,     166,     232,       8,       1,       3,       1,     10.0000,      1.3831,     42.3379,    243.9900,     61.4034,      3.4953,      0.0045,     -0.0258,      0.2850,      0.1201,      5.4803,     10.9606,      1.0616,     27.8822,     55.7643,      0.0189,      0.0002,      0.0156,      0.2009,   7532.4204,-416212.4062,   -910.0871,    541.1848,  25108.0645,
       1,     166,     232,       9,       1,       3,       1,     10.0000,      1.3831,     42.3379,    243.9900,     61.4034,      3.4953,      0.0610,      0.0304,      1.3667,      0.1277,      5.4803,     10.9606,      1.1285,     27.8822,     55.7643,      0.0189,      0.0002,      0.0698,      0.2009,   7532.4194,-416215.5625,   -910.1125,    541.1845,  25108.0664,
       1,     166,     232,      10,       1,       3,       1,     10.0000,      1.3831,     42.3379,    243.9900,     61.4034,      3.4953,      0.1331,      0.1020,      3.8791,      0.1422,      5.4803,     10.9606,      1.2564,     27.8822,     55.7643,      0.0189,      0.0003,      0.1752,      0.2009,   7532.4204,-417583.5312,   -910.5781,    541.0920,  25108.0645,
       1,     166,     232,      11,       1,       3,       1,     10.0000,      1.3831,     42.3379,    243.9900,     61.4034,      3.4953,      0.1462,      0.1145,      4.9032,      0.1593,      5.4803,     10.9606,      1.4075,     27.8822,     55.7643,      0.0189,      0.0003,      0.1944,      0.2009,   7532.4194,-420877.6875,   -911.8951,    540.8693,  25108.0664,
       1,     166,     232,      12,       1,       3,       1,     10.0000,      1.3831,     42.3379,    243.9900,     61.4034,      3.4953,      0.1839,      0.1519,      6.8018,      0.1701,      5.4803,     10.9606,      1.5035,     27.8822,     55.7643,      0.0189,      0.0003,      0.2500,      0.2009,   7532.4204,-422454.3750,   -912.9345,    540.7626,  25108.0664,
       1,     166,     232,      13,       1,       3,       1,     10.0000,      1.3831,     42.3379,    243.9900,     61.4034,      3.4953,      0.1840,      0.1521,      6.5271,      0.1641,      5.4803,     10.9606,      1.4504,     27.8822,     55.7643,      0.0189,      0.0003,      0.2500,      0.2009,   7532.4204,-424990.2812,   -914.7806,    540.5912,  25108.0664,
       1,     166,     232,      14,       1,       3,       1,     10.0000,      1.3831,     42.3379,    243.9900,     61.4034,      3.4953,      0.1840,      0.1523,      6.3280,      0.1598,      5.4803,     10.9606,      1.4117,     27.8822,     55.7643,      0.0189,      0.0003,      0.2500,      0.2009,   7532.4204,-424859.6875,   -915.9928,    540.6001,  25108.0664,
       1,     166,     232,      15,       1,       3,       1,     10.0000,      1.3831,     42.3379,    243.9900,     61.4034,      3.4953,      0.1847,      0.1525,     16.0235,      0.1722,      5.4803,     10.9606,      1.5216,     27.8822,     55.7643,      0.0189,      0.0008,      0.2500,      0.2009,   7532.4204,-424596.6875,   -916.8652,    540.6178,  25108.0684,
       1,     166,     232,      16,       1,       3,       1,     10.0000,      1.3831,     42.3379,    243.9900,     61.4034,      3.4953,      0.1074,      0.0751,     19.5036,      0.1771,      5.4803,     10.9606,      1.5646,     27.8822,     55.7643,      0.0189,      0.0018,      0.1350,      0.2009,   7532.4209,-436835.3125,   -920.2391,    539.7908,  25108.0664,
       1,     166,     232,      17,       1,       3,       1,     10.0000,      1.3831,     42.3379,    243.9900,     61.4034,      3.4953,      0.0378,      0.0060,      6.3803,      0.1630,      5.4803,     10.9606,      1.4403,     27.8822,     55.7643,      0.0189,      0.0024,      0.0339,      0.2009,   7532.4204,-442285.2812,   -921.6661,    539.4236,  25108.0684,
       1,     166,     232,      18,       1,       3,       1,     10.0000,      1.3831,     42.3379,    243.9900,     61.4034,      3.4953,      0.0263,     -0.0053,      3.2806,      0.1571,      5.4803,     10.9606,      1.3879,     27.8822,     55.7643,      0.0189,      0.0023,      0.0174,      0.2009,   7532.4209,-426149.5938,   -919.0310,    540.5118,  25108.0664,
       1,     166,     232,      19,       1,       3,       1,     10.0000,      1.3831,     42.3379,    243.9900,     61.4034,      3.4953,      0.0428,      0.0118,      6.6097,      0.1393,      5.4803,     10.9606,      1.2312,     27.8822,     55.7643,      0.0189,      0.0020,      0.0421,      0.2009,   7532.4204,-420854.3750,   -911.3329,    540.8706,  25108.0664,
       1,     166,     232,      20,       1,       3,       1,     10.0000,      1.3831,     42.3379,    243.9900,     61.4034,      3.4953,      0.0151,     -0.0157,      0.4274,      0.1356,      5.4803,     10.9606,      1.1981,     27.8822,     55.7643,      0.0189,      0.0024,      0.0023,      0.2009,   7532.4204,-424610.7188,   -912.0115,    540.6168,  25108.0664,
       1,     166,     232,      21,       1,       3,       1,     10.0000,      1.3831,     42.3379,    243.9900,     61.4034,      3.4953,      0.0000,     -0.0307,      3.1766,      0.1333,      5.4803,     10.9606,      1.1776,     27.8822,     55.7643,      0.0189,      0.0025,      0.0156,      0.2009,   7532.4204,-417113.3438,   -911.0762,    541.1235,  25108.0664,
       1,     166,     232,      22,       1,       3,       1,     10.0000,      1.3831,     42.3379,    243.9900,     61.4034,      3.4953,      0.0000,     -0.0308,      2.6788,      0.1344,      5.4803,     10.9606,      1.1872,     27.8822,     55.7643,      0.0189,      0.0021,      0.0156,      0.2009,   7532.4204,-419949.3125,   -911.9830,    540.9319,  25108.0645,
       1,     166,     232,      23,       1,       3,       1,     10.0000,      1.3831,     42.3379,    243.9900,     61.4034,      3.4953,      0.0000,     -0.0309,      1.9870,      0.1382,      5.4803,     10.9606,      1.2213,     27.8822,     55.7643,      0.0189,      0.0016,      0.0156,      0.2009,   7532.4194,-419562.3125,   -912.2214,    540.9582,  25108.0664,
       1,     166,     232,      24,       1,       3,       1,     10.0000,      1.3831,     42.3379,    243.9900,     61.4034,      3.4953,      0.0000,     -0.0311,      0.6557,      0.1418,      5.4803,     10.9606,      1.2526,     27.8822,     55.7643,      0.0189,      0.0005,      0.0156,      0.2009,   7532.4204,-418654.2188,   -912.2733,    541.0196,  25108.0664,
       1,     166,     233,       1,       1,       3,       1,     10.0000,      1.3831,     42.3382,    243.9958,     61.4048,      3.4953,      0.0000,     -0.0311,      0.4147,      0.1439,      5.4807,     10.9614,      1.2717,     27.8762,     55.7524,      0.0189,      0.0003,      0.0156,      0.2009,   7532.4204,-417048.7500,   -912.2857,    541.1411,  25109.1914,
       1,     166,     233,       2,       1,       3,       1,     10.0000,      1.3831,     42.3382,    243.9958,     61.4048,      3.4953,      0.0000,     -0.0311,      0.5332,      0.1432,      5.4807,     10.9614,      1.2653,     27.8762,     55.7524,      0.0189,      0.0004,      0.0156,      0.2009,   7532.7578,-416453.6875,   -911.9371,    541.1812,  25109.1914,
       1,     166,     233,       3,       1,       3,       1,     10.0000,      1.3831,     42.3382,    243.9958,     61.4048,      3.4953,      0.0000,     -0.0311,      0.6935,      0.1416,      5.4807,     10.9614,      1.2513,     27.8762,     55.7524,      0.0189,      0.0006,      0.0156,      0.2009,   7532.7578,-416552.6875,   -911.9804,    541.1746,  25109.1914,
       1,     166,     233,       4,       1,       3,       1,     10.0000,      1.3831,     42.3382,    243.9958,     61.4048,      3.4953,      0.0000,     -0.0304,      0.8206,      0.1243,      5.4807,     10.9614,      1.0979,     27.8762,     55.7524,      0.0189,      0.0007,      0.0156,      0.2009,   7532.7578,-416763.7188,   -912.0671,    541.1603,  25109.1934,
       1,     166,     233,       5,       1,       3,       1,     10.0000,      1.3831,     42.3382,    243.9958,     61.4048,      3.4953,      0.0000,     -0.0300,      0.8027,      0.1144,      5.4807,     10.9614,      1.0108,     27.8762,     55.7524,      0.0189,      0.0006,      0.0156,      0.2009,   7532.7583,-416942.3438,   -910.2835,    541.1483,  25109.1914,
       1,     166,     233,       6,       1,       3,       1,     10.0000,      1.3831,     42.3382,    243.9958,     61.4048,      3.4953,      0.0000,     -0.0300,      0.7358,      0.1145,      5.4807,     10.9614,      1.0118,     27.8762,     55.7524,      0.0189,      0.0006,      0.0156,      0.2009,   7532.7578,-416935.1250,   -910.3714,    541.1486,  25109.1914,
       1,     166,     233,       7,       1,       3,       1,     10.0000,      1.3831,     42.3382,    243.9958,     61.4048,      3.4953,      0.0000,     -0.0300,      0.6363,      0.1139,      5.4807,     10.9614,      1.0066,     27.8762,     55.7524,      0.0189,      0.0005,      0.0156,      0.2009,   7532.7578,-416850.0938,   -910.4335,    541.1545,  25109.1914,
       1,     166,     233,       8,       1,       3,       1,     10.0000,      1.3831,     42.3382,    243.9958,     61.4048,      3.4953,      0.0074,     -0.0226,      0.6277,      0.1145,      5.4807,     10.9614,      1.0118,     27.8762,     55.7524,      0.0189,      0.0005,      0.0156,      0.2009,   7532.7578,-416716.9062,   -910.4677,    541.1635,  25109.1914,
       1,     166,     233,       9,       1,       3,       1,     10.0000,      1.3831,     42.3382,    243.9958,     61.4048,      3.4953,      0.0505,      0.0200,      1.5261,      0.1248,      5.4807,     10.9614,      1.1024,     27.8762,     55.7524,      0.0189,      0.0004,      0.0545,      0.2009,   7532.7578,-416694.6250,   -910.5347,    541.1649,  25109.1934,
       1,     166,     233,      10,       1,       3,       1,     10.0000,      1.3831,     42.3382,    243.9958,     61.4048,      3.4953,      0.1134,      0.0822,      3.3241,      0.1455,      5.4807,     10.9614,      1.2859,     27.8762,     55.7524,      0.0189,      0.0003,      0.1462,      0.2009,   7532.7583,-417828.4688,   -910.9041,    541.0883,  25109.1934,
       1,     166,     233,      11,       1,       3,       1,     10.0000,      1.3831,     42.3382,    243.9958,     61.4048,      3.4953,      0.1673,      0.1358,      5.5075,      0.1549,      5.4807,     10.9614,      1.3686,     27.8762,     55.7524,      0.0189,      0.0003,      0.2255,      0.2009,   7532.7583,-420198.7812,   -911.9358,    540.9279,  25109.1914,
       1,     166,     233,      12,       1,       3,       1,     10.0000,      1.3831,     42.3382,    243.9958,     61.4048,      3.4953,      0.1812,      0.1491,      6.8334,      0.1732,      5.4807,     10.9614,      1.5307,     27.8762,     55.7524,      0.0189,      0.0003,      0.2460,      0.2009,   7532.7578,-423162.5625,   -912.0582,    540.7276,  25109.1914,
       1,     166,     233,      13,       1,       3,       1,     10.0000,      1.3831,     42.3382,    243.9958,     61.4048,      3.4953,      0.1839,      0.1518,      6.9753,      0.1739,      5.4807,     10.9614,      1.5368,     27.8762,     55.7524,      0.0189,      0.0003,      0.2500,      0.2009,   7532.7578,-425092.5000,   -913.3855,    540.5972,  25109.1914,
       1,     166,     233,      14,       1,       3,       1,     10.0000,      1.3831,     42.3382,    243.9958,     61.4048,      3.4953,      0.1840,      0.1526,      6.5004,      0.1523,      5.4807,     10.9614,      1.3454,     27.8762,     55.7524,      0.0189,      0.0003,      0.2500,      0.2009,   7532.7578,-425436.9062,   -912.9901,    540.5739,  25109.1914,
       1,     166,     233,      15,       1,       3,       1,     10.0000,      1.3831,     42.3382,    243.9958,     61.4048,      3.4953,      0.1851,      0.1537,     19.8810,      0.1516,      5.4807,     10.9614,      1.3400,     27.8762,     55.7524,      0.0189,      0.0010,      0.2500,      0.2009,   7532.7578,-424865.9375,   -914.4510,    540.6125,  25109.1914,
       1,     166,     233,      16,       1,       3,       1,     10.0000,      1.3831,     42.3382,    243.9958,     61.4048,      3.4953,      0.1795,      0.1485,     24.3166,      0.1393,      5.4807,     10.9614,      1.2313,     27.8762,     55.7524,      0.0189,      0.0013,      0.2411,      0.2009,   7532.7578,-441736.6875,   -918.8671,    539.4724,  25109.1914,
       1,     166,     233,      17,       1,       3,       1,     10.0000,      1.3831,     42.3382,    243.9958,     61.4048,      3.4953,      0.1128,      0.0818,     24.6673,      0.1389,      5.4807,     10.9614,      1.2275,     27.8762,     55.7524,      0.0189,      0.0022,      0.1429,      0.2009,   7532.7578,-448792.2188,   -916.9292,    538.9979,  25109.1914,
       1,     166,     233,      18,       1,       3,       1,     10.0000,      1.3831,     42.3382,    243.9958,     61.4048,      3.4953,      0.0999,      0.0687,     22.7091,      0.1457,      5.4807,     10.9614,      1.2872,     27.8762,     55.7524,      0.0189,      0.0023,      0.1240,      0.2009,   7532.7578,-449837.3125,   -916.8357,    538.9277,  25109.1914,
       1,     166,     233,      19,       1,       3,       1,     10.0000,      1.3831,     42.3382,    243.9958,     61.4048,      3.4953,      0.0875,      0.0566,      5.5940,      0.1363,      5.4807,     10.9614,      1.2042,     27.8762,     55.7524,      0.0189,      0.0006,      0.1080,      0.2009,   7532.7578,-447449.2500,   -916.3775,    539.0886,  25109.1914,
       1,     166,     233,      20,       1,       3,       1,     10.0000,      1.3831,     42.3382,    243.9958,     61.4048,      3.4953,      0.0108,     -0.0199,      0.8492,      0.1326,      5.4807,     10.9614,      1.1717,     27.8762,     55.7524,      0.0189,      0.0007,      0.0156,      0.2009,   7532.7578,-425596.2500,   -912.0801,    540.5612,  25109.1914,
       1,     166,     233,      21,       1,       3,       1,     10.0000,      1.3831,     42.3382,    243.9958,     61.4048,      3.4953,      0.0000,     -0.0305,      0.6929,      0.1263,      5.4807,     10.9614,      1.1159,     27.8762,     55.7524,      0.0189,      0.0006,      0.0156,      0.2009,   7532.7578,-417736.0000,   -910.4526,    541.0943,  25109.1914,
       1,     166,     233,      22,       1,       3,       1,     10.0000,      1.3831,     42.3382,    243.9958,     61.4048,      3.4953,      0.0000,     -0.0304,      0.2996,      0.1255,      5.4807,     10.9614,      1.1091,     27.8762,     55.7524,      0.0189,      0.0002,      0.0156,      0.2009,   7532.7578,-416864.5000,   -910.2476,    541.1534,  25109.1895,
       1,     166,     233,      23,       1,       3,       1,     10.0000,      1.3831,     42.3382,    243.9958,     61.4048,      3.4953,      0.0000,     -0.0301,      0.2774,      0.1174,      5.4807,     10.9614,      1.0369,     27.8762,     55.7524,      0.0189,      0.0002,      0.0156,      0.2009,   7532.7573,-416292.8750,   -910.0856,    541.1922,  25109.1934,
       1,     166,     233,      24,       1,       3,       1,     10.0000,      1.3831,     42.3382,    243.9958,     61.4048,      3.4953,      0.0000,     -0.0303,      0.2907,      0.1222,      5.4807,     10.9614,      1.0802,     27.8762,     55.7524,      0.0189,      0.0002,      0.0156,      0.2009,   7532.7583,-416215.2188,   -910.0721,    541.1974,  25109.1895,
       1,     166,     234,       1,       1,       3,       1,     10.0000,      1.3831,     42.3386,    244.0015,     61.4063,      3.4953,      0.0000,     -0.0304,      0.2941,      0.1235,      5.4806,     10.9612,      1.0913,     27.8766,     55.7533,      0.0189,      0.0002,      0.0156,      0.2009,   7532.7573,-416381.2500,   -910.3593,    541.1989,  25110.3125,
       1,     166,     234,       2,       1,       3,       1,     10.0000,      1.3831,     42.3386,    244.0015,     61.4063,      3.4953,      0.0000,     -0.0304,      0.2958,      0.1241,      5.4806,     10.9612,      1.0968,     27.8766,     55.7533,      0.0189,      0.0002,      0.0156,      0.2009,   7533.0942,-416247.2500,   -910.0872,    541.2079,  25110.3125,
       1,     166,     234,       3,       1,       3,       1,     10.0000,      1.3831,     42.3386,    244.0015,     61.4063,      3.4953,      0.0000,     -0.0302,      0.2836,      0.1197,      5.4806,     10.9612,      1.0573,     27.8766,     55.7533,      0.0189,      0.0002,      0.0156,      0.2009,   7533.0942,-416237.9062,   -910.0747,    541.2086,  25110.3125,
       1,     166,     234,       4,       1,       3,       1,     10.0000,      1.3831,     42.3386,    244.0015,     61.4063,      3.4953,      0.0000,     -0.0303,      0.2880,      0.1213,      5.4806,     10.9612,      1.0714,     27.8766,     55.7533,      0.0189,      0.0002,      0.0156,      0.2009,   7533.0942,-416221.7812,   -910.0731,    541.2097,  25110.3105,
       1,     166,     234,       5,       1,       3,       1,     10.0000,      1.3831,     42.3386,    244.0015,     61.4063,      3.4953,      0.0000,     -0.0304,      0.2934,      0.1232,      5.4806,     10.9612,      1.0890,     27.8766,     55.7533,      0.0189,      0.0002,      0.0156,      0.2009,   7533.0933,-416226.2188,   -910.0762,    541.2094,  25110.3105,
       1,     166,     234,       6,       1,       3,       1,     10.0000,      1.3831,     42.3386,    244.0015,     61.4063,      3.4953,      0.0000,     -0.0304,      0.2968,      0.1245,      5.4806,     10.9612,      1.1002,     27.8766,     55.7533,      0.0189,      0.0002,      0.0156,      0.2009,   7533.0933,-416233.4688,   -910.0793,    541.2089,  25110.3105,
       1,     166,     234,       7,       1,       3,       1,     10.0000,      1.3831,     42.3386,    244.0015,     61.4063,      3.4953,      0.0000,     -0.0300,      0.2676,      0.1137,      5.4806,     10.9612,      1.0046,     27.8766,     55.7533,      0.0189,      0.0002,      0.0156,      0.2009,   7533.0933,-416238.3750,   -910.0755,    541.2085,  25110.3125,
       1,     166,     234,       8,       1,       3,       1,     10.0000,      1.3831,     42.3386,    244.0015,     61.4063,      3.4953,      0.0127,     -0.0172,      0.2611,      0.1113,      5.4806,     10.9612,      0.9832,     27.8766,     55.7533,      0.0189,      0.0002,      0.0156,      0.2009,   7533.0942,-416201.5312,   -910.0681,    541.2110,  25110.3105,
       1,     166,     234,       9,       1,       3,       1,     10.0000,      1.3831,     42.3386,    244.0015,     61.4063,      3.4953,      0.0524,      0.0223,      1.0303,      0.1178,      5.4806,     10.9612,      1.0412,     27.8766,     55.7533,      0.0189,      0.0002,      0.0577,      0.2009,   7533.0933,-416190.5312,   -910.1000,    541.2118,  25110.3145,
       1,     166,     234,      10,       1,       3,       1,     10.0000,      1.3831,     42.3386,    244.0015,     61.4063,      3.4953,      0.0625,      0.0320,      1.3907,      0.1260,      5.4806,     10.9612,      1.1137,     27.8766,     55.7533,      0.0189,      0.0002,      0.0721,      0.2009,   7533.0947,-417161.3750,   -910.4175,    541.1461,  25110.3125,
       1,     166,     234,      11,       1,       3,       1,     10.0000,      1.3831,     42.3386,    244.0015,     61.4063,      3.4953,      0.1096,      0.0785,      3.3461,      0.1431,      5.4806,     10.9612,      1.2640,     27.8766,     55.7533,      0.0189,      0.0003,      0.1407,      0.2009,   7533.0942,-417700.3125,   -910.6782,    541.1096,  25110.3125,
       1,     166,     234,      12,       1,       3,       1,     10.0000,      1.3831,     42.3386,    244.0015,     61.4063,      3.4953,      0.1443,      0.1125,      4.9639,      0.1622,      5.4806,     10.9612,      1.4332,     27.8766,     55.7533,      0.0189,      0.0003,      0.1914,      0.2009,   7533.0942,-420218.4062,   -911.4486,    540.9393,  25110.3145,
       1,     166,     234,      13,       1,       3,       1,     10.0000,      1.3831,     42.3386,    244.0015,     61.4063,      3.4953,      0.1770,      0.1447,      6.9233,      0.1792,      5.4806,     10.9612,      1.5834,     27.8766,     55.7533,      0.0189,      0.0004,      0.2398,      0.2009,   7533.0947,-422479.0938,   -912.4288,    540.7864,  25110.3145,
       1,     166,     234,      14,       1,       3,       1,     10.0000,      1.3831,     42.3386,    244.0015,     61.4063,      3.4953,      0.1568,      0.1240,      6.5829,      0.1926,      5.4806,     10.9612,      1.7023,     27.8766,     55.7533,      0.0189,      0.0004,      0.2098,      0.2009,   7533.0947,-425149.6562,   -913.9166,    540.6059,  25110.3125,
       1,     166,     234,      15,       1,       3,       1,     10.0000,      1.3831,     42.3386,    244.0015,     61.4063,      3.4953,      0.1476,      0.1149,      7.6449,      0.1898,      5.4806,     10.9612,      1.6772,     27.8766,     55.7533,      0.0189,      0.0005,      0.1960,      0.2009,   7533.0942,-424947.8125,   -914.5501,    540.6196,  25110.3125,
       1,     166,     234,      16,       1,       3,       1,     10.0000,      1.3831,     42.3386,    244.0015,     61.4063,      3.4953,      0.1835,      0.1508,     28.5530,      0.1938,      5.4806,     10.9612,      1.7124,     27.8766,     55.7533,      0.0189,      0.0014,      0.2471,      0.2009,   7533.0942,-426273.1875,   -915.3021,    540.5301,  25110.3125,
       1,     166,     234,      17,       1,       3,       1,     10.0000,      1.3831,     42.3386,    244.0015,     61.4063,      3.4953,      0.1869,      0.1551,     43.3723,      0.1617,      5.4806,     10.9612,      1.4289,     27.8766,     55.7533,      0.0189,      0.0022,      0.2500,      0.2009,   7533.0942,-452822.2500,   -921.2845,    538.7362,  25110.3125,
       1,     166,     234,      18,       1,       3,       1,     10.0000,      1.3831,     42.3386,    244.0015,     61.4063,      3.4953,      0.0522,      0.0211,     12.3693,      0.1438,      5.4806,     10.9612,      1.2704,     27.8766,     55.7533,      0.0189,      0.0028,      0.0550,      0.2009,   7533.0942,-473843.3438,   -926.6655,    537.3236,  25110.3125,
       1,     166,     234,      19,       1,       3,       1,     10.0000,      1.3831,     42.3386,    244.0015,     61.4063,      3.4953,      0.0032,     -0.0277,      4.2778,      0.1377,      5.4806,     10.9612,      1.2164,     27.8766,     55.7533,      0.0189,      0.0034,      0.0156,      0.2009,   7533.0942,-436411.2500,   -915.3512,    539.8397,  25110.3125,
       1,     166,     234,      20,       1,       3,       1,     10.0000,      1.3831,     42.3386,    244.0015,     61.4063,      3.4953,      0.0017,     -0.0292,      4.2591,      0.1370,      5.4806,     10.9612,      1.2103,     27.8766,     55.7533,      0.0189,      0.0034,      0.0156,      0.2009,   7533.0942,-423001.4688,   -913.4260,    540.7504,  25110.3125,
       1,     166,     234,      21,       1,       3,       1,     10.0000,      1.3831,     42.3386,    244.0015,     61.4063,      3.4953,      0.0000,     -0.0309,      4.0759,      0.1363,      5.4806,     10.9612,      1.2042,     27.8766,     55.7533,      0.0189,      0.0033,      0.0156,      0.2009,   7533.0942,-421827.0938,   -913.6830,    540.8306,  25110.3125,
       1,     166,     234,      22,       1,       3,       1,     10.0000,      1.3831,     42.3386,    244.0015,     61.4063,      3.4953,      0.0000,     -0.0308,      2.2998,      0.1341,      5.4806,     10.9612,      1.1848,     27.8766,     55.7533,      0.0189,      0.0018,      0.0156,      0.2009,   7533.0942,-421494.0938,   -914.0805,    540.8531,  25110.3145,
       1,     166,     234,      23,       1,       3,       1,     10.0000,      1.3831,     42.3386,    244.0015,     61.4063,      3.4953,      0.0000,     -0.0304,      0.9338,      0.1246,      5.4806,     10.9612,      1.1013,     27.8766,     55.7533,      0.0189,      0.0007,      0.0156,      0.2009,   7533.0947,-419219.8125,   -913.9199,    541.0068,  25110.3105,
       1,     166,     234,      24,       1,       3,       1,     10.0000,      1.3831,     42.3386,    244.0015,     61.4063,      3.4953,      0.0000,     -0.0303,      0.5415,      0.1224,      5.4806,     10.9612,      1.0813,     27.8766,     55.7533,      0.0189,      0.0004,      0.0156,      0.2009,   7533.0933,-417299.1250,   -913.6505,    541.1367,  25110.3125,
       1,     166,     235,       1,       1,       3,       1,     10.0000,      1.3832,     42.3389,    244.0073,     61.4077,      3.4953,      0.0000,     -0.0304,      0.5935,      0.1248,      5.4810,     10.9619,      1.1024,     27.8702,     55.7403,      0.0189,      0.0005,      0.0156,      0.2010,   7533.0942,-416794.4062,   -913.8433,    541.1838,  25111.4375,
       1,     166,     235,       2,       1,       3,       1,     10.0000,      1.3832,     42.3389,    244.0073,     61.4077,      3.4953,      0.0000,     -0.0304,      0.5610,      0.1255,      5.4810,     10.9619,      1.1092,     27.8702,     55.7403,      0.0189,      0.0004,      0.0156,      0.2010,   7533.4316,-416664.0312,   -913.5924,    541.1926,  25111.4395,
       1,     166,     235,       3,       1,       3,       1,     10.0000,      1.3832,     42.3389,    244.0073,     61.4077,      3.4953,      0.0000,     -0.0305,      0.7485,      0.1275,      5.4810,     10.9619,      1.1263,     27.8702,     55.7403,      0.0189,      0.0006,      0.0156,      0.2010,   7533.4321,-416611.6562,   -913.6028,    541.1962,  25111.4375,
       1,     166,     235,       4,       1,       3,       1,     10.0000,      1.3832,     42.3389,    244.0073,     61.4077,      3.4953,      0.0000,     -0.0302,      0.3553,      0.1197,      5.4810,     10.9619,      1.0573,     27.8702,     55.7403,      0.0189,      0.0003,      0.0156,      0.2010,   7533.4316,-416844.2812,   -913.6755,    541.1804,  25111.4375,
       1,     166,     235,       5,       1,       3,       1,     10.0000,      1.3832,     42.3389,    244.0073,     61.4077,      3.4953,      0.0000,     -0.0299,      0.4432,      0.1126,      5.4810,     10.9619,      0.9954,     27.8702,     55.7403,      0.0189,      0.0004,      0.0156,      0.2010,   7533.4316,-416367.1562,   -910.1087,    541.2127,  25111.4395,
       1,     166,     235,       6,       1,       3,       1,     10.0000,      1.3832,     42.3389,    244.0073,     61.4077,      3.4953,      0.0000,     -0.0300,      0.4882,      0.1133,      5.4810,     10.9619,      1.0015,     27.8702,     55.7403,      0.0189,      0.0004,      0.0156,      0.2010,   7533.4321,-416437.1250,   -910.1318,    541.2079,  25111.4355,
       1,     166,     235,       7,       1,       3,       1,     10.0000,      1.3832,     42.3389,    244.0073,     61.4077,      3.4953,      0.0000,     -0.0299,      0.3581,      0.1125,      5.4810,     10.9619,      0.9944,     27.8702,     55.7403,      0.0189,      0.0003,      0.0156,      0.2010,   7533.4312,-416500.7188,   -910.1520,    541.2036,  25111.4355,
       1,     166,     235,       8,       1,       3,       1,     10.0000,      1.3832,     42.3389,    244.0073,     61.4077,      3.4953,      0.0094,     -0.0205,      0.2950,      0.1123,      5.4810,     10.9619,      0.9923,     27.8702,     55.7403,      0.0189,      0.0002,      0.0156,      0.2010,   7533.4312,-416341.6250,   -910.1041,    541.2144,  25111.4375,
       1,     166,     235,       9,       1,       3,       1,     10.0000,      1.3832,     42.3389,    244.0073,     61.4077,      3.4953,      0.1096,      0.0795,      2.5504,      0.1157,      5.4810,     10.9619,      1.0223,     27.8702,     55.7403,      0.0189,      0.0002,      0.1411,      0.2010,   7533.4316,-416247.9375,   -910.1205,    541.2208,  25111.4395,
       1,     166,     235,      10,       1,       3,       1,     10.0000,      1.3832,     42.3389,    244.0073,     61.4077,      3.4953,      0.1747,      0.1442,      4.6280,      0.1277,      5.4810,     10.9619,      1.1285,     27.8702,     55.7403,      0.0189,      0.0002,      0.2363,      0.2010,   7533.4321,-419090.6250,   -911.1537,    541.0284,  25111.4375,
       1,     166,     235,      11,       1,       3,       1,     10.0000,      1.3832,     42.3389,    244.0073,     61.4077,      3.4953,      0.1841,      0.1532,      5.3420,      0.1378,      5.4810,     10.9619,      1.2177,     27.8702,     55.7403,      0.0189,      0.0003,      0.2500,      0.2010,   7533.4316,-421960.4062,   -912.9703,    540.8344,  25111.4355,
       1,     166,     235,      12,       1,       3,       1,     10.0000,      1.3832,     42.3389,    244.0073,     61.4077,      3.4953,      0.1840,      0.1526,      5.9133,      0.1506,      5.4810,     10.9619,      1.3307,     27.8702,     55.7403,      0.0189,      0.0003,      0.2500,      0.2010,   7533.4312,-423108.6875,   -914.5347,    540.7568,  25111.4375,
       1,     166,     235,      13,       1,       3,       1,     10.0000,      1.3832,     42.3389,    244.0073,     61.4077,      3.4953,      0.1840,      0.1520,      6.7249,      0.1685,      5.4810,     10.9619,      1.4887,     27.8702,     55.7403,      0.0189,      0.0003,      0.2500,      0.2010,   7533.4316,-423928.7188,   -916.2536,    540.7014,  25111.4375,
       1,     166,     235,      14,       1,       3,       1,     10.0000,      1.3832,     42.3389,    244.0073,     61.4077,      3.4953,      0.1839,      0.1514,      7.4444,      0.1841,      5.4810,     10.9619,      1.6265,     27.8702,     55.7403,      0.0189,      0.0004,      0.2500,      0.2010,   7533.4316,-425024.8125,   -917.7664,    540.6273,  25111.4375,
       1,     166,     235,      15,       1,       3,       1,     10.0000,      1.3832,     42.3389,    244.0073,     61.4077,      3.4953,      0.1808,      0.1484,      7.4613,      0.1833,      5.4810,     10.9619,      1.6201,     27.8702,     55.7403,      0.0189,      0.0004,      0.2454,      0.2010,   7533.4316,-426028.1250,   -919.1937,    540.5595,  25111.4395,
       1,     166,     235,      16,       1,       3,       1,     10.0000,      1.3832,     42.3389,    244.0073,     61.4077,      3.4953,      0.1817,      0.1496,     14.5529,      0.1743,      5.4810,     10.9619,      1.5400,     27.8702,     55.7403,      0.0189,      0.0007,      0.2459,      0.2010,   7533.4321,-426134.9062,   -919.8273,    540.5522,  25111.4395,
       1,     166,     235,      17,       1,       3,       1,     10.0000,      1.3832,     42.3389,    244.0073,     61.4077,      3.4953,      0.1363,      0.1043,     18.8450,      0.1685,      5.4810,     10.9619,      1.4887,     27.8702,     55.7403,      0.0189,      0.0013,      0.1780,      0.2010,   7533.4321,-435109.6250,   -922.1022,    539.9459,  25111.4375,
       1,     166,     235,      18,       1,       3,       1,     10.0000,      1.3832,     42.3389,    244.0073,     61.4077,      3.4953,      0.1648,      0.1331,     38.0396,      0.1582,      5.4810,     10.9619,      1.3978,     27.8702,     55.7403,      0.0189,      0.0022,      0.2178,      0.2009,   7533.4316,-441304.3438,   -923.6560,    539.5281,  25111.4375,
       1,     166,     235,      19,       1,       3,       1,     10.0000,      1.3832,     42.3389,    244.0073,     61.4077,      3.4953,      0.0861,      0.0549,     23.9119,      0.1460,      5.4810,     10.9619,      1.2898,     27.8702,     55.7403,      0.0189,      0.0029,      0.1036,      0.2009,   7533.4316,-466105.1562,   -928.9568,    537.8557,  25111.4375,
       1,     166,     235,      20,       1,       3,       1,     10.0000,      1.3832,     42.3389,    244.0073,     61.4077,      3.4953,      0.0076,     -0.0233,      3.6742,      0.1391,      5.4810,     10.9619,      1.2288,     27.8702,     55.7403,      0.0189,      0.0029,      0.0156,      0.2009,   7533.4316,-450358.1875,   -926.4370,    538.9170,  25111.4355,
       1,     166,     235,      21,       1,       3,       1,     10.0000,      1.3832,     42.3389,    244.0073,     61.4077,      3.4953,      0.0000,     -0.0309,      3.2745,      0.1366,      5.4810,     10.9619,      1.2067,     27.8702,     55.7403,      0.0189,      0.0026,      0.0156,      0.2009,   7533.4312,-423421.1562,   -921.6000,    540.7327,  25111.4375,
       1,     166,     235,      22,       1,       3,       1,     10.0000,      1.3832,     42.3389,    244.0073,     61.4077,      3.4953,      0.0000,     -0.0309,      3.5648,      0.1379,      5.4810,     10.9619,      1.2189,     27.8702,     55.7403,      0.0189,      0.0029,      0.0156,      0.2010,   7533.4316,-420623.3438,   -921.1858,    540.9248,  25111.4355,
       1,     166,     235,      23,       1,       3,       1,     10.0000,      1.3832,     42.3389,    244.0073,     61.4077,      3.4953,      0.0000,     -0.0309,      3.3142,      0.1386,      5.4810,     10.9619,      1.2251,     27.8702,     55.7403,      0.0189,      0.0027,      0.0156,      0.2010,   7533.4312,-420747.6875,   -921.3331,    540.9164,  25111.4355,
       1,     166,     235,      24,       1,       3,       1,     10.0000,      1.3832,     42.3389,    244.0073,     61.4077,      3.4953,      0.0000,     -0.0310,      3.2861,      0.1388,      5.4810,     10.9619,      1.2264,     27.8702,     55.7403,      0.0189,      0.0026,      0.0156,      0.2010,   7533.4312,-420441.5312,   -921.3992,    540.9371,  25111.4395,
       1,     166,     236,       1,       1,       3,       1,     10.0000,      1.3832,     42.3392,    244.0130,     61.4092,      3.4953,      0.0000,     -0.0309,      2.1183,      0.1375,      5.4804,     10.9608,      1.2153,     27.8760,     55.7521,      0.0189,      0.0017,      0.0156,      0.2010,   7533.4321,-420534.7500,   -921.8009,    540.9436,  25112.5664,
       1,     166,     236,       2,       1,       3,       1,     10.0000,      1.3832,     42.3392,    244.0130,     61.4092,      3.4953,      0.0000,     -0.0307,      1.3638,      0.1325,      5.4804,     10.9608,      1.1706,     27.8760,     55.7521,      0.0189,      0.0011,      0.0156,      0.2010,   7533.7700,-418913.7188,   -921.3200,    541.0533,  25112.5645,
       1,     166,     236,       3,       1,       3,       1,     10.0000,      1.3832,     42.3392,    244.0130,     61.4092,      3.4953,      0.0000,     -0.0305,      1.1075,      0.1273,      5.4804,     10.9608,      1.1251,     27.8760,     55.7521,      0.0189,      0.0009,      0.0156,      0.2010,   7533.7695,-417821.5625,   -921.1707,    541.1271,  25112.5645,
       1,     166,     236,       4,       1,       3,       1,     10.0000,      1.3832,     42.3392,    244.0130,     61.4092,      3.4953,      0.0000,     -0.0303,      0.9747,      0.1224,      5.4804,     10.9608,      1.0813,     27.8760,     55.7521,      0.0189,      0.0008,      0.0156,      0.2010,   7533.7695,-417404.3125,   -921.1331,    541.1553,  25112.5645,
       1,     166,     236,       5,       1,       3,       1,     10.0000,      1.3832,     42.3392,    244.0130,     61.4092,      3.4953,      0.0000,     -0.0303,      0.9364,      0.1206,      5.4804,     10.9608,      1.0660,     27.8760,     55.7521,      0.0189,      0.0007,      0.0156,      0.2010,   7533.7695,-417200.9375,   -921.1292,    541.1691,  25112.5645,
       1,     166,     236,       6,       1,       3,       1,     10.0000,      1.3832,     42.3392,    244.0130,     61.4092,      3.4953,      0.0000,     -0.0299,      0.7908,      0.1122,      5.4804,     10.9608,      0.9914,     27.8760,     55.7521,      0.0189,      0.0006,      0.0156,      0.2010,   7533.7695,-417135.0938,   -921.1483,    541.1736,  25112.5645,
       1,     166,     236,       7,       1,       3,       1,     10.0000,      1.3832,     42.3392,    244.0130,     61.4092,      3.4953,      0.0000,     -0.0297,      0.3756,      0.1078,      5.4804,     10.9608,      0.9525,     27.8760,     55.7521,      0.0189,      0.0003,      0.0156,      0.2010,   7533.7695,-416945.2812,   -910.2545,    541.1864,  25112.5645,
       1,     166,     236,       8,       1,       3,       1,     10.0000,      1.3832,     42.3392,    244.0130,     61.4092,      3.4953,      0.0079,     -0.0219,      0.2593,      0.1106,      5.4804,     10.9608,      0.9772,     27.8760,     55.7521,      0.0189,      0.0002,      0.0156,      0.2010,   7533.7695,-416404.3125,   -910.1196,    541.2230,  25112.5645,
       1,     166,     236,       9,       1,       3,       1,     10.0000,      1.3832,     42.3392,    244.0130,     61.4092,      3.4953,      0.0785,      0.0483,      1.6992,      0.1172,      5.4804,     10.9608,      1.0360,     27.8760,     55.7521,      0.0189,      0.0002,      0.0957,      0.2010,   7533.7695,-416211.0000,   -910.1121,    541.2360,  25112.5645,
       1,     166,     236,      10,       1,       3,       1,     10.0000,      1.3832,     42.3392,    244.0130,     61.4092,      3.4953,      0.1281,      0.0979,      3.0461,      0.1193,      5.4804,     10.9608,      1.0541,     27.8760,     55.7521,      0.0189,      0.0002,      0.1681,      0.2010,   7533.7695,-418014.6875,   -910.7511,    541.1141,  25112.5625,
       1,     166,     236,      11,       1,       3,       1,     10.0000,      1.3832,     42.3392,    244.0130,     61.4092,      3.4953,      0.1479,      0.1175,      4.2362,      0.1264,      5.4804,     10.9608,      1.1172,     27.8760,     55.7521,      0.0189,      0.0003,      0.1970,      0.2010,   7533.7690,-419871.2812,   -911.5068,    540.9885,  25112.5645,
       1,     166,     236,      12,       1,       3,       1,     10.0000,      1.3832,     42.3392,    244.0130,     61.4092,      3.4953,      0.1603,      0.1287,      5.3833,      0.1582,      5.4804,     10.9608,      1.3978,     27.8760,     55.7521,      0.0189,      0.0003,      0.2151,      0.2010,   7533.7695,-421534.1562,   -911.6184,    540.8760,  25112.5664,
       1,     166,     236,      13,       1,       3,       1,     10.0000,      1.3832,     42.3392,    244.0130,     61.4092,      3.4953,      0.1704,      0.1382,      6.5438,      0.1769,      5.4804,     10.9608,      1.5632,     27.8760,     55.7521,      0.0189,      0.0004,      0.2300,      0.2010,   7533.7700,-423125.9688,   -912.6561,    540.7684,  25112.5625,
       1,     166,     236,      14,       1,       3,       1,     10.0000,      1.3832,     42.3392,    244.0130,     61.4092,      3.4953,      0.1632,      0.1307,      6.5226,      0.1839,      5.4804,     10.9608,      1.6249,     27.8760,     55.7521,      0.0189,      0.0004,      0.2193,      0.2010,   7533.7690,-424729.4375,   -913.8483,    540.6600,  25112.5645,
       1,     166,     236,      15,       1,       3,       1,     10.0000,      1.3832,     42.3392,    244.0130,     61.4092,      3.4953,      0.1730,      0.1406,      6.9167,      0.1830,      5.4804,     10.9608,      1.6169,     27.8760,     55.7521,      0.0189,      0.0004,      0.2339,      0.2010,   7533.7695,-424839.4375,   -914.5452,    540.6526,  25112.5645,
       1,     166,     236,      16,       1,       3,       1,     10.0000,      1.3832,     42.3392,    244.0130,     61.4092,      3.4953,      0.1743,      0.1422,     10.4681,      0.1731,      5.4804,     10.9608,      1.5293,     27.8760,     55.7521,      0.0189,      0.0006,      0.2353,      0.2010,   7533.7695,-425347.0625,   -915.5946,    540.6183,  25112.5645,
       1,     166,     236,      17,       1,       3,       1,     10.0000,      1.3832,     42.3392,    244.0130,     61.4092,      3.4953,      0.1370,      0.1047,     34.5272,      0.1776,      5.4804,     10.9608,      1.5694,     27.8760,     55.7521,      0.0189,      0.0024,      0.1772,      0.2010,   7533.7695,-429879.5625,   -917.2654,    540.3120,  25112.5645,
       1,     166,     236,      18,       1,       3,       1,     10.0000,      1.3832,     42.3392,    244.0130,     61.4092,      3.4953,      0.1307,      0.0984,     48.0267,      0.1808,      5.4804,     10.9608,      1.5977,     27.8760,     55.7521,      0.0189,      0.0036,      0.1663,      0.2010,   7533.7695,-460681.2500,   -923.6232,    538.2318,  25112.5645,
       1,     166,     236,      19,       1,       3,       1,     10.0000,      1.3832,     42.3392,    244.0130,     61.4092,      3.4953,      0.0614,      0.0293,     21.8487,      0.1736,      5.4804,     10.9608,      1.5339,     27.8760,     55.7521,      0.0189,      0.0041,      0.0667,      0.2009,   7533.7695,-480395.9062,   -928.1443,    536.9094,  25112.5645,
       1,     166,     236,      20,       1,       3,       1,     10.0000,      1.3832,     42.3392,    244.0130,     61.4092,      3.4953,      0.0086,     -0.0229,      4.6045,      0.1537,      5.4804,     10.9608,      1.3577,     27.8760,     55.7521,      0.0189,      0.0037,      0.0156,      0.2009,   7533.7695,-448958.9375,   -923.0719,    539.0209,  25112.5645,
       1,     166,     236,      21,       1,       3,       1,     10.0000,      1.3832,     42.3392,    244.0130,     61.4092,      3.4953,      0.0000,     -0.0312,      3.7676,      0.1449,      5.4804,     10.9608,      1.2808,     27.8760,     55.7521,      0.0189,      0.0030,      0.0156,      0.2010,   7533.7695,-424484.4688,   -919.0173,    540.6741,  25112.5664,
       1,     166,     236,      22,       1,       3,       1,     10.0000,      1.3832,     42.3392,    244.0130,     61.4092,      3.4953,      0.0000,     -0.0309,      4.3201,      0.1374,      5.4804,     10.9608,      1.2140,     27.8760,     55.7521,      0.0189,      0.0035,      0.0156,      0.2010,   7533.7700,-421339.0938,   -918.7031,    540.8892,  25112.5645,
       1,     166,     236,      23,       1,       3,       1,     10.0000,      1.3832,     42.3392,    244.0130,     61.4092,      3.4953,      0.0000,     -0.0309,      4.4026,      0.1361,      5.4804,     10.9608,      1.2030,     27.8760,     55.7521,      0.0189,      0.0035,      0.0156,      0.2010,   7533.7695,-421765.7812,   -918.9280,    540.8604,  25112.5645,
       1,     166,     236,      24,       1,       3,       1,     10.0000,      1.3832,     42.3392,    244.0130,     61.4092,      3.4953,      0.0000,     -0.0309,      4.2420,      0.1371,      5.4804,     10.9608,      1.2116,     27.8760,     55.7521,      0.0189,      0.0034,      0.0156,      0.2010,   7533.7695,-421906.3750,   -919.0810,    540.8508,  25112.5645,
       1,     166,     237,       1,       1,       3,       1,     10.0000,      1.3832,     42.3396,    244.0188,     61.4106,      3.4953,      0.0000,     -0.0309,      2.9325,      0.1366,      5.4808,     10.9616,      1.2067,     27.8757,     55.7515,      0.0189,      0.0023,      0.0156,      0.2010,   7533.7695,-421870.2812,   -919.6054,    540.8660,  25113.6895,
       1,     166,     237,       2,       1,       3,       1,     10.0000,      1.3832,     42.3396,    244.0188,     61.4106,      3.4953,      0.0000,     -0.0306,      2.0073,      0.1299,      5.4808,     10.9616,      1.1483,     27.8757,     55.7515,      0.0189,      0.0016,      0.0156,      0.2010,   7534.1069,-420059.6562,   -919.2033,    540.9884,  25113.6895,
       1,     166,     237,       3,       1,       3,       1,     10.0000,      1.3832,     42.3396,    244.0188,     61.4106,      3.4953,      0.0000,     -0.0306,      1.4113,      0.1294,      5.4808,     10.9616,      1.1436,     27.8757,     55.7515,      0.0189,      0.0011,      0.0156,      0.2010,   7534.1069,-418735.6250,   -919.0119,    541.0779,  25113.6875,
       1,     166,     237,       4,       1,       3,       1,     10.0000,      1.3832,     42.3396,    244.0188,     61.4106,      3.4953,      0.0000,     -0.0306,      1.0106,      0.1284,      5.4808,     10.9616,      1.1343,     27.8757,     55.7515,      0.0189,      0.0008,      0.0156,      0.2010,   7534.1064,-417869.4062,   -918.9075,    541.1365,  25113.6914,
       1,     166,     237,       5,       1,       3,       1,     10.0000,      1.3832,     42.3396,    244.0188,     61.4106,      3.4953,      0.0000,     -0.0305,      0.7814,      0.1268,      5.4808,     10.9616,      1.1206,     27.8757,     55.7515,      0.0189,      0.0006,      0.0156,      0.2010,   7534.1079,-417288.6562,   -918.8539,    541.1758,  25113.6895,
       1,     166,     237,       6,       1,       3,       1,     10.0000,      1.3832,     42.3396,    244.0188,     61.4106,      3.4953,      0.0000,     -0.0304,      0.6741,      0.1248,      5.4808,     10.9616,      1.1025,     27.8757,     55.7515,      0.0189,      0.0005,      0.0156,      0.2010,   7534.1069,-416949.3750,   -918.8274,    541.1987,  25113.6895,
       1,     166,     237,       7,       1,       3,       1,     10.0000,      1.3832,     42.3396,    244.0188,     61.4106,      3.4953,      0.0000,     -0.0305,      0.3382,      0.1266,      5.4808,     10.9616,      1.1183,     27.8757,     55.7515,      0.0189,      0.0003,      0.0156,      0.2010,   7534.1069,-416784.9375,   -918.8269,    541.2099,  25113.6875,
       1,     166,     237,       8,       1,       3,       1,     10.0000,      1.3832,     42.3396,    244.0188,     61.4106,      3.4953,      0.0046,     -0.0259,      0.3007,      0.1259,      5.4808,     10.9616,      1.1126,     27.8757,     55.7515,      0.0189,      0.0002,      0.0156,      0.2010,   7534.1064,-416346.5312,   -918.7512,    541.2395,  25113.6875,
       1,     166,     237,       9,       1,       3,       1,     10.0000,      1.3832,     42.3396,    244.0188,     61.4106,      3.4953,      0.0507,      0.0202,      1.0838,      0.1289,      5.4808,     10.9616,      1.1390,     27.8757,     55.7515,      0.0189,      0.0002,      0.0548,      0.2010,   7534.1064,-416261.6562,   -918.7435,    541.2453,  25113.6875,
       1,     166,     237,      10,       1,       3,       1,     10.0000,      1.3832,     42.3396,    244.0188,     61.4106,      3.4953,      0.0907,      0.0599,      2.4660,      0.1357,      5.4808,     10.9616,      1.1994,     27.8757,     55.7515,      0.0189,      0.0003,      0.1131,      0.2010,   7534.1064,-417244.0625,   -919.0054,    541.1789,  25113.6895,
       1,     166,     237,      11,       1,       3,       1,     10.0000,      1.3832,     42.3396,    244.0188,     61.4106,      3.4953,      0.1370,      0.1053,      5.3241,      0.1612,      5.4808,     10.9616,      1.4247,     27.8757,     55.7515,      0.0189,      0.0004,      0.1807,      0.2010,   7534.1069,-419074.6250,   -919.4737,    541.0551,  25113.6895,
       1,     166,     237,      12,       1,       3,       1,     10.0000,      1.3832,     42.3396,    244.0188,     61.4106,      3.4953,      0.1201,      0.0877,      6.6298,      0.1805,      5.4808,     10.9616,      1.5946,     27.8757,     55.7515,      0.0189,      0.0005,      0.1553,      0.2010,   7534.1069,-422843.1250,   -920.5477,    540.8001,  25113.6895,
       1,     166,     237,      13,       1,       3,       1,     10.0000,      1.3832,     42.3396,    244.0188,     61.4106,      3.4953,      0.1521,      0.1192,      9.3318,      0.1961,      5.4808,     10.9616,      1.7330,     27.8757,     55.7515,      0.0189,      0.0006,      0.2025,      0.2010,   7534.1069,-424815.8125,   -921.1829,    540.6669,  25113.6875,
       1,     166,     237,      14,       1,       3,       1,     10.0000,      1.3832,     42.3396,    244.0188,     61.4106,      3.4953,      0.1726,      0.1395,      8.5690,      0.2040,      5.4808,     10.9616,      1.8027,     27.8757,     55.7515,      0.0189,      0.0005,      0.2331,      0.2010,   7534.1064,-428399.4062,   -922.1977,    540.4247,  25113.6875,
       1,     166,     237,      15,       1,       3,       1,     10.0000,      1.3832,     42.3396,    244.0188,     61.4106,      3.4953,      0.1840,      0.1509,     10.7126,      0.2050,      5.4808,     10.9616,      1.8116,     27.8757,     55.7515,      0.0189,      0.0005,      0.2500,      0.2010,   7534.1064,-427741.7188,   -922.4883,    540.4692,  25113.6914,
       1,     166,     237,      16,       1,       3,       1,     10.0000,      1.3832,     42.3396,    244.0188,     61.4106,      3.4953,      0.1865,      0.1537,     41.8284,      0.1965,      5.4808,     10.9616,      1.7364,     27.8757,     55.7515,      0.0189,      0.0021,      0.2500,      0.2010,   7534.1079,-430394.5000,   -923.4794,    540.2900,  25113.6895,
       1,     166,     237,      17,       1,       3,       1,     10.0000,      1.3832,     42.3396,    244.0188,     61.4106,      3.4953,      0.1876,      0.1554,     62.8819,      0.1741,      5.4808,     10.9616,      1.5385,     27.8757,     55.7515,      0.0189,      0.0032,      0.2489,      0.2010,   7534.1069,-469951.9062,   -931.5273,    537.6184,  25113.6914,
       1,     166,     237,      18,       1,       3,       1,     10.0000,      1.3832,     42.3396,    244.0188,     61.4106,      3.4953,      0.1748,      0.1428,     82.4923,      0.1683,      5.4808,     10.9616,      1.4873,     27.8757,     55.7515,      0.0189,      0.0045,      0.2276,      0.2010,   7534.1079,-499975.1562,   -937.8708,    535.6074,  25113.6914,
       1,     166,     237,      19,       1,       3,       1,     10.0000,      1.3832,     42.3396,    244.0188,     61.4106,      3.4953,      0.1385,      0.1067,     61.3028,      0.1655,      5.4808,     10.9616,      1.4622,     27.8757,     55.7515,      0.0189,      0.0043,      0.1764,      0.2009,   7534.1079,-527350.1250,   -943.8292,    533.7783,  25113.6875,
       1,     166,     237,      20,       1,       3,       1,     10.0000,      1.3832,     42.3396,    244.0188,     61.4106,      3.4953,      0.0155,     -0.0161,      0.6430,      0.1557,      5.4808,     10.9616,      1.3756,     27.8757,     55.7515,      0.0189,      0.0043,      0.0018,      0.2009,   7534.1064,-502862.8125,   -939.8566,    535.4153,  25113.6914,
       1,     166,     237,      21,       1,       3,       1,     10.0000,      1.3832,     42.3396,    244.0188,     61.4106,      3.4953,      0.0000,     -0.0308,      4.6819,      0.1362,      5.4808,     10.9616,      1.2031,     27.8757,     55.7515,      0.0189,      0.0037,      0.0156,      0.2009,   7534.1079,-424024.6562,   -925.1815,    540.6942,  25113.6895,
       1,     166,     237,      22,       1,       3,       1,     10.0000,      1.3832,     42.3396,    244.0188,     61.4106,      3.4953,      0.0000,     -0.0308,      3.6162,      0.1349,      5.4808,     10.9616,      1.1922,     27.8757,     55.7515,      0.0189,      0.0029,      0.0156,      0.2010,   7534.1069,-422487.7500,   -925.0164,    540.8242,  25113.6895,
       1,     166,     237,      23,       1,       3,       1,     10.0000,      1.3832,     42.3396,    244.0188,     61.4106,      3.4953,      0.0000,     -0.0304,      2.8814,      0.1254,      5.4808,     10.9616,      1.1081,     27.8757,     55.7515,      0.0189,      0.0023,      0.0156,      0.2010,   7534.1069,-420976.5938,   -924.8168,    540.9265,  25113.6914,
       1,     166,     237,      24,       1,       3,       1,     10.0000,      1.3832,     42.3396,    244.0188,     61.4106,      3.4953,      0.0000,     -0.0302,      2.5211,      0.1195,      5.4808,     10.9616,      1.0563,     27.8757,     55.7515,      0.0189,      0.0020,      0.0156,      0.2010,   7534.1079,-419918.4688,   -924.6699,    540.9980,  25113.6914,
       1,     166,     238,       1,       1,       3,       1,     10.0000,      1.3832,     42.3399,    244.0246,     61.4121,      3.4953,      0.0000,     -0.0302,      2.1998,      0.1186,      5.4815,     10.9629,      1.0477,     27.8772,     55.7544,      0.0189,      0.0018,      0.0156,      0.2010,   7534.1079,-419527.9062,   -924.9224,    541.0372,  25114.8145,
       1,     166,     238,       2,       1,       3,       1,     10.0000,      1.3832,     42.3399,    244.0246,     61.4121,      3.4953,      0.0000,     -0.0301,      1.4528,      0.1162,      5.4815,     10.9629,      1.0265,     27.8772,     55.7544,      0.0189,      0.0012,      0.0156,      0.2010,   7534.4448,-418936.0938,   -924.5916,    541.0772,  25114.8145,
       1,     166,     238,       3,       1,       3,       1,     10.0000,      1.3832,     42.3399,    244.0246,     61.4121,      3.4953,      0.0000,     -0.0302,      2.8603,      0.1183,      5.4815,     10.9629,      1.0456,     27.8772,     55.7544,      0.0189,      0.0023,      0.0156,      0.2010,   7534.4448,-417941.4375,   -924.4304,    541.1444,  25114.8145,
       1,     166,     238,       4,       1,       3,       1,     10.0000,      1.3832,     42.3399,    244.0246,     61.4121,      3.4953,      0.0000,     -0.0301,      2.3153,      0.1174,      5.4815,     10.9629,      1.0371,     27.8772,     55.7544,      0.0189,      0.0019,      0.0156,      0.2010,   7534.4448,-419635.1562,   -924.8102,    541.0299,  25114.8145,
       1,     166,     238,       5,       1,       3,       1,     10.0000,      1.3832,     42.3399,    244.0246,     61.4121,      3.4953,      0.0000,     -0.0301,      0.9956,      0.1168,      5.4815,     10.9629,      1.0318,     27.8772,     55.7544,      0.0189,      0.0008,      0.0156,      0.2010,   7534.4448,-419091.1562,   -924.7504,    541.0668,  25114.8164,
       1,     166,     238,       6,       1,       3,       1,     10.0000,      1.3832,     42.3399,    244.0246,     61.4121,      3.4953,      0.0000,     -0.0304,      0.5568,      0.1233,      5.4815,     10.9629,      1.0891,     27.8772,     55.7544,      0.0189,      0.0004,      0.0156,      0.2010,   7534.4453,-417376.5625,   -924.4404,    541.1827,  25114.8145,
       1,     166,     238,       7,       1,       3,       1,     10.0000,      1.3832,     42.3399,    244.0246,     61.4121,      3.4953,      0.0000,     -0.0302,      0.5092,      0.1200,      5.4815,     10.9629,      1.0606,     27.8772,     55.7544,      0.0189,      0.0004,      0.0156,      0.2010,   7534.4448,-416675.9688,   -924.3156,    541.2300,  25114.8145,
       1,     166,     238,       8,       1,       3,       1,     10.0000,      1.3832,     42.3399,    244.0246,     61.4121,      3.4953,      0.0153,     -0.0149,      0.0748,      0.1189,      5.4815,     10.9629,      1.0509,     27.8772,     55.7544,      0.0189,      0.0003,      0.0034,      0.2010,   7534.4448,-416556.0625,   -924.2980,    541.2382,  25114.8145,
       1,     166,     238,       9,       1,       3,       1,     10.0000,      1.3832,     42.3399,    244.0246,     61.4121,      3.4953,      0.0759,      0.0452,      3.5264,      0.1305,      5.4815,     10.9629,      1.1530,     27.8772,     55.7544,      0.0189,      0.0005,      0.0913,      0.2010,   7534.4448,-415996.7188,   -924.1992,    541.2760,  25114.8164,
       1,     166,     238,      10,       1,       3,       1,     10.0000,      1.3832,     42.3399,    244.0246,     61.4121,      3.4953,      0.0945,      0.0634,      4.4786,      0.1421,      5.4815,     10.9629,      1.2553,     27.8772,     55.7544,      0.0189,      0.0005,      0.1183,      0.2010,   7534.4453,-420310.1562,   -925.0723,    540.9843,  25114.8125,
       1,     166,     238,      11,       1,       3,       1,     10.0000,      1.3832,     42.3399,    244.0246,     61.4121,      3.4953,      0.1072,      0.0756,      4.3626,      0.1568,      5.4815,     10.9629,      1.3853,     27.8772,     55.7544,      0.0189,      0.0004,      0.1368,      0.2010,   7534.4438,-421882.8125,   -925.4283,    540.8779,  25114.8145,
       1,     166,     238,      12,       1,       3,       1,     10.0000,      1.3832,     42.3399,    244.0246,     61.4121,      3.4953,      0.1447,      0.1126,      6.1932,      0.1709,      5.4815,     10.9629,      1.5097,     27.8772,     55.7544,      0.0189,      0.0004,      0.1919,      0.2010,   7534.4448,-421870.4062,   -925.4858,    540.8788,  25114.8145,
       1,     166,     238,      13,       1,       3,       1,     10.0000,      1.3832,     42.3399,    244.0246,     61.4121,      3.4953,      0.1566,      0.1241,      8.1306,      0.1854,      5.4815,     10.9629,      1.6379,     27.8772,     55.7544,      0.0189,      0.0005,      0.2094,      0.2010,   7534.4448,-424182.6250,   -926.0063,    540.7225,  25114.8145,
       1,     166,     238,      14,       1,       3,       1,     10.0000,      1.3832,     42.3399,    244.0246,     61.4121,      3.4953,      0.1435,      0.1110,      7.1505,      0.1852,      5.4815,     10.9629,      1.6363,     27.8772,     55.7544,      0.0189,      0.0005,      0.1900,      0.2010,   7534.4448,-426828.5938,   -926.6053,    540.5436,  25114.8145,
       1,     166,     238,      15,       1,       3,       1,     10.0000,      1.3832,     42.3399,    244.0246,     61.4121,      3.4953,      0.1579,      0.1254,     12.0323,      0.1848,      5.4815,     10.9629,      1.6331,     27.8772,     55.7544,      0.0189,      0.0007,      0.2108,      0.2010,   7534.4448,-425816.1875,   -925.6992,    540.6121,  25114.8145,
       1,     166,     238,      16,       1,       3,       1,     10.0000,      1.3832,     42.3399,    244.0246,     61.4121,      3.4953,      0.1822,      0.1507,     29.4360,      0.1541,      5.4815,     10.9629,      1.3619,     27.8772,     55.7544,      0.0189,      0.0015,      0.2445,      0.2010,   7534.4448,-431899.0000,   -927.0516,    540.2010,  25114.8145,
       1,     166,     238,      17,       1,       3,       1,     10.0000,      1.3832,     42.3399,    244.0246,     61.4121,      3.4953,      0.1586,      0.1269,     35.4560,      0.1598,      5.4815,     10.9629,      1.4119,     27.8772,     55.7544,      0.0189,      0.0021,      0.2090,      0.2010,   7534.4448,-454415.4688,   -930.9873,    538.6807,  25114.8145,
       1,     166,     238,      18,       1,       3,       1,     10.0000,      1.3832,     42.3399,    244.0246,     61.4121,      3.4953,      0.1418,      0.1098,     43.1507,      0.1668,      5.4815,     10.9629,      1.4740,     27.8772,     55.7544,      0.0189,      0.0029,      0.1832,      0.2010,   7534.4448,-463954.9062,   -931.2114,    538.0405,  25114.8145,
       1,     166,     238,      19,       1,       3,       1,     10.0000,      1.3832,     42.3399,    244.0246,     61.4121,      3.4953,      0.0717,      0.0399,     21.6556,      0.1638,      5.4815,     10.9629,      1.4477,     27.8772,     55.7544,      0.0189,      0.0033,      0.0822,      0.2010,   7534.4448,-474496.5312,   -933.8187,    537.3320,  25114.8164,
       1,     166,     238,      20,       1,       3,       1,     10.0000,      1.3832,     42.3399,    244.0246,     61.4121,      3.4953,      0.0102,     -0.0209,      3.4104,      0.1441,      5.4815,     10.9629,      1.2731,     27.8772,     55.7544,      0.0189,      0.0027,      0.0156,      0.2010,   7534.4453,-448211.2812,   -929.2509,    539.0979,  25114.8125,
       1,     166,     238,      21,       1,       3,       1,     10.0000,      1.3832,     42.3399,    244.0246,     61.4121,      3.4953,      0.0000,     -0.0307,      1.4029,      0.1318,      5.4815,     10.9629,      1.1647,     27.8772,     55.7544,      0.0189,      0.0011,      0.0156,      0.2010,   7534.4438,-422914.0625,   -924.6887,    540.8055,  25114.8105,
       1,     166,     238,      22,       1,       3,       1,     10.0000,      1.3832,     42.3399,    244.0246,     61.4121,      3.4953,      0.0000,     -0.0305,      1.1864,      0.1269,      5.4815,     10.9629,      1.1218,     27.8772,     55.7544,      0.0189,      0.0010,      0.0156,      0.2010,   7534.4434,-418222.0000,   -923.8648,    541.1254,  25114.8125,
       1,     166,     238,      23,       1,       3,       1,     10.0000,      1.3832,     42.3399,    244.0246,     61.4121,      3.4953,      0.0000,     -0.0305,      1.9387,      0.1257,      5.4815,     10.9629,      1.1104,     27.8772,     55.7544,      0.0189,      0.0016,      0.0156,      0.2010,   7534.4438,-417544.0938,   -923.7781,    541.1714,  25114.8125,
       1,     166,     238,      24,       1,       3,       1,     10.0000,      1.3832,     42.3399,    244.0246,     61.4121,      3.4953,      0.0000,     -0.0304,      1.7578,      0.1254,      5.4815,     10.9629,      1.1082,     27.8772,     55.7544,      0.0189,      0.0014,      0.0156,      0.2010,   7534.4438,-418436.6250,   -924.0042,    541.1110,  25114.8145,
       1,     166,     239,       1,       1,       3,       1,     10.0000,      1.3833,     42.3402,    244.0303,     61.4135,      3.4953,      0.0000,     -0.0307,      1.4526,      0.1313,      5.4809,     10.9619,      1.1600,     27.8749,     55.7497,      0.0189,      0.0012,      0.0156,      0.2011,   7534.4448,-418439.7188,   -924.3232,    541.1235,  25115.9395,
       1,     166,     239,       2,       1,       3,       1,     10.0000,      1.3833,     42.3402,    244.0303,     61.4135,      3.4953,      0.0000,     -0.0307,      1.0857,      0.1311,      5.4809,     10.9619,      1.1589,     27.8749,     55.7497,      0.0189,      0.0009,      0.0156,      0.2011,   7534.7822,-417901.3750,   -923.9944,    541.1600,  25115.9395,
       1,     166,     239,       3,       1,       3,       1,     10.0000,      1.3833,     42.3402,    244.0303,     61.4135,      3.4953,      0.0000,     -0.0306,      0.7730,      0.1290,      5.4809,     10.9619,      1.1402,     27.8749,     55.7497,      0.0189,      0.0006,      0.0156,      0.2011,   7534.7822,-417391.7812,   -923.9274,    541.1944,  25115.9375,
       1,     166,     239,       4,       1,       3,       1,     10.0000,      1.3833,     42.3402,    244.0303,     61.4135,      3.4953,      0.0000,     -0.0305,      0.5026,      0.1264,      5.4809,     10.9619,      1.1172,     27.8749,     55.7497,      0.0189,      0.0004,      0.0156,      0.2011,   7534.7817,-416953.6250,   -923.8629,    541.2241,  25115.9355,
       1,     166,     239,       5,       1,       3,       1,     10.0000,      1.3833,     42.3402,    244.0303,     61.4135,      3.4953,      0.0000,     -0.0306,      1.0195,      0.1286,      5.4809,     10.9619,      1.1367,     27.8749,     55.7497,      0.0189,      0.0008,      0.0156,      0.2011,   7534.7808,-416574.5625,   -923.8008,    541.2498,  25115.9355,
       1,     166,     239,       6,       1,       3,       1,     10.0000,      1.3833,     42.3402,    244.0303,     61.4135,      3.4953,      0.0000,     -0.0305,      0.7992,      0.1280,      5.4809,     10.9619,      1.1309,     27.8749,     55.7497,      0.0189,      0.0006,      0.0156,      0.2011,   7534.7808,-417195.2500,   -923.9477,    541.2078,  25115.9355,
       1,     166,     239,       7,       1,       3,       1,     10.0000,      1.3833,     42.3402,    244.0303,     61.4135,      3.4953,      0.0000,     -0.0306,      0.3085,      0.1288,      5.4809,     10.9619,      1.1379,     27.8749,     55.7497,      0.0189,      0.0002,      0.0156,      0.2011,   7534.7808,-416970.0000,   -923.9241,    541.2230,  25115.9375,
       1,     166,     239,       8,       1,       3,       1,     10.0000,      1.3833,     42.3402,    244.0303,     61.4135,      3.4953,      0.0085,     -0.0220,      0.3430,      0.1266,      5.4809,     10.9619,      1.1184,     27.8749,     55.7497,      0.0189,      0.0003,      0.0156,      0.2011,   7534.7817,-416330.5312,   -923.8052,    541.2662,  25115.9375,
       1,     166,     239,       9,       1,       3,       1,     10.0000,      1.3833,     42.3402,    244.0303,     61.4135,      3.4953,      0.0589,      0.0283,      1.8557,      0.1305,      5.4809,     10.9619,      1.1530,     27.8749,     55.7497,      0.0189,      0.0003,      0.0666,      0.2011,   7534.7817,-416319.5625,   -923.8129,    541.2670,  25115.9395,
       1,     166,     239,      10,       1,       3,       1,     10.0000,      1.3833,     42.3402,    244.0303,     61.4135,      3.4953,      0.1415,      0.1101,      5.1662,      0.1499,      5.4809,     10.9619,      1.3241,     27.8749,     55.7497,      0.0189,      0.0003,      0.1873,      0.2011,   7534.7822,-418229.5000,   -924.2343,    541.1378,  25115.9395,
       1,     166,     239,      11,       1,       3,       1,     10.0000,      1.3833,     42.3402,    244.0303,     61.4135,      3.4953,      0.1663,      0.1346,      5.7159,      0.1609,      5.4809,     10.9619,      1.4219,     27.8749,     55.7497,      0.0189,      0.0003,      0.2240,      0.2011,   7534.7822,-422575.5625,   -925.2520,    540.8438,  25115.9355,
       1,     166,     239,      12,       1,       3,       1,     10.0000,      1.3833,     42.3402,    244.0303,     61.4135,      3.4953,      0.1779,      0.1460,      6.4198,      0.1670,      5.4809,     10.9619,      1.4755,     27.8749,     55.7497,      0.0189,      0.0003,      0.2411,      0.2011,   7534.7808,-423642.2812,   -925.7212,    540.7718,  25115.9375,
       1,     166,     239,      13,       1,       3,       1,     10.0000,      1.3833,     42.3402,    244.0303,     61.4135,      3.4953,      0.1839,      0.1518,      7.0163,      0.1748,      5.4809,     10.9619,      1.5447,     27.8749,     55.7497,      0.0189,      0.0004,      0.2500,      0.2011,   7534.7817,-424622.5000,   -926.1825,    540.7055,  25115.9355,
       1,     166,     239,      14,       1,       3,       1,     10.0000,      1.3833,     42.3402,    244.0303,     61.4135,      3.4953,      0.1767,      0.1443,      7.1294,      0.1821,      5.4809,     10.9619,      1.6090,     27.8749,     55.7497,      0.0189,      0.0004,      0.2393,      0.2011,   7534.7808,-425460.2188,   -926.6926,    540.6489,  25115.9375,
       1,     166,     239,      15,       1,       3,       1,     10.0000,      1.3833,     42.3402,    244.0303,     61.4135,      3.4953,      0.1482,      0.1155,     23.4238,      0.1911,      5.4809,     10.9619,      1.6891,     27.8749,     55.7497,      0.0189,      0.0015,      0.1951,      0.2011,   7534.7817,-425674.6875,   -926.9259,    540.6345,  25115.9375,
       1,     166,     239,      16,       1,       3,       1,     10.0000,      1.3833,     42.3402,    244.0303,     61.4135,      3.4953,      0.1405,      0.1082,     37.1565,      0.1794,      5.4809,     10.9619,      1.5852,     27.8749,     55.7497,      0.0189,      0.0025,      0.1821,      0.2011,   7534.7817,-446282.9062,   -930.4710,    539.2418,  25115.9375,
       1,     166,     239,      17,       1,       3,       1,     10.0000,      1.3833,     42.3402,    244.0303,     61.4135,      3.4953,      0.1676,      0.1351,     55.1258,      0.1823,      5.4809,     10.9619,      1.6106,     27.8749,     55.7497,      0.0189,      0.0031,      0.2201,      0.2010,   7534.7817,-465406.0312,   -933.6722,    537.9546,  25115.9375,
       1,     166,     239,      18,       1,       3,       1,     10.0000,      1.3833,     42.3402,    244.0303,     61.4135,      3.4953,      0.1550,      0.1234,     52.2191,      0.1577,      5.4809,     10.9619,      1.3937,     27.8749,     55.7497,      0.0189,      0.0032,      0.2018,      0.2010,   7534.7817,-489758.9688,   -938.9766,    536.3184,  25115.9375,
       1,     166,     239,      19,       1,       3,       1,     10.0000,      1.3833,     42.3402,    244.0303,     61.4135,      3.4953,      0.0892,      0.0579,     29.2533,      0.1472,      5.4809,     10.9619,      1.3004,     27.8749,     55.7497,      0.0189,      0.0034,      0.1074,      0.2010,   7534.7817,-488163.5312,   -939.2521,    536.4279,  25115.9395,
       1,     166,     239,      20,       1,       3,       1,     10.0000,      1.3833,     42.3402,    244.0303,     61.4135,      3.4953,      0.0140,     -0.0171,      0.1009,      0.1413,      5.4809,     10.9619,      1.2490,     27.8749,     55.7497,      0.0189,      0.0037,      0.0003,      0.2010,   7534.7822,-458977.0938,   -934.0372,    538.3849,  25115.9375,
       1,     166,     239,      21,       1,       3,       1,     10.0000,      1.3833,     42.3402,    244.0303,     61.4135,      3.4953,      0.0000,     -0.0309,      3.1229,      0.1380,      5.4809,     10.9619,      1.2191,     27.8749,     55.7497,      0.0189,      0.0025,      0.0156,      0.2010,   7534.7817,-419646.4375,   -926.6923,    541.0354,  25115.9395,
       1,     166,     239,      22,       1,       3,       1,     10.0000,      1.3833,     42.3402,    244.0303,     61.4135,      3.4953,      0.0000,     -0.0308,      3.3879,      0.1351,      5.4809,     10.9619,      1.1934,     27.8749,     55.7497,      0.0189,      0.0027,      0.0156,      0.2011,   7534.7822,-420123.1562,   -926.8515,    541.0097,  25115.9375,
       1,     166,     239,      23,       1,       3,       1,     10.0000,      1.3833,     42.3402,    244.0303,     61.4135,      3.4953,      0.0000,     -0.0308,      2.2784,      0.1344,      5.4809,     10.9619,      1.1874,     27.8749,     55.7497,      0.0189,      0.0018,      0.0156,      0.2011,   7534.7817,-420490.8750,   -926.9886,    540.9849,  25115.9395,
       1,     166,     239,      24,       1,       3,       1,     10.0000,      1.3833,     42.3402,    244.0303,     61.4135,      3.4953,      0.0000,     -0.0307,      1.8259,      0.1313,      5.4809,     10.9619,      1.1600,     27.8749,     55.7497,      0.0189,      0.0015,      0.0156,      0.2011,   7534.7822,-419120.0312,   -926.7676,    541.0776,  25115.9355,
       1,     166,     240,       1,       1,       3,       1,     10.0000,      1.3833,     42.3406,    244.0360,     61.4150,      3.4953,      0.0000,     -0.0306,      1.8561,      0.1306,      5.4811,     10.9621,      1.1542,     27.8767,     55.7534,      0.0189,      0.0015,      0.0156,      0.2011,   7534.7808,-418586.8438,   -926.9720,    541.1263,  25117.0605,
       1,     166,     240,       2,       1,       3,       1,     10.0000,      1.3833,     42.3406,    244.0360,     61.4150,      3.4953,      0.0000,     -0.0306,      1.5752,      0.1288,      5.4811,     10.9621,      1.1379,     27.8767,     55.7534,      0.0189,      0.0013,      0.0156,      0.2011,   7535.1187,-418426.8438,   -926.7065,    541.1371,  25117.0605,
       1,     166,     240,       3,       1,       3,       1,     10.0000,      1.3833,     42.3406,    244.0360,     61.4150,      3.4953,      0.0000,     -0.0305,      1.3608,      0.1257,      5.4811,     10.9621,      1.1105,     27.8767,     55.7534,      0.0189,      0.0011,      0.0156,      0.2011,   7535.1187,-418058.4375,   -926.6581,    541.1620,  25117.0605,
       1,     166,     240,       4,       1,       3,       1,     10.0000,      1.3833,     42.3406,    244.0360,     61.4150,      3.4953,      0.0000,     -0.0305,      1.1966,      0.1267,      5.4811,     10.9621,      1.1195,     27.8767,     55.7534,      0.0189,      0.0010,      0.0156,      0.2011,   7535.1187,-417755.9375,   -926.6155,    541.1825,  25117.0586,
       1,     166,     240,       5,       1,       3,       1,     10.0000,      1.3833,     42.3406,    244.0360,     61.4150,      3.4953,      0.0000,     -0.0305,      0.9697,      0.1263,      5.4811,     10.9621,      1.1161,     27.8767,     55.7534,      0.0189,      0.0008,      0.0156,      0.2011,   7535.1177,-417522.8750,   -926.5897,    541.1982,  25117.0605,
       1,     166,     240,       6,       1,       3,       1,     10.0000,      1.3833,     42.3406,    244.0360,     61.4150,      3.4953,      0.0000,     -0.0304,      0.8504,      0.1236,      5.4811,     10.9621,      1.0925,     27.8767,     55.7534,      0.0189,      0.0007,      0.0156,      0.2011,   7535.1187,-417216.1562,   -926.5460,    541.2190,  25117.0605,
       1,     166,     240,       7,       1,       3,       1,     10.0000,      1.3833,     42.3406,    244.0360,     61.4150,      3.4953,      0.0000,     -0.0304,      0.5422,      0.1231,      5.4811,     10.9621,      1.0881,     27.8767,     55.7534,      0.0189,      0.0004,      0.0156,      0.2011,   7535.1187,-417039.2500,   -926.5252,    541.2310,  25117.0625,
       1,     166,     240,       8,       1,       3,       1,     10.0000,      1.3833,     42.3406,    244.0360,     61.4150,      3.4953,      0.0145,     -0.0157,      0.0579,      0.1209,      5.4811,     10.9621,      1.0683,     27.8767,     55.7534,      0.0189,      0.0003,      0.0022,      0.2011,   7535.1191,-416634.3438,   -926.4533,    541.2584,  25117.0605,
       1,     166,     240,       9,       1,       3,       1,     10.0000,      1.3833,     42.3406,    244.0360,     61.4150,      3.4953,      0.1306,      0.0994,      6.0456,      0.1460,      5.4811,     10.9621,      1.2900,     27.8767,     55.7534,      0.0189,      0.0004,      0.1712,      0.2011,   7535.1187,-415988.2188,   -926.3378,    541.3021,  25117.0625,
       1,     166,     240,      10,       1,       3,       1,     10.0000,      1.3833,     42.3406,    244.0360,     61.4150,      3.4953,      0.1743,      0.1428,      6.5484,      0.1527,      5.4811,     10.9621,      1.3497,     27.8767,     55.7534,      0.0189,      0.0003,      0.2355,      0.2011,   7535.1191,-423496.9062,   -927.8650,    540.7940,  25117.0605,
       1,     166,     240,      11,       1,       3,       1,     10.0000,      1.3833,     42.3406,    244.0360,     61.4150,      3.4953,      0.1840,      0.1518,      7.0004,      0.1745,      5.4811,     10.9621,      1.5417,     27.8767,     55.7534,      0.0189,      0.0003,      0.2500,      0.2011,   7535.1187,-424774.9688,   -928.2612,    540.7079,  25117.0605,
       1,     166,     240,      12,       1,       3,       1,     10.0000,      1.3833,     42.3406,    244.0360,     61.4150,      3.4953,      0.1839,      0.1512,      7.8098,      0.1919,      5.4811,     10.9621,      1.6958,     27.8767,     55.7534,      0.0189,      0.0004,      0.2500,      0.2011,   7535.1187,-425454.8750,   -928.5707,    540.6619,  25117.0586,
       1,     166,     240,      13,       1,       3,       1,     10.0000,      1.3833,     42.3406,    244.0360,     61.4150,      3.4953,      0.1838,      0.1505,      8.9188,      0.2143,      5.4811,     10.9621,      1.8937,     27.8767,     55.7534,      0.0189,      0.0004,      0.2500,      0.2011,   7535.1177,-426535.8750,   -928.9259,    540.5889,  25117.0605,
       1,     166,     240,      14,       1,       3,       1,     10.0000,      1.3833,     42.3406,    244.0360,     61.4150,      3.4953,      0.1748,      0.1410,     33.1025,      0.2311,      5.4811,     10.9621,      2.0420,     27.8767,     55.7534,      0.0189,      0.0018,      0.2338,      0.2011,   7535.1187,-428029.0938,   -929.2932,    540.4880,  25117.0586,
       1,     166,     240,      15,       1,       3,       1,     10.0000,      1.3833,     42.3406,    244.0360,     61.4150,      3.4953,      0.1862,      0.1521,     44.1673,      0.2394,      5.4811,     10.9621,      2.1150,     27.8767,     55.7534,      0.0189,      0.0022,      0.2496,      0.2011,   7535.1177,-458713.4688,   -935.3507,    538.4149,  25117.0605,
       1,     166,     240,      16,       1,       3,       1,     10.0000,      1.3833,     42.3406,    244.0360,     61.4150,      3.4953,      0.1647,      0.1316,     55.9587,      0.2060,      5.4811,     10.9621,      1.8207,     27.8767,     55.7534,      0.0189,      0.0032,      0.2159,      0.2011,   7535.1187,-475330.8750,   -938.7357,    537.3005,  25117.0605,
       1,     166,     240,      17,       1,       3,       1,     10.0000,      1.3833,     42.3406,    244.0360,     61.4150,      3.4953,      0.0510,      0.0206,     14.0278,      0.1261,      5.4811,     10.9621,      1.1139,     27.8767,     55.7534,      0.0189,      0.0033,      0.0538,      0.2010,   7535.1187,-491654.8125,   -924.8614,    536.2053,  25116.9512,
       1,     166,     240,      18,       1,       3,       1,     10.0000,      1.3833,     42.3406,    244.0360,     61.4150,      3.4953,      0.0597,      0.0297,     23.0144,      0.1146,      5.4811,     10.9621,      1.0130,     27.8767,     55.7534,      0.0189,      0.0044,      0.0658,      0.2010,   7535.0854,-440029.9062,   -915.1179,    539.6666,  25117.0605,
       1,     166,     240,      19,       1,       3,       1,     10.0000,      1.3833,     42.3406,    244.0360,     61.4150,      3.4953,      0.0493,      0.0194,     20.8360,      0.1128,      5.4811,     10.9621,      0.9965,     27.8767,     55.7534,      0.0189,      0.0051,      0.0510,      0.2011,   7535.1187,-447007.8125,   -916.5022,    539.2072,  25117.0605,
       1,     166,     240,      20,       1,       3,       1,     10.0000,      1.3833,     42.3406,    244.0360,     61.4150,      3.4953,      0.0059,     -0.0240,      6.7732,      0.1135,      5.4811,     10.9621,      1.0027,     27.8767,     55.7534,      0.0189,      0.0054,      0.0156,      0.2011,   7535.1187,-444836.3438,   -916.2759,    539.3536,  25117.0605,
       1,     166,     240,      21,       1,       3,       1,     10.0000,      1.3833,     42.3406,    244.0360,     61.4150,      3.4953,      0.0000,     -0.0299,      4.3951,      0.1127,      5.4811,     10.9621,      0.9955,     27.8767,     55.7534,      0.0189,      0.0035,      0.0156,      0.2011,   7535.1187,-426878.0625,   -913.8868,    540.5644,  25117.0605,
       1,     166,     240,      22,       1,       3,       1,     10.0000,      1.3833,     42.3406,    244.0360,     61.4150,      3.4953,      0.0000,     -0.0299,      1.1844,      0.1113,      5.4811,     10.9621,      0.9833,     27.8767,     55.7534,      0.0189,      0.0009,      0.0156,      0.2011,   7535.1187,-422344.5938,   -913.6006,    540.8721,  25117.0605,
       1,     166,     240,      23,       1,       3,       1,     10.0000,      1.3833,     42.3406,    244.0360,     61.4150,      3.4953,      0.0000,     -0.0297,      0.2788,      0.1081,      5.4811,     10.9621,      0.9555,     27.8767,     55.7534,      0.0189,      0.0002,      0.0156,      0.2011,   7535.1187,-417899.3750,   -912.8995,    541.1727,  25117.0586,
       1,     166,     240,      24,       1,       3,       1,     10.0000,      1.3833,     42.3406,    244.0360,     61.4150,      3.4953,      0.0000,     -0.0297,      0.2477,      0.1063,      5.4811,     10.9621,      0.9389,     27.8767,     55.7534,      0.0189,      0.0002,      0.0156,      0.2011,   7535.1177,-416375.7812,   -912.6304,    541.2759,  25117.0625,
       1,     166,     241,       1,       1,       3,       1,     10.0000,      1.3833,     42.3409,    244.0418,     61.4164,      3.4953,      0.0000,     -0.0298,      0.2581,      0.1102,      5.4812,     10.9625,      0.9733,     27.8769,     55.7538,      0.0189,      0.0002,      0.0156,      0.2011,   7535.1191,-416360.9062,   -912.8853,    541.2895,  25118.1855,
       1,     166,     241,       2,       1,       3,       1,     10.0000,      1.3833,     42.3409,    244.0418,     61.4164,      3.4953,      0.0000,     -0.0299,      0.2605,      0.1111,      5.4812,     10.9625,      0.9814,     27.8769,     55.7538,      0.0189,      0.0002,      0.0156,      0.2011,   7535.4561,-416220.5312,   -912.6092,    541.2990,  25118.1836,
       1,     166,     241,       3,       1,       3,       1,     10.0000,      1.3833,     42.3409,    244.0418,     61.4164,      3.4953,      0.0000,     -0.0299,      0.2605,      0.1111,      5.4812,     10.9625,      0.9814,     27.8769,     55.7538,      0.0189,      0.0002,      0.0156,      0.2011,   7535.4556,-416211.9688,   -912.6096,    541.2996,  25118.1855,
       1,     166,     241,       4,       1,       3,       1,     10.0000,      1.3833,     42.3409,    244.0418,     61.4164,      3.4953,      0.0000,     -0.0299,      0.2614,      0.1114,      5.4812,     10.9625,      0.9844,     27.8769,     55.7538,      0.0189,      0.0002,      0.0156,      0.2011,   7535.4561,-416210.8438,   -912.6099,    541.2997,  25118.1855,
       1,     166,     241,       5,       1,       3,       1,     10.0000,      1.3833,     42.3409,    244.0418,     61.4164,      3.4953,      0.0000,     -0.0300,      0.3081,      0.1145,      5.4812,     10.9625,      1.0120,     27.8769,     55.7538,      0.0189,      0.0002,      0.0156,      0.2011,   7535.4561,-416211.9062,   -912.6112,    541.2996,  25118.1836,
       1,     166,     241,       6,       1,       3,       1,     10.0000,      1.3833,     42.3409,    244.0418,     61.4164,      3.4953,      0.0000,     -0.0300,      0.3037,      0.1154,      5.4812,     10.9625,      1.0193,     27.8769,     55.7538,      0.0189,      0.0002,      0.0156,      0.2011,   7535.4556,-416271.3438,   -912.6270,    541.2955,  25118.1836,
       1,     166,     241,       7,       1,       3,       1,     10.0000,      1.3833,     42.3409,    244.0418,     61.4164,      3.4953,      0.0000,     -0.0301,      0.2784,      0.1177,      5.4812,     10.9625,      1.0403,     27.8769,     55.7538,      0.0189,      0.0002,      0.0156,      0.2011,   7535.4556,-416270.9062,   -912.6305,    541.2957,  25118.1836,
       1,     166,     241,       8,       1,       3,       1,     10.0000,      1.3833,     42.3409,    244.0418,     61.4164,      3.4953,      0.0086,     -0.0215,      0.2810,      0.1187,      5.4812,     10.9625,      1.0489,     27.8769,     55.7538,      0.0189,      0.0002,      0.0156,      0.2011,   7535.4556,-416238.8438,   -912.6260,    541.2977,  25118.1875,
       1,     166,     241,       9,       1,       3,       1,     10.0000,      1.3833,     42.3409,    244.0418,     61.4164,      3.4953,      0.0838,      0.0532,      2.0250,      0.1280,      5.4812,     10.9625,      1.1310,     27.8769,     55.7538,      0.0189,      0.0002,      0.1031,      0.2011,   7535.4565,-416238.9375,   -912.6524,    541.2977,  25118.1875,
       1,     166,     241,      10,       1,       3,       1,     10.0000,      1.3833,     42.3409,    244.0418,     61.4164,      3.4953,      0.1157,      0.0840,      3.8296,      0.1616,      5.4812,     10.9625,      1.4277,     27.8769,     55.7538,      0.0189,      0.0003,      0.1494,      0.2011,   7535.4565,-418441.8125,   -913.3963,    541.1486,  25118.1855,
       1,     166,     241,      11,       1,       3,       1,     10.0000,      1.3833,     42.3409,    244.0418,     61.4164,      3.4953,      0.1393,      0.1072,      5.1073,      0.1731,      5.4812,     10.9625,      1.5295,     27.8769,     55.7538,      0.0189,      0.0003,      0.1841,      0.2011,   7535.4561,-420910.0000,   -914.3223,    540.9818,  25118.1855,
       1,     166,     241,      12,       1,       3,       1,     10.0000,      1.3833,     42.3409,    244.0418,     61.4164,      3.4953,      0.1504,      0.1181,      5.7208,      0.1775,      5.4812,     10.9625,      1.5680,     27.8769,     55.7538,      0.0189,      0.0004,      0.2004,      0.2011,   7535.4561,-422734.9062,   -915.2820,    540.8584,  25118.1875,
       1,     166,     241,      13,       1,       3,       1,     10.0000,      1.3833,     42.3409,    244.0418,     61.4164,      3.4953,      0.1812,      0.1483,      7.9601,      0.1979,      5.4812,     10.9625,      1.7486,     27.8769,     55.7538,      0.0189,      0.0004,      0.2460,      0.2011,   7535.4565,-423665.5938,   -916.0369,    540.7955,  25118.1836,
       1,     166,     241,      14,       1,       3,       1,     10.0000,      1.3833,     42.3409,    244.0418,     61.4164,      3.4953,      0.1838,      0.1505,      9.0115,      0.2152,      5.4812,     10.9625,      1.9012,     27.8769,     55.7538,      0.0189,      0.0005,      0.2500,      0.2011,   7535.4556,-426574.5938,   -917.5574,    540.5989,  25118.1875,
       1,     166,     241,      15,       1,       3,       1,     10.0000,      1.3833,     42.3409,    244.0418,     61.4164,      3.4953,      0.1844,      0.1507,     44.2891,      0.2277,      5.4812,     10.9625,      2.0124,     27.8769,     55.7538,      0.0189,      0.0022,      0.2469,      0.2011,   7535.4565,-428150.8438,   -919.0189,    540.4924,  25118.1855,
       1,     166,     241,      16,       1,       3,       1,     10.0000,      1.3833,     42.3409,    244.0418,     61.4164,      3.4953,      0.0442,      0.0106,     10.5721,      0.2242,      5.4812,     10.9625,      1.9811,     27.8769,     55.7538,      0.0189,      0.0032,      0.0410,      0.2011,   7535.4561,-472854.2188,   -928.4019,    537.4722,  25118.1855,
       1,     166,     241,      17,       1,       3,       1,     10.0000,      1.3833,     42.3409,    244.0418,     61.4164,      3.4953,      0.0941,      0.0614,     26.2549,      0.1927,      5.4812,     10.9625,      1.7026,     27.8769,     55.7538,      0.0189,      0.0029,      0.1143,      0.2011,   7535.4561,-434068.4062,   -921.6763,    540.0863,  25118.1855,
       1,     166,     241,      18,       1,       3,       1,     10.0000,      1.3833,     42.3409,    244.0418,     61.4164,      3.4953,      0.1140,      0.0816,     50.0017,      0.1814,      5.4812,     10.9625,      1.6027,     27.8769,     55.7538,      0.0189,      0.0044,      0.1411,      0.2011,   7535.4561,-450585.4375,   -925.1804,    538.9777,  25118.1855,
       1,     166,     241,      19,       1,       3,       1,     10.0000,      1.3833,     42.3409,    244.0418,     61.4164,      3.4953,      0.0715,      0.0394,     33.8903,      0.1707,      5.4812,     10.9625,      1.5083,     27.8769,     55.7538,      0.0189,      0.0053,      0.0802,      0.2011,   7535.4561,-482001.0625,   -931.7079,    536.8623,  25118.1855,
       1,     166,     241,      20,       1,       3,       1,     10.0000,      1.3833,     42.3409,    244.0418,     61.4164,      3.4953,      0.0143,     -0.0175,      7.8813,      0.1640,      5.4812,     10.9625,      1.4493,     27.8769,     55.7538,      0.0189,      0.0063,      0.0156,      0.2011,   7535.4561,-464319.1875,   -929.0829,    538.0530,  25118.1836,
       1,     166,     241,      21,       1,       3,       1,     10.0000,      1.3833,     42.3409,    244.0418,     61.4164,      3.4953,      0.0000,     -0.0315,      6.4016,      0.1527,      5.4812,     10.9625,      1.3497,     27.8769,     55.7538,      0.0189,      0.0051,      0.0156,      0.2011,   7535.4556,-429935.8438,   -923.1311,    540.3669,  25118.1875,
       1,     166,     241,      22,       1,       3,       1,     10.0000,      1.3833,     42.3409,    244.0418,     61.4164,      3.4953,      0.0000,     -0.0312,      4.5428,      0.1469,      5.4812,     10.9625,      1.2978,     27.8769,     55.7538,      0.0189,      0.0036,      0.0156,      0.2011,   7535.4565,-425146.8125,   -922.3666,    540.6953,  25118.1855,
       1,     166,     241,      23,       1,       3,       1,     10.0000,      1.3833,     42.3409,    244.0418,     61.4164,      3.4953,      0.0000,     -0.0310,      3.7308,      0.1412,      5.4812,     10.9625,      1.2478,     27.8769,     55.7538,      0.0189,      0.0030,      0.0156,      0.2011,   7535.4561,-422383.7500,   -922.0547,    540.8821,  25118.1855,
       1,     166,     241,      24,       1,       3,       1,     10.0000,      1.3833,     42.3409,    244.0418,     61.4164,      3.4953,      0.0000,     -0.0310,      3.0048,      0.1399,      5.4812,     10.9625,      1.2365,     27.8769,     55.7538,      0.0189,      0.0024,      0.0156,      0.2011,   7535.4561,-421122.0000,   -921.9479,    540.9675,  25118.1836,
       1,     166,     242,       1,       1,       3,       1,     10.0000,      1.3833,     42.3412,    244.0475,     61.4179,      3.4953,      0.0000,     -0.0310,      2.8017,      0.1395,      5.4820,     10.9640,      1.2328,     27.8726,     55.7452,      0.0189,      0.0022,      0.0156,      0.2011,   7535.4556,-420252.9375,   -922.1307,    541.0392,  25119.3125,
       1,     166,     242,       2,       1,       3,       1,     10.0000,      1.3833,     42.3412,    244.0475,     61.4179,      3.4953,      0.0000,     -0.0309,      1.8502,      0.1376,      5.4820,     10.9640,      1.2154,     27.8726,     55.7452,      0.0189,      0.0015,      0.0156,      0.2011,   7535.7939,-419768.7188,   -921.8412,    541.0719,  25119.3125,
       1,     166,     242,       3,       1,       3,       1,     10.0000,      1.3833,     42.3412,    244.0475,     61.4179,      3.4953,      0.0000,     -0.0310,      0.6929,      0.1391,      5.4820,     10.9640,      1.2290,     27.8726,     55.7452,      0.0189,      0.0006,      0.0156,      0.2011,   7535.7939,-418525.5938,   -921.6578,    541.1560,  25119.3145,
       1,     166,     242,       4,       1,       3,       1,     10.0000,      1.3833,     42.3412,    244.0475,     61.4179,      3.4953,      0.0000,     -0.0309,      0.3330,      0.1377,      5.4820,     10.9640,      1.2167,     27.8726,     55.7452,      0.0189,      0.0003,      0.0156,      0.2011,   7535.7944,-416957.4062,   -921.3813,    541.2621,  25119.3125,
       1,     166,     242,       5,       1,       3,       1,     10.0000,      1.3833,     42.3412,    244.0475,     61.4179,      3.4953,      0.0000,     -0.0309,      0.3303,      0.1367,      5.4820,     10.9640,      1.2081,     27.8726,     55.7452,      0.0189,      0.0003,      0.0156,      0.2011,   7535.7939,-416369.0938,   -921.2742,    541.3019,  25119.3145,
       1,     166,     242,       6,       1,       3,       1,     10.0000,      1.3833,     42.3412,    244.0475,     61.4179,      3.4953,      0.0000,     -0.0308,      0.3239,      0.1344,      5.4820,     10.9640,      1.1875,     27.8726,     55.7452,      0.0189,      0.0003,      0.0156,      0.2011,   7535.7944,-416315.2500,   -921.2652,    541.3055,  25119.3125,
       1,     166,     242,       7,       1,       3,       1,     10.0000,      1.3833,     42.3412,    244.0475,     61.4179,      3.4953,      0.0000,     -0.0306,      0.3117,      0.1300,      5.4820,     10.9640,      1.1484,     27.8726,     55.7452,      0.0189,      0.0002,      0.0156,      0.2011,   7535.7939,-416302.7188,   -921.2649,    541.3063,  25119.3125,
       1,     166,     242,       8,       1,       3,       1,     10.0000,      1.3833,     42.3412,    244.0475,     61.4179,      3.4953,      0.0044,     -0.0262,      0.3096,      0.1292,      5.4820,     10.9640,      1.1414,     27.8726,     55.7452,      0.0189,      0.0002,      0.0156,      0.2011,   7535.7939,-416286.2812,   -921.2633,    541.3075,  25119.3125,
       1,     166,     242,       9,       1,       3,       1,     10.0000,      1.3833,     42.3412,    244.0475,     61.4179,      3.4953,      0.0657,      0.0348,      1.6242,      0.1373,      5.4820,     10.9640,      1.2130,     27.8726,     55.7452,      0.0189,      0.0003,      0.0763,      0.2011,   7535.7939,-416282.1250,   -921.2695,    541.3077,  25119.3125,
       1,     166,     242,      10,       1,       3,       1,     10.0000,      1.3833,     42.3412,    244.0475,     61.4179,      3.4953,      0.1419,      0.1097,      5.1999,      0.1728,      5.4820,     10.9640,      1.5265,     27.8726,     55.7452,      0.0189,      0.0003,      0.1878,      0.2011,   7535.7939,-417942.1875,   -921.7111,    541.1955,  25119.3145,
       1,     166,     242,      11,       1,       3,       1,     10.0000,      1.3833,     42.3412,    244.0475,     61.4179,      3.4953,      0.1746,      0.1419,      7.3621,      0.1915,      5.4820,     10.9640,      1.6925,     27.8726,     55.7452,      0.0189,      0.0004,      0.2362,      0.2011,   7535.7944,-422600.0000,   -922.8679,    540.8803,  25119.3125,
       1,     166,     242,      12,       1,       3,       1,     10.0000,      1.3833,     42.3412,    244.0475,     61.4179,      3.4953,      0.1718,      0.1385,      8.0094,      0.2093,      5.4820,     10.9640,      1.8497,     27.8726,     55.7452,      0.0189,      0.0004,      0.2320,      0.2011,   7535.7939,-425729.7188,   -922.7587,    540.6688,  25119.3125,
       1,     166,     242,      13,       1,       3,       1,     10.0000,      1.3833,     42.3412,    244.0475,     61.4179,      3.4953,      0.1838,      0.1498,      9.9915,      0.2377,      5.4820,     10.9640,      2.1008,     27.8726,     55.7452,      0.0189,      0.0005,      0.2500,      0.2011,   7535.7939,-426814.5938,   -923.3588,    540.5956,  25119.3125,
       1,     166,     242,      14,       1,       3,       1,     10.0000,      1.3833,     42.3412,    244.0475,     61.4179,      3.4953,      0.1810,      0.1469,     11.3422,      0.2419,      5.4820,     10.9640,      2.1379,     27.8726,     55.7452,      0.0189,      0.0006,      0.2457,      0.2011,   7535.7939,-429410.9375,   -924.3833,    540.4201,  25119.3125,
       1,     166,     242,      15,       1,       3,       1,     10.0000,      1.3833,     42.3412,    244.0475,     61.4179,      3.4953,      0.0790,      0.0451,     17.5396,      0.2352,      5.4820,     10.9640,      2.0783,     27.8726,     55.7452,      0.0189,      0.0024,      0.0920,      0.2011,   7535.7939,-431339.1562,   -925.1606,    540.2899,  25119.3105,
       1,     166,     242,      16,       1,       3,       1,     10.0000,      1.3833,     42.3412,    244.0475,     61.4179,      3.4953,      0.1181,      0.0849,     41.6678,      0.2073,      5.4820,     10.9640,      1.8315,     27.8726,     55.7452,      0.0189,      0.0035,      0.1480,      0.2011,   7535.7935,-439332.8438,   -926.8668,    539.7501,  25119.3125,
       1,     166,     242,      17,       1,       3,       1,     10.0000,      1.3833,     42.3412,    244.0475,     61.4179,      3.4953,      0.1268,      0.0934,     64.5850,      0.2137,      5.4820,     10.9640,      1.8882,     27.8726,     55.7452,      0.0189,      0.0051,      0.1582,      0.2011,   7535.7939,-470499.9375,   -933.1061,    537.6475,  25119.3125,
       1,     166,     242,      18,       1,       3,       1,     10.0000,      1.3833,     42.3412,    244.0475,     61.4179,      3.4953,      0.1012,      0.0680,     64.3625,      0.2093,      5.4820,     10.9640,      1.8497,     27.8726,     55.7452,      0.0189,      0.0067,      0.1201,      0.2011,   7535.7939,-502137.4688,   -939.6244,    535.5254,  25119.3145,
       1,     166,     242,      19,       1,       3,       1,     10.0000,      1.3833,     42.3412,    244.0475,     61.4179,      3.4953,      0.0657,      0.0329,     39.3123,      0.1938,      5.4820,     10.9640,      1.7127,     27.8726,     55.7452,      0.0189,      0.0070,      0.0705,      0.2011,   7535.7944,-504558.1562,   -940.6783,    535.3675,  25119.3105,
       1,     166,     242,      20,       1,       3,       1,     10.0000,      1.3833,     42.3412,    244.0475,     61.4179,      3.4953,      0.0143,     -0.0180,      8.0149,      0.1762,      5.4820,     10.9640,      1.5572,     27.8726,     55.7452,      0.0189,      0.0064,      0.0156,      0.2011,   7535.7935,-473078.9688,   -935.1628,    537.4742,  25119.3125,
       1,     166,     242,      21,       1,       3,       1,     10.0000,      1.3833,     42.3412,    244.0475,     61.4179,      3.4953,      0.0000,     -0.0320,      5.5570,      0.1683,      5.4820,     10.9640,      1.4874,     27.8726,     55.7452,      0.0189,      0.0044,      0.0156,      0.2011,   7535.7939,-430850.6250,   -927.3582,    540.3154,  25119.3125,
       1,     166,     242,      22,       1,       3,       1,     10.0000,      1.3833,     42.3412,    244.0475,     61.4179,      3.4953,      0.0000,     -0.0319,      6.2776,      0.1667,      5.4820,     10.9640,      1.4727,     27.8726,     55.7452,      0.0189,      0.0050,      0.0156,      0.2011,   7535.7939,-424163.1562,   -926.1870,    540.7745,  25119.3105,
       1,     166,     242,      23,       1,       3,       1,     10.0000,      1.3833,     42.3412,    244.0475,     61.4179,      3.4953,      0.0000,     -0.0318,      6.3195,      0.1630,      5.4820,     10.9640,      1.4406,     27.8726,     55.7452,      0.0189,      0.0051,      0.0156,      0.2011,   7535.7935,-424493.6562,   -926.3456,    540.7525,  25119.3125,
       1,     166,     242,      24,       1,       3,       1,     10.0000,      1.3833,     42.3412,    244.0475,     61.4179,      3.4953,      0.0000,     -0.0317,      5.3512,      0.1585,      5.4820,     10.9640,      1.4008,     27.8726,     55.7452,      0.0189,      0.0043,      0.0156,      0.2011,   7535.7939,-424574.3125,   -926.4434,    540.7470,  25119.3125,
       1,     166,     243,       1,       1,       3,       1,     10.0000,      1.3833,     42.3416,    244.0533,     61.4193,      3.4953,      0.0000,     -0.0315,      4.1341,      0.1535,      5.4817,     10.9635,      1.3566,     27.8689,     55.7377,      0.0189,      0.0033,      0.0156,      0.2012,   7535.7939,-423512.9375,   -926.5760,    540.8314,  25120.4375,
       1,     166,     243,       2,       1,       3,       1,     10.0000,      1.3833,     42.3416,    244.0533,     61.4193,      3.4953,      0.0000,     -0.0314,      3.2346,      0.1499,      5.4817,     10.9635,      1.3243,     27.8689,     55.7377,      0.0189,      0.0026,      0.0156,      0.2012,   7536.1313,-421732.6250,   -926.0125,    540.9519,  25120.4355,
       1,     166,     243,       3,       1,       3,       1,     10.0000,      1.3833,     42.3416,    244.0533,     61.4193,      3.4953,      0.0000,     -0.0312,      2.6566,      0.1448,      5.4817,     10.9635,      1.2797,     27.8689,     55.7377,      0.0189,      0.0021,      0.0156,      0.2012,   7536.1309,-420444.5625,   -925.7966,    541.0390,  25120.4375,
       1,     166,     243,       4,       1,       3,       1,     10.0000,      1.3833,     42.3416,    244.0533,     61.4193,      3.4953,      0.0000,     -0.0312,      2.2765,      0.1448,      5.4817,     10.9635,      1.2797,     27.8689,     55.7377,      0.0189,      0.0018,      0.0156,      0.2012,   7536.1313,-419604.4375,   -925.6562,    541.0958,  25120.4375,
       1,     166,     243,       5,       1,       3,       1,     10.0000,      1.3833,     42.3416,    244.0533,     61.4193,      3.4953,      0.0000,     -0.0312,      1.6203,      0.1442,      5.4817,     10.9635,      1.2746,     27.8689,     55.7377,      0.0189,      0.0013,      0.0156,      0.2012,   7536.1313,-419052.6562,   -925.5665,    541.1332,  25120.4355,
       1,     166,     243,       6,       1,       3,       1,     10.0000,      1.3833,     42.3416,    244.0533,     61.4193,      3.4953,      0.0000,     -0.0312,      1.2550,      0.1444,      5.4817,     10.9635,      1.2758,     27.8689,     55.7377,      0.0189,      0.0010,      0.0156,      0.2012,   7536.1309,-418176.9062,   -925.4111,    541.1924,  25120.4355,
       1,     166,     243,       7,       1,       3,       1,     10.0000,      1.3833,     42.3416,    244.0533,     61.4193,      3.4953,      0.0000,     -0.0311,      0.9590,      0.1416,      5.4817,     10.9635,      1.2516,     27.8689,     55.7377,      0.0189,      0.0008,      0.0156,      0.2012,   7536.1309,-417640.7500,   -925.3169,    541.2287,  25120.4375,
       1,     166,     243,       8,       1,       3,       1,     10.0000,      1.3833,     42.3416,    244.0533,     61.4193,      3.4953,      0.0061,     -0.0249,      0.5572,      0.1406,      5.4817,     10.9635,      1.2428,     27.8689,     55.7377,      0.0189,      0.0004,      0.0156,      0.2012,   7536.1313,-417220.9375,   -925.2432,    541.2570,  25120.4375,
       1,     166,     243,       9,       1,       3,       1,     10.0000,      1.3833,     42.3416,    244.0533,     61.4193,      3.4953,      0.0615,      0.0301,      1.8418,      0.1499,      5.4817,     10.9635,      1.3243,     27.8689,     55.7377,      0.0189,      0.0003,      0.0698,      0.2012,   7536.1313,-416677.7812,   -925.1437,    541.2938,  25120.4375,
       1,     166,     243,      10,       1,       3,       1,     10.0000,      1.3833,     42.3416,    244.0533,     61.4193,      3.4953,      0.1607,      0.1287,      5.8686,      0.1702,      5.4817,     10.9635,      1.5039,     27.8689,     55.7377,      0.0189,      0.0003,      0.2156,      0.2012,   7536.1313,-418253.6250,   -925.4576,    541.1871,  25120.4375,
       1,     166,     243,      11,       1,       3,       1,     10.0000,      1.3833,     42.3416,    244.0533,     61.4193,      3.4953,      0.1457,      0.1126,      6.4417,      0.2030,      5.4817,     10.9635,      1.7941,     27.8689,     55.7377,      0.0189,      0.0004,      0.1933,      0.2012,   7536.1313,-423473.7500,   -926.4996,    540.8340,  25120.4375,
       1,     166,     243,      12,       1,       3,       1,     10.0000,      1.3833,     42.3416,    244.0533,     61.4193,      3.4953,      0.1725,      0.1391,      8.6553,      0.2133,      5.4817,     10.9635,      1.8846,     27.8689,     55.7377,      0.0189,      0.0005,      0.2330,      0.2012,   7536.1313,-424643.7500,   -926.7610,    540.7551,  25120.4375,
       1,     166,     243,      13,       1,       3,       1,     10.0000,      1.3833,     42.3416,    244.0533,     61.4193,      3.4953,      0.1840,      0.1505,     10.6192,      0.2179,      5.4817,     10.9635,      1.9257,     27.8689,     55.7377,      0.0189,      0.0005,      0.2500,      0.2012,   7536.1313,-427539.3750,   -927.3570,    540.5593,  25120.4375,
       1,     166,     243,      14,       1,       3,       1,     10.0000,      1.3833,     42.3416,    244.0533,     61.4193,      3.4953,      0.0420,      0.0084,      2.8961,      0.2214,      5.4817,     10.9635,      1.9561,     27.8689,     55.7377,      0.0189,      0.0009,      0.0386,      0.2012,   7536.1313,-430267.2812,   -927.9166,    540.3751,  25120.4395,
       1,     166,     243,      15,       1,       3,       1,     10.0000,      1.3833,     42.3416,    244.0533,     61.4193,      3.4953,      0.0606,      0.0270,     11.5033,      0.2212,      5.4817,     10.9635,      1.9542,     27.8689,     55.7377,      0.0189,      0.0022,      0.0655,      0.2012,   7536.1323,-420744.9375,   -926.1055,    541.0184,  25120.4375,
       1,     166,     243,      16,       1,       3,       1,     10.0000,      1.3833,     42.3416,    244.0533,     61.4193,      3.4953,      0.0877,      0.0542,     32.6634,      0.2203,      5.4817,     10.9635,      1.9466,     27.8689,     55.7377,      0.0189,      0.0039,      0.1036,      0.2012,   7536.1313,-430803.2188,   -928.0787,    540.3385,  25120.4375,
       1,     166,     243,      17,       1,       3,       1,     10.0000,      1.3833,     42.3416,    244.0533,     61.4193,      3.4953,      0.1407,      0.1073,     61.9831,      0.2167,      5.4817,     10.9635,      1.9144,     27.8689,     55.7377,      0.0189,      0.0043,      0.1794,      0.2012,   7536.1313,-458390.9062,   -933.5062,    538.4756,  25120.4355,
       1,     166,     243,      18,       1,       3,       1,     10.0000,      1.3833,     42.3416,    244.0533,     61.4193,      3.4953,      0.1314,      0.0980,     60.0880,      0.2156,      5.4817,     10.9635,      1.9050,     27.8689,     55.7377,      0.0189,      0.0045,      0.1657,      0.2011,   7536.1309,-497803.0625,   -941.3494,    535.8259,  25120.4355,
       1,     166,     243,      19,       1,       3,       1,     10.0000,      1.3833,     42.3416,    244.0533,     61.4193,      3.4953,      0.0772,      0.0441,     31.9030,      0.2036,      5.4817,     10.9635,      1.7994,     27.8689,     55.7377,      0.0189,      0.0045,      0.0882,      0.2011,   7536.1309,-498780.4688,   -941.8235,    535.7671,  25120.4355,
       1,     166,     243,      20,       1,       3,       1,     10.0000,      1.3833,     42.3416,    244.0533,     61.4193,      3.4953,      0.0067,     -0.0258,      5.2833,      0.1836,      5.4817,     10.9635,      1.6220,     27.8689,     55.7377,      0.0189,      0.0042,      0.0156,      0.2011,   7536.1309,-463217.7500,   -935.1266,    538.1487,  25120.4375,
       1,     166,     243,      21,       1,       3,       1,     10.0000,      1.3833,     42.3416,    244.0533,     61.4193,      3.4953,      0.0000,     -0.0321,      4.9775,      0.1728,      5.4817,     10.9635,      1.5265,     27.8689,     55.7377,      0.0189,      0.0040,      0.0156,      0.2011,   7536.1313,-426566.9062,   -928.0604,    540.6194,  25120.4375,
       1,     166,     243,      22,       1,       3,       1,     10.0000,      1.3833,     42.3416,    244.0533,     61.4193,      3.4953,      0.0000,     -0.0320,      4.9024,      0.1687,      5.4817,     10.9635,      1.4904,     27.8689,     55.7377,      0.0189,      0.0039,      0.0156,      0.2012,   7536.1313,-423065.5938,   -927.3690,    540.8616,  25120.4355,
       1,     166,     243,      23,       1,       3,       1,     10.0000,      1.3833,     42.3416,    244.0533,     61.4193,      3.4953,      0.0000,     -0.0319,      5.2844,      0.1660,      5.4817,     10.9635,      1.4668,     27.8689,     55.7377,      0.0189,      0.0042,      0.0156,      0.2012,   7536.1309,-422664.9688,   -927.2742,    540.8889,  25120.4336,
       1,     166,     243,      24,       1,       3,       1,     10.0000,      1.3833,     42.3416,    244.0533,     61.4193,      3.4953,      0.0000,     -0.0319,      4.9923,      0.1657,      5.4817,     10.9635,      1.4639,     27.8689,     55.7377,      0.0189,      0.0040,      0.0156,      0.2012,   7536.1304,-423113.3750,   -927.3405,    540.8585,  25120.4355,
       1,     166,     244,       1,       1,       3,       1,     10.0000,      1.3834,     42.3419,    244.0591,     61.4208,      3.4953,      0.0000,     -0.0319,      3.8432,      0.1652,      5.4826,     10.9652,      1.4595,     27.8614,     55.7228,      0.0189,      0.0031,      0.0156,      0.2012,   7536.1309,-422937.3750,   -927.5624,    540.8834,  25121.5605,
       1,     166,     244,       2,       1,       3,       1,     10.0000,      1.3834,     42.3419,    244.0591,     61.4208,      3.4953,      0.0000,     -0.0318,      2.7808,      0.1634,      5.4826,     10.9652,      1.4436,     27.8614,     55.7228,      0.0189,      0.0022,      0.0156,      0.2012,   7536.4683,-421318.4375,   -926.9666,    540.9928,  25121.5605,
       1,     166,     244,       3,       1,       3,       1,     10.0000,      1.3834,     42.3419,    244.0591,     61.4208,      3.4953,      0.0000,     -0.0317,      2.1489,      0.1587,      5.4826,     10.9652,      1.4023,     27.8614,     55.7228,      0.0189,      0.0017,      0.0156,      0.2012,   7536.4683,-419838.5938,   -926.6698,    541.0930,  25121.5625,
       1,     166,     244,       4,       1,       3,       1,     10.0000,      1.3834,     42.3419,    244.0591,     61.4208,      3.4953,      0.0000,     -0.0315,      1.6036,      0.1540,      5.4826,     10.9652,      1.3607,     27.8614,     55.7228,      0.0189,      0.0013,      0.0156,      0.2012,   7536.4692,-418914.0625,   -926.4821,    541.1555,  25121.5625,
       1,     166,     244,       5,       1,       3,       1,     10.0000,      1.3834,     42.3419,    244.0591,     61.4208,      3.4953,      0.0000,     -0.0314,      1.5506,      0.1515,      5.4826,     10.9652,      1.3390,     27.8614,     55.7228,      0.0189,      0.0012,      0.0156,      0.2012,   7536.4692,-418146.4375,   -926.3278,    541.2073,  25121.5625,
       1,     166,     244,       6,       1,       3,       1,     10.0000,      1.3834,     42.3419,    244.0591,     61.4208,      3.4953,      0.0000,     -0.0313,      1.2908,      0.1491,      5.4826,     10.9652,      1.3177,     27.8614,     55.7228,      0.0189,      0.0010,      0.0156,      0.2012,   7536.4692,-418014.0938,   -926.2979,    541.2162,  25121.5605,
       1,     166,     244,       7,       1,       3,       1,     10.0000,      1.3834,     42.3419,    244.0591,     61.4208,      3.4953,      0.0000,     -0.0312,      0.9376,      0.1454,      5.4826,     10.9652,      1.2849,     27.8614,     55.7228,      0.0189,      0.0008,      0.0156,      0.2012,   7536.4683,-417674.8750,   -926.2283,    541.2393,  25121.5605,
       1,     166,     244,       8,       1,       3,       1,     10.0000,      1.3834,     42.3419,    244.0591,     61.4208,      3.4953,      0.0059,     -0.0252,      0.9287,      0.1412,      5.4826,     10.9652,      1.2479,     27.8614,     55.7228,      0.0189,      0.0007,      0.0156,      0.2012,   7536.4683,-417199.9062,   -926.1343,    541.2714,  25121.5605,
       1,     166,     244,       9,       1,       3,       1,     10.0000,      1.3834,     42.3419,    244.0591,     61.4208,      3.4953,      0.0583,      0.0266,      3.9345,      0.1593,      5.4826,     10.9652,      1.4079,     27.8614,     55.7228,      0.0189,      0.0008,      0.0645,      0.2012,   7536.4683,-417148.0312,   -926.1210,    541.2748,  25121.5605,
       1,     166,     244,      10,       1,       3,       1,     10.0000,      1.3834,     42.3419,    244.0591,     61.4208,      3.4953,      0.1241,      0.0911,      9.5566,      0.1995,      5.4826,     10.9652,      1.7626,     27.8614,     55.7228,      0.0189,      0.0007,      0.1607,      0.2012,   7536.4683,-420939.1562,   -926.8533,    541.0184,  25121.5586,
       1,     166,     244,      11,       1,       3,       1,     10.0000,      1.3834,     42.3419,    244.0591,     61.4208,      3.4953,      0.1686,      0.1350,     10.1528,      0.2225,      5.4826,     10.9652,      1.9658,     27.8614,     55.7228,      0.0189,      0.0006,      0.2271,      0.2012,   7536.4678,-428362.8125,   -928.2876,    540.5164,  25121.5605,
       1,     166,     244,      12,       1,       3,       1,     10.0000,      1.3834,     42.3419,    244.0591,     61.4208,      3.4953,      0.1834,      0.1496,     16.5343,      0.2300,      5.4826,     10.9652,      2.0323,     27.8614,     55.7228,      0.0189,      0.0008,      0.2486,      0.2012,   7536.4683,-429750.2188,   -928.5052,    540.4229,  25121.5605,
       1,     166,     244,      13,       1,       3,       1,     10.0000,      1.3834,     42.3419,    244.0591,     61.4208,      3.4953,      0.1602,      0.1260,     12.2203,      0.2443,      5.4826,     10.9652,      2.1590,     27.8614,     55.7228,      0.0189,      0.0007,      0.2143,      0.2012,   7536.4683,-437927.8750,   -930.0446,    539.8705,  25121.5605,
       1,     166,     244,      14,       1,       3,       1,     10.0000,      1.3834,     42.3419,    244.0591,     61.4208,      3.4953,      0.1618,      0.1275,     32.7527,      0.2489,      5.4826,     10.9652,      2.1992,     27.8614,     55.7228,      0.0189,      0.0019,      0.2144,      0.2012,   7536.4683,-433177.6250,   -929.1117,    540.1913,  25121.5605,
       1,     166,     244,      15,       1,       3,       1,     10.0000,      1.3834,     42.3419,    244.0591,     61.4208,      3.4953,      0.1734,      0.1394,     88.3547,      0.2373,      5.4826,     10.9652,      2.0968,     27.8614,     55.7228,      0.0189,      0.0049,      0.2253,      0.2012,   7536.4683,-458704.9688,   -934.1273,    538.4677,  25121.5605,
       1,     166,     244,      16,       1,       3,       1,     10.0000,      1.3834,     42.3419,    244.0591,     61.4208,      3.4953,      0.1758,      0.1420,    113.9557,      0.2302,      5.4826,     10.9652,      2.0343,     27.8614,     55.7228,      0.0189,      0.0063,      0.2259,      0.2012,   7536.4683,-531142.9375,   -948.4761,    533.5948,  25121.5605,
       1,     166,     244,      17,       1,       3,       1,     10.0000,      1.3834,     42.3419,    244.0591,     61.4208,      3.4953,      0.1743,      0.1410,    101.8146,      0.2137,      5.4826,     10.9652,      1.8883,     27.8614,     55.7228,      0.0189,      0.0057,      0.2249,      0.2011,   7536.4683,-569759.8750,   -956.4030,    531.0411,  25121.5605,
       1,     166,     244,      18,       1,       3,       1,     10.0000,      1.3834,     42.3419,    244.0591,     61.4208,      3.4953,      0.1609,      0.1277,    113.0820,      0.2085,      5.4826,     10.9652,      1.8425,     27.8614,     55.7228,      0.0189,      0.0069,      0.2035,      0.2010,   7536.4683,-557669.1250,   -954.4424,    531.8497,  25121.5605,
       1,     166,     244,      19,       1,       3,       1,     10.0000,      1.3834,     42.3419,    244.0591,     61.4208,      3.4953,      0.0860,      0.0530,     52.1540,      0.2009,      5.4826,     10.9652,      1.7748,     27.8614,     55.7228,      0.0189,      0.0066,      0.0991,      0.2010,   7536.4683,-570893.9375,   -957.4699,    530.9712,  25121.5586,
       1,     166,     244,      20,       1,       3,       1,     10.0000,      1.3834,     42.3419,    244.0591,     61.4208,      3.4953,      0.0113,     -0.0211,      6.8317,      0.1810,      5.4826,     10.9652,      1.5996,     27.8614,     55.7228,      0.0189,      0.0055,      0.0156,      0.2010,   7536.4678,-494900.4375,   -942.7726,    536.0156,  25121.5586,
       1,     166,     244,      21,       1,       3,       1,     10.0000,      1.3834,     42.3419,    244.0591,     61.4208,      3.4953,      0.0000,     -0.0319,      5.9530,      0.1668,      5.4826,     10.9652,      1.4742,     27.8614,     55.7228,      0.0189,      0.0048,      0.0156,      0.2011,   7536.4678,-431223.0312,   -930.2253,    540.3062,  25121.5586,
       1,     166,     244,      22,       1,       3,       1,     10.0000,      1.3834,     42.3419,    244.0591,     61.4208,      3.4953,      0.0000,     -0.0317,      4.6983,      0.1593,      5.4826,     10.9652,      1.4079,     27.8614,     55.7228,      0.0189,      0.0038,      0.0156,      0.2012,   7536.4678,-424711.9375,   -928.8878,    540.7632,  25121.5566,
       1,     166,     244,      23,       1,       3,       1,     10.0000,      1.3834,     42.3419,    244.0591,     61.4208,      3.4953,      0.0000,     -0.0314,      4.0548,      0.1512,      5.4826,     10.9652,      1.3363,     27.8614,     55.7228,      0.0189,      0.0032,      0.0156,      0.2012,   7536.4673,-422550.4688,   -928.4189,    540.9095,  25121.5586,
       1,     166,     244,      24,       1,       3,       1,     10.0000,      1.3834,     42.3419,    244.0591,     61.4208,      3.4953,      0.0000,     -0.0314,      3.5694,      0.1512,      5.4826,     10.9652,      1.3363,     27.8614,     55.7228,      0.0189,      0.0029,      0.0156,      0.2012,   7536.4678,-421552.8125,   -928.1840,    540.9769,  25121.5566,
       1,     166,     245,       1,       1,       3,       1,     10.0000,      1.3834,     42.3422,    244.0648,     61.4222,      3.4953,      0.0000,     -0.0314,      2.7871,      0.1512,      5.4818,     10.9635,      1.3364,     27.8628,     55.7255,      0.0189,      0.0022,      0.0156,      0.2012,   7536.4673,-421009.5938,   -928.3247,    541.0263,  25122.6836,
       1,     166,     245,       2,       1,       3,       1,     10.0000,      1.3834,     42.3422,    244.0648,     61.4222,      3.4953,      0.0000,     -0.0314,      2.9180,      0.1505,      5.4818,     10.9635,      1.3297,     27.8628,     55.7255,      0.0189,      0.0023,      0.0156,      0.2012,   7536.8052,-419822.7500,   -927.7871,    541.1067,  25122.6816,
       1,     166,     245,       3,       1,       3,       1,     10.0000,      1.3834,     42.3422,    244.0648,     61.4222,      3.4953,      0.0000,     -0.0313,      1.4323,      0.1472,      5.4818,     10.9635,      1.3006,     27.8628,     55.7255,      0.0189,      0.0011,      0.0156,      0.2012,   7536.8047,-419886.7188,   -927.7715,    541.1024,  25122.6816,
       1,     166,     245,       4,       1,       3,       1,     10.0000,      1.3834,     42.3422,    244.0648,     61.4222,      3.4953,      0.0000,     -0.0311,      0.6705,      0.1441,      5.4818,     10.9635,      1.2733,     27.8628,     55.7255,      0.0189,      0.0005,      0.0156,      0.2012,   7536.8047,-418016.2812,   -927.3914,    541.2288,  25122.6816,
       1,     166,     245,       5,       1,       3,       1,     10.0000,      1.3834,     42.3422,    244.0648,     61.4222,      3.4953,      0.0000,     -0.0310,      0.8065,      0.1412,      5.4818,     10.9635,      1.2479,     27.8628,     55.7255,      0.0189,      0.0006,      0.0156,      0.2012,   7536.8047,-416894.7812,   -927.1678,    541.3047,  25122.6816,
       1,     166,     245,       6,       1,       3,       1,     10.0000,      1.3834,     42.3422,    244.0648,     61.4222,      3.4953,      0.0000,     -0.0308,      0.6750,      0.1355,      5.4818,     10.9635,      1.1972,     27.8628,     55.7255,      0.0189,      0.0005,      0.0156,      0.2012,   7536.8047,-416970.6562,   -927.1781,    541.2996,  25122.6816,
       1,     166,     245,       7,       1,       3,       1,     10.0000,      1.3834,     42.3422,    244.0648,     61.4222,      3.4953,      0.0000,     -0.0308,      0.4252,      0.1336,      5.4818,     10.9635,      1.1804,     27.8628,     55.7255,      0.0189,      0.0003,      0.0156,      0.2012,   7536.8047,-416811.0938,   -927.1437,    541.3104,  25122.6816,
       1,     166,     245,       8,       1,       3,       1,     10.0000,      1.3834,     42.3422,    244.0648,     61.4222,      3.4953,      0.0132,     -0.0174,      0.3659,      0.1302,      5.4818,     10.9635,      1.1508,     27.8628,     55.7255,      0.0189,      0.0003,      0.0156,      0.2012,   7536.8047,-416482.1875,   -927.0788,    541.3326,  25122.6797,
       1,     166,     245,       9,       1,       3,       1,     10.0000,      1.3834,     42.3422,    244.0648,     61.4222,      3.4953,      0.1419,      0.1112,      3.9753,      0.1312,      5.4818,     10.9635,      1.1590,     27.8628,     55.7255,      0.0189,      0.0003,      0.1881,      0.2012,   7536.8042,-416379.4062,   -927.0553,    541.3396,  25122.6816,
       1,     166,     245,      10,       1,       3,       1,     10.0000,      1.3834,     42.3422,    244.0648,     61.4222,      3.4953,      0.1596,      0.1289,      4.8615,      0.1321,      5.4818,     10.9635,      1.1673,     27.8628,     55.7255,      0.0189,      0.0003,      0.2140,      0.2012,   7536.8047,-420927.4688,   -927.8873,    541.0319,  25122.6816,
       1,     166,     245,      11,       1,       3,       1,     10.0000,      1.3834,     42.3422,    244.0648,     61.4222,      3.4953,      0.1830,      0.1522,     10.7826,      0.1341,      5.4818,     10.9635,      1.1852,     27.8628,     55.7255,      0.0189,      0.0005,      0.2477,      0.2012,   7536.8047,-422435.1562,   -928.6397,    540.9299,  25122.6816,
       1,     166,     245,      12,       1,       3,       1,     10.0000,      1.3834,     42.3422,    244.0648,     61.4222,      3.4953,      0.1847,      0.1536,     13.7532,      0.1429,      5.4818,     10.9635,      1.2631,     27.8628,     55.7255,      0.0189,      0.0007,      0.2500,      0.2012,   7536.8047,-430040.2500,   -930.0329,    540.4157,  25122.6797,
       1,     166,     245,      13,       1,       3,       1,     10.0000,      1.3834,     42.3422,    244.0648,     61.4222,      3.4953,      0.1846,      0.1533,     12.8122,      0.1487,      5.4818,     10.9635,      1.3137,     27.8628,     55.7255,      0.0189,      0.0006,      0.2500,      0.2012,   7536.8042,-434441.9062,   -930.7068,    540.1187,  25122.6816,
       1,     166,     245,      14,       1,       3,       1,     10.0000,      1.3834,     42.3422,    244.0648,     61.4222,      3.4953,      0.1847,      0.1534,     14.4028,      0.1502,      5.4818,     10.9635,      1.3270,     27.8628,     55.7255,      0.0189,      0.0007,      0.2500,      0.2012,   7536.8047,-433628.7188,   -930.2729,    540.1736,  25122.6816,
       1,     166,     245,      15,       1,       3,       1,     10.0000,      1.3834,     42.3422,    244.0648,     61.4222,      3.4953,      0.1845,      0.1527,     12.5628,      0.1637,      5.4818,     10.9635,      1.4465,     27.8628,     55.7255,      0.0189,      0.0006,      0.2500,      0.2012,   7536.8047,-435568.0312,   -930.4774,    540.0427,  25122.6816,
       1,     166,     245,      16,       1,       3,       1,     10.0000,      1.3834,     42.3422,    244.0648,     61.4222,      3.4953,      0.1842,      0.1519,      9.4439,      0.1761,      5.4818,     10.9635,      1.5558,     27.8628,     55.7255,      0.0189,      0.0005,      0.2500,      0.2012,   7536.8047,-433409.9062,   -929.8278,    540.1884,  25122.6797,
       1,     166,     245,      17,       1,       3,       1,     10.0000,      1.3834,     42.3422,    244.0648,     61.4222,      3.4953,      0.1230,      0.0907,      8.2572,      0.1771,      5.4818,     10.9635,      1.5651,     27.8628,     55.7255,      0.0189,      0.0006,      0.1594,      0.2012,   7536.8042,-429287.1875,   -928.8483,    540.4668,  25122.6816,
       1,     166,     245,      18,       1,       3,       1,     10.0000,      1.3834,     42.3422,    244.0648,     61.4222,      3.4953,      0.1087,      0.0767,      9.8602,      0.1709,      5.4818,     10.9635,      1.5100,     27.8628,     55.7255,      0.0189,      0.0009,      0.1382,      0.2012,   7536.8047,-427436.8125,   -928.4619,    540.5919,  25122.6816,
       1,     166,     245,      19,       1,       3,       1,     10.0000,      1.3834,     42.3422,    244.0648,     61.4222,      3.4953,      0.0654,      0.0334,      5.7923,      0.1683,      5.4818,     10.9635,      1.4875,     27.8628,     55.7255,      0.0189,      0.0010,      0.0745,      0.2012,   7536.8047,-429302.8438,   -928.8278,    540.4658,  25122.6836,
       1,     166,     245,      20,       1,       3,       1,     10.0000,      1.3834,     42.3422,    244.0648,     61.4222,      3.4953,      0.0115,     -0.0202,      3.0409,      0.1600,      5.4818,     10.9635,      1.4136,     27.8628,     55.7255,      0.0189,      0.0024,      0.0156,      0.2012,   7536.8052,-424325.0938,   -927.8270,    540.8021,  25122.6797,
       1,     166,     245,      21,       1,       3,       1,     10.0000,      1.3834,     42.3422,    244.0648,     61.4222,      3.4953,      0.0000,     -0.0314,      3.1501,      0.1506,      5.4818,     10.9635,      1.3310,     27.8628,     55.7255,      0.0189,      0.0025,      0.0156,      0.2012,   7536.8042,-420426.6250,   -927.0323,    541.0657,  25122.6816,
       1,     166,     245,      22,       1,       3,       1,     10.0000,      1.3834,     42.3422,    244.0648,     61.4222,      3.4953,      0.0000,     -0.0313,      2.8143,      0.1485,      5.4818,     10.9635,      1.3124,     27.8628,     55.7255,      0.0189,      0.0023,      0.0156,      0.2012,   7536.8047,-420231.6250,   -926.9709,    541.0790,  25122.6816,
       1,     166,     245,      23,       1,       3,       1,     10.0000,      1.3834,     42.3422,    244.0648,     61.4222,      3.4953,      0.0000,     -0.0312,      2.5201,      0.1464,      5.4818,     10.9635,      1.2940,     27.8628,     55.7255,      0.0189,      0.0020,      0.0156,      0.2012,   7536.8047,-419790.6875,   -926.8579,    541.1088,  25122.6816,
       1,     166,     245,      24,       1,       3,       1,     10.0000,      1.3834,     42.3422,    244.0648,     61.4222,      3.4953,      0.0000,     -0.0313,      2.1739,      0.1485,      5.4818,     10.9635,      1.3124,     27.8628,     55.7255,      0.0189,      0.0017,      0.0156,      0.2012,   7536.8047,-419381.7500,   -926.7584,    541.1365,  25122.6836,
       1,     166,     246,       1,       1,       3,       1,     10.0000,      1.3834,     42.3426,    244.0706,     61.4236,      3.4953,      0.0000,     -0.0313,      1.5837,      0.1472,      5.4814,     10.9627,      1.3006,     27.8670,     55.7340,      0.0189,      0.0013,      0.0156,      0.2012,   7536.8052,-419064.5625,   -926.9594,    541.1705,  25123.8086,
       1,     166,     246,       2,       1,       3,       1,     10.0000,      1.3834,     42.3426,    244.0706,     61.4236,      3.4953,      0.0000,     -0.0310,      1.2359,      0.1407,      5.4814,     10.9627,      1.2429,     27.8670,     55.7340,      0.0189,      0.0010,      0.0156,      0.2012,   7537.1431,-418139.8750,   -926.4860,    541.2331,  25123.8066,
       1,     166,     246,       3,       1,       3,       1,     10.0000,      1.3834,     42.3426,    244.0706,     61.4236,      3.4953,      0.0000,     -0.0309,      1.2506,      0.1360,      5.4814,     10.9627,      1.2021,     27.8670,     55.7340,      0.0189,      0.0010,      0.0156,      0.2012,   7537.1421,-417622.0312,   -926.3756,    541.2681,  25123.8066,
       1,     166,     246,       4,       1,       3,       1,     10.0000,      1.3834,     42.3426,    244.0706,     61.4236,      3.4953,      0.0000,     -0.0308,      0.9663,      0.1347,      5.4814,     10.9627,      1.1900,     27.8670,     55.7340,      0.0189,      0.0008,      0.0156,      0.2012,   7537.1421,-417596.3438,   -926.3620,    541.2698,  25123.8086,
       1,     166,     246,       5,       1,       3,       1,     10.0000,      1.3834,     42.3426,    244.0706,     61.4236,      3.4953,      0.0000,     -0.0308,      1.2995,      0.1359,      5.4814,     10.9627,      1.2009,     27.8670,     55.7340,      0.0189,      0.0010,      0.0156,      0.2012,   7537.1431,-417235.1250,   -926.2858,    541.2944,  25123.8066,
       1,     166,     246,       6,       1,       3,       1,     10.0000,      1.3834,     42.3426,    244.0706,     61.4236,      3.4953,      0.0000,     -0.0308,      0.8083,      0.1343,      5.4814,     10.9627,      1.1864,     27.8670,     55.7340,      0.0189,      0.0006,      0.0156,      0.2012,   7537.1421,-417624.9062,   -926.3538,    541.2679,  25123.8066,
       1,     166,     246,       7,       1,       3,       1,     10.0000,      1.3834,     42.3426,    244.0706,     61.4236,      3.4953,      0.0000,     -0.0307,      0.3289,      0.1326,      5.4814,     10.9627,      1.1720,     27.8670,     55.7340,      0.0189,      0.0003,      0.0156,      0.2012,   7537.1421,-417038.1875,   -926.2332,    541.3076,  25123.8047,
       1,     166,     246,       8,       1,       3,       1,     10.0000,      1.3834,     42.3426,    244.0706,     61.4236,      3.4953,      0.0072,     -0.0234,      0.3099,      0.1293,      5.4814,     10.9627,      1.1427,     27.8670,     55.7340,      0.0189,      0.0002,      0.0156,      0.2012,   7537.1416,-416383.0938,   -926.1047,    541.3519,  25123.8066,
       1,     166,     246,       9,       1,       3,       1,     10.0000,      1.3834,     42.3426,    244.0706,     61.4236,      3.4953,      0.0548,      0.0239,      1.2710,      0.1360,      5.4814,     10.9627,      1.2021,     27.8670,     55.7340,      0.0189,      0.0003,      0.0604,      0.2012,   7537.1421,-416303.0625,   -926.0865,    541.3574,  25123.8066,
       1,     166,     246,      10,       1,       3,       1,     10.0000,      1.3834,     42.3426,    244.0706,     61.4236,      3.4953,      0.1290,      0.0971,      4.4052,      0.1640,      5.4814,     10.9627,      1.4494,     27.8670,     55.7340,      0.0189,      0.0003,      0.1689,      0.2012,   7537.1421,-417509.3750,   -926.3149,    541.2758,  25123.8047,
       1,     166,     246,      11,       1,       3,       1,     10.0000,      1.3834,     42.3426,    244.0706,     61.4236,      3.4953,      0.1773,      0.1447,      7.4031,      0.1897,      5.4814,     10.9627,      1.6760,     27.8670,     55.7340,      0.0189,      0.0004,      0.2402,      0.2012,   7537.1416,-421569.3125,   -927.0954,    541.0010,  25123.8066,
       1,     166,     246,      12,       1,       3,       1,     10.0000,      1.3834,     42.3426,    244.0706,     61.4236,      3.4953,      0.1839,      0.1514,      7.5316,      0.1860,      5.4814,     10.9627,      1.6431,     27.8670,     55.7340,      0.0189,      0.0004,      0.2500,      0.2012,   7537.1421,-425700.9688,   -927.8250,    540.7217,  25123.8047,
       1,     166,     246,      13,       1,       3,       1,     10.0000,      1.3834,     42.3426,    244.0706,     61.4236,      3.4953,      0.1839,      0.1507,      8.4853,      0.2063,      5.4814,     10.9627,      1.8227,     27.8670,     55.7340,      0.0189,      0.0004,      0.2500,      0.2012,   7537.1416,-426216.4062,   -927.6296,    540.6870,  25123.8066,
       1,     166,     246,      14,       1,       3,       1,     10.0000,      1.3834,     42.3426,    244.0706,     61.4236,      3.4953,      0.1840,      0.1508,     10.5477,      0.2106,      5.4814,     10.9627,      1.8608,     27.8670,     55.7340,      0.0189,      0.0005,      0.2500,      0.2012,   7537.1421,-427464.1250,   -927.6754,    540.6026,  25123.8047,
       1,     166,     246,      15,       1,       3,       1,     10.0000,      1.3834,     42.3426,    244.0706,     61.4236,      3.4953,      0.1866,      0.1534,     43.4575,      0.2093,      5.4814,     10.9627,      1.8498,     27.8670,     55.7340,      0.0189,      0.0022,      0.2500,      0.2012,   7537.1416,-430175.0000,   -928.6520,    540.4195,  25123.8086,
       1,     166,     246,      16,       1,       3,       1,     10.0000,      1.3834,     42.3426,    244.0706,     61.4236,      3.4953,      0.1387,      0.1053,     56.9474,      0.2125,      5.4814,     10.9627,      1.8773,     27.8670,     55.7340,      0.0189,      0.0040,      0.1769,      0.2012,   7537.1431,-471959.8750,   -936.9419,    537.5969,  25123.8066,
       1,     166,     246,      17,       1,       3,       1,     10.0000,      1.3834,     42.3426,    244.0706,     61.4236,      3.4953,      0.1736,      0.1405,     62.7732,      0.2057,      5.4814,     10.9627,      1.8173,     27.8670,     55.7340,      0.0189,      0.0034,      0.2283,      0.2012,   7537.1421,-492589.0000,   -941.1916,    536.2180,  25123.8066,
       1,     166,     246,      18,       1,       3,       1,     10.0000,      1.3834,     42.3426,    244.0706,     61.4236,      3.4953,      0.1516,      0.1188,     65.3533,      0.1950,      5.4814,     10.9627,      1.7231,     27.8670,     55.7340,      0.0189,      0.0042,      0.1952,      0.2012,   7537.1421,-501704.4062,   -943.1616,    535.6087,  25123.8066,
       1,     166,     246,      19,       1,       3,       1,     10.0000,      1.3834,     42.3426,    244.0706,     61.4236,      3.4953,      0.1135,      0.0807,     48.1887,      0.1962,      5.4814,     10.9627,      1.7333,     27.8670,     55.7340,      0.0189,      0.0043,      0.1405,      0.2012,   7537.1421,-505740.0312,   -944.1731,    535.3389,  25123.8047,
       1,     166,     246,      20,       1,       3,       1,     10.0000,      1.3834,     42.3426,    244.0706,     61.4236,      3.4953,      0.0162,     -0.0161,      0.6319,      0.1757,      5.4814,     10.9627,      1.5527,     27.8670,     55.7340,      0.0189,      0.0040,      0.0020,      0.2012,   7537.1416,-484385.6250,   -940.0814,    536.7679,  25123.8066,
       1,     166,     246,      21,       1,       3,       1,     10.0000,      1.3834,     42.3426,    244.0706,     61.4236,      3.4953,      0.0000,     -0.0319,      5.2756,      0.1667,      5.4814,     10.9627,      1.4728,     27.8670,     55.7340,      0.0189,      0.0042,      0.0156,      0.2012,   7537.1421,-422478.0625,   -927.7048,    540.9236,  25123.8047,
       1,     166,     246,      22,       1,       3,       1,     10.0000,      1.3834,     42.3426,    244.0706,     61.4236,      3.4953,      0.0000,     -0.0317,      4.7387,      0.1589,      5.4814,     10.9627,      1.4038,     27.8670,     55.7340,      0.0189,      0.0038,      0.0156,      0.2012,   7537.1416,-423113.0938,   -927.7980,    540.8968,  25123.8047,
       1,     166,     246,      23,       1,       3,       1,     10.0000,      1.3834,     42.3426,    244.0706,     61.4236,      3.4953,      0.0000,     -0.0315,      4.2524,      0.1545,      5.4814,     10.9627,      1.3649,     27.8670,     55.7340,      0.0189,      0.0034,      0.0156,      0.2012,   7537.1416,-422469.0938,   -927.6419,    540.9403,  25123.8047,
       1,     166,     246,      24,       1,       3,       1,     10.0000,      1.3834,     42.3426,    244.0706,     61.4236,      3.4953,      0.0000,     -0.0313,      4.2575,      0.1482,      5.4814,     10.9627,      1.3098,     27.8670,     55.7340,      0.0189,      0.0034,      0.0156,      0.2012,   7537.1416,-421800.0625,   -927.4839,    540.9855,  25123.8047,
       1,     166,     247,       1,       1,       3,       1,     10.0000,      1.3834,     42.3429,    244.0763,     61.4251,      3.4953,      0.0000,     -0.0314,      3.3422,      0.1502,      5.4820,     10.9640,      1.3271,     27.8702,     55.7404,      0.0189,      0.0027,      0.0156,      0.2013,   7537.1416,-421904.5625,   -927.7654,    540.9913,  25124.9297,
       1,     166,     247,       2,       1,       3,       1,     10.0000,      1.3834,     42.3429,    244.0763,     61.4251,      3.4953,      0.0000,     -0.0313,      2.5526,      0.1493,      5.4820,     10.9640,      1.3191,     27.8702,     55.7404,      0.0189,      0.0020,      0.0156,      0.2013,   7537.4790,-420605.2188,   -927.2045,    541.0792,  25124.9297,
       1,     166,     247,       3,       1,       3,       1,     10.0000,      1.3834,     42.3429,    244.0763,     61.4251,      3.4953,      0.0000,     -0.0311,      1.7551,      0.1428,      5.4820,     10.9640,      1.2619,     27.8702,     55.7404,      0.0189,      0.0014,      0.0156,      0.2013,   7537.4790,-419497.5938,   -926.9695,    541.1542,  25124.9297,
       1,     166,     247,       4,       1,       3,       1,     10.0000,      1.3834,     42.3429,    244.0763,     61.4251,      3.4953,      0.0000,     -0.0310,      1.2693,      0.1400,      5.4820,     10.9640,      1.2367,     27.8702,     55.7404,      0.0189,      0.0010,      0.0156,      0.2013,   7537.4790,-418396.2188,   -926.7374,    541.2286,  25124.9297,
       1,     166,     247,       5,       1,       3,       1,     10.0000,      1.3834,     42.3429,    244.0763,     61.4251,      3.4953,      0.0000,     -0.0310,      0.7789,      0.1397,      5.4820,     10.9640,      1.2342,     27.8702,     55.7404,      0.0189,      0.0006,      0.0156,      0.2013,   7537.4790,-417689.0312,   -926.5873,    541.2765,  25124.9297,
       1,     166,     247,       6,       1,       3,       1,     10.0000,      1.3834,     42.3429,    244.0763,     61.4251,      3.4953,      0.0000,     -0.0309,      0.7988,      0.1380,      5.4820,     10.9640,      1.2193,     27.8702,     55.7404,      0.0189,      0.0006,      0.0156,      0.2013,   7537.4790,-417009.5938,   -926.4487,    541.3224,  25124.9297,
       1,     166,     247,       7,       1,       3,       1,     10.0000,      1.3834,     42.3429,    244.0763,     61.4251,      3.4953,      0.0000,     -0.0309,      0.7447,      0.1366,      5.4820,     10.9640,      1.2070,     27.8702,     55.7404,      0.0189,      0.0006,      0.0156,      0.2013,   7537.4790,-416976.5938,   -926.4398,    541.3246,  25124.9277,
       1,     166,     247,       8,       1,       3,       1,     10.0000,      1.3834,     42.3429,    244.0763,     61.4251,      3.4953,      0.0102,     -0.0206,      0.3648,      0.1340,      5.4820,     10.9640,      1.1840,     27.8702,     55.7404,      0.0189,      0.0003,      0.0156,      0.2013,   7537.4785,-416905.7188,   -926.4233,    541.3295,  25124.9297,
       1,     166,     247,       9,       1,       3,       1,     10.0000,      1.3834,     42.3429,    244.0763,     61.4251,      3.4953,      0.1150,      0.0841,      3.1725,      0.1377,      5.4820,     10.9640,      1.2168,     27.8702,     55.7404,      0.0189,      0.0003,      0.1486,      0.2013,   7537.4790,-416419.9375,   -926.3235,    541.3623,  25124.9297,
       1,     166,     247,      10,       1,       3,       1,     10.0000,      1.3834,     42.3429,    244.0763,     61.4251,      3.4953,      0.1655,      0.1342,      5.1480,      0.1476,      5.4820,     10.9640,      1.3046,     27.8702,     55.7404,      0.0189,      0.0003,      0.2227,      0.2013,   7537.4790,-419922.5312,   -926.9889,    541.1253,  25124.9277,
       1,     166,     247,      11,       1,       3,       1,     10.0000,      1.3834,     42.3429,    244.0763,     61.4251,      3.4953,      0.1840,      0.1521,      6.6578,      0.1670,      5.4820,     10.9640,      1.4758,     27.8702,     55.7404,      0.0189,      0.0003,      0.2500,      0.2013,   7537.4785,-422715.7188,   -927.4671,    540.9364,  25124.9297,
       1,     166,     247,      12,       1,       3,       1,     10.0000,      1.3834,     42.3429,    244.0763,     61.4251,      3.4953,      0.1839,      0.1513,      7.6702,      0.1889,      5.4820,     10.9640,      1.6694,     27.8702,     55.7404,      0.0189,      0.0004,      0.2500,      0.2013,   7537.4790,-424860.1562,   -927.7549,    540.7915,  25124.9297,
       1,     166,     247,      13,       1,       3,       1,     10.0000,      1.3834,     42.3429,    244.0763,     61.4251,      3.4953,      0.1839,      0.1506,      8.9159,      0.2110,      5.4820,     10.9640,      1.8645,     27.8702,     55.7404,      0.0189,      0.0004,      0.2500,      0.2013,   7537.4790,-426321.2188,   -927.8868,    540.6927,  25124.9297,
       1,     166,     247,      14,       1,       3,       1,     10.0000,      1.3834,     42.3429,    244.0763,     61.4251,      3.4953,      0.1405,      0.1070,      8.5378,      0.2210,      5.4820,     10.9640,      1.9525,     27.8702,     55.7404,      0.0189,      0.0006,      0.1853,      0.2013,   7537.4790,-428018.5000,   -928.0486,    540.5780,  25124.9297,
       1,     166,     247,      15,       1,       3,       1,     10.0000,      1.3834,     42.3429,    244.0763,     61.4251,      3.4953,      0.0462,      0.0128,      2.8829,      0.2165,      5.4820,     10.9640,      1.9127,     27.8702,     55.7404,      0.0189,      0.0008,      0.0450,      0.2013,   7537.4790,-427686.2188,   -927.9536,    540.6005,  25124.9297,
       1,     166,     247,      16,       1,       3,       1,     10.0000,      1.3834,     42.3429,    244.0763,     61.4251,      3.4953,      0.0782,      0.0452,     15.3589,      0.2013,      5.4820,     10.9640,      1.7784,     27.8702,     55.7404,      0.0189,      0.0021,      0.0917,      0.2013,   7537.4790,-420518.6562,   -926.5114,    541.0848,  25124.9277,
       1,     166,     247,      17,       1,       3,       1,     10.0000,      1.3834,     42.3429,    244.0763,     61.4251,      3.4953,      0.1800,      0.1475,     68.5092,      0.1858,      5.4820,     10.9640,      1.6415,     27.8702,     55.7404,      0.0189,      0.0036,      0.2370,      0.2013,   7537.4785,-435656.4688,   -929.5604,    540.0612,  25124.9297,
       1,     166,     247,      18,       1,       3,       1,     10.0000,      1.3834,     42.3429,    244.0763,     61.4251,      3.4953,      0.1596,      0.1282,     73.5918,      0.1523,      5.4820,     10.9640,      1.3459,     27.8702,     55.7404,      0.0189,      0.0045,      0.2060,      0.2013,   7537.4790,-504059.1875,   -943.4123,    535.4445,  25124.9316,
       1,     166,     247,      19,       1,       3,       1,     10.0000,      1.3834,     42.3429,    244.0763,     61.4251,      3.4953,      0.1042,      0.0732,     48.5349,      0.1405,      5.4820,     10.9640,      1.2417,     27.8702,     55.7404,      0.0189,      0.0048,      0.1274,      0.2012,   7537.4800,-516370.5312,   -929.0371,    534.6401,  25124.7910,
       1,     166,     247,      20,       1,       3,       1,     10.0000,      1.3834,     42.3429,    244.0763,     61.4251,      3.4953,      0.0127,     -0.0183,      5.0768,      0.1397,      5.4820,     10.9640,      1.2342,     27.8702,     55.7404,      0.0189,      0.0041,      0.0156,      0.2012,   7537.4375,-485735.4688,   -923.7591,    536.6880,  25124.8340,
       1,     166,     247,      21,       1,       3,       1,     10.0000,      1.3834,     42.3429,    244.0763,     61.4251,      3.4953,      0.0000,     -0.0307,      3.8353,      0.1328,      5.4820,     10.9640,      1.1733,     27.8702,     55.7404,      0.0189,      0.0031,      0.0156,      0.2012,   7537.4507,-428224.8125,   -912.8949,    540.5502,  25124.9336,
       1,     166,     247,      22,       1,       3,       1,     10.0000,      1.3834,     42.3429,    244.0763,     61.4251,      3.4953,      0.0000,     -0.0305,      3.0571,      0.1257,      5.4820,     10.9640,      1.1106,     27.8702,     55.7404,      0.0189,      0.0024,      0.0156,      0.2013,   7537.4805,-421783.9688,   -912.2245,    540.9993,  25124.9336,
       1,     166,     247,      23,       1,       3,       1,     10.0000,      1.3834,     42.3429,    244.0763,     61.4251,      3.4953,      0.0000,     -0.0304,      1.2642,      0.1242,      5.4820,     10.9640,      1.0972,     27.8702,     55.7404,      0.0189,      0.0010,      0.0156,      0.2013,   7537.4805,-420234.8125,   -911.1854,    541.1042,  25124.9355,
       1,     166,     247,      24,       1,       3,       1,     10.0000,      1.3834,     42.3429,    244.0763,     61.4251,      3.4953,      0.0000,     -0.0303,      0.3030,      0.1208,      5.4820,     10.9640,      1.0674,     27.8702,     55.7404,      0.0189,      0.0002,      0.0156,      0.2013,   7537.4810,-417838.8438,   -910.9044,    541.2663,  25124.9355,
       1,     166,     248,       1,       1,       3,       1,     10.0000,      1.3834,     42.3432,    244.0821,     61.4265,      3.4953,      0.0000,     -0.0301,      0.2746,      0.1163,      5.4822,     10.9645,      1.0278,     27.8702,     55.7404,      0.0189,      0.0002,      0.0156,      0.2013,   7537.4810,-416576.6875,   -910.3856,    541.3645,  25126.0586,
       1,     166,     248,       2,       1,       3,       1,     10.0000,      1.3834,     42.3432,    244.0821,     61.4265,      3.4953,      0.0000,     -0.0301,      0.2740,      0.1161,      5.4822,     10.9645,      1.0257,     27.8702,     55.7404,      0.0189,      0.0002,      0.0156,      0.2013,   7537.8179,-416280.7500,   -910.0854,    541.3845,  25126.0605,
       1,     166,     248,       3,       1,       3,       1,     10.0000,      1.3834,     42.3432,    244.0821,     61.4265,      3.4953,      0.0000,     -0.0300,      0.4018,      0.1156,      5.4822,     10.9645,      1.0215,     27.8702,     55.7404,      0.0189,      0.0003,      0.0156,      0.2013,   7537.8184,-416254.3750,   -910.0813,    541.3863,  25126.0625,
       1,     166,     248,       4,       1,       3,       1,     10.0000,      1.3834,     42.3432,    244.0821,     61.4265,      3.4953,      0.0000,     -0.0300,      0.3355,      0.1147,      5.4822,     10.9645,      1.0132,     27.8702,     55.7404,      0.0189,      0.0003,      0.0156,      0.2013,   7537.8188,-416413.2188,   -910.1263,    541.3755,  25126.0625,
       1,     166,     248,       5,       1,       3,       1,     10.0000,      1.3834,     42.3432,    244.0821,     61.4265,      3.4953,      0.0000,     -0.0301,      0.3914,      0.1173,      5.4822,     10.9645,      1.0363,     27.8702,     55.7404,      0.0189,      0.0003,      0.0156,      0.2013,   7537.8188,-416343.1250,   -910.1221,    541.3802,  25126.0625,
       1,     166,     248,       6,       1,       3,       1,     10.0000,      1.3834,     42.3432,    244.0821,     61.4265,      3.4953,      0.0000,     -0.0301,      0.3151,      0.1178,      5.4822,     10.9645,      1.0405,     27.8702,     55.7404,      0.0189,      0.0003,      0.0156,      0.2013,   7537.8188,-416407.7500,   -910.1469,    541.3760,  25126.0625,
       1,     166,     248,       7,       1,       3,       1,     10.0000,      1.3834,     42.3432,    244.0821,     61.4265,      3.4953,      0.0000,     -0.0300,      0.2673,      0.1136,      5.4822,     10.9645,      1.0039,     27.8702,     55.7404,      0.0189,      0.0002,      0.0156,      0.2013,   7537.8188,-416316.9062,   -910.1361,    541.3821,  25126.0605,
       1,     166,     248,       8,       1,       3,       1,     10.0000,      1.3834,     42.3432,    244.0821,     61.4265,      3.4953,      0.0069,     -0.0232,      0.2746,      0.1163,      5.4822,     10.9645,      1.0278,     27.8702,     55.7404,      0.0189,      0.0002,      0.0156,      0.2013,   7537.8184,-416249.0625,   -910.1257,    541.3867,  25126.0586,
       1,     166,     248,       9,       1,       3,       1,     10.0000,      1.3834,     42.3432,    244.0821,     61.4265,      3.4953,      0.0601,      0.0292,      1.4219,      0.1350,      5.4822,     10.9645,      1.1925,     27.8702,     55.7404,      0.0189,      0.0003,      0.0682,      0.2013,   7537.8179,-416252.7500,   -910.1559,    541.3864,  25126.0605,
       1,     166,     248,      10,       1,       3,       1,     10.0000,      1.3834,     42.3432,    244.0821,     61.4265,      3.4953,      0.1198,      0.0878,      4.2350,      0.1706,      5.4822,     10.9645,      1.5071,     27.8702,     55.7404,      0.0189,      0.0003,      0.1552,      0.2013,   7537.8184,-417700.8125,   -910.6711,    541.2884,  25126.0625,
       1,     166,     248,      11,       1,       3,       1,     10.0000,      1.3834,     42.3432,    244.0821,     61.4265,      3.4953,      0.1716,      0.1392,      6.7692,      0.1810,      5.4822,     10.9645,      1.5998,     27.8702,     55.7404,      0.0189,      0.0004,      0.2317,      0.2013,   7537.8188,-421374.8125,   -911.8741,    541.0398,  25126.0605,
       1,     166,     248,      12,       1,       3,       1,     10.0000,      1.3834,     42.3432,    244.0821,     61.4265,      3.4953,      0.1840,      0.1514,      7.5149,      0.1856,      5.4822,     10.9645,      1.6400,     27.8702,     55.7404,      0.0189,      0.0004,      0.2500,      0.2013,   7537.8184,-424887.6250,   -913.7801,    540.8024,  25126.0586,
       1,     166,     248,      13,       1,       3,       1,     10.0000,      1.3834,     42.3432,    244.0821,     61.4265,      3.4953,      0.1781,      0.1447,      8.6111,      0.2154,      5.4822,     10.9645,      1.9034,     27.8702,     55.7404,      0.0189,      0.0004,      0.2414,      0.2013,   7537.8179,-426129.0625,   -915.3245,    540.7184,  25126.0605,
       1,     166,     248,      14,       1,       3,       1,     10.0000,      1.3834,     42.3432,    244.0821,     61.4265,      3.4953,      0.1843,      0.1506,     15.9859,      0.2284,      5.4822,     10.9645,      2.0186,     27.8702,     55.7404,      0.0189,      0.0008,      0.2500,      0.2013,   7537.8184,-427618.4688,   -916.7545,    540.6178,  25126.0605,
       1,     166,     248,      15,       1,       3,       1,     10.0000,      1.3834,     42.3432,    244.0821,     61.4265,      3.4953,      0.1594,      0.1255,     52.3867,      0.2327,      5.4822,     10.9645,      2.0564,     27.8702,     55.7404,      0.0189,      0.0031,      0.2084,      0.2013,   7537.8184,-437055.0000,   -920.1263,    539.9802,  25126.0586,
       1,     166,     248,      16,       1,       3,       1,     10.0000,      1.3834,     42.3432,    244.0821,     61.4265,      3.4953,      0.0542,      0.0208,     15.1259,      0.2175,      5.4822,     10.9645,      1.9221,     27.8702,     55.7404,      0.0189,      0.0034,      0.0556,      0.2013,   7537.8179,-483817.0625,   -929.7291,    536.8242,  25126.0605,
       1,     166,     248,      17,       1,       3,       1,     10.0000,      1.3834,     42.3432,    244.0821,     61.4265,      3.4953,      0.0070,     -0.0258,      3.9926,      0.1969,      5.4822,     10.9645,      1.7403,     27.8702,     55.7404,      0.0189,      0.0032,      0.0156,      0.2012,   7537.8184,-440755.0938,   -922.3268,    539.7230,  25126.0605,
       1,     166,     248,      18,       1,       3,       1,     10.0000,      1.3834,     42.3432,    244.0821,     61.4265,      3.4953,      0.0224,     -0.0102,      4.1956,      0.1876,      5.4822,     10.9645,      1.6579,     27.8702,     55.7404,      0.0189,      0.0050,      0.0104,      0.2013,   7537.8184,-423044.0000,   -919.3928,    540.9257,  25126.0586,
       1,     166,     248,      19,       1,       3,       1,     10.0000,      1.3834,     42.3432,    244.0821,     61.4265,      3.4953,      0.0106,     -0.0218,      8.2112,      0.1812,      5.4822,     10.9645,      1.6014,     27.8702,     55.7404,      0.0189,      0.0066,      0.0156,      0.2013,   7537.8179,-421783.5312,   -919.6268,    541.0123,  25126.0625,
       1,     166,     248,      20,       1,       3,       1,     10.0000,      1.3834,     42.3432,    244.0821,     61.4265,      3.4953,      0.0010,     -0.0310,      7.2052,      0.1699,      5.4822,     10.9645,      1.5011,     27.8702,     55.7404,      0.0189,      0.0058,      0.0156,      0.2013,   7537.8188,-426742.2500,   -921.0975,    540.6769,  25126.0586,
       1,     166,     248,      21,       1,       3,       1,     10.0000,      1.3834,     42.3432,    244.0821,     61.4265,      3.4953,      0.0000,     -0.0318,      5.3953,      0.1626,      5.4822,     10.9645,      1.4365,     27.8702,     55.7404,      0.0189,      0.0043,      0.0156,      0.2013,   7537.8179,-425896.6562,   -921.3950,    540.7342,  25126.0605,
       1,     166,     248,      22,       1,       3,       1,     10.0000,      1.3834,     42.3432,    244.0821,     61.4265,      3.4953,      0.0000,     -0.0317,      3.9981,      0.1598,      5.4822,     10.9645,      1.4123,     27.8702,     55.7404,      0.0189,      0.0032,      0.0156,      0.2013,   7537.8184,-423539.4062,   -921.2563,    540.8935,  25126.0605,
       1,     166,     248,      23,       1,       3,       1,     10.0000,      1.3834,     42.3432,    244.0821,     61.4265,      3.4953,      0.0000,     -0.0317,      3.9112,      0.1592,      5.4822,     10.9645,      1.4066,     27.8702,     55.7404,      0.0189,      0.0031,      0.0156,      0.2013,   7537.8184,-421574.5625,   -921.0892,    541.0264,  25126.0605,
       1,     166,     248,      24,       1,       3,       1,     10.0000,      1.3834,     42.3432,    244.0821,     61.4265,      3.4953,      0.0000,     -0.0316,      3.5092,      0.1573,      5.4822,     10.9645,      1.3898,     27.8702,     55.7404,      0.0189,      0.0028,      0.0156,      0.2013,   7537.8184,-421297.3125,   -921.2212,    541.0452,  25126.0625,
       1,     166,     249,       1,       1,       3,       1,     10.0000,      1.3835,     42.3436,    244.0878,     61.4280,      3.4953,      0.0000,     -0.0315,      2.7521,      0.1539,      5.4830,     10.9661,      1.3595,     27.8602,     55.7203,      0.0189,      0.0022,      0.0156,      0.2013,   7537.8188,-420921.0625,   -921.5510,    541.0834,  25127.1855,
       1,     166,     249,       2,       1,       3,       1,     10.0000,      1.3835,     42.3436,    244.0878,     61.4280,      3.4953,      0.0000,     -0.0315,      2.0719,      0.1545,      5.4830,     10.9661,      1.3650,     27.8602,     55.7203,      0.0189,      0.0017,      0.0156,      0.2013,   7538.1558,-419780.8125,   -921.1778,    541.1605,  25127.1855,
       1,     166,     249,       3,       1,       3,       1,     10.0000,      1.3835,     42.3436,    244.0878,     61.4280,      3.4953,      0.0000,     -0.0314,      1.6831,      0.1522,      5.4830,     10.9661,      1.3446,     27.8602,     55.7203,      0.0189,      0.0013,      0.0156,      0.2013,   7538.1558,-418825.0312,   -921.0704,    541.2251,  25127.1855,
       1,     166,     249,       4,       1,       3,       1,     10.0000,      1.3835,     42.3436,    244.0878,     61.4280,      3.4953,      0.0000,     -0.0314,      1.6805,      0.1505,      5.4830,     10.9661,      1.3298,     27.8602,     55.7203,      0.0189,      0.0013,      0.0156,      0.2013,   7538.1558,-418252.9688,   -921.0145,    541.2639,  25127.1855,
       1,     166,     249,       5,       1,       3,       1,     10.0000,      1.3835,     42.3436,    244.0878,     61.4280,      3.4953,      0.0000,     -0.0315,      1.7093,      0.1528,      5.4830,     10.9661,      1.3500,     27.8602,     55.7203,      0.0189,      0.0014,      0.0156,      0.2013,   7538.1558,-418200.7812,   -921.0515,    541.2675,  25127.1855,
       1,     166,     249,       6,       1,       3,       1,     10.0000,      1.3835,     42.3436,    244.0878,     61.4280,      3.4953,      0.0000,     -0.0314,      1.4924,      0.1516,      5.4830,     10.9661,      1.3392,     27.8602,     55.7203,      0.0189,      0.0012,      0.0156,      0.2013,   7538.1558,-418232.5312,   -918.3499,    541.2653,  25127.1855,
       1,     166,     249,       7,       1,       3,       1,     10.0000,      1.3835,     42.3436,    244.0878,     61.4280,      3.4953,      0.0000,     -0.0313,      1.2114,      0.1473,      5.4830,     10.9661,      1.3020,     27.8602,     55.7203,      0.0189,      0.0010,      0.0156,      0.2013,   7538.1558,-417961.5938,   -910.5004,    541.2836,  25127.1855,
       1,     166,     249,       8,       1,       3,       1,     10.0000,      1.3835,     42.3436,    244.0878,     61.4280,      3.4953,      0.0034,     -0.0278,      0.8249,      0.1451,      5.4830,     10.9661,      1.2825,     27.8602,     55.7203,      0.0189,      0.0007,      0.0156,      0.2013,   7538.1558,-417583.9062,   -910.5392,    541.3091,  25127.1855,
       1,     166,     249,       9,       1,       3,       1,     10.0000,      1.3835,     42.3436,    244.0878,     61.4280,      3.4953,      0.1210,      0.0896,      6.0857,      0.1500,      5.4830,     10.9661,      1.3258,     27.8602,     55.7203,      0.0189,      0.0005,      0.1569,      0.2013,   7538.1558,-417063.8125,   -910.2800,    541.3443,  25127.1855,
       1,     166,     249,      10,       1,       3,       1,     10.0000,      1.3835,     42.3436,    244.0878,     61.4280,      3.4953,      0.1608,      0.1288,     12.5604,      0.1674,      5.4830,     10.9661,      1.4788,     27.8602,     55.7203,      0.0189,      0.0007,      0.2149,      0.2013,   7538.1558,-423658.4375,   -911.8712,    540.8981,  25127.1875,
       1,     166,     249,      11,       1,       3,       1,     10.0000,      1.3835,     42.3436,    244.0878,     61.4280,      3.4953,      0.0946,      0.0624,      4.4569,      0.1763,      5.4830,     10.9661,      1.5574,     27.8602,     55.7203,      0.0189,      0.0005,      0.1179,      0.2013,   7538.1567,-432393.5625,   -914.3244,    540.3077,  25127.1875,
       1,     166,     249,      12,       1,       3,       1,     10.0000,      1.3835,     42.3436,    244.0878,     61.4280,      3.4953,      0.1357,      0.1029,      5.6421,      0.1939,      5.4830,     10.9661,      1.7130,     27.8602,     55.7203,      0.0189,      0.0004,      0.1785,      0.2013,   7538.1567,-422911.1250,   -912.9186,    540.9484,  25127.1855,
       1,     166,     249,      13,       1,       3,       1,     10.0000,      1.3835,     42.3436,    244.0878,     61.4280,      3.4953,      0.1463,      0.1133,      6.4965,      0.2037,      5.4830,     10.9661,      1.7997,     27.8602,     55.7203,      0.0189,      0.0004,      0.1942,      0.2013,   7538.1558,-423598.6875,   -913.7146,    540.9023,  25127.1855,
       1,     166,     249,      14,       1,       3,       1,     10.0000,      1.3835,     42.3436,    244.0878,     61.4280,      3.4953,      0.1240,      0.0906,     10.0728,      0.2158,      5.4830,     10.9661,      1.9072,     27.8602,     55.7203,      0.0189,      0.0008,      0.1604,      0.2013,   7538.1558,-424735.2500,   -914.5969,    540.8254,  25127.1855,
       1,     166,     249,      15,       1,       3,       1,     10.0000,      1.3835,     42.3436,    244.0878,     61.4280,      3.4953,      0.1543,      0.1212,     27.7482,      0.2053,      5.4830,     10.9661,      1.8139,     27.8602,     55.7203,      0.0189,      0.0017,      0.2036,      0.2013,   7538.1558,-429346.0000,   -915.9074,    540.5138,  25127.1836,
       1,     166,     249,      16,       1,       3,       1,     10.0000,      1.3835,     42.3436,    244.0878,     61.4280,      3.4953,      0.1377,      0.1057,     37.7768,      0.1700,      5.4830,     10.9661,      1.5026,     27.8602,     55.7203,      0.0189,      0.0027,      0.1778,      0.2013,   7538.1553,-452049.7500,   -920.8705,    538.9799,  25127.1855,
       1,     166,     249,      17,       1,       3,       1,     10.0000,      1.3835,     42.3436,    244.0878,     61.4280,      3.4953,      0.0487,      0.0166,     12.0325,      0.1738,      5.4830,     10.9661,      1.5359,     27.8602,     55.7203,      0.0189,      0.0031,      0.0490,      0.2013,   7538.1558,-466654.4688,   -920.1343,    537.9980,  25127.1875,
       1,     166,     249,      18,       1,       3,       1,     10.0000,      1.3835,     42.3436,    244.0878,     61.4280,      3.4953,      0.0386,      0.0066,      9.5817,      0.1687,      5.4830,     10.9661,      1.4906,     27.8602,     55.7203,      0.0189,      0.0035,      0.0344,      0.2013,   7538.1567,-435386.3125,   -915.2092,    540.1018,  25127.1855,
       1,     166,     249,      19,       1,       3,       1,     10.0000,      1.3835,     42.3436,    244.0878,     61.4280,      3.4953,      0.0243,     -0.0071,      4.8457,      0.1517,      5.4830,     10.9661,      1.3405,     27.8602,     55.7203,      0.0189,      0.0042,      0.0145,      0.2013,   7538.1558,-429639.8750,   -913.1414,    540.4938,  25127.1855,
       1,     166,     249,      20,       1,       3,       1,     10.0000,      1.3835,     42.3436,    244.0878,     61.4280,      3.4953,      0.0021,     -0.0291,      3.6943,      0.1446,      5.4830,     10.9661,      1.2773,     27.8602,     55.7203,      0.0189,      0.0030,      0.0156,      0.2013,   7538.1558,-423167.2188,   -911.9652,    540.9313,  25127.1875,
       1,     166,     249,      21,       1,       3,       1,     10.0000,      1.3835,     42.3436,    244.0878,     61.4280,      3.4953,      0.0000,     -0.0309,      1.2697,      0.1381,      5.4830,     10.9661,      1.2206,     27.8602,     55.7203,      0.0189,      0.0010,      0.0156,      0.2013,   7538.1567,-421161.8125,   -911.4343,    541.0671,  25127.1836,
       1,     166,     249,      22,       1,       3,       1,     10.0000,      1.3835,     42.3436,    244.0878,     61.4280,      3.4953,      0.0000,     -0.0308,      1.7456,      0.1345,      5.4830,     10.9661,      1.1889,     27.8602,     55.7203,      0.0189,      0.0014,      0.0156,      0.2013,   7538.1553,-417930.8438,   -911.0009,    541.2856,  25127.1875,
       1,     166,     249,      23,       1,       3,       1,     10.0000,      1.3835,     42.3436,    244.0878,     61.4280,      3.4953,      0.0000,     -0.0307,      1.6399,      0.1332,      5.4830,     10.9661,      1.1769,     27.8602,     55.7203,      0.0189,      0.0013,      0.0156,      0.2013,   7538.1567,-418255.3125,   -911.2719,    541.2637,  25127.1855,
       1,     166,     249,      24,       1,       3,       1,     10.0000,      1.3835,     42.3436,    244.0878,     61.4280,      3.4953,      0.0000,     -0.0307,      0.5151,      0.1312,      5.4830,     10.9661,      1.1591,     27.8602,     55.7203,      0.0189,      0.0004,      0.0156,      0.2013,   7538.1558,-418149.7188,   -911.4363,    541.2709,  25127.1855,
       1,     166,     250,       1,       1,       3,       1,     10.0000,      1.3835,     42.3439,    244.0936,     61.4295,      3.4953,      0.0000,     -0.0306,      0.3125,      0.1303,      5.4835,     10.9669,      1.1509,     27.8508,     55.7016,      0.0189,      0.0003,      0.0156,      0.2013,   7538.1558,-416876.7812,   -911.4896,    541.3699,  25128.3125,
       1,     166,     250,       2,       1,       3,       1,     10.0000,      1.3835,     42.3439,    244.0936,     61.4295,      3.4953,      0.0000,     -0.0306,      0.3085,      0.1288,      5.4835,     10.9669,      1.1382,     27.8508,     55.7016,      0.0189,      0.0002,      0.0156,      0.2013,   7538.4941,-416359.4375,   -911.1467,    541.4049,  25128.3086,
       1,     166,     250,       3,       1,       3,       1,     10.0000,      1.3835,     42.3439,    244.0936,     61.4295,      3.4953,      0.0000,     -0.0307,      0.3240,      0.1327,      5.4835,     10.9669,      1.1722,     27.8508,     55.7016,      0.0189,      0.0003,      0.0156,      0.2013,   7538.4927,-416310.7188,   -911.1406,    541.4082,  25128.3086,
       1,     166,     250,       4,       1,       3,       1,     10.0000,      1.3835,     42.3439,    244.0936,     61.4295,      3.4953,      0.0000,     -0.0309,      0.3937,      0.1379,      5.4835,     10.9669,      1.2181,     27.8508,     55.7016,      0.0189,      0.0003,      0.0156,      0.2013,   7538.4927,-416326.0938,   -911.1457,    541.4072,  25128.3105,
       1,     166,     250,       5,       1,       3,       1,     10.0000,      1.3835,     42.3439,    244.0936,     61.4295,      3.4953,      0.0000,     -0.0310,      0.4573,      0.1404,      5.4835,     10.9669,      1.2405,     27.8508,     55.7016,      0.0189,      0.0004,      0.0156,      0.2013,   7538.4937,-416415.2500,   -911.1689,    541.4011,  25128.3105,
       1,     166,     250,       6,       1,       3,       1,     10.0000,      1.3835,     42.3439,    244.0936,     61.4295,      3.4953,      0.0000,     -0.0308,      0.4867,      0.1350,      5.4835,     10.9669,      1.1925,     27.8508,     55.7016,      0.0189,      0.0004,      0.0156,      0.2013,   7538.4937,-416503.0625,   -910.1277,    541.3952,  25128.3086,
       1,     166,     250,       7,       1,       3,       1,     10.0000,      1.3835,     42.3439,    244.0936,     61.4295,      3.4953,      0.0000,     -0.0308,      0.4502,      0.1344,      5.4835,     10.9669,      1.1877,     27.8508,     55.7016,      0.0189,      0.0004,      0.0156,      0.2013,   7538.4927,-416547.8125,   -910.1572,    541.3922,  25128.3105,
       1,     166,     250,       8,       1,       3,       1,     10.0000,      1.3835,     42.3439,    244.0936,     61.4295,      3.4953,      0.0093,     -0.0215,      0.4954,      0.1332,      5.4835,     10.9669,      1.1769,     27.8508,     55.7016,      0.0189,      0.0004,      0.0156,      0.2013,   7538.4937,-416505.4062,   -910.1679,    541.3951,  25128.3125,
       1,     166,     250,       9,       1,       3,       1,     10.0000,      1.3835,     42.3439,    244.0936,     61.4295,      3.4953,      0.0768,      0.0460,      2.6980,      0.1365,      5.4835,     10.9669,      1.2059,     27.8508,     55.7016,      0.0189,      0.0004,      0.0926,      0.2013,   7538.4941,-416558.3125,   -910.2288,    541.3914,  25128.3105,
       1,     166,     250,      10,       1,       3,       1,     10.0000,      1.3835,     42.3439,    244.0936,     61.4295,      3.4953,      0.1173,      0.0856,      5.0887,      0.1582,      5.4835,     10.9669,      1.3983,     27.8508,     55.7016,      0.0189,      0.0004,      0.1515,      0.2013,   7538.4937,-419342.6250,   -910.9778,    541.2030,  25128.3125,
       1,     166,     250,      11,       1,       3,       1,     10.0000,      1.3835,     42.3439,    244.0936,     61.4295,      3.4953,      0.0816,      0.0497,      3.3994,      0.1662,      5.4835,     10.9669,      1.4685,     27.8508,     55.7016,      0.0189,      0.0004,      0.0989,      0.2013,   7538.4941,-422596.8125,   -912.1347,    540.9829,  25128.3105,
       1,     166,     250,      12,       1,       3,       1,     10.0000,      1.3835,     42.3439,    244.0936,     61.4295,      3.4953,      0.1629,      0.1308,      6.1102,      0.1721,      5.4835,     10.9669,      1.5207,     27.8508,     55.7016,      0.0189,      0.0003,      0.2188,      0.2013,   7538.4937,-420743.2812,   -912.0470,    541.1083,  25128.3105,
       1,     166,     250,      13,       1,       3,       1,     10.0000,      1.3835,     42.3439,    244.0936,     61.4295,      3.4953,      0.1840,      0.1516,      7.4071,      0.1812,      5.4835,     10.9669,      1.6014,     27.8508,     55.7016,      0.0189,      0.0004,      0.2500,      0.2013,   7538.4937,-424005.8438,   -913.4985,    540.8876,  25128.3105,
       1,     166,     250,      14,       1,       3,       1,     10.0000,      1.3835,     42.3439,    244.0936,     61.4295,      3.4953,      0.1839,      0.1512,      7.7850,      0.1914,      5.4835,     10.9669,      1.6912,     27.8508,     55.7016,      0.0189,      0.0004,      0.2500,      0.2013,   7538.4937,-425921.0625,   -914.9575,    540.7582,  25128.3105,
       1,     166,     250,      15,       1,       3,       1,     10.0000,      1.3835,     42.3439,    244.0936,     61.4295,      3.4953,      0.1853,      0.1528,     24.4265,      0.1860,      5.4835,     10.9669,      1.6433,     27.8508,     55.7016,      0.0189,      0.0012,      0.2500,      0.2013,   7538.4937,-426561.4062,   -916.2343,    540.7149,  25128.3125,
       1,     166,     250,      16,       1,       3,       1,     10.0000,      1.3835,     42.3439,    244.0936,     61.4295,      3.4953,      0.1862,      0.1532,     37.0746,      0.1999,      5.4835,     10.9669,      1.7663,     27.8508,     55.7016,      0.0189,      0.0019,      0.2500,      0.2013,   7538.4941,-447617.3125,   -921.2935,    539.2918,  25128.3105,
       1,     166,     250,      17,       1,       3,       1,     10.0000,      1.3835,     42.3439,    244.0936,     61.4295,      3.4953,      0.1870,      0.1548,     44.5766,      0.1747,      5.4835,     10.9669,      1.5436,     27.8508,     55.7016,      0.0189,      0.0022,      0.2500,      0.2013,   7538.4937,-465385.9062,   -925.8725,    538.0958,  25128.3086,
       1,     166,     250,      18,       1,       3,       1,     10.0000,      1.3835,     42.3439,    244.0936,     61.4295,      3.4953,      0.1763,      0.1443,     45.6257,      0.1680,      5.4835,     10.9669,      1.4847,     27.8508,     55.7016,      0.0189,      0.0024,      0.2339,      0.2013,   7538.4927,-476374.5312,   -929.2581,    537.3581,  25128.3105,
       1,     166,     250,      19,       1,       3,       1,     10.0000,      1.3835,     42.3439,    244.0936,     61.4295,      3.4953,      0.0682,      0.0363,     18.3717,      0.1654,      5.4835,     10.9669,      1.4612,     27.8508,     55.7016,      0.0189,      0.0030,      0.0773,      0.2013,   7538.4937,-478634.7812,   -930.5943,    537.2068,  25128.3086,
       1,     166,     250,      20,       1,       3,       1,     10.0000,      1.3835,     42.3439,    244.0936,     61.4295,      3.4953,      0.0103,     -0.0213,      3.5028,      0.1557,      5.4835,     10.9669,      1.3760,     27.8508,     55.7016,      0.0189,      0.0028,      0.0156,      0.2013,   7538.4927,-444405.6875,   -924.6922,    539.5052,  25128.3086,
       1,     166,     250,      21,       1,       3,       1,     10.0000,      1.3835,     42.3439,    244.0936,     61.4295,      3.4953,      0.0000,     -0.0313,      4.2967,      0.1476,      5.4835,     10.9669,      1.3046,     27.8508,     55.7016,      0.0189,      0.0034,      0.0156,      0.2013,   7538.4927,-422736.7500,   -920.9005,    540.9715,  25128.3105,
       1,     166,     250,      22,       1,       3,       1,     10.0000,      1.3835,     42.3439,    244.0936,     61.4295,      3.4953,      0.0000,     -0.0311,      3.5294,      0.1431,      5.4835,     10.9669,      1.2645,     27.8508,     55.7016,      0.0189,      0.0028,      0.0156,      0.2013,   7538.4937,-421890.1250,   -920.9644,    541.0307,  25128.3086,
       1,     166,     250,      23,       1,       3,       1,     10.0000,      1.3835,     42.3439,    244.0936,     61.4295,      3.4953,      0.0000,     -0.0312,      2.6700,      0.1448,      5.4835,     10.9669,      1.2799,     27.8508,     55.7016,      0.0189,      0.0021,      0.0156,      0.2013,   7538.4927,-420847.2500,   -920.9271,    541.1013,  25128.3105,
       1,     166,     250,      24,       1,       3,       1,     10.0000,      1.3835,     42.3439,    244.0936,     61.4295,      3.4953,      0.0000,     -0.0311,      2.3851,      0.1418,      5.4835,     10.9669,      1.2531,     27.8508,     55.7016,      0.0189,      0.0019,      0.0156,      0.2013,   7538.4937,-419673.5312,   -920.8381,    541.1807,  25128.3105,
       1,     166,     251,       1,       1,       3,       1,     10.0000,      1.3835,     42.3442,    244.0993,     61.4309,      3.4953,      0.0000,     -0.0308,      1.8587,      0.1355,      5.4823,     10.9647,      1.1974,     27.8524,     55.7049,      0.0189,      0.0015,      0.0156,      0.2014,   7538.4937,-419368.5312,   -921.1608,    541.2140,  25129.4336,
       1,     166,     251,       2,       1,       3,       1,     10.0000,      1.3835,     42.3442,    244.0993,     61.4309,      3.4953,      0.0000,     -0.0308,      1.4507,      0.1339,      5.4823,     10.9647,      1.1829,     27.8524,     55.7049,      0.0189,      0.0012,      0.0156,      0.2014,   7538.8306,-418526.2500,   -920.8293,    541.2710,  25129.4336,
       1,     166,     251,       3,       1,       3,       1,     10.0000,      1.3835,     42.3442,    244.0993,     61.4309,      3.4953,      0.0000,     -0.0308,      1.1593,      0.1358,      5.4823,     10.9647,      1.1998,     27.8524,     55.7049,      0.0189,      0.0009,      0.0156,      0.2014,   7538.8306,-417939.5625,   -920.7766,    541.3107,  25129.4336,
       1,     166,     251,       4,       1,       3,       1,     10.0000,      1.3835,     42.3442,    244.0993,     61.4309,      3.4953,      0.0000,     -0.0308,      1.0308,      0.1351,      5.4823,     10.9647,      1.1938,     27.8524,     55.7049,      0.0189,      0.0008,      0.0156,      0.2014,   7538.8306,-417521.7500,   -920.7443,    541.3390,  25129.4336,
       1,     166,     251,       5,       1,       3,       1,     10.0000,      1.3835,     42.3442,    244.0993,     61.4309,      3.4953,      0.0000,     -0.0308,      0.8054,      0.1347,      5.4823,     10.9647,      1.1901,     27.8524,     55.7049,      0.0189,      0.0006,      0.0156,      0.2014,   7538.8306,-417323.8438,   -920.7417,    541.3523,  25129.4336,
       1,     166,     251,       6,       1,       3,       1,     10.0000,      1.3835,     42.3442,    244.0993,     61.4309,      3.4953,      0.0000,     -0.0308,      0.5289,      0.1356,      5.4823,     10.9647,      1.1986,     27.8524,     55.7049,      0.0189,      0.0004,      0.0156,      0.2014,   7538.8306,-417022.7500,   -920.7120,    541.3727,  25129.4336,
       1,     166,     251,       7,       1,       3,       1,     10.0000,      1.3835,     42.3442,    244.0993,     61.4309,      3.4953,      0.0000,     -0.0308,      0.5234,      0.1355,      5.4823,     10.9647,      1.1974,     27.8524,     55.7049,      0.0189,      0.0004,      0.0156,      0.2014,   7538.8306,-416648.1875,   -920.6544,    541.3981,  25129.4336,
       1,     166,     251,       8,       1,       3,       1,     10.0000,      1.3835,     42.3442,    244.0993,     61.4309,      3.4953,      0.0180,     -0.0127,      0.2331,      0.1333,      5.4823,     10.9647,      1.1781,     27.8524,     55.7049,      0.0189,      0.0004,      0.0066,      0.2014,   7538.8306,-416609.2188,   -920.6594,    541.4007,  25129.4336,
       1,     166,     251,       9,       1,       3,       1,     10.0000,      1.3835,     42.3442,    244.0993,     61.4309,      3.4953,      0.1019,      0.0710,      2.8075,      0.1379,      5.4823,     10.9647,      1.2182,     27.8524,     55.7049,      0.0189,      0.0003,      0.1294,      0.2014,   7538.8306,-416239.5938,   -920.6223,    541.4257,  25129.4336,
       1,     166,     251,      10,       1,       3,       1,     10.0000,      1.3835,     42.3442,    244.0993,     61.4309,      3.4953,      0.1520,      0.1217,      4.2707,      0.1215,      5.4823,     10.9647,      1.0740,     27.8524,     55.7049,      0.0189,      0.0003,      0.2029,      0.2014,   7538.8306,-419456.0938,   -921.4022,    541.2080,  25129.4336,
       1,     166,     251,      11,       1,       3,       1,     10.0000,      1.3835,     42.3442,    244.0993,     61.4309,      3.4953,      0.1824,      0.1529,      5.7781,      0.1027,      5.4823,     10.9647,      0.9078,     27.8524,     55.7049,      0.0189,      0.0003,      0.2469,      0.2014,   7538.8306,-421577.0625,   -911.5012,    541.0646,  25129.4316,
       1,     166,     251,      12,       1,       3,       1,     10.0000,      1.3835,     42.3442,    244.0993,     61.4309,      3.4953,      0.1845,      0.1548,      6.4819,      0.1067,      5.4823,     10.9647,      0.9430,     27.8524,     55.7049,      0.0189,      0.0003,      0.2500,      0.2014,   7538.8296,-423660.1562,   -912.4659,    540.9238,  25129.4355,
       1,     166,     251,      13,       1,       3,       1,     10.0000,      1.3835,     42.3442,    244.0993,     61.4309,      3.4953,      0.1820,      0.1519,      5.1188,      0.1168,      5.4823,     10.9647,      1.0321,     27.8524,     55.7049,      0.0189,      0.0003,      0.2466,      0.2014,   7538.8311,-424725.5312,   -913.1251,    540.8517,  25129.4336,
       1,     166,     251,      14,       1,       3,       1,     10.0000,      1.3835,     42.3442,    244.0993,     61.4309,      3.4953,      0.1678,      0.1375,      5.4365,      0.1217,      5.4823,     10.9647,      1.0751,     27.8524,     55.7049,      0.0189,      0.0003,      0.2259,      0.2014,   7538.8306,-423096.8125,   -913.8663,    540.9618,  25129.4336,
       1,     166,     251,      15,       1,       3,       1,     10.0000,      1.3835,     42.3442,    244.0993,     61.4309,      3.4953,      0.1777,      0.1469,      7.1760,      0.1354,      5.4823,     10.9647,      1.1962,     27.8524,     55.7049,      0.0189,      0.0004,      0.2404,      0.2014,   7538.8306,-423358.8125,   -914.6589,    540.9441,  25129.4336,
       1,     166,     251,      16,       1,       3,       1,     10.0000,      1.3835,     42.3442,    244.0993,     61.4309,      3.4953,      0.1841,      0.1528,      5.8748,      0.1497,      5.4823,     10.9647,      1.3232,     27.8524,     55.7049,      0.0189,      0.0003,      0.2500,      0.2014,   7538.8306,-425576.0000,   -916.0019,    540.7942,  25129.4355,
       1,     166,     251,      17,       1,       3,       1,     10.0000,      1.3835,     42.3442,    244.0993,     61.4309,      3.4953,      0.1841,      0.1529,      5.7079,      0.1460,      5.4823,     10.9647,      1.2903,     27.8524,     55.7049,      0.0189,      0.0003,      0.2500,      0.2014,   7538.8311,-424123.0625,   -917.0860,    540.8925,  25129.4355,
       1,     166,     251,      18,       1,       3,       1,     10.0000,      1.3835,     42.3442,    244.0993,     61.4309,      3.4953,      0.1774,      0.1464,      5.2907,      0.1415,      5.4823,     10.9647,      1.2506,     27.8524,     55.7049,      0.0189,      0.0003,      0.2402,      0.2014,   7538.8311,-423788.3438,   -917.9995,    540.9150,  25129.4336,
       1,     166,     251,      19,       1,       3,       1,     10.0000,      1.3835,     42.3442,    244.0993,     61.4309,      3.4953,      0.0422,      0.0112,      1.2450,      0.1395,      5.4823,     10.9647,      1.2330,     27.8524,     55.7049,      0.0189,      0.0004,      0.0418,      0.2014,   7538.8306,-423233.9062,   -918.3939,    540.9526,  25129.4355,
       1,     166,     251,      20,       1,       3,       1,     10.0000,      1.3835,     42.3442,    244.0993,     61.4309,      3.4953,      0.0047,     -0.0259,      1.4233,      0.1282,      5.4823,     10.9647,      1.1324,     27.8524,     55.7049,      0.0189,      0.0011,      0.0156,      0.2014,   7538.8311,-418081.1250,   -917.5544,    541.3010,  25129.4336,
       1,     166,     251,      21,       1,       3,       1,     10.0000,      1.3835,     42.3442,    244.0993,     61.4309,      3.4953,      0.0000,     -0.0304,      1.8008,      0.1247,      5.4823,     10.9647,      1.1017,     27.8524,     55.7049,      0.0189,      0.0014,      0.0156,      0.2014,   7538.8306,-417866.9688,   -917.5809,    541.3156,  25129.4355,
       1,     166,     251,      22,       1,       3,       1,     10.0000,      1.3835,     42.3442,    244.0993,     61.4309,      3.4953,      0.0000,     -0.0306,      1.5988,      0.1284,      5.4823,     10.9647,      1.1347,     27.8524,     55.7049,      0.0189,      0.0013,      0.0156,      0.2014,   7538.8311,-418324.6250,   -917.7306,    541.2847,  25129.4316,
       1,     166,     251,      23,       1,       3,       1,     10.0000,      1.3835,     42.3442,    244.0993,     61.4309,      3.4953,      0.0000,     -0.0306,      1.3193,      0.1284,      5.4823,     10.9647,      1.1347,     27.8524,     55.7049,      0.0189,      0.0011,      0.0156,      0.2014,   7538.8296,-418109.2812,   -917.7942,    541.2992,  25129.4336,
       1,     166,     251,      24,       1,       3,       1,     10.0000,      1.3835,     42.3442,    244.0993,     61.4309,      3.4953,      0.0000,     -0.0302,      1.7007,      0.1195,      5.4823,     10.9647,      1.0556,     27.8524,     55.7049,      0.0189,      0.0014,      0.0156,      0.2014,   7538.8306,-417738.1250,   -917.7973,    541.3243,  25129.4336,
       1,     166,     252,       1,       1,       3,       1,     10.0000,      1.3835,     42.3446,    244.1051,     61.4324,      3.4953,      0.0000,     -0.0302,      1.3404,      0.1203,      5.4822,     10.9645,      1.0632,     27.8578,     55.7157,      0.0189,      0.0011,      0.0156,      0.2014,   7538.8306,-418342.8125,   -918.2633,    541.2961,  25130.5586,
       1,     166,     252,       2,       1,       3,       1,     10.0000,      1.3835,     42.3446,    244.1051,     61.4324,      3.4953,      0.0000,     -0.0303,      0.9592,      0.1209,      5.4822,     10.9645,      1.0686,     27.8578,     55.7157,      0.0189,      0.0008,      0.0156,      0.2014,   7539.1680,-417787.1875,   -917.9736,    541.3337,  25130.5586,
       1,     166,     252,       3,       1,       3,       1,     10.0000,      1.3835,     42.3446,    244.1051,     61.4324,      3.4953,      0.0000,     -0.0302,      0.7910,      0.1195,      5.4822,     10.9645,      1.0556,     27.8578,     55.7157,      0.0189,      0.0006,      0.0156,      0.2014,   7539.1680,-417258.9062,   -917.9152,    541.3695,  25130.5586,
       1,     166,     252,       4,       1,       3,       1,     10.0000,      1.3835,     42.3446,    244.1051,     61.4324,      3.4953,      0.0000,     -0.0303,      0.7575,      0.1211,      5.4822,     10.9645,      1.0697,     27.8578,     55.7157,      0.0189,      0.0006,      0.0156,      0.2014,   7539.1680,-417001.6875,   -917.9033,    541.3869,  25130.5586,
       1,     166,     252,       5,       1,       3,       1,     10.0000,      1.3835,     42.3446,    244.1051,     61.4324,      3.4953,      0.0000,     -0.0303,      0.2891,      0.1208,      5.4822,     10.9645,      1.0675,     27.8578,     55.7157,      0.0189,      0.0002,      0.0156,      0.2014,   7539.1680,-416937.3125,   -917.9083,    541.3912,  25130.5586,
       1,     166,     252,       6,       1,       3,       1,     10.0000,      1.3835,     42.3446,    244.1051,     61.4324,      3.4953,      0.0000,     -0.0303,      0.2868,      0.1208,      5.4822,     10.9645,      1.0675,     27.8578,     55.7157,      0.0189,      0.0002,      0.0156,      0.2014,   7539.1680,-416341.0312,   -917.8008,    541.4316,  25130.5586,
       1,     166,     252,       7,       1,       3,       1,     10.0000,      1.3835,     42.3446,    244.1051,     61.4324,      3.4953,      0.0000,     -0.0303,      0.2915,      0.1225,      5.4822,     10.9645,      1.0829,     27.8578,     55.7157,      0.0189,      0.0002,      0.0156,      0.2014,   7539.1680,-416287.0938,   -917.7924,    541.4352,  25130.5586,
       1,     166,     252,       8,       1,       3,       1,     10.0000,      1.3835,     42.3446,    244.1051,     61.4324,      3.4953,      0.0098,     -0.0205,      0.2908,      0.1223,      5.4822,     10.9645,      1.0807,     27.8578,     55.7157,      0.0189,      0.0002,      0.0156,      0.2014,   7539.1680,-416288.5625,   -917.7944,    541.4352,  25130.5586,
       1,     166,     252,       9,       1,       3,       1,     10.0000,      1.3835,     42.3446,    244.1051,     61.4324,      3.4953,      0.0636,      0.0330,      1.4569,      0.1289,      5.4822,     10.9645,      1.1394,     27.8578,     55.7157,      0.0189,      0.0002,      0.0736,      0.2014,   7539.1680,-416287.7812,   -917.8159,    541.4352,  25130.5586,
       1,     166,     252,      10,       1,       3,       1,     10.0000,      1.3835,     42.3446,    244.1051,     61.4324,      3.4953,      0.1384,      0.1066,      4.7799,      0.1644,      5.4822,     10.9645,      1.4525,     27.8578,     55.7157,      0.0189,      0.0003,      0.1828,      0.2014,   7539.1680,-417758.7500,   -918.2430,    541.3356,  25130.5605,
       1,     166,     252,      11,       1,       3,       1,     10.0000,      1.3835,     42.3446,    244.1051,     61.4324,      3.4953,      0.1840,      0.1515,      7.4559,      0.1843,      5.4822,     10.9645,      1.6288,     27.8578,     55.7157,      0.0189,      0.0004,      0.2500,      0.2014,   7539.1685,-422076.3750,   -919.3701,    541.0435,  25130.5586,
       1,     166,     252,      12,       1,       3,       1,     10.0000,      1.3835,     42.3446,    244.1051,     61.4324,      3.4953,      0.1839,      0.1511,      7.9916,      0.1958,      5.4822,     10.9645,      1.7301,     27.8578,     55.7157,      0.0189,      0.0004,      0.2500,      0.2014,   7539.1680,-425821.4375,   -920.7217,    540.7903,  25130.5566,
       1,     166,     252,      13,       1,       3,       1,     10.0000,      1.3835,     42.3446,    244.1051,     61.4324,      3.4953,      0.1839,      0.1505,      8.8491,      0.2139,      5.4822,     10.9645,      1.8905,     27.8578,     55.7157,      0.0189,      0.0004,      0.2500,      0.2014,   7539.1675,-426817.3125,   -921.5946,    540.7230,  25130.5586,
       1,     166,     252,      14,       1,       3,       1,     10.0000,      1.3835,     42.3446,    244.1051,     61.4324,      3.4953,      0.1839,      0.1504,      9.0410,      0.2180,      5.4822,     10.9645,      1.9261,     27.8578,     55.7157,      0.0189,      0.0005,      0.2500,      0.2014,   7539.1680,-427983.8125,   -922.5219,    540.6442,  25130.5586,
       1,     166,     252,      15,       1,       3,       1,     10.0000,      1.3835,     42.3446,    244.1051,     61.4324,      3.4953,      0.1783,      0.1448,     37.5355,      0.2175,      5.4822,     10.9645,      1.9223,     27.8578,     55.7157,      0.0189,      0.0020,      0.2383,      0.2014,   7539.1680,-428325.4062,   -923.1555,    540.6212,  25130.5586,
       1,     166,     252,      16,       1,       3,       1,     10.0000,      1.3835,     42.3446,    244.1051,     61.4324,      3.4953,      0.1538,      0.1205,     63.1657,      0.2100,      5.4822,     10.9645,      1.8556,     27.8578,     55.7157,      0.0189,      0.0040,      0.1987,      0.2014,   7539.1680,-464306.9062,   -930.3700,    538.1896,  25130.5586,
       1,     166,     252,      17,       1,       3,       1,     10.0000,      1.3835,     42.3446,    244.1051,     61.4324,      3.4953,      0.1562,      0.1233,     71.4074,      0.1954,      5.4822,     10.9645,      1.7267,     27.8578,     55.7157,      0.0189,      0.0044,      0.2012,      0.2014,   7539.1680,-499746.1562,   -937.6033,    535.8109,  25130.5566,
       1,     166,     252,      18,       1,       3,       1,     10.0000,      1.3835,     42.3446,    244.1051,     61.4324,      3.4953,      0.1229,      0.0904,     68.6811,      0.1860,      5.4822,     10.9645,      1.6434,     27.8578,     55.7157,      0.0189,      0.0056,      0.1522,      0.2013,   7539.1675,-513181.6875,   -940.7820,    534.9163,  25130.5586,
       1,     166,     252,      19,       1,       3,       1,     10.0000,      1.3835,     42.3446,    244.1051,     61.4324,      3.4953,      0.0578,      0.0254,     28.8844,      0.1809,      5.4822,     10.9645,      1.5983,     27.8578,     55.7157,      0.0189,      0.0060,      0.0602,      0.2013,   7539.1680,-510875.0000,   -940.9622,    535.0713,  25130.5586,
       1,     166,     252,      20,       1,       3,       1,     10.0000,      1.3835,     42.3446,    244.1051,     61.4324,      3.4953,      0.0127,     -0.0190,      6.3372,      0.1611,      5.4822,     10.9645,      1.4238,     27.8578,     55.7157,      0.0189,      0.0051,      0.0156,      0.2013,   7539.1680,-460402.6250,   -931.7986,    538.4471,  25130.5586,
       1,     166,     252,      21,       1,       3,       1,     10.0000,      1.3835,     42.3446,    244.1051,     61.4324,      3.4953,      0.0000,     -0.0315,      5.7995,      0.1531,      5.4822,     10.9645,      1.3528,     27.8578,     55.7157,      0.0189,      0.0046,      0.0156,      0.2014,   7539.1680,-427681.9375,   -925.7578,    540.6600,  25130.5586,
       1,     166,     252,      22,       1,       3,       1,     10.0000,      1.3835,     42.3446,    244.1051,     61.4324,      3.4953,      0.0000,     -0.0313,      5.2385,      0.1477,      5.4822,     10.9645,      1.3047,     27.8578,     55.7157,      0.0189,      0.0042,      0.0156,      0.2014,   7539.1680,-424215.5000,   -925.1917,    540.8988,  25130.5586,
       1,     166,     252,      23,       1,       3,       1,     10.0000,      1.3835,     42.3446,    244.1051,     61.4324,      3.4953,      0.0000,     -0.0313,      4.9471,      0.1474,      5.4822,     10.9645,      1.3021,     27.8578,     55.7157,      0.0189,      0.0040,      0.0156,      0.2014,   7539.1680,-423206.4375,   -925.0694,    540.9672,  25130.5586,
       1,     166,     252,      24,       1,       3,       1,     10.0000,      1.3835,     42.3446,    244.1051,     61.4324,      3.4953,      0.0000,     -0.0313,      3.9588,      0.1491,      5.4822,     10.9645,      1.3179,     27.8578,     55.7157,      0.0189,      0.0032,      0.0156,      0.2014,   7539.1680,-422752.5938,   -925.0529,    540.9978,  25130.5586,
       1,     166,     253,       1,       1,       3,       1,     10.0000,      1.3836,     42.3449,    244.1108,     61.4338,      3.4953,      0.0000,     -0.0312,      2.8155,      0.1463,      5.4830,     10.9659,      1.2930,     27.8594,     55.7189,      0.0189,      0.0023,      0.0156,      0.2014,   7539.1680,-421622.1875,   -925.1614,    541.0871,  25131.6836,
       1,     166,     253,       2,       1,       3,       1,     10.0000,      1.3836,     42.3449,    244.1108,     61.4338,      3.4953,      0.0000,     -0.0313,      2.2352,      0.1471,      5.4830,     10.9659,      1.2995,     27.8594,     55.7189,      0.0189,      0.0018,      0.0156,      0.2014,   7539.5054,-419930.8438,   -924.6058,    541.2015,  25131.6836,
       1,     166,     253,       3,       1,       3,       1,     10.0000,      1.3836,     42.3449,    244.1108,     61.4338,      3.4953,      0.0000,     -0.0312,      1.7799,      0.1469,      5.4830,     10.9659,      1.2982,     27.8594,     55.7189,      0.0189,      0.0014,      0.0156,      0.2014,   7539.5054,-419054.4062,   -924.4647,    541.2608,  25131.6836,
       1,     166,     253,       4,       1,       3,       1,     10.0000,      1.3836,     42.3449,    244.1108,     61.4338,      3.4953,      0.0000,     -0.0310,      1.4460,      0.1405,      5.4830,     10.9659,      1.2418,     27.8594,     55.7189,      0.0189,      0.0012,      0.0156,      0.2014,   7539.5054,-418405.3438,   -924.3622,    541.3047,  25131.6816,
       1,     166,     253,       5,       1,       3,       1,     10.0000,      1.3836,     42.3449,    244.1108,     61.4338,      3.4953,      0.0000,     -0.0309,      1.2284,      0.1376,      5.4830,     10.9659,      1.2158,     27.8594,     55.7189,      0.0189,      0.0010,      0.0156,      0.2014,   7539.5049,-417929.2188,   -924.2886,    541.3369,  25131.6816,
       1,     166,     253,       6,       1,       3,       1,     10.0000,      1.3836,     42.3449,    244.1108,     61.4338,      3.4953,      0.0000,     -0.0309,      1.0102,      0.1376,      5.4830,     10.9659,      1.2158,     27.8594,     55.7189,      0.0189,      0.0008,      0.0156,      0.2014,   7539.5049,-417614.0625,   -924.2428,    541.3582,  25131.6836,
       1,     166,     253,       7,       1,       3,       1,     10.0000,      1.3836,     42.3449,    244.1108,     61.4338,      3.4953,      0.0000,     -0.0309,      0.9706,      0.1363,      5.4830,     10.9659,      1.2047,     27.8594,     55.7189,      0.0189,      0.0008,      0.0156,      0.2014,   7539.5054,-417311.5625,   -924.1951,    541.3788,  25131.6836,
       1,     166,     253,       8,       1,       3,       1,     10.0000,      1.3836,     42.3449,    244.1108,     61.4338,      3.4953,      0.0162,     -0.0146,      0.2259,      0.1352,      5.4830,     10.9659,      1.1950,     27.8594,     55.7189,      0.0189,      0.0007,      0.0039,      0.2014,   7539.5054,-417235.7500,   -924.1904,    541.3839,  25131.6855,
       1,     166,     253,       9,       1,       3,       1,     10.0000,      1.3836,     42.3449,    244.1108,     61.4338,      3.4953,      0.1166,      0.0853,      5.9014,      0.1490,      5.4830,     10.9659,      1.3166,     27.8594,     55.7189,      0.0189,      0.0005,      0.1505,      0.2014,   7539.5059,-416289.7812,   -924.0183,    541.4479,  25131.6836,
       1,     166,     253,      10,       1,       3,       1,     10.0000,      1.3836,     42.3449,    244.1108,     61.4338,      3.4953,      0.1712,      0.1388,      8.6338,      0.1840,      5.4830,     10.9659,      1.6256,     27.8594,     55.7189,      0.0189,      0.0005,      0.2309,      0.2014,   7539.5054,-423368.0312,   -925.4197,    540.9688,  25131.6836,
       1,     166,     253,      11,       1,       3,       1,     10.0000,      1.3836,     42.3449,    244.1108,     61.4338,      3.4953,      0.1843,      0.1517,     11.6634,      0.1876,      5.4830,     10.9659,      1.6581,     27.8594,     55.7189,      0.0189,      0.0006,      0.2500,      0.2014,   7539.5054,-427419.8438,   -926.2784,    540.6950,  25131.6855,
       1,     166,     253,      12,       1,       3,       1,     10.0000,      1.3836,     42.3449,    244.1108,     61.4338,      3.4953,      0.1842,      0.1533,      6.5740,      0.1391,      5.4830,     10.9659,      1.2294,     27.8594,     55.7189,      0.0189,      0.0003,      0.2500,      0.2014,   7539.5059,-431587.4062,   -927.1644,    540.4135,  25131.6836,
       1,     166,     253,      13,       1,       3,       1,     10.0000,      1.3836,     42.3449,    244.1108,     61.4338,      3.4953,      0.1844,      0.1532,      8.7561,      0.1454,      5.4830,     10.9659,      1.2852,     27.8594,     55.7189,      0.0189,      0.0004,      0.2500,      0.2014,   7539.5054,-425522.0625,   -912.9608,    540.8232,  25131.6836,
       1,     166,     253,      14,       1,       3,       1,     10.0000,      1.3836,     42.3449,    244.1108,     61.4338,      3.4953,      0.1850,      0.1534,     18.5544,      0.1595,      5.4830,     10.9659,      1.4096,     27.8594,     55.7189,      0.0189,      0.0009,      0.2500,      0.2014,   7539.5054,-427757.8750,   -915.2625,    540.6722,  25131.6855,
       1,     166,     253,      15,       1,       3,       1,     10.0000,      1.3836,     42.3449,    244.1108,     61.4338,      3.4953,      0.1875,      0.1558,     50.1585,      0.1611,      5.4830,     10.9659,      1.4238,     27.8594,     55.7189,      0.0189,      0.0025,      0.2500,      0.2014,   7539.5059,-440309.5938,   -919.3459,    539.8239,  25131.6836,
       1,     166,     253,      16,       1,       3,       1,     10.0000,      1.3836,     42.3449,    244.1108,     61.4338,      3.4953,      0.1881,      0.1560,     58.7857,      0.1726,      5.4830,     10.9659,      1.5254,     27.8594,     55.7189,      0.0189,      0.0029,      0.2500,      0.2014,   7539.5054,-481260.4375,   -928.8444,    537.0614,  25131.6816,
       1,     166,     253,      17,       1,       3,       1,     10.0000,      1.3836,     42.3449,    244.1108,     61.4338,      3.4953,      0.1081,      0.0758,      9.2805,      0.1800,      5.4830,     10.9659,      1.5905,     27.8594,     55.7189,      0.0189,      0.0008,      0.1372,      0.2014,   7539.5049,-495661.6562,   -933.1138,    536.1016,  25131.6836,
       1,     166,     253,      18,       1,       3,       1,     10.0000,      1.3836,     42.3449,    244.1108,     61.4338,      3.4953,      0.0452,      0.0127,      3.1269,      0.1865,      5.4830,     10.9659,      1.6483,     27.8594,     55.7189,      0.0189,      0.0009,      0.0444,      0.2013,   7539.5054,-434362.0625,   -922.1210,    540.2103,  25131.6836,
       1,     166,     253,      19,       1,       3,       1,     10.0000,      1.3836,     42.3449,    244.1108,     61.4338,      3.4953,      0.0264,     -0.0055,      1.8391,      0.1669,      5.4830,     10.9659,      1.4745,     27.8594,     55.7189,      0.0189,      0.0013,      0.0173,      0.2014,   7539.5054,-421429.0000,   -919.8724,    541.0994,  25131.6816,
       1,     166,     253,      20,       1,       3,       1,     10.0000,      1.3836,     42.3449,    244.1108,     61.4338,      3.4953,      0.0041,     -0.0273,      1.5366,      0.1514,      5.4830,     10.9659,      1.3380,     27.8594,     55.7189,      0.0189,      0.0012,      0.0156,      0.2014,   7539.5049,-418683.9062,   -919.4855,    541.2858,  25131.6836,
       1,     166,     253,      21,       1,       3,       1,     10.0000,      1.3836,     42.3449,    244.1108,     61.4338,      3.4953,      0.0000,     -0.0312,      2.7891,      0.1459,      5.4830,     10.9659,      1.2891,     27.8594,     55.7189,      0.0189,      0.0022,      0.0156,      0.2014,   7539.5054,-418066.8438,   -919.4485,    541.3276,  25131.6836,
       1,     166,     253,      22,       1,       3,       1,     10.0000,      1.3836,     42.3449,    244.1108,     61.4338,      3.4953,      0.0000,     -0.0312,      3.6303,      0.1444,      5.4830,     10.9659,      1.2761,     27.8594,     55.7189,      0.0189,      0.0029,      0.0156,      0.2014,   7539.5054,-419594.0625,   -919.8761,    541.2242,  25131.6836,
       1,     166,     253,      23,       1,       3,       1,     10.0000,      1.3836,     42.3449,    244.1108,     61.4338,      3.4953,      0.0000,     -0.0311,      3.6969,      0.1428,      5.4830,     10.9659,      1.2621,     27.8594,     55.7189,      0.0189,      0.0030,      0.0156,      0.2014,   7539.5054,-420785.6562,   -920.3028,    541.1437,  25131.6836,
       1,     166,     253,      24,       1,       3,       1,     10.0000,      1.3836,     42.3449,    244.1108,     61.4338,      3.4953,      0.0000,     -0.0311,      2.5410,      0.1435,      5.4830,     10.9659,      1.2684,     27.8594,     55.7189,      0.0189,      0.0020,      0.0156,      0.2014,   7539.5054,-420971.3125,   -920.5442,    541.1311,  25131.6816,
       1,     166,     254,       1,       1,       3,       1,     10.0000,      1.3836,     42.3452,    244.1166,     61.4352,      3.4953,      0.0000,     -0.0311,      1.5731,      0.1418,      5.4826,     10.9651,      1.2532,     27.8604,     55.7208,      0.0189,      0.0013,      0.0156,      0.2014,   7539.5049,-419684.2188,   -920.6833,    541.2308,  25132.8066,
       1,     166,     254,       2,       1,       3,       1,     10.0000,      1.3836,     42.3452,    244.1166,     61.4352,      3.4953,      0.0000,     -0.0310,      1.5363,      0.1394,      5.4826,     10.9651,      1.2319,     27.8604,     55.7208,      0.0189,      0.0012,      0.0156,      0.2014,   7539.8423,-418201.3125,   -920.1978,    541.3312,  25132.8086,
       1,     166,     254,       3,       1,       3,       1,     10.0000,      1.3836,     42.3452,    244.1166,     61.4352,      3.4953,      0.0000,     -0.0310,      1.5216,      0.1401,      5.4826,     10.9651,      1.2381,     27.8604,     55.7208,      0.0189,      0.0012,      0.0156,      0.2014,   7539.8428,-418027.9688,   -920.2343,    541.3430,  25132.8086,
       1,     166,     254,       4,       1,       3,       1,     10.0000,      1.3836,     42.3452,    244.1166,     61.4352,      3.4953,      0.0000,     -0.0308,      1.6991,      0.1335,      5.4826,     10.9651,      1.1794,     27.8604,     55.7208,      0.0189,      0.0014,      0.0156,      0.2014,   7539.8428,-417994.5938,   -920.2772,    541.3452,  25132.8086,
       1,     166,     254,       5,       1,       3,       1,     10.0000,      1.3836,     42.3452,    244.1166,     61.4352,      3.4953,      0.0000,     -0.0305,      1.3925,      0.1279,      5.4826,     10.9651,      1.1302,     27.8604,     55.7208,      0.0189,      0.0011,      0.0156,      0.2014,   7539.8428,-418215.5938,   -920.3978,    541.3302,  25132.8066,
       1,     166,     254,       6,       1,       3,       1,     10.0000,      1.3836,     42.3452,    244.1166,     61.4352,      3.4953,      0.0000,     -0.0305,      0.9123,      0.1258,      5.4826,     10.9651,      1.1120,     27.8604,     55.7208,      0.0189,      0.0007,      0.0156,      0.2014,   7539.8423,-417848.2500,   -920.3923,    541.3551,  25132.8086,
       1,     166,     254,       7,       1,       3,       1,     10.0000,      1.3836,     42.3452,    244.1166,     61.4352,      3.4953,      0.0000,     -0.0305,      0.4726,      0.1267,      5.4826,     10.9651,      1.1199,     27.8604,     55.7208,      0.0189,      0.0004,      0.0156,      0.2014,   7539.8428,-417210.7500,   -920.3072,    541.3982,  25132.8086,
       1,     166,     254,       8,       1,       3,       1,     10.0000,      1.3836,     42.3452,    244.1166,     61.4352,      3.4953,      0.0080,     -0.0225,      0.5147,      0.1258,      5.4826,     10.9651,      1.1120,     27.8604,     55.7208,      0.0189,      0.0004,      0.0156,      0.2014,   7539.8428,-416601.9375,   -920.2044,    541.4395,  25132.8066,
       1,     166,     254,       9,       1,       3,       1,     10.0000,      1.3836,     42.3452,    244.1166,     61.4352,      3.4953,      0.0700,      0.0392,      2.5855,      0.1325,      5.4826,     10.9651,      1.1711,     27.8604,     55.7208,      0.0189,      0.0004,      0.0826,      0.2014,   7539.8423,-416603.3125,   -920.2270,    541.4393,  25132.8066,
       1,     166,     254,      10,       1,       3,       1,     10.0000,      1.3836,     42.3452,    244.1166,     61.4352,      3.4953,      0.1615,      0.1307,      7.0226,      0.1335,      5.4826,     10.9651,      1.1794,     27.8604,     55.7208,      0.0189,      0.0004,      0.2164,      0.2014,   7539.8423,-419215.2500,   -919.4611,    541.2626,  25132.8086,
       1,     166,     254,      11,       1,       3,       1,     10.0000,      1.3836,     42.3452,    244.1166,     61.4352,      3.4953,      0.1635,      0.1318,      9.1039,      0.1600,      5.4826,     10.9651,      1.4139,     27.8604,     55.7208,      0.0189,      0.0005,      0.2192,      0.2014,   7539.8428,-425034.2188,   -912.4000,    540.8689,  25132.8086,
       1,     166,     254,      12,       1,       3,       1,     10.0000,      1.3836,     42.3452,    244.1166,     61.4352,      3.4953,      0.1834,      0.1511,      8.8175,      0.1773,      5.4826,     10.9651,      1.5670,     27.8604,     55.7208,      0.0189,      0.0004,      0.2488,      0.2014,   7539.8428,-428156.5000,   -913.9223,    540.6579,  25132.8066,
       1,     166,     254,      13,       1,       3,       1,     10.0000,      1.3836,     42.3452,    244.1166,     61.4352,      3.4953,      0.1798,      0.1468,     12.9440,      0.2017,      5.4826,     10.9651,      1.7822,     27.8604,     55.7208,      0.0189,      0.0007,      0.2433,      0.2014,   7539.8423,-428061.9375,   -915.1516,    540.6644,  25132.8086,
       1,     166,     254,      14,       1,       3,       1,     10.0000,      1.3836,     42.3452,    244.1166,     61.4352,      3.4953,      0.1846,      0.1513,     19.6681,      0.2112,      5.4826,     10.9651,      1.8666,     27.8604,     55.7208,      0.0189,      0.0010,      0.2498,      0.2014,   7539.8428,-433258.6875,   -917.4125,    540.3132,  25132.8066,
       1,     166,     254,      15,       1,       3,       1,     10.0000,      1.3836,     42.3452,    244.1166,     61.4352,      3.4953,      0.1807,      0.1478,     11.6260,      0.1987,      5.4826,     10.9651,      1.7560,     27.8604,     55.7208,      0.0189,      0.0006,      0.2448,      0.2014,   7539.8423,-442185.3438,   -920.2333,    539.7104,  25132.8105,
       1,     166,     254,      16,       1,       3,       1,     10.0000,      1.3836,     42.3452,    244.1166,     61.4352,      3.4953,      0.1858,      0.1558,     22.6626,      0.1135,      5.4826,     10.9651,      1.0030,     27.8604,     55.7208,      0.0189,      0.0011,      0.2500,      0.2014,   7539.8433,-432799.8438,   -914.0751,    540.3439,  25132.8086,
       1,     166,     254,      17,       1,       3,       1,     10.0000,      1.3836,     42.3452,    244.1166,     61.4352,      3.4953,      0.1867,      0.1568,     34.2598,      0.1116,      5.4826,     10.9651,      0.9857,     27.8604,     55.7208,      0.0189,      0.0017,      0.2500,      0.2014,   7539.8428,-445923.6562,   -916.7395,    539.4579,  25132.8086,
       1,     166,     254,      18,       1,       3,       1,     10.0000,      1.3836,     42.3452,    244.1166,     61.4352,      3.4953,      0.1696,      0.1397,     49.6068,      0.1132,      5.4826,     10.9651,      0.9999,     27.8604,     55.7208,      0.0189,      0.0028,      0.2233,      0.2014,   7539.8428,-461676.9375,   -919.7370,    538.3963,  25132.8086,
       1,     166,     254,      19,       1,       3,       1,     10.0000,      1.3836,     42.3452,    244.1166,     61.4352,      3.4953,      0.1123,      0.0825,     33.1574,      0.1092,      5.4826,     10.9651,      0.9647,     27.8604,     55.7208,      0.0189,      0.0029,      0.1416,      0.2014,   7539.8428,-482389.7500,   -923.2225,    537.0034,  25132.8105,
       1,     166,     254,      20,       1,       3,       1,     10.0000,      1.3836,     42.3452,    244.1166,     61.4352,      3.4953,      0.0091,     -0.0206,      3.5157,      0.1067,      5.4826,     10.9651,      0.9431,     27.8604,     55.7208,      0.0189,      0.0028,      0.0156,      0.2014,   7539.8433,-463390.0625,   -919.4335,    538.2805,  25132.8086,
       1,     166,     254,      21,       1,       3,       1,     10.0000,      1.3836,     42.3452,    244.1166,     61.4352,      3.4953,      0.0000,     -0.0298,      0.3405,      0.1091,      5.4826,     10.9651,      0.9637,     27.8604,     55.7208,      0.0189,      0.0003,      0.0156,      0.2014,   7539.8428,-424365.7500,   -912.0776,    540.9078,  25132.8086,
       1,     166,     254,      22,       1,       3,       1,     10.0000,      1.3836,     42.3452,    244.1166,     61.4352,      3.4953,      0.0000,     -0.0299,      0.2615,      0.1114,      5.4826,     10.9651,      0.9847,     27.8604,     55.7208,      0.0189,      0.0002,      0.0156,      0.2014,   7539.8428,-417053.4688,   -910.2222,    541.4087,  25132.8086,
       1,     166,     254,      23,       1,       3,       1,     10.0000,      1.3836,     42.3452,    244.1166,     61.4352,      3.4953,      0.0000,     -0.0298,      0.2582,      0.1102,      5.4826,     10.9651,      0.9736,     27.8604,     55.7208,      0.0189,      0.0002,      0.0156,      0.2014,   7539.8428,-416322.4062,   -910.0783,    541.4584,  25132.8086,
       1,     166,     254,      24,       1,       3,       1,     10.0000,      1.3836,     42.3452,    244.1166,     61.4352,      3.4953,      0.0000,     -0.0299,      0.2636,      0.1122,      5.4826,     10.9651,      0.9918,     27.8604,     55.7208,      0.0189,      0.0002,      0.0156,      0.2014,   7539.8428,-416255.5000,   -910.0677,    541.4628,  25132.8086,
       1,     166,     255,       1,       1,       3,       1,     10.0000,      1.3836,     42.3456,    244.1223,     61.4367,      3.4953,      0.0000,     -0.0300,      0.2702,      0.1147,      5.4829,     10.9657,      1.0134,     27.8666,     55.7332,      0.0189,      0.0002,      0.0156,      0.2015,   7539.8428,-416412.1875,   -910.3525,    541.4648,  25133.9316,
       1,     166,     255,       2,       1,       3,       1,     10.0000,      1.3836,     42.3456,    244.1223,     61.4367,      3.4953,      0.0000,     -0.0300,      0.2674,      0.1136,      5.4829,     10.9657,      1.0041,     27.8666,     55.7332,      0.0189,      0.0002,      0.0156,      0.2015,   7540.1797,-416281.5938,   -910.0812,    541.4738,  25133.9336,
       1,     166,     255,       3,       1,       3,       1,     10.0000,      1.3836,     42.3456,    244.1223,     61.4367,      3.4953,      0.0000,     -0.0299,      0.2643,      0.1125,      5.4829,     10.9657,      0.9938,     27.8666,     55.7332,      0.0189,      0.0002,      0.0156,      0.2015,   7540.1802,-416266.6250,   -910.0794,    541.4747,  25133.9316,
       1,     166,     255,       4,       1,       3,       1,     10.0000,      1.3836,     42.3456,    244.1223,     61.4367,      3.4953,      0.0000,     -0.0298,      0.2558,      0.1093,      5.4829,     10.9657,      0.9657,     27.8666,     55.7332,      0.0189,      0.0002,      0.0156,      0.2015,   7540.1797,-416261.6562,   -910.0804,    541.4751,  25133.9336,
       1,     166,     255,       5,       1,       3,       1,     10.0000,      1.3836,     42.3456,    244.1223,     61.4367,      3.4953,      0.0000,     -0.0297,      0.2489,      0.1067,      5.4829,     10.9657,      0.9431,     27.8666,     55.7332,      0.0189,      0.0002,      0.0156,      0.2015,   7540.1802,-416250.2500,   -910.0793,    541.4759,  25133.9316,
       1,     166,     255,       6,       1,       3,       1,     10.0000,      1.3836,     42.3456,    244.1223,     61.4367,      3.4953,      0.0000,     -0.0298,      0.2576,      0.1100,      5.4829,     10.9657,      0.9717,     27.8666,     55.7332,      0.0189,      0.0002,      0.0156,      0.2015,   7540.1797,-416240.8438,   -910.0790,    541.4765,  25133.9336,
       1,     166,     255,       7,       1,       3,       1,     10.0000,      1.3836,     42.3456,    244.1223,     61.4367,      3.4953,      0.0000,     -0.0298,      0.2543,      0.1087,      5.4829,     10.9657,      0.9607,     27.8666,     55.7332,      0.0189,      0.0002,      0.0156,      0.2015,   7540.1802,-416250.7188,   -910.0818,    541.4758,  25133.9355,
       1,     166,     255,       8,       1,       3,       1,     10.0000,      1.3836,     42.3456,    244.1223,     61.4367,      3.4953,      0.0124,     -0.0173,      0.2540,      0.1086,      5.4829,     10.9657,      0.9598,     27.8666,     55.7332,      0.0189,      0.0002,      0.0156,      0.2015,   7540.1812,-416247.3750,   -910.0822,    541.4761,  25133.9355,
       1,     166,     255,       9,       1,       3,       1,     10.0000,      1.3836,     42.3456,    244.1223,     61.4367,      3.4953,      0.1138,      0.0839,      2.4657,      0.1113,      5.4829,     10.9657,      0.9837,     27.8666,     55.7332,      0.0189,      0.0002,      0.1473,      0.2015,   7540.1812,-416246.6250,   -910.1268,    541.4761,  25133.9336,
       1,     166,     255,      10,       1,       3,       1,     10.0000,      1.3836,     42.3456,    244.1223,     61.4367,      3.4953,      0.1769,      0.1467,      4.3381,      0.1193,      5.4829,     10.9657,      1.0546,     27.8666,     55.7332,      0.0189,      0.0002,      0.2393,      0.2015,   7540.1802,-419035.9062,   -910.9694,    541.2873,  25133.9336,
       1,     166,     255,      11,       1,       3,       1,     10.0000,      1.3836,     42.3456,    244.1223,     61.4367,      3.4953,      0.1842,      0.1537,      4.8371,      0.1264,      5.4829,     10.9657,      1.1165,     27.8666,     55.7332,      0.0189,      0.0002,      0.2500,      0.2015,   7540.1802,-421635.4062,   -912.4873,    541.1115,  25133.9316,
       1,     166,     255,      12,       1,       3,       1,     10.0000,      1.3836,     42.3456,    244.1223,     61.4367,      3.4953,      0.1674,      0.1367,      4.6284,      0.1331,      5.4829,     10.9657,      1.1759,     27.8666,     55.7332,      0.0189,      0.0003,      0.2255,      0.2015,   7540.1797,-422486.7812,   -914.0114,    541.0539,  25133.9336,
       1,     166,     255,      13,       1,       3,       1,     10.0000,      1.3836,     42.3456,    244.1223,     61.4367,      3.4953,      0.1513,      0.1201,      4.5662,      0.1449,      5.4829,     10.9657,      1.2801,     27.8666,     55.7332,      0.0189,      0.0003,      0.2018,      0.2015,   7540.1802,-422296.0312,   -912.3710,    541.0668,  25133.9336,
       1,     166,     255,      14,       1,       3,       1,     10.0000,      1.3836,     42.3456,    244.1223,     61.4367,      3.4953,      0.1549,      0.1235,      4.9581,      0.1522,      5.4829,     10.9657,      1.3448,     27.8666,     55.7332,      0.0189,      0.0003,      0.2071,      0.2015,   7540.1802,-422201.1562,   -913.4650,    541.0732,  25133.9336,
       1,     166,     255,      15,       1,       3,       1,     10.0000,      1.3836,     42.3456,    244.1223,     61.4367,      3.4953,      0.1616,      0.1302,      5.1640,      0.1514,      5.4829,     10.9657,      1.3380,     27.8666,     55.7332,      0.0189,      0.0003,      0.2170,      0.2015,   7540.1802,-422687.4062,   -914.5268,    541.0404,  25133.9336,
       1,     166,     255,      16,       1,       3,       1,     10.0000,      1.3836,     42.3456,    244.1223,     61.4367,      3.4953,      0.1699,      0.1383,      7.5638,      0.1573,      5.4829,     10.9657,      1.3901,     27.8666,     55.7332,      0.0189,      0.0004,      0.2289,      0.2015,   7540.1802,-422988.4375,   -915.2748,    541.0200,  25133.9336,
       1,     166,     255,      17,       1,       3,       1,     10.0000,      1.3836,     42.3456,    244.1223,     61.4367,      3.4953,      0.1339,      0.1021,      9.8311,      0.1621,      5.4829,     10.9657,      1.4324,     27.8666,     55.7332,      0.0189,      0.0007,      0.1755,      0.2015,   7540.1802,-426040.9062,   -916.7222,    540.8136,  25133.9336,
       1,     166,     255,      18,       1,       3,       1,     10.0000,      1.3836,     42.3456,    244.1223,     61.4367,      3.4953,      0.1126,      0.0808,     14.9533,      0.1608,      5.4829,     10.9657,      1.4210,     27.8666,     55.7332,      0.0189,      0.0013,      0.1434,      0.2015,   7540.1802,-429160.9375,   -917.8322,    540.6027,  25133.9336,
       1,     166,     255,      19,       1,       3,       1,     10.0000,      1.3836,     42.3456,    244.1223,     61.4367,      3.4953,      0.0653,      0.0339,      9.7623,      0.1522,      5.4829,     10.9657,      1.3448,     27.8666,     55.7332,      0.0189,      0.0016,      0.0744,      0.2015,   7540.1802,-435887.9688,   -919.5186,    540.1482,  25133.9336,
       1,     166,     255,      20,       1,       3,       1,     10.0000,      1.3836,     42.3456,    244.1223,     61.4367,      3.4953,      0.0126,     -0.0183,      2.3463,      0.1355,      5.4829,     10.9657,      1.1975,     27.8666,     55.7332,      0.0189,      0.0019,      0.0156,      0.2015,   7540.1802,-429913.8438,   -918.7769,    540.5517,  25133.9336,
       1,     166,     255,      21,       1,       3,       1,     10.0000,      1.3836,     42.3456,    244.1223,     61.4367,      3.4953,      0.0000,     -0.0306,      2.8788,      0.1301,      5.4829,     10.9657,      1.1499,     27.8666,     55.7332,      0.0189,      0.0023,      0.0156,      0.2015,   7540.1802,-420050.8750,   -917.1210,    541.2183,  25133.9316,
       1,     166,     255,      22,       1,       3,       1,     10.0000,      1.3836,     42.3456,    244.1223,     61.4367,      3.4953,      0.0000,     -0.0307,      2.9701,      0.1311,      5.4829,     10.9657,      1.1581,     27.8666,     55.7332,      0.0189,      0.0024,      0.0156,      0.2015,   7540.1797,-419882.2500,   -917.3005,    541.2301,  25133.9336,
       1,     166,     255,      23,       1,       3,       1,     10.0000,      1.3836,     42.3456,    244.1223,     61.4367,      3.4953,      0.0000,     -0.0306,      2.9955,      0.1287,      5.4829,     10.9657,      1.1371,     27.8666,     55.7332,      0.0189,      0.0024,      0.0156,      0.2015,   7540.1802,-419982.3750,   -917.5486,    541.2233,  25133.9316,
       1,     166,     255,      24,       1,       3,       1,     10.0000,      1.3836,     42.3456,    244.1223,     61.4367,      3.4953,      0.0000,     -0.0306,      2.1743,      0.1282,      5.4829,     10.9657,      1.1325,     27.8666,     55.7332,      0.0189,      0.0017,      0.0156,      0.2015,   7540.1797,-420023.1875,   -917.7567,    541.2205,  25133.9336,
       1,     166,     256,       1,       1,       3,       1,     10.0000,      1.3836,     42.3459,    244.1281,     61.4381,      3.4953,      0.0000,     -0.0304,      1.3023,      0.1255,      5.4831,     10.9662,      1.1086,     27.8685,     55.7370,      0.0189,      0.0010,      0.0156,      0.2015,   7540.1802,-419146.0938,   -917.9440,    541.2927,  25135.0586,
       1,     166,     256,       2,       1,       3,       1,     10.0000,      1.3836,     42.3459,    244.1281,     61.4381,      3.4953,      0.0000,     -0.0304,      1.1528,      0.1231,      5.4831,     10.9662,      1.0874,     27.8685,     55.7370,      0.0189,      0.0009,      0.0156,      0.2015,   7540.5181,-417819.0312,   -917.4745,    541.3825,  25135.0586,
       1,     166,     256,       3,       1,       3,       1,     10.0000,      1.3836,     42.3459,    244.1281,     61.4381,      3.4953,      0.0000,     -0.0303,      0.5527,      0.1211,      5.4831,     10.9662,      1.0698,     27.8685,     55.7370,      0.0189,      0.0004,      0.0156,      0.2015,   7540.5181,-417517.2500,   -917.4662,    541.4029,  25135.0605,
       1,     166,     256,       4,       1,       3,       1,     10.0000,      1.3836,     42.3459,    244.1281,     61.4381,      3.4953,      0.0000,     -0.0304,      0.3504,      0.1234,      5.4831,     10.9662,      1.0907,     27.8685,     55.7370,      0.0189,      0.0003,      0.0156,      0.2015,   7540.5186,-416734.7500,   -917.3358,    541.4559,  25135.0586,
       1,     166,     256,       5,       1,       3,       1,     10.0000,      1.3836,     42.3459,    244.1281,     61.4381,      3.4953,      0.0000,     -0.0303,      0.3258,      0.1214,      5.4831,     10.9662,      1.0731,     27.8685,     55.7370,      0.0189,      0.0003,      0.0156,      0.2015,   7540.5181,-416412.9062,   -917.2820,    541.4777,  25135.0586,
       1,     166,     256,       6,       1,       3,       1,     10.0000,      1.3836,     42.3459,    244.1281,     61.4381,      3.4953,      0.0000,     -0.0303,      0.3031,      0.1217,      5.4831,     10.9662,      1.0753,     27.8685,     55.7370,      0.0189,      0.0002,      0.0156,      0.2015,   7540.5181,-416354.4375,   -917.2751,    541.4816,  25135.0566,
       1,     166,     256,       7,       1,       3,       1,     10.0000,      1.3836,     42.3459,    244.1281,     61.4381,      3.4953,      0.0000,     -0.0303,      0.2885,      0.1214,      5.4831,     10.9662,      1.0731,     27.8685,     55.7370,      0.0189,      0.0002,      0.0156,      0.2015,   7540.5171,-416321.0625,   -917.2717,    541.4839,  25135.0566,
       1,     166,     256,       8,       1,       3,       1,     10.0000,      1.3836,     42.3459,    244.1281,     61.4381,      3.4953,      0.0042,     -0.0261,      0.2908,      0.1223,      5.4831,     10.9662,      1.0808,     27.8685,     55.7370,      0.0189,      0.0002,      0.0156,      0.2015,   7540.5171,-416299.6875,   -917.2695,    541.4853,  25135.0605,
       1,     166,     256,       9,       1,       3,       1,     10.0000,      1.3836,     42.3459,    244.1281,     61.4381,      3.4953,      0.1161,      0.0857,      2.8427,      0.1238,      5.4831,     10.9662,      1.0940,     27.8685,     55.7370,      0.0189,      0.0002,      0.1504,      0.2015,   7540.5186,-416300.5625,   -917.2778,    541.4852,  25135.0586,
       1,     166,     256,      10,       1,       3,       1,     10.0000,      1.3836,     42.3459,    244.1281,     61.4381,      3.4953,      0.1842,      0.1537,      4.9109,      0.1280,      5.4831,     10.9662,      1.1314,     27.8685,     55.7370,      0.0189,      0.0002,      0.2500,      0.2015,   7540.5181,-419518.5312,   -918.1503,    541.2675,  25135.0605,
       1,     166,     256,      11,       1,       3,       1,     10.0000,      1.3836,     42.3459,    244.1281,     61.4381,      3.4953,      0.1842,      0.1531,      5.4887,      0.1411,      5.4831,     10.9662,      1.2470,     27.8685,     55.7370,      0.0189,      0.0003,      0.2500,      0.2015,   7540.5186,-422400.9688,   -919.4784,    541.0724,  25135.0586,
       1,     166,     256,      12,       1,       3,       1,     10.0000,      1.3836,     42.3459,    244.1281,     61.4381,      3.4953,      0.1841,      0.1522,      6.6061,      0.1659,      5.4831,     10.9662,      1.4658,     27.8685,     55.7370,      0.0189,      0.0003,      0.2500,      0.2015,   7540.5181,-423375.9375,   -920.3613,    541.0066,  25135.0605,
       1,     166,     256,      13,       1,       3,       1,     10.0000,      1.3836,     42.3459,    244.1281,     61.4381,      3.4953,      0.1840,      0.1513,      7.7332,      0.1903,      5.4831,     10.9662,      1.6814,     27.8685,     55.7370,      0.0189,      0.0004,      0.2500,      0.2015,   7540.5186,-424867.8438,   -921.2712,    540.9057,  25135.0566,
       1,     166,     256,      14,       1,       3,       1,     10.0000,      1.3836,     42.3459,    244.1281,     61.4381,      3.4953,      0.1839,      0.1509,      8.2690,      0.2017,      5.4831,     10.9662,      1.7823,     27.8685,     55.7370,      0.0189,      0.0004,      0.2500,      0.2015,   7540.5171,-426416.8438,   -922.4771,    540.8009,  25135.0586,
       1,     166,     256,      15,       1,       3,       1,     10.0000,      1.3836,     42.3459,    244.1281,     61.4381,      3.4953,      0.1839,      0.1507,      8.6157,      0.2080,      5.4831,     10.9662,      1.8376,     27.8685,     55.7370,      0.0189,      0.0004,      0.2500,      0.2015,   7540.5181,-427224.6875,   -923.3886,    540.7463,  25135.0586,
       1,     166,     256,      16,       1,       3,       1,     10.0000,      1.3836,     42.3459,    244.1281,     61.4381,      3.4953,      0.1847,      0.1514,     18.8272,      0.2108,      5.4831,     10.9662,      1.8630,     27.8685,     55.7370,      0.0189,      0.0009,      0.2500,      0.2015,   7540.5181,-427730.7500,   -923.9224,    540.7122,  25135.0586,
       1,     166,     256,      17,       1,       3,       1,     10.0000,      1.3836,     42.3459,    244.1281,     61.4381,      3.4953,      0.1873,      0.1539,     52.7868,      0.2178,      5.4831,     10.9662,      1.9244,     27.8685,     55.7370,      0.0189,      0.0026,      0.2500,      0.2015,   7540.5181,-440651.8438,   -926.7637,    539.8388,  25135.0586,
       1,     166,     256,      18,       1,       3,       1,     10.0000,      1.3836,     42.3459,    244.1281,     61.4381,      3.4953,      0.1711,      0.1389,     69.7205,      0.1744,      5.4831,     10.9662,      1.5407,     27.8685,     55.7370,      0.0189,      0.0039,      0.2235,      0.2015,   7540.5181,-484591.0000,   -935.5319,    536.8745,  25135.0605,
       1,     166,     256,      19,       1,       3,       1,     10.0000,      1.3836,     42.3459,    244.1281,     61.4381,      3.4953,      0.1130,      0.0823,     42.5353,      0.1325,      5.4831,     10.9662,      1.1711,     27.8685,     55.7370,      0.0189,      0.0038,      0.1411,      0.2014,   7540.5186,-509729.5000,   -938.6370,    535.1957,  25135.0586,
       1,     166,     256,      20,       1,       3,       1,     10.0000,      1.3836,     42.3459,    244.1281,     61.4381,      3.4953,      0.0068,     -0.0239,      5.0231,      0.1315,      5.4831,     10.9662,      1.1617,     27.8685,     55.7370,      0.0189,      0.0040,      0.0156,      0.2014,   7540.5181,-477538.1250,   -928.4718,    537.3518,  25135.0586,
       1,     166,     256,      21,       1,       3,       1,     10.0000,      1.3836,     42.3459,    244.1281,     61.4381,      3.4953,      0.0000,     -0.0307,      5.4978,      0.1309,      5.4831,     10.9662,      1.1570,     27.8685,     55.7370,      0.0189,      0.0044,      0.0156,      0.2014,   7540.5181,-427470.1562,   -919.7501,    540.7192,  25135.0586,
       1,     166,     256,      22,       1,       3,       1,     10.0000,      1.3836,     42.3459,    244.1281,     61.4381,      3.4953,      0.0000,     -0.0305,      5.8428,      0.1275,      5.4831,     10.9662,      1.1268,     27.8685,     55.7370,      0.0189,      0.0047,      0.0156,      0.2015,   7540.5181,-423832.9062,   -919.3959,    540.9756,  25135.0586,
       1,     166,     256,      23,       1,       3,       1,     10.0000,      1.3836,     42.3459,    244.1281,     61.4381,      3.4953,      0.0000,     -0.0306,      3.2130,      0.1286,      5.4831,     10.9662,      1.1360,     27.8685,     55.7370,      0.0189,      0.0026,      0.0156,      0.2015,   7540.5181,-423944.6562,   -919.5975,    540.9681,  25135.0586,
       1,     166,     256,      24,       1,       3,       1,     10.0000,      1.3836,     42.3459,    244.1281,     61.4381,      3.4953,      0.0000,     -0.0305,      0.5399,      0.1256,      5.4831,     10.9662,      1.1097,     27.8685,     55.7370,      0.0189,      0.0004,      0.0156,      0.2015,   7540.5181,-420637.6562,   -919.1226,    541.1917,  25135.0566,
       1,     166,     257,       1,       1,       3,       1,     10.0000,      1.3836,     42.3462,    244.1338,     61.4396,      3.4953,      0.0000,     -0.0303,      0.4538,      0.1221,      5.4829,     10.9658,      1.0786,     27.8767,     55.7534,      0.0189,      0.0004,      0.0156,      0.2015,   7540.5171,-417140.1875,   -918.7522,    541.4412,  25136.1816,
       1,     166,     257,       2,       1,       3,       1,     10.0000,      1.3836,     42.3462,    244.1338,     61.4396,      3.4953,      0.0000,     -0.0305,      0.6190,      0.1269,      5.4829,     10.9658,      1.1211,     27.8767,     55.7534,      0.0189,      0.0005,      0.0156,      0.2015,   7540.8550,-416580.8125,   -918.4028,    541.4790,  25136.1816,
       1,     166,     257,       3,       1,       3,       1,     10.0000,      1.3836,     42.3462,    244.1338,     61.4396,      3.4953,      0.0000,     -0.0305,      0.3040,      0.1271,      5.4829,     10.9658,      1.1234,     27.8767,     55.7534,      0.0189,      0.0002,      0.0156,      0.2015,   7540.8550,-416741.4375,   -918.4565,    541.4682,  25136.1797,
       1,     166,     257,       4,       1,       3,       1,     10.0000,      1.3836,     42.3462,    244.1338,     61.4396,      3.4953,      0.0000,     -0.0305,      0.3036,      0.1270,      5.4829,     10.9658,      1.1223,     27.8767,     55.7534,      0.0189,      0.0002,      0.0156,      0.2015,   7540.8540,-416358.0000,   -918.3879,    541.4941,  25136.1816,
       1,     166,     257,       5,       1,       3,       1,     10.0000,      1.3836,     42.3462,    244.1338,     61.4396,      3.4953,      0.0000,     -0.0305,      0.3050,      0.1275,      5.4829,     10.9658,      1.1268,     27.8767,     55.7534,      0.0189,      0.0002,      0.0156,      0.2015,   7540.8550,-416324.6875,   -918.3827,    541.4964,  25136.1816,
       1,     166,     257,       6,       1,       3,       1,     10.0000,      1.3836,     42.3462,    244.1338,     61.4396,      3.4953,      0.0000,     -0.0305,      0.3019,      0.1264,      5.4829,     10.9658,      1.1166,     27.8767,     55.7534,      0.0189,      0.0002,      0.0156,      0.2015,   7540.8550,-416323.5625,   -918.3840,    541.4964,  25136.1816,
       1,     166,     257,       7,       1,       3,       1,     10.0000,      1.3836,     42.3462,    244.1338,     61.4396,      3.4953,      0.0000,     -0.0304,      0.2963,      0.1243,      5.4829,     10.9658,      1.0985,     27.8767,     55.7534,      0.0189,      0.0002,      0.0156,      0.2015,   7540.8550,-416319.5625,   -918.3848,    541.4966,  25136.1816,
       1,     166,     257,       8,       1,       3,       1,     10.0000,      1.3836,     42.3462,    244.1338,     61.4396,      3.4953,      0.0092,     -0.0212,      0.2956,      0.1241,      5.4829,     10.9658,      1.0963,     27.8767,     55.7534,      0.0189,      0.0002,      0.0156,      0.2015,   7540.8550,-416312.2812,   -918.3849,    541.4973,  25136.1836,
       1,     166,     257,       9,       1,       3,       1,     10.0000,      1.3836,     42.3462,    244.1338,     61.4396,      3.4953,      0.0756,      0.0451,      1.7536,      0.1257,      5.4829,     10.9658,      1.1109,     27.8767,     55.7534,      0.0189,      0.0002,      0.0912,      0.2015,   7540.8555,-416310.2500,   -918.4097,    541.4974,  25136.1816,
       1,     166,     257,      10,       1,       3,       1,     10.0000,      1.3836,     42.3462,    244.1338,     61.4396,      3.4953,      0.1728,      0.1420,      4.7613,      0.1324,      5.4829,     10.9658,      1.1700,     27.8767,     55.7534,      0.0189,      0.0003,      0.2333,      0.2015,   7540.8550,-418148.7500,   -918.9456,    541.3729,  25136.1816,
       1,     166,     257,      11,       1,       3,       1,     10.0000,      1.3836,     42.3462,    244.1338,     61.4396,      3.4953,      0.1842,      0.1532,      5.3821,      0.1387,      5.4829,     10.9658,      1.2257,     27.8767,     55.7534,      0.0189,      0.0003,      0.2500,      0.2015,   7540.8550,-422097.9062,   -918.4215,    541.1057,  25136.1816,
       1,     166,     257,      12,       1,       3,       1,     10.0000,      1.3836,     42.3462,    244.1338,     61.4396,      3.4953,      0.1841,      0.1529,      5.7219,      0.1463,      5.4829,     10.9658,      1.2931,     27.8767,     55.7534,      0.0189,      0.0003,      0.2500,      0.2015,   7540.8550,-423217.7188,   -919.5154,    541.0300,  25136.1797,
       1,     166,     257,      13,       1,       3,       1,     10.0000,      1.3836,     42.3462,    244.1338,     61.4396,      3.4953,      0.1841,      0.1523,      6.4342,      0.1621,      5.4829,     10.9658,      1.4325,     27.8767,     55.7534,      0.0189,      0.0003,      0.2500,      0.2015,   7540.8540,-423741.7188,   -920.9957,    540.9946,  25136.1816,
       1,     166,     257,      14,       1,       3,       1,     10.0000,      1.3836,     42.3462,    244.1338,     61.4396,      3.4953,      0.1840,      0.1512,      7.8843,      0.1935,      5.4829,     10.9658,      1.7099,     27.8767,     55.7534,      0.0189,      0.0004,      0.2500,      0.2015,   7540.8550,-424684.3750,   -922.1207,    540.9308,  25136.1816,
       1,     166,     257,      15,       1,       3,       1,     10.0000,      1.3836,     42.3462,    244.1338,     61.4396,      3.4953,      0.1840,      0.1508,      9.1485,      0.2084,      5.4829,     10.9658,      1.8412,     27.8767,     55.7534,      0.0189,      0.0005,      0.2500,      0.2015,   7540.8550,-426593.3125,   -923.3712,    540.8018,  25136.1797,
       1,     166,     257,      16,       1,       3,       1,     10.0000,      1.3836,     42.3462,    244.1338,     61.4396,      3.4953,      0.1841,      0.1518,      8.9221,      0.1804,      5.4829,     10.9658,      1.5938,     27.8767,     55.7534,      0.0189,      0.0004,      0.2500,      0.2015,   7540.8540,-428350.3438,   -923.1357,    540.6830,  25136.1836,
       1,     166,     257,      17,       1,       3,       1,     10.0000,      1.3836,     42.3462,    244.1338,     61.4396,      3.4953,      0.1723,      0.1407,     15.4943,      0.1572,      5.4829,     10.9658,      1.3887,     27.8767,     55.7534,      0.0189,      0.0008,      0.2315,      0.2015,   7540.8555,-428214.2812,   -923.8095,    540.6922,  25136.1816,
       1,     166,     257,      18,       1,       3,       1,     10.0000,      1.3836,     42.3462,    244.1338,     61.4396,      3.4953,      0.0931,      0.0618,     15.8120,      0.1484,      5.4829,     10.9658,      1.3114,     27.8767,     55.7534,      0.0189,      0.0017,      0.1148,      0.2015,   7540.8550,-436490.4062,   -925.7005,    540.1329,  25136.1816,
       1,     166,     257,      19,       1,       3,       1,     10.0000,      1.3836,     42.3462,    244.1338,     61.4396,      3.4953,      0.1186,      0.0876,     38.9725,      0.1417,      5.4829,     10.9658,      1.2520,     27.8767,     55.7534,      0.0189,      0.0033,      0.1497,      0.2015,   7540.8550,-437597.5312,   -926.1496,    540.0584,  25136.1836,
       1,     166,     257,      20,       1,       3,       1,     10.0000,      1.3836,     42.3462,    244.1338,     61.4396,      3.4953,      0.0107,     -0.0202,      5.1940,      0.1355,      5.4829,     10.9658,      1.1976,     27.8767,     55.7534,      0.0189,      0.0042,      0.0156,      0.2015,   7540.8555,-466900.1562,   -932.1070,    538.0802,  25136.1816,
       1,     166,     257,      21,       1,       3,       1,     10.0000,      1.3836,     42.3462,    244.1338,     61.4396,      3.4953,      0.0000,     -0.0308,      3.0430,      0.1333,      5.4829,     10.9658,      1.1783,     27.8767,     55.7534,      0.0189,      0.0024,      0.0156,      0.2015,   7540.8550,-426788.8125,   -924.7910,    540.7817,  25136.1816,
       1,     166,     257,      22,       1,       3,       1,     10.0000,      1.3836,     42.3462,    244.1338,     61.4396,      3.4953,      0.0000,     -0.0306,      1.9353,      0.1286,      5.4829,     10.9658,      1.1360,     27.8767,     55.7534,      0.0189,      0.0015,      0.0156,      0.2015,   7540.8550,-420676.7500,   -923.7466,    541.2017,  25136.1836,
       1,     166,     257,      23,       1,       3,       1,     10.0000,      1.3836,     42.3462,    244.1338,     61.4396,      3.4953,      0.0000,     -0.0306,      2.0768,      0.1296,      5.4829,     10.9658,      1.1453,     27.8767,     55.7534,      0.0189,      0.0017,      0.0156,      0.2015,   7540.8555,-418750.1250,   -923.4409,    541.3322,  25136.1836,
       1,     166,     257,      24,       1,       3,       1,     10.0000,      1.3836,     42.3462,    244.1338,     61.4396,      3.4953,      0.0000,     -0.0306,      1.4951,      0.1287,      5.4829,     10.9658,      1.1372,     27.8767,     55.7534,      0.0189,      0.0012,      0.0156,      0.2015,   7540.8555,-418764.1562,   -923.5018,    541.3313,  25136.1816,
       1,     166,     258,       1,       1,       3,       1,     10.0000,      1.3837,     42.3466,    244.1396,     61.4410,      3.4953,      0.0000,     -0.0305,      1.1535,      0.1256,      5.4827,     10.9654,      1.1098,     27.8818,     55.7636,      0.0189,      0.0009,      0.0156,      0.2015,   7540.8550,-418187.5312,   -923.7052,    541.3830,  25137.3086,
       1,     166,     258,       2,       1,       3,       1,     10.0000,      1.3837,     42.3466,    244.1396,     61.4410,      3.4953,      0.0000,     -0.0303,      0.6789,      0.1227,      5.4827,     10.9654,      1.0841,     27.8818,     55.7636,      0.0189,      0.0005,      0.0156,      0.2015,   7541.1929,-417554.9062,   -923.3556,    541.4257,  25137.3066,
       1,     166,     258,       3,       1,       3,       1,     10.0000,      1.3837,     42.3466,    244.1396,     61.4410,      3.4953,      0.0000,     -0.0303,      0.3295,      0.1219,      5.4827,     10.9654,      1.0775,     27.8818,     55.7636,      0.0189,      0.0003,      0.0156,      0.2015,   7541.1924,-416903.0938,   -923.2473,    541.4699,  25137.3086,
       1,     166,     258,       4,       1,       3,       1,     10.0000,      1.3837,     42.3466,    244.1396,     61.4410,      3.4953,      0.0000,     -0.0302,      0.3751,      0.1194,      5.4827,     10.9654,      1.0547,     27.8818,     55.7636,      0.0189,      0.0003,      0.0156,      0.2015,   7541.1929,-416406.6250,   -923.1560,    541.5035,  25137.3086,
       1,     166,     258,       5,       1,       3,       1,     10.0000,      1.3837,     42.3466,    244.1396,     61.4410,      3.4953,      0.0000,     -0.0301,      0.2734,      0.1159,      5.4827,     10.9654,      1.0239,     27.8818,     55.7636,      0.0189,      0.0002,      0.0156,      0.2015,   7541.1929,-416421.8438,   -923.1627,    541.5024,  25137.3066,
       1,     166,     258,       6,       1,       3,       1,     10.0000,      1.3837,     42.3466,    244.1396,     61.4410,      3.4953,      0.0000,     -0.0301,      0.2903,      0.1171,      5.4827,     10.9654,      1.0344,     27.8818,     55.7636,      0.0189,      0.0002,      0.0156,      0.2015,   7541.1924,-416295.2188,   -923.1411,    541.5110,  25137.3105,
       1,     166,     258,       7,       1,       3,       1,     10.0000,      1.3837,     42.3466,    244.1396,     61.4410,      3.4953,      0.0000,     -0.0300,      0.3448,      0.1133,      5.4827,     10.9654,      1.0011,     27.8818,     55.7636,      0.0189,      0.0003,      0.0156,      0.2015,   7541.1934,-416305.1250,   -923.1437,    541.5104,  25137.3066,
       1,     166,     258,       8,       1,       3,       1,     10.0000,      1.3837,     42.3466,    244.1396,     61.4410,      3.4953,      0.0087,     -0.0212,      0.2704,      0.1114,      5.4827,     10.9654,      0.9848,     27.8818,     55.7636,      0.0189,      0.0002,      0.0156,      0.2015,   7541.1924,-416375.2500,   -923.1624,    541.5056,  25137.3105,
       1,     166,     258,       9,       1,       3,       1,     10.0000,      1.3837,     42.3466,    244.1396,     61.4410,      3.4953,      0.0584,      0.0282,      1.3946,      0.1200,      5.4827,     10.9654,      1.0601,     27.8818,     55.7636,      0.0189,      0.0003,      0.0662,      0.2015,   7541.1934,-416286.9062,   -923.1508,    541.5116,  25137.3105,
       1,     166,     258,      10,       1,       3,       1,     10.0000,      1.3837,     42.3466,    244.1396,     61.4410,      3.4953,      0.1124,      0.0809,      4.2764,      0.1540,      5.4827,     10.9654,      1.3612,     27.8818,     55.7636,      0.0189,      0.0004,      0.1445,      0.2015,   7541.1934,-417696.5625,   -923.4612,    541.4162,  25137.3086,
       1,     166,     258,      11,       1,       3,       1,     10.0000,      1.3837,     42.3466,    244.1396,     61.4410,      3.4953,      0.1749,      0.1424,      7.4348,      0.1867,      5.4827,     10.9654,      1.6501,     27.8818,     55.7636,      0.0189,      0.0004,      0.2366,      0.2015,   7541.1929,-421450.0000,   -924.2894,    541.1622,  25137.3086,
       1,     166,     258,      12,       1,       3,       1,     10.0000,      1.3837,     42.3466,    244.1396,     61.4410,      3.4953,      0.1843,      0.1518,     10.5984,      0.1842,      5.4827,     10.9654,      1.6274,     27.8818,     55.7636,      0.0189,      0.0005,      0.2500,      0.2015,   7541.1929,-425752.2812,   -925.3788,    540.8712,  25137.3086,
       1,     166,     258,      13,       1,       3,       1,     10.0000,      1.3837,     42.3466,    244.1396,     61.4410,      3.4953,      0.1844,      0.1514,     13.6434,      0.2015,      5.4827,     10.9654,      1.7806,     27.8818,     55.7636,      0.0189,      0.0007,      0.2500,      0.2015,   7541.1929,-430107.9062,   -926.4877,    540.5767,  25137.3086,
       1,     166,     258,      14,       1,       3,       1,     10.0000,      1.3837,     42.3466,    244.1396,     61.4410,      3.4953,      0.1848,      0.1519,     18.9562,      0.1993,      5.4827,     10.9654,      1.7614,     27.8818,     55.7636,      0.0189,      0.0009,      0.2500,      0.2015,   7541.1929,-434319.0000,   -927.5681,    540.2923,  25137.3086,
       1,     166,     258,      15,       1,       3,       1,     10.0000,      1.3837,     42.3466,    244.1396,     61.4410,      3.4953,      0.1252,      0.0921,     34.7022,      0.2031,      5.4827,     10.9654,      1.7947,     27.8818,     55.7636,      0.0189,      0.0027,      0.1594,      0.2015,   7541.1929,-441377.1562,   -929.2283,    539.8157,  25137.3066,
       1,     166,     258,      16,       1,       3,       1,     10.0000,      1.3837,     42.3466,    244.1396,     61.4410,      3.4953,      0.0523,      0.0194,     19.2056,      0.1989,      5.4827,     10.9654,      1.7579,     27.8818,     55.7636,      0.0189,      0.0046,      0.0527,      0.2015,   7541.1924,-461836.6250,   -933.3602,    538.4354,  25137.3086,
       1,     166,     258,      17,       1,       3,       1,     10.0000,      1.3837,     42.3466,    244.1396,     61.4410,      3.4953,      0.0617,      0.0287,     23.2174,      0.2021,      5.4827,     10.9654,      1.7859,     27.8818,     55.7636,      0.0189,      0.0044,      0.0662,      0.2015,   7541.1929,-444035.1875,   -930.1495,    539.6352,  25137.3086,
       1,     166,     258,      18,       1,       3,       1,     10.0000,      1.3837,     42.3466,    244.1396,     61.4410,      3.4953,      0.0528,      0.0203,     19.7987,      0.1834,      5.4827,     10.9654,      1.6209,     27.8818,     55.7636,      0.0189,      0.0046,      0.0538,      0.2015,   7541.1929,-447581.0625,   -930.9987,    539.3974,  25137.3086,
       1,     166,     258,      19,       1,       3,       1,     10.0000,      1.3837,     42.3466,    244.1396,     61.4410,      3.4953,      0.0367,      0.0052,     11.2047,      0.1534,      5.4827,     10.9654,      1.3557,     27.8818,     55.7636,      0.0189,      0.0044,      0.0320,      0.2015,   7541.1929,-443569.7500,   -928.8875,    539.6679,  25137.3086,
       1,     166,     258,      20,       1,       3,       1,     10.0000,      1.3837,     42.3466,    244.1396,     61.4410,      3.4953,      0.0052,     -0.0257,      5.1044,      0.1389,      5.4827,     10.9654,      1.2270,     27.8818,     55.7636,      0.0189,      0.0041,      0.0156,      0.2015,   7541.1929,-432390.2812,   -915.7946,    540.4221,  25137.3086,
       1,     166,     258,      21,       1,       3,       1,     10.0000,      1.3837,     42.3466,    244.1396,     61.4410,      3.4953,      0.0000,     -0.0305,      4.4285,      0.1271,      5.4827,     10.9654,      1.1234,     27.8818,     55.7636,      0.0189,      0.0035,      0.0156,      0.2015,   7541.1929,-423747.1562,   -912.0000,    541.0065,  25137.3086,
       1,     166,     258,      22,       1,       3,       1,     10.0000,      1.3837,     42.3466,    244.1396,     61.4410,      3.4953,      0.0000,     -0.0303,      4.3523,      0.1228,      5.4827,     10.9654,      1.0852,     27.8818,     55.7636,      0.0189,      0.0035,      0.0156,      0.2015,   7541.1929,-422158.4062,   -911.6840,    541.1143,  25137.3105,
       1,     166,     258,      23,       1,       3,       1,     10.0000,      1.3837,     42.3466,    244.1396,     61.4410,      3.4953,      0.0000,     -0.0302,      3.1685,      0.1189,      5.4827,     10.9654,      1.0504,     27.8818,     55.7636,      0.0189,      0.0025,      0.0156,      0.2015,   7541.1934,-421926.3125,   -911.5572,    541.1300,  25137.3086,
       1,     166,     258,      24,       1,       3,       1,     10.0000,      1.3837,     42.3466,    244.1396,     61.4410,      3.4953,      0.0000,     -0.0302,      1.2756,      0.1191,      5.4827,     10.9654,      1.0525,     27.8818,     55.7636,      0.0189,      0.0010,      0.0156,      0.2015,   7541.1929,-420414.1250,   -911.4127,    541.2322,  25137.3086,
       1,     166,     259,       1,       1,       3,       1,     10.0000,      1.3837,     42.3469,    244.1453,     61.4425,      3.4953,      0.0000,     -0.0304,      0.5321,      0.1229,      5.4842,     10.9684,      1.0863,     27.8741,     55.7481,      0.0189,      0.0004,      0.0156,      0.2016,   7541.1929,-418054.5938,   -910.7145,    541.4048,  25138.4336,
       1,     166,     259,       2,       1,       3,       1,     10.0000,      1.3837,     42.3469,    244.1453,     61.4425,      3.4953,      0.0000,     -0.0305,      0.3070,      0.1265,      5.4842,     10.9684,      1.1178,     27.8741,     55.7481,      0.0189,      0.0002,      0.0156,      0.2016,   7541.5303,-416763.5312,   -910.2651,    541.4922,  25138.4336,
       1,     166,     259,       3,       1,       3,       1,     10.0000,      1.3837,     42.3469,    244.1453,     61.4425,      3.4953,      0.0000,     -0.0304,      0.2987,      0.1252,      5.4842,     10.9684,      1.1064,     27.8741,     55.7481,      0.0189,      0.0002,      0.0156,      0.2016,   7541.5303,-416369.6875,   -910.1968,    541.5189,  25138.4336,
       1,     166,     259,       4,       1,       3,       1,     10.0000,      1.3837,     42.3469,    244.1453,     61.4425,      3.4953,      0.0000,     -0.0304,      0.2970,      0.1246,      5.4842,     10.9684,      1.1008,     27.8741,     55.7481,      0.0189,      0.0002,      0.0156,      0.2016,   7541.5303,-416325.6250,   -910.1902,    541.5219,  25138.4336,
       1,     166,     259,       5,       1,       3,       1,     10.0000,      1.3837,     42.3469,    244.1453,     61.4425,      3.4953,      0.0000,     -0.0305,      0.3040,      0.1271,      5.4842,     10.9684,      1.1235,     27.8741,     55.7481,      0.0189,      0.0002,      0.0156,      0.2016,   7541.5303,-416319.6562,   -910.1905,    541.5222,  25138.4336,
       1,     166,     259,       6,       1,       3,       1,     10.0000,      1.3837,     42.3469,    244.1453,     61.4425,      3.4953,      0.0000,     -0.0305,      0.3054,      0.1277,      5.4842,     10.9684,      1.1280,     27.8741,     55.7481,      0.0189,      0.0002,      0.0156,      0.2016,   7541.5303,-416328.0000,   -910.0767,    541.5217,  25138.4316,
       1,     166,     259,       7,       1,       3,       1,     10.0000,      1.3837,     42.3469,    244.1453,     61.4425,      3.4953,      0.0000,     -0.0306,      0.3086,      0.1288,      5.4842,     10.9684,      1.1384,     27.8741,     55.7481,      0.0189,      0.0002,      0.0156,      0.2016,   7541.5298,-416330.6562,   -910.0774,    541.5214,  25138.4336,
       1,     166,     259,       8,       1,       3,       1,     10.0000,      1.3837,     42.3469,    244.1453,     61.4425,      3.4953,      0.0114,     -0.0192,      0.3140,      0.1308,      5.4842,     10.9684,      1.1559,     27.8741,     55.7481,      0.0189,      0.0003,      0.0156,      0.2016,   7541.5303,-416334.8125,   -910.0795,    541.5212,  25138.4336,
       1,     166,     259,       9,       1,       3,       1,     10.0000,      1.3837,     42.3469,    244.1453,     61.4425,      3.4953,      0.1084,      0.0777,      3.2557,      0.1325,      5.4842,     10.9684,      1.1712,     27.8741,     55.7481,      0.0189,      0.0003,      0.1390,      0.2016,   7541.5303,-416341.9688,   -910.1280,    541.5207,  25138.4336,
       1,     166,     259,      10,       1,       3,       1,     10.0000,      1.3837,     42.3469,    244.1453,     61.4425,      3.4953,      0.1417,      0.1098,      5.3064,      0.1672,      5.4842,     10.9684,      1.4777,     27.8741,     55.7481,      0.0189,      0.0004,      0.1876,      0.2016,   7541.5303,-420050.5625,   -911.2355,    541.2697,  25138.4336,
       1,     166,     259,      11,       1,       3,       1,     10.0000,      1.3837,     42.3469,    244.1453,     61.4425,      3.4953,      0.1559,      0.1236,      6.0159,      0.1791,      5.4842,     10.9684,      1.5828,     27.8741,     55.7481,      0.0189,      0.0004,      0.2085,      0.2016,   7541.5303,-422952.0000,   -912.5764,    541.0734,  25138.4336,
       1,     166,     259,      12,       1,       3,       1,     10.0000,      1.3837,     42.3469,    244.1453,     61.4425,      3.4953,      0.1840,      0.1512,      7.8936,      0.1937,      5.4842,     10.9684,      1.7117,     27.8741,     55.7481,      0.0189,      0.0004,      0.2500,      0.2016,   7541.5303,-424094.0312,   -913.5021,    540.9962,  25138.4316,
       1,     166,     259,      13,       1,       3,       1,     10.0000,      1.3837,     42.3469,    244.1453,     61.4425,      3.4953,      0.1795,      0.1465,      8.1078,      0.2029,      5.4842,     10.9684,      1.7930,     27.8741,     55.7481,      0.0189,      0.0004,      0.2434,      0.2016,   7541.5298,-426558.6562,   -915.2481,    540.8296,  25138.4336,
       1,     166,     259,      14,       1,       3,       1,     10.0000,      1.3837,     42.3469,    244.1453,     61.4425,      3.4953,      0.1829,      0.1499,      8.2719,      0.2007,      5.4842,     10.9684,      1.7737,     27.8741,     55.7481,      0.0189,      0.0004,      0.2485,      0.2016,   7541.5303,-427038.6250,   -916.2044,    540.7971,  25138.4336,
       1,     166,     259,      15,       1,       3,       1,     10.0000,      1.3837,     42.3469,    244.1453,     61.4425,      3.4953,      0.1707,      0.1376,     39.7606,      0.2045,      5.4842,     10.9684,      1.8072,     27.8741,     55.7481,      0.0189,      0.0022,      0.2265,      0.2016,   7541.5303,-427286.4062,   -917.1142,    540.7803,  25138.4336,
       1,     166,     259,      16,       1,       3,       1,     10.0000,      1.3837,     42.3469,    244.1453,     61.4425,      3.4953,      0.1592,      0.1277,     42.0249,      0.1547,      5.4842,     10.9684,      1.3667,     27.8741,     55.7481,      0.0189,      0.0025,      0.2091,      0.2016,   7541.5303,-467004.6875,   -925.3376,    538.0956,  25138.4336,
       1,     166,     259,      17,       1,       3,       1,     10.0000,      1.3837,     42.3469,    244.1453,     61.4425,      3.4953,      0.1534,      0.1227,     45.8974,      0.1323,      5.4842,     10.9684,      1.1688,     27.8741,     55.7481,      0.0189,      0.0029,      0.2001,      0.2015,   7541.5303,-473264.0938,   -927.2938,    537.6812,  25138.4355,
       1,     166,     259,      18,       1,       3,       1,     10.0000,      1.3837,     42.3469,    244.1453,     61.4425,      3.4953,      0.1458,      0.1150,     50.9716,      0.1351,      5.4842,     10.9684,      1.1940,     27.8741,     55.7481,      0.0189,      0.0034,      0.1883,      0.2015,   7541.5308,-478673.6562,   -929.0980,    537.3177,  25138.4316,
       1,     166,     259,      19,       1,       3,       1,     10.0000,      1.3837,     42.3469,    244.1453,     61.4425,      3.4953,      0.0638,      0.0330,     20.0162,      0.1350,      5.4842,     10.9684,      1.1928,     27.8741,     55.7481,      0.0189,      0.0035,      0.0715,      0.2015,   7541.5298,-485536.1875,   -931.2041,    536.8569,  25138.4336,
       1,     166,     259,      20,       1,       3,       1,     10.0000,      1.3837,     42.3469,    244.1453,     61.4425,      3.4953,      0.0052,     -0.0256,      4.3572,      0.1338,      5.4842,     10.9684,      1.1820,     27.8741,     55.7481,      0.0189,      0.0035,      0.0156,      0.2015,   7541.5303,-447061.4062,   -924.6435,    539.4390,  25138.4355,
       1,     166,     259,      21,       1,       3,       1,     10.0000,      1.3837,     42.3469,    244.1453,     61.4425,      3.4953,      0.0000,     -0.0307,      2.5889,      0.1331,      5.4842,     10.9684,      1.1760,     27.8741,     55.7481,      0.0189,      0.0021,      0.0156,      0.2015,   7541.5308,-424060.9062,   -920.7079,    540.9962,  25138.4336,
       1,     166,     259,      22,       1,       3,       1,     10.0000,      1.3837,     42.3469,    244.1453,     61.4425,      3.4953,      0.0000,     -0.0306,      1.1798,      0.1284,      5.4842,     10.9684,      1.1349,     27.8741,     55.7481,      0.0189,      0.0009,      0.0156,      0.2016,   7541.5303,-419871.2188,   -920.0668,    541.2818,  25138.4336,
       1,     166,     259,      23,       1,       3,       1,     10.0000,      1.3837,     42.3469,    244.1453,     61.4425,      3.4953,      0.0000,     -0.0306,      1.3027,      0.1291,      5.4842,     10.9684,      1.1407,     27.8741,     55.7481,      0.0189,      0.0010,      0.0156,      0.2016,   7541.5303,-417735.0312,   -919.7140,    541.4264,  25138.4336,
       1,     166,     259,      24,       1,       3,       1,     10.0000,      1.3837,     42.3469,    244.1453,     61.4425,      3.4953,      0.0000,     -0.0307,      1.1690,      0.1327,      5.4842,     10.9684,      1.1724,     27.8741,     55.7481,      0.0189,      0.0009,      0.0156,      0.2016,   7541.5303,-417707.6250,   -919.7681,    541.4283,  25138.4316,
       1,     166,     260,       1,       1,       3,       1,     10.0000,      1.3837,     42.3472,    244.1511,     61.4439,      3.4953,      0.0000,     -0.0308,      1.1277,      0.1347,      5.4836,     10.9673,      1.1904,     27.8766,     55.7533,      0.0189,      0.0009,      0.0156,      0.2016,   7541.5298,-417692.1562,   -920.0865,    541.4421,  25139.5586,
       1,     166,     260,       2,       1,       3,       1,     10.0000,      1.3837,     42.3472,    244.1511,     61.4439,      3.4953,      0.0000,     -0.0308,      1.1012,      0.1340,      5.4836,     10.9673,      1.1844,     27.8766,     55.7533,      0.0189,      0.0009,      0.0156,      0.2016,   7541.8677,-417486.0938,   -919.8400,    541.4561,  25139.5605,
       1,     166,     260,       3,       1,       3,       1,     10.0000,      1.3837,     42.3472,    244.1511,     61.4439,      3.4953,      0.0000,     -0.0307,      0.4771,      0.1315,      5.4836,     10.9673,      1.1618,     27.8766,     55.7533,      0.0189,      0.0004,      0.0156,      0.2016,   7541.8687,-417434.8438,   -919.8776,    541.4595,  25139.5586,
       1,     166,     260,       4,       1,       3,       1,     10.0000,      1.3837,     42.3472,    244.1511,     61.4439,      3.4953,      0.0000,     -0.0306,      0.5259,      0.1295,      5.4836,     10.9673,      1.1442,     27.8766,     55.7533,      0.0189,      0.0004,      0.0156,      0.2016,   7541.8677,-416644.1875,   -919.7435,    541.5131,  25139.5605,
       1,     166,     260,       5,       1,       3,       1,     10.0000,      1.3837,     42.3472,    244.1511,     61.4439,      3.4953,      0.0000,     -0.0304,      0.7394,      0.1236,      5.4836,     10.9673,      1.0919,     27.8766,     55.7533,      0.0189,      0.0006,      0.0156,      0.2016,   7541.8687,-416637.9375,   -919.7573,    541.5135,  25139.5566,
       1,     166,     260,       6,       1,       3,       1,     10.0000,      1.3837,     42.3472,    244.1511,     61.4439,      3.4953,      0.0000,     -0.0304,      1.0779,      0.1238,      5.4836,     10.9673,      1.0942,     27.8766,     55.7533,      0.0189,      0.0009,      0.0156,      0.2016,   7541.8672,-416907.0312,   -919.8344,    541.4952,  25139.5586,
       1,     166,     260,       7,       1,       3,       1,     10.0000,      1.3837,     42.3472,    244.1511,     61.4439,      3.4953,      0.0000,     -0.0304,      0.9927,      0.1253,      5.4836,     10.9673,      1.1076,     27.8766,     55.7533,      0.0189,      0.0008,      0.0156,      0.2016,   7541.8677,-417356.2812,   -919.9652,    541.4649,  25139.5586,
       1,     166,     260,       8,       1,       3,       1,     10.0000,      1.3837,     42.3472,    244.1511,     61.4439,      3.4953,      0.0097,     -0.0206,      0.8024,      0.1234,      5.4836,     10.9673,      1.0908,     27.8766,     55.7533,      0.0189,      0.0006,      0.0156,      0.2016,   7541.8677,-417287.1250,   -919.9927,    541.4695,  25139.5586,
       1,     166,     260,       9,       1,       3,       1,     10.0000,      1.3837,     42.3472,    244.1511,     61.4439,      3.4953,      0.1060,      0.0752,      5.3098,      0.1349,      5.4836,     10.9673,      1.1916,     27.8766,     55.7533,      0.0189,      0.0005,      0.1352,      0.2016,   7541.8677,-417041.4062,   -919.9930,    541.4862,  25139.5586,
       1,     166,     260,      10,       1,       3,       1,     10.0000,      1.3837,     42.3472,    244.1511,     61.4439,      3.4953,      0.1728,      0.1405,      6.7772,      0.1781,      5.4836,     10.9673,      1.5734,     27.8766,     55.7533,      0.0189,      0.0004,      0.2334,      0.2016,   7541.8677,-422701.3438,   -921.2430,    541.1031,  25139.5566,
       1,     166,     260,      11,       1,       3,       1,     10.0000,      1.3837,     42.3472,    244.1511,     61.4439,      3.4953,      0.1840,      0.1513,      8.0708,      0.1912,      5.4836,     10.9673,      1.6899,     27.8766,     55.7533,      0.0189,      0.0004,      0.2500,      0.2016,   7541.8672,-425034.4688,   -922.2233,    540.9454,  25139.5586,
       1,     166,     260,      12,       1,       3,       1,     10.0000,      1.3837,     42.3472,    244.1511,     61.4439,      3.4953,      0.1842,      0.1512,     10.4548,      0.1984,      5.4836,     10.9673,      1.7528,     27.8766,     55.7533,      0.0189,      0.0005,      0.2500,      0.2016,   7541.8677,-426863.5000,   -923.2309,    540.8217,  25139.5566,
       1,     166,     260,      13,       1,       3,       1,     10.0000,      1.3837,     42.3472,    244.1511,     61.4439,      3.4953,      0.1840,      0.1509,      8.3451,      0.2033,      5.4836,     10.9673,      1.7966,     27.8766,     55.7533,      0.0189,      0.0004,      0.2500,      0.2016,   7541.8672,-430024.9688,   -924.3565,    540.6080,  25139.5586,
       1,     166,     260,      14,       1,       3,       1,     10.0000,      1.3837,     42.3472,    244.1511,     61.4439,      3.4953,      0.1844,      0.1523,     12.1373,      0.1746,      5.4836,     10.9673,      1.5424,     27.8766,     55.7533,      0.0189,      0.0006,      0.2500,      0.2016,   7541.8677,-427634.6875,   -924.3987,    540.7696,  25139.5586,
       1,     166,     260,      15,       1,       3,       1,     10.0000,      1.3837,     42.3472,    244.1511,     61.4439,      3.4953,      0.1875,      0.1573,     44.2484,      0.1189,      5.4836,     10.9673,      1.0504,     27.8766,     55.7533,      0.0189,      0.0022,      0.2500,      0.2016,   7541.8677,-432211.2188,   -913.8400,    540.4603,  25139.5586,
       1,     166,     260,      16,       1,       3,       1,     10.0000,      1.3837,     42.3472,    244.1511,     61.4439,      3.4953,      0.1834,      0.1533,     57.9355,      0.1153,      5.4836,     10.9673,      1.0187,     27.8766,     55.7533,      0.0189,      0.0030,      0.2424,      0.2016,   7541.8677,-473081.2500,   -921.9269,    537.6993,  25139.5586,
       1,     166,     260,      17,       1,       3,       1,     10.0000,      1.3837,     42.3472,    244.1511,     61.4439,      3.4953,      0.0664,      0.0361,     20.6590,      0.1236,      5.4836,     10.9673,      1.0919,     27.8766,     55.7533,      0.0189,      0.0034,      0.0756,      0.2015,   7541.8677,-493847.3125,   -927.1779,    536.3105,  25139.5605,
       1,     166,     260,      18,       1,       3,       1,     10.0000,      1.3837,     42.3472,    244.1511,     61.4439,      3.4953,      0.0341,      0.0035,      7.9474,      0.1311,      5.4836,     10.9673,      1.1582,     27.8766,     55.7533,      0.0189,      0.0034,      0.0295,      0.2015,   7541.8687,-448574.5000,   -919.7750,    539.3474,  25139.5566,
       1,     166,     260,      19,       1,       3,       1,     10.0000,      1.3837,     42.3472,    244.1511,     61.4439,      3.4953,      0.0029,     -0.0280,      3.2650,      0.1362,      5.4836,     10.9673,      1.2037,     27.8766,     55.7533,      0.0189,      0.0026,      0.0156,      0.2016,   7541.8672,-428721.7500,   -916.7496,    540.6945,  25139.5586,
       1,     166,     260,      20,       1,       3,       1,     10.0000,      1.3837,     42.3472,    244.1511,     61.4439,      3.4953,      0.0016,     -0.0291,      0.3144,      0.1309,      5.4836,     10.9673,      1.1571,     27.8766,     55.7533,      0.0189,      0.0003,      0.0156,      0.2016,   7541.8677,-421122.0938,   -915.6523,    541.2098,  25139.5586,
       1,     166,     260,      21,       1,       3,       1,     10.0000,      1.3837,     42.3472,    244.1511,     61.4439,      3.4953,      0.0000,     -0.0305,      0.3898,      0.1262,      5.4836,     10.9673,      1.1155,     27.8766,     55.7533,      0.0189,      0.0003,      0.0156,      0.2016,   7541.8677,-416753.6562,   -914.8690,    541.5056,  25139.5586,
       1,     166,     260,      22,       1,       3,       1,     10.0000,      1.3837,     42.3472,    244.1511,     61.4439,      3.4953,      0.0000,     -0.0304,      0.4763,      0.1251,      5.4836,     10.9673,      1.1053,     27.8766,     55.7533,      0.0189,      0.0004,      0.0156,      0.2016,   7541.8677,-416475.9688,   -914.8276,    541.5244,  25139.5586,
       1,     166,     260,      23,       1,       3,       1,     10.0000,      1.3837,     42.3472,    244.1511,     61.4439,      3.4953,      0.0000,     -0.0304,      0.5091,      0.1250,      5.4836,     10.9673,      1.1042,     27.8766,     55.7533,      0.0189,      0.0004,      0.0156,      0.2016,   7541.8677,-416561.3125,   -914.8583,    541.5187,  25139.5586,
       1,     166,     260,      24,       1,       3,       1,     10.0000,      1.3837,     42.3472,    244.1511,     61.4439,      3.4953,      0.0000,     -0.0305,      0.6388,      0.1270,      5.4836,     10.9673,      1.1223,     27.8766,     55.7533,      0.0189,      0.0005,      0.0156,      0.2016,   7541.8677,-416609.8125,   -914.8812,    541.5154,  25139.5586,
       1,     166,     261,       1,       1,       3,       1,     10.0000,      1.3837,     42.3476,    244.1569,     61.4454,      3.4953,      0.0000,     -0.0306,      0.3722,      0.1283,      5.4841,     10.9682,      1.1338,     27.8755,     55.7509,      0.0189,      0.0003,      0.0156,      0.2016,   7541.8677,-416932.8750,   -915.2212,    541.5063,  25140.6836,
       1,     166,     261,       2,       1,       3,       1,     10.0000,      1.3837,     42.3476,    244.1569,     61.4454,      3.4953,      0.0000,     -0.0305,      0.3029,      0.1268,      5.4841,     10.9682,      1.1201,     27.8755,     55.7509,      0.0189,      0.0002,      0.0156,      0.2016,   7542.2056,-416471.9688,   -914.8878,    541.5375,  25140.6836,
       1,     166,     261,       3,       1,       3,       1,     10.0000,      1.3837,     42.3476,    244.1569,     61.4454,      3.4953,      0.0000,     -0.0304,      0.2949,      0.1238,      5.4841,     10.9682,      1.0942,     27.8755,     55.7509,      0.0189,      0.0002,      0.0156,      0.2016,   7542.2056,-416345.3438,   -914.8660,    541.5461,  25140.6836,
       1,     166,     261,       4,       1,       3,       1,     10.0000,      1.3837,     42.3476,    244.1569,     61.4454,      3.4953,      0.0000,     -0.0304,      0.2963,      0.1243,      5.4841,     10.9682,      1.0986,     27.8755,     55.7509,      0.0189,      0.0002,      0.0156,      0.2016,   7542.2056,-416324.4375,   -914.8639,    541.5475,  25140.6816,
       1,     166,     261,       5,       1,       3,       1,     10.0000,      1.3837,     42.3476,    244.1569,     61.4454,      3.4953,      0.0000,     -0.0304,      0.2970,      0.1246,      5.4841,     10.9682,      1.1009,     27.8755,     55.7509,      0.0189,      0.0002,      0.0156,      0.2016,   7542.2046,-416324.5625,   -914.8657,    541.5474,  25140.6855,
       1,     166,     261,       6,       1,       3,       1,     10.0000,      1.3837,     42.3476,    244.1569,     61.4454,      3.4953,      0.0000,     -0.0303,      0.2898,      0.1219,      5.4841,     10.9682,      1.0776,     27.8755,     55.7509,      0.0189,      0.0002,      0.0156,      0.2016,   7542.2061,-416325.1250,   -914.8666,    541.5474,  25140.6836,
       1,     166,     261,       7,       1,       3,       1,     10.0000,      1.3837,     42.3476,    244.1569,     61.4454,      3.4953,      0.0000,     -0.0303,      0.2919,      0.1227,      5.4841,     10.9682,      1.0842,     27.8755,     55.7509,      0.0189,      0.0002,      0.0156,      0.2016,   7542.2056,-416316.3750,   -914.8667,    541.5480,  25140.6816,
       1,     166,     261,       8,       1,       3,       1,     10.0000,      1.3837,     42.3476,    244.1569,     61.4454,      3.4953,      0.0011,     -0.0292,      0.2936,      0.1233,      5.4841,     10.9682,      1.0897,     27.8755,     55.7509,      0.0189,      0.0002,      0.0156,      0.2016,   7542.2046,-416318.3438,   -914.8686,    541.5479,  25140.6855,
       1,     166,     261,       9,       1,       3,       1,     10.0000,      1.3837,     42.3476,    244.1569,     61.4454,      3.4953,      0.0088,     -0.0222,      0.3390,      0.1399,      5.4841,     10.9682,      1.2358,     27.8755,     55.7509,      0.0189,      0.0003,      0.0156,      0.2016,   7542.2061,-416320.2500,   -914.8730,    541.5477,  25140.6836,
       1,     166,     261,      10,       1,       3,       1,     10.0000,      1.3837,     42.3476,    244.1569,     61.4454,      3.4953,      0.0359,      0.0038,      0.8591,      0.1716,      5.4841,     10.9682,      1.5166,     27.8755,     55.7509,      0.0189,      0.0003,      0.0313,      0.2016,   7542.2056,-416377.8438,   -914.9087,    541.5438,  25140.6836,
       1,     166,     261,      11,       1,       3,       1,     10.0000,      1.3837,     42.3476,    244.1569,     61.4454,      3.4953,      0.0814,      0.0488,      2.9597,      0.1862,      5.4841,     10.9682,      1.6453,     27.8755,     55.7509,      0.0189,      0.0004,      0.0981,      0.2016,   7542.2056,-417038.1875,   -915.1508,    541.4991,  25140.6836,
       1,     166,     261,      12,       1,       3,       1,     10.0000,      1.3837,     42.3476,    244.1569,     61.4454,      3.4953,      0.1342,      0.1011,      5.9947,      0.2068,      5.4841,     10.9682,      1.8270,     27.8755,     55.7509,      0.0189,      0.0004,      0.1762,      0.2016,   7542.2056,-419741.7188,   -915.8635,    541.3162,  25140.6836,
       1,     166,     261,      13,       1,       3,       1,     10.0000,      1.3837,     42.3476,    244.1569,     61.4454,      3.4953,      0.1568,      0.1234,      7.4221,      0.2140,      5.4841,     10.9682,      1.8909,     27.8755,     55.7509,      0.0189,      0.0004,      0.2096,      0.2016,   7542.2056,-423797.1562,   -917.0694,    541.0417,  25140.6836,
       1,     166,     261,      14,       1,       3,       1,     10.0000,      1.3837,     42.3476,    244.1569,     61.4454,      3.4953,      0.1658,      0.1321,     13.9614,      0.2256,      5.4841,     10.9682,      1.9937,     27.8755,     55.7509,      0.0189,      0.0008,      0.2224,      0.2016,   7542.2056,-425942.1562,   -918.1041,    540.8967,  25140.6836,
       1,     166,     261,      15,       1,       3,       1,     10.0000,      1.3837,     42.3476,    244.1569,     61.4454,      3.4953,      0.1747,      0.1432,     38.5643,      0.1534,      5.4841,     10.9682,      1.3558,     27.8755,     55.7509,      0.0189,      0.0021,      0.2323,      0.2016,   7542.2056,-434366.9375,   -920.3592,    540.3271,  25140.6816,
       1,     166,     261,      16,       1,       3,       1,     10.0000,      1.3837,     42.3476,    244.1569,     61.4454,      3.4953,      0.1794,      0.1494,     45.9065,      0.1158,      5.4841,     10.9682,      1.0229,     27.8755,     55.7509,      0.0189,      0.0024,      0.2380,      0.2016,   7542.2046,-466098.0312,   -927.0038,    538.1843,  25140.6836,
       1,     166,     261,      17,       1,       3,       1,     10.0000,      1.3837,     42.3476,    244.1569,     61.4454,      3.4953,      0.1550,      0.1248,     60.8493,      0.1199,      5.4841,     10.9682,      1.0591,     27.8755,     55.7509,      0.0189,      0.0038,      0.2006,      0.2016,   7542.2056,-478071.5000,   -930.1877,    537.3831,  25140.6836,
       1,     166,     261,      18,       1,       3,       1,     10.0000,      1.3837,     42.3476,    244.1569,     61.4454,      3.4953,      0.1269,      0.0963,     54.2062,      0.1292,      5.4841,     10.9682,      1.1419,     27.8755,     55.7509,      0.0189,      0.0042,      0.1602,      0.2016,   7542.2056,-497933.9688,   -928.1323,    536.0494,  25140.6855,
       1,     166,     261,      19,       1,       3,       1,     10.0000,      1.3837,     42.3476,    244.1569,     61.4454,      3.4953,      0.0662,      0.0355,     25.8228,      0.1327,      5.4841,     10.9682,      1.1725,     27.8755,     55.7509,      0.0189,      0.0043,      0.0744,      0.2015,   7542.2061,-491244.7188,   -928.2263,    536.4993,  25140.6855,
       1,     166,     261,      20,       1,       3,       1,     10.0000,      1.3837,     42.3476,    244.1569,     61.4454,      3.4953,      0.0075,     -0.0231,      3.3569,      0.1292,      5.4841,     10.9682,      1.1419,     27.8755,     55.7509,      0.0189,      0.0027,      0.0156,      0.2016,   7542.2061,-454866.8438,   -922.5005,    538.9391,  25140.6836,
       1,     166,     261,      21,       1,       3,       1,     10.0000,      1.3837,     42.3476,    244.1569,     61.4454,      3.4953,      0.0000,     -0.0305,      2.0240,      0.1256,      5.4841,     10.9682,      1.1099,     27.8755,     55.7509,      0.0189,      0.0016,      0.0156,      0.2016,   7542.2056,-423464.4375,   -917.1514,    541.0601,  25140.6836,
       1,     166,     261,      22,       1,       3,       1,     10.0000,      1.3837,     42.3476,    244.1569,     61.4454,      3.4953,      0.0000,     -0.0304,      1.6450,      0.1242,      5.4841,     10.9682,      1.0975,     27.8755,     55.7509,      0.0189,      0.0013,      0.0156,      0.2016,   7542.2056,-419115.7500,   -916.5511,    541.3585,  25140.6836,
       1,     166,     261,      23,       1,       3,       1,     10.0000,      1.3837,     42.3476,    244.1569,     61.4454,      3.4953,      0.0000,     -0.0304,      0.4749,      0.1253,      5.4841,     10.9682,      1.1076,     27.8755,     55.7509,      0.0189,      0.0004,      0.0156,      0.2016,   7542.2056,-418262.2500,   -916.5524,    541.4163,  25140.6836,
       1,     166,     261,      24,       1,       3,       1,     10.0000,      1.3837,     42.3476,    244.1569,     61.4454,      3.4953,      0.0000,     -0.0305,      0.3179,      0.1261,      5.4841,     10.9682,      1.1144,     27.8755,     55.7509,      0.0189,      0.0003,      0.0156,      0.2016,   7542.2056,-416714.7188,   -916.2922,    541.5210,  25140.6816,
       1,     166,     262,       1,       1,       3,       1,     10.0000,      1.3838,     42.3479,    244.1626,     61.4468,      3.4953,      0.0000,     -0.0304,      0.2963,      0.1243,      5.4847,     10.9695,      1.0987,     27.8690,     55.7381,      0.0189,      0.0002,      0.0156,      0.2016,   7542.2046,-416540.6875,   -916.5242,    541.5456,  25141.8086,
       1,     166,     262,       2,       1,       3,       1,     10.0000,      1.3838,     42.3479,    244.1626,     61.4468,      3.4953,      0.0000,     -0.0304,      0.2946,      0.1237,      5.4847,     10.9695,      1.0931,     27.8690,     55.7381,      0.0189,      0.0002,      0.0156,      0.2016,   7542.5430,-416345.9688,   -916.2333,    541.5589,  25141.8105,
       1,     166,     262,       3,       1,       3,       1,     10.0000,      1.3838,     42.3479,    244.1626,     61.4468,      3.4953,      0.0000,     -0.0303,      0.2888,      0.1216,      5.4847,     10.9695,      1.0743,     27.8690,     55.7381,      0.0189,      0.0002,      0.0156,      0.2016,   7542.5435,-416326.8125,   -916.2308,    541.5602,  25141.8086,
       1,     166,     262,       4,       1,       3,       1,     10.0000,      1.3838,     42.3479,    244.1626,     61.4468,      3.4953,      0.0000,     -0.0302,      0.3674,      0.1199,      5.4847,     10.9695,      1.0591,     27.8690,     55.7381,      0.0189,      0.0003,      0.0156,      0.2016,   7542.5430,-416318.0938,   -916.2310,    541.5607,  25141.8066,
       1,     166,     262,       5,       1,       3,       1,     10.0000,      1.3838,     42.3479,    244.1626,     61.4468,      3.4953,      0.0000,     -0.0303,      0.5402,      0.1208,      5.4847,     10.9695,      1.0678,     27.8690,     55.7381,      0.0189,      0.0004,      0.0156,      0.2016,   7542.5425,-416416.6250,   -916.2581,    541.5541,  25141.8086,
       1,     166,     262,       6,       1,       3,       1,     10.0000,      1.3838,     42.3479,    244.1626,     61.4468,      3.4953,      0.0000,     -0.0303,      0.5025,      0.1213,      5.4847,     10.9695,      1.0721,     27.8690,     55.7381,      0.0189,      0.0004,      0.0156,      0.2016,   7542.5430,-416642.5625,   -916.3215,    541.5388,  25141.8105,
       1,     166,     262,       7,       1,       3,       1,     10.0000,      1.3838,     42.3479,    244.1626,     61.4468,      3.4953,      0.0000,     -0.0304,      0.3164,      0.1231,      5.4847,     10.9695,      1.0875,     27.8690,     55.7381,      0.0189,      0.0003,      0.0156,      0.2016,   7542.5435,-416614.1250,   -916.3360,    541.5407,  25141.8086,
       1,     166,     262,       8,       1,       3,       1,     10.0000,      1.3838,     42.3479,    244.1626,     61.4468,      3.4953,      0.0109,     -0.0196,      0.3338,      0.1259,      5.4847,     10.9695,      1.1122,     27.8690,     55.7381,      0.0189,      0.0003,      0.0156,      0.2016,   7542.5430,-416377.4375,   -916.2965,    541.5568,  25141.8086,
       1,     166,     262,       9,       1,       3,       1,     10.0000,      1.3838,     42.3479,    244.1626,     61.4468,      3.4953,      0.0753,      0.0440,      2.1068,      0.1492,      5.4847,     10.9695,      1.3182,     27.8690,     55.7381,      0.0189,      0.0003,      0.0900,      0.2016,   7542.5430,-416379.1250,   -916.3317,    541.5566,  25141.8086,
       1,     166,     262,      10,       1,       3,       1,     10.0000,      1.3838,     42.3479,    244.1626,     61.4468,      3.4953,      0.1373,      0.1047,      5.5129,      0.1879,      5.4847,     10.9695,      1.6601,     27.8690,     55.7381,      0.0189,      0.0004,      0.1809,      0.2016,   7542.5430,-418613.2812,   -916.9555,    541.4054,  25141.8086,
       1,     166,     262,      11,       1,       3,       1,     10.0000,      1.3838,     42.3479,    244.1626,     61.4468,      3.4953,      0.1724,      0.1398,      7.9456,      0.1897,      5.4847,     10.9695,      1.6766,     27.8690,     55.7381,      0.0189,      0.0004,      0.2328,      0.2016,   7542.5430,-423095.7500,   -918.3559,    541.1020,  25141.8066,
       1,     166,     262,      12,       1,       3,       1,     10.0000,      1.3838,     42.3479,    244.1626,     61.4468,      3.4953,      0.1717,      0.1390,      7.2267,      0.1916,      5.4847,     10.9695,      1.6933,     27.8690,     55.7381,      0.0189,      0.0004,      0.2317,      0.2016,   7542.5425,-426544.1875,   -919.8643,    540.8688,  25141.8086,
       1,     166,     262,      13,       1,       3,       1,     10.0000,      1.3838,     42.3479,    244.1626,     61.4468,      3.4953,      0.1714,      0.1390,      6.7770,      0.1815,      5.4847,     10.9695,      1.6035,     27.8690,     55.7381,      0.0189,      0.0004,      0.2314,      0.2016,   7542.5430,-425932.0625,   -920.3782,    540.9103,  25141.8086,
       1,     166,     262,      14,       1,       3,       1,     10.0000,      1.3838,     42.3479,    244.1626,     61.4468,      3.4953,      0.1725,      0.1402,     26.2588,      0.1797,      5.4847,     10.9695,      1.5876,     27.8690,     55.7381,      0.0189,      0.0014,      0.2307,      0.2016,   7542.5430,-425313.0000,   -918.6729,    540.9522,  25141.8086,
       1,     166,     262,      15,       1,       3,       1,     10.0000,      1.3838,     42.3479,    244.1626,     61.4468,      3.4953,      0.1889,      0.1564,     69.8974,      0.1860,      5.4847,     10.9695,      1.6438,     27.8690,     55.7381,      0.0189,      0.0035,      0.2500,      0.2016,   7542.5430,-449811.0938,   -923.9882,    539.2957,  25141.8066,
       1,     166,     262,      16,       1,       3,       1,     10.0000,      1.3838,     42.3479,    244.1626,     61.4468,      3.4953,      0.1894,      0.1566,     76.1377,      0.1930,      5.4847,     10.9695,      1.7051,     27.8690,     55.7381,      0.0189,      0.0038,      0.2500,      0.2016,   7542.5425,-506918.5625,   -936.1088,    535.4484,  25141.8105,
       1,     166,     262,      17,       1,       3,       1,     10.0000,      1.3838,     42.3479,    244.1626,     61.4468,      3.4953,      0.1763,      0.1438,     71.8352,      0.1857,      5.4847,     10.9695,      1.6405,     27.8690,     55.7381,      0.0189,      0.0039,      0.2311,      0.2016,   7542.5435,-519687.9062,   -939.9304,    534.6075,  25141.8105,
       1,     166,     262,      18,       1,       3,       1,     10.0000,      1.3838,     42.3479,    244.1626,     61.4468,      3.4953,      0.1485,      0.1161,     57.5040,      0.1829,      5.4847,     10.9695,      1.6163,     27.8690,     55.7381,      0.0189,      0.0037,      0.1915,      0.2015,   7542.5435,-515327.0938,   -940.2695,    534.8995,  25141.8086,
       1,     166,     262,      19,       1,       3,       1,     10.0000,      1.3838,     42.3479,    244.1626,     61.4468,      3.4953,      0.0467,      0.0146,     12.3704,      0.1703,      5.4847,     10.9695,      1.5045,     27.8690,     55.7381,      0.0189,      0.0034,      0.0460,      0.2016,   7542.5430,-496871.8438,   -937.6849,    536.1335,  25141.8066,
       1,     166,     262,      20,       1,       3,       1,     10.0000,      1.3838,     42.3479,    244.1626,     61.4468,      3.4953,      0.0105,     -0.0210,      3.6196,      0.1534,      5.4847,     10.9695,      1.3558,     27.8690,     55.7381,      0.0189,      0.0029,      0.0156,      0.2016,   7542.5425,-438371.3750,   -927.1085,    540.0555,  25141.8066,
       1,     166,     262,      21,       1,       3,       1,     10.0000,      1.3838,     42.3479,    244.1626,     61.4468,      3.4953,      0.0000,     -0.0312,      4.3623,      0.1468,      5.4847,     10.9695,      1.2972,     27.8690,     55.7381,      0.0189,      0.0035,      0.0156,      0.2016,   7542.5425,-422410.3438,   -924.2777,    541.1474,  25141.8066,
       1,     166,     262,      22,       1,       3,       1,     10.0000,      1.3838,     42.3479,    244.1626,     61.4468,      3.4953,      0.0000,     -0.0310,      4.0103,      0.1404,      5.4847,     10.9695,      1.2409,     27.8690,     55.7381,      0.0189,      0.0032,      0.0156,      0.2016,   7542.5425,-421971.3438,   -924.3539,    541.1782,  25141.8047,
       1,     166,     262,      23,       1,       3,       1,     10.0000,      1.3838,     42.3479,    244.1626,     61.4468,      3.4953,      0.0000,     -0.0310,      3.8711,      0.1389,      5.4847,     10.9695,      1.2271,     27.8690,     55.7381,      0.0189,      0.0031,      0.0156,      0.2016,   7542.5415,-421489.4375,   -924.4081,    541.2108,  25141.8066,
       1,     166,     262,      24,       1,       3,       1,     10.0000,      1.3838,     42.3479,    244.1626,     61.4468,      3.4953,      0.0000,     -0.0309,      2.9619,      0.1360,      5.4847,     10.9695,      1.2013,     27.8690,     55.7381,      0.0189,      0.0024,      0.0156,      0.2016,   7542.5425,-421272.5000,   -924.5239,    541.2254,  25141.8066,
       1,     166,     263,       1,       1,       3,       1,     10.0000,      1.3838,     42.3482,    244.1684,     61.4483,      3.4953,      0.0000,     -0.0309,      2.0452,      0.1385,      5.4841,     10.9681,      1.2234,     27.8717,     55.7435,      0.0189,      0.0016,      0.0156,      0.2017,   7542.5425,-420263.1250,   -924.7188,    541.3065,  25142.9297,
       1,     166,     263,       2,       1,       3,       1,     10.0000,      1.3838,     42.3482,    244.1684,     61.4483,      3.4953,      0.0000,     -0.0309,      1.2314,      0.1365,      5.4841,     10.9681,      1.2062,     27.8717,     55.7435,      0.0189,      0.0010,      0.0156,      0.2017,   7542.8794,-418869.7500,   -924.2791,    541.4008,  25142.9277,
       1,     166,     263,       3,       1,       3,       1,     10.0000,      1.3838,     42.3482,    244.1684,     61.4483,      3.4953,      0.0000,     -0.0307,      0.5647,      0.1320,      5.4841,     10.9681,      1.1666,     27.8717,     55.7435,      0.0189,      0.0005,      0.0156,      0.2017,   7542.8784,-417725.7188,   -924.0959,    541.4782,  25142.9277,
       1,     166,     263,       4,       1,       3,       1,     10.0000,      1.3838,     42.3482,    244.1684,     61.4483,      3.4953,      0.0000,     -0.0306,      0.5172,      0.1291,      5.4841,     10.9681,      1.1408,     27.8717,     55.7435,      0.0189,      0.0004,      0.0156,      0.2017,   7542.8784,-416788.2500,   -923.9294,    541.5417,  25142.9277,
       1,     166,     263,       5,       1,       3,       1,     10.0000,      1.3838,     42.3482,    244.1684,     61.4483,      3.4953,      0.0000,     -0.0307,      0.5422,      0.1319,      5.4841,     10.9681,      1.1654,     27.8717,     55.7435,      0.0189,      0.0004,      0.0156,      0.2017,   7542.8784,-416648.4375,   -923.9127,    541.5511,  25142.9297,
       1,     166,     263,       6,       1,       3,       1,     10.0000,      1.3838,     42.3482,    244.1684,     61.4483,      3.4953,      0.0000,     -0.0307,      0.6878,      0.1322,      5.4841,     10.9681,      1.1678,     27.8717,     55.7435,      0.0189,      0.0006,      0.0156,      0.2017,   7542.8794,-416667.7500,   -923.9286,    541.5498,  25142.9297,
       1,     166,     263,       7,       1,       3,       1,     10.0000,      1.3838,     42.3482,    244.1684,     61.4483,      3.4953,      0.0000,     -0.0307,      0.3270,      0.1311,      5.4841,     10.9681,      1.1583,     27.8717,     55.7435,      0.0189,      0.0003,      0.0156,      0.2017,   7542.8794,-416852.8438,   -923.9833,    541.5372,  25142.9297,
       1,     166,     263,       8,       1,       3,       1,     10.0000,      1.3838,     42.3482,    244.1684,     61.4483,      3.4953,      0.0035,     -0.0270,      0.3051,      0.1275,      5.4841,     10.9681,      1.1270,     27.8717,     55.7435,      0.0189,      0.0002,      0.0156,      0.2017,   7542.8794,-416414.1562,   -923.9028,    541.5670,  25142.9297,
       1,     166,     263,       9,       1,       3,       1,     10.0000,      1.3838,     42.3482,    244.1684,     61.4483,      3.4953,      0.0261,     -0.0045,      0.3743,      0.1307,      5.4841,     10.9681,      1.1548,     27.8717,     55.7435,      0.0189,      0.0003,      0.0186,      0.2017,   7542.8794,-416349.1250,   -923.8954,    541.5714,  25142.9316,
       1,     166,     263,      10,       1,       3,       1,     10.0000,      1.3838,     42.3482,    244.1684,     61.4483,      3.4953,      0.1314,      0.1004,      3.6944,      0.1380,      5.4841,     10.9681,      1.2197,     27.8717,     55.7435,      0.0189,      0.0003,      0.1726,      0.2017,   7542.8799,-416430.6250,   -923.9426,    541.5659,  25142.9297,
       1,     166,     263,      11,       1,       3,       1,     10.0000,      1.3838,     42.3482,    244.1684,     61.4483,      3.4953,      0.1842,      0.1533,      5.3579,      0.1382,      5.4841,     10.9681,      1.2210,     27.8717,     55.7435,      0.0189,      0.0003,      0.2500,      0.2017,   7542.8794,-420620.6250,   -924.9250,    541.2822,  25142.9316,
       1,     166,     263,      12,       1,       3,       1,     10.0000,      1.3838,     42.3482,    244.1684,     61.4483,      3.4953,      0.1843,      0.1539,      4.7049,      0.1233,      5.4841,     10.9681,      1.0898,     27.8717,     55.7435,      0.0189,      0.0002,      0.2500,      0.2017,   7542.8799,-423074.0312,   -912.2242,    541.1163,  25142.9297,
       1,     166,     263,      13,       1,       3,       1,     10.0000,      1.3838,     42.3482,    244.1684,     61.4483,      3.4953,      0.1843,      0.1541,      4.4749,      0.1180,      5.4841,     10.9681,      1.0430,     27.8717,     55.7435,      0.0189,      0.0002,      0.2500,      0.2017,   7542.8794,-422460.5312,   -912.6855,    541.1578,  25142.9316,
       1,     166,     263,      14,       1,       3,       1,     10.0000,      1.3838,     42.3482,    244.1684,     61.4483,      3.4953,      0.1843,      0.1541,      4.5380,      0.1195,      5.4841,     10.9681,      1.0559,     27.8717,     55.7435,      0.0189,      0.0002,      0.2500,      0.2017,   7542.8799,-422118.2500,   -912.2167,    541.1810,  25142.9316,
       1,     166,     263,      15,       1,       3,       1,     10.0000,      1.3838,     42.3482,    244.1684,     61.4483,      3.4953,      0.1845,      0.1542,      7.6731,      0.1212,      5.4841,     10.9681,      1.0711,     27.8717,     55.7435,      0.0189,      0.0004,      0.2500,      0.2017,   7542.8799,-422168.5938,   -912.6741,    541.1776,  25142.9297,
       1,     166,     263,      16,       1,       3,       1,     10.0000,      1.3838,     42.3482,    244.1684,     61.4483,      3.4953,      0.1563,      0.1259,      6.0336,      0.1238,      5.4841,     10.9681,      1.0942,     27.8717,     55.7435,      0.0189,      0.0004,      0.2089,      0.2017,   7542.8794,-426123.1875,   -913.4291,    540.9100,  25142.9336,
       1,     166,     263,      17,       1,       3,       1,     10.0000,      1.3838,     42.3482,    244.1684,     61.4483,      3.4953,      0.0449,      0.0146,      0.8658,      0.1223,      5.4841,     10.9681,      1.0809,     27.8717,     55.7435,      0.0189,      0.0002,      0.0464,      0.2017,   7542.8804,-424394.2188,   -912.2372,    541.0270,  25142.9316,
       1,     166,     263,      18,       1,       3,       1,     10.0000,      1.3838,     42.3482,    244.1684,     61.4483,      3.4953,      0.0139,     -0.0164,      0.0212,      0.1210,      5.4841,     10.9681,      1.0689,     27.8717,     55.7435,      0.0189,      0.0002,      0.0012,      0.2017,   7542.8799,-417735.5312,   -910.4283,    541.4774,  25142.9316,
       1,     166,     263,      19,       1,       3,       1,     10.0000,      1.3838,     42.3482,    244.1684,     61.4483,      3.4953,      0.0122,     -0.0178,      0.2744,      0.1162,      5.4841,     10.9681,      1.0271,     27.8717,     55.7435,      0.0189,      0.0002,      0.0156,      0.2017,   7542.8799,-416104.2188,   -910.0634,    541.5880,  25142.9316,
       1,     166,     263,      20,       1,       3,       1,     10.0000,      1.3838,     42.3482,    244.1684,     61.4483,      3.4953,      0.0028,     -0.0271,      0.2622,      0.1117,      5.4841,     10.9681,      0.9869,     27.8717,     55.7435,      0.0189,      0.0002,      0.0156,      0.2017,   7542.8799,-416283.8125,   -910.1202,    541.5757,  25142.9336,
       1,     166,     263,      21,       1,       3,       1,     10.0000,      1.3838,     42.3482,    244.1684,     61.4483,      3.4953,      0.0000,     -0.0299,      0.2652,      0.1128,      5.4841,     10.9681,      0.9971,     27.8717,     55.7435,      0.0189,      0.0002,      0.0156,      0.2017,   7542.8804,-416283.5000,   -910.1274,    541.5759,  25142.9336,
       1,     166,     263,      22,       1,       3,       1,     10.0000,      1.3838,     42.3482,    244.1684,     61.4483,      3.4953,      0.0000,     -0.0299,      0.2646,      0.1126,      5.4841,     10.9681,      0.9950,     27.8717,     55.7435,      0.0189,      0.0002,      0.0156,      0.2017,   7542.8804,-416287.2188,   -910.1291,    541.5756,  25142.9316,
       1,     166,     263,      23,       1,       3,       1,     10.0000,      1.3838,     42.3482,    244.1684,     61.4483,      3.4953,      0.0000,     -0.0299,      0.2646,      0.1126,      5.4841,     10.9681,      0.9950,     27.8717,     55.7435,      0.0189,      0.0002,      0.0156,      0.2017,   7542.8799,-416287.1875,   -910.1313,    541.5756,  25142.9336,
       1,     166,     263,      24,       1,       3,       1,     10.0000,      1.3838,     42.3482,    244.1684,     61.4483,      3.4953,      0.0000,     -0.0299,      0.2634,      0.1121,      5.4841,     10.9681,      0.9910,     27.8717,     55.7435,      0.0189,      0.0002,      0.0156,      0.2017,   7542.8804,-416286.7812,   -910.1319,    541.5756,  25142.9316,
       1,     166,     264,       1,       1,       3,       1,     10.0000,      1.3838,     42.3486,    244.1741,     61.4497,      3.4953,      0.0000,     -0.0298,      0.2555,      0.1092,      5.4847,     10.9694,      0.9649,     27.8662,     55.7324,      0.0189,      0.0002,      0.0156,      0.2017,   7542.8799,-416441.0312,   -910.4164,    541.5780,  25144.0566,
       1,     166,     264,       2,       1,       3,       1,     10.0000,      1.3838,     42.3486,    244.1741,     61.4497,      3.4953,      0.0000,     -0.0296,      0.2438,      0.1048,      5.4847,     10.9694,      0.9260,     27.8662,     55.7324,      0.0189,      0.0002,      0.0156,      0.2017,   7543.2173,-416291.6875,   -910.1408,    541.5881,  25144.0586,
       1,     166,     264,       3,       1,       3,       1,     10.0000,      1.3838,     42.3486,    244.1741,     61.4497,      3.4953,      0.0000,     -0.0298,      0.2540,      0.1086,      5.4847,     10.9694,      0.9600,     27.8662,     55.7324,      0.0189,      0.0002,      0.0156,      0.2017,   7543.2178,-416263.8750,   -910.1362,    541.5900,  25144.0566,
       1,     166,     264,       4,       1,       3,       1,     10.0000,      1.3838,     42.3486,    244.1741,     61.4497,      3.4953,      0.0000,     -0.0298,      0.3109,      0.1094,      5.4847,     10.9694,      0.9669,     27.8662,     55.7324,      0.0189,      0.0002,      0.0156,      0.2017,   7543.2173,-416274.7500,   -910.1401,    541.5892,  25144.0566,
       1,     166,     264,       5,       1,       3,       1,     10.0000,      1.3838,     42.3486,    244.1741,     61.4497,      3.4953,      0.0000,     -0.0296,      0.4613,      0.1058,      5.4847,     10.9694,      0.9346,     27.8662,     55.7324,      0.0189,      0.0004,      0.0156,      0.2017,   7543.2173,-416347.3125,   -910.1630,    541.5843,  25144.0566,
       1,     166,     264,       6,       1,       3,       1,     10.0000,      1.3838,     42.3486,    244.1741,     61.4497,      3.4953,      0.0000,     -0.0296,      0.3110,      0.1051,      5.4847,     10.9694,      0.9289,     27.8662,     55.7324,      0.0189,      0.0002,      0.0156,      0.2017,   7543.2173,-416543.0625,   -910.2333,    541.5711,  25144.0547,
       1,     166,     264,       7,       1,       3,       1,     10.0000,      1.3838,     42.3486,    244.1741,     61.4497,      3.4953,      0.0000,     -0.0298,      0.4176,      0.1092,      5.4847,     10.9694,      0.9649,     27.8662,     55.7324,      0.0189,      0.0003,      0.0156,      0.2017,   7543.2168,-416370.4375,   -910.2108,    541.5827,  25144.0547,
       1,     166,     264,       8,       1,       3,       1,     10.0000,      1.3838,     42.3486,    244.1741,     61.4497,      3.4953,      0.0205,     -0.0093,      0.2145,      0.1118,      5.4847,     10.9694,      0.9880,     27.8662,     55.7324,      0.0189,      0.0002,      0.0114,      0.2017,   7543.2168,-416490.0938,   -910.2463,    541.5747,  25144.0566,
       1,     166,     264,       9,       1,       3,       1,     10.0000,      1.3838,     42.3486,    244.1741,     61.4497,      3.4953,      0.1366,      0.1062,      3.8744,      0.1255,      5.4847,     10.9694,      1.1088,     27.8662,     55.7324,      0.0189,      0.0003,      0.1804,      0.2017,   7543.2173,-416244.1250,   -910.2894,    541.5912,  25144.0566,
       1,     166,     264,      10,       1,       3,       1,     10.0000,      1.3838,     42.3486,    244.1741,     61.4497,      3.4953,      0.1787,      0.1474,      6.4102,      0.1470,      5.4847,     10.9694,      1.2985,     27.8662,     55.7324,      0.0189,      0.0003,      0.2418,      0.2017,   7543.2173,-420833.7812,   -911.7009,    541.2805,  25144.0547,
       1,     166,     264,      11,       1,       3,       1,     10.0000,      1.3838,     42.3486,    244.1741,     61.4497,      3.4953,      0.1841,      0.1518,      7.5203,      0.1767,      5.4847,     10.9694,      1.5611,     27.8662,     55.7324,      0.0189,      0.0004,      0.2500,      0.2017,   7543.2168,-424420.3438,   -913.2089,    541.0380,  25144.0566,
       1,     166,     264,      12,       1,       3,       1,     10.0000,      1.3838,     42.3486,    244.1741,     61.4497,      3.4953,      0.1840,      0.1517,      7.2568,      0.1800,      5.4847,     10.9694,      1.5909,     27.8662,     55.7324,      0.0189,      0.0004,      0.2500,      0.2017,   7543.2173,-426124.4062,   -915.1835,    540.9228,  25144.0547,
       1,     166,     264,      13,       1,       3,       1,     10.0000,      1.3838,     42.3486,    244.1741,     61.4497,      3.4953,      0.1840,      0.1508,      8.4506,      0.2056,      5.4847,     10.9694,      1.8163,     27.8662,     55.7324,      0.0189,      0.0004,      0.2500,      0.2017,   7543.2168,-425937.8438,   -916.7093,    540.9354,  25144.0566,
       1,     166,     264,      14,       1,       3,       1,     10.0000,      1.3838,     42.3486,    244.1741,     61.4497,      3.4953,      0.1822,      0.1486,     11.1084,      0.2226,      5.4847,     10.9694,      1.9667,     27.8662,     55.7324,      0.0189,      0.0006,      0.2472,      0.2017,   7543.2173,-427425.8125,   -918.2396,    540.8348,  25144.0566,
       1,     166,     264,      15,       1,       3,       1,     10.0000,      1.3838,     42.3486,    244.1741,     61.4497,      3.4953,      0.1863,      0.1529,     39.0399,      0.2157,      5.4847,     10.9694,      1.9060,     27.8662,     55.7324,      0.0189,      0.0019,      0.2500,      0.2017,   7543.2173,-430901.3750,   -919.8917,    540.5999,  25144.0566,
       1,     166,     264,      16,       1,       3,       1,     10.0000,      1.3838,     42.3486,    244.1741,     61.4497,      3.4953,      0.1898,      0.1565,     83.1077,      0.2101,      5.4847,     10.9694,      1.8561,     27.8662,     55.7324,      0.0189,      0.0042,      0.2500,      0.2017,   7543.2173,-466391.2500,   -927.8693,    538.2017,  25144.0566,
       1,     166,     264,      17,       1,       3,       1,     10.0000,      1.3838,     42.3486,    244.1741,     61.4497,      3.4953,      0.1836,      0.1503,     78.8149,      0.2105,      5.4847,     10.9694,      1.8597,     27.8662,     55.7324,      0.0189,      0.0041,      0.2413,      0.2017,   7543.2173,-524983.1250,   -940.0659,    534.2653,  25144.0566,
       1,     166,     264,      18,       1,       3,       1,     10.0000,      1.3838,     42.3486,    244.1741,     61.4497,      3.4953,      0.1694,      0.1363,    100.3829,      0.2043,      5.4847,     10.9694,      1.8056,     27.8662,     55.7324,      0.0189,      0.0058,      0.2175,      0.2016,   7543.2173,-524583.6875,   -941.1471,    534.3063,  25144.0586,
       1,     166,     264,      19,       1,       3,       1,     10.0000,      1.3838,     42.3486,    244.1741,     61.4497,      3.4953,      0.1066,      0.0741,     68.6867,      0.1846,      5.4847,     10.9694,      1.6308,     27.8662,     55.7324,      0.0189,      0.0067,      0.1280,      0.2016,   7543.2178,-551745.7500,   -947.3669,    532.4922,  25144.0566,
       1,     166,     264,      20,       1,       3,       1,     10.0000,      1.3838,     42.3486,    244.1741,     61.4497,      3.4953,      0.0068,     -0.0251,      7.3804,      0.1666,      5.4847,     10.9694,      1.4719,     27.8662,     55.7324,      0.0189,      0.0059,      0.0156,      0.2016,   7543.2173,-514049.6562,   -941.1292,    535.0043,  25144.0566,
       1,     166,     264,      21,       1,       3,       1,     10.0000,      1.3838,     42.3486,    244.1741,     61.4497,      3.4953,      0.0000,     -0.0315,      6.2904,      0.1548,      5.4847,     10.9694,      1.3682,     27.8662,     55.7324,      0.0189,      0.0050,      0.0156,      0.2016,   7543.2173,-433523.0938,   -926.2874,    540.3955,  25144.0566,
       1,     166,     264,      22,       1,       3,       1,     10.0000,      1.3838,     42.3486,    244.1741,     61.4497,      3.4953,      0.0000,     -0.0314,      6.0613,      0.1504,      5.4847,     10.9694,      1.3289,     27.8662,     55.7324,      0.0189,      0.0049,      0.0156,      0.2017,   7543.2173,-425384.4375,   -924.9285,    540.9726,  25144.0586,
       1,     166,     264,      23,       1,       3,       1,     10.0000,      1.3838,     42.3486,    244.1741,     61.4497,      3.4953,      0.0000,     -0.0312,      5.8567,      0.1465,      5.4847,     10.9694,      1.2946,     27.8662,     55.7324,      0.0189,      0.0047,      0.0156,      0.2017,   7543.2178,-424368.2812,   -924.8770,    541.0416,  25144.0547,
       1,     166,     264,      24,       1,       3,       1,     10.0000,      1.3838,     42.3486,    244.1741,     61.4497,      3.4953,      0.0000,     -0.0310,      4.5853,      0.1389,      5.4847,     10.9694,      1.2272,     27.8662,     55.7324,      0.0189,      0.0037,      0.0156,      0.2017,   7543.2168,-424024.1875,   -924.9467,    541.0648,  25144.0566,
       1,     166,     265,       1,       1,       3,       1,     10.0000,      1.3838,     42.3489,    244.1798,     61.4512,      3.4953,      0.0000,     -0.0309,      3.6628,      0.1380,      5.4838,     10.9676,      1.2198,     27.8749,     55.7498,      0.0189,      0.0029,      0.0156,      0.2017,   7543.2173,-422547.7188,   -925.0193,    541.1774,  25145.1816,
       1,     166,     265,       2,       1,       3,       1,     10.0000,      1.3838,     42.3489,    244.1798,     61.4512,      3.4953,      0.0000,     -0.0308,      2.8903,      0.1353,      5.4838,     10.9676,      1.1954,     27.8749,     55.7498,      0.0189,      0.0023,      0.0156,      0.2017,   7543.5547,-421107.5000,   -924.5673,    541.2749,  25145.1816,
       1,     166,     265,       3,       1,       3,       1,     10.0000,      1.3838,     42.3489,    244.1798,     61.4512,      3.4953,      0.0000,     -0.0308,      2.4070,      0.1339,      5.4838,     10.9676,      1.1833,     27.8749,     55.7498,      0.0189,      0.0019,      0.0156,      0.2017,   7543.5547,-420011.5312,   -924.4252,    541.3490,  25145.1836,
       1,     166,     265,       4,       1,       3,       1,     10.0000,      1.3838,     42.3489,    244.1798,     61.4512,      3.4953,      0.0000,     -0.0308,      1.9174,      0.1349,      5.4838,     10.9676,      1.1917,     27.8749,     55.7498,      0.0189,      0.0015,      0.0156,      0.2017,   7543.5552,-419309.0312,   -924.3293,    541.3966,  25145.1816,
       1,     166,     265,       5,       1,       3,       1,     10.0000,      1.3838,     42.3489,    244.1798,     61.4512,      3.4953,      0.0000,     -0.0308,      1.0592,      0.1353,      5.4838,     10.9676,      1.1954,     27.8749,     55.7498,      0.0189,      0.0008,      0.0156,      0.2017,   7543.5547,-418632.6562,   -924.2338,    541.4424,  25145.1816,
       1,     166,     265,       6,       1,       3,       1,     10.0000,      1.3838,     42.3489,    244.1798,     61.4512,      3.4953,      0.0000,     -0.0307,      0.3716,      0.1330,      5.4838,     10.9676,      1.1749,     27.8749,     55.7498,      0.0189,      0.0003,      0.0156,      0.2017,   7543.5547,-417494.0625,   -924.0356,    541.5194,  25145.1816,
       1,     166,     265,       7,       1,       3,       1,     10.0000,      1.3838,     42.3489,    244.1798,     61.4512,      3.4953,      0.0000,     -0.0306,      0.4600,      0.1279,      5.4838,     10.9676,      1.1305,     27.8749,     55.7498,      0.0189,      0.0004,      0.0156,      0.2017,   7543.5547,-416530.8750,   -910.1166,    541.5847,  25145.1816,
       1,     166,     265,       8,       1,       3,       1,     10.0000,      1.3838,     42.3489,    244.1798,     61.4512,      3.4953,      0.0092,     -0.0210,      0.3783,      0.1196,      5.4838,     10.9676,      1.0570,     27.8749,     55.7498,      0.0189,      0.0003,      0.0156,      0.2017,   7543.5547,-416560.1250,   -910.1364,    541.5827,  25145.1816,
       1,     166,     265,       9,       1,       3,       1,     10.0000,      1.3838,     42.3489,    244.1798,     61.4512,      3.4953,      0.1267,      0.0958,      3.9260,      0.1382,      5.4838,     10.9676,      1.2210,     27.8749,     55.7498,      0.0189,      0.0003,      0.1657,      0.2017,   7543.5547,-416459.5625,   -910.1373,    541.5894,  25145.1816,
       1,     166,     265,      10,       1,       3,       1,     10.0000,      1.3838,     42.3489,    244.1798,     61.4512,      3.4953,      0.1308,      0.0992,      4.2431,      0.1566,      5.4838,     10.9676,      1.3834,     27.8749,     55.7498,      0.0189,      0.0003,      0.1716,      0.2017,   7543.5547,-420919.8125,   -911.6537,    541.2875,  25145.1797,
       1,     166,     265,      11,       1,       3,       1,     10.0000,      1.3838,     42.3489,    244.1798,     61.4512,      3.4953,      0.1840,      0.1515,      7.4582,      0.1844,      5.4838,     10.9676,      1.6293,     27.8749,     55.7498,      0.0189,      0.0004,      0.2500,      0.2017,   7543.5542,-421699.9062,   -912.3367,    541.2348,  25145.1816,
       1,     166,     265,      12,       1,       3,       1,     10.0000,      1.3838,     42.3489,    244.1798,     61.4512,      3.4953,      0.1840,      0.1512,      7.8590,      0.1930,      5.4838,     10.9676,      1.7052,     27.8749,     55.7498,      0.0189,      0.0004,      0.2500,      0.2017,   7543.5547,-425816.1250,   -914.8859,    540.9563,  25145.1816,
       1,     166,     265,      13,       1,       3,       1,     10.0000,      1.3838,     42.3489,    244.1798,     61.4512,      3.4953,      0.1437,      0.1106,      6.4901,      0.2072,      5.4838,     10.9676,      1.8307,     27.8749,     55.7498,      0.0189,      0.0004,      0.1903,      0.2017,   7543.5547,-426672.0625,   -916.3503,    540.8985,  25145.1816,
       1,     166,     265,      14,       1,       3,       1,     10.0000,      1.3838,     42.3489,    244.1798,     61.4512,      3.4953,      0.0650,      0.0314,      4.2491,      0.2232,      5.4838,     10.9676,      1.9726,     27.8749,     55.7498,      0.0189,      0.0007,      0.0729,      0.2017,   7543.5547,-425020.4688,   -916.5434,    541.0102,  25145.1816,
       1,     166,     265,      15,       1,       3,       1,     10.0000,      1.3838,     42.3489,    244.1798,     61.4512,      3.4953,      0.1099,      0.0763,     17.9529,      0.2239,      5.4838,     10.9676,      1.9784,     27.8749,     55.7498,      0.0189,      0.0016,      0.1383,      0.2017,   7543.5547,-422056.6562,   -916.2007,    541.2106,  25145.1797,
       1,     166,     265,      16,       1,       3,       1,     10.0000,      1.3838,     42.3489,    244.1798,     61.4512,      3.4953,      0.1336,      0.1005,     48.0653,      0.2045,      5.4838,     10.9676,      1.8075,     27.8749,     55.7498,      0.0189,      0.0035,      0.1704,      0.2017,   7543.5542,-439066.8750,   -919.7432,    540.0599,  25145.1816,
       1,     166,     265,      17,       1,       3,       1,     10.0000,      1.3838,     42.3489,    244.1798,     61.4512,      3.4953,      0.1331,      0.1019,     46.9218,      0.1434,      5.4838,     10.9676,      1.2675,     27.8749,     55.7498,      0.0189,      0.0034,      0.1700,      0.2017,   7543.5547,-478461.2812,   -927.8279,    537.4017,  25145.1816,
       1,     166,     265,      18,       1,       3,       1,     10.0000,      1.3838,     42.3489,    244.1798,     61.4512,      3.4953,      0.1101,      0.0800,     41.7053,      0.1159,      5.4838,     10.9676,      1.0240,     27.8749,     55.7498,      0.0189,      0.0038,      0.1371,      0.2017,   7543.5547,-480389.8438,   -929.0332,    537.2787,  25145.1816,
       1,     166,     265,      19,       1,       3,       1,     10.0000,      1.3838,     42.3489,    244.1798,     61.4512,      3.4953,      0.0692,      0.0392,     28.1959,      0.1140,      5.4838,     10.9676,      1.0074,     27.8749,     55.7498,      0.0189,      0.0045,      0.0791,      0.2017,   7543.5547,-473968.6250,   -928.6283,    537.7100,  25145.1816,
       1,     166,     265,      20,       1,       3,       1,     10.0000,      1.3838,     42.3489,    244.1798,     61.4512,      3.4953,      0.0047,     -0.0253,      5.2835,      0.1139,      5.4838,     10.9676,      1.0064,     27.8749,     55.7498,      0.0189,      0.0042,      0.0156,      0.2017,   7543.5547,-456392.6875,   -926.0815,    538.8915,  25145.1816,
       1,     166,     265,      21,       1,       3,       1,     10.0000,      1.3838,     42.3489,    244.1798,     61.4512,      3.4953,      0.0000,     -0.0299,      5.2371,      0.1111,      5.4838,     10.9676,      0.9819,     27.8749,     55.7498,      0.0189,      0.0042,      0.0156,      0.2017,   7543.5547,-426025.1250,   -920.9022,    540.9384,  25145.1797,
       1,     166,     265,      22,       1,       3,       1,     10.0000,      1.3838,     42.3489,    244.1798,     61.4512,      3.4953,      0.0000,     -0.0297,      2.5569,      0.1083,      5.4838,     10.9676,      0.9570,     27.8749,     55.7498,      0.0189,      0.0020,      0.0156,      0.2017,   7543.5542,-423391.9062,   -920.7485,    541.1203,  25145.1816,
       1,     166,     265,      23,       1,       3,       1,     10.0000,      1.3838,     42.3489,    244.1798,     61.4512,      3.4953,      0.0000,     -0.0297,      0.9420,      0.1070,      5.4838,     10.9676,      0.9453,     27.8749,     55.7498,      0.0189,      0.0008,      0.0156,      0.2017,   7543.5547,-419786.2500,   -920.2189,    541.3643,  25145.1816,
       1,     166,     265,      24,       1,       3,       1,     10.0000,      1.3838,     42.3489,    244.1798,     61.4512,      3.4953,      0.0000,     -0.0296,      0.6982,      0.1054,      5.4838,     10.9676,      0.9318,     27.8749,     55.7498,      0.0189,      0.0006,      0.0156,      0.2017,   7543.5547,-417444.7500,   -919.8198,    541.5228,  25145.1816,
       1,     166,     266,       1,       1,       3,       1,     10.0000,      1.3838,     42.3492,    244.1856,     61.4526,      3.4953,      0.0000,     -0.0299,      0.8645,      0.1115,      5.4847,     10.9695,      0.9850,     27.8712,     55.7423,      0.0189,      0.0007,      0.0156,      0.2017,   7543.5547,-417093.2500,   -920.0412,    541.5593,  25146.3066,
       1,     166,     266,       2,       1,       3,       1,     10.0000,      1.3838,     42.3492,    244.1856,     61.4526,      3.4953,      0.0000,     -0.0298,      0.8299,      0.1104,      5.4847,     10.9695,      0.9759,     27.8712,     55.7423,      0.0189,      0.0007,      0.0156,      0.2018,   7543.8921,-417120.2188,   -919.8215,    541.5574,  25146.3086,
       1,     166,     266,       3,       1,       3,       1,     10.0000,      1.3838,     42.3492,    244.1856,     61.4526,      3.4953,      0.0000,     -0.0298,      0.4337,      0.1094,      5.4847,     10.9695,      0.9669,     27.8712,     55.7423,      0.0189,      0.0003,      0.0156,      0.2018,   7543.8931,-417078.7188,   -919.8510,    541.5602,  25146.3047,
       1,     166,     266,       4,       1,       3,       1,     10.0000,      1.3838,     42.3492,    244.1856,     61.4526,      3.4953,      0.0000,     -0.0298,      0.2664,      0.1100,      5.4847,     10.9695,      0.9719,     27.8712,     55.7423,      0.0189,      0.0002,      0.0156,      0.2018,   7543.8916,-416576.7812,   -919.7721,    541.5942,  25146.3066,
       1,     166,     266,       5,       1,       3,       1,     10.0000,      1.3838,     42.3492,    244.1856,     61.4526,      3.4953,      0.0000,     -0.0298,      0.3158,      0.1103,      5.4847,     10.9695,      0.9749,     27.8712,     55.7423,      0.0189,      0.0003,      0.0156,      0.2018,   7543.8921,-416322.9062,   -919.7264,    541.6114,  25146.3066,
       1,     166,     266,       6,       1,       3,       1,     10.0000,      1.3838,     42.3492,    244.1856,     61.4526,      3.4953,      0.0000,     -0.0298,      0.3395,      0.1088,      5.4847,     10.9695,      0.9610,     27.8712,     55.7423,      0.0189,      0.0003,      0.0156,      0.2018,   7543.8921,-416363.5312,   -919.7385,    541.6087,  25146.3066,
       1,     166,     266,       7,       1,       3,       1,     10.0000,      1.3838,     42.3492,    244.1856,     61.4526,      3.4953,      0.0000,     -0.0298,      0.2578,      0.1084,      5.4847,     10.9695,      0.9580,     27.8712,     55.7423,      0.0189,      0.0002,      0.0156,      0.2018,   7543.8921,-416396.7812,   -919.7510,    541.6064,  25146.3066,
       1,     166,     266,       8,       1,       3,       1,     10.0000,      1.3838,     42.3492,    244.1856,     61.4526,      3.4953,      0.0094,     -0.0204,      0.2549,      0.1090,      5.4847,     10.9695,      0.9630,     27.8712,     55.7423,      0.0189,      0.0002,      0.0156,      0.2018,   7543.8921,-416296.6875,   -919.7340,    541.6131,  25146.3066,
       1,     166,     266,       9,       1,       3,       1,     10.0000,      1.3838,     42.3492,    244.1856,     61.4526,      3.4953,      0.0627,      0.0327,      1.2603,      0.1148,      5.4847,     10.9695,      1.0147,     27.8712,     55.7423,      0.0189,      0.0002,      0.0727,      0.2018,   7543.8921,-416284.6250,   -919.7420,    541.6140,  25146.3047,
       1,     166,     266,      10,       1,       3,       1,     10.0000,      1.3838,     42.3492,    244.1856,     61.4526,      3.4953,      0.0990,      0.0678,      2.8283,      0.1449,      5.4847,     10.9695,      1.2804,     27.8712,     55.7423,      0.0189,      0.0003,      0.1250,      0.2018,   7543.8916,-417550.2188,   -920.0515,    541.5283,  25146.3066,
       1,     166,     266,      11,       1,       3,       1,     10.0000,      1.3838,     42.3492,    244.1856,     61.4526,      3.4953,      0.1755,      0.1433,      6.6569,      0.1748,      5.4847,     10.9695,      1.5442,     27.8712,     55.7423,      0.0189,      0.0004,      0.2373,      0.2017,   7543.8921,-419632.5000,   -920.5629,    541.3874,  25146.3066,
       1,     166,     266,      12,       1,       3,       1,     10.0000,      1.3838,     42.3492,    244.1856,     61.4526,      3.4953,      0.1799,      0.1472,      7.6247,      0.1920,      5.4847,     10.9695,      1.6968,     27.8712,     55.7423,      0.0189,      0.0004,      0.2439,      0.2017,   7543.8921,-424632.1562,   -921.9479,    541.0491,  25146.3066,
       1,     166,     266,      13,       1,       3,       1,     10.0000,      1.3838,     42.3492,    244.1856,     61.4526,      3.4953,      0.1794,      0.1477,      6.0864,      0.1583,      5.4847,     10.9695,      1.3988,     27.8712,     55.7423,      0.0189,      0.0003,      0.2430,      0.2017,   7543.8921,-426277.6562,   -922.7055,    540.9378,  25146.3086,
       1,     166,     266,      14,       1,       3,       1,     10.0000,      1.3838,     42.3492,    244.1856,     61.4526,      3.4953,      0.1562,      0.1246,      5.1645,      0.1566,      5.4847,     10.9695,      1.3835,     27.8712,     55.7423,      0.0189,      0.0003,      0.2088,      0.2017,   7543.8931,-424480.0000,   -922.7418,    541.0594,  25146.3066,
       1,     166,     266,      15,       1,       3,       1,     10.0000,      1.3838,     42.3492,    244.1856,     61.4526,      3.4953,      0.1860,      0.1542,     29.5417,      0.1610,      5.4847,     10.9695,      1.4228,     27.8712,     55.7423,      0.0189,      0.0015,      0.2500,      0.2017,   7543.8921,-423165.7812,   -922.7326,    541.1483,  25146.3047,
       1,     166,     266,      16,       1,       3,       1,     10.0000,      1.3838,     42.3492,    244.1856,     61.4526,      3.4953,      0.1702,      0.1382,     53.4371,      0.1674,      5.4847,     10.9695,      1.4794,     27.8712,     55.7423,      0.0189,      0.0030,      0.2239,      0.2017,   7543.8916,-453758.6875,   -929.0015,    539.0789,  25146.3066,
       1,     166,     266,      17,       1,       3,       1,     10.0000,      1.3838,     42.3492,    244.1856,     61.4526,      3.4953,      0.1141,      0.0818,     45.0649,      0.1774,      5.4847,     10.9695,      1.5674,     27.8712,     55.7423,      0.0189,      0.0040,      0.1418,      0.2017,   7543.8921,-486486.7188,   -935.7640,    536.8775,  25146.3066,
       1,     166,     266,      18,       1,       3,       1,     10.0000,      1.3838,     42.3492,    244.1856,     61.4526,      3.4953,      0.0734,      0.0406,     16.3386,      0.1939,      5.4847,     10.9695,      1.7137,     27.8712,     55.7423,      0.0189,      0.0024,      0.0845,      0.2017,   7543.8921,-478723.0625,   -934.7714,    537.4030,  25146.3066,
       1,     166,     266,      19,       1,       3,       1,     10.0000,      1.3838,     42.3492,    244.1856,     61.4526,      3.4953,      0.0388,      0.0065,      5.9350,      0.1788,      5.4847,     10.9695,      1.5799,     27.8712,     55.7423,      0.0189,      0.0021,      0.0348,      0.2017,   7543.8921,-441846.3438,   -928.0463,    539.8805,  25146.3086,
       1,     166,     266,      20,       1,       3,       1,     10.0000,      1.3838,     42.3492,    244.1856,     61.4526,      3.4953,      0.0051,     -0.0262,      2.6328,      0.1493,      5.4847,     10.9695,      1.3197,     27.8712,     55.7423,      0.0189,      0.0021,      0.0156,      0.2017,   7543.8931,-425620.2812,   -925.0948,    540.9812,  25146.3066,
       1,     166,     266,      21,       1,       3,       1,     10.0000,      1.3838,     42.3492,    244.1856,     61.4526,      3.4953,      0.0000,     -0.0310,      2.8735,      0.1397,      5.4847,     10.9695,      1.2347,     27.8712,     55.7423,      0.0189,      0.0023,      0.0156,      0.2017,   7543.8921,-420075.3125,   -924.1181,    541.3573,  25146.3066,
       1,     166,     266,      22,       1,       3,       1,     10.0000,      1.3838,     42.3492,    244.1856,     61.4526,      3.4953,      0.0000,     -0.0309,      3.7091,      0.1369,      5.4847,     10.9695,      1.2100,     27.8712,     55.7423,      0.0189,      0.0030,      0.0156,      0.2017,   7543.8921,-419904.8125,   -924.1546,    541.3689,  25146.3066,
       1,     166,     266,      23,       1,       3,       1,     10.0000,      1.3838,     42.3492,    244.1856,     61.4526,      3.4953,      0.0000,     -0.0308,      4.7454,      0.1338,      5.4847,     10.9695,      1.1821,     27.8712,     55.7423,      0.0189,      0.0038,      0.0156,      0.2017,   7543.8921,-420942.6875,   -924.4370,    541.2987,  25146.3066,
       1,     166,     266,      24,       1,       3,       1,     10.0000,      1.3838,     42.3492,    244.1856,     61.4526,      3.4953,      0.0000,     -0.0307,      3.8715,      0.1330,      5.4847,     10.9695,      1.1750,     27.8712,     55.7423,      0.0189,      0.0031,      0.0156,      0.2017,   7543.8921,-422336.3750,   -924.8076,    541.2044,  25146.3066,
       1,     166,     267,       1,       1,       3,       1,     10.0000,      1.3839,     42.3496,    244.1913,     61.4541,      3.4953,      0.0000,     -0.0306,      2.5209,      0.1300,      5.4850,     10.9701,      1.1491,     27.8687,     55.7374,      0.0189,      0.0020,      0.0156,      0.2018,   7543.8921,-421509.4375,   -924.9982,    541.2731,  25147.4316,
       1,     166,     267,       2,       1,       3,       1,     10.0000,      1.3839,     42.3496,    244.1913,     61.4541,      3.4953,      0.0000,     -0.0306,      1.4431,      0.1291,      5.4850,     10.9701,      1.1409,     27.8687,     55.7374,      0.0189,      0.0012,      0.0156,      0.2018,   7544.2300,-419585.5000,   -924.4170,    541.4034,  25147.4316,
       1,     166,     267,       3,       1,       3,       1,     10.0000,      1.3839,     42.3496,    244.1913,     61.4541,      3.4953,      0.0000,     -0.0305,      0.9842,      0.1279,      5.4850,     10.9701,      1.1305,     27.8687,     55.7374,      0.0189,      0.0008,      0.0156,      0.2018,   7544.2300,-418064.1562,   -924.1512,    541.5063,  25147.4316,
       1,     166,     267,       4,       1,       3,       1,     10.0000,      1.3839,     42.3496,    244.1913,     61.4541,      3.4953,      0.0000,     -0.0305,      0.5974,      0.1274,      5.4850,     10.9701,      1.1260,     27.8687,     55.7374,      0.0189,      0.0005,      0.0156,      0.2018,   7544.2300,-417356.5938,   -924.0323,    541.5543,  25147.4316,
       1,     166,     267,       5,       1,       3,       1,     10.0000,      1.3839,     42.3496,    244.1913,     61.4541,      3.4953,      0.0000,     -0.0304,      0.5819,      0.1242,      5.4850,     10.9701,      1.0977,     27.8687,     55.7374,      0.0189,      0.0005,      0.0156,      0.2018,   7544.2300,-416809.1250,   -923.9362,    541.5913,  25147.4316,
       1,     166,     267,       6,       1,       3,       1,     10.0000,      1.3839,     42.3496,    244.1913,     61.4541,      3.4953,      0.0000,     -0.0304,      0.3913,      0.1237,      5.4850,     10.9701,      1.0932,     27.8687,     55.7374,      0.0189,      0.0003,      0.0156,      0.2018,   7544.2300,-416743.0000,   -923.9316,    541.5958,  25147.4316,
       1,     166,     267,       7,       1,       3,       1,     10.0000,      1.3839,     42.3496,    244.1913,     61.4541,      3.4953,      0.0000,     -0.0303,      0.2985,      0.1217,      5.4850,     10.9701,      1.0755,     27.8687,     55.7374,      0.0189,      0.0002,      0.0156,      0.2018,   7544.2300,-416497.2188,   -923.8884,    541.6124,  25147.4316,
       1,     166,     267,       8,       1,       3,       1,     10.0000,      1.3839,     42.3496,    244.1913,     61.4541,      3.4953,      0.0115,     -0.0189,      0.3634,      0.1238,      5.4850,     10.9701,      1.0943,     27.8687,     55.7374,      0.0189,      0.0003,      0.0156,      0.2018,   7544.2300,-416359.5312,   -923.8638,    541.6218,  25147.4316,
       1,     166,     267,       9,       1,       3,       1,     10.0000,      1.3839,     42.3496,    244.1913,     61.4541,      3.4953,      0.1121,      0.0809,      3.7593,      0.1456,      5.4850,     10.9701,      1.2869,     27.8687,     55.7374,      0.0189,      0.0003,      0.1441,      0.2018,   7544.2300,-416429.4062,   -923.8840,    541.6169,  25147.4297,
       1,     166,     267,      10,       1,       3,       1,     10.0000,      1.3839,     42.3496,    244.1913,     61.4541,      3.4953,      0.1515,      0.1191,      5.9473,      0.1824,      5.4850,     10.9701,      1.6117,     27.8687,     55.7374,      0.0189,      0.0004,      0.2019,      0.2018,   7544.2290,-420712.3125,   -924.7650,    541.3270,  25147.4316,
       1,     166,     267,      11,       1,       3,       1,     10.0000,      1.3839,     42.3496,    244.1913,     61.4541,      3.4953,      0.1359,      0.1031,      5.5596,      0.1913,      5.4850,     10.9701,      1.6902,     27.8687,     55.7374,      0.0189,      0.0004,      0.1787,      0.2018,   7544.2300,-423832.7188,   -925.4647,    541.1159,  25147.4316,
       1,     166,     267,      12,       1,       3,       1,     10.0000,      1.3839,     42.3496,    244.1913,     61.4541,      3.4953,      0.1840,      0.1507,      8.7231,      0.2113,      5.4850,     10.9701,      1.8672,     27.8687,     55.7374,      0.0189,      0.0004,      0.2500,      0.2018,   7544.2300,-423610.5000,   -925.4945,    541.1311,  25147.4336,
       1,     166,     267,      13,       1,       3,       1,     10.0000,      1.3839,     42.3496,    244.1913,     61.4541,      3.4953,      0.1714,      0.1378,      8.4920,      0.2209,      5.4850,     10.9701,      1.9515,     27.8687,     55.7374,      0.0189,      0.0005,      0.2313,      0.2018,   7544.2305,-427575.2500,   -926.4077,    540.8628,  25147.4297,
       1,     166,     267,      14,       1,       3,       1,     10.0000,      1.3839,     42.3496,    244.1913,     61.4541,      3.4953,      0.1795,      0.1456,     26.8375,      0.2342,      5.4850,     10.9701,      2.0694,     27.8687,     55.7374,      0.0189,      0.0014,      0.2415,      0.2018,   7544.2290,-427622.9375,   -926.5173,    540.8597,  25147.4316,
       1,     166,     267,      15,       1,       3,       1,     10.0000,      1.3839,     42.3496,    244.1913,     61.4541,      3.4953,      0.1836,      0.1495,     71.6027,      0.2400,      5.4850,     10.9701,      2.1205,     27.8687,     55.7374,      0.0189,      0.0037,      0.2423,      0.2018,   7544.2300,-450732.5625,   -931.1188,    539.2973,  25147.4336,
       1,     166,     267,      16,       1,       3,       1,     10.0000,      1.3839,     42.3496,    244.1913,     61.4541,      3.4953,      0.1829,      0.1488,     94.9724,      0.2388,      5.4850,     10.9701,      2.1102,     27.8687,     55.7374,      0.0189,      0.0050,      0.2386,      0.2017,   7544.2305,-509107.5312,   -942.6840,    535.3644,  25147.4316,
       1,     166,     267,      17,       1,       3,       1,     10.0000,      1.3839,     42.3496,    244.1913,     61.4541,      3.4953,      0.1774,      0.1434,    119.6842,      0.2395,      5.4850,     10.9701,      2.1164,     27.8687,     55.7374,      0.0189,      0.0066,      0.2275,      0.2017,   7544.2300,-543581.1875,   -949.8250,    533.0717,  25147.4316,
       1,     166,     267,      18,       1,       3,       1,     10.0000,      1.3839,     42.3496,    244.1913,     61.4541,      3.4953,      0.1561,      0.1225,    113.7881,      0.2248,      5.4850,     10.9701,      1.9862,     27.8687,     55.7374,      0.0189,      0.0072,      0.1963,      0.2016,   7544.2300,-577685.0625,   -957.0262,    530.8041,  25147.4297,
       1,     166,     267,      19,       1,       3,       1,     10.0000,      1.3839,     42.3496,    244.1913,     61.4541,      3.4953,      0.0778,      0.0449,     51.6217,      0.1974,      5.4850,     10.9701,      1.7445,     27.8687,     55.7374,      0.0189,      0.0074,      0.0869,      0.2016,   7544.2290,-573146.0625,   -956.7762,    531.1101,  25147.4297,
       1,     166,     267,      20,       1,       3,       1,     10.0000,      1.3839,     42.3496,    244.1913,     61.4541,      3.4953,      0.0063,     -0.0259,      8.7216,      0.1755,      5.4850,     10.9701,      1.5504,     27.8687,     55.7374,      0.0189,      0.0070,      0.0156,      0.2016,   7544.2290,-494277.6250,   -941.8404,    536.3462,  25147.4297,
       1,     166,     267,      21,       1,       3,       1,     10.0000,      1.3839,     42.3496,    244.1913,     61.4541,      3.4953,      0.0000,     -0.0318,      8.3618,      0.1631,      5.4850,     10.9701,      1.4415,     27.8687,     55.7374,      0.0189,      0.0067,      0.0156,      0.2017,   7544.2290,-433586.4062,   -930.1037,    540.4410,  25147.4316,
       1,     166,     267,      22,       1,       3,       1,     10.0000,      1.3839,     42.3496,    244.1913,     61.4541,      3.4953,      0.0000,     -0.0314,      8.1987,      0.1518,      5.4850,     10.9701,      1.3411,     27.8687,     55.7374,      0.0189,      0.0066,      0.0156,      0.2018,   7544.2300,-427990.0938,   -928.9940,    540.8347,  25147.4297,
       1,     166,     267,      23,       1,       3,       1,     10.0000,      1.3839,     42.3496,    244.1913,     61.4541,      3.4953,      0.0000,     -0.0311,      7.8525,      0.1426,      5.4850,     10.9701,      1.2599,     27.8687,     55.7374,      0.0189,      0.0063,      0.0156,      0.2018,   7544.2290,-427288.9375,   -928.8243,    540.8823,  25147.4316,
       1,     166,     267,      24,       1,       3,       1,     10.0000,      1.3839,     42.3496,    244.1913,     61.4541,      3.4953,      0.0000,     -0.0309,      6.4067,      0.1376,      5.4850,     10.9701,      1.2162,     27.8687,     55.7374,      0.0189,      0.0051,      0.0156,      0.2018,   7544.2300,-426792.6562,   -928.6938,    540.9158,  25147.4277,
       1,     166,     268,       1,       1,       3,       1,     10.0000,      1.3839,     42.3499,    244.1971,     61.4555,      3.4953,      0.0000,     -0.0307,      5.5597,      0.1315,      5.4843,     10.9686,      1.1620,     27.8725,     55.7450,      0.0189,      0.0044,      0.0156,      0.2018,   7544.2285,-425084.0938,   -928.6216,    541.0440,  25148.5527,
       1,     166,     268,       2,       1,       3,       1,     10.0000,      1.3839,     42.3499,    244.1971,     61.4555,      3.4953,      0.0000,     -0.0306,      4.1825,      0.1294,      5.4843,     10.9686,      1.1433,     27.8725,     55.7450,      0.0189,      0.0033,      0.0156,      0.2018,   7544.5659,-423719.4062,   -928.0868,    541.1364,  25148.5547,
       1,     166,     268,       3,       1,       3,       1,     10.0000,      1.3839,     42.3499,    244.1971,     61.4555,      3.4953,      0.0000,     -0.0307,      2.8545,      0.1310,      5.4843,     10.9686,      1.1573,     27.8725,     55.7450,      0.0189,      0.0023,      0.0156,      0.2018,   7544.5669,-421868.6875,   -927.7222,    541.2615,  25148.5527,
       1,     166,     268,       4,       1,       3,       1,     10.0000,      1.3839,     42.3499,    244.1971,     61.4555,      3.4953,      0.0000,     -0.0305,      1.8584,      0.1264,      5.4843,     10.9686,      1.1169,     27.8725,     55.7450,      0.0189,      0.0015,      0.0156,      0.2018,   7544.5659,-420039.0000,   -927.3600,    541.3854,  25148.5508,
       1,     166,     268,       5,       1,       3,       1,     10.0000,      1.3839,     42.3499,    244.1971,     61.4555,      3.4953,      0.0000,     -0.0305,      1.2489,      0.1256,      5.4843,     10.9686,      1.1101,     27.8725,     55.7450,      0.0189,      0.0010,      0.0156,      0.2018,   7544.5654,-418629.0000,   -927.0807,    541.4808,  25148.5547,
       1,     166,     268,       6,       1,       3,       1,     10.0000,      1.3839,     42.3499,    244.1971,     61.4555,      3.4953,      0.0000,     -0.0304,      0.8493,      0.1238,      5.4843,     10.9686,      1.0944,     27.8725,     55.7450,      0.0189,      0.0007,      0.0156,      0.2018,   7544.5669,-417740.8438,   -926.9029,    541.5409,  25148.5508,
       1,     166,     268,       7,       1,       3,       1,     10.0000,      1.3839,     42.3499,    244.1971,     61.4555,      3.4953,      0.0000,     -0.0303,      0.6265,      0.1220,      5.4843,     10.9686,      1.0778,     27.8725,     55.7450,      0.0189,      0.0005,      0.0156,      0.2018,   7544.5654,-417162.5312,   -926.7907,    541.5800,  25148.5547,
       1,     166,     268,       8,       1,       3,       1,     10.0000,      1.3839,     42.3499,    244.1971,     61.4555,      3.4953,      0.0052,     -0.0252,      0.3190,      0.1223,      5.4843,     10.9686,      1.0811,     27.8725,     55.7450,      0.0189,      0.0003,      0.0156,      0.2018,   7544.5669,-416832.2188,   -926.7239,    541.6024,  25148.5527,
       1,     166,     268,       9,       1,       3,       1,     10.0000,      1.3839,     42.3499,    244.1971,     61.4555,      3.4953,      0.0508,      0.0196,      1.5037,      0.1458,      5.4843,     10.9686,      1.2882,     27.8725,     55.7450,      0.0189,      0.0003,      0.0541,      0.2018,   7544.5659,-416416.9688,   -926.6430,    541.6306,  25148.5508,
       1,     166,     268,      10,       1,       3,       1,     10.0000,      1.3839,     42.3499,    244.1971,     61.4555,      3.4953,      0.1006,      0.0683,      5.3315,      0.1790,      5.4843,     10.9686,      1.5816,     27.8725,     55.7450,      0.0189,      0.0005,      0.1265,      0.2018,   7544.5654,-417873.6250,   -926.9156,    541.5319,  25148.5547,
       1,     166,     268,      11,       1,       3,       1,     10.0000,      1.3839,     42.3499,    244.1971,     61.4555,      3.4953,      0.1534,      0.1203,      9.5332,      0.2066,      5.4843,     10.9686,      1.8255,     27.8725,     55.7450,      0.0189,      0.0006,      0.2043,      0.2018,   7544.5669,-422817.2188,   -927.8705,    541.1973,  25148.5508,
       1,     166,     268,      12,       1,       3,       1,     10.0000,      1.3839,     42.3499,    244.1971,     61.4555,      3.4953,      0.1659,      0.1326,      8.6659,      0.2105,      5.4843,     10.9686,      1.8599,     27.8725,     55.7450,      0.0189,      0.0005,      0.2230,      0.2018,   7544.5654,-428530.4688,   -928.9492,    540.8109,  25148.5527,
       1,     166,     268,      13,       1,       3,       1,     10.0000,      1.3839,     42.3499,    244.1971,     61.4555,      3.4953,      0.1688,      0.1347,      9.9118,      0.2393,      5.4843,     10.9686,      2.1144,     27.8725,     55.7450,      0.0189,      0.0005,      0.2273,      0.2018,   7544.5659,-427924.8125,   -928.7838,    540.8519,  25148.5527,
       1,     166,     268,      14,       1,       3,       1,     10.0000,      1.3839,     42.3499,    244.1971,     61.4555,      3.4953,      0.1782,      0.1439,     28.8821,      0.2488,      5.4843,     10.9686,      2.1983,     27.8725,     55.7450,      0.0189,      0.0015,      0.2394,      0.2018,   7544.5659,-429442.1562,   -929.0164,    540.7494,  25148.5527,
       1,     166,     268,      15,       1,       3,       1,     10.0000,      1.3839,     42.3499,    244.1971,     61.4555,      3.4953,      0.1747,      0.1407,     54.5304,      0.2372,      5.4843,     10.9686,      2.0959,     27.8725,     55.7450,      0.0189,      0.0029,      0.2310,      0.2018,   7544.5659,-453462.1562,   -933.6878,    539.1258,  25148.5527,
       1,     166,     268,      16,       1,       3,       1,     10.0000,      1.3839,     42.3499,    244.1971,     61.4555,      3.4953,      0.0438,      0.0099,     16.6083,      0.2303,      5.4843,     10.9686,      2.0354,     27.8725,     55.7450,      0.0189,      0.0053,      0.0394,      0.2018,   7544.5659,-487826.5000,   -940.5120,    536.8124,  25148.5527,
       1,     166,     268,      17,       1,       3,       1,     10.0000,      1.3839,     42.3499,    244.1971,     61.4555,      3.4953,      0.0040,     -0.0274,      6.0266,      0.1510,      5.4843,     10.9686,      1.3344,     27.8725,     55.7450,      0.0189,      0.0048,      0.0156,      0.2017,   7544.5659,-442960.1250,   -931.7390,    539.8279,  25148.5508,
       1,     166,     268,      18,       1,       3,       1,     10.0000,      1.3839,     42.3499,    244.1971,     61.4555,      3.4953,      0.0031,     -0.0276,      7.0215,      0.1338,      5.4843,     10.9686,      1.1822,     27.8725,     55.7450,      0.0189,      0.0056,      0.0156,      0.2018,   7544.5654,-425838.2812,   -928.3304,    540.9918,  25148.5547,
       1,     166,     268,      19,       1,       3,       1,     10.0000,      1.3839,     42.3499,    244.1971,     61.4555,      3.4953,      0.0021,     -0.0288,      7.5893,      0.1364,      5.4843,     10.9686,      1.2052,     27.8725,     55.7450,      0.0189,      0.0061,      0.0156,      0.2018,   7544.5669,-425625.8750,   -928.2363,    541.0074,  25148.5527,
       1,     166,     268,      20,       1,       3,       1,     10.0000,      1.3839,     42.3499,    244.1971,     61.4555,      3.4953,      0.0004,     -0.0304,      7.0394,      0.1337,      5.4843,     10.9686,      1.1810,     27.8725,     55.7450,      0.0189,      0.0056,      0.0156,      0.2018,   7544.5659,-426321.4375,   -928.2894,    540.9604,  25148.5527,
       1,     166,     268,      21,       1,       3,       1,     10.0000,      1.3839,     42.3499,    244.1971,     61.4555,      3.4953,      0.0000,     -0.0307,      6.1802,      0.1331,      5.4843,     10.9686,      1.1762,     27.8725,     55.7450,      0.0189,      0.0049,      0.0156,      0.2018,   7544.5659,-425688.0625,   -928.1199,    541.0032,  25148.5527,
       1,     166,     268,      22,       1,       3,       1,     10.0000,      1.3839,     42.3499,    244.1971,     61.4555,      3.4953,      0.0000,     -0.0309,      3.9094,      0.1368,      5.4843,     10.9686,      1.2088,     27.8725,     55.7450,      0.0189,      0.0031,      0.0156,      0.2018,   7544.5659,-424552.1875,   -927.8516,    541.0800,  25148.5527,
       1,     166,     268,      23,       1,       3,       1,     10.0000,      1.3839,     42.3499,    244.1971,     61.4555,      3.4953,      0.0000,     -0.0309,      2.8983,      0.1364,      5.4843,     10.9686,      1.2052,     27.8725,     55.7450,      0.0189,      0.0023,      0.0156,      0.2018,   7544.5659,-421596.0312,   -927.2325,    541.2800,  25148.5527,
       1,     166,     268,      24,       1,       3,       1,     10.0000,      1.3839,     42.3499,    244.1971,     61.4555,      3.4953,      0.0000,     -0.0308,      2.2784,      0.1332,      5.4843,     10.9686,      1.1774,     27.8725,     55.7450,      0.0189,      0.0018,      0.0156,      0.2018,   7544.5659,-420070.8125,   -926.9081,    541.3832,  25148.5527,
       1,     166,     269,       1,       1,       3,       1,     10.0000,      1.3839,     42.3502,    244.2029,     61.4570,      3.4953,      0.0000,     -0.0307,      1.7784,      0.1314,      5.4862,     10.9724,      1.1608,     27.8598,     55.7197,      0.0189,      0.0014,      0.0156,      0.2018,   7544.5659,-419315.3125,   -927.0208,    541.4471,  25149.6758,
       1,     166,     269,       2,       1,       3,       1,     10.0000,      1.3839,     42.3502,    244.2029,     61.4570,      3.4953,      0.0000,     -0.0304,      1.8203,      0.1245,      5.4862,     10.9724,      1.1000,     27.8598,     55.7197,      0.0189,      0.0015,      0.0156,      0.2018,   7544.9028,-418469.1250,   -926.5676,    541.5044,  25149.6797,
       1,     166,     269,       3,       1,       3,       1,     10.0000,      1.3839,     42.3502,    244.2029,     61.4570,      3.4953,      0.0000,     -0.0304,      1.3323,      0.1235,      5.4862,     10.9724,      1.0910,     27.8598,     55.7197,      0.0189,      0.0011,      0.0156,      0.2018,   7544.9043,-418449.5312,   -926.5536,    541.5057,  25149.6777,
       1,     166,     269,       4,       1,       3,       1,     10.0000,      1.3839,     42.3502,    244.2029,     61.4570,      3.4953,      0.0000,     -0.0302,      0.5873,      0.1199,      5.4862,     10.9724,      1.0593,     27.8598,     55.7197,      0.0189,      0.0005,      0.0156,      0.2018,   7544.9038,-417833.5000,   -926.4235,    541.5474,  25149.6777,
       1,     166,     269,       5,       1,       3,       1,     10.0000,      1.3839,     42.3502,    244.2029,     61.4570,      3.4953,      0.0000,     -0.0302,      0.3744,      0.1199,      5.4862,     10.9724,      1.0593,     27.8598,     55.7197,      0.0189,      0.0003,      0.0156,      0.2018,   7544.9038,-416843.0938,   -926.2266,    541.6145,  25149.6777,
       1,     166,     269,       6,       1,       3,       1,     10.0000,      1.3839,     42.3502,    244.2029,     61.4570,      3.4953,      0.0000,     -0.0302,      0.3656,      0.1200,      5.4862,     10.9724,      1.0603,     27.8598,     55.7197,      0.0189,      0.0003,      0.0156,      0.2018,   7544.9038,-416490.6250,   -926.1579,    541.6384,  25149.6777,
       1,     166,     269,       7,       1,       3,       1,     10.0000,      1.3839,     42.3502,    244.2029,     61.4570,      3.4953,      0.0000,     -0.0304,      0.2960,      0.1242,      5.4862,     10.9724,      1.0977,     27.8598,     55.7197,      0.0189,      0.0002,      0.0156,      0.2018,   7544.9038,-416449.3438,   -926.1503,    541.6411,  25149.6758,
       1,     166,     269,       8,       1,       3,       1,     10.0000,      1.3839,     42.3502,    244.2029,     61.4570,      3.4953,      0.0073,     -0.0231,      0.3016,      0.1263,      5.4862,     10.9724,      1.1158,     27.8598,     55.7197,      0.0189,      0.0002,      0.0156,      0.2018,   7544.9028,-416358.6562,   -926.1342,    541.6473,  25149.6777,
       1,     166,     269,       9,       1,       3,       1,     10.0000,      1.3839,     42.3502,    244.2029,     61.4570,      3.4953,      0.1070,      0.0762,      2.8972,      0.1367,      5.4862,     10.9724,      1.2076,     27.8598,     55.7197,      0.0189,      0.0003,      0.1369,      0.2018,   7544.9038,-416357.5625,   -926.1307,    541.6473,  25149.6777,
       1,     166,     269,      10,       1,       3,       1,     10.0000,      1.3839,     42.3502,    244.2029,     61.4570,      3.4953,      0.1593,      0.1277,      5.9031,      0.1583,      5.4862,     10.9724,      1.3989,     27.8598,     55.7197,      0.0189,      0.0003,      0.2134,      0.2018,   7544.9038,-419625.4062,   -926.7489,    541.4261,  25149.6777,
       1,     166,     269,      11,       1,       3,       1,     10.0000,      1.3839,     42.3502,    244.2029,     61.4570,      3.4953,      0.0717,      0.0395,      3.4021,      0.1758,      5.4862,     10.9724,      1.5535,     27.8598,     55.7197,      0.0189,      0.0005,      0.0840,      0.2018,   7544.9038,-423688.6250,   -927.4961,    541.1511,  25149.6797,
       1,     166,     269,      12,       1,       3,       1,     10.0000,      1.3839,     42.3502,    244.2029,     61.4570,      3.4953,      0.1293,      0.0970,     10.8942,      0.1772,      5.4862,     10.9724,      1.5660,     27.8598,     55.7197,      0.0189,      0.0008,      0.1683,      0.2018,   7544.9043,-420885.8438,   -926.9284,    541.3408,  25149.6777,
       1,     166,     269,      13,       1,       3,       1,     10.0000,      1.3839,     42.3502,    244.2029,     61.4570,      3.4953,      0.1613,      0.1286,      7.4814,      0.1920,      5.4862,     10.9724,      1.6970,     27.8598,     55.7197,      0.0189,      0.0004,      0.2163,      0.2018,   7544.9038,-430080.2188,   -928.6892,    540.7187,  25149.6777,
       1,     166,     269,      14,       1,       3,       1,     10.0000,      1.3839,     42.3502,    244.2029,     61.4570,      3.4953,      0.0685,      0.0355,      4.2847,      0.2000,      5.4862,     10.9724,      1.7671,     27.8598,     55.7197,      0.0189,      0.0007,      0.0785,      0.2018,   7544.9038,-426567.0625,   -927.9006,    540.9565,  25149.6758,
       1,     166,     269,      15,       1,       3,       1,     10.0000,      1.3839,     42.3502,    244.2029,     61.4570,      3.4953,      0.0892,      0.0567,     17.2256,      0.1849,      5.4862,     10.9724,      1.6343,     27.8598,     55.7197,      0.0189,      0.0020,      0.1081,      0.2018,   7544.9028,-422242.5625,   -927.0384,    541.2490,  25149.6777,
       1,     166,     269,      16,       1,       3,       1,     10.0000,      1.3839,     42.3502,    244.2029,     61.4570,      3.4953,      0.1323,      0.1005,     42.4584,      0.1638,      5.4862,     10.9724,      1.4473,     27.8598,     55.7197,      0.0189,      0.0031,      0.1692,      0.2018,   7544.9038,-438168.0312,   -930.1922,    540.1716,  25149.6758,
       1,     166,     269,      17,       1,       3,       1,     10.0000,      1.3839,     42.3502,    244.2029,     61.4570,      3.4953,      0.0350,      0.0034,      7.5061,      0.1558,      5.4862,     10.9724,      1.3766,     27.8598,     55.7197,      0.0189,      0.0031,      0.0298,      0.2018,   7544.9028,-471305.6875,   -936.8112,    537.9352,  25149.6758,
       1,     166,     269,      18,       1,       3,       1,     10.0000,      1.3839,     42.3502,    244.2029,     61.4570,      3.4953,      0.0278,     -0.0038,      4.9129,      0.1545,      5.4862,     10.9724,      1.3656,     27.8598,     55.7197,      0.0189,      0.0032,      0.0195,      0.2018,   7544.9028,-430096.8438,   -928.6813,    540.7108,  25149.6758,
       1,     166,     269,      19,       1,       3,       1,     10.0000,      1.3839,     42.3502,    244.2029,     61.4570,      3.4953,      0.0120,     -0.0195,      4.4519,      0.1530,      5.4862,     10.9724,      1.3520,     27.8598,     55.7197,      0.0189,      0.0036,      0.0156,      0.2018,   7544.9028,-423342.9375,   -927.3168,    541.1744,  25149.6777,
       1,     166,     269,      20,       1,       3,       1,     10.0000,      1.3839,     42.3502,    244.2029,     61.4570,      3.4953,      0.0020,     -0.0290,      4.0314,      0.1407,      5.4862,     10.9724,      1.2436,     27.8598,     55.7197,      0.0189,      0.0032,      0.0156,      0.2018,   7544.9038,-422178.4688,   -927.0610,    541.2534,  25149.6758,
       1,     166,     269,      21,       1,       3,       1,     10.0000,      1.3839,     42.3502,    244.2029,     61.4570,      3.4953,      0.0000,     -0.0307,      2.4704,      0.1320,      5.4862,     10.9724,      1.1668,     27.8598,     55.7197,      0.0189,      0.0020,      0.0156,      0.2018,   7544.9028,-421549.7812,   -926.9038,    541.2959,  25149.6758,
       1,     166,     269,      22,       1,       3,       1,     10.0000,      1.3839,     42.3502,    244.2029,     61.4570,      3.4953,      0.0000,     -0.0306,      1.7769,      0.1299,      5.4862,     10.9724,      1.1480,     27.8598,     55.7197,      0.0189,      0.0014,      0.0156,      0.2018,   7544.9028,-419530.8438,   -926.4839,    541.4325,  25149.6738,
       1,     166,     269,      23,       1,       3,       1,     10.0000,      1.3839,     42.3502,    244.2029,     61.4570,      3.4953,      0.0000,     -0.0307,      1.3252,      0.1308,      5.4862,     10.9724,      1.1561,     27.8598,     55.7197,      0.0189,      0.0011,      0.0156,      0.2018,   7544.9023,-418486.0625,   -926.2646,    541.5033,  25149.6758,
       1,     166,     269,      24,       1,       3,       1,     10.0000,      1.3839,     42.3502,    244.2029,     61.4570,      3.4953,      0.0000,     -0.0308,      1.2293,      0.1343,      5.4862,     10.9724,      1.1870,     27.8598,     55.7197,      0.0189,      0.0010,      0.0156,      0.2018,   7544.9028,-417827.7812,   -926.1245,    541.5479,  25149.6758,
       1,     166,     270,       1,       1,       3,       1,     10.0000,      1.3839,     42.3506,    244.2086,     61.4584,      3.4953,      0.0000,     -0.0306,      0.6438,      0.1304,      5.4861,     10.9723,      1.1527,     27.8461,     55.6921,      0.0189,      0.0005,      0.0156,      0.2019,   7544.9028,-417806.9375,   -926.3947,    541.5623,  25150.8027,
       1,     166,     270,       2,       1,       3,       1,     10.0000,      1.3839,     42.3506,    244.2086,     61.4584,      3.4953,      0.0000,     -0.0306,      0.3445,      0.1287,      5.4861,     10.9723,      1.1375,     27.8461,     55.6921,      0.0189,      0.0003,      0.0156,      0.2019,   7545.2412,-416914.9062,   -925.9402,    541.6227,  25150.8027,
       1,     166,     270,       3,       1,       3,       1,     10.0000,      1.3839,     42.3506,    244.2086,     61.4584,      3.4953,      0.0000,     -0.0306,      0.3401,      0.1306,      5.4861,     10.9723,      1.1538,     27.8461,     55.6921,      0.0189,      0.0003,      0.0156,      0.2019,   7545.2412,-416462.1562,   -925.8514,    541.6533,  25150.8027,
       1,     166,     270,       4,       1,       3,       1,     10.0000,      1.3839,     42.3506,    244.2086,     61.4584,      3.4953,      0.0000,     -0.0305,      0.3062,      0.1280,      5.4861,     10.9723,      1.1306,     27.8461,     55.6921,      0.0189,      0.0002,      0.0156,      0.2019,   7545.2412,-416418.0625,   -925.8438,    541.6563,  25150.8027,
       1,     166,     270,       5,       1,       3,       1,     10.0000,      1.3839,     42.3506,    244.2086,     61.4584,      3.4953,      0.0000,     -0.0305,      0.3002,      0.1258,      5.4861,     10.9723,      1.1112,     27.8461,     55.6921,      0.0189,      0.0002,      0.0156,      0.2019,   7545.2412,-416371.5312,   -925.8358,    541.6594,  25150.8047,
       1,     166,     270,       6,       1,       3,       1,     10.0000,      1.3839,     42.3506,    244.2086,     61.4584,      3.4953,      0.0000,     -0.0304,      0.2960,      0.1242,      5.4861,     10.9723,      1.0978,     27.8461,     55.6921,      0.0189,      0.0002,      0.0156,      0.2019,   7545.2417,-416359.9062,   -925.8348,    541.6603,  25150.8027,
       1,     166,     270,       7,       1,       3,       1,     10.0000,      1.3839,     42.3506,    244.2086,     61.4584,      3.4953,      0.0000,     -0.0303,      0.2909,      0.1223,      5.4861,     10.9723,      1.0811,     27.8461,     55.6921,      0.0189,      0.0002,      0.0156,      0.2019,   7545.2412,-416353.7500,   -925.8350,    541.6606,  25150.8027,
       1,     166,     270,       8,       1,       3,       1,     10.0000,      1.3839,     42.3506,    244.2086,     61.4584,      3.4953,      0.0058,     -0.0244,      0.2865,      0.1207,      5.4861,     10.9723,      1.0669,     27.8461,     55.6921,      0.0189,      0.0002,      0.0156,      0.2019,   7545.2412,-416346.8750,   -925.8349,    541.6611,  25150.8047,
       1,     166,     270,       9,       1,       3,       1,     10.0000,      1.3839,     42.3506,    244.2086,     61.4584,      3.4953,      0.0479,      0.0170,      1.0621,      0.1365,      5.4861,     10.9723,      1.2064,     27.8461,     55.6921,      0.0189,      0.0003,      0.0502,      0.2019,   7545.2417,-416340.5312,   -925.8323,    541.6615,  25150.8027,
       1,     166,     270,      10,       1,       3,       1,     10.0000,      1.3839,     42.3506,    244.2086,     61.4584,      3.4953,      0.1764,      0.1446,      6.1636,      0.1627,      5.4861,     10.9723,      1.4373,     27.8461,     55.6921,      0.0189,      0.0003,      0.2386,      0.2019,   7545.2412,-417316.6562,   -926.0132,    541.5955,  25150.8027,
       1,     166,     270,      11,       1,       3,       1,     10.0000,      1.3839,     42.3506,    244.2086,     61.4584,      3.4953,      0.1612,      0.1287,      6.5171,      0.1861,      5.4861,     10.9723,      1.6441,     27.8461,     55.6921,      0.0189,      0.0004,      0.2162,      0.2019,   7545.2412,-423821.7812,   -927.2079,    541.1550,  25150.8008,
       1,     166,     270,      12,       1,       3,       1,     10.0000,      1.3839,     42.3506,    244.2086,     61.4584,      3.4953,      0.1581,      0.1250,      7.1025,      0.2044,      5.4861,     10.9723,      1.8059,     27.8461,     55.6921,      0.0189,      0.0004,      0.2115,      0.2018,   7545.2407,-424822.0938,   -927.3353,    541.0875,  25150.8027,
       1,     166,     270,      13,       1,       3,       1,     10.0000,      1.3839,     42.3506,    244.2086,     61.4584,      3.4953,      0.1840,      0.1506,      8.8329,      0.2136,      5.4861,     10.9723,      1.8876,     27.8461,     55.6921,      0.0189,      0.0004,      0.2500,      0.2018,   7545.2412,-425643.7812,   -927.4398,    541.0320,  25150.8047,
       1,     166,     270,      14,       1,       3,       1,     10.0000,      1.3839,     42.3506,    244.2086,     61.4584,      3.4953,      0.1844,      0.1505,     16.1103,      0.2338,      5.4861,     10.9723,      2.0656,     27.8461,     55.6921,      0.0189,      0.0008,      0.2500,      0.2018,   7545.2417,-427892.1562,   -927.7066,    540.8799,  25150.8027,
       1,     166,     270,      15,       1,       3,       1,     10.0000,      1.3839,     42.3506,    244.2086,     61.4584,      3.4953,      0.1708,      0.1368,     46.9276,      0.2367,      5.4861,     10.9723,      2.0919,     27.8461,     55.6921,      0.0189,      0.0026,      0.2260,      0.2018,   7545.2412,-437246.5312,   -929.3575,    540.2475,  25150.8047,
       1,     166,     270,      16,       1,       3,       1,     10.0000,      1.3839,     42.3506,    244.2086,     61.4584,      3.4953,      0.1819,      0.1480,     84.5295,      0.2356,      5.4861,     10.9723,      2.0817,     27.8461,     55.6921,      0.0189,      0.0044,      0.2383,      0.2018,   7545.2417,-476849.9375,   -937.2472,    537.5734,  25150.8027,
       1,     166,     270,      17,       1,       3,       1,     10.0000,      1.3839,     42.3506,    244.2086,     61.4584,      3.4953,      0.1534,      0.1197,     93.3652,      0.2277,      5.4861,     10.9723,      2.0118,     27.8461,     55.6921,      0.0189,      0.0060,      0.1945,      0.2018,   7545.2412,-527615.3125,   -947.4876,    534.1689,  25150.8027,
       1,     166,     270,      18,       1,       3,       1,     10.0000,      1.3839,     42.3506,    244.2086,     61.4584,      3.4953,      0.0803,      0.0468,     47.1530,      0.2189,      5.4861,     10.9723,      1.9345,     27.8461,     55.6921,      0.0189,      0.0065,      0.0908,      0.2017,   7545.2412,-543092.7500,   -950.8721,    533.1461,  25150.8027,
       1,     166,     270,      19,       1,       3,       1,     10.0000,      1.3839,     42.3506,    244.2086,     61.4584,      3.4953,      0.0140,     -0.0190,      8.8907,      0.1994,      5.4861,     10.9723,      1.7619,     27.8461,     55.6921,      0.0189,      0.0071,      0.0156,      0.2017,   7545.2412,-486108.3125,   -939.7250,    536.9447,  25150.8027,
       1,     166,     270,      20,       1,       3,       1,     10.0000,      1.3839,     42.3506,    244.2086,     61.4584,      3.4953,      0.0023,     -0.0300,      7.9371,      0.1767,      5.4861,     10.9723,      1.5613,     27.8461,     55.6921,      0.0189,      0.0064,      0.0156,      0.2018,   7545.2412,-433100.8750,   -929.1329,    540.5160,  25150.8027,
       1,     166,     270,      21,       1,       3,       1,     10.0000,      1.3839,     42.3506,    244.2086,     61.4584,      3.4953,      0.0000,     -0.0316,      7.5264,      0.1571,      5.4861,     10.9723,      1.3878,     27.8461,     55.6921,      0.0189,      0.0060,      0.0156,      0.2018,   7545.2412,-427414.3125,   -927.9297,    540.9121,  25150.8027,
       1,     166,     270,      22,       1,       3,       1,     10.0000,      1.3839,     42.3506,    244.2086,     61.4584,      3.4953,      0.0000,     -0.0312,      5.9676,      0.1459,      5.4861,     10.9723,      1.2896,     27.8461,     55.6921,      0.0189,      0.0048,      0.0156,      0.2018,   7545.2412,-426398.5000,   -927.6589,    540.9810,  25150.8027,
       1,     166,     270,      23,       1,       3,       1,     10.0000,      1.3839,     42.3506,    244.2086,     61.4584,      3.4953,      0.0000,     -0.0310,      5.5316,      0.1403,      5.4861,     10.9723,      1.2398,     27.8461,     55.6921,      0.0189,      0.0044,      0.0156,      0.2018,   7545.2412,-424349.1875,   -927.7627,    541.1196,  25150.8027,
       1,     166,     270,      24,       1,       3,       1,     10.0000,      1.3839,     42.3506,    244.2086,     61.4584,      3.4953,      0.0000,     -0.0308,      4.5343,      0.1357,      5.4861,     10.9723,      1.1991,     27.8461,     55.6921,      0.0189,      0.0036,      0.0156,      0.2018,   7545.2412,-423625.7500,   -927.5671,    541.1685,  25150.8027,
       1,     166,     271,       1,       1,       3,       1,     10.0000,      1.3839,     42.3509,    244.2143,     61.4599,      3.4953,      0.0000,     -0.0309,      3.4995,      0.1368,      5.4854,     10.9709,      1.2089,     27.8448,     55.6896,      0.0189,      0.0028,      0.0156,      0.2019,   7545.2412,-422463.1250,   -927.5842,    541.2599,  25151.9277,
       1,     166,     271,       2,       1,       3,       1,     10.0000,      1.3839,     42.3509,    244.2143,     61.4599,      3.4953,      0.0000,     -0.0307,      1.3344,      0.1331,      5.4854,     10.9709,      1.1763,     27.8448,     55.6896,      0.0189,      0.0011,      0.0156,      0.2019,   7545.5786,-420909.1562,   -926.9733,    541.3651,  25151.9277,
       1,     166,     271,       3,       1,       3,       1,     10.0000,      1.3839,     42.3509,    244.2143,     61.4599,      3.4953,      0.0000,     -0.0306,      0.3091,      0.1290,      5.4854,     10.9709,      1.1399,     27.8448,     55.6896,      0.0189,      0.0002,      0.0156,      0.2019,   7545.5786,-418051.3750,   -926.3936,    541.5584,  25151.9277,
       1,     166,     271,       4,       1,       3,       1,     10.0000,      1.3839,     42.3509,    244.2143,     61.4599,      3.4953,      0.0000,     -0.0305,      0.3027,      0.1267,      5.4854,     10.9709,      1.1192,     27.8448,     55.6896,      0.0189,      0.0002,      0.0156,      0.2019,   7545.5786,-416517.2812,   -926.0885,    541.6623,  25151.9277,
       1,     166,     271,       5,       1,       3,       1,     10.0000,      1.3839,     42.3509,    244.2143,     61.4599,      3.4953,      0.0000,     -0.0305,      0.3065,      0.1281,      5.4854,     10.9709,      1.1318,     27.8448,     55.6896,      0.0189,      0.0002,      0.0156,      0.2019,   7545.5786,-416378.5312,   -926.0620,    541.6717,  25151.9277,
       1,     166,     271,       6,       1,       3,       1,     10.0000,      1.3839,     42.3509,    244.2143,     61.4599,      3.4953,      0.0000,     -0.0307,      0.3986,      0.1314,      5.4854,     10.9709,      1.1609,     27.8448,     55.6896,      0.0189,      0.0003,      0.0156,      0.2019,   7545.5786,-416371.6562,   -926.0615,    541.6722,  25151.9277,
       1,     166,     271,       7,       1,       3,       1,     10.0000,      1.3839,     42.3509,    244.2143,     61.4599,      3.4953,      0.0000,     -0.0306,      0.3109,      0.1297,      5.4854,     10.9709,      1.1457,     27.8448,     55.6896,      0.0189,      0.0002,      0.0156,      0.2019,   7545.5786,-416486.8438,   -926.0851,    541.6644,  25151.9277,
       1,     166,     271,       8,       1,       3,       1,     10.0000,      1.3839,     42.3509,    244.2143,     61.4599,      3.4953,      0.0085,     -0.0218,      0.2954,      0.1240,      5.4854,     10.9709,      1.0956,     27.8448,     55.6896,      0.0189,      0.0002,      0.0156,      0.2019,   7545.5786,-416386.1562,   -926.6387,    541.6712,  25151.9277,
       1,     166,     271,       9,       1,       3,       1,     10.0000,      1.3839,     42.3509,    244.2143,     61.4599,      3.4953,      0.0904,      0.0597,      2.3237,      0.1327,      5.4854,     10.9709,      1.1727,     27.8448,     55.6896,      0.0189,      0.0003,      0.1127,      0.2019,   7545.5786,-416358.1250,   -926.6303,    541.6731,  25151.9258,
       1,     166,     271,      10,       1,       3,       1,     10.0000,      1.3839,     42.3509,    244.2143,     61.4599,      3.4953,      0.1325,      0.1012,      4.0274,      0.1477,      5.4854,     10.9709,      1.3053,     27.8448,     55.6896,      0.0189,      0.0003,      0.1741,      0.2019,   7545.5781,-418909.0312,   -927.0993,    541.5004,  25151.9297,
       1,     166,     271,      11,       1,       3,       1,     10.0000,      1.3839,     42.3509,    244.2143,     61.4599,      3.4953,      0.1622,      0.1301,      6.0455,      0.1732,      5.4854,     10.9709,      1.5306,     27.8448,     55.6896,      0.0189,      0.0003,      0.2177,      0.2019,   7545.5791,-421270.5938,   -927.5164,    541.3405,  25151.9297,
       1,     166,     271,      12,       1,       3,       1,     10.0000,      1.3839,     42.3509,    244.2143,     61.4599,      3.4953,      0.1734,      0.1402,      8.0841,      0.2093,      5.4854,     10.9709,      1.8491,     27.8448,     55.6896,      0.0189,      0.0004,      0.2343,      0.2019,   7545.5791,-424012.3125,   -927.9808,    541.1550,  25151.9277,
       1,     166,     271,      13,       1,       3,       1,     10.0000,      1.3839,     42.3509,    244.2143,     61.4599,      3.4953,      0.1603,      0.1267,      7.9930,      0.2235,      5.4854,     10.9709,      1.9748,     27.8448,     55.6896,      0.0189,      0.0005,      0.2148,      0.2019,   7545.5786,-426812.4375,   -928.4344,    540.9657,  25151.9277,
       1,     166,     271,      14,       1,       3,       1,     10.0000,      1.3839,     42.3509,    244.2143,     61.4599,      3.4953,      0.1528,      0.1191,      8.3519,      0.2255,      5.4854,     10.9709,      1.9922,     27.8448,     55.6896,      0.0189,      0.0005,      0.2035,      0.2019,   7545.5786,-426936.1562,   -928.3741,    540.9573,  25151.9277,
       1,     166,     271,      15,       1,       3,       1,     10.0000,      1.3839,     42.3509,    244.2143,     61.4599,      3.4953,      0.1229,      0.0893,     11.6344,      0.2259,      5.4854,     10.9709,      1.9961,     27.8448,     55.6896,      0.0189,      0.0009,      0.1585,      0.2019,   7545.5786,-427398.4375,   -928.4293,    540.9260,  25151.9277,
       1,     166,     271,      16,       1,       3,       1,     10.0000,      1.3839,     42.3509,    244.2143,     61.4599,      3.4953,      0.1328,      0.0990,     36.2474,      0.2299,      5.4854,     10.9709,      2.0316,     27.8448,     55.6896,      0.0189,      0.0027,      0.1703,      0.2019,   7545.5786,-431570.3125,   -929.2616,    540.6440,  25151.9297,
       1,     166,     271,      17,       1,       3,       1,     10.0000,      1.3839,     42.3509,    244.2143,     61.4599,      3.4953,      0.0188,     -0.0145,      1.7044,      0.2117,      5.4854,     10.9709,      1.8710,     27.8448,     55.6896,      0.0189,      0.0048,      0.0044,      0.2019,   7545.5791,-462912.6875,   -935.5747,    538.5259,  25151.9258,
       1,     166,     271,      18,       1,       3,       1,     10.0000,      1.3839,     42.3509,    244.2143,     61.4599,      3.4953,      0.0030,     -0.0292,      6.3319,      0.1751,      5.4854,     10.9709,      1.5474,     27.8448,     55.6896,      0.0189,      0.0051,      0.0156,      0.2018,   7545.5781,-422083.2500,   -927.3676,    541.2786,  25151.9258,
       1,     166,     271,      19,       1,       3,       1,     10.0000,      1.3839,     42.3509,    244.2143,     61.4599,      3.4953,      0.0017,     -0.0298,      6.3138,      0.1533,      5.4854,     10.9709,      1.3548,     27.8448,     55.6896,      0.0189,      0.0051,      0.0156,      0.2019,   7545.5781,-424451.2812,   -927.7906,    541.1254,  25151.9258,
       1,     166,     271,      20,       1,       3,       1,     10.0000,      1.3839,     42.3509,    244.2143,     61.4599,      3.4953,      0.0003,     -0.0308,      5.9242,      0.1417,      5.4854,     10.9709,      1.2524,     27.8448,     55.6896,      0.0189,      0.0047,      0.0156,      0.2019,   7545.5781,-424621.3750,   -927.7673,    541.1139,  25151.9258,
       1,     166,     271,      21,       1,       3,       1,     10.0000,      1.3839,     42.3509,    244.2143,     61.4599,      3.4953,      0.0000,     -0.0310,      5.9149,      0.1406,      5.4854,     10.9709,      1.2424,     27.8448,     55.6896,      0.0189,      0.0047,      0.0156,      0.2019,   7545.5781,-424145.3750,   -927.6207,    541.1461,  25151.9258,
       1,     166,     271,      22,       1,       3,       1,     10.0000,      1.3839,     42.3509,    244.2143,     61.4599,      3.4953,      0.0000,     -0.0310,      5.4863,      0.1392,      5.4854,     10.9709,      1.2299,     27.8448,     55.6896,      0.0189,      0.0044,      0.0156,      0.2019,   7545.5781,-424093.2188,   -927.5535,    541.1496,  25151.9238,
       1,     166,     271,      23,       1,       3,       1,     10.0000,      1.3839,     42.3509,    244.2143,     61.4599,      3.4953,      0.0000,     -0.0309,      3.8745,      0.1385,      5.4854,     10.9709,      1.2237,     27.8448,     55.6896,      0.0189,      0.0031,      0.0156,      0.2019,   7545.5776,-423549.5938,   -927.3924,    541.1864,  25151.9258,
       1,     166,     271,      24,       1,       3,       1,     10.0000,      1.3839,     42.3509,    244.2143,     61.4599,      3.4953,      0.0000,     -0.0308,      2.2148,      0.1353,      5.4854,     10.9709,      1.1955,     27.8448,     55.6896,      0.0189,      0.0018,      0.0156,      0.2019,   7545.5781,-421473.8750,   -926.9424,    541.3268,  25151.9258,
       1,     166,     272,       1,       1,       3,       1,     10.0000,      1.3840,     42.3512,    244.2201,     61.4613,      3.4953,      0.0000,     -0.0308,      1.2056,      0.1360,      5.4861,     10.9721,      1.2016,     27.8347,     55.6695,      0.0189,      0.0010,      0.0156,      0.2019,   7545.5781,-419363.0312,   -926.7861,    541.4825,  25153.0508,
       1,     166,     272,       2,       1,       3,       1,     10.0000,      1.3840,     42.3512,    244.2201,     61.4613,      3.4953,      0.0000,     -0.0308,      0.9696,      0.1343,      5.4861,     10.9721,      1.1871,     27.8347,     55.6695,      0.0189,      0.0008,      0.0156,      0.2019,   7545.9155,-417760.4375,   -926.1772,    541.5909,  25153.0508,
       1,     166,     272,       3,       1,       3,       1,     10.0000,      1.3840,     42.3512,    244.2201,     61.4613,      3.4953,      0.0000,     -0.0308,      1.3052,      0.1342,      5.4861,     10.9721,      1.1859,     27.8347,     55.6695,      0.0189,      0.0010,      0.0156,      0.2019,   7545.9155,-417326.9375,   -926.0892,    541.6203,  25153.0508,
       1,     166,     272,       4,       1,       3,       1,     10.0000,      1.3840,     42.3512,    244.2201,     61.4613,      3.4953,      0.0000,     -0.0308,      1.5308,      0.1337,      5.4861,     10.9721,      1.1811,     27.8347,     55.6695,      0.0189,      0.0012,      0.0156,      0.2019,   7545.9155,-417712.3438,   -926.1588,    541.5942,  25153.0488,
       1,     166,     272,       5,       1,       3,       1,     10.0000,      1.3840,     42.3512,    244.2201,     61.4613,      3.4953,      0.0000,     -0.0307,      0.9544,      0.1334,      5.4861,     10.9721,      1.1787,     27.8347,     55.6695,      0.0189,      0.0008,      0.0156,      0.2019,   7545.9150,-418029.2188,   -926.2193,    541.5728,  25153.0508,
       1,     166,     272,       6,       1,       3,       1,     10.0000,      1.3840,     42.3512,    244.2201,     61.4613,      3.4953,      0.0000,     -0.0307,      0.6021,      0.1322,      5.4861,     10.9721,      1.1680,     27.8347,     55.6695,      0.0189,      0.0005,      0.0156,      0.2019,   7545.9155,-417330.7812,   -926.0748,    541.6201,  25153.0508,
       1,     166,     272,       7,       1,       3,       1,     10.0000,      1.3840,     42.3512,    244.2201,     61.4613,      3.4953,      0.0000,     -0.0307,      0.3521,      0.1322,      5.4861,     10.9721,      1.1680,     27.8347,     55.6695,      0.0189,      0.0003,      0.0156,      0.2019,   7545.9155,-416827.7188,   -925.9732,    541.6541,  25153.0508,
       1,     166,     272,       8,       1,       3,       1,     10.0000,      1.3840,     42.3512,    244.2201,     61.4613,      3.4953,      0.0086,     -0.0222,      0.3249,      0.1348,      5.4861,     10.9721,      1.1907,     27.8347,     55.6695,      0.0189,      0.0003,      0.0156,      0.2019,   7545.9155,-416470.2500,   -925.9023,    541.6783,  25153.0508,
       1,     166,     272,       9,       1,       3,       1,     10.0000,      1.3840,     42.3512,    244.2201,     61.4613,      3.4953,      0.0421,      0.0110,      0.9295,      0.1436,      5.4861,     10.9721,      1.2690,     27.8347,     55.6695,      0.0189,      0.0003,      0.0415,      0.2019,   7545.9155,-416405.5312,   -925.8878,    541.6826,  25153.0508,
       1,     166,     272,      10,       1,       3,       1,     10.0000,      1.3840,     42.3512,    244.2201,     61.4613,      3.4953,      0.1050,      0.0731,      3.5593,      0.1673,      5.4861,     10.9721,      1.4781,     27.8347,     55.6695,      0.0189,      0.0003,      0.1334,      0.2019,   7545.9155,-417161.0625,   -926.0203,    541.6316,  25153.0508,
       1,     166,     272,      11,       1,       3,       1,     10.0000,      1.3840,     42.3512,    244.2201,     61.4613,      3.4953,      0.0660,      0.0332,      2.3712,      0.1936,      5.4861,     10.9721,      1.7106,     27.8347,     55.6695,      0.0189,      0.0004,      0.0752,      0.2019,   7545.9155,-420535.0625,   -926.6694,    541.4031,  25153.0508,
       1,     166,     272,      12,       1,       3,       1,     10.0000,      1.3840,     42.3512,    244.2201,     61.4613,      3.4953,      0.1159,      0.0827,      5.1137,      0.2084,      5.4861,     10.9721,      1.8419,     27.8347,     55.6695,      0.0189,      0.0004,      0.1489,      0.2019,   7545.9155,-419327.3438,   -926.4090,    541.4849,  25153.0508,
       1,     166,     272,      13,       1,       3,       1,     10.0000,      1.3840,     42.3512,    244.2201,     61.4613,      3.4953,      0.0839,      0.0500,      3.9295,      0.2326,      5.4861,     10.9721,      2.0556,     27.8347,     55.6695,      0.0189,      0.0005,      0.1008,      0.2019,   7545.9155,-422676.1562,   -927.0515,    541.2582,  25153.0488,
       1,     166,     272,      14,       1,       3,       1,     10.0000,      1.3840,     42.3512,    244.2201,     61.4613,      3.4953,      0.0623,      0.0286,      2.8954,      0.2263,      5.4861,     10.9721,      2.0001,     27.8347,     55.6695,      0.0189,      0.0005,      0.0688,      0.2019,   7545.9150,-421471.2812,   -926.8007,    541.3397,  25153.0508,
       1,     166,     272,      15,       1,       3,       1,     10.0000,      1.3840,     42.3512,    244.2201,     61.4613,      3.4953,      0.0471,      0.0138,      7.6437,      0.2109,      5.4861,     10.9721,      1.8637,     27.8347,     55.6695,      0.0189,      0.0021,      0.0460,      0.2019,   7545.9155,-420066.9375,   -926.5135,    541.4348,  25153.0508,
       1,     166,     272,      16,       1,       3,       1,     10.0000,      1.3840,     42.3512,    244.2201,     61.4613,      3.4953,      0.0633,      0.0298,     18.5231,      0.2189,      5.4861,     10.9721,      1.9346,     27.8347,     55.6695,      0.0189,      0.0034,      0.0687,      0.2019,   7545.9155,-425923.6250,   -927.6765,    541.0385,  25153.0508,
       1,     166,     272,      17,       1,       3,       1,     10.0000,      1.3840,     42.3512,    244.2201,     61.4613,      3.4953,      0.1002,      0.0669,     44.0462,      0.2120,      5.4861,     10.9721,      1.8729,     27.8347,     55.6695,      0.0189,      0.0045,      0.1209,      0.2019,   7545.9155,-440117.0000,   -930.5281,    540.0787,  25153.0508,
       1,     166,     272,      18,       1,       3,       1,     10.0000,      1.3840,     42.3512,    244.2201,     61.4613,      3.4953,      0.0962,      0.0641,     55.1622,      0.1727,      5.4861,     10.9721,      1.5260,     27.8347,     55.6695,      0.0189,      0.0060,      0.1143,      0.2019,   7545.9155,-473460.8125,   -937.2939,    537.8286,  25153.0508,
       1,     166,     272,      19,       1,       3,       1,     10.0000,      1.3840,     42.3512,    244.2201,     61.4613,      3.4953,      0.0341,      0.0026,      9.8155,      0.1533,      5.4861,     10.9721,      1.3548,     27.8347,     55.6695,      0.0189,      0.0043,      0.0282,      0.2019,   7545.9155,-490311.0000,   -940.8126,    536.7003,  25153.0508,
       1,     166,     272,      20,       1,       3,       1,     10.0000,      1.3840,     42.3512,    244.2201,     61.4613,      3.4953,      0.0021,     -0.0292,      6.8015,      0.1476,      5.4861,     10.9721,      1.3040,     27.8347,     55.6695,      0.0189,      0.0054,      0.0156,      0.2018,   7545.9155,-434606.1875,   -929.6655,    540.4386,  25153.0527,
       1,     166,     272,      21,       1,       3,       1,     10.0000,      1.3840,     42.3512,    244.2201,     61.4613,      3.4953,      0.0000,     -0.0312,      5.1852,      0.1458,      5.4861,     10.9721,      1.2883,     27.8347,     55.6695,      0.0189,      0.0041,      0.0156,      0.2019,   7545.9160,-426117.5312,   -927.9221,    541.0252,  25153.0488,
       1,     166,     272,      22,       1,       3,       1,     10.0000,      1.3840,     42.3512,    244.2201,     61.4613,      3.4953,      0.0000,     -0.0312,      4.5334,      0.1445,      5.4861,     10.9721,      1.2767,     27.8347,     55.6695,      0.0189,      0.0036,      0.0156,      0.2019,   7545.9150,-423345.0938,   -927.3286,    541.2130,  25153.0488,
       1,     166,     272,      23,       1,       3,       1,     10.0000,      1.3840,     42.3512,    244.2201,     61.4613,      3.4953,      0.0000,     -0.0310,      2.2860,      0.1409,      5.4861,     10.9721,      1.2449,     27.8347,     55.6695,      0.0189,      0.0018,      0.0156,      0.2019,   7545.9150,-422288.3438,   -927.0837,    541.2845,  25153.0488,
       1,     166,     272,      24,       1,       3,       1,     10.0000,      1.3840,     42.3512,    244.2201,     61.4613,      3.4953,      0.0000,     -0.0311,      1.0693,      0.1430,      5.4861,     10.9721,      1.2639,     27.8347,     55.6695,      0.0189,      0.0009,      0.0156,      0.2019,   7545.9150,-419369.5938,   -926.4835,    541.4820,  25153.0508,
       1,     166,     273,       1,       1,       3,       1,     10.0000,      1.3840,     42.3515,    244.2258,     61.4628,      3.4953,      0.0000,     -0.0309,      0.7351,      0.1372,      5.4870,     10.9740,      1.2127,     27.8164,     55.6327,      0.0189,      0.0006,      0.0156,      0.2019,   7545.9155,-417744.7812,   -926.4351,    541.6050,  25154.1738,
       1,     166,     273,       2,       1,       3,       1,     10.0000,      1.3840,     42.3515,    244.2258,     61.4628,      3.4953,      0.0000,     -0.0308,      0.4780,      0.1353,      5.4870,     10.9740,      1.1956,     27.8164,     55.6327,      0.0189,      0.0004,      0.0156,      0.2019,   7546.2524,-417033.3750,   -926.0083,    541.6531,  25154.1738,
       1,     166,     273,       3,       1,       3,       1,     10.0000,      1.3840,     42.3515,    244.2258,     61.4628,      3.4953,      0.0000,     -0.0308,      0.5023,      0.1359,      5.4870,     10.9740,      1.2004,     27.8164,     55.6327,      0.0189,      0.0004,      0.0156,      0.2019,   7546.2524,-416649.0938,   -925.9305,    541.6791,  25154.1758,
       1,     166,     273,       4,       1,       3,       1,     10.0000,      1.3840,     42.3515,    244.2258,     61.4628,      3.4953,      0.0000,     -0.0307,      0.4298,      0.1327,      5.4870,     10.9740,      1.1728,     27.8164,     55.6327,      0.0189,      0.0003,      0.0156,      0.2019,   7546.2529,-416646.7812,   -925.9291,    541.6793,  25154.1738,
       1,     166,     273,       5,       1,       3,       1,     10.0000,      1.3840,     42.3515,    244.2258,     61.4628,      3.4953,      0.0000,     -0.0307,      0.3149,      0.1311,      5.4870,     10.9740,      1.1586,     27.8164,     55.6327,      0.0189,      0.0003,      0.0156,      0.2019,   7546.2524,-416555.6250,   -925.9116,    541.6855,  25154.1738,
       1,     166,     273,       6,       1,       3,       1,     10.0000,      1.3840,     42.3515,    244.2258,     61.4628,      3.4953,      0.0000,     -0.0307,      0.3160,      0.1315,      5.4870,     10.9740,      1.1621,     27.8164,     55.6327,      0.0189,      0.0003,      0.0156,      0.2019,   7546.2524,-416403.2188,   -925.8821,    541.6958,  25154.1758,
       1,     166,     273,       7,       1,       3,       1,     10.0000,      1.3840,     42.3515,    244.2258,     61.4628,      3.4953,      0.0000,     -0.0308,      0.3283,      0.1360,      5.4870,     10.9740,      1.2017,     27.8164,     55.6327,      0.0189,      0.0003,      0.0156,      0.2019,   7546.2529,-416391.3750,   -925.8802,    541.6966,  25154.1738,
       1,     166,     273,       8,       1,       3,       1,     10.0000,      1.3840,     42.3515,    244.2258,     61.4628,      3.4953,      0.0066,     -0.0242,      0.3290,      0.1363,      5.4870,     10.9740,      1.2041,     27.8164,     55.6327,      0.0189,      0.0003,      0.0156,      0.2019,   7546.2524,-416406.0938,   -925.8845,    541.6957,  25154.1738,
       1,     166,     273,       9,       1,       3,       1,     10.0000,      1.3840,     42.3515,    244.2258,     61.4628,      3.4953,      0.0801,      0.0489,      2.2425,      0.1474,      5.4870,     10.9740,      1.3027,     27.8164,     55.6327,      0.0189,      0.0003,      0.0972,      0.2019,   7546.2524,-416408.2188,   -925.8840,    541.6955,  25154.1738,
       1,     166,     273,      10,       1,       3,       1,     10.0000,      1.3840,     42.3515,    244.2258,     61.4628,      3.4953,      0.1655,      0.1331,      6.5487,      0.1822,      5.4870,     10.9740,      1.6103,     27.8164,     55.6327,      0.0189,      0.0004,      0.2225,      0.2019,   7546.2524,-418816.3125,   -926.3567,    541.5324,  25154.1719,
       1,     166,     273,      11,       1,       3,       1,     10.0000,      1.3840,     42.3515,    244.2258,     61.4628,      3.4953,      0.1816,      0.1487,      8.0057,      0.1986,      5.4870,     10.9740,      1.7551,     27.8164,     55.6327,      0.0189,      0.0004,      0.2464,      0.2019,   7546.2520,-424440.9688,   -927.4171,    541.1517,  25154.1738,
       1,     166,     273,      12,       1,       3,       1,     10.0000,      1.3840,     42.3515,    244.2258,     61.4628,      3.4953,      0.1736,      0.1402,      8.3938,      0.2160,      5.4870,     10.9740,      1.9082,     27.8164,     55.6327,      0.0189,      0.0004,      0.2346,      0.2019,   7546.2524,-426753.8438,   -927.7503,    540.9954,  25154.1738,
       1,     166,     273,      13,       1,       3,       1,     10.0000,      1.3840,     42.3515,    244.2258,     61.4628,      3.4953,      0.1839,      0.1500,      9.7737,      0.2333,      5.4870,     10.9740,      2.0617,     27.8164,     55.6327,      0.0189,      0.0005,      0.2499,      0.2019,   7546.2524,-427439.2812,   -927.8057,    540.9490,  25154.1738,
       1,     166,     273,      14,       1,       3,       1,     10.0000,      1.3840,     42.3515,    244.2258,     61.4628,      3.4953,      0.1746,      0.1409,     10.0914,      0.2297,      5.4870,     10.9740,      2.0297,     27.8164,     55.6327,      0.0189,      0.0005,      0.2360,      0.2019,   7546.2524,-429234.3438,   -928.0825,    540.8277,  25154.1738,
       1,     166,     273,      15,       1,       3,       1,     10.0000,      1.3840,     42.3515,    244.2258,     61.4628,      3.4953,      0.1747,      0.1407,     47.8411,      0.2379,      5.4870,     10.9740,      2.1023,     27.8164,     55.6327,      0.0189,      0.0026,      0.2318,      0.2019,   7546.2524,-429787.0938,   -928.1453,    540.7903,  25154.1738,
       1,     166,     273,      16,       1,       3,       1,     10.0000,      1.3840,     42.3515,    244.2258,     61.4628,      3.4953,      0.1418,      0.1083,     48.5603,      0.2194,      5.4870,     10.9740,      1.9384,     27.8164,     55.6327,      0.0189,      0.0033,      0.1824,      0.2019,   7546.2524,-477347.5625,   -937.7819,    537.5753,  25154.1738,
       1,     166,     273,      17,       1,       3,       1,     10.0000,      1.3840,     42.3515,    244.2258,     61.4628,      3.4953,      0.1345,      0.1011,     67.8818,      0.2162,      5.4870,     10.9740,      1.9101,     27.8164,     55.6327,      0.0189,      0.0050,      0.1692,      0.2019,   7546.2524,-482327.2500,   -938.9343,    537.2502,  25154.1738,
       1,     166,     273,      18,       1,       3,       1,     10.0000,      1.3840,     42.3515,    244.2258,     61.4628,      3.4953,      0.1313,      0.0984,     74.3668,      0.1971,      5.4870,     10.9740,      1.7413,     27.8164,     55.6327,      0.0189,      0.0057,      0.1637,      0.2019,   7546.2524,-507076.3750,   -944.1331,    535.5883,  25154.1738,
       1,     166,     273,      19,       1,       3,       1,     10.0000,      1.3840,     42.3515,    244.2258,     61.4628,      3.4953,      0.0697,      0.0371,     30.9183,      0.1898,      5.4870,     10.9740,      1.6771,     27.8164,     55.6327,      0.0189,      0.0050,      0.0775,      0.2018,   7546.2524,-517356.8750,   -946.4725,    534.9025,  25154.1738,
       1,     166,     273,      20,       1,       3,       1,     10.0000,      1.3840,     42.3515,    244.2258,     61.4628,      3.4953,      0.0043,     -0.0280,      6.4185,      0.1788,      5.4870,     10.9740,      1.5802,     27.8164,     55.6327,      0.0189,      0.0051,      0.0156,      0.2018,   7546.2524,-463468.3438,   -935.7424,    538.5062,  25154.1738,
       1,     166,     273,      21,       1,       3,       1,     10.0000,      1.3840,     42.3515,    244.2258,     61.4628,      3.4953,      0.0000,     -0.0322,      5.6836,      0.1757,      5.4870,     10.9740,      1.5521,     27.8164,     55.6327,      0.0189,      0.0045,      0.0156,      0.2019,   7546.2524,-428081.1875,   -928.5883,    540.9004,  25154.1738,
       1,     166,     273,      22,       1,       3,       1,     10.0000,      1.3840,     42.3515,    244.2258,     61.4628,      3.4953,      0.0000,     -0.0318,      5.0553,      0.1638,      5.4870,     10.9740,      1.4475,     27.8164,     55.6327,      0.0189,      0.0040,      0.0156,      0.2019,   7546.2524,-424147.7500,   -927.7620,    541.1716,  25154.1738,
       1,     166,     273,      23,       1,       3,       1,     10.0000,      1.3840,     42.3515,    244.2258,     61.4628,      3.4953,      0.0000,     -0.0317,      4.1265,      0.1599,      5.4870,     10.9740,      1.4131,     27.8164,     55.6327,      0.0189,      0.0033,      0.0156,      0.2019,   7546.2524,-423015.6875,   -927.5054,    541.2482,  25154.1738,
       1,     166,     273,      24,       1,       3,       1,     10.0000,      1.3840,     42.3515,    244.2258,     61.4628,      3.4953,      0.0000,     -0.0317,      3.8140,      0.1599,      5.4870,     10.9740,      1.4131,     27.8164,     55.6327,      0.0189,      0.0031,      0.0156,      0.2019,   7546.2524,-421750.4062,   -927.2327,    541.3339,  25154.1719,
       1,     166,     274,       1,       1,       3,       1,     10.0000,      1.3840,     42.3519,    244.2316,     61.4643,      3.4953,      0.0000,     -0.0317,      2.8579,      0.1593,      5.4854,     10.9709,      1.4075,     27.8174,     55.6348,      0.0189,      0.0023,      0.0156,      0.2020,   7546.2520,-421403.7500,   -927.4315,    541.3701,  25155.2930,
       1,     166,     274,       2,       1,       3,       1,     10.0000,      1.3840,     42.3519,    244.2316,     61.4643,      3.4953,      0.0000,     -0.0316,      2.3919,      0.1571,      5.4854,     10.9709,      1.3879,     27.8174,     55.6348,      0.0189,      0.0019,      0.0156,      0.2020,   7546.5884,-420019.0938,   -926.8564,    541.4638,  25155.2930,
       1,     166,     274,       3,       1,       3,       1,     10.0000,      1.3840,     42.3519,    244.2316,     61.4643,      3.4953,      0.0000,     -0.0315,      1.5332,      0.1553,      5.4854,     10.9709,      1.3727,     27.8174,     55.6348,      0.0189,      0.0012,      0.0156,      0.2020,   7546.5884,-419314.7500,   -926.7055,    541.5114,  25155.2930,
       1,     166,     274,       4,       1,       3,       1,     10.0000,      1.3840,     42.3519,    244.2316,     61.4643,      3.4953,      0.0000,     -0.0314,      0.8920,      0.1515,      5.4854,     10.9709,      1.3386,     27.8174,     55.6348,      0.0189,      0.0007,      0.0156,      0.2020,   7546.5884,-418174.3438,   -926.4698,    541.5887,  25155.2930,
       1,     166,     274,       5,       1,       3,       1,     10.0000,      1.3840,     42.3519,    244.2316,     61.4643,      3.4953,      0.0000,     -0.0314,      0.6076,      0.1507,      5.4854,     10.9709,      1.3319,     27.8174,     55.6348,      0.0189,      0.0005,      0.0156,      0.2020,   7546.5884,-417270.3125,   -926.2860,    541.6499,  25155.2949,
       1,     166,     274,       6,       1,       3,       1,     10.0000,      1.3840,     42.3519,    244.2316,     61.4643,      3.4953,      0.0000,     -0.0314,      0.5325,      0.1504,      5.4854,     10.9709,      1.3292,     27.8174,     55.6348,      0.0189,      0.0004,      0.0156,      0.2020,   7546.5889,-416835.3438,   -926.1979,    541.6793,  25155.2930,
       1,     166,     274,       7,       1,       3,       1,     10.0000,      1.3840,     42.3519,    244.2316,     61.4643,      3.4953,      0.0000,     -0.0314,      0.3817,      0.1513,      5.4854,     10.9709,      1.3373,     27.8174,     55.6348,      0.0189,      0.0003,      0.0156,      0.2020,   7546.5884,-416703.8750,   -926.1716,    541.6882,  25155.2930,
       1,     166,     274,       8,       1,       3,       1,     10.0000,      1.3840,     42.3519,    244.2316,     61.4643,      3.4953,      0.0145,     -0.0169,      0.0159,      0.1510,      5.4854,     10.9709,      1.3346,     27.8174,     55.6348,      0.0189,      0.0003,      0.0007,      0.2020,   7546.5884,-416502.9375,   -926.1315,    541.7018,  25155.2930,
       1,     166,     274,       9,       1,       3,       1,     10.0000,      1.3840,     42.3519,    244.2316,     61.4643,      3.4953,      0.0728,      0.0412,      2.1466,      0.1577,      5.4854,     10.9709,      1.3935,     27.8174,     55.6348,      0.0189,      0.0003,      0.0861,      0.2020,   7546.5884,-416025.5625,   -926.0320,    541.7342,  25155.2930,
       1,     166,     274,      10,       1,       3,       1,     10.0000,      1.3840,     42.3519,    244.2316,     61.4643,      3.4953,      0.1715,      0.1395,      6.2525,      0.1691,      5.4854,     10.9709,      1.4945,     27.8174,     55.6348,      0.0189,      0.0003,      0.2314,      0.2020,   7546.5884,-418665.7812,   -926.5593,    541.5554,  25155.2930,
       1,     166,     274,      11,       1,       3,       1,     10.0000,      1.3840,     42.3519,    244.2316,     61.4643,      3.4953,      0.1840,      0.1511,      8.2064,      0.2004,      5.4854,     10.9709,      1.7708,     27.8174,     55.6348,      0.0189,      0.0004,      0.2500,      0.2020,   7546.5884,-424057.3750,   -927.6150,    541.1904,  25155.2930,
       1,     166,     274,      12,       1,       3,       1,     10.0000,      1.3840,     42.3519,    244.2316,     61.4643,      3.4953,      0.1840,      0.1506,      8.9038,      0.2151,      5.4854,     10.9709,      1.9008,     27.8174,     55.6348,      0.0189,      0.0004,      0.2500,      0.2019,   7546.5884,-426975.6250,   -928.1133,    540.9931,  25155.2930,
       1,     166,     274,      13,       1,       3,       1,     10.0000,      1.3840,     42.3519,    244.2316,     61.4643,      3.4953,      0.1841,      0.1505,     10.6411,      0.2235,      5.4854,     10.9709,      1.9749,     27.8174,     55.6348,      0.0189,      0.0005,      0.2500,      0.2019,   7546.5884,-428101.7500,   -928.2585,    540.9169,  25155.2930,
       1,     166,     274,      14,       1,       3,       1,     10.0000,      1.3840,     42.3519,    244.2316,     61.4643,      3.4953,      0.1847,      0.1509,     19.7204,      0.2306,      5.4854,     10.9709,      2.0377,     27.8174,     55.6348,      0.0189,      0.0010,      0.2500,      0.2019,   7546.5884,-430384.1250,   -928.6307,    540.7628,  25155.2930,
       1,     166,     274,      15,       1,       3,       1,     10.0000,      1.3840,     42.3519,    244.2316,     61.4643,      3.4953,      0.1835,      0.1497,     30.3281,      0.2295,      5.4854,     10.9709,      2.0278,     27.8174,     55.6348,      0.0189,      0.0015,      0.2469,      0.2019,   7546.5884,-442004.5312,   -930.9204,    539.9772,  25155.2930,
       1,     166,     274,      16,       1,       3,       1,     10.0000,      1.3840,     42.3519,    244.2316,     61.4643,      3.4953,      0.1881,      0.1547,     65.7491,      0.2153,      5.4854,     10.9709,      1.9027,     27.8174,     55.6348,      0.0189,      0.0033,      0.2495,      0.2019,   7546.5884,-456347.5000,   -933.8438,    539.0096,  25155.2930,
       1,     166,     274,      17,       1,       3,       1,     10.0000,      1.3840,     42.3519,    244.2316,     61.4643,      3.4953,      0.1687,      0.1356,     71.4090,      0.2042,      5.4854,     10.9709,      1.8043,     27.8174,     55.6348,      0.0189,      0.0041,      0.2198,      0.2019,   7546.5884,-502163.7188,   -943.2758,    535.9236,  25155.2930,
       1,     166,     274,      18,       1,       3,       1,     10.0000,      1.3840,     42.3519,    244.2316,     61.4643,      3.4953,      0.1229,      0.0899,     53.4259,      0.2010,      5.4854,     10.9709,      1.7760,     27.8174,     55.6348,      0.0189,      0.0043,      0.1538,      0.2019,   7546.5884,-513212.0938,   -945.7708,    535.1923,  25155.2949,
       1,     166,     274,      19,       1,       3,       1,     10.0000,      1.3840,     42.3519,    244.2316,     61.4643,      3.4953,      0.0757,      0.0431,     31.9306,      0.1866,      5.4854,     10.9709,      1.6491,     27.8174,     55.6348,      0.0189,      0.0046,      0.0862,      0.2019,   7546.5889,-491479.4062,   -941.5948,    536.6467,  25155.2910,
       1,     166,     274,      20,       1,       3,       1,     10.0000,      1.3840,     42.3519,    244.2316,     61.4643,      3.4953,      0.0050,     -0.0272,      5.4988,      0.1758,      5.4854,     10.9709,      1.5537,     27.8174,     55.6348,      0.0189,      0.0044,      0.0156,      0.2019,   7546.5874,-462565.0938,   -935.8539,    538.5883,  25155.2910,
       1,     166,     274,      21,       1,       3,       1,     10.0000,      1.3840,     42.3519,    244.2316,     61.4643,      3.4953,      0.0000,     -0.0319,      4.9438,      0.1678,      5.4854,     10.9709,      1.4826,     27.8174,     55.6348,      0.0189,      0.0040,      0.0156,      0.2019,   7546.5874,-426838.0625,   -928.6010,    540.9970,  25155.2910,
       1,     166,     274,      22,       1,       3,       1,     10.0000,      1.3840,     42.3519,    244.2316,     61.4643,      3.4953,      0.0000,     -0.0320,      4.6092,      0.1693,      5.4854,     10.9709,      1.4960,     27.8174,     55.6348,      0.0189,      0.0037,      0.0156,      0.2019,   7546.5874,-423113.5625,   -927.8276,    541.2543,  25155.2910,
       1,     166,     274,      23,       1,       3,       1,     10.0000,      1.3840,     42.3519,    244.2316,     61.4643,      3.4953,      0.0000,     -0.0319,      4.3011,      0.1670,      5.4854,     10.9709,      1.4752,     27.8174,     55.6348,      0.0189,      0.0034,      0.0156,      0.2019,   7546.5874,-422368.7500,   -927.6633,    541.3048,  25155.2910,
       1,     166,     274,      24,       1,       3,       1,     10.0000,      1.3840,     42.3519,    244.2316,     61.4643,      3.4953,      0.0000,     -0.0319,      3.4002,      0.1673,      5.4854,     10.9709,      1.4782,     27.8174,     55.6348,      0.0189,      0.0027,      0.0156,      0.2019,   7546.5874,-421917.5000,   -927.5570,    541.3353,  25155.2910,
       1,     166,     275,       1,       1,       3,       1,     10.0000,      1.3840,     42.3522,    244.2373,     61.4657,      3.4953,      0.0000,     -0.0319,      2.4897,      0.1650,      5.4854,     10.9709,      1.4577,     27.8214,     55.6427,      0.0189,      0.0020,      0.0156,      0.2020,   7546.5874,-420900.0312,   -927.6248,    541.4168,  25156.4160,
       1,     166,     275,       2,       1,       3,       1,     10.0000,      1.3840,     42.3522,    244.2373,     61.4657,      3.4953,      0.0000,     -0.0317,      1.7165,      0.1602,      5.4854,     10.9709,      1.4160,     27.8214,     55.6427,      0.0189,      0.0014,      0.0156,      0.2020,   7546.9253,-419515.4688,   -927.0474,    541.5104,  25156.4160,
       1,     166,     275,       3,       1,       3,       1,     10.0000,      1.3840,     42.3522,    244.2373,     61.4657,      3.4953,      0.0000,     -0.0316,      1.3696,      0.1575,      5.4854,     10.9709,      1.3921,     27.8214,     55.6427,      0.0189,      0.0011,      0.0156,      0.2020,   7546.9253,-418424.9375,   -926.8203,    541.5844,  25156.4160,
       1,     166,     275,       4,       1,       3,       1,     10.0000,      1.3840,     42.3522,    244.2373,     61.4657,      3.4953,      0.0000,     -0.0312,      1.0575,      0.1460,      5.4854,     10.9709,      1.2897,     27.8214,     55.6427,      0.0189,      0.0008,      0.0156,      0.2020,   7546.9253,-417895.4375,   -926.7092,    541.6202,  25156.4141,
       1,     166,     275,       5,       1,       3,       1,     10.0000,      1.3840,     42.3522,    244.2373,     61.4657,      3.4953,      0.0000,     -0.0311,      1.1695,      0.1430,      5.4854,     10.9709,      1.2640,     27.8214,     55.6427,      0.0189,      0.0009,      0.0156,      0.2020,   7546.9243,-417457.8750,   -926.6174,    541.6498,  25156.4141,
       1,     166,     275,       6,       1,       3,       1,     10.0000,      1.3840,     42.3522,    244.2373,     61.4657,      3.4953,      0.0000,     -0.0310,      0.9192,      0.1413,      5.4854,     10.9709,      1.2488,     27.8214,     55.6427,      0.0189,      0.0007,      0.0156,      0.2020,   7546.9243,-417561.5312,   -926.6360,    541.6428,  25156.4160,
       1,     166,     275,       7,       1,       3,       1,     10.0000,      1.3840,     42.3522,    244.2373,     61.4657,      3.4953,      0.0000,     -0.0306,      0.5305,      0.1307,      5.4854,     10.9709,      1.1551,     27.8214,     55.6427,      0.0189,      0.0004,      0.0156,      0.2020,   7546.9253,-417255.3125,   -926.5715,    541.6635,  25156.4141,
       1,     166,     275,       8,       1,       3,       1,     10.0000,      1.3840,     42.3522,    244.2373,     61.4657,      3.4953,      0.0260,     -0.0037,      0.3979,      0.1071,      5.4854,     10.9709,      0.9465,     27.8214,     55.6427,      0.0189,      0.0003,      0.0196,      0.2020,   7546.9243,-416740.4375,   -910.1567,    541.6984,  25156.4219,
       1,     166,     275,       9,       1,       3,       1,     10.0000,      1.3840,     42.3522,    244.2373,     61.4657,      3.4953,      0.1405,      0.1106,     16.0781,      0.1125,      5.4854,     10.9709,      0.9943,     27.8214,     55.6427,      0.0189,      0.0011,      0.1846,      0.2020,   7546.9268,-416528.7188,   -910.1589,    541.7127,  25156.4219,
       1,     166,     275,      10,       1,       3,       1,     10.0000,      1.3840,     42.3522,    244.2373,     61.4657,      3.4953,      0.1849,      0.1547,     10.7252,      0.1176,      5.4854,     10.9709,      1.0390,     27.8214,     55.6427,      0.0189,      0.0005,      0.2500,      0.2020,   7546.9268,-436238.1250,   -914.3121,    540.3781,  25156.4219,
       1,     166,     275,      11,       1,       3,       1,     10.0000,      1.3840,     42.3522,    244.2373,     61.4657,      3.4953,      0.1844,      0.1541,      5.2141,      0.1221,      5.4854,     10.9709,      1.0790,     27.8214,     55.6427,      0.0189,      0.0003,      0.2500,      0.2020,   7546.9268,-431184.8125,   -913.7286,    540.7211,  25156.4219,
       1,     166,     275,      12,       1,       3,       1,     10.0000,      1.3840,     42.3522,    244.2373,     61.4657,      3.4953,      0.1844,      0.1538,      6.7731,      0.1313,      5.4854,     10.9709,      1.1598,     27.8214,     55.6427,      0.0189,      0.0003,      0.2500,      0.2020,   7546.9268,-423817.9375,   -914.0829,    541.2191,  25156.4219,
       1,     166,     275,      13,       1,       3,       1,     10.0000,      1.3840,     42.3522,    244.2373,     61.4657,      3.4953,      0.1843,      0.1527,      7.7311,      0.1580,      5.4854,     10.9709,      1.3963,     27.8214,     55.6427,      0.0189,      0.0004,      0.2500,      0.2020,   7546.9268,-425153.1562,   -915.4262,    541.1290,  25156.4199,
       1,     166,     275,      14,       1,       3,       1,     10.0000,      1.3840,     42.3522,    244.2373,     61.4657,      3.4953,      0.1845,      0.1524,     11.9642,      0.1725,      5.4854,     10.9709,      1.5246,     27.8214,     55.6427,      0.0189,      0.0006,      0.2500,      0.2020,   7546.9263,-426472.0938,   -917.0979,    541.0399,  25156.4219,
       1,     166,     275,      15,       1,       3,       1,     10.0000,      1.3840,     42.3522,    244.2373,     61.4657,      3.4953,      0.1842,      0.1520,      7.6038,      0.1736,      5.4854,     10.9709,      1.5338,     27.8214,     55.6427,      0.0189,      0.0004,      0.2500,      0.2020,   7546.9268,-431910.5625,   -919.5335,    540.6720,  25156.4199,
       1,     166,     275,      16,       1,       3,       1,     10.0000,      1.3840,     42.3522,    244.2373,     61.4657,      3.4953,      0.1392,      0.1070,      5.1820,      0.1746,      5.4854,     10.9709,      1.5430,     27.8214,     55.6427,      0.0189,      0.0004,      0.1837,      0.2020,   7546.9263,-426887.0938,   -919.6207,    541.0116,  25156.4219,
       1,     166,     275,      17,       1,       3,       1,     10.0000,      1.3840,     42.3522,    244.2373,     61.4657,      3.4953,      0.0332,      0.0008,      1.3187,      0.1817,      5.4854,     10.9709,      1.6056,     27.8214,     55.6427,      0.0189,      0.0006,      0.0269,      0.2020,   7546.9268,-423412.1875,   -919.2698,    541.2467,  25156.4238,
       1,     166,     275,      18,       1,       3,       1,     10.0000,      1.3840,     42.3522,    244.2373,     61.4657,      3.4953,      0.1007,      0.0688,     20.3090,      0.1655,      5.4854,     10.9709,      1.4621,     27.8214,     55.6427,      0.0189,      0.0020,      0.1250,      0.2020,   7546.9272,-418255.2812,   -918.3959,    541.5957,  25156.4238,
       1,     166,     275,      19,       1,       3,       1,     10.0000,      1.3840,     42.3522,    244.2373,     61.4657,      3.4953,      0.0477,      0.0162,     11.2632,      0.1530,      5.4854,     10.9709,      1.3522,     27.8214,     55.6427,      0.0189,      0.0029,      0.0481,      0.2020,   7546.9272,-441708.7188,   -923.0948,    540.0081,  25156.4219,
       1,     166,     275,      20,       1,       3,       1,     10.0000,      1.3840,     42.3522,    244.2373,     61.4657,      3.4953,      0.0043,     -0.0271,      3.8537,      0.1510,      5.4854,     10.9709,      1.3346,     27.8214,     55.6427,      0.0189,      0.0031,      0.0156,      0.2020,   7546.9268,-432327.6250,   -921.6919,    540.6436,  25156.4238,
       1,     166,     275,      21,       1,       3,       1,     10.0000,      1.3840,     42.3522,    244.2373,     61.4657,      3.4953,      0.0000,     -0.0314,      3.6378,      0.1503,      5.4854,     10.9709,      1.3279,     27.8214,     55.6427,      0.0189,      0.0029,      0.0156,      0.2020,   7546.9272,-422203.4062,   -920.0502,    541.3281,  25156.4199,
       1,     166,     275,      22,       1,       3,       1,     10.0000,      1.3840,     42.3522,    244.2373,     61.4657,      3.4953,      0.0000,     -0.0314,      3.8324,      0.1512,      5.4854,     10.9709,      1.3360,     27.8214,     55.6427,      0.0189,      0.0031,      0.0156,      0.2020,   7546.9263,-421071.0938,   -920.0328,    541.4052,  25156.4219,
       1,     166,     275,      23,       1,       3,       1,     10.0000,      1.3840,     42.3522,    244.2373,     61.4657,      3.4953,      0.0000,     -0.0315,      3.2530,      0.1530,      5.4854,     10.9709,      1.3522,     27.8214,     55.6427,      0.0189,      0.0026,      0.0156,      0.2020,   7546.9268,-421218.7500,   -920.2575,    541.3952,  25156.4199,
       1,     166,     275,      24,       1,       3,       1,     10.0000,      1.3840,     42.3522,    244.2373,     61.4657,      3.4953,      0.0000,     -0.0316,      2.6414,      0.1575,      5.4854,     10.9709,      1.3921,     27.8214,     55.6427,      0.0189,      0.0021,      0.0156,      0.2020,   7546.9263,-420502.5938,   -920.2816,    541.4437,  25156.4238,
       1,     166,     276,       1,       1,       3,       1,     10.0000,      1.3841,     42.3525,    244.2431,     61.4671,      3.4953,      0.0000,     -0.0316,      2.2707,      0.1566,      5.4856,     10.9712,      1.3838,     27.8224,     55.6448,      0.0189,      0.0018,      0.0156,      0.2020,   7546.9272,-419826.4062,   -920.5435,    541.5023,  25157.5469,
       1,     166,     276,       2,       1,       3,       1,     10.0000,      1.3841,     42.3525,    244.2431,     61.4671,      3.4953,      0.0000,     -0.0313,      2.2719,      0.1498,      5.4856,     10.9712,      1.3240,     27.8224,     55.6448,      0.0189,      0.0018,      0.0156,      0.2020,   7547.2642,-419150.3438,   -920.2599,    541.5480,  25157.5449,
       1,     166,     276,       3,       1,       3,       1,     10.0000,      1.3841,     42.3525,    244.2431,     61.4671,      3.4953,      0.0000,     -0.0312,      2.1987,      0.1445,      5.4856,     10.9712,      1.2768,     27.8224,     55.6448,      0.0189,      0.0018,      0.0156,      0.2020,   7547.2637,-419094.5938,   -920.3546,    541.5518,  25157.5469,
       1,     166,     276,       4,       1,       3,       1,     10.0000,      1.3841,     42.3525,    244.2431,     61.4671,      3.4953,      0.0000,     -0.0312,      1.9653,      0.1452,      5.4856,     10.9712,      1.2833,     27.8224,     55.6448,      0.0189,      0.0016,      0.0156,      0.2020,   7547.2642,-418997.5312,   -920.4369,    541.5583,  25157.5469,
       1,     166,     276,       5,       1,       3,       1,     10.0000,      1.3841,     42.3525,    244.2431,     61.4671,      3.4953,      0.0000,     -0.0312,      2.1877,      0.1449,      5.4856,     10.9712,      1.2807,     27.8224,     55.6448,      0.0189,      0.0018,      0.0156,      0.2020,   7547.2642,-418695.6562,   -920.4555,    541.5788,  25157.5488,
       1,     166,     276,       6,       1,       3,       1,     10.0000,      1.3841,     42.3525,    244.2431,     61.4671,      3.4953,      0.0000,     -0.0309,      2.3794,      0.1384,      5.4856,     10.9712,      1.2226,     27.8224,     55.6448,      0.0189,      0.0019,      0.0156,      0.2020,   7547.2651,-418949.3438,   -920.5998,    541.5616,  25157.5469,
       1,     166,     276,       7,       1,       3,       1,     10.0000,      1.3841,     42.3525,    244.2431,     61.4671,      3.4953,      0.0000,     -0.0311,      1.9358,      0.1426,      5.4856,     10.9712,      1.2602,     27.8224,     55.6448,      0.0189,      0.0015,      0.0156,      0.2020,   7547.2642,-419212.4688,   -920.7625,    541.5438,  25157.5488,
       1,     166,     276,       8,       1,       3,       1,     10.0000,      1.3841,     42.3525,    244.2431,     61.4671,      3.4953,      0.0001,     -0.0309,      1.8091,      0.1399,      5.4856,     10.9712,      1.2363,     27.8224,     55.6448,      0.0189,      0.0014,      0.0156,      0.2020,   7547.2651,-418676.4375,   -920.7440,    541.5801,  25157.5469,
       1,     166,     276,       9,       1,       3,       1,     10.0000,      1.3841,     42.3525,    244.2431,     61.4671,      3.4953,      0.0013,     -0.0294,      2.0254,      0.1314,      5.4856,     10.9712,      1.1610,     27.8224,     55.6448,      0.0189,      0.0016,      0.0156,      0.2020,   7547.2642,-418471.8125,   -920.7786,    541.5940,  25157.5449,
       1,     166,     276,      10,       1,       3,       1,     10.0000,      1.3841,     42.3525,    244.2431,     61.4671,      3.4953,      0.0057,     -0.0236,      1.7144,      0.0999,      5.4856,     10.9712,      0.8824,     27.8224,     55.6448,      0.0189,      0.0014,      0.0156,      0.2020,   7547.2637,-418726.5312,   -910.7333,    541.5767,  25157.5469,
       1,     166,     276,      11,       1,       3,       1,     10.0000,      1.3841,     42.3525,    244.2431,     61.4671,      3.4953,      0.0459,      0.0163,      3.1782,      0.1048,      5.4856,     10.9712,      0.9263,     27.8224,     55.6448,      0.0189,      0.0008,      0.0483,      0.2020,   7547.2642,-418356.9688,   -910.6948,    541.6017,  25157.5449,
       1,     166,     276,      12,       1,       3,       1,     10.0000,      1.3841,     42.3525,    244.2431,     61.4671,      3.4953,      0.1735,      0.1436,     25.1609,      0.1109,      5.4856,     10.9712,      0.9802,     27.8224,     55.6448,      0.0189,      0.0014,      0.2316,      0.2020,   7547.2637,-420167.0312,   -911.2542,    541.4792,  25157.5469,
       1,     166,     276,      13,       1,       3,       1,     10.0000,      1.3841,     42.3525,    244.2431,     61.4671,      3.4953,      0.1860,      0.1555,     26.0559,      0.1265,      5.4856,     10.9712,      1.1182,     27.8224,     55.6448,      0.0189,      0.0013,      0.2500,      0.2020,   7547.2642,-447976.0312,   -917.4267,    539.5970,  25157.5469,
       1,     166,     276,      14,       1,       3,       1,     10.0000,      1.3841,     42.3525,    244.2431,     61.4671,      3.4953,      0.1850,      0.1536,     16.4365,      0.1517,      5.4856,     10.9712,      1.3400,     27.8224,     55.6448,      0.0189,      0.0008,      0.2500,      0.2020,   7547.2642,-451478.7188,   -919.6586,    539.3640,  25157.5469,
       1,     166,     276,      15,       1,       3,       1,     10.0000,      1.3841,     42.3525,    244.2431,     61.4671,      3.4953,      0.1495,      0.1182,      5.4798,      0.1471,      5.4856,     10.9712,      1.3002,     27.8224,     55.6448,      0.0189,      0.0003,      0.1989,      0.2020,   7547.2642,-439665.5625,   -919.4362,    540.1605,  25157.5469,
       1,     166,     276,      16,       1,       3,       1,     10.0000,      1.3841,     42.3525,    244.2431,     61.4671,      3.4953,      0.0060,     -0.0253,      0.3689,      0.1506,      5.4856,     10.9712,      1.3306,     27.8224,     55.6448,      0.0189,      0.0003,      0.0156,      0.2020,   7547.2642,-424875.1875,   -917.1523,    541.1597,  25157.5469,
       1,     166,     276,      17,       1,       3,       1,     10.0000,      1.3841,     42.3525,    244.2431,     61.4671,      3.4953,      0.0058,     -0.0255,      0.3643,      0.1489,      5.4856,     10.9712,      1.3160,     27.8224,     55.6448,      0.0189,      0.0003,      0.0156,      0.2020,   7547.2642,-417188.5938,   -915.7667,    541.6806,  25157.5449,
       1,     166,     276,      18,       1,       3,       1,     10.0000,      1.3841,     42.3525,    244.2431,     61.4671,      3.4953,      0.0114,     -0.0201,      1.2052,      0.1550,      5.4856,     10.9712,      1.3700,     27.8224,     55.6448,      0.0189,      0.0010,      0.0156,      0.2020,   7547.2637,-416527.9062,   -915.6592,    541.7255,  25157.5449,
       1,     166,     276,      19,       1,       3,       1,     10.0000,      1.3841,     42.3525,    244.2431,     61.4671,      3.4953,      0.0037,     -0.0277,      2.4032,      0.1515,      5.4856,     10.9712,      1.3387,     27.8224,     55.6448,      0.0189,      0.0019,      0.0156,      0.2020,   7547.2637,-417529.3750,   -915.9443,    541.6578,  25157.5449,
       1,     166,     276,      20,       1,       3,       1,     10.0000,      1.3841,     42.3525,    244.2431,     61.4671,      3.4953,      0.0003,     -0.0308,      2.6336,      0.1448,      5.4856,     10.9712,      1.2794,     27.8224,     55.6448,      0.0189,      0.0021,      0.0156,      0.2020,   7547.2637,-419121.5938,   -916.4318,    541.5500,  25157.5469,
       1,     166,     276,      21,       1,       3,       1,     10.0000,      1.3841,     42.3525,    244.2431,     61.4671,      3.4953,      0.0000,     -0.0311,      2.4824,      0.1433,      5.4856,     10.9712,      1.2666,     27.8224,     55.6448,      0.0189,      0.0020,      0.0156,      0.2020,   7547.2642,-419546.9062,   -916.7155,    541.5212,  25157.5469,
       1,     166,     276,      22,       1,       3,       1,     10.0000,      1.3841,     42.3525,    244.2431,     61.4671,      3.4953,      0.0000,     -0.0311,      1.8693,      0.1435,      5.4856,     10.9712,      1.2678,     27.8224,     55.6448,      0.0189,      0.0015,      0.0156,      0.2020,   7547.2642,-419392.9062,   -916.8754,    541.5316,  25157.5469,
       1,     166,     276,      23,       1,       3,       1,     10.0000,      1.3841,     42.3525,    244.2431,     61.4671,      3.4953,      0.0000,     -0.0310,      1.9887,      0.1412,      5.4856,     10.9712,      1.2475,     27.8224,     55.6448,      0.0189,      0.0016,      0.0156,      0.2020,   7547.2642,-418608.5312,   -916.8584,    541.5847,  25157.5469,
       1,     166,     276,      24,       1,       3,       1,     10.0000,      1.3841,     42.3525,    244.2431,     61.4671,      3.4953,      0.0000,     -0.0310,      1.6641,      0.1408,      5.4856,     10.9712,      1.2438,     27.8224,     55.6448,      0.0189,      0.0013,      0.0156,      0.2020,   7547.2642,-418691.8750,   -916.9973,    541.5791,  25157.5469,
       1,     166,     277,       1,       1,       3,       1,     10.0000,      1.3841,     42.3529,    244.2488,     61.4686,      3.4953,      0.0000,     -0.0311,      1.2704,      0.1428,      5.4871,     10.9742,      1.2615,     27.8032,     55.6064,      0.0189,      0.0010,      0.0156,      0.2020,   7547.2642,-418445.4688,   -917.3177,    541.6086,  25158.6719,
       1,     166,     277,       2,       1,       3,       1,     10.0000,      1.3841,     42.3529,    244.2488,     61.4686,      3.4953,      0.0000,     -0.0311,      1.1731,      0.1436,      5.4871,     10.9742,      1.2692,     27.8032,     55.6064,      0.0189,      0.0009,      0.0156,      0.2020,   7547.6021,-417776.8125,   -917.0049,    541.6539,  25158.6699,
       1,     166,     277,       3,       1,       3,       1,     10.0000,      1.3841,     42.3529,    244.2488,     61.4686,      3.4953,      0.0000,     -0.0310,      1.2303,      0.1398,      5.4871,     10.9742,      1.2350,     27.8032,     55.6064,      0.0189,      0.0010,      0.0156,      0.2020,   7547.6011,-417597.6562,   -917.0374,    541.6660,  25158.6699,
       1,     166,     277,       4,       1,       3,       1,     10.0000,      1.3841,     42.3529,    244.2488,     61.4686,      3.4953,      0.0000,     -0.0309,      1.4000,      0.1391,      5.4871,     10.9742,      1.2288,     27.8032,     55.6064,      0.0189,      0.0011,      0.0156,      0.2020,   7547.6011,-417654.5000,   -917.1292,    541.6621,  25158.6719,
       1,     166,     277,       5,       1,       3,       1,     10.0000,      1.3841,     42.3529,    244.2488,     61.4686,      3.4953,      0.0000,     -0.0309,      1.5666,      0.1366,      5.4871,     10.9742,      1.2066,     27.8032,     55.6064,      0.0189,      0.0013,      0.0156,      0.2020,   7547.6021,-417872.5312,   -917.2695,    541.6474,  25158.6699,
       1,     166,     277,       6,       1,       3,       1,     10.0000,      1.3841,     42.3529,    244.2488,     61.4686,      3.4953,      0.0000,     -0.0307,      1.4271,      0.1330,      5.4871,     10.9742,      1.1753,     27.8032,     55.6064,      0.0189,      0.0011,      0.0156,      0.2020,   7547.6011,-418100.8125,   -917.4258,    541.6320,  25158.6699,
       1,     166,     277,       7,       1,       3,       1,     10.0000,      1.3841,     42.3529,    244.2488,     61.4686,      3.4953,      0.0000,     -0.0307,      1.2589,      0.1329,      5.4871,     10.9742,      1.1741,     27.8032,     55.6064,      0.0189,      0.0010,      0.0156,      0.2020,   7547.6011,-417944.6875,   -917.4958,    541.6425,  25158.6699,
       1,     166,     277,       8,       1,       3,       1,     10.0000,      1.3841,     42.3529,    244.2488,     61.4686,      3.4953,      0.0061,     -0.0239,      1.0063,      0.1156,      5.4871,     10.9742,      1.0212,     27.8032,     55.6064,      0.0189,      0.0008,      0.0156,      0.2020,   7547.6011,-417719.9688,   -910.4538,    541.6577,  25158.6699,
       1,     166,     277,       9,       1,       3,       1,     10.0000,      1.3841,     42.3529,    244.2488,     61.4686,      3.4953,      0.0785,      0.0488,      5.2128,      0.1078,      5.4871,     10.9742,      0.9524,     27.8032,     55.6064,      0.0189,      0.0007,      0.0955,      0.2020,   7547.6011,-417383.0938,   -910.3958,    541.6805,  25158.6699,
       1,     166,     277,      10,       1,       3,       1,     10.0000,      1.3841,     42.3529,    244.2488,     61.4686,      3.4953,      0.1155,      0.0856,      9.1922,      0.1120,      5.4871,     10.9742,      0.9893,     27.8032,     55.6064,      0.0189,      0.0008,      0.1489,      0.2020,   7547.6011,-422645.4062,   -911.4740,    541.3242,  25158.6699,
       1,     166,     277,      11,       1,       3,       1,     10.0000,      1.3841,     42.3529,    244.2488,     61.4686,      3.4953,      0.1641,      0.1340,     10.9210,      0.1165,      5.4871,     10.9742,      1.0296,     27.8032,     55.6064,      0.0189,      0.0006,      0.2196,      0.2020,   7547.6011,-428099.6250,   -912.6696,    540.9553,  25158.6699,
       1,     166,     277,      12,       1,       3,       1,     10.0000,      1.3841,     42.3529,    244.2488,     61.4686,      3.4953,      0.1801,      0.1494,      8.7282,      0.1331,      5.4871,     10.9742,      1.1765,     27.8032,     55.6064,      0.0189,      0.0004,      0.2435,      0.2020,   7547.6011,-430739.0938,   -913.9156,    540.7769,  25158.6699,
       1,     166,     277,      13,       1,       3,       1,     10.0000,      1.3841,     42.3529,    244.2488,     61.4686,      3.4953,      0.1821,      0.1509,      7.5016,      0.1488,      5.4871,     10.9742,      1.3147,     27.8032,     55.6064,      0.0189,      0.0004,      0.2468,      0.2020,   7547.6011,-428205.0000,   -914.6114,    540.9482,  25158.6699,
       1,     166,     277,      14,       1,       3,       1,     10.0000,      1.3841,     42.3529,    244.2488,     61.4686,      3.4953,      0.1847,      0.1530,     13.6492,      0.1627,      5.4871,     10.9742,      1.4375,     27.8032,     55.6064,      0.0189,      0.0007,      0.2500,      0.2020,   7547.6011,-426446.2500,   -915.2006,    541.0672,  25158.6699,
       1,     166,     277,      15,       1,       3,       1,     10.0000,      1.3841,     42.3529,    244.2488,     61.4686,      3.4953,      0.1847,      0.1528,     13.3914,      0.1666,      5.4871,     10.9742,      1.4724,     27.8032,     55.6064,      0.0189,      0.0007,      0.2500,      0.2020,   7547.6011,-434030.2500,   -917.4762,    540.5543,  25158.6699,
       1,     166,     277,      16,       1,       3,       1,     10.0000,      1.3841,     42.3529,    244.2488,     61.4686,      3.4953,      0.1844,      0.1526,      9.5865,      0.1638,      5.4871,     10.9742,      1.4476,     27.8032,     55.6064,      0.0189,      0.0005,      0.2500,      0.2020,   7547.6011,-434351.9688,   -918.3633,    540.5328,  25158.6680,
       1,     166,     277,      17,       1,       3,       1,     10.0000,      1.3841,     42.3529,    244.2488,     61.4686,      3.4953,      0.1662,      0.1343,     16.2462,      0.1653,      5.4871,     10.9742,      1.4607,     27.8032,     55.6064,      0.0189,      0.0009,      0.2223,      0.2020,   7547.6006,-429592.4062,   -918.3012,    540.8544,  25158.6719,
       1,     166,     277,      18,       1,       3,       1,     10.0000,      1.3841,     42.3529,    244.2488,     61.4686,      3.4953,      0.1170,      0.0856,     20.4331,      0.1524,      5.4871,     10.9742,      1.3468,     27.8032,     55.6064,      0.0189,      0.0017,      0.1492,      0.2020,   7547.6021,-437565.3438,   -920.3427,    540.3154,  25158.6719,
       1,     166,     277,      19,       1,       3,       1,     10.0000,      1.3841,     42.3529,    244.2488,     61.4686,      3.4953,      0.0554,      0.0242,     12.5416,      0.1451,      5.4871,     10.9742,      1.2820,     27.8032,     55.6064,      0.0189,      0.0026,      0.0596,      0.2020,   7547.6021,-443512.4062,   -921.9630,    539.9141,  25158.6699,
       1,     166,     277,      20,       1,       3,       1,     10.0000,      1.3841,     42.3529,    244.2488,     61.4686,      3.4953,      0.0041,     -0.0269,      3.0505,      0.1401,      5.4871,     10.9742,      1.2375,     27.8032,     55.6064,      0.0189,      0.0024,      0.0156,      0.2020,   7547.6011,-434088.5000,   -920.6323,    540.5502,  25158.6680,
       1,     166,     277,      21,       1,       3,       1,     10.0000,      1.3841,     42.3529,    244.2488,     61.4686,      3.4953,      0.0000,     -0.0309,      2.3876,      0.1371,      5.4871,     10.9742,      1.2115,     27.8032,     55.6064,      0.0189,      0.0019,      0.0156,      0.2020,   7547.6006,-421347.2812,   -918.5287,    541.4115,  25158.6699,
       1,     166,     277,      22,       1,       3,       1,     10.0000,      1.3841,     42.3529,    244.2488,     61.4686,      3.4953,      0.0000,     -0.0309,      2.7957,      0.1377,      5.4871,     10.9742,      1.2164,     27.8032,     55.6064,      0.0189,      0.0022,      0.0156,      0.2020,   7547.6011,-419430.1562,   -918.3382,    541.5419,  25158.6699,
       1,     166,     277,      23,       1,       3,       1,     10.0000,      1.3841,     42.3529,    244.2488,     61.4686,      3.4953,      0.0000,     -0.0310,      3.2139,      0.1413,      5.4871,     10.9742,      1.2488,     27.8032,     55.6064,      0.0189,      0.0026,      0.0156,      0.2020,   7547.6011,-419779.5625,   -918.5756,    541.5183,  25158.6680,
       1,     166,     277,      24,       1,       3,       1,     10.0000,      1.3841,     42.3529,    244.2488,     61.4686,      3.4953,      0.0000,     -0.0311,      2.3565,      0.1433,      5.4871,     10.9742,      1.2666,     27.8032,     55.6064,      0.0189,      0.0019,      0.0156,      0.2020,   7547.6006,-420335.5938,   -918.8889,    541.4807,  25158.6699,
       1,     166,     278,       1,       1,       3,       1,     10.0000,      1.3841,     42.3532,    244.2546,     61.4700,      3.4953,      0.0000,     -0.0310,      1.7570,      0.1406,      5.4862,     10.9724,      1.2426,     27.8050,     55.6100,      0.0189,      0.0014,      0.0156,      0.2021,   7547.6011,-419459.0625,   -919.1109,    541.5528,  25159.7930,
       1,     166,     278,       2,       1,       3,       1,     10.0000,      1.3841,     42.3532,    244.2546,     61.4700,      3.4953,      0.0000,     -0.0309,      1.4178,      0.1367,      5.4862,     10.9724,      1.2079,     27.8050,     55.6100,      0.0189,      0.0011,      0.0156,      0.2021,   7547.9380,-418478.1250,   -918.7608,    541.6192,  25159.7910,
       1,     166,     278,       3,       1,       3,       1,     10.0000,      1.3841,     42.3532,    244.2546,     61.4700,      3.4953,      0.0000,     -0.0306,      1.6383,      0.1288,      5.4862,     10.9724,      1.1378,     27.8050,     55.6100,      0.0189,      0.0013,      0.0156,      0.2021,   7547.9375,-417968.3125,   -918.7529,    541.6537,  25159.7910,
       1,     166,     278,       4,       1,       3,       1,     10.0000,      1.3841,     42.3532,    244.2546,     61.4700,      3.4953,      0.0000,     -0.0305,      1.7347,      0.1264,      5.4862,     10.9724,      1.1171,     27.8050,     55.6100,      0.0189,      0.0014,      0.0156,      0.2021,   7547.9375,-418202.2188,   -918.8909,    541.6378,  25159.7910,
       1,     166,     278,       5,       1,       3,       1,     10.0000,      1.3841,     42.3532,    244.2546,     61.4700,      3.4953,      0.0000,     -0.0305,      1.8150,      0.1271,      5.4862,     10.9724,      1.1228,     27.8050,     55.6100,      0.0189,      0.0015,      0.0156,      0.2021,   7547.9375,-418343.4375,   -919.0172,    541.6283,  25159.7910,
       1,     166,     278,       6,       1,       3,       1,     10.0000,      1.3841,     42.3532,    244.2546,     61.4700,      3.4953,      0.0000,     -0.0306,      1.9172,      0.1303,      5.4862,     10.9724,      1.1517,     27.8050,     55.6100,      0.0189,      0.0015,      0.0156,      0.2021,   7547.9375,-418456.3125,   -919.1379,    541.6206,  25159.7910,
       1,     166,     278,       7,       1,       3,       1,     10.0000,      1.3841,     42.3532,    244.2546,     61.4700,      3.4953,      0.0000,     -0.0306,      1.5461,      0.1293,      5.4862,     10.9724,      1.1424,     27.8050,     55.6100,      0.0189,      0.0012,      0.0156,      0.2021,   7547.9375,-418594.5938,   -919.2777,    541.6113,  25159.7891,
       1,     166,     278,       8,       1,       3,       1,     10.0000,      1.3841,     42.3532,    244.2546,     61.4700,      3.4953,      0.0154,     -0.0148,      0.1938,      0.1210,      5.4862,     10.9724,      1.0692,     27.8050,     55.6100,      0.0189,      0.0007,      0.0034,      0.2021,   7547.9370,-418139.9062,   -919.2836,    541.6421,  25159.7910,
       1,     166,     278,       9,       1,       3,       1,     10.0000,      1.3841,     42.3532,    244.2546,     61.4700,      3.4953,      0.0719,      0.0419,      5.8255,      0.1155,      5.4862,     10.9724,      1.0202,     27.8050,     55.6100,      0.0189,      0.0008,      0.0856,      0.2021,   7547.9375,-416400.0312,   -910.1943,    541.7599,  25159.7930,
       1,     166,     278,      10,       1,       3,       1,     10.0000,      1.3841,     42.3532,    244.2546,     61.4700,      3.4953,      0.1826,      0.1521,     17.1188,      0.1268,      5.4862,     10.9724,      1.1205,     27.8050,     55.6100,      0.0189,      0.0009,      0.2461,      0.2021,   7547.9380,-423334.4688,   -911.6927,    541.2903,  25159.7910,
       1,     166,     278,      11,       1,       3,       1,     10.0000,      1.3841,     42.3532,    244.2546,     61.4700,      3.4953,      0.1855,      0.1547,     20.1615,      0.1349,      5.4862,     10.9724,      1.1921,     27.8050,     55.6100,      0.0189,      0.0010,      0.2500,      0.2021,   7547.9375,-438130.5312,   -915.6661,    540.2894,  25159.7891,
       1,     166,     278,      12,       1,       3,       1,     10.0000,      1.3841,     42.3532,    244.2546,     61.4700,      3.4953,      0.1851,      0.1534,     18.4322,      0.1606,      5.4862,     10.9724,      1.4190,     27.8050,     55.6100,      0.0189,      0.0009,      0.2500,      0.2020,   7547.9370,-443220.0938,   -918.4142,    539.9466,  25159.7910,
       1,     166,     278,      13,       1,       3,       1,     10.0000,      1.3841,     42.3532,    244.2546,     61.4700,      3.4953,      0.1850,      0.1532,     17.1216,      0.1633,      5.4862,     10.9724,      1.4433,     27.8050,     55.6100,      0.0189,      0.0009,      0.2500,      0.2020,   7547.9375,-441476.1875,   -919.6644,    540.0643,  25159.7910,
       1,     166,     278,      14,       1,       3,       1,     10.0000,      1.3841,     42.3532,    244.2546,     61.4700,      3.4953,      0.1842,      0.1526,      6.1981,      0.1569,      5.4862,     10.9724,      1.3866,     27.8050,     55.6100,      0.0189,      0.0003,      0.2500,      0.2020,   7547.9375,-439679.0625,   -920.3454,    540.1857,  25159.7930,
       1,     166,     278,      15,       1,       3,       1,     10.0000,      1.3841,     42.3532,    244.2546,     61.4700,      3.4953,      0.1621,      0.1304,      5.5103,      0.1599,      5.4862,     10.9724,      1.4133,     27.8050,     55.6100,      0.0189,      0.0003,      0.2175,      0.2020,   7547.9380,-425783.1562,   -918.6820,    541.1240,  25159.7910,
       1,     166,     278,      16,       1,       3,       1,     10.0000,      1.3841,     42.3532,    244.2546,     61.4700,      3.4953,      0.1821,      0.1504,     11.1339,      0.1606,      5.4862,     10.9724,      1.4190,     27.8050,     55.6100,      0.0189,      0.0006,      0.2464,      0.2020,   7547.9375,-423738.6250,   -918.7339,    541.2631,  25159.7930,
       1,     166,     278,      17,       1,       3,       1,     10.0000,      1.3841,     42.3532,    244.2546,     61.4700,      3.4953,      0.1750,      0.1430,     40.9402,      0.1681,      5.4862,     10.9724,      1.4857,     27.8050,     55.6100,      0.0189,      0.0022,      0.2324,      0.2021,   7547.9380,-430636.5938,   -920.6305,    540.7964,  25159.7910,
       1,     166,     278,      18,       1,       3,       1,     10.0000,      1.3841,     42.3532,    244.2546,     61.4700,      3.4953,      0.0224,     -0.0095,      2.2193,      0.1648,      5.4862,     10.9724,      1.4563,     27.8050,     55.6100,      0.0189,      0.0024,      0.0114,      0.2020,   7547.9375,-468718.6562,   -928.5015,    538.2223,  25159.7910,
       1,     166,     278,      19,       1,       3,       1,     10.0000,      1.3841,     42.3532,    244.2546,     61.4700,      3.4953,      0.0233,     -0.0081,      2.0076,      0.1540,      5.4862,     10.9724,      1.3604,     27.8050,     55.6100,      0.0189,      0.0019,      0.0133,      0.2020,   7547.9375,-423239.2188,   -920.3117,    541.2882,  25159.7910,
       1,     166,     278,      20,       1,       3,       1,     10.0000,      1.3841,     42.3532,    244.2546,     61.4700,      3.4953,      0.0014,     -0.0299,      2.4209,      0.1473,      5.4862,     10.9724,      1.3016,     27.8050,     55.6100,      0.0189,      0.0019,      0.0156,      0.2021,   7547.9375,-419126.3750,   -919.7072,    541.5753,  25159.7910,
       1,     166,     278,      21,       1,       3,       1,     10.0000,      1.3841,     42.3532,    244.2546,     61.4700,      3.4953,      0.0000,     -0.0310,      2.3652,      0.1409,      5.4862,     10.9724,      1.2451,     27.8050,     55.6100,      0.0189,      0.0019,      0.0156,      0.2021,   7547.9375,-419285.1562,   -919.8679,    541.5646,  25159.7930,
       1,     166,     278,      22,       1,       3,       1,     10.0000,      1.3841,     42.3532,    244.2546,     61.4700,      3.4953,      0.0000,     -0.0310,      2.7484,      0.1396,      5.4862,     10.9724,      1.2338,     27.8050,     55.6100,      0.0189,      0.0022,      0.0156,      0.2021,   7547.9380,-419228.2812,   -919.9742,    541.5684,  25159.7910,
       1,     166,     278,      23,       1,       3,       1,     10.0000,      1.3841,     42.3532,    244.2546,     61.4700,      3.4953,      0.0000,     -0.0310,      2.4371,      0.1416,      5.4862,     10.9724,      1.2514,     27.8050,     55.6100,      0.0189,      0.0019,      0.0156,      0.2021,   7547.9375,-419705.6875,   -920.1793,    541.5361,  25159.7910,
       1,     166,     278,      24,       1,       3,       1,     10.0000,      1.3841,     42.3532,    244.2546,     61.4700,      3.4953,      0.0000,     -0.0310,      1.7648,      0.1401,      5.4862,     10.9724,      1.2376,     27.8050,     55.6100,      0.0189,      0.0014,      0.0156,      0.2021,   7547.9375,-419354.7188,   -920.2244,    541.5598,  25159.7930,
       1,     166,     279,       1,       1,       3,       1,     10.0000,      1.3841,     42.3535,    244.2603,     61.4715,      3.4953,      0.0000,     -0.0310,      1.4067,      0.1396,      5.4862,     10.9724,      1.2338,     27.8056,     55.6113,      0.0189,      0.0011,      0.0156,      0.2021,   7547.9380,-418633.5312,   -920.4366,    541.6214,  25160.9102,
       1,     166,     279,       2,       1,       3,       1,     10.0000,      1.3841,     42.3535,    244.2603,     61.4715,      3.4953,      0.0000,     -0.0308,      1.0903,      0.1359,      5.4862,     10.9724,      1.2006,     27.8056,     55.6113,      0.0189,      0.0009,      0.0156,      0.2021,   7548.2734,-417970.5000,   -920.1235,    541.6663,  25160.9121,
       1,     166,     279,       3,       1,       3,       1,     10.0000,      1.3841,     42.3535,    244.2603,     61.4715,      3.4953,      0.0000,     -0.0307,      0.9796,      0.1326,      5.4862,     10.9724,      1.1718,     27.8056,     55.6113,      0.0189,      0.0008,      0.0156,      0.2021,   7548.2739,-417515.7188,   -920.0855,    541.6971,  25160.9121,
       1,     166,     279,       4,       1,       3,       1,     10.0000,      1.3841,     42.3535,    244.2603,     61.4715,      3.4953,      0.0000,     -0.0306,      1.2758,      0.1307,      5.4862,     10.9724,      1.1552,     27.8056,     55.6113,      0.0189,      0.0010,      0.0156,      0.2021,   7548.2739,-417337.8438,   -920.0924,    541.7091,  25160.9121,
       1,     166,     279,       5,       1,       3,       1,     10.0000,      1.3841,     42.3535,    244.2603,     61.4715,      3.4953,      0.0000,     -0.0306,      1.1459,      0.1306,      5.4862,     10.9724,      1.1541,     27.8056,     55.6113,      0.0189,      0.0009,      0.0156,      0.2021,   7548.2739,-417695.2188,   -920.2158,    541.6849,  25160.9141,
       1,     166,     279,       6,       1,       3,       1,     10.0000,      1.3841,     42.3535,    244.2603,     61.4715,      3.4953,      0.0000,     -0.0305,      1.0799,      0.1278,      5.4862,     10.9724,      1.1297,     27.8056,     55.6113,      0.0189,      0.0009,      0.0156,      0.2021,   7548.2744,-417562.1562,   -920.2416,    541.6940,  25160.9121,
       1,     166,     279,       7,       1,       3,       1,     10.0000,      1.3841,     42.3535,    244.2603,     61.4715,      3.4953,      0.0000,     -0.0305,      0.7314,      0.1284,      5.4862,     10.9724,      1.1343,     27.8056,     55.6113,      0.0189,      0.0006,      0.0156,      0.2021,   7548.2739,-417467.9062,   -918.8589,    541.7004,  25160.9121,
       1,     166,     279,       8,       1,       3,       1,     10.0000,      1.3841,     42.3535,    244.2603,     61.4715,      3.4953,      0.0057,     -0.0248,      0.3995,      0.1263,      5.4862,     10.9724,      1.1160,     27.8056,     55.6113,      0.0189,      0.0003,      0.0156,      0.2021,   7548.2739,-417021.5625,   -910.2429,    541.7305,  25160.9121,
       1,     166,     279,       9,       1,       3,       1,     10.0000,      1.3841,     42.3535,    244.2603,     61.4715,      3.4953,      0.0819,      0.0515,      2.4527,      0.1251,      5.4862,     10.9724,      1.1058,     27.8056,     55.6113,      0.0189,      0.0003,      0.1003,      0.2021,   7548.2739,-416566.3750,   -910.1370,    541.7614,  25160.9121,
       1,     166,     279,      10,       1,       3,       1,     10.0000,      1.3841,     42.3535,    244.2603,     61.4715,      3.4953,      0.1786,      0.1482,      6.4465,      0.1257,      5.4862,     10.9724,      1.1104,     27.8056,     55.6113,      0.0189,      0.0003,      0.2415,      0.2021,   7548.2739,-419109.5000,   -910.8134,    541.5892,  25160.9121,
       1,     166,     279,      11,       1,       3,       1,     10.0000,      1.3841,     42.3535,    244.2603,     61.4715,      3.4953,      0.1843,      0.1538,      4.8794,      0.1273,      5.4862,     10.9724,      1.1251,     27.8056,     55.6113,      0.0189,      0.0002,      0.2500,      0.2021,   7548.2739,-424348.5625,   -912.4224,    541.2344,  25160.9141,
       1,     166,     279,      12,       1,       3,       1,     10.0000,      1.3841,     42.3535,    244.2603,     61.4715,      3.4953,      0.1843,      0.1536,      5.1113,      0.1326,      5.4862,     10.9724,      1.1718,     27.8056,     55.6113,      0.0189,      0.0003,      0.2500,      0.2021,   7548.2744,-422824.0000,   -913.3666,    541.3377,  25160.9141,
       1,     166,     279,      13,       1,       3,       1,     10.0000,      1.3841,     42.3535,    244.2603,     61.4715,      3.4953,      0.1843,      0.1533,      5.4538,      0.1403,      5.4862,     10.9724,      1.2401,     27.8056,     55.6113,      0.0189,      0.0003,      0.2500,      0.2021,   7548.2744,-422985.6562,   -913.2631,    541.3268,  25160.9121,
       1,     166,     279,      14,       1,       3,       1,     10.0000,      1.3841,     42.3535,    244.2603,     61.4715,      3.4953,      0.1842,      0.1527,      6.1203,      0.1552,      5.4862,     10.9724,      1.3714,     27.8056,     55.6113,      0.0189,      0.0003,      0.2500,      0.2021,   7548.2739,-423430.3438,   -914.0404,    541.2967,  25160.9121,
       1,     166,     279,      15,       1,       3,       1,     10.0000,      1.3841,     42.3535,    244.2603,     61.4715,      3.4953,      0.1842,      0.1523,      6.5794,      0.1653,      5.4862,     10.9724,      1.4607,     27.8056,     55.6113,      0.0189,      0.0003,      0.2500,      0.2021,   7548.2739,-424306.5000,   -916.4468,    541.2374,  25160.9121,
       1,     166,     279,      16,       1,       3,       1,     10.0000,      1.3841,     42.3535,    244.2603,     61.4715,      3.4953,      0.1841,      0.1520,      6.9036,      0.1724,      5.4862,     10.9724,      1.5233,     27.8056,     55.6113,      0.0189,      0.0003,      0.2500,      0.2021,   7548.2739,-424958.4062,   -918.0561,    541.1934,  25160.9121,
       1,     166,     279,      17,       1,       3,       1,     10.0000,      1.3841,     42.3535,    244.2603,     61.4715,      3.4953,      0.0863,      0.0541,      2.9454,      0.1739,      5.4862,     10.9724,      1.5370,     27.8056,     55.6113,      0.0189,      0.0003,      0.1056,      0.2021,   7548.2739,-425421.5312,   -919.3329,    541.1620,  25160.9121,
       1,     166,     279,      18,       1,       3,       1,     10.0000,      1.3841,     42.3535,    244.2603,     61.4715,      3.4953,      0.0183,     -0.0133,      0.2075,      0.1582,      5.4862,     10.9724,      1.3978,     27.8056,     55.6113,      0.0189,      0.0004,      0.0060,      0.2021,   7548.2739,-420482.8750,   -918.5845,    541.4961,  25160.9141,
       1,     166,     279,      19,       1,       3,       1,     10.0000,      1.3841,     42.3535,    244.2603,     61.4715,      3.4953,      0.0070,     -0.0243,      1.4673,      0.1506,      5.4862,     10.9724,      1.3307,     27.8056,     55.6113,      0.0189,      0.0012,      0.0156,      0.2021,   7548.2744,-416619.4688,   -917.9135,    541.7578,  25160.9121,
       1,     166,     279,      20,       1,       3,       1,     10.0000,      1.3841,     42.3535,    244.2603,     61.4715,      3.4953,      0.0014,     -0.0295,      2.1920,      0.1392,      5.4862,     10.9724,      1.2301,     27.8056,     55.6113,      0.0189,      0.0018,      0.0156,      0.2021,   7548.2739,-417874.8438,   -918.2282,    541.6727,  25160.9121,
       1,     166,     279,      21,       1,       3,       1,     10.0000,      1.3841,     42.3535,    244.2603,     61.4715,      3.4953,      0.0000,     -0.0307,      3.0883,      0.1329,      5.4862,     10.9724,      1.1741,     27.8056,     55.6113,      0.0189,      0.0025,      0.0156,      0.2021,   7548.2739,-418893.2188,   -918.5516,    541.6038,  25160.9121,
       1,     166,     279,      22,       1,       3,       1,     10.0000,      1.3841,     42.3535,    244.2603,     61.4715,      3.4953,      0.0000,     -0.0307,      3.2709,      0.1326,      5.4862,     10.9724,      1.1718,     27.8056,     55.6113,      0.0189,      0.0026,      0.0156,      0.2021,   7548.2739,-420107.0312,   -918.8819,    541.5217,  25160.9121,
       1,     166,     279,      23,       1,       3,       1,     10.0000,      1.3841,     42.3535,    244.2603,     61.4715,      3.4953,      0.0000,     -0.0308,      2.5124,      0.1342,      5.4862,     10.9724,      1.1861,     27.8056,     55.6113,      0.0189,      0.0020,      0.0156,      0.2021,   7548.2739,-420440.0000,   -919.0794,    541.4991,  25160.9121,
       1,     166,     279,      24,       1,       3,       1,     10.0000,      1.3841,     42.3535,    244.2603,     61.4715,      3.4953,      0.0000,     -0.0308,      2.0007,      0.1357,      5.4862,     10.9724,      1.1994,     27.8056,     55.6113,      0.0189,      0.0016,      0.0156,      0.2021,   7548.2739,-419514.4688,   -919.0543,    541.5618,  25160.9121,
       1,     166,     280,       1,       1,       3,       1,     10.0000,      1.3841,     42.3539,    244.2660,     61.4729,      3.4953,      0.0000,     -0.0307,      0.9906,      0.1315,      5.4864,     10.9729,      1.1623,     27.8040,     55.6080,      0.0189,      0.0008,      0.0156,      0.2021,   7548.2739,-418946.9062,   -919.3173,    541.6129,  25162.0371,
       1,     166,     280,       2,       1,       3,       1,     10.0000,      1.3841,     42.3539,    244.2660,     61.4729,      3.4953,      0.0000,     -0.0306,      0.4007,      0.1305,      5.4864,     10.9729,      1.1529,     27.8040,     55.6080,      0.0189,      0.0003,      0.0156,      0.2021,   7548.6113,-417476.2188,   -918.8298,    541.7125,  25162.0332,
       1,     166,     280,       3,       1,       3,       1,     10.0000,      1.3841,     42.3539,    244.2660,     61.4729,      3.4953,      0.0000,     -0.0306,      0.3080,      0.1286,      5.4864,     10.9729,      1.1367,     27.8040,     55.6080,      0.0189,      0.0002,      0.0156,      0.2021,   7548.6104,-416609.5938,   -918.6783,    541.7712,  25162.0352,
       1,     166,     280,       4,       1,       3,       1,     10.0000,      1.3841,     42.3539,    244.2660,     61.4729,      3.4953,      0.0000,     -0.0305,      0.3096,      0.1275,      5.4864,     10.9729,      1.1263,     27.8040,     55.6080,      0.0189,      0.0002,      0.0156,      0.2021,   7548.6108,-416419.1250,   -918.6443,    541.7841,  25162.0332,
       1,     166,     280,       5,       1,       3,       1,     10.0000,      1.3841,     42.3539,    244.2660,     61.4729,      3.4953,      0.0000,     -0.0304,      0.3006,      0.1259,      5.4864,     10.9729,      1.1126,     27.8040,     55.6080,      0.0189,      0.0002,      0.0156,      0.2021,   7548.6104,-416405.0625,   -918.6437,    541.7850,  25162.0332,
       1,     166,     280,       6,       1,       3,       1,     10.0000,      1.3841,     42.3539,    244.2660,     61.4729,      3.4953,      0.0000,     -0.0304,      0.2989,      0.1253,      5.4864,     10.9729,      1.1070,     27.8040,     55.6080,      0.0189,      0.0002,      0.0156,      0.2021,   7548.6104,-416392.5938,   -918.6431,    541.7859,  25162.0352,
       1,     166,     280,       7,       1,       3,       1,     10.0000,      1.3841,     42.3539,    244.2660,     61.4729,      3.4953,      0.0000,     -0.0303,      0.2937,      0.1234,      5.4864,     10.9729,      1.0902,     27.8040,     55.6080,      0.0189,      0.0002,      0.0156,      0.2021,   7548.6108,-416389.0000,   -918.6436,    541.7861,  25162.0352,
       1,     166,     280,       8,       1,       3,       1,     10.0000,      1.3841,     42.3539,    244.2660,     61.4729,      3.4953,      0.0141,     -0.0162,      0.0285,      0.1216,      5.4864,     10.9729,      1.0748,     27.8040,     55.6080,      0.0189,      0.0002,      0.0015,      0.2021,   7548.6108,-416382.4062,   -918.6439,    541.7866,  25162.0352,
       1,     166,     280,       9,       1,       3,       1,     10.0000,      1.3841,     42.3539,    244.2660,     61.4729,      3.4953,      0.1180,      0.0874,      3.0108,      0.1282,      5.4864,     10.9729,      1.1332,     27.8040,     55.6080,      0.0189,      0.0002,      0.1530,      0.2021,   7548.6108,-416048.2500,   -918.6036,    541.8092,  25162.0352,
       1,     166,     280,      10,       1,       3,       1,     10.0000,      1.3841,     42.3539,    244.2660,     61.4729,      3.4953,      0.1529,      0.1218,      4.4806,      0.1412,      5.4864,     10.9729,      1.2477,     27.8040,     55.6080,      0.0189,      0.0003,      0.2040,      0.2021,   7548.6108,-419769.7500,   -919.5112,    541.5572,  25162.0332,
       1,     166,     280,      11,       1,       3,       1,     10.0000,      1.3841,     42.3539,    244.2660,     61.4729,      3.4953,      0.1766,      0.1449,      6.0736,      0.1604,      5.4864,     10.9729,      1.4176,     27.8040,     55.6080,      0.0189,      0.0003,      0.2389,      0.2021,   7548.6104,-421935.0312,   -920.1970,    541.4106,  25162.0352,
       1,     166,     280,      12,       1,       3,       1,     10.0000,      1.3841,     42.3539,    244.2660,     61.4729,      3.4953,      0.1841,      0.1516,      7.4523,      0.1843,      5.4864,     10.9729,      1.6282,     27.8040,     55.6080,      0.0189,      0.0004,      0.2500,      0.2021,   7548.6108,-424122.4688,   -921.0162,    541.2627,  25162.0371,
       1,     166,     280,      13,       1,       3,       1,     10.0000,      1.3841,     42.3539,    244.2660,     61.4729,      3.4953,      0.1840,      0.1507,      8.7455,      0.2118,      5.4864,     10.9729,      1.8714,     27.8040,     55.6080,      0.0189,      0.0004,      0.2500,      0.2021,   7548.6113,-426042.1250,   -921.9794,    541.1328,  25162.0332,
       1,     166,     280,      14,       1,       3,       1,     10.0000,      1.3841,     42.3539,    244.2660,     61.4729,      3.4953,      0.1842,      0.1524,      6.4377,      0.1622,      5.4864,     10.9729,      1.4333,     27.8040,     55.6080,      0.0189,      0.0003,      0.2500,      0.2021,   7548.6104,-427832.2500,   -922.9257,    541.0117,  25162.0352,
       1,     166,     280,      15,       1,       3,       1,     10.0000,      1.3841,     42.3539,    244.2660,     61.4729,      3.4953,      0.1850,      0.1547,     12.8337,      0.1231,      5.4864,     10.9729,      1.0880,     27.8040,     55.6080,      0.0189,      0.0006,      0.2500,      0.2021,   7548.6108,-425082.1875,   -913.0537,    541.1977,  25162.0352,
       1,     166,     280,      16,       1,       3,       1,     10.0000,      1.3841,     42.3539,    244.2660,     61.4729,      3.4953,      0.1241,      0.0937,     21.7696,      0.1257,      5.4864,     10.9729,      1.1104,     27.8040,     55.6080,      0.0189,      0.0017,      0.1598,      0.2021,   7548.6108,-432891.3750,   -914.9990,    540.6694,  25162.0352,
       1,     166,     280,      17,       1,       3,       1,     10.0000,      1.3841,     42.3539,    244.2660,     61.4729,      3.4953,      0.0131,     -0.0178,      3.6088,      0.1360,      5.4864,     10.9729,      1.2019,     27.8040,     55.6080,      0.0189,      0.0029,      0.0156,      0.2021,   7548.6108,-444794.8750,   -916.2082,    539.8652,  25162.0371,
       1,     166,     280,      18,       1,       3,       1,     10.0000,      1.3841,     42.3539,    244.2660,     61.4729,      3.4953,      0.0186,     -0.0124,      2.3720,      0.1415,      5.4864,     10.9729,      1.2502,     27.8040,     55.6080,      0.0189,      0.0043,      0.0068,      0.2021,   7548.6113,-422964.3125,   -911.6075,    541.3390,  25162.0352,
       1,     166,     280,      19,       1,       3,       1,     10.0000,      1.3841,     42.3539,    244.2660,     61.4729,      3.4953,      0.0196,     -0.0113,      1.3812,      0.1371,      5.4864,     10.9729,      1.2116,     27.8040,     55.6080,      0.0189,      0.0020,      0.0085,      0.2021,   7548.6108,-419557.7812,   -911.0914,    541.5715,  25162.0332,
       1,     166,     280,      20,       1,       3,       1,     10.0000,      1.3841,     42.3539,    244.2660,     61.4729,      3.4953,      0.0013,     -0.0294,      0.3193,      0.1327,      5.4864,     10.9729,      1.1730,     27.8040,     55.6080,      0.0189,      0.0003,      0.0156,      0.2021,   7548.6104,-418019.8125,   -911.0657,    541.6757,  25162.0352,
       1,     166,     280,      21,       1,       3,       1,     10.0000,      1.3841,     42.3539,    244.2660,     61.4729,      3.4953,      0.0000,     -0.0304,      0.2944,      0.1236,      5.4864,     10.9729,      1.0924,     27.8040,     55.6080,      0.0189,      0.0002,      0.0156,      0.2021,   7548.6108,-416553.4375,   -910.8084,    541.7750,  25162.0352,
       1,     166,     280,      22,       1,       3,       1,     10.0000,      1.3841,     42.3539,    244.2660,     61.4729,      3.4953,      0.0000,     -0.0303,      0.2886,      0.1215,      5.4864,     10.9729,      1.0737,     27.8040,     55.6080,      0.0189,      0.0002,      0.0156,      0.2021,   7548.6108,-416397.2500,   -910.7820,    541.7856,  25162.0332,
       1,     166,     280,      23,       1,       3,       1,     10.0000,      1.3841,     42.3539,    244.2660,     61.4729,      3.4953,      0.0000,     -0.0303,      0.2886,      0.1215,      5.4864,     10.9729,      1.0737,     27.8040,     55.6080,      0.0189,      0.0002,      0.0156,      0.2021,   7548.6104,-416376.7500,   -910.7799,    541.7869,  25162.0371,
       1,     166,     280,      24,       1,       3,       1,     10.0000,      1.3841,     42.3539,    244.2660,     61.4729,      3.4953,      0.0000,     -0.0303,      0.2913,      0.1225,      5.4864,     10.9729,      1.0825,     27.8040,     55.6080,      0.0189,      0.0002,      0.0156,      0.2021,   7548.6113,-416374.7500,   -910.7802,    541.7870,  25162.0352,
       1,     166,     281,       1,       1,       3,       1,     10.0000,      1.3842,     42.3542,    244.2717,     61.4744,      3.4953,      0.0000,     -0.0302,      0.2810,      0.1187,      5.4868,     10.9736,      1.0488,     27.7998,     55.5996,      0.0189,      0.0002,      0.0156,      0.2021,   7548.6108,-416533.3750,   -911.0662,    541.7890,  25163.1602,
       1,     166,     281,       2,       1,       3,       1,     10.0000,      1.3842,     42.3542,    244.2717,     61.4744,      3.4953,      0.0000,     -0.0303,      0.3694,      0.1235,      5.4868,     10.9736,      1.0914,     27.7998,     55.5996,      0.0189,      0.0003,      0.0156,      0.2021,   7548.9482,-416381.6250,   -910.7894,    541.7993,  25163.1602,
       1,     166,     281,       3,       1,       3,       1,     10.0000,      1.3842,     42.3542,    244.2717,     61.4744,      3.4953,      0.0000,     -0.0303,      0.3055,      0.1234,      5.4868,     10.9736,      1.0902,     27.7998,     55.5996,      0.0189,      0.0002,      0.0156,      0.2021,   7548.9482,-416479.8125,   -910.8190,    541.7927,  25163.1602,
       1,     166,     281,       4,       1,       3,       1,     10.0000,      1.3842,     42.3542,    244.2717,     61.4744,      3.4953,      0.0000,     -0.0303,      0.2927,      0.1230,      5.4868,     10.9736,      1.0869,     27.7998,     55.5996,      0.0189,      0.0002,      0.0156,      0.2021,   7548.9482,-416407.7812,   -910.8088,    541.7975,  25163.1602,
       1,     166,     281,       5,       1,       3,       1,     10.0000,      1.3842,     42.3542,    244.2717,     61.4744,      3.4953,      0.0000,     -0.0304,      0.2947,      0.1238,      5.4868,     10.9736,      1.0936,     27.7998,     55.5996,      0.0189,      0.0002,      0.0156,      0.2021,   7548.9482,-416385.5938,   -910.8062,    541.7991,  25163.1621,
       1,     166,     281,       6,       1,       3,       1,     10.0000,      1.3842,     42.3542,    244.2717,     61.4744,      3.4953,      0.0000,     -0.0304,      0.3238,      0.1240,      5.4868,     10.9736,      1.0958,     27.7998,     55.5996,      0.0189,      0.0003,      0.0156,      0.2021,   7548.9487,-416386.0312,   -910.8076,    541.7990,  25163.1602,
       1,     166,     281,       7,       1,       3,       1,     10.0000,      1.3842,     42.3542,    244.2717,     61.4744,      3.4953,      0.0000,     -0.0304,      0.3085,      0.1236,      5.4868,     10.9736,      1.0925,     27.7998,     55.5996,      0.0189,      0.0002,      0.0156,      0.2021,   7548.9482,-416422.8438,   -910.8194,    541.7966,  25163.1602,
       1,     166,     281,       8,       1,       3,       1,     10.0000,      1.3842,     42.3542,    244.2717,     61.4744,      3.4953,      0.0102,     -0.0202,      0.3135,      0.1254,      5.4868,     10.9736,      1.1081,     27.7998,     55.5996,      0.0189,      0.0003,      0.0156,      0.2021,   7548.9482,-416406.7500,   -910.8198,    541.7976,  25163.1602,
       1,     166,     281,       9,       1,       3,       1,     10.0000,      1.3842,     42.3542,    244.2717,     61.4744,      3.4953,      0.1097,      0.0790,      2.8702,      0.1322,      5.4868,     10.9736,      1.1683,     27.7998,     55.5996,      0.0189,      0.0003,      0.1409,      0.2021,   7548.9482,-416411.6250,   -910.1129,    541.7973,  25163.1621,
       1,     166,     281,      10,       1,       3,       1,     10.0000,      1.3842,     42.3542,    244.2717,     61.4744,      3.4953,      0.1626,      0.1311,      5.2684,      0.1534,      5.4868,     10.9736,      1.3551,     27.7998,     55.5996,      0.0189,      0.0003,      0.2182,      0.2021,   7548.9487,-419626.1875,   -911.0852,    541.5796,  25163.1621,
       1,     166,     281,      11,       1,       3,       1,     10.0000,      1.3842,     42.3542,    244.2717,     61.4744,      3.4953,      0.1303,      0.0983,      4.6206,      0.1695,      5.4868,     10.9736,      1.4977,     27.7998,     55.5996,      0.0189,      0.0003,      0.1706,      0.2021,   7548.9487,-422915.2188,   -912.4725,    541.3570,  25163.1602,
       1,     166,     281,      12,       1,       3,       1,     10.0000,      1.3842,     42.3542,    244.2717,     61.4744,      3.4953,      0.1133,      0.0808,      4.4218,      0.1876,      5.4868,     10.9736,      1.6576,     27.7998,     55.5996,      0.0189,      0.0004,      0.1453,      0.2021,   7548.9482,-422380.9688,   -912.8124,    541.3931,  25163.1582,
       1,     166,     281,      13,       1,       3,       1,     10.0000,      1.3842,     42.3542,    244.2717,     61.4744,      3.4953,      0.1403,      0.1078,      5.6040,      0.1867,      5.4868,     10.9736,      1.6494,     27.7998,     55.5996,      0.0189,      0.0004,      0.1852,      0.2021,   7548.9478,-422085.6875,   -913.1158,    541.4131,  25163.1602,
       1,     166,     281,      14,       1,       3,       1,     10.0000,      1.3842,     42.3542,    244.2717,     61.4744,      3.4953,      0.1671,      0.1347,     11.5846,      0.1830,      5.4868,     10.9736,      1.6170,     27.7998,     55.5996,      0.0189,      0.0006,      0.2243,      0.2021,   7548.9482,-423546.7812,   -913.8892,    541.3143,  25163.1602,
       1,     166,     281,      15,       1,       3,       1,     10.0000,      1.3842,     42.3542,    244.2717,     61.4744,      3.4953,      0.1752,      0.1429,     40.9285,      0.1814,      5.4868,     10.9736,      1.6026,     27.7998,     55.5996,      0.0189,      0.0022,      0.2329,      0.2021,   7548.9482,-431190.8750,   -916.0159,    540.7971,  25163.1582,
       1,     166,     281,      16,       1,       3,       1,     10.0000,      1.3842,     42.3542,    244.2717,     61.4744,      3.4953,      0.1741,      0.1421,     50.9914,      0.1683,      5.4868,     10.9736,      1.4873,     27.7998,     55.5996,      0.0189,      0.0028,      0.2299,      0.2021,   7548.9478,-468741.9375,   -924.0804,    538.2589,  25163.1602,
       1,     166,     281,      17,       1,       3,       1,     10.0000,      1.3842,     42.3542,    244.2717,     61.4744,      3.4953,      0.1351,      0.1029,     51.1122,      0.1766,      5.4868,     10.9736,      1.5602,     27.7998,     55.5996,      0.0189,      0.0037,      0.1722,      0.2021,   7548.9482,-484611.9062,   -928.3966,    537.1971,  25163.1621,
       1,     166,     281,      18,       1,       3,       1,     10.0000,      1.3842,     42.3542,    244.2717,     61.4744,      3.4953,      0.1272,      0.0952,     45.1111,      0.1719,      5.4868,     10.9736,      1.5188,     27.7998,     55.5996,      0.0189,      0.0035,      0.1613,      0.2021,   7548.9487,-486106.4062,   -929.7094,    537.0977,  25163.1602,
       1,     166,     281,      19,       1,       3,       1,     10.0000,      1.3842,     42.3542,    244.2717,     61.4744,      3.4953,      0.0364,      0.0049,      7.7933,      0.1551,      5.4868,     10.9736,      1.3701,     27.7998,     55.5996,      0.0189,      0.0031,      0.0318,      0.2021,   7548.9482,-478679.6875,   -929.2526,    537.5964,  25163.1602,
       1,     166,     281,      20,       1,       3,       1,     10.0000,      1.3842,     42.3542,    244.2717,     61.4744,      3.4953,      0.0011,     -0.0301,      4.1907,      0.1445,      5.4868,     10.9736,      1.2770,     27.7998,     55.5996,      0.0189,      0.0034,      0.0156,      0.2021,   7548.9482,-431090.3750,   -920.8483,    540.7946,  25163.1602,
       1,     166,     281,      21,       1,       3,       1,     10.0000,      1.3842,     42.3542,    244.2717,     61.4744,      3.4953,      0.0000,     -0.0310,      3.2730,      0.1395,      5.4868,     10.9736,      1.2327,     27.7998,     55.5996,      0.0189,      0.0026,      0.0156,      0.2021,   7548.9482,-422547.5312,   -919.5363,    541.3817,  25163.1582,
       1,     166,     281,      22,       1,       3,       1,     10.0000,      1.3842,     42.3542,    244.2717,     61.4744,      3.4953,      0.0000,     -0.0309,      3.3283,      0.1387,      5.4868,     10.9736,      1.2252,     27.7998,     55.5996,      0.0189,      0.0027,      0.0156,      0.2021,   7548.9478,-420655.7188,   -919.3913,    541.5099,  25163.1602,
       1,     166,     281,      23,       1,       3,       1,     10.0000,      1.3842,     42.3542,    244.2717,     61.4744,      3.4953,      0.0000,     -0.0309,      3.1541,      0.1380,      5.4868,     10.9736,      1.2190,     27.7998,     55.5996,      0.0189,      0.0025,      0.0156,      0.2021,   7548.9482,-420563.8125,   -919.5842,    541.5161,  25163.1621,
       1,     166,     281,      24,       1,       3,       1,     10.0000,      1.3842,     42.3542,    244.2717,     61.4744,      3.4953,      0.0000,     -0.0309,      2.5038,      0.1366,      5.4868,     10.9736,      1.2068,     27.7998,     55.5996,      0.0189,      0.0020,      0.0156,      0.2021,   7548.9487,-420336.7812,   -919.7326,    541.5316,  25163.1602,
       1,     166,     282,       1,       1,       3,       1,     10.0000,      1.3842,     42.3545,    244.2775,     61.4758,      3.4953,      0.0000,     -0.0307,      1.9315,      0.1328,      5.4866,     10.9732,      1.1730,     27.7980,     55.5959,      0.0189,      0.0015,      0.0156,      0.2022,   7548.9482,-419654.4688,   -920.0243,    541.5904,  25164.2852,
       1,     166,     282,       2,       1,       3,       1,     10.0000,      1.3842,     42.3545,    244.2775,     61.4758,      3.4953,      0.0000,     -0.0306,      1.3548,      0.1309,      5.4866,     10.9732,      1.1565,     27.7980,     55.5959,      0.0189,      0.0011,      0.0156,      0.2022,   7549.2856,-418724.6250,   -919.7101,    541.6534,  25164.2852,
       1,     166,     282,       3,       1,       3,       1,     10.0000,      1.3842,     42.3545,    244.2775,     61.4758,      3.4953,      0.0000,     -0.0304,      1.2550,      0.1258,      5.4866,     10.9732,      1.1116,     27.7980,     55.5959,      0.0189,      0.0010,      0.0156,      0.2022,   7549.2856,-417920.4688,   -919.6353,    541.7078,  25164.2832,
       1,     166,     282,       4,       1,       3,       1,     10.0000,      1.3842,     42.3545,    244.2775,     61.4758,      3.4953,      0.0000,     -0.0304,      1.4078,      0.1246,      5.4866,     10.9732,      1.1014,     27.7980,     55.5959,      0.0189,      0.0011,      0.0156,      0.2022,   7549.2852,-417727.0625,   -919.6639,    541.7209,  25164.2832,
       1,     166,     282,       5,       1,       3,       1,     10.0000,      1.3842,     42.3545,    244.2775,     61.4758,      3.4953,      0.0000,     -0.0304,      1.3249,      0.1246,      5.4866,     10.9732,      1.1014,     27.7980,     55.5959,      0.0189,      0.0011,      0.0156,      0.2022,   7549.2852,-417902.5625,   -919.7637,    541.7090,  25164.2832,
       1,     166,     282,       6,       1,       3,       1,     10.0000,      1.3842,     42.3545,    244.2775,     61.4758,      3.4953,      0.0000,     -0.0304,      1.0415,      0.1255,      5.4866,     10.9732,      1.1093,     27.7980,     55.5959,      0.0189,      0.0008,      0.0156,      0.2022,   7549.2852,-417813.3750,   -919.8058,    541.7151,  25164.2832,
       1,     166,     282,       7,       1,       3,       1,     10.0000,      1.3842,     42.3545,    244.2775,     61.4758,      3.4953,      0.0000,     -0.0304,      0.9236,      0.1236,      5.4866,     10.9732,      1.0925,     27.7980,     55.5959,      0.0189,      0.0007,      0.0156,      0.2022,   7549.2852,-417449.4062,   -919.7811,    541.7397,  25164.2832,
       1,     166,     282,       8,       1,       3,       1,     10.0000,      1.3842,     42.3545,    244.2775,     61.4758,      3.4953,      0.0039,     -0.0264,      0.8469,      0.1234,      5.4866,     10.9732,      1.0903,     27.7980,     55.5959,      0.0189,      0.0007,      0.0156,      0.2022,   7549.2852,-417270.3750,   -919.7838,    541.7518,  25164.2852,
       1,     166,     282,       9,       1,       3,       1,     10.0000,      1.3842,     42.3545,    244.2775,     61.4758,      3.4953,      0.0600,      0.0293,      4.9948,      0.1315,      5.4866,     10.9732,      1.1624,     27.7980,     55.5959,      0.0189,      0.0009,      0.0676,      0.2022,   7549.2856,-417158.1875,   -919.7967,    541.7594,  25164.2812,
       1,     166,     282,      10,       1,       3,       1,     10.0000,      1.3842,     42.3545,    244.2775,     61.4758,      3.4953,      0.1058,      0.0746,      9.7922,      0.1479,      5.4866,     10.9732,      1.3069,     27.7980,     55.5959,      0.0189,      0.0009,      0.1341,      0.2022,   7549.2847,-422363.6250,   -920.9314,    541.4070,  25164.2832,
       1,     166,     282,      11,       1,       3,       1,     10.0000,      1.3842,     42.3545,    244.2775,     61.4758,      3.4953,      0.0728,      0.0411,      6.1684,      0.1595,      5.4866,     10.9732,      1.4092,     27.7980,     55.5959,      0.0189,      0.0009,      0.0855,      0.2022,   7549.2852,-428838.0000,   -922.3791,    540.9689,  25164.2852,
       1,     166,     282,      12,       1,       3,       1,     10.0000,      1.3842,     42.3545,    244.2775,     61.4758,      3.4953,      0.0124,     -0.0196,      0.9453,      0.1667,      5.4866,     10.9732,      1.4726,     27.7980,     55.5959,      0.0189,      0.0008,      0.0156,      0.2021,   7549.2856,-424832.6875,   -921.7930,    541.2399,  25164.2832,
       1,     166,     282,      13,       1,       3,       1,     10.0000,      1.3842,     42.3545,    244.2775,     61.4758,      3.4953,      0.0300,     -0.0026,      1.3358,      0.1895,      5.4866,     10.9732,      1.6741,     27.7980,     55.5959,      0.0189,      0.0008,      0.0219,      0.2022,   7549.2852,-417925.7188,   -920.5601,    541.7073,  25164.2852,
       1,     166,     282,      14,       1,       3,       1,     10.0000,      1.3842,     42.3545,    244.2775,     61.4758,      3.4953,      0.1044,      0.0715,     13.8560,      0.1981,      5.4866,     10.9732,      1.7503,     27.7980,     55.5959,      0.0189,      0.0013,      0.1308,      0.2022,   7549.2856,-417828.9062,   -920.6057,    541.7140,  25164.2852,
       1,     166,     282,      15,       1,       3,       1,     10.0000,      1.3842,     42.3545,    244.2775,     61.4758,      3.4953,      0.1578,      0.1247,     36.6205,      0.2052,      5.4866,     10.9732,      1.8135,     27.7980,     55.5959,      0.0189,      0.0022,      0.2076,      0.2022,   7549.2856,-433559.5938,   -923.7821,    540.6489,  25164.2852,
       1,     166,     282,      16,       1,       3,       1,     10.0000,      1.3842,     42.3545,    244.2775,     61.4758,      3.4953,      0.1496,      0.1162,     46.9533,      0.2171,      5.4866,     10.9732,      1.9180,     27.7980,     55.5959,      0.0189,      0.0030,      0.1942,      0.2021,   7549.2856,-463524.9375,   -929.9374,    538.6248,  25164.2832,
       1,     166,     282,      17,       1,       3,       1,     10.0000,      1.3842,     42.3545,    244.2775,     61.4758,      3.4953,      0.1465,      0.1135,     56.6493,      0.2030,      5.4866,     10.9732,      1.7940,     27.7980,     55.5959,      0.0189,      0.0038,      0.1885,      0.2021,   7549.2852,-479080.1875,   -933.4551,    537.5812,  25164.2832,
       1,     166,     282,      18,       1,       3,       1,     10.0000,      1.3842,     42.3545,    244.2775,     61.4758,      3.4953,      0.1182,      0.0857,     53.4566,      0.1852,      5.4866,     10.9732,      1.6364,     27.7980,     55.5959,      0.0189,      0.0045,      0.1468,      0.2021,   7549.2852,-492598.9375,   -936.6668,    536.6738,  25164.2852,
       1,     166,     282,      19,       1,       3,       1,     10.0000,      1.3842,     42.3545,    244.2775,     61.4758,      3.4953,      0.0743,      0.0422,     31.1169,      0.1721,      5.4866,     10.9732,      1.5203,     27.7980,     55.5959,      0.0189,      0.0046,      0.0846,      0.2021,   7549.2856,-489728.4688,   -936.7418,    536.8672,  25164.2812,
       1,     166,     282,      20,       1,       3,       1,     10.0000,      1.3842,     42.3545,    244.2775,     61.4758,      3.4953,      0.0034,     -0.0282,      5.8099,      0.1560,      5.4866,     10.9732,      1.3784,     27.7980,     55.5959,      0.0189,      0.0046,      0.0156,      0.2021,   7549.2847,-461371.4375,   -931.8266,    538.7702,  25164.2832,
       1,     166,     282,      21,       1,       3,       1,     10.0000,      1.3842,     42.3545,    244.2775,     61.4758,      3.4953,      0.0000,     -0.0313,      6.7712,      0.1503,      5.4866,     10.9732,      1.3282,     27.7980,     55.5959,      0.0189,      0.0054,      0.0156,      0.2021,   7549.2852,-427142.0625,   -925.5795,    541.0788,  25164.2832,
       1,     166,     282,      22,       1,       3,       1,     10.0000,      1.3842,     42.3545,    244.2775,     61.4758,      3.4953,      0.0000,     -0.0313,      6.3219,      0.1488,      5.4866,     10.9732,      1.3149,     27.7980,     55.5959,      0.0189,      0.0051,      0.0156,      0.2021,   7549.2852,-425452.8125,   -925.4560,    541.1980,  25164.2832,
       1,     166,     282,      23,       1,       3,       1,     10.0000,      1.3842,     42.3545,    244.2775,     61.4758,      3.4953,      0.0000,     -0.0312,      5.3219,      0.1464,      5.4866,     10.9732,      1.2939,     27.7980,     55.5959,      0.0189,      0.0043,      0.0156,      0.2022,   7549.2852,-424737.9375,   -925.4919,    541.2463,  25164.2852,
       1,     166,     282,      24,       1,       3,       1,     10.0000,      1.3842,     42.3545,    244.2775,     61.4758,      3.4953,      0.0000,     -0.0312,      4.4278,      0.1457,      5.4866,     10.9732,      1.2874,     27.7980,     55.5959,      0.0189,      0.0035,      0.0156,      0.2022,   7549.2856,-423419.5312,   -925.3757,    541.3356,  25164.2832,
       1,     166,     283,       1,       1,       3,       1,     10.0000,      1.3842,     42.3549,    244.2832,     61.4773,      3.4953,      0.0000,     -0.0312,      3.1788,      0.1458,      5.4879,     10.9757,      1.2887,     27.7851,     55.5702,      0.0189,      0.0025,      0.0156,      0.2022,   7549.2852,-422338.1562,   -925.5396,    541.4216,  25165.4082,
       1,     166,     283,       2,       1,       3,       1,     10.0000,      1.3842,     42.3549,    244.2832,     61.4773,      3.4953,      0.0000,     -0.0310,      2.2900,      0.1401,      5.4879,     10.9757,      1.2377,     27.7851,     55.5702,      0.0189,      0.0018,      0.0156,      0.2022,   7549.6226,-420523.6562,   -924.9909,    541.5445,  25165.4062,
       1,     166,     283,       3,       1,       3,       1,     10.0000,      1.3842,     42.3549,    244.2832,     61.4773,      3.4953,      0.0000,     -0.0308,      1.6077,      0.1355,      5.4879,     10.9757,      1.1971,     27.7851,     55.5702,      0.0189,      0.0013,      0.0156,      0.2022,   7549.6221,-419252.2500,   -924.7868,    541.6305,  25165.4062,
       1,     166,     283,       4,       1,       3,       1,     10.0000,      1.3842,     42.3549,    244.2832,     61.4773,      3.4953,      0.0000,     -0.0307,      1.3244,      0.1334,      5.4879,     10.9757,      1.1790,     27.7851,     55.5702,      0.0189,      0.0011,      0.0156,      0.2022,   7549.6221,-418286.4375,   -924.6296,    541.6959,  25165.4082,
       1,     166,     283,       5,       1,       3,       1,     10.0000,      1.3842,     42.3549,    244.2832,     61.4773,      3.4953,      0.0000,     -0.0308,      1.1546,      0.1342,      5.4879,     10.9757,      1.1862,     27.7851,     55.5702,      0.0189,      0.0009,      0.0156,      0.2022,   7549.6226,-417847.7812,   -924.5615,    541.7256,  25165.4062,
       1,     166,     283,       6,       1,       3,       1,     10.0000,      1.3842,     42.3549,    244.2832,     61.4773,      3.4953,      0.0000,     -0.0307,      1.0100,      0.1324,      5.4879,     10.9757,      1.1695,     27.7851,     55.5702,      0.0189,      0.0008,      0.0156,      0.2022,   7549.6221,-417597.3750,   -924.5337,    541.7426,  25165.4062,
       1,     166,     283,       7,       1,       3,       1,     10.0000,      1.3842,     42.3549,    244.2832,     61.4773,      3.4953,      0.0000,     -0.0306,      0.5790,      0.1294,      5.4879,     10.9757,      1.1437,     27.7851,     55.5702,      0.0189,      0.0005,      0.0156,      0.2022,   7549.6221,-417394.3438,   -924.5105,    541.7563,  25165.4062,
       1,     166,     283,       8,       1,       3,       1,     10.0000,      1.3842,     42.3549,    244.2832,     61.4773,      3.4953,      0.0084,     -0.0223,      0.4101,      0.1311,      5.4879,     10.9757,      1.1589,     27.7851,     55.5702,      0.0189,      0.0003,      0.0156,      0.2022,   7549.6221,-416835.2812,   -924.4119,    541.7942,  25165.4062,
       1,     166,     283,       9,       1,       3,       1,     10.0000,      1.3842,     42.3549,    244.2832,     61.4773,      3.4953,      0.0620,      0.0309,      2.7883,      0.1422,      5.4879,     10.9757,      1.2566,     27.7851,     55.5702,      0.0189,      0.0005,      0.0705,      0.2022,   7549.6221,-416575.4062,   -924.3694,    541.8118,  25165.4082,
       1,     166,     283,      10,       1,       3,       1,     10.0000,      1.3842,     42.3549,    244.2832,     61.4773,      3.4953,      0.1107,      0.0791,      5.6720,      0.1554,      5.4879,     10.9757,      1.3730,     27.7851,     55.5702,      0.0189,      0.0005,      0.1416,      0.2022,   7549.6226,-419542.1562,   -924.9760,    541.6109,  25165.4062,
       1,     166,     283,      11,       1,       3,       1,     10.0000,      1.3842,     42.3549,    244.2832,     61.4773,      3.4953,      0.1159,      0.0833,      6.9620,      0.1882,      5.4879,     10.9757,      1.6626,     27.7851,     55.5702,      0.0189,      0.0006,      0.1488,      0.2022,   7549.6221,-423419.8750,   -925.7914,    541.3483,  25165.4062,
       1,     166,     283,      12,       1,       3,       1,     10.0000,      1.3842,     42.3549,    244.2832,     61.4773,      3.4953,      0.1734,      0.1400,     19.3079,      0.2184,      5.4879,     10.9757,      1.9294,     27.7851,     55.5702,      0.0189,      0.0010,      0.2330,      0.2022,   7549.6221,-425371.7500,   -926.2600,    541.2164,  25165.4082,
       1,     166,     283,      13,       1,       3,       1,     10.0000,      1.3842,     42.3549,    244.2832,     61.4773,      3.4953,      0.1559,      0.1219,     22.0191,      0.2405,      5.4879,     10.9757,      2.1255,     27.7851,     55.5702,      0.0189,      0.0013,      0.2066,      0.2022,   7549.6226,-441057.3125,   -929.4910,    540.1552,  25165.4062,
       1,     166,     283,      14,       1,       3,       1,     10.0000,      1.3842,     42.3549,    244.2832,     61.4773,      3.4953,      0.1665,      0.1327,     32.3124,      0.2322,      5.4879,     10.9757,      2.0521,     27.7851,     55.5702,      0.0189,      0.0018,      0.2212,      0.2022,   7549.6221,-445803.7500,   -930.6093,    539.8358,  25165.4062,
       1,     166,     283,      15,       1,       3,       1,     10.0000,      1.3842,     42.3549,    244.2832,     61.4773,      3.4953,      0.1224,      0.0886,     30.6311,      0.2334,      5.4879,     10.9757,      2.0622,     27.7851,     55.5702,      0.0189,      0.0025,      0.1554,      0.2022,   7549.6221,-459149.5938,   -933.4134,    538.9352,  25165.4062,
       1,     166,     283,      16,       1,       3,       1,     10.0000,      1.3842,     42.3549,    244.2832,     61.4773,      3.4953,      0.1401,      0.1067,     57.3656,      0.2177,      5.4879,     10.9757,      1.9237,     27.7851,     55.5702,      0.0189,      0.0040,      0.1788,      0.2021,   7549.6221,-458170.9062,   -933.4360,    539.0020,  25165.4023,
       1,     166,     283,      17,       1,       3,       1,     10.0000,      1.3842,     42.3549,    244.2832,     61.4773,      3.4953,      0.1429,      0.1100,     87.3008,      0.1965,      5.4879,     10.9757,      1.7365,     27.7851,     55.5702,      0.0189,      0.0061,      0.1795,      0.2021,   7549.6211,-491711.0312,   -940.2097,    536.7422,  25165.4043,
       1,     166,     283,      18,       1,       3,       1,     10.0000,      1.3842,     42.3549,    244.2832,     61.4773,      3.4953,      0.1085,      0.0765,     68.3672,      0.1698,      5.4879,     10.9757,      1.5008,     27.7851,     55.5702,      0.0189,      0.0065,      0.1309,      0.2021,   7549.6216,-532240.6250,   -948.5010,    534.0278,  25165.4043,
       1,     166,     283,      19,       1,       3,       1,     10.0000,      1.3842,     42.3549,    244.2832,     61.4773,      3.4953,      0.0509,      0.0194,     22.4972,      0.1557,      5.4879,     10.9757,      1.3757,     27.7851,     55.5702,      0.0189,      0.0054,      0.0515,      0.2021,   7549.6216,-511852.1562,   -945.0048,    535.3956,  25165.4043,
       1,     166,     283,      20,       1,       3,       1,     10.0000,      1.3842,     42.3549,    244.2832,     61.4773,      3.4953,      0.0019,     -0.0291,      5.9418,      0.1409,      5.4879,     10.9757,      1.2452,     27.7851,     55.5702,      0.0189,      0.0048,      0.0156,      0.2021,   7549.6216,-452383.7812,   -933.7019,    539.3772,  25165.4043,
       1,     166,     283,      21,       1,       3,       1,     10.0000,      1.3842,     42.3549,    244.2832,     61.4773,      3.4953,      0.0000,     -0.0309,      4.9403,      0.1377,      5.4879,     10.9757,      1.2166,     27.7851,     55.5702,      0.0189,      0.0040,      0.0156,      0.2022,   7549.6216,-426565.0000,   -928.7496,    541.1329,  25165.4023,
       1,     166,     283,      22,       1,       3,       1,     10.0000,      1.3842,     42.3549,    244.2832,     61.4773,      3.4953,      0.0000,     -0.0306,      3.8013,      0.1288,      5.4879,     10.9757,      1.1379,     27.7851,     55.5702,      0.0189,      0.0030,      0.0156,      0.2022,   7549.6211,-423101.5625,   -928.0959,    541.3699,  25165.4023,
       1,     166,     283,      23,       1,       3,       1,     10.0000,      1.3842,     42.3549,    244.2832,     61.4773,      3.4953,      0.0000,     -0.0304,      2.9425,      0.1239,      5.4879,     10.9757,      1.0947,     27.7851,     55.5702,      0.0189,      0.0024,      0.0156,      0.2022,   7549.6211,-421371.8125,   -927.7715,    541.4871,  25165.4062,
       1,     166,     283,      24,       1,       3,       1,     10.0000,      1.3842,     42.3549,    244.2832,     61.4773,      3.4953,      0.0000,     -0.0304,      2.1310,      0.1245,      5.4879,     10.9757,      1.1003,     27.7851,     55.5702,      0.0189,      0.0017,      0.0156,      0.2022,   7549.6221,-420144.7188,   -927.5397,    541.5701,  25165.4023,
       1,     166,     284,       1,       1,       3,       1,     10.0000,      1.3842,     42.3552,    244.2889,     61.4787,      3.4953,      0.0000,     -0.0304,      0.9672,      0.1250,      5.4873,     10.9746,      1.1048,     27.7799,     55.5599,      0.0189,      0.0008,      0.0156,      0.2022,   7549.6211,-419174.9688,   -927.6312,    541.6486,  25166.5234,
       1,     166,     284,       2,       1,       3,       1,     10.0000,      1.3842,     42.3552,    244.2889,     61.4787,      3.4953,      0.0000,     -0.0303,      1.1947,      0.1236,      5.4873,     10.9746,      1.0925,     27.7799,     55.5599,      0.0189,      0.0010,      0.0156,      0.2022,   7549.9575,-417477.7812,   -927.0353,    541.7635,  25166.5234,
       1,     166,     284,       3,       1,       3,       1,     10.0000,      1.3842,     42.3552,    244.2889,     61.4787,      3.4953,      0.0000,     -0.0303,      0.6007,      0.1214,      5.4873,     10.9746,      1.0727,     27.7799,     55.5599,      0.0189,      0.0005,      0.0156,      0.2022,   7549.9575,-417619.1875,   -927.0651,    541.7540,  25166.5234,
       1,     166,     284,       4,       1,       3,       1,     10.0000,      1.3842,     42.3552,    244.2889,     61.4787,      3.4953,      0.0000,     -0.0302,      0.5886,      0.1202,      5.4873,     10.9746,      1.0618,     27.7799,     55.5599,      0.0189,      0.0005,      0.0156,      0.2022,   7549.9575,-416884.7500,   -926.9240,    541.8037,  25166.5234,
       1,     166,     284,       5,       1,       3,       1,     10.0000,      1.3842,     42.3552,    244.2889,     61.4787,      3.4953,      0.0000,     -0.0301,      0.5569,      0.1181,      5.4873,     10.9746,      1.0435,     27.7799,     55.5599,      0.0189,      0.0004,      0.0156,      0.2022,   7549.9575,-416806.9375,   -926.9105,    541.8090,  25166.5234,
       1,     166,     284,       6,       1,       3,       1,     10.0000,      1.3842,     42.3552,    244.2889,     61.4787,      3.4953,      0.0000,     -0.0301,      0.4991,      0.1180,      5.4873,     10.9746,      1.0425,     27.7799,     55.5599,      0.0189,      0.0004,      0.0156,      0.2022,   7549.9575,-416760.6250,   -926.9030,    541.8121,  25166.5234,
       1,     166,     284,       7,       1,       3,       1,     10.0000,      1.3842,     42.3552,    244.2889,     61.4787,      3.4953,      0.0000,     -0.0302,      0.4547,      0.1197,      5.4873,     10.9746,      1.0575,     27.7799,     55.5599,      0.0189,      0.0004,      0.0156,      0.2022,   7549.9575,-416683.9688,   -926.8900,    541.8173,  25166.5234,
       1,     166,     284,       8,       1,       3,       1,     10.0000,      1.3842,     42.3552,    244.2889,     61.4787,      3.4953,      0.0107,     -0.0195,      0.4560,      0.1200,      5.4873,     10.9746,      1.0607,     27.7799,     55.5599,      0.0189,      0.0004,      0.0156,      0.2022,   7549.9575,-416621.6250,   -926.8794,    541.8215,  25166.5234,
       1,     166,     284,       9,       1,       3,       1,     10.0000,      1.3842,     42.3552,    244.2889,     61.4787,      3.4953,      0.0368,      0.0058,      1.4958,      0.1432,      5.4873,     10.9746,      1.2655,     27.7799,     55.5599,      0.0189,      0.0006,      0.0337,      0.2022,   7549.9575,-416618.0312,   -926.8792,    541.8218,  25166.5234,
       1,     166,     284,      10,       1,       3,       1,     10.0000,      1.3842,     42.3552,    244.2889,     61.4787,      3.4953,      0.0700,      0.0381,      3.0736,      0.1670,      5.4873,     10.9746,      1.4756,     27.7799,     55.5599,      0.0189,      0.0005,      0.0817,      0.2022,   7549.9575,-417924.4062,   -927.1342,    541.7333,  25166.5234,
       1,     166,     284,      11,       1,       3,       1,     10.0000,      1.3842,     42.3552,    244.2889,     61.4787,      3.4953,      0.0477,      0.0151,      1.6713,      0.1876,      5.4873,     10.9746,      1.6577,     27.7799,     55.5599,      0.0189,      0.0004,      0.0482,      0.2022,   7549.9575,-420018.6875,   -927.5469,    541.5915,  25166.5215,
       1,     166,     284,      12,       1,       3,       1,     10.0000,      1.3842,     42.3552,    244.2889,     61.4787,      3.4953,      0.0408,      0.0076,      1.4175,      0.2091,      5.4873,     10.9746,      1.8478,     27.7799,     55.5599,      0.0189,      0.0005,      0.0373,      0.2022,   7549.9565,-418434.7500,   -927.2431,    541.6988,  25166.5215,
       1,     166,     284,      13,       1,       3,       1,     10.0000,      1.3842,     42.3552,    244.2889,     61.4787,      3.4953,      0.0302,     -0.0036,      0.8213,      0.2300,      5.4873,     10.9746,      2.0322,     27.7799,     55.5599,      0.0189,      0.0005,      0.0209,      0.2022,   7549.9565,-417980.8125,   -927.1564,    541.7295,  25166.5234,
       1,     166,     284,      14,       1,       3,       1,     10.0000,      1.3842,     42.3552,    244.2889,     61.4787,      3.4953,      0.0203,     -0.0135,      0.8400,      0.2311,      5.4873,     10.9746,      2.0422,     27.7799,     55.5599,      0.0189,      0.0017,      0.0061,      0.2022,   7549.9575,-417192.6875,   -927.0027,    541.7828,  25166.5215,
       1,     166,     284,      15,       1,       3,       1,     10.0000,      1.3842,     42.3552,    244.2889,     61.4787,      3.4953,      0.0407,      0.0066,      9.8972,      0.2405,      5.4873,     10.9746,      2.1255,     27.7799,     55.5599,      0.0189,      0.0035,      0.0353,      0.2022,   7549.9565,-417149.4375,   -926.9881,    541.7858,  25166.5215,
       1,     166,     284,      16,       1,       3,       1,     10.0000,      1.3842,     42.3552,    244.2889,     61.4787,      3.4953,      0.0571,      0.0236,     22.7605,      0.2222,      5.4873,     10.9746,      1.9638,     27.7799,     55.5599,      0.0189,      0.0048,      0.0588,      0.2022,   7549.9565,-428528.7188,   -929.2149,    541.0151,  25166.5234,
       1,     166,     284,      17,       1,       3,       1,     10.0000,      1.3842,     42.3552,    244.2889,     61.4787,      3.4953,      0.0601,      0.0272,     27.0258,      0.1985,      5.4873,     10.9746,      1.7538,     27.7799,     55.5599,      0.0189,      0.0053,      0.0633,      0.2022,   7549.9575,-445667.6875,   -932.6085,    539.8566,  25166.5234,
       1,     166,     284,      18,       1,       3,       1,     10.0000,      1.3842,     42.3552,    244.2889,     61.4787,      3.4953,      0.0456,      0.0135,     21.9671,      0.1748,      5.4873,     10.9746,      1.5448,     27.7799,     55.5599,      0.0189,      0.0064,      0.0431,      0.2022,   7549.9575,-452490.7188,   -934.0167,    539.3975,  25166.5234,
       1,     166,     284,      19,       1,       3,       1,     10.0000,      1.3842,     42.3552,    244.2889,     61.4787,      3.4953,      0.0153,     -0.0162,      0.6892,      0.1549,      5.4873,     10.9746,      1.3689,     27.7799,     55.5599,      0.0189,      0.0056,      0.0015,      0.2022,   7549.9575,-446708.2812,   -932.9397,    539.7875,  25166.5234,
       1,     166,     284,      20,       1,       3,       1,     10.0000,      1.3842,     42.3552,    244.2889,     61.4787,      3.4953,      0.0009,     -0.0298,      6.7558,      0.1318,      5.4873,     10.9746,      1.1648,     27.7799,     55.5599,      0.0189,      0.0054,      0.0156,      0.2022,   7549.9575,-419463.8438,   -927.9356,    541.6259,  25166.5254,
       1,     166,     284,      21,       1,       3,       1,     10.0000,      1.3842,     42.3552,    244.2889,     61.4787,      3.4953,      0.0000,     -0.0307,      5.8515,      0.1322,      5.4873,     10.9746,      1.1683,     27.7799,     55.5599,      0.0189,      0.0047,      0.0156,      0.2022,   7549.9580,-424781.2188,   -925.7812,    541.2691,  25166.5234,
       1,     166,     284,      22,       1,       3,       1,     10.0000,      1.3842,     42.3552,    244.2889,     61.4787,      3.4953,      0.0000,     -0.0307,      3.9001,      0.1328,      5.4873,     10.9746,      1.1731,     27.7799,     55.5599,      0.0189,      0.0031,      0.0156,      0.2022,   7549.9575,-424093.7188,   -925.9195,    541.3157,  25166.5234,
       1,     166,     284,      23,       1,       3,       1,     10.0000,      1.3842,     42.3552,    244.2889,     61.4787,      3.4953,      0.0000,     -0.0308,      2.3421,      0.1342,      5.4873,     10.9746,      1.1862,     27.7799,     55.5599,      0.0189,      0.0019,      0.0156,      0.2022,   7549.9575,-421582.3750,   -925.5362,    541.4857,  25166.5234,
       1,     166,     284,      24,       1,       3,       1,     10.0000,      1.3842,     42.3552,    244.2889,     61.4787,      3.4953,      0.0000,     -0.0307,      1.2638,      0.1336,      5.4873,     10.9746,      1.1802,     27.7799,     55.5599,      0.0189,      0.0010,      0.0156,      0.2022,   7549.9575,-419410.5312,   -925.2225,    541.6327,  25166.5254,
       1,     166,     285,       1,       1,       3,       1,     10.0000,      1.3843,     42.3555,    244.2947,     61.4802,      3.4953,      0.0000,     -0.0306,      0.3715,      0.1305,      5.4888,     10.9776,      1.1531,     27.7531,     55.5061,      0.0189,      0.0003,      0.0156,      0.2022,   7549.9580,-418025.1562,   -925.2751,    541.7393,  25167.6465,
       1,     166,     285,       2,       1,       3,       1,     10.0000,      1.3843,     42.3555,    244.2947,     61.4802,      3.4953,      0.0000,     -0.0306,      0.3223,      0.1294,      5.4888,     10.9776,      1.1437,     27.7531,     55.5061,      0.0189,      0.0003,      0.0156,      0.2022,   7550.2944,-416633.9375,   -924.7526,    541.8335,  25167.6465,
       1,     166,     285,       3,       1,       3,       1,     10.0000,      1.3843,     42.3555,    244.2947,     61.4802,      3.4953,      0.0000,     -0.0305,      0.3092,      0.1290,      5.4888,     10.9776,      1.1403,     27.7531,     55.5061,      0.0189,      0.0002,      0.0156,      0.2022,   7550.2944,-416453.7812,   -924.7201,    541.8457,  25167.6465,
       1,     166,     285,       4,       1,       3,       1,     10.0000,      1.3843,     42.3555,    244.2947,     61.4802,      3.4953,      0.0000,     -0.0305,      0.3066,      0.1281,      5.4888,     10.9776,      1.1322,     27.7531,     55.5061,      0.0189,      0.0002,      0.0156,      0.2022,   7550.2944,-416421.8750,   -924.7155,    541.8479,  25167.6445,
       1,     166,     285,       5,       1,       3,       1,     10.0000,      1.3843,     42.3555,    244.2947,     61.4802,      3.4953,      0.0000,     -0.0305,      0.3896,      0.1270,      5.4888,     10.9776,      1.1219,     27.7531,     55.5061,      0.0189,      0.0003,      0.0156,      0.2022,   7550.2935,-416416.2812,   -924.7165,    541.8482,  25167.6465,
       1,     166,     285,       6,       1,       3,       1,     10.0000,      1.3843,     42.3555,    244.2947,     61.4802,      3.4953,      0.0000,     -0.0304,      0.3247,      0.1252,      5.4888,     10.9776,      1.1060,     27.7531,     55.5061,      0.0189,      0.0003,      0.0156,      0.2022,   7550.2944,-416519.8438,   -924.7411,    541.8412,  25167.6465,
       1,     166,     285,       7,       1,       3,       1,     10.0000,      1.3843,     42.3555,    244.2947,     61.4802,      3.4953,      0.0000,     -0.0303,      0.3142,      0.1231,      5.4888,     10.9776,      1.0881,     27.7531,     55.5061,      0.0189,      0.0003,      0.0156,      0.2022,   7550.2944,-416447.0312,   -924.7297,    541.8462,  25167.6465,
       1,     166,     285,       8,       1,       3,       1,     10.0000,      1.3843,     42.3555,    244.2947,     61.4802,      3.4953,      0.0199,     -0.0104,      0.2121,      0.1224,      5.4888,     10.9776,      1.0815,     27.7531,     55.5061,      0.0189,      0.0003,      0.0099,      0.2022,   7550.2944,-416427.6250,   -924.7283,    541.8475,  25167.6465,
       1,     166,     285,       9,       1,       3,       1,     10.0000,      1.3843,     42.3555,    244.2947,     61.4802,      3.4953,      0.1283,      0.0973,      3.6339,      0.1394,      5.4888,     10.9776,      1.2315,     27.7531,     55.5061,      0.0189,      0.0003,      0.1679,      0.2022,   7550.2944,-416297.6562,   -924.7275,    541.8563,  25167.6465,
       1,     166,     285,      10,       1,       3,       1,     10.0000,      1.3843,     42.3555,    244.2947,     61.4802,      3.4953,      0.1639,      0.1318,      6.1286,      0.1736,      5.4888,     10.9776,      1.5341,     27.7531,     55.5061,      0.0189,      0.0003,      0.2201,      0.2022,   7550.2944,-420586.5000,   -925.7311,    541.5657,  25167.6465,
       1,     166,     285,      11,       1,       3,       1,     10.0000,      1.3843,     42.3555,    244.2947,     61.4802,      3.4953,      0.1841,      0.1515,      7.6336,      0.1882,      5.4888,     10.9776,      1.6627,     27.7531,     55.5061,      0.0189,      0.0004,      0.2500,      0.2022,   7550.2944,-424087.0000,   -926.7493,    541.3289,  25167.6465,
       1,     166,     285,      12,       1,       3,       1,     10.0000,      1.3843,     42.3555,    244.2947,     61.4802,      3.4953,      0.1837,      0.1507,      8.2193,      0.2010,      5.4888,     10.9776,      1.7765,     27.7531,     55.5061,      0.0189,      0.0004,      0.2495,      0.2022,   7550.2944,-426276.1562,   -927.6347,    541.1808,  25167.6465,
       1,     166,     285,      13,       1,       3,       1,     10.0000,      1.3843,     42.3555,    244.2947,     61.4802,      3.4953,      0.1840,      0.1506,      9.0481,      0.2181,      5.4888,     10.9776,      1.9276,     27.7531,     55.5061,      0.0189,      0.0005,      0.2500,      0.2022,   7550.2944,-427198.6875,   -928.1827,    541.1184,  25167.6465,
       1,     166,     285,      14,       1,       3,       1,     10.0000,      1.3843,     42.3555,    244.2947,     61.4802,      3.4953,      0.1849,      0.1514,     19.6285,      0.2179,      5.4888,     10.9776,      1.9257,     27.7531,     55.5061,      0.0189,      0.0010,      0.2500,      0.2022,   7550.2944,-428318.7188,   -928.8196,    541.0427,  25167.6465,
       1,     166,     285,      15,       1,       3,       1,     10.0000,      1.3843,     42.3555,    244.2947,     61.4802,      3.4953,      0.1873,      0.1559,     44.7951,      0.1534,      5.4888,     10.9776,      1.3552,     27.7531,     55.5061,      0.0189,      0.0022,      0.2500,      0.2022,   7550.2944,-441711.9062,   -931.7629,    540.1368,  25167.6465,
       1,     166,     285,      16,       1,       3,       1,     10.0000,      1.3843,     42.3555,    244.2947,     61.4802,      3.4953,      0.1836,      0.1530,     50.5630,      0.1298,      5.4888,     10.9776,      1.1472,     27.7531,     55.5061,      0.0189,      0.0026,      0.2435,      0.2022,   7550.2944,-474489.8438,   -926.5151,    537.9246,  25167.5234,
       1,     166,     285,      17,       1,       3,       1,     10.0000,      1.3843,     42.3555,    244.2947,     61.4802,      3.4953,      0.1813,      0.1508,     61.7627,      0.1273,      5.4888,     10.9776,      1.1253,     27.7531,     55.5061,      0.0189,      0.0032,      0.2389,      0.2022,   7550.2573,-484555.2188,   -924.0495,    537.2523,  25167.6465,
       1,     166,     285,      18,       1,       3,       1,     10.0000,      1.3843,     42.3555,    244.2947,     61.4802,      3.4953,      0.1200,      0.0893,     49.5460,      0.1306,      5.4888,     10.9776,      1.1542,     27.7531,     55.5061,      0.0189,      0.0041,      0.1504,      0.2022,   7550.2944,-499477.9375,   -926.7066,    536.2505,  25167.6465,
       1,     166,     285,      19,       1,       3,       1,     10.0000,      1.3843,     42.3555,    244.2947,     61.4802,      3.4953,      0.0585,      0.0278,     20.5318,      0.1326,      5.4888,     10.9776,      1.1719,     27.7531,     55.5061,      0.0189,      0.0040,      0.0636,      0.2022,   7550.2944,-485374.7500,   -923.7300,    537.1968,  25167.5449,
       1,     166,     285,      20,       1,       3,       1,     10.0000,      1.3843,     42.3555,    244.2947,     61.4802,      3.4953,      0.0026,     -0.0279,      1.4557,      0.1283,      5.4888,     10.9776,      1.1333,     27.7531,     55.5061,      0.0189,      0.0012,      0.0156,      0.2022,   7550.2637,-447695.5312,   -917.8486,    539.7279,  25167.6465,
       1,     166,     285,      21,       1,       3,       1,     10.0000,      1.3843,     42.3555,    244.2947,     61.4802,      3.4953,      0.0000,     -0.0304,      0.3710,      0.1240,      5.4888,     10.9776,      1.0959,     27.7531,     55.5061,      0.0189,      0.0003,      0.0156,      0.2022,   7550.2944,-420520.6875,   -913.0843,    541.5671,  25167.6484,
       1,     166,     285,      22,       1,       3,       1,     10.0000,      1.3843,     42.3555,    244.2947,     61.4802,      3.4953,      0.0000,     -0.0304,      0.3017,      0.1263,      5.4888,     10.9776,      1.1162,     27.7531,     55.5061,      0.0189,      0.0002,      0.0156,      0.2022,   7550.2949,-416849.3750,   -912.4335,    541.8188,  25167.6445,
       1,     166,     285,      23,       1,       3,       1,     10.0000,      1.3843,     42.3555,    244.2947,     61.4802,      3.4953,      0.0000,     -0.0303,      0.2948,      0.1238,      5.4888,     10.9776,      1.0937,     27.7531,     55.5061,      0.0189,      0.0002,      0.0156,      0.2022,   7550.2935,-416446.6875,   -912.3632,    541.8462,  25167.6445,
       1,     166,     285,      24,       1,       3,       1,     10.0000,      1.3843,     42.3555,    244.2947,     61.4802,      3.4953,      0.0000,     -0.0305,      0.3028,      0.1267,      5.4888,     10.9776,      1.1196,     27.7531,     55.5061,      0.0189,      0.0002,      0.0156,      0.2022,   7550.2935,-416403.5312,   -912.3569,    541.8491,  25167.6445,
       1,     166,     286,       1,       1,       3,       1,     10.0000,      1.3843,     42.3559,    244.3004,     61.4816,      3.4953,      0.0000,     -0.0306,      0.3106,      0.1296,      5.4867,     10.9734,      1.1449,     27.7587,     55.5174,      0.0189,      0.0002,      0.0156,      0.2023,   7550.2935,-416564.6562,   -912.6432,    541.8510,  25168.7676,
       1,     166,     286,       2,       1,       3,       1,     10.0000,      1.3843,     42.3559,    244.3004,     61.4816,      3.4953,      0.0000,     -0.0305,      0.3059,      0.1279,      5.4867,     10.9734,      1.1299,     27.7587,     55.5174,      0.0189,      0.0002,      0.0156,      0.2023,   7550.6304,-416436.0312,   -912.3696,    541.8596,  25168.7676,
       1,     166,     286,       3,       1,       3,       1,     10.0000,      1.3843,     42.3559,    244.3004,     61.4816,      3.4953,      0.0000,     -0.0306,      0.3099,      0.1293,      5.4867,     10.9734,      1.1426,     27.7587,     55.5174,      0.0189,      0.0002,      0.0156,      0.2023,   7550.6304,-416419.3125,   -912.3679,    541.8608,  25168.7656,
       1,     166,     286,       4,       1,       3,       1,     10.0000,      1.3843,     42.3559,    244.3004,     61.4816,      3.4953,      0.0000,     -0.0304,      0.3010,      0.1261,      5.4867,     10.9734,      1.1139,     27.7587,     55.5174,      0.0189,      0.0002,      0.0156,      0.2023,   7550.6299,-416423.1562,   -912.3708,    541.8605,  25168.7676,
       1,     166,     286,       5,       1,       3,       1,     10.0000,      1.3843,     42.3559,    244.3004,     61.4816,      3.4953,      0.0000,     -0.0303,      0.2920,      0.1228,      5.4867,     10.9734,      1.0848,     27.7587,     55.5174,      0.0189,      0.0002,      0.0156,      0.2023,   7550.6304,-416412.0000,   -912.3697,    541.8613,  25168.7676,
       1,     166,     286,       6,       1,       3,       1,     10.0000,      1.3843,     42.3559,    244.3004,     61.4816,      3.4953,      0.0000,     -0.0303,      0.2941,      0.1235,      5.4867,     10.9734,      1.0915,     27.7587,     55.5174,      0.0189,      0.0002,      0.0156,      0.2023,   7550.6304,-416399.8125,   -912.3689,    541.8621,  25168.7676,
       1,     166,     286,       7,       1,       3,       1,     10.0000,      1.3843,     42.3559,    244.3004,     61.4816,      3.4953,      0.0000,     -0.0303,      0.2900,      0.1220,      5.4867,     10.9734,      1.0782,     27.7587,     55.5174,      0.0189,      0.0002,      0.0156,      0.2023,   7550.6304,-416401.2812,   -912.3702,    541.8620,  25168.7676,
       1,     166,     286,       8,       1,       3,       1,     10.0000,      1.3843,     42.3559,    244.3004,     61.4816,      3.4953,      0.0109,     -0.0194,      0.2900,      0.1220,      5.4867,     10.9734,      1.0782,     27.7587,     55.5174,      0.0189,      0.0002,      0.0156,      0.2023,   7550.6304,-416396.3125,   -912.3708,    541.8624,  25168.7676,
       1,     166,     286,       9,       1,       3,       1,     10.0000,      1.3843,     42.3559,    244.3004,     61.4816,      3.4953,      0.1278,      0.0973,      3.3023,      0.1285,      5.4867,     10.9734,      1.1357,     27.7587,     55.5174,      0.0189,      0.0002,      0.1674,      0.2023,   7550.6304,-416395.8750,   -912.4000,    541.8624,  25168.7656,
       1,     166,     286,      10,       1,       3,       1,     10.0000,      1.3843,     42.3559,    244.3004,     61.4816,      3.4953,      0.1621,      0.1303,      5.7377,      0.1657,      5.4867,     10.9734,      1.4639,     27.7587,     55.5174,      0.0189,      0.0003,      0.2175,      0.2023,   7550.6299,-420181.0000,   -913.5264,    541.6060,  25168.7676,
       1,     166,     286,      11,       1,       3,       1,     10.0000,      1.3843,     42.3559,    244.3004,     61.4816,      3.4953,      0.1778,      0.1454,      7.1026,      0.1827,      5.4867,     10.9734,      1.6140,     27.7587,     55.5174,      0.0189,      0.0004,      0.2407,      0.2023,   7550.6304,-423563.2188,   -915.1152,    541.3771,  25168.7676,
       1,     166,     286,      12,       1,       3,       1,     10.0000,      1.3843,     42.3559,    244.3004,     61.4816,      3.4953,      0.1840,      0.1508,      8.6975,      0.2108,      5.4867,     10.9734,      1.8625,     27.7587,     55.5174,      0.0189,      0.0004,      0.2500,      0.2023,   7550.6304,-425566.3125,   -916.4506,    541.2416,  25168.7676,
       1,     166,     286,      13,       1,       3,       1,     10.0000,      1.3843,     42.3559,    244.3004,     61.4816,      3.4953,      0.1840,      0.1506,      9.0177,      0.2175,      5.4867,     10.9734,      1.9220,     27.7587,     55.5174,      0.0189,      0.0005,      0.2500,      0.2023,   7550.6304,-427740.6875,   -918.1241,    541.0944,  25168.7676,
       1,     166,     286,      14,       1,       3,       1,     10.0000,      1.3843,     42.3559,    244.3004,     61.4816,      3.4953,      0.1840,      0.1504,      9.3807,      0.2251,      5.4867,     10.9734,      1.9890,     27.7587,     55.5174,      0.0189,      0.0005,      0.2500,      0.2023,   7550.6304,-428328.2812,   -917.8088,    541.0547,  25168.7676,
       1,     166,     286,      15,       1,       3,       1,     10.0000,      1.3843,     42.3559,    244.3004,     61.4816,      3.4953,      0.1871,      0.1552,     43.0014,      0.1668,      5.4867,     10.9734,      1.4742,     27.7587,     55.5174,      0.0189,      0.0021,      0.2500,      0.2023,   7550.6304,-428834.3125,   -919.3641,    541.0206,  25168.7676,
       1,     166,     286,      16,       1,       3,       1,     10.0000,      1.3843,     42.3559,    244.3004,     61.4816,      3.4953,      0.0903,      0.0597,     26.2770,      0.1306,      5.4867,     10.9734,      1.1543,     27.7587,     55.5174,      0.0189,      0.0030,      0.1096,      0.2022,   7550.6304,-471128.9688,   -921.4935,    538.1603,  25168.7676,
       1,     166,     286,      17,       1,       3,       1,     10.0000,      1.3843,     42.3559,    244.3004,     61.4816,      3.4953,      0.0397,      0.0092,     12.9192,      0.1283,      5.4867,     10.9734,      1.1334,     27.7587,     55.5174,      0.0189,      0.0043,      0.0371,      0.2022,   7550.6304,-453713.9688,   -917.6141,    539.3394,  25168.7656,
       1,     166,     286,      18,       1,       3,       1,     10.0000,      1.3843,     42.3559,    244.3004,     61.4816,      3.4953,      0.0370,      0.0068,     10.8443,      0.1216,      5.4867,     10.9734,      1.0749,     27.7587,     55.5174,      0.0189,      0.0040,      0.0338,      0.2022,   7550.6299,-435437.7812,   -914.2426,    540.5728,  25168.7656,
       1,     166,     286,      19,       1,       3,       1,     10.0000,      1.3843,     42.3559,    244.3004,     61.4816,      3.4953,      0.0346,      0.0045,     11.1494,      0.1189,      5.4867,     10.9734,      1.0511,     27.7587,     55.5174,      0.0189,      0.0046,      0.0303,      0.2022,   7550.6299,-431280.0625,   -913.5527,    540.8551,  25168.7656,
       1,     166,     286,      20,       1,       3,       1,     10.0000,      1.3843,     42.3559,    244.3004,     61.4816,      3.4953,      0.0014,     -0.0285,      3.3094,      0.1141,      5.4867,     10.9734,      1.0079,     27.7587,     55.5174,      0.0189,      0.0026,      0.0156,      0.2022,   7550.6299,-431308.5625,   -914.4578,    540.8533,  25168.7676,
       1,     166,     286,      21,       1,       3,       1,     10.0000,      1.3843,     42.3559,    244.3004,     61.4816,      3.4953,      0.0000,     -0.0299,      0.6386,      0.1120,      5.4867,     10.9734,      0.9895,     27.7587,     55.5174,      0.0189,      0.0005,      0.0156,      0.2022,   7550.6304,-421457.5000,   -912.9943,    541.5192,  25168.7656,
       1,     166,     286,      22,       1,       3,       1,     10.0000,      1.3843,     42.3559,    244.3004,     61.4816,      3.4953,      0.0000,     -0.0298,      0.3057,      0.1114,      5.4867,     10.9734,      0.9844,     27.7587,     55.5174,      0.0189,      0.0002,      0.0156,      0.2023,   7550.6299,-417265.3125,   -910.2699,    541.8034,  25168.7676,
       1,     166,     286,      23,       1,       3,       1,     10.0000,      1.3843,     42.3559,    244.3004,     61.4816,      3.4953,      0.0000,     -0.0299,      0.2645,      0.1126,      5.4867,     10.9734,      0.9946,     27.7587,     55.5174,      0.0189,      0.0002,      0.0156,      0.2023,   7550.6304,-416489.6562,   -910.1376,    541.8560,  25168.7676,
       1,     166,     286,      24,       1,       3,       1,     10.0000,      1.3843,     42.3559,    244.3004,     61.4816,      3.4953,      0.0000,     -0.0300,      0.2713,      0.1151,      5.4867,     10.9734,      1.0172,     27.7587,     55.5174,      0.0189,      0.0002,      0.0156,      0.2023,   7550.6304,-416371.7812,   -910.1177,    541.8641,  25168.7676,
       1,     166,     287,       1,       1,       3,       1,     10.0000,      1.3843,     42.3562,    244.3062,     61.4831,      3.4953,      0.0000,     -0.0300,      0.2714,      0.1151,      5.4875,     10.9750,      1.0173,     27.7557,     55.5113,      0.0189,      0.0002,      0.0156,      0.2023,   7550.6304,-416525.0312,   -910.4007,    541.8665,  25169.8867,
       1,     166,     287,       2,       1,       3,       1,     10.0000,      1.3843,     42.3562,    244.3062,     61.4831,      3.4953,      0.0000,     -0.0300,      0.2749,      0.1164,      5.4875,     10.9750,      1.0288,     27.7557,     55.5113,      0.0189,      0.0002,      0.0156,      0.2023,   7550.9663,-416386.4062,   -910.1286,    541.8758,  25169.8887,
       1,     166,     287,       3,       1,       3,       1,     10.0000,      1.3843,     42.3562,    244.3062,     61.4831,      3.4953,      0.0000,     -0.0300,      0.2736,      0.1159,      5.4875,     10.9750,      1.0246,     27.7557,     55.5113,      0.0189,      0.0002,      0.0156,      0.2023,   7550.9668,-416378.9375,   -910.1281,    541.8764,  25169.8887,
       1,     166,     287,       4,       1,       3,       1,     10.0000,      1.3843,     42.3562,    244.3062,     61.4831,      3.4953,      0.0000,     -0.0300,      0.2710,      0.1150,      5.4875,     10.9750,      1.0162,     27.7557,     55.5113,      0.0189,      0.0002,      0.0156,      0.2023,   7550.9668,-416376.5625,   -910.1290,    541.8765,  25169.8887,
       1,     166,     287,       5,       1,       3,       1,     10.0000,      1.3843,     42.3562,    244.3062,     61.4831,      3.4953,      0.0000,     -0.0299,      0.2645,      0.1126,      5.4875,     10.9750,      0.9946,     27.7557,     55.5113,      0.0189,      0.0002,      0.0156,      0.2023,   7550.9668,-416373.1562,   -910.1298,    541.8767,  25169.8887,
       1,     166,     287,       6,       1,       3,       1,     10.0000,      1.3843,     42.3562,    244.3062,     61.4831,      3.4953,      0.0000,     -0.0299,      0.2639,      0.1123,      5.4875,     10.9750,      0.9925,     27.7557,     55.5113,      0.0189,      0.0002,      0.0156,      0.2023,   7550.9668,-416364.6875,   -910.1293,    541.8773,  25169.8867,
       1,     166,     287,       7,       1,       3,       1,     10.0000,      1.3843,     42.3562,    244.3062,     61.4831,      3.4953,      0.0000,     -0.0299,      0.2660,      0.1131,      5.4875,     10.9750,      0.9997,     27.7557,     55.5113,      0.0189,      0.0002,      0.0156,      0.2023,   7550.9663,-416363.3438,   -910.1308,    541.8774,  25169.8887,
       1,     166,     287,       8,       1,       3,       1,     10.0000,      1.3843,     42.3562,    244.3062,     61.4831,      3.4953,      0.0148,     -0.0151,      0.0507,      0.1137,      5.4875,     10.9750,      1.0048,     27.7557,     55.5113,      0.0189,      0.0002,      0.0030,      0.2023,   7550.9668,-416365.8125,   -910.1321,    541.8773,  25169.8887,
       1,     166,     287,       9,       1,       3,       1,     10.0000,      1.3843,     42.3562,    244.3062,     61.4831,      3.4953,      0.0937,      0.0632,      2.3119,      0.1283,      5.4875,     10.9750,      1.1334,     27.7557,     55.5113,      0.0189,      0.0002,      0.1175,      0.2023,   7550.9668,-416095.4062,   -910.1336,    541.8956,  25169.8887,
       1,     166,     287,      10,       1,       3,       1,     10.0000,      1.3843,     42.3562,    244.3062,     61.4831,      3.4953,      0.1621,      0.1312,      6.1901,      0.1395,      5.4875,     10.9750,      1.2328,     27.7557,     55.5113,      0.0189,      0.0004,      0.2173,      0.2023,   7550.9668,-418913.2812,   -910.9437,    541.7047,  25169.8867,
       1,     166,     287,      11,       1,       3,       1,     10.0000,      1.3843,     42.3562,    244.3062,     61.4831,      3.4953,      0.1755,      0.1437,      7.6635,      0.1632,      5.4875,     10.9750,      1.4422,     27.7557,     55.5113,      0.0189,      0.0004,      0.2370,      0.2023,   7550.9663,-424025.8750,   -912.6421,    541.3585,  25169.8887,
       1,     166,     287,      12,       1,       3,       1,     10.0000,      1.3843,     42.3562,    244.3062,     61.4831,      3.4953,      0.1841,      0.1514,      7.8273,      0.1923,      5.4875,     10.9750,      1.6994,     27.7557,     55.5113,      0.0189,      0.0004,      0.2500,      0.2023,   7550.9668,-426312.2812,   -913.9546,    541.2039,  25169.8867,
       1,     166,     287,      13,       1,       3,       1,     10.0000,      1.3843,     42.3562,    244.3062,     61.4831,      3.4953,      0.1841,      0.1513,      8.0659,      0.1963,      5.4875,     10.9750,      1.7350,     27.7557,     55.5113,      0.0189,      0.0004,      0.2500,      0.2023,   7550.9663,-426712.6250,   -915.5642,    541.1768,  25169.8906,
       1,     166,     287,      14,       1,       3,       1,     10.0000,      1.3843,     42.3562,    244.3062,     61.4831,      3.4953,      0.1849,      0.1518,     29.1888,      0.2079,      5.4875,     10.9750,      1.8371,     27.7557,     55.5113,      0.0189,      0.0015,      0.2489,      0.2023,   7550.9673,-427046.0312,   -916.6372,    541.1542,  25169.8887,
       1,     166,     287,      15,       1,       3,       1,     10.0000,      1.3843,     42.3562,    244.3062,     61.4831,      3.4953,      0.1834,      0.1499,     34.9176,      0.2171,      5.4875,     10.9750,      1.9183,     27.7557,     55.5113,      0.0189,      0.0018,      0.2459,      0.2023,   7550.9668,-453616.2812,   -922.6609,    539.3569,  25169.8887,
       1,     166,     287,      16,       1,       3,       1,     10.0000,      1.3843,     42.3562,    244.3062,     61.4831,      3.4953,      0.1736,      0.1402,     58.3212,      0.2150,      5.4875,     10.9750,      1.8995,     27.7557,     55.5113,      0.0189,      0.0032,      0.2286,      0.2023,   7550.9668,-463084.5625,   -925.6105,    538.7216,  25169.8887,
       1,     166,     287,      17,       1,       3,       1,     10.0000,      1.3843,     42.3562,    244.3062,     61.4831,      3.4953,      0.1362,      0.1030,     69.9296,      0.2095,      5.4875,     10.9750,      1.8516,     27.7557,     55.5113,      0.0189,      0.0051,      0.1715,      0.2022,   7550.9668,-493308.6875,   -932.4197,    536.6866,  25169.8887,
       1,     166,     287,      18,       1,       3,       1,     10.0000,      1.3843,     42.3562,    244.3062,     61.4831,      3.4953,      0.0969,      0.0642,     47.2736,      0.1919,      5.4875,     10.9750,      1.6960,     27.7557,     55.5113,      0.0189,      0.0051,      0.1159,      0.2022,   7550.9668,-510484.6875,   -936.6709,    535.5383,  25169.8906,
       1,     166,     287,      19,       1,       3,       1,     10.0000,      1.3843,     42.3562,    244.3062,     61.4831,      3.4953,      0.0252,     -0.0068,      6.5617,      0.1695,      5.4875,     10.9750,      1.4979,     27.7557,     55.5113,      0.0189,      0.0055,      0.0149,      0.2022,   7550.9673,-483435.2188,   -932.4482,    537.3502,  25169.8887,
       1,     166,     287,      20,       1,       3,       1,     10.0000,      1.3843,     42.3562,    244.3062,     61.4831,      3.4953,      0.0021,     -0.0293,      6.9132,      0.1521,      5.4875,     10.9750,      1.3444,     27.7557,     55.5113,      0.0189,      0.0055,      0.0156,      0.2022,   7550.9668,-429952.7812,   -922.9848,    540.9456,  25169.8887,
       1,     166,     287,      21,       1,       3,       1,     10.0000,      1.3843,     42.3562,    244.3062,     61.4831,      3.4953,      0.0000,     -0.0311,      6.5071,      0.1441,      5.4875,     10.9750,      1.2733,     27.7557,     55.5113,      0.0189,      0.0052,      0.0156,      0.2023,   7550.9668,-425888.4688,   -922.6013,    541.2325,  25169.8887,
       1,     166,     287,      22,       1,       3,       1,     10.0000,      1.3843,     42.3562,    244.3062,     61.4831,      3.4953,      0.0000,     -0.0310,      6.0668,      0.1421,      5.4875,     10.9750,      1.2554,     27.7557,     55.5113,      0.0189,      0.0049,      0.0156,      0.2023,   7550.9668,-425017.4688,   -922.7451,    541.2914,  25169.8887,
       1,     166,     287,      23,       1,       3,       1,     10.0000,      1.3843,     42.3562,    244.3062,     61.4831,      3.4953,      0.0000,     -0.0309,      5.5681,      0.1373,      5.4875,     10.9750,      1.2130,     27.7557,     55.5113,      0.0189,      0.0045,      0.0156,      0.2023,   7550.9668,-424390.3438,   -922.9120,    541.3339,  25169.8887,
       1,     166,     287,      24,       1,       3,       1,     10.0000,      1.3843,     42.3562,    244.3062,     61.4831,      3.4953,      0.0000,     -0.0307,      4.2417,      0.1340,      5.4875,     10.9750,      1.1839,     27.7557,     55.5113,      0.0189,      0.0034,      0.0156,      0.2023,   7550.9668,-423710.2812,   -923.0139,    541.3799,  25169.8906,
       1,     166,     288,       1,       1,       3,       1,     10.0000,      1.3843,     42.3565,    244.3119,     61.4845,      3.4953,      0.0000,     -0.0306,      2.9929,      0.1309,      5.4872,     10.9743,      1.1567,     27.7571,     55.5142,      0.0189,      0.0024,      0.0156,      0.2023,   7550.9673,-422139.5625,   -923.1511,    541.4990,  25171.0078,
       1,     166,     288,       2,       1,       3,       1,     10.0000,      1.3843,     42.3565,    244.3119,     61.4845,      3.4953,      0.0000,     -0.0305,      2.1466,      0.1280,      5.4872,     10.9743,      1.1311,     27.7571,     55.5142,      0.0189,      0.0017,      0.0156,      0.2023,   7551.3027,-420285.7500,   -922.6281,    541.6245,  25171.0078,
       1,     166,     288,       3,       1,       3,       1,     10.0000,      1.3843,     42.3565,    244.3119,     61.4845,      3.4953,      0.0000,     -0.0305,      1.8136,      0.1287,      5.4872,     10.9743,      1.1369,     27.7571,     55.5142,      0.0189,      0.0015,      0.0156,      0.2023,   7551.3027,-419064.8125,   -922.4584,    541.7072,  25171.0059,
       1,     166,     288,       4,       1,       3,       1,     10.0000,      1.3843,     42.3565,    244.3119,     61.4845,      3.4953,      0.0000,     -0.0304,      1.4450,      0.1263,      5.4872,     10.9743,      1.1163,     27.7571,     55.5142,      0.0189,      0.0012,      0.0156,      0.2023,   7551.3022,-418542.9688,   -922.4139,    541.7426,  25171.0059,
       1,     166,     288,       5,       1,       3,       1,     10.0000,      1.3843,     42.3565,    244.3119,     61.4845,      3.4953,      0.0000,     -0.0304,      1.1260,      0.1265,      5.4872,     10.9743,      1.1174,     27.7571,     55.5142,      0.0189,      0.0009,      0.0156,      0.2023,   7551.3022,-418035.4062,   -922.3646,    541.7769,  25171.0078,
       1,     166,     288,       6,       1,       3,       1,     10.0000,      1.3843,     42.3565,    244.3119,     61.4845,      3.4953,      0.0000,     -0.0303,      0.7582,      0.1235,      5.4872,     10.9743,      1.0915,     27.7571,     55.5142,      0.0189,      0.0006,      0.0156,      0.2023,   7551.3027,-417591.4375,   -922.3127,    541.8069,  25171.0078,
       1,     166,     288,       7,       1,       3,       1,     10.0000,      1.3843,     42.3565,    244.3119,     61.4845,      3.4953,      0.0000,     -0.0304,      0.5675,      0.1242,      5.4872,     10.9743,      1.0971,     27.7571,     55.5142,      0.0189,      0.0005,      0.0156,      0.2023,   7551.3027,-417091.5000,   -922.2338,    541.8408,  25171.0078,
       1,     166,     288,       8,       1,       3,       1,     10.0000,      1.3843,     42.3565,    244.3119,     61.4845,      3.4953,      0.0102,     -0.0203,      0.6046,      0.1268,      5.4872,     10.9743,      1.1208,     27.7571,     55.5142,      0.0189,      0.0005,      0.0156,      0.2023,   7551.3027,-416809.4375,   -922.1904,    541.8599,  25171.0078,
       1,     166,     288,       9,       1,       3,       1,     10.0000,      1.3843,     42.3565,    244.3119,     61.4845,      3.4953,      0.0691,      0.0375,      2.8480,      0.1576,      5.4872,     10.9743,      1.3925,     27.7571,     55.5142,      0.0189,      0.0004,      0.0805,      0.2023,   7551.3027,-416832.0000,   -922.2155,    541.8583,  25171.0098,
       1,     166,     288,      10,       1,       3,       1,     10.0000,      1.3843,     42.3565,    244.3119,     61.4845,      3.4953,      0.0893,      0.0573,      3.0048,      0.1697,      5.4872,     10.9743,      1.4995,     27.7571,     55.5142,      0.0189,      0.0003,      0.1101,      0.2023,   7551.3032,-419651.9375,   -922.8317,    541.6674,  25171.0078,
       1,     166,     288,      11,       1,       3,       1,     10.0000,      1.3843,     42.3565,    244.3119,     61.4845,      3.4953,      0.1432,      0.1104,      6.0619,      0.1960,      5.4872,     10.9743,      1.7316,     27.7571,     55.5142,      0.0189,      0.0004,      0.1895,      0.2023,   7551.3027,-420089.1250,   -923.0023,    541.6378,  25171.0059,
       1,     166,     288,      12,       1,       3,       1,     10.0000,      1.3843,     42.3565,    244.3119,     61.4845,      3.4953,      0.1678,      0.1349,      7.3512,      0.1989,      5.4872,     10.9743,      1.7575,     27.7571,     55.5142,      0.0189,      0.0004,      0.2259,      0.2023,   7551.3022,-423967.0625,   -923.9440,    541.3753,  25171.0098,
       1,     166,     288,      13,       1,       3,       1,     10.0000,      1.3843,     42.3565,    244.3119,     61.4845,      3.4953,      0.1637,      0.1308,      9.3255,      0.1987,      5.4872,     10.9743,      1.7557,     27.7571,     55.5142,      0.0189,      0.0005,      0.2195,      0.2023,   7551.3032,-425916.4688,   -924.5863,    541.2435,  25171.0059,
       1,     166,     288,      14,       1,       3,       1,     10.0000,      1.3843,     42.3565,    244.3119,     61.4845,      3.4953,      0.1833,      0.1500,     44.9560,      0.2131,      5.4872,     10.9743,      1.8829,     27.7571,     55.5142,      0.0189,      0.0023,      0.2447,      0.2023,   7551.3022,-428562.9688,   -925.3571,    541.0644,  25171.0078,
       1,     166,     288,      15,       1,       3,       1,     10.0000,      1.3843,     42.3565,    244.3119,     61.4845,      3.4953,      0.1782,      0.1444,     55.4637,      0.2311,      5.4872,     10.9743,      2.0424,     27.7571,     55.5142,      0.0189,      0.0029,      0.2360,      0.2023,   7551.3027,-473554.6250,   -934.4301,    538.0215,  25171.0078,
       1,     166,     288,      16,       1,       3,       1,     10.0000,      1.3843,     42.3565,    244.3119,     61.4845,      3.4953,      0.1853,      0.1514,     90.9743,      0.2359,      5.4872,     10.9743,      2.0847,     27.7571,     55.5142,      0.0189,      0.0047,      0.2425,      0.2023,   7551.3027,-490612.6562,   -938.1604,    536.8829,  25171.0059,
       1,     166,     288,      17,       1,       3,       1,     10.0000,      1.3843,     42.3565,    244.3119,     61.4845,      3.4953,      0.1779,      0.1441,     93.2816,      0.2289,      5.4872,     10.9743,      2.0225,     27.7571,     55.5142,      0.0189,      0.0050,      0.2310,      0.2022,   7551.3022,-536709.5625,   -947.6166,    533.7905,  25171.0078,
       1,     166,     288,      18,       1,       3,       1,     10.0000,      1.3843,     42.3565,    244.3119,     61.4845,      3.4953,      0.1634,      0.1303,     85.4801,      0.2075,      5.4872,     10.9743,      1.8335,     27.7571,     55.5142,      0.0189,      0.0051,      0.2103,      0.2022,   7551.3027,-543546.1875,   -949.5725,    533.3431,  25171.0078,
       1,     166,     288,      19,       1,       3,       1,     10.0000,      1.3843,     42.3565,    244.3119,     61.4845,      3.4953,      0.0487,      0.0169,     19.3059,      0.1665,      5.4872,     10.9743,      1.4713,     27.7571,     55.5142,      0.0189,      0.0050,      0.0483,      0.2022,   7551.3027,-534295.1875,   -948.3641,    533.9601,  25171.0078,
       1,     166,     288,      20,       1,       3,       1,     10.0000,      1.3843,     42.3565,    244.3119,     61.4845,      3.4953,      0.0009,     -0.0306,      7.3767,      0.1548,      5.4872,     10.9743,      1.3676,     27.7571,     55.5142,      0.0189,      0.0059,      0.0156,      0.2022,   7551.3027,-450235.9062,   -932.4005,    539.5710,  25171.0059,
       1,     166,     288,      21,       1,       3,       1,     10.0000,      1.3843,     42.3565,    244.3119,     61.4845,      3.4953,      0.0000,     -0.0316,      8.6587,      0.1568,      5.4872,     10.9743,      1.3856,     27.7571,     55.5142,      0.0189,      0.0069,      0.0156,      0.2023,   7551.3022,-428214.3438,   -928.2119,    541.0859,  25171.0059,
       1,     166,     288,      22,       1,       3,       1,     10.0000,      1.3843,     42.3565,    244.3119,     61.4845,      3.4953,      0.0000,     -0.0314,      7.2528,      0.1534,      5.4872,     10.9743,      1.3553,     27.7571,     55.5142,      0.0189,      0.0058,      0.0156,      0.2023,   7551.3022,-427923.2812,   -928.1870,    541.1077,  25171.0059,
       1,     166,     288,      23,       1,       3,       1,     10.0000,      1.3843,     42.3565,    244.3119,     61.4845,      3.4953,      0.0000,     -0.0314,      5.7036,      0.1525,      5.4872,     10.9743,      1.3472,     27.7571,     55.5142,      0.0189,      0.0046,      0.0156,      0.2023,   7551.3022,-426129.5938,   -927.8588,    541.2290,  25171.0078,
       1,     166,     288,      24,       1,       3,       1,     10.0000,      1.3843,     42.3565,    244.3119,     61.4845,      3.4953,      0.0000,     -0.0311,      2.5680,      0.1442,      5.4872,     10.9743,      1.2746,     27.7571,     55.5142,      0.0189,      0.0021,      0.0156,      0.2023,   7551.3027,-424030.4688,   -927.4611,    541.3710,  25171.0059,
       1,     166,     289,       1,       1,       3,       1,     10.0000,      1.3843,     42.3569,    244.3176,     61.4860,      3.4953,      0.0000,     -0.0309,      2.4533,      0.1376,      5.4872,     10.9745,      1.2156,     27.7575,     55.5149,      0.0189,      0.0020,      0.0156,      0.2023,   7551.3022,-420067.0000,   -926.9737,    541.6518,  25172.1270,
       1,     166,     289,       2,       1,       3,       1,     10.0000,      1.3843,     42.3569,    244.3176,     61.4860,      3.4953,      0.0000,     -0.0307,      2.2657,      0.1332,      5.4872,     10.9745,      1.1768,     27.7575,     55.5149,      0.0189,      0.0018,      0.0156,      0.2023,   7551.6382,-419434.4375,   -926.5861,    541.6947,  25172.1289,
       1,     166,     289,       3,       1,       3,       1,     10.0000,      1.3843,     42.3569,    244.3176,     61.4860,      3.4953,      0.0000,     -0.0307,      1.4700,      0.1325,      5.4872,     10.9745,      1.1709,     27.7575,     55.5149,      0.0189,      0.0012,      0.0156,      0.2023,   7551.6392,-419144.7188,   -926.5353,    541.7143,  25172.1270,
       1,     166,     289,       4,       1,       3,       1,     10.0000,      1.3843,     42.3569,    244.3176,     61.4860,      3.4953,      0.0000,     -0.0307,      1.7880,      0.1332,      5.4872,     10.9745,      1.1768,     27.7575,     55.5149,      0.0189,      0.0014,      0.0156,      0.2023,   7551.6382,-418120.8125,   -926.3417,    541.7836,  25172.1250,
       1,     166,     289,       5,       1,       3,       1,     10.0000,      1.3843,     42.3569,    244.3176,     61.4860,      3.4953,      0.0000,     -0.0306,      1.2277,      0.1301,      5.4872,     10.9745,      1.1497,     27.7575,     55.5149,      0.0189,      0.0010,      0.0156,      0.2023,   7551.6377,-418433.3438,   -926.4072,    541.7625,  25172.1270,
       1,     166,     289,       6,       1,       3,       1,     10.0000,      1.3843,     42.3569,    244.3176,     61.4860,      3.4953,      0.0000,     -0.0305,      1.1715,      0.1279,      5.4872,     10.9745,      1.1300,     27.7575,     55.5149,      0.0189,      0.0009,      0.0156,      0.2023,   7551.6382,-417755.8750,   -926.2781,    541.8084,  25172.1270,
       1,     166,     289,       7,       1,       3,       1,     10.0000,      1.3843,     42.3569,    244.3176,     61.4860,      3.4953,      0.0000,     -0.0306,      0.8796,      0.1291,      5.4872,     10.9745,      1.1404,     27.7575,     55.5149,      0.0189,      0.0007,      0.0156,      0.2023,   7551.6382,-417627.5938,   -926.2548,    541.8171,  25172.1270,
       1,     166,     289,       8,       1,       3,       1,     10.0000,      1.3843,     42.3569,    244.3176,     61.4860,      3.4953,      0.0085,     -0.0220,      0.5257,      0.1288,      5.4872,     10.9745,      1.1380,     27.7575,     55.5149,      0.0189,      0.0004,      0.0156,      0.2023,   7551.6382,-417250.1250,   -926.1834,    541.8427,  25172.1270,
       1,     166,     289,       9,       1,       3,       1,     10.0000,      1.3843,     42.3569,    244.3176,     61.4860,      3.4953,      0.0826,      0.0518,      2.1420,      0.1351,      5.4872,     10.9745,      1.1936,     27.7575,     55.5149,      0.0189,      0.0003,      0.1010,      0.2023,   7551.6382,-416773.5000,   -926.0914,    541.8749,  25172.1270,
       1,     166,     289,      10,       1,       3,       1,     10.0000,      1.3843,     42.3569,    244.3176,     61.4860,      3.4953,      0.1696,      0.1383,      5.3866,      0.1502,      5.4872,     10.9745,      1.3270,     27.7575,     55.5149,      0.0189,      0.0003,      0.2285,      0.2023,   7551.6382,-418763.1250,   -926.4741,    541.7402,  25172.1270,
       1,     166,     289,      11,       1,       3,       1,     10.0000,      1.3843,     42.3569,    244.3176,     61.4860,      3.4953,      0.1735,      0.1419,      5.8564,      0.1581,      5.4872,     10.9745,      1.3968,     27.7575,     55.5149,      0.0189,      0.0003,      0.2343,      0.2023,   7551.6382,-423007.8438,   -927.2814,    541.4528,  25172.1270,
       1,     166,     289,      12,       1,       3,       1,     10.0000,      1.3843,     42.3569,    244.3176,     61.4860,      3.4953,      0.1805,      0.1486,      6.4830,      0.1663,      5.4872,     10.9745,      1.4699,     27.7575,     55.5149,      0.0189,      0.0003,      0.2446,      0.2023,   7551.6382,-423959.3438,   -927.4432,    541.3885,  25172.1250,
       1,     166,     289,      13,       1,       3,       1,     10.0000,      1.3843,     42.3569,    244.3176,     61.4860,      3.4953,      0.1841,      0.1515,      7.7128,      0.1899,      5.4872,     10.9745,      1.6777,     27.7575,     55.5149,      0.0189,      0.0004,      0.2500,      0.2023,   7551.6377,-424827.3125,   -927.5833,    541.3297,  25172.1270,
       1,     166,     289,      14,       1,       3,       1,     10.0000,      1.3843,     42.3569,    244.3176,     61.4860,      3.4953,      0.1842,      0.1517,      8.3650,      0.1863,      5.4872,     10.9745,      1.6464,     27.7575,     55.5149,      0.0189,      0.0004,      0.2500,      0.2023,   7551.6382,-426446.0938,   -927.8140,    541.2202,  25172.1270,
       1,     166,     289,      15,       1,       3,       1,     10.0000,      1.3843,     42.3569,    244.3176,     61.4860,      3.4953,      0.1697,      0.1369,     19.6478,      0.1933,      5.4872,     10.9745,      1.7079,     27.7575,     55.5149,      0.0189,      0.0011,      0.2272,      0.2023,   7551.6382,-427403.0000,   -927.8839,    541.1554,  25172.1250,
       1,     166,     289,      16,       1,       3,       1,     10.0000,      1.3843,     42.3569,    244.3176,     61.4860,      3.4953,      0.1431,      0.1104,     28.0243,      0.1929,      5.4872,     10.9745,      1.7045,     27.7575,     55.5149,      0.0189,      0.0019,      0.1867,      0.2023,   7551.6377,-441658.4688,   -930.6710,    540.1911,  25172.1270,
       1,     166,     289,      17,       1,       3,       1,     10.0000,      1.3843,     42.3569,    244.3176,     61.4860,      3.4953,      0.1742,      0.1417,     42.0537,      0.1886,      5.4872,     10.9745,      1.6661,     27.7575,     55.5149,      0.0189,      0.0023,      0.2313,      0.2023,   7551.6382,-453397.6562,   -933.0266,    539.3993,  25172.1270,
       1,     166,     289,      18,       1,       3,       1,     10.0000,      1.3843,     42.3569,    244.3176,     61.4860,      3.4953,      0.1224,      0.0903,     44.1615,      0.1733,      5.4872,     10.9745,      1.5312,     27.7575,     55.5149,      0.0189,      0.0036,      0.1542,      0.2023,   7551.6382,-472026.1875,   -936.7420,    538.1439,  25172.1270,
       1,     166,     289,      19,       1,       3,       1,     10.0000,      1.3843,     42.3569,    244.3176,     61.4860,      3.4953,      0.0209,     -0.0108,      2.7718,      0.1589,      5.4872,     10.9745,      1.4038,     27.7575,     55.5149,      0.0189,      0.0037,      0.0093,      0.2023,   7551.6382,-476260.4375,   -937.7126,    537.8604,  25172.1250,
       1,     166,     289,      20,       1,       3,       1,     10.0000,      1.3843,     42.3569,    244.3176,     61.4860,      3.4953,      0.0003,     -0.0309,      4.7837,      0.1456,      5.4872,     10.9745,      1.2863,     27.7575,     55.5149,      0.0189,      0.0038,      0.0156,      0.2023,   7551.6377,-424585.0312,   -927.6057,    541.3348,  25172.1289,
       1,     166,     289,      21,       1,       3,       1,     10.0000,      1.3843,     42.3569,    244.3176,     61.4860,      3.4953,      0.0000,     -0.0311,      5.3068,      0.1434,      5.4872,     10.9745,      1.2670,     27.7575,     55.5149,      0.0189,      0.0042,      0.0156,      0.2023,   7551.6392,-422759.8438,   -927.2211,    541.4695,  25172.1270,
       1,     166,     289,      22,       1,       3,       1,     10.0000,      1.3843,     42.3569,    244.3176,     61.4860,      3.4953,      0.0000,     -0.0309,      4.6427,      0.1395,      5.4872,     10.9745,      1.2329,     27.7575,     55.5149,      0.0189,      0.0037,      0.0156,      0.2023,   7551.6382,-423247.7188,   -927.2844,    541.4365,  25172.1270,
       1,     166,     289,      23,       1,       3,       1,     10.0000,      1.3843,     42.3569,    244.3176,     61.4860,      3.4953,      0.0000,     -0.0309,      3.5306,      0.1387,      5.4872,     10.9745,      1.2254,     27.7575,     55.5149,      0.0189,      0.0028,      0.0156,      0.2023,   7551.6382,-422455.0938,   -927.1140,    541.4902,  25172.1270,
       1,     166,     289,      24,       1,       3,       1,     10.0000,      1.3843,     42.3569,    244.3176,     61.4860,      3.4953,      0.0000,     -0.0309,      2.5711,      0.1371,      5.4872,     10.9745,      1.2119,     27.7575,     55.5149,      0.0189,      0.0021,      0.0156,      0.2023,   7551.6382,-420990.6562,   -926.8102,    541.5894,  25172.1289,
       1,     166,     290,       1,       1,       3,       1,     10.0000,      1.3844,     42.3572,    244.3233,     61.4874,      3.4953,      0.0000,     -0.0307,      1.5075,      0.1341,      5.4873,     10.9746,      1.1852,     27.7588,     55.5176,      0.0189,      0.0012,      0.0156,      0.2024,   7551.6392,-419815.1875,   -926.8494,    541.6816,  25173.2500,
       1,     166,     290,       2,       1,       3,       1,     10.0000,      1.3844,     42.3572,    244.3233,     61.4874,      3.4953,      0.0000,     -0.0307,      1.1649,      0.1328,      5.4873,     10.9746,      1.1733,     27.7588,     55.5176,      0.0189,      0.0009,      0.0156,      0.2024,   7551.9751,-418227.6250,   -926.2664,    541.7892,  25173.2500,
       1,     166,     290,       3,       1,       3,       1,     10.0000,      1.3844,     42.3572,    244.3233,     61.4874,      3.4953,      0.0000,     -0.0307,      0.9200,      0.1339,      5.4873,     10.9746,      1.1828,     27.7588,     55.5176,      0.0189,      0.0007,      0.0156,      0.2024,   7551.9751,-417662.3125,   -926.1533,    541.8275,  25173.2520,
       1,     166,     290,       4,       1,       3,       1,     10.0000,      1.3844,     42.3572,    244.3233,     61.4874,      3.4953,      0.0000,     -0.0307,      0.7472,      0.1339,      5.4873,     10.9746,      1.1828,     27.7588,     55.5176,      0.0189,      0.0006,      0.0156,      0.2024,   7551.9761,-417306.2500,   -926.0803,    541.8516,  25173.2500,
       1,     166,     290,       5,       1,       3,       1,     10.0000,      1.3844,     42.3572,    244.3233,     61.4874,      3.4953,      0.0000,     -0.0308,      0.7423,      0.1366,      5.4873,     10.9746,      1.2070,     27.7588,     55.5176,      0.0189,      0.0006,      0.0156,      0.2024,   7551.9751,-417059.2500,   -926.0322,    541.8683,  25173.2500,
       1,     166,     290,       6,       1,       3,       1,     10.0000,      1.3844,     42.3572,    244.3233,     61.4874,      3.4953,      0.0000,     -0.0308,      0.3533,      0.1360,      5.4873,     10.9746,      1.2021,     27.7588,     55.5176,      0.0189,      0.0003,      0.0156,      0.2024,   7551.9751,-417032.1562,   -926.0263,    541.8701,  25173.2520,
       1,     166,     290,       7,       1,       3,       1,     10.0000,      1.3844,     42.3572,    244.3233,     61.4874,      3.4953,      0.0000,     -0.0305,      0.3056,      0.1278,      5.4873,     10.9746,      1.1289,     27.7588,     55.5176,      0.0189,      0.0002,      0.0156,      0.2024,   7551.9761,-416541.0000,   -923.9000,    541.9034,  25173.2500,
       1,     166,     290,       8,       1,       3,       1,     10.0000,      1.3844,     42.3572,    244.3233,     61.4874,      3.4953,      0.0046,     -0.0259,      0.3067,      0.1281,      5.4873,     10.9746,      1.1323,     27.7588,     55.5176,      0.0189,      0.0002,      0.0156,      0.2024,   7551.9751,-416439.5938,   -923.8829,    541.9103,  25173.2520,
       1,     166,     290,       9,       1,       3,       1,     10.0000,      1.3844,     42.3572,    244.3233,     61.4874,      3.4953,      0.0337,      0.0028,      0.6408,      0.1405,      5.4873,     10.9746,      1.2417,     27.7588,     55.5176,      0.0189,      0.0003,      0.0293,      0.2024,   7551.9761,-416431.8438,   -910.0868,    541.9108,  25173.2539,
       1,     166,     290,      10,       1,       3,       1,     10.0000,      1.3844,     42.3572,    244.3233,     61.4874,      3.4953,      0.1480,      0.1165,      4.7726,      0.1540,      5.4873,     10.9746,      1.3608,     27.7588,     55.5176,      0.0189,      0.0003,      0.1967,      0.2024,   7551.9766,-416850.7812,   -910.2731,    541.8824,  25173.2520,
       1,     166,     290,      11,       1,       3,       1,     10.0000,      1.3844,     42.3572,    244.3233,     61.4874,      3.4953,      0.1843,      0.1530,      5.8329,      0.1488,      5.4873,     10.9746,      1.3151,     27.7588,     55.5176,      0.0189,      0.0003,      0.2500,      0.2024,   7551.9761,-422075.7188,   -911.8456,    541.5285,  25173.2520,
       1,     166,     290,      12,       1,       3,       1,     10.0000,      1.3844,     42.3572,    244.3233,     61.4874,      3.4953,      0.1842,      0.1527,      6.2213,      0.1574,      5.4873,     10.9746,      1.3912,     27.7588,     55.5176,      0.0189,      0.0003,      0.2500,      0.2024,   7551.9761,-423852.3125,   -913.7225,    541.4084,  25173.2539,
       1,     166,     290,      13,       1,       3,       1,     10.0000,      1.3844,     42.3572,    244.3233,     61.4874,      3.4953,      0.1842,      0.1519,      7.1543,      0.1778,      5.4873,     10.9746,      1.5714,     27.7588,     55.5176,      0.0189,      0.0004,      0.2500,      0.2024,   7551.9766,-424490.8750,   -915.4177,    541.3652,  25173.2520,
       1,     166,     290,      14,       1,       3,       1,     10.0000,      1.3844,     42.3572,    244.3233,     61.4874,      3.4953,      0.1843,      0.1523,      8.1424,      0.1706,      5.4873,     10.9746,      1.5070,     27.7588,     55.5176,      0.0189,      0.0004,      0.2500,      0.2024,   7551.9761,-425717.0938,   -916.9693,    541.2822,  25173.2500,
       1,     166,     290,      15,       1,       3,       1,     10.0000,      1.3844,     42.3572,    244.3233,     61.4874,      3.4953,      0.1853,      0.1541,     19.2797,      0.1476,      5.4873,     10.9746,      1.3046,     27.7588,     55.5176,      0.0189,      0.0010,      0.2500,      0.2024,   7551.9751,-427062.9375,   -919.0341,    541.1912,  25173.2539,
       1,     166,     290,      16,       1,       3,       1,     10.0000,      1.3844,     42.3572,    244.3233,     61.4874,      3.4953,      0.1852,      0.1549,     15.4985,      0.1234,      5.4873,     10.9746,      1.0905,     27.7588,     55.5176,      0.0189,      0.0008,      0.2500,      0.2024,   7551.9766,-441166.4062,   -916.1799,    540.2371,  25173.2520,
       1,     166,     290,      17,       1,       3,       1,     10.0000,      1.3844,     42.3572,    244.3233,     61.4874,      3.4953,      0.1860,      0.1555,     26.1402,      0.1296,      5.4873,     10.9746,      1.1450,     27.7588,     55.5176,      0.0189,      0.0013,      0.2500,      0.2023,   7551.9761,-437617.1250,   -916.7219,    540.4775,  25173.2520,
       1,     166,     290,      18,       1,       3,       1,     10.0000,      1.3844,     42.3572,    244.3233,     61.4874,      3.4953,      0.0871,      0.0564,     18.2418,      0.1337,      5.4873,     10.9746,      1.1816,     27.7588,     55.5176,      0.0189,      0.0022,      0.1058,      0.2023,   7551.9761,-450683.8750,   -920.1967,    539.5948,  25173.2539,
       1,     166,     290,      19,       1,       3,       1,     10.0000,      1.3844,     42.3572,    244.3233,     61.4874,      3.4953,      0.0269,     -0.0038,      2.7964,      0.1335,      5.4873,     10.9746,      1.1792,     27.7588,     55.5176,      0.0189,      0.0018,      0.0194,      0.2023,   7551.9766,-441870.9688,   -916.4840,    540.1900,  25173.2520,
       1,     166,     290,      20,       1,       3,       1,     10.0000,      1.3844,     42.3572,    244.3233,     61.4874,      3.4953,      0.0012,     -0.0291,      1.3019,      0.1244,      5.4873,     10.9746,      1.0994,     27.7588,     55.5176,      0.0189,      0.0010,      0.0156,      0.2023,   7551.9761,-421717.7812,   -913.1293,    541.5511,  25173.2539,
       1,     166,     290,      21,       1,       3,       1,     10.0000,      1.3844,     42.3572,    244.3233,     61.4874,      3.4953,      0.0000,     -0.0306,      0.6443,      0.1300,      5.4873,     10.9746,      1.1485,     27.7588,     55.5176,      0.0189,      0.0005,      0.0156,      0.2024,   7551.9766,-418132.6562,   -912.5736,    541.7955,  25173.2520,
       1,     166,     290,      22,       1,       3,       1,     10.0000,      1.3844,     42.3572,    244.3233,     61.4874,      3.4953,      0.0000,     -0.0306,      0.9499,      0.1304,      5.4873,     10.9746,      1.1520,     27.7588,     55.5176,      0.0189,      0.0008,      0.0156,      0.2024,   7551.9761,-417000.1250,   -912.4099,    541.8723,  25173.2520,
       1,     166,     290,      23,       1,       3,       1,     10.0000,      1.3844,     42.3572,    244.3233,     61.4874,      3.4953,      0.0000,     -0.0303,      0.5264,      0.1233,      5.4873,     10.9746,      1.0894,     27.7588,     55.5176,      0.0189,      0.0004,      0.0156,      0.2024,   7551.9761,-417287.5000,   -912.5366,    541.8529,  25173.2520,
       1,     166,     290,      24,       1,       3,       1,     10.0000,      1.3844,     42.3572,    244.3233,     61.4874,      3.4953,      0.0000,     -0.0304,      0.3411,      0.1243,      5.4873,     10.9746,      1.0983,     27.7588,     55.5176,      0.0189,      0.0003,      0.0156,      0.2024,   7551.9761,-416779.9062,   -912.4720,    541.8872,  25173.2520,
       1,     166,     291,       1,       1,       3,       1,     10.0000,      1.3844,     42.3575,    244.3291,     61.4889,      3.4953,      0.0000,     -0.0305,      0.3236,      0.1265,      5.4876,     10.9751,      1.1175,     27.7601,     55.5201,      0.0189,      0.0003,      0.0156,      0.2024,   7551.9761,-416658.9062,   -912.7098,    541.9081,  25174.3730,
       1,     166,     291,       2,       1,       3,       1,     10.0000,      1.3844,     42.3575,    244.3291,     61.4889,      3.4953,      0.0000,     -0.0304,      0.4301,      0.1240,      5.4876,     10.9751,      1.0961,     27.7601,     55.5201,      0.0189,      0.0003,      0.0156,      0.2024,   7552.3120,-416474.7812,   -912.4282,    541.9206,  25174.3711,
       1,     166,     291,       3,       1,       3,       1,     10.0000,      1.3844,     42.3575,    244.3291,     61.4889,      3.4953,      0.0000,     -0.0303,      0.4082,      0.1224,      5.4876,     10.9751,      1.0816,     27.7601,     55.5201,      0.0189,      0.0003,      0.0156,      0.2024,   7552.3115,-416593.2188,   -912.4613,    541.9126,  25174.3711,
       1,     166,     291,       4,       1,       3,       1,     10.0000,      1.3844,     42.3575,    244.3291,     61.4889,      3.4953,      0.0000,     -0.0304,      0.3027,      0.1249,      5.4876,     10.9751,      1.1039,     27.7601,     55.5201,      0.0189,      0.0002,      0.0156,      0.2024,   7552.3115,-416575.7812,   -912.4733,    541.9138,  25174.3711,
       1,     166,     291,       5,       1,       3,       1,     10.0000,      1.3844,     42.3575,    244.3291,     61.4889,      3.4953,      0.0000,     -0.0304,      0.2962,      0.1243,      5.4876,     10.9751,      1.0983,     27.7601,     55.5201,      0.0189,      0.0002,      0.0156,      0.2024,   7552.3115,-416441.8125,   -912.4507,    541.9229,  25174.3730,
       1,     166,     291,       6,       1,       3,       1,     10.0000,      1.3844,     42.3575,    244.3291,     61.4889,      3.4953,      0.0000,     -0.0304,      0.2962,      0.1243,      5.4876,     10.9751,      1.0983,     27.7601,     55.5201,      0.0189,      0.0002,      0.0156,      0.2024,   7552.3120,-416421.8750,   -912.4478,    541.9242,  25174.3691,
       1,     166,     291,       7,       1,       3,       1,     10.0000,      1.3844,     42.3575,    244.3291,     61.4889,      3.4953,      0.0000,     -0.0304,      0.2951,      0.1239,      5.4876,     10.9751,      1.0949,     27.7601,     55.5201,      0.0189,      0.0002,      0.0156,      0.2024,   7552.3110,-416420.7500,   -912.4500,    541.9243,  25174.3711,
       1,     166,     291,       8,       1,       3,       1,     10.0000,      1.3844,     42.3575,    244.3291,     61.4889,      3.4953,      0.0177,     -0.0127,      0.1251,      0.1245,      5.4876,     10.9751,      1.1005,     27.7601,     55.5201,      0.0189,      0.0002,      0.0066,      0.2024,   7552.3115,-416419.1875,   -912.4508,    541.9244,  25174.3691,
       1,     166,     291,       9,       1,       3,       1,     10.0000,      1.3844,     42.3575,    244.3291,     61.4889,      3.4953,      0.0889,      0.0584,      2.2104,      0.1301,      5.4876,     10.9751,      1.1497,     27.7601,     55.5201,      0.0189,      0.0002,      0.1105,      0.2024,   7552.3110,-416205.7188,   -912.4729,    541.9389,  25174.3711,
       1,     166,     291,      10,       1,       3,       1,     10.0000,      1.3844,     42.3575,    244.3291,     61.4889,      3.4953,      0.1585,      0.1270,      5.1643,      0.1545,      5.4876,     10.9751,      1.3650,     27.7601,     55.5201,      0.0189,      0.0003,      0.2121,      0.2024,   7552.3115,-418805.9062,   -913.1893,    541.7628,  25174.3711,
       1,     166,     291,      11,       1,       3,       1,     10.0000,      1.3844,     42.3575,    244.3291,     61.4889,      3.4953,      0.1773,      0.1458,      5.9271,      0.1565,      5.4876,     10.9751,      1.3829,     27.7601,     55.5201,      0.0189,      0.0003,      0.2398,      0.2024,   7552.3115,-422736.7188,   -914.6486,    541.4965,  25174.3730,
       1,     166,     291,      12,       1,       3,       1,     10.0000,      1.3844,     42.3575,    244.3291,     61.4889,      3.4953,      0.1842,      0.1521,      6.9133,      0.1726,      5.4876,     10.9751,      1.5252,     27.7601,     55.5201,      0.0189,      0.0003,      0.2500,      0.2024,   7552.3120,-424028.8438,   -915.7988,    541.4092,  25174.3711,
       1,     166,     291,      13,       1,       3,       1,     10.0000,      1.3844,     42.3575,    244.3291,     61.4889,      3.4953,      0.1841,      0.1510,      8.3702,      0.2039,      5.4876,     10.9751,      1.8014,     27.7601,     55.5201,      0.0189,      0.0004,      0.2500,      0.2024,   7552.3115,-425377.4375,   -917.2633,    541.3179,  25174.3711,
       1,     166,     291,      14,       1,       3,       1,     10.0000,      1.3844,     42.3575,    244.3291,     61.4889,      3.4953,      0.1841,      0.1511,      8.2946,      0.2023,      5.4876,     10.9751,      1.7873,     27.7601,     55.5201,      0.0189,      0.0004,      0.2500,      0.2024,   7552.3115,-427321.9062,   -918.9652,    541.1863,  25174.3711,
       1,     166,     291,      15,       1,       3,       1,     10.0000,      1.3844,     42.3575,    244.3291,     61.4889,      3.4953,      0.0983,      0.0653,     12.0115,      0.2035,      5.4876,     10.9751,      1.7979,     27.7601,     55.5201,      0.0189,      0.0012,      0.1218,      0.2024,   7552.3115,-427392.2812,   -920.0250,    541.1816,  25174.3711,
       1,     166,     291,      16,       1,       3,       1,     10.0000,      1.3844,     42.3575,    244.3291,     61.4889,      3.4953,      0.0613,      0.0303,      5.6204,      0.1418,      5.4876,     10.9751,      1.2530,     27.7601,     55.5201,      0.0189,      0.0010,      0.0692,      0.2024,   7552.3115,-432066.5000,   -921.2228,    540.8654,  25174.3691,
       1,     166,     291,      17,       1,       3,       1,     10.0000,      1.3844,     42.3575,    244.3291,     61.4889,      3.4953,      0.0629,      0.0326,      9.8178,      0.1239,      5.4876,     10.9751,      1.0949,     27.7601,     55.5201,      0.0189,      0.0017,      0.0716,      0.2024,   7552.3110,-424436.7812,   -918.1877,    541.3813,  25174.3711,
       1,     166,     291,      18,       1,       3,       1,     10.0000,      1.3844,     42.3575,    244.3291,     61.4889,      3.4953,      0.0670,      0.0369,     19.8646,      0.1161,      5.4876,     10.9751,      1.0257,     27.7601,     55.5201,      0.0189,      0.0032,      0.0766,      0.2024,   7552.3115,-429060.2500,   -914.5023,    541.0687,  25174.3711,
       1,     166,     291,      19,       1,       3,       1,     10.0000,      1.3844,     42.3575,    244.3291,     61.4889,      3.4953,      0.0269,     -0.0030,      5.3464,      0.1133,      5.4876,     10.9751,      1.0008,     27.7601,     55.5201,      0.0189,      0.0033,      0.0200,      0.2024,   7552.3115,-442071.8438,   -915.4711,    540.1888,  25174.3711,
       1,     166,     291,      20,       1,       3,       1,     10.0000,      1.3844,     42.3575,    244.3291,     61.4889,      3.4953,      0.0013,     -0.0284,      4.1881,      0.1095,      5.4876,     10.9751,      0.9675,     27.7601,     55.5201,      0.0189,      0.0033,      0.0156,      0.2024,   7552.3115,-424941.4062,   -912.2966,    541.3461,  25174.3711,
       1,     166,     291,      21,       1,       3,       1,     10.0000,      1.3844,     42.3575,    244.3291,     61.4889,      3.4953,      0.0000,     -0.0296,      1.2019,      0.1067,      5.4876,     10.9751,      0.9430,     27.7601,     55.5201,      0.0189,      0.0010,      0.0156,      0.2024,   7552.3115,-422034.0625,   -912.3649,    541.5442,  25174.3711,
       1,     166,     291,      22,       1,       3,       1,     10.0000,      1.3844,     42.3575,    244.3291,     61.4889,      3.4953,      0.0000,     -0.0297,      0.2757,      0.1070,      5.4876,     10.9751,      0.9459,     27.7601,     55.5201,      0.0189,      0.0002,      0.0156,      0.2024,   7552.3115,-418035.1250,   -911.7805,    541.8149,  25174.3711,
       1,     166,     291,      23,       1,       3,       1,     10.0000,      1.3844,     42.3575,    244.3291,     61.4889,      3.4953,      0.0000,     -0.0297,      0.2512,      0.1076,      5.4876,     10.9751,      0.9508,     27.7601,     55.5201,      0.0189,      0.0002,      0.0156,      0.2024,   7552.3115,-416532.1562,   -911.5154,    541.9168,  25174.3711,
       1,     166,     291,      24,       1,       3,       1,     10.0000,      1.3844,     42.3575,    244.3291,     61.4889,      3.4953,      0.0000,     -0.0299,      0.2633,      0.1121,      5.4876,     10.9751,      0.9906,     27.7601,     55.5201,      0.0189,      0.0002,      0.0156,      0.2024,   7552.3115,-416373.4062,   -911.4880,    541.9276,  25174.3711,
       1,     166,     292,       1,       1,       3,       1,     10.0000,      1.3844,     42.3578,    244.3348,     61.4903,      3.4953,      0.0000,     -0.0300,      0.2692,      0.1143,      5.4881,     10.9762,      1.0101,     27.7544,     55.5087,      0.0189,      0.0002,      0.0156,      0.2024,   7552.3115,-416529.6250,   -911.7722,    541.9297,  25175.4922,
       1,     166,     292,       2,       1,       3,       1,     10.0000,      1.3844,     42.3578,    244.3348,     61.4903,      3.4953,      0.0000,     -0.0299,      0.2657,      0.1130,      5.4881,     10.9762,      0.9988,     27.7544,     55.5087,      0.0189,      0.0002,      0.0156,      0.2024,   7552.6479,-416398.5312,   -911.4996,    541.9385,  25175.4922,
       1,     166,     292,       3,       1,       3,       1,     10.0000,      1.3844,     42.3578,    244.3348,     61.4903,      3.4953,      0.0000,     -0.0298,      0.2596,      0.1107,      5.4881,     10.9762,      0.9785,     27.7544,     55.5087,      0.0189,      0.0002,      0.0156,      0.2024,   7552.6479,-416383.1250,   -911.4984,    541.9396,  25175.4902,
       1,     166,     292,       4,       1,       3,       1,     10.0000,      1.3844,     42.3578,    244.3348,     61.4903,      3.4953,      0.0000,     -0.0299,      0.2627,      0.1119,      5.4881,     10.9762,      0.9886,     27.7544,     55.5087,      0.0189,      0.0002,      0.0156,      0.2024,   7552.6475,-416374.4375,   -911.4986,    541.9402,  25175.4922,
       1,     166,     292,       5,       1,       3,       1,     10.0000,      1.3844,     42.3578,    244.3348,     61.4903,      3.4953,      0.0000,     -0.0299,      0.2661,      0.1131,      5.4881,     10.9762,      0.9998,     27.7544,     55.5087,      0.0189,      0.0002,      0.0156,      0.2024,   7552.6479,-416377.1875,   -911.4997,    541.9401,  25175.4922,
       1,     166,     292,       6,       1,       3,       1,     10.0000,      1.3844,     42.3578,    244.3348,     61.4903,      3.4953,      0.0000,     -0.0299,      0.2661,      0.1131,      5.4881,     10.9762,      0.9998,     27.7544,     55.5087,      0.0189,      0.0002,      0.0156,      0.2024,   7552.6479,-416381.6250,   -911.5016,    541.9398,  25175.4922,
       1,     166,     292,       7,       1,       3,       1,     10.0000,      1.3844,     42.3578,    244.3348,     61.4903,      3.4953,      0.0000,     -0.0299,      0.2673,      0.1136,      5.4881,     10.9762,      1.0039,     27.7544,     55.5087,      0.0189,      0.0002,      0.0156,      0.2024,   7552.6479,-416381.9688,   -911.5031,    541.9397,  25175.4922,
       1,     166,     292,       8,       1,       3,       1,     10.0000,      1.3844,     42.3578,    244.3348,     61.4903,      3.4953,      0.0073,     -0.0227,      0.2673,      0.1136,      5.4881,     10.9762,      1.0039,     27.7544,     55.5087,      0.0189,      0.0002,      0.0156,      0.2024,   7552.6479,-416383.6875,   -911.5047,    541.9396,  25175.4922,
       1,     166,     292,       9,       1,       3,       1,     10.0000,      1.3844,     42.3578,    244.3348,     61.4903,      3.4953,      0.0935,      0.0634,      2.0998,      0.1179,      5.4881,     10.9762,      1.0416,     27.7544,     55.5087,      0.0189,      0.0002,      0.1175,      0.2024,   7552.6479,-416383.6875,   -911.5255,    541.9396,  25175.4922,
       1,     166,     292,      10,       1,       3,       1,     10.0000,      1.3844,     42.3578,    244.3348,     61.4903,      3.4953,      0.1661,      0.1353,      4.6573,      0.1350,      5.4881,     10.9762,      1.1925,     27.7544,     55.5087,      0.0189,      0.0003,      0.2233,      0.2024,   7552.6479,-418684.6562,   -912.1484,    541.7837,  25175.4941,
       1,     166,     292,      11,       1,       3,       1,     10.0000,      1.3844,     42.3578,    244.3348,     61.4903,      3.4953,      0.1701,      0.1380,      6.4190,      0.1745,      5.4881,     10.9762,      1.5420,     27.7544,     55.5087,      0.0189,      0.0003,      0.2292,      0.2024,   7552.6484,-422091.5625,   -913.4943,    541.5530,  25175.4941,
       1,     166,     292,      12,       1,       3,       1,     10.0000,      1.3844,     42.3578,    244.3348,     61.4903,      3.4953,      0.1760,      0.1432,      7.5878,      0.1954,      5.4881,     10.9762,      1.7266,     27.7544,     55.5087,      0.0189,      0.0004,      0.2380,      0.2024,   7552.6484,-424593.7188,   -914.7554,    541.3837,  25175.4902,
       1,     166,     292,      13,       1,       3,       1,     10.0000,      1.3844,     42.3578,    244.3348,     61.4903,      3.4953,      0.1841,      0.1516,      7.5312,      0.1860,      5.4881,     10.9762,      1.6433,     27.7544,     55.5087,      0.0189,      0.0004,      0.2500,      0.2024,   7552.6475,-426274.5938,   -915.9611,    541.2700,  25175.4902,
       1,     166,     292,      14,       1,       3,       1,     10.0000,      1.3844,     42.3578,    244.3348,     61.4903,      3.4953,      0.1841,      0.1513,      7.9538,      0.1950,      5.4881,     10.9762,      1.7232,     27.7544,     55.5087,      0.0189,      0.0004,      0.2500,      0.2024,   7552.6475,-426346.4062,   -917.0396,    541.2651,  25175.4941,
       1,     166,     292,      15,       1,       3,       1,     10.0000,      1.3844,     42.3578,    244.3348,     61.4903,      3.4953,      0.1845,      0.1518,     12.9538,      0.1944,      5.4881,     10.9762,      1.7181,     27.7544,     55.5087,      0.0189,      0.0006,      0.2500,      0.2024,   7552.6484,-426882.7188,   -918.1246,    541.2288,  25175.4902,
       1,     166,     292,      16,       1,       3,       1,     10.0000,      1.3844,     42.3578,    244.3348,     61.4903,      3.4953,      0.1790,      0.1463,     56.8846,      0.1942,      5.4881,     10.9762,      1.7164,     27.7544,     55.5087,      0.0189,      0.0030,      0.2367,      0.2024,   7552.6475,-433207.8125,   -920.2513,    540.8009,  25175.4941,
       1,     166,     292,      17,       1,       3,       1,     10.0000,      1.3844,     42.3578,    244.3348,     61.4903,      3.4953,      0.1519,      0.1197,     61.3508,      0.1756,      5.4881,     10.9762,      1.5513,     27.7544,     55.5087,      0.0189,      0.0039,      0.1959,      0.2024,   7552.6484,-488918.5000,   -931.6721,    537.0350,  25175.4922,
       1,     166,     292,      18,       1,       3,       1,     10.0000,      1.3844,     42.3578,    244.3348,     61.4903,      3.4953,      0.1124,      0.0812,     34.6069,      0.1456,      5.4881,     10.9762,      1.2864,     27.7544,     55.5087,      0.0189,      0.0031,      0.1408,      0.2023,   7552.6479,-499300.3125,   -934.5671,    536.3512,  25175.4902,
       1,     166,     292,      19,       1,       3,       1,     10.0000,      1.3844,     42.3578,    244.3348,     61.4903,      3.4953,      0.0382,      0.0071,     10.4777,      0.1454,      5.4881,     10.9762,      1.2851,     27.7544,     55.5087,      0.0189,      0.0038,      0.0346,      0.2023,   7552.6475,-466543.7188,   -929.0882,    538.5477,  25175.4941,
       1,     166,     292,      20,       1,       3,       1,     10.0000,      1.3844,     42.3578,    244.3348,     61.4903,      3.4953,      0.0015,     -0.0295,      4.7757,      0.1391,      5.4881,     10.9762,      1.2292,     27.7544,     55.5087,      0.0189,      0.0038,      0.0156,      0.2024,   7552.6484,-433462.0000,   -923.2855,    540.7792,  25175.4922,
       1,     166,     292,      21,       1,       3,       1,     10.0000,      1.3844,     42.3578,    244.3348,     61.4903,      3.4953,      0.0000,     -0.0308,      4.8476,      0.1369,      5.4881,     10.9762,      1.2095,     27.7544,     55.5087,      0.0189,      0.0039,      0.0156,      0.2024,   7552.6479,-423501.6250,   -921.6650,    541.4571,  25175.4922,
       1,     166,     292,      22,       1,       3,       1,     10.0000,      1.3844,     42.3578,    244.3348,     61.4903,      3.4953,      0.0000,     -0.0308,      4.2568,      0.1352,      5.4881,     10.9762,      1.1949,     27.7544,     55.5087,      0.0189,      0.0034,      0.0156,      0.2024,   7552.6479,-422741.0000,   -921.7382,    541.5091,  25175.4922,
       1,     166,     292,      23,       1,       3,       1,     10.0000,      1.3844,     42.3578,    244.3348,     61.4903,      3.4953,      0.0000,     -0.0307,      2.2567,      0.1324,      5.4881,     10.9762,      1.1697,     27.7544,     55.5087,      0.0189,      0.0018,      0.0156,      0.2024,   7552.6479,-421933.8125,   -921.7642,    541.5637,  25175.4941,
       1,     166,     292,      24,       1,       3,       1,     10.0000,      1.3844,     42.3578,    244.3348,     61.4903,      3.4953,      0.0000,     -0.0307,      1.4141,      0.1322,      5.4881,     10.9762,      1.1686,     27.7544,     55.5087,      0.0189,      0.0011,      0.0156,      0.2024,   7552.6484,-419353.5312,   -921.3707,    541.7384,  25175.4941,
       1,     166,     293,       1,       1,       3,       1,     10.0000,      1.3844,     42.3582,    244.3405,     61.4918,      3.4953,      0.0000,     -0.0306,      0.9329,      0.1304,      5.4880,     10.9759,      1.1521,     27.7568,     55.5136,      0.0189,      0.0007,      0.0156,      0.2024,   7552.6484,-418230.2188,   -921.4662,    541.8272,  25176.6113,
       1,     166,     293,       2,       1,       3,       1,     10.0000,      1.3844,     42.3582,    244.3405,     61.4918,      3.4953,      0.0000,     -0.0305,      0.7045,      0.1288,      5.4880,     10.9759,      1.1382,     27.7568,     55.5136,      0.0189,      0.0006,      0.0156,      0.2024,   7552.9839,-417379.3750,   -921.0773,    541.8848,  25176.6133,
       1,     166,     293,       3,       1,       3,       1,     10.0000,      1.3844,     42.3582,    244.3405,     61.4918,      3.4953,      0.0000,     -0.0305,      0.5863,      0.1276,      5.4880,     10.9759,      1.1278,     27.7568,     55.5136,      0.0189,      0.0005,      0.0156,      0.2024,   7552.9844,-417020.0000,   -921.0261,    541.9091,  25176.6113,
       1,     166,     293,       4,       1,       3,       1,     10.0000,      1.3844,     42.3582,    244.3405,     61.4918,      3.4953,      0.0000,     -0.0304,      0.5166,      0.1251,      5.4880,     10.9759,      1.1051,     27.7568,     55.5136,      0.0189,      0.0004,      0.0156,      0.2024,   7552.9839,-416841.3438,   -921.0075,    541.9213,  25176.6094,
       1,     166,     293,       5,       1,       3,       1,     10.0000,      1.3844,     42.3582,    244.3405,     61.4918,      3.4953,      0.0000,     -0.0303,      0.6841,      0.1233,      5.4880,     10.9759,      1.0894,     27.7568,     55.5136,      0.0189,      0.0005,      0.0156,      0.2024,   7552.9829,-416738.6250,   -921.0002,    541.9282,  25176.6094,
       1,     166,     293,       6,       1,       3,       1,     10.0000,      1.3844,     42.3582,    244.3405,     61.4918,      3.4953,      0.0000,     -0.0303,      0.5389,      0.1217,      5.4880,     10.9759,      1.0751,     27.7568,     55.5136,      0.0189,      0.0004,      0.0156,      0.2024,   7552.9829,-416940.3438,   -921.0571,    541.9146,  25176.6113,
       1,     166,     293,       7,       1,       3,       1,     10.0000,      1.3844,     42.3582,    244.3405,     61.4918,      3.4953,      0.0000,     -0.0303,      0.3078,      0.1225,      5.4880,     10.9759,      1.0828,     27.7568,     55.5136,      0.0189,      0.0002,      0.0156,      0.2024,   7552.9839,-416774.9062,   -921.0378,    541.9257,  25176.6113,
       1,     166,     293,       8,       1,       3,       1,     10.0000,      1.3844,     42.3582,    244.3405,     61.4918,      3.4953,      0.0215,     -0.0089,      0.2322,      0.1246,      5.4880,     10.9759,      1.1006,     27.7568,     55.5136,      0.0189,      0.0002,      0.0121,      0.2024,   7552.9839,-416470.9688,   -920.9835,    541.9464,  25176.6094,
       1,     166,     293,       9,       1,       3,       1,     10.0000,      1.3844,     42.3582,    244.3405,     61.4918,      3.4953,      0.1350,      0.1048,      3.2927,      0.1215,      5.4880,     10.9759,      1.0740,     27.7568,     55.5136,      0.0189,      0.0002,      0.1779,      0.2024,   7552.9829,-416350.0625,   -910.1331,    541.9545,  25176.6094,
       1,     166,     293,      10,       1,       3,       1,     10.0000,      1.3844,     42.3582,    244.3405,     61.4918,      3.4953,      0.1678,      0.1375,      4.2780,      0.1240,      5.4880,     10.9759,      1.0961,     27.7568,     55.5136,      0.0189,      0.0002,      0.2258,      0.2024,   7552.9829,-420182.3125,   -911.2380,    541.6949,  25176.6113,
       1,     166,     293,      11,       1,       3,       1,     10.0000,      1.3844,     42.3582,    244.3405,     61.4918,      3.4953,      0.1689,      0.1385,      4.3523,      0.1252,      5.4880,     10.9759,      1.1062,     27.7568,     55.5136,      0.0189,      0.0002,      0.2274,      0.2024,   7552.9839,-421745.2812,   -912.4803,    541.5892,  25176.6113,
       1,     166,     293,      12,       1,       3,       1,     10.0000,      1.3844,     42.3582,    244.3405,     61.4918,      3.4953,      0.1843,      0.1534,      5.3866,      0.1388,      5.4880,     10.9759,      1.2268,     27.7568,     55.5136,      0.0189,      0.0003,      0.2500,      0.2024,   7552.9839,-421971.3125,   -913.3273,    541.5739,  25176.6113,
       1,     166,     293,      13,       1,       3,       1,     10.0000,      1.3844,     42.3582,    244.3405,     61.4918,      3.4953,      0.1842,      0.1524,      6.5816,      0.1654,      5.4880,     10.9759,      1.4612,     27.7568,     55.5136,      0.0189,      0.0003,      0.2500,      0.2024,   7552.9839,-423289.2812,   -914.7435,    541.4846,  25176.6113,
       1,     166,     293,      14,       1,       3,       1,     10.0000,      1.3844,     42.3582,    244.3405,     61.4918,      3.4953,      0.1841,      0.1515,      7.7576,      0.1908,      5.4880,     10.9759,      1.6862,     27.7568,     55.5136,      0.0189,      0.0004,      0.2500,      0.2024,   7552.9839,-424901.6875,   -916.6881,    541.3755,  25176.6113,
       1,     166,     293,      15,       1,       3,       1,     10.0000,      1.3844,     42.3582,    244.3405,     61.4918,      3.4953,      0.1841,      0.1514,      7.8910,      0.1937,      5.4880,     10.9759,      1.7114,     27.7568,     55.5136,      0.0189,      0.0004,      0.2500,      0.2024,   7552.9839,-426515.4688,   -918.3842,    541.2664,  25176.6113,
       1,     166,     293,      16,       1,       3,       1,     10.0000,      1.3844,     42.3582,    244.3405,     61.4918,      3.4953,      0.1801,      0.1475,     10.3451,      0.1904,      5.4880,     10.9759,      1.6829,     27.7568,     55.5136,      0.0189,      0.0005,      0.2437,      0.2024,   7552.9839,-426820.0312,   -919.3749,    541.2457,  25176.6113,
       1,     166,     293,      17,       1,       3,       1,     10.0000,      1.3844,     42.3582,    244.3405,     61.4918,      3.4953,      0.1772,      0.1457,     17.7596,      0.1551,      5.4880,     10.9759,      1.3705,     27.7568,     55.5136,      0.0189,      0.0009,      0.2383,      0.2024,   7552.9839,-429927.4688,   -920.6769,    541.0355,  25176.6094,
       1,     166,     293,      18,       1,       3,       1,     10.0000,      1.3844,     42.3582,    244.3405,     61.4918,      3.4953,      0.1405,      0.1096,     29.6238,      0.1372,      5.4880,     10.9759,      1.2120,     27.7568,     55.5136,      0.0189,      0.0020,      0.1827,      0.2024,   7552.9829,-439502.2188,   -923.0648,    540.3880,  25176.6113,
       1,     166,     293,      19,       1,       3,       1,     10.0000,      1.3844,     42.3582,    244.3405,     61.4918,      3.4953,      0.0046,     -0.0259,      4.0652,      0.1287,      5.4880,     10.9759,      1.1370,     27.7568,     55.5136,      0.0189,      0.0033,      0.0156,      0.2024,   7552.9839,-455216.6250,   -926.5225,    539.3269,  25176.6094,
       1,     166,     293,      20,       1,       3,       1,     10.0000,      1.3844,     42.3582,    244.3405,     61.4918,      3.4953,      0.0001,     -0.0302,      4.4396,      0.1239,      5.4880,     10.9759,      1.0950,     27.7568,     55.5136,      0.0189,      0.0036,      0.0156,      0.2024,   7552.9829,-424447.5938,   -912.5123,    541.4023,  25176.6113,
       1,     166,     293,      21,       1,       3,       1,     10.0000,      1.3844,     42.3582,    244.3405,     61.4918,      3.4953,      0.0000,     -0.0302,      3.7373,      0.1213,      5.4880,     10.9759,      1.0718,     27.7568,     55.5136,      0.0189,      0.0030,      0.0156,      0.2024,   7552.9839,-422315.6250,   -911.6943,    541.5505,  25176.6133,
       1,     166,     293,      22,       1,       3,       1,     10.0000,      1.3844,     42.3582,    244.3405,     61.4918,      3.4953,      0.0000,     -0.0300,      2.2044,      0.1157,      5.4880,     10.9759,      1.0226,     27.7568,     55.5136,      0.0189,      0.0018,      0.0156,      0.2024,   7552.9844,-421247.4688,   -911.4660,    541.6228,  25176.6113,
       1,     166,     293,      23,       1,       3,       1,     10.0000,      1.3844,     42.3582,    244.3405,     61.4918,      3.4953,      0.0000,     -0.0300,      0.9531,      0.1154,      5.4880,     10.9759,      1.0195,     27.7568,     55.5136,      0.0189,      0.0008,      0.0156,      0.2024,   7552.9839,-419232.3438,   -911.3927,    541.7593,  25176.6113,
       1,     166,     293,      24,       1,       3,       1,     10.0000,      1.3844,     42.3582,    244.3405,     61.4918,      3.4953,      0.0000,     -0.0301,      0.3953,      0.1178,      5.4880,     10.9759,      1.0405,     27.7568,     55.5136,      0.0189,      0.0003,      0.0156,      0.2024,   7552.9839,-417490.0000,   -911.1790,    541.8773,  25176.6094,
       1,     166,     294,       1,       1,       3,       1,     10.0000,      1.3844,     42.3585,    244.3463,     61.4932,      3.4953,      0.0000,     -0.0301,      0.2834,      0.1187,      5.4876,     10.9753,      1.0491,     27.7615,     55.5229,      0.0189,      0.0002,      0.0156,      0.2025,   7552.9829,-416796.3750,   -911.3260,    541.9370,  25177.7324,
       1,     166,     294,       2,       1,       3,       1,     10.0000,      1.3844,     42.3585,    244.3463,     61.4932,      3.4953,      0.0000,     -0.0302,      0.2817,      0.1190,      5.4876,     10.9753,      1.0513,     27.7615,     55.5229,      0.0189,      0.0002,      0.0156,      0.2025,   7553.3198,-416445.0312,   -911.0145,    541.9607,  25177.7324,
       1,     166,     294,       3,       1,       3,       1,     10.0000,      1.3844,     42.3585,    244.3463,     61.4932,      3.4953,      0.0000,     -0.0301,      0.2814,      0.1188,      5.4876,     10.9753,      1.0502,     27.7615,     55.5229,      0.0189,      0.0002,      0.0156,      0.2025,   7553.3198,-416413.2188,   -911.0101,    541.9629,  25177.7363,
       1,     166,     294,       4,       1,       3,       1,     10.0000,      1.3844,     42.3585,    244.3463,     61.4932,      3.4953,      0.0000,     -0.0302,      0.2847,      0.1192,      5.4876,     10.9753,      1.0534,     27.7615,     55.5229,      0.0189,      0.0002,      0.0156,      0.2025,   7553.3213,-416409.6562,   -911.0104,    541.9631,  25177.7344,
       1,     166,     294,       5,       1,       3,       1,     10.0000,      1.3844,     42.3585,    244.3463,     61.4932,      3.4953,      0.0000,     -0.0302,      0.2874,      0.1211,      5.4876,     10.9753,      1.0697,     27.7615,     55.5229,      0.0189,      0.0002,      0.0156,      0.2025,   7553.3208,-416413.6875,   -911.0129,    541.9629,  25177.7363,
       1,     166,     294,       6,       1,       3,       1,     10.0000,      1.3844,     42.3585,    244.3463,     61.4932,      3.4953,      0.0000,     -0.0302,      0.2870,      0.1209,      5.4876,     10.9753,      1.0686,     27.7615,     55.5229,      0.0189,      0.0002,      0.0156,      0.2025,   7553.3213,-416417.1250,   -911.0146,    541.9626,  25177.7363,
       1,     166,     294,       7,       1,       3,       1,     10.0000,      1.3844,     42.3585,    244.3463,     61.4932,      3.4953,      0.0000,     -0.0302,      0.2874,      0.1211,      5.4876,     10.9753,      1.0697,     27.7615,     55.5229,      0.0189,      0.0002,      0.0156,      0.2025,   7553.3213,-416417.1562,   -911.0159,    541.9626,  25177.7363,
       1,     166,     294,       8,       1,       3,       1,     10.0000,      1.3844,     42.3585,    244.3463,     61.4932,      3.4953,      0.0095,     -0.0207,      0.2874,      0.1211,      5.4876,     10.9753,      1.0697,     27.7615,     55.5229,      0.0189,      0.0002,      0.0156,      0.2025,   7553.3213,-416417.4688,   -911.0173,    541.9626,  25177.7363,
       1,     166,     294,       9,       1,       3,       1,     10.0000,      1.3844,     42.3585,    244.3463,     61.4932,      3.4953,      0.0857,      0.0551,      2.1281,      0.1308,      5.4876,     10.9753,      1.1557,     27.7615,     55.5229,      0.0189,      0.0003,      0.1058,      0.2025,   7553.3213,-416417.4688,   -911.0478,    541.9626,  25177.7363,
       1,     166,     294,      10,       1,       3,       1,     10.0000,      1.3844,     42.3585,    244.3463,     61.4932,      3.4953,      0.1340,      0.1027,      4.1927,      0.1514,      5.4876,     10.9753,      1.3379,     27.7615,     55.5229,      0.0189,      0.0003,      0.1762,      0.2025,   7553.3213,-418728.1250,   -911.7599,    541.8061,  25177.7363,
       1,     166,     294,      11,       1,       3,       1,     10.0000,      1.3844,     42.3585,    244.3463,     61.4932,      3.4953,      0.1507,      0.1189,      5.2532,      0.1645,      5.4876,     10.9753,      1.4540,     27.7615,     55.5229,      0.0189,      0.0003,      0.2007,      0.2025,   7553.3213,-421516.5312,   -912.8063,    541.6172,  25177.7324,
       1,     166,     294,      12,       1,       3,       1,     10.0000,      1.3844,     42.3585,    244.3463,     61.4932,      3.4953,      0.0384,      0.0062,      0.9920,      0.1770,      5.4876,     10.9753,      1.5638,     27.7615,     55.5229,      0.0189,      0.0004,      0.0349,      0.2025,   7553.3198,-423085.4062,   -913.7495,    541.5110,  25177.7324,
       1,     166,     294,      13,       1,       3,       1,     10.0000,      1.3844,     42.3585,    244.3463,     61.4932,      3.4953,      0.0789,      0.0464,      2.8469,      0.1862,      5.4876,     10.9753,      1.6450,     27.7615,     55.5229,      0.0189,      0.0004,      0.0944,      0.2025,   7553.3198,-417869.1562,   -912.9169,    541.8641,  25177.7363,
       1,     166,     294,      14,       1,       3,       1,     10.0000,      1.3844,     42.3585,    244.3463,     61.4932,      3.4953,      0.1324,      0.0989,      8.1557,      0.2191,      5.4876,     10.9753,      1.9356,     27.7615,     55.5229,      0.0189,      0.0006,      0.1730,      0.2025,   7553.3213,-419754.1562,   -913.4745,    541.7365,  25177.7324,
       1,     166,     294,      15,       1,       3,       1,     10.0000,      1.3844,     42.3585,    244.3463,     61.4932,      3.4953,      0.1472,      0.1134,     27.3668,      0.2280,      5.4876,     10.9753,      2.0149,     27.7615,     55.5229,      0.0189,      0.0018,      0.1928,      0.2025,   7553.3198,-426579.2812,   -915.1907,    541.2744,  25177.7344,
       1,     166,     294,      16,       1,       3,       1,     10.0000,      1.3844,     42.3585,    244.3463,     61.4932,      3.4953,      0.1606,      0.1268,     45.6016,      0.2307,      5.4876,     10.9753,      2.0387,     27.7615,     55.5229,      0.0189,      0.0027,      0.2107,      0.2025,   7553.3208,-451279.4688,   -920.5197,    539.6035,  25177.7344,
       1,     166,     294,      17,       1,       3,       1,     10.0000,      1.3844,     42.3585,    244.3463,     61.4932,      3.4953,      0.1774,      0.1436,     84.0461,      0.2298,      5.4876,     10.9753,      2.0307,     27.7615,     55.5229,      0.0189,      0.0045,      0.2314,      0.2024,   7553.3208,-476286.7188,   -926.2385,    537.9193,  25177.7344,
       1,     166,     294,      18,       1,       3,       1,     10.0000,      1.3844,     42.3585,    244.3463,     61.4932,      3.4953,      0.1550,      0.1213,     83.9929,      0.2289,      5.4876,     10.9753,      2.0228,     27.7615,     55.5229,      0.0189,      0.0053,      0.1979,      0.2024,   7553.3208,-526715.1875,   -937.2897,    534.5311,  25177.7363,
       1,     166,     294,      19,       1,       3,       1,     10.0000,      1.3844,     42.3585,    244.3463,     61.4932,      3.4953,      0.0424,      0.0094,     19.7971,      0.2015,      5.4876,     10.9753,      1.7804,     27.7615,     55.5229,      0.0189,      0.0065,      0.0378,      0.2024,   7553.3213,-530950.5000,   -939.6127,    534.2587,  25177.7344,
       1,     166,     294,      20,       1,       3,       1,     10.0000,      1.3844,     42.3585,    244.3463,     61.4932,      3.4953,      0.0007,     -0.0314,      8.3192,      0.1716,      5.4876,     10.9753,      1.5162,     27.7615,     55.5229,      0.0189,      0.0067,      0.0156,      0.2023,   7553.3208,-450569.7812,   -925.5105,    539.6268,  25177.7344,
       1,     166,     294,      21,       1,       3,       1,     10.0000,      1.3844,     42.3585,    244.3463,     61.4932,      3.4953,      0.0000,     -0.0315,      8.1793,      0.1560,      5.4876,     10.9753,      1.3788,     27.7615,     55.5229,      0.0189,      0.0065,      0.0156,      0.2024,   7553.3208,-429432.6562,   -922.1718,    541.0796,  25177.7344,
       1,     166,     294,      22,       1,       3,       1,     10.0000,      1.3844,     42.3585,    244.3463,     61.4932,      3.4953,      0.0000,     -0.0313,      7.9002,      0.1491,      5.4876,     10.9753,      1.3179,     27.7615,     55.5229,      0.0189,      0.0063,      0.0156,      0.2025,   7553.3208,-427434.1875,   -922.3315,    541.2168,  25177.7344,
       1,     166,     294,      23,       1,       3,       1,     10.0000,      1.3844,     42.3585,    244.3463,     61.4932,      3.4953,      0.0000,     -0.0311,      7.9253,      0.1435,      5.4876,     10.9753,      1.2684,     27.7615,     55.5229,      0.0189,      0.0063,      0.0156,      0.2025,   7553.3208,-426911.5000,   -922.6773,    541.2522,  25177.7344,
       1,     166,     294,      24,       1,       3,       1,     10.0000,      1.3844,     42.3585,    244.3463,     61.4932,      3.4953,      0.0000,     -0.0309,      6.4853,      0.1386,      5.4876,     10.9753,      1.2243,     27.7615,     55.5229,      0.0189,      0.0052,      0.0156,      0.2025,   7553.3208,-426898.5000,   -923.0701,    541.2531,  25177.7363,
       1,     166,     295,       1,       1,       3,       1,     10.0000,      1.3845,     42.3588,    244.3520,     61.4947,      3.4953,      0.0000,     -0.0309,      4.6282,      0.1387,      5.4886,     10.9771,      1.2256,     27.7553,     55.5106,      0.0189,      0.0037,      0.0156,      0.2025,   7553.3213,-425242.8750,   -923.3102,    541.3778,  25178.8555,
       1,     166,     295,       2,       1,       3,       1,     10.0000,      1.3845,     42.3588,    244.3520,     61.4947,      3.4953,      0.0000,     -0.0309,      3.0651,      0.1379,      5.4886,     10.9771,      1.2182,     27.7553,     55.5106,      0.0189,      0.0025,      0.0156,      0.2025,   7553.6567,-422619.5625,   -922.7498,    541.5554,  25178.8555,
       1,     166,     295,       3,       1,       3,       1,     10.0000,      1.3845,     42.3588,    244.3520,     61.4947,      3.4953,      0.0000,     -0.0307,      1.9801,      0.1329,      5.4886,     10.9771,      1.1746,     27.7553,     55.5106,      0.0189,      0.0016,      0.0156,      0.2025,   7553.6567,-420434.5312,   -922.4523,    541.7034,  25178.8555,
       1,     166,     295,       4,       1,       3,       1,     10.0000,      1.3845,     42.3588,    244.3520,     61.4947,      3.4953,      0.0000,     -0.0307,      1.1779,      0.1321,      5.4886,     10.9771,      1.1675,     27.7553,     55.5106,      0.0189,      0.0009,      0.0156,      0.2025,   7553.6567,-418886.7500,   -922.2080,    541.8081,  25178.8555,
       1,     166,     295,       5,       1,       3,       1,     10.0000,      1.3845,     42.3588,    244.3520,     61.4947,      3.4953,      0.0000,     -0.0307,      0.6802,      0.1327,      5.4886,     10.9771,      1.1722,     27.7553,     55.5106,      0.0189,      0.0005,      0.0156,      0.2025,   7553.6567,-417748.3125,   -922.0300,    541.8853,  25178.8555,
       1,     166,     295,       6,       1,       3,       1,     10.0000,      1.3845,     42.3588,    244.3520,     61.4947,      3.4953,      0.0000,     -0.0306,      0.5544,      0.1293,      5.4886,     10.9771,      1.1428,     27.7553,     55.5106,      0.0189,      0.0004,      0.0156,      0.2025,   7553.6567,-417026.8125,   -921.9103,    541.9341,  25178.8555,
       1,     166,     295,       7,       1,       3,       1,     10.0000,      1.3845,     42.3588,    244.3520,     61.4947,      3.4953,      0.0000,     -0.0305,      0.4596,      0.1271,      5.4886,     10.9771,      1.1233,     27.7553,     55.5106,      0.0189,      0.0004,      0.0156,      0.2025,   7553.6567,-416807.6562,   -921.8831,    541.9490,  25178.8555,
       1,     166,     295,       8,       1,       3,       1,     10.0000,      1.3845,     42.3588,    244.3520,     61.4947,      3.4953,      0.0075,     -0.0229,      0.3422,      0.1271,      5.4886,     10.9771,      1.1233,     27.7553,     55.5106,      0.0189,      0.0003,      0.0156,      0.2025,   7553.6567,-416669.8438,   -921.8663,    541.9583,  25178.8574,
       1,     166,     295,       9,       1,       3,       1,     10.0000,      1.3845,     42.3588,    244.3520,     61.4947,      3.4953,      0.0805,      0.0491,      2.5032,      0.1533,      5.4886,     10.9771,      1.3542,     27.7553,     55.5106,      0.0189,      0.0003,      0.0975,      0.2025,   7553.6577,-416510.5000,   -921.8448,    541.9691,  25178.8574,
       1,     166,     295,      10,       1,       3,       1,     10.0000,      1.3845,     42.3588,    244.3520,     61.4947,      3.4953,      0.1236,      0.0911,      5.9573,      0.1865,      5.4886,     10.9771,      1.6483,     27.7553,     55.5106,      0.0189,      0.0005,      0.1603,      0.2025,   7553.6577,-419209.3438,   -922.4454,    541.7863,  25178.8555,
       1,     166,     295,      11,       1,       3,       1,     10.0000,      1.3845,     42.3588,    244.3520,     61.4947,      3.4953,      0.1452,      0.1122,      6.5263,      0.2021,      5.4886,     10.9771,      1.7857,     27.7553,     55.5106,      0.0189,      0.0004,      0.1922,      0.2025,   7553.6567,-423775.0625,   -923.4894,    541.4771,  25178.8555,
       1,     166,     295,      12,       1,       3,       1,     10.0000,      1.3845,     42.3588,    244.3520,     61.4947,      3.4953,      0.1641,      0.1306,      8.0573,      0.2201,      5.4886,     10.9771,      1.9451,     27.7553,     55.5106,      0.0189,      0.0005,      0.2203,      0.2025,   7553.6567,-424877.5312,   -923.9177,    541.4025,  25178.8555,
       1,     166,     295,      13,       1,       3,       1,     10.0000,      1.3845,     42.3588,    244.3520,     61.4947,      3.4953,      0.1588,      0.1244,      9.2691,      0.2543,      5.4886,     10.9771,      2.2472,     27.7553,     55.5106,      0.0189,      0.0005,      0.2124,      0.2025,   7553.6567,-426893.1562,   -924.5816,    541.2662,  25178.8555,
       1,     166,     295,      14,       1,       3,       1,     10.0000,      1.3845,     42.3588,    244.3520,     61.4947,      3.4953,      0.1360,      0.1012,     31.0656,      0.2701,      5.4886,     10.9771,      2.3864,     27.7553,     55.5106,      0.0189,      0.0022,      0.1755,      0.2025,   7553.6567,-428585.6562,   -925.2046,    541.1517,  25178.8535,
       1,     166,     295,      15,       1,       3,       1,     10.0000,      1.3845,     42.3588,    244.3520,     61.4947,      3.4953,      0.1508,      0.1160,     68.4035,      0.2680,      5.4886,     10.9771,      2.3680,     27.7553,     55.5106,      0.0189,      0.0044,      0.1934,      0.2025,   7553.6562,-456092.6250,   -930.7565,    539.2910,  25178.8555,
       1,     166,     295,      16,       1,       3,       1,     10.0000,      1.3845,     42.3588,    244.3520,     61.4947,      3.4953,      0.1358,      0.1010,     72.5490,      0.2693,      5.4886,     10.9771,      2.3794,     27.7553,     55.5106,      0.0189,      0.0053,      0.1704,      0.2025,   7553.6567,-505330.3125,   -940.6802,    535.9750,  25178.8574,
       1,     166,     295,      17,       1,       3,       1,     10.0000,      1.3845,     42.3588,    244.3520,     61.4947,      3.4953,      0.1303,      0.0954,     89.7418,      0.2751,      5.4886,     10.9771,      2.4306,     27.7553,     55.5106,      0.0189,      0.0070,      0.1602,      0.2024,   7553.6577,-514741.2500,   -943.0779,    535.3547,  25178.8535,
       1,     166,     295,      18,       1,       3,       1,     10.0000,      1.3845,     42.3588,    244.3520,     61.4947,      3.4953,      0.0902,      0.0569,     64.5992,      0.2121,      5.4886,     10.9771,      1.8739,     27.7553,     55.5106,      0.0189,      0.0078,      0.1036,      0.2024,   7553.6562,-537138.8125,   -948.0407,    533.8563,  25178.8555,
       1,     166,     295,      19,       1,       3,       1,     10.0000,      1.3845,     42.3588,    244.3520,     61.4947,      3.4953,      0.0416,      0.0094,     23.2758,      0.1775,      5.4886,     10.9771,      1.5685,     27.7553,     55.5106,      0.0189,      0.0079,      0.0370,      0.2024,   7553.6567,-507424.3438,   -942.9014,    535.8411,  25178.8535,
       1,     166,     295,      20,       1,       3,       1,     10.0000,      1.3845,     42.3588,    244.3520,     61.4947,      3.4953,      0.0013,     -0.0299,      8.8201,      0.1478,      5.4886,     10.9771,      1.3060,     27.7553,     55.5106,      0.0189,      0.0071,      0.0156,      0.2024,   7553.6562,-452980.8125,   -917.8357,    539.4915,  25178.8555,
       1,     166,     295,      21,       1,       3,       1,     10.0000,      1.3845,     42.3588,    244.3520,     61.4947,      3.4953,      0.0000,     -0.0316,      9.2738,      0.1575,      5.4886,     10.9771,      1.3914,     27.7553,     55.5106,      0.0189,      0.0074,      0.0156,      0.2025,   7553.6567,-430248.5312,   -914.7672,    541.0370,  25178.8555,
       1,     166,     295,      22,       1,       3,       1,     10.0000,      1.3845,     42.3588,    244.3520,     61.4947,      3.4953,      0.0000,     -0.0315,      9.3031,      0.1543,      5.4886,     10.9771,      1.3637,     27.7553,     55.5106,      0.0189,      0.0074,      0.0156,      0.2025,   7553.6567,-428879.3125,   -915.5673,    541.1317,  25178.8555,
       1,     166,     295,      23,       1,       3,       1,     10.0000,      1.3845,     42.3588,    244.3520,     61.4947,      3.4953,      0.0000,     -0.0313,      4.5204,      0.1488,      5.4886,     10.9771,      1.3153,     27.7553,     55.5106,      0.0189,      0.0036,      0.0156,      0.2025,   7553.6567,-428797.2812,   -916.4350,    541.1373,  25178.8555,
       1,     166,     295,      24,       1,       3,       1,     10.0000,      1.3845,     42.3588,    244.3520,     61.4947,      3.4953,      0.0000,     -0.0312,      2.4473,      0.1454,      5.4886,     10.9771,      1.2851,     27.7553,     55.5106,      0.0189,      0.0020,      0.0156,      0.2025,   7553.6567,-422785.9375,   -915.7665,    541.5439,  25178.8555,
       1,     166,     296,       1,       1,       3,       1,     10.0000,      1.3845,     42.3592,    244.3577,     61.4961,      3.4953,      0.0000,     -0.0311,      1.0681,      0.1437,      5.4886,     10.9772,      1.2697,     27.7500,     55.5001,      0.0189,      0.0009,      0.0156,      0.2025,   7553.6567,-419827.6562,   -915.6867,    541.7572,  25179.9766,
       1,     166,     296,       2,       1,       3,       1,     10.0000,      1.3845,     42.3592,    244.3577,     61.4961,      3.4953,      0.0000,     -0.0311,      2.5710,      0.1452,      5.4886,     10.9772,      1.2826,     27.7500,     55.5001,      0.0189,      0.0021,      0.0156,      0.2025,   7553.9932,-417693.2500,   -915.1157,    541.9017,  25179.9746,
       1,     166,     296,       3,       1,       3,       1,     10.0000,      1.3845,     42.3592,    244.3577,     61.4961,      3.4953,      0.0000,     -0.0311,      2.0304,      0.1428,      5.4886,     10.9772,      1.2621,     27.7500,     55.5001,      0.0189,      0.0016,      0.0156,      0.2025,   7553.9927,-419398.3438,   -915.6091,    541.7863,  25179.9766,
       1,     166,     296,       4,       1,       3,       1,     10.0000,      1.3845,     42.3592,    244.3577,     61.4961,      3.4953,      0.0000,     -0.0310,      1.4261,      0.1405,      5.4886,     10.9772,      1.2418,     27.7500,     55.5001,      0.0189,      0.0011,      0.0156,      0.2025,   7553.9932,-418864.6875,   -915.6432,    541.8224,  25179.9766,
       1,     166,     296,       5,       1,       3,       1,     10.0000,      1.3845,     42.3592,    244.3577,     61.4961,      3.4953,      0.0000,     -0.0309,      0.9413,      0.1383,      5.4886,     10.9772,      1.2219,     27.7500,     55.5001,      0.0189,      0.0008,      0.0156,      0.2025,   7553.9932,-418060.7812,   -915.5615,    541.8768,  25179.9766,
       1,     166,     296,       6,       1,       3,       1,     10.0000,      1.3845,     42.3592,    244.3577,     61.4961,      3.4953,      0.0000,     -0.0308,      0.5947,      0.1359,      5.4886,     10.9772,      1.2011,     27.7500,     55.5001,      0.0189,      0.0005,      0.0156,      0.2025,   7553.9932,-417384.0938,   -915.4761,    541.9227,  25179.9766,
       1,     166,     296,       7,       1,       3,       1,     10.0000,      1.3845,     42.3592,    244.3577,     61.4961,      3.4953,      0.0000,     -0.0307,      0.4343,      0.1333,      5.4886,     10.9772,      1.1782,     27.7500,     55.5001,      0.0189,      0.0003,      0.0156,      0.2025,   7553.9932,-416891.5312,   -915.4078,    541.9561,  25179.9766,
       1,     166,     296,       8,       1,       3,       1,     10.0000,      1.3845,     42.3592,    244.3577,     61.4961,      3.4953,      0.0222,     -0.0085,      0.2826,      0.1325,      5.4886,     10.9772,      1.1710,     27.7500,     55.5001,      0.0189,      0.0003,      0.0128,      0.2025,   7553.9932,-416648.2500,   -915.3754,    541.9726,  25179.9766,
       1,     166,     296,       9,       1,       3,       1,     10.0000,      1.3845,     42.3592,    244.3577,     61.4961,      3.4953,      0.1229,      0.0918,      3.6260,      0.1452,      5.4886,     10.9772,      1.2826,     27.7500,     55.5001,      0.0189,      0.0003,      0.1599,      0.2025,   7553.9932,-416437.0938,   -915.3808,    541.9869,  25179.9766,
       1,     166,     296,      10,       1,       3,       1,     10.0000,      1.3845,     42.3592,    244.3577,     61.4961,      3.4953,      0.1160,      0.0835,      4.4857,      0.1856,      5.4886,     10.9772,      1.6402,     27.7500,     55.5001,      0.0189,      0.0004,      0.1492,      0.2025,   7553.9932,-420615.2812,   -916.4681,    541.7039,  25179.9785,
       1,     166,     296,      11,       1,       3,       1,     10.0000,      1.3845,     42.3592,    244.3577,     61.4961,      3.4953,      0.1766,      0.1438,      7.6878,      0.1970,      5.4886,     10.9772,      1.7405,     27.7500,     55.5001,      0.0189,      0.0004,      0.2389,      0.2025,   7553.9937,-422049.3125,   -917.0770,    541.6068,  25179.9766,
       1,     166,     296,      12,       1,       3,       1,     10.0000,      1.3845,     42.3592,    244.3577,     61.4961,      3.4953,      0.1841,      0.1514,      7.9365,      0.1947,      5.4886,     10.9772,      1.7200,     27.7500,     55.5001,      0.0189,      0.0004,      0.2500,      0.2025,   7553.9932,-426190.5938,   -918.7991,    541.3264,  25179.9766,
       1,     166,     296,      13,       1,       3,       1,     10.0000,      1.3845,     42.3592,    244.3577,     61.4961,      3.4953,      0.1841,      0.1506,      9.1634,      0.2206,      5.4886,     10.9772,      1.9490,     27.7500,     55.5001,      0.0189,      0.0005,      0.2500,      0.2025,   7553.9932,-426854.8750,   -920.0904,    541.2816,  25179.9766,
       1,     166,     296,      14,       1,       3,       1,     10.0000,      1.3845,     42.3592,    244.3577,     61.4961,      3.4953,      0.1842,      0.1506,     11.9137,      0.2263,      5.4886,     10.9772,      1.9993,     27.7500,     55.5001,      0.0189,      0.0006,      0.2500,      0.2025,   7553.9932,-428451.2188,   -921.6285,    541.1735,  25179.9785,
       1,     166,     296,      15,       1,       3,       1,     10.0000,      1.3845,     42.3592,    244.3577,     61.4961,      3.4953,      0.1867,      0.1526,     63.5021,      0.2413,      5.4886,     10.9772,      2.1323,     27.7500,     55.5001,      0.0189,      0.0032,      0.2477,      0.2025,   7553.9937,-432039.0000,   -923.3260,    540.9308,  25179.9766,
       1,     166,     296,      16,       1,       3,       1,     10.0000,      1.3845,     42.3592,    244.3577,     61.4961,      3.4953,      0.1894,      0.1559,     77.8057,      0.2223,      5.4886,     10.9772,      1.9643,     27.7500,     55.5001,      0.0189,      0.0039,      0.2500,      0.2025,   7553.9932,-497103.2812,   -936.4592,    536.5315,  25179.9766,
       1,     166,     296,      17,       1,       3,       1,     10.0000,      1.3845,     42.3592,    244.3577,     61.4961,      3.4953,      0.1191,      0.0857,     43.8758,      0.2135,      5.4886,     10.9772,      1.8869,     27.7500,     55.5001,      0.0189,      0.0037,      0.1489,      0.2024,   7553.9932,-520650.0312,   -941.8138,    534.9702,  25179.9766,
       1,     166,     296,      18,       1,       3,       1,     10.0000,      1.3845,     42.3592,    244.3577,     61.4961,      3.4953,      0.0375,      0.0052,     11.3152,      0.1796,      5.4886,     10.9772,      1.5873,     27.7500,     55.5001,      0.0189,      0.0044,      0.0321,      0.2024,   7553.9932,-479978.5312,   -934.6295,    537.6922,  25179.9766,
       1,     166,     296,      19,       1,       3,       1,     10.0000,      1.3845,     42.3592,    244.3577,     61.4961,      3.4953,      0.0322,      0.0006,      9.8709,      0.1568,      5.4886,     10.9772,      1.3858,     27.7500,     55.5001,      0.0189,      0.0049,      0.0253,      0.2025,   7553.9932,-435652.0312,   -921.6082,    540.6783,  25179.9766,
       1,     166,     296,      20,       1,       3,       1,     10.0000,      1.3845,     42.3592,    244.3577,     61.4961,      3.4953,      0.0012,     -0.0300,      7.6017,      0.1459,      5.4886,     10.9772,      1.2891,     27.7500,     55.5001,      0.0189,      0.0061,      0.0156,      0.2025,   7553.9932,-430096.9688,   -918.9657,    541.0621,  25179.9766,
       1,     166,     296,      21,       1,       3,       1,     10.0000,      1.3845,     42.3592,    244.3577,     61.4961,      3.4953,      0.0000,     -0.0311,      4.6783,      0.1437,      5.4886,     10.9772,      1.2697,     27.7500,     55.5001,      0.0189,      0.0037,      0.0156,      0.2025,   7553.9932,-426766.5625,   -919.0319,    541.2875,  25179.9785,
       1,     166,     296,      22,       1,       3,       1,     10.0000,      1.3845,     42.3592,    244.3577,     61.4961,      3.4953,      0.0000,     -0.0310,      4.7033,      0.1417,      5.4886,     10.9772,      1.2519,     27.7500,     55.5001,      0.0189,      0.0038,      0.0156,      0.2025,   7553.9937,-422813.7500,   -918.7141,    541.5550,  25179.9766,
       1,     166,     296,      23,       1,       3,       1,     10.0000,      1.3845,     42.3592,    244.3577,     61.4961,      3.4953,      0.0000,     -0.0310,      2.5918,      0.1403,      5.4886,     10.9772,      1.2393,     27.7500,     55.5001,      0.0189,      0.0021,      0.0156,      0.2025,   7553.9932,-422509.6250,   -919.0122,    541.5756,  25179.9766,
       1,     166,     296,      24,       1,       3,       1,     10.0000,      1.3845,     42.3592,    244.3577,     61.4961,      3.4953,      0.0000,     -0.0309,      0.5320,      0.1372,      5.4886,     10.9772,      1.2121,     27.7500,     55.5001,      0.0189,      0.0004,      0.0156,      0.2025,   7553.9932,-419833.5625,   -918.6462,    541.7568,  25179.9785,
       1,     166,     297,       1,       1,       3,       1,     10.0000,      1.3845,     42.3595,    244.3634,     61.4975,      3.4953,      0.0000,     -0.0308,      0.4965,      0.1363,      5.4883,     10.9766,      1.2048,     27.7497,     55.4995,      0.0189,      0.0004,      0.0156,      0.2025,   7553.9937,-417174.7500,   -918.4359,    541.9495,  25181.0918,
       1,     166,     297,       2,       1,       3,       1,     10.0000,      1.3845,     42.3595,    244.3634,     61.4975,      3.4953,      0.0000,     -0.0309,      0.3444,      0.1373,      5.4883,     10.9766,      1.2133,     27.7497,     55.4995,      0.0189,      0.0003,      0.0156,      0.2025,   7554.3276,-416753.7188,   -918.1191,    541.9780,  25181.0918,
       1,     166,     297,       3,       1,       3,       1,     10.0000,      1.3845,     42.3595,    244.3634,     61.4975,      3.4953,      0.0000,     -0.0308,      0.4230,      0.1344,      5.4883,     10.9766,      1.1878,     27.7497,     55.4995,      0.0189,      0.0003,      0.0156,      0.2025,   7554.3276,-416527.0938,   -918.0793,    541.9934,  25181.0938,
       1,     166,     297,       4,       1,       3,       1,     10.0000,      1.3845,     42.3595,    244.3634,     61.4975,      3.4953,      0.0000,     -0.0307,      0.3213,      0.1335,      5.4883,     10.9766,      1.1794,     27.7497,     55.4995,      0.0189,      0.0003,      0.0156,      0.2025,   7554.3286,-416606.0938,   -918.1004,    541.9880,  25181.0957,
       1,     166,     297,       5,       1,       3,       1,     10.0000,      1.3845,     42.3595,    244.3634,     61.4975,      3.4953,      0.0000,     -0.0306,      0.3129,      0.1304,      5.4883,     10.9766,      1.1522,     27.7497,     55.4995,      0.0189,      0.0003,      0.0156,      0.2025,   7554.3291,-416484.9375,   -918.0790,    541.9963,  25181.0957,
       1,     166,     297,       6,       1,       3,       1,     10.0000,      1.3845,     42.3595,    244.3634,     61.4975,      3.4953,      0.0000,     -0.0306,      0.3118,      0.1300,      5.4883,     10.9766,      1.1487,     27.7497,     55.4995,      0.0189,      0.0002,      0.0156,      0.2025,   7554.3291,-416464.0625,   -918.0766,    541.9977,  25181.0938,
       1,     166,     297,       7,       1,       3,       1,     10.0000,      1.3845,     42.3595,    244.3634,     61.4975,      3.4953,      0.0000,     -0.0305,      0.3064,      0.1280,      5.4883,     10.9766,      1.1313,     27.7497,     55.4995,      0.0189,      0.0002,      0.0156,      0.2025,   7554.3286,-416461.1875,   -918.0782,    541.9979,  25181.0938,
       1,     166,     297,       8,       1,       3,       1,     10.0000,      1.3845,     42.3595,    244.3634,     61.4975,      3.4953,      0.0184,     -0.0121,      0.1456,      0.1270,      5.4883,     10.9766,      1.1222,     27.7497,     55.4995,      0.0189,      0.0002,      0.0075,      0.2025,   7554.3286,-416454.1562,   -918.0784,    541.9984,  25181.0957,
       1,     166,     297,       9,       1,       3,       1,     10.0000,      1.3845,     42.3595,    244.3634,     61.4975,      3.4953,      0.1255,      0.0947,      3.4089,      0.1347,      5.4883,     10.9766,      1.1902,     27.7497,     55.4995,      0.0189,      0.0003,      0.1638,      0.2025,   7554.3291,-416251.4375,   -918.0849,    542.0121,  25181.0938,
       1,     166,     297,      10,       1,       3,       1,     10.0000,      1.3845,     42.3595,    244.3634,     61.4975,      3.4953,      0.1117,      0.0804,      3.3114,      0.1475,      5.4883,     10.9766,      1.3035,     27.7497,     55.4995,      0.0189,      0.0003,      0.1434,      0.2025,   7554.3286,-420329.5625,   -919.1611,    541.7357,  25181.0938,
       1,     166,     297,      11,       1,       3,       1,     10.0000,      1.3845,     42.3595,    244.3634,     61.4975,      3.4953,      0.1452,      0.1124,      6.1966,      0.1972,      5.4883,     10.9766,      1.7423,     27.7497,     55.4995,      0.0189,      0.0004,      0.1923,      0.2025,   7554.3286,-420554.3125,   -919.4554,    541.7206,  25181.0938,
       1,     166,     297,      12,       1,       3,       1,     10.0000,      1.3845,     42.3595,    244.3634,     61.4975,      3.4953,      0.1744,      0.1412,      8.1319,      0.2094,      5.4883,     10.9766,      1.8502,     27.7497,     55.4995,      0.0189,      0.0004,      0.2355,      0.2025,   7554.3286,-424194.0938,   -920.6277,    541.4742,  25181.0918,
       1,     166,     297,      13,       1,       3,       1,     10.0000,      1.3845,     42.3595,    244.3634,     61.4975,      3.4953,      0.1832,      0.1496,      9.2531,      0.2234,      5.4883,     10.9766,      1.9740,     27.7497,     55.4995,      0.0189,      0.0005,      0.2488,      0.2025,   7554.3276,-426932.5312,   -921.8624,    541.2888,  25181.0938,
       1,     166,     297,      14,       1,       3,       1,     10.0000,      1.3845,     42.3595,    244.3634,     61.4975,      3.4953,      0.1841,      0.1505,      9.3304,      0.2241,      5.4883,     10.9766,      1.9798,     27.7497,     55.4995,      0.0189,      0.0005,      0.2500,      0.2025,   7554.3286,-428572.2500,   -923.1724,    541.1780,  25181.0938,
       1,     166,     297,      15,       1,       3,       1,     10.0000,      1.3845,     42.3595,    244.3634,     61.4975,      3.4953,      0.1845,      0.1518,     12.0449,      0.1916,      5.4883,     10.9766,      1.6930,     27.7497,     55.4995,      0.0189,      0.0006,      0.2500,      0.2025,   7554.3286,-428808.5000,   -924.1429,    541.1619,  25181.0938,
       1,     166,     297,      16,       1,       3,       1,     10.0000,      1.3845,     42.3595,    244.3634,     61.4975,      3.4953,      0.1697,      0.1372,     52.5454,      0.1888,      5.4883,     10.9766,      1.6681,     27.7497,     55.4995,      0.0189,      0.0029,      0.2233,      0.2025,   7554.3286,-432235.6250,   -925.3834,    540.9301,  25181.0918,
       1,     166,     297,      17,       1,       3,       1,     10.0000,      1.3845,     42.3595,    244.3634,     61.4975,      3.4953,      0.1192,      0.0867,     45.9096,      0.1860,      5.4883,     10.9766,      1.6435,     27.7497,     55.4995,      0.0189,      0.0038,      0.1491,      0.2025,   7554.3276,-483361.6250,   -935.6041,    537.4732,  25181.0938,
       1,     166,     297,      18,       1,       3,       1,     10.0000,      1.3845,     42.3595,    244.3634,     61.4975,      3.4953,      0.1363,      0.1041,     74.8385,      0.1765,      5.4883,     10.9766,      1.5592,     27.7497,     55.4995,      0.0189,      0.0055,      0.1712,      0.2025,   7554.3286,-479397.0938,   -935.3395,    537.7506,  25181.0938,
       1,     166,     297,      19,       1,       3,       1,     10.0000,      1.3845,     42.3595,    244.3634,     61.4975,      3.4953,      0.0538,      0.0218,     22.5102,      0.1706,      5.4883,     10.9766,      1.5073,     27.7497,     55.4995,      0.0189,      0.0051,      0.0553,      0.2025,   7554.3286,-515383.4375,   -942.8334,    535.3318,  25181.0938,
       1,     166,     297,      20,       1,       3,       1,     10.0000,      1.3845,     42.3595,    244.3634,     61.4975,      3.4953,      0.0010,     -0.0308,      3.7259,      0.1637,      5.4883,     10.9766,      1.4468,     27.7497,     55.4995,      0.0189,      0.0030,      0.0156,      0.2024,   7554.3286,-452684.7500,   -931.2458,    539.5327,  25181.0938,
       1,     166,     297,      21,       1,       3,       1,     10.0000,      1.3845,     42.3595,    244.3634,     61.4975,      3.4953,      0.0000,     -0.0317,      3.4754,      0.1611,      5.4883,     10.9766,      1.4239,     27.7497,     55.4995,      0.0189,      0.0028,      0.0156,      0.2025,   7554.3286,-423835.6875,   -925.8644,    541.4949,  25181.0938,
       1,     166,     297,      22,       1,       3,       1,     10.0000,      1.3845,     42.3595,    244.3634,     61.4975,      3.4953,      0.0000,     -0.0314,      3.2809,      0.1533,      5.4883,     10.9766,      1.3542,     27.7497,     55.4995,      0.0189,      0.0026,      0.0156,      0.2025,   7554.3286,-421062.3125,   -925.4158,    541.6862,  25181.0918,
       1,     166,     297,      23,       1,       3,       1,     10.0000,      1.3845,     42.3595,    244.3634,     61.4975,      3.4953,      0.0000,     -0.0310,      2.5190,      0.1418,      5.4883,     10.9766,      1.2532,     27.7497,     55.4995,      0.0189,      0.0020,      0.0156,      0.2025,   7554.3276,-420578.4375,   -925.3950,    541.7191,  25181.0938,
       1,     166,     297,      24,       1,       3,       1,     10.0000,      1.3845,     42.3595,    244.3634,     61.4975,      3.4953,      0.0000,     -0.0310,      2.4079,      0.1424,      5.4883,     10.9766,      1.2583,     27.7497,     55.4995,      0.0189,      0.0019,      0.0156,      0.2025,   7554.3286,-419580.7500,   -925.2519,    541.7866,  25181.0938,
       1,     166,     298,       1,       1,       3,       1,     10.0000,      1.3845,     42.3598,    244.3692,     61.4990,      3.4953,      0.0000,     -0.0309,      1.9301,      0.1393,      5.4883,     10.9766,      1.2307,     27.7508,     55.5016,      0.0189,      0.0015,      0.0156,      0.2026,   7554.3286,-419510.9375,   -925.5536,    541.8040,  25182.2148,
       1,     166,     298,       2,       1,       3,       1,     10.0000,      1.3845,     42.3598,    244.3692,     61.4990,      3.4953,      0.0000,     -0.0311,      1.9483,      0.1425,      5.4883,     10.9766,      1.2596,     27.7508,     55.5016,      0.0189,      0.0016,      0.0156,      0.2026,   7554.6646,-418753.5625,   -925.1753,    541.8553,  25182.2148,
       1,     166,     298,       3,       1,       3,       1,     10.0000,      1.3845,     42.3598,    244.3692,     61.4990,      3.4953,      0.0000,     -0.0309,      1.2257,      0.1394,      5.4883,     10.9766,      1.2319,     27.7508,     55.5016,      0.0189,      0.0010,      0.0156,      0.2026,   7554.6646,-418712.0938,   -925.2013,    541.8581,  25182.2148,
       1,     166,     298,       4,       1,       3,       1,     10.0000,      1.3845,     42.3598,    244.3692,     61.4990,      3.4953,      0.0000,     -0.0308,      0.4912,      0.1355,      5.4883,     10.9766,      1.1975,     27.7508,     55.5016,      0.0189,      0.0004,      0.0156,      0.2026,   7554.6646,-417801.8438,   -925.0474,    541.9198,  25182.2168,
       1,     166,     298,       5,       1,       3,       1,     10.0000,      1.3845,     42.3598,    244.3692,     61.4990,      3.4953,      0.0000,     -0.0307,      0.3270,      0.1337,      5.4883,     10.9766,      1.1818,     27.7508,     55.5016,      0.0189,      0.0003,      0.0156,      0.2026,   7554.6655,-416802.6250,   -924.8618,    541.9875,  25182.2148,
       1,     166,     298,       6,       1,       3,       1,     10.0000,      1.3845,     42.3598,    244.3692,     61.4990,      3.4953,      0.0000,     -0.0306,      0.3161,      0.1316,      5.4883,     10.9766,      1.1628,     27.7508,     55.5016,      0.0189,      0.0003,      0.0156,      0.2026,   7554.6646,-416511.9062,   -924.8085,    542.0071,  25182.2129,
       1,     166,     298,       7,       1,       3,       1,     10.0000,      1.3845,     42.3598,    244.3692,     61.4990,      3.4953,      0.0000,     -0.0305,      0.3075,      0.1284,      5.4883,     10.9766,      1.1348,     27.7508,     55.5016,      0.0189,      0.0002,      0.0156,      0.2026,   7554.6641,-416473.9688,   -924.8035,    542.0097,  25182.2148,
       1,     166,     298,       8,       1,       3,       1,     10.0000,      1.3845,     42.3598,    244.3692,     61.4990,      3.4953,      0.0101,     -0.0205,      0.3103,      0.1295,      5.4883,     10.9766,      1.1441,     27.7508,     55.5016,      0.0189,      0.0002,      0.0156,      0.2026,   7554.6646,-416459.5312,   -924.8016,    542.0107,  25182.2148,
       1,     166,     298,       9,       1,       3,       1,     10.0000,      1.3845,     42.3598,    244.3692,     61.4990,      3.4953,      0.1024,      0.0714,      2.8891,      0.1427,      5.4883,     10.9766,      1.2608,     27.7508,     55.5016,      0.0189,      0.0003,      0.1300,      0.2026,   7554.6646,-416461.7812,   -924.8069,    542.0106,  25182.2148,
       1,     166,     298,      10,       1,       3,       1,     10.0000,      1.3845,     42.3598,    244.3692,     61.4990,      3.4953,      0.1526,      0.1204,      5.8150,      0.1777,      5.4883,     10.9766,      1.5701,     27.7508,     55.5016,      0.0189,      0.0004,      0.2034,      0.2026,   7554.6646,-419697.7500,   -925.4803,    541.7913,  25182.2148,
       1,     166,     298,      11,       1,       3,       1,     10.0000,      1.3845,     42.3598,    244.3692,     61.4990,      3.4953,      0.1494,      0.1166,      6.4062,      0.1974,      5.4883,     10.9766,      1.7440,     27.7508,     55.5016,      0.0189,      0.0004,      0.1986,      0.2026,   7554.6646,-423644.2188,   -926.3541,    541.5240,  25182.2148,
       1,     166,     298,      12,       1,       3,       1,     10.0000,      1.3845,     42.3598,    244.3692,     61.4990,      3.4953,      0.1663,      0.1331,      7.6997,      0.2090,      5.4883,     10.9766,      1.8466,     27.7508,     55.5016,      0.0189,      0.0004,      0.2235,      0.2026,   7554.6646,-424721.8125,   -926.6589,    541.4512,  25182.2168,
       1,     166,     298,      13,       1,       3,       1,     10.0000,      1.3845,     42.3598,    244.3692,     61.4990,      3.4953,      0.1841,      0.1503,      9.5971,      0.2296,      5.4883,     10.9766,      2.0289,     27.7508,     55.5016,      0.0189,      0.0005,      0.2500,      0.2026,   7554.6655,-426436.0625,   -927.0964,    541.3352,  25182.2148,
       1,     166,     298,      14,       1,       3,       1,     10.0000,      1.3845,     42.3598,    244.3692,     61.4990,      3.4953,      0.1843,      0.1504,     13.6163,      0.2362,      5.4883,     10.9766,      2.0872,     27.7508,     55.5016,      0.0189,      0.0007,      0.2500,      0.2026,   7554.6646,-428963.1250,   -927.7329,    541.1642,  25182.2148,
       1,     166,     298,      15,       1,       3,       1,     10.0000,      1.3845,     42.3598,    244.3692,     61.4990,      3.4953,      0.1875,      0.1548,     50.1629,      0.1922,      5.4883,     10.9766,      1.6981,     27.7508,     55.5016,      0.0189,      0.0025,      0.2500,      0.2026,   7554.6646,-434221.6875,   -928.8585,    540.8085,  25182.2168,
       1,     166,     298,      16,       1,       3,       1,     10.0000,      1.3845,     42.3598,    244.3692,     61.4990,      3.4953,      0.1885,      0.1579,     55.9020,      0.1292,      5.4883,     10.9766,      1.1418,     27.7508,     55.5016,      0.0189,      0.0028,      0.2500,      0.2025,   7554.6655,-480536.3125,   -923.5961,    537.6777,  25182.2148,
       1,     166,     298,      17,       1,       3,       1,     10.0000,      1.3845,     42.3598,    244.3692,     61.4990,      3.4953,      0.0374,      0.0064,      9.8704,      0.1397,      5.4883,     10.9766,      1.2344,     27.7508,     55.5016,      0.0189,      0.0037,      0.0336,      0.2025,   7554.6646,-491700.5625,   -927.9990,    536.9364,  25182.2148,
       1,     166,     298,      18,       1,       3,       1,     10.0000,      1.3845,     42.3598,    244.3692,     61.4990,      3.4953,      0.0056,     -0.0263,      6.4865,      0.1659,      5.4883,     10.9766,      1.4658,     27.7508,     55.5016,      0.0189,      0.0052,      0.0156,      0.2025,   7554.6646,-434814.7812,   -918.1982,    540.7549,  25182.2148,
       1,     166,     298,      19,       1,       3,       1,     10.0000,      1.3845,     42.3598,    244.3692,     61.4990,      3.4953,      0.0041,     -0.0272,      6.3783,      0.1496,      5.4883,     10.9766,      1.3220,     27.7508,     55.5016,      0.0189,      0.0051,      0.0156,      0.2025,   7554.6646,-425787.6562,   -917.1313,    541.3788,  25182.2148,
       1,     166,     298,      20,       1,       3,       1,     10.0000,      1.3845,     42.3598,    244.3692,     61.4990,      3.4953,      0.0002,     -0.0307,      4.2205,      0.1391,      5.4883,     10.9766,      1.2294,     27.7508,     55.5016,      0.0189,      0.0034,      0.0156,      0.2026,   7554.6646,-424869.0625,   -917.5723,    541.4412,  25182.2148,
       1,     166,     298,      21,       1,       3,       1,     10.0000,      1.3845,     42.3598,    244.3692,     61.4990,      3.4953,      0.0000,     -0.0309,      0.6882,      0.1391,      5.4883,     10.9766,      1.2294,     27.7508,     55.5016,      0.0189,      0.0006,      0.0156,      0.2026,   7554.6646,-422082.9375,   -917.4310,    541.6299,  25182.2129,
       1,     166,     298,      22,       1,       3,       1,     10.0000,      1.3845,     42.3598,    244.3692,     61.4990,      3.4953,      0.0000,     -0.0309,      1.0674,      0.1370,      5.4883,     10.9766,      1.2109,     27.7508,     55.5016,      0.0189,      0.0009,      0.0156,      0.2026,   7554.6641,-417414.0000,   -916.6098,    541.9459,  25182.2148,
       1,     166,     298,      23,       1,       3,       1,     10.0000,      1.3845,     42.3598,    244.3692,     61.4990,      3.4953,      0.0000,     -0.0307,      2.2955,      0.1336,      5.4883,     10.9766,      1.1806,     27.7508,     55.5016,      0.0189,      0.0018,      0.0156,      0.2026,   7554.6646,-417493.0625,   -916.6959,    541.9407,  25182.2148,
       1,     166,     298,      24,       1,       3,       1,     10.0000,      1.3845,     42.3598,    244.3692,     61.4990,      3.4953,      0.0000,     -0.0307,      1.8007,      0.1332,      5.4883,     10.9766,      1.1771,     27.7508,     55.5016,      0.0189,      0.0014,      0.0156,      0.2026,   7554.6646,-419040.4688,   -917.1558,    541.8359,  25182.2148,
       1,     166,     299,       1,       1,       3,       1,     10.0000,      1.3846,     42.3602,    244.3749,     61.5004,      3.4953,      0.0000,     -0.0307,      0.9451,      0.1321,      5.4894,     10.9787,      1.1676,     27.7462,     55.4924,      0.0189,      0.0008,      0.0156,      0.2026,   7554.6646,-418706.0000,   -917.4674,    541.8713,  25183.3340,
       1,     166,     299,       2,       1,       3,       1,     10.0000,      1.3846,     42.3602,    244.3749,     61.5004,      3.4953,      0.0000,     -0.0306,      0.3614,      0.1312,      5.4894,     10.9787,      1.1593,     27.7462,     55.4924,      0.0189,      0.0003,      0.0156,      0.2026,   7555.0005,-417452.5938,   -917.0327,    541.9562,  25183.3359,
       1,     166,     299,       3,       1,       3,       1,     10.0000,      1.3846,     42.3602,    244.3749,     61.5004,      3.4953,      0.0000,     -0.0305,      0.3043,      0.1273,      5.4894,     10.9787,      1.1245,     27.7462,     55.4924,      0.0189,      0.0002,      0.0156,      0.2026,   7555.0010,-416613.4062,   -916.8834,    542.0131,  25183.3359,
       1,     166,     299,       4,       1,       3,       1,     10.0000,      1.3846,     42.3602,    244.3749,     61.5004,      3.4953,      0.0000,     -0.0305,      0.3060,      0.1279,      5.4894,     10.9787,      1.1302,     27.7462,     55.4924,      0.0189,      0.0002,      0.0156,      0.2026,   7555.0010,-416470.3750,   -916.8588,    542.0228,  25183.3359,
       1,     166,     299,       5,       1,       3,       1,     10.0000,      1.3846,     42.3602,    244.3749,     61.5004,      3.4953,      0.0000,     -0.0304,      0.3008,      0.1260,      5.4894,     10.9787,      1.1131,     27.7462,     55.4924,      0.0189,      0.0002,      0.0156,      0.2026,   7555.0010,-416460.4375,   -916.8584,    542.0234,  25183.3359,
       1,     166,     299,       6,       1,       3,       1,     10.0000,      1.3846,     42.3602,    244.3749,     61.5004,      3.4953,      0.0000,     -0.0304,      0.2976,      0.1248,      5.4894,     10.9787,      1.1030,     27.7462,     55.4924,      0.0189,      0.0002,      0.0156,      0.2026,   7555.0010,-416452.9375,   -916.8586,    542.0239,  25183.3359,
       1,     166,     299,       7,       1,       3,       1,     10.0000,      1.3846,     42.3602,    244.3749,     61.5004,      3.4953,      0.0000,     -0.0304,      0.2955,      0.1241,      5.4894,     10.9787,      1.0963,     27.7462,     55.4924,      0.0189,      0.0002,      0.0156,      0.2026,   7555.0010,-416448.4375,   -916.8593,    542.0243,  25183.3359,
       1,     166,     299,       8,       1,       3,       1,     10.0000,      1.3846,     42.3602,    244.3749,     61.5004,      3.4953,      0.0085,     -0.0219,      0.2969,      0.1246,      5.4894,     10.9787,      1.1007,     27.7462,     55.4924,      0.0189,      0.0002,      0.0156,      0.2026,   7555.0010,-416445.3438,   -916.8601,    542.0245,  25183.3359,
       1,     166,     299,       9,       1,       3,       1,     10.0000,      1.3846,     42.3602,    244.3749,     61.5004,      3.4953,      0.0766,      0.0460,      1.8296,      0.1290,      5.4894,     10.9787,      1.1395,     27.7462,     55.4924,      0.0189,      0.0002,      0.0924,      0.2026,   7555.0010,-416446.9375,   -916.8774,    542.0244,  25183.3340,
       1,     166,     299,      10,       1,       3,       1,     10.0000,      1.3846,     42.3602,    244.3749,     61.5004,      3.4953,      0.1599,      0.1289,      4.7576,      0.1426,      5.4894,     10.9787,      1.2596,     27.7462,     55.4924,      0.0189,      0.0003,      0.2142,      0.2026,   7555.0005,-418370.3125,   -917.3561,    541.8941,  25183.3359,
       1,     166,     299,      11,       1,       3,       1,     10.0000,      1.3846,     42.3602,    244.3749,     61.5004,      3.4953,      0.1843,      0.1525,      6.4039,      0.1615,      5.4894,     10.9787,      1.4268,     27.7462,     55.4924,      0.0189,      0.0003,      0.2500,      0.2026,   7555.0010,-422206.8438,   -918.5196,    541.6342,  25183.3379,
       1,     166,     299,      12,       1,       3,       1,     10.0000,      1.3846,     42.3602,    244.3749,     61.5004,      3.4953,      0.1764,      0.1438,      7.2749,      0.1880,      5.4894,     10.9787,      1.6616,     27.7462,     55.4924,      0.0189,      0.0004,      0.2384,      0.2026,   7555.0015,-424598.4688,   -919.6166,    541.4724,  25183.3359,
       1,     166,     299,      13,       1,       3,       1,     10.0000,      1.3846,     42.3602,    244.3749,     61.5004,      3.4953,      0.1825,      0.1494,      8.4047,      0.2063,      5.4894,     10.9787,      1.8232,     27.7462,     55.4924,      0.0189,      0.0004,      0.2476,      0.2026,   7555.0010,-425894.7812,   -920.4846,    541.3847,  25183.3359,
       1,     166,     299,      14,       1,       3,       1,     10.0000,      1.3846,     42.3602,    244.3749,     61.5004,      3.4953,      0.1267,      0.0944,      4.7698,      0.1793,      5.4894,     10.9787,      1.5843,     27.7462,     55.4924,      0.0189,      0.0004,      0.1651,      0.2026,   7555.0010,-427422.4688,   -921.5101,    541.2812,  25183.3359,
       1,     166,     299,      15,       1,       3,       1,     10.0000,      1.3846,     42.3602,    244.3749,     61.5004,      3.4953,      0.1395,      0.1090,      5.1767,      0.1279,      5.4894,     10.9787,      1.1302,     27.7462,     55.4924,      0.0189,      0.0004,      0.1842,      0.2026,   7555.0010,-422991.3125,   -911.7018,    541.5811,  25183.3379,
       1,     166,     299,      16,       1,       3,       1,     10.0000,      1.3846,     42.3602,    244.3749,     61.5004,      3.4953,      0.1511,      0.1208,     23.0700,      0.1213,      5.4894,     10.9787,      1.0720,     27.7462,     55.4924,      0.0189,      0.0014,      0.1991,      0.2026,   7555.0015,-423125.5000,   -911.7283,    541.5721,  25183.3379,
       1,     166,     299,      17,       1,       3,       1,     10.0000,      1.3846,     42.3602,    244.3749,     61.5004,      3.4953,      0.1693,      0.1390,     48.1765,      0.1228,      5.4894,     10.9787,      1.0852,     27.7462,     55.4924,      0.0189,      0.0027,      0.2229,      0.2026,   7555.0015,-445587.5625,   -916.1826,    540.0514,  25183.3379,
       1,     166,     299,      18,       1,       3,       1,     10.0000,      1.3846,     42.3602,    244.3749,     61.5004,      3.4953,      0.1547,      0.1243,     55.1452,      0.1252,      5.4894,     10.9787,      1.1064,     27.7462,     55.4924,      0.0189,      0.0034,      0.2006,      0.2026,   7555.0015,-479012.9375,   -923.6636,    537.7972,  25183.3379,
       1,     166,     299,      19,       1,       3,       1,     10.0000,      1.3846,     42.3602,    244.3749,     61.5004,      3.4953,      0.0530,      0.0226,     10.4648,      0.1242,      5.4894,     10.9787,      1.0974,     27.7462,     55.4924,      0.0189,      0.0023,      0.0570,      0.2025,   7555.0015,-490609.6250,   -924.8236,    537.0223,  25183.2285,
       1,     166,     299,      20,       1,       3,       1,     10.0000,      1.3846,     42.3602,    244.3749,     61.5004,      3.4953,      0.0014,     -0.0287,      0.3088,      0.1196,      5.4894,     10.9787,      1.0568,     27.7462,     55.4924,      0.0189,      0.0002,      0.0156,      0.2025,   7554.9688,-435484.0625,   -915.4556,    540.7233,  25183.3379,
       1,     166,     299,      21,       1,       3,       1,     10.0000,      1.3846,     42.3602,    244.3749,     61.5004,      3.4953,      0.0000,     -0.0301,      0.2818,      0.1190,      5.4894,     10.9787,      1.0514,     27.7462,     55.4924,      0.0189,      0.0002,      0.0156,      0.2026,   7555.0015,-418092.5938,   -912.3080,    541.9116,  25183.3359,
       1,     166,     299,      22,       1,       3,       1,     10.0000,      1.3846,     42.3602,    244.3749,     61.5004,      3.4953,      0.0000,     -0.0301,      0.2772,      0.1173,      5.4894,     10.9787,      1.0364,     27.7462,     55.4924,      0.0189,      0.0002,      0.0156,      0.2026,   7555.0010,-416569.4375,   -912.0351,    542.0161,  25183.3359,
       1,     166,     299,      23,       1,       3,       1,     10.0000,      1.3846,     42.3602,    244.3749,     61.5004,      3.4953,      0.0000,     -0.0302,      0.2847,      0.1201,      5.4894,     10.9787,      1.0611,     27.7462,     55.4924,      0.0189,      0.0002,      0.0156,      0.2026,   7555.0010,-416432.6250,   -910.0724,    542.0253,  25183.3379,
       1,     166,     299,      24,       1,       3,       1,     10.0000,      1.3846,     42.3602,    244.3749,     61.5004,      3.4953,      0.0000,     -0.0301,      0.2772,      0.1173,      5.4894,     10.9787,      1.0364,     27.7462,     55.4924,      0.0189,      0.0002,      0.0156,      0.2026,   7555.0015,-416430.3125,   -910.0717,    542.0255,  25183.3398,
       1,     166,     300,       1,       1,       3,       1,     10.0000,      1.3846,     42.3605,    244.3806,     61.5018,      3.4953,      0.0000,     -0.0300,      0.2996,      0.1163,      5.4884,     10.9768,      1.0280,     27.7472,     55.4943,      0.0189,      0.0002,      0.0156,      0.2026,   7555.0024,-416574.9375,   -910.3525,    542.0283,  25184.4570,
       1,     166,     300,       2,       1,       3,       1,     10.0000,      1.3846,     42.3605,    244.3806,     61.5018,      3.4953,      0.0000,     -0.0300,      0.3041,      0.1155,      5.4884,     10.9768,      1.0207,     27.7472,     55.4943,      0.0189,      0.0002,      0.0156,      0.2026,   7555.3374,-416464.2812,   -910.0801,    542.0359,  25184.4570,
       1,     166,     300,       3,       1,       3,       1,     10.0000,      1.3846,     42.3605,    244.3806,     61.5018,      3.4953,      0.0000,     -0.0300,      0.2749,      0.1165,      5.4884,     10.9768,      1.0291,     27.7472,     55.4943,      0.0189,      0.0002,      0.0156,      0.2026,   7555.3374,-416460.4062,   -910.0838,    542.0362,  25184.4590,
       1,     166,     300,       4,       1,       3,       1,     10.0000,      1.3846,     42.3605,    244.3806,     61.5018,      3.4953,      0.0000,     -0.0301,      0.2808,      0.1186,      5.4884,     10.9768,      1.0482,     27.7472,     55.4943,      0.0189,      0.0002,      0.0156,      0.2026,   7555.3379,-416423.2500,   -910.0782,    542.0386,  25184.4590,
       1,     166,     300,       5,       1,       3,       1,     10.0000,      1.3846,     42.3605,    244.3806,     61.5018,      3.4953,      0.0000,     -0.0301,      0.2775,      0.1174,      5.4884,     10.9768,      1.0375,     27.7472,     55.4943,      0.0189,      0.0002,      0.0156,      0.2026,   7555.3379,-416427.5312,   -910.0803,    542.0384,  25184.4570,
       1,     166,     300,       6,       1,       3,       1,     10.0000,      1.3846,     42.3605,    244.3806,     61.5018,      3.4953,      0.0000,     -0.0300,      0.2730,      0.1157,      5.4884,     10.9768,      1.0228,     27.7472,     55.4943,      0.0189,      0.0002,      0.0156,      0.2026,   7555.3374,-416423.8125,   -910.0811,    542.0386,  25184.4590,
       1,     166,     300,       7,       1,       3,       1,     10.0000,      1.3846,     42.3605,    244.3806,     61.5018,      3.4953,      0.0000,     -0.0300,      0.2714,      0.1152,      5.4884,     10.9768,      1.0176,     27.7472,     55.4943,      0.0189,      0.0002,      0.0156,      0.2026,   7555.3379,-416417.8750,   -910.0814,    542.0390,  25184.4609,
       1,     166,     300,       8,       1,       3,       1,     10.0000,      1.3846,     42.3605,    244.3806,     61.5018,      3.4953,      0.0094,     -0.0206,      0.2689,      0.1142,      5.4884,     10.9768,      1.0093,     27.7472,     55.4943,      0.0189,      0.0002,      0.0156,      0.2026,   7555.3384,-416415.1250,   -910.0818,    542.0392,  25184.4609,
       1,     166,     300,       9,       1,       3,       1,     10.0000,      1.3846,     42.3605,    244.3806,     61.5018,      3.4953,      0.0955,      0.0654,      2.1739,      0.1190,      5.4884,     10.9768,      1.0514,     27.7472,     55.4943,      0.0189,      0.0002,      0.1204,      0.2026,   7555.3384,-416411.7500,   -910.1289,    542.0394,  25184.4570,
       1,     166,     300,      10,       1,       3,       1,     10.0000,      1.3846,     42.3605,    244.3806,     61.5018,      3.4953,      0.1738,      0.1431,      4.7463,      0.1315,      5.4884,     10.9768,      1.1617,     27.7472,     55.4943,      0.0189,      0.0003,      0.2345,      0.2026,   7555.3374,-418801.4375,   -910.8997,    541.8775,  25184.4590,
       1,     166,     300,      11,       1,       3,       1,     10.0000,      1.3846,     42.3605,    244.3806,     61.5018,      3.4953,      0.1843,      0.1530,      5.9155,      0.1507,      5.4884,     10.9768,      1.3314,     27.7472,     55.4943,      0.0189,      0.0003,      0.2500,      0.2026,   7555.3379,-422231.5000,   -912.6278,    541.6452,  25184.4590,
       1,     166,     300,      12,       1,       3,       1,     10.0000,      1.3846,     42.3605,    244.3806,     61.5018,      3.4953,      0.1843,      0.1529,      5.9703,      0.1519,      5.4884,     10.9768,      1.3421,     27.7472,     55.4943,      0.0189,      0.0003,      0.2500,      0.2026,   7555.3379,-423989.9375,   -914.6112,    541.5262,  25184.4590,
       1,     166,     300,      13,       1,       3,       1,     10.0000,      1.3846,     42.3605,    244.3806,     61.5018,      3.4953,      0.1843,      0.1527,      6.2657,      0.1584,      5.4884,     10.9768,      1.3999,     27.7472,     55.4943,      0.0189,      0.0003,      0.2500,      0.2026,   7555.3379,-424208.0000,   -916.1675,    541.5114,  25184.4609,
       1,     166,     300,      14,       1,       3,       1,     10.0000,      1.3846,     42.3605,    244.3806,     61.5018,      3.4953,      0.1842,      0.1522,      6.8127,      0.1704,      5.4884,     10.9768,      1.5059,     27.7472,     55.4943,      0.0189,      0.0003,      0.2500,      0.2026,   7555.3384,-424597.0625,   -917.8861,    541.4851,  25184.4609,
       1,     166,     300,      15,       1,       3,       1,     10.0000,      1.3846,     42.3605,    244.3806,     61.5018,      3.4953,      0.1837,      0.1513,     13.9086,      0.1822,      5.4884,     10.9768,      1.6097,     27.7472,     55.4943,      0.0189,      0.0007,      0.2484,      0.2026,   7555.3384,-425316.3125,   -919.3605,    541.4364,  25184.4590,
       1,     166,     300,      16,       1,       3,       1,     10.0000,      1.3846,     42.3605,    244.3806,     61.5018,      3.4953,      0.1384,      0.1060,     34.1058,      0.1849,      5.4884,     10.9768,      1.6338,     27.7472,     55.4943,      0.0189,      0.0024,      0.1790,      0.2026,   7555.3379,-434280.0938,   -921.7892,    540.8298,  25184.4609,
       1,     166,     300,      17,       1,       3,       1,     10.0000,      1.3846,     42.3605,    244.3806,     61.5018,      3.4953,      0.1360,      0.1050,     24.5392,      0.1415,      5.4884,     10.9768,      1.2508,     27.7472,     55.4943,      0.0189,      0.0017,      0.1767,      0.2026,   7555.3384,-460384.7812,   -927.2234,    539.0654,  25184.4609,
       1,     166,     300,      18,       1,       3,       1,     10.0000,      1.3846,     42.3605,    244.3806,     61.5018,      3.4953,      0.0744,      0.0433,     14.3082,      0.1437,      5.4884,     10.9768,      1.2698,     27.7472,     55.4943,      0.0189,      0.0020,      0.0874,      0.2026,   7555.3384,-450599.3750,   -916.9568,    539.7275,  25184.4590,
       1,     166,     300,      19,       1,       3,       1,     10.0000,      1.3846,     42.3605,    244.3806,     61.5018,      3.4953,      0.0123,     -0.0186,      3.0855,      0.1372,      5.4884,     10.9768,      1.2122,     27.7472,     55.4943,      0.0189,      0.0025,      0.0156,      0.2026,   7555.3379,-436927.1250,   -915.0754,    540.6504,  25184.4590,
       1,     166,     300,      20,       1,       3,       1,     10.0000,      1.3846,     42.3605,    244.3806,     61.5018,      3.4953,      0.0009,     -0.0298,      3.9551,      0.1320,      5.4884,     10.9768,      1.1664,     27.7472,     55.4943,      0.0189,      0.0032,      0.0156,      0.2026,   7555.3379,-421686.6250,   -912.6700,    541.6811,  25184.4590,
       1,     166,     300,      21,       1,       3,       1,     10.0000,      1.3846,     42.3605,    244.3806,     61.5018,      3.4953,      0.0000,     -0.0304,      4.5952,      0.1265,      5.4884,     10.9768,      1.1177,     27.7472,     55.4943,      0.0189,      0.0037,      0.0156,      0.2026,   7555.3379,-421485.4375,   -913.0938,    541.6957,  25184.4590,
       1,     166,     300,      22,       1,       3,       1,     10.0000,      1.3846,     42.3605,    244.3806,     61.5018,      3.4953,      0.0000,     -0.0305,      1.3779,      0.1291,      5.4884,     10.9768,      1.1407,     27.7472,     55.4943,      0.0189,      0.0011,      0.0156,      0.2026,   7555.3379,-422270.0938,   -913.7003,    541.6426,  25184.4609,
       1,     166,     300,      23,       1,       3,       1,     10.0000,      1.3846,     42.3605,    244.3806,     61.5018,      3.4953,      0.0000,     -0.0305,      0.7716,      0.1287,      5.4884,     10.9768,      1.1372,     27.7472,     55.4943,      0.0189,      0.0006,      0.0156,      0.2026,   7555.3384,-418300.3750,   -913.1141,    541.9114,  25184.4609,
       1,     166,     300,      24,       1,       3,       1,     10.0000,      1.3846,     42.3605,    244.3806,     61.5018,      3.4953,      0.0000,     -0.0304,      0.6089,      0.1244,      5.4884,     10.9768,      1.0996,     27.7472,     55.4943,      0.0189,      0.0005,      0.0156,      0.2026,   7555.3384,-417202.6250,   -912.9771,    541.9858,  25184.4590,
       1,     166,     301,       1,       1,       3,       1,     10.0000,      1.3846,     42.3608,    244.3864,     61.5033,      3.4953,      0.0000,     -0.0304,      0.4566,      0.1262,      5.4891,     10.9781,      1.1155,     27.7477,     55.4954,      0.0189,      0.0004,      0.0156,      0.2026,   7555.3379,-417059.7188,   -913.2419,    542.0082,  25185.5801,
       1,     166,     301,       2,       1,       3,       1,     10.0000,      1.3846,     42.3608,    244.3864,     61.5033,      3.4953,      0.0000,     -0.0305,      0.4588,      0.1269,      5.4891,     10.9781,      1.1211,     27.7477,     55.4954,      0.0189,      0.0004,      0.0156,      0.2026,   7555.6743,-416705.0000,   -912.9443,    542.0323,  25185.5801,
       1,     166,     301,       3,       1,       3,       1,     10.0000,      1.3846,     42.3608,    244.3864,     61.5033,      3.4953,      0.0000,     -0.0304,      1.0072,      0.1246,      5.4891,     10.9781,      1.1008,     27.7477,     55.4954,      0.0189,      0.0008,      0.0156,      0.2026,   7555.6743,-416677.5312,   -912.9584,    542.0341,  25185.5801,
       1,     166,     301,       4,       1,       3,       1,     10.0000,      1.3846,     42.3608,    244.3864,     61.5033,      3.4953,      0.0000,     -0.0302,      0.3345,      0.1205,      5.4891,     10.9781,      1.0644,     27.7477,     55.4954,      0.0189,      0.0003,      0.0156,      0.2026,   7555.6743,-417363.0938,   -913.1629,    541.9876,  25185.5781,
       1,     166,     301,       5,       1,       3,       1,     10.0000,      1.3846,     42.3608,    244.3864,     61.5033,      3.4953,      0.0000,     -0.0301,      0.2887,      0.1181,      5.4891,     10.9781,      1.0439,     27.7477,     55.4954,      0.0189,      0.0002,      0.0156,      0.2026,   7555.6738,-416577.7812,   -913.0273,    542.0408,  25185.5801,
       1,     166,     301,       6,       1,       3,       1,     10.0000,      1.3846,     42.3608,    244.3864,     61.5033,      3.4953,      0.0000,     -0.0301,      0.2828,      0.1177,      5.4891,     10.9781,      1.0397,     27.7477,     55.4954,      0.0189,      0.0002,      0.0156,      0.2026,   7555.6743,-416453.4062,   -913.0068,    542.0493,  25185.5801,
       1,     166,     301,       7,       1,       3,       1,     10.0000,      1.3846,     42.3608,    244.3864,     61.5033,      3.4953,      0.0000,     -0.0300,      0.2737,      0.1160,      5.4891,     10.9781,      1.0249,     27.7477,     55.4954,      0.0189,      0.0002,      0.0156,      0.2026,   7555.6743,-416435.4062,   -913.0053,    542.0505,  25185.5801,
       1,     166,     301,       8,       1,       3,       1,     10.0000,      1.3846,     42.3608,    244.3864,     61.5033,      3.4953,      0.0118,     -0.0182,      0.2734,      0.1159,      5.4891,     10.9781,      1.0238,     27.7477,     55.4954,      0.0189,      0.0002,      0.0156,      0.2026,   7555.6743,-416422.5312,   -913.0045,    542.0514,  25185.5801,
       1,     166,     301,       9,       1,       3,       1,     10.0000,      1.3846,     42.3608,    244.3864,     61.5033,      3.4953,      0.0841,      0.0536,      2.0380,      0.1284,      5.4891,     10.9781,      1.1349,     27.7477,     55.4954,      0.0189,      0.0002,      0.1034,      0.2026,   7555.6743,-416420.9688,   -913.0397,    542.0515,  25185.5820,
       1,     166,     301,      10,       1,       3,       1,     10.0000,      1.3846,     42.3608,    244.3864,     61.5033,      3.4953,      0.1330,      0.1015,      4.2319,      0.1539,      5.4891,     10.9781,      1.3598,     27.7477,     55.4954,      0.0189,      0.0003,      0.1746,      0.2026,   7555.6748,-418633.9062,   -913.6833,    541.9016,  25185.5781,
       1,     166,     301,      11,       1,       3,       1,     10.0000,      1.3846,     42.3608,    244.3864,     61.5033,      3.4953,      0.1454,      0.1133,      5.3614,      0.1735,      5.4891,     10.9781,      1.5332,     27.7477,     55.4954,      0.0189,      0.0003,      0.1927,      0.2026,   7555.6738,-421574.2812,   -914.7631,    541.7024,  25185.5801,
       1,     166,     301,      12,       1,       3,       1,     10.0000,      1.3846,     42.3608,    244.3864,     61.5033,      3.4953,      0.1603,      0.1276,      6.7081,      0.1920,      5.4891,     10.9781,      1.6965,     27.7477,     55.4954,      0.0189,      0.0004,      0.2147,      0.2026,   7555.6743,-423241.0312,   -915.6779,    541.5895,  25185.5801,
       1,     166,     301,      13,       1,       3,       1,     10.0000,      1.3846,     42.3608,    244.3864,     61.5033,      3.4953,      0.1839,      0.1508,      8.4559,      0.2059,      5.4891,     10.9781,      1.8197,     27.7477,     55.4954,      0.0189,      0.0004,      0.2497,      0.2026,   7555.6743,-425071.9688,   -916.6434,    541.4656,  25185.5820,
       1,     166,     301,      14,       1,       3,       1,     10.0000,      1.3846,     42.3608,    244.3864,     61.5033,      3.4953,      0.1841,      0.1508,      8.9838,      0.2146,      5.4891,     10.9781,      1.8964,     27.7477,     55.4954,      0.0189,      0.0004,      0.2500,      0.2026,   7555.6748,-427419.5000,   -917.9955,    541.3066,  25185.5820,
       1,     166,     301,      15,       1,       3,       1,     10.0000,      1.3846,     42.3608,    244.3864,     61.5033,      3.4953,      0.1863,      0.1530,     36.8729,      0.2146,      5.4891,     10.9781,      1.8964,     27.7477,     55.4954,      0.0189,      0.0018,      0.2500,      0.2026,   7555.6748,-428281.3750,   -919.2166,    541.2484,  25185.5801,
       1,     166,     301,      16,       1,       3,       1,     10.0000,      1.3846,     42.3608,    244.3864,     61.5033,      3.4953,      0.1838,      0.1514,     59.3954,      0.1844,      5.4891,     10.9781,      1.6290,     27.7477,     55.4954,      0.0189,      0.0030,      0.2434,      0.2026,   7555.6743,-463341.7812,   -926.9128,    538.8764,  25185.5801,
       1,     166,     301,      17,       1,       3,       1,     10.0000,      1.3846,     42.3608,    244.3864,     61.5033,      3.4953,      0.1605,      0.1279,     76.3711,      0.1903,      5.4891,     10.9781,      1.6815,     27.7477,     55.4954,      0.0189,      0.0046,      0.2069,      0.2026,   7555.6743,-494601.4688,   -933.8013,    536.7759,  25185.5801,
       1,     166,     301,      18,       1,       3,       1,     10.0000,      1.3846,     42.3608,    244.3864,     61.5033,      3.4953,      0.1310,      0.0988,     68.0118,      0.1766,      5.4891,     10.9781,      1.5609,     27.7477,     55.4954,      0.0189,      0.0052,      0.1641,      0.2026,   7555.6743,-518572.9375,   -939.2950,    535.1716,  25185.5801,
       1,     166,     301,      19,       1,       3,       1,     10.0000,      1.3846,     42.3608,    244.3864,     61.5033,      3.4953,      0.0605,      0.0285,     28.2031,      0.1696,      5.4891,     10.9781,      1.4984,     27.7477,     55.4954,      0.0189,      0.0055,      0.0645,      0.2025,   7555.6743,-510103.0000,   -938.6179,    535.7406,  25185.5820,
       1,     166,     301,      20,       1,       3,       1,     10.0000,      1.3846,     42.3608,    244.3864,     61.5033,      3.4953,      0.0018,     -0.0299,      6.2525,      0.1612,      5.4891,     10.9781,      1.4240,     27.7477,     55.4954,      0.0189,      0.0050,      0.0156,      0.2025,   7555.6748,-459382.2188,   -929.7087,    539.1376,  25185.5781,
       1,     166,     301,      21,       1,       3,       1,     10.0000,      1.3846,     42.3608,    244.3864,     61.5033,      3.4953,      0.0000,     -0.0315,      4.6513,      0.1551,      5.4891,     10.9781,      1.3708,     27.7477,     55.4954,      0.0189,      0.0037,      0.0156,      0.2026,   7555.6738,-427572.5938,   -924.0433,    541.2921,  25185.5801,
       1,     166,     301,      22,       1,       3,       1,     10.0000,      1.3846,     42.3608,    244.3864,     61.5033,      3.4953,      0.0000,     -0.0312,      4.8673,      0.1469,      5.4891,     10.9781,      1.2983,     27.7477,     55.4954,      0.0189,      0.0039,      0.0156,      0.2026,   7555.6743,-422864.9375,   -923.3571,    541.6149,  25185.5801,
       1,     166,     301,      23,       1,       3,       1,     10.0000,      1.3846,     42.3608,    244.3864,     61.5033,      3.4953,      0.0000,     -0.0311,      4.2383,      0.1436,      5.4891,     10.9781,      1.2686,     27.7477,     55.4954,      0.0189,      0.0034,      0.0156,      0.2026,   7555.6743,-422730.9375,   -923.5334,    541.6241,  25185.5781,
       1,     166,     301,      24,       1,       3,       1,     10.0000,      1.3846,     42.3608,    244.3864,     61.5033,      3.4953,      0.0000,     -0.0310,      3.7804,      0.1401,      5.4891,     10.9781,      1.2382,     27.7477,     55.4954,      0.0189,      0.0030,      0.0156,      0.2026,   7555.6738,-421930.5625,   -923.5467,    541.6783,  25185.5820,
       1,     166,     302,       1,       1,       3,       1,     10.0000,      1.3846,     42.3612,    244.3921,     61.5047,      3.4953,      0.0000,     -0.0308,      2.8917,      0.1357,      5.4889,     10.9778,      1.1988,     27.7493,     55.4986,      0.0189,      0.0023,      0.0156,      0.2027,   7555.6748,-421441.6875,   -923.8557,    541.7241,  25186.6992,
       1,     166,     302,       2,       1,       3,       1,     10.0000,      1.3846,     42.3612,    244.3921,     61.5047,      3.4953,      0.0000,     -0.0304,      2.2140,      0.1257,      5.4889,     10.9778,      1.1109,     27.7493,     55.4986,      0.0189,      0.0018,      0.0156,      0.2027,   7556.0103,-420134.3438,   -923.4283,    541.8127,  25186.6992,
       1,     166,     302,       3,       1,       3,       1,     10.0000,      1.3846,     42.3612,    244.3921,     61.5047,      3.4953,      0.0000,     -0.0303,      1.5624,      0.1228,      5.4889,     10.9778,      1.0852,     27.7493,     55.4986,      0.0189,      0.0012,      0.0156,      0.2027,   7556.0103,-419173.3125,   -923.3090,    541.8778,  25186.6992,
       1,     166,     302,       4,       1,       3,       1,     10.0000,      1.3846,     42.3612,    244.3921,     61.5047,      3.4953,      0.0000,     -0.0305,      1.0981,      0.1280,      5.4889,     10.9778,      1.1315,     27.7493,     55.4986,      0.0189,      0.0009,      0.0156,      0.2027,   7556.0103,-418274.2500,   -923.1718,    541.9386,  25186.7012,
       1,     166,     302,       5,       1,       3,       1,     10.0000,      1.3846,     42.3612,    244.3921,     61.5047,      3.4953,      0.0000,     -0.0304,      0.7042,      0.1261,      5.4889,     10.9778,      1.1143,     27.7493,     55.4986,      0.0189,      0.0006,      0.0156,      0.2027,   7556.0107,-417615.3125,   -923.0737,    541.9833,  25186.6992,
       1,     166,     302,       6,       1,       3,       1,     10.0000,      1.3846,     42.3612,    244.3921,     61.5047,      3.4953,      0.0000,     -0.0303,      0.4885,      0.1226,      5.4889,     10.9778,      1.0830,     27.7493,     55.4986,      0.0189,      0.0004,      0.0156,      0.2027,   7556.0103,-417065.6875,   -922.9801,    542.0206,  25186.6992,
       1,     166,     302,       7,       1,       3,       1,     10.0000,      1.3846,     42.3612,    244.3921,     61.5047,      3.4953,      0.0000,     -0.0302,      0.3104,      0.1210,      5.4889,     10.9778,      1.0688,     27.7493,     55.4986,      0.0189,      0.0002,      0.0156,      0.2027,   7556.0103,-416748.3438,   -922.9270,    542.0420,  25186.6992,
       1,     166,     302,       8,       1,       3,       1,     10.0000,      1.3846,     42.3612,    244.3921,     61.5047,      3.4953,      0.0120,     -0.0185,      0.5656,      0.1273,      5.4889,     10.9778,      1.1246,     27.7493,     55.4986,      0.0189,      0.0005,      0.0156,      0.2027,   7556.0103,-416498.1562,   -922.8821,    542.0590,  25186.6992,
       1,     166,     302,       9,       1,       3,       1,     10.0000,      1.3846,     42.3612,    244.3921,     61.5047,      3.4953,      0.0762,      0.0453,      1.9589,      0.1379,      5.4889,     10.9778,      1.2184,     27.7493,     55.4986,      0.0189,      0.0003,      0.0916,      0.2027,   7556.0103,-416796.9062,   -922.9583,    542.0388,  25186.6992,
       1,     166,     302,      10,       1,       3,       1,     10.0000,      1.3846,     42.3612,    244.3921,     61.5047,      3.4953,      0.0516,      0.0197,      1.4378,      0.1654,      5.4889,     10.9778,      1.4615,     27.7493,     55.4986,      0.0189,      0.0003,      0.0546,      0.2027,   7556.0103,-418569.6875,   -923.3818,    541.9186,  25186.6992,
       1,     166,     302,      11,       1,       3,       1,     10.0000,      1.3846,     42.3612,    244.3921,     61.5047,      3.4953,      0.1311,      0.0986,      5.1808,      0.1864,      5.4889,     10.9778,      1.6469,     27.7493,     55.4986,      0.0189,      0.0004,      0.1715,      0.2027,   7556.0103,-418066.8438,   -923.3370,    541.9527,  25186.7012,
       1,     166,     302,      12,       1,       3,       1,     10.0000,      1.3846,     42.3612,    244.3921,     61.5047,      3.4953,      0.1799,      0.1468,      8.3124,      0.2072,      5.4889,     10.9778,      1.8305,     27.7493,     55.4986,      0.0189,      0.0004,      0.2438,      0.2027,   7556.0107,-422718.0938,   -924.3568,    541.6376,  25186.6992,
       1,     166,     302,      13,       1,       3,       1,     10.0000,      1.3846,     42.3612,    244.3921,     61.5047,      3.4953,      0.1841,      0.1506,      9.1440,      0.2202,      5.4889,     10.9778,      1.9455,     27.7493,     55.4986,      0.0189,      0.0005,      0.2500,      0.2027,   7556.0103,-427041.7500,   -925.4313,    541.3450,  25186.6973,
       1,     166,     302,      14,       1,       3,       1,     10.0000,      1.3846,     42.3612,    244.3921,     61.5047,      3.4953,      0.1841,      0.1507,      9.0211,      0.2176,      5.4889,     10.9778,      1.9227,     27.7493,     55.4986,      0.0189,      0.0005,      0.2500,      0.2027,   7556.0093,-428452.4375,   -925.9885,    541.2496,  25186.7012,
       1,     166,     302,      15,       1,       3,       1,     10.0000,      1.3846,     42.3612,    244.3921,     61.5047,      3.4953,      0.1863,      0.1534,     35.0413,      0.1984,      5.4889,     10.9778,      1.7528,     27.7493,     55.4986,      0.0189,      0.0017,      0.2500,      0.2027,   7556.0107,-428417.3438,   -926.2406,    541.2520,  25186.6973,
       1,     166,     302,      16,       1,       3,       1,     10.0000,      1.3846,     42.3612,    244.3921,     61.5047,      3.4953,      0.1886,      0.1564,     61.9173,      0.1759,      5.4889,     10.9778,      1.5547,     27.7493,     55.4986,      0.0189,      0.0031,      0.2500,      0.2027,   7556.0093,-461053.6562,   -932.7591,    539.0440,  25186.6992,
       1,     166,     302,      17,       1,       3,       1,     10.0000,      1.3846,     42.3612,    244.3921,     61.5047,      3.4953,      0.1886,      0.1567,     91.3970,      0.1671,      5.4889,     10.9778,      1.4762,     27.7493,     55.4986,      0.0189,      0.0046,      0.2465,      0.2026,   7556.0103,-497564.3438,   -940.1611,    536.5883,  25186.6992,
       1,     166,     302,      18,       1,       3,       1,     10.0000,      1.3846,     42.3612,    244.3921,     61.5047,      3.4953,      0.1488,      0.1170,     76.6478,      0.1633,      5.4889,     10.9778,      1.4427,     27.7493,     55.4986,      0.0189,      0.0050,      0.1894,      0.2026,   7556.0103,-537685.2500,   -948.4258,    533.9030,  25186.6992,
       1,     166,     302,      19,       1,       3,       1,     10.0000,      1.3846,     42.3612,    244.3921,     61.5047,      3.4953,      0.0734,      0.0418,     29.4017,      0.1592,      5.4889,     10.9778,      1.4070,     27.7493,     55.4986,      0.0189,      0.0044,      0.0837,      0.2025,   7556.0103,-522562.6250,   -946.0146,    534.9188,  25186.6992,
       1,     166,     302,      20,       1,       3,       1,     10.0000,      1.3846,     42.3612,    244.3921,     61.5047,      3.4953,      0.0023,     -0.0291,      4.4424,      0.1511,      5.4889,     10.9778,      1.3355,     27.7493,     55.4986,      0.0189,      0.0036,      0.0156,      0.2026,   7556.0103,-461930.0625,   -934.5672,    538.9739,  25186.6973,
       1,     166,     302,      21,       1,       3,       1,     10.0000,      1.3846,     42.3612,    244.3921,     61.5047,      3.4953,      0.0000,     -0.0313,      3.0020,      0.1493,      5.4889,     10.9778,      1.3195,     27.7493,     55.4986,      0.0189,      0.0024,      0.0156,      0.2026,   7556.0093,-425523.3125,   -927.5928,    541.4421,  25186.6973,
       1,     166,     302,      22,       1,       3,       1,     10.0000,      1.3846,     42.3612,    244.3921,     61.5047,      3.4953,      0.0000,     -0.0312,      2.4412,      0.1477,      5.4889,     10.9778,      1.3049,     27.7493,     55.4986,      0.0189,      0.0020,      0.0156,      0.2027,   7556.0093,-420626.4375,   -926.6627,    541.7792,  25186.6973,
       1,     166,     302,      23,       1,       3,       1,     10.0000,      1.3846,     42.3612,    244.3921,     61.5047,      3.4953,      0.0000,     -0.0313,      2.2585,      0.1480,      5.4889,     10.9778,      1.3076,     27.7493,     55.4986,      0.0189,      0.0018,      0.0156,      0.2027,   7556.0093,-419500.3125,   -926.4558,    541.8556,  25186.6992,
       1,     166,     302,      24,       1,       3,       1,     10.0000,      1.3846,     42.3612,    244.3921,     61.5047,      3.4953,      0.0000,     -0.0311,      2.0433,      0.1426,      5.4889,     10.9778,      1.2597,     27.7493,     55.4986,      0.0189,      0.0016,      0.0156,      0.2027,   7556.0103,-419175.2188,   -926.4019,    541.8776,  25186.6973,
       1,     166,     303,       1,       1,       3,       1,     10.0000,      1.3846,     42.3615,    244.3978,     61.5062,      3.4953,      0.0000,     -0.0309,      1.4570,      0.1379,      5.4894,     10.9789,      1.2184,     27.7505,     55.5010,      0.0189,      0.0012,      0.0156,      0.2027,   7556.0093,-419032.5000,   -926.6570,    541.9000,  25187.8203,
       1,     166,     303,       2,       1,       3,       1,     10.0000,      1.3846,     42.3615,    244.3978,     61.5062,      3.4953,      0.0000,     -0.0308,      0.9039,      0.1359,      5.4894,     10.9789,      1.2013,     27.7505,     55.5010,      0.0189,      0.0007,      0.0156,      0.2027,   7556.3462,-418133.1250,   -926.2203,    541.9609,  25187.8223,
       1,     166,     303,       3,       1,       3,       1,     10.0000,      1.3846,     42.3615,    244.3978,     61.5062,      3.4953,      0.0000,     -0.0308,      0.8138,      0.1349,      5.4894,     10.9789,      1.1916,     27.7505,     55.5010,      0.0189,      0.0007,      0.0156,      0.2027,   7556.3472,-417362.7812,   -926.0743,    542.0131,  25187.8203,
       1,     166,     303,       4,       1,       3,       1,     10.0000,      1.3846,     42.3615,    244.3978,     61.5062,      3.4953,      0.0000,     -0.0307,      0.7332,      0.1324,      5.4894,     10.9789,      1.1701,     27.7505,     55.5010,      0.0189,      0.0006,      0.0156,      0.2027,   7556.3462,-417184.6875,   -926.0438,    542.0251,  25187.8203,
       1,     166,     303,       5,       1,       3,       1,     10.0000,      1.3846,     42.3615,    244.3978,     61.5062,      3.4953,      0.0000,     -0.0306,      0.3713,      0.1296,      5.4894,     10.9789,      1.1454,     27.7505,     55.5010,      0.0189,      0.0003,      0.0156,      0.2027,   7556.3462,-417068.5000,   -926.0241,    542.0331,  25187.8203,
       1,     166,     303,       6,       1,       3,       1,     10.0000,      1.3846,     42.3615,    244.3978,     61.5062,      3.4953,      0.0000,     -0.0305,      0.3064,      0.1281,      5.4894,     10.9789,      1.1315,     27.7505,     55.5010,      0.0189,      0.0002,      0.0156,      0.2027,   7556.3462,-416604.7500,   -925.9362,    542.0645,  25187.8223,
       1,     166,     303,       7,       1,       3,       1,     10.0000,      1.3846,     42.3615,    244.3978,     61.5062,      3.4953,      0.0000,     -0.0305,      0.3054,      0.1277,      5.4894,     10.9789,      1.1281,     27.7505,     55.5010,      0.0189,      0.0002,      0.0156,      0.2027,   7556.3472,-416483.7188,   -925.9134,    542.0728,  25187.8223,
       1,     166,     303,       8,       1,       3,       1,     10.0000,      1.3846,     42.3615,    244.3978,     61.5062,      3.4953,      0.0110,     -0.0195,      0.3029,      0.1268,      5.4894,     10.9789,      1.1201,     27.7505,     55.5010,      0.0189,      0.0002,      0.0156,      0.2027,   7556.3472,-416471.9688,   -925.9128,    542.0735,  25187.8203,
       1,     166,     303,       9,       1,       3,       1,     10.0000,      1.3846,     42.3615,    244.3978,     61.5062,      3.4953,      0.0990,      0.0682,      2.5909,      0.1342,      5.4894,     10.9789,      1.1856,     27.7505,     55.5010,      0.0189,      0.0003,      0.1250,      0.2027,   7556.3462,-416468.2500,   -925.9140,    542.0737,  25187.8203,
       1,     166,     303,      10,       1,       3,       1,     10.0000,      1.3846,     42.3615,    244.3978,     61.5062,      3.4953,      0.1642,      0.1329,      5.2812,      0.1504,      5.4894,     10.9789,      1.3288,     27.7505,     55.5010,      0.0189,      0.0003,      0.2205,      0.2027,   7556.3462,-419337.2188,   -926.4738,    541.8793,  25187.8203,
       1,     166,     303,      11,       1,       3,       1,     10.0000,      1.3846,     42.3615,    244.3978,     61.5062,      3.4953,      0.1269,      0.0951,      4.3692,      0.1657,      5.4894,     10.9789,      1.4645,     27.7505,     55.5010,      0.0189,      0.0003,      0.1655,      0.2027,   7556.3462,-422954.8125,   -927.1715,    541.6343,  25187.8203,
       1,     166,     303,      12,       1,       3,       1,     10.0000,      1.3846,     42.3615,    244.3978,     61.5062,      3.4953,      0.1676,      0.1346,      7.4469,      0.2015,      5.4894,     10.9789,      1.7808,     27.7505,     55.5010,      0.0189,      0.0004,      0.2254,      0.2027,   7556.3462,-422118.5000,   -927.0138,    541.6910,  25187.8184,
       1,     166,     303,      13,       1,       3,       1,     10.0000,      1.3846,     42.3615,    244.3978,     61.5062,      3.4953,      0.1836,      0.1511,      7.4210,      0.1842,      5.4894,     10.9789,      1.6275,     27.7505,     55.5010,      0.0189,      0.0004,      0.2491,      0.2027,   7556.3457,-425907.2188,   -927.7318,    541.4344,  25187.8223,
       1,     166,     303,      14,       1,       3,       1,     10.0000,      1.3846,     42.3615,    244.3978,     61.5062,      3.4953,      0.1845,      0.1540,      5.2490,      0.1270,      5.4894,     10.9789,      1.1223,     27.7505,     55.5010,      0.0189,      0.0003,      0.2500,      0.2027,   7556.3472,-426196.3125,   -927.9158,    541.4150,  25187.8223,
       1,     166,     303,      15,       1,       3,       1,     10.0000,      1.3846,     42.3615,    244.3978,     61.5062,      3.4953,      0.1852,      0.1547,     14.0045,      0.1266,      5.4894,     10.9789,      1.1189,     27.7505,     55.5010,      0.0189,      0.0007,      0.2500,      0.2027,   7556.3472,-423496.5625,   -925.7717,    541.5977,  25187.8203,
       1,     166,     303,      16,       1,       3,       1,     10.0000,      1.3846,     42.3615,    244.3978,     61.5062,      3.4953,      0.1864,      0.1553,     31.6694,      0.1439,      5.4894,     10.9789,      1.2712,     27.7505,     55.5010,      0.0189,      0.0016,      0.2500,      0.2027,   7556.3462,-434248.3438,   -928.3232,    540.8699,  25187.8203,
       1,     166,     303,      17,       1,       3,       1,     10.0000,      1.3846,     42.3615,    244.3978,     61.5062,      3.4953,      0.1781,      0.1466,     63.7640,      0.1539,      5.4894,     10.9789,      1.3599,     27.7505,     55.5010,      0.0189,      0.0034,      0.2341,      0.2027,   7556.3462,-457320.0312,   -933.2693,    539.3105,  25187.8203,
       1,     166,     303,      18,       1,       3,       1,     10.0000,      1.3846,     42.3615,    244.3978,     61.5062,      3.4953,      0.1018,      0.0703,     29.1871,      0.1537,      5.4894,     10.9789,      1.3585,     27.7505,     55.5010,      0.0189,      0.0029,      0.1257,      0.2027,   7556.3462,-499553.7500,   -941.2155,    536.4656,  25187.8223,
       1,     166,     303,      19,       1,       3,       1,     10.0000,      1.3846,     42.3615,    244.3978,     61.5062,      3.4953,      0.0586,      0.0274,      2.9056,      0.1465,      5.4894,     10.9789,      1.2945,     27.7505,     55.5010,      0.0189,      0.0006,      0.0654,      0.2026,   7556.3472,-459738.2188,   -933.9775,    539.1430,  25187.8184,
       1,     166,     303,      20,       1,       3,       1,     10.0000,      1.3846,     42.3615,    244.3978,     61.5062,      3.4953,      0.0013,     -0.0296,      0.3453,      0.1376,      5.4894,     10.9789,      1.2160,     27.7505,     55.5010,      0.0189,      0.0003,      0.0156,      0.2027,   7556.3457,-423401.6250,   -914.1015,    541.5985,  25187.8184,
       1,     166,     303,      21,       1,       3,       1,     10.0000,      1.3846,     42.3615,    244.3978,     61.5062,      3.4953,      0.0000,     -0.0307,      0.7602,      0.1330,      5.4894,     10.9789,      1.1748,     27.7505,     55.5010,      0.0189,      0.0006,      0.0156,      0.2027,   7556.3457,-417117.0938,   -910.2017,    542.0296,  25187.8203,
       1,     166,     303,      22,       1,       3,       1,     10.0000,      1.3846,     42.3615,    244.3978,     61.5062,      3.4953,      0.0000,     -0.0308,      1.1983,      0.1349,      5.4894,     10.9789,      1.1916,     27.7505,     55.5010,      0.0189,      0.0010,      0.0156,      0.2027,   7556.3462,-417096.8750,   -910.2458,    542.0312,  25187.8223,
       1,     166,     303,      23,       1,       3,       1,     10.0000,      1.3846,     42.3615,    244.3978,     61.5062,      3.4953,      0.0000,     -0.0307,      0.8498,      0.1336,      5.4894,     10.9789,      1.1808,     27.7505,     55.5010,      0.0189,      0.0007,      0.0156,      0.2027,   7556.3472,-417643.8438,   -910.4470,    541.9940,  25187.8223,
       1,     166,     303,      24,       1,       3,       1,     10.0000,      1.3846,     42.3615,    244.3978,     61.5062,      3.4953,      0.0000,     -0.0307,      0.6989,      0.1319,      5.4894,     10.9789,      1.1653,     27.7505,     55.5010,      0.0189,      0.0006,      0.0156,      0.2027,   7556.3472,-417253.4375,   -910.4593,    542.0206,  25187.8223,
       1,     166,     304,       1,       1,       3,       1,     10.0000,      1.3847,     42.3618,    244.4035,     61.5076,      3.4953,      0.0000,     -0.0306,      0.3264,      0.1300,      5.4889,     10.9778,      1.1489,     27.7529,     55.5058,      0.0189,      0.0003,      0.0156,      0.2027,   7556.3472,-417185.3750,   -910.7589,    542.0378,  25188.9414,
       1,     166,     304,       2,       1,       3,       1,     10.0000,      1.3847,     42.3618,    244.4035,     61.5076,      3.4953,      0.0000,     -0.0306,      0.3115,      0.1299,      5.4889,     10.9778,      1.1477,     27.7529,     55.5058,      0.0189,      0.0002,      0.0156,      0.2027,   7556.6826,-416561.0625,   -910.4014,    542.0801,  25188.9414,
       1,     166,     304,       3,       1,       3,       1,     10.0000,      1.3847,     42.3618,    244.4035,     61.5076,      3.4953,      0.0000,     -0.0304,      0.3004,      0.1259,      5.4889,     10.9778,      1.1121,     27.7529,     55.5058,      0.0189,      0.0002,      0.0156,      0.2027,   7556.6826,-416489.3125,   -910.0795,    542.0849,  25188.9414,
       1,     166,     304,       4,       1,       3,       1,     10.0000,      1.3847,     42.3618,    244.4035,     61.5076,      3.4953,      0.0000,     -0.0304,      0.2994,      0.1255,      5.4889,     10.9778,      1.1087,     27.7529,     55.5058,      0.0189,      0.0002,      0.0156,      0.2027,   7556.6826,-416469.5000,   -910.0775,    542.0863,  25188.9395,
       1,     166,     304,       5,       1,       3,       1,     10.0000,      1.3847,     42.3618,    244.4035,     61.5076,      3.4953,      0.0000,     -0.0304,      0.2973,      0.1247,      5.4889,     10.9778,      1.1020,     27.7529,     55.5058,      0.0189,      0.0002,      0.0156,      0.2027,   7556.6821,-416466.7500,   -910.0795,    542.0864,  25188.9395,
       1,     166,     304,       6,       1,       3,       1,     10.0000,      1.3847,     42.3618,    244.4035,     61.5076,      3.4953,      0.0000,     -0.0303,      0.2915,      0.1226,      5.4889,     10.9778,      1.0831,     27.7529,     55.5058,      0.0189,      0.0002,      0.0156,      0.2027,   7556.6821,-416463.9375,   -910.0804,    542.0866,  25188.9414,
       1,     166,     304,       7,       1,       3,       1,     10.0000,      1.3847,     42.3618,    244.4035,     61.5076,      3.4953,      0.0000,     -0.0302,      0.2828,      0.1194,      5.4889,     10.9778,      1.0547,     27.7529,     55.5058,      0.0189,      0.0002,      0.0156,      0.2027,   7556.6826,-416456.0938,   -910.0799,    542.0872,  25188.9414,
       1,     166,     304,       8,       1,       3,       1,     10.0000,      1.3847,     42.3618,    244.4035,     61.5076,      3.4953,      0.0091,     -0.0211,      0.2808,      0.1186,      5.4889,     10.9778,      1.0483,     27.7529,     55.5058,      0.0189,      0.0002,      0.0156,      0.2027,   7556.6826,-416444.4062,   -910.0792,    542.0879,  25188.9395,
       1,     166,     304,       9,       1,       3,       1,     10.0000,      1.3847,     42.3618,    244.4035,     61.5076,      3.4953,      0.1083,      0.0778,      2.6786,      0.1261,      5.4889,     10.9778,      1.1144,     27.7529,     55.5058,      0.0189,      0.0002,      0.1388,      0.2027,   7556.6821,-416441.5000,   -910.1113,    542.0882,  25188.9414,
       1,     166,     304,      10,       1,       3,       1,     10.0000,      1.3847,     42.3618,    244.4035,     61.5076,      3.4953,      0.1228,      0.0916,      3.6375,      0.1458,      5.4889,     10.9778,      1.2880,     27.7529,     55.5058,      0.0189,      0.0003,      0.1597,      0.2027,   7556.6826,-419447.1875,   -911.3153,    541.8844,  25188.9395,
       1,     166,     304,      11,       1,       3,       1,     10.0000,      1.3847,     42.3618,    244.4035,     61.5076,      3.4953,      0.1430,      0.1113,      4.7753,      0.1594,      5.4889,     10.9778,      1.4085,     27.7529,     55.5058,      0.0189,      0.0003,      0.1892,      0.2027,   7556.6821,-420905.4688,   -912.1401,    541.7857,  25188.9395,
       1,     166,     304,      12,       1,       3,       1,     10.0000,      1.3847,     42.3618,    244.4035,     61.5076,      3.4953,      0.1772,      0.1451,      6.5964,      0.1720,      5.4889,     10.9778,      1.5196,     27.7529,     55.5058,      0.0189,      0.0003,      0.2396,      0.2027,   7556.6821,-422456.0625,   -913.1620,    541.6808,  25188.9414,
       1,     166,     304,      13,       1,       3,       1,     10.0000,      1.3847,     42.3618,    244.4035,     61.5076,      3.4953,      0.1703,      0.1380,      6.6369,      0.1795,      5.4889,     10.9778,      1.5860,     27.7529,     55.5058,      0.0189,      0.0004,      0.2295,      0.2027,   7556.6826,-424870.9062,   -914.6888,    541.5172,  25188.9414,
       1,     166,     304,      14,       1,       3,       1,     10.0000,      1.3847,     42.3618,    244.4035,     61.5076,      3.4953,      0.1805,      0.1488,      6.5144,      0.1623,      5.4889,     10.9778,      1.4341,     27.7529,     55.5058,      0.0189,      0.0003,      0.2444,      0.2027,   7556.6826,-425126.9375,   -915.6688,    541.4999,  25188.9414,
       1,     166,     304,      15,       1,       3,       1,     10.0000,      1.3847,     42.3618,    244.4035,     61.5076,      3.4953,      0.1620,      0.1321,     12.8223,      0.1127,      5.4889,     10.9778,      0.9960,     27.7529,     55.5058,      0.0189,      0.0007,      0.2161,      0.2027,   7556.6826,-424994.9375,   -912.6388,    541.5089,  25188.9395,
       1,     166,     304,      16,       1,       3,       1,     10.0000,      1.3847,     42.3618,    244.4035,     61.5076,      3.4953,      0.0593,      0.0295,      7.1219,      0.1095,      5.4889,     10.9778,      0.9678,     27.7529,     55.5058,      0.0189,      0.0013,      0.0672,      0.2027,   7556.6821,-432894.2812,   -913.7958,    540.9742,  25188.9414,
       1,     166,     304,      17,       1,       3,       1,     10.0000,      1.3847,     42.3618,    244.4035,     61.5076,      3.4953,      0.0333,      0.0035,      4.5370,      0.1101,      5.4889,     10.9778,      0.9728,     27.7529,     55.5058,      0.0189,      0.0019,      0.0295,      0.2027,   7556.6826,-426416.1250,   -912.2689,    541.4125,  25188.9414,
       1,     166,     304,      18,       1,       3,       1,     10.0000,      1.3847,     42.3618,    244.4035,     61.5076,      3.4953,      0.0525,      0.0227,     10.0163,      0.1124,      5.4889,     10.9778,      0.9929,     27.7529,     55.5058,      0.0189,      0.0022,      0.0569,      0.2027,   7556.6826,-422624.8750,   -911.5977,    541.6693,  25188.9414,
       1,     166,     304,      19,       1,       3,       1,     10.0000,      1.3847,     42.3618,    244.4035,     61.5076,      3.4953,      0.0306,      0.0006,      3.6766,      0.1159,      5.4889,     10.9778,      1.0239,     27.7529,     55.5058,      0.0189,      0.0018,      0.0255,      0.2027,   7556.6826,-429173.7500,   -913.2857,    541.2258,  25188.9434,
       1,     166,     304,      20,       1,       3,       1,     10.0000,      1.3847,     42.3618,    244.4035,     61.5076,      3.4953,      0.0009,     -0.0290,      0.4029,      0.1126,      5.4889,     10.9778,      0.9950,     27.7529,     55.5058,      0.0189,      0.0003,      0.0156,      0.2027,   7556.6831,-421779.6875,   -912.3233,    541.7263,  25188.9414,
       1,     166,     304,      21,       1,       3,       1,     10.0000,      1.3847,     42.3618,    244.4035,     61.5076,      3.4953,      0.0000,     -0.0296,      0.2489,      0.1067,      5.4889,     10.9778,      0.9432,     27.7529,     55.5058,      0.0189,      0.0002,      0.0156,      0.2027,   7556.6826,-417047.4375,   -911.4944,    542.0470,  25188.9414,
       1,     166,     304,      22,       1,       3,       1,     10.0000,      1.3847,     42.3618,    244.4035,     61.5076,      3.4953,      0.0000,     -0.0298,      0.2588,      0.1104,      5.4889,     10.9778,      0.9758,     27.7529,     55.5058,      0.0189,      0.0002,      0.0156,      0.2027,   7556.6826,-416452.3438,   -911.3884,    542.0873,  25188.9434,
       1,     166,     304,      23,       1,       3,       1,     10.0000,      1.3847,     42.3618,    244.4035,     61.5076,      3.4953,      0.0000,     -0.0300,      0.2740,      0.1161,      5.4889,     10.9778,      1.0260,     27.7529,     55.5058,      0.0189,      0.0002,      0.0156,      0.2027,   7556.6831,-416413.9375,   -911.3824,    542.0900,  25188.9414,
       1,     166,     304,      24,       1,       3,       1,     10.0000,      1.3847,     42.3618,    244.4035,     61.5076,      3.4953,      0.0000,     -0.0301,      0.2756,      0.1167,      5.4889,     10.9778,      1.0313,     27.7529,     55.5058,      0.0189,      0.0002,      0.0156,      0.2027,   7556.6826,-416429.8750,   -911.3870,    542.0889,  25188.9434,
       1,     166,     305,       1,       1,       3,       1,     10.0000,      1.3847,     42.3621,    244.4093,     61.5091,      3.4953,      0.0000,     -0.0300,      0.2740,      0.1161,      5.4903,     10.9806,      1.0260,     27.7459,     55.4918,      0.0189,      0.0002,      0.0156,      0.2027,   7556.6831,-416587.7812,   -911.6713,    542.0911,  25190.0625,
       1,     166,     305,       2,       1,       3,       1,     10.0000,      1.3847,     42.3621,    244.4093,     61.5091,      3.4953,      0.0000,     -0.0301,      0.2805,      0.1185,      5.4903,     10.9806,      1.0472,     27.7459,     55.4918,      0.0189,      0.0002,      0.0156,      0.2027,   7557.0190,-416447.6562,   -911.3975,    542.1006,  25190.0625,
       1,     166,     305,       3,       1,       3,       1,     10.0000,      1.3847,     42.3621,    244.4093,     61.5091,      3.4953,      0.0000,     -0.0300,      0.2715,      0.1152,      5.4903,     10.9806,      1.0177,     27.7459,     55.4918,      0.0189,      0.0002,      0.0156,      0.2027,   7557.0190,-416443.8125,   -911.3984,    542.1008,  25190.0625,
       1,     166,     305,       4,       1,       3,       1,     10.0000,      1.3847,     42.3621,    244.4093,     61.5091,      3.4953,      0.0000,     -0.0299,      0.2664,      0.1133,      5.4903,     10.9806,      1.0011,     27.7459,     55.4918,      0.0189,      0.0002,      0.0156,      0.2027,   7557.0190,-416432.2500,   -911.3976,    542.1017,  25190.0625,
       1,     166,     305,       5,       1,       3,       1,     10.0000,      1.3847,     42.3621,    244.4093,     61.5091,      3.4953,      0.0000,     -0.0299,      0.2683,      0.1140,      5.4903,     10.9806,      1.0073,     27.7459,     55.4918,      0.0189,      0.0002,      0.0156,      0.2027,   7557.0190,-416424.8438,   -911.3976,    542.1022,  25190.0625,
       1,     166,     305,       6,       1,       3,       1,     10.0000,      1.3847,     42.3621,    244.4093,     61.5091,      3.4953,      0.0000,     -0.0300,      0.3127,      0.1146,      5.4903,     10.9806,      1.0125,     27.7459,     55.4918,      0.0189,      0.0003,      0.0156,      0.2027,   7557.0190,-416426.5312,   -911.3992,    542.1020,  25190.0625,
       1,     166,     305,       7,       1,       3,       1,     10.0000,      1.3847,     42.3621,    244.4093,     61.5091,      3.4953,      0.0000,     -0.0300,      0.2689,      0.1142,      5.4903,     10.9806,      1.0094,     27.7459,     55.4918,      0.0189,      0.0002,      0.0156,      0.2027,   7557.0190,-416482.4688,   -911.4142,    542.0982,  25190.0625,
       1,     166,     305,       8,       1,       3,       1,     10.0000,      1.3847,     42.3621,    244.4093,     61.5091,      3.4953,      0.0158,     -0.0142,      0.0740,      0.1139,      5.4903,     10.9806,      1.0063,     27.7459,     55.4918,      0.0189,      0.0002,      0.0043,      0.2027,   7557.0190,-416432.3750,   -911.4068,    542.1017,  25190.0625,
       1,     166,     305,       9,       1,       3,       1,     10.0000,      1.3847,     42.3621,    244.4093,     61.5091,      3.4953,      0.1323,      0.1020,      3.2038,      0.1211,      5.4903,     10.9806,      1.0699,     27.7459,     55.4918,      0.0189,      0.0002,      0.1739,      0.2027,   7557.0190,-416183.5312,   -911.4229,    542.1185,  25190.0645,
       1,     166,     305,      10,       1,       3,       1,     10.0000,      1.3847,     42.3621,    244.4093,     61.5091,      3.4953,      0.1654,      0.1344,      4.8048,      0.1393,      5.4903,     10.9806,      1.2309,     27.7459,     55.4918,      0.0189,      0.0003,      0.2222,      0.2027,   7557.0195,-420086.0938,   -912.7183,    541.8540,  25190.0605,
       1,     166,     305,      11,       1,       3,       1,     10.0000,      1.3847,     42.3621,    244.4093,     61.5091,      3.4953,      0.1843,      0.1528,      6.0961,      0.1547,      5.4903,     10.9806,      1.3668,     27.7459,     55.4918,      0.0189,      0.0003,      0.2500,      0.2027,   7557.0186,-422425.7500,   -914.3084,    541.6956,  25190.0605,
       1,     166,     305,      12,       1,       3,       1,     10.0000,      1.3847,     42.3621,    244.4093,     61.5091,      3.4953,      0.1843,      0.1525,      6.5234,      0.1641,      5.4903,     10.9806,      1.4500,     27.7459,     55.4918,      0.0189,      0.0003,      0.2500,      0.2027,   7557.0186,-424243.4375,   -916.0895,    541.5726,  25190.0625,
       1,     166,     305,      13,       1,       3,       1,     10.0000,      1.3847,     42.3621,    244.4093,     61.5091,      3.4953,      0.1842,      0.1519,      7.2555,      0.1800,      5.4903,     10.9806,      1.5908,     27.7459,     55.4918,      0.0189,      0.0004,      0.2500,      0.2027,   7557.0190,-424933.1250,   -917.7842,    541.5259,  25190.0605,
       1,     166,     305,      14,       1,       3,       1,     10.0000,      1.3847,     42.3621,    244.4093,     61.5091,      3.4953,      0.1844,      0.1518,     10.7341,      0.1909,      5.4903,     10.9806,      1.6867,     27.7459,     55.4918,      0.0189,      0.0005,      0.2500,      0.2027,   7557.0186,-425910.0625,   -919.4847,    541.4598,  25190.0625,
       1,     166,     305,      15,       1,       3,       1,     10.0000,      1.3847,     42.3621,    244.4093,     61.5091,      3.4953,      0.1858,      0.1526,     30.3832,      0.2111,      5.4903,     10.9806,      1.8652,     27.7459,     55.4918,      0.0189,      0.0015,      0.2500,      0.2027,   7557.0190,-430354.3125,   -921.4447,    541.1589,  25190.0625,
       1,     166,     305,      16,       1,       3,       1,     10.0000,      1.3847,     42.3621,    244.4093,     61.5091,      3.4953,      0.1874,      0.1548,     48.9942,      0.1905,      5.4903,     10.9806,      1.6833,     27.7459,     55.4918,      0.0189,      0.0024,      0.2500,      0.2027,   7557.0190,-455371.0625,   -927.1347,    539.4668,  25190.0645,
       1,     166,     305,      17,       1,       3,       1,     10.0000,      1.3847,     42.3621,    244.4093,     61.5091,      3.4953,      0.1541,      0.1217,     52.7622,      0.1809,      5.4903,     10.9806,      1.5987,     27.7459,     55.4918,      0.0189,      0.0033,      0.2000,      0.2027,   7557.0195,-480846.6875,   -932.8633,    537.7515,  25190.0625,
       1,     166,     305,      18,       1,       3,       1,     10.0000,      1.3847,     42.3621,    244.4093,     61.5091,      3.4953,      0.0322,      0.0003,      7.2297,      0.1679,      5.4903,     10.9806,      1.4837,     27.7459,     55.4918,      0.0189,      0.0036,      0.0253,      0.2027,   7557.0190,-487738.7188,   -934.7724,    537.2910,  25190.0605,
       1,     166,     305,      19,       1,       3,       1,     10.0000,      1.3847,     42.3621,    244.4093,     61.5091,      3.4953,      0.0171,     -0.0142,      1.2980,      0.1489,      5.4903,     10.9806,      1.3156,     27.7459,     55.4918,      0.0189,      0.0037,      0.0044,      0.2027,   7557.0186,-431175.0938,   -924.3988,    541.0901,  25190.0625,
       1,     166,     305,      20,       1,       3,       1,     10.0000,      1.3847,     42.3621,    244.4093,     61.5091,      3.4953,      0.0005,     -0.0303,      6.1770,      0.1355,      5.4903,     10.9806,      1.1977,     27.7459,     55.4918,      0.0189,      0.0049,      0.0156,      0.2027,   7557.0190,-418985.6562,   -921.3456,    541.9280,  25190.0625,
       1,     166,     305,      21,       1,       3,       1,     10.0000,      1.3847,     42.3621,    244.4093,     61.5091,      3.4953,      0.0000,     -0.0308,      4.5099,      0.1355,      5.4903,     10.9806,      1.1977,     27.7459,     55.4918,      0.0189,      0.0036,      0.0156,      0.2027,   7557.0190,-424053.0312,   -922.5086,    541.5854,  25190.0605,
       1,     166,     305,      22,       1,       3,       1,     10.0000,      1.3847,     42.3621,    244.4093,     61.5091,      3.4953,      0.0000,     -0.0308,      3.5819,      0.1354,      5.4903,     10.9806,      1.1965,     27.7459,     55.4918,      0.0189,      0.0029,      0.0156,      0.2027,   7557.0186,-422392.7500,   -922.3372,    541.6979,  25190.0625,
       1,     166,     305,      23,       1,       3,       1,     10.0000,      1.3847,     42.3621,    244.4093,     61.5091,      3.4953,      0.0000,     -0.0306,      3.2226,      0.1312,      5.4903,     10.9806,      1.1595,     27.7459,     55.4918,      0.0189,      0.0026,      0.0156,      0.2027,   7557.0190,-421087.9062,   -922.2076,    541.7862,  25190.0625,
       1,     166,     305,      24,       1,       3,       1,     10.0000,      1.3847,     42.3621,    244.4093,     61.5091,      3.4953,      0.0000,     -0.0306,      2.5902,      0.1299,      5.4903,     10.9806,      1.1478,     27.7459,     55.4918,      0.0189,      0.0021,      0.0156,      0.2027,   7557.0190,-420526.7500,   -922.2095,    541.8242,  25190.0645,
       1,     166,     306,       1,       1,       3,       1,     10.0000,      1.3847,     42.3625,    244.4150,     61.5105,      3.4953,      0.0000,     -0.0305,      1.1306,      0.1268,      5.4893,     10.9786,      1.1201,     27.7478,     55.4955,      0.0189,      0.0009,      0.0156,      0.2028,   7557.0195,-419839.8438,   -922.4326,    541.8835,  25191.1816,
       1,     166,     306,       2,       1,       3,       1,     10.0000,      1.3847,     42.3625,    244.4150,     61.5105,      3.4953,      0.0000,     -0.0303,      0.9703,      0.1216,      5.4893,     10.9786,      1.0743,     27.7478,     55.4955,      0.0189,      0.0008,      0.0156,      0.2028,   7557.3550,-417800.5312,   -921.8169,    542.0216,  25191.1816,
       1,     166,     306,       3,       1,       3,       1,     10.0000,      1.3847,     42.3625,    244.4150,     61.5105,      3.4953,      0.0000,     -0.0303,      1.1595,      0.1230,      5.4893,     10.9786,      1.0864,     27.7478,     55.4955,      0.0189,      0.0009,      0.0156,      0.2028,   7557.3550,-417426.5625,   -921.7717,    542.0471,  25191.1816,
       1,     166,     306,       4,       1,       3,       1,     10.0000,      1.3847,     42.3625,    244.4150,     61.5105,      3.4953,      0.0000,     -0.0303,      1.4673,      0.1230,      5.4893,     10.9786,      1.0864,     27.7478,     55.4955,      0.0189,      0.0012,      0.0156,      0.2028,   7557.3550,-417631.7812,   -921.8384,    542.0331,  25191.1797,
       1,     166,     306,       5,       1,       3,       1,     10.0000,      1.3847,     42.3625,    244.4150,     61.5105,      3.4953,      0.0000,     -0.0303,      1.1454,      0.1216,      5.4893,     10.9786,      1.0743,     27.7478,     55.4955,      0.0189,      0.0009,      0.0156,      0.2028,   7557.3540,-418035.1875,   -921.9597,    542.0057,  25191.1816,
       1,     166,     306,       6,       1,       3,       1,     10.0000,      1.3847,     42.3625,    244.4150,     61.5105,      3.4953,      0.0000,     -0.0302,      0.6144,      0.1202,      5.4893,     10.9786,      1.0623,     27.7478,     55.4955,      0.0189,      0.0005,      0.0156,      0.2028,   7557.3550,-417665.8438,   -921.9261,    542.0308,  25191.1797,
       1,     166,     306,       7,       1,       3,       1,     10.0000,      1.3847,     42.3625,    244.4150,     61.5105,      3.4953,      0.0000,     -0.0301,      0.3603,      0.1176,      5.4893,     10.9786,      1.0387,     27.7478,     55.4955,      0.0189,      0.0003,      0.0156,      0.2028,   7557.3540,-416969.0312,   -921.8107,    542.0781,  25191.1836,
       1,     166,     306,       8,       1,       3,       1,     10.0000,      1.3847,     42.3625,    244.4150,     61.5105,      3.4953,      0.0077,     -0.0223,      0.5409,      0.1170,      5.4893,     10.9786,      1.0334,     27.7478,     55.4955,      0.0189,      0.0004,      0.0156,      0.2028,   7557.3555,-416590.7812,   -921.7433,    542.1036,  25191.1816,
       1,     166,     306,       9,       1,       3,       1,     10.0000,      1.3847,     42.3625,    244.4150,     61.5105,      3.4953,      0.1061,      0.0752,      4.8733,      0.1393,      5.4893,     10.9786,      1.2309,     27.7478,     55.4955,      0.0189,      0.0004,      0.1352,      0.2028,   7557.3550,-416785.3750,   -921.7965,    542.0905,  25191.1836,
       1,     166,     306,      10,       1,       3,       1,     10.0000,      1.3847,     42.3625,    244.4150,     61.5105,      3.4953,      0.1740,      0.1419,      6.8373,      0.1716,      5.4893,     10.9786,      1.5166,     27.7478,     55.4955,      0.0189,      0.0004,      0.2348,      0.2028,   7557.3555,-422232.5625,   -922.9421,    541.7214,  25191.1836,
       1,     166,     306,      11,       1,       3,       1,     10.0000,      1.3847,     42.3625,    244.4150,     61.5105,      3.4953,      0.1651,      0.1326,      6.6987,      0.1864,      5.4893,     10.9786,      1.6471,     27.7478,     55.4955,      0.0189,      0.0004,      0.2218,      0.2028,   7557.3555,-425157.8125,   -923.7841,    541.5234,  25191.1816,
       1,     166,     306,      12,       1,       3,       1,     10.0000,      1.3847,     42.3625,    244.4150,     61.5105,      3.4953,      0.1752,      0.1424,      7.5676,      0.1959,      5.4893,     10.9786,      1.7306,     27.7478,     55.4955,      0.0189,      0.0004,      0.2367,      0.2028,   7557.3550,-425232.5938,   -924.0486,    541.5184,  25191.1836,
       1,     166,     306,      13,       1,       3,       1,     10.0000,      1.3847,     42.3625,    244.4150,     61.5105,      3.4953,      0.1842,      0.1511,      8.9290,      0.2049,      5.4893,     10.9786,      1.8110,     27.7478,     55.4955,      0.0189,      0.0004,      0.2500,      0.2028,   7557.3555,-426328.1250,   -924.4907,    541.4442,  25191.1816,
       1,     166,     306,      14,       1,       3,       1,     10.0000,      1.3847,     42.3625,    244.4150,     61.5105,      3.4953,      0.1755,      0.1424,     33.2201,      0.2062,      5.4893,     10.9786,      1.8217,     27.7478,     55.4955,      0.0189,      0.0018,      0.2342,      0.2028,   7557.3550,-428128.1250,   -924.5078,    541.3224,  25191.1816,
       1,     166,     306,      15,       1,       3,       1,     10.0000,      1.3847,     42.3625,    244.4150,     61.5105,      3.4953,      0.1643,      0.1311,     64.5588,      0.2117,      5.4893,     10.9786,      1.8707,     27.7478,     55.4955,      0.0189,      0.0038,      0.2140,      0.2028,   7557.3550,-458736.4688,   -930.6860,    539.2513,  25191.1836,
       1,     166,     306,      16,       1,       3,       1,     10.0000,      1.3847,     42.3625,    244.4150,     61.5105,      3.4953,      0.1459,      0.1129,     66.9831,      0.2025,      5.4893,     10.9786,      1.7897,     27.7478,     55.4955,      0.0189,      0.0045,      0.1863,      0.2027,   7557.3555,-500653.3750,   -939.1820,    536.4297,  25191.1816,
       1,     166,     306,      17,       1,       3,       1,     10.0000,      1.3847,     42.3625,    244.4150,     61.5105,      3.4953,      0.1483,      0.1158,     74.5972,      0.1871,      5.4893,     10.9786,      1.6536,     27.7478,     55.4955,      0.0189,      0.0049,      0.1890,      0.2027,   7557.3550,-507263.8438,   -940.9952,    535.9939,  25191.1836,
       1,     166,     306,      18,       1,       3,       1,     10.0000,      1.3847,     42.3625,    244.4150,     61.5105,      3.4953,      0.1446,      0.1121,     76.3859,      0.1884,      5.4893,     10.9786,      1.6651,     27.7478,     55.4955,      0.0189,      0.0052,      0.1833,      0.2027,   7557.3555,-517371.6562,   -943.5035,    535.3169,  25191.1816,
       1,     166,     306,      19,       1,       3,       1,     10.0000,      1.3847,     42.3625,    244.4150,     61.5105,      3.4953,      0.0259,     -0.0062,      5.5960,      0.1716,      5.4893,     10.9786,      1.5166,     27.7478,     55.4955,      0.0189,      0.0044,      0.0159,      0.2027,   7557.3550,-520473.5312,   -944.6694,    535.1097,  25191.1836,
       1,     166,     306,      20,       1,       3,       1,     10.0000,      1.3847,     42.3625,    244.4150,     61.5105,      3.4953,      0.0004,     -0.0312,      5.8592,      0.1602,      5.4893,     10.9786,      1.4156,     27.7478,     55.4955,      0.0189,      0.0047,      0.0156,      0.2027,   7557.3555,-431856.6250,   -927.8838,    541.0372,  25191.1797,
       1,     166,     306,      21,       1,       3,       1,     10.0000,      1.3847,     42.3625,    244.4150,     61.5105,      3.4953,      0.0000,     -0.0315,      5.5648,      0.1541,      5.4893,     10.9786,      1.3613,     27.7478,     55.4955,      0.0189,      0.0044,      0.0156,      0.2028,   7557.3540,-424789.7812,   -926.6113,    541.5481,  25191.1816,
       1,     166,     306,      22,       1,       3,       1,     10.0000,      1.3847,     42.3625,    244.4150,     61.5105,      3.4953,      0.0000,     -0.0315,      4.5230,      0.1556,      5.4893,     10.9786,      1.3751,     27.7478,     55.4955,      0.0189,      0.0036,      0.0156,      0.2028,   7557.3550,-423780.0312,   -926.4770,    541.6166,  25191.1836,
       1,     166,     306,      23,       1,       3,       1,     10.0000,      1.3847,     42.3625,    244.4150,     61.5105,      3.4953,      0.0000,     -0.0314,      4.4289,      0.1530,      5.4893,     10.9786,      1.3518,     27.7478,     55.4955,      0.0189,      0.0035,      0.0156,      0.2028,   7557.3555,-422387.8750,   -926.2545,    541.7109,  25191.1816,
       1,     166,     306,      24,       1,       3,       1,     10.0000,      1.3847,     42.3625,    244.4150,     61.5105,      3.4953,      0.0000,     -0.0314,      3.4845,      0.1534,      5.4893,     10.9786,      1.3559,     27.7478,     55.4955,      0.0189,      0.0028,      0.0156,      0.2028,   7557.3550,-422151.7812,   -926.2479,    541.7269,  25191.1816,
       1,     166,     307,       1,       1,       3,       1,     10.0000,      1.3847,     42.3628,    244.4207,     61.5120,      3.4953,      0.0000,     -0.0309,      2.5972,      0.1390,      5.4897,     10.9795,      1.2284,     27.7492,     55.4984,      0.0189,      0.0021,      0.0156,      0.2028,   7557.3550,-421101.6250,   -925.1094,    541.8107,  25192.3027,
       1,     166,     307,       2,       1,       3,       1,     10.0000,      1.3847,     42.3628,    244.4207,     61.5120,      3.4953,      0.0000,     -0.0307,      1.8233,      0.1335,      5.4897,     10.9795,      1.1797,     27.7492,     55.4984,      0.0189,      0.0015,      0.0156,      0.2028,   7557.6909,-419748.6875,   -923.7839,    541.9023,  25192.3047,
       1,     166,     307,       3,       1,       3,       1,     10.0000,      1.3847,     42.3628,    244.4207,     61.5120,      3.4953,      0.0000,     -0.0309,      1.8241,      0.1371,      5.4897,     10.9795,      1.2112,     27.7492,     55.4984,      0.0189,      0.0015,      0.0156,      0.2028,   7557.6919,-418663.7500,   -923.6470,    541.9758,  25192.3008,
       1,     166,     307,       4,       1,       3,       1,     10.0000,      1.3847,     42.3628,    244.4207,     61.5120,      3.4953,      0.0000,     -0.0309,      1.6730,      0.1385,      5.4897,     10.9795,      1.2235,     27.7492,     55.4984,      0.0189,      0.0013,      0.0156,      0.2028,   7557.6904,-418572.7188,   -923.6931,    541.9819,  25192.3027,
       1,     166,     307,       5,       1,       3,       1,     10.0000,      1.3847,     42.3628,    244.4207,     61.5120,      3.4953,      0.0000,     -0.0308,      1.6174,      0.1354,      5.4897,     10.9795,      1.1965,     27.7492,     55.4984,      0.0189,      0.0013,      0.0156,      0.2028,   7557.6909,-418375.6562,   -923.7152,    541.9954,  25192.3027,
       1,     166,     307,       6,       1,       3,       1,     10.0000,      1.3847,     42.3628,    244.4207,     61.5120,      3.4953,      0.0000,     -0.0307,      0.4637,      0.1326,      5.4897,     10.9795,      1.1714,     27.7492,     55.4984,      0.0189,      0.0004,      0.0156,      0.2028,   7557.6909,-418289.0625,   -923.7459,    542.0012,  25192.3027,
       1,     166,     307,       7,       1,       3,       1,     10.0000,      1.3847,     42.3628,    244.4207,     61.5120,      3.4953,      0.0000,     -0.0307,      0.3195,      0.1328,      5.4897,     10.9795,      1.1737,     27.7492,     55.4984,      0.0189,      0.0003,      0.0156,      0.2028,   7557.6909,-416835.5625,   -923.4777,    542.0996,  25192.3027,
       1,     166,     307,       8,       1,       3,       1,     10.0000,      1.3847,     42.3628,    244.4207,     61.5120,      3.4953,      0.0130,     -0.0176,      0.3162,      0.1316,      5.4897,     10.9795,      1.1631,     27.7492,     55.4984,      0.0189,      0.0003,      0.0156,      0.2028,   7557.6909,-416531.6250,   -923.4219,    542.1203,  25192.3008,
       1,     166,     307,       9,       1,       3,       1,     10.0000,      1.3847,     42.3628,    244.4207,     61.5120,      3.4953,      0.1264,      0.0955,      3.5715,      0.1393,      5.4897,     10.9795,      1.2309,     27.7492,     55.4984,      0.0189,      0.0003,      0.1651,      0.2028,   7557.6904,-416501.7188,   -923.4362,    542.1223,  25192.3027,
       1,     166,     307,      10,       1,       3,       1,     10.0000,      1.3847,     42.3628,    244.4207,     61.5120,      3.4953,      0.1755,      0.1445,      5.5406,      0.1383,      5.4897,     10.9795,      1.2222,     27.7492,     55.4984,      0.0189,      0.0003,      0.2369,      0.2028,   7557.6909,-420579.2500,   -923.3411,    541.8459,  25192.3027,
       1,     166,     307,      11,       1,       3,       1,     10.0000,      1.3847,     42.3628,    244.4207,     61.5120,      3.4953,      0.1842,      0.1521,      7.0115,      0.1747,      5.4897,     10.9795,      1.5441,     27.7492,     55.4984,      0.0189,      0.0003,      0.2500,      0.2028,   7557.6909,-423394.0312,   -924.2963,    541.6554,  25192.3008,
       1,     166,     307,      12,       1,       3,       1,     10.0000,      1.3847,     42.3628,    244.4207,     61.5120,      3.4953,      0.1842,      0.1509,      9.5496,      0.2123,      5.4897,     10.9795,      1.8763,     27.7492,     55.4984,      0.0189,      0.0005,      0.2500,      0.2028,   7557.6904,-425477.0000,   -925.2532,    541.5144,  25192.3027,
       1,     166,     307,      13,       1,       3,       1,     10.0000,      1.3847,     42.3628,    244.4207,     61.5120,      3.4953,      0.1841,      0.1503,      9.8390,      0.2324,      5.4897,     10.9795,      2.0533,     27.7492,     55.4984,      0.0189,      0.0005,      0.2500,      0.2028,   7557.6909,-428835.4062,   -926.4361,    541.2871,  25192.3047,
       1,     166,     307,      14,       1,       3,       1,     10.0000,      1.3847,     42.3628,    244.4207,     61.5120,      3.4953,      0.1840,      0.1498,     10.6055,      0.2493,      5.4897,     10.9795,      2.2025,     27.7492,     55.4984,      0.0189,      0.0005,      0.2500,      0.2028,   7557.6919,-429483.1562,   -927.0490,    541.2433,  25192.2988,
       1,     166,     307,      15,       1,       3,       1,     10.0000,      1.3847,     42.3628,    244.4207,     61.5120,      3.4953,      0.1678,      0.1338,     15.6648,      0.2400,      5.4897,     10.9795,      2.1205,     27.7492,     55.4984,      0.0189,      0.0009,      0.2250,      0.2028,   7557.6899,-430499.5938,   -927.6219,    541.1746,  25192.2988,
       1,     166,     307,      16,       1,       3,       1,     10.0000,      1.3847,     42.3628,    244.4207,     61.5120,      3.4953,      0.1269,      0.0929,     42.5966,      0.2397,      5.4897,     10.9795,      2.1184,     27.7492,     55.4984,      0.0189,      0.0033,      0.1606,      0.2028,   7557.6899,-436928.5000,   -929.0496,    540.7397,  25192.2988,
       1,     166,     307,      17,       1,       3,       1,     10.0000,      1.3847,     42.3628,    244.4207,     61.5120,      3.4953,      0.1747,      0.1409,     85.0109,      0.2297,      5.4897,     10.9795,      2.0293,     27.7492,     55.4984,      0.0189,      0.0047,      0.2272,      0.2028,   7557.6899,-471241.1875,   -935.9199,    538.4205,  25192.2988,
       1,     166,     307,      18,       1,       3,       1,     10.0000,      1.3847,     42.3628,    244.4207,     61.5120,      3.4953,      0.1046,      0.0712,     53.5005,      0.2157,      5.4897,     10.9795,      1.9060,     27.7492,     55.4984,      0.0189,      0.0053,      0.1261,      0.2027,   7557.6899,-527369.9375,   -947.2702,    534.6479,  25192.3008,
       1,     166,     307,      19,       1,       3,       1,     10.0000,      1.3847,     42.3628,    244.4207,     61.5120,      3.4953,      0.0524,      0.0198,     25.1122,      0.1905,      5.4897,     10.9795,      1.6834,     27.7492,     55.4984,      0.0189,      0.0060,      0.0523,      0.2027,   7557.6904,-492592.6562,   -941.0037,    536.9854,  25192.3027,
       1,     166,     307,      20,       1,       3,       1,     10.0000,      1.3847,     42.3628,    244.4207,     61.5120,      3.4953,      0.0009,     -0.0314,      6.9443,      0.1804,      5.4897,     10.9795,      1.5941,     27.7492,     55.4984,      0.0189,      0.0056,      0.0156,      0.2027,   7557.6909,-454029.2500,   -933.8040,    539.5789,  25192.2988,
       1,     166,     307,      21,       1,       3,       1,     10.0000,      1.3847,     42.3628,    244.4207,     61.5120,      3.4953,      0.0000,     -0.0322,      7.1029,      0.1758,      5.4897,     10.9795,      1.5534,     27.7492,     55.4984,      0.0189,      0.0057,      0.0156,      0.2028,   7557.6899,-427993.9688,   -928.8698,    541.3412,  25192.3008,
       1,     166,     307,      22,       1,       3,       1,     10.0000,      1.3847,     42.3628,    244.4207,     61.5120,      3.4953,      0.0000,     -0.0319,      6.8230,      0.1681,      5.4897,     10.9795,      1.4852,     27.7492,     55.4984,      0.0189,      0.0055,      0.0156,      0.2028,   7557.6904,-425985.6562,   -928.5411,    541.4800,  25192.3008,
       1,     166,     307,      23,       1,       3,       1,     10.0000,      1.3847,     42.3628,    244.4207,     61.5120,      3.4953,      0.0000,     -0.0319,      6.3785,      0.1679,      5.4897,     10.9795,      1.4838,     27.7492,     55.4984,      0.0189,      0.0051,      0.0156,      0.2028,   7557.6904,-425460.5938,   -928.4843,    541.5156,  25192.3008,
       1,     166,     307,      24,       1,       3,       1,     10.0000,      1.3847,     42.3628,    244.4207,     61.5120,      3.4953,      0.0000,     -0.0316,      4.4422,      0.1593,      5.4897,     10.9795,      1.4072,     27.7492,     55.4984,      0.0189,      0.0036,      0.0156,      0.2028,   7557.6904,-424858.9375,   -928.4006,    541.5563,  25192.3027,
       1,     166,     308,       1,       1,       3,       1,     10.0000,      1.3847,     42.3631,    244.4264,     61.5134,      3.4953,      0.0000,     -0.0315,      4.2561,      0.1562,      5.4894,     10.9787,      1.3807,     27.7517,     55.5035,      0.0189,      0.0034,      0.0156,      0.2028,   7557.6909,-422534.2188,   -928.2421,    541.7263,  25193.4238,
       1,     166,     308,       2,       1,       3,       1,     10.0000,      1.3847,     42.3631,    244.4264,     61.5134,      3.4953,      0.0000,     -0.0315,      3.9806,      0.1558,      5.4894,     10.9787,      1.3765,     27.7517,     55.5035,      0.0189,      0.0032,      0.0156,      0.2028,   7558.0273,-421952.3125,   -927.8738,    541.7657,  25193.4238,
       1,     166,     308,       3,       1,       3,       1,     10.0000,      1.3847,     42.3631,    244.4264,     61.5134,      3.4953,      0.0000,     -0.0313,      3.5142,      0.1490,      5.4894,     10.9787,      1.3170,     27.7517,     55.5035,      0.0189,      0.0028,      0.0156,      0.2028,   7558.0273,-421557.5938,   -927.8066,    541.7924,  25193.4238,
       1,     166,     308,       4,       1,       3,       1,     10.0000,      1.3847,     42.3631,    244.4264,     61.5134,      3.4953,      0.0000,     -0.0313,      3.9672,      0.1483,      5.4894,     10.9787,      1.3104,     27.7517,     55.5035,      0.0189,      0.0032,      0.0156,      0.2028,   7558.0273,-420939.5625,   -927.6938,    541.8342,  25193.4219,
       1,     166,     308,       5,       1,       3,       1,     10.0000,      1.3847,     42.3631,    244.4264,     61.5134,      3.4953,      0.0000,     -0.0312,      3.1718,      0.1477,      5.4894,     10.9787,      1.3051,     27.7517,     55.5035,      0.0189,      0.0025,      0.0156,      0.2028,   7558.0269,-421454.9688,   -927.7999,    541.7993,  25193.4258,
       1,     166,     308,       6,       1,       3,       1,     10.0000,      1.3847,     42.3631,    244.4264,     61.5134,      3.4953,      0.0000,     -0.0309,      2.4526,      0.1383,      5.4894,     10.9787,      1.2223,     27.7517,     55.5035,      0.0189,      0.0020,      0.0156,      0.2028,   7558.0278,-420501.5000,   -927.6183,    541.8640,  25193.4258,
       1,     166,     308,       7,       1,       3,       1,     10.0000,      1.3847,     42.3631,    244.4264,     61.5134,      3.4953,      0.0000,     -0.0307,      2.5185,      0.1323,      5.4894,     10.9787,      1.1690,     27.7517,     55.5035,      0.0189,      0.0020,      0.0156,      0.2028,   7558.0278,-419519.0938,   -927.4317,    541.9305,  25193.4238,
       1,     166,     308,       8,       1,       3,       1,     10.0000,      1.3847,     42.3631,    244.4264,     61.5134,      3.4953,      0.0109,     -0.0199,      1.9748,      0.1346,      5.4894,     10.9787,      1.1893,     27.7517,     55.5035,      0.0189,      0.0016,      0.0156,      0.2028,   7558.0273,-419518.5000,   -927.4368,    541.9305,  25193.4238,
       1,     166,     308,       9,       1,       3,       1,     10.0000,      1.3847,     42.3631,    244.4264,     61.5134,      3.4953,      0.1272,      0.0956,     19.5558,      0.1561,      5.4894,     10.9787,      1.3793,     27.7517,     55.5035,      0.0189,      0.0015,      0.1642,      0.2028,   7558.0273,-418836.9688,   -927.3066,    541.9767,  25193.4258,
       1,     166,     308,      10,       1,       3,       1,     10.0000,      1.3847,     42.3631,    244.4264,     61.5134,      3.4953,      0.1696,      0.1369,     24.8035,      0.1939,      5.4894,     10.9787,      1.7137,     27.7517,     55.5035,      0.0189,      0.0014,      0.2264,      0.2028,   7558.0278,-440813.4375,   -931.6417,    540.4879,  25193.4238,
       1,     166,     308,      11,       1,       3,       1,     10.0000,      1.3847,     42.3631,    244.4264,     61.5134,      3.4953,      0.1847,      0.1516,     15.3145,      0.2062,      5.4894,     10.9787,      1.8218,     27.7517,     55.5035,      0.0189,      0.0008,      0.2500,      0.2028,   7558.0273,-449263.9062,   -933.3479,    539.9191,  25193.4219,
       1,     166,     308,      12,       1,       3,       1,     10.0000,      1.3847,     42.3631,    244.4264,     61.5134,      3.4953,      0.1846,      0.1509,     15.8361,      0.2261,      5.4894,     10.9787,      1.9979,     27.7517,     55.5035,      0.0189,      0.0008,      0.2500,      0.2028,   7558.0269,-438080.8750,   -931.1711,    540.6740,  25193.4258,
       1,     166,     308,      13,       1,       3,       1,     10.0000,      1.3847,     42.3631,    244.4264,     61.5134,      3.4953,      0.1471,      0.1134,      8.0569,      0.2281,      5.4894,     10.9787,      2.0155,     27.7517,     55.5035,      0.0189,      0.0005,      0.1949,      0.2028,   7558.0278,-437787.6875,   -931.0941,    540.6944,  25193.4219,
       1,     166,     308,      14,       1,       3,       1,     10.0000,      1.3847,     42.3631,    244.4264,     61.5134,      3.4953,      0.1863,      0.1532,     35.2649,      0.2046,      5.4894,     10.9787,      1.8075,     27.7517,     55.5035,      0.0189,      0.0018,      0.2500,      0.2028,   7558.0269,-428009.9688,   -929.4335,    541.3552,  25193.4238,
       1,     166,     308,      15,       1,       3,       1,     10.0000,      1.3847,     42.3631,    244.4264,     61.5134,      3.4953,      0.1903,      0.1568,     88.5131,      0.2198,      5.4894,     10.9787,      1.9419,     27.7517,     55.5035,      0.0189,      0.0044,      0.2500,      0.2028,   7558.0273,-461286.2500,   -934.4008,    539.1039,  25193.4238,
       1,     166,     308,      16,       1,       3,       1,     10.0000,      1.3847,     42.3631,    244.4264,     61.5134,      3.4953,      0.1764,      0.1431,     93.1043,      0.2138,      5.4894,     10.9787,      1.8893,     27.7517,     55.5035,      0.0189,      0.0051,      0.2286,      0.2028,   7558.0273,-530899.2500,   -947.7187,    534.4174,  25193.4238,
       1,     166,     308,      17,       1,       3,       1,     10.0000,      1.3847,     42.3631,    244.4264,     61.5134,      3.4953,      0.1542,      0.1219,     82.0852,      0.1795,      5.4894,     10.9787,      1.5862,     27.7517,     55.5035,      0.0189,      0.0052,      0.1967,      0.2027,   7558.0273,-542612.8750,   -934.8167,    533.6553,  25193.2383,
       1,     166,     308,      18,       1,       3,       1,     10.0000,      1.3847,     42.3631,    244.4264,     61.5134,      3.4953,      0.1328,      0.1002,     71.5993,      0.1898,      5.4894,     10.9787,      1.6768,     27.7517,     55.5035,      0.0189,      0.0054,      0.1663,      0.2027,   7557.9717,-529764.9375,   -932.3790,    534.5128,  25193.2559,
       1,     166,     308,      19,       1,       3,       1,     10.0000,      1.3847,     42.3631,    244.4264,     61.5134,      3.4953,      0.0784,      0.0463,     23.4241,      0.1732,      5.4894,     10.9787,      1.5304,     27.7517,     55.5035,      0.0189,      0.0032,      0.0914,      0.2027,   7557.9771,-515514.3750,   -931.4825,    535.4656,  25193.4258,
       1,     166,     308,      20,       1,       3,       1,     10.0000,      1.3847,     42.3631,    244.4264,     61.5134,      3.4953,      0.0004,     -0.0310,      4.6503,      0.1527,      5.4894,     10.9787,      1.3492,     27.7517,     55.5035,      0.0189,      0.0037,      0.0156,      0.2027,   7558.0278,-453824.8438,   -921.0154,    539.5956,  25193.4258,
       1,     166,     308,      21,       1,       3,       1,     10.0000,      1.3847,     42.3631,    244.4264,     61.5134,      3.4953,      0.0000,     -0.0314,      4.4086,      0.1512,      5.4894,     10.9787,      1.3357,     27.7517,     55.5035,      0.0189,      0.0035,      0.0156,      0.2028,   7558.0278,-425113.5000,   -916.1710,    541.5481,  25193.4277,
       1,     166,     308,      22,       1,       3,       1,     10.0000,      1.3847,     42.3631,    244.4264,     61.5134,      3.4953,      0.0000,     -0.0315,      2.7022,      0.1541,      5.4894,     10.9787,      1.3614,     27.7517,     55.5035,      0.0189,      0.0022,      0.0156,      0.2028,   7558.0288,-422366.2188,   -916.0579,    541.7377,  25193.4258,
       1,     166,     308,      23,       1,       3,       1,     10.0000,      1.3847,     42.3631,    244.4264,     61.5134,      3.4953,      0.0000,     -0.0309,      3.0478,      0.1387,      5.4894,     10.9787,      1.2260,     27.7517,     55.5035,      0.0189,      0.0024,      0.0156,      0.2028,   7558.0278,-419990.2812,   -915.8567,    541.8986,  25193.4258,
       1,     166,     308,      24,       1,       3,       1,     10.0000,      1.3847,     42.3631,    244.4264,     61.5134,      3.4953,      0.0000,     -0.0308,      3.4014,      0.1362,      5.4894,     10.9787,      1.2039,     27.7517,     55.5035,      0.0189,      0.0027,      0.0156,      0.2028,   7558.0278,-420221.8125,   -916.0787,    541.8829,  25193.4258,
       1,     166,     309,       1,       1,       3,       1,     10.0000,      1.3848,     42.3635,    244.4322,     61.5148,      3.4953,      0.0000,     -0.0307,      3.0088,      0.1331,      5.4896,     10.9792,      1.1762,     27.7560,     55.5120,      0.0189,      0.0024,      0.0156,      0.2028,   7558.0278,-420838.5000,   -916.6843,    541.8538,  25194.5469,
       1,     166,     309,       2,       1,       3,       1,     10.0000,      1.3848,     42.3635,    244.4322,     61.5148,      3.4953,      0.0000,     -0.0305,      2.6659,      0.1269,      5.4896,     10.9792,      1.1214,     27.7560,     55.5120,      0.0189,      0.0021,      0.0156,      0.2028,   7558.3643,-420247.0625,   -916.6008,    541.8938,  25194.5469,
       1,     166,     309,       3,       1,       3,       1,     10.0000,      1.3848,     42.3635,    244.4322,     61.5148,      3.4953,      0.0000,     -0.0305,      2.6506,      0.1281,      5.4896,     10.9792,      1.1317,     27.7560,     55.5120,      0.0189,      0.0021,      0.0156,      0.2028,   7558.3643,-419767.3438,   -916.7770,    541.9263,  25194.5469,
       1,     166,     309,       4,       1,       3,       1,     10.0000,      1.3848,     42.3635,    244.4322,     61.5148,      3.4953,      0.0000,     -0.0304,      1.0080,      0.1263,      5.4896,     10.9792,      1.1157,     27.7560,     55.5120,      0.0189,      0.0008,      0.0156,      0.2028,   7558.3643,-419707.3438,   -917.0220,    541.9304,  25194.5469,
       1,     166,     309,       5,       1,       3,       1,     10.0000,      1.3848,     42.3635,    244.4322,     61.5148,      3.4953,      0.0000,     -0.0304,      0.5224,      0.1247,      5.4896,     10.9792,      1.1021,     27.7560,     55.5120,      0.0189,      0.0004,      0.0156,      0.2028,   7558.3643,-417643.7188,   -916.6964,    542.0703,  25194.5469,
       1,     166,     309,       6,       1,       3,       1,     10.0000,      1.3848,     42.3635,    244.4322,     61.5148,      3.4953,      0.0000,     -0.0304,      0.2997,      0.1247,      5.4896,     10.9792,      1.1021,     27.7560,     55.5120,      0.0189,      0.0002,      0.0156,      0.2028,   7558.3643,-416860.0625,   -916.5734,    542.1234,  25194.5469,
       1,     166,     309,       7,       1,       3,       1,     10.0000,      1.3848,     42.3635,    244.4322,     61.5148,      3.4953,      0.0000,     -0.0302,      0.2871,      0.1210,      5.4896,     10.9792,      1.0689,     27.7560,     55.5120,      0.0189,      0.0002,      0.0156,      0.2028,   7558.3643,-416514.3750,   -916.5115,    542.1467,  25194.5469,
       1,     166,     309,       8,       1,       3,       1,     10.0000,      1.3848,     42.3635,    244.4322,     61.5148,      3.4953,      0.0135,     -0.0169,      0.0087,      0.1247,      5.4896,     10.9792,      1.1021,     27.7560,     55.5120,      0.0189,      0.0002,      0.0005,      0.2028,   7558.3643,-416469.3750,   -916.5045,    542.1498,  25194.5469,
       1,     166,     309,       9,       1,       3,       1,     10.0000,      1.3848,     42.3635,    244.4322,     61.5148,      3.4953,      0.1059,      0.0751,      2.8259,      0.1353,      5.4896,     10.9792,      1.1954,     27.7560,     55.5120,      0.0189,      0.0003,      0.1351,      0.2028,   7558.3643,-416116.5000,   -916.4657,    542.1737,  25194.5469,
       1,     166,     309,      10,       1,       3,       1,     10.0000,      1.3848,     42.3635,    244.4322,     61.5148,      3.4953,      0.1732,      0.1413,      6.3275,      0.1694,      5.4896,     10.9792,      1.4972,     27.7560,     55.5120,      0.0189,      0.0003,      0.2337,      0.2028,   7558.3643,-419616.8750,   -917.4099,    541.9365,  25194.5449,
       1,     166,     309,      11,       1,       3,       1,     10.0000,      1.3848,     42.3635,    244.4322,     61.5148,      3.4953,      0.1842,      0.1514,      7.9570,      0.1951,      5.4896,     10.9792,      1.7239,     27.7560,     55.5120,      0.0189,      0.0004,      0.2500,      0.2028,   7558.3638,-424302.6875,   -919.0677,    541.6191,  25194.5488,
       1,     166,     309,      12,       1,       3,       1,     10.0000,      1.3848,     42.3635,    244.4322,     61.5148,      3.4953,      0.1841,      0.1509,      8.7416,      0.2117,      5.4896,     10.9792,      1.8709,     27.7560,     55.5120,      0.0189,      0.0004,      0.2500,      0.2028,   7558.3647,-426742.3750,   -920.6987,    541.4540,  25194.5469,
       1,     166,     309,      13,       1,       3,       1,     10.0000,      1.3848,     42.3635,    244.4322,     61.5148,      3.4953,      0.1736,      0.1400,      8.8513,      0.2263,      5.4896,     10.9792,      1.9999,     27.7560,     55.5120,      0.0189,      0.0005,      0.2344,      0.2028,   7558.3643,-427932.9688,   -921.8771,    541.3734,  25194.5469,
       1,     166,     309,      14,       1,       3,       1,     10.0000,      1.3848,     42.3635,    244.4322,     61.5148,      3.4953,      0.1841,      0.1503,     11.2970,      0.2301,      5.4896,     10.9792,      2.0334,     27.7560,     55.5120,      0.0189,      0.0006,      0.2498,      0.2028,   7558.3643,-428171.5938,   -922.4980,    541.3574,  25194.5469,
       1,     166,     309,      15,       1,       3,       1,     10.0000,      1.3848,     42.3635,    244.4322,     61.5148,      3.4953,      0.1870,      0.1540,     45.0465,      0.2048,      5.4896,     10.9792,      1.8093,     27.7560,     55.5120,      0.0189,      0.0022,      0.2500,      0.2028,   7558.3643,-431257.0000,   -923.6455,    541.1486,  25194.5449,
       1,     166,     309,      16,       1,       3,       1,     10.0000,      1.3848,     42.3635,    244.4322,     61.5148,      3.4953,      0.1892,      0.1574,     68.5114,      0.1628,      5.4896,     10.9792,      1.4386,     27.7560,     55.5120,      0.0189,      0.0034,      0.2500,      0.2028,   7558.3638,-473820.5625,   -932.4022,    538.2694,  25194.5488,
       1,     166,     309,      17,       1,       3,       1,     10.0000,      1.3848,     42.3635,    244.4322,     61.5148,      3.4953,      0.1904,      0.1598,     79.6238,      0.1303,      5.4896,     10.9792,      1.1514,     27.7560,     55.5120,      0.0189,      0.0040,      0.2500,      0.2028,   7558.3647,-506879.9375,   -928.4311,    536.0527,  25194.5469,
       1,     166,     309,      18,       1,       3,       1,     10.0000,      1.3848,     42.3635,    244.4322,     61.5148,      3.4953,      0.1606,      0.1298,     83.6799,      0.1375,      5.4896,     10.9792,      1.2149,     27.7560,     55.5120,      0.0189,      0.0051,      0.2060,      0.2028,   7558.3643,-523626.1562,   -931.5392,    534.9352,  25194.5469,
       1,     166,     309,      19,       1,       3,       1,     10.0000,      1.3848,     42.3635,    244.4322,     61.5148,      3.4953,      0.1042,      0.0733,     46.8981,      0.1375,      5.4896,     10.9792,      1.2149,     27.7560,     55.5120,      0.0189,      0.0046,      0.1275,      0.2027,   7558.3643,-530131.0000,   -934.6443,    534.5014,  25194.5449,
       1,     166,     309,      20,       1,       3,       1,     10.0000,      1.3848,     42.3635,    244.4322,     61.5148,      3.4953,      0.0023,     -0.0285,      4.4358,      0.1367,      5.4896,     10.9792,      1.2075,     27.7560,     55.5120,      0.0189,      0.0035,      0.0156,      0.2027,   7558.3638,-484508.8438,   -927.4583,    537.5497,  25194.5469,
       1,     166,     309,      21,       1,       3,       1,     10.0000,      1.3848,     42.3635,    244.4322,     61.5148,      3.4953,      0.0000,     -0.0308,      2.0270,      0.1358,      5.4896,     10.9792,      1.2002,     27.7560,     55.5120,      0.0189,      0.0016,      0.0156,      0.2028,   7558.3643,-427415.3125,   -917.4006,    541.3947,  25194.5449,
       1,     166,     309,      22,       1,       3,       1,     10.0000,      1.3848,     42.3635,    244.4322,     61.5148,      3.4953,      0.0000,     -0.0308,      0.3756,      0.1351,      5.4896,     10.9792,      1.1942,     27.7560,     55.5120,      0.0189,      0.0003,      0.0156,      0.2028,   7558.3638,-419592.2188,   -916.1440,    541.9380,  25194.5469,
       1,     166,     309,      23,       1,       3,       1,     10.0000,      1.3848,     42.3635,    244.4322,     61.5148,      3.4953,      0.0000,     -0.0307,      0.6573,      0.1319,      5.4896,     10.9792,      1.1655,     27.7560,     55.5120,      0.0189,      0.0005,      0.0156,      0.2028,   7558.3643,-416841.7812,   -910.1473,    542.1246,  25194.5449,
       1,     166,     309,      24,       1,       3,       1,     10.0000,      1.3848,     42.3635,    244.4322,     61.5148,      3.4953,      0.0000,     -0.0306,      0.5861,      0.1294,      5.4896,     10.9792,      1.1432,     27.7560,     55.5120,      0.0189,      0.0005,      0.0156,      0.2028,   7558.3638,-416961.4062,   -910.2097,    542.1165,  25194.5488,
       1,     166,     310,       1,       1,       3,       1,     10.0000,      1.3848,     42.3638,    244.4379,     61.5163,      3.4953,      0.0000,     -0.0305,      0.4719,      0.1265,      5.4897,     10.9793,      1.1180,     27.7634,     55.5267,      0.0189,      0.0004,      0.0156,      0.2029,   7558.3647,-417035.9375,   -910.5134,    542.1241,  25195.6621,
       1,     166,     310,       2,       1,       3,       1,     10.0000,      1.3848,     42.3638,    244.4379,     61.5163,      3.4953,      0.0000,     -0.0304,      0.4518,      0.1249,      5.4897,     10.9793,      1.1033,     27.7634,     55.5267,      0.0189,      0.0004,      0.0156,      0.2029,   7558.6987,-416748.6250,   -910.2404,    542.1436,  25195.6641,
       1,     166,     310,       3,       1,       3,       1,     10.0000,      1.3848,     42.3638,    244.4379,     61.5163,      3.4953,      0.0000,     -0.0304,      0.3586,      0.1246,      5.4897,     10.9793,      1.1010,     27.7634,     55.5267,      0.0189,      0.0003,      0.0156,      0.2029,   7558.6997,-416698.7188,   -910.2524,    542.1470,  25195.6641,
       1,     166,     310,       4,       1,       3,       1,     10.0000,      1.3848,     42.3638,    244.4379,     61.5163,      3.4953,      0.0000,     -0.0306,      0.3511,      0.1302,      5.4897,     10.9793,      1.1502,     27.7634,     55.5267,      0.0189,      0.0003,      0.0156,      0.2029,   7558.6997,-416577.7188,   -910.2389,    542.1552,  25195.6660,
       1,     166,     310,       5,       1,       3,       1,     10.0000,      1.3848,     42.3638,    244.4379,     61.5163,      3.4953,      0.0000,     -0.0304,      0.3012,      0.1261,      5.4897,     10.9793,      1.1146,     27.7634,     55.5267,      0.0189,      0.0002,      0.0156,      0.2029,   7558.7002,-416557.7500,   -910.2409,    542.1566,  25195.6641,
       1,     166,     310,       6,       1,       3,       1,     10.0000,      1.3848,     42.3638,    244.4379,     61.5163,      3.4953,      0.0000,     -0.0304,      0.2984,      0.1251,      5.4897,     10.9793,      1.1055,     27.7634,     55.5267,      0.0189,      0.0002,      0.0156,      0.2029,   7558.6997,-416493.8125,   -910.2316,    542.1609,  25195.6660,
       1,     166,     310,       7,       1,       3,       1,     10.0000,      1.3848,     42.3638,    244.4379,     61.5163,      3.4953,      0.0000,     -0.0304,      0.3008,      0.1260,      5.4897,     10.9793,      1.1134,     27.7634,     55.5267,      0.0189,      0.0002,      0.0156,      0.2029,   7558.7002,-416484.4688,   -910.2306,    542.1614,  25195.6621,
       1,     166,     310,       8,       1,       3,       1,     10.0000,      1.3848,     42.3638,    244.4379,     61.5163,      3.4953,      0.0129,     -0.0176,      0.3099,      0.1276,      5.4897,     10.9793,      1.1271,     27.7634,     55.5267,      0.0189,      0.0002,      0.0156,      0.2029,   7558.6987,-416487.4062,   -910.2337,    542.1613,  25195.6641,
       1,     166,     310,       9,       1,       3,       1,     10.0000,      1.3848,     42.3638,    244.4379,     61.5163,      3.4953,      0.1324,      0.1015,      3.7101,      0.1368,      5.4897,     10.9793,      1.2088,     27.7634,     55.5267,      0.0189,      0.0003,      0.1738,      0.2029,   7558.6997,-416498.7812,   -910.2771,    542.1605,  25195.6641,
       1,     166,     310,      10,       1,       3,       1,     10.0000,      1.3848,     42.3638,    244.4379,     61.5163,      3.4953,      0.1496,      0.1186,      4.3395,      0.1403,      5.4897,     10.9793,      1.2397,     27.7634,     55.5267,      0.0189,      0.0003,      0.1990,      0.2029,   7558.6997,-420760.1562,   -911.8121,    541.8718,  25195.6641,
       1,     166,     310,      11,       1,       3,       1,     10.0000,      1.3848,     42.3638,    244.4379,     61.5163,      3.4953,      0.1486,      0.1179,      4.0709,      0.1335,      5.4897,     10.9793,      1.1798,     27.7634,     55.5267,      0.0189,      0.0003,      0.1976,      0.2029,   7558.6997,-421910.9062,   -913.0734,    541.7939,  25195.6641,
       1,     166,     310,      12,       1,       3,       1,     10.0000,      1.3848,     42.3638,    244.4379,     61.5163,      3.4953,      0.1845,      0.1546,      4.3005,      0.1140,      5.4897,     10.9793,      1.0074,     27.7634,     55.5267,      0.0189,      0.0002,      0.2500,      0.2029,   7558.6997,-421671.7500,   -911.5043,    541.8100,  25195.6660,
       1,     166,     310,      13,       1,       3,       1,     10.0000,      1.3848,     42.3638,    244.4379,     61.5163,      3.4953,      0.1845,      0.1540,      4.7930,      0.1254,      5.4897,     10.9793,      1.1078,     27.7634,     55.5267,      0.0189,      0.0002,      0.2500,      0.2029,   7558.7002,-421938.9375,   -912.2922,    541.7919,  25195.6641,
       1,     166,     310,      14,       1,       3,       1,     10.0000,      1.3848,     42.3638,    244.4379,     61.5163,      3.4953,      0.1844,      0.1536,      5.2899,      0.1367,      5.4897,     10.9793,      1.2076,     27.7634,     55.5267,      0.0189,      0.0003,      0.2500,      0.2029,   7558.6997,-422579.1562,   -913.4224,    541.7486,  25195.6641,
       1,     166,     310,      15,       1,       3,       1,     10.0000,      1.3848,     42.3638,    244.4379,     61.5163,      3.4953,      0.1843,      0.1529,      5.9924,      0.1524,      5.4897,     10.9793,      1.3465,     27.7634,     55.5267,      0.0189,      0.0003,      0.2500,      0.2029,   7558.6997,-423256.1250,   -915.2173,    541.7028,  25195.6641,
       1,     166,     310,      16,       1,       3,       1,     10.0000,      1.3848,     42.3638,    244.4379,     61.5163,      3.4953,      0.1843,      0.1523,      6.7832,      0.1698,      5.4897,     10.9793,      1.5002,     27.7634,     55.5267,      0.0189,      0.0003,      0.2500,      0.2029,   7558.6997,-424193.7812,   -914.3314,    541.6393,  25195.6641,
       1,     166,     310,      17,       1,       3,       1,     10.0000,      1.3848,     42.3638,    244.4379,     61.5163,      3.4953,      0.0928,      0.0606,      3.2752,      0.1770,      5.4897,     10.9793,      1.5643,     27.7634,     55.5267,      0.0189,      0.0004,      0.1151,      0.2029,   7558.6997,-425264.4688,   -915.9825,    541.5668,  25195.6621,
       1,     166,     310,      18,       1,       3,       1,     10.0000,      1.3848,     42.3638,    244.4379,     61.5163,      3.4953,      0.1055,      0.0734,      4.4549,      0.1723,      5.4897,     10.9793,      1.5228,     27.7634,     55.5267,      0.0189,      0.0004,      0.1338,      0.2029,   7558.6987,-420959.5000,   -915.5045,    541.8582,  25195.6641,
       1,     166,     310,      19,       1,       3,       1,     10.0000,      1.3848,     42.3638,    244.4379,     61.5163,      3.4953,      0.0321,      0.0005,      1.6290,      0.1555,      5.4897,     10.9793,      1.3738,     27.7634,     55.5267,      0.0189,      0.0008,      0.0261,      0.2029,   7558.6997,-422072.3125,   -915.9912,    541.7830,  25195.6641,
       1,     166,     310,      20,       1,       3,       1,     10.0000,      1.3848,     42.3638,    244.4379,     61.5163,      3.4953,      0.0008,     -0.0303,      1.3919,      0.1436,      5.4897,     10.9793,      1.2689,     27.7634,     55.5267,      0.0189,      0.0011,      0.0156,      0.2029,   7558.6997,-418625.5938,   -915.4882,    542.0164,  25195.6660,
       1,     166,     310,      21,       1,       3,       1,     10.0000,      1.3848,     42.3638,    244.4379,     61.5163,      3.4953,      0.0000,     -0.0309,      3.1981,      0.1392,      5.4897,     10.9793,      1.2298,     27.7634,     55.5267,      0.0189,      0.0026,      0.0156,      0.2029,   7558.7002,-418035.8125,   -915.4775,    542.0563,  25195.6641,
       1,     166,     310,      22,       1,       3,       1,     10.0000,      1.3848,     42.3638,    244.4379,     61.5163,      3.4953,      0.0000,     -0.0310,      3.2729,      0.1413,      5.4897,     10.9793,      1.2485,     27.7634,     55.5267,      0.0189,      0.0026,      0.0156,      0.2029,   7558.6997,-420249.1562,   -916.1313,    541.9064,  25195.6641,
       1,     166,     310,      23,       1,       3,       1,     10.0000,      1.3848,     42.3638,    244.4379,     61.5163,      3.4953,      0.0000,     -0.0310,      2.8478,      0.1406,      5.4897,     10.9793,      1.2422,     27.7634,     55.5267,      0.0189,      0.0023,      0.0156,      0.2029,   7558.6997,-420530.9688,   -916.4684,    541.8873,  25195.6621,
       1,     166,     310,      24,       1,       3,       1,     10.0000,      1.3848,     42.3638,    244.4379,     61.5163,      3.4953,      0.0000,     -0.0309,      2.4746,      0.1372,      5.4897,     10.9793,      1.2125,     27.7634,     55.5267,      0.0189,      0.0020,      0.0156,      0.2029,   7558.6987,-420022.3438,   -916.5569,    541.9218,  25195.6641,
       1,     166,     311,       1,       1,       3,       1,     10.0000,      1.3848,     42.3641,    244.4436,     61.5177,      3.4953,      0.0000,     -0.0307,      1.5450,      0.1320,      5.4899,     10.9799,      1.1667,     27.7646,     55.5292,      0.0189,      0.0012,      0.0156,      0.2029,   7558.6997,-419665.4688,   -916.9630,    541.9586,  25196.7871,
       1,     166,     311,       2,       1,       3,       1,     10.0000,      1.3848,     42.3641,    244.4436,     61.5177,      3.4953,      0.0000,     -0.0303,      0.9739,      0.1233,      5.4899,     10.9799,      1.0899,     27.7646,     55.5292,      0.0189,      0.0008,      0.0156,      0.2029,   7559.0366,-418318.5000,   -916.5795,    542.0499,  25196.7852,
       1,     166,     311,       3,       1,       3,       1,     10.0000,      1.3848,     42.3641,    244.4436,     61.5177,      3.4953,      0.0000,     -0.0303,      0.9346,      0.1218,      5.4899,     10.9799,      1.0766,     27.7646,     55.5292,      0.0189,      0.0007,      0.0156,      0.2029,   7559.0356,-417488.8750,   -916.4868,    542.1061,  25196.7852,
       1,     166,     311,       4,       1,       3,       1,     10.0000,      1.3848,     42.3641,    244.4436,     61.5177,      3.4953,      0.0000,     -0.0303,      0.6962,      0.1218,      5.4899,     10.9799,      1.0766,     27.7646,     55.5292,      0.0189,      0.0006,      0.0156,      0.2029,   7559.0356,-417369.1562,   -916.5231,    542.1141,  25196.7852,
       1,     166,     311,       5,       1,       3,       1,     10.0000,      1.3848,     42.3641,    244.4436,     61.5177,      3.4953,      0.0000,     -0.0302,      0.9055,      0.1209,      5.4899,     10.9799,      1.0679,     27.7646,     55.5292,      0.0189,      0.0007,      0.0156,      0.2029,   7559.0356,-417060.3750,   -916.5074,    542.1351,  25196.7871,
       1,     166,     311,       6,       1,       3,       1,     10.0000,      1.3848,     42.3641,    244.4436,     61.5177,      3.4953,      0.0000,     -0.0303,      0.6347,      0.1222,      5.4899,     10.9799,      1.0799,     27.7646,     55.5292,      0.0189,      0.0005,      0.0156,      0.2029,   7559.0366,-417296.2500,   -916.6017,    542.1191,  25196.7852,
       1,     166,     311,       7,       1,       3,       1,     10.0000,      1.3848,     42.3641,    244.4436,     61.5177,      3.4953,      0.0000,     -0.0303,      0.4899,      0.1230,      5.4899,     10.9799,      1.0866,     27.7646,     55.5292,      0.0189,      0.0004,      0.0156,      0.2029,   7559.0356,-416977.1875,   -916.5700,    542.1407,  25196.7832,
       1,     166,     311,       8,       1,       3,       1,     10.0000,      1.3848,     42.3641,    244.4436,     61.5177,      3.4953,      0.0143,     -0.0160,      0.0628,      0.1230,      5.4899,     10.9799,      1.0866,     27.7646,     55.5292,      0.0189,      0.0005,      0.0017,      0.2029,   7559.0352,-416769.0312,   -916.5507,    542.1548,  25196.7852,
       1,     166,     311,       9,       1,       3,       1,     10.0000,      1.3848,     42.3641,    244.4436,     61.5177,      3.4953,      0.0875,      0.0569,      3.4384,      0.1299,      5.4899,     10.9799,      1.1479,     27.7646,     55.5292,      0.0189,      0.0004,      0.1082,      0.2029,   7559.0356,-416215.9062,   -916.4994,    542.1923,  25196.7852,
       1,     166,     311,      10,       1,       3,       1,     10.0000,      1.3848,     42.3641,    244.4436,     61.5177,      3.4953,      0.1597,      0.1288,      4.6737,      0.1388,      5.4899,     10.9799,      1.2261,     27.7646,     55.5292,      0.0189,      0.0003,      0.2139,      0.2029,   7559.0356,-420398.0312,   -917.4446,    541.9089,  25196.7832,
       1,     166,     311,      11,       1,       3,       1,     10.0000,      1.3848,     42.3641,    244.4436,     61.5177,      3.4953,      0.1667,      0.1355,      5.0823,      0.1452,      5.4899,     10.9799,      1.2830,     27.7646,     55.5292,      0.0189,      0.0003,      0.2241,      0.2029,   7559.0352,-422301.2188,   -918.1387,    541.7800,  25196.7852,
       1,     166,     311,      12,       1,       3,       1,     10.0000,      1.3848,     42.3641,    244.4436,     61.5177,      3.4953,      0.1824,      0.1506,      7.8949,      0.1631,      5.4899,     10.9799,      1.4415,     27.7646,     55.5292,      0.0189,      0.0004,      0.2470,      0.2029,   7559.0356,-422974.3750,   -918.6822,    541.7344,  25196.7852,
       1,     166,     311,      13,       1,       3,       1,     10.0000,      1.3848,     42.3641,    244.4436,     61.5177,      3.4953,      0.1464,      0.1144,      5.4622,      0.1693,      5.4899,     10.9799,      1.4958,     27.7646,     55.5292,      0.0189,      0.0004,      0.1942,      0.2029,   7559.0356,-426555.6250,   -919.9046,    541.4919,  25196.7871,
       1,     166,     311,      14,       1,       3,       1,     10.0000,      1.3848,     42.3641,    244.4436,     61.5177,      3.4953,      0.1411,      0.1091,      8.2912,      0.1696,      5.4899,     10.9799,      1.4988,     27.7646,     55.5292,      0.0189,      0.0006,      0.1860,      0.2029,   7559.0366,-423811.2188,   -919.7006,    541.6778,  25196.7871,
       1,     166,     311,      15,       1,       3,       1,     10.0000,      1.3848,     42.3641,    244.4436,     61.5177,      3.4953,      0.1859,      0.1541,     26.9204,      0.1653,      5.4899,     10.9799,      1.4604,     27.7646,     55.5292,      0.0189,      0.0013,      0.2500,      0.2029,   7559.0366,-427122.9375,   -920.5761,    541.4536,  25196.7852,
       1,     166,     311,      16,       1,       3,       1,     10.0000,      1.3848,     42.3641,    244.4436,     61.5177,      3.4953,      0.1853,      0.1531,     30.4542,      0.1742,      5.4899,     10.9799,      1.5397,     27.7646,     55.5292,      0.0189,      0.0015,      0.2487,      0.2029,   7559.0356,-450747.0938,   -925.5912,    539.8547,  25196.7871,
       1,     166,     311,      17,       1,       3,       1,     10.0000,      1.3848,     42.3641,    244.4436,     61.5177,      3.4953,      0.1877,      0.1557,     50.7937,      0.1725,      5.4899,     10.9799,      1.5244,     27.7646,     55.5292,      0.0189,      0.0025,      0.2500,      0.2029,   7559.0366,-457186.6562,   -927.4592,    539.4224,  25196.7871,
       1,     166,     311,      18,       1,       3,       1,     10.0000,      1.3848,     42.3641,    244.4436,     61.5177,      3.4953,      0.1629,      0.1312,     49.6759,      0.1589,      5.4899,     10.9799,      1.4045,     27.7646,     55.5292,      0.0189,      0.0029,      0.2133,      0.2029,   7559.0366,-483226.9375,   -933.1323,    537.6669,  25196.7852,
       1,     166,     311,      19,       1,       3,       1,     10.0000,      1.3848,     42.3641,    244.4436,     61.5177,      3.4953,      0.0663,      0.0349,     22.7934,      0.1507,      5.4899,     10.9799,      1.3317,     27.7646,     55.5292,      0.0189,      0.0038,      0.0742,      0.2028,   7559.0356,-484038.2500,   -933.9067,    537.6151,  25196.7852,
       1,     166,     311,      20,       1,       3,       1,     10.0000,      1.3848,     42.3641,    244.4436,     61.5177,      3.4953,      0.0009,     -0.0301,      4.1877,      0.1404,      5.4899,     10.9799,      1.2410,     27.7646,     55.5292,      0.0189,      0.0033,      0.0156,      0.2028,   7559.0356,-450390.7188,   -927.9846,    539.8763,  25196.7852,
       1,     166,     311,      21,       1,       3,       1,     10.0000,      1.3848,     42.3641,    244.4436,     61.5177,      3.4953,      0.0000,     -0.0309,      3.9963,      0.1376,      5.4899,     10.9799,      1.2162,     27.7646,     55.5292,      0.0189,      0.0032,      0.0156,      0.2029,   7559.0356,-424236.0000,   -923.2444,    541.6461,  25196.7852,
       1,     166,     311,      22,       1,       3,       1,     10.0000,      1.3848,     42.3641,    244.4436,     61.5177,      3.4953,      0.0000,     -0.0308,      3.4745,      0.1345,      5.4899,     10.9799,      1.1882,     27.7646,     55.5292,      0.0189,      0.0028,      0.0156,      0.2029,   7559.0356,-421781.5000,   -922.9135,    541.8152,  25196.7852,
       1,     166,     311,      23,       1,       3,       1,     10.0000,      1.3848,     42.3641,    244.4436,     61.5177,      3.4953,      0.0000,     -0.0306,      2.5907,      0.1312,      5.4899,     10.9799,      1.1596,     27.7646,     55.5292,      0.0189,      0.0021,      0.0156,      0.2029,   7559.0356,-420916.0000,   -922.8745,    541.8739,  25196.7832,
       1,     166,     311,      24,       1,       3,       1,     10.0000,      1.3848,     42.3641,    244.4436,     61.5177,      3.4953,      0.0000,     -0.0306,      2.2215,      0.1310,      5.4899,     10.9799,      1.1573,     27.7646,     55.5292,      0.0189,      0.0018,      0.0156,      0.2029,   7559.0352,-419735.4062,   -922.7395,    541.9539,  25196.7852,
       1,     166,     312,       1,       1,       3,       1,     10.0000,      1.3848,     42.3645,    244.4493,     61.5191,      3.4953,      0.0000,     -0.0305,      1.3471,      0.1269,      5.4903,     10.9806,      1.1214,     27.7681,     55.5361,      0.0189,      0.0011,      0.0156,      0.2029,   7559.0356,-419326.6875,   -922.9984,    541.9941,  25197.9082,
       1,     166,     312,       2,       1,       3,       1,     10.0000,      1.3848,     42.3645,    244.4493,     61.5191,      3.4953,      0.0000,     -0.0304,      1.0083,      0.1244,      5.4903,     10.9806,      1.0988,     27.7681,     55.5361,      0.0189,      0.0008,      0.0156,      0.2029,   7559.3726,-418044.8438,   -922.5358,    542.0811,  25197.9102,
       1,     166,     312,       3,       1,       3,       1,     10.0000,      1.3848,     42.3645,    244.4493,     61.5191,      3.4953,      0.0000,     -0.0303,      0.6576,      0.1221,      5.4903,     10.9806,      1.0789,     27.7681,     55.5361,      0.0189,      0.0005,      0.0156,      0.2029,   7559.3735,-417511.3125,   -922.4628,    542.1172,  25197.9082,
       1,     166,     312,       4,       1,       3,       1,     10.0000,      1.3848,     42.3645,    244.4493,     61.5191,      3.4953,      0.0000,     -0.0303,      0.3869,      0.1223,      5.4903,     10.9806,      1.0811,     27.7681,     55.5361,      0.0189,      0.0003,      0.0156,      0.2029,   7559.3726,-417026.8750,   -922.3869,    542.1500,  25197.9082,
       1,     166,     312,       5,       1,       3,       1,     10.0000,      1.3848,     42.3645,    244.4493,     61.5191,      3.4953,      0.0000,     -0.0302,      0.4302,      0.1193,      5.4903,     10.9806,      1.0538,     27.7681,     55.5361,      0.0189,      0.0003,      0.0156,      0.2029,   7559.3726,-416646.7188,   -922.3201,    542.1758,  25197.9102,
       1,     166,     312,       6,       1,       3,       1,     10.0000,      1.3848,     42.3645,    244.4493,     61.5191,      3.4953,      0.0000,     -0.0303,      0.3291,      0.1226,      5.4903,     10.9806,      1.0833,     27.7681,     55.5361,      0.0189,      0.0003,      0.0156,      0.2029,   7559.3735,-416668.5312,   -922.3303,    542.1743,  25197.9082,
       1,     166,     312,       7,       1,       3,       1,     10.0000,      1.3848,     42.3645,    244.4493,     61.5191,      3.4953,      0.0000,     -0.0301,      0.4857,      0.1175,      5.4903,     10.9806,      1.0378,     27.7681,     55.5361,      0.0189,      0.0004,      0.0156,      0.2029,   7559.3726,-416543.9062,   -922.3098,    542.1829,  25197.9082,
       1,     166,     312,       8,       1,       3,       1,     10.0000,      1.3848,     42.3645,    244.4493,     61.5191,      3.4953,      0.0091,     -0.0209,      0.3714,      0.1139,      5.4903,     10.9806,      1.0064,     27.7681,     55.5361,      0.0189,      0.0003,      0.0156,      0.2029,   7559.3726,-416729.4062,   -920.2599,    542.1702,  25197.9082,
       1,     166,     312,       9,       1,       3,       1,     10.0000,      1.3848,     42.3645,    244.4493,     61.5191,      3.4953,      0.1037,      0.0734,      4.8829,      0.1215,      5.4903,     10.9806,      1.0734,     27.7681,     55.5361,      0.0189,      0.0005,      0.1318,      0.2029,   7559.3726,-416602.0000,   -920.2557,    542.1788,  25197.9082,
       1,     166,     312,      10,       1,       3,       1,     10.0000,      1.3848,     42.3645,    244.4493,     61.5191,      3.4953,      0.1715,      0.1403,      8.4590,      0.1474,      5.4903,     10.9806,      1.3026,     27.7681,     55.5361,      0.0189,      0.0005,      0.2308,      0.2029,   7559.3726,-422242.7500,   -921.4762,    541.7965,  25197.9102,
       1,     166,     312,      11,       1,       3,       1,     10.0000,      1.3848,     42.3645,    244.4493,     61.5191,      3.4953,      0.1847,      0.1535,     10.4995,      0.1480,      5.4903,     10.9806,      1.3079,     27.7681,     55.5361,      0.0189,      0.0005,      0.2500,      0.2029,   7559.3735,-427201.8750,   -922.8585,    541.4608,  25197.9062,
       1,     166,     312,      12,       1,       3,       1,     10.0000,      1.3848,     42.3645,    244.4493,     61.5191,      3.4953,      0.1848,      0.1533,     11.3634,      0.1529,      5.4903,     10.9806,      1.3506,     27.7681,     55.5361,      0.0189,      0.0006,      0.2500,      0.2029,   7559.3721,-430179.6562,   -923.9228,    541.2594,  25197.9102,
       1,     166,     312,      13,       1,       3,       1,     10.0000,      1.3848,     42.3645,    244.4493,     61.5191,      3.4953,      0.1844,      0.1531,      5.8984,      0.1494,      5.4903,     10.9806,      1.3198,     27.7681,     55.5361,      0.0189,      0.0003,      0.2500,      0.2029,   7559.3735,-431514.2188,   -924.7147,    541.1691,  25197.9062,
       1,     166,     312,      14,       1,       3,       1,     10.0000,      1.3848,     42.3645,    244.4493,     61.5191,      3.4953,      0.1845,      0.1529,      8.2200,      0.1574,      5.4903,     10.9806,      1.3905,     27.7681,     55.5361,      0.0189,      0.0004,      0.2500,      0.2029,   7559.3721,-424780.5000,   -923.8627,    541.6246,  25197.9082,
       1,     166,     312,      15,       1,       3,       1,     10.0000,      1.3848,     42.3645,    244.4493,     61.5191,      3.4953,      0.1870,      0.1548,     41.9858,      0.1760,      5.4903,     10.9806,      1.5551,     27.7681,     55.5361,      0.0189,      0.0021,      0.2500,      0.2029,   7559.3726,-427118.2188,   -924.7910,    541.4666,  25197.9102,
       1,     166,     312,      16,       1,       3,       1,     10.0000,      1.3848,     42.3645,    244.4493,     61.5191,      3.4953,      0.1863,      0.1543,     37.2595,      0.1696,      5.4903,     10.9806,      1.4988,     27.7681,     55.5361,      0.0189,      0.0019,      0.2494,      0.2029,   7559.3735,-469620.5000,   -933.3623,    538.5898,  25197.9082,
       1,     166,     312,      17,       1,       3,       1,     10.0000,      1.3848,     42.3645,    244.4493,     61.5191,      3.4953,      0.1851,      0.1544,     33.5320,      0.1333,      5.4903,     10.9806,      1.1774,     27.7681,     55.5361,      0.0189,      0.0017,      0.2477,      0.2029,   7559.3726,-467320.9375,   -933.3306,    538.7524,  25197.9102,
       1,     166,     312,      18,       1,       3,       1,     10.0000,      1.3848,     42.3645,    244.4493,     61.5191,      3.4953,      0.1547,      0.1243,     26.1110,      0.1233,      5.4903,     10.9806,      1.0899,     27.7681,     55.5361,      0.0189,      0.0016,      0.2039,      0.2029,   7559.3735,-462443.5938,   -919.4075,    539.0809,  25197.9102,
       1,     166,     312,      19,       1,       3,       1,     10.0000,      1.3848,     42.3645,    244.4493,     61.5191,      3.4953,      0.0134,     -0.0170,      0.0425,      0.1236,      5.4903,     10.9806,      1.0921,     27.7681,     55.5361,      0.0189,      0.0018,      0.0003,      0.2029,   7559.3735,-452728.5312,   -918.6155,    539.7355,  25197.9082,
       1,     166,     312,      20,       1,       3,       1,     10.0000,      1.3848,     42.3645,    244.4493,     61.5191,      3.4953,      0.0005,     -0.0300,      3.2370,      0.1264,      5.4903,     10.9806,      1.1169,     27.7681,     55.5361,      0.0189,      0.0026,      0.0156,      0.2029,   7559.3726,-419234.5000,   -912.8253,    541.9957,  25197.9102,
       1,     166,     312,      21,       1,       3,       1,     10.0000,      1.3848,     42.3645,    244.4493,     61.5191,      3.4953,      0.0000,     -0.0304,      2.9895,      0.1261,      5.4903,     10.9806,      1.1146,     27.7681,     55.5361,      0.0189,      0.0024,      0.0156,      0.2029,   7559.3735,-420410.3125,   -913.3651,    541.9208,  25197.9062,
       1,     166,     312,      22,       1,       3,       1,     10.0000,      1.3848,     42.3645,    244.4493,     61.5191,      3.4953,      0.0000,     -0.0303,      1.0663,      0.1223,      5.4903,     10.9806,      1.0811,     27.7681,     55.5361,      0.0189,      0.0009,      0.0156,      0.2029,   7559.3721,-420194.4062,   -913.6390,    541.9354,  25197.9062,
       1,     166,     312,      23,       1,       3,       1,     10.0000,      1.3848,     42.3645,    244.4493,     61.5191,      3.4953,      0.0000,     -0.0303,      0.2905,      0.1222,      5.4903,     10.9806,      1.0800,     27.7681,     55.5361,      0.0189,      0.0002,      0.0156,      0.2029,   7559.3721,-417766.8438,   -913.2873,    542.0999,  25197.9082,
       1,     166,     312,      24,       1,       3,       1,     10.0000,      1.3848,     42.3645,    244.4493,     61.5191,      3.4953,      0.0000,     -0.0303,      0.2898,      0.1220,      5.4903,     10.9806,      1.0778,     27.7681,     55.5361,      0.0189,      0.0002,      0.0156,      0.2029,   7559.3726,-416588.8750,   -913.0748,    542.1797,  25197.9102,
       1,     166,     313,       1,       1,       3,       1,     10.0000,      1.3849,     42.3648,    244.4550,     61.5206,      3.4953,      0.0000,     -0.0303,      0.2885,      0.1215,      5.4899,     10.9798,      1.0734,     27.7732,     55.5463,      0.0189,      0.0002,      0.0156,      0.2029,   7559.3735,-416642.2500,   -913.3422,    542.1888,  25199.0312,
       1,     166,     313,       2,       1,       3,       1,     10.0000,      1.3849,     42.3648,    244.4550,     61.5206,      3.4953,      0.0000,     -0.0301,      0.3412,      0.1181,      5.4899,     10.9798,      1.0432,     27.7732,     55.5463,      0.0189,      0.0003,      0.0156,      0.2029,   7559.7095,-416493.5625,   -913.0650,    542.1989,  25199.0293,
       1,     166,     313,       3,       1,       3,       1,     10.0000,      1.3849,     42.3648,    244.4550,     61.5206,      3.4953,      0.0000,     -0.0302,      0.2812,      0.1188,      5.4899,     10.9798,      1.0496,     27.7732,     55.5463,      0.0189,      0.0002,      0.0156,      0.2029,   7559.7090,-416547.1250,   -913.0815,    542.1953,  25199.0293,
       1,     166,     313,       4,       1,       3,       1,     10.0000,      1.3849,     42.3648,    244.4550,     61.5206,      3.4953,      0.0000,     -0.0301,      0.3119,      0.1175,      5.4899,     10.9798,      1.0378,     27.7732,     55.5463,      0.0189,      0.0002,      0.0156,      0.2029,   7559.7090,-416476.4375,   -913.0700,    542.2000,  25199.0293,
       1,     166,     313,       5,       1,       3,       1,     10.0000,      1.3849,     42.3648,    244.4550,     61.5206,      3.4953,      0.0000,     -0.0298,      0.3783,      0.1106,      5.4899,     10.9798,      0.9770,     27.7732,     55.5463,      0.0189,      0.0003,      0.0156,      0.2029,   7559.7090,-416509.0000,   -910.2360,    542.1978,  25199.0312,
       1,     166,     313,       6,       1,       3,       1,     10.0000,      1.3849,     42.3648,    244.4550,     61.5206,      3.4953,      0.0000,     -0.0298,      0.2887,      0.1093,      5.4899,     10.9798,      0.9660,     27.7732,     55.5463,      0.0189,      0.0002,      0.0156,      0.2029,   7559.7095,-416594.7188,   -910.1110,    542.1920,  25199.0293,
       1,     166,     313,       7,       1,       3,       1,     10.0000,      1.3849,     42.3648,    244.4550,     61.5206,      3.4953,      0.0000,     -0.0298,      0.2619,      0.1108,      5.4899,     10.9798,      0.9790,     27.7732,     55.5463,      0.0189,      0.0002,      0.0156,      0.2029,   7559.7090,-416490.0000,   -910.0988,    542.1992,  25199.0312,
       1,     166,     313,       8,       1,       3,       1,     10.0000,      1.3849,     42.3648,    244.4550,     61.5206,      3.4953,      0.0065,     -0.0235,      0.3492,      0.1147,      5.4899,     10.9798,      1.0137,     27.7732,     55.5463,      0.0189,      0.0003,      0.0156,      0.2029,   7559.7095,-416447.3125,   -910.0665,    542.2021,  25199.0293,
       1,     166,     313,       9,       1,       3,       1,     10.0000,      1.3849,     42.3648,    244.4550,     61.5206,      3.4953,      0.0719,      0.0416,      1.6075,      0.1221,      5.4899,     10.9798,      1.0789,     27.7732,     55.5463,      0.0189,      0.0002,      0.0857,      0.2029,   7559.7090,-416553.1250,   -910.1235,    542.1949,  25199.0293,
       1,     166,     313,      10,       1,       3,       1,     10.0000,      1.3849,     42.3648,    244.4550,     61.5206,      3.4953,      0.1372,      0.1063,      3.8487,      0.1374,      5.4899,     10.9798,      1.2138,     27.7732,     55.5463,      0.0189,      0.0003,      0.1808,      0.2029,   7559.7090,-418138.1562,   -910.6868,    542.0874,  25199.0273,
       1,     166,     313,      11,       1,       3,       1,     10.0000,      1.3849,     42.3648,    244.4550,     61.5206,      3.4953,      0.1500,      0.1182,      5.6981,      0.1622,      5.4899,     10.9798,      1.4330,     27.7732,     55.5463,      0.0189,      0.0004,      0.1994,      0.2029,   7559.7085,-421080.3125,   -911.9048,    541.8881,  25199.0273,
       1,     166,     313,      12,       1,       3,       1,     10.0000,      1.3849,     42.3648,    244.4550,     61.5206,      3.4953,      0.1843,      0.1522,      7.1686,      0.1722,      5.4899,     10.9798,      1.5214,     27.7732,     55.5463,      0.0189,      0.0004,      0.2500,      0.2029,   7559.7085,-423646.7188,   -913.0535,    541.7143,  25199.0293,
       1,     166,     313,      13,       1,       3,       1,     10.0000,      1.3849,     42.3648,    244.4550,     61.5206,      3.4953,      0.1687,      0.1364,      6.6146,      0.1806,      5.4899,     10.9798,      1.5959,     27.7732,     55.5463,      0.0189,      0.0004,      0.2271,      0.2029,   7559.7090,-425706.3125,   -914.4267,    541.5748,  25199.0293,
       1,     166,     313,      14,       1,       3,       1,     10.0000,      1.3849,     42.3648,    244.4550,     61.5206,      3.4953,      0.1843,      0.1523,      6.7837,      0.1698,      5.4899,     10.9798,      1.5004,     27.7732,     55.5463,      0.0189,      0.0003,      0.2500,      0.2029,   7559.7090,-425187.1562,   -914.9884,    541.6100,  25199.0293,
       1,     166,     313,      15,       1,       3,       1,     10.0000,      1.3849,     42.3648,    244.4550,     61.5206,      3.4953,      0.1847,      0.1526,     11.6520,      0.1705,      5.4899,     10.9798,      1.5064,     27.7732,     55.5463,      0.0189,      0.0006,      0.2500,      0.2029,   7559.7090,-425354.9688,   -915.8848,    541.5987,  25199.0293,
       1,     166,     313,      16,       1,       3,       1,     10.0000,      1.3849,     42.3648,    244.4550,     61.5206,      3.4953,      0.1727,      0.1405,     35.8134,      0.1765,      5.4899,     10.9798,      1.5598,     27.7732,     55.5463,      0.0189,      0.0019,      0.2296,      0.2029,   7559.7090,-431467.5000,   -918.1063,    541.1848,  25199.0293,
       1,     166,     313,      17,       1,       3,       1,     10.0000,      1.3849,     42.3648,    244.4550,     61.5206,      3.4953,      0.1621,      0.1301,     44.6614,      0.1691,      5.4899,     10.9798,      1.4944,     27.7732,     55.5463,      0.0189,      0.0026,      0.2127,      0.2029,   7559.7090,-462256.3125,   -924.6977,    539.1022,  25199.0273,
       1,     166,     313,      18,       1,       3,       1,     10.0000,      1.3849,     42.3648,    244.4550,     61.5206,      3.4953,      0.1483,      0.1169,     48.8474,      0.1530,      5.4899,     10.9798,      1.3520,     27.7732,     55.5463,      0.0189,      0.0032,      0.1919,      0.2029,   7559.7085,-475967.4688,   -928.1488,    538.1822,  25199.0293,
       1,     166,     313,      19,       1,       3,       1,     10.0000,      1.3849,     42.3648,    244.4550,     61.5206,      3.4953,      0.0196,     -0.0112,      1.8371,      0.1356,      5.4899,     10.9798,      1.1979,     27.7732,     55.5463,      0.0189,      0.0027,      0.0086,      0.2029,   7559.7090,-482372.9375,   -930.2653,    537.7521,  25199.0293,
       1,     166,     313,      20,       1,       3,       1,     10.0000,      1.3849,     42.3648,    244.4550,     61.5206,      3.4953,      0.0004,     -0.0300,      3.3582,      0.1237,      5.4899,     10.9798,      1.0933,     27.7732,     55.5463,      0.0189,      0.0027,      0.0156,      0.2029,   7559.7090,-423975.0938,   -919.7581,    541.6777,  25199.0293,
       1,     166,     313,      21,       1,       3,       1,     10.0000,      1.3849,     42.3648,    244.4550,     61.5206,      3.4953,      0.0000,     -0.0303,      3.4486,      0.1228,      5.4899,     10.9798,      1.0855,     27.7732,     55.5463,      0.0189,      0.0028,      0.0156,      0.2029,   7559.7090,-420978.9688,   -919.4282,    541.8949,  25199.0293,
       1,     166,     313,      22,       1,       3,       1,     10.0000,      1.3849,     42.3648,    244.4550,     61.5206,      3.4953,      0.0000,     -0.0305,      3.3066,      0.1263,      5.4899,     10.9798,      1.1158,     27.7732,     55.5463,      0.0189,      0.0026,      0.0156,      0.2029,   7559.7090,-420820.2188,   -919.5994,    541.9057,  25199.0312,
       1,     166,     313,      23,       1,       3,       1,     10.0000,      1.3849,     42.3648,    244.4550,     61.5206,      3.4953,      0.0000,     -0.0305,      2.1055,      0.1267,      5.4899,     10.9798,      1.1192,     27.7732,     55.5463,      0.0189,      0.0017,      0.0156,      0.2029,   7559.7095,-420628.5938,   -919.7594,    541.9188,  25199.0312,
       1,     166,     313,      24,       1,       3,       1,     10.0000,      1.3849,     42.3648,    244.4550,     61.5206,      3.4953,      0.0000,     -0.0304,      1.4535,      0.1250,      5.4899,     10.9798,      1.1045,     27.7732,     55.5463,      0.0189,      0.0012,      0.0156,      0.2029,   7559.7095,-419107.7188,   -919.5884,    542.0217,  25199.0273,
       1,     166,     314,       1,       1,       3,       1,     10.0000,      1.3849,     42.3651,    244.4608,     61.5220,      3.4953,      0.0000,     -0.0303,      0.7471,      0.1222,      5.4902,     10.9805,      1.0800,     27.7743,     55.5486,      0.0189,      0.0006,      0.0156,      0.2030,   7559.7085,-418316.6250,   -919.7824,    542.0880,  25200.1504,
       1,     166,     314,       2,       1,       3,       1,     10.0000,      1.3849,     42.3651,    244.4608,     61.5220,      3.4953,      0.0000,     -0.0303,      0.6344,      0.1232,      5.4902,     10.9805,      1.0889,     27.7743,     55.5486,      0.0189,      0.0005,      0.0156,      0.2030,   7560.0454,-417213.1250,   -919.3525,    542.1627,  25200.1504,
       1,     166,     314,       3,       1,       3,       1,     10.0000,      1.3849,     42.3651,    244.4608,     61.5220,      3.4953,      0.0000,     -0.0302,      0.6177,      0.1194,      5.4902,     10.9805,      1.0550,     27.7743,     55.5486,      0.0189,      0.0005,      0.0156,      0.2030,   7560.0454,-416978.3438,   -917.6588,    542.1786,  25200.1523,
       1,     166,     314,       4,       1,       3,       1,     10.0000,      1.3849,     42.3651,    244.4608,     61.5220,      3.4953,      0.0000,     -0.0298,      0.4109,      0.1098,      5.4902,     10.9805,      0.9700,     27.7743,     55.5486,      0.0189,      0.0003,      0.0156,      0.2030,   7560.0459,-416937.1250,   -910.2010,    542.1813,  25200.1504,
       1,     166,     314,       5,       1,       3,       1,     10.0000,      1.3849,     42.3651,    244.4608,     61.5220,      3.4953,      0.0000,     -0.0296,      0.5594,      0.1066,      5.4902,     10.9805,      0.9415,     27.7743,     55.5486,      0.0189,      0.0004,      0.0156,      0.2030,   7560.0454,-416675.0625,   -910.1334,    542.1992,  25200.1504,
       1,     166,     314,       6,       1,       3,       1,     10.0000,      1.3849,     42.3651,    244.4608,     61.5220,      3.4953,      0.0000,     -0.0297,      0.5628,      0.1073,      5.4902,     10.9805,      0.9483,     27.7743,     55.5486,      0.0189,      0.0004,      0.0156,      0.2030,   7560.0454,-416838.7500,   -910.1851,    542.1880,  25200.1504,
       1,     166,     314,       7,       1,       3,       1,     10.0000,      1.3849,     42.3651,    244.4608,     61.5220,      3.4953,      0.0000,     -0.0297,      0.5548,      0.1090,      5.4902,     10.9805,      0.9631,     27.7743,     55.5486,      0.0189,      0.0004,      0.0156,      0.2030,   7560.0454,-416856.8438,   -910.1840,    542.1868,  25200.1504,
       1,     166,     314,       8,       1,       3,       1,     10.0000,      1.3849,     42.3651,    244.4608,     61.5220,      3.4953,      0.0110,     -0.0187,      0.2752,      0.1084,      5.4902,     10.9805,      0.9581,     27.7743,     55.5486,      0.0189,      0.0002,      0.0156,      0.2030,   7560.0454,-416848.4062,   -910.2181,    542.1874,  25200.1484,
       1,     166,     314,       9,       1,       3,       1,     10.0000,      1.3849,     42.3651,    244.4608,     61.5220,      3.4953,      0.1262,      0.0962,      2.9067,      0.1164,      5.4902,     10.9805,      1.0284,     27.7743,     55.5486,      0.0189,      0.0002,      0.1651,      0.2030,   7560.0449,-416497.7188,   -910.1924,    542.2111,  25200.1504,
       1,     166,     314,      10,       1,       3,       1,     10.0000,      1.3849,     42.3651,    244.4608,     61.5220,      3.4953,      0.1786,      0.1484,      4.3044,      0.1177,      5.4902,     10.9805,      1.0400,     27.7743,     55.5486,      0.0189,      0.0002,      0.2413,      0.2030,   7560.0454,-419763.4688,   -911.2617,    541.9898,  25200.1484,
       1,     166,     314,      11,       1,       3,       1,     10.0000,      1.3849,     42.3651,    244.4608,     61.5220,      3.4953,      0.1845,      0.1543,      4.5700,      0.1202,      5.4902,     10.9805,      1.0625,     27.7743,     55.5486,      0.0189,      0.0002,      0.2500,      0.2030,   7560.0449,-421791.4062,   -912.5066,    541.8524,  25200.1504,
       1,     166,     314,      12,       1,       3,       1,     10.0000,      1.3849,     42.3651,    244.4608,     61.5220,      3.4953,      0.1845,      0.1544,      4.5012,      0.1187,      5.4902,     10.9805,      1.0485,     27.7743,     55.5486,      0.0189,      0.0002,      0.2500,      0.2030,   7560.0454,-422296.1250,   -913.5161,    541.8183,  25200.1504,
       1,     166,     314,      13,       1,       3,       1,     10.0000,      1.3849,     42.3651,    244.4608,     61.5220,      3.4953,      0.1844,      0.1538,      5.0448,      0.1311,      5.4902,     10.9805,      1.1585,     27.7743,     55.5486,      0.0189,      0.0003,      0.2500,      0.2030,   7560.0454,-422252.7188,   -914.4825,    541.8212,  25200.1504,
       1,     166,     314,      14,       1,       3,       1,     10.0000,      1.3849,     42.3651,    244.4608,     61.5220,      3.4953,      0.1845,      0.1539,      4.9635,      0.1293,      5.4902,     10.9805,      1.1422,     27.7743,     55.5486,      0.0189,      0.0002,      0.2500,      0.2030,   7560.0454,-422929.9062,   -915.4901,    541.7754,  25200.1484,
       1,     166,     314,      15,       1,       3,       1,     10.0000,      1.3849,     42.3651,    244.4608,     61.5220,      3.4953,      0.1845,      0.1541,      5.5172,      0.1254,      5.4902,     10.9805,      1.1079,     27.7743,     55.5486,      0.0189,      0.0003,      0.2500,      0.2030,   7560.0449,-422885.6875,   -916.3065,    541.7784,  25200.1523,
       1,     166,     314,      16,       1,       3,       1,     10.0000,      1.3849,     42.3651,    244.4608,     61.5220,      3.4953,      0.1847,      0.1545,      7.2715,      0.1194,      5.4902,     10.9805,      1.0550,     27.7743,     55.5486,      0.0189,      0.0004,      0.2500,      0.2030,   7560.0459,-423574.8750,   -917.0093,    541.7318,  25200.1523,
       1,     166,     314,      17,       1,       3,       1,     10.0000,      1.3849,     42.3651,    244.4608,     61.5220,      3.4953,      0.1830,      0.1529,      9.2893,      0.1179,      5.4902,     10.9805,      1.0421,     27.7743,     55.5486,      0.0189,      0.0005,      0.2472,      0.2030,   7560.0459,-425830.6250,   -913.0746,    541.5789,  25200.1504,
       1,     166,     314,      18,       1,       3,       1,     10.0000,      1.3849,     42.3651,    244.4608,     61.5220,      3.4953,      0.1313,      0.1010,     10.3741,      0.1210,      5.4902,     10.9805,      1.0691,     27.7743,     55.5486,      0.0189,      0.0008,      0.1715,      0.2030,   7560.0454,-428549.8438,   -913.2537,    541.3949,  25200.1523,
       1,     166,     314,      19,       1,       3,       1,     10.0000,      1.3849,     42.3651,    244.4608,     61.5220,      3.4953,      0.0337,      0.0036,      1.8200,      0.1176,      5.4902,     10.9805,      1.0389,     27.7743,     55.5486,      0.0189,      0.0008,      0.0302,      0.2030,   7560.0459,-430138.9688,   -914.1730,    541.2874,  25200.1504,
       1,     166,     314,      20,       1,       3,       1,     10.0000,      1.3849,     42.3651,    244.4608,     61.5220,      3.4953,      0.0004,     -0.0295,      1.1516,      0.1131,      5.4902,     10.9805,      0.9993,     27.7743,     55.5486,      0.0189,      0.0009,      0.0156,      0.2030,   7560.0454,-419559.0938,   -912.4405,    542.0032,  25200.1504,
       1,     166,     314,      21,       1,       3,       1,     10.0000,      1.3849,     42.3651,    244.4608,     61.5220,      3.4953,      0.0000,     -0.0299,      0.6931,      0.1131,      5.4902,     10.9805,      0.9993,     27.7743,     55.5486,      0.0189,      0.0006,      0.0156,      0.2030,   7560.0454,-417825.8125,   -912.2401,    542.1211,  25200.1504,
       1,     166,     314,      22,       1,       3,       1,     10.0000,      1.3849,     42.3651,    244.4608,     61.5220,      3.4953,      0.0000,     -0.0300,      0.2726,      0.1139,      5.4902,     10.9805,      1.0065,     27.7743,     55.5486,      0.0189,      0.0002,      0.0156,      0.2030,   7560.0454,-417103.9688,   -912.1653,    542.1701,  25200.1504,
       1,     166,     314,      23,       1,       3,       1,     10.0000,      1.3849,     42.3651,    244.4608,     61.5220,      3.4953,      0.0000,     -0.0302,      0.2835,      0.1188,      5.4902,     10.9805,      1.0496,     27.7743,     55.5486,      0.0189,      0.0002,      0.0156,      0.2030,   7560.0454,-416515.8125,   -912.0607,    542.2099,  25200.1484,
       1,     166,     314,      24,       1,       3,       1,     10.0000,      1.3849,     42.3651,    244.4608,     61.5220,      3.4953,      0.0000,     -0.0303,      0.3280,      0.1222,      5.4902,     10.9805,      1.0800,     27.7743,     55.5486,      0.0189,      0.0003,      0.0156,      0.2030,   7560.0449,-416479.9062,   -912.0563,    542.2124,  25200.1504,
       1,     166,     315,       1,       1,       3,       1,     10.0000,      1.3849,     42.3655,    244.4665,     61.5235,      3.4953,      0.0000,     -0.0304,      0.6817,      0.1259,      5.4906,     10.9811,      1.1124,     27.7804,     55.5608,      0.0189,      0.0005,      0.0156,      0.2030,   7560.0454,-416686.4375,   -912.3528,    542.2111,  25201.2695,
       1,     166,     315,       2,       1,       3,       1,     10.0000,      1.3849,     42.3655,    244.4665,     61.5235,      3.4953,      0.0000,     -0.0306,      1.0097,      0.1302,      5.4906,     10.9811,      1.1504,     27.7804,     55.5608,      0.0189,      0.0008,      0.0156,      0.2030,   7560.3813,-416995.7188,   -912.1921,    542.1901,  25201.2695,
       1,     166,     315,       3,       1,       3,       1,     10.0000,      1.3849,     42.3655,    244.4665,     61.5235,      3.4953,      0.0000,     -0.0305,      1.1684,      0.1285,      5.4906,     10.9811,      1.1353,     27.7804,     55.5608,      0.0189,      0.0009,      0.0156,      0.2030,   7560.3813,-417432.7812,   -912.3503,    542.1606,  25201.2695,
       1,     166,     315,       4,       1,       3,       1,     10.0000,      1.3849,     42.3655,    244.4665,     61.5235,      3.4953,      0.0000,     -0.0306,      1.5155,      0.1311,      5.4906,     10.9811,      1.1586,     27.7804,     55.5608,      0.0189,      0.0012,      0.0156,      0.2030,   7560.3813,-417668.5000,   -912.4768,    542.1445,  25201.2715,
       1,     166,     315,       5,       1,       3,       1,     10.0000,      1.3849,     42.3655,    244.4665,     61.5235,      3.4953,      0.0000,     -0.0308,      1.3511,      0.1343,      5.4906,     10.9811,      1.1871,     27.7804,     55.5608,      0.0189,      0.0011,      0.0156,      0.2030,   7560.3818,-418122.8125,   -912.6979,    542.1138,  25201.2695,
       1,     166,     315,       6,       1,       3,       1,     10.0000,      1.3849,     42.3655,    244.4665,     61.5235,      3.4953,      0.0000,     -0.0309,      1.4060,      0.1371,      5.4906,     10.9811,      1.2114,     27.7804,     55.5608,      0.0189,      0.0011,      0.0156,      0.2030,   7560.3813,-417955.7500,   -912.7865,    542.1251,  25201.2695,
       1,     166,     315,       7,       1,       3,       1,     10.0000,      1.3849,     42.3655,    244.4665,     61.5235,      3.4953,      0.0000,     -0.0308,      1.0367,      0.1339,      5.4906,     10.9811,      1.1835,     27.7804,     55.5608,      0.0189,      0.0008,      0.0156,      0.2030,   7560.3813,-418010.4375,   -912.8991,    542.1214,  25201.2715,
       1,     166,     315,       8,       1,       3,       1,     10.0000,      1.3849,     42.3655,    244.4665,     61.5235,      3.4953,      0.0143,     -0.0165,      0.0386,      0.1342,      5.4906,     10.9811,      1.1859,     27.7804,     55.5608,      0.0189,      0.0004,      0.0011,      0.2030,   7560.3818,-417552.2500,   -912.8947,    542.1525,  25201.2695,
       1,     166,     315,       9,       1,       3,       1,     10.0000,      1.3849,     42.3655,    244.4665,     61.5235,      3.4953,      0.1172,      0.0862,      6.5166,      0.1415,      5.4906,     10.9811,      1.2499,     27.7804,     55.5608,      0.0189,      0.0005,      0.1512,      0.2030,   7560.3813,-416263.7500,   -912.7272,    542.2397,  25201.2695,
       1,     166,     315,      10,       1,       3,       1,     10.0000,      1.3849,     42.3655,    244.4665,     61.5235,      3.4953,      0.1775,      0.1469,     13.9281,      0.1319,      5.4906,     10.9811,      1.1656,     27.7804,     55.5608,      0.0189,      0.0007,      0.2388,      0.2030,   7560.3813,-424266.5625,   -911.9213,    541.6973,  25201.2676,
       1,     166,     315,      11,       1,       3,       1,     10.0000,      1.3849,     42.3655,    244.4665,     61.5235,      3.4953,      0.1602,      0.1289,     15.2454,      0.1504,      5.4906,     10.9811,      1.3292,     27.7804,     55.5608,      0.0189,      0.0009,      0.2134,      0.2030,   7560.3804,-434228.6875,   -914.2864,    541.0231,  25201.2676,
       1,     166,     315,      12,       1,       3,       1,     10.0000,      1.3849,     42.3655,    244.4665,     61.5235,      3.4953,      0.1771,      0.1450,     16.6346,      0.1712,      5.4906,     10.9811,      1.5124,     27.7804,     55.5608,      0.0189,      0.0009,      0.2382,      0.2030,   7560.3804,-436724.4375,   -915.8490,    540.8547,  25201.2676,
       1,     166,     315,      13,       1,       3,       1,     10.0000,      1.3849,     42.3655,    244.4665,     61.5235,      3.4953,      0.1835,      0.1517,     18.2934,      0.1646,      5.4906,     10.9811,      1.4547,     27.7804,     55.5608,      0.0189,      0.0009,      0.2474,      0.2030,   7560.3804,-438675.6562,   -917.3831,    540.7228,  25201.2715,
       1,     166,     315,      14,       1,       3,       1,     10.0000,      1.3849,     42.3655,    244.4665,     61.5235,      3.4953,      0.1859,      0.1536,     28.1481,      0.1806,      5.4906,     10.9811,      1.5959,     27.7804,     55.5608,      0.0189,      0.0014,      0.2500,      0.2030,   7560.3818,-440918.5312,   -918.7971,    540.5713,  25201.2695,
       1,     166,     315,      15,       1,       3,       1,     10.0000,      1.3849,     42.3655,    244.4665,     61.5235,      3.4953,      0.1733,      0.1415,      7.5521,      0.1623,      5.4906,     10.9811,      1.4345,     27.7804,     55.5608,      0.0189,      0.0004,      0.2336,      0.2030,   7560.3813,-453453.7500,   -919.8023,    539.7242,  25201.2695,
       1,     166,     315,      16,       1,       3,       1,     10.0000,      1.3849,     42.3655,    244.4665,     61.5235,      3.4953,      0.1707,      0.1392,     19.7336,      0.1547,      5.4906,     10.9811,      1.3671,     27.7804,     55.5608,      0.0189,      0.0011,      0.2282,      0.2030,   7560.3813,-428712.7500,   -916.2092,    541.3941,  25201.2695,
       1,     166,     315,      17,       1,       3,       1,     10.0000,      1.3849,     42.3655,    244.4665,     61.5235,      3.4953,      0.1727,      0.1411,     44.1750,      0.1561,      5.4906,     10.9811,      1.3795,     27.7804,     55.5608,      0.0189,      0.0024,      0.2283,      0.2030,   7560.3813,-441880.0938,   -916.7969,    540.5055,  25201.2695,
       1,     166,     315,      18,       1,       3,       1,     10.0000,      1.3849,     42.3655,    244.4665,     61.5235,      3.4953,      0.1344,      0.1030,     31.2814,      0.1498,      5.4906,     10.9811,      1.3238,     27.7804,     55.5608,      0.0189,      0.0022,      0.1734,      0.2030,   7560.3813,-473613.4062,   -923.9404,    538.3622,  25201.2676,
       1,     166,     315,      19,       1,       3,       1,     10.0000,      1.3849,     42.3655,    244.4665,     61.5235,      3.4953,      0.0400,      0.0090,      9.5417,      0.1416,      5.4906,     10.9811,      1.2512,     27.7804,     55.5608,      0.0189,      0.0032,      0.0375,      0.2029,   7560.3804,-460153.3438,   -922.3361,    539.2723,  25201.2695,
       1,     166,     315,      20,       1,       3,       1,     10.0000,      1.3849,     42.3655,    244.4665,     61.5235,      3.4953,      0.0008,     -0.0301,      2.2953,      0.1382,      5.4906,     10.9811,      1.2212,     27.7804,     55.5608,      0.0189,      0.0018,      0.0156,      0.2030,   7560.3813,-431770.3438,   -917.7023,    541.1863,  25201.2695,
       1,     166,     315,      21,       1,       3,       1,     10.0000,      1.3849,     42.3655,    244.4665,     61.5235,      3.4953,      0.0000,     -0.0310,      1.9543,      0.1405,      5.4906,     10.9811,      1.2411,     27.7804,     55.5608,      0.0189,      0.0016,      0.0156,      0.2030,   7560.3813,-420299.1875,   -915.8074,    541.9658,  25201.2695,
       1,     166,     315,      22,       1,       3,       1,     10.0000,      1.3849,     42.3655,    244.4665,     61.5235,      3.4953,      0.0000,     -0.0311,      1.9757,      0.1422,      5.4906,     10.9811,      1.2563,     27.7804,     55.5608,      0.0189,      0.0016,      0.0156,      0.2030,   7560.3813,-418896.6250,   -915.7089,    542.0613,  25201.2695,
       1,     166,     315,      23,       1,       3,       1,     10.0000,      1.3849,     42.3655,    244.4665,     61.5235,      3.4953,      0.0000,     -0.0307,      1.5160,      0.1318,      5.4906,     10.9811,      1.1645,     27.7804,     55.5608,      0.0189,      0.0012,      0.0156,      0.2030,   7560.3813,-418803.7500,   -915.8419,    542.0677,  25201.2715,
       1,     166,     315,      24,       1,       3,       1,     10.0000,      1.3849,     42.3655,    244.4665,     61.5235,      3.4953,      0.0000,     -0.0306,      1.3203,      0.1298,      5.4906,     10.9811,      1.1469,     27.7804,     55.5608,      0.0189,      0.0011,      0.0156,      0.2030,   7560.3818,-418219.6562,   -913.2524,    542.1072,  25201.2695,
       1,     166,     316,       1,       1,       3,       1,     10.0000,      1.3849,     42.3658,    244.4722,     61.5249,      3.4953,      0.0000,     -0.0301,      0.9116,      0.1167,      5.4904,     10.9809,      1.0316,     27.7842,     55.5685,      0.0189,      0.0007,      0.0156,      0.2030,   7560.3813,-418080.0312,   -910.7699,    542.1293,  25202.3926,
       1,     166,     316,       2,       1,       3,       1,     10.0000,      1.3849,     42.3658,    244.4722,     61.5249,      3.4953,      0.0000,     -0.0300,      1.1243,      0.1156,      5.4904,     10.9809,      1.0211,     27.7842,     55.5685,      0.0189,      0.0009,      0.0156,      0.2030,   7560.7183,-417404.4062,   -910.3375,    542.1751,  25202.3906,
       1,     166,     316,       3,       1,       3,       1,     10.0000,      1.3849,     42.3658,    244.4722,     61.5249,      3.4953,      0.0000,     -0.0303,      1.5463,      0.1212,      5.4904,     10.9809,      1.0713,     27.7842,     55.5685,      0.0189,      0.0012,      0.0156,      0.2030,   7560.7173,-417613.8438,   -910.4586,    542.1609,  25202.3926,
       1,     166,     316,       4,       1,       3,       1,     10.0000,      1.3849,     42.3658,    244.4722,     61.5249,      3.4953,      0.0000,     -0.0303,      1.3773,      0.1229,      5.4904,     10.9809,      1.0856,     27.7842,     55.5685,      0.0189,      0.0011,      0.0156,      0.2030,   7560.7183,-418159.6250,   -910.7001,    542.1239,  25202.3906,
       1,     166,     316,       5,       1,       3,       1,     10.0000,      1.3849,     42.3658,    244.4722,     61.5249,      3.4953,      0.0000,     -0.0303,      0.6247,      0.1226,      5.4904,     10.9809,      1.0834,     27.7842,     55.5685,      0.0189,      0.0005,      0.0156,      0.2030,   7560.7173,-417994.8125,   -910.4565,    542.1351,  25202.3906,
       1,     166,     316,       6,       1,       3,       1,     10.0000,      1.3849,     42.3658,    244.4722,     61.5249,      3.4953,      0.0000,     -0.0301,      0.3375,      0.1176,      5.4904,     10.9809,      1.0390,     27.7842,     55.5685,      0.0189,      0.0003,      0.0156,      0.2030,   7560.7173,-417038.3750,   -910.2130,    542.1999,  25202.3926,
       1,     166,     316,       7,       1,       3,       1,     10.0000,      1.3849,     42.3658,    244.4722,     61.5249,      3.4953,      0.0000,     -0.0299,      0.4081,      0.1122,      5.4904,     10.9809,      0.9912,     27.7842,     55.5685,      0.0189,      0.0003,      0.0156,      0.2030,   7560.7183,-416597.2500,   -910.0997,    542.2298,  25202.3906,
       1,     166,     316,       8,       1,       3,       1,     10.0000,      1.3849,     42.3658,    244.4722,     61.5249,      3.4953,      0.0072,     -0.0226,      0.3201,      0.1096,      5.4904,     10.9809,      0.9681,     27.7842,     55.5685,      0.0189,      0.0003,      0.0156,      0.2030,   7560.7173,-416648.5938,   -910.1246,    542.2263,  25202.3906,
       1,     166,     316,       9,       1,       3,       1,     10.0000,      1.3849,     42.3658,    244.4722,     61.5249,      3.4953,      0.0616,      0.0319,      1.1490,      0.1077,      5.4904,     10.9809,      0.9513,     27.7842,     55.5685,      0.0189,      0.0002,      0.0713,      0.2030,   7560.7173,-416542.8125,   -910.1080,    542.2335,  25202.3887,
       1,     166,     316,      10,       1,       3,       1,     10.0000,      1.3849,     42.3658,    244.4722,     61.5249,      3.4953,      0.1505,      0.1207,      3.2751,      0.1090,      5.4904,     10.9809,      0.9631,     27.7842,     55.5685,      0.0189,      0.0002,      0.2004,      0.2030,   7560.7168,-417571.8438,   -910.4593,    542.1638,  25202.3906,
       1,     166,     316,      11,       1,       3,       1,     10.0000,      1.3849,     42.3658,    244.4722,     61.5249,      3.4953,      0.1839,      0.1542,      4.0599,      0.1088,      5.4904,     10.9809,      0.9611,     27.7842,     55.5685,      0.0189,      0.0002,      0.2490,      0.2030,   7560.7173,-420321.0625,   -911.6257,    541.9774,  25202.3906,
       1,     166,     316,      12,       1,       3,       1,     10.0000,      1.3849,     42.3658,    244.4722,     61.5249,      3.4953,      0.1845,      0.1545,      4.3313,      0.1147,      5.4904,     10.9809,      1.0138,     27.7842,     55.5685,      0.0189,      0.0002,      0.2500,      0.2030,   7560.7173,-421537.2188,   -912.0236,    541.8951,  25202.3887,
       1,     166,     316,      13,       1,       3,       1,     10.0000,      1.3849,     42.3658,    244.4722,     61.5249,      3.4953,      0.1846,      0.1546,      4.2412,      0.1126,      5.4904,     10.9809,      0.9953,     27.7842,     55.5685,      0.0189,      0.0002,      0.2500,      0.2030,   7560.7168,-421980.3750,   -912.0158,    541.8650,  25202.3906,
       1,     166,     316,      14,       1,       3,       1,     10.0000,      1.3849,     42.3658,    244.4722,     61.5249,      3.4953,      0.1846,      0.1547,      4.2115,      0.1119,      5.4904,     10.9809,      0.9892,     27.7842,     55.5685,      0.0189,      0.0002,      0.2500,      0.2030,   7560.7173,-421904.9688,   -912.2266,    541.8701,  25202.3906,
       1,     166,     316,      15,       1,       3,       1,     10.0000,      1.3849,     42.3658,    244.4722,     61.5249,      3.4953,      0.1846,      0.1547,      4.2115,      0.1119,      5.4904,     10.9809,      0.9892,     27.7842,     55.5685,      0.0189,      0.0002,      0.2500,      0.2030,   7560.7173,-421861.5312,   -913.0308,    541.8731,  25202.3926,
       1,     166,     316,      16,       1,       3,       1,     10.0000,      1.3849,     42.3658,    244.4722,     61.5249,      3.4953,      0.0843,      0.0543,      1.7925,      0.1141,      5.4904,     10.9809,      1.0086,     27.7842,     55.5685,      0.0189,      0.0002,      0.1041,      0.2030,   7560.7183,-421857.4375,   -914.0576,    541.8734,  25202.3906,
       1,     166,     316,      17,       1,       3,       1,     10.0000,      1.3849,     42.3658,    244.4722,     61.5249,      3.4953,      0.0122,     -0.0180,      0.2799,      0.1183,      5.4904,     10.9809,      1.0454,     27.7842,     55.5685,      0.0189,      0.0002,      0.0156,      0.2030,   7560.7173,-418828.2500,   -910.8671,    542.0786,  25202.3906,
       1,     166,     316,      18,       1,       3,       1,     10.0000,      1.3849,     42.3658,    244.4722,     61.5249,      3.4953,      0.0113,     -0.0191,      0.2946,      0.1237,      5.4904,     10.9809,      1.0934,     27.7842,     55.5685,      0.0189,      0.0002,      0.0156,      0.2030,   7560.7173,-416677.4375,   -910.5105,    542.2244,  25202.3906,
       1,     166,     316,      19,       1,       3,       1,     10.0000,      1.3849,     42.3658,    244.4722,     61.5249,      3.4953,      0.0037,     -0.0265,      0.2888,      0.1199,      5.4904,     10.9809,      1.0593,     27.7842,     55.5685,      0.0189,      0.0002,      0.0156,      0.2030,   7560.7173,-416513.3438,   -910.5172,    542.2355,  25202.3906,
       1,     166,     316,      20,       1,       3,       1,     10.0000,      1.3849,     42.3658,    244.4722,     61.5249,      3.4953,      0.0001,     -0.0299,      0.6588,      0.1148,      5.4904,     10.9809,      1.0148,     27.7842,     55.5685,      0.0189,      0.0005,      0.0156,      0.2030,   7560.7173,-416492.0625,   -910.5322,    542.2369,  25202.3887,
       1,     166,     316,      21,       1,       3,       1,     10.0000,      1.3849,     42.3658,    244.4722,     61.5249,      3.4953,      0.0000,     -0.0301,      1.5399,      0.1182,      5.4904,     10.9809,      1.0443,     27.7842,     55.5685,      0.0189,      0.0012,      0.0156,      0.2030,   7560.7168,-416953.8438,   -910.6516,    542.2057,  25202.3887,
       1,     166,     316,      22,       1,       3,       1,     10.0000,      1.3849,     42.3658,    244.4722,     61.5249,      3.4953,      0.0000,     -0.0301,      1.3161,      0.1175,      5.4904,     10.9809,      1.0379,     27.7842,     55.5685,      0.0189,      0.0011,      0.0156,      0.2030,   7560.7168,-418096.1250,   -910.9941,    542.1282,  25202.3906,
       1,     166,     316,      23,       1,       3,       1,     10.0000,      1.3849,     42.3658,    244.4722,     61.5249,      3.4953,      0.0000,     -0.0300,      1.4188,      0.1156,      5.4904,     10.9809,      1.0211,     27.7842,     55.5685,      0.0189,      0.0011,      0.0156,      0.2030,   7560.7173,-417912.7188,   -911.0897,    542.1406,  25202.3906,
       1,     166,     316,      24,       1,       3,       1,     10.0000,      1.3849,     42.3658,    244.4722,     61.5249,      3.4953,      0.0000,     -0.0299,      1.1601,      0.1133,      5.4904,     10.9809,      1.0014,     27.7842,     55.5685,      0.0189,      0.0009,      0.0156,      0.2030,   7560.7173,-418025.7500,   -911.2752,    542.1329,  25202.3906,
       1,     166,     317,       1,       1,       3,       1,     10.0000,      1.3849,     42.3661,    244.4780,     61.5263,      3.4953,      0.0000,     -0.0299,      0.5470,      0.1134,      5.4914,     10.9828,      1.0024,     27.7775,     55.5550,      0.0189,      0.0004,      0.0156,      0.2030,   7560.7173,-417866.2188,   -911.6313,    542.1567,  25203.5137,
       1,     166,     317,       2,       1,       3,       1,     10.0000,      1.3849,     42.3661,    244.4780,     61.5263,      3.4953,      0.0000,     -0.0301,      0.3554,      0.1175,      5.4914,     10.9828,      1.0379,     27.7775,     55.5550,      0.0189,      0.0003,      0.0156,      0.2030,   7561.0542,-416932.7500,   -911.2506,    542.2199,  25203.5137,
       1,     166,     317,       3,       1,       3,       1,     10.0000,      1.3849,     42.3661,    244.4780,     61.5263,      3.4953,      0.0000,     -0.0300,      0.3286,      0.1146,      5.4914,     10.9828,      1.0128,     27.7775,     55.5550,      0.0189,      0.0003,      0.0156,      0.2030,   7561.0542,-416613.8125,   -911.2061,    542.2415,  25203.5156,
       1,     166,     317,       4,       1,       3,       1,     10.0000,      1.3849,     42.3661,    244.4780,     61.5263,      3.4953,      0.0000,     -0.0299,      0.5206,      0.1114,      5.4914,     10.9828,      0.9841,     27.7775,     55.5550,      0.0189,      0.0004,      0.0156,      0.2030,   7561.0552,-416552.9062,   -911.2042,    542.2455,  25203.5137,
       1,     166,     317,       5,       1,       3,       1,     10.0000,      1.3849,     42.3661,    244.4780,     61.5263,      3.4953,      0.0000,     -0.0297,      0.5326,      0.1079,      5.4914,     10.9828,      0.9533,     27.7775,     55.5550,      0.0189,      0.0004,      0.0156,      0.2030,   7561.0542,-416788.5625,   -911.2816,    542.2296,  25203.5137,
       1,     166,     317,       6,       1,       3,       1,     10.0000,      1.3849,     42.3661,    244.4780,     61.5263,      3.4953,      0.0000,     -0.0296,      0.6203,      0.1044,      5.4914,     10.9828,      0.9224,     27.7775,     55.5550,      0.0189,      0.0005,      0.0156,      0.2030,   7561.0542,-416823.4688,   -911.3164,    542.2273,  25203.5156,
       1,     166,     317,       7,       1,       3,       1,     10.0000,      1.3849,     42.3661,    244.4780,     61.5263,      3.4953,      0.0000,     -0.0295,      0.7054,      0.1035,      5.4914,     10.9828,      0.9148,     27.7775,     55.5550,      0.0189,      0.0006,      0.0156,      0.2030,   7561.0552,-416936.0312,   -911.3636,    542.2196,  25203.5137,
       1,     166,     317,       8,       1,       3,       1,     10.0000,      1.3849,     42.3661,    244.4780,     61.5263,      3.4953,      0.0029,     -0.0266,      0.4246,      0.1040,      5.4914,     10.9828,      0.9186,     27.7775,     55.5550,      0.0189,      0.0003,      0.0156,      0.2030,   7561.0542,-417052.3750,   -911.4356,    542.2117,  25203.5137,
       1,     166,     317,       9,       1,       3,       1,     10.0000,      1.3849,     42.3661,    244.4780,     61.5263,      3.4953,      0.0535,      0.0230,      1.7693,      0.1262,      5.4914,     10.9828,      1.1147,     27.7775,     55.5550,      0.0189,      0.0004,      0.0586,      0.2030,   7561.0542,-416710.6562,   -911.4052,    542.2349,  25203.5137,
       1,     166,     317,      10,       1,       3,       1,     10.0000,      1.3849,     42.3661,    244.4780,     61.5263,      3.4953,      0.1163,      0.0843,      4.0800,      0.1693,      5.4914,     10.9828,      1.4960,     27.7775,     55.5550,      0.0189,      0.0003,      0.1499,      0.2030,   7561.0542,-418365.1562,   -911.9175,    542.1227,  25203.5117,
       1,     166,     317,      11,       1,       3,       1,     10.0000,      1.3849,     42.3661,    244.4780,     61.5263,      3.4953,      0.1327,      0.1007,      4.6832,      0.1686,      5.4914,     10.9828,      1.4901,     27.7775,     55.5550,      0.0189,      0.0003,      0.1740,      0.2030,   7561.0537,-421399.0000,   -913.0524,    541.9172,  25203.5137,
       1,     166,     317,      12,       1,       3,       1,     10.0000,      1.3849,     42.3661,    244.4780,     61.5263,      3.4953,      0.1195,      0.0871,      4.5118,      0.1812,      5.4914,     10.9828,      1.6008,     27.7775,     55.5550,      0.0189,      0.0004,      0.1544,      0.2030,   7561.0542,-422411.2500,   -913.7535,    541.8487,  25203.5137,
       1,     166,     317,      13,       1,       3,       1,     10.0000,      1.3849,     42.3661,    244.4780,     61.5263,      3.4953,      0.1776,      0.1447,      7.7701,      0.1969,      5.4914,     10.9828,      1.7396,     27.7775,     55.5550,      0.0189,      0.0004,      0.2401,      0.2030,   7561.0542,-422282.5000,   -914.1286,    541.8574,  25203.5156,
       1,     166,     317,      14,       1,       3,       1,     10.0000,      1.3849,     42.3661,    244.4780,     61.5263,      3.4953,      0.1575,      0.1243,     22.3985,      0.2076,      5.4914,     10.9828,      1.8348,     27.7775,     55.5550,      0.0189,      0.0013,      0.2086,      0.2030,   7561.0552,-426351.0000,   -915.8989,    541.5818,  25203.5117,
       1,     166,     317,      15,       1,       3,       1,     10.0000,      1.3849,     42.3661,    244.4780,     61.5263,      3.4953,      0.1141,      0.0811,     45.3131,      0.2016,      5.4914,     10.9828,      1.7813,     27.7775,     55.5550,      0.0189,      0.0040,      0.1414,      0.2030,   7561.0537,-445013.5000,   -920.0947,    540.3185,  25203.5137,
       1,     166,     317,      16,       1,       3,       1,     10.0000,      1.3849,     42.3661,    244.4780,     61.5263,      3.4953,      0.1422,      0.1092,     63.3892,      0.2004,      5.4914,     10.9828,      1.7708,     27.7775,     55.5550,      0.0189,      0.0044,      0.1810,      0.2030,   7561.0542,-475299.2500,   -926.5778,    538.2745,  25203.5137,
       1,     166,     317,      17,       1,       3,       1,     10.0000,      1.3849,     42.3661,    244.4780,     61.5263,      3.4953,      0.1287,      0.0959,     61.8967,      0.1953,      5.4914,     10.9828,      1.7260,     27.7775,     55.5550,      0.0189,      0.0048,      0.1612,      0.2030,   7561.0542,-500522.9062,   -932.4120,    536.5812,  25203.5117,
       1,     166,     317,      18,       1,       3,       1,     10.0000,      1.3849,     42.3661,    244.4780,     61.5263,      3.4953,      0.1102,      0.0782,     59.0966,      0.1720,      5.4914,     10.9828,      1.5201,     27.7775,     55.5550,      0.0189,      0.0055,      0.1344,      0.2030,   7561.0537,-500788.8125,   -933.5640,    536.5660,  25203.5137,
       1,     166,     317,      19,       1,       3,       1,     10.0000,      1.3849,     42.3661,    244.4780,     61.5263,      3.4953,      0.0407,      0.0091,     17.4710,      0.1580,      5.4914,     10.9828,      1.3963,     27.7775,     55.5550,      0.0189,      0.0059,      0.0369,      0.2030,   7561.0542,-497297.5625,   -933.9285,    536.8002,  25203.5137,
       1,     166,     317,      20,       1,       3,       1,     10.0000,      1.3849,     42.3661,    244.4780,     61.5263,      3.4953,      0.0008,     -0.0305,      6.9787,      0.1482,      5.4914,     10.9828,      1.3093,     27.7775,     55.5550,      0.0189,      0.0056,      0.0156,      0.2030,   7561.0542,-444826.6875,   -924.8427,    540.3210,  25203.5156,
       1,     166,     317,      21,       1,       3,       1,     10.0000,      1.3849,     42.3661,    244.4780,     61.5263,      3.4953,      0.0000,     -0.0311,      7.1676,      0.1446,      5.4914,     10.9828,      1.2781,     27.7775,     55.5550,      0.0189,      0.0057,      0.0156,      0.2030,   7561.0552,-427283.2188,   -921.9725,    541.5175,  25203.5156,
       1,     166,     317,      22,       1,       3,       1,     10.0000,      1.3849,     42.3661,    244.4780,     61.5263,      3.4953,      0.0000,     -0.0311,      6.5435,      0.1430,      5.4914,     10.9828,      1.2640,     27.7775,     55.5550,      0.0189,      0.0052,      0.0156,      0.2030,   7561.0552,-426022.4688,   -922.0980,    541.6041,  25203.5137,
       1,     166,     317,      23,       1,       3,       1,     10.0000,      1.3849,     42.3661,    244.4780,     61.5263,      3.4953,      0.0000,     -0.0310,      4.6338,      0.1408,      5.4914,     10.9828,      1.2437,     27.7775,     55.5550,      0.0189,      0.0037,      0.0156,      0.2030,   7561.0542,-425132.5938,   -922.2244,    541.6644,  25203.5117,
       1,     166,     317,      24,       1,       3,       1,     10.0000,      1.3849,     42.3661,    244.4780,     61.5263,      3.4953,      0.0000,     -0.0310,      3.9039,      0.1392,      5.4914,     10.9828,      1.2300,     27.7775,     55.5550,      0.0189,      0.0031,      0.0156,      0.2030,   7561.0537,-422666.3750,   -921.9766,    541.8314,  25203.5156,
       1,     166,     318,       1,       1,       3,       1,     10.0000,      1.3850,     42.3664,    244.4837,     61.5278,      3.4953,      0.0000,     -0.0309,      2.4067,      0.1370,      5.4913,     10.9825,      1.2102,     27.7711,     55.5422,      0.0189,      0.0019,      0.0156,      0.2031,   7561.0552,-421696.8125,   -922.2501,    541.9099,  25204.6328,
       1,     166,     318,       2,       1,       3,       1,     10.0000,      1.3850,     42.3664,    244.4837,     61.5278,      3.4953,      0.0000,     -0.0308,      1.7720,      0.1344,      5.4913,     10.9825,      1.1872,     27.7711,     55.5422,      0.0189,      0.0014,      0.0156,      0.2031,   7561.3901,-419589.0625,   -921.7122,    542.0526,  25204.6348,
       1,     166,     318,       3,       1,       3,       1,     10.0000,      1.3850,     42.3664,    244.4837,     61.5278,      3.4953,      0.0000,     -0.0306,      2.1428,      0.1305,      5.4913,     10.9825,      1.1528,     27.7711,     55.5422,      0.0189,      0.0017,      0.0156,      0.2031,   7561.3906,-418615.5000,   -921.6086,    542.1186,  25204.6348,
       1,     166,     318,       4,       1,       3,       1,     10.0000,      1.3850,     42.3664,    244.4837,     61.5278,      3.4953,      0.0000,     -0.0306,      1.9110,      0.1297,      5.4913,     10.9825,      1.1458,     27.7711,     55.5422,      0.0189,      0.0015,      0.0156,      0.2031,   7561.3906,-418997.0938,   -921.7743,    542.0928,  25204.6348,
       1,     166,     318,       5,       1,       3,       1,     10.0000,      1.3850,     42.3664,    244.4837,     61.5278,      3.4953,      0.0000,     -0.0305,      1.5554,      0.1272,      5.4913,     10.9825,      1.1239,     27.7711,     55.5422,      0.0189,      0.0012,      0.0156,      0.2031,   7561.3906,-418739.2812,   -921.7970,    542.1102,  25204.6328,
       1,     166,     318,       6,       1,       3,       1,     10.0000,      1.3850,     42.3664,    244.4837,     61.5278,      3.4953,      0.0000,     -0.0304,      1.3778,      0.1250,      5.4913,     10.9825,      1.1046,     27.7711,     55.5422,      0.0189,      0.0011,      0.0156,      0.2031,   7561.3901,-418272.4688,   -921.7621,    542.1418,  25204.6328,
       1,     166,     318,       7,       1,       3,       1,     10.0000,      1.3850,     42.3664,    244.4837,     61.5278,      3.4953,      0.0000,     -0.0303,      1.2329,      0.1224,      5.4913,     10.9825,      1.0812,     27.7711,     55.5422,      0.0189,      0.0010,      0.0156,      0.2031,   7561.3901,-418010.5938,   -921.7693,    542.1596,  25204.6328,
       1,     166,     318,       8,       1,       3,       1,     10.0000,      1.3850,     42.3664,    244.4837,     61.5278,      3.4953,      0.0029,     -0.0274,      0.7881,      0.1206,      5.4913,     10.9825,      1.0659,     27.7711,     55.5422,      0.0189,      0.0006,      0.0156,      0.2031,   7561.3901,-417806.9375,   -921.7816,    542.1734,  25204.6348,
       1,     166,     318,       9,       1,       3,       1,     10.0000,      1.3850,     42.3664,    244.4837,     61.5278,      3.4953,      0.0491,      0.0186,      1.9236,      0.1280,      5.4913,     10.9825,      1.1308,     27.7711,     55.5422,      0.0189,      0.0005,      0.0521,      0.2031,   7561.3906,-417232.5312,   -921.7017,    542.2123,  25204.6348,
       1,     166,     318,      10,       1,       3,       1,     10.0000,      1.3850,     42.3664,    244.4837,     61.5278,      3.4953,      0.1522,      0.1206,      8.5064,      0.1571,      5.4913,     10.9825,      1.3879,     27.7711,     55.5422,      0.0189,      0.0005,      0.2023,      0.2031,   7561.3906,-418605.2812,   -922.0438,    542.1193,  25204.6328,
       1,     166,     318,      11,       1,       3,       1,     10.0000,      1.3850,     42.3664,    244.4837,     61.5278,      3.4953,      0.1770,      0.1451,     12.6186,      0.1668,      5.4913,     10.9825,      1.4738,     27.7711,     55.5422,      0.0189,      0.0007,      0.2386,      0.2031,   7561.3901,-426962.7500,   -923.9026,    541.5530,  25204.6348,
       1,     166,     318,      12,       1,       3,       1,     10.0000,      1.3850,     42.3664,    244.4837,     61.5278,      3.4953,      0.1850,      0.1529,     15.6883,      0.1725,      5.4913,     10.9825,      1.5247,     27.7711,     55.5422,      0.0189,      0.0008,      0.2500,      0.2031,   7561.3906,-432820.6875,   -925.3757,    541.1568,  25204.6348,
       1,     166,     318,      13,       1,       3,       1,     10.0000,      1.3850,     42.3664,    244.4837,     61.5278,      3.4953,      0.1842,      0.1513,      8.2973,      0.2002,      5.4913,     10.9825,      1.7691,     27.7711,     55.5422,      0.0189,      0.0004,      0.2500,      0.2031,   7561.3906,-437160.8438,   -926.6830,    540.8633,  25204.6348,
       1,     166,     318,      14,       1,       3,       1,     10.0000,      1.3850,     42.3664,    244.4837,     61.5278,      3.4953,      0.1521,      0.1195,      9.1058,      0.1891,      5.4913,     10.9825,      1.6706,     27.7711,     55.5422,      0.0189,      0.0006,      0.2021,      0.2031,   7561.3906,-428273.8750,   -925.3741,    541.4642,  25204.6348,
       1,     166,     318,      15,       1,       3,       1,     10.0000,      1.3850,     42.3664,    244.4837,     61.5278,      3.4953,      0.1877,      0.1550,     51.5082,      0.1904,      5.4913,     10.9825,      1.6822,     27.7711,     55.5422,      0.0189,      0.0026,      0.2500,      0.2031,   7561.3906,-428533.8438,   -925.6131,    541.4470,  25204.6328,
       1,     166,     318,      16,       1,       3,       1,     10.0000,      1.3850,     42.3664,    244.4837,     61.5278,      3.4953,      0.1708,      0.1384,     60.4668,      0.1826,      5.4913,     10.9825,      1.6136,     27.7711,     55.5422,      0.0189,      0.0034,      0.2239,      0.2031,   7561.3901,-481644.6562,   -936.2507,    537.8524,  25204.6348,
       1,     166,     318,      17,       1,       3,       1,     10.0000,      1.3850,     42.3664,    244.4837,     61.5278,      3.4953,      0.0410,      0.0093,      9.5494,      0.1606,      5.4913,     10.9825,      1.4189,     27.7711,     55.5422,      0.0189,      0.0031,      0.0381,      0.2030,   7561.3906,-497403.3125,   -939.7704,    536.8048,  25204.6328,
       1,     166,     318,      18,       1,       3,       1,     10.0000,      1.3850,     42.3664,    244.4837,     61.5278,      3.4953,      0.0074,     -0.0240,      5.3945,      0.1518,      5.4913,     10.9825,      1.3414,     27.7711,     55.5422,      0.0189,      0.0043,      0.0156,      0.2030,   7561.3901,-434908.5625,   -928.0019,    540.9992,  25204.6328,
       1,     166,     318,      19,       1,       3,       1,     10.0000,      1.3850,     42.3664,    244.4837,     61.5278,      3.4953,      0.0024,     -0.0286,      4.5134,      0.1426,      5.4913,     10.9825,      1.2602,     27.7711,     55.5422,      0.0189,      0.0036,      0.0156,      0.2031,   7561.3901,-424469.4062,   -926.1026,    541.7216,  25204.6348,
       1,     166,     318,      20,       1,       3,       1,     10.0000,      1.3850,     42.3664,    244.4837,     61.5278,      3.4953,      0.0000,     -0.0307,      4.5066,      0.1331,      5.4913,     10.9825,      1.1764,     27.7711,     55.5422,      0.0189,      0.0036,      0.0156,      0.2031,   7561.3906,-422461.8125,   -925.3875,    541.8580,  25204.6328,
       1,     166,     318,      21,       1,       3,       1,     10.0000,      1.3850,     42.3664,    244.4837,     61.5278,      3.4953,      0.0000,     -0.0307,      4.3071,      0.1331,      5.4913,     10.9825,      1.1764,     27.7711,     55.5422,      0.0189,      0.0034,      0.0156,      0.2031,   7561.3901,-422282.8750,   -925.4617,    541.8702,  25204.6348,
       1,     166,     318,      22,       1,       3,       1,     10.0000,      1.3850,     42.3664,    244.4837,     61.5278,      3.4953,      0.0000,     -0.0307,      3.2321,      0.1327,      5.4913,     10.9825,      1.1728,     27.7711,     55.5422,      0.0189,      0.0026,      0.0156,      0.2031,   7561.3906,-422017.6250,   -925.5032,    541.8882,  25204.6348,
       1,     166,     318,      23,       1,       3,       1,     10.0000,      1.3850,     42.3664,    244.4837,     61.5278,      3.4953,      0.0000,     -0.0307,      2.3981,      0.1321,      5.4913,     10.9825,      1.1669,     27.7711,     55.5422,      0.0189,      0.0019,      0.0156,      0.2031,   7561.3906,-420649.1875,   -925.3015,    541.9808,  25204.6348,
       1,     166,     318,      24,       1,       3,       1,     10.0000,      1.3850,     42.3664,    244.4837,     61.5278,      3.4953,      0.0000,     -0.0305,      1.6706,      0.1262,      5.4913,     10.9825,      1.1148,     27.7711,     55.5422,      0.0189,      0.0013,      0.0156,      0.2031,   7561.3906,-419489.1562,   -925.1237,    542.0594,  25204.6328,
       1,     166,     319,       1,       1,       3,       1,     10.0000,      1.3850,     42.3668,    244.4894,     61.5292,      3.4953,      0.0000,     -0.0302,      1.0600,      0.1210,      5.4919,     10.9837,      1.0692,     27.7651,     55.5302,      0.0189,      0.0008,      0.0156,      0.2031,   7561.3901,-418634.5000,   -919.7526,    542.1300,  25205.7539,
       1,     166,     319,       2,       1,       3,       1,     10.0000,      1.3850,     42.3668,    244.4894,     61.5292,      3.4953,      0.0000,     -0.0301,      1.2494,      0.1177,      5.4919,     10.9837,      1.0401,     27.7651,     55.5302,      0.0189,      0.0010,      0.0156,      0.2031,   7561.7266,-417646.2500,   -919.3840,    542.1970,  25205.7578,
       1,     166,     319,       3,       1,       3,       1,     10.0000,      1.3850,     42.3668,    244.4894,     61.5292,      3.4953,      0.0000,     -0.0302,      1.0521,      0.1201,      5.4919,     10.9837,      1.0616,     27.7651,     55.5302,      0.0189,      0.0008,      0.0156,      0.2031,   7561.7275,-417799.0000,   -919.4705,    542.1867,  25205.7578,
       1,     166,     319,       4,       1,       3,       1,     10.0000,      1.3850,     42.3668,    244.4894,     61.5292,      3.4953,      0.0000,     -0.0303,      1.0399,      0.1222,      5.4919,     10.9837,      1.0801,     27.7651,     55.5302,      0.0189,      0.0008,      0.0156,      0.2031,   7561.7275,-417565.0312,   -919.4839,    542.2026,  25205.7539,
       1,     166,     319,       5,       1,       3,       1,     10.0000,      1.3850,     42.3668,    244.4894,     61.5292,      3.4953,      0.0000,     -0.0302,      0.2994,      0.1195,      5.4919,     10.9837,      1.0562,     27.7651,     55.5302,      0.0189,      0.0002,      0.0156,      0.2031,   7561.7266,-417530.2188,   -919.5444,    542.2048,  25205.7559,
       1,     166,     319,       6,       1,       3,       1,     10.0000,      1.3850,     42.3668,    244.4894,     61.5292,      3.4953,      0.0000,     -0.0301,      0.2822,      0.1183,      5.4919,     10.9837,      1.0454,     27.7651,     55.5302,      0.0189,      0.0002,      0.0156,      0.2031,   7561.7271,-416600.3125,   -919.3741,    542.2679,  25205.7559,
       1,     166,     319,       7,       1,       3,       1,     10.0000,      1.3850,     42.3668,    244.4894,     61.5292,      3.4953,      0.0000,     -0.0301,      0.2832,      0.1178,      5.4919,     10.9837,      1.0412,     27.7651,     55.5302,      0.0189,      0.0002,      0.0156,      0.2031,   7561.7271,-416499.8438,   -919.3570,    542.2748,  25205.7559,
       1,     166,     319,       8,       1,       3,       1,     10.0000,      1.3850,     42.3668,    244.4894,     61.5292,      3.4953,      0.0044,     -0.0256,      0.2738,      0.1160,      5.4919,     10.9837,      1.0253,     27.7651,     55.5302,      0.0189,      0.0002,      0.0156,      0.2031,   7561.7271,-416492.5312,   -919.3571,    542.2753,  25205.7559,
       1,     166,     319,       9,       1,       3,       1,     10.0000,      1.3850,     42.3668,    244.4894,     61.5292,      3.4953,      0.0483,      0.0180,      0.9557,      0.1224,      5.4919,     10.9837,      1.0812,     27.7651,     55.5302,      0.0189,      0.0002,      0.0512,      0.2031,   7561.7271,-416480.1250,   -919.3643,    542.2761,  25205.7559,
       1,     166,     319,      10,       1,       3,       1,     10.0000,      1.3850,     42.3668,    244.4894,     61.5292,      3.4953,      0.1287,      0.0969,      4.3373,      0.1625,      5.4919,     10.9837,      1.4360,     27.7651,     55.5302,      0.0189,      0.0003,      0.1681,      0.2031,   7561.7271,-417332.5938,   -919.6437,    542.2183,  25205.7559,
       1,     166,     319,      11,       1,       3,       1,     10.0000,      1.3850,     42.3668,    244.4894,     61.5292,      3.4953,      0.1780,      0.1461,      6.4507,      0.1680,      5.4919,     10.9837,      1.4842,     27.7651,     55.5302,      0.0189,      0.0003,      0.2407,      0.2031,   7561.7271,-421637.7500,   -920.7847,    541.9265,  25205.7578,
       1,     166,     319,      12,       1,       3,       1,     10.0000,      1.3850,     42.3668,    244.4894,     61.5292,      3.4953,      0.1842,      0.1514,      8.0588,      0.1973,      5.4919,     10.9837,      1.7432,     27.7651,     55.5302,      0.0189,      0.0004,      0.2500,      0.2031,   7561.7275,-424648.4062,   -922.1449,    541.7227,  25205.7559,
       1,     166,     319,      13,       1,       3,       1,     10.0000,      1.3850,     42.3668,    244.4894,     61.5292,      3.4953,      0.1842,      0.1515,      7.9048,      0.1940,      5.4919,     10.9837,      1.7141,     27.7651,     55.5302,      0.0189,      0.0004,      0.2500,      0.2031,   7561.7271,-426916.9062,   -923.6241,    541.5690,  25205.7578,
       1,     166,     319,      14,       1,       3,       1,     10.0000,      1.3850,     42.3668,    244.4894,     61.5292,      3.4953,      0.1843,      0.1512,      9.4203,      0.2036,      5.4919,     10.9837,      1.7991,     27.7651,     55.5302,      0.0189,      0.0005,      0.2500,      0.2031,   7561.7275,-426916.3750,   -924.3900,    541.5692,  25205.7559,
       1,     166,     319,      15,       1,       3,       1,     10.0000,      1.3850,     42.3668,    244.4894,     61.5292,      3.4953,      0.1696,      0.1366,     52.3639,      0.2020,      5.4919,     10.9837,      1.7849,     27.7651,     55.5302,      0.0189,      0.0029,      0.2230,      0.2031,   7561.7271,-428813.5312,   -925.3114,    541.4407,  25205.7559,
       1,     166,     319,      16,       1,       3,       1,     10.0000,      1.3850,     42.3668,    244.4894,     61.5292,      3.4953,      0.1760,      0.1439,     54.8034,      0.1736,      5.4919,     10.9837,      1.5338,     27.7651,     55.5302,      0.0189,      0.0029,      0.2321,      0.2031,   7561.7271,-482734.9062,   -936.1350,    537.7913,  25205.7559,
       1,     166,     319,      17,       1,       3,       1,     10.0000,      1.3850,     42.3668,    244.4894,     61.5292,      3.4953,      0.1500,      0.1180,     69.4987,      0.1703,      5.4919,     10.9837,      1.5051,     27.7651,     55.5302,      0.0189,      0.0045,      0.1920,      0.2030,   7561.7271,-490394.3750,   -938.2314,    537.2887,  25205.7539,
       1,     166,     319,      18,       1,       3,       1,     10.0000,      1.3850,     42.3668,    244.4894,     61.5292,      3.4953,      0.0914,      0.0599,     34.8628,      0.1533,      5.4919,     10.9837,      1.3549,     27.7651,     55.5302,      0.0189,      0.0040,      0.1097,      0.2030,   7561.7266,-509441.0312,   -941.5551,    536.0098,  25205.7539,
       1,     166,     319,      19,       1,       3,       1,     10.0000,      1.3850,     42.3668,    244.4894,     61.5292,      3.4953,      0.0246,     -0.0069,      5.5830,      0.1526,      5.4919,     10.9837,      1.3481,     27.7651,     55.5302,      0.0189,      0.0047,      0.0147,      0.2030,   7561.7266,-467642.1250,   -934.1262,    538.8118,  25205.7520,
       1,     166,     319,      20,       1,       3,       1,     10.0000,      1.3850,     42.3668,    244.4894,     61.5292,      3.4953,      0.0003,     -0.0310,      5.5205,      0.1495,      5.4919,     10.9837,      1.3213,     27.7651,     55.5302,      0.0189,      0.0044,      0.0156,      0.2031,   7561.7261,-427455.5938,   -926.7622,    541.5258,  25205.7539,
       1,     166,     319,      21,       1,       3,       1,     10.0000,      1.3850,     42.3668,    244.4894,     61.5292,      3.4953,      0.0000,     -0.0311,      3.4766,      0.1442,      5.4919,     10.9837,      1.2743,     27.7651,     55.5302,      0.0189,      0.0028,      0.0156,      0.2031,   7561.7266,-423986.0625,   -926.2905,    541.7675,  25205.7559,
       1,     166,     319,      22,       1,       3,       1,     10.0000,      1.3850,     42.3668,    244.4894,     61.5292,      3.4953,      0.0000,     -0.0310,      2.7586,      0.1398,      5.4919,     10.9837,      1.2350,     27.7651,     55.5302,      0.0189,      0.0022,      0.0156,      0.2031,   7561.7271,-421124.8125,   -925.8630,    541.9613,  25205.7539,
       1,     166,     319,      23,       1,       3,       1,     10.0000,      1.3850,     42.3668,    244.4894,     61.5292,      3.4953,      0.0000,     -0.0307,      1.9602,      0.1329,      5.4919,     10.9837,      1.1741,     27.7651,     55.5302,      0.0189,      0.0016,      0.0156,      0.2031,   7561.7266,-419983.5000,   -925.7263,    542.0386,  25205.7539,
       1,     166,     319,      24,       1,       3,       1,     10.0000,      1.3850,     42.3668,    244.4894,     61.5292,      3.4953,      0.0000,     -0.0305,      1.8193,      0.1277,      5.4919,     10.9837,      1.1285,     27.7651,     55.5302,      0.0189,      0.0015,      0.0156,      0.2031,   7561.7266,-418887.2812,   -925.5531,    542.1129,  25205.7539,
       1,     166,     320,       1,       1,       3,       1,     10.0000,      1.3850,     42.3671,    244.4952,     61.5307,      3.4953,      0.0000,     -0.0304,      1.5351,      0.1257,      5.4915,     10.9829,      1.1103,     27.7643,     55.5287,      0.0189,      0.0012,      0.0156,      0.2031,   7561.7266,-418772.0938,   -925.8327,    542.1334,  25206.8750,
       1,     166,     320,       2,       1,       3,       1,     10.0000,      1.3850,     42.3671,    244.4952,     61.5307,      3.4953,      0.0000,     -0.0306,      1.0463,      0.1302,      5.4915,     10.9829,      1.1505,     27.7643,     55.5287,      0.0189,      0.0008,      0.0156,      0.2031,   7562.0630,-418255.1250,   -925.5001,    542.1685,  25206.8711,
       1,     166,     320,       3,       1,       3,       1,     10.0000,      1.3850,     42.3671,    244.4952,     61.5307,      3.4953,      0.0000,     -0.0306,      0.8169,      0.1295,      5.4915,     10.9829,      1.1447,     27.7643,     55.5287,      0.0189,      0.0007,      0.0156,      0.2031,   7562.0615,-417599.8125,   -925.3899,    542.2128,  25206.8750,
       1,     166,     320,       4,       1,       3,       1,     10.0000,      1.3850,     42.3671,    244.4952,     61.5307,      3.4953,      0.0000,     -0.0304,      0.3649,      0.1259,      5.4915,     10.9829,      1.1126,     27.7643,     55.5287,      0.0189,      0.0003,      0.0156,      0.2031,   7562.0630,-417256.9062,   -925.3356,    542.2361,  25206.8730,
       1,     166,     320,       5,       1,       3,       1,     10.0000,      1.3850,     42.3671,    244.4952,     61.5307,      3.4953,      0.0000,     -0.0303,      0.4439,      0.1232,      5.4915,     10.9829,      1.0890,     27.7643,     55.5287,      0.0189,      0.0004,      0.0156,      0.2031,   7562.0620,-416662.0938,   -925.2263,    542.2765,  25206.8711,
       1,     166,     320,       6,       1,       3,       1,     10.0000,      1.3850,     42.3671,    244.4952,     61.5307,      3.4953,      0.0000,     -0.0303,      0.8392,      0.1215,      5.4915,     10.9829,      1.0736,     27.7643,     55.5287,      0.0189,      0.0007,      0.0156,      0.2031,   7562.0615,-416710.6562,   -925.2421,    542.2731,  25206.8730,
       1,     166,     320,       7,       1,       3,       1,     10.0000,      1.3850,     42.3671,    244.4952,     61.5307,      3.4953,      0.0000,     -0.0303,      0.2916,      0.1226,      5.4915,     10.9829,      1.0835,     27.7643,     55.5287,      0.0189,      0.0002,      0.0156,      0.2031,   7562.0620,-417209.4688,   -925.3575,    542.2394,  25206.8730,
       1,     166,     320,       8,       1,       3,       1,     10.0000,      1.3850,     42.3671,    244.4952,     61.5307,      3.4953,      0.0099,     -0.0205,      0.2985,      0.1251,      5.4915,     10.9829,      1.1058,     27.7643,     55.5287,      0.0189,      0.0002,      0.0156,      0.2031,   7562.0620,-416566.3125,   -925.2363,    542.2830,  25206.8730,
       1,     166,     320,       9,       1,       3,       1,     10.0000,      1.3850,     42.3671,    244.4952,     61.5307,      3.4953,      0.0825,      0.0518,      2.0486,      0.1318,      5.4915,     10.9829,      1.1646,     27.7643,     55.5287,      0.0189,      0.0003,      0.1009,      0.2031,   7562.0620,-416520.3125,   -925.2345,    542.2860,  25206.8730,
       1,     166,     320,      10,       1,       3,       1,     10.0000,      1.3850,     42.3671,    244.4952,     61.5307,      3.4953,      0.1587,      0.1272,      5.1838,      0.1549,      5.4915,     10.9829,      1.3686,     27.7643,     55.5287,      0.0189,      0.0003,      0.2123,      0.2031,   7562.0620,-418706.9375,   -925.7133,    542.1379,  25206.8750,
       1,     166,     320,      11,       1,       3,       1,     10.0000,      1.3850,     42.3671,    244.4952,     61.5307,      3.4953,      0.1731,      0.1413,      6.1653,      0.1658,      5.4915,     10.9829,      1.4651,     27.7643,     55.5287,      0.0189,      0.0003,      0.2335,      0.2031,   7562.0630,-422816.0000,   -926.6693,    541.8594,  25206.8711,
       1,     166,     320,      12,       1,       3,       1,     10.0000,      1.3850,     42.3671,    244.4952,     61.5307,      3.4953,      0.1696,      0.1371,      7.2596,      0.1857,      5.4915,     10.9829,      1.6411,     27.7643,     55.5287,      0.0189,      0.0004,      0.2283,      0.2031,   7562.0615,-424393.6875,   -927.2430,    541.7526,  25206.8711,
       1,     166,     320,      13,       1,       3,       1,     10.0000,      1.3850,     42.3671,    244.4952,     61.5307,      3.4953,      0.1515,      0.1186,      7.9774,      0.2002,      5.4915,     10.9829,      1.7692,     27.7643,     55.5287,      0.0189,      0.0005,      0.2014,      0.2031,   7562.0615,-425897.1250,   -927.7296,    541.6508,  25206.8730,
       1,     166,     320,      14,       1,       3,       1,     10.0000,      1.3850,     42.3671,    244.4952,     61.5307,      3.4953,      0.1677,      0.1355,      8.3888,      0.1745,      5.4915,     10.9829,      1.5415,     27.7643,     55.5287,      0.0189,      0.0005,      0.2252,      0.2031,   7562.0620,-426922.8125,   -928.0717,    541.5814,  25206.8730,
       1,     166,     320,      15,       1,       3,       1,     10.0000,      1.3850,     42.3671,    244.4952,     61.5307,      3.4953,      0.1749,      0.1435,     28.3736,      0.1512,      5.4915,     10.9829,      1.3360,     27.7643,     55.5287,      0.0189,      0.0015,      0.2334,      0.2031,   7562.0620,-427524.6875,   -912.7023,    541.5406,  25206.8770,
       1,     166,     320,      16,       1,       3,       1,     10.0000,      1.3850,     42.3671,    244.4952,     61.5307,      3.4953,      0.1769,      0.1456,     41.2591,      0.1503,      5.4915,     10.9829,      1.3280,     27.7643,     55.5287,      0.0189,      0.0022,      0.2349,      0.2031,   7562.0635,-452590.7188,   -918.3866,    539.8439,  25206.8750,
       1,     166,     320,      17,       1,       3,       1,     10.0000,      1.3850,     42.3671,    244.4952,     61.5307,      3.4953,      0.1254,      0.0938,     41.0107,      0.1561,      5.4915,     10.9829,      1.3797,     27.7643,     55.5287,      0.0189,      0.0032,      0.1590,      0.2031,   7562.0630,-470857.2188,   -923.0319,    538.6138,  25206.8750,
       1,     166,     320,      18,       1,       3,       1,     10.0000,      1.3850,     42.3671,    244.4952,     61.5307,      3.4953,      0.0945,      0.0631,     34.8713,      0.1509,      5.4915,     10.9829,      1.3334,     27.7643,     55.5287,      0.0189,      0.0038,      0.1143,      0.2031,   7562.0630,-472092.9062,   -924.2599,    538.5320,  25206.8730,
       1,     166,     320,      19,       1,       3,       1,     10.0000,      1.3850,     42.3671,    244.4952,     61.5307,      3.4953,      0.0356,      0.0046,      5.7207,      0.1401,      5.4915,     10.9829,      1.2375,     27.7643,     55.5287,      0.0189,      0.0023,      0.0314,      0.2031,   7562.0620,-464506.0000,   -919.7365,    539.0428,  25206.8750,
       1,     166,     320,      20,       1,       3,       1,     10.0000,      1.3850,     42.3671,    244.4952,     61.5307,      3.4953,      0.0006,     -0.0303,      0.5625,      0.1386,      5.4915,     10.9829,      1.2251,     27.7643,     55.5287,      0.0189,      0.0004,      0.0156,      0.2031,   7562.0630,-427356.8750,   -913.4840,    541.5461,  25206.8750,
       1,     166,     320,      21,       1,       3,       1,     10.0000,      1.3850,     42.3671,    244.4952,     61.5307,      3.4953,      0.0000,     -0.0309,      1.0350,      0.1388,      5.4915,     10.9829,      1.2263,     27.7643,     55.5287,      0.0189,      0.0008,      0.0156,      0.2031,   7562.0630,-417772.4062,   -911.7900,    542.2007,  25206.8730,
       1,     166,     320,      22,       1,       3,       1,     10.0000,      1.3850,     42.3671,    244.4952,     61.5307,      3.4953,      0.0000,     -0.0309,      1.7077,      0.1381,      5.4915,     10.9829,      1.2201,     27.7643,     55.5287,      0.0189,      0.0014,      0.0156,      0.2031,   7562.0620,-417545.0000,   -910.3683,    542.2166,  25206.8770,
       1,     166,     320,      23,       1,       3,       1,     10.0000,      1.3850,     42.3671,    244.4952,     61.5307,      3.4953,      0.0000,     -0.0309,      1.1982,      0.1371,      5.4915,     10.9829,      1.2115,     27.7643,     55.5287,      0.0189,      0.0010,      0.0156,      0.2031,   7562.0635,-418366.9062,   -910.7126,    542.1609,  25206.8750,
       1,     166,     320,      24,       1,       3,       1,     10.0000,      1.3850,     42.3671,    244.4952,     61.5307,      3.4953,      0.0000,     -0.0308,      0.4166,      0.1348,      5.4915,     10.9829,      1.1909,     27.7643,     55.5287,      0.0189,      0.0003,      0.0156,      0.2031,   7562.0630,-417799.0625,   -910.7254,    542.1993,  25206.8750,
       1,     166,     321,       1,       1,       3,       1,     10.0000,      1.3850,     42.3674,    244.5009,     61.5321,      3.4953,      0.0000,     -0.0307,      0.4466,      0.1326,      5.4915,     10.9830,      1.1717,     27.7636,     55.5272,      0.0189,      0.0004,      0.0156,      0.2031,   7562.0630,-416927.4062,   -910.8372,    542.2712,  25207.9980,
       1,     166,     321,       2,       1,       3,       1,     10.0000,      1.3850,     42.3674,    244.5009,     61.5321,      3.4953,      0.0000,     -0.0305,      0.7182,      0.1281,      5.4915,     10.9830,      1.1320,     27.7636,     55.5272,      0.0189,      0.0006,      0.0156,      0.2031,   7562.3999,-416739.3125,   -910.5721,    542.2840,  25207.9961,
       1,     166,     321,       3,       1,       3,       1,     10.0000,      1.3850,     42.3674,    244.5009,     61.5321,      3.4953,      0.0000,     -0.0304,      0.5497,      0.1250,      5.4915,     10.9830,      1.1047,     27.7636,     55.5272,      0.0189,      0.0004,      0.0156,      0.2031,   7562.3989,-417063.1875,   -910.6899,    542.2620,  25208.0000,
       1,     166,     321,       4,       1,       3,       1,     10.0000,      1.3850,     42.3674,    244.5009,     61.5321,      3.4953,      0.0000,     -0.0303,      0.3628,      0.1214,      5.4915,     10.9830,      1.0725,     27.7636,     55.5272,      0.0189,      0.0003,      0.0156,      0.2031,   7562.4004,-416879.1875,   -910.6857,    542.2744,  25207.9980,
       1,     166,     321,       5,       1,       3,       1,     10.0000,      1.3850,     42.3674,    244.5009,     61.5321,      3.4953,      0.0000,     -0.0302,      0.2842,      0.1199,      5.4915,     10.9830,      1.0595,     27.7636,     55.5272,      0.0189,      0.0002,      0.0156,      0.2031,   7562.3999,-416630.3125,   -910.6500,    542.2913,  25207.9980,
       1,     166,     321,       6,       1,       3,       1,     10.0000,      1.3850,     42.3674,    244.5009,     61.5321,      3.4953,      0.0000,     -0.0303,      0.2987,      0.1235,      5.4915,     10.9830,      1.0913,     27.7636,     55.5272,      0.0189,      0.0002,      0.0156,      0.2031,   7562.3999,-416510.6875,   -910.6296,    542.2994,  25207.9980,
       1,     166,     321,       7,       1,       3,       1,     10.0000,      1.3850,     42.3674,    244.5009,     61.5321,      3.4953,      0.0000,     -0.0304,      0.3222,      0.1251,      5.4915,     10.9830,      1.1058,     27.7636,     55.5272,      0.0189,      0.0003,      0.0156,      0.2031,   7562.3999,-416518.8125,   -910.6333,    542.2989,  25207.9980,
       1,     166,     321,       8,       1,       3,       1,     10.0000,      1.3850,     42.3674,    244.5009,     61.5321,      3.4953,      0.0085,     -0.0219,      0.3281,      0.1239,      5.4915,     10.9830,      1.0946,     27.7636,     55.5272,      0.0189,      0.0003,      0.0156,      0.2031,   7562.3999,-416548.8438,   -910.6429,    542.2969,  25207.9980,
       1,     166,     321,       9,       1,       3,       1,     10.0000,      1.3850,     42.3674,    244.5009,     61.5321,      3.4953,      0.1149,      0.0843,      2.9729,      0.1303,      5.4915,     10.9830,      1.1517,     27.7636,     55.5272,      0.0189,      0.0002,      0.1483,      0.2031,   7562.3999,-416558.7188,   -910.6870,    542.2962,  25207.9980,
       1,     166,     321,      10,       1,       3,       1,     10.0000,      1.3850,     42.3674,    244.5009,     61.5321,      3.4953,      0.1681,      0.1360,      6.1918,      0.1712,      5.4915,     10.9830,      1.5127,     27.7636,     55.5272,      0.0189,      0.0003,      0.2261,      0.2031,   7562.3999,-419869.2188,   -911.8524,    542.0718,  25207.9980,
       1,     166,     321,      11,       1,       3,       1,     10.0000,      1.3850,     42.3674,    244.5009,     61.5321,      3.4953,      0.1843,      0.1521,      7.0379,      0.1753,      5.4915,     10.9830,      1.5493,     27.7636,     55.5272,      0.0189,      0.0004,      0.2500,      0.2031,   7562.3999,-424178.4375,   -913.8052,    541.7799,  25208.0000,
       1,     166,     321,      12,       1,       3,       1,     10.0000,      1.3850,     42.3674,    244.5009,     61.5321,      3.4953,      0.1843,      0.1519,      7.3750,      0.1826,      5.4915,     10.9830,      1.6137,     27.7636,     55.5272,      0.0189,      0.0004,      0.2500,      0.2031,   7562.4004,-425602.4062,   -915.4924,    541.6835,  25207.9980,
       1,     166,     321,      13,       1,       3,       1,     10.0000,      1.3850,     42.3674,    244.5009,     61.5321,      3.4953,      0.1842,      0.1512,      8.3476,      0.2034,      5.4915,     10.9830,      1.7974,     27.7636,     55.5272,      0.0189,      0.0004,      0.2500,      0.2031,   7562.3999,-426145.3750,   -916.9841,    541.6467,  25207.9961,
       1,     166,     321,      14,       1,       3,       1,     10.0000,      1.3850,     42.3674,    244.5009,     61.5321,      3.4953,      0.1825,      0.1493,     11.7204,      0.2118,      5.4915,     10.9830,      1.8714,     27.7636,     55.5272,      0.0189,      0.0006,      0.2472,      0.2031,   7562.3989,-427408.8750,   -918.2887,    541.5612,  25208.0000,
       1,     166,     321,      15,       1,       3,       1,     10.0000,      1.3850,     42.3674,    244.5009,     61.5321,      3.4953,      0.1785,      0.1449,     57.2003,      0.2216,      5.4915,     10.9830,      1.9578,     27.7636,     55.5272,      0.0189,      0.0030,      0.2359,      0.2031,   7562.4004,-431736.7188,   -919.9305,    541.2682,  25207.9980,
       1,     166,     321,      16,       1,       3,       1,     10.0000,      1.3850,     42.3674,    244.5009,     61.5321,      3.4953,      0.1692,      0.1364,     52.1746,      0.1955,      5.4915,     10.9830,      1.7278,     27.7636,     55.5272,      0.0189,      0.0029,      0.2225,      0.2031,   7562.3999,-489029.0000,   -931.6860,    537.3920,  25207.9980,
       1,     166,     321,      17,       1,       3,       1,     10.0000,      1.3850,     42.3674,    244.5009,     61.5321,      3.4953,      0.1783,      0.1463,     56.0054,      0.1705,      5.4915,     10.9830,      1.5066,     27.7636,     55.5272,      0.0189,      0.0030,      0.2354,      0.2031,   7562.3999,-487624.4062,   -932.3547,    537.5002,  25207.9980,
       1,     166,     321,      18,       1,       3,       1,     10.0000,      1.3850,     42.3674,    244.5009,     61.5321,      3.4953,      0.1275,      0.0958,     49.5474,      0.1606,      5.4915,     10.9830,      1.4190,     27.7636,     55.5272,      0.0189,      0.0038,      0.1612,      0.2031,   7562.3999,-492287.2188,   -934.1467,    537.1870,  25207.9961,
       1,     166,     321,      19,       1,       3,       1,     10.0000,      1.3850,     42.3674,    244.5009,     61.5321,      3.4953,      0.0506,      0.0192,     16.7529,      0.1526,      5.4915,     10.9830,      1.3482,     27.7636,     55.5272,      0.0189,      0.0040,      0.0518,      0.2031,   7562.3989,-484591.1250,   -933.4030,    537.7038,  25207.9980,
       1,     166,     321,      20,       1,       3,       1,     10.0000,      1.3850,     42.3674,    244.5009,     61.5321,      3.4953,      0.0008,     -0.0302,      5.4722,      0.1405,      5.4915,     10.9830,      1.2413,     27.7636,     55.5272,      0.0189,      0.0044,      0.0156,      0.2031,   7562.3999,-442862.0312,   -925.9631,    540.5089,  25207.9980,
       1,     166,     321,      21,       1,       3,       1,     10.0000,      1.3850,     42.3674,    244.5009,     61.5321,      3.4953,      0.0000,     -0.0307,      4.0085,      0.1321,      5.4915,     10.9830,      1.1670,     27.7636,     55.5272,      0.0189,      0.0032,      0.0156,      0.2031,   7562.3999,-425232.9688,   -915.3937,    541.7072,  25207.9980,
       1,     166,     321,      22,       1,       3,       1,     10.0000,      1.3850,     42.3674,    244.5009,     61.5321,      3.4953,      0.0000,     -0.0308,      2.6100,      0.1346,      5.4915,     10.9830,      1.1897,     27.7636,     55.5272,      0.0189,      0.0021,      0.0156,      0.2031,   7562.3999,-421902.6250,   -911.4805,    541.9341,  25207.9980,
       1,     166,     321,      23,       1,       3,       1,     10.0000,      1.3850,     42.3674,    244.5009,     61.5321,      3.4953,      0.0000,     -0.0307,      2.3971,      0.1338,      5.4915,     10.9830,      1.1825,     27.7636,     55.5272,      0.0189,      0.0019,      0.0156,      0.2031,   7562.3999,-419868.3438,   -910.9108,    542.0719,  25207.9961,
       1,     166,     321,      24,       1,       3,       1,     10.0000,      1.3850,     42.3674,    244.5009,     61.5321,      3.4953,      0.0000,     -0.0308,      1.7173,      0.1360,      5.4915,     10.9830,      1.2018,     27.7636,     55.5272,      0.0189,      0.0014,      0.0156,      0.2031,   7562.3989,-419429.5625,   -911.0151,    542.1016,  25207.9980,
       1,     166,     322,       1,       1,       3,       1,     10.0000,      1.3851,     42.3678,    244.5066,     61.5336,      3.4953,      0.0000,     -0.0309,      0.6136,      0.1375,      5.4912,     10.9825,      1.2153,     27.7679,     55.5358,      0.0189,      0.0005,      0.0156,      0.2032,   7562.3999,-418695.5312,   -911.3016,    542.1640,  25209.1172,
       1,     166,     322,       2,       1,       3,       1,     10.0000,      1.3851,     42.3678,    244.5066,     61.5336,      3.4953,      0.0000,     -0.0309,      0.3340,      0.1381,      5.4912,     10.9825,      1.2202,     27.7679,     55.5358,      0.0189,      0.0003,      0.0156,      0.2032,   7562.7354,-417101.2188,   -910.8005,    542.2721,  25209.1191,
       1,     166,     322,       3,       1,       3,       1,     10.0000,      1.3851,     42.3678,    244.5066,     61.5336,      3.4953,      0.0000,     -0.0308,      0.3230,      0.1341,      5.4912,     10.9825,      1.1849,     27.7679,     55.5358,      0.0189,      0.0003,      0.0156,      0.2032,   7562.7358,-416615.7188,   -910.7144,    542.3050,  25209.1191,
       1,     166,     322,       4,       1,       3,       1,     10.0000,      1.3851,     42.3678,    244.5066,     61.5336,      3.4953,      0.0000,     -0.0306,      0.3130,      0.1305,      5.4912,     10.9825,      1.1529,     27.7679,     55.5358,      0.0189,      0.0003,      0.0156,      0.2032,   7562.7358,-416560.7812,   -910.7060,    542.3087,  25209.1191,
       1,     166,     322,       5,       1,       3,       1,     10.0000,      1.3851,     42.3678,    244.5066,     61.5336,      3.4953,      0.0000,     -0.0305,      0.3080,      0.1286,      5.4912,     10.9825,      1.1366,     27.7679,     55.5358,      0.0189,      0.0002,      0.0156,      0.2032,   7562.7358,-416543.6875,   -910.7044,    542.3099,  25209.1211,
       1,     166,     322,       6,       1,       3,       1,     10.0000,      1.3851,     42.3678,    244.5066,     61.5336,      3.4953,      0.0000,     -0.0305,      0.3023,      0.1266,      5.4912,     10.9825,      1.1183,     27.7679,     55.5358,      0.0189,      0.0002,      0.0156,      0.2032,   7562.7368,-416535.6250,   -910.7042,    542.3104,  25209.1191,
       1,     166,     322,       7,       1,       3,       1,     10.0000,      1.3851,     42.3678,    244.5066,     61.5336,      3.4953,      0.0000,     -0.0304,      0.2978,      0.1249,      5.4912,     10.9825,      1.1036,     27.7679,     55.5358,      0.0189,      0.0002,      0.0156,      0.2032,   7562.7358,-416528.0938,   -910.7045,    542.3110,  25209.1191,
       1,     166,     322,       8,       1,       3,       1,     10.0000,      1.3851,     42.3678,    244.5066,     61.5336,      3.4953,      0.0089,     -0.0215,      0.3009,      0.1260,      5.4912,     10.9825,      1.1137,     27.7679,     55.5358,      0.0189,      0.0002,      0.0156,      0.2032,   7562.7358,-416521.7188,   -910.7048,    542.3113,  25209.1191,
       1,     166,     322,       9,       1,       3,       1,     10.0000,      1.3851,     42.3678,    244.5066,     61.5336,      3.4953,      0.1172,      0.0865,      3.1401,      0.1341,      5.4912,     10.9825,      1.1849,     27.7679,     55.5358,      0.0189,      0.0003,      0.1517,      0.2032,   7562.7358,-416525.2188,   -910.7379,    542.3112,  25209.1191,
       1,     166,     322,      10,       1,       3,       1,     10.0000,      1.3851,     42.3678,    244.5066,     61.5336,      3.4953,      0.1695,      0.1383,      5.3161,      0.1486,      5.4912,     10.9825,      1.3134,     27.7679,     55.5358,      0.0189,      0.0003,      0.2282,      0.2032,   7562.7358,-420077.9062,   -911.8807,    542.0704,  25209.1172,
       1,     166,     322,      11,       1,       3,       1,     10.0000,      1.3851,     42.3678,    244.5066,     61.5336,      3.4953,      0.1824,      0.1503,      6.9047,      0.1741,      5.4912,     10.9825,      1.5385,     27.7679,     55.5358,      0.0189,      0.0003,      0.2472,      0.2032,   7562.7354,-423102.5312,   -913.3865,    541.8655,  25209.1191,
       1,     166,     322,      12,       1,       3,       1,     10.0000,      1.3851,     42.3678,    244.5066,     61.5336,      3.4953,      0.1843,      0.1519,      7.2749,      0.1805,      5.4912,     10.9825,      1.5946,     27.7679,     55.5358,      0.0189,      0.0004,      0.2500,      0.2032,   7562.7358,-425346.5000,   -914.9460,    541.7135,  25209.1191,
       1,     166,     322,      13,       1,       3,       1,     10.0000,      1.3851,     42.3678,    244.5066,     61.5336,      3.4953,      0.1842,      0.1514,      8.0503,      0.1971,      5.4912,     10.9825,      1.7416,     27.7679,     55.5358,      0.0189,      0.0004,      0.2500,      0.2032,   7562.7358,-426000.0938,   -916.4352,    541.6693,  25209.1191,
       1,     166,     322,      14,       1,       3,       1,     10.0000,      1.3851,     42.3678,    244.5066,     61.5336,      3.4953,      0.1844,      0.1519,      8.4907,      0.1850,      5.4912,     10.9825,      1.6347,     27.7679,     55.5358,      0.0189,      0.0004,      0.2500,      0.2032,   7562.7358,-427025.8125,   -917.6996,    541.5998,  25209.1191,
       1,     166,     322,      15,       1,       3,       1,     10.0000,      1.3851,     42.3678,    244.5066,     61.5336,      3.4953,      0.1850,      0.1523,     17.3957,      0.1919,      5.4912,     10.9825,      1.6957,     27.7679,     55.5358,      0.0189,      0.0009,      0.2500,      0.2032,   7562.7358,-427663.9375,   -917.2338,    541.5566,  25209.1211,
       1,     166,     322,      16,       1,       3,       1,     10.0000,      1.3851,     42.3678,    244.5066,     61.5336,      3.4953,      0.1875,      0.1550,     48.5515,      0.1852,      5.4912,     10.9825,      1.6363,     27.7679,     55.5358,      0.0189,      0.0024,      0.2500,      0.2032,   7562.7368,-438861.8438,   -920.6171,    540.7985,  25209.1191,
       1,     166,     322,      17,       1,       3,       1,     10.0000,      1.3851,     42.3678,    244.5066,     61.5336,      3.4953,      0.1538,      0.1215,     41.3621,      0.1799,      5.4912,     10.9825,      1.5899,     27.7679,     55.5358,      0.0189,      0.0026,      0.2009,      0.2032,   7562.7358,-478808.0000,   -929.2522,    538.0988,  25209.1172,
       1,     166,     322,      18,       1,       3,       1,     10.0000,      1.3851,     42.3678,    244.5066,     61.5336,      3.4953,      0.1148,      0.0826,     42.5604,      0.1755,      5.4912,     10.9825,      1.5508,     27.7679,     55.5358,      0.0189,      0.0037,      0.1430,      0.2031,   7562.7354,-473204.8750,   -928.9800,    538.4824,  25209.1191,
       1,     166,     322,      19,       1,       3,       1,     10.0000,      1.3851,     42.3678,    244.5066,     61.5336,      3.4953,      0.0407,      0.0088,      7.9824,      0.1637,      5.4912,     10.9825,      1.4462,     27.7679,     55.5358,      0.0189,      0.0026,      0.0377,      0.2031,   7562.7358,-474223.3438,   -929.8745,    538.4139,  25209.1211,
       1,     166,     322,      20,       1,       3,       1,     10.0000,      1.3851,     42.3678,    244.5066,     61.5336,      3.4953,      0.0006,     -0.0308,      3.8474,      0.1512,      5.4912,     10.9825,      1.3361,     27.7679,     55.5358,      0.0189,      0.0031,      0.0156,      0.2031,   7562.7368,-431007.6875,   -922.1146,    541.3224,  25209.1191,
       1,     166,     322,      21,       1,       3,       1,     10.0000,      1.3851,     42.3678,    244.5066,     61.5336,      3.4953,      0.0000,     -0.0310,      3.4515,      0.1394,      5.4912,     10.9825,      1.2313,     27.7679,     55.5358,      0.0189,      0.0028,      0.0156,      0.2032,   7562.7358,-422200.0938,   -920.6487,    541.9263,  25209.1191,
       1,     166,     322,      22,       1,       3,       1,     10.0000,      1.3851,     42.3678,    244.5066,     61.5336,      3.4953,      0.0000,     -0.0301,      3.2306,      0.1163,      5.4912,     10.9825,      1.0275,     27.7679,     55.5358,      0.0189,      0.0026,      0.0156,      0.2032,   7562.7358,-420949.2500,   -911.3111,    542.0114,  25209.1172,
       1,     166,     322,      23,       1,       3,       1,     10.0000,      1.3851,     42.3678,    244.5066,     61.5336,      3.4953,      0.0000,     -0.0303,      2.8941,      0.1211,      5.4912,     10.9825,      1.0704,     27.7679,     55.5358,      0.0189,      0.0023,      0.0156,      0.2032,   7562.7354,-420566.7812,   -911.2778,    542.0372,  25209.1191,
       1,     166,     322,      24,       1,       3,       1,     10.0000,      1.3851,     42.3678,    244.5066,     61.5336,      3.4953,      0.0000,     -0.0305,      1.8886,      0.1286,      5.4912,     10.9825,      1.1366,     27.7679,     55.5358,      0.0189,      0.0015,      0.0156,      0.2032,   7562.7358,-420112.9688,   -911.5848,    542.0680,  25209.1191,
       1,     166,     323,       1,       1,       3,       1,     10.0000,      1.3851,     42.3681,    244.5123,     61.5350,      3.4953,      0.0000,     -0.0305,      0.9701,      0.1284,      5.4912,     10.9823,      1.1343,     27.7718,     55.5436,      0.0189,      0.0008,      0.0156,      0.2032,   7562.7358,-418970.3750,   -911.8143,    542.1579,  25210.2363,
       1,     166,     323,       2,       1,       3,       1,     10.0000,      1.3851,     42.3681,    244.5123,     61.5350,      3.4953,      0.0000,     -0.0305,      0.4617,      0.1277,      5.4912,     10.9823,      1.1286,     27.7718,     55.5436,      0.0189,      0.0004,      0.0156,      0.2032,   7563.0713,-417573.5312,   -911.3761,    542.2526,  25210.2402,
       1,     166,     323,       3,       1,       3,       1,     10.0000,      1.3851,     42.3681,    244.5123,     61.5350,      3.4953,      0.0000,     -0.0306,      0.3105,      0.1296,      5.4912,     10.9823,      1.1448,     27.7718,     55.5436,      0.0189,      0.0002,      0.0156,      0.2032,   7563.0723,-416818.4688,   -911.2536,    542.3038,  25210.2402,
       1,     166,     323,       4,       1,       3,       1,     10.0000,      1.3851,     42.3681,    244.5123,     61.5350,      3.4953,      0.0000,     -0.0306,      0.4938,      0.1286,      5.4912,     10.9823,      1.1366,     27.7718,     55.5436,      0.0189,      0.0004,      0.0156,      0.2032,   7563.0723,-416565.2812,   -911.2095,    542.3210,  25210.2402,
       1,     166,     323,       5,       1,       3,       1,     10.0000,      1.3851,     42.3681,    244.5123,     61.5350,      3.4953,      0.0000,     -0.0306,      0.6958,      0.1296,      5.4912,     10.9823,      1.1448,     27.7718,     55.5436,      0.0189,      0.0006,      0.0156,      0.2032,   7563.0723,-416773.0625,   -911.2667,    542.3069,  25210.2402,
       1,     166,     323,       6,       1,       3,       1,     10.0000,      1.3851,     42.3681,    244.5123,     61.5350,      3.4953,      0.0000,     -0.0305,      0.4379,      0.1285,      5.4912,     10.9823,      1.1355,     27.7718,     55.5436,      0.0189,      0.0003,      0.0156,      0.2032,   7563.0723,-417043.4062,   -911.3428,    542.2886,  25210.2383,
       1,     166,     323,       7,       1,       3,       1,     10.0000,      1.3851,     42.3681,    244.5123,     61.5350,      3.4953,      0.0000,     -0.0306,      0.3385,      0.1292,      5.4912,     10.9823,      1.1413,     27.7718,     55.5436,      0.0189,      0.0003,      0.0156,      0.2032,   7563.0718,-416743.9688,   -911.3008,    542.3088,  25210.2363,
       1,     166,     323,       8,       1,       3,       1,     10.0000,      1.3851,     42.3681,    244.5123,     61.5350,      3.4953,      0.0054,     -0.0252,      0.3977,      0.1288,      5.4912,     10.9823,      1.1378,     27.7718,     55.5436,      0.0189,      0.0003,      0.0156,      0.2032,   7563.0713,-416594.4375,   -911.2789,    542.3190,  25210.2383,
       1,     166,     323,       9,       1,       3,       1,     10.0000,      1.3851,     42.3681,    244.5123,     61.5350,      3.4953,      0.0687,      0.0379,      1.9991,      0.1332,      5.4912,     10.9823,      1.1765,     27.7718,     55.5436,      0.0189,      0.0003,      0.0806,      0.2032,   7563.0718,-416655.5938,   -911.3178,    542.3148,  25210.2383,
       1,     166,     323,      10,       1,       3,       1,     10.0000,      1.3851,     42.3681,    244.5123,     61.5350,      3.4953,      0.1455,      0.1139,      4.7704,      0.1566,      5.4912,     10.9823,      1.3839,     27.7718,     55.5436,      0.0189,      0.0003,      0.1929,      0.2032,   7563.0718,-418664.2812,   -911.9103,    542.1786,  25210.2383,
       1,     166,     323,      11,       1,       3,       1,     10.0000,      1.3851,     42.3681,    244.5123,     61.5350,      3.4953,      0.1762,      0.1439,      6.8505,      0.1787,      5.4912,     10.9823,      1.5789,     27.7718,     55.5436,      0.0189,      0.0004,      0.2381,      0.2032,   7563.0718,-422301.9375,   -913.4745,    541.9322,  25210.2363,
       1,     166,     323,      12,       1,       3,       1,     10.0000,      1.3851,     42.3681,    244.5123,     61.5350,      3.4953,      0.1815,      0.1493,      6.9524,      0.1760,      5.4912,     10.9823,      1.5555,     27.7718,     55.5436,      0.0189,      0.0004,      0.2458,      0.2032,   7563.0713,-425213.3750,   -915.4385,    541.7350,  25210.2383,
       1,     166,     323,      13,       1,       3,       1,     10.0000,      1.3851,     42.3681,    244.5123,     61.5350,      3.4953,      0.1842,      0.1510,      8.6169,      0.2091,      5.4912,     10.9823,      1.8477,     27.7718,     55.5436,      0.0189,      0.0004,      0.2500,      0.2032,   7563.0718,-425587.4375,   -916.8298,    541.7097,  25210.2383,
       1,     166,     323,      14,       1,       3,       1,     10.0000,      1.3851,     42.3681,    244.5123,     61.5350,      3.4953,      0.1843,      0.1518,      7.5504,      0.1854,      5.4912,     10.9823,      1.6380,     27.7718,     55.5436,      0.0189,      0.0004,      0.2500,      0.2032,   7563.0718,-427701.8750,   -918.8991,    541.5665,  25210.2383,
       1,     166,     323,      15,       1,       3,       1,     10.0000,      1.3851,     42.3681,    244.5123,     61.5350,      3.4953,      0.1853,      0.1535,     18.7430,      0.1635,      5.4912,     10.9823,      1.4448,     27.7718,     55.5436,      0.0189,      0.0009,      0.2500,      0.2032,   7563.0718,-426546.6250,   -913.4989,    541.6447,  25210.2383,
       1,     166,     323,      16,       1,       3,       1,     10.0000,      1.3851,     42.3681,    244.5123,     61.5350,      3.4953,      0.1876,      0.1555,     48.6944,      0.1743,      5.4912,     10.9823,      1.5401,     27.7718,     55.5436,      0.0189,      0.0024,      0.2500,      0.2032,   7563.0718,-440453.5938,   -916.3598,    540.7032,  25210.2402,
       1,     166,     323,      17,       1,       3,       1,     10.0000,      1.3851,     42.3681,    244.5123,     61.5350,      3.4953,      0.1763,      0.1450,     54.2617,      0.1505,      5.4912,     10.9823,      1.3294,     27.7718,     55.5436,      0.0189,      0.0029,      0.2324,      0.2032,   7563.0723,-479118.4688,   -925.4940,    538.0907,  25210.2383,
       1,     166,     323,      18,       1,       3,       1,     10.0000,      1.3851,     42.3681,    244.5123,     61.5350,      3.4953,      0.1173,      0.0865,     51.9091,      0.1346,      5.4912,     10.9823,      1.1897,     27.7718,     55.5436,      0.0189,      0.0044,      0.1461,      0.2031,   7563.0718,-489380.2812,   -928.6345,    537.4068,  25210.2363,
       1,     166,     323,      19,       1,       3,       1,     10.0000,      1.3851,     42.3681,    244.5123,     61.5350,      3.4953,      0.0580,      0.0273,     14.7900,      0.1342,      5.4912,     10.9823,      1.1861,     27.7718,     55.5436,      0.0189,      0.0029,      0.0635,      0.2031,   7563.0713,-487294.6250,   -929.3055,    537.5474,  25210.2363,
       1,     166,     323,      20,       1,       3,       1,     10.0000,      1.3851,     42.3681,    244.5123,     61.5350,      3.4953,      0.0005,     -0.0304,      1.8553,      0.1391,      5.4912,     10.9823,      1.2289,     27.7718,     55.5436,      0.0189,      0.0015,      0.0156,      0.2031,   7563.0713,-440630.3125,   -921.2224,    540.6829,  25210.2383,
       1,     166,     323,      21,       1,       3,       1,     10.0000,      1.3851,     42.3681,    244.5123,     61.5350,      3.4953,      0.0000,     -0.0305,      2.3571,      0.1275,      5.4912,     10.9823,      1.1263,     27.7718,     55.5436,      0.0189,      0.0019,      0.0156,      0.2032,   7563.0718,-420524.4688,   -917.6680,    542.0509,  25210.2383,
       1,     166,     323,      22,       1,       3,       1,     10.0000,      1.3851,     42.3681,    244.5123,     61.5350,      3.4953,      0.0000,     -0.0303,      1.8135,      0.1214,      5.4912,     10.9823,      1.0726,     27.7718,     55.5436,      0.0189,      0.0014,      0.0156,      0.2032,   7563.0718,-419442.4688,   -917.6534,    542.1260,  25210.2383,
       1,     166,     323,      23,       1,       3,       1,     10.0000,      1.3851,     42.3681,    244.5123,     61.5350,      3.4953,      0.0000,     -0.0304,      1.6119,      0.1244,      5.4912,     10.9823,      1.0991,     27.7718,     55.5436,      0.0189,      0.0013,      0.0156,      0.2032,   7563.0718,-418668.4375,   -917.5977,    542.1784,  25210.2383,
       1,     166,     323,      24,       1,       3,       1,     10.0000,      1.3851,     42.3681,    244.5123,     61.5350,      3.4953,      0.0000,     -0.0304,      1.4024,      0.1236,      5.4912,     10.9823,      1.0924,     27.7718,     55.5436,      0.0189,      0.0011,      0.0156,      0.2032,   7563.0718,-418350.6875,   -917.6383,    542.2000,  25210.2402,
       1,     166,     324,       1,       1,       3,       1,     10.0000,      1.3851,     42.3684,    244.5181,     61.5364,      3.4953,      0.0000,     -0.0303,      1.2186,      0.1220,      5.4917,     10.9835,      1.0781,     27.7748,     55.5495,      0.0189,      0.0010,      0.0156,      0.2032,   7563.0723,-418215.4062,   -917.9454,    542.2219,  25211.3574,
       1,     166,     324,       2,       1,       3,       1,     10.0000,      1.3851,     42.3684,    244.5181,     61.5364,      3.4953,      0.0000,     -0.0304,      0.8870,      0.1246,      5.4917,     10.9835,      1.1014,     27.7748,     55.5495,      0.0189,      0.0007,      0.0156,      0.2032,   7563.4077,-417822.7812,   -917.6906,    542.2485,  25211.3594,
       1,     166,     324,       3,       1,       3,       1,     10.0000,      1.3851,     42.3684,    244.5181,     61.5364,      3.4953,      0.0000,     -0.0305,      0.8696,      0.1276,      5.4917,     10.9835,      1.1275,     27.7748,     55.5495,      0.0189,      0.0007,      0.0156,      0.2032,   7563.4082,-417374.4062,   -917.6463,    542.2789,  25211.3574,
       1,     166,     324,       4,       1,       3,       1,     10.0000,      1.3851,     42.3684,    244.5181,     61.5364,      3.4953,      0.0000,     -0.0304,      1.0060,      0.1259,      5.4917,     10.9835,      1.1127,     27.7748,     55.5495,      0.0189,      0.0008,      0.0156,      0.2032,   7563.4077,-417314.8125,   -917.6799,    542.2829,  25211.3574,
       1,     166,     324,       5,       1,       3,       1,     10.0000,      1.3851,     42.3684,    244.5181,     61.5364,      3.4953,      0.0000,     -0.0302,      0.9935,      0.1208,      5.4917,     10.9835,      1.0671,     27.7748,     55.5495,      0.0189,      0.0008,      0.0156,      0.2032,   7563.4077,-417480.5000,   -915.6834,    542.2717,  25211.3574,
       1,     166,     324,       6,       1,       3,       1,     10.0000,      1.3851,     42.3684,    244.5181,     61.5364,      3.4953,      0.0000,     -0.0303,      0.6441,      0.1228,      5.4917,     10.9835,      1.0847,     27.7748,     55.5495,      0.0189,      0.0005,      0.0156,      0.2032,   7563.4077,-417478.7188,   -913.1889,    542.2718,  25211.3594,
       1,     166,     324,       7,       1,       3,       1,     10.0000,      1.3851,     42.3684,    244.5181,     61.5364,      3.4953,      0.0000,     -0.0304,      0.5183,      0.1243,      5.4917,     10.9835,      1.0980,     27.7748,     55.5495,      0.0189,      0.0004,      0.0156,      0.2032,   7563.4082,-417041.4062,   -913.1487,    542.3014,  25211.3574,
       1,     166,     324,       8,       1,       3,       1,     10.0000,      1.3851,     42.3684,    244.5181,     61.5364,      3.4953,      0.0042,     -0.0261,      0.5023,      0.1213,      5.4917,     10.9835,      1.0715,     27.7748,     55.5495,      0.0189,      0.0004,      0.0156,      0.2032,   7563.4077,-416847.2812,   -913.1456,    542.3146,  25211.3574,
       1,     166,     324,       9,       1,       3,       1,     10.0000,      1.3851,     42.3684,    244.5181,     61.5364,      3.4953,      0.1162,      0.0857,      4.1902,      0.1271,      5.4917,     10.9835,      1.1229,     27.7748,     55.5495,      0.0189,      0.0003,      0.1501,      0.2032,   7563.4077,-416810.7812,   -913.1780,    542.3171,  25211.3574,
       1,     166,     324,      10,       1,       3,       1,     10.0000,      1.3851,     42.3684,    244.5181,     61.5364,      3.4953,      0.1680,      0.1369,      7.8174,      0.1438,      5.4917,     10.9835,      1.2706,     27.7748,     55.5495,      0.0189,      0.0004,      0.2256,      0.2032,   7563.4077,-421420.9688,   -914.6826,    542.0045,  25211.3555,
       1,     166,     324,      11,       1,       3,       1,     10.0000,      1.3851,     42.3684,    244.5181,     61.5364,      3.4953,      0.1816,      0.1503,      8.4000,      0.1478,      5.4917,     10.9835,      1.3056,     27.7748,     55.5495,      0.0189,      0.0004,      0.2455,      0.2032,   7563.4067,-426350.2500,   -916.3818,    541.6707,  25211.3594,
       1,     166,     324,      12,       1,       3,       1,     10.0000,      1.3851,     42.3684,    244.5181,     61.5364,      3.4953,      0.1407,      0.1093,      6.1087,      0.1526,      5.4917,     10.9835,      1.3483,     27.7748,     55.5495,      0.0189,      0.0004,      0.1857,      0.2032,   7563.4082,-427496.5312,   -917.7776,    541.5931,  25211.3594,
       1,     166,     324,      13,       1,       3,       1,     10.0000,      1.3851,     42.3684,    244.5181,     61.5364,      3.4953,      0.1792,      0.1472,     10.0407,      0.1697,      5.4917,     10.9835,      1.4992,     27.7748,     55.5495,      0.0189,      0.0005,      0.2420,      0.2032,   7563.4082,-424726.8750,   -917.6995,    541.7806,  25211.3574,
       1,     166,     324,      14,       1,       3,       1,     10.0000,      1.3851,     42.3684,    244.5181,     61.5364,      3.4953,      0.1849,      0.1527,     14.7103,      0.1762,      5.4917,     10.9835,      1.5571,     27.7748,     55.5495,      0.0189,      0.0007,      0.2500,      0.2032,   7563.4077,-429411.7812,   -919.3232,    541.4634,  25211.3574,
       1,     166,     324,      15,       1,       3,       1,     10.0000,      1.3851,     42.3684,    244.5181,     61.5364,      3.4953,      0.0589,      0.0264,      9.4301,      0.1856,      5.4917,     10.9835,      1.6396,     27.7748,     55.5495,      0.0189,      0.0018,      0.0639,      0.2032,   7563.4077,-435651.4375,   -921.4252,    541.0412,  25211.3574,
       1,     166,     324,      16,       1,       3,       1,     10.0000,      1.3851,     42.3684,    244.5181,     61.5364,      3.4953,      0.0595,      0.0270,      9.4819,      0.1852,      5.4917,     10.9835,      1.6364,     27.7748,     55.5495,      0.0189,      0.0018,      0.0648,      0.2032,   7563.4077,-429573.3750,   -920.6003,    541.4524,  25211.3574,
       1,     166,     324,      17,       1,       3,       1,     10.0000,      1.3851,     42.3684,    244.5181,     61.5364,      3.4953,      0.1041,      0.0714,     20.3685,      0.1902,      5.4917,     10.9835,      1.6808,     27.7748,     55.5495,      0.0189,      0.0020,      0.1295,      0.2032,   7563.4077,-429123.6875,   -920.7998,    541.4830,  25211.3574,
       1,     166,     324,      18,       1,       3,       1,     10.0000,      1.3851,     42.3684,    244.5181,     61.5364,      3.4953,      0.0771,      0.0458,     20.6700,      0.1470,      5.4917,     10.9835,      1.2990,     27.7748,     55.5495,      0.0189,      0.0029,      0.0904,      0.2032,   7563.4077,-442706.2188,   -923.8093,    540.5637,  25211.3574,
       1,     166,     324,      19,       1,       3,       1,     10.0000,      1.3851,     42.3684,    244.5181,     61.5364,      3.4953,      0.0215,     -0.0091,      2.7736,      0.1301,      5.4917,     10.9835,      1.1494,     27.7748,     55.5495,      0.0189,      0.0030,      0.0116,      0.2032,   7563.4077,-444236.2812,   -915.7725,    540.4611,  25211.3574,
       1,     166,     324,      20,       1,       3,       1,     10.0000,      1.3851,     42.3684,    244.5181,     61.5364,      3.4953,      0.0005,     -0.0300,      4.2767,      0.1281,      5.4917,     10.9835,      1.1321,     27.7748,     55.5495,      0.0189,      0.0034,      0.0156,      0.2032,   7563.4077,-421968.6875,   -911.6159,    541.9655,  25211.3574,
       1,     166,     324,      21,       1,       3,       1,     10.0000,      1.3851,     42.3684,    244.5181,     61.5364,      3.4953,      0.0000,     -0.0304,      3.9874,      0.1259,      5.4917,     10.9835,      1.1127,     27.7748,     55.5495,      0.0189,      0.0032,      0.0156,      0.2032,   7563.4077,-421969.1875,   -911.6106,    541.9675,  25211.3574,
       1,     166,     324,      22,       1,       3,       1,     10.0000,      1.3851,     42.3684,    244.5181,     61.5364,      3.4953,      0.0000,     -0.0304,      4.3863,      0.1248,      5.4917,     10.9835,      1.1025,     27.7748,     55.5495,      0.0189,      0.0035,      0.0156,      0.2032,   7563.4077,-421604.8125,   -911.9082,    541.9922,  25211.3574,
       1,     166,     324,      23,       1,       3,       1,     10.0000,      1.3851,     42.3684,    244.5181,     61.5364,      3.4953,      0.0000,     -0.0303,      1.4192,      0.1225,      5.4917,     10.9835,      1.0825,     27.7748,     55.5495,      0.0189,      0.0011,      0.0156,      0.2032,   7563.4077,-422072.9375,   -911.6554,    541.9604,  25211.3574,
       1,     166,     324,      24,       1,       3,       1,     10.0000,      1.3851,     42.3684,    244.5181,     61.5364,      3.4953,      0.0000,     -0.0302,      0.5366,      0.1199,      5.4917,     10.9835,      1.0595,     27.7748,     55.5495,      0.0189,      0.0004,      0.0156,      0.2032,   7563.4077,-418400.7188,   -911.1357,    542.2093,  25211.3574,
       1,     166,     325,       1,       1,       3,       1,     10.0000,      1.3851,     42.3688,    244.5238,     61.5379,      3.4953,      0.0000,     -0.0301,      0.4459,      0.1165,      5.4926,     10.9852,      1.0297,     27.7685,     55.5371,      0.0189,      0.0004,      0.0156,      0.2032,   7563.4077,-417139.8750,   -911.2029,    542.3076,  25212.4785,
       1,     166,     325,       2,       1,       3,       1,     10.0000,      1.3851,     42.3688,    244.5238,     61.5379,      3.4953,      0.0000,     -0.0300,      0.5001,      0.1158,      5.4926,     10.9852,      1.0234,     27.7685,     55.5371,      0.0189,      0.0004,      0.0156,      0.2032,   7563.7437,-416767.8438,   -910.9072,    542.3328,  25212.4805,
       1,     166,     325,       3,       1,       3,       1,     10.0000,      1.3851,     42.3688,    244.5238,     61.5379,      3.4953,      0.0000,     -0.0301,      0.4364,      0.1177,      5.4926,     10.9852,      1.0403,     27.7685,     55.5371,      0.0189,      0.0003,      0.0156,      0.2032,   7563.7446,-416803.8125,   -910.9404,    542.3303,  25212.4785,
       1,     166,     325,       4,       1,       3,       1,     10.0000,      1.3851,     42.3688,    244.5238,     61.5379,      3.4953,      0.0000,     -0.0300,      0.4188,      0.1159,      5.4926,     10.9852,      1.0244,     27.7685,     55.5371,      0.0189,      0.0003,      0.0156,      0.2032,   7563.7437,-416727.4688,   -910.9418,    542.3354,  25212.4785,
       1,     166,     325,       5,       1,       3,       1,     10.0000,      1.3851,     42.3688,    244.5238,     61.5379,      3.4953,      0.0000,     -0.0300,      0.3191,      0.1152,      5.4926,     10.9852,      1.0182,     27.7685,     55.5371,      0.0189,      0.0003,      0.0156,      0.2032,   7563.7437,-416699.0938,   -910.9512,    542.3375,  25212.4785,
       1,     166,     325,       6,       1,       3,       1,     10.0000,      1.3851,     42.3688,    244.5238,     61.5379,      3.4953,      0.0000,     -0.0302,      0.3103,      0.1193,      5.4926,     10.9852,      1.0542,     27.7685,     55.5371,      0.0189,      0.0002,      0.0156,      0.2032,   7563.7437,-416571.8438,   -910.9346,    542.3461,  25212.4785,
       1,     166,     325,       7,       1,       3,       1,     10.0000,      1.3851,     42.3688,    244.5238,     61.5379,      3.4953,      0.0000,     -0.0302,      0.2902,      0.1187,      5.4926,     10.9852,      1.0488,     27.7685,     55.5371,      0.0189,      0.0002,      0.0156,      0.2032,   7563.7437,-416550.0312,   -910.9350,    542.3475,  25212.4766,
       1,     166,     325,       8,       1,       3,       1,     10.0000,      1.3851,     42.3688,    244.5238,     61.5379,      3.4953,      0.0064,     -0.0238,      0.3275,      0.1197,      5.4926,     10.9852,      1.0574,     27.7685,     55.5371,      0.0189,      0.0003,      0.0156,      0.2032,   7563.7432,-416523.2188,   -910.9329,    542.3494,  25212.4785,
       1,     166,     325,       9,       1,       3,       1,     10.0000,      1.3851,     42.3688,    244.5238,     61.5379,      3.4953,      0.1001,      0.0695,      2.8638,      0.1275,      5.4926,     10.9852,      1.1263,     27.7685,     55.5371,      0.0189,      0.0003,      0.1266,      0.2032,   7563.7437,-416567.4688,   -910.9725,    542.3464,  25212.4785,
       1,     166,     325,      10,       1,       3,       1,     10.0000,      1.3851,     42.3688,    244.5238,     61.5379,      3.4953,      0.1552,      0.1241,      5.1352,      0.1423,      5.4926,     10.9852,      1.2578,     27.7685,     55.5371,      0.0189,      0.0003,      0.2071,      0.2032,   7563.7437,-419743.5938,   -911.9321,    542.1310,  25212.4766,
       1,     166,     325,      11,       1,       3,       1,     10.0000,      1.3851,     42.3688,    244.5238,     61.5379,      3.4953,      0.1822,      0.1505,      6.6309,      0.1616,      5.4926,     10.9852,      1.4276,     27.7685,     55.5371,      0.0189,      0.0003,      0.2468,      0.2032,   7563.7432,-422854.5000,   -913.3947,    541.9203,  25212.4766,
       1,     166,     325,      12,       1,       3,       1,     10.0000,      1.3851,     42.3688,    244.5238,     61.5379,      3.4953,      0.1843,      0.1523,      6.9253,      0.1719,      5.4926,     10.9852,      1.5188,     27.7685,     55.5371,      0.0189,      0.0003,      0.2500,      0.2032,   7563.7432,-424989.1562,   -915.0873,    541.7757,  25212.4785,
       1,     166,     325,      13,       1,       3,       1,     10.0000,      1.3851,     42.3688,    244.5238,     61.5379,      3.4953,      0.1492,      0.1167,      5.9964,      0.1867,      5.4926,     10.9852,      1.6495,     27.7685,     55.5371,      0.0189,      0.0004,      0.1982,      0.2032,   7563.7437,-425538.2500,   -916.8370,    541.7385,  25212.4785,
       1,     166,     325,      14,       1,       3,       1,     10.0000,      1.3851,     42.3688,    244.5238,     61.5379,      3.4953,      0.1845,      0.1515,     11.1123,      0.2012,      5.4926,     10.9852,      1.7782,     27.7685,     55.5371,      0.0189,      0.0006,      0.2500,      0.2032,   7563.7437,-424422.6562,   -917.2040,    541.8140,  25212.4785,
       1,     166,     325,      15,       1,       3,       1,     10.0000,      1.3851,     42.3688,    244.5238,     61.5379,      3.4953,      0.1856,      0.1533,     22.9277,      0.1789,      5.4926,     10.9852,      1.5805,     27.7685,     55.5371,      0.0189,      0.0011,      0.2500,      0.2032,   7563.7437,-430727.8750,   -919.5956,    541.3870,  25212.4785,
       1,     166,     325,      16,       1,       3,       1,     10.0000,      1.3851,     42.3688,    244.5238,     61.5379,      3.4953,      0.1538,      0.1211,     39.6242,      0.1940,      5.4926,     10.9852,      1.7144,     27.7685,     55.5371,      0.0189,      0.0025,      0.2011,      0.2032,   7563.7437,-446044.2188,   -923.4442,    540.3507,  25212.4785,
       1,     166,     325,      17,       1,       3,       1,     10.0000,      1.3851,     42.3688,    244.5238,     61.5379,      3.4953,      0.1876,      0.1556,     53.3757,      0.1700,      5.4926,     10.9852,      1.5023,     27.7685,     55.5371,      0.0189,      0.0027,      0.2494,      0.2032,   7563.7437,-468236.7812,   -928.2946,    538.8527,  25212.4785,
       1,     166,     325,      18,       1,       3,       1,     10.0000,      1.3851,     42.3688,    244.5238,     61.5379,      3.4953,      0.1682,      0.1371,     51.9089,      0.1429,      5.4926,     10.9852,      1.2629,     27.7685,     55.5371,      0.0189,      0.0029,      0.2206,      0.2032,   7563.7437,-487332.6562,   -932.9037,    537.5686,  25212.4805,
       1,     166,     325,      19,       1,       3,       1,     10.0000,      1.3851,     42.3688,    244.5238,     61.5379,      3.4953,      0.0671,      0.0367,     21.6258,      0.1253,      5.4926,     10.9852,      1.1070,     27.7685,     55.5371,      0.0189,      0.0035,      0.0763,      0.2032,   7563.7446,-487111.9688,   -924.1063,    537.5850,  25212.3730,
       1,     166,     325,      20,       1,       3,       1,     10.0000,      1.3851,     42.3688,    244.5238,     61.5379,      3.4953,      0.0009,     -0.0296,      2.9896,      0.1279,      5.4926,     10.9852,      1.1298,     27.7685,     55.5371,      0.0189,      0.0024,      0.0156,      0.2032,   7563.7124,-449187.0625,   -916.8445,    540.1334,  25212.4785,
       1,     166,     325,      21,       1,       3,       1,     10.0000,      1.3851,     42.3688,    244.5238,     61.5379,      3.4953,      0.0000,     -0.0305,      3.8862,      0.1275,      5.4926,     10.9852,      1.1263,     27.7685,     55.5371,      0.0189,      0.0031,      0.0156,      0.2032,   7563.7437,-422666.1250,   -911.5696,    541.9301,  25212.4805,
       1,     166,     325,      22,       1,       3,       1,     10.0000,      1.3851,     42.3688,    244.5238,     61.5379,      3.4953,      0.0000,     -0.0304,      2.5036,      0.1249,      5.4926,     10.9852,      1.1037,     27.7685,     55.5371,      0.0189,      0.0020,      0.0156,      0.2032,   7563.7446,-421543.1562,   -911.7059,    542.0092,  25212.4785,
       1,     166,     325,      23,       1,       3,       1,     10.0000,      1.3851,     42.3688,    244.5238,     61.5379,      3.4953,      0.0000,     -0.0303,      1.0307,      0.1226,      5.4926,     10.9852,      1.0836,     27.7685,     55.5371,      0.0189,      0.0008,      0.0156,      0.2032,   7563.7437,-419714.9688,   -910.8688,    542.1330,  25212.4785,
       1,     166,     325,      24,       1,       3,       1,     10.0000,      1.3851,     42.3688,    244.5238,     61.5379,      3.4953,      0.0000,     -0.0304,      0.4410,      0.1238,      5.4926,     10.9852,      1.0936,     27.7685,     55.5371,      0.0189,      0.0004,      0.0156,      0.2032,   7563.7437,-417717.7188,   -910.5881,    542.2684,  25212.4785,
       1,     166,     326,       1,       1,       3,       1,     10.0000,      1.3851,     42.3691,    244.5295,     61.5393,      3.4953,      0.0000,     -0.0303,      0.3384,      0.1234,      5.4915,     10.9831,      1.0903,     27.7729,     55.5458,      0.0189,      0.0003,      0.0156,      0.2033,   7563.7437,-416965.1875,   -910.7230,    542.3320,  25213.6035,
       1,     166,     326,       2,       1,       3,       1,     10.0000,      1.3851,     42.3691,    244.5295,     61.5393,      3.4953,      0.0000,     -0.0303,      0.2909,      0.1215,      5.4915,     10.9831,      1.0737,     27.7729,     55.5458,      0.0189,      0.0002,      0.0156,      0.2033,   7564.0815,-416621.3750,   -910.4170,    542.3553,  25213.6035,
       1,     166,     326,       3,       1,       3,       1,     10.0000,      1.3851,     42.3691,    244.5295,     61.5393,      3.4953,      0.0000,     -0.0303,      0.2923,      0.1229,      5.4915,     10.9831,      1.0858,     27.7729,     55.5458,      0.0189,      0.0002,      0.0156,      0.2033,   7564.0815,-416532.7188,   -910.4025,    542.3613,  25213.6035,
       1,     166,     326,       4,       1,       3,       1,     10.0000,      1.3851,     42.3691,    244.5295,     61.5393,      3.4953,      0.0000,     -0.0302,      0.2852,      0.1203,      5.4915,     10.9831,      1.0628,     27.7729,     55.5458,      0.0189,      0.0002,      0.0156,      0.2033,   7564.0815,-416527.0000,   -910.4028,    542.3618,  25213.6016,
       1,     166,     326,       5,       1,       3,       1,     10.0000,      1.3851,     42.3691,    244.5295,     61.5393,      3.4953,      0.0000,     -0.0303,      0.2893,      0.1218,      5.4915,     10.9831,      1.0759,     27.7729,     55.5458,      0.0189,      0.0002,      0.0156,      0.2033,   7564.0806,-416517.8125,   -910.4030,    542.3623,  25213.6035,
       1,     166,     326,       6,       1,       3,       1,     10.0000,      1.3851,     42.3691,    244.5295,     61.5393,      3.4953,      0.0000,     -0.0302,      0.2849,      0.1202,      5.4915,     10.9831,      1.0618,     27.7729,     55.5458,      0.0189,      0.0002,      0.0156,      0.2033,   7564.0815,-416522.0000,   -910.4045,    542.3621,  25213.6016,
       1,     166,     326,       7,       1,       3,       1,     10.0000,      1.3851,     42.3691,    244.5295,     61.5393,      3.4953,      0.0000,     -0.0301,      0.2800,      0.1183,      5.4915,     10.9831,      1.0456,     27.7729,     55.5458,      0.0189,      0.0002,      0.0156,      0.2033,   7564.0806,-416516.9062,   -910.4053,    542.3624,  25213.6016,
       1,     166,     326,       8,       1,       3,       1,     10.0000,      1.3851,     42.3691,    244.5295,     61.5393,      3.4953,      0.0080,     -0.0220,      0.2716,      0.1152,      5.4915,     10.9831,      1.0182,     27.7729,     55.5458,      0.0189,      0.0002,      0.0156,      0.2033,   7564.0806,-416510.4688,   -910.4055,    542.3629,  25213.6016,
       1,     166,     326,       9,       1,       3,       1,     10.0000,      1.3851,     42.3691,    244.5295,     61.5393,      3.4953,      0.1214,      0.0908,      3.1407,      0.1296,      5.4915,     10.9831,      1.1448,     27.7729,     55.5458,      0.0189,      0.0002,      0.1578,      0.2033,   7564.0806,-416499.4062,   -910.4318,    542.3636,  25213.6016,
       1,     166,     326,      10,       1,       3,       1,     10.0000,      1.3851,     42.3691,    244.5295,     61.5393,      3.4953,      0.1595,      0.1278,      5.4018,      0.1598,      5.4915,     10.9831,      1.4120,     27.7729,     55.5458,      0.0189,      0.0003,      0.2134,      0.2033,   7564.0806,-420086.6250,   -911.7797,    542.1204,  25213.6016,
       1,     166,     326,      11,       1,       3,       1,     10.0000,      1.3851,     42.3691,    244.5295,     61.5393,      3.4953,      0.1835,      0.1517,      6.3438,      0.1609,      5.4915,     10.9831,      1.4220,     27.7729,     55.5458,      0.0189,      0.0003,      0.2486,      0.2033,   7564.0806,-423219.0312,   -913.5969,    541.9081,  25213.6016,
       1,     166,     326,      12,       1,       3,       1,     10.0000,      1.3851,     42.3691,    244.5295,     61.5393,      3.4953,      0.1843,      0.1520,      7.2013,      0.1789,      5.4915,     10.9831,      1.5806,     27.7729,     55.5458,      0.0189,      0.0004,      0.2500,      0.2033,   7564.0806,-424662.8125,   -915.1127,    541.8104,  25213.6016,
       1,     166,     326,      13,       1,       3,       1,     10.0000,      1.3851,     42.3691,    244.5295,     61.5393,      3.4953,      0.1842,      0.1513,      8.2639,      0.2016,      5.4915,     10.9831,      1.7817,     27.7729,     55.5458,      0.0189,      0.0004,      0.2500,      0.2033,   7564.0806,-425857.5000,   -917.0103,    541.7294,  25213.6016,
       1,     166,     326,      14,       1,       3,       1,     10.0000,      1.3851,     42.3691,    244.5295,     61.5393,      3.4953,      0.1849,      0.1530,     12.8656,      0.1642,      5.4915,     10.9831,      1.4507,     27.7729,     55.5458,      0.0189,      0.0006,      0.2500,      0.2033,   7564.0806,-427288.0625,   -918.3471,    541.6327,  25213.6035,
       1,     166,     326,      15,       1,       3,       1,     10.0000,      1.3851,     42.3691,    244.5295,     61.5393,      3.4953,      0.1869,      0.1559,     35.8567,      0.1408,      5.4915,     10.9831,      1.2440,     27.7729,     55.5458,      0.0189,      0.0018,      0.2500,      0.2033,   7564.0815,-433164.9688,   -914.4516,    541.2348,  25213.6016,
       1,     166,     326,      16,       1,       3,       1,     10.0000,      1.3851,     42.3691,    244.5295,     61.5393,      3.4953,      0.1869,      0.1552,     38.8410,      0.1622,      5.4915,     10.9831,      1.4334,     27.7729,     55.5458,      0.0189,      0.0019,      0.2500,      0.2033,   7564.0806,-462424.0000,   -920.6986,    539.2554,  25213.6016,
       1,     166,     326,      17,       1,       3,       1,     10.0000,      1.3851,     42.3691,    244.5295,     61.5393,      3.4953,      0.1779,      0.1460,     56.9448,      0.1667,      5.4915,     10.9831,      1.4726,     27.7729,     55.5458,      0.0189,      0.0030,      0.2346,      0.2032,   7564.0806,-468646.0938,   -923.3386,    538.8396,  25213.6016,
       1,     166,     326,      18,       1,       3,       1,     10.0000,      1.3851,     42.3691,    244.5295,     61.5393,      3.4953,      0.1341,      0.1028,     53.0765,      0.1493,      5.4915,     10.9831,      1.3189,     27.7729,     55.5458,      0.0189,      0.0039,      0.1704,      0.2032,   7564.0806,-491826.7500,   -929.0181,    537.2784,  25213.6035,
       1,     166,     326,      19,       1,       3,       1,     10.0000,      1.3851,     42.3691,    244.5295,     61.5393,      3.4953,      0.0521,      0.0210,      9.8844,      0.1419,      5.4915,     10.9831,      1.2541,     27.7729,     55.5458,      0.0189,      0.0022,      0.0551,      0.2032,   7564.0815,-488949.0312,   -929.5875,    537.4740,  25213.5996,
       1,     166,     326,      20,       1,       3,       1,     10.0000,      1.3851,     42.3691,    244.5295,     61.5393,      3.4953,      0.0024,     -0.0280,      0.9452,      0.1233,      5.4915,     10.9831,      1.0892,     27.7729,     55.5458,      0.0189,      0.0008,      0.0156,      0.2032,   7564.0801,-434627.8750,   -913.8489,    541.1235,  25213.6035,
       1,     166,     326,      21,       1,       3,       1,     10.0000,      1.3851,     42.3691,    244.5295,     61.5393,      3.4953,      0.0000,     -0.0302,      1.9293,      0.1189,      5.4915,     10.9831,      1.0510,     27.7729,     55.5458,      0.0189,      0.0015,      0.0156,      0.2033,   7564.0815,-418890.4688,   -910.6141,    542.2004,  25213.6016,
       1,     166,     326,      22,       1,       3,       1,     10.0000,      1.3851,     42.3691,    244.5295,     61.5393,      3.4953,      0.0000,     -0.0303,      2.9802,      0.1213,      5.4915,     10.9831,      1.0715,     27.7729,     55.5458,      0.0189,      0.0024,      0.0156,      0.2033,   7564.0806,-418775.8125,   -910.8005,    542.2093,  25213.5996,
       1,     166,     326,      23,       1,       3,       1,     10.0000,      1.3851,     42.3691,    244.5295,     61.5393,      3.4953,      0.0000,     -0.0305,      1.8725,      0.1261,      5.4915,     10.9831,      1.1138,     27.7729,     55.5458,      0.0189,      0.0015,      0.0156,      0.2033,   7564.0801,-420079.1562,   -911.3414,    542.1209,  25213.6016,
       1,     166,     326,      24,       1,       3,       1,     10.0000,      1.3851,     42.3691,    244.5295,     61.5393,      3.4953,      0.0000,     -0.0305,      1.3938,      0.1280,      5.4915,     10.9831,      1.1310,     27.7729,     55.5458,      0.0189,      0.0011,      0.0156,      0.2033,   7564.0806,-418804.0938,   -911.3227,    542.2073,  25213.6016,
       1,     166,     327,       1,       1,       3,       1,     10.0000,      1.3852,     42.3694,    244.5352,     61.5408,      3.4953,      0.0000,     -0.0305,      0.5337,      0.1264,      5.4921,     10.9843,      1.1173,     27.7784,     55.5567,      0.0189,      0.0004,      0.0156,      0.2033,   7564.0806,-418251.6250,   -911.6027,    542.2576,  25214.7227,
       1,     166,     327,       2,       1,       3,       1,     10.0000,      1.3852,     42.3694,    244.5352,     61.5408,      3.4953,      0.0000,     -0.0304,      0.5699,      0.1241,      5.4921,     10.9843,      1.0970,     27.7784,     55.5567,      0.0189,      0.0005,      0.0156,      0.2033,   7564.4170,-416977.7188,   -911.1534,    542.3439,  25214.7227,
       1,     166,     327,       3,       1,       3,       1,     10.0000,      1.3852,     42.3694,    244.5352,     61.5408,      3.4953,      0.0000,     -0.0303,      0.5452,      0.1233,      5.4921,     10.9843,      1.0892,     27.7784,     55.5567,      0.0189,      0.0004,      0.0156,      0.2033,   7564.4170,-416914.9688,   -911.1778,    542.3482,  25214.7207,
       1,     166,     327,       4,       1,       3,       1,     10.0000,      1.3852,     42.3694,    244.5352,     61.5408,      3.4953,      0.0000,     -0.0302,      0.5289,      0.1209,      5.4921,     10.9843,      1.0683,     27.7784,     55.5567,      0.0189,      0.0004,      0.0156,      0.2033,   7564.4165,-416878.7812,   -911.2042,    542.3506,  25214.7227,
       1,     166,     327,       5,       1,       3,       1,     10.0000,      1.3852,     42.3694,    244.5352,     61.5408,      3.4953,      0.0000,     -0.0301,      0.5115,      0.1176,      5.4921,     10.9843,      1.0392,     27.7784,     55.5567,      0.0189,      0.0004,      0.0156,      0.2033,   7564.4170,-416855.3438,   -911.2254,    542.3522,  25214.7227,
       1,     166,     327,       6,       1,       3,       1,     10.0000,      1.3852,     42.3694,    244.5352,     61.5408,      3.4953,      0.0000,     -0.0301,      0.4333,      0.1162,      5.4921,     10.9843,      1.0266,     27.7784,     55.5567,      0.0189,      0.0003,      0.0156,      0.2033,   7564.4170,-416831.6562,   -911.2463,    542.3538,  25214.7227,
       1,     166,     327,       7,       1,       3,       1,     10.0000,      1.3852,     42.3694,    244.5352,     61.5408,      3.4953,      0.0000,     -0.0301,      0.4486,      0.1167,      5.4921,     10.9843,      1.0308,     27.7784,     55.5567,      0.0189,      0.0004,      0.0156,      0.2033,   7564.4170,-416731.6562,   -911.2480,    542.3605,  25214.7207,
       1,     166,     327,       8,       1,       3,       1,     10.0000,      1.3852,     42.3694,    244.5352,     61.5408,      3.4953,      0.0033,     -0.0267,      0.5255,      0.1159,      5.4921,     10.9843,      1.0245,     27.7784,     55.5567,      0.0189,      0.0004,      0.0156,      0.2033,   7564.4165,-416742.6562,   -911.2624,    542.3599,  25214.7227,
       1,     166,     327,       9,       1,       3,       1,     10.0000,      1.3852,     42.3694,    244.5352,     61.5408,      3.4953,      0.0370,      0.0067,      1.0245,      0.1221,      5.4921,     10.9843,      1.0792,     27.7784,     55.5567,      0.0189,      0.0004,      0.0348,      0.2033,   7564.4170,-416839.5000,   -911.3178,    542.3533,  25214.7227,
       1,     166,     327,      10,       1,       3,       1,     10.0000,      1.3852,     42.3694,    244.5352,     61.5408,      3.4953,      0.1399,      0.1088,      4.5494,      0.1450,      5.4921,     10.9843,      1.2809,     27.7784,     55.5567,      0.0189,      0.0003,      0.1847,      0.2033,   7564.4170,-417471.7812,   -910.4509,    542.3104,  25214.7227,
       1,     166,     327,      11,       1,       3,       1,     10.0000,      1.3852,     42.3694,    244.5352,     61.5408,      3.4953,      0.1843,      0.1523,      6.8877,      0.1721,      5.4921,     10.9843,      1.5204,     27.7784,     55.5567,      0.0189,      0.0003,      0.2500,      0.2033,   7564.4170,-421933.2188,   -912.1305,    542.0080,  25214.7227,
       1,     166,     327,      12,       1,       3,       1,     10.0000,      1.3852,     42.3694,    244.5352,     61.5408,      3.4953,      0.1821,      0.1499,      7.0513,      0.1776,      5.4921,     10.9843,      1.5696,     27.7784,     55.5567,      0.0189,      0.0004,      0.2468,      0.2033,   7564.4170,-425235.9375,   -914.7508,    541.7844,  25214.7246,
       1,     166,     327,      13,       1,       3,       1,     10.0000,      1.3852,     42.3694,    244.5352,     61.5408,      3.4953,      0.1842,      0.1512,      8.3772,      0.2040,      5.4921,     10.9843,      1.8030,     27.7784,     55.5567,      0.0189,      0.0004,      0.2500,      0.2033,   7564.4175,-425720.0312,   -916.0287,    541.7516,  25214.7207,
       1,     166,     327,      14,       1,       3,       1,     10.0000,      1.3852,     42.3694,    244.5352,     61.5408,      3.4953,      0.1845,      0.1513,     11.9738,      0.2093,      5.4921,     10.9843,      1.8497,     27.7784,     55.5567,      0.0189,      0.0006,      0.2500,      0.2033,   7564.4165,-427419.9375,   -918.0028,    541.6365,  25214.7227,
       1,     166,     327,      15,       1,       3,       1,     10.0000,      1.3852,     42.3694,    244.5352,     61.5408,      3.4953,      0.0913,      0.0581,     12.7839,      0.2097,      5.4921,     10.9843,      1.8533,     27.7784,     55.5567,      0.0189,      0.0014,      0.1112,      0.2033,   7564.4170,-432061.8750,   -920.0304,    541.3221,  25214.7227,
       1,     166,     327,      16,       1,       3,       1,     10.0000,      1.3852,     42.3694,    244.5352,     61.5408,      3.4953,      0.0994,      0.0660,     28.0415,      0.2150,      5.4921,     10.9843,      1.8994,     27.7784,     55.5567,      0.0189,      0.0029,      0.1213,      0.2033,   7564.4170,-433468.7500,   -920.6126,    541.2271,  25214.7207,
       1,     166,     327,      17,       1,       3,       1,     10.0000,      1.3852,     42.3694,    244.5352,     61.5408,      3.4953,      0.0676,      0.0346,     22.0938,      0.2024,      5.4921,     10.9843,      1.7888,     27.7784,     55.5567,      0.0189,      0.0037,      0.0749,      0.2033,   7564.4165,-452672.2188,   -924.6889,    539.9279,  25214.7227,
       1,     166,     327,      18,       1,       3,       1,     10.0000,      1.3852,     42.3694,    244.5352,     61.5408,      3.4953,      0.0226,     -0.0096,      4.7092,      0.1748,      5.4921,     10.9843,      1.5448,     27.7784,     55.5567,      0.0189,      0.0053,      0.0110,      0.2033,   7564.4170,-446860.7812,   -924.1119,    540.3217,  25214.7227,
       1,     166,     327,      19,       1,       3,       1,     10.0000,      1.3852,     42.3694,    244.5352,     61.5408,      3.4953,      0.0058,     -0.0259,      6.8035,      0.1614,      5.4921,     10.9843,      1.4263,     27.7784,     55.5567,      0.0189,      0.0054,      0.0156,      0.2033,   7564.4170,-424618.6875,   -920.4760,    541.8240,  25214.7227,
       1,     166,     327,      20,       1,       3,       1,     10.0000,      1.3852,     42.3694,    244.5352,     61.5408,      3.4953,      0.0001,     -0.0314,      6.2377,      0.1537,      5.4921,     10.9843,      1.3579,     27.7784,     55.5567,      0.0189,      0.0050,      0.0156,      0.2033,   7564.4170,-425360.8438,   -921.0536,    541.7759,  25214.7227,
       1,     166,     327,      21,       1,       3,       1,     10.0000,      1.3852,     42.3694,    244.5352,     61.5408,      3.4953,      0.0000,     -0.0312,      5.9897,      0.1463,      5.4921,     10.9843,      1.2926,     27.7784,     55.5567,      0.0189,      0.0048,      0.0156,      0.2033,   7564.4170,-424713.3750,   -921.3015,    541.8198,  25214.7246,
       1,     166,     327,      22,       1,       3,       1,     10.0000,      1.3852,     42.3694,    244.5352,     61.5408,      3.4953,      0.0000,     -0.0309,      5.4368,      0.1388,      5.4921,     10.9843,      1.2265,     27.7784,     55.5567,      0.0189,      0.0043,      0.0156,      0.2033,   7564.4175,-424348.0938,   -921.5409,    541.8445,  25214.7227,
       1,     166,     327,      23,       1,       3,       1,     10.0000,      1.3852,     42.3694,    244.5352,     61.5408,      3.4953,      0.0000,     -0.0308,      3.6992,      0.1340,      5.4921,     10.9843,      1.1838,     27.7784,     55.5567,      0.0189,      0.0030,      0.0156,      0.2033,   7564.4170,-423626.0938,   -921.6199,    541.8934,  25214.7207,
       1,     166,     327,      24,       1,       3,       1,     10.0000,      1.3852,     42.3694,    244.5352,     61.5408,      3.4953,      0.0000,     -0.0307,      2.6691,      0.1329,      5.4921,     10.9843,      1.1743,     27.7784,     55.5567,      0.0189,      0.0021,      0.0156,      0.2033,   7564.4165,-421391.8750,   -921.3244,    542.0447,  25214.7207,
       1,     166,     328,       1,       1,       3,       1,     10.0000,      1.3852,     42.3698,    244.5410,     61.5422,      3.4953,      0.0000,     -0.0307,      1.8140,      0.1320,      5.4928,     10.9856,      1.1660,     27.7695,     55.5391,      0.0189,      0.0014,      0.0156,      0.2033,   7564.4165,-420068.1562,   -921.3831,    542.1472,  25215.8418,
       1,     166,     328,       2,       1,       3,       1,     10.0000,      1.3852,     42.3698,    244.5410,     61.5422,      3.4953,      0.0000,     -0.0306,      1.7113,      0.1304,      5.4928,     10.9856,      1.1519,     27.7695,     55.5391,      0.0189,      0.0014,      0.0156,      0.2033,   7564.7529,-418735.1562,   -920.9211,    542.2375,  25215.8418,
       1,     166,     328,       3,       1,       3,       1,     10.0000,      1.3852,     42.3698,    244.5410,     61.5422,      3.4953,      0.0000,     -0.0306,      1.3129,      0.1308,      5.4928,     10.9856,      1.1554,     27.7695,     55.5391,      0.0189,      0.0010,      0.0156,      0.2033,   7564.7529,-418493.7812,   -920.9169,    542.2538,  25215.8398,
       1,     166,     328,       4,       1,       3,       1,     10.0000,      1.3852,     42.3698,    244.5410,     61.5422,      3.4953,      0.0000,     -0.0306,      0.7250,      0.1306,      5.4928,     10.9856,      1.1542,     27.7695,     55.5391,      0.0189,      0.0006,      0.0156,      0.2033,   7564.7524,-417975.5000,   -920.8589,    542.2890,  25215.8418,
       1,     166,     328,       5,       1,       3,       1,     10.0000,      1.3852,     42.3698,    244.5410,     61.5422,      3.4953,      0.0000,     -0.0306,      0.5413,      0.1297,      5.4928,     10.9856,      1.1461,     27.7695,     55.5391,      0.0189,      0.0004,      0.0156,      0.2033,   7564.7529,-417196.1562,   -920.7258,    542.3418,  25215.8418,
       1,     166,     328,       6,       1,       3,       1,     10.0000,      1.3852,     42.3698,    244.5410,     61.5422,      3.4953,      0.0000,     -0.0306,      0.3743,      0.1306,      5.4928,     10.9856,      1.1542,     27.7695,     55.5391,      0.0189,      0.0003,      0.0156,      0.2033,   7564.7529,-416900.4375,   -920.6784,    542.3619,  25215.8418,
       1,     166,     328,       7,       1,       3,       1,     10.0000,      1.3852,     42.3698,    244.5410,     61.5422,      3.4953,      0.0000,     -0.0306,      0.3639,      0.1296,      5.4928,     10.9856,      1.1449,     27.7695,     55.5391,      0.0189,      0.0003,      0.0156,      0.2033,   7564.7529,-416666.5625,   -920.6391,    542.3777,  25215.8438,
       1,     166,     328,       8,       1,       3,       1,     10.0000,      1.3852,     42.3698,    244.5410,     61.5422,      3.4953,      0.0060,     -0.0247,      0.3869,      0.1316,      5.4928,     10.9856,      1.1625,     27.7695,     55.5391,      0.0189,      0.0003,      0.0156,      0.2033,   7564.7534,-416633.4062,   -920.6359,    542.3799,  25215.8418,
       1,     166,     328,       9,       1,       3,       1,     10.0000,      1.3852,     42.3698,    244.5410,     61.5422,      3.4953,      0.1026,      0.0718,      3.6700,      0.1359,      5.4928,     10.9856,      1.2008,     27.7695,     55.5391,      0.0189,      0.0004,      0.1301,      0.2033,   7564.7529,-416659.7188,   -920.6522,    542.3782,  25215.8438,
       1,     166,     328,      10,       1,       3,       1,     10.0000,      1.3852,     42.3698,    244.5410,     61.5422,      3.4953,      0.1273,      0.0953,      7.0971,      0.1700,      5.4928,     10.9856,      1.5024,     27.7695,     55.5391,      0.0189,      0.0005,      0.1656,      0.2033,   7564.7534,-420766.6875,   -921.5992,    542.0998,  25215.8418,
       1,     166,     328,      11,       1,       3,       1,     10.0000,      1.3852,     42.3698,    244.5410,     61.5422,      3.4953,      0.1639,      0.1313,     10.1872,      0.1891,      5.4928,     10.9856,      1.6709,     27.7695,     55.5391,      0.0189,      0.0006,      0.2195,      0.2033,   7564.7529,-425400.5938,   -922.7001,    541.7859,  25215.8418,
       1,     166,     328,      12,       1,       3,       1,     10.0000,      1.3852,     42.3698,    244.5410,     61.5422,      3.4953,      0.1534,      0.1205,      8.6826,      0.1999,      5.4928,     10.9856,      1.7661,     27.7695,     55.5391,      0.0189,      0.0005,      0.2041,      0.2033,   7564.7529,-429657.6562,   -923.8330,    541.4977,  25215.8398,
       1,     166,     328,      13,       1,       3,       1,     10.0000,      1.3852,     42.3698,    244.5410,     61.5422,      3.4953,      0.1594,      0.1259,     12.4393,      0.2188,      5.4928,     10.9856,      1.9333,     27.7695,     55.5391,      0.0189,      0.0007,      0.2126,      0.2033,   7564.7524,-428137.0000,   -923.7975,    541.6006,  25215.8418,
       1,     166,     328,      14,       1,       3,       1,     10.0000,      1.3852,     42.3698,    244.5410,     61.5422,      3.4953,      0.1696,      0.1359,     17.8638,      0.2260,      5.4928,     10.9856,      1.9969,     27.7695,     55.5391,      0.0189,      0.0010,      0.2273,      0.2033,   7564.7529,-432705.8750,   -924.9984,    541.2913,  25215.8418,
       1,     166,     328,      15,       1,       3,       1,     10.0000,      1.3852,     42.3698,    244.5410,     61.5422,      3.4953,      0.1577,      0.1241,     51.0001,      0.2231,      5.4928,     10.9856,      1.9716,     27.7695,     55.5391,      0.0189,      0.0031,      0.2055,      0.2033,   7564.7529,-439877.3438,   -926.6974,    540.8062,  25215.8438,
       1,     166,     328,      16,       1,       3,       1,     10.0000,      1.3852,     42.3698,    244.5410,     61.5422,      3.4953,      0.1608,      0.1278,     63.8593,      0.2012,      5.4928,     10.9856,      1.7783,     27.7695,     55.5391,      0.0189,      0.0038,      0.2087,      0.2033,   7564.7534,-481930.7812,   -935.1131,    537.9636,  25215.8418,
       1,     166,     328,      17,       1,       3,       1,     10.0000,      1.3852,     42.3698,    244.5410,     61.5422,      3.4953,      0.1340,      0.1014,     60.9747,      0.1895,      5.4928,     10.9856,      1.6743,     27.7695,     55.5391,      0.0189,      0.0045,      0.1692,      0.2033,   7564.7529,-501604.1250,   -939.3775,    536.6481,  25215.8438,
       1,     166,     328,      18,       1,       3,       1,     10.0000,      1.3852,     42.3698,    244.5410,     61.5422,      3.4953,      0.1200,      0.0874,     66.3698,      0.1889,      5.4928,     10.9856,      1.6693,     27.7695,     55.5391,      0.0189,      0.0056,      0.1478,      0.2032,   7564.7534,-499649.8438,   -939.4916,    536.7808,  25215.8398,
       1,     166,     328,      19,       1,       3,       1,     10.0000,      1.3852,     42.3698,    244.5410,     61.5422,      3.4953,      0.0476,      0.0156,     21.3377,      0.1702,      5.4928,     10.9856,      1.5039,     27.7695,     55.5391,      0.0189,      0.0058,      0.0463,      0.2032,   7564.7524,-506237.5000,   -941.2474,    536.3388,  25215.8418,
       1,     166,     328,      20,       1,       3,       1,     10.0000,      1.3852,     42.3698,    244.5410,     61.5422,      3.4953,      0.0004,     -0.0312,      6.1600,      0.1596,      5.4928,     10.9856,      1.4107,     27.7695,     55.5391,      0.0189,      0.0049,      0.0156,      0.2032,   7564.7529,-450412.3438,   -930.8075,    540.0817,  25215.8418,
       1,     166,     328,      21,       1,       3,       1,     10.0000,      1.3852,     42.3698,    244.5410,     61.5422,      3.4953,      0.0000,     -0.0315,      4.9497,      0.1559,      5.4928,     10.9856,      1.3772,     27.7695,     55.5391,      0.0189,      0.0040,      0.0156,      0.2033,   7564.7529,-426750.6875,   -926.3575,    541.6921,  25215.8418,
       1,     166,     328,      22,       1,       3,       1,     10.0000,      1.3852,     42.3698,    244.5410,     61.5422,      3.4953,      0.0000,     -0.0315,      4.4256,      0.1559,      5.4928,     10.9856,      1.3772,     27.7695,     55.5391,      0.0189,      0.0035,      0.0156,      0.2033,   7564.7529,-423225.3438,   -925.7335,    541.9332,  25215.8398,
       1,     166,     328,      23,       1,       3,       1,     10.0000,      1.3852,     42.3698,    244.5410,     61.5422,      3.4953,      0.0000,     -0.0314,      4.2333,      0.1529,      5.4928,     10.9856,      1.3511,     27.7695,     55.5391,      0.0189,      0.0034,      0.0156,      0.2033,   7564.7524,-422268.6875,   -925.5912,    541.9980,  25215.8418,
       1,     166,     328,      24,       1,       3,       1,     10.0000,      1.3852,     42.3698,    244.5410,     61.5422,      3.4953,      0.0000,     -0.0314,      2.8752,      0.1509,      5.4928,     10.9856,      1.3336,     27.7695,     55.5391,      0.0189,      0.0023,      0.0156,      0.2033,   7564.7529,-421946.8438,   -925.5663,    542.0198,  25215.8418,
       1,     166,     329,       1,       1,       3,       1,     10.0000,      1.3852,     42.3701,    244.5467,     61.5437,      3.4953,      0.0000,     -0.0313,      1.9588,      0.1493,      5.4925,     10.9850,      1.3190,     27.7679,     55.5358,      0.0189,      0.0016,      0.0156,      0.2033,   7564.7529,-420375.5312,   -925.5601,    542.1390,  25216.9609,
       1,     166,     329,       2,       1,       3,       1,     10.0000,      1.3852,     42.3701,    244.5467,     61.5437,      3.4953,      0.0000,     -0.0309,      1.4935,      0.1367,      5.4925,     10.9850,      1.2081,     27.7679,     55.5358,      0.0189,      0.0012,      0.0156,      0.2033,   7565.0884,-418945.2812,   -925.0363,    542.2360,  25216.9609,
       1,     166,     329,       3,       1,       3,       1,     10.0000,      1.3852,     42.3701,    244.5467,     61.5437,      3.4953,      0.0000,     -0.0303,      1.3249,      0.1215,      5.4925,     10.9850,      1.0738,     27.7679,     55.5358,      0.0189,      0.0011,      0.0156,      0.2033,   7565.0884,-418242.3750,   -910.5255,    542.2836,  25216.9590,
       1,     166,     329,       4,       1,       3,       1,     10.0000,      1.3852,     42.3701,    244.5467,     61.5437,      3.4953,      0.0000,     -0.0304,      1.1075,      0.1250,      5.4925,     10.9850,      1.1049,     27.7679,     55.5358,      0.0189,      0.0009,      0.0156,      0.2034,   7565.0879,-417972.1562,   -910.4828,    542.3019,  25216.9609,
       1,     166,     329,       5,       1,       3,       1,     10.0000,      1.3852,     42.3701,    244.5467,     61.5437,      3.4953,      0.0000,     -0.0304,      1.1084,      0.1252,      5.4925,     10.9850,      1.1060,     27.7679,     55.5358,      0.0189,      0.0009,      0.0156,      0.2034,   7565.0884,-417677.3125,   -910.5212,    542.3219,  25216.9609,
       1,     166,     329,       6,       1,       3,       1,     10.0000,      1.3852,     42.3701,    244.5467,     61.5437,      3.4953,      0.0000,     -0.0304,      0.9421,      0.1252,      5.4925,     10.9850,      1.1060,     27.7679,     55.5358,      0.0189,      0.0008,      0.0156,      0.2034,   7565.0884,-417653.4062,   -910.6237,    542.3235,  25216.9609,
       1,     166,     329,       7,       1,       3,       1,     10.0000,      1.3852,     42.3701,    244.5467,     61.5437,      3.4953,      0.0000,     -0.0304,      0.6422,      0.1256,      5.4925,     10.9850,      1.1094,     27.7679,     55.5358,      0.0189,      0.0005,      0.0156,      0.2034,   7565.0884,-417443.5000,   -910.6699,    542.3378,  25216.9609,
       1,     166,     329,       8,       1,       3,       1,     10.0000,      1.3852,     42.3701,    244.5467,     61.5437,      3.4953,      0.0064,     -0.0242,      0.3640,      0.1280,      5.4925,     10.9850,      1.1310,     27.7679,     55.5358,      0.0189,      0.0003,      0.0156,      0.2034,   7565.0884,-417050.6875,   -910.6318,    542.3644,  25216.9629,
       1,     166,     329,       9,       1,       3,       1,     10.0000,      1.3852,     42.3701,    244.5467,     61.5437,      3.4953,      0.0405,      0.0099,      0.8622,      0.1322,      5.4925,     10.9850,      1.1684,     27.7679,     55.5358,      0.0189,      0.0003,      0.0396,      0.2034,   7565.0894,-416669.3438,   -910.5928,    542.3903,  25216.9609,
       1,     166,     329,      10,       1,       3,       1,     10.0000,      1.3852,     42.3701,    244.5467,     61.5437,      3.4953,      0.0770,      0.0460,      2.9627,      0.1424,      5.4925,     10.9850,      1.2580,     27.7679,     55.5358,      0.0189,      0.0004,      0.0925,      0.2034,   7565.0884,-417260.2188,   -910.8604,    542.3502,  25216.9609,
       1,     166,     329,      11,       1,       3,       1,     10.0000,      1.3852,     42.3701,    244.5467,     61.5437,      3.4953,      0.1469,      0.1151,      7.2463,      0.1629,      5.4925,     10.9850,      1.4392,     27.7679,     55.5358,      0.0189,      0.0005,      0.1946,      0.2034,   7565.0884,-419936.3438,   -911.6650,    542.1688,  25216.9590,
       1,     166,     329,      12,       1,       3,       1,     10.0000,      1.3852,     42.3701,    244.5467,     61.5437,      3.4953,      0.1683,      0.1363,      8.4644,      0.1719,      5.4925,     10.9850,      1.5190,     27.7679,     55.5358,      0.0189,      0.0005,      0.2262,      0.2033,   7565.0879,-425519.0312,   -913.3716,    541.7905,  25216.9609,
       1,     166,     329,      13,       1,       3,       1,     10.0000,      1.3852,     42.3701,    244.5467,     61.5437,      3.4953,      0.0420,      0.0095,      1.5849,      0.1869,      5.4925,     10.9850,      1.6512,     27.7679,     55.5358,      0.0189,      0.0005,      0.0397,      0.2033,   7565.0884,-427515.3125,   -914.6765,    541.6553,  25216.9609,
       1,     166,     329,      14,       1,       3,       1,     10.0000,      1.3852,     42.3701,    244.5467,     61.5437,      3.4953,      0.0689,      0.0367,      2.9906,      0.1750,      5.4925,     10.9850,      1.5465,     27.7679,     55.5358,      0.0189,      0.0005,      0.0796,      0.2033,   7565.0884,-419082.2812,   -913.2948,    542.2264,  25216.9609,
       1,     166,     329,      15,       1,       3,       1,     10.0000,      1.3852,     42.3701,    244.5467,     61.5437,      3.4953,      0.1186,      0.0883,      7.3630,      0.1218,      5.4925,     10.9850,      1.0760,     27.7679,     55.5358,      0.0189,      0.0006,      0.1532,      0.2033,   7565.0884,-420126.1250,   -910.9433,    542.1559,  25216.9590,
       1,     166,     329,      16,       1,       3,       1,     10.0000,      1.3852,     42.3701,    244.5467,     61.5437,      3.4953,      0.1032,      0.0728,     17.1382,      0.1254,      5.4925,     10.9850,      1.1083,     27.7679,     55.5358,      0.0189,      0.0016,      0.1296,      0.2033,   7565.0879,-425681.0938,   -912.1658,    541.7795,  25216.9609,
       1,     166,     329,      17,       1,       3,       1,     10.0000,      1.3852,     42.3701,    244.5467,     61.5437,      3.4953,      0.0931,      0.0623,     19.6198,      0.1353,      5.4925,     10.9850,      1.1959,     27.7679,     55.5358,      0.0189,      0.0021,      0.1143,      0.2033,   7565.0884,-438374.6875,   -914.6108,    540.9200,  25216.9609,
       1,     166,     329,      18,       1,       3,       1,     10.0000,      1.3852,     42.3701,    244.5467,     61.5437,      3.4953,      0.0741,      0.0431,     19.2470,      0.1392,      5.4925,     10.9850,      1.2303,     27.7679,     55.5358,      0.0189,      0.0028,      0.0863,      0.2033,   7565.0884,-442554.9375,   -916.0822,    540.6380,  25216.9609,
       1,     166,     329,      19,       1,       3,       1,     10.0000,      1.3852,     42.3701,    244.5467,     61.5437,      3.4953,      0.0449,      0.0140,      8.9951,      0.1380,      5.4925,     10.9850,      1.2192,     27.7679,     55.5358,      0.0189,      0.0025,      0.0447,      0.2033,   7565.0884,-442441.8438,   -916.7381,    540.6457,  25216.9609,
       1,     166,     329,      20,       1,       3,       1,     10.0000,      1.3852,     42.3701,    244.5467,     61.5437,      3.4953,      0.0021,     -0.0287,      0.4203,      0.1336,      5.4925,     10.9850,      1.1803,     27.7679,     55.5358,      0.0189,      0.0003,      0.0156,      0.2033,   7565.0884,-429610.3438,   -914.9083,    541.5129,  25216.9629,
       1,     166,     329,      21,       1,       3,       1,     10.0000,      1.3852,     42.3701,    244.5467,     61.5437,      3.4953,      0.0000,     -0.0306,      0.4198,      0.1304,      5.4925,     10.9850,      1.1519,     27.7679,     55.5358,      0.0189,      0.0003,      0.0156,      0.2033,   7565.0894,-417803.5938,   -910.3246,    542.3128,  25216.9590,
       1,     166,     329,      22,       1,       3,       1,     10.0000,      1.3852,     42.3701,    244.5467,     61.5437,      3.4953,      0.0000,     -0.0299,      0.3307,      0.1123,      5.4925,     10.9850,      0.9925,     27.7679,     55.5358,      0.0189,      0.0003,      0.0156,      0.2034,   7565.0879,-416804.0312,   -910.1358,    542.3812,  25216.9609,
       1,     166,     329,      23,       1,       3,       1,     10.0000,      1.3852,     42.3701,    244.5467,     61.5437,      3.4953,      0.0000,     -0.0295,      0.3194,      0.1037,      5.4925,     10.9850,      0.9160,     27.7679,     55.5358,      0.0189,      0.0003,      0.0156,      0.2034,   7565.0884,-416607.0000,   -910.0983,    542.3945,  25216.9609,
       1,     166,     329,      24,       1,       3,       1,     10.0000,      1.3852,     42.3701,    244.5467,     61.5437,      3.4953,      0.0000,     -0.0297,      0.4030,      0.1069,      5.4925,     10.9850,      0.9448,     27.7679,     55.5358,      0.0189,      0.0003,      0.0156,      0.2034,   7565.0884,-416576.2188,   -910.0933,    542.3965,  25216.9609,
       1,     166,     330,       1,       1,       3,       1,     10.0000,      1.3852,     42.3704,    244.5524,     61.5451,      3.4953,      0.0000,     -0.0296,      0.3903,      0.1064,      5.4940,     10.9879,      0.9399,     27.7541,     55.5082,      0.0189,      0.0003,      0.0156,      0.2034,   7565.0884,-416833.0000,   -910.3970,    542.3920,  25218.0820,
       1,     166,     330,       2,       1,       3,       1,     10.0000,      1.3852,     42.3704,    244.5524,     61.5451,      3.4953,      0.0000,     -0.0296,      0.3241,      0.1052,      5.4940,     10.9879,      0.9294,     27.7541,     55.5082,      0.0189,      0.0003,      0.0156,      0.2034,   7565.4248,-416687.2812,   -910.1158,    542.4020,  25218.0820,
       1,     166,     330,       3,       1,       3,       1,     10.0000,      1.3852,     42.3704,    244.5524,     61.5451,      3.4953,      0.0000,     -0.0296,      0.2800,      0.1063,      5.4940,     10.9879,      0.9390,     27.7541,     55.5082,      0.0189,      0.0002,      0.0156,      0.2034,   7565.4248,-416591.9688,   -910.1089,    542.4084,  25218.0840,
       1,     166,     330,       4,       1,       3,       1,     10.0000,      1.3852,     42.3704,    244.5524,     61.5451,      3.4953,      0.0000,     -0.0296,      0.2488,      0.1067,      5.4940,     10.9879,      0.9429,     27.7541,     55.5082,      0.0189,      0.0002,      0.0156,      0.2034,   7565.4253,-416528.4062,   -910.1017,    542.4127,  25218.0840,
       1,     166,     330,       5,       1,       3,       1,     10.0000,      1.3852,     42.3704,    244.5524,     61.5451,      3.4953,      0.0000,     -0.0296,      0.2485,      0.1066,      5.4940,     10.9879,      0.9419,     27.7541,     55.5082,      0.0189,      0.0002,      0.0156,      0.2034,   7565.4253,-416484.1250,   -910.0951,    542.4158,  25218.0840,
       1,     166,     330,       6,       1,       3,       1,     10.0000,      1.3852,     42.3704,    244.5524,     61.5451,      3.4953,      0.0000,     -0.0296,      0.2453,      0.1054,      5.4940,     10.9879,      0.9313,     27.7541,     55.5082,      0.0189,      0.0002,      0.0156,      0.2034,   7565.4253,-416479.9062,   -910.0956,    542.4160,  25218.0840,
       1,     166,     330,       7,       1,       3,       1,     10.0000,      1.3852,     42.3704,    244.5524,     61.5451,      3.4953,      0.0000,     -0.0296,      0.2433,      0.1046,      5.4940,     10.9879,      0.9246,     27.7541,     55.5082,      0.0189,      0.0002,      0.0156,      0.2034,   7565.4253,-416475.7500,   -910.0960,    542.4163,  25218.0840,
       1,     166,     330,       8,       1,       3,       1,     10.0000,      1.3852,     42.3704,    244.5524,     61.5451,      3.4953,      0.0085,     -0.0211,      0.2442,      0.1050,      5.4940,     10.9879,      0.9275,     27.7541,     55.5082,      0.0189,      0.0002,      0.0156,      0.2034,   7565.4253,-416472.7500,   -910.0964,    542.4165,  25218.0859,
       1,     166,     330,       9,       1,       3,       1,     10.0000,      1.3852,     42.3704,    244.5524,     61.5451,      3.4953,      0.1090,      0.0789,      2.5077,      0.1182,      5.4940,     10.9879,      1.0446,     27.7541,     55.5082,      0.0189,      0.0002,      0.1399,      0.2034,   7565.4263,-416473.4375,   -910.1384,    542.4164,  25218.0859,
       1,     166,     330,      10,       1,       3,       1,     10.0000,      1.3852,     42.3704,    244.5524,     61.5451,      3.4953,      0.1481,      0.1168,      4.5894,      0.1488,      5.4940,     10.9879,      1.3150,     27.7541,     55.5082,      0.0189,      0.0003,      0.1967,      0.2034,   7565.4263,-419303.0938,   -910.9918,    542.2246,  25218.0840,
       1,     166,     330,      11,       1,       3,       1,     10.0000,      1.3852,     42.3704,    244.5524,     61.5451,      3.4953,      0.1626,      0.1311,      5.2497,      0.1531,      5.4940,     10.9879,      1.3526,     27.7541,     55.5082,      0.0189,      0.0003,      0.2179,      0.2034,   7565.4253,-422145.4375,   -912.1849,    542.0320,  25218.0840,
       1,     166,     330,      12,       1,       3,       1,     10.0000,      1.3852,     42.3704,    244.5524,     61.5451,      3.4953,      0.1700,      0.1376,      7.4362,      0.1796,      5.4940,     10.9879,      1.5870,     27.7541,     55.5082,      0.0189,      0.0004,      0.2287,      0.2034,   7565.4253,-423211.8750,   -913.1217,    541.9598,  25218.0840,
       1,     166,     330,      13,       1,       3,       1,     10.0000,      1.3852,     42.3704,    244.5524,     61.5451,      3.4953,      0.1846,      0.1518,     11.6048,      0.1933,      5.4940,     10.9879,      1.7078,     27.7541,     55.5082,      0.0189,      0.0006,      0.2500,      0.2034,   7565.4253,-426035.6875,   -914.6978,    541.7684,  25218.0840,
       1,     166,     330,      14,       1,       3,       1,     10.0000,      1.3852,     42.3704,    244.5524,     61.5451,      3.4953,      0.1796,      0.1473,     20.6081,      0.1800,      5.4940,     10.9879,      1.5902,     27.7541,     55.5082,      0.0189,      0.0011,      0.2414,      0.2034,   7565.4253,-431486.8438,   -917.7499,    541.3993,  25218.0840,
       1,     166,     330,      15,       1,       3,       1,     10.0000,      1.3852,     42.3704,    244.5524,     61.5451,      3.4953,      0.1880,      0.1553,     53.9872,      0.1893,      5.4940,     10.9879,      1.6727,     27.7541,     55.5082,      0.0189,      0.0027,      0.2500,      0.2034,   7565.4253,-443205.9375,   -920.9612,    540.6064,  25218.0859,
       1,     166,     330,      16,       1,       3,       1,     10.0000,      1.3852,     42.3704,    244.5524,     61.5451,      3.4953,      0.1081,      0.0755,     32.7110,      0.1900,      5.4940,     10.9879,      1.6793,     27.7541,     55.5082,      0.0189,      0.0030,      0.1341,      0.2034,   7565.4263,-485941.2500,   -930.5260,    537.7191,  25218.0820,
       1,     166,     330,      17,       1,       3,       1,     10.0000,      1.3852,     42.3704,    244.5524,     61.5451,      3.4953,      0.0160,     -0.0167,      0.3599,      0.1919,      5.4940,     10.9879,      1.6960,     27.7541,     55.5082,      0.0189,      0.0042,      0.0011,      0.2033,   7565.4248,-462953.9062,   -926.8972,    539.2719,  25218.0840,
       1,     166,     330,      18,       1,       3,       1,     10.0000,      1.3852,     42.3704,    244.5524,     61.5451,      3.4953,      0.0149,     -0.0172,      0.0889,      0.1741,      5.4940,     10.9879,      1.5388,     27.7541,     55.5082,      0.0189,      0.0044,      0.0003,      0.2033,   7565.4253,-420540.6562,   -919.3954,    542.1332,  25218.0840,
       1,     166,     330,      19,       1,       3,       1,     10.0000,      1.3852,     42.3704,    244.5524,     61.5451,      3.4953,      0.0146,     -0.0170,      0.1294,      0.1570,      5.4940,     10.9879,      1.3869,     27.7541,     55.5082,      0.0189,      0.0033,      0.0005,      0.2034,   7565.4253,-416633.6875,   -919.0140,    542.4056,  25218.0840,
       1,     166,     330,      20,       1,       3,       1,     10.0000,      1.3852,     42.3704,    244.5524,     61.5451,      3.4953,      0.0005,     -0.0308,      5.1858,      0.1493,      5.4940,     10.9879,      1.3190,     27.7541,     55.5082,      0.0189,      0.0041,      0.0156,      0.2034,   7565.4253,-416343.8125,   -919.2015,    542.4253,  25218.0840,
       1,     166,     330,      21,       1,       3,       1,     10.0000,      1.3852,     42.3704,    244.5524,     61.5451,      3.4953,      0.0000,     -0.0312,      5.1787,      0.1470,      5.4940,     10.9879,      1.2992,     27.7541,     55.5082,      0.0189,      0.0041,      0.0156,      0.2034,   7565.4253,-422639.9375,   -920.6692,    541.9984,  25218.0840,
       1,     166,     330,      22,       1,       3,       1,     10.0000,      1.3852,     42.3704,    244.5524,     61.5451,      3.4953,      0.0000,     -0.0311,      5.4483,      0.1427,      5.4940,     10.9879,      1.2605,     27.7541,     55.5082,      0.0189,      0.0044,      0.0156,      0.2034,   7565.4253,-423165.0312,   -921.0356,    541.9630,  25218.0840,
       1,     166,     330,      23,       1,       3,       1,     10.0000,      1.3852,     42.3704,    244.5524,     61.5451,      3.4953,      0.0000,     -0.0310,      3.9303,      0.1401,      5.4940,     10.9879,      1.2378,     27.7541,     55.5082,      0.0189,      0.0031,      0.0156,      0.2034,   7565.4253,-423546.5000,   -921.3076,    541.9371,  25218.0840,
       1,     166,     330,      24,       1,       3,       1,     10.0000,      1.3852,     42.3704,    244.5524,     61.5451,      3.4953,      0.0000,     -0.0309,      2.8959,      0.1376,      5.4940,     10.9879,      1.2155,     27.7541,     55.5082,      0.0189,      0.0023,      0.0156,      0.2034,   7565.4253,-421681.0312,   -921.0881,    542.0635,  25218.0859,
       1,     166,     331,       1,       1,       3,       1,     10.0000,      1.3852,     42.3708,    244.5582,     61.5466,      3.4953,      0.0000,     -0.0308,      2.5688,      0.1355,      5.4932,     10.9864,      1.1972,     27.7480,     55.4959,      0.0189,      0.0021,      0.0156,      0.2034,   7565.4263,-420383.5625,   -921.2148,    542.1641,  25219.2051,
       1,     166,     331,       2,       1,       3,       1,     10.0000,      1.3852,     42.3708,    244.5582,     61.5466,      3.4953,      0.0000,     -0.0308,      2.2703,      0.1344,      5.4932,     10.9864,      1.1875,     27.7480,     55.4959,      0.0189,      0.0018,      0.0156,      0.2034,   7565.7617,-419713.6250,   -920.9242,    542.2095,  25219.2051,
       1,     166,     331,       3,       1,       3,       1,     10.0000,      1.3852,     42.3708,    244.5582,     61.5466,      3.4953,      0.0000,     -0.0305,      1.5708,      0.1281,      5.4932,     10.9864,      1.1322,     27.7480,     55.4959,      0.0189,      0.0013,      0.0156,      0.2034,   7565.7617,-419283.8750,   -920.9011,    542.2387,  25219.2051,
       1,     166,     331,       4,       1,       3,       1,     10.0000,      1.3852,     42.3708,    244.5582,     61.5466,      3.4953,      0.0000,     -0.0305,      1.0579,      0.1274,      5.4932,     10.9864,      1.1254,     27.7480,     55.4959,      0.0189,      0.0008,      0.0156,      0.2034,   7565.7617,-418372.8438,   -920.7939,    542.3004,  25219.2031,
       1,     166,     331,       5,       1,       3,       1,     10.0000,      1.3852,     42.3708,    244.5582,     61.5466,      3.4953,      0.0000,     -0.0303,      0.6213,      0.1229,      5.4932,     10.9864,      1.0860,     27.7480,     55.4959,      0.0189,      0.0005,      0.0156,      0.2034,   7565.7612,-417654.9062,   -920.6980,    542.3491,  25219.2051,
       1,     166,     331,       6,       1,       3,       1,     10.0000,      1.3852,     42.3708,    244.5582,     61.5466,      3.4953,      0.0000,     -0.0303,      0.5840,      0.1213,      5.4932,     10.9864,      1.0717,     27.7480,     55.4959,      0.0189,      0.0005,      0.0156,      0.2034,   7565.7617,-417047.9688,   -920.5935,    542.3902,  25219.2031,
       1,     166,     331,       7,       1,       3,       1,     10.0000,      1.3852,     42.3708,    244.5582,     61.5466,      3.4953,      0.0000,     -0.0301,      0.5436,      0.1176,      5.4932,     10.9864,      1.0393,     27.7480,     55.4959,      0.0189,      0.0004,      0.0156,      0.2034,   7565.7612,-416950.2500,   -920.5831,    542.3968,  25219.2051,
       1,     166,     331,       8,       1,       3,       1,     10.0000,      1.3852,     42.3708,    244.5582,     61.5466,      3.4953,      0.0051,     -0.0251,      0.4445,      0.1201,      5.4932,     10.9864,      1.0608,     27.7480,     55.4959,      0.0189,      0.0004,      0.0156,      0.2034,   7565.7617,-416891.3438,   -920.5848,    542.4008,  25219.2031,
       1,     166,     331,       9,       1,       3,       1,     10.0000,      1.3852,     42.3708,    244.5582,     61.5466,      3.4953,      0.0983,      0.0678,      3.4260,      0.1265,      5.4932,     10.9864,      1.1174,     27.7480,     55.4959,      0.0189,      0.0003,      0.1240,      0.2034,   7565.7612,-416762.6250,   -920.5750,    542.4095,  25219.2070,
       1,     166,     331,      10,       1,       3,       1,     10.0000,      1.3852,     42.3708,    244.5582,     61.5466,      3.4953,      0.1429,      0.1115,      4.7314,      0.1526,      5.4932,     10.9864,      1.3485,     27.7480,     55.4959,      0.0189,      0.0003,      0.1890,      0.2034,   7565.7622,-420478.0312,   -921.3732,    542.1577,  25219.2051,
       1,     166,     331,      11,       1,       3,       1,     10.0000,      1.3852,     42.3708,    244.5582,     61.5466,      3.4953,      0.1656,      0.1334,      6.2312,      0.1747,      5.4932,     10.9864,      1.5435,     27.7480,     55.4959,      0.0189,      0.0003,      0.2223,      0.2034,   7565.7617,-422424.8438,   -922.1042,    542.0258,  25219.2051,
       1,     166,     331,      12,       1,       3,       1,     10.0000,      1.3852,     42.3708,    244.5582,     61.5466,      3.4953,      0.1713,      0.1385,      7.3764,      0.1958,      5.4932,     10.9864,      1.7299,     27.7480,     55.4959,      0.0189,      0.0004,      0.2309,      0.2034,   7565.7617,-424464.5312,   -922.9266,    541.8876,  25219.2051,
       1,     166,     331,      13,       1,       3,       1,     10.0000,      1.3852,     42.3708,    244.5582,     61.5466,      3.4953,      0.1785,      0.1454,      8.1828,      0.2061,      5.4932,     10.9864,      1.8210,     27.7480,     55.4959,      0.0189,      0.0004,      0.2414,      0.2034,   7565.7617,-426068.9688,   -923.6951,    541.7789,  25219.2051,
       1,     166,     331,      14,       1,       3,       1,     10.0000,      1.3852,     42.3708,    244.5582,     61.5466,      3.4953,      0.1843,      0.1511,      9.6787,      0.2098,      5.4932,     10.9864,      1.8535,     27.7480,     55.4959,      0.0189,      0.0005,      0.2500,      0.2034,   7565.7617,-427212.9688,   -924.2668,    541.7015,  25219.2070,
       1,     166,     331,      15,       1,       3,       1,     10.0000,      1.3852,     42.3708,    244.5582,     61.5466,      3.4953,      0.1859,      0.1529,     28.4292,      0.2009,      5.4932,     10.9864,      1.7749,     27.7480,     55.4959,      0.0189,      0.0014,      0.2500,      0.2034,   7565.7622,-429179.6875,   -925.0028,    541.5683,  25219.2051,
       1,     166,     331,      16,       1,       3,       1,     10.0000,      1.3852,     42.3708,    244.5582,     61.5466,      3.4953,      0.1747,      0.1417,     62.1685,      0.2029,      5.4932,     10.9864,      1.7925,     27.7480,     55.4959,      0.0189,      0.0034,      0.2295,      0.2034,   7565.7617,-452787.3438,   -929.8437,    539.9701,  25219.2051,
       1,     166,     331,      17,       1,       3,       1,     10.0000,      1.3852,     42.3708,    244.5582,     61.5466,      3.4953,      0.1607,      0.1281,    100.5663,      0.1887,      5.4932,     10.9864,      1.6678,     27.7480,     55.4959,      0.0189,      0.0061,      0.2042,      0.2034,   7565.7617,-496985.8438,   -938.7130,    536.9893,  25219.2051,
       1,     166,     331,      18,       1,       3,       1,     10.0000,      1.3852,     42.3708,    244.5582,     61.5466,      3.4953,      0.1311,      0.0987,     75.6453,      0.1812,      5.4932,     10.9864,      1.6013,     27.7480,     55.4959,      0.0189,      0.0058,      0.1632,      0.2033,   7565.7617,-548794.3750,   -949.2674,    533.5199,  25219.2070,
       1,     166,     331,      19,       1,       3,       1,     10.0000,      1.3852,     42.3708,    244.5582,     61.5466,      3.4953,      0.0578,      0.0258,     28.4385,      0.1699,      5.4932,     10.9864,      1.5010,     27.7480,     55.4959,      0.0189,      0.0059,      0.0604,      0.2033,   7565.7622,-521979.4375,   -944.6641,    535.3194,  25219.2051,
       1,     166,     331,      20,       1,       3,       1,     10.0000,      1.3852,     42.3708,    244.5582,     61.5466,      3.4953,      0.0029,     -0.0289,      5.9800,      0.1634,      5.4932,     10.9864,      1.4436,     27.7480,     55.4959,      0.0189,      0.0048,      0.0156,      0.2033,   7565.7617,-460615.5938,   -933.1282,    539.4286,  25219.2051,
       1,     166,     331,      21,       1,       3,       1,     10.0000,      1.3852,     42.3708,    244.5582,     61.5466,      3.4953,      0.0000,     -0.0317,      6.2433,      0.1601,      5.4932,     10.9864,      1.4150,     27.7480,     55.4959,      0.0189,      0.0050,      0.0156,      0.2034,   7565.7617,-427393.0625,   -926.7985,    541.6846,  25219.2031,
       1,     166,     331,      22,       1,       3,       1,     10.0000,      1.3852,     42.3708,    244.5582,     61.5466,      3.4953,      0.0000,     -0.0316,      4.8248,      0.1592,      5.4932,     10.9864,      1.4066,     27.7480,     55.4959,      0.0189,      0.0039,      0.0156,      0.2034,   7565.7612,-424906.5625,   -926.3538,    541.8577,  25219.2070,
       1,     166,     331,      23,       1,       3,       1,     10.0000,      1.3852,     42.3708,    244.5582,     61.5466,      3.4953,      0.0000,     -0.0316,      4.6837,      0.1565,      5.4932,     10.9864,      1.3828,     27.7480,     55.4959,      0.0189,      0.0037,      0.0156,      0.2034,   7565.7622,-422916.5000,   -925.9894,    541.9924,  25219.2051,
       1,     166,     331,      24,       1,       3,       1,     10.0000,      1.3852,     42.3708,    244.5582,     61.5466,      3.4953,      0.0000,     -0.0315,      3.6820,      0.1549,      5.4932,     10.9864,      1.3690,     27.7480,     55.4959,      0.0189,      0.0029,      0.0156,      0.2034,   7565.7617,-422571.9375,   -925.9374,    542.0159,  25219.2051,
       1,     166,     332,       1,       1,       3,       1,     10.0000,      1.3853,     42.3711,    244.5639,     61.5480,      3.4953,      0.0000,     -0.0315,      3.1825,      0.1546,      5.4927,     10.9854,      1.3663,     27.7503,     55.5007,      0.0189,      0.0025,      0.0156,      0.2034,   7565.7617,-421444.3750,   -926.0010,    542.1049,  25220.3262,
       1,     166,     332,       2,       1,       3,       1,     10.0000,      1.3853,     42.3711,    244.5639,     61.5480,      3.4953,      0.0000,     -0.0315,      2.7672,      0.1538,      5.4927,     10.9854,      1.3594,     27.7503,     55.5007,      0.0189,      0.0022,      0.0156,      0.2034,   7566.0981,-420573.0625,   -925.5711,    542.1640,  25220.3262,
       1,     166,     332,       3,       1,       3,       1,     10.0000,      1.3853,     42.3711,    244.5639,     61.5480,      3.4953,      0.0000,     -0.0311,      2.5111,      0.1448,      5.4927,     10.9854,      1.2798,     27.7503,     55.5007,      0.0189,      0.0020,      0.0156,      0.2034,   7566.0981,-419980.1250,   -925.4603,    542.2042,  25220.3242,
       1,     166,     332,       4,       1,       3,       1,     10.0000,      1.3853,     42.3711,    244.5639,     61.5480,      3.4953,      0.0000,     -0.0312,      2.4980,      0.1453,      5.4927,     10.9854,      1.2837,     27.7503,     55.5007,      0.0189,      0.0020,      0.0156,      0.2034,   7566.0977,-419610.0000,   -925.3911,    542.2293,  25220.3262,
       1,     166,     332,       5,       1,       3,       1,     10.0000,      1.3853,     42.3711,    244.5639,     61.5480,      3.4953,      0.0000,     -0.0312,      2.4346,      0.1459,      5.4927,     10.9854,      1.2889,     27.7503,     55.5007,      0.0189,      0.0019,      0.0156,      0.2034,   7566.0981,-419562.0938,   -925.3823,    542.2325,  25220.3262,
       1,     166,     332,       6,       1,       3,       1,     10.0000,      1.3853,     42.3711,    244.5639,     61.5480,      3.4953,      0.0000,     -0.0312,      2.3574,      0.1469,      5.4927,     10.9854,      1.2980,     27.7503,     55.5007,      0.0189,      0.0019,      0.0156,      0.2034,   7566.0981,-419478.8438,   -925.3665,    542.2382,  25220.3262,
       1,     166,     332,       7,       1,       3,       1,     10.0000,      1.3853,     42.3711,    244.5639,     61.5480,      3.4953,      0.0000,     -0.0311,      2.4040,      0.1438,      5.4927,     10.9854,      1.2708,     27.7503,     55.5007,      0.0189,      0.0019,      0.0156,      0.2034,   7566.0981,-419375.2500,   -925.3461,    542.2452,  25220.3262,
       1,     166,     332,       8,       1,       3,       1,     10.0000,      1.3853,     42.3711,    244.5639,     61.5480,      3.4953,      0.0089,     -0.0222,      2.3336,      0.1428,      5.4927,     10.9854,      1.2619,     27.7503,     55.5007,      0.0189,      0.0019,      0.0156,      0.2034,   7566.0981,-419424.7188,   -925.3546,    542.2418,  25220.3242,
       1,     166,     332,       9,       1,       3,       1,     10.0000,      1.3853,     42.3711,    244.5639,     61.5480,      3.4953,      0.1298,      0.0983,     16.8798,      0.1523,      5.4927,     10.9854,      1.3458,     27.7503,     55.5007,      0.0189,      0.0013,      0.1682,      0.2034,   7566.0977,-419341.1250,   -925.3365,    542.2475,  25220.3262,
       1,     166,     332,      10,       1,       3,       1,     10.0000,      1.3853,     42.3711,    244.5639,     61.5480,      3.4953,      0.1459,      0.1138,     22.9044,      0.1726,      5.4927,     10.9854,      1.5252,     27.7503,     55.5007,      0.0189,      0.0015,      0.1912,      0.2034,   7566.0981,-437514.1250,   -928.9108,    541.0157,  25220.3262,
       1,     166,     332,      11,       1,       3,       1,     10.0000,      1.3853,     42.3711,    244.5639,     61.5480,      3.4953,      0.1379,      0.1051,     25.7513,      0.1925,      5.4927,     10.9854,      1.7011,     27.7503,     55.5007,      0.0189,      0.0018,      0.1790,      0.2034,   7566.0981,-446588.8438,   -930.7516,    540.4034,  25220.3281,
       1,     166,     332,      12,       1,       3,       1,     10.0000,      1.3853,     42.3711,    244.5639,     61.5480,      3.4953,      0.1625,      0.1292,     32.5326,      0.2120,      5.4927,     10.9854,      1.8737,     27.7503,     55.5007,      0.0189,      0.0019,      0.2148,      0.2034,   7566.0986,-450915.2500,   -931.6886,    540.1115,  25220.3262,
       1,     166,     332,      13,       1,       3,       1,     10.0000,      1.3853,     42.3711,    244.5639,     61.5480,      3.4953,      0.1870,      0.1535,     44.8181,      0.2212,      5.4927,     10.9854,      1.9545,     27.7503,     55.5007,      0.0189,      0.0022,      0.2500,      0.2034,   7566.0981,-459760.5312,   -933.5200,    539.5144,  25220.3262,
       1,     166,     332,      14,       1,       3,       1,     10.0000,      1.3853,     42.3711,    244.5639,     61.5480,      3.4953,      0.1846,      0.1508,     55.4743,      0.2318,      5.4927,     10.9854,      2.0485,     27.7503,     55.5007,      0.0189,      0.0028,      0.2453,      0.2034,   7566.0981,-475873.0312,   -936.7681,    538.4282,  25220.3262,
       1,     166,     332,      15,       1,       3,       1,     10.0000,      1.3853,     42.3711,    244.5639,     61.5480,      3.4953,      0.1289,      0.0955,     50.3626,      0.2160,      5.4927,     10.9854,      1.9090,     27.7503,     55.5007,      0.0189,      0.0039,      0.1627,      0.2034,   7566.0981,-490566.8125,   -939.8002,    537.4403,  25220.3242,
       1,     166,     332,      16,       1,       3,       1,     10.0000,      1.3853,     42.3711,    244.5639,     61.5480,      3.4953,      0.1175,      0.0842,     62.7003,      0.2133,      5.4927,     10.9854,      1.8848,     27.7503,     55.5007,      0.0189,      0.0054,      0.1443,      0.2034,   7566.0977,-485413.7812,   -938.9962,    537.7874,  25220.3242,
       1,     166,     332,      17,       1,       3,       1,     10.0000,      1.3853,     42.3711,    244.5639,     61.5480,      3.4953,      0.1188,      0.0855,     81.2733,      0.2108,      5.4927,     10.9854,      1.8627,     27.7503,     55.5007,      0.0189,      0.0070,      0.1441,      0.2034,   7566.0977,-500413.0000,   -942.1586,    536.7792,  25220.3242,
       1,     166,     332,      18,       1,       3,       1,     10.0000,      1.3853,     42.3711,    244.5639,     61.5480,      3.4953,      0.0690,      0.0361,     41.4461,      0.1964,      5.4927,     10.9854,      1.7351,     27.7503,     55.5007,      0.0189,      0.0069,      0.0748,      0.2033,   7566.0977,-524922.9375,   -947.2542,    535.1355,  25220.3223,
       1,     166,     332,      19,       1,       3,       1,     10.0000,      1.3853,     42.3711,    244.5639,     61.5480,      3.4953,      0.0317,     -0.0007,     14.3175,      0.1823,      5.4927,     10.9854,      1.6109,     27.7503,     55.5007,      0.0189,      0.0077,      0.0230,      0.2033,   7566.0972,-477141.9688,   -938.0276,    538.3343,  25220.3262,
       1,     166,     332,      20,       1,       3,       1,     10.0000,      1.3853,     42.3711,    244.5639,     61.5480,      3.4953,      0.0007,     -0.0313,      7.9639,      0.1692,      5.4927,     10.9854,      1.4950,     27.7503,     55.5007,      0.0189,      0.0064,      0.0156,      0.2034,   7566.0981,-439202.4062,   -930.5288,    540.8968,  25220.3262,
       1,     166,     332,      21,       1,       3,       1,     10.0000,      1.3853,     42.3711,    244.5639,     61.5480,      3.4953,      0.0000,     -0.0317,      7.5378,      0.1609,      5.4927,     10.9854,      1.4222,     27.7503,     55.5007,      0.0189,      0.0060,      0.0156,      0.2034,   7566.0981,-428059.5625,   -928.2608,    541.6564,  25220.3223,
       1,     166,     332,      22,       1,       3,       1,     10.0000,      1.3853,     42.3711,    244.5639,     61.5480,      3.4953,      0.0000,     -0.0316,      7.9579,      0.1574,      5.4927,     10.9854,      1.3912,     27.7503,     55.5007,      0.0189,      0.0064,      0.0156,      0.2034,   7566.0972,-426578.1562,   -927.8906,    541.7572,  25220.3223,
       1,     166,     332,      23,       1,       3,       1,     10.0000,      1.3853,     42.3711,    244.5639,     61.5480,      3.4953,      0.0000,     -0.0315,      7.1197,      0.1546,      5.4927,     10.9854,      1.3663,     27.7503,     55.5007,      0.0189,      0.0057,      0.0156,      0.2034,   7566.0972,-426977.1562,   -927.8824,    541.7302,  25220.3223,
       1,     166,     332,      24,       1,       3,       1,     10.0000,      1.3853,     42.3711,    244.5639,     61.5480,      3.4953,      0.0000,     -0.0312,      7.1181,      0.1472,      5.4927,     10.9854,      1.3006,     27.7503,     55.5007,      0.0189,      0.0057,      0.0156,      0.2034,   7566.0972,-425963.3125,   -927.6057,    541.7988,  25220.3223,
       1,     166,     333,       1,       1,       3,       1,     10.0000,      1.3853,     42.3714,    244.5696,     61.5494,      3.4953,      0.0000,     -0.0309,      5.4099,      0.1392,      5.4930,     10.9861,      1.2304,     27.7466,     55.4932,      0.0189,      0.0043,      0.0156,      0.2034,   7566.0972,-426028.5938,   -927.8184,    541.8072,  25221.4453,
       1,     166,     333,       2,       1,       3,       1,     10.0000,      1.3853,     42.3714,    244.5696,     61.5494,      3.4953,      0.0000,     -0.0308,      4.3094,      0.1360,      5.4930,     10.9861,      1.2021,     27.7466,     55.4932,      0.0189,      0.0034,      0.0156,      0.2034,   7566.4341,-423747.3750,   -927.0431,    541.9617,  25221.4434,
       1,     166,     333,       3,       1,       3,       1,     10.0000,      1.3853,     42.3714,    244.5696,     61.5494,      3.4953,      0.0000,     -0.0307,      3.7253,      0.1321,      5.4930,     10.9861,      1.1673,     27.7466,     55.4932,      0.0189,      0.0030,      0.0156,      0.2034,   7566.4331,-422179.0312,   -926.6945,    542.0679,  25221.4434,
       1,     166,     333,       4,       1,       3,       1,     10.0000,      1.3853,     42.3714,    244.5696,     61.5494,      3.4953,      0.0000,     -0.0305,      3.1324,      0.1278,      5.4930,     10.9861,      1.1288,     27.7466,     55.4932,      0.0189,      0.0025,      0.0156,      0.2034,   7566.4331,-421316.2812,   -926.4914,    542.1264,  25221.4434,
       1,     166,     333,       5,       1,       3,       1,     10.0000,      1.3853,     42.3714,    244.5696,     61.5494,      3.4953,      0.0000,     -0.0307,      2.7759,      0.1328,      5.4930,     10.9861,      1.1732,     27.7466,     55.4932,      0.0189,      0.0022,      0.0156,      0.2034,   7566.4331,-420502.0938,   -926.3066,    542.1815,  25221.4434,
       1,     166,     333,       6,       1,       3,       1,     10.0000,      1.3853,     42.3714,    244.5696,     61.5494,      3.4953,      0.0000,     -0.0305,      2.5084,      0.1280,      5.4930,     10.9861,      1.1311,     27.7466,     55.4932,      0.0189,      0.0020,      0.0156,      0.2034,   7566.4331,-419987.7188,   -926.1788,    542.2164,  25221.4434,
       1,     166,     333,       7,       1,       3,       1,     10.0000,      1.3853,     42.3714,    244.5696,     61.5494,      3.4953,      0.0000,     -0.0306,      2.4487,      0.1312,      5.4930,     10.9861,      1.1591,     27.7466,     55.4932,      0.0189,      0.0020,      0.0156,      0.2035,   7566.4331,-419609.8750,   -926.0813,    542.2420,  25221.4453,
       1,     166,     333,       8,       1,       3,       1,     10.0000,      1.3853,     42.3714,    244.5696,     61.5494,      3.4953,      0.0041,     -0.0266,      2.3639,      0.1318,      5.4930,     10.9861,      1.1650,     27.7466,     55.4932,      0.0189,      0.0019,      0.0156,      0.2035,   7566.4341,-419503.1562,   -926.0337,    542.2493,  25221.4434,
       1,     166,     333,       9,       1,       3,       1,     10.0000,      1.3853,     42.3714,    244.5696,     61.5494,      3.4953,      0.1183,      0.0871,     23.9904,      0.1463,      5.4930,     10.9861,      1.2928,     27.7466,     55.4932,      0.0189,      0.0020,      0.1507,      0.2035,   7566.4331,-419388.2188,   -925.9859,    542.2570,  25221.4414,
       1,     166,     333,      10,       1,       3,       1,     10.0000,      1.3853,     42.3714,    244.5696,     61.5494,      3.4953,      0.1654,      0.1333,     47.5363,      0.1723,      5.4930,     10.9861,      1.5222,     27.7466,     55.4932,      0.0189,      0.0027,      0.2173,      0.2035,   7566.4326,-446404.9375,   -931.3655,    540.4258,  25221.4434,
       1,     166,     333,      11,       1,       3,       1,     10.0000,      1.3853,     42.3714,    244.5696,     61.5494,      3.4953,      0.1849,      0.1523,     43.5456,      0.1884,      5.4930,     10.9861,      1.6645,     27.7466,     55.4932,      0.0189,      0.0022,      0.2467,      0.2034,   7566.4331,-478137.3750,   -937.7465,    538.2852,  25221.4434,
       1,     166,     333,      12,       1,       3,       1,     10.0000,      1.3853,     42.3714,    244.5696,     61.5494,      3.4953,      0.1871,      0.1542,     44.6033,      0.2015,      5.4930,     10.9861,      1.7803,     27.7466,     55.4932,      0.0189,      0.0022,      0.2500,      0.2034,   7566.4331,-475837.2500,   -937.3853,    538.4442,  25221.4453,
       1,     166,     333,      13,       1,       3,       1,     10.0000,      1.3853,     42.3714,    244.5696,     61.5494,      3.4953,      0.1872,      0.1540,     46.3416,      0.2102,      5.4930,     10.9861,      1.8573,     27.7466,     55.4932,      0.0189,      0.0023,      0.2500,      0.2034,   7566.4341,-476960.4688,   -937.6910,    538.3687,  25221.4434,
       1,     166,     333,      14,       1,       3,       1,     10.0000,      1.3853,     42.3714,    244.5696,     61.5494,      3.4953,      0.1880,      0.1547,     57.3273,      0.2141,      5.4930,     10.9861,      1.8923,     27.7466,     55.4932,      0.0189,      0.0029,      0.2500,      0.2034,   7566.4331,-479229.5625,   -938.2097,    538.2159,  25221.4434,
       1,     166,     333,      15,       1,       3,       1,     10.0000,      1.3853,     42.3714,    244.5696,     61.5494,      3.4953,      0.1836,      0.1507,     74.5230,      0.1995,      5.4930,     10.9861,      1.7628,     27.7466,     55.4932,      0.0189,      0.0039,      0.2412,      0.2034,   7566.4331,-493161.9375,   -941.0931,    537.2787,  25221.4414,
       1,     166,     333,      16,       1,       3,       1,     10.0000,      1.3853,     42.3714,    244.5696,     61.5494,      3.4953,      0.1725,      0.1397,     83.9635,      0.1948,      5.4930,     10.9861,      1.7215,     27.7466,     55.4932,      0.0189,      0.0047,      0.2236,      0.2034,   7566.4326,-515853.5938,   -945.8181,    535.7555,  25221.4414,
       1,     166,     333,      17,       1,       3,       1,     10.0000,      1.3853,     42.3714,    244.5696,     61.5494,      3.4953,      0.1816,      0.1496,    100.9677,      0.1700,      5.4930,     10.9861,      1.5026,     27.7466,     55.4932,      0.0189,      0.0054,      0.2349,      0.2034,   7566.4326,-529588.9375,   -948.8330,    534.8378,  25221.4414,
       1,     166,     333,      18,       1,       3,       1,     10.0000,      1.3853,     42.3714,    244.5696,     61.5494,      3.4953,      0.1561,      0.1245,     85.3096,      0.1560,      5.4930,     10.9861,      1.3787,     27.7466,     55.4932,      0.0189,      0.0053,      0.1990,      0.2033,   7566.4326,-552032.5000,   -953.6635,    533.3381,  25221.4395,
       1,     166,     333,      19,       1,       3,       1,     10.0000,      1.3853,     42.3714,    244.5696,     61.5494,      3.4953,      0.0578,      0.0261,     27.6174,      0.1613,      5.4930,     10.9861,      1.4251,     27.7466,     55.4932,      0.0189,      0.0057,      0.0608,      0.2033,   7566.4321,-534324.3750,   -950.4630,    534.5209,  25221.4414,
       1,     166,     333,      20,       1,       3,       1,     10.0000,      1.3853,     42.3714,    244.5696,     61.5494,      3.4953,      0.0013,     -0.0305,      6.5215,      0.1640,      5.4930,     10.9861,      1.4495,     27.7466,     55.4932,      0.0189,      0.0052,      0.0156,      0.2033,   7566.4326,-460609.5938,   -935.8043,    539.4474,  25221.4414,
       1,     166,     333,      21,       1,       3,       1,     10.0000,      1.3853,     42.3714,    244.5696,     61.5494,      3.4953,      0.0000,     -0.0317,      6.1590,      0.1614,      5.4930,     10.9861,      1.4265,     27.7466,     55.4932,      0.0189,      0.0049,      0.0156,      0.2034,   7566.4326,-428082.2188,   -929.2301,    541.6636,  25221.4414,
       1,     166,     333,      22,       1,       3,       1,     10.0000,      1.3853,     42.3714,    244.5696,     61.5494,      3.4953,      0.0000,     -0.0317,      5.4673,      0.1616,      5.4930,     10.9861,      1.4279,     27.7466,     55.4932,      0.0189,      0.0044,      0.0156,      0.2034,   7566.4326,-424863.3750,   -928.5125,    541.8860,  25221.4414,
       1,     166,     333,      23,       1,       3,       1,     10.0000,      1.3853,     42.3714,    244.5696,     61.5494,      3.4953,      0.0000,     -0.0316,      3.7860,      0.1589,      5.4930,     10.9861,      1.4038,     27.7466,     55.4932,      0.0189,      0.0030,      0.0156,      0.2034,   7566.4326,-423720.9375,   -928.2198,    541.9635,  25221.4395,
       1,     166,     333,      24,       1,       3,       1,     10.0000,      1.3853,     42.3714,    244.5696,     61.5494,      3.4953,      0.0000,     -0.0316,      3.1763,      0.1576,      5.4930,     10.9861,      1.3926,     27.7466,     55.4932,      0.0189,      0.0025,      0.0156,      0.2034,   7566.4321,-421523.1562,   -927.7381,    542.1124,  25221.4395,
       1,     166,     334,       1,       1,       3,       1,     10.0000,      1.3853,     42.3717,    244.5753,     61.5509,      3.4953,      0.0000,     -0.0314,      3.6140,      0.1529,      5.4928,     10.9857,      1.3513,     27.7521,     55.5042,      0.0189,      0.0029,      0.0156,      0.2035,   7566.4321,-420728.7812,   -927.8270,    542.1788,  25222.5645,
       1,     166,     334,       2,       1,       3,       1,     10.0000,      1.3853,     42.3717,    244.5753,     61.5509,      3.4953,      0.0000,     -0.0315,      3.5476,      0.1539,      5.4928,     10.9857,      1.3595,     27.7521,     55.5042,      0.0189,      0.0028,      0.0156,      0.2035,   7566.7695,-421056.6562,   -927.5745,    542.1565,  25222.5625,
       1,     166,     334,       3,       1,       3,       1,     10.0000,      1.3853,     42.3717,    244.5753,     61.5509,      3.4953,      0.0000,     -0.0315,      3.5807,      0.1546,      5.4928,     10.9857,      1.3663,     27.7521,     55.5042,      0.0189,      0.0029,      0.0156,      0.2035,   7566.7690,-421001.7812,   -927.5259,    542.1603,  25222.5625,
       1,     166,     334,       4,       1,       3,       1,     10.0000,      1.3853,     42.3717,    244.5753,     61.5509,      3.4953,      0.0000,     -0.0314,      3.1532,      0.1519,      5.4928,     10.9857,      1.3419,     27.7521,     55.5042,      0.0189,      0.0025,      0.0156,      0.2035,   7566.7690,-421038.3438,   -927.4942,    542.1578,  25222.5625,
       1,     166,     334,       5,       1,       3,       1,     10.0000,      1.3853,     42.3717,    244.5753,     61.5509,      3.4953,      0.0000,     -0.0313,      3.2130,      0.1485,      5.4928,     10.9857,      1.3125,     27.7521,     55.5042,      0.0189,      0.0026,      0.0156,      0.2035,   7566.7690,-420507.3750,   -927.3539,    542.1938,  25222.5605,
       1,     166,     334,       6,       1,       3,       1,     10.0000,      1.3853,     42.3717,    244.5753,     61.5509,      3.4953,      0.0000,     -0.0315,      3.7507,      0.1543,      5.4928,     10.9857,      1.3636,     27.7521,     55.5042,      0.0189,      0.0030,      0.0156,      0.2035,   7566.7686,-420537.2500,   -927.3257,    542.1918,  25222.5605,
       1,     166,     334,       7,       1,       3,       1,     10.0000,      1.3853,     42.3717,    244.5753,     61.5509,      3.4953,      0.0000,     -0.0315,      3.7407,      0.1554,      5.4928,     10.9857,      1.3732,     27.7521,     55.5042,      0.0189,      0.0030,      0.0156,      0.2035,   7566.7686,-421211.5625,   -927.4207,    542.1460,  25222.5625,
       1,     166,     334,       8,       1,       3,       1,     10.0000,      1.3853,     42.3717,    244.5753,     61.5509,      3.4953,      0.0064,     -0.0251,      3.5819,      0.1529,      5.4928,     10.9857,      1.3513,     27.7521,     55.5042,      0.0189,      0.0029,      0.0156,      0.2035,   7566.7690,-421256.1250,   -927.3900,    542.1431,  25222.5625,
       1,     166,     334,       9,       1,       3,       1,     10.0000,      1.3853,     42.3717,    244.5753,     61.5509,      3.4953,      0.1140,      0.0823,     28.7019,      0.1622,      5.4928,     10.9857,      1.4337,     27.7521,     55.5042,      0.0189,      0.0025,      0.1436,      0.2035,   7566.7690,-421061.4062,   -927.3132,    542.1562,  25222.5625,
       1,     166,     334,      10,       1,       3,       1,     10.0000,      1.3853,     42.3717,    244.5753,     61.5509,      3.4953,      0.1493,      0.1170,     38.2030,      0.1794,      5.4928,     10.9857,      1.5856,     27.7521,     55.5042,      0.0189,      0.0024,      0.1946,      0.2035,   7566.7690,-452433.9062,   -933.6677,    540.0301,  25222.5625,
       1,     166,     334,      11,       1,       3,       1,     10.0000,      1.3853,     42.3717,    244.5753,     61.5509,      3.4953,      0.1362,      0.1035,     35.9774,      0.1918,      5.4928,     10.9857,      1.6945,     27.7521,     55.5042,      0.0189,      0.0026,      0.1752,      0.2034,   7566.7690,-466979.1875,   -936.6770,    539.0524,  25222.5605,
       1,     166,     334,      12,       1,       3,       1,     10.0000,      1.3853,     42.3717,    244.5753,     61.5509,      3.4953,      0.1847,      0.1516,     54.3788,      0.2035,      5.4928,     10.9857,      1.7979,     27.7521,     55.5042,      0.0189,      0.0028,      0.2452,      0.2034,   7566.7686,-465423.3750,   -936.4580,    539.1581,  25222.5605,
       1,     166,     334,      13,       1,       3,       1,     10.0000,      1.3853,     42.3717,    244.5753,     61.5509,      3.4953,      0.1716,      0.1385,     49.2079,      0.2039,      5.4928,     10.9857,      1.8015,     27.7521,     55.5042,      0.0189,      0.0027,      0.2264,      0.2034,   7566.7686,-488299.4062,   -941.1666,    537.6164,  25222.5586,
       1,     166,     334,      14,       1,       3,       1,     10.0000,      1.3853,     42.3717,    244.5753,     61.5509,      3.4953,      0.1714,      0.1391,     47.9787,      0.1793,      5.4928,     10.9857,      1.5840,     27.7521,     55.5042,      0.0189,      0.0026,      0.2261,      0.2034,   7566.7681,-483770.7188,   -940.3865,    537.9229,  25222.5605,
       1,     166,     334,      15,       1,       3,       1,     10.0000,      1.3853,     42.3717,    244.5753,     61.5509,      3.4953,      0.1893,      0.1570,     70.4058,      0.1787,      5.4928,     10.9857,      1.5793,     27.7521,     55.5042,      0.0189,      0.0035,      0.2500,      0.2034,   7566.7686,-481848.2500,   -944.7416,    538.0523,  25222.5605,
       1,     166,     334,      16,       1,       3,       1,     10.0000,      1.3853,     42.3717,    244.5753,     61.5509,      3.4953,      0.1498,      0.1174,     64.9145,      0.1838,      5.4928,     10.9857,      1.6238,     27.7521,     55.5042,      0.0189,      0.0042,      0.1921,      0.2034,   7566.7686,-509735.0000,   -942.0256,    536.1768,  25222.5605,
       1,     166,     334,      17,       1,       3,       1,     10.0000,      1.3853,     42.3717,    244.5753,     61.5509,      3.4953,      0.1556,      0.1229,     83.6638,      0.1910,      5.4928,     10.9857,      1.6878,     27.7521,     55.5042,      0.0189,      0.0053,      0.1985,      0.2034,   7566.7686,-505228.1562,   -929.0972,    536.4821,  25222.4219,
       1,     166,     334,      18,       1,       3,       1,     10.0000,      1.3853,     42.3717,    244.5753,     61.5509,      3.4953,      0.1270,      0.0945,     65.1523,      0.1876,      5.4928,     10.9857,      1.6580,     27.7521,     55.5042,      0.0189,      0.0051,      0.1583,      0.2034,   7566.7271,-528318.9375,   -935.2397,    534.9337,  25222.5605,
       1,     166,     334,      19,       1,       3,       1,     10.0000,      1.3853,     42.3717,    244.5753,     61.5509,      3.4953,      0.0620,      0.0298,     17.6378,      0.1750,      5.4928,     10.9857,      1.5466,     27.7521,     55.5042,      0.0189,      0.0032,      0.0678,      0.2034,   7566.7686,-507088.0625,   -932.8265,    536.3556,  25222.5605,
       1,     166,     334,      20,       1,       3,       1,     10.0000,      1.3853,     42.3717,    244.5753,     61.5509,      3.4953,      0.0021,     -0.0299,      3.8021,      0.1677,      5.4928,     10.9857,      1.4817,     27.7521,     55.5042,      0.0189,      0.0030,      0.0156,      0.2034,   7566.7686,-445852.0000,   -922.2791,    540.4630,  25222.5586,
       1,     166,     334,      21,       1,       3,       1,     10.0000,      1.3853,     42.3717,    244.5753,     61.5509,      3.4953,      0.0000,     -0.0317,      4.1075,      0.1605,      5.4928,     10.9857,      1.4180,     27.7521,     55.5042,      0.0189,      0.0033,      0.0156,      0.2035,   7566.7681,-423434.4062,   -918.5842,    541.9933,  25222.5605,
       1,     166,     334,      22,       1,       3,       1,     10.0000,      1.3853,     42.3717,    244.5753,     61.5509,      3.4953,      0.0000,     -0.0316,      4.7946,      0.1576,      5.4928,     10.9857,      1.3926,     27.7521,     55.5042,      0.0189,      0.0038,      0.0156,      0.2035,   7566.7686,-421905.5625,   -918.6972,    542.0989,  25222.5586,
       1,     166,     334,      23,       1,       3,       1,     10.0000,      1.3853,     42.3717,    244.5753,     61.5509,      3.4953,      0.0000,     -0.0316,      5.0235,      0.1568,      5.4928,     10.9857,      1.3857,     27.7521,     55.5042,      0.0189,      0.0040,      0.0156,      0.2035,   7566.7681,-422632.5000,   -919.2693,    542.0497,  25222.5586,
       1,     166,     334,      24,       1,       3,       1,     10.0000,      1.3853,     42.3717,    244.5753,     61.5509,      3.4953,      0.0000,     -0.0316,      3.9337,      0.1565,      5.4928,     10.9857,      1.3829,     27.7521,     55.5042,      0.0189,      0.0031,      0.0156,      0.2035,   7566.7681,-422979.9375,   -919.7917,    542.0262,  25222.5625,
       1,     166,     335,       1,       1,       3,       1,     10.0000,      1.3853,     42.3721,    244.5810,     61.5523,      3.4953,      0.0000,     -0.0314,      3.5797,      0.1516,      5.4930,     10.9860,      1.3392,     27.7533,     55.5065,      0.0189,      0.0029,      0.0156,      0.2035,   7566.7690,-421801.2188,   -920.1745,    542.1188,  25223.6816,
       1,     166,     335,       2,       1,       3,       1,     10.0000,      1.3853,     42.3721,    244.5810,     61.5523,      3.4953,      0.0000,     -0.0313,      2.8472,      0.1487,      5.4930,     10.9860,      1.3138,     27.7533,     55.5065,      0.0189,      0.0023,      0.0156,      0.2035,   7567.1050,-421107.9062,   -920.0716,    542.1658,  25223.6816,
       1,     166,     335,       3,       1,       3,       1,     10.0000,      1.3853,     42.3721,    244.5810,     61.5523,      3.4953,      0.0000,     -0.0312,      2.3879,      0.1471,      5.4930,     10.9860,      1.2994,     27.7533,     55.5065,      0.0189,      0.0019,      0.0156,      0.2035,   7567.1050,-420133.8750,   -920.0728,    542.2318,  25223.6816,
       1,     166,     335,       4,       1,       3,       1,     10.0000,      1.3853,     42.3721,    244.5810,     61.5523,      3.4953,      0.0000,     -0.0310,      2.2557,      0.1408,      5.4930,     10.9860,      1.2442,     27.7533,     55.5065,      0.0189,      0.0018,      0.0156,      0.2035,   7567.1050,-419477.5000,   -920.0949,    542.2762,  25223.6816,
       1,     166,     335,       5,       1,       3,       1,     10.0000,      1.3853,     42.3721,    244.5810,     61.5523,      3.4953,      0.0000,     -0.0309,      2.0938,      0.1374,      5.4930,     10.9860,      1.2144,     27.7533,     55.5065,      0.0189,      0.0017,      0.0156,      0.2035,   7567.1050,-419256.9375,   -920.2085,    542.2913,  25223.6836,
       1,     166,     335,       6,       1,       3,       1,     10.0000,      1.3853,     42.3721,    244.5810,     61.5523,      3.4953,      0.0000,     -0.0307,      1.6408,      0.1335,      5.4930,     10.9860,      1.1793,     27.7533,     55.5065,      0.0189,      0.0013,      0.0156,      0.2035,   7567.1055,-419035.4375,   -920.3097,    542.3062,  25223.6816,
       1,     166,     335,       7,       1,       3,       1,     10.0000,      1.3853,     42.3721,    244.5810,     61.5523,      3.4953,      0.0000,     -0.0307,      1.5023,      0.1316,      5.4930,     10.9860,      1.1626,     27.7533,     55.5065,      0.0189,      0.0012,      0.0156,      0.2035,   7567.1050,-418451.0625,   -920.3057,    542.3458,  25223.6836,
       1,     166,     335,       8,       1,       3,       1,     10.0000,      1.3853,     42.3721,    244.5810,     61.5523,      3.4953,      0.0049,     -0.0257,      1.4715,      0.1308,      5.4930,     10.9860,      1.1556,     27.7533,     55.5065,      0.0189,      0.0012,      0.0156,      0.2035,   7567.1055,-418228.3438,   -920.3506,    542.3610,  25223.6816,
       1,     166,     335,       9,       1,       3,       1,     10.0000,      1.3853,     42.3721,    244.5810,     61.5523,      3.4953,      0.0438,      0.0124,      2.7263,      0.1500,      5.4930,     10.9860,      1.3258,     27.7533,     55.5065,      0.0189,      0.0008,      0.0434,      0.2035,   7567.1050,-418171.1562,   -920.4355,    542.3649,  25223.6836,
       1,     166,     335,      10,       1,       3,       1,     10.0000,      1.3853,     42.3721,    244.5810,     61.5523,      3.4953,      0.1602,      0.1279,     10.7679,      0.1787,      5.4930,     10.9860,      1.5793,     27.7533,     55.5065,      0.0189,      0.0006,      0.2138,      0.2035,   7567.1055,-419733.7188,   -920.8807,    542.2590,  25223.6816,
       1,     166,     335,      11,       1,       3,       1,     10.0000,      1.3853,     42.3721,    244.5810,     61.5523,      3.4953,      0.1795,      0.1462,      9.6107,      0.2121,      5.4930,     10.9860,      1.8738,     27.7533,     55.5065,      0.0189,      0.0005,      0.2427,      0.2035,   7567.1050,-429913.5938,   -923.4058,    541.5689,  25223.6836,
       1,     166,     335,      12,       1,       3,       1,     10.0000,      1.3853,     42.3721,    244.5810,     61.5523,      3.4953,      0.1843,      0.1511,      8.6290,      0.2094,      5.4930,     10.9860,      1.8500,     27.7533,     55.5065,      0.0189,      0.0004,      0.2500,      0.2035,   7567.1055,-429330.5938,   -924.4555,    541.6088,  25223.6797,
       1,     166,     335,      13,       1,       3,       1,     10.0000,      1.3853,     42.3721,    244.5810,     61.5523,      3.4953,      0.1842,      0.1507,      9.1305,      0.2199,      5.4930,     10.9860,      1.9432,     27.7533,     55.5065,      0.0189,      0.0005,      0.2500,      0.2035,   7567.1040,-428054.5312,   -925.1946,    541.6953,  25223.6816,
       1,     166,     335,      14,       1,       3,       1,     10.0000,      1.3853,     42.3721,    244.5810,     61.5523,      3.4953,      0.1859,      0.1526,     29.0543,      0.2102,      5.4930,     10.9860,      1.8573,     27.7533,     55.5065,      0.0189,      0.0014,      0.2500,      0.2035,   7567.1050,-428572.9375,   -925.9909,    541.6601,  25223.6816,
       1,     166,     335,      15,       1,       3,       1,     10.0000,      1.3853,     42.3721,    244.5810,     61.5523,      3.4953,      0.1885,      0.1556,     61.6498,      0.1979,      5.4930,     10.9860,      1.7490,     27.7533,     55.5065,      0.0189,      0.0031,      0.2500,      0.2035,   7567.1050,-453512.6562,   -931.3626,    539.9715,  25223.6836,
       1,     166,     335,      16,       1,       3,       1,     10.0000,      1.3853,     42.3721,    244.5810,     61.5523,      3.4953,      0.1856,      0.1533,     92.9165,      0.1768,      5.4930,     10.9860,      1.5621,     27.7533,     55.5065,      0.0189,      0.0048,      0.2418,      0.2035,   7567.1055,-496374.6250,   -940.2961,    537.0811,  25223.6836,
       1,     166,     335,      17,       1,       3,       1,     10.0000,      1.3853,     42.3721,    244.5810,     61.5523,      3.4953,      0.1827,      0.1505,     95.4423,      0.1735,      5.4930,     10.9860,      1.5329,     27.7533,     55.5065,      0.0189,      0.0050,      0.2372,      0.2034,   7567.1055,-539124.6250,   -949.2829,    534.2189,  25223.6816,
       1,     166,     335,      18,       1,       3,       1,     10.0000,      1.3853,     42.3721,    244.5810,     61.5523,      3.4953,      0.1576,      0.1261,     78.7047,      0.1560,      5.4930,     10.9860,      1.3788,     27.7533,     55.5065,      0.0189,      0.0049,      0.2021,      0.2034,   7567.1050,-545907.3750,   -935.5327,    533.7736,  25223.4961,
       1,     166,     335,      19,       1,       3,       1,     10.0000,      1.3853,     42.3721,    244.5810,     61.5523,      3.4953,      0.0652,      0.0339,     25.2269,      0.1490,      5.4930,     10.9860,      1.3165,     27.7533,     55.5065,      0.0189,      0.0044,      0.0723,      0.2034,   7567.0493,-525540.4375,   -931.6126,    535.1326,  25223.5234,
       1,     166,     335,      20,       1,       3,       1,     10.0000,      1.3853,     42.3721,    244.5810,     61.5523,      3.4953,      0.0014,     -0.0299,      3.9245,      0.1491,      5.4930,     10.9860,      1.3178,     27.7533,     55.5065,      0.0189,      0.0031,      0.0156,      0.2034,   7567.0571,-456903.5938,   -918.4351,    539.7256,  25223.6895,
       1,     166,     335,      21,       1,       3,       1,     10.0000,      1.3853,     42.3721,    244.5810,     61.5523,      3.4953,      0.0000,     -0.0313,      2.5435,      0.1476,      5.4930,     10.9860,      1.3046,     27.7533,     55.5065,      0.0189,      0.0020,      0.0156,      0.2035,   7567.1069,-424523.2812,   -913.0431,    541.9298,  25223.6895,
       1,     166,     335,      22,       1,       3,       1,     10.0000,      1.3853,     42.3721,    244.5810,     61.5523,      3.4953,      0.0000,     -0.0312,      1.6138,      0.1469,      5.4930,     10.9860,      1.2981,     27.7533,     55.5065,      0.0189,      0.0013,      0.0156,      0.2035,   7567.1069,-420048.1875,   -912.5237,    542.2375,  25223.6875,
       1,     166,     335,      23,       1,       3,       1,     10.0000,      1.3853,     42.3721,    244.5810,     61.5523,      3.4953,      0.0000,     -0.0313,      0.6339,      0.1493,      5.4930,     10.9860,      1.3191,     27.7533,     55.5065,      0.0189,      0.0005,      0.0156,      0.2035,   7567.1064,-418502.4375,   -912.4073,    542.3424,  25223.6895,
       1,     166,     335,      24,       1,       3,       1,     10.0000,      1.3853,     42.3721,    244.5810,     61.5523,      3.4953,      0.0000,     -0.0312,      0.5688,      0.1466,      5.4930,     10.9860,      1.2955,     27.7533,     55.5065,      0.0189,      0.0005,      0.0156,      0.2035,   7567.1069,-417146.9062,   -912.2003,    542.4343,  25223.6875,
       1,     166,     336,       1,       1,       3,       1,     10.0000,      1.3854,     42.3724,    244.5868,     61.5537,      3.4953,      0.0000,     -0.0310,      0.4978,      0.1411,      5.4933,     10.9865,      1.2468,     27.7572,     55.5143,      0.0189,      0.0004,      0.0156,      0.2035,   7567.1064,-417105.2812,   -912.4748,    542.4498,  25224.8105,
       1,     166,     336,       2,       1,       3,       1,     10.0000,      1.3854,     42.3724,    244.5868,     61.5537,      3.4953,      0.0000,     -0.0309,      0.5158,      0.1390,      5.4933,     10.9865,      1.2280,     27.7572,     55.5143,      0.0189,      0.0004,      0.0156,      0.2035,   7567.4434,-416861.3750,   -912.1985,    542.4663,  25224.8086,
       1,     166,     336,       3,       1,       3,       1,     10.0000,      1.3854,     42.3724,    244.5868,     61.5537,      3.4953,      0.0000,     -0.0310,      0.5925,      0.1405,      5.4933,     10.9865,      1.2417,     27.7572,     55.5143,      0.0189,      0.0005,      0.0156,      0.2035,   7567.4429,-416863.3750,   -912.2208,    542.4661,  25224.8086,
       1,     166,     336,       4,       1,       3,       1,     10.0000,      1.3854,     42.3724,    244.5868,     61.5537,      3.4953,      0.0000,     -0.0309,      0.6625,      0.1384,      5.4933,     10.9865,      1.2231,     27.7572,     55.5143,      0.0189,      0.0005,      0.0156,      0.2035,   7567.4429,-416959.3750,   -912.2721,    542.4597,  25224.8086,
       1,     166,     336,       5,       1,       3,       1,     10.0000,      1.3854,     42.3724,    244.5868,     61.5537,      3.4953,      0.0000,     -0.0308,      0.5639,      0.1363,      5.4933,     10.9865,      1.2046,     27.7572,     55.5143,      0.0189,      0.0005,      0.0156,      0.2035,   7567.4429,-417054.9688,   -912.3340,    542.4532,  25224.8105,
       1,     166,     336,       6,       1,       3,       1,     10.0000,      1.3854,     42.3724,    244.5868,     61.5537,      3.4953,      0.0000,     -0.0308,      0.4019,      0.1348,      5.4933,     10.9865,      1.1913,     27.7572,     55.5143,      0.0189,      0.0003,      0.0156,      0.2035,   7567.4434,-416939.7188,   -912.3452,    542.4610,  25224.8086,
       1,     166,     336,       7,       1,       3,       1,     10.0000,      1.3854,     42.3724,    244.5868,     61.5537,      3.4953,      0.0000,     -0.0307,      0.3353,      0.1332,      5.4933,     10.9865,      1.1769,     27.7572,     55.5143,      0.0189,      0.0003,      0.0156,      0.2035,   7567.4429,-416727.7188,   -912.3156,    542.4753,  25224.8086,
       1,     166,     336,       8,       1,       3,       1,     10.0000,      1.3854,     42.3724,    244.5868,     61.5537,      3.4953,      0.0107,     -0.0202,      0.3337,      0.1380,      5.4933,     10.9865,      1.2194,     27.7572,     55.5143,      0.0189,      0.0003,      0.0156,      0.2035,   7567.4429,-416626.5625,   -912.3003,    542.4822,  25224.8105,
       1,     166,     336,       9,       1,       3,       1,     10.0000,      1.3854,     42.3724,    244.5868,     61.5537,      3.4953,      0.1116,      0.0803,      3.3942,      0.1510,      5.4933,     10.9865,      1.3339,     27.7572,     55.5143,      0.0189,      0.0003,      0.1432,      0.2035,   7567.4434,-416615.9062,   -912.3222,    542.4829,  25224.8066,
       1,     166,     336,      10,       1,       3,       1,     10.0000,      1.3854,     42.3724,    244.5868,     61.5537,      3.4953,      0.1614,      0.1289,      6.4728,      0.1851,      5.4933,     10.9865,      1.6352,     27.7572,     55.5143,      0.0189,      0.0004,      0.2161,      0.2035,   7567.4424,-420438.6562,   -913.4364,    542.2237,  25224.8086,
       1,     166,     336,      11,       1,       3,       1,     10.0000,      1.3854,     42.3724,    244.5868,     61.5537,      3.4953,      0.1843,      0.1516,      7.8452,      0.1927,      5.4933,     10.9865,      1.7030,     27.7572,     55.5143,      0.0189,      0.0004,      0.2500,      0.2035,   7567.4429,-424608.2188,   -915.3887,    541.9412,  25224.8105,
       1,     166,     336,      12,       1,       3,       1,     10.0000,      1.3854,     42.3724,    244.5868,     61.5537,      3.4953,      0.1844,      0.1517,      8.3022,      0.1910,      5.4933,     10.9865,      1.6879,     27.7572,     55.5143,      0.0189,      0.0004,      0.2500,      0.2035,   7567.4434,-426675.9062,   -917.1463,    541.8012,  25224.8086,
       1,     166,     336,      13,       1,       3,       1,     10.0000,      1.3854,     42.3724,    244.5868,     61.5537,      3.4953,      0.1847,      0.1515,     14.0617,      0.2090,      5.4933,     10.9865,      1.8465,     27.7572,     55.5143,      0.0189,      0.0007,      0.2500,      0.2035,   7567.4429,-427421.9375,   -918.4092,    541.7507,  25224.8086,
       1,     166,     336,      14,       1,       3,       1,     10.0000,      1.3854,     42.3724,    244.5868,     61.5537,      3.4953,      0.1855,      0.1519,     24.7881,      0.2232,      5.4933,     10.9865,      1.9720,     27.7572,     55.5143,      0.0189,      0.0012,      0.2500,      0.2035,   7567.4429,-434680.9688,   -921.2635,    541.2591,  25224.8105,
       1,     166,     336,      15,       1,       3,       1,     10.0000,      1.3854,     42.3724,    244.5868,     61.5537,      3.4953,      0.1879,      0.1546,     55.8043,      0.2129,      5.4933,     10.9865,      1.8813,     27.7572,     55.5143,      0.0189,      0.0028,      0.2500,      0.2035,   7567.4434,-448698.6562,   -925.1511,    540.3109,  25224.8105,
       1,     166,     336,      16,       1,       3,       1,     10.0000,      1.3854,     42.3724,    244.5868,     61.5537,      3.4953,      0.1879,      0.1553,     53.7575,      0.1906,      5.4933,     10.9865,      1.6846,     27.7572,     55.5143,      0.0189,      0.0027,      0.2500,      0.2035,   7567.4434,-488649.8125,   -933.8421,    537.6135,  25224.8086,
       1,     166,     336,      17,       1,       3,       1,     10.0000,      1.3854,     42.3724,    244.5868,     61.5537,      3.4953,      0.1730,      0.1406,     64.2857,      0.1798,      5.4933,     10.9865,      1.5888,     27.7572,     55.5143,      0.0189,      0.0035,      0.2265,      0.2035,   7567.4429,-489485.0312,   -934.9993,    537.5641,  25224.8086,
       1,     166,     336,      18,       1,       3,       1,     10.0000,      1.3854,     42.3724,    244.5868,     61.5537,      3.4953,      0.1111,      0.0795,     64.8612,      0.1590,      5.4933,     10.9865,      1.4053,     27.7572,     55.5143,      0.0189,      0.0060,      0.1351,      0.2035,   7567.4429,-502712.9688,   -938.2446,    536.6753,  25224.8086,
       1,     166,     336,      19,       1,       3,       1,     10.0000,      1.3854,     42.3724,    244.5868,     61.5537,      3.4953,      0.0739,      0.0428,     44.0534,      0.1443,      5.4933,     10.9865,      1.2748,     27.7572,     55.5143,      0.0189,      0.0066,      0.0831,      0.2034,   7567.4429,-504551.1875,   -939.2791,    536.5527,  25224.8086,
       1,     166,     336,      20,       1,       3,       1,     10.0000,      1.3854,     42.3724,    244.5868,     61.5537,      3.4953,      0.0017,     -0.0284,      6.2601,      0.1170,      5.4933,     10.9865,      1.0342,     27.7572,     55.5143,      0.0189,      0.0050,      0.0156,      0.2034,   7567.4429,-478678.2812,   -922.6664,    538.2880,  25224.8086,
       1,     166,     336,      21,       1,       3,       1,     10.0000,      1.3854,     42.3724,    244.5868,     61.5537,      3.4953,      0.0000,     -0.0300,      3.5432,      0.1157,      5.4933,     10.9865,      1.0226,     27.7572,     55.5143,      0.0189,      0.0028,      0.0156,      0.2035,   7567.4429,-429249.9688,   -913.2381,    541.6166,  25224.8086,
       1,     166,     336,      22,       1,       3,       1,     10.0000,      1.3854,     42.3724,    244.5868,     61.5537,      3.4953,      0.0000,     -0.0302,      2.4309,      0.1204,      5.4933,     10.9865,      1.0642,     27.7572,     55.5143,      0.0189,      0.0019,      0.0156,      0.2035,   7567.4429,-421706.7812,   -911.5343,    542.1376,  25224.8066,
       1,     166,     336,      23,       1,       3,       1,     10.0000,      1.3854,     42.3724,    244.5868,     61.5537,      3.4953,      0.0000,     -0.0304,      1.1120,      0.1261,      5.4933,     10.9865,      1.1141,     27.7572,     55.5143,      0.0189,      0.0009,      0.0156,      0.2035,   7567.4424,-419666.8750,   -910.9654,    542.2761,  25224.8086,
       1,     166,     336,      24,       1,       3,       1,     10.0000,      1.3854,     42.3724,    244.5868,     61.5537,      3.4953,      0.0000,     -0.0306,      0.8228,      0.1297,      5.4933,     10.9865,      1.1463,     27.7572,     55.5143,      0.0189,      0.0007,      0.0156,      0.2035,   7567.4429,-417845.6875,   -910.4232,    542.3995,  25224.8086,
       1,     166,     337,       1,       1,       3,       1,     10.0000,      1.3854,     42.3727,    244.5925,     61.5552,      3.4953,      0.0000,     -0.0305,      0.4245,      0.1274,      5.4932,     10.9865,      1.1255,     27.7621,     55.5241,      0.0189,      0.0003,      0.0156,      0.2036,   7567.4429,-417484.2812,   -910.6882,    542.4367,  25225.9277,
       1,     166,     337,       2,       1,       3,       1,     10.0000,      1.3854,     42.3727,    244.5925,     61.5552,      3.4953,      0.0000,     -0.0305,      0.4352,      0.1270,      5.4932,     10.9865,      1.1221,     27.7621,     55.5241,      0.0189,      0.0003,      0.0156,      0.2036,   7567.7788,-416805.0938,   -910.3377,    542.4828,  25225.9277,
       1,     166,     337,       3,       1,       3,       1,     10.0000,      1.3854,     42.3727,    244.5925,     61.5552,      3.4953,      0.0000,     -0.0304,      0.4288,      0.1251,      5.4932,     10.9865,      1.1051,     27.7621,     55.5241,      0.0189,      0.0003,      0.0156,      0.2036,   7567.7788,-416760.8125,   -910.3504,    542.4858,  25225.9277,
       1,     166,     337,       4,       1,       3,       1,     10.0000,      1.3854,     42.3727,    244.5925,     61.5552,      3.4953,      0.0000,     -0.0303,      0.3899,      0.1233,      5.4932,     10.9865,      1.0895,     27.7621,     55.5241,      0.0189,      0.0003,      0.0156,      0.2036,   7567.7788,-416749.1250,   -910.3704,    542.4866,  25225.9297,
       1,     166,     337,       5,       1,       3,       1,     10.0000,      1.3854,     42.3727,    244.5925,     61.5552,      3.4953,      0.0000,     -0.0303,      0.3684,      0.1232,      5.4932,     10.9865,      1.0883,     27.7621,     55.5241,      0.0189,      0.0003,      0.0156,      0.2036,   7567.7793,-416699.2812,   -910.3776,    542.4899,  25225.9277,
       1,     166,     337,       6,       1,       3,       1,     10.0000,      1.3854,     42.3727,    244.5925,     61.5552,      3.4953,      0.0000,     -0.0304,      0.4279,      0.1248,      5.4932,     10.9865,      1.1028,     27.7621,     55.5241,      0.0189,      0.0003,      0.0156,      0.2036,   7567.7788,-416668.4062,   -910.3853,    542.4921,  25225.9277,
       1,     166,     337,       7,       1,       3,       1,     10.0000,      1.3854,     42.3727,    244.5925,     61.5552,      3.4953,      0.0000,     -0.0306,      0.4402,      0.1292,      5.4932,     10.9865,      1.1416,     27.7621,     55.5241,      0.0189,      0.0004,      0.0156,      0.2036,   7567.7788,-416740.1875,   -910.1235,    542.4872,  25225.9277,
       1,     166,     337,       8,       1,       3,       1,     10.0000,      1.3854,     42.3727,    244.5925,     61.5552,      3.4953,      0.0048,     -0.0259,      0.3919,      0.1308,      5.4932,     10.9865,      1.1556,     27.7621,     55.5241,      0.0189,      0.0003,      0.0156,      0.2036,   7567.7788,-416761.6250,   -910.1472,    542.4858,  25225.9258,
       1,     166,     337,       9,       1,       3,       1,     10.0000,      1.3854,     42.3727,    244.5925,     61.5552,      3.4953,      0.0953,      0.0645,      3.5659,      0.1362,      5.4932,     10.9865,      1.2035,     27.7621,     55.5241,      0.0189,      0.0004,      0.1194,      0.2036,   7567.7778,-416703.3750,   -910.1624,    542.4897,  25225.9258,
       1,     166,     337,      10,       1,       3,       1,     10.0000,      1.3854,     42.3727,    244.5925,     61.5552,      3.4953,      0.1664,      0.1354,      7.4067,      0.1402,      5.4932,     10.9865,      1.2393,     27.7621,     55.5241,      0.0189,      0.0004,      0.2232,      0.2036,   7567.7778,-420663.0000,   -911.1496,    542.2213,  25225.9258,
       1,     166,     337,      11,       1,       3,       1,     10.0000,      1.3854,     42.3727,    244.5925,     61.5552,      3.4953,      0.1847,      0.1531,      8.7916,      0.1559,      5.4932,     10.9865,      1.3775,     27.7621,     55.5241,      0.0189,      0.0004,      0.2500,      0.2036,   7567.7778,-425796.0312,   -912.7642,    541.8734,  25225.9258,
       1,     166,     337,      12,       1,       3,       1,     10.0000,      1.3854,     42.3727,    244.5925,     61.5552,      3.4953,      0.1850,      0.1525,     15.3864,      0.1843,      5.4932,     10.9865,      1.6288,     27.7621,     55.5241,      0.0189,      0.0008,      0.2500,      0.2035,   7567.7778,-427961.0625,   -914.4636,    541.7268,  25225.9258,
       1,     166,     337,      13,       1,       3,       1,     10.0000,      1.3854,     42.3727,    244.5925,     61.5552,      3.4953,      0.1848,      0.1523,     13.3189,      0.1864,      5.4932,     10.9865,      1.6466,     27.7621,     55.5241,      0.0189,      0.0007,      0.2500,      0.2035,   7567.7778,-436382.8438,   -917.5019,    541.1566,  25225.9277,
       1,     166,     337,      14,       1,       3,       1,     10.0000,      1.3854,     42.3727,    244.5925,     61.5552,      3.4953,      0.1851,      0.1522,     18.5533,      0.1979,      5.4932,     10.9865,      1.7491,     27.7621,     55.5241,      0.0189,      0.0009,      0.2500,      0.2035,   7567.7788,-434512.6875,   -918.6370,    541.2833,  25225.9277,
       1,     166,     337,      15,       1,       3,       1,     10.0000,      1.3854,     42.3727,    244.5925,     61.5552,      3.4953,      0.1719,      0.1401,     21.9469,      0.1621,      5.4932,     10.9865,      1.4323,     27.7621,     55.5241,      0.0189,      0.0012,      0.2297,      0.2035,   7567.7788,-440893.9375,   -921.8715,    540.8516,  25225.9297,
       1,     166,     337,      16,       1,       3,       1,     10.0000,      1.3854,     42.3727,    244.5925,     61.5552,      3.4953,      0.1869,      0.1556,     36.0060,      0.1478,      5.4932,     10.9865,      1.3060,     27.7621,     55.5241,      0.0189,      0.0018,      0.2500,      0.2035,   7567.7793,-445674.4062,   -916.6534,    540.5286,  25225.9258,
       1,     166,     337,      17,       1,       3,       1,     10.0000,      1.3854,     42.3727,    244.5925,     61.5552,      3.4953,      0.1747,      0.1429,     63.5256,      0.1626,      5.4932,     10.9865,      1.4366,     27.7621,     55.5241,      0.0189,      0.0035,      0.2290,      0.2035,   7567.7778,-463647.0312,   -920.4264,    539.3143,  25225.9277,
       1,     166,     337,      18,       1,       3,       1,     10.0000,      1.3854,     42.3727,    244.5925,     61.5552,      3.4953,      0.1410,      0.1095,     48.9892,      0.1567,      5.4932,     10.9865,      1.3844,     27.7621,     55.5241,      0.0189,      0.0034,      0.1810,      0.2035,   7567.7788,-499566.5625,   -928.7139,    536.8942,  25225.9297,
       1,     166,     337,      19,       1,       3,       1,     10.0000,      1.3854,     42.3727,    244.5925,     61.5552,      3.4953,      0.0579,      0.0265,     20.1469,      0.1497,      5.4932,     10.9865,      1.3232,     27.7621,     55.5241,      0.0189,      0.0040,      0.0621,      0.2035,   7567.7793,-484435.0625,   -927.0820,    537.9152,  25225.9297,
       1,     166,     337,      20,       1,       3,       1,     10.0000,      1.3854,     42.3727,    244.5925,     61.5552,      3.4953,      0.0010,     -0.0303,      2.4321,      0.1475,      5.4932,     10.9865,      1.3034,     27.7621,     55.5241,      0.0189,      0.0019,      0.0156,      0.2035,   7567.7793,-447093.0625,   -921.0154,    540.4270,  25225.9277,
       1,     166,     337,      21,       1,       3,       1,     10.0000,      1.3854,     42.3727,    244.5925,     61.5552,      3.4953,      0.0000,     -0.0313,      0.9642,      0.1479,      5.4932,     10.9865,      1.3073,     27.7621,     55.5241,      0.0189,      0.0008,      0.0156,      0.2035,   7567.7788,-421820.2500,   -916.6069,    542.1401,  25225.9277,
       1,     166,     337,      22,       1,       3,       1,     10.0000,      1.3854,     42.3727,    244.5925,     61.5552,      3.4953,      0.0000,     -0.0309,      1.4360,      0.1377,      5.4932,     10.9865,      1.2169,     27.7621,     55.5241,      0.0189,      0.0011,      0.0156,      0.2036,   7567.7788,-417849.5312,   -915.9420,    542.4119,  25225.9258,
       1,     166,     337,      23,       1,       3,       1,     10.0000,      1.3854,     42.3727,    244.5925,     61.5552,      3.4953,      0.0000,     -0.0306,      1.4621,      0.1296,      5.4932,     10.9865,      1.1451,     27.7621,     55.5241,      0.0189,      0.0012,      0.0156,      0.2036,   7567.7778,-418099.7188,   -910.5223,    542.3950,  25225.9277,
       1,     166,     337,      24,       1,       3,       1,     10.0000,      1.3854,     42.3727,    244.5925,     61.5552,      3.4953,      0.0000,     -0.0307,      1.5727,      0.1324,      5.4932,     10.9865,      1.1698,     27.7621,     55.5241,      0.0189,      0.0013,      0.0156,      0.2036,   7567.7788,-418153.1250,   -910.5437,    542.3914,  25225.9258,
       1,     166,     338,       1,       1,       3,       1,     10.0000,      1.3854,     42.3731,    244.5982,     61.5566,      3.4953,      0.0000,     -0.0308,      1.2311,      0.1341,      5.4933,     10.9866,      1.1853,     27.7667,     55.5334,      0.0189,      0.0010,      0.0156,      0.2036,   7567.7778,-418450.1562,   -911.0454,    542.3839,  25227.0488,
       1,     166,     338,       2,       1,       3,       1,     10.0000,      1.3854,     42.3731,    244.5982,     61.5566,      3.4953,      0.0000,     -0.0307,      1.0522,      0.1336,      5.4933,     10.9866,      1.1805,     27.7667,     55.5334,      0.0189,      0.0008,      0.0156,      0.2036,   7568.1147,-417897.0312,   -910.8301,    542.4213,  25227.0508,
       1,     166,     338,       3,       1,       3,       1,     10.0000,      1.3854,     42.3731,    244.5982,     61.5566,      3.4953,      0.0000,     -0.0307,      0.6178,      0.1336,      5.4933,     10.9866,      1.1805,     27.7667,     55.5334,      0.0189,      0.0005,      0.0156,      0.2036,   7568.1157,-417626.6250,   -910.8690,    542.4397,  25227.0488,
       1,     166,     338,       4,       1,       3,       1,     10.0000,      1.3854,     42.3731,    244.5982,     61.5566,      3.4953,      0.0000,     -0.0306,      0.3611,      0.1295,      5.4933,     10.9866,      1.1440,     27.7667,     55.5334,      0.0189,      0.0003,      0.0156,      0.2036,   7568.1147,-417061.3438,   -910.8105,    542.4780,  25227.0469,
       1,     166,     338,       5,       1,       3,       1,     10.0000,      1.3854,     42.3731,    244.5982,     61.5566,      3.4953,      0.0000,     -0.0303,      0.3782,      0.1225,      5.4933,     10.9866,      1.0828,     27.7667,     55.5334,      0.0189,      0.0003,      0.0156,      0.2036,   7568.1143,-416693.1562,   -910.1049,    542.5031,  25227.0488,
       1,     166,     338,       6,       1,       3,       1,     10.0000,      1.3854,     42.3731,    244.5982,     61.5566,      3.4953,      0.0000,     -0.0303,      0.4782,      0.1217,      5.4933,     10.9866,      1.0751,     27.7667,     55.5334,      0.0189,      0.0004,      0.0156,      0.2036,   7568.1147,-416682.9688,   -910.1086,    542.5037,  25227.0508,
       1,     166,     338,       7,       1,       3,       1,     10.0000,      1.3854,     42.3731,    244.5982,     61.5566,      3.4953,      0.0000,     -0.0302,      0.5285,      0.1202,      5.4933,     10.9866,      1.0621,     27.7667,     55.5334,      0.0189,      0.0004,      0.0156,      0.2036,   7568.1157,-416806.9688,   -910.1474,    542.4953,  25227.0488,
       1,     166,     338,       8,       1,       3,       1,     10.0000,      1.3854,     42.3731,    244.5982,     61.5566,      3.4953,      0.0094,     -0.0208,      0.4514,      0.1187,      5.4933,     10.9866,      1.0491,     27.7667,     55.5334,      0.0189,      0.0004,      0.0156,      0.2036,   7568.1147,-416880.4062,   -910.2012,    542.4903,  25227.0469,
       1,     166,     338,       9,       1,       3,       1,     10.0000,      1.3854,     42.3731,    244.5982,     61.5566,      3.4953,      0.0785,      0.0483,      2.2626,      0.1199,      5.4933,     10.9866,      1.0599,     27.7667,     55.5334,      0.0189,      0.0003,      0.0954,      0.2036,   7568.1143,-416790.5625,   -910.1635,    542.4964,  25227.0488,
       1,     166,     338,      10,       1,       3,       1,     10.0000,      1.3854,     42.3731,    244.5982,     61.5566,      3.4953,      0.1629,      0.1327,      5.1229,      0.1209,      5.4933,     10.9866,      1.0686,     27.7667,     55.5334,      0.0189,      0.0003,      0.2183,      0.2036,   7568.1147,-419044.8125,   -910.8187,    542.3436,  25227.0508,
       1,     166,     338,      11,       1,       3,       1,     10.0000,      1.3854,     42.3731,    244.5982,     61.5566,      3.4953,      0.1543,      0.1237,      4.4037,      0.1284,      5.4933,     10.9866,      1.1347,     27.7667,     55.5334,      0.0189,      0.0003,      0.2057,      0.2036,   7568.1157,-422807.8125,   -911.9211,    542.0884,  25227.0488,
       1,     166,     338,      12,       1,       3,       1,     10.0000,      1.3854,     42.3731,    244.5982,     61.5566,      3.4953,      0.1404,      0.1098,      3.6633,      0.1287,      5.4933,     10.9866,      1.1370,     27.7667,     55.5334,      0.0189,      0.0002,      0.1855,      0.2036,   7568.1147,-422228.6250,   -912.5593,    542.1277,  25227.0469,
       1,     166,     338,      13,       1,       3,       1,     10.0000,      1.3854,     42.3731,    244.5982,     61.5566,      3.4953,      0.1845,      0.1531,      6.0264,      0.1513,      5.4933,     10.9866,      1.3366,     27.7667,     55.5334,      0.0189,      0.0003,      0.2500,      0.2036,   7568.1143,-421254.9375,   -912.8302,    542.1937,  25227.0488,
       1,     166,     338,      14,       1,       3,       1,     10.0000,      1.3854,     42.3731,    244.5982,     61.5566,      3.4953,      0.1670,      0.1352,      5.7842,      0.1624,      5.4933,     10.9866,      1.4352,     27.7667,     55.5334,      0.0189,      0.0003,      0.2243,      0.2036,   7568.1147,-424123.7500,   -915.1316,    541.9993,  25227.0469,
       1,     166,     338,      15,       1,       3,       1,     10.0000,      1.3854,     42.3731,    244.5982,     61.5566,      3.4953,      0.1774,      0.1453,      6.6064,      0.1721,      5.4933,     10.9866,      1.5208,     27.7667,     55.5334,      0.0189,      0.0003,      0.2397,      0.2036,   7568.1143,-424064.3438,   -916.1083,    542.0034,  25227.0488,
       1,     166,     338,      16,       1,       3,       1,     10.0000,      1.3854,     42.3731,    244.5982,     61.5566,      3.4953,      0.1403,      0.1080,      5.9556,      0.1780,      5.4933,     10.9866,      1.5732,     27.7667,     55.5334,      0.0189,      0.0004,      0.1849,      0.2036,   7568.1147,-425086.1875,   -917.3873,    541.9341,  25227.0469,
       1,     166,     338,      17,       1,       3,       1,     10.0000,      1.3854,     42.3731,    244.5982,     61.5566,      3.4953,      0.1672,      0.1351,      7.3535,      0.1706,      5.4933,     10.9866,      1.5072,     27.7667,     55.5334,      0.0189,      0.0004,      0.2245,      0.2036,   7568.1143,-424359.9062,   -917.9294,    541.9833,  25227.0488,
       1,     166,     338,      18,       1,       3,       1,     10.0000,      1.3854,     42.3731,    244.5982,     61.5566,      3.4953,      0.1176,      0.0861,     18.1973,      0.1564,      5.4933,     10.9866,      1.3816,     27.7667,     55.5334,      0.0189,      0.0015,      0.1502,      0.2036,   7568.1147,-426044.2188,   -918.7861,    541.8692,  25227.0508,
       1,     166,     338,      19,       1,       3,       1,     10.0000,      1.3854,     42.3731,    244.5982,     61.5566,      3.4953,      0.0393,      0.0081,      5.5432,      0.1459,      5.4933,     10.9866,      1.2890,     27.7667,     55.5334,      0.0189,      0.0019,      0.0366,      0.2036,   7568.1157,-439731.5000,   -921.7230,    540.9422,  25227.0488,
       1,     166,     338,      20,       1,       3,       1,     10.0000,      1.3854,     42.3731,    244.5982,     61.5566,      3.4953,      0.0009,     -0.0300,      3.2906,      0.1386,      5.4933,     10.9866,      1.2244,     27.7667,     55.5334,      0.0189,      0.0026,      0.0156,      0.2036,   7568.1147,-425083.0312,   -919.2501,    541.9334,  25227.0469,
       1,     166,     338,      21,       1,       3,       1,     10.0000,      1.3854,     42.3731,    244.5982,     61.5566,      3.4953,      0.0000,     -0.0308,      3.2657,      0.1347,      5.4933,     10.9866,      1.1902,     27.7667,     55.5334,      0.0189,      0.0026,      0.0156,      0.2036,   7568.1143,-421032.0938,   -918.7368,    542.2088,  25227.0488,
       1,     166,     338,      22,       1,       3,       1,     10.0000,      1.3854,     42.3731,    244.5982,     61.5566,      3.4953,      0.0000,     -0.0307,      2.9005,      0.1319,      5.4933,     10.9866,      1.1651,     27.7667,     55.5334,      0.0189,      0.0023,      0.0156,      0.2036,   7568.1147,-420656.9062,   -918.9011,    542.2343,  25227.0488,
       1,     166,     338,      23,       1,       3,       1,     10.0000,      1.3854,     42.3731,    244.5982,     61.5566,      3.4953,      0.0000,     -0.0307,      2.1034,      0.1327,      5.4933,     10.9866,      1.1722,     27.7667,     55.5334,      0.0189,      0.0017,      0.0156,      0.2036,   7568.1147,-420168.9688,   -918.9614,    542.2673,  25227.0488,
       1,     166,     338,      24,       1,       3,       1,     10.0000,      1.3854,     42.3731,    244.5982,     61.5566,      3.4953,      0.0000,     -0.0306,      1.5323,      0.1311,      5.4933,     10.9866,      1.1580,     27.7667,     55.5334,      0.0189,      0.0012,      0.0156,      0.2036,   7568.1147,-419132.0312,   -918.8740,    542.3376,  25227.0508,
       1,     166,     339,       1,       1,       3,       1,     10.0000,      1.3854,     42.3734,    244.6039,     61.5581,      3.4953,      0.0000,     -0.0306,      1.1898,      0.1309,      5.4937,     10.9875,      1.1569,     27.7665,     55.5331,      0.0189,      0.0010,      0.0156,      0.2036,   7568.1157,-418485.1250,   -919.0779,    542.3942,  25228.1719,
       1,     166,     339,       2,       1,       3,       1,     10.0000,      1.3854,     42.3734,    244.6039,     61.5581,      3.4953,      0.0000,     -0.0307,      1.1183,      0.1312,      5.4937,     10.9875,      1.1592,     27.7665,     55.5331,      0.0189,      0.0009,      0.0156,      0.2036,   7568.4517,-417851.1875,   -918.7630,    542.4372,  25228.1719,
       1,     166,     339,       3,       1,       3,       1,     10.0000,      1.3854,     42.3734,    244.6039,     61.5581,      3.4953,      0.0000,     -0.0306,      1.3347,      0.1304,      5.4937,     10.9875,      1.1522,     27.7665,     55.5331,      0.0189,      0.0011,      0.0156,      0.2036,   7568.4517,-417708.2500,   -918.7954,    542.4469,  25228.1719,
       1,     166,     339,       4,       1,       3,       1,     10.0000,      1.3854,     42.3734,    244.6039,     61.5581,      3.4953,      0.0000,     -0.0306,      1.5080,      0.1287,      5.4937,     10.9875,      1.1371,     27.7665,     55.5331,      0.0189,      0.0012,      0.0156,      0.2036,   7568.4517,-417966.2812,   -918.9075,    542.4294,  25228.1699,
       1,     166,     339,       5,       1,       3,       1,     10.0000,      1.3854,     42.3734,    244.6039,     61.5581,      3.4953,      0.0000,     -0.0305,      1.0877,      0.1275,      5.4937,     10.9875,      1.1267,     27.7665,     55.5331,      0.0189,      0.0009,      0.0156,      0.2036,   7568.4512,-418204.7188,   -919.0298,    542.4132,  25228.1719,
       1,     166,     339,       6,       1,       3,       1,     10.0000,      1.3854,     42.3734,    244.6039,     61.5581,      3.4953,      0.0000,     -0.0304,      1.0239,      0.1257,      5.4937,     10.9875,      1.1108,     27.7665,     55.5331,      0.0189,      0.0008,      0.0156,      0.2036,   7568.4517,-417699.9688,   -918.9764,    542.4474,  25228.1699,
       1,     166,     339,       7,       1,       3,       1,     10.0000,      1.3854,     42.3734,    244.6039,     61.5581,      3.4953,      0.0000,     -0.0303,      0.8992,      0.1234,      5.4937,     10.9875,      1.0906,     27.7665,     55.5331,      0.0189,      0.0007,      0.0156,      0.2036,   7568.4512,-417577.6562,   -918.9980,    542.4557,  25228.1719,
       1,     166,     339,       8,       1,       3,       1,     10.0000,      1.3854,     42.3734,    244.6039,     61.5581,      3.4953,      0.0061,     -0.0242,      0.8842,      0.1212,      5.4937,     10.9875,      1.0708,     27.7665,     55.5331,      0.0189,      0.0007,      0.0156,      0.2036,   7568.4517,-417411.3750,   -910.3056,    542.4670,  25228.1699,
       1,     166,     339,       9,       1,       3,       1,     10.0000,      1.3854,     42.3734,    244.6039,     61.5581,      3.4953,      0.1069,      0.0765,      7.1244,      0.1238,      5.4937,     10.9875,      1.0939,     27.7665,     55.5331,      0.0189,      0.0007,      0.1361,      0.2036,   7568.4512,-417378.8750,   -910.3991,    542.4692,  25228.1719,
       1,     166,     339,      10,       1,       3,       1,     10.0000,      1.3854,     42.3734,    244.6039,     61.5581,      3.4953,      0.1663,      0.1357,      9.2449,      0.1307,      5.4937,     10.9875,      1.1545,     27.7665,     55.5331,      0.0189,      0.0005,      0.2228,      0.2036,   7568.4517,-425168.4688,   -912.2098,    541.9410,  25228.1719,
       1,     166,     339,      11,       1,       3,       1,     10.0000,      1.3854,     42.3734,    244.6039,     61.5581,      3.4953,      0.1848,      0.1536,     10.0735,      0.1459,      5.4937,     10.9875,      1.2891,     27.7665,     55.5331,      0.0189,      0.0005,      0.2500,      0.2036,   7568.4517,-428477.0625,   -913.1909,    541.7171,  25228.1738,
       1,     166,     339,      12,       1,       3,       1,     10.0000,      1.3854,     42.3734,    244.6039,     61.5581,      3.4953,      0.1845,      0.1525,      8.5645,      0.1699,      5.4937,     10.9875,      1.5013,     27.7665,     55.5331,      0.0189,      0.0004,      0.2500,      0.2036,   7568.4526,-429791.6250,   -914.7773,    541.6282,  25228.1719,
       1,     166,     339,      13,       1,       3,       1,     10.0000,      1.3854,     42.3734,    244.6039,     61.5581,      3.4953,      0.1843,      0.1519,      7.7153,      0.1809,      5.4937,     10.9875,      1.5984,     27.7665,     55.5331,      0.0189,      0.0004,      0.2499,      0.2036,   7568.4517,-428018.1562,   -916.1004,    541.7482,  25228.1719,
       1,     166,     339,      14,       1,       3,       1,     10.0000,      1.3854,     42.3734,    244.6039,     61.5581,      3.4953,      0.1432,      0.1103,      6.0780,      0.1968,      5.4937,     10.9875,      1.7388,     27.7665,     55.5331,      0.0189,      0.0004,      0.1891,      0.2036,   7568.4517,-426807.6562,   -916.9389,    541.8303,  25228.1719,
       1,     166,     339,      15,       1,       3,       1,     10.0000,      1.3854,     42.3734,    244.6039,     61.5581,      3.4953,      0.1553,      0.1225,      6.8050,      0.1954,      5.4937,     10.9875,      1.7268,     27.7665,     55.5331,      0.0189,      0.0004,      0.2070,      0.2036,   7568.4517,-424660.2500,   -917.0745,    541.9757,  25228.1719,
       1,     166,     339,      16,       1,       3,       1,     10.0000,      1.3854,     42.3734,    244.6039,     61.5581,      3.4953,      0.1819,      0.1491,     20.8929,      0.1960,      5.4937,     10.9875,      1.7320,     27.7665,     55.5331,      0.0189,      0.0011,      0.2449,      0.2036,   7568.4517,-425386.4375,   -917.7888,    541.9265,  25228.1719,
       1,     166,     339,      17,       1,       3,       1,     10.0000,      1.3854,     42.3734,    244.6039,     61.5581,      3.4953,      0.1794,      0.1472,     46.0660,      0.1738,      5.4937,     10.9875,      1.5361,     27.7665,     55.5331,      0.0189,      0.0024,      0.2380,      0.2036,   7568.4517,-443042.6250,   -922.0630,    540.7305,  25228.1719,
       1,     166,     339,      18,       1,       3,       1,     10.0000,      1.3854,     42.3734,    244.6039,     61.5581,      3.4953,      0.1440,      0.1121,     45.9850,      0.1660,      5.4937,     10.9875,      1.4672,     27.7665,     55.5331,      0.0189,      0.0031,      0.1857,      0.2036,   7568.4517,-475987.3438,   -929.2545,    538.5050,  25228.1738,
       1,     166,     339,      19,       1,       3,       1,     10.0000,      1.3854,     42.3734,    244.6039,     61.5581,      3.4953,      0.0585,      0.0270,     19.5887,      0.1542,      5.4937,     10.9875,      1.3624,     27.7665,     55.5331,      0.0189,      0.0039,      0.0629,      0.2036,   7568.4526,-478681.5625,   -930.5460,    538.3282,  25228.1719,
       1,     166,     339,      20,       1,       3,       1,     10.0000,      1.3854,     42.3734,    244.6039,     61.5581,      3.4953,      0.0028,     -0.0283,      4.8490,      0.1434,      5.4937,     10.9875,      1.2672,     27.7665,     55.5331,      0.0189,      0.0039,      0.0156,      0.2035,   7568.4517,-445910.8750,   -924.9139,    540.5334,  25228.1719,
       1,     166,     339,      21,       1,       3,       1,     10.0000,      1.3854,     42.3734,    244.6039,     61.5581,      3.4953,      0.0000,     -0.0310,      4.5294,      0.1398,      5.4937,     10.9875,      1.2356,     27.7665,     55.5331,      0.0189,      0.0036,      0.0156,      0.2036,   7568.4517,-424743.3125,   -921.2379,    541.9682,  25228.1738,
       1,     166,     339,      22,       1,       3,       1,     10.0000,      1.3854,     42.3734,    244.6039,     61.5581,      3.4953,      0.0000,     -0.0310,      3.2740,      0.1391,      5.4937,     10.9875,      1.2294,     27.7665,     55.5331,      0.0189,      0.0026,      0.0156,      0.2036,   7568.4526,-422553.7188,   -921.0393,    542.1184,  25228.1738,
       1,     166,     339,      23,       1,       3,       1,     10.0000,      1.3854,     42.3734,    244.6039,     61.5581,      3.4953,      0.0000,     -0.0309,      2.6912,      0.1384,      5.4937,     10.9875,      1.2232,     27.7665,     55.5331,      0.0189,      0.0022,      0.0156,      0.2036,   7568.4526,-420798.1875,   -920.8744,    542.2374,  25228.1719,
       1,     166,     339,      24,       1,       3,       1,     10.0000,      1.3854,     42.3734,    244.6039,     61.5581,      3.4953,      0.0000,     -0.0308,      2.4156,      0.1362,      5.4937,     10.9875,      1.2035,     27.7665,     55.5331,      0.0189,      0.0019,      0.0156,      0.2036,   7568.4517,-419922.0625,   -920.8278,    542.2968,  25228.1719,
       1,     166,     340,       1,       1,       3,       1,     10.0000,      1.3854,     42.3737,    244.6097,     61.5595,      3.4953,      0.0000,     -0.0309,      1.7451,      0.1380,      5.4935,     10.9870,      1.2195,     27.7701,     55.5401,      0.0189,      0.0014,      0.0156,      0.2036,   7568.4517,-419657.6250,   -921.1268,    542.3273,  25229.2930,
       1,     166,     340,       2,       1,       3,       1,     10.0000,      1.3854,     42.3737,    244.6097,     61.5595,      3.4953,      0.0000,     -0.0308,      1.4317,      0.1348,      5.4935,     10.9870,      1.1914,     27.7701,     55.5401,      0.0189,      0.0011,      0.0156,      0.2036,   7568.7881,-418646.5938,   -920.7493,    542.3959,  25229.2949,
       1,     166,     340,       3,       1,       3,       1,     10.0000,      1.3854,     42.3737,    244.6097,     61.5595,      3.4953,      0.0000,     -0.0301,      1.1928,      0.1162,      5.4935,     10.9870,      1.0269,     27.7701,     55.5401,      0.0189,      0.0010,      0.0156,      0.2036,   7568.7886,-418169.3750,   -910.5042,    542.4282,  25229.2930,
       1,     166,     340,       4,       1,       3,       1,     10.0000,      1.3854,     42.3737,    244.6097,     61.5595,      3.4953,      0.0000,     -0.0301,      1.1492,      0.1178,      5.4935,     10.9870,      1.0406,     27.7701,     55.5401,      0.0189,      0.0009,      0.0156,      0.2036,   7568.7881,-417830.9375,   -910.4269,    542.4512,  25229.2930,
       1,     166,     340,       5,       1,       3,       1,     10.0000,      1.3854,     42.3737,    244.6097,     61.5595,      3.4953,      0.0000,     -0.0303,      0.8541,      0.1229,      5.4935,     10.9870,      1.0862,     27.7701,     55.5401,      0.0189,      0.0007,      0.0156,      0.2036,   7568.7881,-417747.8750,   -910.5489,    542.4568,  25229.2930,
       1,     166,     340,       6,       1,       3,       1,     10.0000,      1.3854,     42.3737,    244.6097,     61.5595,      3.4953,      0.0000,     -0.0304,      0.9354,      0.1248,      5.4935,     10.9870,      1.1029,     27.7701,     55.5401,      0.0189,      0.0007,      0.0156,      0.2036,   7568.7881,-417372.2812,   -910.5567,    542.4822,  25229.2930,
       1,     166,     340,       7,       1,       3,       1,     10.0000,      1.3854,     42.3737,    244.6097,     61.5595,      3.4953,      0.0000,     -0.0303,      0.6954,      0.1227,      5.4935,     10.9870,      1.0840,     27.7701,     55.5401,      0.0189,      0.0006,      0.0156,      0.2036,   7568.7881,-417442.1875,   -910.6307,    542.4775,  25229.2930,
       1,     166,     340,       8,       1,       3,       1,     10.0000,      1.3854,     42.3737,    244.6097,     61.5595,      3.4953,      0.0065,     -0.0239,      0.6288,      0.1252,      5.4935,     10.9870,      1.1063,     27.7701,     55.5401,      0.0189,      0.0005,      0.0156,      0.2036,   7568.7881,-417148.4062,   -910.6171,    542.4975,  25229.2930,
       1,     166,     340,       9,       1,       3,       1,     10.0000,      1.3854,     42.3737,    244.6097,     61.5595,      3.4953,      0.0864,      0.0558,      5.4594,      0.1299,      5.4935,     10.9870,      1.1475,     27.7701,     55.5401,      0.0189,      0.0006,      0.1062,      0.2036,   7568.7881,-417040.2812,   -910.6589,    542.5048,  25229.2930,
       1,     166,     340,      10,       1,       3,       1,     10.0000,      1.3854,     42.3737,    244.6097,     61.5595,      3.4953,      0.1493,      0.1185,      6.8064,      0.1355,      5.4935,     10.9870,      1.1975,     27.7701,     55.5401,      0.0189,      0.0004,      0.1981,      0.2036,   7568.7881,-423062.7812,   -911.7623,    542.0964,  25229.2930,
       1,     166,     340,      11,       1,       3,       1,     10.0000,      1.3854,     42.3737,    244.6097,     61.5595,      3.4953,      0.1740,      0.1435,      5.9453,      0.1266,      5.4935,     10.9870,      1.1187,     27.7701,     55.5401,      0.0189,      0.0003,      0.2344,      0.2036,   7568.7881,-425255.1562,   -912.8980,    541.9480,  25229.2930,
       1,     166,     340,      12,       1,       3,       1,     10.0000,      1.3854,     42.3737,    244.6097,     61.5595,      3.4953,      0.1750,      0.1445,      4.7140,      0.1282,      5.4935,     10.9870,      1.1325,     27.7701,     55.5401,      0.0189,      0.0002,      0.2361,      0.2036,   7568.7881,-424365.1875,   -912.3732,    542.0083,  25229.2930,
       1,     166,     340,      13,       1,       3,       1,     10.0000,      1.3854,     42.3737,    244.6097,     61.5595,      3.4953,      0.1846,      0.1539,      5.0891,      0.1321,      5.4935,     10.9870,      1.1675,     27.7701,     55.5401,      0.0189,      0.0003,      0.2500,      0.2036,   7568.7881,-422752.3438,   -913.2383,    542.1176,  25229.2910,
       1,     166,     340,      14,       1,       3,       1,     10.0000,      1.3854,     42.3737,    244.6097,     61.5595,      3.4953,      0.1845,      0.1536,      5.3801,      0.1387,      5.4935,     10.9870,      1.2257,     27.7701,     55.5401,      0.0189,      0.0003,      0.2500,      0.2036,   7568.7876,-423084.3438,   -912.8724,    542.0951,  25229.2930,
       1,     166,     340,      15,       1,       3,       1,     10.0000,      1.3854,     42.3737,    244.6097,     61.5595,      3.4953,      0.1845,      0.1534,      6.1315,      0.1444,      5.4935,     10.9870,      1.2762,     27.7701,     55.5401,      0.0189,      0.0003,      0.2500,      0.2036,   7568.7881,-423475.6250,   -914.9110,    542.0685,  25229.2930,
       1,     166,     340,      16,       1,       3,       1,     10.0000,      1.3854,     42.3737,    244.6097,     61.5595,      3.4953,      0.1627,      0.1311,      6.2414,      0.1597,      5.4935,     10.9870,      1.4111,     27.7701,     55.5401,      0.0189,      0.0004,      0.2180,      0.2036,   7568.7881,-424447.2500,   -916.6530,    542.0027,  25229.2930,
       1,     166,     340,      17,       1,       3,       1,     10.0000,      1.3854,     42.3737,    244.6097,     61.5595,      3.4953,      0.1609,      0.1296,      6.8547,      0.1501,      5.4935,     10.9870,      1.3260,     27.7701,     55.5401,      0.0189,      0.0004,      0.2152,      0.2036,   7568.7881,-424666.6562,   -917.3467,    541.9879,  25229.2910,
       1,     166,     340,      18,       1,       3,       1,     10.0000,      1.3854,     42.3737,    244.6097,     61.5595,      3.4953,      0.1198,      0.0898,      4.6128,      0.1156,      5.4935,     10.9870,      1.0216,     27.7701,     55.5401,      0.0189,      0.0004,      0.1554,      0.2036,   7568.7876,-425451.2500,   -912.5773,    541.9347,  25229.2930,
       1,     166,     340,      19,       1,       3,       1,     10.0000,      1.3854,     42.3737,    244.6097,     61.5595,      3.4953,      0.0146,     -0.0153,      0.1148,      0.1134,      5.4935,     10.9870,      1.0020,     27.7701,     55.5401,      0.0189,      0.0005,      0.0027,      0.2036,   7568.7881,-422717.9375,   -911.7078,    542.1199,  25229.2930,
       1,     166,     340,      20,       1,       3,       1,     10.0000,      1.3854,     42.3737,    244.6097,     61.5595,      3.4953,      0.0004,     -0.0294,      1.0782,      0.1112,      5.4935,     10.9870,      0.9826,     27.7701,     55.5401,      0.0189,      0.0009,      0.0156,      0.2036,   7568.7881,-416869.7812,   -910.7524,    542.5162,  25229.2910,
       1,     166,     340,      21,       1,       3,       1,     10.0000,      1.3854,     42.3737,    244.6097,     61.5595,      3.4953,      0.0000,     -0.0299,      2.1405,      0.1124,      5.4935,     10.9870,      0.9928,     27.7701,     55.5401,      0.0189,      0.0017,      0.0156,      0.2036,   7568.7876,-417578.2500,   -910.9724,    542.4683,  25229.2930,
       1,     166,     340,      22,       1,       3,       1,     10.0000,      1.3854,     42.3737,    244.6097,     61.5595,      3.4953,      0.0000,     -0.0300,      1.9587,      0.1154,      5.4935,     10.9870,      1.0196,     27.7701,     55.5401,      0.0189,      0.0016,      0.0156,      0.2036,   7568.7881,-418964.2188,   -911.4259,    542.3743,  25229.2930,
       1,     166,     340,      23,       1,       3,       1,     10.0000,      1.3854,     42.3737,    244.6097,     61.5595,      3.4953,      0.0000,     -0.0300,      0.4387,      0.1151,      5.4935,     10.9870,      1.0175,     27.7701,     55.5401,      0.0189,      0.0004,      0.0156,      0.2036,   7568.7881,-418854.5938,   -911.5385,    542.3818,  25229.2949,
       1,     166,     340,      24,       1,       3,       1,     10.0000,      1.3854,     42.3737,    244.6097,     61.5595,      3.4953,      0.0000,     -0.0300,      0.2985,      0.1151,      5.4935,     10.9870,      1.0175,     27.7701,     55.5401,      0.0189,      0.0002,      0.0156,      0.2036,   7568.7886,-416947.0000,   -911.2166,    542.5110,  25229.2930,
       1,     166,     341,       1,       1,       3,       1,     10.0000,      1.3855,     42.3741,    244.6154,     61.5610,      3.4953,      0.0000,     -0.0300,      0.3345,      0.1143,      5.4942,     10.9883,      1.0102,     27.7718,     55.5435,      0.0189,      0.0003,      0.0156,      0.2037,   7568.7881,-416765.4062,   -911.4442,    542.5363,  25230.4141,
       1,     166,     341,       2,       1,       3,       1,     10.0000,      1.3855,     42.3741,    244.6154,     61.5610,      3.4953,      0.0000,     -0.0300,      0.5152,      0.1156,      5.4942,     10.9883,      1.0217,     27.7718,     55.5435,      0.0189,      0.0004,      0.0156,      0.2037,   7569.1245,-416643.1250,   -911.1818,    542.5446,  25230.4141,
       1,     166,     341,       3,       1,       3,       1,     10.0000,      1.3855,     42.3741,    244.6154,     61.5610,      3.4953,      0.0000,     -0.0301,      0.4193,      0.1174,      5.4942,     10.9883,      1.0375,     27.7718,     55.5435,      0.0189,      0.0003,      0.0156,      0.2037,   7569.1245,-416858.3438,   -911.2413,    542.5299,  25230.4141,
       1,     166,     341,       4,       1,       3,       1,     10.0000,      1.3855,     42.3741,    244.6154,     61.5610,      3.4953,      0.0000,     -0.0301,      0.2771,      0.1173,      5.4942,     10.9883,      1.0364,     27.7718,     55.5435,      0.0189,      0.0002,      0.0156,      0.2037,   7569.1245,-416756.9062,   -911.2397,    542.5368,  25230.4121,
       1,     166,     341,       5,       1,       3,       1,     10.0000,      1.3855,     42.3741,    244.6154,     61.5610,      3.4953,      0.0000,     -0.0301,      0.2909,      0.1173,      5.4942,     10.9883,      1.0364,     27.7718,     55.5435,      0.0189,      0.0002,      0.0156,      0.2037,   7569.1240,-416571.2500,   -911.2083,    542.5494,  25230.4160,
       1,     166,     341,       6,       1,       3,       1,     10.0000,      1.3855,     42.3741,    244.6154,     61.5610,      3.4953,      0.0000,     -0.0302,      0.2817,      0.1190,      5.4942,     10.9883,      1.0513,     27.7718,     55.5435,      0.0189,      0.0002,      0.0156,      0.2037,   7569.1250,-416572.0000,   -911.2098,    542.5494,  25230.4141,
       1,     166,     341,       7,       1,       3,       1,     10.0000,      1.3855,     42.3741,    244.6154,     61.5610,      3.4953,      0.0000,     -0.0302,      0.2840,      0.1198,      5.4942,     10.9883,      1.0589,     27.7718,     55.5435,      0.0189,      0.0002,      0.0156,      0.2037,   7569.1245,-416560.8438,   -911.2095,    542.5501,  25230.4141,
       1,     166,     341,       8,       1,       3,       1,     10.0000,      1.3855,     42.3741,    244.6154,     61.5610,      3.4953,      0.0023,     -0.0279,      0.2980,      0.1207,      5.4942,     10.9883,      1.0665,     27.7718,     55.5435,      0.0189,      0.0002,      0.0156,      0.2037,   7569.1245,-416562.8125,   -911.2111,    542.5500,  25230.4141,
       1,     166,     341,       9,       1,       3,       1,     10.0000,      1.3855,     42.3741,    244.6154,     61.5610,      3.4953,      0.0768,      0.0464,      1.9437,      0.1260,      5.4942,     10.9883,      1.1131,     27.7718,     55.5435,      0.0189,      0.0003,      0.0927,      0.2037,   7569.1245,-416580.4062,   -911.2229,    542.5488,  25230.4121,
       1,     166,     341,      10,       1,       3,       1,     10.0000,      1.3855,     42.3741,    244.6154,     61.5610,      3.4953,      0.1586,      0.1274,      4.8695,      0.1468,      5.4942,     10.9883,      1.2969,     27.7718,     55.5435,      0.0189,      0.0003,      0.2121,      0.2037,   7569.1240,-418636.8438,   -911.8976,    542.4094,  25230.4141,
       1,     166,     341,      11,       1,       3,       1,     10.0000,      1.3855,     42.3741,    244.6154,     61.5610,      3.4953,      0.1757,      0.1436,      6.6285,      0.1742,      5.4942,     10.9883,      1.5392,     27.7718,     55.5435,      0.0189,      0.0003,      0.2372,      0.2037,   7569.1245,-422463.5000,   -913.4893,    542.1498,  25230.4141,
       1,     166,     341,      12,       1,       3,       1,     10.0000,      1.3855,     42.3741,    244.6154,     61.5610,      3.4953,      0.1844,      0.1527,      6.3954,      0.1613,      5.4942,     10.9883,      1.4253,     27.7718,     55.5435,      0.0189,      0.0003,      0.2500,      0.2037,   7569.1245,-424983.9688,   -915.3536,    541.9792,  25230.4141,
       1,     166,     341,      13,       1,       3,       1,     10.0000,      1.3855,     42.3741,    244.6154,     61.5610,      3.4953,      0.1846,      0.1542,      4.7631,      0.1247,      5.4942,     10.9883,      1.1018,     27.7718,     55.5435,      0.0189,      0.0002,      0.2500,      0.2036,   7569.1245,-424906.1562,   -912.9850,    541.9844,  25230.4160,
       1,     166,     341,      14,       1,       3,       1,     10.0000,      1.3855,     42.3741,    244.6154,     61.5610,      3.4953,      0.1846,      0.1538,      5.1247,      0.1329,      5.4942,     10.9883,      1.1747,     27.7718,     55.5435,      0.0189,      0.0003,      0.2500,      0.2036,   7569.1250,-422861.2500,   -912.7110,    542.1230,  25230.4141,
       1,     166,     341,      15,       1,       3,       1,     10.0000,      1.3855,     42.3741,    244.6154,     61.5610,      3.4953,      0.1858,      0.1548,     21.2783,      0.1391,      5.4942,     10.9883,      1.2294,     27.7718,     55.5435,      0.0189,      0.0011,      0.2500,      0.2037,   7569.1245,-423139.9375,   -914.8679,    542.1041,  25230.4141,
       1,     166,     341,      16,       1,       3,       1,     10.0000,      1.3855,     42.3741,    244.6154,     61.5610,      3.4953,      0.1847,      0.1537,     48.3045,      0.1401,      5.4942,     10.9883,      1.2381,     27.7718,     55.5435,      0.0189,      0.0025,      0.2452,      0.2037,   7569.1245,-443332.6875,   -920.1565,    540.7358,  25230.4160,
       1,     166,     341,      17,       1,       3,       1,     10.0000,      1.3855,     42.3741,    244.6154,     61.5610,      3.4953,      0.1729,      0.1421,     37.5706,      0.1359,      5.4942,     10.9883,      1.2011,     27.7718,     55.5435,      0.0189,      0.0020,      0.2292,      0.2036,   7569.1250,-478799.9062,   -928.1431,    538.3402,  25230.4121,
       1,     166,     341,      18,       1,       3,       1,     10.0000,      1.3855,     42.3741,    244.6154,     61.5610,      3.4953,      0.0770,      0.0462,      2.3148,      0.1365,      5.4942,     10.9883,      1.2060,     27.7718,     55.5435,      0.0189,      0.0003,      0.0927,      0.2036,   7569.1240,-468397.1250,   -927.1225,    539.0455,  25230.4121,
       1,     166,     341,      19,       1,       3,       1,     10.0000,      1.3855,     42.3741,    244.6154,     61.5610,      3.4953,      0.0324,      0.0018,      0.8054,      0.1317,      5.4942,     10.9883,      1.1640,     27.7718,     55.5435,      0.0189,      0.0004,      0.0277,      0.2036,   7569.1240,-423465.0000,   -917.0846,    542.0735,  25230.4160,
       1,     166,     341,      20,       1,       3,       1,     10.0000,      1.3855,     42.3741,    244.6154,     61.5610,      3.4953,      0.0009,     -0.0298,      0.8877,      0.1305,      5.4942,     10.9883,      1.1534,     27.7718,     55.5435,      0.0189,      0.0007,      0.0156,      0.2037,   7569.1250,-417808.3750,   -916.1303,    542.4654,  25230.4160,
       1,     166,     341,      21,       1,       3,       1,     10.0000,      1.3855,     42.3741,    244.6154,     61.5610,      3.4953,      0.0000,     -0.0307,      0.9165,      0.1336,      5.4942,     10.9883,      1.1806,     27.7718,     55.5435,      0.0189,      0.0007,      0.0156,      0.2037,   7569.1250,-417422.1250,   -916.1172,    542.4917,  25230.4141,
       1,     166,     341,      22,       1,       3,       1,     10.0000,      1.3855,     42.3741,    244.6154,     61.5610,      3.4953,      0.0000,     -0.0305,      0.7884,      0.1282,      5.4942,     10.9883,      1.1325,     27.7718,     55.5435,      0.0189,      0.0006,      0.0156,      0.2037,   7569.1245,-417425.3750,   -916.1693,    542.4915,  25230.4141,
       1,     166,     341,      23,       1,       3,       1,     10.0000,      1.3855,     42.3741,    244.6154,     61.5610,      3.4953,      0.0000,     -0.0303,      0.6390,      0.1232,      5.4942,     10.9883,      1.0884,     27.7718,     55.5435,      0.0189,      0.0005,      0.0156,      0.2037,   7569.1245,-417265.7188,   -916.1855,    542.5023,  25230.4141,
       1,     166,     341,      24,       1,       3,       1,     10.0000,      1.3855,     42.3741,    244.6154,     61.5610,      3.4953,      0.0000,     -0.0305,      0.4711,      0.1276,      5.4942,     10.9883,      1.1279,     27.7718,     55.5435,      0.0189,      0.0004,      0.0156,      0.2037,   7569.1245,-417065.7188,   -916.1762,    542.5159,  25230.4141,
       1,     166,     342,       1,       1,       3,       1,     10.0000,      1.3855,     42.3744,    244.6211,     61.5624,      3.4953,      0.0000,     -0.0301,      0.6093,      0.1169,      5.4938,     10.9877,      1.0333,     27.7737,     55.5474,      0.0189,      0.0005,      0.0156,      0.2037,   7569.1245,-416993.0312,   -916.4374,    542.5334,  25231.5312,
       1,     166,     342,       2,       1,       3,       1,     10.0000,      1.3855,     42.3744,    244.6211,     61.5624,      3.4953,      0.0000,     -0.0299,      0.5060,      0.1133,      5.4938,     10.9877,      1.0010,     27.7737,     55.5474,      0.0189,      0.0004,      0.0156,      0.2037,   7569.4595,-417008.8750,   -910.2070,    542.5323,  25231.5293,
       1,     166,     342,       3,       1,       3,       1,     10.0000,      1.3855,     42.3744,    244.6211,     61.5624,      3.4953,      0.0000,     -0.0300,      0.4213,      0.1147,      5.4938,     10.9877,      1.0134,     27.7737,     55.5474,      0.0189,      0.0003,      0.0156,      0.2037,   7569.4590,-416881.2812,   -910.1688,    542.5410,  25231.5293,
       1,     166,     342,       4,       1,       3,       1,     10.0000,      1.3855,     42.3744,    244.6211,     61.5624,      3.4953,      0.0000,     -0.0300,      0.6345,      0.1144,      5.4938,     10.9877,      1.0113,     27.7737,     55.5474,      0.0189,      0.0005,      0.0156,      0.2037,   7569.4590,-416764.7500,   -910.1277,    542.5490,  25231.5312,
       1,     166,     342,       5,       1,       3,       1,     10.0000,      1.3855,     42.3744,    244.6211,     61.5624,      3.4953,      0.0000,     -0.0298,      0.6342,      0.1110,      5.4938,     10.9877,      0.9807,     27.7737,     55.5474,      0.0189,      0.0005,      0.0156,      0.2037,   7569.4595,-417020.8125,   -910.2282,    542.5316,  25231.5312,
       1,     166,     342,       6,       1,       3,       1,     10.0000,      1.3855,     42.3744,    244.6211,     61.5624,      3.4953,      0.0000,     -0.0301,      0.7619,      0.1160,      5.4938,     10.9877,      1.0248,     27.7737,     55.5474,      0.0189,      0.0006,      0.0156,      0.2037,   7569.4595,-417042.0625,   -910.2836,    542.5301,  25231.5293,
       1,     166,     342,       7,       1,       3,       1,     10.0000,      1.3855,     42.3744,    244.6211,     61.5624,      3.4953,      0.0000,     -0.0301,      0.5122,      0.1184,      5.4938,     10.9877,      1.0460,     27.7737,     55.5474,      0.0189,      0.0004,      0.0156,      0.2037,   7569.4590,-417203.5312,   -910.3817,    542.5192,  25231.5312,
       1,     166,     342,       8,       1,       3,       1,     10.0000,      1.3855,     42.3744,    244.6211,     61.5624,      3.4953,      0.0047,     -0.0256,      0.5175,      0.1222,      5.4938,     10.9877,      1.0796,     27.7737,     55.5474,      0.0189,      0.0004,      0.0156,      0.2037,   7569.4595,-416905.3750,   -910.3586,    542.5394,  25231.5312,
       1,     166,     342,       9,       1,       3,       1,     10.0000,      1.3855,     42.3744,    244.6211,     61.5624,      3.4953,      0.1013,      0.0707,      6.1000,      0.1309,      5.4938,     10.9877,      1.1570,     27.7737,     55.5474,      0.0189,      0.0006,      0.1280,      0.2037,   7569.4595,-416886.5938,   -910.4025,    542.5406,  25231.5312,
       1,     166,     342,      10,       1,       3,       1,     10.0000,      1.3855,     42.3744,    244.6211,     61.5624,      3.4953,      0.1631,      0.1317,     10.6747,      0.1519,      5.4938,     10.9877,      1.3421,     27.7737,     55.5474,      0.0189,      0.0006,      0.2180,      0.2037,   7569.4595,-423853.9375,   -911.9797,    542.0681,  25231.5312,
       1,     166,     342,      11,       1,       3,       1,     10.0000,      1.3855,     42.3744,    244.6211,     61.5624,      3.4953,      0.1848,      0.1527,     14.9133,      0.1711,      5.4938,     10.9877,      1.5119,     27.7737,     55.5474,      0.0189,      0.0007,      0.2496,      0.2037,   7569.4595,-430155.5625,   -913.7542,    541.6414,  25231.5312,
       1,     166,     342,      12,       1,       3,       1,     10.0000,      1.3855,     42.3744,    244.6211,     61.5624,      3.4953,      0.1806,      0.1482,      9.2740,      0.1849,      5.4938,     10.9877,      1.6338,     27.7737,     55.5474,      0.0189,      0.0005,      0.2443,      0.2037,   7569.4595,-435981.1875,   -915.7339,    541.2471,  25231.5312,
       1,     166,     342,      13,       1,       3,       1,     10.0000,      1.3855,     42.3744,    244.6211,     61.5624,      3.4953,      0.1850,      0.1522,     16.2612,      0.1945,      5.4938,     10.9877,      1.7184,     27.7737,     55.5474,      0.0189,      0.0008,      0.2500,      0.2037,   7569.4595,-429432.4688,   -915.3261,    541.6902,  25231.5312,
       1,     166,     342,      14,       1,       3,       1,     10.0000,      1.3855,     42.3744,    244.6211,     61.5624,      3.4953,      0.1853,      0.1524,     20.4995,      0.1974,      5.4938,     10.9877,      1.7441,     27.7737,     55.5474,      0.0189,      0.0010,      0.2500,      0.2037,   7569.4595,-437602.9688,   -917.8649,    541.1373,  25231.5332,
       1,     166,     342,      15,       1,       3,       1,     10.0000,      1.3855,     42.3744,    244.6211,     61.5624,      3.4953,      0.1874,      0.1546,     46.8597,      0.1958,      5.4938,     10.9877,      1.7304,     27.7737,     55.5474,      0.0189,      0.0023,      0.2500,      0.2037,   7569.4604,-443586.4688,   -919.9935,    540.7328,  25231.5332,
       1,     166,     342,      16,       1,       3,       1,     10.0000,      1.3855,     42.3744,    244.6211,     61.5624,      3.4953,      0.1732,      0.1406,     63.0829,      0.1877,      5.4938,     10.9877,      1.6583,     27.7737,     55.5474,      0.0189,      0.0035,      0.2270,      0.2037,   7569.4604,-477011.3125,   -927.4344,    538.4737,  25231.5312,
       1,     166,     342,      17,       1,       3,       1,     10.0000,      1.3855,     42.3744,    244.6211,     61.5624,      3.4953,      0.1038,      0.0715,     43.9155,      0.1811,      5.4938,     10.9877,      1.6001,     27.7737,     55.5474,      0.0189,      0.0043,      0.1265,      0.2036,   7569.4595,-500118.7188,   -932.8460,    536.9231,  25231.5293,
       1,     166,     342,      18,       1,       3,       1,     10.0000,      1.3855,     42.3744,    244.6211,     61.5624,      3.4953,      0.0761,      0.0440,     35.0861,      0.1726,      5.4938,     10.9877,      1.5255,     27.7737,     55.5474,      0.0189,      0.0050,      0.0867,      0.2036,   7569.4590,-478112.2500,   -929.6282,    538.4022,  25231.5312,
       1,     166,     342,      19,       1,       3,       1,     10.0000,      1.3855,     42.3744,    244.6211,     61.5624,      3.4953,      0.0317,      0.0006,      9.7629,      0.1433,      5.4938,     10.9877,      1.2660,     27.7737,     55.5474,      0.0189,      0.0048,      0.0252,      0.2036,   7569.4595,-465228.0312,   -928.0288,    539.2714,  25231.5312,
       1,     166,     342,      20,       1,       3,       1,     10.0000,      1.3855,     42.3744,    244.6211,     61.5624,      3.4953,      0.0010,     -0.0295,      5.6519,      0.1264,      5.4938,     10.9877,      1.1165,     27.7737,     55.5474,      0.0189,      0.0045,      0.0156,      0.2036,   7569.4595,-432506.3125,   -913.9314,    541.4778,  25231.5312,
       1,     166,     342,      21,       1,       3,       1,     10.0000,      1.3855,     42.3744,    244.6211,     61.5624,      3.4953,      0.0000,     -0.0304,      5.2182,      0.1248,      5.4938,     10.9877,      1.1030,     27.7737,     55.5474,      0.0189,      0.0042,      0.0156,      0.2037,   7569.4595,-424621.7188,   -912.4117,    542.0161,  25231.5312,
       1,     166,     342,      22,       1,       3,       1,     10.0000,      1.3855,     42.3744,    244.6211,     61.5624,      3.4953,      0.0000,     -0.0305,      4.8077,      0.1280,      5.4938,     10.9877,      1.1314,     27.7737,     55.5474,      0.0189,      0.0038,      0.0156,      0.2037,   7569.4595,-423408.3438,   -912.1499,    542.0985,  25231.5312,
       1,     166,     342,      23,       1,       3,       1,     10.0000,      1.3855,     42.3744,    244.6211,     61.5624,      3.4953,      0.0000,     -0.0306,      4.6993,      0.1303,      5.4938,     10.9877,      1.1511,     27.7737,     55.5474,      0.0189,      0.0038,      0.0156,      0.2037,   7569.4595,-422792.9688,   -911.9268,    542.1403,  25231.5312,
       1,     166,     342,      24,       1,       3,       1,     10.0000,      1.3855,     42.3744,    244.6211,     61.5624,      3.4953,      0.0000,     -0.0305,      2.3019,      0.1280,      5.4938,     10.9877,      1.1314,     27.7737,     55.5474,      0.0189,      0.0018,      0.0156,      0.2037,   7569.4595,-422605.5000,   -912.5943,    542.1530,  25231.5312,
       1,     166,     343,       1,       1,       3,       1,     10.0000,      1.3855,     42.3747,    244.6268,     61.5638,      3.4953,      0.0000,     -0.0306,      0.5865,      0.1295,      5.4942,     10.9884,      1.1441,     27.7744,     55.5488,      0.0189,      0.0005,      0.0156,      0.2037,   7569.4595,-419750.5000,   -911.2399,    542.3591,  25232.6504,
       1,     166,     343,       2,       1,       3,       1,     10.0000,      1.3855,     42.3747,    244.6268,     61.5638,      3.4953,      0.0000,     -0.0307,      0.6469,      0.1335,      5.4942,     10.9884,      1.1795,     27.7744,     55.5488,      0.0189,      0.0005,      0.0156,      0.2037,   7569.7954,-417216.7188,   -910.2359,    542.5308,  25232.6504,
       1,     166,     343,       3,       1,       3,       1,     10.0000,      1.3855,     42.3747,    244.6268,     61.5638,      3.4953,      0.0000,     -0.0309,      0.6167,      0.1370,      5.4942,     10.9884,      1.2110,     27.7744,     55.5488,      0.0189,      0.0005,      0.0156,      0.2037,   7569.7954,-417077.7500,   -910.2663,    542.5403,  25232.6523,
       1,     166,     343,       4,       1,       3,       1,     10.0000,      1.3855,     42.3747,    244.6268,     61.5638,      3.4953,      0.0000,     -0.0309,      0.8044,      0.1386,      5.4942,     10.9884,      1.2245,     27.7744,     55.5488,      0.0189,      0.0006,      0.0156,      0.2037,   7569.7959,-417027.8438,   -910.3060,    542.5437,  25232.6523,
       1,     166,     343,       5,       1,       3,       1,     10.0000,      1.3855,     42.3747,    244.6268,     61.5638,      3.4953,      0.0000,     -0.0309,      0.9113,      0.1373,      5.4942,     10.9884,      1.2134,     27.7744,     55.5488,      0.0189,      0.0007,      0.0156,      0.2037,   7569.7959,-417257.9375,   -910.4268,    542.5281,  25232.6523,
       1,     166,     343,       6,       1,       3,       1,     10.0000,      1.3855,     42.3747,    244.6268,     61.5638,      3.4953,      0.0000,     -0.0305,      0.6526,      0.1274,      5.4942,     10.9884,      1.1257,     27.7744,     55.5488,      0.0189,      0.0005,      0.0156,      0.2037,   7569.7959,-417410.8125,   -910.5502,    542.5177,  25232.6523,
       1,     166,     343,       7,       1,       3,       1,     10.0000,      1.3855,     42.3747,    244.6268,     61.5638,      3.4953,      0.0000,     -0.0304,      1.4267,      0.1255,      5.4942,     10.9884,      1.1086,     27.7744,     55.5488,      0.0189,      0.0011,      0.0156,      0.2037,   7569.7959,-417100.8438,   -910.2168,    542.5388,  25232.6523,
       1,     166,     343,       8,       1,       3,       1,     10.0000,      1.3855,     42.3747,    244.6268,     61.5638,      3.4953,      0.0044,     -0.0263,      2.1754,      0.1329,      5.4942,     10.9884,      1.1747,     27.7744,     55.5488,      0.0189,      0.0017,      0.0156,      0.2037,   7569.7959,-418040.9062,   -910.5635,    542.4750,  25232.6523,
       1,     166,     343,       9,       1,       3,       1,     10.0000,      1.3855,     42.3747,    244.6268,     61.5638,      3.4953,      0.0836,      0.0524,     16.6120,      0.1446,      5.4942,     10.9884,      1.2776,     27.7744,     55.5488,      0.0189,      0.0021,      0.1004,      0.2037,   7569.7959,-419054.8750,   -911.0672,    542.4062,  25232.6523,
       1,     166,     343,      10,       1,       3,       1,     10.0000,      1.3855,     42.3747,    244.6268,     61.5638,      3.4953,      0.1573,      0.1256,     35.5239,      0.1618,      5.4942,     10.9884,      1.4297,     27.7744,     55.5488,      0.0189,      0.0021,      0.2066,      0.2037,   7569.7959,-437160.9375,   -914.9177,    541.1786,  25232.6523,
       1,     166,     343,      11,       1,       3,       1,     10.0000,      1.3855,     42.3747,    244.6268,     61.5638,      3.4953,      0.1827,      0.1505,     28.2526,      0.1756,      5.4942,     10.9884,      1.5516,     27.7744,     55.5488,      0.0189,      0.0014,      0.2450,      0.2037,   7569.7959,-462309.0938,   -920.4349,    539.4788,  25232.6523,
       1,     166,     343,      12,       1,       3,       1,     10.0000,      1.3855,     42.3747,    244.6268,     61.5638,      3.4953,      0.1807,      0.1482,     27.8092,      0.1855,      5.4942,     10.9884,      1.6387,     27.7744,     55.5488,      0.0189,      0.0014,      0.2422,      0.2037,   7569.7959,-455358.5312,   -920.2119,    539.9502,  25232.6523,
       1,     166,     343,      13,       1,       3,       1,     10.0000,      1.3855,     42.3747,    244.6268,     61.5638,      3.4953,      0.1870,      0.1540,     43.3433,      0.1999,      5.4942,     10.9884,      1.7667,     27.7744,     55.5488,      0.0189,      0.0022,      0.2499,      0.2037,   7569.7959,-454215.1250,   -921.0042,    540.0276,  25232.6504,
       1,     166,     343,      14,       1,       3,       1,     10.0000,      1.3855,     42.3747,    244.6268,     61.5638,      3.4953,      0.1820,      0.1492,     52.8558,      0.1922,      5.4942,     10.9884,      1.6982,     27.7744,     55.5488,      0.0189,      0.0027,      0.2412,      0.2037,   7569.7954,-473518.5312,   -925.7679,    538.7245,  25232.6523,
       1,     166,     343,      15,       1,       3,       1,     10.0000,      1.3855,     42.3747,    244.6268,     61.5638,      3.4953,      0.1272,      0.0944,     46.6612,      0.1970,      5.4942,     10.9884,      1.7407,     27.7744,     55.5488,      0.0189,      0.0036,      0.1607,      0.2037,   7569.7959,-487036.0312,   -929.4392,    537.8159,  25232.6523,
       1,     166,     343,      16,       1,       3,       1,     10.0000,      1.3855,     42.3747,    244.6268,     61.5638,      3.4953,      0.1428,      0.1102,     69.5643,      0.1895,      5.4942,     10.9884,      1.6749,     27.7744,     55.5488,      0.0189,      0.0048,      0.1812,      0.2036,   7569.7959,-480436.8125,   -929.1199,    538.2603,  25232.6523,
       1,     166,     343,      17,       1,       3,       1,     10.0000,      1.3855,     42.3747,    244.6268,     61.5638,      3.4953,      0.1093,      0.0769,     56.3372,      0.1813,      5.4942,     10.9884,      1.6018,     27.7744,     55.5488,      0.0189,      0.0053,      0.1331,      0.2036,   7569.7959,-508493.7812,   -935.4615,    536.3727,  25232.6523,
       1,     166,     343,      18,       1,       3,       1,     10.0000,      1.3855,     42.3747,    244.6268,     61.5638,      3.4953,      0.0432,      0.0112,     18.0666,      0.1716,      5.4942,     10.9884,      1.5165,     27.7744,     55.5488,      0.0189,      0.0056,      0.0401,      0.2036,   7569.7959,-494337.5625,   -933.8452,    537.3251,  25232.6523,
       1,     166,     343,      19,       1,       3,       1,     10.0000,      1.3855,     42.3747,    244.6268,     61.5638,      3.4953,      0.0105,     -0.0213,      5.7237,      0.1613,      5.4942,     10.9884,      1.4254,     27.7744,     55.5488,      0.0189,      0.0046,      0.0156,      0.2036,   7569.7959,-445319.3125,   -925.4211,    540.6183,  25232.6523,
       1,     166,     343,      20,       1,       3,       1,     10.0000,      1.3855,     42.3747,    244.6268,     61.5638,      3.4953,      0.0013,     -0.0302,      6.3296,      0.1542,      5.4942,     10.9884,      1.3625,     27.7744,     55.5488,      0.0189,      0.0051,      0.0156,      0.2037,   7569.7959,-425800.7812,   -922.2139,    541.9474,  25232.6523,
       1,     166,     343,      21,       1,       3,       1,     10.0000,      1.3855,     42.3747,    244.6268,     61.5638,      3.4953,      0.0000,     -0.0314,      6.5155,      0.1519,      5.4942,     10.9884,      1.3421,     27.7744,     55.5488,      0.0189,      0.0052,      0.0156,      0.2037,   7569.7959,-424899.1875,   -922.4826,    542.0101,  25232.6523,
       1,     166,     343,      22,       1,       3,       1,     10.0000,      1.3855,     42.3747,    244.6268,     61.5638,      3.4953,      0.0000,     -0.0313,      6.1604,      0.1501,      5.4942,     10.9884,      1.3260,     27.7744,     55.5488,      0.0189,      0.0049,      0.0156,      0.2037,   7569.7959,-425052.9688,   -922.9293,    541.9997,  25232.6543,
       1,     166,     343,      23,       1,       3,       1,     10.0000,      1.3855,     42.3747,    244.6268,     61.5638,      3.4953,      0.0000,     -0.0314,      5.1796,      0.1513,      5.4942,     10.9884,      1.3368,     27.7744,     55.5488,      0.0189,      0.0041,      0.0156,      0.2037,   7569.7964,-424622.6250,   -923.2092,    542.0289,  25232.6523,
       1,     166,     343,      24,       1,       3,       1,     10.0000,      1.3855,     42.3747,    244.6268,     61.5638,      3.4953,      0.0000,     -0.0313,      4.4003,      0.1501,      5.4942,     10.9884,      1.3260,     27.7744,     55.5488,      0.0189,      0.0035,      0.0156,      0.2037,   7569.7959,-423361.9375,   -923.2513,    542.1144,  25232.6523,
       1,     166,     344,       1,       1,       3,       1,     10.0000,      1.3855,     42.3750,    244.6326,     61.5653,      3.4953,      0.0000,     -0.0313,      3.5497,      0.1487,      5.4949,     10.9898,      1.3141,     27.7707,     55.5413,      0.0189,      0.0028,      0.0156,      0.2037,   7569.7959,-422436.5625,   -923.5652,    542.1898,  25233.7754,
       1,     166,     344,       2,       1,       3,       1,     10.0000,      1.3855,     42.3750,    244.6326,     61.5653,      3.4953,      0.0000,     -0.0312,      3.2861,      0.1465,      5.4949,     10.9898,      1.2944,     27.7707,     55.5413,      0.0189,      0.0026,      0.0156,      0.2037,   7570.1328,-421144.9062,   -923.2279,    542.2773,  25233.7773,
       1,     166,     344,       3,       1,       3,       1,     10.0000,      1.3855,     42.3750,    244.6326,     61.5653,      3.4953,      0.0000,     -0.0312,      2.9325,      0.1452,      5.4949,     10.9898,      1.2827,     27.7707,     55.5413,      0.0189,      0.0023,      0.0156,      0.2037,   7570.1333,-420706.3125,   -923.2910,    542.3071,  25233.7754,
       1,     166,     344,       4,       1,       3,       1,     10.0000,      1.3855,     42.3750,    244.6326,     61.5653,      3.4953,      0.0000,     -0.0311,      3.0993,      0.1428,      5.4949,     10.9898,      1.2622,     27.7707,     55.5413,      0.0189,      0.0025,      0.0156,      0.2037,   7570.1328,-420228.0938,   -923.3273,    542.3395,  25233.7734,
       1,     166,     344,       5,       1,       3,       1,     10.0000,      1.3855,     42.3750,    244.6326,     61.5653,      3.4953,      0.0000,     -0.0310,      3.3020,      0.1401,      5.4949,     10.9898,      1.2382,     27.7707,     55.5413,      0.0189,      0.0026,      0.0156,      0.2037,   7570.1323,-420395.9375,   -923.4865,    542.3281,  25233.7754,
       1,     166,     344,       6,       1,       3,       1,     10.0000,      1.3855,     42.3750,    244.6326,     61.5653,      3.4953,      0.0000,     -0.0310,      3.4763,      0.1393,      5.4949,     10.9898,      1.2307,     27.7707,     55.5413,      0.0189,      0.0028,      0.0156,      0.2037,   7570.1328,-420663.0312,   -923.6628,    542.3100,  25233.7754,
       1,     166,     344,       7,       1,       3,       1,     10.0000,      1.3855,     42.3750,    244.6326,     61.5653,      3.4953,      0.0000,     -0.0310,      3.5614,      0.1398,      5.4949,     10.9898,      1.2357,     27.7707,     55.5413,      0.0189,      0.0028,      0.0156,      0.2037,   7570.1328,-420903.1875,   -923.8400,    542.2937,  25233.7773,
       1,     166,     344,       8,       1,       3,       1,     10.0000,      1.3855,     42.3750,    244.6326,     61.5653,      3.4953,      0.0031,     -0.0278,      3.8555,      0.1398,      5.4949,     10.9898,      1.2357,     27.7707,     55.5413,      0.0189,      0.0031,      0.0156,      0.2037,   7570.1333,-421029.6250,   -923.9949,    542.2852,  25233.7773,
       1,     166,     344,       9,       1,       3,       1,     10.0000,      1.3855,     42.3750,    244.6326,     61.5653,      3.4953,      0.0623,      0.0311,     16.6869,      0.1484,      5.4949,     10.9898,      1.3115,     27.7707,     55.5413,      0.0189,      0.0030,      0.0691,      0.2037,   7570.1333,-421407.2500,   -924.2021,    542.2596,  25233.7754,
       1,     166,     344,      10,       1,       3,       1,     10.0000,      1.3855,     42.3750,    244.6326,     61.5653,      3.4953,      0.1482,      0.1162,     45.7231,      0.1696,      5.4949,     10.9898,      1.4984,     27.7707,     55.5413,      0.0189,      0.0030,      0.1919,      0.2037,   7570.1328,-437454.4688,   -927.4608,    541.1718,  25233.7734,
       1,     166,     344,      11,       1,       3,       1,     10.0000,      1.3855,     42.3750,    244.6326,     61.5653,      3.4953,      0.1752,      0.1429,     48.8270,      0.1789,      5.4949,     10.9898,      1.5812,     27.7707,     55.5413,      0.0189,      0.0026,      0.2316,      0.2037,   7570.1323,-475064.3438,   -935.0190,    538.6287,  25233.7754,
       1,     166,     344,      12,       1,       3,       1,     10.0000,      1.3855,     42.3750,    244.6326,     61.5653,      3.4953,      0.1880,      0.1555,     54.0875,      0.1860,      5.4949,     10.9898,      1.6437,     27.7707,     55.5413,      0.0189,      0.0027,      0.2500,      0.2037,   7570.1328,-482134.7812,   -936.8224,    538.1587,  25233.7754,
       1,     166,     344,      13,       1,       3,       1,     10.0000,      1.3855,     42.3750,    244.6326,     61.5653,      3.4953,      0.1881,      0.1553,     55.3849,      0.1935,      5.4949,     10.9898,      1.7101,     27.7707,     55.5413,      0.0189,      0.0028,      0.2500,      0.2037,   7570.1328,-489296.0000,   -938.7105,    537.6772,  25233.7773,
       1,     166,     344,      14,       1,       3,       1,     10.0000,      1.3855,     42.3750,    244.6326,     61.5653,      3.4953,      0.1887,      0.1560,     63.7032,      0.1933,      5.4949,     10.9898,      1.7084,     27.7707,     55.5413,      0.0189,      0.0032,      0.2500,      0.2037,   7570.1333,-491521.0312,   -939.6249,    537.5278,  25233.7734,
       1,     166,     344,      15,       1,       3,       1,     10.0000,      1.3855,     42.3750,    244.6326,     61.5653,      3.4953,      0.1901,      0.1575,     80.6402,      0.1881,      5.4949,     10.9898,      1.6617,     27.7707,     55.5413,      0.0189,      0.0040,      0.2500,      0.2037,   7570.1323,-502101.9062,   -942.1663,    536.8170,  25233.7734,
       1,     166,     344,      16,       1,       3,       1,     10.0000,      1.3855,     42.3750,    244.6326,     61.5653,      3.4953,      0.1776,      0.1452,     89.7377,      0.1816,      5.4949,     10.9898,      1.6050,     27.7707,     55.5413,      0.0189,      0.0049,      0.2303,      0.2037,   7570.1323,-524160.2812,   -946.9800,    535.3372,  25233.7734,
       1,     166,     344,      17,       1,       3,       1,     10.0000,      1.3855,     42.3750,    244.6326,     61.5653,      3.4953,      0.1721,      0.1402,     84.1805,      0.1682,      5.4949,     10.9898,      1.4865,     27.7707,     55.5413,      0.0189,      0.0047,      0.2228,      0.2036,   7570.1323,-537397.8125,   -950.1045,    534.4534,  25233.7734,
       1,     166,     344,      18,       1,       3,       1,     10.0000,      1.3855,     42.3750,    244.6326,     61.5653,      3.4953,      0.1595,      0.1275,     85.2750,      0.1681,      5.4949,     10.9898,      1.4851,     27.7707,     55.5413,      0.0189,      0.0052,      0.2040,      0.2036,   7570.1323,-531564.5625,   -949.4926,    534.8438,  25233.7734,
       1,     166,     344,      19,       1,       3,       1,     10.0000,      1.3855,     42.3750,    244.6326,     61.5653,      3.4953,      0.0630,      0.0313,     28.3877,      0.1602,      5.4949,     10.9898,      1.4155,     27.7707,     55.5413,      0.0189,      0.0052,      0.0683,      0.2036,   7570.1323,-532441.1250,   -950.1575,    534.7854,  25233.7734,
       1,     166,     344,      20,       1,       3,       1,     10.0000,      1.3855,     42.3750,    244.6326,     61.5653,      3.4953,      0.0014,     -0.0300,      5.9816,      0.1513,      5.4949,     10.9898,      1.3368,     27.7707,     55.5413,      0.0189,      0.0048,      0.0156,      0.2036,   7570.1323,-461392.7500,   -936.5106,    539.5349,  25233.7734,
       1,     166,     344,      21,       1,       3,       1,     10.0000,      1.3855,     42.3750,    244.6326,     61.5653,      3.4953,      0.0000,     -0.0307,      4.9233,      0.1332,      5.4949,     10.9898,      1.1771,     27.7707,     55.5413,      0.0189,      0.0039,      0.0156,      0.2037,   7570.1323,-427489.8125,   -929.9182,    541.8425,  25233.7715,
       1,     166,     344,      22,       1,       3,       1,     10.0000,      1.3855,     42.3750,    244.6326,     61.5653,      3.4953,      0.0000,     -0.0303,      4.0024,      0.1211,      5.4949,     10.9898,      1.0698,     27.7707,     55.5413,      0.0189,      0.0032,      0.0156,      0.2037,   7570.1318,-423293.3125,   -927.5466,    542.1317,  25233.7734,
       1,     166,     344,      23,       1,       3,       1,     10.0000,      1.3855,     42.3750,    244.6326,     61.5653,      3.4953,      0.0000,     -0.0304,      4.6035,      0.1252,      5.4949,     10.9898,      1.1064,     27.7707,     55.5413,      0.0189,      0.0037,      0.0156,      0.2037,   7570.1323,-421782.5312,   -927.4050,    542.2341,  25233.7734,
       1,     166,     344,      24,       1,       3,       1,     10.0000,      1.3855,     42.3750,    244.6326,     61.5653,      3.4953,      0.0000,     -0.0306,      4.2410,      0.1286,      5.4949,     10.9898,      1.1360,     27.7707,     55.5413,      0.0189,      0.0034,      0.0156,      0.2037,   7570.1323,-422404.9062,   -927.6904,    542.1920,  25233.7754,
       1,     166,     345,       1,       1,       3,       1,     10.0000,      1.3855,     42.3754,    244.6383,     61.5667,      3.4953,      0.0000,     -0.0304,      3.5517,      0.1242,      5.4942,     10.9884,      1.0975,     27.7745,     55.5490,      0.0189,      0.0028,      0.0156,      0.2038,   7570.1328,-422158.6875,   -927.1562,    542.2213,  25234.8926,
       1,     166,     345,       2,       1,       3,       1,     10.0000,      1.3855,     42.3754,    244.6383,     61.5667,      3.4953,      0.0000,     -0.0302,      2.2054,      0.1206,      5.4942,     10.9884,      1.0655,     27.7745,     55.5490,      0.0189,      0.0018,      0.0156,      0.2038,   7570.4683,-421126.7188,   -916.9024,    542.2913,  25234.8945,
       1,     166,     345,       3,       1,       3,       1,     10.0000,      1.3855,     42.3754,    244.6383,     61.5667,      3.4953,      0.0000,     -0.0300,      1.1882,      0.1153,      5.4942,     10.9884,      1.0186,     27.7745,     55.5490,      0.0189,      0.0009,      0.0156,      0.2038,   7570.4688,-419358.8125,   -910.8787,    542.4110,  25234.8965,
       1,     166,     345,       4,       1,       3,       1,     10.0000,      1.3855,     42.3754,    244.6383,     61.5667,      3.4953,      0.0000,     -0.0301,      0.7486,      0.1169,      5.4942,     10.9884,      1.0333,     27.7745,     55.5490,      0.0189,      0.0006,      0.0156,      0.2038,   7570.4692,-417939.9375,   -910.7591,    542.5074,  25234.8945,
       1,     166,     345,       5,       1,       3,       1,     10.0000,      1.3855,     42.3754,    244.6383,     61.5667,      3.4953,      0.0000,     -0.0303,      0.9882,      0.1226,      5.4942,     10.9884,      1.0830,     27.7745,     55.5490,      0.0189,      0.0008,      0.0156,      0.2038,   7570.4688,-417271.2188,   -910.2688,    542.5527,  25234.8965,
       1,     166,     345,       6,       1,       3,       1,     10.0000,      1.3855,     42.3754,    244.6383,     61.5667,      3.4953,      0.0000,     -0.0302,      0.8348,      0.1202,      5.4942,     10.9884,      1.0622,     27.7745,     55.5490,      0.0189,      0.0007,      0.0156,      0.2038,   7570.4692,-417513.5625,   -910.4149,    542.5363,  25234.8965,
       1,     166,     345,       7,       1,       3,       1,     10.0000,      1.3855,     42.3754,    244.6383,     61.5667,      3.4953,      0.0000,     -0.0301,      0.4852,      0.1179,      5.4942,     10.9884,      1.0418,     27.7745,     55.5490,      0.0189,      0.0004,      0.0156,      0.2038,   7570.4692,-417342.5000,   -910.2979,    542.5478,  25234.8984,
       1,     166,     345,       8,       1,       3,       1,     10.0000,      1.3855,     42.3754,    244.6383,     61.5667,      3.4953,      0.0070,     -0.0230,      0.4161,      0.1165,      5.4942,     10.9884,      1.0291,     27.7745,     55.5490,      0.0189,      0.0003,      0.0156,      0.2038,   7570.4697,-416891.7188,   -910.2512,    542.5784,  25234.8965,
       1,     166,     345,       9,       1,       3,       1,     10.0000,      1.3855,     42.3754,    244.6383,     61.5667,      3.4953,      0.0557,      0.0256,      2.0085,      0.1168,      5.4942,     10.9884,      1.0323,     27.7745,     55.5490,      0.0189,      0.0004,      0.0622,      0.2038,   7570.4692,-416767.4688,   -910.1439,    542.5869,  25234.8965,
       1,     166,     345,      10,       1,       3,       1,     10.0000,      1.3855,     42.3754,    244.6383,     61.5667,      3.4953,      0.1205,      0.0900,      5.1064,      0.1265,      5.4942,     10.9884,      1.1177,     27.7745,     55.5490,      0.0189,      0.0004,      0.1562,      0.2038,   7570.4692,-418744.1250,   -910.6906,    542.4528,  25234.8965,
       1,     166,     345,      11,       1,       3,       1,     10.0000,      1.3855,     42.3754,    244.6383,     61.5667,      3.4953,      0.1663,      0.1359,      6.7702,      0.1237,      5.4942,     10.9884,      1.0930,     27.7745,     55.5490,      0.0189,      0.0004,      0.2229,      0.2038,   7570.4692,-422777.4375,   -911.6017,    542.1793,  25234.8965,
       1,     166,     345,      12,       1,       3,       1,     10.0000,      1.3855,     42.3754,    244.6383,     61.5667,      3.4953,      0.1848,      0.1544,      6.9943,      0.1238,      5.4942,     10.9884,      1.0941,     27.7745,     55.5490,      0.0189,      0.0003,      0.2500,      0.2038,   7570.4692,-425195.3438,   -912.3640,    542.0156,  25234.8965,
       1,     166,     345,      13,       1,       3,       1,     10.0000,      1.3855,     42.3754,    244.6383,     61.5667,      3.4953,      0.1849,      0.1537,     10.0565,      0.1456,      5.4942,     10.9884,      1.2867,     27.7745,     55.5490,      0.0189,      0.0005,      0.2500,      0.2038,   7570.4692,-425679.4688,   -912.8300,    541.9827,  25234.8965,
       1,     166,     345,      14,       1,       3,       1,     10.0000,      1.3855,     42.3754,    244.6383,     61.5667,      3.4953,      0.1767,      0.1451,     10.4042,      0.1581,      5.4942,     10.9884,      1.3972,     27.7745,     55.5490,      0.0189,      0.0005,      0.2381,      0.2038,   7570.4692,-429542.3125,   -914.6521,    541.7211,  25234.8965,
       1,     166,     345,      15,       1,       3,       1,     10.0000,      1.3855,     42.3754,    244.6383,     61.5667,      3.4953,      0.1641,      0.1325,     10.7976,      0.1591,      5.4942,     10.9884,      1.4056,     27.7745,     55.5490,      0.0189,      0.0006,      0.2195,      0.2037,   7570.4692,-430303.0938,   -915.5280,    541.6696,  25234.8984,
       1,     166,     345,      16,       1,       3,       1,     10.0000,      1.3855,     42.3754,    244.6383,     61.5667,      3.4953,      0.1490,      0.1175,      5.7652,      0.1527,      5.4942,     10.9884,      1.3490,     27.7745,     55.5490,      0.0189,      0.0004,      0.1978,      0.2037,   7570.4697,-430858.2188,   -916.2128,    541.6320,  25234.8945,
       1,     166,     345,      17,       1,       3,       1,     10.0000,      1.3855,     42.3754,    244.6383,     61.5667,      3.4953,      0.1020,      0.0709,      2.9481,      0.1424,      5.4942,     10.9884,      1.2584,     27.7745,     55.5490,      0.0189,      0.0003,      0.1291,      0.2037,   7570.4688,-424624.3750,   -915.5639,    542.0541,  25234.8945,
       1,     166,     345,      18,       1,       3,       1,     10.0000,      1.3855,     42.3754,    244.6383,     61.5667,      3.4953,      0.1193,      0.0884,     10.5580,      0.1369,      5.4942,     10.9884,      1.2098,     27.7745,     55.5490,      0.0189,      0.0009,      0.1537,      0.2038,   7570.4688,-420581.7188,   -915.0437,    542.3282,  25234.8945,
       1,     166,     345,      19,       1,       3,       1,     10.0000,      1.3855,     42.3754,    244.6383,     61.5667,      3.4953,      0.0198,     -0.0109,      1.4823,      0.1323,      5.4942,     10.9884,      1.1688,     27.7745,     55.5490,      0.0189,      0.0020,      0.0092,      0.2038,   7570.4688,-429736.6250,   -917.0610,    541.7076,  25234.8965,
       1,     166,     345,      20,       1,       3,       1,     10.0000,      1.3855,     42.3754,    244.6383,     61.5667,      3.4953,      0.0015,     -0.0291,      2.8369,      0.1291,      5.4942,     10.9884,      1.1407,     27.7745,     55.5490,      0.0189,      0.0023,      0.0156,      0.2037,   7570.4692,-419184.3125,   -915.4054,    542.4225,  25234.8965,
       1,     166,     345,      21,       1,       3,       1,     10.0000,      1.3855,     42.3754,    244.6383,     61.5667,      3.4953,      0.0000,     -0.0305,      2.2970,      0.1266,      5.4942,     10.9884,      1.1189,     27.7745,     55.5490,      0.0189,      0.0018,      0.0156,      0.2038,   7570.4692,-419983.0938,   -915.8043,    542.3688,  25234.8965,
       1,     166,     345,      22,       1,       3,       1,     10.0000,      1.3855,     42.3754,    244.6383,     61.5667,      3.4953,      0.0000,     -0.0303,      1.6779,      0.1218,      5.4942,     10.9884,      1.0764,     27.7745,     55.5490,      0.0189,      0.0013,      0.0156,      0.2038,   7570.4692,-419376.2812,   -910.8721,    542.4100,  25234.8984,
       1,     166,     345,      23,       1,       3,       1,     10.0000,      1.3855,     42.3754,    244.6383,     61.5667,      3.4953,      0.0000,     -0.0301,      1.7332,      0.1168,      5.4942,     10.9884,      1.0323,     27.7745,     55.5490,      0.0189,      0.0014,      0.0156,      0.2038,   7570.4697,-418552.1875,   -910.9102,    542.4658,  25234.8965,
       1,     166,     345,      24,       1,       3,       1,     10.0000,      1.3855,     42.3754,    244.6383,     61.5667,      3.4953,      0.0000,     -0.0299,      1.2290,      0.1129,      5.4942,     10.9884,      0.9980,     27.7745,     55.5490,      0.0189,      0.0010,      0.0156,      0.2038,   7570.4692,-418551.7188,   -911.0303,    542.4659,  25234.8965,
       1,     166,     346,       1,       1,       3,       1,     10.0000,      1.3856,     42.3757,    244.6440,     61.5682,      3.4953,      0.0000,     -0.0300,      0.6067,      0.1138,      5.4947,     10.9895,      1.0052,     27.7724,     55.5447,      0.0189,      0.0005,      0.0156,      0.2038,   7570.4692,-418076.3438,   -911.3182,    542.5107,  25236.0156,
       1,     166,     346,       2,       1,       3,       1,     10.0000,      1.3856,     42.3757,    244.6440,     61.5682,      3.4953,      0.0000,     -0.0300,      0.3705,      0.1143,      5.4947,     10.9895,      1.0103,     27.7724,     55.5447,      0.0189,      0.0003,      0.0156,      0.2038,   7570.8052,-417108.4688,   -910.9296,    542.5764,  25236.0156,
       1,     166,     346,       3,       1,       3,       1,     10.0000,      1.3856,     42.3757,    244.6440,     61.5682,      3.4953,      0.0000,     -0.0300,      0.3481,      0.1136,      5.4947,     10.9895,      1.0042,     27.7724,     55.5447,      0.0189,      0.0003,      0.0156,      0.2038,   7570.8052,-416731.9375,   -910.8699,    542.6020,  25236.0176,
       1,     166,     346,       4,       1,       3,       1,     10.0000,      1.3856,     42.3757,    244.6440,     61.5682,      3.4953,      0.0000,     -0.0300,      0.3449,      0.1155,      5.4947,     10.9895,      1.0207,     27.7724,     55.5447,      0.0189,      0.0003,      0.0156,      0.2038,   7570.8057,-416671.5938,   -910.8689,    542.6061,  25236.0156,
       1,     166,     346,       5,       1,       3,       1,     10.0000,      1.3856,     42.3757,    244.6440,     61.5682,      3.4953,      0.0000,     -0.0300,      0.4723,      0.1145,      5.4947,     10.9895,      1.0114,     27.7724,     55.5447,      0.0189,      0.0004,      0.0156,      0.2038,   7570.8052,-416662.8438,   -910.8748,    542.6066,  25236.0137,
       1,     166,     346,       6,       1,       3,       1,     10.0000,      1.3856,     42.3757,    244.6440,     61.5682,      3.4953,      0.0000,     -0.0301,      0.4899,      0.1161,      5.4947,     10.9895,      1.0260,     27.7724,     55.5447,      0.0189,      0.0004,      0.0156,      0.2038,   7570.8042,-416821.3438,   -910.9174,    542.5958,  25236.0137,
       1,     166,     346,       7,       1,       3,       1,     10.0000,      1.3856,     42.3757,    244.6440,     61.5682,      3.4953,      0.0000,     -0.0300,      0.3969,      0.1148,      5.4947,     10.9895,      1.0145,     27.7724,     55.5447,      0.0189,      0.0003,      0.0156,      0.2038,   7570.8042,-416856.6562,   -910.9411,    542.5934,  25236.0156,
       1,     166,     346,       8,       1,       3,       1,     10.0000,      1.3856,     42.3757,    244.6440,     61.5682,      3.4953,      0.0030,     -0.0271,      0.3227,      0.1180,      5.4947,     10.9895,      1.0429,     27.7724,     55.5447,      0.0189,      0.0003,      0.0156,      0.2038,   7570.8052,-416743.5312,   -910.9385,    542.6011,  25236.0156,
       1,     166,     346,       9,       1,       3,       1,     10.0000,      1.3856,     42.3757,    244.6440,     61.5682,      3.4953,      0.0721,      0.0417,      2.2215,      0.1255,      5.4947,     10.9895,      1.1087,     27.7724,     55.5447,      0.0189,      0.0003,      0.0858,      0.2038,   7570.8052,-416641.3750,   -910.9347,    542.6081,  25236.0156,
       1,     166,     346,      10,       1,       3,       1,     10.0000,      1.3856,     42.3757,    244.6440,     61.5682,      3.4953,      0.1652,      0.1339,      5.9133,      0.1487,      5.4947,     10.9895,      1.3142,     27.7724,     55.5447,      0.0189,      0.0003,      0.2216,      0.2038,   7570.8052,-419001.8750,   -911.5673,    542.4481,  25236.0156,
       1,     166,     346,      11,       1,       3,       1,     10.0000,      1.3856,     42.3757,    244.6440,     61.5682,      3.4953,      0.1800,      0.1481,      7.0259,      0.1674,      5.4947,     10.9895,      1.4792,     27.7724,     55.5447,      0.0189,      0.0004,      0.2434,      0.2038,   7570.8052,-423808.1875,   -913.3380,    542.1221,  25236.0156,
       1,     166,     346,      12,       1,       3,       1,     10.0000,      1.3856,     42.3757,    244.6440,     61.5682,      3.4953,      0.1820,      0.1498,      7.4064,      0.1756,      5.4947,     10.9895,      1.5517,     27.7724,     55.5447,      0.0189,      0.0004,      0.2464,      0.2038,   7570.8052,-425603.5938,   -915.1922,    542.0005,  25236.0156,
       1,     166,     346,      13,       1,       3,       1,     10.0000,      1.3856,     42.3757,    244.6440,     61.5682,      3.4953,      0.1846,      0.1520,     11.0704,      0.1899,      5.4947,     10.9895,      1.6783,     27.7724,     55.5447,      0.0189,      0.0006,      0.2500,      0.2038,   7570.8052,-426230.2500,   -916.5280,    541.9581,  25236.0156,
       1,     166,     346,      14,       1,       3,       1,     10.0000,      1.3856,     42.3757,    244.6440,     61.5682,      3.4953,      0.1829,      0.1501,     15.3519,      0.1947,      5.4947,     10.9895,      1.7203,     27.7724,     55.5447,      0.0189,      0.0008,      0.2470,      0.2038,   7570.8052,-430855.5625,   -918.7472,    541.6448,  25236.0176,
       1,     166,     346,      15,       1,       3,       1,     10.0000,      1.3856,     42.3757,    244.6440,     61.5682,      3.4953,      0.1562,      0.1233,     32.9316,      0.1964,      5.4947,     10.9895,      1.7357,     27.7724,     55.5447,      0.0189,      0.0020,      0.2052,      0.2038,   7570.8057,-436589.8750,   -920.7467,    541.2565,  25236.0137,
       1,     166,     346,      16,       1,       3,       1,     10.0000,      1.3856,     42.3757,    244.6440,     61.5682,      3.4953,      0.1711,      0.1388,     56.1729,      0.1788,      5.4947,     10.9895,      1.5797,     27.7724,     55.5447,      0.0189,      0.0031,      0.2245,      0.2038,   7570.8042,-459016.9375,   -925.6253,    539.7394,  25236.0137,
       1,     166,     346,      17,       1,       3,       1,     10.0000,      1.3856,     42.3757,    244.6440,     61.5682,      3.4953,      0.1483,      0.1159,     54.0926,      0.1816,      5.4947,     10.9895,      1.6050,     27.7724,     55.5447,      0.0189,      0.0035,      0.1911,      0.2037,   7570.8042,-489934.7812,   -930.4596,    537.6556,  25236.0156,
       1,     166,     346,      18,       1,       3,       1,     10.0000,      1.3856,     42.3757,    244.6440,     61.5682,      3.4953,      0.1120,      0.0799,     47.5187,      0.1740,      5.4947,     10.9895,      1.5379,     27.7724,     55.5447,      0.0189,      0.0043,      0.1382,      0.2037,   7570.8052,-489954.3125,   -931.4598,    537.6582,  25236.0156,
       1,     166,     346,      19,       1,       3,       1,     10.0000,      1.3856,     42.3757,    244.6440,     61.5682,      3.4953,      0.0469,      0.0155,     14.4786,      0.1499,      5.4947,     10.9895,      1.3248,     27.7724,     55.5447,      0.0189,      0.0039,      0.0466,      0.2037,   7570.8052,-481739.6875,   -930.7803,    538.2103,  25236.0176,
       1,     166,     346,      20,       1,       3,       1,     10.0000,      1.3856,     42.3757,    244.6440,     61.5682,      3.4953,      0.0014,     -0.0295,      4.7406,      0.1399,      5.4947,     10.9895,      1.2358,     27.7724,     55.5447,      0.0189,      0.0038,      0.0156,      0.2037,   7570.8057,-439782.4375,   -923.4643,    541.0334,  25236.0156,
       1,     166,     346,      21,       1,       3,       1,     10.0000,      1.3856,     42.3757,    244.6440,     61.5682,      3.4953,      0.0000,     -0.0309,      4.0675,      0.1379,      5.4947,     10.9895,      1.2184,     27.7724,     55.5447,      0.0189,      0.0032,      0.0156,      0.2038,   7570.8052,-424109.6875,   -920.8519,    542.1008,  25236.0156,
       1,     166,     346,      22,       1,       3,       1,     10.0000,      1.3856,     42.3757,    244.6440,     61.5682,      3.4953,      0.0000,     -0.0307,      4.1578,      0.1336,      5.4947,     10.9895,      1.1808,     27.7724,     55.5447,      0.0189,      0.0033,      0.0156,      0.2038,   7570.8052,-421938.5000,   -920.6998,    542.2490,  25236.0156,
       1,     166,     346,      23,       1,       3,       1,     10.0000,      1.3856,     42.3757,    244.6440,     61.5682,      3.4953,      0.0000,     -0.0307,      3.6731,      0.1311,      5.4947,     10.9895,      1.1582,     27.7724,     55.5447,      0.0189,      0.0029,      0.0156,      0.2038,   7570.8052,-421866.2500,   -920.9256,    542.2538,  25236.0176,
       1,     166,     346,      24,       1,       3,       1,     10.0000,      1.3856,     42.3757,    244.6440,     61.5682,      3.4953,      0.0000,     -0.0306,      2.0896,      0.1291,      5.4947,     10.9895,      1.1407,     27.7724,     55.5447,      0.0189,      0.0017,      0.0156,      0.2038,   7570.8057,-421254.9375,   -921.0319,    542.2953,  25236.0156,
       1,     166,     347,       1,       1,       3,       1,     10.0000,      1.3856,     42.3760,    244.6497,     61.5696,      3.4953,      0.0000,     -0.0306,      1.6431,      0.1295,      5.4950,     10.9899,      1.1442,     27.7737,     55.5474,      0.0189,      0.0013,      0.0156,      0.2038,   7570.8052,-419381.6562,   -921.0608,    542.4349,  25237.1367,
       1,     166,     347,       2,       1,       3,       1,     10.0000,      1.3856,     42.3760,    244.6497,     61.5696,      3.4953,      0.0000,     -0.0304,      1.3146,      0.1257,      5.4950,     10.9899,      1.1110,     27.7737,     55.5474,      0.0189,      0.0011,      0.0156,      0.2038,   7571.1411,-418514.9062,   -920.7065,    542.4937,  25237.1367,
       1,     166,     347,       3,       1,       3,       1,     10.0000,      1.3856,     42.3760,    244.6497,     61.5696,      3.4953,      0.0000,     -0.0303,      0.9148,      0.1224,      5.4950,     10.9899,      1.0820,     27.7737,     55.5474,      0.0189,      0.0007,      0.0156,      0.2038,   7571.1411,-418031.6875,   -920.6706,    542.5265,  25237.1348,
       1,     166,     347,       4,       1,       3,       1,     10.0000,      1.3856,     42.3760,    244.6497,     61.5696,      3.4953,      0.0000,     -0.0302,      0.6409,      0.1189,      5.4950,     10.9899,      1.0504,     27.7737,     55.5474,      0.0189,      0.0005,      0.0156,      0.2038,   7571.1406,-417492.1250,   -919.1161,    542.5630,  25237.1348,
       1,     166,     347,       5,       1,       3,       1,     10.0000,      1.3856,     42.3760,    244.6497,     61.5696,      3.4953,      0.0000,     -0.0298,      0.5639,      0.1091,      5.4950,     10.9899,      0.9638,     27.7737,     55.5474,      0.0189,      0.0005,      0.0156,      0.2038,   7571.1406,-417104.8125,   -910.2156,    542.5894,  25237.1367,
       1,     166,     347,       6,       1,       3,       1,     10.0000,      1.3856,     42.3760,    244.6497,     61.5696,      3.4953,      0.0000,     -0.0298,      0.5325,      0.1094,      5.4950,     10.9899,      0.9668,     27.7737,     55.5474,      0.0189,      0.0004,      0.0156,      0.2038,   7571.1411,-416975.8125,   -910.2396,    542.5981,  25237.1387,
       1,     166,     347,       7,       1,       3,       1,     10.0000,      1.3856,     42.3760,    244.6497,     61.5696,      3.4953,      0.0000,     -0.0299,      0.4672,      0.1125,      5.4950,     10.9899,      0.9939,     27.7737,     55.5474,      0.0189,      0.0004,      0.0156,      0.2038,   7571.1421,-416925.3125,   -910.2609,    542.6016,  25237.1348,
       1,     166,     347,       8,       1,       3,       1,     10.0000,      1.3856,     42.3760,    244.6497,     61.5696,      3.4953,      0.0031,     -0.0269,      0.4343,      0.1165,      5.4950,     10.9899,      1.0292,     27.7737,     55.5474,      0.0189,      0.0003,      0.0156,      0.2038,   7571.1406,-416840.0000,   -910.1431,    542.6073,  25237.1367,
       1,     166,     347,       9,       1,       3,       1,     10.0000,      1.3856,     42.3760,    244.6497,     61.5696,      3.4953,      0.0502,      0.0200,      1.5436,      0.1189,      5.4950,     10.9899,      1.0504,     27.7737,     55.5474,      0.0189,      0.0004,      0.0541,      0.2038,   7571.1411,-416791.6875,   -910.1652,    542.6105,  25237.1367,
       1,     166,     347,      10,       1,       3,       1,     10.0000,      1.3856,     42.3760,    244.6497,     61.5696,      3.4953,      0.1427,      0.1122,      6.8701,      0.1262,      5.4950,     10.9899,      1.1155,     27.7737,     55.5474,      0.0189,      0.0005,      0.1884,      0.2038,   7571.1411,-418171.6250,   -910.5862,    542.5170,  25237.1367,
       1,     166,     347,      11,       1,       3,       1,     10.0000,      1.3856,     42.3760,    244.6497,     61.5696,      3.4953,      0.1656,      0.1346,      7.3336,      0.1417,      5.4950,     10.9899,      1.2521,     27.7737,     55.5474,      0.0189,      0.0004,      0.2220,      0.2038,   7571.1411,-424933.7188,   -912.4606,    542.0583,  25237.1367,
       1,     166,     347,      12,       1,       3,       1,     10.0000,      1.3856,     42.3760,    244.6497,     61.5696,      3.4953,      0.1846,      0.1533,      7.3939,      0.1489,      5.4950,     10.9899,      1.3155,     27.7737,     55.5474,      0.0189,      0.0004,      0.2500,      0.2038,   7571.1411,-426084.8438,   -913.6445,    541.9807,  25237.1387,
       1,     166,     347,      13,       1,       3,       1,     10.0000,      1.3856,     42.3760,    244.6497,     61.5696,      3.4953,      0.1845,      0.1525,      7.7665,      0.1694,      5.4950,     10.9899,      1.4971,     27.7737,     55.5474,      0.0189,      0.0004,      0.2500,      0.2038,   7571.1421,-426256.6875,   -915.6087,    541.9690,  25237.1367,
       1,     166,     347,      14,       1,       3,       1,     10.0000,      1.3856,     42.3760,    244.6497,     61.5696,      3.4953,      0.1846,      0.1522,     10.3072,      0.1824,      5.4950,     10.9899,      1.6115,     27.7737,     55.5474,      0.0189,      0.0005,      0.2500,      0.2038,   7571.1411,-426736.5625,   -917.2563,    541.9365,  25237.1367,
       1,     166,     347,      15,       1,       3,       1,     10.0000,      1.3856,     42.3760,    244.6497,     61.5696,      3.4953,      0.1851,      0.1527,     15.8725,      0.1806,      5.4950,     10.9899,      1.5955,     27.7737,     55.5474,      0.0189,      0.0008,      0.2500,      0.2038,   7571.1411,-429947.5000,   -919.1342,    541.7189,  25237.1367,
       1,     166,     347,      16,       1,       3,       1,     10.0000,      1.3856,     42.3760,    244.6497,     61.5696,      3.4953,      0.1851,      0.1535,     28.2107,      0.1575,      5.4950,     10.9899,      1.3917,     27.7737,     55.5474,      0.0189,      0.0014,      0.2483,      0.2038,   7571.1411,-437163.7188,   -921.5522,    541.2303,  25237.1367,
       1,     166,     347,      17,       1,       3,       1,     10.0000,      1.3856,     42.3760,    244.6497,     61.5696,      3.4953,      0.1666,      0.1355,     29.8076,      0.1456,      5.4950,     10.9899,      1.2867,     27.7737,     55.5474,      0.0189,      0.0017,      0.2209,      0.2038,   7571.1411,-453171.9688,   -925.3021,    540.1476,  25237.1367,
       1,     166,     347,      18,       1,       3,       1,     10.0000,      1.3856,     42.3760,    244.6497,     61.5696,      3.4953,      0.1337,      0.1028,     34.2316,      0.1373,      5.4950,     10.9899,      1.2135,     27.7737,     55.5474,      0.0189,      0.0025,      0.1720,      0.2038,   7571.1411,-456520.6250,   -926.6290,    539.9225,  25237.1367,
       1,     166,     347,      19,       1,       3,       1,     10.0000,      1.3856,     42.3760,    244.6497,     61.5696,      3.4953,      0.0496,      0.0190,     12.5122,      0.1313,      5.4950,     10.9899,      1.1606,     27.7737,     55.5474,      0.0189,      0.0030,      0.0515,      0.2038,   7571.1411,-462324.8750,   -919.4180,    539.5309,  25237.1367,
       1,     166,     347,      20,       1,       3,       1,     10.0000,      1.3856,     42.3760,    244.6497,     61.5696,      3.4953,      0.0021,     -0.0284,      3.4971,      0.1247,      5.4950,     10.9899,      1.1020,     27.7737,     55.5474,      0.0189,      0.0028,      0.0156,      0.2038,   7571.1411,-435699.9688,   -915.2007,    541.3266,  25237.1367,
       1,     166,     347,      21,       1,       3,       1,     10.0000,      1.3856,     42.3760,    244.6497,     61.5696,      3.4953,      0.0000,     -0.0303,      2.3745,      0.1211,      5.4950,     10.9899,      1.0699,     27.7737,     55.5474,      0.0189,      0.0019,      0.0156,      0.2038,   7571.1411,-422210.2188,   -911.5389,    542.2424,  25237.1367,
       1,     166,     347,      22,       1,       3,       1,     10.0000,      1.3856,     42.3760,    244.6497,     61.5696,      3.4953,      0.0000,     -0.0302,      1.5110,      0.1201,      5.4950,     10.9899,      1.0612,     27.7737,     55.5474,      0.0189,      0.0012,      0.0156,      0.2038,   7571.1411,-419667.5000,   -910.8817,    542.4155,  25237.1367,
       1,     166,     347,      23,       1,       3,       1,     10.0000,      1.3856,     42.3760,    244.6497,     61.5696,      3.4953,      0.0000,     -0.0301,      0.8305,      0.1181,      5.4950,     10.9899,      1.0440,     27.7737,     55.5474,      0.0189,      0.0007,      0.0156,      0.2038,   7571.1411,-418374.3125,   -910.5684,    542.5032,  25237.1367,
       1,     166,     347,      24,       1,       3,       1,     10.0000,      1.3856,     42.3760,    244.6497,     61.5696,      3.4953,      0.0000,     -0.0299,      0.6896,      0.1119,      5.4950,     10.9899,      0.9889,     27.7737,     55.5474,      0.0189,      0.0006,      0.0156,      0.2038,   7571.1411,-417415.7500,   -910.2973,    542.5682,  25237.1367,
       1,     166,     348,       1,       1,       3,       1,     10.0000,      1.3856,     42.3764,    244.6554,     61.5710,      3.4953,      0.0000,     -0.0298,      0.6259,      0.1111,      5.4948,     10.9897,      0.9818,     27.7761,     55.5521,      0.0189,      0.0005,      0.0156,      0.2038,   7571.1411,-417313.4375,   -910.5950,    542.5879,  25238.2578,
       1,     166,     348,       2,       1,       3,       1,     10.0000,      1.3856,     42.3764,    244.6554,     61.5710,      3.4953,      0.0000,     -0.0299,      0.2992,      0.1115,      5.4948,     10.9897,      0.9848,     27.7761,     55.5521,      0.0189,      0.0002,      0.0156,      0.2038,   7571.4775,-417073.7812,   -910.2156,    542.6041,  25238.2559,
       1,     166,     348,       3,       1,       3,       1,     10.0000,      1.3856,     42.3764,    244.6554,     61.5710,      3.4953,      0.0000,     -0.0297,      0.2536,      0.1085,      5.4948,     10.9897,      0.9589,     27.7761,     55.5521,      0.0189,      0.0002,      0.0156,      0.2038,   7571.4771,-416646.1250,   -910.0890,    542.6331,  25238.2559,
       1,     166,     348,       4,       1,       3,       1,     10.0000,      1.3856,     42.3764,    244.6554,     61.5710,      3.4953,      0.0000,     -0.0297,      0.2807,      0.1073,      5.4948,     10.9897,      0.9481,     27.7761,     55.5521,      0.0189,      0.0002,      0.0156,      0.2038,   7571.4771,-416553.1250,   -910.0660,    542.6395,  25238.2578,
       1,     166,     348,       5,       1,       3,       1,     10.0000,      1.3856,     42.3764,    244.6554,     61.5710,      3.4953,      0.0000,     -0.0297,      0.3312,      0.1082,      5.4948,     10.9897,      0.9559,     27.7761,     55.5521,      0.0189,      0.0003,      0.0156,      0.2038,   7571.4775,-416578.8125,   -910.0753,    542.6376,  25238.2578,
       1,     166,     348,       6,       1,       3,       1,     10.0000,      1.3856,     42.3764,    244.6554,     61.5710,      3.4953,      0.0000,     -0.0297,      0.2870,      0.1087,      5.4948,     10.9897,      0.9609,     27.7761,     55.5521,      0.0189,      0.0002,      0.0156,      0.2038,   7571.4775,-416644.0938,   -910.0995,    542.6333,  25238.2559,
       1,     166,     348,       7,       1,       3,       1,     10.0000,      1.3856,     42.3764,    244.6554,     61.5710,      3.4953,      0.0000,     -0.0298,      0.2587,      0.1104,      5.4948,     10.9897,      0.9758,     27.7761,     55.5521,      0.0189,      0.0002,      0.0156,      0.2038,   7571.4771,-416594.5625,   -910.0959,    542.6367,  25238.2578,
       1,     166,     348,       8,       1,       3,       1,     10.0000,      1.3856,     42.3764,    244.6554,     61.5710,      3.4953,      0.0019,     -0.0279,      0.2566,      0.1096,      5.4948,     10.9897,      0.9688,     27.7761,     55.5521,      0.0189,      0.0002,      0.0156,      0.2038,   7571.4775,-416554.9062,   -910.0660,    542.6393,  25238.2578,
       1,     166,     348,       9,       1,       3,       1,     10.0000,      1.3856,     42.3764,    244.6554,     61.5710,      3.4953,      0.0275,     -0.0022,      0.3499,      0.1079,      5.4948,     10.9897,      0.9530,     27.7761,     55.5521,      0.0189,      0.0002,      0.0217,      0.2038,   7571.4775,-416548.9375,   -910.0714,    542.6398,  25238.2578,
       1,     166,     348,      10,       1,       3,       1,     10.0000,      1.3856,     42.3764,    244.6554,     61.5710,      3.4953,      0.1377,      0.1076,      3.1555,      0.1151,      5.4948,     10.9897,      1.0166,     27.7761,     55.5521,      0.0189,      0.0002,      0.1816,      0.2038,   7571.4775,-416664.6875,   -910.1851,    542.6319,  25238.2578,
       1,     166,     348,      11,       1,       3,       1,     10.0000,      1.3856,     42.3764,    244.6554,     61.5710,      3.4953,      0.1484,      0.1178,      3.9021,      0.1290,      5.4948,     10.9897,      1.1396,     27.7761,     55.5521,      0.0189,      0.0002,      0.1971,      0.2038,   7571.4775,-420174.5312,   -911.5308,    542.3939,  25238.2578,
       1,     166,     348,      12,       1,       3,       1,     10.0000,      1.3856,     42.3764,    244.6554,     61.5710,      3.4953,      0.1845,      0.1534,      5.5710,      0.1430,      5.4948,     10.9897,      1.2636,     27.7761,     55.5521,      0.0189,      0.0003,      0.2500,      0.2038,   7571.4775,-421402.9375,   -912.6484,    542.3106,  25238.2578,
       1,     166,     348,      13,       1,       3,       1,     10.0000,      1.3856,     42.3764,    244.6554,     61.5710,      3.4953,      0.1845,      0.1531,      5.9784,      0.1511,      5.4948,     10.9897,      1.3356,     27.7761,     55.5521,      0.0189,      0.0003,      0.2500,      0.2038,   7571.4775,-423588.7812,   -914.7057,    542.1624,  25238.2578,
       1,     166,     348,      14,       1,       3,       1,     10.0000,      1.3856,     42.3764,    244.6554,     61.5710,      3.4953,      0.1117,      0.0804,      4.3293,      0.1489,      5.4948,     10.9897,      1.3156,     27.7761,     55.5521,      0.0189,      0.0004,      0.1431,      0.2038,   7571.4775,-424282.0000,   -916.2720,    542.1154,  25238.2598,
       1,     166,     348,      15,       1,       3,       1,     10.0000,      1.3856,     42.3764,    244.6554,     61.5710,      3.4953,      0.0076,     -0.0227,      0.6669,      0.1221,      5.4948,     10.9897,      1.0787,     27.7761,     55.5521,      0.0189,      0.0005,      0.0156,      0.2038,   7571.4780,-422283.0000,   -916.2209,    542.2510,  25238.2578,
       1,     166,     348,      16,       1,       3,       1,     10.0000,      1.3856,     42.3764,    244.6554,     61.5710,      3.4953,      0.0091,     -0.0209,      1.4938,      0.1153,      5.4948,     10.9897,      1.0187,     27.7761,     55.5521,      0.0189,      0.0012,      0.0156,      0.2038,   7571.4775,-417545.1250,   -910.3199,    542.5721,  25238.2578,
       1,     166,     348,      17,       1,       3,       1,     10.0000,      1.3856,     42.3764,    244.6554,     61.5710,      3.4953,      0.0109,     -0.0196,      2.4496,      0.1271,      5.4948,     10.9897,      1.1235,     27.7761,     55.5521,      0.0189,      0.0020,      0.0156,      0.2038,   7571.4775,-418176.1562,   -910.5478,    542.5294,  25238.2598,
       1,     166,     348,      18,       1,       3,       1,     10.0000,      1.3856,     42.3764,    244.6554,     61.5710,      3.4953,      0.0088,     -0.0221,      2.9092,      0.1360,      5.4948,     10.9897,      1.2013,     27.7761,     55.5521,      0.0189,      0.0023,      0.0156,      0.2038,   7571.4780,-419421.5000,   -911.0424,    542.4449,  25238.2598,
       1,     166,     348,      19,       1,       3,       1,     10.0000,      1.3856,     42.3764,    244.6554,     61.5710,      3.4953,      0.0065,     -0.0238,      2.2579,      0.1215,      5.4948,     10.9897,      1.0732,     27.7761,     55.5521,      0.0189,      0.0018,      0.0156,      0.2038,   7571.4780,-420100.0938,   -911.4780,    542.3989,  25238.2578,
       1,     166,     348,      20,       1,       3,       1,     10.0000,      1.3856,     42.3764,    244.6554,     61.5710,      3.4953,      0.0002,     -0.0298,      0.6615,      0.1159,      5.4948,     10.9897,      1.0239,     27.7761,     55.5521,      0.0189,      0.0005,      0.0156,      0.2038,   7571.4775,-419345.5625,   -910.8956,    542.4501,  25238.2598,
       1,     166,     348,      21,       1,       3,       1,     10.0000,      1.3856,     42.3764,    244.6554,     61.5710,      3.4953,      0.0000,     -0.0300,      0.3116,      0.1158,      5.4948,     10.9897,      1.0229,     27.7761,     55.5521,      0.0189,      0.0002,      0.0156,      0.2038,   7571.4780,-417289.7188,   -910.2559,    542.5895,  25238.2578,
       1,     166,     348,      22,       1,       3,       1,     10.0000,      1.3856,     42.3764,    244.6554,     61.5710,      3.4953,      0.0000,     -0.0300,      0.4388,      0.1152,      5.4948,     10.9897,      1.0177,     27.7761,     55.5521,      0.0189,      0.0004,      0.0156,      0.2038,   7571.4775,-416679.7188,   -910.0948,    542.6309,  25238.2578,
       1,     166,     348,      23,       1,       3,       1,     10.0000,      1.3856,     42.3764,    244.6554,     61.5710,      3.4953,      0.0000,     -0.0300,      1.0276,      0.1153,      5.4948,     10.9897,      1.0187,     27.7761,     55.5521,      0.0189,      0.0008,      0.0156,      0.2038,   7571.4775,-416786.7188,   -910.1429,    542.6236,  25238.2578,
       1,     166,     348,      24,       1,       3,       1,     10.0000,      1.3856,     42.3764,    244.6554,     61.5710,      3.4953,      0.0000,     -0.0300,      0.4385,      0.1145,      5.4948,     10.9897,      1.0114,     27.7761,     55.5521,      0.0189,      0.0004,      0.0156,      0.2038,   7571.4775,-417530.3125,   -910.3517,    542.5732,  25238.2578,
       1,     166,     349,       1,       1,       3,       1,     10.0000,      1.3856,     42.3767,    244.6612,     61.5725,      3.4953,      0.0000,     -0.0300,      0.2705,      0.1148,      5.4962,     10.9924,      1.0146,     27.7590,     55.5179,      0.0189,      0.0002,      0.0156,      0.2039,   7571.4775,-417012.6562,   -910.5375,    542.6211,  25239.3789,
       1,     166,     349,       2,       1,       3,       1,     10.0000,      1.3856,     42.3767,    244.6612,     61.5725,      3.4953,      0.0000,     -0.0300,      0.2680,      0.1139,      5.4962,     10.9924,      1.0063,     27.7590,     55.5179,      0.0189,      0.0002,      0.0156,      0.2039,   7571.8140,-416607.8125,   -910.0749,    542.6486,  25239.3789,
       1,     166,     349,       3,       1,       3,       1,     10.0000,      1.3856,     42.3767,    244.6612,     61.5725,      3.4953,      0.0000,     -0.0299,      0.2664,      0.1133,      5.4962,     10.9924,      1.0011,     27.7590,     55.5179,      0.0189,      0.0002,      0.0156,      0.2039,   7571.8140,-416570.4375,   -910.0680,    542.6512,  25239.3789,
       1,     166,     349,       4,       1,       3,       1,     10.0000,      1.3856,     42.3767,    244.6612,     61.5725,      3.4953,      0.0000,     -0.0299,      0.2664,      0.1133,      5.4962,     10.9924,      1.0011,     27.7590,     55.5179,      0.0189,      0.0002,      0.0156,      0.2039,   7571.8140,-416565.1875,   -910.0671,    542.6515,  25239.3789,
       1,     166,     349,       5,       1,       3,       1,     10.0000,      1.3856,     42.3767,    244.6612,     61.5725,      3.4953,      0.0000,     -0.0298,      0.2625,      0.1110,      5.4962,     10.9924,      0.9808,     27.7590,     55.5179,      0.0189,      0.0002,      0.0156,      0.2039,   7571.8140,-416564.8125,   -910.0670,    542.6516,  25239.3789,
       1,     166,     349,       6,       1,       3,       1,     10.0000,      1.3856,     42.3767,    244.6612,     61.5725,      3.4953,      0.0000,     -0.0298,      0.2783,      0.1103,      5.4962,     10.9924,      0.9748,     27.7590,     55.5179,      0.0189,      0.0002,      0.0156,      0.2039,   7571.8140,-416559.7812,   -910.0663,    542.6519,  25239.3770,
       1,     166,     349,       7,       1,       3,       1,     10.0000,      1.3856,     42.3767,    244.6612,     61.5725,      3.4953,      0.0000,     -0.0298,      0.2563,      0.1095,      5.4962,     10.9924,      0.9678,     27.7590,     55.5179,      0.0189,      0.0002,      0.0156,      0.2039,   7571.8135,-416579.4688,   -910.0728,    542.6505,  25239.3789,
       1,     166,     349,       8,       1,       3,       1,     10.0000,      1.3856,     42.3767,    244.6612,     61.5725,      3.4953,      0.0044,     -0.0253,      0.2516,      0.1077,      5.4962,     10.9924,      0.9520,     27.7590,     55.5179,      0.0189,      0.0002,      0.0156,      0.2039,   7571.8140,-416553.4688,   -910.0689,    542.6523,  25239.3789,
       1,     166,     349,       9,       1,       3,       1,     10.0000,      1.3856,     42.3767,    244.6612,     61.5725,      3.4953,      0.0572,      0.0274,      1.0683,      0.1100,      5.4962,     10.9924,      0.9718,     27.7590,     55.5179,      0.0189,      0.0002,      0.0647,      0.2039,   7571.8140,-416545.1875,   -910.0797,    542.6529,  25239.3789,
       1,     166,     349,      10,       1,       3,       1,     10.0000,      1.3856,     42.3767,    244.6612,     61.5725,      3.4953,      0.1582,      0.1281,      3.7537,      0.1172,      5.4962,     10.9924,      1.0355,     27.7590,     55.5179,      0.0189,      0.0002,      0.2115,      0.2039,   7571.8140,-417563.3438,   -910.4506,    542.5839,  25239.3770,
       1,     166,     349,      11,       1,       3,       1,     10.0000,      1.3856,     42.3767,    244.6612,     61.5725,      3.4953,      0.1847,      0.1545,      4.5155,      0.1190,      5.4962,     10.9924,      1.0515,     27.7590,     55.5179,      0.0189,      0.0002,      0.2500,      0.2039,   7571.8135,-420999.3125,   -912.3077,    542.3508,  25239.3789,
       1,     166,     349,      12,       1,       3,       1,     10.0000,      1.3856,     42.3767,    244.6612,     61.5725,      3.4953,      0.1847,      0.1544,      4.8672,      0.1211,      5.4962,     10.9924,      1.0699,     27.7590,     55.5179,      0.0189,      0.0002,      0.2500,      0.2039,   7571.8140,-422239.9688,   -914.0346,    542.2667,  25239.3770,
       1,     166,     349,      13,       1,       3,       1,     10.0000,      1.3856,     42.3767,    244.6612,     61.5725,      3.4953,      0.1776,      0.1469,      7.3525,      0.1320,      5.4962,     10.9924,      1.1666,     27.7590,     55.5179,      0.0189,      0.0004,      0.2394,      0.2039,   7571.8135,-422783.9688,   -914.9938,    542.2299,  25239.3789,
       1,     166,     349,      14,       1,       3,       1,     10.0000,      1.3856,     42.3767,    244.6612,     61.5725,      3.4953,      0.1847,      0.1539,      7.2820,      0.1372,      5.4962,     10.9924,      1.2124,     27.7590,     55.5179,      0.0189,      0.0004,      0.2500,      0.2039,   7571.8140,-425929.9375,   -916.1837,    542.0166,  25239.3789,
       1,     166,     349,      15,       1,       3,       1,     10.0000,      1.3856,     42.3767,    244.6612,     61.5725,      3.4953,      0.1849,      0.1540,      9.1491,      0.1382,      5.4962,     10.9924,      1.2210,     27.7590,     55.5179,      0.0189,      0.0005,      0.2500,      0.2039,   7571.8140,-426108.1250,   -917.1672,    542.0046,  25239.3770,
       1,     166,     349,      16,       1,       3,       1,     10.0000,      1.3856,     42.3767,    244.6612,     61.5725,      3.4953,      0.1849,      0.1540,      9.8339,      0.1394,      5.4962,     10.9924,      1.2321,     27.7590,     55.5179,      0.0189,      0.0005,      0.2500,      0.2039,   7571.8135,-428452.6875,   -913.9041,    541.8458,  25239.3789,
       1,     166,     349,      17,       1,       3,       1,     10.0000,      1.3856,     42.3767,    244.6612,     61.5725,      3.4953,      0.1296,      0.0984,      7.3288,      0.1467,      5.4962,     10.9924,      1.2959,     27.7590,     55.5179,      0.0189,      0.0005,      0.1691,      0.2038,   7571.8140,-429504.9688,   -915.1969,    541.7745,  25239.3789,
       1,     166,     349,      18,       1,       3,       1,     10.0000,      1.3856,     42.3767,    244.6612,     61.5725,      3.4953,      0.1136,      0.0832,      9.2850,      0.1248,      5.4962,     10.9924,      1.1032,     27.7590,     55.5179,      0.0189,      0.0008,      0.1456,      0.2038,   7571.8140,-426468.6250,   -915.0594,    541.9801,  25239.3789,
       1,     166,     349,      19,       1,       3,       1,     10.0000,      1.3856,     42.3767,    244.6612,     61.5725,      3.4953,      0.0271,     -0.0032,      1.4349,      0.1212,      5.4962,     10.9924,      1.0710,     27.7590,     55.5179,      0.0189,      0.0009,      0.0202,      0.2039,   7571.8140,-428652.4062,   -912.6981,    541.8322,  25239.3809,
       1,     166,     349,      20,       1,       3,       1,     10.0000,      1.3856,     42.3767,    244.6612,     61.5725,      3.4953,      0.0008,     -0.0293,      1.0471,      0.1183,      5.4962,     10.9924,      1.0451,     27.7590,     55.5179,      0.0189,      0.0008,      0.0156,      0.2038,   7571.8145,-419043.6875,   -911.1559,    542.4830,  25239.3789,
       1,     166,     349,      21,       1,       3,       1,     10.0000,      1.3856,     42.3767,    244.6612,     61.5725,      3.4953,      0.0000,     -0.0301,      1.3439,      0.1180,      5.4962,     10.9924,      1.0430,     27.7590,     55.5179,      0.0189,      0.0011,      0.0156,      0.2039,   7571.8140,-417748.7500,   -911.0424,    542.5712,  25239.3789,
       1,     166,     349,      22,       1,       3,       1,     10.0000,      1.3856,     42.3767,    244.6612,     61.5725,      3.4953,      0.0000,     -0.0301,      2.3887,      0.1167,      5.4962,     10.9924,      1.0313,     27.7590,     55.5179,      0.0189,      0.0019,      0.0156,      0.2039,   7571.8140,-418008.8750,   -911.2375,    542.5536,  25239.3809,
       1,     166,     349,      23,       1,       3,       1,     10.0000,      1.3856,     42.3767,    244.6612,     61.5725,      3.4953,      0.0000,     -0.0300,      0.7162,      0.1141,      5.4962,     10.9924,      1.0083,     27.7590,     55.5179,      0.0189,      0.0006,      0.0156,      0.2039,   7571.8145,-419333.9062,   -911.7702,    542.4637,  25239.3789,
       1,     166,     349,      24,       1,       3,       1,     10.0000,      1.3856,     42.3767,    244.6612,     61.5725,      3.4953,      0.0000,     -0.0300,      0.6949,      0.1143,      5.4962,     10.9924,      1.0104,     27.7590,     55.5179,      0.0189,      0.0006,      0.0156,      0.2039,   7571.8140,-417360.0312,   -911.4769,    542.5975,  25239.3789,
       1,     166,     350,       1,       1,       3,       1,     10.0000,      1.3857,     42.3770,    244.6669,     61.5739,      3.4953,      0.0000,     -0.0299,      0.9870,      0.1135,      5.4952,     10.9904,      1.0032,     27.7604,     55.5209,      0.0189,      0.0008,      0.0156,      0.2039,   7571.8140,-417320.7188,   -911.7886,    542.6129,  25240.5000,
       1,     166,     350,       2,       1,       3,       1,     10.0000,      1.3857,     42.3770,    244.6669,     61.5739,      3.4953,      0.0000,     -0.0299,      1.0414,      0.1130,      5.4952,     10.9904,      0.9981,     27.7604,     55.5209,      0.0189,      0.0008,      0.0156,      0.2039,   7572.1504,-417530.3125,   -911.6799,    542.5988,  25240.5000,
       1,     166,     350,       3,       1,       3,       1,     10.0000,      1.3857,     42.3770,    244.6669,     61.5739,      3.4953,      0.0000,     -0.0298,      1.0037,      0.1100,      5.4952,     10.9904,      0.9718,     27.7604,     55.5209,      0.0189,      0.0008,      0.0156,      0.2039,   7572.1504,-417615.8125,   -911.8100,    542.5929,  25240.5000,
       1,     166,     350,       4,       1,       3,       1,     10.0000,      1.3857,     42.3770,    244.6669,     61.5739,      3.4953,      0.0000,     -0.0298,      0.7937,      0.1094,      5.4952,     10.9904,      0.9669,     27.7604,     55.5209,      0.0189,      0.0006,      0.0156,      0.2039,   7572.1504,-417576.1562,   -911.9112,    542.5956,  25240.4980,
       1,     166,     350,       5,       1,       3,       1,     10.0000,      1.3857,     42.3770,    244.6669,     61.5739,      3.4953,      0.0000,     -0.0298,      0.5926,      0.1101,      5.4952,     10.9904,      0.9728,     27.7604,     55.5209,      0.0189,      0.0005,      0.0156,      0.2039,   7572.1499,-417311.1875,   -911.9426,    542.6136,  25240.5000,
       1,     166,     350,       6,       1,       3,       1,     10.0000,      1.3857,     42.3770,    244.6669,     61.5739,      3.4953,      0.0000,     -0.0298,      0.4957,      0.1107,      5.4952,     10.9904,      0.9778,     27.7604,     55.5209,      0.0189,      0.0004,      0.0156,      0.2039,   7572.1504,-417037.5625,   -911.9414,    542.6321,  25240.5020,
       1,     166,     350,       7,       1,       3,       1,     10.0000,      1.3857,     42.3770,    244.6669,     61.5739,      3.4953,      0.0000,     -0.0298,      0.4882,      0.1104,      5.4952,     10.9904,      0.9758,     27.7604,     55.5209,      0.0189,      0.0004,      0.0156,      0.2039,   7572.1509,-416893.4375,   -911.9495,    542.6419,  25240.5000,
       1,     166,     350,       8,       1,       3,       1,     10.0000,      1.3857,     42.3770,    244.6669,     61.5739,      3.4953,      0.0021,     -0.0278,      0.4434,      0.1115,      5.4952,     10.9904,      0.9849,     27.7604,     55.5209,      0.0189,      0.0004,      0.0156,      0.2039,   7572.1504,-416872.0938,   -911.9762,    542.6434,  25240.5000,
       1,     166,     350,       9,       1,       3,       1,     10.0000,      1.3857,     42.3770,    244.6669,     61.5739,      3.4953,      0.0340,      0.0041,      0.7951,      0.1145,      5.4952,     10.9904,      1.0115,     27.7604,     55.5209,      0.0189,      0.0003,      0.0308,      0.2039,   7572.1504,-416814.3750,   -911.9966,    542.6473,  25240.4980,
       1,     166,     350,      10,       1,       3,       1,     10.0000,      1.3857,     42.3770,    244.6669,     61.5739,      3.4953,      0.1634,      0.1322,      7.0694,      0.1437,      5.4952,     10.9904,      1.2700,     27.7604,     55.5209,      0.0189,      0.0004,      0.2187,      0.2039,   7572.1499,-417248.5312,   -912.1761,    542.6179,  25240.5000,
       1,     166,     350,      11,       1,       3,       1,     10.0000,      1.3857,     42.3770,    244.6669,     61.5739,      3.4953,      0.1465,      0.1147,      7.1416,      0.1626,      5.4952,     10.9904,      1.4371,     27.7604,     55.5209,      0.0189,      0.0005,      0.1939,      0.2039,   7572.1504,-425110.0938,   -914.5522,    542.0846,  25240.5000,
       1,     166,     350,      12,       1,       3,       1,     10.0000,      1.3857,     42.3770,    244.6669,     61.5739,      3.4953,      0.1847,      0.1527,      9.4930,      0.1678,      5.4952,     10.9904,      1.4823,     27.7604,     55.5209,      0.0189,      0.0005,      0.2500,      0.2039,   7572.1504,-425865.8438,   -915.3009,    542.0336,  25240.5000,
       1,     166,     350,      13,       1,       3,       1,     10.0000,      1.3857,     42.3770,    244.6669,     61.5739,      3.4953,      0.1809,      0.1485,     12.4816,      0.1802,      5.4952,     10.9904,      1.5925,     27.7604,     55.5209,      0.0189,      0.0006,      0.2441,      0.2039,   7572.1504,-428862.4375,   -917.0915,    541.8306,  25240.5000,
       1,     166,     350,      14,       1,       3,       1,     10.0000,      1.3857,     42.3770,    244.6669,     61.5739,      3.4953,      0.1853,      0.1531,     17.3940,      0.1737,      5.4952,     10.9904,      1.5349,     27.7604,     55.5209,      0.0189,      0.0009,      0.2500,      0.2039,   7572.1504,-432843.6875,   -918.8157,    541.5610,  25240.5000,
       1,     166,     350,      15,       1,       3,       1,     10.0000,      1.3857,     42.3770,    244.6669,     61.5739,      3.4953,      0.1881,      0.1558,     53.5431,      0.1779,      5.4952,     10.9904,      1.5720,     27.7604,     55.5209,      0.0189,      0.0027,      0.2500,      0.2039,   7572.1504,-439308.3750,   -921.0048,    541.1235,  25240.5020,
       1,     166,     350,      16,       1,       3,       1,     10.0000,      1.3857,     42.3770,    244.6669,     61.5739,      3.4953,      0.1181,      0.0857,     42.9781,      0.1793,      5.4952,     10.9904,      1.5846,     27.7604,     55.5209,      0.0189,      0.0036,      0.1476,      0.2039,   7572.1509,-484953.5312,   -930.7042,    538.0362,  25240.5000,
       1,     166,     350,      17,       1,       3,       1,     10.0000,      1.3857,     42.3770,    244.6669,     61.5739,      3.4953,      0.0103,     -0.0214,      4.3753,      0.1591,      5.4952,     10.9904,      1.4058,     27.7604,     55.5209,      0.0189,      0.0035,      0.0156,      0.2038,   7572.1504,-475643.0938,   -929.7056,    538.6711,  25240.5000,
       1,     166,     350,      18,       1,       3,       1,     10.0000,      1.3857,     42.3770,    244.6669,     61.5739,      3.4953,      0.0085,     -0.0224,      4.6408,      0.1378,      5.4952,     10.9904,      1.2173,     27.7604,     55.5209,      0.0189,      0.0037,      0.0156,      0.2038,   7572.1504,-426662.6562,   -920.9453,    541.9696,  25240.5000,
       1,     166,     350,      19,       1,       3,       1,     10.0000,      1.3857,     42.3770,    244.6669,     61.5739,      3.4953,      0.0052,     -0.0252,      4.0180,      0.1257,      5.4952,     10.9904,      1.1111,     27.7604,     55.5209,      0.0189,      0.0032,      0.0156,      0.2039,   7572.1504,-422889.9688,   -920.5538,    542.2352,  25240.5000,
       1,     166,     350,      20,       1,       3,       1,     10.0000,      1.3857,     42.3770,    244.6669,     61.5739,      3.4953,      0.0006,     -0.0297,      4.2175,      0.1220,      5.4952,     10.9904,      1.0776,     27.7604,     55.5209,      0.0189,      0.0034,      0.0156,      0.2039,   7572.1504,-421781.8438,   -920.6028,    542.3105,  25240.4980,
       1,     166,     350,      21,       1,       3,       1,     10.0000,      1.3857,     42.3770,    244.6669,     61.5739,      3.4953,      0.0000,     -0.0303,      4.1706,      0.1228,      5.4952,     10.9904,      1.0853,     27.7604,     55.5209,      0.0189,      0.0033,      0.0156,      0.2039,   7572.1499,-421937.0312,   -920.8474,    542.2999,  25240.5000,
       1,     166,     350,      22,       1,       3,       1,     10.0000,      1.3857,     42.3770,    244.6669,     61.5739,      3.4953,      0.0000,     -0.0303,      2.8428,      0.1230,      5.4952,     10.9904,      1.0865,     27.7604,     55.5209,      0.0189,      0.0023,      0.0156,      0.2039,   7572.1504,-421891.5000,   -919.5308,    542.3030,  25240.5000,
       1,     166,     350,      23,       1,       3,       1,     10.0000,      1.3857,     42.3770,    244.6669,     61.5739,      3.4953,      0.0000,     -0.0304,      1.5776,      0.1242,      5.4952,     10.9904,      1.0976,     27.7604,     55.5209,      0.0189,      0.0013,      0.0156,      0.2039,   7572.1504,-420231.5000,   -919.3669,    542.4155,  25240.4980,
       1,     166,     350,      24,       1,       3,       1,     10.0000,      1.3857,     42.3770,    244.6669,     61.5739,      3.4953,      0.0000,     -0.0304,      0.7383,      0.1257,      5.4952,     10.9904,      1.1111,     27.7604,     55.5209,      0.0189,      0.0006,      0.0156,      0.2039,   7572.1499,-418513.4375,   -919.1310,    542.5320,  25240.5000,
       1,     166,     351,       1,       1,       3,       1,     10.0000,      1.3857,     42.3774,    244.6726,     61.5754,      3.4953,      0.0000,     -0.0304,      0.5268,      0.1252,      5.4957,     10.9914,      1.1066,     27.7527,     55.5054,      0.0189,      0.0004,      0.0156,      0.2039,   7572.1504,-417475.0938,   -919.2286,    542.6152,  25241.6172,
       1,     166,     351,       2,       1,       3,       1,     10.0000,      1.3857,     42.3774,    244.6726,     61.5754,      3.4953,      0.0000,     -0.0304,      0.4864,      0.1252,      5.4957,     10.9914,      1.1066,     27.7527,     55.5054,      0.0189,      0.0004,      0.0156,      0.2039,   7572.4854,-416972.4062,   -918.8972,    542.6493,  25241.6191,
       1,     166,     351,       3,       1,       3,       1,     10.0000,      1.3857,     42.3774,    244.6726,     61.5754,      3.4953,      0.0000,     -0.0304,      0.3538,      0.1246,      5.4957,     10.9914,      1.1010,     27.7527,     55.5054,      0.0189,      0.0003,      0.0156,      0.2039,   7572.4858,-416879.4062,   -918.8953,    542.6556,  25241.6191,
       1,     166,     351,       4,       1,       3,       1,     10.0000,      1.3857,     42.3774,    244.6726,     61.5754,      3.4953,      0.0000,     -0.0303,      0.3892,      0.1223,      5.4957,     10.9914,      1.0810,     27.7527,     55.5054,      0.0189,      0.0003,      0.0156,      0.2039,   7572.4858,-416706.1562,   -910.0998,    542.6674,  25241.6191,
       1,     166,     351,       5,       1,       3,       1,     10.0000,      1.3857,     42.3774,    244.6726,     61.5754,      3.4953,      0.0000,     -0.0302,      0.3725,      0.1193,      5.4957,     10.9914,      1.0537,     27.7527,     55.5054,      0.0189,      0.0003,      0.0156,      0.2039,   7572.4858,-416735.7188,   -910.1127,    542.6653,  25241.6211,
       1,     166,     351,       6,       1,       3,       1,     10.0000,      1.3857,     42.3774,    244.6726,     61.5754,      3.4953,      0.0000,     -0.0301,      0.4141,      0.1179,      5.4957,     10.9914,      1.0420,     27.7527,     55.5054,      0.0189,      0.0003,      0.0156,      0.2039,   7572.4868,-416717.1250,   -910.1064,    542.6666,  25241.6191,
       1,     166,     351,       7,       1,       3,       1,     10.0000,      1.3857,     42.3774,    244.6726,     61.5754,      3.4953,      0.0000,     -0.0301,      0.3934,      0.1165,      5.4957,     10.9914,      1.0293,     27.7527,     55.5054,      0.0189,      0.0003,      0.0156,      0.2039,   7572.4858,-416767.7812,   -910.1326,    542.6632,  25241.6211,
       1,     166,     351,       8,       1,       3,       1,     10.0000,      1.3857,     42.3774,    244.6726,     61.5754,      3.4953,      0.0032,     -0.0267,      0.3348,      0.1130,      5.4957,     10.9914,      0.9981,     27.7527,     55.5054,      0.0189,      0.0003,      0.0156,      0.2039,   7572.4868,-416745.8750,   -910.1420,    542.6647,  25241.6172,
       1,     166,     351,       9,       1,       3,       1,     10.0000,      1.3857,     42.3774,    244.6726,     61.5754,      3.4953,      0.0686,      0.0384,      1.5380,      0.1210,      5.4957,     10.9914,      1.0689,     27.7527,     55.5054,      0.0189,      0.0002,      0.0809,      0.2039,   7572.4854,-416671.4062,   -910.1492,    542.6698,  25241.6191,
       1,     166,     351,      10,       1,       3,       1,     10.0000,      1.3857,     42.3774,    244.6726,     61.5754,      3.4953,      0.1599,      0.1287,      4.9009,      0.1465,      5.4957,     10.9914,      1.2946,     27.7527,     55.5054,      0.0189,      0.0003,      0.2139,      0.2039,   7572.4858,-418165.2500,   -910.6271,    542.5684,  25241.6191,
       1,     166,     351,      11,       1,       3,       1,     10.0000,      1.3857,     42.3774,    244.6726,     61.5754,      3.4953,      0.1811,      0.1495,      6.0929,      0.1574,      5.4957,     10.9914,      1.3904,     27.7527,     55.5054,      0.0189,      0.0003,      0.2451,      0.2039,   7572.4858,-422485.5000,   -912.1938,    542.2754,  25241.6191,
       1,     166,     351,      12,       1,       3,       1,     10.0000,      1.3857,     42.3774,    244.6726,     61.5754,      3.4953,      0.1612,      0.1291,      5.8794,      0.1705,      5.4957,     10.9914,      1.5062,     27.7527,     55.5054,      0.0189,      0.0003,      0.2157,      0.2039,   7572.4858,-424337.6562,   -913.6318,    542.1500,  25241.6191,
       1,     166,     351,      13,       1,       3,       1,     10.0000,      1.3857,     42.3774,    244.6726,     61.5754,      3.4953,      0.1702,      0.1379,      6.5331,      0.1774,      5.4957,     10.9914,      1.5674,     27.7527,     55.5054,      0.0189,      0.0004,      0.2290,      0.2039,   7572.4858,-424227.9375,   -914.3040,    542.1574,  25241.6211,
       1,     166,     351,      14,       1,       3,       1,     10.0000,      1.3857,     42.3774,    244.6726,     61.5754,      3.4953,      0.1476,      0.1152,     11.9855,      0.1820,      5.4957,     10.9914,      1.6084,     27.7527,     55.5054,      0.0189,      0.0008,      0.1950,      0.2039,   7572.4868,-425033.6250,   -915.2167,    542.1028,  25241.6191,
       1,     166,     351,      15,       1,       3,       1,     10.0000,      1.3857,     42.3774,    244.6726,     61.5754,      3.4953,      0.1655,      0.1331,     36.3337,      0.1835,      5.4957,     10.9914,      1.6213,     27.7527,     55.5054,      0.0189,      0.0021,      0.2187,      0.2039,   7572.4858,-431902.1250,   -917.0128,    541.6374,  25241.6191,
       1,     166,     351,      16,       1,       3,       1,     10.0000,      1.3857,     42.3774,    244.6726,     61.5754,      3.4953,      0.1804,      0.1479,     47.2771,      0.1857,      5.4957,     10.9914,      1.6407,     27.7527,     55.5054,      0.0189,      0.0025,      0.2394,      0.2039,   7572.4858,-462852.5625,   -923.6533,    539.5420,  25241.6211,
       1,     166,     351,      17,       1,       3,       1,     10.0000,      1.3857,     42.3774,    244.6726,     61.5754,      3.4953,      0.1659,      0.1335,     52.1333,      0.1817,      5.4957,     10.9914,      1.6052,     27.7527,     55.5054,      0.0189,      0.0030,      0.2173,      0.2039,   7572.4868,-479133.9375,   -927.9212,    538.4481,  25241.6191,
       1,     166,     351,      18,       1,       3,       1,     10.0000,      1.3857,     42.3774,    244.6726,     61.5754,      3.4953,      0.1294,      0.0975,     44.4059,      0.1684,      5.4957,     10.9914,      1.4883,     27.7527,     55.5054,      0.0189,      0.0034,      0.1643,      0.2039,   7572.4858,-486566.8750,   -930.3710,    537.9489,  25241.6191,
       1,     166,     351,      19,       1,       3,       1,     10.0000,      1.3857,     42.3774,    244.6726,     61.5754,      3.4953,      0.0396,      0.0081,      9.5648,      0.1558,      5.4957,     10.9914,      1.3765,     27.7527,     55.5054,      0.0189,      0.0033,      0.0362,      0.2038,   7572.4858,-477546.6562,   -929.5102,    538.5557,  25241.6172,
       1,     166,     351,      20,       1,       3,       1,     10.0000,      1.3857,     42.3774,    244.6726,     61.5754,      3.4953,      0.0010,     -0.0300,      4.2642,      0.1417,      5.4957,     10.9914,      1.2523,     27.7527,     55.5054,      0.0189,      0.0034,      0.0156,      0.2039,   7572.4854,-433300.9375,   -921.7067,    541.5347,  25241.6191,
       1,     166,     351,      21,       1,       3,       1,     10.0000,      1.3857,     42.3774,    244.6726,     61.5754,      3.4953,      0.0000,     -0.0309,      4.4895,      0.1375,      5.4957,     10.9914,      1.2149,     27.7527,     55.5054,      0.0189,      0.0036,      0.0156,      0.2039,   7572.4858,-422980.5312,   -920.0755,    542.2415,  25241.6172,
       1,     166,     351,      22,       1,       3,       1,     10.0000,      1.3857,     42.3774,    244.6726,     61.5754,      3.4953,      0.0000,     -0.0308,      4.4126,      0.1357,      5.4957,     10.9914,      1.1990,     27.7527,     55.5054,      0.0189,      0.0035,      0.0156,      0.2039,   7572.4854,-422380.3125,   -920.2217,    542.2826,  25241.6191,
       1,     166,     351,      23,       1,       3,       1,     10.0000,      1.3857,     42.3774,    244.6726,     61.5754,      3.4953,      0.0000,     -0.0308,      3.9043,      0.1351,      5.4957,     10.9914,      1.1941,     27.7527,     55.5054,      0.0189,      0.0031,      0.0156,      0.2039,   7572.4858,-422233.0312,   -920.3964,    542.2926,  25241.6191,
       1,     166,     351,      24,       1,       3,       1,     10.0000,      1.3857,     42.3774,    244.6726,     61.5754,      3.4953,      0.0000,     -0.0306,      3.0452,      0.1299,      5.4957,     10.9914,      1.1478,     27.7527,     55.5054,      0.0189,      0.0024,      0.0156,      0.2039,   7572.4858,-421586.7188,   -920.4375,    542.3364,  25241.6191,
       1,     166,     352,       1,       1,       3,       1,     10.0000,      1.3857,     42.3777,    244.6783,     61.5768,      3.4953,      0.0000,     -0.0306,      2.0816,      0.1292,      5.4952,     10.9904,      1.1420,     27.7532,     55.5064,      0.0189,      0.0017,      0.0156,      0.2039,   7572.4858,-420614.5625,   -911.8060,    542.4150,  25242.7402,
       1,     166,     352,       2,       1,       3,       1,     10.0000,      1.3857,     42.3777,    244.6783,     61.5768,      3.4953,      0.0000,     -0.0304,      1.0124,      0.1246,      5.4952,     10.9904,      1.1010,     27.7532,     55.5064,      0.0189,      0.0008,      0.0156,      0.2039,   7572.8223,-419179.4062,   -911.5901,    542.5123,  25242.7402,
       1,     166,     352,       3,       1,       3,       1,     10.0000,      1.3857,     42.3777,    244.6783,     61.5768,      3.4953,      0.0000,     -0.0302,      0.6573,      0.1210,      5.4952,     10.9904,      1.0689,     27.7532,     55.5064,      0.0189,      0.0005,      0.0156,      0.2039,   7572.8223,-417724.8438,   -911.4194,    542.6110,  25242.7402,
       1,     166,     352,       4,       1,       3,       1,     10.0000,      1.3857,     42.3777,    244.6783,     61.5768,      3.4953,      0.0000,     -0.0302,      0.6719,      0.1201,      5.4952,     10.9904,      1.0613,     27.7532,     55.5064,      0.0189,      0.0005,      0.0156,      0.2039,   7572.8223,-417158.9062,   -911.3718,    542.6493,  25242.7402,
       1,     166,     352,       5,       1,       3,       1,     10.0000,      1.3857,     42.3777,    244.6783,     61.5768,      3.4953,      0.0000,     -0.0301,      0.6444,      0.1166,      5.4952,     10.9904,      1.0303,     27.7532,     55.5064,      0.0189,      0.0005,      0.0156,      0.2039,   7572.8223,-417129.4688,   -911.4203,    542.6513,  25242.7422,
       1,     166,     352,       6,       1,       3,       1,     10.0000,      1.3857,     42.3777,    244.6783,     61.5768,      3.4953,      0.0000,     -0.0301,      0.6615,      0.1164,      5.4952,     10.9904,      1.0282,     27.7532,     55.5064,      0.0189,      0.0005,      0.0156,      0.2039,   7572.8228,-417092.4375,   -911.4536,    542.6539,  25242.7402,
       1,     166,     352,       7,       1,       3,       1,     10.0000,      1.3857,     42.3777,    244.6783,     61.5768,      3.4953,      0.0000,     -0.0302,      0.6521,      0.1208,      5.4952,     10.9904,      1.0678,     27.7532,     55.5064,      0.0189,      0.0005,      0.0156,      0.2039,   7572.8223,-417110.6875,   -910.2130,    542.6526,  25242.7383,
       1,     166,     352,       8,       1,       3,       1,     10.0000,      1.3857,     42.3777,    244.6783,     61.5768,      3.4953,      0.0003,     -0.0300,      0.6150,      0.1220,      5.4952,     10.9904,      1.0777,     27.7532,     55.5064,      0.0189,      0.0005,      0.0156,      0.2039,   7572.8218,-417100.8125,   -910.2661,    542.6534,  25242.7383,
       1,     166,     352,       9,       1,       3,       1,     10.0000,      1.3857,     42.3777,    244.6783,     61.5768,      3.4953,      0.0080,     -0.0224,      0.6273,      0.1249,      5.4952,     10.9904,      1.1032,     27.7532,     55.5064,      0.0189,      0.0005,      0.0156,      0.2039,   7572.8218,-417053.5312,   -910.2971,    542.6566,  25242.7402,
       1,     166,     352,      10,       1,       3,       1,     10.0000,      1.3857,     42.3777,    244.6783,     61.5768,      3.4953,      0.0750,      0.0440,      2.9507,      0.1400,      5.4952,     10.9904,      1.2372,     27.7532,     55.5064,      0.0189,      0.0004,      0.0895,      0.2039,   7572.8223,-417064.8125,   -910.3660,    542.6558,  25242.7383,
       1,     166,     352,      11,       1,       3,       1,     10.0000,      1.3857,     42.3777,    244.6783,     61.5768,      3.4953,      0.1580,      0.1259,      7.5912,      0.1713,      5.4952,     10.9904,      1.5137,     27.7532,     55.5064,      0.0189,      0.0004,      0.2108,      0.2039,   7572.8218,-419962.9062,   -911.2079,    542.4592,  25242.7402,
       1,     166,     352,      12,       1,       3,       1,     10.0000,      1.3857,     42.3777,    244.6783,     61.5768,      3.4953,      0.1846,      0.1524,      9.4211,      0.1765,      5.4952,     10.9904,      1.5597,     27.7532,     55.5064,      0.0189,      0.0005,      0.2500,      0.2039,   7572.8223,-425994.5000,   -913.1157,    542.0502,  25242.7383,
       1,     166,     352,      13,       1,       3,       1,     10.0000,      1.3857,     42.3777,    244.6783,     61.5768,      3.4953,      0.1848,      0.1521,     12.4402,      0.1917,      5.4952,     10.9904,      1.6935,     27.7532,     55.5064,      0.0189,      0.0006,      0.2500,      0.2039,   7572.8218,-428786.9062,   -914.6504,    541.8612,  25242.7402,
       1,     166,     352,      14,       1,       3,       1,     10.0000,      1.3857,     42.3777,    244.6783,     61.5768,      3.4953,      0.1756,      0.1428,      9.7829,      0.1961,      5.4952,     10.9904,      1.7325,     27.7532,     55.5064,      0.0189,      0.0005,      0.2367,      0.2039,   7572.8223,-432787.8438,   -916.5427,    541.5902,  25242.7383,
       1,     166,     352,      15,       1,       3,       1,     10.0000,      1.3857,     42.3777,    244.6783,     61.5768,      3.4953,      0.1599,      0.1269,     14.0338,      0.1996,      5.4952,     10.9904,      1.7636,     27.7532,     55.5064,      0.0189,      0.0008,      0.2129,      0.2039,   7572.8218,-429812.0312,   -916.7836,    541.7917,  25242.7422,
       1,     166,     352,      16,       1,       3,       1,     10.0000,      1.3857,     42.3777,    244.6783,     61.5768,      3.4953,      0.1540,      0.1214,     45.7285,      0.1868,      5.4952,     10.9904,      1.6505,     27.7532,     55.5064,      0.0189,      0.0028,      0.2004,      0.2039,   7572.8228,-434861.7188,   -918.3928,    541.4498,  25242.7383,
       1,     166,     352,      17,       1,       3,       1,     10.0000,      1.3857,     42.3777,    244.6783,     61.5768,      3.4953,      0.1170,      0.0848,     45.5948,      0.1756,      5.4952,     10.9904,      1.5519,     27.7532,     55.5064,      0.0189,      0.0039,      0.1458,      0.2039,   7572.8218,-474818.8438,   -926.7103,    538.7455,  25242.7422,
       1,     166,     352,      18,       1,       3,       1,     10.0000,      1.3857,     42.3777,    244.6783,     61.5768,      3.4953,      0.0607,      0.0287,     26.3386,      0.1681,      5.4952,     10.9904,      1.4853,     27.7532,     55.5064,      0.0189,      0.0051,      0.0650,      0.2039,   7572.8228,-478044.6562,   -928.1954,    538.5350,  25242.7402,
       1,     166,     352,      19,       1,       3,       1,     10.0000,      1.3857,     42.3777,    244.6783,     61.5768,      3.4953,      0.0623,      0.0308,     29.0207,      0.1566,      5.4952,     10.9904,      1.3835,     27.7532,     55.5064,      0.0189,      0.0054,      0.0674,      0.2039,   7572.8223,-454276.8438,   -924.5687,    540.1351,  25242.7402,
       1,     166,     352,      20,       1,       3,       1,     10.0000,      1.3857,     42.3777,    244.6783,     61.5768,      3.4953,      0.0043,     -0.0265,      7.3326,      0.1356,      5.4952,     10.9904,      1.1978,     27.7532,     55.5064,      0.0189,      0.0059,      0.0156,      0.2039,   7572.8223,-455625.7500,   -923.5791,    540.0464,  25242.7383,
       1,     166,     352,      21,       1,       3,       1,     10.0000,      1.3857,     42.3777,    244.6783,     61.5768,      3.4953,      0.0000,     -0.0305,      6.0905,      0.1264,      5.4952,     10.9904,      1.1168,     27.7532,     55.5064,      0.0189,      0.0049,      0.0156,      0.2039,   7572.8218,-428679.0938,   -913.1597,    541.8654,  25242.7402,
       1,     166,     352,      22,       1,       3,       1,     10.0000,      1.3857,     42.3777,    244.6783,     61.5768,      3.4953,      0.0000,     -0.0304,      4.3814,      0.1254,      5.4952,     10.9904,      1.1077,     27.7532,     55.5064,      0.0189,      0.0035,      0.0156,      0.2039,   7572.8223,-424863.7500,   -912.2900,    542.1269,  25242.7402,
       1,     166,     352,      23,       1,       3,       1,     10.0000,      1.3857,     42.3777,    244.6783,     61.5768,      3.4953,      0.0000,     -0.0306,      4.0460,      0.1302,      5.4952,     10.9904,      1.1502,     27.7532,     55.5064,      0.0189,      0.0032,      0.0156,      0.2039,   7572.8223,-422406.4375,   -911.7258,    542.2935,  25242.7402,
       1,     166,     352,      24,       1,       3,       1,     10.0000,      1.3857,     42.3777,    244.6783,     61.5768,      3.4953,      0.0000,     -0.0307,      3.3541,      0.1334,      5.4952,     10.9904,      1.1785,     27.7532,     55.5064,      0.0189,      0.0027,      0.0156,      0.2039,   7572.8223,-421780.4062,   -912.0968,    542.3359,  25242.7402,
       1,     166,     353,       1,       1,       3,       1,     10.0000,      1.3857,     42.3780,    244.6841,     61.5783,      3.4953,      0.0000,     -0.0308,      0.9831,      0.1345,      5.4962,     10.9925,      1.1882,     27.7481,     55.4961,      0.0189,      0.0008,      0.0156,      0.2040,   7572.8223,-421018.7812,   -912.6279,    542.4004,  25243.8652,
       1,     166,     353,       2,       1,       3,       1,     10.0000,      1.3857,     42.3780,    244.6841,     61.5783,      3.4953,      0.0000,     -0.0309,      0.4460,      0.1369,      5.4962,     10.9925,      1.2100,     27.7481,     55.4961,      0.0189,      0.0004,      0.0156,      0.2040,   7573.1597,-417846.0625,   -911.8953,    542.6154,  25243.8633,
       1,     166,     353,       3,       1,       3,       1,     10.0000,      1.3857,     42.3780,    244.6841,     61.5783,      3.4953,      0.0000,     -0.0308,      0.6335,      0.1362,      5.4962,     10.9925,      1.2039,     27.7481,     55.4961,      0.0189,      0.0005,      0.0156,      0.2040,   7573.1592,-416908.8750,   -911.7431,    542.6791,  25243.8633,
       1,     166,     353,       4,       1,       3,       1,     10.0000,      1.3857,     42.3780,    244.6841,     61.5783,      3.4953,      0.0000,     -0.0308,      0.8417,      0.1354,      5.4962,     10.9925,      1.1966,     27.7481,     55.4961,      0.0189,      0.0007,      0.0156,      0.2040,   7573.1592,-417063.2500,   -911.8123,    542.6686,  25243.8633,
       1,     166,     353,       5,       1,       3,       1,     10.0000,      1.3857,     42.3780,    244.6841,     61.5783,      3.4953,      0.0000,     -0.0307,      0.7119,      0.1320,      5.4962,     10.9925,      1.1667,     27.7481,     55.4961,      0.0189,      0.0006,      0.0156,      0.2040,   7573.1592,-417335.8125,   -911.9316,    542.6501,  25243.8633,
       1,     166,     353,       6,       1,       3,       1,     10.0000,      1.3857,     42.3780,    244.6841,     61.5783,      3.4953,      0.0000,     -0.0306,      0.6601,      0.1291,      5.4962,     10.9925,      1.1409,     27.7481,     55.4961,      0.0189,      0.0005,      0.0156,      0.2040,   7573.1592,-417197.1250,   -911.9529,    542.6595,  25243.8633,
       1,     166,     353,       7,       1,       3,       1,     10.0000,      1.3857,     42.3780,    244.6841,     61.5783,      3.4953,      0.0000,     -0.0304,      0.5064,      0.1236,      5.4962,     10.9925,      1.0921,     27.7481,     55.4961,      0.0189,      0.0004,      0.0156,      0.2040,   7573.1592,-417120.7188,   -911.9896,    542.6647,  25243.8652,
       1,     166,     353,       8,       1,       3,       1,     10.0000,      1.3857,     42.3780,    244.6841,     61.5783,      3.4953,      0.0009,     -0.0293,      0.3993,      0.1218,      5.4962,     10.9925,      1.0766,     27.7481,     55.4961,      0.0189,      0.0003,      0.0156,      0.2040,   7573.1597,-416922.3125,   -911.9850,    542.6782,  25243.8613,
       1,     166,     353,       9,       1,       3,       1,     10.0000,      1.3857,     42.3780,    244.6841,     61.5783,      3.4953,      0.0518,      0.0211,      1.6191,      0.1327,      5.4962,     10.9925,      1.1726,     27.7481,     55.4961,      0.0189,      0.0004,      0.0559,      0.2040,   7573.1587,-416772.5000,   -911.9780,    542.6883,  25243.8613,
       1,     166,     353,      10,       1,       3,       1,     10.0000,      1.3857,     42.3780,    244.6841,     61.5783,      3.4953,      0.1460,      0.1144,      4.9399,      0.1572,      5.4962,     10.9925,      1.3891,     27.7481,     55.4961,      0.0189,      0.0003,      0.1935,      0.2040,   7573.1587,-418280.6562,   -912.3903,    542.5860,  25243.8633,
       1,     166,     353,      11,       1,       3,       1,     10.0000,      1.3857,     42.3780,    244.6841,     61.5783,      3.4953,      0.1841,      0.1517,      7.7268,      0.1804,      5.4962,     10.9925,      1.5942,     27.7481,     55.4961,      0.0189,      0.0004,      0.2494,      0.2040,   7573.1592,-422548.2500,   -913.8178,    542.2966,  25243.8633,
       1,     166,     353,      12,       1,       3,       1,     10.0000,      1.3857,     42.3780,    244.6841,     61.5783,      3.4953,      0.1847,      0.1518,     11.7700,      0.1978,      5.4962,     10.9925,      1.7480,     27.7481,     55.4961,      0.0189,      0.0006,      0.2500,      0.2040,   7573.1592,-426384.1875,   -915.8088,    542.0367,  25243.8633,
       1,     166,     353,      13,       1,       3,       1,     10.0000,      1.3857,     42.3780,    244.6841,     61.5783,      3.4953,      0.1850,      0.1517,     16.5945,      0.2099,      5.4962,     10.9925,      1.8545,     27.7481,     55.4961,      0.0189,      0.0008,      0.2500,      0.2040,   7573.1592,-431749.9375,   -918.2354,    541.6732,  25243.8652,
       1,     166,     353,      14,       1,       3,       1,     10.0000,      1.3857,     42.3780,    244.6841,     61.5783,      3.4953,      0.1851,      0.1523,     17.2252,      0.1955,      5.4962,     10.9925,      1.7274,     27.7481,     55.4961,      0.0189,      0.0009,      0.2500,      0.2039,   7573.1597,-438219.5312,   -920.8055,    541.2352,  25243.8633,
       1,     166,     353,      15,       1,       3,       1,     10.0000,      1.3857,     42.3780,    244.6841,     61.5783,      3.4953,      0.1866,      0.1541,     34.4896,      0.1842,      5.4962,     10.9925,      1.6278,     27.7481,     55.4961,      0.0189,      0.0017,      0.2500,      0.2039,   7573.1592,-439553.5000,   -917.6558,    541.1452,  25243.8633,
       1,     166,     353,      16,       1,       3,       1,     10.0000,      1.3857,     42.3780,    244.6841,     61.5783,      3.4953,      0.1888,      0.1567,     61.6433,      0.1717,      5.4962,     10.9925,      1.5168,     27.7481,     55.4961,      0.0189,      0.0031,      0.2500,      0.2039,   7573.1592,-461197.0625,   -919.9197,    539.6812,  25243.8633,
       1,     166,     353,      17,       1,       3,       1,     10.0000,      1.3857,     42.3780,    244.6841,     61.5783,      3.4953,      0.1818,      0.1494,     87.0015,      0.1828,      5.4962,     10.9925,      1.6149,     27.7481,     55.4961,      0.0189,      0.0046,      0.2368,      0.2039,   7573.1592,-496905.2500,   -928.2517,    537.2742,  25243.8633,
       1,     166,     353,      18,       1,       3,       1,     10.0000,      1.3857,     42.3780,    244.6841,     61.5783,      3.4953,      0.1582,      0.1257,     84.0722,      0.1872,      5.4962,     10.9925,      1.6538,     27.7481,     55.4961,      0.0189,      0.0052,      0.2023,      0.2039,   7573.1592,-531582.6250,   -936.4745,    534.9508,  25243.8633,
       1,     166,     353,      19,       1,       3,       1,     10.0000,      1.3857,     42.3780,    244.6841,     61.5783,      3.4953,      0.0822,      0.0501,     30.7843,      0.1701,      5.4962,     10.9925,      1.5033,     27.7481,     55.4961,      0.0189,      0.0040,      0.0961,      0.2038,   7573.1592,-530853.5625,   -937.9492,    535.0044,  25243.8633,
       1,     166,     353,      20,       1,       3,       1,     10.0000,      1.3857,     42.3780,    244.6841,     61.5783,      3.4953,      0.0046,     -0.0268,      3.5806,      0.1507,      5.4962,     10.9925,      1.3317,     27.7481,     55.4961,      0.0189,      0.0029,      0.0156,      0.2038,   7573.1592,-464235.5625,   -926.4395,    539.4596,  25243.8633,
       1,     166,     353,      21,       1,       3,       1,     10.0000,      1.3857,     42.3780,    244.6841,     61.5783,      3.4953,      0.0000,     -0.0311,      3.3322,      0.1443,      5.4962,     10.9925,      1.2753,     27.7481,     55.4961,      0.0189,      0.0027,      0.0156,      0.2039,   7573.1592,-424744.9688,   -919.4498,    542.1412,  25243.8633,
       1,     166,     353,      22,       1,       3,       1,     10.0000,      1.3857,     42.3780,    244.6841,     61.5783,      3.4953,      0.0000,     -0.0309,      5.0356,      0.1372,      5.4962,     10.9925,      1.2125,     27.7481,     55.4961,      0.0189,      0.0040,      0.0156,      0.2040,   7573.1592,-421098.5625,   -919.0452,    542.3950,  25243.8633,
       1,     166,     353,      23,       1,       3,       1,     10.0000,      1.3857,     42.3780,    244.6841,     61.5783,      3.4953,      0.0000,     -0.0306,      5.0874,      0.1291,      5.4962,     10.9925,      1.1409,     27.7481,     55.4961,      0.0189,      0.0041,      0.0156,      0.2040,   7573.1592,-422906.0312,   -919.7842,    542.2725,  25243.8633,
       1,     166,     353,      24,       1,       3,       1,     10.0000,      1.3857,     42.3780,    244.6841,     61.5783,      3.4953,      0.0000,     -0.0307,      4.5338,      0.1314,      5.4962,     10.9925,      1.1608,     27.7481,     55.4961,      0.0189,      0.0036,      0.0156,      0.2040,   7573.1592,-423123.3750,   -920.1449,    542.2577,  25243.8633,
       1,     166,     354,       1,       1,       3,       1,     10.0000,      1.3857,     42.3783,    244.6898,     61.5797,      3.4953,      0.0000,     -0.0306,      4.6029,      0.1308,      5.4953,     10.9906,      1.1561,     27.7525,     55.5049,      0.0189,      0.0037,      0.0156,      0.2040,   7573.1592,-422604.8438,   -920.6353,    542.3054,  25244.9844,
       1,     166,     354,       2,       1,       3,       1,     10.0000,      1.3857,     42.3783,    244.6898,     61.5797,      3.4953,      0.0000,     -0.0306,      3.0049,      0.1290,      5.4953,     10.9906,      1.1398,     27.7525,     55.5049,      0.0189,      0.0024,      0.0156,      0.2040,   7573.4956,-422495.8750,   -920.6589,    542.3128,  25244.9844,
       1,     166,     354,       3,       1,       3,       1,     10.0000,      1.3857,     42.3783,    244.6898,     61.5797,      3.4953,      0.0000,     -0.0307,      2.1397,      0.1319,      5.4953,     10.9906,      1.1655,     27.7525,     55.5049,      0.0189,      0.0017,      0.0156,      0.2040,   7573.4956,-420494.5000,   -920.4836,    542.4484,  25244.9844,
       1,     166,     354,       4,       1,       3,       1,     10.0000,      1.3857,     42.3783,    244.6898,     61.5797,      3.4953,      0.0000,     -0.0304,      1.3706,      0.1259,      5.4953,     10.9906,      1.1123,     27.7525,     55.5049,      0.0189,      0.0011,      0.0156,      0.2040,   7573.4956,-419246.7500,   -920.3890,    542.5331,  25244.9824,
       1,     166,     354,       5,       1,       3,       1,     10.0000,      1.3857,     42.3783,    244.6898,     61.5797,      3.4953,      0.0000,     -0.0303,      1.4237,      0.1216,      5.4953,     10.9906,      1.0744,     27.7525,     55.5049,      0.0189,      0.0011,      0.0156,      0.2040,   7573.4951,-418182.6875,   -920.2628,    542.6052,  25244.9863,
       1,     166,     354,       6,       1,       3,       1,     10.0000,      1.3857,     42.3783,    244.6898,     61.5797,      3.4953,      0.0000,     -0.0303,      1.5765,      0.1220,      5.4953,     10.9906,      1.0777,     27.7525,     55.5049,      0.0189,      0.0013,      0.0156,      0.2040,   7573.4961,-418158.5938,   -920.3331,    542.6069,  25244.9844,
       1,     166,     354,       7,       1,       3,       1,     10.0000,      1.3857,     42.3783,    244.6898,     61.5797,      3.4953,      0.0000,     -0.0301,      1.3860,      0.1176,      5.4953,     10.9906,      1.0388,     27.7525,     55.5049,      0.0189,      0.0011,      0.0156,      0.2040,   7573.4956,-418347.2812,   -920.4529,    542.5942,  25244.9863,
       1,     166,     354,       8,       1,       3,       1,     10.0000,      1.3857,     42.3783,    244.6898,     61.5797,      3.4953,      0.0025,     -0.0277,      1.3211,      0.1180,      5.4953,     10.9906,      1.0431,     27.7525,     55.5049,      0.0189,      0.0011,      0.0156,      0.2040,   7573.4961,-418125.2500,   -920.4685,    542.6091,  25244.9863,
       1,     166,     354,       9,       1,       3,       1,     10.0000,      1.3857,     42.3783,    244.6898,     61.5797,      3.4953,      0.0850,      0.0545,      4.6444,      0.1261,      5.4953,     10.9906,      1.1146,     27.7525,     55.5049,      0.0189,      0.0006,      0.1043,      0.2040,   7573.4961,-418025.7188,   -920.5236,    542.6159,  25244.9863,
       1,     166,     354,      10,       1,       3,       1,     10.0000,      1.3857,     42.3783,    244.6898,     61.5797,      3.4953,      0.1601,      0.1289,      8.4262,      0.1477,      5.4953,     10.9906,      1.3052,     27.7525,     55.5049,      0.0189,      0.0005,      0.2138,      0.2040,   7573.4961,-422160.2812,   -921.4468,    542.3354,  25244.9824,
       1,     166,     354,      11,       1,       3,       1,     10.0000,      1.3857,     42.3783,    244.6898,     61.5797,      3.4953,      0.1842,      0.1523,     10.6105,      0.1681,      5.4953,     10.9906,      1.4854,     27.7525,     55.5049,      0.0189,      0.0005,      0.2492,      0.2040,   7573.4951,-427225.3750,   -922.6781,    541.9922,  25244.9844,
       1,     166,     354,      12,       1,       3,       1,     10.0000,      1.3857,     42.3783,    244.6898,     61.5797,      3.4953,      0.1845,      0.1520,      8.1828,      0.1846,      5.4953,     10.9906,      1.6310,     27.7525,     55.5049,      0.0189,      0.0004,      0.2500,      0.2040,   7573.4956,-430376.5312,   -923.6584,    541.7788,  25244.9844,
       1,     166,     354,      13,       1,       3,       1,     10.0000,      1.3857,     42.3783,    244.6898,     61.5797,      3.4953,      0.1848,      0.1524,     16.4634,      0.1844,      5.4953,     10.9906,      1.6294,     27.7525,     55.5049,      0.0189,      0.0008,      0.2496,      0.2040,   7573.4956,-427615.8750,   -923.5904,    541.9658,  25244.9863,
       1,     166,     354,      14,       1,       3,       1,     10.0000,      1.3857,     42.3783,    244.6898,     61.5797,      3.4953,      0.1852,      0.1527,     17.4338,      0.1842,      5.4953,     10.9906,      1.6278,     27.7525,     55.5049,      0.0189,      0.0009,      0.2500,      0.2040,   7573.4961,-437706.7188,   -925.8816,    541.2822,  25244.9844,
       1,     166,     354,      15,       1,       3,       1,     10.0000,      1.3857,     42.3783,    244.6898,     61.5797,      3.4953,      0.1867,      0.1549,     35.2083,      0.1661,      5.4953,     10.9906,      1.4677,     27.7525,     55.5049,      0.0189,      0.0018,      0.2500,      0.2040,   7573.4956,-439770.5938,   -926.6992,    541.1429,  25244.9844,
       1,     166,     354,      16,       1,       3,       1,     10.0000,      1.3857,     42.3783,    244.6898,     61.5797,      3.4953,      0.1889,      0.1572,     61.5333,      0.1607,      5.4953,     10.9906,      1.4201,     27.7525,     55.5049,      0.0189,      0.0031,      0.2500,      0.2040,   7573.4956,-462109.3750,   -931.4737,    539.6320,  25244.9844,
       1,     166,     354,      17,       1,       3,       1,     10.0000,      1.3857,     42.3783,    244.6898,     61.5797,      3.4953,      0.1840,      0.1522,     77.8189,      0.1631,      5.4953,     10.9906,      1.4415,     27.7525,     55.5049,      0.0189,      0.0040,      0.2410,      0.2039,   7573.4956,-496839.2500,   -926.4702,    537.2914,  25244.9844,
       1,     166,     354,      18,       1,       3,       1,     10.0000,      1.3857,     42.3783,    244.6898,     61.5797,      3.4953,      0.1597,      0.1281,     63.7946,      0.1558,      5.4953,     10.9906,      1.3766,     27.7525,     55.5049,      0.0189,      0.0038,      0.2067,      0.2039,   7573.4956,-520105.3750,   -930.7604,    535.7339,  25244.8262,
       1,     166,     354,      19,       1,       3,       1,     10.0000,      1.3857,     42.3783,    244.6898,     61.5797,      3.4953,      0.0787,      0.0471,     29.9112,      0.1582,      5.4953,     10.9906,      1.3975,     27.7525,     55.5049,      0.0189,      0.0041,      0.0913,      0.2039,   7573.4482,-504575.1875,   -929.4937,    536.7761,  25244.9844,
       1,     166,     354,      20,       1,       3,       1,     10.0000,      1.3857,     42.3783,    244.6898,     61.5797,      3.4953,      0.0033,     -0.0281,      4.0684,      0.1501,      5.4953,     10.9906,      1.3264,     27.7525,     55.5049,      0.0189,      0.0032,      0.0156,      0.2039,   7573.4956,-460954.8750,   -922.4493,    539.7039,  25244.9863,
       1,     166,     354,      21,       1,       3,       1,     10.0000,      1.3857,     42.3783,    244.6898,     61.5797,      3.4953,      0.0000,     -0.0310,      2.8268,      0.1399,      5.4953,     10.9906,      1.2360,     27.7525,     55.5049,      0.0189,      0.0023,      0.0156,      0.2039,   7573.4961,-425067.1562,   -916.3752,    542.1331,  25244.9844,
       1,     166,     354,      22,       1,       3,       1,     10.0000,      1.3857,     42.3783,    244.6898,     61.5797,      3.4953,      0.0000,     -0.0310,      2.7528,      0.1395,      5.4953,     10.9906,      1.2323,     27.7525,     55.5049,      0.0189,      0.0022,      0.0156,      0.2040,   7573.4956,-420496.5000,   -915.8333,    542.4483,  25244.9844,
       1,     166,     354,      23,       1,       3,       1,     10.0000,      1.3857,     42.3783,    244.6898,     61.5797,      3.4953,      0.0000,     -0.0310,      2.4540,      0.1399,      5.4953,     10.9906,      1.2360,     27.7525,     55.5049,      0.0189,      0.0020,      0.0156,      0.2040,   7573.4956,-420011.3438,   -916.0275,    542.4813,  25244.9824,
       1,     166,     354,      24,       1,       3,       1,     10.0000,      1.3857,     42.3783,    244.6898,     61.5797,      3.4953,      0.0000,     -0.0309,      3.0457,      0.1376,      5.4953,     10.9906,      1.2162,     27.7525,     55.5049,      0.0189,      0.0024,      0.0156,      0.2040,   7573.4951,-419598.0312,   -916.1967,    542.5093,  25244.9844,
       1,     166,     355,       1,       1,       3,       1,     10.0000,      1.3858,     42.3787,    244.6955,     61.5811,      3.4953,      0.0000,     -0.0310,      3.2072,      0.1407,      5.4955,     10.9909,      1.2436,     27.7583,     55.5166,      0.0189,      0.0026,      0.0156,      0.2040,   7573.4956,-420454.0938,   -916.9146,    542.4639,  25246.1016,
       1,     166,     355,       2,       1,       3,       1,     10.0000,      1.3858,     42.3787,    244.6955,     61.5811,      3.4953,      0.0000,     -0.0310,      2.2283,      0.1406,      5.4955,     10.9909,      1.2423,     27.7583,     55.5166,      0.0189,      0.0018,      0.0156,      0.2040,   7573.8306,-420576.7188,   -914.6285,    542.4556,  25246.1016,
       1,     166,     355,       3,       1,       3,       1,     10.0000,      1.3858,     42.3787,    244.6955,     61.5811,      3.4953,      0.0000,     -0.0309,      2.0601,      0.1390,      5.4955,     10.9909,      1.2286,     27.7583,     55.5166,      0.0189,      0.0016,      0.0156,      0.2040,   7573.8306,-419366.8750,   -914.6658,    542.5376,  25246.0996,
       1,     166,     355,       4,       1,       3,       1,     10.0000,      1.3858,     42.3787,    244.6955,     61.5811,      3.4953,      0.0000,     -0.0309,      2.0654,      0.1371,      5.4955,     10.9909,      1.2113,     27.7583,     55.5166,      0.0189,      0.0016,      0.0156,      0.2040,   7573.8301,-419055.3438,   -914.8397,    542.5588,  25246.1016,
       1,     166,     355,       5,       1,       3,       1,     10.0000,      1.3858,     42.3787,    244.6955,     61.5811,      3.4953,      0.0000,     -0.0307,      1.5776,      0.1333,      5.4955,     10.9909,      1.1774,     27.7583,     55.5166,      0.0189,      0.0013,      0.0156,      0.2040,   7573.8306,-419035.2812,   -915.0658,    542.5602,  25246.1016,
       1,     166,     355,       6,       1,       3,       1,     10.0000,      1.3858,     42.3787,    244.6955,     61.5811,      3.4953,      0.0000,     -0.0307,      1.6779,      0.1318,      5.4955,     10.9909,      1.1644,     27.7583,     55.5166,      0.0189,      0.0013,      0.0156,      0.2040,   7573.8306,-418425.4688,   -915.1157,    542.6016,  25246.1016,
       1,     166,     355,       7,       1,       3,       1,     10.0000,      1.3858,     42.3787,    244.6955,     61.5811,      3.4953,      0.0000,     -0.0306,      1.9021,      0.1302,      5.4955,     10.9909,      1.1503,     27.7583,     55.5166,      0.0189,      0.0015,      0.0156,      0.2040,   7573.8306,-418498.9688,   -915.3025,    542.5966,  25246.1035,
       1,     166,     355,       8,       1,       3,       1,     10.0000,      1.3858,     42.3787,    244.6955,     61.5811,      3.4953,      0.0025,     -0.0281,      1.7512,      0.1281,      5.4955,     10.9909,      1.1317,     27.7583,     55.5166,      0.0189,      0.0014,      0.0156,      0.2040,   7573.8315,-418784.3438,   -915.5489,    542.5771,  25246.1016,
       1,     166,     355,       9,       1,       3,       1,     10.0000,      1.3858,     42.3787,    244.6955,     61.5811,      3.4953,      0.0901,      0.0595,     12.7228,      0.1308,      5.4955,     10.9909,      1.1561,     27.7583,     55.5166,      0.0189,      0.0014,      0.1108,      0.2040,   7573.8306,-418620.6562,   -910.6723,    542.5883,  25246.1016,
       1,     166,     355,      10,       1,       3,       1,     10.0000,      1.3858,     42.3787,    244.6955,     61.5811,      3.4953,      0.1607,      0.1296,     23.7047,      0.1433,      5.4955,     10.9909,      1.2664,     27.7583,     55.5166,      0.0189,      0.0014,      0.2128,      0.2040,   7573.8306,-432282.7812,   -913.6194,    541.6617,  25246.0996,
       1,     166,     355,      11,       1,       3,       1,     10.0000,      1.3858,     42.3787,    244.6955,     61.5811,      3.4953,      0.1823,      0.1505,     33.3277,      0.1635,      5.4955,     10.9909,      1.4445,     27.7583,     55.5166,      0.0189,      0.0017,      0.2436,      0.2040,   7573.8301,-447131.4688,   -917.1668,    540.6570,  25246.1016,
       1,     166,     355,      12,       1,       3,       1,     10.0000,      1.3858,     42.3787,    244.6955,     61.5811,      3.4953,      0.1862,      0.1540,     29.8481,      0.1770,      5.4955,     10.9909,      1.5644,     27.7583,     55.5166,      0.0189,      0.0015,      0.2500,      0.2040,   7573.8306,-460386.5312,   -920.8000,    539.7622,  25246.1016,
       1,     166,     355,      13,       1,       3,       1,     10.0000,      1.3858,     42.3787,    244.6955,     61.5811,      3.4953,      0.1856,      0.1532,     21.8212,      0.1826,      5.4955,     10.9909,      1.6134,     27.7583,     55.5166,      0.0189,      0.0011,      0.2500,      0.2040,   7573.8306,-457166.2500,   -921.3797,    539.9802,  25246.1016,
       1,     166,     355,      14,       1,       3,       1,     10.0000,      1.3858,     42.3787,    244.6955,     61.5811,      3.4953,      0.1856,      0.1533,     21.8466,      0.1788,      5.4955,     10.9909,      1.5801,     27.7583,     55.5166,      0.0189,      0.0011,      0.2500,      0.2040,   7573.8306,-446882.9375,   -920.6672,    540.6744,  25246.1035,
       1,     166,     355,      15,       1,       3,       1,     10.0000,      1.3858,     42.3787,    244.6955,     61.5811,      3.4953,      0.1872,      0.1546,     42.4139,      0.1866,      5.4955,     10.9909,      1.6490,     27.7583,     55.5166,      0.0189,      0.0021,      0.2500,      0.2040,   7573.8315,-446047.9688,   -921.5835,    540.7313,  25246.1016,
       1,     166,     355,      16,       1,       3,       1,     10.0000,      1.3858,     42.3787,    244.6955,     61.5811,      3.4953,      0.1833,      0.1505,     62.7417,      0.1953,      5.4955,     10.9909,      1.7258,     27.7583,     55.5166,      0.0189,      0.0032,      0.2420,      0.2040,   7573.8306,-471623.9375,   -925.3286,    539.0024,  25246.1016,
       1,     166,     355,      17,       1,       3,       1,     10.0000,      1.3858,     42.3787,    244.6955,     61.5811,      3.4953,      0.1811,      0.1490,     70.9061,      0.1727,      5.4955,     10.9909,      1.5260,     27.7583,     55.5166,      0.0189,      0.0037,      0.2375,      0.2040,   7573.8306,-499147.9688,   -931.8174,    537.1509,  25246.1016,
       1,     166,     355,      18,       1,       3,       1,     10.0000,      1.3858,     42.3787,    244.6955,     61.5811,      3.4953,      0.1594,      0.1284,     61.0207,      0.1397,      5.4955,     10.9909,      1.2348,     27.7583,     55.5166,      0.0189,      0.0037,      0.2065,      0.2039,   7573.8306,-511662.5312,   -933.3401,    536.3137,  25246.1016,
       1,     166,     355,      19,       1,       3,       1,     10.0000,      1.3858,     42.3787,    244.6955,     61.5811,      3.4953,      0.0634,      0.0321,     20.4813,      0.1495,      5.4955,     10.9909,      1.3211,     27.7583,     55.5166,      0.0189,      0.0036,      0.0702,      0.2039,   7573.8306,-500375.3438,   -926.7579,    537.0710,  25245.9766,
       1,     166,     355,      20,       1,       3,       1,     10.0000,      1.3858,     42.3787,    244.6955,     61.5811,      3.4953,      0.0030,     -0.0283,      4.6406,      0.1470,      5.4955,     10.9909,      1.2987,     27.7583,     55.5166,      0.0189,      0.0037,      0.0156,      0.2039,   7573.7935,-448848.3750,   -918.3325,    540.5308,  25246.1016,
       1,     166,     355,      21,       1,       3,       1,     10.0000,      1.3858,     42.3787,    244.6955,     61.5811,      3.4953,      0.0000,     -0.0311,      5.2977,      0.1423,      5.4955,     10.9909,      1.2574,     27.7583,     55.5166,      0.0189,      0.0042,      0.0156,      0.2040,   7573.8306,-424771.0312,   -914.5605,    542.1688,  25246.1016,
       1,     166,     355,      22,       1,       3,       1,     10.0000,      1.3858,     42.3787,    244.6955,     61.5811,      3.4953,      0.0000,     -0.0310,      3.8534,      0.1412,      5.4955,     10.9909,      1.2473,     27.7583,     55.5166,      0.0189,      0.0031,      0.0156,      0.2040,   7573.8306,-423550.5938,   -915.0107,    542.2540,  25246.1016,
       1,     166,     355,      23,       1,       3,       1,     10.0000,      1.3858,     42.3787,    244.6955,     61.5811,      3.4953,      0.0000,     -0.0309,      1.7985,      0.1386,      5.4955,     10.9909,      1.2249,     27.7583,     55.5166,      0.0189,      0.0014,      0.0156,      0.2040,   7573.8306,-421644.0625,   -915.1183,    542.3832,  25246.0996,
       1,     166,     355,      24,       1,       3,       1,     10.0000,      1.3858,     42.3787,    244.6955,     61.5811,      3.4953,      0.0000,     -0.0309,      2.8365,      0.1389,      5.4955,     10.9909,      1.2273,     27.7583,     55.5166,      0.0189,      0.0023,      0.0156,      0.2040,   7573.8301,-418921.7188,   -914.7999,    542.5678,  25246.1016,
       1,     166,     356,       1,       1,       3,       1,     10.0000,      1.3858,     42.3790,    244.7012,     61.5826,      3.4953,      0.0000,     -0.0309,      2.8674,      0.1365,      5.4954,     10.9909,      1.2064,     27.7636,     55.5272,      0.0189,      0.0023,      0.0156,      0.2040,   7573.8306,-420139.0000,   -915.5791,    542.4979,  25247.2207,
       1,     166,     356,       2,       1,       3,       1,     10.0000,      1.3858,     42.3790,    244.7012,     61.5826,      3.4953,      0.0000,     -0.0309,      2.2860,      0.1389,      5.4954,     10.9909,      1.2274,     27.7636,     55.5272,      0.0189,      0.0018,      0.0156,      0.2040,   7574.1665,-420129.4375,   -915.6095,    542.4985,  25247.2227,
       1,     166,     356,       3,       1,       3,       1,     10.0000,      1.3858,     42.3790,    244.7012,     61.5826,      3.4953,      0.0000,     -0.0309,      2.1092,      0.1389,      5.4954,     10.9909,      1.2274,     27.7636,     55.5272,      0.0189,      0.0017,      0.0156,      0.2040,   7574.1670,-419403.6875,   -915.6868,    542.5478,  25247.2227,
       1,     166,     356,       4,       1,       3,       1,     10.0000,      1.3858,     42.3790,    244.7012,     61.5826,      3.4953,      0.0000,     -0.0308,      1.6617,      0.1353,      5.4954,     10.9909,      1.1955,     27.7636,     55.5272,      0.0189,      0.0013,      0.0156,      0.2040,   7574.1670,-419121.9375,   -915.8156,    542.5670,  25247.2227,
       1,     166,     356,       5,       1,       3,       1,     10.0000,      1.3858,     42.3790,    244.7012,     61.5826,      3.4953,      0.0000,     -0.0306,      1.5037,      0.1299,      5.4954,     10.9909,      1.1480,     27.7636,     55.5272,      0.0189,      0.0012,      0.0156,      0.2040,   7574.1670,-418540.2500,   -910.6140,    542.6063,  25247.2227,
       1,     166,     356,       6,       1,       3,       1,     10.0000,      1.3858,     42.3790,    244.7012,     61.5826,      3.4953,      0.0000,     -0.0306,      1.2094,      0.1291,      5.4954,     10.9909,      1.1410,     27.7636,     55.5272,      0.0189,      0.0010,      0.0156,      0.2040,   7574.1670,-418294.3125,   -910.7350,    542.6230,  25247.2207,
       1,     166,     356,       7,       1,       3,       1,     10.0000,      1.3858,     42.3790,    244.7012,     61.5826,      3.4953,      0.0000,     -0.0304,      1.3746,      0.1249,      5.4954,     10.9909,      1.1033,     27.7636,     55.5272,      0.0189,      0.0011,      0.0156,      0.2040,   7574.1665,-417907.0312,   -910.7893,    542.6493,  25247.2207,
       1,     166,     356,       8,       1,       3,       1,     10.0000,      1.3858,     42.3790,    244.7012,     61.5826,      3.4953,      0.0025,     -0.0278,      1.1378,      0.1225,      5.4954,     10.9909,      1.0822,     27.7636,     55.5272,      0.0189,      0.0009,      0.0156,      0.2040,   7574.1665,-418080.2500,   -910.9334,    542.6376,  25247.2227,
       1,     166,     356,       9,       1,       3,       1,     10.0000,      1.3858,     42.3790,    244.7012,     61.5826,      3.4953,      0.0897,      0.0593,      5.8838,      0.1244,      5.4954,     10.9909,      1.0989,     27.7636,     55.5272,      0.0189,      0.0007,      0.1111,      0.2040,   7574.1670,-417799.2812,   -911.0009,    542.6566,  25247.2227,
       1,     166,     356,      10,       1,       3,       1,     10.0000,      1.3858,     42.3790,    244.7012,     61.5826,      3.4953,      0.1616,      0.1306,      6.4263,      0.1393,      5.4954,     10.9909,      1.2311,     27.7636,     55.5272,      0.0189,      0.0004,      0.2161,      0.2040,   7574.1670,-423690.7188,   -912.4164,    542.2570,  25247.2227,
       1,     166,     356,      11,       1,       3,       1,     10.0000,      1.3858,     42.3790,    244.7012,     61.5826,      3.4953,      0.1849,      0.1532,     10.7927,      0.1602,      5.4954,     10.9909,      1.4159,     27.7636,     55.5272,      0.0189,      0.0005,      0.2500,      0.2040,   7574.1670,-424865.2812,   -913.4149,    542.1776,  25247.2227,
       1,     166,     356,      12,       1,       3,       1,     10.0000,      1.3858,     42.3790,    244.7012,     61.5826,      3.4953,      0.1847,      0.1528,      9.9204,      0.1681,      5.4954,     10.9909,      1.4855,     27.7636,     55.5272,      0.0189,      0.0005,      0.2500,      0.2040,   7574.1670,-430406.7188,   -915.9141,    541.8019,  25247.2227,
       1,     166,     356,      13,       1,       3,       1,     10.0000,      1.3858,     42.3790,    244.7012,     61.5826,      3.4953,      0.1847,      0.1525,     10.5929,      0.1758,      5.4954,     10.9909,      1.5536,     27.7636,     55.5272,      0.0189,      0.0005,      0.2500,      0.2040,   7574.1670,-429788.1875,   -917.1099,    541.8440,  25247.2227,
       1,     166,     356,      14,       1,       3,       1,     10.0000,      1.3858,     42.3790,    244.7012,     61.5826,      3.4953,      0.1849,      0.1526,     12.7396,      0.1781,      5.4954,     10.9909,      1.5738,     27.7636,     55.5272,      0.0189,      0.0006,      0.2500,      0.2040,   7574.1670,-430573.9062,   -918.3865,    541.7907,  25247.2227,
       1,     166,     356,      15,       1,       3,       1,     10.0000,      1.3858,     42.3790,    244.7012,     61.5826,      3.4953,      0.1860,      0.1542,     25.8507,      0.1633,      5.4954,     10.9909,      1.4430,     27.7636,     55.5272,      0.0189,      0.0013,      0.2500,      0.2040,   7574.1670,-433316.3750,   -919.9037,    541.6050,  25247.2207,
       1,     166,     356,      16,       1,       3,       1,     10.0000,      1.3858,     42.3790,    244.7012,     61.5826,      3.4953,      0.1877,      0.1560,     46.2649,      0.1593,      5.4954,     10.9909,      1.4074,     27.7636,     55.5272,      0.0189,      0.0023,      0.2500,      0.2040,   7574.1665,-449892.6875,   -924.0054,    540.4828,  25247.2227,
       1,     166,     356,      17,       1,       3,       1,     10.0000,      1.3858,     42.3790,    244.7012,     61.5826,      3.4953,      0.1637,      0.1320,     47.0321,      0.1596,      5.4954,     10.9909,      1.4102,     27.7636,     55.5272,      0.0189,      0.0027,      0.2146,      0.2040,   7574.1670,-476749.6562,   -930.0620,    538.6696,  25247.2227,
       1,     166,     356,      18,       1,       3,       1,     10.0000,      1.3858,     42.3790,    244.7012,     61.5826,      3.4953,      0.1630,      0.1315,     54.4306,      0.1541,      5.4954,     10.9909,      1.3616,     27.7636,     55.5272,      0.0189,      0.0032,      0.2127,      0.2040,   7574.1670,-479979.5312,   -931.4569,    538.4551,  25247.2246,
       1,     166,     356,      19,       1,       3,       1,     10.0000,      1.3858,     42.3790,    244.7012,     61.5826,      3.4953,      0.0701,      0.0391,     20.4471,      0.1402,      5.4954,     10.9909,      1.2386,     27.7636,     55.5272,      0.0189,      0.0032,      0.0803,      0.2040,   7574.1675,-489477.0312,   -934.0289,    537.8159,  25247.2227,
       1,     166,     356,      20,       1,       3,       1,     10.0000,      1.3858,     42.3790,    244.7012,     61.5826,      3.4953,      0.0030,     -0.0276,      2.8162,      0.1302,      5.4954,     10.9909,      1.1503,     27.7636,     55.5272,      0.0189,      0.0022,      0.0156,      0.2040,   7574.1670,-447879.4375,   -926.6243,    540.6128,  25247.2227,
       1,     166,     356,      21,       1,       3,       1,     10.0000,      1.3858,     42.3790,    244.7012,     61.5826,      3.4953,      0.0000,     -0.0305,      2.5867,      0.1263,      5.4954,     10.9909,      1.1158,     27.7636,     55.5272,      0.0189,      0.0021,      0.0156,      0.2040,   7574.1670,-422412.0625,   -921.9907,    542.3410,  25247.2227,
       1,     166,     356,      22,       1,       3,       1,     10.0000,      1.3858,     42.3790,    244.7012,     61.5826,      3.4953,      0.0000,     -0.0303,      2.4160,      0.1225,      5.4954,     10.9909,      1.0822,     27.7636,     55.5272,      0.0189,      0.0019,      0.0156,      0.2040,   7574.1670,-419974.7500,   -921.6484,    542.5090,  25247.2207,
       1,     166,     356,      23,       1,       3,       1,     10.0000,      1.3858,     42.3790,    244.7012,     61.5826,      3.4953,      0.0000,     -0.0301,      1.9680,      0.1178,      5.4954,     10.9909,      1.0410,     27.7636,     55.5272,      0.0189,      0.0016,      0.0156,      0.2040,   7574.1665,-419552.9062,   -921.6823,    542.5377,  25247.2227,
       1,     166,     356,      24,       1,       3,       1,     10.0000,      1.3858,     42.3790,    244.7012,     61.5826,      3.4953,      0.0000,     -0.0300,      1.4244,      0.1159,      5.4954,     10.9909,      1.0241,     27.7636,     55.5272,      0.0189,      0.0011,      0.0156,      0.2040,   7574.1670,-418958.5000,   -921.6529,    542.5780,  25247.2207,
       1,     166,     357,       1,       1,       3,       1,     10.0000,      1.3858,     42.3793,    244.7069,     61.5840,      3.4953,      0.0000,     -0.0302,      1.2233,      0.1188,      5.4956,     10.9911,      1.0496,     27.7690,     55.5380,      0.0189,      0.0010,      0.0156,      0.2041,   7574.1665,-418385.2812,   -921.8578,    542.6295,  25248.3457,
       1,     166,     357,       2,       1,       3,       1,     10.0000,      1.3858,     42.3793,    244.7069,     61.5840,      3.4953,      0.0000,     -0.0301,      0.9869,      0.1178,      5.4956,     10.9911,      1.0410,     27.7690,     55.5380,      0.0189,      0.0008,      0.0156,      0.2041,   7574.5039,-417934.4062,   -921.5546,    542.6601,  25248.3438,
       1,     166,     357,       3,       1,       3,       1,     10.0000,      1.3858,     42.3793,    244.7069,     61.5840,      3.4953,      0.0000,     -0.0301,      0.8689,      0.1160,      5.4956,     10.9911,      1.0252,     27.7690,     55.5380,      0.0189,      0.0007,      0.0156,      0.2041,   7574.5034,-417601.9375,   -921.5189,    542.6827,  25248.3438,
       1,     166,     357,       4,       1,       3,       1,     10.0000,      1.3858,     42.3793,    244.7069,     61.5840,      3.4953,      0.0000,     -0.0302,      0.7990,      0.1191,      5.4956,     10.9911,      1.0528,     27.7690,     55.5380,      0.0189,      0.0006,      0.0156,      0.2041,   7574.5034,-417426.7500,   -921.5146,    542.6946,  25248.3457,
       1,     166,     357,       5,       1,       3,       1,     10.0000,      1.3858,     42.3793,    244.7069,     61.5840,      3.4953,      0.0000,     -0.0301,      0.7622,      0.1178,      5.4956,     10.9911,      1.0410,     27.7690,     55.5380,      0.0189,      0.0006,      0.0156,      0.2041,   7574.5039,-417324.6875,   -921.5206,    542.7014,  25248.3457,
       1,     166,     357,       6,       1,       3,       1,     10.0000,      1.3858,     42.3793,    244.7069,     61.5840,      3.4953,      0.0000,     -0.0301,      1.1116,      0.1166,      5.4956,     10.9911,      1.0304,     27.7690,     55.5380,      0.0189,      0.0009,      0.0156,      0.2041,   7574.5039,-417270.3750,   -921.5325,    542.7052,  25248.3457,
       1,     166,     357,       7,       1,       3,       1,     10.0000,      1.3858,     42.3793,    244.7069,     61.5840,      3.4953,      0.0000,     -0.0301,      0.9512,      0.1169,      5.4956,     10.9911,      1.0326,     27.7690,     55.5380,      0.0189,      0.0008,      0.0156,      0.2041,   7574.5039,-417700.9062,   -921.6497,    542.6759,  25248.3457,
       1,     166,     357,       8,       1,       3,       1,     10.0000,      1.3858,     42.3793,    244.7069,     61.5840,      3.4953,      0.0026,     -0.0276,      0.7124,      0.1179,      5.4956,     10.9911,      1.0421,     27.7690,     55.5380,      0.0189,      0.0006,      0.0156,      0.2041,   7574.5039,-417537.6250,   -921.6496,    542.6870,  25248.3457,
       1,     166,     357,       9,       1,       3,       1,     10.0000,      1.3858,     42.3793,    244.7069,     61.5840,      3.4953,      0.0998,      0.0694,      6.7154,      0.1247,      5.4956,     10.9911,      1.1022,     27.7690,     55.5380,      0.0189,      0.0007,      0.1257,      0.2041,   7574.5039,-417226.1250,   -921.6136,    542.7081,  25248.3457,
       1,     166,     357,      10,       1,       3,       1,     10.0000,      1.3858,     42.3793,    244.7069,     61.5840,      3.4953,      0.1608,      0.1296,     11.0427,      0.1459,      5.4956,     10.9911,      1.2896,     27.7690,     55.5380,      0.0189,      0.0006,      0.2145,      0.2041,   7574.5039,-424680.6562,   -923.1581,    542.2025,  25248.3477,
       1,     166,     357,      11,       1,       3,       1,     10.0000,      1.3858,     42.3793,    244.7069,     61.5840,      3.4953,      0.1850,      0.1532,     11.9463,      0.1610,      5.4956,     10.9911,      1.4230,     27.7690,     55.5380,      0.0189,      0.0006,      0.2500,      0.2041,   7574.5044,-430704.3125,   -924.6206,    541.7944,  25248.3457,
       1,     166,     357,      12,       1,       3,       1,     10.0000,      1.3858,     42.3793,    244.7069,     61.5840,      3.4953,      0.1853,      0.1531,     17.0321,      0.1732,      5.4956,     10.9911,      1.5306,     27.7690,     55.5380,      0.0189,      0.0008,      0.2500,      0.2041,   7574.5039,-432339.8125,   -925.3633,    541.6838,  25248.3457,
       1,     166,     357,      13,       1,       3,       1,     10.0000,      1.3858,     42.3793,    244.7069,     61.5840,      3.4953,      0.1853,      0.1533,     16.7897,      0.1696,      5.4956,     10.9911,      1.4989,     27.7690,     55.5380,      0.0189,      0.0008,      0.2500,      0.2040,   7574.5039,-438816.8438,   -927.0631,    541.2452,  25248.3457,
       1,     166,     357,      14,       1,       3,       1,     10.0000,      1.3858,     42.3793,    244.7069,     61.5840,      3.4953,      0.1855,      0.1537,     19.8312,      0.1651,      5.4956,     10.9911,      1.4590,     27.7690,     55.5380,      0.0189,      0.0010,      0.2500,      0.2040,   7574.5039,-439062.2188,   -927.5153,    541.2289,  25248.3438,
       1,     166,     357,      15,       1,       3,       1,     10.0000,      1.3858,     42.3793,    244.7069,     61.5840,      3.4953,      0.1873,      0.1552,     42.8848,      0.1732,      5.4956,     10.9911,      1.5306,     27.7690,     55.5380,      0.0189,      0.0021,      0.2500,      0.2040,   7574.5034,-442874.2500,   -928.5681,    540.9709,  25248.3438,
       1,     166,     357,      16,       1,       3,       1,     10.0000,      1.3858,     42.3793,    244.7069,     61.5840,      3.4953,      0.1885,      0.1561,     58.4296,      0.1815,      5.4956,     10.9911,      1.6039,     27.7690,     55.5380,      0.0189,      0.0029,      0.2500,      0.2040,   7574.5034,-471935.4375,   -934.5275,    539.0059,  25248.3438,
       1,     166,     357,      17,       1,       3,       1,     10.0000,      1.3858,     42.3793,    244.7069,     61.5840,      3.4953,      0.1830,      0.1511,     64.8088,      0.1666,      5.4956,     10.9911,      1.4722,     27.7690,     55.5380,      0.0189,      0.0033,      0.2410,      0.2040,   7574.5034,-493784.5000,   -939.1586,    537.5374,  25248.3457,
       1,     166,     357,      18,       1,       3,       1,     10.0000,      1.3858,     42.3793,    244.7069,     61.5840,      3.4953,      0.1603,      0.1282,     50.7773,      0.1713,      5.4956,     10.9911,      1.5139,     27.7690,     55.5380,      0.0189,      0.0030,      0.2091,      0.2040,   7574.5039,-503585.4688,   -941.4658,    536.8807,  25248.3457,
       1,     166,     357,      19,       1,       3,       1,     10.0000,      1.3858,     42.3793,    244.7069,     61.5840,      3.4953,      0.0835,      0.0518,     20.2836,      0.1599,      5.4956,     10.9911,      1.4131,     27.7690,     55.5380,      0.0189,      0.0025,      0.0995,      0.2040,   7574.5039,-486901.5625,   -938.5660,    538.0008,  25248.3438,
       1,     166,     357,      20,       1,       3,       1,     10.0000,      1.3858,     42.3793,    244.7069,     61.5840,      3.4953,      0.0037,     -0.0276,      3.3724,      0.1486,      5.4956,     10.9911,      1.3132,     27.7690,     55.5380,      0.0189,      0.0027,      0.0156,      0.2040,   7574.5034,-447460.9062,   -931.0837,    540.6544,  25248.3457,
       1,     166,     357,      21,       1,       3,       1,     10.0000,      1.3858,     42.3793,    244.7069,     61.5840,      3.4953,      0.0000,     -0.0311,      3.8354,      0.1419,      5.4956,     10.9911,      1.2537,     27.7690,     55.5380,      0.0189,      0.0031,      0.0156,      0.2040,   7574.5039,-423071.7812,   -926.3921,    542.3092,  25248.3457,
       1,     166,     357,      22,       1,       3,       1,     10.0000,      1.3858,     42.3793,    244.7069,     61.5840,      3.4953,      0.0000,     -0.0310,      2.8492,      0.1395,      5.4956,     10.9911,      1.2324,     27.7690,     55.5380,      0.0189,      0.0023,      0.0156,      0.2041,   7574.5039,-421588.9375,   -926.1205,    542.4123,  25248.3457,
       1,     166,     357,      23,       1,       3,       1,     10.0000,      1.3858,     42.3793,    244.7069,     61.5840,      3.4953,      0.0000,     -0.0310,      3.3071,      0.1396,      5.4956,     10.9911,      1.2336,     27.7690,     55.5380,      0.0189,      0.0026,      0.0156,      0.2041,   7574.5039,-420231.5000,   -925.8685,    542.5043,  25248.3457,
       1,     166,     357,      24,       1,       3,       1,     10.0000,      1.3858,     42.3793,    244.7069,     61.5840,      3.4953,      0.0000,     -0.0310,      2.7194,      0.1396,      5.4956,     10.9911,      1.2336,     27.7690,     55.5380,      0.0189,      0.0022,      0.0156,      0.2041,   7574.5039,-420687.4062,   -925.9677,    542.4734,  25248.3438,
       1,     166,     358,       1,       1,       3,       1,     10.0000,      1.3858,     42.3797,    244.7127,     61.5854,      3.4953,      0.0000,     -0.0310,      1.8878,      0.1415,      5.4955,     10.9910,      1.2499,     27.7754,     55.5508,      0.0189,      0.0015,      0.0156,      0.2041,   7574.5034,-420147.4062,   -926.1456,    542.5226,  25249.4688,
       1,     166,     358,       2,       1,       3,       1,     10.0000,      1.3858,     42.3797,    244.7127,     61.5854,      3.4953,      0.0000,     -0.0309,      1.3612,      0.1385,      5.4955,     10.9910,      1.2237,     27.7754,     55.5508,      0.0189,      0.0011,      0.0156,      0.2041,   7574.8408,-418914.0625,   -925.6447,    542.6063,  25249.4668,
       1,     166,     358,       3,       1,       3,       1,     10.0000,      1.3858,     42.3797,    244.7127,     61.5854,      3.4953,      0.0000,     -0.0308,      0.9568,      0.1360,      5.4955,     10.9910,      1.2016,     27.7754,     55.5508,      0.0189,      0.0008,      0.0156,      0.2041,   7574.8403,-418153.7188,   -925.5018,    542.6578,  25249.4668,
       1,     166,     358,       4,       1,       3,       1,     10.0000,      1.3858,     42.3797,    244.7127,     61.5854,      3.4953,      0.0000,     -0.0307,      0.7980,      0.1326,      5.4955,     10.9910,      1.1716,     27.7754,     55.5508,      0.0189,      0.0006,      0.0156,      0.2041,   7574.8403,-417585.5000,   -925.3944,    542.6964,  25249.4688,
       1,     166,     358,       5,       1,       3,       1,     10.0000,      1.3858,     42.3797,    244.7127,     61.5854,      3.4953,      0.0000,     -0.0306,      0.6673,      0.1297,      5.4955,     10.9910,      1.1457,     27.7754,     55.5508,      0.0189,      0.0005,      0.0156,      0.2041,   7574.8408,-417339.5000,   -925.3487,    542.7131,  25249.4648,
       1,     166,     358,       6,       1,       3,       1,     10.0000,      1.3858,     42.3797,    244.7127,     61.5854,      3.4953,      0.0000,     -0.0306,      0.5571,      0.1294,      5.4955,     10.9910,      1.1434,     27.7754,     55.5508,      0.0189,      0.0004,      0.0156,      0.2041,   7574.8398,-417156.1875,   -925.3160,    542.7255,  25249.4668,
       1,     166,     358,       7,       1,       3,       1,     10.0000,      1.3858,     42.3797,    244.7127,     61.5854,      3.4953,      0.0000,     -0.0306,      0.5290,      0.1283,      5.4955,     10.9910,      1.1341,     27.7754,     55.5508,      0.0189,      0.0004,      0.0156,      0.2041,   7574.8403,-417003.1875,   -925.2880,    542.7358,  25249.4668,
       1,     166,     358,       8,       1,       3,       1,     10.0000,      1.3858,     42.3797,    244.7127,     61.5854,      3.4953,      0.0023,     -0.0283,      0.5135,      0.1294,      5.4955,     10.9910,      1.1434,     27.7754,     55.5508,      0.0189,      0.0004,      0.0156,      0.2041,   7574.8403,-416955.2500,   -925.2806,    542.7391,  25249.4668,
       1,     166,     358,       9,       1,       3,       1,     10.0000,      1.3858,     42.3797,    244.7127,     61.5854,      3.4953,      0.0815,      0.0508,      2.8793,      0.1314,      5.4955,     10.9910,      1.1609,     27.7754,     55.5508,      0.0189,      0.0004,      0.0993,      0.2041,   7574.8403,-416931.9688,   -925.2779,    542.7407,  25249.4688,
       1,     166,     358,      10,       1,       3,       1,     10.0000,      1.3858,     42.3797,    244.7127,     61.5854,      3.4953,      0.1591,      0.1276,      7.5226,      0.1547,      5.4955,     10.9910,      1.3671,     27.7754,     55.5508,      0.0189,      0.0004,      0.2123,      0.2041,   7574.8408,-419877.6562,   -925.8530,    542.5408,  25249.4688,
       1,     166,     358,      11,       1,       3,       1,     10.0000,      1.3858,     42.3797,    244.7127,     61.5854,      3.4953,      0.1837,      0.1515,     10.2203,      0.1753,      5.4955,     10.9910,      1.5491,     27.7754,     55.5508,      0.0189,      0.0005,      0.2484,      0.2041,   7574.8408,-425912.5312,   -927.0314,    542.1316,  25249.4668,
       1,     166,     358,      12,       1,       3,       1,     10.0000,      1.3858,     42.3797,    244.7127,     61.5854,      3.4953,      0.1846,      0.1522,      9.4632,      0.1808,      5.4955,     10.9910,      1.5975,     27.7754,     55.5508,      0.0189,      0.0005,      0.2500,      0.2041,   7574.8403,-429784.9688,   -927.7760,    541.8693,  25249.4688,
       1,     166,     358,      13,       1,       3,       1,     10.0000,      1.3858,     42.3797,    244.7127,     61.5854,      3.4953,      0.1846,      0.1517,     10.8422,      0.1973,      5.4955,     10.9910,      1.7430,     27.7754,     55.5508,      0.0189,      0.0005,      0.2500,      0.2041,   7574.8408,-429168.3125,   -927.6439,    541.9112,  25249.4648,
       1,     166,     358,      14,       1,       3,       1,     10.0000,      1.3858,     42.3797,    244.7127,     61.5854,      3.4953,      0.1849,      0.1518,     14.4852,      0.2036,      5.4955,     10.9910,      1.7989,     27.7754,     55.5508,      0.0189,      0.0007,      0.2500,      0.2041,   7574.8398,-430835.0625,   -927.9199,    541.7982,  25249.4648,
       1,     166,     358,      15,       1,       3,       1,     10.0000,      1.3858,     42.3797,    244.7127,     61.5854,      3.4953,      0.1864,      0.1533,     34.5104,      0.2066,      5.4955,     10.9910,      1.8257,     27.7754,     55.5508,      0.0189,      0.0017,      0.2500,      0.2041,   7574.8398,-435516.1250,   -928.7849,    541.4812,  25249.4629,
       1,     166,     358,      16,       1,       3,       1,     10.0000,      1.3858,     42.3797,    244.7127,     61.5854,      3.4953,      0.1878,      0.1552,     50.9436,      0.1890,      5.4955,     10.9910,      1.6705,     27.7754,     55.5508,      0.0189,      0.0025,      0.2500,      0.2041,   7574.8394,-460870.2188,   -933.7686,    539.7652,  25249.4648,
       1,     166,     358,      17,       1,       3,       1,     10.0000,      1.3858,     42.3797,    244.7127,     61.5854,      3.4953,      0.1829,      0.1503,     61.5496,      0.1866,      5.4955,     10.9910,      1.6491,     27.7754,     55.5508,      0.0189,      0.0032,      0.2414,      0.2040,   7574.8398,-483506.8438,   -938.3137,    538.2407,  25249.4648,
       1,     166,     358,      18,       1,       3,       1,     10.0000,      1.3858,     42.3797,    244.7127,     61.5854,      3.4953,      0.1594,      0.1270,     65.5021,      0.1817,      5.4955,     10.9910,      1.6055,     27.7754,     55.5508,      0.0189,      0.0040,      0.2062,      0.2040,   7574.8398,-498645.9688,   -941.4745,    537.2242,  25249.4648,
       1,     166,     358,      19,       1,       3,       1,     10.0000,      1.3858,     42.3797,    244.7127,     61.5854,      3.4953,      0.0820,      0.0500,     34.8375,      0.1691,      5.4955,     10.9910,      1.4945,     27.7754,     55.5508,      0.0189,      0.0045,      0.0955,      0.2040,   7574.8398,-504852.2500,   -942.9301,    536.8085,  25249.4648,
       1,     166,     358,      20,       1,       3,       1,     10.0000,      1.3858,     42.3797,    244.7127,     61.5854,      3.4953,      0.0033,     -0.0283,      5.9862,      0.1552,      5.4955,     10.9910,      1.3712,     27.7754,     55.5508,      0.0189,      0.0048,      0.0156,      0.2040,   7574.8398,-467115.4062,   -935.6447,    539.3408,  25249.4629,
       1,     166,     358,      21,       1,       3,       1,     10.0000,      1.3858,     42.3797,    244.7127,     61.5854,      3.4953,      0.0000,     -0.0314,      4.7699,      0.1526,      5.4955,     10.9910,      1.3480,     27.7754,     55.5508,      0.0189,      0.0038,      0.0156,      0.2040,   7574.8394,-427980.6250,   -927.9313,    541.9852,  25249.4648,
       1,     166,     358,      22,       1,       3,       1,     10.0000,      1.3858,     42.3797,    244.7127,     61.5854,      3.4953,      0.0000,     -0.0314,      4.3838,      0.1506,      5.4955,     10.9910,      1.3305,     27.7754,     55.5508,      0.0189,      0.0035,      0.0156,      0.2041,   7574.8398,-423175.4688,   -926.9573,    542.3171,  25249.4648,
       1,     166,     358,      23,       1,       3,       1,     10.0000,      1.3858,     42.3797,    244.7127,     61.5854,      3.4953,      0.0000,     -0.0313,      4.1638,      0.1494,      5.4955,     10.9910,      1.3199,     27.7754,     55.5508,      0.0189,      0.0033,      0.0156,      0.2041,   7574.8398,-422280.5938,   -926.7538,    542.3779,  25249.4668,
       1,     166,     358,      24,       1,       3,       1,     10.0000,      1.3858,     42.3797,    244.7127,     61.5854,      3.4953,      0.0000,     -0.0314,      3.4833,      0.1506,      5.4955,     10.9910,      1.3305,     27.7754,     55.5508,      0.0189,      0.0028,      0.0156,      0.2041,   7574.8403,-421930.5625,   -926.6565,    542.4017,  25249.4648,
       1,     166,     359,       1,       1,       3,       1,     10.0000,      1.3859,     42.3800,    244.7184,     61.5869,      3.4953,      0.0000,     -0.0314,      2.1789,      0.1504,      5.4960,     10.9921,      1.3292,     27.7809,     55.5617,      0.0189,      0.0017,      0.0156,      0.2041,   7574.8398,-421206.9062,   -926.7625,    542.4634,  25250.5859,
       1,     166,     359,       2,       1,       3,       1,     10.0000,      1.3859,     42.3800,    244.7184,     61.5869,      3.4953,      0.0000,     -0.0314,      1.4851,      0.1523,      5.4960,     10.9921,      1.3453,     27.7809,     55.5617,      0.0189,      0.0012,      0.0156,      0.2041,   7575.1763,-419369.1250,   -926.1130,    542.5881,  25250.5840,
       1,     166,     359,       3,       1,       3,       1,     10.0000,      1.3859,     42.3800,    244.7184,     61.5869,      3.4953,      0.0000,     -0.0314,      1.2581,      0.1513,      5.4960,     10.9921,      1.3373,     27.7809,     55.5617,      0.0189,      0.0010,      0.0156,      0.2041,   7575.1753,-418349.6875,   -925.9035,    542.6572,  25250.5859,
       1,     166,     359,       4,       1,       3,       1,     10.0000,      1.3859,     42.3800,    244.7184,     61.5869,      3.4953,      0.0000,     -0.0314,      1.2551,      0.1504,      5.4960,     10.9921,      1.3292,     27.7809,     55.5617,      0.0189,      0.0010,      0.0156,      0.2041,   7575.1763,-417980.5000,   -925.8227,    542.6823,  25250.5840,
       1,     166,     359,       5,       1,       3,       1,     10.0000,      1.3859,     42.3800,    244.7184,     61.5869,      3.4953,      0.0000,     -0.0313,      1.2962,      0.1498,      5.4960,     10.9921,      1.3239,     27.7809,     55.5617,      0.0189,      0.0010,      0.0156,      0.2041,   7575.1753,-417945.8125,   -925.8082,    542.6846,  25250.5859,
       1,     166,     359,       6,       1,       3,       1,     10.0000,      1.3859,     42.3800,    244.7184,     61.5869,      3.4953,      0.0000,     -0.0314,      1.0039,      0.1500,      5.4960,     10.9921,      1.3252,     27.7809,     55.5617,      0.0189,      0.0008,      0.0156,      0.2041,   7575.1763,-417993.7812,   -925.8088,    542.6813,  25250.5859,
       1,     166,     359,       7,       1,       3,       1,     10.0000,      1.3859,     42.3800,    244.7184,     61.5869,      3.4953,      0.0000,     -0.0314,      0.9496,      0.1507,      5.4960,     10.9921,      1.3319,     27.7809,     55.5617,      0.0189,      0.0008,      0.0156,      0.2041,   7575.1763,-417633.7812,   -925.7320,    542.7057,  25250.5840,
       1,     166,     359,       8,       1,       3,       1,     10.0000,      1.3859,     42.3800,    244.7184,     61.5869,      3.4953,      0.0029,     -0.0285,      0.9340,      0.1503,      5.4960,     10.9921,      1.3279,     27.7809,     55.5617,      0.0189,      0.0007,      0.0156,      0.2041,   7575.1753,-417535.9062,   -925.7082,    542.7125,  25250.5859,
       1,     166,     359,       9,       1,       3,       1,     10.0000,      1.3859,     42.3800,    244.7184,     61.5869,      3.4953,      0.1080,      0.0764,      9.5996,      0.1568,      5.4960,     10.9921,      1.3851,     27.7809,     55.5617,      0.0189,      0.0009,      0.1369,      0.2041,   7575.1763,-417507.9375,   -925.6965,    542.7144,  25250.5879,
       1,     166,     359,      10,       1,       3,       1,     10.0000,      1.3859,     42.3800,    244.7184,     61.5869,      3.4953,      0.1599,      0.1277,     16.6320,      0.1732,      5.4960,     10.9921,      1.5307,     27.7809,     55.5617,      0.0189,      0.0010,      0.2125,      0.2041,   7575.1768,-428301.6562,   -927.8336,    541.9821,  25250.5859,
       1,     166,     359,      11,       1,       3,       1,     10.0000,      1.3859,     42.3800,    244.7184,     61.5869,      3.4953,      0.1851,      0.1529,     17.5018,      0.1725,      5.4960,     10.9921,      1.5246,     27.7809,     55.5617,      0.0189,      0.0009,      0.2496,      0.2041,   7575.1763,-437978.2500,   -929.7551,    541.3270,  25250.5840,
       1,     166,     359,      12,       1,       3,       1,     10.0000,      1.3859,     42.3800,    244.7184,     61.5869,      3.4953,      0.1855,      0.1527,     21.0360,      0.1938,      5.4960,     10.9921,      1.7124,     27.7809,     55.5617,      0.0189,      0.0010,      0.2500,      0.2041,   7575.1753,-439880.1250,   -930.1249,    541.1987,  25250.5840,
       1,     166,     359,      13,       1,       3,       1,     10.0000,      1.3859,     42.3800,    244.7184,     61.5869,      3.4953,      0.1858,      0.1524,     26.8958,      0.2134,      5.4960,     10.9921,      1.8860,     27.7809,     55.5617,      0.0189,      0.0013,      0.2500,      0.2041,   7575.1753,-444444.9688,   -930.9926,    540.8899,  25250.5859,
       1,     166,     359,      14,       1,       3,       1,     10.0000,      1.3859,     42.3800,    244.7184,     61.5869,      3.4953,      0.1865,      0.1531,     35.6197,      0.2136,      5.4960,     10.9921,      1.8878,     27.7809,     55.5617,      0.0189,      0.0018,      0.2500,      0.2041,   7575.1763,-452133.6250,   -932.4804,    540.3702,  25250.5879,
       1,     166,     359,      15,       1,       3,       1,     10.0000,      1.3859,     42.3800,    244.7184,     61.5869,      3.4953,      0.1882,      0.1546,     58.0092,      0.2202,      5.4960,     10.9921,      1.9462,     27.7809,     55.5617,      0.0189,      0.0029,      0.2500,      0.2041,   7575.1768,-463657.1562,   -934.7534,    539.5920,  25250.5879,
       1,     166,     359,      16,       1,       3,       1,     10.0000,      1.3859,     42.3800,    244.7184,     61.5869,      3.4953,      0.1884,      0.1550,     61.1729,      0.2158,      5.4960,     10.9921,      1.9065,     27.7809,     55.5617,      0.0189,      0.0030,      0.2499,      0.2041,   7575.1768,-492543.6875,   -940.5526,    537.6442,  25250.5859,
       1,     166,     359,      17,       1,       3,       1,     10.0000,      1.3859,     42.3800,    244.7184,     61.5869,      3.4953,      0.1745,      0.1416,     75.7783,      0.1996,      5.4960,     10.9921,      1.7639,     27.7809,     55.5617,      0.0189,      0.0042,      0.2274,      0.2040,   7575.1763,-498934.0312,   -941.9568,    537.2183,  25250.5840,
       1,     166,     359,      18,       1,       3,       1,     10.0000,      1.3859,     42.3800,    244.7184,     61.5869,      3.4953,      0.1590,      0.1264,     83.6909,      0.1872,      5.4960,     10.9921,      1.6540,     27.7809,     55.5617,      0.0189,      0.0051,      0.2034,      0.2040,   7575.1753,-517686.8438,   -945.9105,    535.9591,  25250.5859,
       1,     166,     359,      19,       1,       3,       1,     10.0000,      1.3859,     42.3800,    244.7184,     61.5869,      3.4953,      0.0771,      0.0449,     39.4550,      0.1743,      5.4960,     10.9921,      1.5399,     27.7809,     55.5617,      0.0189,      0.0056,      0.0876,      0.2040,   7575.1763,-529142.7500,   -948.4754,    535.1932,  25250.5840,
       1,     166,     359,      20,       1,       3,       1,     10.0000,      1.3859,     42.3800,    244.7184,     61.5869,      3.4953,      0.0027,     -0.0290,      7.8823,      0.1594,      5.4960,     10.9921,      1.4089,     27.7809,     55.5617,      0.0189,      0.0063,      0.0156,      0.2040,   7575.1753,-474900.9062,   -937.8001,    538.8224,  25250.5859,
       1,     166,     359,      21,       1,       3,       1,     10.0000,      1.3859,     42.3800,    244.7184,     61.5869,      3.4953,      0.0000,     -0.0313,      8.2312,      0.1494,      5.4960,     10.9921,      1.3199,     27.7809,     55.5617,      0.0189,      0.0066,      0.0156,      0.2041,   7575.1763,-431005.5000,   -928.9852,    541.7913,  25250.5840,
       1,     166,     359,      22,       1,       3,       1,     10.0000,      1.3859,     42.3800,    244.7184,     61.5869,      3.4953,      0.0000,     -0.0310,      7.3467,      0.1413,      5.4960,     10.9921,      1.2487,     27.7809,     55.5617,      0.0189,      0.0059,      0.0156,      0.2041,   7575.1753,-427748.3125,   -928.2498,    542.0200,  25250.5859,
       1,     166,     359,      23,       1,       3,       1,     10.0000,      1.3859,     42.3800,    244.7184,     61.5869,      3.4953,      0.0000,     -0.0310,      6.7837,      0.1407,      5.4960,     10.9921,      1.2437,     27.7809,     55.5617,      0.0189,      0.0054,      0.0156,      0.2041,   7575.1763,-426360.7812,   -927.8973,    542.1140,  25250.5840,
       1,     166,     359,      24,       1,       3,       1,     10.0000,      1.3859,     42.3800,    244.7184,     61.5869,      3.4953,      0.0000,     -0.0310,      6.0547,      0.1395,      5.4960,     10.9921,      1.2324,     27.7809,     55.5617,      0.0189,      0.0048,      0.0156,      0.2041,   7575.1753,-425542.4062,   -927.6647,    542.1695,  25250.5840,
       1,     166,     360,       1,       1,       3,       1,     10.0000,      1.3859,     42.3803,    244.7241,     61.5883,      3.4953,      0.0000,     -0.0308,      4.7274,      0.1357,      5.4958,     10.9916,      1.1992,     27.7866,     55.5731,      0.0189,      0.0038,      0.0156,      0.2041,   7575.1753,-424718.0938,   -927.7107,    542.2380,  25251.7051,
       1,     166,     360,       2,       1,       3,       1,     10.0000,      1.3859,     42.3803,    244.7241,     61.5883,      3.4953,      0.0000,     -0.0310,      4.0622,      0.1395,      5.4958,     10.9916,      1.2324,     27.7866,     55.5731,      0.0189,      0.0032,      0.0156,      0.2041,   7575.5117,-422843.5938,   -927.0069,    542.3651,  25251.7051,
       1,     166,     360,       3,       1,       3,       1,     10.0000,      1.3859,     42.3803,    244.7241,     61.5883,      3.4953,      0.0000,     -0.0311,      3.0749,      0.1422,      5.4958,     10.9916,      1.2563,     27.7866,     55.5731,      0.0189,      0.0025,      0.0156,      0.2041,   7575.5117,-421856.4688,   -926.7651,    542.4320,  25251.7051,
       1,     166,     360,       4,       1,       3,       1,     10.0000,      1.3859,     42.3803,    244.7241,     61.5883,      3.4953,      0.0000,     -0.0310,      2.6497,      0.1399,      5.4958,     10.9916,      1.2362,     27.7866,     55.5731,      0.0189,      0.0021,      0.0156,      0.2041,   7575.5117,-420543.1875,   -926.4703,    542.5211,  25251.7051,
       1,     166,     360,       5,       1,       3,       1,     10.0000,      1.3859,     42.3803,    244.7241,     61.5883,      3.4953,      0.0000,     -0.0310,      2.2656,      0.1393,      5.4958,     10.9916,      1.2312,     27.7866,     55.5731,      0.0189,      0.0018,      0.0156,      0.2041,   7575.5117,-419902.3750,   -926.3156,    542.5645,  25251.7051,
       1,     166,     360,       6,       1,       3,       1,     10.0000,      1.3859,     42.3803,    244.7241,     61.5883,      3.4953,      0.0000,     -0.0310,      1.8771,      0.1392,      5.4958,     10.9916,      1.2300,     27.7866,     55.5731,      0.0189,      0.0015,      0.0156,      0.2041,   7575.5117,-419369.7500,   -926.1858,    542.6006,  25251.7070,
       1,     166,     360,       7,       1,       3,       1,     10.0000,      1.3859,     42.3803,    244.7241,     61.5883,      3.4953,      0.0000,     -0.0307,      2.0454,      0.1309,      5.4958,     10.9916,      1.1563,     27.7866,     55.5731,      0.0189,      0.0016,      0.0156,      0.2041,   7575.5122,-418840.6250,   -926.0620,    542.6365,  25251.7070,
       1,     166,     360,       8,       1,       3,       1,     10.0000,      1.3859,     42.3803,    244.7241,     61.5883,      3.4953,      0.0021,     -0.0284,      2.3264,      0.1271,      5.4958,     10.9916,      1.1227,     27.7866,     55.5731,      0.0189,      0.0019,      0.0156,      0.2041,   7575.5122,-419005.7500,   -926.0770,    542.6254,  25251.7051,
       1,     166,     360,       9,       1,       3,       1,     10.0000,      1.3859,     42.3803,    244.7241,     61.5883,      3.4953,      0.0784,      0.0476,     14.1649,      0.1346,      5.4958,     10.9916,      1.1896,     27.7866,     55.5731,      0.0189,      0.0019,      0.0933,      0.2041,   7575.5117,-419369.6875,   -926.1288,    542.6006,  25251.7070,
       1,     166,     360,      10,       1,       3,       1,     10.0000,      1.3859,     42.3803,    244.7241,     61.5883,      3.4953,      0.1611,      0.1294,     35.6418,      0.1606,      5.4958,     10.9916,      1.4188,     27.7866,     55.5731,      0.0189,      0.0021,      0.2121,      0.2041,   7575.5122,-434148.5000,   -929.0922,    541.5983,  25251.7051,
       1,     166,     360,      11,       1,       3,       1,     10.0000,      1.3859,     42.3803,    244.7241,     61.5883,      3.4953,      0.1832,      0.1507,     43.2228,      0.1853,      5.4958,     10.9916,      1.6378,     27.7866,     55.5731,      0.0189,      0.0022,      0.2440,      0.2041,   7575.5117,-462160.7188,   -934.7509,    539.7028,  25251.7070,
       1,     166,     360,      12,       1,       3,       1,     10.0000,      1.3859,     42.3803,    244.7241,     61.5883,      3.4953,      0.1867,      0.1539,     36.6589,      0.1928,      5.4958,     10.9916,      1.7039,     27.7866,     55.5731,      0.0189,      0.0018,      0.2500,      0.2041,   7575.5122,-473982.9375,   -937.1631,    538.9086,  25251.7051,
       1,     166,     360,      13,       1,       3,       1,     10.0000,      1.3859,     42.3803,    244.7241,     61.5883,      3.4953,      0.1865,      0.1537,     33.6412,      0.1926,      5.4958,     10.9916,      1.7023,     27.7866,     55.5731,      0.0189,      0.0017,      0.2500,      0.2041,   7575.5117,-466793.2812,   -935.7352,    539.3934,  25251.7051,
       1,     166,     360,      14,       1,       3,       1,     10.0000,      1.3859,     42.3803,    244.7241,     61.5883,      3.4953,      0.1869,      0.1540,     40.2217,      0.1996,      5.4958,     10.9916,      1.7639,     27.7866,     55.5731,      0.0189,      0.0020,      0.2500,      0.2041,   7575.5117,-462425.5312,   -934.8665,    539.6882,  25251.7051,
       1,     166,     360,      15,       1,       3,       1,     10.0000,      1.3859,     42.3803,    244.7241,     61.5883,      3.4953,      0.1882,      0.1552,     57.0740,      0.2016,      5.4958,     10.9916,      1.7814,     27.7866,     55.5731,      0.0189,      0.0028,      0.2500,      0.2041,   7575.5117,-470260.3125,   -936.4676,    539.1597,  25251.7051,
       1,     166,     360,      16,       1,       3,       1,     10.0000,      1.3859,     42.3803,    244.7241,     61.5883,      3.4953,      0.1902,      0.1574,     96.9117,      0.1959,      5.4958,     10.9916,      1.7311,     27.7866,     55.5731,      0.0189,      0.0049,      0.2482,      0.2041,   7575.5117,-491931.0625,   -940.9155,    537.6995,  25251.7051,
       1,     166,     360,      17,       1,       3,       1,     10.0000,      1.3859,     42.3803,    244.7241,     61.5883,      3.4953,      0.1842,      0.1518,    102.4121,      0.1822,      5.4958,     10.9916,      1.6104,     27.7866,     55.5731,      0.0189,      0.0053,      0.2386,      0.2041,   7575.5117,-543444.2500,   -951.5587,    534.2391,  25251.7051,
       1,     166,     360,      18,       1,       3,       1,     10.0000,      1.3859,     42.3803,    244.7241,     61.5883,      3.4953,      0.1625,      0.1303,     86.1809,      0.1778,      5.4958,     10.9916,      1.5709,     27.7866,     55.5731,      0.0189,      0.0052,      0.2084,      0.2040,   7575.5117,-554678.3125,   -954.1977,    533.5000,  25251.7012,
       1,     166,     360,      19,       1,       3,       1,     10.0000,      1.3859,     42.3803,    244.7241,     61.5883,      3.4953,      0.0864,      0.0544,     40.8040,      0.1690,      5.4958,     10.9916,      1.4930,     27.7866,     55.5731,      0.0189,      0.0050,      0.1013,      0.2040,   7575.5107,-535349.1875,   -950.6542,    534.7895,  25251.7051,
       1,     166,     360,      20,       1,       3,       1,     10.0000,      1.3859,     42.3803,    244.7241,     61.5883,      3.4953,      0.0039,     -0.0277,      6.2805,      0.1591,      5.4958,     10.9916,      1.4061,     27.7866,     55.5731,      0.0189,      0.0050,      0.0156,      0.2040,   7575.5117,-477098.5625,   -939.0460,    538.6851,  25251.7031,
       1,     166,     360,      21,       1,       3,       1,     10.0000,      1.3859,     42.3803,    244.7241,     61.5883,      3.4953,      0.0000,     -0.0315,      5.5919,      0.1535,      5.4958,     10.9916,      1.3562,     27.7866,     55.5731,      0.0189,      0.0045,      0.0156,      0.2041,   7575.5112,-429196.0312,   -929.3182,    541.9248,  25251.7031,
       1,     166,     360,      22,       1,       3,       1,     10.0000,      1.3859,     42.3803,    244.7241,     61.5883,      3.4953,      0.0000,     -0.0314,      4.3836,      0.1501,      5.4958,     10.9916,      1.3266,     27.7866,     55.5731,      0.0189,      0.0035,      0.0156,      0.2041,   7575.5112,-424311.0312,   -928.2744,    542.2656,  25251.7031,
       1,     166,     360,      23,       1,       3,       1,     10.0000,      1.3859,     42.3803,    244.7241,     61.5883,      3.4953,      0.0000,     -0.0313,      4.1321,      0.1477,      5.4958,     10.9916,      1.3054,     27.7866,     55.5731,      0.0189,      0.0033,      0.0156,      0.2041,   7575.5112,-422381.0625,   -927.8411,    542.3964,  25251.7051,
       1,     166,     360,      24,       1,       3,       1,     10.0000,      1.3859,     42.3803,    244.7241,     61.5883,      3.4953,      0.0000,     -0.0312,      3.7664,      0.1446,      5.4958,     10.9916,      1.2781,     27.7866,     55.5731,      0.0189,      0.0030,      0.0156,      0.2041,   7575.5117,-421904.5312,   -927.7056,    542.4288,  25251.7031,
       1,     166,     361,       1,       1,       3,       1,     10.0000,      1.3859,     42.3807,    244.7298,     61.5897,      3.4953,      0.0000,     -0.0311,      3.1180,      0.1416,      5.4961,     10.9922,      1.2513,     27.7924,     55.5848,      0.0189,      0.0025,      0.0156,      0.2042,   7575.5112,-421562.7500,   -927.8864,    542.4646,  25252.8262,
       1,     166,     361,       2,       1,       3,       1,     10.0000,      1.3859,     42.3807,    244.7298,     61.5897,      3.4953,      0.0000,     -0.0310,      2.8729,      0.1405,      5.4961,     10.9922,      1.2412,     27.7924,     55.5848,      0.0189,      0.0023,      0.0156,      0.2042,   7575.8481,-420574.7812,   -927.3774,    542.5317,  25252.8262,
       1,     166,     361,       3,       1,       3,       1,     10.0000,      1.3859,     42.3807,    244.7298,     61.5897,      3.4953,      0.0000,     -0.0311,      2.9092,      0.1415,      5.4961,     10.9922,      1.2500,     27.7924,     55.5848,      0.0189,      0.0023,      0.0156,      0.2042,   7575.8481,-420185.8125,   -927.2736,    542.5580,  25252.8262,
       1,     166,     361,       4,       1,       3,       1,     10.0000,      1.3859,     42.3807,    244.7298,     61.5897,      3.4953,      0.0000,     -0.0309,      2.7515,      0.1363,      5.4961,     10.9922,      1.2041,     27.7924,     55.5848,      0.0189,      0.0022,      0.0156,      0.2042,   7575.8481,-420198.1875,   -927.2512,    542.5571,  25252.8262,
       1,     166,     361,       5,       1,       3,       1,     10.0000,      1.3859,     42.3807,    244.7298,     61.5897,      3.4953,      0.0000,     -0.0309,      2.7141,      0.1363,      5.4961,     10.9922,      1.2041,     27.7924,     55.5848,      0.0189,      0.0022,      0.0156,      0.2042,   7575.8481,-420002.9375,   -927.1891,    542.5704,  25252.8262,
       1,     166,     361,       6,       1,       3,       1,     10.0000,      1.3859,     42.3807,    244.7298,     61.5897,      3.4953,      0.0000,     -0.0308,      2.5299,      0.1353,      5.4961,     10.9922,      1.1956,     27.7924,     55.5848,      0.0189,      0.0020,      0.0156,      0.2042,   7575.8481,-419939.6250,   -927.1536,    542.5746,  25252.8262,
       1,     166,     361,       7,       1,       3,       1,     10.0000,      1.3859,     42.3807,    244.7298,     61.5897,      3.4953,      0.0000,     -0.0309,      2.4800,      0.1382,      5.4961,     10.9922,      1.2213,     27.7924,     55.5848,      0.0189,      0.0020,      0.0156,      0.2042,   7575.8481,-419705.0312,   -927.0858,    542.5906,  25252.8281,
       1,     166,     361,       8,       1,       3,       1,     10.0000,      1.3859,     42.3807,    244.7298,     61.5897,      3.4953,      0.0019,     -0.0290,      2.1276,      0.1349,      5.4961,     10.9922,      1.1920,     27.7924,     55.5848,      0.0189,      0.0017,      0.0156,      0.2042,   7575.8486,-419622.7500,   -927.0485,    542.5961,  25252.8262,
       1,     166,     361,       9,       1,       3,       1,     10.0000,      1.3859,     42.3807,    244.7298,     61.5897,      3.4953,      0.0893,      0.0582,     14.7696,      0.1423,      5.4961,     10.9922,      1.2576,     27.7924,     55.5848,      0.0189,      0.0017,      0.1090,      0.2042,   7575.8481,-419177.1250,   -926.9414,    542.6263,  25252.8262,
       1,     166,     361,      10,       1,       3,       1,     10.0000,      1.3859,     42.3807,    244.7298,     61.5897,      3.4953,      0.1588,      0.1268,     32.2624,      0.1673,      5.4961,     10.9922,      1.4782,     27.7924,     55.5848,      0.0189,      0.0019,      0.2090,      0.2042,   7575.8481,-434886.6250,   -930.1497,    541.5609,  25252.8242,
       1,     166,     361,      11,       1,       3,       1,     10.0000,      1.3859,     42.3807,    244.7298,     61.5897,      3.4953,      0.1750,      0.1425,     37.5767,      0.1844,      5.4961,     10.9922,      1.6297,     27.7924,     55.5848,      0.0189,      0.0020,      0.2325,      0.2041,   7575.8477,-458011.0000,   -934.8939,    539.9965,  25252.8262,
       1,     166,     361,      12,       1,       3,       1,     10.0000,      1.3859,     42.3807,    244.7298,     61.5897,      3.4953,      0.1849,      0.1522,     44.2130,      0.1908,      5.4961,     10.9922,      1.6855,     27.7924,     55.5848,      0.0189,      0.0022,      0.2464,      0.2041,   7575.8481,-466590.6875,   -936.6998,    539.4196,  25252.8242,
       1,     166,     361,      13,       1,       3,       1,     10.0000,      1.3859,     42.3807,    244.7298,     61.5897,      3.4953,      0.1846,      0.1516,     36.2780,      0.2012,      5.4961,     10.9922,      1.7779,     27.7924,     55.5848,      0.0189,      0.0018,      0.2470,      0.2041,   7575.8477,-475584.2500,   -938.6035,    538.8135,  25252.8262,
       1,     166,     361,      14,       1,       3,       1,     10.0000,      1.3859,     42.3807,    244.7298,     61.5897,      3.4953,      0.1871,      0.1541,     42.2551,      0.1998,      5.4961,     10.9922,      1.7657,     27.7924,     55.5848,      0.0189,      0.0021,      0.2500,      0.2041,   7575.8481,-466450.4062,   -936.8111,    539.4290,  25252.8242,
       1,     166,     361,      15,       1,       3,       1,     10.0000,      1.3859,     42.3807,    244.7298,     61.5897,      3.4953,      0.1889,      0.1560,     65.4385,      0.1990,      5.4961,     10.9922,      1.7587,     27.7924,     55.5848,      0.0189,      0.0033,      0.2500,      0.2041,   7575.8477,-473131.9062,   -938.2341,    538.9788,  25252.8242,
       1,     166,     361,      16,       1,       3,       1,     10.0000,      1.3859,     42.3807,    244.7298,     61.5897,      3.4953,      0.1820,      0.1488,     83.6465,      0.2087,      5.4961,     10.9922,      1.8439,     27.7924,     55.5848,      0.0189,      0.0044,      0.2377,      0.2041,   7575.8477,-502595.7188,   -944.3868,    536.9940,  25252.8242,
       1,     166,     361,      17,       1,       3,       1,     10.0000,      1.3859,     42.3807,    244.7298,     61.5897,      3.4953,      0.1417,      0.1090,     65.0018,      0.1921,      5.4961,     10.9922,      1.6973,     27.7924,     55.5848,      0.0189,      0.0045,      0.1800,      0.2041,   7575.8477,-527796.5625,   -949.7902,    535.3060,  25252.8242,
       1,     166,     361,      18,       1,       3,       1,     10.0000,      1.3859,     42.3807,    244.7298,     61.5897,      3.4953,      0.1092,      0.0767,     52.4711,      0.1848,      5.4961,     10.9922,      1.6329,     27.7924,     55.5848,      0.0189,      0.0049,      0.1333,      0.2041,   7575.8477,-506658.7188,   -945.7451,    536.7232,  25252.8262,
       1,     166,     361,      19,       1,       3,       1,     10.0000,      1.3859,     42.3807,    244.7298,     61.5897,      3.4953,      0.0766,      0.0445,     32.4835,      0.1719,      5.4961,     10.9922,      1.5186,     27.7924,     55.5848,      0.0189,      0.0046,      0.0876,      0.2041,   7575.8481,-489253.8750,   -942.3877,    537.8927,  25252.8262,
       1,     166,     361,      20,       1,       3,       1,     10.0000,      1.3859,     42.3807,    244.7298,     61.5897,      3.4953,      0.0022,     -0.0295,      5.7065,      0.1582,      5.4961,     10.9922,      1.3977,     27.7924,     55.5848,      0.0189,      0.0046,      0.0156,      0.2041,   7575.8481,-462868.0625,   -937.0970,    539.6681,  25252.8223,
       1,     166,     361,      21,       1,       3,       1,     10.0000,      1.3859,     42.3807,    244.7298,     61.5897,      3.4953,      0.0000,     -0.0314,      6.0713,      0.1516,      5.4961,     10.9922,      1.3400,     27.7924,     55.5848,      0.0189,      0.0048,      0.0156,      0.2041,   7575.8472,-427278.4375,   -929.7965,    542.0718,  25252.8242,
       1,     166,     361,      22,       1,       3,       1,     10.0000,      1.3859,     42.3807,    244.7298,     61.5897,      3.4953,      0.0000,     -0.0313,      5.0682,      0.1494,      5.4961,     10.9922,      1.3199,     27.7924,     55.5848,      0.0189,      0.0040,      0.0156,      0.2042,   7575.8477,-424743.0938,   -929.2349,    542.2490,  25252.8242,
       1,     166,     361,      23,       1,       3,       1,     10.0000,      1.3859,     42.3807,    244.7298,     61.5897,      3.4953,      0.0000,     -0.0313,      4.6183,      0.1485,      5.4961,     10.9922,      1.3120,     27.7924,     55.5848,      0.0189,      0.0037,      0.0156,      0.2042,   7575.8477,-423272.8750,   -928.8992,    542.3486,  25252.8242,
       1,     166,     361,      24,       1,       3,       1,     10.0000,      1.3859,     42.3807,    244.7298,     61.5897,      3.4953,      0.0000,     -0.0313,      3.7833,      0.1482,      5.4961,     10.9922,      1.3094,     27.7924,     55.5848,      0.0189,      0.0030,      0.0156,      0.2042,   7575.8477,-422588.1250,   -928.7285,    542.3950,  25252.8223,
       1,     166,     362,       1,       1,       3,       1,     10.0000,      1.3859,     42.3810,    244.7356,     61.5912,      3.4953,      0.0000,     -0.0313,      3.0153,      0.1480,      5.4965,     10.9929,      1.3081,     27.7953,     55.5905,      0.0189,      0.0024,      0.0156,      0.2042,   7575.8472,-421644.6562,   -928.7983,    542.4717,  25253.9492,
       1,     166,     362,       2,       1,       3,       1,     10.0000,      1.3859,     42.3810,    244.7356,     61.5912,      3.4953,      0.0000,     -0.0312,      2.3717,      0.1455,      5.4965,     10.9929,      1.2859,     27.7953,     55.5905,      0.0189,      0.0019,      0.0156,      0.2042,   7576.1851,-420456.2500,   -928.2503,    542.5522,  25253.9492,
       1,     166,     362,       3,       1,       3,       1,     10.0000,      1.3859,     42.3810,    244.7356,     61.5912,      3.4953,      0.0000,     -0.0311,      2.0581,      0.1432,      5.4965,     10.9929,      1.2653,     27.7953,     55.5905,      0.0189,      0.0016,      0.0156,      0.2042,   7576.1851,-419554.3438,   -928.0513,    542.6135,  25253.9492,
       1,     166,     362,       4,       1,       3,       1,     10.0000,      1.3859,     42.3810,    244.7356,     61.5912,      3.4953,      0.0000,     -0.0310,      1.8733,      0.1388,      5.4965,     10.9929,      1.2263,     27.7953,     55.5905,      0.0189,      0.0015,      0.0156,      0.2042,   7576.1851,-419087.5625,   -927.9435,    542.6451,  25253.9492,
       1,     166,     362,       5,       1,       3,       1,     10.0000,      1.3859,     42.3810,    244.7356,     61.5912,      3.4953,      0.0000,     -0.0309,      1.6687,      0.1367,      5.4965,     10.9929,      1.2078,     27.7953,     55.5905,      0.0189,      0.0013,      0.0156,      0.2042,   7576.1851,-418817.8750,   -927.8776,    542.6634,  25253.9473,
       1,     166,     362,       6,       1,       3,       1,     10.0000,      1.3859,     42.3810,    244.7356,     61.5912,      3.4953,      0.0000,     -0.0308,      1.4860,      0.1338,      5.4965,     10.9929,      1.1824,     27.7953,     55.5905,      0.0189,      0.0012,      0.0156,      0.2042,   7576.1846,-418540.7188,   -927.8124,    542.6822,  25253.9492,
       1,     166,     362,       7,       1,       3,       1,     10.0000,      1.3859,     42.3810,    244.7356,     61.5912,      3.4953,      0.0000,     -0.0310,      1.4961,      0.1386,      5.4965,     10.9929,      1.2251,     27.7953,     55.5905,      0.0189,      0.0012,      0.0156,      0.2042,   7576.1851,-418289.3438,   -927.7523,    542.6993,  25253.9473,
       1,     166,     362,       8,       1,       3,       1,     10.0000,      1.3859,     42.3810,    244.7356,     61.5912,      3.4953,      0.0020,     -0.0287,      1.2985,      0.1325,      5.4965,     10.9929,      1.1705,     27.7953,     55.5905,      0.0189,      0.0010,      0.0156,      0.2042,   7576.1846,-418281.0312,   -927.7441,    542.6998,  25253.9473,
       1,     166,     362,       9,       1,       3,       1,     10.0000,      1.3859,     42.3810,    244.7356,     61.5912,      3.4953,      0.0723,      0.0413,      6.4347,      0.1400,      5.4965,     10.9929,      1.2375,     27.7953,     55.5905,      0.0189,      0.0009,      0.0851,      0.2042,   7576.1846,-418034.2812,   -927.6875,    542.7166,  25253.9473,
       1,     166,     362,      10,       1,       3,       1,     10.0000,      1.3859,     42.3810,    244.7356,     61.5912,      3.4953,      0.1463,      0.1144,     15.6548,      0.1675,      5.4965,     10.9929,      1.4798,     27.7953,     55.5905,      0.0189,      0.0010,      0.1926,      0.2042,   7576.1846,-424410.3750,   -928.9983,    542.2841,  25253.9473,
       1,     166,     362,      11,       1,       3,       1,     10.0000,      1.3859,     42.3810,    244.7356,     61.5912,      3.4953,      0.1784,      0.1459,     18.1300,      0.1846,      5.4965,     10.9929,      1.6313,     27.7953,     55.5905,      0.0189,      0.0009,      0.2398,      0.2042,   7576.1846,-436433.7500,   -931.4701,    541.4691,  25253.9453,
       1,     166,     362,      12,       1,       3,       1,     10.0000,      1.3859,     42.3810,    244.7356,     61.5912,      3.4953,      0.1834,      0.1505,     24.4305,      0.1973,      5.4965,     10.9929,      1.7432,     27.7953,     55.5905,      0.0189,      0.0012,      0.2466,      0.2042,   7576.1841,-440534.3750,   -932.3001,    541.1922,  25253.9473,
       1,     166,     362,      13,       1,       3,       1,     10.0000,      1.3859,     42.3810,    244.7356,     61.5912,      3.4953,      0.1853,      0.1523,     19.3562,      0.1992,      5.4965,     10.9929,      1.7605,     27.7953,     55.5905,      0.0189,      0.0010,      0.2500,      0.2042,   7576.1846,-448729.2500,   -933.9979,    540.6379,  25253.9473,
       1,     166,     362,      14,       1,       3,       1,     10.0000,      1.3859,     42.3810,    244.7356,     61.5912,      3.4953,      0.1860,      0.1529,     29.2140,      0.2058,      5.4965,     10.9929,      1.8187,     27.7953,     55.5905,      0.0189,      0.0015,      0.2500,      0.2042,   7576.1846,-443098.5938,   -932.8367,    541.0187,  25253.9473,
       1,     166,     362,      15,       1,       3,       1,     10.0000,      1.3859,     42.3810,    244.7356,     61.5912,      3.4953,      0.1881,      0.1549,     56.5053,      0.2087,      5.4965,     10.9929,      1.8440,     27.7953,     55.5905,      0.0189,      0.0028,      0.2500,      0.2042,   7576.1846,-454905.7500,   -935.2786,    540.2203,  25253.9473,
       1,     166,     362,      16,       1,       3,       1,     10.0000,      1.3859,     42.3810,    244.7356,     61.5912,      3.4953,      0.1902,      0.1571,     82.1324,      0.2040,      5.4965,     10.9929,      1.8027,     27.7953,     55.5905,      0.0189,      0.0041,      0.2500,      0.2042,   7576.1846,-489911.5312,   -942.5870,    537.8571,  25253.9453,
       1,     166,     362,      17,       1,       3,       1,     10.0000,      1.3859,     42.3810,    244.7356,     61.5912,      3.4953,      0.1814,      0.1486,     90.1714,      0.1938,      5.4965,     10.9929,      1.7125,     27.7953,     55.5905,      0.0189,      0.0048,      0.2359,      0.2041,   7576.1841,-524827.6875,   -950.0165,    535.5148,  25253.9473,
       1,     166,     362,      18,       1,       3,       1,     10.0000,      1.3859,     42.3810,    244.7356,     61.5912,      3.4953,      0.1563,      0.1238,     75.5951,      0.1830,      5.4965,     10.9929,      1.6168,     27.7953,     55.5905,      0.0189,      0.0047,      0.2003,      0.2041,   7576.1846,-537804.2500,   -953.0319,    534.6512,  25253.9473,
       1,     166,     362,      19,       1,       3,       1,     10.0000,      1.3859,     42.3810,    244.7356,     61.5912,      3.4953,      0.0740,      0.0419,     34.4375,      0.1720,      5.4965,     10.9929,      1.5202,     27.7953,     55.5905,      0.0189,      0.0051,      0.0836,      0.2041,   7576.1846,-520704.4375,   -949.8472,    535.7947,  25253.9473,
       1,     166,     362,      20,       1,       3,       1,     10.0000,      1.3859,     42.3810,    244.7356,     61.5912,      3.4953,      0.0053,     -0.0264,      6.2091,      0.1575,      5.4965,     10.9929,      1.3921,     27.7953,     55.5905,      0.0189,      0.0050,      0.0156,      0.2041,   7576.1846,-467930.0312,   -939.1363,    539.3305,  25253.9473,
       1,     166,     362,      21,       1,       3,       1,     10.0000,      1.3859,     42.3810,    244.7356,     61.5912,      3.4953,      0.0000,     -0.0314,      5.6925,      0.1501,      5.4965,     10.9929,      1.3266,     27.7953,     55.5905,      0.0189,      0.0045,      0.0156,      0.2041,   7576.1846,-428341.2500,   -930.9669,    542.0111,  25253.9473,
       1,     166,     362,      22,       1,       3,       1,     10.0000,      1.3859,     42.3810,    244.7356,     61.5912,      3.4953,      0.0000,     -0.0314,      5.4100,      0.1507,      5.4965,     10.9929,      1.3320,     27.7953,     55.5905,      0.0189,      0.0043,      0.0156,      0.2042,   7576.1846,-424365.0312,   -930.1179,    542.2872,  25253.9453,
       1,     166,     362,      23,       1,       3,       1,     10.0000,      1.3859,     42.3810,    244.7356,     61.5912,      3.4953,      0.0000,     -0.0314,      5.0167,      0.1512,      5.4965,     10.9929,      1.3360,     27.7953,     55.5905,      0.0189,      0.0040,      0.0156,      0.2042,   7576.1841,-423669.3750,   -929.9492,    542.3345,  25253.9473,
       1,     166,     362,      24,       1,       3,       1,     10.0000,      1.3859,     42.3810,    244.7356,     61.5912,      3.4953,      0.0000,     -0.0315,      4.2207,      0.1536,      5.4965,     10.9929,      1.3577,     27.7953,     55.5905,      0.0189,      0.0034,      0.0156,      0.2042,   7576.1846,-423120.4062,   -929.8118,    542.3716,  25253.9473,
       1,     166,     363,       1,       1,       3,       1,     10.0000,      1.3859,     42.3813,    244.7413,     61.5926,      3.4953,      0.0000,     -0.0315,      3.0496,      0.1537,      5.4967,     10.9933,      1.3577,     27.7997,     55.5995,      0.0189,      0.0024,      0.0156,      0.2042,   7576.1846,-422236.4062,   -929.8981,    542.4442,  25255.0664,
       1,     166,     363,       2,       1,       3,       1,     10.0000,      1.3859,     42.3813,    244.7413,     61.5926,      3.4953,      0.0000,     -0.0314,      2.1417,      0.1515,      5.4967,     10.9933,      1.3387,     27.7997,     55.5995,      0.0189,      0.0017,      0.0156,      0.2042,   7576.5200,-420552.3125,   -929.2508,    542.5585,  25255.0684,
       1,     166,     363,       3,       1,       3,       1,     10.0000,      1.3859,     42.3813,    244.7413,     61.5926,      3.4953,      0.0000,     -0.0314,      2.0122,      0.1501,      5.4967,     10.9933,      1.3267,     27.7997,     55.5995,      0.0189,      0.0016,      0.0156,      0.2042,   7576.5210,-419279.0938,   -928.9778,    542.6448,  25255.0684,
       1,     166,     363,       4,       1,       3,       1,     10.0000,      1.3859,     42.3813,    244.7413,     61.5926,      3.4953,      0.0000,     -0.0312,      1.8305,      0.1448,      5.4967,     10.9933,      1.2794,     27.7997,     55.5995,      0.0189,      0.0015,      0.0156,      0.2042,   7576.5210,-419010.2500,   -928.9144,    542.6631,  25255.0684,
       1,     166,     363,       5,       1,       3,       1,     10.0000,      1.3859,     42.3813,    244.7413,     61.5926,      3.4953,      0.0000,     -0.0311,      1.9149,      0.1416,      5.4967,     10.9933,      1.2513,     27.7997,     55.5995,      0.0189,      0.0015,      0.0156,      0.2042,   7576.5210,-418761.3125,   -928.8558,    542.6799,  25255.0684,
       1,     166,     363,       6,       1,       3,       1,     10.0000,      1.3859,     42.3813,    244.7413,     61.5926,      3.4953,      0.0000,     -0.0310,      1.9860,      0.1392,      5.4967,     10.9933,      1.2300,     27.7997,     55.5995,      0.0189,      0.0016,      0.0156,      0.2042,   7576.5210,-418845.4688,   -928.8663,    542.6743,  25255.0684,
       1,     166,     363,       7,       1,       3,       1,     10.0000,      1.3859,     42.3813,    244.7413,     61.5926,      3.4953,      0.0000,     -0.0311,      1.9126,      0.1422,      5.4967,     10.9933,      1.2564,     27.7997,     55.5995,      0.0189,      0.0015,      0.0156,      0.2042,   7576.5210,-418941.0625,   -928.8786,    542.6677,  25255.0684,
       1,     166,     363,       8,       1,       3,       1,     10.0000,      1.3859,     42.3813,    244.7413,     61.5926,      3.4953,      0.0016,     -0.0294,      1.8318,      0.1403,      5.4967,     10.9933,      1.2400,     27.7997,     55.5995,      0.0189,      0.0015,      0.0156,      0.2042,   7576.5210,-418857.7188,   -928.8543,    542.6735,  25255.0684,
       1,     166,     363,       9,       1,       3,       1,     10.0000,      1.3859,     42.3813,    244.7413,     61.5926,      3.4953,      0.0687,      0.0376,      9.5646,      0.1422,      5.4967,     10.9933,      1.2564,     27.7997,     55.5995,      0.0189,      0.0015,      0.0794,      0.2042,   7576.5210,-418750.0625,   -928.8254,    542.6807,  25255.0684,
       1,     166,     363,      10,       1,       3,       1,     10.0000,      1.3859,     42.3813,    244.7413,     61.5926,      3.4953,      0.1556,      0.1236,     25.6978,      0.1697,      5.4967,     10.9933,      1.4991,     27.7997,     55.5995,      0.0189,      0.0016,      0.2052,      0.2042,   7576.5210,-428370.9062,   -930.8282,    542.0281,  25255.0684,
       1,     166,     363,      11,       1,       3,       1,     10.0000,      1.3859,     42.3813,    244.7413,     61.5926,      3.4953,      0.1823,      0.1497,     26.2942,      0.1889,      5.4967,     10.9933,      1.6690,     27.7997,     55.5995,      0.0189,      0.0013,      0.2447,      0.2042,   7576.5210,-449278.4375,   -935.1913,    540.6119,  25255.0664,
       1,     166,     363,      12,       1,       3,       1,     10.0000,      1.3859,     42.3813,    244.7413,     61.5926,      3.4953,      0.1863,      0.1531,     32.5320,      0.2081,      5.4967,     10.9933,      1.8386,     27.7997,     55.5995,      0.0189,      0.0016,      0.2500,      0.2042,   7576.5200,-451791.0625,   -935.7505,    540.4440,  25255.0684,
       1,     166,     363,      13,       1,       3,       1,     10.0000,      1.3859,     42.3813,    244.7413,     61.5926,      3.4953,      0.1861,      0.1528,     31.1598,      0.2124,      5.4967,     10.9933,      1.8769,     27.7997,     55.5995,      0.0189,      0.0016,      0.2500,      0.2042,   7576.5210,-459772.2812,   -937.4385,    539.9048,  25255.0664,
       1,     166,     363,      14,       1,       3,       1,     10.0000,      1.3859,     42.3813,    244.7413,     61.5926,      3.4953,      0.1867,      0.1532,     39.4616,      0.2188,      5.4967,     10.9933,      1.9330,     27.7997,     55.5995,      0.0189,      0.0020,      0.2500,      0.2042,   7576.5200,-458736.2500,   -937.2667,    539.9750,  25255.0703,
       1,     166,     363,      15,       1,       3,       1,     10.0000,      1.3859,     42.3813,    244.7413,     61.5926,      3.4953,      0.1893,      0.1560,     70.9724,      0.2116,      5.4967,     10.9933,      1.8696,     27.7997,     55.5995,      0.0189,      0.0035,      0.2500,      0.2042,   7576.5215,-468992.6250,   -939.4595,    539.2828,  25255.0684,
       1,     166,     363,      16,       1,       3,       1,     10.0000,      1.3859,     42.3813,    244.7413,     61.5926,      3.4953,      0.1797,      0.1463,     99.3826,      0.2158,      5.4967,     10.9933,      1.9067,     27.7997,     55.5995,      0.0189,      0.0053,      0.2325,      0.2042,   7576.5210,-509128.5625,   -947.9672,    536.5776,  25255.0684,
       1,     166,     363,      17,       1,       3,       1,     10.0000,      1.3859,     42.3813,    244.7413,     61.5926,      3.4953,      0.1779,      0.1451,    100.6741,      0.1971,      5.4967,     10.9933,      1.7415,     27.7997,     55.5995,      0.0189,      0.0055,      0.2296,      0.2041,   7576.5210,-547956.4375,   -956.3696,    533.9802,  25255.0703,
       1,     166,     363,      18,       1,       3,       1,     10.0000,      1.3859,     42.3813,    244.7413,     61.5926,      3.4953,      0.1554,      0.1228,     87.4798,      0.1887,      5.4967,     10.9933,      1.6674,     27.7997,     55.5995,      0.0189,      0.0055,      0.1977,      0.2041,   7576.5215,-552845.6250,   -957.8205,    533.6601,  25255.0703,
       1,     166,     363,      19,       1,       3,       1,     10.0000,      1.3859,     42.3813,    244.7413,     61.5926,      3.4953,      0.0563,      0.0242,     26.7881,      0.1739,      5.4967,     10.9933,      1.5369,     27.7997,     55.5995,      0.0189,      0.0057,      0.0583,      0.2041,   7576.5215,-536784.1875,   -954.8992,    534.7316,  25255.0703,
       1,     166,     363,      20,       1,       3,       1,     10.0000,      1.3859,     42.3813,    244.7413,     61.5926,      3.4953,      0.0050,     -0.0269,      6.1540,      0.1635,      5.4967,     10.9933,      1.4447,     27.7997,     55.5995,      0.0189,      0.0049,      0.0156,      0.2041,   7576.5215,-459720.5938,   -939.0465,    539.8837,  25255.0684,
       1,     166,     363,      21,       1,       3,       1,     10.0000,      1.3859,     42.3813,    244.7413,     61.5926,      3.4953,      0.0000,     -0.0316,      5.8783,      0.1555,      5.4967,     10.9933,      1.3741,     27.7997,     55.5995,      0.0189,      0.0047,      0.0156,      0.2042,   7576.5210,-427603.4688,   -932.3555,    542.0760,  25255.0703,
       1,     166,     363,      22,       1,       3,       1,     10.0000,      1.3859,     42.3813,    244.7413,     61.5926,      3.4953,      0.0000,     -0.0314,      5.0689,      0.1517,      5.4967,     10.9933,      1.3401,     27.7997,     55.5995,      0.0189,      0.0040,      0.0156,      0.2042,   7576.5215,-424533.3438,   -931.6967,    542.2885,  25255.0684,
       1,     166,     363,      23,       1,       3,       1,     10.0000,      1.3859,     42.3813,    244.7413,     61.5926,      3.4953,      0.0000,     -0.0312,      4.6059,      0.1463,      5.4967,     10.9933,      1.2924,     27.7997,     55.5995,      0.0189,      0.0037,      0.0156,      0.2042,   7576.5210,-423260.9375,   -931.4175,    542.3748,  25255.0684,
       1,     166,     363,      24,       1,       3,       1,     10.0000,      1.3859,     42.3813,    244.7413,     61.5926,      3.4953,      0.0000,     -0.0313,      3.9190,      0.1495,      5.4967,     10.9933,      1.3213,     27.7997,     55.5995,      0.0189,      0.0031,      0.0156,      0.2042,   7576.5210,-422576.7500,   -931.2620,    542.4212,  25255.0684,
       1,     166,     364,       1,       1,       3,       1,     10.0000,      1.3860,     42.3817,    244.7471,     61.5941,      3.4953,      0.0000,     -0.0312,      3.0661,      0.1452,      5.4966,     10.9933,      1.2833,     27.8036,     55.6072,      0.0189,      0.0024,      0.0156,      0.2042,   7576.5210,-421817.1875,   -931.3832,    542.4854,  25256.1914,
       1,     166,     364,       2,       1,       3,       1,     10.0000,      1.3860,     42.3817,    244.7471,     61.5941,      3.4953,      0.0000,     -0.0311,      2.5332,      0.1416,      5.4966,     10.9933,      1.2514,     27.8036,     55.6072,      0.0189,      0.0020,      0.0156,      0.2042,   7576.8579,-420539.5000,   -930.8187,    542.5721,  25256.1914,
       1,     166,     364,       3,       1,       3,       1,     10.0000,      1.3860,     42.3817,    244.7471,     61.5941,      3.4953,      0.0000,     -0.0310,      1.8711,      0.1396,      5.4966,     10.9933,      1.2338,     27.8036,     55.6072,      0.0189,      0.0015,      0.0156,      0.2042,   7576.8579,-419767.9062,   -930.6509,    542.6243,  25256.1895,
       1,     166,     364,       4,       1,       3,       1,     10.0000,      1.3860,     42.3817,    244.7471,     61.5941,      3.4953,      0.0000,     -0.0311,      1.5653,      0.1436,      5.4966,     10.9933,      1.2692,     27.8036,     55.6072,      0.0189,      0.0012,      0.0156,      0.2042,   7576.8569,-418878.7812,   -930.4611,    542.6847,  25256.1914,
       1,     166,     364,       5,       1,       3,       1,     10.0000,      1.3860,     42.3817,    244.7471,     61.5941,      3.4953,      0.0000,     -0.0311,      1.7260,      0.1413,      5.4966,     10.9933,      1.2489,     27.8036,     55.6072,      0.0189,      0.0014,      0.0156,      0.2042,   7576.8579,-418422.4688,   -930.3613,    542.7156,  25256.1914,
       1,     166,     364,       6,       1,       3,       1,     10.0000,      1.3860,     42.3817,    244.7471,     61.5941,      3.4953,      0.0000,     -0.0310,      1.4104,      0.1386,      5.4966,     10.9933,      1.2251,     27.8036,     55.6072,      0.0189,      0.0011,      0.0156,      0.2042,   7576.8579,-418584.0625,   -930.3917,    542.7047,  25256.1934,
       1,     166,     364,       7,       1,       3,       1,     10.0000,      1.3860,     42.3817,    244.7471,     61.5941,      3.4953,      0.0000,     -0.0309,      1.4693,      0.1371,      5.4966,     10.9933,      1.2116,     27.8036,     55.6072,      0.0189,      0.0012,      0.0156,      0.2042,   7576.8584,-418204.5312,   -930.3088,    542.7305,  25256.1914,
       1,     166,     364,       8,       1,       3,       1,     10.0000,      1.3860,     42.3817,    244.7471,     61.5941,      3.4953,      0.0015,     -0.0294,      1.3098,      0.1373,      5.4966,     10.9933,      1.2128,     27.8036,     55.6072,      0.0189,      0.0010,      0.0156,      0.2042,   7576.8579,-418245.9062,   -930.3149,    542.7276,  25256.1914,
       1,     166,     364,       9,       1,       3,       1,     10.0000,      1.3860,     42.3817,    244.7471,     61.5941,      3.4953,      0.0732,      0.0422,      8.4059,      0.1412,      5.4966,     10.9933,      1.2476,     27.8036,     55.6072,      0.0189,      0.0012,      0.0862,      0.2042,   7576.8579,-418050.9375,   -930.2715,    542.7408,  25256.1895,
       1,     166,     364,      10,       1,       3,       1,     10.0000,      1.3860,     42.3817,    244.7471,     61.5941,      3.4953,      0.1565,      0.1245,     21.7537,      0.1675,      5.4966,     10.9933,      1.4798,     27.8036,     55.6072,      0.0189,      0.0013,      0.2069,      0.2042,   7576.8569,-426870.7188,   -932.1245,    542.1425,  25256.1895,
       1,     166,     364,      11,       1,       3,       1,     10.0000,      1.3860,     42.3817,    244.7471,     61.5941,      3.4953,      0.1807,      0.1479,     26.1158,      0.1938,      5.4966,     10.9933,      1.7126,     27.8036,     55.6072,      0.0189,      0.0013,      0.2423,      0.2042,   7576.8569,-444238.8125,   -935.7779,    540.9658,  25256.1895,
       1,     166,     364,      12,       1,       3,       1,     10.0000,      1.3860,     42.3817,    244.7471,     61.5941,      3.4953,      0.1860,      0.1530,     28.6947,      0.2014,      5.4966,     10.9933,      1.7798,     27.8036,     55.6072,      0.0189,      0.0014,      0.2500,      0.2042,   7576.8569,-451141.6250,   -937.2479,    540.5003,  25256.1895,
       1,     166,     364,      13,       1,       3,       1,     10.0000,      1.3860,     42.3817,    244.7471,     61.5941,      3.4953,      0.1865,      0.1535,     34.2348,      0.2010,      5.4966,     10.9933,      1.7763,     27.8036,     55.6072,      0.0189,      0.0017,      0.2500,      0.2042,   7576.8569,-454935.5312,   -938.0809,    540.2443,  25256.1895,
       1,     166,     364,      14,       1,       3,       1,     10.0000,      1.3860,     42.3817,    244.7471,     61.5941,      3.4953,      0.1867,      0.1534,     38.3185,      0.2103,      5.4966,     10.9933,      1.8586,     27.8036,     55.6072,      0.0189,      0.0019,      0.2500,      0.2042,   7576.8569,-462157.1875,   -939.6429,    539.7566,  25256.1895,
       1,     166,     364,      15,       1,       3,       1,     10.0000,      1.3860,     42.3817,    244.7471,     61.5941,      3.4953,      0.1886,      0.1553,     62.8462,      0.2124,      5.4966,     10.9933,      1.8770,     27.8036,     55.6072,      0.0189,      0.0031,      0.2500,      0.2042,   7576.8569,-467854.7500,   -940.9166,    539.3724,  25256.1895,
       1,     166,     364,      16,       1,       3,       1,     10.0000,      1.3860,     42.3817,    244.7471,     61.5941,      3.4953,      0.1902,      0.1569,    104.5676,      0.2114,      5.4966,     10.9933,      1.8678,     27.8036,     55.6072,      0.0189,      0.0053,      0.2475,      0.2042,   7576.8569,-498898.2500,   -947.5747,    537.2795,  25256.1895,
       1,     166,     364,      17,       1,       3,       1,     10.0000,      1.3860,     42.3817,    244.7471,     61.5941,      3.4953,      0.1807,      0.1475,    101.8561,      0.2081,      5.4966,     10.9933,      1.8386,     27.8036,     55.6072,      0.0189,      0.0054,      0.2336,      0.2042,   7576.8569,-553537.4375,   -959.3526,    533.6141,  25256.1895,
       1,     166,     364,      18,       1,       3,       1,     10.0000,      1.3860,     42.3817,    244.7471,     61.5941,      3.4953,      0.1564,      0.1236,     79.7358,      0.1934,      5.4966,     10.9933,      1.7092,     27.8036,     55.6072,      0.0189,      0.0050,      0.2000,      0.2041,   7576.8569,-554785.7500,   -960.0719,    533.5433,  25256.1875,
       1,     166,     364,      19,       1,       3,       1,     10.0000,      1.3860,     42.3817,    244.7471,     61.5941,      3.4953,      0.0820,      0.0496,     41.5283,      0.1789,      5.4966,     10.9933,      1.5804,     27.8036,     55.6072,      0.0189,      0.0055,      0.0944,      0.2041,   7576.8564,-527273.8125,   -954.7134,    535.3781,  25256.1855,
       1,     166,     364,      20,       1,       3,       1,     10.0000,      1.3860,     42.3817,    244.7471,     61.5941,      3.4953,      0.0054,     -0.0265,      6.6426,      0.1658,      5.4966,     10.9933,      1.4651,     27.8036,     55.6072,      0.0189,      0.0053,      0.0156,      0.2041,   7576.8560,-477317.9062,   -944.4620,    538.7244,  25256.1875,
       1,     166,     364,      21,       1,       3,       1,     10.0000,      1.3860,     42.3817,    244.7471,     61.5941,      3.4953,      0.0000,     -0.0316,      6.6102,      0.1561,      5.4966,     10.9933,      1.3797,     27.8036,     55.6072,      0.0189,      0.0053,      0.0156,      0.2042,   7576.8564,-429668.4062,   -934.4819,    541.9437,  25256.1875,
       1,     166,     364,      22,       1,       3,       1,     10.0000,      1.3860,     42.3817,    244.7471,     61.5941,      3.4953,      0.0000,     -0.0314,      6.1202,      0.1497,      5.4966,     10.9933,      1.3227,     27.8036,     55.6072,      0.0189,      0.0049,      0.0156,      0.2042,   7576.8564,-425628.1562,   -933.6201,    542.2270,  25256.1895,
       1,     166,     364,      23,       1,       3,       1,     10.0000,      1.3860,     42.3817,    244.7471,     61.5941,      3.4953,      0.0000,     -0.0312,      5.1730,      0.1467,      5.4966,     10.9933,      1.2963,     27.8036,     55.6072,      0.0189,      0.0041,      0.0156,      0.2042,   7576.8569,-424664.8438,   -933.4066,    542.2923,  25256.1875,
       1,     166,     364,      24,       1,       3,       1,     10.0000,      1.3860,     42.3817,    244.7471,     61.5941,      3.4953,      0.0000,     -0.0312,      4.3293,      0.1457,      5.4966,     10.9933,      1.2872,     27.8036,     55.6072,      0.0189,      0.0035,      0.0156,      0.2042,   7576.8564,-423404.1250,   -933.1329,    542.3778,  25256.1895,
       1,     166,     365,       1,       1,       3,       1,     10.0000,      1.3860,     42.3820,    244.7528,     61.5955,      3.4953,      0.0000,     -0.0312,      3.6408,      0.1458,      5.4967,     10.9933,      1.2886,     27.8086,     55.6173,      0.0189,      0.0029,      0.0156,      0.2043,   7576.8569,-422400.2500,   -933.2066,    542.4585,  25257.3086,
       1,     166,     365,       2,       1,       3,       1,     10.0000,      1.3860,     42.3820,    244.7528,     61.5955,      3.4953,      0.0000,     -0.0311,      2.8812,      0.1432,      5.4967,     10.9933,      1.2654,     27.8086,     55.6173,      0.0189,      0.0023,      0.0156,      0.2043,   7577.1929,-421307.3125,   -932.6801,    542.5326,  25257.3086,
       1,     166,     365,       3,       1,       3,       1,     10.0000,      1.3860,     42.3820,    244.7528,     61.5955,      3.4953,      0.0000,     -0.0311,      2.2201,      0.1415,      5.4967,     10.9933,      1.2501,     27.8086,     55.6173,      0.0189,      0.0018,      0.0156,      0.2043,   7577.1929,-420269.1562,   -932.4565,    542.6030,  25257.3105,
       1,     166,     365,       4,       1,       3,       1,     10.0000,      1.3860,     42.3820,    244.7528,     61.5955,      3.4953,      0.0000,     -0.0311,      1.8705,      0.1432,      5.4967,     10.9933,      1.2654,     27.8086,     55.6173,      0.0189,      0.0015,      0.0156,      0.2043,   7577.1934,-419358.2500,   -932.2606,    542.6647,  25257.3086,
       1,     166,     365,       5,       1,       3,       1,     10.0000,      1.3860,     42.3820,    244.7528,     61.5955,      3.4953,      0.0000,     -0.0312,      1.8956,      0.1466,      5.4967,     10.9933,      1.2951,     27.8086,     55.6173,      0.0189,      0.0015,      0.0156,      0.2043,   7577.1929,-418846.4062,   -932.1503,    542.6995,  25257.3086,
       1,     166,     365,       6,       1,       3,       1,     10.0000,      1.3860,     42.3820,    244.7528,     61.5955,      3.4953,      0.0000,     -0.0312,      2.0464,      0.1460,      5.4967,     10.9933,      1.2899,     27.8086,     55.6173,      0.0189,      0.0016,      0.0156,      0.2043,   7577.1929,-418834.2188,   -932.1453,    542.7003,  25257.3086,
       1,     166,     365,       7,       1,       3,       1,     10.0000,      1.3860,     42.3820,    244.7528,     61.5955,      3.4953,      0.0000,     -0.0311,      1.7218,      0.1423,      5.4967,     10.9933,      1.2577,     27.8086,     55.6173,      0.0189,      0.0014,      0.0156,      0.2043,   7577.1929,-419020.9688,   -932.1821,    542.6877,  25257.3086,
       1,     166,     365,       8,       1,       3,       1,     10.0000,      1.3860,     42.3820,    244.7528,     61.5955,      3.4953,      0.0013,     -0.0299,      1.6354,      0.1431,      5.4967,     10.9933,      1.2641,     27.8086,     55.6173,      0.0189,      0.0013,      0.0156,      0.2043,   7577.1929,-418632.5625,   -932.0977,    542.7141,  25257.3066,
       1,     166,     365,       9,       1,       3,       1,     10.0000,      1.3860,     42.3820,    244.7528,     61.5955,      3.4953,      0.0657,      0.0344,      8.9164,      0.1482,      5.4967,     10.9933,      1.3095,     27.8086,     55.6173,      0.0189,      0.0015,      0.0750,      0.2043,   7577.1924,-418492.3438,   -932.0665,    542.7235,  25257.3086,
       1,     166,     365,      10,       1,       3,       1,     10.0000,      1.3860,     42.3820,    244.7528,     61.5955,      3.4953,      0.1570,      0.1250,     27.0335,      0.1671,      5.4967,     10.9933,      1.4769,     27.8086,     55.6173,      0.0189,      0.0016,      0.2070,      0.2043,   7577.1929,-427545.4375,   -933.9879,    542.1093,  25257.3086,
       1,     166,     365,      11,       1,       3,       1,     10.0000,      1.3860,     42.3820,    244.7528,     61.5955,      3.4953,      0.1819,      0.1494,     31.9737,      0.1867,      5.4967,     10.9933,      1.6494,     27.8086,     55.6173,      0.0189,      0.0016,      0.2434,      0.2043,   7577.1929,-450870.4688,   -938.9531,    540.5291,  25257.3086,
       1,     166,     365,      12,       1,       3,       1,     10.0000,      1.3860,     42.3820,    244.7528,     61.5955,      3.4953,      0.1861,      0.1536,     28.4714,      0.1846,      5.4967,     10.9933,      1.6315,     27.8086,     55.6173,      0.0189,      0.0014,      0.2500,      0.2042,   7577.1929,-458998.3438,   -940.7308,    539.9822,  25257.3066,
       1,     166,     365,      13,       1,       3,       1,     10.0000,      1.3860,     42.3820,    244.7528,     61.5955,      3.4953,      0.1864,      0.1534,     33.6102,      0.2004,      5.4967,     10.9933,      1.7711,     27.8086,     55.6173,      0.0189,      0.0017,      0.2500,      0.2042,   7577.1924,-455318.5625,   -940.0245,    540.2309,  25257.3086,
       1,     166,     365,      14,       1,       3,       1,     10.0000,      1.3860,     42.3820,    244.7528,     61.5955,      3.4953,      0.1868,      0.1537,     38.2234,      0.2030,      5.4967,     10.9933,      1.7939,     27.8086,     55.6173,      0.0189,      0.0019,      0.2500,      0.2042,   7577.1929,-461409.4688,   -941.3795,    539.8196,  25257.3066,
       1,     166,     365,      15,       1,       3,       1,     10.0000,      1.3860,     42.3820,    244.7528,     61.5955,      3.4953,      0.1885,      0.1553,     61.2215,      0.2081,      5.4967,     10.9933,      1.8386,     27.8086,     55.6173,      0.0189,      0.0031,      0.2500,      0.2042,   7577.1924,-467670.7188,   -942.7929,    539.3973,  25257.3066,
       1,     166,     365,      16,       1,       3,       1,     10.0000,      1.3860,     42.3820,    244.7528,     61.5955,      3.4953,      0.1901,      0.1576,     78.9592,      0.1856,      5.4967,     10.9933,      1.6396,     27.8086,     55.6173,      0.0189,      0.0039,      0.2500,      0.2042,   7577.1924,-496852.1875,   -949.1131,    537.4299,  25257.3047,
       1,     166,     365,      17,       1,       3,       1,     10.0000,      1.3860,     42.3820,    244.7528,     61.5955,      3.4953,      0.1812,      0.1482,     83.9697,      0.1996,      5.4967,     10.9933,      1.7641,     27.8086,     55.6173,      0.0189,      0.0044,      0.2364,      0.2042,   7577.1919,-521430.1875,   -955.1050,    535.7824,  25257.3047,
       1,     166,     365,      18,       1,       3,       1,     10.0000,      1.3860,     42.3820,    244.7528,     61.5955,      3.4953,      0.1588,      0.1260,     81.0042,      0.1923,      5.4967,     10.9933,      1.6991,     27.8086,     55.6173,      0.0189,      0.0050,      0.2034,      0.2042,   7577.1919,-529749.3750,   -957.1973,    535.2278,  25257.3086,
       1,     166,     365,      19,       1,       3,       1,     10.0000,      1.3860,     42.3820,    244.7528,     61.5955,      3.4953,      0.0899,      0.0576,     41.6005,      0.1778,      5.4967,     10.9933,      1.5710,     27.8086,     55.6173,      0.0189,      0.0049,      0.1061,      0.2041,   7577.1929,-526747.7500,   -956.9161,    535.4288,  25257.3047,
       1,     166,     365,      20,       1,       3,       1,     10.0000,      1.3860,     42.3820,    244.7528,     61.5955,      3.4953,      0.0034,     -0.0284,      6.0256,      0.1638,      5.4967,     10.9933,      1.4477,     27.8086,     55.6173,      0.0189,      0.0048,      0.0156,      0.2042,   7577.1919,-477356.6875,   -946.7075,    538.7346,  25257.3047,
       1,     166,     365,      21,       1,       3,       1,     10.0000,      1.3860,     42.3820,    244.7528,     61.5955,      3.4953,      0.0000,     -0.0316,      4.2889,      0.1566,      5.4967,     10.9933,      1.3839,     27.8086,     55.6173,      0.0189,      0.0034,      0.0156,      0.2042,   7577.1919,-428904.2500,   -936.4873,    542.0076,  25257.3027,
       1,     166,     365,      22,       1,       3,       1,     10.0000,      1.3860,     42.3820,    244.7528,     61.5955,      3.4953,      0.0000,     -0.0314,      5.2786,      0.1521,      5.4967,     10.9933,      1.3442,     27.8086,     55.6173,      0.0189,      0.0042,      0.0156,      0.2043,   7577.1909,-422676.2500,   -935.1579,    542.4396,  25257.3066,
       1,     166,     365,      23,       1,       3,       1,     10.0000,      1.3860,     42.3820,    244.7528,     61.5955,      3.4953,      0.0000,     -0.0317,      5.4985,      0.1585,      5.4967,     10.9933,      1.4006,     27.8086,     55.6173,      0.0189,      0.0044,      0.0156,      0.2043,   7577.1924,-423370.1875,   -935.2942,    542.3927,  25257.3047,
       1,     166,     365,      24,       1,       3,       1,     10.0000,      1.3860,     42.3820,    244.7528,     61.5955,      3.4953,      0.0000,     -0.0315,      4.4876,      0.1524,      5.4967,     10.9933,      1.3469,     27.8086,     55.6173,      0.0189,      0.0036,      0.0156,      0.2043,   7577.1919,-423702.6250,   -935.3555,    542.3702,  25257.3047,
       1,     167,       1,       1,       1,       3,       1,     10.0000,      1.3860,     42.3823,    244.7585,     61.5969,      3.4953,      0.0000,     -0.0146,      3.8225,      0.1488,      5.4970,     10.9941,      1.3148,     27.8138,     55.6275,      0.0189,      0.0031,      0.0156,      0.1962,   7559.6816,-416231.0938,   -934.0460,    542.2457,  25200.0605,
       1,     167,       1,       2,       1,       3,       1,     10.0000,      1.3860,     42.3823,    244.7585,     61.5969,      3.4953,      0.0000,     -0.0146,      3.4322,      0.1482,      5.4970,     10.9941,      1.3095,     27.8138,     55.6275,      0.0189,      0.0027,      0.0156,      0.1962,   7560.0186,-421195.1250,   -934.7611,    541.9092,  25200.0586,
       1,     167,       1,       3,       1,       3,       1,     10.0000,      1.3860,     42.3823,    244.7585,     61.5969,      3.4953,      0.0000,     -0.0147,      3.5982,      0.1505,      5.4970,     10.9941,      1.3294,     27.8138,     55.6275,      0.0189,      0.0029,      0.0156,      0.1962,   7560.0181,-421125.9375,   -934.7413,    541.9139,  25200.0586,
       1,     167,       1,       4,       1,       3,       1,     10.0000,      1.3860,     42.3823,    244.7585,     61.5969,      3.4953,      0.0000,     -0.0147,      4.2652,      0.1501,      5.4970,     10.9941,      1.3268,     27.8138,     55.6275,      0.0189,      0.0034,      0.0156,      0.1962,   7560.0181,-421334.3750,   -934.7778,    541.8999,  25200.0566,
       1,     167,       1,       5,       1,       3,       1,     10.0000,      1.3860,     42.3823,    244.7585,     61.5969,      3.4953,      0.0000,     -0.0146,      3.6563,      0.1491,      5.4970,     10.9941,      1.3175,     27.8138,     55.6275,      0.0189,      0.0029,      0.0156,      0.1962,   7560.0171,-422214.6875,   -934.9516,    541.8403,  25200.0566,
       1,     167,       1,       6,       1,       3,       1,     10.0000,      1.3860,     42.3823,    244.7585,     61.5969,      3.4953,      0.0000,     -0.0145,      3.3407,      0.1454,      5.4970,     10.9941,      1.2847,     27.8138,     55.6275,      0.0189,      0.0027,      0.0156,      0.1962,   7560.0171,-421504.8750,   -934.8000,    541.8883,  25200.0586,
       1,     167,       1,       7,       1,       3,       1,     10.0000,      1.3860,     42.3823,    244.7585,     61.5969,      3.4953,      0.0000,     -0.0142,      3.3302,      0.1378,      5.4970,     10.9941,      1.2178,     27.8138,     55.6275,      0.0189,      0.0027,      0.0156,      0.1962,   7560.0181,-421034.7500,   -934.6971,    541.9202,  25200.0586,
       1,     167,       1,       8,       1,       3,       1,     10.0000,      1.3860,     42.3823,    244.7585,     61.5969,      3.4953,      0.0017,     -0.0128,      3.6041,      0.1431,      5.4970,     10.9941,      1.2641,     27.8138,     55.6275,      0.0189,      0.0029,      0.0156,      0.1962,   7560.0181,-420979.8750,   -934.6809,    541.9240,  25200.0566,
       1,     167,       1,       9,       1,       3,       1,     10.0000,      1.3860,     42.3823,    244.7585,     61.5969,      3.4953,      0.0735,      0.0588,     19.4362,      0.1495,      5.4970,     10.9941,      1.3214,     27.8138,     55.6275,      0.0189,      0.0028,      0.0851,      0.1962,   7560.0171,-421329.4375,   -934.7475,    541.9002,  25200.0586,
       1,     167,       1,      10,       1,       3,       1,     10.0000,      1.3860,     42.3823,    244.7585,     61.5969,      3.4953,      0.1552,      0.1402,     44.7357,      0.1598,      5.4970,     10.9941,      1.4119,     27.8138,     55.6275,      0.0189,      0.0028,      0.2023,      0.1962,   7560.0181,-441816.9062,   -938.9676,    540.5125,  25200.0566,
       1,     167,       1,      11,       1,       3,       1,     10.0000,      1.3860,     42.3823,    244.7585,     61.5969,      3.4953,      0.1825,      0.1670,     56.1912,      0.1759,      5.4970,     10.9941,      1.5540,     27.8138,     55.6275,      0.0189,      0.0029,      0.2413,      0.1961,   7560.0171,-476315.3750,   -946.1127,    538.1834,  25200.0586,
       1,     167,       1,      12,       1,       3,       1,     10.0000,      1.3860,     42.3823,    244.7585,     61.5969,      3.4953,      0.1848,      0.1689,     50.0406,      0.1865,      5.4970,     10.9941,      1.6478,     27.8138,     55.6275,      0.0189,      0.0025,      0.2455,      0.1961,   7560.0181,-494156.5000,   -949.9269,    536.9881,  25200.0586,
       1,     167,       1,      13,       1,       3,       1,     10.0000,      1.3860,     42.3823,    244.7585,     61.5969,      3.4953,      0.1890,      0.1731,     64.8952,      0.1857,      5.4970,     10.9941,      1.6412,     27.8138,     55.6275,      0.0189,      0.0032,      0.2500,      0.1961,   7560.0181,-487755.0000,   -948.8047,    537.4192,  25200.0566,
       1,     167,       1,      14,       1,       3,       1,     10.0000,      1.3860,     42.3823,    244.7585,     61.5969,      3.4953,      0.1882,      0.1721,     70.8965,      0.1921,      5.4970,     10.9941,      1.6975,     27.8138,     55.6275,      0.0189,      0.0036,      0.2481,      0.1961,   7560.0171,-506409.2188,   -952.8360,    536.1663,  25200.0586,
       1,     167,       1,      15,       1,       3,       1,     10.0000,      1.3860,     42.3823,    244.7585,     61.5969,      3.4953,      0.1901,      0.1740,     79.7106,      0.1927,      5.4970,     10.9941,      1.7025,     27.8138,     55.6275,      0.0189,      0.0040,      0.2500,      0.1961,   7560.0181,-515804.7812,   -955.0259,    535.5380,  25200.0566,
       1,     167,       1,      16,       1,       3,       1,     10.0000,      1.3860,     42.3823,    244.7585,     61.5969,      3.4953,      0.1882,      0.1722,    100.1117,      0.1908,      5.4970,     10.9941,      1.6857,     27.8138,     55.6275,      0.0189,      0.0051,      0.2448,      0.1961,   7560.0171,-528029.0625,   -957.8398,    534.7200,  25200.0586,
       1,     167,       1,      17,       1,       3,       1,     10.0000,      1.3860,     42.3823,    244.7585,     61.5969,      3.4953,      0.1834,      0.1677,    105.0043,      0.1834,      5.4970,     10.9941,      1.6202,     27.8138,     55.6275,      0.0189,      0.0055,      0.2371,      0.1961,   7560.0181,-555500.3125,   -963.8638,    532.8845,  25200.0586,
       1,     167,       1,      18,       1,       3,       1,     10.0000,      1.3860,     42.3823,    244.7585,     61.5969,      3.4953,      0.1641,      0.1486,     88.3194,      0.1752,      5.4970,     10.9941,      1.5478,     27.8138,     55.6275,      0.0189,      0.0052,      0.2105,      0.1960,   7560.0181,-564239.3125,   -966.1229,    532.3055,  25200.0566,
       1,     167,       1,      19,       1,       3,       1,     10.0000,      1.3860,     42.3823,    244.7585,     61.5969,      3.4953,      0.1009,      0.0858,     56.3603,      0.1645,      5.4970,     10.9941,      1.4535,     27.8138,     55.6275,      0.0189,      0.0058,      0.1209,      0.1960,   7560.0171,-543390.1875,   -962.2812,    533.6931,  25200.0566,
       1,     167,       1,      20,       1,       3,       1,     10.0000,      1.3860,     42.3823,    244.7585,     61.5969,      3.4953,      0.0065,     -0.0085,      7.4005,      0.1592,      5.4970,     10.9941,      1.4063,     27.8138,     55.6275,      0.0189,      0.0059,      0.0156,      0.1960,   7560.0171,-500205.2812,   -953.6993,    536.5758,  25200.0566,
       1,     167,       1,      21,       1,       3,       1,     10.0000,      1.3860,     42.3823,    244.7585,     61.5969,      3.4953,      0.0000,     -0.0148,      6.9031,      0.1546,      5.4970,     10.9941,      1.3660,     27.8138,     55.6275,      0.0189,      0.0055,      0.0156,      0.1961,   7560.0171,-433127.3750,   -939.9509,    541.0826,  25200.0566,
       1,     167,       1,      22,       1,       3,       1,     10.0000,      1.3860,     42.3823,    244.7585,     61.5969,      3.4953,      0.0000,     -0.0147,      6.5602,      0.1518,      5.4970,     10.9941,      1.3415,     27.8138,     55.6275,      0.0189,      0.0052,      0.0156,      0.1962,   7560.0171,-426679.5938,   -938.6129,    541.5378,  25200.0566,
       1,     167,       1,      23,       1,       3,       1,     10.0000,      1.3860,     42.3823,    244.7585,     61.5969,      3.4953,      0.0000,     -0.0147,      6.0800,      0.1517,      5.4970,     10.9941,      1.3402,     27.8138,     55.6275,      0.0189,      0.0049,      0.0156,      0.1962,   7560.0171,-425648.3438,   -938.3933,    541.6078,  25200.0547,
       1,     167,       1,      24,       1,       3,       1,     10.0000,      1.3860,     42.3823,    244.7585,     61.5969,      3.4953,      0.0000,     -0.0146,      4.9556,      0.1486,      5.4970,     10.9941,      1.3135,     27.8138,     55.6275,      0.0189,      0.0040,      0.0156,      0.1962,   7560.0166,-424937.5000,   -938.2404,    541.6559,  25200.0547,
       1,     167,       2,       1,       1,       3,       1,     10.0000,      1.3860,     42.3826,    244.7643,     61.5984,      3.4953,      0.0000,     -0.0313,      4.2502,      0.1472,      5.4961,     10.9923,      1.3004,     27.8296,     55.6592,      0.0189,      0.0034,      0.0156,      0.1962,   7560.0166,-424406.9688,   -938.4205,    542.3472,  25201.1758,
       1,     167,       2,       2,       1,       3,       1,     10.0000,      1.3860,     42.3826,    244.7643,     61.5984,      3.4953,      0.0000,     -0.0313,      3.7746,      0.1472,      5.4961,     10.9923,      1.3004,     27.8296,     55.6592,      0.0189,      0.0030,      0.0156,      0.1962,   7560.3530,-422467.5938,   -937.7192,    542.4791,  25201.1758,
       1,     167,       2,       3,       1,       3,       1,     10.0000,      1.3860,     42.3826,    244.7643,     61.5984,      3.4953,      0.0000,     -0.0312,      3.4026,      0.1455,      5.4961,     10.9923,      1.2860,     27.8296,     55.6592,      0.0189,      0.0027,      0.0156,      0.1962,   7560.3530,-421682.7188,   -937.5532,    542.5323,  25201.1777,
       1,     167,       2,       4,       1,       3,       1,     10.0000,      1.3860,     42.3826,    244.7643,     61.5984,      3.4953,      0.0000,     -0.0312,      3.1529,      0.1450,      5.4961,     10.9923,      1.2808,     27.8296,     55.6592,      0.0189,      0.0025,      0.0156,      0.1962,   7560.3535,-421133.1562,   -937.4361,    542.5696,  25201.1758,
       1,     167,       2,       5,       1,       3,       1,     10.0000,      1.3860,     42.3826,    244.7643,     61.5984,      3.4953,      0.0000,     -0.0313,      3.2081,      0.1470,      5.4961,     10.9923,      1.2990,     27.8296,     55.6592,      0.0189,      0.0026,      0.0156,      0.1962,   7560.3530,-420762.6562,   -937.3567,    542.5948,  25201.1758,
       1,     167,       2,       6,       1,       3,       1,     10.0000,      1.3860,     42.3826,    244.7643,     61.5984,      3.4953,      0.0000,     -0.0312,      2.9766,      0.1438,      5.4961,     10.9923,      1.2706,     27.8296,     55.6592,      0.0189,      0.0024,      0.0156,      0.1962,   7560.3530,-420801.3750,   -937.3616,    542.5922,  25201.1777,
       1,     167,       2,       7,       1,       3,       1,     10.0000,      1.3860,     42.3826,    244.7643,     61.5984,      3.4953,      0.0000,     -0.0312,      2.8315,      0.1439,      5.4961,     10.9923,      1.2718,     27.8296,     55.6592,      0.0189,      0.0023,      0.0156,      0.1962,   7560.3535,-420505.4688,   -937.2972,    542.6122,  25201.1738,
       1,     167,       2,       8,       1,       3,       1,     10.0000,      1.3860,     42.3826,    244.7643,     61.5984,      3.4953,      0.0008,     -0.0302,      2.8460,      0.1403,      5.4961,     10.9923,      1.2401,     27.8296,     55.6592,      0.0189,      0.0023,      0.0156,      0.1962,   7560.3525,-420292.6250,   -937.2514,    542.6266,  25201.1758,
       1,     167,       2,       9,       1,       3,       1,     10.0000,      1.3860,     42.3826,    244.7643,     61.5984,      3.4953,      0.0550,      0.0238,     10.8003,      0.1455,      5.4961,     10.9923,      1.2860,     27.8296,     55.6592,      0.0189,      0.0023,      0.0591,      0.1962,   7560.3530,-420292.5625,   -937.2485,    542.6266,  25201.1758,
       1,     167,       2,      10,       1,       3,       1,     10.0000,      1.3860,     42.3826,    244.7643,     61.5984,      3.4953,      0.1541,      0.1223,     40.5108,      0.1611,      5.4961,     10.9923,      1.4233,     27.8296,     55.6592,      0.0189,      0.0025,      0.2011,      0.1962,   7560.3530,-430568.0000,   -939.3801,    541.9297,  25201.1758,
       1,     167,       2,      11,       1,       3,       1,     10.0000,      1.3860,     42.3826,    244.7643,     61.5984,      3.4953,      0.1805,      0.1481,     46.6526,      0.1821,      5.4961,     10.9923,      1.6090,     27.8296,     55.6592,      0.0189,      0.0024,      0.2396,      0.1962,   7560.3530,-469856.1875,   -947.5508,    539.2688,  25201.1758,
       1,     167,       2,      12,       1,       3,       1,     10.0000,      1.3860,     42.3826,    244.7643,     61.5984,      3.4953,      0.1853,      0.1523,     50.4542,      0.2008,      5.4961,     10.9923,      1.7747,     27.8296,     55.6592,      0.0189,      0.0026,      0.2463,      0.1961,   7560.3530,-481253.2188,   -950.0212,    538.5070,  25201.1758,
       1,     167,       2,      13,       1,       3,       1,     10.0000,      1.3860,     42.3826,    244.7643,     61.5984,      3.4953,      0.1874,      0.1540,     46.3292,      0.2114,      5.4961,     10.9923,      1.8679,     27.8296,     55.6592,      0.0189,      0.0023,      0.2500,      0.1961,   7560.3530,-487157.7812,   -951.3918,    538.1101,  25201.1738,
       1,     167,       2,      14,       1,       3,       1,     10.0000,      1.3860,     42.3826,    244.7643,     61.5984,      3.4953,      0.1873,      0.1541,     49.6510,      0.2071,      5.4961,     10.9923,      1.8297,     27.8296,     55.6592,      0.0189,      0.0025,      0.2494,      0.1961,   7560.3525,-482339.3125,   -950.5488,    538.4343,  25201.1758,
       1,     167,       2,      15,       1,       3,       1,     10.0000,      1.3860,     42.3826,    244.7643,     61.5984,      3.4953,      0.1887,      0.1557,     63.1478,      0.2012,      5.4961,     10.9923,      1.7782,     27.8296,     55.6592,      0.0189,      0.0031,      0.2500,      0.1961,   7560.3530,-486213.5938,   -951.5025,    538.1736,  25201.1738,
       1,     167,       2,      16,       1,       3,       1,     10.0000,      1.3860,     42.3826,    244.7643,     61.5984,      3.4953,      0.1852,      0.1522,     85.1836,      0.2016,      5.4961,     10.9923,      1.7817,     27.8296,     55.6592,      0.0189,      0.0044,      0.2422,      0.1961,   7560.3525,-504005.0625,   -955.3696,    536.9768,  25201.1738,
       1,     167,       2,      17,       1,       3,       1,     10.0000,      1.3860,     42.3826,    244.7643,     61.5984,      3.4953,      0.1724,      0.1396,    103.0204,      0.1954,      5.4961,     10.9923,      1.7263,     27.8296,     55.6592,      0.0189,      0.0058,      0.2211,      0.1961,   7560.3525,-534065.4375,   -961.8682,    534.9604,  25201.1738,
       1,     167,       2,      18,       1,       3,       1,     10.0000,      1.3860,     42.3826,    244.7643,     61.5984,      3.4953,      0.1417,      0.1092,     86.9268,      0.1863,      5.4961,     10.9923,      1.6462,     27.8296,     55.6592,      0.0189,      0.0061,      0.1775,      0.1961,   7560.3525,-559781.9375,   -967.5897,    533.2446,  25201.1738,
       1,     167,       2,      19,       1,       3,       1,     10.0000,      1.3860,     42.3826,    244.7643,     61.5984,      3.4953,      0.0614,      0.0293,     30.2763,      0.1700,      5.4961,     10.9923,      1.5023,     27.8296,     55.6592,      0.0189,      0.0058,      0.0654,      0.1960,   7560.3525,-541193.5000,   -964.1746,    534.4863,  25201.1738,
       1,     167,       2,      20,       1,       3,       1,     10.0000,      1.3860,     42.3826,    244.7643,     61.5984,      3.4953,      0.0051,     -0.0265,      6.3820,      0.1584,      5.4961,     10.9923,      1.3993,     27.8296,     55.6592,      0.0189,      0.0051,      0.0156,      0.1961,   7560.3525,-466253.2188,   -948.8951,    539.4946,  25201.1719,
       1,     167,       2,      21,       1,       3,       1,     10.0000,      1.3860,     42.3826,    244.7643,     61.5984,      3.4953,      0.0000,     -0.0315,      5.8514,      0.1529,      5.4961,     10.9923,      1.3510,     27.8296,     55.6592,      0.0189,      0.0047,      0.0156,      0.1961,   7560.3521,-428901.7500,   -941.1714,    542.0370,  25201.1719,
       1,     167,       2,      22,       1,       3,       1,     10.0000,      1.3860,     42.3826,    244.7643,     61.5984,      3.4953,      0.0000,     -0.0314,      5.4576,      0.1506,      5.4961,     10.9923,      1.3308,     27.8296,     55.6592,      0.0189,      0.0044,      0.0156,      0.1962,   7560.3521,-424937.1250,   -940.3453,    542.3116,  25201.1699,
       1,     167,       2,      23,       1,       3,       1,     10.0000,      1.3860,     42.3826,    244.7643,     61.5984,      3.4953,      0.0000,     -0.0314,      4.9398,      0.1494,      5.4961,     10.9923,      1.3201,     27.8296,     55.6592,      0.0189,      0.0039,      0.0156,      0.1962,   7560.3511,-424074.0625,   -940.1644,    542.3702,  25201.1738,
       1,     167,       2,      24,       1,       3,       1,     10.0000,      1.3860,     42.3826,    244.7643,     61.5984,      3.4953,      0.0000,     -0.0314,      3.8284,      0.1506,      5.4961,     10.9923,      1.3308,     27.8296,     55.6592,      0.0189,      0.0031,      0.0156,      0.1962,   7560.3525,-423328.9062,   -940.0058,    542.4208,  25201.1719,
       1,     167,       3,       1,       1,       3,       1,     10.0000,      1.3860,     42.3830,    244.7700,     61.5998,      3.4953,      0.0000,     -0.0313,      2.9594,      0.1478,      5.4971,     10.9942,      1.3056,     27.8329,     55.6659,      0.0189,      0.0024,      0.0156,      0.1962,   7560.3521,-421982.4688,   -940.0261,    542.5247,  25202.2969,
       1,     167,       3,       2,       1,       3,       1,     10.0000,      1.3860,     42.3830,    244.7700,     61.5998,      3.4953,      0.0000,     -0.0312,      2.3963,      0.1454,      5.4971,     10.9942,      1.2848,     27.8329,     55.6659,      0.0189,      0.0019,      0.0156,      0.1962,   7560.6895,-420589.8125,   -939.4338,    542.6192,  25202.2969,
       1,     167,       3,       3,       1,       3,       1,     10.0000,      1.3860,     42.3830,    244.7700,     61.5998,      3.4953,      0.0000,     -0.0312,      2.1773,      0.1455,      5.4971,     10.9942,      1.2861,     27.8329,     55.6659,      0.0189,      0.0017,      0.0156,      0.1962,   7560.6895,-419740.5000,   -939.2560,    542.6768,  25202.2969,
       1,     167,       3,       4,       1,       3,       1,     10.0000,      1.3860,     42.3830,    244.7700,     61.5998,      3.4953,      0.0000,     -0.0312,      2.0465,      0.1444,      5.4971,     10.9942,      1.2757,     27.8329,     55.6659,      0.0189,      0.0016,      0.0156,      0.1962,   7560.6895,-419383.2188,   -939.1810,    542.7010,  25202.2969,
       1,     167,       3,       5,       1,       3,       1,     10.0000,      1.3860,     42.3830,    244.7700,     61.5998,      3.4953,      0.0000,     -0.0309,      1.9749,      0.1375,      5.4971,     10.9942,      1.2154,     27.8329,     55.6659,      0.0189,      0.0016,      0.0156,      0.1962,   7560.6895,-419182.9375,   -939.1387,    542.7146,  25202.2969,
       1,     167,       3,       6,       1,       3,       1,     10.0000,      1.3860,     42.3830,    244.7700,     61.5998,      3.4953,      0.0000,     -0.0309,      1.7791,      0.1362,      5.4971,     10.9942,      1.2031,     27.8329,     55.6659,      0.0189,      0.0014,      0.0156,      0.1962,   7560.6895,-419072.8750,   -939.1152,    542.7221,  25202.2969,
       1,     167,       3,       7,       1,       3,       1,     10.0000,      1.3860,     42.3830,    244.7700,     61.5998,      3.4953,      0.0000,     -0.0309,      1.6739,      0.1367,      5.4971,     10.9942,      1.2080,     27.8329,     55.6659,      0.0189,      0.0013,      0.0156,      0.1962,   7560.6895,-418810.1875,   -939.0601,    542.7399,  25202.2969,
       1,     167,       3,       8,       1,       3,       1,     10.0000,      1.3860,     42.3830,    244.7700,     61.5998,      3.4953,      0.0011,     -0.0298,      1.8240,      0.1362,      5.4971,     10.9942,      1.2031,     27.8329,     55.6659,      0.0189,      0.0015,      0.0156,      0.1962,   7560.6895,-418651.5625,   -939.0267,    542.7507,  25202.2969,
       1,     167,       3,       9,       1,       3,       1,     10.0000,      1.3860,     42.3830,    244.7700,     61.5998,      3.4953,      0.0795,      0.0485,     10.5544,      0.1382,      5.4971,     10.9942,      1.2215,     27.8329,     55.6659,      0.0189,      0.0014,      0.0952,      0.1962,   7560.6895,-418831.3750,   -939.0638,    542.7385,  25202.2969,
       1,     167,       3,      10,       1,       3,       1,     10.0000,      1.3860,     42.3830,    244.7700,     61.5998,      3.4953,      0.1560,      0.1241,     17.9667,      0.1645,      5.4971,     10.9942,      1.4536,     27.8329,     55.6659,      0.0189,      0.0011,      0.2066,      0.1962,   7560.6895,-430123.8125,   -941.4264,    541.9724,  25202.2969,
       1,     167,       3,      11,       1,       3,       1,     10.0000,      1.3860,     42.3830,    244.7700,     61.5998,      3.4953,      0.1827,      0.1499,     19.4677,      0.1923,      5.4971,     10.9942,      1.6992,     27.8329,     55.6659,      0.0189,      0.0010,      0.2460,      0.1962,   7560.6895,-440690.1562,   -943.6453,    541.2570,  25202.2969,
       1,     167,       3,      12,       1,       3,       1,     10.0000,      1.3860,     42.3830,    244.7700,     61.5998,      3.4953,      0.1853,      0.1522,     18.9247,      0.2020,      5.4971,     10.9942,      1.7852,     27.8329,     55.6659,      0.0189,      0.0009,      0.2500,      0.1962,   7560.6895,-443555.5938,   -944.2645,    541.0637,  25202.2969,
       1,     167,       3,      13,       1,       3,       1,     10.0000,      1.3860,     42.3830,    244.7700,     61.5998,      3.4953,      0.1853,      0.1519,     19.9261,      0.2122,      5.4971,     10.9942,      1.8753,     27.8329,     55.6659,      0.0189,      0.0010,      0.2500,      0.1962,   7560.6895,-443103.9375,   -944.1882,    541.0942,  25202.2969,
       1,     167,       3,      14,       1,       3,       1,     10.0000,      1.3860,     42.3830,    244.7700,     61.5998,      3.4953,      0.1857,      0.1521,     25.5390,      0.2196,      5.4971,     10.9942,      1.9408,     27.8329,     55.6659,      0.0189,      0.0013,      0.2500,      0.1962,   7560.6895,-444358.5312,   -944.4692,    541.0093,  25202.2949,
       1,     167,       3,      15,       1,       3,       1,     10.0000,      1.3860,     42.3830,    244.7700,     61.5998,      3.4953,      0.1879,      0.1544,     54.3012,      0.2190,      5.4971,     10.9942,      1.9351,     27.8329,     55.6659,      0.0189,      0.0027,      0.2500,      0.1962,   7560.6890,-451721.3125,   -946.0350,    540.5115,  25202.2949,
       1,     167,       3,      16,       1,       3,       1,     10.0000,      1.3860,     42.3830,    244.7700,     61.5998,      3.4953,      0.1880,      0.1547,     84.1736,      0.2122,      5.4971,     10.9942,      1.8753,     27.8329,     55.6659,      0.0189,      0.0043,      0.2466,      0.1962,   7560.6890,-489534.5000,   -953.9982,    537.9569,  25202.2949,
       1,     167,       3,      17,       1,       3,       1,     10.0000,      1.3860,     42.3830,    244.7700,     61.5998,      3.4953,      0.1784,      0.1452,     89.6433,      0.2054,      5.4971,     10.9942,      1.8154,     27.8329,     55.6659,      0.0189,      0.0048,      0.2316,      0.1961,   7560.6890,-531483.5625,   -962.9685,    535.1420,  25202.2930,
       1,     167,       3,      18,       1,       3,       1,     10.0000,      1.3860,     42.3830,    244.7700,     61.5998,      3.4953,      0.1635,      0.1308,     90.2557,      0.1904,      5.4971,     10.9942,      1.6825,     27.8329,     55.6659,      0.0189,      0.0054,      0.2093,      0.1961,   7560.6880,-542238.4375,   -965.5728,    534.4301,  25202.2949,
       1,     167,       3,      19,       1,       3,       1,     10.0000,      1.3860,     42.3830,    244.7700,     61.5998,      3.4953,      0.0795,      0.0473,     42.3004,      0.1750,      5.4971,     10.9942,      1.5463,     27.8329,     55.6659,      0.0189,      0.0058,      0.0907,      0.1961,   7560.6890,-543960.6250,   -966.3323,    534.3154,  25202.2949,
       1,     167,       3,      20,       1,       3,       1,     10.0000,      1.3860,     42.3830,    244.7700,     61.5998,      3.4953,      0.0052,     -0.0267,      6.7510,      0.1627,      5.4971,     10.9942,      1.4377,     27.8329,     55.6659,      0.0189,      0.0054,      0.0156,      0.1961,   7560.6890,-482048.0625,   -953.7178,    538.4506,  25202.2949,
       1,     167,       3,      21,       1,       3,       1,     10.0000,      1.3860,     42.3830,    244.7700,     61.5998,      3.4953,      0.0000,     -0.0315,      6.0652,      0.1548,      5.4971,     10.9942,      1.3674,     27.8329,     55.6659,      0.0189,      0.0048,      0.0156,      0.1962,   7560.6890,-430739.9375,   -943.0732,    541.9199,  25202.2949,
       1,     167,       3,      22,       1,       3,       1,     10.0000,      1.3860,     42.3830,    244.7700,     61.5998,      3.4953,      0.0000,     -0.0314,      5.9218,      0.1511,      5.4971,     10.9942,      1.3349,     27.8329,     55.6659,      0.0189,      0.0047,      0.0156,      0.1962,   7560.6890,-425383.4062,   -941.9542,    542.2941,  25202.2949,
       1,     167,       3,      23,       1,       3,       1,     10.0000,      1.3860,     42.3830,    244.7700,     61.5998,      3.4953,      0.0000,     -0.0312,      5.1707,      0.1450,      5.4971,     10.9942,      1.2809,     27.8329,     55.6659,      0.0189,      0.0041,      0.0156,      0.1962,   7560.6890,-424714.8125,   -941.8140,    542.3394,  25202.2949,
       1,     167,       3,      24,       1,       3,       1,     10.0000,      1.3860,     42.3830,    244.7700,     61.5998,      3.4953,      0.0000,     -0.0313,      4.2082,      0.1466,      5.4971,     10.9942,      1.2952,     27.8329,     55.6659,      0.0189,      0.0034,      0.0156,      0.1962,   7560.6890,-423686.0312,   -941.5983,    542.4093,  25202.2949,
       1,     167,       4,       1,       1,       3,       1,     10.0000,      1.3861,     42.3833,    244.7757,     61.6012,      3.4953,      0.0000,     -0.0313,      3.2957,      0.1475,      5.4969,     10.9938,      1.3030,     27.8380,     55.6760,      0.0189,      0.0026,      0.0156,      0.1962,   7560.6890,-422506.5625,   -941.6545,    542.5018,  25203.4180,
       1,     167,       4,       2,       1,       3,       1,     10.0000,      1.3861,     42.3833,    244.7757,     61.6012,      3.4953,      0.0000,     -0.0311,      2.7896,      0.1431,      5.4969,     10.9938,      1.2642,     27.8380,     55.6760,      0.0189,      0.0022,      0.0156,      0.1962,   7561.0259,-421073.0000,   -941.0521,    542.5991,  25203.4180,
       1,     167,       4,       3,       1,       3,       1,     10.0000,      1.3861,     42.3833,    244.7757,     61.6012,      3.4953,      0.0000,     -0.0311,      2.5079,      0.1421,      5.4969,     10.9938,      1.2553,     27.8380,     55.6760,      0.0189,      0.0020,      0.0156,      0.1962,   7561.0259,-420293.7188,   -940.8887,    542.6519,  25203.4180,
       1,     167,       4,       4,       1,       3,       1,     10.0000,      1.3861,     42.3833,    244.7757,     61.6012,      3.4953,      0.0000,     -0.0311,      1.9488,      0.1425,      5.4969,     10.9938,      1.2591,     27.8380,     55.6760,      0.0189,      0.0016,      0.0156,      0.1962,   7561.0259,-419861.7188,   -940.7983,    542.6812,  25203.4180,
       1,     167,       4,       5,       1,       3,       1,     10.0000,      1.3861,     42.3833,    244.7757,     61.6012,      3.4953,      0.0000,     -0.0311,      1.9801,      0.1412,      5.4969,     10.9938,      1.2477,     27.8380,     55.6760,      0.0189,      0.0016,      0.0156,      0.1962,   7561.0259,-419101.9062,   -940.6395,    542.7328,  25203.4180,
       1,     167,       4,       6,       1,       3,       1,     10.0000,      1.3861,     42.3833,    244.7757,     61.6012,      3.4953,      0.0000,     -0.0309,      1.9925,      0.1375,      5.4969,     10.9938,      1.2154,     27.8380,     55.6760,      0.0189,      0.0016,      0.0156,      0.1962,   7561.0259,-419075.5625,   -940.6340,    542.7346,  25203.4180,
       1,     167,       4,       7,       1,       3,       1,     10.0000,      1.3861,     42.3833,    244.7757,     61.6012,      3.4953,      0.0000,     -0.0309,      1.7079,      0.1363,      5.4969,     10.9938,      1.2044,     27.8380,     55.6760,      0.0189,      0.0014,      0.0156,      0.1962,   7561.0259,-419089.3750,   -940.6371,    542.7336,  25203.4180,
       1,     167,       4,       8,       1,       3,       1,     10.0000,      1.3861,     42.3833,    244.7757,     61.6012,      3.4953,      0.0009,     -0.0299,      1.5671,      0.1332,      5.4969,     10.9938,      1.1766,     27.8380,     55.6760,      0.0189,      0.0013,      0.0156,      0.1962,   7561.0259,-418722.9375,   -940.5608,    542.7584,  25203.4180,
       1,     167,       4,       9,       1,       3,       1,     10.0000,      1.3861,     42.3833,    244.7757,     61.6012,      3.4953,      0.0464,      0.0155,      5.7553,      0.1362,      5.4969,     10.9938,      1.2031,     27.8380,     55.6760,      0.0189,      0.0015,      0.0474,      0.1962,   7561.0259,-418509.2188,   -940.5163,    542.7730,  25203.4180,
       1,     167,       4,      10,       1,       3,       1,     10.0000,      1.3861,     42.3833,    244.7757,     61.6012,      3.4953,      0.1307,      0.0991,     22.9553,      0.1562,      5.4969,     10.9938,      1.3799,     27.8380,     55.6760,      0.0189,      0.0017,      0.1688,      0.1962,   7561.0259,-423899.2812,   -941.6503,    542.4073,  25203.4180,
       1,     167,       4,      11,       1,       3,       1,     10.0000,      1.3861,     42.3833,    244.7757,     61.6012,      3.4953,      0.1200,      0.0876,     20.0498,      0.1807,      5.4969,     10.9938,      1.5964,     27.8380,     55.6760,      0.0189,      0.0016,      0.1531,      0.1962,   7561.0259,-446587.0312,   -946.4312,    540.8691,  25203.4160,
       1,     167,       4,      12,       1,       3,       1,     10.0000,      1.3861,     42.3833,    244.7757,     61.6012,      3.4953,      0.1117,      0.0791,     16.2816,      0.1858,      5.4969,     10.9938,      1.6414,     27.8380,     55.6760,      0.0189,      0.0014,      0.1411,      0.1962,   7561.0249,-444826.0938,   -946.1016,    540.9904,  25203.4199,
       1,     167,       4,      13,       1,       3,       1,     10.0000,      1.3861,     42.3833,    244.7757,     61.6012,      3.4953,      0.1357,      0.1027,     20.1604,      0.1983,      5.4969,     10.9938,      1.7521,     27.8380,     55.6760,      0.0189,      0.0014,      0.1762,      0.1962,   7561.0264,-439800.3750,   -945.0801,    541.3302,  25203.4180,
       1,     167,       4,      14,       1,       3,       1,     10.0000,      1.3861,     42.3833,    244.7757,     61.6012,      3.4953,      0.1379,      0.1048,     23.2281,      0.2040,      5.4969,     10.9938,      1.8030,     27.8380,     55.6760,      0.0189,      0.0016,      0.1791,      0.1962,   7561.0259,-444372.2188,   -946.0721,    541.0210,  25203.4180,
       1,     167,       4,      15,       1,       3,       1,     10.0000,      1.3861,     42.3833,    244.7757,     61.6012,      3.4953,      0.1767,      0.1437,     49.0255,      0.2018,      5.4969,     10.9938,      1.7835,     27.8380,     55.6760,      0.0189,      0.0026,      0.2337,      0.1962,   7561.0259,-448735.6875,   -947.0283,    540.7260,  25203.4199,
       1,     167,       4,      16,       1,       3,       1,     10.0000,      1.3861,     42.3833,    244.7757,     61.6012,      3.4953,      0.1674,      0.1345,     67.1351,      0.1960,      5.4969,     10.9938,      1.7315,     27.8380,     55.6760,      0.0189,      0.0038,      0.2178,      0.1962,   7561.0264,-482449.0000,   -954.1740,    538.4474,  25203.4180,
       1,     167,       4,      17,       1,       3,       1,     10.0000,      1.3861,     42.3833,    244.7757,     61.6012,      3.4953,      0.1430,      0.1104,     64.2048,      0.1874,      5.4969,     10.9938,      1.6561,     27.8380,     55.6760,      0.0189,      0.0044,      0.1820,      0.1962,   7561.0259,-508821.6562,   -959.8881,    536.6771,  25203.4180,
       1,     167,       4,      18,       1,       3,       1,     10.0000,      1.3861,     42.3833,    244.7757,     61.6012,      3.4953,      0.0796,      0.0473,     36.9538,      0.1785,      5.4969,     10.9938,      1.5774,     27.8380,     55.6760,      0.0189,      0.0050,      0.0914,      0.1962,   7561.0259,-507337.4062,   -959.8353,    536.7796,  25203.4160,
       1,     167,       4,      19,       1,       3,       1,     10.0000,      1.3861,     42.3833,    244.7757,     61.6012,      3.4953,      0.0420,      0.0101,     15.3610,      0.1648,      5.4969,     10.9938,      1.4565,     27.8380,     55.6760,      0.0189,      0.0049,      0.0388,      0.1962,   7561.0249,-471962.3750,   -952.6237,    539.1532,  25203.4160,
       1,     167,       4,      20,       1,       3,       1,     10.0000,      1.3861,     42.3833,    244.7757,     61.6012,      3.4953,      0.0059,     -0.0256,      5.9108,      0.1534,      5.4969,     10.9938,      1.3552,     27.8380,     55.6760,      0.0189,      0.0047,      0.0156,      0.1962,   7561.0249,-440982.6875,   -946.1956,    541.2463,  25203.4160,
       1,     167,       4,      21,       1,       3,       1,     10.0000,      1.3861,     42.3833,    244.7757,     61.6012,      3.4953,      0.0000,     -0.0314,      5.6817,      0.1491,      5.4969,     10.9938,      1.3175,     27.8380,     55.6760,      0.0189,      0.0045,      0.0156,      0.1962,   7561.0249,-426072.0000,   -943.0726,    542.2592,  25203.4160,
       1,     167,       4,      22,       1,       3,       1,     10.0000,      1.3861,     42.3833,    244.7757,     61.6012,      3.4953,      0.0000,     -0.0313,      5.5185,      0.1487,      5.4969,     10.9938,      1.3136,     27.8380,     55.6760,      0.0189,      0.0044,      0.0156,      0.1962,   7561.0249,-424468.3750,   -942.7363,    542.3688,  25203.4160,
       1,     167,       4,      23,       1,       3,       1,     10.0000,      1.3861,     42.3833,    244.7757,     61.6012,      3.4953,      0.0000,     -0.0314,      5.1007,      0.1508,      5.4969,     10.9938,      1.3322,     27.8380,     55.6760,      0.0189,      0.0041,      0.0156,      0.1962,   7561.0249,-424115.9375,   -942.6630,    542.3927,  25203.4160,
       1,     167,       4,      24,       1,       3,       1,     10.0000,      1.3861,     42.3833,    244.7757,     61.6012,      3.4953,      0.0000,     -0.0314,      4.4125,      0.1493,      5.4969,     10.9938,      1.3189,     27.8380,     55.6760,      0.0189,      0.0035,      0.0156,      0.1962,   7561.0249,-423545.5312,   -942.5438,    542.4313,  25203.4160,
       1,     167,       5,       1,       1,       3,       1,     10.0000,      1.3861,     42.3836,    244.7815,     61.6027,      3.4953,      0.0000,     -0.0312,      3.5910,      0.1463,      5.4986,     10.9971,      1.2926,     27.8313,     55.6627,      0.0189,      0.0029,      0.0156,      0.1963,   7561.0249,-422761.1250,   -942.6841,    542.4974,  25204.5410,
       1,     167,       5,       2,       1,       3,       1,     10.0000,      1.3861,     42.3836,    244.7815,     61.6027,      3.4953,      0.0000,     -0.0312,      3.0584,      0.1460,      5.4986,     10.9971,      1.2900,     27.8313,     55.6627,      0.0189,      0.0024,      0.0156,      0.1963,   7561.3628,-421479.2812,   -942.1119,    542.5842,  25204.5410,
       1,     167,       5,       3,       1,       3,       1,     10.0000,      1.3861,     42.3836,    244.7815,     61.6027,      3.4953,      0.0000,     -0.0313,      2.8564,      0.1469,      5.4986,     10.9971,      1.2978,     27.8313,     55.6627,      0.0189,      0.0023,      0.0156,      0.1963,   7561.3628,-420679.3125,   -941.9443,    542.6385,  25204.5410,
       1,     167,       5,       4,       1,       3,       1,     10.0000,      1.3861,     42.3836,    244.7815,     61.6027,      3.4953,      0.0000,     -0.0313,      2.8826,      0.1485,      5.4986,     10.9971,      1.3123,     27.8313,     55.6627,      0.0189,      0.0023,      0.0156,      0.1963,   7561.3628,-420348.2812,   -941.8754,    542.6609,  25204.5410,
       1,     167,       5,       5,       1,       3,       1,     10.0000,      1.3861,     42.3836,    244.7815,     61.6027,      3.4953,      0.0000,     -0.0314,      2.7781,      0.1494,      5.4986,     10.9971,      1.3202,     27.8313,     55.6627,      0.0189,      0.0022,      0.0156,      0.1963,   7561.3628,-420353.1875,   -941.8770,    542.6607,  25204.5410,
       1,     167,       5,       6,       1,       3,       1,     10.0000,      1.3861,     42.3836,    244.7815,     61.6027,      3.4953,      0.0000,     -0.0313,      2.6649,      0.1466,      5.4986,     10.9971,      1.2952,     27.8313,     55.6627,      0.0189,      0.0021,      0.0156,      0.1963,   7561.3628,-420218.4688,   -941.8492,    542.6697,  25204.5410,
       1,     167,       5,       7,       1,       3,       1,     10.0000,      1.3861,     42.3836,    244.7815,     61.6027,      3.4953,      0.0000,     -0.0311,      2.7794,      0.1431,      5.4986,     10.9971,      1.2643,     27.8313,     55.6627,      0.0189,      0.0022,      0.0156,      0.1963,   7561.3628,-420060.7500,   -941.8169,    542.6805,  25204.5410,
       1,     167,       5,       8,       1,       3,       1,     10.0000,      1.3861,     42.3836,    244.7815,     61.6027,      3.4953,      0.0010,     -0.0298,      2.6140,      0.1351,      5.4986,     10.9971,      1.1935,     27.8313,     55.6627,      0.0189,      0.0021,      0.0156,      0.1963,   7561.3628,-420194.5625,   -941.8456,    542.6714,  25204.5410,
       1,     167,       5,       9,       1,       3,       1,     10.0000,      1.3861,     42.3836,    244.7815,     61.6027,      3.4953,      0.0639,      0.0329,     12.5159,      0.1399,      5.4986,     10.9971,      1.2365,     27.8313,     55.6627,      0.0189,      0.0022,      0.0721,      0.1963,   7561.3628,-419992.7812,   -941.8039,    542.6851,  25204.5410,
       1,     167,       5,      10,       1,       3,       1,     10.0000,      1.3861,     42.3836,    244.7815,     61.6027,      3.4953,      0.1511,      0.1194,     37.7877,      0.1581,      5.4986,     10.9971,      1.3966,     27.8313,     55.6627,      0.0189,      0.0024,      0.1970,      0.1963,   7561.3628,-432761.9375,   -944.5032,    541.8189,  25204.5391,
       1,     167,       5,      11,       1,       3,       1,     10.0000,      1.3861,     42.3836,    244.7815,     61.6027,      3.4953,      0.1763,      0.1440,     44.2248,      0.1762,      5.4986,     10.9971,      1.5572,     27.8313,     55.6627,      0.0189,      0.0024,      0.2335,      0.1963,   7561.3618,-466523.4062,   -951.6539,    539.5330,  25204.5371,
       1,     167,       5,      12,       1,       3,       1,     10.0000,      1.3861,     42.3836,    244.7815,     61.6027,      3.4953,      0.1876,      0.1549,     47.4794,      0.1895,      5.4986,     10.9971,      1.6742,     27.8313,     55.6627,      0.0189,      0.0024,      0.2500,      0.1962,   7561.3613,-477809.1562,   -954.1332,    538.7767,  25204.5371,
       1,     167,       5,      13,       1,       3,       1,     10.0000,      1.3861,     42.3836,    244.7815,     61.6027,      3.4953,      0.1870,      0.1542,     39.8151,      0.1933,      5.4986,     10.9971,      1.7077,     27.8313,     55.6627,      0.0189,      0.0020,      0.2500,      0.1962,   7561.3613,-482996.8438,   -955.3672,    538.4279,  25204.5371,
       1,     167,       5,      14,       1,       3,       1,     10.0000,      1.3861,     42.3836,    244.7815,     61.6027,      3.4953,      0.1877,      0.1550,     49.2330,      0.1917,      5.4986,     10.9971,      1.6943,     27.8313,     55.6627,      0.0189,      0.0025,      0.2500,      0.1962,   7561.3613,-473542.8438,   -953.5222,    539.0643,  25204.5371,
       1,     167,       5,      15,       1,       3,       1,     10.0000,      1.3861,     42.3836,    244.7815,     61.6027,      3.4953,      0.1893,      0.1565,     70.0922,      0.1954,      5.4986,     10.9971,      1.7264,     27.8313,     55.6627,      0.0189,      0.0035,      0.2500,      0.1962,   7561.3613,-484889.8750,   -956.0455,    538.3000,  25204.5391,
       1,     167,       5,      16,       1,       3,       1,     10.0000,      1.3861,     42.3836,    244.7815,     61.6027,      3.4953,      0.1888,      0.1559,     89.8094,      0.1963,      5.4986,     10.9971,      1.7349,     27.8313,     55.6627,      0.0189,      0.0045,      0.2469,      0.1962,   7561.3618,-512844.9062,   -962.1286,    536.4196,  25204.5391,
       1,     167,       5,      17,       1,       3,       1,     10.0000,      1.3861,     42.3836,    244.7815,     61.6027,      3.4953,      0.1776,      0.1448,    111.3590,      0.1946,      5.4986,     10.9971,      1.7196,     27.8313,     55.6627,      0.0189,      0.0061,      0.2279,      0.1962,   7561.3618,-540792.7500,   -968.3275,    534.5489,  25204.5391,
       1,     167,       5,      18,       1,       3,       1,     10.0000,      1.3861,     42.3836,    244.7815,     61.6027,      3.4953,      0.1417,      0.1091,     86.7310,      0.1848,      5.4986,     10.9971,      1.6333,     27.8313,     55.6627,      0.0189,      0.0061,      0.1774,      0.1961,   7561.3618,-571117.3750,   -975.1533,    532.5258,  25204.5371,
       1,     167,       5,      19,       1,       3,       1,     10.0000,      1.3861,     42.3836,    244.7815,     61.6027,      3.4953,      0.0836,      0.0515,     42.6321,      0.1728,      5.4986,     10.9971,      1.5265,     27.8313,     55.6627,      0.0189,      0.0055,      0.0968,      0.1961,   7561.3613,-541891.0625,   -969.4692,    534.4752,  25204.5352,
       1,     167,       5,      20,       1,       3,       1,     10.0000,      1.3861,     42.3836,    244.7815,     61.6027,      3.4953,      0.0046,     -0.0271,      6.4971,      0.1584,      5.4986,     10.9971,      1.3994,     27.8313,     55.6627,      0.0189,      0.0052,      0.0156,      0.1961,   7561.3608,-482295.1562,   -957.1985,    538.4603,  25204.5352,
       1,     167,       5,      21,       1,       3,       1,     10.0000,      1.3861,     42.3836,    244.7815,     61.6027,      3.4953,      0.0000,     -0.0313,      6.4608,      0.1482,      5.4986,     10.9971,      1.3096,     27.8313,     55.6627,      0.0189,      0.0052,      0.0156,      0.1962,   7561.3608,-430435.4375,   -946.3141,    541.9658,  25204.5352,
       1,     167,       5,      22,       1,       3,       1,     10.0000,      1.3861,     42.3836,    244.7815,     61.6027,      3.4953,      0.0000,     -0.0311,      6.5927,      0.1432,      5.4986,     10.9971,      1.2655,     27.8313,     55.6627,      0.0189,      0.0053,      0.0156,      0.1963,   7561.3608,-425872.8438,   -945.3517,    542.2863,  25204.5352,
       1,     167,       5,      23,       1,       3,       1,     10.0000,      1.3861,     42.3836,    244.7815,     61.6027,      3.4953,      0.0000,     -0.0306,      5.7671,      0.1292,      5.4986,     10.9971,      1.1414,     27.8313,     55.6627,      0.0189,      0.0046,      0.0156,      0.1963,   7561.3608,-425629.1562,   -945.3028,    542.3029,  25204.5352,
       1,     167,       5,      24,       1,       3,       1,     10.0000,      1.3861,     42.3836,    244.7815,     61.6027,      3.4953,      0.0000,     -0.0307,      5.2128,      0.1310,      5.4986,     10.9971,      1.1577,     27.8313,     55.6627,      0.0189,      0.0042,      0.0156,      0.1963,   7561.3608,-424541.4688,   -945.0752,    542.3766,  25204.5352,
       1,     167,       6,       1,       1,       3,       1,     10.0000,      1.3861,     42.3840,    244.7872,     61.6041,      3.4953,      0.0000,     -0.0308,      4.6749,      0.1353,      5.4975,     10.9951,      1.1959,     27.8356,     55.6711,      0.0189,      0.0037,      0.0156,      0.1963,   7561.3608,-423884.5312,   -945.2454,    542.4340,  25205.6602,
       1,     167,       6,       2,       1,       3,       1,     10.0000,      1.3861,     42.3840,    244.7872,     61.6041,      3.4953,      0.0000,     -0.0306,      3.9282,      0.1297,      5.4975,     10.9951,      1.1460,     27.8356,     55.6711,      0.0189,      0.0031,      0.0156,      0.1963,   7561.6982,-422980.0312,   -944.7495,    542.4952,  25205.6602,
       1,     167,       6,       3,       1,       3,       1,     10.0000,      1.3861,     42.3840,    244.7872,     61.6041,      3.4953,      0.0000,     -0.0308,      3.7086,      0.1330,      5.4975,     10.9951,      1.1755,     27.8356,     55.6711,      0.0189,      0.0030,      0.0156,      0.1963,   7561.6982,-421936.7500,   -944.5303,    542.5660,  25205.6602,
       1,     167,       6,       4,       1,       3,       1,     10.0000,      1.3861,     42.3840,    244.7872,     61.6041,      3.4953,      0.0000,     -0.0304,      2.8426,      0.1247,      5.4975,     10.9951,      1.1015,     27.8356,     55.6711,      0.0189,      0.0023,      0.0156,      0.1963,   7561.6982,-421561.8438,   -944.4527,    542.5914,  25205.6602,
       1,     167,       6,       5,       1,       3,       1,     10.0000,      1.3861,     42.3840,    244.7872,     61.6041,      3.4953,      0.0000,     -0.0303,      3.8889,      0.1215,      5.4975,     10.9951,      1.0738,     27.8356,     55.6711,      0.0189,      0.0031,      0.0156,      0.1963,   7561.6982,-420410.7500,   -944.2102,    542.6695,  25205.6602,
       1,     167,       6,       6,       1,       3,       1,     10.0000,      1.3861,     42.3840,    244.7872,     61.6041,      3.4953,      0.0000,     -0.0302,      4.0448,      0.1192,      5.4975,     10.9951,      1.0531,     27.8356,     55.6711,      0.0189,      0.0032,      0.0156,      0.1963,   7561.6982,-421660.9062,   -944.4774,    542.5847,  25205.6602,
       1,     167,       6,       7,       1,       3,       1,     10.0000,      1.3861,     42.3840,    244.7872,     61.6041,      3.4953,      0.0000,     -0.0304,      3.7002,      0.1226,      5.4975,     10.9951,      1.0837,     27.8356,     55.6711,      0.0189,      0.0030,      0.0156,      0.1963,   7561.6982,-421971.7812,   -944.5462,    542.5636,  25205.6602,
       1,     167,       6,       8,       1,       3,       1,     10.0000,      1.3861,     42.3840,    244.7872,     61.6041,      3.4953,      0.0006,     -0.0299,      3.8082,      0.1264,      5.4975,     10.9951,      1.1173,     27.8356,     55.6711,      0.0189,      0.0030,      0.0156,      0.1963,   7561.6982,-421554.0625,   -944.4595,    542.5920,  25205.6602,
       1,     167,       6,       9,       1,       3,       1,     10.0000,      1.3861,     42.3840,    244.7872,     61.6041,      3.4953,      0.0418,      0.0112,      8.2225,      0.1301,      5.4975,     10.9951,      1.1495,     27.8356,     55.6711,      0.0189,      0.0025,      0.0406,      0.1963,   7561.6982,-421656.9062,   -944.4833,    542.5850,  25205.6602,
       1,     167,       6,      10,       1,       3,       1,     10.0000,      1.3861,     42.3840,    244.7872,     61.6041,      3.4953,      0.1100,      0.0783,     26.9558,      0.1573,      5.4975,     10.9951,      1.3896,     27.8356,     55.6711,      0.0189,      0.0024,      0.1377,      0.1963,   7561.6982,-427365.8438,   -945.7014,    542.1978,  25205.6602,
       1,     167,       6,      11,       1,       3,       1,     10.0000,      1.3861,     42.3840,    244.7872,     61.6041,      3.4953,      0.1685,      0.1363,     31.6962,      0.1733,      5.4975,     10.9951,      1.5311,     27.8356,     55.6711,      0.0189,      0.0018,      0.2234,      0.1963,   7561.6982,-452057.1562,   -950.9688,    540.5244,  25205.6602,
       1,     167,       6,      12,       1,       3,       1,     10.0000,      1.3861,     42.3840,    244.7872,     61.6041,      3.4953,      0.1505,      0.1177,     33.4112,      0.1931,      5.4975,     10.9951,      1.7061,     27.8356,     55.6711,      0.0189,      0.0021,      0.1966,      0.1963,   7561.6982,-460349.2812,   -952.7864,    539.9668,  25205.6602,
       1,     167,       6,      13,       1,       3,       1,     10.0000,      1.3861,     42.3840,    244.7872,     61.6041,      3.4953,      0.1746,      0.1415,     55.6563,      0.2020,      5.4975,     10.9951,      1.7854,     27.8356,     55.6711,      0.0189,      0.0030,      0.2298,      0.1963,   7561.6982,-463287.3750,   -953.4814,    539.7688,  25205.6621,
       1,     167,       6,      14,       1,       3,       1,     10.0000,      1.3861,     42.3840,    244.7872,     61.6041,      3.4953,      0.1882,      0.1550,     56.5026,      0.2067,      5.4975,     10.9951,      1.8263,     27.8356,     55.6711,      0.0189,      0.0028,      0.2500,      0.1963,   7561.6987,-492285.0000,   -959.7410,    537.8123,  25205.6602,
       1,     167,       6,      15,       1,       3,       1,     10.0000,      1.3861,     42.3840,    244.7872,     61.6041,      3.4953,      0.1904,      0.1571,     85.4557,      0.2125,      5.4975,     10.9951,      1.8773,     27.8356,     55.6711,      0.0189,      0.0043,      0.2500,      0.1962,   7561.6982,-495923.0312,   -960.7067,    537.5713,  25205.6602,
       1,     167,       6,      16,       1,       3,       1,     10.0000,      1.3861,     42.3840,    244.7872,     61.6041,      3.4953,      0.1798,      0.1466,    103.6630,      0.2069,      5.4975,     10.9951,      1.8281,     27.8356,     55.6711,      0.0189,      0.0056,      0.2321,      0.1962,   7561.6982,-533663.1250,   -968.9651,    535.0353,  25205.6602,
       1,     167,       6,      17,       1,       3,       1,     10.0000,      1.3861,     42.3840,    244.7872,     61.6041,      3.4953,      0.1527,      0.1198,     96.1170,      0.1981,      5.4975,     10.9951,      1.7505,     27.8356,     55.6711,      0.0189,      0.0062,      0.1926,      0.1962,   7561.6982,-560525.8125,   -975.0618,    533.2448,  25205.6582,
       1,     167,       6,      18,       1,       3,       1,     10.0000,      1.3861,     42.3840,    244.7872,     61.6041,      3.4953,      0.1186,      0.0860,     75.4488,      0.1850,      5.4975,     10.9951,      1.6349,     27.8356,     55.6711,      0.0189,      0.0065,      0.1445,      0.1961,   7561.6978,-553105.8125,   -973.9542,    533.7424,  25205.6582,
       1,     167,       6,      19,       1,       3,       1,     10.0000,      1.3861,     42.3840,    244.7872,     61.6041,      3.4953,      0.0845,      0.0524,     50.7458,      0.1712,      5.4975,     10.9951,      1.5129,     27.8356,     55.6711,      0.0189,      0.0065,      0.0972,      0.1961,   7561.6978,-525713.1250,   -968.5396,    535.5701,  25205.6582,
       1,     167,       6,      20,       1,       3,       1,     10.0000,      1.3861,     42.3840,    244.7872,     61.6041,      3.4953,      0.0070,     -0.0245,      7.7238,      0.1548,      5.4975,     10.9951,      1.3675,     27.8356,     55.6711,      0.0189,      0.0062,      0.0156,      0.1962,   7561.6978,-491387.0312,   -961.5142,    537.8712,  25205.6543,
       1,     167,       6,      21,       1,       3,       1,     10.0000,      1.3861,     42.3840,    244.7872,     61.6041,      3.4953,      0.0000,     -0.0312,      6.8473,      0.1441,      5.4975,     10.9951,      1.2732,     27.8356,     55.6711,      0.0189,      0.0055,      0.0156,      0.1962,   7561.6968,-432795.9375,   -949.1339,    541.8155,  25205.6562,
       1,     167,       6,      22,       1,       3,       1,     10.0000,      1.3861,     42.3840,    244.7872,     61.6041,      3.4953,      0.0000,     -0.0311,      6.2888,      0.1421,      5.4975,     10.9951,      1.2554,     27.8356,     55.6711,      0.0189,      0.0050,      0.0156,      0.1963,   7561.6973,-426584.5000,   -947.8138,    542.2507,  25205.6562,
       1,     167,       6,      23,       1,       3,       1,     10.0000,      1.3861,     42.3840,    244.7872,     61.6041,      3.4953,      0.0000,     -0.0310,      5.8998,      0.1405,      5.4975,     10.9951,      1.2415,     27.8356,     55.6711,      0.0189,      0.0047,      0.0156,      0.1963,   7561.6973,-425301.3438,   -947.5435,    542.3379,  25205.6562,
       1,     167,       6,      24,       1,       3,       1,     10.0000,      1.3861,     42.3840,    244.7872,     61.6041,      3.4953,      0.0000,     -0.0309,      5.5715,      0.1355,      5.4975,     10.9951,      1.1971,     27.8356,     55.6711,      0.0189,      0.0044,      0.0156,      0.1963,   7561.6973,-424686.4062,   -947.4158,    542.3795,  25205.6562,
       1,     167,       7,       1,       1,       3,       1,     10.0000,      1.3861,     42.3843,    244.7929,     61.6056,      3.4953,      0.0000,     -0.0306,      4.9009,      0.1283,      5.4978,     10.9955,      1.1333,     27.8356,     55.6713,      0.0189,      0.0039,      0.0156,      0.1963,   7561.6973,-424362.6562,   -947.6594,    542.4141,  25206.7812,
       1,     167,       7,       2,       1,       3,       1,     10.0000,      1.3861,     42.3843,    244.7929,     61.6056,      3.4953,      0.0000,     -0.0306,      4.8008,      0.1280,      5.4978,     10.9955,      1.1310,     27.8356,     55.6713,      0.0189,      0.0038,      0.0156,      0.1963,   7562.0347,-423316.5000,   -947.1309,    542.4851,  25206.7812,
       1,     167,       7,       3,       1,       3,       1,     10.0000,      1.3861,     42.3843,    244.7929,     61.6056,      3.4953,      0.0000,     -0.0304,      4.2820,      0.1225,      5.4978,     10.9955,      1.0826,     27.8356,     55.6713,      0.0189,      0.0034,      0.0156,      0.1963,   7562.0347,-423095.6250,   -947.0868,    542.5001,  25206.7812,
       1,     167,       7,       4,       1,       3,       1,     10.0000,      1.3861,     42.3843,    244.7929,     61.6056,      3.4953,      0.0000,     -0.0304,      3.7782,      0.1234,      5.4978,     10.9955,      1.0903,     27.8356,     55.6713,      0.0189,      0.0030,      0.0156,      0.1963,   7562.0347,-422406.5938,   -946.9423,    542.5468,  25206.7812,
       1,     167,       7,       5,       1,       3,       1,     10.0000,      1.3861,     42.3843,    244.7929,     61.6056,      3.4953,      0.0000,     -0.0305,      3.7439,      0.1271,      5.4978,     10.9955,      1.1230,     27.8356,     55.6713,      0.0189,      0.0030,      0.0156,      0.1963,   7562.0347,-421695.6875,   -946.7927,    542.5950,  25206.7812,
       1,     167,       7,       6,       1,       3,       1,     10.0000,      1.3861,     42.3843,    244.7929,     61.6056,      3.4953,      0.0000,     -0.0305,      3.3292,      0.1257,      5.4978,     10.9955,      1.1105,     27.8356,     55.6713,      0.0189,      0.0027,      0.0156,      0.1963,   7562.0347,-421589.1250,   -946.7723,    542.6022,  25206.7812,
       1,     167,       7,       7,       1,       3,       1,     10.0000,      1.3861,     42.3843,    244.7929,     61.6056,      3.4953,      0.0000,     -0.0305,      3.5622,      0.1263,      5.4978,     10.9955,      1.1162,     27.8356,     55.6713,      0.0189,      0.0028,      0.0156,      0.1963,   7562.0347,-421044.4375,   -946.6582,    542.6392,  25206.7812,
       1,     167,       7,       8,       1,       3,       1,     10.0000,      1.3861,     42.3843,    244.7929,     61.6056,      3.4953,      0.0013,     -0.0292,      2.6614,      0.1244,      5.4978,     10.9955,      1.0993,     27.8356,     55.6713,      0.0189,      0.0021,      0.0156,      0.1963,   7562.0347,-421297.6250,   -946.7146,    542.6221,  25206.7812,
       1,     167,       7,       9,       1,       3,       1,     10.0000,      1.3861,     42.3843,    244.7929,     61.6056,      3.4953,      0.0635,      0.0329,     10.3936,      0.1297,      5.4978,     10.9955,      1.1461,     27.8356,     55.6713,      0.0189,      0.0018,      0.0721,      0.1963,   7562.0347,-420156.5938,   -946.4725,    542.6994,  25206.7812,
       1,     167,       7,      10,       1,       3,       1,     10.0000,      1.3861,     42.3843,    244.7929,     61.6056,      3.4953,      0.1387,      0.1073,     31.5273,      0.1512,      5.4978,     10.9955,      1.3363,     27.8356,     55.6713,      0.0189,      0.0022,      0.1795,      0.1963,   7562.0347,-430039.3438,   -948.5960,    542.0290,  25206.7793,
       1,     167,       7,      11,       1,       3,       1,     10.0000,      1.3861,     42.3843,    244.7929,     61.6056,      3.4953,      0.1752,      0.1431,     41.5632,      0.1705,      5.4978,     10.9955,      1.5069,     27.8356,     55.6713,      0.0189,      0.0022,      0.2321,      0.1963,   7562.0342,-458194.7812,   -954.6511,    540.1218,  25206.7793,
       1,     167,       7,      12,       1,       3,       1,     10.0000,      1.3861,     42.3843,    244.7929,     61.6056,      3.4953,      0.1835,      0.1511,     49.9253,      0.1816,      5.4978,     10.9955,      1.6044,     27.8356,     55.6713,      0.0189,      0.0026,      0.2435,      0.1963,   7562.0342,-473631.5938,   -958.0283,    539.0829,  25206.7793,
       1,     167,       7,      13,       1,       3,       1,     10.0000,      1.3861,     42.3843,    244.7929,     61.6056,      3.4953,      0.1878,      0.1553,     49.4292,      0.1836,      5.4978,     10.9955,      1.6220,     27.8356,     55.6713,      0.0189,      0.0025,      0.2500,      0.1963,   7562.0342,-485783.5625,   -960.7538,    538.2650,  25206.7793,
       1,     167,       7,      14,       1,       3,       1,     10.0000,      1.3861,     42.3843,    244.7929,     61.6056,      3.4953,      0.1881,      0.1555,     53.4430,      0.1876,      5.4978,     10.9955,      1.6578,     27.8356,     55.6713,      0.0189,      0.0027,      0.2500,      0.1963,   7562.0342,-486204.2812,   -961.0072,    538.2373,  25206.7812,
       1,     167,       7,      15,       1,       3,       1,     10.0000,      1.3861,     42.3843,    244.7929,     61.6056,      3.4953,      0.1899,      0.1573,     75.6610,      0.1858,      5.4978,     10.9955,      1.6415,     27.8356,     55.6713,      0.0189,      0.0038,      0.2500,      0.1963,   7562.0347,-491427.1562,   -962.2950,    537.8860,  25206.7812,
       1,     167,       7,      16,       1,       3,       1,     10.0000,      1.3861,     42.3843,    244.7929,     61.6056,      3.4953,      0.1845,      0.1521,     88.9997,      0.1809,      5.4978,     10.9955,      1.5981,     27.8356,     55.6713,      0.0189,      0.0046,      0.2405,      0.1962,   7562.0347,-520598.5938,   -968.7553,    535.9247,  25206.7773,
       1,     167,       7,      17,       1,       3,       1,     10.0000,      1.3861,     42.3843,    244.7929,     61.6056,      3.4953,      0.1888,      0.1565,    105.8443,      0.1780,      5.4978,     10.9955,      1.5729,     27.8356,     55.6713,      0.0189,      0.0054,      0.2448,      0.1962,   7562.0337,-540403.0000,   -973.3242,    534.6016,  25206.7773,
       1,     167,       7,      18,       1,       3,       1,     10.0000,      1.3861,     42.3843,    244.7929,     61.6056,      3.4953,      0.1574,      0.1253,     84.1711,      0.1705,      5.4978,     10.9955,      1.5069,     27.8356,     55.6713,      0.0189,      0.0052,      0.2009,      0.1962,   7562.0337,-563918.5625,   -978.7805,    533.0318,  25206.7793,
       1,     167,       7,      19,       1,       3,       1,     10.0000,      1.3861,     42.3843,    244.7929,     61.6056,      3.4953,      0.1151,      0.0834,     59.7151,      0.1592,      5.4978,     10.9955,      1.4065,     27.8356,     55.6713,      0.0189,      0.0053,      0.1414,      0.1962,   7562.0342,-537929.4375,   -973.6649,    534.7657,  25206.7773,
       1,     167,       7,      20,       1,       3,       1,     10.0000,      1.3861,     42.3843,    244.7929,     61.6056,      3.4953,      0.0045,     -0.0270,      6.3961,      0.1518,      5.4978,     10.9955,      1.3417,     27.8356,     55.6713,      0.0189,      0.0051,      0.0156,      0.1962,   7562.0337,-504039.2188,   -966.7301,    537.0339,  25206.7773,
       1,     167,       7,      21,       1,       3,       1,     10.0000,      1.3861,     42.3843,    244.7929,     61.6056,      3.4953,      0.0000,     -0.0313,      6.0238,      0.1473,      5.4978,     10.9955,      1.3018,     27.8356,     55.6713,      0.0189,      0.0048,      0.0156,      0.1962,   7562.0337,-432171.5938,   -951.4313,    541.8632,  25206.7773,
       1,     167,       7,      22,       1,       3,       1,     10.0000,      1.3861,     42.3843,    244.7929,     61.6056,      3.4953,      0.0000,     -0.0312,      5.6124,      0.1435,      5.4978,     10.9955,      1.2681,     27.8356,     55.6713,      0.0189,      0.0045,      0.0156,      0.1963,   7562.0337,-425478.1250,   -949.9968,    542.3383,  25206.7773,
       1,     167,       7,      23,       1,       3,       1,     10.0000,      1.3861,     42.3843,    244.7929,     61.6056,      3.4953,      0.0000,     -0.0311,      5.1712,      0.1428,      5.4978,     10.9955,      1.2618,     27.8356,     55.6713,      0.0189,      0.0041,      0.0156,      0.1963,   7562.0337,-424333.4688,   -949.7547,    542.4161,  25206.7773,
       1,     167,       7,      24,       1,       3,       1,     10.0000,      1.3861,     42.3843,    244.7929,     61.6056,      3.4953,      0.0000,     -0.0311,      4.3693,      0.1422,      5.4978,     10.9955,      1.2567,     27.8356,     55.6713,      0.0189,      0.0035,      0.0156,      0.1963,   7562.0337,-423663.2812,   -949.6143,    542.4615,  25206.7773,
       1,     167,       8,       1,       1,       3,       1,     10.0000,      1.3862,     42.3846,    244.7987,     61.6070,      3.4953,      0.0000,     -0.0310,      3.6535,      0.1392,      5.4979,     10.9958,      1.2303,     27.8410,     55.6821,      0.0189,      0.0029,      0.0156,      0.1963,   7562.0337,-422723.5000,   -949.7262,    542.5381,  25207.8984,
       1,     167,       8,       2,       1,       3,       1,     10.0000,      1.3862,     42.3846,    244.7987,     61.6070,      3.4953,      0.0000,     -0.0309,      3.4021,      0.1362,      5.4979,     10.9958,      1.2033,     27.8410,     55.6821,      0.0189,      0.0027,      0.0156,      0.1963,   7562.3696,-421565.5625,   -949.1704,    542.6166,  25207.8984,
       1,     167,       8,       3,       1,       3,       1,     10.0000,      1.3862,     42.3846,    244.7987,     61.6070,      3.4953,      0.0000,     -0.0308,      3.3773,      0.1349,      5.4979,     10.9958,      1.1923,     27.8410,     55.6821,      0.0189,      0.0027,      0.0156,      0.1963,   7562.3696,-421139.6875,   -949.0812,    542.6454,  25207.8984,
       1,     167,       8,       4,       1,       3,       1,     10.0000,      1.3862,     42.3846,    244.7987,     61.6070,      3.4953,      0.0000,     -0.0309,      3.4925,      0.1359,      5.4979,     10.9958,      1.2008,     27.8410,     55.6821,      0.0189,      0.0028,      0.0156,      0.1963,   7562.3696,-421070.3750,   -949.0688,    542.6501,  25207.8984,
       1,     167,       8,       5,       1,       3,       1,     10.0000,      1.3862,     42.3846,    244.7987,     61.6070,      3.4953,      0.0000,     -0.0309,      3.6418,      0.1362,      5.4979,     10.9958,      1.2033,     27.8410,     55.6821,      0.0189,      0.0029,      0.0156,      0.1963,   7562.3696,-421213.0000,   -949.1023,    542.6405,  25207.8984,
       1,     167,       8,       6,       1,       3,       1,     10.0000,      1.3862,     42.3846,    244.7987,     61.6070,      3.4953,      0.0000,     -0.0310,      3.5169,      0.1392,      5.4979,     10.9958,      1.2303,     27.8410,     55.6821,      0.0189,      0.0028,      0.0156,      0.1963,   7562.3696,-421418.1875,   -949.1494,    542.6265,  25207.8984,
       1,     167,       8,       7,       1,       3,       1,     10.0000,      1.3862,     42.3846,    244.7987,     61.6070,      3.4953,      0.0000,     -0.0310,      3.1545,      0.1387,      5.4979,     10.9958,      1.2254,     27.8410,     55.6821,      0.0189,      0.0025,      0.0156,      0.1963,   7562.3696,-421275.0312,   -949.1213,    542.6363,  25207.8984,
       1,     167,       8,       8,       1,       3,       1,     10.0000,      1.3862,     42.3846,    244.7987,     61.6070,      3.4953,      0.0008,     -0.0301,      3.1683,      0.1391,      5.4979,     10.9958,      1.2291,     27.8410,     55.6821,      0.0189,      0.0025,      0.0156,      0.1963,   7562.3696,-420794.5625,   -949.0201,    542.6689,  25207.8984,
       1,     167,       8,       9,       1,       3,       1,     10.0000,      1.3862,     42.3846,    244.7987,     61.6070,      3.4953,      0.0596,      0.0286,     13.1541,      0.1376,      5.4979,     10.9958,      1.2155,     27.8410,     55.6821,      0.0189,      0.0025,      0.0658,      0.1963,   7562.3696,-420770.2500,   -949.0173,    542.6705,  25207.8984,
       1,     167,       8,      10,       1,       3,       1,     10.0000,      1.3862,     42.3846,    244.7987,     61.6070,      3.4953,      0.1293,      0.0979,     34.7686,      0.1487,      5.4979,     10.9958,      1.3137,     27.8410,     55.6821,      0.0189,      0.0026,      0.1653,      0.1963,   7562.3696,-433658.8750,   -951.8083,    541.7963,  25207.9004,
       1,     167,       8,      11,       1,       3,       1,     10.0000,      1.3862,     42.3846,    244.7987,     61.6070,      3.4953,      0.1834,      0.1513,     59.8955,      0.1704,      5.4979,     10.9958,      1.5055,     27.8410,     55.6821,      0.0189,      0.0031,      0.2421,      0.1963,   7562.3706,-462696.4062,   -958.1058,    539.8304,  25207.8984,
       1,     167,       8,      12,       1,       3,       1,     10.0000,      1.3862,     42.3846,    244.7987,     61.6070,      3.4953,      0.1841,      0.1513,     66.0033,      0.1952,      5.4979,     10.9958,      1.7248,     27.8410,     55.6821,      0.0189,      0.0034,      0.2427,      0.1963,   7562.3696,-497702.7812,   -965.7528,    537.4718,  25207.8965,
       1,     167,       8,      13,       1,       3,       1,     10.0000,      1.3862,     42.3846,    244.7987,     61.6070,      3.4953,      0.1862,      0.1531,     66.8783,      0.2009,      5.4979,     10.9958,      1.7749,     27.8410,     55.6821,      0.0189,      0.0034,      0.2457,      0.1963,   7562.3691,-508665.0938,   -968.3321,    536.7404,  25207.8984,
       1,     167,       8,      14,       1,       3,       1,     10.0000,      1.3862,     42.3846,    244.7987,     61.6070,      3.4953,      0.1890,      0.1560,     65.7892,      0.2009,      5.4979,     10.9958,      1.7749,     27.8410,     55.6821,      0.0189,      0.0033,      0.2500,      0.1963,   7562.3696,-510747.1875,   -969.0369,    536.6012,  25207.8984,
       1,     167,       8,      15,       1,       3,       1,     10.0000,      1.3862,     42.3846,    244.7987,     61.6070,      3.4953,      0.1899,      0.1568,     78.4501,      0.2039,      5.4979,     10.9958,      1.8013,     27.8410,     55.6821,      0.0189,      0.0039,      0.2500,      0.1963,   7562.3696,-509520.4688,   -969.0327,    536.6835,  25207.8984,
       1,     167,       8,      16,       1,       3,       1,     10.0000,      1.3862,     42.3846,    244.7987,     61.6070,      3.4953,      0.1922,      0.1590,    116.6547,      0.2071,      5.4979,     10.9958,      1.8300,     27.8410,     55.6821,      0.0189,      0.0058,      0.2490,      0.1963,   7562.3696,-525779.5000,   -972.8171,    535.5927,  25207.8965,
       1,     167,       8,      17,       1,       3,       1,     10.0000,      1.3862,     42.3846,    244.7987,     61.6070,      3.4953,      0.1845,      0.1517,    134.6827,      0.1960,      5.4979,     10.9958,      1.7316,     27.8410,     55.6821,      0.0189,      0.0071,      0.2354,      0.1962,   7562.3691,-576599.6875,   -984.1766,    532.1915,  25207.8965,
       1,     167,       8,      18,       1,       3,       1,     10.0000,      1.3862,     42.3846,    244.7987,     61.6070,      3.4953,      0.1615,      0.1291,    123.2347,      0.1819,      5.4979,     10.9958,      1.6077,     27.8410,     55.6821,      0.0189,      0.0076,      0.2025,      0.1962,   7562.3691,-604396.1250,   -990.7578,    530.3532,  25207.8965,
       1,     167,       8,      19,       1,       3,       1,     10.0000,      1.3862,     42.3846,    244.7987,     61.6070,      3.4953,      0.1112,      0.0792,     78.6034,      0.1665,      5.4979,     10.9958,      1.4713,     27.8410,     55.6821,      0.0189,      0.0073,      0.1334,      0.1961,   7562.3691,-591995.0625,   -988.7249,    531.1785,  25207.8945,
       1,     167,       8,      20,       1,       3,       1,     10.0000,      1.3862,     42.3846,    244.7987,     61.6070,      3.4953,      0.0084,     -0.0231,      9.3053,      0.1552,      5.4979,     10.9958,      1.3717,     27.8410,     55.6821,      0.0189,      0.0074,      0.0156,      0.1961,   7562.3687,-533138.0625,   -976.5042,    535.0871,  25207.8945,
       1,     167,       8,      21,       1,       3,       1,     10.0000,      1.3862,     42.3846,    244.7987,     61.6070,      3.4953,      0.0000,     -0.0311,      9.2444,      0.1431,      5.4979,     10.9958,      1.2643,     27.8410,     55.6821,      0.0189,      0.0074,      0.0156,      0.1962,   7562.3687,-438444.6875,   -956.1754,    541.4351,  25207.8906,
       1,     167,       8,      22,       1,       3,       1,     10.0000,      1.3862,     42.3846,    244.7987,     61.6070,      3.4953,      0.0000,     -0.0310,      8.4809,      0.1399,      5.4979,     10.9958,      1.2366,     27.8410,     55.6821,      0.0189,      0.0068,      0.0156,      0.1963,   7562.3677,-430208.5938,   -954.3994,    542.0303,  25207.8926,
       1,     167,       8,      23,       1,       3,       1,     10.0000,      1.3862,     42.3846,    244.7987,     61.6070,      3.4953,      0.0000,     -0.0311,      8.0531,      0.1418,      5.4979,     10.9958,      1.2529,     27.8410,     55.6821,      0.0189,      0.0064,      0.0156,      0.1963,   7562.3682,-428453.9062,   -954.0244,    542.1496,  25207.8926,
       1,     167,       8,      24,       1,       3,       1,     10.0000,      1.3862,     42.3846,    244.7987,     61.6070,      3.4953,      0.0000,     -0.0311,      7.2176,      0.1411,      5.4979,     10.9958,      1.2466,     27.8410,     55.6821,      0.0189,      0.0058,      0.0156,      0.1963,   7562.3682,-427747.5938,   -953.8779,    542.1974,  25207.8926,
       1,     167,       9,       1,       1,       3,       1,     10.0000,      1.3862,     42.3850,    244.8044,     61.6085,      3.4953,      0.0000,     -0.0312,      6.9175,      0.1437,      5.4979,     10.9957,      1.2695,     27.8463,     55.6927,      0.0189,      0.0055,      0.0156,      0.1964,   7562.3682,-426760.9688,   -953.9848,    542.2769,  25209.0176,
       1,     167,       9,       2,       1,       3,       1,     10.0000,      1.3862,     42.3850,    244.8044,     61.6085,      3.4953,      0.0000,     -0.0313,      5.8519,      0.1463,      5.4979,     10.9957,      1.2927,     27.8463,     55.6927,      0.0189,      0.0047,      0.0156,      0.1964,   7562.7056,-426135.0625,   -953.5405,    542.3193,  25209.0176,
       1,     167,       9,       3,       1,       3,       1,     10.0000,      1.3862,     42.3850,    244.8044,     61.6085,      3.4953,      0.0000,     -0.0312,      5.0890,      0.1457,      5.4979,     10.9957,      1.2875,     27.8463,     55.6927,      0.0189,      0.0041,      0.0156,      0.1964,   7562.7056,-424704.9062,   -953.2343,    542.4163,  25209.0176,
       1,     167,       9,       4,       1,       3,       1,     10.0000,      1.3862,     42.3850,    244.8044,     61.6085,      3.4953,      0.0000,     -0.0313,      4.9451,      0.1469,      5.4979,     10.9957,      1.2980,     27.8463,     55.6927,      0.0189,      0.0039,      0.0156,      0.1964,   7562.7056,-423594.8438,   -952.9973,    542.4916,  25209.0176,
       1,     167,       9,       5,       1,       3,       1,     10.0000,      1.3862,     42.3850,    244.8044,     61.6085,      3.4953,      0.0000,     -0.0313,      4.6967,      0.1478,      5.4979,     10.9957,      1.3058,     27.8463,     55.6927,      0.0189,      0.0037,      0.0156,      0.1964,   7562.7056,-423311.9375,   -952.9399,    542.5107,  25209.0176,
       1,     167,       9,       6,       1,       3,       1,     10.0000,      1.3862,     42.3850,    244.8044,     61.6085,      3.4953,      0.0000,     -0.0312,      5.0963,      0.1444,      5.4979,     10.9957,      1.2759,     27.8463,     55.6927,      0.0189,      0.0041,      0.0156,      0.1964,   7562.7056,-422966.5938,   -952.8691,    542.5342,  25209.0176,
       1,     167,       9,       7,       1,       3,       1,     10.0000,      1.3862,     42.3850,    244.8044,     61.6085,      3.4953,      0.0000,     -0.0311,      4.9819,      0.1417,      5.4979,     10.9957,      1.2517,     27.8463,     55.6927,      0.0189,      0.0040,      0.0156,      0.1964,   7562.7056,-423452.1250,   -952.9793,    542.5013,  25209.0176,
       1,     167,       9,       8,       1,       3,       1,     10.0000,      1.3862,     42.3850,    244.8044,     61.6085,      3.4953,      0.0011,     -0.0301,      4.7961,      0.1427,      5.4979,     10.9957,      1.2606,     27.8463,     55.6927,      0.0189,      0.0038,      0.0156,      0.1964,   7562.7056,-423346.8125,   -952.9611,    542.5084,  25209.0176,
       1,     167,       9,       9,       1,       3,       1,     10.0000,      1.3862,     42.3850,    244.8044,     61.6085,      3.4953,      0.0677,      0.0365,     23.2386,      0.1457,      5.4979,     10.9957,      1.2875,     27.8463,     55.6927,      0.0189,      0.0038,      0.0763,      0.1964,   7562.7056,-423097.9688,   -952.9109,    542.5253,  25209.0176,
       1,     167,       9,      10,       1,       3,       1,     10.0000,      1.3862,     42.3850,    244.8044,     61.6085,      3.4953,      0.1555,      0.1238,     62.6247,      0.1585,      5.4979,     10.9957,      1.4009,     27.8463,     55.6927,      0.0189,      0.0039,      0.2005,      0.1964,   7562.7056,-446881.4688,   -958.1172,    540.9124,  25209.0176,
       1,     167,       9,      11,       1,       3,       1,     10.0000,      1.3862,     42.3850,    244.8044,     61.6085,      3.4953,      0.1848,      0.1527,     71.9274,      0.1716,      5.4979,     10.9957,      1.5160,     27.8463,     55.6927,      0.0189,      0.0037,      0.2428,      0.1963,   7562.7056,-499826.9375,   -969.7360,    537.3349,  25209.0156,
       1,     167,       9,      12,       1,       3,       1,     10.0000,      1.3862,     42.3850,    244.8044,     61.6085,      3.4953,      0.1897,      0.1572,     73.7030,      0.1841,      5.4979,     10.9957,      1.6270,     27.8463,     55.6927,      0.0189,      0.0037,      0.2500,      0.1963,   7562.7051,-516507.8750,   -973.5945,    536.2263,  25209.0137,
       1,     167,       9,      13,       1,       3,       1,     10.0000,      1.3862,     42.3850,    244.8044,     61.6085,      3.4953,      0.1901,      0.1574,     78.7264,      0.1899,      5.4979,     10.9957,      1.6777,     27.8463,     55.6927,      0.0189,      0.0039,      0.2500,      0.1963,   7562.7046,-520246.5000,   -974.6932,    535.9769,  25209.0137,
       1,     167,       9,      14,       1,       3,       1,     10.0000,      1.3862,     42.3850,    244.8044,     61.6085,      3.4953,      0.1903,      0.1575,     82.5527,      0.1946,      5.4979,     10.9957,      1.7197,     27.8463,     55.6927,      0.0189,      0.0041,      0.2500,      0.1963,   7562.7046,-527065.0000,   -976.4835,    535.5201,  25209.0137,
       1,     167,       9,      15,       1,       3,       1,     10.0000,      1.3862,     42.3850,    244.8044,     61.6085,      3.4953,      0.1912,      0.1584,     94.0698,      0.1935,      5.4979,     10.9957,      1.7096,     27.8463,     55.6927,      0.0189,      0.0047,      0.2499,      0.1963,   7562.7046,-532606.8750,   -978.0227,    535.1493,  25209.0176,
       1,     167,       9,      16,       1,       3,       1,     10.0000,      1.3862,     42.3850,    244.8044,     61.6085,      3.4953,      0.1925,      0.1600,    108.8118,      0.1832,      5.4979,     10.9957,      1.6189,     27.8463,     55.6927,      0.0189,      0.0054,      0.2500,      0.1963,   7562.7056,-547981.1250,   -981.7446,    534.1210,  25209.0176,
       1,     167,       9,      17,       1,       3,       1,     10.0000,      1.3862,     42.3850,    244.8044,     61.6085,      3.4953,      0.1833,      0.1509,    123.6821,      0.1785,      5.4979,     10.9957,      1.5776,     27.8463,     55.6927,      0.0189,      0.0066,      0.2346,      0.1962,   7562.7056,-568390.6250,   -986.6420,    532.7594,  25209.0156,
       1,     167,       9,      18,       1,       3,       1,     10.0000,      1.3862,     42.3850,    244.8044,     61.6085,      3.4953,      0.1722,      0.1401,    113.6879,      0.1695,      5.4979,     10.9957,      1.4980,     27.8463,     55.6927,      0.0189,      0.0065,      0.2193,      0.1962,   7562.7051,-589413.1250,   -991.7692,    531.3611,  25209.0156,
       1,     167,       9,      19,       1,       3,       1,     10.0000,      1.3862,     42.3850,    244.8044,     61.6085,      3.4953,      0.1218,      0.0901,     74.4840,      0.1608,      5.4979,     10.9957,      1.4207,     27.8463,     55.6927,      0.0189,      0.0062,      0.1497,      0.1962,   7562.7051,-578314.9375,   -989.9167,    532.1001,  25209.0117,
       1,     167,       9,      20,       1,       3,       1,     10.0000,      1.3862,     42.3850,    244.8044,     61.6085,      3.4953,      0.0133,     -0.0181,      7.1505,      0.1526,      5.4979,     10.9957,      1.3485,     27.8463,     55.6927,      0.0189,      0.0057,      0.0156,      0.1962,   7562.7036,-526617.6875,   -979.0544,    535.5391,  25209.0156,
       1,     167,       9,      21,       1,       3,       1,     10.0000,      1.3862,     42.3850,    244.8044,     61.6085,      3.4953,      0.0000,     -0.0313,      6.5337,      0.1484,      5.4979,     10.9957,      1.3111,     27.8463,     55.6927,      0.0189,      0.0052,      0.0156,      0.1963,   7562.7051,-435097.3750,   -959.1476,    541.6769,  25209.0117,
       1,     167,       9,      22,       1,       3,       1,     10.0000,      1.3862,     42.3850,    244.8044,     61.6085,      3.4953,      0.0000,     -0.0312,      6.2686,      0.1460,      5.4979,     10.9957,      1.2901,     27.8463,     55.6927,      0.0189,      0.0050,      0.0156,      0.1964,   7562.7036,-426414.9062,   -957.2464,    542.3000,  25209.0117,
       1,     167,       9,      23,       1,       3,       1,     10.0000,      1.3862,     42.3850,    244.8044,     61.6085,      3.4953,      0.0000,     -0.0312,      5.7288,      0.1454,      5.4979,     10.9957,      1.2849,     27.8463,     55.6927,      0.0189,      0.0046,      0.0156,      0.1964,   7562.7036,-425268.4062,   -957.0002,    542.3781,  25209.0117,
       1,     167,       9,      24,       1,       3,       1,     10.0000,      1.3862,     42.3850,    244.8044,     61.6085,      3.4953,      0.0000,     -0.0312,      5.0001,      0.1442,      5.4979,     10.9957,      1.2746,     27.8463,     55.6927,      0.0189,      0.0040,      0.0156,      0.1964,   7562.7036,-424470.7812,   -956.8301,    542.4322,  25209.0117,
       1,     167,      10,       1,       1,       3,       1,     10.0000,      1.3862,     42.3853,    244.8102,     61.6099,      3.4953,      0.0000,     -0.0312,      4.6664,      0.1450,      5.4980,     10.9959,      1.2811,     27.8534,     55.7069,      0.0189,      0.0037,      0.0156,      0.1964,   7562.7036,-423614.8750,   -956.9659,    542.5029,  25210.1387,
       1,     167,      10,       2,       1,       3,       1,     10.0000,      1.3862,     42.3853,    244.8102,     61.6099,      3.4953,      0.0000,     -0.0312,      4.3163,      0.1447,      5.4980,     10.9959,      1.2785,     27.8534,     55.7069,      0.0189,      0.0034,      0.0156,      0.1964,   7563.0420,-422956.7500,   -956.5074,    542.5475,  25210.1387,
       1,     167,      10,       3,       1,       3,       1,     10.0000,      1.3862,     42.3853,    244.8102,     61.6099,      3.4953,      0.0000,     -0.0312,      3.9879,      0.1432,      5.4980,     10.9959,      1.2657,     27.8534,     55.7069,      0.0189,      0.0032,      0.0156,      0.1964,   7563.0420,-422447.3125,   -956.3993,    542.5820,  25210.1387,
       1,     167,      10,       4,       1,       3,       1,     10.0000,      1.3862,     42.3853,    244.8102,     61.6099,      3.4953,      0.0000,     -0.0312,      3.9390,      0.1432,      5.4980,     10.9959,      1.2657,     27.8534,     55.7069,      0.0189,      0.0031,      0.0156,      0.1964,   7563.0420,-421978.9375,   -956.3000,    542.6139,  25210.1387,
       1,     167,      10,       5,       1,       3,       1,     10.0000,      1.3862,     42.3853,    244.8102,     61.6099,      3.4953,      0.0000,     -0.0311,      4.0033,      0.1431,      5.4980,     10.9959,      1.2644,     27.8534,     55.7069,      0.0189,      0.0032,      0.0156,      0.1964,   7563.0420,-421874.7188,   -956.2809,    542.6209,  25210.1387,
       1,     167,      10,       6,       1,       3,       1,     10.0000,      1.3862,     42.3853,    244.8102,     61.6099,      3.4953,      0.0000,     -0.0311,      3.9802,      0.1405,      5.4980,     10.9959,      1.2416,     27.8534,     55.7069,      0.0189,      0.0032,      0.0156,      0.1964,   7563.0420,-421948.6562,   -956.3012,    542.6159,  25210.1387,
       1,     167,      10,       7,       1,       3,       1,     10.0000,      1.3862,     42.3853,    244.8102,     61.6099,      3.4953,      0.0000,     -0.0310,      3.8688,      0.1387,      5.4980,     10.9959,      1.2254,     27.8534,     55.7069,      0.0189,      0.0031,      0.0156,      0.1964,   7563.0420,-421925.3125,   -956.2999,    542.6176,  25210.1387,
       1,     167,      10,       8,       1,       3,       1,     10.0000,      1.3862,     42.3853,    244.8102,     61.6099,      3.4953,      0.0010,     -0.0299,      3.6472,      0.1383,      5.4980,     10.9959,      1.2217,     27.8534,     55.7069,      0.0189,      0.0029,      0.0156,      0.1964,   7563.0420,-421779.4688,   -956.2717,    542.6274,  25210.1387,
       1,     167,      10,       9,       1,       3,       1,     10.0000,      1.3862,     42.3853,    244.8102,     61.6099,      3.4953,      0.0663,      0.0354,     18.1529,      0.1381,      5.4980,     10.9959,      1.2205,     27.8534,     55.7069,      0.0189,      0.0030,      0.0751,      0.1964,   7563.0420,-421480.7812,   -956.2095,    542.6477,  25210.1387,
       1,     167,      10,      10,       1,       3,       1,     10.0000,      1.3862,     42.3853,    244.8102,     61.6099,      3.4953,      0.1561,      0.1245,     49.0937,      0.1563,      5.4980,     10.9959,      1.3814,     27.8534,     55.7069,      0.0189,      0.0030,      0.2030,      0.1964,   7563.0420,-440175.5312,   -960.3492,    541.3795,  25210.1387,
       1,     167,      10,      11,       1,       3,       1,     10.0000,      1.3862,     42.3853,    244.8102,     61.6099,      3.4953,      0.1840,      0.1518,     63.5988,      0.1731,      5.4980,     10.9959,      1.5297,     27.8534,     55.7069,      0.0189,      0.0033,      0.2426,      0.1964,   7563.0420,-481759.5625,   -969.5749,    538.5670,  25210.1367,
       1,     167,      10,      12,       1,       3,       1,     10.0000,      1.3862,     42.3853,    244.8102,     61.6099,      3.4953,      0.1884,      0.1560,     56.7214,      0.1812,      5.4980,     10.9959,      1.6014,     27.8534,     55.7069,      0.0189,      0.0028,      0.2500,      0.1963,   7563.0415,-504151.5312,   -974.6580,    537.0669,  25210.1367,
       1,     167,      10,      13,       1,       3,       1,     10.0000,      1.3862,     42.3853,    244.8102,     61.6099,      3.4953,      0.1887,      0.1561,     61.4170,      0.1876,      5.4980,     10.9959,      1.6579,     27.8534,     55.7069,      0.0189,      0.0031,      0.2500,      0.1963,   7563.0415,-497215.1250,   -973.3420,    537.5345,  25210.1367,
       1,     167,      10,      14,       1,       3,       1,     10.0000,      1.3862,     42.3853,    244.8102,     61.6099,      3.4953,      0.1816,      0.1488,     58.8314,      0.1946,      5.4980,     10.9959,      1.7198,     27.8534,     55.7069,      0.0189,      0.0031,      0.2398,      0.1963,   7563.0415,-502675.3438,   -974.7454,    537.1679,  25210.1387,
       1,     167,      10,      15,       1,       3,       1,     10.0000,      1.3862,     42.3853,    244.8102,     61.6099,      3.4953,      0.1694,      0.1364,     72.2450,      0.1987,      5.4980,     10.9959,      1.7558,     27.8534,     55.7069,      0.0189,      0.0041,      0.2201,      0.1963,   7563.0420,-499810.5000,   -974.3259,    537.3604,  25210.1348,
       1,     167,      10,      16,       1,       3,       1,     10.0000,      1.3862,     42.3853,    244.8102,     61.6099,      3.4953,      0.1574,      0.1244,     84.1664,      0.1991,      5.4980,     10.9959,      1.7593,     27.8534,     55.7069,      0.0189,      0.0052,      0.2009,      0.1963,   7563.0405,-516893.3125,   -978.3209,    536.2130,  25210.1348,
       1,     167,      10,      17,       1,       3,       1,     10.0000,      1.3862,     42.3853,    244.8102,     61.6099,      3.4953,      0.1751,      0.1427,     99.0962,      0.1807,      5.4980,     10.9959,      1.5966,     27.8534,     55.7069,      0.0189,      0.0055,      0.2254,      0.1963,   7563.0405,-533795.1875,   -982.3465,    535.0812,  25210.1367,
       1,     167,      10,      18,       1,       3,       1,     10.0000,      1.3862,     42.3853,    244.8102,     61.6099,      3.4953,      0.1615,      0.1292,     98.5180,      0.1778,      5.4980,     10.9959,      1.5714,     27.8534,     55.7069,      0.0189,      0.0060,      0.2054,      0.1963,   7563.0415,-554573.0000,   -987.3080,    533.6929,  25210.1367,
       1,     167,      10,      19,       1,       3,       1,     10.0000,      1.3862,     42.3853,    244.8102,     61.6099,      3.4953,      0.1079,      0.0760,     59.2311,      0.1659,      5.4980,     10.9959,      1.4655,     27.8534,     55.7069,      0.0189,      0.0056,      0.1308,      0.1962,   7563.0415,-555640.3750,   -987.9802,    533.6233,  25210.1348,
       1,     167,      10,      20,       1,       3,       1,     10.0000,      1.3862,     42.3853,    244.8102,     61.6099,      3.4953,      0.0058,     -0.0258,      7.2471,      0.1559,      5.4980,     10.9959,      1.3773,     27.8534,     55.7069,      0.0189,      0.0058,      0.0156,      0.1962,   7563.0405,-504920.5938,   -977.1286,    537.0065,  25210.1348,
       1,     167,      10,      21,       1,       3,       1,     10.0000,      1.3862,     42.3853,    244.8102,     61.6099,      3.4953,      0.0000,     -0.0314,      6.9964,      0.1500,      5.4980,     10.9959,      1.3257,     27.8534,     55.7069,      0.0189,      0.0056,      0.0156,      0.1963,   7563.0405,-433360.5000,   -961.4058,    541.8207,  25210.1328,
       1,     167,      10,      22,       1,       3,       1,     10.0000,      1.3862,     42.3853,    244.8102,     61.6099,      3.4953,      0.0000,     -0.0314,      6.1929,      0.1500,      5.4980,     10.9959,      1.3257,     27.8534,     55.7069,      0.0189,      0.0049,      0.0156,      0.1964,   7563.0400,-426845.3750,   -959.9694,    542.2837,  25210.1328,
       1,     167,      10,      23,       1,       3,       1,     10.0000,      1.3862,     42.3853,    244.8102,     61.6099,      3.4953,      0.0000,     -0.0314,      5.8477,      0.1502,      5.4980,     10.9959,      1.3270,     27.8534,     55.7069,      0.0189,      0.0047,      0.0156,      0.1964,   7563.0400,-425210.7188,   -959.6130,    542.3947,  25210.1328,
       1,     167,      10,      24,       1,       3,       1,     10.0000,      1.3862,     42.3853,    244.8102,     61.6099,      3.4953,      0.0000,     -0.0314,      4.9903,      0.1493,      5.4980,     10.9959,      1.3191,     27.8534,     55.7069,      0.0189,      0.0040,      0.0156,      0.1964,   7563.0400,-424621.7812,   -959.4882,    542.4346,  25210.1328,
       1,     167,      11,       1,       1,       3,       1,     10.0000,      1.3862,     42.3856,    244.8159,     61.6113,      3.4953,      0.0000,     -0.0314,      4.2695,      0.1515,      5.4982,     10.9964,      1.3391,     27.8578,     55.7156,      0.0189,      0.0034,      0.0156,      0.1964,   7563.0400,-423617.8125,   -959.5918,    542.5154,  25211.2578,
       1,     167,      11,       2,       1,       3,       1,     10.0000,      1.3862,     42.3856,    244.8159,     61.6113,      3.4953,      0.0000,     -0.0315,      3.9147,      0.1528,      5.4982,     10.9964,      1.3499,     27.8578,     55.7156,      0.0189,      0.0031,      0.0156,      0.1964,   7563.3774,-422447.7812,   -959.0163,    542.5947,  25211.2578,
       1,     167,      11,       3,       1,       3,       1,     10.0000,      1.3862,     42.3856,    244.8159,     61.6113,      3.4953,      0.0000,     -0.0314,      3.6423,      0.1514,      5.4982,     10.9964,      1.3378,     27.8578,     55.7156,      0.0189,      0.0029,      0.0156,      0.1964,   7563.3774,-421887.5938,   -958.8960,    542.6327,  25211.2578,
       1,     167,      11,       4,       1,       3,       1,     10.0000,      1.3862,     42.3856,    244.8159,     61.6113,      3.4953,      0.0000,     -0.0313,      3.4821,      0.1485,      5.4982,     10.9964,      1.3125,     27.8578,     55.7156,      0.0189,      0.0028,      0.0156,      0.1964,   7563.3774,-421487.0000,   -958.8107,    542.6599,  25211.2578,
       1,     167,      11,       5,       1,       3,       1,     10.0000,      1.3862,     42.3856,    244.8159,     61.6113,      3.4953,      0.0000,     -0.0313,      3.2948,      0.1479,      5.4982,     10.9964,      1.3072,     27.8578,     55.7156,      0.0189,      0.0026,      0.0156,      0.1964,   7563.3774,-421245.1250,   -958.7606,    542.6763,  25211.2578,
       1,     167,      11,       6,       1,       3,       1,     10.0000,      1.3862,     42.3856,    244.8159,     61.6113,      3.4953,      0.0000,     -0.0312,      3.3713,      0.1440,      5.4982,     10.9964,      1.2721,     27.8578,     55.7156,      0.0189,      0.0027,      0.0156,      0.1964,   7563.3774,-420982.3125,   -958.7056,    542.6942,  25211.2578,
       1,     167,      11,       7,       1,       3,       1,     10.0000,      1.3862,     42.3856,    244.8159,     61.6113,      3.4953,      0.0000,     -0.0310,      3.1302,      0.1400,      5.4982,     10.9964,      1.2367,     27.8578,     55.7156,      0.0189,      0.0025,      0.0156,      0.1964,   7563.3774,-421057.9062,   -958.7260,    542.6890,  25211.2578,
       1,     167,      11,       8,       1,       3,       1,     10.0000,      1.3862,     42.3856,    244.8159,     61.6113,      3.4953,      0.0011,     -0.0299,      3.0467,      0.1412,      5.4982,     10.9964,      1.2479,     27.8578,     55.7156,      0.0189,      0.0024,      0.0156,      0.1964,   7563.3774,-420753.4688,   -958.6617,    542.7097,  25211.2578,
       1,     167,      11,       9,       1,       3,       1,     10.0000,      1.3862,     42.3856,    244.8159,     61.6113,      3.4953,      0.0702,      0.0389,     15.1668,      0.1466,      5.4982,     10.9964,      1.2954,     27.8578,     55.7156,      0.0189,      0.0023,      0.0809,      0.1964,   7563.3774,-420619.0312,   -958.6349,    542.7188,  25211.2578,
       1,     167,      11,      10,       1,       3,       1,     10.0000,      1.3862,     42.3856,    244.8159,     61.6113,      3.4953,      0.1563,      0.1245,     42.8995,      0.1632,      5.4982,     10.9964,      1.4423,     27.8578,     55.7156,      0.0189,      0.0026,      0.2041,      0.1964,   7563.3774,-436247.4375,   -962.1242,    541.6586,  25211.2559,
       1,     167,      11,      11,       1,       3,       1,     10.0000,      1.3862,     42.3856,    244.8159,     61.6113,      3.4953,      0.1834,      0.1510,     49.8236,      0.1800,      5.4982,     10.9964,      1.5903,     27.8578,     55.7156,      0.0189,      0.0025,      0.2434,      0.1964,   7563.3770,-473413.9062,   -970.4331,    539.1431,  25211.2578,
       1,     167,      11,      12,       1,       3,       1,     10.0000,      1.3862,     42.3856,    244.8159,     61.6113,      3.4953,      0.1799,      0.1468,     46.8806,      0.2051,      5.4982,     10.9964,      1.8122,     27.8578,     55.7156,      0.0189,      0.0024,      0.2388,      0.1964,   7563.3774,-485620.7812,   -973.2482,    538.3263,  25211.2559,
       1,     167,      11,      13,       1,       3,       1,     10.0000,      1.3862,     42.3856,    244.8159,     61.6113,      3.4953,      0.1784,      0.1449,     49.0324,      0.2167,      5.4982,     10.9964,      1.9147,     27.8578,     55.7156,      0.0189,      0.0026,      0.2363,      0.1964,   7563.3770,-482879.4375,   -972.7797,    538.5114,  25211.2559,
       1,     167,      11,      14,       1,       3,       1,     10.0000,      1.3862,     42.3856,    244.8159,     61.6113,      3.4953,      0.1747,      0.1411,     54.1006,      0.2199,      5.4982,     10.9964,      1.9431,     27.8578,     55.7156,      0.0189,      0.0029,      0.2302,      0.1964,   7563.3770,-485418.7812,   -973.4798,    538.3405,  25211.2578,
       1,     167,      11,      15,       1,       3,       1,     10.0000,      1.3862,     42.3856,    244.8159,     61.6113,      3.4953,      0.1776,      0.1439,     72.1197,      0.2258,      5.4982,     10.9964,      1.9952,     27.8578,     55.7156,      0.0189,      0.0039,      0.2326,      0.1964,   7563.3774,-492186.9375,   -975.1351,    537.8851,  25211.2578,
       1,     167,      11,      16,       1,       3,       1,     10.0000,      1.3862,     42.3856,    244.8159,     61.6113,      3.4953,      0.1635,      0.1300,     83.4499,      0.2180,      5.4982,     10.9964,      1.9260,     27.8578,     55.7156,      0.0189,      0.0049,      0.2101,      0.1964,   7563.3774,-516055.5938,   -980.6405,    536.2805,  25211.2520,
       1,     167,      11,      17,       1,       3,       1,     10.0000,      1.3862,     42.3856,    244.8159,     61.6113,      3.4953,      0.1830,      0.1500,    119.6339,      0.2011,      5.4982,     10.9964,      1.7768,     27.8578,     55.7156,      0.0189,      0.0063,      0.2349,      0.1963,   7563.3760,-532787.4375,   -984.6531,    535.1612,  25211.2539,
       1,     167,      11,      18,       1,       3,       1,     10.0000,      1.3862,     42.3856,    244.8159,     61.6113,      3.4953,      0.1605,      0.1280,    105.6625,      0.1843,      5.4982,     10.9964,      1.6287,     27.8578,     55.7156,      0.0189,      0.0065,      0.2030,      0.1963,   7563.3765,-581020.8750,   -995.7888,    531.9357,  25211.2539,
       1,     167,      11,      19,       1,       3,       1,     10.0000,      1.3862,     42.3856,    244.8159,     61.6113,      3.4953,      0.0653,      0.0333,     36.6103,      0.1694,      5.4982,     10.9964,      1.4966,     27.8578,     55.7156,      0.0189,      0.0065,      0.0706,      0.1962,   7563.3765,-567181.2500,   -993.2352,    532.8658,  25211.2520,
       1,     167,      11,      20,       1,       3,       1,     10.0000,      1.3862,     42.3856,    244.8159,     61.6113,      3.4953,      0.0044,     -0.0272,      8.2382,      0.1576,      5.4982,     10.9964,      1.3926,     27.8578,     55.7156,      0.0189,      0.0066,      0.0156,      0.1963,   7563.3760,-476650.9688,   -973.4175,    538.8966,  25211.2520,
       1,     167,      11,      21,       1,       3,       1,     10.0000,      1.3862,     42.3856,    244.8159,     61.6113,      3.4953,      0.0000,     -0.0316,      7.4758,      0.1545,      5.4982,     10.9964,      1.3649,     27.8578,     55.7156,      0.0189,      0.0060,      0.0156,      0.1964,   7563.3760,-432232.7500,   -963.5529,    541.9230,  25211.2520,
       1,     167,      11,      22,       1,       3,       1,     10.0000,      1.3862,     42.3856,    244.8159,     61.6113,      3.4953,      0.0000,     -0.0315,      6.4929,      0.1534,      5.4982,     10.9964,      1.3554,     27.8578,     55.7156,      0.0189,      0.0052,      0.0156,      0.1964,   7563.3760,-427350.8125,   -962.4702,    542.2621,  25211.2520,
       1,     167,      11,      23,       1,       3,       1,     10.0000,      1.3862,     42.3856,    244.8159,     61.6113,      3.4953,      0.0000,     -0.0314,      5.4311,      0.1509,      5.4982,     10.9964,      1.3338,     27.8578,     55.7156,      0.0189,      0.0043,      0.0156,      0.1964,   7563.3760,-425644.5000,   -962.0955,    542.3779,  25211.2520,
       1,     167,      11,      24,       1,       3,       1,     10.0000,      1.3862,     42.3856,    244.8159,     61.6113,      3.4953,      0.0000,     -0.0314,      4.5161,      0.1511,      5.4982,     10.9964,      1.3351,     27.8578,     55.7156,      0.0189,      0.0036,      0.0156,      0.1964,   7563.3760,-424124.7500,   -961.7614,    542.4810,  25211.2520,
       1,     167,      12,       1,       1,       3,       1,     10.0000,      1.3862,     42.3860,    244.8216,     61.6128,      3.4953,      0.0000,     -0.0315,      3.3895,      0.1516,      5.4985,     10.9971,      1.3392,     27.8609,     55.7217,      0.0189,      0.0027,      0.0156,      0.1964,   7563.3760,-422965.5000,   -961.8309,    542.5724,  25212.3750,
       1,     167,      12,       2,       1,       3,       1,     10.0000,      1.3862,     42.3860,    244.8216,     61.6128,      3.4953,      0.0000,     -0.0313,      2.9678,      0.1484,      5.4985,     10.9971,      1.3112,     27.8609,     55.7217,      0.0189,      0.0024,      0.0156,      0.1964,   7563.7129,-421258.2500,   -961.1305,    542.6882,  25212.3750,
       1,     167,      12,       3,       1,       3,       1,     10.0000,      1.3862,     42.3860,    244.8216,     61.6128,      3.4953,      0.0000,     -0.0313,      2.9777,      0.1485,      5.4985,     10.9971,      1.3125,     27.8609,     55.7217,      0.0189,      0.0024,      0.0156,      0.1964,   7563.7129,-420564.7500,   -960.9785,    542.7352,  25212.3750,
       1,     167,      12,       4,       1,       3,       1,     10.0000,      1.3862,     42.3860,    244.8216,     61.6128,      3.4953,      0.0000,     -0.0314,      2.7379,      0.1491,      5.4985,     10.9971,      1.3178,     27.8609,     55.7217,      0.0189,      0.0022,      0.0156,      0.1964,   7563.7129,-420516.8125,   -960.9711,    542.7385,  25212.3750,
       1,     167,      12,       5,       1,       3,       1,     10.0000,      1.3862,     42.3860,    244.8216,     61.6128,      3.4953,      0.0000,     -0.0314,      2.9250,      0.1491,      5.4985,     10.9971,      1.3178,     27.8609,     55.7217,      0.0189,      0.0023,      0.0156,      0.1964,   7563.7129,-420203.2500,   -960.9039,    542.7597,  25212.3750,
       1,     167,      12,       6,       1,       3,       1,     10.0000,      1.3862,     42.3860,    244.8216,     61.6128,      3.4953,      0.0000,     -0.0312,      3.0289,      0.1457,      5.4985,     10.9971,      1.2876,     27.8609,     55.7217,      0.0189,      0.0024,      0.0156,      0.1964,   7563.7129,-420417.1562,   -960.9548,    542.7452,  25212.3750,
       1,     167,      12,       7,       1,       3,       1,     10.0000,      1.3862,     42.3860,    244.8216,     61.6128,      3.4953,      0.0000,     -0.0310,      2.4064,      0.1397,      5.4985,     10.9971,      1.2342,     27.8609,     55.7217,      0.0189,      0.0019,      0.0156,      0.1964,   7563.7129,-420569.9062,   -960.9923,    542.7349,  25212.3750,
       1,     167,      12,       8,       1,       3,       1,     10.0000,      1.3862,     42.3860,    244.8216,     61.6128,      3.4953,      0.0011,     -0.0296,      2.4448,      0.1316,      5.4985,     10.9971,      1.1626,     27.8609,     55.7217,      0.0189,      0.0020,      0.0156,      0.1964,   7563.7129,-419780.1250,   -960.8181,    542.7884,  25212.3750,
       1,     167,      12,       9,       1,       3,       1,     10.0000,      1.3862,     42.3860,    244.8216,     61.6128,      3.4953,      0.0765,      0.0456,     15.1026,      0.1377,      5.4985,     10.9971,      1.2168,     27.8609,     55.7217,      0.0189,      0.0021,      0.0904,      0.1964,   7563.7129,-419760.5312,   -960.8165,    542.7897,  25212.3750,
       1,     167,      12,      10,       1,       3,       1,     10.0000,      1.3862,     42.3860,    244.8216,     61.6128,      3.4953,      0.1592,      0.1272,     40.6423,      0.1694,      5.4985,     10.9971,      1.4966,     27.8609,     55.7217,      0.0189,      0.0024,      0.2086,      0.1964,   7563.7129,-436090.6875,   -964.4888,    541.6818,  25212.3750,
       1,     167,      12,      11,       1,       3,       1,     10.0000,      1.3862,     42.3860,    244.8216,     61.6128,      3.4953,      0.1852,      0.1527,     45.5534,      0.1814,      5.4985,     10.9971,      1.6030,     27.8609,     55.7217,      0.0189,      0.0023,      0.2465,      0.1964,   7563.7129,-470483.8750,   -972.2350,    539.3541,  25212.3750,
       1,     167,      12,      12,       1,       3,       1,     10.0000,      1.3862,     42.3860,    244.8216,     61.6128,      3.4953,      0.1868,      0.1539,     37.3338,      0.1960,      5.4985,     10.9971,      1.7318,     27.8609,     55.7217,      0.0189,      0.0019,      0.2500,      0.1964,   7563.7129,-479845.1875,   -974.4236,    538.7280,  25212.3750,
       1,     167,      12,      13,       1,       3,       1,     10.0000,      1.3862,     42.3860,    244.8216,     61.6128,      3.4953,      0.1858,      0.1527,     25.2880,      0.2037,      5.4985,     10.9971,      1.7997,     27.8609,     55.7217,      0.0189,      0.0013,      0.2500,      0.1964,   7563.7129,-470042.0938,   -972.3385,    539.3885,  25212.3750,
       1,     167,      12,      14,       1,       3,       1,     10.0000,      1.3862,     42.3860,    244.8216,     61.6128,      3.4953,      0.1865,      0.1533,     33.8151,      0.2059,      5.4985,     10.9971,      1.8194,     27.8609,     55.7217,      0.0189,      0.0017,      0.2500,      0.1964,   7563.7129,-453633.3125,   -968.7336,    540.4952,  25212.3750,
       1,     167,      12,      15,       1,       3,       1,     10.0000,      1.3862,     42.3860,    244.8216,     61.6128,      3.4953,      0.1896,      0.1561,     74.4086,      0.2146,      5.4985,     10.9971,      1.8961,     27.8609,     55.7217,      0.0189,      0.0037,      0.2500,      0.1964,   7563.7129,-463211.1875,   -970.9370,    539.8493,  25212.3750,
       1,     167,      12,      16,       1,       3,       1,     10.0000,      1.3862,     42.3860,    244.8216,     61.6128,      3.4953,      0.1907,      0.1576,     88.4176,      0.2047,      5.4985,     10.9971,      1.8086,     27.8609,     55.7217,      0.0189,      0.0044,      0.2500,      0.1964,   7563.7129,-516457.5625,   -982.9851,    536.2566,  25212.3730,
       1,     167,      12,      17,       1,       3,       1,     10.0000,      1.3862,     42.3860,    244.8216,     61.6128,      3.4953,      0.1859,      0.1529,    104.3969,      0.1995,      5.4985,     10.9971,      1.7629,     27.8609,     55.7217,      0.0189,      0.0054,      0.2409,      0.1963,   7563.7124,-539243.9375,   -988.3824,    534.7411,  25212.3730,
       1,     167,      12,      18,       1,       3,       1,     10.0000,      1.3862,     42.3860,    244.8216,     61.6128,      3.4953,      0.1677,      0.1350,     97.5402,      0.1891,      5.4985,     10.9971,      1.6712,     27.8609,     55.7217,      0.0189,      0.0057,      0.2146,      0.1963,   7563.7124,-561877.4375,   -993.8508,    533.2304,  25212.3730,
       1,     167,      12,      19,       1,       3,       1,     10.0000,      1.3862,     42.3860,    244.8216,     61.6128,      3.4953,      0.1081,      0.0759,     58.4665,      0.1735,      5.4985,     10.9971,      1.5329,     27.8609,     55.7217,      0.0189,      0.0056,      0.1311,      0.1963,   7563.7124,-554987.1875,   -992.7651,    533.6917,  25212.3730,
       1,     167,      12,      20,       1,       3,       1,     10.0000,      1.3862,     42.3860,    244.8216,     61.6128,      3.4953,      0.0084,     -0.0233,      6.9382,      0.1579,      5.4985,     10.9971,      1.3954,     27.8609,     55.7217,      0.0189,      0.0055,      0.0156,      0.1963,   7563.7124,-503862.3125,   -981.6608,    537.1025,  25212.3711,
       1,     167,      12,      21,       1,       3,       1,     10.0000,      1.3862,     42.3860,    244.8216,     61.6128,      3.4953,      0.0000,     -0.0315,      6.7839,      0.1517,      5.4985,     10.9971,      1.3405,     27.8609,     55.7217,      0.0189,      0.0054,      0.0156,      0.1964,   7563.7114,-432874.3750,   -965.8369,    541.8794,  25212.3711,
       1,     167,      12,      22,       1,       3,       1,     10.0000,      1.3862,     42.3860,    244.8216,     61.6128,      3.4953,      0.0000,     -0.0314,      6.5252,      0.1505,      5.4985,     10.9971,      1.3298,     27.8609,     55.7217,      0.0189,      0.0052,      0.0156,      0.1964,   7563.7114,-426532.9375,   -964.4183,    542.3303,  25212.3711,
       1,     167,      12,      23,       1,       3,       1,     10.0000,      1.3862,     42.3860,    244.8216,     61.6128,      3.4953,      0.0000,     -0.0313,      6.0997,      0.1482,      5.4985,     10.9971,      1.3099,     27.8609,     55.7217,      0.0189,      0.0049,      0.0156,      0.1964,   7563.7114,-425617.3125,   -964.2194,    542.3925,  25212.3711,
       1,     167,      12,      24,       1,       3,       1,     10.0000,      1.3862,     42.3860,    244.8216,     61.6128,      3.4953,      0.0000,     -0.0314,      5.2639,      0.1491,      5.4985,     10.9971,      1.3178,     27.8609,     55.7217,      0.0189,      0.0042,      0.0156,      0.1964,   7563.7114,-424987.8438,   -964.0845,    542.4352,  25212.3711,
       1,     167,      13,       1,       1,       3,       1,     10.0000,      1.3863,     42.3863,    244.8274,     61.6142,      3.4953,      0.0000,     -0.0315,      3.5697,      0.1519,      5.4979,     10.9958,      1.3419,     27.8672,     55.7344,      0.0189,      0.0028,      0.0156,      0.1965,   7563.7114,-424008.2812,   -964.1953,    542.5142,  25213.4961,
       1,     167,      13,       2,       1,       3,       1,     10.0000,      1.3863,     42.3863,    244.8274,     61.6142,      3.4953,      0.0000,     -0.0315,      2.5918,      0.1516,      5.4979,     10.9958,      1.3392,     27.8672,     55.7344,      0.0189,      0.0021,      0.0156,      0.1965,   7564.0493,-421584.8750,   -963.3289,    542.6786,  25213.4961,
       1,     167,      13,       3,       1,       3,       1,     10.0000,      1.3863,     42.3863,    244.8274,     61.6142,      3.4953,      0.0000,     -0.0314,      2.1488,      0.1487,      5.4979,     10.9958,      1.3139,     27.8672,     55.7344,      0.0189,      0.0017,      0.0156,      0.1965,   7564.0493,-420111.1562,   -962.9996,    542.7785,  25213.4941,
       1,     167,      13,       4,       1,       3,       1,     10.0000,      1.3863,     42.3863,    244.8274,     61.6142,      3.4953,      0.0000,     -0.0313,      1.8872,      0.1485,      5.4979,     10.9958,      1.3125,     27.8672,     55.7344,      0.0189,      0.0015,      0.0156,      0.1965,   7564.0483,-419410.9062,   -962.8447,    542.8261,  25213.4941,
       1,     167,      13,       5,       1,       3,       1,     10.0000,      1.3863,     42.3863,    244.8274,     61.6142,      3.4953,      0.0000,     -0.0312,      1.8000,      0.1454,      5.4979,     10.9958,      1.2851,     27.8672,     55.7344,      0.0189,      0.0014,      0.0156,      0.1965,   7564.0483,-419011.9688,   -962.7570,    542.8531,  25213.4941,
       1,     167,      13,       6,       1,       3,       1,     10.0000,      1.3863,     42.3863,    244.8274,     61.6142,      3.4953,      0.0000,     -0.0312,      2.0017,      0.1443,      5.4979,     10.9958,      1.2747,     27.8672,     55.7344,      0.0189,      0.0016,      0.0156,      0.1965,   7564.0483,-418864.5625,   -962.7260,    542.8632,  25213.4941,
       1,     167,      13,       7,       1,       3,       1,     10.0000,      1.3863,     42.3863,    244.8274,     61.6142,      3.4953,      0.0000,     -0.0312,      1.9444,      0.1431,      5.4979,     10.9958,      1.2645,     27.8672,     55.7344,      0.0189,      0.0016,      0.0156,      0.1965,   7564.0483,-419111.8750,   -962.7838,    542.8464,  25213.4941,
       1,     167,      13,       8,       1,       3,       1,     10.0000,      1.3863,     42.3863,    244.8274,     61.6142,      3.4953,      0.0010,     -0.0300,      1.7742,      0.1390,      5.4979,     10.9958,      1.2280,     27.8672,     55.7344,      0.0189,      0.0014,      0.0156,      0.1965,   7564.0483,-419059.5000,   -962.7742,    542.8500,  25213.4941,
       1,     167,      13,       9,       1,       3,       1,     10.0000,      1.3863,     42.3863,    244.8274,     61.6142,      3.4953,      0.0704,      0.0393,      9.5423,      0.1395,      5.4979,     10.9958,      1.2330,     27.8672,     55.7344,      0.0189,      0.0015,      0.0819,      0.1965,   7564.0483,-418835.4375,   -962.7256,    542.8651,  25213.4941,
       1,     167,      13,      10,       1,       3,       1,     10.0000,      1.3863,     42.3863,    244.8274,     61.6142,      3.4953,      0.1573,      0.1258,     22.0700,      0.1529,      5.4979,     10.9958,      1.3514,     27.8672,     55.7344,      0.0189,      0.0013,      0.2079,      0.1965,   7564.0483,-428837.3750,   -964.9901,    542.1864,  25213.4941,
       1,     167,      13,      11,       1,       3,       1,     10.0000,      1.3863,     42.3863,    244.8274,     61.6142,      3.4953,      0.1851,      0.1531,     30.4356,      0.1665,      5.4979,     10.9958,      1.4715,     27.8672,     55.7344,      0.0189,      0.0015,      0.2480,      0.1965,   7564.0483,-445878.3125,   -968.8559,    541.0320,  25213.4922,
       1,     167,      13,      12,       1,       3,       1,     10.0000,      1.3863,     42.3863,    244.8274,     61.6142,      3.4953,      0.1869,      0.1542,     38.0799,      0.1889,      5.4979,     10.9958,      1.6696,     27.8672,     55.7344,      0.0189,      0.0019,      0.2500,      0.1964,   7564.0479,-458168.7500,   -971.6699,    540.2020,  25213.4941,
       1,     167,      13,      13,       1,       3,       1,     10.0000,      1.3863,     42.3863,    244.8274,     61.6142,      3.4953,      0.1868,      0.1536,     37.8171,      0.2053,      5.4979,     10.9958,      1.8140,     27.8672,     55.7344,      0.0189,      0.0019,      0.2500,      0.1964,   7564.0483,-469110.3125,   -974.2021,    539.4638,  25213.4941,
       1,     167,      13,      14,       1,       3,       1,     10.0000,      1.3863,     42.3863,    244.8274,     61.6142,      3.4953,      0.1861,      0.1531,     34.6963,      0.1987,      5.4979,     10.9958,      1.7560,     27.8672,     55.7344,      0.0189,      0.0017,      0.2492,      0.1964,   7564.0483,-469727.2812,   -974.4235,    539.4227,  25213.4922,
       1,     167,      13,      15,       1,       3,       1,     10.0000,      1.3863,     42.3863,    244.8274,     61.6142,      3.4953,      0.1877,      0.1547,     49.6247,      0.2001,      5.4979,     10.9958,      1.7681,     27.8672,     55.7344,      0.0189,      0.0025,      0.2500,      0.1964,   7564.0479,-465751.6562,   -973.6086,    539.6907,  25213.4941,
       1,     167,      13,      16,       1,       3,       1,     10.0000,      1.3863,     42.3863,    244.8274,     61.6142,      3.4953,      0.1856,      0.1526,     63.1529,      0.2003,      5.4979,     10.9958,      1.7699,     27.8672,     55.7344,      0.0189,      0.0032,      0.2453,      0.1964,   7564.0483,-484676.8438,   -977.9673,    538.4141,  25213.4922,
       1,     167,      13,      17,       1,       3,       1,     10.0000,      1.3863,     42.3863,    244.8274,     61.6142,      3.4953,      0.1601,      0.1272,     78.8145,      0.1964,      5.4979,     10.9958,      1.7353,     27.8672,     55.7344,      0.0189,      0.0048,      0.2055,      0.1964,   7564.0479,-503803.5625,   -982.4401,    537.1284,  25213.4922,
       1,     167,      13,      18,       1,       3,       1,     10.0000,      1.3863,     42.3863,    244.8274,     61.6142,      3.4953,      0.1621,      0.1295,     89.5606,      0.1851,      5.4979,     10.9958,      1.6352,     27.8672,     55.7344,      0.0189,      0.0054,      0.2072,      0.1964,   7564.0479,-525705.8125,   -987.6224,    535.6594,  25213.4902,
       1,     167,      13,      19,       1,       3,       1,     10.0000,      1.3863,     42.3863,    244.8274,     61.6142,      3.4953,      0.1034,      0.0714,     49.9790,      0.1692,      5.4979,     10.9958,      1.4952,     27.8672,     55.7344,      0.0189,      0.0050,      0.1252,      0.1964,   7564.0474,-541506.1250,   -991.5181,    534.6034,  25213.4922,
       1,     167,      13,      20,       1,       3,       1,     10.0000,      1.3863,     42.3863,    244.8274,     61.6142,      3.4953,      0.0076,     -0.0240,      5.9101,      0.1556,      5.4979,     10.9958,      1.3746,     27.8672,     55.7344,      0.0189,      0.0047,      0.0156,      0.1963,   7564.0479,-491722.1250,   -980.5977,    537.9313,  25213.4902,
       1,     167,      13,      21,       1,       3,       1,     10.0000,      1.3863,     42.3863,    244.8274,     61.6142,      3.4953,      0.0000,     -0.0314,      6.2603,      0.1511,      5.4979,     10.9958,      1.3352,     27.8672,     55.7344,      0.0189,      0.0050,      0.0156,      0.1964,   7564.0474,-430501.8125,   -966.8640,    542.0582,  25213.4902,
       1,     167,      13,      22,       1,       3,       1,     10.0000,      1.3863,     42.3863,    244.8274,     61.6142,      3.4953,      0.0000,     -0.0313,      6.1824,      0.1484,      5.4979,     10.9958,      1.3112,     27.8672,     55.7344,      0.0189,      0.0049,      0.0156,      0.1965,   7564.0474,-425645.3438,   -965.7731,    542.4032,  25213.4902,
       1,     167,      13,      23,       1,       3,       1,     10.0000,      1.3863,     42.3863,    244.8274,     61.6142,      3.4953,      0.0000,     -0.0313,      6.0143,      0.1484,      5.4979,     10.9958,      1.3112,     27.8672,     55.7344,      0.0189,      0.0048,      0.0156,      0.1965,   7564.0474,-425099.7812,   -965.6567,    542.4402,  25213.4902,
       1,     167,      13,      24,       1,       3,       1,     10.0000,      1.3863,     42.3863,    244.8274,     61.6142,      3.4953,      0.0000,     -0.0312,      4.6393,      0.1434,      5.4979,     10.9958,      1.2670,     27.8672,     55.7344,      0.0189,      0.0037,      0.0156,      0.1965,   7564.0474,-424835.1250,   -965.7332,    542.4582,  25213.4902,
       1,     167,      14,       1,       1,       3,       1,     10.0000,      1.3863,     42.3866,    244.8331,     61.6157,      3.4953,      0.0000,     -0.0313,      3.5342,      0.1465,      5.4989,     10.9977,      1.2942,     27.8724,     55.7449,      0.0189,      0.0028,      0.0156,      0.1965,   7564.0474,-423192.0312,   -965.6925,    542.5823,  25214.6133,
       1,     167,      14,       2,       1,       3,       1,     10.0000,      1.3863,     42.3866,    244.8331,     61.6157,      3.4953,      0.0000,     -0.0313,      2.8344,      0.1478,      5.4989,     10.9977,      1.3060,     27.8724,     55.7449,      0.0189,      0.0023,      0.0156,      0.1965,   7564.3843,-421470.6875,   -964.9807,    542.6991,  25214.6133,
       1,     167,      14,       3,       1,       3,       1,     10.0000,      1.3863,     42.3866,    244.8331,     61.6157,      3.4953,      0.0000,     -0.0312,      2.5907,      0.1456,      5.4989,     10.9977,      1.2864,     27.8724,     55.7449,      0.0189,      0.0021,      0.0156,      0.1965,   7564.3843,-420417.2500,   -964.7451,    542.7706,  25214.6133,
       1,     167,      14,       4,       1,       3,       1,     10.0000,      1.3863,     42.3866,    244.8331,     61.6157,      3.4953,      0.0000,     -0.0313,      2.3061,      0.1462,      5.4989,     10.9977,      1.2916,     27.8724,     55.7449,      0.0189,      0.0018,      0.0156,      0.1965,   7564.3843,-420010.7812,   -964.6558,    542.7981,  25214.6133,
       1,     167,      14,       5,       1,       3,       1,     10.0000,      1.3863,     42.3866,    244.8331,     61.6157,      3.4953,      0.0000,     -0.0312,      1.7590,      0.1440,      5.4989,     10.9977,      1.2722,     27.8724,     55.7449,      0.0189,      0.0014,      0.0156,      0.1965,   7564.3843,-419608.2188,   -964.5670,    542.8255,  25214.6133,
       1,     167,      14,       6,       1,       3,       1,     10.0000,      1.3863,     42.3866,    244.8331,     61.6157,      3.4953,      0.0000,     -0.0311,      2.0153,      0.1417,      5.4989,     10.9977,      1.2518,     27.8724,     55.7449,      0.0189,      0.0016,      0.0156,      0.1965,   7564.3843,-418867.0312,   -964.4010,    542.8757,  25214.6133,
       1,     167,      14,       7,       1,       3,       1,     10.0000,      1.3863,     42.3866,    244.8331,     61.6157,      3.4953,      0.0000,     -0.0311,      2.1639,      0.1420,      5.4989,     10.9977,      1.2544,     27.8724,     55.7449,      0.0189,      0.0017,      0.0156,      0.1965,   7564.3843,-419132.7812,   -964.4631,    542.8577,  25214.6133,
       1,     167,      14,       8,       1,       3,       1,     10.0000,      1.3863,     42.3866,    244.8331,     61.6157,      3.4953,      0.0009,     -0.0302,      2.0729,      0.1418,      5.4989,     10.9977,      1.2531,     27.8724,     55.7449,      0.0189,      0.0017,      0.0156,      0.1965,   7564.3843,-419347.8438,   -964.5138,    542.8431,  25214.6133,
       1,     167,      14,       9,       1,       3,       1,     10.0000,      1.3863,     42.3866,    244.8331,     61.6157,      3.4953,      0.0701,      0.0387,     10.9230,      0.1502,      5.4989,     10.9977,      1.3272,     27.8724,     55.7449,      0.0189,      0.0017,      0.0811,      0.1965,   7564.3843,-419249.3125,   -964.4935,    542.8498,  25214.6133,
       1,     167,      14,      10,       1,       3,       1,     10.0000,      1.3863,     42.3866,    244.8331,     61.6157,      3.4953,      0.1558,      0.1239,     26.5418,      0.1660,      5.4989,     10.9977,      1.4671,     27.8724,     55.7449,      0.0189,      0.0016,      0.2053,      0.1965,   7564.3843,-430656.6875,   -967.0886,    542.0758,  25214.6133,
       1,     167,      14,      11,       1,       3,       1,     10.0000,      1.3863,     42.3866,    244.8331,     61.6157,      3.4953,      0.1847,      0.1525,     30.5806,      0.1731,      5.4989,     10.9977,      1.5299,     27.8724,     55.7449,      0.0189,      0.0015,      0.2474,      0.1965,   7564.3843,-451807.1562,   -971.9083,    540.6432,  25214.6133,
       1,     167,      14,      12,       1,       3,       1,     10.0000,      1.3863,     42.3866,    244.8331,     61.6157,      3.4953,      0.1867,      0.1539,     35.1015,      0.1910,      5.4989,     10.9977,      1.6879,     27.8724,     55.7449,      0.0189,      0.0017,      0.2500,      0.1965,   7564.3843,-458873.8438,   -973.5583,    540.1675,  25214.6133,
       1,     167,      14,      13,       1,       3,       1,     10.0000,      1.3863,     42.3866,    244.8331,     61.6157,      3.4953,      0.1870,      0.1538,     39.9612,      0.2035,      5.4989,     10.9977,      1.7981,     27.8724,     55.7449,      0.0189,      0.0020,      0.2500,      0.1965,   7564.3843,-465324.4688,   -975.0831,    539.7322,  25214.6133,
       1,     167,      14,      14,       1,       3,       1,     10.0000,      1.3863,     42.3866,    244.8331,     61.6157,      3.4953,      0.1873,      0.1542,     44.4087,      0.2041,      5.4989,     10.9977,      1.8034,     27.8724,     55.7449,      0.0189,      0.0022,      0.2500,      0.1965,   7564.3843,-472161.0000,   -976.7098,    539.2711,  25214.6113,
       1,     167,      14,      15,       1,       3,       1,     10.0000,      1.3863,     42.3866,    244.8331,     61.6157,      3.4953,      0.1885,      0.1554,     59.0718,      0.2033,      5.4989,     10.9977,      1.7963,     27.8724,     55.7449,      0.0189,      0.0029,      0.2500,      0.1964,   7564.3838,-478500.0000,   -978.2420,    538.8440,  25214.6113,
       1,     167,      14,      16,       1,       3,       1,     10.0000,      1.3863,     42.3866,    244.8331,     61.6157,      3.4953,      0.1895,      0.1566,     71.5692,      0.1966,      5.4989,     10.9977,      1.7370,     27.8724,     55.7449,      0.0189,      0.0036,      0.2500,      0.1964,   7564.3838,-497984.6562,   -982.7919,    537.5317,  25214.6094,
       1,     167,      14,      17,       1,       3,       1,     10.0000,      1.3863,     42.3866,    244.8331,     61.6157,      3.4953,      0.1869,      0.1542,     93.5683,      0.1895,      5.4989,     10.9977,      1.6746,     27.8724,     55.7449,      0.0189,      0.0048,      0.2435,      0.1964,   7564.3833,-515829.7500,   -987.0506,    536.3343,  25214.6113,
       1,     167,      14,      18,       1,       3,       1,     10.0000,      1.3863,     42.3866,    244.8331,     61.6157,      3.4953,      0.1703,      0.1381,     95.2347,      0.1761,      5.4989,     10.9977,      1.5560,     27.8724,     55.7449,      0.0189,      0.0054,      0.2187,      0.1964,   7564.3838,-545806.8750,   -994.1505,    534.3259,  25214.6094,
       1,     167,      14,      19,       1,       3,       1,     10.0000,      1.3863,     42.3866,    244.8331,     61.6157,      3.4953,      0.0600,      0.0281,     28.1383,      0.1655,      5.4989,     10.9977,      1.4627,     27.8724,     55.7449,      0.0189,      0.0055,      0.0638,      0.1964,   7564.3833,-550584.0000,   -995.6402,    534.0106,  25214.6074,
       1,     167,      14,      20,       1,       3,       1,     10.0000,      1.3863,     42.3866,    244.8331,     61.6157,      3.4953,      0.0061,     -0.0255,      6.7243,      0.1540,      5.4989,     10.9977,      1.3609,     27.8724,     55.7449,      0.0189,      0.0054,      0.0156,      0.1964,   7564.3823,-464267.3438,   -976.3615,    539.7724,  25214.6074,
       1,     167,      14,      21,       1,       3,       1,     10.0000,      1.3863,     42.3866,    244.8331,     61.6157,      3.4953,      0.0000,     -0.0314,      6.4417,      0.1494,      5.4989,     10.9977,      1.3205,     27.8724,     55.7449,      0.0189,      0.0051,      0.0156,      0.1965,   7564.3823,-429207.0312,   -968.4277,    542.1693,  25214.6074,
       1,     167,      14,      22,       1,       3,       1,     10.0000,      1.3863,     42.3866,    244.8331,     61.6157,      3.4953,      0.0000,     -0.0313,      5.9834,      0.1481,      5.4989,     10.9977,      1.3086,     27.8724,     55.7449,      0.0189,      0.0048,      0.0156,      0.1965,   7564.3823,-425755.2500,   -967.6496,    542.4085,  25214.6074,
       1,     167,      14,      23,       1,       3,       1,     10.0000,      1.3863,     42.3866,    244.8331,     61.6157,      3.4953,      0.0000,     -0.0314,      5.3954,      0.1485,      5.4989,     10.9977,      1.3126,     27.8724,     55.7449,      0.0189,      0.0043,      0.0156,      0.1965,   7564.3823,-424855.1875,   -967.4509,    542.4695,  25214.6074,
       1,     167,      14,      24,       1,       3,       1,     10.0000,      1.3863,     42.3866,    244.8331,     61.6157,      3.4953,      0.0000,     -0.0314,      4.8247,      0.1493,      5.4989,     10.9977,      1.3192,     27.8724,     55.7449,      0.0189,      0.0039,      0.0156,      0.1965,   7564.3823,-424018.0000,   -967.2659,    542.5263,  25214.6074,
       1,     167,      15,       1,       1,       3,       1,     10.0000,      1.3863,     42.3870,    244.8389,     61.6171,      3.4953,      0.0000,     -0.0313,      3.9270,      0.1478,      5.4986,     10.9973,      1.3060,     27.8774,     55.7548,      0.0189,      0.0031,      0.0156,      0.1965,   7564.3823,-423362.6875,   -967.4506,    542.5835,  25215.7324,
       1,     167,      15,       2,       1,       3,       1,     10.0000,      1.3863,     42.3870,    244.8389,     61.6171,      3.4953,      0.0000,     -0.0311,      3.1965,      0.1415,      5.4986,     10.9973,      1.2506,     27.8774,     55.7548,      0.0189,      0.0026,      0.0156,      0.1965,   7564.7202,-421995.1250,   -966.8149,    542.6761,  25215.7324,
       1,     167,      15,       3,       1,       3,       1,     10.0000,      1.3863,     42.3870,    244.8389,     61.6171,      3.4953,      0.0000,     -0.0310,      2.9414,      0.1397,      5.4986,     10.9973,      1.2343,     27.8774,     55.7548,      0.0189,      0.0023,      0.0156,      0.1965,   7564.7202,-420933.4375,   -966.6511,    542.7482,  25215.7324,
       1,     167,      15,       4,       1,       3,       1,     10.0000,      1.3863,     42.3870,    244.8389,     61.6171,      3.4953,      0.0000,     -0.0309,      2.7784,      0.1362,      5.4986,     10.9973,      1.2035,     27.8774,     55.7548,      0.0189,      0.0022,      0.0156,      0.1965,   7564.7202,-420511.3125,   -966.6440,    542.7769,  25215.7324,
       1,     167,      15,       5,       1,       3,       1,     10.0000,      1.3863,     42.3870,    244.8389,     61.6171,      3.4953,      0.0000,     -0.0310,      2.6899,      0.1379,      5.4986,     10.9973,      1.2182,     27.8774,     55.7548,      0.0189,      0.0021,      0.0156,      0.1965,   7564.7202,-420264.0938,   -966.5901,    542.7936,  25215.7324,
       1,     167,      15,       6,       1,       3,       1,     10.0000,      1.3863,     42.3870,    244.8389,     61.6171,      3.4953,      0.0000,     -0.0309,      2.5272,      0.1373,      5.4986,     10.9973,      1.2132,     27.8774,     55.7548,      0.0189,      0.0020,      0.0156,      0.1965,   7564.7202,-420128.4688,   -966.5613,    542.8028,  25215.7324,
       1,     167,      15,       7,       1,       3,       1,     10.0000,      1.3863,     42.3870,    244.8389,     61.6171,      3.4953,      0.0000,     -0.0309,      1.8007,      0.1350,      5.4986,     10.9973,      1.1925,     27.8774,     55.7548,      0.0189,      0.0014,      0.0156,      0.1965,   7564.7202,-419906.7500,   -966.5131,    542.8179,  25215.7324,
       1,     167,      15,       8,       1,       3,       1,     10.0000,      1.3863,     42.3870,    244.8389,     61.6171,      3.4953,      0.0008,     -0.0300,      1.6182,      0.1348,      5.4986,     10.9973,      1.1913,     27.8774,     55.7548,      0.0189,      0.0013,      0.0156,      0.1965,   7564.7202,-418950.2188,   -966.2970,    542.8828,  25215.7324,
       1,     167,      15,       9,       1,       3,       1,     10.0000,      1.3863,     42.3870,    244.8389,     61.6171,      3.4953,      0.0497,      0.0188,      4.3103,      0.1366,      5.4986,     10.9973,      1.2071,     27.8774,     55.7548,      0.0189,      0.0010,      0.0523,      0.1965,   7564.7202,-418631.1250,   -966.2258,    542.9045,  25215.7324,
       1,     167,      15,      10,       1,       3,       1,     10.0000,      1.3863,     42.3870,    244.8389,     61.6171,      3.4953,      0.1275,      0.0958,     16.7582,      0.1560,      5.4986,     10.9973,      1.3788,     27.8774,     55.7548,      0.0189,      0.0013,      0.1646,      0.1965,   7564.7202,-422075.2500,   -967.0139,    542.6707,  25215.7324,
       1,     167,      15,      11,       1,       3,       1,     10.0000,      1.3863,     42.3870,    244.8389,     61.6171,      3.4953,      0.1574,      0.1252,     24.0297,      0.1752,      5.4986,     10.9973,      1.5483,     27.8774,     55.7548,      0.0189,      0.0014,      0.2080,      0.1965,   7564.7202,-438432.7188,   -970.7559,    541.5612,  25215.7324,
       1,     167,      15,      12,       1,       3,       1,     10.0000,      1.3863,     42.3870,    244.8389,     61.6171,      3.4953,      0.1857,      0.1527,     23.6321,      0.1989,      5.4986,     10.9973,      1.7578,     27.8774,     55.7548,      0.0189,      0.0012,      0.2500,      0.1965,   7564.7202,-449248.3438,   -973.2448,    540.8302,  25215.7344,
       1,     167,      15,      13,       1,       3,       1,     10.0000,      1.3863,     42.3870,    244.8389,     61.6171,      3.4953,      0.1858,      0.1525,     26.0919,      0.2121,      5.4986,     10.9973,      1.8740,     27.8774,     55.7548,      0.0189,      0.0013,      0.2500,      0.1965,   7564.7207,-449680.4375,   -973.3780,    540.8015,  25215.7324,
       1,     167,      15,      14,       1,       3,       1,     10.0000,      1.3863,     42.3870,    244.8389,     61.6171,      3.4953,      0.1856,      0.1520,     23.7851,      0.2208,      5.4986,     10.9973,      1.9509,     27.8774,     55.7548,      0.0189,      0.0012,      0.2500,      0.1965,   7564.7202,-452891.8125,   -974.1497,    540.5844,  25215.7324,
       1,     167,      15,      15,       1,       3,       1,     10.0000,      1.3863,     42.3870,    244.8389,     61.6171,      3.4953,      0.1817,      0.1481,     48.8875,      0.2204,      5.4986,     10.9973,      1.9471,     27.8774,     55.7548,      0.0189,      0.0025,      0.2413,      0.1965,   7564.7202,-450195.6562,   -973.5772,    540.7665,  25215.7305,
       1,     167,      15,      16,       1,       3,       1,     10.0000,      1.3863,     42.3870,    244.8389,     61.6171,      3.4953,      0.1816,      0.1484,     68.1039,      0.2092,      5.4986,     10.9973,      1.8484,     27.8774,     55.7548,      0.0189,      0.0036,      0.2389,      0.1965,   7564.7192,-482352.0625,   -980.9697,    538.5930,  25215.7285,
       1,     167,      15,      17,       1,       3,       1,     10.0000,      1.3863,     42.3870,    244.8389,     61.6171,      3.4953,      0.1596,      0.1266,     84.8309,      0.1991,      5.4986,     10.9973,      1.7595,     27.8774,     55.7548,      0.0189,      0.0052,      0.2041,      0.1965,   7564.7188,-509981.8750,   -987.5148,    536.7372,  25215.7285,
       1,     167,      15,      18,       1,       3,       1,     10.0000,      1.3863,     42.3870,    244.8389,     61.6171,      3.4953,      0.1408,      0.1082,     84.3961,      0.1882,      5.4986,     10.9973,      1.6631,     27.8774,     55.7548,      0.0189,      0.0060,      0.1764,      0.1964,   7564.7188,-534000.1875,   -993.2569,    535.1290,  25215.7305,
       1,     167,      15,      19,       1,       3,       1,     10.0000,      1.3863,     42.3870,    244.8389,     61.6171,      3.4953,      0.0772,      0.0450,     43.0385,      0.1730,      5.4986,     10.9973,      1.5284,     27.8774,     55.7548,      0.0189,      0.0061,      0.0873,      0.1964,   7564.7192,-535534.8750,   -993.9573,    535.0287,  25215.7285,
       1,     167,      15,      20,       1,       3,       1,     10.0000,      1.3863,     42.3870,    244.8389,     61.6171,      3.4953,      0.0073,     -0.0243,      7.3944,      0.1573,      5.4986,     10.9973,      1.3899,     27.8774,     55.7548,      0.0189,      0.0059,      0.0156,      0.1964,   7564.7188,-482226.9688,   -982.0952,    538.5939,  25215.7285,
       1,     167,      15,      21,       1,       3,       1,     10.0000,      1.3863,     42.3870,    244.8389,     61.6171,      3.4953,      0.0000,     -0.0315,      6.9749,      0.1531,      5.4986,     10.9973,      1.3528,     27.8774,     55.7548,      0.0189,      0.0056,      0.0156,      0.1965,   7564.7188,-431604.2812,   -970.6171,    542.0139,  25215.7285,
       1,     167,      15,      22,       1,       3,       1,     10.0000,      1.3863,     42.3870,    244.8389,     61.6171,      3.4953,      0.0000,     -0.0315,      6.5105,      0.1520,      5.4986,     10.9973,      1.3433,     27.8774,     55.7548,      0.0189,      0.0052,      0.0156,      0.1965,   7564.7188,-426662.0000,   -969.4941,    542.3597,  25215.7266,
       1,     167,      15,      23,       1,       3,       1,     10.0000,      1.3863,     42.3870,    244.8389,     61.6171,      3.4953,      0.0000,     -0.0314,      5.7114,      0.1494,      5.4986,     10.9973,      1.3205,     27.8774,     55.7548,      0.0189,      0.0046,      0.0156,      0.1965,   7564.7183,-425617.0312,   -969.2607,    542.4306,  25215.7266,
       1,     167,      15,      24,       1,       3,       1,     10.0000,      1.3863,     42.3870,    244.8389,     61.6171,      3.4953,      0.0000,     -0.0315,      5.0640,      0.1520,      5.4986,     10.9973,      1.3433,     27.8774,     55.7548,      0.0189,      0.0040,      0.0156,      0.1965,   7564.7183,-424494.7188,   -969.0086,    542.5067,  25215.7266,
       1,     167,      16,       1,       1,       3,       1,     10.0000,      1.3863,     42.3873,    244.8446,     61.6186,      3.4953,      0.0000,     -0.0315,      3.8069,      0.1519,      5.4990,     10.9979,      1.3420,     27.8791,     55.7582,      0.0189,      0.0030,      0.0156,      0.1965,   7564.7183,-423715.8750,   -969.1657,    542.5721,  25216.8535,
       1,     167,      16,       2,       1,       3,       1,     10.0000,      1.3863,     42.3873,    244.8446,     61.6186,      3.4953,      0.0000,     -0.0315,      3.3449,      0.1523,      5.4990,     10.9979,      1.3460,     27.8791,     55.7582,      0.0189,      0.0027,      0.0156,      0.1965,   7565.0562,-421874.1875,   -968.4174,    542.6971,  25216.8535,
       1,     167,      16,       3,       1,       3,       1,     10.0000,      1.3863,     42.3873,    244.8446,     61.6186,      3.4953,      0.0000,     -0.0312,      3.2771,      0.1446,      5.4990,     10.9979,      1.2774,     27.8791,     55.7582,      0.0189,      0.0026,      0.0156,      0.1965,   7565.0562,-421117.1875,   -968.2472,    542.7485,  25216.8535,
       1,     167,      16,       4,       1,       3,       1,     10.0000,      1.3863,     42.3873,    244.8446,     61.6186,      3.4953,      0.0000,     -0.0312,      3.0360,      0.1434,      5.4990,     10.9979,      1.2671,     27.8791,     55.7582,      0.0189,      0.0024,      0.0156,      0.1965,   7565.0562,-420963.4062,   -968.9037,    542.7589,  25216.8535,
       1,     167,      16,       5,       1,       3,       1,     10.0000,      1.3863,     42.3873,    244.8446,     61.6186,      3.4953,      0.0000,     -0.0312,      3.0164,      0.1444,      5.4990,     10.9979,      1.2761,     27.8791,     55.7582,      0.0189,      0.0024,      0.0156,      0.1965,   7565.0562,-420639.2188,   -968.8287,    542.7809,  25216.8535,
       1,     167,      16,       6,       1,       3,       1,     10.0000,      1.3863,     42.3873,    244.8446,     61.6186,      3.4953,      0.0000,     -0.0311,      2.7808,      0.1404,      5.4990,     10.9979,      1.2406,     27.8791,     55.7582,      0.0189,      0.0022,      0.0156,      0.1965,   7565.0562,-420585.5312,   -968.8156,    542.7845,  25216.8535,
       1,     167,      16,       7,       1,       3,       1,     10.0000,      1.3863,     42.3873,    244.8446,     61.6186,      3.4953,      0.0000,     -0.0311,      2.6585,      0.1414,      5.4990,     10.9979,      1.2494,     27.8791,     55.7582,      0.0189,      0.0021,      0.0156,      0.1965,   7565.0562,-420276.9375,   -968.7444,    542.8055,  25216.8535,
       1,     167,      16,       8,       1,       3,       1,     10.0000,      1.3863,     42.3873,    244.8446,     61.6186,      3.4953,      0.0009,     -0.0303,      2.0145,      0.1440,      5.4990,     10.9979,      1.2723,     27.8791,     55.7582,      0.0189,      0.0016,      0.0156,      0.1965,   7565.0562,-420092.0625,   -968.7014,    542.8180,  25216.8535,
       1,     167,      16,       9,       1,       3,       1,     10.0000,      1.3863,     42.3873,    244.8446,     61.6186,      3.4953,      0.0684,      0.0370,      9.6174,      0.1510,      5.4990,     10.9979,      1.3339,     27.8791,     55.7582,      0.0189,      0.0015,      0.0787,      0.1965,   7565.0562,-419245.5312,   -968.5076,    542.8754,  25216.8535,
       1,     167,      16,      10,       1,       3,       1,     10.0000,      1.3863,     42.3873,    244.8446,     61.6186,      3.4953,      0.1578,      0.1257,     27.9494,      0.1687,      5.4990,     10.9979,      1.4908,     27.8791,     55.7582,      0.0189,      0.0017,      0.2080,      0.1965,   7565.0562,-428976.3125,   -970.7399,    542.2151,  25216.8535,
       1,     167,      16,      11,       1,       3,       1,     10.0000,      1.3863,     42.3873,    244.8446,     61.6186,      3.4953,      0.1868,      0.1544,     35.3921,      0.1793,      5.4990,     10.9979,      1.5842,     27.8791,     55.7582,      0.0189,      0.0018,      0.2500,      0.1965,   7565.0562,-453473.8438,   -976.3669,    540.5552,  25216.8535,
       1,     167,      16,      12,       1,       3,       1,     10.0000,      1.3863,     42.3873,    244.8446,     61.6186,      3.4953,      0.1836,      0.1508,     41.2507,      0.1918,      5.4990,     10.9979,      1.6947,     27.8791,     55.7582,      0.0189,      0.0021,      0.2447,      0.1965,   7565.0562,-465225.6875,   -979.1019,    539.7636,  25216.8535,
       1,     167,      16,      13,       1,       3,       1,     10.0000,      1.3863,     42.3873,    244.8446,     61.6186,      3.4953,      0.1871,      0.1542,     41.6515,      0.1987,      5.4990,     10.9979,      1.7561,     27.8791,     55.7582,      0.0189,      0.0021,      0.2500,      0.1965,   7565.0562,-473811.0312,   -981.1367,    539.1850,  25216.8496,
       1,     167,      16,      14,       1,       3,       1,     10.0000,      1.3863,     42.3873,    244.8446,     61.6186,      3.4953,      0.1880,      0.1550,     53.5443,      0.2021,      5.4990,     10.9979,      1.7858,     27.8791,     55.7582,      0.0189,      0.0027,      0.2500,      0.1965,   7565.0552,-475078.2500,   -981.5228,    539.0999,  25216.8496,
       1,     167,      16,      15,       1,       3,       1,     10.0000,      1.3863,     42.3873,    244.8446,     61.6186,      3.4953,      0.1895,      0.1565,     71.5536,      0.1976,      5.4990,     10.9979,      1.7457,     27.8791,     55.7582,      0.0189,      0.0036,      0.2500,      0.1965,   7565.0552,-490538.6562,   -985.1728,    538.0580,  25216.8516,
       1,     167,      16,      16,       1,       3,       1,     10.0000,      1.3863,     42.3873,    244.8446,     61.6186,      3.4953,      0.1905,      0.1576,     84.4732,      0.1962,      5.4990,     10.9979,      1.7337,     27.8791,     55.7582,      0.0189,      0.0042,      0.2500,      0.1965,   7565.0557,-515140.5312,   -990.9833,    536.4044,  25216.8496,
       1,     167,      16,      17,       1,       3,       1,     10.0000,      1.3863,     42.3873,    244.8446,     61.6186,      3.4953,      0.1875,      0.1546,     95.4956,      0.1939,      5.4990,     10.9979,      1.7132,     27.8791,     55.7582,      0.0189,      0.0049,      0.2442,      0.1965,   7565.0552,-533978.3125,   -995.5752,    535.1439,  25216.8496,
       1,     167,      16,      18,       1,       3,       1,     10.0000,      1.3863,     42.3873,    244.8446,     61.6186,      3.4953,      0.1556,      0.1230,     86.4273,      0.1851,      5.4990,     10.9979,      1.6353,     27.8791,     55.7582,      0.0189,      0.0054,      0.1979,      0.1964,   7565.0552,-549861.3125,   -999.5739,    534.0829,  25216.8496,
       1,     167,      16,      19,       1,       3,       1,     10.0000,      1.3863,     42.3873,    244.8446,     61.6186,      3.4953,      0.0849,      0.0528,     42.3999,      0.1716,      5.4990,     10.9979,      1.5163,     27.8791,     55.7582,      0.0189,      0.0053,      0.0987,      0.1964,   7565.0552,-539527.6250,   -997.6082,    534.7738,  25216.8477,
       1,     167,      16,      20,       1,       3,       1,     10.0000,      1.3863,     42.3873,    244.8446,     61.6186,      3.4953,      0.0090,     -0.0227,      6.1429,      0.1598,      5.4990,     10.9979,      1.4124,     27.8791,     55.7582,      0.0189,      0.0049,      0.0156,      0.1964,   7565.0547,-481742.6875,   -984.6539,    538.6370,  25216.8496,
       1,     167,      16,      21,       1,       3,       1,     10.0000,      1.3863,     42.3873,    244.8446,     61.6186,      3.4953,      0.0000,     -0.0316,      5.9595,      0.1560,      5.4990,     10.9979,      1.3789,     27.8791,     55.7582,      0.0189,      0.0048,      0.0156,      0.1965,   7565.0552,-429951.5938,   -972.8305,    542.1380,  25216.8496,
       1,     167,      16,      22,       1,       3,       1,     10.0000,      1.3863,     42.3873,    244.8446,     61.6186,      3.4953,      0.0000,     -0.0315,      5.9948,      0.1514,      5.4990,     10.9979,      1.3379,     27.8791,     55.7582,      0.0189,      0.0048,      0.0156,      0.1965,   7565.0552,-425210.9375,   -971.7410,    542.4706,  25216.8496,
       1,     167,      16,      23,       1,       3,       1,     10.0000,      1.3863,     42.3873,    244.8446,     61.6186,      3.4953,      0.0000,     -0.0314,      5.5690,      0.1499,      5.4990,     10.9979,      1.3246,     27.8791,     55.7582,      0.0189,      0.0044,      0.0156,      0.1965,   7565.0552,-424827.4375,   -971.6524,    542.4968,  25216.8496,
       1,     167,      16,      24,       1,       3,       1,     10.0000,      1.3863,     42.3873,    244.8446,     61.6186,      3.4953,      0.0000,     -0.0313,      4.6644,      0.1483,      5.4990,     10.9979,      1.3100,     27.8791,     55.7582,      0.0189,      0.0037,      0.0156,      0.1965,   7565.0552,-424244.6250,   -971.5183,    542.5363,  25216.8477,
       1,     167,      17,       1,       1,       3,       1,     10.0000,      1.3864,     42.3876,    244.8503,     61.6200,      3.4953,      0.0000,     -0.0314,      3.6248,      0.1484,      5.4987,     10.9973,      1.3113,     27.8844,     55.7689,      0.0189,      0.0029,      0.0156,      0.1966,   7565.0547,-423181.4688,   -971.6069,    542.6211,  25217.9746,
       1,     167,      17,       2,       1,       3,       1,     10.0000,      1.3864,     42.3876,    244.8503,     61.6200,      3.4953,      0.0000,     -0.0315,      3.3478,      0.1514,      5.4987,     10.9973,      1.3380,     27.8844,     55.7689,      0.0189,      0.0027,      0.0156,      0.1966,   7565.3926,-421595.5938,   -970.9106,    542.7286,  25217.9746,
       1,     167,      17,       3,       1,       3,       1,     10.0000,      1.3864,     42.3876,    244.8503,     61.6200,      3.4953,      0.0000,     -0.0314,      2.9326,      0.1487,      5.4987,     10.9973,      1.3140,     27.8844,     55.7689,      0.0189,      0.0023,      0.0156,      0.1966,   7565.3926,-421099.7500,   -970.7965,    542.7623,  25217.9746,
       1,     167,      17,       4,       1,       3,       1,     10.0000,      1.3864,     42.3876,    244.8503,     61.6200,      3.4953,      0.0000,     -0.0312,      2.5719,      0.1449,      5.4987,     10.9973,      1.2800,     27.8844,     55.7689,      0.0189,      0.0021,      0.0156,      0.1966,   7565.3926,-420520.9375,   -970.6636,    542.8016,  25217.9746,
       1,     167,      17,       5,       1,       3,       1,     10.0000,      1.3864,     42.3876,    244.8503,     61.6200,      3.4953,      0.0000,     -0.0310,      2.1716,      0.1393,      5.4987,     10.9973,      1.2306,     27.8844,     55.7689,      0.0189,      0.0017,      0.0156,      0.1966,   7565.3926,-420005.1562,   -970.5451,    542.8365,  25217.9746,
       1,     167,      17,       6,       1,       3,       1,     10.0000,      1.3864,     42.3876,    244.8503,     61.6200,      3.4953,      0.0000,     -0.0308,      1.8769,      0.1331,      5.4987,     10.9973,      1.1758,     27.8844,     55.7689,      0.0189,      0.0015,      0.0156,      0.1966,   7565.3926,-419443.8750,   -970.4162,    542.8747,  25217.9746,
       1,     167,      17,       7,       1,       3,       1,     10.0000,      1.3864,     42.3876,    244.8503,     61.6200,      3.4953,      0.0000,     -0.0308,      2.2120,      0.1337,      5.4987,     10.9973,      1.1818,     27.8844,     55.7689,      0.0189,      0.0018,      0.0156,      0.1966,   7565.3926,-419014.6562,   -970.3176,    542.9038,  25217.9746,
       1,     167,      17,       8,       1,       3,       1,     10.0000,      1.3864,     42.3876,    244.8503,     61.6200,      3.4953,      0.0009,     -0.0302,      2.4208,      0.1403,      5.4987,     10.9973,      1.2393,     27.8844,     55.7689,      0.0189,      0.0019,      0.0156,      0.1966,   7565.3926,-419409.2188,   -970.4086,    542.8770,  25217.9746,
       1,     167,      17,       9,       1,       3,       1,     10.0000,      1.3864,     42.3876,    244.8503,     61.6200,      3.4953,      0.0709,      0.0400,     11.6097,      0.1355,      5.4987,     10.9973,      1.1974,     27.8844,     55.7689,      0.0189,      0.0018,      0.0825,      0.1966,   7565.3926,-419713.0625,   -971.5466,    542.8564,  25217.9746,
       1,     167,      17,      10,       1,       3,       1,     10.0000,      1.3864,     42.3876,    244.8503,     61.6200,      3.4953,      0.1595,      0.1282,     31.0902,      0.1474,      5.4987,     10.9973,      1.3021,     27.8844,     55.7689,      0.0189,      0.0018,      0.2101,      0.1966,   7565.3926,-431588.5625,   -977.4304,    542.0506,  25217.9746,
       1,     167,      17,      11,       1,       3,       1,     10.0000,      1.3864,     42.3876,    244.8503,     61.6200,      3.4953,      0.1863,      0.1547,     27.4779,      0.1567,      5.4987,     10.9973,      1.3844,     27.8844,     55.7689,      0.0189,      0.0014,      0.2500,      0.1966,   7565.3926,-457753.3125,   -983.9493,    540.2783,  25217.9727,
       1,     167,      17,      12,       1,       3,       1,     10.0000,      1.3864,     42.3876,    244.8503,     61.6200,      3.4953,      0.1857,      0.1538,     20.3586,      0.1636,      5.4987,     10.9973,      1.4454,     27.8844,     55.7689,      0.0189,      0.0010,      0.2500,      0.1965,   7565.3921,-455387.5938,   -983.4142,    540.4410,  25217.9727,
       1,     167,      17,      13,       1,       3,       1,     10.0000,      1.3864,     42.3876,    244.8503,     61.6200,      3.4953,      0.1865,      0.1561,     25.4315,      0.1220,      5.4987,     10.9973,      1.0784,     27.8844,     55.7689,      0.0189,      0.0013,      0.2500,      0.1965,   7565.3921,-445992.3125,   -988.1437,    541.0757,  25217.9746,
       1,     167,      17,      14,       1,       3,       1,     10.0000,      1.3864,     42.3876,    244.8503,     61.6200,      3.4953,      0.1856,      0.1548,     15.8840,      0.1324,      5.4987,     10.9973,      1.1698,     27.8844,     55.7689,      0.0189,      0.0008,      0.2500,      0.1965,   7565.3926,-451716.5938,   -923.7974,    540.6889,  25218.0664,
       1,     167,      17,      15,       1,       3,       1,     10.0000,      1.3864,     42.3876,    244.8503,     61.6200,      3.4953,      0.1866,      0.1557,     28.6594,      0.1350,      5.4987,     10.9973,      1.1926,     27.8844,     55.7689,      0.0189,      0.0014,      0.2500,      0.1965,   7565.4204,-439888.3438,   -922.9802,    541.4885,  25218.0684,
       1,     167,      17,      16,       1,       3,       1,     10.0000,      1.3864,     42.3876,    244.8503,     61.6200,      3.4953,      0.1879,      0.1566,     46.5115,      0.1468,      5.4987,     10.9973,      1.2969,     27.8844,     55.7689,      0.0189,      0.0023,      0.2500,      0.1966,   7565.4209,-455334.9375,   -927.1443,    540.4436,  25218.0684,
       1,     167,      17,      17,       1,       3,       1,     10.0000,      1.3864,     42.3876,    244.8503,     61.6200,      3.4953,      0.1887,      0.1568,     57.7659,      0.1632,      5.4987,     10.9973,      1.4425,     27.8844,     55.7689,      0.0189,      0.0029,      0.2500,      0.1965,   7565.4209,-479718.8750,   -933.1085,    538.7973,  25218.0645,
       1,     167,      17,      18,       1,       3,       1,     10.0000,      1.3864,     42.3876,    244.8503,     61.6200,      3.4953,      0.1739,      0.1424,     14.5584,      0.1539,      5.4987,     10.9973,      1.3597,     27.8844,     55.7689,      0.0189,      0.0008,      0.2333,      0.1965,   7565.4194,-496379.7188,   -937.5739,    537.6777,  25218.0605,
       1,     167,      17,      19,       1,       3,       1,     10.0000,      1.3864,     42.3876,    244.8503,     61.6200,      3.4953,      0.1159,      0.0855,     14.7562,      0.1227,      5.4987,     10.9973,      1.0840,     27.8844,     55.7689,      0.0189,      0.0012,      0.1483,      0.1965,   7565.4185,-442053.5000,   -919.1606,    541.3301,  25218.0703,
       1,     167,      17,      20,       1,       3,       1,     10.0000,      1.3864,     42.3876,    244.8503,     61.6200,      3.4953,      0.0101,     -0.0201,      2.7469,      0.1190,      5.4987,     10.9973,      1.0513,     27.8844,     55.7689,      0.0189,      0.0022,      0.0156,      0.1966,   7565.4214,-437605.8125,   -914.6654,    541.6435,  25218.0684,
       1,     167,      17,      21,       1,       3,       1,     10.0000,      1.3864,     42.3876,    244.8503,     61.6200,      3.4953,      0.0000,     -0.0305,      3.4195,      0.1265,      5.4987,     10.9973,      1.1176,     27.8844,     55.7689,      0.0189,      0.0027,      0.0156,      0.1966,   7565.4209,-421711.7812,   -912.3343,    542.7198,  25218.0684,
       1,     167,      17,      22,       1,       3,       1,     10.0000,      1.3864,     42.3876,    244.8503,     61.6200,      3.4953,      0.0000,     -0.0306,      4.7591,      0.1276,      5.4987,     10.9973,      1.1279,     27.8844,     55.7689,      0.0189,      0.0038,      0.0156,      0.1966,   7565.4209,-421192.1875,   -912.7319,    542.7560,  25218.0703,
       1,     167,      17,      23,       1,       3,       1,     10.0000,      1.3864,     42.3876,    244.8503,     61.6200,      3.4953,      0.0000,     -0.0308,      3.7761,      0.1329,      5.4987,     10.9973,      1.1746,     27.8844,     55.7689,      0.0189,      0.0030,      0.0156,      0.1966,   7565.4214,-422872.7188,   -913.6896,    542.6420,  25218.0664,
       1,     167,      17,      24,       1,       3,       1,     10.0000,      1.3864,     42.3876,    244.8503,     61.6200,      3.4953,      0.0000,     -0.0307,      1.1144,      0.1305,      5.4987,     10.9973,      1.1533,     27.8844,     55.7689,      0.0189,      0.0009,      0.0156,      0.1966,   7565.4204,-421752.6562,   -913.9763,    542.7180,  25218.0684,
       1,     167,      18,       1,       1,       3,       1,     10.0000,      1.3864,     42.3879,    244.8561,     61.6214,      3.4953,      0.0000,     -0.0308,      1.9280,      0.1323,      5.4991,     10.9982,      1.1687,     27.8916,     55.7832,      0.0189,      0.0015,      0.0156,      0.1966,   7565.4209,-418377.0312,   -913.7513,    542.9597,  25219.1953,
       1,     167,      18,       2,       1,       3,       1,     10.0000,      1.3864,     42.3879,    244.8561,     61.6214,      3.4953,      0.0000,     -0.0306,      2.0906,      0.1280,      5.4991,     10.9982,      1.1313,     27.8916,     55.7832,      0.0189,      0.0017,      0.0156,      0.1966,   7565.7588,-418978.6250,   -913.8254,    542.9189,  25219.1934,
       1,     167,      18,       3,       1,       3,       1,     10.0000,      1.3864,     42.3879,    244.8561,     61.6214,      3.4953,      0.0000,     -0.0306,      1.4360,      0.1287,      5.4991,     10.9982,      1.1371,     27.8916,     55.7832,      0.0189,      0.0011,      0.0156,      0.1966,   7565.7583,-419240.9062,   -914.1164,    542.9011,  25219.1953,
       1,     167,      18,       4,       1,       3,       1,     10.0000,      1.3864,     42.3879,    244.8561,     61.6214,      3.4953,      0.0000,     -0.0308,      1.5378,      0.1323,      5.4991,     10.9982,      1.1687,     27.8916,     55.7832,      0.0189,      0.0012,      0.0156,      0.1966,   7565.7588,-418419.6875,   -914.1212,    542.9568,  25219.1953,
       1,     167,      18,       5,       1,       3,       1,     10.0000,      1.3864,     42.3879,    244.8561,     61.6214,      3.4953,      0.0000,     -0.0306,      1.1499,      0.1282,      5.4991,     10.9982,      1.1325,     27.8916,     55.7832,      0.0189,      0.0009,      0.0156,      0.1966,   7565.7588,-418479.0000,   -914.2957,    542.9528,  25219.1953,
       1,     167,      18,       6,       1,       3,       1,     10.0000,      1.3864,     42.3879,    244.8561,     61.6214,      3.4953,      0.0000,     -0.0305,      1.4145,      0.1260,      5.4991,     10.9982,      1.1131,     27.8916,     55.7832,      0.0189,      0.0011,      0.0156,      0.1966,   7565.7588,-417984.3125,   -914.3266,    542.9864,  25219.1953,
       1,     167,      18,       7,       1,       3,       1,     10.0000,      1.3864,     42.3879,    244.8561,     61.6214,      3.4953,      0.0000,     -0.0306,      1.2472,      0.1283,      5.4991,     10.9982,      1.1336,     27.8916,     55.7832,      0.0189,      0.0010,      0.0156,      0.1966,   7565.7588,-418282.0000,   -914.5279,    542.9662,  25219.1973,
       1,     167,      18,       8,       1,       3,       1,     10.0000,      1.3864,     42.3879,    244.8561,     61.6214,      3.4953,      0.0007,     -0.0299,      1.1584,      0.1291,      5.4991,     10.9982,      1.1406,     27.8916,     55.7832,      0.0189,      0.0009,      0.0156,      0.1966,   7565.7593,-418092.2188,   -914.6165,    542.9791,  25219.1953,
       1,     167,      18,       9,       1,       3,       1,     10.0000,      1.3864,     42.3879,    244.8561,     61.6214,      3.4953,      0.0722,      0.0415,      8.1683,      0.1320,      5.4991,     10.9982,      1.1663,     27.8916,     55.7832,      0.0189,      0.0012,      0.0850,      0.1966,   7565.7588,-417961.2500,   -914.7026,    542.9880,  25219.1953,
       1,     167,      18,      10,       1,       3,       1,     10.0000,      1.3864,     42.3879,    244.8561,     61.6214,      3.4953,      0.1576,      0.1261,     19.3219,      0.1530,      5.4991,     10.9982,      1.3515,     27.8916,     55.7832,      0.0189,      0.0012,      0.2086,      0.1966,   7565.7588,-426987.6875,   -916.5822,    542.3753,  25219.1953,
       1,     167,      18,      11,       1,       3,       1,     10.0000,      1.3864,     42.3879,    244.8561,     61.6214,      3.4953,      0.1858,      0.1539,     21.6366,      0.1652,      5.4991,     10.9982,      1.4599,     27.8916,     55.7832,      0.0189,      0.0011,      0.2500,      0.1966,   7565.7588,-442160.5938,   -919.8550,    541.3470,  25219.1953,
       1,     167,      18,      12,       1,       3,       1,     10.0000,      1.3864,     42.3879,    244.8561,     61.6214,      3.4953,      0.1859,      0.1535,     24.6880,      0.1795,      5.4991,     10.9982,      1.5858,     27.8916,     55.7832,      0.0189,      0.0012,      0.2500,      0.1966,   7565.7588,-446474.9688,   -921.4460,    541.0560,  25219.1953,
       1,     167,      18,      13,       1,       3,       1,     10.0000,      1.3864,     42.3879,    244.8561,     61.6214,      3.4953,      0.1861,      0.1536,     27.0826,      0.1820,      5.4991,     10.9982,      1.6080,     27.8916,     55.7832,      0.0189,      0.0013,      0.2500,      0.1966,   7565.7588,-450786.6875,   -923.1810,    540.7645,  25219.1953,
       1,     167,      18,      14,       1,       3,       1,     10.0000,      1.3864,     42.3879,    244.8561,     61.6214,      3.4953,      0.1865,      0.1544,     30.7612,      0.1696,      5.4991,     10.9982,      1.4983,     27.8916,     55.7832,      0.0189,      0.0015,      0.2500,      0.1966,   7565.7588,-454252.3750,   -924.8305,    540.5302,  25219.1934,
       1,     167,      18,      15,       1,       3,       1,     10.0000,      1.3864,     42.3879,    244.8561,     61.6214,      3.4953,      0.1885,      0.1559,     58.1329,      0.1879,      5.4991,     10.9982,      1.6599,     27.8916,     55.7832,      0.0189,      0.0029,      0.2500,      0.1966,   7565.7583,-459300.6875,   -926.7214,    540.1893,  25219.1914,
       1,     167,      18,      16,       1,       3,       1,     10.0000,      1.3864,     42.3879,    244.8561,     61.6214,      3.4953,      0.1898,      0.1572,     73.8079,      0.1856,      5.4991,     10.9982,      1.6403,     27.8916,     55.7832,      0.0189,      0.0037,      0.2500,      0.1966,   7565.7578,-495053.7812,   -934.3016,    537.7751,  25219.1934,
       1,     167,      18,      17,       1,       3,       1,     10.0000,      1.3864,     42.3879,    244.8561,     61.6214,      3.4953,      0.1903,      0.1580,     89.9042,      0.1759,      5.4991,     10.9982,      1.5546,     27.8916,     55.7832,      0.0189,      0.0045,      0.2488,      0.1965,   7565.7583,-518422.8438,   -939.6913,    536.2096,  25219.1934,
       1,     167,      18,      18,       1,       3,       1,     10.0000,      1.3864,     42.3879,    244.8561,     61.6214,      3.4953,      0.1610,      0.1290,     81.0936,      0.1670,      5.4991,     10.9982,      1.4761,     27.8916,     55.7832,      0.0189,      0.0049,      0.2065,      0.1965,   7565.7583,-541244.8125,   -944.9653,    534.6823,  25219.1914,
       1,     167,      18,      19,       1,       3,       1,     10.0000,      1.3864,     42.3879,    244.8561,     61.6214,      3.4953,      0.0905,      0.0589,     35.1354,      0.1548,      5.4991,     10.9982,      1.3679,     27.8916,     55.7832,      0.0189,      0.0040,      0.1081,      0.1965,   7565.7578,-531855.8750,   -944.1917,    535.3120,  25219.1895,
       1,     167,      18,      20,       1,       3,       1,     10.0000,      1.3864,     42.3879,    244.8561,     61.6214,      3.4953,      0.0077,     -0.0231,      5.6797,      0.1348,      5.4991,     10.9982,      1.1914,     27.8916,     55.7832,      0.0189,      0.0045,      0.0156,      0.1965,   7565.7573,-471678.7188,   -932.6300,    539.3390,  25219.1875,
       1,     167,      18,      21,       1,       3,       1,     10.0000,      1.3864,     42.3879,    244.8561,     61.6214,      3.4953,      0.0000,     -0.0308,      5.4543,      0.1346,      5.4991,     10.9982,      1.1890,     27.8916,     55.7832,      0.0189,      0.0044,      0.0156,      0.1965,   7565.7563,-428477.5625,   -925.1356,    542.2667,  25219.1875,
       1,     167,      18,      22,       1,       3,       1,     10.0000,      1.3864,     42.3879,    244.8561,     61.6214,      3.4953,      0.0000,     -0.0306,      5.0757,      0.1271,      5.4991,     10.9982,      1.1233,     27.8916,     55.7832,      0.0189,      0.0041,      0.0156,      0.1966,   7565.7563,-424419.8125,   -924.6822,    542.5497,  25219.1914,
       1,     167,      18,      23,       1,       3,       1,     10.0000,      1.3864,     42.3879,    244.8561,     61.6214,      3.4953,      0.0000,     -0.0303,      4.4018,      0.1204,      5.4991,     10.9982,      1.0643,     27.8916,     55.7832,      0.0189,      0.0035,      0.0156,      0.1966,   7565.7578,-423566.3438,   -915.1752,    542.6077,  25219.1875,
       1,     167,      18,      24,       1,       3,       1,     10.0000,      1.3864,     42.3879,    244.8561,     61.6214,      3.4953,      0.0000,     -0.0303,      3.5071,      0.1212,      5.4991,     10.9982,      1.0708,     27.8916,     55.7832,      0.0189,      0.0028,      0.0156,      0.1966,   7565.7563,-422622.9375,   -915.6888,    542.6716,  25219.1895,
       1,     167,      19,       1,       1,       3,       1,     10.0000,      1.3864,     42.3883,    244.8618,     61.6229,      3.4953,      0.0000,     -0.0306,      2.7996,      0.1273,      5.4996,     10.9992,      1.1245,     27.8977,     55.7953,      0.0189,      0.0022,      0.0156,      0.1966,   7565.7573,-421541.4062,   -916.2213,    542.7578,  25220.3145,
       1,     167,      19,       2,       1,       3,       1,     10.0000,      1.3864,     42.3883,    244.8618,     61.6229,      3.4953,      0.0000,     -0.0307,      2.5364,      0.1297,      5.4996,     10.9992,      1.1464,     27.8977,     55.7953,      0.0189,      0.0020,      0.0156,      0.1966,   7566.0947,-420382.4375,   -911.7371,    542.8364,  25220.3242,
       1,     167,      19,       3,       1,       3,       1,     10.0000,      1.3864,     42.3883,    244.8618,     61.6229,      3.4953,      0.0000,     -0.0306,      1.6117,      0.1275,      5.4996,     10.9992,      1.1268,     27.8977,     55.7953,      0.0189,      0.0013,      0.0156,      0.1966,   7566.0977,-419940.7188,   -911.2161,    542.8663,  25220.3242,
       1,     167,      19,       4,       1,       3,       1,     10.0000,      1.3864,     42.3883,    244.8618,     61.6229,      3.4953,      0.0000,     -0.0307,      1.1530,      0.1316,      5.4996,     10.9992,      1.1628,     27.8977,     55.7953,      0.0189,      0.0009,      0.0156,      0.1966,   7566.0977,-418710.0312,   -911.2224,    542.9498,  25220.3223,
       1,     167,      19,       5,       1,       3,       1,     10.0000,      1.3864,     42.3883,    244.8618,     61.6229,      3.4953,      0.0000,     -0.0307,      1.1619,      0.1296,      5.4996,     10.9992,      1.1452,     27.8977,     55.7953,      0.0189,      0.0009,      0.0156,      0.1966,   7566.0972,-418011.2812,   -911.2413,    542.9973,  25220.3223,
       1,     167,      19,       6,       1,       3,       1,     10.0000,      1.3864,     42.3883,    244.8618,     61.6229,      3.4953,      0.0000,     -0.0306,      1.0223,      0.1282,      5.4996,     10.9992,      1.1325,     27.8977,     55.7953,      0.0189,      0.0008,      0.0156,      0.1966,   7566.0972,-417961.5312,   -911.3718,    543.0007,  25220.3223,
       1,     167,      19,       7,       1,       3,       1,     10.0000,      1.3864,     42.3883,    244.8618,     61.6229,      3.4953,      0.0000,     -0.0306,      1.0288,      0.1273,      5.4996,     10.9992,      1.1245,     27.8977,     55.7953,      0.0189,      0.0008,      0.0156,      0.1966,   7566.0972,-417777.0938,   -911.4590,    543.0132,  25220.3223,
       1,     167,      19,       8,       1,       3,       1,     10.0000,      1.3864,     42.3883,    244.8618,     61.6229,      3.4953,      0.0006,     -0.0300,      1.0632,      0.1278,      5.4996,     10.9992,      1.1290,     27.8977,     55.7953,      0.0189,      0.0008,      0.0156,      0.1966,   7566.0972,-417769.3438,   -911.5760,    543.0137,  25220.3223,
       1,     167,      19,       9,       1,       3,       1,     10.0000,      1.3864,     42.3883,    244.8618,     61.6229,      3.4953,      0.0239,     -0.0067,      1.2317,      0.1279,      5.4996,     10.9992,      1.1302,     27.8977,     55.7953,      0.0189,      0.0010,      0.0153,      0.1966,   7566.0972,-417813.0938,   -911.7048,    543.0107,  25220.3203,
       1,     167,      19,      10,       1,       3,       1,     10.0000,      1.3864,     42.3883,    244.8618,     61.6229,      3.4953,      0.0937,      0.0627,      9.9062,      0.1389,      5.4996,     10.9992,      1.2269,     27.8977,     55.7953,      0.0189,      0.0011,      0.1161,      0.1966,   7566.0962,-418034.3125,   -911.9354,    542.9958,  25220.3223,
       1,     167,      19,      11,       1,       3,       1,     10.0000,      1.3864,     42.3883,    244.8618,     61.6229,      3.4953,      0.1658,      0.1342,     18.4280,      0.1557,      5.4996,     10.9992,      1.3762,     27.8977,     55.7953,      0.0189,      0.0010,      0.2208,      0.1966,   7566.0972,-429236.0938,   -914.2564,    542.2355,  25220.3203,
       1,     167,      19,      12,       1,       3,       1,     10.0000,      1.3864,     42.3883,    244.8618,     61.6229,      3.4953,      0.1840,      0.1519,     22.1850,      0.1696,      5.4996,     10.9992,      1.4984,     27.8977,     55.7953,      0.0189,      0.0011,      0.2473,      0.1966,   7566.0962,-441205.3750,   -917.0610,    541.4247,  25220.3203,
       1,     167,      19,      13,       1,       3,       1,     10.0000,      1.3864,     42.3883,    244.8618,     61.6229,      3.4953,      0.1859,      0.1535,     23.5946,      0.1798,      5.4996,     10.9992,      1.5890,     27.8977,     55.7953,      0.0189,      0.0012,      0.2500,      0.1966,   7566.0962,-447097.7500,   -919.1285,    541.0266,  25220.3223,
       1,     167,      19,      14,       1,       3,       1,     10.0000,      1.3864,     42.3883,    244.8618,     61.6229,      3.4953,      0.1844,      0.1518,     24.7285,      0.1862,      5.4996,     10.9992,      1.6452,     27.8977,     55.7953,      0.0189,      0.0012,      0.2478,      0.1966,   7566.0972,-449429.9688,   -920.6698,    540.8690,  25220.3242,
       1,     167,      19,      15,       1,       3,       1,     10.0000,      1.3864,     42.3883,    244.8618,     61.6229,      3.4953,      0.1869,      0.1544,     37.4446,      0.1834,      5.4996,     10.9992,      1.6209,     27.8977,     55.7953,      0.0189,      0.0019,      0.2500,      0.1966,   7566.0977,-451095.8125,   -921.8721,    540.7563,  25220.3223,
       1,     167,      19,      16,       1,       3,       1,     10.0000,      1.3864,     42.3883,    244.8618,     61.6229,      3.4953,      0.1886,      0.1559,     59.5368,      0.1888,      5.4996,     10.9992,      1.6682,     27.8977,     55.7953,      0.0189,      0.0030,      0.2500,      0.1966,   7566.0972,-467642.3750,   -925.8694,    539.6379,  25220.3223,
       1,     167,      19,      17,       1,       3,       1,     10.0000,      1.3864,     42.3883,    244.8618,     61.6229,      3.4953,      0.1834,      0.1508,     71.7118,      0.1866,      5.4996,     10.9992,      1.6485,     27.8977,     55.7953,      0.0189,      0.0037,      0.2409,      0.1966,   7566.0972,-497591.4688,   -932.5144,    537.6188,  25220.3223,
       1,     167,      19,      18,       1,       3,       1,     10.0000,      1.3864,     42.3883,    244.8618,     61.6229,      3.4953,      0.1756,      0.1433,     81.8049,      0.1763,      5.4996,     10.9992,      1.5577,     27.8977,     55.7953,      0.0189,      0.0045,      0.2280,      0.1965,   7566.0972,-515928.0938,   -937.0397,    536.3903,  25220.3203,
       1,     167,      19,      19,       1,       3,       1,     10.0000,      1.3864,     42.3883,    244.8618,     61.6229,      3.4953,      0.1012,      0.0694,     47.9793,      0.1623,      5.4996,     10.9992,      1.4339,     27.8977,     55.7953,      0.0189,      0.0049,      0.1223,      0.1965,   7566.0962,-530556.7500,   -940.8768,    535.4109,  25220.3184,
       1,     167,      19,      20,       1,       3,       1,     10.0000,      1.3864,     42.3883,    244.8618,     61.6229,      3.4953,      0.0108,     -0.0208,      5.3572,      0.1537,      5.4996,     10.9992,      1.3584,     27.8977,     55.7953,      0.0189,      0.0043,      0.0156,      0.1965,   7566.0957,-488150.3438,   -934.0345,    538.2499,  25220.3203,
       1,     167,      19,      21,       1,       3,       1,     10.0000,      1.3864,     42.3883,    244.8618,     61.6229,      3.4953,      0.0000,     -0.0313,      5.6918,      0.1463,      5.4996,     10.9992,      1.2930,     27.8977,     55.7953,      0.0189,      0.0045,      0.0156,      0.1966,   7566.0962,-429475.8750,   -923.8126,    542.2051,  25220.3184,
       1,     167,      19,      22,       1,       3,       1,     10.0000,      1.3864,     42.3883,    244.8618,     61.6229,      3.4953,      0.0000,     -0.0311,      5.5737,      0.1421,      5.4996,     10.9992,      1.2558,     27.8977,     55.7953,      0.0189,      0.0044,      0.0156,      0.1966,   7566.0957,-424823.4062,   -923.3134,    542.5350,  25220.3184,
       1,     167,      19,      23,       1,       3,       1,     10.0000,      1.3864,     42.3883,    244.8618,     61.6229,      3.4953,      0.0000,     -0.0311,      5.1505,      0.1404,      5.4996,     10.9992,      1.2406,     27.8977,     55.7953,      0.0189,      0.0041,      0.0156,      0.1966,   7566.0957,-424245.9375,   -923.5224,    542.5743,  25220.3203,
       1,     167,      19,      24,       1,       3,       1,     10.0000,      1.3864,     42.3883,    244.8618,     61.6229,      3.4953,      0.0000,     -0.0310,      4.1710,      0.1373,      5.4996,     10.9992,      1.2133,     27.8977,     55.7953,      0.0189,      0.0033,      0.0156,      0.1966,   7566.0962,-423649.1875,   -923.6826,    542.6147,  25220.3184,
       1,     167,      20,       1,       1,       3,       1,     10.0000,      1.3864,     42.3886,    244.8676,     61.6243,      3.4953,      0.0000,     -0.0309,      4.1473,      0.1362,      5.4992,     10.9984,      1.2036,     27.9007,     55.8013,      0.0189,      0.0033,      0.0156,      0.1966,   7566.0957,-422488.8750,   -923.9411,    542.7061,  25221.4434,
       1,     167,      20,       2,       1,       3,       1,     10.0000,      1.3864,     42.3886,    244.8676,     61.6243,      3.4953,      0.0000,     -0.0310,      3.9683,      0.1397,      5.4992,     10.9984,      1.2344,     27.9007,     55.8013,      0.0189,      0.0032,      0.0156,      0.1966,   7566.4331,-422204.6875,   -923.8178,    542.7254,  25221.4453,
       1,     167,      20,       3,       1,       3,       1,     10.0000,      1.3864,     42.3886,    244.8676,     61.6243,      3.4953,      0.0000,     -0.0311,      3.4811,      0.1413,      5.4992,     10.9984,      1.2482,     27.9007,     55.8013,      0.0189,      0.0028,      0.0156,      0.1966,   7566.4341,-421948.8438,   -923.9464,    542.7427,  25221.4414,
       1,     167,      20,       4,       1,       3,       1,     10.0000,      1.3864,     42.3886,    244.8676,     61.6243,      3.4953,      0.0000,     -0.0309,      3.4289,      0.1370,      5.4992,     10.9984,      1.2109,     27.9007,     55.8013,      0.0189,      0.0027,      0.0156,      0.1966,   7566.4326,-421298.9375,   -923.9749,    542.7868,  25221.4434,
       1,     167,      20,       5,       1,       3,       1,     10.0000,      1.3864,     42.3886,    244.8676,     61.6243,      3.4953,      0.0000,     -0.0308,      2.9674,      0.1327,      5.4992,     10.9984,      1.1723,     27.9007,     55.8013,      0.0189,      0.0024,      0.0156,      0.1966,   7566.4331,-421174.5938,   -924.0866,    542.7953,  25221.4434,
       1,     167,      20,       6,       1,       3,       1,     10.0000,      1.3864,     42.3886,    244.8676,     61.6243,      3.4953,      0.0000,     -0.0306,      2.6742,      0.1274,      5.4992,     10.9984,      1.1256,     27.9007,     55.8013,      0.0189,      0.0021,      0.0156,      0.1966,   7566.4331,-420568.5312,   -924.0822,    542.8364,  25221.4453,
       1,     167,      20,       7,       1,       3,       1,     10.0000,      1.3864,     42.3886,    244.8676,     61.6243,      3.4953,      0.0000,     -0.0307,      2.9905,      0.1317,      5.4992,     10.9984,      1.1640,     27.9007,     55.8013,      0.0189,      0.0024,      0.0156,      0.1966,   7566.4341,-420137.6250,   -924.0928,    542.8656,  25221.4434,
       1,     167,      20,       8,       1,       3,       1,     10.0000,      1.3864,     42.3886,    244.8676,     61.6243,      3.4953,      0.0006,     -0.0301,      3.3179,      0.1309,      5.4992,     10.9984,      1.1569,     27.9007,     55.8013,      0.0189,      0.0026,      0.0156,      0.1966,   7566.4331,-420507.7812,   -924.2595,    542.8405,  25221.4414,
       1,     167,      20,       9,       1,       3,       1,     10.0000,      1.3864,     42.3886,    244.8676,     61.6243,      3.4953,      0.0622,      0.0314,     14.3988,      0.1352,      5.4992,     10.9984,      1.1951,     27.9007,     55.8013,      0.0189,      0.0026,      0.0696,      0.1966,   7566.4326,-420962.5312,   -924.4517,    542.8097,  25221.4434,
       1,     167,      20,      10,       1,       3,       1,     10.0000,      1.3864,     42.3886,    244.8676,     61.6243,      3.4953,      0.1543,      0.1229,     38.5991,      0.1495,      5.4992,     10.9984,      1.3207,     27.9007,     55.8013,      0.0189,      0.0024,      0.2016,      0.1966,   7566.4331,-435285.6562,   -927.2544,    541.8378,  25221.4453,
       1,     167,      20,      11,       1,       3,       1,     10.0000,      1.3864,     42.3886,    244.8676,     61.6243,      3.4953,      0.1810,      0.1488,     45.0083,      0.1740,      5.4992,     10.9984,      1.5377,     27.9007,     55.8013,      0.0189,      0.0023,      0.2403,      0.1966,   7566.4341,-467742.2812,   -933.5690,    539.6404,  25221.4414,
       1,     167,      20,      12,       1,       3,       1,     10.0000,      1.3864,     42.3886,    244.8676,     61.6243,      3.4953,      0.1885,      0.1555,     58.0890,      0.1972,      5.4992,     10.9984,      1.7424,     27.9007,     55.8013,      0.0189,      0.0029,      0.2500,      0.1966,   7566.4326,-478857.5625,   -936.0527,    538.8951,  25221.4395,
       1,     167,      20,      13,       1,       3,       1,     10.0000,      1.3864,     42.3886,    244.8676,     61.6243,      3.4953,      0.1883,      0.1555,     56.3737,      0.1945,      5.4992,     10.9984,      1.7185,     27.9007,     55.8013,      0.0189,      0.0028,      0.2500,      0.1966,   7566.4321,-496699.4062,   -939.9089,    537.6937,  25221.4414,
       1,     167,      20,      14,       1,       3,       1,     10.0000,      1.3864,     42.3886,    244.8676,     61.6243,      3.4953,      0.1887,      0.1558,     60.5175,      0.1935,      5.4992,     10.9984,      1.7100,     27.9007,     55.8013,      0.0189,      0.0030,      0.2500,      0.1966,   7566.4326,-496044.6250,   -940.2891,    537.7391,  25221.4395,
       1,     167,      20,      15,       1,       3,       1,     10.0000,      1.3864,     42.3886,    244.8676,     61.6243,      3.4953,      0.1893,      0.1564,     68.3190,      0.1960,      5.4992,     10.9984,      1.7321,     27.9007,     55.8013,      0.0189,      0.0034,      0.2500,      0.1966,   7566.4321,-501333.5938,   -941.7430,    537.3836,  25221.4395,
       1,     167,      20,      16,       1,       3,       1,     10.0000,      1.3864,     42.3886,    244.8676,     61.6243,      3.4953,      0.1913,      0.1585,     93.7922,      0.1929,      5.4992,     10.9984,      1.7049,     27.9007,     55.8013,      0.0189,      0.0047,      0.2500,      0.1966,   7566.4321,-511863.5312,   -944.1638,    536.6764,  25221.4375,
       1,     167,      20,      17,       1,       3,       1,     10.0000,      1.3864,     42.3886,    244.8676,     61.6243,      3.4953,      0.1788,      0.1462,    112.7283,      0.1877,      5.4992,     10.9984,      1.6583,     27.9007,     55.8013,      0.0189,      0.0061,      0.2293,      0.1966,   7566.4316,-545664.1875,   -951.0280,    534.4093,  25221.4395,
       1,     167,      20,      18,       1,       3,       1,     10.0000,      1.3864,     42.3886,    244.8676,     61.6243,      3.4953,      0.1671,      0.1348,    108.7959,      0.1747,      5.4992,     10.9984,      1.5439,     27.9007,     55.8013,      0.0189,      0.0064,      0.2123,      0.1965,   7566.4321,-573080.3125,   -956.8022,    532.5828,  25221.4355,
       1,     167,      20,      19,       1,       3,       1,     10.0000,      1.3864,     42.3886,    244.8676,     61.6243,      3.4953,      0.1051,      0.0732,     60.2463,      0.1633,      5.4992,     10.9984,      1.4426,     27.9007,     55.8013,      0.0189,      0.0059,      0.1266,      0.1965,   7566.4312,-570391.0625,   -956.9169,    532.7649,  25221.4355,
       1,     167,      20,      20,       1,       3,       1,     10.0000,      1.3864,     42.3886,    244.8676,     61.6243,      3.4953,      0.0107,     -0.0209,      6.8089,      0.1543,      5.4992,     10.9984,      1.3639,     27.9007,     55.8013,      0.0189,      0.0054,      0.0156,      0.1965,   7566.4312,-507422.0938,   -945.4140,    536.9584,  25221.4336,
       1,     167,      20,      21,       1,       3,       1,     10.0000,      1.3864,     42.3886,    244.8676,     61.6243,      3.4953,      0.0000,     -0.0314,      6.7681,      0.1486,      5.4992,     10.9984,      1.3127,     27.9007,     55.8013,      0.0189,      0.0054,      0.0156,      0.1966,   7566.4302,-433022.7188,   -931.3990,    541.9685,  25221.4316,
       1,     167,      20,      22,       1,       3,       1,     10.0000,      1.3864,     42.3886,    244.8676,     61.6243,      3.4953,      0.0000,     -0.0313,      6.5114,      0.1465,      5.4992,     10.9984,      1.2944,     27.9007,     55.8013,      0.0189,      0.0052,      0.0156,      0.1966,   7566.4297,-426535.5312,   -930.1534,    542.4315,  25221.4297,
       1,     167,      20,      23,       1,       3,       1,     10.0000,      1.3864,     42.3886,    244.8676,     61.6243,      3.4953,      0.0000,     -0.0312,      5.8159,      0.1430,      5.4992,     10.9984,      1.2634,     27.9007,     55.8013,      0.0189,      0.0046,      0.0156,      0.1966,   7566.4292,-425607.9375,   -929.9522,    542.4946,  25221.4336,
       1,     167,      20,      24,       1,       3,       1,     10.0000,      1.3864,     42.3886,    244.8676,     61.6243,      3.4953,      0.0000,     -0.0310,      5.1148,      0.1398,      5.4992,     10.9984,      1.2357,     27.9007,     55.8013,      0.0189,      0.0041,      0.0156,      0.1966,   7566.4302,-424629.6562,   -929.7388,    542.5609,  25221.4316,
       1,     167,      21,       1,       1,       3,       1,     10.0000,      1.3864,     42.3889,    244.8734,     61.6258,      3.4953,      0.0000,     -0.0310,      4.8064,      0.1387,      5.4997,     10.9995,      1.2257,     27.9067,     55.8133,      0.0189,      0.0038,      0.0156,      0.1967,   7566.4297,-423794.8125,   -929.8325,    542.6302,  25222.5566,
       1,     167,      21,       2,       1,       3,       1,     10.0000,      1.3864,     42.3889,    244.8734,     61.6258,      3.4953,      0.0000,     -0.0308,      4.4359,      0.1338,      5.4997,     10.9995,      1.1819,     27.9067,     55.8133,      0.0189,      0.0035,      0.0156,      0.1967,   7566.7671,-423172.2500,   -929.4138,    542.6725,  25222.5605,
       1,     167,      21,       3,       1,       3,       1,     10.0000,      1.3864,     42.3889,    244.8734,     61.6258,      3.4953,      0.0000,     -0.0307,      4.1384,      0.1313,      5.4997,     10.9995,      1.1605,     27.9067,     55.8133,      0.0189,      0.0033,      0.0156,      0.1967,   7566.7686,-422639.9375,   -929.2878,    542.7086,  25222.5586,
       1,     167,      21,       4,       1,       3,       1,     10.0000,      1.3864,     42.3889,    244.8734,     61.6258,      3.4953,      0.0000,     -0.0308,      3.8992,      0.1320,      5.4997,     10.9995,      1.1664,     27.9067,     55.8133,      0.0189,      0.0031,      0.0156,      0.1967,   7566.7681,-422210.0938,   -929.1805,    542.7378,  25222.5586,
       1,     167,      21,       5,       1,       3,       1,     10.0000,      1.3864,     42.3889,    244.8734,     61.6258,      3.4953,      0.0000,     -0.0307,      3.6425,      0.1309,      5.4997,     10.9995,      1.1570,     27.9067,     55.8133,      0.0189,      0.0029,      0.0156,      0.1967,   7566.7681,-421864.0938,   -929.0880,    542.7612,  25222.5586,
       1,     167,      21,       6,       1,       3,       1,     10.0000,      1.3864,     42.3889,    244.8734,     61.6258,      3.4953,      0.0000,     -0.0307,      3.5822,      0.1301,      5.4997,     10.9995,      1.1499,     27.9067,     55.8133,      0.0189,      0.0029,      0.0156,      0.1967,   7566.7681,-421503.0312,   -928.9922,    542.7858,  25222.5586,
       1,     167,      21,       7,       1,       3,       1,     10.0000,      1.3864,     42.3889,    244.8734,     61.6258,      3.4953,      0.0000,     -0.0308,      3.0324,      0.1331,      5.4997,     10.9995,      1.1759,     27.9067,     55.8133,      0.0189,      0.0024,      0.0156,      0.1967,   7566.7681,-421393.6875,   -928.9451,    542.7932,  25222.5586,
       1,     167,      21,       8,       1,       3,       1,     10.0000,      1.3864,     42.3889,    244.8734,     61.6258,      3.4953,      0.0007,     -0.0301,      2.7214,      0.1332,      5.4997,     10.9995,      1.1771,     27.9067,     55.8133,      0.0189,      0.0022,      0.0156,      0.1967,   7566.7681,-420675.5312,   -928.7864,    542.8419,  25222.5586,
       1,     167,      21,       9,       1,       3,       1,     10.0000,      1.3864,     42.3889,    244.8734,     61.6258,      3.4953,      0.0728,      0.0418,     15.3512,      0.1390,      5.4997,     10.9995,      1.2282,     27.9067,     55.8133,      0.0189,      0.0023,      0.0848,      0.1967,   7566.7681,-420211.8750,   -928.6782,    542.8734,  25222.5586,
       1,     167,      21,      10,       1,       3,       1,     10.0000,      1.3864,     42.3889,    244.8734,     61.6258,      3.4953,      0.1571,      0.1255,     40.7153,      0.1564,      5.4997,     10.9995,      1.3818,     27.9067,     55.8133,      0.0189,      0.0025,      0.2055,      0.1967,   7566.7681,-436449.4062,   -931.7932,    541.7715,  25222.5586,
       1,     167,      21,      11,       1,       3,       1,     10.0000,      1.3864,     42.3889,    244.8734,     61.6258,      3.4953,      0.1863,      0.1542,     47.2376,      0.1713,      5.4997,     10.9995,      1.5135,     27.9067,     55.8133,      0.0189,      0.0024,      0.2478,      0.1967,   7566.7681,-470571.4688,   -938.4036,    539.4617,  25222.5566,
       1,     167,      21,      12,       1,       3,       1,     10.0000,      1.3864,     42.3889,    244.8734,     61.6258,      3.4953,      0.1880,      0.1561,     48.7290,      0.1639,      5.4997,     10.9995,      1.4484,     27.9067,     55.8133,      0.0189,      0.0024,      0.2500,      0.1966,   7566.7671,-481977.7500,   -940.7065,    538.6975,  25222.5566,
       1,     167,      21,      13,       1,       3,       1,     10.0000,      1.3864,     42.3889,    244.8734,     61.6258,      3.4953,      0.1882,      0.1557,     53.9067,      0.1825,      5.4997,     10.9995,      1.6129,     27.9067,     55.8133,      0.0189,      0.0027,      0.2500,      0.1966,   7566.7671,-484891.8125,   -941.3792,    538.5019,  25222.5566,
       1,     167,      21,      14,       1,       3,       1,     10.0000,      1.3864,     42.3889,    244.8734,     61.6258,      3.4953,      0.1887,      0.1560,     61.1267,      0.1901,      5.4997,     10.9995,      1.6799,     27.9067,     55.8133,      0.0189,      0.0030,      0.2500,      0.1966,   7566.7671,-491825.0312,   -942.8126,    538.0352,  25222.5527,
       1,     167,      21,      15,       1,       3,       1,     10.0000,      1.3864,     42.3889,    244.8734,     61.6258,      3.4953,      0.1900,      0.1573,     77.3849,      0.1895,      5.4997,     10.9995,      1.6749,     27.9067,     55.8133,      0.0189,      0.0039,      0.2500,      0.1966,   7566.7661,-501746.1875,   -944.8433,    537.3682,  25222.5547,
       1,     167,      21,      16,       1,       3,       1,     10.0000,      1.3864,     42.3889,    244.8734,     61.6258,      3.4953,      0.1913,      0.1587,     93.4860,      0.1855,      5.4997,     10.9995,      1.6388,     27.9067,     55.8133,      0.0189,      0.0047,      0.2500,      0.1966,   7566.7666,-523592.4062,   -949.2280,    535.9012,  25222.5547,
       1,     167,      21,      17,       1,       3,       1,     10.0000,      1.3864,     42.3889,    244.8734,     61.6258,      3.4953,      0.1880,      0.1554,     89.0822,      0.1845,      5.4997,     10.9995,      1.6307,     27.9067,     55.8133,      0.0189,      0.0045,      0.2455,      0.1966,   7566.7666,-546286.5000,   -953.8821,    534.3829,  25222.5527,
       1,     167,      21,      18,       1,       3,       1,     10.0000,      1.3864,     42.3889,    244.8734,     61.6258,      3.4953,      0.1702,      0.1380,     92.9155,      0.1735,      5.4997,     10.9995,      1.5332,     27.9067,     55.8133,      0.0189,      0.0053,      0.2187,      0.1965,   7566.7661,-542580.5000,   -953.4798,    534.6327,  25222.5508,
       1,     167,      21,      19,       1,       3,       1,     10.0000,      1.3864,     42.3889,    244.8734,     61.6258,      3.4953,      0.1061,      0.0743,     55.7507,      0.1616,      5.4997,     10.9995,      1.4283,     27.9067,     55.8133,      0.0189,      0.0054,      0.1285,      0.1965,   7566.7656,-547205.3125,   -954.7153,    534.3236,  25222.5488,
       1,     167,      21,      20,       1,       3,       1,     10.0000,      1.3864,     42.3889,    244.8734,     61.6258,      3.4953,      0.0111,     -0.0204,      6.2882,      0.1534,      5.4997,     10.9995,      1.3557,     27.9067,     55.8133,      0.0189,      0.0050,      0.0156,      0.1965,   7566.7651,-499612.5312,   -945.7263,    537.5024,  25222.5488,
       1,     167,      21,      21,       1,       3,       1,     10.0000,      1.3864,     42.3889,    244.8734,     61.6258,      3.4953,      0.0000,     -0.0315,      5.9535,      0.1511,      5.4997,     10.9995,      1.3354,     27.9067,     55.8133,      0.0189,      0.0048,      0.0156,      0.1966,   7566.7651,-431672.7812,   -932.5378,    542.0767,  25222.5488,
       1,     167,      21,      22,       1,       3,       1,     10.0000,      1.3864,     42.3889,    244.8734,     61.6258,      3.4953,      0.0000,     -0.0314,      6.4007,      0.1501,      5.4997,     10.9995,      1.3261,     27.9067,     55.8133,      0.0189,      0.0051,      0.0156,      0.1967,   7566.7651,-425365.2188,   -931.2421,    542.5236,  25222.5488,
       1,     167,      21,      23,       1,       3,       1,     10.0000,      1.3864,     42.3889,    244.8734,     61.6258,      3.4953,      0.0000,     -0.0313,      5.5593,      0.1468,      5.4997,     10.9995,      1.2970,     27.9067,     55.8133,      0.0189,      0.0044,      0.0156,      0.1967,   7566.7651,-425365.6875,   -931.1625,    542.5237,  25222.5488,
       1,     167,      21,      24,       1,       3,       1,     10.0000,      1.3864,     42.3889,    244.8734,     61.6258,      3.4953,      0.0000,     -0.0312,      4.9749,      0.1434,      5.4997,     10.9995,      1.2673,     27.9067,     55.8133,      0.0189,      0.0040,      0.0156,      0.1967,   7566.7651,-424280.9688,   -930.8828,    542.5973,  25222.5488,
       1,     167,      22,       1,       1,       3,       1,     10.0000,      1.3865,     42.3893,    244.8791,     61.6272,      3.4953,      0.0000,     -0.0312,      4.4077,      0.1444,      5.4994,     10.9989,      1.2763,     27.9134,     55.8268,      0.0189,      0.0035,      0.0156,      0.1967,   7566.7651,-423587.5625,   -930.9742,    542.6571,  25223.6777,
       1,     167,      22,       2,       1,       3,       1,     10.0000,      1.3865,     42.3893,    244.8791,     61.6272,      3.4953,      0.0000,     -0.0310,      3.9355,      0.1379,      5.4994,     10.9989,      1.2184,     27.9134,     55.8268,      0.0189,      0.0031,      0.0156,      0.1967,   7567.1035,-422643.1875,   -930.4568,    542.7211,  25223.6758,
       1,     167,      22,       3,       1,       3,       1,     10.0000,      1.3865,     42.3893,    244.8791,     61.6272,      3.4953,      0.0000,     -0.0310,      3.9053,      0.1380,      5.4994,     10.9989,      1.2196,     27.9134,     55.8268,      0.0189,      0.0031,      0.0156,      0.1967,   7567.1030,-421952.6562,   -930.2775,    542.7680,  25223.6758,
       1,     167,      22,       4,       1,       3,       1,     10.0000,      1.3865,     42.3893,    244.8791,     61.6272,      3.4953,      0.0000,     -0.0310,      3.7508,      0.1393,      5.4994,     10.9989,      1.2307,     27.9134,     55.8268,      0.0189,      0.0030,      0.0156,      0.1967,   7567.1030,-421853.1875,   -930.2121,    542.7747,  25223.6758,
       1,     167,      22,       5,       1,       3,       1,     10.0000,      1.3865,     42.3893,    244.8791,     61.6272,      3.4953,      0.0000,     -0.0310,      3.4355,      0.1376,      5.4994,     10.9989,      1.2159,     27.9134,     55.8268,      0.0189,      0.0027,      0.0156,      0.1967,   7567.1030,-421645.6250,   -930.1273,    542.7888,  25223.6758,
       1,     167,      22,       6,       1,       3,       1,     10.0000,      1.3865,     42.3893,    244.8791,     61.6272,      3.4953,      0.0000,     -0.0309,      3.3561,      0.1350,      5.4994,     10.9989,      1.1927,     27.9134,     55.8268,      0.0189,      0.0027,      0.0156,      0.1967,   7567.1030,-421220.9688,   -930.0046,    542.8176,  25223.6758,
       1,     167,      22,       7,       1,       3,       1,     10.0000,      1.3865,     42.3893,    244.8791,     61.6272,      3.4953,      0.0000,     -0.0308,      2.7619,      0.1340,      5.4994,     10.9989,      1.1843,     27.9134,     55.8268,      0.0189,      0.0022,      0.0156,      0.1967,   7567.1030,-421081.4688,   -929.9368,    542.8271,  25223.6738,
       1,     167,      22,       8,       1,       3,       1,     10.0000,      1.3865,     42.3893,    244.8791,     61.6272,      3.4953,      0.0006,     -0.0302,      2.6863,      0.1343,      5.4994,     10.9989,      1.1867,     27.9134,     55.8268,      0.0189,      0.0021,      0.0156,      0.1967,   7567.1025,-420303.7188,   -929.7543,    542.8798,  25223.6758,
       1,     167,      22,       9,       1,       3,       1,     10.0000,      1.3865,     42.3893,    244.8791,     61.6272,      3.4953,      0.0492,      0.0183,      9.1439,      0.1348,      5.4994,     10.9989,      1.1915,     27.9134,     55.8268,      0.0189,      0.0022,      0.0511,      0.1967,   7567.1030,-420138.1875,   -929.6914,    542.8911,  25223.6777,
       1,     167,      22,      10,       1,       3,       1,     10.0000,      1.3865,     42.3893,    244.8791,     61.6272,      3.4953,      0.1498,      0.1186,     37.8869,      0.1428,      5.4994,     10.9989,      1.2622,     27.9134,     55.8268,      0.0189,      0.0024,      0.1950,      0.1967,   7567.1035,-428445.2188,   -931.2912,    542.3273,  25223.6758,
       1,     167,      22,      11,       1,       3,       1,     10.0000,      1.3865,     42.3893,    244.8791,     61.6272,      3.4953,      0.1715,      0.1408,     43.8723,      0.1301,      5.4994,     10.9989,      1.1500,     27.9134,     55.8268,      0.0189,      0.0024,      0.2260,      0.1967,   7567.1030,-466218.9062,   -938.7092,    539.7670,  25223.6777,
       1,     167,      22,      12,       1,       3,       1,     10.0000,      1.3865,     42.3893,    244.8791,     61.6272,      3.4953,      0.1883,      0.1573,     49.9173,      0.1373,      5.4994,     10.9989,      1.2134,     27.9134,     55.8268,      0.0189,      0.0025,      0.2500,      0.1967,   7567.1035,-477254.6562,   -942.5965,    539.0284,  25223.6758,
       1,     167,      22,      13,       1,       3,       1,     10.0000,      1.3865,     42.3893,    244.8791,     61.6272,      3.4953,      0.1882,      0.1567,     50.9285,      0.1536,      5.4994,     10.9989,      1.3571,     27.9134,     55.8268,      0.0189,      0.0025,      0.2500,      0.1966,   7567.1030,-486008.2500,   -944.3613,    538.4391,  25223.6738,
       1,     167,      22,      14,       1,       3,       1,     10.0000,      1.3865,     42.3893,    244.8791,     61.6272,      3.4953,      0.1884,      0.1559,     56.0256,      0.1829,      5.4994,     10.9989,      1.6162,     27.9134,     55.8268,      0.0189,      0.0028,      0.2500,      0.1966,   7567.1025,-488076.3438,   -944.7505,    538.3002,  25223.6738,
       1,     167,      22,      15,       1,       3,       1,     10.0000,      1.3865,     42.3893,    244.8791,     61.6272,      3.4953,      0.1884,      0.1563,     54.5642,      0.1697,      5.4994,     10.9989,      1.5000,     27.9134,     55.8268,      0.0189,      0.0027,      0.2500,      0.1966,   7567.1025,-494831.8438,   -946.0398,    537.8456,  25223.6738,
       1,     167,      22,      16,       1,       3,       1,     10.0000,      1.3865,     42.3893,    244.8791,     61.6272,      3.4953,      0.1865,      0.1549,     28.5737,      0.1534,      5.4994,     10.9989,      1.3557,     27.9134,     55.8268,      0.0189,      0.0014,      0.2500,      0.1966,   7567.1025,-493535.5625,   -946.3179,    537.9330,  25223.6699,
       1,     167,      22,      17,       1,       3,       1,     10.0000,      1.3865,     42.3893,    244.8791,     61.6272,      3.4953,      0.1653,      0.1339,     27.6355,      0.1502,      5.4994,     10.9989,      1.3274,     27.9134,     55.8268,      0.0189,      0.0016,      0.2190,      0.1966,   7567.1011,-459891.1250,   -936.1599,    540.1953,  25223.6699,
       1,     167,      22,      18,       1,       3,       1,     10.0000,      1.3865,     42.3893,    244.8791,     61.6272,      3.4953,      0.0807,      0.0493,     16.8342,      0.1484,      5.4994,     10.9989,      1.3115,     27.9134,     55.8268,      0.0189,      0.0022,      0.0959,      0.1967,   7567.1011,-455763.6562,   -935.9816,    540.4788,  25223.6699,
       1,     167,      22,      19,       1,       3,       1,     10.0000,      1.3865,     42.3893,    244.8791,     61.6272,      3.4953,      0.0731,      0.0418,     28.0477,      0.1462,      5.4994,     10.9989,      1.2918,     27.9134,     55.8268,      0.0189,      0.0042,      0.0836,      0.1967,   7567.1011,-441470.4062,   -933.7054,    541.4445,  25223.6719,
       1,     167,      22,      20,       1,       3,       1,     10.0000,      1.3865,     42.3893,    244.8791,     61.6272,      3.4953,      0.0123,     -0.0189,      4.4069,      0.1424,      5.4994,     10.9989,      1.2584,     27.9134,     55.8268,      0.0189,      0.0035,      0.0156,      0.1967,   7567.1021,-454680.6250,   -936.7631,    540.5514,  25223.6699,
       1,     167,      22,      21,       1,       3,       1,     10.0000,      1.3865,     42.3893,    244.8791,     61.6272,      3.4953,      0.0000,     -0.0309,      2.6565,      0.1362,      5.4994,     10.9989,      1.2037,     27.9134,     55.8268,      0.0189,      0.0021,      0.0156,      0.1967,   7567.1011,-425353.3750,   -931.6494,    542.5336,  25223.6699,
       1,     167,      22,      22,       1,       3,       1,     10.0000,      1.3865,     42.3893,    244.8791,     61.6272,      3.4953,      0.0000,     -0.0309,      2.5049,      0.1357,      5.4994,     10.9989,      1.1988,     27.9134,     55.8268,      0.0189,      0.0020,      0.0156,      0.1967,   7567.1011,-420546.3125,   -930.9254,    542.8633,  25223.6680,
       1,     167,      22,      23,       1,       3,       1,     10.0000,      1.3865,     42.3893,    244.8791,     61.6272,      3.4953,      0.0000,     -0.0309,      3.2265,      0.1351,      5.4994,     10.9989,      1.1939,     27.9134,     55.8268,      0.0189,      0.0026,      0.0156,      0.1967,   7567.1006,-419926.5625,   -930.9722,    542.9054,  25223.6699,
       1,     167,      22,      24,       1,       3,       1,     10.0000,      1.3865,     42.3893,    244.8791,     61.6272,      3.4953,      0.0000,     -0.0307,      2.6705,      0.1316,      5.4994,     10.9989,      1.1629,     27.9134,     55.8268,      0.0189,      0.0021,      0.0156,      0.1967,   7567.1011,-420801.9062,   -931.3423,    542.8461,  25223.6680,
       1,     167,      23,       1,       1,       3,       1,     10.0000,      1.3865,     42.3896,    244.8849,     61.6286,      3.4953,      0.0000,     -0.0307,      2.6597,      0.1299,      5.5000,     11.0000,      1.1477,     27.9156,     55.8311,      0.0189,      0.0021,      0.0156,      0.1967,   7567.1006,-420316.8750,   -931.6940,    542.8917,  25224.7949,
       1,     167,      23,       2,       1,       3,       1,     10.0000,      1.3865,     42.3896,    244.8849,     61.6286,      3.4953,      0.0000,     -0.0307,      2.6474,      0.1313,      5.5000,     11.0000,      1.1606,     27.9156,     55.8311,      0.0189,      0.0021,      0.0156,      0.1967,   7567.4390,-420108.5000,   -931.5482,    542.9059,  25224.7969,
       1,     167,      23,       3,       1,       3,       1,     10.0000,      1.3865,     42.3896,    244.8849,     61.6286,      3.4953,      0.0000,     -0.0305,      2.6819,      0.1248,      5.5000,     11.0000,      1.1030,     27.9156,     55.8311,      0.0189,      0.0021,      0.0156,      0.1967,   7567.4395,-420073.9375,   -931.6967,    542.9081,  25224.7949,
       1,     167,      23,       4,       1,       3,       1,     10.0000,      1.3865,     42.3896,    244.8849,     61.6286,      3.4953,      0.0000,     -0.0304,      2.7463,      0.1226,      5.5000,     11.0000,      1.0830,     27.9156,     55.8311,      0.0189,      0.0022,      0.0156,      0.1967,   7567.4390,-420115.7812,   -931.8530,    542.9053,  25224.7930,
       1,     167,      23,       5,       1,       3,       1,     10.0000,      1.3865,     42.3896,    244.8849,     61.6286,      3.4953,      0.0000,     -0.0303,      2.7781,      0.1200,      5.5000,     11.0000,      1.0600,     27.9156,     55.8311,      0.0189,      0.0022,      0.0156,      0.1967,   7567.4380,-420202.6562,   -932.0180,    542.8995,  25224.7949,
       1,     167,      23,       6,       1,       3,       1,     10.0000,      1.3865,     42.3896,    244.8849,     61.6286,      3.4953,      0.0000,     -0.0302,      2.5010,      0.1167,      5.5000,     11.0000,      1.0312,     27.9156,     55.8311,      0.0189,      0.0020,      0.0156,      0.1967,   7567.4390,-420250.8750,   -932.1664,    542.8962,  25224.7949,
       1,     167,      23,       7,       1,       3,       1,     10.0000,      1.3865,     42.3896,    244.8849,     61.6286,      3.4953,      0.0000,     -0.0301,      2.6029,      0.1159,      5.5000,     11.0000,      1.0238,     27.9156,     55.8311,      0.0189,      0.0021,      0.0156,      0.1967,   7567.4390,-419898.1562,   -932.2027,    542.9201,  25224.7949,
       1,     167,      23,       8,       1,       3,       1,     10.0000,      1.3865,     42.3896,    244.8849,     61.6286,      3.4953,      0.0007,     -0.0291,      2.0290,      0.1083,      5.5000,     11.0000,      0.9568,     27.9156,     55.8311,      0.0189,      0.0016,      0.0156,      0.1967,   7567.4390,-419998.6562,   -932.3391,    542.9133,  25224.7949,
       1,     167,      23,       9,       1,       3,       1,     10.0000,      1.3865,     42.3896,    244.8849,     61.6286,      3.4953,      0.0687,      0.0388,     10.0857,      0.1122,      5.5000,     11.0000,      0.9918,     27.9156,     55.8311,      0.0189,      0.0016,      0.0803,      0.1967,   7567.4390,-419267.7812,   -932.2866,    542.9629,  25224.7949,
       1,     167,      23,      10,       1,       3,       1,     10.0000,      1.3865,     42.3896,    244.8849,     61.6286,      3.4953,      0.1599,      0.1285,     30.6377,      0.1496,      5.5000,     11.0000,      1.3221,     27.9156,     55.8311,      0.0189,      0.0018,      0.2106,      0.1967,   7567.4390,-429585.2812,   -934.4195,    542.2626,  25224.7949,
       1,     167,      23,      11,       1,       3,       1,     10.0000,      1.3865,     42.3896,    244.8849,     61.6286,      3.4953,      0.1804,      0.1480,     30.5694,      0.1788,      5.5000,     11.0000,      1.5797,     27.9156,     55.8311,      0.0189,      0.0016,      0.2410,      0.1967,   7567.4390,-456975.0312,   -940.1374,    540.4066,  25224.7930,
       1,     167,      23,      12,       1,       3,       1,     10.0000,      1.3865,     42.3896,    244.8849,     61.6286,      3.4953,      0.1864,      0.1536,     30.8738,      0.1899,      5.5000,     11.0000,      1.6783,     27.9156,     55.8311,      0.0189,      0.0015,      0.2500,      0.1967,   7567.4380,-459288.5938,   -941.3709,    540.2535,  25224.7949,
       1,     167,      23,      13,       1,       3,       1,     10.0000,      1.3865,     42.3896,    244.8849,     61.6286,      3.4953,      0.1858,      0.1529,     23.4278,      0.1935,      5.5000,     11.0000,      1.7101,     27.9156,     55.8311,      0.0189,      0.0012,      0.2500,      0.1967,   7567.4390,-459878.8125,   -942.0561,    540.2136,  25224.7930,
       1,     167,      23,      14,       1,       3,       1,     10.0000,      1.3865,     42.3896,    244.8849,     61.6286,      3.4953,      0.1861,      0.1528,     28.4553,      0.2088,      5.5000,     11.0000,      1.8451,     27.9156,     55.8311,      0.0189,      0.0014,      0.2500,      0.1967,   7567.4380,-450330.0938,   -940.7653,    540.8583,  25224.7949,
       1,     167,      23,      15,       1,       3,       1,     10.0000,      1.3865,     42.3896,    244.8849,     61.6286,      3.4953,      0.1892,      0.1561,     67.5089,      0.2013,      5.5000,     11.0000,      1.7790,     27.9156,     55.8311,      0.0189,      0.0034,      0.2500,      0.1967,   7567.4390,-455979.0312,   -942.2711,    540.4768,  25224.7949,
       1,     167,      23,      16,       1,       3,       1,     10.0000,      1.3865,     42.3896,    244.8849,     61.6286,      3.4953,      0.1925,      0.1597,    109.1868,      0.1916,      5.5000,     11.0000,      1.6933,     27.9156,     55.8311,      0.0189,      0.0054,      0.2500,      0.1967,   7567.4390,-506821.5625,   -952.5099,    537.0421,  25224.7891,
       1,     167,      23,      17,       1,       3,       1,     10.0000,      1.3865,     42.3896,    244.8849,     61.6286,      3.4953,      0.1905,      0.1582,    120.9481,      0.1753,      5.5000,     11.0000,      1.5486,     27.9156,     55.8311,      0.0189,      0.0061,      0.2455,      0.1966,   7567.4370,-565065.5000,   -964.3553,    533.1431,  25224.7910,
       1,     167,      23,      18,       1,       3,       1,     10.0000,      1.3865,     42.3896,    244.8849,     61.6286,      3.4953,      0.1684,      0.1364,    107.0603,      0.1661,      5.5000,     11.0000,      1.4674,     27.9156,     55.8311,      0.0189,      0.0062,      0.2144,      0.1966,   7567.4375,-585359.8750,   -968.9806,    531.8047,  25224.7910,
       1,     167,      23,      19,       1,       3,       1,     10.0000,      1.3865,     42.3896,    244.8849,     61.6286,      3.4953,      0.1139,      0.0820,     70.0169,      0.1644,      5.5000,     11.0000,      1.4528,     27.9156,     55.8311,      0.0189,      0.0063,      0.1384,      0.1965,   7567.4375,-569171.3750,   -966.4825,    532.8825,  25224.7891,
       1,     167,      23,      20,       1,       3,       1,     10.0000,      1.3865,     42.3896,    244.8849,     61.6286,      3.4953,      0.0107,     -0.0208,      6.9318,      0.1530,      5.5000,     11.0000,      1.3517,     27.9156,     55.8311,      0.0189,      0.0055,      0.0156,      0.1966,   7567.4370,-519918.5625,   -957.3477,    536.1644,  25224.7891,
       1,     167,      23,      21,       1,       3,       1,     10.0000,      1.3865,     42.3896,    244.8849,     61.6286,      3.4953,      0.0000,     -0.0314,      6.1455,      0.1489,      5.5000,     11.0000,      1.3155,     27.9156,     55.8311,      0.0189,      0.0049,      0.0156,      0.1966,   7567.4370,-434251.5625,   -940.7546,    541.9159,  25224.7910,
       1,     167,      23,      22,       1,       3,       1,     10.0000,      1.3865,     42.3896,    244.8849,     61.6286,      3.4953,      0.0000,     -0.0312,      5.1614,      0.1447,      5.5000,     11.0000,      1.2789,     27.9156,     55.8311,      0.0189,      0.0041,      0.0156,      0.1967,   7567.4375,-425858.0312,   -939.1092,    542.5155,  25224.7891,
       1,     167,      23,      23,       1,       3,       1,     10.0000,      1.3865,     42.3896,    244.8849,     61.6286,      3.4953,      0.0000,     -0.0311,      4.6061,      0.1401,      5.5000,     11.0000,      1.2383,     27.9156,     55.8311,      0.0189,      0.0037,      0.0156,      0.1967,   7567.4370,-423817.4688,   -938.6968,    542.6542,  25224.7891,
       1,     167,      23,      24,       1,       3,       1,     10.0000,      1.3865,     42.3896,    244.8849,     61.6286,      3.4953,      0.0000,     -0.0309,      4.6652,      0.1357,      5.5000,     11.0000,      1.1988,     27.9156,     55.8311,      0.0189,      0.0037,      0.0156,      0.1967,   7567.4370,-422923.1250,   -938.5063,    542.7148,  25224.7891,
       1,     167,      24,       1,       1,       3,       1,     10.0000,      1.3865,     42.3899,    244.8906,     61.6301,      3.4953,      0.0000,     -0.0308,      3.8553,      0.1319,      5.4995,     10.9990,      1.1653,     27.9222,     55.8445,      0.0189,      0.0031,      0.0156,      0.1967,   7567.4370,-423075.5938,   -938.8041,    542.7171,  25225.9180,
       1,     167,      24,       2,       1,       3,       1,     10.0000,      1.3865,     42.3899,    244.8906,     61.6301,      3.4953,      0.0000,     -0.0307,      3.5148,      0.1298,      5.4995,     10.9990,      1.1465,     27.9222,     55.8445,      0.0189,      0.0028,      0.0156,      0.1967,   7567.7759,-421892.8125,   -938.2739,    542.7973,  25225.9160,
       1,     167,      24,       3,       1,       3,       1,     10.0000,      1.3865,     42.3899,    244.8906,     61.6301,      3.4953,      0.0000,     -0.0306,      3.4244,      0.1286,      5.4995,     10.9990,      1.1361,     27.9222,     55.8445,      0.0189,      0.0027,      0.0156,      0.1967,   7567.7749,-421351.0000,   -938.1508,    542.8340,  25225.9160,
       1,     167,      24,       4,       1,       3,       1,     10.0000,      1.3865,     42.3899,    244.8906,     61.6301,      3.4953,      0.0000,     -0.0307,      2.9848,      0.1300,      5.4995,     10.9990,      1.1489,     27.9222,     55.8445,      0.0189,      0.0024,      0.0156,      0.1967,   7567.7749,-421187.1250,   -938.1008,    542.8452,  25225.9160,
       1,     167,      24,       5,       1,       3,       1,     10.0000,      1.3865,     42.3899,    244.8906,     61.6301,      3.4953,      0.0000,     -0.0308,      2.5599,      0.1321,      5.4995,     10.9990,      1.1677,     27.9222,     55.8445,      0.0189,      0.0020,      0.0156,      0.1967,   7567.7749,-420606.3750,   -937.9708,    542.8846,  25225.9160,
       1,     167,      24,       6,       1,       3,       1,     10.0000,      1.3865,     42.3899,    244.8906,     61.6301,      3.4953,      0.0000,     -0.0306,      2.2339,      0.1290,      5.4995,     10.9990,      1.1396,     27.9222,     55.8445,      0.0189,      0.0018,      0.0156,      0.1967,   7567.7749,-420008.1875,   -937.8384,    542.9252,  25225.9160,
       1,     167,      24,       7,       1,       3,       1,     10.0000,      1.3865,     42.3899,    244.8906,     61.6301,      3.4953,      0.0000,     -0.0306,      2.1676,      0.1284,      5.4995,     10.9990,      1.1349,     27.9222,     55.8445,      0.0189,      0.0017,      0.0156,      0.1967,   7567.7749,-419535.8438,   -937.7325,    542.9573,  25225.9141,
       1,     167,      24,       8,       1,       3,       1,     10.0000,      1.3865,     42.3899,    244.8906,     61.6301,      3.4953,      0.0006,     -0.0300,      2.1222,      0.1280,      5.4995,     10.9990,      1.1315,     27.9222,     55.8445,      0.0189,      0.0017,      0.0156,      0.1967,   7567.7744,-419409.4062,   -937.6949,    542.9659,  25225.9160,
       1,     167,      24,       9,       1,       3,       1,     10.0000,      1.3865,     42.3899,    244.8906,     61.6301,      3.4953,      0.0630,      0.0323,      9.1190,      0.1315,      5.4995,     10.9990,      1.1618,     27.9222,     55.8445,      0.0189,      0.0016,      0.0714,      0.1967,   7567.7749,-419339.5938,   -937.6667,    542.9706,  25225.9160,
       1,     167,      24,      10,       1,       3,       1,     10.0000,      1.3865,     42.3899,    244.8906,     61.6301,      3.4953,      0.1573,      0.1260,     30.7987,      0.1484,      5.4995,     10.9990,      1.3115,     27.9222,     55.8445,      0.0189,      0.0019,      0.2069,      0.1967,   7567.7749,-428347.9688,   -939.4393,    542.3591,  25225.9180,
       1,     167,      24,      11,       1,       3,       1,     10.0000,      1.3865,     42.3899,    244.8906,     61.6301,      3.4953,      0.1858,      0.1538,     38.3785,      0.1656,      5.4995,     10.9990,      1.4631,     27.9222,     55.8445,      0.0189,      0.0019,      0.2480,      0.1967,   7567.7759,-457072.0938,   -945.1359,    540.4122,  25225.9160,
       1,     167,      24,      12,       1,       3,       1,     10.0000,      1.3865,     42.3899,    244.8906,     61.6301,      3.4953,      0.1875,      0.1549,     43.9151,      0.1836,      5.4995,     10.9990,      1.6227,     27.9222,     55.8445,      0.0189,      0.0022,      0.2500,      0.1967,   7567.7749,-469362.5000,   -947.6281,    539.5854,  25225.9160,
       1,     167,      24,      13,       1,       3,       1,     10.0000,      1.3865,     42.3899,    244.8906,     61.6301,      3.4953,      0.1878,      0.1551,     48.5858,      0.1894,      5.4995,     10.9990,      1.6733,     27.9222,     55.8445,      0.0189,      0.0024,      0.2500,      0.1967,   7567.7749,-477570.8125,   -949.3188,    539.0324,  25225.9141,
       1,     167,      24,      14,       1,       3,       1,     10.0000,      1.3865,     42.3899,    244.8906,     61.6301,      3.4953,      0.1883,      0.1555,     56.1323,      0.1945,      5.4995,     10.9990,      1.7186,     27.9222,     55.8445,      0.0189,      0.0028,      0.2500,      0.1967,   7567.7744,-484309.8438,   -950.7446,    538.5787,  25225.9160,
       1,     167,      24,      15,       1,       3,       1,     10.0000,      1.3865,     42.3899,    244.8906,     61.6301,      3.4953,      0.1867,      0.1540,     71.3155,      0.1873,      5.4995,     10.9990,      1.6552,     27.9222,     55.8445,      0.0189,      0.0036,      0.2457,      0.1967,   7567.7749,-494629.3438,   -952.9005,    537.8841,  25225.9141,
       1,     167,      24,      16,       1,       3,       1,     10.0000,      1.3865,     42.3899,    244.8906,     61.6301,      3.4953,      0.1879,      0.1557,     83.9348,      0.1740,      5.4995,     10.9990,      1.5379,     27.9222,     55.8445,      0.0189,      0.0042,      0.2459,      0.1967,   7567.7744,-515114.3125,   -957.1264,    536.5072,  25225.9121,
       1,     167,      24,      17,       1,       3,       1,     10.0000,      1.3865,     42.3899,    244.8906,     61.6301,      3.4953,      0.1779,      0.1461,     97.5072,      0.1628,      5.4995,     10.9990,      1.4384,     27.9222,     55.8445,      0.0189,      0.0053,      0.2295,      0.1967,   7567.7739,-533186.4375,   -960.9394,    535.2971,  25225.9160,
       1,     167,      24,      18,       1,       3,       1,     10.0000,      1.3865,     42.3899,    244.8906,     61.6301,      3.4953,      0.1258,      0.0938,     71.3378,      0.1644,      5.4995,     10.9990,      1.4529,     27.9222,     55.8445,      0.0189,      0.0057,      0.1557,      0.1966,   7567.7749,-552278.6875,   -965.0363,    534.0209,  25225.9141,
       1,     167,      24,      19,       1,       3,       1,     10.0000,      1.3865,     42.3899,    244.8906,     61.6301,      3.4953,      0.0634,      0.0317,     32.8827,      0.1591,      5.4995,     10.9990,      1.4056,     27.9222,     55.8445,      0.0189,      0.0060,      0.0684,      0.1966,   7567.7744,-520157.5312,   -958.9365,    536.1666,  25225.9160,
       1,     167,      24,      20,       1,       3,       1,     10.0000,      1.3865,     42.3899,    244.8906,     61.6301,      3.4953,      0.0114,     -0.0202,      6.8132,      0.1531,      5.4995,     10.9990,      1.3531,     27.9222,     55.8445,      0.0189,      0.0054,      0.0156,      0.1966,   7567.7749,-467752.2812,   -948.6066,    539.6831,  25225.9141,
       1,     167,      24,      21,       1,       3,       1,     10.0000,      1.3865,     42.3899,    244.8906,     61.6301,      3.4953,      0.0000,     -0.0313,      5.5674,      0.1463,      5.4995,     10.9990,      1.2932,     27.9222,     55.8445,      0.0189,      0.0044,      0.0156,      0.1967,   7567.7744,-429608.3438,   -940.9546,    542.2678,  25225.9160,
       1,     167,      24,      22,       1,       3,       1,     10.0000,      1.3865,     42.3899,    244.8906,     61.6301,      3.4953,      0.0000,     -0.0312,      4.6623,      0.1439,      5.4995,     10.9990,      1.2712,     27.9222,     55.8445,      0.0189,      0.0037,      0.0156,      0.1967,   7567.7749,-424678.0000,   -939.9002,    542.6082,  25225.9141,
       1,     167,      24,      23,       1,       3,       1,     10.0000,      1.3865,     42.3899,    244.8906,     61.6301,      3.4953,      0.0000,     -0.0311,      4.3690,      0.1396,      5.4995,     10.9990,      1.2333,     27.9222,     55.8445,      0.0189,      0.0035,      0.0156,      0.1967,   7567.7744,-423073.4688,   -939.5208,    542.7172,  25225.9141,
       1,     167,      24,      24,       1,       3,       1,     10.0000,      1.3865,     42.3899,    244.8906,     61.6301,      3.4953,      0.0000,     -0.0309,      4.1072,      0.1357,      5.4995,     10.9990,      1.1988,     27.9222,     55.8445,      0.0189,      0.0033,      0.0156,      0.1967,   7567.7744,-422555.2500,   -939.3594,    542.7524,  25225.9141,
       1,     167,      25,       1,       1,       3,       1,     10.0000,      1.3865,     42.3903,    244.8964,     61.6315,      3.4953,      0.0000,     -0.0308,      3.6858,      0.1327,      5.5005,     11.0011,      1.1724,     27.9263,     55.8526,      0.0189,      0.0029,      0.0156,      0.1968,   7567.7744,-422327.2188,   -939.5505,    542.7808,  25227.0391,
       1,     167,      25,       2,       1,       3,       1,     10.0000,      1.3865,     42.3903,    244.8964,     61.6315,      3.4953,      0.0000,     -0.0307,      3.0129,      0.1296,      5.5005,     11.0011,      1.1454,     27.9263,     55.8526,      0.0189,      0.0024,      0.0156,      0.1968,   7568.1118,-421612.1250,   -939.0719,    542.8292,  25227.0391,
       1,     167,      25,       3,       1,       3,       1,     10.0000,      1.3865,     42.3903,    244.8964,     61.6315,      3.4953,      0.0000,     -0.0307,      2.9305,      0.1290,      5.5005,     11.0011,      1.1396,     27.9263,     55.8526,      0.0189,      0.0023,      0.0156,      0.1968,   7568.1118,-420682.8750,   -938.8469,    542.8923,  25227.0391,
       1,     167,      25,       4,       1,       3,       1,     10.0000,      1.3865,     42.3903,    244.8964,     61.6315,      3.4953,      0.0000,     -0.0306,      2.9454,      0.1275,      5.5005,     11.0011,      1.1269,     27.9263,     55.8526,      0.0189,      0.0024,      0.0156,      0.1968,   7568.1118,-420495.3750,   -938.7716,    542.9050,  25227.0391,
       1,     167,      25,       5,       1,       3,       1,     10.0000,      1.3865,     42.3903,    244.8964,     61.6315,      3.4953,      0.0000,     -0.0306,      2.7651,      0.1270,      5.5005,     11.0011,      1.1223,     27.9263,     55.8526,      0.0189,      0.0022,      0.0156,      0.1968,   7568.1118,-420498.1250,   -938.7338,    542.9048,  25227.0410,
       1,     167,      25,       6,       1,       3,       1,     10.0000,      1.3865,     42.3903,    244.8964,     61.6315,      3.4953,      0.0000,     -0.0306,      2.4788,      0.1264,      5.5005,     11.0011,      1.1166,     27.9263,     55.8526,      0.0189,      0.0020,      0.0156,      0.1968,   7568.1128,-420265.7812,   -938.6505,    542.9205,  25227.0371,
       1,     167,      25,       7,       1,       3,       1,     10.0000,      1.3865,     42.3903,    244.8964,     61.6315,      3.4953,      0.0000,     -0.0306,      2.2780,      0.1264,      5.5005,     11.0011,      1.1166,     27.9263,     55.8526,      0.0189,      0.0018,      0.0156,      0.1968,   7568.1113,-419877.2188,   -938.5418,    542.9470,  25227.0391,
       1,     167,      25,       8,       1,       3,       1,     10.0000,      1.3865,     42.3903,    244.8964,     61.6315,      3.4953,      0.0005,     -0.0301,      2.3179,      0.1261,      5.5005,     11.0011,      1.1144,     27.9263,     55.8526,      0.0189,      0.0018,      0.0156,      0.1968,   7568.1118,-419584.4375,   -938.4536,    542.9669,  25227.0391,
       1,     167,      25,       9,       1,       3,       1,     10.0000,      1.3865,     42.3903,    244.8964,     61.6315,      3.4953,      0.0633,      0.0326,      9.7683,      0.1303,      5.5005,     11.0011,      1.1512,     27.9263,     55.8526,      0.0189,      0.0017,      0.0718,      0.1968,   7568.1118,-419610.1250,   -938.4287,    542.9651,  25227.0391,
       1,     167,      25,      10,       1,       3,       1,     10.0000,      1.3865,     42.3903,    244.8964,     61.6315,      3.4953,      0.1586,      0.1272,     35.7360,      0.1496,      5.5005,     11.0011,      1.3222,     27.9263,     55.8526,      0.0189,      0.0021,      0.2082,      0.1968,   7568.1118,-429210.3438,   -940.3353,    542.3135,  25227.0391,
       1,     167,      25,      11,       1,       3,       1,     10.0000,      1.3865,     42.3903,    244.8964,     61.6315,      3.4953,      0.1874,      0.1555,     50.1610,      0.1648,      5.5005,     11.0011,      1.4558,     27.9263,     55.8526,      0.0189,      0.0025,      0.2490,      0.1968,   7568.1118,-463508.0625,   -947.2227,    539.9890,  25227.0391,
       1,     167,      25,      12,       1,       3,       1,     10.0000,      1.3865,     42.3903,    244.8964,     61.6315,      3.4953,      0.1884,      0.1559,     55.2811,      0.1804,      5.5005,     11.0011,      1.5940,     27.9263,     55.8526,      0.0189,      0.0028,      0.2500,      0.1967,   7568.1118,-485112.5000,   -951.6085,    538.5355,  25227.0391,
       1,     167,      25,      13,       1,       3,       1,     10.0000,      1.3865,     42.3903,    244.8964,     61.6315,      3.4953,      0.1884,      0.1557,     55.8600,      0.1888,      5.5005,     11.0011,      1.6684,     27.9263,     55.8526,      0.0189,      0.0028,      0.2500,      0.1967,   7568.1118,-493598.5312,   -953.3841,    537.9663,  25227.0371,
       1,     167,      25,      14,       1,       3,       1,     10.0000,      1.3865,     42.3903,    244.8964,     61.6315,      3.4953,      0.1885,      0.1558,     58.0800,      0.1890,      5.5005,     11.0011,      1.6701,     27.9263,     55.8526,      0.0189,      0.0029,      0.2500,      0.1967,   7568.1113,-495082.9688,   -953.7466,    537.8668,  25227.0391,
       1,     167,      25,      15,       1,       3,       1,     10.0000,      1.3865,     42.3903,    244.8964,     61.6315,      3.4953,      0.1904,      0.1579,     80.8251,      0.1806,      5.5005,     11.0011,      1.5956,     27.9263,     55.8526,      0.0189,      0.0040,      0.2500,      0.1967,   7568.1118,-498074.8750,   -954.4276,    537.6656,  25227.0391,
       1,     167,      25,      16,       1,       3,       1,     10.0000,      1.3865,     42.3903,    244.8964,     61.6315,      3.4953,      0.1920,      0.1596,    101.1204,      0.1799,      5.5005,     11.0011,      1.5892,     27.9263,     55.8526,      0.0189,      0.0050,      0.2500,      0.1967,   7568.1118,-527671.5625,   -960.5026,    535.6765,  25227.0391,
       1,     167,      25,      17,       1,       3,       1,     10.0000,      1.3865,     42.3903,    244.8964,     61.6315,      3.4953,      0.1911,      0.1589,    119.7370,      0.1727,      5.5005,     11.0011,      1.5257,     27.9263,     55.8526,      0.0189,      0.0060,      0.2464,      0.1967,   7568.1118,-556449.6875,   -966.5350,    533.7532,  25227.0410,
       1,     167,      25,      18,       1,       3,       1,     10.0000,      1.3865,     42.3903,    244.8964,     61.6315,      3.4953,      0.1733,      0.1413,    109.1014,      0.1664,      5.5005,     11.0011,      1.4704,     27.9263,     55.8526,      0.0189,      0.0061,      0.2214,      0.1966,   7568.1128,-582995.2500,   -972.2529,    531.9856,  25227.0391,
       1,     167,      25,      19,       1,       3,       1,     10.0000,      1.3865,     42.3903,    244.8964,     61.6315,      3.4953,      0.1246,      0.0928,     73.6556,      0.1607,      5.5005,     11.0011,      1.4198,     27.9263,     55.8526,      0.0189,      0.0060,      0.1538,      0.1966,   7568.1118,-571574.6250,   -970.3629,    532.7480,  25227.0371,
       1,     167,      25,      20,       1,       3,       1,     10.0000,      1.3865,     42.3903,    244.8964,     61.6315,      3.4953,      0.0148,     -0.0167,      0.3931,      0.1527,      5.5005,     11.0011,      1.3490,     27.9263,     55.8526,      0.0189,      0.0052,      0.0009,      0.1966,   7568.1113,-524806.0000,   -961.2169,    535.8630,  25227.0391,
       1,     167,      25,      21,       1,       3,       1,     10.0000,      1.3865,     42.3903,    244.8964,     61.6315,      3.4953,      0.0000,     -0.0314,      5.9541,      0.1486,      5.5005,     11.0011,      1.3129,     27.9263,     55.8526,      0.0189,      0.0048,      0.0156,      0.1967,   7568.1118,-426234.2500,   -941.2624,    542.4747,  25227.0391,
       1,     167,      25,      22,       1,       3,       1,     10.0000,      1.3865,     42.3903,    244.8964,     61.6315,      3.4953,      0.0000,     -0.0312,      5.3689,      0.1443,      5.5005,     11.0011,      1.2751,     27.9263,     55.8526,      0.0189,      0.0043,      0.0156,      0.1968,   7568.1118,-424928.7500,   -940.9232,    542.6042,  25227.0391,
       1,     167,      25,      23,       1,       3,       1,     10.0000,      1.3865,     42.3903,    244.8964,     61.6315,      3.4953,      0.0000,     -0.0311,      4.7876,      0.1404,      5.5005,     11.0011,      1.2408,     27.9263,     55.8526,      0.0189,      0.0038,      0.0156,      0.1968,   7568.1118,-424007.9062,   -940.6703,    542.6667,  25227.0391,
       1,     167,      25,      24,       1,       3,       1,     10.0000,      1.3865,     42.3903,    244.8964,     61.6315,      3.4953,      0.0000,     -0.0309,      4.4210,      0.1366,      5.5005,     11.0011,      1.2074,     27.9263,     55.8526,      0.0189,      0.0035,      0.0156,      0.1968,   7568.1118,-423178.5312,   -940.4439,    542.7230,  25227.0391,
       1,     167,      26,       1,       1,       3,       1,     10.0000,      1.3865,     42.3906,    244.9021,     61.6329,      3.4953,      0.0000,     -0.0309,      3.9253,      0.1350,      5.4998,     10.9995,      1.1928,     27.9336,     55.8672,      0.0189,      0.0031,      0.0156,      0.1968,   7568.1118,-422788.3125,   -940.6071,    542.7621,  25228.1699,
       1,     167,      26,       2,       1,       3,       1,     10.0000,      1.3865,     42.3906,    244.9021,     61.6329,      3.4953,      0.0000,     -0.0310,      3.8128,      0.1375,      5.4998,     10.9995,      1.2148,     27.9336,     55.8672,      0.0189,      0.0030,      0.0156,      0.1968,   7568.4512,-421963.0000,   -940.0983,    542.8181,  25228.1680,
       1,     167,      26,       3,       1,       3,       1,     10.0000,      1.3865,     42.3906,    244.9021,     61.6329,      3.4953,      0.0000,     -0.0310,      3.6007,      0.1383,      5.4998,     10.9995,      1.2222,     27.9336,     55.8672,      0.0189,      0.0029,      0.0156,      0.1968,   7568.4507,-421746.0938,   -940.0102,    542.8328,  25228.1660,
       1,     167,      26,       4,       1,       3,       1,     10.0000,      1.3865,     42.3906,    244.9021,     61.6329,      3.4953,      0.0000,     -0.0310,      3.3573,      0.1368,      5.4998,     10.9995,      1.2086,     27.9336,     55.8672,      0.0189,      0.0027,      0.0156,      0.1968,   7568.4502,-421454.2812,   -939.9105,    542.8526,  25228.1680,
       1,     167,      26,       5,       1,       3,       1,     10.0000,      1.3865,     42.3906,    244.9021,     61.6329,      3.4953,      0.0000,     -0.0308,      3.1902,      0.1340,      5.4998,     10.9995,      1.1844,     27.9336,     55.8672,      0.0189,      0.0025,      0.0156,      0.1968,   7568.4507,-421114.9375,   -939.8033,    542.8756,  25228.1660,
       1,     167,      26,       6,       1,       3,       1,     10.0000,      1.3865,     42.3906,    244.9021,     61.6329,      3.4953,      0.0000,     -0.0308,      3.1129,      0.1327,      5.4998,     10.9995,      1.1725,     27.9336,     55.8672,      0.0189,      0.0025,      0.0156,      0.1968,   7568.4502,-420870.3750,   -939.7194,    542.8922,  25228.1660,
       1,     167,      26,       7,       1,       3,       1,     10.0000,      1.3865,     42.3906,    244.9021,     61.6329,      3.4953,      0.0000,     -0.0308,      3.4094,      0.1319,      5.4998,     10.9995,      1.1654,     27.9336,     55.8672,      0.0189,      0.0027,      0.0156,      0.1968,   7568.4502,-420749.4062,   -939.6609,    542.9005,  25228.1660,
       1,     167,      26,       8,       1,       3,       1,     10.0000,      1.3865,     42.3906,    244.9021,     61.6329,      3.4953,      0.0006,     -0.0303,      3.5204,      0.1350,      5.4998,     10.9995,      1.1928,     27.9336,     55.8672,      0.0189,      0.0028,      0.0156,      0.1968,   7568.4502,-421120.7188,   -939.6993,    542.8753,  25228.1660,
       1,     167,      26,       9,       1,       3,       1,     10.0000,      1.3865,     42.3906,    244.9021,     61.6329,      3.4953,      0.0492,      0.0182,     11.6592,      0.1378,      5.4998,     10.9995,      1.2172,     27.9336,     55.8672,      0.0189,      0.0029,      0.0507,      0.1968,   7568.4502,-421296.0000,   -939.6962,    542.8633,  25228.1641,
       1,     167,      26,      10,       1,       3,       1,     10.0000,      1.3865,     42.3906,    244.9021,     61.6329,      3.4953,      0.1308,      0.0996,     34.4226,      0.1440,      5.4998,     10.9995,      1.2726,     27.9336,     55.8672,      0.0189,      0.0026,      0.1676,      0.1968,   7568.4497,-431795.5000,   -941.8080,    542.1509,  25228.1660,
       1,     167,      26,      11,       1,       3,       1,     10.0000,      1.3865,     42.3906,    244.9021,     61.6329,      3.4953,      0.1834,      0.1514,     51.9898,      0.1643,      5.4998,     10.9995,      1.4515,     27.9336,     55.8672,      0.0189,      0.0027,      0.2428,      0.1968,   7568.4502,-462040.6250,   -947.9858,    540.1017,  25228.1660,
       1,     167,      26,      12,       1,       3,       1,     10.0000,      1.3865,     42.3906,    244.9021,     61.6329,      3.4953,      0.1885,      0.1563,     55.9354,      0.1723,      5.4998,     10.9995,      1.5227,     27.9336,     55.8672,      0.0189,      0.0028,      0.2500,      0.1968,   7568.4502,-487334.7812,   -953.2037,    538.3978,  25228.1660,
       1,     167,      26,      13,       1,       3,       1,     10.0000,      1.3865,     42.3906,    244.9021,     61.6329,      3.4953,      0.1893,      0.1568,     66.4711,      0.1804,      5.4998,     10.9995,      1.5940,     27.9336,     55.8672,      0.0189,      0.0033,      0.2500,      0.1967,   7568.4502,-494630.8438,   -954.7930,    537.9095,  25228.1680,
       1,     167,      26,      14,       1,       3,       1,     10.0000,      1.3865,     42.3906,    244.9021,     61.6329,      3.4953,      0.1894,      0.1567,     68.4070,      0.1873,      5.4998,     10.9995,      1.6553,     27.9336,     55.8672,      0.0189,      0.0034,      0.2500,      0.1967,   7568.4507,-508849.6875,   -957.8120,    536.9537,  25228.1660,
       1,     167,      26,      15,       1,       3,       1,     10.0000,      1.3865,     42.3906,    244.9021,     61.6329,      3.4953,      0.1889,      0.1562,     62.3908,      0.1881,      5.4998,     10.9995,      1.6619,     27.9336,     55.8672,      0.0189,      0.0031,      0.2500,      0.1967,   7568.4502,-512587.7188,   -958.7197,    536.7037,  25228.1660,
       1,     167,      26,      16,       1,       3,       1,     10.0000,      1.3865,     42.3906,    244.9021,     61.6329,      3.4953,      0.1918,      0.1592,     99.4970,      0.1868,      5.4998,     10.9995,      1.6504,     27.9336,     55.8672,      0.0189,      0.0050,      0.2500,      0.1967,   7568.4502,-505151.7500,   -957.3503,    537.2025,  25228.1680,
       1,     167,      26,      17,       1,       3,       1,     10.0000,      1.3865,     42.3906,    244.9021,     61.6329,      3.4953,      0.1918,      0.1593,    106.7908,      0.1817,      5.4998,     10.9995,      1.6051,     27.9336,     55.8672,      0.0189,      0.0053,      0.2490,      0.1967,   7568.4507,-552363.0625,   -967.2257,    534.0325,  25228.1641,
       1,     167,      26,      18,       1,       3,       1,     10.0000,      1.3865,     42.3906,    244.9021,     61.6329,      3.4953,      0.1761,      0.1439,    103.6324,      0.1728,      5.4998,     10.9995,      1.5273,     27.9336,     55.8672,      0.0189,      0.0057,      0.2262,      0.1967,   7568.4497,-565918.6875,   -970.3520,    533.1369,  25228.1641,
       1,     167,      26,      19,       1,       3,       1,     10.0000,      1.3865,     42.3906,    244.9021,     61.6329,      3.4953,      0.1112,      0.0793,     61.3998,      0.1651,      5.4998,     10.9995,      1.4587,     27.9336,     55.8672,      0.0189,      0.0056,      0.1354,      0.1966,   7568.4497,-563011.1250,   -970.1514,    533.3315,  25228.1641,
       1,     167,      26,      20,       1,       3,       1,     10.0000,      1.3865,     42.3906,    244.9021,     61.6329,      3.4953,      0.0098,     -0.0218,      7.0633,      0.1530,      5.4998,     10.9995,      1.3518,     27.9336,     55.8672,      0.0189,      0.0056,      0.0156,      0.1966,   7568.4497,-508234.5000,   -959.2050,    536.9832,  25228.1641,
       1,     167,      26,      21,       1,       3,       1,     10.0000,      1.3865,     42.3906,    244.9021,     61.6329,      3.4953,      0.0000,     -0.0314,      7.0102,      0.1478,      5.4998,     10.9995,      1.3063,     27.9336,     55.8672,      0.0189,      0.0056,      0.0156,      0.1967,   7568.4497,-433426.5000,   -943.8692,    542.0171,  25228.1641,
       1,     167,      26,      22,       1,       3,       1,     10.0000,      1.3865,     42.3906,    244.9021,     61.6329,      3.4953,      0.0000,     -0.0313,      7.0267,      0.1464,      5.4998,     10.9995,      1.2932,     27.9336,     55.8672,      0.0189,      0.0056,      0.0156,      0.1968,   7568.4497,-426897.3438,   -942.4652,    542.4832,  25228.1660,
       1,     167,      26,      23,       1,       3,       1,     10.0000,      1.3865,     42.3906,    244.9021,     61.6329,      3.4953,      0.0000,     -0.0313,      6.4355,      0.1450,      5.4998,     10.9995,      1.2816,     27.9336,     55.8672,      0.0189,      0.0051,      0.0156,      0.1968,   7568.4502,-426318.0938,   -942.2849,    542.5227,  25228.1621,
       1,     167,      26,      24,       1,       3,       1,     10.0000,      1.3865,     42.3906,    244.9021,     61.6329,      3.4953,      0.0000,     -0.0312,      5.6381,      0.1424,      5.4998,     10.9995,      1.2585,     27.9336,     55.8672,      0.0189,      0.0045,      0.0156,      0.1968,   7568.4487,-425505.9062,   -942.0648,    542.5777,  25228.1641,
       1,     167,      27,       1,       1,       3,       1,     10.0000,      1.3866,     42.3909,    244.9079,     61.6344,      3.4953,      0.0000,     -0.0309,      4.5627,      0.1362,      5.5003,     11.0006,      1.2038,     27.9395,     55.8790,      0.0189,      0.0036,      0.0156,      0.1968,   7568.4497,-424561.8438,   -942.1236,    542.6545,  25229.2930,
       1,     167,      27,       2,       1,       3,       1,     10.0000,      1.3866,     42.3909,    244.9079,     61.6344,      3.4953,      0.0000,     -0.0307,      3.7748,      0.1294,      5.5003,     11.0006,      1.1431,     27.9395,     55.8790,      0.0189,      0.0030,      0.0156,      0.1968,   7568.7881,-422941.7500,   -941.9644,    542.7644,  25229.2891,
       1,     167,      27,       3,       1,       3,       1,     10.0000,      1.3866,     42.3909,    244.9079,     61.6344,      3.4953,      0.0000,     -0.0308,      3.6417,      0.1327,      5.5003,     11.0006,      1.1725,     27.9395,     55.8790,      0.0189,      0.0029,      0.0156,      0.1968,   7568.7871,-421785.7500,   -941.6937,    542.8428,  25229.2891,
       1,     167,      27,       4,       1,       3,       1,     10.0000,      1.3866,     42.3909,    244.9079,     61.6344,      3.4953,      0.0000,     -0.0308,      3.6885,      0.1327,      5.5003,     11.0006,      1.1725,     27.9395,     55.8790,      0.0189,      0.0029,      0.0156,      0.1968,   7568.7871,-421513.2812,   -941.6056,    542.8613,  25229.2891,
       1,     167,      27,       5,       1,       3,       1,     10.0000,      1.3866,     42.3909,    244.9079,     61.6344,      3.4953,      0.0000,     -0.0308,      3.3936,      0.1326,      5.5003,     11.0006,      1.1713,     27.9395,     55.8790,      0.0189,      0.0027,      0.0156,      0.1968,   7568.7871,-421549.6250,   -941.5818,    542.8588,  25229.2871,
       1,     167,      27,       6,       1,       3,       1,     10.0000,      1.3866,     42.3909,    244.9079,     61.6344,      3.4953,      0.0000,     -0.0306,      2.4759,      0.1269,      5.5003,     11.0006,      1.1213,     27.9395,     55.8790,      0.0189,      0.0020,      0.0156,      0.1968,   7568.7866,-421173.3438,   -942.0012,    542.8844,  25229.2891,
       1,     167,      27,       7,       1,       3,       1,     10.0000,      1.3866,     42.3909,    244.9079,     61.6344,      3.4953,      0.0000,     -0.0307,      2.1845,      0.1302,      5.5003,     11.0006,      1.1501,     27.9395,     55.8790,      0.0189,      0.0017,      0.0156,      0.1968,   7568.7871,-419958.2500,   -941.7281,    542.9668,  25229.2910,
       1,     167,      27,       8,       1,       3,       1,     10.0000,      1.3866,     42.3909,    244.9079,     61.6344,      3.4953,      0.0008,     -0.0300,      2.9231,      0.1310,      5.5003,     11.0006,      1.1571,     27.9395,     55.8790,      0.0189,      0.0023,      0.0156,      0.1968,   7568.7876,-419476.5625,   -941.6091,    542.9996,  25229.2891,
       1,     167,      27,       9,       1,       3,       1,     10.0000,      1.3866,     42.3909,    244.9079,     61.6344,      3.4953,      0.0736,      0.0428,     18.1773,      0.1338,      5.5003,     11.0006,      1.1820,     27.9395,     55.8790,      0.0189,      0.0026,      0.0858,      0.1968,   7568.7871,-420385.7500,   -941.7698,    542.9377,  25229.2891,
       1,     167,      27,      10,       1,       3,       1,     10.0000,      1.3866,     42.3909,    244.9079,     61.6344,      3.4953,      0.1597,      0.1284,     44.9339,      0.1475,      5.5003,     11.0006,      1.3037,     27.9395,     55.8790,      0.0189,      0.0027,      0.2088,      0.1968,   7568.7871,-440111.9375,   -945.8300,    541.5991,  25229.2891,
       1,     167,      27,      11,       1,       3,       1,     10.0000,      1.3866,     42.3909,    244.9079,     61.6344,      3.4953,      0.1775,      0.1456,     41.9994,      0.1631,      5.5003,     11.0006,      1.4414,     27.9395,     55.8790,      0.0189,      0.0022,      0.2353,      0.1968,   7568.7871,-476311.4688,   -953.3251,    539.1500,  25229.2891,
       1,     167,      27,      12,       1,       3,       1,     10.0000,      1.3866,     42.3909,    244.9079,     61.6344,      3.4953,      0.1872,      0.1555,     38.2187,      0.1583,      5.5003,     11.0006,      1.3987,     27.9395,     55.8790,      0.0189,      0.0019,      0.2500,      0.1968,   7568.7871,-475702.2500,   -953.2751,    539.1966,  25229.2910,
       1,     167,      27,      13,       1,       3,       1,     10.0000,      1.3866,     42.3909,    244.9079,     61.6344,      3.4953,      0.1880,      0.1566,     47.3442,      0.1493,      5.5003,     11.0006,      1.3196,     27.9395,     55.8790,      0.0189,      0.0024,      0.2500,      0.1968,   7568.7876,-470768.3438,   -952.3043,    539.5291,  25229.2891,
       1,     167,      27,      14,       1,       3,       1,     10.0000,      1.3866,     42.3909,    244.9079,     61.6344,      3.4953,      0.1888,      0.1564,     60.3589,      0.1788,      5.5003,     11.0006,      1.5799,     27.9395,     55.8790,      0.0189,      0.0030,      0.2500,      0.1968,   7568.7871,-482100.8438,   -955.1870,    538.7650,  25229.2910,
       1,     167,      27,      15,       1,       3,       1,     10.0000,      1.3866,     42.3909,    244.9079,     61.6344,      3.4953,      0.1894,      0.1567,     69.1857,      0.1894,      5.5003,     11.0006,      1.6735,     27.9395,     55.8790,      0.0189,      0.0034,      0.2500,      0.1968,   7568.7876,-499867.6250,   -958.9427,    537.5689,  25229.2891,
       1,     167,      27,      16,       1,       3,       1,     10.0000,      1.3866,     42.3909,    244.9079,     61.6344,      3.4953,      0.1908,      0.1581,     86.2784,      0.1862,      5.5003,     11.0006,      1.6455,     27.9395,     55.8790,      0.0189,      0.0043,      0.2500,      0.1967,   7568.7871,-512801.3438,   -961.7609,    536.7012,  25229.2871,
       1,     167,      27,      17,       1,       3,       1,     10.0000,      1.3866,     42.3909,    244.9079,     61.6344,      3.4953,      0.1822,      0.1498,     71.6476,      0.1791,      5.5003,     11.0006,      1.5830,     27.9395,     55.8790,      0.0189,      0.0037,      0.2389,      0.1967,   7568.7866,-535973.6250,   -966.7627,    535.1473,  25229.2871,
       1,     167,      27,      18,       1,       3,       1,     10.0000,      1.3866,     42.3909,    244.9079,     61.6344,      3.4953,      0.1439,      0.1118,     39.2005,      0.1693,      5.5003,     11.0006,      1.4957,     27.9395,     55.8790,      0.0189,      0.0026,      0.1862,      0.1967,   7568.7866,-519119.4375,   -963.5339,    536.2770,  25229.2871,
       1,     167,      27,      19,       1,       3,       1,     10.0000,      1.3866,     42.3909,    244.9079,     61.6344,      3.4953,      0.0633,      0.0314,     29.7669,      0.1628,      5.5003,     11.0006,      1.4385,     27.9395,     55.8790,      0.0189,      0.0054,      0.0684,      0.1967,   7568.7866,-475800.4688,   -954.7437,    539.1821,  25229.2871,
       1,     167,      27,      20,       1,       3,       1,     10.0000,      1.3866,     42.3909,    244.9079,     61.6344,      3.4953,      0.0111,     -0.0205,      7.6037,      0.1530,      5.5003,     11.0006,      1.3518,     27.9395,     55.8790,      0.0189,      0.0061,      0.0156,      0.1968,   7568.7866,-459892.9375,   -951.4920,    540.2621,  25229.2891,
       1,     167,      27,      21,       1,       3,       1,     10.0000,      1.3866,     42.3909,    244.9079,     61.6344,      3.4953,      0.0000,     -0.0313,      7.0326,      0.1449,      5.5003,     11.0006,      1.2803,     27.9395,     55.8790,      0.0189,      0.0056,      0.0156,      0.1968,   7568.7871,-429937.5625,   -945.2342,    542.2862,  25229.2891,
       1,     167,      27,      22,       1,       3,       1,     10.0000,      1.3866,     42.3909,    244.9079,     61.6344,      3.4953,      0.0000,     -0.0311,      6.4550,      0.1399,      5.5003,     11.0006,      1.2359,     27.9395,     55.8790,      0.0189,      0.0052,      0.0156,      0.1968,   7568.7871,-426597.8438,   -944.4813,    542.5163,  25229.2871,
       1,     167,      27,      23,       1,       3,       1,     10.0000,      1.3866,     42.3909,    244.9079,     61.6344,      3.4953,      0.0000,     -0.0310,      5.6945,      0.1379,      5.5003,     11.0006,      1.2185,     27.9395,     55.8790,      0.0189,      0.0045,      0.0156,      0.1968,   7568.7866,-425557.7500,   -944.2112,    542.5870,  25229.2871,
       1,     167,      27,      24,       1,       3,       1,     10.0000,      1.3866,     42.3909,    244.9079,     61.6344,      3.4953,      0.0000,     -0.0309,      5.1003,      0.1340,      5.5003,     11.0006,      1.1844,     27.9395,     55.8790,      0.0189,      0.0041,      0.0156,      0.1968,   7568.7866,-424487.0625,   -943.9412,    542.6595,  25229.2871,
       1,     167,      28,       1,       1,       3,       1,     10.0000,      1.3866,     42.3913,    244.9136,     61.6359,      3.4953,      0.0000,     -0.0309,      4.4328,      0.1342,      5.5006,     11.0011,      1.1857,     27.9443,     55.8886,      0.0189,      0.0035,      0.0156,      0.1968,   7568.7866,-423782.9375,   -944.0562,    542.7200,  25230.4180,
       1,     167,      28,       2,       1,       3,       1,     10.0000,      1.3866,     42.3913,    244.9136,     61.6359,      3.4953,      0.0000,     -0.0308,      3.7299,      0.1336,      5.5006,     11.0011,      1.1809,     27.9443,     55.8886,      0.0189,      0.0030,      0.0156,      0.1968,   7569.1255,-422708.9375,   -943.4968,    542.7928,  25230.4160,
       1,     167,      28,       3,       1,       3,       1,     10.0000,      1.3866,     42.3913,    244.9136,     61.6359,      3.4953,      0.0000,     -0.0307,      3.3099,      0.1304,      5.5006,     11.0011,      1.1525,     27.9443,     55.8886,      0.0189,      0.0026,      0.0156,      0.1968,   7569.1250,-421710.2188,   -943.2605,    542.8607,  25230.4160,
       1,     167,      28,       4,       1,       3,       1,     10.0000,      1.3866,     42.3913,    244.9136,     61.6359,      3.4953,      0.0000,     -0.0307,      3.0460,      0.1292,      5.5006,     11.0011,      1.1420,     27.9443,     55.8886,      0.0189,      0.0024,      0.0156,      0.1968,   7569.1250,-421081.7500,   -943.1046,    542.9033,  25230.4160,
       1,     167,      28,       5,       1,       3,       1,     10.0000,      1.3866,     42.3913,    244.9136,     61.6359,      3.4953,      0.0000,     -0.0306,      2.5910,      0.1269,      5.5006,     11.0011,      1.1213,     27.9443,     55.8886,      0.0189,      0.0021,      0.0156,      0.1968,   7569.1250,-420687.1250,   -942.9995,    542.9301,  25230.4160,
       1,     167,      28,       6,       1,       3,       1,     10.0000,      1.3866,     42.3913,    244.9136,     61.6359,      3.4953,      0.0000,     -0.0305,      2.4027,      0.1236,      5.5006,     11.0011,      1.0920,     27.9443,     55.8886,      0.0189,      0.0019,      0.0156,      0.1968,   7569.1250,-420066.6875,   -942.8517,    542.9722,  25230.4160,
       1,     167,      28,       7,       1,       3,       1,     10.0000,      1.3866,     42.3913,    244.9136,     61.6359,      3.4953,      0.0000,     -0.0304,      2.5444,      0.1222,      5.5006,     11.0011,      1.0798,     27.9443,     55.8886,      0.0189,      0.0020,      0.0156,      0.1968,   7569.1250,-419769.9062,   -942.7731,    542.9923,  25230.4160,
       1,     167,      28,       8,       1,       3,       1,     10.0000,      1.3866,     42.3913,    244.9136,     61.6359,      3.4953,      0.0007,     -0.0297,      2.5403,      0.1212,      5.5006,     11.0011,      1.0710,     27.9443,     55.8886,      0.0189,      0.0020,      0.0156,      0.1968,   7569.1250,-419926.6250,   -942.7874,    542.9818,  25230.4160,
       1,     167,      28,       9,       1,       3,       1,     10.0000,      1.3866,     42.3913,    244.9136,     61.6359,      3.4953,      0.0691,      0.0387,     12.6604,      0.1205,      5.5006,     11.0011,      1.0645,     27.9443,     55.8886,      0.0189,      0.0020,      0.0802,      0.1968,   7569.1250,-419934.8125,   -942.7707,    542.9812,  25230.4160,
       1,     167,      28,      10,       1,       3,       1,     10.0000,      1.3866,     42.3913,    244.9136,     61.6359,      3.4953,      0.1320,      0.1010,     26.7919,      0.1386,      5.5006,     11.0011,      1.2247,     27.9443,     55.8886,      0.0189,      0.0020,      0.1703,      0.1968,   7569.1250,-432967.9688,   -945.4780,    542.0965,  25230.4121,
       1,     167,      28,      11,       1,       3,       1,     10.0000,      1.3866,     42.3913,    244.9136,     61.6359,      3.4953,      0.1775,      0.1456,     42.1575,      0.1630,      5.5006,     11.0011,      1.4400,     27.9443,     55.8886,      0.0189,      0.0022,      0.2352,      0.1968,   7569.1240,-452311.5312,   -949.5224,    540.7865,  25230.4121,
       1,     167,      28,      12,       1,       3,       1,     10.0000,      1.3866,     42.3913,    244.9136,     61.6359,      3.4953,      0.1875,      0.1549,     43.5806,      0.1827,      5.5006,     11.0011,      1.6148,     27.9443,     55.8886,      0.0189,      0.0022,      0.2500,      0.1968,   7569.1240,-473801.1250,   -954.0364,    539.3354,  25230.4141,
       1,     167,      28,      13,       1,       3,       1,     10.0000,      1.3866,     42.3913,    244.9136,     61.6359,      3.4953,      0.1875,      0.1547,     44.7886,      0.1905,      5.5006,     11.0011,      1.6835,     27.9443,     55.8886,      0.0189,      0.0022,      0.2500,      0.1968,   7569.1245,-477513.0000,   -954.8733,    539.0871,  25230.4121,
       1,     167,      28,      14,       1,       3,       1,     10.0000,      1.3866,     42.3913,    244.9136,     61.6359,      3.4953,      0.1873,      0.1545,     43.0422,      0.1937,      5.5006,     11.0011,      1.7120,     27.9443,     55.8886,      0.0189,      0.0021,      0.2500,      0.1968,   7569.1240,-479391.4688,   -955.3503,    538.9606,  25230.4160,
       1,     167,      28,      15,       1,       3,       1,     10.0000,      1.3866,     42.3913,    244.9136,     61.6359,      3.4953,      0.1893,      0.1566,     68.2848,      0.1905,      5.5006,     11.0011,      1.6835,     27.9443,     55.8886,      0.0189,      0.0034,      0.2500,      0.1968,   7569.1250,-477303.5625,   -955.0059,    539.1014,  25230.4141,
       1,     167,      28,      16,       1,       3,       1,     10.0000,      1.3866,     42.3913,    244.9136,     61.6359,      3.4953,      0.1818,      0.1492,     94.5451,      0.1851,      5.5006,     11.0011,      1.6358,     27.9443,     55.8886,      0.0189,      0.0050,      0.2358,      0.1968,   7569.1245,-509656.5938,   -961.8805,    536.9211,  25230.4141,
       1,     167,      28,      17,       1,       3,       1,     10.0000,      1.3866,     42.3913,    244.9136,     61.6359,      3.4953,      0.1824,      0.1499,    127.5477,      0.1818,      5.5006,     11.0011,      1.6068,     27.9443,     55.8886,      0.0189,      0.0068,      0.2328,      0.1968,   7569.1245,-546352.8125,   -969.7883,    534.4627,  25230.4141,
       1,     167,      28,      18,       1,       3,       1,     10.0000,      1.3866,     42.3913,    244.9136,     61.6359,      3.4953,      0.1655,      0.1334,    111.0892,      0.1713,      5.5006,     11.0011,      1.5137,     27.9443,     55.8886,      0.0189,      0.0066,      0.2097,      0.1967,   7569.1245,-592143.3125,   -979.7516,    531.4091,  25230.4141,
       1,     167,      28,      19,       1,       3,       1,     10.0000,      1.3866,     42.3913,    244.9136,     61.6359,      3.4953,      0.0835,      0.0516,     47.0432,      0.1631,      5.5006,     11.0011,      1.4414,     27.9443,     55.8886,      0.0189,      0.0061,      0.0963,      0.1967,   7569.1245,-574897.4375,   -976.6523,    532.5634,  25230.4121,
       1,     167,      28,      20,       1,       3,       1,     10.0000,      1.3866,     42.3913,    244.9136,     61.6359,      3.4953,      0.0093,     -0.0222,      7.1591,      0.1518,      5.5006,     11.0011,      1.3410,     27.9443,     55.8886,      0.0189,      0.0057,      0.0156,      0.1967,   7569.1240,-490709.4688,   -959.3688,    538.1690,  25230.4141,
       1,     167,      28,      21,       1,       3,       1,     10.0000,      1.3866,     42.3913,    244.9136,     61.6359,      3.4953,      0.0000,     -0.0311,      6.6918,      0.1417,      5.5006,     11.0011,      1.2522,     27.9443,     55.8886,      0.0189,      0.0053,      0.0156,      0.1968,   7569.1245,-432067.3438,   -947.1223,    542.1436,  25230.4141,
       1,     167,      28,      22,       1,       3,       1,     10.0000,      1.3866,     42.3913,    244.9136,     61.6359,      3.4953,      0.0000,     -0.0311,      6.4303,      0.1411,      5.5006,     11.0011,      1.2472,     27.9443,     55.8886,      0.0189,      0.0051,      0.0156,      0.1968,   7569.1245,-426361.1562,   -945.8882,    542.5450,  25230.4141,
       1,     167,      28,      23,       1,       3,       1,     10.0000,      1.3866,     42.3913,    244.9136,     61.6359,      3.4953,      0.0000,     -0.0312,      5.9090,      0.1423,      5.5006,     11.0011,      1.2573,     27.9443,     55.8886,      0.0189,      0.0047,      0.0156,      0.1968,   7569.1245,-425507.3750,   -945.6729,    542.6030,  25230.4141,
       1,     167,      28,      24,       1,       3,       1,     10.0000,      1.3866,     42.3913,    244.9136,     61.6359,      3.4953,      0.0000,     -0.0311,      5.7887,      0.1413,      5.5006,     11.0011,      1.2484,     27.9443,     55.8886,      0.0189,      0.0046,      0.0156,      0.1968,   7569.1245,-424761.1250,   -945.4832,    542.6536,  25230.4121,
       1,     167,      29,       1,       1,       3,       1,     10.0000,      1.3866,     42.3916,    244.9194,     61.6373,      3.4953,      0.0000,     -0.0312,      4.7984,      0.1427,      5.5005,     11.0011,      1.2611,     27.9490,     55.8980,      0.0189,      0.0038,      0.0156,      0.1969,   7569.1240,-424695.8750,   -945.7438,    542.6708,  25231.5410,
       1,     167,      29,       2,       1,       3,       1,     10.0000,      1.3866,     42.3916,    244.9194,     61.6373,      3.4953,      0.0000,     -0.0310,      3.5827,      0.1387,      5.5005,     11.0011,      1.2260,     27.9490,     55.8980,      0.0189,      0.0029,      0.0156,      0.1969,   7569.4624,-423262.5312,   -945.1143,    542.7681,  25231.5410,
       1,     167,      29,       3,       1,       3,       1,     10.0000,      1.3866,     42.3916,    244.9194,     61.6373,      3.4953,      0.0000,     -0.0310,      3.3519,      0.1392,      5.5005,     11.0011,      1.2297,     27.9490,     55.8980,      0.0189,      0.0027,      0.0156,      0.1969,   7569.4624,-421571.8750,   -944.7407,    542.8828,  25231.5410,
       1,     167,      29,       4,       1,       3,       1,     10.0000,      1.3866,     42.3916,    244.9194,     61.6373,      3.4953,      0.0000,     -0.0310,      3.3047,      0.1379,      5.5005,     11.0011,      1.2186,     27.9490,     55.8980,      0.0189,      0.0026,      0.0156,      0.1969,   7569.4624,-421126.9375,   -944.6304,    542.9130,  25231.5430,
       1,     167,      29,       5,       1,       3,       1,     10.0000,      1.3866,     42.3916,    244.9194,     61.6373,      3.4953,      0.0000,     -0.0310,      3.6471,      0.1376,      5.5005,     11.0011,      1.2161,     27.9490,     55.8980,      0.0189,      0.0029,      0.0156,      0.1969,   7569.4634,-421026.7812,   -944.5922,    542.9197,  25231.5410,
       1,     167,      29,       6,       1,       3,       1,     10.0000,      1.3866,     42.3916,    244.9194,     61.6373,      3.4953,      0.0000,     -0.0310,      3.5930,      0.1386,      5.5005,     11.0011,      1.2247,     27.9490,     55.8980,      0.0189,      0.0029,      0.0156,      0.1969,   7569.4624,-421459.5000,   -944.6659,    542.8904,  25231.5410,
       1,     167,      29,       7,       1,       3,       1,     10.0000,      1.3866,     42.3916,    244.9194,     61.6373,      3.4953,      0.0000,     -0.0308,      2.9026,      0.1336,      5.5005,     11.0011,      1.1809,     27.9490,     55.8980,      0.0189,      0.0023,      0.0156,      0.1969,   7569.4624,-421427.5938,   -944.6415,    542.8926,  25231.5410,
       1,     167,      29,       8,       1,       3,       1,     10.0000,      1.3866,     42.3916,    244.9194,     61.6373,      3.4953,      0.0007,     -0.0298,      2.8079,      0.1237,      5.5005,     11.0011,      1.0931,     27.9490,     55.8980,      0.0189,      0.0022,      0.0156,      0.1969,   7569.4624,-420535.8750,   -944.8520,    542.9531,  25231.5410,
       1,     167,      29,       9,       1,       3,       1,     10.0000,      1.3866,     42.3916,    244.9194,     61.6373,      3.4953,      0.0681,      0.0376,     14.6089,      0.1250,      5.5005,     11.0011,      1.1043,     27.9490,     55.8980,      0.0189,      0.0023,      0.0784,      0.1969,   7569.4624,-420335.9062,   -945.2333,    542.9667,  25231.5430,
       1,     167,      29,      10,       1,       3,       1,     10.0000,      1.3866,     42.3916,    244.9194,     61.6373,      3.4953,      0.1622,      0.1308,     47.6174,      0.1465,      5.5005,     11.0011,      1.2946,     27.9490,     55.8980,      0.0189,      0.0028,      0.2120,      0.1969,   7569.4634,-435513.3438,   -948.4178,    541.9366,  25231.5410,
       1,     167,      29,      11,       1,       3,       1,     10.0000,      1.3866,     42.3916,    244.9194,     61.6373,      3.4953,      0.1882,      0.1563,     58.8909,      0.1651,      5.5005,     11.0011,      1.4588,     27.9490,     55.8980,      0.0189,      0.0029,      0.2491,      0.1969,   7569.4624,-479355.0625,   -957.6686,    538.9677,  25231.5410,
       1,     167,      29,      12,       1,       3,       1,     10.0000,      1.3866,     42.3916,    244.9194,     61.6373,      3.4953,      0.1880,      0.1554,     50.0024,      0.1846,      5.5005,     11.0011,      1.6310,     27.9490,     55.8980,      0.0189,      0.0025,      0.2500,      0.1968,   7569.4624,-497732.5312,   -961.6343,    537.7376,  25231.5410,
       1,     167,      29,      13,       1,       3,       1,     10.0000,      1.3866,     42.3916,    244.9194,     61.6373,      3.4953,      0.1872,      0.1544,     41.5476,      0.1917,      5.5005,     11.0011,      1.6935,     27.9490,     55.8980,      0.0189,      0.0021,      0.2500,      0.1968,   7569.4624,-487868.7812,   -959.6971,    538.4020,  25231.5410,
       1,     167,      29,      14,       1,       3,       1,     10.0000,      1.3866,     42.3916,    244.9194,     61.6373,      3.4953,      0.1881,      0.1551,     52.7782,      0.1972,      5.5005,     11.0011,      1.7428,     27.9490,     55.8980,      0.0189,      0.0026,      0.2500,      0.1968,   7569.4624,-476111.6562,   -957.3066,    539.1937,  25231.5410,
       1,     167,      29,      15,       1,       3,       1,     10.0000,      1.3866,     42.3916,    244.9194,     61.6373,      3.4953,      0.1903,      0.1574,     80.8742,      0.1959,      5.5005,     11.0011,      1.7308,     27.9490,     55.8980,      0.0189,      0.0040,      0.2500,      0.1968,   7569.4624,-489561.6875,   -960.2089,    538.2877,  25231.5410,
       1,     167,      29,      16,       1,       3,       1,     10.0000,      1.3866,     42.3916,    244.9194,     61.6373,      3.4953,      0.1921,      0.1592,    103.7000,      0.1932,      5.5005,     11.0011,      1.7070,     27.9490,     55.8980,      0.0189,      0.0052,      0.2500,      0.1968,   7569.4624,-526950.4375,   -968.2319,    535.7728,  25231.5410,
       1,     167,      29,      17,       1,       3,       1,     10.0000,      1.3866,     42.3916,    244.9194,     61.6373,      3.4953,      0.1866,      0.1539,    131.5266,      0.1896,      5.5005,     11.0011,      1.6752,     27.9490,     55.8980,      0.0189,      0.0069,      0.2387,      0.1968,   7569.4624,-559663.1250,   -975.4182,    533.5879,  25231.5391,
       1,     167,      29,      18,       1,       3,       1,     10.0000,      1.3866,     42.3916,    244.9194,     61.6373,      3.4953,      0.1655,      0.1331,    110.5631,      0.1774,      5.5005,     11.0011,      1.5674,     27.9490,     55.8980,      0.0189,      0.0066,      0.2097,      0.1967,   7569.4619,-598425.8750,   -984.0409,    531.0069,  25231.5410,
       1,     167,      29,      19,       1,       3,       1,     10.0000,      1.3866,     42.3916,    244.9194,     61.6373,      3.4953,      0.1059,      0.0739,     62.5820,      0.1693,      5.5005,     11.0011,      1.4957,     27.9490,     55.8980,      0.0189,      0.0061,      0.1274,      0.1967,   7569.4624,-574743.9375,   -979.5685,    532.5850,  25231.5391,
       1,     167,      29,      20,       1,       3,       1,     10.0000,      1.3866,     42.3916,    244.9194,     61.6373,      3.4953,      0.0111,     -0.0205,      7.1842,      0.1566,      5.5005,     11.0011,      1.3834,     27.9490,     55.8980,      0.0189,      0.0057,      0.0156,      0.1967,   7569.4619,-510749.8750,   -966.4145,    536.8477,  25231.5371,
       1,     167,      29,      21,       1,       3,       1,     10.0000,      1.3866,     42.3916,    244.9194,     61.6373,      3.4953,      0.0000,     -0.0313,      7.2607,      0.1455,      5.5005,     11.0011,      1.2855,     27.9490,     55.8980,      0.0189,      0.0058,      0.0156,      0.1968,   7569.4614,-433808.5938,   -950.2160,    542.0280,  25231.5391,
       1,     167,      29,      22,       1,       3,       1,     10.0000,      1.3866,     42.3916,    244.9194,     61.6373,      3.4953,      0.0000,     -0.0311,      7.5039,      0.1404,      5.5005,     11.0011,      1.2409,     27.9490,     55.8980,      0.0189,      0.0060,      0.0156,      0.1969,   7569.4619,-427261.3438,   -948.7954,    542.4966,  25231.5352,
       1,     167,      29,      23,       1,       3,       1,     10.0000,      1.3866,     42.3916,    244.9194,     61.6373,      3.4953,      0.0000,     -0.0309,      7.2979,      0.1356,      5.5005,     11.0011,      1.1978,     27.9490,     55.8980,      0.0189,      0.0058,      0.0156,      0.1969,   7569.4609,-426971.4375,   -948.6992,    542.5165,  25231.5371,
       1,     167,      29,      24,       1,       3,       1,     10.0000,      1.3866,     42.3916,    244.9194,     61.6373,      3.4953,      0.0000,     -0.0309,      6.9559,      0.1362,      5.5005,     11.0011,      1.2038,     27.9490,     55.8980,      0.0189,      0.0056,      0.0156,      0.1969,   7569.4614,-426680.2812,   -948.6035,    542.5363,  25231.5371,
       1,     167,      30,       1,       1,       3,       1,     10.0000,      1.3866,     42.3919,    244.9252,     61.6387,      3.4953,      0.0000,     -0.0309,      5.3561,      0.1353,      5.5005,     11.0010,      1.1954,     27.9556,     55.9112,      0.0189,      0.0043,      0.0156,      0.1969,   7569.4614,-426368.9375,   -948.8154,    542.5699,  25232.6660,
       1,     167,      30,       2,       1,       3,       1,     10.0000,      1.3866,     42.3919,    244.9252,     61.6387,      3.4953,      0.0000,     -0.0310,      4.2798,      0.1372,      5.5005,     11.0010,      1.2124,     27.9556,     55.9112,      0.0189,      0.0034,      0.0156,      0.1969,   7569.8003,-424129.4688,   -948.0111,    542.7219,  25232.6680,
       1,     167,      30,       3,       1,       3,       1,     10.0000,      1.3866,     42.3919,    244.9252,     61.6387,      3.4953,      0.0000,     -0.0310,      4.8649,      0.1386,      5.5005,     11.0010,      1.2248,     27.9556,     55.9112,      0.0189,      0.0039,      0.0156,      0.1969,   7569.8008,-422547.8438,   -947.6572,    542.8292,  25232.6680,
       1,     167,      30,       4,       1,       3,       1,     10.0000,      1.3866,     42.3919,    244.9252,     61.6387,      3.4953,      0.0000,     -0.0309,      4.5942,      0.1358,      5.5005,     11.0010,      1.2002,     27.9556,     55.9112,      0.0189,      0.0037,      0.0156,      0.1969,   7569.8008,-423162.9062,   -947.7673,    542.7875,  25232.6660,
       1,     167,      30,       5,       1,       3,       1,     10.0000,      1.3866,     42.3919,    244.9252,     61.6387,      3.4953,      0.0000,     -0.0310,      4.6017,      0.1375,      5.5005,     11.0010,      1.2149,     27.9556,     55.9112,      0.0189,      0.0037,      0.0156,      0.1969,   7569.8003,-422868.2188,   -947.6862,    542.8074,  25232.6680,
       1,     167,      30,       6,       1,       3,       1,     10.0000,      1.3866,     42.3919,    244.9252,     61.6387,      3.4953,      0.0000,     -0.0309,      4.2670,      0.1356,      5.5005,     11.0010,      1.1978,     27.9556,     55.9112,      0.0189,      0.0034,      0.0156,      0.1969,   7569.8008,-422852.0625,   -947.6638,    542.8085,  25232.6699,
       1,     167,      30,       7,       1,       3,       1,     10.0000,      1.3866,     42.3919,    244.9252,     61.6387,      3.4953,      0.0000,     -0.0309,      4.4332,      0.1353,      5.5005,     11.0010,      1.1954,     27.9556,     55.9112,      0.0189,      0.0035,      0.0156,      0.1969,   7569.8013,-422419.5625,   -947.5544,    542.8379,  25232.6680,
       1,     167,      30,       8,       1,       3,       1,     10.0000,      1.3866,     42.3919,    244.9252,     61.6387,      3.4953,      0.0005,     -0.0304,      4.3149,      0.1334,      5.5005,     11.0010,      1.1785,     27.9556,     55.9112,      0.0189,      0.0034,      0.0156,      0.1969,   7569.8008,-422595.9375,   -947.5745,    542.8259,  25232.6680,
       1,     167,      30,       9,       1,       3,       1,     10.0000,      1.3866,     42.3919,    244.9252,     61.6387,      3.4953,      0.0499,      0.0191,     13.1353,      0.1327,      5.5005,     11.0010,      1.1726,     27.9556,     55.9112,      0.0189,      0.0032,      0.0517,      0.1969,   7569.8008,-422459.0000,   -947.5282,    542.8353,  25232.6680,
       1,     167,      30,      10,       1,       3,       1,     10.0000,      1.3866,     42.3919,    244.9252,     61.6387,      3.4953,      0.1393,      0.1077,     47.5889,      0.1521,      5.5005,     11.0010,      1.3438,     27.9556,     55.9112,      0.0189,      0.0033,      0.1784,      0.1969,   7569.8008,-433803.3125,   -949.9362,    542.0655,  25232.6699,
       1,     167,      30,      11,       1,       3,       1,     10.0000,      1.3866,     42.3919,    244.9252,     61.6387,      3.4953,      0.1577,      0.1257,     55.0813,      0.1666,      5.5005,     11.0010,      1.4721,     27.9556,     55.9112,      0.0189,      0.0033,      0.2047,      0.1969,   7569.8013,-479162.8438,   -959.6252,    538.9926,  25232.6660,
       1,     167,      30,      12,       1,       3,       1,     10.0000,      1.3866,     42.3919,    244.9252,     61.6387,      3.4953,      0.1532,      0.1206,     53.7795,      0.1838,      5.5005,     11.0010,      1.6245,     27.9556,     55.9112,      0.0189,      0.0034,      0.1981,      0.1968,   7569.8003,-492801.1250,   -962.6517,    538.0824,  25232.6660,
       1,     167,      30,      13,       1,       3,       1,     10.0000,      1.3866,     42.3919,    244.9252,     61.6387,      3.4953,      0.1897,      0.1569,     72.8682,      0.1907,      5.5005,     11.0010,      1.6852,     27.9556,     55.9112,      0.0189,      0.0036,      0.2500,      0.1968,   7569.8003,-492302.3125,   -962.7079,    538.1166,  25232.6660,
       1,     167,      30,      14,       1,       3,       1,     10.0000,      1.3866,     42.3919,    244.9252,     61.6387,      3.4953,      0.1894,      0.1565,     69.8626,      0.1965,      5.5005,     11.0010,      1.7360,     27.9556,     55.9112,      0.0189,      0.0035,      0.2500,      0.1968,   7569.8003,-516861.0938,   -968.0964,    536.4647,  25232.6660,
       1,     167,      30,      15,       1,       3,       1,     10.0000,      1.3866,     42.3919,    244.9252,     61.6387,      3.4953,      0.1907,      0.1577,     86.7876,      0.1984,      5.5005,     11.0010,      1.7532,     27.9556,     55.9112,      0.0189,      0.0043,      0.2500,      0.1968,   7569.8003,-515131.7188,   -967.9540,    536.5833,  25232.6680,
       1,     167,      30,      16,       1,       3,       1,     10.0000,      1.3866,     42.3919,    244.9252,     61.6387,      3.4953,      0.1923,      0.1594,    107.2382,      0.1970,      5.5005,     11.0010,      1.7411,     27.9556,     55.9112,      0.0189,      0.0053,      0.2500,      0.1968,   7569.8008,-536799.9375,   -972.8219,    535.1299,  25232.6641,
       1,     167,      30,      17,       1,       3,       1,     10.0000,      1.3866,     42.3919,    244.9252,     61.6387,      3.4953,      0.1893,      0.1566,    124.5595,      0.1892,      5.5005,     11.0010,      1.6719,     27.9556,     55.9112,      0.0189,      0.0064,      0.2434,      0.1968,   7569.7993,-565069.6250,   -979.1982,    533.2408,  25232.6641,
       1,     167,      30,      18,       1,       3,       1,     10.0000,      1.3866,     42.3919,    244.9252,     61.6387,      3.4953,      0.1578,      0.1255,     96.3367,      0.1762,      5.5005,     11.0010,      1.5566,     27.9556,     55.9112,      0.0189,      0.0060,      0.2000,      0.1967,   7569.7993,-589889.5000,   -984.9647,    531.5898,  25232.6660,
       1,     167,      30,      19,       1,       3,       1,     10.0000,      1.3866,     42.3919,    244.9252,     61.6387,      3.4953,      0.0922,      0.0603,     50.8498,      0.1651,      5.5005,     11.0010,      1.4589,     27.9556,     55.9112,      0.0189,      0.0058,      0.1086,      0.1967,   7569.8003,-555617.8750,   -978.1432,    533.8697,  25232.6641,
       1,     167,      30,      20,       1,       3,       1,     10.0000,      1.3866,     42.3919,    244.9252,     61.6387,      3.4953,      0.0132,     -0.0185,      6.9859,      0.1555,      5.5005,     11.0010,      1.3738,     27.9556,     55.9112,      0.0189,      0.0056,      0.0156,      0.1968,   7569.7993,-493963.1562,   -965.2753,    537.9891,  25232.6621,
       1,     167,      30,      21,       1,       3,       1,     10.0000,      1.3866,     42.3919,    244.9252,     61.6387,      3.4953,      0.0000,     -0.0312,      6.6936,      0.1442,      5.5005,     11.0010,      1.2740,     27.9556,     55.9112,      0.0189,      0.0053,      0.0156,      0.1968,   7569.7988,-432110.6250,   -952.0969,    542.1645,  25232.6641,
       1,     167,      30,      22,       1,       3,       1,     10.0000,      1.3866,     42.3919,    244.9252,     61.6387,      3.4953,      0.0000,     -0.0308,      5.9008,      0.1312,      5.5005,     11.0010,      1.1596,     27.9556,     55.9112,      0.0189,      0.0047,      0.0156,      0.1969,   7569.7993,-426374.0000,   -960.6495,    542.5695,  25232.6641,
       1,     167,      30,      23,       1,       3,       1,     10.0000,      1.3866,     42.3919,    244.9252,     61.6387,      3.4953,      0.0000,     -0.0310,      5.3516,      0.1365,      5.5005,     11.0010,      1.2063,     27.9556,     55.9112,      0.0189,      0.0043,      0.0156,      0.1969,   7569.7993,-424831.8438,   -960.3200,    542.6743,  25232.6641,
       1,     167,      30,      24,       1,       3,       1,     10.0000,      1.3866,     42.3919,    244.9252,     61.6387,      3.4953,      0.0000,     -0.0311,      4.9920,      0.1417,      5.5005,     11.0010,      1.2523,     27.9556,     55.9112,      0.0189,      0.0040,      0.0156,      0.1969,   7569.7993,-423989.5938,   -960.1314,    542.7314,  25232.6660,
       1,     167,      31,       1,       1,       3,       1,     10.0000,      1.3867,     42.3923,    244.9309,     61.6402,      3.4953,      0.0000,     -0.0312,      4.3040,      0.1435,      5.5011,     11.0022,      1.2676,     27.9593,     55.9186,      0.0189,      0.0034,      0.0156,      0.1969,   7569.8003,-423607.3750,   -960.3395,    542.7701,  25233.7930,
       1,     167,      31,       2,       1,       3,       1,     10.0000,      1.3867,     42.3923,    244.9309,     61.6402,      3.4953,      0.0000,     -0.0313,      3.2937,      0.1446,      5.5011,     11.0022,      1.2778,     27.9593,     55.9186,      0.0189,      0.0026,      0.0156,      0.1969,   7570.1382,-422535.8438,   -959.7962,    542.8428,  25233.7930,
       1,     167,      31,       3,       1,       3,       1,     10.0000,      1.3867,     42.3923,    244.9309,     61.6402,      3.4953,      0.0000,     -0.0312,      1.9958,      0.1420,      5.5011,     11.0022,      1.2549,     27.9593,     55.9186,      0.0189,      0.0016,      0.0156,      0.1969,   7570.1382,-421141.6562,   -959.4888,    542.9374,  25233.7930,
       1,     167,      31,       4,       1,       3,       1,     10.0000,      1.3867,     42.3923,    244.9309,     61.6402,      3.4953,      0.0000,     -0.0310,      2.4212,      0.1368,      5.5011,     11.0022,      1.2088,     27.9593,     55.9186,      0.0189,      0.0019,      0.0156,      0.1969,   7570.1382,-419349.1562,   -959.1040,    543.0591,  25233.7930,
       1,     167,      31,       5,       1,       3,       1,     10.0000,      1.3867,     42.3923,    244.9309,     61.6402,      3.4953,      0.0000,     -0.0304,      2.7493,      0.1215,      5.5011,     11.0022,      1.0733,     27.9593,     55.9186,      0.0189,      0.0022,      0.0156,      0.1969,   7570.1382,-419740.1250,   -959.1753,    543.0325,  25233.7930,
       1,     167,      31,       6,       1,       3,       1,     10.0000,      1.3867,     42.3923,    244.9309,     61.6402,      3.4953,      0.0000,     -0.0304,      2.8487,      0.1211,      5.5011,     11.0022,      1.0700,     27.9593,     55.9186,      0.0189,      0.0023,      0.0156,      0.1969,   7570.1382,-420196.5625,   -954.6589,    543.0016,  25233.7930,
       1,     167,      31,       7,       1,       3,       1,     10.0000,      1.3867,     42.3923,    244.9309,     61.6402,      3.4953,      0.0000,     -0.0305,      3.0067,      0.1243,      5.5011,     11.0022,      1.0988,     27.9593,     55.9186,      0.0189,      0.0024,      0.0156,      0.1969,   7570.1382,-420364.3438,   -954.9171,    542.9901,  25233.7930,
       1,     167,      31,       8,       1,       3,       1,     10.0000,      1.3867,     42.3923,    244.9309,     61.6402,      3.4953,      0.0009,     -0.0297,      3.0862,      0.1264,      5.5011,     11.0022,      1.1168,     27.9593,     55.9186,      0.0189,      0.0025,      0.0156,      0.1969,   7570.1382,-420582.5938,   -953.3024,    542.9753,  25233.7930,
       1,     167,      31,       9,       1,       3,       1,     10.0000,      1.3867,     42.3923,    244.9309,     61.6402,      3.4953,      0.0698,      0.0389,     14.5024,      0.1335,      5.5011,     11.0022,      1.1798,     27.9593,     55.9186,      0.0189,      0.0022,      0.0806,      0.1969,   7570.1382,-420703.9375,   -953.6181,    542.9672,  25233.7930,
       1,     167,      31,      10,       1,       3,       1,     10.0000,      1.3867,     42.3923,    244.9309,     61.6402,      3.4953,      0.1609,      0.1296,     18.5486,      0.1461,      5.5011,     11.0022,      1.2908,     27.9593,     55.9186,      0.0189,      0.0011,      0.2135,      0.1969,   7570.1382,-435410.8125,   -956.9370,    541.9689,  25233.7930,
       1,     167,      31,      11,       1,       3,       1,     10.0000,      1.3867,     42.3923,    244.9309,     61.6402,      3.4953,      0.1854,      0.1537,     15.0292,      0.1575,      5.5011,     11.0022,      1.3919,     27.9593,     55.9186,      0.0189,      0.0007,      0.2500,      0.1969,   7570.1382,-441908.3750,   -958.6415,    541.5297,  25233.7930,
       1,     167,      31,      12,       1,       3,       1,     10.0000,      1.3867,     42.3923,    244.9309,     61.6402,      3.4953,      0.1857,      0.1536,     20.1633,      0.1706,      5.5011,     11.0022,      1.5078,     27.9593,     55.9186,      0.0189,      0.0010,      0.2500,      0.1969,   7570.1382,-437942.7812,   -958.3772,    541.7983,  25233.7930,
       1,     167,      31,      13,       1,       3,       1,     10.0000,      1.3867,     42.3923,    244.9309,     61.6402,      3.4953,      0.1859,      0.1535,     23.3417,      0.1777,      5.5011,     11.0022,      1.5706,     27.9593,     55.9186,      0.0189,      0.0012,      0.2500,      0.1969,   7570.1382,-444207.6562,   -960.2714,    541.3741,  25233.7930,
       1,     167,      31,      14,       1,       3,       1,     10.0000,      1.3867,     42.3923,    244.9309,     61.6402,      3.4953,      0.1874,      0.1551,     42.2655,      0.1767,      5.5011,     11.0022,      1.5613,     27.9593,     55.9186,      0.0189,      0.0021,      0.2500,      0.1969,   7570.1382,-448847.8125,   -961.9374,    541.0602,  25233.7910,
       1,     167,      31,      15,       1,       3,       1,     10.0000,      1.3867,     42.3923,    244.9309,     61.6402,      3.4953,      0.1888,      0.1562,     61.4568,      0.1864,      5.5011,     11.0022,      1.6473,     27.9593,     55.9186,      0.0189,      0.0031,      0.2500,      0.1969,   7570.1377,-473624.4688,   -967.8217,    539.3846,  25233.7930,
       1,     167,      31,      16,       1,       3,       1,     10.0000,      1.3867,     42.3923,    244.9309,     61.6402,      3.4953,      0.1903,      0.1576,     80.3173,      0.1894,      5.5011,     11.0022,      1.6736,     27.9593,     55.9186,      0.0189,      0.0040,      0.2500,      0.1969,   7570.1382,-500517.4375,   -974.2366,    537.5740,  25233.7910,
       1,     167,      31,      17,       1,       3,       1,     10.0000,      1.3867,     42.3923,    244.9309,     61.6402,      3.4953,      0.1907,      0.1583,     92.6147,      0.1797,      5.5011,     11.0022,      1.5879,     27.9593,     55.9186,      0.0189,      0.0046,      0.2490,      0.1969,   7570.1377,-527175.5625,   -980.6158,    535.7858,  25233.7891,
       1,     167,      31,      18,       1,       3,       1,     10.0000,      1.3867,     42.3923,    244.9309,     61.6402,      3.4953,      0.1764,      0.1443,     91.9298,      0.1686,      5.5011,     11.0022,      1.4898,     27.9593,     55.9186,      0.0189,      0.0050,      0.2279,      0.1968,   7570.1372,-545358.1250,   -985.2415,    534.5709,  25233.7910,
       1,     167,      31,      19,       1,       3,       1,     10.0000,      1.3867,     42.3923,    244.9309,     61.6402,      3.4953,      0.1211,      0.0894,     54.7422,      0.1585,      5.5011,     11.0022,      1.4003,     27.9593,     55.9186,      0.0189,      0.0045,      0.1508,      0.1968,   7570.1377,-546056.9375,   -986.1969,    534.5256,  25233.7910,
       1,     167,      31,      20,       1,       3,       1,     10.0000,      1.3867,     42.3923,    244.9309,     61.6402,      3.4953,      0.0135,     -0.0180,      6.2402,      0.1533,      5.5011,     11.0022,      1.3547,     27.9593,     55.9186,      0.0189,      0.0050,      0.0156,      0.1968,   7570.1377,-498149.4375,   -976.8240,    537.7266,  25233.7891,
       1,     167,      31,      21,       1,       3,       1,     10.0000,      1.3867,     42.3923,    244.9309,     61.6402,      3.4953,      0.0000,     -0.0314,      6.2556,      0.1497,      5.5011,     11.0022,      1.3224,     27.9593,     55.9186,      0.0189,      0.0050,      0.0156,      0.1969,   7570.1372,-431503.0938,   -963.2477,    542.2158,  25233.7910,
       1,     167,      31,      22,       1,       3,       1,     10.0000,      1.3867,     42.3923,    244.9309,     61.6402,      3.4953,      0.0000,     -0.0314,      5.6147,      0.1476,      5.5011,     11.0022,      1.3039,     27.9593,     55.9186,      0.0189,      0.0045,      0.0156,      0.1969,   7570.1377,-425762.4688,   -962.2038,    542.6237,  25233.7891,
       1,     167,      31,      23,       1,       3,       1,     10.0000,      1.3867,     42.3923,    244.9309,     61.6402,      3.4953,      0.0000,     -0.0314,      5.1133,      0.1479,      5.5011,     11.0022,      1.3065,     27.9593,     55.9186,      0.0189,      0.0041,      0.0156,      0.1969,   7570.1372,-424412.4062,   -962.0397,    542.7155,  25233.7910,
       1,     167,      31,      24,       1,       3,       1,     10.0000,      1.3867,     42.3923,    244.9309,     61.6402,      3.4953,      0.0000,     -0.0314,      4.3960,      0.1486,      5.5011,     11.0022,      1.3131,     27.9593,     55.9186,      0.0189,      0.0035,      0.0156,      0.1969,   7570.1377,-423648.5000,   -961.9734,    542.7673,  25233.7871,
       1,     167,      32,       1,       1,       3,       1,     10.0000,      1.3867,     42.3926,    244.9367,     61.6416,      3.4953,      0.0000,     -0.0311,      4.2749,      0.1406,      5.5006,     11.0012,      1.2423,     27.9665,     55.9329,      0.0189,      0.0034,      0.0156,      0.1969,   7570.1362,-422813.2188,   -962.1759,    542.8366,  25234.9160,
       1,     167,      32,       2,       1,       3,       1,     10.0000,      1.3867,     42.3926,    244.9367,     61.6416,      3.4953,      0.0000,     -0.0311,      3.8172,      0.1399,      5.5006,     11.0012,      1.2360,     27.9665,     55.9329,      0.0189,      0.0030,      0.0156,      0.1969,   7570.4751,-422432.0938,   -961.8578,    542.8625,  25234.9180,
       1,     167,      32,       3,       1,       3,       1,     10.0000,      1.3867,     42.3926,    244.9367,     61.6416,      3.4953,      0.0000,     -0.0312,      3.9669,      0.1424,      5.5006,     11.0012,      1.2587,     27.9665,     55.9329,      0.0189,      0.0032,      0.0156,      0.1969,   7570.4756,-421809.4062,   -961.7770,    542.9047,  25234.9180,
       1,     167,      32,       4,       1,       3,       1,     10.0000,      1.3867,     42.3926,    244.9367,     61.6416,      3.4953,      0.0000,     -0.0312,      3.6263,      0.1422,      5.5006,     11.0012,      1.2561,     27.9665,     55.9329,      0.0189,      0.0029,      0.0156,      0.1970,   7570.4756,-421947.8438,   -961.8533,    542.8954,  25234.9180,
       1,     167,      32,       5,       1,       3,       1,     10.0000,      1.3867,     42.3926,    244.9367,     61.6416,      3.4953,      0.0000,     -0.0310,      3.7306,      0.1372,      5.5006,     11.0012,      1.2125,     27.9665,     55.9329,      0.0189,      0.0030,      0.0156,      0.1970,   7570.4756,-421521.3125,   -961.8031,    542.9243,  25234.9160,
       1,     167,      32,       6,       1,       3,       1,     10.0000,      1.3867,     42.3926,    244.9367,     61.6416,      3.4953,      0.0000,     -0.0310,      2.8966,      0.1375,      5.5006,     11.0012,      1.2149,     27.9665,     55.9329,      0.0189,      0.0023,      0.0156,      0.1970,   7570.4751,-421618.6875,   -961.8589,    542.9177,  25234.9180,
       1,     167,      32,       7,       1,       3,       1,     10.0000,      1.3867,     42.3926,    244.9367,     61.6416,      3.4953,      0.0000,     -0.0310,      2.6960,      0.1379,      5.5006,     11.0012,      1.2186,     27.9665,     55.9329,      0.0189,      0.0022,      0.0156,      0.1970,   7570.4756,-420553.4375,   -961.6595,    542.9900,  25234.9180,
       1,     167,      32,       8,       1,       3,       1,     10.0000,      1.3867,     42.3926,    244.9367,     61.6416,      3.4953,      0.0003,     -0.0307,      3.0433,      0.1365,      5.5006,     11.0012,      1.2064,     27.9665,     55.9329,      0.0189,      0.0024,      0.0156,      0.1970,   7570.4756,-420202.1250,   -961.6065,    543.0138,  25234.9180,
       1,     167,      32,       9,       1,       3,       1,     10.0000,      1.3867,     42.3926,    244.9367,     61.6416,      3.4953,      0.0313,      0.0000,      5.7793,      0.1451,      5.5006,     11.0012,      1.2817,     27.9665,     55.9329,      0.0189,      0.0029,      0.0249,      0.1970,   7570.4756,-420618.5312,   -961.7150,    542.9855,  25234.9180,
       1,     167,      32,      10,       1,       3,       1,     10.0000,      1.3867,     42.3926,    244.9367,     61.6416,      3.4953,      0.1498,      0.1179,     40.6218,      0.1617,      5.5006,     11.0012,      1.4286,     27.9665,     55.9329,      0.0189,      0.0026,      0.1946,      0.1970,   7570.4756,-424176.6250,   -962.4913,    542.7441,  25234.9180,
       1,     167,      32,      11,       1,       3,       1,     10.0000,      1.3867,     42.3926,    244.9367,     61.6416,      3.4953,      0.1835,      0.1514,     50.3144,      0.1666,      5.5006,     11.0012,      1.4721,     27.9665,     55.9329,      0.0189,      0.0026,      0.2431,      0.1969,   7570.4756,-469338.1250,   -972.1044,    539.6803,  25234.9180,
       1,     167,      32,      12,       1,       3,       1,     10.0000,      1.3867,     42.3926,    244.9367,     61.6416,      3.4953,      0.1881,      0.1562,     50.0574,      0.1643,      5.5006,     11.0012,      1.4517,     27.9665,     55.9329,      0.0189,      0.0025,      0.2500,      0.1969,   7570.4756,-485790.6875,   -975.7606,    538.5790,  25234.9199,
       1,     167,      32,      13,       1,       3,       1,     10.0000,      1.3867,     42.3926,    244.9367,     61.6416,      3.4953,      0.1880,      0.1558,     49.1547,      0.1710,      5.5006,     11.0012,      1.5108,     27.9665,     55.9329,      0.0189,      0.0024,      0.2500,      0.1969,   7570.4761,-486884.9062,   -976.2018,    538.5065,  25234.9160,
       1,     167,      32,      14,       1,       3,       1,     10.0000,      1.3867,     42.3926,    244.9367,     61.6416,      3.4953,      0.1887,      0.1562,     58.5077,      0.1793,      5.5006,     11.0012,      1.5848,     27.9665,     55.9329,      0.0189,      0.0029,      0.2500,      0.1969,   7570.4751,-485816.1875,   -976.1633,    538.5784,  25234.9160,
       1,     167,      32,      15,       1,       3,       1,     10.0000,      1.3867,     42.3926,    244.9367,     61.6416,      3.4953,      0.1902,      0.1573,     79.0904,      0.1945,      5.5006,     11.0012,      1.7190,     27.9665,     55.9329,      0.0189,      0.0039,      0.2500,      0.1969,   7570.4751,-497773.8438,   -978.9361,    537.7733,  25234.9180,
       1,     167,      32,      16,       1,       3,       1,     10.0000,      1.3867,     42.3926,    244.9367,     61.6416,      3.4953,      0.1899,      0.1570,     85.1000,      0.1940,      5.5006,     11.0012,      1.7139,     27.9665,     55.9329,      0.0189,      0.0043,      0.2489,      0.1969,   7570.4756,-525341.3125,   -985.0563,    535.9209,  25234.9141,
       1,     167,      32,      17,       1,       3,       1,     10.0000,      1.3867,     42.3926,    244.9367,     61.6416,      3.4953,      0.1733,      0.1408,     66.2001,      0.1817,      5.5006,     11.0012,      1.6054,     27.9665,     55.9329,      0.0189,      0.0036,      0.2264,      0.1968,   7570.4746,-535497.8750,   -987.5510,    535.2437,  25234.9160,
       1,     167,      32,      18,       1,       3,       1,     10.0000,      1.3867,     42.3926,    244.9367,     61.6416,      3.4953,      0.1717,      0.1395,     67.8180,      0.1744,      5.5006,     11.0012,      1.5412,     27.9665,     55.9329,      0.0189,      0.0038,      0.2239,      0.1968,   7570.4751,-512007.6562,   -982.8745,    536.8157,  25234.9180,
       1,     167,      32,      19,       1,       3,       1,     10.0000,      1.3867,     42.3926,    244.9367,     61.6416,      3.4953,      0.1222,      0.0902,     49.8828,      0.1656,      5.5006,     11.0012,      1.4633,     27.9665,     55.9329,      0.0189,      0.0041,      0.1529,      0.1969,   7570.4756,-512056.9375,   -983.1374,    536.8146,  25234.9160,
       1,     167,      32,      20,       1,       3,       1,     10.0000,      1.3867,     42.3926,    244.9367,     61.6416,      3.4953,      0.0143,     -0.0174,      0.0265,      0.1563,      5.5006,     11.0012,      1.3808,     27.9665,     55.9329,      0.0189,      0.0048,      0.0001,      0.1969,   7570.4751,-488940.6562,   -978.4186,    538.3659,  25234.9160,
       1,     167,      32,      21,       1,       3,       1,     10.0000,      1.3867,     42.3926,    244.9367,     61.6416,      3.4953,      0.0000,     -0.0315,      5.9104,      0.1509,      5.5006,     11.0012,      1.3331,     27.9665,     55.9329,      0.0189,      0.0047,      0.0156,      0.1969,   7570.4751,-422696.1875,   -964.3111,    542.8260,  25234.9141,
       1,     167,      32,      22,       1,       3,       1,     10.0000,      1.3867,     42.3926,    244.9367,     61.6416,      3.4953,      0.0000,     -0.0314,      5.1535,      0.1500,      5.5006,     11.0012,      1.3251,     27.9665,     55.9329,      0.0189,      0.0041,      0.0156,      0.1969,   7570.4746,-424551.1875,   -964.6570,    542.7188,  25234.9141,
       1,     167,      32,      23,       1,       3,       1,     10.0000,      1.3867,     42.3926,    244.9367,     61.6416,      3.4953,      0.0000,     -0.0313,      4.7071,      0.1468,      5.5006,     11.0012,      1.2973,     27.9665,     55.9329,      0.0189,      0.0038,      0.0156,      0.1969,   7570.4746,-423715.0625,   -964.4318,    542.7755,  25234.9121,
       1,     167,      32,      24,       1,       3,       1,     10.0000,      1.3867,     42.3926,    244.9367,     61.6416,      3.4953,      0.0000,     -0.0313,      4.0832,      0.1464,      5.5006,     11.0012,      1.2934,     27.9665,     55.9329,      0.0189,      0.0033,      0.0156,      0.1969,   7570.4741,-423067.7500,   -964.2496,    542.8194,  25234.9160,
       1,     167,      33,       1,       1,       3,       1,     10.0000,      1.3867,     42.3929,    244.9424,     61.6431,      3.4953,      0.0000,     -0.0314,      3.6179,      0.1473,      5.5011,     11.0023,      1.3013,     27.9720,     55.9440,      0.0189,      0.0029,      0.0156,      0.1970,   7570.4751,-422362.2812,   -964.3699,    542.8800,  25236.0410,
       1,     167,      33,       2,       1,       3,       1,     10.0000,      1.3867,     42.3929,    244.9424,     61.6431,      3.4953,      0.0000,     -0.0314,      3.0873,      0.1479,      5.5011,     11.0023,      1.3066,     27.9720,     55.9440,      0.0189,      0.0025,      0.0156,      0.1970,   7570.8125,-421549.6875,   -963.8534,    542.9351,  25236.0430,
       1,     167,      33,       3,       1,       3,       1,     10.0000,      1.3867,     42.3929,    244.9424,     61.6431,      3.4953,      0.0000,     -0.0313,      2.7744,      0.1465,      5.5011,     11.0023,      1.2948,     27.9720,     55.9440,      0.0189,      0.0022,      0.0156,      0.1970,   7570.8130,-420795.6875,   -963.6616,    542.9863,  25236.0430,
       1,     167,      33,       4,       1,       3,       1,     10.0000,      1.3867,     42.3929,    244.9424,     61.6431,      3.4953,      0.0000,     -0.0313,      2.4577,      0.1455,      5.5011,     11.0023,      1.2857,     27.9720,     55.9440,      0.0189,      0.0020,      0.0156,      0.1970,   7570.8130,-420327.2188,   -963.5334,    543.0181,  25236.0430,
       1,     167,      33,       5,       1,       3,       1,     10.0000,      1.3867,     42.3929,    244.9424,     61.6431,      3.4953,      0.0000,     -0.0313,      2.2640,      0.1454,      5.5011,     11.0023,      1.2844,     27.9720,     55.9440,      0.0189,      0.0018,      0.0156,      0.1970,   7570.8130,-419878.6562,   -963.4127,    543.0486,  25236.0430,
       1,     167,      33,       6,       1,       3,       1,     10.0000,      1.3867,     42.3929,    244.9424,     61.6431,      3.4953,      0.0000,     -0.0313,      2.0505,      0.1445,      5.5011,     11.0023,      1.2766,     27.9720,     55.9440,      0.0189,      0.0016,      0.0156,      0.1970,   7570.8130,-419590.0625,   -963.3278,    543.0682,  25236.0430,
       1,     167,      33,       7,       1,       3,       1,     10.0000,      1.3867,     42.3929,    244.9424,     61.6431,      3.4953,      0.0000,     -0.0313,      2.1100,      0.1445,      5.5011,     11.0023,      1.2766,     27.9720,     55.9440,      0.0189,      0.0017,      0.0156,      0.1970,   7570.8130,-419290.1250,   -963.2433,    543.0885,  25236.0430,
       1,     167,      33,       8,       1,       3,       1,     10.0000,      1.3867,     42.3929,    244.9424,     61.6431,      3.4953,      0.0010,     -0.0303,      2.0841,      0.1458,      5.5011,     11.0023,      1.2883,     27.9720,     55.9440,      0.0189,      0.0017,      0.0156,      0.1970,   7570.8130,-419340.5625,   -963.2330,    543.0851,  25236.0430,
       1,     167,      33,       9,       1,       3,       1,     10.0000,      1.3867,     42.3929,    244.9424,     61.6431,      3.4953,      0.0367,      0.0053,      4.4894,      0.1509,      5.5011,     11.0023,      1.3331,     27.9720,     55.9440,      0.0189,      0.0017,      0.0327,      0.1970,   7570.8130,-419311.5938,   -963.2057,    543.0870,  25236.0430,
       1,     167,      33,      10,       1,       3,       1,     10.0000,      1.3867,     42.3929,    244.9424,     61.6431,      3.4953,      0.1462,      0.1142,     29.6260,      0.1649,      5.5011,     11.0023,      1.4575,     27.9720,     55.9440,      0.0189,      0.0019,      0.1906,      0.1970,   7570.8130,-422404.6250,   -963.8467,    542.8771,  25236.0430,
       1,     167,      33,      11,       1,       3,       1,     10.0000,      1.3867,     42.3929,    244.9424,     61.6431,      3.4953,      0.1843,      0.1518,     39.1544,      0.1797,      5.5011,     11.0023,      1.5880,     27.9720,     55.9440,      0.0189,      0.0020,      0.2457,      0.1970,   7570.8130,-455027.0625,   -970.8489,    540.6634,  25236.0430,
       1,     167,      33,      12,       1,       3,       1,     10.0000,      1.3867,     42.3929,    244.9424,     61.6431,      3.4953,      0.1873,      0.1545,     42.0321,      0.1913,      5.5011,     11.0023,      1.6903,     27.9720,     55.9440,      0.0189,      0.0021,      0.2500,      0.1969,   7570.8130,-470157.8125,   -974.1122,    539.6453,  25236.0430,
       1,     167,      33,      13,       1,       3,       1,     10.0000,      1.3867,     42.3929,    244.9424,     61.6431,      3.4953,      0.1873,      0.1544,     42.6106,      0.1951,      5.5011,     11.0023,      1.7241,     27.9720,     55.9440,      0.0189,      0.0021,      0.2500,      0.1969,   7570.8130,-475180.2812,   -975.2190,    539.3075,  25236.0410,
       1,     167,      33,      14,       1,       3,       1,     10.0000,      1.3867,     42.3929,    244.9424,     61.6431,      3.4953,      0.1878,      0.1551,     47.9659,      0.1877,      5.5011,     11.0023,      1.6588,     27.9720,     55.9440,      0.0189,      0.0024,      0.2500,      0.1969,   7570.8125,-476362.1250,   -975.4740,    539.2279,  25236.0410,
       1,     167,      33,      15,       1,       3,       1,     10.0000,      1.3867,     42.3929,    244.9424,     61.6431,      3.4953,      0.1887,      0.1558,     59.9134,      0.1951,      5.5011,     11.0023,      1.7241,     27.9720,     55.9440,      0.0189,      0.0030,      0.2500,      0.1969,   7570.8125,-483363.0625,   -976.9667,    538.7560,  25236.0410,
       1,     167,      33,      16,       1,       3,       1,     10.0000,      1.3867,     42.3929,    244.9424,     61.6431,      3.4953,      0.1902,      0.1572,     79.5518,      0.1976,      5.5011,     11.0023,      1.7464,     27.9720,     55.9440,      0.0189,      0.0040,      0.2500,      0.1969,   7570.8125,-499364.6562,   -980.4303,    537.6786,  25236.0410,
       1,     167,      33,      17,       1,       3,       1,     10.0000,      1.3867,     42.3929,    244.9424,     61.6431,      3.4953,      0.1889,      0.1561,     90.3355,      0.1907,      5.5011,     11.0023,      1.6853,     27.9720,     55.9440,      0.0189,      0.0046,      0.2468,      0.1969,   7570.8125,-526066.0625,   -986.2755,    535.8851,  25236.0410,
       1,     167,      33,      18,       1,       3,       1,     10.0000,      1.3867,     42.3929,    244.9424,     61.6431,      3.4953,      0.1480,      0.1154,     71.4516,      0.1831,      5.5011,     11.0023,      1.6182,     27.9720,     55.9440,      0.0189,      0.0047,      0.1883,      0.1969,   7570.8125,-542299.0625,   -989.9749,    534.8007,  25236.0410,
       1,     167,      33,      19,       1,       3,       1,     10.0000,      1.3867,     42.3929,    244.9424,     61.6431,      3.4953,      0.1246,      0.0924,     51.9458,      0.1710,      5.5011,     11.0023,      1.5109,     27.9720,     55.9440,      0.0189,      0.0041,      0.1561,      0.1969,   7570.8125,-519360.5312,   -985.2478,    536.3353,  25236.0430,
       1,     167,      33,      20,       1,       3,       1,     10.0000,      1.3867,     42.3929,    244.9424,     61.6431,      3.4953,      0.0120,     -0.0198,      5.2809,      0.1585,      5.5011,     11.0023,      1.4003,     27.9720,     55.9440,      0.0189,      0.0042,      0.0156,      0.1969,   7570.8130,-492229.2812,   -979.5305,    538.1564,  25236.0410,
       1,     167,      33,      21,       1,       3,       1,     10.0000,      1.3867,     42.3929,    244.9424,     61.6431,      3.4953,      0.0000,     -0.0315,      5.5558,      0.1515,      5.5011,     11.0023,      1.3385,     27.9720,     55.9440,      0.0189,      0.0044,      0.0156,      0.1969,   7570.8125,-429752.6250,   -965.9901,    542.3622,  25236.0410,
       1,     167,      33,      22,       1,       3,       1,     10.0000,      1.3867,     42.3929,    244.9424,     61.6431,      3.4953,      0.0000,     -0.0314,      5.3015,      0.1494,      5.5011,     11.0023,      1.3198,     27.9720,     55.9440,      0.0189,      0.0042,      0.0156,      0.1970,   7570.8125,-424710.4375,   -964.8160,    542.7205,  25236.0410,
       1,     167,      33,      23,       1,       3,       1,     10.0000,      1.3867,     42.3929,    244.9424,     61.6431,      3.4953,      0.0000,     -0.0314,      5.0674,      0.1495,      5.5011,     11.0023,      1.3211,     27.9720,     55.9440,      0.0189,      0.0040,      0.0156,      0.1970,   7570.8125,-423921.9375,   -964.5691,    542.7742,  25236.0410,
       1,     167,      33,      24,       1,       3,       1,     10.0000,      1.3867,     42.3929,    244.9424,     61.6431,      3.4953,      0.0000,     -0.0315,      4.5563,      0.1500,      5.5011,     11.0023,      1.3251,     27.9720,     55.9440,      0.0189,      0.0036,      0.0156,      0.1970,   7570.8125,-423551.3750,   -964.4160,    542.7993,  25236.0410,
       1,     167,      34,       1,       1,       3,       1,     10.0000,      1.3867,     42.3933,    244.9482,     61.6445,      3.4953,      0.0000,     -0.0314,      3.3261,      0.1495,      5.5013,     11.0027,      1.3211,     27.9771,     55.9543,      0.0189,      0.0027,      0.0156,      0.1970,   7570.8125,-423016.4062,   -964.5517,    542.8483,  25237.1699,
       1,     167,      34,       2,       1,       3,       1,     10.0000,      1.3867,     42.3933,    244.9482,     61.6445,      3.4953,      0.0000,     -0.0313,      2.5754,      0.1467,      5.5013,     11.0027,      1.2961,     27.9771,     55.9543,      0.0189,      0.0021,      0.0156,      0.1970,   7571.1514,-421234.1562,   -963.8044,    542.9693,  25237.1699,
       1,     167,      34,       3,       1,       3,       1,     10.0000,      1.3867,     42.3933,    244.9482,     61.6445,      3.4953,      0.0000,     -0.0313,      2.3430,      0.1452,      5.5013,     11.0027,      1.2831,     27.9771,     55.9543,      0.0189,      0.0019,      0.0156,      0.1970,   7571.1514,-420112.4375,   -963.5255,    543.0455,  25237.1699,
       1,     167,      34,       4,       1,       3,       1,     10.0000,      1.3867,     42.3933,    244.9482,     61.6445,      3.4953,      0.0000,     -0.0313,      2.3238,      0.1454,      5.5013,     11.0027,      1.2844,     27.9771,     55.9543,      0.0189,      0.0019,      0.0156,      0.1970,   7571.1514,-419715.1875,   -963.4078,    543.0724,  25237.1699,
       1,     167,      34,       5,       1,       3,       1,     10.0000,      1.3867,     42.3933,    244.9482,     61.6445,      3.4953,      0.0000,     -0.0313,      2.1403,      0.1449,      5.5013,     11.0027,      1.2805,     27.9771,     55.9543,      0.0189,      0.0017,      0.0156,      0.1970,   7571.1514,-419655.9062,   -963.3643,    543.0764,  25237.1699,
       1,     167,      34,       6,       1,       3,       1,     10.0000,      1.3867,     42.3933,    244.9482,     61.6445,      3.4953,      0.0000,     -0.0313,      2.0997,      0.1458,      5.5013,     11.0027,      1.2883,     27.9771,     55.9543,      0.0189,      0.0017,      0.0156,      0.1970,   7571.1514,-419414.6250,   -963.2837,    543.0928,  25237.1719,
       1,     167,      34,       7,       1,       3,       1,     10.0000,      1.3867,     42.3933,    244.9482,     61.6445,      3.4953,      0.0000,     -0.0312,      2.0253,      0.1435,      5.5013,     11.0027,      1.2677,     27.9771,     55.9543,      0.0189,      0.0016,      0.0156,      0.1970,   7571.1519,-419340.8750,   -963.2391,    543.0978,  25237.1699,
       1,     167,      34,       8,       1,       3,       1,     10.0000,      1.3867,     42.3933,    244.9482,     61.6445,      3.4953,      0.0010,     -0.0303,      2.0624,      0.1446,      5.5013,     11.0027,      1.2779,     27.9771,     55.9543,      0.0189,      0.0016,      0.0156,      0.1970,   7571.1514,-419238.9688,   -963.1913,    543.1047,  25237.1699,
       1,     167,      34,       9,       1,       3,       1,     10.0000,      1.3867,     42.3933,    244.9482,     61.6445,      3.4953,      0.0496,      0.0181,      7.4761,      0.1494,      5.5013,     11.0027,      1.3198,     27.9771,     55.9543,      0.0189,      0.0018,      0.0513,      0.1970,   7571.1514,-419277.7812,   -963.1726,    543.1021,  25237.1680,
       1,     167,      34,      10,       1,       3,       1,     10.0000,      1.3867,     42.3933,    244.9482,     61.6445,      3.4953,      0.1001,      0.0680,     19.4717,      0.1690,      5.5013,     11.0027,      1.4929,     27.9771,     55.9543,      0.0189,      0.0020,      0.1238,      0.1970,   7571.1509,-426248.0000,   -964.6620,    542.6289,  25237.1699,
       1,     167,      34,      11,       1,       3,       1,     10.0000,      1.3867,     42.3933,    244.9482,     61.6445,      3.4953,      0.1832,      0.1508,     46.0682,      0.1781,      5.5013,     11.0027,      1.5739,     27.9771,     55.9543,      0.0189,      0.0024,      0.2434,      0.1970,   7571.1514,-442295.3438,   -968.1397,    541.5406,  25237.1699,
       1,     167,      34,      12,       1,       3,       1,     10.0000,      1.3867,     42.3933,    244.9482,     61.6445,      3.4953,      0.1876,      0.1550,     44.9227,      0.1842,      5.5013,     11.0027,      1.6279,     27.9771,     55.9543,      0.0189,      0.0022,      0.2500,      0.1970,   7571.1514,-477936.0625,   -975.8804,    539.1291,  25237.1719,
       1,     167,      34,      13,       1,       3,       1,     10.0000,      1.3867,     42.3933,    244.9482,     61.6445,      3.4953,      0.1880,      0.1551,     51.0024,      0.1928,      5.5013,     11.0027,      1.7038,     27.9771,     55.9543,      0.0189,      0.0025,      0.2500,      0.1970,   7571.1519,-479582.7812,   -976.2631,    539.0235,  25237.1719,
       1,     167,      34,      14,       1,       3,       1,     10.0000,      1.3867,     42.3933,    244.9482,     61.6445,      3.4953,      0.1879,      0.1550,     50.8259,      0.1969,      5.5013,     11.0027,      1.7396,     27.9771,     55.9543,      0.0189,      0.0025,      0.2500,      0.1969,   7571.1519,-487549.9375,   -978.0165,    538.4867,  25237.1699,
       1,     167,      34,      15,       1,       3,       1,     10.0000,      1.3867,     42.3933,    244.9482,     61.6445,      3.4953,      0.1896,      0.1566,     71.6450,      0.1971,      5.5013,     11.0027,      1.7413,     27.9771,     55.9543,      0.0189,      0.0036,      0.2500,      0.1969,   7571.1514,-488017.4375,   -978.1596,    538.4555,  25237.1699,
       1,     167,      34,      16,       1,       3,       1,     10.0000,      1.3867,     42.3933,    244.9482,     61.6445,      3.4953,      0.1905,      0.1577,     82.3455,      0.1911,      5.5013,     11.0027,      1.6887,     27.9771,     55.9543,      0.0189,      0.0041,      0.2500,      0.1969,   7571.1514,-514876.2500,   -984.0579,    536.6476,  25237.1699,
       1,     167,      34,      17,       1,       3,       1,     10.0000,      1.3867,     42.3933,    244.9482,     61.6445,      3.4953,      0.1832,      0.1506,     87.9957,      0.1840,      5.5013,     11.0027,      1.6263,     27.9771,     55.9543,      0.0189,      0.0046,      0.2385,      0.1969,   7571.1514,-531013.6250,   -987.7097,    535.5682,  25237.1680,
       1,     167,      34,      18,       1,       3,       1,     10.0000,      1.3867,     42.3933,    244.9482,     61.6445,      3.4953,      0.1519,      0.1196,     74.9317,      0.1751,      5.5013,     11.0027,      1.5475,     27.9771,     55.9543,      0.0189,      0.0048,      0.1937,      0.1969,   7571.1509,-539700.2500,   -989.8272,    534.9877,  25237.1699,
       1,     167,      34,      19,       1,       3,       1,     10.0000,      1.3867,     42.3933,    244.9482,     61.6445,      3.4953,      0.1264,      0.0945,     64.4452,      0.1636,      5.5013,     11.0027,      1.4459,     27.9771,     55.9543,      0.0189,      0.0051,      0.1574,      0.1969,   7571.1514,-523612.5000,   -986.5425,    536.0640,  25237.1680,
       1,     167,      34,      20,       1,       3,       1,     10.0000,      1.3867,     42.3933,    244.9482,     61.6445,      3.4953,      0.0127,     -0.0189,      6.6864,      0.1549,      5.5013,     11.0027,      1.3684,     27.9771,     55.9543,      0.0189,      0.0053,      0.0156,      0.1969,   7571.1509,-508700.8438,   -983.4579,    537.0642,  25237.1660,
       1,     167,      34,      21,       1,       3,       1,     10.0000,      1.3867,     42.3933,    244.9482,     61.6445,      3.4953,      0.0000,     -0.0314,      6.5703,      0.1483,      5.5013,     11.0027,      1.3105,     27.9771,     55.9543,      0.0189,      0.0052,      0.0156,      0.1969,   7571.1499,-432978.3125,   -966.8666,    542.1486,  25237.1660,
       1,     167,      34,      22,       1,       3,       1,     10.0000,      1.3867,     42.3933,    244.9482,     61.6445,      3.4953,      0.0000,     -0.0314,      6.2535,      0.1494,      5.5013,     11.0027,      1.3198,     27.9771,     55.9543,      0.0189,      0.0050,      0.0156,      0.1970,   7571.1499,-426310.0000,   -965.3159,    542.6247,  25237.1660,
       1,     167,      34,      23,       1,       3,       1,     10.0000,      1.3867,     42.3933,    244.9482,     61.6445,      3.4953,      0.0000,     -0.0314,      5.7398,      0.1486,      5.5013,     11.0027,      1.3132,     27.9771,     55.9543,      0.0189,      0.0046,      0.0156,      0.1970,   7571.1499,-425289.6875,   -965.0101,    542.6941,  25237.1660,
       1,     167,      34,      24,       1,       3,       1,     10.0000,      1.3867,     42.3933,    244.9482,     61.6445,      3.4953,      0.0000,     -0.0315,      5.1253,      0.1501,      5.5013,     11.0027,      1.3265,     27.9771,     55.9543,      0.0189,      0.0041,      0.0156,      0.1970,   7571.1499,-424539.0938,   -964.7722,    542.7450,  25237.1660,
       1,     167,      35,       1,       1,       3,       1,     10.0000,      1.3867,     42.3936,    244.9540,     61.6460,      3.4953,      0.0000,     -0.0312,      4.2028,      0.1422,      5.5013,     11.0027,      1.2562,     27.9815,     55.9631,      0.0189,      0.0034,      0.0156,      0.1970,   7571.1499,-423837.2812,   -965.4669,    542.8053,  25238.2949,
       1,     167,      35,       2,       1,       3,       1,     10.0000,      1.3867,     42.3936,    244.9540,     61.6460,      3.4953,      0.0000,     -0.0312,      3.4639,      0.1427,      5.5013,     11.0027,      1.2613,     27.9815,     55.9631,      0.0189,      0.0028,      0.0156,      0.1970,   7571.4888,-422436.7188,   -964.7854,    542.9004,  25238.2949,
       1,     167,      35,       3,       1,       3,       1,     10.0000,      1.3867,     42.3936,    244.9540,     61.6460,      3.4953,      0.0000,     -0.0314,      3.4110,      0.1474,      5.5013,     11.0027,      1.3027,     27.9815,     55.9631,      0.0189,      0.0027,      0.0156,      0.1970,   7571.4888,-421363.4688,   -964.5055,    542.9732,  25238.2930,
       1,     167,      35,       4,       1,       3,       1,     10.0000,      1.3867,     42.3936,    244.9540,     61.6460,      3.4953,      0.0000,     -0.0314,      3.1374,      0.1492,      5.5013,     11.0027,      1.3185,     27.9815,     55.9631,      0.0189,      0.0025,      0.0156,      0.1970,   7571.4883,-421201.9688,   -964.4271,    542.9842,  25238.2949,
       1,     167,      35,       5,       1,       3,       1,     10.0000,      1.3867,     42.3936,    244.9540,     61.6460,      3.4953,      0.0000,     -0.0315,      3.2709,      0.1503,      5.5013,     11.0027,      1.3278,     27.9815,     55.9631,      0.0189,      0.0026,      0.0156,      0.1970,   7571.4888,-420835.5000,   -964.3063,    543.0091,  25238.2949,
       1,     167,      35,       6,       1,       3,       1,     10.0000,      1.3867,     42.3936,    244.9540,     61.6460,      3.4953,      0.0000,     -0.0315,      2.9252,      0.1512,      5.5013,     11.0027,      1.3359,     27.9815,     55.9631,      0.0189,      0.0023,      0.0156,      0.1970,   7571.4888,-420975.2812,   -964.2960,    542.9996,  25238.2949,
       1,     167,      35,       7,       1,       3,       1,     10.0000,      1.3867,     42.3936,    244.9540,     61.6460,      3.4953,      0.0000,     -0.0314,      2.8095,      0.1489,      5.5013,     11.0027,      1.3159,     27.9815,     55.9631,      0.0189,      0.0022,      0.0156,      0.1970,   7571.4888,-420542.7500,   -964.1650,    543.0289,  25238.2949,
       1,     167,      35,       8,       1,       3,       1,     10.0000,      1.3867,     42.3936,    244.9540,     61.6460,      3.4953,      0.0012,     -0.0300,      3.0788,      0.1427,      5.5013,     11.0027,      1.2613,     27.9815,     55.9631,      0.0189,      0.0025,      0.0156,      0.1970,   7571.4888,-420356.0312,   -964.0903,    543.0416,  25238.2949,
       1,     167,      35,       9,       1,       3,       1,     10.0000,      1.3867,     42.3936,    244.9540,     61.6460,      3.4953,      0.0561,      0.0248,     13.6902,      0.1459,      5.5013,     11.0027,      1.2896,     27.9815,     55.9631,      0.0189,      0.0028,      0.0602,      0.1970,   7571.4888,-420686.1875,   -964.1245,    543.0192,  25238.2949,
       1,     167,      35,      10,       1,       3,       1,     10.0000,      1.3867,     42.3936,    244.9540,     61.6460,      3.4953,      0.1145,      0.0830,     35.8608,      0.1522,      5.5013,     11.0027,      1.3453,     27.9815,     55.9631,      0.0189,      0.0031,      0.1433,      0.1970,   7571.4888,-434368.8125,   -967.1022,    542.0905,  25238.2949,
       1,     167,      35,      11,       1,       3,       1,     10.0000,      1.3867,     42.3936,    244.9540,     61.6460,      3.4953,      0.1505,      0.1184,     49.9527,      0.1700,      5.5013,     11.0027,      1.5019,     27.9815,     55.9631,      0.0189,      0.0032,      0.1945,      0.1970,   7571.4888,-464098.7500,   -973.6424,    540.0767,  25238.2949,
       1,     167,      35,      12,       1,       3,       1,     10.0000,      1.3867,     42.3936,    244.9540,     61.6460,      3.4953,      0.1389,      0.1062,     44.7605,      0.1885,      5.5013,     11.0027,      1.6655,     27.9815,     55.9631,      0.0189,      0.0031,      0.1780,      0.1970,   7571.4888,-484846.1250,   -978.2523,    538.6797,  25238.2949,
       1,     167,      35,      13,       1,       3,       1,     10.0000,      1.3867,     42.3936,    244.9540,     61.6460,      3.4953,      0.1879,      0.1551,     50.3654,      0.1928,      5.5013,     11.0027,      1.7039,     27.9815,     55.9631,      0.0189,      0.0025,      0.2500,      0.1970,   7571.4888,-479966.8750,   -977.2605,    539.0101,  25238.2969,
       1,     167,      35,      14,       1,       3,       1,     10.0000,      1.3867,     42.3936,    244.9540,     61.6460,      3.4953,      0.1856,      0.1527,     49.0792,      0.1940,      5.5013,     11.0027,      1.7140,     27.9815,     55.9631,      0.0189,      0.0025,      0.2467,      0.1970,   7571.4893,-486758.1875,   -978.7891,    538.5526,  25238.2910,
       1,     167,      35,      15,       1,       3,       1,     10.0000,      1.3867,     42.3936,    244.9540,     61.6460,      3.4953,      0.1736,      0.1411,     45.9844,      0.1801,      5.5013,     11.0027,      1.5912,     27.9815,     55.9631,      0.0189,      0.0025,      0.2291,      0.1970,   7571.4878,-485694.0312,   -978.6200,    538.6245,  25238.2949,
       1,     167,      35,      16,       1,       3,       1,     10.0000,      1.3867,     42.3936,    244.9540,     61.6460,      3.4953,      0.1327,      0.1004,     53.0436,      0.1730,      5.5013,     11.0027,      1.5291,     27.9815,     55.9631,      0.0189,      0.0039,      0.1679,      0.1970,   7571.4888,-481614.6250,   -977.7973,    538.8991,  25238.2930,
       1,     167,      35,      17,       1,       3,       1,     10.0000,      1.3867,     42.3936,    244.9540,     61.6460,      3.4953,      0.1851,      0.1530,     99.2081,      0.1676,      5.5013,     11.0027,      1.4811,     27.9815,     55.9631,      0.0189,      0.0051,      0.2398,      0.1970,   7571.4883,-490351.4688,   -979.8127,    538.3108,  25238.2930,
       1,     167,      35,      18,       1,       3,       1,     10.0000,      1.3867,     42.3936,    244.9540,     61.6460,      3.4953,      0.1411,      0.1092,     76.5879,      0.1625,      5.5013,     11.0027,      1.4359,     27.9815,     55.9631,      0.0189,      0.0054,      0.1776,      0.1970,   7571.4883,-550575.3750,   -993.2568,    534.2586,  25238.2910,
       1,     167,      35,      19,       1,       3,       1,     10.0000,      1.3867,     42.3936,    244.9540,     61.6460,      3.4953,      0.1270,      0.0953,     67.2306,      0.1574,      5.5013,     11.0027,      1.3906,     27.9815,     55.9631,      0.0189,      0.0053,      0.1580,      0.1969,   7571.4878,-526699.8750,   -988.2548,    535.8683,  25238.2910,
       1,     167,      35,      20,       1,       3,       1,     10.0000,      1.3867,     42.3936,    244.9540,     61.6460,      3.4953,      0.0135,     -0.0180,      5.6429,      0.1518,      5.5013,     11.0027,      1.3412,     27.9815,     55.9631,      0.0189,      0.0045,      0.0156,      0.1969,   7571.4878,-512552.8438,   -985.3338,    536.8183,  25238.2910,
       1,     167,      35,      21,       1,       3,       1,     10.0000,      1.3867,     42.3936,    244.9540,     61.6460,      3.4953,      0.0000,     -0.0313,      4.9627,      0.1459,      5.5013,     11.0027,      1.2896,     27.9815,     55.9631,      0.0189,      0.0040,      0.0156,      0.1969,   7571.4878,-431965.5000,   -967.5551,    542.2267,  25238.2910,
       1,     167,      35,      22,       1,       3,       1,     10.0000,      1.3867,     42.3936,    244.9540,     61.6460,      3.4953,      0.0000,     -0.0313,      4.4084,      0.1458,      5.5013,     11.0027,      1.2883,     27.9815,     55.9631,      0.0189,      0.0035,      0.0156,      0.1970,   7571.4878,-424159.3125,   -965.7742,    542.7832,  25238.2910,
       1,     167,      35,      23,       1,       3,       1,     10.0000,      1.3867,     42.3936,    244.9540,     61.6460,      3.4953,      0.0000,     -0.0313,      4.1459,      0.1459,      5.5013,     11.0027,      1.2896,     27.9815,     55.9631,      0.0189,      0.0033,      0.0156,      0.1970,   7571.4878,-422730.1562,   -965.4117,    542.8804,  25238.2910,
       1,     167,      35,      24,       1,       3,       1,     10.0000,      1.3867,     42.3936,    244.9540,     61.6460,      3.4953,      0.0000,     -0.0312,      3.9050,      0.1440,      5.5013,     11.0027,      1.2728,     27.9815,     55.9631,      0.0189,      0.0031,      0.0156,      0.1970,   7571.4878,-422267.2188,   -965.2672,    542.9119,  25238.2910,
       1,     167,      36,       1,       1,       3,       1,     10.0000,      1.3868,     42.3939,    244.9597,     61.6474,      3.4953,      0.0000,     -0.0312,      3.3215,      0.1432,      5.5021,     11.0042,      1.2652,     27.9825,     55.9649,      0.0189,      0.0026,      0.0156,      0.1971,   7571.4878,-422071.8438,   -965.5074,    542.9379,  25239.4219,
       1,     167,      36,       2,       1,       3,       1,     10.0000,      1.3868,     42.3939,    244.9597,     61.6474,      3.4953,      0.0000,     -0.0312,      2.7114,      0.1438,      5.5021,     11.0042,      1.2703,     27.9825,     55.9649,      0.0189,      0.0022,      0.0156,      0.1971,   7571.8267,-421151.1875,   -964.9502,    543.0004,  25239.4219,
       1,     167,      36,       3,       1,       3,       1,     10.0000,      1.3868,     42.3939,    244.9597,     61.6474,      3.4953,      0.0000,     -0.0312,      2.5320,      0.1415,      5.5021,     11.0042,      1.2499,     27.9825,     55.9649,      0.0189,      0.0020,      0.0156,      0.1971,   7571.8267,-420285.9375,   -964.7327,    543.0591,  25239.4219,
       1,     167,      36,       4,       1,       3,       1,     10.0000,      1.3868,     42.3939,    244.9597,     61.6474,      3.4953,      0.0000,     -0.0310,      2.4294,      0.1383,      5.5021,     11.0042,      1.2225,     27.9825,     55.9649,      0.0189,      0.0019,      0.0156,      0.1971,   7571.8267,-419979.5000,   -964.6418,    543.0800,  25239.4199,
       1,     167,      36,       5,       1,       3,       1,     10.0000,      1.3868,     42.3939,    244.9597,     61.6474,      3.4953,      0.0000,     -0.0310,      2.2363,      0.1382,      5.5021,     11.0042,      1.2212,     27.9825,     55.9649,      0.0189,      0.0018,      0.0156,      0.1971,   7571.8262,-419821.0938,   -964.5859,    543.0907,  25239.4199,
       1,     167,      36,       6,       1,       3,       1,     10.0000,      1.3868,     42.3939,    244.9597,     61.6474,      3.4953,      0.0000,     -0.0311,      2.1252,      0.1399,      5.5021,     11.0042,      1.2361,     27.9825,     55.9649,      0.0189,      0.0017,      0.0156,      0.1971,   7571.8262,-419558.8438,   -964.5084,    543.1085,  25239.4199,
       1,     167,      36,       7,       1,       3,       1,     10.0000,      1.3868,     42.3939,    244.9597,     61.6474,      3.4953,      0.0000,     -0.0310,      1.9315,      0.1382,      5.5021,     11.0042,      1.2212,     27.9825,     55.9649,      0.0189,      0.0015,      0.0156,      0.1971,   7571.8262,-419393.0625,   -964.4531,    543.1198,  25239.4199,
       1,     167,      36,       8,       1,       3,       1,     10.0000,      1.3868,     42.3939,    244.9597,     61.6474,      3.4953,      0.0006,     -0.0304,      1.8168,      0.1372,      5.5021,     11.0042,      1.2126,     27.9825,     55.9649,      0.0189,      0.0014,      0.0156,      0.1971,   7571.8262,-419129.2188,   -964.3781,    543.1377,  25239.4180,
       1,     167,      36,       9,       1,       3,       1,     10.0000,      1.3868,     42.3939,    244.9597,     61.6474,      3.4953,      0.0484,      0.0172,      5.4594,      0.1430,      5.5021,     11.0042,      1.2639,     27.9825,     55.9649,      0.0189,      0.0014,      0.0501,      0.1971,   7571.8257,-418958.7812,   -964.3262,    543.1492,  25239.4219,
       1,     167,      36,      10,       1,       3,       1,     10.0000,      1.3868,     42.3939,    244.9597,     61.6474,      3.4953,      0.1027,      0.0707,     14.6529,      0.1658,      5.5021,     11.0042,      1.4649,     27.9825,     55.9649,      0.0189,      0.0014,      0.1282,      0.1971,   7571.8267,-423629.6875,   -965.3467,    542.8321,  25239.4199,
       1,     167,      36,      11,       1,       3,       1,     10.0000,      1.3868,     42.3939,    244.9597,     61.6474,      3.4953,      0.1670,      0.1345,     29.9261,      0.1808,      5.5021,     11.0042,      1.5976,     27.9825,     55.9649,      0.0189,      0.0017,      0.2213,      0.1971,   7571.8262,-435866.7500,   -968.0561,    542.0018,  25239.4199,
       1,     167,      36,      12,       1,       3,       1,     10.0000,      1.3868,     42.3939,    244.9597,     61.6474,      3.4953,      0.1864,      0.1537,     30.0376,      0.1877,      5.5021,     11.0042,      1.6590,     27.9825,     55.9649,      0.0189,      0.0015,      0.2500,      0.1970,   7571.8262,-456591.0000,   -972.6445,    540.5984,  25239.4199,
       1,     167,      36,      13,       1,       3,       1,     10.0000,      1.3868,     42.3939,    244.9597,     61.6474,      3.4953,      0.1863,      0.1530,     30.3813,      0.2080,      5.5021,     11.0042,      1.8384,     27.9825,     55.9649,      0.0189,      0.0015,      0.2500,      0.1970,   7571.8262,-458546.7188,   -973.0411,    540.4681,  25239.4180,
       1,     167,      36,      14,       1,       3,       1,     10.0000,      1.3868,     42.3939,    244.9597,     61.6474,      3.4953,      0.1865,      0.1535,     31.7212,      0.1967,      5.5021,     11.0042,      1.7379,     27.9825,     55.9649,      0.0189,      0.0016,      0.2500,      0.1970,   7571.8257,-459157.6250,   -973.1100,    540.4269,  25239.4180,
       1,     167,      36,      15,       1,       3,       1,     10.0000,      1.3868,     42.3939,    244.9597,     61.6474,      3.4953,      0.1881,      0.1550,     53.7505,      0.2018,      5.5021,     11.0042,      1.7831,     27.9825,     55.9649,      0.0189,      0.0027,      0.2500,      0.1970,   7571.8257,-460935.5938,   -973.4507,    540.3068,  25239.4199,
       1,     167,      36,      16,       1,       3,       1,     10.0000,      1.3868,     42.3939,    244.9597,     61.6474,      3.4953,      0.1894,      0.1573,     65.9698,      0.1674,      5.5021,     11.0042,      1.4796,     27.9825,     55.9649,      0.0189,      0.0033,      0.2500,      0.1970,   7571.8262,-489449.1875,   -979.7697,    538.3810,  25239.4199,
       1,     167,      36,      17,       1,       3,       1,     10.0000,      1.3868,     42.3939,    244.9597,     61.6474,      3.4953,      0.1905,      0.1585,     80.4263,      0.1673,      5.5021,     11.0042,      1.4782,     27.9825,     55.9649,      0.0189,      0.0040,      0.2500,      0.1970,   7571.8262,-507680.5938,   -983.8700,    537.1575,  25239.4199,
       1,     167,      36,      18,       1,       3,       1,     10.0000,      1.3868,     42.3939,    244.9597,     61.6474,      3.4953,      0.1807,      0.1492,     91.1939,      0.1491,      5.5021,     11.0042,      1.3172,     27.9825,     55.9649,      0.0189,      0.0048,      0.2341,      0.1970,   7571.8262,-527890.7500,   -988.5103,    535.8019,  25239.4199,
       1,     167,      36,      19,       1,       3,       1,     10.0000,      1.3868,     42.3939,    244.9597,     61.6474,      3.4953,      0.1267,      0.0955,     58.1399,      0.1449,      5.5021,     11.0042,      1.2806,     27.9825,     55.9649,      0.0189,      0.0046,      0.1588,      0.1969,   7571.8262,-543528.1250,   -992.2368,    534.7562,  25239.4180,
       1,     167,      36,      20,       1,       3,       1,     10.0000,      1.3868,     42.3939,    244.9597,     61.6474,      3.4953,      0.0164,     -0.0147,      1.4457,      0.1407,      5.5021,     11.0042,      1.2436,     27.9825,     55.9649,      0.0189,      0.0048,      0.0038,      0.1969,   7571.8257,-502281.8438,   -983.3027,    537.5143,  25239.4199,
       1,     167,      36,      21,       1,       3,       1,     10.0000,      1.3868,     42.3939,    244.9597,     61.6474,      3.4953,      0.0000,     -0.0310,      3.1831,      0.1383,      5.5021,     11.0042,      1.2225,     27.9825,     55.9649,      0.0189,      0.0025,      0.0156,      0.1970,   7571.8262,-425687.4375,   -966.2737,    542.6678,  25239.4180,
       1,     167,      36,      22,       1,       3,       1,     10.0000,      1.3868,     42.3939,    244.9597,     61.6474,      3.4953,      0.0000,     -0.0310,      3.1558,      0.1382,      5.5021,     11.0042,      1.2212,     27.9825,     55.9649,      0.0189,      0.0025,      0.0156,      0.1970,   7571.8257,-421321.2188,   -965.2789,    542.9888,  25239.4180,
       1,     167,      36,      23,       1,       3,       1,     10.0000,      1.3868,     42.3939,    244.9597,     61.6474,      3.4953,      0.0000,     -0.0310,      2.3128,      0.1381,      5.5021,     11.0042,      1.2200,     27.9825,     55.9649,      0.0189,      0.0018,      0.0156,      0.1971,   7571.8257,-420873.1875,   -965.1594,    543.0193,  25239.4180,
       1,     167,      36,      24,       1,       3,       1,     10.0000,      1.3868,     42.3939,    244.9597,     61.6474,      3.4953,      0.0000,     -0.0311,      2.0420,      0.1405,      5.5021,     11.0042,      1.2411,     27.9825,     55.9649,      0.0189,      0.0016,      0.0156,      0.1971,   7571.8257,-419749.3125,   -964.8950,    543.0955,  25239.4180,
       1,     167,      37,       1,       1,       3,       1,     10.0000,      1.3868,     42.3943,    244.9655,     61.6488,      3.4953,      0.0000,     -0.0312,      1.8579,      0.1423,      5.5015,     11.0031,      1.2576,     27.9874,     55.9748,      0.0189,      0.0015,      0.0156,      0.1971,   7571.8257,-419458.0000,   -965.1409,    543.1281,  25240.5488,
       1,     167,      37,       2,       1,       3,       1,     10.0000,      1.3868,     42.3943,    244.9655,     61.6488,      3.4953,      0.0000,     -0.0312,      1.4685,      0.1430,      5.5015,     11.0031,      1.2639,     27.9874,     55.9748,      0.0189,      0.0012,      0.0156,      0.1971,   7572.1650,-419043.1250,   -964.7135,    543.1562,  25240.5488,
       1,     167,      37,       3,       1,       3,       1,     10.0000,      1.3868,     42.3943,    244.9655,     61.6488,      3.4953,      0.0000,     -0.0312,      1.2247,      0.1439,      5.5015,     11.0031,      1.2716,     27.9874,     55.9748,      0.0189,      0.0010,      0.0156,      0.1971,   7572.1650,-418505.9688,   -964.5851,    543.1927,  25240.5488,
       1,     167,      37,       4,       1,       3,       1,     10.0000,      1.3868,     42.3943,    244.9655,     61.6488,      3.4953,      0.0000,     -0.0313,      0.9192,      0.1442,      5.5015,     11.0031,      1.2742,     27.9874,     55.9748,      0.0189,      0.0007,      0.0156,      0.1971,   7572.1650,-418145.3125,   -964.4979,    543.2172,  25240.5488,
       1,     167,      37,       5,       1,       3,       1,     10.0000,      1.3868,     42.3943,    244.9655,     61.6488,      3.4953,      0.0000,     -0.0312,      1.1198,      0.1436,      5.5015,     11.0031,      1.2690,     27.9874,     55.9748,      0.0189,      0.0009,      0.0156,      0.1971,   7572.1650,-417720.9062,   -964.3989,    543.2460,  25240.5488,
       1,     167,      37,       6,       1,       3,       1,     10.0000,      1.3868,     42.3943,    244.9655,     61.6488,      3.4953,      0.0000,     -0.0312,      1.6963,      0.1426,      5.5015,     11.0031,      1.2601,     27.9874,     55.9748,      0.0189,      0.0014,      0.0156,      0.1971,   7572.1650,-417941.8125,   -964.4428,    543.2310,  25240.5488,
       1,     167,      37,       7,       1,       3,       1,     10.0000,      1.3868,     42.3943,    244.9655,     61.6488,      3.4953,      0.0000,     -0.0312,      1.6968,      0.1417,      5.5015,     11.0031,      1.2525,     27.9874,     55.9748,      0.0189,      0.0014,      0.0156,      0.1971,   7572.1650,-418702.7500,   -964.6026,    543.1793,  25240.5488,
       1,     167,      37,       8,       1,       3,       1,     10.0000,      1.3868,     42.3943,    244.9655,     61.6488,      3.4953,      0.0011,     -0.0301,      1.7455,      0.1412,      5.5015,     11.0031,      1.2475,     27.9874,     55.9748,      0.0189,      0.0014,      0.0156,      0.1971,   7572.1650,-418769.9062,   -964.6074,    543.1748,  25240.5488,
       1,     167,      37,       9,       1,       3,       1,     10.0000,      1.3868,     42.3943,    244.9655,     61.6488,      3.4953,      0.0795,      0.0482,     10.9742,      0.1461,      5.5015,     11.0031,      1.2910,     27.9874,     55.9748,      0.0189,      0.0014,      0.0949,      0.1971,   7572.1650,-418838.4062,   -964.6121,    543.1701,  25240.5488,
       1,     167,      37,      10,       1,       3,       1,     10.0000,      1.3868,     42.3943,    244.9655,     61.6488,      3.4953,      0.1662,      0.1346,     27.1794,      0.1546,      5.5015,     11.0031,      1.3658,     27.9874,     55.9748,      0.0189,      0.0015,      0.2203,      0.1971,   7572.1650,-430715.9375,   -967.2634,    542.3637,  25240.5488,
       1,     167,      37,      11,       1,       3,       1,     10.0000,      1.3868,     42.3943,    244.9655,     61.6488,      3.4953,      0.1826,      0.1504,     31.4406,      0.1719,      5.5015,     11.0031,      1.5186,     27.9874,     55.9748,      0.0189,      0.0016,      0.2441,      0.1971,   7572.1650,-452604.1250,   -972.1589,    540.8804,  25240.5488,
       1,     167,      37,      12,       1,       3,       1,     10.0000,      1.3868,     42.3943,    244.9655,     61.6488,      3.4953,      0.1733,      0.1407,     30.1727,      0.1837,      5.5015,     11.0031,      1.6232,     27.9874,     55.9748,      0.0189,      0.0016,      0.2306,      0.1971,   7572.1650,-460003.1875,   -973.8228,    540.3821,  25240.5488,
       1,     167,      37,      13,       1,       3,       1,     10.0000,      1.3868,     42.3943,    244.9655,     61.6488,      3.4953,      0.1872,      0.1545,     41.1900,      0.1906,      5.5015,     11.0031,      1.6838,     27.9874,     55.9748,      0.0189,      0.0021,      0.2500,      0.1970,   7572.1650,-459014.1562,   -973.6248,    540.4492,  25240.5488,
       1,     167,      37,      14,       1,       3,       1,     10.0000,      1.3868,     42.3943,    244.9655,     61.6488,      3.4953,      0.1876,      0.1548,     45.3632,      0.1892,      5.5015,     11.0031,      1.6722,     27.9874,     55.9748,      0.0189,      0.0023,      0.2500,      0.1970,   7572.1650,-473108.2812,   -976.7733,    539.4970,  25240.5488,
       1,     167,      37,      15,       1,       3,       1,     10.0000,      1.3868,     42.3943,    244.9655,     61.6488,      3.4953,      0.1882,      0.1559,     51.9544,      0.1757,      5.5015,     11.0031,      1.5522,     27.9874,     55.9748,      0.0189,      0.0026,      0.2500,      0.1970,   7572.1650,-479711.3438,   -978.2822,    539.0526,  25240.5469,
       1,     167,      37,      16,       1,       3,       1,     10.0000,      1.3868,     42.3943,    244.9655,     61.6488,      3.4953,      0.1898,      0.1580,     70.7437,      0.1614,      5.5015,     11.0031,      1.4259,     27.9874,     55.9748,      0.0189,      0.0035,      0.2500,      0.1970,   7572.1646,-488772.4062,   -980.3695,    538.4423,  25240.5469,
       1,     167,      37,      17,       1,       3,       1,     10.0000,      1.3868,     42.3943,    244.9655,     61.6488,      3.4953,      0.1911,      0.1595,     86.3209,      0.1544,      5.5015,     11.0031,      1.3644,     27.9874,     55.9748,      0.0189,      0.0043,      0.2500,      0.1970,   7572.1646,-513757.3438,   -986.0833,    536.7610,  25240.5469,
       1,     167,      37,      18,       1,       3,       1,     10.0000,      1.3868,     42.3943,    244.9655,     61.6488,      3.4953,      0.1792,      0.1474,     85.6067,      0.1591,      5.5015,     11.0031,      1.4061,     27.9874,     55.9748,      0.0189,      0.0046,      0.2326,      0.1970,   7572.1646,-536005.9375,   -991.2820,    535.2708,  25240.5449,
       1,     167,      37,      19,       1,       3,       1,     10.0000,      1.3868,     42.3943,    244.9655,     61.6488,      3.4953,      0.1278,      0.0959,     59.7643,      0.1636,      5.5015,     11.0031,      1.4460,     27.9874,     55.9748,      0.0189,      0.0046,      0.1600,      0.1970,   7572.1636,-537023.8750,   -991.8007,    535.2048,  25240.5449,
       1,     167,      37,      20,       1,       3,       1,     10.0000,      1.3868,     42.3943,    244.9655,     61.6488,      3.4953,      0.0094,     -0.0222,      4.9417,      0.1560,      5.5015,     11.0031,      1.3782,     27.9874,     55.9748,      0.0189,      0.0039,      0.0156,      0.1970,   7572.1636,-503805.8750,   -984.6125,    537.4271,  25240.5449,
       1,     167,      37,      21,       1,       3,       1,     10.0000,      1.3868,     42.3943,    244.9655,     61.6488,      3.4953,      0.0000,     -0.0315,      4.2450,      0.1504,      5.5015,     11.0031,      1.3292,     27.9874,     55.9748,      0.0189,      0.0034,      0.0156,      0.1970,   7572.1636,-430320.3750,   -968.1968,    542.3683,  25240.5469,
       1,     167,      37,      22,       1,       3,       1,     10.0000,      1.3868,     42.3943,    244.9655,     61.6488,      3.4953,      0.0000,     -0.0314,      3.8058,      0.1479,      5.5015,     11.0031,      1.3067,     27.9874,     55.9748,      0.0189,      0.0030,      0.0156,      0.1971,   7572.1646,-423091.4688,   -966.5485,    542.8813,  25240.5430,
       1,     167,      37,      23,       1,       3,       1,     10.0000,      1.3868,     42.3943,    244.9655,     61.6488,      3.4953,      0.0000,     -0.0314,      2.8509,      0.1480,      5.5015,     11.0031,      1.3080,     27.9874,     55.9748,      0.0189,      0.0023,      0.0156,      0.1971,   7572.1631,-421867.1875,   -966.2537,    542.9645,  25240.5430,
       1,     167,      37,      24,       1,       3,       1,     10.0000,      1.3868,     42.3943,    244.9655,     61.6488,      3.4953,      0.0000,     -0.0313,      3.6902,      0.1464,      5.5015,     11.0031,      1.2936,     27.9874,     55.9748,      0.0189,      0.0029,      0.0156,      0.1971,   7572.1631,-420531.5625,   -965.9386,    543.0552,  25240.5430,
       1,     167,      38,       1,       1,       3,       1,     10.0000,      1.3868,     42.3946,    244.9713,     61.6503,      3.4953,      0.0000,     -0.0312,      3.1648,      0.1439,      5.5016,     11.0032,      1.2716,     27.9947,     55.9894,      0.0190,      0.0025,      0.0156,      0.1971,   7572.1631,-421649.7812,   -966.4973,    542.9920,  25241.6758,
       1,     167,      38,       2,       1,       3,       1,     10.0000,      1.3868,     42.3946,    244.9713,     61.6503,      3.4953,      0.0000,     -0.0311,      2.6983,      0.1405,      5.5016,     11.0032,      1.2412,     27.9947,     55.9894,      0.0190,      0.0022,      0.0156,      0.1971,   7572.5029,-420918.7812,   -965.9909,    543.0416,  25241.6758,
       1,     167,      38,       3,       1,       3,       1,     10.0000,      1.3868,     42.3946,    244.9713,     61.6503,      3.4953,      0.0000,     -0.0310,      2.7540,      0.1370,      5.5016,     11.0032,      1.2102,     27.9947,     55.9894,      0.0190,      0.0022,      0.0156,      0.1971,   7572.5029,-420254.8750,   -965.8281,    543.0867,  25241.6758,
       1,     167,      38,       4,       1,       3,       1,     10.0000,      1.3868,     42.3946,    244.9713,     61.6503,      3.4953,      0.0000,     -0.0310,      2.7836,      0.1365,      5.5016,     11.0032,      1.2065,     27.9947,     55.9894,      0.0190,      0.0022,      0.0156,      0.1971,   7572.5029,-420268.5312,   -965.8174,    543.0858,  25241.6758,
       1,     167,      38,       5,       1,       3,       1,     10.0000,      1.3868,     42.3946,    244.9713,     61.6503,      3.4953,      0.0000,     -0.0309,      2.8841,      0.1359,      5.5016,     11.0032,      1.2005,     27.9947,     55.9894,      0.0190,      0.0023,      0.0156,      0.1971,   7572.5029,-420307.6875,   -965.8124,    543.0831,  25241.6758,
       1,     167,      38,       6,       1,       3,       1,     10.0000,      1.3868,     42.3946,    244.9713,     61.6503,      3.4953,      0.0000,     -0.0309,      2.7119,      0.1334,      5.5016,     11.0032,      1.1788,     27.9947,     55.9894,      0.0190,      0.0022,      0.0156,      0.1971,   7572.5029,-420440.5312,   -965.8280,    543.0742,  25241.6758,
       1,     167,      38,       7,       1,       3,       1,     10.0000,      1.3868,     42.3946,    244.9713,     61.6503,      3.4953,      0.0000,     -0.0308,      2.6920,      0.1325,      5.5016,     11.0032,      1.1704,     27.9947,     55.9894,      0.0190,      0.0021,      0.0156,      0.1971,   7572.5029,-420230.5312,   -965.7676,    543.0884,  25241.6758,
       1,     167,      38,       8,       1,       3,       1,     10.0000,      1.3868,     42.3946,    244.9713,     61.6503,      3.4953,      0.0007,     -0.0300,      2.2662,      0.1301,      5.5016,     11.0032,      1.1492,     27.9947,     55.9894,      0.0190,      0.0018,      0.0156,      0.1971,   7572.5029,-420186.5938,   -965.7451,    543.0914,  25241.6758,
       1,     167,      38,       9,       1,       3,       1,     10.0000,      1.3868,     42.3946,    244.9713,     61.6503,      3.4953,      0.0779,      0.0472,     14.4969,      0.1315,      5.5016,     11.0032,      1.1621,     27.9947,     55.9894,      0.0190,      0.0019,      0.0926,      0.1971,   7572.5029,-419635.0000,   -965.6101,    543.1288,  25241.6758,
       1,     167,      38,      10,       1,       3,       1,     10.0000,      1.3868,     42.3946,    244.9713,     61.6503,      3.4953,      0.1633,      0.1318,     37.2282,      0.1515,      5.5016,     11.0032,      1.3386,     27.9947,     55.9894,      0.0190,      0.0022,      0.2148,      0.1971,   7572.5029,-435318.4062,   -969.1417,    542.0640,  25241.6758,
       1,     167,      38,      11,       1,       3,       1,     10.0000,      1.3868,     42.3946,    244.9713,     61.6503,      3.4953,      0.1859,      0.1539,     37.1530,      0.1658,      5.5016,     11.0032,      1.4650,     27.9947,     55.9894,      0.0190,      0.0019,      0.2482,      0.1971,   7572.5029,-465934.8125,   -976.0562,    539.9906,  25241.6758,
       1,     167,      38,      12,       1,       3,       1,     10.0000,      1.3868,     42.3946,    244.9713,     61.6503,      3.4953,      0.1869,      0.1546,     35.0962,      0.1744,      5.5016,     11.0032,      1.5415,     27.9947,     55.9894,      0.0190,      0.0017,      0.2500,      0.1971,   7572.5029,-468518.1875,   -976.6799,    539.8202,  25241.6758,
       1,     167,      38,      13,       1,       3,       1,     10.0000,      1.3868,     42.3946,    244.9713,     61.6503,      3.4953,      0.1876,      0.1552,     44.7518,      0.1781,      5.5016,     11.0032,      1.5740,     27.9947,     55.9894,      0.0190,      0.0022,      0.2500,      0.1971,   7572.5029,-466090.7188,   -976.1756,    539.9840,  25241.6758,
       1,     167,      38,      14,       1,       3,       1,     10.0000,      1.3868,     42.3946,    244.9713,     61.6503,      3.4953,      0.1882,      0.1557,     52.6255,      0.1815,      5.5016,     11.0032,      1.6040,     27.9947,     55.9894,      0.0190,      0.0026,      0.2500,      0.1971,   7572.5029,-478307.1562,   -978.9674,    539.1594,  25241.6777,
       1,     167,      38,      15,       1,       3,       1,     10.0000,      1.3868,     42.3946,    244.9713,     61.6503,      3.4953,      0.1900,      0.1574,     76.0955,      0.1842,      5.5016,     11.0032,      1.6281,     27.9947,     55.9894,      0.0190,      0.0038,      0.2500,      0.1971,   7572.5034,-489509.0312,   -981.5690,    538.4051,  25241.6758,
       1,     167,      38,      16,       1,       3,       1,     10.0000,      1.3868,     42.3946,    244.9713,     61.6503,      3.4953,      0.1919,      0.1594,     99.6972,      0.1817,      5.5016,     11.0032,      1.6056,     27.9947,     55.9894,      0.0190,      0.0050,      0.2500,      0.1970,   7572.5029,-520704.4375,   -988.7454,    536.3062,  25241.6758,
       1,     167,      38,      17,       1,       3,       1,     10.0000,      1.3868,     42.3946,    244.9713,     61.6503,      3.4953,      0.1612,      0.1288,     95.1079,      0.1774,      5.5016,     11.0032,      1.5678,     27.9947,     55.9894,      0.0190,      0.0058,      0.2051,      0.1970,   7572.5029,-553834.9375,   -996.4808,    534.0892,  25241.6758,
       1,     167,      38,      18,       1,       3,       1,     10.0000,      1.3868,     42.3946,    244.9713,     61.6503,      3.4953,      0.1103,      0.0783,     63.4519,      0.1666,      5.5016,     11.0032,      1.4723,     27.9947,     55.9894,      0.0190,      0.0059,      0.1338,      0.1970,   7572.5029,-550809.6875,   -996.1723,    534.2957,  25241.6758,
       1,     167,      38,      19,       1,       3,       1,     10.0000,      1.3868,     42.3946,    244.9713,     61.6503,      3.4953,      0.0749,      0.0432,     42.8971,      0.1587,      5.5016,     11.0032,      1.4019,     27.9947,     55.9894,      0.0190,      0.0063,      0.0842,      0.1970,   7572.5029,-509740.7188,   -987.2175,    537.0386,  25241.6738,
       1,     167,      38,      20,       1,       3,       1,     10.0000,      1.3868,     42.3946,    244.9713,     61.6503,      3.4953,      0.0086,     -0.0229,      8.1765,      0.1510,      5.5016,     11.0032,      1.3346,     27.9947,     55.9894,      0.0190,      0.0065,      0.0156,      0.1970,   7572.5024,-479720.9062,   -980.5965,    539.0610,  25241.6738,
       1,     167,      38,      21,       1,       3,       1,     10.0000,      1.3868,     42.3946,    244.9713,     61.6503,      3.4953,      0.0000,     -0.0314,      7.4343,      0.1485,      5.5016,     11.0032,      1.3120,     27.9947,     55.9894,      0.0190,      0.0059,      0.0156,      0.1971,   7572.5024,-432414.0625,   -969.9150,    542.2524,  25241.6719,
       1,     167,      38,      22,       1,       3,       1,     10.0000,      1.3868,     42.3946,    244.9713,     61.6503,      3.4953,      0.0000,     -0.0313,      7.6191,      0.1460,      5.5016,     11.0032,      1.2897,     27.9947,     55.9894,      0.0190,      0.0061,      0.0156,      0.1971,   7572.5020,-427362.6250,   -968.7439,    542.6043,  25241.6719,
       1,     167,      38,      23,       1,       3,       1,     10.0000,      1.3868,     42.3946,    244.9713,     61.6503,      3.4953,      0.0000,     -0.0314,      6.8780,      0.1471,      5.5016,     11.0032,      1.3001,     27.9947,     55.9894,      0.0190,      0.0055,      0.0156,      0.1971,   7572.5020,-427147.7188,   -968.6672,    542.6190,  25241.6719,
       1,     167,      38,      24,       1,       3,       1,     10.0000,      1.3868,     42.3946,    244.9713,     61.6503,      3.4953,      0.0000,     -0.0313,      5.9544,      0.1446,      5.5016,     11.0032,      1.2781,     27.9947,     55.9894,      0.0190,      0.0048,      0.0156,      0.1971,   7572.5020,-426175.5312,   -968.4218,    542.6849,  25241.6719,
       1,     167,      39,       1,       1,       3,       1,     10.0000,      1.3868,     42.3949,    244.9770,     61.6517,      3.4953,      0.0000,     -0.0311,      5.0575,      0.1402,      5.5020,     11.0040,      1.2387,     27.9987,     55.9973,      0.0190,      0.0040,      0.0156,      0.1971,   7572.5020,-425057.0938,   -968.4758,    542.7736,  25242.8027,
       1,     167,      39,       2,       1,       3,       1,     10.0000,      1.3868,     42.3949,    244.9770,     61.6517,      3.4953,      0.0000,     -0.0309,      4.5718,      0.1348,      5.5020,     11.0040,      1.1908,     27.9987,     55.9973,      0.0190,      0.0036,      0.0156,      0.1971,   7572.8413,-423653.2812,   -967.8129,    542.8688,  25242.8027,
       1,     167,      39,       3,       1,       3,       1,     10.0000,      1.3868,     42.3949,    244.9770,     61.6517,      3.4953,      0.0000,     -0.0307,      4.0872,      0.1302,      5.5020,     11.0040,      1.1504,     27.9987,     55.9973,      0.0190,      0.0033,      0.0156,      0.1971,   7572.8413,-422906.1875,   -967.6282,    542.9195,  25242.8027,
       1,     167,      39,       4,       1,       3,       1,     10.0000,      1.3868,     42.3949,    244.9770,     61.6517,      3.4953,      0.0000,     -0.0306,      4.2127,      0.1264,      5.5020,     11.0040,      1.1170,     27.9987,     55.9973,      0.0190,      0.0034,      0.0156,      0.1971,   7572.8413,-422217.6562,   -967.4590,    542.9662,  25242.8027,
       1,     167,      39,       5,       1,       3,       1,     10.0000,      1.3868,     42.3949,    244.9770,     61.6517,      3.4953,      0.0000,     -0.0305,      4.0951,      0.1237,      5.5020,     11.0040,      1.0934,     27.9987,     55.9973,      0.0190,      0.0033,      0.0156,      0.1971,   7572.8413,-422319.0000,   -967.4684,    542.9594,  25242.8027,
       1,     167,      39,       6,       1,       3,       1,     10.0000,      1.3868,     42.3949,    244.9770,     61.6517,      3.4953,      0.0000,     -0.0305,      3.9381,      0.1246,      5.5020,     11.0040,      1.1012,     27.9987,     55.9973,      0.0190,      0.0031,      0.0156,      0.1971,   7572.8413,-422176.5625,   -967.4230,    542.9690,  25242.8027,
       1,     167,      39,       7,       1,       3,       1,     10.0000,      1.3868,     42.3949,    244.9770,     61.6517,      3.4953,      0.0000,     -0.0305,      3.9264,      0.1248,      5.5020,     11.0040,      1.1023,     27.9987,     55.9973,      0.0190,      0.0031,      0.0156,      0.1971,   7572.8413,-421962.2188,   -967.3622,    542.9836,  25242.8027,
       1,     167,      39,       8,       1,       3,       1,     10.0000,      1.3868,     42.3949,    244.9770,     61.6517,      3.4953,      0.0009,     -0.0297,      3.6036,      0.1254,      5.5020,     11.0040,      1.1080,     27.9987,     55.9973,      0.0190,      0.0029,      0.0156,      0.1971,   7572.8413,-421928.4375,   -967.3425,    542.9859,  25242.8027,
       1,     167,      39,       9,       1,       3,       1,     10.0000,      1.3868,     42.3949,    244.9770,     61.6517,      3.4953,      0.0591,      0.0283,     12.8421,      0.1301,      5.5020,     11.0040,      1.1493,     27.9987,     55.9973,      0.0190,      0.0024,      0.0652,      0.1971,   7572.8413,-421510.2812,   -967.2366,    543.0143,  25242.8027,
       1,     167,      39,      10,       1,       3,       1,     10.0000,      1.3868,     42.3949,    244.9770,     61.6517,      3.4953,      0.1595,      0.1279,     40.7154,      0.1540,      5.5020,     11.0040,      1.3604,     27.9987,     55.9973,      0.0190,      0.0024,      0.2089,      0.1971,   7572.8413,-433355.4062,   -969.9241,    542.2102,  25242.8027,
       1,     167,      39,      11,       1,       3,       1,     10.0000,      1.3868,     42.3949,    244.9770,     61.6517,      3.4953,      0.1816,      0.1495,     44.6439,      0.1686,      5.5020,     11.0040,      1.4901,     27.9987,     55.9973,      0.0190,      0.0023,      0.2410,      0.1971,   7572.8413,-470245.4062,   -978.3192,    539.7105,  25242.8027,
       1,     167,      39,      12,       1,       3,       1,     10.0000,      1.3868,     42.3949,    244.9770,     61.6517,      3.4953,      0.1882,      0.1555,     52.2525,      0.1861,      5.5020,     11.0040,      1.6443,     27.9987,     55.9973,      0.0190,      0.0026,      0.2500,      0.1971,   7572.8413,-478534.4062,   -980.2660,    539.1571,  25242.8008,
       1,     167,      39,      13,       1,       3,       1,     10.0000,      1.3868,     42.3949,    244.9770,     61.6517,      3.4953,      0.1887,      0.1559,     59.9353,      0.1921,      5.5020,     11.0040,      1.6973,     27.9987,     55.9973,      0.0190,      0.0030,      0.2500,      0.1971,   7572.8403,-489043.4688,   -982.7438,    538.4492,  25242.8027,
       1,     167,      39,      14,       1,       3,       1,     10.0000,      1.3868,     42.3949,    244.9770,     61.6517,      3.4953,      0.1887,      0.1554,     60.6562,      0.2056,      5.5020,     11.0040,      1.8169,     27.9987,     55.9973,      0.0190,      0.0030,      0.2500,      0.1971,   7572.8413,-499849.9375,   -985.3198,    537.7222,  25242.8008,
       1,     167,      39,      15,       1,       3,       1,     10.0000,      1.3868,     42.3949,    244.9770,     61.6517,      3.4953,      0.1906,      0.1575,     85.0790,      0.2024,      5.5020,     11.0040,      1.7885,     27.9987,     55.9973,      0.0190,      0.0042,      0.2500,      0.1971,   7572.8403,-501719.5312,   -985.8923,    537.5972,  25242.8008,
       1,     167,      39,      16,       1,       3,       1,     10.0000,      1.3868,     42.3949,    244.9770,     61.6517,      3.4953,      0.1922,      0.1591,    105.0929,      0.1992,      5.5020,     11.0040,      1.7605,     27.9987,     55.9973,      0.0190,      0.0052,      0.2500,      0.1971,   7572.8403,-533329.9375,   -993.2686,    535.4729,  25242.8008,
       1,     167,      39,      17,       1,       3,       1,     10.0000,      1.3868,     42.3949,    244.9770,     61.6517,      3.4953,      0.1881,      0.1556,    117.7548,      0.1828,      5.5020,     11.0040,      1.6152,     27.9987,     55.9973,      0.0190,      0.0060,      0.2423,      0.1970,   7572.8403,-561876.9375,  -1000.0798,    533.5663,  25242.7988,
       1,     167,      39,      18,       1,       3,       1,     10.0000,      1.3868,     42.3949,    244.9770,     61.6517,      3.4953,      0.1536,      0.1215,    104.2682,      0.1712,      5.5020,     11.0040,      1.5126,     27.9987,     55.9973,      0.0190,      0.0067,      0.1929,      0.1970,   7572.8398,-580684.9375,  -1004.7997,    532.3153,  25242.7988,
       1,     167,      39,      19,       1,       3,       1,     10.0000,      1.3868,     42.3949,    244.9770,     61.6517,      3.4953,      0.0626,      0.0309,     37.1385,      0.1591,      5.5020,     11.0040,      1.4061,     27.9987,     55.9973,      0.0190,      0.0069,      0.0668,      0.1970,   7572.8398,-564931.1250,  -1001.7036,    533.3651,  25242.8008,
       1,     167,      39,      20,       1,       3,       1,     10.0000,      1.3868,     42.3949,    244.9770,     61.6517,      3.4953,      0.0088,     -0.0226,      8.1279,      0.1486,      5.5020,     11.0040,      1.3133,     27.9987,     55.9973,      0.0190,      0.0065,      0.0156,      0.1970,   7572.8403,-477031.7188,   -981.9924,    539.2264,  25242.7988,
       1,     167,      39,      21,       1,       3,       1,     10.0000,      1.3868,     42.3949,    244.9770,     61.6517,      3.4953,      0.0000,     -0.0312,      7.7736,      0.1413,      5.5020,     11.0040,      1.2488,     27.9987,     55.9973,      0.0190,      0.0062,      0.0156,      0.1971,   7572.8398,-432157.5938,   -971.7800,    542.2833,  25242.7988,
       1,     167,      39,      22,       1,       3,       1,     10.0000,      1.3868,     42.3949,    244.9770,     61.6517,      3.4953,      0.0000,     -0.0306,      6.0791,      0.1274,      5.5020,     11.0040,      1.1261,     27.9987,     55.9973,      0.0190,      0.0048,      0.0156,      0.1971,   7572.8398,-427777.8125,   -970.7649,    542.5889,  25242.7988,
       1,     167,      39,      23,       1,       3,       1,     10.0000,      1.3868,     42.3949,    244.9770,     61.6517,      3.4953,      0.0000,     -0.0304,      5.6057,      0.1212,      5.5020,     11.0040,      1.0713,     27.9987,     55.9973,      0.0190,      0.0045,      0.0156,      0.1971,   7572.8398,-425205.1250,   -970.1661,    542.7635,  25242.7969,
       1,     167,      39,      24,       1,       3,       1,     10.0000,      1.3868,     42.3949,    244.9770,     61.6517,      3.4953,      0.0000,     -0.0304,      4.8385,      0.1209,      5.5020,     11.0040,      1.0680,     27.9987,     55.9973,      0.0190,      0.0039,      0.0156,      0.1971,   7572.8394,-424372.0625,   -969.9666,    542.8200,  25242.7969,
       1,     167,      40,       1,       1,       3,       1,     10.0000,      1.3869,     42.3953,    244.9828,     61.6532,      3.4953,      0.0000,     -0.0303,      3.8317,      0.1182,      5.5019,     11.0037,      1.0443,     28.0036,     56.0071,      0.0190,      0.0031,      0.0156,      0.1972,   7572.8394,-423467.3438,   -970.0842,    542.8942,  25243.9277,
       1,     167,      40,       2,       1,       3,       1,     10.0000,      1.3869,     42.3953,    244.9828,     61.6532,      3.4953,      0.0000,     -0.0300,      2.9233,      0.1115,      5.5019,     11.0037,      0.9851,     28.0036,     56.0071,      0.0190,      0.0023,      0.0156,      0.1972,   7573.1787,-421940.9375,   -970.7096,    542.9977,  25243.9277,
       1,     167,      40,       3,       1,       3,       1,     10.0000,      1.3869,     42.3953,    244.9828,     61.6532,      3.4953,      0.0000,     -0.0298,      1.8146,      0.1082,      5.5019,     11.0037,      0.9562,     28.0036,     56.0071,      0.0190,      0.0014,      0.0156,      0.1972,   7573.1787,-420639.5000,   -970.8000,    543.0861,  25243.9277,
       1,     167,      40,       4,       1,       3,       1,     10.0000,      1.3869,     42.3953,    244.9828,     61.6532,      3.4953,      0.0000,     -0.0294,      1.4716,      0.0993,      5.5019,     11.0037,      0.8778,     28.0036,     56.0071,      0.0190,      0.0012,      0.0156,      0.1972,   7573.1787,-419100.1875,   -971.3276,    543.1906,  25243.9277,
       1,     167,      40,       5,       1,       3,       1,     10.0000,      1.3869,     42.3953,    244.9828,     61.6532,      3.4953,      0.0000,     -0.0294,      1.3857,      0.0973,      5.5019,     11.0037,      0.8599,     28.0036,     56.0071,      0.0190,      0.0011,      0.0156,      0.1972,   7573.1787,-418524.7500,   -971.1866,    543.2297,  25243.9277,
       1,     167,      40,       6,       1,       3,       1,     10.0000,      1.3869,     42.3953,    244.9828,     61.6532,      3.4953,      0.0000,     -0.0297,      0.9595,      0.1059,      5.5019,     11.0037,      0.9358,     28.0036,     56.0071,      0.0190,      0.0008,      0.0156,      0.1972,   7573.1787,-418364.0000,   -971.1426,    543.2406,  25243.9277,
       1,     167,      40,       7,       1,       3,       1,     10.0000,      1.3869,     42.3953,    244.9828,     61.6532,      3.4953,      0.0000,     -0.0298,      0.5210,      0.1077,      5.5019,     11.0037,      0.9513,     28.0036,     56.0071,      0.0190,      0.0004,      0.0156,      0.1972,   7573.1787,-417801.9062,   -971.0095,    543.2787,  25243.9277,
       1,     167,      40,       8,       1,       3,       1,     10.0000,      1.3869,     42.3953,    244.9828,     61.6532,      3.4953,      0.0013,     -0.0284,      0.4269,      0.1051,      5.5019,     11.0037,      0.9291,     28.0036,     56.0071,      0.0190,      0.0003,      0.0156,      0.1972,   7573.1787,-417188.9688,   -971.3546,    543.3204,  25243.9277,
       1,     167,      40,       9,       1,       3,       1,     10.0000,      1.3869,     42.3953,    244.9828,     61.6532,      3.4953,      0.0808,      0.0509,      4.5941,      0.1092,      5.5019,     11.0037,      0.9651,     28.0036,     56.0071,      0.0190,      0.0006,      0.0986,      0.1972,   7573.1787,-417014.4375,   -971.3132,    543.3323,  25243.9277,
       1,     167,      40,      10,       1,       3,       1,     10.0000,      1.3869,     42.3953,    244.9828,     61.6532,      3.4953,      0.1641,      0.1333,     14.0103,      0.1338,      5.5019,     11.0037,      1.1824,     28.0036,     56.0071,      0.0190,      0.0008,      0.2187,      0.1972,   7573.1787,-422357.5938,   -972.5221,    542.9694,  25243.9277,
       1,     167,      40,      11,       1,       3,       1,     10.0000,      1.3869,     42.3953,    244.9828,     61.6532,      3.4953,      0.1838,      0.1518,     26.8859,      0.1656,      5.5019,     11.0037,      1.4636,     28.0036,     56.0071,      0.0190,      0.0014,      0.2463,      0.1972,   7573.1787,-434933.4375,   -975.3582,    542.1160,  25243.9277,
       1,     167,      40,      12,       1,       3,       1,     10.0000,      1.3869,     42.3953,    244.9828,     61.6532,      3.4953,      0.1854,      0.1533,     16.0779,      0.1686,      5.5019,     11.0037,      1.4902,     28.0036,     56.0071,      0.0190,      0.0008,      0.2500,      0.1971,   7573.1787,-452593.4375,   -979.3332,    540.9199,  25243.9258,
       1,     167,      40,      13,       1,       3,       1,     10.0000,      1.3869,     42.3953,    244.9828,     61.6532,      3.4953,      0.1854,      0.1530,     16.3453,      0.1787,      5.5019,     11.0037,      1.5788,     28.0036,     56.0071,      0.0190,      0.0008,      0.2500,      0.1971,   7573.1782,-440232.0312,   -976.4499,    541.7570,  25243.9277,
       1,     167,      40,      14,       1,       3,       1,     10.0000,      1.3869,     42.3953,    244.9828,     61.6532,      3.4953,      0.1877,      0.1549,     46.3927,      0.1908,      5.5019,     11.0037,      1.6856,     28.0036,     56.0071,      0.0190,      0.0023,      0.2500,      0.1971,   7573.1787,-439498.4062,   -976.6723,    541.8074,  25243.9277,
       1,     167,      40,      15,       1,       3,       1,     10.0000,      1.3869,     42.3953,    244.9828,     61.6532,      3.4953,      0.1894,      0.1567,     68.2493,      0.1868,      5.5019,     11.0037,      1.6509,     28.0036,     56.0071,      0.0190,      0.0034,      0.2500,      0.1971,   7573.1787,-478083.0938,   -985.4106,    539.1942,  25243.9277,
       1,     167,      40,      16,       1,       3,       1,     10.0000,      1.3869,     42.3953,    244.9828,     61.6532,      3.4953,      0.1923,      0.1597,    104.8350,      0.1848,      5.5019,     11.0037,      1.6330,     28.0036,     56.0071,      0.0190,      0.0052,      0.2500,      0.1971,   7573.1787,-509595.0938,   -992.6228,    537.0765,  25243.9258,
       1,     167,      40,      17,       1,       3,       1,     10.0000,      1.3869,     42.3953,    244.9828,     61.6532,      3.4953,      0.1759,      0.1434,    102.6231,      0.1817,      5.5019,     11.0037,      1.6057,     28.0036,     56.0071,      0.0190,      0.0056,      0.2260,      0.1971,   7573.1782,-559453.0000,  -1004.2021,    533.7335,  25243.9238,
       1,     167,      40,      18,       1,       3,       1,     10.0000,      1.3869,     42.3953,    244.9828,     61.6532,      3.4953,      0.1397,      0.1073,     80.0828,      0.1778,      5.5019,     11.0037,      1.5710,     28.0036,     56.0071,      0.0190,      0.0057,      0.1751,      0.1970,   7573.1772,-560965.9375,  -1004.9069,    533.6430,  25243.9258,
       1,     167,      40,      19,       1,       3,       1,     10.0000,      1.3869,     42.3953,    244.9828,     61.6532,      3.4953,      0.0740,      0.0423,     41.0682,      0.1566,      5.5019,     11.0037,      1.3838,     28.0036,     56.0071,      0.0190,      0.0062,      0.0830,      0.1970,   7573.1782,-532034.1875,   -998.6371,    535.5729,  25243.9258,
       1,     167,      40,      20,       1,       3,       1,     10.0000,      1.3869,     42.3953,    244.9828,     61.6532,      3.4953,      0.0138,     -0.0175,      7.1137,      0.1432,      5.5019,     11.0037,      1.2653,     28.0036,     56.0071,      0.0190,      0.0057,      0.0156,      0.1970,   7573.1782,-479275.5938,   -986.7559,    539.1084,  25243.9238,
       1,     167,      40,      21,       1,       3,       1,     10.0000,      1.3869,     42.3953,    244.9828,     61.6532,      3.4953,      0.0000,     -0.0309,      6.5817,      0.1349,      5.5019,     11.0037,      1.1920,     28.0036,     56.0071,      0.0190,      0.0053,      0.0156,      0.1971,   7573.1772,-431021.4062,   -975.7048,    542.3719,  25243.9258,
       1,     167,      40,      22,       1,       3,       1,     10.0000,      1.3869,     42.3953,    244.9828,     61.6532,      3.4953,      0.0000,     -0.0308,      6.8462,      0.1317,      5.5019,     11.0037,      1.1634,     28.0036,     56.0071,      0.0190,      0.0055,      0.0156,      0.1971,   7573.1782,-426149.5312,   -974.5446,    542.7120,  25243.9238,
       1,     167,      40,      23,       1,       3,       1,     10.0000,      1.3869,     42.3953,    244.9828,     61.6532,      3.4953,      0.0000,     -0.0307,      6.4565,      0.1286,      5.5019,     11.0037,      1.1365,     28.0036,     56.0071,      0.0190,      0.0052,      0.0156,      0.1972,   7573.1772,-426052.4062,   -974.4786,    542.7188,  25243.9258,
       1,     167,      40,      24,       1,       3,       1,     10.0000,      1.3869,     42.3953,    244.9828,     61.6532,      3.4953,      0.0000,     -0.0306,      4.8805,      0.1265,      5.5019,     11.0037,      1.1182,     28.0036,     56.0071,      0.0190,      0.0039,      0.0156,      0.1972,   7573.1782,-425542.3438,   -974.3228,    542.7534,  25243.9238,
       1,     167,      41,       1,       1,       3,       1,     10.0000,      1.3869,     42.3956,    244.9886,     61.6547,      3.4953,      0.0000,     -0.0303,      3.4427,      0.1195,      5.5024,     11.0049,      1.0562,     28.0090,     56.0180,      0.0190,      0.0027,      0.0156,      0.1972,   7573.1772,-423626.0312,   -974.1877,    542.8962,  25245.0527,
       1,     167,      41,       2,       1,       3,       1,     10.0000,      1.3869,     42.3956,    244.9886,     61.6547,      3.4953,      0.0000,     -0.0302,      2.4265,      0.1164,      5.5024,     11.0049,      1.0285,     28.0090,     56.0180,      0.0190,      0.0019,      0.0156,      0.1972,   7573.5161,-421457.6562,   -973.3425,    543.0433,  25245.0527,
       1,     167,      41,       3,       1,       3,       1,     10.0000,      1.3869,     42.3956,    244.9886,     61.6547,      3.4953,      0.0000,     -0.0300,      2.1937,      0.1121,      5.5024,     11.0049,      0.9902,     28.0090,     56.0180,      0.0190,      0.0017,      0.0156,      0.1972,   7573.5161,-419961.7812,   -972.9886,    543.1449,  25245.0527,
       1,     167,      41,       4,       1,       3,       1,     10.0000,      1.3869,     42.3956,    244.9886,     61.6547,      3.4953,      0.0000,     -0.0299,      2.4960,      0.1099,      5.5024,     11.0049,      0.9711,     28.0090,     56.0180,      0.0190,      0.0020,      0.0156,      0.1972,   7573.5161,-419531.8125,   -972.8801,    543.1741,  25245.0527,
       1,     167,      41,       5,       1,       3,       1,     10.0000,      1.3869,     42.3956,    244.9886,     61.6547,      3.4953,      0.0000,     -0.0299,      2.5058,      0.1092,      5.5024,     11.0049,      0.9651,     28.0090,     56.0180,      0.0190,      0.0020,      0.0156,      0.1972,   7573.5161,-419883.0312,   -972.9474,    543.1502,  25245.0527,
       1,     167,      41,       6,       1,       3,       1,     10.0000,      1.3869,     42.3956,    244.9886,     61.6547,      3.4953,      0.0000,     -0.0298,      1.8881,      0.1078,      5.5024,     11.0049,      0.9523,     28.0090,     56.0180,      0.0190,      0.0015,      0.0156,      0.1972,   7573.5161,-419926.4062,   -972.9503,    543.1473,  25245.0527,
       1,     167,      41,       7,       1,       3,       1,     10.0000,      1.3869,     42.3956,    244.9886,     61.6547,      3.4953,      0.0000,     -0.0298,      1.0833,      0.1063,      5.5024,     11.0049,      0.9397,     28.0090,     56.0180,      0.0190,      0.0009,      0.0156,      0.1972,   7573.5161,-419135.8438,   -972.7618,    543.2010,  25245.0527,
       1,     167,      41,       8,       1,       3,       1,     10.0000,      1.3869,     42.3956,    244.9886,     61.6547,      3.4953,      0.0004,     -0.0295,      0.5921,      0.1080,      5.5024,     11.0049,      0.9543,     28.0090,     56.0180,      0.0190,      0.0005,      0.0156,      0.1972,   7573.5161,-418032.0938,   -972.5043,    543.2759,  25245.0527,
       1,     167,      41,       9,       1,       3,       1,     10.0000,      1.3869,     42.3956,    244.9886,     61.6547,      3.4953,      0.0474,      0.0174,      1.4637,      0.1114,      5.5024,     11.0049,      0.9842,     28.0090,     56.0180,      0.0190,      0.0004,      0.0503,      0.1972,   7573.5161,-417304.0938,   -972.3363,    543.3253,  25245.0527,
       1,     167,      41,      10,       1,       3,       1,     10.0000,      1.3869,     42.3956,    244.9886,     61.6547,      3.4953,      0.1340,      0.1032,      5.7777,      0.1314,      5.5024,     11.0049,      1.1610,     28.0090,     56.0180,      0.0190,      0.0004,      0.1755,      0.1972,   7573.5161,-418361.3438,   -972.5652,    543.2535,  25245.0527,
       1,     167,      41,      11,       1,       3,       1,     10.0000,      1.3869,     42.3956,    244.9886,     61.6547,      3.4953,      0.1751,      0.1433,      8.6238,      0.1585,      5.5024,     11.0049,      1.4006,     28.0090,     56.0180,      0.0190,      0.0005,      0.2355,      0.1972,   7573.5161,-424000.2188,   -973.8358,    542.8707,  25245.0527,
       1,     167,      41,      12,       1,       3,       1,     10.0000,      1.3869,     42.3956,    244.9886,     61.6547,      3.4953,      0.1849,      0.1525,      9.7514,      0.1774,      5.5024,     11.0049,      1.5679,     28.0090,     56.0180,      0.0190,      0.0005,      0.2500,      0.1972,   7573.5161,-428152.4062,   -974.7465,    542.5890,  25245.0527,
       1,     167,      41,      13,       1,       3,       1,     10.0000,      1.3869,     42.3956,    244.9886,     61.6547,      3.4953,      0.1848,      0.1521,      9.7573,      0.1872,      5.5024,     11.0049,      1.6542,     28.0090,     56.0180,      0.0190,      0.0005,      0.2500,      0.1972,   7573.5161,-429965.0000,   -975.0549,    542.4662,  25245.0527,
       1,     167,      41,      14,       1,       3,       1,     10.0000,      1.3869,     42.3956,    244.9886,     61.6547,      3.4953,      0.1849,      0.1521,     10.9826,      0.1910,      5.5024,     11.0049,      1.6873,     28.0090,     56.0180,      0.0190,      0.0005,      0.2500,      0.1972,   7573.5161,-430130.6250,   -975.0181,    542.4550,  25245.0527,
       1,     167,      41,      15,       1,       3,       1,     10.0000,      1.3869,     42.3956,    244.9886,     61.6547,      3.4953,      0.1856,      0.1527,     21.0939,      0.1961,      5.5024,     11.0049,      1.7330,     28.0090,     56.0180,      0.0190,      0.0010,      0.2500,      0.1972,   7573.5161,-431720.6562,   -975.3104,    542.3471,  25245.0527,
       1,     167,      41,      16,       1,       3,       1,     10.0000,      1.3869,     42.3956,    244.9886,     61.6547,      3.4953,      0.1894,      0.1565,     69.0571,      0.1938,      5.5024,     11.0049,      1.7125,     28.0090,     56.0180,      0.0190,      0.0034,      0.2500,      0.1972,   7573.5161,-444862.5625,   -978.2792,    541.4562,  25245.0527,
       1,     167,      41,      17,       1,       3,       1,     10.0000,      1.3869,     42.3956,    244.9886,     61.6547,      3.4953,      0.1831,      0.1503,    103.6353,      0.1893,      5.5024,     11.0049,      1.6724,     28.0090,     56.0180,      0.0190,      0.0055,      0.2366,      0.1972,   7573.5161,-507702.7188,   -992.7375,    537.2039,  25245.0527,
       1,     167,      41,      18,       1,       3,       1,     10.0000,      1.3869,     42.3956,    244.9886,     61.6547,      3.4953,      0.1765,      0.1444,    107.6636,      0.1666,      5.5024,     11.0049,      1.4724,     28.0090,     56.0180,      0.0190,      0.0059,      0.2261,      0.1971,   7573.5161,-557744.7500,  -1004.4600,    533.8600,  25245.0508,
       1,     167,      41,      19,       1,       3,       1,     10.0000,      1.3869,     42.3956,    244.9886,     61.6547,      3.4953,      0.1210,      0.0891,     77.8412,      0.1627,      5.5024,     11.0049,      1.4375,     28.0090,     56.0180,      0.0190,      0.0066,      0.1479,      0.1970,   7573.5156,-567298.6250,  -1007.0443,    533.2330,  25245.0508,
       1,     167,      41,      20,       1,       3,       1,     10.0000,      1.3869,     42.3956,    244.9886,     61.6547,      3.4953,      0.0176,     -0.0137,      2.5799,      0.1464,      5.5024,     11.0049,      1.2937,     28.0090,     56.0180,      0.0190,      0.0063,      0.0051,      0.1970,   7573.5156,-529682.3750,   -998.7695,    535.7406,  25245.0508,
       1,     167,      41,      21,       1,       3,       1,     10.0000,      1.3869,     42.3956,    244.9886,     61.6547,      3.4953,      0.0000,     -0.0310,      7.0949,      0.1375,      5.5024,     11.0049,      1.2152,     28.0090,     56.0180,      0.0190,      0.0057,      0.0156,      0.1971,   7573.5156,-429501.5938,   -975.8280,    542.4553,  25245.0508,
       1,     167,      41,      22,       1,       3,       1,     10.0000,      1.3869,     42.3956,    244.9886,     61.6547,      3.4953,      0.0000,     -0.0309,      6.7337,      0.1340,      5.5024,     11.0049,      1.1836,     28.0090,     56.0180,      0.0190,      0.0054,      0.0156,      0.1972,   7573.5156,-426721.0312,   -975.1569,    542.6861,  25245.0508,
       1,     167,      41,      23,       1,       3,       1,     10.0000,      1.3869,     42.3956,    244.9886,     61.6547,      3.4953,      0.0000,     -0.0308,      5.5372,      0.1311,      5.5024,     11.0049,      1.1587,     28.0090,     56.0180,      0.0190,      0.0044,      0.0156,      0.1972,   7573.5156,-425959.7812,   -974.9531,    542.7378,  25245.0508,
       1,     167,      41,      24,       1,       3,       1,     10.0000,      1.3869,     42.3956,    244.9886,     61.6547,      3.4953,      0.0000,     -0.0306,      5.2146,      0.1264,      5.5024,     11.0049,      1.1171,     28.0090,     56.0180,      0.0190,      0.0042,      0.0156,      0.1972,   7573.5156,-424354.6875,   -974.5606,    542.8467,  25245.0508,
       1,     167,      42,       1,       1,       3,       1,     10.0000,      1.3869,     42.3959,    244.9943,     61.6561,      3.4953,      0.0000,     -0.0306,      4.0854,      0.1259,      5.5022,     11.0043,      1.1126,     28.0146,     56.0292,      0.0190,      0.0033,      0.0156,      0.1972,   7573.5156,-423954.5312,   -974.7831,    542.8865,  25246.1797,
       1,     167,      42,       2,       1,       3,       1,     10.0000,      1.3869,     42.3959,    244.9943,     61.6561,      3.4953,      0.0000,     -0.0304,      3.3245,      0.1215,      5.5022,     11.0043,      1.0736,     28.0146,     56.0292,      0.0190,      0.0027,      0.0156,      0.1972,   7573.8540,-422315.5312,   -974.0556,    542.9978,  25246.1797,
       1,     167,      42,       3,       1,       3,       1,     10.0000,      1.3869,     42.3959,    244.9943,     61.6561,      3.4953,      0.0000,     -0.0302,      3.4651,      0.1154,      5.5022,     11.0043,      1.0201,     28.0146,     56.0292,      0.0190,      0.0028,      0.0156,      0.1972,   7573.8540,-421194.1875,   -973.7843,    543.0739,  25246.1797,
       1,     167,      42,       4,       1,       3,       1,     10.0000,      1.3869,     42.3959,    244.9943,     61.6561,      3.4953,      0.0000,     -0.0300,      3.0439,      0.1123,      5.5022,     11.0043,      0.9923,     28.0146,     56.0292,      0.0190,      0.0024,      0.0156,      0.1972,   7573.8540,-421277.1875,   -973.7917,    543.0683,  25246.1797,
       1,     167,      42,       5,       1,       3,       1,     10.0000,      1.3869,     42.3959,    244.9943,     61.6561,      3.4953,      0.0000,     -0.0300,      2.0980,      0.1121,      5.5022,     11.0043,      0.9903,     28.0146,     56.0292,      0.0190,      0.0017,      0.0156,      0.1972,   7573.8540,-420742.8438,   -973.6585,    543.1046,  25246.1797,
       1,     167,      42,       6,       1,       3,       1,     10.0000,      1.3869,     42.3959,    244.9943,     61.6561,      3.4953,      0.0000,     -0.0298,      1.8085,      0.1069,      5.5022,     11.0043,      0.9446,     28.0146,     56.0292,      0.0190,      0.0014,      0.0156,      0.1972,   7573.8540,-419480.0938,   -973.3616,    543.1902,  25246.1797,
       1,     167,      42,       7,       1,       3,       1,     10.0000,      1.3869,     42.3959,    244.9943,     61.6561,      3.4953,      0.0000,     -0.0299,      1.4074,      0.1100,      5.5022,     11.0043,      0.9721,     28.0146,     56.0292,      0.0190,      0.0011,      0.0156,      0.1972,   7573.8540,-418997.8125,   -973.2459,    543.2230,  25246.1797,
       1,     167,      42,       8,       1,       3,       1,     10.0000,      1.3869,     42.3959,    244.9943,     61.6561,      3.4953,      0.0007,     -0.0294,      1.0861,      0.1132,      5.5022,     11.0043,      1.0005,     28.0146,     56.0292,      0.0190,      0.0009,      0.0156,      0.1972,   7573.8540,-418439.9688,   -973.1130,    543.2609,  25246.1797,
       1,     167,      42,       9,       1,       3,       1,     10.0000,      1.3869,     42.3959,    244.9943,     61.6561,      3.4953,      0.0292,     -0.0010,      1.4770,      0.1178,      5.5022,     11.0043,      1.0412,     28.0146,     56.0292,      0.0190,      0.0008,      0.0235,      0.1972,   7573.8540,-417978.2812,   -973.0041,    543.2922,  25246.1797,
       1,     167,      42,      10,       1,       3,       1,     10.0000,      1.3869,     42.3959,    244.9943,     61.6561,      3.4953,      0.1051,      0.0737,      7.7923,      0.1466,      5.5022,     11.0043,      1.2950,     28.0146,     56.0292,      0.0190,      0.0007,      0.1328,      0.1972,   7573.8540,-418440.5312,   -973.1050,    543.2609,  25246.1797,
       1,     167,      42,      11,       1,       3,       1,     10.0000,      1.3869,     42.3959,    244.9943,     61.6561,      3.4953,      0.1840,      0.1519,     16.0882,      0.1688,      5.5022,     11.0043,      1.4917,     28.0146,     56.0292,      0.0190,      0.0008,      0.2478,      0.1972,   7573.8540,-426599.5625,   -974.9864,    542.7068,  25246.1797,
       1,     167,      42,      12,       1,       3,       1,     10.0000,      1.3869,     42.3959,    244.9943,     61.6561,      3.4953,      0.1859,      0.1539,     20.8831,      0.1648,      5.5022,     11.0043,      1.4564,     28.0146,     56.0292,      0.0190,      0.0010,      0.2500,      0.1972,   7573.8540,-437979.0625,   -977.6022,    541.9352,  25246.1797,
       1,     167,      42,      13,       1,       3,       1,     10.0000,      1.3869,     42.3959,    244.9943,     61.6561,      3.4953,      0.1857,      0.1537,     19.4366,      0.1666,      5.5022,     11.0043,      1.4725,     28.0146,     56.0292,      0.0190,      0.0010,      0.2500,      0.1972,   7573.8540,-445138.9688,   -979.2419,    541.4507,  25246.1816,
       1,     167,      42,      14,       1,       3,       1,     10.0000,      1.3869,     42.3959,    244.9943,     61.6561,      3.4953,      0.1855,      0.1537,     16.5393,      0.1599,      5.5022,     11.0043,      1.4133,     28.0146,     56.0292,      0.0190,      0.0008,      0.2500,      0.1972,   7573.8550,-443902.4375,   -978.9445,    541.5345,  25246.1797,
       1,     167,      42,      15,       1,       3,       1,     10.0000,      1.3869,     42.3959,    244.9943,     61.6561,      3.4953,      0.1882,      0.1559,     51.6747,      0.1745,      5.5022,     11.0043,      1.5416,     28.0146,     56.0292,      0.0190,      0.0026,      0.2500,      0.1972,   7573.8540,-440068.8438,   -978.0405,    541.7941,  25246.1797,
       1,     167,      42,      16,       1,       3,       1,     10.0000,      1.3869,     42.3959,    244.9943,     61.6561,      3.4953,      0.1912,      0.1591,     88.3289,      0.1678,      5.5022,     11.0043,      1.4828,     28.0146,     56.0292,      0.0190,      0.0044,      0.2500,      0.1972,   7573.8540,-484918.2812,   -988.4180,    538.7568,  25246.1797,
       1,     167,      42,      17,       1,       3,       1,     10.0000,      1.3869,     42.3959,    244.9943,     61.6561,      3.4953,      0.1897,      0.1582,     68.1644,      0.1504,      5.5022,     11.0043,      1.3294,     28.0146,     56.0292,      0.0190,      0.0034,      0.2500,      0.1971,   7573.8540,-536020.5000,  -1000.3658,    535.3239,  25246.1797,
       1,     167,      42,      18,       1,       3,       1,     10.0000,      1.3869,     42.3959,    244.9943,     61.6561,      3.4953,      0.1678,      0.1359,     65.8954,      0.1611,      5.5022,     11.0043,      1.4233,     28.0146,     56.0292,      0.0190,      0.0038,      0.2181,      0.1971,   7573.8540,-514517.9688,   -995.6694,    536.7736,  25246.1777,
       1,     167,      42,      19,       1,       3,       1,     10.0000,      1.3869,     42.3959,    244.9943,     61.6561,      3.4953,      0.1228,      0.0910,     44.5368,      0.1595,      5.5022,     11.0043,      1.4091,     28.0146,     56.0292,      0.0190,      0.0036,      0.1543,      0.1971,   7573.8535,-509720.9062,   -994.7857,    537.0974,  25246.1777,
       1,     167,      42,      20,       1,       3,       1,     10.0000,      1.3869,     42.3959,    244.9943,     61.6561,      3.4953,      0.0168,     -0.0147,      1.3592,      0.1492,      5.5022,     11.0043,      1.3187,     28.0146,     56.0292,      0.0190,      0.0044,      0.0039,      0.1971,   7573.8535,-481805.5000,   -988.5053,    538.9717,  25246.1777,
       1,     167,      42,      21,       1,       3,       1,     10.0000,      1.3869,     42.3959,    244.9943,     61.6561,      3.4953,      0.0000,     -0.0311,      5.0362,      0.1405,      5.5022,     11.0043,      1.2413,     28.0146,     56.0292,      0.0190,      0.0040,      0.0156,      0.1972,   7573.8535,-423827.5625,   -975.1089,    542.8810,  25246.1777,
       1,     167,      42,      22,       1,       3,       1,     10.0000,      1.3869,     42.3959,    244.9943,     61.6561,      3.4953,      0.0000,     -0.0311,      4.0686,      0.1385,      5.5022,     11.0043,      1.2239,     28.0146,     56.0292,      0.0190,      0.0032,      0.0156,      0.1972,   7573.8535,-423545.3750,   -975.0297,    542.9143,  25246.1777,
       1,     167,      42,      23,       1,       3,       1,     10.0000,      1.3869,     42.3959,    244.9943,     61.6561,      3.4953,      0.0000,     -0.0310,      4.4690,      0.1382,      5.5022,     11.0043,      1.2214,     28.0146,     56.0292,      0.0190,      0.0036,      0.0156,      0.1972,   7573.8535,-422258.4062,   -974.7203,    543.0016,  25246.1758,
       1,     167,      42,      24,       1,       3,       1,     10.0000,      1.3869,     42.3959,    244.9943,     61.6561,      3.4953,      0.0000,     -0.0308,      4.5458,      0.1319,      5.5022,     11.0043,      1.1658,     28.0146,     56.0292,      0.0190,      0.0036,      0.0156,      0.1972,   7573.8530,-422661.0938,   -974.8019,    542.9744,  25246.1758,
       1,     167,      43,       1,       1,       3,       1,     10.0000,      1.3869,     42.3963,    245.0001,     61.6575,      3.4953,      0.0000,     -0.0308,      3.9006,      0.1307,      5.5020,     11.0040,      1.1552,     28.0195,     56.0390,      0.0190,      0.0031,      0.0156,      0.1972,   7573.8530,-422949.6250,   -975.1925,    542.9675,  25247.3066,
       1,     167,      43,       2,       1,       3,       1,     10.0000,      1.3869,     42.3963,    245.0001,     61.6575,      3.4953,      0.0000,     -0.0308,      3.2297,      0.1318,      5.5020,     11.0040,      1.1646,     28.0195,     56.0390,      0.0190,      0.0026,      0.0156,      0.1972,   7574.1924,-421992.8750,   -974.6254,    543.0324,  25247.3066,
       1,     167,      43,       3,       1,       3,       1,     10.0000,      1.3869,     42.3963,    245.0001,     61.6575,      3.4953,      0.0000,     -0.0306,      2.6667,      0.1273,      5.5020,     11.0040,      1.1251,     28.0195,     56.0390,      0.0190,      0.0021,      0.0156,      0.1972,   7574.1924,-421047.0312,   -974.3975,    543.0966,  25247.3066,
       1,     167,      43,       4,       1,       3,       1,     10.0000,      1.3869,     42.3963,    245.0001,     61.6575,      3.4953,      0.0000,     -0.0305,      2.8569,      0.1248,      5.5020,     11.0040,      1.1024,     28.0195,     56.0390,      0.0190,      0.0023,      0.0156,      0.1972,   7574.1924,-420240.6562,   -974.2039,    543.1514,  25247.3066,
       1,     167,      43,       5,       1,       3,       1,     10.0000,      1.3869,     42.3963,    245.0001,     61.6575,      3.4953,      0.0000,     -0.0304,      2.1051,      0.1219,      5.5020,     11.0040,      1.0769,     28.0195,     56.0390,      0.0190,      0.0017,      0.0156,      0.1972,   7574.1924,-420414.9062,   -974.2371,    543.1396,  25247.3066,
       1,     167,      43,       6,       1,       3,       1,     10.0000,      1.3869,     42.3963,    245.0001,     61.6575,      3.4953,      0.0000,     -0.0304,      2.2296,      0.1225,      5.5020,     11.0040,      1.0824,     28.0195,     56.0390,      0.0190,      0.0018,      0.0156,      0.1972,   7574.1924,-419463.5000,   -974.0115,    543.2042,  25247.3066,
       1,     167,      43,       7,       1,       3,       1,     10.0000,      1.3869,     42.3963,    245.0001,     61.6575,      3.4953,      0.0000,     -0.0303,      2.3124,      0.1187,      5.5020,     11.0040,      1.0487,     28.0195,     56.0390,      0.0190,      0.0018,      0.0156,      0.1972,   7574.1924,-419540.5312,   -974.0242,    543.1989,  25247.3066,
       1,     167,      43,       8,       1,       3,       1,     10.0000,      1.3869,     42.3963,    245.0001,     61.6575,      3.4953,      0.0009,     -0.0292,      1.9047,      0.1145,      5.5020,     11.0040,      1.0118,     28.0195,     56.0390,      0.0190,      0.0015,      0.0156,      0.1972,   7574.1924,-419653.8125,   -974.0453,    543.1912,  25247.3066,
       1,     167,      43,       9,       1,       3,       1,     10.0000,      1.3869,     42.3963,    245.0001,     61.6575,      3.4953,      0.0660,      0.0357,      8.8193,      0.1178,      5.5020,     11.0040,      1.0412,     28.0195,     56.0390,      0.0190,      0.0014,      0.0762,      0.1972,   7574.1924,-419139.5625,   -973.9222,    543.2262,  25247.3066,
       1,     167,      43,      10,       1,       3,       1,     10.0000,      1.3869,     42.3963,    245.0001,     61.6575,      3.4953,      0.1420,      0.1104,     23.2917,      0.1520,      5.5020,     11.0040,      1.3428,     28.0195,     56.0390,      0.0190,      0.0016,      0.1851,      0.1972,   7574.1924,-427982.9062,   -975.9745,    542.6257,  25247.3066,
       1,     167,      43,      11,       1,       3,       1,     10.0000,      1.3869,     42.3963,    245.0001,     61.6575,      3.4953,      0.1832,      0.1510,     40.0751,      0.1695,      5.5020,     11.0040,      1.4977,     28.0195,     56.0390,      0.0190,      0.0020,      0.2438,      0.1972,   7574.1924,-447361.5625,   -980.4832,    541.3116,  25247.3066,
       1,     167,      43,      12,       1,       3,       1,     10.0000,      1.3869,     42.3963,    245.0001,     61.6575,      3.4953,      0.1866,      0.1539,     31.8113,      0.1872,      5.5020,     11.0040,      1.6543,     28.0195,     56.0390,      0.0190,      0.0016,      0.2500,      0.1972,   7574.1924,-470638.7500,   -985.9061,    539.7381,  25247.3086,
       1,     167,      43,      13,       1,       3,       1,     10.0000,      1.3869,     42.3963,    245.0001,     61.6575,      3.4953,      0.1860,      0.1529,     26.3067,      0.2006,      5.5020,     11.0040,      1.7729,     28.0195,     56.0390,      0.0190,      0.0013,      0.2500,      0.1972,   7574.1929,-462040.4375,   -983.9406,    540.3206,  25247.3066,
       1,     167,      43,      14,       1,       3,       1,     10.0000,      1.3869,     42.3963,    245.0001,     61.6575,      3.4953,      0.1860,      0.1527,     26.3445,      0.2067,      5.5020,     11.0040,      1.8261,     28.0195,     56.0390,      0.0190,      0.0013,      0.2500,      0.1972,   7574.1924,-454209.7188,   -982.1404,    540.8498,  25247.3027,
       1,     167,      43,      15,       1,       3,       1,     10.0000,      1.3869,     42.3963,    245.0001,     61.6575,      3.4953,      0.1896,      0.1563,     73.3155,      0.2101,      5.5020,     11.0040,      1.8569,     28.0195,     56.0390,      0.0190,      0.0036,      0.2500,      0.1972,   7574.1909,-453577.2812,   -982.0070,    540.8928,  25247.3047,
       1,     167,      43,      16,       1,       3,       1,     10.0000,      1.3869,     42.3963,    245.0001,     61.6575,      3.4953,      0.1918,      0.1585,     99.9962,      0.2060,      5.5020,     11.0040,      1.8207,     28.0195,     56.0390,      0.0190,      0.0050,      0.2500,      0.1972,   7574.1919,-513930.6875,   -996.0913,    536.8122,  25247.3027,
       1,     167,      43,      17,       1,       3,       1,     10.0000,      1.3869,     42.3963,    245.0001,     61.6575,      3.4953,      0.1810,      0.1481,    118.3837,      0.1957,      5.5020,     11.0040,      1.7296,     28.0195,     56.0390,      0.0190,      0.0064,      0.2318,      0.1971,   7574.1909,-553578.3125,  -1005.5541,    534.1671,  25247.3066,
       1,     167,      43,      18,       1,       3,       1,     10.0000,      1.3869,     42.3963,    245.0001,     61.6575,      3.4953,      0.1730,      0.1406,    122.6484,      0.1778,      5.5020,     11.0040,      1.5711,     28.0195,     56.0390,      0.0190,      0.0070,      0.2194,      0.1971,   7574.1924,-580710.7500,  -1012.2787,    532.3620,  25247.3027,
       1,     167,      43,      19,       1,       3,       1,     10.0000,      1.3869,     42.3963,    245.0001,     61.6575,      3.4953,      0.1099,      0.0779,     67.1463,      0.1656,      5.5020,     11.0040,      1.4637,     28.0195,     56.0390,      0.0190,      0.0063,      0.1327,      0.1971,   7574.1909,-588566.8750,  -1014.6307,    531.8422,  25247.3027,
       1,     167,      43,      20,       1,       3,       1,     10.0000,      1.3869,     42.3963,    245.0001,     61.6575,      3.4953,      0.0149,     -0.0167,      0.5432,      0.1533,      5.5020,     11.0040,      1.3550,     28.0195,     56.0390,      0.0190,      0.0065,      0.0010,      0.1970,   7574.1909,-517707.9375,   -998.5906,    536.5532,  25247.3027,
       1,     167,      43,      21,       1,       3,       1,     10.0000,      1.3869,     42.3963,    245.0001,     61.6575,      3.4953,      0.0000,     -0.0313,      7.7167,      0.1458,      5.5020,     11.0040,      1.2886,     28.0195,     56.0390,      0.0190,      0.0062,      0.0156,      0.1971,   7574.1909,-425881.3438,   -977.3064,    542.7329,  25247.3027,
       1,     167,      43,      22,       1,       3,       1,     10.0000,      1.3869,     42.3963,    245.0001,     61.6575,      3.4953,      0.0000,     -0.0313,      6.8383,      0.1449,      5.5020,     11.0040,      1.2808,     28.0195,     56.0390,      0.0190,      0.0055,      0.0156,      0.1972,   7574.1909,-427200.8750,   -977.6020,    542.6790,  25247.3027,
       1,     167,      43,      23,       1,       3,       1,     10.0000,      1.3869,     42.3963,    245.0001,     61.6575,      3.4953,      0.0000,     -0.0312,      5.5794,      0.1422,      5.5020,     11.0040,      1.2565,     28.0195,     56.0390,      0.0190,      0.0045,      0.0156,      0.1972,   7574.1909,-426140.8750,   -977.3425,    542.7510,  25247.3027,
       1,     167,      43,      24,       1,       3,       1,     10.0000,      1.3869,     42.3963,    245.0001,     61.6575,      3.4953,      0.0000,     -0.0310,      5.2030,      0.1370,      5.5020,     11.0040,      1.2104,     28.0195,     56.0390,      0.0190,      0.0042,      0.0156,      0.1972,   7574.1909,-424429.9688,   -976.9337,    542.8670,  25247.3027,
       1,     167,      44,       1,       1,       3,       1,     10.0000,      1.3869,     42.3966,    245.0059,     61.6590,      3.4953,      0.0000,     -0.0308,      4.6210,      0.1323,      5.5027,     11.0054,      1.1694,     28.0255,     56.0510,      0.0190,      0.0037,      0.0156,      0.1973,   7574.1909,-423951.5938,   -977.1519,    542.9122,  25248.4316,
       1,     167,      44,       2,       1,       3,       1,     10.0000,      1.3869,     42.3966,    245.0059,     61.6590,      3.4953,      0.0000,     -0.0308,      3.7420,      0.1315,      5.5027,     11.0054,      1.1623,     28.0255,     56.0510,      0.0190,      0.0030,      0.0156,      0.1973,   7574.5298,-423009.3750,   -976.5878,    542.9762,  25248.4316,
       1,     167,      44,       3,       1,       3,       1,     10.0000,      1.3869,     42.3966,    245.0059,     61.6590,      3.4953,      0.0000,     -0.0306,      3.4459,      0.1263,      5.5027,     11.0054,      1.1160,     28.0255,     56.0510,      0.0190,      0.0027,      0.0156,      0.1973,   7574.5298,-421797.2812,   -976.2988,    543.0585,  25248.4316,
       1,     167,      44,       4,       1,       3,       1,     10.0000,      1.3869,     42.3966,    245.0059,     61.6590,      3.4953,      0.0000,     -0.0306,      3.6704,      0.1268,      5.5027,     11.0054,      1.1206,     28.0255,     56.0510,      0.0190,      0.0029,      0.0156,      0.1973,   7574.5298,-421311.0312,   -976.1802,    543.0915,  25248.4316,
       1,     167,      44,       5,       1,       3,       1,     10.0000,      1.3869,     42.3966,    245.0059,     61.6590,      3.4953,      0.0000,     -0.0308,      3.9649,      0.1318,      5.5027,     11.0054,      1.1647,     28.0255,     56.0510,      0.0190,      0.0032,      0.0156,      0.1973,   7574.5298,-421557.1562,   -976.2324,    543.0748,  25248.4316,
       1,     167,      44,       6,       1,       3,       1,     10.0000,      1.3869,     42.3966,    245.0059,     61.6590,      3.4953,      0.0000,     -0.0307,      3.9440,      0.1301,      5.5027,     11.0054,      1.1494,     28.0255,     56.0510,      0.0190,      0.0031,      0.0156,      0.1973,   7574.5298,-421956.9688,   -976.3201,    543.0476,  25248.4316,
       1,     167,      44,       7,       1,       3,       1,     10.0000,      1.3869,     42.3966,    245.0059,     61.6590,      3.4953,      0.0000,     -0.0310,      3.8423,      0.1363,      5.5027,     11.0054,      1.2043,     28.0255,     56.0510,      0.0190,      0.0031,      0.0156,      0.1973,   7574.5298,-421965.2188,   -976.3165,    543.0471,  25248.4316,
       1,     167,      44,       8,       1,       3,       1,     10.0000,      1.3869,     42.3966,    245.0059,     61.6590,      3.4953,      0.0006,     -0.0304,      3.5378,      0.1377,      5.5027,     11.0054,      1.2165,     28.0255,     56.0510,      0.0190,      0.0028,      0.0156,      0.1973,   7574.5298,-421835.1875,   -976.2808,    543.0559,  25248.4316,
       1,     167,      44,       9,       1,       3,       1,     10.0000,      1.3869,     42.3966,    245.0059,     61.6590,      3.4953,      0.0454,      0.0143,     10.1209,      0.1405,      5.5027,     11.0054,      1.2414,     28.0255,     56.0510,      0.0190,      0.0028,      0.0452,      0.1973,   7574.5298,-421432.3750,   -976.1820,    543.0832,  25248.4316,
       1,     167,      44,      10,       1,       3,       1,     10.0000,      1.3869,     42.3966,    245.0059,     61.6590,      3.4953,      0.1588,      0.1276,     51.2208,      0.1435,      5.5027,     11.0054,      1.2680,     28.0255,     56.0510,      0.0190,      0.0031,      0.2066,      0.1973,   7574.5298,-429858.7188,   -978.1548,    542.5112,  25248.4316,
       1,     167,      44,      11,       1,       3,       1,     10.0000,      1.3869,     42.3966,    245.0059,     61.6590,      3.4953,      0.1806,      0.1490,     59.8381,      0.1537,      5.5027,     11.0054,      1.3578,     28.0255,     56.0510,      0.0190,      0.0031,      0.2377,      0.1973,   7574.5298,-483428.1875,   -990.7298,    538.8787,  25248.4316,
       1,     167,      44,      12,       1,       3,       1,     10.0000,      1.3869,     42.3966,    245.0059,     61.6590,      3.4953,      0.1892,      0.1570,     63.8631,      0.1709,      5.5027,     11.0054,      1.5097,     28.0255,     56.0510,      0.0190,      0.0032,      0.2500,      0.1972,   7574.5298,-499218.7500,   -994.5425,    537.8272,  25248.4316,
       1,     167,      44,      13,       1,       3,       1,     10.0000,      1.3869,     42.3966,    245.0059,     61.6590,      3.4953,      0.1895,      0.1571,     68.2914,      0.1780,      5.5027,     11.0054,      1.5727,     28.0255,     56.0510,      0.0190,      0.0034,      0.2500,      0.1972,   7574.5298,-505759.0625,   -996.2408,    537.3885,  25248.4336,
       1,     167,      44,      14,       1,       3,       1,     10.0000,      1.3869,     42.3966,    245.0059,     61.6590,      3.4953,      0.1897,      0.1578,     69.4729,      0.1617,      5.5027,     11.0054,      1.4290,     28.0255,     56.0510,      0.0190,      0.0035,      0.2500,      0.1972,   7574.5303,-512025.5938,   -997.9092,    536.9678,  25248.4316,
       1,     167,      44,      15,       1,       3,       1,     10.0000,      1.3869,     42.3966,    245.0059,     61.6590,      3.4953,      0.1899,      0.1584,     70.3247,      0.1500,      5.5027,     11.0054,      1.3254,     28.0255,     56.0510,      0.0190,      0.0035,      0.2500,      0.1972,   7574.5298,-514091.6250,   -998.6177,    536.8292,  25248.4297,
       1,     167,      44,      16,       1,       3,       1,     10.0000,      1.3869,     42.3966,    245.0059,     61.6590,      3.4953,      0.1907,      0.1591,     80.9430,      0.1527,      5.5027,     11.0054,      1.3496,     28.0255,     56.0510,      0.0190,      0.0040,      0.2500,      0.1972,   7574.5293,-515367.7500,   -999.1487,    536.7437,  25248.4297,
       1,     167,      44,      17,       1,       3,       1,     10.0000,      1.3869,     42.3966,    245.0059,     61.6590,      3.4953,      0.1914,      0.1597,     90.1218,      0.1554,      5.5027,     11.0054,      1.3729,     28.0255,     56.0510,      0.0190,      0.0045,      0.2500,      0.1972,   7574.5293,-529146.0625,  -1002.6357,    535.8192,  25248.4258,
       1,     167,      44,      18,       1,       3,       1,     10.0000,      1.3869,     42.3966,    245.0059,     61.6590,      3.4953,      0.1907,      0.1590,     88.6274,      0.1547,      5.5027,     11.0054,      1.3674,     28.0255,     56.0510,      0.0190,      0.0044,      0.2491,      0.1972,   7574.5278,-542163.8750,  -1006.0000,    534.9482,  25248.4258,
       1,     167,      44,      19,       1,       3,       1,     10.0000,      1.3869,     42.3966,    245.0059,     61.6590,      3.4953,      0.1389,      0.1075,     44.5198,      0.1464,      5.5027,     11.0054,      1.2938,     28.0255,     56.0510,      0.0190,      0.0031,      0.1781,      0.1971,   7574.5278,-541371.5000,  -1006.1683,    535.0018,  25248.4277,
       1,     167,      44,      20,       1,       3,       1,     10.0000,      1.3869,     42.3966,    245.0059,     61.6590,      3.4953,      0.0261,     -0.0054,      3.8957,      0.1491,      5.5027,     11.0054,      1.3175,     28.0255,     56.0510,      0.0190,      0.0028,      0.0172,      0.1971,   7574.5288,-484502.9375,   -993.0942,    538.8049,  25248.4258,
       1,     167,      44,      21,       1,       3,       1,     10.0000,      1.3869,     42.3966,    245.0059,     61.6590,      3.4953,      0.0000,     -0.0314,      4.6849,      0.1469,      5.5027,     11.0054,      1.2977,     28.0255,     56.0510,      0.0190,      0.0037,      0.0156,      0.1972,   7574.5278,-427342.1562,   -979.7091,    542.6683,  25248.4258,
       1,     167,      44,      22,       1,       3,       1,     10.0000,      1.3869,     42.3966,    245.0059,     61.6590,      3.4953,      0.0000,     -0.0313,      5.4142,      0.1451,      5.5027,     11.0054,      1.2821,     28.0255,     56.0510,      0.0190,      0.0043,      0.0156,      0.1973,   7574.5278,-423405.7188,   -978.7788,    542.9492,  25248.4258,
       1,     167,      44,      23,       1,       3,       1,     10.0000,      1.3869,     42.3966,    245.0059,     61.6590,      3.4953,      0.0000,     -0.0313,      5.8495,      0.1444,      5.5027,     11.0054,      1.2757,     28.0255,     56.0510,      0.0190,      0.0047,      0.0156,      0.1973,   7574.5278,-423981.8438,   -978.9100,    542.9102,  25248.4258,
       1,     167,      44,      24,       1,       3,       1,     10.0000,      1.3869,     42.3966,    245.0059,     61.6590,      3.4953,      0.0000,     -0.0313,      5.3439,      0.1441,      5.5027,     11.0054,      1.2731,     28.0255,     56.0510,      0.0190,      0.0043,      0.0156,      0.1973,   7574.5278,-424591.6875,   -979.0486,    542.8688,  25248.4258,
       1,     167,      45,       1,       1,       3,       1,     10.0000,      1.3870,     42.3969,    245.0116,     61.6604,      3.4953,      0.0000,     -0.0313,      5.9849,      0.1461,      5.5025,     11.0050,      1.2912,     28.0334,     56.0669,      0.0190,      0.0048,      0.0156,      0.1973,   7574.5278,-424150.0312,   -979.2824,    542.9116,  25249.5586,
       1,     167,      45,       2,       1,       3,       1,     10.0000,      1.3870,     42.3969,    245.0116,     61.6604,      3.4953,      0.0000,     -0.0312,      5.5771,      0.1422,      5.5025,     11.0050,      1.2565,     28.0334,     56.0669,      0.0190,      0.0044,      0.0156,      0.1973,   7574.8677,-424782.3750,   -979.0857,    542.8687,  25249.5586,
       1,     167,      45,       3,       1,       3,       1,     10.0000,      1.3870,     42.3969,    245.0116,     61.6604,      3.4953,      0.0000,     -0.0308,      4.9319,      0.1326,      5.5025,     11.0050,      1.1718,     28.0334,     56.0669,      0.0190,      0.0039,      0.0156,      0.1973,   7574.8677,-424313.4375,   -978.9710,    542.9005,  25249.5586,
       1,     167,      45,       4,       1,       3,       1,     10.0000,      1.3870,     42.3969,    245.0116,     61.6604,      3.4953,      0.0000,     -0.0309,      5.2411,      0.1341,      5.5025,     11.0050,      1.1849,     28.0334,     56.0669,      0.0190,      0.0042,      0.0156,      0.1973,   7574.8677,-423443.1562,   -978.7624,    542.9595,  25249.5566,
       1,     167,      45,       5,       1,       3,       1,     10.0000,      1.3870,     42.3969,    245.0116,     61.6604,      3.4953,      0.0000,     -0.0308,      5.4687,      0.1307,      5.5025,     11.0050,      1.1553,     28.0334,     56.0669,      0.0190,      0.0044,      0.0156,      0.1973,   7574.8672,-423765.0625,   -978.8355,    542.9377,  25249.5566,
       1,     167,      45,       6,       1,       3,       1,     10.0000,      1.3870,     42.3969,    245.0116,     61.6604,      3.4953,      0.0000,     -0.0305,      5.0864,      0.1236,      5.5025,     11.0050,      1.0924,     28.0334,     56.0669,      0.0190,      0.0041,      0.0156,      0.1973,   7574.8672,-424085.7188,   -978.9073,    542.9160,  25249.5566,
       1,     167,      45,       7,       1,       3,       1,     10.0000,      1.3870,     42.3969,    245.0116,     61.6604,      3.4953,      0.0000,     -0.0309,      4.8840,      0.1329,      5.5025,     11.0050,      1.1742,     28.0334,     56.0669,      0.0190,      0.0039,      0.0156,      0.1973,   7574.8672,-423622.3750,   -978.7947,    542.9474,  25249.5566,
       1,     167,      45,       8,       1,       3,       1,     10.0000,      1.3870,     42.3969,    245.0116,     61.6604,      3.4953,      0.0009,     -0.0302,      4.2573,      0.1398,      5.5025,     11.0050,      1.2351,     28.0334,     56.0669,      0.0190,      0.0034,      0.0156,      0.1973,   7574.8672,-423321.6875,   -978.7208,    542.9678,  25249.5566,
       1,     167,      45,       9,       1,       3,       1,     10.0000,      1.3870,     42.3969,    245.0116,     61.6604,      3.4953,      0.0400,      0.0088,     10.9807,      0.1438,      5.5025,     11.0050,      1.2706,     28.0334,     56.0669,      0.0190,      0.0037,      0.0371,      0.1973,   7574.8672,-422490.0625,   -978.5225,    543.0242,  25249.5566,
       1,     167,      45,      10,       1,       3,       1,     10.0000,      1.3870,     42.3969,    245.0116,     61.6604,      3.4953,      0.1373,      0.1059,     42.2699,      0.1479,      5.5025,     11.0050,      1.3069,     28.0334,     56.0669,      0.0190,      0.0030,      0.1760,      0.1973,   7574.8672,-431058.3750,   -980.5458,    542.4426,  25249.5566,
       1,     167,      45,      11,       1,       3,       1,     10.0000,      1.3870,     42.3969,    245.0116,     61.6604,      3.4953,      0.1564,      0.1247,     31.4341,      0.1544,      5.5025,     11.0050,      1.3647,     28.0334,     56.0669,      0.0190,      0.0019,      0.2053,      0.1973,   7574.8672,-472024.4688,   -990.2427,    539.6652,  25249.5547,
       1,     167,      45,      12,       1,       3,       1,     10.0000,      1.3870,     42.3969,    245.0116,     61.6604,      3.4953,      0.1885,      0.1564,     53.7984,      0.1672,      5.5025,     11.0050,      1.4770,     28.0334,     56.0669,      0.0190,      0.0027,      0.2500,      0.1972,   7574.8667,-461678.9688,   -987.8727,    540.3702,  25249.5566,
       1,     167,      45,      13,       1,       3,       1,     10.0000,      1.3870,     42.3969,    245.0116,     61.6604,      3.4953,      0.1899,      0.1578,     71.7716,      0.1680,      5.5025,     11.0050,      1.4844,     28.0334,     56.0669,      0.0190,      0.0036,      0.2500,      0.1972,   7574.8672,-489530.0000,   -994.5128,    538.4895,  25249.5566,
       1,     167,      45,      14,       1,       3,       1,     10.0000,      1.3870,     42.3969,    245.0116,     61.6604,      3.4953,      0.1912,      0.1592,     88.5357,      0.1660,      5.5025,     11.0050,      1.4667,     28.0334,     56.0669,      0.0190,      0.0044,      0.2500,      0.1972,   7574.8672,-515085.4062,  -1000.6949,    536.7725,  25249.5547,
       1,     167,      45,      15,       1,       3,       1,     10.0000,      1.3870,     42.3969,    245.0116,     61.6604,      3.4953,      0.1911,      0.1594,     86.6345,      0.1574,      5.5025,     11.0050,      1.3909,     28.0334,     56.0669,      0.0190,      0.0043,      0.2500,      0.1972,   7574.8667,-538887.6250,  -1006.5693,    535.1782,  25249.5566,
       1,     167,      45,      16,       1,       3,       1,     10.0000,      1.3870,     42.3969,    245.0116,     61.6604,      3.4953,      0.1911,      0.1597,     85.1289,      0.1475,      5.5025,     11.0050,      1.3030,     28.0334,     56.0669,      0.0190,      0.0042,      0.2500,      0.1972,   7574.8672,-538511.7500,  -1007.5038,    535.2057,  25249.5527,
       1,     167,      45,      17,       1,       3,       1,     10.0000,      1.3870,     42.3969,    245.0116,     61.6604,      3.4953,      0.1819,      0.1503,     91.7557,      0.1526,      5.5025,     11.0050,      1.3483,     28.0334,     56.0669,      0.0190,      0.0048,      0.2358,      0.1972,   7574.8662,-536538.0000,  -1007.3693,    535.3378,  25249.5547,
       1,     167,      45,      18,       1,       3,       1,     10.0000,      1.3870,     42.3969,    245.0116,     61.6604,      3.4953,      0.1611,      0.1296,     77.8083,      0.1499,      5.5025,     11.0050,      1.3241,     28.0334,     56.0669,      0.0190,      0.0047,      0.2069,      0.1972,   7574.8667,-544898.2500,  -1009.6818,    534.7784,  25249.5547,
       1,     167,      45,      19,       1,       3,       1,     10.0000,      1.3870,     42.3969,    245.0116,     61.6604,      3.4953,      0.1074,      0.0759,     43.4931,      0.1486,      5.5025,     11.0050,      1.3135,     28.0334,     56.0669,      0.0190,      0.0041,      0.1320,      0.1972,   7574.8667,-527666.0000,  -1005.9514,    535.9306,  25249.5527,
       1,     167,      45,      20,       1,       3,       1,     10.0000,      1.3870,     42.3969,    245.0116,     61.6604,      3.4953,      0.0230,     -0.0085,      3.2697,      0.1506,      5.5025,     11.0050,      1.3308,     28.0334,     56.0669,      0.0190,      0.0032,      0.0127,      0.1972,   7574.8662,-481999.9375,   -995.3835,    538.9911,  25249.5527,
       1,     167,      45,      21,       1,       3,       1,     10.0000,      1.3870,     42.3969,    245.0116,     61.6604,      3.4953,      0.0000,     -0.0314,      2.7265,      0.1484,      5.5025,     11.0050,      1.3109,     28.0334,     56.0669,      0.0190,      0.0022,      0.0156,      0.1972,   7574.8662,-426317.6875,   -982.2389,    542.7513,  25249.5527,
       1,     167,      45,      22,       1,       3,       1,     10.0000,      1.3870,     42.3969,    245.0116,     61.6604,      3.4953,      0.0000,     -0.0313,      3.4985,      0.1438,      5.5025,     11.0050,      1.2706,     28.0334,     56.0669,      0.0190,      0.0028,      0.0156,      0.1973,   7574.8662,-420801.1250,   -980.9272,    543.1387,  25249.5527,
       1,     167,      45,      23,       1,       3,       1,     10.0000,      1.3870,     42.3969,    245.0116,     61.6604,      3.4953,      0.0000,     -0.0315,      4.2170,      0.1515,      5.5025,     11.0050,      1.3389,     28.0334,     56.0669,      0.0190,      0.0034,      0.0156,      0.1973,   7574.8662,-421295.5625,   -981.0399,    543.1053,  25249.5527,
       1,     167,      45,      24,       1,       3,       1,     10.0000,      1.3870,     42.3969,    245.0116,     61.6604,      3.4953,      0.0000,     -0.0315,      4.4114,      0.1518,      5.5025,     11.0050,      1.3416,     28.0334,     56.0669,      0.0190,      0.0035,      0.0156,      0.1973,   7574.8662,-422261.9375,   -981.2629,    543.0397,  25249.5508,
       1,     167,      46,       1,       1,       3,       1,     10.0000,      1.3870,     42.3973,    245.0175,     61.6619,      3.4953,      0.0000,     -0.0315,      4.4006,      0.1515,      5.5027,     11.0054,      1.3389,     28.0382,     56.0765,      0.0190,      0.0035,      0.0156,      0.1973,   7574.8657,-422751.4375,   -981.7172,    543.0192,  25250.6836,
       1,     167,      46,       2,       1,       3,       1,     10.0000,      1.3870,     42.3973,    245.0175,     61.6619,      3.4953,      0.0000,     -0.0311,      3.9302,      0.1392,      5.5027,     11.0054,      1.2302,     28.0382,     56.0765,      0.0190,      0.0031,      0.0156,      0.1973,   7575.2056,-422627.3125,   -981.5997,    543.0275,  25250.6836,
       1,     167,      46,       3,       1,       3,       1,     10.0000,      1.3870,     42.3973,    245.0175,     61.6619,      3.4953,      0.0000,     -0.0312,      3.1422,      0.1432,      5.5027,     11.0054,      1.2655,     28.0382,     56.0765,      0.0190,      0.0025,      0.0156,      0.1973,   7575.2056,-422012.0938,   -981.7331,    543.0694,  25250.6836,
       1,     167,      46,       4,       1,       3,       1,     10.0000,      1.3870,     42.3973,    245.0175,     61.6619,      3.4953,      0.0000,     -0.0307,      3.4516,      0.1294,      5.5027,     11.0054,      1.1436,     28.0382,     56.0765,      0.0190,      0.0028,      0.0156,      0.1973,   7575.2056,-420945.6875,   -983.3621,    543.1417,  25250.6836,
       1,     167,      46,       5,       1,       3,       1,     10.0000,      1.3870,     42.3973,    245.0175,     61.6619,      3.4953,      0.0000,     -0.0307,      3.4918,      0.1282,      5.5027,     11.0054,      1.1332,     28.0382,     56.0765,      0.0190,      0.0028,      0.0156,      0.1973,   7575.2056,-421250.3125,   -911.0800,    543.1211,  25250.8125,
       1,     167,      46,       6,       1,       3,       1,     10.0000,      1.3870,     42.3973,    245.0175,     61.6619,      3.4953,      0.0000,     -0.0308,      3.3228,      0.1319,      5.5027,     11.0054,      1.1659,     28.0382,     56.0765,      0.0190,      0.0027,      0.0156,      0.1973,   7575.2441,-421313.0938,   -911.4175,    543.1168,  25250.8125,
       1,     167,      46,       7,       1,       3,       1,     10.0000,      1.3870,     42.3973,    245.0175,     61.6619,      3.4953,      0.0000,     -0.0308,      1.9993,      0.1313,      5.5027,     11.0054,      1.1600,     28.0382,     56.0765,      0.0190,      0.0016,      0.0156,      0.1973,   7575.2441,-421101.3438,   -911.3491,    543.1311,  25250.8105,
       1,     167,      46,       8,       1,       3,       1,     10.0000,      1.3870,     42.3973,    245.0175,     61.6619,      3.4953,      0.0004,     -0.0306,      2.5399,      0.1373,      5.5027,     11.0054,      1.2129,     28.0382,     56.0765,      0.0190,      0.0020,      0.0156,      0.1973,   7575.2437,-419382.5312,   -911.3397,    543.2479,  25250.8145,
       1,     167,      46,       9,       1,       3,       1,     10.0000,      1.3870,     42.3973,    245.0175,     61.6619,      3.4953,      0.0377,      0.0066,      1.9213,      0.1389,      5.5027,     11.0054,      1.2277,     28.0382,     56.0765,      0.0190,      0.0007,      0.0349,      0.1973,   7575.2446,-419926.5625,   -911.8061,    543.2109,  25250.8125,
       1,     167,      46,      10,       1,       3,       1,     10.0000,      1.3870,     42.3973,    245.0175,     61.6619,      3.4953,      0.1303,      0.0988,      6.6896,      0.1490,      5.5027,     11.0054,      1.3162,     28.0382,     56.0765,      0.0190,      0.0005,      0.1699,      0.1973,   7575.2441,-419179.5625,   -910.6415,    543.2617,  25250.8125,
       1,     167,      46,      11,       1,       3,       1,     10.0000,      1.3870,     42.3973,    245.0175,     61.6619,      3.4953,      0.1670,      0.1350,     13.1776,      0.1668,      5.5027,     11.0054,      1.4741,     28.0382,     56.0765,      0.0190,      0.0007,      0.2231,      0.1973,   7575.2441,-425241.4375,   -912.0316,    542.8500,  25250.8145,
       1,     167,      46,      12,       1,       3,       1,     10.0000,      1.3870,     42.3973,    245.0175,     61.6619,      3.4953,      0.1841,      0.1517,     17.3561,      0.1801,      5.5027,     11.0054,      1.5916,     28.0382,     56.0765,      0.0190,      0.0009,      0.2480,      0.1973,   7575.2446,-434108.0938,   -914.1948,    542.2485,  25250.8105,
       1,     167,      46,      13,       1,       3,       1,     10.0000,      1.3870,     42.3973,    245.0175,     61.6619,      3.4953,      0.1859,      0.1535,     22.5274,      0.1766,      5.5027,     11.0054,      1.5603,     28.0382,     56.0765,      0.0190,      0.0011,      0.2500,      0.1973,   7575.2437,-440253.1562,   -916.1539,    541.8323,  25250.8105,
       1,     167,      46,      14,       1,       3,       1,     10.0000,      1.3870,     42.3973,    245.0175,     61.6619,      3.4953,      0.1862,      0.1535,     27.9004,      0.1898,      5.5027,     11.0054,      1.6775,     28.0382,     56.0765,      0.0190,      0.0014,      0.2500,      0.1973,   7575.2437,-447436.0000,   -918.5820,    541.3459,  25250.8125,
       1,     167,      46,      15,       1,       3,       1,     10.0000,      1.3870,     42.3973,    245.0175,     61.6619,      3.4953,      0.1869,      0.1541,     35.5865,      0.1895,      5.5027,     11.0054,      1.6742,     28.0382,     56.0765,      0.0190,      0.0018,      0.2500,      0.1973,   7575.2441,-454969.2188,   -921.1006,    540.8364,  25250.8125,
       1,     167,      46,      16,       1,       3,       1,     10.0000,      1.3870,     42.3973,    245.0175,     61.6619,      3.4953,      0.1892,      0.1567,     65.0275,      0.1808,      5.5027,     11.0054,      1.5979,     28.0382,     56.0765,      0.0190,      0.0032,      0.2500,      0.1973,   7575.2441,-465507.5000,   -921.4509,    540.1243,  25250.8125,
       1,     167,      46,      17,       1,       3,       1,     10.0000,      1.3870,     42.3973,    245.0175,     61.6619,      3.4953,      0.1784,      0.1459,     82.9531,      0.1803,      5.5027,     11.0054,      1.5932,     28.0382,     56.0765,      0.0190,      0.0045,      0.2318,      0.1973,   7575.2441,-504283.1250,   -929.8455,    537.5068,  25250.8105,
       1,     167,      46,      18,       1,       3,       1,     10.0000,      1.3870,     42.3973,    245.0175,     61.6619,      3.4953,      0.1667,      0.1343,     70.1267,      0.1775,      5.5027,     11.0054,      1.5680,     28.0382,     56.0765,      0.0190,      0.0040,      0.2161,      0.1972,   7575.2437,-530739.3750,   -936.1639,    535.7356,  25250.8125,
       1,     167,      46,      19,       1,       3,       1,     10.0000,      1.3870,     42.3973,    245.0175,     61.6619,      3.4953,      0.0929,      0.0610,     39.4339,      0.1645,      5.5027,     11.0054,      1.4536,     28.0382,     56.0765,      0.0190,      0.0044,      0.1110,      0.1972,   7575.2441,-516529.2500,   -934.9700,    536.6902,  25250.8125,
       1,     167,      46,      20,       1,       3,       1,     10.0000,      1.3870,     42.3973,    245.0175,     61.6619,      3.4953,      0.0146,     -0.0173,      0.0982,      0.1601,      5.5027,     11.0054,      1.4149,     28.0382,     56.0765,      0.0190,      0.0046,      0.0003,      0.1972,   7575.2441,-475795.3438,   -928.6149,    539.4235,  25250.8125,
       1,     167,      46,      21,       1,       3,       1,     10.0000,      1.3870,     42.3973,    245.0175,     61.6619,      3.4953,      0.0000,     -0.0316,      5.1977,      0.1520,      5.5027,     11.0054,      1.3429,     28.0382,     56.0765,      0.0190,      0.0041,      0.0156,      0.1973,   7575.2441,-421688.9688,   -919.4990,    543.0789,  25250.8145,
       1,     167,      46,      22,       1,       3,       1,     10.0000,      1.3870,     42.3973,    245.0175,     61.6619,      3.4953,      0.0000,     -0.0315,      4.9630,      0.1511,      5.5027,     11.0054,      1.3349,     28.0382,     56.0765,      0.0190,      0.0040,      0.0156,      0.1973,   7575.2446,-423558.9375,   -920.3108,    542.9643,  25250.8105,
       1,     167,      46,      23,       1,       3,       1,     10.0000,      1.3870,     42.3973,    245.0175,     61.6619,      3.4953,      0.0000,     -0.0315,      5.0585,      0.1503,      5.5027,     11.0054,      1.3282,     28.0382,     56.0765,      0.0190,      0.0040,      0.0156,      0.1973,   7575.2437,-423405.2500,   -920.7167,    542.9748,  25250.8145,
       1,     167,      46,      24,       1,       3,       1,     10.0000,      1.3870,     42.3973,    245.0175,     61.6619,      3.4953,      0.0000,     -0.0315,      3.8339,      0.1517,      5.5027,     11.0054,      1.3402,     28.0382,     56.0765,      0.0190,      0.0031,      0.0156,      0.1973,   7575.2446,-423513.9375,   -921.1497,    542.9674,  25250.8125,
       1,     167,      47,       1,       1,       3,       1,     10.0000,      1.3870,     42.3976,    245.0232,     61.6633,      3.4953,      0.0000,     -0.0315,      3.7997,      0.1494,      5.5034,     11.0068,      1.3202,     28.0420,     56.0840,      0.0190,      0.0030,      0.0156,      0.1973,   7575.2441,-422105.4062,   -921.4554,    543.0759,  25251.9453,
       1,     167,      47,       2,       1,       3,       1,     10.0000,      1.3870,     42.3976,    245.0232,     61.6633,      3.4953,      0.0000,     -0.0314,      3.0827,      0.1487,      5.5034,     11.0068,      1.3136,     28.0420,     56.0840,      0.0190,      0.0025,      0.0156,      0.1973,   7575.5840,-421785.5625,   -921.4131,    543.0976,  25251.9453,
       1,     167,      47,       3,       1,       3,       1,     10.0000,      1.3870,     42.3976,    245.0232,     61.6633,      3.4953,      0.0000,     -0.0315,      2.8445,      0.1490,      5.5034,     11.0068,      1.3162,     28.0420,     56.0840,      0.0190,      0.0023,      0.0156,      0.1973,   7575.5840,-420836.2812,   -921.4497,    543.1620,  25251.9453,
       1,     167,      47,       4,       1,       3,       1,     10.0000,      1.3870,     42.3976,    245.0232,     61.6633,      3.4953,      0.0000,     -0.0314,      2.9716,      0.1476,      5.5034,     11.0068,      1.3044,     28.0420,     56.0840,      0.0190,      0.0024,      0.0156,      0.1973,   7575.5840,-420447.3750,   -921.5625,    543.1884,  25251.9473,
       1,     167,      47,       5,       1,       3,       1,     10.0000,      1.3870,     42.3976,    245.0232,     61.6633,      3.4953,      0.0000,     -0.0315,      3.1744,      0.1502,      5.5034,     11.0068,      1.3269,     28.0420,     56.0840,      0.0190,      0.0025,      0.0156,      0.1973,   7575.5845,-420576.6250,   -921.7712,    543.1796,  25251.9453,
       1,     167,      47,       6,       1,       3,       1,     10.0000,      1.3870,     42.3976,    245.0232,     61.6633,      3.4953,      0.0000,     -0.0314,      2.8201,      0.1481,      5.5034,     11.0068,      1.3083,     28.0420,     56.0840,      0.0190,      0.0022,      0.0156,      0.1973,   7575.5840,-420848.7188,   -922.0173,    543.1611,  25251.9453,
       1,     167,      47,       7,       1,       3,       1,     10.0000,      1.3870,     42.3976,    245.0232,     61.6633,      3.4953,      0.0000,     -0.0313,      2.7201,      0.1457,      5.5034,     11.0068,      1.2874,     28.0420,     56.0840,      0.0190,      0.0022,      0.0156,      0.1973,   7575.5840,-420417.1562,   -922.1045,    543.1904,  25251.9434,
       1,     167,      47,       8,       1,       3,       1,     10.0000,      1.3870,     42.3976,    245.0232,     61.6633,      3.4953,      0.0046,     -0.0268,      2.8747,      0.1476,      5.5034,     11.0068,      1.3044,     28.0420,     56.0840,      0.0190,      0.0023,      0.0156,      0.1973,   7575.5835,-420251.5000,   -922.2296,    543.2017,  25251.9453,
       1,     167,      47,       9,       1,       3,       1,     10.0000,      1.3870,     42.3976,    245.0232,     61.6633,      3.4953,      0.0731,      0.0417,     15.7602,      0.1485,      5.5034,     11.0068,      1.3123,     28.0420,     56.0840,      0.0190,      0.0023,      0.0849,      0.1973,   7575.5840,-420435.2812,   -922.4224,    543.1893,  25251.9453,
       1,     167,      47,      10,       1,       3,       1,     10.0000,      1.3870,     42.3976,    245.0232,     61.6633,      3.4953,      0.1503,      0.1187,     49.1384,      0.1541,      5.5034,     11.0068,      1.3620,     28.0420,     56.0840,      0.0190,      0.0031,      0.1944,      0.1973,   7575.5840,-437007.1250,   -925.6935,    542.0641,  25251.9453,
       1,     167,      47,      11,       1,       3,       1,     10.0000,      1.3870,     42.3976,    245.0232,     61.6633,      3.4953,      0.1864,      0.1543,     72.8784,      0.1672,      5.5034,     11.0068,      1.4771,     28.0420,     56.0840,      0.0190,      0.0037,      0.2448,      0.1973,   7575.5840,-481352.1250,   -934.3270,    539.0605,  25251.9434,
       1,     167,      47,      12,       1,       3,       1,     10.0000,      1.3870,     42.3976,    245.0232,     61.6633,      3.4953,      0.1898,      0.1573,     71.8048,      0.1789,      5.5034,     11.0068,      1.5806,     28.0420,     56.0840,      0.0190,      0.0036,      0.2500,      0.1973,   7575.5835,-515768.4062,   -941.4281,    536.7498,  25251.9453,
       1,     167,      47,      13,       1,       3,       1,     10.0000,      1.3870,     42.3976,    245.0232,     61.6633,      3.4953,      0.1900,      0.1573,     75.4902,      0.1882,      5.5034,     11.0068,      1.6627,     28.0420,     56.0840,      0.0190,      0.0038,      0.2500,      0.1972,   7575.5840,-517383.5312,   -942.5266,    536.6463,  25251.9434,
       1,     167,      47,      14,       1,       3,       1,     10.0000,      1.3870,     42.3976,    245.0232,     61.6633,      3.4953,      0.1895,      0.1569,     68.3624,      0.1821,      5.5034,     11.0068,      1.6091,     28.0420,     56.0840,      0.0190,      0.0034,      0.2500,      0.1972,   7575.5835,-522260.0000,   -944.2637,    536.3192,  25251.9434,
       1,     167,      47,      15,       1,       3,       1,     10.0000,      1.3870,     42.3976,    245.0232,     61.6633,      3.4953,      0.1899,      0.1573,     73.8622,      0.1848,      5.5034,     11.0068,      1.6333,     28.0420,     56.0840,      0.0190,      0.0037,      0.2500,      0.1972,   7575.5835,-513511.4688,   -943.3893,    536.9058,  25251.9434,
       1,     167,      47,      16,       1,       3,       1,     10.0000,      1.3870,     42.3976,    245.0232,     61.6633,      3.4953,      0.1910,      0.1583,     87.2453,      0.1841,      5.5034,     11.0068,      1.6268,     28.0420,     56.0840,      0.0190,      0.0043,      0.2500,      0.1972,   7575.5835,-519828.9688,   -945.2498,    536.4822,  25251.9434,
       1,     167,      47,      17,       1,       3,       1,     10.0000,      1.3870,     42.3976,    245.0232,     61.6633,      3.4953,      0.1926,      0.1601,    107.3807,      0.1785,      5.5034,     11.0068,      1.5775,     28.0420,     56.0840,      0.0190,      0.0053,      0.2500,      0.1972,   7575.5835,-537599.1875,   -949.2440,    535.2906,  25251.9434,
       1,     167,      47,      18,       1,       3,       1,     10.0000,      1.3870,     42.3976,    245.0232,     61.6633,      3.4953,      0.1789,      0.1469,    100.3863,      0.1657,      5.5034,     11.0068,      1.4638,     28.0420,     56.0840,      0.0190,      0.0054,      0.2305,      0.1972,   7575.5835,-565064.9375,   -955.1131,    533.4542,  25251.9434,
       1,     167,      47,      19,       1,       3,       1,     10.0000,      1.3870,     42.3976,    245.0232,     61.6633,      3.4953,      0.1209,      0.0893,     60.0843,      0.1538,      5.5034,     11.0068,      1.3593,     28.0420,     56.0840,      0.0190,      0.0050,      0.1498,      0.1972,   7575.5835,-558451.8750,   -954.5327,    533.8983,  25251.9434,
       1,     167,      47,      20,       1,       3,       1,     10.0000,      1.3870,     42.3976,    245.0232,     61.6633,      3.4953,      0.0183,     -0.0133,      2.3931,      0.1538,      5.5034,     11.0068,      1.3593,     28.0420,     56.0840,      0.0190,      0.0052,      0.0058,      0.1972,   7575.5835,-505980.0625,   -945.0751,    537.4003,  25251.9434,
       1,     167,      47,      21,       1,       3,       1,     10.0000,      1.3870,     42.3976,    245.0232,     61.6633,      3.4953,      0.0000,     -0.0316,      6.1543,      0.1520,      5.5034,     11.0068,      1.3430,     28.0420,     56.0840,      0.0190,      0.0049,      0.0156,      0.1973,   7575.5835,-427241.3750,   -930.2924,    542.7010,  25251.9434,
       1,     167,      47,      22,       1,       3,       1,     10.0000,      1.3870,     42.3976,    245.0232,     61.6633,      3.4953,      0.0000,     -0.0315,      5.7512,      0.1502,      5.5034,     11.0068,      1.3269,     28.0420,     56.0840,      0.0190,      0.0046,      0.0156,      0.1973,   7575.5835,-425292.9688,   -929.9469,    542.8595,  25251.9434,
       1,     167,      47,      23,       1,       3,       1,     10.0000,      1.3870,     42.3976,    245.0232,     61.6633,      3.4953,      0.0000,     -0.0314,      4.9788,      0.1479,      5.5034,     11.0068,      1.3070,     28.0420,     56.0840,      0.0190,      0.0040,      0.0156,      0.1973,   7575.5835,-424571.3750,   -929.8231,    542.9085,  25251.9453,
       1,     167,      47,      24,       1,       3,       1,     10.0000,      1.3870,     42.3976,    245.0232,     61.6633,      3.4953,      0.0000,     -0.0315,      3.9124,      0.1503,      5.5034,     11.0068,      1.3282,     28.0420,     56.0840,      0.0190,      0.0031,      0.0156,      0.1973,   7575.5840,-423515.6562,   -929.6282,    542.9802,  25251.9434,
       1,     167,      48,       1,       1,       3,       1,     10.0000,      1.3870,     42.3979,    245.0290,     61.6648,      3.4953,      0.0000,     -0.0315,      3.8685,      0.1493,      5.5025,     11.0051,      1.3189,     28.0494,     56.0988,      0.0190,      0.0031,      0.0156,      0.1974,   7575.5835,-422208.7812,   -929.6620,    543.0816,  25253.0762,
       1,     167,      48,       2,       1,       3,       1,     10.0000,      1.3870,     42.3979,    245.0290,     61.6648,      3.4953,      0.0000,     -0.0314,      3.5738,      0.1464,      5.5025,     11.0051,      1.2939,     28.0494,     56.0988,      0.0190,      0.0029,      0.0156,      0.1974,   7575.9233,-421885.6250,   -929.3257,    543.1035,  25253.0781,
       1,     167,      48,       3,       1,       3,       1,     10.0000,      1.3870,     42.3979,    245.0290,     61.6648,      3.4953,      0.0000,     -0.0313,      3.3603,      0.1435,      5.5025,     11.0051,      1.2681,     28.0494,     56.0988,      0.0190,      0.0027,      0.0156,      0.1974,   7575.9238,-421478.4688,   -929.2448,    543.1312,  25253.0762,
       1,     167,      48,       4,       1,       3,       1,     10.0000,      1.3870,     42.3979,    245.0290,     61.6648,      3.4953,      0.0000,     -0.0312,      3.1893,      0.1415,      5.5025,     11.0051,      1.2503,     28.0494,     56.0988,      0.0190,      0.0025,      0.0156,      0.1974,   7575.9233,-421169.0000,   -929.1826,    543.1522,  25253.0742,
       1,     167,      48,       5,       1,       3,       1,     10.0000,      1.3870,     42.3979,    245.0290,     61.6648,      3.4953,      0.0000,     -0.0312,      3.4652,      0.1415,      5.5025,     11.0051,      1.2503,     28.0494,     56.0988,      0.0190,      0.0028,      0.0156,      0.1974,   7575.9224,-420922.5312,   -929.1306,    543.1689,  25253.0762,
       1,     167,      48,       6,       1,       3,       1,     10.0000,      1.3870,     42.3979,    245.0290,     61.6648,      3.4953,      0.0000,     -0.0312,      3.4540,      0.1419,      5.5025,     11.0051,      1.2541,     28.0494,     56.0988,      0.0190,      0.0028,      0.0156,      0.1974,   7575.9233,-421255.2188,   -929.1854,    543.1464,  25253.0762,
       1,     167,      48,       7,       1,       3,       1,     10.0000,      1.3870,     42.3979,    245.0290,     61.6648,      3.4953,      0.0000,     -0.0312,      3.4367,      0.1416,      5.5025,     11.0051,      1.2516,     28.0494,     56.0988,      0.0190,      0.0027,      0.0156,      0.1974,   7575.9233,-421269.8438,   -929.1792,    543.1453,  25253.0742,
       1,     167,      48,       8,       1,       3,       1,     10.0000,      1.3870,     42.3979,    245.0290,     61.6648,      3.4953,      0.0016,     -0.0295,      3.6339,      0.1395,      5.5025,     11.0051,      1.2327,     28.0494,     56.0988,      0.0190,      0.0029,      0.0156,      0.1974,   7575.9224,-421249.3125,   -929.1650,    543.1467,  25253.0742,
       1,     167,      48,       9,       1,       3,       1,     10.0000,      1.3870,     42.3979,    245.0290,     61.6648,      3.4953,      0.0811,      0.0498,     22.7989,      0.1428,      5.5025,     11.0051,      1.2617,     28.0494,     56.0988,      0.0190,      0.0030,      0.0959,      0.1974,   7575.9224,-421500.8750,   -929.1996,    543.1296,  25253.0742,
       1,     167,      48,      10,       1,       3,       1,     10.0000,      1.3870,     42.3979,    245.0290,     61.6648,      3.4953,      0.1647,      0.1329,     55.2109,      0.1574,      5.5025,     11.0051,      1.3910,     28.0494,     56.0988,      0.0190,      0.0032,      0.2147,      0.1974,   7575.9224,-446144.0312,   -933.9481,    541.4565,  25253.0742,
       1,     167,      48,      11,       1,       3,       1,     10.0000,      1.3870,     42.3979,    245.0290,     61.6648,      3.4953,      0.1867,      0.1543,     67.5686,      0.1748,      5.5025,     11.0051,      1.5449,     28.0494,     56.0988,      0.0190,      0.0034,      0.2458,      0.1973,   7575.9224,-489955.5000,   -942.4731,    538.4939,  25253.0762,
       1,     167,      48,      12,       1,       3,       1,     10.0000,      1.3870,     42.3979,    245.0290,     61.6648,      3.4953,      0.1894,      0.1567,     68.1525,      0.1874,      5.5025,     11.0051,      1.6561,     28.0494,     56.0988,      0.0190,      0.0034,      0.2500,      0.1973,   7575.9233,-509682.7188,   -946.4774,    537.1742,  25253.0723,
       1,     167,      48,      13,       1,       3,       1,     10.0000,      1.3870,     42.3979,    245.0290,     61.6648,      3.4953,      0.1888,      0.1560,     60.3673,      0.1906,      5.5025,     11.0051,      1.6843,     28.0494,     56.0988,      0.0190,      0.0030,      0.2500,      0.1973,   7575.9219,-512143.3750,   -947.1926,    537.0105,  25253.0762,
       1,     167,      48,      14,       1,       3,       1,     10.0000,      1.3870,     42.3979,    245.0290,     61.6648,      3.4953,      0.1888,      0.1562,     58.9984,      0.1814,      5.5025,     11.0051,      1.6028,     28.0494,     56.0988,      0.0190,      0.0029,      0.2500,      0.1973,   7575.9233,-502339.2500,   -945.5001,    537.6686,  25253.0742,
       1,     167,      48,      15,       1,       3,       1,     10.0000,      1.3870,     42.3979,    245.0290,     61.6648,      3.4953,      0.1892,      0.1566,     64.0309,      0.1825,      5.5025,     11.0051,      1.6124,     28.0494,     56.0988,      0.0190,      0.0032,      0.2500,      0.1973,   7575.9224,-499728.1250,   -945.1740,    537.8445,  25253.0742,
       1,     167,      48,      16,       1,       3,       1,     10.0000,      1.3870,     42.3979,    245.0290,     61.6648,      3.4953,      0.1905,      0.1583,     80.3761,      0.1707,      5.5025,     11.0051,      1.5084,     28.0494,     56.0988,      0.0190,      0.0040,      0.2500,      0.1973,   7575.9224,-505973.8750,   -946.5389,    537.4247,  25253.0723,
       1,     167,      48,      17,       1,       3,       1,     10.0000,      1.3870,     42.3979,    245.0290,     61.6648,      3.4953,      0.1919,      0.1596,     97.6212,      0.1734,      5.5025,     11.0051,      1.5326,     28.0494,     56.0988,      0.0190,      0.0049,      0.2500,      0.1973,   7575.9219,-527543.1250,   -950.8853,    535.9758,  25253.0742,
       1,     167,      48,      18,       1,       3,       1,     10.0000,      1.3870,     42.3979,    245.0290,     61.6648,      3.4953,      0.1751,      0.1430,     92.4301,      0.1673,      5.5025,     11.0051,      1.4786,     28.0494,     56.0988,      0.0190,      0.0051,      0.2258,      0.1973,   7575.9224,-551614.0000,   -955.8482,    534.3651,  25253.0742,
       1,     167,      48,      19,       1,       3,       1,     10.0000,      1.3870,     42.3979,    245.0290,     61.6648,      3.4953,      0.1313,      0.0994,     60.0396,      0.1609,      5.5025,     11.0051,      1.4220,     28.0494,     56.0988,      0.0190,      0.0045,      0.1651,      0.1972,   7575.9224,-547027.3125,   -955.3092,    534.6740,  25253.0723,
       1,     167,      48,      20,       1,       3,       1,     10.0000,      1.3870,     42.3979,    245.0290,     61.6648,      3.4953,      0.0262,     -0.0055,      5.4618,      0.1557,      5.5025,     11.0051,      1.3758,     28.0494,     56.0988,      0.0190,      0.0040,      0.0169,      0.1972,   7575.9219,-504932.3438,   -947.4026,    537.4874,  25253.0723,
       1,     167,      48,      21,       1,       3,       1,     10.0000,      1.3870,     42.3979,    245.0290,     61.6648,      3.4953,      0.0000,     -0.0315,      4.0294,      0.1493,      5.5025,     11.0051,      1.3189,     28.0494,     56.0988,      0.0190,      0.0032,      0.0156,      0.1973,   7575.9219,-431096.1875,   -933.0745,    542.4556,  25253.0703,
       1,     167,      48,      22,       1,       3,       1,     10.0000,      1.3870,     42.3979,    245.0290,     61.6648,      3.4953,      0.0000,     -0.0313,      4.9661,      0.1451,      5.5025,     11.0051,      1.2822,     28.0494,     56.0988,      0.0190,      0.0040,      0.0156,      0.1974,   7575.9214,-422896.9062,   -931.4388,    543.0345,  25253.0723,
       1,     167,      48,      23,       1,       3,       1,     10.0000,      1.3870,     42.3979,    245.0290,     61.6648,      3.4953,      0.0000,     -0.0312,      4.7007,      0.1429,      5.5025,     11.0051,      1.2630,     28.0494,     56.0988,      0.0190,      0.0037,      0.0156,      0.1974,   7575.9219,-423356.5625,   -931.4700,    543.0037,  25253.0723,
       1,     167,      48,      24,       1,       3,       1,     10.0000,      1.3870,     42.3979,    245.0290,     61.6648,      3.4953,      0.0000,     -0.0312,      4.2789,      0.1426,      5.5025,     11.0051,      1.2604,     28.0494,     56.0988,      0.0190,      0.0034,      0.0156,      0.1974,   7575.9219,-423055.3125,   -931.3570,    543.0241,  25253.0723,
       1,     167,      49,       1,       1,       3,       1,     10.0000,      1.3870,     42.3983,    245.0348,     61.6662,      3.4953,      0.0000,     -0.0312,      3.8480,      0.1424,      5.5032,     11.0064,      1.2579,     28.0577,     56.1154,      0.0190,      0.0031,      0.0156,      0.1974,   7575.9219,-422642.5000,   -931.5135,    543.0648,  25254.2090,
       1,     167,      49,       2,       1,       3,       1,     10.0000,      1.3870,     42.3983,    245.0348,     61.6662,      3.4953,      0.0000,     -0.0310,      3.1093,      0.1374,      5.5032,     11.0064,      1.2142,     28.0577,     56.1154,      0.0190,      0.0025,      0.0156,      0.1974,   7576.2632,-421899.5625,   -931.0483,    543.1152,  25254.2070,
       1,     167,      49,       3,       1,       3,       1,     10.0000,      1.3870,     42.3983,    245.0348,     61.6662,      3.4953,      0.0000,     -0.0310,      2.5542,      0.1370,      5.5032,     11.0064,      1.2105,     28.0577,     56.1154,      0.0190,      0.0020,      0.0156,      0.1974,   7576.2622,-420886.0938,   -930.8209,    543.1841,  25254.2070,
       1,     167,      49,       4,       1,       3,       1,     10.0000,      1.3870,     42.3983,    245.0348,     61.6662,      3.4953,      0.0000,     -0.0310,      2.3799,      0.1364,      5.5032,     11.0064,      1.2056,     28.0577,     56.1154,      0.0190,      0.0019,      0.0156,      0.1974,   7576.2622,-420084.5938,   -930.6415,    543.2384,  25254.2070,
       1,     167,      49,       5,       1,       3,       1,     10.0000,      1.3870,     42.3983,    245.0348,     61.6662,      3.4953,      0.0000,     -0.0310,      2.2418,      0.1362,      5.5032,     11.0064,      1.2032,     28.0577,     56.1154,      0.0190,      0.0018,      0.0156,      0.1974,   7576.2622,-419790.8750,   -930.5598,    543.2584,  25254.2070,
       1,     167,      49,       6,       1,       3,       1,     10.0000,      1.3870,     42.3983,    245.0348,     61.6662,      3.4953,      0.0000,     -0.0309,      1.8293,      0.1345,      5.5032,     11.0064,      1.1887,     28.0577,     56.1154,      0.0190,      0.0015,      0.0156,      0.1974,   7576.2622,-419587.8750,   -930.4961,    543.2722,  25254.2070,
       1,     167,      49,       7,       1,       3,       1,     10.0000,      1.3870,     42.3983,    245.0348,     61.6662,      3.4953,      0.0000,     -0.0309,      1.3335,      0.1332,      5.5032,     11.0064,      1.1767,     28.0577,     56.1154,      0.0190,      0.0011,      0.0156,      0.1974,   7576.2622,-419040.3438,   -930.3712,    543.3093,  25254.2090,
       1,     167,      49,       8,       1,       3,       1,     10.0000,      1.3870,     42.3983,    245.0348,     61.6662,      3.4953,      0.0012,     -0.0297,      1.2543,      0.1338,      5.5032,     11.0064,      1.1827,     28.0577,     56.1154,      0.0190,      0.0010,      0.0156,      0.1974,   7576.2632,-418355.5000,   -930.2256,    543.3558,  25254.2090,
       1,     167,      49,       9,       1,       3,       1,     10.0000,      1.3870,     42.3983,    245.0348,     61.6662,      3.4953,      0.0800,      0.0489,      7.7878,      0.1374,      5.5032,     11.0064,      1.2142,     28.0577,     56.1154,      0.0190,      0.0010,      0.0961,      0.1974,   7576.2632,-418194.0625,   -930.1829,    543.3668,  25254.2090,
       1,     167,      49,      10,       1,       3,       1,     10.0000,      1.3870,     42.3983,    245.0348,     61.6662,      3.4953,      0.1713,      0.1397,     19.3918,      0.1548,      5.5032,     11.0064,      1.3675,     28.0577,     56.1154,      0.0190,      0.0011,      0.2287,      0.1974,   7576.2632,-426572.0938,   -931.8107,    542.7977,  25254.2070,
       1,     167,      49,      11,       1,       3,       1,     10.0000,      1.3870,     42.3983,    245.0348,     61.6662,      3.4953,      0.1860,      0.1537,     22.7134,      0.1733,      5.5032,     11.0064,      1.5311,     28.0577,     56.1154,      0.0190,      0.0011,      0.2500,      0.1974,   7576.2622,-442211.1562,   -934.8350,    541.7370,  25254.2051,
       1,     167,      49,      12,       1,       3,       1,     10.0000,      1.3870,     42.3983,    245.0348,     61.6662,      3.4953,      0.1863,      0.1537,     27.5280,      0.1834,      5.5032,     11.0064,      1.6204,     28.0577,     56.1154,      0.0190,      0.0014,      0.2500,      0.1974,   7576.2617,-447845.3125,   -935.8992,    541.3565,  25254.2070,
       1,     167,      49,      13,       1,       3,       1,     10.0000,      1.3870,     42.3983,    245.0348,     61.6662,      3.4953,      0.1861,      0.1535,     25.8982,      0.1847,      5.5032,     11.0064,      1.6317,     28.0577,     56.1154,      0.0190,      0.0013,      0.2500,      0.1974,   7576.2622,-454521.9375,   -937.1520,    540.9048,  25254.2090,
       1,     167,      49,      14,       1,       3,       1,     10.0000,      1.3870,     42.3983,    245.0348,     61.6662,      3.4953,      0.1866,      0.1536,     32.3721,      0.1942,      5.5032,     11.0064,      1.7163,     28.0577,     56.1154,      0.0190,      0.0016,      0.2500,      0.1974,   7576.2632,-453008.8750,   -936.8162,    541.0073,  25254.2070,
       1,     167,      49,      15,       1,       3,       1,     10.0000,      1.3870,     42.3983,    245.0348,     61.6662,      3.4953,      0.1880,      0.1552,     49.1426,      0.1872,      5.5032,     11.0064,      1.6545,     28.0577,     56.1154,      0.0190,      0.0024,      0.2500,      0.1974,   7576.2622,-461197.1562,   -938.3818,    540.4535,  25254.2051,
       1,     167,      49,      16,       1,       3,       1,     10.0000,      1.3870,     42.3983,    245.0348,     61.6662,      3.4953,      0.1901,      0.1574,     76.8426,      0.1863,      5.5032,     11.0064,      1.6464,     28.0577,     56.1154,      0.0190,      0.0038,      0.2500,      0.1974,   7576.2617,-483466.3125,   -942.7617,    538.9494,  25254.2051,
       1,     167,      49,      17,       1,       3,       1,     10.0000,      1.3870,     42.3983,    245.0348,     61.6662,      3.4953,      0.1915,      0.1585,     95.0693,      0.1956,      5.5032,     11.0064,      1.7282,     28.0577,     56.1154,      0.0190,      0.0047,      0.2500,      0.1973,   7576.2617,-521025.0000,   -950.2433,    536.4212,  25254.2070,
       1,     167,      49,      18,       1,       3,       1,     10.0000,      1.3870,     42.3983,    245.0348,     61.6662,      3.4953,      0.1779,      0.1450,     92.8723,      0.1917,      5.5032,     11.0064,      1.6943,     28.0577,     56.1154,      0.0190,      0.0050,      0.2300,      0.1973,   7576.2622,-547754.2500,   -955.7273,    534.6348,  25254.2070,
       1,     167,      49,      19,       1,       3,       1,     10.0000,      1.3870,     42.3983,    245.0348,     61.6662,      3.4953,      0.1326,      0.1001,     77.3842,      0.1800,      5.5032,     11.0064,      1.5901,     28.0577,     56.1154,      0.0190,      0.0058,      0.1649,      0.1973,   7576.2622,-547250.0625,   -955.9467,    534.6715,  25254.2051,
       1,     167,      49,      20,       1,       3,       1,     10.0000,      1.3870,     42.3983,    245.0348,     61.6662,      3.4953,      0.0156,     -0.0161,      0.7242,      0.1543,      5.5032,     11.0064,      1.3634,     28.0577,     56.1154,      0.0190,      0.0047,      0.0019,      0.1973,   7576.2617,-527268.1875,   -952.3054,    536.0070,  25254.2051,
       1,     167,      49,      21,       1,       3,       1,     10.0000,      1.3870,     42.3983,    245.0348,     61.6662,      3.4953,      0.0000,     -0.0314,      6.2051,      0.1475,      5.5032,     11.0064,      1.3031,     28.0577,     56.1154,      0.0190,      0.0049,      0.0156,      0.1973,   7576.2617,-426904.1250,   -932.5507,    542.7332,  25254.2070,
       1,     167,      49,      22,       1,       3,       1,     10.0000,      1.3870,     42.3983,    245.0348,     61.6662,      3.4953,      0.0000,     -0.0313,      7.4840,      0.1451,      5.5032,     11.0064,      1.2823,     28.0577,     56.1154,      0.0190,      0.0060,      0.0156,      0.1974,   7576.2622,-425353.8750,   -932.1787,    542.8807,  25254.2031,
       1,     167,      49,      23,       1,       3,       1,     10.0000,      1.3870,     42.3983,    245.0348,     61.6662,      3.4953,      0.0000,     -0.0312,      7.1887,      0.1424,      5.5032,     11.0064,      1.2579,     28.0577,     56.1154,      0.0190,      0.0057,      0.0156,      0.1974,   7576.2612,-426807.6875,   -932.3853,    542.7821,  25254.2031,
       1,     167,      49,      24,       1,       3,       1,     10.0000,      1.3870,     42.3983,    245.0348,     61.6662,      3.4953,      0.0000,     -0.0313,      5.0806,      0.1434,      5.5032,     11.0064,      1.2668,     28.0577,     56.1154,      0.0190,      0.0041,      0.0156,      0.1974,   7576.2612,-426555.0938,   -932.2568,    542.7993,  25254.2070,
       1,     167,      50,       1,       1,       3,       1,     10.0000,      1.3871,     42.3986,    245.0406,     61.6677,      3.4953,      0.0000,     -0.0313,      3.4212,      0.1439,      5.5029,     11.0058,      1.2720,     28.0656,     56.1312,      0.0190,      0.0027,      0.0156,      0.1974,   7576.2622,-423979.2188,   -931.9816,    542.9868,  25255.3379,
       1,     167,      50,       2,       1,       3,       1,     10.0000,      1.3871,     42.3986,    245.0406,     61.6677,      3.4953,      0.0000,     -0.0311,      2.6478,      0.1397,      5.5029,     11.0058,      1.2340,     28.0656,     56.1312,      0.0190,      0.0021,      0.0156,      0.1974,   7576.6016,-421470.6875,   -931.1655,    543.1571,  25255.3379,
       1,     167,      50,       3,       1,       3,       1,     10.0000,      1.3871,     42.3986,    245.0406,     61.6677,      3.4953,      0.0000,     -0.0312,      2.2793,      0.1405,      5.5029,     11.0058,      1.2415,     28.0656,     56.1312,      0.0190,      0.0018,      0.0156,      0.1974,   7576.6016,-420258.5625,   -930.8986,    543.2394,  25255.3379,
       1,     167,      50,       4,       1,       3,       1,     10.0000,      1.3871,     42.3986,    245.0406,     61.6677,      3.4953,      0.0000,     -0.0312,      2.3249,      0.1416,      5.5029,     11.0058,      1.2516,     28.0656,     56.1312,      0.0190,      0.0019,      0.0156,      0.1974,   7576.6016,-419679.5000,   -930.7609,    543.2787,  25255.3379,
       1,     167,      50,       5,       1,       3,       1,     10.0000,      1.3871,     42.3986,    245.0406,     61.6677,      3.4953,      0.0000,     -0.0312,      2.2533,      0.1416,      5.5029,     11.0058,      1.2516,     28.0656,     56.1312,      0.0190,      0.0018,      0.0156,      0.1974,   7576.6016,-419687.6250,   -930.7390,    543.2782,  25255.3359,
       1,     167,      50,       6,       1,       3,       1,     10.0000,      1.3871,     42.3986,    245.0406,     61.6677,      3.4953,      0.0000,     -0.0312,      2.0746,      0.1406,      5.5029,     11.0058,      1.2428,     28.0656,     56.1312,      0.0190,      0.0017,      0.0156,      0.1974,   7576.6011,-419596.5938,   -930.6979,    543.2844,  25255.3379,
       1,     167,      50,       7,       1,       3,       1,     10.0000,      1.3871,     42.3986,    245.0406,     61.6677,      3.4953,      0.0000,     -0.0311,      1.8086,      0.1382,      5.5029,     11.0058,      1.2216,     28.0656,     56.1312,      0.0190,      0.0014,      0.0156,      0.1974,   7576.6016,-419359.0000,   -930.6293,    543.3005,  25255.3359,
       1,     167,      50,       8,       1,       3,       1,     10.0000,      1.3871,     42.3986,    245.0406,     61.6677,      3.4953,      0.0015,     -0.0295,      2.2410,      0.1377,      5.5029,     11.0058,      1.2167,     28.0656,     56.1312,      0.0190,      0.0018,      0.0156,      0.1974,   7576.6011,-418996.7500,   -930.5402,    543.3251,  25255.3398,
       1,     167,      50,       9,       1,       3,       1,     10.0000,      1.3871,     42.3986,    245.0406,     61.6677,      3.4953,      0.0524,      0.0212,      9.1053,      0.1415,      5.5029,     11.0058,      1.2504,     28.0656,     56.1312,      0.0190,      0.0020,      0.0555,      0.1974,   7576.6021,-419520.1250,   -930.6198,    543.2896,  25255.3379,
       1,     167,      50,      10,       1,       3,       1,     10.0000,      1.3871,     42.3986,    245.0406,     61.6677,      3.4953,      0.1637,      0.1320,     41.3943,      0.1563,      5.5029,     11.0058,      1.3814,     28.0656,     56.1312,      0.0190,      0.0024,      0.2149,      0.1974,   7576.6016,-428382.1875,   -932.3601,    542.6877,  25255.3359,
       1,     167,      50,      11,       1,       3,       1,     10.0000,      1.3871,     42.3986,    245.0406,     61.6677,      3.4953,      0.1886,      0.1566,     55.6442,      0.1657,      5.5029,     11.0058,      1.4640,     28.0656,     56.1312,      0.0190,      0.0028,      0.2500,      0.1974,   7576.6011,-470632.3125,   -940.7726,    539.8220,  25255.3379,
       1,     167,      50,      12,       1,       3,       1,     10.0000,      1.3871,     42.3986,    245.0406,     61.6677,      3.4953,      0.1887,      0.1562,     57.9481,      0.1789,      5.5029,     11.0058,      1.5807,     28.0656,     56.1312,      0.0190,      0.0029,      0.2500,      0.1974,   7576.6016,-492650.8750,   -945.2285,    538.3439,  25255.3379,
       1,     167,      50,      13,       1,       3,       1,     10.0000,      1.3871,     42.3986,    245.0406,     61.6677,      3.4953,      0.1882,      0.1567,     48.2036,      0.1484,      5.5029,     11.0058,      1.3110,     28.0656,     56.1312,      0.0190,      0.0024,      0.2500,      0.1973,   7576.6016,-497524.1562,   -946.2963,    538.0179,  25255.3379,
       1,     167,      50,      14,       1,       3,       1,     10.0000,      1.3871,     42.3986,    245.0406,     61.6677,      3.4953,      0.1881,      0.1574,     44.6371,      0.1272,      5.5029,     11.0058,      1.1241,     28.0656,     56.1312,      0.0190,      0.0022,      0.2500,      0.1973,   7576.6016,-485415.0938,   -946.2290,    538.8323,  25255.3359,
       1,     167,      50,      15,       1,       3,       1,     10.0000,      1.3871,     42.3986,    245.0406,     61.6677,      3.4953,      0.1899,      0.1584,     70.2690,      0.1512,      5.5029,     11.0058,      1.3363,     28.0656,     56.1312,      0.0190,      0.0035,      0.2500,      0.1974,   7576.6011,-479779.8125,   -947.9601,    539.2125,  25255.3359,
       1,     167,      50,      16,       1,       3,       1,     10.0000,      1.3871,     42.3986,    245.0406,     61.6677,      3.4953,      0.1916,      0.1594,     93.2920,      0.1704,      5.5029,     11.0058,      1.5054,     28.0656,     56.1312,      0.0190,      0.0046,      0.2500,      0.1974,   7576.6011,-512239.8750,   -954.4739,    537.0248,  25255.3359,
       1,     167,      50,      17,       1,       3,       1,     10.0000,      1.3871,     42.3986,    245.0406,     61.6677,      3.4953,      0.1924,      0.1601,    103.8093,      0.1735,      5.5029,     11.0058,      1.5327,     28.0656,     56.1312,      0.0190,      0.0052,      0.2500,      0.1973,   7576.6011,-544686.7500,   -961.1092,    534.8511,  25255.3359,
       1,     167,      50,      18,       1,       3,       1,     10.0000,      1.3871,     42.3986,    245.0406,     61.6677,      3.4953,      0.1836,      0.1516,     62.8580,      0.1634,      5.5029,     11.0058,      1.4436,     28.0656,     56.1312,      0.0190,      0.0032,      0.2417,      0.1973,   7576.6011,-561047.8125,   -964.6779,    533.7617,  25255.3359,
       1,     167,      50,      19,       1,       3,       1,     10.0000,      1.3871,     42.3986,    245.0406,     61.6677,      3.4953,      0.1385,      0.1068,     22.7479,      0.1535,      5.5029,     11.0058,      1.3566,     28.0656,     56.1312,      0.0190,      0.0016,      0.1800,      0.1973,   7576.6011,-509752.5625,   -954.8474,    537.1852,  25255.3359,
       1,     167,      50,      20,       1,       3,       1,     10.0000,      1.3871,     42.3986,    245.0406,     61.6677,      3.4953,      0.0147,     -0.0168,      0.1937,      0.1475,      5.5029,     11.0058,      1.3031,     28.0656,     56.1312,      0.0190,      0.0025,      0.0010,      0.1973,   7576.6011,-453748.8125,   -943.9099,    540.9568,  25255.3359,
       1,     167,      50,      21,       1,       3,       1,     10.0000,      1.3871,     42.3986,    245.0406,     61.6677,      3.4953,      0.0000,     -0.0311,      5.2354,      0.1395,      5.5029,     11.0058,      1.2328,     28.0656,     56.1312,      0.0190,      0.0042,      0.0156,      0.1974,   7576.6011,-419926.9375,   -937.1990,    543.2571,  25255.3359,
       1,     167,      50,      22,       1,       3,       1,     10.0000,      1.3871,     42.3986,    245.0406,     61.6677,      3.4953,      0.0000,     -0.0310,      5.6904,      0.1358,      5.5029,     11.0058,      1.1996,     28.0656,     56.1312,      0.0190,      0.0045,      0.0156,      0.1974,   7576.6011,-423453.7812,   -937.8370,    543.0225,  25255.3340,
       1,     167,      50,      23,       1,       3,       1,     10.0000,      1.3871,     42.3986,    245.0406,     61.6677,      3.4953,      0.0000,     -0.0308,      5.0257,      0.1304,      5.5029,     11.0058,      1.1519,     28.0656,     56.1312,      0.0190,      0.0040,      0.0156,      0.1974,   7576.6006,-424340.0625,   -937.9513,    542.9623,  25255.3340,
       1,     167,      50,      24,       1,       3,       1,     10.0000,      1.3871,     42.3986,    245.0406,     61.6677,      3.4953,      0.0000,     -0.0308,      4.6905,      0.1300,      5.5029,     11.0058,      1.1484,     28.0656,     56.1312,      0.0190,      0.0037,      0.0156,      0.1974,   7576.6006,-423563.5312,   -937.7437,    543.0151,  25255.3320,
       1,     167,      51,       1,       1,       3,       1,     10.0000,      1.3871,     42.3989,    245.0463,     61.6691,      3.4953,      0.0000,     -0.0308,      4.3403,      0.1308,      5.5035,     11.0069,      1.1554,     28.0734,     56.1469,      0.0190,      0.0035,      0.0156,      0.1974,   7576.6001,-423220.5000,   -937.9178,    543.0511,  25256.4668,
       1,     167,      51,       2,       1,       3,       1,     10.0000,      1.3871,     42.3989,    245.0463,     61.6691,      3.4953,      0.0000,     -0.0307,      3.3495,      0.1285,      5.5035,     11.0069,      1.1357,     28.0734,     56.1469,      0.0190,      0.0027,      0.0156,      0.1974,   7576.9404,-422587.6562,   -937.4592,    543.0941,  25256.4668,
       1,     167,      51,       3,       1,       3,       1,     10.0000,      1.3871,     42.3989,    245.0463,     61.6691,      3.4953,      0.0000,     -0.0308,      2.7806,      0.1310,      5.5035,     11.0069,      1.1578,     28.0734,     56.1469,      0.0190,      0.0022,      0.0156,      0.1974,   7576.9404,-421260.0000,   -937.1598,    543.1842,  25256.4688,
       1,     167,      51,       4,       1,       3,       1,     10.0000,      1.3871,     42.3989,    245.0463,     61.6691,      3.4953,      0.0000,     -0.0308,      2.4290,      0.1310,      5.5035,     11.0069,      1.1578,     28.0734,     56.1469,      0.0190,      0.0019,      0.0156,      0.1974,   7576.9409,-420413.5312,   -936.9617,    543.2417,  25256.4668,
       1,     167,      51,       5,       1,       3,       1,     10.0000,      1.3871,     42.3989,    245.0463,     61.6691,      3.4953,      0.0000,     -0.0308,      1.9249,      0.1297,      5.5035,     11.0069,      1.1461,     28.0734,     56.1469,      0.0190,      0.0015,      0.0156,      0.1974,   7576.9404,-419888.3750,   -936.8349,    543.2774,  25256.4648,
       1,     167,      51,       6,       1,       3,       1,     10.0000,      1.3871,     42.3989,    245.0463,     61.6691,      3.4953,      0.0000,     -0.0307,      1.3715,      0.1275,      5.5035,     11.0069,      1.1265,     28.0734,     56.1469,      0.0190,      0.0011,      0.0156,      0.1974,   7576.9399,-419195.4375,   -936.6802,    543.3244,  25256.4648,
       1,     167,      51,       7,       1,       3,       1,     10.0000,      1.3871,     42.3989,    245.0463,     61.6691,      3.4953,      0.0000,     -0.0307,      1.1868,      0.1279,      5.5035,     11.0069,      1.1299,     28.0734,     56.1469,      0.0190,      0.0009,      0.0156,      0.1974,   7576.9399,-418424.3750,   -936.5148,    543.3768,  25256.4688,
       1,     167,      51,       8,       1,       3,       1,     10.0000,      1.3871,     42.3989,    245.0463,     61.6691,      3.4953,      0.0012,     -0.0295,      1.5322,      0.1292,      5.5035,     11.0069,      1.1414,     28.0734,     56.1469,      0.0190,      0.0012,      0.0156,      0.1974,   7576.9409,-418119.3750,   -936.4429,    543.3975,  25256.4668,
       1,     167,      51,       9,       1,       3,       1,     10.0000,      1.3871,     42.3989,    245.0463,     61.6691,      3.4953,      0.0777,      0.0468,      9.8371,      0.1330,      5.5035,     11.0069,      1.1755,     28.0734,     56.1469,      0.0190,      0.0013,      0.0927,      0.1974,   7576.9404,-418536.4688,   -936.5117,    543.3691,  25256.4648,
       1,     167,      51,      10,       1,       3,       1,     10.0000,      1.3871,     42.3989,    245.0463,     61.6691,      3.4953,      0.1167,      0.0850,     15.6002,      0.1573,      5.5035,     11.0069,      1.3897,     28.0734,     56.1469,      0.0190,      0.0013,      0.1488,      0.1974,   7576.9399,-429238.3750,   -938.6276,    542.6423,  25256.4668,
       1,     167,      51,      11,       1,       3,       1,     10.0000,      1.3871,     42.3989,    245.0463,     61.6691,      3.4953,      0.1637,      0.1318,     22.4332,      0.1611,      5.5035,     11.0069,      1.4236,     28.0734,     56.1469,      0.0190,      0.0013,      0.2171,      0.1974,   7576.9404,-437574.8125,   -940.2815,    542.0773,  25256.4688,
       1,     167,      51,      12,       1,       3,       1,     10.0000,      1.3871,     42.3989,    245.0463,     61.6691,      3.4953,      0.1859,      0.1535,     22.7364,      0.1787,      5.5035,     11.0069,      1.5792,     28.0734,     56.1469,      0.0190,      0.0011,      0.2500,      0.1974,   7576.9409,-447078.6562,   -942.1683,    541.4337,  25256.4688,
       1,     167,      51,      13,       1,       3,       1,     10.0000,      1.3871,     42.3989,    245.0463,     61.6691,      3.4953,      0.1865,      0.1537,     31.1191,      0.1895,      5.5035,     11.0069,      1.6744,     28.0734,     56.1469,      0.0190,      0.0015,      0.2500,      0.1974,   7576.9409,-448296.6875,   -942.3785,    541.3516,  25256.4668,
       1,     167,      51,      14,       1,       3,       1,     10.0000,      1.3871,     42.3989,    245.0463,     61.6691,      3.4953,      0.1863,      0.1535,     28.1822,      0.1893,      5.5035,     11.0069,      1.6727,     28.0734,     56.1469,      0.0190,      0.0014,      0.2500,      0.1974,   7576.9404,-459172.1875,   -944.9963,    540.6157,  25256.4668,
       1,     167,      51,      15,       1,       3,       1,     10.0000,      1.3871,     42.3989,    245.0463,     61.6691,      3.4953,      0.1887,      0.1558,     58.5972,      0.1927,      5.5035,     11.0069,      1.7028,     28.0734,     56.1469,      0.0190,      0.0029,      0.2500,      0.1974,   7576.9404,-456346.5938,   -944.3965,    540.8071,  25256.4668,
       1,     167,      51,      16,       1,       3,       1,     10.0000,      1.3871,     42.3989,    245.0463,     61.6691,      3.4953,      0.1895,      0.1568,     68.9783,      0.1874,      5.5035,     11.0069,      1.6563,     28.0734,     56.1469,      0.0190,      0.0034,      0.2500,      0.1974,   7576.9404,-495180.6562,   -952.1528,    538.1819,  25256.4668,
       1,     167,      51,      17,       1,       3,       1,     10.0000,      1.3871,     42.3989,    245.0463,     61.6691,      3.4953,      0.1745,      0.1419,     91.4692,      0.1850,      5.5035,     11.0069,      1.6350,     28.0734,     56.1469,      0.0190,      0.0051,      0.2252,      0.1974,   7576.9404,-511924.9375,   -955.6251,    537.0618,  25256.4648,
       1,     167,      51,      18,       1,       3,       1,     10.0000,      1.3871,     42.3989,    245.0463,     61.6691,      3.4953,      0.1503,      0.1178,    103.3109,      0.1784,      5.5035,     11.0069,      1.5761,     28.0734,     56.1469,      0.0190,      0.0068,      0.1880,      0.1973,   7576.9399,-542299.0625,   -961.9221,    535.0239,  25256.4648,
       1,     167,      51,      19,       1,       3,       1,     10.0000,      1.3871,     42.3989,    245.0463,     61.6691,      3.4953,      0.1310,      0.0989,     81.2405,      0.1695,      5.5035,     11.0069,      1.4980,     28.0734,     56.1469,      0.0190,      0.0062,      0.1622,      0.1973,   7576.9399,-560184.2500,   -965.8129,    533.8317,  25256.4668,
       1,     167,      51,      20,       1,       3,       1,     10.0000,      1.3871,     42.3989,    245.0463,     61.6691,      3.4953,      0.0201,     -0.0115,      4.0459,      0.1548,      5.5035,     11.0069,      1.3676,     28.0734,     56.1469,      0.0190,      0.0061,      0.0082,      0.1973,   7576.9404,-533330.1250,   -960.7444,    535.6249,  25256.4668,
       1,     167,      51,      21,       1,       3,       1,     10.0000,      1.3871,     42.3989,    245.0463,     61.6691,      3.4953,      0.0000,     -0.0314,      7.4076,      0.1485,      5.5035,     11.0069,      1.3124,     28.0734,     56.1469,      0.0190,      0.0059,      0.0156,      0.1973,   7576.9404,-431699.3438,   -940.4028,    542.4324,  25256.4668,
       1,     167,      51,      22,       1,       3,       1,     10.0000,      1.3871,     42.3989,    245.0463,     61.6691,      3.4953,      0.0000,     -0.0313,      6.7353,      0.1447,      5.5035,     11.0069,      1.2785,     28.0734,     56.1469,      0.0190,      0.0054,      0.0156,      0.1974,   7576.9404,-427321.9375,   -939.4249,    542.7727,  25256.4668,
       1,     167,      51,      23,       1,       3,       1,     10.0000,      1.3871,     42.3989,    245.0463,     61.6691,      3.4953,      0.0000,     -0.0312,      6.2321,      0.1409,      5.5035,     11.0069,      1.2453,     28.0734,     56.1469,      0.0190,      0.0050,      0.0156,      0.1974,   7576.9404,-426021.2188,   -939.0722,    542.8610,  25256.4668,
       1,     167,      51,      24,       1,       3,       1,     10.0000,      1.3871,     42.3989,    245.0463,     61.6691,      3.4953,      0.0000,     -0.0309,      5.6195,      0.1340,      5.5035,     11.0069,      1.1839,     28.0734,     56.1469,      0.0190,      0.0045,      0.0156,      0.1974,   7576.9404,-425261.4375,   -938.8332,    542.9126,  25256.4648,
       1,     167,      52,       1,       1,       3,       1,     10.0000,      1.3871,     42.3993,    245.0521,     61.6706,      3.4953,      0.0000,     -0.0307,      4.6001,      0.1285,      5.5033,     11.0066,      1.1357,     28.0784,     56.1569,      0.0190,      0.0037,      0.0156,      0.1975,   7576.9399,-424563.8125,   -938.9109,    542.9727,  25257.5996,
       1,     167,      52,       2,       1,       3,       1,     10.0000,      1.3871,     42.3993,    245.0521,     61.6706,      3.4953,      0.0000,     -0.0306,      3.8977,      0.1257,      5.5033,     11.0066,      1.1106,     28.0784,     56.1569,      0.0190,      0.0031,      0.0156,      0.1975,   7577.2803,-423040.8750,   -938.2534,    543.0760,  25257.5996,
       1,     167,      52,       3,       1,       3,       1,     10.0000,      1.3871,     42.3993,    245.0521,     61.6706,      3.4953,      0.0000,     -0.0306,      3.4034,      0.1264,      5.5033,     11.0066,      1.1174,     28.0784,     56.1569,      0.0190,      0.0027,      0.0156,      0.1975,   7577.2803,-422006.0625,   -937.9927,    543.1463,  25257.5996,
       1,     167,      52,       4,       1,       3,       1,     10.0000,      1.3871,     42.3993,    245.0521,     61.6706,      3.4953,      0.0000,     -0.0304,      3.0834,      0.1202,      5.5033,     11.0066,      1.0618,     28.0784,     56.1569,      0.0190,      0.0025,      0.0156,      0.1975,   7577.2803,-421281.0625,   -937.8024,    543.1955,  25257.6016,
       1,     167,      52,       5,       1,       3,       1,     10.0000,      1.3871,     42.3993,    245.0521,     61.6706,      3.4953,      0.0000,     -0.0304,      2.9897,      0.1197,      5.5033,     11.0066,      1.0575,     28.0784,     56.1569,      0.0190,      0.0024,      0.0156,      0.1975,   7577.2808,-420806.9062,   -937.6669,    543.2277,  25257.6016,
       1,     167,      52,       6,       1,       3,       1,     10.0000,      1.3871,     42.3993,    245.0521,     61.6706,      3.4953,      0.0000,     -0.0306,      2.5911,      0.1249,      5.5033,     11.0066,      1.1038,     28.0784,     56.1569,      0.0190,      0.0021,      0.0156,      0.1975,   7577.2808,-420645.2812,   -937.5963,    543.2387,  25257.5977,
       1,     167,      52,       7,       1,       3,       1,     10.0000,      1.3871,     42.3993,    245.0521,     61.6706,      3.4953,      0.0000,     -0.0305,      2.3317,      0.1231,      5.5033,     11.0066,      1.0882,     28.0784,     56.1569,      0.0190,      0.0019,      0.0156,      0.1975,   7577.2798,-420119.7812,   -937.4589,    543.2744,  25257.5996,
       1,     167,      52,       8,       1,       3,       1,     10.0000,      1.3871,     42.3993,    245.0521,     61.6706,      3.4953,      0.0016,     -0.0284,      2.1083,      0.1100,      5.5033,     11.0066,      0.9724,     28.0784,     56.1569,      0.0190,      0.0017,      0.0156,      0.1975,   7577.2803,-419740.5312,   -937.3539,    543.3001,  25257.5996,
       1,     167,      52,       9,       1,       3,       1,     10.0000,      1.3871,     42.3993,    245.0521,     61.6706,      3.4953,      0.0792,      0.0490,     11.2448,      0.1174,      5.5033,     11.0066,      1.0372,     28.0784,     56.1569,      0.0190,      0.0015,      0.0952,      0.1975,   7577.2803,-419420.6250,   -937.2708,    543.3218,  25257.5996,
       1,     167,      52,      10,       1,       3,       1,     10.0000,      1.3871,     42.3993,    245.0521,     61.6706,      3.4953,      0.1627,      0.1312,     32.1023,      0.1508,      5.5033,     11.0066,      1.3324,     28.0784,     56.1569,      0.0190,      0.0019,      0.2145,      0.1975,   7577.2803,-431124.3438,   -939.6135,    542.5270,  25257.5996,
       1,     167,      52,      11,       1,       3,       1,     10.0000,      1.3871,     42.3993,    245.0521,     61.6706,      3.4953,      0.1683,      0.1363,     40.0022,      0.1647,      5.5033,     11.0066,      1.4553,     28.0784,     56.1569,      0.0190,      0.0022,      0.2218,      0.1975,   7577.2803,-458933.1250,   -945.2038,    540.6417,  25257.5996,
       1,     167,      52,      12,       1,       3,       1,     10.0000,      1.3871,     42.3993,    245.0521,     61.6706,      3.4953,      0.1877,      0.1551,     45.1967,      0.1821,      5.5033,     11.0066,      1.6093,     28.0784,     56.1569,      0.0190,      0.0022,      0.2500,      0.1974,   7577.2803,-471514.3125,   -947.7850,    539.7948,  25257.6016,
       1,     167,      52,      13,       1,       3,       1,     10.0000,      1.3871,     42.3993,    245.0521,     61.6706,      3.4953,      0.1863,      0.1537,     28.2451,      0.1834,      5.5033,     11.0066,      1.6205,     28.0784,     56.1569,      0.0190,      0.0014,      0.2500,      0.1974,   7577.2808,-479281.4688,   -949.3558,    539.2712,  25257.5996,
       1,     167,      52,      14,       1,       3,       1,     10.0000,      1.3871,     42.3993,    245.0521,     61.6706,      3.4953,      0.1872,      0.1544,     39.7137,      0.1904,      5.5033,     11.0066,      1.6828,     28.0784,     56.1569,      0.0190,      0.0020,      0.2500,      0.1974,   7577.2803,-458170.8438,   -945.0643,    540.6946,  25257.5996,
       1,     167,      52,      15,       1,       3,       1,     10.0000,      1.3871,     42.3993,    245.0521,     61.6706,      3.4953,      0.1907,      0.1576,     85.4379,      0.1987,      5.5033,     11.0066,      1.7558,     28.0784,     56.1569,      0.0190,      0.0043,      0.2500,      0.1974,   7577.2803,-471075.3438,   -947.6276,    539.8243,  25257.5996,
       1,     167,      52,      16,       1,       3,       1,     10.0000,      1.3871,     42.3993,    245.0521,     61.6706,      3.4953,      0.1916,      0.1589,     94.8137,      0.1858,      5.5033,     11.0066,      1.6416,     28.0784,     56.1569,      0.0190,      0.0047,      0.2500,      0.1974,   7577.2803,-530955.0000,   -959.8174,    535.7845,  25257.6016,
       1,     167,      52,      17,       1,       3,       1,     10.0000,      1.3871,     42.3993,    245.0521,     61.6706,      3.4953,      0.1800,      0.1472,    104.6327,      0.1910,      5.5033,     11.0066,      1.6878,     28.0784,     56.1569,      0.0190,      0.0056,      0.2319,      0.1974,   7577.2808,-548265.5625,   -963.5601,    534.6402,  25257.5996,
       1,     167,      52,      18,       1,       3,       1,     10.0000,      1.3871,     42.3993,    245.0521,     61.6706,      3.4953,      0.1518,      0.1192,     86.4985,      0.1854,      5.5033,     11.0066,      1.6383,     28.0784,     56.1569,      0.0190,      0.0056,      0.1922,      0.1973,   7577.2803,-562386.4375,   -966.7553,    533.6978,  25257.5996,
       1,     167,      52,      19,       1,       3,       1,     10.0000,      1.3871,     42.3993,    245.0521,     61.6706,      3.4953,      0.1174,      0.0852,     61.4965,      0.1728,      5.5033,     11.0066,      1.5267,     28.0784,     56.1569,      0.0190,      0.0053,      0.1444,      0.1973,   7577.2803,-540275.6250,   -962.6127,    535.1736,  25257.6016,
       1,     167,      52,      20,       1,       3,       1,     10.0000,      1.3871,     42.3993,    245.0521,     61.6706,      3.4953,      0.0147,     -0.0171,      0.2368,      0.1584,      5.5033,     11.0066,      1.3995,     28.0784,     56.1569,      0.0190,      0.0056,      0.0005,      0.1973,   7577.2808,-506198.2812,   -955.9354,    537.4553,  25257.5996,
       1,     167,      52,      21,       1,       3,       1,     10.0000,      1.3871,     42.3993,    245.0521,     61.6706,      3.4953,      0.0000,     -0.0315,      5.8740,      0.1506,      5.5033,     11.0066,      1.3310,     28.0784,     56.1569,      0.0190,      0.0047,      0.0156,      0.1974,   7577.2803,-424489.4375,   -939.3221,    542.9495,  25257.5957,
       1,     167,      52,      22,       1,       3,       1,     10.0000,      1.3871,     42.3993,    245.0521,     61.6706,      3.4953,      0.0000,     -0.0313,      6.1776,      0.1451,      5.5033,     11.0066,      1.2824,     28.0784,     56.1569,      0.0190,      0.0049,      0.0156,      0.1975,   7577.2788,-424706.9375,   -939.3030,    542.9629,  25257.5977,
       1,     167,      52,      23,       1,       3,       1,     10.0000,      1.3871,     42.3993,    245.0521,     61.6706,      3.4953,      0.0000,     -0.0312,      5.8981,      0.1425,      5.5033,     11.0066,      1.2593,     28.0784,     56.1569,      0.0190,      0.0047,      0.0156,      0.1975,   7577.2798,-425079.4688,   -939.3101,    542.9377,  25257.5977,
       1,     167,      52,      24,       1,       3,       1,     10.0000,      1.3871,     42.3993,    245.0521,     61.6706,      3.4953,      0.0000,     -0.0312,      5.2761,      0.1428,      5.5033,     11.0066,      1.2618,     28.0784,     56.1569,      0.0190,      0.0042,      0.0156,      0.1975,   7577.2798,-424752.9062,   -939.1796,    542.9598,  25257.5977,
       1,     167,      53,       1,       1,       3,       1,     10.0000,      1.3871,     42.3996,    245.0579,     61.6720,      3.4953,      0.0000,     -0.0312,      4.4997,      0.1412,      5.5038,     11.0076,      1.2479,     28.0847,     56.1694,      0.0190,      0.0036,      0.0156,      0.1975,   7577.2798,-424080.7812,   -939.2842,    543.0182,  25258.7305,
       1,     167,      53,       2,       1,       3,       1,     10.0000,      1.3871,     42.3996,    245.0579,     61.6720,      3.4953,      0.0000,     -0.0311,      4.3344,      0.1399,      5.5038,     11.0076,      1.2366,     28.0847,     56.1694,      0.0190,      0.0035,      0.0156,      0.1975,   7577.6196,-422872.5312,   -938.6962,    543.1002,  25258.7324,
       1,     167,      53,       3,       1,       3,       1,     10.0000,      1.3871,     42.3996,    245.0579,     61.6720,      3.4953,      0.0000,     -0.0311,      4.0752,      0.1394,      5.5038,     11.0076,      1.2316,     28.0847,     56.1694,      0.0190,      0.0032,      0.0156,      0.1975,   7577.6201,-422554.8438,   -938.5868,    543.1218,  25258.7324,
       1,     167,      53,       4,       1,       3,       1,     10.0000,      1.3871,     42.3996,    245.0579,     61.6720,      3.4953,      0.0000,     -0.0313,      3.9068,      0.1437,      5.5038,     11.0076,      1.2695,     28.0847,     56.1694,      0.0190,      0.0031,      0.0156,      0.1975,   7577.6201,-422194.3438,   -938.4735,    543.1463,  25258.7324,
       1,     167,      53,       5,       1,       3,       1,     10.0000,      1.3871,     42.3996,    245.0579,     61.6720,      3.4953,      0.0000,     -0.0313,      3.7017,      0.1428,      5.5038,     11.0076,      1.2619,     28.0847,     56.1694,      0.0190,      0.0030,      0.0156,      0.1975,   7577.6201,-421946.5938,   -938.3845,    543.1631,  25258.7324,
       1,     167,      53,       6,       1,       3,       1,     10.0000,      1.3871,     42.3996,    245.0579,     61.6720,      3.4953,      0.0000,     -0.0313,      3.6666,      0.1440,      5.5038,     11.0076,      1.2721,     28.0847,     56.1694,      0.0190,      0.0029,      0.0156,      0.1975,   7577.6201,-421661.6562,   -938.2907,    543.1824,  25258.7324,
       1,     167,      53,       7,       1,       3,       1,     10.0000,      1.3871,     42.3996,    245.0579,     61.6720,      3.4953,      0.0000,     -0.0313,      3.5167,      0.1441,      5.5038,     11.0076,      1.2734,     28.0847,     56.1694,      0.0190,      0.0028,      0.0156,      0.1975,   7577.6201,-421591.8438,   -938.2413,    543.1872,  25258.7324,
       1,     167,      53,       8,       1,       3,       1,     10.0000,      1.3871,     42.3996,    245.0579,     61.6720,      3.4953,      0.0017,     -0.0295,      3.2811,      0.1408,      5.5038,     11.0076,      1.2441,     28.0847,     56.1694,      0.0190,      0.0026,      0.0156,      0.1975,   7577.6201,-421393.1562,   -938.1674,    543.2006,  25258.7324,
       1,     167,      53,       9,       1,       3,       1,     10.0000,      1.3871,     42.3996,    245.0579,     61.6720,      3.4953,      0.0750,      0.0437,     19.3059,      0.1437,      5.5038,     11.0076,      1.2695,     28.0847,     56.1694,      0.0190,      0.0027,      0.0874,      0.1975,   7577.6201,-421073.5312,   -938.0715,    543.2224,  25258.7324,
       1,     167,      53,      10,       1,       3,       1,     10.0000,      1.3871,     42.3996,    245.0579,     61.6720,      3.4953,      0.1629,      0.1309,     50.7287,      0.1631,      5.5038,     11.0076,      1.4408,     28.0847,     56.1694,      0.0190,      0.0030,      0.2126,      0.1975,   7577.6201,-441620.1875,   -942.2629,    541.8272,  25258.7305,
       1,     167,      53,      11,       1,       3,       1,     10.0000,      1.3871,     42.3996,    245.0579,     61.6720,      3.4953,      0.1890,      0.1567,     60.3208,      0.1717,      5.5038,     11.0076,      1.5176,     28.0847,     56.1694,      0.0190,      0.0030,      0.2500,      0.1975,   7577.6196,-483773.1250,   -950.9214,    538.9741,  25258.7324,
       1,     167,      53,      12,       1,       3,       1,     10.0000,      1.3871,     42.3996,    245.0579,     61.6720,      3.4953,      0.1888,      0.1562,     59.6596,      0.1836,      5.5038,     11.0076,      1.6222,     28.0847,     56.1694,      0.0190,      0.0030,      0.2500,      0.1974,   7577.6201,-499788.9062,   -954.3135,    537.9025,  25258.7305,
       1,     167,      53,      13,       1,       3,       1,     10.0000,      1.3871,     42.3996,    245.0579,     61.6720,      3.4953,      0.1885,      0.1555,     57.6399,      0.1989,      5.5038,     11.0076,      1.7576,     28.0847,     56.1694,      0.0190,      0.0029,      0.2500,      0.1974,   7577.6196,-500324.3750,   -954.5623,    537.8676,  25258.7324,
       1,     167,      53,      14,       1,       3,       1,     10.0000,      1.3871,     42.3996,    245.0579,     61.6720,      3.4953,      0.1891,      0.1557,     64.9821,      0.2075,      5.5038,     11.0076,      1.8337,     28.0847,     56.1694,      0.0190,      0.0032,      0.2500,      0.1974,   7577.6201,-497773.2500,   -954.1470,    538.0391,  25258.7324,
       1,     167,      53,      15,       1,       3,       1,     10.0000,      1.3871,     42.3996,    245.0579,     61.6720,      3.4953,      0.1905,      0.1572,     82.9722,      0.2069,      5.5038,     11.0076,      1.8283,     28.0847,     56.1694,      0.0190,      0.0041,      0.2500,      0.1974,   7577.6201,-506989.4062,   -956.1468,    537.4193,  25258.7285,
       1,     167,      53,      16,       1,       3,       1,     10.0000,      1.3871,     42.3996,    245.0579,     61.6720,      3.4953,      0.1914,      0.1583,     93.4663,      0.1971,      5.5038,     11.0076,      1.7421,     28.0847,     56.1694,      0.0190,      0.0047,      0.2500,      0.1974,   7577.6187,-530919.5625,   -961.2277,    535.8120,  25258.7285,
       1,     167,      53,      17,       1,       3,       1,     10.0000,      1.3871,     42.3996,    245.0579,     61.6720,      3.4953,      0.1919,      0.1592,     99.5808,      0.1878,      5.5038,     11.0076,      1.6596,     28.0847,     56.1694,      0.0190,      0.0050,      0.2500,      0.1974,   7577.6187,-546501.3750,   -964.6906,    534.7709,  25258.7305,
       1,     167,      53,      18,       1,       3,       1,     10.0000,      1.3871,     42.3996,    245.0579,     61.6720,      3.4953,      0.1796,      0.1471,    104.4651,      0.1789,      5.5038,     11.0076,      1.5808,     28.0847,     56.1694,      0.0190,      0.0056,      0.2312,      0.1974,   7577.6196,-555719.7500,   -966.9238,    534.1556,  25258.7285,
       1,     167,      53,      19,       1,       3,       1,     10.0000,      1.3871,     42.3996,    245.0579,     61.6720,      3.4953,      0.1311,      0.0989,     77.8545,      0.1694,      5.5038,     11.0076,      1.4966,     28.0847,     56.1694,      0.0190,      0.0060,      0.1627,      0.1973,   7577.6187,-562804.3125,   -968.7697,    533.6830,  25258.7285,
       1,     167,      53,      20,       1,       3,       1,     10.0000,      1.3871,     42.3996,    245.0579,     61.6720,      3.4953,      0.0251,     -0.0067,      6.7502,      0.1581,      5.5038,     11.0076,      1.3968,     28.0847,     56.1694,      0.0190,      0.0056,      0.0150,      0.1973,   7577.6187,-529176.8125,   -962.2000,    535.9265,  25258.7285,
       1,     167,      53,      21,       1,       3,       1,     10.0000,      1.3871,     42.3996,    245.0579,     61.6720,      3.4953,      0.0000,     -0.0317,      6.3890,      0.1548,      5.5038,     11.0076,      1.3677,     28.0847,     56.1694,      0.0190,      0.0051,      0.0156,      0.1974,   7577.6187,-434829.4375,   -942.8525,    542.2516,  25258.7285,
       1,     167,      53,      22,       1,       3,       1,     10.0000,      1.3871,     42.3996,    245.0579,     61.6720,      3.4953,      0.0000,     -0.0316,      5.9665,      0.1532,      5.5038,     11.0076,      1.3540,     28.0847,     56.1694,      0.0190,      0.0048,      0.0156,      0.1975,   7577.6187,-426282.8750,   -941.0448,    542.8684,  25258.7285,
       1,     167,      53,      23,       1,       3,       1,     10.0000,      1.3871,     42.3996,    245.0579,     61.6720,      3.4953,      0.0000,     -0.0316,      5.2797,      0.1529,      5.5038,     11.0076,      1.3513,     28.0847,     56.1694,      0.0190,      0.0042,      0.0156,      0.1975,   7577.6187,-424948.4062,   -940.7281,    542.9594,  25258.7285,
       1,     167,      53,      24,       1,       3,       1,     10.0000,      1.3871,     42.3996,    245.0579,     61.6720,      3.4953,      0.0000,     -0.0317,      4.6162,      0.1543,      5.5038,     11.0076,      1.3635,     28.0847,     56.1694,      0.0190,      0.0037,      0.0156,      0.1975,   7577.6187,-423949.7812,   -940.4865,    543.0270,  25258.7285,
       1,     167,      54,       1,       1,       3,       1,     10.0000,      1.3872,     42.3999,    245.0637,     61.6735,      3.4953,      0.0000,     -0.0317,      3.8312,      0.1543,      5.5036,     11.0071,      1.3636,     28.0928,     56.1855,      0.0190,      0.0031,      0.0156,      0.1975,   7577.6187,-423166.0000,   -940.5956,    543.0930,  25259.8633,
       1,     167,      54,       2,       1,       3,       1,     10.0000,      1.3872,     42.3999,    245.0637,     61.6735,      3.4953,      0.0000,     -0.0316,      3.2294,      0.1520,      5.5036,     11.0071,      1.3432,     28.0928,     56.1855,      0.0190,      0.0026,      0.0156,      0.1975,   7577.9595,-421937.0312,   -940.0176,    543.1765,  25259.8633,
       1,     167,      54,       3,       1,       3,       1,     10.0000,      1.3872,     42.3999,    245.0637,     61.6735,      3.4953,      0.0000,     -0.0316,      3.0502,      0.1522,      5.5036,     11.0071,      1.3445,     28.0928,     56.1855,      0.0190,      0.0024,      0.0156,      0.1975,   7577.9595,-421057.2188,   -939.8155,    543.2362,  25259.8633,
       1,     167,      54,       4,       1,       3,       1,     10.0000,      1.3872,     42.3999,    245.0637,     61.6735,      3.4953,      0.0000,     -0.0315,      2.8943,      0.1491,      5.5036,     11.0071,      1.3178,     28.0928,     56.1855,      0.0190,      0.0023,      0.0156,      0.1975,   7577.9595,-420750.4688,   -939.7328,    543.2571,  25259.8633,
       1,     167,      54,       5,       1,       3,       1,     10.0000,      1.3872,     42.3999,    245.0637,     61.6735,      3.4953,      0.0000,     -0.0314,      3.0351,      0.1457,      5.5036,     11.0071,      1.2876,     28.0928,     56.1855,      0.0190,      0.0024,      0.0156,      0.1975,   7577.9595,-420523.5000,   -939.6684,    543.2724,  25259.8633,
       1,     167,      54,       6,       1,       3,       1,     10.0000,      1.3872,     42.3999,    245.0637,     61.6735,      3.4953,      0.0000,     -0.0312,      2.9182,      0.1411,      5.5036,     11.0071,      1.2467,     28.0928,     56.1855,      0.0190,      0.0023,      0.0156,      0.1975,   7577.9595,-420684.5938,   -939.6838,    543.2615,  25259.8633,
       1,     167,      54,       7,       1,       3,       1,     10.0000,      1.3872,     42.3999,    245.0637,     61.6735,      3.4953,      0.0000,     -0.0311,      2.8458,      0.1391,      5.5036,     11.0071,      1.2292,     28.0928,     56.1855,      0.0190,      0.0023,      0.0156,      0.1975,   7577.9595,-420548.6250,   -939.6387,    543.2708,  25259.8633,
       1,     167,      54,       8,       1,       3,       1,     10.0000,      1.3872,     42.3999,    245.0637,     61.6735,      3.4953,      0.0015,     -0.0296,      3.3181,      0.1374,      5.5036,     11.0071,      1.2143,     28.0928,     56.1855,      0.0190,      0.0026,      0.0156,      0.1975,   7577.9595,-420443.7812,   -939.6005,    543.2779,  25259.8633,
       1,     167,      54,       9,       1,       3,       1,     10.0000,      1.3872,     42.3999,    245.0637,     61.6735,      3.4953,      0.0830,      0.0517,     20.4755,      0.1421,      5.5036,     11.0071,      1.2555,     28.0928,     56.1855,      0.0190,      0.0026,      0.0989,      0.1975,   7577.9595,-421040.8438,   -939.7040,    543.2372,  25259.8633,
       1,     167,      54,      10,       1,       3,       1,     10.0000,      1.3872,     42.3999,    245.0637,     61.6735,      3.4953,      0.1649,      0.1331,     44.4567,      0.1597,      5.5036,     11.0071,      1.4109,     28.0928,     56.1855,      0.0190,      0.0026,      0.2163,      0.1975,   7577.9595,-443119.2500,   -944.2825,    541.7381,  25259.8633,
       1,     167,      54,      11,       1,       3,       1,     10.0000,      1.3872,     42.3999,    245.0637,     61.6735,      3.4953,      0.1868,      0.1545,     49.8785,      0.1731,      5.5036,     11.0071,      1.5298,     28.0928,     56.1855,      0.0190,      0.0025,      0.2481,      0.1975,   7577.9595,-475845.6250,   -951.1034,    539.5240,  25259.8633,
       1,     167,      54,      12,       1,       3,       1,     10.0000,      1.3872,     42.3999,    245.0637,     61.6735,      3.4953,      0.1885,      0.1559,     55.3670,      0.1836,      5.5036,     11.0071,      1.6222,     28.0928,     56.1855,      0.0190,      0.0028,      0.2500,      0.1975,   7577.9595,-485670.6562,   -953.2396,    538.8659,  25259.8613,
       1,     167,      54,      13,       1,       3,       1,     10.0000,      1.3872,     42.3999,    245.0637,     61.6735,      3.4953,      0.1881,      0.1553,     50.5269,      0.1888,      5.5036,     11.0071,      1.6679,     28.0928,     56.1855,      0.0190,      0.0025,      0.2500,      0.1975,   7577.9585,-493572.9062,   -955.0085,    538.3340,  25259.8633,
       1,     167,      54,      14,       1,       3,       1,     10.0000,      1.3872,     42.3999,    245.0637,     61.6735,      3.4953,      0.1879,      0.1551,     49.2245,      0.1921,      5.5036,     11.0071,      1.6979,     28.0928,     56.1855,      0.0190,      0.0024,      0.2500,      0.1974,   7577.9595,-488039.1875,   -953.9808,    538.7067,  25259.8613,
       1,     167,      54,      15,       1,       3,       1,     10.0000,      1.3872,     42.3999,    245.0637,     61.6735,      3.4953,      0.1898,      0.1568,     72.7883,      0.1962,      5.5036,     11.0071,      1.7335,     28.0928,     56.1855,      0.0190,      0.0036,      0.2500,      0.1975,   7577.9585,-485885.1875,   -953.6403,    538.8518,  25259.8613,
       1,     167,      54,      16,       1,       3,       1,     10.0000,      1.3872,     42.3999,    245.0637,     61.6735,      3.4953,      0.1917,      0.1590,     97.2354,      0.1867,      5.5036,     11.0071,      1.6498,     28.0928,     56.1855,      0.0190,      0.0048,      0.2500,      0.1975,   7577.9585,-515977.9062,   -960.0268,    536.8249,  25259.8613,
       1,     167,      54,      17,       1,       3,       1,     10.0000,      1.3872,     42.3999,    245.0637,     61.6735,      3.4953,      0.1931,      0.1606,    113.5215,      0.1798,      5.5036,     11.0071,      1.5887,     28.0928,     56.1855,      0.0190,      0.0056,      0.2500,      0.1974,   7577.9585,-550034.3125,   -967.3650,    534.5435,  25259.8594,
       1,     167,      54,      18,       1,       3,       1,     10.0000,      1.3872,     42.3999,    245.0637,     61.6735,      3.4953,      0.1795,      0.1473,    107.6827,      0.1700,      5.5036,     11.0071,      1.5026,     28.0928,     56.1855,      0.0190,      0.0058,      0.2306,      0.1974,   7577.9580,-573951.8125,   -972.7354,    532.9503,  25259.8594,
       1,     167,      54,      19,       1,       3,       1,     10.0000,      1.3872,     42.3999,    245.0637,     61.6735,      3.4953,      0.1316,      0.0996,     76.0691,      0.1644,      5.5036,     11.0071,      1.4524,     28.0928,     56.1855,      0.0190,      0.0058,      0.1636,      0.1973,   7577.9580,-568515.4375,   -972.0675,    533.3147,  25259.8574,
       1,     167,      54,      20,       1,       3,       1,     10.0000,      1.3872,     42.3999,    245.0637,     61.6735,      3.4953,      0.0131,     -0.0186,      7.4592,      0.1546,      5.5036,     11.0071,      1.3663,     28.0928,     56.1855,      0.0190,      0.0059,      0.0156,      0.1974,   7577.9575,-527361.8750,   -963.8873,    536.0583,  25259.8613,
       1,     167,      54,      21,       1,       3,       1,     10.0000,      1.3872,     42.3999,    245.0637,     61.6735,      3.4953,      0.0000,     -0.0316,      7.0548,      0.1526,      5.5036,     11.0071,      1.3486,     28.0928,     56.1855,      0.0190,      0.0056,      0.0156,      0.1974,   7577.9585,-435590.5000,   -944.8732,    542.2147,  25259.8594,
       1,     167,      54,      22,       1,       3,       1,     10.0000,      1.3872,     42.3999,    245.0637,     61.6735,      3.4953,      0.0000,     -0.0315,      6.5759,      0.1497,      5.5036,     11.0071,      1.3231,     28.0928,     56.1855,      0.0190,      0.0052,      0.0156,      0.1975,   7577.9580,-427203.8125,   -943.0946,    542.8187,  25259.8594,
       1,     167,      54,      23,       1,       3,       1,     10.0000,      1.3872,     42.3999,    245.0637,     61.6735,      3.4953,      0.0000,     -0.0315,      5.8425,      0.1506,      5.5036,     11.0071,      1.3311,     28.0928,     56.1855,      0.0190,      0.0047,      0.0156,      0.1975,   7577.9580,-425813.6562,   -942.7761,    542.9133,  25259.8594,
       1,     167,      54,      24,       1,       3,       1,     10.0000,      1.3872,     42.3999,    245.0637,     61.6735,      3.4953,      0.0000,     -0.0314,      5.5453,      0.1469,      5.5036,     11.0071,      1.2980,     28.0928,     56.1855,      0.0190,      0.0044,      0.0156,      0.1975,   7577.9580,-424750.3438,   -942.5291,    542.9855,  25259.8594,
       1,     167,      55,       1,       1,       3,       1,     10.0000,      1.3872,     42.4003,    245.0694,     61.6749,      3.4953,      0.0000,     -0.0314,      4.7997,      0.1456,      5.5039,     11.0077,      1.2863,     28.1007,     56.2015,      0.0190,      0.0038,      0.0156,      0.1975,   7577.9580,-424431.2188,   -942.7435,    543.0198,  25260.9922,
       1,     167,      55,       2,       1,       3,       1,     10.0000,      1.3872,     42.4003,    245.0694,     61.6749,      3.4953,      0.0000,     -0.0313,      4.3136,      0.1453,      5.5039,     11.0077,      1.2837,     28.1007,     56.2015,      0.0190,      0.0034,      0.0156,      0.1975,   7578.2979,-423293.5938,   -942.1848,    543.0971,  25260.9922,
       1,     167,      55,       3,       1,       3,       1,     10.0000,      1.3872,     42.4003,    245.0694,     61.6749,      3.4953,      0.0000,     -0.0312,      4.0914,      0.1408,      5.5039,     11.0077,      1.2442,     28.1007,     56.2015,      0.0190,      0.0033,      0.0156,      0.1975,   7578.2979,-422570.3438,   -942.0165,    543.1462,  25260.9922,
       1,     167,      55,       4,       1,       3,       1,     10.0000,      1.3872,     42.4003,    245.0694,     61.6749,      3.4953,      0.0000,     -0.0312,      4.1095,      0.1412,      5.5039,     11.0077,      1.2480,     28.1007,     56.2015,      0.0190,      0.0033,      0.0156,      0.1975,   7578.2979,-422222.1875,   -941.9277,    543.1699,  25260.9922,
       1,     167,      55,       5,       1,       3,       1,     10.0000,      1.3872,     42.4003,    245.0694,     61.6749,      3.4953,      0.0000,     -0.0311,      3.5046,      0.1385,      5.5039,     11.0077,      1.2242,     28.1007,     56.2015,      0.0190,      0.0028,      0.0156,      0.1975,   7578.2979,-422215.0000,   -941.9102,    543.1703,  25260.9922,
       1,     167,      55,       6,       1,       3,       1,     10.0000,      1.3872,     42.4003,    245.0694,     61.6749,      3.4953,      0.0000,     -0.0310,      3.5375,      0.1369,      5.5039,     11.0077,      1.2095,     28.1007,     56.2015,      0.0190,      0.0028,      0.0156,      0.1975,   7578.2979,-421437.9375,   -941.7344,    543.2231,  25260.9922,
       1,     167,      55,       7,       1,       3,       1,     10.0000,      1.3872,     42.4003,    245.0694,     61.6749,      3.4953,      0.0000,     -0.0310,      3.5482,      0.1365,      5.5039,     11.0077,      1.2058,     28.1007,     56.2015,      0.0190,      0.0028,      0.0156,      0.1975,   7578.2979,-421412.4688,   -941.7155,    543.2248,  25260.9922,
       1,     167,      55,       8,       1,       3,       1,     10.0000,      1.3872,     42.4003,    245.0694,     61.6749,      3.4953,      0.0016,     -0.0296,      3.3410,      0.1394,      5.5039,     11.0077,      1.2317,     28.1007,     56.2015,      0.0190,      0.0027,      0.0156,      0.1975,   7578.2979,-421423.9375,   -941.7045,    543.2241,  25260.9922,
       1,     167,      55,       9,       1,       3,       1,     10.0000,      1.3872,     42.4003,    245.0694,     61.6749,      3.4953,      0.0810,      0.0496,     20.1509,      0.1463,      5.5039,     11.0077,      1.2928,     28.1007,     56.2015,      0.0190,      0.0026,      0.0960,      0.1975,   7578.2979,-421158.9062,   -941.6362,    543.2421,  25260.9922,
       1,     167,      55,      10,       1,       3,       1,     10.0000,      1.3872,     42.4003,    245.0694,     61.6749,      3.4953,      0.1449,      0.1131,     39.2834,      0.1592,      5.5039,     11.0077,      1.4067,     28.1007,     56.2015,      0.0190,      0.0026,      0.1875,      0.1975,   7578.2979,-442713.2812,   -946.1633,    541.7784,  25260.9922,
       1,     167,      55,      11,       1,       3,       1,     10.0000,      1.3872,     42.4003,    245.0694,     61.6749,      3.4953,      0.1884,      0.1561,     52.9864,      0.1738,      5.5039,     11.0077,      1.5359,     28.1007,     56.2015,      0.0190,      0.0026,      0.2500,      0.1975,   7578.2979,-469164.0625,   -951.7528,    539.9891,  25260.9922,
       1,     167,      55,      12,       1,       3,       1,     10.0000,      1.3872,     42.4003,    245.0694,     61.6749,      3.4953,      0.1887,      0.1560,     58.7659,      0.1862,      5.5039,     11.0077,      1.6450,     28.1007,     56.2015,      0.0190,      0.0029,      0.2500,      0.1975,   7578.2979,-489074.1562,   -956.0181,    538.6481,  25260.9922,
       1,     167,      55,      13,       1,       3,       1,     10.0000,      1.3872,     42.4003,    245.0694,     61.6749,      3.4953,      0.1890,      0.1561,     62.5964,      0.1912,      5.5039,     11.0077,      1.6895,     28.1007,     56.2015,      0.0190,      0.0031,      0.2500,      0.1975,   7578.2979,-498232.3750,   -958.0810,    538.0332,  25260.9922,
       1,     167,      55,      14,       1,       3,       1,     10.0000,      1.3872,     42.4003,    245.0694,     61.6749,      3.4953,      0.1896,      0.1566,     70.5124,      0.1960,      5.5039,     11.0077,      1.7318,     28.1007,     56.2015,      0.0190,      0.0035,      0.2500,      0.1975,   7578.2979,-503949.4062,   -959.4498,    537.6489,  25260.9922,
       1,     167,      55,      15,       1,       3,       1,     10.0000,      1.3872,     42.4003,    245.0694,     61.6749,      3.4953,      0.1908,      0.1576,     86.0233,      0.2001,      5.5039,     11.0077,      1.7681,     28.1007,     56.2015,      0.0190,      0.0043,      0.2500,      0.1975,   7578.2979,-514619.8750,   -961.8831,    536.9319,  25260.9922,
       1,     167,      55,      16,       1,       3,       1,     10.0000,      1.3872,     42.4003,    245.0694,     61.6749,      3.4953,      0.1924,      0.1594,    106.6212,      0.1968,      5.5039,     11.0077,      1.7387,     28.1007,     56.2015,      0.0190,      0.0053,      0.2500,      0.1974,   7578.2979,-535486.3125,   -966.5137,    535.5320,  25260.9922,
       1,     167,      55,      17,       1,       3,       1,     10.0000,      1.3872,     42.4003,    245.0694,     61.6749,      3.4953,      0.1910,      0.1581,    110.5198,      0.1927,      5.5039,     11.0077,      1.7030,     28.1007,     56.2015,      0.0190,      0.0056,      0.2474,      0.1974,   7578.2979,-563789.5000,   -972.8090,    533.6392,  25260.9941,
       1,     167,      55,      18,       1,       3,       1,     10.0000,      1.3872,     42.4003,    245.0694,     61.6749,      3.4953,      0.1680,      0.1354,     97.5149,      0.1818,      5.5039,     11.0077,      1.6062,     28.1007,     56.2015,      0.0190,      0.0056,      0.2148,      0.1974,   7578.2983,-571269.9375,   -974.8281,    533.1435,  25260.9922,
       1,     167,      55,      19,       1,       3,       1,     10.0000,      1.3872,     42.4003,    245.0694,     61.6749,      3.4953,      0.1212,      0.0890,     67.8827,      0.1697,      5.5039,     11.0077,      1.4996,     28.1007,     56.2015,      0.0190,      0.0057,      0.1492,      0.1974,   7578.2979,-555182.8125,   -971.8993,    534.2158,  25260.9902,
       1,     167,      55,      20,       1,       3,       1,     10.0000,      1.3872,     42.4003,    245.0694,     61.6749,      3.4953,      0.0144,     -0.0173,      0.1024,      0.1554,      5.5039,     11.0077,      1.3732,     28.1007,     56.2015,      0.0190,      0.0055,      0.0002,      0.1974,   7578.2974,-515674.1250,   -963.9303,    536.8552,  25260.9922,
       1,     167,      55,      21,       1,       3,       1,     10.0000,      1.3872,     42.4003,    245.0694,     61.6749,      3.4953,      0.0000,     -0.0315,      7.1228,      0.1497,      5.5039,     11.0077,      1.3231,     28.1007,     56.2015,      0.0190,      0.0057,      0.0156,      0.1974,   7578.2979,-425136.4062,   -944.9346,    542.9374,  25260.9922,
       1,     167,      55,      22,       1,       3,       1,     10.0000,      1.3872,     42.4003,    245.0694,     61.6749,      3.4953,      0.0000,     -0.0313,      7.0182,      0.1451,      5.5039,     11.0077,      1.2824,     28.1007,     56.2015,      0.0190,      0.0056,      0.0156,      0.1975,   7578.2979,-426381.6875,   -945.1802,    542.8875,  25260.9902,
       1,     167,      55,      23,       1,       3,       1,     10.0000,      1.3872,     42.4003,    245.0694,     61.6749,      3.4953,      0.0000,     -0.0313,      6.6101,      0.1445,      5.5039,     11.0077,      1.2773,     28.1007,     56.2015,      0.0190,      0.0053,      0.0156,      0.1975,   7578.2974,-426311.6562,   -945.1489,    542.8923,  25260.9902,
       1,     167,      55,      24,       1,       3,       1,     10.0000,      1.3872,     42.4003,    245.0694,     61.6749,      3.4953,      0.0000,     -0.0312,      5.8567,      0.1421,      5.5039,     11.0077,      1.2556,     28.1007,     56.2015,      0.0190,      0.0047,      0.0156,      0.1975,   7578.2974,-425781.5938,   -945.0212,    542.9282,  25260.9902,
       1,     167,      56,       1,       1,       3,       1,     10.0000,      1.3872,     42.4006,    245.0753,     61.6763,      3.4953,      0.0000,     -0.0312,      4.8977,      0.1398,      5.5038,     11.0075,      1.2355,     28.1078,     56.2156,      0.0190,      0.0039,      0.0156,      0.1976,   7578.2974,-424923.2188,   -945.1336,    542.9993,  25262.1250,
       1,     167,      56,       2,       1,       3,       1,     10.0000,      1.3872,     42.4006,    245.0753,     61.6763,      3.4953,      0.0000,     -0.0311,      4.5446,      0.1377,      5.5038,     11.0075,      1.2169,     28.1078,     56.2156,      0.0190,      0.0036,      0.0156,      0.1976,   7578.6377,-423464.4688,   -944.5083,    543.0982,  25262.1230,
       1,     167,      56,       3,       1,       3,       1,     10.0000,      1.3872,     42.4006,    245.0753,     61.6763,      3.4953,      0.0000,     -0.0310,      3.8362,      0.1345,      5.5038,     11.0075,      1.1889,     28.1078,     56.2156,      0.0190,      0.0031,      0.0156,      0.1976,   7578.6372,-422884.4375,   -944.3757,    543.1376,  25262.1230,
       1,     167,      56,       4,       1,       3,       1,     10.0000,      1.3872,     42.4006,    245.0753,     61.6763,      3.4953,      0.0000,     -0.0307,      3.8857,      0.1283,      5.5038,     11.0075,      1.1335,     28.1078,     56.2156,      0.0190,      0.0031,      0.0156,      0.1976,   7578.6372,-421924.6562,   -944.1643,    543.2028,  25262.1230,
       1,     167,      56,       5,       1,       3,       1,     10.0000,      1.3872,     42.4006,    245.0753,     61.6763,      3.4953,      0.0000,     -0.0308,      3.8693,      0.1292,      5.5038,     11.0075,      1.1416,     28.1078,     56.2156,      0.0190,      0.0031,      0.0156,      0.1976,   7578.6372,-421904.5625,   -944.1522,    543.2041,  25262.1211,
       1,     167,      56,       6,       1,       3,       1,     10.0000,      1.3872,     42.4006,    245.0753,     61.6763,      3.4953,      0.0000,     -0.0307,      3.6229,      0.1283,      5.5038,     11.0075,      1.1335,     28.1078,     56.2156,      0.0190,      0.0029,      0.0156,      0.1976,   7578.6367,-421882.0312,   -944.1395,    543.2057,  25262.1211,
       1,     167,      56,       7,       1,       3,       1,     10.0000,      1.3872,     42.4006,    245.0753,     61.6763,      3.4953,      0.0000,     -0.0307,      3.0721,      0.1270,      5.5038,     11.0075,      1.1220,     28.1078,     56.2156,      0.0190,      0.0024,      0.0156,      0.1976,   7578.6367,-421563.6250,   -944.0642,    543.2273,  25262.1250,
       1,     167,      56,       8,       1,       3,       1,     10.0000,      1.3872,     42.4006,    245.0753,     61.6763,      3.4953,      0.0015,     -0.0291,      3.0926,      0.1257,      5.5038,     11.0075,      1.1107,     28.1078,     56.2156,      0.0190,      0.0025,      0.0156,      0.1976,   7578.6377,-420828.6875,   -943.9014,    543.2772,  25262.1230,
       1,     167,      56,       9,       1,       3,       1,     10.0000,      1.3872,     42.4006,    245.0753,     61.6763,      3.4953,      0.0865,      0.0559,     17.1544,      0.1266,      5.5038,     11.0075,      1.1186,     28.1078,     56.2156,      0.0190,      0.0020,      0.1049,      0.1976,   7578.6372,-420791.0312,   -943.8872,    543.2797,  25262.1230,
       1,     167,      56,      10,       1,       3,       1,     10.0000,      1.3872,     42.4006,    245.0753,     61.6763,      3.4953,      0.1706,      0.1392,     40.6104,      0.1476,      5.5038,     11.0075,      1.3046,     28.1078,     56.2156,      0.0190,      0.0022,      0.2250,      0.1976,   7578.6372,-438835.4688,   -947.7207,    542.0544,  25262.1230,
       1,     167,      56,      11,       1,       3,       1,     10.0000,      1.3872,     42.4006,    245.0753,     61.6763,      3.4953,      0.1884,      0.1563,     52.5583,      0.1670,      5.5038,     11.0075,      1.4759,     28.1078,     56.2156,      0.0190,      0.0026,      0.2500,      0.1976,   7578.6372,-470524.6250,   -954.4777,    539.9086,  25262.1230,
       1,     167,      56,      12,       1,       3,       1,     10.0000,      1.3872,     42.4006,    245.0753,     61.6763,      3.4953,      0.1891,      0.1566,     63.1355,      0.1800,      5.5038,     11.0075,      1.5904,     28.1078,     56.2156,      0.0190,      0.0031,      0.2500,      0.1975,   7578.6372,-488639.2812,   -958.4083,    538.6903,  25262.1230,
       1,     167,      56,      13,       1,       3,       1,     10.0000,      1.3872,     42.4006,    245.0753,     61.6763,      3.4953,      0.1893,      0.1566,     66.6089,      0.1878,      5.5038,     11.0075,      1.6597,     28.1078,     56.2156,      0.0190,      0.0033,      0.2500,      0.1975,   7578.6372,-503801.6562,   -961.7774,    537.6707,  25262.1230,
       1,     167,      56,      14,       1,       3,       1,     10.0000,      1.3872,     42.4006,    245.0753,     61.6763,      3.4953,      0.1886,      0.1556,     57.3945,      0.1941,      5.5038,     11.0075,      1.7148,     28.1078,     56.2156,      0.0190,      0.0029,      0.2500,      0.1975,   7578.6372,-509583.4062,   -963.2037,    537.2831,  25262.1211,
       1,     167,      56,      15,       1,       3,       1,     10.0000,      1.3872,     42.4006,    245.0753,     61.6763,      3.4953,      0.1915,      0.1585,     95.6125,      0.1981,      5.5038,     11.0075,      1.7508,     28.1078,     56.2156,      0.0190,      0.0048,      0.2500,      0.1975,   7578.6367,-498242.4375,   -961.0037,    538.0448,  25262.1211,
       1,     167,      56,      16,       1,       3,       1,     10.0000,      1.3872,     42.4006,    245.0753,     61.6763,      3.4953,      0.1933,      0.1601,    118.7785,      0.2017,      5.5038,     11.0075,      1.7822,     28.1078,     56.2156,      0.0190,      0.0059,      0.2500,      0.1975,   7578.6367,-546368.2500,   -971.4537,    534.8087,  25262.1211,
       1,     167,      56,      17,       1,       3,       1,     10.0000,      1.3872,     42.4006,    245.0753,     61.6763,      3.4953,      0.1917,      0.1587,    137.9579,      0.1974,      5.5038,     11.0075,      1.7439,     28.1078,     56.2156,      0.0190,      0.0070,      0.2454,      0.1974,   7578.6367,-580368.0625,   -979.0812,    532.5455,  25262.1211,
       1,     167,      56,      18,       1,       3,       1,     10.0000,      1.3872,     42.4006,    245.0753,     61.6763,      3.4953,      0.1735,      0.1408,    132.6666,      0.1875,      5.5038,     11.0075,      1.6565,     28.1078,     56.2156,      0.0190,      0.0075,      0.2189,      0.1974,   7578.6367,-608001.0000,   -985.5027,    530.7108,  25262.1191,
       1,     167,      56,      19,       1,       3,       1,     10.0000,      1.3872,     42.4006,    245.0753,     61.6763,      3.4953,      0.1283,      0.0961,     93.8940,      0.1707,      5.5038,     11.0075,      1.5087,     28.1078,     56.2156,      0.0190,      0.0075,      0.1567,      0.1973,   7578.6362,-603593.5000,   -985.1995,    531.0063,  25262.1191,
       1,     167,      56,      20,       1,       3,       1,     10.0000,      1.3872,     42.4006,    245.0753,     61.6763,      3.4953,      0.0184,     -0.0131,      3.5203,      0.1494,      5.5038,     11.0075,      1.3205,     28.1078,     56.2156,      0.0190,      0.0074,      0.0059,      0.1974,   7578.6362,-553296.6250,   -975.0345,    534.3449,  25262.1191,
       1,     167,      56,      21,       1,       3,       1,     10.0000,      1.3872,     42.4006,    245.0753,     61.6763,      3.4953,      0.0000,     -0.0311,      9.0903,      0.1395,      5.5038,     11.0075,      1.2330,     28.1078,     56.2156,      0.0190,      0.0072,      0.0156,      0.1974,   7578.6362,-432737.6250,   -949.5211,    542.4080,  25262.1211,
       1,     167,      56,      22,       1,       3,       1,     10.0000,      1.3872,     42.4006,    245.0753,     61.6763,      3.4953,      0.0000,     -0.0310,      8.0526,      0.1350,      5.5038,     11.0075,      1.1925,     28.1078,     56.2156,      0.0190,      0.0064,      0.0156,      0.1976,   7578.6367,-429605.6875,   -948.8450,    542.6815,  25262.1191,
       1,     167,      56,      23,       1,       3,       1,     10.0000,      1.3872,     42.4006,    245.0753,     61.6763,      3.4953,      0.0000,     -0.0309,      6.8069,      0.1322,      5.5038,     11.0075,      1.1685,     28.1078,     56.2156,      0.0190,      0.0054,      0.0156,      0.1976,   7578.6362,-427922.8750,   -948.4786,    542.7957,  25262.1191,
       1,     167,      56,      24,       1,       3,       1,     10.0000,      1.3872,     42.4006,    245.0753,     61.6763,      3.4953,      0.0000,     -0.0309,      6.3849,      0.1329,      5.5038,     11.0075,      1.1745,     28.1078,     56.2156,      0.0190,      0.0051,      0.0156,      0.1976,   7578.6362,-426177.2188,   -948.0989,    542.9141,  25262.1191,
       1,     167,      57,       1,       1,       3,       1,     10.0000,      1.3872,     42.4009,    245.0811,     61.6778,      3.4953,      0.0000,     -0.0310,      4.9988,      0.1344,      5.5042,     11.0084,      1.1877,     28.1162,     56.2324,      0.0190,      0.0040,      0.0156,      0.1976,   7578.6362,-425638.4375,   -948.2880,    542.9634,  25263.2539,
       1,     167,      57,       2,       1,       3,       1,     10.0000,      1.3872,     42.4009,    245.0811,     61.6778,      3.4953,      0.0000,     -0.0309,      3.8708,      0.1333,      5.5042,     11.0084,      1.1781,     28.1162,     56.2324,      0.0190,      0.0031,      0.0156,      0.1976,   7578.9766,-423659.3750,   -947.5496,    543.0978,  25263.2539,
       1,     167,      57,       3,       1,       3,       1,     10.0000,      1.3872,     42.4009,    245.0811,     61.6778,      3.4953,      0.0000,     -0.0307,      3.1975,      0.1287,      5.5042,     11.0084,      1.1370,     28.1162,     56.2324,      0.0190,      0.0025,      0.0156,      0.1976,   7578.9766,-422039.2812,   -947.1988,    543.2078,  25263.2539,
       1,     167,      57,       4,       1,       3,       1,     10.0000,      1.3872,     42.4009,    245.0811,     61.6778,      3.4953,      0.0000,     -0.0305,      2.7911,      0.1232,      5.5042,     11.0084,      1.0883,     28.1162,     56.2324,      0.0190,      0.0022,      0.0156,      0.1976,   7578.9766,-421033.9688,   -946.9802,    543.2760,  25263.2539,
       1,     167,      57,       5,       1,       3,       1,     10.0000,      1.3872,     42.4009,    245.0811,     61.6778,      3.4953,      0.0000,     -0.0304,      2.8670,      0.1198,      5.5042,     11.0084,      1.0587,     28.1162,     56.2324,      0.0190,      0.0023,      0.0156,      0.1976,   7578.9766,-420424.9688,   -946.8474,    543.3174,  25263.2539,
       1,     167,      57,       6,       1,       3,       1,     10.0000,      1.3872,     42.4009,    245.0811,     61.6778,      3.4953,      0.0000,     -0.0303,      2.7832,      0.1187,      5.5042,     11.0084,      1.0490,     28.1162,     56.2324,      0.0190,      0.0022,      0.0156,      0.1976,   7578.9766,-420469.0625,   -946.8543,    543.3145,  25263.2539,
       1,     167,      57,       7,       1,       3,       1,     10.0000,      1.3872,     42.4009,    245.0811,     61.6778,      3.4953,      0.0000,     -0.0302,      2.4680,      0.1161,      5.5042,     11.0084,      1.0257,     28.1162,     56.2324,      0.0190,      0.0020,      0.0156,      0.1976,   7578.9766,-420365.4375,   -946.8297,    543.3215,  25263.2539,
       1,     167,      57,       8,       1,       3,       1,     10.0000,      1.3872,     42.4009,    245.0811,     61.6778,      3.4953,      0.0017,     -0.0284,      2.3024,      0.1145,      5.5042,     11.0084,      1.0121,     28.1162,     56.2324,      0.0190,      0.0018,      0.0156,      0.1976,   7578.9766,-419951.9688,   -946.7395,    543.3495,  25263.2539,
       1,     167,      57,       9,       1,       3,       1,     10.0000,      1.3872,     42.4009,    245.0811,     61.6778,      3.4953,      0.1036,      0.0731,     15.1475,      0.1213,      5.5042,     11.0084,      1.0718,     28.1162,     56.2324,      0.0190,      0.0014,      0.1301,      0.1976,   7578.9766,-419703.3125,   -946.6851,    543.3664,  25263.2539,
       1,     167,      57,      10,       1,       3,       1,     10.0000,      1.3872,     42.4009,    245.0811,     61.6778,      3.4953,      0.1250,      0.0936,     14.9947,      0.1478,      5.5042,     11.0084,      1.3060,     28.1162,     56.2324,      0.0190,      0.0012,      0.1612,      0.1976,   7578.9766,-436165.5625,   -950.2221,    542.2483,  25263.2559,
       1,     167,      57,      11,       1,       3,       1,     10.0000,      1.3872,     42.4009,    245.0811,     61.6778,      3.4953,      0.1859,      0.1542,     19.3649,      0.1549,      5.5042,     11.0084,      1.3692,     28.1162,     56.2324,      0.0190,      0.0010,      0.2500,      0.1976,   7578.9771,-437407.2188,   -950.5042,    542.1653,  25263.2520,
       1,     167,      57,      12,       1,       3,       1,     10.0000,      1.3872,     42.4009,    245.0811,     61.6778,      3.4953,      0.1855,      0.1532,     17.0116,      0.1752,      5.5042,     11.0084,      1.5483,     28.1162,     56.2324,      0.0190,      0.0008,      0.2500,      0.1976,   7578.9761,-443123.9688,   -951.7420,    541.7778,  25263.2539,
       1,     167,      57,      13,       1,       3,       1,     10.0000,      1.3872,     42.4009,    245.0811,     61.6778,      3.4953,      0.1854,      0.1523,     16.6867,      0.1962,      5.5042,     11.0084,      1.7336,     28.1162,     56.2324,      0.0190,      0.0008,      0.2500,      0.1976,   7578.9766,-440600.8125,   -951.2079,    541.9489,  25263.2539,
       1,     167,      57,      14,       1,       3,       1,     10.0000,      1.3872,     42.4009,    245.0811,     61.6778,      3.4953,      0.1855,      0.1523,     18.7776,      0.2027,      5.5042,     11.0084,      1.7910,     28.1162,     56.2324,      0.0190,      0.0009,      0.2500,      0.1976,   7578.9766,-439964.0000,   -951.0836,    541.9921,  25263.2539,
       1,     167,      57,      15,       1,       3,       1,     10.0000,      1.3872,     42.4009,    245.0811,     61.6778,      3.4953,      0.1878,      0.1545,     48.1111,      0.2043,      5.5042,     11.0084,      1.8052,     28.1162,     56.2324,      0.0190,      0.0024,      0.2500,      0.1976,   7578.9766,-442592.4688,   -951.6501,    541.8140,  25263.2520,
       1,     167,      57,      16,       1,       3,       1,     10.0000,      1.3872,     42.4009,    245.0811,     61.6778,      3.4953,      0.1899,      0.1567,     75.2987,      0.2035,      5.5042,     11.0084,      1.7981,     28.1162,     56.2324,      0.0190,      0.0037,      0.2500,      0.1976,   7578.9761,-480477.5000,   -959.8176,    539.2482,  25263.2500,
       1,     167,      57,      17,       1,       3,       1,     10.0000,      1.3872,     42.4009,    245.0811,     61.6778,      3.4953,      0.1847,      0.1515,     95.0395,      0.2013,      5.5042,     11.0084,      1.7787,     28.1162,     56.2324,      0.0190,      0.0049,      0.2399,      0.1975,   7578.9751,-518712.9375,   -968.1638,    536.6769,  25263.2520,
       1,     167,      57,      18,       1,       3,       1,     10.0000,      1.3872,     42.4009,    245.0811,     61.6778,      3.4953,      0.1573,      0.1245,    113.4429,      0.1895,      5.5042,     11.0084,      1.6746,     28.1162,     56.2324,      0.0190,      0.0072,      0.1972,      0.1975,   7578.9761,-547416.6250,   -974.6157,    534.7574,  25263.2500,
       1,     167,      57,      19,       1,       3,       1,     10.0000,      1.3872,     42.4009,    245.0811,     61.6778,      3.4953,      0.0995,      0.0672,     65.6479,      0.1726,      5.5042,     11.0084,      1.5253,     28.1162,     56.2324,      0.0190,      0.0070,      0.1174,      0.1975,   7578.9751,-573574.8125,   -980.6489,    533.0124,  25263.2539,
       1,     167,      57,      20,       1,       3,       1,     10.0000,      1.3872,     42.4009,    245.0811,     61.6778,      3.4953,      0.0137,     -0.0180,      8.1083,      0.1557,      5.5042,     11.0084,      1.3760,     28.1162,     56.2324,      0.0190,      0.0065,      0.0156,      0.1974,   7578.9766,-514364.9688,   -968.3501,    536.9602,  25263.2500,
       1,     167,      57,      21,       1,       3,       1,     10.0000,      1.3872,     42.4009,    245.0811,     61.6778,      3.4953,      0.0000,     -0.0314,      7.6199,      0.1460,      5.5042,     11.0084,      1.2903,     28.1162,     56.2324,      0.0190,      0.0061,      0.0156,      0.1975,   7578.9751,-435329.1875,   -951.5074,    542.2797,  25263.2500,
       1,     167,      57,      22,       1,       3,       1,     10.0000,      1.3872,     42.4009,    245.0811,     61.6778,      3.4953,      0.0000,     -0.0313,      7.2695,      0.1424,      5.5042,     11.0084,      1.2582,     28.1162,     56.2324,      0.0190,      0.0058,      0.0156,      0.1976,   7578.9751,-427901.4375,   -949.9099,    542.8096,  25263.2500,
       1,     167,      57,      23,       1,       3,       1,     10.0000,      1.3872,     42.4009,    245.0811,     61.6778,      3.4953,      0.0000,     -0.0313,      6.8943,      0.1425,      5.5042,     11.0084,      1.2594,     28.1162,     56.2324,      0.0190,      0.0055,      0.0156,      0.1976,   7578.9751,-426771.5625,   -949.6641,    542.8865,  25263.2500,
       1,     167,      57,      24,       1,       3,       1,     10.0000,      1.3872,     42.4009,    245.0811,     61.6778,      3.4953,      0.0000,     -0.0312,      5.6394,      0.1414,      5.5042,     11.0084,      1.2493,     28.1162,     56.2324,      0.0190,      0.0045,      0.0156,      0.1976,   7578.9751,-426191.2188,   -949.5365,    542.9259,  25263.2500,
       1,     167,      58,       1,       1,       3,       1,     10.0000,      1.3872,     42.4013,    245.0868,     61.6793,      3.4953,      0.0000,     -0.0313,      4.4291,      0.1428,      5.5045,     11.0090,      1.2620,     28.1220,     56.2441,      0.0190,      0.0035,      0.0156,      0.1976,   7578.9751,-424685.3438,   -949.5228,    543.0410,  25264.3848,
       1,     167,      58,       2,       1,       3,       1,     10.0000,      1.3872,     42.4013,    245.0868,     61.6793,      3.4953,      0.0000,     -0.0312,      3.2795,      0.1415,      5.5045,     11.0090,      1.2506,     28.1220,     56.2441,      0.0190,      0.0026,      0.0156,      0.1976,   7579.3159,-422847.8750,   -948.8134,    543.1657,  25264.3848,
       1,     167,      58,       3,       1,       3,       1,     10.0000,      1.3872,     42.4013,    245.0868,     61.6793,      3.4953,      0.0000,     -0.0312,      2.7755,      0.1401,      5.5045,     11.0090,      1.2380,     28.1220,     56.2441,      0.0190,      0.0022,      0.0156,      0.1976,   7579.3159,-421212.6562,   -948.4600,    543.2767,  25264.3848,
       1,     167,      58,       4,       1,       3,       1,     10.0000,      1.3872,     42.4013,    245.0868,     61.6793,      3.4953,      0.0000,     -0.0311,      2.6732,      0.1379,      5.5045,     11.0090,      1.2182,     28.1220,     56.2441,      0.0190,      0.0021,      0.0156,      0.1976,   7579.3159,-420423.5000,   -948.2891,    543.3303,  25264.3848,
       1,     167,      58,       5,       1,       3,       1,     10.0000,      1.3872,     42.4013,    245.0868,     61.6793,      3.4953,      0.0000,     -0.0310,      2.4597,      0.1358,      5.5045,     11.0090,      1.1998,     28.1220,     56.2441,      0.0190,      0.0020,      0.0156,      0.1976,   7579.3159,-420223.5000,   -948.2452,    543.3439,  25264.3848,
       1,     167,      58,       6,       1,       3,       1,     10.0000,      1.3872,     42.4013,    245.0868,     61.6793,      3.4953,      0.0000,     -0.0310,      2.3240,      0.1348,      5.5045,     11.0090,      1.1913,     28.1220,     56.2441,      0.0190,      0.0019,      0.0156,      0.1976,   7579.3159,-419931.9688,   -948.1819,    543.3637,  25264.3828,
       1,     167,      58,       7,       1,       3,       1,     10.0000,      1.3872,     42.4013,    245.0868,     61.6793,      3.4953,      0.0000,     -0.0311,      2.5105,      0.1381,      5.5045,     11.0090,      1.2206,     28.1220,     56.2441,      0.0190,      0.0020,      0.0156,      0.1976,   7579.3149,-419732.7188,   -948.1389,    543.3773,  25264.3828,
       1,     167,      58,       8,       1,       3,       1,     10.0000,      1.3872,     42.4013,    245.0868,     61.6793,      3.4953,      0.0019,     -0.0292,      2.6523,      0.1380,      5.5045,     11.0090,      1.2194,     28.1220,     56.2441,      0.0190,      0.0021,      0.0156,      0.1976,   7579.3149,-419954.6875,   -948.1860,    543.3622,  25264.3828,
       1,     167,      58,       9,       1,       3,       1,     10.0000,      1.3872,     42.4013,    245.0868,     61.6793,      3.4953,      0.0947,      0.0636,     18.7941,      0.1393,      5.5045,     11.0090,      1.2305,     28.1220,     56.2441,      0.0190,      0.0020,      0.1164,      0.1976,   7579.3149,-420155.9375,   -948.2288,    543.3486,  25264.3828,
       1,     167,      58,      10,       1,       3,       1,     10.0000,      1.3872,     42.4013,    245.0868,     61.6793,      3.4953,      0.1688,      0.1369,     35.6065,      0.1595,      5.5045,     11.0090,      1.4096,     28.1220,     56.2441,      0.0190,      0.0020,      0.2230,      0.1976,   7579.3149,-440885.6250,   -952.7172,    541.9407,  25264.3828,
       1,     167,      58,      11,       1,       3,       1,     10.0000,      1.3872,     42.4013,    245.0868,     61.6793,      3.4953,      0.1873,      0.1548,     40.3433,      0.1814,      5.5045,     11.0090,      1.6032,     28.1220,     56.2441,      0.0190,      0.0020,      0.2500,      0.1976,   7579.3149,-464276.0312,   -957.8058,    540.3579,  25264.3828,
       1,     167,      58,      12,       1,       3,       1,     10.0000,      1.3872,     42.4013,    245.0868,     61.6793,      3.4953,      0.1877,      0.1546,     46.1248,      0.1976,      5.5045,     11.0090,      1.7457,     28.1220,     56.2441,      0.0190,      0.0023,      0.2500,      0.1976,   7579.3149,-472397.7812,   -959.6319,    539.8116,  25264.3828,
       1,     167,      58,      13,       1,       3,       1,     10.0000,      1.3872,     42.4013,    245.0868,     61.6793,      3.4953,      0.1873,      0.1541,     42.2040,      0.2021,      5.5045,     11.0090,      1.7858,     28.1220,     56.2441,      0.0190,      0.0021,      0.2500,      0.1976,   7579.3149,-480525.8438,   -961.4761,    539.2634,  25264.3828,
       1,     167,      58,      14,       1,       3,       1,     10.0000,      1.3872,     42.4013,    245.0868,     61.6793,      3.4953,      0.1875,      0.1543,     43.7719,      0.2001,      5.5045,     11.0090,      1.7683,     28.1220,     56.2441,      0.0190,      0.0022,      0.2500,      0.1976,   7579.3149,-476197.2188,   -960.6520,    539.5555,  25264.3828,
       1,     167,      58,      15,       1,       3,       1,     10.0000,      1.3872,     42.4013,    245.0868,     61.6793,      3.4953,      0.1893,      0.1560,     67.5471,      0.2049,      5.5045,     11.0090,      1.8106,     28.1220,     56.2441,      0.0190,      0.0034,      0.2500,      0.1976,   7579.3149,-477834.4688,   -961.1055,    539.4451,  25264.3828,
       1,     167,      58,      16,       1,       3,       1,     10.0000,      1.3872,     42.4013,    245.0868,     61.6793,      3.4953,      0.1921,      0.1590,    102.3308,      0.1985,      5.5045,     11.0090,      1.7543,     28.1220,     56.2441,      0.0190,      0.0051,      0.2500,      0.1976,   7579.3149,-508509.8750,   -967.8647,    537.3767,  25264.3809,
       1,     167,      58,      17,       1,       3,       1,     10.0000,      1.3872,     42.4013,    245.0868,     61.6793,      3.4953,      0.1927,      0.1598,    122.3857,      0.1941,      5.5045,     11.0090,      1.7149,     28.1220,     56.2441,      0.0190,      0.0061,      0.2486,      0.1975,   7579.3145,-555879.0625,   -978.3723,    534.1988,  25264.3809,
       1,     167,      58,      18,       1,       3,       1,     10.0000,      1.3872,     42.4013,    245.0868,     61.6793,      3.4953,      0.1776,      0.1449,    108.1208,      0.1852,      5.5045,     11.0090,      1.6369,     28.1220,     56.2441,      0.0190,      0.0059,      0.2278,      0.1975,   7579.3145,-585803.8125,   -985.2976,    532.2100,  25264.3809,
       1,     167,      58,      19,       1,       3,       1,     10.0000,      1.3872,     42.4013,    245.0868,     61.6793,      3.4953,      0.1332,      0.1008,     74.1404,      0.1737,      5.5045,     11.0090,      1.5345,     28.1220,     56.2441,      0.0190,      0.0056,      0.1661,      0.1974,   7579.3145,-570048.4375,   -982.4304,    533.2618,  25264.3809,
       1,     167,      58,      20,       1,       3,       1,     10.0000,      1.3872,     42.4013,    245.0868,     61.6793,      3.4953,      0.0138,     -0.0182,      7.0903,      0.1613,      5.5045,     11.0090,      1.4252,     28.1220,     56.2441,      0.0190,      0.0057,      0.0156,      0.1975,   7579.3145,-524975.5000,   -973.1101,    536.2673,  25264.3828,
       1,     167,      58,      21,       1,       3,       1,     10.0000,      1.3872,     42.4013,    245.0868,     61.6793,      3.4953,      0.0000,     -0.0317,      7.0476,      0.1539,      5.5045,     11.0090,      1.3596,     28.1220,     56.2441,      0.0190,      0.0056,      0.0156,      0.1975,   7579.3149,-434920.3750,   -953.7674,    542.3124,  25264.3789,
       1,     167,      58,      22,       1,       3,       1,     10.0000,      1.3872,     42.4013,    245.0868,     61.6793,      3.4953,      0.0000,     -0.0315,      6.6829,      0.1493,      5.5045,     11.0090,      1.3192,     28.1220,     56.2441,      0.0190,      0.0053,      0.0156,      0.1976,   7579.3140,-427143.7812,   -952.0837,    542.8739,  25264.3809,
       1,     167,      58,      23,       1,       3,       1,     10.0000,      1.3872,     42.4013,    245.0868,     61.6793,      3.4953,      0.0000,     -0.0315,      5.9330,      0.1491,      5.5045,     11.0090,      1.3179,     28.1220,     56.2441,      0.0190,      0.0047,      0.0156,      0.1976,   7579.3145,-425954.9375,   -951.8247,    542.9548,  25264.3809,
       1,     167,      58,      24,       1,       3,       1,     10.0000,      1.3872,     42.4013,    245.0868,     61.6793,      3.4953,      0.0000,     -0.0314,      5.3196,      0.1477,      5.5045,     11.0090,      1.3047,     28.1220,     56.2441,      0.0190,      0.0042,      0.0156,      0.1976,   7579.3145,-424888.6875,   -951.5931,    543.0272,  25264.3789,
       1,     167,      59,       1,       1,       3,       1,     10.0000,      1.3873,     42.4016,    245.0926,     61.6807,      3.4953,      0.0000,     -0.0314,      4.3395,      0.1472,      5.5042,     11.0084,      1.3008,     28.1303,     56.2606,      0.0190,      0.0035,      0.0156,      0.1976,   7579.3140,-424164.2812,   -951.7523,    543.0891,  25265.5156,
       1,     167,      59,       2,       1,       3,       1,     10.0000,      1.3873,     42.4016,    245.0926,     61.6807,      3.4953,      0.0000,     -0.0315,      4.0569,      0.1484,      5.5042,     11.0084,      1.3113,     28.1303,     56.2606,      0.0190,      0.0032,      0.0156,      0.1976,   7579.6548,-422690.3125,   -951.1175,    543.1891,  25265.5156,
       1,     167,      59,       3,       1,       3,       1,     10.0000,      1.3873,     42.4016,    245.0926,     61.6807,      3.4953,      0.0000,     -0.0314,      3.6128,      0.1456,      5.5042,     11.0084,      1.2865,     28.1303,     56.2606,      0.0190,      0.0029,      0.0156,      0.1976,   7579.6548,-422199.3750,   -951.0111,    543.2225,  25265.5156,
       1,     167,      59,       4,       1,       3,       1,     10.0000,      1.3873,     42.4016,    245.0926,     61.6807,      3.4953,      0.0000,     -0.0312,      3.2230,      0.1408,      5.5042,     11.0084,      1.2443,     28.1303,     56.2606,      0.0190,      0.0026,      0.0156,      0.1976,   7579.6548,-421586.7812,   -950.8785,    543.2641,  25265.5156,
       1,     167,      59,       5,       1,       3,       1,     10.0000,      1.3873,     42.4016,    245.0926,     61.6807,      3.4953,      0.0000,     -0.0313,      3.0775,      0.1422,      5.5042,     11.0084,      1.2569,     28.1303,     56.2606,      0.0190,      0.0025,      0.0156,      0.1976,   7579.6548,-421033.2812,   -950.7585,    543.3018,  25265.5156,
       1,     167,      59,       6,       1,       3,       1,     10.0000,      1.3873,     42.4016,    245.0926,     61.6807,      3.4953,      0.0000,     -0.0312,      2.8302,      0.1398,      5.5042,     11.0084,      1.2356,     28.1303,     56.2606,      0.0190,      0.0023,      0.0156,      0.1976,   7579.6548,-420798.3125,   -950.7078,    543.3176,  25265.5156,
       1,     167,      59,       7,       1,       3,       1,     10.0000,      1.3873,     42.4016,    245.0926,     61.6807,      3.4953,      0.0000,     -0.0313,      3.1755,      0.1428,      5.5042,     11.0084,      1.2620,     28.1303,     56.2606,      0.0190,      0.0025,      0.0156,      0.1976,   7579.6548,-420460.6562,   -950.6349,    543.3405,  25265.5156,
       1,     167,      59,       8,       1,       3,       1,     10.0000,      1.3873,     42.4016,    245.0926,     61.6807,      3.4953,      0.0014,     -0.0300,      2.9750,      0.1465,      5.5042,     11.0084,      1.2943,     28.1303,     56.2606,      0.0190,      0.0024,      0.0156,      0.1976,   7579.6548,-420874.3438,   -950.7253,    543.3125,  25265.5156,
       1,     167,      59,       9,       1,       3,       1,     10.0000,      1.3873,     42.4016,    245.0926,     61.6807,      3.4953,      0.0954,      0.0638,     17.7377,      0.1525,      5.5042,     11.0084,      1.3474,     28.1303,     56.2606,      0.0190,      0.0019,      0.1172,      0.1976,   7579.6548,-420653.0312,   -950.6776,    543.3275,  25265.5156,
       1,     167,      59,      10,       1,       3,       1,     10.0000,      1.3873,     42.4016,    245.0926,     61.6807,      3.4953,      0.1460,      0.1142,     33.8587,      0.1571,      5.5042,     11.0084,      1.3886,     28.1303,     56.2606,      0.0190,      0.0022,      0.1897,      0.1976,   7579.6548,-439574.0938,   -954.8104,    542.0425,  25265.5156,
       1,     167,      59,      11,       1,       3,       1,     10.0000,      1.3873,     42.4016,    245.0926,     61.6807,      3.4953,      0.1849,      0.1524,     39.5184,      0.1782,      5.5042,     11.0084,      1.5748,     28.1303,     56.2606,      0.0190,      0.0020,      0.2465,      0.1976,   7579.6548,-461915.5625,   -959.7131,    540.5303,  25265.5156,
       1,     167,      59,      12,       1,       3,       1,     10.0000,      1.3873,     42.4016,    245.0926,     61.6807,      3.4953,      0.1877,      0.1546,     45.9887,      0.1964,      5.5042,     11.0084,      1.7354,     28.1303,     56.2606,      0.0190,      0.0023,      0.2500,      0.1976,   7579.6548,-471129.5938,   -961.7907,    539.9098,  25265.5176,
       1,     167,      59,      13,       1,       3,       1,     10.0000,      1.3873,     42.4016,    245.0926,     61.6807,      3.4953,      0.1877,      0.1548,     46.7152,      0.1945,      5.5042,     11.0084,      1.7184,     28.1303,     56.2606,      0.0190,      0.0023,      0.2500,      0.1976,   7579.6558,-480236.4688,   -963.8623,    539.2956,  25265.5156,
       1,     167,      59,      14,       1,       3,       1,     10.0000,      1.3873,     42.4016,    245.0926,     61.6807,      3.4953,      0.1880,      0.1549,     51.0018,      0.2007,      5.5042,     11.0084,      1.7735,     28.1303,     56.2606,      0.0190,      0.0025,      0.2500,      0.1976,   7579.6548,-481961.3438,   -964.3558,    539.1797,  25265.5156,
       1,     167,      59,      15,       1,       3,       1,     10.0000,      1.3873,     42.4016,    245.0926,     61.6807,      3.4953,      0.1886,      0.1553,     58.7448,      0.2049,      5.5042,     11.0084,      1.8106,     28.1303,     56.2606,      0.0190,      0.0029,      0.2500,      0.1976,   7579.6548,-487615.4062,   -965.7172,    538.7985,  25265.5156,
       1,     167,      59,      16,       1,       3,       1,     10.0000,      1.3873,     42.4016,    245.0926,     61.6807,      3.4953,      0.1904,      0.1572,     81.1167,      0.2007,      5.5042,     11.0084,      1.7735,     28.1303,     56.2606,      0.0190,      0.0040,      0.2500,      0.1976,   7579.6548,-498051.3438,   -968.1479,    538.0958,  25265.5137,
       1,     167,      59,      17,       1,       3,       1,     10.0000,      1.3873,     42.4016,    245.0926,     61.6807,      3.4953,      0.1901,      0.1571,     98.0480,      0.1956,      5.5042,     11.0084,      1.7286,     28.1303,     56.2606,      0.0190,      0.0049,      0.2476,      0.1976,   7579.6543,-527695.6875,   -974.8257,    536.1024,  25265.5137,
       1,     167,      59,      18,       1,       3,       1,     10.0000,      1.3873,     42.4016,    245.0926,     61.6807,      3.4953,      0.1768,      0.1440,     87.9480,      0.1878,      5.5042,     11.0084,      1.6599,     28.1303,     56.2606,      0.0190,      0.0048,      0.2289,      0.1975,   7579.6543,-552038.4375,   -980.4679,    534.4747,  25265.5098,
       1,     167,      59,      19,       1,       3,       1,     10.0000,      1.3873,     42.4016,    245.0926,     61.6807,      3.4953,      0.1254,      0.0930,     62.9129,      0.1749,      5.5042,     11.0084,      1.5453,     28.1303,     56.2606,      0.0190,      0.0050,      0.1559,      0.1975,   7579.6533,-541169.3125,   -978.5028,    535.2034,  25265.5137,
       1,     167,      59,      20,       1,       3,       1,     10.0000,      1.3873,     42.4016,    245.0926,     61.6807,      3.4953,      0.0108,     -0.0213,      6.5153,      0.1650,      5.5042,     11.0084,      1.4584,     28.1303,     56.2606,      0.0190,      0.0052,      0.0156,      0.1975,   7579.6543,-508044.5312,   -971.6074,    537.4200,  25265.5098,
       1,     167,      59,      21,       1,       3,       1,     10.0000,      1.3873,     42.4016,    245.0926,     61.6807,      3.4953,      0.0000,     -0.0318,      6.1763,      0.1584,      5.5042,     11.0084,      1.3998,     28.1303,     56.2606,      0.0190,      0.0049,      0.0156,      0.1976,   7579.6533,-432732.3125,   -955.2981,    542.4838,  25265.5098,
       1,     167,      59,      22,       1,       3,       1,     10.0000,      1.3873,     42.4016,    245.0926,     61.6807,      3.4953,      0.0000,     -0.0318,      5.9403,      0.1578,      5.5042,     11.0084,      1.3942,     28.1303,     56.2606,      0.0190,      0.0047,      0.0156,      0.1976,   7579.6533,-425824.4375,   -953.7905,    542.9762,  25265.5098,
       1,     167,      59,      23,       1,       3,       1,     10.0000,      1.3873,     42.4016,    245.0926,     61.6807,      3.4953,      0.0000,     -0.0317,      5.3102,      0.1562,      5.5042,     11.0084,      1.3803,     28.1303,     56.2606,      0.0190,      0.0042,      0.0156,      0.1976,   7579.6533,-424889.8438,   -953.5881,    543.0398,  25265.5098,
       1,     167,      59,      24,       1,       3,       1,     10.0000,      1.3873,     42.4016,    245.0926,     61.6807,      3.4953,      0.0000,     -0.0317,      4.2940,      0.1539,      5.5042,     11.0084,      1.3596,     28.1303,     56.2606,      0.0190,      0.0034,      0.0156,      0.1976,   7579.6533,-423999.8438,   -953.3951,    543.1003,  25265.5098,
       1,     167,      60,       1,       1,       3,       1,     10.0000,      1.3873,     42.4019,    245.0984,     61.6822,      3.4953,      0.0000,     -0.0317,      3.7397,      0.1562,      5.5045,     11.0090,      1.3803,     28.1375,     56.2751,      0.0190,      0.0030,      0.0156,      0.1977,   7579.6533,-422773.4375,   -953.4456,    543.1963,  25266.6445,
       1,     167,      60,       2,       1,       3,       1,     10.0000,      1.3873,     42.4019,    245.0984,     61.6822,      3.4953,      0.0000,     -0.0317,      3.2160,      0.1543,      5.5045,     11.0090,      1.3638,     28.1375,     56.2751,      0.0190,      0.0026,      0.0156,      0.1977,   7579.9937,-421802.6250,   -952.9185,    543.2621,  25266.6445,
       1,     167,      60,       3,       1,       3,       1,     10.0000,      1.3873,     42.4019,    245.0984,     61.6822,      3.4953,      0.0000,     -0.0317,      3.2463,      0.1534,      5.5045,     11.0090,      1.3556,     28.1375,     56.2751,      0.0190,      0.0026,      0.0156,      0.1977,   7579.9937,-421046.2812,   -952.7542,    543.3135,  25266.6445,
       1,     167,      60,       4,       1,       3,       1,     10.0000,      1.3873,     42.4019,    245.0984,     61.6822,      3.4953,      0.0000,     -0.0316,      3.5404,      0.1514,      5.5045,     11.0090,      1.3380,     28.1375,     56.2751,      0.0190,      0.0028,      0.0156,      0.1977,   7579.9937,-421019.2500,   -952.7498,    543.3153,  25266.6445,
       1,     167,      60,       5,       1,       3,       1,     10.0000,      1.3873,     42.4019,    245.0984,     61.6822,      3.4953,      0.0000,     -0.0315,      2.8495,      0.1498,      5.5045,     11.0090,      1.3233,     28.1375,     56.2751,      0.0190,      0.0023,      0.0156,      0.1977,   7579.9937,-421394.2500,   -952.8331,    543.2899,  25266.6445,
       1,     167,      60,       6,       1,       3,       1,     10.0000,      1.3873,     42.4019,    245.0984,     61.6822,      3.4953,      0.0000,     -0.0315,      2.6986,      0.1484,      5.5045,     11.0090,      1.3113,     28.1375,     56.2751,      0.0190,      0.0022,      0.0156,      0.1977,   7579.9937,-420540.5938,   -952.6475,    543.3478,  25266.6445,
       1,     167,      60,       7,       1,       3,       1,     10.0000,      1.3873,     42.4019,    245.0984,     61.6822,      3.4953,      0.0000,     -0.0315,      2.5133,      0.1495,      5.5045,     11.0090,      1.3206,     28.1375,     56.2751,      0.0190,      0.0020,      0.0156,      0.1977,   7579.9937,-420272.5938,   -952.5900,    543.3661,  25266.6445,
       1,     167,      60,       8,       1,       3,       1,     10.0000,      1.3873,     42.4019,    245.0984,     61.6822,      3.4953,      0.0029,     -0.0286,      2.5346,      0.1490,      5.5045,     11.0090,      1.3166,     28.1375,     56.2751,      0.0190,      0.0020,      0.0156,      0.1977,   7579.9937,-420011.5000,   -952.5341,    543.3838,  25266.6445,
       1,     167,      60,       9,       1,       3,       1,     10.0000,      1.3873,     42.4019,    245.0984,     61.6822,      3.4953,      0.0940,      0.0627,     18.1968,      0.1457,      5.5045,     11.0090,      1.2878,     28.1375,     56.2751,      0.0190,      0.0020,      0.1153,      0.1977,   7579.9937,-420016.1250,   -952.5361,    543.3835,  25266.6445,
       1,     167,      60,      10,       1,       3,       1,     10.0000,      1.3873,     42.4019,    245.0984,     61.6822,      3.4953,      0.1693,      0.1377,     39.2969,      0.1523,      5.5045,     11.0090,      1.3461,     28.1375,     56.2751,      0.0190,      0.0022,      0.2233,      0.1977,   7579.9937,-440108.2812,   -956.9545,    542.0187,  25266.6445,
       1,     167,      60,      11,       1,       3,       1,     10.0000,      1.3873,     42.4019,    245.0984,     61.6822,      3.4953,      0.1881,      0.1558,     48.1706,      0.1701,      5.5045,     11.0090,      1.5028,     28.1375,     56.2751,      0.0190,      0.0024,      0.2500,      0.1977,   7579.9937,-468939.2188,   -963.3151,    540.0671,  25266.6465,
       1,     167,      60,      12,       1,       3,       1,     10.0000,      1.3873,     42.4019,    245.0984,     61.6822,      3.4953,      0.1885,      0.1562,     54.5026,      0.1733,      5.5045,     11.0090,      1.5315,     28.1375,     56.2751,      0.0190,      0.0027,      0.2500,      0.1976,   7579.9941,-482846.8750,   -966.4509,    539.1317,  25266.6445,
       1,     167,      60,      13,       1,       3,       1,     10.0000,      1.3873,     42.4019,    245.0984,     61.6822,      3.4953,      0.1887,      0.1561,     57.6601,      0.1811,      5.5045,     11.0090,      1.6001,     28.1375,     56.2751,      0.0190,      0.0029,      0.2500,      0.1976,   7579.9937,-492184.0000,   -968.6322,    538.5033,  25266.6445,
       1,     167,      60,      14,       1,       3,       1,     10.0000,      1.3873,     42.4019,    245.0984,     61.6822,      3.4953,      0.1884,      0.1557,     54.2884,      0.1849,      5.5045,     11.0090,      1.6338,     28.1375,     56.2751,      0.0190,      0.0027,      0.2500,      0.1976,   7579.9937,-497049.8750,   -969.8665,    538.1761,  25266.6426,
       1,     167,      60,      15,       1,       3,       1,     10.0000,      1.3873,     42.4019,    245.0984,     61.6822,      3.4953,      0.1883,      0.1563,     51.3652,      0.1647,      5.5045,     11.0090,      1.4555,     28.1375,     56.2751,      0.0190,      0.0026,      0.2500,      0.1976,   7579.9932,-493141.8438,   -969.1897,    538.4391,  25266.6406,
       1,     167,      60,      16,       1,       3,       1,     10.0000,      1.3873,     42.4019,    245.0984,     61.6822,      3.4953,      0.1899,      0.1581,     71.0308,      0.1594,      5.5045,     11.0090,      1.4083,     28.1375,     56.2751,      0.0190,      0.0035,      0.2500,      0.1976,   7579.9927,-489049.1562,   -968.5922,    538.7147,  25266.6426,
       1,     167,      60,      17,       1,       3,       1,     10.0000,      1.3873,     42.4019,    245.0984,     61.6822,      3.4953,      0.1910,      0.1589,     85.2568,      0.1655,      5.5045,     11.0090,      1.4628,     28.1375,     56.2751,      0.0190,      0.0042,      0.2500,      0.1976,   7579.9932,-513947.1875,   -974.3825,    537.0381,  25266.6406,
       1,     167,      60,      18,       1,       3,       1,     10.0000,      1.3873,     42.4019,    245.0984,     61.6822,      3.4953,      0.1809,      0.1489,     95.5261,      0.1660,      5.5045,     11.0090,      1.4672,     28.1375,     56.2751,      0.0190,      0.0051,      0.2340,      0.1976,   7579.9927,-534392.7500,   -979.1451,    535.6682,  25266.6426,
       1,     167,      60,      19,       1,       3,       1,     10.0000,      1.3873,     42.4019,    245.0984,     61.6822,      3.4953,      0.1367,      0.1048,     73.1087,      0.1607,      5.5045,     11.0090,      1.4196,     28.1375,     56.2751,      0.0190,      0.0053,      0.1715,      0.1976,   7579.9932,-549365.6875,   -982.7907,    534.6674,  25266.6445,
       1,     167,      60,      20,       1,       3,       1,     10.0000,      1.3873,     42.4019,    245.0984,     61.6822,      3.4953,      0.0135,     -0.0180,      4.3243,      0.1507,      5.5045,     11.0090,      1.3313,     28.1375,     56.2751,      0.0190,      0.0034,      0.0156,      0.1975,   7579.9937,-521849.2812,   -977.1169,    536.5073,  25266.6406,
       1,     167,      60,      21,       1,       3,       1,     10.0000,      1.3873,     42.4019,    245.0984,     61.6822,      3.4953,      0.0000,     -0.0314,      4.3324,      0.1478,      5.5045,     11.0090,      1.3061,     28.1375,     56.2751,      0.0190,      0.0035,      0.0156,      0.1976,   7579.9927,-431096.6875,   -957.3374,    542.5966,  25266.6406,
       1,     167,      60,      22,       1,       3,       1,     10.0000,      1.3873,     42.4019,    245.0984,     61.6822,      3.4953,      0.0000,     -0.0314,      4.6435,      0.1463,      5.5045,     11.0090,      1.2930,     28.1375,     56.2751,      0.0190,      0.0037,      0.0156,      0.1977,   7579.9927,-423332.6250,   -955.6291,    543.1580,  25266.6406,
       1,     167,      60,      23,       1,       3,       1,     10.0000,      1.3873,     42.4019,    245.0984,     61.6822,      3.4953,      0.0000,     -0.0313,      5.4750,      0.1433,      5.5045,     11.0090,      1.2659,     28.1375,     56.2751,      0.0190,      0.0044,      0.0156,      0.1977,   7579.9927,-423011.8750,   -955.5591,    543.1800,  25266.6406,
       1,     167,      60,      24,       1,       3,       1,     10.0000,      1.3873,     42.4019,    245.0984,     61.6822,      3.4953,      0.0000,     -0.0314,      5.2924,      0.1463,      5.5045,     11.0090,      1.2930,     28.1375,     56.2751,      0.0190,      0.0042,      0.0156,      0.1977,   7579.9927,-424050.2500,   -955.7886,    543.1096,  25266.6406,
       1,     167,      61,       1,       1,       3,       1,     10.0000,      1.3873,     42.4023,    245.1042,     61.6836,      3.4953,      0.0000,     -0.0314,      4.4726,      0.1469,      5.5045,     11.0090,      1.2982,     28.1461,     56.2921,      0.0190,      0.0036,      0.0156,      0.1977,   7579.9927,-424061.6875,   -956.1118,    543.1215,  25267.7773,
       1,     167,      61,       2,       1,       3,       1,     10.0000,      1.3873,     42.4023,    245.1042,     61.6836,      3.4953,      0.0000,     -0.0314,      4.3318,      0.1449,      5.5045,     11.0090,      1.2800,     28.1461,     56.2921,      0.0190,      0.0035,      0.0156,      0.1977,   7580.3335,-422857.9375,   -955.5286,    543.2032,  25267.7773,
       1,     167,      61,       3,       1,       3,       1,     10.0000,      1.3873,     42.4023,    245.1042,     61.6836,      3.4953,      0.0000,     -0.0313,      4.1889,      0.1441,      5.5045,     11.0090,      1.2736,     28.1461,     56.2921,      0.0190,      0.0033,      0.0156,      0.1977,   7580.3335,-422572.5312,   -955.4665,    543.2227,  25267.7773,
       1,     167,      61,       4,       1,       3,       1,     10.0000,      1.3873,     42.4023,    245.1042,     61.6836,      3.4953,      0.0000,     -0.0313,      3.6431,      0.1430,      5.5045,     11.0090,      1.2634,     28.1461,     56.2921,      0.0190,      0.0029,      0.0156,      0.1977,   7580.3335,-422364.2188,   -955.4213,    543.2368,  25267.7773,
       1,     167,      61,       5,       1,       3,       1,     10.0000,      1.3873,     42.4023,    245.1042,     61.6836,      3.4953,      0.0000,     -0.0312,      3.7218,      0.1415,      5.5045,     11.0090,      1.2507,     28.1461,     56.2921,      0.0190,      0.0030,      0.0156,      0.1977,   7580.3335,-421646.0312,   -955.2637,    543.2855,  25267.7773,
       1,     167,      61,       6,       1,       3,       1,     10.0000,      1.3873,     42.4023,    245.1042,     61.6836,      3.4953,      0.0000,     -0.0313,      3.7885,      0.1441,      5.5045,     11.0090,      1.2736,     28.1461,     56.2921,      0.0190,      0.0030,      0.0156,      0.1977,   7580.3335,-421684.4062,   -955.2732,    543.2829,  25267.7773,
       1,     167,      61,       7,       1,       3,       1,     10.0000,      1.3873,     42.4023,    245.1042,     61.6836,      3.4953,      0.0000,     -0.0314,      3.4801,      0.1457,      5.5045,     11.0090,      1.2878,     28.1461,     56.2921,      0.0190,      0.0028,      0.0156,      0.1977,   7580.3335,-421773.4375,   -955.2934,    543.2769,  25267.7773,
       1,     167,      61,       8,       1,       3,       1,     10.0000,      1.3873,     42.4023,    245.1042,     61.6836,      3.4953,      0.0022,     -0.0290,      3.2645,      0.1388,      5.5045,     11.0090,      1.2269,     28.1461,     56.2921,      0.0190,      0.0026,      0.0156,      0.1977,   7580.3335,-421385.5312,   -955.2089,    543.3032,  25267.7773,
       1,     167,      61,       9,       1,       3,       1,     10.0000,      1.3873,     42.4023,    245.1042,     61.6836,      3.4953,      0.0995,      0.0681,     26.2370,      0.1444,      5.5045,     11.0090,      1.2762,     28.1461,     56.2921,      0.0190,      0.0027,      0.1224,      0.1977,   7580.3335,-421075.2188,   -955.1412,    543.3243,  25267.7754,
       1,     167,      61,      10,       1,       3,       1,     10.0000,      1.3873,     42.4023,    245.1042,     61.6836,      3.4953,      0.1706,      0.1388,     53.2241,      0.1575,      5.5045,     11.0090,      1.3914,     28.1461,     56.2921,      0.0190,      0.0030,      0.2236,      0.1977,   7580.3330,-450514.7500,   -961.6606,    541.3250,  25267.7754,
       1,     167,      61,      11,       1,       3,       1,     10.0000,      1.3873,     42.4023,    245.1042,     61.6836,      3.4953,      0.1891,      0.1572,     61.2813,      0.1626,      5.5045,     11.0090,      1.4368,     28.1461,     56.2921,      0.0190,      0.0030,      0.2500,      0.1977,   7580.3330,-487720.0625,   -969.9394,    538.8111,  25267.7734,
       1,     167,      61,      12,       1,       3,       1,     10.0000,      1.3873,     42.4023,    245.1042,     61.6836,      3.4953,      0.1900,      0.1574,     73.5664,      0.1802,      5.5045,     11.0090,      1.5922,     28.1461,     56.2921,      0.0190,      0.0037,      0.2500,      0.1976,   7580.3325,-501312.5625,   -973.0981,    537.9014,  25267.7754,
       1,     167,      61,      13,       1,       3,       1,     10.0000,      1.3873,     42.4023,    245.1042,     61.6836,      3.4953,      0.1898,      0.1572,     71.7471,      0.1833,      5.5045,     11.0090,      1.6193,     28.1461,     56.2921,      0.0190,      0.0036,      0.2500,      0.1976,   7580.3330,-518264.5312,   -977.0567,    536.7624,  25267.7754,
       1,     167,      61,      14,       1,       3,       1,     10.0000,      1.3873,     42.4023,    245.1042,     61.6836,      3.4953,      0.1911,      0.1582,     88.2286,      0.1890,      5.5045,     11.0090,      1.6698,     28.1461,     56.2921,      0.0190,      0.0044,      0.2500,      0.1976,   7580.3330,-517401.4062,   -977.1357,    536.8215,  25267.7734,
       1,     167,      61,      15,       1,       3,       1,     10.0000,      1.3873,     42.4023,    245.1042,     61.6836,      3.4953,      0.1925,      0.1600,    105.4442,      0.1786,      5.5045,     11.0090,      1.5780,     28.1461,     56.2921,      0.0190,      0.0052,      0.2500,      0.1976,   7580.3325,-538497.0000,   -982.0862,    535.4060,  25267.7734,
       1,     167,      61,      16,       1,       3,       1,     10.0000,      1.3873,     42.4023,    245.1042,     61.6836,      3.4953,      0.1934,      0.1620,    112.5086,      0.1440,      5.5045,     11.0090,      1.2723,     28.1461,     56.2921,      0.0190,      0.0056,      0.2500,      0.1976,   7580.3325,-562455.3750,   -987.7636,    533.8044,  25267.7734,
       1,     167,      61,      17,       1,       3,       1,     10.0000,      1.3873,     42.4023,    245.1042,     61.6836,      3.4953,      0.1954,      0.1637,    140.1797,      0.1543,      5.5045,     11.0090,      1.3638,     28.1461,     56.2921,      0.0190,      0.0070,      0.2500,      0.1975,   7580.3325,-573620.6875,   -991.0098,    533.0618,  25267.7734,
       1,     167,      61,      18,       1,       3,       1,     10.0000,      1.3873,     42.4023,    245.1042,     61.6836,      3.4953,      0.1847,      0.1528,    126.4934,      0.1621,      5.5045,     11.0090,      1.4325,     28.1461,     56.2921,      0.0190,      0.0067,      0.2359,      0.1975,   7580.3325,-610167.0625,   -999.6545,    530.6271,  25267.7715,
       1,     167,      61,      19,       1,       3,       1,     10.0000,      1.3873,     42.4023,    245.1042,     61.6836,      3.4953,      0.1379,      0.1061,     91.1256,      0.1597,      5.5045,     11.0090,      1.4111,     28.1461,     56.2921,      0.0190,      0.0066,      0.1712,      0.1975,   7580.3315,-595748.2500,   -997.1048,    531.5891,  25267.7715,
       1,     167,      61,      20,       1,       3,       1,     10.0000,      1.3873,     42.4023,    245.1042,     61.6836,      3.4953,      0.0140,     -0.0175,      7.1477,      0.1502,      5.5045,     11.0090,      1.3273,     28.1461,     56.2921,      0.0190,      0.0057,      0.0156,      0.1975,   7580.3315,-548999.2500,   -987.2728,    534.6964,  25267.7715,
       1,     167,      61,      21,       1,       3,       1,     10.0000,      1.3873,     42.4023,    245.1042,     61.6836,      3.4953,      0.0000,     -0.0313,      2.9541,      0.1430,      5.5045,     11.0090,      1.2634,     28.1461,     56.2921,      0.0190,      0.0024,      0.0156,      0.1976,   7580.3315,-437042.9688,   -962.6230,    542.1882,  25267.7695,
       1,     167,      61,      22,       1,       3,       1,     10.0000,      1.3873,     42.4023,    245.1042,     61.6836,      3.4953,      0.0000,     -0.0313,      3.8646,      0.1421,      5.5045,     11.0090,      1.2557,     28.1461,     56.2921,      0.0190,      0.0031,      0.0156,      0.1977,   7580.3311,-422107.2188,   -959.2988,    543.2533,  25267.7715,
       1,     167,      61,      23,       1,       3,       1,     10.0000,      1.3873,     42.4023,    245.1042,     61.6836,      3.4953,      0.0000,     -0.0313,      4.2084,      0.1427,      5.5045,     11.0090,      1.2608,     28.1461,     56.2921,      0.0190,      0.0034,      0.0156,      0.1977,   7580.3315,-421909.5000,   -959.2538,    543.2676,  25267.7715,
       1,     167,      61,      24,       1,       3,       1,     10.0000,      1.3873,     42.4023,    245.1042,     61.6836,      3.4953,      0.0000,     -0.0312,      3.8653,      0.1407,      5.5045,     11.0090,      1.2431,     28.1461,     56.2921,      0.0190,      0.0031,      0.0156,      0.1977,   7580.3315,-422332.0938,   -959.3480,    543.2390,  25267.7715,
       1,     167,      62,       1,       1,       3,       1,     10.0000,      1.3873,     42.4026,    245.1100,     61.6851,      3.4953,      0.0000,     -0.0312,      3.6708,      0.1394,      5.5052,     11.0104,      1.2319,     28.1555,     56.3109,      0.0190,      0.0029,      0.0156,      0.1977,   7580.3315,-422084.6875,   -959.6169,    543.2687,  25268.9062,
       1,     167,      62,       2,       1,       3,       1,     10.0000,      1.3873,     42.4026,    245.1100,     61.6851,      3.4953,      0.0000,     -0.0309,      3.3422,      0.1327,      5.5052,     11.0104,      1.1723,     28.1555,     56.3109,      0.0190,      0.0027,      0.0156,      0.1977,   7580.6724,-421660.4688,   -959.2000,    543.2975,  25268.9062,
       1,     167,      62,       3,       1,       3,       1,     10.0000,      1.3873,     42.4026,    245.1100,     61.6851,      3.4953,      0.0000,     -0.0310,      3.3350,      0.1348,      5.5052,     11.0104,      1.1914,     28.1555,     56.3109,      0.0190,      0.0027,      0.0156,      0.1977,   7580.6724,-421202.2188,   -959.0980,    543.3287,  25268.9062,
       1,     167,      62,       4,       1,       3,       1,     10.0000,      1.3873,     42.4026,    245.1100,     61.6851,      3.4953,      0.0000,     -0.0310,      3.7371,      0.1352,      5.5052,     11.0104,      1.1951,     28.1555,     56.3109,      0.0190,      0.0030,      0.0156,      0.1977,   7580.6724,-421152.8438,   -959.0872,    543.3320,  25268.9062,
       1,     167,      62,       5,       1,       3,       1,     10.0000,      1.3873,     42.4026,    245.1100,     61.6851,      3.4953,      0.0000,     -0.0310,      3.6797,      0.1355,      5.5052,     11.0104,      1.1975,     28.1555,     56.3109,      0.0190,      0.0029,      0.0156,      0.1977,   7580.6724,-421664.3438,   -959.2014,    543.2972,  25268.9062,
       1,     167,      62,       6,       1,       3,       1,     10.0000,      1.3873,     42.4026,    245.1100,     61.6851,      3.4953,      0.0000,     -0.0308,      4.4852,      0.1300,      5.5052,     11.0104,      1.1487,     28.1555,     56.3109,      0.0190,      0.0036,      0.0156,      0.1977,   7580.6724,-421635.2188,   -959.1951,    543.2993,  25268.9062,
       1,     167,      62,       7,       1,       3,       1,     10.0000,      1.3873,     42.4026,    245.1100,     61.6851,      3.4953,      0.0000,     -0.0307,      3.5801,      0.1280,      5.5052,     11.0104,      1.1313,     28.1555,     56.3109,      0.0190,      0.0029,      0.0156,      0.1977,   7580.6724,-422665.8125,   -959.4248,    543.2292,  25268.9062,
       1,     167,      62,       8,       1,       3,       1,     10.0000,      1.3873,     42.4026,    245.1100,     61.6851,      3.4953,      0.0020,     -0.0288,      3.7948,      0.1295,      5.5052,     11.0104,      1.1441,     28.1555,     56.3109,      0.0190,      0.0030,      0.0156,      0.1977,   7580.6724,-421594.8750,   -959.1862,    543.3019,  25268.9062,
       1,     167,      62,       9,       1,       3,       1,     10.0000,      1.3873,     42.4026,    245.1100,     61.6851,      3.4953,      0.0980,      0.0672,     27.2377,      0.1276,      5.5052,     11.0104,      1.1279,     28.1555,     56.3109,      0.0190,      0.0028,      0.1204,      0.1977,   7580.6724,-421776.9375,   -959.2270,    543.2896,  25268.9062,
       1,     167,      62,      10,       1,       3,       1,     10.0000,      1.3873,     42.4026,    245.1100,     61.6851,      3.4953,      0.1740,      0.1430,     49.3894,      0.1350,      5.5052,     11.0104,      1.1926,     28.1555,     56.3109,      0.0190,      0.0027,      0.2288,      0.1977,   7580.6724,-451859.2500,   -965.9672,    541.2466,  25268.9062,
       1,     167,      62,      11,       1,       3,       1,     10.0000,      1.3873,     42.4026,    245.1100,     61.6851,      3.4953,      0.1884,      0.1565,     51.8626,      0.1605,      5.5052,     11.0104,      1.4182,     28.1555,     56.3109,      0.0190,      0.0026,      0.2500,      0.1977,   7580.6724,-482912.8125,   -972.9655,    539.1495,  25268.9062,
       1,     167,      62,      12,       1,       3,       1,     10.0000,      1.3873,     42.4026,    245.1100,     61.6851,      3.4953,      0.1884,      0.1559,     52.8185,      0.1786,      5.5052,     11.0104,      1.5780,     28.1555,     56.3109,      0.0190,      0.0026,      0.2500,      0.1977,   7580.6724,-488794.2188,   -974.4030,    538.7572,  25268.9062,
       1,     167,      62,      13,       1,       3,       1,     10.0000,      1.3873,     42.4026,    245.1100,     61.6851,      3.4953,      0.1883,      0.1557,     53.2018,      0.1847,      5.5052,     11.0104,      1.6322,     28.1555,     56.3109,      0.0190,      0.0026,      0.2500,      0.1977,   7580.6724,-490527.3750,   -974.9362,    538.6406,  25268.9082,
       1,     167,      62,      14,       1,       3,       1,     10.0000,      1.3873,     42.4026,    245.1100,     61.6851,      3.4953,      0.1880,      0.1556,     47.5910,      0.1744,      5.5052,     11.0104,      1.5408,     28.1555,     56.3109,      0.0190,      0.0024,      0.2500,      0.1977,   7580.6729,-491169.4062,   -975.3931,    538.5974,  25268.9043,
       1,     167,      62,      15,       1,       3,       1,     10.0000,      1.3873,     42.4026,    245.1100,     61.6851,      3.4953,      0.1888,      0.1562,     58.0317,      0.1804,      5.5052,     11.0104,      1.5938,     28.1555,     56.3109,      0.0190,      0.0029,      0.2500,      0.1977,   7580.6714,-484022.0000,   -973.9437,    539.0787,  25268.9043,
       1,     167,      62,      16,       1,       3,       1,     10.0000,      1.3873,     42.4026,    245.1100,     61.6851,      3.4953,      0.1914,      0.1586,     92.3372,      0.1886,      5.5052,     11.0104,      1.6666,     28.1555,     56.3109,      0.0190,      0.0046,      0.2500,      0.1977,   7580.6714,-496805.4688,   -976.9368,    538.2175,  25268.9062,
       1,     167,      62,      17,       1,       3,       1,     10.0000,      1.3873,     42.4026,    245.1100,     61.6851,      3.4953,      0.1926,      0.1601,    117.1284,      0.1786,      5.5052,     11.0104,      1.5780,     28.1555,     56.3109,      0.0190,      0.0059,      0.2489,      0.1976,   7580.6724,-541965.1875,   -987.2518,    535.1799,  25268.9043,
       1,     167,      62,      18,       1,       3,       1,     10.0000,      1.3873,     42.4026,    245.1100,     61.6851,      3.4953,      0.1607,      0.1286,     94.8321,      0.1672,      5.5052,     11.0104,      1.4776,     28.1555,     56.3109,      0.0190,      0.0058,      0.2043,      0.1976,   7580.6714,-577766.2500,   -995.6599,    532.7935,  25268.9023,
       1,     167,      62,      19,       1,       3,       1,     10.0000,      1.3873,     42.4026,    245.1100,     61.6851,      3.4953,      0.1215,      0.0894,     62.2698,      0.1669,      5.5052,     11.0104,      1.4746,     28.1555,     56.3109,      0.0190,      0.0052,      0.1503,      0.1975,   7580.6709,-552211.2500,   -990.4290,    534.5007,  25268.9043,
       1,     167,      62,      20,       1,       3,       1,     10.0000,      1.3873,     42.4026,    245.1100,     61.6851,      3.4953,      0.0150,     -0.0167,      0.4716,      0.1550,      5.5052,     11.0104,      1.3693,     28.1555,     56.3109,      0.0190,      0.0054,      0.0011,      0.1976,   7580.6714,-508149.8125,   -980.9181,    537.4473,  25268.8984,
       1,     167,      62,      21,       1,       3,       1,     10.0000,      1.3873,     42.4026,    245.1100,     61.6851,      3.4953,      0.0000,     -0.0314,      7.0005,      0.1462,      5.5052,     11.0104,      1.2917,     28.1555,     56.3109,      0.0190,      0.0056,      0.0156,      0.1976,   7580.6699,-424990.2500,   -962.3868,    543.0422,  25268.9004,
       1,     167,      62,      22,       1,       3,       1,     10.0000,      1.3873,     42.4026,    245.1100,     61.6851,      3.4953,      0.0000,     -0.0313,      6.6472,      0.1424,      5.5052,     11.0104,      1.2583,     28.1555,     56.3109,      0.0190,      0.0053,      0.0156,      0.1977,   7580.6704,-426222.1875,   -962.6637,    542.9877,  25268.9004,
       1,     167,      62,      23,       1,       3,       1,     10.0000,      1.3873,     42.4026,    245.1100,     61.6851,      3.4953,      0.0000,     -0.0312,      6.3501,      0.1414,      5.5052,     11.0104,      1.2494,     28.1555,     56.3109,      0.0190,      0.0051,      0.0156,      0.1977,   7580.6704,-425838.9375,   -962.5778,    543.0139,  25268.9004,
       1,     167,      62,      24,       1,       3,       1,     10.0000,      1.3873,     42.4026,    245.1100,     61.6851,      3.4953,      0.0000,     -0.0312,      6.7954,      0.1391,      5.5052,     11.0104,      1.2294,     28.1555,     56.3109,      0.0190,      0.0054,      0.0156,      0.1977,   7580.6704,-425424.4062,   -962.4850,    543.0419,  25268.9004,
       1,     167,      63,       1,       1,       3,       1,     10.0000,      1.3874,     42.4029,    245.1158,     61.6865,      3.4953,      0.0000,     -0.0311,      6.9004,      0.1370,      5.5044,     11.0088,      1.2109,     28.1635,     56.3269,      0.0190,      0.0055,      0.0156,      0.1977,   7580.6704,-426114.6875,   -962.9669,    543.0078,  25270.0371,
       1,     167,      63,       2,       1,       3,       1,     10.0000,      1.3874,     42.4029,    245.1158,     61.6865,      3.4953,      0.0000,     -0.0310,      5.5514,      0.1343,      5.5044,     11.0088,      1.1866,     28.1635,     56.3269,      0.0190,      0.0044,      0.0156,      0.1977,   7581.0112,-426156.0000,   -962.6513,    543.0049,  25270.0371,
       1,     167,      63,       3,       1,       3,       1,     10.0000,      1.3874,     42.4029,    245.1158,     61.6865,      3.4953,      0.0000,     -0.0311,      5.3115,      0.1368,      5.5044,     11.0088,      1.2085,     28.1635,     56.3269,      0.0190,      0.0042,      0.0156,      0.1977,   7581.0112,-424429.6250,   -962.2637,    543.1221,  25270.0371,
       1,     167,      63,       4,       1,       3,       1,     10.0000,      1.3874,     42.4029,    245.1158,     61.6865,      3.4953,      0.0000,     -0.0308,      4.9399,      0.1300,      5.5044,     11.0088,      1.1487,     28.1635,     56.3269,      0.0190,      0.0039,      0.0156,      0.1977,   7581.0112,-423971.7188,   -962.1617,    543.1532,  25270.0371,
       1,     167,      63,       5,       1,       3,       1,     10.0000,      1.3874,     42.4029,    245.1158,     61.6865,      3.4953,      0.0000,     -0.0308,      4.6260,      0.1287,      5.5044,     11.0088,      1.1371,     28.1635,     56.3269,      0.0190,      0.0037,      0.0156,      0.1977,   7581.0112,-423455.2812,   -962.0460,    543.1882,  25270.0371,
       1,     167,      63,       6,       1,       3,       1,     10.0000,      1.3874,     42.4029,    245.1158,     61.6865,      3.4953,      0.0000,     -0.0307,      3.9571,      0.1267,      5.5044,     11.0088,      1.1199,     28.1635,     56.3269,      0.0190,      0.0032,      0.0156,      0.1977,   7581.0112,-423007.7500,   -961.9462,    543.2186,  25270.0371,
       1,     167,      63,       7,       1,       3,       1,     10.0000,      1.3874,     42.4029,    245.1158,     61.6865,      3.4953,      0.0000,     -0.0307,      3.5924,      0.1278,      5.5044,     11.0088,      1.1291,     28.1635,     56.3269,      0.0190,      0.0029,      0.0156,      0.1977,   7581.0112,-422110.9375,   -961.7450,    543.2795,  25270.0371,
       1,     167,      63,       8,       1,       3,       1,     10.0000,      1.3874,     42.4029,    245.1158,     61.6865,      3.4953,      0.0022,     -0.0283,      3.6299,      0.1222,      5.5044,     11.0088,      1.0796,     28.1635,     56.3269,      0.0190,      0.0029,      0.0156,      0.1977,   7581.0112,-421565.2500,   -961.6229,    543.3166,  25270.0371,
       1,     167,      63,       9,       1,       3,       1,     10.0000,      1.3874,     42.4029,    245.1158,     61.6865,      3.4953,      0.0446,      0.0137,     10.1888,      0.1305,      5.5044,     11.0088,      1.1534,     28.1635,     56.3269,      0.0190,      0.0029,      0.0443,      0.1977,   7581.0112,-421565.7500,   -961.6238,    543.3166,  25270.0371,
       1,     167,      63,      10,       1,       3,       1,     10.0000,      1.3874,     42.4029,    245.1158,     61.6865,      3.4953,      0.1270,      0.0953,     36.6213,      0.1570,      5.5044,     11.0088,      1.3873,     28.1635,     56.3269,      0.0190,      0.0028,      0.1615,      0.1977,   7581.0112,-429976.7188,   -963.5233,    542.7454,  25270.0352,
       1,     167,      63,      11,       1,       3,       1,     10.0000,      1.3874,     42.4029,    245.1158,     61.6865,      3.4953,      0.1636,      0.1311,     52.6541,      0.1779,      5.5044,     11.0088,      1.5718,     28.1635,     56.3269,      0.0190,      0.0031,      0.2134,      0.1977,   7581.0107,-464611.5312,   -971.3516,    540.3960,  25270.0352,
       1,     167,      63,      12,       1,       3,       1,     10.0000,      1.3874,     42.4029,    245.1158,     61.6865,      3.4953,      0.1891,      0.1562,     63.1551,      0.1922,      5.5044,     11.0088,      1.6983,     28.1635,     56.3269,      0.0190,      0.0031,      0.2500,      0.1977,   7581.0107,-488212.8438,   -976.7447,    538.8068,  25270.0352,
       1,     167,      63,      13,       1,       3,       1,     10.0000,      1.3874,     42.4029,    245.1158,     61.6865,      3.4953,      0.1879,      0.1544,     50.0473,      0.2109,      5.5044,     11.0088,      1.8632,     28.1635,     56.3269,      0.0190,      0.0025,      0.2500,      0.1977,   7581.0107,-503743.5938,   -980.3884,    537.7631,  25270.0352,
       1,     167,      63,      14,       1,       3,       1,     10.0000,      1.3874,     42.4029,    245.1158,     61.6865,      3.4953,      0.1659,      0.1325,     47.8129,      0.2092,      5.5044,     11.0088,      1.8486,     28.1635,     56.3269,      0.0190,      0.0027,      0.2176,      0.1977,   7581.0107,-488261.5625,   -977.0927,    538.8047,  25270.0352,
       1,     167,      63,      15,       1,       3,       1,     10.0000,      1.3874,     42.4029,    245.1158,     61.6865,      3.4953,      0.1725,      0.1392,     76.6542,      0.2041,      5.5044,     11.0088,      1.8037,     28.1635,     56.3269,      0.0190,      0.0043,      0.2240,      0.1977,   7581.0107,-484051.8438,   -976.2882,    539.0894,  25270.0371,
       1,     167,      63,      16,       1,       3,       1,     10.0000,      1.3874,     42.4029,    245.1158,     61.6865,      3.4953,      0.1710,      0.1379,    101.7487,      0.2003,      5.5044,     11.0088,      1.7702,     28.1635,     56.3269,      0.0190,      0.0058,      0.2189,      0.1977,   7581.0112,-520705.1562,   -984.7075,    536.6195,  25270.0352,
       1,     167,      63,      17,       1,       3,       1,     10.0000,      1.3874,     42.4029,    245.1158,     61.6865,      3.4953,      0.1589,      0.1260,    111.2319,      0.1926,      5.5044,     11.0088,      1.7016,     28.1635,     56.3269,      0.0190,      0.0069,      0.1998,      0.1976,   7581.0107,-556134.6250,   -993.0028,    534.2486,  25270.0371,
       1,     167,      63,      18,       1,       3,       1,     10.0000,      1.3874,     42.4029,    245.1158,     61.6865,      3.4953,      0.0946,      0.0620,     67.2202,      0.1818,      5.5044,     11.0088,      1.6065,     28.1635,     56.3269,      0.0190,      0.0076,      0.1099,      0.1976,   7581.0112,-571403.9375,   -996.8886,    533.2341,  25270.0332,
       1,     167,      63,      19,       1,       3,       1,     10.0000,      1.3874,     42.4029,    245.1158,     61.6865,      3.4953,      0.0098,     -0.0225,      8.6866,      0.1721,      5.5044,     11.0088,      1.5210,     28.1635,     56.3269,      0.0190,      0.0069,      0.0156,      0.1976,   7581.0103,-516150.7188,   -984.8511,    536.9180,  25270.0312,
       1,     167,      63,      20,       1,       3,       1,     10.0000,      1.3874,     42.4029,    245.1158,     61.6865,      3.4953,      0.0053,     -0.0264,      7.7359,      0.1531,      5.5044,     11.0088,      1.3530,     28.1635,     56.3269,      0.0190,      0.0062,      0.0156,      0.1977,   7581.0098,-436231.5000,   -966.9631,    542.2944,  25270.0332,
       1,     167,      63,      21,       1,       3,       1,     10.0000,      1.3874,     42.4029,    245.1158,     61.6865,      3.4953,      0.0000,     -0.0314,      7.2253,      0.1460,      5.5044,     11.0088,      1.2905,     28.1635,     56.3269,      0.0190,      0.0058,      0.0156,      0.1977,   7581.0103,-428143.0312,   -965.1376,    542.8698,  25270.0312,
       1,     167,      63,      22,       1,       3,       1,     10.0000,      1.3874,     42.4029,    245.1158,     61.6865,      3.4953,      0.0000,     -0.0313,      6.5270,      0.1434,      5.5044,     11.0088,      1.2673,     28.1635,     56.3269,      0.0190,      0.0052,      0.0156,      0.1977,   7581.0098,-426750.6562,   -964.8259,    542.9646,  25270.0312,
       1,     167,      63,      23,       1,       3,       1,     10.0000,      1.3874,     42.4029,    245.1158,     61.6865,      3.4953,      0.0000,     -0.0314,      6.2244,      0.1465,      5.5044,     11.0088,      1.2944,     28.1635,     56.3269,      0.0190,      0.0050,      0.0156,      0.1977,   7581.0098,-425733.3125,   -964.5983,    543.0336,  25270.0312,
       1,     167,      63,      24,       1,       3,       1,     10.0000,      1.3874,     42.4029,    245.1158,     61.6865,      3.4953,      0.0000,     -0.0314,      5.4673,      0.1468,      5.5044,     11.0088,      1.2970,     28.1635,     56.3269,      0.0190,      0.0044,      0.0156,      0.1977,   7581.0098,-425256.8438,   -964.4929,    543.0660,  25270.0312,
       1,     167,      64,       1,       1,       3,       1,     10.0000,      1.3874,     42.4033,    245.1216,     61.6880,      3.4953,      0.0000,     -0.0313,      4.0782,      0.1444,      5.5059,     11.0118,      1.2763,     28.1614,     56.3229,      0.0190,      0.0033,      0.0156,      0.1978,   7581.0098,-424399.6562,   -964.6295,    543.1370,  25271.1680,
       1,     167,      64,       2,       1,       3,       1,     10.0000,      1.3874,     42.4033,    245.1216,     61.6880,      3.4953,      0.0000,     -0.0313,      3.2611,      0.1436,      5.5059,     11.0118,      1.2686,     28.1614,     56.3229,      0.0190,      0.0026,      0.0156,      0.1978,   7581.3506,-422390.5000,   -963.8494,    543.2734,  25271.1680,
       1,     167,      64,       3,       1,       3,       1,     10.0000,      1.3874,     42.4033,    245.1216,     61.6880,      3.4953,      0.0000,     -0.0312,      2.7983,      0.1413,      5.5059,     11.0118,      1.2482,     28.1614,     56.3229,      0.0190,      0.0022,      0.0156,      0.1978,   7581.3506,-421167.7812,   -963.5739,    543.3565,  25271.1680,
       1,     167,      64,       4,       1,       3,       1,     10.0000,      1.3874,     42.4033,    245.1216,     61.6880,      3.4953,      0.0000,     -0.0312,      2.8832,      0.1406,      5.5059,     11.0118,      1.2420,     28.1614,     56.3229,      0.0190,      0.0023,      0.0156,      0.1978,   7581.3506,-420467.9062,   -963.4169,    543.4041,  25271.1680,
       1,     167,      64,       5,       1,       3,       1,     10.0000,      1.3874,     42.4033,    245.1216,     61.6880,      3.4953,      0.0000,     -0.0311,      3.0133,      0.1379,      5.5059,     11.0118,      1.2183,     28.1614,     56.3229,      0.0190,      0.0024,      0.0156,      0.1978,   7581.3506,-420515.8438,   -963.4290,    543.4008,  25271.1680,
       1,     167,      64,       6,       1,       3,       1,     10.0000,      1.3874,     42.4033,    245.1216,     61.6880,      3.4953,      0.0000,     -0.0311,      2.9099,      0.1368,      5.5059,     11.0118,      1.2085,     28.1614,     56.3229,      0.0190,      0.0023,      0.0156,      0.1978,   7581.3506,-420686.9062,   -963.4692,    543.3892,  25271.1680,
       1,     167,      64,       7,       1,       3,       1,     10.0000,      1.3874,     42.4033,    245.1216,     61.6880,      3.4953,      0.0000,     -0.0310,      2.8847,      0.1339,      5.5059,     11.0118,      1.1831,     28.1614,     56.3229,      0.0190,      0.0023,      0.0156,      0.1978,   7581.3506,-420569.1250,   -963.4438,    543.3972,  25271.1680,
       1,     167,      64,       8,       1,       3,       1,     10.0000,      1.3874,     42.4033,    245.1216,     61.6880,      3.4953,      0.0028,     -0.0282,      2.8627,      0.1350,      5.5059,     11.0118,      1.1927,     28.1614,     56.3229,      0.0190,      0.0023,      0.0156,      0.1978,   7581.3506,-420526.5312,   -963.4354,    543.4000,  25271.1680,
       1,     167,      64,       9,       1,       3,       1,     10.0000,      1.3874,     42.4033,    245.1216,     61.6880,      3.4953,      0.0953,      0.0640,     19.2217,      0.1433,      5.5059,     11.0118,      1.2660,     28.1614,     56.3229,      0.0190,      0.0020,      0.1170,      0.1978,   7581.3506,-420494.5938,   -963.4295,    543.4022,  25271.1680,
       1,     167,      64,      10,       1,       3,       1,     10.0000,      1.3874,     42.4033,    245.1216,     61.6880,      3.4953,      0.1682,      0.1361,     38.0288,      0.1647,      5.5059,     11.0118,      1.4557,     28.1614,     56.3229,      0.0190,      0.0021,      0.2218,      0.1978,   7581.3506,-441467.5938,   -968.1985,    541.9776,  25271.1699,
       1,     167,      64,      11,       1,       3,       1,     10.0000,      1.3874,     42.4033,    245.1216,     61.6880,      3.4953,      0.1880,      0.1555,     48.7543,      0.1789,      5.5059,     11.0118,      1.5812,     28.1614,     56.3229,      0.0190,      0.0024,      0.2500,      0.1978,   7581.3511,-467421.0312,   -974.1195,    540.2212,  25271.1680,
       1,     167,      64,      12,       1,       3,       1,     10.0000,      1.3874,     42.4033,    245.1216,     61.6880,      3.4953,      0.1879,      0.1549,     47.7274,      0.1937,      5.5059,     11.0118,      1.7118,     28.1614,     56.3229,      0.0190,      0.0024,      0.2500,      0.1977,   7581.3506,-483446.0625,   -977.8336,    539.1420,  25271.1660,
       1,     167,      64,      13,       1,       3,       1,     10.0000,      1.3874,     42.4033,    245.1216,     61.6880,      3.4953,      0.1881,      0.1547,     51.7189,      0.2082,      5.5059,     11.0118,      1.8396,     28.1614,     56.3229,      0.0190,      0.0026,      0.2500,      0.1977,   7581.3501,-483519.7188,   -977.9710,    539.1381,  25271.1660,
       1,     167,      64,      14,       1,       3,       1,     10.0000,      1.3874,     42.4033,    245.1216,     61.6880,      3.4953,      0.1883,      0.1547,     55.1344,      0.2142,      5.5059,     11.0118,      1.8928,     28.1614,     56.3229,      0.0190,      0.0027,      0.2500,      0.1977,   7581.3501,-488647.5000,   -979.2597,    538.7924,  25271.1680,
       1,     167,      64,      15,       1,       3,       1,     10.0000,      1.3874,     42.4033,    245.1216,     61.6880,      3.4953,      0.1831,      0.1495,     78.7875,      0.2144,      5.5059,     11.0118,      1.8947,     28.1614,     56.3229,      0.0190,      0.0041,      0.2395,      0.1977,   7581.3506,-493476.7500,   -980.5018,    538.4673,  25271.1660,
       1,     167,      64,      16,       1,       3,       1,     10.0000,      1.3874,     42.4033,    245.1216,     61.6880,      3.4953,      0.1898,      0.1563,    106.0514,      0.2105,      5.5059,     11.0118,      1.8596,     28.1614,     56.3229,      0.0190,      0.0054,      0.2462,      0.1977,   7581.3501,-524258.0312,   -987.6780,    536.3956,  25271.1641,
       1,     167,      64,      17,       1,       3,       1,     10.0000,      1.3874,     42.4033,    245.1216,     61.6880,      3.4953,      0.1912,      0.1584,    113.3372,      0.1890,      5.5059,     11.0118,      1.6699,     28.1614,     56.3229,      0.0190,      0.0057,      0.2473,      0.1977,   7581.3496,-561955.3125,   -996.5599,    533.8720,  25271.1641,
       1,     167,      64,      18,       1,       3,       1,     10.0000,      1.3874,     42.4033,    245.1216,     61.6880,      3.4953,      0.1280,      0.0955,     82.7475,      0.1809,      5.5059,     11.0118,      1.5986,     28.1614,     56.3229,      0.0190,      0.0065,      0.1575,      0.1976,   7581.3496,-574601.6250,   -999.8989,    533.0339,  25271.1641,
       1,     167,      64,      19,       1,       3,       1,     10.0000,      1.3874,     42.4033,    245.1216,     61.6880,      3.4953,      0.0309,     -0.0016,     11.9171,      0.1781,      5.5059,     11.0118,      1.5734,     28.1614,     56.3229,      0.0190,      0.0067,      0.0222,      0.1976,   7581.3496,-536374.3125,   -991.6830,    535.5817,  25271.1641,
       1,     167,      64,      20,       1,       3,       1,     10.0000,      1.3874,     42.4033,    245.1216,     61.6880,      3.4953,      0.0042,     -0.0277,      7.9874,      0.1600,      5.5059,     11.0118,      1.4140,     28.1614,     56.3229,      0.0190,      0.0064,      0.0156,      0.1977,   7581.3496,-442098.0000,   -970.4727,    541.8994,  25271.1641,
       1,     167,      64,      21,       1,       3,       1,     10.0000,      1.3874,     42.4033,    245.1216,     61.6880,      3.4953,      0.0000,     -0.0316,      8.0049,      0.1527,      5.5059,     11.0118,      1.3489,     28.1614,     56.3229,      0.0190,      0.0064,      0.0156,      0.1978,   7581.3496,-428990.5000,   -967.4968,    542.8246,  25271.1641,
       1,     167,      64,      22,       1,       3,       1,     10.0000,      1.3874,     42.4033,    245.1216,     61.6880,      3.4953,      0.0000,     -0.0315,      6.9785,      0.1490,      5.5059,     11.0118,      1.3168,     28.1614,     56.3229,      0.0190,      0.0056,      0.0156,      0.1978,   7581.3496,-427826.9375,   -967.2365,    542.9044,  25271.1641,
       1,     167,      64,      23,       1,       3,       1,     10.0000,      1.3874,     42.4033,    245.1216,     61.6880,      3.4953,      0.0000,     -0.0315,      6.2531,      0.1480,      5.5059,     11.0118,      1.3075,     28.1614,     56.3229,      0.0190,      0.0050,      0.0156,      0.1978,   7581.3496,-426408.3125,   -966.9175,    543.0007,  25271.1621,
       1,     167,      64,      24,       1,       3,       1,     10.0000,      1.3874,     42.4033,    245.1216,     61.6880,      3.4953,      0.0000,     -0.0316,      5.8048,      0.1504,      5.5059,     11.0118,      1.3287,     28.1614,     56.3229,      0.0190,      0.0046,      0.0156,      0.1978,   7581.3491,-425355.0000,   -966.6821,    543.0722,  25271.1621,
       1,     167,      65,       1,       1,       3,       1,     10.0000,      1.3874,     42.4036,    245.1274,     61.6894,      3.4953,      0.0000,     -0.0315,      4.1787,      0.1496,      5.5056,     11.0112,      1.3221,     28.1655,     56.3309,      0.0190,      0.0033,      0.0156,      0.1978,   7581.3491,-424843.5625,   -966.8999,    543.1198,  25272.2988,
       1,     167,      65,       2,       1,       3,       1,     10.0000,      1.3874,     42.4036,    245.1274,     61.6894,      3.4953,      0.0000,     -0.0315,      3.1143,      0.1477,      5.5056,     11.0112,      1.3049,     28.1655,     56.3309,      0.0190,      0.0025,      0.0156,      0.1978,   7581.6899,-422561.0000,   -966.0526,    543.2747,  25272.2988,
       1,     167,      65,       3,       1,       3,       1,     10.0000,      1.3874,     42.4036,    245.1274,     61.6894,      3.4953,      0.0000,     -0.0314,      2.3929,      0.1466,      5.5056,     11.0112,      1.2957,     28.1655,     56.3309,      0.0190,      0.0019,      0.0156,      0.1978,   7581.6899,-420997.6250,   -965.6983,    543.3809,  25272.2988,
       1,     167,      65,       4,       1,       3,       1,     10.0000,      1.3874,     42.4036,    245.1274,     61.6894,      3.4953,      0.0000,     -0.0314,      2.2379,      0.1468,      5.5056,     11.0112,      1.2970,     28.1655,     56.3309,      0.0190,      0.0018,      0.0156,      0.1978,   7581.6899,-419936.5625,   -965.4583,    543.4529,  25272.2988,
       1,     167,      65,       5,       1,       3,       1,     10.0000,      1.3874,     42.4036,    245.1274,     61.6894,      3.4953,      0.0000,     -0.0313,      2.4091,      0.1434,      5.5056,     11.0112,      1.2673,     28.1655,     56.3309,      0.0190,      0.0019,      0.0156,      0.1978,   7581.6899,-419645.4375,   -965.3933,    543.4727,  25272.2988,
       1,     167,      65,       6,       1,       3,       1,     10.0000,      1.3874,     42.4036,    245.1274,     61.6894,      3.4953,      0.0000,     -0.0313,      2.4175,      0.1437,      5.5056,     11.0112,      1.2699,     28.1655,     56.3309,      0.0190,      0.0019,      0.0156,      0.1978,   7581.6899,-419839.5938,   -965.4392,    543.4595,  25272.2988,
       1,     167,      65,       7,       1,       3,       1,     10.0000,      1.3874,     42.4036,    245.1274,     61.6894,      3.4953,      0.0000,     -0.0313,      2.7489,      0.1444,      5.5056,     11.0112,      1.2763,     28.1655,     56.3309,      0.0190,      0.0022,      0.0156,      0.1978,   7581.6899,-419867.3125,   -965.4471,    543.4577,  25272.2988,
       1,     167,      65,       8,       1,       3,       1,     10.0000,      1.3874,     42.4036,    245.1274,     61.6894,      3.4953,      0.0022,     -0.0292,      2.7881,      0.1439,      5.5056,     11.0112,      1.2712,     28.1655,     56.3309,      0.0190,      0.0022,      0.0156,      0.1978,   7581.6899,-420294.5625,   -965.5464,    543.4286,  25272.2988,
       1,     167,      65,       9,       1,       3,       1,     10.0000,      1.3874,     42.4036,    245.1274,     61.6894,      3.4953,      0.0899,      0.0583,     20.8866,      0.1502,      5.5056,     11.0112,      1.3274,     28.1655,     56.3309,      0.0190,      0.0024,      0.1089,      0.1978,   7581.6899,-420381.9688,   -965.5684,    543.4227,  25272.2988,
       1,     167,      65,      10,       1,       3,       1,     10.0000,      1.3874,     42.4036,    245.1274,     61.6894,      3.4953,      0.1663,      0.1342,     43.9425,      0.1652,      5.5056,     11.0112,      1.4601,     28.1655,     56.3309,      0.0190,      0.0025,      0.2184,      0.1978,   7581.6899,-443592.8125,   -970.8840,    541.8461,  25272.2988,
       1,     167,      65,      11,       1,       3,       1,     10.0000,      1.3874,     42.4036,    245.1274,     61.6894,      3.4953,      0.1881,      0.1556,     50.0268,      0.1807,      5.5056,     11.0112,      1.5971,     28.1655,     56.3309,      0.0190,      0.0025,      0.2500,      0.1978,   7581.6899,-475189.2500,   -978.1445,    539.7083,  25272.2988,
       1,     167,      65,      12,       1,       3,       1,     10.0000,      1.3874,     42.4036,    245.1274,     61.6894,      3.4953,      0.1882,      0.1552,     52.6771,      0.1960,      5.5056,     11.0112,      1.7322,     28.1655,     56.3309,      0.0190,      0.0026,      0.2500,      0.1977,   7581.6899,-485752.4375,   -980.6531,    538.9999,  25272.2969,
       1,     167,      65,      13,       1,       3,       1,     10.0000,      1.3874,     42.4036,    245.1274,     61.6894,      3.4953,      0.1889,      0.1556,     61.8901,      0.2033,      5.5056,     11.0112,      1.7967,     28.1655,     56.3309,      0.0190,      0.0031,      0.2500,      0.1977,   7581.6895,-490066.7812,   -981.7744,    538.7097,  25272.2949,
       1,     167,      65,      14,       1,       3,       1,     10.0000,      1.3874,     42.4036,    245.1274,     61.6894,      3.4953,      0.1897,      0.1563,     72.4264,      0.2080,      5.5056,     11.0112,      1.8378,     28.1655,     56.3309,      0.0190,      0.0036,      0.2500,      0.1977,   7581.6890,-502265.1562,   -984.7217,    537.8883,  25272.2969,
       1,     167,      65,      15,       1,       3,       1,     10.0000,      1.3874,     42.4036,    245.1274,     61.6894,      3.4953,      0.1914,      0.1581,     94.6946,      0.2051,      5.5056,     11.0112,      1.8127,     28.1655,     56.3309,      0.0190,      0.0047,      0.2500,      0.1977,   7581.6895,-516850.2188,   -988.2669,    536.9083,  25272.2969,
       1,     167,      65,      16,       1,       3,       1,     10.0000,      1.3874,     42.4036,    245.1274,     61.6894,      3.4953,      0.1931,      0.1599,    115.9159,      0.2011,      5.5056,     11.0112,      1.7773,     28.1655,     56.3309,      0.0190,      0.0058,      0.2500,      0.1977,   7581.6895,-546708.5625,   -995.3794,    534.9053,  25272.2949,
       1,     167,      65,      17,       1,       3,       1,     10.0000,      1.3874,     42.4036,    245.1274,     61.6894,      3.4953,      0.1907,      0.1578,    129.5648,      0.1920,      5.5056,     11.0112,      1.6967,     28.1655,     56.3309,      0.0190,      0.0066,      0.2448,      0.1977,   7581.6890,-576569.5625,  -1002.6262,    532.9125,  25272.2949,
       1,     167,      65,      18,       1,       3,       1,     10.0000,      1.3874,     42.4036,    245.1274,     61.6894,      3.4953,      0.1654,      0.1327,    115.7657,      0.1849,      5.5056,     11.0112,      1.6340,     28.1655,     56.3309,      0.0190,      0.0069,      0.2088,      0.1976,   7581.6890,-596708.5625,  -1007.7795,    531.5746,  25272.2930,
       1,     167,      65,      19,       1,       3,       1,     10.0000,      1.3874,     42.4036,    245.1274,     61.6894,      3.4953,      0.1285,      0.0960,     84.6253,      0.1756,      5.5056,     11.0112,      1.5517,     28.1655,     56.3309,      0.0190,      0.0067,      0.1579,      0.1976,   7581.6880,-580714.6875,  -1004.7136,    532.6390,  25272.2930,
       1,     167,      65,      20,       1,       3,       1,     10.0000,      1.3874,     42.4036,    245.1274,     61.6894,      3.4953,      0.0113,     -0.0208,      8.0697,      0.1656,      5.5056,     11.0112,      1.4630,     28.1655,     56.3309,      0.0190,      0.0064,      0.0156,      0.1976,   7581.6880,-539303.7500,   -995.7118,    535.3972,  25272.2910,
       1,     167,      65,      21,       1,       3,       1,     10.0000,      1.3874,     42.4036,    245.1274,     61.6894,      3.4953,      0.0000,     -0.0317,      7.4112,      0.1539,      5.5056,     11.0112,      1.3598,     28.1655,     56.3309,      0.0190,      0.0059,      0.0156,      0.1977,   7581.6875,-437408.1875,   -972.5406,    542.2237,  25272.2930,
       1,     167,      65,      22,       1,       3,       1,     10.0000,      1.3874,     42.4036,    245.1274,     61.6894,      3.4953,      0.0000,     -0.0315,      6.6354,      0.1474,      5.5056,     11.0112,      1.3023,     28.1655,     56.3309,      0.0190,      0.0053,      0.0156,      0.1978,   7581.6880,-427854.9375,   -970.3500,    542.9149,  25272.2930,
       1,     167,      65,      23,       1,       3,       1,     10.0000,      1.3874,     42.4036,    245.1274,     61.6894,      3.4953,      0.0000,     -0.0314,      5.9930,      0.1462,      5.5056,     11.0112,      1.2918,     28.1655,     56.3309,      0.0190,      0.0048,      0.0156,      0.1978,   7581.6880,-425974.0312,   -969.9225,    543.0430,  25272.2930,
       1,     167,      65,      24,       1,       3,       1,     10.0000,      1.3874,     42.4036,    245.1274,     61.6894,      3.4953,      0.0000,     -0.0313,      5.5238,      0.1436,      5.5056,     11.0112,      1.2686,     28.1655,     56.3309,      0.0190,      0.0044,      0.0156,      0.1978,   7581.6880,-424986.0938,   -969.6998,    543.1100,  25272.2930,
       1,     167,      66,       1,       1,       3,       1,     10.0000,      1.3874,     42.4039,    245.1332,     61.6909,      3.4953,      0.0000,     -0.0313,      5.5592,      0.1439,      5.5051,     11.0103,      1.2712,     28.1731,     56.3463,      0.0190,      0.0044,      0.0156,      0.1978,   7581.6880,-424454.0312,   -969.9164,    543.1589,  25273.4297,
       1,     167,      66,       2,       1,       3,       1,     10.0000,      1.3874,     42.4039,    245.1332,     61.6909,      3.4953,      0.0000,     -0.0313,      4.1555,      0.1436,      5.5051,     11.0103,      1.2686,     28.1731,     56.3463,      0.0190,      0.0033,      0.0156,      0.1978,   7582.0293,-424299.9375,   -969.5523,    543.1693,  25273.4297,
       1,     167,      66,       3,       1,       3,       1,     10.0000,      1.3874,     42.4039,    245.1332,     61.6909,      3.4953,      0.0000,     -0.0314,      3.6822,      0.1447,      5.5051,     11.0103,      1.2789,     28.1731,     56.3463,      0.0190,      0.0029,      0.0156,      0.1978,   7582.0293,-422487.0625,   -969.1384,    543.2924,  25273.4297,
       1,     167,      66,       4,       1,       3,       1,     10.0000,      1.3874,     42.4039,    245.1332,     61.6909,      3.4953,      0.0000,     -0.0314,      3.6892,      0.1453,      5.5051,     11.0103,      1.2841,     28.1731,     56.3463,      0.0190,      0.0029,      0.0156,      0.1978,   7582.0293,-421722.5938,   -968.9651,    543.3444,  25273.4297,
       1,     167,      66,       5,       1,       3,       1,     10.0000,      1.3874,     42.4039,    245.1332,     61.6909,      3.4953,      0.0000,     -0.0313,      3.8023,      0.1437,      5.5051,     11.0103,      1.2699,     28.1731,     56.3463,      0.0190,      0.0030,      0.0156,      0.1978,   7582.0293,-421664.9062,   -968.9548,    543.3483,  25273.4297,
       1,     167,      66,       6,       1,       3,       1,     10.0000,      1.3874,     42.4039,    245.1332,     61.6909,      3.4953,      0.0000,     -0.0313,      4.0421,      0.1437,      5.5051,     11.0103,      1.2699,     28.1731,     56.3463,      0.0190,      0.0032,      0.0156,      0.1978,   7582.0293,-421804.9062,   -968.9902,    543.3387,  25273.4297,
       1,     167,      66,       7,       1,       3,       1,     10.0000,      1.3874,     42.4039,    245.1332,     61.6909,      3.4953,      0.0000,     -0.0313,      4.2643,      0.1441,      5.5051,     11.0103,      1.2738,     28.1731,     56.3463,      0.0190,      0.0034,      0.0156,      0.1978,   7582.0293,-422124.4688,   -969.0668,    543.3170,  25273.4297,
       1,     167,      66,       8,       1,       3,       1,     10.0000,      1.3874,     42.4039,    245.1332,     61.6909,      3.4953,      0.0037,     -0.0276,      4.3786,      0.1446,      5.5051,     11.0103,      1.2776,     28.1731,     56.3463,      0.0190,      0.0035,      0.0156,      0.1978,   7582.0293,-422437.1875,   -969.1423,    543.2958,  25273.4297,
       1,     167,      66,       9,       1,       3,       1,     10.0000,      1.3874,     42.4039,    245.1332,     61.6909,      3.4953,      0.0924,      0.0608,     32.0089,      0.1499,      5.5051,     11.0103,      1.3248,     28.1731,     56.3463,      0.0190,      0.0036,      0.1112,      0.1978,   7582.0293,-422610.8125,   -969.1857,    543.2839,  25273.4297,
       1,     167,      66,      10,       1,       3,       1,     10.0000,      1.3874,     42.4039,    245.1332,     61.6909,      3.4953,      0.1687,      0.1368,     61.7591,      0.1625,      5.5051,     11.0103,      1.4355,     28.1731,     56.3463,      0.0190,      0.0035,      0.2199,      0.1978,   7582.0293,-458046.5625,   -977.3829,    540.8776,  25273.4297,
       1,     167,      66,      11,       1,       3,       1,     10.0000,      1.3874,     42.4039,    245.1332,     61.6909,      3.4953,      0.1883,      0.1559,     69.0951,      0.1749,      5.5051,     11.0103,      1.5455,     28.1731,     56.3463,      0.0190,      0.0035,      0.2479,      0.1978,   7582.0293,-499303.6875,   -986.9754,    538.0935,  25273.4297,
       1,     167,      66,      12,       1,       3,       1,     10.0000,      1.3874,     42.4039,    245.1332,     61.6909,      3.4953,      0.1897,      0.1573,     68.6567,      0.1747,      5.5051,     11.0103,      1.5440,     28.1731,     56.3463,      0.0190,      0.0034,      0.2500,      0.1977,   7582.0293,-512317.2500,   -990.1686,    537.2253,  25273.4316,
       1,     167,      66,      13,       1,       3,       1,     10.0000,      1.3874,     42.4039,    245.1332,     61.6909,      3.4953,      0.1898,      0.1572,     71.2450,      0.1820,      5.5051,     11.0103,      1.6083,     28.1731,     56.3463,      0.0190,      0.0035,      0.2500,      0.1977,   7582.0298,-512875.9062,   -990.5370,    537.1885,  25273.4316,
       1,     167,      66,      14,       1,       3,       1,     10.0000,      1.3874,     42.4039,    245.1332,     61.6909,      3.4953,      0.1907,      0.1578,     82.8438,      0.1886,      5.5051,     11.0103,      1.6667,     28.1731,     56.3463,      0.0190,      0.0041,      0.2500,      0.1977,   7582.0298,-516246.0938,   -991.5609,    536.9623,  25273.4277,
       1,     167,      66,      15,       1,       3,       1,     10.0000,      1.3874,     42.4039,    245.1332,     61.6909,      3.4953,      0.1925,      0.1598,    106.4207,      0.1868,      5.5051,     11.0103,      1.6503,     28.1731,     56.3463,      0.0190,      0.0053,      0.2500,      0.1977,   7582.0288,-531429.2500,   -995.3395,    535.9432,  25273.4277,
       1,     167,      66,      16,       1,       3,       1,     10.0000,      1.3874,     42.4039,    245.1332,     61.6909,      3.4953,      0.1946,      0.1619,    133.8459,      0.1868,      5.5051,     11.0103,      1.6503,     28.1731,     56.3463,      0.0190,      0.0067,      0.2500,      0.1977,   7582.0288,-563024.0625,  -1002.9893,    533.8275,  25273.4277,
       1,     167,      66,      17,       1,       3,       1,     10.0000,      1.3874,     42.4039,    245.1332,     61.6909,      3.4953,      0.1937,      0.1610,    129.3771,      0.1831,      5.5051,     11.0103,      1.6179,     28.1731,     56.3463,      0.0190,      0.0065,      0.2490,      0.1977,   7582.0288,-601011.2500,  -1012.2678,    531.2968,  25273.4258,
       1,     167,      66,      18,       1,       3,       1,     10.0000,      1.3874,     42.4039,    245.1332,     61.6909,      3.4953,      0.1760,      0.1436,    120.9723,      0.1761,      5.5051,     11.0103,      1.5564,     28.1731,     56.3463,      0.0190,      0.0067,      0.2239,      0.1976,   7582.0278,-598575.8750,  -1012.3310,    531.4645,  25273.4258,
       1,     167,      66,      19,       1,       3,       1,     10.0000,      1.3874,     42.4039,    245.1332,     61.6909,      3.4953,      0.1422,      0.1101,     97.1263,      0.1672,      5.5051,     11.0103,      1.4777,     28.1731,     56.3463,      0.0190,      0.0068,      0.1768,      0.1976,   7582.0278,-587551.8125,  -1010.3914,    532.1970,  25273.4238,
       1,     167,      66,      20,       1,       3,       1,     10.0000,      1.3874,     42.4039,    245.1332,     61.6909,      3.4953,      0.0243,     -0.0075,      7.0320,      0.1556,      5.5051,     11.0103,      1.3750,     28.1731,     56.3463,      0.0190,      0.0063,      0.0139,      0.1976,   7582.0273,-555947.7500,  -1003.5947,    534.3000,  25273.4258,
       1,     167,      66,      21,       1,       3,       1,     10.0000,      1.3874,     42.4039,    245.1332,     61.6909,      3.4953,      0.0000,     -0.0315,      7.6795,      0.1498,      5.5051,     11.0103,      1.3235,     28.1731,     56.3463,      0.0190,      0.0061,      0.0156,      0.1977,   7582.0278,-437484.2500,   -976.3449,    542.2159,  25273.4238,
       1,     167,      66,      22,       1,       3,       1,     10.0000,      1.3874,     42.4039,    245.1332,     61.6909,      3.4953,      0.0000,     -0.0315,      7.2277,      0.1483,      5.5051,     11.0103,      1.3102,     28.1731,     56.3463,      0.0190,      0.0058,      0.0156,      0.1978,   7582.0273,-428227.6875,   -974.2007,    542.9023,  25273.4238,
       1,     167,      66,      23,       1,       3,       1,     10.0000,      1.3874,     42.4039,    245.1332,     61.6909,      3.4953,      0.0000,     -0.0314,      6.7464,      0.1465,      5.5051,     11.0103,      1.2945,     28.1731,     56.3463,      0.0190,      0.0054,      0.0156,      0.1978,   7582.0273,-426768.5938,   -973.8676,    543.0017,  25273.4238,
       1,     167,      66,      24,       1,       3,       1,     10.0000,      1.3874,     42.4039,    245.1332,     61.6909,      3.4953,      0.0000,     -0.0313,      5.9488,      0.1439,      5.5051,     11.0103,      1.2712,     28.1731,     56.3463,      0.0190,      0.0047,      0.0156,      0.1978,   7582.0273,-426024.1250,   -973.7003,    543.0522,  25273.4238,
       1,     167,      67,       1,       1,       3,       1,     10.0000,      1.3874,     42.4043,    245.1390,     61.6923,      3.4953,      0.0000,     -0.0314,      5.2844,      0.1446,      5.5058,     11.0117,      1.2776,     28.1823,     56.3645,      0.0190,      0.0042,      0.0156,      0.1978,   7582.0273,-425092.4062,   -973.8271,    543.1283,  25274.5605,
       1,     167,      67,       2,       1,       3,       1,     10.0000,      1.3874,     42.4043,    245.1390,     61.6923,      3.4953,      0.0000,     -0.0314,      5.1854,      0.1444,      5.5058,     11.0117,      1.2764,     28.1823,     56.3645,      0.0190,      0.0041,      0.0156,      0.1978,   7582.3687,-424006.4062,   -973.2424,    543.2020,  25274.5605,
       1,     167,      67,       3,       1,       3,       1,     10.0000,      1.3874,     42.4043,    245.1390,     61.6923,      3.4953,      0.0000,     -0.0314,      5.2463,      0.1447,      5.5058,     11.0117,      1.2789,     28.1823,     56.3645,      0.0190,      0.0042,      0.0156,      0.1978,   7582.3687,-423785.0000,   -973.1956,    543.2171,  25274.5605,
       1,     167,      67,       4,       1,       3,       1,     10.0000,      1.3874,     42.4043,    245.1390,     61.6923,      3.4953,      0.0000,     -0.0313,      5.2042,      0.1430,      5.5058,     11.0117,      1.2635,     28.1823,     56.3645,      0.0190,      0.0041,      0.0156,      0.1978,   7582.3687,-423843.7500,   -973.2139,    543.2131,  25274.5605,
       1,     167,      67,       5,       1,       3,       1,     10.0000,      1.3874,     42.4043,    245.1390,     61.6923,      3.4953,      0.0000,     -0.0311,      4.9589,      0.1373,      5.5058,     11.0117,      1.2135,     28.1823,     56.3645,      0.0190,      0.0040,      0.0156,      0.1978,   7582.3687,-423794.8438,   -973.2074,    543.2164,  25274.5605,
       1,     167,      67,       6,       1,       3,       1,     10.0000,      1.3874,     42.4043,    245.1390,     61.6923,      3.4953,      0.0000,     -0.0311,      4.8614,      0.1362,      5.5058,     11.0117,      1.2037,     28.1823,     56.3645,      0.0190,      0.0039,      0.0156,      0.1978,   7582.3687,-423476.1875,   -973.1374,    543.2382,  25274.5605,
       1,     167,      67,       7,       1,       3,       1,     10.0000,      1.3874,     42.4043,    245.1390,     61.6923,      3.4953,      0.0000,     -0.0311,      4.6841,      0.1377,      5.5058,     11.0117,      1.2172,     28.1823,     56.3645,      0.0190,      0.0037,      0.0156,      0.1978,   7582.3687,-423323.3438,   -973.1064,    543.2485,  25274.5605,
       1,     167,      67,       8,       1,       3,       1,     10.0000,      1.3874,     42.4043,    245.1390,     61.6923,      3.4953,      0.0016,     -0.0296,      4.3904,      0.1407,      5.5058,     11.0117,      1.2433,     28.1823,     56.3645,      0.0190,      0.0035,      0.0156,      0.1978,   7582.3687,-423082.8438,   -973.0547,    543.2648,  25274.5605,
       1,     167,      67,       9,       1,       3,       1,     10.0000,      1.3874,     42.4043,    245.1390,     61.6923,      3.4953,      0.0461,      0.0149,     12.4890,      0.1416,      5.5058,     11.0117,      1.2509,     28.1823,     56.3645,      0.0190,      0.0034,      0.0459,      0.1978,   7582.3687,-422685.5312,   -972.9661,    543.2918,  25274.5605,
       1,     167,      67,      10,       1,       3,       1,     10.0000,      1.3874,     42.4043,    245.1390,     61.6923,      3.4953,      0.1437,      0.1119,     46.7664,      0.1561,      5.5058,     11.0117,      1.3791,     28.1823,     56.3645,      0.0190,      0.0031,      0.1847,      0.1978,   7582.3687,-433031.5938,   -975.3907,    542.5892,  25274.5605,
       1,     167,      67,      11,       1,       3,       1,     10.0000,      1.3874,     42.4043,    245.1390,     61.6923,      3.4953,      0.1819,      0.1496,     65.5433,      0.1715,      5.5058,     11.0117,      1.5151,     28.1823,     56.3645,      0.0190,      0.0034,      0.2388,      0.1978,   7582.3687,-477876.3438,   -985.8961,    539.5481,  25274.5605,
       1,     167,      67,      12,       1,       3,       1,     10.0000,      1.3874,     42.4043,    245.1390,     61.6923,      3.4953,      0.1878,      0.1552,     73.7438,      0.1816,      5.5058,     11.0117,      1.6051,     28.1823,     56.3645,      0.0190,      0.0037,      0.2468,      0.1978,   7582.3687,-505888.1562,   -992.5452,    537.6674,  25274.5605,
       1,     167,      67,      13,       1,       3,       1,     10.0000,      1.3874,     42.4043,    245.1390,     61.6923,      3.4953,      0.1871,      0.1539,     76.1519,      0.1994,      5.5058,     11.0117,      1.7617,     28.1823,     56.3645,      0.0190,      0.0039,      0.2456,      0.1978,   7582.3687,-518843.1875,   -995.7836,    536.8000,  25274.5586,
       1,     167,      67,      14,       1,       3,       1,     10.0000,      1.3874,     42.4043,    245.1390,     61.6923,      3.4953,      0.1814,      0.1484,     70.9101,      0.1935,      5.5058,     11.0117,      1.7102,     28.1823,     56.3645,      0.0190,      0.0037,      0.2377,      0.1978,   7582.3677,-523056.0312,   -997.0332,    536.5181,  25274.5566,
       1,     167,      67,      15,       1,       3,       1,     10.0000,      1.3874,     42.4043,    245.1390,     61.6923,      3.4953,      0.1915,      0.1587,     93.6952,      0.1884,      5.5058,     11.0117,      1.6651,     28.1823,     56.3645,      0.0190,      0.0047,      0.2500,      0.1977,   7582.3672,-516691.3750,   -995.8240,    536.9449,  25274.5566,
       1,     167,      67,      16,       1,       3,       1,     10.0000,      1.3874,     42.4043,    245.1390,     61.6923,      3.4953,      0.1934,      0.1609,    117.5853,      0.1797,      5.5058,     11.0117,      1.5877,     28.1823,     56.3645,      0.0190,      0.0058,      0.2500,      0.1978,   7582.3672,-545387.9375,  -1002.8113,    535.0190,  25274.5586,
       1,     167,      67,      17,       1,       3,       1,     10.0000,      1.3874,     42.4043,    245.1390,     61.6923,      3.4953,      0.1827,      0.1503,    133.9690,      0.1758,      5.5058,     11.0117,      1.5533,     28.1823,     56.3645,      0.0190,      0.0072,      0.2323,      0.1977,   7582.3677,-578567.4375,  -1010.9764,    532.8035,  25274.5547,
       1,     167,      67,      18,       1,       3,       1,     10.0000,      1.3874,     42.4043,    245.1390,     61.6923,      3.4953,      0.1589,      0.1269,    120.8045,      0.1625,      5.5058,     11.0117,      1.4355,     28.1823,     56.3645,      0.0190,      0.0076,      0.1986,      0.1977,   7582.3667,-602507.8125,  -1017.1286,    531.2136,  25274.5566,
       1,     167,      67,      19,       1,       3,       1,     10.0000,      1.3874,     42.4043,    245.1390,     61.6923,      3.4953,      0.0572,      0.0258,     31.3056,      0.1466,      5.5058,     11.0117,      1.2958,     28.1823,     56.3645,      0.0190,      0.0065,      0.0598,      0.1976,   7582.3672,-587662.8750,  -1014.2691,    532.2017,  25274.5527,
       1,     167,      67,      20,       1,       3,       1,     10.0000,      1.3874,     42.4043,    245.1390,     61.6923,      3.4953,      0.0105,     -0.0209,      7.1851,      0.1449,      5.5058,     11.0117,      1.2802,     28.1823,     56.3645,      0.0190,      0.0057,      0.0156,      0.1977,   7582.3662,-471354.2500,   -987.4153,    539.9401,  25274.5566,
       1,     167,      67,      21,       1,       3,       1,     10.0000,      1.3874,     42.4043,    245.1390,     61.6923,      3.4953,      0.0000,     -0.0313,      6.6535,      0.1420,      5.5058,     11.0117,      1.2547,     28.1823,     56.3645,      0.0190,      0.0053,      0.0156,      0.1978,   7582.3672,-430523.3750,   -977.8653,    542.7525,  25274.5547,
       1,     167,      67,      22,       1,       3,       1,     10.0000,      1.3874,     42.4043,    245.1390,     61.6923,      3.4953,      0.0000,     -0.0313,      6.2995,      0.1430,      5.5058,     11.0117,      1.2635,     28.1823,     56.3645,      0.0190,      0.0050,      0.0156,      0.1978,   7582.3667,-426243.6875,   -976.8668,    543.0501,  25274.5547,
       1,     167,      67,      23,       1,       3,       1,     10.0000,      1.3874,     42.4043,    245.1390,     61.6923,      3.4953,      0.0000,     -0.0313,      5.2564,      0.1431,      5.5058,     11.0117,      1.2648,     28.1823,     56.3645,      0.0190,      0.0042,      0.0156,      0.1978,   7582.3667,-425408.3750,   -976.6766,    543.1069,  25274.5547,
       1,     167,      67,      24,       1,       3,       1,     10.0000,      1.3874,     42.4043,    245.1390,     61.6923,      3.4953,      0.0000,     -0.0313,      3.6024,      0.1430,      5.5058,     11.0117,      1.2635,     28.1823,     56.3645,      0.0190,      0.0029,      0.0156,      0.1978,   7582.3667,-423998.3750,   -976.3503,    543.2026,  25274.5547,
       1,     167,      68,       1,       1,       3,       1,     10.0000,      1.3875,     42.4046,    245.1448,     61.6938,      3.4953,      0.0000,     -0.0314,      3.7185,      0.1468,      5.5060,     11.0119,      1.2971,     28.1859,     56.3718,      0.0190,      0.0030,      0.0156,      0.1979,   7582.3667,-421911.7812,   -976.2049,    543.3572,  25275.6914,
       1,     167,      68,       2,       1,       3,       1,     10.0000,      1.3875,     42.4046,    245.1448,     61.6938,      3.4953,      0.0000,     -0.0314,      3.5273,      0.1446,      5.5060,     11.0119,      1.2777,     28.1859,     56.3718,      0.0190,      0.0028,      0.0156,      0.1979,   7582.7075,-421725.5312,   -975.8248,    543.3699,  25275.6914,
       1,     167,      68,       3,       1,       3,       1,     10.0000,      1.3875,     42.4046,    245.1448,     61.6938,      3.4953,      0.0000,     -0.0312,      3.9142,      0.1410,      5.5060,     11.0119,      1.2458,     28.1859,     56.3718,      0.0190,      0.0031,      0.0156,      0.1979,   7582.7075,-421464.3438,   -975.7668,    543.3876,  25275.6914,
       1,     167,      68,       4,       1,       3,       1,     10.0000,      1.3875,     42.4046,    245.1448,     61.6938,      3.4953,      0.0000,     -0.0313,      4.1364,      0.1416,      5.5060,     11.0119,      1.2509,     28.1859,     56.3718,      0.0190,      0.0033,      0.0156,      0.1979,   7582.7075,-421937.4688,   -975.8819,    543.3554,  25275.6914,
       1,     167,      68,       5,       1,       3,       1,     10.0000,      1.3875,     42.4046,    245.1448,     61.6938,      3.4953,      0.0000,     -0.0311,      4.2405,      0.1371,      5.5060,     11.0119,      1.2111,     28.1859,     56.3718,      0.0190,      0.0034,      0.0156,      0.1979,   7582.7075,-422263.4688,   -975.9625,    543.3333,  25275.6914,
       1,     167,      68,       6,       1,       3,       1,     10.0000,      1.3875,     42.4046,    245.1448,     61.6938,      3.4953,      0.0000,     -0.0310,      4.1515,      0.1359,      5.5060,     11.0119,      1.2013,     28.1859,     56.3718,      0.0190,      0.0033,      0.0156,      0.1979,   7582.7075,-422425.3125,   -976.0049,    543.3223,  25275.6914,
       1,     167,      68,       7,       1,       3,       1,     10.0000,      1.3875,     42.4046,    245.1448,     61.6938,      3.4953,      0.0000,     -0.0309,      3.9081,      0.1316,      5.5060,     11.0119,      1.1630,     28.1859,     56.3718,      0.0190,      0.0031,      0.0156,      0.1979,   7582.7075,-422325.3125,   -975.9854,    543.3290,  25275.6914,
       1,     167,      68,       8,       1,       3,       1,     10.0000,      1.3875,     42.4046,    245.1448,     61.6938,      3.4953,      0.0033,     -0.0276,      3.3223,      0.1319,      5.5060,     11.0119,      1.1653,     28.1859,     56.3718,      0.0190,      0.0026,      0.0156,      0.1979,   7582.7075,-422004.6875,   -975.9138,    543.3509,  25275.6914,
       1,     167,      68,       9,       1,       3,       1,     10.0000,      1.3875,     42.4046,    245.1448,     61.6938,      3.4953,      0.0825,      0.0514,     24.7124,      0.1372,      5.5060,     11.0119,      1.2123,     28.1859,     56.3718,      0.0190,      0.0031,      0.0978,      0.1979,   7582.7075,-421225.9375,   -975.7339,    543.4038,  25275.6914,
       1,     167,      68,      10,       1,       3,       1,     10.0000,      1.3875,     42.4046,    245.1448,     61.6938,      3.4953,      0.1684,      0.1368,     54.8295,      0.1524,      5.5060,     11.0119,      1.3463,     28.1859,     56.3718,      0.0190,      0.0031,      0.2201,      0.1979,   7582.7075,-448571.7500,   -982.1964,    541.5463,  25275.6914,
       1,     167,      68,      11,       1,       3,       1,     10.0000,      1.3875,     42.4046,    245.1448,     61.6938,      3.4953,      0.1896,      0.1574,     67.8931,      0.1699,      5.5060,     11.0119,      1.5016,     28.1859,     56.3718,      0.0190,      0.0034,      0.2500,      0.1979,   7582.7075,-489574.4375,   -991.9152,    538.7739,  25275.6914,
       1,     167,      68,      12,       1,       3,       1,     10.0000,      1.3875,     42.4046,    245.1448,     61.6938,      3.4953,      0.1890,      0.1564,     61.2394,      0.1829,      5.5060,     11.0119,      1.6163,     28.1859,     56.3718,      0.0190,      0.0030,      0.2500,      0.1978,   7582.7075,-509913.5000,   -996.8536,    537.4112,  25275.6914,
       1,     167,      68,      13,       1,       3,       1,     10.0000,      1.3875,     42.4046,    245.1448,     61.6938,      3.4953,      0.1891,      0.1560,     62.8582,      0.1947,      5.5060,     11.0119,      1.7204,     28.1859,     56.3718,      0.0190,      0.0031,      0.2500,      0.1978,   7582.7075,-503135.0938,   -995.4710,    537.8682,  25275.6895,
       1,     167,      68,      14,       1,       3,       1,     10.0000,      1.3875,     42.4046,    245.1448,     61.6938,      3.4953,      0.1901,      0.1571,     76.4888,      0.1951,      5.5060,     11.0119,      1.7238,     28.1859,     56.3718,      0.0190,      0.0038,      0.2500,      0.1978,   7582.7070,-504623.2188,   -996.0178,    537.7684,  25275.6895,
       1,     167,      68,      15,       1,       3,       1,     10.0000,      1.3875,     42.4046,    245.1448,     61.6938,      3.4953,      0.1913,      0.1584,     90.4843,      0.1892,      5.5060,     11.0119,      1.6718,     28.1859,     56.3718,      0.0190,      0.0045,      0.2500,      0.1978,   7582.7070,-522243.2500,  -1000.3871,    536.5840,  25275.6895,
       1,     167,      68,      16,       1,       3,       1,     10.0000,      1.3875,     42.4046,    245.1448,     61.6938,      3.4953,      0.1927,      0.1599,    108.4027,      0.1858,      5.5060,     11.0119,      1.6422,     28.1859,     56.3718,      0.0190,      0.0054,      0.2500,      0.1978,   7582.7070,-541739.8125,  -1005.2777,    535.2776,  25275.6895,
       1,     167,      68,      17,       1,       3,       1,     10.0000,      1.3875,     42.4046,    245.1448,     61.6938,      3.4953,      0.1937,      0.1612,    125.6783,      0.1786,      5.5060,     11.0119,      1.5783,     28.1859,     56.3718,      0.0190,      0.0063,      0.2495,      0.1978,   7582.7070,-566440.7500,  -1011.4910,    533.6265,  25275.6855,
       1,     167,      68,      18,       1,       3,       1,     10.0000,      1.3875,     42.4046,    245.1448,     61.6938,      3.4953,      0.1798,      0.1474,    122.5417,      0.1727,      5.5060,     11.0119,      1.5257,     28.1859,     56.3718,      0.0190,      0.0066,      0.2292,      0.1977,   7582.7061,-590779.7500,  -1017.7358,    532.0055,  25275.6895,
       1,     167,      68,      19,       1,       3,       1,     10.0000,      1.3875,     42.4046,    245.1448,     61.6938,      3.4953,      0.1392,      0.1071,     91.5120,      0.1648,      5.5060,     11.0119,      1.4558,     28.1859,     56.3718,      0.0190,      0.0066,      0.1729,      0.1977,   7582.7070,-588863.8750,  -1017.8600,    532.1354,  25275.6855,
       1,     167,      68,      20,       1,       3,       1,     10.0000,      1.3875,     42.4046,    245.1448,     61.6938,      3.4953,      0.0193,     -0.0122,      3.4271,      0.1492,      5.5060,     11.0119,      1.3182,     28.1859,     56.3718,      0.0190,      0.0058,      0.0073,      0.1977,   7582.7061,-548820.1875,  -1008.9084,    534.7990,  25275.6875,
       1,     167,      68,      21,       1,       3,       1,     10.0000,      1.3875,     42.4046,    245.1448,     61.6938,      3.4953,      0.0000,     -0.0313,      6.7664,      0.1436,      5.5060,     11.0119,      1.2687,     28.1859,     56.3718,      0.0190,      0.0054,      0.0156,      0.1977,   7582.7065,-432257.8438,   -981.5269,    542.5978,  25275.6855,
       1,     167,      68,      22,       1,       3,       1,     10.0000,      1.3875,     42.4046,    245.1448,     61.6938,      3.4953,      0.0000,     -0.0313,      6.4155,      0.1420,      5.5060,     11.0119,      1.2547,     28.1859,     56.3718,      0.0190,      0.0051,      0.0156,      0.1979,   7582.7061,-426605.8438,   -980.1950,    543.0383,  25275.6855,
       1,     167,      68,      23,       1,       3,       1,     10.0000,      1.3875,     42.4046,    245.1448,     61.6938,      3.4953,      0.0000,     -0.0312,      6.2904,      0.1407,      5.5060,     11.0119,      1.2433,     28.1859,     56.3718,      0.0190,      0.0050,      0.0156,      0.1979,   7582.7061,-425591.5312,   -979.9611,    543.1073,  25275.6855,
       1,     167,      68,      24,       1,       3,       1,     10.0000,      1.3875,     42.4046,    245.1448,     61.6938,      3.4953,      0.0000,     -0.0313,      5.8548,      0.1430,      5.5060,     11.0119,      1.2636,     28.1859,     56.3718,      0.0190,      0.0047,      0.0156,      0.1979,   7582.7061,-425342.8125,   -979.9085,    543.1242,  25275.6855,
       1,     167,      69,       1,       1,       3,       1,     10.0000,      1.3875,     42.4049,    245.1506,     61.6953,      3.4953,      0.0000,     -0.0313,      4.7356,      0.1427,      5.5057,     11.0113,      1.2611,     28.1947,     56.3893,      0.0190,      0.0038,      0.0156,      0.1979,   7582.7061,-424918.3438,   -980.1591,    543.1658,  25276.8223,
       1,     167,      69,       2,       1,       3,       1,     10.0000,      1.3875,     42.4049,    245.1506,     61.6953,      3.4953,      0.0000,     -0.0312,      4.1437,      0.1409,      5.5057,     11.0113,      1.2446,     28.1947,     56.3893,      0.0190,      0.0033,      0.0156,      0.1979,   7583.0469,-423293.7188,   -979.4342,    543.2761,  25276.8223,
       1,     167,      69,       3,       1,       3,       1,     10.0000,      1.3875,     42.4049,    245.1506,     61.6953,      3.4953,      0.0000,     -0.0312,      4.0085,      0.1401,      5.5057,     11.0113,      1.2383,     28.1947,     56.3893,      0.0190,      0.0032,      0.0156,      0.1979,   7583.0469,-422393.7812,   -979.2250,    543.3372,  25276.8223,
       1,     167,      69,       4,       1,       3,       1,     10.0000,      1.3875,     42.4049,    245.1506,     61.6953,      3.4953,      0.0000,     -0.0313,      3.8775,      0.1434,      5.5057,     11.0113,      1.2674,     28.1947,     56.3893,      0.0190,      0.0031,      0.0156,      0.1979,   7583.0469,-422142.2500,   -979.1695,    543.3544,  25276.8223,
       1,     167,      69,       5,       1,       3,       1,     10.0000,      1.3875,     42.4049,    245.1506,     61.6953,      3.4953,      0.0000,     -0.0313,      4.0424,      0.1437,      5.5057,     11.0113,      1.2700,     28.1947,     56.3893,      0.0190,      0.0032,      0.0156,      0.1979,   7583.0469,-421952.4062,   -979.1284,    543.3672,  25276.8223,
       1,     167,      69,       6,       1,       3,       1,     10.0000,      1.3875,     42.4049,    245.1506,     61.6953,      3.4953,      0.0000,     -0.0313,      3.9523,      0.1431,      5.5057,     11.0113,      1.2649,     28.1947,     56.3893,      0.0190,      0.0032,      0.0156,      0.1979,   7583.0469,-422147.1562,   -979.1788,    543.3540,  25276.8223,
       1,     167,      69,       7,       1,       3,       1,     10.0000,      1.3875,     42.4049,    245.1506,     61.6953,      3.4953,      0.0000,     -0.0312,      3.5270,      0.1394,      5.5057,     11.0113,      1.2321,     28.1947,     56.3893,      0.0190,      0.0028,      0.0156,      0.1979,   7583.0469,-422048.6250,   -979.1596,    543.3607,  25276.8223,
       1,     167,      69,       8,       1,       3,       1,     10.0000,      1.3875,     42.4049,    245.1506,     61.6953,      3.4953,      0.0025,     -0.0287,      3.4868,      0.1406,      5.5057,     11.0113,      1.2421,     28.1947,     56.3893,      0.0190,      0.0028,      0.0156,      0.1979,   7583.0469,-421495.1875,   -979.0317,    543.3983,  25276.8223,
       1,     167,      69,       9,       1,       3,       1,     10.0000,      1.3875,     42.4049,    245.1506,     61.6953,      3.4953,      0.1047,      0.0733,     31.7694,      0.1446,      5.5057,     11.0113,      1.2777,     28.1947,     56.3893,      0.0190,      0.0031,      0.1294,      0.1979,   7583.0469,-421395.3750,   -979.0117,    543.4050,  25276.8223,
       1,     167,      69,      10,       1,       3,       1,     10.0000,      1.3875,     42.4049,    245.1506,     61.6953,      3.4953,      0.1694,      0.1378,     55.2256,      0.1524,      5.5057,     11.0113,      1.3464,     28.1947,     56.3893,      0.0190,      0.0031,      0.2215,      0.1979,   7583.0469,-457629.7188,   -987.6600,    540.9438,  25276.8223,
       1,     167,      69,      11,       1,       3,       1,     10.0000,      1.3875,     42.4049,    245.1506,     61.6953,      3.4953,      0.1740,      0.1418,     62.5476,      0.1677,      5.5057,     11.0113,      1.4823,     28.1947,     56.3893,      0.0190,      0.0034,      0.2275,      0.1979,   7583.0469,-490872.3750,   -995.6410,    538.7016,  25276.8223,
       1,     167,      69,      12,       1,       3,       1,     10.0000,      1.3875,     42.4049,    245.1506,     61.6953,      3.4953,      0.1664,      0.1338,     56.0379,      0.1806,      5.5057,     11.0113,      1.5956,     28.1947,     56.3893,      0.0190,      0.0032,      0.2172,      0.1978,   7583.0469,-503158.6250,   -998.7094,    537.8789,  25276.8242,
       1,     167,      69,      13,       1,       3,       1,     10.0000,      1.3875,     42.4049,    245.1506,     61.6953,      3.4953,      0.1812,      0.1481,     57.1935,      0.1959,      5.5057,     11.0113,      1.7307,     28.1947,     56.3893,      0.0190,      0.0030,      0.2390,      0.1978,   7583.0474,-495867.8750,   -997.1587,    538.3698,  25276.8223,
       1,     167,      69,      14,       1,       3,       1,     10.0000,      1.3875,     42.4049,    245.1506,     61.6953,      3.4953,      0.1826,      0.1495,     59.0527,      0.1966,      5.5057,     11.0113,      1.7376,     28.1947,     56.3893,      0.0190,      0.0030,      0.2409,      0.1978,   7583.0469,-496718.2500,   -997.5241,    538.3127,  25276.8203,
       1,     167,      69,      15,       1,       3,       1,     10.0000,      1.3875,     42.4049,    245.1506,     61.6953,      3.4953,      0.1834,      0.1505,     65.3810,      0.1924,      5.5057,     11.0113,      1.7002,     28.1947,     56.3893,      0.0190,      0.0034,      0.2414,      0.1978,   7583.0464,-499177.4688,   -998.2776,    538.1473,  25276.8203,
       1,     167,      69,      16,       1,       3,       1,     10.0000,      1.3875,     42.4049,    245.1506,     61.6953,      3.4953,      0.1795,      0.1465,     84.0658,      0.1932,      5.5057,     11.0113,      1.7069,     28.1947,     56.3893,      0.0190,      0.0045,      0.2333,      0.1978,   7583.0464,-507509.5938,  -1000.4452,    537.5868,  25276.8203,
       1,     167,      69,      17,       1,       3,       1,     10.0000,      1.3875,     42.4049,    245.1506,     61.6953,      3.4953,      0.1779,      0.1452,     98.7357,      0.1846,      5.5057,     11.0113,      1.6309,     28.1947,     56.3893,      0.0190,      0.0054,      0.2293,      0.1978,   7583.0464,-532208.1875,  -1006.5643,    535.9274,  25276.8184,
       1,     167,      69,      18,       1,       3,       1,     10.0000,      1.3875,     42.4049,    245.1506,     61.6953,      3.4953,      0.1608,      0.1285,     95.1447,      0.1718,      5.5057,     11.0113,      1.5182,     28.1947,     56.3893,      0.0190,      0.0058,      0.2043,      0.1978,   7583.0459,-553188.6250,  -1011.9030,    534.5245,  25276.8184,
       1,     167,      69,      19,       1,       3,       1,     10.0000,      1.3875,     42.4049,    245.1506,     61.6953,      3.4953,      0.1305,      0.0986,     73.6061,      0.1617,      5.5057,     11.0113,      1.4284,     28.1947,     56.3893,      0.0190,      0.0056,      0.1623,      0.1978,   7583.0459,-550398.3125,  -1011.6443,    534.7128,  25276.8184,
       1,     167,      69,      20,       1,       3,       1,     10.0000,      1.3875,     42.4049,    245.1506,     61.6953,      3.4953,      0.0248,     -0.0068,      6.6166,      0.1521,      5.5057,     11.0113,      1.3437,     28.1947,     56.3893,      0.0190,      0.0055,      0.0149,      0.1978,   7583.0459,-522497.7812,  -1005.3518,    536.5775,  25276.8164,
       1,     167,      69,      21,       1,       3,       1,     10.0000,      1.3875,     42.4049,    245.1506,     61.6953,      3.4953,      0.0000,     -0.0315,      7.0068,      0.1480,      5.5057,     11.0113,      1.3077,     28.1947,     56.3893,      0.0190,      0.0056,      0.0156,      0.1978,   7583.0454,-434114.2188,   -984.4078,    542.5089,  25276.8164,
       1,     167,      69,      22,       1,       3,       1,     10.0000,      1.3875,     42.4049,    245.1506,     61.6953,      3.4953,      0.0000,     -0.0314,      6.8835,      0.1464,      5.5057,     11.0113,      1.2933,     28.1947,     56.3893,      0.0190,      0.0055,      0.0156,      0.1979,   7583.0454,-427046.9688,   -982.7271,    543.0211,  25276.8164,
       1,     167,      69,      23,       1,       3,       1,     10.0000,      1.3875,     42.4049,    245.1506,     61.6953,      3.4953,      0.0000,     -0.0315,      6.1220,      0.1469,      5.5057,     11.0113,      1.2985,     28.1947,     56.3893,      0.0190,      0.0049,      0.0156,      0.1979,   7583.0454,-426232.5312,   -982.5399,    543.0766,  25276.8164,
       1,     167,      69,      24,       1,       3,       1,     10.0000,      1.3875,     42.4049,    245.1506,     61.6953,      3.4953,      0.0000,     -0.0314,      4.7209,      0.1467,      5.5057,     11.0113,      1.2959,     28.1947,     56.3893,      0.0190,      0.0038,      0.0156,      0.1979,   7583.0454,-425185.5625,   -982.2958,    543.1477,  25276.8164,
       1,     167,      70,       1,       1,       3,       1,     10.0000,      1.3875,     42.4053,    245.1564,     61.6967,      3.4953,      0.0000,     -0.0315,      4.0137,      0.1468,      5.5059,     11.0118,      1.2972,     28.2010,     56.4020,      0.0190,      0.0032,      0.0156,      0.1979,   7583.0454,-423454.5938,   -982.2347,    543.2780,  25277.9531,
       1,     167,      70,       2,       1,       3,       1,     10.0000,      1.3875,     42.4053,    245.1564,     61.6967,      3.4953,      0.0000,     -0.0314,      3.3249,      0.1458,      5.5059,     11.0118,      1.2881,     28.2010,     56.4020,      0.0190,      0.0027,      0.0156,      0.1979,   7583.3862,-422244.5625,   -981.6029,    543.3602,  25277.9531,
       1,     167,      70,       3,       1,       3,       1,     10.0000,      1.3875,     42.4053,    245.1564,     61.6967,      3.4953,      0.0000,     -0.0313,      2.8699,      0.1430,      5.5059,     11.0118,      1.2636,     28.2010,     56.4020,      0.0190,      0.0023,      0.0156,      0.1979,   7583.3862,-421256.4688,   -981.3701,    543.4273,  25277.9531,
       1,     167,      70,       4,       1,       3,       1,     10.0000,      1.3875,     42.4053,    245.1564,     61.6967,      3.4953,      0.0000,     -0.0314,      2.7429,      0.1467,      5.5059,     11.0118,      1.2959,     28.2010,     56.4020,      0.0190,      0.0022,      0.0156,      0.1979,   7583.3862,-420587.5625,   -981.2132,    543.4728,  25277.9531,
       1,     167,      70,       5,       1,       3,       1,     10.0000,      1.3875,     42.4053,    245.1564,     61.6967,      3.4953,      0.0000,     -0.0315,      2.5636,      0.1474,      5.5059,     11.0118,      1.3024,     28.2010,     56.4020,      0.0190,      0.0020,      0.0156,      0.1979,   7583.3862,-420366.5625,   -981.1631,    543.4877,  25277.9531,
       1,     167,      70,       6,       1,       3,       1,     10.0000,      1.3875,     42.4053,    245.1564,     61.6967,      3.4953,      0.0000,     -0.0314,      2.3894,      0.1461,      5.5059,     11.0118,      1.2907,     28.2010,     56.4020,      0.0190,      0.0019,      0.0156,      0.1979,   7583.3862,-420117.6875,   -981.1064,    543.5046,  25277.9531,
       1,     167,      70,       7,       1,       3,       1,     10.0000,      1.3875,     42.4053,    245.1564,     61.6967,      3.4953,      0.0000,     -0.0314,      2.3164,      0.1453,      5.5059,     11.0118,      1.2842,     28.2010,     56.4020,      0.0190,      0.0018,      0.0156,      0.1979,   7583.3862,-419872.7812,   -981.0503,    543.5213,  25277.9531,
       1,     167,      70,       8,       1,       3,       1,     10.0000,      1.3875,     42.4053,    245.1564,     61.6967,      3.4953,      0.0033,     -0.0282,      2.1011,      0.1483,      5.5059,     11.0118,      1.3103,     28.2010,     56.4020,      0.0190,      0.0017,      0.0156,      0.1979,   7583.3862,-419757.8750,   -981.0254,    543.5291,  25277.9531,
       1,     167,      70,       9,       1,       3,       1,     10.0000,      1.3875,     42.4053,    245.1564,     61.6967,      3.4953,      0.0999,      0.0682,     18.7218,      0.1551,      5.5059,     11.0118,      1.3710,     28.2010,     56.4020,      0.0190,      0.0019,      0.1237,      0.1979,   7583.3862,-419472.1875,   -980.9592,    543.5485,  25277.9531,
       1,     167,      70,      10,       1,       3,       1,     10.0000,      1.3875,     42.4053,    245.1564,     61.6967,      3.4953,      0.1701,      0.1381,     39.4218,      0.1631,      5.5059,     11.0118,      1.4414,     28.2010,     56.4020,      0.0190,      0.0022,      0.2244,      0.1979,   7583.3862,-440742.7188,   -986.0734,    542.1034,  25277.9531,
       1,     167,      70,      11,       1,       3,       1,     10.0000,      1.3875,     42.4053,    245.1564,     61.6967,      3.4953,      0.1792,      0.1467,     43.6602,      0.1765,      5.5059,     11.0118,      1.5596,     28.2010,     56.4020,      0.0190,      0.0023,      0.2374,      0.1979,   7583.3862,-469129.6875,   -992.9175,    540.1817,  25277.9531,
       1,     167,      70,      12,       1,       3,       1,     10.0000,      1.3875,     42.4053,    245.1564,     61.6967,      3.4953,      0.1760,      0.1431,     41.9421,      0.1901,      5.5059,     11.0118,      1.6801,     28.2010,     56.4020,      0.0190,      0.0022,      0.2331,      0.1979,   7583.3862,-477038.8750,   -994.8923,    539.6511,  25277.9531,
       1,     167,      70,      13,       1,       3,       1,     10.0000,      1.3875,     42.4053,    245.1564,     61.6967,      3.4953,      0.1880,      0.1548,     49.1923,      0.1986,      5.5059,     11.0118,      1.7548,     28.2010,     56.4020,      0.0190,      0.0024,      0.2500,      0.1979,   7583.3862,-475518.6562,   -994.6201,    539.7539,  25277.9551,
       1,     167,      70,      14,       1,       3,       1,     10.0000,      1.3875,     42.4053,    245.1564,     61.6967,      3.4953,      0.1805,      0.1473,     53.2696,      0.2024,      5.5059,     11.0118,      1.7880,     28.2010,     56.4020,      0.0190,      0.0028,      0.2385,      0.1979,   7583.3867,-484683.3438,   -996.9130,    539.1355,  25277.9531,
       1,     167,      70,      15,       1,       3,       1,     10.0000,      1.3875,     42.4053,    245.1564,     61.6967,      3.4953,      0.1892,      0.1560,     65.4181,      0.2027,      5.5059,     11.0118,      1.7916,     28.2010,     56.4020,      0.0190,      0.0033,      0.2500,      0.1979,   7583.3862,-490709.1875,   -998.4784,    538.7297,  25277.9512,
       1,     167,      70,      16,       1,       3,       1,     10.0000,      1.3875,     42.4053,    245.1564,     61.6967,      3.4953,      0.1855,      0.1523,     83.9853,      0.2000,      5.5059,     11.0118,      1.7670,     28.2010,     56.4020,      0.0190,      0.0043,      0.2423,      0.1979,   7583.3857,-506814.4688,  -1002.4960,    537.6454,  25277.9512,
       1,     167,      70,      17,       1,       3,       1,     10.0000,      1.3875,     42.4053,    245.1564,     61.6967,      3.4953,      0.1921,      0.1591,    101.6004,      0.1936,      5.5059,     11.0118,      1.7103,     28.2010,     56.4020,      0.0190,      0.0051,      0.2500,      0.1978,   7583.3857,-532035.5000,  -1008.7770,    535.9515,  25277.9512,
       1,     167,      70,      18,       1,       3,       1,     10.0000,      1.3875,     42.4053,    245.1564,     61.6967,      3.4953,      0.1725,      0.1398,    102.8340,      0.1833,      5.5059,     11.0118,      1.6196,     28.2010,     56.4020,      0.0190,      0.0058,      0.2207,      0.1978,   7583.3857,-556837.9375,  -1015.0704,    534.2925,  25277.9492,
       1,     167,      70,      19,       1,       3,       1,     10.0000,      1.3875,     42.4053,    245.1564,     61.6967,      3.4953,      0.1319,      0.0996,     78.2837,      0.1711,      5.5059,     11.0118,      1.5122,     28.2010,     56.4020,      0.0190,      0.0059,      0.1637,      0.1978,   7583.3853,-560576.4375,  -1016.4008,    534.0453,  25277.9492,
       1,     167,      70,      20,       1,       3,       1,     10.0000,      1.3875,     42.4053,    245.1564,     61.6967,      3.4953,      0.0185,     -0.0133,      2.8050,      0.1566,      5.5059,     11.0118,      1.3834,     28.2010,     56.4020,      0.0190,      0.0059,      0.0059,      0.1978,   7583.3853,-529372.1875,  -1009.3159,    536.1285,  25277.9473,
       1,     167,      70,      21,       1,       3,       1,     10.0000,      1.3875,     42.4053,    245.1564,     61.6967,      3.4953,      0.0000,     -0.0315,      6.8542,      0.1496,      5.5059,     11.0118,      1.3223,     28.2010,     56.4020,      0.0190,      0.0055,      0.0156,      0.1978,   7583.3843,-429810.5938,   -985.5633,    542.8047,  25277.9473,
       1,     167,      70,      22,       1,       3,       1,     10.0000,      1.3875,     42.4053,    245.1564,     61.6967,      3.4953,      0.0000,     -0.0315,      6.5931,      0.1486,      5.5059,     11.0118,      1.3130,     28.2010,     56.4020,      0.0190,      0.0053,      0.0156,      0.1979,   7583.3843,-426491.4375,   -984.7733,    543.0717,  25277.9473,
       1,     167,      70,      23,       1,       3,       1,     10.0000,      1.3875,     42.4053,    245.1564,     61.6967,      3.4953,      0.0000,     -0.0316,      6.3036,      0.1498,      5.5059,     11.0118,      1.3236,     28.2010,     56.4020,      0.0190,      0.0050,      0.0156,      0.1979,   7583.3843,-425814.6562,   -984.6175,    543.1177,  25277.9473,
       1,     167,      70,      24,       1,       3,       1,     10.0000,      1.3875,     42.4053,    245.1564,     61.6967,      3.4953,      0.0000,     -0.0316,      5.2180,      0.1518,      5.5059,     11.0118,      1.3410,     28.2010,     56.4020,      0.0190,      0.0042,      0.0156,      0.1979,   7583.3843,-425384.7500,   -984.5210,    543.1469,  25277.9473,
       1,     167,      71,       1,       1,       3,       1,     10.0000,      1.3875,     42.4056,    245.1622,     61.6982,      3.4953,      0.0000,     -0.0317,      3.7279,      0.1544,      5.5063,     11.0126,      1.3641,     28.2086,     56.4172,      0.0190,      0.0030,      0.0156,      0.1979,   7583.3843,-424112.0312,   -984.5700,    543.2462,  25279.0840,
       1,     167,      71,       2,       1,       3,       1,     10.0000,      1.3875,     42.4056,    245.1622,     61.6982,      3.4953,      0.0000,     -0.0317,      2.9274,      0.1536,      5.5063,     11.0126,      1.3573,     28.2086,     56.4172,      0.0190,      0.0023,      0.0156,      0.1979,   7583.7256,-421938.7188,   -983.7023,    543.3938,  25279.0840,
       1,     167,      71,       3,       1,       3,       1,     10.0000,      1.3875,     42.4056,    245.1622,     61.6982,      3.4953,      0.0000,     -0.0316,      2.6442,      0.1516,      5.5063,     11.0126,      1.3397,     28.2086,     56.4172,      0.0190,      0.0021,      0.0156,      0.1980,   7583.7256,-420724.0312,   -983.4127,    543.4763,  25279.0840,
       1,     167,      71,       4,       1,       3,       1,     10.0000,      1.3875,     42.4056,    245.1622,     61.6982,      3.4953,      0.0000,     -0.0316,      2.5926,      0.1522,      5.5063,     11.0126,      1.3451,     28.2086,     56.4172,      0.0190,      0.0021,      0.0156,      0.1980,   7583.7256,-420255.5000,   -983.3027,    543.5081,  25279.0840,
       1,     167,      71,       5,       1,       3,       1,     10.0000,      1.3875,     42.4056,    245.1622,     61.6982,      3.4953,      0.0000,     -0.0314,      2.4380,      0.1446,      5.5063,     11.0126,      1.2778,     28.2086,     56.4172,      0.0190,      0.0019,      0.0156,      0.1980,   7583.7256,-420148.5625,   -983.2799,    543.5154,  25279.0840,
       1,     167,      71,       6,       1,       3,       1,     10.0000,      1.3875,     42.4056,    245.1622,     61.6982,      3.4953,      0.0000,     -0.0313,      2.4871,      0.1421,      5.5063,     11.0126,      1.2560,     28.2086,     56.4172,      0.0190,      0.0020,      0.0156,      0.1980,   7583.7256,-419941.1875,   -983.2326,    543.5294,  25279.0840,
       1,     167,      71,       7,       1,       3,       1,     10.0000,      1.3875,     42.4056,    245.1622,     61.6982,      3.4953,      0.0000,     -0.0314,      2.5734,      0.1462,      5.5063,     11.0126,      1.2920,     28.2086,     56.4172,      0.0190,      0.0021,      0.0156,      0.1980,   7583.7256,-419986.1562,   -983.2462,    543.5264,  25279.0840,
       1,     167,      71,       8,       1,       3,       1,     10.0000,      1.3875,     42.4056,    245.1622,     61.6982,      3.4953,      0.0037,     -0.0278,      2.6406,      0.1495,      5.5063,     11.0126,      1.3210,     28.2086,     56.4172,      0.0190,      0.0021,      0.0156,      0.1980,   7583.7256,-420100.4688,   -983.2766,    543.5186,  25279.0840,
       1,     167,      71,       9,       1,       3,       1,     10.0000,      1.3875,     42.4056,    245.1622,     61.6982,      3.4953,      0.1152,      0.0836,     26.0482,      0.1505,      5.5063,     11.0126,      1.3303,     28.2086,     56.4172,      0.0190,      0.0022,      0.1453,      0.1980,   7583.7256,-420196.6875,   -983.3026,    543.5121,  25279.0840,
       1,     167,      71,      10,       1,       3,       1,     10.0000,      1.3875,     42.4056,    245.1622,     61.6982,      3.4953,      0.1748,      0.1430,     37.5908,      0.1548,      5.5063,     11.0126,      1.3682,     28.2086,     56.4172,      0.0190,      0.0020,      0.2315,      0.1980,   7583.7256,-450192.9375,   -990.5625,    541.4741,  25279.0840,
       1,     167,      71,      11,       1,       3,       1,     10.0000,      1.3875,     42.4056,    245.1622,     61.6982,      3.4953,      0.1872,      0.1552,     35.3937,      0.1601,      5.5063,     11.0126,      1.4143,     28.2086,     56.4172,      0.0190,      0.0018,      0.2500,      0.1979,   7583.7256,-467607.7188,   -994.8097,    540.2993,  25279.0840,
       1,     167,      71,      12,       1,       3,       1,     10.0000,      1.3875,     42.4056,    245.1622,     61.6982,      3.4953,      0.1878,      0.1556,     43.6744,      0.1686,      5.5063,     11.0126,      1.4898,     28.2086,     56.4172,      0.0190,      0.0022,      0.2500,      0.1979,   7583.7256,-466302.6875,   -994.5641,    540.3887,  25279.0840,
       1,     167,      71,      13,       1,       3,       1,     10.0000,      1.3875,     42.4056,    245.1622,     61.6982,      3.4953,      0.1881,      0.1555,     49.3466,      0.1817,      5.5063,     11.0126,      1.6053,     28.2086,     56.4172,      0.0190,      0.0025,      0.2500,      0.1979,   7583.7256,-476803.5938,   -997.1736,    539.6793,  25279.0840,
       1,     167,      71,      14,       1,       3,       1,     10.0000,      1.3875,     42.4056,    245.1622,     61.6982,      3.4953,      0.1885,      0.1556,     54.7193,      0.1888,      5.5063,     11.0126,      1.6686,     28.2086,     56.4172,      0.0190,      0.0027,      0.2500,      0.1979,   7583.7256,-484989.5000,   -999.2462,    539.1276,  25279.0859,
       1,     167,      71,      15,       1,       3,       1,     10.0000,      1.3875,     42.4056,    245.1622,     61.6982,      3.4953,      0.1888,      0.1559,     59.4339,      0.1905,      5.5063,     11.0126,      1.6835,     28.2086,     56.4172,      0.0190,      0.0030,      0.2500,      0.1979,   7583.7261,-492589.6875,  -1001.2670,    538.6158,  25279.0840,
       1,     167,      71,      16,       1,       3,       1,     10.0000,      1.3875,     42.4056,    245.1622,     61.6982,      3.4953,      0.1897,      0.1569,     69.9289,      0.1875,      5.5063,     11.0126,      1.6570,     28.2086,     56.4172,      0.0190,      0.0035,      0.2500,      0.1979,   7583.7256,-499296.0000,  -1003.0417,    538.1644,  25279.0840,
       1,     167,      71,      17,       1,       3,       1,     10.0000,      1.3875,     42.4056,    245.1622,     61.6982,      3.4953,      0.1908,      0.1583,     83.9099,      0.1799,      5.5063,     11.0126,      1.5894,     28.2086,     56.4172,      0.0190,      0.0042,      0.2500,      0.1979,   7583.7256,-513339.4062,  -1006.6237,    537.2200,  25279.0801,
       1,     167,      71,      18,       1,       3,       1,     10.0000,      1.3875,     42.4056,    245.1622,     61.6982,      3.4953,      0.1825,      0.1502,     94.7342,      0.1698,      5.5063,     11.0126,      1.5002,     28.2086,     56.4172,      0.0190,      0.0050,      0.2363,      0.1979,   7583.7241,-532496.5625,  -1011.5099,    535.9344,  25279.0820,
       1,     167,      71,      19,       1,       3,       1,     10.0000,      1.3875,     42.4056,    245.1622,     61.6982,      3.4953,      0.1426,      0.1107,     74.4811,      0.1596,      5.5063,     11.0126,      1.4100,     28.2086,     56.4172,      0.0190,      0.0051,      0.1799,      0.1978,   7583.7251,-548051.9375,  -1015.6072,    534.8937,  25279.0801,
       1,     167,      71,      20,       1,       3,       1,     10.0000,      1.3875,     42.4056,    245.1622,     61.6982,      3.4953,      0.0164,     -0.0153,      1.3171,      0.1530,      5.5063,     11.0126,      1.3519,     28.2086,     56.4172,      0.0190,      0.0052,      0.0031,      0.1978,   7583.7241,-523403.0625,  -1010.0135,    536.5429,  25279.0801,
       1,     167,      71,      21,       1,       3,       1,     10.0000,      1.3875,     42.4056,    245.1622,     61.6982,      3.4953,      0.0001,     -0.0315,      6.4508,      0.1508,      5.5063,     11.0126,      1.3330,     28.2086,     56.4172,      0.0190,      0.0051,      0.0156,      0.1979,   7583.7241,-427394.0000,   -986.9586,    542.9846,  25279.0781,
       1,     167,      71,      22,       1,       3,       1,     10.0000,      1.3875,     42.4056,    245.1622,     61.6982,      3.4953,      0.0000,     -0.0315,      6.0206,      0.1480,      5.5063,     11.0126,      1.3077,     28.2086,     56.4172,      0.0190,      0.0048,      0.0156,      0.1979,   7583.7236,-425763.2188,   -986.5719,    543.1340,  25279.0781,
       1,     167,      71,      23,       1,       3,       1,     10.0000,      1.3875,     42.4056,    245.1622,     61.6982,      3.4953,      0.0000,     -0.0315,      5.2767,      0.1477,      5.5063,     11.0126,      1.3051,     28.2086,     56.4172,      0.0190,      0.0042,      0.0156,      0.1979,   7583.7236,-425020.5625,   -986.3986,    543.1844,  25279.0781,
       1,     167,      71,      24,       1,       3,       1,     10.0000,      1.3875,     42.4056,    245.1622,     61.6982,      3.4953,      0.0000,     -0.0315,      4.6120,      0.1481,      5.5063,     11.0126,      1.3090,     28.2086,     56.4172,      0.0190,      0.0037,      0.0156,      0.1979,   7583.7236,-424002.8125,   -986.1573,    543.2535,  25279.0781,
       1,     167,      72,       1,       1,       3,       1,     10.0000,      1.3875,     42.4059,    245.1680,     61.6996,      3.4953,      0.0000,     -0.0315,      4.1002,      0.1478,      5.5059,     11.0119,      1.3064,     28.2178,     56.4357,      0.0190,      0.0033,      0.0156,      0.1980,   7583.7236,-423218.4688,   -986.3243,    543.3196,  25280.2168,
       1,     167,      72,       2,       1,       3,       1,     10.0000,      1.3875,     42.4059,    245.1680,     61.6996,      3.4953,      0.0000,     -0.0315,      3.7367,      0.1471,      5.5059,     11.0119,      1.2999,     28.2178,     56.4357,      0.0190,      0.0030,      0.0156,      0.1980,   7584.0654,-422340.9375,   -985.7646,    543.3792,  25280.2168,
       1,     167,      72,       3,       1,       3,       1,     10.0000,      1.3875,     42.4059,    245.1680,     61.6996,      3.4953,      0.0000,     -0.0314,      3.5131,      0.1442,      5.5059,     11.0119,      1.2739,     28.2178,     56.4357,      0.0190,      0.0028,      0.0156,      0.1980,   7584.0654,-421799.0312,   -985.6375,    543.4160,  25280.2168,
       1,     167,      72,       4,       1,       3,       1,     10.0000,      1.3875,     42.4059,    245.1680,     61.6996,      3.4953,      0.0000,     -0.0314,      3.4345,      0.1446,      5.5059,     11.0119,      1.2778,     28.2178,     56.4357,      0.0190,      0.0027,      0.0156,      0.1980,   7584.0654,-421465.3125,   -985.5602,    543.4387,  25280.2168,
       1,     167,      72,       5,       1,       3,       1,     10.0000,      1.3875,     42.4059,    245.1680,     61.6996,      3.4953,      0.0000,     -0.0313,      3.5399,      0.1423,      5.5059,     11.0119,      1.2573,     28.2178,     56.4357,      0.0190,      0.0028,      0.0156,      0.1980,   7584.0654,-421335.7500,   -985.5324,    543.4476,  25280.2168,
       1,     167,      72,       6,       1,       3,       1,     10.0000,      1.3875,     42.4059,    245.1680,     61.6996,      3.4953,      0.0000,     -0.0312,      3.5404,      0.1392,      5.5059,     11.0119,      1.2297,     28.2178,     56.4357,      0.0190,      0.0028,      0.0156,      0.1980,   7584.0654,-421459.3125,   -985.5662,    543.4391,  25280.2168,
       1,     167,      72,       7,       1,       3,       1,     10.0000,      1.3875,     42.4059,    245.1680,     61.6996,      3.4953,      0.0000,     -0.0311,      3.3407,      0.1380,      5.5059,     11.0119,      1.2198,     28.2178,     56.4357,      0.0190,      0.0027,      0.0156,      0.1980,   7584.0654,-421470.6875,   -985.5726,    543.4383,  25280.2168,
       1,     167,      72,       8,       1,       3,       1,     10.0000,      1.3875,     42.4059,    245.1680,     61.6996,      3.4953,      0.0039,     -0.0272,      3.1019,      0.1372,      5.5059,     11.0119,      1.2124,     28.2178,     56.4357,      0.0190,      0.0025,      0.0156,      0.1980,   7584.0654,-421216.0625,   -985.5145,    543.4556,  25280.2148,
       1,     167,      72,       9,       1,       3,       1,     10.0000,      1.3875,     42.4059,    245.1680,     61.6996,      3.4953,      0.1145,      0.0831,     28.9684,      0.1436,      5.5059,     11.0119,      1.2688,     28.2178,     56.4357,      0.0190,      0.0025,      0.1440,      0.1980,   7584.0649,-420888.0312,   -985.4390,    543.4780,  25280.2148,
       1,     167,      72,      10,       1,       3,       1,     10.0000,      1.3875,     42.4059,    245.1680,     61.6996,      3.4953,      0.1714,      0.1395,     47.6574,      0.1586,      5.5059,     11.0119,      1.4016,     28.2178,     56.4357,      0.0190,      0.0026,      0.2254,      0.1980,   7584.0649,-453993.9375,   -993.4980,    541.2289,  25280.2148,
       1,     167,      72,      11,       1,       3,       1,     10.0000,      1.3875,     42.4059,    245.1680,     61.6996,      3.4953,      0.1884,      0.1562,     51.5736,      0.1673,      5.5059,     11.0119,      1.4779,     28.2178,     56.4357,      0.0190,      0.0026,      0.2500,      0.1979,   7584.0649,-480838.9688,  -1000.0712,    539.4174,  25280.2148,
       1,     167,      72,      12,       1,       3,       1,     10.0000,      1.3875,     42.4059,    245.1680,     61.6996,      3.4953,      0.1886,      0.1562,     54.7589,      0.1732,      5.5059,     11.0119,      1.5304,     28.2178,     56.4357,      0.0190,      0.0027,      0.2500,      0.1979,   7584.0649,-488194.2812,  -1001.9619,    538.9244,  25280.2148,
       1,     167,      72,      13,       1,       3,       1,     10.0000,      1.3875,     42.4059,    245.1680,     61.6996,      3.4953,      0.1884,      0.1557,     53.6202,      0.1851,      5.5059,     11.0119,      1.6359,     28.2178,     56.4357,      0.0190,      0.0027,      0.2500,      0.1979,   7584.0649,-492913.6875,  -1003.2438,    538.6068,  25280.2148,
       1,     167,      72,      14,       1,       3,       1,     10.0000,      1.3875,     42.4059,    245.1680,     61.6996,      3.4953,      0.1889,      0.1560,     60.2046,      0.1898,      5.5059,     11.0119,      1.6769,     28.2178,     56.4357,      0.0190,      0.0030,      0.2500,      0.1979,   7584.0649,-491862.6875,  -1003.1418,    538.6776,  25280.2148,
       1,     167,      72,      15,       1,       3,       1,     10.0000,      1.3875,     42.4059,    245.1680,     61.6996,      3.4953,      0.1904,      0.1577,     79.3375,      0.1862,      5.5059,     11.0119,      1.6456,     28.2178,     56.4357,      0.0190,      0.0039,      0.2500,      0.1979,   7584.0649,-500215.0000,  -1005.3272,    538.1152,  25280.2129,
       1,     167,      72,      16,       1,       3,       1,     10.0000,      1.3875,     42.4059,    245.1680,     61.6996,      3.4953,      0.1916,      0.1589,     94.7422,      0.1848,      5.5059,     11.0119,      1.6326,     28.2178,     56.4357,      0.0190,      0.0047,      0.2500,      0.1979,   7584.0640,-525478.7500,  -1011.6719,    536.4162,  25280.2129,
       1,     167,      72,      17,       1,       3,       1,     10.0000,      1.3875,     42.4059,    245.1680,     61.6996,      3.4953,      0.1927,      0.1602,    107.4521,      0.1770,      5.5059,     11.0119,      1.5643,     28.2178,     56.4357,      0.0190,      0.0053,      0.2500,      0.1979,   7584.0640,-547441.7500,  -1017.3229,    534.9462,  25280.2148,
       1,     167,      72,      18,       1,       3,       1,     10.0000,      1.3875,     42.4059,    245.1680,     61.6996,      3.4953,      0.1578,      0.1256,     97.9863,      0.1681,      5.5059,     11.0119,      1.4853,     28.2178,     56.4357,      0.0190,      0.0061,      0.1996,      0.1978,   7584.0649,-565661.0625,  -1022.1623,    533.7299,  25280.2129,
       1,     167,      72,      19,       1,       3,       1,     10.0000,      1.3875,     42.4059,    245.1680,     61.6996,      3.4953,      0.1042,      0.0723,     60.8299,      0.1583,      5.5059,     11.0119,      1.3988,     28.2178,     56.4357,      0.0190,      0.0061,      0.1250,      0.1978,   7584.0640,-555088.5625,  -1020.0544,    534.4366,  25280.2129,
       1,     167,      72,      20,       1,       3,       1,     10.0000,      1.3875,     42.4059,    245.1680,     61.6996,      3.4953,      0.0186,     -0.0129,      2.9143,      0.1499,      5.5059,     11.0119,      1.3250,     28.2178,     56.4357,      0.0190,      0.0057,      0.0064,      0.1978,   7584.0640,-506475.8750,  -1008.5879,    537.6846,  25280.2090,
       1,     167,      72,      21,       1,       3,       1,     10.0000,      1.3875,     42.4059,    245.1680,     61.6996,      3.4953,      0.0000,     -0.0314,      6.9682,      0.1467,      5.5059,     11.0119,      1.2960,     28.2178,     56.4357,      0.0190,      0.0056,      0.0156,      0.1979,   7584.0630,-428012.2812,   -989.5832,    542.9681,  25280.2090,
       1,     167,      72,      22,       1,       3,       1,     10.0000,      1.3875,     42.4059,    245.1680,     61.6996,      3.4953,      0.0000,     -0.0315,      6.6420,      0.1467,      5.5059,     11.0119,      1.2960,     28.2178,     56.4357,      0.0190,      0.0053,      0.0156,      0.1980,   7584.0630,-426466.3438,   -989.2147,    543.0991,  25280.2090,
       1,     167,      72,      23,       1,       3,       1,     10.0000,      1.3875,     42.4059,    245.1680,     61.6996,      3.4953,      0.0000,     -0.0314,      6.2710,      0.1440,      5.5059,     11.0119,      1.2727,     28.2178,     56.4357,      0.0190,      0.0050,      0.0156,      0.1980,   7584.0630,-425880.6250,   -989.0789,    543.1389,  25280.2090,
       1,     167,      72,      24,       1,       3,       1,     10.0000,      1.3875,     42.4059,    245.1680,     61.6996,      3.4953,      0.0000,     -0.0313,      5.9371,      0.1436,      5.5059,     11.0119,      1.2688,     28.2178,     56.4357,      0.0190,      0.0047,      0.0156,      0.1980,   7584.0630,-425354.2812,   -988.9572,    543.1746,  25280.2090,
       1,     167,      73,       1,       1,       3,       1,     10.0000,      1.3876,     42.4063,    245.1738,     61.7011,      3.4953,      0.0000,     -0.0313,      5.3996,      0.1424,      5.5062,     11.0125,      1.2586,     28.2259,     56.4517,      0.0190,      0.0043,      0.0156,      0.1980,   7584.0630,-425036.5625,   -989.2413,    543.2089,  25281.3496,
       1,     167,      73,       2,       1,       3,       1,     10.0000,      1.3876,     42.4063,    245.1738,     61.7011,      3.4953,      0.0000,     -0.0313,      5.0489,      0.1414,      5.5062,     11.0125,      1.2498,     28.2259,     56.4517,      0.0190,      0.0040,      0.0156,      0.1980,   7584.4053,-424166.6875,   -988.6807,    543.2679,  25281.3496,
       1,     167,      73,       3,       1,       3,       1,     10.0000,      1.3876,     42.4063,    245.1738,     61.7011,      3.4953,      0.0000,     -0.0311,      4.7141,      0.1368,      5.5062,     11.0125,      1.2088,     28.2259,     56.4517,      0.0190,      0.0038,      0.0156,      0.1980,   7584.4053,-423641.7812,   -988.5579,    543.3036,  25281.3496,
       1,     167,      73,       4,       1,       3,       1,     10.0000,      1.3876,     42.4063,    245.1738,     61.7011,      3.4953,      0.0000,     -0.0312,      4.5537,      0.1406,      5.5062,     11.0125,      1.2422,     28.2259,     56.4517,      0.0190,      0.0036,      0.0156,      0.1980,   7584.4053,-423167.2188,   -988.4472,    543.3358,  25281.3477,
       1,     167,      73,       5,       1,       3,       1,     10.0000,      1.3876,     42.4063,    245.1738,     61.7011,      3.4953,      0.0000,     -0.0312,      4.3899,      0.1387,      5.5062,     11.0125,      1.2260,     28.2259,     56.4517,      0.0190,      0.0035,      0.0156,      0.1980,   7584.4048,-422920.7812,   -988.3924,    543.3525,  25281.3477,
       1,     167,      73,       6,       1,       3,       1,     10.0000,      1.3876,     42.4063,    245.1738,     61.7011,      3.4953,      0.0000,     -0.0309,      4.4012,      0.1327,      5.5062,     11.0125,      1.1726,     28.2259,     56.4517,      0.0190,      0.0035,      0.0156,      0.1980,   7584.4048,-422689.5938,   -988.3407,    543.3683,  25281.3477,
       1,     167,      73,       7,       1,       3,       1,     10.0000,      1.3876,     42.4063,    245.1738,     61.7011,      3.4953,      0.0000,     -0.0310,      4.2270,      0.1345,      5.5062,     11.0125,      1.1881,     28.2259,     56.4517,      0.0190,      0.0034,      0.0156,      0.1980,   7584.4048,-422683.8750,   -988.4089,    543.3687,  25281.3477,
       1,     167,      73,       8,       1,       3,       1,     10.0000,      1.3876,     42.4063,    245.1738,     61.7011,      3.4953,      0.0038,     -0.0274,      3.6045,      0.1386,      5.5062,     11.0125,      1.2248,     28.2259,     56.4517,      0.0190,      0.0029,      0.0156,      0.1980,   7584.4048,-422460.2188,   -988.3586,    543.3839,  25281.3477,
       1,     167,      73,       9,       1,       3,       1,     10.0000,      1.3876,     42.4063,    245.1738,     61.7011,      3.4953,      0.1173,      0.0862,     35.3756,      0.1386,      5.5062,     11.0125,      1.2248,     28.2259,     56.4517,      0.0190,      0.0030,      0.1475,      0.1980,   7584.4048,-421643.5000,   -988.1627,    543.4394,  25281.3477,
       1,     167,      73,      10,       1,       3,       1,     10.0000,      1.3876,     42.4063,    245.1738,     61.7011,      3.4953,      0.1775,      0.1460,     53.3031,      0.1483,      5.5062,     11.0125,      1.3104,     28.2259,     56.4517,      0.0190,      0.0028,      0.2336,      0.1980,   7584.4048,-462266.0000,   -999.1636,    540.6799,  25281.3496,
       1,     167,      73,      11,       1,       3,       1,     10.0000,      1.3876,     42.4063,    245.1738,     61.7011,      3.4953,      0.1879,      0.1556,     45.5536,      0.1720,      5.5062,     11.0125,      1.5198,     28.2259,     56.4517,      0.0190,      0.0023,      0.2500,      0.1980,   7584.4053,-488794.9062,  -1005.7134,    538.8939,  25281.3457,
       1,     167,      73,      12,       1,       3,       1,     10.0000,      1.3876,     42.4063,    245.1738,     61.7011,      3.4953,      0.1882,      0.1556,     51.1646,      0.1828,      5.5062,     11.0125,      1.6149,     28.2259,     56.4517,      0.0190,      0.0025,      0.2500,      0.1979,   7584.4038,-481161.8750,  -1003.9722,    539.4109,  25281.3477,
       1,     167,      73,      13,       1,       3,       1,     10.0000,      1.3876,     42.4063,    245.1738,     61.7011,      3.4953,      0.1889,      0.1560,     60.4043,      0.1917,      5.5062,     11.0125,      1.6936,     28.2259,     56.4517,      0.0190,      0.0030,      0.2500,      0.1979,   7584.4048,-487689.9062,  -1005.6690,    538.9711,  25281.3477,
       1,     167,      73,      14,       1,       3,       1,     10.0000,      1.3876,     42.4063,    245.1738,     61.7011,      3.4953,      0.1883,      0.1552,     53.1830,      0.1961,      5.5062,     11.0125,      1.7326,     28.2259,     56.4517,      0.0190,      0.0026,      0.2500,      0.1979,   7584.4048,-500102.5938,  -1009.0400,    538.1350,  25281.3477,
       1,     167,      73,      15,       1,       3,       1,     10.0000,      1.3876,     42.4063,    245.1738,     61.7011,      3.4953,      0.1886,      0.1556,     56.7240,      0.1926,      5.5062,     11.0125,      1.7020,     28.2259,     56.4517,      0.0190,      0.0028,      0.2500,      0.1979,   7584.4048,-491920.4688,  -1007.1972,    538.6861,  25281.3457,
       1,     167,      73,      16,       1,       3,       1,     10.0000,      1.3876,     42.4063,    245.1738,     61.7011,      3.4953,      0.1919,      0.1591,     98.9070,      0.1887,      5.5062,     11.0125,      1.6670,     28.2259,     56.4517,      0.0190,      0.0049,      0.2500,      0.1979,   7584.4038,-495751.6875,  -1008.2750,    538.4283,  25281.3457,
       1,     167,      73,      17,       1,       3,       1,     10.0000,      1.3876,     42.4063,    245.1738,     61.7011,      3.4953,      0.1929,      0.1603,    110.5145,      0.1811,      5.5062,     11.0125,      1.6006,     28.2259,     56.4517,      0.0190,      0.0055,      0.2500,      0.1979,   7584.4038,-550174.0625,  -1021.7971,    534.7657,  25281.3477,
       1,     167,      73,      18,       1,       3,       1,     10.0000,      1.3876,     42.4063,    245.1738,     61.7011,      3.4953,      0.1834,      0.1511,    109.8780,      0.1711,      5.5062,     11.0125,      1.5123,     28.2259,     56.4517,      0.0190,      0.0058,      0.2359,      0.1979,   7584.4048,-569828.3125,  -1027.0112,    533.4643,  25281.3438,
       1,     167,      73,      19,       1,       3,       1,     10.0000,      1.3876,     42.4063,    245.1738,     61.7011,      3.4953,      0.1440,      0.1120,     84.8447,      0.1618,      5.5062,     11.0125,      1.4300,     28.2259,     56.4517,      0.0190,      0.0058,      0.1808,      0.1978,   7584.4033,-570703.6250,  -1027.7097,    533.4075,  25281.3438,
       1,     167,      73,      20,       1,       3,       1,     10.0000,      1.3876,     42.4063,    245.1738,     61.7011,      3.4953,      0.0208,     -0.0108,      4.1839,      0.1515,      5.5062,     11.0125,      1.3384,     28.2259,     56.4517,      0.0190,      0.0056,      0.0093,      0.1978,   7584.4033,-538638.1250,  -1020.2972,    535.5455,  25281.3418,
       1,     167,      73,      21,       1,       3,       1,     10.0000,      1.3876,     42.4063,    245.1738,     61.7011,      3.4953,      0.0000,     -0.0315,      6.8050,      0.1484,      5.5062,     11.0125,      1.3117,     28.2259,     56.4517,      0.0190,      0.0054,      0.0156,      0.1979,   7584.4028,-432374.5000,   -994.4193,    542.6634,  25281.3418,
       1,     167,      73,      22,       1,       3,       1,     10.0000,      1.3876,     42.4063,    245.1738,     61.7011,      3.4953,      0.0000,     -0.0315,      6.5082,      0.1471,      5.5062,     11.0125,      1.2999,     28.2259,     56.4517,      0.0190,      0.0052,      0.0156,      0.1980,   7584.4028,-426666.5625,   -993.0135,    543.0981,  25281.3418,
       1,     167,      73,      23,       1,       3,       1,     10.0000,      1.3876,     42.4063,    245.1738,     61.7011,      3.4953,      0.0000,     -0.0314,      5.9739,      0.1456,      5.5062,     11.0125,      1.2869,     28.2259,     56.4517,      0.0190,      0.0048,      0.0156,      0.1980,   7584.4028,-425729.5625,   -992.7796,    543.1618,  25281.3418,
       1,     167,      73,      24,       1,       3,       1,     10.0000,      1.3876,     42.4063,    245.1738,     61.7011,      3.4953,      0.0000,     -0.0313,      5.1019,      0.1419,      5.5062,     11.0125,      1.2536,     28.2259,     56.4517,      0.0190,      0.0041,      0.0156,      0.1980,   7584.4028,-424963.6250,   -992.5880,    543.2139,  25281.3398,
       1,     167,      74,       1,       1,       3,       1,     10.0000,      1.3876,     42.4066,    245.1797,     61.7025,      3.4953,      0.0000,     -0.0312,      4.0699,      0.1400,      5.5063,     11.0126,      1.2372,     28.2356,     56.4712,      0.0190,      0.0032,      0.0156,      0.1980,   7584.4023,-423935.9688,   -992.6912,    543.2964,  25282.4805,
       1,     167,      74,       2,       1,       3,       1,     10.0000,      1.3876,     42.4066,    245.1797,     61.7025,      3.4953,      0.0000,     -0.0312,      3.5935,      0.1393,      5.5063,     11.0126,      1.2310,     28.2356,     56.4712,      0.0190,      0.0029,      0.0156,      0.1980,   7584.7446,-422371.1250,   -991.9474,    543.4027,  25282.4805,
       1,     167,      74,       3,       1,       3,       1,     10.0000,      1.3876,     42.4066,    245.1797,     61.7025,      3.4953,      0.0000,     -0.0312,      3.4410,      0.1396,      5.5063,     11.0126,      1.2335,     28.2356,     56.4712,      0.0190,      0.0027,      0.0156,      0.1980,   7584.7446,-421624.8750,   -991.7625,    543.4534,  25282.4805,
       1,     167,      74,       4,       1,       3,       1,     10.0000,      1.3876,     42.4066,    245.1797,     61.7025,      3.4953,      0.0000,     -0.0312,      3.1672,      0.1396,      5.5063,     11.0126,      1.2335,     28.2356,     56.4712,      0.0190,      0.0025,      0.0156,      0.1980,   7584.7446,-421364.6562,   -991.6970,    543.4711,  25282.4805,
       1,     167,      74,       5,       1,       3,       1,     10.0000,      1.3876,     42.4066,    245.1797,     61.7025,      3.4953,      0.0000,     -0.0313,      3.0316,      0.1419,      5.5063,     11.0126,      1.2536,     28.2356,     56.4712,      0.0190,      0.0024,      0.0156,      0.1980,   7584.7446,-420991.4062,   -991.6039,    543.4965,  25282.4805,
       1,     167,      74,       6,       1,       3,       1,     10.0000,      1.3876,     42.4066,    245.1797,     61.7025,      3.4953,      0.0000,     -0.0313,      2.8631,      0.1429,      5.5063,     11.0126,      1.2625,     28.2356,     56.4712,      0.0190,      0.0023,      0.0156,      0.1980,   7584.7446,-420785.2188,   -991.5522,    543.5104,  25282.4805,
       1,     167,      74,       7,       1,       3,       1,     10.0000,      1.3876,     42.4066,    245.1797,     61.7025,      3.4953,      0.0000,     -0.0311,      2.5081,      0.1375,      5.5063,     11.0126,      1.2149,     28.2356,     56.4712,      0.0190,      0.0020,      0.0156,      0.1980,   7584.7446,-420551.5625,   -991.4938,    543.5263,  25282.4805,
       1,     167,      74,       8,       1,       3,       1,     10.0000,      1.3876,     42.4066,    245.1797,     61.7025,      3.4953,      0.0037,     -0.0273,      2.4979,      0.1350,      5.5063,     11.0126,      1.1930,     28.2356,     56.4712,      0.0190,      0.0020,      0.0156,      0.1980,   7584.7446,-420076.5312,   -991.3760,    543.5585,  25282.4805,
       1,     167,      74,       9,       1,       3,       1,     10.0000,      1.3876,     42.4066,    245.1797,     61.7025,      3.4953,      0.1076,      0.0762,     22.7758,      0.1435,      5.5063,     11.0126,      1.2676,     28.2356,     56.4712,      0.0190,      0.0021,      0.1346,      0.1980,   7584.7446,-420022.2500,   -991.3619,    543.5623,  25282.4805,
       1,     167,      74,      10,       1,       3,       1,     10.0000,      1.3876,     42.4066,    245.1797,     61.7025,      3.4953,      0.1304,      0.0985,     31.1781,      0.1594,      5.5063,     11.0126,      1.4087,     28.2356,     56.4712,      0.0190,      0.0023,      0.1670,      0.1980,   7584.7446,-445986.3438,   -997.7743,    541.7982,  25282.4805,
       1,     167,      74,      11,       1,       3,       1,     10.0000,      1.3876,     42.4066,    245.1797,     61.7025,      3.4953,      0.1779,      0.1454,     45.8711,      0.1756,      5.5063,     11.0126,      1.5520,     28.2356,     56.4712,      0.0190,      0.0024,      0.2352,      0.1980,   7584.7446,-459017.5625,  -1001.0156,    540.9185,  25282.4805,
       1,     167,      74,      12,       1,       3,       1,     10.0000,      1.3876,     42.4066,    245.1797,     61.7025,      3.4953,      0.1881,      0.1551,     49.7363,      0.1917,      5.5063,     11.0126,      1.6937,     28.2356,     56.4712,      0.0190,      0.0025,      0.2500,      0.1980,   7584.7446,-478975.4688,  -1005.9910,    539.5698,  25282.4766,
       1,     167,      74,      13,       1,       3,       1,     10.0000,      1.3876,     42.4066,    245.1797,     61.7025,      3.4953,      0.1875,      0.1543,     42.4505,      0.1986,      5.5063,     11.0126,      1.7550,     28.2356,     56.4712,      0.0190,      0.0021,      0.2500,      0.1980,   7584.7432,-485666.9375,  -1007.7318,    539.1201,  25282.4785,
       1,     167,      74,      14,       1,       3,       1,     10.0000,      1.3876,     42.4066,    245.1797,     61.7025,      3.4953,      0.1883,      0.1549,     54.6897,      0.2078,      5.5063,     11.0126,      1.8364,     28.2356,     56.4712,      0.0190,      0.0027,      0.2500,      0.1980,   7584.7437,-476905.7188,  -1005.6777,    539.7107,  25282.4785,
       1,     167,      74,      15,       1,       3,       1,     10.0000,      1.3876,     42.4066,    245.1797,     61.7025,      3.4953,      0.1897,      0.1564,     72.0569,      0.2048,      5.5063,     11.0126,      1.8095,     28.2356,     56.4712,      0.0190,      0.0036,      0.2500,      0.1980,   7584.7437,-491834.2500,  -1009.4460,    538.7039,  25282.4766,
       1,     167,      74,      16,       1,       3,       1,     10.0000,      1.3876,     42.4066,    245.1797,     61.7025,      3.4953,      0.1917,      0.1585,     97.7163,      0.2022,      5.5063,     11.0126,      1.7865,     28.2356,     56.4712,      0.0190,      0.0049,      0.2500,      0.1980,   7584.7432,-515397.2500,  -1015.4135,    537.1182,  25282.4785,
       1,     167,      74,      17,       1,       3,       1,     10.0000,      1.3876,     42.4066,    245.1797,     61.7025,      3.4953,      0.1931,      0.1602,    119.1372,      0.1924,      5.5063,     11.0126,      1.7004,     28.2356,     56.4712,      0.0190,      0.0059,      0.2495,      0.1979,   7584.7437,-550354.6250,  -1024.3060,    534.7735,  25282.4785,
       1,     167,      74,      18,       1,       3,       1,     10.0000,      1.3876,     42.4066,    245.1797,     61.7025,      3.4953,      0.1743,      0.1417,    106.0280,      0.1792,      5.5063,     11.0126,      1.5832,     28.2356,     56.4712,      0.0190,      0.0059,      0.2229,      0.1979,   7584.7437,-580885.6250,  -1032.2623,    532.7377,  25282.4766,
       1,     167,      74,      19,       1,       3,       1,     10.0000,      1.3876,     42.4066,    245.1797,     61.7025,      3.4953,      0.0961,      0.0639,     57.6410,      0.1658,      5.5063,     11.0126,      1.4648,     28.2356,     56.4712,      0.0190,      0.0063,      0.1133,      0.1979,   7584.7432,-566706.0000,  -1029.2811,    533.6858,  25282.4766,
       1,     167,      74,      20,       1,       3,       1,     10.0000,      1.3876,     42.4066,    245.1797,     61.7025,      3.4953,      0.0196,     -0.0121,      3.8698,      0.1528,      5.5063,     11.0126,      1.3506,     28.2356,     56.4712,      0.0190,      0.0064,      0.0076,      0.1979,   7584.7432,-503365.0938,  -1014.0256,    537.9120,  25282.4746,
       1,     167,      74,      21,       1,       3,       1,     10.0000,      1.3876,     42.4066,    245.1797,     61.7025,      3.4953,      0.0000,     -0.0315,      7.3783,      0.1473,      5.5063,     11.0126,      1.3012,     28.2356,     56.4712,      0.0190,      0.0059,      0.0156,      0.1980,   7584.7427,-428986.0625,   -995.7284,    542.9302,  25282.4746,
       1,     167,      74,      22,       1,       3,       1,     10.0000,      1.3876,     42.4066,    245.1797,     61.7025,      3.4953,      0.0000,     -0.0314,      7.1254,      0.1456,      5.5063,     11.0126,      1.2869,     28.2356,     56.4712,      0.0190,      0.0057,      0.0156,      0.1980,   7584.7427,-427078.3125,   -995.2561,    543.0831,  25282.4746,
       1,     167,      74,      23,       1,       3,       1,     10.0000,      1.3876,     42.4066,    245.1797,     61.7025,      3.4953,      0.0000,     -0.0314,      6.3416,      0.1452,      5.5063,     11.0126,      1.2830,     28.2356,     56.4712,      0.0190,      0.0051,      0.0156,      0.1980,   7584.7427,-426558.5938,   -995.1269,    543.1183,  25282.4746,
       1,     167,      74,      24,       1,       3,       1,     10.0000,      1.3876,     42.4066,    245.1797,     61.7025,      3.4953,      0.0000,     -0.0314,      5.8694,      0.1452,      5.5063,     11.0126,      1.2830,     28.2356,     56.4712,      0.0190,      0.0047,      0.0156,      0.1980,   7584.7427,-425509.5000,   -994.8665,    543.1896,  25282.4727,
       1,     167,      75,       1,       1,       3,       1,     10.0000,      1.3876,     42.4069,    245.1855,     61.7040,      3.4953,      0.0000,     -0.0314,      4.7617,      0.1435,      5.5068,     11.0136,      1.2676,     28.2423,     56.4846,      0.0190,      0.0038,      0.0156,      0.1981,   7584.7422,-424969.6250,   -995.0934,    543.2391,  25283.6133,
       1,     167,      75,       2,       1,       3,       1,     10.0000,      1.3876,     42.4069,    245.1855,     61.7040,      3.4953,      0.0000,     -0.0314,      4.3709,      0.1440,      5.5068,     11.0136,      1.2727,     28.2423,     56.4846,      0.0190,      0.0035,      0.0156,      0.1981,   7585.0845,-423350.0938,   -994.3323,    543.3491,  25283.6133,
       1,     167,      75,       3,       1,       3,       1,     10.0000,      1.3876,     42.4069,    245.1855,     61.7040,      3.4953,      0.0000,     -0.0313,      3.8424,      0.1429,      5.5068,     11.0136,      1.2625,     28.2423,     56.4846,      0.0190,      0.0031,      0.0156,      0.1981,   7585.0845,-422708.9688,   -994.1733,    543.3926,  25283.6133,
       1,     167,      75,       4,       1,       3,       1,     10.0000,      1.3876,     42.4069,    245.1855,     61.7040,      3.4953,      0.0000,     -0.0313,      3.4652,      0.1426,      5.5068,     11.0136,      1.2600,     28.2423,     56.4846,      0.0190,      0.0028,      0.0156,      0.1981,   7585.0845,-421976.3438,   -993.9919,    543.4425,  25283.6133,
       1,     167,      75,       5,       1,       3,       1,     10.0000,      1.3876,     42.4069,    245.1855,     61.7040,      3.4953,      0.0000,     -0.0313,      3.6966,      0.1423,      5.5068,     11.0136,      1.2574,     28.2423,     56.4846,      0.0190,      0.0029,      0.0156,      0.1981,   7585.0845,-421429.5312,   -993.8564,    543.4796,  25283.6133,
       1,     167,      75,       6,       1,       3,       1,     10.0000,      1.3876,     42.4069,    245.1855,     61.7040,      3.4953,      0.0000,     -0.0313,      3.4396,      0.1414,      5.5068,     11.0136,      1.2498,     28.2423,     56.4846,      0.0190,      0.0027,      0.0156,      0.1981,   7585.0845,-421678.3438,   -993.9182,    543.4627,  25283.6133,
       1,     167,      75,       7,       1,       3,       1,     10.0000,      1.3876,     42.4069,    245.1855,     61.7040,      3.4953,      0.0000,     -0.0313,      3.6239,      0.1412,      5.5068,     11.0136,      1.2473,     28.2423,     56.4846,      0.0190,      0.0029,      0.0156,      0.1981,   7585.0845,-421370.8125,   -993.8423,    543.4836,  25283.6133,
       1,     167,      75,       8,       1,       3,       1,     10.0000,      1.3876,     42.4069,    245.1855,     61.7040,      3.4953,      0.0052,     -0.0260,      3.5246,      0.1382,      5.5068,     11.0136,      1.2211,     28.2423,     56.4846,      0.0190,      0.0028,      0.0156,      0.1981,   7585.0845,-421580.1562,   -993.8943,    543.4694,  25283.6133,
       1,     167,      75,       9,       1,       3,       1,     10.0000,      1.3876,     42.4069,    245.1855,     61.7040,      3.4953,      0.0983,      0.0669,     27.0498,      0.1467,      5.5068,     11.0136,      1.2960,     28.2423,     56.4846,      0.0190,      0.0028,      0.1206,      0.1981,   7585.0845,-421471.1875,   -993.8674,    543.4768,  25283.6133,
       1,     167,      75,      10,       1,       3,       1,     10.0000,      1.3876,     42.4069,    245.1855,     61.7040,      3.4953,      0.1726,      0.1406,     54.0071,      0.1617,      5.5068,     11.0136,      1.4286,     28.2423,     56.4846,      0.0190,      0.0030,      0.2264,      0.1981,   7585.0845,-451586.2812,  -1001.3620,    541.4309,  25283.6133,
       1,     167,      75,      11,       1,       3,       1,     10.0000,      1.3876,     42.4069,    245.1855,     61.7040,      3.4953,      0.1892,      0.1569,     62.0907,      0.1720,      5.5068,     11.0136,      1.5199,     28.2423,     56.4846,      0.0190,      0.0031,      0.2500,      0.1980,   7585.0845,-488751.0938,  -1010.6422,    538.9195,  25283.6113,
       1,     167,      75,      12,       1,       3,       1,     10.0000,      1.3876,     42.4069,    245.1855,     61.7040,      3.4953,      0.1895,      0.1568,     66.6879,      0.1826,      5.5068,     11.0136,      1.6134,     28.2423,     56.4846,      0.0190,      0.0033,      0.2500,      0.1980,   7585.0835,-502352.0000,  -1014.1579,    538.0090,  25283.6113,
       1,     167,      75,      13,       1,       3,       1,     10.0000,      1.3876,     42.4069,    245.1855,     61.7040,      3.4953,      0.1895,      0.1567,     67.4612,      0.1879,      5.5068,     11.0136,      1.6605,     28.2423,     56.4846,      0.0190,      0.0034,      0.2500,      0.1980,   7585.0835,-509420.1562,  -1016.1035,    537.5345,  25283.6133,
       1,     167,      75,      14,       1,       3,       1,     10.0000,      1.3876,     42.4069,    245.1855,     61.7040,      3.4953,      0.1899,      0.1569,     73.2030,      0.1940,      5.5068,     11.0136,      1.7139,     28.2423,     56.4846,      0.0190,      0.0036,      0.2500,      0.1980,   7585.0845,-511023.4062,  -1016.7172,    537.4270,  25283.6133,
       1,     167,      75,      15,       1,       3,       1,     10.0000,      1.3876,     42.4069,    245.1855,     61.7040,      3.4953,      0.1916,      0.1586,     95.4147,      0.1955,      5.5068,     11.0136,      1.7275,     28.2423,     56.4846,      0.0190,      0.0047,      0.2500,      0.1980,   7585.0845,-518524.7188,  -1018.8113,    536.9231,  25283.6094,
       1,     167,      75,      16,       1,       3,       1,     10.0000,      1.3876,     42.4069,    245.1855,     61.7040,      3.4953,      0.1931,      0.1601,    114.7679,      0.1959,      5.5068,     11.0136,      1.7309,     28.2423,     56.4846,      0.0190,      0.0057,      0.2500,      0.1980,   7585.0830,-547660.8750,  -1026.3395,    534.9678,  25283.6133,
       1,     167,      75,      17,       1,       3,       1,     10.0000,      1.3876,     42.4069,    245.1855,     61.7040,      3.4953,      0.1908,      0.1579,    117.1466,      0.1888,      5.5068,     11.0136,      1.6687,     28.2423,     56.4846,      0.0190,      0.0059,      0.2462,      0.1979,   7585.0845,-575026.9375,  -1033.5542,    533.1414,  25283.6074,
       1,     167,      75,      18,       1,       3,       1,     10.0000,      1.3876,     42.4069,    245.1855,     61.7040,      3.4953,      0.1791,      0.1463,    108.6204,      0.1848,      5.5068,     11.0136,      1.6327,     28.2423,     56.4846,      0.0190,      0.0059,      0.2298,      0.1979,   7585.0825,-580457.3750,  -1035.4238,    532.7825,  25283.6074,
       1,     167,      75,      19,       1,       3,       1,     10.0000,      1.3876,     42.4069,    245.1855,     61.7040,      3.4953,      0.1188,      0.0864,     70.1500,      0.1749,      5.5068,     11.0136,      1.5459,     28.2423,     56.4846,      0.0190,      0.0060,      0.1453,      0.1979,   7585.0825,-569978.5625,  -1033.3409,    533.4805,  25283.6074,
       1,     167,      75,      20,       1,       3,       1,     10.0000,      1.3876,     42.4069,    245.1855,     61.7040,      3.4953,      0.0169,     -0.0149,      1.7575,      0.1574,      5.5068,     11.0136,      1.3905,     28.2423,     56.4846,      0.0190,      0.0059,      0.0037,      0.1979,   7585.0825,-519694.2188,  -1021.2274,    536.8342,  25283.6055,
       1,     167,      75,      21,       1,       3,       1,     10.0000,      1.3876,     42.4069,    245.1855,     61.7040,      3.4953,      0.0000,     -0.0314,      7.3465,      0.1451,      5.5068,     11.0136,      1.2818,     28.2423,     56.4846,      0.0190,      0.0059,      0.0156,      0.1980,   7585.0820,-427665.2500,   -998.3946,    543.0204,  25283.6055,
       1,     167,      75,      22,       1,       3,       1,     10.0000,      1.3876,     42.4069,    245.1855,     61.7040,      3.4953,      0.0000,     -0.0312,      6.8672,      0.1385,      5.5068,     11.0136,      1.2236,     28.2423,     56.4846,      0.0190,      0.0055,      0.0156,      0.1980,   7585.0820,-426941.5938,   -998.2169,    543.1052,  25283.6055,
       1,     167,      75,      23,       1,       3,       1,     10.0000,      1.3876,     42.4069,    245.1855,     61.7040,      3.4953,      0.0000,     -0.0311,      7.9439,      0.1361,      5.5068,     11.0136,      1.2027,     28.2423,     56.4846,      0.0190,      0.0063,      0.0156,      0.1980,   7585.0820,-426219.1562,   -998.0378,    543.1543,  25283.6055,
       1,     167,      75,      24,       1,       3,       1,     10.0000,      1.3876,     42.4069,    245.1855,     61.7040,      3.4953,      0.0000,     -0.0310,      7.4450,      0.1328,      5.5068,     11.0136,      1.1738,     28.2423,     56.4846,      0.0190,      0.0059,      0.0156,      0.1981,   7585.0820,-427535.0625,   -998.3695,    543.0650,  25283.6055,
       1,     167,      76,       1,       1,       3,       1,     10.0000,      1.3876,     42.4073,    245.1913,     61.7054,      3.4953,      0.0000,     -0.0311,      6.9116,      0.1353,      5.5065,     11.0130,      1.1955,     28.2507,     56.5014,      0.0190,      0.0055,      0.0156,      0.1981,   7585.0820,-427165.9375,   -998.6428,    543.1028,  25284.7461,
       1,     167,      76,       2,       1,       3,       1,     10.0000,      1.3876,     42.4073,    245.1913,     61.7054,      3.4953,      0.0000,     -0.0310,      5.8642,      0.1342,      5.5065,     11.0130,      1.1858,     28.2507,     56.5014,      0.0190,      0.0047,      0.0156,      0.1981,   7585.4243,-426297.0938,   -998.0646,    543.1617,  25284.7461,
       1,     167,      76,       3,       1,       3,       1,     10.0000,      1.3876,     42.4073,    245.1913,     61.7054,      3.4953,      0.0000,     -0.0308,      5.1019,      0.1281,      5.5065,     11.0130,      1.1317,     28.2507,     56.5014,      0.0190,      0.0041,      0.0156,      0.1981,   7585.4243,-424880.4375,   -997.7120,    543.2580,  25284.7461,
       1,     167,      76,       4,       1,       3,       1,     10.0000,      1.3876,     42.4073,    245.1913,     61.7054,      3.4953,      0.0000,     -0.0308,      4.4936,      0.1285,      5.5065,     11.0130,      1.1352,     28.2507,     56.5014,      0.0190,      0.0036,      0.0156,      0.1981,   7585.4243,-423781.1875,   -997.4388,    543.3326,  25284.7461,
       1,     167,      76,       5,       1,       3,       1,     10.0000,      1.3876,     42.4073,    245.1913,     61.7054,      3.4953,      0.0000,     -0.0309,      4.0741,      0.1326,      5.5065,     11.0130,      1.1715,     28.2507,     56.5014,      0.0190,      0.0032,      0.0156,      0.1981,   7585.4243,-422906.5938,   -997.2213,    543.3920,  25284.7441,
       1,     167,      76,       6,       1,       3,       1,     10.0000,      1.3876,     42.4073,    245.1913,     61.7054,      3.4953,      0.0000,     -0.0309,      4.3567,      0.1315,      5.5065,     11.0130,      1.1620,     28.2507,     56.5014,      0.0190,      0.0035,      0.0156,      0.1981,   7585.4233,-422293.8438,   -997.0703,    543.4337,  25284.7441,
       1,     167,      76,       7,       1,       3,       1,     10.0000,      1.3876,     42.4073,    245.1913,     61.7054,      3.4953,      0.0000,     -0.0309,      4.0903,      0.1318,      5.5065,     11.0130,      1.1644,     28.2507,     56.5014,      0.0190,      0.0033,      0.0156,      0.1981,   7585.4233,-422602.3438,   -997.1494,    543.4127,  25284.7441,
       1,     167,      76,       8,       1,       3,       1,     10.0000,      1.3876,     42.4073,    245.1913,     61.7054,      3.4953,      0.0050,     -0.0259,      3.5152,      0.1311,      5.5065,     11.0130,      1.1585,     28.2507,     56.5014,      0.0190,      0.0028,      0.0156,      0.1981,   7585.4233,-422288.0000,   -997.0723,    543.4340,  25284.7441,
       1,     167,      76,       9,       1,       3,       1,     10.0000,      1.3876,     42.4073,    245.1913,     61.7054,      3.4953,      0.0988,      0.0679,     29.4221,      0.1330,      5.5065,     11.0130,      1.1750,     28.2507,     56.5014,      0.0190,      0.0030,      0.1212,      0.1981,   7585.4233,-421524.4688,   -996.8826,    543.4858,  25284.7441,
       1,     167,      76,      10,       1,       3,       1,     10.0000,      1.3876,     42.4073,    245.1913,     61.7054,      3.4953,      0.1715,      0.1404,     61.2598,      0.1364,      5.5065,     11.0130,      1.2052,     28.2507,     56.5014,      0.0190,      0.0034,      0.2238,      0.1981,   7585.4233,-454628.5000,  -1005.2011,    541.2369,  25284.7422,
       1,     167,      76,      11,       1,       3,       1,     10.0000,      1.3876,     42.4073,    245.1913,     61.7054,      3.4953,      0.1900,      0.1585,     69.3936,      0.1467,      5.5065,     11.0130,      1.2961,     28.2507,     56.5014,      0.0190,      0.0035,      0.2500,      0.1981,   7585.4229,-498304.4688,  -1016.2129,    538.2867,  25284.7441,
       1,     167,      76,      12,       1,       3,       1,     10.0000,      1.3876,     42.4073,    245.1913,     61.7054,      3.4953,      0.1907,      0.1589,     80.1095,      0.1585,      5.5065,     11.0130,      1.4003,     28.2507,     56.5014,      0.0190,      0.0040,      0.2500,      0.1980,   7585.4233,-512539.3125,  -1019.9557,    537.3369,  25284.7441,
       1,     167,      76,      13,       1,       3,       1,     10.0000,      1.3876,     42.4073,    245.1913,     61.7054,      3.4953,      0.1904,      0.1583,     77.1952,      0.1653,      5.5065,     11.0130,      1.4605,     28.2507,     56.5014,      0.0190,      0.0038,      0.2500,      0.1980,   7585.4233,-527504.6875,  -1023.9475,    536.3326,  25284.7461,
       1,     167,      76,      14,       1,       3,       1,     10.0000,      1.3876,     42.4073,    245.1913,     61.7054,      3.4953,      0.1903,      0.1582,     76.1617,      0.1674,      5.5065,     11.0130,      1.4796,     28.2507,     56.5014,      0.0190,      0.0038,      0.2500,      0.1980,   7585.4243,-525065.1875,  -1023.6271,    536.4971,  25284.7441,
       1,     167,      76,      15,       1,       3,       1,     10.0000,      1.3876,     42.4073,    245.1913,     61.7054,      3.4953,      0.1897,      0.1575,     68.0238,      0.1674,      5.5065,     11.0130,      1.4796,     28.2507,     56.5014,      0.0190,      0.0034,      0.2500,      0.1980,   7585.4233,-523527.8125,  -1023.5271,    536.6002,  25284.7422,
       1,     167,      76,      16,       1,       3,       1,     10.0000,      1.3876,     42.4073,    245.1913,     61.7054,      3.4953,      0.1913,      0.1591,     88.0462,      0.1666,      5.5065,     11.0130,      1.4722,     28.2507,     56.5014,      0.0190,      0.0044,      0.2500,      0.1980,   7585.4229,-512958.8750,  -1021.1439,    537.3091,  25284.7402,
       1,     167,      76,      17,       1,       3,       1,     10.0000,      1.3876,     42.4073,    245.1913,     61.7054,      3.4953,      0.1925,      0.1604,    103.1404,      0.1646,      5.5065,     11.0130,      1.4546,     28.2507,     56.5014,      0.0190,      0.0051,      0.2500,      0.1980,   7585.4224,-537717.0625,  -1027.6233,    535.6467,  25284.7402,
       1,     167,      76,      18,       1,       3,       1,     10.0000,      1.3876,     42.4073,    245.1913,     61.7054,      3.4953,      0.1778,      0.1458,    103.4423,      0.1604,      5.5065,     11.0130,      1.4173,     28.2507,     56.5014,      0.0190,      0.0056,      0.2283,      0.1980,   7585.4224,-559230.6875,  -1033.3931,    534.2089,  25284.7402,
       1,     167,      76,      19,       1,       3,       1,     10.0000,      1.3876,     42.4073,    245.1913,     61.7054,      3.4953,      0.1318,      0.1000,     73.5353,      0.1550,      5.5065,     11.0130,      1.3698,     28.2507,     56.5014,      0.0190,      0.0056,      0.1641,      0.1979,   7585.4224,-561484.2500,  -1034.4011,    534.0603,  25284.7383,
       1,     167,      76,      20,       1,       3,       1,     10.0000,      1.3876,     42.4073,    245.1913,     61.7054,      3.4953,      0.0248,     -0.0067,      6.4091,      0.1470,      5.5065,     11.0130,      1.2987,     28.2507,     56.5014,      0.0190,      0.0053,      0.0151,      0.1979,   7585.4219,-523300.6562,  -1025.1934,    536.6093,  25284.7383,
       1,     167,      76,      21,       1,       3,       1,     10.0000,      1.3876,     42.4073,    245.1913,     61.7054,      3.4953,      0.0000,     -0.0312,      6.2104,      0.1389,      5.5065,     11.0130,      1.2273,     28.2507,     56.5014,      0.0190,      0.0049,      0.0156,      0.1980,   7585.4219,-433934.0938,  -1002.8419,    542.6098,  25284.7383,
       1,     167,      76,      22,       1,       3,       1,     10.0000,      1.3876,     42.4073,    245.1913,     61.7054,      3.4953,      0.0000,     -0.0312,      6.2435,      0.1392,      5.5065,     11.0130,      1.2298,     28.2507,     56.5014,      0.0190,      0.0050,      0.0156,      0.1981,   7585.4219,-426031.2188,  -1000.8525,    543.1794,  25284.7383,
       1,     167,      76,      23,       1,       3,       1,     10.0000,      1.3876,     42.4073,    245.1913,     61.7054,      3.4953,      0.0000,     -0.0310,      5.9991,      0.1341,      5.5065,     11.0130,      1.1846,     28.2507,     56.5014,      0.0190,      0.0048,      0.0156,      0.1981,   7585.4219,-425344.2500,  -1000.6827,    543.2264,  25284.7383,
       1,     167,      76,      24,       1,       3,       1,     10.0000,      1.3876,     42.4073,    245.1913,     61.7054,      3.4953,      0.0000,     -0.0305,      5.4449,      0.1213,      5.5065,     11.0130,      1.0723,     28.2507,     56.5014,      0.0190,      0.0043,      0.0156,      0.1981,   7585.4219,-424971.3125,  -1001.0447,    543.2518,  25284.7383,
       1,     167,      77,       1,       1,       3,       1,     10.0000,      1.3877,     42.4076,    245.1971,     61.7069,      3.4953,      0.0000,     -0.0307,      4.9166,      0.1251,      5.5068,     11.0137,      1.1056,     28.2601,     56.5202,      0.0190,      0.0039,      0.0156,      0.1981,   7585.4219,-424384.9062,  -1001.2627,    543.3044,  25285.8770,
       1,     167,      77,       2,       1,       3,       1,     10.0000,      1.3877,     42.4076,    245.1971,     61.7069,      3.4953,      0.0000,     -0.0308,      4.2679,      0.1279,      5.5068,     11.0137,      1.1306,     28.2601,     56.5202,      0.0190,      0.0034,      0.0156,      0.1981,   7585.7632,-423504.2812,  -1000.6743,    543.3642,  25285.8770,
       1,     167,      77,       3,       1,       3,       1,     10.0000,      1.3877,     42.4076,    245.1971,     61.7069,      3.4953,      0.0000,     -0.0308,      4.1046,      0.1282,      5.5068,     11.0137,      1.1329,     28.2601,     56.5202,      0.0190,      0.0033,      0.0156,      0.1981,   7585.7632,-422597.1562,  -1000.4445,    543.4258,  25285.8770,
       1,     167,      77,       4,       1,       3,       1,     10.0000,      1.3877,     42.4076,    245.1971,     61.7069,      3.4953,      0.0000,     -0.0308,      3.7332,      0.1291,      5.5068,     11.0137,      1.1410,     28.2601,     56.5202,      0.0190,      0.0030,      0.0156,      0.1981,   7585.7632,-422309.1875,  -1000.3715,    543.4454,  25285.8770,
       1,     167,      77,       5,       1,       3,       1,     10.0000,      1.3877,     42.4076,    245.1971,     61.7069,      3.4953,      0.0000,     -0.0308,      2.0170,      0.1287,      5.5068,     11.0137,      1.1375,     28.2601,     56.5202,      0.0190,      0.0016,      0.0156,      0.1981,   7585.7632,-421808.5938,  -1000.2445,    543.4794,  25285.8770,
       1,     167,      77,       6,       1,       3,       1,     10.0000,      1.3877,     42.4076,    245.1971,     61.7069,      3.4953,      0.0000,     -0.0309,      2.8129,      0.1314,      5.5068,     11.0137,      1.1608,     28.2601,     56.5202,      0.0190,      0.0022,      0.0156,      0.1981,   7585.7632,-419568.0938,   -999.6787,    543.6317,  25285.8770,
       1,     167,      77,       7,       1,       3,       1,     10.0000,      1.3877,     42.4076,    245.1971,     61.7069,      3.4953,      0.0000,     -0.0309,      3.1166,      0.1304,      5.5068,     11.0137,      1.1526,     28.2601,     56.5202,      0.0190,      0.0025,      0.0156,      0.1981,   7585.7632,-420391.9688,   -999.8864,    543.5756,  25285.8770,
       1,     167,      77,       8,       1,       3,       1,     10.0000,      1.3877,     42.4076,    245.1971,     61.7069,      3.4953,      0.0045,     -0.0264,      3.2410,      0.1314,      5.5068,     11.0137,      1.1608,     28.2601,     56.5202,      0.0190,      0.0026,      0.0156,      0.1981,   7585.7632,-420852.5312,  -1000.0027,    543.5443,  25285.8770,
       1,     167,      77,       9,       1,       3,       1,     10.0000,      1.3877,     42.4076,    245.1971,     61.7069,      3.4953,      0.1076,      0.0765,     30.3381,      0.1360,      5.5068,     11.0137,      1.2016,     28.2601,     56.5202,      0.0190,      0.0028,      0.1339,      0.1981,   7585.7632,-421051.8750,  -1000.0526,    543.5308,  25285.8770,
       1,     167,      77,      10,       1,       3,       1,     10.0000,      1.3877,     42.4076,    245.1971,     61.7069,      3.4953,      0.1751,      0.1441,     54.5770,      0.1335,      5.5068,     11.0137,      1.1798,     28.2601,     56.5202,      0.0190,      0.0030,      0.2298,      0.1981,   7585.7632,-455759.0625,  -1008.8484,    541.1727,  25285.8770,
       1,     167,      77,      11,       1,       3,       1,     10.0000,      1.3877,     42.4076,    245.1971,     61.7069,      3.4953,      0.1896,      0.1581,     63.6705,      0.1456,      5.5068,     11.0137,      1.2870,     28.2601,     56.5202,      0.0190,      0.0032,      0.2500,      0.1981,   7585.7632,-489838.1250,  -1018.6799,    538.8725,  25285.8770,
       1,     167,      77,      12,       1,       3,       1,     10.0000,      1.3877,     42.4076,    245.1971,     61.7069,      3.4953,      0.1896,      0.1576,     66.4673,      0.1620,      5.5068,     11.0137,      1.4316,     28.2601,     56.5202,      0.0190,      0.0033,      0.2500,      0.1980,   7585.7632,-504457.1875,  -1022.5009,    537.8927,  25285.8789,
       1,     167,      77,      13,       1,       3,       1,     10.0000,      1.3877,     42.4076,    245.1971,     61.7069,      3.4953,      0.1895,      0.1581,     62.4317,      0.1445,      5.5068,     11.0137,      1.2767,     28.2601,     56.5202,      0.0190,      0.0031,      0.2500,      0.1980,   7585.7642,-509305.4062,  -1023.9013,    537.5676,  25285.8730,
       1,     167,      77,      14,       1,       3,       1,     10.0000,      1.3877,     42.4076,    245.1971,     61.7069,      3.4953,      0.1896,      0.1585,     63.3885,      0.1368,      5.5068,     11.0137,      1.2089,     28.2601,     56.5202,      0.0190,      0.0032,      0.2500,      0.1980,   7585.7622,-504552.0625,  -1022.8826,    537.8870,  25285.8750,
       1,     167,      77,      15,       1,       3,       1,     10.0000,      1.3877,     42.4076,    245.1971,     61.7069,      3.4953,      0.1886,      0.1579,     48.8854,      0.1260,      5.5068,     11.0137,      1.1135,     28.2601,     56.5202,      0.0190,      0.0024,      0.2500,      0.1980,   7585.7627,-505366.7500,  -1005.3334,    537.8324,  25285.9902,
       1,     167,      77,      16,       1,       3,       1,     10.0000,      1.3877,     42.4076,    245.1971,     61.7069,      3.4953,      0.1895,      0.1579,     63.7970,      0.1512,      5.5068,     11.0137,      1.3358,     28.2601,     56.5202,      0.0190,      0.0032,      0.2500,      0.1980,   7585.7974,-486832.3125,  -1004.8325,    539.0784,  25285.8730,
       1,     167,      77,      17,       1,       3,       1,     10.0000,      1.3877,     42.4076,    245.1971,     61.7069,      3.4953,      0.1922,      0.1602,     98.4530,      0.1601,      5.5068,     11.0137,      1.4145,     28.2601,     56.5202,      0.0190,      0.0049,      0.2500,      0.1980,   7585.7622,-504353.9375,  -1011.8096,    537.8992,  25285.2715,
       1,     167,      77,      18,       1,       3,       1,     10.0000,      1.3877,     42.4076,    245.1971,     61.7069,      3.4953,      0.1817,      0.1500,     58.8227,      0.1542,      5.5068,     11.0137,      1.3630,     28.2601,     56.5202,      0.0190,      0.0031,      0.2392,      0.1980,   7585.5815,-550370.4375,  -1025.2747,    534.8065,  25285.1680,
       1,     167,      77,      19,       1,       3,       1,     10.0000,      1.3877,     42.4076,    245.1971,     61.7069,      3.4953,      0.1384,      0.1069,     38.1931,      0.1491,      5.5068,     11.0137,      1.3172,     28.2601,     56.5202,      0.0190,      0.0027,      0.1780,      0.1980,   7585.5508,-503558.8750,  -1016.3011,    537.9448,  25285.8691,
       1,     167,      77,      20,       1,       3,       1,     10.0000,      1.3877,     42.4076,    245.1971,     61.7069,      3.4953,      0.0221,     -0.0091,      1.3181,      0.1392,      5.5068,     11.0137,      1.2298,     28.2601,     56.5202,      0.0190,      0.0014,      0.0121,      0.1980,   7585.7612,-472997.2812,  -1010.0507,    540.0090,  25285.8711,
       1,     167,      77,      21,       1,       3,       1,     10.0000,      1.3877,     42.4076,    245.1971,     61.7069,      3.4953,      0.0000,     -0.0308,      3.6488,      0.1283,      5.5068,     11.0137,      1.1341,     28.2601,     56.5202,      0.0190,      0.0029,      0.0156,      0.1981,   7585.7617,-423104.4688,   -998.8083,    543.3809,  25285.8711,
       1,     167,      77,      22,       1,       3,       1,     10.0000,      1.3877,     42.4076,    245.1971,     61.7069,      3.4953,      0.0000,     -0.0307,      5.3207,      0.1251,      5.5068,     11.0137,      1.1056,     28.2601,     56.5202,      0.0190,      0.0042,      0.0156,      0.1981,   7585.7617,-421783.7188,   -998.9622,    543.4810,  25285.8711,
       1,     167,      77,      23,       1,       3,       1,     10.0000,      1.3877,     42.4076,    245.1971,     61.7069,      3.4953,      0.0000,     -0.0306,      5.3595,      0.1246,      5.5068,     11.0137,      1.1011,     28.2601,     56.5202,      0.0190,      0.0043,      0.0156,      0.1981,   7585.7617,-423795.9062,  -1000.0652,    543.3444,  25285.8711,
       1,     167,      77,      24,       1,       3,       1,     10.0000,      1.3877,     42.4076,    245.1971,     61.7069,      3.4953,      0.0000,     -0.0306,      4.7704,      0.1222,      5.5068,     11.0137,      1.0800,     28.2601,     56.5202,      0.0190,      0.0038,      0.0156,      0.1981,   7585.7617,-424020.5312,  -1000.7277,    543.3291,  25285.8711,
       1,     167,      78,       1,       1,       3,       1,     10.0000,      1.3877,     42.4080,    245.2029,     61.7083,      3.4953,      0.0000,     -0.0305,      3.9860,      0.1214,      5.5068,     11.0135,      1.0723,     28.2699,     56.5397,      0.0190,      0.0032,      0.0156,      0.1981,   7585.7617,-423442.1562,  -1001.4547,    543.3812,  25287.0117,
       1,     167,      78,       2,       1,       3,       1,     10.0000,      1.3877,     42.4080,    245.2029,     61.7083,      3.4953,      0.0000,     -0.0305,      3.0939,      0.1215,      5.5068,     11.0135,      1.0734,     28.2699,     56.5397,      0.0190,      0.0025,      0.0156,      0.1981,   7586.1040,-422234.0312,  -1001.2522,    543.4632,  25287.0117,
       1,     167,      78,       3,       1,       3,       1,     10.0000,      1.3877,     42.4080,    245.2029,     61.7083,      3.4953,      0.0000,     -0.0304,      2.5612,      0.1178,      5.5068,     11.0135,      1.0410,     28.2699,     56.5397,      0.0190,      0.0020,      0.0156,      0.1981,   7586.1040,-420987.1250,  -1001.2584,    543.5480,  25287.0137,
       1,     167,      78,       4,       1,       3,       1,     10.0000,      1.3877,     42.4080,    245.2029,     61.7083,      3.4953,      0.0000,     -0.0304,      2.1994,      0.1181,      5.5068,     11.0135,      1.0431,     28.2699,     56.5397,      0.0190,      0.0018,      0.0156,      0.1981,   7586.1045,-420196.3438,  -1001.3027,    543.6017,  25287.0117,
       1,     167,      78,       5,       1,       3,       1,     10.0000,      1.3877,     42.4080,    245.2029,     61.7083,      3.4953,      0.0000,     -0.0304,      1.9589,      0.1185,      5.5068,     11.0135,      1.0474,     28.2699,     56.5397,      0.0190,      0.0016,      0.0156,      0.1981,   7586.1040,-419664.8438,  -1001.3687,    543.6379,  25287.0117,
       1,     167,      78,       6,       1,       3,       1,     10.0000,      1.3877,     42.4080,    245.2029,     61.7083,      3.4953,      0.0000,     -0.0304,      1.7544,      0.1172,      5.5068,     11.0135,      1.0357,     28.2699,     56.5397,      0.0190,      0.0014,      0.0156,      0.1981,   7586.1040,-419310.8125,  -1001.4487,    543.6619,  25287.0117,
       1,     167,      78,       7,       1,       3,       1,     10.0000,      1.3877,     42.4080,    245.2029,     61.7083,      3.4953,      0.0000,     -0.0304,      1.6091,      0.1178,      5.5068,     11.0135,      1.0410,     28.2699,     56.5397,      0.0190,      0.0013,      0.0156,      0.1981,   7586.1040,-419018.1875,  -1001.5209,    543.6818,  25287.0098,
       1,     167,      78,       8,       1,       3,       1,     10.0000,      1.3877,     42.4080,    245.2029,     61.7083,      3.4953,      0.0045,     -0.0258,      1.4935,      0.1141,      5.5068,     11.0135,      1.0085,     28.2699,     56.5397,      0.0190,      0.0012,      0.0156,      0.1981,   7586.1030,-418806.9688,  -1001.6008,    543.6962,  25287.0117,
       1,     167,      78,       9,       1,       3,       1,     10.0000,      1.3877,     42.4080,    245.2029,     61.7083,      3.4953,      0.1073,      0.0766,     13.8670,      0.1264,      5.5068,     11.0135,      1.1169,     28.2699,     56.5397,      0.0190,      0.0013,      0.1356,      0.1981,   7586.1040,-418640.4062,  -1001.6666,    543.7075,  25287.0098,
       1,     167,      78,      10,       1,       3,       1,     10.0000,      1.3877,     42.4080,    245.2029,     61.7083,      3.4953,      0.1702,      0.1384,     22.6000,      0.1550,      5.5068,     11.0135,      1.3698,     28.2699,     56.5397,      0.0190,      0.0012,      0.2265,      0.1981,   7586.1030,-434464.1250,  -1005.7051,    542.6320,  25287.0117,
       1,     167,      78,      11,       1,       3,       1,     10.0000,      1.3877,     42.4080,    245.2029,     61.7083,      3.4953,      0.1864,      0.1543,     26.3104,      0.1656,      5.5068,     11.0135,      1.4635,     28.2699,     56.5397,      0.0190,      0.0013,      0.2500,      0.1981,   7586.1040,-447024.2500,  -1009.2401,    541.7811,  25287.0117,
       1,     167,      78,      12,       1,       3,       1,     10.0000,      1.3877,     42.4080,    245.2029,     61.7083,      3.4953,      0.1866,      0.1541,     30.0752,      0.1772,      5.5068,     11.0135,      1.5661,     28.2699,     56.5397,      0.0190,      0.0015,      0.2500,      0.1981,   7586.1040,-452867.5312,  -1011.3813,    541.3860,  25287.0117,
       1,     167,      78,      13,       1,       3,       1,     10.0000,      1.3877,     42.4080,    245.2029,     61.7083,      3.4953,      0.1859,      0.1530,     21.8473,      0.1890,      5.5068,     11.0135,      1.6705,     28.2699,     56.5397,      0.0190,      0.0011,      0.2500,      0.1981,   7586.1040,-458196.0000,  -1013.5164,    541.0256,  25287.0137,
       1,     167,      78,      14,       1,       3,       1,     10.0000,      1.3877,     42.4080,    245.2029,     61.7083,      3.4953,      0.1870,      0.1540,     36.6319,      0.1932,      5.5068,     11.0135,      1.7073,     28.2699,     56.5397,      0.0190,      0.0018,      0.2500,      0.1981,   7586.1045,-448120.4375,  -1011.9774,    541.7072,  25287.0098,
       1,     167,      78,      15,       1,       3,       1,     10.0000,      1.3877,     42.4080,    245.2029,     61.7083,      3.4953,      0.1905,      0.1575,     80.6859,      0.1926,      5.5068,     11.0135,      1.7022,     28.2699,     56.5397,      0.0190,      0.0040,      0.2500,      0.1981,   7586.1030,-466180.0625,  -1017.0325,    540.4847,  25287.0117,
       1,     167,      78,      16,       1,       3,       1,     10.0000,      1.3877,     42.4080,    245.2029,     61.7083,      3.4953,      0.1829,      0.1500,     97.1573,      0.1892,      5.5068,     11.0135,      1.6722,     28.2699,     56.5397,      0.0190,      0.0051,      0.2368,      0.1981,   7586.1040,-524180.5312,  -1031.7300,    536.5676,  25287.0078,
       1,     167,      78,      17,       1,       3,       1,     10.0000,      1.3877,     42.4080,    245.2029,     61.7083,      3.4953,      0.1876,      0.1550,    118.6654,      0.1795,      5.5068,     11.0135,      1.5865,     28.2699,     56.5397,      0.0190,      0.0061,      0.2412,      0.1980,   7586.1025,-550370.3125,  -1038.9601,    534.8251,  25287.0117,
       1,     167,      78,      18,       1,       3,       1,     10.0000,      1.3877,     42.4080,    245.2029,     61.7083,      3.4953,      0.1672,      0.1348,    114.2922,      0.1730,      5.5068,     11.0135,      1.5291,     28.2699,     56.5397,      0.0190,      0.0067,      0.2115,      0.1980,   7586.1040,-580216.1875,  -1047.2175,    532.8326,  25287.0117,
       1,     167,      78,      19,       1,       3,       1,     10.0000,      1.3877,     42.4080,    245.2029,     61.7083,      3.4953,      0.1014,      0.0695,     69.2027,      0.1591,      5.5068,     11.0135,      1.4060,     28.2699,     56.5397,      0.0190,      0.0072,      0.1200,      0.1980,   7586.1040,-577197.5625,  -1047.5280,    533.0374,  25287.0098,
       1,     167,      78,      20,       1,       3,       1,     10.0000,      1.3877,     42.4080,    245.2029,     61.7083,      3.4953,      0.0165,     -0.0150,      1.9823,      0.1468,      5.5068,     11.0135,      1.2974,     28.2699,     56.5397,      0.0190,      0.0071,      0.0035,      0.1980,   7586.1030,-519071.2188,  -1034.2487,    536.9104,  25287.0078,
       1,     167,      78,      21,       1,       3,       1,     10.0000,      1.3877,     42.4080,    245.2029,     61.7083,      3.4953,      0.0000,     -0.0313,      8.4218,      0.1412,      5.5068,     11.0135,      1.2474,     28.2699,     56.5397,      0.0190,      0.0067,      0.0156,      0.1980,   7586.1025,-427912.8125,  -1012.4778,    543.0425,  25287.0059,
       1,     167,      78,      22,       1,       3,       1,     10.0000,      1.3877,     42.4080,    245.2029,     61.7083,      3.4953,      0.0000,     -0.0312,      7.2981,      0.1388,      5.5068,     11.0135,      1.2261,     28.2699,     56.5397,      0.0190,      0.0058,      0.0156,      0.1981,   7586.1021,-428346.8750,  -1012.7236,    543.0482,  25287.0059,
       1,     167,      78,      23,       1,       3,       1,     10.0000,      1.3877,     42.4080,    245.2029,     61.7083,      3.4953,      0.0000,     -0.0310,      7.0418,      0.1346,      5.5068,     11.0135,      1.1895,     28.2699,     56.5397,      0.0190,      0.0056,      0.0156,      0.1981,   7586.1021,-426901.0312,  -1012.4703,    543.1462,  25287.0059,
       1,     167,      78,      24,       1,       3,       1,     10.0000,      1.3877,     42.4080,    245.2029,     61.7083,      3.4953,      0.0000,     -0.0309,      5.4667,      0.1316,      5.5068,     11.0135,      1.1632,     28.2699,     56.5397,      0.0190,      0.0044,      0.0156,      0.1981,   7586.1021,-426447.3750,  -1012.4373,    543.1771,  25287.0059,
       1,     167,      79,       1,       1,       3,       1,     10.0000,      1.3877,     42.4083,    245.2087,     61.7098,      3.4953,      0.0000,     -0.0307,      4.1677,      0.1260,      5.5074,     11.0148,      1.1135,     28.2775,     56.5550,      0.0190,      0.0033,      0.0156,      0.1982,   7586.1021,-424547.5312,  -1012.3808,    543.3190,  25288.1504,
       1,     167,      79,       2,       1,       3,       1,     10.0000,      1.3877,     42.4083,    245.2087,     61.7098,      3.4953,      0.0000,     -0.0304,      3.4185,      0.1190,      5.5074,     11.0148,      1.0517,     28.2775,     56.5550,      0.0190,      0.0027,      0.0156,      0.1982,   7586.4453,-422565.5000,  -1011.5735,    543.4536,  25288.1484,
       1,     167,      79,       3,       1,       3,       1,     10.0000,      1.3877,     42.4083,    245.2087,     61.7098,      3.4953,      0.0000,     -0.0303,      3.0591,      0.1169,      5.5074,     11.0148,      1.0326,     28.2775,     56.5550,      0.0190,      0.0024,      0.0156,      0.1982,   7586.4448,-421434.2812,  -1011.3188,    543.5305,  25288.1484,
       1,     167,      79,       4,       1,       3,       1,     10.0000,      1.3877,     42.4083,    245.2087,     61.7098,      3.4953,      0.0000,     -0.0305,      2.6899,      0.1220,      5.5074,     11.0148,      1.0778,     28.2775,     56.5550,      0.0190,      0.0021,      0.0156,      0.1982,   7586.4448,-420876.0312,  -1011.1992,    543.5684,  25288.1504,
       1,     167,      79,       5,       1,       3,       1,     10.0000,      1.3877,     42.4083,    245.2087,     61.7098,      3.4953,      0.0000,     -0.0306,      2.5724,      0.1230,      5.5074,     11.0148,      1.0866,     28.2775,     56.5550,      0.0190,      0.0021,      0.0156,      0.1982,   7586.4453,-420354.7500,  -1011.0849,    543.6038,  25288.1504,
       1,     167,      79,       6,       1,       3,       1,     10.0000,      1.3877,     42.4083,    245.2087,     61.7098,      3.4953,      0.0000,     -0.0305,      2.3299,      0.1196,      5.5074,     11.0148,      1.0571,     28.2775,     56.5550,      0.0190,      0.0019,      0.0156,      0.1982,   7586.4453,-420159.0000,  -1011.0479,    543.6170,  25288.1484,
       1,     167,      79,       7,       1,       3,       1,     10.0000,      1.3877,     42.4083,    245.2087,     61.7098,      3.4953,      0.0000,     -0.0303,      2.3645,      0.1158,      5.5074,     11.0148,      1.0231,     28.2775,     56.5550,      0.0190,      0.0019,      0.0156,      0.1982,   7586.4448,-419831.8750,  -1010.9769,    543.6393,  25288.1484,
       1,     167,      79,       8,       1,       3,       1,     10.0000,      1.3877,     42.4083,    245.2087,     61.7098,      3.4953,      0.0037,     -0.0266,      2.1974,      0.1173,      5.5074,     11.0148,      1.0368,     28.2775,     56.5550,      0.0190,      0.0018,      0.0156,      0.1982,   7586.4448,-419847.6562,  -1010.9880,    543.6383,  25288.1484,
       1,     167,      79,       9,       1,       3,       1,     10.0000,      1.3877,     42.4083,    245.2087,     61.7098,      3.4953,      0.0763,      0.0456,     12.7032,      0.1272,      5.5074,     11.0148,      1.1238,     28.2775,     56.5550,      0.0190,      0.0017,      0.0905,      0.1982,   7586.4448,-419635.1250,  -1010.9426,    543.6527,  25288.1484,
       1,     167,      79,      10,       1,       3,       1,     10.0000,      1.3877,     42.4083,    245.2087,     61.7098,      3.4953,      0.1708,      0.1393,     30.9631,      0.1458,      5.5074,     11.0148,      1.2884,     28.2775,     56.5550,      0.0190,      0.0017,      0.2263,      0.1982,   7586.4448,-433062.7500,  -1014.2653,    542.7402,  25288.1465,
       1,     167,      79,      11,       1,       3,       1,     10.0000,      1.3877,     42.4083,    245.2087,     61.7098,      3.4953,      0.1756,      0.1436,     31.1221,      0.1607,      5.5074,     11.0148,      1.4202,     28.2775,     56.5550,      0.0190,      0.0017,      0.2334,      0.1981,   7586.4443,-457607.6250,  -1020.3679,    541.0757,  25288.1484,
       1,     167,      79,      12,       1,       3,       1,     10.0000,      1.3877,     42.4083,    245.2087,     61.7098,      3.4953,      0.1857,      0.1532,     27.4841,      0.1781,      5.5074,     11.0148,      1.5740,     28.2775,     56.5550,      0.0190,      0.0014,      0.2489,      0.1981,   7586.4448,-459949.9688,  -1021.0533,    540.9200,  25288.1484,
       1,     167,      79,      13,       1,       3,       1,     10.0000,      1.3877,     42.4083,    245.2087,     61.7098,      3.4953,      0.1871,      0.1542,     37.4302,      0.1915,      5.5074,     11.0148,      1.6922,     28.2775,     56.5550,      0.0190,      0.0019,      0.2500,      0.1981,   7586.4448,-455490.9062,  -1020.0515,    541.2214,  25288.1465,
       1,     167,      79,      14,       1,       3,       1,     10.0000,      1.3877,     42.4083,    245.2087,     61.7098,      3.4953,      0.1882,      0.1552,     51.8814,      0.1957,      5.5074,     11.0148,      1.7294,     28.2775,     56.5550,      0.0190,      0.0026,      0.2500,      0.1981,   7586.4443,-467840.9062,  -1023.1772,    540.3860,  25288.1465,
       1,     167,      79,      15,       1,       3,       1,     10.0000,      1.3877,     42.4083,    245.2087,     61.7098,      3.4953,      0.1905,      0.1575,     80.0898,      0.1917,      5.5074,     11.0148,      1.6939,     28.2775,     56.5550,      0.0190,      0.0040,      0.2500,      0.1981,   7586.4443,-487423.3750,  -1028.1125,    539.0639,  25288.1445,
       1,     167,      79,      16,       1,       3,       1,     10.0000,      1.3877,     42.4083,    245.2087,     61.7098,      3.4953,      0.1803,      0.1474,    102.3014,      0.1917,      5.5074,     11.0148,      1.6939,     28.2775,     56.5550,      0.0190,      0.0055,      0.2324,      0.1981,   7586.4438,-525266.1875,  -1037.6503,    536.5156,  25288.1465,
       1,     167,      79,      17,       1,       3,       1,     10.0000,      1.3877,     42.4083,    245.2087,     61.7098,      3.4953,      0.1469,      0.1142,     88.8575,      0.1821,      5.5074,     11.0148,      1.6088,     28.2775,     56.5550,      0.0190,      0.0060,      0.1845,      0.1981,   7586.4443,-557036.0625,  -1045.8561,    534.3909,  25288.1484,
       1,     167,      79,      18,       1,       3,       1,     10.0000,      1.3877,     42.4083,    245.2087,     61.7098,      3.4953,      0.1322,      0.0998,     94.4132,      0.1755,      5.5074,     11.0148,      1.5506,     28.2775,     56.5550,      0.0190,      0.0072,      0.1623,      0.1980,   7586.4448,-542549.4375,  -1042.6636,    535.3629,  25288.1465,
       1,     167,      79,      19,       1,       3,       1,     10.0000,      1.3877,     42.4083,    245.2087,     61.7098,      3.4953,      0.0530,      0.0209,     31.0649,      0.1650,      5.5074,     11.0148,      1.4576,     28.2775,     56.5550,      0.0190,      0.0073,      0.0530,      0.1980,   7586.4443,-548417.2500,  -1044.4796,    534.9710,  25288.1465,
       1,     167,      79,      20,       1,       3,       1,     10.0000,      1.3877,     42.4083,    245.2087,     61.7098,      3.4953,      0.0135,     -0.0181,      8.4906,      0.1498,      5.5074,     11.0148,      1.3239,     28.2775,     56.5550,      0.0190,      0.0068,      0.0156,      0.1980,   7586.4443,-467683.9688,  -1024.5798,    540.3699,  25288.1445,
       1,     167,      79,      21,       1,       3,       1,     10.0000,      1.3877,     42.4083,    245.2087,     61.7098,      3.4953,      0.0000,     -0.0313,      8.0531,      0.1426,      5.5074,     11.0148,      1.2601,     28.2775,     56.5550,      0.0190,      0.0064,      0.0156,      0.1981,   7586.4438,-431869.9062,  -1015.6040,    542.8163,  25288.1445,
       1,     167,      79,      22,       1,       3,       1,     10.0000,      1.3877,     42.4083,    245.2087,     61.7098,      3.4953,      0.0000,     -0.0312,      7.4025,      0.1378,      5.5074,     11.0148,      1.2175,     28.2775,     56.5550,      0.0190,      0.0059,      0.0156,      0.1981,   7586.4438,-428183.0625,  -1014.5844,    543.0720,  25288.1445,
       1,     167,      79,      23,       1,       3,       1,     10.0000,      1.3877,     42.4083,    245.2087,     61.7098,      3.4953,      0.0000,     -0.0311,      6.9299,      0.1372,      5.5074,     11.0148,      1.2126,     28.2775,     56.5550,      0.0190,      0.0055,      0.0156,      0.1982,   7586.4438,-427022.8438,  -1014.2001,    543.1509,  25288.1445,
       1,     167,      79,      24,       1,       3,       1,     10.0000,      1.3877,     42.4083,    245.2087,     61.7098,      3.4953,      0.0000,     -0.0311,      6.1613,      0.1349,      5.5074,     11.0148,      1.1919,     28.2775,     56.5550,      0.0190,      0.0049,      0.0156,      0.1982,   7586.4438,-426316.9375,  -1013.9305,    543.1988,  25288.1465,
       1,     167,      80,       1,       1,       3,       1,     10.0000,      1.3877,     42.4086,    245.2146,     61.7112,      3.4953,      0.0000,     -0.0310,      4.6154,      0.1333,      5.5076,     11.0152,      1.1775,     28.2807,     56.5613,      0.0190,      0.0037,      0.0156,      0.1982,   7586.4443,-425427.4062,  -1013.9889,    543.2721,  25289.2871,
       1,     167,      80,       2,       1,       3,       1,     10.0000,      1.3877,     42.4086,    245.2146,     61.7112,      3.4953,      0.0000,     -0.0310,      3.9295,      0.1330,      5.5076,     11.0152,      1.1752,     28.2807,     56.5613,      0.0190,      0.0031,      0.0156,      0.1982,   7586.7866,-423218.0000,  -1013.0119,    543.4222,  25289.2871,
       1,     167,      80,       3,       1,       3,       1,     10.0000,      1.3877,     42.4086,    245.2146,     61.7112,      3.4953,      0.0000,     -0.0310,      3.5042,      0.1323,      5.5076,     11.0152,      1.1692,     28.2807,     56.5613,      0.0190,      0.0028,      0.0156,      0.1982,   7586.7866,-422148.0938,  -1012.6905,    543.4949,  25289.2852,
       1,     167,      80,       4,       1,       3,       1,     10.0000,      1.3877,     42.4086,    245.2146,     61.7112,      3.4953,      0.0000,     -0.0309,      3.2548,      0.1308,      5.5076,     11.0152,      1.1562,     28.2807,     56.5613,      0.0190,      0.0026,      0.0156,      0.1982,   7586.7856,-421510.8438,  -1012.4846,    543.5381,  25289.2852,
       1,     167,      80,       5,       1,       3,       1,     10.0000,      1.3877,     42.4086,    245.2146,     61.7112,      3.4953,      0.0000,     -0.0309,      2.9810,      0.1310,      5.5076,     11.0152,      1.1574,     28.2807,     56.5613,      0.0190,      0.0024,      0.0156,      0.1982,   7586.7856,-421136.3750,  -1012.3467,    543.5636,  25289.2852,
       1,     167,      80,       6,       1,       3,       1,     10.0000,      1.3877,     42.4086,    245.2146,     61.7112,      3.4953,      0.0000,     -0.0309,      2.7132,      0.1298,      5.5076,     11.0152,      1.1469,     28.2807,     56.5613,      0.0190,      0.0022,      0.0156,      0.1982,   7586.7856,-420753.2812,  -1012.2115,    543.5896,  25289.2852,
       1,     167,      80,       7,       1,       3,       1,     10.0000,      1.3877,     42.4086,    245.2146,     61.7112,      3.4953,      0.0000,     -0.0309,      2.5675,      0.1298,      5.5076,     11.0152,      1.1469,     28.2807,     56.5613,      0.0190,      0.0020,      0.0156,      0.1982,   7586.7856,-420377.3438,  -1012.0830,    543.6152,  25289.2871,
       1,     167,      80,       8,       1,       3,       1,     10.0000,      1.3877,     42.4086,    245.2146,     61.7112,      3.4953,      0.0022,     -0.0286,      2.5273,      0.1305,      5.5076,     11.0152,      1.1527,     28.2807,     56.5613,      0.0190,      0.0020,      0.0156,      0.1982,   7586.7866,-420157.9375,  -1011.9948,    543.6301,  25289.2852,
       1,     167,      80,       9,       1,       3,       1,     10.0000,      1.3877,     42.4086,    245.2146,     61.7112,      3.4953,      0.0558,      0.0248,      9.8932,      0.1335,      5.5076,     11.0152,      1.1799,     28.2807,     56.5613,      0.0190,      0.0020,      0.0606,      0.1982,   7586.7856,-420087.6875,  -1011.9434,    543.6349,  25289.2871,
       1,     167,      80,      10,       1,       3,       1,     10.0000,      1.3877,     42.4086,    245.2146,     61.7112,      3.4953,      0.1463,      0.1148,     31.0561,      0.1464,      5.5076,     11.0152,      1.2936,     28.2807,     56.5613,      0.0190,      0.0020,      0.1904,      0.1982,   7586.7866,-429507.6562,  -1014.2733,    542.9948,  25289.2852,
       1,     167,      80,      11,       1,       3,       1,     10.0000,      1.3877,     42.4086,    245.2146,     61.7112,      3.4953,      0.1707,      0.1388,     34.2644,      0.1583,      5.5076,     11.0152,      1.3991,     28.2807,     56.5613,      0.0190,      0.0019,      0.2258,      0.1982,   7586.7856,-457414.4688,  -1021.2573,    541.1010,  25289.2852,
       1,     167,      80,      12,       1,       3,       1,     10.0000,      1.3877,     42.4086,    245.2146,     61.7112,      3.4953,      0.1718,      0.1392,     37.3851,      0.1783,      5.5076,     11.0152,      1.5756,     28.2807,     56.5613,      0.0190,      0.0020,      0.2272,      0.1982,   7586.7856,-463956.0938,  -1022.9098,    540.6618,  25289.2852,
       1,     167,      80,      13,       1,       3,       1,     10.0000,      1.3877,     42.4086,    245.2146,     61.7112,      3.4953,      0.1863,      0.1536,     40.4621,      0.1815,      5.5076,     11.0152,      1.6040,     28.2807,     56.5613,      0.0190,      0.0020,      0.2483,      0.1981,   7586.7856,-468516.2812,  -1024.0857,    540.3538,  25289.2852,
       1,     167,      80,      14,       1,       3,       1,     10.0000,      1.3877,     42.4086,    245.2146,     61.7112,      3.4953,      0.1881,      0.1549,     50.5197,      0.1984,      5.5076,     11.0152,      1.7535,     28.2807,     56.5613,      0.0190,      0.0025,      0.2500,      0.1981,   7586.7856,-472852.5000,  -1025.1973,    540.0610,  25289.2832,
       1,     167,      80,      15,       1,       3,       1,     10.0000,      1.3877,     42.4086,    245.2146,     61.7112,      3.4953,      0.1854,      0.1523,     62.0128,      0.1944,      5.5076,     11.0152,      1.7175,     28.2807,     56.5613,      0.0190,      0.0032,      0.2446,      0.1981,   7586.7852,-486109.8750,  -1028.5217,    539.1660,  25289.2832,
       1,     167,      80,      16,       1,       3,       1,     10.0000,      1.3877,     42.4086,    245.2146,     61.7112,      3.4953,      0.1841,      0.1510,     81.2858,      0.1959,      5.5076,     11.0152,      1.7312,     28.2807,     56.5613,      0.0190,      0.0042,      0.2405,      0.1981,   7586.7852,-501984.1875,  -1032.5938,    538.0970,  25289.2832,
       1,     167,      80,      17,       1,       3,       1,     10.0000,      1.3877,     42.4086,    245.2146,     61.7112,      3.4953,      0.1919,      0.1591,    117.8998,      0.1872,      5.5076,     11.0152,      1.6541,     28.2807,     56.5613,      0.0190,      0.0059,      0.2477,      0.1981,   7586.7852,-528056.8125,  -1039.3009,    536.3443,  25289.2832,
       1,     167,      80,      18,       1,       3,       1,     10.0000,      1.3877,     42.4086,    245.2146,     61.7112,      3.4953,      0.1374,      0.1049,     88.7351,      0.1783,      5.5076,     11.0152,      1.5756,     28.2807,     56.5613,      0.0190,      0.0065,      0.1705,      0.1981,   7586.7852,-577256.8125,  -1051.9530,    533.0487,  25289.2812,
       1,     167,      80,      19,       1,       3,       1,     10.0000,      1.3877,     42.4086,    245.2146,     61.7112,      3.4953,      0.1066,      0.0743,     75.8708,      0.1712,      5.5076,     11.0152,      1.5125,     28.2807,     56.5613,      0.0190,      0.0074,      0.1267,      0.1980,   7586.7847,-544131.1875,  -1043.9602,    535.2660,  25289.2812,
       1,     167,      80,      20,       1,       3,       1,     10.0000,      1.3877,     42.4086,    245.2146,     61.7112,      3.4953,      0.0122,     -0.0195,      9.1694,      0.1521,      5.5076,     11.0152,      1.3440,     28.2807,     56.5613,      0.0190,      0.0073,      0.0156,      0.1981,   7586.7847,-524772.3750,  -1039.3127,    536.5659,  25289.2812,
       1,     167,      80,      21,       1,       3,       1,     10.0000,      1.3877,     42.4086,    245.2146,     61.7112,      3.4953,      0.0000,     -0.0312,      8.3043,      0.1395,      5.5076,     11.0152,      1.2324,     28.2807,     56.5613,      0.0190,      0.0066,      0.0156,      0.1981,   7586.7847,-437599.1875,  -1017.2761,    542.4142,  25289.2812,
       1,     167,      80,      22,       1,       3,       1,     10.0000,      1.3877,     42.4086,    245.2146,     61.7112,      3.4953,      0.0000,     -0.0311,      7.3491,      0.1357,      5.5076,     11.0152,      1.1992,     28.2807,     56.5613,      0.0190,      0.0059,      0.0156,      0.1982,   7586.7847,-429037.8750,  -1014.9871,    543.0267,  25289.2793,
       1,     167,      80,      23,       1,       3,       1,     10.0000,      1.3877,     42.4086,    245.2146,     61.7112,      3.4953,      0.0000,     -0.0311,      8.0547,      0.1354,      5.5076,     11.0152,      1.1968,     28.2807,     56.5613,      0.0190,      0.0064,      0.0156,      0.1982,   7586.7842,-427031.6875,  -1014.3656,    543.1632,  25289.2793,
       1,     167,      80,      24,       1,       3,       1,     10.0000,      1.3877,     42.4086,    245.2146,     61.7112,      3.4953,      0.0000,     -0.0310,      7.9433,      0.1333,      5.5076,     11.0152,      1.1775,     28.2807,     56.5613,      0.0190,      0.0063,      0.0156,      0.1982,   7586.7842,-427760.0312,  -1014.4295,    543.1137,  25289.2793,
       1,     167,      81,       1,       1,       3,       1,     10.0000,      1.3877,     42.4090,    245.2204,     61.7127,      3.4953,      0.0000,     -0.0309,      5.2009,      0.1314,      5.5080,     11.0159,      1.1610,     28.2848,     56.5695,      0.0190,      0.0041,      0.0156,      0.1982,   7586.7842,-427836.6875,  -1014.7023,    543.1214,  25290.4219,
       1,     167,      81,       2,       1,       3,       1,     10.0000,      1.3877,     42.4090,    245.2204,     61.7127,      3.4953,      0.0000,     -0.0308,      3.5687,      0.1293,      5.5080,     11.0159,      1.1423,     28.2848,     56.5695,      0.0190,      0.0028,      0.0156,      0.1982,   7587.1270,-424179.8438,  -1013.3270,    543.3697,  25290.4238,
       1,     167,      81,       3,       1,       3,       1,     10.0000,      1.3877,     42.4090,    245.2204,     61.7127,      3.4953,      0.0000,     -0.0307,      3.0288,      0.1269,      5.5080,     11.0159,      1.1215,     28.2848,     56.5695,      0.0190,      0.0024,      0.0156,      0.1982,   7587.1274,-421773.3438,  -1012.6658,    543.5333,  25290.4238,
       1,     167,      81,       4,       1,       3,       1,     10.0000,      1.3877,     42.4090,    245.2204,     61.7127,      3.4953,      0.0000,     -0.0306,      2.8169,      0.1242,      5.5080,     11.0159,      1.0978,     28.2848,     56.5695,      0.0190,      0.0022,      0.0156,      0.1982,   7587.1274,-420873.0625,  -1012.3963,    543.5944,  25290.4238,
       1,     167,      81,       5,       1,       3,       1,     10.0000,      1.3877,     42.4090,    245.2204,     61.7127,      3.4953,      0.0000,     -0.0305,      2.6287,      0.1206,      5.5080,     11.0159,      1.0658,     28.2848,     56.5695,      0.0190,      0.0021,      0.0156,      0.1982,   7587.1274,-420523.7500,  -1012.2690,    543.6182,  25290.4238,
       1,     167,      81,       6,       1,       3,       1,     10.0000,      1.3877,     42.4090,    245.2204,     61.7127,      3.4953,      0.0000,     -0.0306,      2.8479,      0.1224,      5.5080,     11.0159,      1.0812,     28.2848,     56.5695,      0.0190,      0.0023,      0.0156,      0.1982,   7587.1274,-420252.4062,  -1012.1639,    543.6366,  25290.4238,
       1,     167,      81,       7,       1,       3,       1,     10.0000,      1.3877,     42.4090,    245.2204,     61.7127,      3.4953,      0.0000,     -0.0305,      2.8259,      0.1214,      5.5080,     11.0159,      1.0724,     28.2848,     56.5695,      0.0190,      0.0023,      0.0156,      0.1982,   7587.1274,-420509.3125,  -1012.1898,    543.6191,  25290.4238,
       1,     167,      81,       8,       1,       3,       1,     10.0000,      1.3877,     42.4090,    245.2204,     61.7127,      3.4953,      0.0013,     -0.0291,      2.0599,      0.1183,      5.5080,     11.0159,      1.0454,     28.2848,     56.5695,      0.0190,      0.0016,      0.0156,      0.1982,   7587.1274,-420503.6875,  -1012.1486,    543.6195,  25290.4238,
       1,     167,      81,       9,       1,       3,       1,     10.0000,      1.3877,     42.4090,    245.2204,     61.7127,      3.4953,      0.0147,     -0.0161,      0.2737,      0.1281,      5.5080,     11.0159,      1.1319,     28.2848,     56.5695,      0.0190,      0.0018,      0.0019,      0.1982,   7587.1274,-419522.9062,  -1011.8710,    543.6862,  25290.4238,
       1,     167,      81,      10,       1,       3,       1,     10.0000,      1.3877,     42.4090,    245.2204,     61.7127,      3.4953,      0.1193,      0.0877,     20.8485,      0.1515,      5.5080,     11.0159,      1.3387,     28.2848,     56.5695,      0.0190,      0.0017,      0.1520,      0.1982,   7587.1274,-417152.1250,  -1011.2317,    543.8473,  25290.4238,
       1,     167,      81,      11,       1,       3,       1,     10.0000,      1.3877,     42.4090,    245.2204,     61.7127,      3.4953,      0.1811,      0.1490,     41.3535,      0.1645,      5.5080,     11.0159,      1.4534,     28.2848,     56.5695,      0.0190,      0.0021,      0.2404,      0.1982,   7587.1274,-443271.7812,  -1017.8585,    542.0717,  25290.4238,
       1,     167,      81,      12,       1,       3,       1,     10.0000,      1.3877,     42.4090,    245.2204,     61.7127,      3.4953,      0.1884,      0.1558,     51.7706,      0.1792,      5.5080,     11.0159,      1.5835,     28.2848,     56.5695,      0.0190,      0.0026,      0.2500,      0.1982,   7587.1274,-471797.3438,  -1025.0885,    540.1417,  25290.4238,
       1,     167,      81,      13,       1,       3,       1,     10.0000,      1.3877,     42.4090,    245.2204,     61.7127,      3.4953,      0.1886,      0.1557,     55.2052,      0.1876,      5.5080,     11.0159,      1.6574,     28.2848,     56.5695,      0.0190,      0.0027,      0.2500,      0.1982,   7587.1274,-487619.5312,  -1029.1289,    539.0768,  25290.4238,
       1,     167,      81,      14,       1,       3,       1,     10.0000,      1.3877,     42.4090,    245.2204,     61.7127,      3.4953,      0.1897,      0.1567,     69.8751,      0.1911,      5.5080,     11.0159,      1.6889,     28.2848,     56.5695,      0.0190,      0.0035,      0.2500,      0.1981,   7587.1274,-493389.4375,  -1030.6112,    538.6891,  25290.4199,
       1,     167,      81,      15,       1,       3,       1,     10.0000,      1.3877,     42.4090,    245.2204,     61.7127,      3.4953,      0.1923,      0.1595,    102.6188,      0.1859,      5.5080,     11.0159,      1.6427,     28.2848,     56.5695,      0.0190,      0.0051,      0.2500,      0.1981,   7587.1265,-512680.7188,  -1035.5681,    537.3903,  25290.4199,
       1,     167,      81,      16,       1,       3,       1,     10.0000,      1.3877,     42.4090,    245.2204,     61.7127,      3.4953,      0.1935,      0.1607,    117.5652,      0.1844,      5.5080,     11.0159,      1.6297,     28.2848,     56.5695,      0.0190,      0.0058,      0.2500,      0.1981,   7587.1265,-556313.6875,  -1046.8457,    534.4608,  25290.4199,
       1,     167,      81,      17,       1,       3,       1,     10.0000,      1.3877,     42.4090,    245.2204,     61.7127,      3.4953,      0.1924,      0.1597,    133.2162,      0.1832,      5.5080,     11.0159,      1.6184,     28.2848,     56.5695,      0.0190,      0.0067,      0.2467,      0.1981,   7587.1265,-579281.8125,  -1053.0225,    532.9344,  25290.4199,
       1,     167,      81,      18,       1,       3,       1,     10.0000,      1.3877,     42.4090,    245.2204,     61.7127,      3.4953,      0.1770,      0.1446,    125.6463,      0.1743,      5.5080,     11.0159,      1.5400,     28.2848,     56.5695,      0.0190,      0.0070,      0.2246,      0.1980,   7587.1265,-601344.4375,  -1059.1021,    531.4668,  25290.4199,
       1,     167,      81,      19,       1,       3,       1,     10.0000,      1.3877,     42.4090,    245.2204,     61.7127,      3.4953,      0.1319,      0.1000,     87.2439,      0.1609,      5.5080,     11.0159,      1.4217,     28.2848,     56.5695,      0.0190,      0.0067,      0.1628,      0.1980,   7587.1265,-593544.7500,  -1057.6279,    531.9869,  25290.4160,
       1,     167,      81,      20,       1,       3,       1,     10.0000,      1.3877,     42.4090,    245.2204,     61.7127,      3.4953,      0.0194,     -0.0121,      3.5649,      0.1491,      5.5080,     11.0159,      1.3173,     28.2848,     56.5695,      0.0190,      0.0059,      0.0075,      0.1980,   7587.1250,-543592.6875,  -1045.2639,    535.3090,  25290.4180,
       1,     167,      81,      21,       1,       3,       1,     10.0000,      1.3877,     42.4090,    245.2204,     61.7127,      3.4953,      0.0000,     -0.0314,      7.1729,      0.1442,      5.5080,     11.0159,      1.2742,     28.2848,     56.5695,      0.0190,      0.0057,      0.0156,      0.1981,   7587.1255,-432025.8750,  -1016.7260,    542.7847,  25290.4180,
       1,     167,      81,      22,       1,       3,       1,     10.0000,      1.3877,     42.4090,    245.2204,     61.7127,      3.4953,      0.0000,     -0.0312,      7.0320,      0.1391,      5.5080,     11.0159,      1.2287,     28.2848,     56.5695,      0.0190,      0.0056,      0.0156,      0.1982,   7587.1255,-427134.7812,  -1015.3814,    543.1690,  25290.4180,
       1,     167,      81,      23,       1,       3,       1,     10.0000,      1.3877,     42.4090,    245.2204,     61.7127,      3.4953,      0.0000,     -0.0310,      6.2995,      0.1327,      5.5080,     11.0159,      1.1728,     28.2848,     56.5695,      0.0190,      0.0050,      0.0156,      0.1982,   7587.1255,-426462.5938,  -1015.1262,    543.2147,  25290.4180,
       1,     167,      81,      24,       1,       3,       1,     10.0000,      1.3877,     42.4090,    245.2204,     61.7127,      3.4953,      0.0000,     -0.0308,      5.2339,      0.1276,      5.5080,     11.0159,      1.1273,     28.2848,     56.5695,      0.0190,      0.0042,      0.0156,      0.1982,   7587.1255,-425466.6250,  -1014.7969,    543.2823,  25290.4180,
       1,     167,      82,       1,       1,       3,       1,     10.0000,      1.3878,     42.4093,    245.2262,     61.7141,      3.4953,      0.0000,     -0.0306,      4.1424,      0.1231,      5.5076,     11.0151,      1.0878,     28.2900,     56.5800,      0.0190,      0.0033,      0.0156,      0.1982,   7587.1255,-424172.6250,  -1014.7812,    543.3831,  25291.5586,
       1,     167,      82,       2,       1,       3,       1,     10.0000,      1.3878,     42.4093,    245.2262,     61.7141,      3.4953,      0.0000,     -0.0303,      3.7184,      0.1160,      5.5076,     11.0151,      1.0253,     28.2900,     56.5800,      0.0190,      0.0030,      0.0156,      0.1982,   7587.4678,-422509.9688,  -1013.9340,    543.4961,  25291.5586,
       1,     167,      82,       3,       1,       3,       1,     10.0000,      1.3878,     42.4093,    245.2262,     61.7141,      3.4953,      0.0000,     -0.0303,      3.5837,      0.1147,      5.5076,     11.0151,      1.0138,     28.2900,     56.5800,      0.0190,      0.0029,      0.0156,      0.1982,   7587.4678,-421822.8438,  -1013.7203,    543.5427,  25291.5586,
       1,     167,      82,       4,       1,       3,       1,     10.0000,      1.3878,     42.4093,    245.2262,     61.7141,      3.4953,      0.0000,     -0.0303,      3.5252,      0.1164,      5.5076,     11.0151,      1.0284,     28.2900,     56.5800,      0.0190,      0.0028,      0.0156,      0.1982,   7587.4678,-421590.8438,  -1013.6251,    543.5585,  25291.5586,
       1,     167,      82,       5,       1,       3,       1,     10.0000,      1.3878,     42.4093,    245.2262,     61.7141,      3.4953,      0.0000,     -0.0301,      3.0197,      0.1105,      5.5076,     11.0151,      0.9761,     28.2900,     56.5800,      0.0190,      0.0024,      0.0156,      0.1982,   7587.4678,-421495.7188,  -1013.5657,    543.5649,  25291.5586,
       1,     167,      82,       6,       1,       3,       1,     10.0000,      1.3878,     42.4093,    245.2262,     61.7141,      3.4953,      0.0000,     -0.0299,      2.4123,      0.1071,      5.5076,     11.0151,      0.9464,     28.2900,     56.5800,      0.0190,      0.0019,      0.0156,      0.1982,   7587.4678,-420840.8125,  -1013.3688,    543.6095,  25291.5586,
       1,     167,      82,       7,       1,       3,       1,     10.0000,      1.3878,     42.4093,    245.2262,     61.7141,      3.4953,      0.0000,     -0.0301,      2.0747,      0.1110,      5.5076,     11.0151,      0.9811,     28.2900,     56.5800,      0.0190,      0.0017,      0.0156,      0.1982,   7587.4678,-420006.5938,  -1013.1313,    543.6661,  25291.5586,
       1,     167,      82,       8,       1,       3,       1,     10.0000,      1.3878,     42.4093,    245.2262,     61.7141,      3.4953,      0.0055,     -0.0246,      1.9315,      0.1115,      5.5076,     11.0151,      0.9851,     28.2900,     56.5800,      0.0190,      0.0015,      0.0156,      0.1982,   7587.4678,-419502.2500,  -1012.9816,    543.7004,  25291.5586,
       1,     167,      82,       9,       1,       3,       1,     10.0000,      1.3878,     42.4093,    245.2262,     61.7141,      3.4953,      0.1034,      0.0727,     15.8625,      0.1264,      5.5076,     11.0151,      1.1170,     28.2900,     56.5800,      0.0190,      0.0015,      0.1296,      0.1982,   7587.4678,-419275.1562,  -1012.9040,    543.7159,  25291.5586,
       1,     167,      82,      10,       1,       3,       1,     10.0000,      1.3878,     42.4093,    245.2262,     61.7141,      3.4953,      0.1618,      0.1302,     23.0605,      0.1506,      5.5076,     11.0151,      1.3306,     28.2900,     56.5800,      0.0190,      0.0013,      0.2140,      0.1982,   7587.4678,-437078.6562,  -1017.4830,    542.5059,  25291.5586,
       1,     167,      82,      11,       1,       3,       1,     10.0000,      1.3878,     42.4093,    245.2262,     61.7141,      3.4953,      0.1867,      0.1545,     29.4486,      0.1666,      5.5076,     11.0151,      1.4724,     28.2900,     56.5800,      0.0190,      0.0015,      0.2500,      0.1982,   7587.4678,-447841.7812,  -1020.2288,    541.7773,  25291.5566,
       1,     167,      82,      12,       1,       3,       1,     10.0000,      1.3878,     42.4093,    245.2262,     61.7141,      3.4953,      0.1872,      0.1546,     36.7444,      0.1797,      5.5076,     11.0151,      1.5882,     28.2900,     56.5800,      0.0190,      0.0018,      0.2500,      0.1982,   7587.4673,-456952.7188,  -1022.5363,    541.1608,  25291.5566,
       1,     167,      82,      13,       1,       3,       1,     10.0000,      1.3878,     42.4093,    245.2262,     61.7141,      3.4953,      0.1870,      0.1543,     35.5250,      0.1850,      5.5076,     11.0151,      1.6346,     28.2900,     56.5800,      0.0190,      0.0018,      0.2500,      0.1982,   7587.4673,-467083.4062,  -1025.1174,    540.4758,  25291.5586,
       1,     167,      82,      14,       1,       3,       1,     10.0000,      1.3878,     42.4093,    245.2262,     61.7141,      3.4953,      0.1891,      0.1565,     62.0766,      0.1828,      5.5076,     11.0151,      1.6153,     28.2900,     56.5800,      0.0190,      0.0031,      0.2500,      0.1982,   7587.4678,-466401.7500,  -1024.9386,    540.5223,  25291.5566,
       1,     167,      82,      15,       1,       3,       1,     10.0000,      1.3878,     42.4093,    245.2262,     61.7141,      3.4953,      0.1913,      0.1586,     90.1913,      0.1854,      5.5076,     11.0151,      1.6379,     28.2900,     56.5800,      0.0190,      0.0045,      0.2500,      0.1982,   7587.4673,-500336.1562,  -1033.6941,    538.2296,  25291.5586,
       1,     167,      82,      16,       1,       3,       1,     10.0000,      1.3878,     42.4093,    245.2262,     61.7141,      3.4953,      0.1912,      0.1582,    118.4664,      0.1898,      5.5076,     11.0151,      1.6773,     28.2900,     56.5800,      0.0190,      0.0060,      0.2465,      0.1982,   7587.4678,-539306.8750,  -1043.8842,    535.6125,  25291.5547,
       1,     167,      82,      17,       1,       3,       1,     10.0000,      1.3878,     42.4093,    245.2262,     61.7141,      3.4953,      0.1732,      0.1408,    112.7640,      0.1745,      5.5076,     11.0151,      1.5415,     28.2900,     56.5800,      0.0190,      0.0064,      0.2205,      0.1981,   7587.4668,-578938.8125,  -1054.4385,    532.9655,  25291.5547,
       1,     167,      82,      18,       1,       3,       1,     10.0000,      1.3878,     42.4093,    245.2262,     61.7141,      3.4953,      0.1670,      0.1348,    102.1654,      0.1676,      5.5076,     11.0151,      1.4812,     28.2900,     56.5800,      0.0190,      0.0060,      0.2127,      0.1981,   7587.4668,-575069.2500,  -1053.8951,    533.2297,  25291.5527,
       1,     167,      82,      19,       1,       3,       1,     10.0000,      1.3878,     42.4093,    245.2262,     61.7141,      3.4953,      0.1267,      0.0946,     73.1184,      0.1656,      5.5076,     11.0151,      1.4636,     28.2900,     56.5800,      0.0190,      0.0058,      0.1566,      0.1981,   7587.4663,-561132.9375,  -1050.7301,    534.1588,  25291.5527,
       1,     167,      82,      20,       1,       3,       1,     10.0000,      1.3878,     42.4093,    245.2262,     61.7141,      3.4953,      0.0190,     -0.0126,      3.0453,      0.1489,      5.5076,     11.0151,      1.3160,     28.2900,     56.5800,      0.0190,      0.0055,      0.0069,      0.1981,   7587.4663,-522683.8438,  -1041.1133,    536.7268,  25291.5527,
       1,     167,      82,      21,       1,       3,       1,     10.0000,      1.3878,     42.4093,    245.2262,     61.7141,      3.4953,      0.0000,     -0.0312,      6.9153,      0.1396,      5.5076,     11.0151,      1.2337,     28.2900,     56.5800,      0.0190,      0.0055,      0.0156,      0.1981,   7587.4663,-429582.6875,  -1017.0421,    542.9792,  25291.5527,
       1,     167,      82,      22,       1,       3,       1,     10.0000,      1.3878,     42.4093,    245.2262,     61.7141,      3.4953,      0.0000,     -0.0311,      6.1189,      0.1359,      5.5076,     11.0151,      1.2005,     28.2900,     56.5800,      0.0190,      0.0049,      0.0156,      0.1982,   7587.4663,-426575.3750,  -1016.2078,    543.2199,  25291.5527,
       1,     167,      82,      23,       1,       3,       1,     10.0000,      1.3878,     42.4093,    245.2262,     61.7141,      3.4953,      0.0000,     -0.0309,      6.0319,      0.1303,      5.5076,     11.0151,      1.1516,     28.2900,     56.5800,      0.0190,      0.0048,      0.0156,      0.1982,   7587.4663,-425248.2500,  -1015.8158,    543.3101,  25291.5527,
       1,     167,      82,      24,       1,       3,       1,     10.0000,      1.3878,     42.4093,    245.2262,     61.7141,      3.4953,      0.0000,     -0.0307,      6.0826,      0.1260,      5.5076,     11.0151,      1.1136,     28.2900,     56.5800,      0.0190,      0.0048,      0.0156,      0.1982,   7587.4663,-425021.4688,  -1015.7112,    543.3254,  25291.5527,
       1,     167,      83,       1,       1,       3,       1,     10.0000,      1.3878,     42.4096,    245.2320,     61.7156,      3.4953,      0.0000,     -0.0305,      5.0649,      0.1210,      5.5078,     11.0156,      1.0692,     28.2980,     56.5961,      0.0190,      0.0040,      0.0156,      0.1983,   7587.4663,-425222.5312,  -1016.0974,    543.3245,  25292.6934,
       1,     167,      83,       2,       1,       3,       1,     10.0000,      1.3878,     42.4096,    245.2320,     61.7156,      3.4953,      0.0000,     -0.0304,      3.9746,      0.1177,      5.5078,     11.0156,      1.0401,     28.2980,     56.5961,      0.0190,      0.0032,      0.0156,      0.1983,   7587.8081,-423784.3125,  -1015.3089,    543.4222,  25292.6934,
       1,     167,      83,       3,       1,       3,       1,     10.0000,      1.3878,     42.4096,    245.2320,     61.7156,      3.4953,      0.0000,     -0.0304,      3.5207,      0.1169,      5.5078,     11.0156,      1.0327,     28.2980,     56.5961,      0.0190,      0.0028,      0.0156,      0.1983,   7587.8081,-422264.5938,  -1014.8849,    543.5255,  25292.6934,
       1,     167,      83,       4,       1,       3,       1,     10.0000,      1.3878,     42.4096,    245.2320,     61.7156,      3.4953,      0.0000,     -0.0304,      3.2831,      0.1170,      5.5078,     11.0156,      1.0337,     28.2980,     56.5961,      0.0190,      0.0026,      0.0156,      0.1983,   7587.8081,-421551.5938,  -1014.6748,    543.5739,  25292.6934,
       1,     167,      83,       5,       1,       3,       1,     10.0000,      1.3878,     42.4096,    245.2320,     61.7156,      3.4953,      0.0000,     -0.0303,      3.1467,      0.1166,      5.5078,     11.0156,      1.0306,     28.2980,     56.5961,      0.0190,      0.0025,      0.0156,      0.1983,   7587.8081,-421185.7812,  -1014.5571,    543.5988,  25292.6934,
       1,     167,      83,       6,       1,       3,       1,     10.0000,      1.3878,     42.4096,    245.2320,     61.7156,      3.4953,      0.0000,     -0.0302,      2.6223,      0.1125,      5.5078,     11.0156,      0.9943,     28.2980,     56.5961,      0.0190,      0.0021,      0.0156,      0.1983,   7587.8081,-420979.3125,  -1014.4826,    543.6127,  25292.6934,
       1,     167,      83,       7,       1,       3,       1,     10.0000,      1.3878,     42.4096,    245.2320,     61.7156,      3.4953,      0.0000,     -0.0301,      2.3672,      0.1110,      5.5078,     11.0156,      0.9811,     28.2980,     56.5961,      0.0190,      0.0019,      0.0156,      0.1983,   7587.8081,-420290.7500,  -1014.2861,    543.6595,  25292.6934,
       1,     167,      83,       8,       1,       3,       1,     10.0000,      1.3878,     42.4096,    245.2320,     61.7156,      3.4953,      0.0051,     -0.0252,      1.9483,      0.1153,      5.5078,     11.0156,      1.0190,     28.2980,     56.5961,      0.0190,      0.0016,      0.0156,      0.1983,   7587.8081,-419904.5312,  -1014.1711,    543.6858,  25292.6934,
       1,     167,      83,       9,       1,       3,       1,     10.0000,      1.3878,     42.4096,    245.2320,     61.7156,      3.4953,      0.1088,      0.0782,     14.7957,      0.1235,      5.5078,     11.0156,      1.0912,     28.2980,     56.5961,      0.0190,      0.0013,      0.1377,      0.1983,   7587.8081,-419335.0312,  -1014.0109,    543.7245,  25292.6934,
       1,     167,      83,      10,       1,       3,       1,     10.0000,      1.3878,     42.4096,    245.2320,     61.7156,      3.4953,      0.1726,      0.1414,     25.6850,      0.1393,      5.5078,     11.0156,      1.2313,     28.2980,     56.5961,      0.0190,      0.0014,      0.2296,      0.1983,   7587.8081,-435720.5000,  -1018.2761,    542.6108,  25292.6934,
       1,     167,      83,      11,       1,       3,       1,     10.0000,      1.3878,     42.4096,    245.2320,     61.7156,      3.4953,      0.1866,      0.1549,     26.2670,      0.1513,      5.5078,     11.0156,      1.3374,     28.2980,     56.5961,      0.0190,      0.0013,      0.2500,      0.1982,   7587.8081,-451081.5625,  -1022.2626,    541.5701,  25292.6934,
       1,     167,      83,      12,       1,       3,       1,     10.0000,      1.3878,     42.4096,    245.2320,     61.7156,      3.4953,      0.1867,      0.1548,     28.5389,      0.1574,      5.5078,     11.0156,      1.3908,     28.2980,     56.5961,      0.0190,      0.0014,      0.2500,      0.1982,   7587.8081,-453161.7500,  -1022.7769,    541.4304,  25292.6953,
       1,     167,      83,      13,       1,       3,       1,     10.0000,      1.3878,     42.4096,    245.2320,     61.7156,      3.4953,      0.1870,      0.1552,     32.3467,      0.1560,      5.5078,     11.0156,      1.3783,     28.2980,     56.5961,      0.0190,      0.0016,      0.2500,      0.1982,   7587.8091,-456248.5625,  -1023.5531,    541.2214,  25292.6914,
       1,     167,      83,      14,       1,       3,       1,     10.0000,      1.3878,     42.4096,    245.2320,     61.7156,      3.4953,      0.1883,      0.1554,     51.5487,      0.1874,      5.5078,     11.0156,      1.6559,     28.2980,     56.5961,      0.0190,      0.0026,      0.2500,      0.1982,   7587.8076,-461390.9062,  -1024.8435,    540.8735,  25292.6914,
       1,     167,      83,      15,       1,       3,       1,     10.0000,      1.3878,     42.4096,    245.2320,     61.7156,      3.4953,      0.1905,      0.1574,     80.4222,      0.1950,      5.5078,     11.0156,      1.7227,     28.2980,     56.5961,      0.0190,      0.0040,      0.2500,      0.1982,   7587.8076,-486416.7188,  -1031.3524,    539.1817,  25292.6914,
       1,     167,      83,      16,       1,       3,       1,     10.0000,      1.3878,     42.4096,    245.2320,     61.7156,      3.4953,      0.1917,      0.1587,     96.0351,      0.1930,      5.5078,     11.0156,      1.7058,     28.2980,     56.5961,      0.0190,      0.0048,      0.2500,      0.1982,   7587.8076,-525568.0625,  -1041.6589,    536.5457,  25292.6914,
       1,     167,      83,      17,       1,       3,       1,     10.0000,      1.3878,     42.4096,    245.2320,     61.7156,      3.4953,      0.1895,      0.1565,    103.6114,      0.1906,      5.5078,     11.0156,      1.6840,     28.2980,     56.5961,      0.0190,      0.0052,      0.2457,      0.1982,   7587.8076,-548981.7500,  -1048.0217,    534.9818,  25292.6895,
       1,     167,      83,      18,       1,       3,       1,     10.0000,      1.3878,     42.4096,    245.2320,     61.7156,      3.4953,      0.1726,      0.1400,     78.7652,      0.1803,      5.5078,     11.0156,      1.5930,     28.2980,     56.5961,      0.0190,      0.0044,      0.2236,      0.1981,   7587.8071,-560719.2500,  -1051.4503,    534.1991,  25292.6895,
       1,     167,      83,      19,       1,       3,       1,     10.0000,      1.3878,     42.4096,    245.2320,     61.7156,      3.4953,      0.1383,      0.1060,     86.5348,      0.1693,      5.5078,     11.0156,      1.4961,     28.2980,     56.5961,      0.0190,      0.0062,      0.1721,      0.1981,   7587.8071,-529878.9375,  -1043.7753,    536.2590,  25292.6855,
       1,     167,      83,      20,       1,       3,       1,     10.0000,      1.3878,     42.4096,    245.2320,     61.7156,      3.4953,      0.0237,     -0.0079,      7.6463,      0.1507,      5.5078,     11.0156,      1.3320,     28.2980,     56.5961,      0.0190,      0.0072,      0.0132,      0.1982,   7587.8062,-537180.0000,  -1045.9862,    535.7736,  25292.6875,
       1,     167,      83,      21,       1,       3,       1,     10.0000,      1.3878,     42.4096,    245.2320,     61.7156,      3.4953,      0.0000,     -0.0313,      8.6064,      0.1410,      5.5078,     11.0156,      1.2463,     28.2980,     56.5961,      0.0190,      0.0069,      0.0156,      0.1981,   7587.8066,-436704.9375,  -1019.8503,    542.5028,  25292.6875,
       1,     167,      83,      22,       1,       3,       1,     10.0000,      1.3878,     42.4096,    245.2320,     61.7156,      3.4953,      0.0000,     -0.0312,      7.8583,      0.1381,      5.5078,     11.0156,      1.2201,     28.2980,     56.5961,      0.0190,      0.0063,      0.0156,      0.1982,   7587.8066,-429367.4688,  -1017.8856,    543.0428,  25292.6875,
       1,     167,      83,      23,       1,       3,       1,     10.0000,      1.3878,     42.4096,    245.2320,     61.7156,      3.4953,      0.0000,     -0.0311,      7.1690,      0.1360,      5.5078,     11.0156,      1.2017,     28.2980,     56.5961,      0.0190,      0.0057,      0.0156,      0.1983,   7587.8066,-427719.4688,  -1017.4153,    543.1550,  25292.6875,
       1,     167,      83,      24,       1,       3,       1,     10.0000,      1.3878,     42.4096,    245.2320,     61.7156,      3.4953,      0.0000,     -0.0309,      6.3510,      0.1314,      5.5078,     11.0156,      1.1610,     28.2980,     56.5961,      0.0190,      0.0051,      0.0156,      0.1983,   7587.8066,-426694.0000,  -1017.1132,    543.2247,  25292.6875,
       1,     167,      84,       1,       1,       3,       1,     10.0000,      1.3878,     42.4100,    245.2379,     61.7170,      3.4953,      0.0000,     -0.0309,      4.9577,      0.1311,      5.5076,     11.0152,      1.1587,     28.3072,     56.6143,      0.0190,      0.0040,      0.0156,      0.1983,   7587.8066,-425714.3750,  -1017.2098,    543.3041,  25293.8281,
       1,     167,      84,       2,       1,       3,       1,     10.0000,      1.3878,     42.4100,    245.2379,     61.7170,      3.4953,      0.0000,     -0.0309,      3.9977,      0.1315,      5.5076,     11.0152,      1.1622,     28.3072,     56.6143,      0.0190,      0.0032,      0.0156,      0.1983,   7588.1489,-423692.9062,  -1016.2772,    543.4413,  25293.8281,
       1,     167,      84,       3,       1,       3,       1,     10.0000,      1.3878,     42.4100,    245.2379,     61.7170,      3.4953,      0.0000,     -0.0310,      3.5908,      0.1321,      5.5076,     11.0152,      1.1670,     28.3072,     56.6143,      0.0190,      0.0029,      0.0156,      0.1983,   7588.1489,-422289.3438,  -1015.8918,    543.5367,  25293.8281,
       1,     167,      84,       4,       1,       3,       1,     10.0000,      1.3878,     42.4100,    245.2379,     61.7170,      3.4953,      0.0000,     -0.0309,      3.5200,      0.1318,      5.5076,     11.0152,      1.1646,     28.3072,     56.6143,      0.0190,      0.0028,      0.0156,      0.1983,   7588.1489,-421646.8750,  -1015.7081,    543.5804,  25293.8281,
       1,     167,      84,       5,       1,       3,       1,     10.0000,      1.3878,     42.4100,    245.2379,     61.7170,      3.4953,      0.0000,     -0.0308,      2.7390,      0.1280,      5.5076,     11.0152,      1.1308,     28.3072,     56.6143,      0.0190,      0.0022,      0.0156,      0.1983,   7588.1489,-421500.3438,  -1015.6551,    543.5903,  25293.8281,
       1,     167,      84,       6,       1,       3,       1,     10.0000,      1.3878,     42.4100,    245.2379,     61.7170,      3.4953,      0.0000,     -0.0308,      2.8675,      0.1284,      5.5076,     11.0152,      1.1342,     28.3072,     56.6143,      0.0190,      0.0023,      0.0156,      0.1983,   7588.1489,-420488.6250,  -1015.3785,    543.6590,  25293.8281,
       1,     167,      84,       7,       1,       3,       1,     10.0000,      1.3878,     42.4100,    245.2379,     61.7170,      3.4953,      0.0000,     -0.0308,      3.0409,      0.1277,      5.5076,     11.0152,      1.1285,     28.3072,     56.6143,      0.0190,      0.0024,      0.0156,      0.1983,   7588.1489,-420565.1562,  -1015.3869,    543.6538,  25293.8281,
       1,     167,      84,       8,       1,       3,       1,     10.0000,      1.3878,     42.4100,    245.2379,     61.7170,      3.4953,      0.0058,     -0.0249,      3.1904,      0.1276,      5.5076,     11.0152,      1.1273,     28.3072,     56.6143,      0.0190,      0.0025,      0.0156,      0.1983,   7588.1489,-420793.6875,  -1015.4350,    543.6383,  25293.8281,
       1,     167,      84,       9,       1,       3,       1,     10.0000,      1.3878,     42.4100,    245.2379,     61.7170,      3.4953,      0.0953,      0.0640,     23.7373,      0.1409,      5.5076,     11.0152,      1.2451,     28.3072,     56.6143,      0.0190,      0.0025,      0.1166,      0.1983,   7588.1489,-421004.7500,  -1015.4775,    543.6240,  25293.8281,
       1,     167,      84,      10,       1,       3,       1,     10.0000,      1.3878,     42.4100,    245.2379,     61.7170,      3.4953,      0.1546,      0.1228,     40.2532,      0.1546,      5.5076,     11.0152,      1.3659,     28.3072,     56.6143,      0.0190,      0.0025,      0.2014,      0.1983,   7588.1489,-447305.0625,  -1022.3903,    541.8367,  25293.8281,
       1,     167,      84,      11,       1,       3,       1,     10.0000,      1.3878,     42.4100,    245.2379,     61.7170,      3.4953,      0.1438,      0.1117,     40.8450,      0.1655,      5.5076,     11.0152,      1.4622,     28.3072,     56.6143,      0.0190,      0.0027,      0.1856,      0.1983,   7588.1489,-470732.8125,  -1028.5634,    540.2529,  25293.8281,
       1,     167,      84,      12,       1,       3,       1,     10.0000,      1.3878,     42.4100,    245.2379,     61.7170,      3.4953,      0.1758,      0.1434,     56.4428,      0.1738,      5.5076,     11.0152,      1.5355,     28.3072,     56.6143,      0.0190,      0.0030,      0.2309,      0.1982,   7588.1489,-473526.2188,  -1029.3586,    540.0666,  25293.8262,
       1,     167,      84,      13,       1,       3,       1,     10.0000,      1.3878,     42.4100,    245.2379,     61.7170,      3.4953,      0.1805,      0.1478,     63.7573,      0.1819,      5.5076,     11.0152,      1.6073,     28.3072,     56.6143,      0.0190,      0.0033,      0.2370,      0.1982,   7588.1479,-493733.0000,  -1034.7488,    538.7025,  25293.8242,
       1,     167,      84,      14,       1,       3,       1,     10.0000,      1.3878,     42.4100,    245.2379,     61.7170,      3.4953,      0.1904,      0.1574,     79.1276,      0.1929,      5.5076,     11.0152,      1.7041,     28.3072,     56.6143,      0.0190,      0.0039,      0.2500,      0.1982,   7588.1475,-504855.9375,  -1037.8203,    537.9553,  25293.8262,
       1,     167,      84,      15,       1,       3,       1,     10.0000,      1.3878,     42.4100,    245.2379,     61.7170,      3.4953,      0.1913,      0.1583,     91.0635,      0.1940,      5.5076,     11.0152,      1.7143,     28.3072,     56.6143,      0.0190,      0.0045,      0.2500,      0.1982,   7588.1479,-525503.9375,  -1043.4419,    536.5673,  25293.8262,
       1,     167,      84,      16,       1,       3,       1,     10.0000,      1.3878,     42.4100,    245.2379,     61.7170,      3.4953,      0.1920,      0.1590,    109.7494,      0.1940,      5.5076,     11.0152,      1.7143,     28.3072,     56.6143,      0.0190,      0.0055,      0.2489,      0.1982,   7588.1479,-542588.6250,  -1048.2120,    535.4232,  25293.8223,
       1,     167,      84,      17,       1,       3,       1,     10.0000,      1.3878,     42.4100,    245.2379,     61.7170,      3.4953,      0.1843,      0.1513,    114.8883,      0.1932,      5.5076,     11.0152,      1.7075,     28.3072,     56.6143,      0.0190,      0.0060,      0.2368,      0.1982,   7588.1470,-568016.0625,  -1055.2705,    533.7226,  25293.8223,
       1,     167,      84,      18,       1,       3,       1,     10.0000,      1.3878,     42.4100,    245.2379,     61.7170,      3.4953,      0.1192,      0.0865,     71.3243,      0.1814,      5.5076,     11.0152,      1.6026,     28.3072,     56.6143,      0.0190,      0.0061,      0.1456,      0.1981,   7588.1470,-576812.6250,  -1058.0527,    533.1384,  25293.8223,
       1,     167,      84,      19,       1,       3,       1,     10.0000,      1.3878,     42.4100,    245.2379,     61.7170,      3.4953,      0.0711,      0.0388,     44.1044,      0.1693,      5.5076,     11.0152,      1.4962,     28.3072,     56.6143,      0.0190,      0.0070,      0.0780,      0.1981,   7588.1470,-521709.8438,  -1043.9640,    536.8109,  25293.8184,
       1,     167,      84,      20,       1,       3,       1,     10.0000,      1.3878,     42.4100,    245.2379,     61.7170,      3.4953,      0.0112,     -0.0205,      9.0767,      0.1520,      5.5076,     11.0152,      1.3428,     28.3072,     56.6143,      0.0190,      0.0072,      0.0156,      0.1982,   7588.1460,-482114.7188,  -1033.7239,    539.4805,  25293.8203,
       1,     167,      84,      21,       1,       3,       1,     10.0000,      1.3878,     42.4100,    245.2379,     61.7170,      3.4953,      0.0000,     -0.0314,      9.3096,      0.1426,      5.5076,     11.0152,      1.2602,     28.3072,     56.6143,      0.0190,      0.0074,      0.0156,      0.1982,   7588.1465,-433846.0938,  -1020.9955,    542.7422,  25293.8203,
       1,     167,      84,      22,       1,       3,       1,     10.0000,      1.3878,     42.4100,    245.2379,     61.7170,      3.4953,      0.0000,     -0.0312,      8.7739,      0.1395,      5.5076,     11.0152,      1.2325,     28.3072,     56.6143,      0.0190,      0.0070,      0.0156,      0.1983,   7588.1465,-429980.1875,  -1019.9459,    543.0143,  25293.8203,
       1,     167,      84,      23,       1,       3,       1,     10.0000,      1.3878,     42.4100,    245.2379,     61.7170,      3.4953,      0.0000,     -0.0312,      7.5852,      0.1375,      5.5076,     11.0152,      1.2152,     28.3072,     56.6143,      0.0190,      0.0060,      0.0156,      0.1983,   7588.1465,-428946.6875,  -1019.6472,    543.0846,  25293.8203,
       1,     167,      84,      24,       1,       3,       1,     10.0000,      1.3878,     42.4100,    245.2379,     61.7170,      3.4953,      0.0000,     -0.0311,      6.5919,      0.1349,      5.5076,     11.0152,      1.1921,     28.3072,     56.6143,      0.0190,      0.0053,      0.0156,      0.1983,   7588.1465,-427336.0312,  -1019.1997,    543.1939,  25293.8203,
       1,     167,      85,       1,       1,       3,       1,     10.0000,      1.3878,     42.4103,    245.2437,     61.7186,      3.4953,      0.0000,     -0.0310,      4.9956,      0.1327,      5.5087,     11.0174,      1.1729,     28.3107,     56.6214,      0.0190,      0.0040,      0.0156,      0.1983,   7588.1465,-426081.2812,  -1019.2343,    543.2920,  25294.9629,
       1,     167,      85,       2,       1,       3,       1,     10.0000,      1.3878,     42.4103,    245.2437,     61.7186,      3.4953,      0.0000,     -0.0310,      4.1209,      0.1321,      5.5087,     11.0174,      1.1670,     28.3107,     56.6214,      0.0190,      0.0033,      0.0156,      0.1983,   7588.4893,-423776.4688,  -1018.2267,    543.4485,  25294.9629,
       1,     167,      85,       3,       1,       3,       1,     10.0000,      1.3878,     42.4103,    245.2437,     61.7186,      3.4953,      0.0000,     -0.0309,      3.6480,      0.1311,      5.5087,     11.0174,      1.1587,     28.3107,     56.6214,      0.0190,      0.0029,      0.0156,      0.1983,   7588.4893,-422457.5625,  -1017.8671,    543.5381,  25294.9629,
       1,     167,      85,       4,       1,       3,       1,     10.0000,      1.3878,     42.4103,    245.2437,     61.7186,      3.4953,      0.0000,     -0.0307,      3.3809,      0.1258,      5.5087,     11.0174,      1.1114,     28.3107,     56.6214,      0.0190,      0.0027,      0.0156,      0.1983,   7588.4893,-421737.9375,  -1017.6674,    543.5870,  25294.9609,
       1,     167,      85,       5,       1,       3,       1,     10.0000,      1.3878,     42.4103,    245.2437,     61.7186,      3.4953,      0.0000,     -0.0306,      3.1564,      0.1240,      5.5087,     11.0174,      1.0957,     28.3107,     56.6214,      0.0190,      0.0025,      0.0156,      0.1983,   7588.4888,-421334.1875,  -1017.5536,    543.6145,  25294.9609,
       1,     167,      85,       6,       1,       3,       1,     10.0000,      1.3878,     42.4103,    245.2437,     61.7186,      3.4953,      0.0000,     -0.0305,      3.0583,      0.1210,      5.5087,     11.0174,      1.0692,     28.3107,     56.6214,      0.0190,      0.0024,      0.0156,      0.1983,   7588.4888,-421011.9688,  -1017.4609,    543.6364,  25294.9609,
       1,     167,      85,       7,       1,       3,       1,     10.0000,      1.3878,     42.4103,    245.2437,     61.7186,      3.4953,      0.0000,     -0.0306,      3.4045,      0.1221,      5.5087,     11.0174,      1.0791,     28.3107,     56.6214,      0.0190,      0.0027,      0.0156,      0.1983,   7588.4888,-420858.5312,  -1017.4130,    543.6468,  25294.9609,
       1,     167,      85,       8,       1,       3,       1,     10.0000,      1.3878,     42.4103,    245.2437,     61.7186,      3.4953,      0.0050,     -0.0256,      3.5659,      0.1230,      5.5087,     11.0174,      1.0868,     28.3107,     56.6214,      0.0190,      0.0028,      0.0156,      0.1983,   7588.4888,-421287.9688,  -1017.5181,    543.6176,  25294.9609,
       1,     167,      85,       9,       1,       3,       1,     10.0000,      1.3878,     42.4103,    245.2437,     61.7186,      3.4953,      0.0774,      0.0463,     18.4158,      0.1340,      5.5087,     11.0174,      1.1837,     28.3107,     56.6214,      0.0190,      0.0025,      0.0911,      0.1983,   7588.4888,-421531.6875,  -1017.5736,    543.6011,  25294.9609,
       1,     167,      85,      10,       1,       3,       1,     10.0000,      1.3878,     42.4103,    245.2437,     61.7186,      3.4953,      0.1684,      0.1366,     41.4304,      0.1557,      5.5087,     11.0174,      1.3756,     28.3107,     56.6214,      0.0190,      0.0023,      0.2217,      0.1983,   7588.4888,-440545.5938,  -1022.6169,    542.3091,  25294.9609,
       1,     167,      85,      11,       1,       3,       1,     10.0000,      1.3878,     42.4103,    245.2437,     61.7186,      3.4953,      0.1881,      0.1558,     46.7673,      0.1698,      5.5087,     11.0174,      1.5007,     28.3107,     56.6214,      0.0190,      0.0023,      0.2500,      0.1983,   7588.4888,-471645.3750,  -1030.8798,    540.2024,  25294.9609,
       1,     167,      85,      12,       1,       3,       1,     10.0000,      1.3878,     42.4103,    245.2437,     61.7186,      3.4953,      0.1884,      0.1557,     53.0902,      0.1841,      5.5087,     11.0174,      1.6267,     28.3107,     56.6214,      0.0190,      0.0026,      0.2500,      0.1983,   7588.4888,-481185.2500,  -1033.4657,    539.5623,  25294.9609,
       1,     167,      85,      13,       1,       3,       1,     10.0000,      1.3878,     42.4103,    245.2437,     61.7186,      3.4953,      0.1840,      0.1507,     57.6112,      0.2022,      5.5087,     11.0174,      1.7869,     28.3107,     56.6214,      0.0190,      0.0029,      0.2431,      0.1983,   7588.4888,-490102.0625,  -1035.9176,    538.9613,  25294.9590,
       1,     167,      85,      14,       1,       3,       1,     10.0000,      1.3878,     42.4103,    245.2437,     61.7186,      3.4953,      0.1880,      0.1545,     71.3276,      0.2079,      5.5087,     11.0174,      1.8369,     28.3107,     56.6214,      0.0190,      0.0036,      0.2475,      0.1982,   7588.4878,-496663.4688,  -1037.7899,    538.5196,  25294.9570,
       1,     167,      85,      15,       1,       3,       1,     10.0000,      1.3878,     42.4103,    245.2437,     61.7186,      3.4953,      0.1689,      0.1354,     86.0366,      0.2091,      5.5087,     11.0174,      1.8478,     28.3107,     56.6214,      0.0190,      0.0049,      0.2175,      0.1982,   7588.4873,-514794.9375,  -1042.7661,    537.2992,  25294.9570,
       1,     167,      85,      16,       1,       3,       1,     10.0000,      1.3878,     42.4103,    245.2437,     61.7186,      3.4953,      0.1918,      0.1584,    130.7266,      0.2060,      5.5087,     11.0174,      1.8207,     28.3107,     56.6214,      0.0190,      0.0066,      0.2463,      0.1982,   7588.4873,-535208.4375,  -1048.4333,    535.9296,  25294.9570,
       1,     167,      85,      17,       1,       3,       1,     10.0000,      1.3878,     42.4103,    245.2437,     61.7186,      3.4953,      0.1513,      0.1183,    111.1093,      0.1932,      5.5087,     11.0174,      1.7076,     28.3107,     56.6214,      0.0190,      0.0073,      0.1885,      0.1982,   7588.4873,-594237.2500,  -1064.4697,    531.9769,  25294.9570,
       1,     167,      85,      18,       1,       3,       1,     10.0000,      1.3878,     42.4103,    245.2437,     61.7186,      3.4953,      0.1564,      0.1236,    135.8399,      0.1835,      5.5087,     11.0174,      1.6218,     28.3107,     56.6214,      0.0190,      0.0087,      0.1931,      0.1981,   7588.4873,-574233.7500,  -1059.7213,    533.3216,  25294.9570,
       1,     167,      85,      19,       1,       3,       1,     10.0000,      1.3878,     42.4103,    245.2437,     61.7186,      3.4953,      0.1202,      0.0880,    100.2609,      0.1685,      5.5087,     11.0174,      1.4888,     28.3107,     56.6214,      0.0190,      0.0087,      0.1440,      0.1981,   7588.4873,-604196.5000,  -1068.2369,    531.3259,  25294.9551,
       1,     167,      85,      20,       1,       3,       1,     10.0000,      1.3878,     42.4103,    245.2437,     61.7186,      3.4953,      0.0127,     -0.0190,     11.2776,      0.1535,      5.5087,     11.0174,      1.3564,     28.3107,     56.6214,      0.0190,      0.0090,      0.0156,      0.1981,   7588.4868,-561162.1250,  -1057.3639,    534.1877,  25294.9551,
       1,     167,      85,      21,       1,       3,       1,     10.0000,      1.3878,     42.4103,    245.2437,     61.7186,      3.4953,      0.0000,     -0.0314,     10.3101,      0.1451,      5.5087,     11.0174,      1.2821,     28.3107,     56.6214,      0.0190,      0.0082,      0.0156,      0.1982,   7588.4868,-443402.7500,  -1026.2501,    542.0587,  25294.9531,
       1,     167,      85,      22,       1,       3,       1,     10.0000,      1.3878,     42.4103,    245.2437,     61.7186,      3.4953,      0.0000,     -0.0312,      7.6401,      0.1378,      5.5087,     11.0174,      1.2177,     28.3107,     56.6214,      0.0190,      0.0061,      0.0156,      0.1983,   7588.4863,-432153.2188,  -1023.2327,    542.8792,  25294.9531,
       1,     167,      85,      23,       1,       3,       1,     10.0000,      1.3878,     42.4103,    245.2437,     61.7186,      3.4953,      0.0000,     -0.0311,      7.3920,      0.1367,      5.5087,     11.0174,      1.2079,     28.3107,     56.6214,      0.0190,      0.0059,      0.0156,      0.1983,   7588.4863,-427688.3750,  -1022.0278,    543.1827,  25294.9531,
       1,     167,      85,      24,       1,       3,       1,     10.0000,      1.3878,     42.4103,    245.2437,     61.7186,      3.4953,      0.0000,     -0.0311,      6.2433,      0.1363,      5.5087,     11.0174,      1.2042,     28.3107,     56.6214,      0.0190,      0.0050,      0.0156,      0.1983,   7588.4863,-426982.6562,  -1021.8281,    543.2308,  25294.9531,
       1,     167,      86,       1,       1,       3,       1,     10.0000,      1.3879,     42.4106,    245.2496,     61.7200,      3.4953,      0.0000,     -0.0310,      5.2956,      0.1338,      5.5081,     11.0163,      1.1825,     28.3161,     56.6321,      0.0190,      0.0042,      0.0156,      0.1983,   7588.4863,-425608.0000,  -1021.8407,    543.3370,  25296.0957,
       1,     167,      86,       2,       1,       3,       1,     10.0000,      1.3879,     42.4106,    245.2496,     61.7200,      3.4953,      0.0000,     -0.0310,      4.0961,      0.1318,      5.5081,     11.0163,      1.1646,     28.3161,     56.6321,      0.0190,      0.0033,      0.0156,      0.1983,   7588.8291,-424122.6250,  -1021.0485,    543.4379,  25296.0957,
       1,     167,      86,       3,       1,       3,       1,     10.0000,      1.3879,     42.4106,    245.2496,     61.7200,      3.4953,      0.0000,     -0.0308,      3.6300,      0.1288,      5.5081,     11.0163,      1.1378,     28.3161,     56.6321,      0.0190,      0.0029,      0.0156,      0.1983,   7588.8291,-422459.5312,  -1020.5982,    543.5509,  25296.0957,
       1,     167,      86,       4,       1,       3,       1,     10.0000,      1.3879,     42.4106,    245.2496,     61.7200,      3.4953,      0.0000,     -0.0309,      3.4140,      0.1293,      5.5081,     11.0163,      1.1424,     28.3161,     56.6321,      0.0190,      0.0027,      0.0156,      0.1983,   7588.8291,-421719.0000,  -1020.3957,    543.6013,  25296.0957,
       1,     167,      86,       5,       1,       3,       1,     10.0000,      1.3879,     42.4106,    245.2496,     61.7200,      3.4953,      0.0000,     -0.0308,      3.1335,      0.1282,      5.5081,     11.0163,      1.1331,     28.3161,     56.6321,      0.0190,      0.0025,      0.0156,      0.1983,   7588.8291,-421378.4062,  -1020.3004,    543.6244,  25296.0957,
       1,     167,      86,       6,       1,       3,       1,     10.0000,      1.3879,     42.4106,    245.2496,     61.7200,      3.4953,      0.0000,     -0.0308,      2.8373,      0.1269,      5.5081,     11.0163,      1.1217,     28.3161,     56.6321,      0.0190,      0.0023,      0.0156,      0.1983,   7588.8291,-420989.9688,  -1020.1929,    543.6508,  25296.0957,
       1,     167,      86,       7,       1,       3,       1,     10.0000,      1.3879,     42.4106,    245.2496,     61.7200,      3.4953,      0.0000,     -0.0307,      2.4616,      0.1248,      5.5081,     11.0163,      1.1024,     28.3161,     56.6321,      0.0190,      0.0020,      0.0156,      0.1983,   7588.8291,-420577.5625,  -1020.0793,    543.6788,  25296.0957,
       1,     167,      86,       8,       1,       3,       1,     10.0000,      1.3879,     42.4106,    245.2496,     61.7200,      3.4953,      0.0061,     -0.0246,      1.9734,      0.1253,      5.5081,     11.0163,      1.1069,     28.3161,     56.6321,      0.0190,      0.0016,      0.0156,      0.1983,   7588.8291,-420061.1875,  -1019.9386,    543.7139,  25296.0957,
       1,     167,      86,       9,       1,       3,       1,     10.0000,      1.3879,     42.4106,    245.2496,     61.7200,      3.4953,      0.1172,      0.0858,     21.4223,      0.1425,      5.5081,     11.0163,      1.2590,     28.3161,     56.6321,      0.0190,      0.0018,      0.1489,      0.1983,   7588.8291,-419392.0000,  -1019.7573,    543.7593,  25296.0957,
       1,     167,      86,      10,       1,       3,       1,     10.0000,      1.3879,     42.4106,    245.2496,     61.7200,      3.4953,      0.1784,      0.1463,     42.0480,      0.1629,      5.5081,     11.0163,      1.4391,     28.3161,     56.6321,      0.0190,      0.0022,      0.2362,      0.1983,   7588.8291,-444204.8125,  -1026.4087,    542.0729,  25296.0957,
       1,     167,      86,      11,       1,       3,       1,     10.0000,      1.3879,     42.4106,    245.2496,     61.7200,      3.4953,      0.1881,      0.1557,     47.2332,      0.1714,      5.5081,     11.0163,      1.5143,     28.3161,     56.6321,      0.0190,      0.0023,      0.2500,      0.1983,   7588.8291,-472753.5312,  -1034.0760,    540.1410,  25296.0957,
       1,     167,      86,      12,       1,       3,       1,     10.0000,      1.3879,     42.4106,    245.2496,     61.7200,      3.4953,      0.1877,      0.1550,     43.5674,      0.1837,      5.5081,     11.0163,      1.6235,     28.3161,     56.6321,      0.0190,      0.0022,      0.2500,      0.1983,   7588.8291,-481873.1562,  -1036.5787,    539.5286,  25296.0938,
       1,     167,      86,      13,       1,       3,       1,     10.0000,      1.3879,     42.4106,    245.2496,     61.7200,      3.4953,      0.1879,      0.1547,     47.2380,      0.1973,      5.5081,     11.0163,      1.7434,     28.3161,     56.6321,      0.0190,      0.0023,      0.2500,      0.1983,   7588.8286,-477968.2812,  -1035.6174,    539.7924,  25296.0957,
       1,     167,      86,      14,       1,       3,       1,     10.0000,      1.3879,     42.4106,    245.2496,     61.7200,      3.4953,      0.1889,      0.1558,     60.2649,      0.1957,      5.5081,     11.0163,      1.7297,     28.3161,     56.6321,      0.0190,      0.0030,      0.2500,      0.1983,   7588.8291,-482327.4375,  -1036.8566,    539.4983,  25296.0918,
       1,     167,      86,      15,       1,       3,       1,     10.0000,      1.3879,     42.4106,    245.2496,     61.7200,      3.4953,      0.1720,      0.1391,     74.9242,      0.1868,      5.5081,     11.0163,      1.6511,     28.3161,     56.6321,      0.0190,      0.0042,      0.2231,      0.1983,   7588.8276,-499380.0938,  -1041.5304,    538.3484,  25296.0918,
       1,     167,      86,      16,       1,       3,       1,     10.0000,      1.3879,     42.4106,    245.2496,     61.7200,      3.4953,      0.1413,      0.1085,     71.9906,      0.1837,      5.5081,     11.0163,      1.6235,     28.3161,     56.6321,      0.0190,      0.0050,      0.1781,      0.1983,   7588.8276,-519629.5312,  -1047.1415,    536.9869,  25296.0918,
       1,     167,      86,      17,       1,       3,       1,     10.0000,      1.3879,     42.4106,    245.2496,     61.7200,      3.4953,      0.1067,      0.0742,     59.9778,      0.1762,      5.5081,     11.0163,      1.5571,     28.3161,     56.6321,      0.0190,      0.0058,      0.1285,      0.1982,   7588.8276,-517629.4375,  -1046.8635,    537.1229,  25296.0918,
       1,     167,      86,      18,       1,       3,       1,     10.0000,      1.3879,     42.4106,    245.2496,     61.7200,      3.4953,      0.1031,      0.0708,     64.7079,      0.1683,      5.5081,     11.0163,      1.4873,     28.3161,     56.6321,      0.0190,      0.0066,      0.1227,      0.1982,   7588.8276,-502069.1875,  -1042.9296,    538.1677,  25296.0898,
       1,     167,      86,      19,       1,       3,       1,     10.0000,      1.3879,     42.4106,    245.2496,     61.7200,      3.4953,      0.1298,      0.0978,     81.1408,      0.1624,      5.5081,     11.0163,      1.4347,     28.3161,     56.6321,      0.0190,      0.0063,      0.1603,      0.1983,   7588.8271,-506782.3438,  -1044.3834,    537.8516,  25296.0898,
       1,     167,      86,      20,       1,       3,       1,     10.0000,      1.3879,     42.4106,    245.2496,     61.7200,      3.4953,      0.0182,     -0.0136,      2.3537,      0.1555,      5.5081,     11.0163,      1.3742,     28.3161,     56.6321,      0.0190,      0.0053,      0.0055,      0.1983,   7588.8271,-528231.4375,  -1050.3650,    536.4097,  25296.0898,
       1,     167,      86,      21,       1,       3,       1,     10.0000,      1.3879,     42.4106,    245.2496,     61.7200,      3.4953,      0.0000,     -0.0317,      6.2322,      0.1518,      5.5081,     11.0163,      1.3415,     28.3161,     56.6321,      0.0190,      0.0050,      0.0156,      0.1982,   7588.8271,-429173.5000,  -1023.9560,    543.0536,  25296.0879,
       1,     167,      86,      22,       1,       3,       1,     10.0000,      1.3879,     42.4106,    245.2496,     61.7200,      3.4953,      0.0000,     -0.0316,      5.7292,      0.1506,      5.5081,     11.0163,      1.3308,     28.3161,     56.6321,      0.0190,      0.0046,      0.0156,      0.1983,   7588.8267,-425683.7812,  -1023.0151,    543.3318,  25296.0879,
       1,     167,      86,      23,       1,       3,       1,     10.0000,      1.3879,     42.4106,    245.2496,     61.7200,      3.4953,      0.0000,     -0.0315,      5.4708,      0.1479,      5.5081,     11.0163,      1.3069,     28.3161,     56.6321,      0.0190,      0.0044,      0.0156,      0.1983,   7588.8267,-424684.7188,  -1022.7421,    543.3998,  25296.0879,
       1,     167,      86,      24,       1,       3,       1,     10.0000,      1.3879,     42.4106,    245.2496,     61.7200,      3.4953,      0.0000,     -0.0316,      4.9971,      0.1489,      5.5081,     11.0163,      1.3161,     28.3161,     56.6321,      0.0190,      0.0040,      0.0156,      0.1983,   7588.8267,-424267.1875,  -1022.6259,    543.4281,  25296.0879,
       1,     167,      87,       1,       1,       3,       1,     10.0000,      1.3879,     42.4110,    245.2554,     61.7215,      3.4953,      0.0000,     -0.0315,      4.7273,      0.1464,      5.5088,     11.0176,      1.2938,     28.3198,     56.6396,      0.0190,      0.0038,      0.0156,      0.1984,   7588.8267,-423781.5938,  -1022.8831,    543.4740,  25297.2324,
       1,     167,      87,       2,       1,       3,       1,     10.0000,      1.3879,     42.4110,    245.2554,     61.7215,      3.4953,      0.0000,     -0.0314,      3.9431,      0.1448,      5.5088,     11.0176,      1.2795,     28.3198,     56.6396,      0.0190,      0.0031,      0.0156,      0.1984,   7589.1699,-423240.2188,  -1022.3436,    543.5108,  25297.2324,
       1,     167,      87,       3,       1,       3,       1,     10.0000,      1.3879,     42.4110,    245.2554,     61.7215,      3.4953,      0.0000,     -0.0314,      3.6262,      0.1438,      5.5088,     11.0176,      1.2705,     28.3198,     56.6396,      0.0190,      0.0029,      0.0156,      0.1984,   7589.1699,-422190.4062,  -1022.0587,    543.5821,  25297.2324,
       1,     167,      87,       4,       1,       3,       1,     10.0000,      1.3879,     42.4110,    245.2554,     61.7215,      3.4953,      0.0000,     -0.0313,      3.3222,      0.1418,      5.5088,     11.0176,      1.2527,     28.3198,     56.6396,      0.0190,      0.0026,      0.0156,      0.1984,   7589.1699,-421693.9062,  -1021.9227,    543.6158,  25297.2305,
       1,     167,      87,       5,       1,       3,       1,     10.0000,      1.3879,     42.4110,    245.2554,     61.7215,      3.4953,      0.0000,     -0.0312,      3.2290,      0.1388,      5.5088,     11.0176,      1.2264,     28.3198,     56.6396,      0.0190,      0.0026,      0.0156,      0.1984,   7589.1694,-421262.3438,  -1021.8051,    543.6452,  25297.2305,
       1,     167,      87,       6,       1,       3,       1,     10.0000,      1.3879,     42.4110,    245.2554,     61.7215,      3.4953,      0.0000,     -0.0312,      2.9783,      0.1377,      5.5088,     11.0176,      1.2165,     28.3198,     56.6396,      0.0190,      0.0024,      0.0156,      0.1984,   7589.1694,-421105.5938,  -1021.7607,    543.6558,  25297.2305,
       1,     167,      87,       7,       1,       3,       1,     10.0000,      1.3879,     42.4110,    245.2554,     61.7215,      3.4953,      0.0000,     -0.0311,      2.8856,      0.1359,      5.5088,     11.0176,      1.2006,     28.3198,     56.6396,      0.0190,      0.0023,      0.0156,      0.1984,   7589.1694,-420771.4062,  -1021.6693,    543.6785,  25297.2305,
       1,     167,      87,       8,       1,       3,       1,     10.0000,      1.3879,     42.4110,    245.2554,     61.7215,      3.4953,      0.0054,     -0.0257,      2.7643,      0.1367,      5.5088,     11.0176,      1.2079,     28.3198,     56.6396,      0.0190,      0.0022,      0.0156,      0.1984,   7589.1694,-420623.8750,  -1021.6277,    543.6885,  25297.2305,
       1,     167,      87,       9,       1,       3,       1,     10.0000,      1.3879,     42.4110,    245.2554,     61.7215,      3.4953,      0.0499,      0.0184,      9.6322,      0.1464,      5.5088,     11.0176,      1.2938,     28.3198,     56.6396,      0.0190,      0.0023,      0.0516,      0.1984,   7589.1694,-420455.9062,  -1021.5812,    543.7000,  25297.2305,
       1,     167,      87,      10,       1,       3,       1,     10.0000,      1.3879,     42.4110,    245.2554,     61.7215,      3.4953,      0.1320,      0.1000,     31.3146,      0.1604,      5.5088,     11.0176,      1.4176,     28.3198,     56.6396,      0.0190,      0.0023,      0.1692,      0.1984,   7589.1694,-429222.9375,  -1023.9442,    543.1041,  25297.2305,
       1,     167,      87,      11,       1,       3,       1,     10.0000,      1.3879,     42.4110,    245.2554,     61.7215,      3.4953,      0.1655,      0.1329,     43.2146,      0.1783,      5.5088,     11.0176,      1.5758,     28.3198,     56.6396,      0.0190,      0.0025,      0.2172,      0.1984,   7589.1694,-457713.5000,  -1031.6356,    541.1703,  25297.2305,
       1,     167,      87,      12,       1,       3,       1,     10.0000,      1.3879,     42.4110,    245.2554,     61.7215,      3.4953,      0.1759,      0.1430,     46.3319,      0.1891,      5.5088,     11.0176,      1.6709,     28.3198,     56.6396,      0.0190,      0.0025,      0.2323,      0.1983,   7589.1694,-475420.7188,  -1036.4469,    539.9759,  25297.2305,
       1,     167,      87,      13,       1,       3,       1,     10.0000,      1.3879,     42.4110,    245.2554,     61.7215,      3.4953,      0.1878,      0.1551,     45.4842,      0.1852,      5.5088,     11.0176,      1.6364,     28.3198,     56.6396,      0.0190,      0.0023,      0.2500,      0.1983,   7589.1694,-480944.8125,  -1038.0083,    539.6044,  25297.2285,
       1,     167,      87,      14,       1,       3,       1,     10.0000,      1.3879,     42.4110,    245.2554,     61.7215,      3.4953,      0.1890,      0.1562,     59.9536,      0.1856,      5.5088,     11.0176,      1.6397,     28.3198,     56.6396,      0.0190,      0.0030,      0.2500,      0.1983,   7589.1689,-480337.5625,  -1037.9381,    539.6454,  25297.2266,
       1,     167,      87,      15,       1,       3,       1,     10.0000,      1.3879,     42.4110,    245.2554,     61.7215,      3.4953,      0.1901,      0.1576,     73.6121,      0.1774,      5.5088,     11.0176,      1.5680,     28.3198,     56.6396,      0.0190,      0.0037,      0.2500,      0.1983,   7589.1685,-498802.9062,  -1043.0110,    538.3999,  25297.2305,
       1,     167,      87,      16,       1,       3,       1,     10.0000,      1.3879,     42.4110,    245.2554,     61.7215,      3.4953,      0.1919,      0.1589,     97.3260,      0.1915,      5.5088,     11.0176,      1.6925,     28.3198,     56.6396,      0.0190,      0.0048,      0.2500,      0.1983,   7589.1694,-517891.1562,  -1048.3303,    537.1166,  25297.2266,
       1,     167,      87,      17,       1,       3,       1,     10.0000,      1.3879,     42.4110,    245.2554,     61.7215,      3.4953,      0.1877,      0.1551,    106.9568,      0.1805,      5.5088,     11.0176,      1.5947,     28.3198,     56.6396,      0.0190,      0.0055,      0.2427,      0.1983,   7589.1685,-549914.1875,  -1057.2363,    534.9681,  25297.2285,
       1,     167,      87,      18,       1,       3,       1,     10.0000,      1.3879,     42.4110,    245.2554,     61.7215,      3.4953,      0.1559,      0.1235,     82.9792,      0.1715,      5.5088,     11.0176,      1.5158,     28.3198,     56.6396,      0.0190,      0.0052,      0.1984,      0.1982,   7589.1689,-565036.3125,  -1061.7235,    533.9612,  25297.2266,
       1,     167,      87,      19,       1,       3,       1,     10.0000,      1.3879,     42.4110,    245.2554,     61.7215,      3.4953,      0.1150,      0.0830,     53.4651,      0.1609,      5.5088,     11.0176,      1.4219,     28.3198,     56.6396,      0.0190,      0.0047,      0.1416,      0.1982,   7589.1685,-535613.5000,  -1054.2295,    535.9260,  25297.2246,
       1,     167,      87,      20,       1,       3,       1,     10.0000,      1.3879,     42.4110,    245.2554,     61.7215,      3.4953,      0.0185,     -0.0134,      1.8207,      0.1579,      5.5088,     11.0176,      1.3951,     28.3198,     56.6396,      0.0190,      0.0038,      0.0059,      0.1982,   7589.1675,-495274.6250,  -1043.6371,    538.6320,  25297.2227,
       1,     167,      87,      21,       1,       3,       1,     10.0000,      1.3879,     42.4110,    245.2554,     61.7215,      3.4953,      0.0000,     -0.0317,      5.7471,      0.1535,      5.5088,     11.0176,      1.3564,     28.3198,     56.6396,      0.0190,      0.0046,      0.0156,      0.1983,   7589.1670,-425692.7500,  -1024.9174,    543.3237,  25297.2227,
       1,     167,      87,      22,       1,       3,       1,     10.0000,      1.3879,     42.4110,    245.2554,     61.7215,      3.4953,      0.0000,     -0.0316,      5.0157,      0.1497,      5.5088,     11.0176,      1.3228,     28.3198,     56.6396,      0.0190,      0.0040,      0.0156,      0.1984,   7589.1670,-424737.5312,  -1024.6583,    543.4090,  25297.2227,
       1,     167,      87,      23,       1,       3,       1,     10.0000,      1.3879,     42.4110,    245.2554,     61.7215,      3.4953,      0.0000,     -0.0315,      4.0466,      0.1478,      5.5088,     11.0176,      1.3056,     28.3198,     56.6396,      0.0190,      0.0032,      0.0156,      0.1984,   7589.1670,-423693.1875,  -1024.3744,    543.4800,  25297.2227,
       1,     167,      87,      24,       1,       3,       1,     10.0000,      1.3879,     42.4110,    245.2554,     61.7215,      3.4953,      0.0000,     -0.0315,      3.2475,      0.1476,      5.5088,     11.0176,      1.3043,     28.3198,     56.6396,      0.0190,      0.0026,      0.0156,      0.1984,   7589.1670,-422363.1875,  -1024.0137,    543.5704,  25297.2227,
       1,     167,      88,       1,       1,       3,       1,     10.0000,      1.3879,     42.4113,    245.2612,     61.7229,      3.4953,      0.0000,     -0.0315,      3.0211,      0.1454,      5.5082,     11.0164,      1.2847,     28.3241,     56.6483,      0.0190,      0.0024,      0.0156,      0.1984,   7589.1670,-421382.5000,  -1024.1412,    543.6498,  25298.3672,
       1,     167,      88,       2,       1,       3,       1,     10.0000,      1.3879,     42.4113,    245.2612,     61.7229,      3.4953,      0.0000,     -0.0314,      2.6953,      0.1447,      5.5082,     11.0164,      1.2783,     28.3241,     56.6483,      0.0190,      0.0021,      0.0156,      0.1984,   7589.5103,-420853.7188,  -1023.6048,    543.6857,  25298.3672,
       1,     167,      88,       3,       1,       3,       1,     10.0000,      1.3879,     42.4113,    245.2612,     61.7229,      3.4953,      0.0000,     -0.0315,      2.4897,      0.1473,      5.5082,     11.0164,      1.3017,     28.3241,     56.6483,      0.0190,      0.0020,      0.0156,      0.1984,   7589.5103,-420391.2188,  -1023.4791,    543.7172,  25298.3672,
       1,     167,      88,       4,       1,       3,       1,     10.0000,      1.3879,     42.4113,    245.2612,     61.7229,      3.4953,      0.0000,     -0.0315,      2.2649,      0.1458,      5.5082,     11.0164,      1.2886,     28.3241,     56.6483,      0.0190,      0.0018,      0.0156,      0.1984,   7589.5103,-420088.0938,  -1023.3966,    543.7378,  25298.3672,
       1,     167,      88,       5,       1,       3,       1,     10.0000,      1.3879,     42.4113,    245.2612,     61.7229,      3.4953,      0.0000,     -0.0314,      2.2403,      0.1435,      5.5082,     11.0164,      1.2680,     28.3241,     56.6483,      0.0190,      0.0018,      0.0156,      0.1984,   7589.5103,-419774.3125,  -1023.3116,    543.7591,  25298.3672,
       1,     167,      88,       6,       1,       3,       1,     10.0000,      1.3879,     42.4113,    245.2612,     61.7229,      3.4953,      0.0000,     -0.0312,      2.1581,      0.1374,      5.5082,     11.0164,      1.2141,     28.3241,     56.6483,      0.0190,      0.0017,      0.0156,      0.1984,   7589.5103,-419715.6875,  -1023.2955,    543.7631,  25298.3672,
       1,     167,      88,       7,       1,       3,       1,     10.0000,      1.3879,     42.4113,    245.2612,     61.7229,      3.4953,      0.0000,     -0.0311,      2.0842,      0.1356,      5.5082,     11.0164,      1.1982,     28.3241,     56.6483,      0.0190,      0.0017,      0.0156,      0.1984,   7589.5103,-419605.5312,  -1023.2653,    543.7706,  25298.3672,
       1,     167,      88,       8,       1,       3,       1,     10.0000,      1.3879,     42.4113,    245.2612,     61.7229,      3.4953,      0.0066,     -0.0247,      2.5062,      0.1409,      5.5082,     11.0164,      1.2452,     28.3241,     56.6483,      0.0190,      0.0020,      0.0156,      0.1984,   7589.5103,-419501.4375,  -1023.2369,    543.7777,  25298.3672,
       1,     167,      88,       9,       1,       3,       1,     10.0000,      1.3879,     42.4113,    245.2612,     61.7229,      3.4953,      0.1082,      0.0766,     22.5051,      0.1486,      5.5082,     11.0164,      1.3135,     28.3241,     56.6483,      0.0190,      0.0021,      0.1355,      0.1984,   7589.5103,-420031.8750,  -1023.3799,    543.7416,  25298.3672,
       1,     167,      88,      10,       1,       3,       1,     10.0000,      1.3879,     42.4113,    245.2612,     61.7229,      3.4953,      0.1720,      0.1399,     38.4938,      0.1621,      5.5082,     11.0164,      1.4319,     28.3241,     56.6483,      0.0190,      0.0021,      0.2272,      0.1984,   7589.5103,-445646.2500,  -1030.3344,    542.0007,  25298.3672,
       1,     167,      88,      11,       1,       3,       1,     10.0000,      1.3879,     42.4113,    245.2612,     61.7229,      3.4953,      0.1873,      0.1550,     36.7292,      0.1692,      5.5082,     11.0164,      1.4948,     28.3241,     56.6483,      0.0190,      0.0018,      0.2500,      0.1984,   7589.5103,-468328.3125,  -1036.5125,    540.4667,  25298.3652,
       1,     167,      88,      12,       1,       3,       1,     10.0000,      1.3879,     42.4113,    245.2612,     61.7229,      3.4953,      0.1874,      0.1545,     40.0550,      0.1900,      5.5082,     11.0164,      1.6792,     28.3241,     56.6483,      0.0190,      0.0020,      0.2500,      0.1983,   7589.5098,-468041.1250,  -1036.4910,    540.4883,  25298.3672,
       1,     167,      88,      13,       1,       3,       1,     10.0000,      1.3879,     42.4113,    245.2612,     61.7229,      3.4953,      0.1879,      0.1547,     47.2774,      0.1991,      5.5082,     11.0164,      1.7591,     28.3241,     56.6483,      0.0190,      0.0024,      0.2500,      0.1983,   7589.5103,-472268.2812,  -1037.6942,    540.2027,  25298.3633,
       1,     167,      88,      14,       1,       3,       1,     10.0000,      1.3879,     42.4113,    245.2612,     61.7229,      3.4953,      0.1884,      0.1554,     53.3131,      0.1919,      5.5082,     11.0164,      1.6959,     28.3241,     56.6483,      0.0190,      0.0027,      0.2500,      0.1983,   7589.5093,-481876.2500,  -1040.3684,    539.5540,  25298.3652,
       1,     167,      88,      15,       1,       3,       1,     10.0000,      1.3879,     42.4113,    245.2612,     61.7229,      3.4953,      0.1893,      0.1577,     59.6514,      0.1473,      5.5082,     11.0164,      1.3017,     28.3241,     56.6483,      0.0190,      0.0030,      0.2500,      0.1983,   7589.5098,-490433.1875,  -1042.7893,    538.9773,  25298.3672,
       1,     167,      88,      16,       1,       3,       1,     10.0000,      1.3879,     42.4113,    245.2612,     61.7229,      3.4953,      0.1907,      0.1592,     77.7206,      0.1455,      5.5082,     11.0164,      1.2860,     28.3241,     56.6483,      0.0190,      0.0039,      0.2500,      0.1983,   7589.5103,-499286.5000,  -1046.2177,    538.3811,  25298.3633,
       1,     167,      88,      17,       1,       3,       1,     10.0000,      1.3879,     42.4113,    245.2612,     61.7229,      3.4953,      0.1913,      0.1593,    108.2309,      0.1592,      5.5082,     11.0164,      1.4064,     28.3241,     56.6483,      0.0190,      0.0054,      0.2475,      0.1983,   7589.5093,-523183.0938,  -1052.8733,    536.7733,  25298.3633,
       1,     167,      88,      18,       1,       3,       1,     10.0000,      1.3879,     42.4113,    245.2612,     61.7229,      3.4953,      0.1714,      0.1394,    101.7406,      0.1616,      5.5082,     11.0164,      1.4277,     28.3241,     56.6483,      0.0190,      0.0058,      0.2190,      0.1983,   7589.5093,-564327.5000,  -1064.3339,    534.0150,  25298.3633,
       1,     167,      88,      19,       1,       3,       1,     10.0000,      1.3879,     42.4113,    245.2612,     61.7229,      3.4953,      0.1277,      0.0958,     67.8044,      0.1592,      5.5082,     11.0164,      1.4064,     28.3241,     56.6483,      0.0190,      0.0053,      0.1588,      0.1982,   7589.5093,-559591.0000,  -1063.5009,    534.3383,  25298.3613,
       1,     167,      88,      20,       1,       3,       1,     10.0000,      1.3879,     42.4113,    245.2612,     61.7229,      3.4953,      0.0174,     -0.0144,      1.0190,      0.1551,      5.5082,     11.0164,      1.3702,     28.3241,     56.6483,      0.0190,      0.0028,      0.0046,      0.1982,   7589.5088,-515690.4375,  -1051.9791,    537.2705,  25298.3594,
       1,     167,      88,      21,       1,       3,       1,     10.0000,      1.3879,     42.4113,    245.2612,     61.7229,      3.4953,      0.0000,     -0.0316,      2.4079,      0.1502,      5.5082,     11.0164,      1.3268,     28.3241,     56.6483,      0.0190,      0.0019,      0.0156,      0.1983,   7589.5083,-426412.0938,  -1027.8677,    543.2745,  25298.3594,
       1,     167,      88,      22,       1,       3,       1,     10.0000,      1.3879,     42.4113,    245.2612,     61.7229,      3.4953,      0.0000,     -0.0315,      3.1046,      0.1460,      5.5082,     11.0164,      1.2899,     28.3241,     56.6483,      0.0190,      0.0025,      0.0156,      0.1984,   7589.5083,-420550.4062,  -1026.2704,    543.7062,  25298.3594,
       1,     167,      88,      23,       1,       3,       1,     10.0000,      1.3879,     42.4113,    245.2612,     61.7229,      3.4953,      0.0000,     -0.0312,      3.7878,      0.1384,      5.5082,     11.0164,      1.2227,     28.3241,     56.6483,      0.0190,      0.0030,      0.0156,      0.1984,   7589.5083,-420889.2812,  -1026.9330,    543.6834,  25298.3594,
       1,     167,      88,      24,       1,       3,       1,     10.0000,      1.3879,     42.4113,    245.2612,     61.7229,      3.4953,      0.0000,     -0.0312,      3.8458,      0.1384,      5.5082,     11.0164,      1.2227,     28.3241,     56.6483,      0.0190,      0.0031,      0.0156,      0.1984,   7589.5083,-421791.8125,  -1027.1692,    543.6220,  25298.3594,
       1,     167,      89,       1,       1,       3,       1,     10.0000,      1.3879,     42.4116,    245.2671,     61.7244,      3.4953,      0.0000,     -0.0312,      3.6662,      0.1389,      5.5088,     11.0175,      1.2277,     28.3329,     56.6657,      0.0190,      0.0029,      0.0156,      0.1984,   7589.5083,-422101.0938,  -1027.6401,    543.6139,  25299.5020,
       1,     167,      89,       2,       1,       3,       1,     10.0000,      1.3879,     42.4116,    245.2671,     61.7244,      3.4953,      0.0000,     -0.0313,      3.3092,      0.1401,      5.5088,     11.0175,      1.2377,     28.3329,     56.6657,      0.0190,      0.0026,      0.0156,      0.1984,   7589.8511,-421744.3125,  -1027.1396,    543.6381,  25299.5020,
       1,     167,      89,       3,       1,       3,       1,     10.0000,      1.3879,     42.4116,    245.2671,     61.7244,      3.4953,      0.0000,     -0.0312,      2.7226,      0.1375,      5.5088,     11.0175,      1.2154,     28.3329,     56.6657,      0.0190,      0.0022,      0.0156,      0.1984,   7589.8511,-421256.9375,  -1026.9989,    543.6712,  25299.5020,
       1,     167,      89,       4,       1,       3,       1,     10.0000,      1.3879,     42.4116,    245.2671,     61.7244,      3.4953,      0.0000,     -0.0311,      1.8272,      0.1342,      5.5088,     11.0175,      1.1862,     28.3329,     56.6657,      0.0190,      0.0015,      0.0156,      0.1984,   7589.8511,-420464.8125,  -1026.7773,    543.7250,  25299.5020,
       1,     167,      89,       5,       1,       3,       1,     10.0000,      1.3879,     42.4116,    245.2671,     61.7244,      3.4953,      0.0000,     -0.0310,      2.1392,      0.1326,      5.5088,     11.0175,      1.1718,     28.3329,     56.6657,      0.0190,      0.0017,      0.0156,      0.1984,   7589.8511,-419251.3750,  -1026.4435,    543.8075,  25299.5020,
       1,     167,      89,       6,       1,       3,       1,     10.0000,      1.3879,     42.4116,    245.2671,     61.7244,      3.4953,      0.0000,     -0.0310,      2.1138,      0.1337,      5.5088,     11.0175,      1.1814,     28.3329,     56.6657,      0.0190,      0.0017,      0.0156,      0.1984,   7589.8511,-419544.7812,  -1026.5192,    543.7876,  25299.5020,
       1,     167,      89,       7,       1,       3,       1,     10.0000,      1.3879,     42.4116,    245.2671,     61.7244,      3.4953,      0.0000,     -0.0311,      2.2410,      0.1342,      5.5088,     11.0175,      1.1862,     28.3329,     56.6657,      0.0190,      0.0018,      0.0156,      0.1984,   7589.8511,-419537.7188,  -1026.5127,    543.7880,  25299.5020,
       1,     167,      89,       8,       1,       3,       1,     10.0000,      1.3879,     42.4116,    245.2671,     61.7244,      3.4953,      0.0089,     -0.0223,      2.0903,      0.1364,      5.5088,     11.0175,      1.2056,     28.3329,     56.6657,      0.0190,      0.0017,      0.0156,      0.1984,   7589.8511,-419699.8438,  -1026.5519,    543.7771,  25299.5020,
       1,     167,      89,       9,       1,       3,       1,     10.0000,      1.3879,     42.4116,    245.2671,     61.7244,      3.4953,      0.0832,      0.0518,     12.0764,      0.1438,      5.5088,     11.0175,      1.2706,     28.3329,     56.6657,      0.0190,      0.0015,      0.1001,      0.1984,   7589.8511,-419521.0938,  -1026.4985,    543.7892,  25299.5020,
       1,     167,      89,      10,       1,       3,       1,     10.0000,      1.3879,     42.4116,    245.2671,     61.7244,      3.4953,      0.1263,      0.0942,     18.8919,      0.1625,      5.5088,     11.0175,      1.4363,     28.3329,     56.6657,      0.0190,      0.0014,      0.1622,      0.1984,   7589.8511,-432271.0938,  -1029.9746,    542.9225,  25299.5020,
       1,     167,      89,      11,       1,       3,       1,     10.0000,      1.3879,     42.4116,    245.2671,     61.7244,      3.4953,      0.1865,      0.1540,     28.2742,      0.1778,      5.5088,     11.0175,      1.5712,     28.3329,     56.6657,      0.0190,      0.0014,      0.2500,      0.1984,   7589.8511,-442094.7812,  -1032.6602,    542.2566,  25299.5020,
       1,     167,      89,      12,       1,       3,       1,     10.0000,      1.3879,     42.4116,    245.2671,     61.7244,      3.4953,      0.1869,      0.1540,     33.5842,      0.1878,      5.5088,     11.0175,      1.6594,     28.3329,     56.6657,      0.0190,      0.0017,      0.2500,      0.1984,   7589.8511,-454945.3438,  -1036.1703,    541.3859,  25299.5039,
       1,     167,      89,      13,       1,       3,       1,     10.0000,      1.3879,     42.4116,    245.2671,     61.7244,      3.4953,      0.1876,      0.1543,     43.1008,      0.2003,      5.5088,     11.0175,      1.7696,     28.3329,     56.6657,      0.0190,      0.0021,      0.2500,      0.1984,   7589.8516,-462853.0625,  -1038.3376,    540.8515,  25299.5020,
       1,     167,      89,      14,       1,       3,       1,     10.0000,      1.3879,     42.4116,    245.2671,     61.7244,      3.4953,      0.1888,      0.1551,     60.4204,      0.2148,      5.5088,     11.0175,      1.8977,     28.3329,     56.6657,      0.0190,      0.0030,      0.2500,      0.1984,   7589.8511,-475711.8125,  -1041.8690,    539.9824,  25299.5020,
       1,     167,      89,      15,       1,       3,       1,     10.0000,      1.3879,     42.4116,    245.2671,     61.7244,      3.4953,      0.1907,      0.1570,     84.9662,      0.2156,      5.5088,     11.0175,      1.9051,     28.3329,     56.6657,      0.0190,      0.0042,      0.2500,      0.1984,   7589.8511,-498986.5000,  -1048.2792,    538.4121,  25299.5000,
       1,     167,      89,      16,       1,       3,       1,     10.0000,      1.3879,     42.4116,    245.2671,     61.7244,      3.4953,      0.1808,      0.1472,    102.7994,      0.2141,      5.5088,     11.0175,      1.8921,     28.3329,     56.6657,      0.0190,      0.0055,      0.2332,      0.1983,   7589.8501,-532424.0000,  -1057.5684,    536.1639,  25299.5000,
       1,     167,      89,      17,       1,       3,       1,     10.0000,      1.3879,     42.4116,    245.2671,     61.7244,      3.4953,      0.1850,      0.1517,    112.9093,      0.2020,      5.5088,     11.0175,      1.7853,     28.3329,     56.6657,      0.0190,      0.0059,      0.2382,      0.1983,   7589.8501,-558166.1875,  -1064.9142,    534.4434,  25299.4980,
       1,     167,      89,      18,       1,       3,       1,     10.0000,      1.3879,     42.4116,    245.2671,     61.7244,      3.4953,      0.1658,      0.1329,    110.6040,      0.1893,      5.5088,     11.0175,      1.6726,     28.3329,     56.6657,      0.0190,      0.0065,      0.2100,      0.1983,   7589.8496,-573348.0000,  -1069.4954,    533.4320,  25299.4980,
       1,     167,      89,      19,       1,       3,       1,     10.0000,      1.3879,     42.4116,    245.2671,     61.7244,      3.4953,      0.1305,      0.0979,     95.7168,      0.1791,      5.5088,     11.0175,      1.5822,     28.3329,     56.6657,      0.0190,      0.0075,      0.1595,      0.1982,   7589.8496,-571706.6250,  -1069.5488,    533.5424,  25299.4961,
       1,     167,      89,      20,       1,       3,       1,     10.0000,      1.3879,     42.4116,    245.2671,     61.7244,      3.4953,      0.0219,     -0.0103,      5.4984,      0.1653,      5.5088,     11.0175,      1.4609,     28.3329,     56.6657,      0.0190,      0.0067,      0.0102,      0.1983,   7589.8491,-552487.1250,  -1064.7716,    534.8241,  25299.4980,
       1,     167,      89,      21,       1,       3,       1,     10.0000,      1.3879,     42.4116,    245.2671,     61.7244,      3.4953,      0.0000,     -0.0318,      7.7679,      0.1552,      5.5088,     11.0175,      1.3716,     28.3329,     56.6657,      0.0190,      0.0062,      0.0156,      0.1983,   7589.8496,-435262.6562,  -1032.9518,    542.6625,  25299.4941,
       1,     167,      89,      22,       1,       3,       1,     10.0000,      1.3879,     42.4116,    245.2671,     61.7244,      3.4953,      0.0000,     -0.0316,      6.9546,      0.1490,      5.5088,     11.0175,      1.3162,     28.3329,     56.6657,      0.0190,      0.0055,      0.0156,      0.1984,   7589.8486,-428205.6250,  -1031.0093,    543.1989,  25299.4941,
       1,     167,      89,      23,       1,       3,       1,     10.0000,      1.3879,     42.4116,    245.2671,     61.7244,      3.4953,      0.0000,     -0.0314,      5.9929,      0.1445,      5.5088,     11.0175,      1.2770,     28.3329,     56.6657,      0.0190,      0.0048,      0.0156,      0.1984,   7589.8486,-426480.0312,  -1030.5250,    543.3164,  25299.4941,
       1,     167,      89,      24,       1,       3,       1,     10.0000,      1.3879,     42.4116,    245.2671,     61.7244,      3.4953,      0.0000,     -0.0314,      5.5993,      0.1425,      5.5088,     11.0175,      1.2591,     28.3329,     56.6657,      0.0190,      0.0045,      0.0156,      0.1984,   7589.8486,-425100.1875,  -1030.1376,    543.4101,  25299.4941,
       1,     167,      90,       1,       1,       3,       1,     10.0000,      1.3879,     42.4120,    245.2729,     61.7258,      3.4953,      0.0000,     -0.0314,      5.7595,      0.1426,      5.5084,     11.0168,      1.2604,     28.3391,     56.6782,      0.0190,      0.0046,      0.0156,      0.1984,   7589.8486,-424633.3438,  -1030.3995,    543.4548,  25300.6387,
       1,     167,      90,       2,       1,       3,       1,     10.0000,      1.3879,     42.4120,    245.2729,     61.7258,      3.4953,      0.0000,     -0.0313,      4.9756,      0.1412,      5.5084,     11.0168,      1.2478,     28.3391,     56.6782,      0.0190,      0.0040,      0.0156,      0.1984,   7590.1919,-424643.4688,  -1029.9954,    543.4542,  25300.6387,
       1,     167,      90,       3,       1,       3,       1,     10.0000,      1.3879,     42.4120,    245.2729,     61.7258,      3.4953,      0.0000,     -0.0313,      4.5821,      0.1421,      5.5084,     11.0168,      1.2553,     28.3391,     56.6782,      0.0190,      0.0037,      0.0156,      0.1984,   7590.1919,-423642.0938,  -1029.7136,    543.5222,  25300.6387,
       1,     167,      90,       4,       1,       3,       1,     10.0000,      1.3879,     42.4120,    245.2729,     61.7258,      3.4953,      0.0000,     -0.0313,      4.6413,      0.1404,      5.5084,     11.0168,      1.2402,     28.3391,     56.6782,      0.0190,      0.0037,      0.0156,      0.1984,   7590.1919,-423052.1562,  -1029.5454,    543.5623,  25300.6387,
       1,     167,      90,       5,       1,       3,       1,     10.0000,      1.3879,     42.4120,    245.2729,     61.7258,      3.4953,      0.0000,     -0.0311,      4.3903,      0.1357,      5.5084,     11.0168,      1.1995,     28.3391,     56.6782,      0.0190,      0.0035,      0.0156,      0.1984,   7590.1919,-423076.6250,  -1029.5458,    543.5606,  25300.6387,
       1,     167,      90,       6,       1,       3,       1,     10.0000,      1.3879,     42.4120,    245.2729,     61.7258,      3.4953,      0.0000,     -0.0311,      3.8987,      0.1341,      5.5084,     11.0168,      1.1850,     28.3391,     56.6782,      0.0190,      0.0031,      0.0156,      0.1984,   7590.1919,-422757.8438,  -1029.4521,    543.5822,  25300.6387,
       1,     167,      90,       7,       1,       3,       1,     10.0000,      1.3879,     42.4120,    245.2729,     61.7258,      3.4953,      0.0000,     -0.0309,      3.3556,      0.1309,      5.5084,     11.0168,      1.1565,     28.3391,     56.6782,      0.0190,      0.0027,      0.0156,      0.1984,   7590.1919,-422101.9062,  -1029.2670,    543.6268,  25300.6387,
       1,     167,      90,       8,       1,       3,       1,     10.0000,      1.3879,     42.4120,    245.2729,     61.7258,      3.4953,      0.0084,     -0.0226,      3.4278,      0.1315,      5.5084,     11.0168,      1.1624,     28.3391,     56.6782,      0.0190,      0.0027,      0.0156,      0.1984,   7590.1919,-421350.7188,  -1029.0568,    543.6778,  25300.6387,
       1,     167,      90,       9,       1,       3,       1,     10.0000,      1.3879,     42.4120,    245.2729,     61.7258,      3.4953,      0.0921,      0.0607,     25.8558,      0.1431,      5.5084,     11.0168,      1.2642,     28.3391,     56.6782,      0.0190,      0.0029,      0.1116,      0.1984,   7590.1919,-421377.6875,  -1029.0594,    543.6760,  25300.6387,
       1,     167,      90,      10,       1,       3,       1,     10.0000,      1.3879,     42.4120,    245.2729,     61.7258,      3.4953,      0.1392,      0.1072,     42.5404,      0.1606,      5.5084,     11.0168,      1.4192,     28.3391,     56.6782,      0.0190,      0.0030,      0.1785,      0.1984,   7590.1919,-450047.4688,  -1036.9449,    541.7276,  25300.6387,
       1,     167,      90,      11,       1,       3,       1,     10.0000,      1.3879,     42.4120,    245.2729,     61.7258,      3.4953,      0.1891,      0.1567,     60.1127,      0.1738,      5.5084,     11.0168,      1.5357,     28.3391,     56.6782,      0.0190,      0.0030,      0.2500,      0.1984,   7590.1919,-473882.4375,  -1043.5231,    540.1171,  25300.6387,
       1,     167,      90,      12,       1,       3,       1,     10.0000,      1.3879,     42.4120,    245.2729,     61.7258,      3.4953,      0.1891,      0.1564,     61.1199,      0.1821,      5.5084,     11.0168,      1.6092,     28.3391,     56.6782,      0.0190,      0.0030,      0.2500,      0.1984,   7590.1919,-498430.1250,  -1050.3392,    538.4622,  25300.6387,
       1,     167,      90,      13,       1,       3,       1,     10.0000,      1.3879,     42.4120,    245.2729,     61.7258,      3.4953,      0.1893,      0.1564,     64.8208,      0.1908,      5.5084,     11.0168,      1.6859,     28.3391,     56.6782,      0.0190,      0.0032,      0.2500,      0.1984,   7590.1919,-501849.7812,  -1051.4379,    538.2346,  25300.6367,
       1,     167,      90,      14,       1,       3,       1,     10.0000,      1.3879,     42.4120,    245.2729,     61.7258,      3.4953,      0.1905,      0.1576,     80.0968,      0.1904,      5.5084,     11.0168,      1.6826,     28.3391,     56.6782,      0.0190,      0.0040,      0.2500,      0.1984,   7590.1914,-506878.9062,  -1052.9926,    537.8961,  25300.6348,
       1,     167,      90,      15,       1,       3,       1,     10.0000,      1.3879,     42.4120,    245.2729,     61.7258,      3.4953,      0.1916,      0.1590,     93.3408,      0.1816,      5.5084,     11.0168,      1.6044,     28.3391,     56.6782,      0.0190,      0.0046,      0.2500,      0.1984,   7590.1909,-526866.1250,  -1058.6932,    536.5524,  25300.6367,
       1,     167,      90,      16,       1,       3,       1,     10.0000,      1.3879,     42.4120,    245.2729,     61.7258,      3.4953,      0.1936,      0.1607,    118.5666,      0.1882,      5.5084,     11.0168,      1.6627,     28.3391,     56.6782,      0.0190,      0.0059,      0.2500,      0.1983,   7590.1914,-545556.3125,  -1064.1302,    535.3005,  25300.6328,
       1,     167,      90,      17,       1,       3,       1,     10.0000,      1.3879,     42.4120,    245.2729,     61.7258,      3.4953,      0.1935,      0.1608,    117.4372,      0.1826,      5.5084,     11.0168,      1.6140,     28.3391,     56.6782,      0.0190,      0.0058,      0.2500,      0.1983,   7590.1899,-579482.0000,  -1073.8700,    533.0320,  25300.6328,
       1,     167,      90,      18,       1,       3,       1,     10.0000,      1.3879,     42.4120,    245.2729,     61.7258,      3.4953,      0.1818,      0.1495,    108.2228,      0.1707,      5.5084,     11.0168,      1.5084,     28.3391,     56.6782,      0.0190,      0.0058,      0.2336,      0.1983,   7590.1899,-580983.5625,  -1074.8154,    532.9368,  25300.6309,
       1,     167,      90,      19,       1,       3,       1,     10.0000,      1.3879,     42.4120,    245.2729,     61.7258,      3.4953,      0.1362,      0.1042,     79.7803,      0.1603,      5.5084,     11.0168,      1.4163,     28.3391,     56.6782,      0.0190,      0.0058,      0.1698,      0.1983,   7590.1895,-569299.8750,  -1072.1322,    533.7151,  25300.6309,
       1,     167,      90,      20,       1,       3,       1,     10.0000,      1.3879,     42.4120,    245.2729,     61.7258,      3.4953,      0.0157,     -0.0161,      0.8901,      0.1549,      5.5084,     11.0168,      1.3689,     28.3391,     56.6782,      0.0190,      0.0054,      0.0021,      0.1983,   7590.1895,-531850.8750,  -1062.2472,    536.2140,  25300.6309,
       1,     167,      90,      21,       1,       3,       1,     10.0000,      1.3879,     42.4120,    245.2729,     61.7258,      3.4953,      0.0000,     -0.0316,      7.4915,      0.1491,      5.5084,     11.0168,      1.3176,     28.3391,     56.6782,      0.0190,      0.0060,      0.0156,      0.1983,   7590.1895,-427622.7500,  -1033.6372,    543.2060,  25300.6289,
       1,     167,      90,      22,       1,       3,       1,     10.0000,      1.3879,     42.4120,    245.2729,     61.7258,      3.4953,      0.0000,     -0.0311,      6.5137,      0.1356,      5.5084,     11.0168,      1.1983,     28.3391,     56.6782,      0.0190,      0.0052,      0.0156,      0.1984,   7590.1890,-427176.7188,  -1033.5103,    543.2820,  25300.6289,
       1,     167,      90,      23,       1,       3,       1,     10.0000,      1.3879,     42.4120,    245.2729,     61.7258,      3.4953,      0.0000,     -0.0311,      5.4859,      0.1348,      5.5084,     11.0168,      1.1910,     28.3391,     56.6782,      0.0190,      0.0044,      0.0156,      0.1984,   7590.1890,-425829.5312,  -1033.1324,    543.3735,  25300.6289,
       1,     167,      90,      24,       1,       3,       1,     10.0000,      1.3879,     42.4120,    245.2729,     61.7258,      3.4953,      0.0000,     -0.0310,      4.8515,      0.1340,      5.5084,     11.0168,      1.1838,     28.3391,     56.6782,      0.0190,      0.0039,      0.0156,      0.1984,   7590.1890,-424398.9062,  -1032.7325,    543.4708,  25300.6289,
       1,     167,      91,       1,       1,       3,       1,     10.0000,      1.3880,     42.4123,    245.2787,     61.7273,      3.4953,      0.0000,     -0.0311,      4.4311,      0.1351,      5.5088,     11.0177,      1.1935,     28.3473,     56.6947,      0.0190,      0.0035,      0.0156,      0.1985,   7590.1890,-423619.5000,  -1032.9159,    543.5364,  25301.7734,
       1,     167,      91,       2,       1,       3,       1,     10.0000,      1.3880,     42.4123,    245.2787,     61.7273,      3.4953,      0.0000,     -0.0310,      3.8615,      0.1328,      5.5088,     11.0177,      1.1731,     28.3473,     56.6947,      0.0190,      0.0031,      0.0156,      0.1985,   7590.5322,-422860.8438,  -1032.3016,    543.5879,  25301.7734,
       1,     167,      91,       3,       1,       3,       1,     10.0000,      1.3880,     42.4123,    245.2787,     61.7273,      3.4953,      0.0000,     -0.0309,      2.8764,      0.1293,      5.5088,     11.0177,      1.1425,     28.3473,     56.6947,      0.0190,      0.0023,      0.0156,      0.1985,   7590.5322,-422066.9688,  -1032.0793,    543.6418,  25301.7734,
       1,     167,      91,       4,       1,       3,       1,     10.0000,      1.3880,     42.4123,    245.2787,     61.7273,      3.4953,      0.0000,     -0.0309,      2.6534,      0.1293,      5.5088,     11.0177,      1.1425,     28.3473,     56.6947,      0.0190,      0.0021,      0.0156,      0.1985,   7590.5322,-420739.0000,  -1031.7102,    543.7321,  25301.7734,
       1,     167,      91,       5,       1,       3,       1,     10.0000,      1.3880,     42.4123,    245.2787,     61.7273,      3.4953,      0.0000,     -0.0309,      2.3174,      0.1292,      5.5088,     11.0177,      1.1414,     28.3473,     56.6947,      0.0190,      0.0018,      0.0156,      0.1985,   7590.5322,-420338.6562,  -1031.5977,    543.7594,  25301.7734,
       1,     167,      91,       6,       1,       3,       1,     10.0000,      1.3880,     42.4123,    245.2787,     61.7273,      3.4953,      0.0000,     -0.0307,      2.4410,      0.1259,      5.5088,     11.0177,      1.1127,     28.3473,     56.6947,      0.0190,      0.0019,      0.0156,      0.1985,   7590.5322,-419874.2812,  -1031.4680,    543.7909,  25301.7734,
       1,     167,      91,       7,       1,       3,       1,     10.0000,      1.3880,     42.4123,    245.2787,     61.7273,      3.4953,      0.0000,     -0.0308,      3.0734,      0.1267,      5.5088,     11.0177,      1.1195,     28.3473,     56.6947,      0.0190,      0.0024,      0.0156,      0.1985,   7590.5322,-419991.9375,  -1031.4993,    543.7828,  25301.7734,
       1,     167,      91,       8,       1,       3,       1,     10.0000,      1.3880,     42.4123,    245.2787,     61.7273,      3.4953,      0.0112,     -0.0196,      3.2706,      0.1275,      5.5088,     11.0177,      1.1264,     28.3473,     56.6947,      0.0190,      0.0026,      0.0156,      0.1985,   7590.5322,-420810.5938,  -1031.7241,    543.7272,  25301.7734,
       1,     167,      91,       9,       1,       3,       1,     10.0000,      1.3880,     42.4123,    245.2787,     61.7273,      3.4953,      0.1294,      0.0981,     32.6804,      0.1402,      5.5088,     11.0177,      1.2390,     28.3473,     56.6947,      0.0190,      0.0025,      0.1654,      0.1985,   7590.5322,-421133.6562,  -1031.8118,    543.7053,  25301.7734,
       1,     167,      91,      10,       1,       3,       1,     10.0000,      1.3880,     42.4123,    245.2787,     61.7273,      3.4953,      0.1765,      0.1448,     45.9757,      0.1537,      5.5088,     11.0177,      1.3579,     28.3473,     56.6947,      0.0190,      0.0025,      0.2329,      0.1985,   7590.5322,-458748.5625,  -1042.2592,    541.1489,  25301.7715,
       1,     167,      91,      11,       1,       3,       1,     10.0000,      1.3880,     42.4123,    245.2787,     61.7273,      3.4953,      0.1829,      0.1507,     52.5367,      0.1665,      5.5088,     11.0177,      1.4712,     28.3473,     56.6947,      0.0190,      0.0027,      0.2416,      0.1984,   7590.5317,-479033.0938,  -1047.9319,    539.7827,  25301.7715,
       1,     167,      91,      12,       1,       3,       1,     10.0000,      1.3880,     42.4123,    245.2787,     61.7273,      3.4953,      0.1892,      0.1564,     63.1870,      0.1878,      5.5088,     11.0177,      1.6595,     28.3473,     56.6947,      0.0190,      0.0031,      0.2500,      0.1984,   7590.5317,-489180.9375,  -1050.8323,    539.0997,  25301.7715,
       1,     167,      91,      13,       1,       3,       1,     10.0000,      1.3880,     42.4123,    245.2787,     61.7273,      3.4953,      0.1897,      0.1566,     70.5462,      0.1973,      5.5088,     11.0177,      1.7436,     28.3473,     56.6947,      0.0190,      0.0035,      0.2500,      0.1984,   7590.5317,-503684.2188,  -1054.9812,    538.1229,  25301.7695,
       1,     167,      91,      14,       1,       3,       1,     10.0000,      1.3880,     42.4123,    245.2787,     61.7273,      3.4953,      0.1905,      0.1573,     79.7509,      0.1960,      5.5088,     11.0177,      1.7316,     28.3473,     56.6947,      0.0190,      0.0040,      0.2500,      0.1984,   7590.5312,-514359.1250,  -1058.1298,    537.4056,  25301.7695,
       1,     167,      91,      15,       1,       3,       1,     10.0000,      1.3880,     42.4123,    245.2787,     61.7273,      3.4953,      0.1844,      0.1512,     92.5851,      0.1989,      5.5088,     11.0177,      1.7575,     28.3473,     56.6947,      0.0190,      0.0048,      0.2396,      0.1984,   7590.5312,-527063.8750,  -1061.8954,    536.5527,  25301.7676,
       1,     167,      91,      16,       1,       3,       1,     10.0000,      1.3880,     42.4123,    245.2787,     61.7273,      3.4953,      0.1615,      0.1285,    102.6831,      0.1919,      5.5088,     11.0177,      1.6960,     28.3473,     56.6947,      0.0190,      0.0062,      0.2045,      0.1984,   7590.5308,-544594.0625,  -1067.0686,    535.3777,  25301.7676,
       1,     167,      91,      17,       1,       3,       1,     10.0000,      1.3880,     42.4123,    245.2787,     61.7273,      3.4953,      0.1607,      0.1279,    120.8762,      0.1876,      5.5088,     11.0177,      1.6578,     28.3473,     56.6947,      0.0190,      0.0075,      0.2012,      0.1983,   7590.5308,-559043.9375,  -1071.4695,    534.4120,  25301.7676,
       1,     167,      91,      18,       1,       3,       1,     10.0000,      1.3880,     42.4123,    245.2787,     61.7273,      3.4953,      0.1438,      0.1112,    110.5250,      0.1791,      5.5088,     11.0177,      1.5823,     28.3473,     56.6947,      0.0190,      0.0077,      0.1774,      0.1983,   7590.5308,-583596.5000,  -1078.7616,    532.7726,  25301.7637,
       1,     167,      91,      19,       1,       3,       1,     10.0000,      1.3880,     42.4123,    245.2787,     61.7273,      3.4953,      0.1118,      0.0795,     78.0923,      0.1697,      5.5088,     11.0177,      1.4994,     28.3473,     56.6947,      0.0190,      0.0072,      0.1341,      0.1983,   7590.5293,-572464.5625,  -1076.2109,    533.5165,  25301.7656,
       1,     167,      91,      20,       1,       3,       1,     10.0000,      1.3880,     42.4123,    245.2787,     61.7273,      3.4953,      0.0216,     -0.0102,      5.8809,      0.1555,      5.5088,     11.0177,      1.3744,     28.3473,     56.6947,      0.0190,      0.0072,      0.0102,      0.1983,   7590.5298,-529950.3750,  -1064.8292,    536.3523,  25301.7637,
       1,     167,      91,      21,       1,       3,       1,     10.0000,      1.3880,     42.4123,    245.2787,     61.7273,      3.4953,      0.0000,     -0.0315,      8.2024,      0.1454,      5.5088,     11.0177,      1.2848,     28.3473,     56.6947,      0.0190,      0.0065,      0.0156,      0.1984,   7590.5293,-433856.0625,  -1038.2246,    542.8024,  25301.7637,
       1,     167,      91,      22,       1,       3,       1,     10.0000,      1.3880,     42.4123,    245.2787,     61.7273,      3.4953,      0.0000,     -0.0314,      7.8024,      0.1421,      5.5088,     11.0177,      1.2554,     28.3473,     56.6947,      0.0190,      0.0062,      0.0156,      0.1985,   7590.5293,-428620.5000,  -1036.7632,    543.1965,  25301.7637,
       1,     167,      91,      23,       1,       3,       1,     10.0000,      1.3880,     42.4123,    245.2787,     61.7273,      3.4953,      0.0000,     -0.0313,      7.6072,      0.1414,      5.5088,     11.0177,      1.2490,     28.3473,     56.6947,      0.0190,      0.0061,      0.0156,      0.1985,   7590.5293,-427605.3438,  -1036.4784,    543.2657,  25301.7617,
       1,     167,      91,      24,       1,       3,       1,     10.0000,      1.3880,     42.4123,    245.2787,     61.7273,      3.4953,      0.0000,     -0.0313,      6.3760,      0.1414,      5.5088,     11.0177,      1.2490,     28.3473,     56.6947,      0.0190,      0.0051,      0.0156,      0.1985,   7590.5288,-427267.5625,  -1036.3837,    543.2886,  25301.7617,
       1,     167,      92,       1,       1,       3,       1,     10.0000,      1.3880,     42.4127,    245.2845,     61.7288,      3.4953,      0.0000,     -0.0312,      5.4586,      0.1377,      5.5088,     11.0177,      1.2167,     28.3540,     56.7081,      0.0190,      0.0043,      0.0156,      0.1985,   7590.5288,-425820.9375,  -1036.3851,    543.3998,  25302.9062,
       1,     167,      92,       2,       1,       3,       1,     10.0000,      1.3880,     42.4127,    245.2845,     61.7288,      3.4953,      0.0000,     -0.0312,      4.6172,      0.1381,      5.5088,     11.0177,      1.2204,     28.3540,     56.7081,      0.0190,      0.0037,      0.0156,      0.1985,   7590.8721,-424368.5938,  -1035.5735,    543.4985,  25302.9062,
       1,     167,      92,       3,       1,       3,       1,     10.0000,      1.3880,     42.4127,    245.2845,     61.7288,      3.4953,      0.0000,     -0.0312,      4.2368,      0.1381,      5.5088,     11.0177,      1.2204,     28.3540,     56.7081,      0.0190,      0.0034,      0.0156,      0.1985,   7590.8721,-423167.2812,  -1035.2372,    543.5801,  25302.9062,
       1,     167,      92,       4,       1,       3,       1,     10.0000,      1.3880,     42.4127,    245.2845,     61.7288,      3.4953,      0.0000,     -0.0312,      3.8313,      0.1375,      5.5088,     11.0177,      1.2154,     28.3540,     56.7081,      0.0190,      0.0031,      0.0156,      0.1985,   7590.8721,-422576.7500,  -1035.0717,    543.6202,  25302.9062,
       1,     167,      92,       5,       1,       3,       1,     10.0000,      1.3880,     42.4127,    245.2845,     61.7288,      3.4953,      0.0000,     -0.0311,      3.5915,      0.1364,      5.5088,     11.0177,      1.2056,     28.3540,     56.7081,      0.0190,      0.0029,      0.0156,      0.1985,   7590.8721,-422007.2812,  -1034.9126,    543.6589,  25302.9062,
       1,     167,      92,       6,       1,       3,       1,     10.0000,      1.3880,     42.4127,    245.2845,     61.7288,      3.4953,      0.0000,     -0.0312,      3.1118,      0.1370,      5.5088,     11.0177,      1.2105,     28.3540,     56.7081,      0.0190,      0.0025,      0.0156,      0.1985,   7590.8721,-421651.3438,  -1034.8127,    543.6831,  25302.9062,
       1,     167,      92,       7,       1,       3,       1,     10.0000,      1.3880,     42.4127,    245.2845,     61.7288,      3.4953,      0.0000,     -0.0306,      3.0957,      0.1230,      5.5088,     11.0177,      1.0870,     28.3540,     56.7081,      0.0190,      0.0025,      0.0156,      0.1985,   7590.8721,-421007.5000,  -1034.6327,    543.7269,  25302.9062,
       1,     167,      92,       8,       1,       3,       1,     10.0000,      1.3880,     42.4127,    245.2845,     61.7288,      3.4953,      0.0045,     -0.0263,      3.4366,      0.1255,      5.5088,     11.0177,      1.1094,     28.3540,     56.7081,      0.0190,      0.0027,      0.0156,      0.1985,   7590.8721,-420930.9688,  -1035.5201,    543.7321,  25302.9062,
       1,     167,      92,       9,       1,       3,       1,     10.0000,      1.3880,     42.4127,    245.2845,     61.7288,      3.4953,      0.0685,      0.0376,     18.1585,      0.1310,      5.5088,     11.0177,      1.1577,     28.3540,     56.7081,      0.0190,      0.0029,      0.0783,      0.1985,   7590.8721,-421359.8438,  -1035.6342,    543.7029,  25302.9062,
       1,     167,      92,      10,       1,       3,       1,     10.0000,      1.3880,     42.4127,    245.2845,     61.7288,      3.4953,      0.1732,      0.1419,     52.8650,      0.1391,      5.5088,     11.0177,      1.2290,     28.3540,     56.7081,      0.0190,      0.0029,      0.2271,      0.1985,   7590.8721,-440210.2500,  -1043.6292,    542.4218,  25302.9062,
       1,     167,      92,      11,       1,       3,       1,     10.0000,      1.3880,     42.4127,    245.2845,     61.7288,      3.4953,      0.1892,      0.1573,     60.2738,      0.1581,      5.5088,     11.0177,      1.3967,     28.3540,     56.7081,      0.0190,      0.0030,      0.2500,      0.1985,   7590.8721,-486214.5625,  -1056.4658,    539.3040,  25302.9043,
       1,     167,      92,      12,       1,       3,       1,     10.0000,      1.3880,     42.4127,    245.2845,     61.7288,      3.4953,      0.1867,      0.1546,     28.5152,      0.1624,      5.5088,     11.0177,      1.4350,     28.3540,     56.7081,      0.0190,      0.0014,      0.2500,      0.1984,   7590.8716,-499705.4062,  -1060.3054,    538.4035,  25302.9043,
       1,     167,      92,      13,       1,       3,       1,     10.0000,      1.3880,     42.4127,    245.2845,     61.7288,      3.4953,      0.1614,      0.1294,     31.4624,      0.1630,      5.5088,     11.0177,      1.4407,     28.3540,     56.7081,      0.0190,      0.0018,      0.2125,      0.1984,   7590.8716,-460231.8750,  -1049.3838,    541.0609,  25302.9043,
       1,     167,      92,      14,       1,       3,       1,     10.0000,      1.3880,     42.4127,    245.2845,     61.7288,      3.4953,      0.1206,      0.0887,     23.3031,      0.1566,      5.5088,     11.0177,      1.3841,     28.3540,     56.7081,      0.0190,      0.0019,      0.1534,      0.1985,   7590.8716,-460602.7188,  -1049.5079,    541.0424,  25302.9043,
       1,     167,      92,      15,       1,       3,       1,     10.0000,      1.3880,     42.4127,    245.2845,     61.7288,      3.4953,      0.1670,      0.1346,     39.5516,      0.1726,      5.5088,     11.0177,      1.5251,     28.3540,     56.7081,      0.0190,      0.0022,      0.2199,      0.1985,   7590.8716,-450193.7500,  -1046.6199,    541.7464,  25302.9043,
       1,     167,      92,      16,       1,       3,       1,     10.0000,      1.3880,     42.4127,    245.2845,     61.7288,      3.4953,      0.1461,      0.1131,     49.3712,      0.1904,      5.5088,     11.0177,      1.6827,     28.3540,     56.7081,      0.0190,      0.0033,      0.1878,      0.1985,   7590.8716,-470065.4062,  -1052.1810,    540.4011,  25302.9043,
       1,     167,      92,      17,       1,       3,       1,     10.0000,      1.3880,     42.4127,    245.2845,     61.7288,      3.4953,      0.1407,      0.1080,     55.8501,      0.1821,      5.5088,     11.0177,      1.6092,     28.3540,     56.7081,      0.0190,      0.0039,      0.1791,      0.1985,   7590.8716,-484349.9062,  -1056.2186,    539.4379,  25302.9023,
       1,     167,      92,      18,       1,       3,       1,     10.0000,      1.3880,     42.4127,    245.2845,     61.7288,      3.4953,      0.1035,      0.0711,     37.6459,      0.1719,      5.5088,     11.0177,      1.5190,     28.3540,     56.7081,      0.0190,      0.0037,      0.1264,      0.1984,   7590.8711,-493874.8750,  -1058.9762,    538.7964,  25302.9023,
       1,     167,      92,      19,       1,       3,       1,     10.0000,      1.3880,     42.4127,    245.2845,     61.7288,      3.4953,      0.0452,      0.0130,     11.8509,      0.1675,      5.5088,     11.0177,      1.4801,     28.3540,     56.7081,      0.0190,      0.0034,      0.0437,      0.1984,   7590.8711,-471411.2188,  -1052.8052,    540.3098,  25302.9004,
       1,     167,      92,      20,       1,       3,       1,     10.0000,      1.3880,     42.4127,    245.2845,     61.7288,      3.4953,      0.0079,     -0.0240,      5.2021,      0.1560,      5.5088,     11.0177,      1.3786,     28.3540,     56.7081,      0.0190,      0.0041,      0.0156,      0.1984,   7590.8706,-436485.2500,  -1043.0536,    542.6708,  25302.9004,
       1,     167,      92,      21,       1,       3,       1,     10.0000,      1.3880,     42.4127,    245.2845,     61.7288,      3.4953,      0.0000,     -0.0317,      6.4671,      0.1506,      5.5088,     11.0177,      1.3309,     28.3540,     56.7081,      0.0190,      0.0052,      0.0156,      0.1985,   7590.8706,-424972.8125,  -1039.7999,    543.4568,  25302.9004,
       1,     167,      92,      22,       1,       3,       1,     10.0000,      1.3880,     42.4127,    245.2845,     61.7288,      3.4953,      0.0000,     -0.0315,      6.1906,      0.1473,      5.5088,     11.0177,      1.3018,     28.3540,     56.7081,      0.0190,      0.0049,      0.0156,      0.1985,   7590.8706,-425585.2812,  -1039.9299,    543.4158,  25302.8984,
       1,     167,      92,      23,       1,       3,       1,     10.0000,      1.3880,     42.4127,    245.2845,     61.7288,      3.4953,      0.0000,     -0.0314,      5.2066,      0.1445,      5.5088,     11.0177,      1.2771,     28.3540,     56.7081,      0.0190,      0.0041,      0.0156,      0.1985,   7590.8696,-425284.4688,  -1039.8075,    543.4362,  25302.8984,
       1,     167,      92,      24,       1,       3,       1,     10.0000,      1.3880,     42.4127,    245.2845,     61.7288,      3.4953,      0.0000,     -0.0314,      4.8872,      0.1428,      5.5088,     11.0177,      1.2617,     28.3540,     56.7081,      0.0190,      0.0039,      0.0156,      0.1985,   7590.8696,-424000.8750,  -1039.4166,    543.5234,  25302.8984,
       1,     167,      93,       1,       1,       3,       1,     10.0000,      1.3880,     42.4130,    245.2904,     61.7303,      3.4953,      0.0000,     -0.0314,      4.3477,      0.1428,      5.5097,     11.0195,      1.2618,     28.3526,     56.7051,      0.0190,      0.0035,      0.0156,      0.1985,   7590.8696,-423637.5625,  -1039.6923,    543.5611,  25304.0410,
       1,     167,      93,       2,       1,       3,       1,     10.0000,      1.3880,     42.4130,    245.2904,     61.7303,      3.4953,      0.0000,     -0.0314,      3.8927,      0.1434,      5.5097,     11.0195,      1.2669,     28.3526,     56.7051,      0.0190,      0.0031,      0.0156,      0.1985,   7591.2124,-422762.5000,  -1039.0161,    543.6205,  25304.0410,
       1,     167,      93,       3,       1,       3,       1,     10.0000,      1.3880,     42.4130,    245.2904,     61.7303,      3.4953,      0.0000,     -0.0314,      3.7114,      0.1441,      5.5097,     11.0195,      1.2733,     28.3526,     56.7051,      0.0190,      0.0030,      0.0156,      0.1985,   7591.2124,-422105.0312,  -1038.8096,    543.6652,  25304.0410,
       1,     167,      93,       4,       1,       3,       1,     10.0000,      1.3880,     42.4130,    245.2904,     61.7303,      3.4953,      0.0000,     -0.0314,      3.5109,      0.1424,      5.5097,     11.0195,      1.2580,     28.3526,     56.7051,      0.0190,      0.0028,      0.0156,      0.1985,   7591.2124,-421816.5000,  -1038.7078,    543.6848,  25304.0410,
       1,     167,      93,       5,       1,       3,       1,     10.0000,      1.3880,     42.4130,    245.2904,     61.7303,      3.4953,      0.0000,     -0.0313,      3.4794,      0.1415,      5.5097,     11.0195,      1.2504,     28.3526,     56.7051,      0.0190,      0.0028,      0.0156,      0.1985,   7591.2124,-421535.1562,  -1038.6094,    543.7039,  25304.0410,
       1,     167,      93,       6,       1,       3,       1,     10.0000,      1.3880,     42.4130,    245.2904,     61.7303,      3.4953,      0.0000,     -0.0313,      3.4350,      0.1408,      5.5097,     11.0195,      1.2441,     28.3526,     56.7051,      0.0190,      0.0027,      0.0156,      0.1985,   7591.2124,-421470.4062,  -1038.5721,    543.7083,  25304.0410,
       1,     167,      93,       7,       1,       3,       1,     10.0000,      1.3880,     42.4130,    245.2904,     61.7303,      3.4953,      0.0000,     -0.0313,      3.1113,      0.1401,      5.5097,     11.0195,      1.2378,     28.3526,     56.7051,      0.0190,      0.0025,      0.0156,      0.1985,   7591.2124,-421408.0625,  -1038.5360,    543.7125,  25304.0410,
       1,     167,      93,       8,       1,       3,       1,     10.0000,      1.3880,     42.4130,    245.2904,     61.7303,      3.4953,      0.0041,     -0.0272,      3.0854,      0.1402,      5.5097,     11.0195,      1.2390,     28.3526,     56.7051,      0.0190,      0.0025,      0.0156,      0.1985,   7591.2124,-420989.1875,  -1038.4021,    543.7410,  25304.0410,
       1,     167,      93,       9,       1,       3,       1,     10.0000,      1.3880,     42.4130,    245.2904,     61.7303,      3.4953,      0.1103,      0.0789,     28.4004,      0.1419,      5.5097,     11.0195,      1.2542,     28.3526,     56.7051,      0.0190,      0.0026,      0.1379,      0.1985,   7591.2124,-420919.5625,  -1038.3661,    543.7457,  25304.0410,
       1,     167,      93,      10,       1,       3,       1,     10.0000,      1.3880,     42.4130,    245.2904,     61.7303,      3.4953,      0.1797,      0.1482,     51.2169,      0.1439,      5.5097,     11.0195,      1.2720,     28.3526,     56.7051,      0.0190,      0.0027,      0.2368,      0.1985,   7591.2124,-453259.2500,  -1047.4281,    541.5477,  25304.0410,
       1,     167,      93,      11,       1,       3,       1,     10.0000,      1.3880,     42.4130,    245.2904,     61.7303,      3.4953,      0.1864,      0.1549,     57.0537,      0.1469,      5.5097,     11.0195,      1.2979,     28.3526,     56.7051,      0.0190,      0.0029,      0.2461,      0.1985,   7591.2124,-485246.3750,  -1057.8610,    539.3868,  25304.0391,
       1,     167,      93,      12,       1,       3,       1,     10.0000,      1.3880,     42.4130,    245.2904,     61.7303,      3.4953,      0.1893,      0.1569,     63.1157,      0.1740,      5.5097,     11.0195,      1.5373,     28.3526,     56.7051,      0.0190,      0.0031,      0.2500,      0.1985,   7591.2119,-495490.7500,  -1061.3406,    538.7004,  25304.0371,
       1,     167,      93,      13,       1,       3,       1,     10.0000,      1.3880,     42.4130,    245.2904,     61.7303,      3.4953,      0.1890,      0.1560,     61.0746,      0.1937,      5.5097,     11.0195,      1.7113,     28.3526,     56.7051,      0.0190,      0.0030,      0.2500,      0.1985,   7591.2114,-504127.9688,  -1063.8607,    538.1192,  25304.0410,
       1,     167,      93,      14,       1,       3,       1,     10.0000,      1.3880,     42.4130,    245.2904,     61.7303,      3.4953,      0.1884,      0.1551,     53.8854,      0.2033,      5.5097,     11.0195,      1.7961,     28.3526,     56.7051,      0.0190,      0.0027,      0.2500,      0.1984,   7591.2124,-502263.9062,  -1063.4598,    538.2449,  25304.0391,
       1,     167,      93,      15,       1,       3,       1,     10.0000,      1.3880,     42.4130,    245.2904,     61.7303,      3.4953,      0.1880,      0.1547,     49.4583,      0.2041,      5.5097,     11.0195,      1.8032,     28.3526,     56.7051,      0.0190,      0.0025,      0.2500,      0.1984,   7591.2119,-492905.2812,  -1060.9326,    538.8746,  25304.0391,
       1,     167,      93,      16,       1,       3,       1,     10.0000,      1.3880,     42.4130,    245.2904,     61.7303,      3.4953,      0.1876,      0.1542,     43.7106,      0.2037,      5.5097,     11.0195,      1.7996,     28.3526,     56.7051,      0.0190,      0.0022,      0.2500,      0.1985,   7591.2119,-486433.9375,  -1059.1783,    539.3109,  25304.0371,
       1,     167,      93,      17,       1,       3,       1,     10.0000,      1.3880,     42.4130,    245.2904,     61.7303,      3.4953,      0.1904,      0.1573,     79.0616,      0.1964,      5.5097,     11.0195,      1.7351,     28.3526,     56.7051,      0.0190,      0.0039,      0.2500,      0.1985,   7591.2114,-478523.1875,  -1057.0024,    539.8444,  25304.0352,
       1,     167,      93,      18,       1,       3,       1,     10.0000,      1.3880,     42.4130,    245.2904,     61.7303,      3.4953,      0.1739,      0.1411,    101.6879,      0.1861,      5.5097,     11.0195,      1.6448,     28.3526,     56.7051,      0.0190,      0.0057,      0.2229,      0.1985,   7591.2109,-523046.9062,  -1069.5656,    536.8401,  25304.0352,
       1,     167,      93,      19,       1,       3,       1,     10.0000,      1.3880,     42.4130,    245.2904,     61.7303,      3.4953,      0.1280,      0.0956,     76.1724,      0.1736,      5.5097,     11.0195,      1.5343,     28.3526,     56.7051,      0.0190,      0.0060,      0.1581,      0.1984,   7591.2109,-555882.1250,  -1079.0281,    534.6450,  25304.0352,
       1,     167,      93,      20,       1,       3,       1,     10.0000,      1.3880,     42.4130,    245.2904,     61.7303,      3.4953,      0.0168,     -0.0151,      1.6048,      0.1589,      5.5097,     11.0195,      1.4037,     28.3526,     56.7051,      0.0190,      0.0058,      0.0034,      0.1984,   7591.2109,-526054.9375,  -1070.9894,    536.6429,  25304.0332,
       1,     167,      93,      21,       1,       3,       1,     10.0000,      1.3880,     42.4130,    245.2904,     61.7303,      3.4953,      0.0000,     -0.0317,      7.3658,      0.1512,      5.5097,     11.0195,      1.3363,     28.3526,     56.7051,      0.0190,      0.0059,      0.0156,      0.1984,   7591.2104,-428052.2812,  -1043.5702,    543.2206,  25304.0332,
       1,     167,      93,      22,       1,       3,       1,     10.0000,      1.3880,     42.4130,    245.2904,     61.7303,      3.4953,      0.0000,     -0.0316,      6.9754,      0.1491,      5.5097,     11.0195,      1.3177,     28.3526,     56.7051,      0.0190,      0.0056,      0.0156,      0.1985,   7591.2104,-427055.0938,  -1043.2354,    543.3289,  25304.0332,
       1,     167,      93,      23,       1,       3,       1,     10.0000,      1.3880,     42.4130,    245.2904,     61.7303,      3.4953,      0.0000,     -0.0315,      6.5034,      0.1472,      5.5097,     11.0195,      1.3005,     28.3526,     56.7051,      0.0190,      0.0052,      0.0156,      0.1985,   7591.2104,-426417.8750,  -1043.0040,    543.3723,  25304.0332,
       1,     167,      93,      24,       1,       3,       1,     10.0000,      1.3880,     42.4130,    245.2904,     61.7303,      3.4953,      0.0000,     -0.0316,      6.0124,      0.1476,      5.5097,     11.0195,      1.3045,     28.3526,     56.7051,      0.0190,      0.0048,      0.0156,      0.1985,   7591.2104,-425759.2500,  -1042.7715,    543.4169,  25304.0332,
       1,     167,      94,       1,       1,       3,       1,     10.0000,      1.3880,     42.4133,    245.2962,     61.7317,      3.4953,      0.0000,     -0.0316,      5.1665,      0.1496,      5.5091,     11.0182,      1.3217,     28.3611,     56.7221,      0.0190,      0.0041,      0.0156,      0.1985,   7591.2104,-425231.0312,  -1042.9894,    543.4656,  25305.1758,
       1,     167,      94,       2,       1,       3,       1,     10.0000,      1.3880,     42.4133,    245.2962,     61.7317,      3.4953,      0.0000,     -0.0316,      4.3240,      0.1494,      5.5091,     11.0182,      1.3203,     28.3611,     56.7221,      0.0190,      0.0034,      0.0156,      0.1985,   7591.5532,-423950.3438,  -1042.1842,    543.5526,  25305.1758,
       1,     167,      94,       3,       1,       3,       1,     10.0000,      1.3880,     42.4133,    245.2962,     61.7317,      3.4953,      0.0000,     -0.0315,      4.0317,      0.1470,      5.5091,     11.0182,      1.2992,     28.3611,     56.7221,      0.0190,      0.0032,      0.0156,      0.1985,   7591.5532,-422762.8750,  -1041.8206,    543.6333,  25305.1758,
       1,     167,      94,       4,       1,       3,       1,     10.0000,      1.3880,     42.4133,    245.2962,     61.7317,      3.4953,      0.0000,     -0.0315,      3.8505,      0.1448,      5.5091,     11.0182,      1.2798,     28.3611,     56.7221,      0.0190,      0.0031,      0.0156,      0.1985,   7591.5532,-422286.2812,  -1041.6598,    543.6657,  25305.1758,
       1,     167,      94,       5,       1,       3,       1,     10.0000,      1.3880,     42.4133,    245.2962,     61.7317,      3.4953,      0.0000,     -0.0314,      3.7334,      0.1431,      5.5091,     11.0182,      1.2644,     28.3611,     56.7221,      0.0190,      0.0030,      0.0156,      0.1985,   7591.5532,-422013.3438,  -1041.5577,    543.6842,  25305.1758,
       1,     167,      94,       6,       1,       3,       1,     10.0000,      1.3880,     42.4133,    245.2962,     61.7317,      3.4953,      0.0000,     -0.0314,      3.7358,      0.1432,      5.5091,     11.0182,      1.2656,     28.3611,     56.7221,      0.0190,      0.0030,      0.0156,      0.1985,   7591.5532,-421840.0938,  -1041.4846,    543.6960,  25305.1758,
       1,     167,      94,       7,       1,       3,       1,     10.0000,      1.3880,     42.4133,    245.2962,     61.7317,      3.4953,      0.0000,     -0.0314,      3.6268,      0.1438,      5.5091,     11.0182,      1.2708,     28.3611,     56.7221,      0.0190,      0.0029,      0.0156,      0.1985,   7591.5532,-421828.0312,  -1041.4573,    543.6968,  25305.1758,
       1,     167,      94,       8,       1,       3,       1,     10.0000,      1.3880,     42.4133,    245.2962,     61.7317,      3.4953,      0.0041,     -0.0274,      3.5410,      0.1454,      5.5091,     11.0182,      1.2849,     28.3611,     56.7221,      0.0190,      0.0028,      0.0156,      0.1985,   7591.5532,-421687.7188,  -1041.3948,    543.7064,  25305.1758,
       1,     167,      94,       9,       1,       3,       1,     10.0000,      1.3880,     42.4133,    245.2962,     61.7317,      3.4953,      0.0610,      0.0292,     15.5923,      0.1545,      5.5091,     11.0182,      1.3649,     28.3611,     56.7221,      0.0190,      0.0029,      0.0669,      0.1985,   7591.5532,-421565.9688,  -1041.8279,    543.7147,  25305.1758,
       1,     167,      94,      10,       1,       3,       1,     10.0000,      1.3880,     42.4133,    245.2962,     61.7317,      3.4953,      0.1492,      0.1170,     42.6702,      0.1668,      5.5091,     11.0182,      1.4743,     28.3611,     56.7221,      0.0190,      0.0027,      0.1933,      0.1985,   7591.5532,-436951.9375,  -1046.1458,    542.6690,  25305.1758,
       1,     167,      94,      11,       1,       3,       1,     10.0000,      1.3880,     42.4133,    245.2962,     61.7317,      3.4953,      0.1867,      0.1540,     57.8671,      0.1796,      5.5091,     11.0182,      1.5871,     28.3611,     56.7221,      0.0190,      0.0029,      0.2467,      0.1985,   7591.5532,-472892.6875,  -1056.2777,    540.2320,  25305.1758,
       1,     167,      94,      12,       1,       3,       1,     10.0000,      1.3880,     42.4133,    245.2962,     61.7317,      3.4953,      0.1887,      0.1557,     56.8994,      0.1927,      5.5091,     11.0182,      1.7029,     28.3611,     56.7221,      0.0190,      0.0028,      0.2500,      0.1985,   7591.5532,-495454.3438,  -1062.6785,    538.7139,  25305.1758,
       1,     167,      94,      13,       1,       3,       1,     10.0000,      1.3880,     42.4133,    245.2962,     61.7317,      3.4953,      0.1889,      0.1557,     60.5142,      0.2007,      5.5091,     11.0182,      1.7733,     28.3611,     56.7221,      0.0190,      0.0030,      0.2500,      0.1985,   7591.5532,-496169.4062,  -1062.9844,    538.6678,  25305.1758,
       1,     167,      94,      14,       1,       3,       1,     10.0000,      1.3880,     42.4133,    245.2962,     61.7317,      3.4953,      0.1886,      0.1551,     57.1151,      0.2081,      5.5091,     11.0182,      1.8391,     28.3611,     56.7221,      0.0190,      0.0028,      0.2500,      0.1985,   7591.5532,-500852.0000,  -1064.9133,    538.3525,  25305.1719,
       1,     167,      94,      15,       1,       3,       1,     10.0000,      1.3880,     42.4133,    245.2962,     61.7317,      3.4953,      0.1905,      0.1570,     81.7258,      0.2092,      5.5091,     11.0182,      1.8482,     28.3611,     56.7221,      0.0190,      0.0041,      0.2500,      0.1985,   7591.5518,-496910.1875,  -1063.9047,    538.6179,  25305.1758,
       1,     167,      94,      16,       1,       3,       1,     10.0000,      1.3880,     42.4133,    245.2962,     61.7317,      3.4953,      0.1767,      0.1433,     90.8701,      0.2051,      5.5091,     11.0182,      1.8121,     28.3611,     56.7221,      0.0190,      0.0049,      0.2283,      0.1985,   7591.5532,-528046.6875,  -1072.7981,    536.5217,  25305.1719,
       1,     167,      94,      17,       1,       3,       1,     10.0000,      1.3880,     42.4133,    245.2962,     61.7317,      3.4953,      0.1837,      0.1505,    108.2097,      0.1991,      5.5091,     11.0182,      1.7593,     28.3611,     56.7221,      0.0190,      0.0057,      0.2368,      0.1984,   7591.5518,-542455.5000,  -1077.1263,    535.5594,  25305.1699,
       1,     167,      94,      18,       1,       3,       1,     10.0000,      1.3880,     42.4133,    245.2962,     61.7317,      3.4953,      0.1740,      0.1411,    103.0499,      0.1876,      5.5091,     11.0182,      1.6579,     28.3611,     56.7221,      0.0190,      0.0057,      0.2229,      0.1984,   7591.5513,-565893.2500,  -1084.0781,    533.9912,  25305.1680,
       1,     167,      94,      19,       1,       3,       1,     10.0000,      1.3880,     42.4133,    245.2962,     61.7317,      3.4953,      0.1304,      0.0980,     73.7422,      0.1736,      5.5091,     11.0182,      1.5343,     28.3611,     56.7221,      0.0190,      0.0057,      0.1619,      0.1984,   7591.5508,-561319.5625,  -1083.1995,    534.2988,  25305.1699,
       1,     167,      94,      20,       1,       3,       1,     10.0000,      1.3880,     42.4133,    245.2962,     61.7317,      3.4953,      0.0195,     -0.0126,      3.1906,      0.1616,      5.5091,     11.0182,      1.4279,     28.3611,     56.7221,      0.0190,      0.0056,      0.0070,      0.1984,   7591.5513,-523395.7188,  -1072.8309,    536.8317,  25305.1699,
       1,     167,      94,      21,       1,       3,       1,     10.0000,      1.3880,     42.4133,    245.2962,     61.7317,      3.4953,      0.0000,     -0.0318,      7.0152,      0.1549,      5.5091,     11.0182,      1.3690,     28.3611,     56.7221,      0.0190,      0.0056,      0.0156,      0.1984,   7591.5513,-429861.4375,  -1046.4470,    543.1143,  25305.1680,
       1,     167,      94,      22,       1,       3,       1,     10.0000,      1.3880,     42.4133,    245.2962,     61.7317,      3.4953,      0.0000,     -0.0317,      7.0153,      0.1525,      5.5091,     11.0182,      1.3472,     28.3611,     56.7221,      0.0190,      0.0056,      0.0156,      0.1985,   7591.5508,-426762.6250,  -1045.5234,    543.3616,  25305.1680,
       1,     167,      94,      23,       1,       3,       1,     10.0000,      1.3880,     42.4133,    245.2962,     61.7317,      3.4953,      0.0000,     -0.0317,      6.4452,      0.1529,      5.5091,     11.0182,      1.3512,     28.3611,     56.7221,      0.0190,      0.0051,      0.0156,      0.1985,   7591.5508,-426446.5312,  -1045.3877,    543.3831,  25305.1680,
       1,     167,      94,      24,       1,       3,       1,     10.0000,      1.3880,     42.4133,    245.2962,     61.7317,      3.4953,      0.0000,     -0.0317,      5.5966,      0.1518,      5.5091,     11.0182,      1.3418,     28.3611,     56.7221,      0.0190,      0.0045,      0.0156,      0.1985,   7591.5508,-425690.8125,  -1045.1315,    543.4344,  25305.1680,
       1,     167,      95,       1,       1,       3,       1,     10.0000,      1.3881,     42.4137,    245.3020,     61.7332,      3.4953,      0.0000,     -0.0317,      4.7522,      0.1518,      5.5095,     11.0189,      1.3418,     28.3674,     56.7347,      0.0190,      0.0038,      0.0156,      0.1986,   7591.5508,-424697.0312,  -1045.2272,    543.5147,  25306.3145,
       1,     167,      95,       2,       1,       3,       1,     10.0000,      1.3881,     42.4137,    245.3020,     61.7332,      3.4953,      0.0000,     -0.0316,      4.0787,      0.1494,      5.5095,     11.0189,      1.3204,     28.3674,     56.7347,      0.0190,      0.0032,      0.0156,      0.1986,   7591.8945,-423377.7812,  -1044.4108,    543.6043,  25306.3145,
       1,     167,      95,       3,       1,       3,       1,     10.0000,      1.3881,     42.4137,    245.3020,     61.7332,      3.4953,      0.0000,     -0.0316,      3.9348,      0.1475,      5.5095,     11.0189,      1.3032,     28.3674,     56.7347,      0.0190,      0.0031,      0.0156,      0.1986,   7591.8945,-422402.8750,  -1044.1100,    543.6706,  25306.3145,
       1,     167,      95,       4,       1,       3,       1,     10.0000,      1.3881,     42.4137,    245.3020,     61.7332,      3.4953,      0.0000,     -0.0315,      3.7107,      0.1467,      5.5095,     11.0189,      1.2967,     28.3674,     56.7347,      0.0190,      0.0030,      0.0156,      0.1986,   7591.8945,-422134.4062,  -1044.0106,    543.6888,  25306.3145,
       1,     167,      95,       5,       1,       3,       1,     10.0000,      1.3881,     42.4137,    245.3020,     61.7332,      3.4953,      0.0000,     -0.0315,      3.7444,      0.1448,      5.5095,     11.0189,      1.2798,     28.3674,     56.7347,      0.0190,      0.0030,      0.0156,      0.1986,   7591.8945,-421824.8125,  -1043.9015,    543.7098,  25306.3145,
       1,     167,      95,       6,       1,       3,       1,     10.0000,      1.3881,     42.4137,    245.3020,     61.7332,      3.4953,      0.0000,     -0.0313,      3.3463,      0.1407,      5.5095,     11.0189,      1.2429,     28.3674,     56.7347,      0.0190,      0.0027,      0.0156,      0.1986,   7591.8945,-421841.0000,  -1043.8843,    543.7087,  25306.3145,
       1,     167,      95,       7,       1,       3,       1,     10.0000,      1.3881,     42.4137,    245.3020,     61.7332,      3.4953,      0.0000,     -0.0312,      3.1837,      0.1390,      5.5095,     11.0189,      1.2279,     28.3674,     56.7347,      0.0190,      0.0025,      0.0156,      0.1986,   7591.8945,-421333.9375,  -1043.7217,    543.7432,  25306.3145,
       1,     167,      95,       8,       1,       3,       1,     10.0000,      1.3881,     42.4137,    245.3020,     61.7332,      3.4953,      0.0046,     -0.0267,      2.9049,      0.1391,      5.5095,     11.0189,      1.2291,     28.3674,     56.7347,      0.0190,      0.0023,      0.0156,      0.1986,   7591.8945,-421082.1250,  -1043.6328,    543.7603,  25306.3145,
       1,     167,      95,       9,       1,       3,       1,     10.0000,      1.3881,     42.4137,    245.3020,     61.7332,      3.4953,      0.0313,     -0.0004,      4.8545,      0.1505,      5.5095,     11.0189,      1.3297,     28.3674,     56.7347,      0.0190,      0.0024,      0.0247,      0.1986,   7591.8945,-420704.1562,  -1043.5094,    543.7860,  25306.3145,
       1,     167,      95,      10,       1,       3,       1,     10.0000,      1.3881,     42.4137,    245.3020,     61.7332,      3.4953,      0.1712,      0.1389,     51.4246,      0.1670,      5.5095,     11.0189,      1.4758,     28.3674,     56.7347,      0.0190,      0.0028,      0.2245,      0.1986,   7591.8945,-423161.7500,  -1044.1914,    543.6190,  25306.3145,
       1,     167,      95,      11,       1,       3,       1,     10.0000,      1.3881,     42.4137,    245.3020,     61.7332,      3.4953,      0.1892,      0.1567,     61.6475,      0.1762,      5.5095,     11.0189,      1.5574,     28.3674,     56.7347,      0.0190,      0.0031,      0.2500,      0.1986,   7591.8945,-482866.5625,  -1061.1755,    539.5619,  25306.3145,
       1,     167,      95,      12,       1,       3,       1,     10.0000,      1.3881,     42.4137,    245.3020,     61.7332,      3.4953,      0.1895,      0.1565,     67.1875,      0.1920,      5.5095,     11.0189,      1.6962,     28.3674,     56.7347,      0.0190,      0.0033,      0.2500,      0.1985,   7591.8945,-501160.9688,  -1066.4524,    538.3431,  25306.3125,
       1,     167,      95,      13,       1,       3,       1,     10.0000,      1.3881,     42.4137,    245.3020,     61.7332,      3.4953,      0.1906,      0.1570,     83.0783,      0.2114,      5.5095,     11.0189,      1.8683,     28.3674,     56.7347,      0.0190,      0.0041,      0.2500,      0.1985,   7591.8940,-509814.9062,  -1069.0485,    537.7621,  25306.3125,
       1,     167,      95,      14,       1,       3,       1,     10.0000,      1.3881,     42.4137,    245.3020,     61.7332,      3.4953,      0.1912,      0.1575,     91.1575,      0.2152,      5.5095,     11.0189,      1.9017,     28.3674,     56.7347,      0.0190,      0.0045,      0.2500,      0.1985,   7591.8940,-530889.3750,  -1075.2129,    536.3459,  25306.3125,
       1,     167,      95,      15,       1,       3,       1,     10.0000,      1.3881,     42.4137,    245.3020,     61.7332,      3.4953,      0.1926,      0.1590,    108.7439,      0.2135,      5.5095,     11.0189,      1.8868,     28.3674,     56.7347,      0.0190,      0.0054,      0.2500,      0.1985,   7591.8940,-543055.3125,  -1078.9309,    535.5321,  25306.3125,
       1,     167,      95,      16,       1,       3,       1,     10.0000,      1.3881,     42.4137,    245.3020,     61.7332,      3.4953,      0.1942,      0.1607,    128.6312,      0.2081,      5.5095,     11.0189,      1.8391,     28.3674,     56.7347,      0.0190,      0.0064,      0.2500,      0.1984,   7591.8940,-566614.3750,  -1085.9677,    533.9556,  25306.3105,
       1,     167,      95,      17,       1,       3,       1,     10.0000,      1.3881,     42.4137,    245.3020,     61.7332,      3.4953,      0.1898,      0.1565,    142.0532,      0.2017,      5.5095,     11.0189,      1.7821,     28.3674,     56.7347,      0.0190,      0.0073,      0.2418,      0.1984,   7591.8936,-594121.1250,  -1094.2572,    532.1219,  25306.3047,
       1,     167,      95,      18,       1,       3,       1,     10.0000,      1.3881,     42.4137,    245.3020,     61.7332,      3.4953,      0.1753,      0.1423,    139.3746,      0.1897,      5.5095,     11.0189,      1.6761,     28.3674,     56.7347,      0.0190,      0.0079,      0.2206,      0.1984,   7591.8916,-613701.3750,  -1100.4308,    530.8228,  25306.3066,
       1,     167,      95,      19,       1,       3,       1,     10.0000,      1.3881,     42.4137,    245.3020,     61.7332,      3.4953,      0.1274,      0.0948,     97.2291,      0.1775,      5.5095,     11.0189,      1.5683,     28.3674,     56.7347,      0.0190,      0.0078,      0.1547,      0.1983,   7591.8921,-611964.3125,  -1100.6003,    530.9396,  25306.3066,
       1,     167,      95,      20,       1,       3,       1,     10.0000,      1.3881,     42.4137,    245.3020,     61.7332,      3.4953,      0.0220,     -0.0100,      6.1430,      0.1613,      5.5095,     11.0189,      1.4250,     28.3674,     56.7347,      0.0190,      0.0073,      0.0105,      0.1983,   7591.8921,-557807.4375,  -1085.6967,    534.5339,  25306.3047,
       1,     167,      95,      21,       1,       3,       1,     10.0000,      1.3881,     42.4137,    245.3020,     61.7332,      3.4953,      0.0000,     -0.0317,      8.7193,      0.1529,      5.5095,     11.0189,      1.3513,     28.3674,     56.7347,      0.0190,      0.0069,      0.0156,      0.1984,   7591.8916,-436563.4375,  -1051.1772,    542.6472,  25306.3047,
       1,     167,      95,      22,       1,       3,       1,     10.0000,      1.3881,     42.4137,    245.3020,     61.7332,      3.4953,      0.0000,     -0.0317,      7.9771,      0.1514,      5.5095,     11.0189,      1.3378,     28.3674,     56.7347,      0.0190,      0.0064,      0.0156,      0.1986,   7591.8916,-429555.7812,  -1049.1334,    543.1844,  25306.3047,
       1,     167,      95,      23,       1,       3,       1,     10.0000,      1.3881,     42.4137,    245.3020,     61.7332,      3.4953,      0.0000,     -0.0316,      7.3739,      0.1485,      5.5095,     11.0189,      1.3124,     28.3674,     56.7347,      0.0190,      0.0059,      0.0156,      0.1986,   7591.8916,-427921.0000,  -1048.6337,    543.2957,  25306.3027,
       1,     167,      95,      24,       1,       3,       1,     10.0000,      1.3881,     42.4137,    245.3020,     61.7332,      3.4953,      0.0000,     -0.0316,      6.8401,      0.1473,      5.5095,     11.0189,      1.3019,     28.3674,     56.7347,      0.0190,      0.0054,      0.0156,      0.1986,   7591.8911,-427008.3438,  -1048.3450,    543.3577,  25306.3027,
       1,     167,      96,       1,       1,       3,       1,     10.0000,      1.3881,     42.4140,    245.3079,     61.7346,      3.4953,      0.0000,     -0.0316,      5.8302,      0.1493,      5.5097,     11.0193,      1.3191,     28.3742,     56.7484,      0.0190,      0.0046,      0.0156,      0.1986,   7591.8911,-426403.6250,  -1048.5656,    543.4117,  25307.4492,
       1,     167,      96,       2,       1,       3,       1,     10.0000,      1.3881,     42.4140,    245.3079,     61.7346,      3.4953,      0.0000,     -0.0315,      4.7251,      0.1453,      5.5097,     11.0193,      1.2837,     28.3742,     56.7484,      0.0190,      0.0038,      0.0156,      0.1986,   7592.2349,-424906.5312,  -1047.6970,    543.5134,  25307.4492,
       1,     167,      96,       3,       1,       3,       1,     10.0000,      1.3881,     42.4140,    245.3079,     61.7346,      3.4953,      0.0000,     -0.0315,      5.0977,      0.1450,      5.5097,     11.0193,      1.2811,     28.3742,     56.7484,      0.0190,      0.0041,      0.0156,      0.1986,   7592.2349,-423365.0938,  -1047.2380,    543.6182,  25307.4492,
       1,     167,      96,       4,       1,       3,       1,     10.0000,      1.3881,     42.4140,    245.3079,     61.7346,      3.4953,      0.0000,     -0.0314,      4.7743,      0.1435,      5.5097,     11.0193,      1.2683,     28.3742,     56.7484,      0.0190,      0.0038,      0.0156,      0.1986,   7592.2349,-423707.0938,  -1047.3196,    543.5950,  25307.4492,
       1,     167,      96,       5,       1,       3,       1,     10.0000,      1.3881,     42.4140,    245.3079,     61.7346,      3.4953,      0.0000,     -0.0314,      4.2504,      0.1428,      5.5097,     11.0193,      1.2619,     28.3742,     56.7484,      0.0190,      0.0034,      0.0156,      0.1986,   7592.2349,-423323.7500,  -1047.1938,    543.6210,  25307.4492,
       1,     167,      96,       6,       1,       3,       1,     10.0000,      1.3881,     42.4140,    245.3079,     61.7346,      3.4953,      0.0000,     -0.0313,      4.2270,      0.1401,      5.5097,     11.0193,      1.2379,     28.3742,     56.7484,      0.0190,      0.0034,      0.0156,      0.1986,   7592.2349,-422621.2812,  -1046.9784,    543.6688,  25307.4492,
       1,     167,      96,       7,       1,       3,       1,     10.0000,      1.3881,     42.4140,    245.3079,     61.7346,      3.4953,      0.0000,     -0.0313,      3.9399,      0.1397,      5.5097,     11.0193,      1.2341,     28.3742,     56.7484,      0.0190,      0.0031,      0.0156,      0.1986,   7592.2349,-422530.3125,  -1046.9390,    543.6749,  25307.4492,
       1,     167,      96,       8,       1,       3,       1,     10.0000,      1.3881,     42.4140,    245.3079,     61.7346,      3.4953,      0.0108,     -0.0204,      3.7434,      0.1380,      5.5097,     11.0193,      1.2193,     28.3742,     56.7484,      0.0190,      0.0030,      0.0156,      0.1986,   7592.2349,-422155.7812,  -1046.8191,    543.7003,  25307.4492,
       1,     167,      96,       9,       1,       3,       1,     10.0000,      1.3881,     42.4140,    245.3079,     61.7346,      3.4953,      0.1011,      0.0694,     30.4787,      0.1506,      5.5097,     11.0193,      1.3311,     28.3742,     56.7484,      0.0190,      0.0031,      0.1241,      0.1986,   7592.2349,-421872.3125,  -1046.7260,    543.7196,  25307.4492,
       1,     167,      96,      10,       1,       3,       1,     10.0000,      1.3881,     42.4140,    245.3079,     61.7346,      3.4953,      0.1769,      0.1446,     61.8399,      0.1695,      5.5097,     11.0193,      1.4981,     28.3742,     56.7484,      0.0190,      0.0033,      0.2317,      0.1986,   7592.2349,-455996.1562,  -1056.5575,    541.4004,  25307.4492,
       1,     167,      96,      11,       1,       3,       1,     10.0000,      1.3881,     42.4140,    245.3079,     61.7346,      3.4953,      0.1630,      0.1303,     66.3192,      0.1830,      5.5097,     11.0193,      1.6174,     28.3742,     56.7484,      0.0190,      0.0039,      0.2109,      0.1986,   7592.2349,-499048.7500,  -1068.9935,    538.4918,  25307.4473,
       1,     167,      96,      12,       1,       3,       1,     10.0000,      1.3881,     42.4140,    245.3079,     61.7346,      3.4953,      0.1903,      0.1572,     76.9869,      0.1941,      5.5097,     11.0193,      1.7148,     28.3742,     56.7484,      0.0190,      0.0038,      0.2500,      0.1985,   7592.2344,-508522.9375,  -1071.8735,    537.8618,  25307.4473,
       1,     167,      96,      13,       1,       3,       1,     10.0000,      1.3881,     42.4140,    245.3079,     61.7346,      3.4953,      0.1898,      0.1564,     72.3026,      0.2047,      5.5097,     11.0193,      1.8087,     28.3742,     56.7484,      0.0190,      0.0036,      0.2500,      0.1985,   7592.2344,-522977.1250,  -1076.2203,    536.8904,  25307.4453,
       1,     167,      96,      14,       1,       3,       1,     10.0000,      1.3881,     42.4140,    245.3079,     61.7346,      3.4953,      0.1913,      0.1577,     91.1761,      0.2098,      5.5097,     11.0193,      1.8537,     28.3742,     56.7484,      0.0190,      0.0045,      0.2500,      0.1985,   7592.2339,-518237.2188,  -1075.0863,    537.2094,  25307.4453,
       1,     167,      96,      15,       1,       3,       1,     10.0000,      1.3881,     42.4140,    245.3079,     61.7346,      3.4953,      0.1930,      0.1595,    113.2540,      0.2079,      5.5097,     11.0193,      1.8374,     28.3742,     56.7484,      0.0190,      0.0056,      0.2500,      0.1985,   7592.2339,-541968.8750,  -1082.1652,    535.6158,  25307.4453,
       1,     167,      96,      16,       1,       3,       1,     10.0000,      1.3881,     42.4140,    245.3079,     61.7346,      3.4953,      0.1935,      0.1601,    126.3705,      0.2017,      5.5097,     11.0193,      1.7821,     28.3742,     56.7484,      0.0190,      0.0063,      0.2491,      0.1985,   7592.2339,-572280.5000,  -1091.2623,    533.5888,  25307.4414,
       1,     167,      96,      17,       1,       3,       1,     10.0000,      1.3881,     42.4140,    245.3079,     61.7346,      3.4953,      0.1594,      0.1264,    104.7176,      0.1914,      5.5097,     11.0193,      1.6912,     28.3742,     56.7484,      0.0190,      0.0065,      0.2011,      0.1984,   7592.2329,-591704.3125,  -1097.3608,    532.2971,  25307.4453,
       1,     167,      96,      18,       1,       3,       1,     10.0000,      1.3881,     42.4140,    245.3079,     61.7346,      3.4953,      0.1436,      0.1108,    101.2201,      0.1845,      5.5097,     11.0193,      1.6303,     28.3742,     56.7484,      0.0190,      0.0071,      0.1782,      0.1984,   7592.2339,-565651.4375,  -1090.3806,    534.0321,  25307.4414,
       1,     167,      96,      19,       1,       3,       1,     10.0000,      1.3881,     42.4140,    245.3079,     61.7346,      3.4953,      0.1351,      0.1028,     93.9958,      0.1690,      5.5097,     11.0193,      1.4936,     28.3742,     56.7484,      0.0190,      0.0070,      0.1665,      0.1984,   7592.2329,-558930.5625,  -1088.8917,    534.4836,  25307.4414,
       1,     167,      96,      20,       1,       3,       1,     10.0000,      1.3881,     42.4140,    245.3079,     61.7346,      3.4953,      0.0235,     -0.0085,      6.7249,      0.1593,      5.5097,     11.0193,      1.4080,     28.3742,     56.7484,      0.0190,      0.0066,      0.0127,      0.1985,   7592.2329,-549099.3125,  -1086.4552,    535.1406,  25307.4395,
       1,     167,      96,      21,       1,       3,       1,     10.0000,      1.3881,     42.4140,    245.3079,     61.7346,      3.4953,      0.0000,     -0.0318,      7.5019,      0.1542,      5.5097,     11.0193,      1.3622,     28.3742,     56.7484,      0.0190,      0.0060,      0.0156,      0.1985,   7592.2319,-436560.1875,  -1054.0527,    542.6691,  25307.4395,
       1,     167,      96,      22,       1,       3,       1,     10.0000,      1.3881,     42.4140,    245.3079,     61.7346,      3.4953,      0.0000,     -0.0317,      7.0378,      0.1528,      5.5097,     11.0193,      1.3499,     28.3742,     56.7484,      0.0190,      0.0056,      0.0156,      0.1986,   7592.2319,-427991.5625,  -1051.5518,    543.3036,  25307.4395,
       1,     167,      96,      23,       1,       3,       1,     10.0000,      1.3881,     42.4140,    245.3079,     61.7346,      3.4953,      0.0000,     -0.0318,      6.7949,      0.1531,      5.5097,     11.0193,      1.3527,     28.3742,     56.7484,      0.0190,      0.0054,      0.0156,      0.1986,   7592.2319,-426588.2812,  -1051.1299,    543.3991,  25307.4395,
       1,     167,      96,      24,       1,       3,       1,     10.0000,      1.3881,     42.4140,    245.3079,     61.7346,      3.4953,      0.0000,     -0.0317,      5.8040,      0.1522,      5.5097,     11.0193,      1.3445,     28.3742,     56.7484,      0.0190,      0.0046,      0.0156,      0.1986,   7592.2319,-426156.0000,  -1050.9907,    543.4286,  25307.4395,
       1,     167,      97,       1,       1,       3,       1,     10.0000,      1.3881,     42.4143,    245.3137,     61.7361,      3.4953,      0.0000,     -0.0317,      5.1239,      0.1522,      5.5095,     11.0190,      1.3446,     28.3812,     56.7623,      0.0190,      0.0041,      0.0156,      0.1986,   7592.2319,-425009.0312,  -1051.0702,    543.5193,  25308.5859,
       1,     167,      97,       2,       1,       3,       1,     10.0000,      1.3881,     42.4143,    245.3137,     61.7361,      3.4953,      0.0000,     -0.0317,      4.6775,      0.1517,      5.5095,     11.0190,      1.3405,     28.3812,     56.7623,      0.0190,      0.0037,      0.0156,      0.1986,   7592.5762,-423886.8750,  -1050.3130,    543.5955,  25308.5859,
       1,     167,      97,       3,       1,       3,       1,     10.0000,      1.3881,     42.4143,    245.3137,     61.7361,      3.4953,      0.0000,     -0.0316,      4.1919,      0.1481,      5.5095,     11.0190,      1.3085,     28.3812,     56.7623,      0.0190,      0.0033,      0.0156,      0.1986,   7592.5762,-423219.3125,  -1050.1107,    543.6409,  25308.5859,
       1,     167,      97,       4,       1,       3,       1,     10.0000,      1.3881,     42.4143,    245.3137,     61.7361,      3.4953,      0.0000,     -0.0314,      3.8979,      0.1440,      5.5095,     11.0190,      1.2721,     28.3812,     56.7623,      0.0190,      0.0031,      0.0156,      0.1986,   7592.5762,-422541.2500,  -1049.9064,    543.6870,  25308.5859,
       1,     167,      97,       5,       1,       3,       1,     10.0000,      1.3881,     42.4143,    245.3137,     61.7361,      3.4953,      0.0000,     -0.0311,      3.8248,      0.1358,      5.5095,     11.0190,      1.1997,     28.3812,     56.7623,      0.0190,      0.0030,      0.0156,      0.1986,   7592.5762,-422106.9062,  -1049.7734,    543.7165,  25308.5859,
       1,     167,      97,       6,       1,       3,       1,     10.0000,      1.3881,     42.4143,    245.3137,     61.7361,      3.4953,      0.0000,     -0.0312,      3.6320,      0.1385,      5.5095,     11.0190,      1.2242,     28.3812,     56.7623,      0.0190,      0.0029,      0.0156,      0.1986,   7592.5762,-421975.7188,  -1049.7289,    543.7253,  25308.5859,
       1,     167,      97,       7,       1,       3,       1,     10.0000,      1.3881,     42.4143,    245.3137,     61.7361,      3.4953,      0.0000,     -0.0314,      3.7495,      0.1427,      5.5095,     11.0190,      1.2606,     28.3812,     56.7623,      0.0190,      0.0030,      0.0156,      0.1986,   7592.5762,-421718.2812,  -1049.6479,    543.7429,  25308.5859,
       1,     167,      97,       8,       1,       3,       1,     10.0000,      1.3881,     42.4143,    245.3137,     61.7361,      3.4953,      0.0102,     -0.0212,      3.2830,      0.1432,      5.5095,     11.0190,      1.2657,     28.3812,     56.7623,      0.0190,      0.0026,      0.0156,      0.1986,   7592.5762,-421846.0312,  -1049.6787,    543.7343,  25308.5859,
       1,     167,      97,       9,       1,       3,       1,     10.0000,      1.3881,     42.4143,    245.3137,     61.7361,      3.4953,      0.0981,      0.0663,     24.5912,      0.1552,      5.5095,     11.0190,      1.3718,     28.3812,     56.7623,      0.0190,      0.0025,      0.1203,      0.1986,   7592.5762,-421261.0625,  -1049.5029,    543.7739,  25308.5859,
       1,     167,      97,      10,       1,       3,       1,     10.0000,      1.3881,     42.4143,    245.3137,     61.7361,      3.4953,      0.1597,      0.1274,     31.9103,      0.1692,      5.5095,     11.0190,      1.4951,     28.3812,     56.7623,      0.0190,      0.0019,      0.2099,      0.1986,   7592.5762,-448423.4375,  -1057.4171,    541.9277,  25308.5859,
       1,     167,      97,      11,       1,       3,       1,     10.0000,      1.3881,     42.4143,    245.3137,     61.7361,      3.4953,      0.1620,      0.1295,     35.1414,      0.1747,      5.5095,     11.0190,      1.5436,     28.3812,     56.7623,      0.0190,      0.0021,      0.2129,      0.1986,   7592.5762,-460140.6562,  -1060.8497,    541.1371,  25308.5840,
       1,     167,      97,      12,       1,       3,       1,     10.0000,      1.3881,     42.4143,    245.3137,     61.7361,      3.4953,      0.1764,      0.1436,     46.0319,      0.1863,      5.5095,     11.0190,      1.6466,     28.3812,     56.7623,      0.0190,      0.0025,      0.2330,      0.1986,   7592.5757,-465282.7500,  -1062.3888,    540.7898,  25308.5840,
       1,     167,      97,      13,       1,       3,       1,     10.0000,      1.3881,     42.4143,    245.3137,     61.7361,      3.4953,      0.1881,      0.1549,     49.1266,      0.1970,      5.5095,     11.0190,      1.7404,     28.3812,     56.7623,      0.0190,      0.0024,      0.2500,      0.1986,   7592.5757,-479645.3750,  -1066.6238,    539.8190,  25308.5859,
       1,     167,      97,      14,       1,       3,       1,     10.0000,      1.3881,     42.4143,    245.3137,     61.7361,      3.4953,      0.1891,      0.1558,     62.7723,      0.2009,      5.5095,     11.0190,      1.7751,     28.3812,     56.7623,      0.0190,      0.0031,      0.2500,      0.1986,   7592.5762,-484847.0312,  -1068.4937,    539.4689,  25308.5840,
       1,     167,      97,      15,       1,       3,       1,     10.0000,      1.3881,     42.4143,    245.3137,     61.7361,      3.4953,      0.1904,      0.1571,     79.5294,      0.2013,      5.5095,     11.0190,      1.7786,     28.3812,     56.7623,      0.0190,      0.0040,      0.2500,      0.1986,   7592.5757,-502740.2188,  -1073.7959,    538.2624,  25308.5820,
       1,     167,      97,      16,       1,       3,       1,     10.0000,      1.3881,     42.4143,    245.3137,     61.7361,      3.4953,      0.1916,      0.1583,     94.2729,      0.2009,      5.5095,     11.0190,      1.7751,     28.3812,     56.7623,      0.0190,      0.0047,      0.2500,      0.1985,   7592.5747,-525719.7500,  -1080.6536,    536.7176,  25308.5840,
       1,     167,      97,      17,       1,       3,       1,     10.0000,      1.3881,     42.4143,    245.3137,     61.7361,      3.4953,      0.1922,      0.1592,    108.6388,      0.1897,      5.5095,     11.0190,      1.6762,     28.3812,     56.7623,      0.0190,      0.0054,      0.2491,      0.1985,   7592.5757,-546571.4375,  -1086.9983,    535.3209,  25308.5801,
       1,     167,      97,      18,       1,       3,       1,     10.0000,      1.3881,     42.4143,    245.3137,     61.7361,      3.4953,      0.1549,      0.1223,     89.9088,      0.1766,      5.5095,     11.0190,      1.5606,     28.3812,     56.7623,      0.0190,      0.0057,      0.1961,      0.1985,   7592.5742,-566759.8750,  -1093.2592,    533.9719,  25308.5801,
       1,     167,      97,      19,       1,       3,       1,     10.0000,      1.3881,     42.4143,    245.3137,     61.7361,      3.4953,      0.0646,      0.0324,     33.5562,      0.1672,      5.5095,     11.0190,      1.4773,     28.3812,     56.7623,      0.0190,      0.0060,      0.0698,      0.1985,   7592.5742,-544532.6875,  -1087.2177,    535.4572,  25308.5820,
       1,     167,      97,      20,       1,       3,       1,     10.0000,      1.3881,     42.4143,    245.3137,     61.7361,      3.4953,      0.0135,     -0.0184,      7.3624,      0.1586,      5.5095,     11.0190,      1.4010,     28.3812,     56.7623,      0.0190,      0.0059,      0.0156,      0.1985,   7592.5747,-470510.0312,  -1065.8936,    540.4136,  25308.5781,
       1,     167,      97,      21,       1,       3,       1,     10.0000,      1.3881,     42.4143,    245.3137,     61.7361,      3.4953,      0.0000,     -0.0319,      7.1203,      0.1559,      5.5095,     11.0190,      1.3774,     28.3812,     56.7623,      0.0190,      0.0057,      0.0156,      0.1986,   7592.5737,-430707.3750,  -1054.2845,    543.1254,  25308.5781,
       1,     167,      97,      22,       1,       3,       1,     10.0000,      1.3881,     42.4143,    245.3137,     61.7361,      3.4953,      0.0000,     -0.0318,      6.6978,      0.1535,      5.5095,     11.0190,      1.3568,     28.3812,     56.7623,      0.0190,      0.0053,      0.0156,      0.1986,   7592.5737,-426940.7500,  -1053.1726,    543.3879,  25308.5762,
       1,     167,      97,      23,       1,       3,       1,     10.0000,      1.3881,     42.4143,    245.3137,     61.7361,      3.4953,      0.0000,     -0.0316,      5.4584,      0.1473,      5.5095,     11.0190,      1.3020,     28.3812,     56.7623,      0.0190,      0.0043,      0.0156,      0.1986,   7592.5732,-426065.8438,  -1052.9071,    543.4474,  25308.5762,
       1,     167,      97,      24,       1,       3,       1,     10.0000,      1.3881,     42.4143,    245.3137,     61.7361,      3.4953,      0.0000,     -0.0317,      4.9549,      0.1502,      5.5095,     11.0190,      1.3271,     28.3812,     56.7623,      0.0190,      0.0039,      0.0156,      0.1986,   7592.5732,-424406.9688,  -1052.4136,    543.5601,  25308.5762,
       1,     167,      98,       1,       1,       3,       1,     10.0000,      1.3881,     42.4147,    245.3196,     61.7376,      3.4953,      0.0000,     -0.0317,      4.2757,      0.1520,      5.5103,     11.0205,      1.3432,     28.3862,     56.7723,      0.0190,      0.0034,      0.0156,      0.1986,   7592.5732,-423776.7188,  -1052.6476,    543.6160,  25309.7227,
       1,     167,      98,       2,       1,       3,       1,     10.0000,      1.3881,     42.4147,    245.3196,     61.7376,      3.4953,      0.0000,     -0.0317,      3.7838,      0.1511,      5.5103,     11.0205,      1.3352,     28.3862,     56.7723,      0.0190,      0.0030,      0.0156,      0.1986,   7592.9170,-422700.0000,  -1051.9017,    543.6891,  25309.7227,
       1,     167,      98,       3,       1,       3,       1,     10.0000,      1.3881,     42.4147,    245.3196,     61.7376,      3.4953,      0.0000,     -0.0316,      3.6121,      0.1479,      5.5103,     11.0205,      1.3072,     28.3862,     56.7723,      0.0190,      0.0029,      0.0156,      0.1986,   7592.9170,-421978.4688,  -1051.6857,    543.7382,  25309.7227,
       1,     167,      98,       4,       1,       3,       1,     10.0000,      1.3881,     42.4147,    245.3196,     61.7376,      3.4953,      0.0000,     -0.0314,      3.1332,      0.1419,      5.5103,     11.0205,      1.2543,     28.3862,     56.7723,      0.0190,      0.0025,      0.0156,      0.1986,   7592.9170,-421696.5312,  -1051.5985,    543.7573,  25309.7227,
       1,     167,      98,       5,       1,       3,       1,     10.0000,      1.3881,     42.4147,    245.3196,     61.7376,      3.4953,      0.0000,     -0.0313,      3.1101,      0.1398,      5.5103,     11.0205,      1.2354,     28.3862,     56.7723,      0.0190,      0.0025,      0.0156,      0.1986,   7592.9170,-421060.5625,  -1051.4082,    543.8006,  25309.7227,
       1,     167,      98,       6,       1,       3,       1,     10.0000,      1.3881,     42.4147,    245.3196,     61.7376,      3.4953,      0.0000,     -0.0309,      3.6574,      0.1293,      5.5103,     11.0205,      1.1427,     28.3862,     56.7723,      0.0190,      0.0029,      0.0156,      0.1986,   7592.9170,-420975.8438,  -1056.2800,    543.8063,  25309.7227,
       1,     167,      98,       7,       1,       3,       1,     10.0000,      1.3881,     42.4147,    245.3196,     61.7376,      3.4953,      0.0000,     -0.0310,      3.6930,      0.1314,      5.5103,     11.0205,      1.1614,     28.3862,     56.7723,      0.0190,      0.0029,      0.0156,      0.1986,   7592.9170,-421667.5000,  -1056.4408,    543.7593,  25309.7227,
       1,     167,      98,       8,       1,       3,       1,     10.0000,      1.3881,     42.4147,    245.3196,     61.7376,      3.4953,      0.0059,     -0.0250,      3.3221,      0.1309,      5.5103,     11.0205,      1.1567,     28.3862,     56.7723,      0.0190,      0.0026,      0.0156,      0.1986,   7592.9170,-421772.8125,  -1057.0618,    543.7522,  25309.7227,
       1,     167,      98,       9,       1,       3,       1,     10.0000,      1.3881,     42.4147,    245.3196,     61.7376,      3.4953,      0.0994,      0.0683,     19.2568,      0.1340,      5.5103,     11.0205,      1.1840,     28.3862,     56.7723,      0.0190,      0.0019,      0.1232,      0.1986,   7592.9170,-421308.3750,  -1060.9122,    543.7838,  25309.7227,
       1,     167,      98,      10,       1,       3,       1,     10.0000,      1.3881,     42.4147,    245.3196,     61.7376,      3.4953,      0.1777,      0.1459,     35.6217,      0.1551,      5.5103,     11.0205,      1.3705,     28.3862,     56.7723,      0.0190,      0.0019,      0.2359,      0.1986,   7592.9170,-441616.0000,  -1067.9177,    542.4033,  25309.7246,
       1,     167,      98,      11,       1,       3,       1,     10.0000,      1.3881,     42.4147,    245.3196,     61.7376,      3.4953,      0.1861,      0.1537,     20.8744,      0.1694,      5.5103,     11.0205,      1.4967,     28.3862,     56.7723,      0.0190,      0.0010,      0.2500,      0.1986,   7592.9175,-464286.6250,  -1074.4288,    540.8680,  25309.7207,
       1,     167,      98,      12,       1,       3,       1,     10.0000,      1.3881,     42.4147,    245.3196,     61.7376,      3.4953,      0.1859,      0.1533,     19.0673,      0.1775,      5.5103,     11.0205,      1.5684,     28.3862,     56.7723,      0.0190,      0.0009,      0.2500,      0.1986,   7592.9165,-447412.4688,  -1069.5277,    542.0110,  25309.7207,
       1,     167,      98,      13,       1,       3,       1,     10.0000,      1.3881,     42.4147,    245.3196,     61.7376,      3.4953,      0.1859,      0.1528,     20.7257,      0.1941,      5.5103,     11.0205,      1.7149,     28.3862,     56.7723,      0.0190,      0.0010,      0.2500,      0.1986,   7592.9165,-443643.2500,  -1068.3750,    542.2676,  25309.7207,
       1,     167,      98,      14,       1,       3,       1,     10.0000,      1.3881,     42.4147,    245.3196,     61.7376,      3.4953,      0.1864,      0.1532,     27.3676,      0.1958,      5.5103,     11.0205,      1.7302,     28.3862,     56.7723,      0.0190,      0.0014,      0.2500,      0.1986,   7592.9165,-445433.5000,  -1068.8046,    542.1463,  25309.7227,
       1,     167,      98,      15,       1,       3,       1,     10.0000,      1.3881,     42.4147,    245.3196,     61.7376,      3.4953,      0.1878,      0.1545,     45.3511,      0.2005,      5.5103,     11.0205,      1.7717,     28.3862,     56.7723,      0.0190,      0.0023,      0.2500,      0.1986,   7592.9170,-454073.0000,  -1071.2015,    541.5609,  25309.7168,
       1,     167,      98,      16,       1,       3,       1,     10.0000,      1.3881,     42.4147,    245.3196,     61.7376,      3.4953,      0.1898,      0.1567,     70.8900,      0.1958,      5.5103,     11.0205,      1.7302,     28.3862,     56.7723,      0.0190,      0.0035,      0.2500,      0.1986,   7592.9155,-477798.6250,  -1077.9689,    539.9550,  25309.7188,
       1,     167,      98,      17,       1,       3,       1,     10.0000,      1.3881,     42.4147,    245.3196,     61.7376,      3.4953,      0.1909,      0.1581,     84.2066,      0.1865,      5.5103,     11.0205,      1.6483,     28.3862,     56.7723,      0.0190,      0.0042,      0.2500,      0.1986,   7592.9160,-512499.7500,  -1088.0085,    537.6153,  25309.7188,
       1,     167,      98,      18,       1,       3,       1,     10.0000,      1.3881,     42.4147,    245.3196,     61.7376,      3.4953,      0.1709,      0.1381,     90.4942,      0.1851,      5.5103,     11.0205,      1.6352,     28.3862,     56.7723,      0.0190,      0.0051,      0.2197,      0.1986,   7592.9160,-532543.1875,  -1093.9408,    536.2734,  25309.7188,
       1,     167,      98,      19,       1,       3,       1,     10.0000,      1.3881,     42.4147,    245.3196,     61.7376,      3.4953,      0.1036,      0.0712,     52.7231,      0.1730,      5.5103,     11.0205,      1.5283,     28.3862,     56.7723,      0.0190,      0.0052,      0.1248,      0.1985,   7592.9160,-542317.5000,  -1096.9933,    535.6199,  25309.7188,
       1,     167,      98,      20,       1,       3,       1,     10.0000,      1.3881,     42.4147,    245.3196,     61.7376,      3.4953,      0.0153,     -0.0167,      0.5667,      0.1621,      5.5103,     11.0205,      1.4323,     28.3862,     56.7723,      0.0190,      0.0056,      0.0012,      0.1985,   7592.9160,-494838.4688,  -1083.4187,    538.7991,  25309.7168,
       1,     167,      98,      21,       1,       3,       1,     10.0000,      1.3881,     42.4147,    245.3196,     61.7376,      3.4953,      0.0000,     -0.0319,      7.1182,      0.1567,      5.5103,     11.0205,      1.3843,     28.3862,     56.7723,      0.0190,      0.0057,      0.0156,      0.1986,   7592.9155,-424090.7500,  -1062.8275,    543.5734,  25309.7168,
       1,     167,      98,      22,       1,       3,       1,     10.0000,      1.3881,     42.4147,    245.3196,     61.7376,      3.4953,      0.0000,     -0.0318,      6.4794,      0.1549,      5.5103,     11.0205,      1.3691,     28.3862,     56.7723,      0.0190,      0.0052,      0.0156,      0.1986,   7592.9155,-426385.0312,  -1063.3748,    543.4387,  25309.7148,
       1,     167,      98,      23,       1,       3,       1,     10.0000,      1.3881,     42.4147,    245.3196,     61.7376,      3.4953,      0.0000,     -0.0317,      6.0855,      0.1523,      5.5103,     11.0205,      1.3459,     28.3862,     56.7723,      0.0190,      0.0048,      0.0156,      0.1986,   7592.9146,-425741.6250,  -1063.0780,    543.4825,  25309.7168,
       1,     167,      98,      24,       1,       3,       1,     10.0000,      1.3881,     42.4147,    245.3196,     61.7376,      3.4953,      0.0000,     -0.0317,      5.2781,      0.1514,      5.5103,     11.0205,      1.3379,     28.3862,     56.7723,      0.0190,      0.0042,      0.0156,      0.1986,   7592.9155,-425182.4062,  -1062.8125,    543.5205,  25309.7168,
       1,     167,      99,       1,       1,       3,       1,     10.0000,      1.3881,     42.4150,    245.3254,     61.7390,      3.4953,      0.0000,     -0.0316,      4.3238,      0.1485,      5.5103,     11.0206,      1.3126,     28.3936,     56.7871,      0.0190,      0.0034,      0.0156,      0.1987,   7592.9155,-424259.1875,  -1062.8809,    543.5961,  25310.8633,
       1,     167,      99,       2,       1,       3,       1,     10.0000,      1.3881,     42.4150,    245.3254,     61.7390,      3.4953,      0.0000,     -0.0316,      3.9352,      0.1475,      5.5103,     11.0206,      1.3033,     28.3936,     56.7871,      0.0190,      0.0031,      0.0156,      0.1987,   7593.2593,-422806.1562,  -1061.9644,    543.6949,  25310.8652,
       1,     167,      99,       3,       1,       3,       1,     10.0000,      1.3881,     42.4150,    245.3254,     61.7390,      3.4953,      0.0000,     -0.0315,      3.6758,      0.1459,      5.5103,     11.0206,      1.2890,     28.3936,     56.7871,      0.0190,      0.0029,      0.0156,      0.1987,   7593.2598,-422183.6875,  -1061.7191,    543.7372,  25310.8613,
       1,     167,      99,       4,       1,       3,       1,     10.0000,      1.3881,     42.4150,    245.3254,     61.7390,      3.4953,      0.0000,     -0.0314,      3.2913,      0.1440,      5.5103,     11.0206,      1.2722,     28.3936,     56.7871,      0.0190,      0.0026,      0.0156,      0.1987,   7593.2588,-421799.0625,  -1061.5505,    543.7633,  25310.8613,
       1,     167,      99,       5,       1,       3,       1,     10.0000,      1.3881,     42.4150,    245.3254,     61.7390,      3.4953,      0.0000,     -0.0314,      3.2230,      0.1435,      5.5103,     11.0206,      1.2683,     28.3936,     56.7871,      0.0190,      0.0026,      0.0156,      0.1987,   7593.2588,-421274.6562,  -1061.3473,    543.7990,  25310.8613,
       1,     167,      99,       6,       1,       3,       1,     10.0000,      1.3881,     42.4150,    245.3254,     61.7390,      3.4953,      0.0000,     -0.0314,      3.1199,      0.1435,      5.5103,     11.0206,      1.2683,     28.3936,     56.7871,      0.0190,      0.0025,      0.0156,      0.1987,   7593.2588,-421141.9375,  -1061.2585,    543.8080,  25310.8613,
       1,     167,      99,       7,       1,       3,       1,     10.0000,      1.3881,     42.4150,    245.3254,     61.7390,      3.4953,      0.0000,     -0.0314,      2.9246,      0.1434,      5.5103,     11.0206,      1.2671,     28.3936,     56.7871,      0.0190,      0.0023,      0.0156,      0.1987,   7593.2588,-420998.8125,  -1061.1692,    543.8177,  25310.8613,
       1,     167,      99,       8,       1,       3,       1,     10.0000,      1.3881,     42.4150,    245.3254,     61.7390,      3.4953,      0.0107,     -0.0206,      2.7861,      0.1422,      5.5103,     11.0206,      1.2569,     28.3936,     56.7871,      0.0190,      0.0022,      0.0156,      0.1987,   7593.2588,-420737.0000,  -1061.0480,    543.8355,  25310.8613,
       1,     167,      99,       9,       1,       3,       1,     10.0000,      1.3881,     42.4150,    245.3254,     61.7390,      3.4953,      0.1048,      0.0730,     21.9561,      0.1528,      5.5103,     11.0206,      1.3500,     28.3936,     56.7871,      0.0190,      0.0021,      0.1304,      0.1987,   7593.2588,-420537.5000,  -1060.9462,    543.8491,  25310.8613,
       1,     167,      99,      10,       1,       3,       1,     10.0000,      1.3881,     42.4150,    245.3254,     61.7390,      3.4953,      0.1386,      0.1062,     29.8686,      0.1731,      5.5103,     11.0206,      1.5299,     28.3936,     56.7871,      0.0190,      0.0021,      0.1790,      0.1987,   7593.2588,-444996.1562,  -1068.0504,    542.1863,  25310.8613,
       1,     167,      99,      11,       1,       3,       1,     10.0000,      1.3881,     42.4150,    245.3254,     61.7390,      3.4953,      0.1676,      0.1348,     38.6332,      0.1851,      5.5103,     11.0206,      1.6353,     28.3936,     56.7871,      0.0190,      0.0022,      0.2208,      0.1987,   7593.2588,-457232.1250,  -1071.5945,    541.3596,  25310.8613,
       1,     167,      99,      12,       1,       3,       1,     10.0000,      1.3881,     42.4150,    245.3254,     61.7390,      3.4953,      0.1878,      0.1549,     43.6146,      0.1849,      5.5103,     11.0206,      1.6337,     28.3936,     56.7871,      0.0190,      0.0022,      0.2500,      0.1986,   7593.2588,-469487.5938,  -1075.1453,    540.5309,  25310.8613,
       1,     167,      99,      13,       1,       3,       1,     10.0000,      1.3881,     42.4150,    245.3254,     61.7390,      3.4953,      0.1874,      0.1543,     39.5966,      0.1929,      5.5103,     11.0206,      1.7048,     28.3936,     56.7871,      0.0190,      0.0020,      0.2500,      0.1986,   7593.2588,-476915.0000,  -1077.2892,    540.0297,  25310.8594,
       1,     167,      99,      14,       1,       3,       1,     10.0000,      1.3881,     42.4150,    245.3254,     61.7390,      3.4953,      0.1884,      0.1556,     51.9343,      0.1858,      5.5103,     11.0206,      1.6418,     28.3936,     56.7871,      0.0190,      0.0026,      0.2500,      0.1986,   7593.2583,-472423.4688,  -1075.9336,    540.3331,  25310.8613,
       1,     167,      99,      15,       1,       3,       1,     10.0000,      1.3881,     42.4150,    245.3254,     61.7390,      3.4953,      0.1905,      0.1573,     80.6831,      0.1995,      5.5103,     11.0206,      1.7630,     28.3936,     56.7871,      0.0190,      0.0040,      0.2500,      0.1986,   7593.2588,-487799.4375,  -1080.3501,    539.2947,  25310.8555,
       1,     167,      99,      16,       1,       3,       1,     10.0000,      1.3881,     42.4150,    245.3254,     61.7390,      3.4953,      0.1921,      0.1588,    100.2544,      0.1999,      5.5103,     11.0206,      1.7665,     28.3936,     56.7871,      0.0190,      0.0050,      0.2500,      0.1986,   7593.2568,-525876.9375,  -1091.4916,    536.7288,  25310.8574,
       1,     167,      99,      17,       1,       3,       1,     10.0000,      1.3881,     42.4150,    245.3254,     61.7390,      3.4953,      0.1807,      0.1476,     94.6140,      0.1937,      5.5103,     11.0206,      1.7115,     28.3936,     56.7871,      0.0190,      0.0050,      0.2338,      0.1986,   7593.2573,-554216.5625,  -1099.9392,    534.8336,  25310.8574,
       1,     167,      99,      18,       1,       3,       1,     10.0000,      1.3881,     42.4150,    245.3254,     61.7390,      3.4953,      0.1652,      0.1325,     87.9889,      0.1838,      5.5103,     11.0206,      1.6240,     28.3936,     56.7871,      0.0190,      0.0052,      0.2116,      0.1985,   7593.2573,-549452.2500,  -1098.8313,    535.1555,  25310.8555,
       1,     167,      99,      19,       1,       3,       1,     10.0000,      1.3881,     42.4150,    245.3254,     61.7390,      3.4953,      0.1122,      0.0798,     51.0424,      0.1721,      5.5103,     11.0206,      1.5208,     28.3936,     56.7871,      0.0190,      0.0046,      0.1377,      0.1985,   7593.2568,-540561.1250,  -1096.5093,    535.7504,  25310.8555,
       1,     167,      99,      20,       1,       3,       1,     10.0000,      1.3881,     42.4150,    245.3254,     61.7390,      3.4953,      0.0264,     -0.0056,      7.1360,      0.1624,      5.5103,     11.0206,      1.4352,     28.3936,     56.7871,      0.0190,      0.0053,      0.0168,      0.1986,   7593.2568,-492533.0625,  -1082.6287,    538.9670,  25310.8555,
       1,     167,      99,      21,       1,       3,       1,     10.0000,      1.3881,     42.4150,    245.3254,     61.7390,      3.4953,      0.0000,     -0.0319,      6.8776,      0.1562,      5.5103,     11.0206,      1.3802,     28.3936,     56.7871,      0.0190,      0.0055,      0.0156,      0.1986,   7593.2568,-432293.9688,  -1064.9185,    543.0350,  25310.8535,
       1,     167,      99,      22,       1,       3,       1,     10.0000,      1.3881,     42.4150,    245.3254,     61.7390,      3.4953,      0.0000,     -0.0318,      7.0565,      0.1549,      5.5103,     11.0206,      1.3692,     28.3936,     56.7871,      0.0190,      0.0056,      0.0156,      0.1987,   7593.2563,-426784.9375,  -1063.2036,    543.4244,  25310.8535,
       1,     167,      99,      23,       1,       3,       1,     10.0000,      1.3881,     42.4150,    245.3254,     61.7390,      3.4953,      0.0000,     -0.0318,      5.8814,      0.1542,      5.5103,     11.0206,      1.3623,     28.3936,     56.7871,      0.0190,      0.0047,      0.0156,      0.1987,   7593.2563,-426516.0938,  -1063.0264,    543.4427,  25310.8535,
       1,     167,      99,      24,       1,       3,       1,     10.0000,      1.3881,     42.4150,    245.3254,     61.7390,      3.4953,      0.0000,     -0.0318,      5.0112,      0.1535,      5.5103,     11.0206,      1.3568,     28.3936,     56.7871,      0.0190,      0.0040,      0.0156,      0.1987,   7593.2563,-424992.2188,  -1062.4972,    543.5464,  25310.8535,
       1,     167,     100,       1,       1,       3,       1,     10.0000,      1.3882,     42.4154,    245.3313,     61.7405,      3.4953,      0.0000,     -0.0317,      4.2562,      0.1497,      5.5096,     11.0193,      1.3232,     28.4000,     56.8000,      0.0190,      0.0034,      0.0156,      0.1987,   7593.2563,-423904.9688,  -1062.5383,    543.6330,  25312.0000,
       1,     167,     100,       2,       1,       3,       1,     10.0000,      1.3882,     42.4154,    245.3313,     61.7405,      3.4953,      0.0000,     -0.0317,      3.5103,      0.1511,      5.5096,     11.0193,      1.3352,     28.4000,     56.8000,      0.0190,      0.0028,      0.0156,      0.1987,   7593.6001,-422692.6250,  -1061.6978,    543.7154,  25312.0000,
       1,     167,     100,       3,       1,       3,       1,     10.0000,      1.3882,     42.4154,    245.3313,     61.7405,      3.4953,      0.0000,     -0.0316,      3.3959,      0.1484,      5.5096,     11.0193,      1.3113,     28.4000,     56.8000,      0.0190,      0.0027,      0.0156,      0.1987,   7593.6001,-421635.2188,  -1061.3414,    543.7873,  25312.0000,
       1,     167,     100,       4,       1,       3,       1,     10.0000,      1.3882,     42.4154,    245.3313,     61.7405,      3.4953,      0.0000,     -0.0317,      3.3012,      0.1500,      5.5096,     11.0193,      1.3259,     28.4000,     56.8000,      0.0190,      0.0026,      0.0156,      0.1987,   7593.6001,-421397.3438,  -1061.2288,    543.8035,  25312.0000,
       1,     167,     100,       5,       1,       3,       1,     10.0000,      1.3882,     42.4154,    245.3313,     61.7405,      3.4953,      0.0000,     -0.0318,      3.3483,      0.1528,      5.5096,     11.0193,      1.3501,     28.4000,     56.8000,      0.0190,      0.0027,      0.0156,      0.1987,   7593.6001,-421255.8125,  -1061.1461,    543.8130,  25312.0000,
       1,     167,     100,       6,       1,       3,       1,     10.0000,      1.3882,     42.4154,    245.3313,     61.7405,      3.4953,      0.0000,     -0.0317,      2.7759,      0.1523,      5.5096,     11.0193,      1.3460,     28.4000,     56.8000,      0.0190,      0.0022,      0.0156,      0.1987,   7593.6001,-421303.8125,  -1061.1195,    543.8098,  25312.0000,
       1,     167,     100,       7,       1,       3,       1,     10.0000,      1.3882,     42.4154,    245.3313,     61.7405,      3.4953,      0.0000,     -0.0316,      2.9273,      0.1485,      5.5096,     11.0193,      1.3126,     28.4000,     56.8000,      0.0190,      0.0023,      0.0156,      0.1987,   7593.6001,-420577.0938,  -1060.8726,    543.8593,  25312.0000,
       1,     167,     100,       8,       1,       3,       1,     10.0000,      1.3882,     42.4154,    245.3313,     61.7405,      3.4953,      0.0067,     -0.0248,      2.6375,      0.1454,      5.5096,     11.0193,      1.2851,     28.4000,     56.8000,      0.0190,      0.0021,      0.0156,      0.1987,   7593.6001,-420707.2188,  -1060.8771,    543.8503,  25312.0000,
       1,     167,     100,       9,       1,       3,       1,     10.0000,      1.3882,     42.4154,    245.3313,     61.7405,      3.4953,      0.1007,      0.0691,     20.8726,      0.1482,      5.5096,     11.0193,      1.3099,     28.4000,     56.8000,      0.0190,      0.0021,      0.1246,      0.1987,   7593.6001,-420348.6562,  -1060.7402,    543.8748,  25312.0000,
       1,     167,     100,      10,       1,       3,       1,     10.0000,      1.3882,     42.4154,    245.3313,     61.7405,      3.4953,      0.1344,      0.1020,     35.0264,      0.1704,      5.5096,     11.0193,      1.5057,     28.4000,     56.8000,      0.0190,      0.0025,      0.1722,      0.1987,   7593.6001,-443596.9375,  -1067.5690,    542.2942,  25311.9980,
       1,     167,     100,      11,       1,       3,       1,     10.0000,      1.3882,     42.4154,    245.3313,     61.7405,      3.4953,      0.1750,      0.1422,     48.4449,      0.1858,      5.5096,     11.0193,      1.6418,     28.4000,     56.8000,      0.0190,      0.0026,      0.2306,      0.1987,   7593.5996,-463696.3750,  -1073.4745,    540.9340,  25311.9980,
       1,     167,     100,      12,       1,       3,       1,     10.0000,      1.3882,     42.4154,    245.3313,     61.7405,      3.4953,      0.1882,      0.1550,     50.9634,      0.1995,      5.5096,     11.0193,      1.7630,     28.4000,     56.8000,      0.0190,      0.0025,      0.2500,      0.1987,   7593.5996,-482581.4062,  -1079.0217,    539.6588,  25312.0000,
       1,     167,     100,      13,       1,       3,       1,     10.0000,      1.3882,     42.4154,    245.3313,     61.7405,      3.4953,      0.1881,      0.1546,     49.7423,      0.2080,      5.5096,     11.0193,      1.8376,     28.4000,     56.8000,      0.0190,      0.0025,      0.2500,      0.1986,   7593.6001,-487436.6875,  -1080.4528,    539.3328,  25311.9941,
       1,     167,     100,      14,       1,       3,       1,     10.0000,      1.3882,     42.4154,    245.3313,     61.7405,      3.4953,      0.1880,      0.1544,     48.8621,      0.2115,      5.5096,     11.0193,      1.8685,     28.4000,     56.8000,      0.0190,      0.0024,      0.2500,      0.1986,   7593.5986,-486295.2812,  -1080.1176,    539.4098,  25311.9961,
       1,     167,     100,      15,       1,       3,       1,     10.0000,      1.3882,     42.4154,    245.3313,     61.7405,      3.4953,      0.1892,      0.1557,     64.3640,      0.2071,      5.5096,     11.0193,      1.8303,     28.4000,     56.8000,      0.0190,      0.0032,      0.2500,      0.1986,   7593.5991,-485071.2500,  -1079.7506,    539.4924,  25311.9961,
       1,     167,     100,      16,       1,       3,       1,     10.0000,      1.3882,     42.4154,    245.3313,     61.7405,      3.4953,      0.1907,      0.1574,     83.2792,      0.2027,      5.5096,     11.0193,      1.7911,     28.4000,     56.8000,      0.0190,      0.0041,      0.2500,      0.1986,   7593.5991,-504774.7500,  -1085.5809,    538.1636,  25311.9941,
       1,     167,     100,      17,       1,       3,       1,     10.0000,      1.3882,     42.4154,    245.3313,     61.7405,      3.4953,      0.1913,      0.1582,    104.2360,      0.1941,      5.5096,     11.0193,      1.7149,     28.4000,     56.8000,      0.0190,      0.0052,      0.2483,      0.1986,   7593.5986,-530663.1875,  -1093.3356,    536.4237,  25311.9941,
       1,     167,     100,      18,       1,       3,       1,     10.0000,      1.3882,     42.4154,    245.3313,     61.7405,      3.4953,      0.1710,      0.1381,     97.1102,      0.1877,      5.5096,     11.0193,      1.6582,     28.4000,     56.8000,      0.0190,      0.0055,      0.2190,      0.1986,   7593.5986,-559707.4375,  -1102.1548,    534.4790,  25311.9941,
       1,     167,     100,      19,       1,       3,       1,     10.0000,      1.3882,     42.4154,    245.3313,     61.7405,      3.4953,      0.1212,      0.0887,     65.9317,      0.1733,      5.5096,     11.0193,      1.5315,     28.4000,     56.8000,      0.0190,      0.0055,      0.1492,      0.1986,   7593.5986,-553108.2500,  -1100.5515,    534.9234,  25311.9922,
       1,     167,     100,      20,       1,       3,       1,     10.0000,      1.3882,     42.4154,    245.3313,     61.7405,      3.4953,      0.0206,     -0.0114,      3.6807,      0.1608,      5.5096,     11.0193,      1.4209,     28.4000,     56.8000,      0.0190,      0.0052,      0.0087,      0.1986,   7593.5981,-512648.4688,  -1088.8688,    537.6290,  25311.9922,
       1,     167,     100,      21,       1,       3,       1,     10.0000,      1.3882,     42.4154,    245.3313,     61.7405,      3.4953,      0.0000,     -0.0319,      6.6494,      0.1576,      5.5096,     11.0193,      1.3927,     28.4000,     56.8000,      0.0190,      0.0053,      0.0156,      0.1986,   7593.5981,-429592.2188,  -1064.3121,    543.2175,  25311.9902,
       1,     167,     100,      22,       1,       3,       1,     10.0000,      1.3882,     42.4154,    245.3313,     61.7405,      3.4953,      0.0000,     -0.0319,      6.5175,      0.1556,      5.5096,     11.0193,      1.3747,     28.4000,     56.8000,      0.0190,      0.0052,      0.0156,      0.1987,   7593.5972,-426279.8750,  -1063.2651,    543.4716,  25311.9902,
       1,     167,     100,      23,       1,       3,       1,     10.0000,      1.3882,     42.4154,    245.3313,     61.7405,      3.4953,      0.0000,     -0.0318,      5.9546,      0.1546,      5.5096,     11.0193,      1.3664,     28.4000,     56.8000,      0.0190,      0.0047,      0.0156,      0.1987,   7593.5972,-425786.8438,  -1063.0570,    543.5051,  25311.9902,
       1,     167,     100,      24,       1,       3,       1,     10.0000,      1.3882,     42.4154,    245.3313,     61.7405,      3.4953,      0.0000,     -0.0319,      4.7597,      0.1564,      5.5096,     11.0193,      1.3816,     28.4000,     56.8000,      0.0190,      0.0038,      0.0156,      0.1987,   7593.5972,-425025.3438,  -1062.7755,    543.5568,  25311.9902,
       1,     167,     101,       1,       1,       3,       1,     10.0000,      1.3882,     42.4157,    245.3371,     61.7420,      3.4953,      0.0000,     -0.0319,      3.9662,      0.1557,      5.5104,     11.0209,      1.3761,     28.4068,     56.8135,      0.0190,      0.0032,      0.0156,      0.1987,   7593.5972,-423590.4688,  -1062.7391,    543.6673,  25313.1367,
       1,     167,     101,       2,       1,       3,       1,     10.0000,      1.3882,     42.4157,    245.3371,     61.7420,      3.4953,      0.0000,     -0.0317,      3.3010,      0.1510,      5.5104,     11.0209,      1.3339,     28.4068,     56.8135,      0.0190,      0.0026,      0.0156,      0.1987,   7593.9414,-422298.5312,  -1061.8887,    543.7551,  25313.1367,
       1,     167,     101,       3,       1,       3,       1,     10.0000,      1.3882,     42.4157,    245.3371,     61.7420,      3.4953,      0.0000,     -0.0315,      2.9388,      0.1466,      5.5104,     11.0209,      1.2955,     28.4068,     56.8135,      0.0190,      0.0023,      0.0156,      0.1987,   7593.9414,-421337.3750,  -1061.5745,    543.8204,  25313.1367,
       1,     167,     101,       4,       1,       3,       1,     10.0000,      1.3882,     42.4157,    245.3371,     61.7420,      3.4953,      0.0000,     -0.0313,      2.6802,      0.1405,      5.5104,     11.0209,      1.2418,     28.4068,     56.8135,      0.0190,      0.0021,      0.0156,      0.1987,   7593.9414,-420791.5625,  -1061.3881,    543.8575,  25313.1367,
       1,     167,     101,       5,       1,       3,       1,     10.0000,      1.3882,     42.4157,    245.3371,     61.7420,      3.4953,      0.0000,     -0.0312,      2.3920,      0.1383,      5.5104,     11.0209,      1.2219,     28.4068,     56.8135,      0.0190,      0.0019,      0.0156,      0.1987,   7593.9414,-420414.0312,  -1061.2545,    543.8832,  25313.1367,
       1,     167,     101,       6,       1,       3,       1,     10.0000,      1.3882,     42.4157,    245.3371,     61.7420,      3.4953,      0.0000,     -0.0310,      2.2250,      0.1310,      5.5104,     11.0209,      1.1580,     28.4068,     56.8135,      0.0190,      0.0018,      0.0156,      0.1987,   7593.9414,-420013.3438,  -1061.1176,    543.9104,  25313.1367,
       1,     167,     101,       7,       1,       3,       1,     10.0000,      1.3882,     42.4157,    245.3371,     61.7420,      3.4953,      0.0000,     -0.0310,      2.1674,      0.1309,      5.5104,     11.0209,      1.1568,     28.4068,     56.8135,      0.0190,      0.0017,      0.0156,      0.1987,   7593.9414,-419765.5625,  -1061.0293,    543.9273,  25313.1367,
       1,     167,     101,       8,       1,       3,       1,     10.0000,      1.3882,     42.4157,    245.3371,     61.7420,      3.4953,      0.0145,     -0.0167,      0.1674,      0.1356,      5.5104,     11.0209,      1.1986,     28.4068,     56.8135,      0.0190,      0.0017,      0.0012,      0.1987,   7593.9414,-419670.4062,  -1060.9872,    543.9338,  25313.1367,
       1,     167,     101,       9,       1,       3,       1,     10.0000,      1.3882,     42.4157,    245.3371,     61.7420,      3.4953,      0.1165,      0.0846,     18.5761,      0.1565,      5.5104,     11.0209,      1.3830,     28.4068,     56.8135,      0.0190,      0.0016,      0.1480,      0.1987,   7593.9414,-417109.1875,  -1060.2069,    544.1078,  25313.1367,
       1,     167,     101,      10,       1,       3,       1,     10.0000,      1.3882,     42.4157,    245.3371,     61.7420,      3.4953,      0.1689,      0.1366,     28.2590,      0.1689,      5.5104,     11.0209,      1.4923,     28.4068,     56.8135,      0.0190,      0.0016,      0.2239,      0.1987,   7593.9414,-440384.1875,  -1067.0927,    542.5249,  25313.1367,
       1,     167,     101,      11,       1,       3,       1,     10.0000,      1.3882,     42.4157,    245.3371,     61.7420,      3.4953,      0.1726,      0.1395,     25.9558,      0.1956,      5.5104,     11.0209,      1.7286,     28.4068,     56.8135,      0.0190,      0.0014,      0.2298,      0.1987,   7593.9414,-454774.0000,  -1071.3224,    541.5513,  25313.1348,
       1,     167,     101,      12,       1,       3,       1,     10.0000,      1.3882,     42.4157,    245.3371,     61.7420,      3.4953,      0.1847,      0.1514,     27.5697,      0.2013,      5.5104,     11.0209,      1.7788,     28.4068,     56.8135,      0.0190,      0.0014,      0.2475,      0.1987,   7593.9409,-453079.5312,  -1070.7827,    541.6669,  25313.1348,
       1,     167,     101,      13,       1,       3,       1,     10.0000,      1.3882,     42.4157,    245.3371,     61.7420,      3.4953,      0.1763,      0.1426,     32.8359,      0.2169,      5.5104,     11.0209,      1.9169,     28.4068,     56.8135,      0.0190,      0.0017,      0.2346,      0.1987,   7593.9409,-454992.6562,  -1071.3127,    541.5374,  25313.1348,
       1,     167,     101,      14,       1,       3,       1,     10.0000,      1.3882,     42.4157,    245.3371,     61.7420,      3.4953,      0.1689,      0.1346,     50.2729,      0.2374,      5.5104,     11.0209,      2.0975,     28.4068,     56.8135,      0.0190,      0.0028,      0.2217,      0.1987,   7593.9409,-461884.1250,  -1073.3481,    541.0709,  25313.1328,
       1,     167,     101,      15,       1,       3,       1,     10.0000,      1.3882,     42.4157,    245.3371,     61.7420,      3.4953,      0.1765,      0.1425,     76.8302,      0.2280,      5.5104,     11.0209,      2.0152,     28.4068,     56.8135,      0.0190,      0.0042,      0.2299,      0.1987,   7593.9399,-484753.5000,  -1080.1624,    539.5244,  25313.1348,
       1,     167,     101,      16,       1,       3,       1,     10.0000,      1.3882,     42.4157,    245.3371,     61.7420,      3.4953,      0.1860,      0.1523,    103.1726,      0.2150,      5.5104,     11.0209,      1.9001,     28.4068,     56.8135,      0.0190,      0.0053,      0.2409,      0.1987,   7593.9409,-520671.6562,  -1090.9263,    537.1043,  25313.1309,
       1,     167,     101,      17,       1,       3,       1,     10.0000,      1.3882,     42.4157,    245.3371,     61.7420,      3.4953,      0.1618,      0.1284,     97.9028,      0.2041,      5.5104,     11.0209,      1.8035,     28.4068,     56.8135,      0.0190,      0.0059,      0.2054,      0.1986,   7593.9395,-557469.3750,  -1102.0979,    534.6392,  25313.1328,
       1,     167,     101,      18,       1,       3,       1,     10.0000,      1.3882,     42.4157,    245.3371,     61.7420,      3.4953,      0.0826,      0.0497,     45.4079,      0.1901,      5.5104,     11.0209,      1.6797,     28.4068,     56.8135,      0.0190,      0.0060,      0.0944,      0.1986,   7593.9399,-553919.4375,  -1101.4048,    534.8820,  25313.1309,
       1,     167,     101,      19,       1,       3,       1,     10.0000,      1.3882,     42.4157,    245.3371,     61.7420,      3.4953,      0.0290,     -0.0036,     10.8445,      0.1791,      5.5104,     11.0209,      1.5826,     28.4068,     56.8135,      0.0190,      0.0069,      0.0195,      0.1986,   7593.9395,-486457.2500,  -1081.5881,    539.3926,  25313.1309,
       1,     167,     101,      20,       1,       3,       1,     10.0000,      1.3882,     42.4157,    245.3371,     61.7420,      3.4953,      0.0053,     -0.0269,      7.3491,      0.1646,      5.5104,     11.0209,      1.4540,     28.4068,     56.8135,      0.0190,      0.0059,      0.0156,      0.1987,   7593.9395,-436529.0938,  -1066.7002,    542.7781,  25313.1289,
       1,     167,     101,      21,       1,       3,       1,     10.0000,      1.3882,     42.4157,    245.3371,     61.7420,      3.4953,      0.0000,     -0.0318,      6.6134,      0.1551,      5.5104,     11.0209,      1.3706,     28.4068,     56.8135,      0.0190,      0.0053,      0.0156,      0.1987,   7593.9390,-427753.1875,  -1064.0321,    543.3842,  25313.1289,
       1,     167,     101,      22,       1,       3,       1,     10.0000,      1.3882,     42.4157,    245.3371,     61.7420,      3.4953,      0.0000,     -0.0317,      6.4436,      0.1520,      5.5104,     11.0209,      1.3433,     28.4068,     56.8135,      0.0190,      0.0051,      0.0156,      0.1987,   7593.9390,-426040.1875,  -1063.4774,    543.5007,  25313.1289,
       1,     167,     101,      23,       1,       3,       1,     10.0000,      1.3882,     42.4157,    245.3371,     61.7420,      3.4953,      0.0000,     -0.0317,      6.0669,      0.1505,      5.5104,     11.0209,      1.3299,     28.4068,     56.8135,      0.0190,      0.0048,      0.0156,      0.1987,   7593.9390,-425674.6250,  -1063.3271,    543.5257,  25313.1289,
       1,     167,     101,      24,       1,       3,       1,     10.0000,      1.3882,     42.4157,    245.3371,     61.7420,      3.4953,      0.0000,     -0.0316,      5.1245,      0.1494,      5.5104,     11.0209,      1.3206,     28.4068,     56.8135,      0.0190,      0.0041,      0.0156,      0.1987,   7593.9390,-425161.9062,  -1063.1357,    543.5605,  25313.1289,
       1,     167,     102,       1,       1,       3,       1,     10.0000,      1.3882,     42.4160,    245.3429,     61.7434,      3.4953,      0.0000,     -0.0316,      3.9321,      0.1487,      5.5107,     11.0215,      1.3140,     28.4080,     56.8159,      0.0190,      0.0031,      0.0156,      0.1987,   7593.9390,-424071.0312,  -1063.2135,    543.6476,  25314.2754,
       1,     167,     102,       2,       1,       3,       1,     10.0000,      1.3882,     42.4160,    245.3429,     61.7434,      3.4953,      0.0000,     -0.0316,      3.3230,      0.1474,      5.5107,     11.0215,      1.3021,     28.4080,     56.8159,      0.0190,      0.0026,      0.0156,      0.1988,   7594.2827,-422299.9375,  -1062.2274,    543.7679,  25314.2734,
       1,     167,     102,       3,       1,       3,       1,     10.0000,      1.3882,     42.4160,    245.3429,     61.7434,      3.4953,      0.0000,     -0.0314,      2.7079,      0.1425,      5.5107,     11.0215,      1.2595,     28.4080,     56.8159,      0.0190,      0.0022,      0.0156,      0.1988,   7594.2822,-421369.0938,  -1061.9312,    543.8313,  25314.2734,
       1,     167,     102,       4,       1,       3,       1,     10.0000,      1.3882,     42.4160,    245.3429,     61.7434,      3.4953,      0.0000,     -0.0314,      2.5359,      0.1430,      5.5107,     11.0215,      1.2633,     28.4080,     56.8159,      0.0190,      0.0020,      0.0156,      0.1988,   7594.2822,-420503.0938,  -1061.6577,    543.8901,  25314.2734,
       1,     167,     102,       5,       1,       3,       1,     10.0000,      1.3882,     42.4160,    245.3429,     61.7434,      3.4953,      0.0000,     -0.0315,      2.3466,      0.1447,      5.5107,     11.0215,      1.2787,     28.4080,     56.8159,      0.0190,      0.0019,      0.0156,      0.1988,   7594.2822,-420208.5312,  -1061.5562,    543.9101,  25314.2734,
       1,     167,     102,       6,       1,       3,       1,     10.0000,      1.3882,     42.4160,    245.3429,     61.7434,      3.4953,      0.0000,     -0.0315,      2.2812,      0.1459,      5.5107,     11.0215,      1.2891,     28.4080,     56.8159,      0.0190,      0.0018,      0.0156,      0.1988,   7594.2822,-419941.4062,  -1061.4641,    543.9283,  25314.2734,
       1,     167,     102,       7,       1,       3,       1,     10.0000,      1.3882,     42.4160,    245.3429,     61.7434,      3.4953,      0.0000,     -0.0314,      1.9749,      0.1424,      5.5107,     11.0215,      1.2582,     28.4080,     56.8159,      0.0190,      0.0016,      0.0156,      0.1988,   7594.2822,-419834.8438,  -1061.4204,    543.9355,  25314.2734,
       1,     167,     102,       8,       1,       3,       1,     10.0000,      1.3882,     42.4160,    245.3429,     61.7434,      3.4953,      0.0236,     -0.0078,      1.2450,      0.1417,      5.5107,     11.0215,      1.2519,     28.4080,     56.8159,      0.0190,      0.0011,      0.0142,      0.1988,   7594.2822,-419434.5625,  -1061.2909,    543.9628,  25314.2734,
       1,     167,     102,       9,       1,       3,       1,     10.0000,      1.3882,     42.4160,    245.3429,     61.7434,      3.4953,      0.1257,      0.0938,     15.9989,      0.1565,      5.5107,     11.0215,      1.3831,     28.4080,     56.8159,      0.0190,      0.0012,      0.1617,      0.1988,   7594.2822,-418468.2188,  -1060.9933,    544.0284,  25314.2734,
       1,     167,     102,      10,       1,       3,       1,     10.0000,      1.3882,     42.4160,    245.3429,     61.7434,      3.4953,      0.1763,      0.1437,     26.9043,      0.1768,      5.5107,     11.0215,      1.5623,     28.4080,     56.8159,      0.0190,      0.0014,      0.2350,      0.1988,   7594.2822,-437214.6250,  -1066.5903,    542.7537,  25314.2734,
       1,     167,     102,      11,       1,       3,       1,     10.0000,      1.3882,     42.4160,    245.3429,     61.7434,      3.4953,      0.1850,      0.1518,     32.2626,      0.1997,      5.5107,     11.0215,      1.7649,     28.4080,     56.8159,      0.0190,      0.0016,      0.2475,      0.1987,   7594.2822,-452767.6875,  -1071.2268,    541.7000,  25314.2734,
       1,     167,     102,      12,       1,       3,       1,     10.0000,      1.3882,     42.4160,    245.3429,     61.7434,      3.4953,      0.1859,      0.1524,     34.7708,      0.2073,      5.5107,     11.0215,      1.8322,     28.4080,     56.8159,      0.0190,      0.0017,      0.2485,      0.1987,   7594.2822,-460958.8438,  -1073.6667,    541.1463,  25314.2734,
       1,     167,     102,      13,       1,       3,       1,     10.0000,      1.3882,     42.4160,    245.3429,     61.7434,      3.4953,      0.1866,      0.1525,     32.2964,      0.2272,      5.5107,     11.0215,      2.0073,     28.4080,     56.8159,      0.0190,      0.0016,      0.2500,      0.1987,   7594.2822,-464871.0938,  -1074.8378,    540.8820,  25314.2715,
       1,     167,     102,      14,       1,       3,       1,     10.0000,      1.3882,     42.4160,    245.3429,     61.7434,      3.4953,      0.1877,      0.1539,     45.0973,      0.2169,      5.5107,     11.0215,      1.9170,     28.4080,     56.8159,      0.0190,      0.0022,      0.2500,      0.1987,   7594.2817,-462049.4688,  -1073.9673,    541.0728,  25314.2734,
       1,     167,     102,      15,       1,       3,       1,     10.0000,      1.3882,     42.4160,    245.3429,     61.7434,      3.4953,      0.1901,      0.1561,     76.4594,      0.2232,      5.5107,     11.0215,      1.9723,     28.4080,     56.8159,      0.0190,      0.0038,      0.2500,      0.1987,   7594.2822,-478153.3438,  -1078.7584,    539.9836,  25314.2734,
       1,     167,     102,      16,       1,       3,       1,     10.0000,      1.3882,     42.4160,    245.3429,     61.7434,      3.4953,      0.1933,      0.1593,    117.6554,      0.2230,      5.5107,     11.0215,      1.9703,     28.4080,     56.8159,      0.0190,      0.0058,      0.2500,      0.1987,   7594.2822,-519613.0312,  -1091.2046,    537.1863,  25314.2715,
       1,     167,     102,      17,       1,       3,       1,     10.0000,      1.3882,     42.4160,    245.3429,     61.7434,      3.4953,      0.1807,      0.1470,    116.6234,      0.2125,      5.5107,     11.0215,      1.8778,     28.4080,     56.8159,      0.0190,      0.0063,      0.2313,      0.1987,   7594.2817,-575879.5625,  -1108.2805,    533.4154,  25314.2695,
       1,     167,     102,      18,       1,       3,       1,     10.0000,      1.3882,     42.4160,    245.3429,     61.7434,      3.4953,      0.1407,      0.1076,     89.1831,      0.1912,      5.5107,     11.0215,      1.6898,     28.4080,     56.8159,      0.0190,      0.0063,      0.1751,      0.1986,   7594.2812,-579456.0000,  -1109.8214,    533.1901,  25314.2715,
       1,     167,     102,      19,       1,       3,       1,     10.0000,      1.3882,     42.4160,    245.3429,     61.7434,      3.4953,      0.1043,      0.0716,     52.5024,      0.1804,      5.5107,     11.0215,      1.5937,     28.4080,     56.8159,      0.0190,      0.0052,      0.1258,      0.1986,   7594.2817,-544636.3750,  -1099.8545,    535.5107,  25314.2656,
       1,     167,     102,      20,       1,       3,       1,     10.0000,      1.3882,     42.4160,    245.3429,     61.7434,      3.4953,      0.0121,     -0.0202,      7.2306,      0.1672,      5.5107,     11.0215,      1.4775,     28.4080,     56.8159,      0.0190,      0.0058,      0.0156,      0.1986,   7594.2798,-494740.4375,  -1085.1804,    538.8559,  25314.2656,
       1,     167,     102,      21,       1,       3,       1,     10.0000,      1.3882,     42.4160,    245.3429,     61.7434,      3.4953,      0.0000,     -0.0321,      6.7137,      0.1615,      5.5107,     11.0215,      1.4267,     28.4080,     56.8159,      0.0190,      0.0053,      0.0156,      0.1987,   7594.2798,-432611.7188,  -1066.5686,    543.0511,  25314.2656,
       1,     167,     102,      22,       1,       3,       1,     10.0000,      1.3882,     42.4160,    245.3429,     61.7434,      3.4953,      0.0000,     -0.0319,      6.2494,      0.1576,      5.5107,     11.0215,      1.3928,     28.4080,     56.8159,      0.0190,      0.0050,      0.0156,      0.1987,   7594.2798,-426612.9688,  -1064.7374,    543.4747,  25314.2656,
       1,     167,     102,      23,       1,       3,       1,     10.0000,      1.3882,     42.4160,    245.3429,     61.7434,      3.4953,      0.0000,     -0.0318,      5.2070,      0.1528,      5.5107,     11.0215,      1.3501,     28.4080,     56.8159,      0.0190,      0.0041,      0.0156,      0.1987,   7594.2798,-425479.6250,  -1064.3711,    543.5518,  25314.2656,
       1,     167,     102,      24,       1,       3,       1,     10.0000,      1.3882,     42.4160,    245.3429,     61.7434,      3.4953,      0.0000,     -0.0317,      4.4177,      0.1523,      5.5107,     11.0215,      1.3461,     28.4080,     56.8159,      0.0190,      0.0035,      0.0156,      0.1987,   7594.2798,-424050.6250,  -1063.9208,    543.6490,  25314.2656,
       1,     167,     103,       1,       1,       3,       1,     10.0000,      1.3882,     42.4164,    245.3488,     61.7449,      3.4953,      0.0000,     -0.0317,      3.5816,      0.1514,      5.5104,     11.0208,      1.3380,     28.4153,     56.8305,      0.0190,      0.0029,      0.0156,      0.1988,   7594.2798,-423075.9062,  -1064.0490,    543.7281,  25315.4121,
       1,     167,     103,       2,       1,       3,       1,     10.0000,      1.3882,     42.4164,    245.3488,     61.7449,      3.4953,      0.0000,     -0.0317,      2.8304,      0.1511,      5.5104,     11.0208,      1.3353,     28.4153,     56.8305,      0.0190,      0.0023,      0.0156,      0.1988,   7594.6240,-421769.9375,  -1063.2059,    543.8168,  25315.4121,
       1,     167,     103,       3,       1,       3,       1,     10.0000,      1.3882,     42.4164,    245.3488,     61.7449,      3.4953,      0.0000,     -0.0319,      2.6972,      0.1554,      5.5104,     11.0208,      1.3734,     28.4153,     56.8305,      0.0190,      0.0021,      0.0156,      0.1988,   7594.6240,-420698.0000,  -1062.8737,    543.8897,  25315.4121,
       1,     167,     103,       4,       1,       3,       1,     10.0000,      1.3882,     42.4164,    245.3488,     61.7449,      3.4953,      0.0000,     -0.0318,      2.4132,      0.1531,      5.5104,     11.0208,      1.3529,     28.4153,     56.8305,      0.0190,      0.0019,      0.0156,      0.1988,   7594.6240,-420434.9375,  -1062.7850,    543.9077,  25315.4121,
       1,     167,     103,       5,       1,       3,       1,     10.0000,      1.3882,     42.4164,    245.3488,     61.7449,      3.4953,      0.0000,     -0.0315,      2.4220,      0.1443,      5.5104,     11.0208,      1.2749,     28.4153,     56.8305,      0.0190,      0.0019,      0.0156,      0.1988,   7594.6240,-420049.6250,  -1062.6613,    543.9338,  25315.4121,
       1,     167,     103,       6,       1,       3,       1,     10.0000,      1.3882,     42.4164,    245.3488,     61.7449,      3.4953,      0.0000,     -0.0313,      2.1242,      0.1407,      5.5104,     11.0208,      1.2431,     28.4153,     56.8305,      0.0190,      0.0017,      0.0156,      0.1988,   7594.6240,-420027.5312,  -1062.6472,    543.9353,  25315.4121,
       1,     167,     103,       7,       1,       3,       1,     10.0000,      1.3882,     42.4164,    245.3488,     61.7449,      3.4953,      0.0000,     -0.0313,      1.9827,      0.1405,      5.5104,     11.0208,      1.2418,     28.4153,     56.8305,      0.0190,      0.0016,      0.0156,      0.1988,   7594.6240,-419645.5625,  -1062.5258,    543.9612,  25315.4121,
       1,     167,     103,       8,       1,       3,       1,     10.0000,      1.3882,     42.4164,    245.3488,     61.7449,      3.4953,      0.0038,     -0.0274,      2.2297,      0.1363,      5.5104,     11.0208,      1.2047,     28.4153,     56.8305,      0.0190,      0.0018,      0.0156,      0.1988,   7594.6240,-419431.9375,  -1062.4561,    543.9758,  25315.4121,
       1,     167,     103,       9,       1,       3,       1,     10.0000,      1.3882,     42.4164,    245.3488,     61.7449,      3.4953,      0.0810,      0.0493,     14.0864,      0.1489,      5.5104,     11.0208,      1.3153,     28.4153,     56.8305,      0.0190,      0.0018,      0.0965,      0.1988,   7594.6240,-419728.3750,  -1062.5389,    543.9556,  25315.4121,
       1,     167,     103,      10,       1,       3,       1,     10.0000,      1.3882,     42.4164,    245.3488,     61.7449,      3.4953,      0.1629,      0.1303,     25.3797,      0.1779,      5.5104,     11.0208,      1.5717,     28.4153,     56.8305,      0.0190,      0.0015,      0.2154,      0.1988,   7594.6240,-434885.3125,  -1067.0964,    542.9250,  25315.4121,
       1,     167,     103,      11,       1,       3,       1,     10.0000,      1.3882,     42.4164,    245.3488,     61.7449,      3.4953,      0.1858,      0.1525,     27.9111,      0.2019,      5.5104,     11.0208,      1.7842,     28.4153,     56.8305,      0.0190,      0.0014,      0.2491,      0.1988,   7594.6240,-450618.1875,  -1071.8257,    541.8583,  25315.4121,
       1,     167,     103,      12,       1,       3,       1,     10.0000,      1.3882,     42.4164,    245.3488,     61.7449,      3.4953,      0.1864,      0.1525,     29.0724,      0.2204,      5.5104,     11.0208,      1.9473,     28.4153,     56.8305,      0.0190,      0.0014,      0.2500,      0.1988,   7594.6240,-455215.4688,  -1073.1648,    541.5479,  25315.4121,
       1,     167,     103,      13,       1,       3,       1,     10.0000,      1.3882,     42.4164,    245.3488,     61.7449,      3.4953,      0.1462,      0.1122,     17.1820,      0.2234,      5.5104,     11.0208,      1.9742,     28.4153,     56.8305,      0.0190,      0.0011,      0.1916,      0.1988,   7594.6240,-457095.4688,  -1073.6992,    541.4208,  25315.4121,
       1,     167,     103,      14,       1,       3,       1,     10.0000,      1.3882,     42.4164,    245.3488,     61.7449,      3.4953,      0.1784,      0.1442,     33.0959,      0.2326,      5.5104,     11.0208,      2.0550,     28.4153,     56.8305,      0.0190,      0.0017,      0.2378,      0.1987,   7594.6240,-442075.6562,  -1069.1820,    542.4373,  25315.4121,
       1,     167,     103,      15,       1,       3,       1,     10.0000,      1.3882,     42.4164,    245.3488,     61.7449,      3.4953,      0.1838,      0.1497,     78.5042,      0.2314,      5.5104,     11.0208,      2.0450,     28.4153,     56.8305,      0.0190,      0.0041,      0.2406,      0.1988,   7594.6240,-461093.0000,  -1074.9115,    541.1488,  25315.4102,
       1,     167,     103,      16,       1,       3,       1,     10.0000,      1.3882,     42.4164,    245.3488,     61.7449,      3.4953,      0.1869,      0.1531,     99.3212,      0.2161,      5.5104,     11.0208,      1.9095,     28.4153,     56.8305,      0.0190,      0.0051,      0.2425,      0.1987,   7594.6235,-520727.6250,  -1092.9263,    537.1165,  25315.4102,
       1,     167,     103,      17,       1,       3,       1,     10.0000,      1.3882,     42.4164,    245.3488,     61.7449,      3.4953,      0.1933,      0.1602,    122.9079,      0.1952,      5.5104,     11.0208,      1.7253,     28.4153,     56.8305,      0.0190,      0.0061,      0.2492,      0.1987,   7594.6235,-552538.3125,  -1102.7585,    534.9957,  25315.4102,
       1,     167,     103,      18,       1,       3,       1,     10.0000,      1.3882,     42.4164,    245.3488,     61.7449,      3.4953,      0.1576,      0.1248,     98.3227,      0.1836,      5.5104,     11.0208,      1.6225,     28.4153,     56.8305,      0.0190,      0.0061,      0.1991,      0.1986,   7594.6235,-585443.8750,  -1113.0831,    532.7993,  25315.4082,
       1,     167,     103,      19,       1,       3,       1,     10.0000,      1.3882,     42.4164,    245.3488,     61.7449,      3.4953,      0.1130,      0.0806,     67.1153,      0.1725,      5.5104,     11.0208,      1.5240,     28.4153,     56.8305,      0.0190,      0.0061,      0.1370,      0.1986,   7594.6226,-556839.1875,  -1104.9725,    534.7089,  25315.4062,
       1,     167,     103,      20,       1,       3,       1,     10.0000,      1.3882,     42.4164,    245.3488,     61.7449,      3.4953,      0.0226,     -0.0096,      4.7759,      0.1647,      5.5104,     11.0208,      1.4556,     28.4153,     56.8305,      0.0190,      0.0053,      0.0113,      0.1986,   7594.6221,-514463.8438,  -1092.5526,    537.5446,  25315.4062,
       1,     167,     103,      21,       1,       3,       1,     10.0000,      1.3882,     42.4164,    245.3488,     61.7449,      3.4953,      0.0000,     -0.0320,      6.2843,      0.1605,      5.5104,     11.0208,      1.4182,     28.4153,     56.8305,      0.0190,      0.0050,      0.0156,      0.1987,   7594.6221,-431155.2500,  -1067.4955,    543.1499,  25315.4043,
       1,     167,     103,      22,       1,       3,       1,     10.0000,      1.3882,     42.4164,    245.3488,     61.7449,      3.4953,      0.0000,     -0.0320,      5.5372,      0.1591,      5.5104,     11.0208,      1.4055,     28.4153,     56.8305,      0.0190,      0.0044,      0.0156,      0.1988,   7594.6216,-425958.3438,  -1065.9095,    543.5321,  25315.4043,
       1,     167,     103,      23,       1,       3,       1,     10.0000,      1.3882,     42.4164,    245.3488,     61.7449,      3.4953,      0.0000,     -0.0320,      5.0203,      0.1583,      5.5104,     11.0208,      1.3984,     28.4153,     56.8305,      0.0190,      0.0040,      0.0156,      0.1988,   7594.6216,-424517.0000,  -1065.4596,    543.6301,  25315.4043,
       1,     167,     103,      24,       1,       3,       1,     10.0000,      1.3882,     42.4164,    245.3488,     61.7449,      3.4953,      0.0000,     -0.0319,      4.2044,      0.1562,      5.5104,     11.0208,      1.3803,     28.4153,     56.8305,      0.0190,      0.0033,      0.0156,      0.1988,   7594.6216,-423732.1875,  -1065.2100,    543.6835,  25315.4043,
       1,     167,     104,       1,       1,       3,       1,     10.0000,      1.3883,     42.4167,    245.3546,     61.7464,      3.4953,      0.0000,     -0.0319,      3.5813,      0.1562,      5.5110,     11.0219,      1.3804,     28.4203,     56.8406,      0.0190,      0.0029,      0.0156,      0.1988,   7594.6216,-422779.3438,  -1065.3511,    543.7612,  25316.5508,
       1,     167,     104,       2,       1,       3,       1,     10.0000,      1.3883,     42.4167,    245.3546,     61.7464,      3.4953,      0.0000,     -0.0319,      3.2108,      0.1561,      5.5110,     11.0219,      1.3790,     28.4203,     56.8406,      0.0190,      0.0026,      0.0156,      0.1988,   7594.9653,-421747.2188,  -1064.5908,    543.8313,  25316.5508,
       1,     167,     104,       3,       1,       3,       1,     10.0000,      1.3883,     42.4167,    245.3546,     61.7464,      3.4953,      0.0000,     -0.0318,      3.1256,      0.1537,      5.5110,     11.0219,      1.3584,     28.4203,     56.8406,      0.0190,      0.0025,      0.0156,      0.1988,   7594.9653,-421184.9688,  -1064.4133,    543.8696,  25316.5508,
       1,     167,     104,       4,       1,       3,       1,     10.0000,      1.3883,     42.4167,    245.3546,     61.7464,      3.4953,      0.0000,     -0.0317,      2.9999,      0.1507,      5.5110,     11.0219,      1.3313,     28.4203,     56.8406,      0.0190,      0.0024,      0.0156,      0.1988,   7594.9653,-421027.3750,  -1064.3591,    543.8803,  25316.5508,
       1,     167,     104,       5,       1,       3,       1,     10.0000,      1.3883,     42.4167,    245.3546,     61.7464,      3.4953,      0.0000,     -0.0315,      2.6875,      0.1463,      5.5110,     11.0219,      1.2930,     28.4203,     56.8406,      0.0190,      0.0021,      0.0156,      0.1988,   7594.9653,-420853.3125,  -1064.2999,    543.8922,  25316.5508,
       1,     167,     104,       6,       1,       3,       1,     10.0000,      1.3883,     42.4167,    245.3546,     61.7464,      3.4953,      0.0000,     -0.0314,      2.5883,      0.1433,      5.5110,     11.0219,      1.2659,     28.4203,     56.8406,      0.0190,      0.0021,      0.0156,      0.1988,   7594.9653,-420439.5312,  -1064.1694,    543.9202,  25316.5508,
       1,     167,     104,       7,       1,       3,       1,     10.0000,      1.3883,     42.4167,    245.3546,     61.7464,      3.4953,      0.0000,     -0.0315,      2.4771,      0.1446,      5.5110,     11.0219,      1.2775,     28.4203,     56.8406,      0.0190,      0.0020,      0.0156,      0.1988,   7594.9653,-420277.1875,  -1064.1152,    543.9313,  25316.5508,
       1,     167,     104,       8,       1,       3,       1,     10.0000,      1.3883,     42.4167,    245.3546,     61.7464,      3.4953,      0.0079,     -0.0236,      2.3586,      0.1449,      5.5110,     11.0219,      1.2801,     28.4203,     56.8406,      0.0190,      0.0019,      0.0156,      0.1988,   7594.9653,-420121.1562,  -1064.0632,    543.9419,  25316.5508,
       1,     167,     104,       9,       1,       3,       1,     10.0000,      1.3883,     42.4167,    245.3546,     61.7464,      3.4953,      0.1163,      0.0846,     24.6042,      0.1528,      5.5110,     11.0219,      1.3502,     28.4203,     56.8406,      0.0190,      0.0021,      0.1470,      0.1988,   7594.9653,-419956.4062,  -1064.0088,    543.9531,  25316.5508,
       1,     167,     104,      10,       1,       3,       1,     10.0000,      1.3883,     42.4167,    245.3546,     61.7464,      3.4953,      0.1234,      0.0904,     25.1807,      0.1916,      5.5110,     11.0219,      1.6932,     28.4203,     56.8406,      0.0190,      0.0020,      0.1570,      0.1988,   7594.9653,-448327.5938,  -1072.6110,    542.0240,  25316.5508,
       1,     167,     104,      11,       1,       3,       1,     10.0000,      1.3883,     42.4167,    245.3546,     61.7464,      3.4953,      0.1600,      0.1264,     29.1293,      0.2102,      5.5110,     11.0219,      1.8577,     28.4203,     56.8406,      0.0190,      0.0017,      0.2107,      0.1988,   7594.9653,-451533.9375,  -1073.5956,    541.8102,  25316.5508,
       1,     167,     104,      12,       1,       3,       1,     10.0000,      1.3883,     42.4167,    245.3546,     61.7464,      3.4953,      0.1867,      0.1532,     32.5190,      0.2078,      5.5110,     11.0219,      1.8359,     28.4203,     56.8406,      0.0190,      0.0016,      0.2500,      0.1988,   7594.9653,-456848.1562,  -1075.2205,    541.4504,  25316.5508,
       1,     167,     104,      13,       1,       3,       1,     10.0000,      1.3883,     42.4167,    245.3546,     61.7464,      3.4953,      0.1735,      0.1401,     30.7315,      0.2045,      5.5110,     11.0219,      1.8072,     28.4203,     56.8406,      0.0190,      0.0017,      0.2306,      0.1988,   7594.9653,-461636.2188,  -1076.6766,    541.1264,  25316.5488,
       1,     167,     104,      14,       1,       3,       1,     10.0000,      1.3883,     42.4167,    245.3546,     61.7464,      3.4953,      0.1817,      0.1482,     36.8138,      0.2090,      5.5110,     11.0219,      1.8468,     28.4203,     56.8406,      0.0190,      0.0019,      0.2421,      0.1988,   7594.9648,-459768.9375,  -1076.1414,    541.2527,  25316.5469,
       1,     167,     104,      15,       1,       3,       1,     10.0000,      1.3883,     42.4167,    245.3546,     61.7464,      3.4953,      0.1787,      0.1449,     89.1941,      0.2184,      5.5110,     11.0219,      1.9303,     28.4203,     56.8406,      0.0190,      0.0048,      0.2316,      0.1988,   7594.9644,-467373.0938,  -1078.4771,    540.7383,  25316.5469,
       1,     167,     104,      16,       1,       3,       1,     10.0000,      1.3883,     42.4167,    245.3546,     61.7464,      3.4953,      0.1825,      0.1487,    122.5260,      0.2208,      5.5110,     11.0219,      1.9512,     28.4203,     56.8406,      0.0190,      0.0065,      0.2335,      0.1988,   7594.9644,-534916.5625,  -1099.0406,    536.1732,  25316.5449,
       1,     167,     104,      17,       1,       3,       1,     10.0000,      1.3883,     42.4167,    245.3546,     61.7464,      3.4953,      0.1780,      0.1443,    111.0554,      0.2134,      5.5110,     11.0219,      1.8853,     28.4203,     56.8406,      0.0190,      0.0061,      0.2280,      0.1987,   7594.9639,-583425.3125,  -1114.0847,    532.9412,  25316.5449,
       1,     167,     104,      18,       1,       3,       1,     10.0000,      1.3883,     42.4167,    245.3546,     61.7464,      3.4953,      0.1476,      0.1145,     78.1408,      0.1926,      5.5110,     11.0219,      1.7016,     28.4203,     56.8406,      0.0190,      0.0052,      0.1866,      0.1986,   7594.9639,-572949.3125,  -1111.4336,    533.6489,  25316.5410,
       1,     167,     104,      19,       1,       3,       1,     10.0000,      1.3883,     42.4167,    245.3546,     61.7464,      3.4953,      0.0614,      0.0288,     24.4371,      0.1773,      5.5110,     11.0219,      1.5671,     28.4203,     56.8406,      0.0190,      0.0046,      0.0658,      0.1986,   7594.9624,-529933.1250,  -1098.8350,    536.5187,  25316.5449,
       1,     167,     104,      20,       1,       3,       1,     10.0000,      1.3883,     42.4167,    245.3546,     61.7464,      3.4953,      0.0068,     -0.0255,      6.5276,      0.1670,      5.5110,     11.0219,      1.4761,     28.4203,     56.8406,      0.0190,      0.0052,      0.0156,      0.1987,   7594.9639,-457601.7812,  -1077.0671,    541.3774,  25316.5430,
       1,     167,     104,      21,       1,       3,       1,     10.0000,      1.3883,     42.4167,    245.3546,     61.7464,      3.4953,      0.0000,     -0.0320,      6.5257,      0.1594,      5.5110,     11.0219,      1.4083,     28.4203,     56.8406,      0.0190,      0.0052,      0.0156,      0.1988,   7594.9634,-428546.9062,  -1068.2284,    543.3657,  25316.5430,
       1,     167,     104,      22,       1,       3,       1,     10.0000,      1.3883,     42.4167,    245.3546,     61.7464,      3.4953,      0.0000,     -0.0319,      5.8279,      0.1554,      5.5110,     11.0219,      1.3734,     28.4203,     56.8406,      0.0190,      0.0046,      0.0156,      0.1988,   7594.9634,-426010.4375,  -1067.4470,    543.5416,  25316.5410,
       1,     167,     104,      23,       1,       3,       1,     10.0000,      1.3883,     42.4167,    245.3546,     61.7464,      3.4953,      0.0000,     -0.0319,      4.7522,      0.1551,      5.5110,     11.0219,      1.3707,     28.4203,     56.8406,      0.0190,      0.0038,      0.0156,      0.1988,   7594.9624,-424895.6562,  -1067.1000,    543.6173,  25316.5410,
       1,     167,     104,      24,       1,       3,       1,     10.0000,      1.3883,     42.4167,    245.3546,     61.7464,      3.4953,      0.0000,     -0.0319,      4.1018,      0.1556,      5.5110,     11.0219,      1.3748,     28.4203,     56.8406,      0.0190,      0.0033,      0.0156,      0.1988,   7594.9624,-423426.2812,  -1066.6458,    543.7172,  25316.5410,
       1,     167,     105,       1,       1,       3,       1,     10.0000,      1.3883,     42.4170,    245.3605,     61.7478,      3.4953,      0.0000,     -0.0318,      3.3800,      0.1522,      5.5111,     11.0223,      1.3448,     28.4229,     56.8459,      0.0190,      0.0027,      0.0156,      0.1988,   7594.9624,-422625.5312,  -1066.8401,    543.7845,  25317.6895,
       1,     167,     105,       2,       1,       3,       1,     10.0000,      1.3883,     42.4170,    245.3605,     61.7478,      3.4953,      0.0000,     -0.0316,      2.7743,      0.1487,      5.5111,     11.0223,      1.3141,     28.4229,     56.8459,      0.0190,      0.0022,      0.0156,      0.1988,   7595.3071,-421480.7812,  -1066.0455,    543.8624,  25317.6895,
       1,     167,     105,       3,       1,       3,       1,     10.0000,      1.3883,     42.4170,    245.3605,     61.7478,      3.4953,      0.0000,     -0.0316,      2.3742,      0.1487,      5.5111,     11.0223,      1.3141,     28.4229,     56.8459,      0.0190,      0.0019,      0.0156,      0.1988,   7595.3071,-420608.6250,  -1065.7765,    543.9218,  25317.6895,
       1,     167,     105,       4,       1,       3,       1,     10.0000,      1.3883,     42.4170,    245.3605,     61.7478,      3.4953,      0.0000,     -0.0316,      2.2016,      0.1486,      5.5111,     11.0223,      1.3127,     28.4229,     56.8459,      0.0190,      0.0018,      0.0156,      0.1988,   7595.3071,-420022.4688,  -1065.5953,    543.9616,  25317.6895,
       1,     167,     105,       5,       1,       3,       1,     10.0000,      1.3883,     42.4170,    245.3605,     61.7478,      3.4953,      0.0000,     -0.0315,      2.0958,      0.1450,      5.5111,     11.0223,      1.2814,     28.4229,     56.8459,      0.0190,      0.0017,      0.0156,      0.1988,   7595.3071,-419751.4375,  -1065.5103,    543.9800,  25317.6895,
       1,     167,     105,       6,       1,       3,       1,     10.0000,      1.3883,     42.4170,    245.3605,     61.7478,      3.4953,      0.0000,     -0.0315,      1.8649,      0.1447,      5.5111,     11.0223,      1.2788,     28.4229,     56.8459,      0.0190,      0.0015,      0.0156,      0.1988,   7595.3071,-419592.8125,  -1065.4594,    543.9908,  25317.6895,
       1,     167,     105,       7,       1,       3,       1,     10.0000,      1.3883,     42.4170,    245.3605,     61.7478,      3.4953,      0.0000,     -0.0315,      1.8481,      0.1452,      5.5111,     11.0223,      1.2827,     28.4229,     56.8459,      0.0190,      0.0015,      0.0156,      0.1988,   7595.3071,-419284.5625,  -1065.3639,    544.0117,  25317.6895,
       1,     167,     105,       8,       1,       3,       1,     10.0000,      1.3883,     42.4170,    245.3605,     61.7478,      3.4953,      0.0156,     -0.0158,      0.2927,      0.1420,      5.5111,     11.0223,      1.2545,     28.4229,     56.8459,      0.0190,      0.0014,      0.0026,      0.1988,   7595.3071,-419236.4062,  -1065.3472,    544.0151,  25317.6895,
       1,     167,     105,       9,       1,       3,       1,     10.0000,      1.3883,     42.4170,    245.3605,     61.7478,      3.4953,      0.1253,      0.0934,     21.9477,      0.1564,      5.5111,     11.0223,      1.3818,     28.4229,     56.8459,      0.0190,      0.0017,      0.1605,      0.1988,   7595.3071,-417247.7500,  -1064.7372,    544.1503,  25317.6895,
       1,     167,     105,      10,       1,       3,       1,     10.0000,      1.3883,     42.4170,    245.3605,     61.7478,      3.4953,      0.1749,      0.1427,     28.1788,      0.1667,      5.5111,     11.0223,      1.4732,     28.4229,     56.8459,      0.0190,      0.0015,      0.2327,      0.1988,   7595.3071,-444702.6250,  -1073.1139,    542.2829,  25317.6895,
       1,     167,     105,      11,       1,       3,       1,     10.0000,      1.3883,     42.4170,    245.3605,     61.7478,      3.4953,      0.1868,      0.1539,     31.4359,      0.1860,      5.5111,     11.0223,      1.6436,     28.4229,     56.8459,      0.0190,      0.0016,      0.2500,      0.1988,   7595.3071,-455045.8125,  -1076.2682,    541.5849,  25317.6875,
       1,     167,     105,      12,       1,       3,       1,     10.0000,      1.3883,     42.4170,    245.3605,     61.7478,      3.4953,      0.1871,      0.1532,     37.5478,      0.2193,      5.5111,     11.0223,      1.9379,     28.4229,     56.8459,      0.0190,      0.0019,      0.2500,      0.1988,   7595.3066,-460096.9688,  -1077.8242,    541.2434,  25317.6895,
       1,     167,     105,      13,       1,       3,       1,     10.0000,      1.3883,     42.4170,    245.3605,     61.7478,      3.4953,      0.1874,      0.1534,     42.2693,      0.2241,      5.5111,     11.0223,      1.9801,     28.4229,     56.8459,      0.0190,      0.0021,      0.2500,      0.1988,   7595.3071,-468336.4375,  -1080.3496,    540.6862,  25317.6895,
       1,     167,     105,      14,       1,       3,       1,     10.0000,      1.3883,     42.4170,    245.3605,     61.7478,      3.4953,      0.1882,      0.1556,     47.7909,      0.1772,      5.5111,     11.0223,      1.5656,     28.4229,     56.8459,      0.0190,      0.0024,      0.2500,      0.1988,   7595.3071,-475078.3438,  -1087.1981,    540.2308,  25317.6875,
       1,     167,     105,      15,       1,       3,       1,     10.0000,      1.3883,     42.4170,    245.3605,     61.7478,      3.4953,      0.1887,      0.1553,     56.7654,      0.2029,      5.5111,     11.0223,      1.7931,     28.4229,     56.8459,      0.0190,      0.0028,      0.2500,      0.1988,   7595.3066,-482712.4375,  -1092.0721,    539.7153,  25317.6836,
       1,     167,     105,      16,       1,       3,       1,     10.0000,      1.3883,     42.4170,    245.3605,     61.7478,      3.4953,      0.1910,      0.1572,     87.9513,      0.2167,      5.5111,     11.0223,      1.9152,     28.4229,     56.8459,      0.0190,      0.0044,      0.2500,      0.1988,   7595.3052,-494834.8750,  -1095.6938,    538.8978,  25317.6836,
       1,     167,     105,      17,       1,       3,       1,     10.0000,      1.3883,     42.4170,    245.3605,     61.7478,      3.4953,      0.1877,      0.1545,    121.9813,      0.1972,      5.5111,     11.0223,      1.7425,     28.4229,     56.8459,      0.0190,      0.0063,      0.2409,      0.1988,   7595.3052,-535717.8750,  -1108.1198,    536.1444,  25317.6836,
       1,     167,     105,      18,       1,       3,       1,     10.0000,      1.3883,     42.4170,    245.3605,     61.7478,      3.4953,      0.1632,      0.1312,     93.7060,      0.1586,      5.5111,     11.0223,      1.4013,     28.4229,     56.8459,      0.0190,      0.0056,      0.2078,      0.1987,   7595.3052,-582767.5000,  -1119.1544,    532.9982,  25317.6836,
       1,     167,     105,      19,       1,       3,       1,     10.0000,      1.3883,     42.4170,    245.3605,     61.7478,      3.4953,      0.1085,      0.0767,     31.4975,      0.1543,      5.5111,     11.0223,      1.3639,     28.4229,     56.8459,      0.0190,      0.0029,      0.1347,      0.1986,   7595.3052,-550684.8750,  -1091.6185,    535.1450,  25316.7129,
       1,     167,     105,      20,       1,       3,       1,     10.0000,      1.3883,     42.4170,    245.3605,     61.7478,      3.4953,      0.0158,     -0.0159,      0.8835,      0.1514,      5.5111,     11.0223,      1.3381,     28.4229,     56.8459,      0.0190,      0.0047,      0.0023,      0.1987,   7595.0142,-468503.9062,  -1071.4235,    540.6467,  25317.6816,
       1,     167,     105,      21,       1,       3,       1,     10.0000,      1.3883,     42.4170,    245.3605,     61.7478,      3.4953,      0.0000,     -0.0316,      6.4486,      0.1490,      5.5111,     11.0223,      1.3167,     28.4229,     56.8459,      0.0190,      0.0051,      0.0156,      0.1988,   7595.3047,-422289.3438,  -1059.9092,    543.7983,  25317.6816,
       1,     167,     105,      22,       1,       3,       1,     10.0000,      1.3883,     42.4170,    245.3605,     61.7478,      3.4953,      0.0000,     -0.0316,      5.2128,      0.1490,      5.5111,     11.0223,      1.3167,     28.4229,     56.8459,      0.0190,      0.0042,      0.0156,      0.1988,   7595.3047,-425379.4375,  -1062.2108,    543.5974,  25317.6816,
       1,     167,     105,      23,       1,       3,       1,     10.0000,      1.3883,     42.4170,    245.3605,     61.7478,      3.4953,      0.0000,     -0.0316,      1.7415,      0.1483,      5.5111,     11.0223,      1.3101,     28.4229,     56.8459,      0.0190,      0.0014,      0.0156,      0.1988,   7595.3047,-424058.9375,  -1062.9385,    543.6872,  25317.6797,
       1,     167,     105,      24,       1,       3,       1,     10.0000,      1.3883,     42.4170,    245.3605,     61.7478,      3.4953,      0.0000,     -0.0316,      1.5640,      0.1484,      5.5111,     11.0223,      1.3114,     28.4229,     56.8459,      0.0190,      0.0012,      0.0156,      0.1988,   7595.3042,-419515.4375,  -1061.9738,    543.9959,  25317.6797,
       1,     167,     106,       1,       1,       3,       1,     10.0000,      1.3883,     42.4174,    245.3663,     61.7493,      3.4953,      0.0000,     -0.0314,      1.5096,      0.1423,      5.5106,     11.0212,      1.2571,     28.4310,     56.8621,      0.0190,      0.0012,      0.0156,      0.1989,   7595.3042,-419052.3750,  -1062.4823,    544.0403,  25318.8281,
       1,     167,     106,       2,       1,       3,       1,     10.0000,      1.3883,     42.4174,    245.3663,     61.7493,      3.4953,      0.0000,     -0.0314,      1.4535,      0.1413,      5.5106,     11.0212,      1.2482,     28.4310,     56.8621,      0.0190,      0.0012,      0.0156,      0.1989,   7595.6489,-418788.2500,  -1062.2411,    544.0584,  25318.8281,
       1,     167,     106,       3,       1,       3,       1,     10.0000,      1.3883,     42.4174,    245.3663,     61.7493,      3.4953,      0.0000,     -0.0313,      1.4441,      0.1383,      5.5106,     11.0212,      1.2220,     28.4310,     56.8621,      0.0190,      0.0012,      0.0156,      0.1989,   7595.6489,-418693.4688,  -1062.4369,    544.0647,  25318.8281,
       1,     167,     106,       4,       1,       3,       1,     10.0000,      1.3883,     42.4174,    245.3663,     61.7493,      3.4953,      0.0000,     -0.0311,      1.4746,      0.1344,      5.5106,     11.0212,      1.1879,     28.4310,     56.8621,      0.0190,      0.0012,      0.0156,      0.1989,   7595.6489,-418673.5312,  -1062.6464,    544.0661,  25318.8281,
       1,     167,     106,       5,       1,       3,       1,     10.0000,      1.3883,     42.4174,    245.3663,     61.7493,      3.4953,      0.0000,     -0.0309,      1.4459,      0.1301,      5.5106,     11.0212,      1.1499,     28.4310,     56.8621,      0.0190,      0.0012,      0.0156,      0.1989,   7595.6489,-418710.6562,  -1062.8634,    544.0636,  25318.8281,
       1,     167,     106,       6,       1,       3,       1,     10.0000,      1.3883,     42.4174,    245.3663,     61.7493,      3.4953,      0.0000,     -0.0309,      1.0903,      0.1278,      5.5106,     11.0212,      1.1291,     28.4310,     56.8621,      0.0190,      0.0009,      0.0156,      0.1989,   7595.6489,-418677.2188,  -1063.0250,    544.0659,  25318.8281,
       1,     167,     106,       7,       1,       3,       1,     10.0000,      1.3883,     42.4174,    245.3663,     61.7493,      3.4953,      0.0000,     -0.0309,      1.0089,      0.1291,      5.5106,     11.0212,      1.1406,     28.4310,     56.8621,      0.0190,      0.0008,      0.0156,      0.1989,   7595.6489,-418220.7188,  -1062.9677,    544.0969,  25318.8281,
       1,     167,     106,       8,       1,       3,       1,     10.0000,      1.3883,     42.4174,    245.3663,     61.7493,      3.4953,      0.0064,     -0.0247,      0.8667,      0.1329,      5.5106,     11.0212,      1.1747,     28.4310,     56.8621,      0.0190,      0.0007,      0.0156,      0.1989,   7595.6489,-418077.2812,  -1062.9827,    544.1067,  25318.8281,
       1,     167,     106,       9,       1,       3,       1,     10.0000,      1.3883,     42.4174,    245.3663,     61.7493,      3.4953,      0.1084,      0.0771,      7.8869,      0.1398,      5.5106,     11.0212,      1.2357,     28.4310,     56.8621,      0.0190,      0.0007,      0.1375,      0.1989,   7595.6489,-417883.4062,  -1063.0193,    544.1199,  25318.8301,
       1,     167,     106,      10,       1,       3,       1,     10.0000,      1.3883,     42.4174,    245.3663,     61.7493,      3.4953,      0.1744,      0.1423,     12.0092,      0.1624,      5.5106,     11.0212,      1.4354,     28.4310,     56.8621,      0.0190,      0.0006,      0.2338,      0.1989,   7595.6494,-426821.8125,  -1066.2958,    543.5119,  25318.8281,
       1,     167,     106,      11,       1,       3,       1,     10.0000,      1.3883,     42.4174,    245.3663,     61.7493,      3.4953,      0.1827,      0.1504,     11.7666,      0.1681,      5.5106,     11.0212,      1.4851,     28.4310,     56.8621,      0.0190,      0.0006,      0.2460,      0.1989,   7595.6489,-432857.6875,  -1065.3578,    543.1021,  25318.8301,
       1,     167,     106,      12,       1,       3,       1,     10.0000,      1.3883,     42.4174,    245.3663,     61.7493,      3.4953,      0.1855,      0.1529,     13.5929,      0.1761,      5.5106,     11.0212,      1.5563,     28.4310,     56.8621,      0.0190,      0.0007,      0.2500,      0.1988,   7595.6494,-433071.4375,  -1067.2249,    543.0878,  25318.8281,
       1,     167,     106,      13,       1,       3,       1,     10.0000,      1.3883,     42.4174,    245.3663,     61.7493,      3.4953,      0.1846,      0.1515,     14.3105,      0.1935,      5.5106,     11.0212,      1.7101,     28.4310,     56.8621,      0.0190,      0.0007,      0.2488,      0.1988,   7595.6489,-435420.0625,  -1069.3984,    542.9283,  25318.8281,
       1,     167,     106,      14,       1,       3,       1,     10.0000,      1.3883,     42.4174,    245.3663,     61.7493,      3.4953,      0.1599,      0.1261,     15.0926,      0.2206,      5.5106,     11.0212,      1.9494,     28.4310,     56.8621,      0.0190,      0.0009,      0.2123,      0.1988,   7595.6489,-436539.5312,  -1070.9729,    542.8525,  25318.8281,
       1,     167,     106,      15,       1,       3,       1,     10.0000,      1.3883,     42.4174,    245.3663,     61.7493,      3.4953,      0.1642,      0.1303,     43.5485,      0.2202,      5.5106,     11.0212,      1.9456,     28.4310,     56.8621,      0.0190,      0.0025,      0.2153,      0.1988,   7595.6489,-437634.2500,  -1072.2188,    542.7781,  25318.8262,
       1,     167,     106,      16,       1,       3,       1,     10.0000,      1.3883,     42.4174,    245.3663,     61.7493,      3.4953,      0.1893,      0.1575,     59.3241,      0.1528,      5.5106,     11.0212,      1.3503,     28.4310,     56.8621,      0.0190,      0.0029,      0.2500,      0.1988,   7595.6479,-474039.8125,  -1083.7877,    540.3081,  25318.8281,
       1,     167,     106,      17,       1,       3,       1,     10.0000,      1.3883,     42.4174,    245.3663,     61.7493,      3.4953,      0.1901,      0.1583,     69.9667,      0.1540,      5.5106,     11.0212,      1.3612,     28.4310,     56.8621,      0.0190,      0.0035,      0.2500,      0.1988,   7595.6489,-497350.3125,  -1027.5107,    538.7394,  25319.0996,
       1,     167,     106,      18,       1,       3,       1,     10.0000,      1.3883,     42.4174,    245.3663,     61.7493,      3.4953,      0.1549,      0.1225,     71.9319,      0.1694,      5.5106,     11.0212,      1.4970,     28.4310,     56.8621,      0.0190,      0.0045,      0.1981,      0.1988,   7595.7300,-512925.8125,  -1034.8694,    537.6927,  25318.9102,
       1,     167,     106,      19,       1,       3,       1,     10.0000,      1.3883,     42.4174,    245.3663,     61.7493,      3.4953,      0.0992,      0.0669,     53.0434,      0.1671,      5.5106,     11.0212,      1.4762,     28.4310,     56.8621,      0.0190,      0.0056,      0.1184,      0.1988,   7595.6733,-516805.3438,  -1022.2786,    537.4330,  25319.1055,
       1,     167,     106,      20,       1,       3,       1,     10.0000,      1.3883,     42.4174,    245.3663,     61.7493,      3.4953,      0.0156,     -0.0163,      0.7936,      0.1573,      5.5106,     11.0212,      1.3901,     28.4310,     56.8621,      0.0190,      0.0054,      0.0018,      0.1988,   7595.7319,-492984.0312,  -1019.5171,    539.0334,  25318.9961,
       1,     167,     106,      21,       1,       3,       1,     10.0000,      1.3883,     42.4174,    245.3663,     61.7493,      3.4953,      0.0000,     -0.0317,      3.5367,      0.1514,      5.5106,     11.0212,      1.3381,     28.4310,     56.8621,      0.0190,      0.0028,      0.0156,      0.1988,   7595.6992,-424218.7500,  -1005.2675,    543.6691,  25318.9863,
       1,     167,     106,      22,       1,       3,       1,     10.0000,      1.3883,     42.4174,    245.3663,     61.7493,      3.4953,      0.0000,     -0.0317,      2.7921,      0.1504,      5.5106,     11.0212,      1.3287,     28.4310,     56.8621,      0.0190,      0.0022,      0.0156,      0.1989,   7595.6963,-421828.7812,  -1005.4283,    543.8516,  25318.9863,
       1,     167,     106,      23,       1,       3,       1,     10.0000,      1.3883,     42.4174,    245.3663,     61.7493,      3.4953,      0.0000,     -0.0317,      2.8707,      0.1495,      5.5106,     11.0212,      1.3207,     28.4310,     56.8621,      0.0190,      0.0023,      0.0156,      0.1989,   7595.6963,-420646.0312,  -1005.6855,    543.9320,  25318.9844,
       1,     167,     106,      24,       1,       3,       1,     10.0000,      1.3883,     42.4174,    245.3663,     61.7493,      3.4953,      0.0000,     -0.0316,      3.1229,      0.1484,      5.5106,     11.0212,      1.3115,     28.4310,     56.8621,      0.0190,      0.0025,      0.0156,      0.1989,   7595.6958,-420643.9375,  -1006.2143,    543.9321,  25318.9844,
       1,     167,     107,       1,       1,       3,       1,     10.0000,      1.3883,     42.4177,    245.3722,     61.7508,      3.4953,      0.0000,     -0.0317,      2.9183,      0.1495,      5.5113,     11.0226,      1.3208,     28.4368,     56.8736,      0.0190,      0.0023,      0.0156,      0.1989,   7595.6958,-421122.7812,  -1007.2217,    543.9125,  25320.1328,
       1,     167,     107,       2,       1,       3,       1,     10.0000,      1.3883,     42.4177,    245.3722,     61.7508,      3.4953,      0.0000,     -0.0317,      2.4978,      0.1492,      5.5113,     11.0226,      1.3181,     28.4368,     56.8736,      0.0190,      0.0020,      0.0156,      0.1989,   7596.0400,-420748.6562,  -1007.3054,    543.9380,  25320.1328,
       1,     167,     107,       3,       1,       3,       1,     10.0000,      1.3883,     42.4177,    245.3722,     61.7508,      3.4953,      0.0000,     -0.0317,      2.3285,      0.1504,      5.5113,     11.0226,      1.3288,     28.4368,     56.8736,      0.0190,      0.0019,      0.0156,      0.1989,   7596.0400,-420179.9062,  -1007.5857,    543.9767,  25320.1328,
       1,     167,     107,       4,       1,       3,       1,     10.0000,      1.3883,     42.4177,    245.3722,     61.7508,      3.4953,      0.0000,     -0.0317,      2.1351,      0.1504,      5.5113,     11.0226,      1.3288,     28.4368,     56.8736,      0.0190,      0.0017,      0.0156,      0.1989,   7596.0400,-419914.4688,  -1007.9000,    543.9947,  25320.1328,
       1,     167,     107,       5,       1,       3,       1,     10.0000,      1.3883,     42.4177,    245.3722,     61.7508,      3.4953,      0.0000,     -0.0316,      1.8953,      0.1487,      5.5113,     11.0226,      1.3141,     28.4368,     56.8736,      0.0190,      0.0015,      0.0156,      0.1989,   7596.0400,-419644.8438,  -1008.1804,    544.0130,  25320.1328,
       1,     167,     107,       6,       1,       3,       1,     10.0000,      1.3883,     42.4177,    245.3722,     61.7508,      3.4953,      0.0000,     -0.0316,      1.8427,      0.1481,      5.5113,     11.0226,      1.3088,     28.4368,     56.8736,      0.0190,      0.0015,      0.0156,      0.1989,   7596.0400,-419315.5625,  -1008.3953,    544.0354,  25320.1309,
       1,     167,     107,       7,       1,       3,       1,     10.0000,      1.3883,     42.4177,    245.3722,     61.7508,      3.4953,      0.0000,     -0.0316,      1.7606,      0.1468,      5.5113,     11.0226,      1.2970,     28.4368,     56.8736,      0.0190,      0.0014,      0.0156,      0.1989,   7596.0396,-419220.3750,  -1008.6616,    544.0419,  25320.1289,
       1,     167,     107,       8,       1,       3,       1,     10.0000,      1.3883,     42.4177,    245.3722,     61.7508,      3.4953,      0.0116,     -0.0200,      1.8065,      0.1460,      5.5113,     11.0226,      1.2905,     28.4368,     56.8736,      0.0190,      0.0014,      0.0156,      0.1989,   7596.0391,-419107.5625,  -1008.9022,    544.0496,  25320.1309,
       1,     167,     107,       9,       1,       3,       1,     10.0000,      1.3883,     42.4177,    245.3722,     61.7508,      3.4953,      0.1283,      0.0964,     19.6806,      0.1558,      5.5113,     11.0226,      1.3763,     28.4368,     56.8736,      0.0190,      0.0015,      0.1651,      0.1989,   7596.0396,-419156.0000,  -1009.2101,    544.0463,  25320.1309,
       1,     167,     107,      10,       1,       3,       1,     10.0000,      1.3883,     42.4177,    245.3722,     61.7508,      3.4953,      0.1792,      0.1466,     30.0088,      0.1774,      5.5113,     11.0226,      1.5672,     28.4368,     56.8736,      0.0190,      0.0016,      0.2389,      0.1989,   7596.0396,-441959.1562,  -1015.4351,    542.4955,  25320.1309,
       1,     167,     107,      11,       1,       3,       1,     10.0000,      1.3883,     42.4177,    245.3722,     61.7508,      3.4953,      0.1869,      0.1539,     33.3950,      0.1909,      5.5113,     11.0226,      1.6866,     28.4368,     56.8736,      0.0190,      0.0017,      0.2500,      0.1989,   7596.0396,-457121.1875,  -1020.6342,    541.4696,  25320.1270,
       1,     167,     107,      12,       1,       3,       1,     10.0000,      1.3883,     42.4177,    245.3722,     61.7508,      3.4953,      0.1867,      0.1532,     31.2892,      0.2059,      5.5113,     11.0226,      1.8199,     28.4368,     56.8736,      0.0190,      0.0016,      0.2500,      0.1989,   7596.0386,-462756.2812,  -1012.8214,    541.0892,  25320.1777,
       1,     167,     107,      13,       1,       3,       1,     10.0000,      1.3883,     42.4177,    245.3722,     61.7508,      3.4953,      0.1869,      0.1543,     31.6396,      0.1774,      5.5113,     11.0226,      1.5672,     28.4368,     56.8736,      0.0190,      0.0016,      0.2500,      0.1988,   7596.0537,-460549.2500,  -1017.1716,    541.2385,  25320.1152,
       1,     167,     107,      14,       1,       3,       1,     10.0000,      1.3883,     42.4177,    245.3722,     61.7508,      3.4953,      0.1879,      0.1552,     44.3638,      0.1793,      5.5113,     11.0226,      1.5844,     28.4368,     56.8736,      0.0190,      0.0022,      0.2500,      0.1988,   7596.0347,-460812.9062,  -1000.2598,    541.2207,  25320.3125,
       1,     167,     107,      15,       1,       3,       1,     10.0000,      1.3883,     42.4177,    245.3722,     61.7508,      3.4953,      0.1902,      0.1565,     77.7205,      0.2148,      5.5113,     11.0226,      1.8985,     28.4368,     56.8736,      0.0190,      0.0039,      0.2500,      0.1988,   7596.0942,-477052.0312,  -1007.9537,    540.1221,  25320.3105,
       1,     167,     107,      16,       1,       3,       1,     10.0000,      1.3883,     42.4177,    245.3722,     61.7508,      3.4953,      0.1931,      0.1593,    115.8647,      0.2213,      5.5113,     11.0226,      1.9552,     28.4368,     56.8736,      0.0190,      0.0058,      0.2500,      0.1988,   7596.0933,-521044.7812,  -1021.9164,    537.1531,  25320.3008,
       1,     167,     107,      17,       1,       3,       1,     10.0000,      1.3883,     42.4177,    245.3722,     61.7508,      3.4953,      0.1827,      0.1492,    100.5075,      0.2072,      5.5113,     11.0226,      1.8306,     28.4368,     56.8736,      0.0190,      0.0053,      0.2362,      0.1988,   7596.0903,-573602.5000,  -1038.1151,    533.6322,  25320.2852,
       1,     167,     107,      18,       1,       3,       1,     10.0000,      1.3883,     42.4177,    245.3722,     61.7508,      3.4953,      0.1595,      0.1263,     69.7113,      0.1984,      5.5113,     11.0226,      1.7529,     28.4368,     56.8736,      0.0190,      0.0042,      0.2053,      0.1987,   7596.0859,-558535.1875,  -1037.8833,    534.6487,  25320.2656,
       1,     167,     107,      19,       1,       3,       1,     10.0000,      1.3883,     42.4177,    245.3722,     61.7508,      3.4953,      0.1230,      0.0902,     40.8743,      0.1816,      5.5113,     11.0226,      1.6050,     28.4368,     56.8736,      0.0190,      0.0033,      0.1546,      0.1987,   7596.0801,-517857.9062,  -1030.6090,    537.3683,  25320.2461,
       1,     167,     107,      20,       1,       3,       1,     10.0000,      1.3883,     42.4177,    245.3722,     61.7508,      3.4953,      0.0121,     -0.0202,      6.3635,      0.1669,      5.5113,     11.0226,      1.4747,     28.4368,     56.8736,      0.0190,      0.0051,      0.0156,      0.1988,   7596.0742,-477532.8438,  -1022.4740,    540.0839,  25320.2305,
       1,     167,     107,      21,       1,       3,       1,     10.0000,      1.3883,     42.4177,    245.3722,     61.7508,      3.4953,      0.0000,     -0.0320,      7.0619,      0.1584,      5.5113,     11.0226,      1.4000,     28.4368,     56.8736,      0.0190,      0.0056,      0.0156,      0.1988,   7596.0693,-430006.6250,  -1012.1180,    543.2993,  25320.2227,
       1,     167,     107,      22,       1,       3,       1,     10.0000,      1.3883,     42.4177,    245.3722,     61.7508,      3.4953,      0.0000,     -0.0319,      6.3744,      0.1572,      5.5113,     11.0226,      1.3888,     28.4368,     56.8736,      0.0190,      0.0051,      0.0156,      0.1989,   7596.0669,-426805.9688,  -1012.1008,    543.5262,  25320.2207,
       1,     167,     107,      23,       1,       3,       1,     10.0000,      1.3883,     42.4177,    245.3722,     61.7508,      3.4953,      0.0000,     -0.0318,      6.0633,      0.1547,      5.5113,     11.0226,      1.3667,     28.4368,     56.8736,      0.0190,      0.0048,      0.0156,      0.1989,   7596.0664,-425639.6250,  -1012.4574,    543.6055,  25320.2188,
       1,     167,     107,      24,       1,       3,       1,     10.0000,      1.3883,     42.4177,    245.3722,     61.7508,      3.4953,      0.0000,     -0.0317,      4.8837,      0.1517,      5.5113,     11.0226,      1.3408,     28.4368,     56.8736,      0.0190,      0.0039,      0.0156,      0.1989,   7596.0659,-425142.0312,  -1012.9081,    543.6393,  25320.2188,
       1,     167,     108,       1,       1,       3,       1,     10.0000,      1.3883,     42.4180,    245.3780,     61.7522,      3.4953,      0.0000,     -0.0317,      3.7308,      0.1499,      5.5109,     11.0217,      1.3248,     28.4450,     56.8900,      0.0190,      0.0030,      0.0156,      0.1989,   7596.0659,-423750.6562,  -1013.3558,    543.7468,  25321.3652,
       1,     167,     108,       2,       1,       3,       1,     10.0000,      1.3883,     42.4180,    245.3780,     61.7522,      3.4953,      0.0000,     -0.0317,      2.9955,      0.1505,      5.5109,     11.0217,      1.3301,     28.4450,     56.8900,      0.0190,      0.0024,      0.0156,      0.1989,   7596.4097,-422005.2812,  -1012.8786,    543.8654,  25321.3633,
       1,     167,     108,       3,       1,       3,       1,     10.0000,      1.3883,     42.4180,    245.3780,     61.7522,      3.4953,      0.0000,     -0.0316,      2.6515,      0.1477,      5.5109,     11.0217,      1.3049,     28.4450,     56.8900,      0.0190,      0.0021,      0.0156,      0.1989,   7596.4092,-420916.4375,  -1012.8523,    543.9395,  25321.3633,
       1,     167,     108,       4,       1,       3,       1,     10.0000,      1.3883,     42.4180,    245.3780,     61.7522,      3.4953,      0.0000,     -0.0315,      2.5869,      0.1453,      5.5109,     11.0217,      1.2841,     28.4450,     56.8900,      0.0190,      0.0021,      0.0156,      0.1989,   7596.4092,-420383.1875,  -1012.9144,    543.9757,  25321.3613,
       1,     167,     108,       5,       1,       3,       1,     10.0000,      1.3883,     42.4180,    245.3780,     61.7522,      3.4953,      0.0000,     -0.0314,      2.2508,      0.1408,      5.5109,     11.0217,      1.2445,     28.4450,     56.8900,      0.0190,      0.0018,      0.0156,      0.1989,   7596.4087,-420254.7812,  -1013.0635,    543.9844,  25321.3613,
       1,     167,     108,       6,       1,       3,       1,     10.0000,      1.3883,     42.4180,    245.3780,     61.7522,      3.4953,      0.0000,     -0.0312,      1.8939,      0.1373,      5.5109,     11.0217,      1.2134,     28.4450,     56.8900,      0.0190,      0.0015,      0.0156,      0.1989,   7596.4087,-419815.0000,  -1013.1094,    544.0143,  25321.3613,
       1,     167,     108,       7,       1,       3,       1,     10.0000,      1.3883,     42.4180,    245.3780,     61.7522,      3.4953,      0.0000,     -0.0311,      1.6995,      0.1332,      5.5109,     11.0217,      1.1771,     28.4450,     56.8900,      0.0190,      0.0014,      0.0156,      0.1989,   7596.4087,-419321.6875,  -1013.0971,    544.0479,  25321.3594,
       1,     167,     108,       8,       1,       3,       1,     10.0000,      1.3883,     42.4180,    245.3780,     61.7522,      3.4953,      0.0080,     -0.0230,      1.2951,      0.1301,      5.5109,     11.0217,      1.1500,     28.4450,     56.8900,      0.0190,      0.0010,      0.0156,      0.1989,   7596.4082,-419031.2500,  -1013.1078,    544.0677,  25321.3594,
       1,     167,     108,       9,       1,       3,       1,     10.0000,      1.3883,     42.4180,    245.3780,     61.7522,      3.4953,      0.0519,      0.0204,      4.6833,      0.1428,      5.5109,     11.0217,      1.2622,     28.4450,     56.8900,      0.0190,      0.0011,      0.0551,      0.1989,   7596.4082,-418490.1875,  -1013.0526,    544.1044,  25321.3594,
       1,     167,     108,      10,       1,       3,       1,     10.0000,      1.3883,     42.4180,    245.3780,     61.7522,      3.4953,      0.0929,      0.0608,      8.9541,      0.1625,      5.5109,     11.0217,      1.4355,     28.4450,     56.8900,      0.0190,      0.0010,      0.1142,      0.1989,   7596.4082,-422764.5625,  -1014.2467,    543.8137,  25321.3594,
       1,     167,     108,      11,       1,       3,       1,     10.0000,      1.3883,     42.4180,    245.3780,     61.7522,      3.4953,      0.1844,      0.1518,     17.1636,      0.1760,      5.5109,     11.0217,      1.5548,     28.4450,     56.8900,      0.0190,      0.0009,      0.2479,      0.1989,   7596.4082,-428582.8438,  -1015.9244,    543.4183,  25321.3594,
       1,     167,     108,      12,       1,       3,       1,     10.0000,      1.3883,     42.4180,    245.3780,     61.7522,      3.4953,      0.1856,      0.1525,     15.9628,      0.1930,      5.5109,     11.0217,      1.7051,     28.4450,     56.8900,      0.0190,      0.0008,      0.2500,      0.1989,   7596.4082,-439559.1250,  -1019.4641,    542.6728,  25321.3574,
       1,     167,     108,      13,       1,       3,       1,     10.0000,      1.3883,     42.4180,    245.3780,     61.7522,      3.4953,      0.1796,      0.1458,     15.8358,      0.2176,      5.5109,     11.0217,      1.9229,     28.4450,     56.8900,      0.0190,      0.0008,      0.2414,      0.1989,   7596.4077,-438980.0625,  -1020.1186,    542.7126,  25321.3535,
       1,     167,     108,      14,       1,       3,       1,     10.0000,      1.3883,     42.4180,    245.3780,     61.7522,      3.4953,      0.1856,      0.1518,     28.6340,      0.2204,      5.5109,     11.0217,      1.9476,     28.4450,     56.8900,      0.0190,      0.0014,      0.2489,      0.1989,   7596.4062,-438767.6250,  -1020.6395,    542.7271,  25321.3516,
       1,     167,     108,      15,       1,       3,       1,     10.0000,      1.3883,     42.4180,    245.3780,     61.7522,      3.4953,      0.1765,      0.1422,     58.1983,      0.2369,      5.5109,     11.0217,      2.0938,     28.4450,     56.8900,      0.0190,      0.0031,      0.2320,      0.1989,   7596.4058,-455076.5938,  -1025.2828,    541.6207,  25321.3477,
       1,     167,     108,      16,       1,       3,       1,     10.0000,      1.3883,     42.4180,    245.3780,     61.7522,      3.4953,      0.1780,      0.1440,     79.7672,      0.2234,      5.5109,     11.0217,      1.9745,     28.4450,     56.8900,      0.0190,      0.0043,      0.2316,      0.1989,   7596.4048,-494218.1562,  -1035.8275,    538.9717,  25321.3418,
       1,     167,     108,      17,       1,       3,       1,     10.0000,      1.3883,     42.4180,    245.3780,     61.7522,      3.4953,      0.1493,      0.1152,     86.2967,      0.2276,      5.5109,     11.0217,      2.0115,     28.4450,     56.8900,      0.0190,      0.0057,      0.1882,      0.1988,   7596.4028,-525162.9375,  -1044.7324,    536.8935,  25321.3320,
       1,     167,     108,      18,       1,       3,       1,     10.0000,      1.3883,     42.4180,    245.3780,     61.7522,      3.4953,      0.1420,      0.1083,     92.9133,      0.2134,      5.5109,     11.0217,      1.8855,     28.4450,     56.8900,      0.0190,      0.0065,      0.1766,      0.1988,   7596.3999,-536182.9375,  -1048.8521,    536.1578,  25321.3184,
       1,     167,     108,      19,       1,       3,       1,     10.0000,      1.3883,     42.4180,    245.3780,     61.7522,      3.4953,      0.1090,      0.0760,     64.2925,      0.1881,      5.5109,     11.0217,      1.6618,     28.4450,     56.8900,      0.0190,      0.0061,      0.1312,      0.1988,   7596.3960,-545586.5625,  -1052.6470,    535.5282,  25321.2988,
       1,     167,     108,      20,       1,       3,       1,     10.0000,      1.3883,     42.4180,    245.3780,     61.7522,      3.4953,      0.0156,     -0.0166,      0.7756,      0.1652,      5.5109,     11.0217,      1.4601,     28.4450,     56.8900,      0.0190,      0.0064,      0.0015,      0.1988,   7596.3901,-509827.3125,  -1044.8878,    537.9222,  25321.2832,
       1,     167,     108,      21,       1,       3,       1,     10.0000,      1.3883,     42.4180,    245.3780,     61.7522,      3.4953,      0.0000,     -0.0320,      8.0945,      0.1594,      5.5109,     11.0217,      1.4084,     28.4450,     56.8900,      0.0190,      0.0064,      0.0156,      0.1988,   7596.3853,-425640.1250,  -1024.2441,    543.5884,  25321.2695,
       1,     167,     108,      22,       1,       3,       1,     10.0000,      1.3883,     42.4180,    245.3780,     61.7522,      3.4953,      0.0000,     -0.0320,      8.8351,      0.1581,      5.5109,     11.0217,      1.3972,     28.4450,     56.8900,      0.0190,      0.0070,      0.0156,      0.1989,   7596.3813,-427784.5938,  -1024.9386,    543.4727,  25321.2695,
       1,     167,     108,      23,       1,       3,       1,     10.0000,      1.3883,     42.4180,    245.3780,     61.7522,      3.4953,      0.0000,     -0.0319,      7.8654,      0.1554,      5.5109,     11.0217,      1.3736,     28.4450,     56.8900,      0.0190,      0.0063,      0.0156,      0.1989,   7596.3813,-428877.0938,  -1025.3618,    543.3985,  25321.2676,
       1,     167,     108,      24,       1,       3,       1,     10.0000,      1.3883,     42.4180,    245.3780,     61.7522,      3.4953,      0.0000,     -0.0318,      5.9043,      0.1522,      5.5109,     11.0217,      1.3449,     28.4450,     56.8900,      0.0190,      0.0047,      0.0156,      0.1989,   7596.3804,-427735.0000,  -1025.1958,    543.4761,  25321.2656,
       1,     167,     109,       1,       1,       3,       1,     10.0000,      1.3884,     42.4184,    245.3839,     61.7537,      3.4953,      0.0000,     -0.0317,      4.2753,      0.1493,      5.5115,     11.0230,      1.3195,     28.4465,     56.8931,      0.0190,      0.0034,      0.0156,      0.1989,   7596.3799,-425291.5000,  -1025.0441,    543.6550,  25322.4121,
       1,     167,     109,       2,       1,       3,       1,     10.0000,      1.3884,     42.4184,    245.3839,     61.7537,      3.4953,      0.0000,     -0.0316,      3.3279,      0.1468,      5.5115,     11.0230,      1.2971,     28.4465,     56.8931,      0.0190,      0.0027,      0.0156,      0.1989,   7596.7241,-422848.0000,  -1024.1265,    543.8210,  25322.4102,
       1,     167,     109,       3,       1,       3,       1,     10.0000,      1.3884,     42.4184,    245.3839,     61.7537,      3.4953,      0.0000,     -0.0315,      3.1272,      0.1446,      5.5115,     11.0230,      1.2776,     28.4465,     56.8931,      0.0190,      0.0025,      0.0156,      0.1989,   7596.7231,-421428.1250,  -1023.8118,    543.9175,  25322.4102,
       1,     167,     109,       4,       1,       3,       1,     10.0000,      1.3884,     42.4184,    245.3839,     61.7537,      3.4953,      0.0000,     -0.0315,      2.8890,      0.1446,      5.5115,     11.0230,      1.2776,     28.4465,     56.8931,      0.0190,      0.0023,      0.0156,      0.1989,   7596.7231,-421049.1250,  -1023.7517,    543.9434,  25322.4082,
       1,     167,     109,       5,       1,       3,       1,     10.0000,      1.3884,     42.4184,    245.3839,     61.7537,      3.4953,      0.0000,     -0.0316,      2.4671,      0.1462,      5.5115,     11.0230,      1.2919,     28.4465,     56.8931,      0.0190,      0.0020,      0.0156,      0.1989,   7596.7227,-420712.5312,  -1023.6982,    543.9662,  25322.4082,
       1,     167,     109,       6,       1,       3,       1,     10.0000,      1.3884,     42.4184,    245.3839,     61.7537,      3.4953,      0.0000,     -0.0316,      2.2145,      0.1472,      5.5115,     11.0230,      1.3010,     28.4465,     56.8931,      0.0190,      0.0018,      0.0156,      0.1989,   7596.7227,-420145.4062,  -1023.5818,    544.0048,  25322.4082,
       1,     167,     109,       7,       1,       3,       1,     10.0000,      1.3884,     42.4184,    245.3839,     61.7537,      3.4953,      0.0000,     -0.0316,      1.9176,      0.1477,      5.5115,     11.0230,      1.3050,     28.4465,     56.8931,      0.0190,      0.0015,      0.0156,      0.1989,   7596.7227,-419774.0625,  -1023.5106,    544.0301,  25322.4062,
       1,     167,     109,       8,       1,       3,       1,     10.0000,      1.3884,     42.4184,    245.3839,     61.7537,      3.4953,      0.0156,     -0.0160,      0.2257,      0.1490,      5.5115,     11.0230,      1.3168,     28.4465,     56.8931,      0.0190,      0.0012,      0.0023,      0.1989,   7596.7222,-419363.5312,  -1023.4275,    544.0580,  25322.4062,
       1,     167,     109,       9,       1,       3,       1,     10.0000,      1.3884,     42.4184,    245.3839,     61.7537,      3.4953,      0.1340,      0.1020,     15.6836,      0.1592,      5.5115,     11.0230,      1.4071,     28.4465,     56.8931,      0.0190,      0.0011,      0.1739,      0.1989,   7596.7222,-417170.4062,  -1022.8767,    544.2072,  25322.4062,
       1,     167,     109,      10,       1,       3,       1,     10.0000,      1.3884,     42.4184,    245.3839,     61.7537,      3.4953,      0.1632,      0.1306,     22.2787,      0.1784,      5.5115,     11.0230,      1.5767,     28.4465,     56.8931,      0.0190,      0.0013,      0.2162,      0.1989,   7596.7222,-436691.9688,  -1027.9342,    542.8792,  25322.4062,
       1,     167,     109,      11,       1,       3,       1,     10.0000,      1.3884,     42.4184,    245.3839,     61.7537,      3.4953,      0.1804,      0.1472,     26.8378,      0.1972,      5.5115,     11.0230,      1.7427,     28.4465,     56.8931,      0.0190,      0.0014,      0.2412,      0.1989,   7596.7222,-446801.5625,  -1030.7209,    542.1948,  25322.4043,
       1,     167,     109,      12,       1,       3,       1,     10.0000,      1.3884,     42.4184,    245.3839,     61.7537,      3.4953,      0.1868,      0.1532,     33.6058,      0.2105,      5.5115,     11.0230,      1.8598,     28.4465,     56.8931,      0.0190,      0.0017,      0.2500,      0.1989,   7596.7217,-453492.7500,  -1032.7010,    541.7418,  25322.4004,
       1,     167,     109,      13,       1,       3,       1,     10.0000,      1.3884,     42.4184,    245.3839,     61.7537,      3.4953,      0.1872,      0.1533,     43.8355,      0.2195,      5.5115,     11.0230,      1.9400,     28.4465,     56.8931,      0.0190,      0.0022,      0.2494,      0.1989,   7596.7202,-462707.4688,  -1035.3677,    541.1179,  25322.3945,
       1,     167,     109,      14,       1,       3,       1,     10.0000,      1.3884,     42.4184,    245.3839,     61.7537,      3.4953,      0.1885,      0.1545,     57.0754,      0.2272,      5.5115,     11.0230,      2.0077,     28.4465,     56.8931,      0.0190,      0.0028,      0.2500,      0.1989,   7596.7188,-476559.9375,  -1039.3379,    540.1813,  25322.3867,
       1,     167,     109,      15,       1,       3,       1,     10.0000,      1.3884,     42.4184,    245.3839,     61.7537,      3.4953,      0.1905,      0.1563,     82.0868,      0.2308,      5.5115,     11.0230,      2.0393,     28.4465,     56.8931,      0.0190,      0.0041,      0.2500,      0.1989,   7596.7163,-494659.4375,  -1044.5099,    538.9600,  25322.3809,
       1,     167,     109,      16,       1,       3,       1,     10.0000,      1.3884,     42.4184,    245.3839,     61.7537,      3.4953,      0.1868,      0.1528,    105.8307,      0.2254,      5.5115,     11.0230,      1.9920,     28.4465,     56.8931,      0.0190,      0.0054,      0.2418,      0.1989,   7596.7144,-528159.0000,  -1053.8892,    536.7045,  25322.3691,
       1,     167,     109,      17,       1,       3,       1,     10.0000,      1.3884,     42.4184,    245.3839,     61.7537,      3.4953,      0.1839,      0.1500,    123.9670,      0.2204,      5.5115,     11.0230,      1.9476,     28.4465,     56.8931,      0.0190,      0.0065,      0.2353,      0.1988,   7596.7109,-561396.8750,  -1063.5304,    534.4792,  25322.3535,
       1,     167,     109,      18,       1,       3,       1,     10.0000,      1.3884,     42.4184,    245.3839,     61.7537,      3.4953,      0.1647,      0.1310,    117.4761,      0.2146,      5.5115,     11.0230,      1.8967,     28.4465,     56.8931,      0.0190,      0.0070,      0.2075,      0.1988,   7596.7065,-587457.1250,  -1071.5764,    532.7429,  25322.3359,
       1,     167,     109,      19,       1,       3,       1,     10.0000,      1.3884,     42.4184,    245.3839,     61.7537,      3.4953,      0.1303,      0.0972,     92.0940,      0.1955,      5.5115,     11.0230,      1.7272,     28.4465,     56.8931,      0.0190,      0.0072,      0.1595,      0.1987,   7596.7012,-581413.5000,  -1071.3512,    533.1481,  25322.3145,
       1,     167,     109,      20,       1,       3,       1,     10.0000,      1.3884,     42.4184,    245.3839,     61.7537,      3.4953,      0.0230,     -0.0095,      6.4121,      0.1740,      5.5115,     11.0230,      1.5379,     28.4465,     56.8931,      0.0190,      0.0070,      0.0114,      0.1988,   7596.6948,-548440.0000,  -1063.8864,    535.3458,  25322.2930,
       1,     167,     109,      21,       1,       3,       1,     10.0000,      1.3884,     42.4184,    245.3839,     61.7537,      3.4953,      0.0000,     -0.0320,      8.2379,      0.1602,      5.5115,     11.0230,      1.4156,     28.4465,     56.8931,      0.0190,      0.0066,      0.0156,      0.1988,   7596.6880,-436128.9062,  -1034.8756,    542.8660,  25322.2773,
       1,     167,     109,      22,       1,       3,       1,     10.0000,      1.3884,     42.4184,    245.3839,     61.7537,      3.4953,      0.0000,     -0.0319,      8.7677,      0.1564,      5.5115,     11.0230,      1.3819,     28.4465,     56.8931,      0.0190,      0.0070,      0.0156,      0.1989,   7596.6836,-428924.1562,  -1032.9880,    543.4078,  25322.2734,
       1,     167,     109,      23,       1,       3,       1,     10.0000,      1.3884,     42.4184,    245.3839,     61.7537,      3.4953,      0.0000,     -0.0320,      8.5301,      0.1578,      5.5115,     11.0230,      1.3944,     28.4465,     56.8931,      0.0190,      0.0068,      0.0156,      0.1989,   7596.6821,-428909.4062,  -1032.9454,    543.4092,  25322.2734,
       1,     167,     109,      24,       1,       3,       1,     10.0000,      1.3884,     42.4184,    245.3839,     61.7537,      3.4953,      0.0000,     -0.0319,      6.8822,      0.1554,      5.5115,     11.0230,      1.3736,     28.4465,     56.8931,      0.0190,      0.0055,      0.0156,      0.1989,   7596.6821,-428604.5625,  -1032.8242,    543.4299,  25322.2715,
       1,     167,     110,       1,       1,       3,       1,     10.0000,      1.3884,     42.4187,    245.3898,     61.7551,      3.4953,      0.0000,     -0.0318,      5.0224,      0.1525,      5.5116,     11.0231,      1.3477,     28.4548,     56.9096,      0.0190,      0.0040,      0.0156,      0.1990,   7596.6816,-426633.0625,  -1032.6697,    543.5768,  25323.4180,
       1,     167,     110,       2,       1,       3,       1,     10.0000,      1.3884,     42.4187,    245.3898,     61.7551,      3.4953,      0.0000,     -0.0317,      3.3663,      0.1516,      5.5116,     11.0231,      1.3396,     28.4548,     56.9096,      0.0190,      0.0027,      0.0156,      0.1990,   7597.0259,-423936.2812,  -1031.5697,    543.7600,  25323.4141,
       1,     167,     110,       3,       1,       3,       1,     10.0000,      1.3884,     42.4187,    245.3898,     61.7551,      3.4953,      0.0000,     -0.0316,      2.7890,      0.1480,      5.5116,     11.0231,      1.3076,     28.4548,     56.9096,      0.0190,      0.0022,      0.0156,      0.1990,   7597.0244,-421591.0938,  -1030.9486,    543.9195,  25323.4141,
       1,     167,     110,       4,       1,       3,       1,     10.0000,      1.3884,     42.4187,    245.3898,     61.7551,      3.4953,      0.0000,     -0.0316,      2.8347,      0.1472,      5.5116,     11.0231,      1.3011,     28.4548,     56.9096,      0.0190,      0.0023,      0.0156,      0.1990,   7597.0244,-420651.6875,  -1030.6978,    543.9834,  25323.4141,
       1,     167,     110,       5,       1,       3,       1,     10.0000,      1.3884,     42.4187,    245.3898,     61.7551,      3.4953,      0.0000,     -0.0315,      2.4995,      0.1456,      5.5116,     11.0231,      1.2867,     28.4548,     56.9096,      0.0190,      0.0020,      0.0156,      0.1990,   7597.0244,-420628.5000,  -1030.6857,    543.9850,  25323.4141,
       1,     167,     110,       6,       1,       3,       1,     10.0000,      1.3884,     42.4187,    245.3898,     61.7551,      3.4953,      0.0000,     -0.0315,      2.3369,      0.1436,      5.5116,     11.0231,      1.2687,     28.4548,     56.9096,      0.0190,      0.0019,      0.0156,      0.1990,   7597.0244,-420199.0625,  -1030.5676,    544.0142,  25323.4141,
       1,     167,     110,       7,       1,       3,       1,     10.0000,      1.3884,     42.4187,    245.3898,     61.7551,      3.4953,      0.0000,     -0.0315,      2.3329,      0.1442,      5.5116,     11.0231,      1.2738,     28.4548,     56.9096,      0.0190,      0.0019,      0.0156,      0.1990,   7597.0244,-419954.3750,  -1030.4991,    544.0308,  25323.4121,
       1,     167,     110,       8,       1,       3,       1,     10.0000,      1.3884,     42.4187,    245.3898,     61.7551,      3.4953,      0.0198,     -0.0118,      1.0810,      0.1474,      5.5116,     11.0231,      1.3024,     28.4548,     56.9096,      0.0190,      0.0016,      0.0084,      0.1990,   7597.0239,-419928.5000,  -1030.4890,    544.0325,  25323.4121,
       1,     167,     110,       9,       1,       3,       1,     10.0000,      1.3884,     42.4187,    245.3898,     61.7551,      3.4953,      0.1299,      0.0979,     21.2194,      0.1586,      5.5116,     11.0231,      1.4015,     28.4548,     56.9096,      0.0190,      0.0016,      0.1672,      0.1990,   7597.0239,-418330.0000,  -1030.0535,    544.1412,  25323.4121,
       1,     167,     110,      10,       1,       3,       1,     10.0000,      1.3884,     42.4187,    245.3898,     61.7551,      3.4953,      0.1705,      0.1377,     26.8151,      0.1831,      5.5116,     11.0231,      1.6180,     28.4548,     56.9096,      0.0190,      0.0015,      0.2264,      0.1990,   7597.0239,-443868.7812,  -1036.8682,    542.4041,  25323.4121,
       1,     167,     110,      11,       1,       3,       1,     10.0000,      1.3884,     42.4187,    245.3898,     61.7551,      3.4953,      0.1574,      0.1241,     20.6816,      0.1988,      5.5116,     11.0231,      1.7565,     28.4548,     56.9096,      0.0190,      0.0012,      0.2078,      0.1989,   7597.0239,-453228.1562,  -1039.5145,    541.7723,  25323.4102,
       1,     167,     110,      12,       1,       3,       1,     10.0000,      1.3884,     42.4187,    245.3898,     61.7551,      3.4953,      0.1861,      0.1524,     25.0730,      0.2161,      5.5116,     11.0231,      1.9098,     28.4548,     56.9096,      0.0190,      0.0012,      0.2500,      0.1989,   7597.0234,-446211.6250,  -1037.8560,    542.2479,  25323.4102,
       1,     167,     110,      13,       1,       3,       1,     10.0000,      1.3884,     42.4187,    245.3898,     61.7551,      3.4953,      0.1863,      0.1526,     27.2811,      0.2151,      5.5116,     11.0231,      1.9005,     28.4548,     56.9096,      0.0190,      0.0014,      0.2500,      0.1989,   7597.0234,-451206.0625,  -1039.3009,    541.9096,  25323.4102,
       1,     167,     110,      14,       1,       3,       1,     10.0000,      1.3884,     42.4187,    245.3898,     61.7551,      3.4953,      0.1872,      0.1535,     38.5581,      0.2128,      5.5116,     11.0231,      1.8800,     28.4548,     56.9096,      0.0190,      0.0019,      0.2500,      0.1989,   7597.0234,-454455.2188,  -1040.2838,    541.6896,  25323.4102,
       1,     167,     110,      15,       1,       3,       1,     10.0000,      1.3884,     42.4187,    245.3898,     61.7551,      3.4953,      0.1899,      0.1562,     72.8376,      0.2136,      5.5116,     11.0231,      1.8874,     28.4548,     56.9096,      0.0190,      0.0036,      0.2500,      0.1989,   7597.0234,-469122.8125,  -1044.3187,    540.6965,  25323.4102,
       1,     167,     110,      16,       1,       3,       1,     10.0000,      1.3884,     42.4187,    245.3898,     61.7551,      3.4953,      0.1925,      0.1588,    105.8306,      0.2123,      5.5116,     11.0231,      1.8764,     28.4548,     56.9096,      0.0190,      0.0053,      0.2500,      0.1989,   7597.0234,-514135.4688,  -1056.6996,    537.6552,  25323.4102,
       1,     167,     110,      17,       1,       3,       1,     10.0000,      1.3884,     42.4187,    245.3898,     61.7551,      3.4953,      0.1810,      0.1478,    117.9798,      0.1992,      5.5116,     11.0231,      1.7600,     28.4548,     56.9096,      0.0190,      0.0063,      0.2316,      0.1989,   7597.0234,-560180.6250,  -1069.7595,    534.5692,  25323.4102,
       1,     167,     110,      18,       1,       3,       1,     10.0000,      1.3884,     42.4187,    245.3898,     61.7551,      3.4953,      0.1627,      0.1299,    100.7095,      0.1827,      5.5116,     11.0231,      1.6147,     28.4548,     56.9096,      0.0190,      0.0061,      0.2063,      0.1988,   7597.0234,-579699.6875,  -1076.0453,    533.2736,  25323.4082,
       1,     167,     110,      19,       1,       3,       1,     10.0000,      1.3884,     42.4187,    245.3898,     61.7551,      3.4953,      0.0765,      0.0441,     39.3568,      0.1696,      5.5116,     11.0231,      1.4986,     28.4548,     56.9096,      0.0190,      0.0057,      0.0864,      0.1988,   7597.0229,-559302.0625,  -1071.6348,    534.6349,  25323.4082,
       1,     167,     110,      20,       1,       3,       1,     10.0000,      1.3884,     42.4187,    245.3898,     61.7551,      3.4953,      0.0142,     -0.0172,      0.2327,      0.1420,      5.5116,     11.0231,      1.2547,     28.4548,     56.9096,      0.0190,      0.0049,      0.0006,      0.1988,   7597.0229,-479144.9375,   -991.3158,    539.9935,  25323.8320,
       1,     167,     110,      21,       1,       3,       1,     10.0000,      1.3884,     42.4187,    245.3898,     61.7551,      3.4953,      0.0000,     -0.0313,      6.3733,      0.1399,      5.5116,     11.0231,      1.2358,     28.4548,     56.9096,      0.0190,      0.0051,      0.0156,      0.1989,   7597.1499,-422331.8125,   -975.9670,    543.8553,  25323.8340,
       1,     167,     110,      22,       1,       3,       1,     10.0000,      1.3884,     42.4187,    245.3898,     61.7551,      3.4953,      0.0000,     -0.0314,      5.7415,      0.1413,      5.5116,     11.0231,      1.2483,     28.4548,     56.9096,      0.0190,      0.0046,      0.0156,      0.1990,   7597.1504,-425253.4062,   -977.7856,    543.6705,  25323.8340,
       1,     167,     110,      23,       1,       3,       1,     10.0000,      1.3884,     42.4187,    245.3898,     61.7551,      3.4953,      0.0000,     -0.0314,      4.6088,      0.1417,      5.5116,     11.0231,      1.2521,     28.4548,     56.9096,      0.0190,      0.0037,      0.0156,      0.1990,   7597.1504,-424683.6250,   -978.7028,    543.7093,  25323.8320,
       1,     167,     110,      24,       1,       3,       1,     10.0000,      1.3884,     42.4187,    245.3898,     61.7551,      3.4953,      0.0000,     -0.0314,      3.1624,      0.1427,      5.5116,     11.0231,      1.2610,     28.4548,     56.9096,      0.0190,      0.0025,      0.0156,      0.1990,   7597.1499,-423190.0312,   -979.1659,    543.8108,  25323.8320,
       1,     167,     111,       1,       1,       3,       1,     10.0000,      1.3884,     42.4191,    245.3956,     61.7566,      3.4953,      0.0000,     -0.0313,      1.0209,      0.1397,      5.5117,     11.0235,      1.2346,     28.4612,     56.9224,      0.0190,      0.0008,      0.0156,      0.1990,   7597.1499,-421373.2500,   -979.6524,    543.9471,  25324.9824,
       1,     167,     111,       2,       1,       3,       1,     10.0000,      1.3884,     42.4191,    245.3956,     61.7566,      3.4953,      0.0000,     -0.0314,      0.6857,      0.1408,      5.5117,     11.0235,      1.2446,     28.4612,     56.9224,      0.0190,      0.0005,      0.0156,      0.1990,   7597.4951,-418330.7500,   -978.8079,    544.1540,  25324.9785,
       1,     167,     111,       3,       1,       3,       1,     10.0000,      1.3884,     42.4191,    245.3956,     61.7566,      3.4953,      0.0000,     -0.0313,      0.6068,      0.1396,      5.5117,     11.0235,      1.2333,     28.4612,     56.9224,      0.0190,      0.0005,      0.0156,      0.1990,   7597.4937,-417640.3438,   -978.7198,    544.2010,  25324.9785,
       1,     167,     111,       4,       1,       3,       1,     10.0000,      1.3884,     42.4191,    245.3956,     61.7566,      3.4953,      0.0000,     -0.0314,      0.7162,      0.1414,      5.5117,     11.0235,      1.2496,     28.4612,     56.9224,      0.0190,      0.0006,      0.0156,      0.1990,   7597.4937,-417479.6875,   -978.7147,    544.2120,  25324.9805,
       1,     167,     111,       5,       1,       3,       1,     10.0000,      1.3884,     42.4191,    245.3956,     61.7566,      3.4953,      0.0000,     -0.0313,      0.8048,      0.1380,      5.5117,     11.0235,      1.2197,     28.4612,     56.9224,      0.0190,      0.0006,      0.0156,      0.1990,   7597.4946,-417605.0938,   -978.8028,    544.2034,  25324.9785,
       1,     167,     111,       6,       1,       3,       1,     10.0000,      1.3884,     42.4191,    245.3956,     61.7566,      3.4953,      0.0000,     -0.0311,      0.8847,      0.1350,      5.5117,     11.0235,      1.1928,     28.4612,     56.9224,      0.0190,      0.0007,      0.0156,      0.1990,   7597.4937,-417729.1250,   -978.9189,    544.1949,  25324.9805,
       1,     167,     111,       7,       1,       3,       1,     10.0000,      1.3884,     42.4191,    245.3956,     61.7566,      3.4953,      0.0000,     -0.0311,      1.0639,      0.1330,      5.5117,     11.0235,      1.1748,     28.4612,     56.9224,      0.0190,      0.0008,      0.0156,      0.1990,   7597.4946,-417841.6875,   -979.0541,    544.1873,  25324.9805,
       1,     167,     111,       8,       1,       3,       1,     10.0000,      1.3884,     42.4191,    245.3956,     61.7566,      3.4953,      0.0150,     -0.0160,      0.1416,      0.1295,      5.5117,     11.0235,      1.1442,     28.4612,     56.9224,      0.0190,      0.0008,      0.0023,      0.1990,   7597.4946,-418079.8125,   -979.2494,    544.1711,  25324.9785,
       1,     167,     111,       9,       1,       3,       1,     10.0000,      1.3884,     42.4191,    245.3956,     61.7566,      3.4953,      0.1214,      0.0905,      7.6113,      0.1292,      5.5117,     11.0235,      1.1419,     28.4612,     56.9224,      0.0190,      0.0006,      0.1567,      0.1990,   7597.4937,-416924.8750,   -979.1631,    544.2498,  25324.9785,
       1,     167,     111,      10,       1,       3,       1,     10.0000,      1.3884,     42.4191,    245.3956,     61.7566,      3.4953,      0.1580,      0.1269,      7.9600,      0.1331,      5.5117,     11.0235,      1.1760,     28.4612,     56.9224,      0.0190,      0.0005,      0.2100,      0.1990,   7597.4937,-426347.4062,   -967.1606,    543.6086,  25324.9824,
       1,     167,     111,      11,       1,       3,       1,     10.0000,      1.3884,     42.4191,    245.3956,     61.7566,      3.4953,      0.1350,      0.1035,      5.6576,      0.1431,      5.5117,     11.0235,      1.2649,     28.4612,     56.9224,      0.0190,      0.0004,      0.1766,      0.1990,   7597.4951,-427609.7500,   -941.4465,    543.5233,  25324.9824,
       1,     167,     111,      12,       1,       3,       1,     10.0000,      1.3884,     42.4191,    245.3956,     61.7566,      3.4953,      0.1852,      0.1533,      8.0030,      0.1566,      5.5117,     11.0235,      1.3834,     28.4612,     56.9224,      0.0190,      0.0004,      0.2500,      0.1990,   7597.4951,-424782.9375,   -941.5596,    543.7153,  25324.9824,
       1,     167,     111,      13,       1,       3,       1,     10.0000,      1.3884,     42.4191,    245.3956,     61.7566,      3.4953,      0.1586,      0.1258,      7.9786,      0.1842,      5.5117,     11.0235,      1.6277,     28.4612,     56.9224,      0.0190,      0.0005,      0.2110,      0.1990,   7597.4951,-427528.6562,   -943.4542,    543.5288,  25324.9824,
       1,     167,     111,      14,       1,       3,       1,     10.0000,      1.3884,     42.4191,    245.3956,     61.7566,      3.4953,      0.1599,      0.1267,     10.4149,      0.1957,      5.5117,     11.0235,      1.7290,     28.4612,     56.9224,      0.0190,      0.0006,      0.2127,      0.1990,   7597.4951,-427735.3438,   -944.4253,    543.5148,  25324.9824,
       1,     167,     111,      15,       1,       3,       1,     10.0000,      1.3884,     42.4191,    245.3956,     61.7566,      3.4953,      0.0687,      0.0351,      3.8130,      0.2113,      5.5117,     11.0235,      1.8672,     28.4612,     56.9224,      0.0190,      0.0006,      0.0782,      0.1990,   7597.4951,-430859.7500,   -945.9397,    543.3025,  25324.9805,
       1,     167,     111,      16,       1,       3,       1,     10.0000,      1.3884,     42.4191,    245.3956,     61.7566,      3.4953,      0.1141,      0.0802,     11.0917,      0.2196,      5.5117,     11.0235,      1.9401,     28.4612,     56.9224,      0.0190,      0.0010,      0.1446,      0.1990,   7597.4946,-422712.7500,   -944.6257,    543.8558,  25324.9785,
       1,     167,     111,      17,       1,       3,       1,     10.0000,      1.3884,     42.4191,    245.3956,     61.7566,      3.4953,      0.1357,      0.1027,     27.4304,      0.1898,      5.5117,     11.0235,      1.6768,     28.4612,     56.9224,      0.0190,      0.0019,      0.1750,      0.1990,   7597.4937,-431287.7500,   -946.7737,    543.2732,  25324.9785,
       1,     167,     111,      18,       1,       3,       1,     10.0000,      1.3884,     42.4191,    245.3956,     61.7566,      3.4953,      0.1188,      0.0861,     46.3392,      0.1822,      5.5117,     11.0235,      1.6100,     28.4612,     56.9224,      0.0190,      0.0039,      0.1479,      0.1990,   7597.4937,-452865.5625,   -951.8383,    541.8081,  25324.9766,
       1,     167,     111,      19,       1,       3,       1,     10.0000,      1.3884,     42.4191,    245.3956,     61.7566,      3.4953,      0.0668,      0.0342,     26.4660,      0.1754,      5.5117,     11.0235,      1.5503,     28.4612,     56.9224,      0.0190,      0.0045,      0.0735,      0.1990,   7597.4932,-478858.9688,   -958.1583,    540.0496,  25324.9746,
       1,     167,     111,      20,       1,       3,       1,     10.0000,      1.3884,     42.4191,    245.3956,     61.7566,      3.4953,      0.0120,     -0.0201,      6.5082,      0.1612,      5.5117,     11.0235,      1.4242,     28.4612,     56.9224,      0.0190,      0.0052,      0.0156,      0.1989,   7597.4927,-455755.0625,   -954.6218,    541.6122,  25324.9688,
       1,     167,     111,      21,       1,       3,       1,     10.0000,      1.3884,     42.4191,    245.3956,     61.7566,      3.4953,      0.0000,     -0.0317,      6.5576,      0.1507,      5.5117,     11.0235,      1.3316,     28.4612,     56.9224,      0.0190,      0.0052,      0.0156,      0.1990,   7597.4907,-428303.3125,   -949.9468,    543.4730,  25324.9668,
       1,     167,     111,      22,       1,       3,       1,     10.0000,      1.3884,     42.4191,    245.3956,     61.7566,      3.4953,      0.0000,     -0.0316,      5.4635,      0.1480,      5.5117,     11.0235,      1.3077,     28.4612,     56.9224,      0.0190,      0.0044,      0.0156,      0.1990,   7597.4902,-425996.6562,   -950.1274,    543.6328,  25324.9648,
       1,     167,     111,      23,       1,       3,       1,     10.0000,      1.3884,     42.4191,    245.3956,     61.7566,      3.4953,      0.0000,     -0.0317,      4.8841,      0.1490,      5.5117,     11.0235,      1.3169,     28.4612,     56.9224,      0.0190,      0.0039,      0.0156,      0.1990,   7597.4897,-424398.0000,   -950.3317,    543.7415,  25324.9629,
       1,     167,     111,      24,       1,       3,       1,     10.0000,      1.3884,     42.4191,    245.3956,     61.7566,      3.4953,      0.0000,     -0.0313,      4.3056,      0.1390,      5.5117,     11.0235,      1.2284,     28.4612,     56.9224,      0.0190,      0.0034,      0.0156,      0.1990,   7597.4893,-423520.7812,   -950.5522,    543.8011,  25324.9629,
       1,     167,     112,       1,       1,       3,       1,     10.0000,      1.3884,     42.4194,    245.4015,     61.7581,      3.4953,      0.0000,     -0.0309,      3.3083,      0.1275,      5.5124,     11.0248,      1.1269,     28.4578,     56.9157,      0.0190,      0.0026,      0.0156,      0.1990,   7597.4893,-422864.0938,   -913.4809,    543.8588,  25326.1309,
       1,     167,     112,       2,       1,       3,       1,     10.0000,      1.3884,     42.4194,    245.4015,     61.7581,      3.4953,      0.0000,     -0.0307,      2.2630,      0.1246,      5.5124,     11.0248,      1.1009,     28.4578,     56.9157,      0.0190,      0.0018,      0.0156,      0.1990,   7597.8394,-421378.8125,   -912.2688,    543.9598,  25326.1309,
       1,     167,     112,       3,       1,       3,       1,     10.0000,      1.3884,     42.4194,    245.4015,     61.7581,      3.4953,      0.0000,     -0.0309,      1.8443,      0.1283,      5.5124,     11.0248,      1.1338,     28.4578,     56.9157,      0.0190,      0.0015,      0.0156,      0.1990,   7597.8394,-419917.5312,   -912.2812,    544.0592,  25326.1309,
       1,     167,     112,       4,       1,       3,       1,     10.0000,      1.3884,     42.4194,    245.4015,     61.7581,      3.4953,      0.0000,     -0.0308,      1.7008,      0.1271,      5.5124,     11.0248,      1.1235,     28.4578,     56.9157,      0.0190,      0.0014,      0.0156,      0.1990,   7597.8394,-419257.0000,   -912.3742,    544.1041,  25326.1309,
       1,     167,     112,       5,       1,       3,       1,     10.0000,      1.3884,     42.4194,    245.4015,     61.7581,      3.4953,      0.0000,     -0.0309,      0.9197,      0.1274,      5.5124,     11.0248,      1.1258,     28.4578,     56.9157,      0.0190,      0.0007,      0.0156,      0.1990,   7597.8394,-419016.8750,   -912.4655,    544.1205,  25326.1309,
       1,     167,     112,       6,       1,       3,       1,     10.0000,      1.3884,     42.4194,    245.4015,     61.7581,      3.4953,      0.0000,     -0.0309,      0.4454,      0.1286,      5.5124,     11.0248,      1.1361,     28.4578,     56.9157,      0.0190,      0.0004,      0.0156,      0.1990,   7597.8394,-418000.2500,   -911.2159,    544.1895,  25326.1309,
       1,     167,     112,       7,       1,       3,       1,     10.0000,      1.3884,     42.4194,    245.4015,     61.7581,      3.4953,      0.0000,     -0.0309,      0.3878,      0.1279,      5.5124,     11.0248,      1.1304,     28.4578,     56.9157,      0.0190,      0.0003,      0.0156,      0.1990,   7597.8394,-417307.6875,   -911.1146,    544.2367,  25326.1309,
       1,     167,     112,       8,       1,       3,       1,     10.0000,      1.3884,     42.4194,    245.4015,     61.7581,      3.4953,      0.0185,     -0.0124,      0.1951,      0.1275,      5.5124,     11.0248,      1.1269,     28.4578,     56.9157,      0.0190,      0.0003,      0.0075,      0.1990,   7597.8394,-417174.0938,   -911.1030,    544.2458,  25326.1289,
       1,     167,     112,       9,       1,       3,       1,     10.0000,      1.3884,     42.4194,    245.4015,     61.7581,      3.4953,      0.1480,      0.1167,      5.5419,      0.1372,      5.5124,     11.0248,      1.2123,     28.4578,     56.9157,      0.0190,      0.0004,      0.1957,      0.1990,   7597.8389,-416917.2500,   -911.1371,    544.2632,  25326.1289,
       1,     167,     112,      10,       1,       3,       1,     10.0000,      1.3884,     42.4194,    245.4015,     61.7581,      3.4953,      0.1755,      0.1437,      6.7111,      0.1534,      5.5124,     11.0248,      1.3559,     28.4578,     56.9157,      0.0190,      0.0004,      0.2359,      0.1990,   7597.8389,-423710.5312,   -913.2749,    543.8011,  25326.1328,
       1,     167,     112,      11,       1,       3,       1,     10.0000,      1.3884,     42.4194,    245.4015,     61.7581,      3.4953,      0.1815,      0.1483,      8.5614,      0.1970,      5.5124,     11.0248,      1.7411,     28.4578,     56.9157,      0.0190,      0.0004,      0.2449,      0.1990,   7597.8403,-425790.1875,   -914.9644,    543.6599,  25326.1309,
       1,     167,     112,      12,       1,       3,       1,     10.0000,      1.3884,     42.4194,    245.4015,     61.7581,      3.4953,      0.1849,      0.1512,      8.8802,      0.2126,      5.5124,     11.0248,      1.8783,     28.4578,     56.9157,      0.0190,      0.0004,      0.2500,      0.1990,   7597.8394,-428329.3750,   -916.9448,    543.4874,  25326.1328,
       1,     167,     112,      13,       1,       3,       1,     10.0000,      1.3884,     42.4194,    245.4015,     61.7581,      3.4953,      0.1810,      0.1472,      8.7809,      0.2170,      5.5124,     11.0248,      1.9174,     28.4578,     56.9157,      0.0190,      0.0004,      0.2443,      0.1990,   7597.8403,-428955.7188,   -918.5037,    543.4449,  25326.1309,
       1,     167,     112,      14,       1,       3,       1,     10.0000,      1.3884,     42.4194,    245.4015,     61.7581,      3.4953,      0.1849,      0.1511,      9.8827,      0.2181,      5.5124,     11.0248,      1.9269,     28.4578,     56.9157,      0.0190,      0.0005,      0.2500,      0.1990,   7597.8394,-428883.5938,   -919.3917,    543.4498,  25326.1309,
       1,     167,     112,      15,       1,       3,       1,     10.0000,      1.3884,     42.4194,    245.4015,     61.7581,      3.4953,      0.1857,      0.1522,     19.0435,      0.2074,      5.5124,     11.0248,      1.8327,     28.4578,     56.9157,      0.0190,      0.0009,      0.2500,      0.1990,   7597.8394,-430282.0000,   -920.3920,    543.3547,  25326.1309,
       1,     167,     112,      16,       1,       3,       1,     10.0000,      1.3884,     42.4194,    245.4015,     61.7581,      3.4953,      0.1665,      0.1341,     63.6935,      0.1715,      5.5124,     11.0248,      1.5152,     28.4578,     56.9157,      0.0190,      0.0037,      0.2161,      0.1990,   7597.8394,-442082.8125,   -916.5894,    542.5533,  25326.1309,
       1,     167,     112,      17,       1,       3,       1,     10.0000,      1.3884,     42.4194,    245.4015,     61.7581,      3.4953,      0.1350,      0.1022,     67.0720,      0.1837,      5.5124,     11.0248,      1.6229,     28.4578,     56.9157,      0.0190,      0.0049,      0.1694,      0.1990,   7597.8394,-500043.5625,   -927.0276,    538.6230,  25326.1309,
       1,     167,     112,      18,       1,       3,       1,     10.0000,      1.3884,     42.4194,    245.4015,     61.7581,      3.4953,      0.0988,      0.0661,     50.0530,      0.1811,      5.5124,     11.0248,      1.6005,     28.4578,     56.9157,      0.0190,      0.0053,      0.1179,      0.1989,   7597.8394,-509412.0000,   -930.2645,    538.0065,  25326.1309,
       1,     167,     112,      19,       1,       3,       1,     10.0000,      1.3884,     42.4194,    245.4015,     61.7581,      3.4953,      0.0752,      0.0427,     34.8777,      0.1763,      5.5124,     11.0248,      1.5581,     28.4578,     56.9157,      0.0190,      0.0051,      0.0850,      0.1989,   7597.8394,-488479.0938,   -927.8662,    539.4146,  25326.1289,
       1,     167,     112,      20,       1,       3,       1,     10.0000,      1.3884,     42.4194,    245.4015,     61.7581,      3.4953,      0.0127,     -0.0196,      5.3851,      0.1672,      5.5124,     11.0248,      1.4779,     28.4578,     56.9157,      0.0190,      0.0043,      0.0156,      0.1990,   7597.8389,-467312.4688,   -925.1647,    540.8436,  25326.1289,
       1,     167,     112,      21,       1,       3,       1,     10.0000,      1.3884,     42.4194,    245.4015,     61.7581,      3.4953,      0.0000,     -0.0321,      2.6518,      0.1623,      5.5124,     11.0248,      1.4342,     28.4578,     56.9157,      0.0190,      0.0021,      0.0156,      0.1990,   7597.8389,-427864.2188,   -918.7499,    543.5125,  25326.1289,
       1,     167,     112,      22,       1,       3,       1,     10.0000,      1.3884,     42.4194,    245.4015,     61.7581,      3.4953,      0.0000,     -0.0320,      3.9571,      0.1600,      5.5124,     11.0248,      1.4142,     28.4578,     56.9157,      0.0190,      0.0032,      0.0156,      0.1990,   7597.8389,-420983.5938,   -917.7766,    543.9865,  25326.1289,
       1,     167,     112,      23,       1,       3,       1,     10.0000,      1.3884,     42.4194,    245.4015,     61.7581,      3.4953,      0.0000,     -0.0320,      4.2375,      0.1597,      5.5124,     11.0248,      1.4114,     28.4578,     56.9157,      0.0190,      0.0034,      0.0156,      0.1990,   7597.8389,-422043.4688,   -918.3654,    543.9146,  25326.1289,
       1,     167,     112,      24,       1,       3,       1,     10.0000,      1.3884,     42.4194,    245.4015,     61.7581,      3.4953,      0.0000,     -0.0320,      4.1448,      0.1584,      5.5124,     11.0248,      1.4001,     28.4578,     56.9157,      0.0190,      0.0033,      0.0156,      0.1990,   7597.8389,-422492.5312,   -918.8686,    543.8841,  25326.1289,
       1,     167,     113,       1,       1,       3,       1,     10.0000,      1.3885,     42.4197,    245.4073,     61.7596,      3.4953,      0.0000,     -0.0319,      3.7674,      0.1556,      5.5119,     11.0239,      1.3751,     28.4618,     56.9235,      0.0190,      0.0030,      0.0156,      0.1990,   7597.8389,-422570.0938,   -919.5425,    543.8918,  25327.2754,
       1,     167,     113,       2,       1,       3,       1,     10.0000,      1.3885,     42.4197,    245.4073,     61.7596,      3.4953,      0.0000,     -0.0319,      2.8542,      0.1550,      5.5119,     11.0239,      1.3696,     28.4618,     56.9235,      0.0190,      0.0023,      0.0156,      0.1990,   7598.1831,-421941.6250,   -919.4988,    543.9346,  25327.2754,
       1,     167,     113,       3,       1,       3,       1,     10.0000,      1.3885,     42.4197,    245.4073,     61.7596,      3.4953,      0.0000,     -0.0318,      2.6601,      0.1536,      5.5119,     11.0239,      1.3573,     28.4618,     56.9235,      0.0190,      0.0021,      0.0156,      0.1990,   7598.1831,-420723.0000,   -919.5145,    544.0174,  25327.2754,
       1,     167,     113,       4,       1,       3,       1,     10.0000,      1.3885,     42.4197,    245.4073,     61.7596,      3.4953,      0.0000,     -0.0317,      2.8029,      0.1515,      5.5119,     11.0239,      1.3383,     28.4618,     56.9235,      0.0190,      0.0022,      0.0156,      0.1990,   7598.1831,-420369.9375,   -919.6694,    544.0413,  25327.2754,
       1,     167,     113,       5,       1,       3,       1,     10.0000,      1.3885,     42.4197,    245.4073,     61.7596,      3.4953,      0.0000,     -0.0315,      2.9333,      0.1446,      5.5119,     11.0239,      1.2778,     28.4618,     56.9235,      0.0190,      0.0023,      0.0156,      0.1990,   7598.1831,-420521.4375,   -919.9268,    544.0310,  25327.2734,
       1,     167,     113,       6,       1,       3,       1,     10.0000,      1.3885,     42.4197,    245.4073,     61.7596,      3.4953,      0.0000,     -0.0314,      2.5144,      0.1420,      5.5119,     11.0239,      1.2548,     28.4618,     56.9235,      0.0190,      0.0020,      0.0156,      0.1990,   7598.1821,-420701.0625,   -920.1932,    544.0189,  25327.2754,
       1,     167,     113,       7,       1,       3,       1,     10.0000,      1.3885,     42.4197,    245.4073,     61.7596,      3.4953,      0.0000,     -0.0313,      2.1088,      0.1382,      5.5119,     11.0239,      1.2210,     28.4618,     56.9235,      0.0190,      0.0017,      0.0156,      0.1990,   7598.1831,-420182.3438,   -920.2911,    544.0542,  25327.2754,
       1,     167,     113,       8,       1,       3,       1,     10.0000,      1.3885,     42.4197,    245.4073,     61.7596,      3.4953,      0.0218,     -0.0094,      1.5294,      0.1355,      5.5119,     11.0239,      1.1977,     28.4618,     56.9235,      0.0190,      0.0016,      0.0118,      0.1990,   7598.1831,-419620.3125,   -920.3382,    544.0923,  25327.2754,
       1,     167,     113,       9,       1,       3,       1,     10.0000,      1.3885,     42.4197,    245.4073,     61.7596,      3.4953,      0.1278,      0.0961,     23.4873,      0.1505,      5.5119,     11.0239,      1.3303,     28.4618,     56.9235,      0.0190,      0.0018,      0.1639,      0.1990,   7598.1831,-418833.1875,   -920.3526,    544.1459,  25327.2754,
       1,     167,     113,      10,       1,       3,       1,     10.0000,      1.3885,     42.4197,    245.4073,     61.7596,      3.4953,      0.1686,      0.1361,     37.0694,      0.1749,      5.5119,     11.0239,      1.5457,     28.4618,     56.9235,      0.0190,      0.0021,      0.2223,      0.1990,   7598.1831,-446752.2188,   -925.8397,    542.2469,  25327.2773,
       1,     167,     113,      11,       1,       3,       1,     10.0000,      1.3885,     42.4197,    245.4073,     61.7596,      3.4953,      0.1878,      0.1545,     48.3778,      0.2010,      5.5119,     11.0239,      1.7758,     28.4618,     56.9235,      0.0190,      0.0024,      0.2496,      0.1990,   7598.1836,-466499.5312,   -930.0954,    540.9117,  25327.2773,
       1,     167,     113,      12,       1,       3,       1,     10.0000,      1.3885,     42.4197,    245.4073,     61.7596,      3.4953,      0.1880,      0.1543,     48.2029,      0.2115,      5.5119,     11.0239,      1.8691,     28.4618,     56.9235,      0.0190,      0.0024,      0.2500,      0.1990,   7598.1836,-482632.5938,   -933.9655,    539.8225,  25327.2754,
       1,     167,     113,      13,       1,       3,       1,     10.0000,      1.3885,     42.4197,    245.4073,     61.7596,      3.4953,      0.1879,      0.1540,     47.7290,      0.2193,      5.5119,     11.0239,      1.9383,     28.4618,     56.9235,      0.0190,      0.0024,      0.2500,      0.1990,   7598.1831,-483805.7500,   -935.0822,    539.7445,  25327.2773,
       1,     167,     113,      14,       1,       3,       1,     10.0000,      1.3885,     42.4197,    245.4073,     61.7596,      3.4953,      0.1892,      0.1554,     63.4694,      0.2153,      5.5119,     11.0239,      1.9025,     28.4618,     56.9235,      0.0190,      0.0032,      0.2500,      0.1990,   7598.1836,-483300.6250,   -935.8557,    539.7786,  25327.2754,
       1,     167,     113,      15,       1,       3,       1,     10.0000,      1.3885,     42.4197,    245.4073,     61.7596,      3.4953,      0.1912,      0.1575,     89.0360,      0.2119,      5.5119,     11.0239,      1.8728,     28.4618,     56.9235,      0.0190,      0.0044,      0.2500,      0.1990,   7598.1831,-503339.3438,   -940.4041,    538.4265,  25327.2734,
       1,     167,     113,      16,       1,       3,       1,     10.0000,      1.3885,     42.4197,    245.4073,     61.7596,      3.4953,      0.1853,      0.1520,    112.8418,      0.2000,      5.5119,     11.0239,      1.7671,     28.4618,     56.9235,      0.0190,      0.0059,      0.2385,      0.1990,   7598.1821,-537704.5000,   -947.6971,    536.1154,  25327.2734,
       1,     167,     113,      17,       1,       3,       1,     10.0000,      1.3885,     42.4197,    245.4073,     61.7596,      3.4953,      0.1834,      0.1505,    121.4921,      0.1879,      5.5119,     11.0239,      1.6603,     28.4618,     56.9235,      0.0190,      0.0064,      0.2345,      0.1989,   7598.1821,-571083.5625,   -954.8944,    533.8834,  25327.2734,
       1,     167,     113,      18,       1,       3,       1,     10.0000,      1.3885,     42.4197,    245.4073,     61.7596,      3.4953,      0.1625,      0.1297,    108.9769,      0.1831,      5.5119,     11.0239,      1.6181,     28.4618,     56.9235,      0.0190,      0.0066,      0.2051,      0.1989,   7598.1821,-585025.5625,   -958.4944,    532.9576,  25327.2695,
       1,     167,     113,      19,       1,       3,       1,     10.0000,      1.3885,     42.4197,    245.4073,     61.7596,      3.4953,      0.0884,      0.0560,     51.1879,      0.1725,      5.5119,     11.0239,      1.5243,     28.4618,     56.9235,      0.0190,      0.0062,      0.1026,      0.1989,   7598.1812,-570232.1250,   -956.5674,    533.9440,  25327.2695,
       1,     167,     113,      20,       1,       3,       1,     10.0000,      1.3885,     42.4197,    245.4073,     61.7596,      3.4953,      0.0111,     -0.0211,      7.2999,      0.1648,      5.5119,     11.0239,      1.4559,     28.4618,     56.9235,      0.0190,      0.0058,      0.0156,      0.1989,   7598.1812,-495124.2188,   -942.8660,    538.9578,  25327.2676,
       1,     167,     113,      21,       1,       3,       1,     10.0000,      1.3885,     42.4197,    245.4073,     61.7596,      3.4953,      0.0000,     -0.0319,      6.3197,      0.1553,      5.5119,     11.0239,      1.3724,     28.4618,     56.9235,      0.0190,      0.0050,      0.0156,      0.1990,   7598.1807,-432718.5938,   -931.1976,    543.1856,  25327.2676,
       1,     167,     113,      22,       1,       3,       1,     10.0000,      1.3885,     42.4197,    245.4073,     61.7596,      3.4953,      0.0000,     -0.0319,      5.7707,      0.1570,      5.5119,     11.0239,      1.3876,     28.4618,     56.9235,      0.0190,      0.0046,      0.0156,      0.1990,   7598.1807,-426096.0312,   -930.0056,    543.6520,  25327.2676,
       1,     167,     113,      23,       1,       3,       1,     10.0000,      1.3885,     42.4197,    245.4073,     61.7596,      3.4953,      0.0000,     -0.0317,      5.0654,      0.1502,      5.5119,     11.0239,      1.3276,     28.4618,     56.9235,      0.0190,      0.0040,      0.0156,      0.1990,   7598.1807,-424801.7500,   -929.8054,    543.7401,  25327.2656,
       1,     167,     113,      24,       1,       3,       1,     10.0000,      1.3885,     42.4197,    245.4073,     61.7596,      3.4953,      0.0000,     -0.0317,      4.4446,      0.1493,      5.5119,     11.0239,      1.3196,     28.4618,     56.9235,      0.0190,      0.0035,      0.0156,      0.1990,   7598.1802,-423790.4375,   -929.6469,    543.8088,  25327.2656,
       1,     167,     114,       1,       1,       3,       1,     10.0000,      1.3885,     42.4201,    245.4132,     61.7610,      3.4953,      0.0000,     -0.0314,      3.8924,      0.1427,      5.5119,     11.0237,      1.2611,     28.4691,     56.9382,      0.0190,      0.0031,      0.0156,      0.1991,   7598.1802,-423068.6875,   -929.8156,    543.8708,  25328.4160,
       1,     167,     114,       2,       1,       3,       1,     10.0000,      1.3885,     42.4201,    245.4132,     61.7610,      3.4953,      0.0000,     -0.0314,      3.0735,      0.1419,      5.5119,     11.0237,      1.2535,     28.4691,     56.9382,      0.0190,      0.0024,      0.0156,      0.1991,   7598.5249,-422147.4375,   -929.3814,    543.9335,  25328.4160,
       1,     167,     114,       3,       1,       3,       1,     10.0000,      1.3885,     42.4201,    245.4132,     61.7610,      3.4953,      0.0000,     -0.0314,      3.2310,      0.1406,      5.5119,     11.0237,      1.2422,     28.4691,     56.9382,      0.0190,      0.0026,      0.0156,      0.1991,   7598.5249,-421023.9062,   -929.1798,    544.0099,  25328.4160,
       1,     167,     114,       4,       1,       3,       1,     10.0000,      1.3885,     42.4201,    245.4132,     61.7610,      3.4953,      0.0000,     -0.0314,      2.1980,      0.1411,      5.5119,     11.0237,      1.2472,     28.4691,     56.9382,      0.0190,      0.0018,      0.0156,      0.1991,   7598.5249,-421127.3438,   -929.2098,    544.0029,  25328.4160,
       1,     167,     114,       5,       1,       3,       1,     10.0000,      1.3885,     42.4201,    245.4132,     61.7610,      3.4953,      0.0000,     -0.0313,      2.6088,      0.1403,      5.5119,     11.0237,      1.2397,     28.4691,     56.9382,      0.0190,      0.0021,      0.0156,      0.1991,   7598.5249,-419819.7500,   -928.9673,    544.0917,  25328.4180,
       1,     167,     114,       6,       1,       3,       1,     10.0000,      1.3885,     42.4201,    245.4132,     61.7610,      3.4953,      0.0000,     -0.0312,      2.2097,      0.1375,      5.5119,     11.0237,      1.2148,     28.4691,     56.9382,      0.0190,      0.0018,      0.0156,      0.1991,   7598.5259,-420229.7188,   -929.0510,    544.0638,  25328.4160,
       1,     167,     114,       7,       1,       3,       1,     10.0000,      1.3885,     42.4201,    245.4132,     61.7610,      3.4953,      0.0000,     -0.0311,      1.9595,      0.1340,      5.5119,     11.0237,      1.1845,     28.4691,     56.9382,      0.0190,      0.0016,      0.0156,      0.1991,   7598.5249,-419756.8750,   -928.9658,    544.0959,  25328.4180,
       1,     167,     114,       8,       1,       3,       1,     10.0000,      1.3885,     42.4201,    245.4132,     61.7610,      3.4953,      0.0032,     -0.0279,      1.7294,      0.1330,      5.5119,     11.0237,      1.1749,     28.4691,     56.9382,      0.0190,      0.0014,      0.0156,      0.1991,   7598.5259,-419396.8750,   -928.9000,    544.1205,  25328.4160,
       1,     167,     114,       9,       1,       3,       1,     10.0000,      1.3885,     42.4201,    245.4132,     61.7610,      3.4953,      0.0357,      0.0039,      4.0951,      0.1518,      5.5119,     11.0237,      1.3411,     28.4691,     56.9382,      0.0190,      0.0016,      0.0312,      0.1991,   7598.5249,-419072.5000,   -928.8411,    544.1425,  25328.4160,
       1,     167,     114,      10,       1,       3,       1,     10.0000,      1.3885,     42.4201,    245.4132,     61.7610,      3.4953,      0.1354,      0.1031,     25.8924,      0.1668,      5.5119,     11.0237,      1.4735,     28.4691,     56.9382,      0.0190,      0.0018,      0.1747,      0.1991,   7598.5249,-422059.4688,   -929.4208,    543.9395,  25328.4141,
       1,     167,     114,      11,       1,       3,       1,     10.0000,      1.3885,     42.4201,    245.4132,     61.7610,      3.4953,      0.1778,      0.1452,     40.7070,      0.1767,      5.5119,     11.0237,      1.5612,     28.4691,     56.9382,      0.0190,      0.0021,      0.2354,      0.1991,   7598.5244,-450099.1250,   -934.8727,    542.0330,  25328.4160,
       1,     167,     114,      12,       1,       3,       1,     10.0000,      1.3885,     42.4201,    245.4132,     61.7610,      3.4953,      0.1815,      0.1486,     49.8271,      0.1877,      5.5119,     11.0237,      1.6587,     28.4691,     56.9382,      0.0190,      0.0026,      0.2400,      0.1990,   7598.5249,-471426.5312,   -939.1135,    540.5912,  25328.4160,
       1,     167,     114,      13,       1,       3,       1,     10.0000,      1.3885,     42.4201,    245.4132,     61.7610,      3.4953,      0.1498,      0.1167,     43.2765,      0.1953,      5.5119,     11.0237,      1.7257,     28.4691,     56.9382,      0.0190,      0.0028,      0.1940,      0.1990,   7598.5249,-484904.9688,   -941.9023,    539.6824,  25328.4141,
       1,     167,     114,      14,       1,       3,       1,     10.0000,      1.3885,     42.4201,    245.4132,     61.7610,      3.4953,      0.1103,      0.0772,     39.4702,      0.1913,      5.5119,     11.0237,      1.6902,     28.4691,     56.9382,      0.0190,      0.0036,      0.1359,      0.1990,   7598.5244,-477713.3125,   -940.7224,    540.1683,  25328.4141,
       1,     167,     114,      15,       1,       3,       1,     10.0000,      1.3885,     42.4201,    245.4132,     61.7610,      3.4953,      0.1442,      0.1109,     69.8972,      0.1990,      5.5119,     11.0237,      1.7584,     28.4691,     56.9382,      0.0190,      0.0048,      0.1825,      0.1990,   7598.5244,-472236.4688,   -939.8425,    540.5383,  25328.4121,
       1,     167,     114,      16,       1,       3,       1,     10.0000,      1.3885,     42.4201,    245.4132,     61.7610,      3.4953,      0.0994,      0.0660,     53.4401,      0.2026,      5.5119,     11.0237,      1.7899,     28.4691,     56.9382,      0.0190,      0.0056,      0.1181,      0.1990,   7598.5239,-510571.5938,   -947.4847,    537.9483,  25328.4121,
       1,     167,     114,      17,       1,       3,       1,     10.0000,      1.3885,     42.4201,    245.4132,     61.7610,      3.4953,      0.1297,      0.0966,     82.7744,      0.1949,      5.5119,     11.0237,      1.7223,     28.4691,     56.9382,      0.0190,      0.0064,      0.1596,      0.1990,   7598.5239,-492899.8125,   -944.3133,    539.1428,  25328.4141,
       1,     167,     114,      18,       1,       3,       1,     10.0000,      1.3885,     42.4201,    245.4132,     61.7610,      3.4953,      0.0949,      0.0621,     59.1744,      0.1809,      5.5119,     11.0237,      1.5989,     28.4691,     56.9382,      0.0190,      0.0066,      0.1110,      0.1990,   7598.5244,-528796.9375,   -951.5558,    536.7249,  25328.4121,
       1,     167,     114,      19,       1,       3,       1,     10.0000,      1.3885,     42.4201,    245.4132,     61.7610,      3.4953,      0.0239,     -0.0086,      6.4183,      0.1742,      5.5119,     11.0237,      1.5396,     28.4691,     56.9382,      0.0190,      0.0063,      0.0127,      0.1990,   7598.5239,-501784.3125,   -946.5822,    538.5425,  25328.4102,
       1,     167,     114,      20,       1,       3,       1,     10.0000,      1.3885,     42.4201,    245.4132,     61.7610,      3.4953,      0.0041,     -0.0279,      8.2463,      0.1605,      5.5119,     11.0237,      1.4186,     28.4691,     56.9382,      0.0190,      0.0066,      0.0156,      0.1990,   7598.5234,-432138.1250,   -933.0897,    543.2341,  25328.4121,
       1,     167,     114,      21,       1,       3,       1,     10.0000,      1.3885,     42.4201,    245.4132,     61.7610,      3.4953,      0.0000,     -0.0318,      8.0937,      0.1521,      5.5119,     11.0237,      1.3438,     28.4691,     56.9382,      0.0190,      0.0064,      0.0156,      0.1991,   7598.5239,-428508.8750,   -932.3165,    543.5010,  25328.4082,
       1,     167,     114,      22,       1,       3,       1,     10.0000,      1.3885,     42.4201,    245.4132,     61.7610,      3.4953,      0.0000,     -0.0317,      7.7204,      0.1490,      5.5119,     11.0237,      1.3170,     28.4691,     56.9382,      0.0190,      0.0061,      0.0156,      0.1991,   7598.5229,-427974.6875,   -932.1415,    543.5374,  25328.4062,
       1,     167,     114,      23,       1,       3,       1,     10.0000,      1.3885,     42.4201,    245.4132,     61.7610,      3.4953,      0.0000,     -0.0316,      6.7831,      0.1481,      5.5119,     11.0237,      1.3091,     28.4691,     56.9382,      0.0190,      0.0054,      0.0156,      0.1991,   7598.5220,-427452.7500,   -931.9671,    543.5729,  25328.4102,
       1,     167,     114,      24,       1,       3,       1,     10.0000,      1.3885,     42.4201,    245.4132,     61.7610,      3.4953,      0.0000,     -0.0316,      6.5412,      0.1478,      5.5119,     11.0237,      1.3064,     28.4691,     56.9382,      0.0190,      0.0052,      0.0156,      0.1991,   7598.5234,-426212.3750,   -931.6604,    543.6571,  25328.4082,
       1,     167,     115,       1,       1,       3,       1,     10.0000,      1.3885,     42.4204,    245.4191,     61.7625,      3.4953,      0.0000,     -0.0316,      5.8682,      0.1473,      5.5135,     11.0269,      1.3012,     28.4617,     56.9234,      0.0190,      0.0047,      0.0156,      0.1991,   7598.5229,-425953.8438,   -931.8331,    543.6878,  25329.5586,
       1,     167,     115,       2,       1,       3,       1,     10.0000,      1.3885,     42.4204,    245.4191,     61.7625,      3.4953,      0.0000,     -0.0316,      4.9465,      0.1471,      5.5135,     11.0269,      1.2999,     28.4617,     56.9234,      0.0190,      0.0039,      0.0156,      0.1991,   7598.8677,-424918.6562,   -931.2913,    543.7581,  25329.5605,
       1,     167,     115,       3,       1,       3,       1,     10.0000,      1.3885,     42.4204,    245.4191,     61.7625,      3.4953,      0.0000,     -0.0315,      4.5444,      0.1436,      5.5135,     11.0269,      1.2688,     28.4617,     56.9234,      0.0190,      0.0036,      0.0156,      0.1991,   7598.8687,-423654.2188,   -930.9948,    543.8441,  25329.5566,
       1,     167,     115,       4,       1,       3,       1,     10.0000,      1.3885,     42.4204,    245.4191,     61.7625,      3.4953,      0.0000,     -0.0316,      4.4147,      0.1465,      5.5135,     11.0269,      1.2947,     28.4617,     56.9234,      0.0190,      0.0035,      0.0156,      0.1991,   7598.8672,-423032.6562,   -930.8293,    543.8863,  25329.5605,
       1,     167,     115,       5,       1,       3,       1,     10.0000,      1.3885,     42.4204,    245.4191,     61.7625,      3.4953,      0.0000,     -0.0315,      4.1766,      0.1450,      5.5135,     11.0269,      1.2817,     28.4617,     56.9234,      0.0190,      0.0033,      0.0156,      0.1991,   7598.8687,-422813.2188,   -930.7377,    543.9013,  25329.5586,
       1,     167,     115,       6,       1,       3,       1,     10.0000,      1.3885,     42.4204,    245.4191,     61.7625,      3.4953,      0.0000,     -0.0314,      3.8589,      0.1430,      5.5135,     11.0269,      1.2637,     28.4617,     56.9234,      0.0190,      0.0031,      0.0156,      0.1991,   7598.8677,-422490.7500,   -930.6306,    543.9232,  25329.5566,
       1,     167,     115,       7,       1,       3,       1,     10.0000,      1.3885,     42.4204,    245.4191,     61.7625,      3.4953,      0.0000,     -0.0314,      3.7265,      0.1417,      5.5135,     11.0269,      1.2523,     28.4617,     56.9234,      0.0190,      0.0030,      0.0156,      0.1991,   7598.8672,-422058.0938,   -930.5070,    543.9526,  25329.5586,
       1,     167,     115,       8,       1,       3,       1,     10.0000,      1.3885,     42.4204,    245.4191,     61.7625,      3.4953,      0.0039,     -0.0276,      3.4325,      0.1459,      5.5135,     11.0269,      1.2895,     28.4617,     56.9234,      0.0190,      0.0027,      0.0156,      0.1991,   7598.8677,-421851.8438,   -930.4286,    543.9666,  25329.5586,
       1,     167,     115,       9,       1,       3,       1,     10.0000,      1.3885,     42.4204,    245.4191,     61.7625,      3.4953,      0.0423,      0.0106,      9.8416,      0.1498,      5.5135,     11.0269,      1.3237,     28.4617,     56.9234,      0.0190,      0.0030,      0.0402,      0.1991,   7598.8677,-421459.3750,   -930.3171,    543.9933,  25329.5586,
       1,     167,     115,      10,       1,       3,       1,     10.0000,      1.3885,     42.4204,    245.4191,     61.7625,      3.4953,      0.0250,     -0.0070,      3.4469,      0.1577,      5.5135,     11.0269,      1.3932,     28.4617,     56.9234,      0.0190,      0.0028,      0.0153,      0.1991,   7598.8677,-429592.6250,   -931.8793,    543.4402,  25329.5566,
       1,     167,     115,      11,       1,       3,       1,     10.0000,      1.3885,     42.4204,    245.4191,     61.7625,      3.4953,      0.0158,     -0.0169,      0.3434,      0.1790,      5.5135,     11.0269,      1.5816,     28.4617,     56.9234,      0.0190,      0.0035,      0.0012,      0.1991,   7598.8672,-422148.4688,   -930.3892,    543.9462,  25329.5586,
       1,     167,     115,      12,       1,       3,       1,     10.0000,      1.3885,     42.4204,    245.4191,     61.7625,      3.4953,      0.0276,     -0.0054,      4.5005,      0.1919,      5.5135,     11.0269,      1.6953,     28.4617,     56.9234,      0.0190,      0.0032,      0.0177,      0.1991,   7598.8677,-417548.6875,   -929.4235,    544.2592,  25329.5566,
       1,     167,     115,      13,       1,       3,       1,     10.0000,      1.3885,     42.4204,    245.4191,     61.7625,      3.4953,      0.0842,      0.0512,     23.6133,      0.1883,      5.5135,     11.0269,      1.6637,     28.4617,     56.9234,      0.0190,      0.0030,      0.0992,      0.1991,   7598.8672,-422447.4688,   -930.3332,    543.9260,  25329.5566,
       1,     167,     115,      14,       1,       3,       1,     10.0000,      1.3885,     42.4204,    245.4191,     61.7625,      3.4953,      0.1574,      0.1242,     52.1478,      0.1970,      5.5135,     11.0269,      1.7412,     28.4617,     56.9234,      0.0190,      0.0032,      0.2041,      0.1991,   7598.8672,-447228.6250,   -935.1980,    542.2412,  25329.5566,
       1,     167,     115,      15,       1,       3,       1,     10.0000,      1.3885,     42.4204,    245.4191,     61.7625,      3.4953,      0.1798,      0.1471,     59.6585,      0.1817,      5.5135,     11.0269,      1.6053,     28.4617,     56.9234,      0.0190,      0.0031,      0.2363,      0.1991,   7598.8672,-485758.7188,   -942.8417,    539.6323,  25329.5566,
       1,     167,     115,      16,       1,       3,       1,     10.0000,      1.3885,     42.4204,    245.4191,     61.7625,      3.4953,      0.1919,      0.1593,     94.8135,      0.1762,      5.5135,     11.0269,      1.5566,     28.4617,     56.9234,      0.0190,      0.0047,      0.2500,      0.1990,   7598.8672,-498686.8750,   -945.5235,    538.7665,  25329.5566,
       1,     167,     115,      17,       1,       3,       1,     10.0000,      1.3885,     42.4204,    245.4191,     61.7625,      3.4953,      0.1697,      0.1375,    100.4948,      0.1666,      5.5135,     11.0269,      1.4721,     28.4617,     56.9234,      0.0190,      0.0058,      0.2166,      0.1990,   7598.8672,-544649.0000,   -954.7749,    535.6718,  25329.5566,
       1,     167,     115,      18,       1,       3,       1,     10.0000,      1.3885,     42.4204,    245.4191,     61.7625,      3.4953,      0.1213,      0.0892,     64.3027,      0.1609,      5.5135,     11.0269,      1.4214,     28.4617,     56.9234,      0.0190,      0.0053,      0.1496,      0.1990,   7598.8672,-555897.9375,   -957.3430,    534.9274,  25329.5547,
       1,     167,     115,      19,       1,       3,       1,     10.0000,      1.3885,     42.4204,    245.4191,     61.7625,      3.4953,      0.0802,      0.0483,     43.0167,      0.1569,      5.5135,     11.0269,      1.3863,     28.4617,     56.9234,      0.0190,      0.0058,      0.0918,      0.1989,   7598.8667,-510641.0312,   -948.7251,    537.9541,  25329.5527,
       1,     167,     115,      20,       1,       3,       1,     10.0000,      1.3885,     42.4204,    245.4191,     61.7625,      3.4953,      0.0185,     -0.0135,      2.3034,      0.1578,      5.5135,     11.0269,      1.3946,     28.4617,     56.9234,      0.0190,      0.0049,      0.0059,      0.1990,   7598.8662,-479603.2188,   -942.7487,    540.0498,  25329.5488,
       1,     167,     115,      21,       1,       3,       1,     10.0000,      1.3885,     42.4204,    245.4191,     61.7625,      3.4953,      0.0000,     -0.0319,      5.2007,      0.1564,      5.5135,     11.0269,      1.3821,     28.4617,     56.9234,      0.0190,      0.0041,      0.0156,      0.1990,   7598.8647,-424998.7812,   -931.9434,    543.7401,  25329.5527,
       1,     167,     115,      22,       1,       3,       1,     10.0000,      1.3885,     42.4204,    245.4191,     61.7625,      3.4953,      0.0000,     -0.0318,      4.8284,      0.1527,      5.5135,     11.0269,      1.3492,     28.4617,     56.9234,      0.0190,      0.0038,      0.0156,      0.1991,   7598.8662,-424001.9688,   -931.6901,    543.8204,  25329.5508,
       1,     167,     115,      23,       1,       3,       1,     10.0000,      1.3885,     42.4204,    245.4191,     61.7625,      3.4953,      0.0000,     -0.0318,      4.3070,      0.1525,      5.5135,     11.0269,      1.3478,     28.4617,     56.9234,      0.0190,      0.0034,      0.0156,      0.1991,   7598.8657,-423425.3750,   -931.5236,    543.8596,  25329.5527,
       1,     167,     115,      24,       1,       3,       1,     10.0000,      1.3885,     42.4204,    245.4191,     61.7625,      3.4953,      0.0000,     -0.0319,      3.8448,      0.1545,      5.5135,     11.0269,      1.3656,     28.4617,     56.9234,      0.0190,      0.0031,      0.0156,      0.1991,   7598.8662,-422710.8438,   -931.3367,    543.9082,  25329.5527,
       1,     167,     116,       1,       1,       3,       1,     10.0000,      1.3885,     42.4207,    245.4249,     61.7640,      3.4953,      0.0000,     -0.0318,      3.8072,      0.1527,      5.5138,     11.0277,      1.3492,     28.4500,     56.9000,      0.0190,      0.0030,      0.0156,      0.1991,   7598.8662,-422217.1562,   -931.4890,    543.9549,  25330.6992,
       1,     167,     116,       2,       1,       3,       1,     10.0000,      1.3885,     42.4207,    245.4249,     61.7640,      3.4953,      0.0000,     -0.0316,      3.4411,      0.1487,      5.5138,     11.0277,      1.3144,     28.4500,     56.9000,      0.0190,      0.0027,      0.0156,      0.1991,   7599.2100,-421971.9688,   -931.1135,    543.9716,  25330.6992,
       1,     167,     116,       3,       1,       3,       1,     10.0000,      1.3885,     42.4207,    245.4249,     61.7640,      3.4953,      0.0000,     -0.0316,      3.1460,      0.1474,      5.5138,     11.0277,      1.3025,     28.4500,     56.9000,      0.0190,      0.0025,      0.0156,      0.1991,   7599.2100,-421484.1875,   -930.9816,    544.0047,  25330.7012,
       1,     167,     116,       4,       1,       3,       1,     10.0000,      1.3885,     42.4207,    245.4249,     61.7640,      3.4953,      0.0000,     -0.0316,      3.1763,      0.1484,      5.5138,     11.0277,      1.3118,     28.4500,     56.9000,      0.0190,      0.0025,      0.0156,      0.1991,   7599.2104,-421065.7812,   -930.8665,    544.0332,  25330.6992,
       1,     167,     116,       5,       1,       3,       1,     10.0000,      1.3885,     42.4207,    245.4249,     61.7640,      3.4953,      0.0000,     -0.0316,      3.1163,      0.1470,      5.5138,     11.0277,      1.2986,     28.4500,     56.9000,      0.0190,      0.0025,      0.0156,      0.1991,   7599.2100,-421068.1875,   -930.8358,    544.0330,  25330.6992,
       1,     167,     116,       6,       1,       3,       1,     10.0000,      1.3885,     42.4207,    245.4249,     61.7640,      3.4953,      0.0000,     -0.0313,      3.1510,      0.1394,      5.5138,     11.0277,      1.2322,     28.4500,     56.9000,      0.0190,      0.0025,      0.0156,      0.1991,   7599.2100,-420992.0312,   -930.7913,    544.0382,  25330.6992,
       1,     167,     116,       7,       1,       3,       1,     10.0000,      1.3885,     42.4207,    245.4249,     61.7640,      3.4953,      0.0000,     -0.0312,      2.7116,      0.1357,      5.5138,     11.0277,      1.1990,     28.4500,     56.9000,      0.0190,      0.0022,      0.0156,      0.1991,   7599.2100,-421029.6875,   -932.4782,    544.0357,  25330.6992,
       1,     167,     116,       8,       1,       3,       1,     10.0000,      1.3885,     42.4207,    245.4249,     61.7640,      3.4953,      0.0080,     -0.0231,      2.5382,      0.1338,      5.5138,     11.0277,      1.1821,     28.4500,     56.9000,      0.0190,      0.0020,      0.0156,      0.1991,   7599.2100,-420473.0312,   -932.3441,    544.0735,  25330.6973,
       1,     167,     116,       9,       1,       3,       1,     10.0000,      1.3885,     42.4207,    245.4249,     61.7640,      3.4953,      0.0916,      0.0605,     17.5443,      0.1324,      5.5138,     11.0277,      1.1702,     28.4500,     56.9000,      0.0190,      0.0019,      0.1119,      0.1991,   7599.2095,-420204.0000,   -933.2615,    544.0918,  25330.6992,
       1,     167,     116,      10,       1,       3,       1,     10.0000,      1.3885,     42.4207,    245.4249,     61.7640,      3.4953,      0.1416,      0.1100,     28.1452,      0.1476,      5.5138,     11.0277,      1.3039,     28.4500,     56.9000,      0.0190,      0.0019,      0.1836,      0.1991,   7599.2100,-439300.6562,   -937.0277,    542.7930,  25330.6992,
       1,     167,     116,      11,       1,       3,       1,     10.0000,      1.3885,     42.4207,    245.4249,     61.7640,      3.4953,      0.1703,      0.1379,     27.9950,      0.1711,      5.5138,     11.0277,      1.5123,     28.4500,     56.9000,      0.0190,      0.0015,      0.2259,      0.1991,   7599.2100,-454470.4688,   -940.0491,    541.7653,  25330.6992,
       1,     167,     116,      12,       1,       3,       1,     10.0000,      1.3885,     42.4207,    245.4249,     61.7640,      3.4953,      0.1525,      0.1194,     14.7195,      0.1943,      5.5138,     11.0277,      1.7173,     28.4500,     56.9000,      0.0190,      0.0009,      0.2013,      0.1991,   7599.2100,-455592.6562,   -940.3011,    541.6903,  25330.6973,
       1,     167,     116,      13,       1,       3,       1,     10.0000,      1.3885,     42.4207,    245.4249,     61.7640,      3.4953,      0.1697,      0.1361,     13.5042,      0.2097,      5.5138,     11.0277,      1.8528,     28.4500,     56.9000,      0.0190,      0.0007,      0.2268,      0.1991,   7599.2095,-438764.8125,   -937.0074,    542.8297,  25330.6973,
       1,     167,     116,      14,       1,       3,       1,     10.0000,      1.3885,     42.4207,    245.4249,     61.7640,      3.4953,      0.1588,      0.1252,     16.0236,      0.2113,      5.5138,     11.0277,      1.8674,     28.4500,     56.9000,      0.0190,      0.0009,      0.2104,      0.1991,   7599.2095,-435763.8438,   -936.3877,    543.0346,  25330.6992,
       1,     167,     116,      15,       1,       3,       1,     10.0000,      1.3885,     42.4207,    245.4249,     61.7640,      3.4953,      0.1610,      0.1271,     18.1583,      0.2211,      5.5138,     11.0277,      1.9537,     28.4500,     56.9000,      0.0190,      0.0011,      0.2135,      0.1991,   7599.2100,-438713.1875,   -936.9650,    542.8344,  25330.6992,
       1,     167,     116,      16,       1,       3,       1,     10.0000,      1.3885,     42.4207,    245.4249,     61.7640,      3.4953,      0.0790,      0.0452,     16.7501,      0.2209,      5.5138,     11.0277,      1.9518,     28.4500,     56.9000,      0.0190,      0.0023,      0.0918,      0.1991,   7599.2100,-441689.2812,   -937.5540,    542.6326,  25330.6973,
       1,     167,     116,      17,       1,       3,       1,     10.0000,      1.3885,     42.4207,    245.4249,     61.7640,      3.4953,      0.0525,      0.0186,     19.2901,      0.2200,      5.5138,     11.0277,      1.9441,     28.4500,     56.9000,      0.0190,      0.0046,      0.0521,      0.1991,   7599.2095,-440152.2500,   -937.2743,    542.7368,  25330.6973,
       1,     167,     116,      18,       1,       3,       1,     10.0000,      1.3885,     42.4207,    245.4249,     61.7640,      3.4953,      0.0746,      0.0415,     35.4402,      0.1943,      5.5138,     11.0277,      1.7173,     28.4500,     56.9000,      0.0190,      0.0053,      0.0836,      0.1991,   7599.2095,-443256.4688,   -937.8762,    542.5262,  25330.6992,
       1,     167,     116,      19,       1,       3,       1,     10.0000,      1.3885,     42.4207,    245.4249,     61.7640,      3.4953,      0.0504,      0.0177,     22.3295,      0.1817,      5.5138,     11.0277,      1.6054,     28.4500,     56.9000,      0.0190,      0.0056,      0.0497,      0.1991,   7599.2100,-464109.8438,   -942.0250,    541.1121,  25330.6973,
       1,     167,     116,      20,       1,       3,       1,     10.0000,      1.3885,     42.4207,    245.4249,     61.7640,      3.4953,      0.0088,     -0.0236,      7.5573,      0.1701,      5.5138,     11.0277,      1.5033,     28.4500,     56.9000,      0.0190,      0.0060,      0.0156,      0.1991,   7599.2095,-449203.5625,   -939.0806,    542.1221,  25330.6992,
       1,     167,     116,      21,       1,       3,       1,     10.0000,      1.3885,     42.4207,    245.4249,     61.7640,      3.4953,      0.0000,     -0.0321,      7.0701,      0.1618,      5.5138,     11.0277,      1.4300,     28.4500,     56.9000,      0.0190,      0.0056,      0.0156,      0.1991,   7599.2100,-429084.9688,   -935.0311,    543.4865,  25330.6973,
       1,     167,     116,      22,       1,       3,       1,     10.0000,      1.3885,     42.4207,    245.4249,     61.7640,      3.4953,      0.0000,     -0.0320,      7.0284,      0.1580,      5.5138,     11.0277,      1.3961,     28.4500,     56.9000,      0.0190,      0.0056,      0.0156,      0.1991,   7599.2095,-426726.9688,   -934.4853,    543.6484,  25330.6973,
       1,     167,     116,      23,       1,       3,       1,     10.0000,      1.3885,     42.4207,    245.4249,     61.7640,      3.4953,      0.0000,     -0.0319,      5.1958,      0.1558,      5.5138,     11.0277,      1.3766,     28.4500,     56.9000,      0.0190,      0.0041,      0.0156,      0.1991,   7599.2095,-426467.3750,   -934.3533,    543.6660,  25330.6953,
       1,     167,     116,      24,       1,       3,       1,     10.0000,      1.3885,     42.4207,    245.4249,     61.7640,      3.4953,      0.0000,     -0.0319,      4.3570,      0.1555,      5.5138,     11.0277,      1.3738,     28.4500,     56.9000,      0.0190,      0.0035,      0.0156,      0.1991,   7599.2090,-424110.0625,   -933.8303,    543.8262,  25330.6953,
       1,     167,     117,       1,       1,       3,       1,     10.0000,      1.3885,     42.4211,    245.4307,     61.7655,      3.4953,      0.0000,     -0.0319,      3.3861,      0.1558,      5.5134,     11.0268,      1.3766,     28.4431,     56.8862,      0.0190,      0.0027,      0.0156,      0.1991,   7599.2090,-422993.8438,   -933.8554,    543.9150,  25331.8438,
       1,     167,     117,       2,       1,       3,       1,     10.0000,      1.3885,     42.4211,    245.4307,     61.7655,      3.4953,      0.0000,     -0.0319,      2.5936,      0.1553,      5.5134,     11.0268,      1.3725,     28.4431,     56.8862,      0.0190,      0.0021,      0.0156,      0.1991,   7599.5532,-421505.4062,   -933.2398,    544.0162,  25331.8438,
       1,     167,     117,       3,       1,       3,       1,     10.0000,      1.3885,     42.4211,    245.4307,     61.7655,      3.4953,      0.0000,     -0.0318,      2.0327,      0.1539,      5.5134,     11.0268,      1.3602,     28.4431,     56.8862,      0.0190,      0.0016,      0.0156,      0.1991,   7599.5532,-420366.9688,   -932.9890,    544.0937,  25331.8438,
       1,     167,     117,       4,       1,       3,       1,     10.0000,      1.3885,     42.4211,    245.4307,     61.7655,      3.4953,      0.0000,     -0.0317,      1.8679,      0.1516,      5.5134,     11.0268,      1.3398,     28.4431,     56.8862,      0.0190,      0.0015,      0.0156,      0.1991,   7599.5532,-419553.5625,   -932.8090,    544.1490,  25331.8438,
       1,     167,     117,       5,       1,       3,       1,     10.0000,      1.3885,     42.4211,    245.4307,     61.7655,      3.4953,      0.0000,     -0.0317,      1.7410,      0.1501,      5.5134,     11.0268,      1.3264,     28.4431,     56.8862,      0.0190,      0.0014,      0.0156,      0.1991,   7599.5532,-419273.0625,   -932.7363,    544.1680,  25331.8438,
       1,     167,     117,       6,       1,       3,       1,     10.0000,      1.3885,     42.4211,    245.4307,     61.7655,      3.4953,      0.0000,     -0.0316,      1.5937,      0.1482,      5.5134,     11.0268,      1.3092,     28.4431,     56.8862,      0.0190,      0.0013,      0.0156,      0.1991,   7599.5532,-419087.1562,   -932.6841,    544.1807,  25331.8457,
       1,     167,     117,       7,       1,       3,       1,     10.0000,      1.3885,     42.4211,    245.4307,     61.7655,      3.4953,      0.0000,     -0.0316,      1.6310,      0.1462,      5.5134,     11.0268,      1.2921,     28.4431,     56.8862,      0.0190,      0.0013,      0.0156,      0.1991,   7599.5542,-418883.1875,   -932.6296,    544.1946,  25331.8438,
       1,     167,     117,       8,       1,       3,       1,     10.0000,      1.3885,     42.4211,    245.4307,     61.7655,      3.4953,      0.0191,     -0.0123,      0.7120,      0.1404,      5.5134,     11.0268,      1.2410,     28.4431,     56.8862,      0.0190,      0.0012,      0.0076,      0.1991,   7599.5532,-418913.1562,   -932.6226,    544.1925,  25331.8438,
       1,     167,     117,       9,       1,       3,       1,     10.0000,      1.3885,     42.4211,    245.4307,     61.7655,      3.4953,      0.0557,      0.0237,      5.3058,      0.1591,      5.5134,     11.0268,      1.4059,     28.4431,     56.8862,      0.0190,      0.0011,      0.0602,      0.1991,   7599.5532,-417745.0312,   -932.3719,    544.2720,  25331.8438,
       1,     167,     117,      10,       1,       3,       1,     10.0000,      1.3885,     42.4211,    245.4307,     61.7655,      3.4953,      0.1240,      0.0910,     14.0396,      0.1887,      5.5134,     11.0268,      1.6671,     28.4431,     56.8862,      0.0190,      0.0011,      0.1591,      0.1991,   7599.5532,-423496.1875,   -933.4998,    543.8807,  25331.8438,
       1,     167,     117,      11,       1,       3,       1,     10.0000,      1.3885,     42.4211,    245.4307,     61.7655,      3.4953,      0.1840,      0.1506,     21.7864,      0.2042,      5.5134,     11.0268,      1.8042,     28.4431,     56.8862,      0.0190,      0.0011,      0.2470,      0.1991,   7599.5532,-435122.3125,   -935.8038,    543.0905,  25331.8457,
       1,     167,     117,      12,       1,       3,       1,     10.0000,      1.3885,     42.4211,    245.4307,     61.7655,      3.4953,      0.1724,      0.1386,     19.3799,      0.2170,      5.5134,     11.0268,      1.9177,     28.4431,     56.8862,      0.0190,      0.0010,      0.2302,      0.1991,   7599.5542,-446002.3750,   -937.9250,    542.3525,  25331.8418,
       1,     167,     117,      13,       1,       3,       1,     10.0000,      1.3885,     42.4211,    245.4307,     61.7655,      3.4953,      0.1854,      0.1514,     16.9040,      0.2275,      5.5134,     11.0268,      2.0100,     28.4431,     56.8862,      0.0190,      0.0008,      0.2500,      0.1991,   7599.5527,-443878.2500,   -937.4876,    542.4969,  25331.8418,
       1,     167,     117,      14,       1,       3,       1,     10.0000,      1.3885,     42.4211,    245.4307,     61.7655,      3.4953,      0.1870,      0.1532,     36.0776,      0.2185,      5.5134,     11.0268,      1.9309,     28.4431,     56.8862,      0.0190,      0.0018,      0.2500,      0.1991,   7599.5527,-440538.5000,   -936.6933,    542.7234,  25331.8418,
       1,     167,     117,      15,       1,       3,       1,     10.0000,      1.3885,     42.4211,    245.4307,     61.7655,      3.4953,      0.1878,      0.1541,     73.9525,      0.2141,      5.5134,     11.0268,      1.8915,     28.4431,     56.8862,      0.0190,      0.0037,      0.2467,      0.1991,   7599.5527,-464683.9375,   -941.4531,    541.0854,  25331.8398,
       1,     167,     117,      16,       1,       3,       1,     10.0000,      1.3885,     42.4211,    245.4307,     61.7655,      3.4953,      0.1737,      0.1398,     94.1571,      0.2204,      5.5134,     11.0268,      1.9480,     28.4431,     56.8862,      0.0190,      0.0052,      0.2236,      0.1991,   7599.5522,-515064.7188,   -951.5878,    537.6804,  25331.8398,
       1,     167,     117,      17,       1,       3,       1,     10.0000,      1.3885,     42.4211,    245.4307,     61.7655,      3.4953,      0.1359,      0.1020,     83.6451,      0.2217,      5.5134,     11.0268,      1.9595,     28.4431,     56.8862,      0.0190,      0.0062,      0.1686,      0.1991,   7599.5522,-545225.0000,   -957.8605,    535.6640,  25331.8379,
       1,     167,     117,      18,       1,       3,       1,     10.0000,      1.3885,     42.4211,    245.4307,     61.7655,      3.4953,      0.0563,      0.0224,     31.4472,      0.2217,      5.5134,     11.0268,      1.9595,     28.4431,     56.8862,      0.0190,      0.0069,      0.0563,      0.1990,   7599.5518,-534407.6250,   -956.0118,    536.3921,  25331.8359,
       1,     167,     117,      19,       1,       3,       1,     10.0000,      1.3885,     42.4211,    245.4307,     61.7655,      3.4953,      0.0034,     -0.0299,      7.5664,      0.1994,      5.5134,     11.0268,      1.7620,     28.4431,     56.8862,      0.0190,      0.0060,      0.0156,      0.1990,   7599.5513,-466854.5312,   -942.6392,    540.9219,  25331.8398,
       1,     167,     117,      20,       1,       3,       1,     10.0000,      1.3885,     42.4211,    245.4307,     61.7655,      3.4953,      0.0018,     -0.0309,      6.1914,      0.1792,      5.5134,     11.0268,      1.5832,     28.4431,     56.8862,      0.0190,      0.0049,      0.0156,      0.1991,   7599.5522,-430640.9062,   -935.3571,    543.3897,  25331.8359,
       1,     167,     117,      21,       1,       3,       1,     10.0000,      1.3885,     42.4211,    245.4307,     61.7655,      3.4953,      0.0000,     -0.0323,      6.8780,      0.1689,      5.5134,     11.0268,      1.4929,     28.4431,     56.8862,      0.0190,      0.0055,      0.0156,      0.1991,   7599.5513,-425750.0312,   -934.3163,    543.7276,  25331.8379,
       1,     167,     117,      22,       1,       3,       1,     10.0000,      1.3885,     42.4211,    245.4307,     61.7655,      3.4953,      0.0000,     -0.0322,      6.7539,      0.1659,      5.5134,     11.0268,      1.4663,     28.4431,     56.8862,      0.0190,      0.0054,      0.0156,      0.1991,   7599.5518,-426194.0000,   -934.3370,    543.6974,  25331.8359,
       1,     167,     117,      23,       1,       3,       1,     10.0000,      1.3885,     42.4211,    245.4307,     61.7655,      3.4953,      0.0000,     -0.0321,      7.1915,      0.1623,      5.5134,     11.0268,      1.4344,     28.4431,     56.8862,      0.0190,      0.0057,      0.0156,      0.1991,   7599.5513,-426074.6562,   -934.2473,    543.7056,  25331.8379,
       1,     167,     117,      24,       1,       3,       1,     10.0000,      1.3885,     42.4211,    245.4307,     61.7655,      3.4953,      0.0000,     -0.0320,      5.6388,      0.1588,      5.5134,     11.0268,      1.4031,     28.4431,     56.8862,      0.0190,      0.0045,      0.0156,      0.1991,   7599.5518,-426621.5000,   -934.2869,    543.6685,  25331.8359,
       1,     167,     118,       1,       1,       3,       1,     10.0000,      1.3886,     42.4214,    245.4366,     61.7670,      3.4953,      0.0000,     -0.0319,      4.1302,      0.1555,      5.5132,     11.0264,      1.3739,     28.4402,     56.8804,      0.0190,      0.0033,      0.0156,      0.1992,   7599.5513,-424847.5000,   -934.1743,    543.8021,  25332.9844,
       1,     167,     118,       2,       1,       3,       1,     10.0000,      1.3886,     42.4214,    245.4366,     61.7670,      3.4953,      0.0000,     -0.0317,      2.8742,      0.1495,      5.5132,     11.0264,      1.3211,     28.4402,     56.8804,      0.0190,      0.0023,      0.0156,      0.1992,   7599.8955,-422617.2188,   -933.4019,    543.9537,  25332.9824,
       1,     167,     118,       3,       1,       3,       1,     10.0000,      1.3886,     42.4214,    245.4366,     61.7670,      3.4953,      0.0000,     -0.0315,      2.1954,      0.1453,      5.5132,     11.0264,      1.2844,     28.4402,     56.8804,      0.0190,      0.0017,      0.0156,      0.1992,   7599.8950,-420824.3438,   -933.0278,    544.0756,  25332.9805,
       1,     167,     118,       4,       1,       3,       1,     10.0000,      1.3886,     42.4214,    245.4366,     61.7670,      3.4953,      0.0000,     -0.0316,      1.8591,      0.1467,      5.5132,     11.0264,      1.2961,     28.4402,     56.8804,      0.0190,      0.0015,      0.0156,      0.1992,   7599.8945,-419804.5938,   -932.8089,    544.1450,  25332.9824,
       1,     167,     118,       5,       1,       3,       1,     10.0000,      1.3886,     42.4214,    245.4366,     61.7670,      3.4953,      0.0000,     -0.0316,      1.7894,      0.1480,      5.5132,     11.0264,      1.3079,     28.4402,     56.8804,      0.0190,      0.0014,      0.0156,      0.1992,   7599.8950,-419287.5938,   -932.6905,    544.1801,  25332.9824,
       1,     167,     118,       6,       1,       3,       1,     10.0000,      1.3886,     42.4214,    245.4366,     61.7670,      3.4953,      0.0000,     -0.0316,      1.5159,      0.1465,      5.5132,     11.0264,      1.2948,     28.4402,     56.8804,      0.0190,      0.0012,      0.0156,      0.1992,   7599.8950,-419154.1250,   -932.6502,    544.1893,  25332.9824,
       1,     167,     118,       7,       1,       3,       1,     10.0000,      1.3886,     42.4214,    245.4366,     61.7670,      3.4953,      0.0000,     -0.0315,      1.0738,      0.1436,      5.5132,     11.0264,      1.2689,     28.4402,     56.8804,      0.0190,      0.0009,      0.0156,      0.1992,   7599.8950,-418794.0000,   -932.5697,    544.2137,  25332.9824,
       1,     167,     118,       8,       1,       3,       1,     10.0000,      1.3886,     42.4214,    245.4366,     61.7670,      3.4953,      0.0212,     -0.0103,      0.5272,      0.1458,      5.5132,     11.0264,      1.2883,     28.4402,     56.8804,      0.0190,      0.0006,      0.0106,      0.1992,   7599.8950,-418199.7500,   -932.4453,    544.2542,  25332.9824,
       1,     167,     118,       9,       1,       3,       1,     10.0000,      1.3886,     42.4214,    245.4366,     61.7670,      3.4953,      0.1251,      0.0930,      8.3815,      0.1622,      5.5132,     11.0264,      1.4330,     28.4402,     56.8804,      0.0190,      0.0006,      0.1617,      0.1992,   7599.8950,-417451.9688,   -932.2834,    544.3051,  25332.9824,
       1,     167,     118,      10,       1,       3,       1,     10.0000,      1.3886,     42.4214,    245.4366,     61.7670,      3.4953,      0.1724,      0.1397,     16.3124,      0.1802,      5.5132,     11.0264,      1.5927,     28.4402,     56.8804,      0.0190,      0.0009,      0.2304,      0.1992,   7599.8950,-427391.8438,   -934.2471,    543.6287,  25332.9805,
       1,     167,     118,      11,       1,       3,       1,     10.0000,      1.3886,     42.4214,    245.4366,     61.7670,      3.4953,      0.1855,      0.1526,     14.8542,      0.1883,      5.5132,     11.0264,      1.6638,     28.4402,     56.8804,      0.0190,      0.0007,      0.2500,      0.1992,   7599.8945,-438358.4688,   -936.4045,    542.8839,  25332.9824,
       1,     167,     118,      12,       1,       3,       1,     10.0000,      1.3886,     42.4214,    245.4366,     61.7670,      3.4953,      0.1853,      0.1516,     13.9144,      0.2141,      5.5132,     11.0264,      1.8915,     28.4402,     56.8804,      0.0190,      0.0007,      0.2500,      0.1992,   7599.8950,-437450.7812,   -936.1367,    542.9460,  25332.9824,
       1,     167,     118,      13,       1,       3,       1,     10.0000,      1.3886,     42.4214,    245.4366,     61.7670,      3.4953,      0.1834,      0.1491,     17.9529,      0.2349,      5.5132,     11.0264,      2.0759,     28.4402,     56.8804,      0.0190,      0.0009,      0.2469,      0.1992,   7599.8950,-436174.1562,   -935.7903,    543.0327,  25332.9824,
       1,     167,     118,      14,       1,       3,       1,     10.0000,      1.3886,     42.4214,    245.4366,     61.7670,      3.4953,      0.1817,      0.1472,     27.0552,      0.2436,      5.5132,     11.0264,      2.1522,     28.4402,     56.8804,      0.0190,      0.0014,      0.2434,      0.1992,   7599.8950,-441209.2188,   -936.7261,    542.6910,  25332.9785,
       1,     167,     118,      15,       1,       3,       1,     10.0000,      1.3886,     42.4214,    245.4366,     61.7670,      3.4953,      0.1884,      0.1538,     56.5820,      0.2493,      5.5132,     11.0264,      2.2031,     28.4402,     56.8804,      0.0190,      0.0028,      0.2500,      0.1992,   7599.8940,-453244.0938,   -939.1216,    541.8746,  25332.9785,
       1,     167,     118,      16,       1,       3,       1,     10.0000,      1.3886,     42.4214,    245.4366,     61.7670,      3.4953,      0.1873,      0.1526,     71.5432,      0.2503,      5.5132,     11.0264,      2.2116,     28.4402,     56.8804,      0.0190,      0.0036,      0.2466,      0.1991,   7599.8940,-491917.8750,   -946.8995,    539.2557,  25332.9805,
       1,     167,     118,      17,       1,       3,       1,     10.0000,      1.3886,     42.4214,    245.4366,     61.7670,      3.4953,      0.1817,      0.1473,     90.8114,      0.2389,      5.5132,     11.0264,      2.1107,     28.4402,     56.8804,      0.0190,      0.0048,      0.2360,      0.1991,   7599.8945,-514357.5000,   -951.5580,    537.7494,  25332.9785,
       1,     167,     118,      18,       1,       3,       1,     10.0000,      1.3886,     42.4214,    245.4366,     61.7670,      3.4953,      0.1665,      0.1324,    105.7455,      0.2286,      5.5132,     11.0264,      2.0199,     28.4402,     56.8804,      0.0190,      0.0062,      0.2116,      0.1991,   7599.8940,-540873.1875,   -957.1611,    535.9691,  25332.9766,
       1,     167,     118,      19,       1,       3,       1,     10.0000,      1.3886,     42.4214,    245.4366,     61.7670,      3.4953,      0.1158,      0.0822,     77.5515,      0.2109,      5.5132,     11.0264,      1.8638,     28.4402,     56.8804,      0.0190,      0.0069,      0.1395,      0.1990,   7599.8931,-562227.4375,   -961.8422,    534.5415,  25332.9766,
       1,     167,     118,      20,       1,       3,       1,     10.0000,      1.3886,     42.4214,    245.4366,     61.7670,      3.4953,      0.0157,     -0.0173,      0.3836,      0.1894,      5.5132,     11.0264,      1.6738,     28.4402,     56.8804,      0.0190,      0.0070,      0.0007,      0.1990,   7599.8931,-528076.8125,   -955.2955,    536.8253,  25332.9746,
       1,     167,     118,      21,       1,       3,       1,     10.0000,      1.3886,     42.4214,    245.4366,     61.7670,      3.4953,      0.0000,     -0.0326,      8.3500,      0.1763,      5.5132,     11.0264,      1.5583,     28.4402,     56.8804,      0.0190,      0.0066,      0.0156,      0.1991,   7599.8926,-426683.0938,   -934.8325,    543.6339,  25332.9707,
       1,     167,     118,      22,       1,       3,       1,     10.0000,      1.3886,     42.4214,    245.4366,     61.7670,      3.4953,      0.0000,     -0.0323,      7.3983,      0.1679,      5.5132,     11.0264,      1.4840,     28.4402,     56.8804,      0.0190,      0.0059,      0.0156,      0.1992,   7599.8916,-428208.8750,   -935.0832,    543.5736,  25332.9727,
       1,     167,     118,      23,       1,       3,       1,     10.0000,      1.3886,     42.4214,    245.4366,     61.7670,      3.4953,      0.0000,     -0.0322,      6.7806,      0.1641,      5.5132,     11.0264,      1.4503,     28.4402,     56.8804,      0.0190,      0.0054,      0.0156,      0.1992,   7599.8921,-427073.2188,   -934.7993,    543.6508,  25332.9727,
       1,     167,     118,      24,       1,       3,       1,     10.0000,      1.3886,     42.4214,    245.4366,     61.7670,      3.4953,      0.0000,     -0.0321,      5.6312,      0.1605,      5.5132,     11.0264,      1.4187,     28.4402,     56.8804,      0.0190,      0.0045,      0.0156,      0.1992,   7599.8921,-426187.8750,   -934.5735,    543.7110,  25332.9727,
       1,     167,     119,       1,       1,       3,       1,     10.0000,      1.3886,     42.4218,    245.4424,     61.7684,      3.4953,      0.0000,     -0.0319,      4.6759,      0.1553,      5.5127,     11.0255,      1.3726,     28.4477,     56.8953,      0.0190,      0.0037,      0.0156,      0.1992,   7599.8921,-424803.4062,   -934.5633,    543.8180,  25334.1211,
       1,     167,     119,       2,       1,       3,       1,     10.0000,      1.3886,     42.4218,    245.4424,     61.7684,      3.4953,      0.0000,     -0.0318,      3.8539,      0.1519,      5.5127,     11.0255,      1.3426,     28.4477,     56.8953,      0.0190,      0.0031,      0.0156,      0.1992,   7600.2368,-423312.3125,   -933.9395,    543.9194,  25334.1191,
       1,     167,     119,       3,       1,       3,       1,     10.0000,      1.3886,     42.4218,    245.4424,     61.7684,      3.4953,      0.0000,     -0.0315,      2.8176,      0.1451,      5.5127,     11.0255,      1.2818,     28.4477,     56.8953,      0.0190,      0.0022,      0.0156,      0.1992,   7600.2358,-422136.2812,   -933.6767,    543.9993,  25334.1230,
       1,     167,     119,       4,       1,       3,       1,     10.0000,      1.3886,     42.4218,    245.4424,     61.7684,      3.4953,      0.0000,     -0.0315,      2.3287,      0.1437,      5.5127,     11.0255,      1.2702,     28.4477,     56.8953,      0.0190,      0.0019,      0.0156,      0.1992,   7600.2373,-420714.0938,   -933.3738,    544.0960,  25334.1191,
       1,     167,     119,       5,       1,       3,       1,     10.0000,      1.3886,     42.4218,    245.4424,     61.7684,      3.4953,      0.0000,     -0.0315,      1.9405,      0.1442,      5.5127,     11.0255,      1.2741,     28.4477,     56.8953,      0.0190,      0.0015,      0.0156,      0.1992,   7600.2358,-419968.5312,   -933.2181,    544.1467,  25334.1211,
       1,     167,     119,       6,       1,       3,       1,     10.0000,      1.3886,     42.4218,    245.4424,     61.7684,      3.4953,      0.0000,     -0.0315,      1.4547,      0.1449,      5.5127,     11.0255,      1.2805,     28.4477,     56.8953,      0.0190,      0.0012,      0.0156,      0.1992,   7600.2368,-419409.3125,   -933.0988,    544.1848,  25334.1191,
       1,     167,     119,       7,       1,       3,       1,     10.0000,      1.3886,     42.4218,    245.4424,     61.7684,      3.4953,      0.0000,     -0.0315,      0.8459,      0.1445,      5.5127,     11.0255,      1.2766,     28.4477,     56.8953,      0.0190,      0.0007,      0.0156,      0.1992,   7600.2358,-418742.3438,   -932.9614,    544.2302,  25334.1211,
       1,     167,     119,       8,       1,       3,       1,     10.0000,      1.3886,     42.4218,    245.4424,     61.7684,      3.4953,      0.0339,      0.0024,      1.3148,      0.1440,      5.5127,     11.0255,      1.2728,     28.4477,     56.8953,      0.0190,      0.0006,      0.0291,      0.1992,   7600.2368,-417908.9062,   -932.7925,    544.2869,  25334.1191,
       1,     167,     119,       9,       1,       3,       1,     10.0000,      1.3886,     42.4218,    245.4424,     61.7684,      3.4953,      0.1343,      0.1027,      8.5087,      0.1473,      5.5127,     11.0255,      1.3013,     28.4477,     56.8953,      0.0190,      0.0006,      0.1753,      0.1992,   7600.2358,-418434.1250,   -932.8853,    544.2511,  25334.1191,
       1,     167,     119,      10,       1,       3,       1,     10.0000,      1.3886,     42.4218,    245.4424,     61.7684,      3.4953,      0.1780,      0.1458,     10.0702,      0.1668,      5.5127,     11.0255,      1.4737,     28.4477,     56.8953,      0.0190,      0.0005,      0.2393,      0.1992,   7600.2358,-427642.2500,   -934.7214,    543.6248,  25334.1191,
       1,     167,     119,      11,       1,       3,       1,     10.0000,      1.3886,     42.4218,    245.4424,     61.7684,      3.4953,      0.1852,      0.1522,     10.5417,      0.1909,      5.5127,     11.0255,      1.6871,     28.4477,     56.8953,      0.0190,      0.0005,      0.2500,      0.1992,   7600.2358,-430429.9688,   -935.2225,    543.4357,  25334.1191,
       1,     167,     119,      12,       1,       3,       1,     10.0000,      1.3886,     42.4218,    245.4424,     61.7684,      3.4953,      0.1850,      0.1509,     11.5559,      0.2297,      5.5127,     11.0255,      2.0299,     28.4477,     56.8953,      0.0190,      0.0006,      0.2500,      0.1992,   7600.2358,-431271.7188,   -935.2807,    543.3784,  25334.1191,
       1,     167,     119,      13,       1,       3,       1,     10.0000,      1.3886,     42.4218,    245.4424,     61.7684,      3.4953,      0.1850,      0.1507,     11.2655,      0.2336,      5.5127,     11.0255,      2.0639,     28.4477,     56.8953,      0.0190,      0.0006,      0.2500,      0.1992,   7600.2358,-432636.6250,   -935.4739,    543.2858,  25334.1191,
       1,     167,     119,      14,       1,       3,       1,     10.0000,      1.3886,     42.4218,    245.4424,     61.7684,      3.4953,      0.1851,      0.1503,     14.3361,      0.2547,      5.5127,     11.0255,      2.2507,     28.4477,     56.8953,      0.0190,      0.0007,      0.2500,      0.1992,   7600.2358,-432384.8750,   -935.3048,    543.3029,  25334.1172,
       1,     167,     119,      15,       1,       3,       1,     10.0000,      1.3886,     42.4218,    245.4424,     61.7684,      3.4953,      0.1862,      0.1518,     47.2541,      0.2424,      5.5127,     11.0255,      2.1418,     28.4477,     56.8953,      0.0190,      0.0024,      0.2478,      0.1992,   7600.2354,-436275.0625,   -935.9914,    543.0387,  25334.1172,
       1,     167,     119,      16,       1,       3,       1,     10.0000,      1.3886,     42.4218,    245.4424,     61.7684,      3.4953,      0.1597,      0.1252,     73.3647,      0.2443,      5.5127,     11.0255,      2.1585,     28.4477,     56.8953,      0.0190,      0.0044,      0.2052,      0.1992,   7600.2354,-478549.1562,   -944.5941,    540.1692,  25334.1172,
       1,     167,     119,      17,       1,       3,       1,     10.0000,      1.3886,     42.4218,    245.4424,     61.7684,      3.4953,      0.1253,      0.0919,     78.5868,      0.2036,      5.5127,     11.0255,      1.7990,     28.4477,     56.8953,      0.0190,      0.0064,      0.1535,      0.1991,   7600.2354,-515513.9062,   -952.2991,    537.6808,  25334.1172,
       1,     167,     119,      18,       1,       3,       1,     10.0000,      1.3886,     42.4218,    245.4424,     61.7684,      3.4953,      0.1146,      0.0811,     78.3649,      0.2068,      5.5127,     11.0255,      1.8276,     28.4477,     56.8953,      0.0190,      0.0071,      0.1376,      0.1991,   7600.2354,-525374.5625,   -954.5922,    537.0239,  25334.1172,
       1,     167,     119,      19,       1,       3,       1,     10.0000,      1.3886,     42.4218,    245.4424,     61.7684,      3.4953,      0.0833,      0.0500,     54.6842,      0.1994,      5.5127,     11.0255,      1.7621,     28.4477,     56.8953,      0.0190,      0.0072,      0.0941,      0.1991,   7600.2354,-525936.0000,   -955.0135,    536.9866,  25334.1152,
       1,     167,     119,      20,       1,       3,       1,     10.0000,      1.3886,     42.4218,    245.4424,     61.7684,      3.4953,      0.0132,     -0.0197,      8.5104,      0.1855,      5.5127,     11.0255,      1.6393,     28.4477,     56.8953,      0.0190,      0.0068,      0.0156,      0.1991,   7600.2349,-495773.2188,   -949.1105,    539.0112,  25334.1152,
       1,     167,     119,      21,       1,       3,       1,     10.0000,      1.3886,     42.4218,    245.4424,     61.7684,      3.4953,      0.0000,     -0.0323,      8.7263,      0.1669,      5.5127,     11.0255,      1.4752,     28.4477,     56.8953,      0.0190,      0.0069,      0.0156,      0.1991,   7600.2349,-434305.6875,   -936.6308,    543.1564,  25334.1113,
       1,     167,     119,      22,       1,       3,       1,     10.0000,      1.3886,     42.4218,    245.4424,     61.7684,      3.4953,      0.0000,     -0.0320,      6.1546,      0.1598,      5.5127,     11.0255,      1.4116,     28.4477,     56.8953,      0.0190,      0.0049,      0.0156,      0.1992,   7600.2339,-429315.8125,   -935.5957,    543.5113,  25334.1113,
       1,     167,     119,      23,       1,       3,       1,     10.0000,      1.3886,     42.4218,    245.4424,     61.7684,      3.4953,      0.0000,     -0.0318,      5.8709,      0.1530,      5.5127,     11.0255,      1.3520,     28.4477,     56.8953,      0.0190,      0.0047,      0.0156,      0.1992,   7600.2339,-425587.5625,   -934.8123,    543.7646,  25334.1113,
       1,     167,     119,      24,       1,       3,       1,     10.0000,      1.3886,     42.4218,    245.4424,     61.7684,      3.4953,      0.0000,     -0.0315,      5.1206,      0.1449,      5.5127,     11.0255,      1.2805,     28.4477,     56.8953,      0.0190,      0.0041,      0.0156,      0.1992,   7600.2339,-424903.4375,   -934.6508,    543.8112,  25334.1113,
       1,     167,     120,       1,       1,       3,       1,     10.0000,      1.3886,     42.4221,    245.4483,     61.7699,      3.4953,      0.0000,     -0.0314,      4.5036,      0.1423,      5.5129,     11.0258,      1.2575,     28.4518,     56.9037,      0.0190,      0.0036,      0.0156,      0.1992,   7600.2339,-424045.1562,   -934.7556,    543.8824,  25335.2578,
       1,     167,     120,       2,       1,       3,       1,     10.0000,      1.3886,     42.4221,    245.4483,     61.7699,      3.4953,      0.0000,     -0.0314,      2.9666,      0.1406,      5.5129,     11.0258,      1.2424,     28.4518,     56.9037,      0.0190,      0.0024,      0.0156,      0.1992,   7600.5776,-423030.8438,   -934.2342,    543.9514,  25335.2578,
       1,     167,     120,       3,       1,       3,       1,     10.0000,      1.3886,     42.4221,    245.4483,     61.7699,      3.4953,      0.0000,     -0.0312,      1.7351,      0.1369,      5.5129,     11.0258,      1.2101,     28.4518,     56.9037,      0.0190,      0.0014,      0.0156,      0.1992,   7600.5776,-420985.5000,   -933.8123,    544.0905,  25335.2578,
       1,     167,     120,       4,       1,       3,       1,     10.0000,      1.3886,     42.4221,    245.4483,     61.7699,      3.4953,      0.0000,     -0.0312,      0.8964,      0.1363,      5.5129,     11.0258,      1.2040,     28.4518,     56.9037,      0.0190,      0.0007,      0.0156,      0.1992,   7600.5776,-419239.8750,   -933.4522,    544.2092,  25335.2578,
       1,     167,     120,       5,       1,       3,       1,     10.0000,      1.3886,     42.4221,    245.4483,     61.7699,      3.4953,      0.0000,     -0.0311,      0.7580,      0.1345,      5.5129,     11.0258,      1.1883,     28.4518,     56.9037,      0.0190,      0.0006,      0.0156,      0.1992,   7600.5776,-418020.6250,   -933.2032,    544.2922,  25335.2559,
       1,     167,     120,       6,       1,       3,       1,     10.0000,      1.3886,     42.4221,    245.4483,     61.7699,      3.4953,      0.0000,     -0.0311,      0.8011,      0.1331,      5.5129,     11.0258,      1.1763,     28.4518,     56.9037,      0.0190,      0.0006,      0.0156,      0.1992,   7600.5771,-417738.9375,   -933.1453,    544.3113,  25335.2559,
       1,     167,     120,       7,       1,       3,       1,     10.0000,      1.3886,     42.4221,    245.4483,     61.7699,      3.4953,      0.0000,     -0.0310,      0.7381,      0.1307,      5.5129,     11.0258,      1.1550,     28.4518,     56.9037,      0.0190,      0.0006,      0.0156,      0.1992,   7600.5771,-417769.3125,   -933.1503,    544.3093,  25335.2578,
       1,     167,     120,       8,       1,       3,       1,     10.0000,      1.3886,     42.4221,    245.4483,     61.7699,      3.4953,      0.0140,     -0.0170,      0.0318,      0.1295,      5.5129,     11.0258,      1.1445,     28.4518,     56.9037,      0.0190,      0.0005,      0.0008,      0.1992,   7600.5776,-417691.5938,   -933.1326,    544.3146,  25335.2578,
       1,     167,     120,       9,       1,       3,       1,     10.0000,      1.3886,     42.4221,    245.4483,     61.7699,      3.4953,      0.1347,      0.1032,      7.0553,      0.1456,      5.5129,     11.0258,      1.2870,     28.4518,     56.9037,      0.0190,      0.0005,      0.1760,      0.1992,   7600.5776,-416785.4375,   -932.9421,    544.3762,  25335.2578,
       1,     167,     120,      10,       1,       3,       1,     10.0000,      1.3886,     42.4221,    245.4483,     61.7699,      3.4953,      0.1811,      0.1489,      9.5458,      0.1650,      5.5129,     11.0258,      1.4576,     28.4518,     56.9037,      0.0190,      0.0005,      0.2438,      0.1992,   7600.5776,-425651.0625,   -934.7115,    543.7729,  25335.2578,
       1,     167,     120,      11,       1,       3,       1,     10.0000,      1.3886,     42.4221,    245.4483,     61.7699,      3.4953,      0.1852,      0.1522,      9.7940,      0.1870,      5.5129,     11.0258,      1.6524,     28.4518,     56.9037,      0.0190,      0.0005,      0.2500,      0.1992,   7600.5776,-429592.2812,   -935.4332,    543.5054,  25335.2578,
       1,     167,     120,      12,       1,       3,       1,     10.0000,      1.3886,     42.4221,    245.4483,     61.7699,      3.4953,      0.1851,      0.1515,     10.2982,      0.2078,      5.5129,     11.0258,      1.8366,     28.4518,     56.9037,      0.0190,      0.0005,      0.2500,      0.1992,   7600.5776,-430249.4062,   -935.4709,    543.4608,  25335.2559,
       1,     167,     120,      13,       1,       3,       1,     10.0000,      1.3886,     42.4221,    245.4483,     61.7699,      3.4953,      0.1850,      0.1509,     11.3266,      0.2295,      5.5129,     11.0258,      2.0279,     28.4518,     56.9037,      0.0190,      0.0006,      0.2500,      0.1992,   7600.5771,-430948.7188,   -935.4957,    543.4133,  25335.2598,
       1,     167,     120,      14,       1,       3,       1,     10.0000,      1.3886,     42.4221,    245.4483,     61.7699,      3.4953,      0.1855,      0.1519,     16.7763,      0.2124,      5.5129,     11.0258,      1.8768,     28.4518,     56.9037,      0.0190,      0.0008,      0.2500,      0.1992,   7600.5781,-432318.5625,   -935.6061,    543.3203,  25335.2578,
       1,     167,     120,      15,       1,       3,       1,     10.0000,      1.3886,     42.4221,    245.4483,     61.7699,      3.4953,      0.1873,      0.1549,     34.6096,      0.1683,      5.5129,     11.0258,      1.4870,     28.4518,     56.9037,      0.0190,      0.0017,      0.2500,      0.1992,   7600.5776,-439379.0312,   -937.0115,    542.8408,  25335.2578,
       1,     167,     120,      16,       1,       3,       1,     10.0000,      1.3886,     42.4221,    245.4483,     61.7699,      3.4953,      0.1889,      0.1575,     52.2294,      0.1416,      5.5129,     11.0258,      1.2512,     28.4518,     56.9037,      0.0190,      0.0026,      0.2500,      0.1992,   7600.5776,-462708.5625,   -941.8185,    541.2579,  25335.2578,
       1,     167,     120,      17,       1,       3,       1,     10.0000,      1.3886,     42.4221,    245.4483,     61.7699,      3.4953,      0.1573,      0.1257,     63.3544,      0.1458,      5.5129,     11.0258,      1.2883,     28.4518,     56.9037,      0.0190,      0.0039,      0.2025,      0.1992,   7600.5776,-487186.6250,   -946.9435,    539.6041,  25335.2559,
       1,     167,     120,      18,       1,       3,       1,     10.0000,      1.3886,     42.4221,    245.4483,     61.7699,      3.4953,      0.0538,      0.0220,     20.9691,      0.1515,      5.5129,     11.0258,      1.3386,     28.4518,     56.9037,      0.0190,      0.0047,      0.0557,      0.1992,   7600.5771,-503488.5938,   -950.4999,    538.5071,  25335.2539,
       1,     167,     120,      19,       1,       3,       1,     10.0000,      1.3886,     42.4221,    245.4483,     61.7699,      3.4953,      0.0477,      0.0158,     15.8147,      0.1552,      5.5129,     11.0258,      1.3712,     28.4518,     56.9037,      0.0190,      0.0042,      0.0472,      0.1991,   7600.5767,-450848.6875,   -939.8530,    542.0516,  25335.2559,
       1,     167,     120,      20,       1,       3,       1,     10.0000,      1.3886,     42.4221,    245.4483,     61.7699,      3.4953,      0.0162,     -0.0154,      0.7010,      0.1485,      5.5129,     11.0258,      1.3119,     28.4518,     56.9037,      0.0190,      0.0028,      0.0031,      0.1992,   7600.5771,-439771.8750,   -937.6151,    542.8138,  25335.2539,
       1,     167,     120,      21,       1,       3,       1,     10.0000,      1.3886,     42.4221,    245.4483,     61.7699,      3.4953,      0.0000,     -0.0314,      1.6187,      0.1427,      5.5129,     11.0258,      1.2613,     28.4518,     56.9037,      0.0190,      0.0013,      0.0156,      0.1992,   7600.5767,-419547.2500,   -933.4521,    544.1866,  25335.2520,
       1,     167,     120,      22,       1,       3,       1,     10.0000,      1.3886,     42.4221,    245.4483,     61.7699,      3.4953,      0.0000,     -0.0312,      1.8127,      0.1361,      5.5129,     11.0258,      1.2028,     28.4518,     56.9037,      0.0190,      0.0014,      0.0156,      0.1992,   7600.5757,-418969.8750,   -933.3315,    544.2277,  25335.2520,
       1,     167,     120,      23,       1,       3,       1,     10.0000,      1.3886,     42.4221,    245.4483,     61.7699,      3.4953,      0.0000,     -0.0310,      1.5945,      0.1307,      5.5129,     11.0258,      1.1550,     28.4518,     56.9037,      0.0190,      0.0013,      0.0156,      0.1992,   7600.5757,-419164.6562,   -933.3688,    544.2144,  25335.2539,
       1,     167,     120,      24,       1,       3,       1,     10.0000,      1.3886,     42.4221,    245.4483,     61.7699,      3.4953,      0.0000,     -0.0309,      1.2778,      0.1287,      5.5129,     11.0258,      1.1375,     28.4518,     56.9037,      0.0190,      0.0010,      0.0156,      0.1992,   7600.5767,-418903.5312,   -933.3131,    544.2321,  25335.2500,
       1,     167,     121,       1,       1,       3,       1,     10.0000,      1.3886,     42.4224,    245.4541,     61.7713,      3.4953,      0.0000,     -0.0310,      1.1153,      0.1302,      5.5130,     11.0259,      1.1503,     28.4552,     56.9104,      0.0190,      0.0009,      0.0156,      0.1992,   7600.5752,-418635.0625,   -933.5574,    544.2634,  25336.3965,
       1,     167,     121,       2,       1,       3,       1,     10.0000,      1.3886,     42.4224,    245.4541,     61.7713,      3.4953,      0.0000,     -0.0309,      1.1030,      0.1294,      5.5130,     11.0259,      1.1433,     28.4552,     56.9104,      0.0190,      0.0009,      0.0156,      0.1992,   7600.9194,-418250.7812,   -933.1798,    544.2894,  25336.3984,
       1,     167,     121,       3,       1,       3,       1,     10.0000,      1.3886,     42.4224,    245.4541,     61.7713,      3.4953,      0.0000,     -0.0309,      0.8804,      0.1277,      5.5130,     11.0259,      1.1283,     28.4552,     56.9104,      0.0190,      0.0007,      0.0156,      0.1992,   7600.9199,-418201.5938,   -933.1686,    544.2928,  25336.3965,
       1,     167,     121,       4,       1,       3,       1,     10.0000,      1.3886,     42.4224,    245.4541,     61.7713,      3.4953,      0.0000,     -0.0309,      0.8605,      0.1276,      5.5130,     11.0259,      1.1272,     28.4552,     56.9104,      0.0190,      0.0007,      0.0156,      0.1992,   7600.9194,-417914.1562,   -933.1097,    544.3124,  25336.3965,
       1,     167,     121,       5,       1,       3,       1,     10.0000,      1.3886,     42.4224,    245.4541,     61.7713,      3.4953,      0.0000,     -0.0309,      0.8878,      0.1286,      5.5130,     11.0259,      1.1364,     28.4552,     56.9104,      0.0190,      0.0007,      0.0156,      0.1992,   7600.9194,-417863.9375,   -933.0991,    544.3159,  25336.3965,
       1,     167,     121,       6,       1,       3,       1,     10.0000,      1.3886,     42.4224,    245.4541,     61.7713,      3.4953,      0.0000,     -0.0309,      1.2086,      0.1289,      5.5130,     11.0259,      1.1387,     28.4552,     56.9104,      0.0190,      0.0010,      0.0156,      0.1992,   7600.9194,-417894.1875,   -933.1054,    544.3138,  25336.3965,
       1,     167,     121,       7,       1,       3,       1,     10.0000,      1.3886,     42.4224,    245.4541,     61.7713,      3.4953,      0.0000,     -0.0310,      1.1461,      0.1323,      5.5130,     11.0259,      1.1692,     28.4552,     56.9104,      0.0190,      0.0009,      0.0156,      0.1992,   7600.9194,-418305.3750,   -933.1903,    544.2858,  25336.3965,
       1,     167,     121,       8,       1,       3,       1,     10.0000,      1.3886,     42.4224,    245.4541,     61.7713,      3.4953,      0.0191,     -0.0120,      0.3970,      0.1334,      5.5130,     11.0259,      1.1787,     28.4552,     56.9104,      0.0190,      0.0006,      0.0080,      0.1992,   7600.9194,-418261.4062,   -933.1810,    544.2888,  25336.3965,
       1,     167,     121,       9,       1,       3,       1,     10.0000,      1.3886,     42.4224,    245.4541,     61.7713,      3.4953,      0.1308,      0.0996,      7.7559,      0.1378,      5.5130,     11.0259,      1.2175,     28.4552,     56.9104,      0.0190,      0.0006,      0.1703,      0.1992,   7600.9194,-417303.8750,   -932.9796,    544.3539,  25336.3984,
       1,     167,     121,      10,       1,       3,       1,     10.0000,      1.3886,     42.4224,    245.4541,     61.7713,      3.4953,      0.1781,      0.1464,     14.1996,      0.1510,      5.5130,     11.0259,      1.3346,     28.4552,     56.9104,      0.0190,      0.0007,      0.2388,      0.1992,   7600.9199,-426590.7188,   -934.8880,    543.7220,  25336.3965,
       1,     167,     121,      11,       1,       3,       1,     10.0000,      1.3886,     42.4224,    245.4541,     61.7713,      3.4953,      0.1856,      0.1537,     11.9530,      0.1558,      5.5130,     11.0259,      1.3768,     28.4552,     56.9104,      0.0190,      0.0006,      0.2500,      0.1992,   7600.9194,-435602.6250,   -936.7461,    543.1099,  25336.3965,
       1,     167,     121,      12,       1,       3,       1,     10.0000,      1.3886,     42.4224,    245.4541,     61.7713,      3.4953,      0.1853,      0.1528,     10.4315,      0.1746,      5.5130,     11.0259,      1.5430,     28.4552,     56.9104,      0.0190,      0.0005,      0.2500,      0.1992,   7600.9194,-433522.0312,   -936.3115,    543.2515,  25336.3965,
       1,     167,     121,      13,       1,       3,       1,     10.0000,      1.3886,     42.4224,    245.4541,     61.7713,      3.4953,      0.1852,      0.1522,      9.9692,      0.1876,      5.5130,     11.0259,      1.6574,     28.4552,     56.9104,      0.0190,      0.0005,      0.2500,      0.1992,   7600.9194,-431403.7500,   -935.8470,    543.3954,  25336.3984,
       1,     167,     121,      14,       1,       3,       1,     10.0000,      1.3886,     42.4224,    245.4541,     61.7713,      3.4953,      0.1852,      0.1527,      9.5983,      0.1755,      5.5130,     11.0259,      1.5507,     28.4552,     56.9104,      0.0190,      0.0005,      0.2500,      0.1992,   7600.9199,-430631.1250,   -935.6462,    543.4478,  25336.3965,
       1,     167,     121,      15,       1,       3,       1,     10.0000,      1.3886,     42.4224,    245.4541,     61.7713,      3.4953,      0.1859,      0.1547,     14.0444,      0.1363,      5.5130,     11.0259,      1.2040,     28.4552,     56.9104,      0.0190,      0.0007,      0.2500,      0.1992,   7600.9194,-430092.4375,   -935.5264,    543.4845,  25336.3984,
       1,     167,     121,      16,       1,       3,       1,     10.0000,      1.3886,     42.4224,    245.4541,     61.7713,      3.4953,      0.1864,      0.1561,     18.2960,      0.1150,      5.5130,     11.0259,      1.0158,     28.4552,     56.9104,      0.0190,      0.0009,      0.2500,      0.1992,   7600.9199,-435707.6875,   -938.4753,    543.1030,  25336.3965,
       1,     167,     121,      17,       1,       3,       1,     10.0000,      1.3886,     42.4224,    245.4541,     61.7713,      3.4953,      0.1797,      0.1496,     30.6825,      0.1101,      5.5130,     11.0259,      0.9730,     28.4552,     56.9104,      0.0190,      0.0016,      0.2388,      0.1992,   7600.9194,-441609.7812,   -941.6030,    542.7025,  25336.3965,
       1,     167,     121,      18,       1,       3,       1,     10.0000,      1.3886,     42.4224,    245.4541,     61.7713,      3.4953,      0.1888,      0.1586,     48.2163,      0.1118,      5.5130,     11.0259,      0.9880,     28.4552,     56.9104,      0.0190,      0.0024,      0.2500,      0.1992,   7600.9194,-457898.2812,   -950.7286,    541.5975,  25336.3926,
       1,     167,     121,      19,       1,       3,       1,     10.0000,      1.3886,     42.4224,    245.4541,     61.7713,      3.4953,      0.1542,      0.1239,     42.4540,      0.1151,      5.5130,     11.0259,      1.0168,     28.4552,     56.9104,      0.0190,      0.0026,      0.2004,      0.1992,   7600.9180,-481650.3438,   -929.1241,    539.9907,  25336.3242,
       1,     167,     121,      20,       1,       3,       1,     10.0000,      1.3886,     42.4224,    245.4541,     61.7713,      3.4953,      0.0335,      0.0028,      2.3319,      0.1217,      5.5130,     11.0259,      1.0756,     28.4552,     56.9104,      0.0190,      0.0010,      0.0293,      0.1992,   7600.8975,-476372.1562,   -924.7261,    540.3493,  25336.4707,
       1,     167,     121,      21,       1,       3,       1,     10.0000,      1.3886,     42.4224,    245.4541,     61.7713,      3.4953,      0.0000,     -0.0308,      0.7185,      0.1250,      5.5130,     11.0259,      1.1045,     28.4552,     56.9104,      0.0190,      0.0006,      0.0156,      0.1992,   7600.9414,-424762.5625,   -915.8078,    543.8354,  25336.4668,
       1,     167,     121,      22,       1,       3,       1,     10.0000,      1.3886,     42.4224,    245.4541,     61.7713,      3.4953,      0.0000,     -0.0310,      0.6639,      0.1299,      5.5130,     11.0259,      1.1480,     28.4552,     56.9104,      0.0190,      0.0005,      0.0156,      0.1992,   7600.9404,-418281.7500,   -912.8990,    544.2872,  25336.4688,
       1,     167,     121,      23,       1,       3,       1,     10.0000,      1.3886,     42.4224,    245.4541,     61.7713,      3.4953,      0.0000,     -0.0311,      0.4958,      0.1326,      5.5130,     11.0259,      1.1715,     28.4552,     56.9104,      0.0190,      0.0004,      0.0156,      0.1992,   7600.9409,-417636.9688,   -912.8353,    544.3313,  25336.4707,
       1,     167,     121,      24,       1,       3,       1,     10.0000,      1.3886,     42.4224,    245.4541,     61.7713,      3.4953,      0.0000,     -0.0312,      0.4191,      0.1356,      5.5130,     11.0259,      1.1980,     28.4552,     56.9104,      0.0190,      0.0003,      0.0156,      0.1992,   7600.9414,-417366.3438,   -912.8089,    544.3497,  25336.4668,
       1,     167,     122,       1,       1,       3,       1,     10.0000,      1.3887,     42.4228,    245.4600,     61.7728,      3.4953,      0.0000,     -0.0312,      0.3917,      0.1356,      5.5128,     11.0256,      1.1980,     28.4659,     56.9318,      0.0190,      0.0003,      0.0156,      0.1993,   7600.9404,-417403.2188,   -913.0940,    544.3600,  25337.6191,
       1,     167,     122,       2,       1,       3,       1,     10.0000,      1.3887,     42.4228,    245.4600,     61.7728,      3.4953,      0.0000,     -0.0312,      0.4072,      0.1374,      5.5128,     11.0256,      1.2139,     28.4659,     56.9318,      0.0190,      0.0003,      0.0156,      0.1993,   7601.2861,-417216.6250,   -912.8146,    544.3726,  25337.6191,
       1,     167,     122,       3,       1,       3,       1,     10.0000,      1.3887,     42.4228,    245.4600,     61.7728,      3.4953,      0.0000,     -0.0313,      0.4040,      0.1396,      5.5128,     11.0256,      1.2337,     28.4659,     56.9318,      0.0190,      0.0003,      0.0156,      0.1993,   7601.2861,-417220.3750,   -912.8254,    544.3724,  25337.6191,
       1,     167,     122,       4,       1,       3,       1,     10.0000,      1.3887,     42.4228,    245.4600,     61.7728,      3.4953,      0.0000,     -0.0313,      0.4205,      0.1400,      5.5128,     11.0256,      1.2374,     28.4659,     56.9318,      0.0190,      0.0003,      0.0156,      0.1993,   7601.2861,-417216.4688,   -912.8352,    544.3727,  25337.6191,
       1,     167,     122,       5,       1,       3,       1,     10.0000,      1.3887,     42.4228,    245.4600,     61.7728,      3.4953,      0.0000,     -0.0314,      0.4220,      0.1413,      5.5128,     11.0256,      1.2487,     28.4659,     56.9318,      0.0190,      0.0003,      0.0156,      0.1993,   7601.2861,-417237.2188,   -912.8519,    544.3713,  25337.6191,
       1,     167,     122,       6,       1,       3,       1,     10.0000,      1.3887,     42.4228,    245.4600,     61.7728,      3.4953,      0.0000,     -0.0315,      0.4309,      0.1442,      5.5128,     11.0256,      1.2742,     28.4659,     56.9318,      0.0190,      0.0003,      0.0156,      0.1993,   7601.2861,-417240.8438,   -912.8655,    544.3710,  25337.6191,
       1,     167,     122,       7,       1,       3,       1,     10.0000,      1.3887,     42.4228,    245.4600,     61.7728,      3.4953,      0.0000,     -0.0316,      0.4197,      0.1482,      5.5128,     11.0256,      1.3093,     28.4659,     56.9318,      0.0190,      0.0003,      0.0156,      0.1993,   7601.2861,-417252.6562,   -912.8806,    544.3702,  25337.6172,
       1,     167,     122,       8,       1,       3,       1,     10.0000,      1.3887,     42.4228,    245.4600,     61.7728,      3.4953,      0.0154,     -0.0163,      0.0524,      0.1492,      5.5128,     11.0256,      1.3186,     28.4659,     56.9318,      0.0190,      0.0003,      0.0019,      0.1993,   7601.2856,-417239.6250,   -912.8877,    544.3712,  25337.6191,
       1,     167,     122,       9,       1,       3,       1,     10.0000,      1.3887,     42.4228,    245.4600,     61.7728,      3.4953,      0.1189,      0.0872,      4.4175,      0.1512,      5.5128,     11.0256,      1.3359,     28.4659,     56.9318,      0.0190,      0.0004,      0.1531,      0.1993,   7601.2861,-416770.5000,   -912.2715,    544.4031,  25337.6191,
       1,     167,     122,      10,       1,       3,       1,     10.0000,      1.3887,     42.4228,    245.4600,     61.7728,      3.4953,      0.1587,      0.1277,      6.3365,      0.1316,      5.5128,     11.0256,      1.1633,     28.4659,     56.9318,      0.0190,      0.0004,      0.2112,      0.1993,   7601.2861,-422287.3750,   -911.3442,    544.0276,  25337.6191,
       1,     167,     122,      11,       1,       3,       1,     10.0000,      1.3887,     42.4228,    245.4600,     61.7728,      3.4953,      0.1844,      0.1535,      8.0126,      0.1285,      5.5128,     11.0256,      1.1353,     28.4659,     56.9318,      0.0190,      0.0004,      0.2485,      0.1993,   7601.2861,-425209.0938,   -912.0976,    543.8290,  25337.6172,
       1,     167,     122,      12,       1,       3,       1,     10.0000,      1.3887,     42.4228,    245.4600,     61.7728,      3.4953,      0.1854,      0.1542,      8.7494,      0.1382,      5.5128,     11.0256,      1.2212,     28.4659,     56.9318,      0.0190,      0.0004,      0.2500,      0.1993,   7601.2856,-427596.5000,   -913.0283,    543.6667,  25337.6172,
       1,     167,     122,      13,       1,       3,       1,     10.0000,      1.3887,     42.4228,    245.4600,     61.7728,      3.4953,      0.1815,      0.1497,      9.2101,      0.1526,      5.5128,     11.0256,      1.3481,     28.4659,     56.9318,      0.0190,      0.0005,      0.2444,      0.1993,   7601.2856,-428741.5312,   -913.4119,    543.5889,  25337.6191,
       1,     167,     122,      14,       1,       3,       1,     10.0000,      1.3887,     42.4228,    245.4600,     61.7728,      3.4953,      0.1851,      0.1534,      8.9399,      0.1482,      5.5128,     11.0256,      1.3093,     28.4659,     56.9318,      0.0190,      0.0004,      0.2495,      0.1993,   7601.2861,-429427.0625,   -914.7295,    543.5424,  25337.6211,
       1,     167,     122,      15,       1,       3,       1,     10.0000,      1.3887,     42.4228,    245.4600,     61.7728,      3.4953,      0.1852,      0.1535,      6.3891,      0.1500,      5.5128,     11.0256,      1.3252,     28.4659,     56.9318,      0.0190,      0.0003,      0.2500,      0.1993,   7601.2866,-429142.1250,   -915.7676,    543.5618,  25337.6191,
       1,     167,     122,      16,       1,       3,       1,     10.0000,      1.3887,     42.4228,    245.4600,     61.7728,      3.4953,      0.1812,      0.1493,      6.0525,      0.1569,      5.5128,     11.0256,      1.3865,     28.4659,     56.9318,      0.0190,      0.0003,      0.2443,      0.1993,   7601.2861,-425869.4375,   -916.2568,    543.7842,  25337.6172,
       1,     167,     122,      17,       1,       3,       1,     10.0000,      1.3887,     42.4228,    245.4600,     61.7728,      3.4953,      0.1779,      0.1461,      5.9961,      0.1518,      5.5128,     11.0256,      1.3413,     28.4659,     56.9318,      0.0190,      0.0003,      0.2394,      0.1993,   7601.2856,-425157.9688,   -917.0126,    543.8325,  25337.6191,
       1,     167,     122,      18,       1,       3,       1,     10.0000,      1.3887,     42.4228,    245.4600,     61.7728,      3.4953,      0.1293,      0.0974,      5.9739,      0.1567,      5.5128,     11.0256,      1.3851,     28.4659,     56.9318,      0.0190,      0.0004,      0.1681,      0.1993,   7601.2861,-425024.1250,   -917.6450,    543.8416,  25337.6191,
       1,     167,     122,      19,       1,       3,       1,     10.0000,      1.3887,     42.4228,    245.4600,     61.7728,      3.4953,      0.0640,      0.0321,      3.5026,      0.1561,      5.5128,     11.0256,      1.3796,     28.4659,     56.9318,      0.0190,      0.0006,      0.0726,      0.1993,   7601.2861,-424984.3438,   -917.9678,    543.8444,  25337.6191,
       1,     167,     122,      20,       1,       3,       1,     10.0000,      1.3887,     42.4228,    245.4600,     61.7728,      3.4953,      0.0106,     -0.0210,      0.9195,      0.1462,      5.5128,     11.0256,      1.2923,     28.4659,     56.9318,      0.0190,      0.0007,      0.0156,      0.1993,   7601.2861,-421834.1562,   -917.5602,    544.0585,  25337.6172,
       1,     167,     122,      21,       1,       3,       1,     10.0000,      1.3887,     42.4228,    245.4600,     61.7728,      3.4953,      0.0000,     -0.0315,      1.0696,      0.1433,      5.5128,     11.0256,      1.2665,     28.4659,     56.9318,      0.0190,      0.0009,      0.0156,      0.1993,   7601.2856,-418272.8750,   -914.8831,    544.3008,  25337.6172,
       1,     167,     122,      22,       1,       3,       1,     10.0000,      1.3887,     42.4228,    245.4600,     61.7728,      3.4953,      0.0000,     -0.0314,      0.9968,      0.1413,      5.5128,     11.0256,      1.2487,     28.4659,     56.9318,      0.0190,      0.0008,      0.0156,      0.1993,   7601.2856,-418155.5000,   -914.9338,    544.3087,  25337.6191,
       1,     167,     122,      23,       1,       3,       1,     10.0000,      1.3887,     42.4228,    245.4600,     61.7728,      3.4953,      0.0000,     -0.0314,      1.3483,      0.1412,      5.5128,     11.0256,      1.2474,     28.4659,     56.9318,      0.0190,      0.0011,      0.0156,      0.1993,   7601.2861,-418052.3125,   -914.9811,    544.3158,  25337.6172,
       1,     167,     122,      24,       1,       3,       1,     10.0000,      1.3887,     42.4228,    245.4600,     61.7728,      3.4953,      0.0000,     -0.0313,      1.6541,      0.1402,      5.5128,     11.0256,      1.2387,     28.4659,     56.9318,      0.0190,      0.0013,      0.0156,      0.1993,   7601.2856,-418491.1875,   -915.1631,    544.2859,  25337.6191,
       1,     167,     123,       1,       1,       3,       1,     10.0000,      1.3887,     42.4231,    245.4659,     61.7743,      3.4953,      0.0000,     -0.0313,      0.8802,      0.1395,      5.5131,     11.0263,      1.2324,     28.4709,     56.9417,      0.0190,      0.0007,      0.0156,      0.1993,   7601.2861,-419075.6250,   -915.6257,    544.2591,  25338.7676,
       1,     167,     123,       2,       1,       3,       1,     10.0000,      1.3887,     42.4231,    245.4659,     61.7743,      3.4953,      0.0000,     -0.0314,      0.5619,      0.1405,      5.5131,     11.0263,      1.2412,     28.4709,     56.9417,      0.0190,      0.0004,      0.0156,      0.1993,   7601.6304,-417986.6875,   -915.2290,    544.3332,  25338.7676,
       1,     167,     123,       3,       1,       3,       1,     10.0000,      1.3887,     42.4231,    245.4659,     61.7743,      3.4953,      0.0000,     -0.0315,      0.5933,      0.1441,      5.5131,     11.0263,      1.2729,     28.4709,     56.9417,      0.0190,      0.0005,      0.0156,      0.1993,   7601.6304,-417487.1875,   -915.1609,    544.3672,  25338.7676,
       1,     167,     123,       4,       1,       3,       1,     10.0000,      1.3887,     42.4231,    245.4659,     61.7743,      3.4953,      0.0000,     -0.0316,      0.6293,      0.1467,      5.5131,     11.0263,      1.2962,     28.4709,     56.9417,      0.0190,      0.0005,      0.0156,      0.1993,   7601.6304,-417483.8750,   -915.1839,    544.3674,  25338.7676,
       1,     167,     123,       5,       1,       3,       1,     10.0000,      1.3887,     42.4231,    245.4659,     61.7743,      3.4953,      0.0000,     -0.0316,      0.6383,      0.1470,      5.5131,     11.0263,      1.2988,     28.4709,     56.9417,      0.0190,      0.0005,      0.0156,      0.1993,   7601.6304,-417529.4375,   -915.2198,    544.3643,  25338.7676,
       1,     167,     123,       6,       1,       3,       1,     10.0000,      1.3887,     42.4231,    245.4659,     61.7743,      3.4953,      0.0000,     -0.0316,      0.6441,      0.1471,      5.5131,     11.0263,      1.3001,     28.4709,     56.9417,      0.0190,      0.0005,      0.0156,      0.1993,   7601.6304,-417544.8750,   -915.2468,    544.3633,  25338.7656,
       1,     167,     123,       7,       1,       3,       1,     10.0000,      1.3887,     42.4231,    245.4659,     61.7743,      3.4953,      0.0000,     -0.0316,      0.6019,      0.1477,      5.5131,     11.0263,      1.3054,     28.4709,     56.9417,      0.0190,      0.0005,      0.0156,      0.1993,   7601.6299,-417553.7500,   -915.2746,    544.3627,  25338.7676,
       1,     167,     123,       8,       1,       3,       1,     10.0000,      1.3887,     42.4231,    245.4659,     61.7743,      3.4953,      0.0210,     -0.0106,      0.4194,      0.1457,      5.5131,     11.0263,      1.2871,     28.4709,     56.9417,      0.0190,      0.0005,      0.0102,      0.1993,   7601.6304,-417500.5625,   -915.2880,    544.3663,  25338.7676,
       1,     167,     123,       9,       1,       3,       1,     10.0000,      1.3887,     42.4231,    245.4659,     61.7743,      3.4953,      0.1322,      0.1006,      7.7744,      0.1477,      5.5131,     11.0263,      1.3054,     28.4709,     56.9417,      0.0190,      0.0006,      0.1722,      0.1993,   7601.6304,-417263.5938,   -915.3287,    544.3824,  25338.7676,
       1,     167,     123,      10,       1,       3,       1,     10.0000,      1.3887,     42.4231,    245.4659,     61.7743,      3.4953,      0.1851,      0.1534,     13.4422,      0.1519,      5.5131,     11.0263,      1.3427,     28.4709,     56.9417,      0.0190,      0.0007,      0.2491,      0.1993,   7601.6304,-426606.2188,   -912.5111,    543.7466,  25338.7676,
       1,     167,     123,      11,       1,       3,       1,     10.0000,      1.3887,     42.4231,    245.4659,     61.7743,      3.4953,      0.1856,      0.1526,     15.7569,      0.1908,      5.5131,     11.0263,      1.6856,     28.4709,     56.9417,      0.0190,      0.0008,      0.2500,      0.1993,   7601.6304,-434632.5938,   -915.0737,    543.2014,  25338.7676,
       1,     167,     123,      12,       1,       3,       1,     10.0000,      1.3887,     42.4231,    245.4659,     61.7743,      3.4953,      0.1857,      0.1526,     16.3971,      0.1928,      5.5131,     11.0263,      1.7040,     28.4709,     56.9417,      0.0190,      0.0008,      0.2500,      0.1993,   7601.6304,-438275.2188,   -917.0433,    542.9545,  25338.7676,
       1,     167,     123,      13,       1,       3,       1,     10.0000,      1.3887,     42.4231,    245.4659,     61.7743,      3.4953,      0.1857,      0.1530,     16.3854,      0.1810,      5.5131,     11.0263,      1.5993,     28.4709,     56.9417,      0.0190,      0.0008,      0.2500,      0.1993,   7601.6304,-439405.2812,   -918.6340,    542.8777,  25338.7695,
       1,     167,     123,      14,       1,       3,       1,     10.0000,      1.3887,     42.4231,    245.4659,     61.7743,      3.4953,      0.1855,      0.1525,     14.5850,      0.1908,      5.5131,     11.0263,      1.6856,     28.4709,     56.9417,      0.0190,      0.0007,      0.2500,      0.1993,   7601.6313,-439487.8750,   -920.3350,    542.8722,  25338.7676,
       1,     167,     123,      15,       1,       3,       1,     10.0000,      1.3887,     42.4231,    245.4659,     61.7743,      3.4953,      0.1862,      0.1534,     22.1383,      0.1822,      5.5131,     11.0263,      1.6104,     28.4709,     56.9417,      0.0190,      0.0011,      0.2500,      0.1993,   7601.6304,-437202.5938,   -921.7230,    543.0273,  25338.7656,
       1,     167,     123,      16,       1,       3,       1,     10.0000,      1.3887,     42.4231,    245.4659,     61.7743,      3.4953,      0.1894,      0.1569,     61.8588,      0.1743,      5.5131,     11.0263,      1.5400,     28.4709,     56.9417,      0.0190,      0.0031,      0.2500,      0.1993,   7601.6299,-446623.3438,   -924.6737,    542.3878,  25338.7676,
       1,     167,     123,      17,       1,       3,       1,     10.0000,      1.3887,     42.4231,    245.4659,     61.7743,      3.4953,      0.1906,      0.1577,     78.5248,      0.1872,      5.5131,     11.0263,      1.6542,     28.4709,     56.9417,      0.0190,      0.0039,      0.2500,      0.1993,   7601.6304,-498025.9375,   -935.2313,    538.9032,  25338.7695,
       1,     167,     123,      18,       1,       3,       1,     10.0000,      1.3887,     42.4231,    245.4659,     61.7743,      3.4953,      0.1747,      0.1419,     64.1843,      0.1830,      5.5131,     11.0263,      1.6168,     28.4709,     56.9417,      0.0190,      0.0035,      0.2281,      0.1992,   7601.6313,-523742.3125,   -941.0012,    537.1820,  25338.7676,
       1,     167,     123,      19,       1,       3,       1,     10.0000,      1.3887,     42.4231,    245.4659,     61.7743,      3.4953,      0.1376,      0.1051,     60.6009,      0.1731,      5.5131,     11.0263,      1.5293,     28.4709,     56.9417,      0.0190,      0.0043,      0.1739,      0.1992,   7601.6304,-507669.8750,   -938.8069,    538.2639,  25338.7676,
       1,     167,     123,      20,       1,       3,       1,     10.0000,      1.3887,     42.4231,    245.4659,     61.7743,      3.4953,      0.0481,      0.0159,     12.6467,      0.1645,      5.5131,     11.0263,      1.4534,     28.4709,     56.9417,      0.0190,      0.0033,      0.0479,      0.1992,   7601.6304,-501716.1250,   -938.3380,    538.6656,  25338.7695,
       1,     167,     123,      21,       1,       3,       1,     10.0000,      1.3887,     42.4231,    245.4659,     61.7743,      3.4953,      0.0000,     -0.0320,      3.6372,      0.1587,      5.5131,     11.0263,      1.4019,     28.4709,     56.9417,      0.0190,      0.0029,      0.0156,      0.1992,   7601.6313,-440076.7812,   -927.2070,    542.8162,  25338.7676,
       1,     167,     123,      22,       1,       3,       1,     10.0000,      1.3887,     42.4231,    245.4659,     61.7743,      3.4953,      0.0000,     -0.0318,      5.3780,      0.1523,      5.5131,     11.0263,      1.3454,     28.4709,     56.9417,      0.0190,      0.0043,      0.0156,      0.1993,   7601.6304,-423332.4688,   -924.2332,    543.9683,  25338.7676,
       1,     167,     123,      23,       1,       3,       1,     10.0000,      1.3887,     42.4231,    245.4659,     61.7743,      3.4953,      0.0000,     -0.0315,      5.4762,      0.1454,      5.5131,     11.0263,      1.2845,     28.4709,     56.9417,      0.0190,      0.0044,      0.0156,      0.1993,   7601.6304,-424083.0312,   -924.5314,    543.9185,  25338.7676,
       1,     167,     123,      24,       1,       3,       1,     10.0000,      1.3887,     42.4231,    245.4659,     61.7743,      3.4953,      0.0000,     -0.0315,      5.1931,      0.1432,      5.5131,     11.0263,      1.2652,     28.4709,     56.9417,      0.0190,      0.0041,      0.0156,      0.1993,   7601.6304,-424271.5938,   -924.7128,    543.9057,  25338.7676,
       1,     167,     124,       1,       1,       3,       1,     10.0000,      1.3887,     42.4234,    245.4717,     61.7758,      3.4953,      0.0000,     -0.0313,      4.8250,      0.1382,      5.5133,     11.0267,      1.2213,     28.4812,     56.9624,      0.0190,      0.0038,      0.0156,      0.1993,   7601.6304,-424084.4688,   -925.0768,    543.9314,  25339.9180,
       1,     167,     124,       2,       1,       3,       1,     10.0000,      1.3887,     42.4234,    245.4717,     61.7758,      3.4953,      0.0000,     -0.0309,      4.2904,      0.1294,      5.5133,     11.0267,      1.1434,     28.4812,     56.9624,      0.0190,      0.0034,      0.0156,      0.1993,   7601.9756,-423445.1250,   -924.7977,    543.9750,  25339.9199,
       1,     167,     124,       3,       1,       3,       1,     10.0000,      1.3887,     42.4234,    245.4717,     61.7758,      3.4953,      0.0000,     -0.0308,      3.9028,      0.1269,      5.5133,     11.0267,      1.1216,     28.4812,     56.9624,      0.0190,      0.0031,      0.0156,      0.1993,   7601.9761,-422708.6250,   -924.7545,    544.0250,  25339.9180,
       1,     167,     124,       4,       1,       3,       1,     10.0000,      1.3887,     42.4234,    245.4717,     61.7758,      3.4953,      0.0000,     -0.0308,      3.3728,      0.1269,      5.5133,     11.0267,      1.1216,     28.4812,     56.9624,      0.0190,      0.0027,      0.0156,      0.1993,   7601.9756,-422151.9375,   -924.7222,    544.0629,  25339.9199,
       1,     167,     124,       5,       1,       3,       1,     10.0000,      1.3887,     42.4234,    245.4717,     61.7758,      3.4953,      0.0000,     -0.0308,      3.0708,      0.1253,      5.5133,     11.0267,      1.1068,     28.4812,     56.9624,      0.0190,      0.0024,      0.0156,      0.1993,   7601.9761,-421428.7188,   -924.6315,    544.1120,  25339.9219,
       1,     167,     124,       6,       1,       3,       1,     10.0000,      1.3887,     42.4234,    245.4717,     61.7758,      3.4953,      0.0000,     -0.0308,      1.4881,      0.1255,      5.5133,     11.0267,      1.1091,     28.4812,     56.9624,      0.0190,      0.0012,      0.0156,      0.1993,   7601.9771,-420981.5938,   -924.5836,    544.1425,  25339.9199,
       1,     167,     124,       7,       1,       3,       1,     10.0000,      1.3887,     42.4234,    245.4717,     61.7758,      3.4953,      0.0000,     -0.0308,      0.7395,      0.1259,      5.5133,     11.0267,      1.1125,     28.4812,     56.9624,      0.0190,      0.0006,      0.0156,      0.1993,   7601.9761,-418928.2500,   -924.2226,    544.2821,  25339.9180,
       1,     167,     124,       8,       1,       3,       1,     10.0000,      1.3887,     42.4234,    245.4717,     61.7758,      3.4953,      0.0124,     -0.0183,      0.6000,      0.1234,      5.5133,     11.0267,      1.0900,     28.4812,     56.9624,      0.0190,      0.0005,      0.0156,      0.1993,   7601.9756,-417797.9688,   -924.0213,    544.3591,  25339.9199,
       1,     167,     124,       9,       1,       3,       1,     10.0000,      1.3887,     42.4234,    245.4717,     61.7758,      3.4953,      0.0766,      0.0457,      3.3997,      0.1283,      5.5133,     11.0267,      1.1342,     28.4812,     56.9624,      0.0190,      0.0005,      0.0918,      0.1993,   7601.9761,-417522.0938,   -923.9805,    544.3778,  25339.9219,
       1,     167,     124,      10,       1,       3,       1,     10.0000,      1.3887,     42.4234,    245.4717,     61.7758,      3.4953,      0.1413,      0.1100,      6.4973,      0.1368,      5.5133,     11.0267,      1.2090,     28.4812,     56.9624,      0.0190,      0.0004,      0.1857,      0.1993,   7601.9771,-421061.6562,   -924.6881,    544.1370,  25339.9199,
       1,     167,     124,      11,       1,       3,       1,     10.0000,      1.3887,     42.4234,    245.4717,     61.7758,      3.4953,      0.1523,      0.1202,      7.5420,      0.1596,      5.5133,     11.0267,      1.4104,     28.4812,     56.9624,      0.0190,      0.0005,      0.2017,      0.1993,   7601.9761,-425311.6250,   -925.5790,    543.8480,  25339.9199,
       1,     167,     124,      12,       1,       3,       1,     10.0000,      1.3887,     42.4234,    245.4717,     61.7758,      3.4953,      0.1558,      0.1227,      8.3347,      0.1932,      5.5133,     11.0267,      1.7075,     28.4812,     56.9624,      0.0190,      0.0005,      0.2067,      0.1993,   7601.9761,-427009.6875,   -925.9908,    543.7325,  25339.9199,
       1,     167,     124,      13,       1,       3,       1,     10.0000,      1.3887,     42.4234,    245.4717,     61.7758,      3.4953,      0.1851,      0.1521,      9.6153,      0.1919,      5.5133,     11.0267,      1.6957,     28.4812,     56.9624,      0.0190,      0.0005,      0.2500,      0.1993,   7601.9761,-428165.9375,   -925.9584,    543.6541,  25339.9199,
       1,     167,     124,      14,       1,       3,       1,     10.0000,      1.3887,     42.4234,    245.4717,     61.7758,      3.4953,      0.1851,      0.1520,      9.5176,      0.1928,      5.5133,     11.0267,      1.7041,     28.4812,     56.9624,      0.0190,      0.0005,      0.2500,      0.1993,   7601.9761,-429896.2500,   -926.4940,    543.5365,  25339.9199,
       1,     167,     124,      15,       1,       3,       1,     10.0000,      1.3887,     42.4234,    245.4717,     61.7758,      3.4953,      0.1857,      0.1526,     16.3007,      0.1915,      5.5133,     11.0267,      1.6923,     28.4812,     56.9624,      0.0190,      0.0008,      0.2500,      0.1993,   7601.9761,-429921.4688,   -926.6929,    543.5347,  25339.9199,
       1,     167,     124,      16,       1,       3,       1,     10.0000,      1.3887,     42.4234,    245.4717,     61.7758,      3.4953,      0.1881,      0.1553,     46.5895,      0.1826,      5.5133,     11.0267,      1.6137,     28.4812,     56.9624,      0.0190,      0.0023,      0.2500,      0.1993,   7601.9761,-438559.3125,   -928.4877,    542.9479,  25339.9199,
       1,     167,     124,      17,       1,       3,       1,     10.0000,      1.3887,     42.4234,    245.4717,     61.7758,      3.4953,      0.1913,      0.1585,     87.3059,      0.1832,      5.5133,     11.0267,      1.6185,     28.4812,     56.9624,      0.0190,      0.0043,      0.2500,      0.1993,   7601.9761,-477873.1562,   -936.1598,    540.2800,  25339.9199,
       1,     167,     124,      18,       1,       3,       1,     10.0000,      1.3887,     42.4234,    245.4717,     61.7758,      3.4953,      0.1655,      0.1329,     78.7972,      0.1776,      5.5133,     11.0267,      1.5694,     28.4812,     56.9624,      0.0190,      0.0046,      0.2129,      0.1993,   7601.9761,-533164.0625,   -947.0440,    536.5526,  25339.9219,
       1,     167,     124,      19,       1,       3,       1,     10.0000,      1.3887,     42.4234,    245.4717,     61.7758,      3.4953,      0.1354,      0.1030,     60.1646,      0.1729,      5.5133,     11.0267,      1.5278,     28.4812,     56.9624,      0.0190,      0.0044,      0.1707,      0.1992,   7601.9771,-527117.1875,   -946.3652,    536.9709,  25339.9199,
       1,     167,     124,      20,       1,       3,       1,     10.0000,      1.3887,     42.4234,    245.4717,     61.7758,      3.4953,      0.0332,      0.0009,      8.6579,      0.1660,      5.5133,     11.0267,      1.4665,     28.4812,     56.9624,      0.0190,      0.0041,      0.0263,      0.1992,   7601.9761,-502823.3438,   -942.1291,    538.6017,  25339.9160,
       1,     167,     124,      21,       1,       3,       1,     10.0000,      1.3887,     42.4234,    245.4717,     61.7758,      3.4953,      0.0000,     -0.0319,      4.6178,      0.1558,      5.5133,     11.0267,      1.3769,     28.4812,     56.9624,      0.0190,      0.0037,      0.0156,      0.1992,   7601.9751,-435091.5000,   -929.3922,    543.1642,  25339.9180,
       1,     167,     124,      22,       1,       3,       1,     10.0000,      1.3887,     42.4234,    245.4717,     61.7758,      3.4953,      0.0000,     -0.0318,      4.5917,      0.1529,      5.5133,     11.0267,      1.3508,     28.4812,     56.9624,      0.0190,      0.0037,      0.0156,      0.1993,   7601.9756,-424157.5625,   -927.3313,    543.9260,  25339.9160,
       1,     167,     124,      23,       1,       3,       1,     10.0000,      1.3887,     42.4234,    245.4717,     61.7758,      3.4953,      0.0000,     -0.0318,      4.3511,      0.1532,      5.5133,     11.0267,      1.3536,     28.4812,     56.9624,      0.0190,      0.0035,      0.0156,      0.1993,   7601.9751,-423155.0625,   -927.1449,    543.9947,  25339.9180,
       1,     167,     124,      24,       1,       3,       1,     10.0000,      1.3887,     42.4234,    245.4717,     61.7758,      3.4953,      0.0000,     -0.0318,      4.3185,      0.1524,      5.5133,     11.0267,      1.3468,     28.4812,     56.9624,      0.0190,      0.0034,      0.0156,      0.1993,   7601.9756,-422761.1875,   -927.0697,    544.0215,  25339.9160,
       1,     167,     125,       1,       1,       3,       1,     10.0000,      1.3887,     42.4238,    245.4776,     61.7772,      3.4953,      0.0000,     -0.0316,      3.6093,      0.1465,      5.5131,     11.0261,      1.2950,     28.4867,     56.9734,      0.0190,      0.0029,      0.0156,      0.1993,   7601.9751,-422842.5625,   -927.3666,    544.0287,  25341.0664,
       1,     167,     125,       2,       1,       3,       1,     10.0000,      1.3887,     42.4238,    245.4776,     61.7772,      3.4953,      0.0000,     -0.0311,      2.5535,      0.1338,      5.5131,     11.0261,      1.1824,     28.4867,     56.9734,      0.0190,      0.0020,      0.0156,      0.1993,   7602.3203,-421792.5938,   -926.8887,    544.1002,  25341.0684,
       1,     167,     125,       3,       1,       3,       1,     10.0000,      1.3887,     42.4238,    245.4776,     61.7772,      3.4953,      0.0000,     -0.0313,      1.6133,      0.1389,      5.5131,     11.0261,      1.2275,     28.4867,     56.9734,      0.0190,      0.0013,      0.0156,      0.1994,   7602.3208,-420357.4688,   -926.6129,    544.1978,  25341.0684,
       1,     167,     125,       4,       1,       3,       1,     10.0000,      1.3887,     42.4238,    245.4776,     61.7772,      3.4953,      0.0000,     -0.0313,      1.2690,      0.1396,      5.5131,     11.0261,      1.2337,     28.4867,     56.9734,      0.0190,      0.0010,      0.0156,      0.1994,   7602.3208,-419036.5625,   -926.3612,    544.2876,  25341.0684,
       1,     167,     125,       5,       1,       3,       1,     10.0000,      1.3887,     42.4238,    245.4776,     61.7772,      3.4953,      0.0000,     -0.0314,      1.4388,      0.1413,      5.5131,     11.0261,      1.2488,     28.4867,     56.9734,      0.0190,      0.0011,      0.0156,      0.1994,   7602.3208,-418484.0000,   -926.2560,    544.3252,  25341.0703,
       1,     167,     125,       6,       1,       3,       1,     10.0000,      1.3887,     42.4238,    245.4776,     61.7772,      3.4953,      0.0000,     -0.0314,      1.0668,      0.1406,      5.5131,     11.0261,      1.2425,     28.4867,     56.9734,      0.0190,      0.0008,      0.0156,      0.1994,   7602.3213,-418652.1562,   -926.4473,    544.3138,  25341.0684,
       1,     167,     125,       7,       1,       3,       1,     10.0000,      1.3887,     42.4238,    245.4776,     61.7772,      3.4953,      0.0000,     -0.0313,      0.6608,      0.1398,      5.5131,     11.0261,      1.2350,     28.4867,     56.9734,      0.0190,      0.0005,      0.0156,      0.1994,   7602.3208,-418193.2188,   -926.3637,    544.3450,  25341.0684,
       1,     167,     125,       8,       1,       3,       1,     10.0000,      1.3887,     42.4238,    245.4776,     61.7772,      3.4953,      0.0209,     -0.0105,      0.3547,      0.1429,      5.5131,     11.0261,      1.2627,     28.4867,     56.9734,      0.0190,      0.0004,      0.0103,      0.1994,   7602.3208,-417636.8125,   -926.2607,    544.3829,  25341.0684,
       1,     167,     125,       9,       1,       3,       1,     10.0000,      1.3887,     42.4238,    245.4776,     61.7772,      3.4953,      0.1254,      0.0937,      5.5475,      0.1474,      5.5131,     11.0261,      1.3028,     28.4867,     56.9734,      0.0190,      0.0004,      0.1625,      0.1994,   7602.3208,-417199.0312,   -926.2100,    544.4127,  25341.0703,
       1,     167,     125,      10,       1,       3,       1,     10.0000,      1.3887,     42.4238,    245.4776,     61.7772,      3.4953,      0.1566,      0.1243,      9.5747,      0.1661,      5.5131,     11.0261,      1.4680,     28.4867,     56.9734,      0.0190,      0.0006,      0.2078,      0.1994,   7602.3213,-423769.9688,   -927.3785,    543.9655,  25341.0684,
       1,     167,     125,      11,       1,       3,       1,     10.0000,      1.3887,     42.4238,    245.4776,     61.7772,      3.4953,      0.1803,      0.1476,     10.8252,      0.1790,      5.5131,     11.0261,      1.5820,     28.4867,     56.9734,      0.0190,      0.0006,      0.2426,      0.1993,   7602.3208,-429465.5312,   -928.5363,    543.5784,  25341.0684,
       1,     167,     125,      12,       1,       3,       1,     10.0000,      1.3887,     42.4238,    245.4776,     61.7772,      3.4953,      0.1854,      0.1527,     12.1360,      0.1812,      5.5131,     11.0261,      1.6009,     28.4867,     56.9734,      0.0190,      0.0006,      0.2500,      0.1993,   7602.3208,-431550.6250,   -929.0265,    543.4369,  25341.0664,
       1,     167,     125,      13,       1,       3,       1,     10.0000,      1.3887,     42.4238,    245.4776,     61.7772,      3.4953,      0.1856,      0.1524,     16.3736,      0.1959,      5.5131,     11.0261,      1.7313,     28.4867,     56.9734,      0.0190,      0.0008,      0.2500,      0.1993,   7602.3203,-433399.8125,   -929.4607,    543.3113,  25341.0664,
       1,     167,     125,      14,       1,       3,       1,     10.0000,      1.3887,     42.4238,    245.4776,     61.7772,      3.4953,      0.1856,      0.1521,     16.3797,      0.2052,      5.5131,     11.0261,      1.8135,     28.4867,     56.9734,      0.0190,      0.0008,      0.2500,      0.1993,   7602.3203,-438954.4375,   -930.5889,    542.9341,  25341.0684,
       1,     167,     125,      15,       1,       3,       1,     10.0000,      1.3887,     42.4238,    245.4776,     61.7772,      3.4953,      0.1665,      0.1332,     28.1833,      0.2012,      5.5131,     11.0261,      1.7781,     28.4867,     56.9734,      0.0190,      0.0016,      0.2204,      0.1993,   7602.3208,-439442.5938,   -930.7252,    542.9011,  25341.0684,
       1,     167,     125,      16,       1,       3,       1,     10.0000,      1.3887,     42.4238,    245.4776,     61.7772,      3.4953,      0.1885,      0.1551,     54.4927,      0.2012,      5.5131,     11.0261,      1.7781,     28.4867,     56.9734,      0.0190,      0.0027,      0.2498,      0.1993,   7602.3208,-454512.1562,   -933.6917,    541.8784,  25341.0684,
       1,     167,     125,      17,       1,       3,       1,     10.0000,      1.3887,     42.4238,    245.4776,     61.7772,      3.4953,      0.0943,      0.0613,     24.8115,      0.1872,      5.5131,     11.0261,      1.6542,     28.4867,     56.9734,      0.0190,      0.0027,      0.1140,      0.1993,   7602.3208,-489320.5000,   -940.5076,    539.5217,  25341.0684,
       1,     167,     125,      18,       1,       3,       1,     10.0000,      1.3887,     42.4238,    245.4776,     61.7772,      3.4953,      0.1043,      0.0718,     32.0349,      0.1712,      5.5131,     11.0261,      1.5127,     28.4867,     56.9734,      0.0190,      0.0031,      0.1281,      0.1993,   7602.3208,-454524.7500,   -934.0030,    541.8734,  25341.0684,
       1,     167,     125,      19,       1,       3,       1,     10.0000,      1.3887,     42.4238,    245.4776,     61.7772,      3.4953,      0.0925,      0.0602,     34.8181,      0.1670,      5.5131,     11.0261,      1.4754,     28.4867,     56.9734,      0.0190,      0.0039,      0.1105,      0.1993,   7602.3208,-460729.0312,   -935.3077,    541.4583,  25341.0684,
       1,     167,     125,      20,       1,       3,       1,     10.0000,      1.3887,     42.4238,    245.4776,     61.7772,      3.4953,      0.0116,     -0.0203,      4.7060,      0.1552,      5.5131,     11.0261,      1.3714,     28.4867,     56.9734,      0.0190,      0.0037,      0.0156,      0.1993,   7602.3208,-464803.5000,   -936.2129,    541.1827,  25341.0684,
       1,     167,     125,      21,       1,       3,       1,     10.0000,      1.3887,     42.4238,    245.4776,     61.7772,      3.4953,      0.0000,     -0.0317,      5.0049,      0.1492,      5.5131,     11.0261,      1.3187,     28.4867,     56.9734,      0.0190,      0.0040,      0.0156,      0.1993,   7602.3208,-426804.5938,   -928.9577,    543.7533,  25341.0684,
       1,     167,     125,      22,       1,       3,       1,     10.0000,      1.3887,     42.4238,    245.4776,     61.7772,      3.4953,      0.0000,     -0.0316,      4.0870,      0.1470,      5.5131,     11.0261,      1.2989,     28.4867,     56.9734,      0.0190,      0.0033,      0.0156,      0.1993,   7602.3208,-423919.1250,   -928.3874,    543.9555,  25341.0684,
       1,     167,     125,      23,       1,       3,       1,     10.0000,      1.3887,     42.4238,    245.4776,     61.7772,      3.4953,      0.0000,     -0.0315,      3.4300,      0.1452,      5.5131,     11.0261,      1.2833,     28.4867,     56.9734,      0.0190,      0.0027,      0.0156,      0.1993,   7602.3208,-422493.3750,   -928.0963,    544.0525,  25341.0684,
       1,     167,     125,      24,       1,       3,       1,     10.0000,      1.3887,     42.4238,    245.4776,     61.7772,      3.4953,      0.0000,     -0.0316,      3.0861,      0.1482,      5.5131,     11.0261,      1.3094,     28.4867,     56.9734,      0.0190,      0.0025,      0.0156,      0.1993,   7602.3208,-421533.6562,   -927.8994,    544.1177,  25341.0684,
       1,     167,     126,       1,       1,       3,       1,     10.0000,      1.3887,     42.4241,    245.4834,     61.7787,      3.4953,      0.0000,     -0.0317,      2.7082,      0.1491,      5.5142,     11.0285,      1.3174,     28.4894,     56.9789,      0.0190,      0.0022,      0.0156,      0.1994,   7602.3208,-421170.3750,   -928.1044,    544.1555,  25342.2188,
       1,     167,     126,       2,       1,       3,       1,     10.0000,      1.3887,     42.4241,    245.4834,     61.7787,      3.4953,      0.0000,     -0.0317,      2.6936,      0.1507,      5.5142,     11.0285,      1.3320,     28.4894,     56.9789,      0.0190,      0.0021,      0.0156,      0.1994,   7602.6660,-420503.0312,   -927.6886,    544.2009,  25342.2188,
       1,     167,     126,       3,       1,       3,       1,     10.0000,      1.3887,     42.4241,    245.4834,     61.7787,      3.4953,      0.0000,     -0.0318,      2.3529,      0.1517,      5.5142,     11.0285,      1.3401,     28.4894,     56.9789,      0.0190,      0.0019,      0.0156,      0.1994,   7602.6660,-420426.7188,   -927.6654,    544.2061,  25342.2188,
       1,     167,     126,       4,       1,       3,       1,     10.0000,      1.3887,     42.4241,    245.4834,     61.7787,      3.4953,      0.0000,     -0.0319,      1.9203,      0.1546,      5.5142,     11.0285,      1.3659,     28.4894,     56.9789,      0.0190,      0.0015,      0.0156,      0.1994,   7602.6660,-419986.5312,   -927.5747,    544.2360,  25342.2188,
       1,     167,     126,       5,       1,       3,       1,     10.0000,      1.3887,     42.4241,    245.4834,     61.7787,      3.4953,      0.0000,     -0.0319,      1.9583,      0.1568,      5.5142,     11.0285,      1.3852,     28.4894,     56.9789,      0.0190,      0.0016,      0.0156,      0.1994,   7602.6660,-419397.8750,   -927.4571,    544.2761,  25342.2168,
       1,     167,     126,       6,       1,       3,       1,     10.0000,      1.3887,     42.4241,    245.4834,     61.7787,      3.4953,      0.0000,     -0.0318,      1.8387,      0.1529,      5.5142,     11.0285,      1.3509,     28.4894,     56.9789,      0.0190,      0.0015,      0.0156,      0.1994,   7602.6655,-419395.5000,   -927.4508,    544.2762,  25342.2168,
       1,     167,     126,       7,       1,       3,       1,     10.0000,      1.3887,     42.4241,    245.4834,     61.7787,      3.4953,      0.0000,     -0.0318,      1.7298,      0.1517,      5.5142,     11.0285,      1.3401,     28.4894,     56.9789,      0.0190,      0.0014,      0.0156,      0.1994,   7602.6655,-419243.1562,   -927.4145,    544.2866,  25342.2168,
       1,     167,     126,       8,       1,       3,       1,     10.0000,      1.3887,     42.4241,    245.4834,     61.7787,      3.4953,      0.0040,     -0.0277,      1.3957,      0.1495,      5.5142,     11.0285,      1.3214,     28.4894,     56.9789,      0.0190,      0.0011,      0.0156,      0.1994,   7602.6655,-419091.4062,   -927.3780,    544.2969,  25342.2188,
       1,     167,     126,       9,       1,       3,       1,     10.0000,      1.3887,     42.4241,    245.4834,     61.7787,      3.4953,      0.0651,      0.0331,      7.0933,      0.1593,      5.5142,     11.0285,      1.4076,     28.4894,     56.9789,      0.0190,      0.0012,      0.0737,      0.1994,   7602.6660,-418652.7500,   -927.2862,    544.3268,  25342.2168,
       1,     167,     126,      10,       1,       3,       1,     10.0000,      1.3887,     42.4241,    245.4834,     61.7787,      3.4953,      0.1286,      0.0959,     19.1751,      0.1799,      5.5142,     11.0285,      1.5899,     28.4894,     56.9789,      0.0190,      0.0014,      0.1653,      0.1994,   7602.6655,-425865.7812,   -928.6730,    543.8359,  25342.2207,
       1,     167,     126,      11,       1,       3,       1,     10.0000,      1.3887,     42.4241,    245.4834,     61.7787,      3.4953,      0.1594,      0.1261,     20.4594,      0.2008,      5.5142,     11.0285,      1.7746,     28.4894,     56.9789,      0.0190,      0.0012,      0.2107,      0.1994,   7602.6665,-441867.2188,   -931.7775,    542.7485,  25342.2168,
       1,     167,     126,      12,       1,       3,       1,     10.0000,      1.3887,     42.4241,    245.4834,     61.7787,      3.4953,      0.1830,      0.1490,     21.6560,      0.2227,      5.5142,     11.0285,      1.9676,     28.4894,     56.9789,      0.0190,      0.0011,      0.2457,      0.1994,   7602.6655,-444889.8438,   -932.3889,    542.5446,  25342.2188,
       1,     167,     126,      13,       1,       3,       1,     10.0000,      1.3887,     42.4241,    245.4834,     61.7787,      3.4953,      0.1829,      0.1486,     25.4467,      0.2336,      5.5142,     11.0285,      2.0642,     28.4894,     56.9789,      0.0190,      0.0013,      0.2452,      0.1994,   7602.6660,-446672.9688,   -932.7250,    542.4236,  25342.2207,
       1,     167,     126,      14,       1,       3,       1,     10.0000,      1.3887,     42.4241,    245.4834,     61.7787,      3.4953,      0.1748,      0.1402,     33.7971,      0.2498,      5.5142,     11.0285,      2.2078,     28.4894,     56.9789,      0.0190,      0.0018,      0.2323,      0.1994,   7602.6665,-451653.0000,   -933.6836,    542.0860,  25342.2188,
       1,     167,     126,      15,       1,       3,       1,     10.0000,      1.3887,     42.4241,    245.4834,     61.7787,      3.4953,      0.1550,      0.1204,     49.0639,      0.2441,      5.5142,     11.0285,      2.1568,     28.4894,     56.9789,      0.0190,      0.0030,      0.2009,      0.1994,   7602.6660,-462715.5312,   -935.8553,    541.3365,  25342.2188,
       1,     167,     126,      16,       1,       3,       1,     10.0000,      1.3887,     42.4241,    245.4834,     61.7787,      3.4953,      0.1781,      0.1438,     87.0522,      0.2380,      5.5142,     11.0285,      2.1028,     28.4894,     56.9789,      0.0190,      0.0047,      0.2310,      0.1993,   7602.6660,-483113.7500,   -939.9108,    539.9567,  25342.2188,
       1,     167,     126,      17,       1,       3,       1,     10.0000,      1.3887,     42.4241,    245.4834,     61.7787,      3.4953,      0.1728,      0.1387,    110.3101,      0.2275,      5.5142,     11.0285,      2.0104,     28.4894,     56.9789,      0.0190,      0.0062,      0.2204,      0.1993,   7602.6660,-533269.3750,   -949.8204,    536.5732,  25342.2168,
       1,     167,     126,      18,       1,       3,       1,     10.0000,      1.3887,     42.4241,    245.4834,     61.7787,      3.4953,      0.1489,      0.1155,    114.6163,      0.2038,      5.5142,     11.0285,      1.8011,     28.4894,     56.9789,      0.0190,      0.0077,      0.1843,      0.1993,   7602.6655,-567277.5625,   -956.7694,    534.3028,  25342.2188,
       1,     167,     126,      19,       1,       3,       1,     10.0000,      1.3887,     42.4241,    245.4834,     61.7787,      3.4953,      0.0838,      0.0506,     65.4633,      0.1955,      5.5142,     11.0285,      1.7279,     28.4894,     56.9789,      0.0190,      0.0087,      0.0936,      0.1992,   7602.6660,-575703.6250,   -958.8464,    533.7449,  25342.2168,
       1,     167,     126,      20,       1,       3,       1,     10.0000,      1.3887,     42.4241,    245.4834,     61.7787,      3.4953,      0.0174,     -0.0152,      1.7767,      0.1741,      5.5142,     11.0285,      1.5385,     28.4894,     56.9789,      0.0190,      0.0062,      0.0036,      0.1992,   7602.6655,-513718.3125,   -947.0638,    537.8807,  25342.2168,
       1,     167,     126,      21,       1,       3,       1,     10.0000,      1.3887,     42.4241,    245.4834,     61.7787,      3.4953,      0.0000,     -0.0321,      7.1305,      0.1606,      5.5142,     11.0285,      1.4190,     28.4894,     56.9789,      0.0190,      0.0057,      0.0156,      0.1993,   7602.6655,-427267.7500,   -930.2013,    543.7092,  25342.2168,
       1,     167,     126,      22,       1,       3,       1,     10.0000,      1.3887,     42.4241,    245.4834,     61.7787,      3.4953,      0.0000,     -0.0319,      6.8464,      0.1560,      5.5142,     11.0285,      1.3783,     28.4894,     56.9789,      0.0190,      0.0055,      0.0156,      0.1994,   7602.6655,-426699.6250,   -930.0219,    543.7795,  25342.2168,
       1,     167,     126,      23,       1,       3,       1,     10.0000,      1.3887,     42.4241,    245.4834,     61.7787,      3.4953,      0.0000,     -0.0320,      5.6761,      0.1595,      5.5142,     11.0285,      1.4091,     28.4894,     56.9789,      0.0190,      0.0045,      0.0156,      0.1994,   7602.6655,-426248.6562,   -929.8749,    543.8102,  25342.2168,
       1,     167,     126,      24,       1,       3,       1,     10.0000,      1.3887,     42.4241,    245.4834,     61.7787,      3.4953,      0.0000,     -0.0321,      5.1228,      0.1606,      5.5142,     11.0285,      1.4190,     28.4894,     56.9789,      0.0190,      0.0041,      0.0156,      0.1994,   7602.6655,-424720.1250,   -929.5262,    543.9141,  25342.2168,
       1,     167,     127,       1,       1,       3,       1,     10.0000,      1.3888,     42.4245,    245.4893,     61.7802,      3.4953,      0.0000,     -0.0320,      3.1805,      0.1574,      5.5139,     11.0279,      1.3908,     28.4905,     56.9810,      0.0190,      0.0025,      0.0156,      0.1994,   7602.6655,-424040.5312,   -929.6385,    543.9733,  25343.3672,
       1,     167,     127,       2,       1,       3,       1,     10.0000,      1.3888,     42.4245,    245.4893,     61.7802,      3.4953,      0.0000,     -0.0319,      2.0536,      0.1544,      5.5139,     11.0279,      1.3646,     28.4905,     56.9810,      0.0190,      0.0016,      0.0156,      0.1994,   7603.0103,-421355.1875,   -928.8052,    544.1559,  25343.3672,
       1,     167,     127,       3,       1,       3,       1,     10.0000,      1.3888,     42.4245,    245.4893,     61.7802,      3.4953,      0.0000,     -0.0318,      1.7721,      0.1523,      5.5139,     11.0279,      1.3455,     28.4905,     56.9810,      0.0190,      0.0014,      0.0156,      0.1994,   7603.0103,-419688.8438,   -928.4611,    544.2693,  25343.3672,
       1,     167,     127,       4,       1,       3,       1,     10.0000,      1.3888,     42.4245,    245.4893,     61.7802,      3.4953,      0.0000,     -0.0317,      1.6024,      0.1489,      5.5139,     11.0279,      1.3161,     28.4905,     56.9810,      0.0190,      0.0013,      0.0156,      0.1994,   7603.0103,-419186.4688,   -928.3467,    544.3035,  25343.3672,
       1,     167,     127,       5,       1,       3,       1,     10.0000,      1.3888,     42.4245,    245.4893,     61.7802,      3.4953,      0.0000,     -0.0316,      1.3889,      0.1463,      5.5139,     11.0279,      1.2924,     28.4905,     56.9810,      0.0190,      0.0011,      0.0156,      0.1994,   7603.0103,-418927.0312,   -928.2827,    544.3212,  25343.3672,
       1,     167,     127,       6,       1,       3,       1,     10.0000,      1.3888,     42.4245,    245.4893,     61.7802,      3.4953,      0.0000,     -0.0316,      1.4442,      0.1467,      5.5139,     11.0279,      1.2963,     28.4905,     56.9810,      0.0190,      0.0011,      0.0156,      0.1994,   7603.0103,-418632.9062,   -928.2148,    544.3412,  25343.3672,
       1,     167,     127,       7,       1,       3,       1,     10.0000,      1.3888,     42.4245,    245.4893,     61.7802,      3.4953,      0.0000,     -0.0315,      1.6364,      0.1449,      5.5139,     11.0279,      1.2808,     28.4905,     56.9810,      0.0190,      0.0013,      0.0156,      0.1994,   7603.0103,-418677.7188,   -928.2118,    544.3381,  25343.3672,
       1,     167,     127,       8,       1,       3,       1,     10.0000,      1.3888,     42.4245,    245.4893,     61.7802,      3.4953,      0.0142,     -0.0173,      0.0484,      0.1429,      5.5139,     11.0279,      1.2628,     28.4905,     56.9810,      0.0190,      0.0013,      0.0005,      0.1994,   7603.0103,-418926.3125,   -928.2464,    544.3212,  25343.3691,
       1,     167,     127,       9,       1,       3,       1,     10.0000,      1.3888,     42.4245,    245.4893,     61.7802,      3.4953,      0.0700,      0.0379,      7.7761,      0.1617,      5.5139,     11.0279,      1.4290,     28.4905,     56.9810,      0.0190,      0.0012,      0.0807,      0.1994,   7603.0112,-416926.8750,   -927.8315,    544.4572,  25343.3672,
       1,     167,     127,      10,       1,       3,       1,     10.0000,      1.3888,     42.4245,    245.4893,     61.7802,      3.4953,      0.1162,      0.0835,     13.6500,      0.1808,      5.5139,     11.0279,      1.5978,     28.4905,     56.9810,      0.0190,      0.0011,      0.1478,      0.1994,   7603.0103,-426586.7500,   -929.7137,    543.7998,  25343.3652,
       1,     167,     127,      11,       1,       3,       1,     10.0000,      1.3888,     42.4245,    245.4893,     61.7802,      3.4953,      0.1656,      0.1324,     21.6285,      0.1950,      5.5139,     11.0279,      1.7228,     28.4905,     56.9810,      0.0190,      0.0012,      0.2197,      0.1994,   7603.0098,-434899.5312,   -931.3430,    543.2352,  25343.3672,
       1,     167,     127,      12,       1,       3,       1,     10.0000,      1.3888,     42.4245,    245.4893,     61.7802,      3.4953,      0.1254,      0.0920,     17.4168,      0.2024,      5.5139,     11.0279,      1.7887,     28.4905,     56.9810,      0.0190,      0.0013,      0.1606,      0.1994,   7603.0103,-445773.1875,   -933.4634,    542.4971,  25343.3691,
       1,     167,     127,      13,       1,       3,       1,     10.0000,      1.3888,     42.4245,    245.4893,     61.7802,      3.4953,      0.1202,      0.0865,     19.0850,      0.2124,      5.5139,     11.0279,      1.8771,     28.4905,     56.9810,      0.0190,      0.0016,      0.1527,      0.1994,   7603.0112,-441353.1250,   -932.6156,    542.7974,  25343.3672,
       1,     167,     127,      14,       1,       3,       1,     10.0000,      1.3888,     42.4245,    245.4893,     61.7802,      3.4953,      0.1277,      0.0939,     34.9987,      0.2169,      5.5139,     11.0279,      1.9162,     28.4905,     56.9810,      0.0190,      0.0027,      0.1619,      0.1994,   7603.0103,-443094.2188,   -932.9800,    542.6793,  25343.3672,
       1,     167,     127,      15,       1,       3,       1,     10.0000,      1.3888,     42.4245,    245.4893,     61.7802,      3.4953,      0.0945,      0.0606,     32.4085,      0.2203,      5.5139,     11.0279,      1.9465,     28.4905,     56.9810,      0.0190,      0.0036,      0.1129,      0.1994,   7603.0103,-463500.8438,   -937.0367,    541.2950,  25343.3672,
       1,     167,     127,      16,       1,       3,       1,     10.0000,      1.3888,     42.4245,    245.4893,     61.7802,      3.4953,      0.1511,      0.1175,     69.0342,      0.2126,      5.5139,     11.0279,      1.8790,     28.4905,     56.9810,      0.0190,      0.0044,      0.1928,      0.1994,   7603.0103,-461971.8438,   -936.8042,    541.4002,  25343.3633,
       1,     167,     127,      17,       1,       3,       1,     10.0000,      1.3888,     42.4245,    245.4893,     61.7802,      3.4953,      0.1729,      0.1395,     91.8580,      0.2038,      5.5139,     11.0279,      1.8011,     28.4905,     56.9810,      0.0190,      0.0051,      0.2224,      0.1994,   7603.0093,-508471.4375,   -946.0771,    538.2534,  25343.3652,
       1,     167,     127,      18,       1,       3,       1,     10.0000,      1.3888,     42.4245,    245.4893,     61.7802,      3.4953,      0.1815,      0.1481,    103.9347,      0.2050,      5.5139,     11.0279,      1.8118,     28.4905,     56.9810,      0.0190,      0.0055,      0.2338,      0.1993,   7603.0098,-541594.1250,   -952.8343,    536.0339,  25343.3652,
       1,     167,     127,      19,       1,       3,       1,     10.0000,      1.3888,     42.4245,    245.4893,     61.7802,      3.4953,      0.1351,      0.1020,     80.4825,      0.1936,      5.5139,     11.0279,      1.7110,     28.4905,     56.9810,      0.0190,      0.0060,      0.1678,      0.1993,   7603.0098,-559848.6875,   -956.7493,    534.8154,  25343.3652,
       1,     167,     127,      20,       1,       3,       1,     10.0000,      1.3888,     42.4245,    245.4893,     61.7802,      3.4953,      0.0314,     -0.0013,     10.1386,      0.1789,      5.5139,     11.0279,      1.5805,     28.4905,     56.9810,      0.0190,      0.0055,      0.0231,      0.1993,   7603.0098,-531513.1875,   -951.4892,    536.7111,  25343.3652,
       1,     167,     127,      21,       1,       3,       1,     10.0000,      1.3888,     42.4245,    245.4893,     61.7802,      3.4953,      0.0000,     -0.0324,      5.9364,      0.1693,      5.5139,     11.0279,      1.4962,     28.4905,     56.9810,      0.0190,      0.0047,      0.0156,      0.1993,   7603.0098,-439418.6562,   -933.3661,    542.8930,  25343.3633,
       1,     167,     127,      22,       1,       3,       1,     10.0000,      1.3888,     42.4245,    245.4893,     61.7802,      3.4953,      0.0000,     -0.0323,      4.9115,      0.1665,      5.5139,     11.0279,      1.4710,     28.4905,     56.9810,      0.0190,      0.0039,      0.0156,      0.1994,   7603.0093,-426237.0312,   -930.7073,    543.8232,  25343.3633,
       1,     167,     127,      23,       1,       3,       1,     10.0000,      1.3888,     42.4245,    245.4893,     61.7802,      3.4953,      0.0000,     -0.0322,      5.3554,      0.1655,      5.5139,     11.0279,      1.4622,     28.4905,     56.9810,      0.0190,      0.0043,      0.0156,      0.1994,   7603.0093,-423749.5312,   -930.1648,    543.9930,  25343.3672,
       1,     167,     127,      24,       1,       3,       1,     10.0000,      1.3888,     42.4245,    245.4893,     61.7802,      3.4953,      0.0000,     -0.0323,      4.3713,      0.1675,      5.5139,     11.0279,      1.4799,     28.4905,     56.9810,      0.0190,      0.0035,      0.0156,      0.1994,   7603.0103,-424097.7188,   -930.1763,    543.9694,  25343.3652,
       1,     167,     128,       1,       1,       3,       1,     10.0000,      1.3888,     42.4248,    245.4952,     61.7817,      3.4953,      0.0000,     -0.0321,      3.3757,      0.1601,      5.5146,     11.0292,      1.4148,     28.4882,     56.9764,      0.0190,      0.0027,      0.0156,      0.1994,   7603.0098,-423032.7500,   -930.2126,    544.0548,  25344.5156,
       1,     167,     128,       2,       1,       3,       1,     10.0000,      1.3888,     42.4248,    245.4952,     61.7817,      3.4953,      0.0000,     -0.0321,      2.6267,      0.1607,      5.5146,     11.0292,      1.4205,     28.4882,     56.9764,      0.0190,      0.0021,      0.0156,      0.1994,   7603.3550,-421519.0938,   -929.5916,    544.1578,  25344.5156,
       1,     167,     128,       3,       1,       3,       1,     10.0000,      1.3888,     42.4248,    245.4952,     61.7817,      3.4953,      0.0000,     -0.0320,      2.2788,      0.1590,      5.5146,     11.0292,      1.4049,     28.4882,     56.9764,      0.0190,      0.0018,      0.0156,      0.1994,   7603.3550,-420435.0938,   -929.3507,    544.2315,  25344.5156,
       1,     167,     128,       4,       1,       3,       1,     10.0000,      1.3888,     42.4248,    245.4952,     61.7817,      3.4953,      0.0000,     -0.0319,      2.1351,      0.1554,      5.5146,     11.0292,      1.3729,     28.4882,     56.9764,      0.0190,      0.0017,      0.0156,      0.1994,   7603.3550,-419898.6250,   -929.2225,    544.2681,  25344.5156,
       1,     167,     128,       5,       1,       3,       1,     10.0000,      1.3888,     42.4248,    245.4952,     61.7817,      3.4953,      0.0000,     -0.0318,      2.0558,      0.1512,      5.5146,     11.0292,      1.3361,     28.4882,     56.9764,      0.0190,      0.0016,      0.0156,      0.1994,   7603.3550,-419669.2812,   -929.1571,    544.2836,  25344.5156,
       1,     167,     128,       6,       1,       3,       1,     10.0000,      1.3888,     42.4248,    245.4952,     61.7817,      3.4953,      0.0000,     -0.0317,      1.7058,      0.1500,      5.5146,     11.0292,      1.3254,     28.4882,     56.9764,      0.0190,      0.0014,      0.0156,      0.1994,   7603.3550,-419548.5625,   -929.1141,    544.2918,  25344.5156,
       1,     167,     128,       7,       1,       3,       1,     10.0000,      1.3888,     42.4248,    245.4952,     61.7817,      3.4953,      0.0000,     -0.0315,      1.8168,      0.1445,      5.5146,     11.0292,      1.2769,     28.4882,     56.9764,      0.0190,      0.0014,      0.0156,      0.1994,   7603.3550,-419092.8750,   -929.0090,    544.3229,  25344.5137,
       1,     167,     128,       8,       1,       3,       1,     10.0000,      1.3888,     42.4248,    245.4952,     61.7817,      3.4953,      0.0073,     -0.0243,      1.7763,      0.1455,      5.5146,     11.0292,      1.2860,     28.4882,     56.9764,      0.0190,      0.0014,      0.0156,      0.1994,   7603.3545,-419194.8438,   -929.0154,    544.3159,  25344.5176,
       1,     167,     128,       9,       1,       3,       1,     10.0000,      1.3888,     42.4248,    245.4952,     61.7817,      3.4953,      0.0406,      0.0084,      4.2837,      0.1660,      5.5146,     11.0292,      1.4667,     28.4882,     56.9764,      0.0190,      0.0014,      0.0378,      0.1994,   7603.3555,-419151.7500,   -928.9894,    544.3189,  25344.5156,
       1,     167,     128,      10,       1,       3,       1,     10.0000,      1.3888,     42.4248,    245.4952,     61.7817,      3.4953,      0.1670,      0.1341,     28.1824,      0.1876,      5.5146,     11.0292,      1.6576,     28.4882,     56.9764,      0.0190,      0.0016,      0.2210,      0.1994,   7603.3550,-422338.2188,   -929.6047,    544.1021,  25344.5137,
       1,     167,     128,      11,       1,       3,       1,     10.0000,      1.3888,     42.4248,    245.4952,     61.7817,      3.4953,      0.1689,      0.1355,     31.4419,      0.2034,      5.5146,     11.0292,      1.7976,     28.4882,     56.9764,      0.0190,      0.0017,      0.2235,      0.1994,   7603.3545,-453021.7188,   -935.6796,    542.0152,  25344.5176,
       1,     167,     128,      12,       1,       3,       1,     10.0000,      1.3888,     42.4248,    245.4952,     61.7817,      3.4953,      0.1682,      0.1341,     35.6071,      0.2280,      5.5146,     11.0292,      2.0145,     28.4882,     56.9764,      0.0190,      0.0020,      0.2221,      0.1994,   7603.3555,-459836.2188,   -937.0474,    541.5575,  25344.5156,
       1,     167,     128,      13,       1,       3,       1,     10.0000,      1.3888,     42.4248,    245.4952,     61.7817,      3.4953,      0.1496,      0.1149,     33.0276,      0.2506,      5.5146,     11.0292,      2.2143,     28.4882,     56.9764,      0.0190,      0.0021,      0.1947,      0.1994,   7603.3550,-465723.1250,   -938.2496,    541.1592,  25344.5156,
       1,     167,     128,      14,       1,       3,       1,     10.0000,      1.3888,     42.4248,    245.4952,     61.7817,      3.4953,      0.0669,      0.0325,     15.6969,      0.2384,      5.5146,     11.0292,      2.1071,     28.4882,     56.9764,      0.0190,      0.0027,      0.0735,      0.1994,   7603.3550,-462947.5000,   -937.7521,    541.3471,  25344.5156,
       1,     167,     128,      15,       1,       3,       1,     10.0000,      1.3888,     42.4248,    245.4952,     61.7817,      3.4953,      0.0993,      0.0649,     40.2207,      0.2380,      5.5146,     11.0292,      2.1029,     28.4882,     56.9764,      0.0190,      0.0042,      0.1189,      0.1994,   7603.3550,-440643.9688,   -933.3575,    542.8564,  25344.5156,
       1,     167,     128,      16,       1,       3,       1,     10.0000,      1.3888,     42.4248,    245.4952,     61.7817,      3.4953,      0.1803,      0.1461,     99.0531,      0.2286,      5.5146,     11.0292,      2.0204,     28.4882,     56.9764,      0.0190,      0.0053,      0.2327,      0.1994,   7603.3550,-469934.6250,   -939.2354,    540.8709,  25344.5176,
       1,     167,     128,      17,       1,       3,       1,     10.0000,      1.3888,     42.4248,    245.4952,     61.7817,      3.4953,      0.1626,      0.1291,    105.1009,      0.2030,      5.5146,     11.0292,      1.7941,     28.4882,     56.9764,      0.0190,      0.0063,      0.2056,      0.1994,   7603.3555,-547381.3125,   -954.8368,    535.6385,  25344.5156,
       1,     167,     128,      18,       1,       3,       1,     10.0000,      1.3888,     42.4248,    245.4952,     61.7817,      3.4953,      0.1587,      0.1251,    117.4592,      0.2097,      5.5146,     11.0292,      1.8533,     28.4882,     56.9764,      0.0190,      0.0074,      0.1984,      0.1993,   7603.3550,-561847.8750,   -958.0858,    534.6951,  25344.5156,
       1,     167,     128,      19,       1,       3,       1,     10.0000,      1.3888,     42.4248,    245.4952,     61.7817,      3.4953,      0.1122,      0.0790,     62.2212,      0.1952,      5.5146,     11.0292,      1.7246,     28.4882,     56.9764,      0.0190,      0.0057,      0.1360,      0.1993,   7603.3550,-578823.1250,   -961.9062,    533.5613,  25344.5156,
       1,     167,     128,      20,       1,       3,       1,     10.0000,      1.3888,     42.4248,    245.4952,     61.7817,      3.4953,      0.0271,     -0.0057,      7.7127,      0.1814,      5.5146,     11.0292,      1.6027,     28.4882,     56.9764,      0.0190,      0.0057,      0.0169,      0.1993,   7603.3550,-509832.6875,   -948.4613,    538.1639,  25344.5176,
       1,     167,     128,      21,       1,       3,       1,     10.0000,      1.3888,     42.4248,    245.4952,     61.7817,      3.4953,      0.0000,     -0.0325,      6.6360,      0.1745,      5.5146,     11.0292,      1.5417,     28.4882,     56.9764,      0.0190,      0.0053,      0.0156,      0.1993,   7603.3555,-434509.3438,   -933.4363,    543.2507,  25344.5137,
       1,     167,     128,      22,       1,       3,       1,     10.0000,      1.3888,     42.4248,    245.4952,     61.7817,      3.4953,      0.0000,     -0.0325,      5.7649,      0.1736,      5.5146,     11.0292,      1.5340,     28.4882,     56.9764,      0.0190,      0.0046,      0.0156,      0.1994,   7603.3545,-426690.8125,   -931.8165,    543.8058,  25344.5137,
       1,     167,     128,      23,       1,       3,       1,     10.0000,      1.3888,     42.4248,    245.4952,     61.7817,      3.4953,      0.0000,     -0.0325,      6.0058,      0.1722,      5.5146,     11.0292,      1.5218,     28.4882,     56.9764,      0.0190,      0.0048,      0.0156,      0.1994,   7603.3545,-424876.1562,   -931.4001,    543.9295,  25344.5137,
       1,     167,     128,      24,       1,       3,       1,     10.0000,      1.3888,     42.4248,    245.4952,     61.7817,      3.4953,      0.0000,     -0.0323,      4.7646,      0.1681,      5.5146,     11.0292,      1.4858,     28.4882,     56.9764,      0.0190,      0.0038,      0.0156,      0.1994,   7603.3545,-425025.2500,   -931.3751,    543.9194,  25344.5137,
       1,     167,     129,       1,       1,       3,       1,     10.0000,      1.3888,     42.4251,    245.5010,     61.7831,      3.4953,      0.0000,     -0.0322,      3.5700,      0.1655,      5.5147,     11.0293,      1.4623,     28.4856,     56.9712,      0.0190,      0.0028,      0.0156,      0.1995,   7603.3545,-423615.5938,   -931.3436,    544.0283,  25345.6621,
       1,     167,     129,       2,       1,       3,       1,     10.0000,      1.3888,     42.4251,    245.5010,     61.7831,      3.4953,      0.0000,     -0.0321,      2.9610,      0.1617,      5.5147,     11.0293,      1.4291,     28.4856,     56.9712,      0.0190,      0.0024,      0.0156,      0.1995,   7603.6987,-421819.1875,   -930.6620,    544.1505,  25345.6621,
       1,     167,     129,       3,       1,       3,       1,     10.0000,      1.3888,     42.4251,    245.5010,     61.7831,      3.4953,      0.0000,     -0.0320,      2.8551,      0.1598,      5.5147,     11.0293,      1.4120,     28.4856,     56.9712,      0.0190,      0.0023,      0.0156,      0.1995,   7603.6987,-420889.0938,   -930.4510,    544.2137,  25345.6641,
       1,     167,     129,       4,       1,       3,       1,     10.0000,      1.3888,     42.4251,    245.5010,     61.7831,      3.4953,      0.0000,     -0.0320,      2.8555,      0.1587,      5.5147,     11.0293,      1.4021,     28.4856,     56.9712,      0.0190,      0.0023,      0.0156,      0.1995,   7603.6997,-420673.6250,   -930.3841,    544.2283,  25345.6621,
       1,     167,     129,       5,       1,       3,       1,     10.0000,      1.3888,     42.4251,    245.5010,     61.7831,      3.4953,      0.0000,     -0.0321,      2.5802,      0.1603,      5.5147,     11.0293,      1.4162,     28.4856,     56.9712,      0.0190,      0.0021,      0.0156,      0.1995,   7603.6987,-420655.7500,   -930.3582,    544.2296,  25345.6621,
       1,     167,     129,       6,       1,       3,       1,     10.0000,      1.3888,     42.4251,    245.5010,     61.7831,      3.4953,      0.0000,     -0.0321,      2.4234,      0.1611,      5.5147,     11.0293,      1.4233,     28.4856,     56.9712,      0.0190,      0.0019,      0.0156,      0.1995,   7603.6987,-420304.0938,   -930.2678,    544.2535,  25345.6641,
       1,     167,     129,       7,       1,       3,       1,     10.0000,      1.3888,     42.4251,    245.5010,     61.7831,      3.4953,      0.0000,     -0.0321,      2.1035,      0.1614,      5.5147,     11.0293,      1.4262,     28.4856,     56.9712,      0.0190,      0.0017,      0.0156,      0.1995,   7603.6997,-420073.8438,   -930.2029,    544.2692,  25345.6641,
       1,     167,     129,       8,       1,       3,       1,     10.0000,      1.3888,     42.4251,    245.5010,     61.7831,      3.4953,      0.0184,     -0.0138,      0.7388,      0.1627,      5.5147,     11.0293,      1.4377,     28.4856,     56.9712,      0.0190,      0.0016,      0.0057,      0.1995,   7603.6997,-419646.9375,   -930.1025,    544.2983,  25345.6621,
       1,     167,     129,       9,       1,       3,       1,     10.0000,      1.3888,     42.4251,    245.5010,     61.7831,      3.4953,      0.0719,      0.0396,     11.9673,      0.1688,      5.5147,     11.0293,      1.4918,     28.4856,     56.9712,      0.0190,      0.0018,      0.0829,      0.1995,   7603.6987,-417874.0312,   -929.7260,    544.4189,  25345.6621,
       1,     167,     129,      10,       1,       3,       1,     10.0000,      1.3888,     42.4251,    245.5010,     61.7831,      3.4953,      0.1723,      0.1397,     34.2480,      0.1767,      5.5147,     11.0293,      1.5618,     28.4856,     56.9712,      0.0190,      0.0019,      0.2281,      0.1995,   7603.6987,-432004.4375,   -932.5621,    543.4572,  25345.6621,
       1,     167,     129,      11,       1,       3,       1,     10.0000,      1.3888,     42.4251,    245.5010,     61.7831,      3.4953,      0.1872,      0.1538,     36.3354,      0.2034,      5.5147,     11.0293,      1.7976,     28.4856,     56.9712,      0.0190,      0.0018,      0.2500,      0.1994,   7603.6987,-461579.0938,   -938.5204,    541.4490,  25345.6641,
       1,     167,     129,      12,       1,       3,       1,     10.0000,      1.3888,     42.4251,    245.5010,     61.7831,      3.4953,      0.1870,      0.1531,     35.6590,      0.2199,      5.5147,     11.0293,      1.9428,     28.4856,     56.9712,      0.0190,      0.0018,      0.2500,      0.1994,   7603.6997,-466802.3750,   -939.5925,    541.0992,  25345.6621,
       1,     167,     129,      13,       1,       3,       1,     10.0000,      1.3888,     42.4251,    245.5010,     61.7831,      3.4953,      0.1872,      0.1529,     38.9843,      0.2345,      5.5147,     11.0293,      2.0724,     28.4856,     56.9712,      0.0190,      0.0019,      0.2500,      0.1994,   7603.6987,-466388.2188,   -939.5378,    541.1274,  25345.6641,
       1,     167,     129,      14,       1,       3,       1,     10.0000,      1.3888,     42.4251,    245.5010,     61.7831,      3.4953,      0.1876,      0.1543,     41.3889,      0.2008,      5.5147,     11.0293,      1.7747,     28.4856,     56.9712,      0.0190,      0.0021,      0.2500,      0.1994,   7603.6997,-470585.1875,   -940.3954,    540.8434,  25345.6602,
       1,     167,     129,      15,       1,       3,       1,     10.0000,      1.3888,     42.4251,    245.5010,     61.7831,      3.4953,      0.1886,      0.1559,     52.4102,      0.1812,      5.5147,     11.0293,      1.6011,     28.4856,     56.9712,      0.0190,      0.0026,      0.2500,      0.1994,   7603.6982,-474009.6562,   -946.0242,    540.6121,  25345.6641,
       1,     167,     129,      16,       1,       3,       1,     10.0000,      1.3888,     42.4251,    245.5010,     61.7831,      3.4953,      0.1907,      0.1575,     81.1152,      0.1963,      5.5147,     11.0293,      1.7349,     28.4856,     56.9712,      0.0190,      0.0040,      0.2500,      0.1994,   7603.6997,-488336.5000,   -949.3436,    539.6439,  25345.6621,
       1,     167,     129,      17,       1,       3,       1,     10.0000,      1.3888,     42.4251,    245.5010,     61.7831,      3.4953,      0.1879,      0.1542,    101.9442,      0.2131,      5.5147,     11.0293,      1.8827,     28.4856,     56.9712,      0.0190,      0.0052,      0.2436,      0.1994,   7603.6987,-526129.9375,   -957.0032,    537.0954,  25345.6621,
       1,     167,     129,      18,       1,       3,       1,     10.0000,      1.3888,     42.4251,    245.5010,     61.7831,      3.4953,      0.1625,      0.1291,     99.5565,      0.2044,      5.5147,     11.0293,      1.8065,     28.4856,     56.9712,      0.0190,      0.0060,      0.2062,      0.1993,   7603.6987,-555947.3125,   -963.2229,    535.0996,  25345.6602,
       1,     167,     129,      19,       1,       3,       1,     10.0000,      1.3888,     42.4251,    245.5010,     61.7831,      3.4953,      0.1236,      0.0903,     52.3672,      0.1993,      5.5147,     11.0293,      1.7608,     28.4856,     56.9712,      0.0190,      0.0042,      0.1540,      0.1993,   7603.6982,-555477.5625,   -963.4744,    535.1348,  25345.6602,
       1,     167,     129,      20,       1,       3,       1,     10.0000,      1.3888,     42.4251,    245.5010,     61.7831,      3.4953,      0.0221,     -0.0106,      1.5646,      0.1792,      5.5147,     11.0293,      1.5837,     28.4856,     56.9712,      0.0190,      0.0019,      0.0104,      0.1993,   7603.6982,-495273.6250,   -951.6529,    539.1619,  25345.6602,
       1,     167,     129,      21,       1,       3,       1,     10.0000,      1.3888,     42.4251,    245.5010,     61.7831,      3.4953,      0.0000,     -0.0324,      4.4735,      0.1714,      5.5147,     11.0293,      1.5143,     28.4856,     56.9712,      0.0190,      0.0036,      0.0156,      0.1994,   7603.6982,-425435.7188,   -937.6791,    543.8837,  25345.6621,
       1,     167,     129,      22,       1,       3,       1,     10.0000,      1.3888,     42.4251,    245.5010,     61.7831,      3.4953,      0.0000,     -0.0324,      5.5972,      0.1690,      5.5147,     11.0293,      1.4933,     28.4856,     56.9712,      0.0190,      0.0045,      0.0156,      0.1995,   7603.6987,-423152.5938,   -937.1641,    544.0597,  25345.6602,
       1,     167,     129,      23,       1,       3,       1,     10.0000,      1.3888,     42.4251,    245.5010,     61.7831,      3.4953,      0.0000,     -0.0324,      5.4673,      0.1692,      5.5147,     11.0293,      1.4948,     28.4856,     56.9712,      0.0190,      0.0044,      0.0156,      0.1995,   7603.6982,-424358.7188,   -937.3351,    543.9778,  25345.6602,
       1,     167,     129,      24,       1,       3,       1,     10.0000,      1.3888,     42.4251,    245.5010,     61.7831,      3.4953,      0.0000,     -0.0323,      5.2075,      0.1687,      5.5147,     11.0293,      1.4903,     28.4856,     56.9712,      0.0190,      0.0041,      0.0156,      0.1995,   7603.6982,-424297.6875,   -937.2529,    543.9819,  25345.6621,
       1,     167,     130,       1,       1,       3,       1,     10.0000,      1.3888,     42.4255,    245.5069,     61.7846,      3.4953,      0.0000,     -0.0323,      3.9135,      0.1663,      5.5143,     11.0287,      1.4697,     28.4926,     56.9852,      0.0190,      0.0031,      0.0156,      0.1995,   7603.6987,-424118.3125,   -937.4466,    544.0070,  25346.8125,
       1,     167,     130,       2,       1,       3,       1,     10.0000,      1.3888,     42.4255,    245.5069,     61.7846,      3.4953,      0.0000,     -0.0322,      3.3576,      0.1653,      5.5143,     11.0287,      1.4609,     28.4926,     56.9852,      0.0190,      0.0027,      0.0156,      0.1995,   7604.0439,-422302.0312,   -936.7419,    544.1304,  25346.8105,
       1,     167,     130,       3,       1,       3,       1,     10.0000,      1.3888,     42.4255,    245.5069,     61.7846,      3.4953,      0.0000,     -0.0321,      3.0400,      0.1614,      5.5143,     11.0287,      1.4262,     28.4926,     56.9852,      0.0190,      0.0024,      0.0156,      0.1995,   7604.0435,-421438.2812,   -936.5282,    544.1893,  25346.8105,
       1,     167,     130,       4,       1,       3,       1,     10.0000,      1.3888,     42.4255,    245.5069,     61.7846,      3.4953,      0.0000,     -0.0320,      2.5938,      0.1590,      5.5143,     11.0287,      1.4050,     28.4926,     56.9852,      0.0190,      0.0021,      0.0156,      0.1995,   7604.0435,-420959.4375,   -936.3958,    544.2218,  25346.8105,
       1,     167,     130,       5,       1,       3,       1,     10.0000,      1.3888,     42.4255,    245.5069,     61.7846,      3.4953,      0.0000,     -0.0321,      2.4533,      0.1624,      5.5143,     11.0287,      1.4348,     28.4926,     56.9852,      0.0190,      0.0020,      0.0156,      0.1995,   7604.0435,-420350.4062,   -936.2448,    544.2632,  25346.8125,
       1,     167,     130,       6,       1,       3,       1,     10.0000,      1.3888,     42.4255,    245.5069,     61.7846,      3.4953,      0.0000,     -0.0321,      2.3185,      0.1600,      5.5143,     11.0287,      1.4134,     28.4926,     56.9852,      0.0190,      0.0018,      0.0156,      0.1995,   7604.0439,-420118.6562,   -936.1700,    544.2791,  25346.8105,
       1,     167,     130,       7,       1,       3,       1,     10.0000,      1.3888,     42.4255,    245.5069,     61.7846,      3.4953,      0.0000,     -0.0322,      2.4155,      0.1630,      5.5143,     11.0287,      1.4406,     28.4926,     56.9852,      0.0190,      0.0019,      0.0156,      0.1995,   7604.0435,-419927.4375,   -936.1068,    544.2920,  25346.8125,
       1,     167,     130,       8,       1,       3,       1,     10.0000,      1.3888,     42.4255,    245.5069,     61.7846,      3.4953,      0.0243,     -0.0079,      1.9655,      0.1645,      5.5143,     11.0287,      1.4536,     28.4926,     56.9852,      0.0190,      0.0017,      0.0142,      0.1995,   7604.0439,-420033.9688,   -936.1002,    544.2847,  25346.8086,
       1,     167,     130,       9,       1,       3,       1,     10.0000,      1.3888,     42.4255,    245.5069,     61.7846,      3.4953,      0.1385,      0.1062,     20.9276,      0.1695,      5.5143,     11.0287,      1.4978,     28.4926,     56.9852,      0.0190,      0.0014,      0.1798,      0.1995,   7604.0430,-419471.2812,   -935.9584,    544.3230,  25346.8105,
       1,     167,     130,      10,       1,       3,       1,     10.0000,      1.3888,     42.4255,    245.5069,     61.7846,      3.4953,      0.1743,      0.1415,     31.2687,      0.1812,      5.5143,     11.0287,      1.6011,     28.4926,     56.9852,      0.0190,      0.0017,      0.2313,      0.1995,   7604.0435,-443541.9688,   -940.8115,    542.6853,  25346.8125,
       1,     167,     130,      11,       1,       3,       1,     10.0000,      1.3888,     42.4255,    245.5069,     61.7846,      3.4953,      0.1872,      0.1540,     35.1267,      0.1940,      5.5143,     11.0287,      1.7145,     28.4926,     56.9852,      0.0190,      0.0017,      0.2500,      0.1995,   7604.0439,-458789.1875,   -943.8940,    541.6534,  25346.8105,
       1,     167,     130,      12,       1,       3,       1,     10.0000,      1.3888,     42.4255,    245.5069,     61.7846,      3.4953,      0.1877,      0.1543,     42.4705,      0.2020,      5.5143,     11.0287,      1.7853,     28.4926,     56.9852,      0.0190,      0.0021,      0.2500,      0.1994,   7604.0435,-465017.0312,   -945.1299,    541.2328,  25346.8105,
       1,     167,     130,      13,       1,       3,       1,     10.0000,      1.3888,     42.4255,    245.5069,     61.7846,      3.4953,      0.1876,      0.1541,     42.0272,      0.2071,      5.5143,     11.0287,      1.8298,     28.4926,     56.9852,      0.0190,      0.0021,      0.2500,      0.1994,   7604.0435,-474901.3438,   -947.0906,    540.5642,  25346.8086,
       1,     167,     130,      14,       1,       3,       1,     10.0000,      1.3888,     42.4255,    245.5069,     61.7846,      3.4953,      0.1853,      0.1512,     49.6194,      0.2260,      5.5143,     11.0287,      1.9969,     28.4926,     56.9852,      0.0190,      0.0025,      0.2458,      0.1994,   7604.0430,-475191.3750,   -947.1004,    540.5450,  25346.8086,
       1,     167,     130,      15,       1,       3,       1,     10.0000,      1.3888,     42.4255,    245.5069,     61.7846,      3.4953,      0.1895,      0.1554,     67.9866,      0.2260,      5.5143,     11.0287,      1.9969,     28.4926,     56.9852,      0.0190,      0.0034,      0.2500,      0.1994,   7604.0430,-484881.1562,   -949.1133,    539.8903,  25346.8086,
       1,     167,     130,      16,       1,       3,       1,     10.0000,      1.3888,     42.4255,    245.5069,     61.7846,      3.4953,      0.1909,      0.1572,     84.9799,      0.2135,      5.5143,     11.0287,      1.8865,     28.4926,     56.9852,      0.0190,      0.0042,      0.2500,      0.1994,   7604.0430,-509103.8438,   -954.0598,    538.2560,  25346.8086,
       1,     167,     130,      17,       1,       3,       1,     10.0000,      1.3888,     42.4255,    245.5069,     61.7846,      3.4953,      0.1829,      0.1495,     85.4031,      0.2014,      5.5143,     11.0287,      1.7800,     28.4926,     56.9852,      0.0190,      0.0045,      0.2380,      0.1994,   7604.0430,-532844.5000,   -959.0326,    536.6611,  25346.8066,
       1,     167,     130,      18,       1,       3,       1,     10.0000,      1.3888,     42.4255,    245.5069,     61.7846,      3.4953,      0.1730,      0.1398,     81.7110,      0.1956,      5.5143,     11.0287,      1.7281,     28.4926,     56.9852,      0.0190,      0.0045,      0.2237,      0.1994,   7604.0425,-535434.4375,   -959.8129,    536.4898,  25346.8086,
       1,     167,     130,      19,       1,       3,       1,     10.0000,      1.3888,     42.4255,    245.5069,     61.7846,      3.4953,      0.1284,      0.0953,     69.9835,      0.1915,      5.5143,     11.0287,      1.6926,     28.4926,     56.9852,      0.0190,      0.0055,      0.1591,      0.1994,   7604.0430,-530949.5625,   -959.1693,    536.7905,  25346.8066,
       1,     167,     130,      20,       1,       3,       1,     10.0000,      1.3888,     42.4255,    245.5069,     61.7846,      3.4953,      0.0170,     -0.0156,      1.2482,      0.1773,      5.5143,     11.0287,      1.5665,     28.4926,     56.9852,      0.0190,      0.0052,      0.0030,      0.1994,   7604.0425,-515621.0000,   -956.2947,    537.8192,  25346.8066,
       1,     167,     130,      21,       1,       3,       1,     10.0000,      1.3888,     42.4255,    245.5069,     61.7846,      3.4953,      0.0000,     -0.0324,      6.1427,      0.1710,      5.5143,     11.0287,      1.5113,     28.4926,     56.9852,      0.0190,      0.0049,      0.0156,      0.1994,   7604.0425,-426745.4062,   -938.2191,    543.7950,  25346.8066,
       1,     167,     130,      22,       1,       3,       1,     10.0000,      1.3888,     42.4255,    245.5069,     61.7846,      3.4953,      0.0000,     -0.0324,      5.5184,      0.1707,      5.5143,     11.0287,      1.5083,     28.4926,     56.9852,      0.0190,      0.0044,      0.0156,      0.1995,   7604.0425,-425408.1875,   -937.8809,    543.9193,  25346.8066,
       1,     167,     130,      23,       1,       3,       1,     10.0000,      1.3888,     42.4255,    245.5069,     61.7846,      3.4953,      0.0000,     -0.0325,      4.9437,      0.1719,      5.5143,     11.0287,      1.5189,     28.4926,     56.9852,      0.0190,      0.0039,      0.0156,      0.1995,   7604.0425,-424455.9062,   -937.6276,    543.9840,  25346.8066,
       1,     167,     130,      24,       1,       3,       1,     10.0000,      1.3888,     42.4255,    245.5069,     61.7846,      3.4953,      0.0000,     -0.0324,      4.6965,      0.1710,      5.5143,     11.0287,      1.5113,     28.4926,     56.9852,      0.0190,      0.0037,      0.0156,      0.1995,   7604.0425,-423642.5000,   -937.4092,    544.0394,  25346.8066,
       1,     167,     131,       1,       1,       3,       1,     10.0000,      1.3888,     42.4258,    245.5127,     61.7861,      3.4953,      0.0000,     -0.0324,      3.6996,      0.1709,      5.5138,     11.0277,      1.5099,     28.5014,     57.0029,      0.0190,      0.0029,      0.0156,      0.1995,   7604.0425,-423414.5625,   -937.6135,    544.0677,  25347.9570,
       1,     167,     131,       2,       1,       3,       1,     10.0000,      1.3888,     42.4258,    245.5127,     61.7861,      3.4953,      0.0000,     -0.0324,      3.1506,      0.1704,      5.5138,     11.0277,      1.5053,     28.5014,     57.0029,      0.0190,      0.0025,      0.0156,      0.1995,   7604.3872,-421972.4375,   -936.9865,    544.1658,  25347.9590,
       1,     167,     131,       3,       1,       3,       1,     10.0000,      1.3888,     42.4258,    245.5127,     61.7861,      3.4953,      0.0000,     -0.0324,      3.2844,      0.1690,      5.5138,     11.0277,      1.4934,     28.5014,     57.0029,      0.0190,      0.0026,      0.0156,      0.1995,   7604.3882,-421149.2188,   -936.7875,    544.2217,  25347.9590,
       1,     167,     131,       4,       1,       3,       1,     10.0000,      1.3888,     42.4258,    245.5127,     61.7861,      3.4953,      0.0000,     -0.0324,      3.1144,      0.1702,      5.5138,     11.0277,      1.5038,     28.5014,     57.0029,      0.0190,      0.0025,      0.0156,      0.1995,   7604.3882,-421248.1875,   -936.7762,    544.2150,  25347.9590,
       1,     167,     131,       5,       1,       3,       1,     10.0000,      1.3888,     42.4258,    245.5127,     61.7861,      3.4953,      0.0000,     -0.0324,      2.7982,      0.1687,      5.5138,     11.0277,      1.4904,     28.5014,     57.0029,      0.0190,      0.0022,      0.0156,      0.1995,   7604.3882,-421040.4062,   -936.7043,    544.2291,  25347.9590,
       1,     167,     131,       6,       1,       3,       1,     10.0000,      1.3888,     42.4258,    245.5127,     61.7861,      3.4953,      0.0000,     -0.0323,      2.7042,      0.1673,      5.5138,     11.0277,      1.4785,     28.5014,     57.0029,      0.0190,      0.0022,      0.0156,      0.1995,   7604.3882,-420620.3750,   -936.5923,    544.2577,  25347.9590,
       1,     167,     131,       7,       1,       3,       1,     10.0000,      1.3888,     42.4258,    245.5127,     61.7861,      3.4953,      0.0000,     -0.0323,      2.5942,      0.1673,      5.5138,     11.0277,      1.4785,     28.5014,     57.0029,      0.0190,      0.0021,      0.0156,      0.1995,   7604.3882,-420464.5312,   -936.5355,    544.2684,  25347.9590,
       1,     167,     131,       8,       1,       3,       1,     10.0000,      1.3888,     42.4258,    245.5127,     61.7861,      3.4953,      0.0211,     -0.0113,      1.4390,      0.1687,      5.5138,     11.0277,      1.4904,     28.5014,     57.0029,      0.0190,      0.0019,      0.0093,      0.1995,   7604.3882,-420311.0000,   -936.4805,    544.2788,  25347.9590,
       1,     167,     131,       9,       1,       3,       1,     10.0000,      1.3888,     42.4258,    245.5127,     61.7861,      3.4953,      0.1070,      0.0743,     22.1865,      0.1792,      5.5138,     11.0277,      1.5838,     28.5014,     57.0029,      0.0190,      0.0021,      0.1331,      0.1995,   7604.3882,-418828.5000,   -936.1503,    544.3796,  25347.9590,
       1,     167,     131,      10,       1,       3,       1,     10.0000,      1.3888,     42.4258,    245.5127,     61.7861,      3.4953,      0.1685,      0.1355,     37.9770,      0.1900,      5.5138,     11.0277,      1.6793,     28.5014,     57.0029,      0.0190,      0.0021,      0.2221,      0.1995,   7604.3882,-445087.1875,   -941.5292,    542.5928,  25347.9590,
       1,     167,     131,      11,       1,       3,       1,     10.0000,      1.3888,     42.4258,    245.5127,     61.7861,      3.4953,      0.1812,      0.1476,     42.8919,      0.2100,      5.5138,     11.0277,      1.8553,     28.5014,     57.0029,      0.0190,      0.0022,      0.2404,      0.1995,   7604.3882,-467457.4688,   -946.1393,    541.0786,  25347.9590,
       1,     167,     131,      12,       1,       3,       1,     10.0000,      1.3888,     42.4258,    245.5127,     61.7861,      3.4953,      0.1876,      0.1539,     43.0097,      0.2148,      5.5138,     11.0277,      1.8977,     28.5014,     57.0029,      0.0190,      0.0021,      0.2500,      0.1995,   7604.3882,-475647.5000,   -947.8752,    540.5267,  25347.9590,
       1,     167,     131,      13,       1,       3,       1,     10.0000,      1.3888,     42.4258,    245.5127,     61.7861,      3.4953,      0.1879,      0.1543,     45.9391,      0.2106,      5.5138,     11.0277,      1.8608,     28.5014,     57.0029,      0.0190,      0.0023,      0.2500,      0.1995,   7604.3882,-476502.4688,   -948.0717,    540.4692,  25347.9590,
       1,     167,     131,      14,       1,       3,       1,     10.0000,      1.3888,     42.4258,    245.5127,     61.7861,      3.4953,      0.1720,      0.1381,     52.8536,      0.2205,      5.5138,     11.0277,      1.9486,     28.5014,     57.0029,      0.0190,      0.0029,      0.2257,      0.1995,   7604.3882,-480304.7812,   -948.8815,    540.2123,  25347.9590,
       1,     167,     131,      15,       1,       3,       1,     10.0000,      1.3888,     42.4258,    245.5127,     61.7861,      3.4953,      0.1405,      0.1066,     56.0056,      0.2182,      5.5138,     11.0277,      1.9277,     28.5014,     57.0029,      0.0190,      0.0039,      0.1785,      0.1995,   7604.3882,-489435.0625,   -950.8635,    539.5958,  25347.9590,
       1,     167,     131,      16,       1,       3,       1,     10.0000,      1.3888,     42.4258,    245.5127,     61.7861,      3.4953,      0.1892,      0.1555,     98.3137,      0.2102,      5.5138,     11.0277,      1.8571,     28.5014,     57.0029,      0.0190,      0.0050,      0.2458,      0.1994,   7604.3882,-494236.5000,   -952.0000,    539.2723,  25347.9570,
       1,     167,     131,      17,       1,       3,       1,     10.0000,      1.3888,     42.4258,    245.5127,     61.7861,      3.4953,      0.1173,      0.0841,     58.4114,      0.1961,      5.5138,     11.0277,      1.7333,     28.5014,     57.0029,      0.0190,      0.0050,      0.1440,      0.1994,   7604.3872,-548519.5625,   -963.3502,    535.6133,  25347.9570,
       1,     167,     131,      18,       1,       3,       1,     10.0000,      1.3888,     42.4258,    245.5127,     61.7861,      3.4953,      0.0421,      0.0090,     14.4875,      0.1912,      5.5138,     11.0277,      1.6893,     28.5014,     57.0029,      0.0190,      0.0047,      0.0380,      0.1994,   7604.3872,-502387.5312,   -954.1482,    538.7143,  25347.9590,
       1,     167,     131,      19,       1,       3,       1,     10.0000,      1.3888,     42.4258,    245.5127,     61.7861,      3.4953,      0.0314,     -0.0015,      9.0546,      0.1841,      5.5138,     11.0277,      1.6268,     28.5014,     57.0029,      0.0190,      0.0049,      0.0230,      0.1994,   7604.3882,-442493.7500,   -941.9110,    542.7564,  25347.9551,
       1,     167,     131,      20,       1,       3,       1,     10.0000,      1.3888,     42.4258,    245.5127,     61.7861,      3.4953,      0.0222,     -0.0104,      4.0775,      0.1783,      5.5138,     11.0277,      1.5759,     28.5014,     57.0029,      0.0190,      0.0049,      0.0103,      0.1995,   7604.3867,-430452.1562,   -939.3964,    543.5887,  25347.9570,
       1,     167,     131,      21,       1,       3,       1,     10.0000,      1.3888,     42.4258,    245.5127,     61.7861,      3.4953,      0.0000,     -0.0325,      5.9140,      0.1727,      5.5138,     11.0277,      1.5265,     28.5014,     57.0029,      0.0190,      0.0047,      0.0156,      0.1995,   7604.3872,-423062.0938,   -937.8184,    544.0914,  25347.9590,
       1,     167,     131,      22,       1,       3,       1,     10.0000,      1.3888,     42.4258,    245.5127,     61.7861,      3.4953,      0.0000,     -0.0325,      4.9295,      0.1719,      5.5138,     11.0277,      1.5189,     28.5014,     57.0029,      0.0190,      0.0039,      0.0156,      0.1995,   7604.3882,-424758.5312,   -938.1224,    543.9763,  25347.9551,
       1,     167,     131,      23,       1,       3,       1,     10.0000,      1.3888,     42.4258,    245.5127,     61.7861,      3.4953,      0.0000,     -0.0325,      4.2757,      0.1722,      5.5138,     11.0277,      1.5219,     28.5014,     57.0029,      0.0190,      0.0034,      0.0156,      0.1995,   7604.3867,-423653.3125,   -937.8593,    544.0515,  25347.9590,
       1,     167,     131,      24,       1,       3,       1,     10.0000,      1.3888,     42.4258,    245.5127,     61.7861,      3.4953,      0.0000,     -0.0324,      4.2507,      0.1712,      5.5138,     11.0277,      1.5129,     28.5014,     57.0029,      0.0190,      0.0034,      0.0156,      0.1995,   7604.3882,-422725.4688,   -937.6348,    544.1146,  25347.9551,
       1,     167,     132,       1,       1,       3,       1,     10.0000,      1.3889,     42.4261,    245.5186,     61.7876,      3.4953,      0.0000,     -0.0322,      3.6888,      0.1652,      5.5152,     11.0305,      1.4595,     28.5005,     57.0009,      0.0190,      0.0029,      0.0156,      0.1995,   7604.3867,-422770.9375,   -937.9157,    544.1245,  25349.1055,
       1,     167,     132,       2,       1,       3,       1,     10.0000,      1.3889,     42.4261,    245.5186,     61.7876,      3.4953,      0.0000,     -0.0323,      2.9266,      0.1658,      5.5152,     11.0305,      1.4653,     28.5005,     57.0009,      0.0190,      0.0023,      0.0156,      0.1995,   7604.7319,-421905.5938,   -937.4136,    544.1834,  25349.1055,
       1,     167,     132,       3,       1,       3,       1,     10.0000,      1.3889,     42.4261,    245.5186,     61.7876,      3.4953,      0.0000,     -0.0323,      2.6604,      0.1685,      5.5152,     11.0305,      1.4889,     28.5005,     57.0009,      0.0190,      0.0021,      0.0156,      0.1995,   7604.7319,-420861.3125,   -937.1786,    544.2544,  25349.1035,
       1,     167,     132,       4,       1,       3,       1,     10.0000,      1.3889,     42.4261,    245.5186,     61.7876,      3.4953,      0.0000,     -0.0322,      2.7061,      0.1647,      5.5152,     11.0305,      1.4551,     28.5005,     57.0009,      0.0190,      0.0022,      0.0156,      0.1995,   7604.7314,-420433.0000,   -937.0736,    544.2836,  25349.1035,
       1,     167,     132,       5,       1,       3,       1,     10.0000,      1.3889,     42.4261,    245.5186,     61.7876,      3.4953,      0.0000,     -0.0322,      2.4635,      0.1634,      5.5152,     11.0305,      1.4435,     28.5005,     57.0009,      0.0190,      0.0020,      0.0156,      0.1995,   7604.7314,-420454.0312,   -937.0599,    544.2822,  25349.1055,
       1,     167,     132,       6,       1,       3,       1,     10.0000,      1.3889,     42.4261,    245.5186,     61.7876,      3.4953,      0.0000,     -0.0322,      1.9599,      0.1630,      5.5152,     11.0305,      1.4406,     28.5005,     57.0009,      0.0190,      0.0016,      0.0156,      0.1995,   7604.7319,-420146.8125,   -936.9796,    544.3030,  25349.1055,
       1,     167,     132,       7,       1,       3,       1,     10.0000,      1.3889,     42.4261,    245.5186,     61.7876,      3.4953,      0.0000,     -0.0323,      1.9821,      0.1657,      5.5152,     11.0305,      1.4639,     28.5005,     57.0009,      0.0190,      0.0016,      0.0156,      0.1995,   7604.7319,-419480.0312,   -936.8304,    544.3484,  25349.1055,
       1,     167,     132,       8,       1,       3,       1,     10.0000,      1.3889,     42.4261,    245.5186,     61.7876,      3.4953,      0.0139,     -0.0185,      2.0244,      0.1687,      5.5152,     11.0305,      1.4904,     28.5005,     57.0009,      0.0190,      0.0016,      0.0156,      0.1995,   7604.7319,-419450.3750,   -936.8124,    544.3504,  25349.1055,
       1,     167,     132,       9,       1,       3,       1,     10.0000,      1.3889,     42.4261,    245.5186,     61.7876,      3.4953,      0.0972,      0.0645,     13.1805,      0.1773,      5.5152,     11.0305,      1.5666,     28.5005,     57.0009,      0.0190,      0.0014,      0.1197,      0.1995,   7604.7319,-419501.5938,   -936.8091,    544.3469,  25349.1055,
       1,     167,     132,      10,       1,       3,       1,     10.0000,      1.3889,     42.4261,    245.5186,     61.7876,      3.4953,      0.1587,      0.1258,     24.8916,      0.1872,      5.5152,     11.0305,      1.6545,     28.5005,     57.0009,      0.0190,      0.0015,      0.2091,      0.1995,   7604.7319,-433693.0000,   -939.7422,    543.3813,  25349.1055,
       1,     167,     132,      11,       1,       3,       1,     10.0000,      1.3889,     42.4261,    245.5186,     61.7876,      3.4953,      0.1824,      0.1491,     29.2375,      0.2011,      5.5152,     11.0305,      1.7766,     28.5005,     57.0009,      0.0190,      0.0015,      0.2437,      0.1995,   7604.7319,-449819.0625,   -943.0849,    542.2869,  25349.1074,
       1,     167,     132,      12,       1,       3,       1,     10.0000,      1.3889,     42.4261,    245.5186,     61.7876,      3.4953,      0.1872,      0.1536,     37.4271,      0.2104,      5.5152,     11.0305,      1.8590,     28.5005,     57.0009,      0.0190,      0.0019,      0.2500,      0.1995,   7604.7324,-456743.8438,   -944.5352,    541.8185,  25349.1055,
       1,     167,     132,      13,       1,       3,       1,     10.0000,      1.3889,     42.4261,    245.5186,     61.7876,      3.4953,      0.1875,      0.1536,     41.0752,      0.2199,      5.5152,     11.0305,      1.9430,     28.5005,     57.0009,      0.0190,      0.0020,      0.2500,      0.1995,   7604.7319,-467761.4688,   -946.8270,    541.0726,  25349.1055,
       1,     167,     132,      14,       1,       3,       1,     10.0000,      1.3889,     42.4261,    245.5186,     61.7876,      3.4953,      0.1881,      0.1541,     49.7713,      0.2229,      5.5152,     11.0305,      1.9698,     28.5005,     57.0009,      0.0190,      0.0025,      0.2500,      0.1995,   7604.7319,-473356.2500,   -948.0162,    540.6946,  25349.1055,
       1,     167,     132,      15,       1,       3,       1,     10.0000,      1.3889,     42.4261,    245.5186,     61.7876,      3.4953,      0.1421,      0.1082,     45.5769,      0.2190,      5.5152,     11.0305,      1.9354,     28.5005,     57.0009,      0.0190,      0.0031,      0.1821,      0.1995,   7604.7319,-484906.4688,   -950.4760,    539.9142,  25349.1035,
       1,     167,     132,      16,       1,       3,       1,     10.0000,      1.3889,     42.4261,    245.5186,     61.7876,      3.4953,      0.1784,      0.1445,     75.5329,      0.2225,      5.5152,     11.0305,      1.9660,     28.5005,     57.0009,      0.0190,      0.0040,      0.2326,      0.1995,   7604.7314,-480565.5000,   -949.7180,    540.2077,  25349.1074,
       1,     167,     132,      17,       1,       3,       1,     10.0000,      1.3889,     42.4261,    245.5186,     61.7876,      3.4953,      0.1857,      0.1520,     92.3159,      0.2116,      5.5152,     11.0305,      1.8700,     28.5005,     57.0009,      0.0190,      0.0047,      0.2414,      0.1995,   7604.7324,-518319.0625,   -957.6940,    537.6584,  25349.1074,
       1,     167,     132,      18,       1,       3,       1,     10.0000,      1.3889,     42.4261,    245.5186,     61.7876,      3.4953,      0.1743,      0.1411,     91.0446,      0.1979,      5.5152,     11.0305,      1.7488,     28.5005,     57.0009,      0.0190,      0.0050,      0.2246,      0.1994,   7604.7324,-542967.6875,   -963.0751,    536.0079,  25349.1055,
       1,     167,     132,      19,       1,       3,       1,     10.0000,      1.3889,     42.4261,    245.5186,     61.7876,      3.4953,      0.1220,      0.0891,     63.7498,      0.1861,      5.5152,     11.0305,      1.6447,     28.5005,     57.0009,      0.0190,      0.0053,      0.1505,      0.1994,   7604.7319,-543472.1250,   -963.5304,    535.9766,  25349.1035,
       1,     167,     132,      20,       1,       3,       1,     10.0000,      1.3889,     42.4261,    245.5186,     61.7876,      3.4953,      0.0268,     -0.0059,      6.8135,      0.1775,      5.5152,     11.0305,      1.5681,     28.5005,     57.0009,      0.0190,      0.0051,      0.0167,      0.1994,   7604.7314,-508735.8438,   -956.6320,    538.3038,  25349.1035,
       1,     167,     132,      21,       1,       3,       1,     10.0000,      1.3889,     42.4261,    245.5186,     61.7876,      3.4953,      0.0000,     -0.0325,      6.6135,      0.1721,      5.5152,     11.0305,      1.5205,     28.5005,     57.0009,      0.0190,      0.0053,      0.0156,      0.1994,   7604.7314,-433258.4375,   -941.0514,    543.3876,  25349.1035,
       1,     167,     132,      22,       1,       3,       1,     10.0000,      1.3889,     42.4261,    245.5186,     61.7876,      3.4953,      0.0000,     -0.0324,      6.0260,      0.1705,      5.5152,     11.0305,      1.5069,     28.5005,     57.0009,      0.0190,      0.0048,      0.0156,      0.1995,   7604.7314,-426562.8438,   -939.6263,    543.8665,  25349.1035,
       1,     167,     132,      23,       1,       3,       1,     10.0000,      1.3889,     42.4261,    245.5186,     61.7876,      3.4953,      0.0000,     -0.0323,      5.3741,      0.1683,      5.5152,     11.0305,      1.4875,     28.5005,     57.0009,      0.0190,      0.0043,      0.0156,      0.1995,   7604.7314,-425206.5312,   -939.3132,    543.9589,  25349.1035,
       1,     167,     132,      24,       1,       3,       1,     10.0000,      1.3889,     42.4261,    245.5186,     61.7876,      3.4953,      0.0000,     -0.0323,      4.5128,      0.1668,      5.5152,     11.0305,      1.4741,     28.5005,     57.0009,      0.0190,      0.0036,      0.0156,      0.1995,   7604.7314,-424259.9375,   -939.0897,    544.0233,  25349.1035,
       1,     167,     133,       1,       1,       3,       1,     10.0000,      1.3889,     42.4265,    245.5245,     61.7890,      3.4953,      0.0000,     -0.0323,      3.7177,      0.1660,      5.5144,     11.0289,      1.4668,     28.5062,     57.0124,      0.0190,      0.0030,      0.0156,      0.1996,   7604.7314,-423239.3750,   -939.1592,    544.1056,  25350.2559,
       1,     167,     133,       2,       1,       3,       1,     10.0000,      1.3889,     42.4265,    245.5245,     61.7890,      3.4953,      0.0000,     -0.0324,      3.0887,      0.1690,      5.5144,     11.0289,      1.4934,     28.5062,     57.0124,      0.0190,      0.0025,      0.0156,      0.1996,   7605.0771,-421985.2812,   -938.5781,    544.1908,  25350.2539,
       1,     167,     133,       3,       1,       3,       1,     10.0000,      1.3889,     42.4265,    245.5245,     61.7890,      3.4953,      0.0000,     -0.0323,      2.8135,      0.1685,      5.5144,     11.0289,      1.4890,     28.5062,     57.0124,      0.0190,      0.0022,      0.0156,      0.1996,   7605.0767,-421077.3438,   -938.3751,    544.2527,  25350.2539,
       1,     167,     133,       4,       1,       3,       1,     10.0000,      1.3889,     42.4265,    245.5245,     61.7890,      3.4953,      0.0000,     -0.0323,      2.6245,      0.1657,      5.5144,     11.0289,      1.4639,     28.5062,     57.0124,      0.0190,      0.0021,      0.0156,      0.1996,   7605.0767,-420648.5938,   -938.2731,    544.2818,  25350.2520,
       1,     167,     133,       5,       1,       3,       1,     10.0000,      1.3889,     42.4265,    245.5245,     61.7890,      3.4953,      0.0000,     -0.0322,      2.4674,      0.1640,      5.5144,     11.0289,      1.4493,     28.5062,     57.0124,      0.0190,      0.0020,      0.0156,      0.1996,   7605.0757,-420371.6562,   -938.2047,    544.3007,  25350.2539,
       1,     167,     133,       6,       1,       3,       1,     10.0000,      1.3889,     42.4265,    245.5245,     61.7890,      3.4953,      0.0000,     -0.0321,      2.2191,      0.1622,      5.5144,     11.0289,      1.4335,     28.5062,     57.0124,      0.0190,      0.0018,      0.0156,      0.1996,   7605.0767,-420147.5625,   -938.1461,    544.3159,  25350.2539,
       1,     167,     133,       7,       1,       3,       1,     10.0000,      1.3889,     42.4265,    245.5245,     61.7890,      3.4953,      0.0000,     -0.0321,      2.3003,      0.1606,      5.5144,     11.0289,      1.4192,     28.5062,     57.0124,      0.0190,      0.0018,      0.0156,      0.1996,   7605.0767,-419812.4688,   -938.0665,    544.3387,  25350.2539,
       1,     167,     133,       8,       1,       3,       1,     10.0000,      1.3889,     42.4265,    245.5245,     61.7890,      3.4953,      0.0020,     -0.0302,      2.2958,      0.1627,      5.5144,     11.0289,      1.4378,     28.5062,     57.0124,      0.0190,      0.0018,      0.0156,      0.1996,   7605.0767,-419886.6562,   -938.0720,    544.3337,  25350.2539,
       1,     167,     133,       9,       1,       3,       1,     10.0000,      1.3889,     42.4265,    245.5245,     61.7890,      3.4953,      0.0378,      0.0050,      5.1819,      0.1825,      5.5144,     11.0289,      1.6124,     28.5062,     57.0124,      0.0190,      0.0019,      0.0331,      0.1996,   7605.0767,-419887.4375,   -938.0623,    544.3336,  25350.2539,
       1,     167,     133,      10,       1,       3,       1,     10.0000,      1.3889,     42.4265,    245.5245,     61.7890,      3.4953,      0.0811,      0.0478,     16.0094,      0.1981,      5.5144,     11.0289,      1.7506,     28.5062,     57.0124,      0.0190,      0.0021,      0.0953,      0.1996,   7605.0767,-423557.2188,   -938.8187,    544.0839,  25350.2539,
       1,     167,     133,      11,       1,       3,       1,     10.0000,      1.3889,     42.4265,    245.5245,     61.7890,      3.4953,      0.1626,      0.1290,     40.1362,      0.2112,      5.5144,     11.0289,      1.8663,     28.5062,     57.0124,      0.0190,      0.0023,      0.2132,      0.1996,   7605.0767,-437643.0938,   -941.7623,    543.1260,  25350.2539,
       1,     167,     133,      12,       1,       3,       1,     10.0000,      1.3889,     42.4265,    245.5245,     61.7890,      3.4953,      0.1878,      0.1539,     45.7878,      0.2205,      5.5144,     11.0289,      1.9487,     28.5062,     57.0124,      0.0190,      0.0023,      0.2500,      0.1995,   7605.0767,-469549.4062,   -948.4517,    540.9607,  25350.2520,
       1,     167,     133,      13,       1,       3,       1,     10.0000,      1.3889,     42.4265,    245.5245,     61.7890,      3.4953,      0.1877,      0.1536,     45.4823,      0.2293,      5.5144,     11.0289,      2.0266,     28.5062,     57.0124,      0.0190,      0.0023,      0.2500,      0.1995,   7605.0757,-479509.0312,   -950.6018,    540.2916,  25350.2539,
       1,     167,     133,      14,       1,       3,       1,     10.0000,      1.3889,     42.4265,    245.5245,     61.7890,      3.4953,      0.1891,      0.1550,     67.1440,      0.2271,      5.5144,     11.0289,      2.0068,     28.5062,     57.0124,      0.0190,      0.0033,      0.2494,      0.1995,   7605.0767,-479974.8750,   -950.7869,    540.2605,  25350.2539,
       1,     167,     133,      15,       1,       3,       1,     10.0000,      1.3889,     42.4265,    245.5245,     61.7890,      3.4953,      0.1213,      0.0871,     55.2984,      0.2311,      5.5144,     11.0289,      2.0425,     28.5062,     57.0124,      0.0190,      0.0046,      0.1500,      0.1995,   7605.0767,-507582.5312,   -956.6899,    538.3961,  25350.2520,
       1,     167,     133,      16,       1,       3,       1,     10.0000,      1.3889,     42.4265,    245.5245,     61.7890,      3.4953,      0.1787,      0.1448,    100.1825,      0.2223,      5.5144,     11.0289,      1.9641,     28.5062,     57.0124,      0.0190,      0.0054,      0.2302,      0.1995,   7605.0757,-494891.1562,   -954.2560,    539.2534,  25350.2539,
       1,     167,     133,      17,       1,       3,       1,     10.0000,      1.3889,     42.4265,    245.5245,     61.7890,      3.4953,      0.1875,      0.1538,    118.7760,      0.2108,      5.5144,     11.0289,      1.8627,     28.5062,     57.0124,      0.0190,      0.0061,      0.2410,      0.1995,   7605.0767,-550931.1250,   -966.2092,    535.4766,  25350.2520,
       1,     167,     133,      18,       1,       3,       1,     10.0000,      1.3889,     42.4265,    245.5245,     61.7890,      3.4953,      0.1431,      0.1097,     90.2142,      0.2011,      5.5144,     11.0289,      1.7767,     28.5062,     57.0124,      0.0190,      0.0063,      0.1785,      0.1994,   7605.0757,-579492.9375,   -972.6006,    533.5780,  25350.2520,
       1,     167,     133,      19,       1,       3,       1,     10.0000,      1.3889,     42.4265,    245.5245,     61.7890,      3.4953,      0.0876,      0.0546,     50.0534,      0.1861,      5.5144,     11.0289,      1.6447,     28.5062,     57.0124,      0.0190,      0.0061,      0.1011,      0.1994,   7605.0757,-545538.5000,   -965.9620,    535.8461,  25350.2500,
       1,     167,     133,      20,       1,       3,       1,     10.0000,      1.3889,     42.4265,    245.5245,     61.7890,      3.4953,      0.0057,     -0.0269,      7.8011,      0.1757,      5.5144,     11.0289,      1.5526,     28.5062,     57.0124,      0.0190,      0.0062,      0.0156,      0.1994,   7605.0752,-491461.8750,   -954.9286,    539.4730,  25350.2520,
       1,     167,     133,      21,       1,       3,       1,     10.0000,      1.3889,     42.4265,    245.5245,     61.7890,      3.4953,      0.0000,     -0.0324,      7.4610,      0.1697,      5.5144,     11.0289,      1.4994,     28.5062,     57.0124,      0.0190,      0.0059,      0.0156,      0.1995,   7605.0757,-433055.7188,   -942.7441,    543.4238,  25350.2500,
       1,     167,     133,      22,       1,       3,       1,     10.0000,      1.3889,     42.4265,    245.5245,     61.7890,      3.4953,      0.0000,     -0.0323,      7.2703,      0.1677,      5.5144,     11.0289,      1.4816,     28.5062,     57.0124,      0.0190,      0.0058,      0.0156,      0.1995,   7605.0752,-427613.2188,   -941.5788,    543.8080,  25350.2500,
       1,     167,     133,      23,       1,       3,       1,     10.0000,      1.3889,     42.4265,    245.5245,     61.7890,      3.4953,      0.0000,     -0.0322,      6.1818,      0.1648,      5.5144,     11.0289,      1.4566,     28.5062,     57.0124,      0.0190,      0.0049,      0.0156,      0.1996,   7605.0752,-426882.0312,   -941.4012,    543.8578,  25350.2500,
       1,     167,     133,      24,       1,       3,       1,     10.0000,      1.3889,     42.4265,    245.5245,     61.7890,      3.4953,      0.0000,     -0.0322,      5.2004,      0.1640,      5.5144,     11.0289,      1.4493,     28.5062,     57.0124,      0.0190,      0.0041,      0.0156,      0.1996,   7605.0752,-425434.4375,   -941.0779,    543.9563,  25350.2500,
       1,     167,     134,       1,       1,       3,       1,     10.0000,      1.3889,     42.4268,    245.5303,     61.7905,      3.4953,      0.0000,     -0.0322,      4.1516,      0.1645,      5.5155,     11.0309,      1.4537,     28.5053,     57.0106,      0.0190,      0.0033,      0.0156,      0.1996,   7605.0752,-424218.1875,   -941.1125,    544.0521,  25351.4004,
       1,     167,     134,       2,       1,       3,       1,     10.0000,      1.3889,     42.4268,    245.5303,     61.7905,      3.4953,      0.0000,     -0.0323,      3.4850,      0.1677,      5.5155,     11.0309,      1.4816,     28.5053,     57.0106,      0.0190,      0.0028,      0.0156,      0.1996,   7605.4204,-422624.5938,   -940.4603,    544.1605,  25351.3984,
       1,     167,     134,       3,       1,       3,       1,     10.0000,      1.3889,     42.4268,    245.5303,     61.7905,      3.4953,      0.0000,     -0.0322,      3.1142,      0.1653,      5.5155,     11.0309,      1.4610,     28.5053,     57.0106,      0.0190,      0.0025,      0.0156,      0.1996,   7605.4199,-421639.4375,   -940.2431,    544.2274,  25351.3984,
       1,     167,     134,       4,       1,       3,       1,     10.0000,      1.3889,     42.4268,    245.5303,     61.7905,      3.4953,      0.0000,     -0.0322,      2.8935,      0.1647,      5.5155,     11.0309,      1.4552,     28.5053,     57.0106,      0.0190,      0.0023,      0.0156,      0.1996,   7605.4199,-421082.9688,   -940.1168,    544.2654,  25351.4004,
       1,     167,     134,       5,       1,       3,       1,     10.0000,      1.3889,     42.4268,    245.5303,     61.7905,      3.4953,      0.0000,     -0.0321,      2.7668,      0.1619,      5.5155,     11.0309,      1.4307,     28.5053,     57.0106,      0.0190,      0.0022,      0.0156,      0.1996,   7605.4204,-420753.9375,   -940.0386,    544.2878,  25351.4004,
       1,     167,     134,       6,       1,       3,       1,     10.0000,      1.3889,     42.4268,    245.5303,     61.7905,      3.4953,      0.0000,     -0.0322,      2.7149,      0.1632,      5.5155,     11.0309,      1.4422,     28.5053,     57.0106,      0.0190,      0.0022,      0.0156,      0.1996,   7605.4204,-420564.4375,   -939.9907,    544.3007,  25351.4004,
       1,     167,     134,       7,       1,       3,       1,     10.0000,      1.3889,     42.4268,    245.5303,     61.7905,      3.4953,      0.0000,     -0.0322,      2.6597,      0.1645,      5.5155,     11.0309,      1.4537,     28.5053,     57.0106,      0.0190,      0.0021,      0.0156,      0.1996,   7605.4204,-420481.9688,   -939.9656,    544.3062,  25351.4023,
       1,     167,     134,       8,       1,       3,       1,     10.0000,      1.3889,     42.4268,    245.5303,     61.7905,      3.4953,      0.0084,     -0.0238,      2.6579,      0.1644,      5.5155,     11.0309,      1.4523,     28.5053,     57.0106,      0.0190,      0.0021,      0.0156,      0.1996,   7605.4209,-420404.5625,   -939.9409,    544.3115,  25351.4004,
       1,     167,     134,       9,       1,       3,       1,     10.0000,      1.3889,     42.4268,    245.5303,     61.7905,      3.4953,      0.0810,      0.0487,     16.4383,      0.1665,      5.5155,     11.0309,      1.4713,     28.5053,     57.0106,      0.0190,      0.0021,      0.0957,      0.1996,   7605.4204,-420395.7500,   -939.9318,    544.3121,  25351.4004,
       1,     167,     134,      10,       1,       3,       1,     10.0000,      1.3889,     42.4268,    245.5303,     61.7905,      3.4953,      0.1764,      0.1434,     39.3295,      0.1884,      5.5155,     11.0309,      1.6645,     28.5053,     57.0106,      0.0190,      0.0021,      0.2335,      0.1996,   7605.4204,-437915.1562,   -943.6298,    543.1201,  25351.4004,
       1,     167,     134,      11,       1,       3,       1,     10.0000,      1.3889,     42.4268,    245.5303,     61.7905,      3.4953,      0.1878,      0.1542,     44.2624,      0.2083,      5.5155,     11.0309,      1.8409,     28.5053,     57.0106,      0.0190,      0.0022,      0.2500,      0.1996,   7605.4204,-468544.8125,   -950.1166,    541.0419,  25351.4023,
       1,     167,     134,      12,       1,       3,       1,     10.0000,      1.3889,     42.4268,    245.5303,     61.7905,      3.4953,      0.1856,      0.1516,     51.5626,      0.2251,      5.5155,     11.0309,      1.9893,     28.5053,     57.0106,      0.0190,      0.0026,      0.2461,      0.1995,   7605.4209,-477476.3750,   -952.0838,    540.4419,  25351.4004,
       1,     167,     134,      13,       1,       3,       1,     10.0000,      1.3889,     42.4268,    245.5303,     61.7905,      3.4953,      0.1791,      0.1448,     52.7951,      0.2348,      5.5155,     11.0309,      2.0747,     28.5053,     57.0106,      0.0190,      0.0028,      0.2364,      0.1995,   7605.4204,-487532.3438,   -954.3209,    539.7629,  25351.3984,
       1,     167,     134,      14,       1,       3,       1,     10.0000,      1.3889,     42.4268,    245.5303,     61.7905,      3.4953,      0.1739,      0.1398,     51.9186,      0.2300,      5.5155,     11.0309,      2.0326,     28.5053,     57.0106,      0.0190,      0.0028,      0.2287,      0.1995,   7605.4199,-489969.2188,   -954.9889,    539.5989,  25351.3984,
       1,     167,     134,      15,       1,       3,       1,     10.0000,      1.3889,     42.4268,    245.5303,     61.7905,      3.4953,      0.1766,      0.1427,     77.1044,      0.2197,      5.5155,     11.0309,      1.9412,     28.5053,     57.0106,      0.0190,      0.0042,      0.2297,      0.1995,   7605.4199,-489063.2188,   -954.9627,    539.6600,  25351.4004,
       1,     167,     134,      16,       1,       3,       1,     10.0000,      1.3889,     42.4268,    245.5303,     61.7905,      3.4953,      0.1316,      0.0980,     72.9544,      0.2112,      5.5155,     11.0309,      1.8664,     28.5053,     57.0106,      0.0190,      0.0055,      0.1634,      0.1995,   7605.4204,-521038.7812,   -961.9041,    537.5031,  25351.3984,
       1,     167,     134,      17,       1,       3,       1,     10.0000,      1.3889,     42.4268,    245.5303,     61.7905,      3.4953,      0.1374,      0.1038,     83.7863,      0.2094,      5.5155,     11.0309,      1.8499,     28.5053,     57.0106,      0.0190,      0.0061,      0.1708,      0.1995,   7605.4199,-518523.8750,   -961.6579,    537.6763,  25351.3965,
       1,     167,     134,      18,       1,       3,       1,     10.0000,      1.3889,     42.4268,    245.5303,     61.7905,      3.4953,      0.1381,      0.1047,     90.0058,      0.1997,      5.5155,     11.0309,      1.7645,     28.5053,     57.0106,      0.0190,      0.0065,      0.1710,      0.1995,   7605.4194,-532094.1250,   -964.8212,    536.7643,  25351.4004,
       1,     167,     134,      19,       1,       3,       1,     10.0000,      1.3889,     42.4268,    245.5303,     61.7905,      3.4953,      0.0352,      0.0022,     13.4134,      0.1880,      5.5155,     11.0309,      1.6612,     28.5053,     57.0106,      0.0190,      0.0059,      0.0280,      0.1995,   7605.4204,-541186.0625,   -967.0874,    536.1551,  25351.3984,
       1,     167,     134,      20,       1,       3,       1,     10.0000,      1.3889,     42.4268,    245.5303,     61.7905,      3.4953,      0.0081,     -0.0246,      7.1776,      0.1775,      5.5155,     11.0309,      1.5682,     28.5053,     57.0106,      0.0190,      0.0057,      0.0156,      0.1995,   7605.4199,-444408.9688,   -946.8427,    542.6413,  25351.3965,
       1,     167,     134,      21,       1,       3,       1,     10.0000,      1.3889,     42.4268,    245.5303,     61.7905,      3.4953,      0.0000,     -0.0324,      6.8167,      0.1702,      5.5155,     11.0309,      1.5039,     28.5053,     57.0106,      0.0190,      0.0054,      0.0156,      0.1996,   7605.4194,-428265.7812,   -943.4199,    543.7758,  25351.3965,
       1,     167,     134,      22,       1,       3,       1,     10.0000,      1.3889,     42.4268,    245.5303,     61.7905,      3.4953,      0.0000,     -0.0324,      7.2307,      0.1685,      5.5155,     11.0309,      1.4890,     28.5053,     57.0106,      0.0190,      0.0058,      0.0156,      0.1996,   7605.4194,-426365.0625,   -943.0034,    543.9061,  25351.3965,
       1,     167,     134,      23,       1,       3,       1,     10.0000,      1.3889,     42.4268,    245.5303,     61.7905,      3.4953,      0.0000,     -0.0323,      6.1636,      0.1668,      5.5155,     11.0309,      1.4742,     28.5053,     57.0106,      0.0190,      0.0049,      0.0156,      0.1996,   7605.4194,-426725.7188,   -943.0649,    543.8815,  25351.3965,
       1,     167,     134,      24,       1,       3,       1,     10.0000,      1.3889,     42.4268,    245.5303,     61.7905,      3.4953,      0.0000,     -0.0323,      5.0832,      0.1662,      5.5155,     11.0309,      1.4683,     28.5053,     57.0106,      0.0190,      0.0040,      0.0156,      0.1996,   7605.4194,-425400.1875,   -942.7718,    543.9717,  25351.3965,
       1,     167,     135,       1,       1,       3,       1,     10.0000,      1.3889,     42.4272,    245.5362,     61.7919,      3.4953,      0.0000,     -0.0322,      4.3835,      0.1650,      5.5149,     11.0298,      1.4581,     28.5054,     57.0109,      0.0190,      0.0035,      0.0156,      0.1996,   7605.4194,-424068.4375,   -942.7888,    544.0752,  25352.5469,
       1,     167,     135,       2,       1,       3,       1,     10.0000,      1.3889,     42.4272,    245.5362,     61.7919,      3.4953,      0.0000,     -0.0323,      3.4827,      0.1667,      5.5149,     11.0298,      1.4728,     28.5054,     57.0109,      0.0190,      0.0028,      0.0156,      0.1996,   7605.7642,-422909.2500,   -942.2271,    544.1540,  25352.5449,
       1,     167,     135,       3,       1,       3,       1,     10.0000,      1.3889,     42.4272,    245.5362,     61.7919,      3.4953,      0.0000,     -0.0322,      3.0913,      0.1648,      5.5149,     11.0298,      1.4567,     28.5054,     57.0109,      0.0190,      0.0025,      0.0156,      0.1996,   7605.7637,-421664.0000,   -941.9568,    544.2387,  25352.5488,
       1,     167,     135,       4,       1,       3,       1,     10.0000,      1.3889,     42.4272,    245.5362,     61.7919,      3.4953,      0.0000,     -0.0322,      2.8534,      0.1644,      5.5149,     11.0298,      1.4523,     28.5054,     57.0109,      0.0190,      0.0023,      0.0156,      0.1996,   7605.7651,-421058.4375,   -941.8219,    544.2800,  25352.5469,
       1,     167,     135,       5,       1,       3,       1,     10.0000,      1.3889,     42.4272,    245.5362,     61.7919,      3.4953,      0.0000,     -0.0321,      2.6469,      0.1621,      5.5149,     11.0298,      1.4321,     28.5054,     57.0109,      0.0190,      0.0021,      0.0156,      0.1996,   7605.7642,-420703.7812,   -941.7416,    544.3041,  25352.5449,
       1,     167,     135,       6,       1,       3,       1,     10.0000,      1.3889,     42.4272,    245.5362,     61.7919,      3.4953,      0.0000,     -0.0322,      2.4659,      0.1639,      5.5149,     11.0298,      1.4480,     28.5054,     57.0109,      0.0190,      0.0020,      0.0156,      0.1996,   7605.7637,-420410.7188,   -941.6751,    544.3240,  25352.5469,
       1,     167,     135,       7,       1,       3,       1,     10.0000,      1.3889,     42.4272,    245.5362,     61.7919,      3.4953,      0.0000,     -0.0320,      2.5779,      0.1585,      5.5149,     11.0298,      1.4009,     28.5054,     57.0109,      0.0190,      0.0021,      0.0156,      0.1996,   7605.7642,-420155.0938,   -941.6160,    544.3414,  25352.5469,
       1,     167,     135,       8,       1,       3,       1,     10.0000,      1.3889,     42.4272,    245.5362,     61.7919,      3.4953,      0.0025,     -0.0295,      2.6765,      0.1576,      5.5149,     11.0298,      1.3925,     28.5054,     57.0109,      0.0190,      0.0021,      0.0156,      0.1996,   7605.7642,-420275.4062,   -941.6365,    544.3332,  25352.5469,
       1,     167,     135,       9,       1,       3,       1,     10.0000,      1.3889,     42.4272,    245.5362,     61.7919,      3.4953,      0.0726,      0.0403,     14.0474,      0.1658,      5.5149,     11.0298,      1.4654,     28.5054,     57.0109,      0.0190,      0.0021,      0.0837,      0.1996,   7605.7642,-420411.1562,   -941.6602,    544.3240,  25352.5469,
       1,     167,     135,      10,       1,       3,       1,     10.0000,      1.3889,     42.4272,    245.5362,     61.7919,      3.4953,      0.1727,      0.1398,     39.9533,      0.1860,      5.5149,     11.0298,      1.6432,     28.5054,     57.0109,      0.0190,      0.0022,      0.2280,      0.1996,   7605.7642,-434877.8125,   -944.7397,    543.3397,  25352.5469,
       1,     167,     135,      11,       1,       3,       1,     10.0000,      1.3889,     42.4272,    245.5362,     61.7919,      3.4953,      0.1432,      0.1095,     37.1964,      0.2104,      5.5149,     11.0298,      1.8591,     28.5054,     57.0109,      0.0190,      0.0025,      0.1847,      0.1996,   7605.7642,-469070.6875,   -952.0383,    541.0182,  25352.5469,
       1,     167,     135,      12,       1,       3,       1,     10.0000,      1.3889,     42.4272,    245.5362,     61.7919,      3.4953,      0.1653,      0.1312,     40.2086,      0.2273,      5.5149,     11.0298,      2.0089,     28.5054,     57.0109,      0.0190,      0.0023,      0.2172,      0.1996,   7605.7642,-468530.6562,   -952.0175,    541.0597,  25352.5469,
       1,     167,     135,      13,       1,       3,       1,     10.0000,      1.3889,     42.4272,    245.5362,     61.7919,      3.4953,      0.1519,      0.1177,     37.4977,      0.2298,      5.5149,     11.0298,      2.0306,     28.5054,     57.0109,      0.0190,      0.0024,      0.1975,      0.1996,   7605.7642,-472309.5000,   -952.9116,    540.8041,  25352.5449,
       1,     167,     135,      14,       1,       3,       1,     10.0000,      1.3889,     42.4272,    245.5362,     61.7919,      3.4953,      0.1139,      0.0795,     34.8104,      0.2390,      5.5149,     11.0298,      2.1115,     28.5054,     57.0109,      0.0190,      0.0031,      0.1413,      0.1996,   7605.7637,-469187.0625,   -952.3479,    541.0153,  25352.5449,
       1,     167,     135,      15,       1,       3,       1,     10.0000,      1.3889,     42.4272,    245.5362,     61.7919,      3.4953,      0.0748,      0.0411,     28.5916,      0.2135,      5.5149,     11.0298,      1.8867,     28.5054,     57.0109,      0.0190,      0.0042,      0.0843,      0.1996,   7605.7637,-465499.1250,   -951.6576,    541.2647,  25352.5469,
       1,     167,     135,      16,       1,       3,       1,     10.0000,      1.3889,     42.4272,    245.5362,     61.7919,      3.4953,      0.1019,      0.0692,     50.6105,      0.1785,      5.5149,     11.0298,      1.5776,     28.5054,     57.0109,      0.0190,      0.0051,      0.1223,      0.1996,   7605.7642,-457270.1562,   -949.9814,    541.8216,  25352.5449,
       1,     167,     135,      17,       1,       3,       1,     10.0000,      1.3889,     42.4272,    245.5362,     61.7919,      3.4953,      0.1365,      0.1042,     82.5184,      0.1692,      5.5149,     11.0298,      1.4950,     28.5054,     57.0109,      0.0190,      0.0060,      0.1697,      0.1996,   7605.7637,-484567.2188,   -956.1351,    539.9731,  25352.5449,
       1,     167,     135,      18,       1,       3,       1,     10.0000,      1.3889,     42.4272,    245.5362,     61.7919,      3.4953,      0.1208,      0.0883,     71.7534,      0.1717,      5.5149,     11.0298,      1.5175,     28.5054,     57.0109,      0.0190,      0.0060,      0.1478,      0.1996,   7605.7637,-527532.8750,   -965.4630,    537.0762,  25352.5449,
       1,     167,     135,      19,       1,       3,       1,     10.0000,      1.3889,     42.4272,    245.5362,     61.7919,      3.4953,      0.0661,      0.0336,     35.4257,      0.1726,      5.5149,     11.0298,      1.5251,     28.5054,     57.0109,      0.0190,      0.0062,      0.0715,      0.1995,   7605.7637,-517549.0938,   -963.6424,    537.7543,  25352.5449,
       1,     167,     135,      20,       1,       3,       1,     10.0000,      1.3889,     42.4272,    245.5362,     61.7919,      3.4953,      0.0122,     -0.0201,      6.0880,      0.1683,      5.5149,     11.0298,      1.4876,     28.5054,     57.0109,      0.0190,      0.0048,      0.0156,      0.1995,   7605.7637,-470431.3750,   -953.8311,    540.9218,  25352.5449,
       1,     167,     135,      21,       1,       3,       1,     10.0000,      1.3889,     42.4272,    245.5362,     61.7919,      3.4953,      0.0000,     -0.0322,      3.7962,      0.1648,      5.5149,     11.0298,      1.4567,     28.5054,     57.0109,      0.0190,      0.0030,      0.0156,      0.1996,   7605.7637,-429078.4375,   -945.0683,    543.7273,  25352.5449,
       1,     167,     135,      22,       1,       3,       1,     10.0000,      1.3889,     42.4272,    245.5362,     61.7919,      3.4953,      0.0000,     -0.0321,      2.1580,      0.1619,      5.5149,     11.0298,      1.4307,     28.5054,     57.0109,      0.0190,      0.0017,      0.0156,      0.1996,   7605.7637,-422604.8750,   -943.6834,    544.1746,  25352.5449,
       1,     167,     135,      23,       1,       3,       1,     10.0000,      1.3889,     42.4272,    245.5362,     61.7919,      3.4953,      0.0000,     -0.0321,      3.0273,      0.1613,      5.5149,     11.0298,      1.4250,     28.5054,     57.0109,      0.0190,      0.0024,      0.0156,      0.1996,   7605.7637,-419953.8750,   -943.1145,    544.3550,  25352.5449,
       1,     167,     135,      24,       1,       3,       1,     10.0000,      1.3889,     42.4272,    245.5362,     61.7919,      3.4953,      0.0000,     -0.0321,      3.2718,      0.1601,      5.5149,     11.0298,      1.4150,     28.5054,     57.0109,      0.0190,      0.0026,      0.0156,      0.1996,   7605.7637,-420829.5625,   -943.2961,    544.2955,  25352.5449,
       1,     167,     136,       1,       1,       3,       1,     10.0000,      1.3890,     42.4275,    245.5420,     61.7935,      3.4953,      0.0000,     -0.0320,      3.3702,      0.1587,      5.5159,     11.0319,      1.4023,     28.4988,     56.9977,      0.0190,      0.0027,      0.0156,      0.1996,   7605.7637,-421373.0000,   -943.7166,    544.2716,  25353.6914,
       1,     167,     136,       2,       1,       3,       1,     10.0000,      1.3890,     42.4275,    245.5420,     61.7935,      3.4953,      0.0000,     -0.0318,      2.8290,      0.1525,      5.5159,     11.0319,      1.3472,     28.4988,     56.9977,      0.0190,      0.0023,      0.0156,      0.1996,   7606.1079,-421390.9062,   -943.4070,    544.2704,  25353.6914,
       1,     167,     136,       3,       1,       3,       1,     10.0000,      1.3890,     42.4275,    245.5420,     61.7935,      3.4953,      0.0000,     -0.0315,      2.5989,      0.1437,      5.5159,     11.0319,      1.2695,     28.4988,     56.9977,      0.0190,      0.0021,      0.0156,      0.1996,   7606.1079,-420704.4688,   -943.2576,    544.3170,  25353.6914,
       1,     167,     136,       4,       1,       3,       1,     10.0000,      1.3890,     42.4275,    245.5420,     61.7935,      3.4953,      0.0000,     -0.0314,      2.7512,      0.1406,      5.5159,     11.0319,      1.2428,     28.4988,     56.9977,      0.0190,      0.0022,      0.0156,      0.1996,   7606.1079,-420352.7500,   -943.1808,    544.3409,  25353.6914,
       1,     167,     136,       5,       1,       3,       1,     10.0000,      1.3890,     42.4275,    245.5420,     61.7935,      3.4953,      0.0000,     -0.0313,      2.4866,      0.1385,      5.5159,     11.0319,      1.2241,     28.4988,     56.9977,      0.0190,      0.0020,      0.0156,      0.1996,   7606.1079,-420515.9062,   -943.2130,    544.3298,  25353.6914,
       1,     167,     136,       6,       1,       3,       1,     10.0000,      1.3890,     42.4275,    245.5420,     61.7935,      3.4953,      0.0000,     -0.0315,      2.4603,      0.1440,      5.5159,     11.0319,      1.2720,     28.4988,     56.9977,      0.0190,      0.0020,      0.0156,      0.1996,   7606.1079,-420193.6250,   -943.1423,    544.3517,  25353.6914,
       1,     167,     136,       7,       1,       3,       1,     10.0000,      1.3890,     42.4275,    245.5420,     61.7935,      3.4953,      0.0000,     -0.0314,      1.8060,      0.1401,      5.5159,     11.0319,      1.2378,     28.4988,     56.9977,      0.0190,      0.0014,      0.0156,      0.1996,   7606.1079,-420132.4688,   -943.1254,    544.3560,  25353.6914,
       1,     167,     136,       8,       1,       3,       1,     10.0000,      1.3890,     42.4275,    245.5420,     61.7935,      3.4953,      0.0141,     -0.0171,      0.0522,      0.1377,      5.5159,     11.0319,      1.2167,     28.4988,     56.9977,      0.0190,      0.0010,      0.0007,      0.1996,   7606.1079,-419295.3438,   -942.9442,    544.4129,  25353.6914,
       1,     167,     136,       9,       1,       3,       1,     10.0000,      1.3890,     42.4275,    245.5420,     61.7935,      3.4953,      0.0970,      0.0657,      9.3992,      0.1377,      5.5159,     11.0319,      1.2167,     28.4988,     56.9977,      0.0190,      0.0010,      0.1206,      0.1996,   7606.1079,-416993.8438,   -942.4490,    544.5695,  25353.6914,
       1,     167,     136,      10,       1,       3,       1,     10.0000,      1.3890,     42.4275,    245.5420,     61.7935,      3.4953,      0.1496,      0.1186,     11.9204,      0.1298,      5.5159,     11.0319,      1.1472,     28.4988,     56.9977,      0.0190,      0.0008,      0.1972,      0.1996,   7606.1079,-428674.9375,   -918.3330,    543.7745,  25353.7168,
       1,     167,     136,      11,       1,       3,       1,     10.0000,      1.3890,     42.4275,    245.5420,     61.7935,      3.4953,      0.1620,      0.1313,      7.1660,      0.1229,      5.5159,     11.0319,      1.0859,     28.4988,     56.9977,      0.0190,      0.0004,      0.2158,      0.1996,   7606.1152,-432888.7188,   -916.3580,    543.4886,  25353.7207,
       1,     167,     136,      12,       1,       3,       1,     10.0000,      1.3890,     42.4275,    245.5420,     61.7935,      3.4953,      0.1583,      0.1276,      4.9782,      0.1248,      5.5159,     11.0319,      1.1026,     28.4988,     56.9977,      0.0190,      0.0003,      0.2107,      0.1996,   7606.1167,-427207.7812,   -913.2961,    543.8746,  25353.7188,
       1,     167,     136,      13,       1,       3,       1,     10.0000,      1.3890,     42.4275,    245.5420,     61.7935,      3.4953,      0.1854,      0.1544,      7.3060,      0.1317,      5.5159,     11.0319,      1.1637,     28.4988,     56.9977,      0.0190,      0.0004,      0.2500,      0.1996,   7606.1157,-423936.0312,   -913.2575,    544.0972,  25353.7168,
       1,     167,     136,      14,       1,       3,       1,     10.0000,      1.3890,     42.4275,    245.5420,     61.7935,      3.4953,      0.1854,      0.1542,      7.9207,      0.1378,      5.5159,     11.0319,      1.2180,     28.4988,     56.9977,      0.0190,      0.0004,      0.2500,      0.1996,   7606.1152,-426612.5312,   -915.3745,    543.9152,  25353.7188,
       1,     167,     136,      15,       1,       3,       1,     10.0000,      1.3890,     42.4275,    245.5420,     61.7935,      3.4953,      0.1854,      0.1540,      7.3453,      0.1399,      5.5159,     11.0319,      1.2366,     28.4988,     56.9977,      0.0190,      0.0004,      0.2500,      0.1996,   7606.1157,-427624.8438,   -917.2190,    543.8464,  25353.7207,
       1,     167,     136,      16,       1,       3,       1,     10.0000,      1.3890,     42.4275,    245.5420,     61.7935,      3.4953,      0.1482,      0.1168,      5.1422,      0.1414,      5.5159,     11.0319,      1.2491,     28.4988,     56.9977,      0.0190,      0.0003,      0.1960,      0.1996,   7606.1167,-426980.7812,   -913.3152,    543.8901,  25353.7188,
       1,     167,     136,      17,       1,       3,       1,     10.0000,      1.3890,     42.4275,    245.5420,     61.7935,      3.4953,      0.1776,      0.1461,      5.7552,      0.1431,      5.5159,     11.0319,      1.2643,     28.4988,     56.9977,      0.0190,      0.0003,      0.2388,      0.1996,   7606.1157,-424124.7812,   -912.0673,    544.0844,  25353.7188,
       1,     167,     136,      18,       1,       3,       1,     10.0000,      1.3890,     42.4275,    245.5420,     61.7935,      3.4953,      0.1507,      0.1191,      5.4092,      0.1450,      5.5159,     11.0319,      1.2810,     28.4988,     56.9977,      0.0190,      0.0003,      0.1995,      0.1996,   7606.1157,-424657.0938,   -912.8907,    544.0482,  25353.7188,
       1,     167,     136,      19,       1,       3,       1,     10.0000,      1.3890,     42.4275,    245.5420,     61.7935,      3.4953,      0.0875,      0.0560,      3.6966,      0.1459,      5.5159,     11.0319,      1.2888,     28.4988,     56.9977,      0.0190,      0.0004,      0.1073,      0.1996,   7606.1157,-424263.3125,   -913.3177,    544.0750,  25353.7168,
       1,     167,     136,      20,       1,       3,       1,     10.0000,      1.3890,     42.4275,    245.5420,     61.7935,      3.4953,      0.0183,     -0.0132,      0.2261,      0.1432,      5.5159,     11.0319,      1.2656,     28.4988,     56.9977,      0.0190,      0.0004,      0.0065,      0.1996,   7606.1152,-422052.5625,   -913.1770,    544.2253,  25353.7168,
       1,     167,     136,      21,       1,       3,       1,     10.0000,      1.3890,     42.4275,    245.5420,     61.7935,      3.4953,      0.0000,     -0.0315,      0.4804,      0.1435,      5.5159,     11.0319,      1.2682,     28.4988,     56.9977,      0.0190,      0.0004,      0.0156,      0.1996,   7606.1152,-417450.1875,   -912.4353,    544.5385,  25353.7188,
       1,     167,     136,      22,       1,       3,       1,     10.0000,      1.3890,     42.4275,    245.5420,     61.7935,      3.4953,      0.0000,     -0.0313,      0.4958,      0.1376,      5.5159,     11.0319,      1.2155,     28.4988,     56.9977,      0.0190,      0.0004,      0.0156,      0.1996,   7606.1157,-417375.0625,   -912.4397,    544.5436,  25353.7207,
       1,     167,     136,      23,       1,       3,       1,     10.0000,      1.3890,     42.4275,    245.5420,     61.7935,      3.4953,      0.0000,     -0.0315,      0.8613,      0.1434,      5.5159,     11.0319,      1.2669,     28.4988,     56.9977,      0.0190,      0.0007,      0.0156,      0.1996,   7606.1167,-417388.0312,   -912.4621,    544.5428,  25353.7207,
       1,     167,     136,      24,       1,       3,       1,     10.0000,      1.3890,     42.4275,    245.5420,     61.7935,      3.4953,      0.0000,     -0.0312,      1.0276,      0.1364,      5.5159,     11.0319,      1.2057,     28.4988,     56.9977,      0.0190,      0.0008,      0.0156,      0.1996,   7606.1167,-417853.4688,   -912.6082,    544.5110,  25353.7188,
       1,     167,     137,       1,       1,       3,       1,     10.0000,      1.3890,     42.4278,    245.5479,     61.7949,      3.4953,      0.0000,     -0.0312,      0.8685,      0.1362,      5.5153,     11.0305,      1.2033,     28.5023,     57.0047,      0.0190,      0.0007,      0.0156,      0.1997,   7606.1157,-418263.0000,   -913.0335,    544.4962,  25354.8691,
       1,     167,     137,       2,       1,       3,       1,     10.0000,      1.3890,     42.4278,    245.5479,     61.7949,      3.4953,      0.0000,     -0.0313,      0.6676,      0.1371,      5.5153,     11.0305,      1.2118,     28.5023,     57.0047,      0.0190,      0.0005,      0.0156,      0.1997,   7606.4609,-417941.5000,   -912.7876,    544.5181,  25354.8691,
       1,     167,     137,       3,       1,       3,       1,     10.0000,      1.3890,     42.4278,    245.5479,     61.7949,      3.4953,      0.0000,     -0.0313,      0.5592,      0.1377,      5.5153,     11.0305,      1.2167,     28.5023,     57.0047,      0.0190,      0.0004,      0.0156,      0.1997,   7606.4609,-417658.3438,   -910.2853,    544.5374,  25354.8691,
       1,     167,     137,       4,       1,       3,       1,     10.0000,      1.3890,     42.4278,    245.5479,     61.7949,      3.4953,      0.0000,     -0.0315,      0.4745,      0.1425,      5.5153,     11.0305,      1.2593,     28.5023,     57.0047,      0.0190,      0.0004,      0.0156,      0.1997,   7606.4609,-417496.1250,   -910.1747,    544.5484,  25354.8711,
       1,     167,     137,       5,       1,       3,       1,     10.0000,      1.3890,     42.4278,    245.5479,     61.7949,      3.4953,      0.0000,     -0.0315,      0.5552,      0.1435,      5.5153,     11.0305,      1.2682,     28.5023,     57.0047,      0.0190,      0.0004,      0.0156,      0.1997,   7606.4614,-417374.2188,   -910.1730,    544.5567,  25354.8691,
       1,     167,     137,       6,       1,       3,       1,     10.0000,      1.3890,     42.4278,    245.5479,     61.7949,      3.4953,      0.0000,     -0.0315,      0.6440,      0.1438,      5.5153,     11.0305,      1.2708,     28.5023,     57.0047,      0.0190,      0.0005,      0.0156,      0.1997,   7606.4609,-417466.5000,   -910.2216,    544.5505,  25354.8672,
       1,     167,     137,       7,       1,       3,       1,     10.0000,      1.3890,     42.4278,    245.5479,     61.7949,      3.4953,      0.0000,     -0.0316,      0.6148,      0.1463,      5.5153,     11.0305,      1.2927,     28.5023,     57.0047,      0.0190,      0.0005,      0.0156,      0.1997,   7606.4604,-417587.5938,   -910.2873,    544.5422,  25354.8691,
       1,     167,     137,       8,       1,       3,       1,     10.0000,      1.3890,     42.4278,    245.5479,     61.7949,      3.4953,      0.0181,     -0.0135,      0.1882,      0.1482,      5.5153,     11.0305,      1.3098,     28.5023,     57.0047,      0.0190,      0.0004,      0.0060,      0.1997,   7606.4609,-417560.6250,   -910.3193,    544.5440,  25354.8672,
       1,     167,     137,       9,       1,       3,       1,     10.0000,      1.3890,     42.4278,    245.5479,     61.7949,      3.4953,      0.0936,      0.0617,      4.2183,      0.1566,      5.5153,     11.0305,      1.3842,     28.5023,     57.0047,      0.0190,      0.0005,      0.1159,      0.1997,   7606.4604,-417016.6875,   -910.2932,    544.5811,  25354.8691,
       1,     167,     137,      10,       1,       3,       1,     10.0000,      1.3890,     42.4278,    245.5479,     61.7949,      3.4953,      0.1352,      0.1023,      9.1097,      0.1884,      5.5153,     11.0305,      1.6646,     28.5023,     57.0047,      0.0190,      0.0006,      0.1762,      0.1997,   7606.4609,-422090.6875,   -911.4365,    544.2357,  25354.8711,
       1,     167,     137,      11,       1,       3,       1,     10.0000,      1.3890,     42.4278,    245.5479,     61.7949,      3.4953,      0.1754,      0.1422,     11.5628,      0.1956,      5.5153,     11.0305,      1.7284,     28.5023,     57.0047,      0.0190,      0.0006,      0.2353,      0.1997,   7606.4614,-428746.5000,   -913.2262,    543.7829,  25354.8672,
       1,     167,     137,      12,       1,       3,       1,     10.0000,      1.3890,     42.4278,    245.5479,     61.7949,      3.4953,      0.1853,      0.1521,     11.5991,      0.1966,      5.5153,     11.0305,      1.7369,     28.5023,     57.0047,      0.0190,      0.0006,      0.2500,      0.1997,   7606.4604,-432441.1562,   -915.3828,    543.5320,  25354.8711,
       1,     167,     137,      13,       1,       3,       1,     10.0000,      1.3890,     42.4278,    245.5479,     61.7949,      3.4953,      0.1853,      0.1530,      9.4898,      0.1677,      5.5153,     11.0305,      1.4817,     28.5023,     57.0047,      0.0190,      0.0005,      0.2500,      0.1997,   7606.4614,-432805.9062,   -918.1450,    543.5073,  25354.8711,
       1,     167,     137,      14,       1,       3,       1,     10.0000,      1.3890,     42.4278,    245.5479,     61.7949,      3.4953,      0.1864,      0.1552,     19.5739,      0.1355,      5.5153,     11.0305,      1.1972,     28.5023,     57.0047,      0.0190,      0.0010,      0.2500,      0.1997,   7606.4614,-430156.2188,   -914.4092,    543.6873,  25354.8691,
       1,     167,     137,      15,       1,       3,       1,     10.0000,      1.3890,     42.4278,    245.5479,     61.7949,      3.4953,      0.1888,      0.1581,     48.0776,      0.1224,      5.5153,     11.0305,      1.0815,     28.5023,     57.0047,      0.0190,      0.0024,      0.2500,      0.1997,   7606.4609,-442745.5000,   -916.6068,    542.8318,  25354.8691,
       1,     167,     137,      16,       1,       3,       1,     10.0000,      1.3890,     42.4278,    245.5479,     61.7949,      3.4953,      0.1904,      0.1593,     70.3663,      0.1351,      5.5153,     11.0305,      1.1936,     28.5023,     57.0047,      0.0190,      0.0035,      0.2500,      0.1996,   7606.4609,-480072.9062,   -923.3868,    540.2996,  25354.8691,
       1,     167,     137,      17,       1,       3,       1,     10.0000,      1.3890,     42.4278,    245.5479,     61.7949,      3.4953,      0.1882,      0.1568,     66.8944,      0.1397,      5.5153,     11.0305,      1.2341,     28.5023,     57.0047,      0.0190,      0.0034,      0.2471,      0.1996,   7606.4609,-511664.0312,   -929.5660,    538.1719,  25354.8691,
       1,     167,     137,      18,       1,       3,       1,     10.0000,      1.3890,     42.4278,    245.5479,     61.7949,      3.4953,      0.1479,      0.1163,     34.0001,      0.1469,      5.5153,     11.0305,      1.2980,     28.5023,     57.0047,      0.0190,      0.0022,      0.1922,      0.1996,   7606.4609,-509973.8125,   -928.6945,    538.2899,  25354.8691,
       1,     167,     137,      19,       1,       3,       1,     10.0000,      1.3890,     42.4278,    245.5479,     61.7949,      3.4953,      0.1270,      0.0952,      8.8660,      0.1518,      5.5153,     11.0305,      1.3418,     28.5023,     57.0047,      0.0190,      0.0007,      0.1644,      0.1996,   7606.4609,-467959.7500,   -922.4490,    541.1168,  25354.8691,
       1,     167,     137,      20,       1,       3,       1,     10.0000,      1.3890,     42.4278,    245.5479,     61.7949,      3.4953,      0.0198,     -0.0119,      0.3883,      0.1494,      5.5153,     11.0305,      1.3204,     28.5023,     57.0047,      0.0190,      0.0006,      0.0084,      0.1996,   7606.4609,-432397.6562,   -916.6575,    543.5297,  25354.8691,
       1,     167,     137,      21,       1,       3,       1,     10.0000,      1.3890,     42.4278,    245.5479,     61.7949,      3.4953,      0.0000,     -0.0316,      0.5897,      0.1459,      5.5153,     11.0305,      1.2888,     28.5023,     57.0047,      0.0190,      0.0005,      0.0156,      0.1997,   7606.4609,-418558.6875,   -914.2784,    544.4753,  25354.8711,
       1,     167,     137,      22,       1,       3,       1,     10.0000,      1.3890,     42.4278,    245.5479,     61.7949,      3.4953,      0.0000,     -0.0316,      0.5663,      0.1466,      5.5153,     11.0305,      1.2954,     28.5023,     57.0047,      0.0190,      0.0005,      0.0156,      0.1997,   7606.4614,-417613.5312,   -914.1409,    544.5404,  25354.8691,
       1,     167,     137,      23,       1,       3,       1,     10.0000,      1.3890,     42.4278,    245.5479,     61.7949,      3.4953,      0.0000,     -0.0317,      0.5875,      0.1481,      5.5153,     11.0305,      1.3085,     28.5023,     57.0047,      0.0190,      0.0005,      0.0156,      0.1997,   7606.4609,-417501.3125,   -914.1496,    544.5481,  25354.8691,
       1,     167,     137,      24,       1,       3,       1,     10.0000,      1.3890,     42.4278,    245.5479,     61.7949,      3.4953,      0.0000,     -0.0317,      0.5919,      0.1493,      5.5153,     11.0305,      1.3190,     28.5023,     57.0047,      0.0190,      0.0005,      0.0156,      0.1997,   7606.4609,-417518.4375,   -911.4274,    544.5469,  25354.8691,
       1,     167,     138,       1,       1,       3,       1,     10.0000,      1.3890,     42.4282,    245.5538,     61.7964,      3.4953,      0.0000,     -0.0316,      0.6525,      0.1479,      5.5151,     11.0302,      1.3072,     28.5088,     57.0176,      0.0190,      0.0005,      0.0156,      0.1997,   7606.4609,-417683.0000,   -911.7532,    544.5486,  25356.0195,
       1,     167,     138,       2,       1,       3,       1,     10.0000,      1.3890,     42.4282,    245.5538,     61.7964,      3.4953,      0.0000,     -0.0316,      1.0877,      0.1460,      5.5151,     11.0302,      1.2902,     28.5088,     57.0176,      0.0190,      0.0009,      0.0156,      0.1997,   7606.8062,-417619.7500,   -911.5249,    544.5529,  25356.0176,
       1,     167,     138,       3,       1,       3,       1,     10.0000,      1.3890,     42.4282,    245.5538,     61.7964,      3.4953,      0.0000,     -0.0315,      1.3127,      0.1450,      5.5151,     11.0302,      1.2811,     28.5088,     57.0176,      0.0190,      0.0010,      0.0156,      0.1997,   7606.8057,-418167.5000,   -911.6909,    544.5156,  25356.0176,
       1,     167,     138,       4,       1,       3,       1,     10.0000,      1.3890,     42.4282,    245.5538,     61.7964,      3.4953,      0.0000,     -0.0316,      1.4648,      0.1456,      5.5151,     11.0302,      1.2863,     28.5088,     57.0176,      0.0190,      0.0012,      0.0156,      0.1997,   7606.8057,-418500.7812,   -911.8575,    544.4930,  25356.0176,
       1,     167,     138,       5,       1,       3,       1,     10.0000,      1.3890,     42.4282,    245.5538,     61.7964,      3.4953,      0.0000,     -0.0316,      1.4747,      0.1459,      5.5151,     11.0302,      1.2889,     28.5088,     57.0176,      0.0190,      0.0012,      0.0156,      0.1997,   7606.8057,-418722.7188,   -912.0495,    544.4778,  25356.0176,
       1,     167,     138,       6,       1,       3,       1,     10.0000,      1.3890,     42.4282,    245.5538,     61.7964,      3.4953,      0.0000,     -0.0315,      1.3287,      0.1435,      5.5151,     11.0302,      1.2682,     28.5088,     57.0176,      0.0190,      0.0011,      0.0156,      0.1997,   7606.8057,-418754.6250,   -912.1783,    544.4756,  25356.0195,
       1,     167,     138,       7,       1,       3,       1,     10.0000,      1.3890,     42.4282,    245.5538,     61.7964,      3.4953,      0.0000,     -0.0313,      1.1222,      0.1392,      5.5151,     11.0302,      1.2304,     28.5088,     57.0176,      0.0190,      0.0009,      0.0156,      0.1997,   7606.8062,-418571.7812,   -912.2579,    544.4880,  25356.0195,
       1,     167,     138,       8,       1,       3,       1,     10.0000,      1.3890,     42.4282,    245.5538,     61.7964,      3.4953,      0.0292,     -0.0020,      1.1078,      0.1356,      5.5151,     11.0302,      1.1984,     28.5088,     57.0176,      0.0190,      0.0006,      0.0226,      0.1997,   7606.8062,-418293.5625,   -912.3165,    544.5070,  25356.0215,
       1,     167,     138,       9,       1,       3,       1,     10.0000,      1.3890,     42.4282,    245.5538,     61.7964,      3.4953,      0.1356,      0.1044,      7.5805,      0.1365,      5.5151,     11.0302,      1.2057,     28.5088,     57.0176,      0.0190,      0.0005,      0.1772,      0.1997,   7606.8066,-418250.8750,   -912.4351,    544.5099,  25356.0195,
       1,     167,     138,      10,       1,       3,       1,     10.0000,      1.3890,     42.4282,    245.5538,     61.7964,      3.4953,      0.1834,      0.1517,      9.4656,      0.1481,      5.5151,     11.0302,      1.3085,     28.5088,     57.0176,      0.0190,      0.0005,      0.2469,      0.1997,   7606.8062,-426472.5000,   -914.3418,    543.9503,  25356.0176,
       1,     167,     138,      11,       1,       3,       1,     10.0000,      1.3890,     42.4282,    245.5538,     61.7964,      3.4953,      0.1853,      0.1535,      8.0395,      0.1508,      5.5151,     11.0302,      1.3324,     28.5088,     57.0176,      0.0190,      0.0004,      0.2499,      0.1997,   7606.8057,-429580.2500,   -915.8404,    543.7393,  25356.0195,
       1,     167,     138,      12,       1,       3,       1,     10.0000,      1.3890,     42.4282,    245.5538,     61.7964,      3.4953,      0.1728,      0.1408,      6.1202,      0.1600,      5.5151,     11.0302,      1.4137,     28.5088,     57.0176,      0.0190,      0.0003,      0.2320,      0.1997,   7606.8062,-428036.0000,   -916.4160,    543.8443,  25356.0195,
       1,     167,     138,      13,       1,       3,       1,     10.0000,      1.3890,     42.4282,    245.5538,     61.7964,      3.4953,      0.1851,      0.1528,      7.0311,      0.1684,      5.5151,     11.0302,      1.4877,     28.5088,     57.0176,      0.0190,      0.0003,      0.2500,      0.1997,   7606.8062,-425463.2188,   -916.6345,    544.0192,  25356.0195,
       1,     167,     138,      14,       1,       3,       1,     10.0000,      1.3890,     42.4282,    245.5538,     61.7964,      3.4953,      0.1816,      0.1489,      9.6428,      0.1802,      5.5151,     11.0302,      1.5919,     28.5088,     57.0176,      0.0190,      0.0005,      0.2447,      0.1997,   7606.8062,-426398.5312,   -917.8018,    543.9556,  25356.0176,
       1,     167,     138,      15,       1,       3,       1,     10.0000,      1.3890,     42.4282,    245.5538,     61.7964,      3.4953,      0.0572,      0.0245,      6.1141,      0.1802,      5.5151,     11.0302,      1.5919,     28.5088,     57.0176,      0.0190,      0.0012,      0.0616,      0.1997,   7606.8057,-429798.6875,   -919.2194,    543.7244,  25356.0195,
       1,     167,     138,      16,       1,       3,       1,     10.0000,      1.3890,     42.4282,    245.5538,     61.7964,      3.4953,      0.0175,     -0.0152,      0.5100,      0.1796,      5.5151,     11.0302,      1.5872,     28.5088,     57.0176,      0.0190,      0.0017,      0.0037,      0.1997,   7606.8062,-425607.7812,   -918.6844,    544.0093,  25356.0195,
       1,     167,     138,      17,       1,       3,       1,     10.0000,      1.3890,     42.4282,    245.5538,     61.7964,      3.4953,      0.0216,     -0.0108,      1.6454,      0.1695,      5.5151,     11.0302,      1.4981,     28.5088,     57.0176,      0.0190,      0.0021,      0.0099,      0.1997,   7606.8062,-418123.7500,   -917.5104,    544.5183,  25356.0195,
       1,     167,     138,      18,       1,       3,       1,     10.0000,      1.3890,     42.4282,    245.5538,     61.7964,      3.4953,      0.0385,      0.0064,      6.8143,      0.1597,      5.5151,     11.0302,      1.4109,     28.5088,     57.0176,      0.0190,      0.0024,      0.0346,      0.1997,   7606.8062,-418919.8750,   -917.8741,    544.4644,  25356.0176,
       1,     167,     138,      19,       1,       3,       1,     10.0000,      1.3890,     42.4282,    245.5538,     61.7964,      3.4953,      0.0324,      0.0004,      6.4248,      0.1590,      5.5151,     11.0302,      1.4052,     28.5088,     57.0176,      0.0190,      0.0031,      0.0258,      0.1997,   7606.8057,-425556.9688,   -919.3749,    544.0127,  25356.0215,
       1,     167,     138,      20,       1,       3,       1,     10.0000,      1.3890,     42.4282,    245.5538,     61.7964,      3.4953,      0.0124,     -0.0192,      3.9754,      0.1479,      5.5151,     11.0302,      1.3072,     28.5088,     57.0176,      0.0190,      0.0032,      0.0156,      0.1997,   7606.8066,-425636.0625,   -919.7363,    544.0074,  25356.0195,
       1,     167,     138,      21,       1,       3,       1,     10.0000,      1.3890,     42.4282,    245.5538,     61.7964,      3.4953,      0.0000,     -0.0315,      3.5680,      0.1442,      5.5151,     11.0302,      1.2747,     28.5088,     57.0176,      0.0190,      0.0028,      0.0156,      0.1997,   7606.8062,-422530.0938,   -911.5673,    544.2187,  25356.0215,
       1,     167,     138,      22,       1,       3,       1,     10.0000,      1.3890,     42.4282,    245.5538,     61.7964,      3.4953,      0.0000,     -0.0314,      2.8837,      0.1424,      5.5151,     11.0302,      1.2580,     28.5088,     57.0176,      0.0190,      0.0023,      0.0156,      0.1997,   7606.8066,-421743.7500,   -911.3828,    544.2723,  25356.0195,
       1,     167,     138,      23,       1,       3,       1,     10.0000,      1.3890,     42.4282,    245.5538,     61.7964,      3.4953,      0.0000,     -0.0315,      2.3492,      0.1451,      5.5151,     11.0302,      1.2824,     28.5088,     57.0176,      0.0190,      0.0019,      0.0156,      0.1997,   7606.8062,-420806.1250,   -911.5986,    544.3360,  25356.0215,
       1,     167,     138,      24,       1,       3,       1,     10.0000,      1.3890,     42.4282,    245.5538,     61.7964,      3.4953,      0.0000,     -0.0316,      2.1017,      0.1469,      5.5151,     11.0302,      1.2980,     28.5088,     57.0176,      0.0190,      0.0017,      0.0156,      0.1997,   7606.8066,-420045.6875,   -911.7753,    544.3877,  25356.0195,
       1,     167,     139,       1,       1,       3,       1,     10.0000,      1.3890,     42.4285,    245.5596,     61.7979,      3.4953,      0.0000,     -0.0316,      1.0517,      0.1475,      5.5162,     11.0325,      1.3033,     28.5006,     57.0011,      0.0190,      0.0008,      0.0156,      0.1997,   7606.8062,-419823.3750,   -912.2524,    544.4159,  25357.1719,
       1,     167,     139,       2,       1,       3,       1,     10.0000,      1.3890,     42.4285,    245.5596,     61.7979,      3.4953,      0.0000,     -0.0316,      0.5947,      0.1472,      5.5162,     11.0325,      1.3006,     28.5006,     57.0011,      0.0190,      0.0005,      0.0156,      0.1997,   7607.1519,-418315.0312,   -911.8252,    544.5186,  25357.1719,
       1,     167,     139,       3,       1,       3,       1,     10.0000,      1.3890,     42.4285,    245.5596,     61.7979,      3.4953,      0.0000,     -0.0316,      0.8547,      0.1463,      5.5162,     11.0325,      1.2928,     28.5006,     57.0011,      0.0190,      0.0007,      0.0156,      0.1997,   7607.1519,-417603.8750,   -911.7334,    544.5670,  25357.1719,
       1,     167,     139,       4,       1,       3,       1,     10.0000,      1.3890,     42.4285,    245.5596,     61.7979,      3.4953,      0.0000,     -0.0316,      1.3235,      0.1466,      5.5162,     11.0325,      1.2954,     28.5006,     57.0011,      0.0190,      0.0011,      0.0156,      0.1997,   7607.1519,-417872.8438,   -911.8492,    544.5488,  25357.1738,
       1,     167,     139,       5,       1,       3,       1,     10.0000,      1.3890,     42.4285,    245.5596,     61.7979,      3.4953,      0.0000,     -0.0315,      1.1768,      0.1444,      5.5162,     11.0325,      1.2760,     28.5006,     57.0011,      0.0190,      0.0009,      0.0156,      0.1997,   7607.1523,-418491.3438,   -912.0843,    544.5066,  25357.1719,
       1,     167,     139,       6,       1,       3,       1,     10.0000,      1.3890,     42.4285,    245.5596,     61.7979,      3.4953,      0.0000,     -0.0314,      0.9667,      0.1424,      5.5162,     11.0325,      1.2581,     28.5006,     57.0011,      0.0190,      0.0008,      0.0156,      0.1997,   7607.1519,-418358.8438,   -912.1660,    544.5156,  25357.1719,
       1,     167,     139,       7,       1,       3,       1,     10.0000,      1.3890,     42.4285,    245.5596,     61.7979,      3.4953,      0.0000,     -0.0314,      0.8452,      0.1417,      5.5162,     11.0325,      1.2517,     28.5006,     57.0011,      0.0190,      0.0007,      0.0156,      0.1997,   7607.1519,-418080.4375,   -912.1746,    544.5346,  25357.1699,
       1,     167,     139,       8,       1,       3,       1,     10.0000,      1.3890,     42.4285,    245.5596,     61.7979,      3.4953,      0.0140,     -0.0175,      0.0073,      0.1424,      5.5162,     11.0325,      1.2581,     28.5006,     57.0011,      0.0190,      0.0006,      0.0002,      0.1997,   7607.1514,-417902.0938,   -912.2114,    544.5468,  25357.1719,
       1,     167,     139,       9,       1,       3,       1,     10.0000,      1.3890,     42.4285,    245.5596,     61.7979,      3.4953,      0.0931,      0.0617,      5.4951,      0.1424,      5.5162,     11.0325,      1.2581,     28.5006,     57.0011,      0.0190,      0.0006,      0.1153,      0.1997,   7607.1519,-416821.8750,   -912.0995,    544.6202,  25357.1699,
       1,     167,     139,      10,       1,       3,       1,     10.0000,      1.3890,     42.4285,    245.5596,     61.7979,      3.4953,      0.1749,      0.1430,      9.8333,      0.1545,      5.5162,     11.0325,      1.3650,     28.5006,     57.0011,      0.0190,      0.0005,      0.2345,      0.1997,   7607.1514,-423701.2188,   -913.6117,    544.1520,  25357.1719,
       1,     167,     139,      11,       1,       3,       1,     10.0000,      1.3890,     42.4285,    245.5596,     61.7979,      3.4953,      0.1720,      0.1391,      9.9681,      0.1871,      5.5162,     11.0325,      1.6532,     28.5006,     57.0011,      0.0190,      0.0005,      0.2305,      0.1997,   7607.1519,-429808.8125,   -915.7239,    543.7367,  25357.1719,
       1,     167,     139,      12,       1,       3,       1,     10.0000,      1.3890,     42.4285,    245.5596,     61.7979,      3.4953,      0.1853,      0.1518,     12.0790,      0.2049,      5.5162,     11.0325,      1.8105,     28.5006,     57.0011,      0.0190,      0.0006,      0.2500,      0.1997,   7607.1519,-430508.3438,   -916.7670,    543.6893,  25357.1719,
       1,     167,     139,      13,       1,       3,       1,     10.0000,      1.3890,     42.4285,    245.5596,     61.7979,      3.4953,      0.1760,      0.1419,     14.8690,      0.2271,      5.5162,     11.0325,      2.0071,     28.5006,     57.0011,      0.0190,      0.0008,      0.2361,      0.1997,   7607.1519,-433251.1875,   -918.5482,    543.5029,  25357.1719,
       1,     167,     139,      14,       1,       3,       1,     10.0000,      1.3890,     42.4285,    245.5596,     61.7979,      3.4953,      0.1776,      0.1436,     18.0812,      0.2234,      5.5162,     11.0325,      1.9740,     28.5006,     57.0011,      0.0190,      0.0009,      0.2381,      0.1997,   7607.1519,-437034.0312,   -920.2165,    543.2460,  25357.1719,
       1,     167,     139,      15,       1,       3,       1,     10.0000,      1.3890,     42.4285,    245.5596,     61.7979,      3.4953,      0.1854,      0.1520,     31.3758,      0.2023,      5.5162,     11.0325,      1.7875,     28.5006,     57.0011,      0.0190,      0.0016,      0.2479,      0.1997,   7607.1519,-441443.3750,   -921.8037,    542.9466,  25357.1719,
       1,     167,     139,      16,       1,       3,       1,     10.0000,      1.3890,     42.4285,    245.5596,     61.7979,      3.4953,      0.1897,      0.1564,     67.3046,      0.1985,      5.5162,     11.0325,      1.7543,     28.5006,     57.0011,      0.0190,      0.0033,      0.2500,      0.1997,   7607.1519,-458721.8750,   -925.7576,    541.7740,  25357.1719,
       1,     167,     139,      17,       1,       3,       1,     10.0000,      1.3890,     42.4285,    245.5596,     61.7979,      3.4953,      0.1752,      0.1421,     84.1666,      0.1933,      5.5162,     11.0325,      1.7081,     28.5006,     57.0011,      0.0190,      0.0046,      0.2266,      0.1997,   7607.1519,-505894.5312,   -935.5658,    538.5807,  25357.1738,
       1,     167,     139,      18,       1,       3,       1,     10.0000,      1.3890,     42.4285,    245.5596,     61.7979,      3.4953,      0.1293,      0.0966,     70.6153,      0.1800,      5.5162,     11.0325,      1.5904,     28.5006,     57.0011,      0.0190,      0.0055,      0.1604,      0.1996,   7607.1523,-531441.9375,   -941.3669,    536.8701,  25357.1719,
       1,     167,     139,      19,       1,       3,       1,     10.0000,      1.3890,     42.4285,    245.5596,     61.7979,      3.4953,      0.1135,      0.0810,     55.1925,      0.1718,      5.5162,     11.0325,      1.5177,     28.5006,     57.0011,      0.0190,      0.0049,      0.1389,      0.1996,   7607.1519,-516390.8750,   -939.5339,    537.8829,  25357.1738,
       1,     167,     139,      20,       1,       3,       1,     10.0000,      1.3890,     42.4285,    245.5596,     61.7979,      3.4953,      0.0198,     -0.0125,      2.0554,      0.1674,      5.5162,     11.0325,      1.4788,     28.5006,     57.0011,      0.0190,      0.0034,      0.0074,      0.1996,   7607.1523,-495469.7188,   -936.4104,    539.2905,  25357.1719,
       1,     167,     139,      21,       1,       3,       1,     10.0000,      1.3890,     42.4285,    245.5596,     61.7979,      3.4953,      0.0000,     -0.0322,      4.5733,      0.1637,      5.5162,     11.0325,      1.4467,     28.5006,     57.0011,      0.0190,      0.0036,      0.0156,      0.1996,   7607.1519,-426080.0938,   -923.8817,    543.9700,  25357.1738,
       1,     167,     139,      22,       1,       3,       1,     10.0000,      1.3890,     42.4285,    245.5596,     61.7979,      3.4953,      0.0000,     -0.0322,      4.5851,      0.1645,      5.5162,     11.0325,      1.4539,     28.5006,     57.0011,      0.0190,      0.0036,      0.0156,      0.1997,   7607.1523,-423356.1875,   -923.5786,    544.1756,  25357.1738,
       1,     167,     139,      23,       1,       3,       1,     10.0000,      1.3890,     42.4285,    245.5596,     61.7979,      3.4953,      0.0000,     -0.0322,      3.6174,      0.1639,      5.5162,     11.0325,      1.4481,     28.5006,     57.0011,      0.0190,      0.0029,      0.0156,      0.1997,   7607.1523,-423109.9375,   -923.7226,    544.1923,  25357.1719,
       1,     167,     139,      24,       1,       3,       1,     10.0000,      1.3890,     42.4285,    245.5596,     61.7979,      3.4953,      0.0000,     -0.0321,      3.1422,      0.1616,      5.5162,     11.0325,      1.4280,     28.5006,     57.0011,      0.0190,      0.0025,      0.0156,      0.1997,   7607.1519,-421859.1562,   -923.6290,    544.2774,  25357.1719,
       1,     167,     140,       1,       1,       3,       1,     10.0000,      1.3890,     42.4288,    245.5655,     61.7994,      3.4953,      0.0000,     -0.0321,      2.7037,      0.1614,      5.5158,     11.0315,      1.4266,     28.5057,     57.0114,      0.0190,      0.0022,      0.0156,      0.1997,   7607.1519,-421304.2500,   -923.9114,    544.3281,  25358.3223,
       1,     167,     140,       2,       1,       3,       1,     10.0000,      1.3890,     42.4288,    245.5655,     61.7994,      3.4953,      0.0000,     -0.0321,      2.1619,      0.1611,      5.5158,     11.0315,      1.4237,     28.5057,     57.0114,      0.0190,      0.0017,      0.0156,      0.1997,   7607.4971,-420544.5938,   -923.5959,    544.3798,  25358.3242,
       1,     167,     140,       3,       1,       3,       1,     10.0000,      1.3890,     42.4288,    245.5655,     61.7994,      3.4953,      0.0000,     -0.0321,      2.0071,      0.1598,      5.5158,     11.0315,      1.4124,     28.5057,     57.0114,      0.0190,      0.0016,      0.0156,      0.1997,   7607.4976,-419790.2812,   -923.5246,    544.4311,  25358.3242,
       1,     167,     140,       4,       1,       3,       1,     10.0000,      1.3890,     42.4288,    245.5655,     61.7994,      3.4953,      0.0000,     -0.0321,      2.0347,      0.1602,      5.5158,     11.0315,      1.4152,     28.5057,     57.0114,      0.0190,      0.0016,      0.0156,      0.1997,   7607.4976,-419528.4375,   -923.5370,    544.4490,  25358.3223,
       1,     167,     140,       5,       1,       3,       1,     10.0000,      1.3890,     42.4288,    245.5655,     61.7994,      3.4953,      0.0000,     -0.0320,      1.7454,      0.1590,      5.5158,     11.0315,      1.4053,     28.5057,     57.0114,      0.0190,      0.0014,      0.0156,      0.1997,   7607.4971,-419541.1562,   -923.6014,    544.4481,  25358.3223,
       1,     167,     140,       6,       1,       3,       1,     10.0000,      1.3890,     42.4288,    245.5655,     61.7994,      3.4953,      0.0000,     -0.0319,      1.7500,      0.1545,      5.5158,     11.0315,      1.3650,     28.5057,     57.0114,      0.0190,      0.0014,      0.0156,      0.1997,   7607.4971,-419174.7188,   -923.5843,    544.4730,  25358.3223,
       1,     167,     140,       7,       1,       3,       1,     10.0000,      1.3890,     42.4288,    245.5655,     61.7994,      3.4953,      0.0000,     -0.0316,      1.5689,      0.1466,      5.5158,     11.0315,      1.2954,     28.5057,     57.0114,      0.0190,      0.0012,      0.0156,      0.1997,   7607.4971,-419148.9062,   -923.6297,    544.4747,  25358.3223,
       1,     167,     140,       8,       1,       3,       1,     10.0000,      1.3890,     42.4288,    245.5655,     61.7994,      3.4953,      0.0029,     -0.0285,      1.5464,      0.1394,      5.5158,     11.0315,      1.2317,     28.5057,     57.0114,      0.0190,      0.0012,      0.0156,      0.1997,   7607.4971,-418916.6875,   -923.6258,    544.4906,  25358.3203,
       1,     167,     140,       9,       1,       3,       1,     10.0000,      1.3890,     42.4288,    245.5655,     61.7994,      3.4953,      0.0881,      0.0564,     11.0968,      0.1487,      5.5158,     11.0315,      1.3138,     28.5057,     57.0114,      0.0190,      0.0013,      0.1071,      0.1997,   7607.4966,-418868.0938,   -923.6443,    544.4939,  25358.3203,
       1,     167,     140,      10,       1,       3,       1,     10.0000,      1.3890,     42.4288,    245.5655,     61.7994,      3.4953,      0.0616,      0.0291,      8.1923,      0.1704,      5.5158,     11.0315,      1.5057,     28.5057,     57.0114,      0.0190,      0.0015,      0.0680,      0.1997,   7607.4966,-430997.0625,   -926.0336,    543.6683,  25358.3223,
       1,     167,     140,      11,       1,       3,       1,     10.0000,      1.3890,     42.4288,    245.5655,     61.7994,      3.4953,      0.1869,      0.1539,     30.2085,      0.1882,      5.5158,     11.0315,      1.6631,     28.5057,     57.0114,      0.0190,      0.0015,      0.2500,      0.1997,   7607.4971,-428356.6562,   -925.6541,    543.8484,  25358.3242,
       1,     167,     140,      12,       1,       3,       1,     10.0000,      1.3890,     42.4288,    245.5655,     61.7994,      3.4953,      0.1830,      0.1494,     25.2633,      0.2075,      5.5158,     11.0315,      1.8339,     28.5057,     57.0114,      0.0190,      0.0013,      0.2450,      0.1997,   7607.4976,-456101.3438,   -931.2622,    541.9623,  25358.3223,
       1,     167,     140,      13,       1,       3,       1,     10.0000,      1.3890,     42.4288,    245.5655,     61.7994,      3.4953,      0.1859,      0.1517,     22.4922,      0.2337,      5.5158,     11.0315,      2.0649,     28.5057,     57.0114,      0.0190,      0.0011,      0.2500,      0.1997,   7607.4971,-452221.6250,   -930.8649,    542.2285,  25358.3223,
       1,     167,     140,      14,       1,       3,       1,     10.0000,      1.3890,     42.4288,    245.5655,     61.7994,      3.4953,      0.1865,      0.1520,     30.9958,      0.2446,      5.5158,     11.0315,      2.1617,     28.5057,     57.0114,      0.0190,      0.0015,      0.2500,      0.1997,   7607.4971,-448360.7188,   -930.4888,    542.4902,  25358.3242,
       1,     167,     140,      15,       1,       3,       1,     10.0000,      1.3890,     42.4288,    245.5655,     61.7994,      3.4953,      0.1614,      0.1273,     54.8881,      0.2238,      5.5158,     11.0315,      1.9779,     28.5057,     57.0114,      0.0190,      0.0033,      0.2096,      0.1997,   7607.4976,-458835.1562,   -932.7145,    541.7800,  25358.3223,
       1,     167,     140,      16,       1,       3,       1,     10.0000,      1.3890,     42.4288,    245.5655,     61.7994,      3.4953,      0.1574,      0.1263,     52.9052,      0.1340,      5.5158,     11.0315,      1.1840,     28.5057,     57.0114,      0.0190,      0.0032,      0.2038,      0.1997,   7607.4971,-490111.9688,   -924.2267,    539.6622,  25358.2168,
       1,     167,     140,      17,       1,       3,       1,     10.0000,      1.3890,     42.4288,    245.5655,     61.7994,      3.4953,      0.1438,      0.1126,     57.2062,      0.1358,      5.5158,     11.0315,      1.1997,     28.5057,     57.0114,      0.0190,      0.0039,      0.1835,      0.1997,   7607.4653,-490311.9688,   -924.3087,    539.6530,  25358.2129,
       1,     167,     140,      18,       1,       3,       1,     10.0000,      1.3890,     42.4288,    245.5655,     61.7994,      3.4953,      0.0248,     -0.0071,      6.2342,      0.1529,      5.5158,     11.0315,      1.3514,     28.5057,     57.0114,      0.0190,      0.0052,      0.0148,      0.1997,   7607.4644,-495794.2812,   -925.3489,    539.2831,  25358.2051,
       1,     167,     140,      19,       1,       3,       1,     10.0000,      1.3890,     42.4288,    245.5655,     61.7994,      3.4953,      0.0122,     -0.0198,      7.0861,      0.1590,      5.5158,     11.0315,      1.4053,     28.5057,     57.0114,      0.0190,      0.0056,      0.0156,      0.1997,   7607.4619,-431436.5625,   -914.9364,    543.6216,  25358.3203,
       1,     167,     140,      20,       1,       3,       1,     10.0000,      1.3890,     42.4288,    245.5655,     61.7994,      3.4953,      0.0033,     -0.0286,      5.8176,      0.1557,      5.5158,     11.0315,      1.3760,     28.5057,     57.0114,      0.0190,      0.0046,      0.0156,      0.1997,   7607.4966,-427010.5000,   -914.9854,    543.9399,  25358.3203,
       1,     167,     140,      21,       1,       3,       1,     10.0000,      1.3890,     42.4288,    245.5655,     61.7994,      3.4953,      0.0000,     -0.0318,      0.9308,      0.1532,      5.5158,     11.0315,      1.3541,     28.5057,     57.0114,      0.0190,      0.0007,      0.0156,      0.1997,   7607.4966,-424994.5000,   -915.2388,    544.0771,  25358.3242,
       1,     167,     140,      22,       1,       3,       1,     10.0000,      1.3890,     42.4288,    245.5655,     61.7994,      3.4953,      0.0000,     -0.0319,      1.3156,      0.1560,      5.5158,     11.0315,      1.3788,     28.5057,     57.0114,      0.0190,      0.0010,      0.0156,      0.1997,   7607.4976,-418610.6250,   -914.1748,    544.5112,  25358.3223,
       1,     167,     140,      23,       1,       3,       1,     10.0000,      1.3890,     42.4288,    245.5655,     61.7994,      3.4953,      0.0000,     -0.0319,      0.9676,      0.1542,      5.5158,     11.0315,      1.3623,     28.5057,     57.0114,      0.0190,      0.0008,      0.0156,      0.1997,   7607.4971,-418548.5312,   -914.2833,    544.5156,  25358.3242,
       1,     167,     140,      24,       1,       3,       1,     10.0000,      1.3890,     42.4288,    245.5655,     61.7994,      3.4953,      0.0000,     -0.0318,      1.0235,      0.1535,      5.5158,     11.0315,      1.3568,     28.5057,     57.0114,      0.0190,      0.0008,      0.0156,      0.1997,   7607.4976,-418100.4375,   -914.2765,    544.5461,  25358.3223,
       1,     167,     141,       1,       1,       3,       1,     10.0000,      1.3891,     42.4292,    245.5713,     61.8008,      3.4953,      0.0000,     -0.0319,      0.8341,      0.1556,      5.5163,     11.0326,      1.3747,     28.5008,     57.0016,      0.0190,      0.0007,      0.0156,      0.1998,   7607.4971,-418290.5312,   -914.6524,    544.5463,  25359.4727,
       1,     167,     141,       2,       1,       3,       1,     10.0000,      1.3891,     42.4292,    245.5713,     61.8008,      3.4953,      0.0000,     -0.0315,      0.8497,      0.1431,      5.5163,     11.0326,      1.2645,     28.5008,     57.0016,      0.0190,      0.0007,      0.0156,      0.1998,   7607.8423,-417911.5312,   -914.3841,    544.5721,  25359.4727,
       1,     167,     141,       3,       1,       3,       1,     10.0000,      1.3891,     42.4292,    245.5713,     61.8008,      3.4953,      0.0000,     -0.0317,      1.1303,      0.1493,      5.5163,     11.0326,      1.3192,     28.5008,     57.0016,      0.0190,      0.0009,      0.0156,      0.1998,   7607.8423,-417898.3750,   -911.7716,    544.5729,  25359.4727,
       1,     167,     141,       4,       1,       3,       1,     10.0000,      1.3891,     42.4292,    245.5713,     61.8008,      3.4953,      0.0000,     -0.0315,      0.9237,      0.1450,      5.5163,     11.0326,      1.2812,     28.5008,     57.0016,      0.0190,      0.0007,      0.0156,      0.1998,   7607.8423,-418253.9375,   -911.9525,    544.5488,  25359.4727,
       1,     167,     141,       5,       1,       3,       1,     10.0000,      1.3891,     42.4292,    245.5713,     61.8008,      3.4953,      0.0000,     -0.0313,      0.8782,      0.1376,      5.5163,     11.0326,      1.2156,     28.5008,     57.0016,      0.0190,      0.0007,      0.0156,      0.1998,   7607.8423,-418022.0312,   -911.9865,    544.5646,  25359.4727,
       1,     167,     141,       6,       1,       3,       1,     10.0000,      1.3891,     42.4292,    245.5713,     61.8008,      3.4953,      0.0000,     -0.0314,      0.8932,      0.1405,      5.5163,     11.0326,      1.2417,     28.5008,     57.0016,      0.0190,      0.0007,      0.0156,      0.1998,   7607.8423,-417944.2812,   -912.0457,    544.5699,  25359.4727,
       1,     167,     141,       7,       1,       3,       1,     10.0000,      1.3891,     42.4292,    245.5713,     61.8008,      3.4953,      0.0000,     -0.0316,      1.0267,      0.1468,      5.5163,     11.0326,      1.2968,     28.5008,     57.0016,      0.0190,      0.0008,      0.0156,      0.1998,   7607.8423,-417956.6250,   -912.1231,    544.5690,  25359.4746,
       1,     167,     141,       8,       1,       3,       1,     10.0000,      1.3891,     42.4292,    245.5713,     61.8008,      3.4953,      0.0086,     -0.0230,      0.9462,      0.1448,      5.5163,     11.0326,      1.2799,     28.5008,     57.0016,      0.0190,      0.0008,      0.0156,      0.1998,   7607.8428,-418127.1562,   -912.2294,    544.5575,  25359.4727,
       1,     167,     141,       9,       1,       3,       1,     10.0000,      1.3891,     42.4292,    245.5713,     61.8008,      3.4953,      0.0435,      0.0118,      2.4932,      0.1491,      5.5163,     11.0326,      1.3178,     28.5008,     57.0016,      0.0190,      0.0007,      0.0428,      0.1998,   7607.8423,-418039.7500,   -910.3380,    544.5634,  25359.4707,
       1,     167,     141,      10,       1,       3,       1,     10.0000,      1.3891,     42.4292,    245.5713,     61.8008,      3.4953,      0.1335,      0.1014,      7.7431,      0.1586,      5.5163,     11.0326,      1.4011,     28.5008,     57.0016,      0.0190,      0.0006,      0.1739,      0.1998,   7607.8413,-419997.6875,   -910.9003,    544.4301,  25359.4707,
       1,     167,     141,      11,       1,       3,       1,     10.0000,      1.3891,     42.4292,    245.5713,     61.8008,      3.4953,      0.1601,      0.1277,     10.7022,      0.1712,      5.5163,     11.0326,      1.5132,     28.5008,     57.0016,      0.0190,      0.0006,      0.2128,      0.1998,   7607.8413,-426836.0000,   -912.7373,    543.9647,  25359.4707,
       1,     167,     141,      12,       1,       3,       1,     10.0000,      1.3891,     42.4292,    245.5713,     61.8008,      3.4953,      0.1745,      0.1416,     11.7876,      0.1871,      5.5163,     11.0326,      1.6532,     28.5008,     57.0016,      0.0190,      0.0006,      0.2339,      0.1998,   7607.8413,-431187.0000,   -914.3267,    543.6690,  25359.4727,
       1,     167,     141,      13,       1,       3,       1,     10.0000,      1.3891,     42.4292,    245.5713,     61.8008,      3.4953,      0.1768,      0.1435,     10.8343,      0.1976,      5.5163,     11.0326,      1.7457,     28.5008,     57.0016,      0.0190,      0.0006,      0.2375,      0.1998,   7607.8423,-432941.7500,   -915.4739,    543.5499,  25359.4707,
       1,     167,     141,      14,       1,       3,       1,     10.0000,      1.3891,     42.4292,    245.5713,     61.8008,      3.4953,      0.1747,      0.1416,     10.2564,      0.1910,      5.5163,     11.0326,      1.6880,     28.5008,     57.0016,      0.0190,      0.0005,      0.2344,      0.1998,   7607.8413,-431882.1875,   -916.1478,    543.6219,  25359.4727,
       1,     167,     141,      15,       1,       3,       1,     10.0000,      1.3891,     42.4292,    245.5713,     61.8008,      3.4953,      0.1859,      0.1529,     18.1847,      0.1893,      5.5163,     11.0326,      1.6730,     28.5008,     57.0016,      0.0190,      0.0009,      0.2500,      0.1998,   7607.8423,-431056.1562,   -916.7076,    543.6781,  25359.4727,
       1,     167,     141,      16,       1,       3,       1,     10.0000,      1.3891,     42.4292,    245.5713,     61.8008,      3.4953,      0.1868,      0.1549,     25.7583,      0.1545,      5.5163,     11.0326,      1.3650,     28.5008,     57.0016,      0.0190,      0.0013,      0.2500,      0.1998,   7607.8423,-441057.6250,   -916.2718,    542.9984,  25359.4727,
       1,     167,     141,      17,       1,       3,       1,     10.0000,      1.3891,     42.4292,    245.5713,     61.8008,      3.4953,      0.0799,      0.0490,     12.7366,      0.1271,      5.5163,     11.0326,      1.1231,     28.5008,     57.0016,      0.0190,      0.0017,      0.0955,      0.1998,   7607.8423,-451546.5938,   -917.6619,    542.2868,  25359.4727,
       1,     167,     141,      18,       1,       3,       1,     10.0000,      1.3891,     42.4292,    245.5713,     61.8008,      3.4953,      0.1209,      0.0904,     27.7064,      0.1186,      5.5163,     11.0326,      1.0479,     28.5008,     57.0016,      0.0190,      0.0022,      0.1536,      0.1997,   7607.8423,-435903.9062,   -913.8887,    543.3477,  25359.4727,
       1,     167,     141,      19,       1,       3,       1,     10.0000,      1.3891,     42.4292,    245.5713,     61.8008,      3.4953,      0.0638,      0.0331,     14.0838,      0.1222,      5.5163,     11.0326,      1.0794,     28.5008,     57.0016,      0.0190,      0.0024,      0.0721,      0.1998,   7607.8423,-453576.5000,   -917.3322,    542.1484,  25359.4746,
       1,     167,     141,      20,       1,       3,       1,     10.0000,      1.3891,     42.4292,    245.5713,     61.8008,      3.4953,      0.0222,     -0.0085,      2.2560,      0.1218,      5.5163,     11.0326,      1.0761,     28.5008,     57.0016,      0.0190,      0.0022,      0.0129,      0.1997,   7607.8428,-437791.4688,   -914.3377,    543.2195,  25359.4746,
       1,     167,     141,      21,       1,       3,       1,     10.0000,      1.3891,     42.4292,    245.5713,     61.8008,      3.4953,      0.0000,     -0.0306,      0.8122,      0.1215,      5.5163,     11.0326,      1.0739,     28.5008,     57.0016,      0.0190,      0.0006,      0.0156,      0.1998,   7607.8428,-421401.8438,   -911.2331,    544.3334,  25359.4746,
       1,     167,     141,      22,       1,       3,       1,     10.0000,      1.3891,     42.4292,    245.5713,     61.8008,      3.4953,      0.0000,     -0.0306,      0.2961,      0.1209,      5.5163,     11.0326,      1.0685,     28.5008,     57.0016,      0.0190,      0.0002,      0.0156,      0.1998,   7607.8428,-418153.8438,   -910.3273,    544.5555,  25359.4727,
       1,     167,     141,      23,       1,       3,       1,     10.0000,      1.3891,     42.4292,    245.5713,     61.8008,      3.4953,      0.0000,     -0.0306,      0.2878,      0.1213,      5.5163,     11.0326,      1.0717,     28.5008,     57.0016,      0.0190,      0.0002,      0.0156,      0.1998,   7607.8423,-417216.3750,   -910.0911,    544.6194,  25359.4727,
       1,     167,     141,      24,       1,       3,       1,     10.0000,      1.3891,     42.4292,    245.5713,     61.8008,      3.4953,      0.0000,     -0.0307,      0.2946,      0.1238,      5.5163,     11.0326,      1.0938,     28.5008,     57.0016,      0.0190,      0.0002,      0.0156,      0.1998,   7607.8423,-417124.7812,   -910.0764,    544.6257,  25359.4688,
       1,     167,     142,       1,       1,       3,       1,     10.0000,      1.3891,     42.4295,    245.5772,     61.8023,      3.4953,      0.0000,     -0.0307,      0.2932,      0.1233,      5.5161,     11.0322,      1.0894,     28.4996,     56.9992,      0.0190,      0.0002,      0.0156,      0.1998,   7607.8408,-417283.3438,   -910.3669,    544.6278,  25360.6191,
       1,     167,     142,       2,       1,       3,       1,     10.0000,      1.3891,     42.4295,    245.5772,     61.8023,      3.4953,      0.0000,     -0.0307,      0.2905,      0.1223,      5.5161,     11.0322,      1.0805,     28.4996,     56.9992,      0.0190,      0.0002,      0.0156,      0.1998,   7608.1860,-417140.8438,   -910.0888,    544.6375,  25360.6230,
       1,     167,     142,       3,       1,       3,       1,     10.0000,      1.3891,     42.4295,    245.5772,     61.8023,      3.4953,      0.0000,     -0.0308,      0.2987,      0.1253,      5.5161,     11.0322,      1.1073,     28.4996,     56.9992,      0.0190,      0.0002,      0.0156,      0.1998,   7608.1870,-417124.5312,   -910.0864,    544.6385,  25360.6230,
       1,     167,     142,       4,       1,       3,       1,     10.0000,      1.3891,     42.4295,    245.5772,     61.8023,      3.4953,      0.0000,     -0.0306,      0.2885,      0.1215,      5.5161,     11.0322,      1.0739,     28.4996,     56.9992,      0.0190,      0.0002,      0.0156,      0.1998,   7608.1870,-417133.7188,   -910.0899,    544.6381,  25360.6191,
       1,     167,     142,       5,       1,       3,       1,     10.0000,      1.3891,     42.4295,    245.5772,     61.8023,      3.4953,      0.0000,     -0.0308,      0.2973,      0.1248,      5.5161,     11.0322,      1.1028,     28.4996,     56.9992,      0.0190,      0.0002,      0.0156,      0.1998,   7608.1860,-417121.8125,   -910.0903,    544.6388,  25360.6211,
       1,     167,     142,       6,       1,       3,       1,     10.0000,      1.3891,     42.4295,    245.5772,     61.8023,      3.4953,      0.0000,     -0.0308,      0.3019,      0.1265,      5.5161,     11.0322,      1.1175,     28.4996,     56.9992,      0.0190,      0.0002,      0.0156,      0.1998,   7608.1865,-417131.7188,   -910.0743,    544.6381,  25360.6211,
       1,     167,     142,       7,       1,       3,       1,     10.0000,      1.3891,     42.4295,    245.5772,     61.8023,      3.4953,      0.0000,     -0.0309,      0.3065,      0.1281,      5.5161,     11.0322,      1.1323,     28.4996,     56.9992,      0.0190,      0.0002,      0.0156,      0.1998,   7608.1865,-417138.4688,   -910.0770,    544.6376,  25360.6211,
       1,     167,     142,       8,       1,       3,       1,     10.0000,      1.3891,     42.4295,    245.5772,     61.8023,      3.4953,      0.0166,     -0.0144,      0.0914,      0.1302,      5.5161,     11.0322,      1.1509,     28.4996,     56.9992,      0.0190,      0.0002,      0.0046,      0.1998,   7608.1865,-417144.8125,   -910.0767,    544.6372,  25360.6191,
       1,     167,     142,       9,       1,       3,       1,     10.0000,      1.3891,     42.4295,    245.5772,     61.8023,      3.4953,      0.0521,      0.0213,      1.0805,      0.1254,      5.5161,     11.0322,      1.1084,     28.4996,     56.9992,      0.0190,      0.0002,      0.0564,      0.1998,   7608.1860,-416872.5625,   -910.0806,    544.6558,  25360.6191,
       1,     167,     142,      10,       1,       3,       1,     10.0000,      1.3891,     42.4295,    245.5772,     61.8023,      3.4953,      0.1407,      0.1093,      4.1009,      0.1424,      5.5161,     11.0322,      1.2582,     28.4996,     56.9992,      0.0190,      0.0003,      0.1850,      0.1998,   7608.1860,-418105.2500,   -910.4355,    544.5718,  25360.6191,
       1,     167,     142,      11,       1,       3,       1,     10.0000,      1.3891,     42.4295,    245.5772,     61.8023,      3.4953,      0.1160,      0.0834,      4.1369,      0.1738,      5.5161,     11.0322,      1.5361,     28.4996,     56.9992,      0.0190,      0.0003,      0.1485,      0.1998,   7608.1860,-422048.1250,   -911.6246,    544.3035,  25360.6211,
       1,     167,     142,      12,       1,       3,       1,     10.0000,      1.3891,     42.4295,    245.5772,     61.8023,      3.4953,      0.1427,      0.1096,      5.7978,      0.1903,      5.5161,     11.0322,      1.6814,     28.4996,     56.9992,      0.0190,      0.0004,      0.1876,      0.1998,   7608.1865,-422434.5000,   -912.1383,    544.2772,  25360.6211,
       1,     167,     142,      13,       1,       3,       1,     10.0000,      1.3891,     42.4295,    245.5772,     61.8023,      3.4953,      0.1645,      0.1313,      7.0423,      0.1964,      5.5161,     11.0322,      1.7354,     28.4996,     56.9992,      0.0190,      0.0004,      0.2197,      0.1998,   7608.1865,-424577.5625,   -913.1622,    544.1314,  25360.6191,
       1,     167,     142,      14,       1,       3,       1,     10.0000,      1.3891,     42.4295,    245.5772,     61.8023,      3.4953,      0.1623,      0.1286,      7.5886,      0.2113,      5.5161,     11.0322,      1.8667,     28.4996,     56.9992,      0.0190,      0.0004,      0.2164,      0.1998,   7608.1860,-426343.9062,   -914.4030,    544.0112,  25360.6191,
       1,     167,     142,      15,       1,       3,       1,     10.0000,      1.3891,     42.4295,    245.5772,     61.8023,      3.4953,      0.1822,      0.1491,     16.0335,      0.1945,      5.5161,     11.0322,      1.7184,     28.4996,     56.9992,      0.0190,      0.0008,      0.2449,      0.1998,   7608.1860,-427190.6875,   -915.3989,    543.9537,  25360.6211,
       1,     167,     142,      16,       1,       3,       1,     10.0000,      1.3891,     42.4295,    245.5772,     61.8023,      3.4953,      0.1737,      0.1403,     49.2586,      0.2005,      5.5161,     11.0322,      1.7718,     28.4996,     56.9992,      0.0190,      0.0027,      0.2284,      0.1998,   7608.1865,-437990.6250,   -915.0661,    543.2194,  25360.6230,
       1,     167,     142,      17,       1,       3,       1,     10.0000,      1.3891,     42.4295,    245.5772,     61.8023,      3.4953,      0.1749,      0.1441,     49.2675,      0.1265,      5.5161,     11.0322,      1.1175,     28.4996,     56.9992,      0.0190,      0.0027,      0.2297,      0.1998,   7608.1870,-481136.6875,   -922.9346,    540.2902,  25360.6191,
       1,     167,     142,      18,       1,       3,       1,     10.0000,      1.3891,     42.4295,    245.5772,     61.8023,      3.4953,      0.1583,      0.1274,     47.1578,      0.1279,      5.5161,     11.0322,      1.1301,     28.4996,     56.9992,      0.0190,      0.0028,      0.2058,      0.1997,   7608.1860,-484894.5000,   -923.4103,    540.0443,  25360.6191,
       1,     167,     142,      19,       1,       3,       1,     10.0000,      1.3891,     42.4295,    245.5772,     61.8023,      3.4953,      0.0752,      0.0441,     22.3522,      0.1339,      5.5161,     11.0322,      1.1829,     28.4996,     56.9992,      0.0190,      0.0032,      0.0874,      0.1997,   7608.1860,-482526.1250,   -924.3333,    540.2042,  25360.6191,
       1,     167,     142,      20,       1,       3,       1,     10.0000,      1.3891,     42.4295,    245.5772,     61.8023,      3.4953,      0.0150,     -0.0164,      0.2708,      0.1410,      5.5161,     11.0322,      1.2455,     28.4996,     56.9992,      0.0190,      0.0019,      0.0018,      0.1997,   7608.1860,-450786.1250,   -916.7733,    542.3475,  25360.6211,
       1,     167,     142,      21,       1,       3,       1,     10.0000,      1.3891,     42.4295,    245.5772,     61.8023,      3.4953,      0.0000,     -0.0315,      2.5614,      0.1444,      5.5161,     11.0322,      1.2761,     28.4996,     56.9992,      0.0190,      0.0020,      0.0156,      0.1998,   7608.1865,-420003.6562,   -911.6332,    544.4385,  25360.6191,
       1,     167,     142,      22,       1,       3,       1,     10.0000,      1.3891,     42.4295,    245.5772,     61.8023,      3.4953,      0.0000,     -0.0317,      1.7837,      0.1485,      5.5161,     11.0322,      1.3126,     28.4996,     56.9992,      0.0190,      0.0014,      0.0156,      0.1998,   7608.1860,-420262.1562,   -910.9199,    544.4250,  25360.6211,
       1,     167,     142,      23,       1,       3,       1,     10.0000,      1.3891,     42.4295,    245.5772,     61.8023,      3.4953,      0.0000,     -0.0317,      1.4200,      0.1496,      5.5161,     11.0322,      1.3219,     28.4996,     56.9992,      0.0190,      0.0011,      0.0156,      0.1998,   7608.1865,-419291.1562,   -910.9705,    544.4911,  25360.6230,
       1,     167,     142,      24,       1,       3,       1,     10.0000,      1.3891,     42.4295,    245.5772,     61.8023,      3.4953,      0.0000,     -0.0319,      0.5950,      0.1545,      5.5161,     11.0322,      1.3651,     28.4996,     56.9992,      0.0190,      0.0005,      0.0156,      0.1998,   7608.1870,-418745.1562,   -911.0369,    544.5283,  25360.6211,
       1,     167,     143,       1,       1,       3,       1,     10.0000,      1.3891,     42.4299,    245.5830,     61.8038,      3.4953,      0.0000,     -0.0319,      0.5481,      0.1550,      5.5167,     11.0334,      1.3692,     28.4995,     56.9989,      0.0190,      0.0004,      0.0156,      0.1998,   7608.1865,-417807.6875,   -911.1686,    544.6052,  25361.7695,
       1,     167,     143,       2,       1,       3,       1,     10.0000,      1.3891,     42.4299,    245.5830,     61.8038,      3.4953,      0.0000,     -0.0319,      0.4689,      0.1564,      5.5167,     11.0334,      1.3816,     28.4995,     56.9989,      0.0190,      0.0004,      0.0156,      0.1998,   7608.5312,-417512.6250,   -910.8906,    544.6252,  25361.7695,
       1,     167,     143,       3,       1,       3,       1,     10.0000,      1.3891,     42.4299,    245.5830,     61.8038,      3.4953,      0.0000,     -0.0320,      0.6047,      0.1571,      5.5167,     11.0334,      1.3886,     28.4995,     56.9989,      0.0190,      0.0005,      0.0156,      0.1998,   7608.5312,-417386.5000,   -910.8839,    544.6339,  25361.7695,
       1,     167,     143,       4,       1,       3,       1,     10.0000,      1.3891,     42.4299,    245.5830,     61.8038,      3.4953,      0.0000,     -0.0320,      0.8127,      0.1568,      5.5167,     11.0334,      1.3858,     28.4995,     56.9989,      0.0190,      0.0006,      0.0156,      0.1998,   7608.5312,-417547.9688,   -910.9494,    544.6229,  25361.7695,
       1,     167,     143,       5,       1,       3,       1,     10.0000,      1.3891,     42.4299,    245.5830,     61.8038,      3.4953,      0.0000,     -0.0319,      0.7544,      0.1559,      5.5167,     11.0334,      1.3775,     28.4995,     56.9989,      0.0190,      0.0006,      0.0156,      0.1998,   7608.5312,-417826.0938,   -911.0678,    544.6039,  25361.7695,
       1,     167,     143,       6,       1,       3,       1,     10.0000,      1.3891,     42.4299,    245.5830,     61.8038,      3.4953,      0.0000,     -0.0320,      0.8039,      0.1579,      5.5167,     11.0334,      1.3956,     28.4995,     56.9989,      0.0190,      0.0006,      0.0156,      0.1998,   7608.5312,-417776.0625,   -911.1198,    544.6073,  25361.7695,
       1,     167,     143,       7,       1,       3,       1,     10.0000,      1.3891,     42.4299,    245.5830,     61.8038,      3.4953,      0.0000,     -0.0320,      0.8451,      0.1592,      5.5167,     11.0334,      1.4068,     28.4995,     56.9989,      0.0190,      0.0007,      0.0156,      0.1998,   7608.5312,-417834.7188,   -911.1981,    544.6033,  25361.7695,
       1,     167,     143,       8,       1,       3,       1,     10.0000,      1.3891,     42.4299,    245.5830,     61.8038,      3.4953,      0.0351,      0.0032,      1.7248,      0.1559,      5.5167,     11.0334,      1.3775,     28.4995,     56.9989,      0.0190,      0.0007,      0.0303,      0.1998,   7608.5312,-417892.0000,   -911.2824,    544.5994,  25361.7715,
       1,     167,     143,       9,       1,       3,       1,     10.0000,      1.3891,     42.4299,    245.5830,     61.8038,      3.4953,      0.1463,      0.1138,     10.0607,      0.1718,      5.5167,     11.0334,      1.5178,     28.4995,     56.9989,      0.0190,      0.0006,      0.1924,      0.1998,   7608.5317,-419014.0312,   -911.6302,    544.5230,  25361.7695,
       1,     167,     143,      10,       1,       3,       1,     10.0000,      1.3891,     42.4299,    245.5830,     61.8038,      3.4953,      0.1794,      0.1466,     13.2013,      0.1840,      5.5167,     11.0334,      1.6257,     28.4995,     56.9989,      0.0190,      0.0007,      0.2410,      0.1998,   7608.5312,-429697.6250,   -914.1038,    543.7958,  25361.7676,
       1,     167,     143,      11,       1,       3,       1,     10.0000,      1.3891,     42.4299,    245.5830,     61.8038,      3.4953,      0.1859,      0.1526,     18.6363,      0.1976,      5.5167,     11.0334,      1.7458,     28.4995,     56.9989,      0.0190,      0.0009,      0.2500,      0.1998,   7608.5308,-434611.8125,   -915.8727,    543.4623,  25361.7715,
       1,     167,     143,      12,       1,       3,       1,     10.0000,      1.3891,     42.4299,    245.5830,     61.8038,      3.4953,      0.1774,      0.1437,     25.3145,      0.2131,      5.5167,     11.0334,      1.8834,     28.4995,     56.9989,      0.0190,      0.0013,      0.2367,      0.1998,   7608.5317,-441939.2188,   -918.4250,    542.9647,  25361.7715,
       1,     167,     143,      13,       1,       3,       1,     10.0000,      1.3891,     42.4299,    245.5830,     61.8038,      3.4953,      0.1412,      0.1078,     22.6046,      0.2025,      5.5167,     11.0334,      1.7894,     28.4995,     56.9989,      0.0190,      0.0015,      0.1834,      0.1998,   7608.5317,-451056.4062,   -921.0597,    542.3461,  25361.7695,
       1,     167,     143,      14,       1,       3,       1,     10.0000,      1.3891,     42.4299,    245.5830,     61.8038,      3.4953,      0.1065,      0.0726,     22.6606,      0.2195,      5.5167,     11.0334,      1.9397,     28.4995,     56.9989,      0.0190,      0.0021,      0.1318,      0.1998,   7608.5312,-448401.1562,   -921.2012,    542.5265,  25361.7715,
       1,     167,     143,      15,       1,       3,       1,     10.0000,      1.3891,     42.4299,    245.5830,     61.8038,      3.4953,      0.1225,      0.0888,     36.9023,      0.2131,      5.5167,     11.0334,      1.8834,     28.4995,     56.9989,      0.0190,      0.0030,      0.1539,      0.1998,   7608.5317,-448242.5938,   -921.7034,    542.5372,  25361.7715,
       1,     167,     143,      16,       1,       3,       1,     10.0000,      1.3891,     42.4299,    245.5830,     61.8038,      3.4953,      0.0893,      0.0561,     28.5237,      0.1960,      5.5167,     11.0334,      1.7320,     28.4995,     56.9989,      0.0190,      0.0033,      0.1060,      0.1998,   7608.5317,-466323.2188,   -925.6794,    541.3111,  25361.7695,
       1,     167,     143,      17,       1,       3,       1,     10.0000,      1.3891,     42.4299,    245.5830,     61.8038,      3.4953,      0.1448,      0.1121,     57.4415,      0.1789,      5.5167,     11.0334,      1.5811,     28.4995,     56.9989,      0.0190,      0.0039,      0.1847,      0.1998,   7608.5312,-457239.2812,   -918.0188,    541.9271,  25361.7695,
       1,     167,     143,      18,       1,       3,       1,     10.0000,      1.3891,     42.4299,    245.5830,     61.8038,      3.4953,      0.1167,      0.0837,     36.0081,      0.1893,      5.5167,     11.0334,      1.6731,     28.4995,     56.9989,      0.0190,      0.0031,      0.1458,      0.1998,   7608.5312,-493200.7500,   -925.7319,    539.4913,  25361.7715,
       1,     167,     143,      19,       1,       3,       1,     10.0000,      1.3891,     42.4299,    245.5830,     61.8038,      3.4953,      0.0291,     -0.0036,      6.2758,      0.1786,      5.5167,     11.0334,      1.5779,     28.4995,     56.9989,      0.0190,      0.0039,      0.0201,      0.1998,   7608.5317,-469066.9062,   -922.3893,    541.1244,  25361.7695,
       1,     167,     143,      20,       1,       3,       1,     10.0000,      1.3891,     42.4299,    245.5830,     61.8038,      3.4953,      0.0124,     -0.0200,      4.6236,      0.1709,      5.5167,     11.0334,      1.5103,     28.4995,     56.9989,      0.0190,      0.0037,      0.0156,      0.1998,   7608.5312,-429201.4688,   -916.0056,    543.8233,  25361.7695,
       1,     167,     143,      21,       1,       3,       1,     10.0000,      1.3891,     42.4299,    245.5830,     61.8038,      3.4953,      0.0000,     -0.0322,      3.5237,      0.1646,      5.5167,     11.0334,      1.4541,     28.4995,     56.9989,      0.0190,      0.0028,      0.0156,      0.1998,   7608.5312,-423681.4688,   -915.6008,    544.2053,  25361.7695,
       1,     167,     143,      22,       1,       3,       1,     10.0000,      1.3891,     42.4299,    245.5830,     61.8038,      3.4953,      0.0000,     -0.0321,      2.6953,      0.1624,      5.5167,     11.0334,      1.4353,     28.4995,     56.9989,      0.0190,      0.0021,      0.0156,      0.1998,   7608.5312,-421799.4375,   -915.6677,    544.3335,  25361.7676,
       1,     167,     143,      23,       1,       3,       1,     10.0000,      1.3891,     42.4299,    245.5830,     61.8038,      3.4953,      0.0000,     -0.0321,      3.9243,      0.1621,      5.5167,     11.0334,      1.4324,     28.4995,     56.9989,      0.0190,      0.0031,      0.0156,      0.1998,   7608.5308,-420584.9062,   -915.7340,    544.4161,  25361.7715,
       1,     167,     143,      24,       1,       3,       1,     10.0000,      1.3891,     42.4299,    245.5830,     61.8038,      3.4953,      0.0000,     -0.0322,      3.4588,      0.1639,      5.5167,     11.0334,      1.4482,     28.4995,     56.9989,      0.0190,      0.0028,      0.0156,      0.1998,   7608.5317,-422040.1250,   -916.4075,    544.3171,  25361.7695,
       1,     167,     144,       1,       1,       3,       1,     10.0000,      1.3891,     42.4302,    245.5889,     61.8053,      3.4953,      0.0000,     -0.0321,      2.8053,      0.1616,      5.5165,     11.0330,      1.4281,     28.4965,     56.9931,      0.0190,      0.0022,      0.0156,      0.1998,   7608.5312,-421732.0938,   -916.9610,    544.3511,  25362.9199,
       1,     167,     144,       2,       1,       3,       1,     10.0000,      1.3891,     42.4302,    245.5889,     61.8053,      3.4953,      0.0000,     -0.0320,      2.1830,      0.1581,      5.5165,     11.0330,      1.3970,     28.4965,     56.9931,      0.0190,      0.0017,      0.0156,      0.1998,   7608.8765,-420720.8438,   -916.7734,    544.4200,  25362.9219,
       1,     167,     144,       3,       1,       3,       1,     10.0000,      1.3891,     42.4302,    245.5889,     61.8053,      3.4953,      0.0000,     -0.0318,      1.9558,      0.1525,      5.5165,     11.0330,      1.3474,     28.4965,     56.9931,      0.0190,      0.0016,      0.0156,      0.1998,   7608.8770,-419843.0000,   -916.7971,    544.4797,  25362.9219,
       1,     167,     144,       4,       1,       3,       1,     10.0000,      1.3891,     42.4302,    245.5889,     61.8053,      3.4953,      0.0000,     -0.0317,      1.8732,      0.1507,      5.5165,     11.0330,      1.3313,     28.4965,     56.9931,      0.0190,      0.0015,      0.0156,      0.1998,   7608.8770,-419478.7188,   -916.8820,    544.5045,  25362.9199,
       1,     167,     144,       5,       1,       3,       1,     10.0000,      1.3891,     42.4302,    245.5889,     61.8053,      3.4953,      0.0000,     -0.0316,      1.9138,      0.1469,      5.5165,     11.0330,      1.2982,     28.4965,     56.9931,      0.0190,      0.0015,      0.0156,      0.1998,   7608.8765,-419342.5000,   -916.9658,    544.5137,  25362.9180,
       1,     167,     144,       6,       1,       3,       1,     10.0000,      1.3891,     42.4302,    245.5889,     61.8053,      3.4953,      0.0000,     -0.0317,      1.6163,      0.1490,      5.5165,     11.0330,      1.3166,     28.4965,     56.9931,      0.0190,      0.0013,      0.0156,      0.1998,   7608.8755,-419382.4688,   -917.1051,    544.5110,  25362.9199,
       1,     167,     144,       7,       1,       3,       1,     10.0000,      1.3891,     42.4302,    245.5889,     61.8053,      3.4953,      0.0000,     -0.0317,      1.3041,      0.1501,      5.5165,     11.0330,      1.3259,     28.4965,     56.9931,      0.0190,      0.0010,      0.0156,      0.1998,   7608.8765,-419008.0312,   -917.1570,    544.5365,  25362.9199,
       1,     167,     144,       8,       1,       3,       1,     10.0000,      1.3891,     42.4302,    245.5889,     61.8053,      3.4953,      0.0548,      0.0231,      3.7493,      0.1496,      5.5165,     11.0330,      1.3219,     28.4965,     56.9931,      0.0190,      0.0008,      0.0593,      0.1998,   7608.8765,-418579.2188,   -917.1697,    544.5657,  25362.9180,
       1,     167,     144,       9,       1,       3,       1,     10.0000,      1.3891,     42.4302,    245.5889,     61.8053,      3.4953,      0.1461,      0.1142,      9.0132,      0.1536,      5.5165,     11.0330,      1.3569,     28.4965,     56.9931,      0.0190,      0.0006,      0.1923,      0.1998,   7608.8755,-421647.1875,   -917.8954,    544.3569,  25362.9199,
       1,     167,     144,      10,       1,       3,       1,     10.0000,      1.3891,     42.4302,    245.5889,     61.8053,      3.4953,      0.1464,      0.1142,      8.6514,      0.1628,      5.5165,     11.0330,      1.4382,     28.4965,     56.9931,      0.0190,      0.0006,      0.1928,      0.1998,   7608.8765,-428596.7812,   -919.6924,    543.8840,  25362.9199,
       1,     167,     144,      11,       1,       3,       1,     10.0000,      1.3891,     42.4302,    245.5889,     61.8053,      3.4953,      0.1742,      0.1418,     16.1036,      0.1701,      5.5165,     11.0330,      1.5028,     28.4965,     56.9931,      0.0190,      0.0009,      0.2328,      0.1998,   7608.8765,-428738.4375,   -920.1136,    543.8746,  25362.9219,
       1,     167,     144,      12,       1,       3,       1,     10.0000,      1.3891,     42.4302,    245.5889,     61.8053,      3.4953,      0.1649,      0.1322,     18.8226,      0.1800,      5.5165,     11.0330,      1.5906,     28.4965,     56.9931,      0.0190,      0.0011,      0.2188,      0.1998,   7608.8770,-438214.3438,   -922.3688,    543.2303,  25362.9219,
       1,     167,     144,      13,       1,       3,       1,     10.0000,      1.3891,     42.4302,    245.5889,     61.8053,      3.4953,      0.1862,      0.1531,     22.5796,      0.1922,      5.5165,     11.0330,      1.6982,     28.4965,     56.9931,      0.0190,      0.0011,      0.2500,      0.1998,   7608.8770,-442487.6250,   -923.6620,    542.9406,  25362.9199,
       1,     167,     144,      14,       1,       3,       1,     10.0000,      1.3891,     42.4302,    245.5889,     61.8053,      3.4953,      0.1865,      0.1538,     25.6024,      0.1822,      5.5165,     11.0330,      1.6096,     28.4965,     56.9931,      0.0190,      0.0013,      0.2500,      0.1998,   7608.8765,-447628.7812,   -917.1626,    542.5917,  25362.9199,
       1,     167,     144,      15,       1,       3,       1,     10.0000,      1.3891,     42.4302,    245.5889,     61.8053,      3.4953,      0.1675,      0.1349,     27.5169,      0.1773,      5.5165,     11.0330,      1.5670,     28.4965,     56.9931,      0.0190,      0.0015,      0.2216,      0.1998,   7608.8765,-451912.6875,   -917.8873,    542.3013,  25362.9199,
       1,     167,     144,      16,       1,       3,       1,     10.0000,      1.3891,     42.4302,    245.5889,     61.8053,      3.4953,      0.1476,      0.1153,     39.1139,      0.1684,      5.5165,     11.0330,      1.4879,     28.4965,     56.9931,      0.0190,      0.0025,      0.1910,      0.1998,   7608.8765,-454714.7188,   -917.7764,    542.1114,  25362.9219,
       1,     167,     144,      17,       1,       3,       1,     10.0000,      1.3891,     42.4302,    245.5889,     61.8053,      3.4953,      0.1540,      0.1214,     42.1172,      0.1765,      5.5165,     11.0330,      1.5592,     28.4965,     56.9931,      0.0190,      0.0026,      0.2001,      0.1998,   7608.8770,-469690.0625,   -921.5045,    541.0967,  25362.9199,
       1,     167,     144,      18,       1,       3,       1,     10.0000,      1.3891,     42.4302,    245.5889,     61.8053,      3.4953,      0.1321,      0.0993,     40.7908,      0.1807,      5.5165,     11.0330,      1.5969,     28.4965,     56.9931,      0.0190,      0.0030,      0.1679,      0.1998,   7608.8765,-474800.8125,   -923.5441,    540.7519,  25362.9219,
       1,     167,     144,      19,       1,       3,       1,     10.0000,      1.3891,     42.4302,    245.5889,     61.8053,      3.4953,      0.0407,      0.0082,      5.2314,      0.1747,      5.5165,     11.0330,      1.5438,     28.4965,     56.9931,      0.0190,      0.0017,      0.0375,      0.1998,   7608.8770,-473554.6562,   -924.2950,    540.8363,  25362.9199,
       1,     167,     144,      20,       1,       3,       1,     10.0000,      1.3891,     42.4302,    245.5889,     61.8053,      3.4953,      0.0154,     -0.0169,      0.1667,      0.1669,      5.5165,     11.0330,      1.4746,     28.4965,     56.9931,      0.0190,      0.0017,      0.0012,      0.1998,   7608.8765,-428256.6250,   -916.5430,    543.8986,  25362.9199,
       1,     167,     144,      21,       1,       3,       1,     10.0000,      1.3891,     42.4302,    245.5889,     61.8053,      3.4953,      0.0000,     -0.0321,      1.8084,      0.1618,      5.5165,     11.0330,      1.4296,     28.4965,     56.9931,      0.0190,      0.0014,      0.0156,      0.1998,   7608.8765,-417944.3750,   -914.9171,    544.6084,  25362.9219,
       1,     167,     144,      22,       1,       3,       1,     10.0000,      1.3891,     42.4302,    245.5889,     61.8053,      3.4953,      0.0000,     -0.0320,      2.3698,      0.1571,      5.5165,     11.0330,      1.3886,     28.4965,     56.9931,      0.0190,      0.0019,      0.0156,      0.1998,   7608.8770,-419128.0938,   -915.2366,    544.5283,  25362.9199,
       1,     167,     144,      23,       1,       3,       1,     10.0000,      1.3891,     42.4302,    245.5889,     61.8053,      3.4953,      0.0000,     -0.0320,      3.1144,      0.1579,      5.5165,     11.0330,      1.3956,     28.4965,     56.9931,      0.0190,      0.0025,      0.0156,      0.1998,   7608.8765,-419942.8125,   -915.5802,    544.4729,  25362.9199,
       1,     167,     144,      24,       1,       3,       1,     10.0000,      1.3891,     42.4302,    245.5889,     61.8053,      3.4953,      0.0000,     -0.0315,      2.5348,      0.1441,      5.5165,     11.0330,      1.2736,     28.4965,     56.9931,      0.0190,      0.0020,      0.0156,      0.1998,   7608.8765,-420958.6875,   -916.0078,    544.4037,  25362.9219,
       1,     167,     145,       1,       1,       3,       1,     10.0000,      1.3892,     42.4305,    245.5948,     61.8067,      3.4953,      0.0000,     -0.0309,      1.8293,      0.1270,      5.5163,     11.0327,      1.1221,     28.4996,     56.9991,      0.0190,      0.0015,      0.0156,      0.1999,   7608.8770,-420467.4688,   -911.2590,    544.4501,  25364.0703,
       1,     167,     145,       2,       1,       3,       1,     10.0000,      1.3892,     42.4305,    245.5948,     61.8067,      3.4953,      0.0000,     -0.0306,      1.5031,      0.1203,      5.5163,     11.0327,      1.0631,     28.4996,     56.9991,      0.0190,      0.0012,      0.0156,      0.1999,   7609.2212,-419375.0312,   -911.0547,    544.5245,  25364.0684,
       1,     167,     145,       3,       1,       3,       1,     10.0000,      1.3892,     42.4305,    245.5948,     61.8067,      3.4953,      0.0000,     -0.0306,      1.2029,      0.1199,      5.5163,     11.0327,      1.0599,     28.4996,     56.9991,      0.0190,      0.0010,      0.0156,      0.1999,   7609.2207,-418866.5625,   -910.5667,    544.5591,  25364.0703,
       1,     167,     145,       4,       1,       3,       1,     10.0000,      1.3892,     42.4305,    245.5948,     61.8067,      3.4953,      0.0000,     -0.0307,      1.1018,      0.1225,      5.5163,     11.0327,      1.0828,     28.4996,     56.9991,      0.0190,      0.0009,      0.0156,      0.1999,   7609.2212,-418441.2500,   -910.6156,    544.5880,  25364.0703,
       1,     167,     145,       5,       1,       3,       1,     10.0000,      1.3892,     42.4305,    245.5948,     61.8067,      3.4953,      0.0000,     -0.0308,      0.9319,      0.1240,      5.5163,     11.0327,      1.0961,     28.4996,     56.9991,      0.0190,      0.0007,      0.0156,      0.1999,   7609.2212,-418276.2188,   -910.6896,    544.5993,  25364.0723,
       1,     167,     145,       6,       1,       3,       1,     10.0000,      1.3892,     42.4305,    245.5948,     61.8067,      3.4953,      0.0000,     -0.0309,      0.7340,      0.1267,      5.5163,     11.0327,      1.1198,     28.4996,     56.9991,      0.0190,      0.0006,      0.0156,      0.1999,   7609.2222,-418045.9688,   -910.7304,    544.6150,  25364.0703,
       1,     167,     145,       7,       1,       3,       1,     10.0000,      1.3892,     42.4305,    245.5948,     61.8067,      3.4953,      0.0000,     -0.0309,      0.4054,      0.1282,      5.5163,     11.0327,      1.1324,     28.4996,     56.9991,      0.0190,      0.0003,      0.0156,      0.1999,   7609.2212,-417775.0000,   -910.7243,    544.6335,  25364.0703,
       1,     167,     145,       8,       1,       3,       1,     10.0000,      1.3892,     42.4305,    245.5948,     61.8067,      3.4953,      0.0056,     -0.0253,      0.3384,      0.1292,      5.5163,     11.0327,      1.1417,     28.4996,     56.9991,      0.0190,      0.0003,      0.0156,      0.1999,   7609.2212,-417334.3125,   -910.6600,    544.6635,  25364.0723,
       1,     167,     145,       9,       1,       3,       1,     10.0000,      1.3892,     42.4305,    245.5948,     61.8067,      3.4953,      0.0809,      0.0499,      1.9821,      0.1296,      5.5163,     11.0327,      1.1452,     28.4996,     56.9991,      0.0190,      0.0003,      0.0981,      0.1999,   7609.2222,-417211.0625,   -910.1188,    544.6718,  25364.0703,
       1,     167,     145,      10,       1,       3,       1,     10.0000,      1.3892,     42.4305,    245.5948,     61.8067,      3.4953,      0.1628,      0.1317,      4.5727,      0.1343,      5.5163,     11.0327,      1.1866,     28.4996,     56.9991,      0.0190,      0.0003,      0.2173,      0.1999,   7609.2212,-419287.5000,   -910.7468,    544.5305,  25364.0703,
       1,     167,     145,      11,       1,       3,       1,     10.0000,      1.3892,     42.4305,    245.5948,     61.8067,      3.4953,      0.1565,      0.1252,      5.2490,      0.1395,      5.5163,     11.0327,      1.2331,     28.4996,     56.9991,      0.0190,      0.0003,      0.2080,      0.1999,   7609.2212,-422756.1562,   -912.2487,    544.2944,  25364.0703,
       1,     167,     145,      12,       1,       3,       1,     10.0000,      1.3892,     42.4305,    245.5948,     61.8067,      3.4953,      0.1754,      0.1437,      7.9681,      0.1499,      5.5163,     11.0327,      1.3246,     28.4996,     56.9991,      0.0190,      0.0004,      0.2354,      0.1999,   7609.2212,-423914.8438,   -912.0950,    544.2156,  25364.0723,
       1,     167,     145,      13,       1,       3,       1,     10.0000,      1.3892,     42.4305,    245.5948,     61.8067,      3.4953,      0.1767,      0.1444,      7.8887,      0.1675,      5.5163,     11.0327,      1.4805,     28.4996,     56.9991,      0.0190,      0.0004,      0.2375,      0.1999,   7609.2222,-427467.2500,   -913.9352,    543.9739,  25364.0703,
       1,     167,     145,      14,       1,       3,       1,     10.0000,      1.3892,     42.4305,    245.5948,     61.8067,      3.4953,      0.1853,      0.1526,      9.5901,      0.1796,      5.5163,     11.0327,      1.5874,     28.4996,     56.9991,      0.0190,      0.0005,      0.2500,      0.1999,   7609.2212,-427673.7500,   -915.2248,    543.9599,  25364.0684,
       1,     167,     145,      15,       1,       3,       1,     10.0000,      1.3892,     42.4305,    245.5948,     61.8067,      3.4953,      0.1854,      0.1525,     11.0986,      0.1862,      5.5163,     11.0327,      1.6452,     28.4996,     56.9991,      0.0190,      0.0006,      0.2500,      0.1999,   7609.2207,-429852.1562,   -916.9717,    543.8118,  25364.0703,
       1,     167,     145,      16,       1,       3,       1,     10.0000,      1.3892,     42.4305,    245.5948,     61.8067,      3.4953,      0.1676,      0.1344,     14.4732,      0.1935,      5.5163,     11.0327,      1.7100,     28.4996,     56.9991,      0.0190,      0.0008,      0.2233,      0.1999,   7609.2212,-431955.9375,   -918.4902,    543.6688,  25364.0684,
       1,     167,     145,      17,       1,       3,       1,     10.0000,      1.3892,     42.4305,    245.5948,     61.8067,      3.4953,      0.1858,      0.1530,     30.9065,      0.1822,      5.5163,     11.0327,      1.6097,     28.4996,     56.9991,      0.0190,      0.0015,      0.2483,      0.1999,   7609.2207,-436423.0938,   -920.0267,    543.3652,  25364.0703,
       1,     167,     145,      18,       1,       3,       1,     10.0000,      1.3892,     42.4305,    245.5948,     61.8067,      3.4953,      0.0924,      0.0598,     22.0386,      0.1751,      5.5163,     11.0327,      1.5469,     28.4996,     56.9991,      0.0190,      0.0024,      0.1117,      0.1999,   7609.2212,-457678.9688,   -924.9092,    541.9216,  25364.0684,
       1,     167,     145,      19,       1,       3,       1,     10.0000,      1.3892,     42.4305,    245.5948,     61.8067,      3.4953,      0.0399,      0.0078,      9.2825,      0.1631,      5.5163,     11.0327,      1.4411,     28.4996,     56.9991,      0.0190,      0.0032,      0.0363,      0.1998,   7609.2207,-448253.4375,   -923.6666,    542.5620,  25364.0703,
       1,     167,     145,      20,       1,       3,       1,     10.0000,      1.3892,     42.4305,    245.5948,     61.8067,      3.4953,      0.0034,     -0.0285,      3.9213,      0.1537,      5.5163,     11.0327,      1.3583,     28.4996,     56.9991,      0.0190,      0.0031,      0.0156,      0.1998,   7609.2212,-431236.1250,   -920.9348,    543.7165,  25364.0703,
       1,     167,     145,      21,       1,       3,       1,     10.0000,      1.3892,     42.4305,    245.5948,     61.8067,      3.4953,      0.0000,     -0.0316,      4.2408,      0.1474,      5.5163,     11.0327,      1.3021,     28.4996,     56.9991,      0.0190,      0.0034,      0.0156,      0.1999,   7609.2212,-422962.5938,   -919.6636,    544.2801,  25364.0684,
       1,     167,     145,      22,       1,       3,       1,     10.0000,      1.3892,     42.4305,    245.5948,     61.8067,      3.4953,      0.0000,     -0.0315,      3.5810,      0.1431,      5.5163,     11.0327,      1.2646,     28.4996,     56.9991,      0.0190,      0.0028,      0.0156,      0.1999,   7609.2207,-422653.0000,   -919.8245,    544.3014,  25364.0703,
       1,     167,     145,      23,       1,       3,       1,     10.0000,      1.3892,     42.4305,    245.5948,     61.8067,      3.4953,      0.0000,     -0.0314,      2.8708,      0.1414,      5.5163,     11.0327,      1.2494,     28.4996,     56.9991,      0.0190,      0.0023,      0.0156,      0.1999,   7609.2212,-421788.0625,   -919.8279,    544.3603,  25364.0684,
       1,     167,     145,      24,       1,       3,       1,     10.0000,      1.3892,     42.4305,    245.5948,     61.8067,      3.4953,      0.0000,     -0.0314,      2.2523,      0.1414,      5.5163,     11.0327,      1.2494,     28.4996,     56.9991,      0.0190,      0.0018,      0.0156,      0.1999,   7609.2207,-420811.6562,   -919.8048,    544.4267,  25364.0684,
       1,     167,     146,       1,       1,       3,       1,     10.0000,      1.3892,     42.4309,    245.6006,     61.8082,      3.4953,      0.0000,     -0.0314,      1.7652,      0.1421,      5.5167,     11.0335,      1.2557,     28.5006,     57.0011,      0.0190,      0.0014,      0.0156,      0.1999,   7609.2207,-420099.5000,   -920.0456,    544.4882,  25365.2227,
       1,     167,     146,       2,       1,       3,       1,     10.0000,      1.3892,     42.4309,    245.6006,     61.8082,      3.4953,      0.0000,     -0.0314,      1.3822,      0.1420,      5.5167,     11.0335,      1.2545,     28.5006,     57.0011,      0.0190,      0.0011,      0.0156,      0.1999,   7609.5669,-419264.5938,   -919.7039,    544.5450,  25365.2227,
       1,     167,     146,       3,       1,       3,       1,     10.0000,      1.3892,     42.4309,    245.6006,     61.8082,      3.4953,      0.0000,     -0.0314,      1.0868,      0.1410,      5.5167,     11.0335,      1.2456,     28.5006,     57.0011,      0.0190,      0.0009,      0.0156,      0.1999,   7609.5669,-418706.2188,   -919.6476,    544.5830,  25365.2227,
       1,     167,     146,       4,       1,       3,       1,     10.0000,      1.3892,     42.4309,    245.6006,     61.8082,      3.4953,      0.0000,     -0.0313,      0.8639,      0.1377,      5.5167,     11.0335,      1.2170,     28.5006,     57.0011,      0.0190,      0.0007,      0.0156,      0.1999,   7609.5669,-418282.9375,   -919.5952,    544.6118,  25365.2227,
       1,     167,     146,       5,       1,       3,       1,     10.0000,      1.3892,     42.4309,    245.6006,     61.8082,      3.4953,      0.0000,     -0.0313,      0.7152,      0.1388,      5.5167,     11.0335,      1.2269,     28.5006,     57.0011,      0.0190,      0.0006,      0.0156,      0.1999,   7609.5669,-417963.2812,   -919.5525,    544.6335,  25365.2207,
       1,     167,     146,       6,       1,       3,       1,     10.0000,      1.3892,     42.4309,    245.6006,     61.8082,      3.4953,      0.0000,     -0.0313,      0.7279,      0.1383,      5.5167,     11.0335,      1.2219,     28.5006,     57.0011,      0.0190,      0.0006,      0.0156,      0.1999,   7609.5664,-417747.2188,   -919.5306,    544.6483,  25365.2227,
       1,     167,     146,       7,       1,       3,       1,     10.0000,      1.3892,     42.4309,    245.6006,     61.8082,      3.4953,      0.0000,     -0.0312,      0.6184,      0.1368,      5.5167,     11.0335,      1.2084,     28.5006,     57.0011,      0.0190,      0.0005,      0.0156,      0.1999,   7609.5669,-417744.3438,   -919.5459,    544.6484,  25365.2227,
       1,     167,     146,       8,       1,       3,       1,     10.0000,      1.3892,     42.4309,    245.6006,     61.8082,      3.4953,      0.0265,     -0.0047,      0.5934,      0.1359,      5.5167,     11.0335,      1.2011,     28.5006,     57.0011,      0.0190,      0.0004,      0.0187,      0.1999,   7609.5669,-417605.0938,   -919.5312,    544.6580,  25365.2227,
       1,     167,     146,       9,       1,       3,       1,     10.0000,      1.3892,     42.4309,    245.6006,     61.8082,      3.4953,      0.0915,      0.0597,      3.2551,      0.1519,      5.5167,     11.0335,      1.3421,     28.5006,     57.0011,      0.0190,      0.0004,      0.1130,      0.1999,   7609.5669,-417561.3438,   -919.5899,    544.6609,  25365.2227,
       1,     167,     146,      10,       1,       3,       1,     10.0000,      1.3892,     42.4309,    245.6006,     61.8082,      3.4953,      0.1703,      0.1374,      7.4443,      0.1851,      5.5167,     11.0335,      1.6355,     28.5006,     57.0011,      0.0190,      0.0004,      0.2282,      0.1999,   7609.5669,-420936.5312,   -920.3611,    544.4312,  25365.2227,
       1,     167,     146,      11,       1,       3,       1,     10.0000,      1.3892,     42.4309,    245.6006,     61.8082,      3.4953,      0.1851,      0.1519,      8.7181,      0.1966,      5.5167,     11.0335,      1.7373,     28.5006,     57.0011,      0.0190,      0.0004,      0.2500,      0.1999,   7609.5669,-426546.7500,   -921.8924,    544.0494,  25365.2227,
       1,     167,     146,      12,       1,       3,       1,     10.0000,      1.3892,     42.4309,    245.6006,     61.8082,      3.4953,      0.1830,      0.1497,      8.1013,      0.1993,      5.5167,     11.0335,      1.7615,     28.5006,     57.0011,      0.0190,      0.0004,      0.2470,      0.1999,   7609.5669,-428649.2500,   -922.8874,    543.9066,  25365.2227,
       1,     167,     146,      13,       1,       3,       1,     10.0000,      1.3892,     42.4309,    245.6006,     61.8082,      3.4953,      0.1691,      0.1358,      7.3689,      0.1989,      5.5167,     11.0335,      1.7580,     28.5006,     57.0011,      0.0190,      0.0004,      0.2265,      0.1999,   7609.5669,-428047.3750,   -923.1573,    543.9474,  25365.2207,
       1,     167,     146,      14,       1,       3,       1,     10.0000,      1.3892,     42.4309,    245.6006,     61.8082,      3.4953,      0.1855,      0.1518,     15.1670,      0.2148,      5.5167,     11.0335,      1.8984,     28.5006,     57.0011,      0.0190,      0.0008,      0.2500,      0.1999,   7609.5664,-427065.8125,   -923.2422,    544.0143,  25365.2207,
       1,     167,     146,      15,       1,       3,       1,     10.0000,      1.3892,     42.4309,    245.6006,     61.8082,      3.4953,      0.1895,      0.1557,     66.5154,      0.2165,      5.5167,     11.0335,      1.9133,     28.5006,     57.0011,      0.0190,      0.0033,      0.2500,      0.1999,   7609.5664,-436881.8125,   -925.6278,    543.3468,  25365.2227,
       1,     167,     146,      16,       1,       3,       1,     10.0000,      1.3892,     42.4309,    245.6006,     61.8082,      3.4953,      0.1867,      0.1530,     85.3049,      0.2104,      5.5167,     11.0335,      1.8596,     28.5006,     57.0011,      0.0190,      0.0043,      0.2435,      0.1999,   7609.5669,-502934.7500,   -938.6320,    538.8609,  25365.2227,
       1,     167,     146,      17,       1,       3,       1,     10.0000,      1.3892,     42.4309,    245.6006,     61.8082,      3.4953,      0.1883,      0.1550,     89.4775,      0.1989,      5.5167,     11.0335,      1.7580,     28.5006,     57.0011,      0.0190,      0.0045,      0.2453,      0.1998,   7609.5669,-532570.0000,   -944.8655,    536.8832,  25365.2227,
       1,     167,     146,      18,       1,       3,       1,     10.0000,      1.3892,     42.4309,    245.6006,     61.8082,      3.4953,      0.1844,      0.1514,     74.8804,      0.1907,      5.5167,     11.0335,      1.6849,     28.5006,     57.0011,      0.0190,      0.0039,      0.2412,      0.1998,   7609.5669,-540414.7500,   -947.0482,    536.3604,  25365.2246,
       1,     167,     146,      19,       1,       3,       1,     10.0000,      1.3892,     42.4309,    245.6006,     61.8082,      3.4953,      0.1429,      0.1102,     66.7714,      0.1813,      5.5167,     11.0335,      1.6017,     28.5006,     57.0011,      0.0190,      0.0046,      0.1809,      0.1998,   7609.5679,-522519.3438,   -944.2774,    537.5604,  25365.2227,
       1,     167,     146,      20,       1,       3,       1,     10.0000,      1.3892,     42.4309,    245.6006,     61.8082,      3.4953,      0.0353,      0.0029,     11.4798,      0.1692,      5.5167,     11.0335,      1.4954,     28.5006,     57.0011,      0.0190,      0.0049,      0.0290,      0.1998,   7609.5669,-510673.9375,   -942.5186,    538.3577,  25365.2227,
       1,     167,     146,      21,       1,       3,       1,     10.0000,      1.3892,     42.4309,    245.6006,     61.8082,      3.4953,      0.0000,     -0.0321,      5.6772,      0.1619,      5.5167,     11.0335,      1.4311,     28.5006,     57.0011,      0.0190,      0.0045,      0.0156,      0.1998,   7609.5669,-439364.0625,   -929.2551,    543.1572,  25365.2227,
       1,     167,     146,      22,       1,       3,       1,     10.0000,      1.3892,     42.4309,    245.6006,     61.8082,      3.4953,      0.0000,     -0.0321,      5.1233,      0.1600,      5.5167,     11.0335,      1.4140,     28.5006,     57.0011,      0.0190,      0.0041,      0.0156,      0.1999,   7609.5669,-425920.5000,   -926.7760,    544.0913,  25365.2227,
       1,     167,     146,      23,       1,       3,       1,     10.0000,      1.3892,     42.4309,    245.6006,     61.8082,      3.4953,      0.0000,     -0.0318,      4.5280,      0.1536,      5.5167,     11.0335,      1.3570,     28.5006,     57.0011,      0.0190,      0.0036,      0.0156,      0.1999,   7609.5669,-424031.7812,   -926.4551,    544.2206,  25365.2227,
       1,     167,     146,      24,       1,       3,       1,     10.0000,      1.3892,     42.4309,    245.6006,     61.8082,      3.4953,      0.0000,     -0.0315,      4.0989,      0.1440,      5.5167,     11.0335,      1.2723,     28.5006,     57.0011,      0.0190,      0.0033,      0.0156,      0.1999,   7609.5669,-423111.7812,   -926.3071,    544.2831,  25365.2246,
       1,     167,     147,       1,       1,       3,       1,     10.0000,      1.3892,     42.4312,    245.6065,     61.8096,      3.4953,      0.0000,     -0.0313,      3.1986,      0.1388,      5.5162,     11.0325,      1.2269,     28.5089,     57.0179,      0.0190,      0.0025,      0.0156,      0.1999,   7609.5679,-422644.0625,   -926.5176,    544.3279,  25366.3711,
       1,     167,     147,       2,       1,       3,       1,     10.0000,      1.3892,     42.4312,    245.6065,     61.8096,      3.4953,      0.0000,     -0.0314,      2.9080,      0.1400,      5.5162,     11.0325,      1.2369,     28.5089,     57.0179,      0.0190,      0.0023,      0.0156,      0.1999,   7609.9116,-421306.8438,   -926.0084,    544.4189,  25366.3730,
       1,     167,     147,       3,       1,       3,       1,     10.0000,      1.3892,     42.4312,    245.6065,     61.8096,      3.4953,      0.0000,     -0.0313,      2.7218,      0.1391,      5.5162,     11.0325,      1.2294,     28.5089,     57.0179,      0.0190,      0.0022,      0.0156,      0.1999,   7609.9121,-420821.9688,   -925.9293,    544.4519,  25366.3750,
       1,     167,     147,       4,       1,       3,       1,     10.0000,      1.3892,     42.4312,    245.6065,     61.8096,      3.4953,      0.0000,     -0.0312,      2.2430,      0.1363,      5.5162,     11.0325,      1.2048,     28.5089,     57.0179,      0.0190,      0.0018,      0.0156,      0.1999,   7609.9126,-420543.5000,   -925.8871,    544.4709,  25366.3730,
       1,     167,     147,       5,       1,       3,       1,     10.0000,      1.3892,     42.4312,    245.6065,     61.8096,      3.4953,      0.0000,     -0.0312,      1.2318,      0.1344,      5.5162,     11.0325,      1.1878,     28.5089,     57.0179,      0.0190,      0.0010,      0.0156,      0.1999,   7609.9121,-419911.8750,   -925.7766,    544.5139,  25366.3730,
       1,     167,     147,       6,       1,       3,       1,     10.0000,      1.3892,     42.4312,    245.6065,     61.8096,      3.4953,      0.0000,     -0.0311,      0.8032,      0.1325,      5.5162,     11.0325,      1.1711,     28.5089,     57.0179,      0.0190,      0.0006,      0.0156,      0.1999,   7609.9121,-418573.7500,   -925.5283,    544.6049,  25366.3730,
       1,     167,     147,       7,       1,       3,       1,     10.0000,      1.3892,     42.4312,    245.6065,     61.8096,      3.4953,      0.0000,     -0.0310,      0.6589,      0.1316,      5.5162,     11.0325,      1.1628,     28.5089,     57.0179,      0.0190,      0.0005,      0.0156,      0.1999,   7609.9121,-417914.0312,   -925.4068,    544.6498,  25366.3730,
       1,     167,     147,       8,       1,       3,       1,     10.0000,      1.3892,     42.4312,    245.6065,     61.8096,      3.4953,      0.0308,     -0.0003,      0.9004,      0.1321,      5.5162,     11.0325,      1.1675,     28.5089,     57.0179,      0.0190,      0.0004,      0.0251,      0.1999,   7609.9121,-417674.0000,   -925.3644,    544.6662,  25366.3730,
       1,     167,     147,       9,       1,       3,       1,     10.0000,      1.3892,     42.4312,    245.6065,     61.8096,      3.4953,      0.1383,      0.1066,      6.0799,      0.1486,      5.5162,     11.0325,      1.3127,     28.5089,     57.0179,      0.0190,      0.0004,      0.1812,      0.1999,   7609.9121,-417959.7188,   -925.4208,    544.6468,  25366.3730,
       1,     167,     147,      10,       1,       3,       1,     10.0000,      1.3892,     42.4312,    245.6065,     61.8096,      3.4953,      0.1807,      0.1488,     10.0892,      0.1550,      5.5162,     11.0325,      1.3694,     28.5089,     57.0179,      0.0190,      0.0005,      0.2429,      0.1999,   7609.9121,-424558.7812,   -926.6887,    544.1975,  25366.3730,
       1,     167,     147,      11,       1,       3,       1,     10.0000,      1.3892,     42.4312,    245.6065,     61.8096,      3.4953,      0.1855,      0.1526,     12.7695,      0.1875,      5.5162,     11.0325,      1.6568,     28.5089,     57.0179,      0.0190,      0.0006,      0.2500,      0.1999,   7609.9121,-430219.2188,   -927.7859,    543.8126,  25366.3730,
       1,     167,     147,      12,       1,       3,       1,     10.0000,      1.3892,     42.4312,    245.6065,     61.8096,      3.4953,      0.1856,      0.1521,     14.7132,      0.2031,      5.5162,     11.0325,      1.7949,     28.5089,     57.0179,      0.0190,      0.0007,      0.2500,      0.1999,   7609.9121,-434111.2188,   -928.5425,    543.5482,  25366.3730,
       1,     167,     147,      13,       1,       3,       1,     10.0000,      1.3892,     42.4312,    245.6065,     61.8096,      3.4953,      0.1858,      0.1526,     17.0120,      0.1945,      5.5162,     11.0325,      1.7186,     28.5089,     57.0179,      0.0190,      0.0008,      0.2500,      0.1999,   7609.9121,-436915.0625,   -929.0876,    543.3577,  25366.3711,
       1,     167,     147,      14,       1,       3,       1,     10.0000,      1.3892,     42.4312,    245.6065,     61.8096,      3.4953,      0.1871,      0.1538,     34.1092,      0.2001,      5.5162,     11.0325,      1.7685,     28.5089,     57.0179,      0.0190,      0.0017,      0.2500,      0.1999,   7609.9116,-440076.2500,   -929.7008,    543.1431,  25366.3730,
       1,     167,     147,      15,       1,       3,       1,     10.0000,      1.3892,     42.4312,    245.6065,     61.8096,      3.4953,      0.1882,      0.1559,     45.5567,      0.1686,      5.5162,     11.0325,      1.4895,     28.5089,     57.0179,      0.0190,      0.0023,      0.2500,      0.1999,   7609.9121,-462057.8438,   -933.4174,    541.6508,  25366.3730,
       1,     167,     147,      16,       1,       3,       1,     10.0000,      1.3892,     42.4312,    245.6065,     61.8096,      3.4953,      0.1845,      0.1510,     75.2697,      0.2045,      5.5162,     11.0325,      1.8073,     28.5089,     57.0179,      0.0190,      0.0039,      0.2414,      0.1999,   7609.9121,-478500.2812,   -922.6154,    540.5394,  25366.3730,
       1,     167,     147,      17,       1,       3,       1,     10.0000,      1.3892,     42.4312,    245.6065,     61.8096,      3.4953,      0.1867,      0.1533,    100.2402,      0.2019,      5.5162,     11.0325,      1.7843,     28.5089,     57.0179,      0.0190,      0.0051,      0.2417,      0.1999,   7609.9121,-517668.1250,   -931.4578,    537.8942,  25366.3730,
       1,     167,     147,      18,       1,       3,       1,     10.0000,      1.3892,     42.4312,    245.6065,     61.8096,      3.4953,      0.1470,      0.1139,     71.9637,      0.1941,      5.5162,     11.0325,      1.7152,     28.5089,     57.0179,      0.0190,      0.0048,      0.1863,      0.1998,   7609.9121,-552803.2500,   -939.8525,    535.5382,  25366.3750,
       1,     167,     147,      19,       1,       3,       1,     10.0000,      1.3892,     42.4312,    245.6065,     61.8096,      3.4953,      0.1238,      0.0911,     57.6945,      0.1788,      5.5162,     11.0325,      1.5797,     28.5089,     57.0179,      0.0190,      0.0047,      0.1537,      0.1998,   7609.9126,-519866.6562,   -935.3380,    537.7484,  25366.3750,
       1,     167,     147,      20,       1,       3,       1,     10.0000,      1.3892,     42.4312,    245.6065,     61.8096,      3.4953,      0.0296,     -0.0026,      4.4587,      0.1662,      5.5162,     11.0325,      1.4688,     28.5089,     57.0179,      0.0190,      0.0026,      0.0216,      0.1998,   7609.9126,-498901.9688,   -932.6708,    539.1620,  25366.3730,
       1,     167,     147,      21,       1,       3,       1,     10.0000,      1.3892,     42.4312,    245.6065,     61.8096,      3.4953,      0.0000,     -0.0321,      5.6461,      0.1618,      5.5162,     11.0325,      1.4297,     28.5089,     57.0179,      0.0190,      0.0045,      0.0156,      0.1998,   7609.9121,-429442.2500,   -920.4832,    543.8452,  25366.3730,
       1,     167,     147,      22,       1,       3,       1,     10.0000,      1.3892,     42.4312,    245.6065,     61.8096,      3.4953,      0.0000,     -0.0320,      5.9367,      0.1591,      5.5162,     11.0325,      1.4055,     28.5089,     57.0179,      0.0190,      0.0047,      0.0156,      0.1999,   7609.9121,-425026.2500,   -920.2036,    544.1658,  25366.3730,
       1,     167,     147,      23,       1,       3,       1,     10.0000,      1.3892,     42.4312,    245.6065,     61.8096,      3.4953,      0.0000,     -0.0320,      5.9712,      0.1572,      5.5162,     11.0325,      1.3887,     28.5089,     57.0179,      0.0190,      0.0048,      0.0156,      0.1999,   7609.9121,-424988.2188,   -920.6986,    544.1685,  25366.3730,
       1,     167,     147,      24,       1,       3,       1,     10.0000,      1.3892,     42.4312,    245.6065,     61.8096,      3.4953,      0.0000,     -0.0320,      5.4348,      0.1583,      5.5162,     11.0325,      1.3985,     28.5089,     57.0179,      0.0190,      0.0043,      0.0156,      0.1999,   7609.9121,-425028.5000,   -921.1685,    544.1657,  25366.3750,
       1,     167,     148,       1,       1,       3,       1,     10.0000,      1.3892,     42.4315,    245.6124,     61.8111,      3.4953,      0.0000,     -0.0320,      4.7782,      0.1576,      5.5161,     11.0322,      1.3929,     28.5179,     57.0358,      0.0190,      0.0038,      0.0156,      0.1999,   7609.9126,-424507.5938,   -921.7424,    544.2140,  25367.5234,
       1,     167,     148,       2,       1,       3,       1,     10.0000,      1.3892,     42.4315,    245.6124,     61.8111,      3.4953,      0.0000,     -0.0318,      3.8742,      0.1530,      5.5161,     11.0322,      1.3516,     28.5179,     57.0358,      0.0190,      0.0031,      0.0156,      0.1999,   7610.2573,-423475.0000,   -921.6198,    544.2841,  25367.5234,
       1,     167,     148,       3,       1,       3,       1,     10.0000,      1.3892,     42.4315,    245.6124,     61.8111,      3.4953,      0.0000,     -0.0313,      3.3309,      0.1376,      5.5161,     11.0322,      1.2158,     28.5179,     57.0358,      0.0190,      0.0027,      0.0156,      0.1999,   7610.2573,-422238.5312,   -912.8085,    544.3682,  25367.5234,
       1,     167,     148,       4,       1,       3,       1,     10.0000,      1.3892,     42.4315,    245.6124,     61.8111,      3.4953,      0.0000,     -0.0313,      3.0905,      0.1387,      5.5161,     11.0322,      1.2257,     28.5179,     57.0358,      0.0190,      0.0025,      0.0156,      0.1999,   7610.2573,-421442.1875,   -911.4133,    544.4225,  25367.5215,
       1,     167,     148,       5,       1,       3,       1,     10.0000,      1.3892,     42.4315,    245.6124,     61.8111,      3.4953,      0.0000,     -0.0314,      3.2566,      0.1407,      5.5161,     11.0322,      1.2432,     28.5179,     57.0358,      0.0190,      0.0026,      0.0156,      0.1999,   7610.2568,-421068.3750,   -911.7820,    544.4479,  25367.5254,
       1,     167,     148,       6,       1,       3,       1,     10.0000,      1.3892,     42.4315,    245.6124,     61.8111,      3.4953,      0.0000,     -0.0314,      3.1465,      0.1408,      5.5161,     11.0322,      1.2444,     28.5179,     57.0358,      0.0190,      0.0025,      0.0156,      0.1999,   7610.2578,-421246.3438,   -912.2641,    544.4358,  25367.5215,
       1,     167,     148,       7,       1,       3,       1,     10.0000,      1.3892,     42.4315,    245.6124,     61.8111,      3.4953,      0.0000,     -0.0315,      2.6476,      0.1430,      5.5161,     11.0322,      1.2634,     28.5179,     57.0358,      0.0190,      0.0021,      0.0156,      0.1999,   7610.2568,-421122.6250,   -912.6625,    544.4442,  25367.5234,
       1,     167,     148,       8,       1,       3,       1,     10.0000,      1.3892,     42.4315,    245.6124,     61.8111,      3.4953,      0.0227,     -0.0088,      0.9263,      0.1444,      5.5161,     11.0322,      1.2762,     28.5179,     57.0358,      0.0190,      0.0009,      0.0128,      0.1999,   7610.2573,-420478.4688,   -912.8773,    544.4881,  25367.5234,
       1,     167,     148,       9,       1,       3,       1,     10.0000,      1.3892,     42.4315,    245.6124,     61.8111,      3.4953,      0.0955,      0.0638,     10.8733,      0.1510,      5.5161,     11.0322,      1.3341,     28.5179,     57.0358,      0.0190,      0.0011,      0.1180,      0.1999,   7610.2573,-418238.0625,   -912.6342,    544.6406,  25367.5215,
       1,     167,     148,      10,       1,       3,       1,     10.0000,      1.3892,     42.4315,    245.6124,     61.8111,      3.4953,      0.1671,      0.1349,     27.8807,      0.1624,      5.5161,     11.0322,      1.4354,     28.5179,     57.0358,      0.0190,      0.0016,      0.2209,      0.2000,   7610.2568,-430669.4062,   -915.2142,    543.7943,  25367.5234,
       1,     167,     148,      11,       1,       3,       1,     10.0000,      1.3892,     42.4315,    245.6124,     61.8111,      3.4953,      0.1860,      0.1531,     35.6089,      0.1855,      5.5161,     11.0322,      1.6388,     28.5179,     57.0358,      0.0190,      0.0018,      0.2480,      0.1999,   7610.2573,-453334.3438,   -920.0993,    542.2543,  25367.5215,
       1,     167,     148,      12,       1,       3,       1,     10.0000,      1.3892,     42.4315,    245.6124,     61.8111,      3.4953,      0.1878,      0.1547,     42.9085,      0.1939,      5.5161,     11.0322,      1.7135,     28.5179,     57.0358,      0.0190,      0.0021,      0.2500,      0.1999,   7610.2568,-465109.8750,   -923.3371,    541.4583,  25367.5234,
       1,     167,     148,      13,       1,       3,       1,     10.0000,      1.3892,     42.4315,    245.6124,     61.8111,      3.4953,      0.1884,      0.1550,     50.2698,      0.2009,      5.5161,     11.0322,      1.7755,     28.5179,     57.0358,      0.0190,      0.0025,      0.2500,      0.1999,   7610.2573,-475394.8125,   -926.5740,    540.7628,  25367.5215,
       1,     167,     148,      14,       1,       3,       1,     10.0000,      1.3892,     42.4315,    245.6124,     61.8111,      3.4953,      0.1892,      0.1559,     61.3371,      0.2011,      5.5161,     11.0322,      1.7773,     28.5179,     57.0358,      0.0190,      0.0030,      0.2500,      0.1999,   7610.2568,-485632.6250,   -929.7584,    540.0712,  25367.5254,
       1,     167,     148,      15,       1,       3,       1,     10.0000,      1.3892,     42.4315,    245.6124,     61.8111,      3.4953,      0.1905,      0.1572,     76.5264,      0.1974,      5.5161,     11.0322,      1.7443,     28.5179,     57.0358,      0.0190,      0.0038,      0.2500,      0.1999,   7610.2578,-500575.1250,   -933.9847,    539.0628,  25367.5234,
       1,     167,     148,      16,       1,       3,       1,     10.0000,      1.3892,     42.4315,    245.6124,     61.8111,      3.4953,      0.1732,      0.1403,     92.1509,      0.1855,      5.5161,     11.0322,      1.6388,     28.5179,     57.0358,      0.0190,      0.0051,      0.2226,      0.1999,   7610.2573,-521166.3750,   -939.3362,    537.6763,  25367.5234,
       1,     167,     148,      17,       1,       3,       1,     10.0000,      1.3892,     42.4315,    245.6124,     61.8111,      3.4953,      0.1798,      0.1476,    101.3604,      0.1644,      5.5161,     11.0322,      1.4528,     28.5179,     57.0358,      0.0190,      0.0054,      0.2311,      0.1998,   7610.2573,-542804.2500,   -944.5259,    536.2239,  25367.5215,
       1,     167,     148,      18,       1,       3,       1,     10.0000,      1.3892,     42.4315,    245.6124,     61.8111,      3.4953,      0.1447,      0.1128,     85.2829,      0.1548,      5.5161,     11.0322,      1.3680,     28.5179,     57.0358,      0.0190,      0.0058,      0.1815,      0.1998,   7610.2568,-556380.7500,   -948.2839,    535.3158,  25367.5215,
       1,     167,     148,      19,       1,       3,       1,     10.0000,      1.3892,     42.4315,    245.6124,     61.8111,      3.4953,      0.0645,      0.0325,     30.9337,      0.1568,      5.5161,     11.0322,      1.3860,     28.5179,     57.0358,      0.0190,      0.0055,      0.0701,      0.1998,   7610.2568,-537099.0000,   -945.7125,    536.6068,  25367.5234,
       1,     167,     148,      20,       1,       3,       1,     10.0000,      1.3892,     42.4315,    245.6124,     61.8111,      3.4953,      0.0247,     -0.0068,      6.3563,      0.1433,      5.5161,     11.0322,      1.2660,     28.5179,     57.0358,      0.0190,      0.0052,      0.0151,      0.1998,   7610.2573,-466339.2812,   -933.1213,    541.3546,  25367.5215,
       1,     167,     148,      21,       1,       3,       1,     10.0000,      1.3892,     42.4315,    245.6124,     61.8111,      3.4953,      0.0000,     -0.0312,      5.3854,      0.1359,      5.5161,     11.0322,      1.2012,     28.5179,     57.0358,      0.0190,      0.0043,      0.0156,      0.1999,   7610.2568,-429102.3438,   -926.4833,    543.8954,  25367.5215,
       1,     167,     148,      22,       1,       3,       1,     10.0000,      1.3892,     42.4315,    245.6124,     61.8111,      3.4953,      0.0000,     -0.0311,      4.2251,      0.1335,      5.5161,     11.0322,      1.1794,     28.5179,     57.0358,      0.0190,      0.0034,      0.0156,      0.1999,   7610.2568,-424650.2812,   -925.8424,    544.2042,  25367.5234,
       1,     167,     148,      23,       1,       3,       1,     10.0000,      1.3892,     42.4315,    245.6124,     61.8111,      3.4953,      0.0000,     -0.0313,      2.6894,      0.1376,      5.5161,     11.0322,      1.2158,     28.5179,     57.0358,      0.0190,      0.0021,      0.0156,      0.1999,   7610.2573,-422785.5000,   -925.6290,    544.3311,  25367.5254,
       1,     167,     148,      24,       1,       3,       1,     10.0000,      1.3892,     42.4315,    245.6124,     61.8111,      3.4953,      0.0000,     -0.0314,      3.0634,      0.1405,      5.5161,     11.0322,      1.2419,     28.5179,     57.0358,      0.0190,      0.0024,      0.0156,      0.1999,   7610.2578,-420674.7812,   -925.3094,    544.4747,  25367.5254,
       1,     167,     149,       1,       1,       3,       1,     10.0000,      1.3892,     42.4319,    245.6182,     61.8126,      3.4953,      0.0000,     -0.0316,      1.9969,      0.1455,      5.5171,     11.0341,      1.2853,     28.5235,     57.0470,      0.0190,      0.0016,      0.0156,      0.2000,   7610.2578,-421124.8125,   -925.7504,    544.4572,  25368.6738,
       1,     167,     149,       2,       1,       3,       1,     10.0000,      1.3892,     42.4319,    245.6182,     61.8126,      3.4953,      0.0000,     -0.0312,      1.5667,      0.1359,      5.5171,     11.0341,      1.2012,     28.5235,     57.0470,      0.0190,      0.0012,      0.0156,      0.2000,   7610.6025,-419655.6562,   -925.2565,    544.5573,  25368.6738,
       1,     167,     149,       3,       1,       3,       1,     10.0000,      1.3892,     42.4319,    245.6182,     61.8126,      3.4953,      0.0000,     -0.0311,      1.9797,      0.1316,      5.5171,     11.0341,      1.1628,     28.5235,     57.0470,      0.0190,      0.0016,      0.0156,      0.2000,   7610.6025,-418982.6875,   -925.1702,    544.6031,  25368.6738,
       1,     167,     149,       4,       1,       3,       1,     10.0000,      1.3892,     42.4319,    245.6182,     61.8126,      3.4953,      0.0000,     -0.0310,      2.0100,      0.1303,      5.5171,     11.0341,      1.1511,     28.5235,     57.0470,      0.0190,      0.0016,      0.0156,      0.2000,   7610.6025,-419448.7188,   -925.3063,    544.5713,  25368.6738,
       1,     167,     149,       5,       1,       3,       1,     10.0000,      1.3892,     42.4319,    245.6182,     61.8126,      3.4953,      0.0000,     -0.0310,      1.5567,      0.1305,      5.5171,     11.0341,      1.1534,     28.5235,     57.0470,      0.0190,      0.0012,      0.0156,      0.2000,   7610.6025,-419527.5000,   -925.3682,    544.5660,  25368.6738,
       1,     167,     149,       6,       1,       3,       1,     10.0000,      1.3892,     42.4319,    245.6182,     61.8126,      3.4953,      0.0000,     -0.0310,      1.6532,      0.1301,      5.5171,     11.0341,      1.1499,     28.5235,     57.0470,      0.0190,      0.0013,      0.0156,      0.2000,   7610.6025,-418959.0000,   -925.2924,    544.6046,  25368.6738,
       1,     167,     149,       7,       1,       3,       1,     10.0000,      1.3892,     42.4319,    245.6182,     61.8126,      3.4953,      0.0000,     -0.0309,      1.5400,      0.1288,      5.5171,     11.0341,      1.1383,     28.5235,     57.0470,      0.0190,      0.0012,      0.0156,      0.2000,   7610.6025,-419032.4688,   -925.3289,    544.5997,  25368.6719,
       1,     167,     149,       8,       1,       3,       1,     10.0000,      1.3892,     42.4319,    245.6182,     61.8126,      3.4953,      0.0102,     -0.0206,      1.4345,      0.1253,      5.5171,     11.0341,      1.1075,     28.5235,     57.0470,      0.0190,      0.0011,      0.0156,      0.2000,   7610.6021,-418895.1250,   -925.3308,    544.6090,  25368.6719,
       1,     167,     149,       9,       1,       3,       1,     10.0000,      1.3892,     42.4319,    245.6182,     61.8126,      3.4953,      0.0544,      0.0234,      6.5690,      0.1300,      5.5171,     11.0341,      1.1488,     28.5235,     57.0470,      0.0190,      0.0014,      0.0589,      0.2000,   7610.6021,-418749.4688,   -925.3341,    544.6189,  25368.6738,
       1,     167,     149,      10,       1,       3,       1,     10.0000,      1.3892,     42.4319,    245.6182,     61.8126,      3.4953,      0.1192,      0.0874,     21.4448,      0.1530,      5.5171,     11.0341,      1.3517,     28.5235,     57.0470,      0.0190,      0.0018,      0.1514,      0.2000,   7610.6025,-425252.6875,   -926.6296,    544.1762,  25368.6758,
       1,     167,     149,      11,       1,       3,       1,     10.0000,      1.3892,     42.4319,    245.6182,     61.8126,      3.4953,      0.1445,      0.1122,     28.2747,      0.1671,      5.5171,     11.0341,      1.4762,     28.5235,     57.0470,      0.0190,      0.0019,      0.1877,      0.2000,   7610.6030,-444694.4062,   -930.4877,    542.8539,  25368.6738,
       1,     167,     149,      12,       1,       3,       1,     10.0000,      1.3892,     42.4319,    245.6182,     61.8126,      3.4953,      0.1623,      0.1297,     18.5039,      0.1751,      5.5171,     11.0341,      1.5471,     28.5235,     57.0470,      0.0190,      0.0011,      0.2150,      0.2000,   7610.6025,-455048.3125,   -932.6966,    542.1529,  25368.6719,
       1,     167,     149,      13,       1,       3,       1,     10.0000,      1.3892,     42.4319,    245.6182,     61.8126,      3.4953,      0.1014,      0.0682,      7.3215,      0.1974,      5.5171,     11.0341,      1.7443,     28.5235,     57.0470,      0.0190,      0.0007,      0.1263,      0.1999,   7610.6021,-443534.6875,   -930.7460,    542.9337,  25368.6719,
       1,     167,     149,      14,       1,       3,       1,     10.0000,      1.3892,     42.4319,    245.6182,     61.8126,      3.4953,      0.0612,      0.0277,      5.7474,      0.2037,      5.5171,     11.0341,      1.8003,     28.5235,     57.0470,      0.0190,      0.0011,      0.0668,      0.2000,   7610.6021,-428346.6562,   -927.9635,    543.9649,  25368.6758,
       1,     167,     149,      15,       1,       3,       1,     10.0000,      1.3892,     42.4319,    245.6182,     61.8126,      3.4953,      0.0222,     -0.0111,      1.8345,      0.1976,      5.5171,     11.0341,      1.7460,     28.5235,     57.0470,      0.0190,      0.0023,      0.0097,      0.2000,   7610.6030,-425040.0312,   -927.3906,    544.1908,  25368.6738,
       1,     167,     149,      16,       1,       3,       1,     10.0000,      1.3892,     42.4319,    245.6182,     61.8126,      3.4953,      0.0403,      0.0070,      9.2044,      0.1962,      5.5171,     11.0341,      1.7340,     28.5235,     57.0470,      0.0190,      0.0032,      0.0357,      0.2000,   7610.6025,-419787.5625,   -926.4389,    544.5482,  25368.6758,
       1,     167,     149,      17,       1,       3,       1,     10.0000,      1.3892,     42.4319,    245.6182,     61.8126,      3.4953,      0.0824,      0.0494,     31.4597,      0.1871,      5.5171,     11.0341,      1.6535,     28.5235,     57.0470,      0.0190,      0.0041,      0.0956,      0.2000,   7610.6030,-428686.5938,   -928.1949,    543.9424,  25368.6738,
       1,     167,     149,      18,       1,       3,       1,     10.0000,      1.3892,     42.4319,    245.6182,     61.8126,      3.4953,      0.1008,      0.0680,     52.6313,      0.1815,      5.5171,     11.0341,      1.6035,     28.5235,     57.0470,      0.0190,      0.0054,      0.1204,      0.2000,   7610.6025,-457703.6250,   -933.8674,    541.9699,  25368.6758,
       1,     167,     149,      19,       1,       3,       1,     10.0000,      1.3892,     42.4319,    245.6182,     61.8126,      3.4953,      0.0819,      0.0498,     38.6695,      0.1615,      5.5171,     11.0341,      1.4269,     28.5235,     57.0470,      0.0190,      0.0051,      0.0946,      0.1999,   7610.6030,-487100.4375,   -939.7349,    539.9820,  25368.6738,
       1,     167,     149,      20,       1,       3,       1,     10.0000,      1.3892,     42.4319,    245.6182,     61.8126,      3.4953,      0.0188,     -0.0130,      2.3572,      0.1516,      5.5171,     11.0341,      1.3395,     28.5235,     57.0470,      0.0190,      0.0045,      0.0065,      0.1999,   7610.6025,-471903.8125,   -937.1070,    541.0114,  25368.6738,
       1,     167,     149,      21,       1,       3,       1,     10.0000,      1.3892,     42.4319,    245.6182,     61.8126,      3.4953,      0.0000,     -0.0315,      5.4306,      0.1441,      5.5171,     11.0341,      1.2737,     28.5235,     57.0470,      0.0190,      0.0043,      0.0156,      0.1999,   7610.6025,-424475.5625,   -928.1622,    544.2197,  25368.6719,
       1,     167,     149,      22,       1,       3,       1,     10.0000,      1.3892,     42.4319,    245.6182,     61.8126,      3.4953,      0.0000,     -0.0315,      5.4668,      0.1441,      5.5171,     11.0341,      1.2737,     28.5235,     57.0470,      0.0190,      0.0043,      0.0156,      0.2000,   7610.6021,-424315.0625,   -928.1614,    544.2402,  25368.6738,
       1,     167,     149,      23,       1,       3,       1,     10.0000,      1.3892,     42.4319,    245.6182,     61.8126,      3.4953,      0.0000,     -0.0316,      5.3394,      0.1465,      5.5171,     11.0341,      1.2944,     28.5235,     57.0470,      0.0190,      0.0042,      0.0156,      0.2000,   7610.6025,-424334.8125,   -928.1905,    544.2388,  25368.6738,
       1,     167,     149,      24,       1,       3,       1,     10.0000,      1.3892,     42.4319,    245.6182,     61.8126,      3.4953,      0.0000,     -0.0314,      4.0010,      0.1420,      5.5171,     11.0341,      1.2546,     28.5235,     57.0470,      0.0190,      0.0032,      0.0156,      0.2000,   7610.6025,-424174.8125,   -928.1815,    544.2496,  25368.6758,
       1,     167,     150,       1,       1,       3,       1,     10.0000,      1.3893,     42.4322,    245.6240,     61.8141,      3.4953,      0.0000,     -0.0308,      2.8955,      0.1243,      5.5182,     11.0365,      1.0985,     28.5089,     57.0178,      0.0190,      0.0023,      0.0156,      0.2000,   7610.6030,-422618.8750,   -911.7042,    544.3685,  25369.8242,
       1,     167,     150,       2,       1,       3,       1,     10.0000,      1.3893,     42.4322,    245.6240,     61.8141,      3.4953,      0.0000,     -0.0306,      2.2750,      0.1203,      5.5182,     11.0365,      1.0632,     28.5089,     57.0178,      0.0190,      0.0018,      0.0156,      0.2000,   7610.9478,-420927.3438,   -911.1367,    544.4836,  25369.8242,
       1,     167,     150,       3,       1,       3,       1,     10.0000,      1.3893,     42.4322,    245.6240,     61.8141,      3.4953,      0.0000,     -0.0306,      2.2551,      0.1191,      5.5182,     11.0365,      1.0524,     28.5089,     57.0178,      0.0190,      0.0018,      0.0156,      0.2000,   7610.9478,-419993.8750,   -910.8463,    544.5472,  25369.8262,
       1,     167,     150,       4,       1,       3,       1,     10.0000,      1.3893,     42.4322,    245.6240,     61.8141,      3.4953,      0.0000,     -0.0308,      2.1761,      0.1242,      5.5182,     11.0365,      1.0974,     28.5089,     57.0178,      0.0190,      0.0017,      0.0156,      0.2000,   7610.9482,-419887.7812,   -911.0771,    544.5545,  25369.8242,
       1,     167,     150,       5,       1,       3,       1,     10.0000,      1.3893,     42.4322,    245.6240,     61.8141,      3.4953,      0.0000,     -0.0308,      1.6444,      0.1241,      5.5182,     11.0365,      1.0963,     28.5089,     57.0178,      0.0190,      0.0013,      0.0156,      0.2000,   7610.9478,-419778.3750,   -911.3034,    544.5619,  25369.8262,
       1,     167,     150,       6,       1,       3,       1,     10.0000,      1.3893,     42.4322,    245.6240,     61.8141,      3.4953,      0.0000,     -0.0306,      0.4489,      0.1200,      5.5182,     11.0365,      1.0600,     28.5089,     57.0178,      0.0190,      0.0004,      0.0156,      0.2000,   7610.9482,-419094.1875,   -911.3641,    544.6085,  25369.8242,
       1,     167,     150,       7,       1,       3,       1,     10.0000,      1.3893,     42.4322,    245.6240,     61.8141,      3.4953,      0.0000,     -0.0305,      0.2878,      0.1179,      5.5182,     11.0365,      1.0417,     28.5089,     57.0178,      0.0190,      0.0002,      0.0156,      0.2000,   7610.9478,-417518.3438,   -911.1062,    544.7158,  25369.8242,
       1,     167,     150,       8,       1,       3,       1,     10.0000,      1.3893,     42.4322,    245.6240,     61.8141,      3.4953,      0.0163,     -0.0143,      0.1031,      0.1196,      5.5182,     11.0365,      1.0567,     28.5089,     57.0178,      0.0190,      0.0003,      0.0047,      0.2000,   7610.9478,-417177.7500,   -911.0481,    544.7390,  25369.8242,
       1,     167,     150,       9,       1,       3,       1,     10.0000,      1.3893,     42.4322,    245.6240,     61.8141,      3.4953,      0.1133,      0.0823,      3.0154,      0.1292,      5.5182,     11.0365,      1.1418,     28.5089,     57.0178,      0.0190,      0.0003,      0.1452,      0.2000,   7610.9478,-416914.0312,   -911.0671,    544.7569,  25369.8223,
       1,     167,     150,      10,       1,       3,       1,     10.0000,      1.3893,     42.4322,    245.6240,     61.8141,      3.4953,      0.1767,      0.1453,      5.2070,      0.1401,      5.5182,     11.0365,      1.2382,     28.5089,     57.0178,      0.0190,      0.0003,      0.2375,      0.2000,   7610.9468,-420586.6250,   -912.2219,    544.5068,  25369.8242,
       1,     167,     150,      11,       1,       3,       1,     10.0000,      1.3893,     42.4322,    245.6240,     61.8141,      3.4953,      0.1853,      0.1531,      7.4410,      0.1638,      5.5182,     11.0365,      1.4470,     28.5089,     57.0178,      0.0190,      0.0004,      0.2500,      0.2000,   7610.9478,-423684.8438,   -913.8743,    544.2960,  25369.8242,
       1,     167,     150,      12,       1,       3,       1,     10.0000,      1.3893,     42.4322,    245.6240,     61.8141,      3.4953,      0.1852,      0.1525,      8.4774,      0.1800,      5.5182,     11.0365,      1.5908,     28.5089,     57.0178,      0.0190,      0.0004,      0.2500,      0.2000,   7610.9478,-426787.5625,   -915.7473,    544.0850,  25369.8242,
       1,     167,     150,      13,       1,       3,       1,     10.0000,      1.3893,     42.4322,    245.6240,     61.8141,      3.4953,      0.1851,      0.1521,      8.3770,      0.1916,      5.5182,     11.0365,      1.6934,     28.5089,     57.0178,      0.0190,      0.0004,      0.2500,      0.2000,   7610.9478,-428370.6250,   -917.6693,    543.9773,  25369.8242,
       1,     167,     150,      14,       1,       3,       1,     10.0000,      1.3893,     42.4322,    245.6240,     61.8141,      3.4953,      0.1852,      0.1523,      9.0379,      0.1873,      5.5182,     11.0365,      1.6552,     28.5089,     57.0178,      0.0190,      0.0004,      0.2500,      0.2000,   7610.9478,-428380.0625,   -918.9374,    543.9767,  25369.8223,
       1,     167,     150,      15,       1,       3,       1,     10.0000,      1.3893,     42.4322,    245.6240,     61.8141,      3.4953,      0.1856,      0.1531,     11.9827,      0.1713,      5.5182,     11.0365,      1.5136,     28.5089,     57.0178,      0.0190,      0.0006,      0.2500,      0.2000,   7610.9468,-429219.6562,   -920.1513,    543.9196,  25369.8242,
       1,     167,     150,      16,       1,       3,       1,     10.0000,      1.3893,     42.4322,    245.6240,     61.8141,      3.4953,      0.1874,      0.1547,     36.0262,      0.1802,      5.5182,     11.0365,      1.5924,     28.5089,     57.0178,      0.0190,      0.0018,      0.2500,      0.2000,   7610.9478,-433029.2500,   -921.4982,    543.6606,  25369.8242,
       1,     167,     150,      17,       1,       3,       1,     10.0000,      1.3893,     42.4322,    245.6240,     61.8141,      3.4953,      0.1846,      0.1516,     55.9318,      0.1864,      5.5182,     11.0365,      1.6471,     28.5089,     57.0178,      0.0190,      0.0029,      0.2435,      0.2000,   7610.9478,-463873.1250,   -927.9810,    541.5646,  25369.8242,
       1,     167,     150,      18,       1,       3,       1,     10.0000,      1.3893,     42.4322,    245.6240,     61.8141,      3.4953,      0.1760,      0.1435,     67.0577,      0.1751,      5.5182,     11.0365,      1.5471,     28.5089,     57.0178,      0.0190,      0.0036,      0.2296,      0.2000,   7610.9478,-491820.5312,   -933.9581,    539.6767,  25369.8242,
       1,     167,     150,      19,       1,       3,       1,     10.0000,      1.3893,     42.4322,    245.6240,     61.8141,      3.4953,      0.1206,      0.0883,     44.2896,      0.1661,      5.5182,     11.0365,      1.4674,     28.5089,     57.0178,      0.0190,      0.0036,      0.1507,      0.1999,   7610.9478,-508365.6875,   -937.8345,    538.5638,  25369.8242,
       1,     167,     150,      20,       1,       3,       1,     10.0000,      1.3893,     42.4322,    245.6240,     61.8141,      3.4953,      0.0177,     -0.0141,      1.2195,      0.1540,      5.5182,     11.0365,      1.3612,     28.5089,     57.0178,      0.0190,      0.0030,      0.0050,      0.1999,   7610.9478,-480859.3438,   -933.3323,    540.4167,  25369.8242,
       1,     167,     150,      21,       1,       3,       1,     10.0000,      1.3893,     42.4322,    245.6240,     61.8141,      3.4953,      0.0000,     -0.0316,      4.0138,      0.1456,      5.5182,     11.0365,      1.2866,     28.5089,     57.0178,      0.0190,      0.0032,      0.0156,      0.1999,   7610.9478,-423799.3750,   -923.0018,    544.2745,  25369.8242,
       1,     167,     150,      22,       1,       3,       1,     10.0000,      1.3893,     42.4322,    245.6240,     61.8141,      3.4953,      0.0000,     -0.0314,      4.5955,      0.1400,      5.5182,     11.0365,      1.2370,     28.5089,     57.0178,      0.0190,      0.0037,      0.0156,      0.2000,   7610.9478,-422465.8125,   -922.8902,    544.3790,  25369.8242,
       1,     167,     150,      23,       1,       3,       1,     10.0000,      1.3893,     42.4322,    245.6240,     61.8141,      3.4953,      0.0000,     -0.0312,      3.6116,      0.1365,      5.5182,     11.0365,      1.2061,     28.5089,     57.0178,      0.0190,      0.0029,      0.0156,      0.2000,   7610.9478,-423071.2500,   -923.1451,    544.3378,  25369.8242,
       1,     167,     150,      24,       1,       3,       1,     10.0000,      1.3893,     42.4322,    245.6240,     61.8141,      3.4953,      0.0000,     -0.0312,      2.7354,      0.1350,      5.5182,     11.0365,      1.1927,     28.5089,     57.0178,      0.0190,      0.0022,      0.0156,      0.2000,   7610.9478,-421875.1562,   -923.0181,    544.4193,  25369.8242,
       1,     167,     151,       1,       1,       3,       1,     10.0000,      1.3893,     42.4326,    245.6299,     61.8156,      3.4953,      0.0000,     -0.0312,      2.0959,      0.1357,      5.5166,     11.0332,      1.1988,     28.5173,     57.0345,      0.0190,      0.0017,      0.0156,      0.2000,   7610.9478,-420817.0625,   -923.1527,    544.5041,  25370.9766,
       1,     167,     151,       2,       1,       3,       1,     10.0000,      1.3893,     42.4326,    245.6299,     61.8156,      3.4953,      0.0000,     -0.0312,      1.7241,      0.1359,      5.5166,     11.0332,      1.2012,     28.5173,     57.0345,      0.0190,      0.0014,      0.0156,      0.2000,   7611.2935,-419759.7188,   -922.7477,    544.5761,  25370.9766,
       1,     167,     151,       3,       1,       3,       1,     10.0000,      1.3893,     42.4326,    245.6299,     61.8156,      3.4953,      0.0000,     -0.0313,      1.4810,      0.1375,      5.5166,     11.0332,      1.2147,     28.5173,     57.0345,      0.0190,      0.0012,      0.0156,      0.2000,   7611.2935,-419196.5938,   -922.6896,    544.6144,  25370.9766,
       1,     167,     151,       4,       1,       3,       1,     10.0000,      1.3893,     42.4326,    245.6299,     61.8156,      3.4953,      0.0000,     -0.0311,      1.2010,      0.1339,      5.5166,     11.0332,      1.1831,     28.5173,     57.0345,      0.0190,      0.0010,      0.0156,      0.2000,   7611.2935,-418839.7500,   -922.6620,    544.6388,  25370.9785,
       1,     167,     151,       5,       1,       3,       1,     10.0000,      1.3893,     42.4326,    245.6299,     61.8156,      3.4953,      0.0000,     -0.0311,      1.0093,      0.1320,      5.5166,     11.0332,      1.1664,     28.5173,     57.0345,      0.0190,      0.0008,      0.0156,      0.2000,   7611.2939,-418453.2500,   -922.6100,    544.6650,  25370.9746,
       1,     167,     151,       6,       1,       3,       1,     10.0000,      1.3893,     42.4326,    245.6299,     61.8156,      3.4953,      0.0000,     -0.0310,      0.7343,      0.1293,      5.5166,     11.0332,      1.1430,     28.5173,     57.0345,      0.0190,      0.0006,      0.0156,      0.2000,   7611.2925,-418177.1562,   -922.5770,    544.6838,  25370.9766,
       1,     167,     151,       7,       1,       3,       1,     10.0000,      1.3893,     42.4326,    245.6299,     61.8156,      3.4953,      0.0000,     -0.0308,      0.6012,      0.1242,      5.5166,     11.0332,      1.0974,     28.5173,     57.0345,      0.0190,      0.0005,      0.0156,      0.2000,   7611.2935,-417804.1562,   -922.5163,    544.7092,  25370.9785,
       1,     167,     151,       8,       1,       3,       1,     10.0000,      1.3893,     42.4326,    245.6299,     61.8156,      3.4953,      0.0115,     -0.0192,      0.4534,      0.1226,      5.5166,     11.0332,      1.0830,     28.5173,     57.0345,      0.0190,      0.0004,      0.0156,      0.2000,   7611.2939,-417602.9062,   -922.4888,    544.7230,  25370.9766,
       1,     167,     151,       9,       1,       3,       1,     10.0000,      1.3893,     42.4326,    245.6299,     61.8156,      3.4953,      0.0961,      0.0644,      3.4213,      0.1498,      5.5166,     11.0332,      1.3235,     28.5173,     57.0345,      0.0190,      0.0004,      0.1198,      0.2000,   7611.2935,-417398.1562,   -922.4672,    544.7369,  25370.9766,
       1,     167,     151,      10,       1,       3,       1,     10.0000,      1.3893,     42.4326,    245.6299,     61.8156,      3.4953,      0.1214,      0.0887,      8.3970,      0.1777,      5.5166,     11.0332,      1.5704,     28.5173,     57.0345,      0.0190,      0.0007,      0.1559,      0.2000,   7611.2935,-421145.7812,   -923.2831,    544.4817,  25370.9766,
       1,     167,     151,      11,       1,       3,       1,     10.0000,      1.3893,     42.4326,    245.6299,     61.8156,      3.4953,      0.1286,      0.0956,      7.6583,      0.1881,      5.5166,     11.0332,      1.6618,     28.5173,     57.0345,      0.0190,      0.0006,      0.1665,      0.2000,   7611.2935,-427782.8750,   -924.6788,    544.0300,  25370.9746,
       1,     167,     151,      12,       1,       3,       1,     10.0000,      1.3893,     42.4326,    245.6299,     61.8156,      3.4953,      0.1852,      0.1517,      9.8702,      0.2035,      5.5166,     11.0332,      1.7986,     28.5173,     57.0345,      0.0190,      0.0005,      0.2500,      0.2000,   7611.2925,-427419.3750,   -924.7413,    544.0549,  25370.9766,
       1,     167,     151,      13,       1,       3,       1,     10.0000,      1.3893,     42.4326,    245.6299,     61.8156,      3.4953,      0.1856,      0.1519,     16.3775,      0.2134,      5.5166,     11.0332,      1.8856,     28.5173,     57.0345,      0.0190,      0.0008,      0.2500,      0.2000,   7611.2935,-430194.2188,   -925.5532,    543.8663,  25370.9785,
       1,     167,     151,      14,       1,       3,       1,     10.0000,      1.3893,     42.4326,    245.6299,     61.8156,      3.4953,      0.1867,      0.1530,     30.1324,      0.2142,      5.5166,     11.0332,      1.8930,     28.5173,     57.0345,      0.0190,      0.0015,      0.2500,      0.2000,   7611.2939,-438691.1250,   -927.4769,    543.2886,  25370.9766,
       1,     167,     151,      15,       1,       3,       1,     10.0000,      1.3893,     42.4326,    245.6299,     61.8156,      3.4953,      0.1898,      0.1558,     69.5018,      0.2200,      5.5166,     11.0332,      1.9439,     28.5173,     57.0345,      0.0190,      0.0035,      0.2500,      0.2000,   7611.2935,-456881.8125,   -931.2053,    542.0535,  25370.9766,
       1,     167,     151,      16,       1,       3,       1,     10.0000,      1.3893,     42.4326,    245.6299,     61.8156,      3.4953,      0.1913,      0.1576,     93.5523,      0.2136,      5.5166,     11.0332,      1.8874,     28.5173,     57.0345,      0.0190,      0.0047,      0.2495,      0.2000,   7611.2935,-508431.9062,   -941.3530,    538.5621,  25370.9766,
       1,     167,     151,      17,       1,       3,       1,     10.0000,      1.3893,     42.4326,    245.6299,     61.8156,      3.4953,      0.1741,      0.1405,     97.9701,      0.2084,      5.5166,     11.0332,      1.8416,     28.5173,     57.0345,      0.0190,      0.0054,      0.2234,      0.1999,   7611.2935,-543459.8125,   -948.5076,    536.2152,  25370.9766,
       1,     167,     151,      18,       1,       3,       1,     10.0000,      1.3893,     42.4326,    245.6299,     61.8156,      3.4953,      0.1352,      0.1016,     86.9334,      0.2076,      5.5166,     11.0332,      1.8344,     28.5173,     57.0345,      0.0190,      0.0065,      0.1670,      0.1999,   7611.2935,-552090.4375,   -950.7119,    535.6419,  25370.9746,
       1,     167,     151,      19,       1,       3,       1,     10.0000,      1.3893,     42.4326,    245.6299,     61.8156,      3.4953,      0.0553,      0.0221,     27.2440,      0.1945,      5.5166,     11.0332,      1.7187,     28.5173,     57.0345,      0.0190,      0.0061,      0.0559,      0.1999,   7611.2925,-538795.3125,   -948.7020,    536.5323,  25370.9766,
       1,     167,     151,      20,       1,       3,       1,     10.0000,      1.3893,     42.4326,    245.6299,     61.8156,      3.4953,      0.0161,     -0.0165,      0.8222,      0.1746,      5.5166,     11.0332,      1.5425,     28.5173,     57.0345,      0.0190,      0.0058,      0.0018,      0.1999,   7611.2935,-461783.8750,   -934.2847,    541.6980,  25370.9727,
       1,     167,     151,      21,       1,       3,       1,     10.0000,      1.3893,     42.4326,    245.6299,     61.8156,      3.4953,      0.0000,     -0.0321,      6.1779,      0.1602,      5.5166,     11.0332,      1.4156,     28.5173,     57.0345,      0.0190,      0.0049,      0.0156,      0.2000,   7611.2920,-421696.3125,   -926.6568,    544.4373,  25370.9746,
       1,     167,     151,      22,       1,       3,       1,     10.0000,      1.3893,     42.4326,    245.6299,     61.8156,      3.4953,      0.0000,     -0.0319,      5.9663,      0.1539,      5.5166,     11.0332,      1.3599,     28.5173,     57.0345,      0.0190,      0.0047,      0.0156,      0.2000,   7611.2925,-425023.8750,   -927.2817,    544.2178,  25370.9746,
       1,     167,     151,      23,       1,       3,       1,     10.0000,      1.3893,     42.4326,    245.6299,     61.8156,      3.4953,      0.0000,     -0.0318,      5.7225,      0.1522,      5.5166,     11.0332,      1.3449,     28.5173,     57.0345,      0.0190,      0.0046,      0.0156,      0.2000,   7611.2925,-425034.0625,   -927.2759,    544.2172,  25370.9746,
       1,     167,     151,      24,       1,       3,       1,     10.0000,      1.3893,     42.4326,    245.6299,     61.8156,      3.4953,      0.0000,     -0.0318,      4.9053,      0.1520,      5.5166,     11.0332,      1.3436,     28.5173,     57.0345,      0.0190,      0.0039,      0.0156,      0.2000,   7611.2925,-424725.4375,   -927.2086,    544.2382,  25370.9746,
       1,     167,     152,       1,       1,       3,       1,     10.0000,      1.3893,     42.4329,    245.6358,     61.8170,      3.4953,      0.0000,     -0.0318,      3.9559,      0.1517,      5.5176,     11.0351,      1.3409,     28.5193,     57.0386,      0.0190,      0.0031,      0.0156,      0.2000,   7611.2925,-423819.0312,   -927.3129,    544.3129,  25372.1270,
       1,     167,     152,       2,       1,       3,       1,     10.0000,      1.3893,     42.4329,    245.6358,     61.8170,      3.4953,      0.0000,     -0.0318,      2.6688,      0.1508,      5.5176,     11.0351,      1.3329,     28.5193,     57.0386,      0.0190,      0.0021,      0.0156,      0.2001,   7611.6382,-422381.3750,   -926.7635,    544.4107,  25372.1270,
       1,     167,     152,       3,       1,       3,       1,     10.0000,      1.3893,     42.4329,    245.6358,     61.8170,      3.4953,      0.0000,     -0.0316,      1.8371,      0.1465,      5.5176,     11.0351,      1.2945,     28.5193,     57.0386,      0.0190,      0.0015,      0.0156,      0.2001,   7611.6382,-420624.3438,   -926.4246,    544.5303,  25372.1270,
       1,     167,     152,       4,       1,       3,       1,     10.0000,      1.3893,     42.4329,    245.6358,     61.8170,      3.4953,      0.0000,     -0.0316,      1.6556,      0.1450,      5.5176,     11.0351,      1.2815,     28.5193,     57.0386,      0.0190,      0.0013,      0.0156,      0.2001,   7611.6382,-419417.5000,   -926.1902,    544.6124,  25372.1250,
       1,     167,     152,       5,       1,       3,       1,     10.0000,      1.3893,     42.4329,    245.6358,     61.8170,      3.4953,      0.0000,     -0.0315,      1.4987,      0.1431,      5.5176,     11.0351,      1.2648,     28.5193,     57.0386,      0.0190,      0.0012,      0.0156,      0.2001,   7611.6377,-419083.3125,   -926.1235,    544.6352,  25372.1270,
       1,     167,     152,       6,       1,       3,       1,     10.0000,      1.3893,     42.4329,    245.6358,     61.8170,      3.4953,      0.0000,     -0.0315,      1.2487,      0.1427,      5.5176,     11.0351,      1.2610,     28.5193,     57.0386,      0.0190,      0.0010,      0.0156,      0.2001,   7611.6382,-418855.1875,   -926.0763,    544.6507,  25372.1289,
       1,     167,     152,       7,       1,       3,       1,     10.0000,      1.3893,     42.4329,    245.6358,     61.8170,      3.4953,      0.0000,     -0.0315,      1.1004,      0.1442,      5.5176,     11.0351,      1.2738,     28.5193,     57.0386,      0.0190,      0.0009,      0.0156,      0.2001,   7611.6392,-418518.2188,   -926.0102,    544.6736,  25372.1250,
       1,     167,     152,       8,       1,       3,       1,     10.0000,      1.3893,     42.4329,    245.6358,     61.8170,      3.4953,      0.0103,     -0.0212,      0.8887,      0.1447,      5.5176,     11.0351,      1.2789,     28.5193,     57.0386,      0.0190,      0.0007,      0.0156,      0.2001,   7611.6377,-418301.2500,   -925.9683,    544.6884,  25372.1270,
       1,     167,     152,       9,       1,       3,       1,     10.0000,      1.3893,     42.4329,    245.6358,     61.8170,      3.4953,      0.0185,     -0.0137,      0.3058,      0.1623,      5.5176,     11.0351,      1.4341,     28.5193,     57.0386,      0.0190,      0.0006,      0.0059,      0.2001,   7611.6382,-418013.8750,   -925.9108,    544.7079,  25372.1250,
       1,     167,     152,      10,       1,       3,       1,     10.0000,      1.3893,     42.4329,    245.6358,     61.8170,      3.4953,      0.0625,      0.0292,      3.4830,      0.1972,      5.5176,     11.0351,      1.7427,     28.5193,     57.0386,      0.0190,      0.0006,      0.0692,      0.2001,   7611.6377,-417249.7812,   -925.7579,    544.7600,  25372.1270,
       1,     167,     152,      11,       1,       3,       1,     10.0000,      1.3893,     42.4329,    245.6358,     61.8170,      3.4953,      0.1315,      0.0981,      9.1101,      0.2031,      5.5176,     11.0351,      1.7951,     28.5193,     57.0386,      0.0190,      0.0007,      0.1706,      0.2001,   7611.6382,-421214.0625,   -926.5112,    544.4901,  25372.1289,
       1,     167,     152,      12,       1,       3,       1,     10.0000,      1.3893,     42.4329,    245.6358,     61.8170,      3.4953,      0.1583,      0.1247,     11.1072,      0.2070,      5.5176,     11.0351,      1.8290,     28.5193,     57.0386,      0.0190,      0.0007,      0.2100,      0.2001,   7611.6392,-428695.0625,   -927.9282,    543.9810,  25372.1250,
       1,     167,     152,      13,       1,       3,       1,     10.0000,      1.3893,     42.4329,    245.6358,     61.8170,      3.4953,      0.1573,      0.1233,     11.2778,      0.2224,      5.5176,     11.0351,      1.9650,     28.5193,     57.0386,      0.0190,      0.0007,      0.2086,      0.2000,   7611.6377,-431875.8750,   -928.5177,    543.7649,  25372.1270,
       1,     167,     152,      14,       1,       3,       1,     10.0000,      1.3893,     42.4329,    245.6358,     61.8170,      3.4953,      0.1790,      0.1446,     27.5716,      0.2391,      5.5176,     11.0351,      2.1124,     28.5193,     57.0386,      0.0190,      0.0014,      0.2391,      0.2000,   7611.6382,-432366.5938,   -928.5758,    543.7316,  25372.1270,
       1,     167,     152,      15,       1,       3,       1,     10.0000,      1.3893,     42.4329,    245.6358,     61.8170,      3.4953,      0.1890,      0.1549,     83.7919,      0.2292,      5.5176,     11.0351,      2.0255,     28.5193,     57.0386,      0.0190,      0.0042,      0.2473,      0.2000,   7611.6382,-453083.0000,   -932.5422,    542.3235,  25372.1289,
       1,     167,     152,      16,       1,       3,       1,     10.0000,      1.3893,     42.4329,    245.6358,     61.8170,      3.4953,      0.1926,      0.1584,    106.4482,      0.2292,      5.5176,     11.0351,      2.0255,     28.5193,     57.0386,      0.0190,      0.0053,      0.2500,      0.2000,   7611.6392,-526231.4375,   -946.7662,    537.3666,  25372.1250,
       1,     167,     152,      17,       1,       3,       1,     10.0000,      1.3893,     42.4329,    245.6358,     61.8170,      3.4953,      0.1430,      0.1090,     71.8293,      0.2232,      5.5176,     11.0351,      1.9727,     28.5193,     57.0386,      0.0190,      0.0049,      0.1803,      0.1999,   7611.6377,-561387.4375,   -953.8257,    535.0278,  25372.1270,
       1,     167,     152,      18,       1,       3,       1,     10.0000,      1.3893,     42.4329,    245.6358,     61.8170,      3.4953,      0.1187,      0.0848,     61.2689,      0.2178,      5.5176,     11.0351,      1.9249,     28.5193,     57.0386,      0.0190,      0.0052,      0.1454,      0.1999,   7611.6382,-520382.6562,   -946.2441,    537.7752,  25372.1289,
       1,     167,     152,      19,       1,       3,       1,     10.0000,      1.3893,     42.4329,    245.6358,     61.8170,      3.4953,      0.0802,      0.0468,     41.8324,      0.2023,      5.5176,     11.0351,      1.7880,     28.5193,     57.0386,      0.0190,      0.0057,      0.0908,      0.2000,   7611.6392,-503457.8438,   -943.2115,    538.9200,  25372.1250,
       1,     167,     152,      20,       1,       3,       1,     10.0000,      1.3893,     42.4329,    245.6358,     61.8170,      3.4953,      0.0189,     -0.0138,      2.2536,      0.1779,      5.5176,     11.0351,      1.5720,     28.5193,     57.0386,      0.0190,      0.0050,      0.0056,      0.2000,   7611.6377,-477309.3125,   -938.2827,    540.6826,  25372.1289,
       1,     167,     152,      21,       1,       3,       1,     10.0000,      1.3893,     42.4329,    245.6358,     61.8170,      3.4953,      0.0000,     -0.0324,      6.0186,      0.1693,      5.5176,     11.0351,      1.4956,     28.5193,     57.0386,      0.0190,      0.0048,      0.0156,      0.2000,   7611.6392,-424814.1250,   -928.0668,    544.2335,  25372.1289,
       1,     167,     152,      22,       1,       3,       1,     10.0000,      1.3893,     42.4329,    245.6358,     61.8170,      3.4953,      0.0000,     -0.0323,      6.2194,      0.1677,      5.5176,     11.0351,      1.4822,     28.5193,     57.0386,      0.0190,      0.0049,      0.0156,      0.2001,   7611.6392,-425098.9375,   -928.0627,    544.2258,  25372.1270,
       1,     167,     152,      23,       1,       3,       1,     10.0000,      1.3893,     42.4329,    245.6358,     61.8170,      3.4953,      0.0000,     -0.0323,      6.0543,      0.1661,      5.5176,     11.0351,      1.4675,     28.5193,     57.0386,      0.0190,      0.0048,      0.0156,      0.2000,   7611.6382,-425363.6562,   -928.0551,    544.2078,  25372.1270,
       1,     167,     152,      24,       1,       3,       1,     10.0000,      1.3893,     42.4329,    245.6358,     61.8170,      3.4953,      0.0000,     -0.0322,      4.9136,      0.1646,      5.5176,     11.0351,      1.4544,     28.5193,     57.0386,      0.0190,      0.0039,      0.0156,      0.2000,   7611.6382,-425176.9062,   -927.9560,    544.2205,  25372.1250,
       1,     167,     153,       1,       1,       3,       1,     10.0000,      1.3893,     42.4332,    245.6416,     61.8185,      3.4953,      0.0000,     -0.0322,      3.2515,      0.1651,      5.5179,     11.0358,      1.4588,     28.5156,     57.0312,      0.0190,      0.0026,      0.0156,      0.2001,   7611.6377,-423871.0312,   -927.9416,    544.3223,  25373.2812,
       1,     167,     153,       2,       1,       3,       1,     10.0000,      1.3893,     42.4332,    245.6416,     61.8185,      3.4953,      0.0000,     -0.0322,      2.5579,      0.1641,      5.5179,     11.0358,      1.4500,     28.5156,     57.0312,      0.0190,      0.0020,      0.0156,      0.2001,   7611.9849,-421494.6250,   -927.1693,    544.4841,  25373.2812,
       1,     167,     153,       3,       1,       3,       1,     10.0000,      1.3893,     42.4332,    245.6416,     61.8185,      3.4953,      0.0000,     -0.0321,      2.2009,      0.1608,      5.5179,     11.0358,      1.4213,     28.5156,     57.0312,      0.0190,      0.0018,      0.0156,      0.2001,   7611.9849,-420409.6562,   -926.9365,    544.5579,  25373.2812,
       1,     167,     153,       4,       1,       3,       1,     10.0000,      1.3893,     42.4332,    245.6416,     61.8185,      3.4953,      0.0000,     -0.0321,      1.9236,      0.1620,      5.5179,     11.0358,      1.4313,     28.5156,     57.0312,      0.0190,      0.0015,      0.0156,      0.2001,   7611.9849,-419863.1875,   -926.8120,    544.5951,  25373.2812,
       1,     167,     153,       5,       1,       3,       1,     10.0000,      1.3893,     42.4332,    245.6416,     61.8185,      3.4953,      0.0000,     -0.0321,      1.7189,      0.1602,      5.5179,     11.0358,      1.4156,     28.5156,     57.0312,      0.0190,      0.0014,      0.0156,      0.2001,   7611.9849,-419464.1875,   -926.7189,    544.6223,  25373.2773,
       1,     167,     153,       6,       1,       3,       1,     10.0000,      1.3893,     42.4332,    245.6416,     61.8185,      3.4953,      0.0000,     -0.0320,      1.6733,      0.1578,      5.5179,     11.0358,      1.3945,     28.5156,     57.0312,      0.0190,      0.0013,      0.0156,      0.2001,   7611.9834,-419170.5312,   -926.6498,    544.6422,  25373.2793,
       1,     167,     153,       7,       1,       3,       1,     10.0000,      1.3893,     42.4332,    245.6416,     61.8185,      3.4953,      0.0000,     -0.0320,      1.5904,      0.1566,      5.5179,     11.0358,      1.3834,     28.5156,     57.0312,      0.0190,      0.0013,      0.0156,      0.2001,   7611.9839,-419087.1562,   -926.6202,    544.6479,  25373.2812,
       1,     167,     153,       8,       1,       3,       1,     10.0000,      1.3893,     42.4332,    245.6416,     61.8185,      3.4953,      0.0005,     -0.0316,      1.3880,      0.1580,      5.5179,     11.0358,      1.3959,     28.5156,     57.0312,      0.0190,      0.0011,      0.0156,      0.2001,   7611.9849,-418974.5312,   -926.5859,    544.6556,  25373.2793,
       1,     167,     153,       9,       1,       3,       1,     10.0000,      1.3893,     42.4332,    245.6416,     61.8185,      3.4953,      0.0055,     -0.0271,      1.3894,      0.1761,      5.5179,     11.0358,      1.5565,     28.5156,     57.0312,      0.0190,      0.0011,      0.0156,      0.2001,   7611.9839,-418708.3125,   -926.5266,    544.6737,  25373.2793,
       1,     167,     153,      10,       1,       3,       1,     10.0000,      1.3893,     42.4332,    245.6416,     61.8185,      3.4953,      0.0115,     -0.0217,      1.4228,      0.1957,      5.5179,     11.0358,      1.7290,     28.5156,     57.0312,      0.0190,      0.0011,      0.0156,      0.2001,   7611.9839,-418687.0938,   -926.5125,    544.6752,  25373.2793,
       1,     167,     153,      11,       1,       3,       1,     10.0000,      1.3893,     42.4332,    245.6416,     61.8185,      3.4953,      0.0161,     -0.0172,      0.0776,      0.1976,      5.5179,     11.0358,      1.7462,     28.5156,     57.0312,      0.0190,      0.0010,      0.0010,      0.2001,   7611.9839,-418727.6250,   -926.5091,    544.6724,  25373.2793,
       1,     167,     153,      12,       1,       3,       1,     10.0000,      1.3893,     42.4332,    245.6416,     61.8185,      3.4953,      0.0501,      0.0164,      4.7919,      0.2142,      5.5179,     11.0358,      1.8931,     28.5156,     57.0312,      0.0190,      0.0012,      0.0503,      0.2001,   7611.9839,-417024.8438,   -926.1624,    544.7883,  25373.2773,
       1,     167,     153,      13,       1,       3,       1,     10.0000,      1.3893,     42.4332,    245.6416,     61.8185,      3.4953,      0.1144,      0.0805,     16.3742,      0.2176,      5.5179,     11.0358,      1.9231,     28.5156,     57.0312,      0.0190,      0.0014,      0.1442,      0.2001,   7611.9834,-422857.6250,   -927.2816,    544.3912,  25373.2793,
       1,     167,     153,      14,       1,       3,       1,     10.0000,      1.3893,     42.4332,    245.6416,     61.8185,      3.4953,      0.1283,      0.0942,     30.6243,      0.2246,      5.5179,     11.0358,      1.9844,     28.5156,     57.0312,      0.0190,      0.0023,      0.1632,      0.2001,   7611.9839,-438053.7188,   -930.2340,    543.3572,  25373.2773,
       1,     167,     153,      15,       1,       3,       1,     10.0000,      1.3893,     42.4332,    245.6416,     61.8185,      3.4953,      0.1497,      0.1159,     51.1078,      0.2136,      5.5179,     11.0358,      1.8875,     28.5156,     57.0312,      0.0190,      0.0033,      0.1926,      0.2001,   7611.9834,-457448.5312,   -934.0541,    542.0409,  25373.2793,
       1,     167,     153,      16,       1,       3,       1,     10.0000,      1.3893,     42.4332,    245.6416,     61.8185,      3.4953,      0.1411,      0.1078,     43.2629,      0.1984,      5.5179,     11.0358,      1.7531,     28.5156,     57.0312,      0.0190,      0.0030,      0.1808,      0.2000,   7611.9839,-485120.9688,   -939.5482,    540.1675,  25373.2793,
       1,     167,     153,      17,       1,       3,       1,     10.0000,      1.3893,     42.4332,    245.6416,     61.8185,      3.4953,      0.1411,      0.1081,     54.6862,      0.1892,      5.5179,     11.0358,      1.6718,     28.5156,     57.0312,      0.0190,      0.0038,      0.1795,      0.2000,   7611.9839,-477551.7812,   -938.1949,    540.6819,  25373.2773,
       1,     167,     153,      18,       1,       3,       1,     10.0000,      1.3893,     42.4332,    245.6416,     61.8185,      3.4953,      0.1073,      0.0743,     43.8195,      0.1870,      5.5179,     11.0358,      1.6521,     28.5156,     57.0312,      0.0190,      0.0042,      0.1309,      0.2000,   7611.9834,-491399.2500,   -941.0422,    539.7462,  25373.2812,
       1,     167,     153,      19,       1,       3,       1,     10.0000,      1.3893,     42.4332,    245.6416,     61.8185,      3.4953,      0.0322,     -0.0006,      8.4901,      0.1811,      5.5179,     11.0358,      1.6004,     28.5156,     57.0312,      0.0190,      0.0043,      0.0243,      0.2000,   7611.9849,-478794.4375,   -938.7110,    540.5975,  25373.2773,
       1,     167,     153,      20,       1,       3,       1,     10.0000,      1.3893,     42.4332,    245.6416,     61.8185,      3.4953,      0.0082,     -0.0243,      4.6538,      0.1718,      5.5179,     11.0358,      1.5182,     28.5156,     57.0312,      0.0190,      0.0037,      0.0156,      0.2000,   7611.9834,-432858.1875,   -929.7262,    543.7023,  25373.2793,
       1,     167,     153,      21,       1,       3,       1,     10.0000,      1.3893,     42.4332,    245.6416,     61.8185,      3.4953,      0.0000,     -0.0322,      3.9615,      0.1639,      5.5179,     11.0358,      1.4486,     28.5156,     57.0312,      0.0190,      0.0032,      0.0156,      0.2001,   7611.9839,-424060.0625,   -927.9642,    544.3092,  25373.2793,
       1,     167,     153,      22,       1,       3,       1,     10.0000,      1.3893,     42.4332,    245.6416,     61.8185,      3.4953,      0.0000,     -0.0320,      3.9048,      0.1591,      5.5179,     11.0358,      1.4057,     28.5156,     57.0312,      0.0190,      0.0031,      0.0156,      0.2001,   7611.9839,-422412.2188,   -927.6096,    544.4216,  25373.2812,
       1,     167,     153,      23,       1,       3,       1,     10.0000,      1.3893,     42.4332,    245.6416,     61.8185,      3.4953,      0.0000,     -0.0320,      3.3164,      0.1581,      5.5179,     11.0358,      1.3973,     28.5156,     57.0312,      0.0190,      0.0026,      0.0156,      0.2001,   7611.9849,-422197.3438,   -927.5390,    544.4362,  25373.2773,
       1,     167,     153,      24,       1,       3,       1,     10.0000,      1.3893,     42.4332,    245.6416,     61.8185,      3.4953,      0.0000,     -0.0320,      3.0027,      0.1575,      5.5179,     11.0358,      1.3917,     28.5156,     57.0312,      0.0190,      0.0024,      0.0156,      0.2001,   7611.9834,-421432.9375,   -927.3674,    544.4883,  25373.2793,
       1,     167,     154,       1,       1,       3,       1,     10.0000,      1.3894,     42.4336,    245.6475,     61.8200,      3.4953,      0.0000,     -0.0320,      2.4008,      0.1567,      5.5191,     11.0381,      1.3848,     28.4983,     56.9966,      0.0190,      0.0019,      0.0156,      0.2001,   7611.9839,-421125.9375,   -927.5820,    544.5223,  25374.4297,
       1,     167,     154,       2,       1,       3,       1,     10.0000,      1.3894,     42.4336,    245.6475,     61.8200,      3.4953,      0.0000,     -0.0320,      1.8903,      0.1567,      5.5191,     11.0381,      1.3848,     28.4983,     56.9966,      0.0190,      0.0015,      0.0156,      0.2001,   7612.3291,-420181.4375,   -927.1006,    544.5865,  25374.4277,
       1,     167,     154,       3,       1,       3,       1,     10.0000,      1.3894,     42.4336,    245.6475,     61.8200,      3.4953,      0.0000,     -0.0319,      1.3767,      0.1562,      5.5191,     11.0381,      1.3806,     28.4983,     56.9966,      0.0190,      0.0011,      0.0156,      0.2001,   7612.3286,-419452.5938,   -926.9474,    544.6362,  25374.4316,
       1,     167,     154,       4,       1,       3,       1,     10.0000,      1.3894,     42.4336,    245.6475,     61.8200,      3.4953,      0.0000,     -0.0319,      1.2126,      0.1538,      5.5191,     11.0381,      1.3586,     28.4983,     56.9966,      0.0190,      0.0010,      0.0156,      0.2001,   7612.3296,-418737.8750,   -926.7993,    544.6849,  25374.4316,
       1,     167,     154,       5,       1,       3,       1,     10.0000,      1.3894,     42.4336,    245.6475,     61.8200,      3.4953,      0.0000,     -0.0311,      0.9152,      0.1332,      5.5191,     11.0381,      1.1772,     28.4983,     56.9966,      0.0190,      0.0007,      0.0156,      0.2001,   7612.3296,-418468.0625,   -910.3632,    544.7032,  25374.4316,
       1,     167,     154,       6,       1,       3,       1,     10.0000,      1.3894,     42.4336,    245.6475,     61.8200,      3.4953,      0.0000,     -0.0310,      0.7875,      0.1308,      5.5191,     11.0381,      1.1559,     28.4983,     56.9966,      0.0190,      0.0006,      0.0156,      0.2001,   7612.3296,-418067.5938,   -910.3833,    544.7305,  25374.4316,
       1,     167,     154,       7,       1,       3,       1,     10.0000,      1.3894,     42.4336,    245.6475,     61.8200,      3.4953,      0.0000,     -0.0310,      0.7436,      0.1313,      5.5191,     11.0381,      1.1606,     28.4983,     56.9966,      0.0190,      0.0006,      0.0156,      0.2001,   7612.3296,-417871.0000,   -910.3931,    544.7440,  25374.4316,
       1,     167,     154,       8,       1,       3,       1,     10.0000,      1.3894,     42.4336,    245.6475,     61.8200,      3.4953,      0.0124,     -0.0187,      0.6578,      0.1336,      5.5191,     11.0381,      1.1808,     28.4983,     56.9966,      0.0190,      0.0005,      0.0156,      0.2001,   7612.3296,-417798.2188,   -910.4318,    544.7488,  25374.4316,
       1,     167,     154,       9,       1,       3,       1,     10.0000,      1.3894,     42.4336,    245.6475,     61.8200,      3.4953,      0.1350,      0.1035,      6.4914,      0.1444,      5.5191,     11.0381,      1.2764,     28.4983,     56.9966,      0.0190,      0.0005,      0.1764,      0.2001,   7612.3296,-417683.2812,   -910.4945,    544.7567,  25374.4316,
       1,     167,     154,      10,       1,       3,       1,     10.0000,      1.3894,     42.4336,    245.6475,     61.8200,      3.4953,      0.1281,      0.0962,      5.2309,      0.1555,      5.5191,     11.0381,      1.3737,     28.4983,     56.9966,      0.0190,      0.0004,      0.1664,      0.2001,   7612.3296,-425071.7500,   -912.4003,    544.2535,  25374.4297,
       1,     167,     154,      11,       1,       3,       1,     10.0000,      1.3894,     42.4336,    245.6475,     61.8200,      3.4953,      0.1585,      0.1261,      6.7698,      0.1684,      5.5191,     11.0381,      1.4882,     28.4983,     56.9966,      0.0190,      0.0004,      0.2107,      0.2001,   7612.3291,-424111.9062,   -912.7626,    544.3191,  25374.4336,
       1,     167,     154,      12,       1,       3,       1,     10.0000,      1.3894,     42.4336,    245.6475,     61.8200,      3.4953,      0.1851,      0.1523,      7.5168,      0.1848,      5.5191,     11.0381,      1.6326,     28.4983,     56.9966,      0.0190,      0.0004,      0.2500,      0.2001,   7612.3306,-425980.1250,   -914.0047,    544.1920,  25374.4316,
       1,     167,     154,      13,       1,       3,       1,     10.0000,      1.3894,     42.4336,    245.6475,     61.8200,      3.4953,      0.1830,      0.1495,     12.5779,      0.2036,      5.5191,     11.0381,      1.7987,     28.4983,     56.9966,      0.0190,      0.0006,      0.2464,      0.2001,   7612.3296,-427089.3438,   -915.2235,    544.1166,  25374.4316,
       1,     167,     154,      14,       1,       3,       1,     10.0000,      1.3894,     42.4336,    245.6475,     61.8200,      3.4953,      0.1855,      0.1518,     13.8382,      0.2103,      5.5191,     11.0381,      1.8581,     28.4983,     56.9966,      0.0190,      0.0007,      0.2500,      0.2001,   7612.3296,-433604.6250,   -917.5273,    543.6735,  25374.4316,
       1,     167,     154,      15,       1,       3,       1,     10.0000,      1.3894,     42.4336,    245.6475,     61.8200,      3.4953,      0.1856,      0.1519,     16.0657,      0.2134,      5.5191,     11.0381,      1.8857,     28.4983,     56.9966,      0.0190,      0.0008,      0.2500,      0.2001,   7612.3296,-435766.1562,   -919.3519,    543.5267,  25374.4336,
       1,     167,     154,      16,       1,       3,       1,     10.0000,      1.3894,     42.4336,    245.6475,     61.8200,      3.4953,      0.1046,      0.0710,     16.4996,      0.2092,      5.5191,     11.0381,      1.8490,     28.4983,     56.9966,      0.0190,      0.0016,      0.1298,      0.2001,   7612.3306,-438777.9375,   -921.2874,    543.3221,  25374.4336,
       1,     167,     154,      17,       1,       3,       1,     10.0000,      1.3894,     42.4336,    245.6475,     61.8200,      3.4953,      0.0802,      0.0468,     17.5124,      0.2024,      5.5191,     11.0381,      1.7881,     28.4983,     56.9966,      0.0190,      0.0023,      0.0937,      0.2001,   7612.3306,-439588.2812,   -921.8129,    543.2671,  25374.4297,
       1,     167,     154,      18,       1,       3,       1,     10.0000,      1.3894,     42.4336,    245.6475,     61.8200,      3.4953,      0.0907,      0.0576,     31.6511,      0.1949,      5.5191,     11.0381,      1.7223,     28.4983,     56.9966,      0.0190,      0.0036,      0.1078,      0.2001,   7612.3291,-440943.5000,   -922.4411,    543.1750,  25374.4316,
       1,     167,     154,      19,       1,       3,       1,     10.0000,      1.3894,     42.4336,    245.6475,     61.8200,      3.4953,      0.0350,      0.0022,      8.5446,      0.1833,      5.5191,     11.0381,      1.6197,     28.4983,     56.9966,      0.0190,      0.0037,      0.0284,      0.2001,   7612.3296,-458997.8438,   -926.2849,    541.9493,  25374.4316,
       1,     167,     154,      20,       1,       3,       1,     10.0000,      1.3894,     42.4336,    245.6475,     61.8200,      3.4953,      0.0033,     -0.0292,      4.7615,      0.1735,      5.5191,     11.0381,      1.5334,     28.4983,     56.9966,      0.0190,      0.0038,      0.0156,      0.2001,   7612.3296,-431235.5000,   -921.6172,    543.8314,  25374.4316,
       1,     167,     154,      21,       1,       3,       1,     10.0000,      1.3894,     42.4336,    245.6475,     61.8200,      3.4953,      0.0000,     -0.0323,      4.6581,      0.1661,      5.5191,     11.0381,      1.4676,     28.4983,     56.9966,      0.0190,      0.0037,      0.0156,      0.2001,   7612.3296,-424051.5625,   -920.6055,    544.3229,  25374.4316,
       1,     167,     154,      22,       1,       3,       1,     10.0000,      1.3894,     42.4336,    245.6475,     61.8200,      3.4953,      0.0000,     -0.0322,      4.2348,      0.1641,      5.5191,     11.0381,      1.4501,     28.4983,     56.9966,      0.0190,      0.0034,      0.0156,      0.2001,   7612.3296,-423297.1250,   -920.6891,    544.3746,  25374.4336,
       1,     167,     154,      23,       1,       3,       1,     10.0000,      1.3894,     42.4336,    245.6475,     61.8200,      3.4953,      0.0000,     -0.0321,      3.7758,      0.1607,      5.5191,     11.0381,      1.4199,     28.4983,     56.9966,      0.0190,      0.0030,      0.0156,      0.2001,   7612.3306,-422694.4062,   -920.7634,    544.4156,  25374.4316,
       1,     167,     154,      24,       1,       3,       1,     10.0000,      1.3894,     42.4336,    245.6475,     61.8200,      3.4953,      0.0000,     -0.0319,      3.3402,      0.1551,      5.5191,     11.0381,      1.3710,     28.4983,     56.9966,      0.0190,      0.0027,      0.0156,      0.2001,   7612.3296,-422060.5938,   -920.8328,    544.4587,  25374.4316,
       1,     167,     155,       1,       1,       3,       1,     10.0000,      1.3894,     42.4339,    245.6534,     61.8215,      3.4953,      0.0000,     -0.0317,      2.4707,      0.1495,      5.5182,     11.0364,      1.3209,     28.4955,     56.9910,      0.0190,      0.0020,      0.0156,      0.2001,   7612.3296,-421610.4688,   -921.1517,    544.5024,  25375.5820,
       1,     167,     155,       2,       1,       3,       1,     10.0000,      1.3894,     42.4339,    245.6534,     61.8215,      3.4953,      0.0000,     -0.0317,      1.8790,      0.1507,      5.5182,     11.0364,      1.3316,     28.4955,     56.9910,      0.0190,      0.0015,      0.0156,      0.2001,   7612.6748,-420314.1250,   -920.7341,    544.5907,  25375.5820,
       1,     167,     155,       3,       1,       3,       1,     10.0000,      1.3894,     42.4339,    245.6534,     61.8215,      3.4953,      0.0000,     -0.0317,      1.5696,      0.1498,      5.5182,     11.0364,      1.3236,     28.4955,     56.9910,      0.0190,      0.0012,      0.0156,      0.2001,   7612.6748,-419451.8125,   -920.6179,    544.6494,  25375.5820,
       1,     167,     155,       4,       1,       3,       1,     10.0000,      1.3894,     42.4339,    245.6534,     61.8215,      3.4953,      0.0000,     -0.0317,      1.2457,      0.1487,      5.5182,     11.0364,      1.3143,     28.4955,     56.9910,      0.0190,      0.0010,      0.0156,      0.2001,   7612.6748,-418985.0312,   -920.5647,    544.6812,  25375.5820,
       1,     167,     155,       5,       1,       3,       1,     10.0000,      1.3894,     42.4339,    245.6534,     61.8215,      3.4953,      0.0000,     -0.0316,      0.8986,      0.1472,      5.5182,     11.0364,      1.3011,     28.4955,     56.9910,      0.0190,      0.0007,      0.0156,      0.2001,   7612.6748,-418533.9688,   -920.5040,    544.7119,  25375.5820,
       1,     167,     155,       6,       1,       3,       1,     10.0000,      1.3894,     42.4339,    245.6534,     61.8215,      3.4953,      0.0000,     -0.0317,      0.8964,      0.1495,      5.5182,     11.0364,      1.3209,     28.4955,     56.9910,      0.0190,      0.0007,      0.0156,      0.2001,   7612.6748,-418054.7812,   -920.4377,    544.7445,  25375.5820,
       1,     167,     155,       7,       1,       3,       1,     10.0000,      1.3894,     42.4339,    245.6534,     61.8215,      3.4953,      0.0000,     -0.0316,      0.7358,      0.1453,      5.5182,     11.0364,      1.2842,     28.4955,     56.9910,      0.0190,      0.0006,      0.0156,      0.2001,   7612.6748,-418010.8438,   -920.4490,    544.7476,  25375.5820,
       1,     167,     155,       8,       1,       3,       1,     10.0000,      1.3894,     42.4339,    245.6534,     61.8215,      3.4953,      0.0202,     -0.0112,      0.3305,      0.1393,      5.5182,     11.0364,      1.2309,     28.4955,     56.9910,      0.0190,      0.0004,      0.0093,      0.2001,   7612.6748,-417803.1875,   -920.4321,    544.7617,  25375.5820,
       1,     167,     155,       9,       1,       3,       1,     10.0000,      1.3894,     42.4339,    245.6534,     61.8215,      3.4953,      0.0862,      0.0545,      3.0039,      0.1487,      5.5182,     11.0364,      1.3143,     28.4955,     56.9910,      0.0190,      0.0004,      0.1053,      0.2001,   7612.6748,-417271.3438,   -920.3738,    544.7979,  25375.5820,
       1,     167,     155,      10,       1,       3,       1,     10.0000,      1.3894,     42.4339,    245.6534,     61.8215,      3.4953,      0.1640,      0.1315,      6.5197,      0.1705,      5.5182,     11.0364,      1.5062,     28.4955,     56.9910,      0.0190,      0.0004,      0.2188,      0.2001,   7612.6748,-420615.5625,   -921.1032,    544.5701,  25375.5801,
       1,     167,     155,      11,       1,       3,       1,     10.0000,      1.3894,     42.4339,    245.6534,     61.8215,      3.4953,      0.1851,      0.1520,      7.9196,      0.1934,      5.5182,     11.0364,      1.7087,     28.4955,     56.9910,      0.0190,      0.0004,      0.2500,      0.2001,   7612.6743,-425363.4062,   -922.3054,    544.2470,  25375.5820,
       1,     167,     155,      12,       1,       3,       1,     10.0000,      1.3894,     42.4339,    245.6534,     61.8215,      3.4953,      0.1851,      0.1514,      8.7654,      0.2124,      5.5182,     11.0364,      1.8765,     28.4955,     56.9910,      0.0190,      0.0004,      0.2500,      0.2001,   7612.6748,-427548.6562,   -923.3054,    544.0984,  25375.5820,
       1,     167,     155,      13,       1,       3,       1,     10.0000,      1.3894,     42.4339,    245.6534,     61.8215,      3.4953,      0.1851,      0.1508,     10.2607,      0.2322,      5.5182,     11.0364,      2.0516,     28.4955,     56.9910,      0.0190,      0.0005,      0.2500,      0.2001,   7612.6748,-428809.7812,   -924.1390,    544.0127,  25375.5820,
       1,     167,     155,      14,       1,       3,       1,     10.0000,      1.3894,     42.4339,    245.6534,     61.8215,      3.4953,      0.1855,      0.1513,     15.4728,      0.2288,      5.5182,     11.0364,      2.0217,     28.4955,     56.9910,      0.0190,      0.0008,      0.2500,      0.2001,   7612.6748,-430815.2188,   -925.0923,    543.8763,  25375.5820,
       1,     167,     155,      15,       1,       3,       1,     10.0000,      1.3894,     42.4339,    245.6534,     61.8215,      3.4953,      0.1870,      0.1525,     35.7718,      0.2428,      5.5182,     11.0364,      2.1457,     28.4955,     56.9910,      0.0190,      0.0018,      0.2500,      0.2001,   7612.6748,-437598.9688,   -926.7291,    543.4151,  25375.5820,
       1,     167,     155,      16,       1,       3,       1,     10.0000,      1.3894,     42.4339,    245.6534,     61.8215,      3.4953,      0.1895,      0.1568,     61.7284,      0.1779,      5.5182,     11.0364,      1.5721,     28.4955,     56.9910,      0.0190,      0.0031,      0.2500,      0.2001,   7612.6748,-463933.4375,   -931.9839,    541.6265,  25375.5820,
       1,     167,     155,      17,       1,       3,       1,     10.0000,      1.3894,     42.4339,    245.6534,     61.8215,      3.4953,      0.1903,      0.1586,     81.3036,      0.1519,      5.5182,     11.0364,      1.3424,     28.4955,     56.9910,      0.0190,      0.0041,      0.2487,      0.2001,   7612.6748,-499150.3125,   -926.2165,    539.2452,  25375.5801,
       1,     167,     155,      18,       1,       3,       1,     10.0000,      1.3894,     42.4339,    245.6534,     61.8215,      3.4953,      0.1373,      0.1055,     66.5012,      0.1499,      5.5182,     11.0364,      1.3249,     28.4955,     56.9910,      0.0190,      0.0048,      0.1727,      0.2001,   7612.6743,-527048.2500,   -931.9686,    537.3699,  25375.5820,
       1,     167,     155,      19,       1,       3,       1,     10.0000,      1.3894,     42.4339,    245.6534,     61.8215,      3.4953,      0.1241,      0.0930,     52.1929,      0.1330,      5.5182,     11.0364,      1.1749,     28.4955,     56.9910,      0.0190,      0.0042,      0.1551,      0.2000,   7612.6748,-510648.0625,   -928.1633,    538.4747,  25375.4473,
       1,     167,     155,      20,       1,       3,       1,     10.0000,      1.3894,     42.4339,    245.6534,     61.8215,      3.4953,      0.0303,     -0.0008,      9.3428,      0.1315,      5.5182,     11.0364,      1.1618,     28.4955,     56.9910,      0.0190,      0.0050,      0.0234,      0.2000,   7612.6343,-491084.4062,   -924.4744,    539.7928,  25375.4707,
       1,     167,     155,      21,       1,       3,       1,     10.0000,      1.3894,     42.4339,    245.6534,     61.8215,      3.4953,      0.0000,     -0.0309,      2.4782,      0.1282,      5.5182,     11.0364,      1.1327,     28.4955,     56.9910,      0.0190,      0.0020,      0.0156,      0.2001,   7612.6416,-435004.7188,   -914.1564,    543.5782,  25375.5801,
       1,     167,     155,      22,       1,       3,       1,     10.0000,      1.3894,     42.4339,    245.6534,     61.8215,      3.4953,      0.0000,     -0.0309,      0.3886,      0.1274,      5.5182,     11.0364,      1.1258,     28.4955,     56.9910,      0.0190,      0.0003,      0.0156,      0.2001,   7612.6743,-421495.3438,   -911.9782,    544.5095,  25375.5820,
       1,     167,     155,      23,       1,       3,       1,     10.0000,      1.3894,     42.4339,    245.6534,     61.8215,      3.4953,      0.0000,     -0.0310,      0.4430,      0.1315,      5.5182,     11.0364,      1.1618,     28.4955,     56.9910,      0.0190,      0.0004,      0.0156,      0.2001,   7612.6748,-417664.6562,   -911.3105,    544.7710,  25375.5820,
       1,     167,     155,      24,       1,       3,       1,     10.0000,      1.3894,     42.4339,    245.6534,     61.8215,      3.4953,      0.0000,     -0.0311,      0.3654,      0.1317,      5.5182,     11.0364,      1.1642,     28.4955,     56.9910,      0.0190,      0.0003,      0.0156,      0.2001,   7612.6748,-417402.1250,   -911.2794,    544.7890,  25375.5840,
       1,     167,     156,       1,       1,       3,       1,     10.0000,      1.3894,     42.4342,    245.6592,     61.8230,      3.4953,      0.0000,     -0.0312,      0.3837,      0.1346,      5.5176,     11.0352,      1.1893,     28.5024,     57.0048,      0.0190,      0.0003,      0.0156,      0.2002,   7612.6753,-417437.8750,   -910.3864,    544.7993,  25376.7305,
       1,     167,     156,       2,       1,       3,       1,     10.0000,      1.3894,     42.4342,    245.6592,     61.8230,      3.4953,      0.0000,     -0.0311,      0.3343,      0.1338,      5.5176,     11.0352,      1.1821,     28.5024,     57.0048,      0.0190,      0.0003,      0.0156,      0.2002,   7613.0195,-417310.4688,   -910.1185,    544.8080,  25376.7344,
       1,     167,     156,       3,       1,       3,       1,     10.0000,      1.3894,     42.4342,    245.6592,     61.8230,      3.4953,      0.0000,     -0.0311,      0.3178,      0.1323,      5.5176,     11.0352,      1.1690,     28.5024,     57.0048,      0.0190,      0.0003,      0.0156,      0.2002,   7613.0205,-417236.3125,   -910.1079,    544.8130,  25376.7324,
       1,     167,     156,       4,       1,       3,       1,     10.0000,      1.3894,     42.4342,    245.6592,     61.8230,      3.4953,      0.0000,     -0.0310,      0.3156,      0.1315,      5.5176,     11.0352,      1.1619,     28.5024,     57.0048,      0.0190,      0.0003,      0.0156,      0.2002,   7613.0200,-417209.3125,   -910.1048,    544.8149,  25376.7324,
       1,     167,     156,       5,       1,       3,       1,     10.0000,      1.3894,     42.4342,    245.6592,     61.8230,      3.4953,      0.0000,     -0.0309,      0.3072,      0.1275,      5.5176,     11.0352,      1.1270,     28.5024,     57.0048,      0.0190,      0.0002,      0.0156,      0.2002,   7613.0200,-417204.1250,   -910.1056,    544.8152,  25376.7324,
       1,     167,     156,       6,       1,       3,       1,     10.0000,      1.3894,     42.4342,    245.6592,     61.8230,      3.4953,      0.0000,     -0.0308,      0.3976,      0.1250,      5.5176,     11.0352,      1.1043,     28.5024,     57.0048,      0.0190,      0.0003,      0.0156,      0.2002,   7613.0200,-417193.0625,   -910.1053,    544.8160,  25376.7305,
       1,     167,     156,       7,       1,       3,       1,     10.0000,      1.3894,     42.4342,    245.6592,     61.8230,      3.4953,      0.0000,     -0.0309,      0.4355,      0.1292,      5.5176,     11.0352,      1.1420,     28.5024,     57.0048,      0.0190,      0.0003,      0.0156,      0.2002,   7613.0195,-417306.9062,   -910.1391,    544.8083,  25376.7344,
       1,     167,     156,       8,       1,       3,       1,     10.0000,      1.3894,     42.4342,    245.6592,     61.8230,      3.4953,      0.0294,     -0.0015,      0.5972,      0.1277,      5.5176,     11.0352,      1.1281,     28.5024,     57.0048,      0.0190,      0.0003,      0.0233,      0.2002,   7613.0205,-417364.3438,   -910.1566,    544.8044,  25376.7324,
       1,     167,     156,       9,       1,       3,       1,     10.0000,      1.3894,     42.4342,    245.6592,     61.8230,      3.4953,      0.1288,      0.0976,      3.7984,      0.1361,      5.5176,     11.0352,      1.2026,     28.5024,     57.0048,      0.0190,      0.0003,      0.1677,      0.2002,   7613.0200,-417574.5938,   -910.2866,    544.7900,  25376.7344,
       1,     167,     156,      10,       1,       3,       1,     10.0000,      1.3894,     42.4342,    245.6592,     61.8230,      3.4953,      0.1730,      0.1409,      7.1112,      0.1602,      5.5176,     11.0352,      1.4157,     28.5024,     57.0048,      0.0190,      0.0004,      0.2319,      0.2002,   7613.0205,-421651.4688,   -911.4805,    544.5124,  25376.7324,
       1,     167,     156,      11,       1,       3,       1,     10.0000,      1.3894,     42.4342,    245.6592,     61.8230,      3.4953,      0.1859,      0.1531,     16.0533,      0.1809,      5.5176,     11.0352,      1.5990,     28.5024,     57.0048,      0.0190,      0.0008,      0.2500,      0.2002,   7613.0200,-426204.5938,   -913.4857,    544.2025,  25376.7324,
       1,     167,     156,      12,       1,       3,       1,     10.0000,      1.3894,     42.4342,    245.6592,     61.8230,      3.4953,      0.1854,      0.1531,      9.4302,      0.1674,      5.5176,     11.0352,      1.4794,     28.5024,     57.0048,      0.0190,      0.0005,      0.2500,      0.2002,   7613.0200,-437937.3438,   -917.4426,    543.4045,  25376.7305,
       1,     167,     156,      13,       1,       3,       1,     10.0000,      1.3894,     42.4342,    245.6592,     61.8230,      3.4953,      0.1856,      0.1555,      5.0706,      0.1076,      5.5176,     11.0352,      0.9510,     28.5024,     57.0048,      0.0190,      0.0003,      0.2500,      0.2001,   7613.0195,-430551.0625,   -914.3416,    543.9068,  25376.7324,
       1,     167,     156,      14,       1,       3,       1,     10.0000,      1.3894,     42.4342,    245.6592,     61.8230,      3.4953,      0.1856,      0.1557,      5.7233,      0.1041,      5.5176,     11.0352,      0.9202,     28.5024,     57.0048,      0.0190,      0.0003,      0.2500,      0.2001,   7613.0200,-424385.1250,   -912.7286,    544.3263,  25376.7324,
       1,     167,     156,      15,       1,       3,       1,     10.0000,      1.3894,     42.4342,    245.6592,     61.8230,      3.4953,      0.1868,      0.1567,     20.4988,      0.1080,      5.5176,     11.0352,      0.9540,     28.5024,     57.0048,      0.0190,      0.0010,      0.2500,      0.2002,   7613.0200,-424680.8750,   -913.1212,    544.3063,  25376.7324,
       1,     167,     156,      16,       1,       3,       1,     10.0000,      1.3894,     42.4342,    245.6592,     61.8230,      3.4953,      0.1885,      0.1582,     42.0012,      0.1131,      5.5176,     11.0352,      0.9991,     28.5024,     57.0048,      0.0190,      0.0021,      0.2500,      0.2002,   7613.0200,-443442.6562,   -916.2906,    543.0298,  25376.7324,
       1,     167,     156,      17,       1,       3,       1,     10.0000,      1.3894,     42.4342,    245.6592,     61.8230,      3.4953,      0.1878,      0.1573,     34.0163,      0.1186,      5.5176,     11.0352,      1.0483,     28.5024,     57.0048,      0.0190,      0.0017,      0.2500,      0.2001,   7613.0200,-472339.9375,   -923.6133,    541.0698,  25376.7324,
       1,     167,     156,      18,       1,       3,       1,     10.0000,      1.3894,     42.4342,    245.6592,     61.8230,      3.4953,      0.1744,      0.1436,      8.8874,      0.1252,      5.5176,     11.0352,      1.1065,     28.5024,     57.0048,      0.0190,      0.0005,      0.2336,      0.2001,   7613.0200,-464705.9062,   -923.5866,    541.5897,  25376.7344,
       1,     167,     156,      19,       1,       3,       1,     10.0000,      1.3894,     42.4342,    245.6592,     61.8230,      3.4953,      0.1022,      0.0713,      3.3166,      0.1275,      5.5176,     11.0352,      1.1270,     28.5024,     57.0048,      0.0190,      0.0003,      0.1290,      0.2001,   7613.0205,-432160.2812,   -918.8018,    543.7932,  25376.7324,
       1,     167,     156,      20,       1,       3,       1,     10.0000,      1.3894,     42.4342,    245.6592,     61.8230,      3.4953,      0.0248,     -0.0058,      0.4717,      0.1216,      5.5176,     11.0352,      1.0743,     28.5024,     57.0048,      0.0190,      0.0003,      0.0170,      0.2001,   7613.0200,-422304.5312,   -917.3395,    544.4676,  25376.7324,
       1,     167,     156,      21,       1,       3,       1,     10.0000,      1.3894,     42.4342,    245.6592,     61.8230,      3.4953,      0.0000,     -0.0302,      0.5123,      0.1103,      5.5176,     11.0352,      0.9748,     28.5024,     57.0048,      0.0190,      0.0004,      0.0156,      0.2002,   7613.0200,-417842.3125,   -916.6104,    544.7717,  25376.7324,
       1,     167,     156,      22,       1,       3,       1,     10.0000,      1.3894,     42.4342,    245.6592,     61.8230,      3.4953,      0.0000,     -0.0302,      0.5797,      0.1101,      5.5176,     11.0352,      0.9728,     28.5024,     57.0048,      0.0190,      0.0005,      0.0156,      0.2002,   7613.0200,-417508.3750,   -916.5742,    544.7946,  25376.7324,
       1,     167,     156,      23,       1,       3,       1,     10.0000,      1.3894,     42.4342,    245.6592,     61.8230,      3.4953,      0.0000,     -0.0303,      1.0712,      0.1139,      5.5176,     11.0352,      1.0063,     28.5024,     57.0048,      0.0190,      0.0009,      0.0156,      0.2002,   7613.0200,-417564.8750,   -916.6058,    544.7907,  25376.7324,
       1,     167,     156,      24,       1,       3,       1,     10.0000,      1.3894,     42.4342,    245.6592,     61.8230,      3.4953,      0.0000,     -0.0302,      1.0011,      0.1101,      5.5176,     11.0352,      0.9728,     28.5024,     57.0048,      0.0190,      0.0008,      0.0156,      0.2002,   7613.0200,-418192.9375,   -916.7849,    544.7479,  25376.7324,
       1,     167,     157,       1,       1,       3,       1,     10.0000,      1.3894,     42.4346,    245.6651,     61.8244,      3.4953,      0.0000,     -0.0300,      0.6474,      0.1063,      5.5175,     11.0349,      0.9394,     28.5117,     57.0234,      0.0190,      0.0005,      0.0156,      0.2002,   7613.0200,-418315.4062,   -917.1441,    544.7524,  25377.8828,
       1,     167,     157,       2,       1,       3,       1,     10.0000,      1.3894,     42.4346,    245.6651,     61.8244,      3.4953,      0.0000,     -0.0301,      0.3781,      0.1072,      5.5175,     11.0349,      0.9471,     28.5117,     57.0234,      0.0190,      0.0003,      0.0156,      0.2002,   7613.3652,-417723.3125,   -916.8109,    544.7928,  25377.8809,
       1,     167,     157,       3,       1,       3,       1,     10.0000,      1.3894,     42.4346,    245.6651,     61.8244,      3.4953,      0.0000,     -0.0301,      0.4993,      0.1076,      5.5175,     11.0349,      0.9510,     28.5117,     57.0234,      0.0190,      0.0004,      0.0156,      0.2002,   7613.3647,-417330.8750,   -916.7542,    544.8195,  25377.8809,
       1,     167,     157,       4,       1,       3,       1,     10.0000,      1.3894,     42.4346,    245.6651,     61.8244,      3.4953,      0.0000,     -0.0301,      0.3697,      0.1073,      5.5175,     11.0349,      0.9481,     28.5117,     57.0234,      0.0190,      0.0003,      0.0156,      0.2002,   7613.3647,-417450.6562,   -916.7886,    544.8114,  25377.8828,
       1,     167,     157,       5,       1,       3,       1,     10.0000,      1.3894,     42.4346,    245.6651,     61.8244,      3.4953,      0.0000,     -0.0301,      0.3793,      0.1089,      5.5175,     11.0349,      0.9619,     28.5117,     57.0234,      0.0190,      0.0003,      0.0156,      0.2002,   7613.3652,-417296.5938,   -916.7694,    544.8219,  25377.8828,
       1,     167,     157,       6,       1,       3,       1,     10.0000,      1.3894,     42.4346,    245.6651,     61.8244,      3.4953,      0.0000,     -0.0301,      0.3808,      0.1093,      5.5175,     11.0349,      0.9658,     28.5117,     57.0234,      0.0190,      0.0003,      0.0156,      0.2002,   7613.3652,-417295.3438,   -916.7763,    544.8220,  25377.8848,
       1,     167,     157,       7,       1,       3,       1,     10.0000,      1.3894,     42.4346,    245.6651,     61.8244,      3.4953,      0.0001,     -0.0302,      0.3269,      0.1111,      5.5175,     11.0349,      0.9818,     28.5117,     57.0234,      0.0190,      0.0003,      0.0156,      0.2002,   7613.3657,-417296.9375,   -916.7892,    544.8218,  25377.8848,
       1,     167,     157,       8,       1,       3,       1,     10.0000,      1.3894,     42.4346,    245.6651,     61.8244,      3.4953,      0.0340,      0.0039,      0.5556,      0.1087,      5.5175,     11.0349,      0.9609,     28.5117,     57.0234,      0.0190,      0.0002,      0.0309,      0.2002,   7613.3657,-417228.8750,   -916.7842,    544.8265,  25377.8848,
       1,     167,     157,       9,       1,       3,       1,     10.0000,      1.3894,     42.4346,    245.6651,     61.8244,      3.4953,      0.1452,      0.1149,      5.6150,      0.1128,      5.5175,     11.0349,      0.9970,     28.5117,     57.0234,      0.0190,      0.0004,      0.1915,      0.2002,   7613.3657,-417512.8750,   -916.9126,    544.8071,  25377.8828,
       1,     167,     157,      10,       1,       3,       1,     10.0000,      1.3894,     42.4346,    245.6651,     61.8244,      3.4953,      0.1795,      0.1490,      5.7014,      0.1180,      5.5175,     11.0349,      1.0430,     28.5117,     57.0234,      0.0190,      0.0003,      0.2413,      0.2002,   7613.3652,-423951.9062,   -918.4182,    544.3686,  25377.8809,
       1,     167,     157,      11,       1,       3,       1,     10.0000,      1.3894,     42.4346,    245.6651,     61.8244,      3.4953,      0.1853,      0.1539,      5.4978,      0.1414,      5.5175,     11.0349,      1.2497,     28.5117,     57.0234,      0.0190,      0.0003,      0.2500,      0.2002,   7613.3647,-424617.9688,   -919.0675,    544.3235,  25377.8848,
       1,     167,     157,      12,       1,       3,       1,     10.0000,      1.3894,     42.4346,    245.6651,     61.8244,      3.4953,      0.1852,      0.1528,      6.8250,      0.1708,      5.5175,     11.0349,      1.5093,     28.5117,     57.0234,      0.0190,      0.0003,      0.2500,      0.2002,   7613.3657,-424416.7500,   -919.7190,    544.3372,  25377.8848,
       1,     167,     157,      13,       1,       3,       1,     10.0000,      1.3894,     42.4346,    245.6651,     61.8244,      3.4953,      0.1851,      0.1522,      7.5464,      0.1864,      5.5175,     11.0349,      1.6473,     28.5117,     57.0234,      0.0190,      0.0004,      0.2500,      0.2002,   7613.3657,-426082.0938,   -921.3783,    544.2239,  25377.8828,
       1,     167,     157,      14,       1,       3,       1,     10.0000,      1.3894,     42.4346,    245.6651,     61.8244,      3.4953,      0.1851,      0.1516,      8.4924,      0.2066,      5.5175,     11.0349,      1.8256,     28.5117,     57.0234,      0.0190,      0.0004,      0.2500,      0.2002,   7613.3652,-427140.8125,   -922.4529,    544.1519,  25377.8848,
       1,     167,     157,      15,       1,       3,       1,     10.0000,      1.3894,     42.4346,    245.6651,     61.8244,      3.4953,      0.1838,      0.1496,     10.3655,      0.2304,      5.5175,     11.0349,      2.0357,     28.5117,     57.0234,      0.0190,      0.0005,      0.2481,      0.2002,   7613.3657,-428431.4062,   -923.3963,    544.0641,  25377.8828,
       1,     167,     157,      16,       1,       3,       1,     10.0000,      1.3894,     42.4346,    245.6651,     61.8244,      3.4953,      0.1778,      0.1427,     41.9273,      0.2645,      5.5175,     11.0349,      2.3373,     28.5117,     57.0234,      0.0190,      0.0022,      0.2357,      0.2002,   7613.3652,-430918.0000,   -924.3560,    543.8950,  25377.8848,
       1,     167,     157,      17,       1,       3,       1,     10.0000,      1.3894,     42.4346,    245.6651,     61.8244,      3.4953,      0.1766,      0.1420,     83.2930,      0.2457,      5.5175,     11.0349,      2.1711,     28.5117,     57.0234,      0.0190,      0.0045,      0.2290,      0.2002,   7613.3657,-471154.1875,   -932.4062,    541.1595,  25377.8828,
       1,     167,     157,      18,       1,       3,       1,     10.0000,      1.3894,     42.4346,    245.6651,     61.8244,      3.4953,      0.1271,      0.0934,     66.8529,      0.2120,      5.5175,     11.0349,      1.8729,     28.5117,     57.0234,      0.0190,      0.0053,      0.1573,      0.2001,   7613.3652,-527128.0000,   -943.5313,    537.3799,  25377.8828,
       1,     167,     157,      19,       1,       3,       1,     10.0000,      1.3894,     42.4346,    245.6651,     61.8244,      3.4953,      0.0913,      0.0581,     50.0423,      0.1980,      5.5175,     11.0349,      1.7498,     28.5117,     57.0234,      0.0190,      0.0058,      0.1064,      0.2001,   7613.3652,-511098.2188,   -941.0858,    538.4699,  25377.8828,
       1,     167,     157,      20,       1,       3,       1,     10.0000,      1.3894,     42.4346,    245.6651,     61.8244,      3.4953,      0.0161,     -0.0167,      0.8000,      0.1806,      5.5175,     11.0349,      1.5958,     28.5117,     57.0234,      0.0190,      0.0066,      0.0015,      0.2001,   7613.3652,-488364.8125,   -937.2553,    540.0012,  25377.8809,
       1,     167,     157,      21,       1,       3,       1,     10.0000,      1.3894,     42.4346,    245.6651,     61.8244,      3.4953,      0.0001,     -0.0322,     11.3408,      0.1639,      5.5175,     11.0349,      1.4487,     28.5117,     57.0234,      0.0190,      0.0090,      0.0156,      0.2001,   7613.3647,-423920.5938,   -925.3098,    544.3534,  25377.8828,
       1,     167,     157,      22,       1,       3,       1,     10.0000,      1.3894,     42.4346,    245.6651,     61.8244,      3.4953,      0.0000,     -0.0318,      8.4819,      0.1512,      5.5175,     11.0349,      1.3357,     28.5117,     57.0234,      0.0190,      0.0067,      0.0156,      0.2002,   7613.3652,-431787.4062,   -926.9015,    543.8357,  25377.8828,
       1,     167,     157,      23,       1,       3,       1,     10.0000,      1.3894,     42.4346,    245.6651,     61.8244,      3.4953,      0.0000,     -0.0316,      7.0652,      0.1475,      5.5175,     11.0349,      1.3038,     28.5117,     57.0234,      0.0190,      0.0056,      0.0156,      0.2002,   7613.3652,-428819.4688,   -926.4156,    544.0377,  25377.8828,
       1,     167,     157,      24,       1,       3,       1,     10.0000,      1.3894,     42.4346,    245.6651,     61.8244,      3.4953,      0.0000,     -0.0313,      7.0183,      0.1390,      5.5175,     11.0349,      1.2285,     28.5117,     57.0234,      0.0190,      0.0056,      0.0156,      0.2002,   7613.3652,-426766.7500,   -926.0835,    544.1773,  25377.8828,
       1,     167,     158,       1,       1,       3,       1,     10.0000,      1.3894,     42.4349,    245.6710,     61.8259,      3.4953,      0.0000,     -0.0312,      5.1394,      0.1360,      5.5177,     11.0354,      1.2014,     28.5189,     57.0378,      0.0190,      0.0041,      0.0156,      0.2002,   7613.3652,-426686.7188,   -926.3945,    544.1958,  25379.0352,
       1,     167,     158,       2,       1,       3,       1,     10.0000,      1.3894,     42.4349,    245.6710,     61.8259,      3.4953,      0.0000,     -0.0311,      3.9123,      0.1336,      5.5177,     11.0354,      1.1809,     28.5189,     57.0378,      0.0190,      0.0031,      0.0156,      0.2002,   7613.7109,-424142.9375,   -925.6736,    544.3688,  25379.0352,
       1,     167,     158,       3,       1,       3,       1,     10.0000,      1.3894,     42.4349,    245.6710,     61.8259,      3.4953,      0.0000,     -0.0309,      2.4059,      0.1270,      5.5177,     11.0354,      1.1225,     28.5189,     57.0378,      0.0190,      0.0019,      0.0156,      0.2002,   7613.7109,-422367.9688,   -925.3604,    544.4896,  25379.0332,
       1,     167,     158,       4,       1,       3,       1,     10.0000,      1.3894,     42.4349,    245.6710,     61.8259,      3.4953,      0.0000,     -0.0309,      1.8014,      0.1278,      5.5177,     11.0354,      1.1293,     28.5189,     57.0378,      0.0190,      0.0014,      0.0156,      0.2002,   7613.7104,-420305.2812,   -924.9846,    544.6299,  25379.0352,
       1,     167,     158,       5,       1,       3,       1,     10.0000,      1.3894,     42.4349,    245.6710,     61.8259,      3.4953,      0.0000,     -0.0310,      0.8820,      0.1288,      5.5177,     11.0354,      1.1386,     28.5189,     57.0378,      0.0190,      0.0007,      0.0156,      0.2002,   7613.7109,-419360.7812,   -924.8148,    544.6943,  25379.0352,
       1,     167,     158,       6,       1,       3,       1,     10.0000,      1.3894,     42.4349,    245.6710,     61.8259,      3.4953,      0.0000,     -0.0309,      0.5377,      0.1281,      5.5177,     11.0354,      1.1316,     28.5189,     57.0378,      0.0190,      0.0004,      0.0156,      0.2002,   7613.7109,-418113.7500,   -924.5842,    544.7792,  25379.0352,
       1,     167,     158,       7,       1,       3,       1,     10.0000,      1.3894,     42.4349,    245.6710,     61.8259,      3.4953,      0.0000,     -0.0308,      0.3838,      0.1266,      5.5177,     11.0354,      1.1190,     28.5189,     57.0378,      0.0190,      0.0003,      0.0156,      0.2002,   7613.7109,-417569.7500,   -924.4843,    544.8163,  25379.0352,
       1,     167,     158,       8,       1,       3,       1,     10.0000,      1.3894,     42.4349,    245.6710,     61.8259,      3.4953,      0.0207,     -0.0101,      0.2323,      0.1250,      5.5177,     11.0354,      1.1043,     28.5189,     57.0378,      0.0190,      0.0003,      0.0108,      0.2002,   7613.7109,-417327.6250,   -924.4404,    544.8328,  25379.0332,
       1,     167,     158,       9,       1,       3,       1,     10.0000,      1.3894,     42.4349,    245.6710,     61.8259,      3.4953,      0.0949,      0.0637,      2.6096,      0.1364,      5.5177,     11.0354,      1.2051,     28.5189,     57.0378,      0.0190,      0.0003,      0.1183,      0.2002,   7613.7104,-417114.7500,   -924.4013,    544.8472,  25379.0352,
       1,     167,     158,      10,       1,       3,       1,     10.0000,      1.3894,     42.4349,    245.6710,     61.8259,      3.4953,      0.1455,      0.1133,      5.0153,      0.1635,      5.5177,     11.0354,      1.4444,     28.5189,     57.0378,      0.0190,      0.0003,      0.1919,      0.2002,   7613.7109,-420109.8750,   -924.9750,    544.6432,  25379.0352,
       1,     167,     158,      11,       1,       3,       1,     10.0000,      1.3894,     42.4349,    245.6710,     61.8259,      3.4953,      0.1483,      0.1156,      5.7147,      0.1810,      5.5177,     11.0354,      1.5990,     28.5189,     57.0378,      0.0190,      0.0004,      0.1959,      0.2002,   7613.7109,-423418.1250,   -925.6094,    544.4180,  25379.0352,
       1,     167,     158,      12,       1,       3,       1,     10.0000,      1.3894,     42.4349,    245.6710,     61.8259,      3.4953,      0.1805,      0.1471,      8.1610,      0.2044,      5.5177,     11.0354,      1.8060,     28.5189,     57.0378,      0.0190,      0.0004,      0.2433,      0.2002,   7613.7109,-424590.5312,   -925.8408,    544.3383,  25379.0352,
       1,     167,     158,      13,       1,       3,       1,     10.0000,      1.3894,     42.4349,    245.6710,     61.8259,      3.4953,      0.1641,      0.1307,      7.2304,      0.2016,      5.5177,     11.0354,      1.7812,     28.5189,     57.0378,      0.0190,      0.0004,      0.2190,      0.2002,   7613.7109,-427793.0312,   -926.3967,    544.1204,  25379.0332,
       1,     167,     158,      14,       1,       3,       1,     10.0000,      1.3894,     42.4349,    245.6710,     61.8259,      3.4953,      0.0513,      0.0175,      2.1188,      0.2177,      5.5177,     11.0354,      1.9233,     28.5189,     57.0378,      0.0190,      0.0005,      0.0523,      0.2002,   7613.7104,-426889.6875,   -926.2016,    544.1819,  25379.0352,
       1,     167,     158,      15,       1,       3,       1,     10.0000,      1.3894,     42.4349,    245.6710,     61.8259,      3.4953,      0.0849,      0.0511,     15.0286,      0.2166,      5.5177,     11.0354,      1.9139,     28.5189,     57.0378,      0.0190,      0.0019,      0.1006,      0.2002,   7613.7109,-420331.0000,   -924.9609,    544.6281,  25379.0352,
       1,     167,     158,      16,       1,       3,       1,     10.0000,      1.3894,     42.4349,    245.6710,     61.8259,      3.4953,      0.1163,      0.0833,     31.1808,      0.1913,      5.5177,     11.0354,      1.6903,     28.5189,     57.0378,      0.0190,      0.0027,      0.1457,      0.2002,   7613.7109,-436131.2500,   -928.0022,    543.5526,  25379.0352,
       1,     167,     158,      17,       1,       3,       1,     10.0000,      1.3894,     42.4349,    245.6710,     61.8259,      3.4953,      0.1350,      0.1036,     46.9899,      0.1430,      5.5177,     11.0354,      1.2637,     28.5189,     57.0378,      0.0190,      0.0034,      0.1717,      0.2002,   7613.7109,-457978.1875,   -932.2584,    542.0693,  25379.0332,
       1,     167,     158,      18,       1,       3,       1,     10.0000,      1.3894,     42.4349,    245.6710,     61.8259,      3.4953,      0.1006,      0.0702,     32.5759,      0.1149,      5.5177,     11.0354,      1.0156,     28.5189,     57.0378,      0.0190,      0.0033,      0.1235,      0.2002,   7613.7104,-479918.2188,   -922.0956,    540.5847,  25378.9414,
       1,     167,     158,      19,       1,       3,       1,     10.0000,      1.3894,     42.4349,    245.6710,     61.8259,      3.4953,      0.0751,      0.0447,     26.8138,      0.1153,      5.5177,     11.0354,      1.0188,     28.5189,     57.0378,      0.0190,      0.0038,      0.0872,      0.2002,   7613.6826,-463533.0000,   -919.2479,    541.6939,  25379.0352,
       1,     167,     158,      20,       1,       3,       1,     10.0000,      1.3894,     42.4349,    245.6710,     61.8259,      3.4953,      0.0173,     -0.0131,      2.1510,      0.1149,      5.5177,     11.0354,      1.0156,     28.5189,     57.0378,      0.0190,      0.0044,      0.0061,      0.2002,   7613.7109,-454803.4688,   -917.6323,    542.2861,  25379.0371,
       1,     167,     158,      21,       1,       3,       1,     10.0000,      1.3894,     42.4349,    245.6710,     61.8259,      3.4953,      0.0001,     -0.0303,      3.6097,      0.1136,      5.5177,     11.0354,      1.0042,     28.5189,     57.0378,      0.0190,      0.0029,      0.0156,      0.2002,   7613.7114,-422770.2812,   -911.7550,    544.4579,  25379.0352,
       1,     167,     158,      22,       1,       3,       1,     10.0000,      1.3894,     42.4349,    245.6710,     61.8259,      3.4953,      0.0000,     -0.0303,      0.9238,      0.1130,      5.5177,     11.0354,      0.9981,     28.5189,     57.0378,      0.0190,      0.0007,      0.0156,      0.2002,   7613.7109,-421871.4375,   -911.2484,    544.5234,  25379.0371,
       1,     167,     158,      23,       1,       3,       1,     10.0000,      1.3894,     42.4349,    245.6710,     61.8259,      3.4953,      0.0000,     -0.0304,      0.2878,      0.1162,      5.5177,     11.0354,      1.0271,     28.5189,     57.0378,      0.0190,      0.0002,      0.0156,      0.2002,   7613.7114,-418382.9688,   -910.3634,    544.7608,  25379.0371,
       1,     167,     158,      24,       1,       3,       1,     10.0000,      1.3894,     42.4349,    245.6710,     61.8259,      3.4953,      0.0000,     -0.0305,      0.2793,      0.1182,      5.5177,     11.0354,      1.0441,     28.5189,     57.0378,      0.0190,      0.0002,      0.0156,      0.2002,   7613.7114,-417275.8438,   -910.1716,    544.8362,  25379.0352,
       1,     167,     159,       1,       1,       3,       1,     10.0000,      1.3895,     42.4353,    245.6768,     61.8274,      3.4953,      0.0000,     -0.0306,      0.2819,      0.1191,      5.5189,     11.0379,      1.0527,     28.5129,     57.0258,      0.0190,      0.0002,      0.0156,      0.2002,   7613.7109,-417327.7500,   -910.4434,    544.8458,  25380.1895,
       1,     167,     159,       2,       1,       3,       1,     10.0000,      1.3895,     42.4353,    245.6768,     61.8274,      3.4953,      0.0000,     -0.0305,      0.2793,      0.1182,      5.5189,     11.0379,      1.0441,     28.5129,     57.0258,      0.0190,      0.0002,      0.0156,      0.2002,   7614.0571,-417180.6250,   -910.1635,    544.8559,  25380.1895,
       1,     167,     159,       3,       1,       3,       1,     10.0000,      1.3895,     42.4353,    245.6768,     61.8274,      3.4953,      0.0000,     -0.0305,      0.2761,      0.1170,      5.5189,     11.0379,      1.0335,     28.5129,     57.0258,      0.0190,      0.0002,      0.0156,      0.2002,   7614.0571,-417164.5312,   -910.1620,    544.8570,  25380.1895,
       1,     167,     159,       4,       1,       3,       1,     10.0000,      1.3895,     42.4353,    245.6768,     61.8274,      3.4953,      0.0000,     -0.0304,      0.2697,      0.1146,      5.5189,     11.0379,      1.0125,     28.5129,     57.0258,      0.0190,      0.0002,      0.0156,      0.2002,   7614.0571,-417159.0312,   -910.1624,    544.8574,  25380.1895,
       1,     167,     159,       5,       1,       3,       1,     10.0000,      1.3895,     42.4353,    245.6768,     61.8274,      3.4953,      0.0000,     -0.0303,      0.2635,      0.1123,      5.5189,     11.0379,      0.9920,     28.5129,     57.0258,      0.0190,      0.0002,      0.0156,      0.2002,   7614.0571,-417150.5312,   -910.1619,    544.8579,  25380.1914,
       1,     167,     159,       6,       1,       3,       1,     10.0000,      1.3895,     42.4353,    245.6768,     61.8274,      3.4953,      0.0000,     -0.0303,      0.2638,      0.1124,      5.5189,     11.0379,      0.9930,     28.5129,     57.0258,      0.0190,      0.0002,      0.0156,      0.2002,   7614.0576,-417141.5000,   -910.1613,    544.8585,  25380.1914,
       1,     167,     159,       7,       1,       3,       1,     10.0000,      1.3895,     42.4353,    245.6768,     61.8274,      3.4953,      0.0000,     -0.0303,      0.2641,      0.1125,      5.5189,     11.0379,      0.9940,     28.5129,     57.0258,      0.0190,      0.0002,      0.0156,      0.2002,   7614.0576,-417141.1562,   -910.1624,    544.8586,  25380.1914,
       1,     167,     159,       8,       1,       3,       1,     10.0000,      1.3895,     42.4353,    245.6768,     61.8274,      3.4953,      0.0181,     -0.0121,      0.1295,      0.1112,      5.5189,     11.0379,      0.9829,     28.5129,     57.0258,      0.0190,      0.0002,      0.0077,      0.2002,   7614.0576,-417141.4688,   -910.1635,    544.8585,  25380.1895,
       1,     167,     159,       9,       1,       3,       1,     10.0000,      1.3895,     42.4353,    245.6768,     61.8274,      3.4953,      0.1054,      0.0750,      2.3605,      0.1165,      5.5189,     11.0379,      1.0293,     28.5129,     57.0258,      0.0190,      0.0002,      0.1340,      0.2002,   7614.0571,-416971.3438,   -910.2261,    544.8701,  25380.1875,
       1,     167,     159,      10,       1,       3,       1,     10.0000,      1.3895,     42.4353,    245.6768,     61.8274,      3.4953,      0.1670,      0.1362,      4.2620,      0.1250,      5.5189,     11.0379,      1.1044,     28.5129,     57.0258,      0.0190,      0.0002,      0.2233,      0.2002,   7614.0566,-419784.5312,   -911.0059,    544.6785,  25380.1895,
       1,     167,     159,      11,       1,       3,       1,     10.0000,      1.3895,     42.4353,    245.6768,     61.8274,      3.4953,      0.1853,      0.1536,      5.8248,      0.1488,      5.5189,     11.0379,      1.3144,     28.5129,     57.0258,      0.0190,      0.0003,      0.2500,      0.2002,   7614.0571,-422437.5625,   -912.1486,    544.4979,  25380.1895,
       1,     167,     159,      12,       1,       3,       1,     10.0000,      1.3895,     42.4353,    245.6768,     61.8274,      3.4953,      0.1852,      0.1529,      6.6555,      0.1671,      5.5189,     11.0379,      1.4766,     28.5129,     57.0258,      0.0190,      0.0003,      0.2500,      0.2002,   7614.0571,-424647.5312,   -914.1994,    544.3475,  25380.1875,
       1,     167,     159,      13,       1,       3,       1,     10.0000,      1.3895,     42.4353,    245.6768,     61.8274,      3.4953,      0.1840,      0.1508,      7.8079,      0.1932,      5.5189,     11.0379,      1.7072,     28.5129,     57.0258,      0.0190,      0.0004,      0.2483,      0.2002,   7614.0566,-425891.5312,   -915.7377,    544.2629,  25380.1895,
       1,     167,     159,      14,       1,       3,       1,     10.0000,      1.3895,     42.4353,    245.6768,     61.8274,      3.4953,      0.1851,      0.1515,      8.5217,      0.2072,      5.5189,     11.0379,      1.8311,     28.5129,     57.0258,      0.0190,      0.0004,      0.2500,      0.2002,   7614.0571,-427459.3438,   -915.5566,    544.1562,  25380.1875,
       1,     167,     159,      15,       1,       3,       1,     10.0000,      1.3895,     42.4353,    245.6768,     61.8274,      3.4953,      0.1260,      0.0925,      6.4096,      0.2070,      5.5189,     11.0379,      1.8293,     28.5129,     57.0258,      0.0190,      0.0005,      0.1628,      0.2002,   7614.0566,-428499.6562,   -917.5474,    544.0854,  25380.1895,
       1,     167,     159,      16,       1,       3,       1,     10.0000,      1.3895,     42.4353,    245.6768,     61.8274,      3.4953,      0.0092,     -0.0232,      1.9872,      0.1700,      5.5189,     11.0379,      1.5018,     28.5129,     57.0258,      0.0190,      0.0016,      0.0156,      0.2002,   7614.0571,-425911.9062,   -917.5484,    544.2615,  25380.1875,
       1,     167,     159,      17,       1,       3,       1,     10.0000,      1.3895,     42.4353,    245.6768,     61.8274,      3.4953,      0.0050,     -0.0254,      2.7331,      0.1154,      5.5189,     11.0379,      1.0198,     28.5129,     57.0258,      0.0190,      0.0022,      0.0156,      0.2002,   7614.0566,-420082.6875,   -910.8174,    544.6581,  25380.1914,
       1,     167,     159,      18,       1,       3,       1,     10.0000,      1.3895,     42.4353,    245.6768,     61.8274,      3.4953,      0.0057,     -0.0249,      3.8675,      0.1199,      5.5189,     11.0379,      1.0591,     28.5129,     57.0258,      0.0190,      0.0031,      0.0156,      0.2002,   7614.0576,-420525.0938,   -910.9888,    544.6281,  25380.1895,
       1,     167,     159,      19,       1,       3,       1,     10.0000,      1.3895,     42.4353,    245.6768,     61.8274,      3.4953,      0.0050,     -0.0257,      4.5044,      0.1223,      5.5189,     11.0379,      1.0810,     28.5129,     57.0258,      0.0190,      0.0036,      0.0156,      0.2002,   7614.0571,-422001.3750,   -911.2192,    544.5276,  25380.1895,
       1,     167,     159,      20,       1,       3,       1,     10.0000,      1.3895,     42.4353,    245.6768,     61.8274,      3.4953,      0.0042,     -0.0264,      4.5819,      0.1223,      5.5189,     11.0379,      1.0810,     28.5129,     57.0258,      0.0190,      0.0036,      0.0156,      0.2002,   7614.0571,-422936.1562,   -911.6947,    544.4640,  25380.1875,
       1,     167,     159,      21,       1,       3,       1,     10.0000,      1.3895,     42.4353,    245.6768,     61.8274,      3.4953,      0.0000,     -0.0307,      3.0611,      0.1213,      5.5189,     11.0379,      1.0722,     28.5129,     57.0258,      0.0190,      0.0024,      0.0156,      0.2002,   7614.0566,-423115.1875,   -912.3439,    544.4518,  25380.1895,
       1,     167,     159,      22,       1,       3,       1,     10.0000,      1.3895,     42.4353,    245.6768,     61.8274,      3.4953,      0.0000,     -0.0307,      0.5333,      0.1220,      5.5189,     11.0379,      1.0777,     28.5129,     57.0258,      0.0190,      0.0004,      0.0156,      0.2002,   7614.0571,-421202.7500,   -912.3517,    544.5820,  25380.1914,
       1,     167,     159,      23,       1,       3,       1,     10.0000,      1.3895,     42.4353,    245.6768,     61.8274,      3.4953,      0.0000,     -0.0307,      0.3924,      0.1233,      5.5189,     11.0379,      1.0898,     28.5129,     57.0258,      0.0190,      0.0003,      0.0156,      0.2002,   7614.0576,-417833.2188,   -910.2198,    544.8113,  25380.1875,
       1,     167,     159,      24,       1,       3,       1,     10.0000,      1.3895,     42.4353,    245.6768,     61.8274,      3.4953,      0.0000,     -0.0308,      0.3873,      0.1240,      5.5189,     11.0379,      1.0954,     28.5129,     57.0258,      0.0190,      0.0003,      0.0156,      0.2002,   7614.0566,-417364.4688,   -910.1158,    544.8433,  25380.1895,
       1,     167,     160,       1,       1,       3,       1,     10.0000,      1.3895,     42.4356,    245.6827,     61.8289,      3.4953,      0.0000,     -0.0308,      0.3814,      0.1243,      5.5197,     11.0393,      1.0988,     28.5034,     57.0068,      0.0190,      0.0003,      0.0156,      0.2003,   7614.0571,-417475.0625,   -910.3950,    544.8490,  25381.3379,
       1,     167,     160,       2,       1,       3,       1,     10.0000,      1.3895,     42.4356,    245.6827,     61.8289,      3.4953,      0.0000,     -0.0307,      0.3712,      0.1226,      5.5197,     11.0393,      1.0832,     28.5034,     57.0068,      0.0190,      0.0003,      0.0156,      0.2003,   7614.4019,-417322.5312,   -910.1273,    544.8594,  25381.3379,
       1,     167,     160,       3,       1,       3,       1,     10.0000,      1.3895,     42.4356,    245.6827,     61.8289,      3.4953,      0.0000,     -0.0306,      0.3160,      0.1213,      5.5197,     11.0393,      1.0722,     28.5034,     57.0068,      0.0190,      0.0003,      0.0156,      0.2003,   7614.4019,-417296.4688,   -910.1343,    544.8611,  25381.3379,
       1,     167,     160,       4,       1,       3,       1,     10.0000,      1.3895,     42.4356,    245.6827,     61.8289,      3.4953,      0.0000,     -0.0306,      0.2863,      0.1207,      5.5197,     11.0393,      1.0668,     28.5034,     57.0068,      0.0190,      0.0002,      0.0156,      0.2003,   7614.4019,-417224.2188,   -910.1263,    544.8661,  25381.3379,
       1,     167,     160,       5,       1,       3,       1,     10.0000,      1.3895,     42.4356,    245.6827,     61.8289,      3.4953,      0.0000,     -0.0307,      0.2893,      0.1218,      5.5197,     11.0393,      1.0766,     28.5034,     57.0068,      0.0190,      0.0002,      0.0156,      0.2003,   7614.4019,-417180.3438,   -910.0726,    544.8691,  25381.3379,
       1,     167,     160,       6,       1,       3,       1,     10.0000,      1.3895,     42.4356,    245.6827,     61.8289,      3.4953,      0.0000,     -0.0307,      0.2886,      0.1216,      5.5197,     11.0393,      1.0744,     28.5034,     57.0068,      0.0190,      0.0002,      0.0156,      0.2003,   7614.4019,-417180.3125,   -910.0743,    544.8690,  25381.3398,
       1,     167,     160,       7,       1,       3,       1,     10.0000,      1.3895,     42.4356,    245.6827,     61.8289,      3.4953,      0.0000,     -0.0306,      0.2843,      0.1200,      5.5197,     11.0393,      1.0602,     28.5034,     57.0068,      0.0190,      0.0002,      0.0156,      0.2003,   7614.4023,-417179.1875,   -910.0751,    544.8692,  25381.3379,
       1,     167,     160,       8,       1,       3,       1,     10.0000,      1.3895,     42.4356,    245.6827,     61.8289,      3.4953,      0.0017,     -0.0290,      0.2869,      0.1210,      5.5197,     11.0393,      1.0689,     28.5034,     57.0068,      0.0190,      0.0002,      0.0156,      0.2003,   7614.4019,-417173.8750,   -910.0764,    544.8696,  25381.3379,
       1,     167,     160,       9,       1,       3,       1,     10.0000,      1.3895,     42.4356,    245.6827,     61.8289,      3.4953,      0.0300,     -0.0007,      0.4588,      0.1235,      5.5197,     11.0393,      1.0910,     28.5034,     57.0068,      0.0190,      0.0002,      0.0244,      0.2003,   7614.4019,-417176.7188,   -910.0846,    544.8693,  25381.3379,
       1,     167,     160,      10,       1,       3,       1,     10.0000,      1.3895,     42.4356,    245.6827,     61.8289,      3.4953,      0.1016,      0.0703,      2.7135,      0.1369,      5.5197,     11.0393,      1.2100,     28.5034,     57.0068,      0.0190,      0.0003,      0.1280,      0.2003,   7614.4019,-417394.8750,   -910.2346,    544.8544,  25381.3398,
       1,     167,     160,      11,       1,       3,       1,     10.0000,      1.3895,     42.4356,    245.6827,     61.8289,      3.4953,      0.1716,      0.1394,      5.9374,      0.1627,      5.5197,     11.0393,      1.4373,     28.5034,     57.0068,      0.0190,      0.0003,      0.2300,      0.2003,   7614.4023,-420270.8750,   -911.1952,    544.6586,  25381.3379,
       1,     167,     160,      12,       1,       3,       1,     10.0000,      1.3895,     42.4356,    245.6827,     61.8289,      3.4953,      0.1852,      0.1524,      7.3432,      0.1820,      5.5197,     11.0393,      1.6087,     28.5034,     57.0068,      0.0190,      0.0004,      0.2500,      0.2003,   7614.4019,-424605.3125,   -912.9124,    544.3635,  25381.3379,
       1,     167,     160,      13,       1,       3,       1,     10.0000,      1.3895,     42.4356,    245.6827,     61.8289,      3.4953,      0.1852,      0.1521,      7.6681,      0.1890,      5.5197,     11.0393,      1.6705,     28.5034,     57.0068,      0.0190,      0.0004,      0.2500,      0.2003,   7614.4019,-426761.4688,   -915.1645,    544.2169,  25381.3379,
       1,     167,     160,      14,       1,       3,       1,     10.0000,      1.3895,     42.4356,    245.6827,     61.8289,      3.4953,      0.1854,      0.1544,      5.5584,      0.1304,      5.5197,     11.0393,      1.1526,     28.5034,     57.0068,      0.0190,      0.0003,      0.2500,      0.2003,   7614.4019,-427359.1875,   -914.7007,    544.1762,  25381.3359,
       1,     167,     160,      15,       1,       3,       1,     10.0000,      1.3895,     42.4356,    245.6827,     61.8289,      3.4953,      0.1860,      0.1551,     12.6482,      0.1282,      5.5197,     11.0393,      1.1328,     28.5034,     57.0068,      0.0190,      0.0006,      0.2500,      0.2003,   7614.4009,-424736.9688,   -912.5335,    544.3547,  25381.3379,
       1,     167,     160,      16,       1,       3,       1,     10.0000,      1.3895,     42.4356,    245.6827,     61.8289,      3.4953,      0.1654,      0.1342,     33.3981,      0.1372,      5.5197,     11.0393,      1.2125,     28.5034,     57.0068,      0.0190,      0.0019,      0.2177,      0.2003,   7614.4019,-433496.5938,   -913.9263,    543.7586,  25381.3379,
       1,     167,     160,      17,       1,       3,       1,     10.0000,      1.3895,     42.4356,    245.6827,     61.8289,      3.4953,      0.0694,      0.0377,     18.6049,      0.1492,      5.5197,     11.0393,      1.3184,     28.5034,     57.0068,      0.0190,      0.0029,      0.0788,      0.2003,   7614.4019,-460556.3438,   -919.7923,    541.9197,  25381.3379,
       1,     167,     160,      18,       1,       3,       1,     10.0000,      1.3895,     42.4356,    245.6827,     61.8289,      3.4953,      0.0074,     -0.0245,      4.0971,      0.1544,      5.5197,     11.0393,      1.3643,     28.5034,     57.0068,      0.0190,      0.0033,      0.0156,      0.2002,   7614.4019,-444137.2500,   -917.5317,    543.0350,  25381.3398,
       1,     167,     160,      19,       1,       3,       1,     10.0000,      1.3895,     42.4356,    245.6827,     61.8289,      3.4953,      0.0087,     -0.0229,      0.8744,      0.1471,      5.5197,     11.0393,      1.3000,     28.5034,     57.0068,      0.0190,      0.0007,      0.0156,      0.2002,   7614.4023,-424328.9375,   -914.2939,    544.3807,  25381.3379,
       1,     167,     160,      20,       1,       3,       1,     10.0000,      1.3895,     42.4356,    245.6827,     61.8289,      3.4953,      0.0059,     -0.0255,      0.3425,      0.1403,      5.5197,     11.0393,      1.2398,     28.5034,     57.0068,      0.0190,      0.0003,      0.0156,      0.2003,   7614.4019,-418540.6250,   -913.3454,    544.7763,  25381.3379,
       1,     167,     160,      21,       1,       3,       1,     10.0000,      1.3895,     42.4356,    245.6827,     61.8289,      3.4953,      0.0000,     -0.0312,      0.6098,      0.1346,      5.5197,     11.0393,      1.1894,     28.5034,     57.0068,      0.0190,      0.0005,      0.0156,      0.2003,   7614.4019,-417365.3438,   -913.1684,    544.8565,  25381.3379,
       1,     167,     160,      22,       1,       3,       1,     10.0000,      1.3895,     42.4356,    245.6827,     61.8289,      3.4953,      0.0000,     -0.0310,      1.1227,      0.1298,      5.5197,     11.0393,      1.1467,     28.5034,     57.0068,      0.0190,      0.0009,      0.0156,      0.2003,   7614.4019,-417602.4688,   -913.2257,    544.8404,  25381.3379,
       1,     167,     160,      23,       1,       3,       1,     10.0000,      1.3895,     42.4356,    245.6827,     61.8289,      3.4953,      0.0000,     -0.0307,      1.7675,      0.1228,      5.5197,     11.0393,      1.0854,     28.5034,     57.0068,      0.0190,      0.0014,      0.0156,      0.2003,   7614.4019,-418273.0312,   -913.4358,    544.7947,  25381.3398,
       1,     167,     160,      24,       1,       3,       1,     10.0000,      1.3895,     42.4356,    245.6827,     61.8289,      3.4953,      0.0000,     -0.0306,      1.0440,      0.1201,      5.5197,     11.0393,      1.0613,     28.5034,     57.0068,      0.0190,      0.0008,      0.0156,      0.2003,   7614.4023,-419147.6250,   -913.7706,    544.7351,  25381.3379,
       1,     167,     161,       1,       1,       3,       1,     10.0000,      1.3895,     42.4359,    245.6885,     61.8304,      3.4953,      0.0000,     -0.0306,      0.5659,      0.1196,      5.5190,     11.0380,      1.0570,     28.4967,     56.9935,      0.0190,      0.0005,      0.0156,      0.2003,   7614.4019,-418463.7812,   -913.9971,    544.7946,  25382.4863,
       1,     167,     161,       2,       1,       3,       1,     10.0000,      1.3895,     42.4359,    245.6885,     61.8304,      3.4953,      0.0000,     -0.0306,      0.3767,      0.1199,      5.5190,     11.0380,      1.0592,     28.4967,     56.9935,      0.0190,      0.0003,      0.0156,      0.2003,   7614.7461,-417644.8438,   -913.6257,    544.8503,  25382.4883,
       1,     167,     161,       3,       1,       3,       1,     10.0000,      1.3895,     42.4359,    245.6885,     61.8304,      3.4953,      0.0000,     -0.0306,      0.2899,      0.1204,      5.5190,     11.0380,      1.0635,     28.4967,     56.9935,      0.0190,      0.0002,      0.0156,      0.2003,   7614.7466,-417334.0625,   -913.5804,    544.8715,  25382.4863,
       1,     167,     161,       4,       1,       3,       1,     10.0000,      1.3895,     42.4359,    245.6885,     61.8304,      3.4953,      0.0000,     -0.0305,      0.2758,      0.1168,      5.5190,     11.0380,      1.0325,     28.4967,     56.9935,      0.0190,      0.0002,      0.0156,      0.2003,   7614.7461,-417197.5938,   -913.5587,    544.8809,  25382.4902,
       1,     167,     161,       5,       1,       3,       1,     10.0000,      1.3895,     42.4359,    245.6885,     61.8304,      3.4953,      0.0000,     -0.0304,      0.2716,      0.1153,      5.5190,     11.0380,      1.0188,     28.4967,     56.9935,      0.0190,      0.0002,      0.0156,      0.2003,   7614.7476,-417167.3125,   -913.5533,    544.8829,  25382.4883,
       1,     167,     161,       6,       1,       3,       1,     10.0000,      1.3895,     42.4359,    245.6885,     61.8304,      3.4953,      0.0000,     -0.0304,      0.2742,      0.1162,      5.5190,     11.0380,      1.0272,     28.4967,     56.9935,      0.0190,      0.0002,      0.0156,      0.2003,   7614.7466,-417159.5625,   -913.5536,    544.8834,  25382.4883,
       1,     167,     161,       7,       1,       3,       1,     10.0000,      1.3895,     42.4359,    245.6885,     61.8304,      3.4953,      0.0000,     -0.0304,      0.2745,      0.1164,      5.5190,     11.0380,      1.0283,     28.4967,     56.9935,      0.0190,      0.0002,      0.0156,      0.2003,   7614.7466,-417162.2188,   -913.5553,    544.8832,  25382.4883,
       1,     167,     161,       8,       1,       3,       1,     10.0000,      1.3895,     42.4359,    245.6885,     61.8304,      3.4953,      0.0151,     -0.0154,      0.0540,      0.1170,      5.5190,     11.0380,      1.0335,     28.4967,     56.9935,      0.0190,      0.0002,      0.0031,      0.2003,   7614.7466,-417162.7812,   -913.5567,    544.8832,  25382.4883,
       1,     167,     161,       9,       1,       3,       1,     10.0000,      1.3895,     42.4359,    245.6885,     61.8304,      3.4953,      0.1262,      0.0954,      3.1025,      0.1240,      5.5190,     11.0380,      1.0954,     28.4967,     56.9935,      0.0190,      0.0002,      0.1640,      0.2003,   7614.7466,-416883.4688,   -913.5405,    544.9022,  25382.4883,
       1,     167,     161,      10,       1,       3,       1,     10.0000,      1.3895,     42.4359,    245.6885,     61.8304,      3.4953,      0.1544,      0.1230,      4.4286,      0.1393,      5.5190,     11.0380,      1.2311,     28.4967,     56.9935,      0.0190,      0.0003,      0.2049,      0.2003,   7614.7466,-420722.3750,   -914.5729,    544.6407,  25382.4863,
       1,     167,     161,      11,       1,       3,       1,     10.0000,      1.3895,     42.4359,    245.6885,     61.8304,      3.4953,      0.1310,      0.0982,      5.0638,      0.1839,      5.5190,     11.0380,      1.6248,     28.4967,     56.9935,      0.0190,      0.0004,      0.1704,      0.2003,   7614.7461,-422734.6875,   -915.5856,    544.5038,  25382.4883,
       1,     167,     161,      12,       1,       3,       1,     10.0000,      1.3895,     42.4359,    245.6885,     61.8304,      3.4953,      0.1444,      0.1110,      6.3015,      0.2024,      5.5190,     11.0380,      1.7884,     28.4967,     56.9935,      0.0190,      0.0004,      0.1900,      0.2003,   7614.7466,-423712.8438,   -916.2794,    544.4373,  25382.4883,
       1,     167,     161,      13,       1,       3,       1,     10.0000,      1.3895,     42.4359,    245.6885,     61.8304,      3.4953,      0.1607,      0.1280,      6.1934,      0.1797,      5.5190,     11.0380,      1.5881,     28.4967,     56.9935,      0.0190,      0.0004,      0.2140,      0.2003,   7614.7466,-425365.8125,   -917.2551,    544.3248,  25382.4902,
       1,     167,     161,      14,       1,       3,       1,     10.0000,      1.3895,     42.4359,    245.6885,     61.8304,      3.4953,      0.1852,      0.1529,      6.7018,      0.1681,      5.5190,     11.0380,      1.4855,     28.4967,     56.9935,      0.0190,      0.0003,      0.2500,      0.2003,   7614.7476,-425371.2812,   -917.9817,    544.3244,  25382.4883,
       1,     167,     161,      15,       1,       3,       1,     10.0000,      1.3895,     42.4359,    245.6885,     61.8304,      3.4953,      0.1858,      0.1535,     14.0494,      0.1681,      5.5190,     11.0380,      1.4855,     28.4967,     56.9935,      0.0190,      0.0007,      0.2500,      0.2003,   7614.7466,-426016.1562,   -917.5944,    544.2805,  25382.4863,
       1,     167,     161,      16,       1,       3,       1,     10.0000,      1.3895,     42.4359,    245.6885,     61.8304,      3.4953,      0.1900,      0.1579,     70.2535,      0.1607,      5.5190,     11.0380,      1.4202,     28.4967,     56.9935,      0.0190,      0.0035,      0.2496,      0.2003,   7614.7461,-435384.1250,   -920.5757,    543.6431,  25382.4902,
       1,     167,     161,      17,       1,       3,       1,     10.0000,      1.3895,     42.4359,    245.6885,     61.8304,      3.4953,      0.1491,      0.1175,     65.2507,      0.1461,      5.5190,     11.0380,      1.2909,     28.4967,     56.9935,      0.0190,      0.0043,      0.1901,      0.2003,   7614.7476,-507431.9375,   -935.0906,    538.7476,  25382.4883,
       1,     167,     161,      18,       1,       3,       1,     10.0000,      1.3895,     42.4359,    245.6885,     61.8304,      3.4953,      0.0386,      0.0073,      7.7774,      0.1399,      5.5190,     11.0380,      1.2361,     28.4967,     56.9935,      0.0190,      0.0027,      0.0354,      0.2002,   7614.7466,-507353.7812,   -936.0423,    538.7748,  25382.4883,
       1,     167,     161,      19,       1,       3,       1,     10.0000,      1.3895,     42.4359,    245.6885,     61.8304,      3.4953,      0.0168,     -0.0144,      0.6976,      0.1357,      5.5190,     11.0380,      1.1991,     28.4967,     56.9935,      0.0190,      0.0019,      0.0046,      0.2002,   7614.7466,-434390.8438,   -923.0560,    543.6886,  25382.4902,
       1,     167,     161,      20,       1,       3,       1,     10.0000,      1.3895,     42.4359,    245.6885,     61.8304,      3.4953,      0.0034,     -0.0277,      2.7824,      0.1315,      5.5190,     11.0380,      1.1620,     28.4967,     56.9935,      0.0190,      0.0022,      0.0156,      0.2003,   7614.7476,-419211.4375,   -920.4278,    544.7427,  25382.4883,
       1,     167,     161,      21,       1,       3,       1,     10.0000,      1.3895,     42.4359,    245.6885,     61.8304,      3.4953,      0.0000,     -0.0308,      1.9695,      0.1243,      5.5190,     11.0380,      1.0988,     28.4967,     56.9935,      0.0190,      0.0016,      0.0156,      0.2003,   7614.7466,-420518.9688,   -920.7976,    544.6546,  25382.4863,
       1,     167,     161,      22,       1,       3,       1,     10.0000,      1.3895,     42.4359,    245.6885,     61.8304,      3.4953,      0.0000,     -0.0307,      1.1733,      0.1223,      5.5190,     11.0380,      1.0810,     28.4967,     56.9935,      0.0190,      0.0009,      0.0156,      0.2003,   7614.7461,-419600.8125,   -920.6845,    544.7171,  25382.4902,
       1,     167,     161,      23,       1,       3,       1,     10.0000,      1.3895,     42.4359,    245.6885,     61.8304,      3.4953,      0.0000,     -0.0307,      1.2874,      0.1216,      5.5190,     11.0380,      1.0744,     28.4967,     56.9935,      0.0190,      0.0010,      0.0156,      0.2003,   7614.7476,-418512.1562,   -920.5316,    544.7913,  25382.4902,
       1,     167,     161,      24,       1,       3,       1,     10.0000,      1.3895,     42.4359,    245.6885,     61.8304,      3.4953,      0.0000,     -0.0308,      1.5051,      0.1255,      5.5190,     11.0380,      1.1089,     28.4967,     56.9935,      0.0190,      0.0012,      0.0156,      0.2003,   7614.7476,-418562.8125,   -920.5740,    544.7879,  25382.4883,
       1,     167,     162,       1,       1,       3,       1,     10.0000,      1.3895,     42.4363,    245.6944,     61.8318,      3.4953,      0.0000,     -0.0309,      1.0843,      0.1268,      5.5189,     11.0378,      1.1203,     28.4949,     56.9899,      0.0190,      0.0009,      0.0156,      0.2003,   7614.7466,-419000.3125,   -920.9514,    544.7711,  25383.6367,
       1,     167,     162,       2,       1,       3,       1,     10.0000,      1.3895,     42.4363,    245.6944,     61.8318,      3.4953,      0.0000,     -0.0307,      0.6926,      0.1235,      5.5189,     11.0378,      1.0910,     28.4949,     56.9899,      0.0190,      0.0006,      0.0156,      0.2003,   7615.0913,-418350.6875,   -920.5872,    544.8153,  25383.6387,
       1,     167,     162,       3,       1,       3,       1,     10.0000,      1.3895,     42.4363,    245.6944,     61.8318,      3.4953,      0.0000,     -0.0307,      0.7009,      0.1237,      5.5189,     11.0378,      1.0932,     28.4949,     56.9899,      0.0190,      0.0006,      0.0156,      0.2003,   7615.0918,-417798.1875,   -920.5063,    544.8530,  25383.6387,
       1,     167,     162,       4,       1,       3,       1,     10.0000,      1.3895,     42.4363,    245.6944,     61.8318,      3.4953,      0.0000,     -0.0307,      0.9840,      0.1221,      5.5189,     11.0378,      1.0788,     28.4949,     56.9899,      0.0190,      0.0008,      0.0156,      0.2003,   7615.0918,-417760.9062,   -920.5201,    544.8555,  25383.6387,
       1,     167,     162,       5,       1,       3,       1,     10.0000,      1.3895,     42.4363,    245.6944,     61.8318,      3.4953,      0.0000,     -0.0306,      0.5553,      0.1199,      5.5189,     11.0378,      1.0592,     28.4949,     56.9899,      0.0190,      0.0004,      0.0156,      0.2003,   7615.0918,-418116.5625,   -920.6213,    544.8312,  25383.6387,
       1,     167,     162,       6,       1,       3,       1,     10.0000,      1.3895,     42.4363,    245.6944,     61.8318,      3.4953,      0.0000,     -0.0305,      0.3216,      0.1177,      5.5189,     11.0378,      1.0399,     28.4949,     56.9899,      0.0190,      0.0003,      0.0156,      0.2003,   7615.0918,-417604.0625,   -920.5416,    544.8661,  25383.6367,
       1,     167,     162,       7,       1,       3,       1,     10.0000,      1.3895,     42.4363,    245.6944,     61.8318,      3.4953,      0.0000,     -0.0305,      0.2780,      0.1177,      5.5189,     11.0378,      1.0399,     28.4949,     56.9899,      0.0190,      0.0002,      0.0156,      0.2003,   7615.0913,-417263.8750,   -920.4824,    544.8893,  25383.6387,
       1,     167,     162,       8,       1,       3,       1,     10.0000,      1.3895,     42.4363,    245.6944,     61.8318,      3.4953,      0.0233,     -0.0072,      0.2677,      0.1185,      5.5189,     11.0378,      1.0474,     28.4949,     56.9899,      0.0190,      0.0002,      0.0149,      0.2003,   7615.0918,-417179.1562,   -920.4681,    544.8951,  25383.6387,
       1,     167,     162,       9,       1,       3,       1,     10.0000,      1.3895,     42.4363,    245.6944,     61.8318,      3.4953,      0.1009,      0.0700,      2.4596,      0.1264,      5.5189,     11.0378,      1.1169,     28.4949,     56.9899,      0.0190,      0.0002,      0.1272,      0.2003,   7615.0918,-417158.6875,   -920.5048,    544.8965,  25383.6387,
       1,     167,     162,      10,       1,       3,       1,     10.0000,      1.3895,     42.4363,    245.6944,     61.8318,      3.4953,      0.1703,      0.1389,      5.0703,      0.1427,      5.5189,     11.0378,      1.2613,     28.4949,     56.9899,      0.0190,      0.0003,      0.2281,      0.2003,   7615.0918,-419934.1875,   -921.2143,    544.7075,  25383.6387,
       1,     167,     162,      11,       1,       3,       1,     10.0000,      1.3895,     42.4363,    245.6944,     61.8318,      3.4953,      0.1852,      0.1526,      7.0641,      0.1760,      5.5189,     11.0378,      1.5553,     28.4949,     56.9899,      0.0190,      0.0004,      0.2500,      0.2003,   7615.0918,-423481.6875,   -922.3884,    544.4659,  25383.6406,
       1,     167,     162,      12,       1,       3,       1,     10.0000,      1.3895,     42.4363,    245.6944,     61.8318,      3.4953,      0.1852,      0.1524,      7.3604,      0.1824,      5.5189,     11.0378,      1.6119,     28.4949,     56.9899,      0.0190,      0.0004,      0.2500,      0.2003,   7615.0923,-426314.0938,   -923.4799,    544.2733,  25383.6387,
       1,     167,     162,      13,       1,       3,       1,     10.0000,      1.3895,     42.4363,    245.6944,     61.8318,      3.4953,      0.1851,      0.1518,      8.1169,      0.1986,      5.5189,     11.0378,      1.7552,     28.4949,     56.9899,      0.0190,      0.0004,      0.2500,      0.2003,   7615.0918,-426934.0312,   -924.1283,    544.2310,  25383.6387,
       1,     167,     162,      14,       1,       3,       1,     10.0000,      1.3895,     42.4363,    245.6944,     61.8318,      3.4953,      0.1851,      0.1511,      9.1616,      0.2207,      5.5189,     11.0378,      1.9501,     28.4949,     56.9899,      0.0190,      0.0005,      0.2500,      0.2003,   7615.0918,-427946.2500,   -924.8047,    544.1622,  25383.6387,
       1,     167,     162,      15,       1,       3,       1,     10.0000,      1.3895,     42.4363,    245.6944,     61.8318,      3.4953,      0.1861,      0.1521,     22.9840,      0.2237,      5.5189,     11.0378,      1.9770,     28.4949,     56.9899,      0.0190,      0.0011,      0.2500,      0.2003,   7615.0918,-429357.4375,   -925.4549,    544.0663,  25383.6387,
       1,     167,     162,      16,       1,       3,       1,     10.0000,      1.3895,     42.4363,    245.6944,     61.8318,      3.4953,      0.1767,      0.1428,     63.3051,      0.2177,      5.5189,     11.0378,      1.9235,     28.4949,     56.9899,      0.0190,      0.0034,      0.2312,      0.2003,   7615.0918,-446995.4375,   -929.0632,    542.8668,  25383.6387,
       1,     167,     162,      17,       1,       3,       1,     10.0000,      1.3895,     42.4363,    245.6944,     61.8318,      3.4953,      0.1600,      0.1260,     59.6631,      0.2233,      5.5189,     11.0378,      1.9732,     28.4949,     56.9899,      0.0190,      0.0036,      0.2070,      0.2003,   7615.0918,-499629.6875,   -939.3596,    539.2964,  25383.6406,
       1,     167,     162,      18,       1,       3,       1,     10.0000,      1.3895,     42.4363,    245.6944,     61.8318,      3.4953,      0.1337,      0.1001,     63.3178,      0.2095,      5.5189,     11.0378,      1.8512,     28.4949,     56.9899,      0.0190,      0.0047,      0.1675,      0.2002,   7615.0923,-499573.5312,   -939.7750,    539.3119,  25383.6406,
       1,     167,     162,      19,       1,       3,       1,     10.0000,      1.3895,     42.4363,    245.6944,     61.8318,      3.4953,      0.1170,      0.0838,     62.6327,      0.1959,      5.5189,     11.0378,      1.7311,     28.4949,     56.9899,      0.0190,      0.0054,      0.1429,      0.2002,   7615.0923,-504190.0938,   -941.0607,    539.0007,  25383.6387,
       1,     167,     162,      20,       1,       3,       1,     10.0000,      1.3895,     42.4363,    245.6944,     61.8318,      3.4953,      0.0299,     -0.0028,      8.9672,      0.1797,      5.5189,     11.0378,      1.5881,     28.4949,     56.9899,      0.0190,      0.0053,      0.0210,      0.2002,   7615.0918,-503718.1875,   -941.3721,    539.0326,  25383.6387,
       1,     167,     162,      21,       1,       3,       1,     10.0000,      1.3895,     42.4363,    245.6944,     61.8318,      3.4953,      0.0000,     -0.0323,      6.0729,      0.1671,      5.5189,     11.0378,      1.4767,     28.4949,     56.9899,      0.0190,      0.0048,      0.0156,      0.2002,   7615.0918,-435593.0938,   -928.6284,    543.6227,  25383.6387,
       1,     167,     162,      22,       1,       3,       1,     10.0000,      1.3895,     42.4363,    245.6944,     61.8318,      3.4953,      0.0000,     -0.0320,      6.6376,      0.1585,      5.5189,     11.0378,      1.4004,     28.4949,     56.9899,      0.0190,      0.0053,      0.0156,      0.2003,   7615.0918,-426126.6875,   -926.8797,    544.2856,  25383.6387,
       1,     167,     162,      23,       1,       3,       1,     10.0000,      1.3895,     42.4363,    245.6944,     61.8318,      3.4953,      0.0000,     -0.0316,      5.4338,      0.1473,      5.5189,     11.0378,      1.3014,     28.4949,     56.9899,      0.0190,      0.0043,      0.0156,      0.2003,   7615.0918,-426002.4062,   -926.8889,    544.2945,  25383.6406,
       1,     167,     162,      24,       1,       3,       1,     10.0000,      1.3895,     42.4363,    245.6944,     61.8318,      3.4953,      0.0000,     -0.0315,      4.3376,      0.1436,      5.5189,     11.0378,      1.2690,     28.4949,     56.9899,      0.0190,      0.0035,      0.0156,      0.2003,   7615.0923,-424465.6562,   -926.6234,    544.3990,  25383.6387,
       1,     167,     163,       1,       1,       3,       1,     10.0000,      1.3896,     42.4366,    245.7003,     61.8333,      3.4953,      0.0000,     -0.0315,      3.5815,      0.1423,      5.5183,     11.0366,      1.2575,     28.5011,     57.0022,      0.0190,      0.0028,      0.0156,      0.2003,   7615.0918,-423100.9062,   -926.6641,    544.5048,  25384.7891,
       1,     167,     163,       2,       1,       3,       1,     10.0000,      1.3896,     42.4366,    245.7003,     61.8333,      3.4953,      0.0000,     -0.0315,      2.6822,      0.1435,      5.5183,     11.0366,      1.2677,     28.5011,     57.0022,      0.0190,      0.0021,      0.0156,      0.2003,   7615.4370,-421870.8438,   -926.1715,    544.5886,  25384.7891,
       1,     167,     163,       3,       1,       3,       1,     10.0000,      1.3896,     42.4366,    245.7003,     61.8333,      3.4953,      0.0000,     -0.0312,      2.4750,      0.1354,      5.5183,     11.0366,      1.1967,     28.5011,     57.0022,      0.0190,      0.0020,      0.0156,      0.2003,   7615.4370,-420625.3438,   -925.9455,    544.6733,  25384.7891,
       1,     167,     163,       4,       1,       3,       1,     10.0000,      1.3896,     42.4366,    245.7003,     61.8333,      3.4953,      0.0000,     -0.0314,      1.7232,      0.1402,      5.5183,     11.0366,      1.2386,     28.5011,     57.0022,      0.0190,      0.0014,      0.0156,      0.2003,   7615.4370,-420255.4375,   -925.8831,    544.6985,  25384.7871,
       1,     167,     163,       5,       1,       3,       1,     10.0000,      1.3896,     42.4366,    245.7003,     61.8333,      3.4953,      0.0000,     -0.0313,      1.8740,      0.1381,      5.5183,     11.0366,      1.2200,     28.5011,     57.0022,      0.0190,      0.0015,      0.0156,      0.2003,   7615.4365,-419271.1875,   -925.7023,    544.7656,  25384.7891,
       1,     167,     163,       6,       1,       3,       1,     10.0000,      1.3896,     42.4366,    245.7003,     61.8333,      3.4953,      0.0000,     -0.0311,      1.8983,      0.1338,      5.5183,     11.0366,      1.1823,     28.5011,     57.0022,      0.0190,      0.0015,      0.0156,      0.2003,   7615.4370,-419377.1250,   -925.7267,    544.7584,  25384.7891,
       1,     167,     163,       7,       1,       3,       1,     10.0000,      1.3896,     42.4366,    245.7003,     61.8333,      3.4953,      0.0000,     -0.0311,      2.1165,      0.1341,      5.5183,     11.0366,      1.1847,     28.5011,     57.0022,      0.0190,      0.0017,      0.0156,      0.2003,   7615.4370,-419417.1562,   -925.7390,    544.7556,  25384.7871,
       1,     167,     163,       8,       1,       3,       1,     10.0000,      1.3896,     42.4366,    245.7003,     61.8333,      3.4953,      0.0290,     -0.0023,      1.6471,      0.1378,      5.5183,     11.0366,      1.2175,     28.5011,     57.0022,      0.0190,      0.0009,      0.0221,      0.2003,   7615.4365,-419697.1875,   -925.7964,    544.7366,  25384.7891,
       1,     167,     163,       9,       1,       3,       1,     10.0000,      1.3896,     42.4366,    245.7003,     61.8333,      3.4953,      0.1056,      0.0740,      6.0303,      0.1449,      5.5183,     11.0366,      1.2806,     28.5011,     57.0022,      0.0190,      0.0006,      0.1333,      0.2003,   7615.4370,-419126.4688,   -925.6909,    544.7755,  25384.7871,
       1,     167,     163,      10,       1,       3,       1,     10.0000,      1.3896,     42.4366,    245.7003,     61.8333,      3.4953,      0.1256,      0.0938,      6.8808,      0.1527,      5.5183,     11.0366,      1.3494,     28.5011,     57.0022,      0.0190,      0.0005,      0.1624,      0.2003,   7615.4365,-424630.5000,   -926.7446,    544.4006,  25384.7871,
       1,     167,     163,      11,       1,       3,       1,     10.0000,      1.3896,     42.4366,    245.7003,     61.8333,      3.4953,      0.1510,      0.1182,      9.2508,      0.1817,      5.5183,     11.0366,      1.6056,     28.5011,     57.0022,      0.0190,      0.0006,      0.1994,      0.2003,   7615.4365,-426183.2812,   -927.0443,    544.2951,  25384.7852,
       1,     167,     163,      12,       1,       3,       1,     10.0000,      1.3896,     42.4366,    245.7003,     61.8333,      3.4953,      0.1854,      0.1520,     12.1144,      0.2020,      5.5183,     11.0366,      1.7850,     28.5011,     57.0022,      0.0190,      0.0006,      0.2500,      0.2003,   7615.4360,-429320.4062,   -927.6481,    544.0817,  25384.7871,
       1,     167,     163,      13,       1,       3,       1,     10.0000,      1.3896,     42.4366,    245.7003,     61.8333,      3.4953,      0.1858,      0.1518,     18.0643,      0.2224,      5.5183,     11.0366,      1.9655,     28.5011,     57.0022,      0.0190,      0.0009,      0.2500,      0.2003,   7615.4365,-433219.0625,   -928.3447,    543.8165,  25384.7852,
       1,     167,     163,      14,       1,       3,       1,     10.0000,      1.3896,     42.4366,    245.7003,     61.8333,      3.4953,      0.1861,      0.1520,     22.9000,      0.2266,      5.5183,     11.0366,      2.0024,     28.5011,     57.0022,      0.0190,      0.0011,      0.2500,      0.2003,   7615.4360,-441095.1875,   -929.8045,    543.2812,  25384.7871,
       1,     167,     163,      15,       1,       3,       1,     10.0000,      1.3896,     42.4366,    245.7003,     61.8333,      3.4953,      0.1866,      0.1523,     29.0538,      0.2338,      5.5183,     11.0366,      2.0660,     28.5011,     57.0022,      0.0190,      0.0014,      0.2500,      0.2003,   7615.4365,-447902.7188,   -931.0820,    542.8192,  25384.7871,
       1,     167,     163,      16,       1,       3,       1,     10.0000,      1.3896,     42.4366,    245.7003,     61.8333,      3.4953,      0.1799,      0.1456,     57.3895,      0.2340,      5.5183,     11.0366,      2.0681,     28.5011,     57.0022,      0.0190,      0.0030,      0.2369,      0.2003,   7615.4365,-456288.9375,   -932.6895,    542.2503,  25384.7852,
       1,     167,     163,      17,       1,       3,       1,     10.0000,      1.3896,     42.4366,    245.7003,     61.8333,      3.4953,      0.1532,      0.1192,     69.5020,      0.2211,      5.5183,     11.0366,      1.9540,     28.5011,     57.0022,      0.0190,      0.0044,      0.1956,      0.2003,   7615.4360,-492930.4062,   -939.8391,    539.7670,  25384.7852,
       1,     167,     163,      18,       1,       3,       1,     10.0000,      1.3896,     42.4366,    245.7003,     61.8333,      3.4953,      0.1334,      0.0995,     76.1413,      0.2177,      5.5183,     11.0366,      1.9235,     28.5011,     57.0022,      0.0190,      0.0057,      0.1654,      0.2003,   7615.4360,-511462.5625,   -943.6335,    538.5223,  25384.7891,
       1,     167,     163,      19,       1,       3,       1,     10.0000,      1.3896,     42.4366,    245.7003,     61.8333,      3.4953,      0.0936,      0.0602,     50.4868,      0.2018,      5.5183,     11.0366,      1.7832,     28.5011,     57.0022,      0.0190,      0.0057,      0.1096,      0.2003,   7615.4370,-521475.0625,   -945.8405,    537.8499,  25384.7891,
       1,     167,     163,      20,       1,       3,       1,     10.0000,      1.3896,     42.4366,    245.7003,     61.8333,      3.4953,      0.0176,     -0.0151,      1.5996,      0.1804,      5.5183,     11.0366,      1.5945,     28.5011,     57.0022,      0.0190,      0.0053,      0.0037,      0.2002,   7615.4370,-489781.8750,   -939.9332,    539.9810,  25384.7871,
       1,     167,     163,      21,       1,       3,       1,     10.0000,      1.3896,     42.4366,    245.7003,     61.8333,      3.4953,      0.0000,     -0.0324,      6.8756,      0.1696,      5.5183,     11.0366,      1.4990,     28.5011,     57.0022,      0.0190,      0.0055,      0.0156,      0.2003,   7615.4365,-425071.4688,   -927.4182,    544.3530,  25384.7891,
       1,     167,     163,      22,       1,       3,       1,     10.0000,      1.3896,     42.4366,    245.7003,     61.8333,      3.4953,      0.0000,     -0.0324,      5.8399,      0.1685,      5.5183,     11.0366,      1.4886,     28.5011,     57.0022,      0.0190,      0.0046,      0.0156,      0.2003,   7615.4370,-426237.0000,   -927.5778,    544.2914,  25384.7852,
       1,     167,     163,      23,       1,       3,       1,     10.0000,      1.3896,     42.4366,    245.7003,     61.8333,      3.4953,      0.0000,     -0.0324,      5.6210,      0.1683,      5.5183,     11.0366,      1.4871,     28.5011,     57.0022,      0.0190,      0.0045,      0.0156,      0.2003,   7615.4360,-425003.2500,   -927.2932,    544.3754,  25384.7891,
       1,     167,     163,      24,       1,       3,       1,     10.0000,      1.3896,     42.4366,    245.7003,     61.8333,      3.4953,      0.0000,     -0.0322,      4.7934,      0.1638,      5.5183,     11.0366,      1.4475,     28.5011,     57.0022,      0.0190,      0.0038,      0.0156,      0.2003,   7615.4370,-424618.9688,   -927.1690,    544.4015,  25384.7871,
       1,     167,     164,       1,       1,       3,       1,     10.0000,      1.3896,     42.4369,    245.7061,     61.8348,      3.4953,      0.0000,     -0.0321,      3.5222,      0.1610,      5.5189,     11.0378,      1.4231,     28.5043,     57.0087,      0.0190,      0.0028,      0.0156,      0.2004,   7615.4365,-423693.9062,   -927.2419,    544.4774,  25385.9336,
       1,     167,     164,       2,       1,       3,       1,     10.0000,      1.3896,     42.4369,    245.7061,     61.8348,      3.4953,      0.0000,     -0.0320,      2.5730,      0.1575,      5.5189,     11.0378,      1.3921,     28.5043,     57.0087,      0.0190,      0.0020,      0.0156,      0.2004,   7615.7803,-421849.6250,   -926.5792,    544.6030,  25385.9355,
       1,     167,     164,       3,       1,       3,       1,     10.0000,      1.3896,     42.4369,    245.7061,     61.8348,      3.4953,      0.0000,     -0.0317,      2.3501,      0.1483,      5.5189,     11.0378,      1.3106,     28.5043,     57.0087,      0.0190,      0.0019,      0.0156,      0.2004,   7615.7808,-420487.9062,   -926.2973,    544.6957,  25385.9355,
       1,     167,     164,       4,       1,       3,       1,     10.0000,      1.3896,     42.4369,    245.7061,     61.8348,      3.4953,      0.0000,     -0.0314,      2.0267,      0.1410,      5.5189,     11.0378,      1.2462,     28.5043,     57.0087,      0.0190,      0.0016,      0.0156,      0.2004,   7615.7808,-420088.0938,   -926.2130,    544.7229,  25385.9375,
       1,     167,     164,       5,       1,       3,       1,     10.0000,      1.3896,     42.4369,    245.7061,     61.8348,      3.4953,      0.0000,     -0.0316,      1.7778,      0.1459,      5.5189,     11.0378,      1.2897,     28.5043,     57.0087,      0.0190,      0.0014,      0.0156,      0.2004,   7615.7817,-419643.7188,   -926.1138,    544.7531,  25385.9355,
       1,     167,     164,       6,       1,       3,       1,     10.0000,      1.3896,     42.4369,    245.7061,     61.8348,      3.4953,      0.0000,     -0.0315,      1.1205,      0.1449,      5.5189,     11.0378,      1.2806,     28.5043,     57.0087,      0.0190,      0.0009,      0.0156,      0.2004,   7615.7808,-419290.3750,   -926.0319,    544.7772,  25385.9375,
       1,     167,     164,       7,       1,       3,       1,     10.0000,      1.3896,     42.4369,    245.7061,     61.8348,      3.4953,      0.0000,     -0.0316,      1.0585,      0.1473,      5.5189,     11.0378,      1.3014,     28.5043,     57.0087,      0.0190,      0.0008,      0.0156,      0.2004,   7615.7817,-418427.1250,   -925.8624,    544.8360,  25385.9355,
       1,     167,     164,       8,       1,       3,       1,     10.0000,      1.3896,     42.4369,    245.7061,     61.8348,      3.4953,      0.0227,     -0.0090,      0.5591,      0.1483,      5.5189,     11.0378,      1.3106,     28.5043,     57.0087,      0.0190,      0.0006,      0.0126,      0.2004,   7615.7808,-418274.1875,   -925.8308,    544.8464,  25385.9355,
       1,     167,     164,       9,       1,       3,       1,     10.0000,      1.3896,     42.4369,    245.7061,     61.8348,      3.4953,      0.1067,      0.0743,      6.9496,      0.1715,      5.5189,     11.0378,      1.5156,     28.5043,     57.0087,      0.0190,      0.0006,      0.1345,      0.2004,   7615.7808,-417628.3438,   -925.6942,    544.8904,  25385.9355,
       1,     167,     164,      10,       1,       3,       1,     10.0000,      1.3896,     42.4369,    245.7061,     61.8348,      3.4953,      0.1267,      0.0931,      6.6866,      0.2101,      5.5189,     11.0378,      1.8567,     28.5043,     57.0087,      0.0190,      0.0005,      0.1637,      0.2004,   7615.7808,-425667.7188,   -927.2157,    544.3428,  25385.9355,
       1,     167,     164,      11,       1,       3,       1,     10.0000,      1.3896,     42.4369,    245.7061,     61.8348,      3.4953,      0.1808,      0.1468,     14.4876,      0.2231,      5.5189,     11.0378,      1.9713,     28.5043,     57.0087,      0.0190,      0.0007,      0.2431,      0.2004,   7615.7808,-426028.8438,   -927.2224,    544.3186,  25385.9355,
       1,     167,     164,      12,       1,       3,       1,     10.0000,      1.3896,     42.4369,    245.7061,     61.8348,      3.4953,      0.1855,      0.1515,     14.2025,      0.2231,      5.5189,     11.0378,      1.9713,     28.5043,     57.0087,      0.0190,      0.0007,      0.2500,      0.2004,   7615.7808,-435942.4375,   -929.0092,    543.6440,  25385.9355,
       1,     167,     164,      13,       1,       3,       1,     10.0000,      1.3896,     42.4369,    245.7061,     61.8348,      3.4953,      0.1780,      0.1435,     10.3855,      0.2438,      5.5189,     11.0378,      2.1546,     28.5043,     57.0087,      0.0190,      0.0005,      0.2395,      0.2004,   7615.7808,-436437.2188,   -928.9702,    543.6108,  25385.9355,
       1,     167,     164,      14,       1,       3,       1,     10.0000,      1.3896,     42.4369,    245.7061,     61.8348,      3.4953,      0.1172,      0.0827,     21.7316,      0.2445,      5.5189,     11.0378,      2.1609,     28.5043,     57.0087,      0.0190,      0.0018,      0.1476,      0.2004,   7615.7808,-431642.8750,   -927.9296,    543.9366,  25385.9375,
       1,     167,     164,      15,       1,       3,       1,     10.0000,      1.3896,     42.4369,    245.7061,     61.8348,      3.4953,      0.1716,      0.1371,     81.6741,      0.2415,      5.5189,     11.0378,      2.1337,     28.5043,     57.0087,      0.0190,      0.0046,      0.2217,      0.2004,   7615.7817,-445605.1562,   -930.6660,    542.9874,  25385.9355,
       1,     167,     164,      16,       1,       3,       1,     10.0000,      1.3896,     42.4369,    245.7061,     61.8348,      3.4953,      0.1214,      0.0869,     64.7299,      0.2401,      5.5189,     11.0378,      2.1212,     28.5043,     57.0087,      0.0190,      0.0054,      0.1488,      0.2003,   7615.7808,-522772.6250,   -945.8118,    537.7506,  25385.9375,
       1,     167,     164,      17,       1,       3,       1,     10.0000,      1.3896,     42.4369,    245.7061,     61.8348,      3.4953,      0.0234,     -0.0105,      4.8212,      0.2209,      5.5189,     11.0378,      1.9521,     28.5043,     57.0087,      0.0190,      0.0057,      0.0104,      0.2003,   7615.7817,-507989.7188,   -943.1583,    538.7694,  25385.9355,
       1,     167,     164,      18,       1,       3,       1,     10.0000,      1.3896,     42.4369,    245.7061,     61.8348,      3.4953,      0.0153,     -0.0183,      7.8970,      0.2095,      5.5189,     11.0378,      1.8513,     28.5043,     57.0087,      0.0190,      0.0063,      0.0156,      0.2003,   7615.7808,-430699.6250,   -928.0911,    543.9756,  25385.9316,
       1,     167,     164,      19,       1,       3,       1,     10.0000,      1.3896,     42.4369,    245.7061,     61.8348,      3.4953,      0.0099,     -0.0234,      7.3634,      0.1977,      5.5189,     11.0378,      1.7467,     28.5043,     57.0087,      0.0190,      0.0059,      0.0156,      0.2004,   7615.7798,-428028.3438,   -927.4868,    544.1825,  25385.9336,
       1,     167,     164,      20,       1,       3,       1,     10.0000,      1.3896,     42.4369,    245.7061,     61.8348,      3.4953,      0.0018,     -0.0309,      6.4211,      0.1803,      5.5189,     11.0378,      1.5929,     28.5043,     57.0087,      0.0190,      0.0051,      0.0156,      0.2004,   7615.7803,-427089.6250,   -927.2231,    544.2463,  25385.9336,
       1,     167,     164,      21,       1,       3,       1,     10.0000,      1.3896,     42.4369,    245.7061,     61.8348,      3.4953,      0.0000,     -0.0324,      6.3927,      0.1693,      5.5189,     11.0378,      1.4960,     28.5043,     57.0087,      0.0190,      0.0051,      0.0156,      0.2004,   7615.7803,-425815.0312,   -926.9091,    544.3331,  25385.9336,
       1,     167,     164,      22,       1,       3,       1,     10.0000,      1.3896,     42.4369,    245.7061,     61.8348,      3.4953,      0.0000,     -0.0323,      5.5647,      0.1676,      5.5189,     11.0378,      1.4812,     28.5043,     57.0087,      0.0190,      0.0044,      0.0156,      0.2004,   7615.7803,-425669.0000,   -926.8228,    544.3431,  25385.9355,
       1,     167,     164,      23,       1,       3,       1,     10.0000,      1.3896,     42.4369,    245.7061,     61.8348,      3.4953,      0.0000,     -0.0324,      4.7574,      0.1683,      5.5189,     11.0378,      1.4871,     28.5043,     57.0087,      0.0190,      0.0038,      0.0156,      0.2004,   7615.7808,-424607.1562,   -926.5675,    544.4152,  25385.9355,
       1,     167,     164,      24,       1,       3,       1,     10.0000,      1.3896,     42.4369,    245.7061,     61.8348,      3.4953,      0.0000,     -0.0323,      4.1458,      0.1681,      5.5189,     11.0378,      1.4856,     28.5043,     57.0087,      0.0190,      0.0033,      0.0156,      0.2004,   7615.7808,-423493.0312,   -926.3030,    544.4911,  25385.9336,
       1,     167,     165,       1,       1,       3,       1,     10.0000,      1.3896,     42.4373,    245.7120,     61.8363,      3.4953,      0.0000,     -0.0322,      3.0393,      0.1628,      5.5199,     11.0399,      1.4389,     28.4957,     56.9914,      0.0190,      0.0024,      0.0156,      0.2004,   7615.7803,-422779.3750,   -926.4091,    544.5529,  25387.0840,
       1,     167,     165,       2,       1,       3,       1,     10.0000,      1.3896,     42.4373,    245.7120,     61.8363,      3.4953,      0.0000,     -0.0320,      2.0992,      0.1579,      5.5199,     11.0399,      1.3949,     28.4957,     56.9914,      0.0190,      0.0017,      0.0156,      0.2004,   7616.1255,-421161.4688,   -925.7825,    544.6630,  25387.0820,
       1,     167,     165,       3,       1,       3,       1,     10.0000,      1.3896,     42.4373,    245.7120,     61.8363,      3.4953,      0.0000,     -0.0319,      1.6379,      0.1546,      5.5199,     11.0399,      1.3658,     28.4957,     56.9914,      0.0190,      0.0013,      0.0156,      0.2004,   7616.1250,-419831.4375,   -925.5070,    544.7535,  25387.0840,
       1,     167,     165,       4,       1,       3,       1,     10.0000,      1.3896,     42.4373,    245.7120,     61.8363,      3.4953,      0.0000,     -0.0318,      1.4702,      0.1526,      5.5199,     11.0399,      1.3481,     28.4957,     56.9914,      0.0190,      0.0012,      0.0156,      0.2004,   7616.1255,-419132.1875,   -925.3577,    544.8011,  25387.0840,
       1,     167,     165,       5,       1,       3,       1,     10.0000,      1.3896,     42.4373,    245.7120,     61.8363,      3.4953,      0.0000,     -0.0317,      1.4075,      0.1504,      5.5199,     11.0399,      1.3293,     28.4957,     56.9914,      0.0190,      0.0011,      0.0156,      0.2004,   7616.1255,-418859.5625,   -925.2941,    544.8198,  25387.0840,
       1,     167,     165,       6,       1,       3,       1,     10.0000,      1.3896,     42.4373,    245.7120,     61.8363,      3.4953,      0.0000,     -0.0316,      1.2817,      0.1454,      5.5199,     11.0399,      1.2845,     28.4957,     56.9914,      0.0190,      0.0010,      0.0156,      0.2004,   7616.1255,-418756.5000,   -925.2643,    544.8268,  25387.0840,
       1,     167,     165,       7,       1,       3,       1,     10.0000,      1.3896,     42.4373,    245.7120,     61.8363,      3.4953,      0.0000,     -0.0314,      1.1306,      0.1398,      5.5199,     11.0399,      1.2349,     28.4957,     56.9914,      0.0190,      0.0009,      0.0156,      0.2004,   7616.1255,-418588.2812,   -925.2251,    544.8382,  25387.0840,
       1,     167,     165,       8,       1,       3,       1,     10.0000,      1.3896,     42.4373,    245.7120,     61.8363,      3.4953,      0.0071,     -0.0242,      0.9824,      0.1364,      5.5199,     11.0399,      1.2053,     28.4957,     56.9914,      0.0190,      0.0008,      0.0156,      0.2004,   7616.1255,-418382.4062,   -925.1813,    544.8522,  25387.0840,
       1,     167,     165,       9,       1,       3,       1,     10.0000,      1.3896,     42.4373,    245.7120,     61.8363,      3.4953,      0.0346,      0.0023,      2.1859,      0.1681,      5.5199,     11.0399,      1.4857,     28.4957,     56.9914,      0.0190,      0.0009,      0.0291,      0.2004,   7616.1255,-418176.9688,   -925.1339,    544.8662,  25387.0840,
       1,     167,     165,      10,       1,       3,       1,     10.0000,      1.3896,     42.4373,    245.7120,     61.8363,      3.4953,      0.1156,      0.0822,      8.7614,      0.1998,      5.5199,     11.0399,      1.7658,     28.4957,     56.9914,      0.0190,      0.0007,      0.1470,      0.2004,   7616.1255,-419683.5312,   -925.4113,    544.7636,  25387.0840,
       1,     167,     165,      11,       1,       3,       1,     10.0000,      1.3896,     42.4373,    245.7120,     61.8363,      3.4953,      0.1290,      0.0951,      9.4458,      0.2198,      5.5199,     11.0399,      1.9426,     28.4957,     56.9914,      0.0190,      0.0007,      0.1667,      0.2004,   7616.1255,-428142.1562,   -927.0454,    544.1876,  25387.0820,
       1,     167,     165,      12,       1,       3,       1,     10.0000,      1.3896,     42.4373,    245.7120,     61.8363,      3.4953,      0.1618,      0.1285,      8.2981,      0.1998,      5.5199,     11.0399,      1.7658,     28.4957,     56.9914,      0.0190,      0.0005,      0.2155,      0.2004,   7616.1250,-429739.8125,   -927.3428,    544.0792,  25387.0840,
       1,     167,     165,      13,       1,       3,       1,     10.0000,      1.3896,     42.4373,    245.7120,     61.8363,      3.4953,      0.1582,      0.1246,      8.0872,      0.2077,      5.5199,     11.0399,      1.8350,     28.4957,     56.9914,      0.0190,      0.0005,      0.2102,      0.2004,   7616.1255,-428423.0312,   -927.0223,    544.1688,  25387.0840,
       1,     167,     165,      14,       1,       3,       1,     10.0000,      1.3896,     42.4373,    245.7120,     61.8363,      3.4953,      0.1837,      0.1500,     36.6945,      0.2105,      5.5199,     11.0399,      1.8604,     28.4957,     56.9914,      0.0190,      0.0019,      0.2446,      0.2004,   7616.1255,-428042.2500,   -926.8940,    544.1947,  25387.0859,
       1,     167,     165,      15,       1,       3,       1,     10.0000,      1.3896,     42.4373,    245.7120,     61.8363,      3.4953,      0.1243,      0.0906,     45.8513,      0.2126,      5.5199,     11.0399,      1.8788,     28.4957,     56.9914,      0.0190,      0.0037,      0.1555,      0.2004,   7616.1260,-464248.0938,   -933.9638,    541.7318,  25387.0840,
       1,     167,     165,      16,       1,       3,       1,     10.0000,      1.3896,     42.4373,    245.7120,     61.8363,      3.4953,      0.0926,      0.0587,     42.6514,      0.2192,      5.5199,     11.0399,      1.9369,     28.4957,     56.9914,      0.0190,      0.0049,      0.1088,      0.2004,   7616.1255,-478989.5625,   -936.9683,    540.7391,  25387.0840,
       1,     167,     165,      17,       1,       3,       1,     10.0000,      1.3896,     42.4373,    245.7120,     61.8363,      3.4953,      0.0776,      0.0440,     22.7674,      0.2099,      5.5199,     11.0399,      1.8550,     28.4957,     56.9914,      0.0190,      0.0032,      0.0890,      0.2003,   7616.1255,-476196.6562,   -936.5339,    540.9288,  25387.0840,
       1,     167,     165,      18,       1,       3,       1,     10.0000,      1.3896,     42.4373,    245.7120,     61.8363,      3.4953,      0.0587,      0.0258,     18.1723,      0.1885,      5.5199,     11.0399,      1.6657,     28.4957,     56.9914,      0.0190,      0.0036,      0.0622,      0.2003,   7616.1255,-450749.1250,   -931.6078,    542.6495,  25387.0840,
       1,     167,     165,      19,       1,       3,       1,     10.0000,      1.3896,     42.4373,    245.7120,     61.8363,      3.4953,      0.0310,     -0.0016,      6.5915,      0.1764,      5.5199,     11.0399,      1.5585,     28.4957,     56.9914,      0.0190,      0.0036,      0.0230,      0.2004,   7616.1255,-442745.5000,   -930.0554,    543.1951,  25387.0840,
       1,     167,     165,      20,       1,       3,       1,     10.0000,      1.3896,     42.4373,    245.7120,     61.8363,      3.4953,      0.0109,     -0.0216,      4.7407,      0.1713,      5.5199,     11.0399,      1.5141,     28.4957,     56.9914,      0.0190,      0.0038,      0.0156,      0.2004,   7616.1255,-427380.3125,   -927.0114,    544.2387,  25387.0820,
       1,     167,     165,      21,       1,       3,       1,     10.0000,      1.3896,     42.4373,    245.7120,     61.8363,      3.4953,      0.0000,     -0.0322,      4.9748,      0.1651,      5.5199,     11.0399,      1.4592,     28.4957,     56.9914,      0.0190,      0.0040,      0.0156,      0.2004,   7616.1250,-423714.6875,   -926.2607,    544.4891,  25387.0840,
       1,     167,     165,      22,       1,       3,       1,     10.0000,      1.3896,     42.4373,    245.7120,     61.8363,      3.4953,      0.0000,     -0.0320,      4.6857,      0.1583,      5.5199,     11.0399,      1.3991,     28.4957,     56.9914,      0.0190,      0.0037,      0.0156,      0.2004,   7616.1255,-423693.9062,   -926.2195,    544.4905,  25387.0840,
       1,     167,     165,      23,       1,       3,       1,     10.0000,      1.3896,     42.4373,    245.7120,     61.8363,      3.4953,      0.0000,     -0.0319,      3.3102,      0.1539,      5.5199,     11.0399,      1.3603,     28.4957,     56.9914,      0.0190,      0.0026,      0.0156,      0.2004,   7616.1255,-423325.8438,   -926.1098,    544.5156,  25387.0840,
       1,     167,     165,      24,       1,       3,       1,     10.0000,      1.3896,     42.4373,    245.7120,     61.8363,      3.4953,      0.0000,     -0.0319,      2.6482,      0.1541,      5.5199,     11.0399,      1.3617,     28.4957,     56.9914,      0.0190,      0.0021,      0.0156,      0.2004,   7616.1255,-421551.8750,   -925.7338,    544.6364,  25387.0859,
       1,     167,     166,       1,       1,       3,       1,     10.0000,      1.3896,     42.4376,    245.7178,     61.8377,      3.4953,      0.0000,     -0.0319,      2.3417,      0.1541,      5.5200,     11.0401,      1.3617,     28.4853,     56.9706,      0.0190,      0.0019,      0.0156,      0.2004,   7616.1260,-420717.2188,   -925.8382,    544.7062,  25388.2344,
       1,     167,     166,       2,       1,       3,       1,     10.0000,      1.3896,     42.4376,    245.7178,     61.8377,      3.4953,      0.0000,     -0.0318,      1.7963,      0.1529,      5.5200,     11.0401,      1.3508,     28.4853,     56.9706,      0.0190,      0.0014,      0.0156,      0.2004,   7616.4707,-420102.6875,   -925.4196,    544.7481,  25388.2344,
       1,     167,     166,       3,       1,       3,       1,     10.0000,      1.3896,     42.4376,    245.7178,     61.8377,      3.4953,      0.0000,     -0.0319,      1.3682,      0.1553,      5.5200,     11.0401,      1.3727,     28.4853,     56.9706,      0.0190,      0.0011,      0.0156,      0.2004,   7616.4707,-419358.9688,   -925.2618,    544.7987,  25388.2344,
       1,     167,     166,       4,       1,       3,       1,     10.0000,      1.3896,     42.4376,    245.7178,     61.8377,      3.4953,      0.0000,     -0.0318,      1.1967,      0.1529,      5.5200,     11.0401,      1.3508,     28.4853,     56.9706,      0.0190,      0.0010,      0.0156,      0.2004,   7616.4707,-418752.6875,   -925.1349,    544.8400,  25388.2344,
       1,     167,     166,       5,       1,       3,       1,     10.0000,      1.3896,     42.4376,    245.7178,     61.8377,      3.4953,      0.0000,     -0.0317,      1.1946,      0.1507,      5.5200,     11.0401,      1.3320,     28.4853,     56.9706,      0.0190,      0.0010,      0.0156,      0.2004,   7616.4707,-418483.2500,   -925.0757,    544.8584,  25388.2344,
       1,     167,     166,       6,       1,       3,       1,     10.0000,      1.3896,     42.4376,    245.7178,     61.8377,      3.4953,      0.0000,     -0.0318,      0.7572,      0.1521,      5.5200,     11.0401,      1.3441,     28.4853,     56.9706,      0.0190,      0.0006,      0.0156,      0.2004,   7616.4707,-418457.2188,   -925.0640,    544.8602,  25388.2344,
       1,     167,     166,       7,       1,       3,       1,     10.0000,      1.3896,     42.4376,    245.7178,     61.8377,      3.4953,      0.0000,     -0.0319,      0.6360,      0.1553,      5.5200,     11.0401,      1.3727,     28.4853,     56.9706,      0.0190,      0.0005,      0.0156,      0.2004,   7616.4707,-417901.0000,   -924.9523,    544.8981,  25388.2344,
       1,     167,     166,       8,       1,       3,       1,     10.0000,      1.3896,     42.4376,    245.7178,     61.8377,      3.4953,      0.0280,     -0.0040,      1.0464,      0.1595,      5.5200,     11.0401,      1.4090,     28.4853,     56.9706,      0.0190,      0.0007,      0.0199,      0.2004,   7616.4707,-417699.5625,   -924.9115,    544.9117,  25388.2324,
       1,     167,     166,       9,       1,       3,       1,     10.0000,      1.3896,     42.4376,    245.7178,     61.8377,      3.4953,      0.1356,      0.1034,      9.1960,      0.1635,      5.5200,     11.0401,      1.4447,     28.4853,     56.9706,      0.0190,      0.0006,      0.1768,      0.2004,   7616.4702,-418202.1875,   -925.0031,    544.8774,  25388.2344,
       1,     167,     166,      10,       1,       3,       1,     10.0000,      1.3896,     42.4376,    245.7178,     61.8377,      3.4953,      0.1757,      0.1430,     15.3293,      0.1799,      5.5200,     11.0401,      1.5898,     28.4853,     56.9706,      0.0190,      0.0008,      0.2350,      0.2004,   7616.4707,-428566.2812,   -927.0353,    544.1716,  25388.2344,
       1,     167,     166,      11,       1,       3,       1,     10.0000,      1.3896,     42.4376,    245.7178,     61.8377,      3.4953,      0.1811,      0.1472,     18.2193,      0.2179,      5.5200,     11.0401,      1.9256,     28.4853,     56.9706,      0.0190,      0.0009,      0.2430,      0.2004,   7616.4707,-437230.0000,   -928.7042,    543.5828,  25388.2344,
       1,     167,     166,      12,       1,       3,       1,     10.0000,      1.3896,     42.4376,    245.7178,     61.8377,      3.4953,      0.1832,      0.1491,     20.6637,      0.2266,      5.5200,     11.0401,      2.0025,     28.4853,     56.9706,      0.0190,      0.0010,      0.2459,      0.2004,   7616.4707,-441637.8438,   -929.5362,    543.2836,  25388.2344,
       1,     167,     166,      13,       1,       3,       1,     10.0000,      1.3896,     42.4376,    245.7178,     61.8377,      3.4953,      0.1620,      0.1279,     27.4751,      0.2273,      5.5200,     11.0401,      2.0084,     28.4853,     56.9706,      0.0190,      0.0016,      0.2136,      0.2004,   7616.4707,-445114.1875,   -930.1906,    543.0475,  25388.2344,
       1,     167,     166,      14,       1,       3,       1,     10.0000,      1.3896,     42.4376,    245.7178,     61.8377,      3.4953,      0.1857,      0.1518,     38.3900,      0.2214,      5.5200,     11.0401,      1.9560,     28.4853,     56.9706,      0.0190,      0.0019,      0.2475,      0.2004,   7616.4707,-454043.4375,   -931.9831,    542.4415,  25388.2344,
       1,     167,     166,      15,       1,       3,       1,     10.0000,      1.3896,     42.4376,    245.7178,     61.8377,      3.4953,      0.1888,      0.1553,     55.0607,      0.2062,      5.5200,     11.0401,      1.8224,     28.4853,     56.9706,      0.0190,      0.0027,      0.2500,      0.2004,   7616.4707,-468643.2500,   -934.9019,    541.4519,  25388.2363,
       1,     167,     166,      16,       1,       3,       1,     10.0000,      1.3896,     42.4376,    245.7178,     61.8377,      3.4953,      0.1832,      0.1497,     89.2472,      0.2077,      5.5200,     11.0401,      1.8350,     28.4853,     56.9706,      0.0190,      0.0047,      0.2378,      0.2004,   7616.4712,-491029.7812,   -941.0613,    539.9376,  25388.2344,
       1,     167,     166,      17,       1,       3,       1,     10.0000,      1.3896,     42.4376,    245.7178,     61.8377,      3.4953,      0.1216,      0.0880,     67.9396,      0.2103,      5.5200,     11.0401,      1.8586,     28.4853,     56.9706,      0.0190,      0.0057,      0.1490,      0.2004,   7616.4707,-536302.4375,   -950.2010,    536.8843,  25388.2324,
       1,     167,     166,      18,       1,       3,       1,     10.0000,      1.3896,     42.4376,    245.7178,     61.8377,      3.4953,      0.0452,      0.0113,     18.6170,      0.2220,      5.5200,     11.0401,      1.9618,     28.4853,     56.9706,      0.0190,      0.0056,      0.0412,      0.2003,   7616.4702,-513182.7500,   -945.9010,    538.4444,  25388.2324,
       1,     167,     166,      19,       1,       3,       1,     10.0000,      1.3896,     42.4376,    245.7178,     61.8377,      3.4953,      0.0473,      0.0137,     17.3678,      0.2105,      5.5200,     11.0401,      1.8605,     28.4853,     56.9706,      0.0190,      0.0048,      0.0448,      0.2003,   7616.4702,-448640.7188,   -933.2191,    542.7906,  25388.2324,
       1,     167,     166,      20,       1,       3,       1,     10.0000,      1.3896,     42.4376,    245.7178,     61.8377,      3.4953,      0.0188,     -0.0144,      1.5254,      0.1932,      5.5200,     11.0401,      1.7075,     28.4853,     56.9706,      0.0190,      0.0039,      0.0049,      0.2004,   7616.4702,-441563.9688,   -931.8113,    543.2885,  25388.2324,
       1,     167,     166,      21,       1,       3,       1,     10.0000,      1.3896,     42.4376,    245.7178,     61.8377,      3.4953,      0.0000,     -0.0328,      4.6939,      0.1833,      5.5200,     11.0401,      1.6201,     28.4853,     56.9706,      0.0190,      0.0037,      0.0156,      0.2004,   7616.4702,-420862.7500,   -927.6631,    544.6945,  25388.2324,
       1,     167,     166,      22,       1,       3,       1,     10.0000,      1.3896,     42.4376,    245.7178,     61.8377,      3.4953,      0.0000,     -0.0326,      5.2165,      0.1765,      5.5200,     11.0401,      1.5601,     28.4853,     56.9706,      0.0190,      0.0041,      0.0156,      0.2004,   7616.4702,-423096.7812,   -928.0577,    544.5443,  25388.2324,
       1,     167,     166,      23,       1,       3,       1,     10.0000,      1.3896,     42.4376,    245.7178,     61.8377,      3.4953,      0.0000,     -0.0325,      5.7238,      0.1745,      5.5200,     11.0401,      1.5415,     28.4853,     56.9706,      0.0190,      0.0046,      0.0156,      0.2004,   7616.4702,-423949.0625,   -928.1743,    544.4862,  25388.2324,
       1,     167,     166,      24,       1,       3,       1,     10.0000,      1.3896,     42.4376,    245.7178,     61.8377,      3.4953,      0.0000,     -0.0323,      5.2193,      0.1683,      5.5200,     11.0401,      1.4872,     28.4853,     56.9706,      0.0190,      0.0042,      0.0156,      0.2004,   7616.4702,-424665.1250,   -928.2584,    544.4375,  25388.2324,
       1,     167,     167,       1,       1,       3,       1,     10.0000,      1.3896,     42.4380,    245.7237,     61.8392,      3.4953,      0.0000,     -0.0322,      4.1442,      0.1640,      5.5196,     11.0392,      1.4491,     28.4865,     56.9730,      0.0190,      0.0033,      0.0156,      0.2004,   7616.4702,-424244.5938,   -928.4169,    544.4791,  25389.3848,
       1,     167,     167,       2,       1,       3,       1,     10.0000,      1.3896,     42.4380,    245.7237,     61.8392,      3.4953,      0.0000,     -0.0321,      3.4351,      0.1607,      5.5196,     11.0392,      1.4204,     28.4865,     56.9730,      0.0190,      0.0027,      0.0156,      0.2004,   7616.8159,-422692.2500,   -927.7866,    544.5848,  25389.3848,
       1,     167,     167,       3,       1,       3,       1,     10.0000,      1.3896,     42.4380,    245.7237,     61.8392,      3.4953,      0.0000,     -0.0320,      2.9077,      0.1593,      5.5196,     11.0392,      1.4076,     28.4865,     56.9730,      0.0190,      0.0023,      0.0156,      0.2004,   7616.8159,-421660.4375,   -927.5534,    544.6551,  25389.3828,
       1,     167,     167,       4,       1,       3,       1,     10.0000,      1.3896,     42.4380,    245.7237,     61.8392,      3.4953,      0.0000,     -0.0319,      2.7763,      0.1563,      5.5196,     11.0392,      1.3810,     28.4865,     56.9730,      0.0190,      0.0022,      0.0156,      0.2004,   7616.8149,-420903.6875,   -927.3802,    544.7065,  25389.3848,
       1,     167,     167,       5,       1,       3,       1,     10.0000,      1.3896,     42.4380,    245.7237,     61.8392,      3.4953,      0.0000,     -0.0319,      2.3104,      0.1547,      5.5196,     11.0392,      1.3673,     28.4865,     56.9730,      0.0190,      0.0018,      0.0156,      0.2004,   7616.8159,-420672.0000,   -927.3117,    544.7224,  25389.3848,
       1,     167,     167,       6,       1,       3,       1,     10.0000,      1.3896,     42.4380,    245.7237,     61.8392,      3.4953,      0.0000,     -0.0319,      2.2938,      0.1544,      5.5196,     11.0392,      1.3645,     28.4865,     56.9730,      0.0190,      0.0018,      0.0156,      0.2004,   7616.8159,-420061.9062,   -927.1726,    544.7639,  25389.3828,
       1,     167,     167,       7,       1,       3,       1,     10.0000,      1.3896,     42.4380,    245.7237,     61.8392,      3.4953,      0.0000,     -0.0319,      1.8102,      0.1549,      5.5196,     11.0392,      1.3686,     28.4865,     56.9730,      0.0190,      0.0014,      0.0156,      0.2004,   7616.8149,-419988.4688,   -927.1394,    544.7689,  25389.3848,
       1,     167,     167,       8,       1,       3,       1,     10.0000,      1.3896,     42.4380,    245.7237,     61.8392,      3.4953,      0.0123,     -0.0197,      1.4003,      0.1603,      5.5196,     11.0392,      1.4161,     28.4865,     56.9730,      0.0190,      0.0011,      0.0156,      0.2004,   7616.8159,-419369.5938,   -927.0022,    544.8110,  25389.3867,
       1,     167,     167,       9,       1,       3,       1,     10.0000,      1.3896,     42.4380,    245.7237,     61.8392,      3.4953,      0.1078,      0.0752,     10.8773,      0.1760,      5.5196,     11.0392,      1.5555,     28.4865,     56.9730,      0.0190,      0.0010,      0.1355,      0.2004,   7616.8164,-418797.0000,   -926.8762,    544.8500,  25389.3848,
       1,     167,     167,      10,       1,       3,       1,     10.0000,      1.3896,     42.4380,    245.7237,     61.8392,      3.4953,      0.0852,      0.0521,      7.4352,      0.1927,      5.5196,     11.0392,      1.7025,     28.4865,     56.9730,      0.0190,      0.0009,      0.1024,      0.2004,   7616.8159,-430748.5000,   -929.2500,    544.0361,  25389.3848,
       1,     167,     167,      11,       1,       3,       1,     10.0000,      1.3896,     42.4380,    245.7237,     61.8392,      3.4953,      0.0722,      0.0387,      6.7135,      0.2081,      5.5196,     11.0392,      1.8387,     28.4865,     56.9730,      0.0190,      0.0010,      0.0830,      0.2004,   7616.8159,-427421.2500,   -928.5952,    544.2629,  25389.3848,
       1,     167,     167,      12,       1,       3,       1,     10.0000,      1.3896,     42.4380,    245.7237,     61.8392,      3.4953,      0.0642,      0.0304,      6.5699,      0.2162,      5.5196,     11.0392,      1.9105,     28.4865,     56.9730,      0.0190,      0.0011,      0.0710,      0.2004,   7616.8159,-426219.8750,   -928.3593,    544.3447,  25389.3848,
       1,     167,     167,      13,       1,       3,       1,     10.0000,      1.3896,     42.4380,    245.7237,     61.8392,      3.4953,      0.0831,      0.0491,     12.0079,      0.2240,      5.5196,     11.0392,      1.9792,     28.4865,     56.9730,      0.0190,      0.0015,      0.0982,      0.2004,   7616.8159,-425934.3750,   -928.3024,    544.3641,  25389.3828,
       1,     167,     167,      14,       1,       3,       1,     10.0000,      1.3896,     42.4380,    245.7237,     61.8392,      3.4953,      0.1590,      0.1248,     39.4684,      0.2298,      5.5196,     11.0392,      2.0302,     28.4865,     56.9730,      0.0190,      0.0024,      0.2077,      0.2004,   7616.8149,-432796.7500,   -929.6712,    543.8972,  25389.3848,
       1,     167,     167,      15,       1,       3,       1,     10.0000,      1.3896,     42.4380,    245.7237,     61.8392,      3.4953,      0.1711,      0.1371,     61.7989,      0.2238,      5.5196,     11.0392,      1.9773,     28.4865,     56.9730,      0.0190,      0.0034,      0.2232,      0.2004,   7616.8159,-468168.6562,   -936.7407,    541.4926,  25389.3848,
       1,     167,     167,      16,       1,       3,       1,     10.0000,      1.3896,     42.4380,    245.7237,     61.8392,      3.4953,      0.1625,      0.1284,     84.7465,      0.2280,      5.5196,     11.0392,      2.0144,     28.4865,     56.9730,      0.0190,      0.0051,      0.2078,      0.2004,   7616.8159,-499527.6562,   -943.1059,    539.3753,  25389.3867,
       1,     167,     167,      17,       1,       3,       1,     10.0000,      1.3896,     42.4380,    245.7237,     61.8392,      3.4953,      0.0928,      0.0589,     43.6069,      0.2198,      5.5196,     11.0392,      1.9427,     28.4865,     56.9730,      0.0190,      0.0050,      0.1090,      0.2004,   7616.8164,-531323.0000,   -949.6772,    537.2357,  25389.3848,
       1,     167,     167,      18,       1,       3,       1,     10.0000,      1.3896,     42.4380,    245.7237,     61.8392,      3.4953,      0.0585,      0.0248,     24.6393,      0.2139,      5.5196,     11.0392,      1.8900,     28.4865,     56.9730,      0.0190,      0.0051,      0.0605,      0.2003,   7616.8159,-481877.7812,   -940.0458,    540.5604,  25389.3828,
       1,     167,     167,      19,       1,       3,       1,     10.0000,      1.3896,     42.4380,    245.7237,     61.8392,      3.4953,      0.0394,      0.0060,     13.6396,      0.2004,      5.5196,     11.0392,      1.7711,     28.4865,     56.9730,      0.0190,      0.0050,      0.0338,      0.2004,   7616.8149,-453618.9375,   -934.4854,    542.4802,  25389.3848,
       1,     167,     167,      20,       1,       3,       1,     10.0000,      1.3896,     42.4380,    245.7237,     61.8392,      3.4953,      0.0160,     -0.0169,      0.4734,      0.1857,      5.5196,     11.0392,      1.6412,     28.4865,     56.9730,      0.0190,      0.0048,      0.0012,      0.2004,   7616.8159,-437250.4062,   -931.2139,    543.5936,  25389.3809,
       1,     167,     167,      21,       1,       3,       1,     10.0000,      1.3896,     42.4380,    245.7237,     61.8392,      3.4953,      0.0000,     -0.0327,      6.0551,      0.1789,      5.5196,     11.0392,      1.5804,     28.4865,     56.9730,      0.0190,      0.0048,      0.0156,      0.2004,   7616.8145,-419164.0938,   -927.5441,    544.8236,  25389.3828,
       1,     167,     167,      22,       1,       3,       1,     10.0000,      1.3896,     42.4380,    245.7237,     61.8392,      3.4953,      0.0000,     -0.0326,      5.6870,      0.1769,      5.5196,     11.0392,      1.5632,     28.4865,     56.9730,      0.0190,      0.0045,      0.0156,      0.2004,   7616.8149,-424675.7500,   -928.5911,    544.4497,  25389.3828,
       1,     167,     167,      23,       1,       3,       1,     10.0000,      1.3896,     42.4380,    245.7237,     61.8392,      3.4953,      0.0000,     -0.0326,      5.0899,      0.1757,      5.5196,     11.0392,      1.5524,     28.4865,     56.9730,      0.0190,      0.0040,      0.0156,      0.2004,   7616.8149,-424683.4062,   -928.5454,    544.4493,  25389.3828,
       1,     167,     167,      24,       1,       3,       1,     10.0000,      1.3896,     42.4380,    245.7237,     61.8392,      3.4953,      0.0000,     -0.0325,      4.2454,      0.1717,      5.5196,     11.0392,      1.5172,     28.4865,     56.9730,      0.0190,      0.0034,      0.0156,      0.2004,   7616.8149,-423927.7500,   -928.3531,    544.5007,  25389.3809,
       1,     167,     168,       1,       1,       3,       1,     10.0000,      1.3897,     42.4383,    245.7296,     61.8407,      3.4953,      0.0000,     -0.0324,      3.0536,      0.1693,      5.5202,     11.0405,      1.4962,     28.4744,     56.9487,      0.0190,      0.0024,      0.0156,      0.2005,   7616.8145,-422950.3438,   -928.4169,    544.5803,  25390.5332,
       1,     167,     168,       2,       1,       3,       1,     10.0000,      1.3897,     42.4383,    245.7296,     61.8407,      3.4953,      0.0000,     -0.0322,      2.2112,      0.1640,      5.5202,     11.0405,      1.4491,     28.4744,     56.9487,      0.0190,      0.0018,      0.0156,      0.2005,   7617.1602,-421202.1250,   -927.7568,    544.6993,  25390.5352,
       1,     167,     168,       3,       1,       3,       1,     10.0000,      1.3897,     42.4383,    245.7296,     61.8407,      3.4953,      0.0000,     -0.0321,      1.9880,      0.1614,      5.5202,     11.0405,      1.4261,     28.4744,     56.9487,      0.0190,      0.0016,      0.0156,      0.2005,   7617.1606,-419984.7500,   -927.4976,    544.7822,  25390.5332,
       1,     167,     168,       4,       1,       3,       1,     10.0000,      1.3897,     42.4383,    245.7296,     61.8407,      3.4953,      0.0000,     -0.0321,      2.2514,      0.1624,      5.5202,     11.0405,      1.4347,     28.4744,     56.9487,      0.0190,      0.0018,      0.0156,      0.2005,   7617.1602,-419597.2188,   -927.4067,    544.8085,  25390.5312,
       1,     167,     168,       5,       1,       3,       1,     10.0000,      1.3897,     42.4383,    245.7296,     61.8407,      3.4953,      0.0000,     -0.0322,      2.2602,      0.1642,      5.5202,     11.0405,      1.4506,     28.4744,     56.9487,      0.0190,      0.0018,      0.0156,      0.2005,   7617.1597,-419897.7500,   -927.4513,    544.7881,  25390.5332,
       1,     167,     168,       6,       1,       3,       1,     10.0000,      1.3897,     42.4383,    245.7296,     61.8407,      3.4953,      0.0000,     -0.0322,      1.9182,      0.1643,      5.5202,     11.0405,      1.4520,     28.4744,     56.9487,      0.0190,      0.0015,      0.0156,      0.2005,   7617.1602,-419934.4062,   -927.4421,    544.7856,  25390.5332,
       1,     167,     168,       7,       1,       3,       1,     10.0000,      1.3897,     42.4383,    245.7296,     61.8407,      3.4953,      0.0000,     -0.0322,      1.7169,      0.1632,      5.5202,     11.0405,      1.4419,     28.4744,     56.9487,      0.0190,      0.0014,      0.0156,      0.2005,   7617.1602,-419504.6562,   -927.3436,    544.8149,  25390.5352,
       1,     167,     168,       8,       1,       3,       1,     10.0000,      1.3897,     42.4383,    245.7296,     61.8407,      3.4953,      0.0073,     -0.0248,      1.7012,      0.1622,      5.5202,     11.0405,      1.4332,     28.4744,     56.9487,      0.0190,      0.0014,      0.0156,      0.2005,   7617.1606,-419212.4375,   -927.2739,    544.8348,  25390.5352,
       1,     167,     168,       9,       1,       3,       1,     10.0000,      1.3897,     42.4383,    245.7296,     61.8407,      3.4953,      0.0464,      0.0141,      5.9477,      0.1675,      5.5202,     11.0405,      1.4798,     28.4744,     56.9487,      0.0190,      0.0016,      0.0461,      0.2005,   7617.1606,-419167.3750,   -927.2531,    544.8378,  25390.5352,
       1,     167,     168,      10,       1,       3,       1,     10.0000,      1.3897,     42.4383,    245.7296,     61.8407,      3.4953,      0.0460,      0.0133,      6.5246,      0.1819,      5.5202,     11.0405,      1.6074,     28.4744,     56.9487,      0.0190,      0.0018,      0.0450,      0.2005,   7617.1606,-424540.2812,   -928.3170,    544.4720,  25390.5332,
       1,     167,     168,      11,       1,       3,       1,     10.0000,      1.3897,     42.4383,    245.7296,     61.8407,      3.4953,      0.1318,      0.0979,     29.6494,      0.2188,      5.5202,     11.0405,      1.9332,     28.4744,     56.9487,      0.0190,      0.0022,      0.1684,      0.2005,   7617.1602,-425734.4375,   -928.5463,    544.3907,  25390.5332,
       1,     167,     168,      12,       1,       3,       1,     10.0000,      1.3897,     42.4383,    245.7296,     61.8407,      3.4953,      0.1410,      0.1067,     30.9721,      0.2364,      5.5202,     11.0405,      2.0886,     28.4744,     56.9487,      0.0190,      0.0021,      0.1820,      0.2005,   7617.1602,-455119.4688,   -934.4393,    542.3912,  25390.5332,
       1,     167,     168,      13,       1,       3,       1,     10.0000,      1.3897,     42.4383,    245.7296,     61.8407,      3.4953,      0.1374,      0.1025,     32.1813,      0.2572,      5.5202,     11.0405,      2.2731,     28.4744,     56.9487,      0.0190,      0.0023,      0.1764,      0.2004,   7617.1602,-459337.1875,   -935.3333,    542.1089,  25390.5352,
       1,     167,     168,      14,       1,       3,       1,     10.0000,      1.3897,     42.4383,    245.7296,     61.8407,      3.4953,      0.1751,      0.1402,     48.6598,      0.2615,      5.5202,     11.0405,      2.3109,     28.4744,     56.9487,      0.0190,      0.0026,      0.2309,      0.2004,   7617.1606,-461227.4375,   -935.7842,    541.9808,  25390.5312,
       1,     167,     168,      15,       1,       3,       1,     10.0000,      1.3897,     42.4383,    245.7296,     61.8407,      3.4953,      0.1627,      0.1280,     57.8111,      0.2520,      5.5202,     11.0405,      2.2272,     28.4744,     56.9487,      0.0190,      0.0034,      0.2112,      0.2004,   7617.1597,-482267.4375,   -940.0770,    540.5555,  25390.5332,
       1,     167,     168,      16,       1,       3,       1,     10.0000,      1.3897,     42.4383,    245.7296,     61.8407,      3.4953,      0.1537,      0.1192,     82.5215,      0.2396,      5.5202,     11.0405,      2.1173,     28.4744,     56.9487,      0.0190,      0.0053,      0.1948,      0.2004,   7617.1602,-495680.1562,   -942.9179,    539.6510,  25390.5332,
       1,     167,     168,      17,       1,       3,       1,     10.0000,      1.3897,     42.4383,    245.7296,     61.8407,      3.4953,      0.1198,      0.0856,     70.6547,      0.2343,      5.5202,     11.0405,      2.0703,     28.4744,     56.9487,      0.0190,      0.0060,      0.1459,      0.2004,   7617.1602,-528155.6250,   -949.6727,    537.4612,  25390.5332,
       1,     167,     168,      18,       1,       3,       1,     10.0000,      1.3897,     42.4383,    245.7296,     61.8407,      3.4953,      0.1617,      0.1296,     95.5930,      0.1593,      5.5202,     11.0405,      1.4076,     28.4744,     56.9487,      0.0190,      0.0058,      0.2050,      0.2004,   7617.1602,-515907.6562,   -953.4440,    538.2885,  25390.5312,
       1,     167,     168,      19,       1,       3,       1,     10.0000,      1.3897,     42.4383,    245.7296,     61.8407,      3.4953,      0.0959,      0.0640,     49.0503,      0.1533,      5.5202,     11.0405,      1.3550,     28.4744,     56.9487,      0.0190,      0.0053,      0.1139,      0.2004,   7617.1597,-546474.8750,   -953.6708,    536.2324,  25390.5312,
       1,     167,     168,      20,       1,       3,       1,     10.0000,      1.3897,     42.4383,    245.7296,     61.8407,      3.4953,      0.0146,     -0.0175,      0.1100,      0.1601,      5.5202,     11.0405,      1.4147,     28.4744,     56.9487,      0.0190,      0.0052,      0.0003,      0.2003,   7617.1597,-490065.0000,   -941.8372,    540.0173,  25390.5312,
       1,     167,     168,      21,       1,       3,       1,     10.0000,      1.3897,     42.4383,    245.7296,     61.8407,      3.4953,      0.0000,     -0.0321,      5.9045,      0.1625,      5.5202,     11.0405,      1.4361,     28.4744,     56.9487,      0.0190,      0.0047,      0.0156,      0.2004,   7617.1597,-423230.6250,   -929.9637,    544.5421,  25390.5312,
       1,     167,     168,      22,       1,       3,       1,     10.0000,      1.3897,     42.4383,    245.7296,     61.8407,      3.4953,      0.0000,     -0.0321,      5.1188,      0.1614,      5.5202,     11.0405,      1.4261,     28.4744,     56.9487,      0.0190,      0.0041,      0.0156,      0.2005,   7617.1597,-424860.6562,   -930.8398,    544.4503,  25390.5332,
       1,     167,     168,      23,       1,       3,       1,     10.0000,      1.3897,     42.4383,    245.7296,     61.8407,      3.4953,      0.0000,     -0.0321,      1.3752,      0.1611,      5.5202,     11.0405,      1.4232,     28.4744,     56.9487,      0.0190,      0.0011,      0.0156,      0.2005,   7617.1602,-423981.8750,   -931.1287,    544.5101,  25390.5293,
       1,     167,     168,      24,       1,       3,       1,     10.0000,      1.3897,     42.4383,    245.7296,     61.8407,      3.4953,      0.0000,     -0.0321,      0.7818,      0.1611,      5.5202,     11.0405,      1.4232,     28.4744,     56.9487,      0.0190,      0.0006,      0.0156,      0.2005,   7617.1592,-419166.3750,   -930.3056,    544.8378,  25390.5312,
       1,     167,     169,       1,       1,       3,       1,     10.0000,      1.3897,     42.4386,    245.7354,     61.8422,      3.4953,      0.0000,     -0.0321,      0.6659,      0.1625,      5.5206,     11.0412,      1.4362,     28.4691,     56.9381,      0.0190,      0.0005,      0.0156,      0.2005,   7617.1597,-418157.3125,   -930.4236,    544.9197,  25391.6836,
       1,     167,     169,       2,       1,       3,       1,     10.0000,      1.3897,     42.4386,    245.7354,     61.8422,      3.4953,      0.0000,     -0.0321,      0.7408,      0.1625,      5.5206,     11.0412,      1.4362,     28.4691,     56.9381,      0.0190,      0.0006,      0.0156,      0.2005,   7617.5054,-417768.6250,   -930.0999,    544.9462,  25391.6816,
       1,     167,     169,       3,       1,       3,       1,     10.0000,      1.3897,     42.4386,    245.7354,     61.8422,      3.4953,      0.0000,     -0.0322,      0.9187,      0.1632,      5.5206,     11.0412,      1.4419,     28.4691,     56.9381,      0.0190,      0.0007,      0.0156,      0.2005,   7617.5049,-417830.2188,   -930.1438,    544.9420,  25391.6816,
       1,     167,     169,       4,       1,       3,       1,     10.0000,      1.3897,     42.4386,    245.7354,     61.8422,      3.4953,      0.0000,     -0.0321,      0.9703,      0.1612,      5.5206,     11.0412,      1.4247,     28.4691,     56.9381,      0.0190,      0.0008,      0.0156,      0.2005,   7617.5049,-418060.6562,   -930.2358,    544.9263,  25391.6816,
       1,     167,     169,       5,       1,       3,       1,     10.0000,      1.3897,     42.4386,    245.7354,     61.8422,      3.4953,      0.0000,     -0.0321,      0.9165,      0.1598,      5.5206,     11.0412,      1.4119,     28.4691,     56.9381,      0.0190,      0.0007,      0.0156,      0.2005,   7617.5049,-418145.9062,   -930.3040,    544.9205,  25391.6797,
       1,     167,     169,       6,       1,       3,       1,     10.0000,      1.3897,     42.4386,    245.7354,     61.8422,      3.4953,      0.0000,     -0.0321,      0.9971,      0.1611,      5.5206,     11.0412,      1.4233,     28.4691,     56.9381,      0.0190,      0.0008,      0.0156,      0.2005,   7617.5044,-418085.3438,   -930.3369,    544.9247,  25391.6816,
       1,     167,     169,       7,       1,       3,       1,     10.0000,      1.3897,     42.4386,    245.7354,     61.8422,      3.4953,      0.0000,     -0.0319,      1.0455,      0.1561,      5.5206,     11.0412,      1.3797,     28.4691,     56.9381,      0.0190,      0.0008,      0.0156,      0.2005,   7617.5049,-418181.8750,   -930.4065,    544.9181,  25391.6816,
       1,     167,     169,       8,       1,       3,       1,     10.0000,      1.3897,     42.4386,    245.7354,     61.8422,      3.4953,      0.0108,     -0.0209,      1.0543,      0.1498,      5.5206,     11.0412,      1.3240,     28.4691,     56.9381,      0.0190,      0.0008,      0.0156,      0.2005,   7617.5049,-418251.5312,   -930.4808,    544.9134,  25391.6816,
       1,     167,     169,       9,       1,       3,       1,     10.0000,      1.3897,     42.4386,    245.7354,     61.8422,      3.4953,      0.0553,      0.0229,      3.7879,      0.1685,      5.5206,     11.0412,      1.4888,     28.4691,     56.9381,      0.0190,      0.0008,      0.0592,      0.2005,   7617.5049,-418268.5625,   -930.5602,    544.9121,  25391.6797,
       1,     167,     169,      10,       1,       3,       1,     10.0000,      1.3897,     42.4386,    245.7354,     61.8422,      3.4953,      0.1441,      0.1114,     12.9778,      0.1803,      5.5206,     11.0412,      1.5931,     28.4691,     56.9381,      0.0190,      0.0009,      0.1888,      0.2005,   7617.5044,-421731.1875,   -931.3589,    544.6764,  25391.6816,
       1,     167,     169,      11,       1,       3,       1,     10.0000,      1.3897,     42.4386,    245.7354,     61.8422,      3.4953,      0.1480,      0.1142,     14.9243,      0.2150,      5.5206,     11.0412,      1.8994,     28.4691,     56.9381,      0.0190,      0.0010,      0.1942,      0.2005,   7617.5049,-433664.2188,   -934.0496,    543.8640,  25391.6816,
       1,     167,     169,      12,       1,       3,       1,     10.0000,      1.3897,     42.4386,    245.7354,     61.8422,      3.4953,      0.1676,      0.1334,     25.7524,      0.2309,      5.5206,     11.0412,      2.0403,     28.4691,     56.9381,      0.0190,      0.0014,      0.2221,      0.2005,   7617.5049,-437159.2500,   -935.1937,    543.6269,  25391.6816,
       1,     167,     169,      13,       1,       3,       1,     10.0000,      1.3897,     42.4386,    245.7354,     61.8422,      3.4953,      0.1801,      0.1459,     27.9954,      0.2332,      5.5206,     11.0412,      2.0603,     28.4691,     56.9381,      0.0190,      0.0014,      0.2405,      0.2005,   7617.5049,-451171.5625,   -938.5818,    542.6747,  25391.6816,
       1,     167,     169,      14,       1,       3,       1,     10.0000,      1.3897,     42.4386,    245.7354,     61.8422,      3.4953,      0.1854,      0.1510,     42.6012,      0.2371,      5.5206,     11.0412,      2.0948,     28.4691,     56.9381,      0.0190,      0.0021,      0.2466,      0.2005,   7617.5049,-455221.5312,   -940.2189,    542.4008,  25391.6836,
       1,     167,     169,      15,       1,       3,       1,     10.0000,      1.3897,     42.4386,    245.7354,     61.8422,      3.4953,      0.1628,      0.1283,     49.4769,      0.2441,      5.5206,     11.0412,      2.1569,     28.4691,     56.9381,      0.0190,      0.0029,      0.2123,      0.2005,   7617.5054,-474069.6562,   -944.8009,    541.1230,  25391.6816,
       1,     167,     169,      16,       1,       3,       1,     10.0000,      1.3897,     42.4386,    245.7354,     61.8422,      3.4953,      0.1634,      0.1291,     74.8493,      0.2361,      5.5206,     11.0412,      2.0866,     28.4691,     56.9381,      0.0190,      0.0044,      0.2102,      0.2004,   7617.5049,-484407.1250,   -947.5080,    540.4254,  25391.6816,
       1,     167,     169,      17,       1,       3,       1,     10.0000,      1.3897,     42.4386,    245.7354,     61.8422,      3.4953,      0.1759,      0.1421,     87.0732,      0.2162,      5.5206,     11.0412,      1.9106,     28.4691,     56.9381,      0.0190,      0.0048,      0.2272,      0.2004,   7617.5049,-517447.6562,   -954.6802,    538.1938,  25391.6797,
       1,     167,     169,      18,       1,       3,       1,     10.0000,      1.3897,     42.4386,    245.7354,     61.8422,      3.4953,      0.1700,      0.1362,     80.9231,      0.2164,      5.5206,     11.0412,      1.9125,     28.4691,     56.9381,      0.0190,      0.0046,      0.2192,      0.2004,   7617.5044,-535798.5000,   -959.0991,    536.9638,  25391.6777,
       1,     167,     169,      19,       1,       3,       1,     10.0000,      1.3897,     42.4386,    245.7354,     61.8422,      3.4953,      0.0967,      0.0633,     43.8242,      0.2032,      5.5206,     11.0412,      1.7958,     28.4691,     56.9381,      0.0190,      0.0047,      0.1150,      0.2004,   7617.5034,-529572.9375,   -958.6442,    537.3831,  25391.6797,
       1,     167,     169,      20,       1,       3,       1,     10.0000,      1.3897,     42.4386,    245.7354,     61.8422,      3.4953,      0.0218,     -0.0111,      3.4789,      0.1845,      5.5206,     11.0412,      1.6299,     28.4691,     56.9381,      0.0190,      0.0046,      0.0094,      0.2004,   7617.5044,-481990.6562,   -949.8166,    540.5795,  25391.6797,
       1,     167,     169,      21,       1,       3,       1,     10.0000,      1.3897,     42.4386,    245.7354,     61.8422,      3.4953,      0.0001,     -0.0324,      5.0940,      0.1746,      5.5206,     11.0412,      1.5432,     28.4691,     56.9381,      0.0190,      0.0041,      0.0156,      0.2004,   7617.5044,-426811.5312,   -939.2080,    544.3176,  25391.6797,
       1,     167,     169,      22,       1,       3,       1,     10.0000,      1.3897,     42.4386,    245.7354,     61.8422,      3.4953,      0.0000,     -0.0324,      4.3835,      0.1707,      5.5206,     11.0412,      1.5082,     28.4691,     56.9381,      0.0190,      0.0035,      0.0156,      0.2005,   7617.5044,-424137.5312,   -938.7950,    544.5125,  25391.6797,
       1,     167,     169,      23,       1,       3,       1,     10.0000,      1.3897,     42.4386,    245.7354,     61.8422,      3.4953,      0.0000,     -0.0325,      5.0085,      0.1720,      5.5206,     11.0412,      1.5203,     28.4691,     56.9381,      0.0190,      0.0040,      0.0156,      0.2005,   7617.5044,-422991.3750,   -938.6567,    544.5906,  25391.6797,
       1,     167,     169,      24,       1,       3,       1,     10.0000,      1.3897,     42.4386,    245.7354,     61.8422,      3.4953,      0.0000,     -0.0326,      5.1033,      0.1750,      5.5206,     11.0412,      1.5463,     28.4691,     56.9381,      0.0190,      0.0041,      0.0156,      0.2005,   7617.5044,-423683.6875,   -938.8845,    544.5434,  25391.6797,
       1,     167,     170,       1,       1,       3,       1,     10.0000,      1.3897,     42.4390,    245.7413,     61.8436,      3.4953,      0.0000,     -0.0326,      3.7998,      0.1748,      5.5197,     11.0394,      1.5448,     28.4707,     56.9414,      0.0190,      0.0030,      0.0156,      0.2005,   7617.5044,-424020.1250,   -939.3243,    544.5336,  25392.8320,
       1,     167,     170,       2,       1,       3,       1,     10.0000,      1.3897,     42.4390,    245.7413,     61.8436,      3.4953,      0.0000,     -0.0325,      2.9681,      0.1733,      5.5197,     11.0394,      1.5310,     28.4707,     56.9414,      0.0190,      0.0024,      0.0156,      0.2005,   7617.8501,-422244.1562,   -938.7488,    544.6544,  25392.8301,
       1,     167,     170,       3,       1,       3,       1,     10.0000,      1.3897,     42.4390,    245.7413,     61.8436,      3.4953,      0.0000,     -0.0324,      2.2152,      0.1715,      5.5197,     11.0394,      1.5158,     28.4707,     56.9414,      0.0190,      0.0018,      0.0156,      0.2005,   7617.8491,-421038.5625,   -938.5524,    544.7365,  25392.8281,
       1,     167,     170,       4,       1,       3,       1,     10.0000,      1.3897,     42.4390,    245.7413,     61.8436,      3.4953,      0.0000,     -0.0323,      1.8693,      0.1676,      5.5197,     11.0394,      1.4814,     28.4707,     56.9414,      0.0190,      0.0015,      0.0156,      0.2005,   7617.8486,-419981.8438,   -938.3730,    544.8085,  25392.8320,
       1,     167,     170,       5,       1,       3,       1,     10.0000,      1.3897,     42.4390,    245.7413,     61.8436,      3.4953,      0.0000,     -0.0322,      1.9408,      0.1633,      5.5197,     11.0394,      1.4434,     28.4707,     56.9414,      0.0190,      0.0015,      0.0156,      0.2005,   7617.8501,-419452.4375,   -938.2896,    544.8445,  25392.8301,
       1,     167,     170,       6,       1,       3,       1,     10.0000,      1.3897,     42.4390,    245.7413,     61.8436,      3.4953,      0.0000,     -0.0321,      2.0752,      0.1616,      5.5197,     11.0394,      1.4276,     28.4707,     56.9414,      0.0190,      0.0017,      0.0156,      0.2005,   7617.8491,-419497.4688,   -938.3201,    544.8416,  25392.8320,
       1,     167,     170,       7,       1,       3,       1,     10.0000,      1.3897,     42.4390,    245.7413,     61.8436,      3.4953,      0.0000,     -0.0321,      2.0350,      0.1614,      5.5197,     11.0394,      1.4262,     28.4707,     56.9414,      0.0190,      0.0016,      0.0156,      0.2005,   7617.8501,-419671.1250,   -938.3768,    544.8297,  25392.8301,
       1,     167,     170,       8,       1,       3,       1,     10.0000,      1.3897,     42.4390,    245.7413,     61.8436,      3.4953,      0.0114,     -0.0207,      2.2100,      0.1624,      5.5197,     11.0394,      1.4348,     28.4707,     56.9414,      0.0190,      0.0018,      0.0156,      0.2005,   7617.8491,-419635.5000,   -938.3909,    544.8321,  25392.8281,
       1,     167,     170,       9,       1,       3,       1,     10.0000,      1.3897,     42.4390,    245.7413,     61.8436,      3.4953,      0.0705,      0.0379,     12.6559,      0.1787,      5.5197,     11.0394,      1.5790,     28.4707,     56.9414,      0.0190,      0.0020,      0.0804,      0.2005,   7617.8486,-419854.2188,   -938.4587,    544.8172,  25392.8281,
       1,     167,     170,      10,       1,       3,       1,     10.0000,      1.3897,     42.4390,    245.7413,     61.8436,      3.4953,      0.1551,      0.1219,     32.3843,      0.1956,      5.5197,     11.0394,      1.7280,     28.4707,     56.9414,      0.0190,      0.0020,      0.2027,      0.2005,   7617.8486,-433096.1562,   -941.1388,    543.9154,  25392.8301,
       1,     167,     170,      11,       1,       3,       1,     10.0000,      1.3897,     42.4390,    245.7413,     61.8436,      3.4953,      0.1843,      0.1506,     37.3936,      0.2122,      5.5197,     11.0394,      1.8754,     28.4707,     56.9414,      0.0190,      0.0019,      0.2454,      0.2005,   7617.8491,-459217.3125,   -946.4526,    542.1402,  25392.8301,
       1,     167,     170,      12,       1,       3,       1,     10.0000,      1.3897,     42.4390,    245.7413,     61.8436,      3.4953,      0.1630,      0.1289,     30.3221,      0.2255,      5.5197,     11.0394,      1.9930,     28.4707,     56.9414,      0.0190,      0.0018,      0.2147,      0.2005,   7617.8491,-467818.5938,   -948.3571,    541.5602,  25392.8281,
       1,     167,     170,      13,       1,       3,       1,     10.0000,      1.3897,     42.4390,    245.7413,     61.8436,      3.4953,      0.1804,      0.1461,     35.4267,      0.2373,      5.5197,     11.0394,      2.0969,     28.4707,     56.9414,      0.0190,      0.0018,      0.2401,      0.2005,   7617.8486,-459598.1250,   -946.8943,    542.1169,  25392.8281,
       1,     167,     170,      14,       1,       3,       1,     10.0000,      1.3897,     42.4390,    245.7413,     61.8436,      3.4953,      0.1778,      0.1435,     50.7913,      0.2373,      5.5197,     11.0394,      2.0969,     28.4707,     56.9414,      0.0190,      0.0027,      0.2345,      0.2005,   7617.8486,-465357.1875,   -948.2023,    541.7270,  25392.8281,
       1,     167,     170,      15,       1,       3,       1,     10.0000,      1.3897,     42.4390,    245.7413,     61.8436,      3.4953,      0.1693,      0.1353,     60.1645,      0.2251,      5.5197,     11.0394,      1.9891,     28.4707,     56.9414,      0.0190,      0.0034,      0.2207,      0.2005,   7617.8486,-485314.9062,   -952.3776,    540.3756,  25392.8281,
       1,     167,     170,      16,       1,       3,       1,     10.0000,      1.3897,     42.4390,    245.7413,     61.8436,      3.4953,      0.1842,      0.1501,     88.2342,      0.2258,      5.5197,     11.0394,      1.9949,     28.4707,     56.9414,      0.0190,      0.0046,      0.2395,      0.2005,   7617.8486,-498912.4375,   -955.3388,    539.4589,  25392.8281,
       1,     167,     170,      17,       1,       3,       1,     10.0000,      1.3897,     42.4390,    245.7413,     61.8436,      3.4953,      0.1633,      0.1293,     92.4736,      0.2238,      5.5197,     11.0394,      1.9774,     28.4707,     56.9414,      0.0190,      0.0055,      0.2079,      0.2004,   7617.8486,-535655.0000,   -963.0151,    536.9821,  25392.8281,
       1,     167,     170,      18,       1,       3,       1,     10.0000,      1.3897,     42.4390,    245.7413,     61.8436,      3.4953,      0.1243,      0.0903,     79.3795,      0.2249,      5.5197,     11.0394,      1.9871,     28.4707,     56.9414,      0.0190,      0.0065,      0.1516,      0.2004,   7617.8486,-544203.1250,   -965.1306,    536.4140,  25392.8281,
       1,     167,     170,      19,       1,       3,       1,     10.0000,      1.3897,     42.4390,    245.7413,     61.8436,      3.4953,      0.0641,      0.0308,     32.9186,      0.1999,      5.5197,     11.0394,      1.7660,     28.4707,     56.9414,      0.0190,      0.0060,      0.0681,      0.2004,   7617.8486,-528323.1250,   -962.3149,    537.4791,  25392.8262,
       1,     167,     170,      20,       1,       3,       1,     10.0000,      1.3897,     42.4390,    245.7413,     61.8436,      3.4953,      0.0335,      0.0006,     10.1231,      0.1861,      5.5197,     11.0394,      1.6446,     28.4707,     56.9414,      0.0190,      0.0049,      0.0259,      0.2004,   7617.8481,-468053.5000,   -950.3871,    541.5293,  25392.8281,
       1,     167,     170,      21,       1,       3,       1,     10.0000,      1.3897,     42.4390,    245.7413,     61.8436,      3.4953,      0.0001,     -0.0326,      5.9006,      0.1783,      5.5197,     11.0394,      1.5758,     28.4707,     56.9414,      0.0190,      0.0047,      0.0156,      0.2005,   7617.8486,-434050.1562,   -943.5615,    543.8463,  25392.8281,
       1,     167,     170,      22,       1,       3,       1,     10.0000,      1.3897,     42.4390,    245.7413,     61.8436,      3.4953,      0.0000,     -0.0325,      6.1948,      0.1733,      5.5197,     11.0394,      1.5310,     28.4707,     56.9414,      0.0190,      0.0049,      0.0156,      0.2005,   7617.8486,-425774.1562,   -941.8598,    544.4139,  25392.8301,
       1,     167,     170,      23,       1,       3,       1,     10.0000,      1.3897,     42.4390,    245.7413,     61.8436,      3.4953,      0.0000,     -0.0325,      6.2726,      0.1733,      5.5197,     11.0394,      1.5310,     28.4707,     56.9414,      0.0190,      0.0050,      0.0156,      0.2005,   7617.8491,-425427.8750,   -941.7455,    544.4377,  25392.8281,
       1,     167,     170,      24,       1,       3,       1,     10.0000,      1.3897,     42.4390,    245.7413,     61.8436,      3.4953,      0.0000,     -0.0325,      4.5846,      0.1741,      5.5197,     11.0394,      1.5386,     28.4707,     56.9414,      0.0190,      0.0036,      0.0156,      0.2005,   7617.8486,-425496.5000,   -941.7119,    544.4331,  25392.8281,
       1,     167,     171,       1,       1,       3,       1,     10.0000,      1.3897,     42.4393,    245.7471,     61.8451,      3.4953,      0.0000,     -0.0325,      3.6616,      0.1726,      5.5197,     11.0394,      1.5249,     28.4724,     56.9448,      0.0190,      0.0029,      0.0156,      0.2005,   7617.8486,-423521.5938,   -941.5724,    544.5803,  25393.9746,
       1,     167,     171,       2,       1,       3,       1,     10.0000,      1.3897,     42.4393,    245.7471,     61.8451,      3.4953,      0.0000,     -0.0325,      2.6296,      0.1740,      5.5197,     11.0394,      1.5371,     28.4724,     56.9448,      0.0190,      0.0021,      0.0156,      0.2005,   7618.1929,-422029.5000,   -940.9510,    544.6819,  25393.9746,
       1,     167,     171,       3,       1,       3,       1,     10.0000,      1.3897,     42.4393,    245.7471,     61.8451,      3.4953,      0.0000,     -0.0324,      2.0391,      0.1703,      5.5197,     11.0394,      1.5053,     28.4724,     56.9448,      0.0190,      0.0016,      0.0156,      0.2005,   7618.1929,-420594.6562,   -940.6409,    544.7796,  25393.9766,
       1,     167,     171,       4,       1,       3,       1,     10.0000,      1.3897,     42.4393,    245.7471,     61.8451,      3.4953,      0.0000,     -0.0323,      1.7658,      0.1682,      5.5197,     11.0394,      1.4859,     28.4724,     56.9448,      0.0190,      0.0014,      0.0156,      0.2005,   7618.1934,-419723.1875,   -940.4484,    544.8390,  25393.9727,
       1,     167,     171,       5,       1,       3,       1,     10.0000,      1.3897,     42.4393,    245.7471,     61.8451,      3.4953,      0.0000,     -0.0322,      1.6371,      0.1648,      5.5197,     11.0394,      1.4565,     28.4724,     56.9448,      0.0190,      0.0013,      0.0156,      0.2005,   7618.1919,-419302.6562,   -940.3518,    544.8676,  25393.9746,
       1,     167,     171,       6,       1,       3,       1,     10.0000,      1.3897,     42.4393,    245.7471,     61.8451,      3.4953,      0.0000,     -0.0322,      1.6335,      0.1643,      5.5197,     11.0394,      1.4521,     28.4724,     56.9448,      0.0190,      0.0013,      0.0156,      0.2005,   7618.1929,-419103.2812,   -940.2994,    544.8812,  25393.9727,
       1,     167,     171,       7,       1,       3,       1,     10.0000,      1.3897,     42.4393,    245.7471,     61.8451,      3.4953,      0.0000,     -0.0321,      1.7504,      0.1596,      5.5197,     11.0394,      1.4106,     28.4724,     56.9448,      0.0190,      0.0014,      0.0156,      0.2005,   7618.1919,-419081.7812,   -940.2838,    544.8826,  25393.9746,
       1,     167,     171,       8,       1,       3,       1,     10.0000,      1.3897,     42.4393,    245.7471,     61.8451,      3.4953,      0.0084,     -0.0236,      1.8352,      0.1572,      5.5197,     11.0394,      1.3895,     28.4724,     56.9448,      0.0190,      0.0015,      0.0156,      0.2005,   7618.1929,-419227.7812,   -940.2999,    544.8727,  25393.9727,
       1,     167,     171,       9,       1,       3,       1,     10.0000,      1.3897,     42.4393,    245.7471,     61.8451,      3.4953,      0.0711,      0.0387,     10.4075,      0.1671,      5.5197,     11.0394,      1.4770,     28.4724,     56.9448,      0.0190,      0.0016,      0.0817,      0.2005,   7618.1919,-419347.8125,   -940.3087,    544.8645,  25393.9746,
       1,     167,     171,      10,       1,       3,       1,     10.0000,      1.3897,     42.4393,    245.7471,     61.8451,      3.4953,      0.1604,      0.1272,     27.6297,      0.1965,      5.5197,     11.0394,      1.7366,     28.4724,     56.9448,      0.0190,      0.0016,      0.2111,      0.2005,   7618.1929,-430207.9688,   -942.5010,    544.1249,  25393.9727,
       1,     167,     171,      11,       1,       3,       1,     10.0000,      1.3897,     42.4393,    245.7471,     61.8451,      3.4953,      0.1647,      0.1306,     32.9435,      0.2291,      5.5197,     11.0394,      2.0245,     28.4724,     56.9448,      0.0190,      0.0019,      0.2170,      0.2005,   7618.1919,-452946.9062,   -947.1068,    542.5787,  25393.9746,
       1,     167,     171,      12,       1,       3,       1,     10.0000,      1.3897,     42.4393,    245.7471,     61.8451,      3.4953,      0.1731,      0.1387,     32.4662,      0.2361,      5.5197,     11.0394,      2.0867,     28.4724,     56.9448,      0.0190,      0.0018,      0.2295,      0.2005,   7618.1929,-461639.5625,   -948.8627,    541.9915,  25393.9766,
       1,     167,     171,      13,       1,       3,       1,     10.0000,      1.3897,     42.4393,    245.7471,     61.8451,      3.4953,      0.1821,      0.1479,     29.1822,      0.2348,      5.5197,     11.0394,      2.0745,     28.4724,     56.9448,      0.0190,      0.0015,      0.2434,      0.2005,   7618.1934,-461780.5312,   -948.8500,    541.9821,  25393.9727,
       1,     167,     171,      14,       1,       3,       1,     10.0000,      1.3897,     42.4393,    245.7471,     61.8451,      3.4953,      0.1614,      0.1269,     35.3508,      0.2401,      5.5197,     11.0394,      2.1216,     28.4724,     56.9448,      0.0190,      0.0021,      0.2118,      0.2005,   7618.1919,-457633.8125,   -947.9756,    542.2631,  25393.9746,
       1,     167,     171,      15,       1,       3,       1,     10.0000,      1.3897,     42.4393,    245.7471,     61.8451,      3.4953,      0.1124,      0.0781,     38.1812,      0.2352,      5.5197,     11.0394,      2.0786,     28.4724,     56.9448,      0.0190,      0.0034,      0.1385,      0.2005,   7618.1929,-465089.1875,   -949.5204,    541.7578,  25393.9746,
       1,     167,     171,      16,       1,       3,       1,     10.0000,      1.3897,     42.4393,    245.7471,     61.8451,      3.4953,      0.0413,      0.0069,     16.0369,      0.2394,      5.5197,     11.0394,      2.1154,     28.4724,     56.9448,      0.0190,      0.0056,      0.0353,      0.2005,   7618.1929,-469315.8125,   -950.4515,    541.4719,  25393.9746,
       1,     167,     171,      17,       1,       3,       1,     10.0000,      1.3897,     42.4393,    245.7471,     61.8451,      3.4953,      0.1588,      0.1256,     87.4314,      0.1958,      5.5197,     11.0394,      1.7298,     28.4724,     56.9448,      0.0190,      0.0054,      0.2018,      0.2005,   7618.1929,-441630.4688,   -944.8041,    543.3458,  25393.9746,
       1,     167,     171,      18,       1,       3,       1,     10.0000,      1.3897,     42.4393,    245.7471,     61.8451,      3.4953,      0.1617,      0.1288,     76.9424,      0.1846,      5.5197,     11.0394,      1.6316,     28.4724,     56.9448,      0.0190,      0.0046,      0.2072,      0.2005,   7618.1929,-529651.7500,   -963.7462,    537.3708,  25393.9746,
       1,     167,     171,      19,       1,       3,       1,     10.0000,      1.3897,     42.4393,    245.7471,     61.8451,      3.4953,      0.1058,      0.0730,     47.0591,      0.1835,      5.5197,     11.0394,      1.6219,     28.4724,     56.9448,      0.0190,      0.0045,      0.1283,      0.2004,   7618.1929,-524018.4688,   -962.8620,    537.7819,  25393.9727,
       1,     167,     171,      20,       1,       3,       1,     10.0000,      1.3897,     42.4393,    245.7471,     61.8451,      3.4953,      0.0134,     -0.0192,      5.7938,      0.1780,      5.5197,     11.0394,      1.5727,     28.4724,     56.9448,      0.0190,      0.0046,      0.0156,      0.2004,   7618.1919,-485610.5312,   -955.2397,    540.3640,  25393.9727,
       1,     167,     171,      21,       1,       3,       1,     10.0000,      1.3897,     42.4393,    245.7471,     61.8451,      3.4953,      0.0001,     -0.0325,      6.1874,      0.1745,      5.5197,     11.0394,      1.5417,     28.4724,     56.9448,      0.0190,      0.0049,      0.0156,      0.2005,   7618.1919,-430052.5938,   -943.9296,    544.1229,  25393.9746,
       1,     167,     171,      22,       1,       3,       1,     10.0000,      1.3897,     42.4393,    245.7471,     61.8451,      3.4953,      0.0000,     -0.0326,      4.0257,      0.1766,      5.5197,     11.0394,      1.5603,     28.4724,     56.9448,      0.0190,      0.0032,      0.0156,      0.2005,   7618.1929,-425805.6875,   -942.9938,    544.4248,  25393.9746,
       1,     167,     171,      23,       1,       3,       1,     10.0000,      1.3897,     42.4393,    245.7471,     61.8451,      3.4953,      0.0000,     -0.0325,      3.3017,      0.1734,      5.5197,     11.0394,      1.5325,     28.4724,     56.9448,      0.0190,      0.0026,      0.0156,      0.2005,   7618.1929,-422687.1875,   -942.3131,    544.6371,  25393.9746,
       1,     167,     171,      24,       1,       3,       1,     10.0000,      1.3897,     42.4393,    245.7471,     61.8451,      3.4953,      0.0000,     -0.0325,      3.3067,      0.1729,      5.5197,     11.0394,      1.5280,     28.4724,     56.9448,      0.0190,      0.0026,      0.0156,      0.2005,   7618.1929,-421502.0000,   -942.0345,    544.7178,  25393.9746,
       1,     167,     172,       1,       1,       3,       1,     10.0000,      1.3898,     42.4396,    245.7529,     61.8466,      3.4953,      0.0000,     -0.0324,      2.9017,      0.1712,      5.5203,     11.0405,      1.5128,     28.4700,     56.9399,      0.0190,      0.0023,      0.0156,      0.2006,   7618.1929,-421563.0000,   -942.3062,    544.7267,  25395.1250,
       1,     167,     172,       2,       1,       3,       1,     10.0000,      1.3898,     42.4396,    245.7529,     61.8466,      3.4953,      0.0000,     -0.0323,      2.5035,      0.1667,      5.5203,     11.0405,      1.4726,     28.4700,     56.9399,      0.0190,      0.0020,      0.0156,      0.2006,   7618.5376,-420901.1875,   -941.8450,    544.7718,  25395.1250,
       1,     167,     172,       3,       1,       3,       1,     10.0000,      1.3898,     42.4396,    245.7529,     61.8466,      3.4953,      0.0000,     -0.0323,      2.5186,      0.1657,      5.5203,     11.0405,      1.4638,     28.4700,     56.9399,      0.0190,      0.0020,      0.0156,      0.2006,   7618.5376,-420340.0938,   -941.7047,    544.8099,  25395.1250,
       1,     167,     172,       4,       1,       3,       1,     10.0000,      1.3898,     42.4396,    245.7529,     61.8466,      3.4953,      0.0000,     -0.0322,      2.4299,      0.1655,      5.5203,     11.0405,      1.4623,     28.4700,     56.9399,      0.0190,      0.0019,      0.0156,      0.2006,   7618.5376,-420310.9375,   -941.6710,    544.8120,  25395.1230,
       1,     167,     172,       5,       1,       3,       1,     10.0000,      1.3898,     42.4396,    245.7529,     61.8466,      3.4953,      0.0000,     -0.0322,      2.4205,      0.1648,      5.5203,     11.0405,      1.4565,     28.4700,     56.9399,      0.0190,      0.0019,      0.0156,      0.2006,   7618.5371,-420196.5000,   -941.6221,    544.8198,  25395.1250,
       1,     167,     172,       6,       1,       3,       1,     10.0000,      1.3898,     42.4396,    245.7529,     61.8466,      3.4953,      0.0000,     -0.0320,      2.4461,      0.1579,      5.5203,     11.0405,      1.3951,     28.4700,     56.9399,      0.0190,      0.0019,      0.0156,      0.2006,   7618.5376,-420174.3750,   -941.5913,    544.8212,  25395.1250,
       1,     167,     172,       7,       1,       3,       1,     10.0000,      1.3898,     42.4396,    245.7529,     61.8466,      3.4953,      0.0000,     -0.0319,      2.1668,      0.1552,      5.5203,     11.0405,      1.3715,     28.4700,     56.9399,      0.0190,      0.0017,      0.0156,      0.2006,   7618.5376,-420204.8438,   -941.5745,    544.8192,  25395.1250,
       1,     167,     172,       8,       1,       3,       1,     10.0000,      1.3898,     42.4396,    245.7529,     61.8466,      3.4953,      0.0064,     -0.0254,      2.0246,      0.1541,      5.5203,     11.0405,      1.3619,     28.4700,     56.9399,      0.0190,      0.0016,      0.0156,      0.2006,   7618.5376,-419854.0312,   -941.4803,    544.8431,  25395.1250,
       1,     167,     172,       9,       1,       3,       1,     10.0000,      1.3898,     42.4396,    245.7529,     61.8466,      3.4953,      0.0733,      0.0407,     11.3004,      0.1769,      5.5203,     11.0405,      1.5634,     28.4700,     56.9399,      0.0190,      0.0017,      0.0846,      0.2006,   7618.5376,-419643.8750,   -941.4149,    544.8574,  25395.1250,
       1,     167,     172,      10,       1,       3,       1,     10.0000,      1.3898,     42.4396,    245.7529,     61.8466,      3.4953,      0.1229,      0.0893,     23.7719,      0.2097,      5.5203,     11.0405,      1.8534,     28.4700,     56.9399,      0.0190,      0.0019,      0.1561,      0.2006,   7618.5376,-431364.6875,   -943.7962,    544.0591,  25395.1230,
       1,     167,     172,      11,       1,       3,       1,     10.0000,      1.3898,     42.4396,    245.7529,     61.8466,      3.4953,      0.1325,      0.0983,     20.3276,      0.2302,      5.5203,     11.0405,      2.0344,     28.4700,     56.9399,      0.0190,      0.0015,      0.1705,      0.2006,   7618.5371,-448162.6250,   -947.2159,    542.9173,  25395.1250,
       1,     167,     172,      12,       1,       3,       1,     10.0000,      1.3898,     42.4396,    245.7529,     61.8466,      3.4953,      0.1750,      0.1408,     24.5665,      0.2316,      5.5203,     11.0405,      2.0464,     28.4700,     56.9399,      0.0190,      0.0013,      0.2333,      0.2006,   7618.5376,-445250.8125,   -946.5945,    543.1161,  25395.1230,
       1,     167,     172,      13,       1,       3,       1,     10.0000,      1.3898,     42.4396,    245.7529,     61.8466,      3.4953,      0.1595,      0.1252,     19.6897,      0.2348,      5.5203,     11.0405,      2.0746,     28.4700,     56.9399,      0.0190,      0.0012,      0.2108,      0.2006,   7618.5371,-450365.6250,   -947.5465,    542.7690,  25395.1250,
       1,     167,     172,      14,       1,       3,       1,     10.0000,      1.3898,     42.4396,    245.7529,     61.8466,      3.4953,      0.1631,      0.1291,     41.0868,      0.2210,      5.5203,     11.0405,      1.9525,     28.4700,     56.9399,      0.0190,      0.0024,      0.2136,      0.2005,   7618.5376,-444631.2188,   -946.3239,    543.1581,  25395.1250,
       1,     167,     172,      15,       1,       3,       1,     10.0000,      1.3898,     42.4396,    245.7529,     61.8466,      3.4953,      0.1784,      0.1458,     74.1284,      0.1778,      5.5203,     11.0405,      1.5712,     28.4700,     56.9399,      0.0190,      0.0040,      0.2322,      0.2006,   7618.5376,-471226.7500,   -952.3194,    541.3525,  25395.1270,
       1,     167,     172,      16,       1,       3,       1,     10.0000,      1.3898,     42.4396,    245.7529,     61.8466,      3.4953,      0.1733,      0.1412,     94.4590,      0.1634,      5.5203,     11.0405,      1.4435,     28.4700,     56.9399,      0.0190,      0.0053,      0.2222,      0.2005,   7618.5386,-515370.8438,   -962.4435,    538.3683,  25395.1230,
       1,     167,     172,      17,       1,       3,       1,     10.0000,      1.3898,     42.4396,    245.7529,     61.8466,      3.4953,      0.1756,      0.1429,     96.1037,      0.1787,      5.5203,     11.0405,      1.5790,     28.4700,     56.9399,      0.0190,      0.0053,      0.2255,      0.2005,   7618.5371,-544952.4375,   -969.0599,    536.3859,  25395.1230,
       1,     167,     172,      18,       1,       3,       1,     10.0000,      1.3898,     42.4396,    245.7529,     61.8466,      3.4953,      0.1573,      0.1246,     81.9697,      0.1785,      5.5203,     11.0405,      1.5775,     28.4700,     56.9399,      0.0190,      0.0051,      0.2002,      0.2004,   7618.5371,-549577.9375,   -970.7089,    536.0794,  25395.1230,
       1,     167,     172,      19,       1,       3,       1,     10.0000,      1.3898,     42.4396,    245.7529,     61.8466,      3.4953,      0.1417,      0.1091,     57.3806,      0.1757,      5.5203,     11.0405,      1.5525,     28.4700,     56.9399,      0.0190,      0.0040,      0.1801,      0.2004,   7618.5371,-532047.0625,   -967.7719,    537.2542,  25395.1211,
       1,     167,     172,      20,       1,       3,       1,     10.0000,      1.3898,     42.4396,    245.7529,     61.8466,      3.4953,      0.0347,      0.0023,      5.6643,      0.1704,      5.5203,     11.0405,      1.5053,     28.4700,     56.9399,      0.0190,      0.0024,      0.0287,      0.2005,   7618.5366,-499375.3750,   -961.5953,    539.4496,  25395.1250,
       1,     167,     172,      21,       1,       3,       1,     10.0000,      1.3898,     42.4396,    245.7529,     61.8466,      3.4953,      0.0000,     -0.0323,      2.1055,      0.1682,      5.5203,     11.0405,      1.4859,     28.4700,     56.9399,      0.0190,      0.0017,      0.0156,      0.2005,   7618.5376,-431056.3750,   -947.9172,    544.0610,  25395.1230,
       1,     167,     172,      22,       1,       3,       1,     10.0000,      1.3898,     42.4396,    245.7529,     61.8466,      3.4953,      0.0000,     -0.0324,      2.1833,      0.1705,      5.5203,     11.0405,      1.5068,     28.4700,     56.9399,      0.0190,      0.0017,      0.0156,      0.2006,   7618.5371,-420736.0000,   -945.8516,    544.7825,  25395.1230,
       1,     167,     172,      23,       1,       3,       1,     10.0000,      1.3898,     42.4396,    245.7529,     61.8466,      3.4953,      0.0000,     -0.0323,      2.1631,      0.1673,      5.5203,     11.0405,      1.4785,     28.4700,     56.9399,      0.0190,      0.0017,      0.0156,      0.2006,   7618.5371,-419921.5938,   -945.7033,    544.8384,  25395.1211,
       1,     167,     172,      24,       1,       3,       1,     10.0000,      1.3898,     42.4396,    245.7529,     61.8466,      3.4953,      0.0000,     -0.0323,      2.3833,      0.1673,      5.5203,     11.0405,      1.4785,     28.4700,     56.9399,      0.0190,      0.0019,      0.0156,      0.2006,   7618.5366,-419825.5625,   -945.6996,    544.8450,  25395.1230,
       1,     167,     173,       1,       1,       3,       1,     10.0000,      1.3898,     42.4400,    245.7588,     61.8480,      3.4953,      0.0000,     -0.0323,      2.2237,      0.1672,      5.5200,     11.0399,      1.4771,     28.4721,     56.9443,      0.0190,      0.0018,      0.0156,      0.2006,   7618.5371,-420252.5312,   -946.0972,    544.8288,  25396.2715,
       1,     167,     173,       2,       1,       3,       1,     10.0000,      1.3898,     42.4400,    245.7588,     61.8480,      3.4953,      0.0000,     -0.0322,      2.0274,      0.1643,      5.5200,     11.0399,      1.4522,     28.4721,     56.9443,      0.0190,      0.0016,      0.0156,      0.2006,   7618.8818,-419933.5000,   -945.7551,    544.8506,  25396.2695,
       1,     167,     173,       3,       1,       3,       1,     10.0000,      1.3898,     42.4400,    245.7588,     61.8480,      3.4953,      0.0000,     -0.0320,      2.1276,      0.1588,      5.5200,     11.0399,      1.4036,     28.4721,     56.9443,      0.0190,      0.0017,      0.0156,      0.2006,   7618.8813,-419657.6250,   -945.7112,    544.8693,  25396.2715,
       1,     167,     173,       4,       1,       3,       1,     10.0000,      1.3898,     42.4400,    245.7588,     61.8480,      3.4953,      0.0000,     -0.0320,      1.8704,      0.1582,      5.5200,     11.0399,      1.3980,     28.4721,     56.9443,      0.0190,      0.0015,      0.0156,      0.2006,   7618.8818,-419760.5000,   -945.7432,    544.8624,  25396.2715,
       1,     167,     173,       5,       1,       3,       1,     10.0000,      1.3898,     42.4400,    245.7588,     61.8480,      3.4953,      0.0000,     -0.0318,      1.9855,      0.1537,      5.5200,     11.0399,      1.3579,     28.4721,     56.9443,      0.0190,      0.0016,      0.0156,      0.2006,   7618.8818,-419443.9062,   -945.6885,    544.8839,  25396.2715,
       1,     167,     173,       6,       1,       3,       1,     10.0000,      1.3898,     42.4400,    245.7588,     61.8480,      3.4953,      0.0000,     -0.0318,      2.3030,      0.1532,      5.5200,     11.0399,      1.3538,     28.4721,     56.9443,      0.0190,      0.0018,      0.0156,      0.2006,   7618.8818,-419562.3125,   -945.7217,    544.8759,  25396.2715,
       1,     167,     173,       7,       1,       3,       1,     10.0000,      1.3898,     42.4400,    245.7588,     61.8480,      3.4953,      0.0000,     -0.0316,      2.0124,      0.1457,      5.5200,     11.0399,      1.2873,     28.4721,     56.9443,      0.0190,      0.0016,      0.0156,      0.2006,   7618.8818,-419974.2500,   -945.8157,    544.8478,  25396.2715,
       1,     167,     173,       8,       1,       3,       1,     10.0000,      1.3898,     42.4400,    245.7588,     61.8480,      3.4953,      0.0223,     -0.0093,      1.3496,      0.1455,      5.5200,     11.0399,      1.2861,     28.4721,     56.9443,      0.0190,      0.0014,      0.0120,      0.2006,   7618.8818,-419642.0312,   -945.7568,    544.8704,  25396.2715,
       1,     167,     173,       9,       1,       3,       1,     10.0000,      1.3898,     42.4400,    245.7588,     61.8480,      3.4953,      0.0831,      0.0508,     13.2695,      0.1653,      5.5200,     11.0399,      1.4609,     28.4721,     56.9443,      0.0190,      0.0017,      0.0991,      0.2006,   7618.8818,-418774.8125,   -945.5862,    544.9295,  25396.2715,
       1,     167,     173,      10,       1,       3,       1,     10.0000,      1.3898,     42.4400,    245.7588,     61.8480,      3.4953,      0.1299,      0.0964,     21.6004,      0.2045,      5.5200,     11.0399,      1.8066,     28.4721,     56.9443,      0.0190,      0.0016,      0.1666,      0.2006,   7618.8818,-433783.0625,   -948.6763,    543.9072,  25396.2715,
       1,     167,     173,      11,       1,       3,       1,     10.0000,      1.3898,     42.4400,    245.7588,     61.8480,      3.4953,      0.1592,      0.1255,     29.7258,      0.2156,      5.5200,     11.0399,      1.9052,     28.4721,     56.9443,      0.0190,      0.0018,      0.2092,      0.2006,   7618.8818,-445623.0625,   -951.1533,    543.1032,  25396.2715,
       1,     167,     173,      12,       1,       3,       1,     10.0000,      1.3898,     42.4400,    245.7588,     61.8480,      3.4953,      0.1867,      0.1526,     30.1567,      0.2289,      5.5200,     11.0399,      2.0226,     28.4721,     56.9443,      0.0190,      0.0015,      0.2500,      0.2006,   7618.8818,-456928.6562,   -953.5496,    542.3362,  25396.2734,
       1,     167,     173,      13,       1,       3,       1,     10.0000,      1.3898,     42.4400,    245.7588,     61.8480,      3.4953,      0.1868,      0.1527,     33.3588,      0.2296,      5.5200,     11.0399,      2.0285,     28.4721,     56.9443,      0.0190,      0.0017,      0.2498,      0.2006,   7618.8823,-458447.5625,   -953.9380,    542.2338,  25396.2715,
       1,     167,     173,      14,       1,       3,       1,     10.0000,      1.3898,     42.4400,    245.7588,     61.8480,      3.4953,      0.1885,      0.1542,     54.1243,      0.2350,      5.5200,     11.0399,      2.0766,     28.4721,     56.9443,      0.0190,      0.0027,      0.2500,      0.2006,   7618.8818,-462631.9688,   -954.8655,    541.9502,  25396.2734,
       1,     167,     173,      15,       1,       3,       1,     10.0000,      1.3898,     42.4400,    245.7588,     61.8480,      3.4953,      0.1783,      0.1442,     87.7833,      0.2273,      5.5200,     11.0399,      2.0088,     28.4721,     56.9443,      0.0190,      0.0047,      0.2308,      0.2006,   7618.8823,-489284.9375,   -960.4374,    540.1447,  25396.2715,
       1,     167,     173,      16,       1,       3,       1,     10.0000,      1.3898,     42.4400,    245.7588,     61.8480,      3.4953,      0.1585,      0.1245,     87.3237,      0.2238,      5.5200,     11.0399,      1.9775,     28.4721,     56.9443,      0.0190,      0.0054,      0.2015,      0.2005,   7618.8818,-534221.1250,   -969.8932,    537.1138,  25396.2715,
       1,     167,     173,      17,       1,       3,       1,     10.0000,      1.3898,     42.4400,    245.7588,     61.8480,      3.4953,      0.1602,      0.1263,    100.1718,      0.2177,      5.5200,     11.0399,      1.9240,     28.4721,     56.9443,      0.0190,      0.0061,      0.2024,      0.2005,   7618.8818,-537519.6250,   -970.9019,    536.9008,  25396.2734,
       1,     167,     173,      18,       1,       3,       1,     10.0000,      1.3898,     42.4400,    245.7588,     61.8480,      3.4953,      0.1489,      0.1156,     84.8323,      0.2005,      5.5200,     11.0399,      1.7714,     28.4721,     56.9443,      0.0190,      0.0056,      0.1875,      0.2005,   7618.8823,-554079.0625,   -974.6670,    535.7894,  25396.2695,
       1,     167,     173,      19,       1,       3,       1,     10.0000,      1.3898,     42.4400,    245.7588,     61.8480,      3.4953,      0.0994,      0.0663,     52.7814,      0.1895,      5.5200,     11.0399,      1.6743,     28.4721,     56.9443,      0.0190,      0.0055,      0.1181,      0.2005,   7618.8813,-536052.8125,   -971.3021,    536.9979,  25396.2695,
       1,     167,     173,      20,       1,       3,       1,     10.0000,      1.3898,     42.4400,    245.7588,     61.8480,      3.4953,      0.0209,     -0.0118,      3.4736,      0.1782,      5.5200,     11.0399,      1.5744,     28.4721,     56.9443,      0.0190,      0.0051,      0.0084,      0.2005,   7618.8813,-493880.0938,   -962.8207,    539.8301,  25396.2676,
       1,     167,     173,      21,       1,       3,       1,     10.0000,      1.3898,     42.4400,    245.7588,     61.8480,      3.4953,      0.0000,     -0.0324,      6.3325,      0.1717,      5.5200,     11.0399,      1.5174,     28.4721,     56.9443,      0.0190,      0.0050,      0.0156,      0.2005,   7618.8804,-427821.1250,   -949.1678,    544.2951,  25396.2676,
       1,     167,     173,      22,       1,       3,       1,     10.0000,      1.3898,     42.4400,    245.7588,     61.8480,      3.4953,      0.0000,     -0.0325,      6.2468,      0.1722,      5.5200,     11.0399,      1.5220,     28.4721,     56.9443,      0.0190,      0.0050,      0.0156,      0.2006,   7618.8804,-425808.8750,   -948.6851,    544.4506,  25396.2676,
       1,     167,     173,      23,       1,       3,       1,     10.0000,      1.3898,     42.4400,    245.7588,     61.8480,      3.4953,      0.0000,     -0.0325,      5.5708,      0.1743,      5.5200,     11.0399,      1.5403,     28.4721,     56.9443,      0.0190,      0.0044,      0.0156,      0.2006,   7618.8804,-425503.4375,   -948.5522,    544.4714,  25396.2695,
       1,     167,     173,      24,       1,       3,       1,     10.0000,      1.3898,     42.4400,    245.7588,     61.8480,      3.4953,      0.0000,     -0.0325,      4.5184,      0.1721,      5.5200,     11.0399,      1.5204,     28.4721,     56.9443,      0.0190,      0.0036,      0.0156,      0.2006,   7618.8813,-424621.6562,   -948.3041,    544.5314,  25396.2695,
       1,     167,     174,       1,       1,       3,       1,     10.0000,      1.3898,     42.4403,    245.7646,     61.8495,      3.4953,      0.0000,     -0.0324,      3.4924,      0.1692,      5.5202,     11.0403,      1.4949,     28.4749,     56.9499,      0.0190,      0.0028,      0.0156,      0.2006,   7618.8813,-423370.5938,   -948.2950,    544.6295,  25397.4219,
       1,     167,     174,       2,       1,       3,       1,     10.0000,      1.3898,     42.4403,    245.7646,     61.8495,      3.4953,      0.0000,     -0.0324,      2.8141,      0.1710,      5.5202,     11.0403,      1.5114,     28.4749,     56.9499,      0.0190,      0.0022,      0.0156,      0.2006,   7619.2271,-421810.0938,   -947.6326,    544.7357,  25397.4219,
       1,     167,     174,       3,       1,       3,       1,     10.0000,      1.3898,     42.4403,    245.7646,     61.8495,      3.4953,      0.0000,     -0.0325,      2.4548,      0.1717,      5.5202,     11.0403,      1.5174,     28.4749,     56.9499,      0.0190,      0.0020,      0.0156,      0.2006,   7619.2271,-420817.5000,   -947.3950,    544.8033,  25397.4219,
       1,     167,     174,       4,       1,       3,       1,     10.0000,      1.3898,     42.4403,    245.7646,     61.8495,      3.4953,      0.0000,     -0.0323,      2.5506,      0.1677,      5.5202,     11.0403,      1.4815,     28.4749,     56.9499,      0.0190,      0.0020,      0.0156,      0.2006,   7619.2271,-420277.3750,   -947.2556,    544.8401,  25397.4219,
       1,     167,     174,       5,       1,       3,       1,     10.0000,      1.3898,     42.4403,    245.7646,     61.8495,      3.4953,      0.0000,     -0.0322,      2.2350,      0.1653,      5.5202,     11.0403,      1.4610,     28.4749,     56.9499,      0.0190,      0.0018,      0.0156,      0.2006,   7619.2271,-420351.9062,   -947.2422,    544.8350,  25397.4199,
       1,     167,     174,       6,       1,       3,       1,     10.0000,      1.3898,     42.4403,    245.7646,     61.8495,      3.4953,      0.0000,     -0.0322,      1.8959,      0.1650,      5.5202,     11.0403,      1.4580,     28.4749,     56.9499,      0.0190,      0.0015,      0.0156,      0.2006,   7619.2261,-419959.3438,   -947.1370,    544.8618,  25397.4199,
       1,     167,     174,       7,       1,       3,       1,     10.0000,      1.3898,     42.4403,    245.7646,     61.8495,      3.4953,      0.0000,     -0.0322,      2.0274,      0.1640,      5.5202,     11.0403,      1.4493,     28.4749,     56.9499,      0.0190,      0.0016,      0.0156,      0.2006,   7619.2261,-419496.4375,   -947.0208,    544.8933,  25397.4199,
       1,     167,     174,       8,       1,       3,       1,     10.0000,      1.3898,     42.4403,    245.7646,     61.8495,      3.4953,      0.0058,     -0.0262,      2.2743,      0.1590,      5.5202,     11.0403,      1.4050,     28.4749,     56.9499,      0.0190,      0.0018,      0.0156,      0.2006,   7619.2261,-419622.8125,   -947.0251,    544.8846,  25397.4238,
       1,     167,     174,       9,       1,       3,       1,     10.0000,      1.3898,     42.4403,    245.7646,     61.8495,      3.4953,      0.0551,      0.0227,      8.4630,      0.1683,      5.5202,     11.0403,      1.4875,     28.4749,     56.9499,      0.0190,      0.0018,      0.0584,      0.2006,   7619.2275,-419945.7500,   -947.0652,    544.8626,  25397.4219,
       1,     167,     174,      10,       1,       3,       1,     10.0000,      1.3898,     42.4403,    245.7646,     61.8495,      3.4953,      0.1251,      0.0920,     28.3379,      0.1933,      5.5202,     11.0403,      1.7078,     28.4749,     56.9499,      0.0190,      0.0022,      0.1589,      0.2006,   7619.2271,-427804.0312,   -948.6787,    544.3275,  25397.4219,
       1,     167,     174,      11,       1,       3,       1,     10.0000,      1.3898,     42.4403,    245.7646,     61.8495,      3.4953,      0.1340,      0.1003,     30.6167,      0.2137,      5.5202,     11.0403,      1.8885,     28.4749,     56.9499,      0.0190,      0.0022,      0.1716,      0.2006,   7619.2271,-453631.3438,   -954.0488,    542.5704,  25397.4219,
       1,     167,     174,      12,       1,       3,       1,     10.0000,      1.3898,     42.4403,    245.7646,     61.8495,      3.4953,      0.1587,      0.1250,     35.7631,      0.2135,      5.5202,     11.0403,      1.8866,     28.4749,     56.9499,      0.0190,      0.0021,      0.2077,      0.2006,   7619.2271,-458747.5938,   -955.1391,    542.2263,  25397.4238,
       1,     167,     174,      13,       1,       3,       1,     10.0000,      1.3898,     42.4403,    245.7646,     61.8495,      3.4953,      0.1383,      0.1042,     26.9455,      0.2245,      5.5202,     11.0403,      1.9834,     28.4749,     56.9499,      0.0190,      0.0019,      0.1783,      0.2006,   7619.2275,-465699.1875,   -956.6144,    541.7552,  25397.4180,
       1,     167,     174,      14,       1,       3,       1,     10.0000,      1.3898,     42.4403,    245.7646,     61.8495,      3.4953,      0.0729,      0.0387,     15.1103,      0.2291,      5.5202,     11.0403,      2.0246,     28.4749,     56.9499,      0.0190,      0.0023,      0.0825,      0.2006,   7619.2256,-455134.0625,   -954.4541,    542.4709,  25397.4199,
       1,     167,     174,      15,       1,       3,       1,     10.0000,      1.3898,     42.4403,    245.7646,     61.8495,      3.4953,      0.0727,      0.0385,     24.9561,      0.2339,      5.5202,     11.0403,      2.0666,     28.4749,     56.9499,      0.0190,      0.0038,      0.0811,      0.2006,   7619.2261,-439244.5312,   -951.1578,    543.5488,  25397.4199,
       1,     167,     174,      16,       1,       3,       1,     10.0000,      1.3898,     42.4403,    245.7646,     61.8495,      3.4953,      0.0328,     -0.0016,      9.6378,      0.2378,      5.5202,     11.0403,      2.1011,     28.4749,     56.9499,      0.0190,      0.0051,      0.0233,      0.2006,   7619.2261,-450341.1562,   -953.4615,    542.7960,  25397.4199,
       1,     167,     174,      17,       1,       3,       1,     10.0000,      1.3898,     42.4403,    245.7646,     61.8495,      3.4953,      0.0568,      0.0229,     23.9701,      0.2190,      5.5202,     11.0403,      1.9354,     28.4749,     56.9499,      0.0190,      0.0051,      0.0578,      0.2006,   7619.2261,-431906.2188,   -949.5593,    544.0472,  25397.4180,
       1,     167,     174,      18,       1,       3,       1,     10.0000,      1.3898,     42.4403,    245.7646,     61.8495,      3.4953,      0.1002,      0.0668,     52.6872,      0.2017,      5.5202,     11.0403,      1.7819,     28.4749,     56.9499,      0.0190,      0.0055,      0.1191,      0.2006,   7619.2256,-448460.7188,   -952.9688,    542.9229,  25397.4199,
       1,     167,     174,      19,       1,       3,       1,     10.0000,      1.3898,     42.4403,    245.7646,     61.8495,      3.4953,      0.0807,      0.0477,     37.7761,      0.1880,      5.5202,     11.0403,      1.6611,     28.4749,     56.9499,      0.0190,      0.0051,      0.0923,      0.2006,   7619.2261,-486236.4688,   -960.8846,    540.3604,  25397.4180,
       1,     167,     174,      20,       1,       3,       1,     10.0000,      1.3898,     42.4403,    245.7646,     61.8495,      3.4953,      0.0141,     -0.0186,      6.3318,      0.1778,      5.5202,     11.0403,      1.5713,     28.4749,     56.9499,      0.0190,      0.0050,      0.0156,      0.2006,   7619.2256,-470616.5312,   -957.6826,    541.4214,  25397.4199,
       1,     167,     174,      21,       1,       3,       1,     10.0000,      1.3898,     42.4403,    245.7646,     61.8495,      3.4953,      0.0000,     -0.0325,      6.4362,      0.1740,      5.5202,     11.0403,      1.5372,     28.4749,     56.9499,      0.0190,      0.0051,      0.0156,      0.2006,   7619.2261,-429455.6875,   -949.0400,    544.2082,  25397.4180,
       1,     167,     174,      22,       1,       3,       1,     10.0000,      1.3898,     42.4403,    245.7646,     61.8495,      3.4953,      0.0000,     -0.0325,      5.4361,      0.1719,      5.5202,     11.0403,      1.5190,     28.4749,     56.9499,      0.0190,      0.0043,      0.0156,      0.2006,   7619.2256,-426068.4688,   -948.2444,    544.4457,  25397.4180,
       1,     167,     174,      23,       1,       3,       1,     10.0000,      1.3898,     42.4403,    245.7646,     61.8495,      3.4953,      0.0000,     -0.0325,      4.4466,      0.1726,      5.5202,     11.0403,      1.5250,     28.4749,     56.9499,      0.0190,      0.0035,      0.0156,      0.2006,   7619.2256,-424502.4688,   -947.8431,    544.5524,  25397.4199,
       1,     167,     174,      24,       1,       3,       1,     10.0000,      1.3898,     42.4403,    245.7646,     61.8495,      3.4953,      0.0000,     -0.0324,      3.5690,      0.1710,      5.5202,     11.0403,      1.5114,     28.4749,     56.9499,      0.0190,      0.0028,      0.0156,      0.2006,   7619.2261,-423115.2188,   -947.4948,    544.6468,  25397.4199,
       1,     167,     175,       1,       1,       3,       1,     10.0000,      1.3898,     42.4407,    245.7705,     61.8510,      3.4953,      0.0000,     -0.0324,      3.1034,      0.1704,      5.5214,     11.0429,      1.5054,     28.4610,     56.9219,      0.0190,      0.0025,      0.0156,      0.2006,   7619.2261,-422042.4375,   -947.5295,    544.7330,  25398.5703,
       1,     167,     175,       2,       1,       3,       1,     10.0000,      1.3898,     42.4407,    245.7705,     61.8510,      3.4953,      0.0000,     -0.0323,      2.8603,      0.1663,      5.5214,     11.0429,      1.4698,     28.4610,     56.9219,      0.0190,      0.0023,      0.0156,      0.2007,   7619.5713,-421206.1562,   -947.0137,    544.7900,  25398.5703,
       1,     167,     175,       3,       1,       3,       1,     10.0000,      1.3898,     42.4407,    245.7705,     61.8510,      3.4953,      0.0000,     -0.0322,      2.4436,      0.1652,      5.5214,     11.0429,      1.4595,     28.4610,     56.9219,      0.0190,      0.0019,      0.0156,      0.2007,   7619.5713,-420826.6250,   -946.9000,    544.8158,  25398.5703,
       1,     167,     175,       4,       1,       3,       1,     10.0000,      1.3898,     42.4407,    245.7705,     61.8510,      3.4953,      0.0000,     -0.0323,      2.4823,      0.1673,      5.5214,     11.0429,      1.4786,     28.4610,     56.9219,      0.0190,      0.0020,      0.0156,      0.2007,   7619.5713,-420266.7188,   -946.7554,    544.8539,  25398.5684,
       1,     167,     175,       5,       1,       3,       1,     10.0000,      1.3898,     42.4407,    245.7705,     61.8510,      3.4953,      0.0000,     -0.0324,      2.3535,      0.1695,      5.5214,     11.0429,      1.4979,     28.4610,     56.9219,      0.0190,      0.0019,      0.0156,      0.2007,   7619.5708,-420267.5938,   -946.7264,    544.8539,  25398.5684,
       1,     167,     175,       6,       1,       3,       1,     10.0000,      1.3898,     42.4407,    245.7705,     61.8510,      3.4953,      0.0000,     -0.0323,      2.3399,      0.1675,      5.5214,     11.0429,      1.4801,     28.4610,     56.9219,      0.0190,      0.0019,      0.0156,      0.2007,   7619.5708,-420104.7500,   -946.6643,    544.8649,  25398.5684,
       1,     167,     175,       7,       1,       3,       1,     10.0000,      1.3898,     42.4407,    245.7705,     61.8510,      3.4953,      0.0000,     -0.0322,      1.9258,      0.1632,      5.5214,     11.0429,      1.4421,     28.4610,     56.9219,      0.0190,      0.0015,      0.0156,      0.2007,   7619.5708,-420073.5625,   -946.6296,    544.8671,  25398.5684,
       1,     167,     175,       8,       1,       3,       1,     10.0000,      1.3898,     42.4407,    245.7705,     61.8510,      3.4953,      0.0097,     -0.0225,      1.6373,      0.1637,      5.5214,     11.0429,      1.4465,     28.4610,     56.9219,      0.0190,      0.0013,      0.0156,      0.2007,   7619.5708,-419546.9062,   -946.4979,    544.9030,  25398.5664,
       1,     167,     175,       9,       1,       3,       1,     10.0000,      1.3898,     42.4407,    245.7705,     61.8510,      3.4953,      0.0486,      0.0160,      5.9636,      0.1768,      5.5214,     11.0429,      1.5620,     28.4610,     56.9219,      0.0190,      0.0015,      0.0490,      0.2007,   7619.5703,-419136.9062,   -946.3937,    544.9310,  25398.5684,
       1,     167,     175,      10,       1,       3,       1,     10.0000,      1.3898,     42.4407,    245.7705,     61.8510,      3.4953,      0.1058,      0.0730,     21.5810,      0.1848,      5.5214,     11.0429,      1.6334,     28.4610,     56.9219,      0.0190,      0.0020,      0.1313,      0.2007,   7619.5708,-424574.2188,   -947.5110,    544.5605,  25398.5684,
       1,     167,     175,      11,       1,       3,       1,     10.0000,      1.3898,     42.4407,    245.7705,     61.8510,      3.4953,      0.1585,      0.1249,     38.0977,      0.2085,      5.5214,     11.0429,      1.8427,     28.4610,     56.9219,      0.0190,      0.0023,      0.2070,      0.2006,   7619.5708,-444802.0625,   -951.7437,    543.1837,  25398.5703,
       1,     167,     175,      12,       1,       3,       1,     10.0000,      1.3898,     42.4407,    245.7705,     61.8510,      3.4953,      0.1300,      0.0959,     27.5493,      0.2271,      5.5214,     11.0429,      2.0069,     28.4610,     56.9219,      0.0190,      0.0021,      0.1659,      0.2006,   7619.5713,-467451.3125,   -956.5043,    541.6476,  25398.5684,
       1,     167,     175,      13,       1,       3,       1,     10.0000,      1.3898,     42.4407,    245.7705,     61.8510,      3.4953,      0.0303,     -0.0039,      3.1468,      0.2323,      5.5214,     11.0429,      2.0525,     28.4610,     56.9219,      0.0190,      0.0019,      0.0206,      0.2006,   7619.5708,-456049.6562,   -954.1517,    542.4218,  25398.5684,
       1,     167,     175,      14,       1,       3,       1,     10.0000,      1.3898,     42.4407,    245.7705,     61.8510,      3.4953,      0.1044,      0.0702,     24.9307,      0.2339,      5.5214,     11.0429,      2.0666,     28.4610,     56.9219,      0.0190,      0.0024,      0.1282,      0.2006,   7619.5708,-424180.9062,   -947.4620,    544.5831,  25398.5703,
       1,     167,     175,      15,       1,       3,       1,     10.0000,      1.3898,     42.4407,    245.7705,     61.8510,      3.4953,      0.0557,      0.0215,     14.0800,      0.2305,      5.5214,     11.0429,      2.0366,     28.4610,     56.9219,      0.0190,      0.0031,      0.0570,      0.2006,   7619.5713,-449011.0625,   -952.6680,    542.8972,  25398.5684,
       1,     167,     175,      16,       1,       3,       1,     10.0000,      1.3898,     42.4407,    245.7705,     61.8510,      3.4953,      0.0250,     -0.0088,      4.8486,      0.2182,      5.5214,     11.0429,      1.9279,     28.4610,     56.9219,      0.0190,      0.0047,      0.0129,      0.2006,   7619.5708,-437418.5938,   -950.2213,    543.6865,  25398.5684,
       1,     167,     175,      17,       1,       3,       1,     10.0000,      1.3898,     42.4407,    245.7705,     61.8510,      3.4953,      0.0554,      0.0216,     24.5714,      0.2148,      5.5214,     11.0429,      1.8978,     28.4610,     56.9219,      0.0190,      0.0055,      0.0557,      0.2006,   7619.5708,-424737.9375,   -947.4814,    544.5488,  25398.5703,
       1,     167,     175,      18,       1,       3,       1,     10.0000,      1.3898,     42.4407,    245.7705,     61.8510,      3.4953,      0.0309,     -0.0028,      9.5807,      0.2150,      5.5214,     11.0429,      1.8997,     28.4610,     56.9219,      0.0190,      0.0056,      0.0212,      0.2006,   7619.5713,-448600.1250,   -952.4438,    542.9253,  25398.5684,
       1,     167,     175,      19,       1,       3,       1,     10.0000,      1.3898,     42.4407,    245.7705,     61.8510,      3.4953,      0.0320,     -0.0015,      9.9423,      0.2081,      5.5214,     11.0429,      1.8390,     28.4610,     56.9219,      0.0190,      0.0054,      0.0230,      0.2006,   7619.5708,-431688.5000,   -948.8184,    544.0754,  25398.5684,
       1,     167,     175,      20,       1,       3,       1,     10.0000,      1.3898,     42.4407,    245.7705,     61.8510,      3.4953,      0.0099,     -0.0230,      6.5897,      0.1854,      5.5214,     11.0429,      1.6382,     28.4610,     56.9219,      0.0190,      0.0052,      0.0156,      0.2006,   7619.5708,-430691.4062,   -948.5290,    544.1444,  25398.5684,
       1,     167,     175,      21,       1,       3,       1,     10.0000,      1.3898,     42.4407,    245.7705,     61.8510,      3.4953,      0.0000,     -0.0326,      5.7403,      0.1776,      5.5214,     11.0429,      1.5697,     28.4610,     56.9219,      0.0190,      0.0046,      0.0156,      0.2006,   7619.5708,-426361.9062,   -947.5349,    544.4389,  25398.5684,
       1,     167,     175,      22,       1,       3,       1,     10.0000,      1.3898,     42.4407,    245.7705,     61.8510,      3.4953,      0.0000,     -0.0325,      5.3417,      0.1740,      5.5214,     11.0429,      1.5373,     28.4610,     56.9219,      0.0190,      0.0042,      0.0156,      0.2006,   7619.5708,-424914.7188,   -947.1604,    544.5375,  25398.5703,
       1,     167,     175,      23,       1,       3,       1,     10.0000,      1.3898,     42.4407,    245.7705,     61.8510,      3.4953,      0.0000,     -0.0326,      5.6241,      0.1754,      5.5214,     11.0429,      1.5496,     28.4610,     56.9219,      0.0190,      0.0045,      0.0156,      0.2006,   7619.5713,-424285.4688,   -946.9638,    544.5803,  25398.5684,
       1,     167,     175,      24,       1,       3,       1,     10.0000,      1.3898,     42.4407,    245.7705,     61.8510,      3.4953,      0.0000,     -0.0325,      4.7906,      0.1745,      5.5214,     11.0429,      1.5419,     28.4610,     56.9219,      0.0190,      0.0038,      0.0156,      0.2006,   7619.5708,-424588.6562,   -946.9598,    544.5597,  25398.5684,
       1,     167,     176,       1,       1,       3,       1,     10.0000,      1.3898,     42.4410,    245.7764,     61.8525,      3.4953,      0.0000,     -0.0324,      3.3547,      0.1710,      5.5223,     11.0447,      1.5115,     28.4407,     56.8815,      0.0190,      0.0027,      0.0156,      0.2007,   7619.5708,-423716.8750,   -947.0254,    544.6323,  25399.7168,
       1,     167,     176,       2,       1,       3,       1,     10.0000,      1.3898,     42.4410,    245.7764,     61.8525,      3.4953,      0.0000,     -0.0324,      2.6895,      0.1709,      5.5223,     11.0447,      1.5100,     28.4407,     56.8815,      0.0190,      0.0021,      0.0156,      0.2007,   7619.9155,-421671.0000,   -946.2542,    544.7715,  25399.7168,
       1,     167,     176,       3,       1,       3,       1,     10.0000,      1.3898,     42.4410,    245.7764,     61.8525,      3.4953,      0.0000,     -0.0323,      2.2478,      0.1688,      5.5223,     11.0447,      1.4920,     28.4407,     56.8815,      0.0190,      0.0018,      0.0156,      0.2007,   7619.9155,-420653.3125,   -946.0107,    544.8409,  25399.7188,
       1,     167,     176,       4,       1,       3,       1,     10.0000,      1.3898,     42.4410,    245.7764,     61.8525,      3.4953,      0.0000,     -0.0324,      2.2980,      0.1709,      5.5223,     11.0447,      1.5100,     28.4407,     56.8815,      0.0190,      0.0018,      0.0156,      0.2007,   7619.9160,-420006.7188,   -945.8510,    544.8849,  25399.7188,
       1,     167,     176,       5,       1,       3,       1,     10.0000,      1.3898,     42.4410,    245.7764,     61.8525,      3.4953,      0.0000,     -0.0323,      2.3480,      0.1672,      5.5223,     11.0447,      1.4772,     28.4407,     56.8815,      0.0190,      0.0019,      0.0156,      0.2007,   7619.9160,-420014.3750,   -945.8282,    544.8844,  25399.7129,
       1,     167,     176,       6,       1,       3,       1,     10.0000,      1.3898,     42.4410,    245.7764,     61.8525,      3.4953,      0.0000,     -0.0322,      2.1279,      0.1640,      5.5223,     11.0447,      1.4494,     28.4407,     56.8815,      0.0190,      0.0017,      0.0156,      0.2007,   7619.9141,-420079.1250,   -945.8188,    544.8800,  25399.7148,
       1,     167,     176,       7,       1,       3,       1,     10.0000,      1.3898,     42.4410,    245.7764,     61.8525,      3.4953,      0.0000,     -0.0324,      2.1259,      0.1692,      5.5223,     11.0447,      1.4950,     28.4407,     56.8815,      0.0190,      0.0017,      0.0156,      0.2007,   7619.9146,-419805.9375,   -945.7396,    544.8986,  25399.7148,
       1,     167,     176,       8,       1,       3,       1,     10.0000,      1.3898,     42.4410,    245.7764,     61.8525,      3.4953,      0.0070,     -0.0253,      2.2491,      0.1687,      5.5223,     11.0447,      1.4905,     28.4407,     56.8815,      0.0190,      0.0018,      0.0156,      0.2007,   7619.9146,-419779.8438,   -945.7128,    544.9004,  25399.7148,
       1,     167,     176,       9,       1,       3,       1,     10.0000,      1.3898,     42.4410,    245.7764,     61.8525,      3.4953,      0.0271,     -0.0055,      3.0885,      0.1771,      5.5223,     11.0447,      1.5651,     28.4407,     56.8815,      0.0190,      0.0022,      0.0177,      0.2007,   7619.9146,-419933.4375,   -945.7214,    544.8900,  25399.7129,
       1,     167,     176,      10,       1,       3,       1,     10.0000,      1.3898,     42.4410,    245.7764,     61.8525,      3.4953,      0.0664,      0.0331,     12.3157,      0.1985,      5.5223,     11.0447,      1.7541,     28.4407,     56.8815,      0.0190,      0.0021,      0.0738,      0.2007,   7619.9141,-421008.7812,   -945.9158,    544.8167,  25399.7148,
       1,     167,     176,      11,       1,       3,       1,     10.0000,      1.3898,     42.4410,    245.7764,     61.8525,      3.4953,      0.1326,      0.0988,     27.1449,      0.2180,      5.5223,     11.0447,      1.9260,     28.4407,     56.8815,      0.0190,      0.0020,      0.1699,      0.2007,   7619.9146,-432773.1250,   -948.3790,    544.0155,  25399.7129,
       1,     167,     176,      12,       1,       3,       1,     10.0000,      1.3898,     42.4410,    245.7764,     61.8525,      3.4953,      0.0800,      0.0459,     18.3448,      0.2269,      5.5223,     11.0447,      2.0050,     28.4407,     56.8815,      0.0190,      0.0025,      0.0927,      0.2007,   7619.9141,-452550.0312,   -952.5482,    542.6713,  25399.7129,
       1,     167,     176,      13,       1,       3,       1,     10.0000,      1.3898,     42.4410,    245.7764,     61.8525,      3.4953,      0.0631,      0.0289,     13.4781,      0.2341,      5.5223,     11.0447,      2.0687,     28.4407,     56.8815,      0.0190,      0.0025,      0.0681,      0.2007,   7619.9141,-443119.2188,   -950.5738,    543.3126,  25399.7129,
       1,     167,     176,      14,       1,       3,       1,     10.0000,      1.3898,     42.4410,    245.7764,     61.8525,      3.4953,      0.0982,      0.0638,     24.4323,      0.2415,      5.5223,     11.0447,      2.1343,     28.4407,     56.8815,      0.0190,      0.0025,      0.1190,      0.2007,   7619.9141,-436149.0312,   -949.0966,    543.7864,  25399.7129,
       1,     167,     176,      15,       1,       3,       1,     10.0000,      1.3898,     42.4410,    245.7764,     61.8525,      3.4953,      0.1515,      0.1170,     58.6469,      0.2465,      5.5223,     11.0447,      2.1784,     28.4407,     56.8815,      0.0190,      0.0037,      0.1944,      0.2007,   7619.9141,-449409.0000,   -951.8947,    542.8853,  25399.7148,
       1,     167,     176,      16,       1,       3,       1,     10.0000,      1.3898,     42.4410,    245.7764,     61.8525,      3.4953,      0.1661,      0.1316,     89.3377,      0.2422,      5.5223,     11.0447,      2.1405,     28.4407,     56.8815,      0.0190,      0.0052,      0.2125,      0.2007,   7619.9146,-493849.6562,   -961.3157,    539.8702,  25399.7148,
       1,     167,     176,      17,       1,       3,       1,     10.0000,      1.3898,     42.4410,    245.7764,     61.8525,      3.4953,      0.1621,      0.1280,     96.7351,      0.2253,      5.5223,     11.0447,      1.9913,     28.4407,     56.8815,      0.0190,      0.0058,      0.2056,      0.2006,   7619.9146,-536559.0000,   -970.4890,    536.9964,  25399.7148,
       1,     167,     176,      18,       1,       3,       1,     10.0000,      1.3898,     42.4410,    245.7764,     61.8525,      3.4953,      0.1244,      0.0908,     67.9896,      0.2112,      5.5223,     11.0447,      1.8664,     28.4407,     56.8815,      0.0190,      0.0055,      0.1532,      0.2006,   7619.9146,-549612.1875,   -973.5286,    536.1278,  25399.7148,
       1,     167,     176,      19,       1,       3,       1,     10.0000,      1.3898,     42.4410,    245.7764,     61.8525,      3.4953,      0.0462,      0.0128,     20.2570,      0.2021,      5.5223,     11.0447,      1.7855,     28.4407,     56.8815,      0.0190,      0.0058,      0.0430,      0.2005,   7619.9146,-514289.7500,   -966.3333,    538.4957,  25399.7129,
       1,     167,     176,      20,       1,       3,       1,     10.0000,      1.3898,     42.4410,    245.7764,     61.8525,      3.4953,      0.0137,     -0.0192,      7.4197,      0.1882,      5.5223,     11.0447,      1.6628,     28.4407,     56.8815,      0.0190,      0.0059,      0.0156,      0.2006,   7619.9141,-450812.0625,   -952.9767,    542.7737,  25399.7129,
       1,     167,     176,      21,       1,       3,       1,     10.0000,      1.3898,     42.4410,    245.7764,     61.8525,      3.4953,      0.0000,     -0.0326,      7.1688,      0.1778,      5.5223,     11.0447,      1.5713,     28.4407,     56.8815,      0.0190,      0.0057,      0.0156,      0.2007,   7619.9141,-429163.7188,   -948.3279,    544.2595,  25399.7129,
       1,     167,     176,      22,       1,       3,       1,     10.0000,      1.3898,     42.4410,    245.7764,     61.8525,      3.4953,      0.0000,     -0.0325,      6.4729,      0.1738,      5.5223,     11.0447,      1.5358,     28.4407,     56.8815,      0.0190,      0.0051,      0.0156,      0.2007,   7619.9141,-426968.1250,   -947.7914,    544.4109,  25399.7109,
       1,     167,     176,      23,       1,       3,       1,     10.0000,      1.3898,     42.4410,    245.7764,     61.8525,      3.4953,      0.0000,     -0.0326,      5.6151,      0.1761,      5.5223,     11.0447,      1.5558,     28.4407,     56.8815,      0.0190,      0.0045,      0.0156,      0.2007,   7619.9136,-425896.2812,   -947.5005,    544.4839,  25399.7129,
       1,     167,     176,      24,       1,       3,       1,     10.0000,      1.3898,     42.4410,    245.7764,     61.8525,      3.4953,      0.0000,     -0.0326,      4.8393,      0.1769,      5.5223,     11.0447,      1.5635,     28.4407,     56.8815,      0.0190,      0.0038,      0.0156,      0.2007,   7619.9141,-424718.7188,   -947.1964,    544.5641,  25399.7129,
       1,     167,     177,       1,       1,       3,       1,     10.0000,      1.3899,     42.4413,    245.7822,     61.8540,      3.4953,      0.0000,     -0.0326,      3.7295,      0.1754,      5.5220,     11.0440,      1.5496,     28.4288,     56.8577,      0.0190,      0.0030,      0.0156,      0.2007,   7619.9141,-423792.4062,   -947.2614,    544.6403,  25400.8594,
       1,     167,     177,       2,       1,       3,       1,     10.0000,      1.3899,     42.4413,    245.7822,     61.8540,      3.4953,      0.0000,     -0.0324,      2.8524,      0.1694,      5.5220,     11.0440,      1.4965,     28.4288,     56.8577,      0.0190,      0.0023,      0.0156,      0.2007,   7620.2583,-422154.7812,   -946.5742,    544.7518,  25400.8613,
       1,     167,     177,       3,       1,       3,       1,     10.0000,      1.3899,     42.4413,    245.7822,     61.8540,      3.4953,      0.0000,     -0.0323,      2.4384,      0.1672,      5.5220,     11.0440,      1.4772,     28.4288,     56.8577,      0.0190,      0.0019,      0.0156,      0.2007,   7620.2588,-420903.8750,   -946.2819,    544.8370,  25400.8613,
       1,     167,     177,       4,       1,       3,       1,     10.0000,      1.3899,     42.4413,    245.7822,     61.8540,      3.4953,      0.0000,     -0.0321,      2.0570,      0.1601,      5.5220,     11.0440,      1.4150,     28.4288,     56.8577,      0.0190,      0.0016,      0.0156,      0.2007,   7620.2588,-420272.4375,   -946.1266,    544.8799,  25400.8613,
       1,     167,     177,       5,       1,       3,       1,     10.0000,      1.3899,     42.4413,    245.7822,     61.8540,      3.4953,      0.0000,     -0.0318,      2.1108,      0.1521,      5.5220,     11.0440,      1.3444,     28.4288,     56.8577,      0.0190,      0.0017,      0.0156,      0.2007,   7620.2588,-419735.8438,   -945.9955,    544.9165,  25400.8613,
       1,     167,     177,       6,       1,       3,       1,     10.0000,      1.3899,     42.4413,    245.7822,     61.8540,      3.4953,      0.0000,     -0.0316,      1.9391,      0.1479,      5.5220,     11.0440,      1.3071,     28.4288,     56.8577,      0.0190,      0.0015,      0.0156,      0.2007,   7620.2588,-419757.5312,   -945.9848,    544.9150,  25400.8633,
       1,     167,     177,       7,       1,       3,       1,     10.0000,      1.3899,     42.4413,    245.7822,     61.8540,      3.4953,      0.0000,     -0.0319,      1.9443,      0.1560,      5.5220,     11.0440,      1.3786,     28.4288,     56.8577,      0.0190,      0.0015,      0.0156,      0.2007,   7620.2593,-419542.1250,   -945.9248,    544.9297,  25400.8633,
       1,     167,     177,       8,       1,       3,       1,     10.0000,      1.3899,     42.4413,    245.7822,     61.8540,      3.4953,      0.0115,     -0.0206,      1.8870,      0.1629,      5.5220,     11.0440,      1.4393,     28.4288,     56.8577,      0.0190,      0.0015,      0.0156,      0.2007,   7620.2593,-419530.0625,   -945.9067,    544.9305,  25400.8633,
       1,     167,     177,       9,       1,       3,       1,     10.0000,      1.3899,     42.4413,    245.7822,     61.8540,      3.4953,      0.0760,      0.0435,     10.6046,      0.1716,      5.5220,     11.0440,      1.5160,     28.4288,     56.8577,      0.0190,      0.0015,      0.0888,      0.2007,   7620.2593,-419456.6250,   -945.8746,    544.9355,  25400.8594,
       1,     167,     177,      10,       1,       3,       1,     10.0000,      1.3899,     42.4413,    245.7822,     61.8540,      3.4953,      0.1153,      0.0824,     19.7066,      0.1884,      5.5220,     11.0440,      1.6645,     28.4288,     56.8577,      0.0190,      0.0017,      0.1454,      0.2007,   7620.2583,-430476.6875,   -948.2115,    544.1849,  25400.8613,
       1,     167,     177,      11,       1,       3,       1,     10.0000,      1.3899,     42.4413,    245.7822,     61.8540,      3.4953,      0.0988,      0.0654,     16.6482,      0.2035,      5.5220,     11.0440,      1.7979,     28.4288,     56.8577,      0.0190,      0.0017,      0.1213,      0.2007,   7620.2588,-442940.8125,   -950.8636,    543.3375,  25400.8594,
       1,     167,     177,      12,       1,       3,       1,     10.0000,      1.3899,     42.4413,    245.7822,     61.8540,      3.4953,      0.1028,      0.0691,     17.0804,      0.2133,      5.5220,     11.0440,      1.8849,     28.4288,     56.8577,      0.0190,      0.0017,      0.1269,      0.2007,   7620.2583,-440146.0000,   -950.2761,    543.5280,  25400.8613,
       1,     167,     177,      13,       1,       3,       1,     10.0000,      1.3899,     42.4413,    245.7822,     61.8540,      3.4953,      0.1547,      0.1209,     28.6149,      0.2186,      5.5220,     11.0440,      1.9317,     28.4288,     56.8577,      0.0190,      0.0018,      0.2026,      0.2007,   7620.2588,-440451.1562,   -950.3438,    543.5074,  25400.8613,
       1,     167,     177,      14,       1,       3,       1,     10.0000,      1.3899,     42.4413,    245.7822,     61.8540,      3.4953,      0.1628,      0.1286,     36.0710,      0.2291,      5.5220,     11.0440,      2.0247,     28.4288,     56.8577,      0.0190,      0.0021,      0.2137,      0.2007,   7620.2588,-455070.3438,   -953.4561,    542.5142,  25400.8613,
       1,     167,     177,      15,       1,       3,       1,     10.0000,      1.3899,     42.4413,    245.7822,     61.8540,      3.4953,      0.1796,      0.1457,     58.5434,      0.2212,      5.5220,     11.0440,      1.9546,     28.4288,     56.8577,      0.0190,      0.0031,      0.2361,      0.2007,   7620.2588,-465765.8438,   -955.7631,    541.7897,  25400.8633,
       1,     167,     177,      16,       1,       3,       1,     10.0000,      1.3899,     42.4413,    245.7822,     61.8540,      3.4953,      0.1258,      0.0919,     53.3968,      0.2193,      5.5220,     11.0440,      1.9374,     28.4288,     56.8577,      0.0190,      0.0042,      0.1568,      0.2007,   7620.2593,-495127.4375,   -962.0807,    539.8018,  25400.8613,
       1,     167,     177,      17,       1,       3,       1,     10.0000,      1.3899,     42.4413,    245.7822,     61.8540,      3.4953,      0.1257,      0.0920,     64.8502,      0.2137,      5.5220,     11.0440,      1.8886,     28.4288,     56.8577,      0.0190,      0.0052,      0.1554,      0.2006,   7620.2588,-491143.4688,   -961.3803,    540.0743,  25400.8613,
       1,     167,     177,      18,       1,       3,       1,     10.0000,      1.3899,     42.4413,    245.7822,     61.8540,      3.4953,      0.0920,      0.0586,     43.6513,      0.2025,      5.5220,     11.0440,      1.7891,     28.4288,     56.8577,      0.0190,      0.0050,      0.1080,      0.2006,   7620.2588,-505298.6875,   -964.5500,    539.1187,  25400.8594,
       1,     167,     177,      19,       1,       3,       1,     10.0000,      1.3899,     42.4413,    245.7822,     61.8540,      3.4953,      0.0371,      0.0041,     13.4065,      0.1884,      5.5220,     11.0440,      1.6645,     28.4288,     56.8577,      0.0190,      0.0054,      0.0308,      0.2006,   7620.2583,-479669.8438,   -959.2363,    540.8466,  25400.8613,
       1,     167,     177,      20,       1,       3,       1,     10.0000,      1.3899,     42.4413,    245.7822,     61.8540,      3.4953,      0.0154,     -0.0173,      0.2545,      0.1805,      5.5220,     11.0440,      1.5950,     28.4288,     56.8577,      0.0190,      0.0049,      0.0006,      0.2006,   7620.2588,-439190.4062,   -950.6255,    543.5860,  25400.8594,
       1,     167,     177,      21,       1,       3,       1,     10.0000,      1.3899,     42.4413,    245.7822,     61.8540,      3.4953,      0.0000,     -0.0326,      6.0687,      0.1766,      5.5220,     11.0440,      1.5605,     28.4288,     56.8577,      0.0190,      0.0048,      0.0156,      0.2007,   7620.2583,-419091.0000,   -946.2738,    544.9587,  25400.8594,
       1,     167,     177,      22,       1,       3,       1,     10.0000,      1.3899,     42.4413,    245.7822,     61.8540,      3.4953,      0.0000,     -0.0326,      5.9655,      0.1757,      5.5220,     11.0440,      1.5527,     28.4288,     56.8577,      0.0190,      0.0047,      0.0156,      0.2007,   7620.2583,-424710.4062,   -947.4259,    544.5777,  25400.8574,
       1,     167,     177,      23,       1,       3,       1,     10.0000,      1.3899,     42.4413,    245.7822,     61.8540,      3.4953,      0.0000,     -0.0325,      5.0972,      0.1743,      5.5220,     11.0440,      1.5404,     28.4288,     56.8577,      0.0190,      0.0041,      0.0156,      0.2007,   7620.2573,-425062.3438,   -947.4539,    544.5538,  25400.8594,
       1,     167,     177,      24,       1,       3,       1,     10.0000,      1.3899,     42.4413,    245.7822,     61.8540,      3.4953,      0.0000,     -0.0324,      3.8620,      0.1719,      5.5220,     11.0440,      1.5191,     28.4288,     56.8577,      0.0190,      0.0031,      0.0156,      0.2007,   7620.2583,-423993.9688,   -947.1863,    544.6265,  25400.8613,
       1,     167,     178,       1,       1,       3,       1,     10.0000,      1.3899,     42.4417,    245.7881,     61.8555,      3.4953,      0.0000,     -0.0324,      3.3481,      0.1699,      5.5214,     11.0429,      1.5010,     28.4211,     56.8423,      0.0190,      0.0027,      0.0156,      0.2007,   7620.2588,-422496.0312,   -947.1464,    544.7416,  25402.0078,
       1,     167,     178,       2,       1,       3,       1,     10.0000,      1.3899,     42.4417,    245.7881,     61.8555,      3.4953,      0.0000,     -0.0324,      3.0649,      0.1695,      5.5214,     11.0429,      1.4980,     28.4211,     56.8423,      0.0190,      0.0024,      0.0156,      0.2007,   7620.6025,-421563.0312,   -946.6158,    544.8051,  25402.0098,
       1,     167,     178,       3,       1,       3,       1,     10.0000,      1.3899,     42.4417,    245.7881,     61.8555,      3.4953,      0.0000,     -0.0323,      2.9935,      0.1690,      5.5214,     11.0429,      1.4936,     28.4211,     56.8423,      0.0190,      0.0024,      0.0156,      0.2007,   7620.6030,-421124.1875,   -946.4997,    544.8350,  25402.0078,
       1,     167,     178,       4,       1,       3,       1,     10.0000,      1.3899,     42.4417,    245.7881,     61.8555,      3.4953,      0.0000,     -0.0323,      2.8665,      0.1683,      5.5214,     11.0429,      1.4876,     28.4211,     56.8423,      0.0190,      0.0023,      0.0156,      0.2007,   7620.6025,-420996.4062,   -946.4526,    544.8437,  25402.0078,
       1,     167,     178,       5,       1,       3,       1,     10.0000,      1.3899,     42.4417,    245.7881,     61.8555,      3.4953,      0.0000,     -0.0322,      2.6376,      0.1660,      5.5214,     11.0429,      1.4669,     28.4211,     56.8423,      0.0190,      0.0021,      0.0156,      0.2007,   7620.6025,-420824.9062,   -946.3970,    544.8554,  25402.0078,
       1,     167,     178,       6,       1,       3,       1,     10.0000,      1.3899,     42.4417,    245.7881,     61.8555,      3.4953,      0.0000,     -0.0323,      2.5072,      0.1662,      5.5214,     11.0429,      1.4684,     28.4211,     56.8423,      0.0190,      0.0020,      0.0156,      0.2007,   7620.6025,-420520.5000,   -946.3146,    544.8761,  25402.0078,
       1,     167,     178,       7,       1,       3,       1,     10.0000,      1.3899,     42.4417,    245.7881,     61.8555,      3.4953,      0.0000,     -0.0322,      2.5554,      0.1657,      5.5214,     11.0429,      1.4640,     28.4211,     56.8423,      0.0190,      0.0020,      0.0156,      0.2007,   7620.6025,-420329.5000,   -946.2573,    544.8891,  25402.0078,
       1,     167,     178,       8,       1,       3,       1,     10.0000,      1.3899,     42.4417,    245.7881,     61.8555,      3.4953,      0.0017,     -0.0305,      2.6414,      0.1640,      5.5214,     11.0429,      1.4495,     28.4211,     56.8423,      0.0190,      0.0021,      0.0156,      0.2007,   7620.6025,-420374.0000,   -946.2498,    544.8860,  25402.0098,
       1,     167,     178,       9,       1,       3,       1,     10.0000,      1.3899,     42.4417,    245.7881,     61.8555,      3.4953,      0.0125,     -0.0201,      2.7064,      0.1794,      5.5214,     11.0429,      1.5855,     28.4211,     56.8423,      0.0190,      0.0022,      0.0156,      0.2007,   7620.6030,-420486.2812,   -946.2552,    544.8784,  25402.0078,
       1,     167,     178,      10,       1,       3,       1,     10.0000,      1.3899,     42.4417,    245.7881,     61.8555,      3.4953,      0.0326,     -0.0006,      4.5909,      0.1958,      5.5214,     11.0429,      1.7301,     28.4211,     56.8423,      0.0190,      0.0023,      0.0248,      0.2007,   7620.6025,-420578.5000,   -946.2568,    544.8721,  25402.0078,
       1,     167,     178,      11,       1,       3,       1,     10.0000,      1.3899,     42.4417,    245.7881,     61.8555,      3.4953,      0.1025,      0.0691,     23.0537,      0.2037,      5.5214,     11.0429,      1.7997,     28.4211,     56.8423,      0.0190,      0.0023,      0.1259,      0.2007,   7620.6025,-422969.6562,   -946.7495,    544.7093,  25402.0078,
       1,     167,     178,      12,       1,       3,       1,     10.0000,      1.3899,     42.4417,    245.7881,     61.8555,      3.4953,      0.1527,      0.1188,     37.8356,      0.2178,      5.5214,     11.0429,      1.9242,     28.4211,     56.8423,      0.0190,      0.0024,      0.1984,      0.2007,   7620.6025,-446525.4062,   -951.7957,    543.1054,  25402.0059,
       1,     167,     178,      13,       1,       3,       1,     10.0000,      1.3899,     42.4417,    245.7881,     61.8555,      3.4953,      0.1633,      0.1293,     41.3512,      0.2223,      5.5214,     11.0429,      1.9643,     28.4211,     56.8423,      0.0190,      0.0024,      0.2138,      0.2007,   7620.6021,-467261.2500,   -956.2612,    541.7001,  25402.0059,
       1,     167,     178,      14,       1,       3,       1,     10.0000,      1.3899,     42.4417,    245.7881,     61.8555,      3.4953,      0.1625,      0.1285,     52.4426,      0.2240,      5.5214,     11.0429,      1.9797,     28.4211,     56.8423,      0.0190,      0.0031,      0.2113,      0.2007,   7620.6021,-473495.5625,   -957.6666,    541.2798,  25402.0078,
       1,     167,     178,      15,       1,       3,       1,     10.0000,      1.3899,     42.4417,    245.7881,     61.8555,      3.4953,      0.1761,      0.1421,     75.3805,      0.2251,      5.5214,     11.0429,      1.9894,     28.4211,     56.8423,      0.0190,      0.0041,      0.2289,      0.2007,   7620.6025,-488066.9062,   -960.8864,    540.2941,  25402.0098,
       1,     167,     178,      16,       1,       3,       1,     10.0000,      1.3899,     42.4417,    245.7881,     61.8555,      3.4953,      0.1598,      0.1257,     78.2772,      0.2285,      5.5214,     11.0429,      2.0189,     28.4211,     56.8423,      0.0190,      0.0047,      0.2045,      0.2007,   7620.6030,-518358.0000,   -967.5308,    538.2491,  25402.0039,
       1,     167,     178,      17,       1,       3,       1,     10.0000,      1.3899,     42.4417,    245.7881,     61.8555,      3.4953,      0.1331,      0.0993,     74.0646,      0.2154,      5.5214,     11.0429,      1.9036,     28.4211,     56.8423,      0.0190,      0.0056,      0.1652,      0.2006,   7620.6016,-524638.1875,   -969.1286,    537.8305,  25402.0078,
       1,     167,     178,      18,       1,       3,       1,     10.0000,      1.3899,     42.4417,    245.7881,     61.8555,      3.4953,      0.0944,      0.0605,     51.0837,      0.2199,      5.5214,     11.0429,      1.9432,     28.4211,     56.8423,      0.0190,      0.0057,      0.1105,      0.2006,   7620.6025,-519836.1250,   -968.3632,    538.1534,  25402.0059,
       1,     167,     178,      19,       1,       3,       1,     10.0000,      1.3899,     42.4417,    245.7881,     61.8555,      3.4953,      0.0455,      0.0122,     18.9079,      0.2015,      5.5214,     11.0429,      1.7803,     28.4211,     56.8423,      0.0190,      0.0056,      0.0422,      0.2006,   7620.6021,-490317.9688,   -962.2398,    540.1393,  25402.0039,
       1,     167,     178,      20,       1,       3,       1,     10.0000,      1.3899,     42.4417,    245.7881,     61.8555,      3.4953,      0.0110,     -0.0218,      6.7965,      0.1827,      5.5214,     11.0429,      1.6142,     28.4211,     56.8423,      0.0190,      0.0054,      0.0156,      0.2007,   7620.6016,-447063.9688,   -953.0255,    543.0633,  25402.0039,
       1,     167,     178,      21,       1,       3,       1,     10.0000,      1.3899,     42.4417,    245.7881,     61.8555,      3.4953,      0.0001,     -0.0324,      7.2620,      0.1717,      5.5214,     11.0429,      1.5176,     28.4211,     56.8423,      0.0190,      0.0058,      0.0156,      0.2007,   7620.6016,-428046.2500,   -948.9063,    544.3622,  25402.0039,
       1,     167,     178,      22,       1,       3,       1,     10.0000,      1.3899,     42.4417,    245.7881,     61.8555,      3.4953,      0.0000,     -0.0324,      6.7512,      0.1702,      5.5214,     11.0429,      1.5040,     28.4211,     56.8423,      0.0190,      0.0054,      0.0156,      0.2007,   7620.6016,-426993.3750,   -948.6390,    544.4354,  25402.0039,
       1,     167,     178,      23,       1,       3,       1,     10.0000,      1.3899,     42.4417,    245.7881,     61.8555,      3.4953,      0.0000,     -0.0324,      6.7416,      0.1694,      5.5214,     11.0429,      1.4965,     28.4211,     56.8423,      0.0190,      0.0054,      0.0156,      0.2007,   7620.6016,-426254.7188,   -948.4427,    544.4857,  25402.0039,
       1,     167,     178,      24,       1,       3,       1,     10.0000,      1.3899,     42.4417,    245.7881,     61.8555,      3.4953,      0.0000,     -0.0323,      5.4388,      0.1675,      5.5214,     11.0429,      1.4802,     28.4211,     56.8423,      0.0190,      0.0043,      0.0156,      0.2007,   7620.6016,-426179.0938,   -948.3910,    544.4908,  25402.0059,
       1,     167,     179,       1,       1,       3,       1,     10.0000,      1.3899,     42.4420,    245.7939,     61.8569,      3.4953,      0.0000,     -0.0322,      3.9990,      0.1650,      5.5214,     11.0427,      1.4582,     28.4121,     56.8241,      0.0190,      0.0032,      0.0156,      0.2008,   7620.6021,-424680.1875,   -948.3500,    544.6058,  25403.1484,
       1,     167,     179,       2,       1,       3,       1,     10.0000,      1.3899,     42.4420,    245.7939,     61.8569,      3.4953,      0.0000,     -0.0322,      3.0519,      0.1634,      5.5214,     11.0427,      1.4437,     28.4121,     56.8241,      0.0190,      0.0024,      0.0156,      0.2008,   7620.9448,-422577.0625,   -947.5697,    544.7490,  25403.1504,
       1,     167,     179,       3,       1,       3,       1,     10.0000,      1.3899,     42.4420,    245.7939,     61.8569,      3.4953,      0.0000,     -0.0321,      2.8532,      0.1631,      5.5214,     11.0427,      1.4408,     28.4121,     56.8241,      0.0190,      0.0023,      0.0156,      0.2008,   7620.9453,-421198.2500,   -947.2579,    544.8430,  25403.1465,
       1,     167,     179,       4,       1,       3,       1,     10.0000,      1.3899,     42.4420,    245.7939,     61.8569,      3.4953,      0.0000,     -0.0322,      2.6813,      0.1644,      5.5214,     11.0427,      1.4524,     28.4121,     56.8241,      0.0190,      0.0021,      0.0156,      0.2008,   7620.9443,-420828.5312,   -947.1648,    544.8682,  25403.1484,
       1,     167,     179,       5,       1,       3,       1,     10.0000,      1.3899,     42.4420,    245.7939,     61.8569,      3.4953,      0.0000,     -0.0321,      2.3942,      0.1619,      5.5214,     11.0427,      1.4308,     28.4121,     56.8241,      0.0190,      0.0019,      0.0156,      0.2008,   7620.9448,-420579.1562,   -947.0979,    544.8851,  25403.1484,
       1,     167,     179,       6,       1,       3,       1,     10.0000,      1.3899,     42.4420,    245.7939,     61.8569,      3.4953,      0.0000,     -0.0321,      2.0175,      0.1613,      5.5214,     11.0427,      1.4250,     28.4121,     56.8241,      0.0190,      0.0016,      0.0156,      0.2008,   7620.9448,-420194.5625,   -947.0045,    544.9113,  25403.1484,
       1,     167,     179,       7,       1,       3,       1,     10.0000,      1.3899,     42.4420,    245.7939,     61.8569,      3.4953,      0.0000,     -0.0320,      1.9676,      0.1584,      5.5214,     11.0427,      1.3996,     28.4121,     56.8241,      0.0190,      0.0016,      0.0156,      0.2008,   7620.9448,-419685.1250,   -946.8862,    544.9460,  25403.1484,
       1,     167,     179,       8,       1,       3,       1,     10.0000,      1.3899,     42.4420,    245.7939,     61.8569,      3.4953,      0.0010,     -0.0309,      1.8415,      0.1557,      5.5214,     11.0427,      1.3759,     28.4121,     56.8241,      0.0190,      0.0015,      0.0156,      0.2008,   7620.9448,-419578.1875,   -946.8549,    544.9533,  25403.1504,
       1,     167,     179,       9,       1,       3,       1,     10.0000,      1.3899,     42.4420,    245.7939,     61.8569,      3.4953,      0.0096,     -0.0226,      2.0936,      0.1652,      5.5214,     11.0427,      1.4597,     28.4121,     56.8241,      0.0190,      0.0017,      0.0156,      0.2008,   7620.9453,-419409.4375,   -946.8102,    544.9648,  25403.1484,
       1,     167,     179,      10,       1,       3,       1,     10.0000,      1.3899,     42.4420,    245.7939,     61.8569,      3.4953,      0.0423,      0.0097,      5.9852,      0.1791,      5.5214,     11.0427,      1.5824,     28.4121,     56.8241,      0.0190,      0.0019,      0.0396,      0.2008,   7620.9448,-419713.7500,   -946.8658,    544.9441,  25403.1484,
       1,     167,     179,      11,       1,       3,       1,     10.0000,      1.3899,     42.4420,    245.7939,     61.8569,      3.4953,      0.0820,      0.0490,     14.6003,      0.1901,      5.5214,     11.0427,      1.6795,     28.4121,     56.8241,      0.0190,      0.0019,      0.0968,      0.2008,   7620.9448,-424660.8438,   -947.9230,    544.6071,  25403.1484,
       1,     167,     179,      12,       1,       3,       1,     10.0000,      1.3899,     42.4420,    245.7939,     61.8569,      3.4953,      0.1336,      0.1007,     22.2448,      0.1852,      5.5214,     11.0427,      1.6368,     28.4121,     56.8241,      0.0190,      0.0016,      0.1721,      0.2008,   7620.9448,-435981.5938,   -950.3646,    543.8366,  25403.1484,
       1,     167,     179,      13,       1,       3,       1,     10.0000,      1.3899,     42.4420,    245.7939,     61.8569,      3.4953,      0.1680,      0.1349,     21.5086,      0.1939,      5.5214,     11.0427,      1.7131,     28.4121,     56.8241,      0.0190,      0.0012,      0.2229,      0.2007,   7620.9448,-446626.2500,   -952.6711,    543.1135,  25403.1484,
       1,     167,     179,      14,       1,       3,       1,     10.0000,      1.3899,     42.4420,    245.7939,     61.8569,      3.4953,      0.1792,      0.1455,     32.2283,      0.2129,      5.5214,     11.0427,      1.8813,     28.4121,     56.8241,      0.0190,      0.0017,      0.2384,      0.2007,   7620.9448,-446611.5938,   -952.6718,    543.1149,  25403.1484,
       1,     167,     179,      15,       1,       3,       1,     10.0000,      1.3899,     42.4420,    245.7939,     61.8569,      3.4953,      0.1719,      0.1376,     48.1724,      0.2362,      5.5214,     11.0427,      2.0871,     28.4121,     56.8241,      0.0190,      0.0026,      0.2259,      0.2007,   7620.9448,-460169.8125,   -955.5952,    542.1945,  25403.1484,
       1,     167,     179,      16,       1,       3,       1,     10.0000,      1.3899,     42.4420,    245.7939,     61.8569,      3.4953,      0.1835,      0.1495,     67.5591,      0.2262,      5.5214,     11.0427,      1.9992,     28.4121,     56.8241,      0.0190,      0.0035,      0.2409,      0.2007,   7620.9448,-481510.7812,   -960.2480,    540.7489,  25403.1465,
       1,     167,     179,      17,       1,       3,       1,     10.0000,      1.3899,     42.4420,    245.7939,     61.8569,      3.4953,      0.1736,      0.1399,     55.7123,      0.2161,      5.5214,     11.0427,      1.9092,     28.4121,     56.8241,      0.0190,      0.0030,      0.2275,      0.2007,   7620.9443,-507885.9375,   -966.0624,    538.9680,  25403.1465,
       1,     167,     179,      18,       1,       3,       1,     10.0000,      1.3899,     42.4420,    245.7939,     61.8569,      3.4953,      0.1098,      0.0765,     35.8197,      0.1991,      5.5214,     11.0427,      1.7594,     28.4121,     56.8241,      0.0190,      0.0033,      0.1353,      0.2007,   7620.9443,-495156.4375,   -963.5160,    539.8286,  25403.1465,
       1,     167,     179,      19,       1,       3,       1,     10.0000,      1.3899,     42.4420,    245.7939,     61.8569,      3.4953,      0.0725,      0.0391,     26.0516,      0.2011,      5.5214,     11.0427,      1.7769,     28.4121,     56.8241,      0.0190,      0.0040,      0.0812,      0.2007,   7620.9443,-468880.5625,   -957.9968,    541.6023,  25403.1465,
       1,     167,     179,      20,       1,       3,       1,     10.0000,      1.3899,     42.4420,    245.7939,     61.8569,      3.4953,      0.0264,     -0.0063,      6.4137,      0.1809,      5.5214,     11.0427,      1.5982,     28.4121,     56.8241,      0.0190,      0.0049,      0.0161,      0.2007,   7620.9443,-454272.8438,   -954.9075,    542.5941,  25403.1465,
       1,     167,     179,      21,       1,       3,       1,     10.0000,      1.3899,     42.4420,    245.7939,     61.8569,      3.4953,      0.0001,     -0.0323,      5.9900,      0.1702,      5.5214,     11.0427,      1.5041,     28.4121,     56.8241,      0.0190,      0.0048,      0.0156,      0.2007,   7620.9443,-428172.5312,   -949.2609,    544.3654,  25403.1445,
       1,     167,     179,      22,       1,       3,       1,     10.0000,      1.3899,     42.4420,    245.7939,     61.8569,      3.4953,      0.0000,     -0.0322,      5.3087,      0.1657,      5.5214,     11.0427,      1.4641,     28.4121,     56.8241,      0.0190,      0.0042,      0.0156,      0.2007,   7620.9438,-425399.4688,   -948.6385,    544.5569,  25403.1445,
       1,     167,     179,      23,       1,       3,       1,     10.0000,      1.3899,     42.4420,    245.7939,     61.8569,      3.4953,      0.0000,     -0.0322,      4.5022,      0.1634,      5.5214,     11.0427,      1.4437,     28.4121,     56.8241,      0.0190,      0.0036,      0.0156,      0.2008,   7620.9438,-424295.6562,   -948.3792,    544.6321,  25403.1445,
       1,     167,     179,      24,       1,       3,       1,     10.0000,      1.3899,     42.4420,    245.7939,     61.8569,      3.4953,      0.0000,     -0.0321,      4.7009,      0.1621,      5.5214,     11.0427,      1.4322,     28.4121,     56.8241,      0.0190,      0.0037,      0.0156,      0.2008,   7620.9438,-423180.5625,   -948.1210,    544.7080,  25403.1445,
       1,     167,     180,       1,       1,       3,       1,     10.0000,      1.3899,     42.4423,    245.7997,     61.8585,      3.4953,      0.0000,     -0.0321,      3.4701,      0.1614,      5.5216,     11.0432,      1.4265,     28.4059,     56.8118,      0.0190,      0.0028,      0.0156,      0.2008,   7620.9438,-423491.9375,   -948.4828,    544.6998,  25404.2910,
       1,     167,     180,       2,       1,       3,       1,     10.0000,      1.3899,     42.4423,    245.7997,     61.8585,      3.4953,      0.0000,     -0.0321,      2.7810,      0.1631,      5.5216,     11.0432,      1.4408,     28.4059,     56.8118,      0.0190,      0.0022,      0.0156,      0.2008,   7621.2876,-421808.6562,   -947.7961,    544.8144,  25404.2910,
       1,     167,     180,       3,       1,       3,       1,     10.0000,      1.3899,     42.4423,    245.7997,     61.8585,      3.4953,      0.0000,     -0.0320,      2.2278,      0.1601,      5.5216,     11.0432,      1.4151,     28.4059,     56.8118,      0.0190,      0.0018,      0.0156,      0.2008,   7621.2876,-420792.4375,   -947.5668,    544.8835,  25404.2910,
       1,     167,     180,       4,       1,       3,       1,     10.0000,      1.3899,     42.4423,    245.7997,     61.8585,      3.4953,      0.0000,     -0.0320,      2.0847,      0.1601,      5.5216,     11.0432,      1.4151,     28.4059,     56.8118,      0.0190,      0.0017,      0.0156,      0.2008,   7621.2876,-420005.4688,   -947.3890,    544.9371,  25404.2910,
       1,     167,     180,       5,       1,       3,       1,     10.0000,      1.3899,     42.4423,    245.7997,     61.8585,      3.4953,      0.0000,     -0.0320,      1.7920,      0.1597,      5.5216,     11.0432,      1.4109,     28.4059,     56.8118,      0.0190,      0.0014,      0.0156,      0.2008,   7621.2876,-419756.9062,   -947.3284,    544.9542,  25404.2910,
       1,     167,     180,       6,       1,       3,       1,     10.0000,      1.3899,     42.4423,    245.7997,     61.8585,      3.4953,      0.0000,     -0.0319,      1.4649,      0.1560,      5.5216,     11.0432,      1.3787,     28.4059,     56.8118,      0.0190,      0.0012,      0.0156,      0.2008,   7621.2876,-419365.2188,   -947.2380,    544.9808,  25404.2910,
       1,     167,     180,       7,       1,       3,       1,     10.0000,      1.3899,     42.4423,    245.7997,     61.8585,      3.4953,      0.0000,     -0.0317,      1.2347,      0.1503,      5.5216,     11.0432,      1.3284,     28.4059,     56.8118,      0.0190,      0.0010,      0.0156,      0.2008,   7621.2876,-418918.0312,   -947.1367,    545.0112,  25404.2910,
       1,     167,     180,       8,       1,       3,       1,     10.0000,      1.3899,     42.4423,    245.7997,     61.8585,      3.4953,      0.0247,     -0.0070,      1.2702,      0.1511,      5.5216,     11.0432,      1.3351,     28.4059,     56.8118,      0.0190,      0.0010,      0.0153,      0.2008,   7621.2876,-418588.4688,   -947.0621,    545.0337,  25404.2910,
       1,     167,     180,       9,       1,       3,       1,     10.0000,      1.3899,     42.4423,    245.7997,     61.8585,      3.4953,      0.1191,      0.0872,     12.9436,      0.1545,      5.5216,     11.0432,      1.3649,     28.4059,     56.8118,      0.0190,      0.0011,      0.1521,      0.2008,   7621.2876,-418605.0312,   -947.0600,    545.0325,  25404.2910,
       1,     167,     180,      10,       1,       3,       1,     10.0000,      1.3899,     42.4423,    245.7997,     61.8585,      3.4953,      0.1515,      0.1189,     19.3936,      0.1750,      5.5216,     11.0432,      1.5467,     28.4059,     56.8118,      0.0190,      0.0012,      0.1988,      0.2008,   7621.2876,-433365.1875,   -950.2548,    544.0270,  25404.2910,
       1,     167,     180,      11,       1,       3,       1,     10.0000,      1.3899,     42.4423,    245.7997,     61.8585,      3.4953,      0.1572,      0.1242,     27.2362,      0.1914,      5.5216,     11.0432,      1.6912,     28.4059,     56.8118,      0.0190,      0.0016,      0.2064,      0.2008,   7621.2876,-442795.3750,   -952.3027,    543.3867,  25404.2910,
       1,     167,     180,      12,       1,       3,       1,     10.0000,      1.3899,     42.4423,    245.7997,     61.8585,      3.4953,      0.1711,      0.1376,     31.9720,      0.2053,      5.5216,     11.0432,      1.8141,     28.4059,     56.8118,      0.0190,      0.0018,      0.2264,      0.2008,   7621.2876,-453525.5625,   -954.6464,    542.6581,  25404.2891,
       1,     167,     180,      13,       1,       3,       1,     10.0000,      1.3899,     42.4423,    245.7997,     61.8585,      3.4953,      0.1836,      0.1496,     37.2073,      0.2267,      5.5216,     11.0432,      2.0032,     28.4059,     56.8118,      0.0190,      0.0019,      0.2445,      0.2008,   7621.2871,-460440.3125,   -956.1781,    542.1896,  25404.2910,
       1,     167,     180,      14,       1,       3,       1,     10.0000,      1.3899,     42.4423,    245.7997,     61.8585,      3.4953,      0.1875,      0.1534,     39.5956,      0.2292,      5.5216,     11.0432,      2.0249,     28.4059,     56.8118,      0.0190,      0.0020,      0.2500,      0.2007,   7621.2876,-467657.3750,   -957.7850,    541.7007,  25404.2891,
       1,     167,     180,      15,       1,       3,       1,     10.0000,      1.3899,     42.4423,    245.7997,     61.8585,      3.4953,      0.1888,      0.1549,     55.8832,      0.2210,      5.5216,     11.0432,      1.9528,     28.4059,     56.8118,      0.0190,      0.0028,      0.2500,      0.2007,   7621.2871,-471299.8750,   -958.6263,    541.4543,  25404.2891,
       1,     167,     180,      16,       1,       3,       1,     10.0000,      1.3899,     42.4423,    245.7997,     61.8585,      3.4953,      0.1874,      0.1538,     72.0830,      0.2088,      5.5216,     11.0432,      1.8447,     28.4059,     56.8118,      0.0190,      0.0036,      0.2459,      0.2007,   7621.2871,-492221.1250,   -963.2374,    540.0383,  25404.2891,
       1,     167,     180,      17,       1,       3,       1,     10.0000,      1.3899,     42.4423,    245.7997,     61.8585,      3.4953,      0.1798,      0.1471,     80.8980,      0.1818,      5.5216,     11.0432,      1.6062,     28.4059,     56.8118,      0.0190,      0.0043,      0.2334,      0.2007,   7621.2871,-514527.3750,   -968.2391,    538.5344,  25404.2891,
       1,     167,     180,      18,       1,       3,       1,     10.0000,      1.3899,     42.4423,    245.7997,     61.8585,      3.4953,      0.1458,      0.1138,     73.5186,      0.1585,      5.5216,     11.0432,      1.4010,     28.4059,     56.8118,      0.0190,      0.0049,      0.1842,      0.2007,   7621.2871,-527606.5000,   -978.1853,    537.6561,  25404.2910,
       1,     167,     180,      19,       1,       3,       1,     10.0000,      1.3899,     42.4423,    245.7997,     61.8585,      3.4953,      0.1203,      0.0886,     60.3008,      0.1491,      5.5216,     11.0432,      1.3177,     28.4059,     56.8118,      0.0190,      0.0050,      0.1484,      0.2007,   7621.2876,-519382.0000,   -978.1547,    538.2095,  25404.2891,
       1,     167,     180,      20,       1,       3,       1,     10.0000,      1.3899,     42.4423,    245.7997,     61.8585,      3.4953,      0.0232,     -0.0081,      4.4211,      0.1394,      5.5216,     11.0432,      1.2316,     28.4059,     56.8118,      0.0190,      0.0041,      0.0133,      0.2007,   7621.2871,-501940.1875,   -974.6231,    539.3832,  25404.2891,
       1,     167,     180,      21,       1,       3,       1,     10.0000,      1.3899,     42.4423,    245.7997,     61.8585,      3.4953,      0.0001,     -0.0311,      4.7557,      0.1363,      5.5216,     11.0432,      1.2045,     28.4059,     56.8118,      0.0190,      0.0038,      0.0156,      0.2007,   7621.2871,-429710.4375,   -959.2077,    544.2545,  25404.2891,
       1,     167,     180,      22,       1,       3,       1,     10.0000,      1.3899,     42.4423,    245.7997,     61.8585,      3.4953,      0.0000,     -0.0311,      2.9663,      0.1351,      5.5216,     11.0432,      1.1936,     28.4059,     56.8118,      0.0190,      0.0024,      0.0156,      0.2008,   7621.2871,-423997.5312,   -957.9307,    544.6652,  25404.2891,
       1,     167,     180,      23,       1,       3,       1,     10.0000,      1.3899,     42.4423,    245.7997,     61.8585,      3.4953,      0.0000,     -0.0313,      0.8011,      0.1383,      5.5216,     11.0432,      1.2217,     28.4059,     56.8118,      0.0190,      0.0006,      0.0156,      0.2008,   7621.2871,-421215.8750,   -957.3060,    544.8547,  25404.2891,
       1,     167,     180,      24,       1,       3,       1,     10.0000,      1.3899,     42.4423,    245.7997,     61.8585,      3.4953,      0.0000,     -0.0314,      0.5494,      0.1405,      5.5216,     11.0432,      1.2416,     28.4059,     56.8118,      0.0190,      0.0004,      0.0156,      0.2008,   7621.2871,-418238.5000,   -956.6624,    545.0575,  25404.2891,
       1,     167,     181,       1,       1,       3,       1,     10.0000,      1.3900,     42.4427,    245.8056,     61.8599,      3.4953,      0.0000,     -0.0316,      0.7257,      0.1466,      5.5205,     11.0410,      1.2954,     28.4119,     56.8237,      0.0190,      0.0006,      0.0156,      0.2008,   7621.2871,-417820.4375,   -956.8810,    545.0989,  25405.4336,
       1,     167,     181,       2,       1,       3,       1,     10.0000,      1.3900,     42.4427,    245.8056,     61.8599,      3.4953,      0.0000,     -0.0315,      0.7714,      0.1457,      5.5205,     11.0410,      1.2876,     28.4119,     56.8237,      0.0190,      0.0006,      0.0156,      0.2008,   7621.6304,-417853.9062,   -956.5770,    545.0966,  25405.4336,
       1,     167,     181,       3,       1,       3,       1,     10.0000,      1.3900,     42.4427,    245.8056,     61.8599,      3.4953,      0.0000,     -0.0315,      0.8504,      0.1448,      5.5205,     11.0410,      1.2798,     28.4119,     56.8237,      0.0190,      0.0007,      0.0156,      0.2008,   7621.6304,-417914.4688,   -957.4745,    545.0925,  25405.4355,
       1,     167,     181,       4,       1,       3,       1,     10.0000,      1.3900,     42.4427,    245.8056,     61.8599,      3.4953,      0.0000,     -0.0318,      0.6610,      0.1528,      5.5205,     11.0410,      1.3500,     28.4119,     56.8237,      0.0190,      0.0005,      0.0156,      0.2008,   7621.6309,-418019.2812,   -957.4927,    545.0854,  25405.4355,
       1,     167,     181,       5,       1,       3,       1,     10.0000,      1.3900,     42.4427,    245.8056,     61.8599,      3.4953,      0.0000,     -0.0318,      0.6649,      0.1517,      5.5205,     11.0410,      1.3405,     28.4119,     56.8237,      0.0190,      0.0005,      0.0156,      0.2008,   7621.6309,-417788.8438,   -957.4415,    545.1011,  25405.4336,
       1,     167,     181,       6,       1,       3,       1,     10.0000,      1.3900,     42.4427,    245.8056,     61.8599,      3.4953,      0.0000,     -0.0319,      0.7910,      0.1556,      5.5205,     11.0410,      1.3746,     28.4119,     56.8237,      0.0190,      0.0006,      0.0156,      0.2008,   7621.6304,-417774.2188,   -957.4369,    545.1021,  25405.4336,
       1,     167,     181,       7,       1,       3,       1,     10.0000,      1.3900,     42.4427,    245.8056,     61.8599,      3.4953,      0.0000,     -0.0319,      0.9870,      0.1563,      5.5205,     11.0410,      1.3815,     28.4119,     56.8237,      0.0190,      0.0008,      0.0156,      0.2008,   7621.6304,-417932.4062,   -957.4674,    545.0913,  25405.4336,
       1,     167,     181,       8,       1,       3,       1,     10.0000,      1.3900,     42.4427,    245.8056,     61.8599,      3.4953,      0.0120,     -0.0198,      0.6699,      0.1523,      5.5205,     11.0410,      1.3459,     28.4119,     56.8237,      0.0190,      0.0005,      0.0156,      0.2008,   7621.6304,-418193.7812,   -957.5181,    545.0735,  25405.4336,
       1,     167,     181,       9,       1,       3,       1,     10.0000,      1.3900,     42.4427,    245.8056,     61.8599,      3.4953,      0.0843,      0.0521,      5.1887,      0.1642,      5.5205,     11.0410,      1.4510,     28.4119,     56.8237,      0.0190,      0.0006,      0.1018,      0.2008,   7621.6304,-417815.3750,   -957.4328,    545.0992,  25405.4316,
       1,     167,     181,      10,       1,       3,       1,     10.0000,      1.3900,     42.4427,    245.8056,     61.8599,      3.4953,      0.1518,      0.1187,     17.1248,      0.1927,      5.5205,     11.0410,      1.7030,     28.4119,     56.8237,      0.0190,      0.0011,      0.1995,      0.2008,   7621.6299,-423495.5938,   -958.6355,    544.7123,  25405.4316,
       1,     167,     181,      11,       1,       3,       1,     10.0000,      1.3900,     42.4427,    245.8056,     61.8599,      3.4953,      0.1686,      0.1350,     28.3077,      0.2119,      5.5205,     11.0410,      1.8722,     28.4119,     56.8237,      0.0190,      0.0016,      0.2232,      0.2008,   7621.6299,-439075.0938,   -961.9292,    543.6516,  25405.4355,
       1,     167,     181,      12,       1,       3,       1,     10.0000,      1.3900,     42.4427,    245.8056,     61.8599,      3.4953,      0.1793,      0.1453,     29.0261,      0.2241,      5.5205,     11.0410,      1.9799,     28.4119,     56.8237,      0.0190,      0.0015,      0.2390,      0.2008,   7621.6309,-454559.6562,   -965.1882,    542.6003,  25405.4355,
       1,     167,     181,      13,       1,       3,       1,     10.0000,      1.3900,     42.4427,    245.8056,     61.8599,      3.4953,      0.1852,      0.1508,     28.5914,      0.2395,      5.5205,     11.0410,      2.1159,     28.4119,     56.8237,      0.0190,      0.0014,      0.2480,      0.2008,   7621.6309,-456801.5625,   -965.6247,    542.4493,  25405.4336,
       1,     167,     181,      14,       1,       3,       1,     10.0000,      1.3900,     42.4427,    245.8056,     61.8599,      3.4953,      0.1720,      0.1378,     45.2794,      0.2344,      5.5205,     11.0410,      2.0710,     28.4119,     56.8237,      0.0190,      0.0025,      0.2264,      0.2008,   7621.6304,-456443.5625,   -965.4871,    542.4736,  25405.4316,
       1,     167,     181,      15,       1,       3,       1,     10.0000,      1.3900,     42.4427,    245.8056,     61.8599,      3.4953,      0.1447,      0.1108,     62.2260,      0.2223,      5.5205,     11.0410,      1.9644,     28.4119,     56.8237,      0.0190,      0.0042,      0.1838,      0.2008,   7621.6299,-477520.7500,   -970.0306,    541.0444,  25405.4316,
       1,     167,     181,      16,       1,       3,       1,     10.0000,      1.3900,     42.4427,    245.8056,     61.8599,      3.4953,      0.1277,      0.0940,     64.4047,      0.2131,      5.5205,     11.0410,      1.8832,     28.4119,     56.8237,      0.0190,      0.0050,      0.1584,      0.2008,   7621.6299,-500779.0938,   -975.1350,    539.4732,  25405.4336,
       1,     167,     181,      17,       1,       3,       1,     10.0000,      1.3900,     42.4427,    245.8056,     61.8599,      3.4953,      0.0398,      0.0064,     14.4551,      0.2021,      5.5205,     11.0410,      1.7857,     28.4119,     56.8237,      0.0190,      0.0052,      0.0342,      0.2007,   7621.6304,-505537.6250,   -976.3130,    539.1547,  25405.4316,
       1,     167,     181,      18,       1,       3,       1,     10.0000,      1.3900,     42.4427,    245.8056,     61.8599,      3.4953,      0.0636,      0.0304,     32.4052,      0.1954,      5.5205,     11.0410,      1.7268,     28.4119,     56.8237,      0.0190,      0.0060,      0.0675,      0.2007,   7621.6299,-442716.3750,   -962.8419,    543.3885,  25405.4336,
       1,     167,     181,      19,       1,       3,       1,     10.0000,      1.3900,     42.4427,    245.8056,     61.8599,      3.4953,      0.0478,      0.0150,     20.6745,      0.1847,      5.5205,     11.0410,      1.6320,     28.4119,     56.8237,      0.0190,      0.0056,      0.0459,      0.2008,   7621.6304,-460075.5312,   -966.5491,    542.2261,  25405.4316,
       1,     167,     181,      20,       1,       3,       1,     10.0000,      1.3900,     42.4427,    245.8056,     61.8599,      3.4953,      0.0138,     -0.0187,      6.2514,      0.1738,      5.5205,     11.0410,      1.5360,     28.4119,     56.8237,      0.0190,      0.0050,      0.0156,      0.2008,   7621.6299,-446712.2812,   -963.6339,    543.1331,  25405.4336,
       1,     167,     181,      21,       1,       3,       1,     10.0000,      1.3900,     42.4427,    245.8056,     61.8599,      3.4953,      0.0001,     -0.0322,      5.8558,      0.1667,      5.5205,     11.0410,      1.4729,     28.4119,     56.8237,      0.0190,      0.0047,      0.0156,      0.2008,   7621.6304,-427323.7812,   -959.3782,    544.4502,  25405.4336,
       1,     167,     181,      22,       1,       3,       1,     10.0000,      1.3900,     42.4427,    245.8056,     61.8599,      3.4953,      0.0000,     -0.0321,      5.3267,      0.1619,      5.5205,     11.0410,      1.4308,     28.4119,     56.8237,      0.0190,      0.0042,      0.0156,      0.2008,   7621.6304,-425159.6875,   -958.8313,    544.5991,  25405.4336,
       1,     167,     181,      23,       1,       3,       1,     10.0000,      1.3900,     42.4427,    245.8056,     61.8599,      3.4953,      0.0000,     -0.0322,      5.1259,      0.1634,      5.5205,     11.0410,      1.4438,     28.4119,     56.8237,      0.0190,      0.0041,      0.0156,      0.2008,   7621.6304,-424302.4688,   -958.5736,    544.6575,  25405.4336,
       1,     167,     181,      24,       1,       3,       1,     10.0000,      1.3900,     42.4427,    245.8056,     61.8599,      3.4953,      0.0000,     -0.0321,      4.4130,      0.1622,      5.5205,     11.0410,      1.4337,     28.4119,     56.8237,      0.0190,      0.0035,      0.0156,      0.2008,   7621.6304,-423974.7812,   -958.4298,    544.6797,  25405.4336,
       1,     167,     182,       1,       1,       3,       1,     10.0000,      1.3900,     42.4430,    245.8114,     61.8614,      3.4953,      0.0000,     -0.0320,      3.8901,      0.1598,      5.5218,     11.0436,      1.4124,     28.4067,     56.8135,      0.0190,      0.0031,      0.0156,      0.2008,   7621.6304,-423201.3750,   -958.5131,    544.7454,  25406.5781,
       1,     167,     182,       2,       1,       3,       1,     10.0000,      1.3900,     42.4430,    245.8114,     61.8614,      3.4953,      0.0000,     -0.0320,      3.1585,      0.1600,      5.5218,     11.0436,      1.4138,     28.4067,     56.8135,      0.0190,      0.0025,      0.0156,      0.2008,   7621.9736,-422320.3125,   -957.9594,    544.8054,  25406.5781,
       1,     167,     182,       3,       1,       3,       1,     10.0000,      1.3900,     42.4430,    245.8114,     61.8614,      3.4953,      0.0000,     -0.0320,      2.9413,      0.1589,      5.5218,     11.0436,      1.4039,     28.4067,     56.8135,      0.0190,      0.0023,      0.0156,      0.2008,   7621.9736,-421319.5000,   -957.7009,    544.8736,  25406.5762,
       1,     167,     182,       4,       1,       3,       1,     10.0000,      1.3900,     42.4430,    245.8114,     61.8614,      3.4953,      0.0000,     -0.0320,      3.0520,      0.1598,      5.5218,     11.0436,      1.4124,     28.4067,     56.8135,      0.0190,      0.0024,      0.0156,      0.2008,   7621.9731,-420959.0000,   -957.5864,    544.8981,  25406.5781,
       1,     167,     182,       5,       1,       3,       1,     10.0000,      1.3900,     42.4430,    245.8114,     61.8614,      3.4953,      0.0000,     -0.0321,      3.0635,      0.1603,      5.5218,     11.0436,      1.4166,     28.4067,     56.8135,      0.0190,      0.0024,      0.0156,      0.2008,   7621.9736,-421067.6875,   -957.5696,    544.8907,  25406.5762,
       1,     167,     182,       6,       1,       3,       1,     10.0000,      1.3900,     42.4430,    245.8114,     61.8614,      3.4953,      0.0000,     -0.0320,      2.7058,      0.1584,      5.5218,     11.0436,      1.3997,     28.4067,     56.8135,      0.0190,      0.0022,      0.0156,      0.2008,   7621.9731,-421091.8750,   -957.5350,    544.8891,  25406.5781,
       1,     167,     182,       7,       1,       3,       1,     10.0000,      1.3900,     42.4430,    245.8114,     61.8614,      3.4953,      0.0000,     -0.0320,      2.5469,      0.1576,      5.5218,     11.0436,      1.3927,     28.4067,     56.8135,      0.0190,      0.0020,      0.0156,      0.2008,   7621.9736,-420641.5938,   -957.4030,    544.9198,  25406.5781,
       1,     167,     182,       8,       1,       3,       1,     10.0000,      1.3900,     42.4430,    245.8114,     61.8614,      3.4953,      0.0014,     -0.0307,      2.5264,      0.1595,      5.5218,     11.0436,      1.4095,     28.4067,     56.8135,      0.0190,      0.0020,      0.0156,      0.2008,   7621.9736,-420401.8750,   -957.3194,    544.9361,  25406.5762,
       1,     167,     182,       9,       1,       3,       1,     10.0000,      1.3900,     42.4430,    245.8114,     61.8614,      3.4953,      0.0146,     -0.0177,      0.0043,      0.1667,      5.5218,     11.0436,      1.4730,     28.4067,     56.8135,      0.0190,      0.0021,      0.0000,      0.2008,   7621.9731,-420355.6250,   -957.2773,    544.9393,  25406.5781,
       1,     167,     182,      10,       1,       3,       1,     10.0000,      1.3900,     42.4430,    245.8114,     61.8614,      3.4953,      0.0266,     -0.0060,      3.0421,      0.1763,      5.5218,     11.0436,      1.5576,     28.4067,     56.8135,      0.0190,      0.0022,      0.0168,      0.2008,   7621.9736,-417163.2812,   -956.5421,    545.1567,  25406.5781,
       1,     167,     182,      11,       1,       3,       1,     10.0000,      1.3900,     42.4430,    245.8114,     61.8614,      3.4953,      0.0781,      0.0449,     17.4593,      0.1966,      5.5218,     11.0436,      1.7371,     28.4067,     56.8135,      0.0190,      0.0024,      0.0907,      0.2008,   7621.9736,-420728.3125,   -957.2731,    544.9138,  25406.5781,
       1,     167,     182,      12,       1,       3,       1,     10.0000,      1.3900,     42.4430,    245.8114,     61.8614,      3.4953,      0.1313,      0.0975,     32.0944,      0.2150,      5.5218,     11.0436,      1.9000,     28.4067,     56.8135,      0.0190,      0.0024,      0.1674,      0.2008,   7621.9736,-439259.3438,   -961.2654,    543.6516,  25406.5781,
       1,     167,     182,      13,       1,       3,       1,     10.0000,      1.3900,     42.4430,    245.8114,     61.8614,      3.4953,      0.1501,      0.1161,     39.8717,      0.2256,      5.5218,     11.0436,      1.9935,     28.4067,     56.8135,      0.0190,      0.0025,      0.1944,      0.2008,   7621.9736,-459363.0312,   -965.6231,    542.2869,  25406.5781,
       1,     167,     182,      14,       1,       3,       1,     10.0000,      1.3900,     42.4430,    245.8114,     61.8614,      3.4953,      0.1424,      0.1084,     41.9100,      0.2252,      5.5218,     11.0436,      1.9896,     28.4067,     56.8135,      0.0190,      0.0028,      0.1827,      0.2008,   7621.9736,-470931.1875,   -968.1617,    541.5045,  25406.5762,
       1,     167,     182,      15,       1,       3,       1,     10.0000,      1.3900,     42.4430,    245.8114,     61.8614,      3.4953,      0.1482,      0.1141,     52.1240,      0.2252,      5.5218,     11.0436,      1.9896,     28.4067,     56.8135,      0.0190,      0.0034,      0.1901,      0.2008,   7621.9731,-474502.9688,   -968.9962,    541.2632,  25406.5781,
       1,     167,     182,      16,       1,       3,       1,     10.0000,      1.3900,     42.4430,    245.8114,     61.8614,      3.4953,      0.1372,      0.1031,     69.3468,      0.2287,      5.5218,     11.0436,      2.0210,     28.4067,     56.8135,      0.0190,      0.0050,      0.1718,      0.2008,   7621.9736,-487730.2188,   -971.9391,    540.3683,  25406.5781,
       1,     167,     182,      17,       1,       3,       1,     10.0000,      1.3900,     42.4430,    245.8114,     61.8614,      3.4953,      0.0540,      0.0203,     27.0678,      0.2167,      5.5218,     11.0436,      1.9150,     28.4067,     56.8135,      0.0190,      0.0063,      0.0534,      0.2008,   7621.9736,-510660.0625,   -977.0345,    538.8203,  25406.5762,
       1,     167,     182,      18,       1,       3,       1,     10.0000,      1.3900,     42.4430,    245.8114,     61.8614,      3.4953,      0.0342,      0.0007,     14.1379,      0.2077,      5.5218,     11.0436,      1.8357,     28.4067,     56.8135,      0.0190,      0.0068,      0.0258,      0.2007,   7621.9731,-459118.1250,   -965.9050,    542.2940,  25406.5781,
       1,     167,     182,      19,       1,       3,       1,     10.0000,      1.3900,     42.4430,    245.8114,     61.8614,      3.4953,      0.0300,     -0.0032,     10.7322,      0.1976,      5.5218,     11.0436,      1.7457,     28.4067,     56.8135,      0.0190,      0.0065,      0.0203,      0.2008,   7621.9736,-438375.1250,   -961.3222,    543.7114,  25406.5781,
       1,     167,     182,      20,       1,       3,       1,     10.0000,      1.3900,     42.4430,    245.8114,     61.8614,      3.4953,      0.0113,     -0.0213,      7.6859,      0.1763,      5.5218,     11.0436,      1.5576,     28.4067,     56.8135,      0.0190,      0.0061,      0.0156,      0.2008,   7621.9736,-432277.4375,   -959.8931,    544.1276,  25406.5762,
       1,     167,     182,      21,       1,       3,       1,     10.0000,      1.3900,     42.4430,    245.8114,     61.8614,      3.4953,      0.0000,     -0.0323,      7.6860,      0.1674,      5.5218,     11.0436,      1.4789,     28.4067,     56.8135,      0.0190,      0.0061,      0.0156,      0.2008,   7621.9731,-427900.1250,   -958.8364,    544.4255,  25406.5762,
       1,     167,     182,      22,       1,       3,       1,     10.0000,      1.3900,     42.4430,    245.8114,     61.8614,      3.4953,      0.0000,     -0.0323,      6.9040,      0.1674,      5.5218,     11.0436,      1.4789,     28.4067,     56.8135,      0.0190,      0.0055,      0.0156,      0.2008,   7621.9731,-427523.5625,   -958.6514,    544.4512,  25406.5762,
       1,     167,     182,      23,       1,       3,       1,     10.0000,      1.3900,     42.4430,    245.8114,     61.8614,      3.4953,      0.0000,     -0.0323,      6.4012,      0.1665,      5.5218,     11.0436,      1.4715,     28.4067,     56.8135,      0.0190,      0.0051,      0.0156,      0.2008,   7621.9731,-426502.2812,   -958.3386,    544.5207,  25406.5742,
       1,     167,     182,      24,       1,       3,       1,     10.0000,      1.3900,     42.4430,    245.8114,     61.8614,      3.4953,      0.0000,     -0.0323,      5.8720,      0.1665,      5.5218,     11.0436,      1.4715,     28.4067,     56.8135,      0.0190,      0.0047,      0.0156,      0.2008,   7621.9727,-425779.0938,   -958.0979,    544.5699,  25406.5762,
       1,     167,     183,       1,       1,       3,       1,     10.0000,      1.3900,     42.4433,    245.8172,     61.8628,      3.4953,      0.0000,     -0.0322,      4.1611,      0.1659,      5.5225,     11.0449,      1.4657,     28.3906,     56.7812,      0.0190,      0.0033,      0.0156,      0.2009,   7621.9731,-425203.6875,   -958.2134,    544.6221,  25407.7227,
       1,     167,     183,       2,       1,       3,       1,     10.0000,      1.3900,     42.4433,    245.8172,     61.8628,      3.4953,      0.0000,     -0.0322,      3.1928,      0.1637,      5.5225,     11.0449,      1.4467,     28.3906,     56.7812,      0.0190,      0.0025,      0.0156,      0.2009,   7622.3169,-422837.6875,   -957.3339,    544.7832,  25407.7227,
       1,     167,     183,       3,       1,       3,       1,     10.0000,      1.3900,     42.4433,    245.8172,     61.8628,      3.4953,      0.0000,     -0.0321,      2.9925,      0.1619,      5.5225,     11.0449,      1.4309,     28.3906,     56.7812,      0.0190,      0.0024,      0.0156,      0.2009,   7622.3169,-421410.2188,   -956.9851,    544.8805,  25407.7227,
       1,     167,     183,       4,       1,       3,       1,     10.0000,      1.3900,     42.4433,    245.8172,     61.8628,      3.4953,      0.0000,     -0.0320,      2.9159,      0.1590,      5.5225,     11.0449,      1.4053,     28.3906,     56.7812,      0.0190,      0.0023,      0.0156,      0.2009,   7622.3169,-421034.0938,   -956.8682,    544.9061,  25407.7246,
       1,     167,     183,       5,       1,       3,       1,     10.0000,      1.3900,     42.4433,    245.8172,     61.8628,      3.4953,      0.0000,     -0.0319,      2.5828,      0.1567,      5.5225,     11.0449,      1.3843,     28.3906,     56.7812,      0.0190,      0.0021,      0.0156,      0.2009,   7622.3179,-420904.5625,   -956.8054,    544.9149,  25407.7227,
       1,     167,     183,       6,       1,       3,       1,     10.0000,      1.3900,     42.4433,    245.8172,     61.8628,      3.4953,      0.0000,     -0.0319,      2.5217,      0.1560,      5.5225,     11.0449,      1.3788,     28.3906,     56.7812,      0.0190,      0.0020,      0.0156,      0.2009,   7622.3169,-420472.7500,   -956.6821,    544.9443,  25407.7227,
       1,     167,     183,       7,       1,       3,       1,     10.0000,      1.3900,     42.4433,    245.8172,     61.8628,      3.4953,      0.0000,     -0.0318,      2.3550,      0.1543,      5.5225,     11.0449,      1.3637,     28.3906,     56.7812,      0.0190,      0.0019,      0.0156,      0.2009,   7622.3169,-420358.3438,   -956.6291,    544.9521,  25407.7227,
       1,     167,     183,       8,       1,       3,       1,     10.0000,      1.3900,     42.4433,    245.8172,     61.8628,      3.4953,      0.0103,     -0.0216,      2.2600,      0.1570,      5.5225,     11.0449,      1.3871,     28.3906,     56.7812,      0.0190,      0.0018,      0.0156,      0.2009,   7622.3169,-420137.7500,   -956.5554,    544.9672,  25407.7227,
       1,     167,     183,       9,       1,       3,       1,     10.0000,      1.3900,     42.4433,    245.8172,     61.8628,      3.4953,      0.1258,      0.0933,     24.4149,      0.1752,      5.5225,     11.0449,      1.5483,     28.3906,     56.7812,      0.0190,      0.0019,      0.1605,      0.2009,   7622.3169,-419998.7188,   -956.4990,    544.9766,  25407.7227,
       1,     167,     183,      10,       1,       3,       1,     10.0000,      1.3900,     42.4433,    245.8172,     61.8628,      3.4953,      0.1441,      0.1114,     29.8010,      0.1802,      5.5225,     11.0449,      1.5921,     28.3906,     56.7812,      0.0190,      0.0020,      0.1867,      0.2009,   7622.3169,-447987.8750,   -962.5953,    543.0699,  25407.7246,
       1,     167,     183,      11,       1,       3,       1,     10.0000,      1.3900,     42.4433,    245.8172,     61.8628,      3.4953,      0.1853,      0.1517,     46.9324,      0.2098,      5.5225,     11.0449,      1.8539,     28.3906,     56.7812,      0.0190,      0.0024,      0.2457,      0.2008,   7622.3179,-457215.9688,   -964.6164,    542.4468,  25407.7227,
       1,     167,     183,      12,       1,       3,       1,     10.0000,      1.3900,     42.4433,    245.8172,     61.8628,      3.4953,      0.1757,      0.1417,     45.0273,      0.2236,      5.5225,     11.0449,      1.9761,     28.3906,     56.7812,      0.0190,      0.0024,      0.2318,      0.2008,   7622.3169,-479670.0000,   -969.5092,    540.9246,  25407.7207,
       1,     167,     183,      13,       1,       3,       1,     10.0000,      1.3900,     42.4433,    245.8172,     61.8628,      3.4953,      0.1881,      0.1539,     47.2455,      0.2305,      5.5225,     11.0449,      2.0369,     28.3906,     56.7812,      0.0190,      0.0023,      0.2500,      0.2008,   7622.3164,-479194.8438,   -969.4579,    540.9589,  25407.7207,
       1,     167,     183,      14,       1,       3,       1,     10.0000,      1.3900,     42.4433,    245.8172,     61.8628,      3.4953,      0.1896,      0.1552,     67.2173,      0.2385,      5.5225,     11.0449,      2.1078,     28.3906,     56.7812,      0.0190,      0.0033,      0.2500,      0.2008,   7622.3164,-481957.4062,   -970.0356,    540.7721,  25407.7207,
       1,     167,     183,      15,       1,       3,       1,     10.0000,      1.3900,     42.4433,    245.8172,     61.8628,      3.4953,      0.1866,      0.1524,     67.4372,      0.2319,      5.5225,     11.0449,      2.0489,     28.3906,     56.7812,      0.0190,      0.0034,      0.2454,      0.2008,   7622.3164,-507459.7500,   -975.6243,    539.0483,  25407.7207,
       1,     167,     183,      16,       1,       3,       1,     10.0000,      1.3900,     42.4433,    245.8172,     61.8628,      3.4953,      0.0907,      0.0565,     45.4304,      0.2346,      5.5225,     11.0449,      2.0731,     28.3906,     56.7812,      0.0190,      0.0053,      0.1054,      0.2008,   7622.3164,-509934.6562,   -976.2903,    538.8843,  25407.7207,
       1,     167,     183,      17,       1,       3,       1,     10.0000,      1.3900,     42.4433,    245.8172,     61.8628,      3.4953,      0.0837,      0.0495,     48.5629,      0.2296,      5.5225,     11.0449,      2.0290,     28.3906,     56.7812,      0.0190,      0.0064,      0.0946,      0.2008,   7622.3164,-482291.6875,   -970.3774,    540.7463,  25407.7188,
       1,     167,     183,      18,       1,       3,       1,     10.0000,      1.3900,     42.4433,    245.8172,     61.8628,      3.4953,      0.0884,      0.0550,     45.6741,      0.2055,      5.5225,     11.0449,      1.8160,     28.3906,     56.7812,      0.0190,      0.0055,      0.1024,      0.2008,   7622.3159,-483894.0312,   -970.8045,    540.6412,  25407.7168,
       1,     167,     183,      19,       1,       3,       1,     10.0000,      1.3900,     42.4433,    245.8172,     61.8628,      3.4953,      0.0876,      0.0542,     49.3689,      0.2029,      5.5225,     11.0449,      1.7929,     28.3906,     56.7812,      0.0190,      0.0061,      0.1008,      0.2008,   7622.3154,-480373.2500,   -970.1150,    540.8792,  25407.7188,
       1,     167,     183,      20,       1,       3,       1,     10.0000,      1.3900,     42.4433,    245.8172,     61.8628,      3.4953,      0.0285,     -0.0043,      8.7004,      0.1827,      5.5225,     11.0449,      1.6143,     28.3906,     56.7812,      0.0190,      0.0057,      0.0188,      0.2008,   7622.3159,-484744.9375,   -971.1498,    540.5837,  25407.7188,
       1,     167,     183,      21,       1,       3,       1,     10.0000,      1.3900,     42.4433,    245.8172,     61.8628,      3.4953,      0.0001,     -0.0323,      7.4209,      0.1695,      5.5225,     11.0449,      1.4982,     28.3906,     56.7812,      0.0190,      0.0059,      0.0156,      0.2008,   7622.3159,-433670.5625,   -959.9344,    544.0350,  25407.7188,
       1,     167,     183,      22,       1,       3,       1,     10.0000,      1.3900,     42.4433,    245.8172,     61.8628,      3.4953,      0.0000,     -0.0322,      6.7786,      0.1655,      5.5225,     11.0449,      1.4627,     28.3906,     56.7812,      0.0190,      0.0054,      0.0156,      0.2008,   7622.3159,-427700.6250,   -958.5493,    544.4520,  25407.7188,
       1,     167,     183,      23,       1,       3,       1,     10.0000,      1.3900,     42.4433,    245.8172,     61.8628,      3.4953,      0.0000,     -0.0321,      5.3783,      0.1631,      5.5225,     11.0449,      1.4410,     28.3906,     56.7812,      0.0190,      0.0043,      0.0156,      0.2009,   7622.3159,-426361.5938,   -958.1898,    544.5433,  25407.7188,
       1,     167,     183,      24,       1,       3,       1,     10.0000,      1.3900,     42.4433,    245.8172,     61.8628,      3.4953,      0.0000,     -0.0322,      5.2925,      0.1649,      5.5225,     11.0449,      1.4569,     28.3906,     56.7812,      0.0190,      0.0042,      0.0156,      0.2009,   7622.3159,-424476.0938,   -957.7249,    544.6716,  25407.7168,
       1,     167,     184,       1,       1,       3,       1,     10.0000,      1.3900,     42.4437,    245.8231,     61.8644,      3.4953,      0.0000,     -0.0321,      3.8485,      0.1634,      5.5217,     11.0435,      1.4439,     28.3901,     56.7801,      0.0190,      0.0031,      0.0156,      0.2009,   7622.3154,-424362.0625,   -957.9691,    544.6924,  25408.8652,
       1,     167,     184,       2,       1,       3,       1,     10.0000,      1.3900,     42.4437,    245.8231,     61.8644,      3.4953,      0.0000,     -0.0322,      2.8440,      0.1659,      5.5217,     11.0435,      1.4657,     28.3901,     56.7801,      0.0190,      0.0023,      0.0156,      0.2009,   7622.6597,-422373.0312,   -957.1799,    544.8279,  25408.8633,
       1,     167,     184,       3,       1,       3,       1,     10.0000,      1.3900,     42.4437,    245.8231,     61.8644,      3.4953,      0.0000,     -0.0322,      2.3617,      0.1654,      5.5217,     11.0435,      1.4613,     28.3901,     56.7801,      0.0190,      0.0019,      0.0156,      0.2009,   7622.6592,-420932.6562,   -956.8390,    544.9259,  25408.8672,
       1,     167,     184,       4,       1,       3,       1,     10.0000,      1.3900,     42.4437,    245.8231,     61.8644,      3.4953,      0.0000,     -0.0322,      2.0645,      0.1654,      5.5217,     11.0435,      1.4613,     28.3901,     56.7801,      0.0190,      0.0016,      0.0156,      0.2009,   7622.6606,-420198.6875,   -956.6564,    544.9759,  25408.8652,
       1,     167,     184,       5,       1,       3,       1,     10.0000,      1.3900,     42.4437,    245.8231,     61.8644,      3.4953,      0.0000,     -0.0321,      2.0662,      0.1618,      5.5217,     11.0435,      1.4295,     28.3901,     56.7801,      0.0190,      0.0016,      0.0156,      0.2009,   7622.6597,-419760.0938,   -956.5435,    545.0057,  25408.8652,
       1,     167,     184,       6,       1,       3,       1,     10.0000,      1.3900,     42.4437,    245.8231,     61.8644,      3.4953,      0.0000,     -0.0321,      2.0832,      0.1627,      5.5217,     11.0435,      1.4381,     28.3901,     56.7801,      0.0190,      0.0017,      0.0156,      0.2009,   7622.6597,-419724.6250,   -956.5190,    545.0082,  25408.8633,
       1,     167,     184,       7,       1,       3,       1,     10.0000,      1.3900,     42.4437,    245.8231,     61.8644,      3.4953,      0.0000,     -0.0322,      2.3053,      0.1639,      5.5217,     11.0435,      1.4482,     28.3901,     56.7801,      0.0190,      0.0018,      0.0156,      0.2009,   7622.6592,-419743.2812,   -956.5074,    545.0070,  25408.8652,
       1,     167,     184,       8,       1,       3,       1,     10.0000,      1.3900,     42.4437,    245.8231,     61.8644,      3.4953,      0.0103,     -0.0219,      2.3296,      0.1655,      5.5217,     11.0435,      1.4628,     28.3901,     56.7801,      0.0190,      0.0019,      0.0156,      0.2009,   7622.6597,-420025.2500,   -956.5501,    544.9877,  25408.8652,
       1,     167,     184,       9,       1,       3,       1,     10.0000,      1.3900,     42.4437,    245.8231,     61.8644,      3.4953,      0.0274,     -0.0053,      3.2911,      0.1813,      5.5217,     11.0435,      1.6016,     28.3901,     56.7801,      0.0190,      0.0023,      0.0179,      0.2009,   7622.6597,-420080.2188,   -956.5422,    544.9839,  25408.8652,
       1,     167,     184,      10,       1,       3,       1,     10.0000,      1.3900,     42.4437,    245.8231,     61.8644,      3.4953,      0.1274,      0.0943,     28.4853,      0.1937,      5.5217,     11.0435,      1.7116,     28.3901,     56.7801,      0.0190,      0.0022,      0.1621,      0.2009,   7622.6597,-421300.0625,   -956.7842,    544.9009,  25408.8672,
       1,     167,     184,      11,       1,       3,       1,     10.0000,      1.3900,     42.4437,    245.8231,     61.8644,      3.4953,      0.1674,      0.1339,     42.9566,      0.2067,      5.5217,     11.0435,      1.8268,     28.3901,     56.7801,      0.0190,      0.0024,      0.2196,      0.2009,   7622.6606,-453243.9688,   -963.8255,    542.7252,  25408.8652,
       1,     167,     184,      12,       1,       3,       1,     10.0000,      1.3900,     42.4437,    245.8231,     61.8644,      3.4953,      0.1775,      0.1439,     51.5181,      0.2106,      5.5217,     11.0435,      1.8613,     28.3901,     56.7801,      0.0190,      0.0027,      0.2336,      0.2009,   7622.6597,-474301.6875,   -968.4924,    541.3009,  25408.8652,
       1,     167,     184,      13,       1,       3,       1,     10.0000,      1.3900,     42.4437,    245.8231,     61.8644,      3.4953,      0.1744,      0.1404,     49.5685,      0.2243,      5.5217,     11.0435,      1.9819,     28.3901,     56.7801,      0.0190,      0.0027,      0.2294,      0.2008,   7622.6597,-486938.9062,   -971.3502,    540.4477,  25408.8652,
       1,     167,     184,      14,       1,       3,       1,     10.0000,      1.3900,     42.4437,    245.8231,     61.8644,      3.4953,      0.1842,      0.1502,     68.2907,      0.2243,      5.5217,     11.0435,      1.9819,     28.3901,     56.7801,      0.0190,      0.0035,      0.2417,      0.2008,   7622.6597,-485556.9062,   -971.1481,    540.5417,  25408.8633,
       1,     167,     184,      15,       1,       3,       1,     10.0000,      1.3900,     42.4437,    245.8231,     61.8644,      3.4953,      0.1832,      0.1492,     80.9717,      0.2263,      5.5217,     11.0435,      1.9995,     28.3901,     56.7801,      0.0190,      0.0042,      0.2388,      0.2008,   7622.6592,-509120.6562,   -976.4644,    538.9496,  25408.8633,
       1,     167,     184,      16,       1,       3,       1,     10.0000,      1.3900,     42.4437,    245.8231,     61.8644,      3.4953,      0.1221,      0.0884,     60.4274,      0.2152,      5.5217,     11.0435,      1.9020,     28.3901,     56.7801,      0.0190,      0.0050,      0.1505,      0.2008,   7622.6592,-527196.4375,   -980.6494,    537.7342,  25408.8652,
       1,     167,     184,      17,       1,       3,       1,     10.0000,      1.3900,     42.4437,    245.8231,     61.8644,      3.4953,      0.0747,      0.0412,     34.3774,      0.2088,      5.5217,     11.0435,      1.8449,     28.3901,     56.7801,      0.0190,      0.0051,      0.0834,      0.2008,   7622.6597,-502742.1250,   -975.4836,    539.3793,  25408.8652,
       1,     167,     184,      18,       1,       3,       1,     10.0000,      1.3900,     42.4437,    245.8231,     61.8644,      3.4953,      0.1233,      0.0904,     67.0770,      0.1886,      5.5217,     11.0435,      1.6665,     28.3901,     56.7801,      0.0190,      0.0055,      0.1517,      0.2008,   7622.6597,-467691.2812,   -967.8623,    541.7450,  25408.8652,
       1,     167,     184,      19,       1,       3,       1,     10.0000,      1.3900,     42.4437,    245.8231,     61.8644,      3.4953,      0.0977,      0.0650,     53.1831,      0.1789,      5.5217,     11.0435,      1.5811,     28.3901,     56.7801,      0.0190,      0.0057,      0.1157,      0.2008,   7622.6597,-506050.0000,   -976.4504,    539.1526,  25408.8633,
       1,     167,     184,      20,       1,       3,       1,     10.0000,      1.3900,     42.4437,    245.8231,     61.8644,      3.4953,      0.0237,     -0.0087,      5.8665,      0.1725,      5.5217,     11.0435,      1.5239,     28.3901,     56.7801,      0.0190,      0.0058,      0.0125,      0.2008,   7622.6592,-491774.2812,   -973.4521,    540.1210,  25408.8613,
       1,     167,     184,      21,       1,       3,       1,     10.0000,      1.3900,     42.4437,    245.8231,     61.8644,      3.4953,      0.0001,     -0.0322,      6.8703,      0.1667,      5.5217,     11.0435,      1.4730,     28.3901,     56.7801,      0.0190,      0.0055,      0.0156,      0.2008,   7622.6587,-430685.4375,   -959.9554,    544.2462,  25408.8652,
       1,     167,     184,      22,       1,       3,       1,     10.0000,      1.3900,     42.4437,    245.8231,     61.8644,      3.4953,      0.0000,     -0.0322,      6.2940,      0.1652,      5.5217,     11.0435,      1.4598,     28.3901,     56.7801,      0.0190,      0.0050,      0.0156,      0.2009,   7622.6597,-426756.0312,   -959.0340,    544.5294,  25408.8633,
       1,     167,     184,      23,       1,       3,       1,     10.0000,      1.3900,     42.4437,    245.8231,     61.8644,      3.4953,      0.0000,     -0.0321,      4.8406,      0.1624,      5.5217,     11.0435,      1.4352,     28.3901,     56.7801,      0.0190,      0.0038,      0.0156,      0.2009,   7622.6592,-425670.1875,   -958.7502,    544.6034,  25408.8633,
       1,     167,     184,      24,       1,       3,       1,     10.0000,      1.3900,     42.4437,    245.8231,     61.8644,      3.4953,      0.0000,     -0.0322,      4.2939,      0.1636,      5.5217,     11.0435,      1.4453,     28.3901,     56.7801,      0.0190,      0.0034,      0.0156,      0.2009,   7622.6592,-423739.6250,   -958.2887,    544.7347,  25408.8633,
       1,     167,     185,       1,       1,       3,       1,     10.0000,      1.3900,     42.4440,    245.8289,     61.8658,      3.4953,      0.0000,     -0.0322,      3.6859,      0.1650,      5.5218,     11.0435,      1.4584,     28.3872,     56.7744,      0.0190,      0.0029,      0.0156,      0.2009,   7622.6592,-423038.6250,   -958.4244,    544.7954,  25410.0098,
       1,     167,     185,       2,       1,       3,       1,     10.0000,      1.3900,     42.4440,    245.8289,     61.8658,      3.4953,      0.0000,     -0.0322,      3.3159,      0.1644,      5.5218,     11.0435,      1.4526,     28.3872,     56.7744,      0.0190,      0.0026,      0.0156,      0.2009,   7623.0034,-422056.4375,   -957.8637,    544.8624,  25410.0117,
       1,     167,     185,       3,       1,       3,       1,     10.0000,      1.3900,     42.4440,    245.8289,     61.8658,      3.4953,      0.0000,     -0.0322,      3.0365,      0.1644,      5.5218,     11.0435,      1.4526,     28.3872,     56.7744,      0.0190,      0.0024,      0.0156,      0.2009,   7623.0039,-421503.9375,   -957.7181,    544.9000,  25410.0098,
       1,     167,     185,       4,       1,       3,       1,     10.0000,      1.3900,     42.4440,    245.8289,     61.8658,      3.4953,      0.0000,     -0.0321,      2.6218,      0.1632,      5.5218,     11.0435,      1.4425,     28.3872,     56.7744,      0.0190,      0.0021,      0.0156,      0.2009,   7623.0034,-421103.7812,   -957.6106,    544.9272,  25410.0098,
       1,     167,     185,       5,       1,       3,       1,     10.0000,      1.3900,     42.4440,    245.8289,     61.8658,      3.4953,      0.0000,     -0.0321,      2.5904,      0.1616,      5.5218,     11.0435,      1.4281,     28.3872,     56.7744,      0.0190,      0.0021,      0.0156,      0.2009,   7623.0034,-420545.2500,   -957.4700,    544.9653,  25410.0098,
       1,     167,     185,       6,       1,       3,       1,     10.0000,      1.3900,     42.4440,    245.8289,     61.8658,      3.4953,      0.0000,     -0.0321,      2.4877,      0.1629,      5.5218,     11.0435,      1.4396,     28.3872,     56.7744,      0.0190,      0.0020,      0.0156,      0.2009,   7623.0034,-420457.4375,   -957.4344,    544.9713,  25410.0098,
       1,     167,     185,       7,       1,       3,       1,     10.0000,      1.3900,     42.4440,    245.8289,     61.8658,      3.4953,      0.0000,     -0.0321,      2.1994,      0.1621,      5.5218,     11.0435,      1.4324,     28.3872,     56.7744,      0.0190,      0.0017,      0.0156,      0.2009,   7623.0034,-420320.1562,   -957.3888,    544.9807,  25410.0098,
       1,     167,     185,       8,       1,       3,       1,     10.0000,      1.3900,     42.4440,    245.8289,     61.8658,      3.4953,      0.0183,     -0.0137,      0.8414,      0.1605,      5.5218,     11.0435,      1.4181,     28.3872,     56.7744,      0.0190,      0.0019,      0.0056,      0.2009,   7623.0034,-419943.9688,   -957.2923,    545.0062,  25410.0098,
       1,     167,     185,       9,       1,       3,       1,     10.0000,      1.3900,     42.4440,    245.8289,     61.8658,      3.4953,      0.1189,      0.0867,     23.6192,      0.1641,      5.5218,     11.0435,      1.4497,     28.3872,     56.7744,      0.0190,      0.0019,      0.1504,      0.2009,   7623.0034,-418195.7500,   -956.8856,    545.1253,  25410.0098,
       1,     167,     185,      10,       1,       3,       1,     10.0000,      1.3900,     42.4440,    245.8289,     61.8658,      3.4953,      0.1688,      0.1362,     37.9885,      0.1758,      5.5218,     11.0435,      1.5530,     28.3872,     56.7744,      0.0190,      0.0021,      0.2221,      0.2009,   7623.0034,-446825.9062,   -963.2509,    543.1744,  25410.0117,
       1,     167,     185,      11,       1,       3,       1,     10.0000,      1.3900,     42.4440,    245.8289,     61.8658,      3.4953,      0.1856,      0.1527,     44.1587,      0.1871,      5.5218,     11.0435,      1.6533,     28.3872,     56.7744,      0.0190,      0.0022,      0.2463,      0.2009,   7623.0039,-467463.0625,   -967.8542,    541.7768,  25410.0098,
       1,     167,     185,      12,       1,       3,       1,     10.0000,      1.3900,     42.4440,    245.8289,     61.8658,      3.4953,      0.1798,      0.1464,     45.5816,      0.2045,      5.5218,     11.0435,      1.8072,     28.3872,     56.7744,      0.0190,      0.0024,      0.2377,      0.2009,   7623.0034,-477039.4688,   -970.0242,    541.1301,  25410.0098,
       1,     167,     185,      13,       1,       3,       1,     10.0000,      1.3900,     42.4440,    245.8289,     61.8658,      3.4953,      0.1882,      0.1542,     47.4348,      0.2236,      5.5218,     11.0435,      1.9762,     28.3872,     56.7744,      0.0190,      0.0024,      0.2500,      0.2009,   7623.0034,-479659.8750,   -970.6740,    540.9532,  25410.0078,
       1,     167,     185,      14,       1,       3,       1,     10.0000,      1.3900,     42.4440,    245.8289,     61.8658,      3.4953,      0.1885,      0.1545,     52.2039,      0.2250,      5.5218,     11.0435,      1.9878,     28.3872,     56.7744,      0.0190,      0.0026,      0.2500,      0.2009,   7623.0024,-482228.3125,   -971.3207,    540.7795,  25410.0078,
       1,     167,     185,      15,       1,       3,       1,     10.0000,      1.3900,     42.4440,    245.8289,     61.8658,      3.4953,      0.1891,      0.1549,     70.5640,      0.2310,      5.5218,     11.0435,      2.0410,     28.3872,     56.7744,      0.0190,      0.0035,      0.2487,      0.2009,   7623.0024,-488480.4375,   -972.7976,    540.3569,  25410.0059,
       1,     167,     185,      16,       1,       3,       1,     10.0000,      1.3900,     42.4440,    245.8289,     61.8658,      3.4953,      0.1759,      0.1417,     80.9008,      0.2330,      5.5218,     11.0435,      2.0591,     28.3872,     56.7744,      0.0190,      0.0044,      0.2280,      0.2008,   7623.0020,-512240.6562,   -978.2183,    538.7523,  25410.0059,
       1,     167,     185,      17,       1,       3,       1,     10.0000,      1.3900,     42.4440,    245.8289,     61.8658,      3.4953,      0.1663,      0.1324,     80.7485,      0.2187,      5.5218,     11.0435,      1.9321,     28.3872,     56.7744,      0.0190,      0.0047,      0.2136,      0.2008,   7623.0020,-527365.1250,   -981.8106,    537.7360,  25410.0078,
       1,     167,     185,      18,       1,       3,       1,     10.0000,      1.3900,     42.4440,    245.8289,     61.8658,      3.4953,      0.1667,      0.1332,     89.5908,      0.2045,      5.5218,     11.0435,      1.8072,     28.3872,     56.7744,      0.0190,      0.0052,      0.2131,      0.2008,   7623.0024,-528468.9375,   -982.3376,    537.6628,  25410.0039,
       1,     167,     185,      19,       1,       3,       1,     10.0000,      1.3900,     42.4440,    245.8289,     61.8658,      3.4953,      0.1139,      0.0809,     56.8273,      0.1901,      5.5218,     11.0435,      1.6797,     28.3872,     56.7744,      0.0190,      0.0051,      0.1390,      0.2008,   7623.0015,-539754.0000,   -985.1575,    536.9044,  25410.0059,
       1,     167,     185,      20,       1,       3,       1,     10.0000,      1.3900,     42.4440,    245.8289,     61.8658,      3.4953,      0.0310,     -0.0017,     10.1294,      0.1795,      5.5218,     11.0435,      1.5858,     28.3872,     56.7744,      0.0190,      0.0056,      0.0225,      0.2008,   7623.0020,-499247.0312,   -976.3996,    539.6234,  25410.0039,
       1,     167,     185,      21,       1,       3,       1,     10.0000,      1.3900,     42.4440,    245.8289,     61.8658,      3.4953,      0.0005,     -0.0319,      7.1375,      0.1725,      5.5218,     11.0435,      1.5239,     28.3872,     56.7744,      0.0190,      0.0057,      0.0156,      0.2008,   7623.0015,-436721.2500,   -962.5154,    543.8479,  25410.0020,
       1,     167,     185,      22,       1,       3,       1,     10.0000,      1.3900,     42.4440,    245.8289,     61.8658,      3.4953,      0.0000,     -0.0323,      6.3197,      0.1691,      5.5218,     11.0435,      1.4938,     28.3872,     56.7744,      0.0190,      0.0050,      0.0156,      0.2009,   7623.0010,-427616.3750,   -960.4492,    544.4835,  25410.0039,
       1,     167,     185,      23,       1,       3,       1,     10.0000,      1.3900,     42.4440,    245.8289,     61.8658,      3.4953,      0.0000,     -0.0323,      5.8126,      0.1687,      5.5218,     11.0435,      1.4908,     28.3872,     56.7744,      0.0190,      0.0046,      0.0156,      0.2009,   7623.0015,-425779.5312,   -960.0082,    544.6088,  25410.0059,
       1,     167,     185,      24,       1,       3,       1,     10.0000,      1.3900,     42.4440,    245.8289,     61.8658,      3.4953,      0.0000,     -0.0323,      4.7537,      0.1680,      5.5218,     11.0435,      1.4849,     28.3872,     56.7744,      0.0190,      0.0038,      0.0156,      0.2009,   7623.0020,-424980.0625,   -959.8023,    544.6632,  25410.0039,
       1,     167,     186,       1,       1,       3,       1,     10.0000,      1.3901,     42.4443,    245.8347,     61.8673,      3.4953,      0.0000,     -0.0322,      3.7685,      0.1657,      5.5215,     11.0430,      1.4643,     28.3943,     56.7886,      0.0190,      0.0030,      0.0156,      0.2009,   7623.0015,-423729.3750,   -959.8243,    544.7613,  25411.1504,
       1,     167,     186,       2,       1,       3,       1,     10.0000,      1.3901,     42.4443,    245.8347,     61.8673,      3.4953,      0.0000,     -0.0321,      3.0067,      0.1631,      5.5215,     11.0430,      1.4411,     28.3943,     56.7886,      0.0190,      0.0024,      0.0156,      0.2009,   7623.3452,-422223.1562,   -959.1491,    544.8638,  25411.1504,
       1,     167,     186,       3,       1,       3,       1,     10.0000,      1.3901,     42.4443,    245.8347,     61.8673,      3.4953,      0.0000,     -0.0322,      2.6328,      0.1637,      5.5215,     11.0430,      1.4468,     28.3943,     56.7886,      0.0190,      0.0021,      0.0156,      0.2009,   7623.3452,-421130.9375,   -958.8918,    544.9382,  25411.1504,
       1,     167,     186,       4,       1,       3,       1,     10.0000,      1.3901,     42.4443,    245.8347,     61.8673,      3.4953,      0.0000,     -0.0321,      2.4333,      0.1619,      5.5215,     11.0430,      1.4310,     28.3943,     56.7886,      0.0190,      0.0019,      0.0156,      0.2009,   7623.3452,-420564.5625,   -958.7545,    544.9769,  25411.1504,
       1,     167,     186,       5,       1,       3,       1,     10.0000,      1.3901,     42.4443,    245.8347,     61.8673,      3.4953,      0.0000,     -0.0321,      2.3431,      0.1618,      5.5215,     11.0430,      1.4296,     28.3943,     56.7886,      0.0190,      0.0019,      0.0156,      0.2009,   7623.3452,-420263.6875,   -958.6777,    544.9973,  25411.1504,
       1,     167,     186,       6,       1,       3,       1,     10.0000,      1.3901,     42.4443,    245.8347,     61.8673,      3.4953,      0.0000,     -0.0320,      2.1506,      0.1595,      5.5215,     11.0430,      1.4097,     28.3943,     56.7886,      0.0190,      0.0017,      0.0156,      0.2009,   7623.3452,-420124.0312,   -958.6376,    545.0069,  25411.1484,
       1,     167,     186,       7,       1,       3,       1,     10.0000,      1.3901,     42.4443,    245.8347,     61.8673,      3.4953,      0.0000,     -0.0319,      2.1282,      0.1568,      5.5215,     11.0430,      1.3858,     28.3943,     56.7886,      0.0190,      0.0017,      0.0156,      0.2009,   7623.3447,-419868.7500,   -958.5731,    545.0242,  25411.1484,
       1,     167,     186,       8,       1,       3,       1,     10.0000,      1.3901,     42.4443,    245.8347,     61.8673,      3.4953,      0.0100,     -0.0219,      2.0457,      0.1579,      5.5215,     11.0430,      1.3956,     28.3943,     56.7886,      0.0190,      0.0016,      0.0156,      0.2009,   7623.3447,-419818.5625,   -958.5541,    545.0276,  25411.1484,
       1,     167,     186,       9,       1,       3,       1,     10.0000,      1.3901,     42.4443,    245.8347,     61.8673,      3.4953,      0.0813,      0.0491,     12.3492,      0.1652,      5.5215,     11.0430,      1.4599,     28.3943,     56.7886,      0.0190,      0.0016,      0.0965,      0.2009,   7623.3447,-419710.0312,   -958.5216,    545.0350,  25411.1484,
       1,     167,     186,      10,       1,       3,       1,     10.0000,      1.3901,     42.4443,    245.8347,     61.8673,      3.4953,      0.1392,      0.1065,     23.3643,      0.1811,      5.5215,     11.0430,      1.6001,     28.3943,     56.7886,      0.0190,      0.0016,      0.1802,      0.2009,   7623.3447,-432718.2500,   -961.4374,    544.1488,  25411.1484,
       1,     167,     186,      11,       1,       3,       1,     10.0000,      1.3901,     42.4443,    245.8347,     61.8673,      3.4953,      0.1793,      0.1461,     31.6050,      0.1962,      5.5215,     11.0430,      1.7338,     28.3943,     56.7886,      0.0190,      0.0016,      0.2384,      0.2009,   7623.3447,-447759.2812,   -964.8177,    543.1265,  25411.1484,
       1,     167,     186,      12,       1,       3,       1,     10.0000,      1.3901,     42.4443,    245.8347,     61.8673,      3.4953,      0.1830,      0.1497,     31.2496,      0.2023,      5.5215,     11.0430,      1.7877,     28.3943,     56.7886,      0.0190,      0.0016,      0.2441,      0.2009,   7623.3447,-459470.0000,   -967.4590,    542.3323,  25411.1484,
       1,     167,     186,      13,       1,       3,       1,     10.0000,      1.3901,     42.4443,    245.8347,     61.8673,      3.4953,      0.1868,      0.1530,     29.4209,      0.2159,      5.5215,     11.0430,      1.9077,     28.3943,     56.7886,      0.0190,      0.0015,      0.2500,      0.2009,   7623.3447,-460027.5625,   -967.6144,    542.2951,  25411.1504,
       1,     167,     186,      14,       1,       3,       1,     10.0000,      1.3901,     42.4443,    245.8347,     61.8673,      3.4953,      0.1873,      0.1534,     35.3702,      0.2187,      5.5215,     11.0430,      1.9322,     28.3943,     56.7886,      0.0190,      0.0018,      0.2500,      0.2009,   7623.3452,-457762.7188,   -967.1248,    542.4487,  25411.1484,
       1,     167,     186,      15,       1,       3,       1,     10.0000,      1.3901,     42.4443,    245.8347,     61.8673,      3.4953,      0.1880,      0.1545,     50.9335,      0.2069,      5.5215,     11.0430,      1.8287,     28.3943,     56.7886,      0.0190,      0.0025,      0.2492,      0.2009,   7623.3447,-465089.1250,   -968.7836,    541.9519,  25411.1484,
       1,     167,     186,      16,       1,       3,       1,     10.0000,      1.3901,     42.4443,    245.8347,     61.8673,      3.4953,      0.1904,      0.1568,     73.9900,      0.2078,      5.5215,     11.0430,      1.8359,     28.3943,     56.7886,      0.0190,      0.0037,      0.2500,      0.2009,   7623.3447,-485395.0625,   -973.3984,    540.5765,  25411.1504,
       1,     167,     186,      17,       1,       3,       1,     10.0000,      1.3901,     42.4443,    245.8347,     61.8673,      3.4953,      0.1406,      0.1071,     59.8155,      0.2076,      5.5215,     11.0430,      1.8341,     28.3943,     56.7886,      0.0190,      0.0042,      0.1780,      0.2009,   7623.3452,-516301.3438,   -980.4759,    538.4899,  25411.1465,
       1,     167,     186,      18,       1,       3,       1,     10.0000,      1.3901,     42.4443,    245.8347,     61.8673,      3.4953,      0.1125,      0.0788,     52.4675,      0.2129,      5.5215,     11.0430,      1.8816,     28.3943,     56.7886,      0.0190,      0.0047,      0.1372,      0.2008,   7623.3442,-501028.3125,   -977.2861,    539.5220,  25411.1504,
       1,     167,     186,      19,       1,       3,       1,     10.0000,      1.3901,     42.4443,    245.8347,     61.8673,      3.4953,      0.0413,      0.0080,     14.7167,      0.2017,      5.5215,     11.0430,      1.7824,     28.3943,     56.7886,      0.0190,      0.0050,      0.0364,      0.2009,   7623.3452,-490421.7500,   -975.0885,    540.2383,  25411.1484,
       1,     167,     186,      20,       1,       3,       1,     10.0000,      1.3901,     42.4443,    245.8347,     61.8673,      3.4953,      0.0092,     -0.0235,      5.5175,      0.1831,      5.5215,     11.0430,      1.6177,     28.3943,     56.7886,      0.0190,      0.0044,      0.0156,      0.2009,   7623.3447,-441767.2188,   -964.2501,    543.5244,  25411.1484,
       1,     167,     186,      21,       1,       3,       1,     10.0000,      1.3901,     42.4443,    245.8347,     61.8673,      3.4953,      0.0001,     -0.0323,      5.0913,      0.1709,      5.5215,     11.0430,      1.5103,     28.3943,     56.7886,      0.0190,      0.0040,      0.0156,      0.2009,   7623.3447,-425995.3438,   -960.6926,    544.6060,  25411.1465,
       1,     167,     186,      22,       1,       3,       1,     10.0000,      1.3901,     42.4443,    245.8347,     61.8673,      3.4953,      0.0000,     -0.0323,      4.9354,      0.1667,      5.5215,     11.0430,      1.4731,     28.3943,     56.7886,      0.0190,      0.0039,      0.0156,      0.2009,   7623.3442,-424091.2812,   -960.2491,    544.7366,  25411.1465,
       1,     167,     186,      23,       1,       3,       1,     10.0000,      1.3901,     42.4443,    245.8347,     61.8673,      3.4953,      0.0000,     -0.0323,      5.4317,      0.1669,      5.5215,     11.0430,      1.4746,     28.3943,     56.7886,      0.0190,      0.0043,      0.0156,      0.2009,   7623.3442,-423729.0938,   -960.1522,    544.7613,  25411.1465,
       1,     167,     186,      24,       1,       3,       1,     10.0000,      1.3901,     42.4443,    245.8347,     61.8673,      3.4953,      0.0000,     -0.0322,      5.1233,      0.1664,      5.5215,     11.0430,      1.4702,     28.3943,     56.7886,      0.0190,      0.0041,      0.0156,      0.2009,   7623.3442,-424325.1250,   -960.2695,    544.7207,  25411.1465,
       1,     167,     187,       1,       1,       3,       1,     10.0000,      1.3901,     42.4447,    245.8406,     61.8687,      3.4953,      0.0000,     -0.0323,      3.8541,      0.1665,      5.5214,     11.0427,      1.4717,     28.3954,     56.7907,      0.0190,      0.0031,      0.0156,      0.2010,   7623.3442,-424142.4062,   -960.5374,    544.7461,  25412.2930,
       1,     167,     187,       2,       1,       3,       1,     10.0000,      1.3901,     42.4447,    245.8406,     61.8687,      3.4953,      0.0000,     -0.0322,      2.8057,      0.1647,      5.5214,     11.0427,      1.4556,     28.3954,     56.7907,      0.0190,      0.0022,      0.0156,      0.2010,   7623.6880,-422369.5938,   -959.8043,    544.8668,  25412.2930,
       1,     167,     187,       3,       1,       3,       1,     10.0000,      1.3901,     42.4447,    245.8406,     61.8687,      3.4953,      0.0000,     -0.0320,      2.2557,      0.1602,      5.5214,     11.0427,      1.4153,     28.3954,     56.7907,      0.0190,      0.0018,      0.0156,      0.2010,   7623.6880,-420892.7812,   -959.4640,    544.9674,  25412.2930,
       1,     167,     187,       4,       1,       3,       1,     10.0000,      1.3901,     42.4447,    245.8406,     61.8687,      3.4953,      0.0000,     -0.0318,      1.9404,      0.1528,      5.5214,     11.0427,      1.3502,     28.3954,     56.7907,      0.0190,      0.0015,      0.0156,      0.2010,   7623.6880,-420070.7188,   -959.2732,    545.0234,  25412.2930,
       1,     167,     187,       5,       1,       3,       1,     10.0000,      1.3901,     42.4447,    245.8406,     61.8687,      3.4953,      0.0000,     -0.0317,      1.7434,      0.1513,      5.5214,     11.0427,      1.3367,     28.3954,     56.7907,      0.0190,      0.0014,      0.0156,      0.2010,   7623.6880,-419601.8125,   -959.1639,    545.0554,  25412.2930,
       1,     167,     187,       6,       1,       3,       1,     10.0000,      1.3901,     42.4447,    245.8406,     61.8687,      3.4953,      0.0000,     -0.0316,      2.0621,      0.1468,      5.5214,     11.0427,      1.2969,     28.3954,     56.7907,      0.0190,      0.0016,      0.0156,      0.2010,   7623.6880,-419312.4062,   -959.0961,    545.0751,  25412.2930,
       1,     167,     187,       7,       1,       3,       1,     10.0000,      1.3901,     42.4447,    245.8406,     61.8687,      3.4953,      0.0000,     -0.0316,      2.0861,      0.1474,      5.5214,     11.0427,      1.3021,     28.3954,     56.7907,      0.0190,      0.0017,      0.0156,      0.2010,   7623.6880,-419690.0938,   -959.1798,    545.0493,  25412.2930,
       1,     167,     187,       8,       1,       3,       1,     10.0000,      1.3901,     42.4447,    245.8406,     61.8687,      3.4953,      0.0078,     -0.0240,      2.3950,      0.1540,      5.5214,     11.0427,      1.3611,     28.3954,     56.7907,      0.0190,      0.0019,      0.0156,      0.2010,   7623.6880,-419753.0312,   -959.1890,    545.0450,  25412.2930,
       1,     167,     187,       9,       1,       3,       1,     10.0000,      1.3901,     42.4447,    245.8406,     61.8687,      3.4953,      0.0986,      0.0663,     17.4795,      0.1652,      5.5214,     11.0427,      1.4599,     28.3954,     56.7907,      0.0190,      0.0018,      0.1213,      0.2010,   7623.6880,-420148.6562,   -959.2718,    545.0181,  25412.2930,
       1,     167,     187,      10,       1,       3,       1,     10.0000,      1.3901,     42.4447,    245.8406,     61.8687,      3.4953,      0.1623,      0.1296,     31.0104,      0.1784,      5.5214,     11.0427,      1.5765,     28.3954,     56.7907,      0.0190,      0.0018,      0.2133,      0.2010,   7623.6880,-439238.5312,   -963.5788,    543.7175,  25412.2930,
       1,     167,     187,      11,       1,       3,       1,     10.0000,      1.3901,     42.4447,    245.8406,     61.8687,      3.4953,      0.1837,      0.1502,     30.1921,      0.2072,      5.5214,     11.0427,      1.8305,     28.3954,     56.7907,      0.0190,      0.0015,      0.2453,      0.2009,   7623.6880,-457983.4688,   -967.8200,    542.4451,  25412.2949,
       1,     167,     187,      12,       1,       3,       1,     10.0000,      1.3901,     42.4447,    245.8406,     61.8687,      3.4953,      0.1870,      0.1533,     32.5107,      0.2167,      5.5214,     11.0427,      1.9152,     28.3954,     56.7907,      0.0190,      0.0016,      0.2500,      0.2009,   7623.6890,-458562.2188,   -967.9769,    542.4073,  25412.2910,
       1,     167,     187,      13,       1,       3,       1,     10.0000,      1.3901,     42.4447,    245.8406,     61.8687,      3.4953,      0.1613,      0.1274,     32.9347,      0.2221,      5.5214,     11.0427,      1.9628,     28.3954,     56.7907,      0.0190,      0.0019,      0.2118,      0.2009,   7623.6875,-461541.3125,   -968.6780,    542.2054,  25412.2891,
       1,     167,     187,      14,       1,       3,       1,     10.0000,      1.3901,     42.4447,    245.8406,     61.8687,      3.4953,      0.1708,      0.1370,     50.3226,      0.2191,      5.5214,     11.0427,      1.9360,     28.3954,     56.7907,      0.0190,      0.0028,      0.2239,      0.2009,   7623.6870,-462333.2500,   -968.9064,    542.1517,  25412.2910,
       1,     167,     187,      15,       1,       3,       1,     10.0000,      1.3901,     42.4447,    245.8406,     61.8687,      3.4953,      0.1787,      0.1446,     67.3802,      0.2296,      5.5214,     11.0427,      2.0292,     28.3954,     56.7907,      0.0190,      0.0036,      0.2337,      0.2009,   7623.6875,-484380.4062,   -973.9443,    540.6576,  25412.2910,
       1,     167,     187,      16,       1,       3,       1,     10.0000,      1.3901,     42.4447,    245.8406,     61.8687,      3.4953,      0.1494,      0.1153,     77.0050,      0.2308,      5.5214,     11.0427,      2.0391,     28.3954,     56.7907,      0.0190,      0.0050,      0.1891,      0.2009,   7623.6875,-507848.1562,   -979.3826,    539.0737,  25412.2910,
       1,     167,     187,      17,       1,       3,       1,     10.0000,      1.3901,     42.4447,    245.8406,     61.8687,      3.4953,      0.1460,      0.1123,     84.3295,      0.2115,      5.5214,     11.0427,      1.8687,     28.3954,     56.7907,      0.0190,      0.0057,      0.1831,      0.2009,   7623.6875,-522040.2500,   -982.8229,    538.1196,  25412.2891,
       1,     167,     187,      18,       1,       3,       1,     10.0000,      1.3901,     42.4447,    245.8406,     61.8687,      3.4953,      0.1529,      0.1196,     87.6125,      0.2001,      5.5214,     11.0427,      1.7684,     28.3954,     56.7907,      0.0190,      0.0056,      0.1930,      0.2009,   7623.6870,-532523.9375,   -985.4853,    537.4154,  25412.2891,
       1,     167,     187,      19,       1,       3,       1,     10.0000,      1.3901,     42.4447,    245.8406,     61.8687,      3.4953,      0.0953,      0.0625,     46.6848,      0.1860,      5.5214,     11.0427,      1.6436,     28.3954,     56.7907,      0.0190,      0.0051,      0.1128,      0.2008,   7623.6870,-537576.9375,   -986.9621,    537.0763,  25412.2891,
       1,     167,     187,      20,       1,       3,       1,     10.0000,      1.3901,     42.4447,    245.8406,     61.8687,      3.4953,      0.0223,     -0.0093,      4.4459,      0.1459,      5.5214,     11.0427,      1.2891,     28.3954,     56.7907,      0.0190,      0.0047,      0.0116,      0.2008,   7623.6870,-486213.5000,   -979.9160,    540.5247,  25412.2871,
       1,     167,     187,      21,       1,       3,       1,     10.0000,      1.3901,     42.4447,    245.8406,     61.8687,      3.4953,      0.0002,     -0.0316,      6.2797,      0.1536,      5.5214,     11.0427,      1.3570,     28.3954,     56.7907,      0.0190,      0.0050,      0.0156,      0.2009,   7623.6865,-428436.0312,   -966.9300,    544.4396,  25412.2871,
       1,     167,     187,      22,       1,       3,       1,     10.0000,      1.3901,     42.4447,    245.8406,     61.8687,      3.4953,      0.0000,     -0.0319,      5.4873,      0.1551,      5.5214,     11.0427,      1.3707,     28.3954,     56.7907,      0.0190,      0.0044,      0.0156,      0.2010,   7623.6865,-425821.9375,   -966.2798,    544.6317,  25412.2871,
       1,     167,     187,      23,       1,       3,       1,     10.0000,      1.3901,     42.4447,    245.8406,     61.8687,      3.4953,      0.0000,     -0.0319,      4.9540,      0.1556,      5.5214,     11.0427,      1.3748,     28.3954,     56.7907,      0.0190,      0.0039,      0.0156,      0.2010,   7623.6865,-424578.0625,   -965.9451,    544.7164,  25412.2852,
       1,     167,     187,      24,       1,       3,       1,     10.0000,      1.3901,     42.4447,    245.8406,     61.8687,      3.4953,      0.0000,     -0.0317,      3.9783,      0.1513,      5.5214,     11.0427,      1.3367,     28.3954,     56.7907,      0.0190,      0.0032,      0.0156,      0.2010,   7623.6860,-423797.6875,   -965.7206,    544.7696,  25412.2871,
       1,     167,     188,       1,       1,       3,       1,     10.0000,      1.3901,     42.4450,    245.8464,     61.8702,      3.4953,      0.0000,     -0.0316,      1.6210,      0.1462,      5.5224,     11.0448,      1.2917,     28.3983,     56.7966,      0.0190,      0.0013,      0.0156,      0.2010,   7623.6865,-422653.7188,   -965.7484,    544.8605,  25413.4336,
       1,     167,     188,       2,       1,       3,       1,     10.0000,      1.3901,     42.4450,    245.8464,     61.8702,      3.4953,      0.0000,     -0.0314,      0.9077,      0.1408,      5.5224,     11.0448,      1.2444,     28.3983,     56.7966,      0.0190,      0.0007,      0.0156,      0.2010,   7624.0303,-419423.7188,   -964.6841,    545.0804,  25413.4336,
       1,     167,     188,       3,       1,       3,       1,     10.0000,      1.3901,     42.4450,    245.8464,     61.8702,      3.4953,      0.0000,     -0.0312,      0.8212,      0.1377,      5.5224,     11.0448,      1.2170,     28.3983,     56.7966,      0.0190,      0.0007,      0.0156,      0.2010,   7624.0303,-418244.9062,   -964.4146,    545.1608,  25413.4336,
       1,     167,     188,       4,       1,       3,       1,     10.0000,      1.3901,     42.4450,    245.8464,     61.8702,      3.4953,      0.0000,     -0.0313,      0.9882,      0.1379,      5.5224,     11.0448,      1.2182,     28.3983,     56.7966,      0.0190,      0.0008,      0.0156,      0.2010,   7624.0303,-418034.2188,   -964.3643,    545.1752,  25413.4336,
       1,     167,     188,       5,       1,       3,       1,     10.0000,      1.3901,     42.4450,    245.8464,     61.8702,      3.4953,      0.0000,     -0.0309,      1.1615,      0.1297,      5.5224,     11.0448,      1.1463,     28.3983,     56.7966,      0.0190,      0.0009,      0.0156,      0.2010,   7624.0303,-418226.8750,   -964.9693,    545.1620,  25413.4336,
       1,     167,     188,       6,       1,       3,       1,     10.0000,      1.3901,     42.4450,    245.8464,     61.8702,      3.4953,      0.0000,     -0.0304,      1.3810,      0.1173,      5.5224,     11.0448,      1.0363,     28.3983,     56.7966,      0.0190,      0.0011,      0.0156,      0.2010,   7624.0303,-418462.4375,   -942.7726,    545.1460,  25413.4922,
       1,     167,     188,       7,       1,       3,       1,     10.0000,      1.3901,     42.4450,    245.8464,     61.8702,      3.4953,      0.0000,     -0.0306,      0.8156,      0.1199,      5.5224,     11.0448,      1.0599,     28.3983,     56.7966,      0.0190,      0.0006,      0.0156,      0.2010,   7624.0479,-418753.0312,   -943.0266,    545.1262,  25413.4746,
       1,     167,     188,       8,       1,       3,       1,     10.0000,      1.3901,     42.4450,    245.8464,     61.8702,      3.4953,      0.0049,     -0.0259,      0.6404,      0.1239,      5.5224,     11.0448,      1.0950,     28.3983,     56.7966,      0.0190,      0.0005,      0.0156,      0.2010,   7624.0425,-418066.0625,   -942.9720,    545.1730,  25413.4668,
       1,     167,     188,       9,       1,       3,       1,     10.0000,      1.3901,     42.4450,    245.8464,     61.8702,      3.4953,      0.0559,      0.0250,      2.7107,      0.1269,      5.5224,     11.0448,      1.1210,     28.3983,     56.7966,      0.0190,      0.0005,      0.0616,      0.2010,   7624.0405,-417786.3750,   -940.1905,    545.1920,  25413.4922,
       1,     167,     188,      10,       1,       3,       1,     10.0000,      1.3901,     42.4450,    245.8464,     61.8702,      3.4953,      0.1753,      0.1441,      8.5737,      0.1365,      5.5224,     11.0448,      1.2060,     28.3983,     56.7966,      0.0190,      0.0005,      0.2348,      0.2010,   7624.0479,-420374.4375,   -940.9737,    545.0157,  25413.4707,
       1,     167,     188,      11,       1,       3,       1,     10.0000,      1.3901,     42.4450,    245.8464,     61.8702,      3.4953,      0.1507,      0.1194,      5.7834,      0.1383,      5.5224,     11.0448,      1.2219,     28.3983,     56.7966,      0.0190,      0.0004,      0.1992,      0.2010,   7624.0415,-428005.5312,   -943.7025,    544.4958,  25413.4336,
       1,     167,     188,      12,       1,       3,       1,     10.0000,      1.3901,     42.4450,    245.8464,     61.8702,      3.4953,      0.1855,      0.1541,      6.8033,      0.1430,      5.5224,     11.0448,      1.2634,     28.3983,     56.7966,      0.0190,      0.0003,      0.2500,      0.2010,   7624.0303,-425142.3438,   -938.5442,    544.6910,  25413.4648,
       1,     167,     188,      13,       1,       3,       1,     10.0000,      1.3901,     42.4450,    245.8464,     61.8702,      3.4953,      0.1854,      0.1536,      6.2269,      0.1539,      5.5224,     11.0448,      1.3597,     28.3983,     56.7966,      0.0190,      0.0003,      0.2500,      0.2010,   7624.0396,-426180.5000,   -936.9415,    544.6204,  25413.4961,
       1,     167,     188,      14,       1,       3,       1,     10.0000,      1.3901,     42.4450,    245.8464,     61.8702,      3.4953,      0.1854,      0.1531,      6.8245,      0.1659,      5.5224,     11.0448,      1.4658,     28.3983,     56.7966,      0.0190,      0.0003,      0.2500,      0.2010,   7624.0493,-425537.8438,   -936.4229,    544.6641,  25413.4961,
       1,     167,     188,      15,       1,       3,       1,     10.0000,      1.3901,     42.4450,    245.8464,     61.8702,      3.4953,      0.1811,      0.1481,     13.0206,      0.1895,      5.5224,     11.0448,      1.6749,     28.3983,     56.7966,      0.0190,      0.0007,      0.2432,      0.2010,   7624.0493,-426237.4688,   -935.9971,    544.6165,  25413.4961,
       1,     167,     188,      16,       1,       3,       1,     10.0000,      1.3901,     42.4450,    245.8464,     61.8702,      3.4953,      0.1861,      0.1537,     17.0788,      0.1725,      5.5224,     11.0448,      1.5240,     28.3983,     56.7966,      0.0190,      0.0008,      0.2500,      0.2010,   7624.0493,-434124.8125,   -939.0439,    544.0795,  25413.4961,
       1,     167,     188,      17,       1,       3,       1,     10.0000,      1.3901,     42.4450,    245.8464,     61.8702,      3.4953,      0.1858,      0.1537,     12.5880,      0.1639,      5.5224,     11.0448,      1.4483,     28.3983,     56.7966,      0.0190,      0.0006,      0.2500,      0.2010,   7624.0493,-439930.9688,   -941.6769,    543.6849,  25413.4922,
       1,     167,     188,      18,       1,       3,       1,     10.0000,      1.3901,     42.4450,    245.8464,     61.8702,      3.4953,      0.1824,      0.1502,     19.2517,      0.1646,      5.5224,     11.0448,      1.4542,     28.3983,     56.7966,      0.0190,      0.0010,      0.2442,      0.2010,   7624.0479,-434756.7500,   -941.9584,    544.0366,  25413.4902,
       1,     167,     188,      19,       1,       3,       1,     10.0000,      1.3901,     42.4450,    245.8464,     61.8702,      3.4953,      0.0582,      0.0265,      6.9627,      0.1516,      5.5224,     11.0448,      1.3394,     28.3983,     56.7966,      0.0190,      0.0014,      0.0637,      0.2010,   7624.0474,-442731.1562,   -944.6514,    543.4945,  25413.4863,
       1,     167,     188,      20,       1,       3,       1,     10.0000,      1.3901,     42.4450,    245.8464,     61.8702,      3.4953,      0.0079,     -0.0235,      3.5868,      0.1435,      5.5224,     11.0448,      1.2685,     28.3983,     56.7966,      0.0190,      0.0029,      0.0156,      0.2010,   7624.0464,-427890.1875,   -942.1268,    544.5030,  25413.4844,
       1,     167,     188,      21,       1,       3,       1,     10.0000,      1.3901,     42.4450,    245.8464,     61.8702,      3.4953,      0.0001,     -0.0311,      2.9859,      0.1366,      5.5224,     11.0448,      1.2072,     28.3983,     56.7966,      0.0190,      0.0024,      0.0156,      0.2010,   7624.0454,-422352.3750,   -938.9250,    544.8809,  25413.4824,
       1,     167,     188,      22,       1,       3,       1,     10.0000,      1.3901,     42.4450,    245.8464,     61.8702,      3.4953,      0.0000,     -0.0310,      2.8284,      0.1321,      5.5224,     11.0448,      1.1675,     28.3983,     56.7966,      0.0190,      0.0022,      0.0156,      0.2010,   7624.0449,-421116.3438,   -936.1105,    544.9651,  25413.4824,
       1,     167,     188,      23,       1,       3,       1,     10.0000,      1.3901,     42.4450,    245.8464,     61.8702,      3.4953,      0.0000,     -0.0309,      2.9947,      0.1289,      5.5224,     11.0448,      1.1394,     28.3983,     56.7966,      0.0190,      0.0024,      0.0156,      0.2010,   7624.0449,-420810.8438,   -936.2637,    544.9860,  25413.4805,
       1,     167,     188,      24,       1,       3,       1,     10.0000,      1.3901,     42.4450,    245.8464,     61.8702,      3.4953,      0.0000,     -0.0308,      1.6379,      0.1270,      5.5224,     11.0448,      1.1221,     28.3983,     56.7966,      0.0190,      0.0013,      0.0156,      0.2010,   7624.0444,-420994.7188,   -936.5934,    544.9734,  25413.4805,
       1,     167,     189,       1,       1,       3,       1,     10.0000,      1.3901,     42.4454,    245.8522,     61.8716,      3.4953,      0.0000,     -0.0308,      1.2664,      0.1267,      5.5215,     11.0430,      1.1199,     28.4024,     56.8049,      0.0190,      0.0010,      0.0156,      0.2010,   7624.0444,-419453.1875,   -936.7425,    545.0913,  25414.6270,
       1,     167,     189,       2,       1,       3,       1,     10.0000,      1.3901,     42.4454,    245.8522,     61.8716,      3.4953,      0.0000,     -0.0308,      0.6618,      0.1261,      5.5215,     11.0430,      1.1142,     28.4024,     56.8049,      0.0190,      0.0005,      0.0156,      0.2010,   7624.3882,-418697.5625,   -936.4237,    545.1427,  25414.6250,
       1,     167,     189,       3,       1,       3,       1,     10.0000,      1.3901,     42.4454,    245.8522,     61.8716,      3.4953,      0.0000,     -0.0309,      0.4383,      0.1279,      5.5215,     11.0430,      1.1302,     28.4024,     56.8049,      0.0190,      0.0003,      0.0156,      0.2010,   7624.3877,-417869.3125,   -936.3023,    545.1993,  25414.6250,
       1,     167,     189,       4,       1,       3,       1,     10.0000,      1.3901,     42.4454,    245.8522,     61.8716,      3.4953,      0.0000,     -0.0309,      0.3784,      0.1288,      5.5215,     11.0430,      1.1382,     28.4024,     56.8049,      0.0190,      0.0003,      0.0156,      0.2010,   7624.3877,-417515.6250,   -936.2454,    545.2233,  25414.6250,
       1,     167,     189,       5,       1,       3,       1,     10.0000,      1.3901,     42.4454,    245.8522,     61.8716,      3.4953,      0.0000,     -0.0310,      0.3975,      0.1311,      5.5215,     11.0430,      1.1581,     28.4024,     56.8049,      0.0190,      0.0003,      0.0156,      0.2010,   7624.3877,-417409.7188,   -936.2350,    545.2306,  25414.6250,
       1,     167,     189,       6,       1,       3,       1,     10.0000,      1.3901,     42.4454,    245.8522,     61.8716,      3.4953,      0.0000,     -0.0310,      0.4000,      0.1319,      5.5215,     11.0430,      1.1651,     28.4024,     56.8049,      0.0190,      0.0003,      0.0156,      0.2010,   7624.3877,-417424.5312,   -936.2520,    545.2295,  25414.6250,
       1,     167,     189,       7,       1,       3,       1,     10.0000,      1.3901,     42.4454,    245.8522,     61.8716,      3.4953,      0.0000,     -0.0310,      0.3426,      0.1307,      5.5215,     11.0430,      1.1545,     28.4024,     56.8049,      0.0190,      0.0003,      0.0156,      0.2010,   7624.3877,-417429.0625,   -936.2655,    545.2292,  25414.6250,
       1,     167,     189,       8,       1,       3,       1,     10.0000,      1.3901,     42.4454,    245.8522,     61.8716,      3.4953,      0.0116,     -0.0194,      0.3155,      0.1315,      5.5215,     11.0430,      1.1616,     28.4024,     56.8049,      0.0190,      0.0003,      0.0156,      0.2010,   7624.3877,-417356.9688,   -936.2565,    545.2341,  25414.6250,
       1,     167,     189,       9,       1,       3,       1,     10.0000,      1.3901,     42.4454,    245.8522,     61.8716,      3.4953,      0.0731,      0.0420,      1.8015,      0.1348,      5.5215,     11.0430,      1.1914,     28.4024,     56.8049,      0.0190,      0.0003,      0.0865,      0.2010,   7624.3877,-417316.5312,   -936.2800,    545.2369,  25414.6250,
       1,     167,     189,      10,       1,       3,       1,     10.0000,      1.3901,     42.4454,    245.8522,     61.8716,      3.4953,      0.1500,      0.1187,      4.2509,      0.1383,      5.5215,     11.0430,      1.2220,     28.4024,     56.8049,      0.0190,      0.0003,      0.1984,      0.2010,   7624.3877,-419189.7188,   -937.0253,    545.1092,  25414.6250,
       1,     167,     189,      11,       1,       3,       1,     10.0000,      1.3901,     42.4454,    245.8522,     61.8716,      3.4953,      0.1854,      0.1538,      5.7688,      0.1475,      5.5215,     11.0430,      1.3035,     28.4024,     56.8049,      0.0190,      0.0003,      0.2500,      0.2010,   7624.3877,-422444.5312,   -938.2596,    544.8875,  25414.6250,
       1,     167,     189,      12,       1,       3,       1,     10.0000,      1.3901,     42.4454,    245.8522,     61.8716,      3.4953,      0.1854,      0.1535,      6.1108,      0.1551,      5.5215,     11.0430,      1.3707,     28.4024,     56.8049,      0.0190,      0.0003,      0.2500,      0.2010,   7624.3877,-424641.8125,   -939.7305,    544.7379,  25414.6250,
       1,     167,     189,      13,       1,       3,       1,     10.0000,      1.3901,     42.4454,    245.8522,     61.8716,      3.4953,      0.1854,      0.1533,      6.4130,      0.1618,      5.5215,     11.0430,      1.4297,     28.4024,     56.8049,      0.0190,      0.0003,      0.2500,      0.2010,   7624.3877,-425262.8125,   -941.3769,    544.6956,  25414.6230,
       1,     167,     189,      14,       1,       3,       1,     10.0000,      1.3901,     42.4454,    245.8522,     61.8716,      3.4953,      0.1853,      0.1528,      6.9963,      0.1745,      5.5215,     11.0430,      1.5424,     28.4024,     56.8049,      0.0190,      0.0003,      0.2500,      0.2010,   7624.3872,-425698.2188,   -943.2872,    544.6660,  25414.6230,
       1,     167,     189,      15,       1,       3,       1,     10.0000,      1.3901,     42.4454,    245.8522,     61.8716,      3.4953,      0.1853,      0.1526,      7.5959,      0.1804,      5.5215,     11.0430,      1.5939,     28.4024,     56.8049,      0.0190,      0.0004,      0.2500,      0.2010,   7624.3872,-426472.4688,   -945.0610,    544.6132,  25414.6191,
       1,     167,     189,      16,       1,       3,       1,     10.0000,      1.3901,     42.4454,    245.8522,     61.8716,      3.4953,      0.1864,      0.1542,     19.3682,      0.1647,      5.5215,     11.0430,      1.4556,     28.4024,     56.8049,      0.0190,      0.0010,      0.2500,      0.2010,   7624.3862,-427296.8438,   -946.1880,    544.5571,  25414.6172,
       1,     167,     189,      17,       1,       3,       1,     10.0000,      1.3901,     42.4454,    245.8522,     61.8716,      3.4953,      0.1735,      0.1416,     29.1585,      0.1556,      5.5215,     11.0430,      1.3749,     28.4024,     56.8049,      0.0190,      0.0016,      0.2299,      0.2010,   7624.3853,-442237.7500,   -950.0972,    543.5401,  25414.6172,
       1,     167,     189,      18,       1,       3,       1,     10.0000,      1.3901,     42.4454,    245.8522,     61.8716,      3.4953,      0.1320,      0.1000,     27.8300,      0.1576,      5.5215,     11.0430,      1.3929,     28.4024,     56.8049,      0.0190,      0.0020,      0.1692,      0.2010,   7624.3853,-455894.0938,   -953.4045,    542.6132,  25414.6152,
       1,     167,     189,      19,       1,       3,       1,     10.0000,      1.3901,     42.4454,    245.8522,     61.8716,      3.4953,      0.0980,      0.0661,     23.9820,      0.1551,      5.5215,     11.0430,      1.3707,     28.4024,     56.8049,      0.0190,      0.0025,      0.1198,      0.2010,   7624.3848,-455389.9062,   -953.7795,    542.6482,  25414.6113,
       1,     167,     189,      20,       1,       3,       1,     10.0000,      1.3901,     42.4454,    245.8522,     61.8716,      3.4953,      0.0271,     -0.0046,      4.2888,      0.1501,      5.5215,     11.0430,      1.3260,     28.4024,     56.8049,      0.0190,      0.0029,      0.0185,      0.2010,   7624.3838,-450483.7188,   -953.2150,    542.9810,  25414.6074,
       1,     167,     189,      21,       1,       3,       1,     10.0000,      1.3901,     42.4454,    245.8522,     61.8716,      3.4953,      0.0002,     -0.0313,      2.5746,      0.1441,      5.5215,     11.0430,      1.2736,     28.4024,     56.8049,      0.0190,      0.0020,      0.0156,      0.2010,   7624.3823,-425180.1250,   -948.4015,    544.6985,  25414.6035,
       1,     167,     189,      22,       1,       3,       1,     10.0000,      1.3901,     42.4454,    245.8522,     61.8716,      3.4953,      0.0000,     -0.0315,      2.2871,      0.1438,      5.5215,     11.0430,      1.2711,     28.4024,     56.8049,      0.0190,      0.0018,      0.0156,      0.2010,   7624.3813,-420848.8750,   -947.6494,    544.9961,  25414.5996,
       1,     167,     189,      23,       1,       3,       1,     10.0000,      1.3901,     42.4454,    245.8522,     61.8716,      3.4953,      0.0000,     -0.0315,      2.2173,      0.1456,      5.5215,     11.0430,      1.2865,     28.4024,     56.8049,      0.0190,      0.0018,      0.0156,      0.2010,   7624.3804,-420110.1875,   -947.5866,    545.0465,  25414.6016,
       1,     167,     189,      24,       1,       3,       1,     10.0000,      1.3901,     42.4454,    245.8522,     61.8716,      3.4953,      0.0000,     -0.0314,      2.6554,      0.1413,      5.5215,     11.0430,      1.2482,     28.4024,     56.8049,      0.0190,      0.0021,      0.0156,      0.2010,   7624.3809,-419958.2500,   -947.6266,    545.0568,  25414.6016,
       1,     167,     190,       1,       1,       3,       1,     10.0000,      1.3902,     42.4457,    245.8581,     61.8732,      3.4953,      0.0000,     -0.0313,      2.5874,      0.1384,      5.5221,     11.0442,      1.2232,     28.4075,     56.8151,      0.0190,      0.0021,      0.0156,      0.2010,   7624.3809,-420654.7500,   -948.1516,    545.0223,  25415.7461,
       1,     167,     190,       2,       1,       3,       1,     10.0000,      1.3902,     42.4457,    245.8581,     61.8732,      3.4953,      0.0000,     -0.0311,      1.9397,      0.1329,      5.5221,     11.0442,      1.1747,     28.4075,     56.8151,      0.0190,      0.0015,      0.0156,      0.2010,   7624.7241,-420475.3125,   -947.9260,    545.0345,  25415.7461,
       1,     167,     190,       3,       1,       3,       1,     10.0000,      1.3902,     42.4457,    245.8581,     61.8732,      3.4953,      0.0000,     -0.0310,      1.6111,      0.1300,      5.5221,     11.0442,      1.1487,     28.4075,     56.8151,      0.0190,      0.0013,      0.0156,      0.2010,   7624.7241,-419641.8750,   -947.8325,    545.0913,  25415.7461,
       1,     167,     190,       4,       1,       3,       1,     10.0000,      1.3902,     42.4457,    245.8581,     61.8732,      3.4953,      0.0000,     -0.0309,      1.4186,      0.1293,      5.5221,     11.0442,      1.1429,     28.4075,     56.8151,      0.0190,      0.0011,      0.0156,      0.2010,   7624.7241,-419155.3438,   -947.7936,    545.1245,  25415.7441,
       1,     167,     190,       5,       1,       3,       1,     10.0000,      1.3902,     42.4457,    245.8581,     61.8732,      3.4953,      0.0000,     -0.0309,      1.0434,      0.1283,      5.5221,     11.0442,      1.1336,     28.4075,     56.8151,      0.0190,      0.0008,      0.0156,      0.2010,   7624.7236,-418870.4062,   -947.7855,    545.1439,  25415.7441,
       1,     167,     190,       6,       1,       3,       1,     10.0000,      1.3902,     42.4457,    245.8581,     61.8732,      3.4953,      0.0000,     -0.0308,      0.6868,      0.1263,      5.5221,     11.0442,      1.1165,     28.4075,     56.8151,      0.0190,      0.0005,      0.0156,      0.2010,   7624.7236,-418372.2188,   -947.7186,    545.1779,  25415.7441,
       1,     167,     190,       7,       1,       3,       1,     10.0000,      1.3902,     42.4457,    245.8581,     61.8732,      3.4953,      0.0000,     -0.0308,      0.5836,      0.1269,      5.5221,     11.0442,      1.1210,     28.4075,     56.8151,      0.0190,      0.0005,      0.0156,      0.2010,   7624.7236,-417879.0312,   -947.6364,    545.2115,  25415.7441,
       1,     167,     190,       8,       1,       3,       1,     10.0000,      1.3902,     42.4457,    245.8581,     61.8732,      3.4953,      0.0158,     -0.0151,      0.1302,      0.1286,      5.5221,     11.0442,      1.1360,     28.4075,     56.8151,      0.0190,      0.0005,      0.0034,      0.2010,   7624.7236,-417706.2500,   -947.6145,    545.2233,  25415.7441,
       1,     167,     190,       9,       1,       3,       1,     10.0000,      1.3902,     42.4457,    245.8581,     61.8732,      3.4953,      0.1103,      0.0793,      5.9599,      0.1319,      5.5221,     11.0442,      1.1652,     28.4075,     56.8151,      0.0190,      0.0005,      0.1403,      0.2010,   7624.7236,-417118.7812,   -947.5189,    545.2633,  25415.7422,
       1,     167,     190,      10,       1,       3,       1,     10.0000,      1.3902,     42.4457,    245.8581,     61.8732,      3.4953,      0.1677,      0.1361,     11.2412,      0.1475,      5.5221,     11.0442,      1.3035,     28.4075,     56.8151,      0.0190,      0.0006,      0.2235,      0.2010,   7624.7231,-424429.8750,   -949.1184,    544.7650,  25415.7441,
       1,     167,     190,      11,       1,       3,       1,     10.0000,      1.3902,     42.4457,    245.8581,     61.8732,      3.4953,      0.1850,      0.1526,     12.8863,      0.1720,      5.5221,     11.0442,      1.5195,     28.4075,     56.8151,      0.0190,      0.0006,      0.2488,      0.2010,   7624.7236,-431729.2188,   -950.8925,    544.2682,  25415.7422,
       1,     167,     190,      12,       1,       3,       1,     10.0000,      1.3902,     42.4457,    245.8581,     61.8732,      3.4953,      0.1856,      0.1528,     11.6451,      0.1856,      5.5221,     11.0442,      1.6405,     28.4075,     56.8151,      0.0190,      0.0006,      0.2500,      0.2010,   7624.7231,-434435.4375,   -951.1202,    544.0842,  25415.7422,
       1,     167,     190,      13,       1,       3,       1,     10.0000,      1.3902,     42.4457,    245.8581,     61.8732,      3.4953,      0.1857,      0.1522,     14.3649,      0.2072,      5.5221,     11.0442,      1.8307,     28.4075,     56.8151,      0.0190,      0.0007,      0.2500,      0.2010,   7624.7231,-433100.2188,   -951.3050,    544.1750,  25415.7402,
       1,     167,     190,      14,       1,       3,       1,     10.0000,      1.3902,     42.4457,    245.8581,     61.8732,      3.4953,      0.1859,      0.1526,     16.3288,      0.2001,      5.5221,     11.0442,      1.7686,     28.4075,     56.8151,      0.0190,      0.0008,      0.2500,      0.2010,   7624.7222,-436421.1562,   -952.4592,    543.9493,  25415.7383,
       1,     167,     190,      15,       1,       3,       1,     10.0000,      1.3902,     42.4457,    245.8581,     61.8732,      3.4953,      0.1875,      0.1542,     37.1129,      0.2007,      5.5221,     11.0442,      1.7738,     28.4075,     56.8151,      0.0190,      0.0018,      0.2500,      0.2010,   7624.7217,-439187.4062,   -953.4334,    543.7612,  25415.7344,
       1,     167,     190,      16,       1,       3,       1,     10.0000,      1.3902,     42.4457,    245.8581,     61.8732,      3.4953,      0.1896,      0.1566,     63.0167,      0.1901,      5.5221,     11.0442,      1.6799,     28.4075,     56.8151,      0.0190,      0.0031,      0.2500,      0.2010,   7624.7207,-465679.7188,   -959.2606,    541.9605,  25415.7344,
       1,     167,     190,      17,       1,       3,       1,     10.0000,      1.3902,     42.4457,    245.8581,     61.8732,      3.4953,      0.1801,      0.1475,     65.9860,      0.1768,      5.5221,     11.0442,      1.5625,     28.4075,     56.8151,      0.0190,      0.0035,      0.2355,      0.2010,   7624.7207,-500698.1562,   -966.9536,    539.5912,  25415.7285,
       1,     167,     190,      18,       1,       3,       1,     10.0000,      1.3902,     42.4457,    245.8581,     61.8732,      3.4953,      0.1618,      0.1295,     73.1137,      0.1696,      5.5221,     11.0442,      1.4985,     28.4075,     56.8151,      0.0190,      0.0044,      0.2078,      0.2010,   7624.7188,-507469.2812,   -968.9099,    539.1396,  25415.7207,
       1,     167,     190,      19,       1,       3,       1,     10.0000,      1.3902,     42.4457,    245.8581,     61.8732,      3.4953,      0.1243,      0.0921,     48.4313,      0.1636,      5.5221,     11.0442,      1.4455,     28.4075,     56.8151,      0.0190,      0.0039,      0.1555,      0.2010,   7624.7163,-517057.3438,   -971.4587,    538.4937,  25415.7227,
       1,     167,     190,      20,       1,       3,       1,     10.0000,      1.3902,     42.4457,    245.8581,     61.8732,      3.4953,      0.0211,     -0.0108,      2.8393,      0.1568,      5.5221,     11.0442,      1.3860,     28.4075,     56.8151,      0.0190,      0.0036,      0.0097,      0.2009,   7624.7173,-486664.2500,   -965.6487,    540.5399,  25415.7227,
       1,     167,     190,      21,       1,       3,       1,     10.0000,      1.3902,     42.4457,    245.8581,     61.8732,      3.4953,      0.0002,     -0.0315,      3.7901,      0.1510,      5.5221,     11.0442,      1.3341,     28.4075,     56.8151,      0.0190,      0.0030,      0.0156,      0.2010,   7624.7173,-426440.1250,   -953.3894,    544.6129,  25415.7227,
       1,     167,     190,      22,       1,       3,       1,     10.0000,      1.3902,     42.4457,    245.8581,     61.8732,      3.4953,      0.0000,     -0.0317,      3.0015,      0.1496,      5.5221,     11.0442,      1.3220,     28.4075,     56.8151,      0.0190,      0.0024,      0.0156,      0.2010,   7624.7173,-422513.7500,   -952.6174,    544.8956,  25415.7227,
       1,     167,     190,      23,       1,       3,       1,     10.0000,      1.3902,     42.4457,    245.8581,     61.8732,      3.4953,      0.0000,     -0.0317,      2.7208,      0.1511,      5.5221,     11.0442,      1.3354,     28.4075,     56.8151,      0.0190,      0.0022,      0.0156,      0.2010,   7624.7173,-421160.9688,   -952.3622,    544.9879,  25415.7227,
       1,     167,     190,      24,       1,       3,       1,     10.0000,      1.3902,     42.4457,    245.8581,     61.8732,      3.4953,      0.0000,     -0.0318,      2.3549,      0.1517,      5.5221,     11.0442,      1.3408,     28.4075,     56.8151,      0.0190,      0.0019,      0.0156,      0.2010,   7624.7173,-420690.0312,   -952.2846,    545.0200,  25415.7246,
       1,     167,     191,       1,       1,       3,       1,     10.0000,      1.3902,     42.4460,    245.8639,     61.8746,      3.4953,      0.0000,     -0.0317,      1.8450,      0.1495,      5.5218,     11.0437,      1.3207,     28.4153,     56.8306,      0.0190,      0.0015,      0.0156,      0.2011,   7624.7178,-420343.5625,   -952.5303,    545.0565,  25416.8672,
       1,     167,     191,       2,       1,       3,       1,     10.0000,      1.3902,     42.4460,    245.8639,     61.8746,      3.4953,      0.0000,     -0.0315,      1.4770,      0.1457,      5.5218,     11.0437,      1.2879,     28.4153,     56.8306,      0.0190,      0.0012,      0.0156,      0.2011,   7625.0605,-419516.5938,   -947.0458,    545.1128,  25416.8691,
       1,     167,     191,       3,       1,       3,       1,     10.0000,      1.3902,     42.4460,    245.8639,     61.8746,      3.4953,      0.0000,     -0.0313,      1.2805,      0.1401,      5.5218,     11.0437,      1.2382,     28.4153,     56.8306,      0.0190,      0.0010,      0.0156,      0.2011,   7625.0610,-418980.6562,   -914.3554,    545.1493,  25416.9316,
       1,     167,     191,       4,       1,       3,       1,     10.0000,      1.3902,     42.4460,    245.8639,     61.8746,      3.4953,      0.0000,     -0.0311,      0.9405,      0.1337,      5.5218,     11.0437,      1.1819,     28.4153,     56.8306,      0.0190,      0.0007,      0.0156,      0.2011,   7625.0796,-418679.0625,   -913.9146,    545.1699,  25416.9336,
       1,     167,     191,       5,       1,       3,       1,     10.0000,      1.3902,     42.4460,    245.8639,     61.8746,      3.4953,      0.0000,     -0.0309,      0.8078,      0.1295,      5.5218,     11.0437,      1.1441,     28.4153,     56.8306,      0.0190,      0.0006,      0.0156,      0.2011,   7625.0806,-418223.4688,   -913.9333,    545.2009,  25416.9336,
       1,     167,     191,       6,       1,       3,       1,     10.0000,      1.3902,     42.4460,    245.8639,     61.8746,      3.4953,      0.0000,     -0.0310,      0.8155,      0.1305,      5.5218,     11.0437,      1.1534,     28.4153,     56.8306,      0.0190,      0.0006,      0.0156,      0.2011,   7625.0806,-418016.7500,   -913.9682,    545.2150,  25416.9336,
       1,     167,     191,       7,       1,       3,       1,     10.0000,      1.3902,     42.4460,    245.8639,     61.8746,      3.4953,      0.0000,     -0.0310,      0.4638,      0.1304,      5.5218,     11.0437,      1.1523,     28.4153,     56.8306,      0.0190,      0.0004,      0.0156,      0.2011,   7625.0806,-418008.6875,   -914.0380,    545.2155,  25416.9336,
       1,     167,     191,       8,       1,       3,       1,     10.0000,      1.3902,     42.4460,    245.8639,     61.8746,      3.4953,      0.0052,     -0.0259,      0.3861,      0.1346,      5.5218,     11.0437,      1.1891,     28.4153,     56.8306,      0.0190,      0.0003,      0.0156,      0.2011,   7625.0806,-417563.9062,   -913.9781,    545.2458,  25416.9336,
       1,     167,     191,       9,       1,       3,       1,     10.0000,      1.3902,     42.4460,    245.8639,     61.8746,      3.4953,      0.1141,      0.0826,      3.9156,      0.1436,      5.5218,     11.0437,      1.2686,     28.4153,     56.8306,      0.0190,      0.0003,      0.1459,      0.2011,   7625.0806,-417427.6562,   -913.9850,    545.2552,  25416.9336,
       1,     167,     191,      10,       1,       3,       1,     10.0000,      1.3902,     42.4460,    245.8639,     61.8746,      3.4953,      0.1409,      0.1088,      6.4060,      0.1608,      5.5218,     11.0437,      1.4212,     28.4153,     56.8306,      0.0190,      0.0004,      0.1848,      0.2011,   7625.0806,-421872.2188,   -915.2772,    544.9523,  25416.9336,
       1,     167,     191,      11,       1,       3,       1,     10.0000,      1.3902,     42.4460,    245.8639,     61.8746,      3.4953,      0.1488,      0.1155,      8.5036,      0.1982,      5.5218,     11.0437,      1.7512,     28.4153,     56.8306,      0.0190,      0.0005,      0.1961,      0.2011,   7625.0806,-425399.4688,   -916.7513,    544.7120,  25416.9336,
       1,     167,     191,      12,       1,       3,       1,     10.0000,      1.3902,     42.4460,    245.8639,     61.8746,      3.4953,      0.1853,      0.1515,      9.9207,      0.2157,      5.5218,     11.0437,      1.9060,     28.4153,     56.8306,      0.0190,      0.0005,      0.2500,      0.2011,   7625.0806,-428351.8438,   -918.1138,    544.5110,  25416.9336,
       1,     167,     191,      13,       1,       3,       1,     10.0000,      1.3902,     42.4460,    245.8639,     61.8746,      3.4953,      0.1852,      0.1515,      9.1125,      0.2153,      5.5218,     11.0437,      1.9023,     28.4153,     56.8306,      0.0190,      0.0005,      0.2500,      0.2011,   7625.0806,-430395.3438,   -920.3280,    544.3720,  25416.9336,
       1,     167,     191,      14,       1,       3,       1,     10.0000,      1.3902,     42.4460,    245.8639,     61.8746,      3.4953,      0.1853,      0.1515,     10.1768,      0.2187,      5.5218,     11.0437,      1.9324,     28.4153,     56.8306,      0.0190,      0.0005,      0.2500,      0.2011,   7625.0806,-429550.4688,   -922.1542,    544.4295,  25416.9336,
       1,     167,     191,      15,       1,       3,       1,     10.0000,      1.3902,     42.4460,    245.8639,     61.8746,      3.4953,      0.1862,      0.1526,     20.1277,      0.2068,      5.5218,     11.0437,      1.8271,     28.4153,     56.8306,      0.0190,      0.0010,      0.2500,      0.2011,   7625.0806,-430821.7500,   -923.4813,    544.3430,  25416.9316,
       1,     167,     191,      16,       1,       3,       1,     10.0000,      1.3902,     42.4460,    245.8639,     61.8746,      3.4953,      0.1883,      0.1549,     74.5023,      0.2039,      5.5218,     11.0437,      1.8021,     28.4153,     56.8306,      0.0190,      0.0037,      0.2469,      0.2011,   7625.0796,-443497.8750,   -926.9327,    543.4805,  25416.9316,
       1,     167,     191,      17,       1,       3,       1,     10.0000,      1.3902,     42.4460,    245.8639,     61.8746,      3.4953,      0.1810,      0.1484,     86.1042,      0.1747,      5.5218,     11.0437,      1.5440,     28.4153,     56.8306,      0.0190,      0.0046,      0.2344,      0.2010,   7625.0796,-513270.0312,   -941.1703,    538.7412,  25416.9297,
       1,     167,     191,      18,       1,       3,       1,     10.0000,      1.3902,     42.4460,    245.8639,     61.8746,      3.4953,      0.1599,      0.1286,     62.2917,      0.1397,      5.5218,     11.0437,      1.2344,     28.4153,     56.8306,      0.0190,      0.0037,      0.2061,      0.2010,   7625.0791,-533990.5625,   -932.8160,    537.3665,  25416.7617,
       1,     167,     191,      19,       1,       3,       1,     10.0000,      1.3902,     42.4460,    245.8639,     61.8746,      3.4953,      0.1327,      0.1014,     56.3382,      0.1393,      5.5218,     11.0437,      1.2307,     28.4153,     56.8306,      0.0190,      0.0042,      0.1670,      0.2009,   7625.0288,-505645.2812,   -927.3198,    539.2722,  25416.8047,
       1,     167,     191,      20,       1,       3,       1,     10.0000,      1.3902,     42.4460,    245.8639,     61.8746,      3.4953,      0.0338,      0.0023,      7.5201,      0.1424,      5.5218,     11.0437,      1.2584,     28.4153,     56.8306,      0.0190,      0.0033,      0.0282,      0.2010,   7625.0415,-495694.2812,   -925.4034,    539.9464,  25416.8184,
       1,     167,     191,      21,       1,       3,       1,     10.0000,      1.3902,     42.4460,    245.8639,     61.8746,      3.4953,      0.0002,     -0.0312,      3.9768,      0.1408,      5.5218,     11.0437,      1.2445,     28.4153,     56.8306,      0.0190,      0.0032,      0.0156,      0.2010,   7625.0459,-433125.9375,   -913.5289,    544.1697,  25416.9336,
       1,     167,     191,      22,       1,       3,       1,     10.0000,      1.3902,     42.4460,    245.8639,     61.8746,      3.4953,      0.0000,     -0.0315,      2.4794,      0.1433,      5.5218,     11.0437,      1.2660,     28.4153,     56.8306,      0.0190,      0.0020,      0.0156,      0.2011,   7625.0806,-423320.1250,   -911.6066,    544.8533,  25416.9336,
       1,     167,     191,      23,       1,       3,       1,     10.0000,      1.3902,     42.4460,    245.8639,     61.8746,      3.4953,      0.0000,     -0.0314,      0.6149,      0.1410,      5.5218,     11.0437,      1.2457,     28.4153,     56.8306,      0.0190,      0.0005,      0.0156,      0.2011,   7625.0806,-420566.3750,   -911.4070,    545.0413,  25416.9336,
       1,     167,     191,      24,       1,       3,       1,     10.0000,      1.3902,     42.4460,    245.8639,     61.8746,      3.4953,      0.0000,     -0.0315,      0.4892,      0.1439,      5.5218,     11.0437,      1.2711,     28.4153,     56.8306,      0.0190,      0.0004,      0.0156,      0.2011,   7625.0806,-417974.8125,   -910.9861,    545.2178,  25416.9336,
       1,     167,     192,       1,       1,       3,       1,     10.0000,      1.3902,     42.4464,    245.8698,     61.8761,      3.4953,      0.0000,     -0.0316,      0.4312,      0.1477,      5.5222,     11.0444,      1.3049,     28.4218,     56.8436,      0.0190,      0.0003,      0.0156,      0.2011,   7625.0806,-417749.8438,   -911.2253,    545.2460,  25418.0840,
       1,     167,     192,       2,       1,       3,       1,     10.0000,      1.3902,     42.4464,    245.8698,     61.8761,      3.4953,      0.0000,     -0.0317,      0.4697,      0.1490,      5.5222,     11.0444,      1.3168,     28.4218,     56.8436,      0.0190,      0.0004,      0.0156,      0.2011,   7625.4253,-417503.2500,   -910.9367,    545.2629,  25418.0840,
       1,     167,     192,       3,       1,       3,       1,     10.0000,      1.3902,     42.4464,    245.8698,     61.8761,      3.4953,      0.0000,     -0.0316,      0.5036,      0.1481,      5.5222,     11.0444,      1.3089,     28.4218,     56.8436,      0.0190,      0.0004,      0.0156,      0.2011,   7625.4253,-417530.3750,   -910.9577,    545.2610,  25418.0820,
       1,     167,     192,       4,       1,       3,       1,     10.0000,      1.3902,     42.4464,    245.8698,     61.8761,      3.4953,      0.0000,     -0.0317,      0.5451,      0.1487,      5.5222,     11.0444,      1.3141,     28.4218,     56.8436,      0.0190,      0.0004,      0.0156,      0.2011,   7625.4248,-417575.7188,   -910.9852,    545.2579,  25418.0820,
       1,     167,     192,       5,       1,       3,       1,     10.0000,      1.3902,     42.4464,    245.8698,     61.8761,      3.4953,      0.0000,     -0.0316,      0.6817,      0.1480,      5.5222,     11.0444,      1.3075,     28.4218,     56.8436,      0.0190,      0.0005,      0.0156,      0.2011,   7625.4248,-417632.1875,   -911.0234,    545.2541,  25418.0820,
       1,     167,     192,       6,       1,       3,       1,     10.0000,      1.3902,     42.4464,    245.8698,     61.8761,      3.4953,      0.0000,     -0.0316,      0.6738,      0.1480,      5.5222,     11.0444,      1.3075,     28.4218,     56.8436,      0.0190,      0.0005,      0.0156,      0.2011,   7625.4248,-417809.4062,   -911.1027,    545.2420,  25418.0820,
       1,     167,     192,       7,       1,       3,       1,     10.0000,      1.3902,     42.4464,    245.8698,     61.8761,      3.4953,      0.0000,     -0.0316,      0.6490,      0.1477,      5.5222,     11.0444,      1.3049,     28.4218,     56.8436,      0.0190,      0.0005,      0.0156,      0.2011,   7625.4248,-417814.6562,   -911.1530,    545.2416,  25418.0820,
       1,     167,     192,       8,       1,       3,       1,     10.0000,      1.3902,     42.4464,    245.8698,     61.8761,      3.4953,      0.0072,     -0.0246,      0.4886,      0.1516,      5.5222,     11.0444,      1.3395,     28.4218,     56.8436,      0.0190,      0.0004,      0.0156,      0.2011,   7625.4248,-417783.8750,   -911.1921,    545.2437,  25418.0840,
       1,     167,     192,       9,       1,       3,       1,     10.0000,      1.3902,     42.4464,    245.8698,     61.8761,      3.4953,      0.1290,      0.0971,      4.8723,      0.1533,      5.5222,     11.0444,      1.3544,     28.4218,     56.8436,      0.0190,      0.0004,      0.1675,      0.2011,   7625.4253,-417578.5000,   -911.1895,    545.2577,  25418.0820,
       1,     167,     192,      10,       1,       3,       1,     10.0000,      1.3902,     42.4464,    245.8698,     61.8761,      3.4953,      0.1687,      0.1365,      8.0513,      0.1641,      5.5222,     11.0444,      1.4499,     28.4218,     56.8436,      0.0190,      0.0004,      0.2253,      0.2011,   7625.4248,-423095.2812,   -912.5090,    544.8817,  25418.0820,
       1,     167,     192,      11,       1,       3,       1,     10.0000,      1.3902,     42.4464,    245.8698,     61.8761,      3.4953,      0.1857,      0.1534,     11.5284,      0.1684,      5.5222,     11.0444,      1.4881,     28.4218,     56.8436,      0.0190,      0.0006,      0.2500,      0.2011,   7625.4248,-427584.0625,   -914.0324,    544.5761,  25418.0820,
       1,     167,     192,      12,       1,       3,       1,     10.0000,      1.3902,     42.4464,    245.8698,     61.8761,      3.4953,      0.1857,      0.1533,     11.5994,      0.1725,      5.5222,     11.0444,      1.5242,     28.4218,     56.8436,      0.0190,      0.0006,      0.2500,      0.2011,   7625.4248,-432360.6250,   -915.9024,    544.2510,  25418.0820,
       1,     167,     192,      13,       1,       3,       1,     10.0000,      1.3902,     42.4464,    245.8698,     61.8761,      3.4953,      0.1657,      0.1326,     12.2878,      0.1941,      5.5222,     11.0444,      1.7153,     28.4218,     56.8436,      0.0190,      0.0007,      0.2206,      0.2011,   7625.4248,-432861.0938,   -917.0847,    544.2171,  25418.0820,
       1,     167,     192,      14,       1,       3,       1,     10.0000,      1.3902,     42.4464,    245.8698,     61.8761,      3.4953,      0.0253,     -0.0084,      1.1538,      0.2140,      5.5222,     11.0444,      1.8911,     28.4218,     56.8436,      0.0190,      0.0010,      0.0139,      0.2011,   7625.4248,-433773.2500,   -917.8625,    544.1550,  25418.0820,
       1,     167,     192,      15,       1,       3,       1,     10.0000,      1.3902,     42.4464,    245.8698,     61.8761,      3.4953,      0.0080,     -0.0257,      1.8096,      0.2113,      5.5222,     11.0444,      1.8671,     28.4218,     56.8436,      0.0190,      0.0014,      0.0156,      0.2011,   7625.4248,-419792.0938,   -915.4830,    545.1060,  25418.0840,
       1,     167,     192,      16,       1,       3,       1,     10.0000,      1.3902,     42.4464,    245.8698,     61.8761,      3.4953,      0.0118,     -0.0216,      2.4519,      0.2045,      5.5222,     11.0444,      1.8075,     28.4218,     56.8436,      0.0190,      0.0019,      0.0156,      0.2011,   7625.4253,-419420.0938,   -915.5729,    545.1323,  25418.0840,
       1,     167,     192,      17,       1,       3,       1,     10.0000,      1.3902,     42.4464,    245.8698,     61.8761,      3.4953,      0.0317,     -0.0012,      4.1318,      0.1851,      5.5222,     11.0444,      1.6357,     28.4218,     56.8436,      0.0190,      0.0021,      0.0239,      0.2011,   7625.4253,-420197.8125,   -915.9470,    545.0792,  25418.0840,
       1,     167,     192,      18,       1,       3,       1,     10.0000,      1.3902,     42.4464,    245.8698,     61.8761,      3.4953,      0.0602,      0.0279,     15.7541,      0.1687,      5.5222,     11.0444,      1.4911,     28.4218,     56.8436,      0.0190,      0.0030,      0.0651,      0.2011,   7625.4253,-422385.8125,   -916.6379,    544.9302,  25418.0820,
       1,     167,     192,      19,       1,       3,       1,     10.0000,      1.3902,     42.4464,    245.8698,     61.8761,      3.4953,      0.0408,      0.0090,     11.3724,      0.1522,      5.5222,     11.0444,      1.3449,     28.4218,     56.8436,      0.0190,      0.0037,      0.0376,      0.2011,   7625.4248,-437247.9688,   -914.2761,    543.9178,  25418.0820,
       1,     167,     192,      20,       1,       3,       1,     10.0000,      1.3902,     42.4464,    245.8698,     61.8761,      3.4953,      0.0099,     -0.0213,      4.4159,      0.1350,      5.5222,     11.0444,      1.1927,     28.4218,     56.8436,      0.0190,      0.0035,      0.0156,      0.2011,   7625.4248,-432995.3750,   -913.6008,    544.2079,  25418.0820,
       1,     167,     192,      21,       1,       3,       1,     10.0000,      1.3902,     42.4464,    245.8698,     61.8761,      3.4953,      0.0000,     -0.0311,      4.1235,      0.1339,      5.5222,     11.0444,      1.1831,     28.4218,     56.8436,      0.0190,      0.0033,      0.0156,      0.2011,   7625.4248,-423844.6250,   -911.8660,    544.8304,  25418.0820,
       1,     167,     192,      22,       1,       3,       1,     10.0000,      1.3902,     42.4464,    245.8698,     61.8761,      3.4953,      0.0000,     -0.0311,      3.2490,      0.1340,      5.5222,     11.0444,      1.1843,     28.4218,     56.8436,      0.0190,      0.0026,      0.0156,      0.2011,   7625.4248,-422689.6875,   -912.1801,    544.9095,  25418.0801,
       1,     167,     192,      23,       1,       3,       1,     10.0000,      1.3902,     42.4464,    245.8698,     61.8761,      3.4953,      0.0000,     -0.0311,      1.9371,      0.1327,      5.5222,     11.0444,      1.1723,     28.4218,     56.8436,      0.0190,      0.0015,      0.0156,      0.2011,   7625.4243,-421486.0625,   -912.3452,    544.9915,  25418.0840,
       1,     167,     192,      24,       1,       3,       1,     10.0000,      1.3902,     42.4464,    245.8698,     61.8761,      3.4953,      0.0000,     -0.0310,      0.6212,      0.1313,      5.5222,     11.0444,      1.1605,     28.4218,     56.8436,      0.0190,      0.0005,      0.0156,      0.2011,   7625.4253,-419725.7500,   -912.2469,    545.1114,  25418.0820,
       1,     167,     193,       1,       1,       3,       1,     10.0000,      1.3902,     42.4467,    245.8756,     61.8775,      3.4953,      0.0000,     -0.0312,      0.4003,      0.1359,      5.5238,     11.0476,      1.2012,     28.4080,     56.8160,      0.0190,      0.0003,      0.0156,      0.2011,   7625.4248,-418070.1562,   -912.2496,    545.2374,  25419.2305,
       1,     167,     193,       2,       1,       3,       1,     10.0000,      1.3902,     42.4467,    245.8756,     61.8775,      3.4953,      0.0000,     -0.0312,      0.3394,      0.1365,      5.5238,     11.0476,      1.2061,     28.4080,     56.8160,      0.0190,      0.0003,      0.0156,      0.2011,   7625.7695,-417494.5625,   -911.9026,    545.2766,  25419.2285,
       1,     167,     193,       3,       1,       3,       1,     10.0000,      1.3902,     42.4467,    245.8756,     61.8775,      3.4953,      0.0000,     -0.0313,      0.3359,      0.1389,      5.5238,     11.0476,      1.2270,     28.4080,     56.8160,      0.0190,      0.0003,      0.0156,      0.2011,   7625.7690,-417368.3438,   -911.8831,    545.2852,  25419.2285,
       1,     167,     193,       4,       1,       3,       1,     10.0000,      1.3902,     42.4467,    245.8756,     61.8775,      3.4953,      0.0000,     -0.0313,      0.3382,      0.1397,      5.5238,     11.0476,      1.2345,     28.4080,     56.8160,      0.0190,      0.0003,      0.0156,      0.2011,   7625.7690,-417353.0938,   -910.0840,    545.2863,  25419.2266,
       1,     167,     193,       5,       1,       3,       1,     10.0000,      1.3902,     42.4467,    245.8756,     61.8775,      3.4953,      0.0000,     -0.0314,      0.3414,      0.1408,      5.5238,     11.0476,      1.2445,     28.4080,     56.8160,      0.0190,      0.0003,      0.0156,      0.2011,   7625.7681,-417355.0938,   -910.0869,    545.2861,  25419.2285,
       1,     167,     193,       6,       1,       3,       1,     10.0000,      1.3902,     42.4467,    245.8756,     61.8775,      3.4953,      0.0000,     -0.0314,      0.3410,      0.1407,      5.5238,     11.0476,      1.2433,     28.4080,     56.8160,      0.0190,      0.0003,      0.0156,      0.2011,   7625.7690,-417358.8438,   -910.0851,    545.2859,  25419.2285,
       1,     167,     193,       7,       1,       3,       1,     10.0000,      1.3902,     42.4467,    245.8756,     61.8775,      3.4953,      0.0000,     -0.0311,      0.3218,      0.1338,      5.5238,     11.0476,      1.1819,     28.4080,     56.8160,      0.0190,      0.0003,      0.0156,      0.2011,   7625.7690,-417358.6875,   -910.0851,    545.2859,  25419.2285,
       1,     167,     193,       8,       1,       3,       1,     10.0000,      1.3902,     42.4467,    245.8756,     61.8775,      3.4953,      0.0182,     -0.0129,      0.1442,      0.1335,      5.5238,     11.0476,      1.1795,     28.4080,     56.8160,      0.0190,      0.0003,      0.0068,      0.2011,   7625.7690,-417334.5000,   -910.0825,    545.2876,  25419.2266,
       1,     167,     193,       9,       1,       3,       1,     10.0000,      1.3902,     42.4467,    245.8756,     61.8775,      3.4953,      0.1127,      0.0817,      3.0630,      0.1311,      5.5238,     11.0476,      1.1582,     28.4080,     56.8160,      0.0190,      0.0003,      0.1441,      0.2011,   7625.7681,-417108.4062,   -910.0885,    545.3029,  25419.2266,
       1,     167,     193,      10,       1,       3,       1,     10.0000,      1.3902,     42.4467,    245.8756,     61.8775,      3.4953,      0.1581,      0.1271,      5.0910,      0.1311,      5.5238,     11.0476,      1.1582,     28.4080,     56.8160,      0.0190,      0.0003,      0.2101,      0.2011,   7625.7681,-420773.4688,   -911.0344,    545.0530,  25419.2285,
       1,     167,     193,      11,       1,       3,       1,     10.0000,      1.3902,     42.4467,    245.8756,     61.8775,      3.4953,      0.1855,      0.1538,      6.0693,      0.1486,      5.5238,     11.0476,      1.3128,     28.4080,     56.8160,      0.0190,      0.0003,      0.2500,      0.2011,   7625.7690,-423648.7812,   -912.1237,    544.8572,  25419.2285,
       1,     167,     193,      12,       1,       3,       1,     10.0000,      1.3902,     42.4467,    245.8756,     61.8775,      3.4953,      0.1854,      0.1531,      7.8547,      0.1694,      5.5238,     11.0476,      1.4971,     28.4080,     56.8160,      0.0190,      0.0004,      0.2500,      0.2011,   7625.7690,-425131.1250,   -913.3437,    544.7563,  25419.2285,
       1,     167,     193,      13,       1,       3,       1,     10.0000,      1.3902,     42.4467,    245.8756,     61.8775,      3.4953,      0.1855,      0.1528,      9.9710,      0.1806,      5.5238,     11.0476,      1.5956,     28.4080,     56.8160,      0.0190,      0.0005,      0.2500,      0.2011,   7625.7690,-427512.6250,   -914.8604,    544.5942,  25419.2285,
       1,     167,     193,      14,       1,       3,       1,     10.0000,      1.3902,     42.4467,    245.8756,     61.8775,      3.4953,      0.1856,      0.1535,      9.2700,      0.1613,      5.5238,     11.0476,      1.4255,     28.4080,     56.8160,      0.0190,      0.0005,      0.2500,      0.2011,   7625.7690,-430389.2188,   -917.0872,    544.3984,  25419.2285,
       1,     167,     193,      15,       1,       3,       1,     10.0000,      1.3902,     42.4467,    245.8756,     61.8775,      3.4953,      0.1857,      0.1539,      9.6868,      0.1527,      5.5238,     11.0476,      1.3490,     28.4080,     56.8160,      0.0190,      0.0005,      0.2500,      0.2011,   7625.7690,-429751.6875,   -918.4689,    544.4418,  25419.2305,
       1,     167,     193,      16,       1,       3,       1,     10.0000,      1.3902,     42.4467,    245.8756,     61.8775,      3.4953,      0.1707,      0.1390,     19.8547,      0.1501,      5.5238,     11.0476,      1.3261,     28.4080,     56.8160,      0.0190,      0.0011,      0.2268,      0.2011,   7625.7695,-430222.8438,   -919.4144,    544.4097,  25419.2285,
       1,     167,     193,      17,       1,       3,       1,     10.0000,      1.3902,     42.4467,    245.8756,     61.8775,      3.4953,      0.1282,      0.0962,     22.6796,      0.1581,      5.5238,     11.0476,      1.3972,     28.4080,     56.8160,      0.0190,      0.0017,      0.1643,      0.2011,   7625.7690,-443101.0312,   -922.3421,    543.5334,  25419.2285,
       1,     167,     193,      18,       1,       3,       1,     10.0000,      1.3902,     42.4467,    245.8756,     61.8775,      3.4953,      0.1591,      0.1274,     38.1296,      0.1492,      5.5238,     11.0476,      1.3181,     28.4080,     56.8160,      0.0190,      0.0023,      0.2077,      0.2011,   7625.7690,-447777.0312,   -923.6606,    543.2164,  25419.2285,
       1,     167,     193,      19,       1,       3,       1,     10.0000,      1.3902,     42.4467,    245.8756,     61.8775,      3.4953,      0.0343,      0.0025,      4.7017,      0.1528,      5.5238,     11.0476,      1.3504,     28.4080,     56.8160,      0.0190,      0.0020,      0.0289,      0.2011,   7625.7690,-467689.5312,   -927.9727,    541.8643,  25419.2285,
       1,     167,     193,      20,       1,       3,       1,     10.0000,      1.3902,     42.4467,    245.8756,     61.8775,      3.4953,      0.0128,     -0.0187,      2.3391,      0.1446,      5.5238,     11.0476,      1.2776,     28.4080,     56.8160,      0.0190,      0.0019,      0.0156,      0.2011,   7625.7690,-427176.2188,   -920.7931,    544.6102,  25419.2285,
       1,     167,     193,      21,       1,       3,       1,     10.0000,      1.3902,     42.4467,    245.8756,     61.8775,      3.4953,      0.0000,     -0.0313,      2.2061,      0.1398,      5.5238,     11.0476,      1.2357,     28.4080,     56.8160,      0.0190,      0.0018,      0.0156,      0.2011,   7625.7690,-420733.8438,   -919.7581,    545.0557,  25419.2285,
       1,     167,     193,      22,       1,       3,       1,     10.0000,      1.3902,     42.4467,    245.8756,     61.8775,      3.4953,      0.0000,     -0.0313,      2.4713,      0.1393,      5.5238,     11.0476,      1.2308,     28.4080,     56.8160,      0.0190,      0.0020,      0.0156,      0.2011,   7625.7690,-420003.6562,   -919.7330,    545.1056,  25419.2266,
       1,     167,     193,      23,       1,       3,       1,     10.0000,      1.3902,     42.4467,    245.8756,     61.8775,      3.4953,      0.0000,     -0.0310,      1.8431,      0.1313,      5.5238,     11.0476,      1.1605,     28.4080,     56.8160,      0.0190,      0.0015,      0.0156,      0.2011,   7625.7681,-420275.8125,   -919.9103,    545.0870,  25419.2285,
       1,     167,     193,      24,       1,       3,       1,     10.0000,      1.3902,     42.4467,    245.8756,     61.8775,      3.4953,      0.0000,     -0.0308,      1.9746,      0.1264,      5.5238,     11.0476,      1.1166,     28.4080,     56.8160,      0.0190,      0.0016,      0.0156,      0.2011,   7625.7690,-419505.7812,   -919.8602,    545.1395,  25419.2285,
       1,     167,     194,       1,       1,       3,       1,     10.0000,      1.3902,     42.4470,    245.8814,     61.8790,      3.4953,      0.0000,     -0.0308,      1.3668,      0.1248,      5.5223,     11.0446,      1.1030,     28.4115,     56.8231,      0.0190,      0.0011,      0.0156,      0.2011,   7625.7690,-419761.8438,   -920.2774,    545.1349,  25420.3750,
       1,     167,     194,       2,       1,       3,       1,     10.0000,      1.3902,     42.4470,    245.8814,     61.8790,      3.4953,      0.0000,     -0.0307,      1.0404,      0.1243,      5.5223,     11.0446,      1.0985,     28.4115,     56.8231,      0.0190,      0.0008,      0.0156,      0.2011,   7626.1128,-418863.1250,   -919.9060,    545.1962,  25420.3730,
       1,     167,     194,       3,       1,       3,       1,     10.0000,      1.3902,     42.4470,    245.8814,     61.8790,      3.4953,      0.0000,     -0.0309,      1.1864,      0.1277,      5.5223,     11.0446,      1.1280,     28.4115,     56.8231,      0.0190,      0.0009,      0.0156,      0.2011,   7626.1123,-418373.9375,   -919.8484,    545.2295,  25420.3750,
       1,     167,     194,       4,       1,       3,       1,     10.0000,      1.3902,     42.4470,    245.8814,     61.8790,      3.4953,      0.0000,     -0.0309,      0.8717,      0.1296,      5.5223,     11.0446,      1.1453,     28.4115,     56.8231,      0.0190,      0.0007,      0.0156,      0.2011,   7626.1128,-418516.0312,   -919.9198,    545.2198,  25420.3750,
       1,     167,     194,       5,       1,       3,       1,     10.0000,      1.3902,     42.4470,    245.8814,     61.8790,      3.4953,      0.0000,     -0.0309,      0.6312,      0.1279,      5.5223,     11.0446,      1.1303,     28.4115,     56.8231,      0.0190,      0.0005,      0.0156,      0.2011,   7626.1128,-418131.0625,   -919.8793,    545.2461,  25420.3750,
       1,     167,     194,       6,       1,       3,       1,     10.0000,      1.3902,     42.4470,    245.8814,     61.8790,      3.4953,      0.0000,     -0.0308,      0.5054,      0.1271,      5.5223,     11.0446,      1.1234,     28.4115,     56.8231,      0.0190,      0.0004,      0.0156,      0.2011,   7626.1128,-417794.3750,   -919.8367,    545.2690,  25420.3750,
       1,     167,     194,       7,       1,       3,       1,     10.0000,      1.3902,     42.4470,    245.8814,     61.8790,      3.4953,      0.0000,     -0.0309,      0.6509,      0.1286,      5.5223,     11.0446,      1.1361,     28.4115,     56.8231,      0.0190,      0.0005,      0.0156,      0.2011,   7626.1128,-417606.6562,   -919.8141,    545.2819,  25420.3750,
       1,     167,     194,       8,       1,       3,       1,     10.0000,      1.3902,     42.4470,    245.8814,     61.8790,      3.4953,      0.0119,     -0.0191,      1.0653,      0.1303,      5.5223,     11.0446,      1.1512,     28.4115,     56.8231,      0.0190,      0.0008,      0.0156,      0.2011,   7626.1128,-417774.1250,   -919.8630,    545.2704,  25420.3750,
       1,     167,     194,       9,       1,       3,       1,     10.0000,      1.3902,     42.4470,    245.8814,     61.8790,      3.4953,      0.1076,      0.0764,      8.3341,      0.1361,      5.5223,     11.0446,      1.2025,     28.4115,     56.8231,      0.0190,      0.0008,      0.1360,      0.2011,   7626.1128,-418311.4688,   -920.0173,    545.2338,  25420.3770,
       1,     167,     194,      10,       1,       3,       1,     10.0000,      1.3902,     42.4470,    245.8814,     61.8790,      3.4953,      0.1335,      0.1019,      7.9185,      0.1474,      5.5223,     11.0446,      1.3023,     28.4115,     56.8231,      0.0190,      0.0006,      0.1738,      0.2011,   7626.1133,-427532.0938,   -921.9052,    544.6054,  25420.3750,
       1,     167,     194,      11,       1,       3,       1,     10.0000,      1.3902,     42.4470,    245.8814,     61.8790,      3.4953,      0.1566,      0.1246,     11.4433,      0.1586,      5.5223,     11.0446,      1.4015,     28.4115,     56.8231,      0.0190,      0.0007,      0.2072,      0.2011,   7626.1128,-427801.7500,   -922.1946,    544.5873,  25420.3730,
       1,     167,     194,      12,       1,       3,       1,     10.0000,      1.3902,     42.4470,    245.8814,     61.8790,      3.4953,      0.1447,      0.1122,      9.9018,      0.1734,      5.5223,     11.0446,      1.5318,     28.4115,     56.8231,      0.0190,      0.0006,      0.1898,      0.2011,   7626.1123,-432274.1562,   -923.3335,    544.2829,  25420.3730,
       1,     167,     194,      13,       1,       3,       1,     10.0000,      1.3902,     42.4470,    245.8814,     61.8790,      3.4953,      0.1793,      0.1467,     10.9762,      0.1791,      5.5223,     11.0446,      1.5830,     28.4115,     56.8231,      0.0190,      0.0006,      0.2407,      0.2011,   7626.1123,-430712.9688,   -923.2964,    544.3893,  25420.3750,
       1,     167,     194,      14,       1,       3,       1,     10.0000,      1.3902,     42.4470,    245.8814,     61.8790,      3.4953,      0.1830,      0.1499,     13.3632,      0.1934,      5.5223,     11.0446,      1.7086,     28.4115,     56.8231,      0.0190,      0.0007,      0.2460,      0.2011,   7626.1128,-431934.7500,   -923.9280,    544.3061,  25420.3750,
       1,     167,     194,      15,       1,       3,       1,     10.0000,      1.3902,     42.4470,    245.8814,     61.8790,      3.4953,      0.1867,      0.1538,     25.0887,      0.1873,      5.5223,     11.0446,      1.6553,     28.4115,     56.8231,      0.0190,      0.0012,      0.2500,      0.2011,   7626.1128,-435053.1562,   -924.8905,    544.0939,  25420.3770,
       1,     167,     194,      16,       1,       3,       1,     10.0000,      1.3902,     42.4470,    245.8814,     61.8790,      3.4953,      0.1877,      0.1550,     37.6814,      0.1811,      5.5223,     11.0446,      1.6004,     28.4115,     56.8231,      0.0190,      0.0019,      0.2500,      0.2011,   7626.1133,-450124.4688,   -928.0963,    543.0689,  25420.3730,
       1,     167,     194,      17,       1,       3,       1,     10.0000,      1.3902,     42.4470,    245.8814,     61.8790,      3.4953,      0.1785,      0.1461,     49.7697,      0.1710,      5.5223,     11.0446,      1.5106,     28.4115,     56.8231,      0.0190,      0.0026,      0.2349,      0.2011,   7626.1123,-467324.0625,   -931.7808,    541.9023,  25420.3750,
       1,     167,     194,      18,       1,       3,       1,     10.0000,      1.3902,     42.4470,    245.8814,     61.8790,      3.4953,      0.1458,      0.1131,     43.1959,      0.1799,      5.5223,     11.0446,      1.5893,     28.4115,     56.8231,      0.0190,      0.0029,      0.1876,      0.2011,   7626.1128,-484071.2188,   -935.4205,    540.7692,  25420.3750,
       1,     167,     194,      19,       1,       3,       1,     10.0000,      1.3902,     42.4470,    245.8814,     61.8790,      3.4953,      0.0627,      0.0301,     19.7731,      0.1756,      5.5223,     11.0446,      1.5518,     28.4115,     56.8231,      0.0190,      0.0036,      0.0681,      0.2011,   7626.1128,-477204.2500,   -934.5373,    541.2346,  25420.3750,
       1,     167,     194,      20,       1,       3,       1,     10.0000,      1.3902,     42.4470,    245.8814,     61.8790,      3.4953,      0.0228,     -0.0092,      3.3094,      0.1586,      5.5223,     11.0446,      1.4015,     28.4115,     56.8231,      0.0190,      0.0034,      0.0119,      0.2011,   7626.1128,-447025.0312,   -929.1199,    543.2765,  25420.3750,
       1,     167,     194,      21,       1,       3,       1,     10.0000,      1.3902,     42.4470,    245.8814,     61.8790,      3.4953,      0.0001,     -0.0317,      3.8693,      0.1517,      5.5223,     11.0446,      1.3409,     28.4115,     56.8231,      0.0190,      0.0031,      0.0156,      0.2011,   7626.1128,-423658.6875,   -924.8412,    544.8672,  25420.3750,
       1,     167,     194,      22,       1,       3,       1,     10.0000,      1.3902,     42.4470,    245.8814,     61.8790,      3.4953,      0.0000,     -0.0315,      3.7787,      0.1456,      5.5223,     11.0446,      1.2867,     28.4115,     56.8231,      0.0190,      0.0030,      0.0156,      0.2011,   7626.1128,-422359.9062,   -924.6638,    544.9579,  25420.3770,
       1,     167,     194,      23,       1,       3,       1,     10.0000,      1.3902,     42.4470,    245.8814,     61.8790,      3.4953,      0.0000,     -0.0315,      3.8210,      0.1449,      5.5223,     11.0446,      1.2802,     28.4115,     56.8231,      0.0190,      0.0030,      0.0156,      0.2011,   7626.1133,-422130.6875,   -924.6832,    544.9736,  25420.3750,
       1,     167,     194,      24,       1,       3,       1,     10.0000,      1.3902,     42.4470,    245.8814,     61.8790,      3.4953,      0.0000,     -0.0315,      3.3670,      0.1449,      5.5223,     11.0446,      1.2802,     28.4115,     56.8231,      0.0190,      0.0027,      0.0156,      0.2011,   7626.1128,-422164.5938,   -924.7512,    544.9713,  25420.3750,
       1,     167,     195,       1,       1,       3,       1,     10.0000,      1.3903,     42.4474,    245.8873,     61.8805,      3.4953,      0.0000,     -0.0315,      2.1383,      0.1434,      5.5230,     11.0460,      1.2674,     28.4145,     56.8291,      0.0190,      0.0017,      0.0156,      0.2012,   7626.1128,-421751.0625,   -924.9968,    545.0124,  25421.5254,
       1,     167,     195,       2,       1,       3,       1,     10.0000,      1.3903,     42.4474,    245.8873,     61.8805,      3.4953,      0.0000,     -0.0316,      1.7472,      0.1472,      5.5230,     11.0460,      1.3011,     28.4145,     56.8291,      0.0190,      0.0014,      0.0156,      0.2012,   7626.4580,-420010.5000,   -924.4289,    545.1309,  25421.5254,
       1,     167,     195,       3,       1,       3,       1,     10.0000,      1.3903,     42.4474,    245.8873,     61.8805,      3.4953,      0.0000,     -0.0315,      1.4048,      0.1455,      5.5230,     11.0460,      1.2854,     28.4145,     56.8291,      0.0190,      0.0011,      0.0156,      0.2012,   7626.4580,-419367.4688,   -924.3312,    545.1747,  25421.5254,
       1,     167,     195,       4,       1,       3,       1,     10.0000,      1.3903,     42.4474,    245.8873,     61.8805,      3.4953,      0.0000,     -0.0316,      1.2523,      0.1472,      5.5230,     11.0460,      1.3011,     28.4145,     56.8291,      0.0190,      0.0010,      0.0156,      0.2012,   7626.4580,-418879.9375,   -924.2563,    545.2080,  25421.5254,
       1,     167,     195,       5,       1,       3,       1,     10.0000,      1.3903,     42.4474,    245.8873,     61.8805,      3.4953,      0.0000,     -0.0316,      1.1300,      0.1474,      5.5230,     11.0460,      1.3024,     28.4145,     56.8291,      0.0190,      0.0009,      0.0156,      0.2012,   7626.4580,-418645.4375,   -924.2264,    545.2239,  25421.5273,
       1,     167,     195,       6,       1,       3,       1,     10.0000,      1.3903,     42.4474,    245.8873,     61.8805,      3.4953,      0.0000,     -0.0317,      0.8159,      0.1492,      5.5230,     11.0460,      1.3182,     28.4145,     56.8291,      0.0190,      0.0006,      0.0156,      0.2012,   7626.4585,-418470.8750,   -924.2059,    545.2358,  25421.5234,
       1,     167,     195,       7,       1,       3,       1,     10.0000,      1.3903,     42.4474,    245.8873,     61.8805,      3.4953,      0.0000,     -0.0317,      0.9226,      0.1489,      5.5230,     11.0460,      1.3156,     28.4145,     56.8291,      0.0190,      0.0007,      0.0156,      0.2012,   7626.4575,-418059.8125,   -924.1379,    545.2639,  25421.5234,
       1,     167,     195,       8,       1,       3,       1,     10.0000,      1.3903,     42.4474,    245.8873,     61.8805,      3.4953,      0.0102,     -0.0215,      0.8768,      0.1481,      5.5230,     11.0460,      1.3090,     28.4145,     56.8291,      0.0190,      0.0007,      0.0156,      0.2012,   7626.4575,-418159.0938,   -924.1661,    545.2571,  25421.5254,
       1,     167,     195,       9,       1,       3,       1,     10.0000,      1.3903,     42.4474,    245.8873,     61.8805,      3.4953,      0.1029,      0.0709,      8.4069,      0.1572,      5.5230,     11.0460,      1.3889,     28.4145,     56.8291,      0.0190,      0.0008,      0.1288,      0.2012,   7626.4580,-418109.6250,   -924.1678,    545.2605,  25421.5254,
       1,     167,     195,      10,       1,       3,       1,     10.0000,      1.3903,     42.4474,    245.8873,     61.8805,      3.4953,      0.1698,      0.1372,     17.5984,      0.1772,      5.5230,     11.0460,      1.5658,     28.4145,     56.8291,      0.0190,      0.0010,      0.2259,      0.2012,   7626.4580,-427608.5625,   -926.0231,    544.6130,  25421.5254,
       1,     167,     195,      11,       1,       3,       1,     10.0000,      1.3903,     42.4474,    245.8873,     61.8805,      3.4953,      0.1864,      0.1534,     21.7284,      0.1892,      5.5230,     11.0460,      1.6719,     28.4145,     56.8291,      0.0190,      0.0011,      0.2500,      0.2012,   7626.4580,-440028.0938,   -928.5153,    543.7679,  25421.5254,
       1,     167,     195,      12,       1,       3,       1,     10.0000,      1.3903,     42.4474,    245.8873,     61.8805,      3.4953,      0.1863,      0.1528,     21.9893,      0.2058,      5.5230,     11.0460,      1.8183,     28.4145,     56.8291,      0.0190,      0.0011,      0.2500,      0.2012,   7626.4580,-446310.7188,   -929.8765,    543.3416,  25421.5273,
       1,     167,     195,      13,       1,       3,       1,     10.0000,      1.3903,     42.4474,    245.8873,     61.8805,      3.4953,      0.1859,      0.1526,     16.1190,      0.1986,      5.5230,     11.0460,      1.7549,     28.4145,     56.8291,      0.0190,      0.0008,      0.2500,      0.2011,   7626.4585,-447179.1875,   -930.2056,    543.2828,  25421.5273,
       1,     167,     195,      14,       1,       3,       1,     10.0000,      1.3903,     42.4474,    245.8873,     61.8805,      3.4953,      0.1854,      0.1524,     18.9260,      0.1917,      5.5230,     11.0460,      1.6935,     28.4145,     56.8291,      0.0190,      0.0009,      0.2489,      0.2011,   7626.4585,-439842.0000,   -928.9178,    543.7811,  25421.5254,
       1,     167,     195,      15,       1,       3,       1,     10.0000,      1.3903,     42.4474,    245.8873,     61.8805,      3.4953,      0.1868,      0.1534,     45.4470,      0.2034,      5.5230,     11.0460,      1.7969,     28.4145,     56.8291,      0.0190,      0.0023,      0.2479,      0.2012,   7626.4580,-442756.2500,   -929.5596,    543.5831,  25421.5254,
       1,     167,     195,      16,       1,       3,       1,     10.0000,      1.3903,     42.4474,    245.8873,     61.8805,      3.4953,      0.1885,      0.1554,     63.0425,      0.1909,      5.5230,     11.0460,      1.6868,     28.4145,     56.8291,      0.0190,      0.0031,      0.2483,      0.2012,   7626.4580,-476488.6562,   -936.1619,    541.2911,  25421.5273,
       1,     167,     195,      17,       1,       3,       1,     10.0000,      1.3903,     42.4474,    245.8873,     61.8805,      3.4953,      0.1599,      0.1272,     72.0713,      0.1797,      5.5230,     11.0460,      1.5878,     28.4145,     56.8291,      0.0190,      0.0044,      0.2051,      0.2011,   7626.4585,-501623.5625,   -941.2231,    539.5953,  25421.5234,
       1,     167,     195,      18,       1,       3,       1,     10.0000,      1.3903,     42.4474,    245.8873,     61.8805,      3.4953,      0.0766,      0.0441,     28.7773,      0.1741,      5.5230,     11.0460,      1.5380,     28.4145,     56.8291,      0.0190,      0.0041,      0.0876,      0.2011,   7626.4575,-515189.4688,   -944.1494,    538.6830,  25421.5254,
       1,     167,     195,      19,       1,       3,       1,     10.0000,      1.3903,     42.4474,    245.8873,     61.8805,      3.4953,      0.0767,      0.0444,     23.4748,      0.1671,      5.5230,     11.0460,      1.4764,     28.4145,     56.8291,      0.0190,      0.0033,      0.0885,      0.2011,   7626.4580,-461631.7500,   -934.0770,    542.2901,  25421.5234,
       1,     167,     195,      20,       1,       3,       1,     10.0000,      1.3903,     42.4474,    245.8873,     61.8805,      3.4953,      0.0240,     -0.0080,      3.9046,      0.1566,      5.5230,     11.0460,      1.3834,     28.4145,     56.8291,      0.0190,      0.0035,      0.0137,      0.2011,   7626.4575,-450384.1875,   -932.0187,    543.0646,  25421.5234,
       1,     167,     195,      21,       1,       3,       1,     10.0000,      1.3903,     42.4474,    245.8873,     61.8805,      3.4953,      0.0001,     -0.0316,      3.7224,      0.1504,      5.5230,     11.0460,      1.3289,     28.4145,     56.8291,      0.0190,      0.0030,      0.0156,      0.2011,   7626.4575,-424695.5312,   -927.0947,    544.8090,  25421.5234,
       1,     167,     195,      22,       1,       3,       1,     10.0000,      1.3903,     42.4474,    245.8873,     61.8805,      3.4953,      0.0000,     -0.0317,      3.0829,      0.1511,      5.5230,     11.0460,      1.3356,     28.4145,     56.8291,      0.0190,      0.0025,      0.0156,      0.2012,   7626.4575,-422266.7188,   -926.6203,    544.9771,  25421.5234,
       1,     167,     195,      23,       1,       3,       1,     10.0000,      1.3903,     42.4474,    245.8873,     61.8805,      3.4953,      0.0000,     -0.0317,      2.6423,      0.1501,      5.5230,     11.0460,      1.3262,     28.4145,     56.8291,      0.0190,      0.0021,      0.0156,      0.2012,   7626.4575,-421247.3438,   -926.4187,    545.0466,  25421.5254,
       1,     167,     195,      24,       1,       3,       1,     10.0000,      1.3903,     42.4474,    245.8873,     61.8805,      3.4953,      0.0000,     -0.0310,      2.1615,      0.1320,      5.5230,     11.0460,      1.1665,     28.4145,     56.8291,      0.0190,      0.0017,      0.0156,      0.2012,   7626.4580,-420603.3438,   -923.1782,    545.0905,  25421.5234,
       1,     167,     196,       1,       1,       3,       1,     10.0000,      1.3903,     42.4477,    245.8931,     61.8819,      3.4953,      0.0000,     -0.0312,      1.5570,      0.1375,      5.5228,     11.0455,      1.2148,     28.4181,     56.8363,      0.0190,      0.0012,      0.0156,      0.2012,   7626.4575,-420098.0312,   -911.0891,    545.1379,  25422.6738,
       1,     167,     196,       2,       1,       3,       1,     10.0000,      1.3903,     42.4477,    245.8931,     61.8819,      3.4953,      0.0000,     -0.0314,      1.3043,      0.1410,      5.5228,     11.0455,      1.2459,     28.4181,     56.8363,      0.0190,      0.0010,      0.0156,      0.2012,   7626.8022,-419137.5312,   -910.8290,    545.2033,  25422.6719,
       1,     167,     196,       3,       1,       3,       1,     10.0000,      1.3903,     42.4477,    245.8931,     61.8819,      3.4953,      0.0000,     -0.0313,      1.0984,      0.1399,      5.5228,     11.0455,      1.2358,     28.4181,     56.8363,      0.0190,      0.0009,      0.0156,      0.2012,   7626.8018,-418736.2500,   -910.4783,    545.2306,  25422.6719,
       1,     167,     196,       4,       1,       3,       1,     10.0000,      1.3903,     42.4477,    245.8931,     61.8819,      3.4953,      0.0000,     -0.0313,      0.9387,      0.1380,      5.5228,     11.0455,      1.2197,     28.4181,     56.8363,      0.0190,      0.0007,      0.0156,      0.2012,   7626.8018,-418442.0312,   -910.5460,    545.2507,  25422.6738,
       1,     167,     196,       5,       1,       3,       1,     10.0000,      1.3903,     42.4477,    245.8931,     61.8819,      3.4953,      0.0000,     -0.0313,      0.5942,      0.1376,      5.5228,     11.0455,      1.2160,     28.4181,     56.8363,      0.0190,      0.0005,      0.0156,      0.2012,   7626.8022,-418214.9688,   -910.6050,    545.2662,  25422.6738,
       1,     167,     196,       6,       1,       3,       1,     10.0000,      1.3903,     42.4477,    245.8931,     61.8819,      3.4953,      0.0000,     -0.0313,      0.4340,      0.1379,      5.5228,     11.0455,      1.2185,     28.4181,     56.8363,      0.0190,      0.0003,      0.0156,      0.2012,   7626.8022,-417760.6562,   -910.5683,    545.2972,  25422.6738,
       1,     167,     196,       7,       1,       3,       1,     10.0000,      1.3903,     42.4477,    245.8931,     61.8819,      3.4953,      0.0000,     -0.0313,      0.4264,      0.1379,      5.5228,     11.0455,      1.2185,     28.4181,     56.8363,      0.0190,      0.0003,      0.0156,      0.2012,   7626.8022,-417519.4062,   -910.5431,    545.3135,  25422.6758,
       1,     167,     196,       8,       1,       3,       1,     10.0000,      1.3903,     42.4477,    245.8931,     61.8819,      3.4953,      0.0173,     -0.0139,      0.1749,      0.1366,      5.5228,     11.0455,      1.2074,     28.4181,     56.8363,      0.0190,      0.0004,      0.0053,      0.2012,   7626.8032,-417488.9062,   -910.5533,    545.3157,  25422.6738,
       1,     167,     196,       9,       1,       3,       1,     10.0000,      1.3903,     42.4477,    245.8931,     61.8819,      3.4953,      0.1034,      0.0719,      6.5872,      0.1443,      5.5228,     11.0455,      1.2751,     28.4181,     56.8363,      0.0190,      0.0006,      0.1299,      0.2012,   7626.8022,-417169.2188,   -910.5666,    545.3375,  25422.6738,
       1,     167,     196,      10,       1,       3,       1,     10.0000,      1.3903,     42.4477,    245.8931,     61.8819,      3.4953,      0.1440,      0.1118,     16.1211,      0.1646,      5.5228,     11.0455,      1.4544,     28.4181,     56.8363,      0.0190,      0.0011,      0.1882,      0.2012,   7626.8022,-425233.1875,   -912.3278,    544.7878,  25422.6738,
       1,     167,     196,      11,       1,       3,       1,     10.0000,      1.3903,     42.4477,    245.8931,     61.8819,      3.4953,      0.1687,      0.1362,     20.9874,      0.1756,      5.5228,     11.0455,      1.5519,     28.4181,     56.8363,      0.0190,      0.0012,      0.2239,      0.2012,   7626.8022,-437959.1562,   -915.2251,    543.9214,  25422.6738,
       1,     167,     196,      12,       1,       3,       1,     10.0000,      1.3903,     42.4477,    245.8931,     61.8819,      3.4953,      0.1863,      0.1529,     21.6456,      0.2024,      5.5228,     11.0455,      1.7881,     28.4181,     56.8363,      0.0190,      0.0011,      0.2500,      0.2012,   7626.8022,-445197.0625,   -917.4625,    543.4301,  25422.6758,
       1,     167,     196,      13,       1,       3,       1,     10.0000,      1.3903,     42.4477,    245.8931,     61.8819,      3.4953,      0.1822,      0.1485,     17.4052,      0.2122,      5.5228,     11.0455,      1.8747,     28.4181,     56.8363,      0.0190,      0.0009,      0.2444,      0.2012,   7626.8032,-446648.9688,   -919.0599,    543.3316,  25422.6738,
       1,     167,     196,      14,       1,       3,       1,     10.0000,      1.3903,     42.4477,    245.8931,     61.8819,      3.4953,      0.1865,      0.1531,     23.2427,      0.2016,      5.5228,     11.0455,      1.7811,     28.4181,     56.8363,      0.0190,      0.0012,      0.2500,      0.2012,   7626.8022,-441420.7188,   -919.1316,    543.6868,  25422.6738,
       1,     167,     196,      15,       1,       3,       1,     10.0000,      1.3903,     42.4477,    245.8931,     61.8819,      3.4953,      0.1777,      0.1443,     39.9894,      0.2030,      5.5228,     11.0455,      1.7934,     28.4181,     56.8363,      0.0190,      0.0021,      0.2351,      0.2012,   7626.8022,-448340.7812,   -921.4821,    543.2166,  25422.6758,
       1,     167,     196,      16,       1,       3,       1,     10.0000,      1.3903,     42.4477,    245.8931,     61.8819,      3.4953,      0.1662,      0.1331,     45.1223,      0.1926,      5.5228,     11.0455,      1.7020,     28.4181,     56.8363,      0.0190,      0.0026,      0.2175,      0.2012,   7626.8032,-470076.6250,   -926.4775,    541.7408,  25422.6738,
       1,     167,     196,      17,       1,       3,       1,     10.0000,      1.3903,     42.4477,    245.8931,     61.8819,      3.4953,      0.1027,      0.0701,     38.0722,      0.1774,      5.5228,     11.0455,      1.5674,     28.4181,     56.8363,      0.0190,      0.0038,      0.1248,      0.2012,   7626.8022,-478430.2188,   -928.9160,    541.1772,  25422.6738,
       1,     167,     196,      18,       1,       3,       1,     10.0000,      1.3903,     42.4477,    245.8931,     61.8819,      3.4953,      0.0958,      0.0633,     40.9929,      0.1710,      5.5228,     11.0455,      1.5107,     28.4181,     56.8363,      0.0190,      0.0044,      0.1143,      0.2011,   7626.8022,-470240.5625,   -928.1390,    541.7314,  25422.6738,
       1,     167,     196,      19,       1,       3,       1,     10.0000,      1.3903,     42.4477,    245.8931,     61.8819,      3.4953,      0.0771,      0.0447,     29.6700,      0.1696,      5.5228,     11.0455,      1.4987,     28.4181,     56.8363,      0.0190,      0.0042,      0.0883,      0.2012,   7626.8022,-473227.3125,   -929.4255,    541.5295,  25422.6738,
       1,     167,     196,      20,       1,       3,       1,     10.0000,      1.3903,     42.4477,    245.8931,     61.8819,      3.4953,      0.0160,     -0.0162,      0.6878,      0.1633,      5.5228,     11.0455,      1.4428,     28.4181,     56.8363,      0.0190,      0.0041,      0.0021,      0.2011,   7626.8022,-459183.5000,   -927.4572,    542.4802,  25422.6719,
       1,     167,     196,      21,       1,       3,       1,     10.0000,      1.3903,     42.4477,    245.8931,     61.8819,      3.4953,      0.0001,     -0.0320,      4.7048,      0.1597,      5.5228,     11.0455,      1.4114,     28.4181,     56.8363,      0.0190,      0.0037,      0.0156,      0.2012,   7626.8018,-421387.6875,   -920.8813,    545.0439,  25422.6758,
       1,     167,     196,      22,       1,       3,       1,     10.0000,      1.3903,     42.4477,    245.8931,     61.8819,      3.4953,      0.0000,     -0.0320,      3.1631,      0.1572,      5.5228,     11.0455,      1.3889,     28.4181,     56.8363,      0.0190,      0.0025,      0.0156,      0.2012,   7626.8032,-423228.0625,   -921.5021,    544.9246,  25422.6719,
       1,     167,     196,      23,       1,       3,       1,     10.0000,      1.3903,     42.4477,    245.8931,     61.8819,      3.4953,      0.0000,     -0.0318,      2.9865,      0.1542,      5.5228,     11.0455,      1.3627,     28.4181,     56.8363,      0.0190,      0.0024,      0.0156,      0.2012,   7626.8018,-421433.7500,   -921.3447,    545.0469,  25422.6738,
       1,     167,     196,      24,       1,       3,       1,     10.0000,      1.3903,     42.4477,    245.8931,     61.8819,      3.4953,      0.0000,     -0.0318,      2.8082,      0.1528,      5.5228,     11.0455,      1.3504,     28.4181,     56.8363,      0.0190,      0.0022,      0.0156,      0.2012,   7626.8022,-421056.3750,   -921.4365,    545.0726,  25422.6738,
       1,     167,     197,       1,       1,       3,       1,     10.0000,      1.3903,     42.4480,    245.8990,     61.8834,      3.4953,      0.0000,     -0.0318,      2.2071,      0.1527,      5.5231,     11.0463,      1.3491,     28.4190,     56.8380,      0.0190,      0.0018,      0.0156,      0.2012,   7626.8022,-420955.2812,   -921.8336,    545.0924,  25423.8242,
       1,     167,     197,       2,       1,       3,       1,     10.0000,      1.3903,     42.4480,    245.8990,     61.8834,      3.4953,      0.0000,     -0.0318,      1.9368,      0.1518,      5.5231,     11.0463,      1.3410,     28.4190,     56.8380,      0.0190,      0.0015,      0.0156,      0.2012,   7627.1475,-420033.8750,   -921.4990,    545.1552,  25423.8223,
       1,     167,     197,       3,       1,       3,       1,     10.0000,      1.3903,     42.4480,    245.8990,     61.8834,      3.4953,      0.0000,     -0.0317,      1.4065,      0.1502,      5.5231,     11.0463,      1.3276,     28.4190,     56.8380,      0.0190,      0.0011,      0.0156,      0.2012,   7627.1470,-419613.7812,   -921.5078,    545.1838,  25423.8223,
       1,     167,     197,       4,       1,       3,       1,     10.0000,      1.3903,     42.4480,    245.8990,     61.8834,      3.4953,      0.0000,     -0.0318,      1.2098,      0.1515,      5.5231,     11.0463,      1.3383,     28.4190,     56.8380,      0.0190,      0.0010,      0.0156,      0.2012,   7627.1470,-418908.6562,   -921.4285,    545.2319,  25423.8203,
       1,     167,     197,       5,       1,       3,       1,     10.0000,      1.3903,     42.4480,    245.8990,     61.8834,      3.4953,      0.0000,     -0.0317,      0.9135,      0.1513,      5.5231,     11.0463,      1.3370,     28.4190,     56.8380,      0.0190,      0.0007,      0.0156,      0.2012,   7627.1465,-418600.0625,   -921.4154,    545.2529,  25423.8223,
       1,     167,     197,       6,       1,       3,       1,     10.0000,      1.3903,     42.4480,    245.8990,     61.8834,      3.4953,      0.0000,     -0.0316,      0.8506,      0.1481,      5.5231,     11.0463,      1.3090,     28.4190,     56.8380,      0.0190,      0.0007,      0.0156,      0.2012,   7627.1470,-418199.3750,   -921.3653,    545.2802,  25423.8223,
       1,     167,     197,       7,       1,       3,       1,     10.0000,      1.3903,     42.4480,    245.8990,     61.8834,      3.4953,      0.0000,     -0.0314,      0.8175,      0.1417,      5.5231,     11.0463,      1.2522,     28.4190,     56.8380,      0.0190,      0.0006,      0.0156,      0.2012,   7627.1470,-418085.5000,   -921.3651,    545.2880,  25423.8223,
       1,     167,     197,       8,       1,       3,       1,     10.0000,      1.3903,     42.4480,    245.8990,     61.8834,      3.4953,      0.0185,     -0.0128,      0.3182,      0.1389,      5.5231,     11.0463,      1.2271,     28.4190,     56.8380,      0.0190,      0.0006,      0.0070,      0.2012,   7627.1470,-418034.0000,   -920.0632,    545.2914,  25423.8223,
       1,     167,     197,       9,       1,       3,       1,     10.0000,      1.3903,     42.4480,    245.8990,     61.8834,      3.4953,      0.1437,      0.1123,      7.8909,      0.1414,      5.5231,     11.0463,      1.2497,     28.4190,     56.8380,      0.0190,      0.0005,      0.1887,      0.2012,   7627.1470,-417399.5938,   -918.3199,    545.3347,  25423.8242,
       1,     167,     197,      10,       1,       3,       1,     10.0000,      1.3903,     42.4480,    245.8990,     61.8834,      3.4953,      0.1746,      0.1430,      9.8523,      0.1492,      5.5231,     11.0463,      1.3183,     28.4190,     56.8380,      0.0190,      0.0005,      0.2337,      0.2012,   7627.1475,-426899.3438,   -918.4191,    544.6871,  25423.8223,
       1,     167,     197,      11,       1,       3,       1,     10.0000,      1.3903,     42.4480,    245.8990,     61.8834,      3.4953,      0.1857,      0.1534,      9.9394,      0.1653,      5.5231,     11.0463,      1.4603,     28.4190,     56.8380,      0.0190,      0.0005,      0.2500,      0.2012,   7627.1470,-430192.6875,   -919.7587,    544.4633,  25423.8242,
       1,     167,     197,      12,       1,       3,       1,     10.0000,      1.3903,     42.4480,    245.8990,     61.8834,      3.4953,      0.1856,      0.1528,     10.0711,      0.1824,      5.5231,     11.0463,      1.6117,     28.4190,     56.8380,      0.0190,      0.0005,      0.2500,      0.2012,   7627.1475,-430585.0312,   -920.7380,    544.4366,  25423.8223,
       1,     167,     197,      13,       1,       3,       1,     10.0000,      1.3903,     42.4480,    245.8990,     61.8834,      3.4953,      0.1855,      0.1523,     10.0111,      0.1957,      5.5231,     11.0463,      1.7291,     28.4190,     56.8380,      0.0190,      0.0005,      0.2500,      0.2012,   7627.1470,-430785.0625,   -921.7009,    544.4230,  25423.8223,
       1,     167,     197,      14,       1,       3,       1,     10.0000,      1.3903,     42.4480,    245.8990,     61.8834,      3.4953,      0.1854,      0.1521,     10.0691,      0.2006,      5.5231,     11.0463,      1.7724,     28.4190,     56.8380,      0.0190,      0.0005,      0.2500,      0.2012,   7627.1470,-430726.5625,   -922.6722,    544.4271,  25423.8203,
       1,     167,     197,      15,       1,       3,       1,     10.0000,      1.3903,     42.4480,    245.8990,     61.8834,      3.4953,      0.1856,      0.1522,     12.6804,      0.2022,      5.5231,     11.0463,      1.7864,     28.4190,     56.8380,      0.0190,      0.0006,      0.2500,      0.2012,   7627.1465,-430794.9688,   -923.4841,    544.4223,  25423.8223,
       1,     167,     197,      16,       1,       3,       1,     10.0000,      1.3903,     42.4480,    245.8990,     61.8834,      3.4953,      0.1871,      0.1537,     31.1444,      0.2014,      5.5231,     11.0463,      1.7794,     28.4190,     56.8380,      0.0190,      0.0015,      0.2500,      0.2012,   7627.1470,-434096.0312,   -924.7332,    544.1978,  25423.8223,
       1,     167,     197,      17,       1,       3,       1,     10.0000,      1.3903,     42.4480,    245.8990,     61.8834,      3.4953,      0.1753,      0.1422,     53.8537,      0.1922,      5.5231,     11.0463,      1.6986,     28.4190,     56.8380,      0.0190,      0.0029,      0.2299,      0.2012,   7627.1470,-457681.5938,   -929.7449,    542.5933,  25423.8223,
       1,     167,     197,      18,       1,       3,       1,     10.0000,      1.3903,     42.4480,    245.8990,     61.8834,      3.4953,      0.1689,      0.1376,     55.5438,      0.1396,      5.5231,     11.0463,      1.2334,     28.4190,     56.8380,      0.0190,      0.0031,      0.2200,      0.2012,   7627.1470,-488383.4375,   -926.6220,    540.5134,  25423.8203,
       1,     167,     197,      19,       1,       3,       1,     10.0000,      1.3903,     42.4480,    245.8990,     61.8834,      3.4953,      0.0813,      0.0501,     25.4926,      0.1373,      5.5231,     11.0463,      1.2136,     28.4190,     56.8380,      0.0190,      0.0033,      0.0957,      0.2012,   7627.1465,-493160.4375,   -924.9879,    540.1946,  25423.7988,
       1,     167,     197,      20,       1,       3,       1,     10.0000,      1.3903,     42.4480,    245.8990,     61.8834,      3.4953,      0.0154,     -0.0158,      0.6832,      0.1382,      5.5231,     11.0463,      1.2210,     28.4190,     56.8380,      0.0190,      0.0035,      0.0024,      0.2012,   7627.1401,-455608.7500,   -917.7513,    542.7303,  25423.8203,
       1,     167,     197,      21,       1,       3,       1,     10.0000,      1.3903,     42.4480,    245.8990,     61.8834,      3.4953,      0.0001,     -0.0311,      4.2364,      0.1378,      5.5231,     11.0463,      1.2173,     28.4190,     56.8380,      0.0190,      0.0034,      0.0156,      0.2012,   7627.1465,-421086.0625,   -912.1760,    545.0784,  25423.8223,
       1,     167,     197,      22,       1,       3,       1,     10.0000,      1.3903,     42.4480,    245.8990,     61.8834,      3.4953,      0.0000,     -0.0313,      3.6296,      0.1396,      5.5231,     11.0463,      1.2334,     28.4190,     56.8380,      0.0190,      0.0029,      0.0156,      0.2012,   7627.1470,-422612.2500,   -912.9373,    544.9795,  25423.8203,
       1,     167,     197,      23,       1,       3,       1,     10.0000,      1.3903,     42.4480,    245.8990,     61.8834,      3.4953,      0.0000,     -0.0315,      0.6839,      0.1434,      5.5231,     11.0463,      1.2675,     28.4190,     56.8380,      0.0190,      0.0005,      0.0156,      0.2012,   7627.1465,-421971.8125,   -913.2077,    545.0231,  25423.8223,
       1,     167,     197,      24,       1,       3,       1,     10.0000,      1.3903,     42.4480,    245.8990,     61.8834,      3.4953,      0.0000,     -0.0315,      0.5135,      0.1449,      5.5231,     11.0463,      1.2803,     28.4190,     56.8380,      0.0190,      0.0004,      0.0156,      0.2012,   7627.1470,-418199.5000,   -912.5735,    545.2802,  25423.8203,
       1,     167,     198,       1,       1,       3,       1,     10.0000,      1.3903,     42.4484,    245.9048,     61.8849,      3.4953,      0.0000,     -0.0316,      0.5034,      0.1465,      5.5228,     11.0456,      1.2946,     28.4265,     56.8531,      0.0190,      0.0004,      0.0156,      0.2012,   7627.1465,-417817.3750,   -912.7869,    545.3191,  25424.9688,
       1,     167,     198,       2,       1,       3,       1,     10.0000,      1.3903,     42.4484,    245.9048,     61.8849,      3.4953,      0.0000,     -0.0316,      0.4642,      0.1481,      5.5228,     11.0456,      1.3090,     28.4265,     56.8531,      0.0190,      0.0004,      0.0156,      0.2013,   7627.4907,-417617.8750,   -912.5129,    545.3328,  25424.9688,
       1,     167,     198,       3,       1,       3,       1,     10.0000,      1.3903,     42.4484,    245.9048,     61.8849,      3.4953,      0.0000,     -0.0317,      0.4731,      0.1484,      5.5228,     11.0456,      1.3117,     28.4265,     56.8531,      0.0190,      0.0004,      0.0156,      0.2013,   7627.4907,-417551.2812,   -912.5156,    545.3373,  25424.9668,
       1,     167,     198,       4,       1,       3,       1,     10.0000,      1.3903,     42.4484,    245.9048,     61.8849,      3.4953,      0.0000,     -0.0315,      0.4950,      0.1440,      5.5228,     11.0456,      1.2726,     28.4265,     56.8531,      0.0190,      0.0004,      0.0156,      0.2013,   7627.4902,-417557.0000,   -912.5337,    545.3369,  25424.9668,
       1,     167,     198,       5,       1,       3,       1,     10.0000,      1.3903,     42.4484,    245.9048,     61.8849,      3.4953,      0.0000,     -0.0315,      0.4694,      0.1449,      5.5228,     11.0456,      1.2803,     28.4265,     56.8531,      0.0190,      0.0004,      0.0156,      0.2013,   7627.4902,-417585.2188,   -910.1459,    545.3350,  25424.9688,
       1,     167,     198,       6,       1,       3,       1,     10.0000,      1.3903,     42.4484,    245.9048,     61.8849,      3.4953,      0.0000,     -0.0315,      0.4710,      0.1446,      5.5228,     11.0456,      1.2778,     28.4265,     56.8531,      0.0190,      0.0004,      0.0156,      0.2013,   7627.4907,-417554.9062,   -910.1601,    545.3370,  25424.9668,
       1,     167,     198,       7,       1,       3,       1,     10.0000,      1.3903,     42.4484,    245.9048,     61.8849,      3.4953,      0.0000,     -0.0315,      0.4876,      0.1449,      5.5228,     11.0456,      1.2803,     28.4265,     56.8531,      0.0190,      0.0004,      0.0156,      0.2013,   7627.4902,-417554.8438,   -910.1810,    545.3370,  25424.9688,
       1,     167,     198,       8,       1,       3,       1,     10.0000,      1.3903,     42.4484,    245.9048,     61.8849,      3.4953,      0.0266,     -0.0048,      0.5869,      0.1426,      5.5228,     11.0456,      1.2598,     28.4265,     56.8531,      0.0190,      0.0004,      0.0186,      0.2013,   7627.4907,-417575.3125,   -910.2031,    545.3357,  25424.9688,
       1,     167,     198,       9,       1,       3,       1,     10.0000,      1.3903,     42.4484,    245.9048,     61.8849,      3.4953,      0.1406,      0.1093,      6.3283,      0.1387,      5.5228,     11.0456,      1.2259,     28.4265,     56.8531,      0.0190,      0.0004,      0.1844,      0.2013,   7627.4907,-417702.2812,   -910.3436,    545.3270,  25424.9688,
       1,     167,     198,      10,       1,       3,       1,     10.0000,      1.3903,     42.4484,    245.9048,     61.8849,      3.4953,      0.1768,      0.1454,      9.1190,      0.1406,      5.5228,     11.0456,      1.2422,     28.4265,     56.8531,      0.0190,      0.0005,      0.2369,      0.2013,   7627.4907,-424956.3438,   -912.2247,    544.8325,  25424.9668,
       1,     167,     198,      11,       1,       3,       1,     10.0000,      1.3903,     42.4484,    245.9048,     61.8849,      3.4953,      0.1856,      0.1547,      6.2542,      0.1303,      5.5228,     11.0456,      1.1513,     28.4265,     56.8531,      0.0190,      0.0003,      0.2500,      0.2012,   7627.4902,-429102.1875,   -913.6248,    544.5503,  25424.9688,
       1,     167,     198,      12,       1,       3,       1,     10.0000,      1.3903,     42.4484,    245.9048,     61.8849,      3.4953,      0.1856,      0.1543,      6.1745,      0.1385,      5.5228,     11.0456,      1.2235,     28.4265,     56.8531,      0.0190,      0.0003,      0.2500,      0.2012,   7627.4907,-425843.5000,   -913.0696,    544.7723,  25424.9688,
       1,     167,     198,      13,       1,       3,       1,     10.0000,      1.3903,     42.4484,    245.9048,     61.8849,      3.4953,      0.1855,      0.1534,      6.9663,      0.1604,      5.5228,     11.0456,      1.4171,     28.4265,     56.8531,      0.0190,      0.0003,      0.2500,      0.2012,   7627.4907,-425462.7188,   -915.0033,    544.7983,  25424.9688,
       1,     167,     198,      14,       1,       3,       1,     10.0000,      1.3903,     42.4484,    245.9048,     61.8849,      3.4953,      0.1856,      0.1525,     10.6626,      0.1896,      5.5228,     11.0456,      1.6753,     28.4265,     56.8531,      0.0190,      0.0005,      0.2500,      0.2012,   7627.4907,-426428.9375,   -916.8273,    544.7325,  25424.9668,
       1,     167,     198,      15,       1,       3,       1,     10.0000,      1.3903,     42.4484,    245.9048,     61.8849,      3.4953,      0.1851,      0.1516,     16.1530,      0.2060,      5.5228,     11.0456,      1.8202,     28.4265,     56.8531,      0.0190,      0.0008,      0.2488,      0.2012,   7627.4902,-431176.1250,   -919.2751,    544.4092,  25424.9688,
       1,     167,     198,      16,       1,       3,       1,     10.0000,      1.3903,     42.4484,    245.9048,     61.8849,      3.4953,      0.1752,      0.1416,      9.8583,      0.2105,      5.5228,     11.0456,      1.8601,     28.4265,     56.8531,      0.0190,      0.0005,      0.2350,      0.2012,   7627.4907,-438511.8750,   -921.7437,    543.9102,  25424.9688,
       1,     167,     198,      17,       1,       3,       1,     10.0000,      1.3903,     42.4484,    245.9048,     61.8849,      3.4953,      0.1679,      0.1348,     12.3396,      0.1941,      5.5228,     11.0456,      1.7156,     28.4265,     56.8531,      0.0190,      0.0007,      0.2239,      0.2012,   7627.4907,-431199.0000,   -921.0461,    544.4075,  25424.9707,
       1,     167,     198,      18,       1,       3,       1,     10.0000,      1.3903,     42.4484,    245.9048,     61.8849,      3.4953,      0.1350,      0.1024,     30.8554,      0.1756,      5.5228,     11.0456,      1.5520,     28.4265,     56.8531,      0.0190,      0.0022,      0.1731,      0.2012,   7627.4917,-433701.9062,   -921.9047,    544.2374,  25424.9688,
       1,     167,     198,      19,       1,       3,       1,     10.0000,      1.3903,     42.4484,    245.9048,     61.8849,      3.4953,      0.0749,      0.0427,     24.4574,      0.1673,      5.5228,     11.0456,      1.4779,     28.4265,     56.8531,      0.0190,      0.0035,      0.0858,      0.2012,   7627.4907,-457281.4375,   -925.1204,    542.6334,  25424.9707,
       1,     167,     198,      20,       1,       3,       1,     10.0000,      1.3903,     42.4484,    245.9048,     61.8849,      3.4953,      0.0208,     -0.0111,      3.1039,      0.1570,      5.5228,     11.0456,      1.3876,     28.4265,     56.8531,      0.0190,      0.0042,      0.0092,      0.2012,   7627.4917,-451236.5938,   -920.4263,    543.0457,  25424.9707,
       1,     167,     198,      21,       1,       3,       1,     10.0000,      1.3903,     42.4484,    245.9048,     61.8849,      3.4953,      0.0001,     -0.0316,      4.5845,      0.1504,      5.5228,     11.0456,      1.3290,     28.4265,     56.8531,      0.0190,      0.0036,      0.0156,      0.2012,   7627.4917,-423763.4688,   -916.0162,    544.9108,  25424.9668,
       1,     167,     198,      22,       1,       3,       1,     10.0000,      1.3903,     42.4484,    245.9048,     61.8849,      3.4953,      0.0000,     -0.0316,      3.5735,      0.1456,      5.5228,     11.0456,      1.2868,     28.4265,     56.8531,      0.0190,      0.0028,      0.0156,      0.2012,   7627.4902,-423282.2812,   -913.7958,    544.9467,  25424.9688,
       1,     167,     198,      23,       1,       3,       1,     10.0000,      1.3903,     42.4484,    245.9048,     61.8849,      3.4953,      0.0000,     -0.0314,      2.5691,      0.1421,      5.5228,     11.0456,      1.2560,     28.4265,     56.8531,      0.0190,      0.0020,      0.0156,      0.2012,   7627.4907,-421960.9688,   -913.9604,    545.0367,  25424.9707,
       1,     167,     198,      24,       1,       3,       1,     10.0000,      1.3903,     42.4484,    245.9048,     61.8849,      3.4953,      0.0000,     -0.0313,      1.9001,      0.1397,      5.5228,     11.0456,      1.2346,     28.4265,     56.8531,      0.0190,      0.0015,      0.0156,      0.2012,   7627.4917,-420580.0312,   -913.9284,    545.1309,  25424.9688,
       1,     167,     199,       1,       1,       3,       1,     10.0000,      1.3903,     42.4487,    245.9107,     61.8863,      3.4953,      0.0000,     -0.0314,      1.0772,      0.1406,      5.5230,     11.0461,      1.2422,     28.4330,     56.8660,      0.0190,      0.0009,      0.0156,      0.2013,   7627.4907,-419774.1250,   -914.1979,    545.1987,  25426.1191,
       1,     167,     199,       2,       1,       3,       1,     10.0000,      1.3903,     42.4487,    245.9107,     61.8863,      3.4953,      0.0000,     -0.0314,      0.7134,      0.1401,      5.5230,     11.0461,      1.2384,     28.4330,     56.8660,      0.0190,      0.0006,      0.0156,      0.2013,   7627.8359,-418512.5938,   -913.8026,    545.2847,  25426.1172,
       1,     167,     199,       3,       1,       3,       1,     10.0000,      1.3903,     42.4487,    245.9107,     61.8863,      3.4953,      0.0000,     -0.0313,      0.5633,      0.1394,      5.5230,     11.0461,      1.2322,     28.4330,     56.8660,      0.0190,      0.0004,      0.0156,      0.2013,   7627.8354,-417945.4375,   -913.7495,    545.3234,  25426.1172,
       1,     167,     199,       4,       1,       3,       1,     10.0000,      1.3903,     42.4487,    245.9107,     61.8863,      3.4953,      0.0000,     -0.0313,      0.5232,      0.1389,      5.5230,     11.0461,      1.2272,     28.4330,     56.8660,      0.0190,      0.0004,      0.0156,      0.2013,   7627.8354,-417707.2500,   -913.7365,    545.3397,  25426.1152,
       1,     167,     199,       5,       1,       3,       1,     10.0000,      1.3903,     42.4487,    245.9107,     61.8863,      3.4953,      0.0000,     -0.0313,      0.4492,      0.1379,      5.5230,     11.0461,      1.2185,     28.4330,     56.8660,      0.0190,      0.0004,      0.0156,      0.2013,   7627.8350,-417636.5312,   -913.7485,    545.3445,  25426.1191,
       1,     167,     199,       6,       1,       3,       1,     10.0000,      1.3903,     42.4487,    245.9107,     61.8863,      3.4953,      0.0000,     -0.0312,      0.4258,      0.1361,      5.5230,     11.0461,      1.2026,     28.4330,     56.8660,      0.0190,      0.0003,      0.0156,      0.2013,   7627.8359,-417536.5312,   -913.7444,    545.3513,  25426.1152,
       1,     167,     199,       7,       1,       3,       1,     10.0000,      1.3903,     42.4487,    245.9107,     61.8863,      3.4953,      0.0000,     -0.0312,      0.4551,      0.1351,      5.5230,     11.0461,      1.1941,     28.4330,     56.8660,      0.0190,      0.0004,      0.0156,      0.2013,   7627.8350,-417499.0312,   -913.7518,    545.3538,  25426.1172,
       1,     167,     199,       8,       1,       3,       1,     10.0000,      1.3903,     42.4487,    245.9107,     61.8863,      3.4953,      0.0143,     -0.0169,      0.0268,      0.1353,      5.5230,     11.0461,      1.1953,     28.4330,     56.8660,      0.0190,      0.0003,      0.0010,      0.2013,   7627.8354,-417532.3750,   -913.7743,    545.3516,  25426.1172,
       1,     167,     199,       9,       1,       3,       1,     10.0000,      1.3903,     42.4487,    245.9107,     61.8863,      3.4953,      0.0811,      0.0501,      2.3436,      0.1324,      5.5230,     11.0461,      1.1702,     28.4330,     56.8660,      0.0190,      0.0003,      0.0982,      0.2013,   7627.8354,-416995.0625,   -913.7251,    545.3881,  25426.1172,
       1,     167,     199,      10,       1,       3,       1,     10.0000,      1.3903,     42.4487,    245.9107,     61.8863,      3.4953,      0.1487,      0.1179,      4.2994,      0.1245,      5.5230,     11.0461,      1.0998,     28.4330,     56.8660,      0.0190,      0.0003,      0.1964,      0.2013,   7627.8354,-419871.3125,   -914.4413,    545.1921,  25426.1172,
       1,     167,     199,      11,       1,       3,       1,     10.0000,      1.3903,     42.4487,    245.9107,     61.8863,      3.4953,      0.1682,      0.1373,      5.4822,      0.1287,      5.5230,     11.0461,      1.1374,     28.4330,     56.8660,      0.0190,      0.0003,      0.2247,      0.2013,   7627.8354,-422585.8438,   -915.4156,    545.0071,  25426.1172,
       1,     167,     199,      12,       1,       3,       1,     10.0000,      1.3903,     42.4487,    245.9107,     61.8863,      3.4953,      0.1286,      0.0972,      5.4223,      0.1400,      5.5230,     11.0461,      1.2372,     28.4330,     56.8660,      0.0190,      0.0004,      0.1669,      0.2013,   7627.8354,-424311.1875,   -914.1136,    544.8895,  25426.1172,
       1,     167,     199,      13,       1,       3,       1,     10.0000,      1.3903,     42.4487,    245.9107,     61.8863,      3.4953,      0.0064,     -0.0253,      0.6312,      0.1492,      5.5230,     11.0461,      1.3183,     28.4330,     56.8660,      0.0190,      0.0005,      0.0156,      0.2013,   7627.8354,-424384.1562,   -914.7472,    544.8847,  25426.1172,
       1,     167,     199,      14,       1,       3,       1,     10.0000,      1.3903,     42.4487,    245.9107,     61.8863,      3.4953,      0.0169,     -0.0153,      0.1870,      0.1644,      5.5230,     11.0461,      1.4531,     28.4330,     56.8660,      0.0190,      0.0007,      0.0034,      0.2013,   7627.8354,-418346.1562,   -913.7161,    545.2959,  25426.1172,
       1,     167,     199,      15,       1,       3,       1,     10.0000,      1.3903,     42.4487,    245.9107,     61.8863,      3.4953,      0.0610,      0.0288,      5.1676,      0.1630,      5.5230,     11.0461,      1.4401,     28.4330,     56.8660,      0.0190,      0.0009,      0.0676,      0.2013,   7627.8354,-417267.2500,   -913.6183,    545.3696,  25426.1172,
       1,     167,     199,      16,       1,       3,       1,     10.0000,      1.3903,     42.4487,    245.9107,     61.8863,      3.4953,      0.1011,      0.0692,      8.0519,      0.1553,      5.5230,     11.0461,      1.3724,     28.4330,     56.8660,      0.0190,      0.0008,      0.1262,      0.2013,   7627.8354,-423456.8750,   -914.9919,    544.9476,  25426.1172,
       1,     167,     199,      17,       1,       3,       1,     10.0000,      1.3903,     42.4487,    245.9107,     61.8863,      3.4953,      0.1070,      0.0752,     12.4453,      0.1504,      5.5230,     11.0461,      1.3290,     28.4330,     56.8660,      0.0190,      0.0011,      0.1344,      0.2013,   7627.8354,-427628.1875,   -916.1089,    544.6637,  25426.1172,
       1,     167,     199,      18,       1,       3,       1,     10.0000,      1.3903,     42.4487,    245.9107,     61.8863,      3.4953,      0.1143,      0.0827,     19.4544,      0.1474,      5.5230,     11.0461,      1.3025,     28.4330,     56.8660,      0.0190,      0.0017,      0.1444,      0.2013,   7627.8354,-433529.3438,   -917.6345,    544.2620,  25426.1172,
       1,     167,     199,      19,       1,       3,       1,     10.0000,      1.3903,     42.4487,    245.9107,     61.8863,      3.4953,      0.0765,      0.0450,     19.4848,      0.1452,      5.5230,     11.0461,      1.2830,     28.4330,     56.8660,      0.0190,      0.0027,      0.0892,      0.2013,   7627.8354,-442880.0000,   -919.8840,    543.6260,  25426.1172,
       1,     167,     199,      20,       1,       3,       1,     10.0000,      1.3903,     42.4487,    245.9107,     61.8863,      3.4953,      0.0224,     -0.0089,      2.6623,      0.1399,      5.5230,     11.0461,      1.2359,     28.4330,     56.8660,      0.0190,      0.0027,      0.0123,      0.2013,   7627.8354,-443722.4375,   -920.5966,    543.5691,  25426.1172,
       1,     167,     199,      21,       1,       3,       1,     10.0000,      1.3903,     42.4487,    245.9107,     61.8863,      3.4953,      0.0001,     -0.0310,      2.4416,      0.1332,      5.5230,     11.0461,      1.1773,     28.4330,     56.8660,      0.0190,      0.0019,      0.0156,      0.2013,   7627.8354,-422566.2500,   -917.1066,    545.0067,  25426.1191,
       1,     167,     199,      22,       1,       3,       1,     10.0000,      1.3903,     42.4487,    245.9107,     61.8863,      3.4953,      0.0000,     -0.0310,      1.9461,      0.1299,      5.5230,     11.0461,      1.1478,     28.4330,     56.8660,      0.0190,      0.0015,      0.0156,      0.2013,   7627.8359,-420476.0312,   -916.9155,    545.1508,  25426.1172,
       1,     167,     199,      23,       1,       3,       1,     10.0000,      1.3903,     42.4487,    245.9107,     61.8863,      3.4953,      0.0000,     -0.0311,      1.5925,      0.1327,      5.5230,     11.0461,      1.1725,     28.4330,     56.8660,      0.0190,      0.0013,      0.0156,      0.2013,   7627.8354,-419669.2812,   -916.9073,    545.2059,  25426.1191,
       1,     167,     199,      24,       1,       3,       1,     10.0000,      1.3903,     42.4487,    245.9107,     61.8863,      3.4953,      0.0000,     -0.0310,      1.6095,      0.1312,      5.5230,     11.0461,      1.1595,     28.4330,     56.8660,      0.0190,      0.0013,      0.0156,      0.2013,   7627.8359,-419153.6562,   -916.9237,    545.2410,  25426.1191,
       1,     167,     200,       1,       1,       3,       1,     10.0000,      1.3904,     42.4490,    245.9165,     61.8879,      3.4953,      0.0000,     -0.0310,      1.5054,      0.1314,      5.5248,     11.0497,      1.1607,     28.4200,     56.8400,      0.0190,      0.0012,      0.0156,      0.2013,   7627.8359,-419287.2188,   -917.3256,    545.2449,  25427.2656,
       1,     167,     200,       2,       1,       3,       1,     10.0000,      1.3904,     42.4490,    245.9165,     61.8879,      3.4953,      0.0000,     -0.0311,      1.3715,      0.1345,      5.5248,     11.0497,      1.1881,     28.4200,     56.8400,      0.0190,      0.0011,      0.0156,      0.2013,   7628.1802,-419013.5938,   -917.1029,    545.2635,  25427.2637,
       1,     167,     200,       3,       1,       3,       1,     10.0000,      1.3904,     42.4490,    245.9165,     61.8879,      3.4953,      0.0000,     -0.0311,      1.1637,      0.1323,      5.5248,     11.0497,      1.1690,     28.4200,     56.8400,      0.0190,      0.0009,      0.0156,      0.2013,   7628.1792,-418821.4688,   -917.1281,    545.2767,  25427.2637,
       1,     167,     200,       4,       1,       3,       1,     10.0000,      1.3904,     42.4490,    245.9165,     61.8879,      3.4953,      0.0000,     -0.0310,      1.2519,      0.1308,      5.5248,     11.0497,      1.1560,     28.4200,     56.8400,      0.0190,      0.0010,      0.0156,      0.2013,   7628.1792,-418542.8125,   -917.1306,    545.2957,  25427.2637,
       1,     167,     200,       5,       1,       3,       1,     10.0000,      1.3904,     42.4490,    245.9165,     61.8879,      3.4953,      0.0000,     -0.0311,      1.2981,      0.1322,      5.5248,     11.0497,      1.1678,     28.4200,     56.8400,      0.0190,      0.0010,      0.0156,      0.2013,   7628.1792,-418630.0312,   -917.2119,    545.2897,  25427.2617,
       1,     167,     200,       6,       1,       3,       1,     10.0000,      1.3904,     42.4490,    245.9165,     61.8879,      3.4953,      0.0000,     -0.0311,      1.2636,      0.1322,      5.5248,     11.0497,      1.1678,     28.4200,     56.8400,      0.0190,      0.0010,      0.0156,      0.2013,   7628.1787,-418696.0000,   -917.2998,    545.2853,  25427.2656,
       1,     167,     200,       7,       1,       3,       1,     10.0000,      1.3904,     42.4490,    245.9165,     61.8879,      3.4953,      0.0000,     -0.0311,      1.3655,      0.1330,      5.5248,     11.0497,      1.1749,     28.4200,     56.8400,      0.0190,      0.0011,      0.0156,      0.2013,   7628.1802,-418657.8438,   -917.3622,    545.2878,  25427.2637,
       1,     167,     200,       8,       1,       3,       1,     10.0000,      1.3904,     42.4490,    245.9165,     61.8879,      3.4953,      0.0145,     -0.0167,      0.1151,      0.1360,      5.5248,     11.0497,      1.2014,     28.4200,     56.8400,      0.0190,      0.0012,      0.0012,      0.2013,   7628.1792,-418783.2188,   -917.4620,    545.2793,  25427.2656,
       1,     167,     200,       9,       1,       3,       1,     10.0000,      1.3904,     42.4490,    245.9165,     61.8879,      3.4953,      0.1179,      0.0865,     12.7566,      0.1417,      5.5248,     11.0497,      1.2523,     28.4200,     56.8400,      0.0190,      0.0011,      0.1505,      0.2013,   7628.1802,-417216.7812,   -917.2977,    545.3861,  25427.2656,
       1,     167,     200,      10,       1,       3,       1,     10.0000,      1.3904,     42.4490,    245.9165,     61.8879,      3.4953,      0.1577,      0.1262,     15.1552,      0.1430,      5.5248,     11.0497,      1.2637,     28.4200,     56.8400,      0.0190,      0.0009,      0.2083,      0.2013,   7628.1802,-433026.1562,   -920.5587,    544.3082,  25427.2637,
       1,     167,     200,      11,       1,       3,       1,     10.0000,      1.3904,     42.4490,    245.9165,     61.8879,      3.4953,      0.1846,      0.1533,     13.3064,      0.1396,      5.5248,     11.0497,      1.2335,     28.4200,     56.8400,      0.0190,      0.0007,      0.2477,      0.2013,   7628.1792,-437414.4062,   -914.5248,    544.0108,  25427.2637,
       1,     167,     200,      12,       1,       3,       1,     10.0000,      1.3904,     42.4490,    245.9165,     61.8879,      3.4953,      0.1859,      0.1536,     12.2964,      0.1663,      5.5248,     11.0497,      1.4692,     28.4200,     56.8400,      0.0190,      0.0006,      0.2500,      0.2013,   7628.1792,-435457.6562,   -914.3306,    544.1440,  25427.2637,
       1,     167,     200,      13,       1,       3,       1,     10.0000,      1.3904,     42.4490,    245.9165,     61.8879,      3.4953,      0.1863,      0.1540,     18.2680,      0.1686,      5.5248,     11.0497,      1.4899,     28.4200,     56.8400,      0.0190,      0.0009,      0.2500,      0.2013,   7628.1792,-434015.1875,   -915.6539,    544.2421,  25427.2656,
       1,     167,     200,      14,       1,       3,       1,     10.0000,      1.3904,     42.4490,    245.9165,     61.8879,      3.4953,      0.1851,      0.1522,     24.2611,      0.1848,      5.5248,     11.0497,      1.6327,     28.4200,     56.8400,      0.0190,      0.0012,      0.2476,      0.2013,   7628.1802,-441424.6875,   -918.1655,    543.7380,  25427.2637,
       1,     167,     200,      15,       1,       3,       1,     10.0000,      1.3904,     42.4490,    245.9165,     61.8879,      3.4953,      0.1865,      0.1533,     23.1430,      0.1961,      5.5248,     11.0497,      1.7327,     28.4200,     56.8400,      0.0190,      0.0011,      0.2500,      0.2013,   7628.1792,-449623.3125,   -920.7680,    543.1810,  25427.2637,
       1,     167,     200,      16,       1,       3,       1,     10.0000,      1.3904,     42.4490,    245.9165,     61.8879,      3.4953,      0.1747,      0.1411,     11.4399,      0.2074,      5.5248,     11.0497,      1.8329,     28.4200,     56.8400,      0.0190,      0.0006,      0.2339,      0.2013,   7628.1792,-448916.8750,   -921.9803,    543.2293,  25427.2656,
       1,     167,     200,      17,       1,       3,       1,     10.0000,      1.3904,     42.4490,    245.9165,     61.8879,      3.4953,      0.1595,      0.1266,     25.3229,      0.1881,      5.5248,     11.0497,      1.6621,     28.4200,     56.8400,      0.0190,      0.0015,      0.2099,      0.2013,   7628.1802,-434088.1250,   -920.0239,    544.2361,  25427.2656,
       1,     167,     200,      18,       1,       3,       1,     10.0000,      1.3904,     42.4490,    245.9165,     61.8879,      3.4953,      0.1430,      0.1107,     30.5812,      0.1698,      5.5248,     11.0497,      1.5003,     28.4200,     56.8400,      0.0190,      0.0020,      0.1850,      0.2013,   7628.1802,-450332.4688,   -923.5548,    543.1320,  25427.2617,
       1,     167,     200,      19,       1,       3,       1,     10.0000,      1.3904,     42.4490,    245.9165,     61.8879,      3.4953,      0.0577,      0.0259,     14.3544,      0.1531,      5.5248,     11.0497,      1.3533,     28.4200,     56.8400,      0.0190,      0.0029,      0.0621,      0.2013,   7628.1787,-458364.8438,   -925.6123,    542.5878,  25427.2617,
       1,     167,     200,      20,       1,       3,       1,     10.0000,      1.3904,     42.4490,    245.9165,     61.8879,      3.4953,      0.0188,     -0.0129,      1.7215,      0.1484,      5.5248,     11.0497,      1.3118,     28.4200,     56.8400,      0.0190,      0.0032,      0.0067,      0.2013,   7628.1787,-438575.0000,   -922.4030,    543.9302,  25427.2617,
       1,     167,     200,      21,       1,       3,       1,     10.0000,      1.3904,     42.4490,    245.9165,     61.8879,      3.4953,      0.0001,     -0.0313,      4.5524,      0.1433,      5.5248,     11.0497,      1.2663,     28.4200,     56.8400,      0.0190,      0.0036,      0.0156,      0.2013,   7628.1787,-420943.5000,   -919.4697,    545.1308,  25427.2637,
       1,     167,     200,      22,       1,       3,       1,     10.0000,      1.3904,     42.4490,    245.9165,     61.8879,      3.4953,      0.0000,     -0.0314,      3.9956,      0.1424,      5.5248,     11.0497,      1.2586,     28.4200,     56.8400,      0.0190,      0.0032,      0.0156,      0.2013,   7628.1792,-423000.9688,   -920.1387,    544.9919,  25427.2656,
       1,     167,     200,      23,       1,       3,       1,     10.0000,      1.3904,     42.4490,    245.9165,     61.8879,      3.4953,      0.0000,     -0.0314,      3.9803,      0.1416,      5.5248,     11.0497,      1.2510,     28.4200,     56.8400,      0.0190,      0.0032,      0.0156,      0.2013,   7628.1802,-422473.8438,   -920.2808,    545.0278,  25427.2637,
       1,     167,     200,      24,       1,       3,       1,     10.0000,      1.3904,     42.4490,    245.9165,     61.8879,      3.4953,      0.0000,     -0.0314,      2.7018,      0.1409,      5.5248,     11.0497,      1.2447,     28.4200,     56.8400,      0.0190,      0.0021,      0.0156,      0.2013,   7628.1792,-422409.2812,   -920.4562,    545.0322,  25427.2637,
       1,     167,     201,       1,       1,       3,       1,     10.0000,      1.3904,     42.4494,    245.9223,     61.8892,      3.4953,      0.0000,     -0.0314,      1.9915,      0.1413,      5.5232,     11.0463,      1.2485,     28.4246,     56.8492,      0.0190,      0.0016,      0.0156,      0.2013,   7628.1792,-420947.6562,   -920.5742,    545.1447,  25428.4102,
       1,     167,     201,       2,       1,       3,       1,     10.0000,      1.3904,     42.4494,    245.9223,     61.8892,      3.4953,      0.0000,     -0.0314,      1.3239,      0.1409,      5.5232,     11.0463,      1.2448,     28.4246,     56.8492,      0.0190,      0.0011,      0.0156,      0.2013,   7628.5234,-419772.5625,   -920.1844,    545.2248,  25428.4121,
       1,     167,     201,       3,       1,       3,       1,     10.0000,      1.3904,     42.4494,    245.9223,     61.8892,      3.4953,      0.0000,     -0.0311,      1.2579,      0.1342,      5.5232,     11.0463,      1.1857,     28.4246,     56.8492,      0.0190,      0.0010,      0.0156,      0.2013,   7628.5239,-418829.4688,   -910.4618,    545.2891,  25428.4121,
       1,     167,     201,       4,       1,       3,       1,     10.0000,      1.3904,     42.4494,    245.9223,     61.8892,      3.4953,      0.0000,     -0.0311,      1.1082,      0.1332,      5.5232,     11.0463,      1.1773,     28.4246,     56.8492,      0.0190,      0.0009,      0.0156,      0.2013,   7628.5239,-418665.1562,   -910.5714,    545.3002,  25428.4121,
       1,     167,     201,       5,       1,       3,       1,     10.0000,      1.3904,     42.4494,    245.9223,     61.8892,      3.4953,      0.0000,     -0.0309,      0.8515,      0.1281,      5.5232,     11.0463,      1.1316,     28.4246,     56.8492,      0.0190,      0.0007,      0.0156,      0.2013,   7628.5239,-418462.2500,   -910.3705,    545.3141,  25428.4141,
       1,     167,     201,       6,       1,       3,       1,     10.0000,      1.3904,     42.4494,    245.9223,     61.8892,      3.4953,      0.0000,     -0.0308,      0.6775,      0.1264,      5.5232,     11.0463,      1.1168,     28.4246,     56.8492,      0.0190,      0.0005,      0.0156,      0.2013,   7628.5244,-418120.7812,   -910.3796,    545.3374,  25428.4121,
       1,     167,     201,       7,       1,       3,       1,     10.0000,      1.3904,     42.4494,    245.9223,     61.8892,      3.4953,      0.0000,     -0.0309,      0.6132,      0.1294,      5.5232,     11.0463,      1.1432,     28.4246,     56.8492,      0.0190,      0.0005,      0.0156,      0.2013,   7628.5239,-417872.1875,   -910.3755,    545.3544,  25428.4121,
       1,     167,     201,       8,       1,       3,       1,     10.0000,      1.3904,     42.4494,    245.9223,     61.8892,      3.4953,      0.0197,     -0.0114,      0.2671,      0.1323,      5.5232,     11.0463,      1.1690,     28.4246,     56.8492,      0.0190,      0.0004,      0.0089,      0.2013,   7628.5239,-417769.6562,   -910.4009,    545.3613,  25428.4102,
       1,     167,     201,       9,       1,       3,       1,     10.0000,      1.3904,     42.4494,    245.9223,     61.8892,      3.4953,      0.1150,      0.0837,      4.3342,      0.1386,      5.5232,     11.0463,      1.2248,     28.4246,     56.8492,      0.0190,      0.0004,      0.1473,      0.2013,   7628.5234,-417324.7500,   -910.4003,    545.3917,  25428.4121,
       1,     167,     201,      10,       1,       3,       1,     10.0000,      1.3904,     42.4494,    245.9223,     61.8892,      3.4953,      0.1769,      0.1452,      8.0018,      0.1494,      5.5232,     11.0463,      1.3197,     28.4246,     56.8492,      0.0190,      0.0004,      0.2372,      0.2013,   7628.5239,-422415.2188,   -911.6580,    545.0446,  25428.4121,
       1,     167,     201,      11,       1,       3,       1,     10.0000,      1.3904,     42.4494,    245.9223,     61.8892,      3.4953,      0.1856,      0.1537,      7.8490,      0.1561,      5.5232,     11.0463,      1.3794,     28.4246,     56.8492,      0.0190,      0.0004,      0.2500,      0.2013,   7628.5239,-427478.6875,   -913.5308,    544.6997,  25428.4102,
       1,     167,     201,      12,       1,       3,       1,     10.0000,      1.3904,     42.4494,    245.9223,     61.8892,      3.4953,      0.1856,      0.1535,      8.6864,      0.1620,      5.5232,     11.0463,      1.4315,     28.4246,     56.8492,      0.0190,      0.0004,      0.2500,      0.2013,   7628.5234,-427721.5938,   -914.6208,    544.6833,  25428.4121,
       1,     167,     201,      13,       1,       3,       1,     10.0000,      1.3904,     42.4494,    245.9223,     61.8892,      3.4953,      0.1858,      0.1538,     11.1835,      0.1601,      5.5232,     11.0463,      1.4144,     28.4246,     56.8492,      0.0190,      0.0006,      0.2500,      0.2013,   7628.5239,-428798.2812,   -915.9366,    544.6100,  25428.4141,
       1,     167,     201,      14,       1,       3,       1,     10.0000,      1.3904,     42.4494,    245.9223,     61.8892,      3.4953,      0.1860,      0.1535,     14.9692,      0.1732,      5.5232,     11.0463,      1.5306,     28.4246,     56.8492,      0.0190,      0.0007,      0.2500,      0.2013,   7628.5244,-432040.2500,   -917.6314,    544.3893,  25428.4121,
       1,     167,     201,      15,       1,       3,       1,     10.0000,      1.3904,     42.4494,    245.9223,     61.8892,      3.4953,      0.1866,      0.1538,     22.4744,      0.1817,      5.5232,     11.0463,      1.6054,     28.4246,     56.8492,      0.0190,      0.0011,      0.2500,      0.2013,   7628.5239,-437094.2500,   -919.6767,    544.0454,  25428.4102,
       1,     167,     201,      16,       1,       3,       1,     10.0000,      1.3904,     42.4494,    245.9223,     61.8892,      3.4953,      0.1872,      0.1553,     28.3417,      0.1550,      5.5232,     11.0463,      1.3697,     28.4246,     56.8492,      0.0190,      0.0014,      0.2500,      0.2013,   7628.5234,-446996.2500,   -922.5765,    543.3721,  25428.4141,
       1,     167,     201,      17,       1,       3,       1,     10.0000,      1.3904,     42.4494,    245.9223,     61.8892,      3.4953,      0.1530,      0.1208,     28.4620,      0.1638,      5.5232,     11.0463,      1.4473,     28.4246,     56.8492,      0.0190,      0.0018,      0.1999,      0.2013,   7628.5244,-455249.5625,   -918.0336,    542.8120,  25428.4102,
       1,     167,     201,      18,       1,       3,       1,     10.0000,      1.3904,     42.4494,    245.9223,     61.8892,      3.4953,      0.1746,      0.1426,     34.1794,      0.1563,      5.5232,     11.0463,      1.3808,     28.4246,     56.8492,      0.0190,      0.0018,      0.2308,      0.2013,   7628.5234,-456110.1562,   -919.0185,    542.7539,  25428.4121,
       1,     167,     201,      19,       1,       3,       1,     10.0000,      1.3904,     42.4494,    245.9223,     61.8892,      3.4953,      0.1219,      0.0902,     29.6162,      0.1497,      5.5232,     11.0463,      1.3224,     28.4246,     56.8492,      0.0190,      0.0024,      0.1543,      0.2013,   7628.5239,-463397.8125,   -921.3156,    542.2595,  25428.4121,
       1,     167,     201,      20,       1,       3,       1,     10.0000,      1.3904,     42.4494,    245.9223,     61.8892,      3.4953,      0.0213,     -0.0101,      2.3621,      0.1427,      5.5232,     11.0463,      1.2612,     28.4246,     56.8492,      0.0190,      0.0028,      0.0106,      0.2013,   7628.5239,-458264.9375,   -921.1400,    542.6076,  25428.4141,
       1,     167,     201,      21,       1,       3,       1,     10.0000,      1.3904,     42.4494,    245.9223,     61.8892,      3.4953,      0.0001,     -0.0313,      1.7857,      0.1414,      5.5232,     11.0463,      1.2498,     28.4246,     56.8492,      0.0190,      0.0014,      0.0156,      0.2013,   7628.5244,-423433.7188,   -915.3564,    544.9702,  25428.4121,
       1,     167,     201,      22,       1,       3,       1,     10.0000,      1.3904,     42.4494,    245.9223,     61.8892,      3.4953,      0.0000,     -0.0313,      2.4417,      0.1380,      5.5232,     11.0463,      1.2198,     28.4246,     56.8492,      0.0190,      0.0019,      0.0156,      0.2013,   7628.5239,-419732.9375,   -910.7142,    545.2274,  25428.4121,
       1,     167,     201,      23,       1,       3,       1,     10.0000,      1.3904,     42.4494,    245.9223,     61.8892,      3.4953,      0.0000,     -0.0312,      2.1181,      0.1365,      5.5232,     11.0463,      1.2063,     28.4246,     56.8492,      0.0190,      0.0017,      0.0156,      0.2013,   7628.5239,-420235.8750,   -910.9294,    545.1932,  25428.4121,
       1,     167,     201,      24,       1,       3,       1,     10.0000,      1.3904,     42.4494,    245.9223,     61.8892,      3.4953,      0.0000,     -0.0311,      1.7935,      0.1331,      5.5232,     11.0463,      1.1762,     28.4246,     56.8492,      0.0190,      0.0014,      0.0156,      0.2013,   7628.5239,-419870.8125,   -910.7688,    545.2181,  25428.4141,
       1,     167,     202,       1,       1,       3,       1,     10.0000,      1.3904,     42.4497,    245.9281,     61.8908,      3.4953,      0.0000,     -0.0303,      0.9403,      0.1138,      5.5233,     11.0465,      1.0053,     28.4327,     56.8654,      0.0190,      0.0007,      0.0156,      0.2014,   7628.5244,-419586.3125,   -910.9521,    545.2503,  25429.5605,
       1,     167,     202,       2,       1,       3,       1,     10.0000,      1.3904,     42.4497,    245.9281,     61.8908,      3.4953,      0.0000,     -0.0303,      0.5452,      0.1124,      5.5233,     11.0465,      0.9930,     28.4327,     56.8654,      0.0190,      0.0004,      0.0156,      0.2014,   7628.8687,-418332.4688,   -910.5875,    545.3358,  25429.5625,
       1,     167,     202,       3,       1,       3,       1,     10.0000,      1.3904,     42.4497,    245.9281,     61.8908,      3.4953,      0.0000,     -0.0304,      0.3525,      0.1151,      5.5233,     11.0465,      1.0167,     28.4327,     56.8654,      0.0190,      0.0003,      0.0156,      0.2014,   7628.8691,-417726.1875,   -910.5247,    545.3771,  25429.5586,
       1,     167,     202,       4,       1,       3,       1,     10.0000,      1.3904,     42.4497,    245.9281,     61.8908,      3.4953,      0.0000,     -0.0304,      0.2868,      0.1159,      5.5233,     11.0465,      1.0240,     28.4327,     56.8654,      0.0190,      0.0002,      0.0156,      0.2014,   7628.8677,-417431.5625,   -910.4870,    545.3972,  25429.5605,
       1,     167,     202,       5,       1,       3,       1,     10.0000,      1.3904,     42.4497,    245.9281,     61.8908,      3.4953,      0.0000,     -0.0305,      0.2875,      0.1170,      5.5233,     11.0465,      1.0335,     28.4327,     56.8654,      0.0190,      0.0002,      0.0156,      0.2014,   7628.8687,-417323.2500,   -910.4708,    545.4046,  25429.5605,
       1,     167,     202,       6,       1,       3,       1,     10.0000,      1.3904,     42.4497,    245.9281,     61.8908,      3.4953,      0.0000,     -0.0304,      0.2787,      0.1162,      5.5233,     11.0465,      1.0272,     28.4327,     56.8654,      0.0190,      0.0002,      0.0156,      0.2014,   7628.8687,-417314.8125,   -910.4724,    545.4052,  25429.5605,
       1,     167,     202,       7,       1,       3,       1,     10.0000,      1.3904,     42.4497,    245.9281,     61.8908,      3.4953,      0.0000,     -0.0302,      0.2628,      0.1120,      5.5233,     11.0465,      0.9900,     28.4327,     56.8654,      0.0190,      0.0002,      0.0156,      0.2014,   7628.8687,-417302.9062,   -910.4724,    545.4060,  25429.5625,
       1,     167,     202,       8,       1,       3,       1,     10.0000,      1.3904,     42.4497,    245.9281,     61.8908,      3.4953,      0.0099,     -0.0204,      0.2619,      0.1117,      5.5233,     11.0465,      0.9869,     28.4327,     56.8654,      0.0190,      0.0002,      0.0156,      0.2014,   7628.8691,-417281.5000,   -910.0654,    545.4074,  25429.5605,
       1,     167,     202,       9,       1,       3,       1,     10.0000,      1.3904,     42.4497,    245.9281,     61.8908,      3.4953,      0.0887,      0.0584,      1.8592,      0.1126,      5.5233,     11.0465,      0.9950,     28.4327,     56.8654,      0.0190,      0.0002,      0.1097,      0.2014,   7628.8687,-417279.0000,   -910.0907,    545.4077,  25429.5605,
       1,     167,     202,      10,       1,       3,       1,     10.0000,      1.3904,     42.4497,    245.9281,     61.8908,      3.4953,      0.1481,      0.1176,      3.5612,      0.1199,      5.5233,     11.0465,      1.0591,     28.4327,     56.8654,      0.0190,      0.0002,      0.1957,      0.2014,   7628.8687,-419292.8750,   -910.7563,    545.2703,  25429.5605,
       1,     167,     202,      11,       1,       3,       1,     10.0000,      1.3904,     42.4497,    245.9281,     61.8908,      3.4953,      0.1666,      0.1357,      4.4386,      0.1299,      5.5233,     11.0465,      1.1479,     28.4327,     56.8654,      0.0190,      0.0002,      0.2225,      0.2014,   7628.8687,-421612.1875,   -911.8571,    545.1122,  25429.5605,
       1,     167,     202,      12,       1,       3,       1,     10.0000,      1.3904,     42.4497,    245.9281,     61.8908,      3.4953,      0.1856,      0.1545,      5.5152,      0.1338,      5.5233,     11.0465,      1.1822,     28.4327,     56.8654,      0.0190,      0.0003,      0.2500,      0.2014,   7628.8687,-422918.0938,   -912.2825,    545.0233,  25429.5605,
       1,     167,     202,      13,       1,       3,       1,     10.0000,      1.3904,     42.4497,    245.9281,     61.8908,      3.4953,      0.1855,      0.1541,      6.0628,      0.1430,      5.5233,     11.0465,      1.2638,     28.4327,     56.8654,      0.0190,      0.0003,      0.2500,      0.2013,   7628.8687,-424387.9375,   -912.7620,    544.9232,  25429.5605,
       1,     167,     202,      14,       1,       3,       1,     10.0000,      1.3904,     42.4497,    245.9281,     61.8908,      3.4953,      0.1856,      0.1538,      7.4825,      0.1515,      5.5233,     11.0465,      1.3385,     28.4327,     56.8654,      0.0190,      0.0004,      0.2500,      0.2013,   7628.8687,-425204.8438,   -914.4576,    544.8676,  25429.5605,
       1,     167,     202,      15,       1,       3,       1,     10.0000,      1.3904,     42.4497,    245.9281,     61.8908,      3.4953,      0.1759,      0.1438,     10.0093,      0.1617,      5.5233,     11.0465,      1.4287,     28.4327,     56.8654,      0.0190,      0.0005,      0.2356,      0.2013,   7628.8687,-427065.3438,   -916.4617,    544.7408,  25429.5605,
       1,     167,     202,      16,       1,       3,       1,     10.0000,      1.3904,     42.4497,    245.9281,     61.8908,      3.4953,      0.1860,      0.1539,     16.0171,      0.1628,      5.5233,     11.0465,      1.4387,     28.4327,     56.8654,      0.0190,      0.0008,      0.2498,      0.2013,   7628.8687,-430411.8750,   -917.7933,    544.5129,  25429.5605,
       1,     167,     202,      17,       1,       3,       1,     10.0000,      1.3904,     42.4497,    245.9281,     61.8908,      3.4953,      0.1636,      0.1316,     11.3748,      0.1564,      5.5233,     11.0465,      1.3822,     28.4327,     56.8654,      0.0190,      0.0006,      0.2173,      0.2013,   7628.8687,-438276.5625,   -915.3166,    543.9777,  25429.5586,
       1,     167,     202,      18,       1,       3,       1,     10.0000,      1.3904,     42.4497,    245.9281,     61.8908,      3.4953,      0.1041,      0.0717,     10.0626,      0.1688,      5.5233,     11.0465,      1.4914,     28.4327,     56.8654,      0.0190,      0.0010,      0.1301,      0.2013,   7628.8677,-433097.1562,   -915.3066,    544.3301,  25429.5625,
       1,     167,     202,      19,       1,       3,       1,     10.0000,      1.3904,     42.4497,    245.9281,     61.8908,      3.4953,      0.0858,      0.0537,     13.7507,      0.1638,      5.5233,     11.0465,      1.4474,     28.4327,     56.8654,      0.0190,      0.0017,      0.1030,      0.2013,   7628.8691,-430997.0000,   -915.3468,    544.4731,  25429.5605,
       1,     167,     202,      20,       1,       3,       1,     10.0000,      1.3904,     42.4497,    245.9281,     61.8908,      3.4953,      0.0370,      0.0053,      5.1827,      0.1492,      5.5233,     11.0465,      1.3184,     28.4327,     56.8654,      0.0190,      0.0019,      0.0330,      0.2013,   7628.8687,-435468.4375,   -916.6085,    544.1689,  25429.5605,
       1,     167,     202,      21,       1,       3,       1,     10.0000,      1.3904,     42.4497,    245.9281,     61.8908,      3.4953,      0.0001,     -0.0312,      2.5090,      0.1395,      5.5233,     11.0465,      1.2323,     28.4327,     56.8654,      0.0190,      0.0020,      0.0156,      0.2013,   7628.8687,-425045.8750,   -915.0895,    544.8779,  25429.5605,
       1,     167,     202,      22,       1,       3,       1,     10.0000,      1.3904,     42.4497,    245.9281,     61.8908,      3.4953,      0.0000,     -0.0312,      1.7637,      0.1367,      5.5233,     11.0465,      1.2076,     28.4327,     56.8654,      0.0190,      0.0014,      0.0156,      0.2013,   7628.8687,-420780.2500,   -914.5541,    545.1689,  25429.5625,
       1,     167,     202,      23,       1,       3,       1,     10.0000,      1.3904,     42.4497,    245.9281,     61.8908,      3.4953,      0.0000,     -0.0313,      3.1914,      0.1395,      5.5233,     11.0465,      1.2323,     28.4327,     56.8654,      0.0190,      0.0025,      0.0156,      0.2014,   7628.8691,-419473.0000,   -914.4529,    545.2581,  25429.5586,
       1,     167,     202,      24,       1,       3,       1,     10.0000,      1.3904,     42.4497,    245.9281,     61.8908,      3.4953,      0.0000,     -0.0312,      3.3132,      0.1365,      5.5233,     11.0465,      1.2064,     28.4327,     56.8654,      0.0190,      0.0026,      0.0156,      0.2014,   7628.8677,-421161.5000,   -915.0285,    545.1430,  25429.5605,
       1,     167,     203,       1,       1,       3,       1,     10.0000,      1.3904,     42.4501,    245.9340,     61.8922,      3.4953,      0.0000,     -0.0312,      2.4398,      0.1360,      5.5234,     11.0469,      1.2015,     28.4364,     56.8729,      0.0190,      0.0019,      0.0156,      0.2014,   7628.8687,-421616.4062,   -915.6384,    545.1249,  25430.7109,
       1,     167,     203,       2,       1,       3,       1,     10.0000,      1.3904,     42.4501,    245.9340,     61.8922,      3.4953,      0.0000,     -0.0313,      1.8718,      0.1378,      5.5234,     11.0469,      1.2174,     28.4364,     56.8729,      0.0190,      0.0015,      0.0156,      0.2014,   7629.2134,-420400.2500,   -915.3762,    545.2078,  25430.7109,
       1,     167,     203,       3,       1,       3,       1,     10.0000,      1.3904,     42.4501,    245.9340,     61.8922,      3.4953,      0.0000,     -0.0312,      1.4594,      0.1356,      5.5234,     11.0469,      1.1979,     28.4364,     56.8729,      0.0190,      0.0012,      0.0156,      0.2014,   7629.2134,-419579.5625,   -915.3894,    545.2637,  25430.7109,
       1,     167,     203,       4,       1,       3,       1,     10.0000,      1.3904,     42.4501,    245.9340,     61.8922,      3.4953,      0.0000,     -0.0311,      1.4727,      0.1331,      5.5234,     11.0469,      1.1762,     28.4364,     56.8729,      0.0190,      0.0012,      0.0156,      0.2014,   7629.2134,-418989.0938,   -915.4020,    545.3040,  25430.7109,
       1,     167,     203,       5,       1,       3,       1,     10.0000,      1.3904,     42.4501,    245.9340,     61.8922,      3.4953,      0.0000,     -0.0311,      1.1910,      0.1342,      5.5234,     11.0469,      1.1858,     28.4364,     56.8729,      0.0190,      0.0009,      0.0156,      0.2014,   7629.2134,-418955.0000,   -915.5192,    545.3063,  25430.7129,
       1,     167,     203,       6,       1,       3,       1,     10.0000,      1.3904,     42.4501,    245.9340,     61.8922,      3.4953,      0.0000,     -0.0311,      0.9998,      0.1324,      5.5234,     11.0469,      1.1703,     28.4364,     56.8729,      0.0190,      0.0008,      0.0156,      0.2014,   7629.2144,-418596.7188,   -915.5439,    545.3306,  25430.7090,
       1,     167,     203,       7,       1,       3,       1,     10.0000,      1.3904,     42.4501,    245.9340,     61.8922,      3.4953,      0.0000,     -0.0311,      0.9489,      0.1326,      5.5234,     11.0469,      1.1715,     28.4364,     56.8729,      0.0190,      0.0008,      0.0156,      0.2014,   7629.2129,-418325.4688,   -913.0917,    545.3491,  25430.7090,
       1,     167,     203,       8,       1,       3,       1,     10.0000,      1.3904,     42.4501,    245.9340,     61.8922,      3.4953,      0.0049,     -0.0261,      0.7561,      0.1314,      5.5234,     11.0469,      1.1608,     28.4364,     56.8729,      0.0190,      0.0006,      0.0156,      0.2014,   7629.2129,-418237.9688,   -910.2845,    545.3550,  25430.7090,
       1,     167,     203,       9,       1,       3,       1,     10.0000,      1.3904,     42.4501,    245.9340,     61.8922,      3.4953,      0.0710,      0.0397,      3.3109,      0.1368,      5.5234,     11.0469,      1.2088,     28.4364,     56.8729,      0.0190,      0.0005,      0.0832,      0.2014,   7629.2129,-417987.4375,   -910.2619,    545.3723,  25430.7109,
       1,     167,     203,      10,       1,       3,       1,     10.0000,      1.3904,     42.4501,    245.9340,     61.8922,      3.4953,      0.1557,      0.1239,      9.9281,      0.1533,      5.5234,     11.0469,      1.3547,     28.4364,     56.8729,      0.0190,      0.0006,      0.2060,      0.2014,   7629.2134,-421186.4688,   -911.1122,    545.1541,  25430.7109,
       1,     167,     203,      11,       1,       3,       1,     10.0000,      1.3904,     42.4501,    245.9340,     61.8922,      3.4953,      0.1815,      0.1491,     11.4279,      0.1686,      5.5234,     11.0469,      1.4900,     28.4364,     56.8729,      0.0190,      0.0006,      0.2437,      0.2014,   7629.2134,-429805.1875,   -913.4588,    544.5668,  25430.7109,
       1,     167,     203,      12,       1,       3,       1,     10.0000,      1.3904,     42.4501,    245.9340,     61.8922,      3.4953,      0.1856,      0.1527,      9.9433,      0.1844,      5.5234,     11.0469,      1.6296,     28.4364,     56.8729,      0.0190,      0.0005,      0.2500,      0.2014,   7629.2134,-432437.8125,   -915.0882,    544.3879,  25430.7109,
       1,     167,     203,      13,       1,       3,       1,     10.0000,      1.3904,     42.4501,    245.9340,     61.8922,      3.4953,      0.1854,      0.1522,      8.5832,      0.1959,      5.5234,     11.0469,      1.7311,     28.4364,     56.8729,      0.0190,      0.0004,      0.2500,      0.2014,   7629.2134,-430791.3125,   -916.4882,    544.5001,  25430.7109,
       1,     167,     203,      14,       1,       3,       1,     10.0000,      1.3904,     42.4501,    245.9340,     61.8922,      3.4953,      0.1857,      0.1528,     11.2526,      0.1839,      5.5234,     11.0469,      1.6248,     28.4364,     56.8729,      0.0190,      0.0006,      0.2500,      0.2014,   7629.2134,-428934.8125,   -915.5233,    544.6264,  25430.7090,
       1,     167,     203,      15,       1,       3,       1,     10.0000,      1.3904,     42.4501,    245.9340,     61.8922,      3.4953,      0.1870,      0.1551,     26.0022,      0.1564,      5.5234,     11.0469,      1.3822,     28.4364,     56.8729,      0.0190,      0.0013,      0.2500,      0.2014,   7629.2129,-432141.9062,   -917.7556,    544.4081,  25430.7109,
       1,     167,     203,      16,       1,       3,       1,     10.0000,      1.3904,     42.4501,    245.9340,     61.8922,      3.4953,      0.1882,      0.1568,     39.5707,      0.1426,      5.5234,     11.0469,      1.2600,     28.4364,     56.8729,      0.0190,      0.0020,      0.2500,      0.2014,   7629.2134,-451017.4375,   -920.4176,    543.1236,  25430.7090,
       1,     167,     203,      17,       1,       3,       1,     10.0000,      1.3904,     42.4501,    245.9340,     61.8922,      3.4953,      0.1453,      0.1138,     39.9770,      0.1424,      5.5234,     11.0469,      1.2587,     28.4364,     56.8729,      0.0190,      0.0026,      0.1872,      0.2014,   7629.2129,-469758.0625,   -920.8972,    541.8528,  25430.7109,
       1,     167,     203,      18,       1,       3,       1,     10.0000,      1.3904,     42.4501,    245.9340,     61.8922,      3.4953,      0.1136,      0.0821,     38.2661,      0.1437,      5.5234,     11.0469,      1.2702,     28.4364,     56.8729,      0.0190,      0.0034,      0.1412,      0.2013,   7629.2134,-471880.0938,   -922.3767,    541.7106,  25430.7109,
       1,     167,     203,      19,       1,       3,       1,     10.0000,      1.3904,     42.4501,    245.9340,     61.8922,      3.4953,      0.0593,      0.0278,     15.1117,      0.1459,      5.5234,     11.0469,      1.2896,     28.4364,     56.8729,      0.0190,      0.0029,      0.0645,      0.2013,   7629.2134,-469901.2500,   -923.0069,    541.8446,  25430.7109,
       1,     167,     203,      20,       1,       3,       1,     10.0000,      1.3904,     42.4501,    245.9340,     61.8922,      3.4953,      0.0181,     -0.0133,      0.8608,      0.1413,      5.5234,     11.0469,      1.2486,     28.4364,     56.8729,      0.0190,      0.0017,      0.0062,      0.2013,   7629.2134,-440515.8125,   -918.3313,    543.8348,  25430.7129,
       1,     167,     203,      21,       1,       3,       1,     10.0000,      1.3904,     42.4501,    245.9340,     61.8922,      3.4953,      0.0001,     -0.0312,      0.7817,      0.1368,      5.5234,     11.0469,      1.2088,     28.4364,     56.8729,      0.0190,      0.0006,      0.0156,      0.2014,   7629.2144,-420033.6250,   -914.8862,    545.2310,  25430.7090,
       1,     167,     203,      22,       1,       3,       1,     10.0000,      1.3904,     42.4501,    245.9340,     61.8922,      3.4953,      0.0000,     -0.0312,      0.4258,      0.1361,      5.5234,     11.0469,      1.2027,     28.4364,     56.8729,      0.0190,      0.0003,      0.0156,      0.2014,   7629.2129,-418176.1250,   -914.5793,    545.3593,  25430.7109,
       1,     167,     203,      23,       1,       3,       1,     10.0000,      1.3904,     42.4501,    245.9340,     61.8922,      3.4953,      0.0000,     -0.0311,      0.4529,      0.1345,      5.5234,     11.0469,      1.1882,     28.4364,     56.8729,      0.0190,      0.0004,      0.0156,      0.2014,   7629.2134,-417565.2812,   -914.4803,    545.4009,  25430.7109,
       1,     167,     203,      24,       1,       3,       1,     10.0000,      1.3904,     42.4501,    245.9340,     61.8922,      3.4953,      0.0000,     -0.0311,      0.5353,      0.1332,      5.5234,     11.0469,      1.1774,     28.4364,     56.8729,      0.0190,      0.0004,      0.0156,      0.2014,   7629.2134,-417546.8750,   -914.4907,    545.4022,  25430.7109,
       1,     167,     204,       1,       1,       3,       1,     10.0000,      1.3905,     42.4504,    245.9398,     61.8937,      3.4953,      0.0000,     -0.0311,      0.5522,      0.1345,      5.5242,     11.0485,      1.1882,     28.4391,     56.8782,      0.0190,      0.0004,      0.0156,      0.2014,   7629.2134,-417806.1875,   -914.8218,    545.3975,  25431.8594,
       1,     167,     204,       2,       1,       3,       1,     10.0000,      1.3905,     42.4504,    245.9398,     61.8937,      3.4953,      0.0000,     -0.0312,      0.4905,      0.1353,      5.5242,     11.0485,      1.1955,     28.4391,     56.8782,      0.0190,      0.0004,      0.0156,      0.2014,   7629.5581,-417695.7500,   -914.5693,    545.4050,  25431.8574,
       1,     167,     204,       3,       1,       3,       1,     10.0000,      1.3905,     42.4504,    245.9398,     61.8937,      3.4953,      0.0000,     -0.0311,      0.4748,      0.1343,      5.5242,     11.0485,      1.1870,     28.4391,     56.8782,      0.0190,      0.0004,      0.0156,      0.2014,   7629.5576,-417608.8125,   -914.5731,    545.4110,  25431.8574,
       1,     167,     204,       4,       1,       3,       1,     10.0000,      1.3905,     42.4504,    245.9398,     61.8937,      3.4953,      0.0000,     -0.0311,      0.4817,      0.1342,      5.5242,     11.0485,      1.1858,     28.4391,     56.8782,      0.0190,      0.0004,      0.0156,      0.2014,   7629.5576,-417581.4062,   -914.5866,    545.4128,  25431.8555,
       1,     167,     204,       5,       1,       3,       1,     10.0000,      1.3905,     42.4504,    245.9398,     61.8937,      3.4953,      0.0000,     -0.0311,      0.5653,      0.1327,      5.5242,     11.0485,      1.1727,     28.4391,     56.8782,      0.0190,      0.0004,      0.0156,      0.2014,   7629.5571,-417588.0938,   -914.6080,    545.4124,  25431.8574,
       1,     167,     204,       6,       1,       3,       1,     10.0000,      1.3905,     42.4504,    245.9398,     61.8937,      3.4953,      0.0000,     -0.0310,      0.6695,      0.1300,      5.5242,     11.0485,      1.1491,     28.4391,     56.8782,      0.0190,      0.0005,      0.0156,      0.2014,   7629.5576,-417693.9062,   -914.6568,    545.4052,  25431.8574,
       1,     167,     204,       7,       1,       3,       1,     10.0000,      1.3905,     42.4504,    245.9398,     61.8937,      3.4953,      0.0000,     -0.0311,      0.5013,      0.1320,      5.5242,     11.0485,      1.1667,     28.4391,     56.8782,      0.0190,      0.0004,      0.0156,      0.2014,   7629.5576,-417834.2500,   -914.7261,    545.3956,  25431.8574,
       1,     167,     204,       8,       1,       3,       1,     10.0000,      1.3905,     42.4504,    245.9398,     61.8937,      3.4953,      0.0225,     -0.0085,      0.3088,      0.1327,      5.5242,     11.0485,      1.1727,     28.4391,     56.8782,      0.0190,      0.0003,      0.0131,      0.2014,   7629.5576,-417634.3125,   -912.0452,    545.4093,  25431.8594,
       1,     167,     204,       9,       1,       3,       1,     10.0000,      1.3905,     42.4504,    245.9398,     61.8937,      3.4953,      0.1200,      0.0888,      3.2763,      0.1360,      5.5242,     11.0485,      1.2015,     28.4391,     56.8782,      0.0190,      0.0003,      0.1547,      0.2014,   7629.5581,-417374.0000,   -912.0709,    545.4269,  25431.8574,
       1,     167,     204,      10,       1,       3,       1,     10.0000,      1.3905,     42.4504,    245.9398,     61.8937,      3.4953,      0.1750,      0.1435,      5.2933,      0.1446,      5.5242,     11.0485,      1.2779,     28.4391,     56.8782,      0.0190,      0.0003,      0.2347,      0.2014,   7629.5576,-421093.1250,   -913.3972,    545.1734,  25431.8574,
       1,     167,     204,      11,       1,       3,       1,     10.0000,      1.3905,     42.4504,    245.9398,     61.8937,      3.4953,      0.1837,      0.1515,      6.4673,      0.1645,      5.5242,     11.0485,      1.4533,     28.4391,     56.8782,      0.0190,      0.0003,      0.2474,      0.2014,   7629.5576,-423955.8125,   -915.1487,    544.9785,  25431.8574,
       1,     167,     204,      12,       1,       3,       1,     10.0000,      1.3905,     42.4504,    245.9398,     61.8937,      3.4953,      0.1854,      0.1529,      7.5008,      0.1744,      5.5242,     11.0485,      1.5414,     28.4391,     56.8782,      0.0190,      0.0004,      0.2500,      0.2014,   7629.5576,-425681.8125,   -916.5260,    544.8608,  25431.8574,
       1,     167,     204,      13,       1,       3,       1,     10.0000,      1.3905,     42.4504,    245.9398,     61.8937,      3.4953,      0.1854,      0.1524,      8.0728,      0.1874,      5.5242,     11.0485,      1.6557,     28.4391,     56.8782,      0.0190,      0.0004,      0.2500,      0.2014,   7629.5576,-427133.1875,   -917.7673,    544.7620,  25431.8574,
       1,     167,     204,      14,       1,       3,       1,     10.0000,      1.3905,     42.4504,    245.9398,     61.8937,      3.4953,      0.1854,      0.1526,      7.3761,      0.1828,      5.5242,     11.0485,      1.6152,     28.4391,     56.8782,      0.0190,      0.0004,      0.2500,      0.2014,   7629.5576,-427979.0312,   -919.5142,    544.7044,  25431.8574,
       1,     167,     204,      15,       1,       3,       1,     10.0000,      1.3905,     42.4504,    245.9398,     61.8937,      3.4953,      0.1857,      0.1537,      9.0754,      0.1571,      5.5242,     11.0485,      1.3878,     28.4391,     56.8782,      0.0190,      0.0004,      0.2500,      0.2014,   7629.5576,-427173.2812,   -917.0576,    544.7593,  25431.8574,
       1,     167,     204,      16,       1,       3,       1,     10.0000,      1.3905,     42.4504,    245.9398,     61.8937,      3.4953,      0.1875,      0.1554,     31.5083,      0.1591,      5.5242,     11.0485,      1.4060,     28.4391,     56.8782,      0.0190,      0.0016,      0.2500,      0.2014,   7629.5576,-429246.6250,   -916.9816,    544.6182,  25431.8555,
       1,     167,     204,      17,       1,       3,       1,     10.0000,      1.3905,     42.4504,    245.9398,     61.8937,      3.4953,      0.1887,      0.1567,     47.4622,      0.1596,      5.5242,     11.0485,      1.4103,     28.4391,     56.8782,      0.0190,      0.0024,      0.2500,      0.2014,   7629.5571,-457709.7500,   -923.7820,    542.6804,  25431.8574,
       1,     167,     204,      18,       1,       3,       1,     10.0000,      1.3905,     42.4504,    245.9398,     61.8937,      3.4953,      0.1606,      0.1288,     52.6740,      0.1536,      5.5242,     11.0485,      1.3575,     28.4391,     56.8782,      0.0190,      0.0031,      0.2082,      0.2014,   7629.5576,-480287.0312,   -929.6656,    541.1523,  25431.8574,
       1,     167,     204,      19,       1,       3,       1,     10.0000,      1.3905,     42.4504,    245.9398,     61.8937,      3.4953,      0.1182,      0.0865,     30.4450,      0.1510,      5.5242,     11.0485,      1.3345,     28.4391,     56.8782,      0.0190,      0.0025,      0.1487,      0.2013,   7629.5576,-488800.7812,   -932.2615,    540.5786,  25431.8594,
       1,     167,     204,      20,       1,       3,       1,     10.0000,      1.3905,     42.4504,    245.9398,     61.8937,      3.4953,      0.0247,     -0.0068,      1.1328,      0.1448,      5.5242,     11.0485,      1.2792,     28.4391,     56.8782,      0.0190,      0.0009,      0.0156,      0.2013,   7629.5581,-461474.9062,   -927.8840,    542.4254,  25431.8574,
       1,     167,     204,      21,       1,       3,       1,     10.0000,      1.3905,     42.4504,    245.9398,     61.8937,      3.4953,      0.0001,     -0.0313,      1.3460,      0.1407,      5.5242,     11.0485,      1.2436,     28.4391,     56.8782,      0.0190,      0.0011,      0.0156,      0.2014,   7629.5576,-422167.5312,   -920.7817,    545.0937,  25431.8574,
       1,     167,     204,      22,       1,       3,       1,     10.0000,      1.3905,     42.4504,    245.9398,     61.8937,      3.4953,      0.0000,     -0.0315,      1.7128,      0.1440,      5.5242,     11.0485,      1.2728,     28.4391,     56.8782,      0.0190,      0.0014,      0.0156,      0.2014,   7629.5576,-419079.7500,   -920.2779,    545.3107,  25431.8555,
       1,     167,     204,      23,       1,       3,       1,     10.0000,      1.3905,     42.4504,    245.9398,     61.8937,      3.4953,      0.0000,     -0.0315,      1.8991,      0.1446,      5.5242,     11.0485,      1.2779,     28.4391,     56.8782,      0.0190,      0.0015,      0.0156,      0.2014,   7629.5571,-419269.0312,   -920.4075,    545.2979,  25431.8574,
       1,     167,     204,      24,       1,       3,       1,     10.0000,      1.3905,     42.4504,    245.9398,     61.8937,      3.4953,      0.0000,     -0.0315,      1.6445,      0.1439,      5.5242,     11.0485,      1.2715,     28.4391,     56.8782,      0.0190,      0.0013,      0.0156,      0.2014,   7629.5576,-419519.7500,   -920.5590,    545.2807,  25431.8574,
       1,     167,     205,       1,       1,       3,       1,     10.0000,      1.3905,     42.4507,    245.9457,     61.8951,      3.4953,      0.0000,     -0.0314,      1.3482,      0.1422,      5.5239,     11.0479,      1.2562,     28.4475,     56.8951,      0.0190,      0.0011,      0.0156,      0.2014,   7629.5576,-419376.9688,   -920.8877,    545.3034,  25433.0059,
       1,     167,     205,       2,       1,       3,       1,     10.0000,      1.3905,     42.4507,    245.9457,     61.8951,      3.4953,      0.0000,     -0.0314,      0.9388,      0.1419,      5.5239,     11.0479,      1.2537,     28.4475,     56.8951,      0.0190,      0.0007,      0.0156,      0.2014,   7629.9019,-418837.2812,   -920.5920,    545.3402,  25433.0059,
       1,     167,     205,       3,       1,       3,       1,     10.0000,      1.3905,     42.4507,    245.9457,     61.8951,      3.4953,      0.0000,     -0.0314,      0.9110,      0.1425,      5.5239,     11.0479,      1.2588,     28.4475,     56.8951,      0.0190,      0.0007,      0.0156,      0.2014,   7629.9019,-418274.6875,   -920.5291,    545.3785,  25433.0059,
       1,     167,     205,       4,       1,       3,       1,     10.0000,      1.3905,     42.4507,    245.9457,     61.8951,      3.4953,      0.0000,     -0.0314,      1.0299,      0.1403,      5.5239,     11.0479,      1.2399,     28.4475,     56.8951,      0.0190,      0.0008,      0.0156,      0.2014,   7629.9019,-418191.3750,   -920.5471,    545.3843,  25433.0039,
       1,     167,     205,       5,       1,       3,       1,     10.0000,      1.3905,     42.4507,    245.9457,     61.8951,      3.4953,      0.0000,     -0.0314,      0.8396,      0.1405,      5.5239,     11.0479,      1.2411,     28.4475,     56.8951,      0.0190,      0.0007,      0.0156,      0.2014,   7629.9014,-418334.3750,   -920.6173,    545.3745,  25433.0059,
       1,     167,     205,       6,       1,       3,       1,     10.0000,      1.3905,     42.4507,    245.9457,     61.8951,      3.4953,      0.0000,     -0.0313,      0.6956,      0.1378,      5.5239,     11.0479,      1.2175,     28.4475,     56.8951,      0.0190,      0.0006,      0.0156,      0.2014,   7629.9019,-418106.5000,   -920.6081,    545.3901,  25433.0039,
       1,     167,     205,       7,       1,       3,       1,     10.0000,      1.3905,     42.4507,    245.9457,     61.8951,      3.4953,      0.0000,     -0.0313,      0.5959,      0.1381,      5.5239,     11.0479,      1.2200,     28.4475,     56.8951,      0.0190,      0.0005,      0.0156,      0.2014,   7629.9014,-417905.7188,   -920.5966,    545.4037,  25433.0059,
       1,     167,     205,       8,       1,       3,       1,     10.0000,      1.3905,     42.4507,    245.9457,     61.8951,      3.4953,      0.0170,     -0.0143,      0.1579,      0.1402,      5.5239,     11.0479,      1.2386,     28.4475,     56.8951,      0.0190,      0.0004,      0.0047,      0.2014,   7629.9019,-417762.5000,   -920.5876,    545.4135,  25433.0059,
       1,     167,     205,       9,       1,       3,       1,     10.0000,      1.3905,     42.4507,    245.9457,     61.8951,      3.4953,      0.1156,      0.0836,      4.7443,      0.1586,      5.5239,     11.0479,      1.4018,     28.4475,     56.8951,      0.0190,      0.0004,      0.1478,      0.2014,   7629.9019,-417198.0625,   -920.5127,    545.4520,  25433.0039,
       1,     167,     205,      10,       1,       3,       1,     10.0000,      1.3905,     42.4507,    245.9457,     61.8951,      3.4953,      0.1621,      0.1292,      6.9032,      0.1848,      5.5239,     11.0479,      1.6329,     28.4475,     56.8951,      0.0190,      0.0004,      0.2158,      0.2014,   7629.9014,-422930.9375,   -921.7288,    545.0611,  25433.0059,
       1,     167,     205,      11,       1,       3,       1,     10.0000,      1.3905,     42.4507,    245.9457,     61.8951,      3.4953,      0.1623,      0.1292,      6.8605,      0.1948,      5.5239,     11.0479,      1.7209,     28.4475,     56.8951,      0.0190,      0.0004,      0.2162,      0.2014,   7629.9019,-426145.1875,   -922.6197,    544.8422,  25433.0059,
       1,     167,     205,      12,       1,       3,       1,     10.0000,      1.3905,     42.4507,    245.9457,     61.8951,      3.4953,      0.1853,      0.1521,      8.1291,      0.1979,      5.5239,     11.0479,      1.7484,     28.4475,     56.8951,      0.0190,      0.0004,      0.2500,      0.2014,   7629.9019,-426367.4688,   -922.9525,    544.8271,  25433.0039,
       1,     167,     205,      13,       1,       3,       1,     10.0000,      1.3905,     42.4507,    245.9457,     61.8951,      3.4953,      0.1854,      0.1518,      9.7328,      0.2089,      5.5239,     11.0479,      1.8458,     28.4475,     56.8951,      0.0190,      0.0005,      0.2500,      0.2014,   7629.9014,-427986.2188,   -923.7189,    544.7169,  25433.0039,
       1,     167,     205,      14,       1,       3,       1,     10.0000,      1.3905,     42.4507,    245.9457,     61.8951,      3.4953,      0.1864,      0.1528,     22.0334,      0.2087,      5.5239,     11.0479,      1.8440,     28.4475,     56.8951,      0.0190,      0.0011,      0.2500,      0.2014,   7629.9014,-430147.0000,   -924.5973,    544.5698,  25433.0039,
       1,     167,     205,      15,       1,       3,       1,     10.0000,      1.3905,     42.4507,    245.9457,     61.8951,      3.4953,      0.1894,      0.1557,     61.5421,      0.2124,      5.5239,     11.0479,      1.8769,     28.4475,     56.8951,      0.0190,      0.0031,      0.2500,      0.2014,   7629.9014,-445840.3438,   -928.0432,    543.5015,  25433.0059,
       1,     167,     205,      16,       1,       3,       1,     10.0000,      1.3905,     42.4507,    245.9457,     61.8951,      3.4953,      0.1821,      0.1484,     76.2994,      0.2116,      5.5239,     11.0479,      1.8695,     28.4475,     56.8951,      0.0190,      0.0040,      0.2374,      0.2014,   7629.9019,-497011.5938,   -938.2958,    540.0261,  25433.0039,
       1,     167,     205,      17,       1,       3,       1,     10.0000,      1.3905,     42.4507,    245.9457,     61.8951,      3.4953,      0.1794,      0.1458,     79.6759,      0.2099,      5.5239,     11.0479,      1.8549,     28.4475,     56.8951,      0.0190,      0.0042,      0.2331,      0.2014,   7629.9014,-520054.3438,   -943.3565,    538.4818,  25433.0078,
       1,     167,     205,      18,       1,       3,       1,     10.0000,      1.3905,     42.4507,    245.9457,     61.8951,      3.4953,      0.1573,      0.1240,     75.1209,      0.1988,      5.5239,     11.0479,      1.7570,     28.4475,     56.8951,      0.0190,      0.0046,      0.2009,      0.2013,   7629.9028,-526281.4375,   -945.2443,    538.0648,  25433.0059,
       1,     167,     205,      19,       1,       3,       1,     10.0000,      1.3905,     42.4507,    245.9457,     61.8951,      3.4953,      0.1103,      0.0774,     52.4866,      0.1859,      5.5239,     11.0479,      1.6427,     28.4475,     56.8951,      0.0190,      0.0049,      0.1341,      0.2013,   7629.9019,-521061.0000,   -944.8849,    538.4160,  25433.0059,
       1,     167,     205,      20,       1,       3,       1,     10.0000,      1.3905,     42.4507,    245.9457,     61.8951,      3.4953,      0.0245,     -0.0080,      5.1368,      0.1725,      5.5239,     11.0479,      1.5246,     28.4475,     56.8951,      0.0190,      0.0046,      0.0137,      0.2013,   7629.9019,-492039.2188,   -939.8465,    540.3694,  25433.0020,
       1,     167,     205,      21,       1,       3,       1,     10.0000,      1.3905,     42.4507,    245.9457,     61.8951,      3.4953,      0.0001,     -0.0321,      5.2456,      0.1661,      5.5239,     11.0479,      1.4679,     28.4475,     56.8951,      0.0190,      0.0042,      0.0156,      0.2014,   7629.9009,-429816.7812,   -928.2180,    544.5759,  25433.0020,
       1,     167,     205,      22,       1,       3,       1,     10.0000,      1.3905,     42.4507,    245.9457,     61.8951,      3.4953,      0.0000,     -0.0322,      5.0890,      0.1632,      5.5239,     11.0479,      1.4417,     28.4475,     56.8951,      0.0190,      0.0040,      0.0156,      0.2014,   7629.9009,-424667.9688,   -927.3210,    544.9428,  25433.0039,
       1,     167,     205,      23,       1,       3,       1,     10.0000,      1.3905,     42.4507,    245.9457,     61.8951,      3.4953,      0.0000,     -0.0321,      4.2769,      0.1620,      5.5239,     11.0479,      1.4316,     28.4475,     56.8951,      0.0190,      0.0034,      0.0156,      0.2014,   7629.9014,-424007.7188,   -927.2625,    544.9879,  25433.0039,
       1,     167,     205,      24,       1,       3,       1,     10.0000,      1.3905,     42.4507,    245.9457,     61.8951,      3.4953,      0.0000,     -0.0322,      3.3992,      0.1627,      5.5239,     11.0479,      1.4374,     28.4475,     56.8951,      0.0190,      0.0027,      0.0156,      0.2014,   7629.9014,-422927.1875,   -927.1080,    545.0615,  25433.0039,
       1,     167,     206,       1,       1,       3,       1,     10.0000,      1.3905,     42.4511,    245.9516,     61.8966,      3.4953,      0.0000,     -0.0321,      2.2960,      0.1598,      5.5241,     11.0483,      1.4117,     28.4540,     56.9081,      0.0190,      0.0018,      0.0156,      0.2015,   7629.9014,-421884.0312,   -927.2244,    545.1454,  25434.1504,
       1,     167,     206,       2,       1,       3,       1,     10.0000,      1.3905,     42.4511,    245.9516,     61.8966,      3.4953,      0.0000,     -0.0320,      1.7148,      0.1582,      5.5241,     11.0483,      1.3977,     28.4540,     56.9081,      0.0190,      0.0014,      0.0156,      0.2015,   7630.2456,-420250.5000,   -926.6648,    545.2568,  25434.1523,
       1,     167,     206,       3,       1,       3,       1,     10.0000,      1.3905,     42.4511,    245.9516,     61.8966,      3.4953,      0.0000,     -0.0320,      1.4114,      0.1569,      5.5241,     11.0483,      1.3865,     28.4540,     56.9081,      0.0190,      0.0011,      0.0156,      0.2015,   7630.2461,-419377.2500,   -926.5137,    545.3163,  25434.1523,
       1,     167,     206,       4,       1,       3,       1,     10.0000,      1.3905,     42.4511,    245.9516,     61.8966,      3.4953,      0.0000,     -0.0319,      1.2837,      0.1552,      5.5241,     11.0483,      1.3713,     28.4540,     56.9081,      0.0190,      0.0010,      0.0156,      0.2015,   7630.2461,-418919.7500,   -926.4386,    545.3475,  25434.1504,
       1,     167,     206,       5,       1,       3,       1,     10.0000,      1.3905,     42.4511,    245.9516,     61.8966,      3.4953,      0.0000,     -0.0319,      1.6964,      0.1544,      5.5241,     11.0483,      1.3644,     28.4540,     56.9081,      0.0190,      0.0013,      0.0156,      0.2015,   7630.2456,-418719.9062,   -926.4117,    545.3610,  25434.1523,
       1,     167,     206,       6,       1,       3,       1,     10.0000,      1.3905,     42.4511,    245.9516,     61.8966,      3.4953,      0.0000,     -0.0318,      1.5749,      0.1515,      5.5241,     11.0483,      1.3386,     28.4540,     56.9081,      0.0190,      0.0013,      0.0156,      0.2015,   7630.2461,-419222.5938,   -926.5205,    545.3268,  25434.1523,
       1,     167,     206,       7,       1,       3,       1,     10.0000,      1.3905,     42.4511,    245.9516,     61.8966,      3.4953,      0.0000,     -0.0317,      1.5605,      0.1503,      5.5241,     11.0483,      1.3279,     28.4540,     56.9081,      0.0190,      0.0012,      0.0156,      0.2015,   7630.2461,-419112.5938,   -926.5120,    545.3343,  25434.1523,
       1,     167,     206,       8,       1,       3,       1,     10.0000,      1.3905,     42.4511,    245.9516,     61.8966,      3.4953,      0.0090,     -0.0229,      1.4470,      0.1530,      5.5241,     11.0483,      1.3521,     28.4540,     56.9081,      0.0190,      0.0011,      0.0156,      0.2015,   7630.2461,-419085.0312,   -926.5184,    545.3361,  25434.1504,
       1,     167,     206,       9,       1,       3,       1,     10.0000,      1.3905,     42.4511,    245.9516,     61.8966,      3.4953,      0.0822,      0.0499,     10.3793,      0.1680,      5.5241,     11.0483,      1.4841,     28.4540,     56.9081,      0.0190,      0.0013,      0.0980,      0.2015,   7630.2456,-418940.1250,   -926.5023,    545.3461,  25434.1523,
       1,     167,     206,      10,       1,       3,       1,     10.0000,      1.3905,     42.4511,    245.9516,     61.8966,      3.4953,      0.1404,      0.1074,     19.7144,      0.1896,      5.5241,     11.0483,      1.6756,     28.4540,     56.9081,      0.0190,      0.0013,      0.1824,      0.2015,   7630.2461,-430185.1250,   -928.6974,    544.5795,  25434.1523,
       1,     167,     206,      11,       1,       3,       1,     10.0000,      1.3905,     42.4511,    245.9516,     61.8966,      3.4953,      0.1724,      0.1391,     26.2255,      0.1971,      5.5241,     11.0483,      1.7415,     28.4540,     56.9081,      0.0190,      0.0014,      0.2287,      0.2014,   7630.2461,-442920.3125,   -931.2272,    543.7131,  25434.1523,
       1,     167,     206,      12,       1,       3,       1,     10.0000,      1.3905,     42.4511,    245.9516,     61.8966,      3.4953,      0.1761,      0.1426,     26.0826,      0.2044,      5.5241,     11.0483,      1.8063,     28.4540,     56.9081,      0.0190,      0.0014,      0.2343,      0.2014,   7630.2461,-452224.2812,   -933.1392,    543.0815,  25434.1504,
       1,     167,     206,      13,       1,       3,       1,     10.0000,      1.3905,     42.4511,    245.9516,     61.8966,      3.4953,      0.1580,      0.1242,     24.6080,      0.2158,      5.5241,     11.0483,      1.9067,     28.4540,     56.9081,      0.0190,      0.0015,      0.2077,      0.2014,   7630.2456,-452842.7500,   -933.3925,    543.0399,  25434.1523,
       1,     167,     206,      14,       1,       3,       1,     10.0000,      1.3905,     42.4511,    245.9516,     61.8966,      3.4953,      0.1806,      0.1466,     47.2719,      0.2235,      5.5241,     11.0483,      1.9752,     28.4540,     56.9081,      0.0190,      0.0025,      0.2387,      0.2014,   7630.2461,-451035.4375,   -933.1681,    543.1625,  25434.1543,
       1,     167,     206,      15,       1,       3,       1,     10.0000,      1.3905,     42.4511,    245.9516,     61.8966,      3.4953,      0.1906,      0.1568,     77.1568,      0.2162,      5.5241,     11.0483,      1.9104,     28.4540,     56.9081,      0.0190,      0.0038,      0.2500,      0.2014,   7630.2466,-479458.6562,   -938.8184,    541.2327,  25434.1543,
       1,     167,     206,      16,       1,       3,       1,     10.0000,      1.3905,     42.4511,    245.9516,     61.8966,      3.4953,      0.1754,      0.1416,     76.6545,      0.2147,      5.5241,     11.0483,      1.8974,     28.4540,     56.9081,      0.0190,      0.0042,      0.2275,      0.2014,   7630.2466,-519605.4688,   -946.8572,    538.5200,  25434.1523,
       1,     167,     206,      17,       1,       3,       1,     10.0000,      1.3905,     42.4511,    245.9516,     61.8966,      3.4953,      0.1764,      0.1429,     79.1745,      0.2040,      5.5241,     11.0483,      1.8027,     28.4540,     56.9081,      0.0190,      0.0043,      0.2286,      0.2014,   7630.2461,-522425.4688,   -947.7650,    538.3370,  25434.1523,
       1,     167,     206,      18,       1,       3,       1,     10.0000,      1.3905,     42.4511,    245.9516,     61.8966,      3.4953,      0.0969,      0.0635,     47.3559,      0.2006,      5.5241,     11.0483,      1.7727,     28.4540,     56.9081,      0.0190,      0.0051,      0.1148,      0.2014,   7630.2461,-525839.2500,   -948.7890,    538.1074,  25434.1504,
       1,     167,     206,      19,       1,       3,       1,     10.0000,      1.3905,     42.4511,    245.9516,     61.8966,      3.4953,      0.0285,     -0.0045,      8.4884,      0.1889,      5.5241,     11.0483,      1.6690,     28.4540,     56.9081,      0.0190,      0.0057,      0.0186,      0.2013,   7630.2456,-485962.7188,   -941.3217,    540.7897,  25434.1523,
       1,     167,     206,      20,       1,       3,       1,     10.0000,      1.3905,     42.4511,    245.9516,     61.8966,      3.4953,      0.0217,     -0.0109,      3.9787,      0.1758,      5.5241,     11.0483,      1.5538,     28.4540,     56.9081,      0.0190,      0.0051,      0.0097,      0.2014,   7630.2461,-433535.7500,   -931.1889,    544.3403,  25434.1543,
       1,     167,     206,      21,       1,       3,       1,     10.0000,      1.3905,     42.4511,    245.9516,     61.8966,      3.4953,      0.0001,     -0.0322,      5.8471,      0.1650,      5.5241,     11.0483,      1.4577,     28.4540,     56.9081,      0.0190,      0.0046,      0.0156,      0.2014,   7630.2466,-423385.4375,   -929.1736,    545.0427,  25434.1504,
       1,     167,     206,      22,       1,       3,       1,     10.0000,      1.3905,     42.4511,    245.9516,     61.8966,      3.4953,      0.0000,     -0.0321,      5.2168,      0.1622,      5.5241,     11.0483,      1.4331,     28.4540,     56.9081,      0.0190,      0.0041,      0.0156,      0.2015,   7630.2456,-424855.8750,   -929.4217,    544.9429,  25434.1523,
       1,     167,     206,      23,       1,       3,       1,     10.0000,      1.3905,     42.4511,    245.9516,     61.8966,      3.4953,      0.0000,     -0.0321,      5.2800,      0.1620,      5.5241,     11.0483,      1.4317,     28.4540,     56.9081,      0.0190,      0.0042,      0.0156,      0.2015,   7630.2461,-424186.8125,   -929.2559,    544.9885,  25434.1543,
       1,     167,     206,      24,       1,       3,       1,     10.0000,      1.3905,     42.4511,    245.9516,     61.8966,      3.4953,      0.0000,     -0.0321,      4.6883,      0.1609,      5.5241,     11.0483,      1.4217,     28.4540,     56.9081,      0.0190,      0.0037,      0.0156,      0.2015,   7630.2466,-424208.9688,   -929.2211,    544.9871,  25434.1523,
       1,     167,     207,       1,       1,       3,       1,     10.0000,      1.3905,     42.4514,    245.9574,     61.8981,      3.4953,      0.0000,     -0.0321,      3.6924,      0.1596,      5.5243,     11.0485,      1.4104,     28.4541,     56.9081,      0.0190,      0.0029,      0.0156,      0.2015,   7630.2461,-423621.1562,   -929.3553,    545.0400,  25435.2988,
       1,     167,     207,       2,       1,       3,       1,     10.0000,      1.3905,     42.4514,    245.9574,     61.8981,      3.4953,      0.0000,     -0.0320,      2.3770,      0.1588,      5.5243,     11.0485,      1.4033,     28.4541,     56.9081,      0.0190,      0.0019,      0.0156,      0.2015,   7630.5898,-422161.9688,   -928.7670,    545.1394,  25435.2988,
       1,     167,     207,       3,       1,       3,       1,     10.0000,      1.3905,     42.4514,    245.9574,     61.8981,      3.4953,      0.0000,     -0.0320,      1.9772,      0.1588,      5.5243,     11.0485,      1.4033,     28.4541,     56.9081,      0.0190,      0.0016,      0.0156,      0.2015,   7630.5898,-420378.9375,   -928.4039,    545.2609,  25435.2988,
       1,     167,     207,       4,       1,       3,       1,     10.0000,      1.3905,     42.4514,    245.9574,     61.8981,      3.4953,      0.0000,     -0.0320,      1.8015,      0.1571,      5.5243,     11.0485,      1.3879,     28.4541,     56.9081,      0.0190,      0.0014,      0.0156,      0.2015,   7630.5898,-419721.9688,   -928.2628,    545.3058,  25435.2988,
       1,     167,     207,       5,       1,       3,       1,     10.0000,      1.3905,     42.4514,    245.9574,     61.8981,      3.4953,      0.0000,     -0.0319,      1.6452,      0.1544,      5.5243,     11.0485,      1.3644,     28.4541,     56.9081,      0.0190,      0.0013,      0.0156,      0.2015,   7630.5898,-419443.9688,   -928.1968,    545.3247,  25435.3008,
       1,     167,     207,       6,       1,       3,       1,     10.0000,      1.3905,     42.4514,    245.9574,     61.8981,      3.4953,      0.0000,     -0.0318,      1.7344,      0.1521,      5.5243,     11.0485,      1.3440,     28.4541,     56.9081,      0.0190,      0.0014,      0.0156,      0.2015,   7630.5903,-419222.9688,   -928.1431,    545.3398,  25435.2988,
       1,     167,     207,       7,       1,       3,       1,     10.0000,      1.3905,     42.4514,    245.9574,     61.8981,      3.4953,      0.0000,     -0.0318,      1.8452,      0.1519,      5.5243,     11.0485,      1.3427,     28.4541,     56.9081,      0.0190,      0.0015,      0.0156,      0.2015,   7630.5898,-419316.5000,   -928.1500,    545.3334,  25435.2988,
       1,     167,     207,       8,       1,       3,       1,     10.0000,      1.3905,     42.4514,    245.9574,     61.8981,      3.4953,      0.0094,     -0.0225,      2.3408,      0.1539,      5.5243,     11.0485,      1.3603,     28.4541,     56.9081,      0.0190,      0.0019,      0.0156,      0.2015,   7630.5898,-419464.2188,   -928.1655,    545.3232,  25435.2988,
       1,     167,     207,       9,       1,       3,       1,     10.0000,      1.3905,     42.4514,    245.9574,     61.8981,      3.4953,      0.0983,      0.0661,     20.9621,      0.1640,      5.5243,     11.0485,      1.4490,     28.4541,     56.9081,      0.0190,      0.0022,      0.1205,      0.2015,   7630.5898,-420101.5625,   -928.2693,    545.2798,  25435.3008,
       1,     167,     207,      10,       1,       3,       1,     10.0000,      1.3905,     42.4514,    245.9574,     61.8981,      3.4953,      0.1683,      0.1358,     37.7159,      0.1715,      5.5243,     11.0485,      1.5156,     28.4541,     56.9081,      0.0190,      0.0021,      0.2212,      0.2015,   7630.5903,-443623.6562,   -932.8819,    543.6767,  25435.2988,
       1,     167,     207,      11,       1,       3,       1,     10.0000,      1.3905,     42.4514,    245.9574,     61.8981,      3.4953,      0.1840,      0.1513,     37.7205,      0.1804,      5.5243,     11.0485,      1.5945,     28.4541,     56.9081,      0.0190,      0.0019,      0.2444,      0.2015,   7630.5898,-466771.3438,   -937.4686,    542.1058,  25435.2988,
       1,     167,     207,      12,       1,       3,       1,     10.0000,      1.3905,     42.4514,    245.9574,     61.8981,      3.4953,      0.1878,      0.1546,     38.6768,      0.1946,      5.5243,     11.0485,      1.7193,     28.4541,     56.9081,      0.0190,      0.0019,      0.2500,      0.2014,   7630.5898,-468765.9062,   -937.9338,    541.9729,  25435.2988,
       1,     167,     207,      13,       1,       3,       1,     10.0000,      1.3905,     42.4514,    245.9574,     61.8981,      3.4953,      0.1878,      0.1545,     39.4948,      0.1987,      5.5243,     11.0485,      1.7554,     28.4541,     56.9081,      0.0190,      0.0020,      0.2500,      0.2014,   7630.5898,-470140.1875,   -938.2624,    541.8799,  25435.2969,
       1,     167,     207,      14,       1,       3,       1,     10.0000,      1.3905,     42.4514,    245.9574,     61.8981,      3.4953,      0.1885,      0.1548,     49.7261,      0.2130,      5.5243,     11.0485,      1.8825,     28.4541,     56.9081,      0.0190,      0.0025,      0.2500,      0.2014,   7630.5894,-471289.6562,   -938.5209,    541.8020,  25435.2988,
       1,     167,     207,      15,       1,       3,       1,     10.0000,      1.3905,     42.4514,    245.9574,     61.8981,      3.4953,      0.0562,      0.0225,     13.1089,      0.2110,      5.5243,     11.0485,      1.8641,     28.4541,     56.9081,      0.0190,      0.0028,      0.0583,      0.2014,   7630.5898,-484291.6250,   -941.1456,    540.9214,  25435.2988,
       1,     167,     207,      16,       1,       3,       1,     10.0000,      1.3905,     42.4514,    245.9574,     61.8981,      3.4953,      0.0315,     -0.0019,      5.8367,      0.2024,      5.5243,     11.0485,      1.7886,     28.4541,     56.9081,      0.0190,      0.0032,      0.0229,      0.2014,   7630.5898,-439216.5312,   -932.3597,    543.9700,  25435.2969,
       1,     167,     207,      17,       1,       3,       1,     10.0000,      1.3905,     42.4514,    245.9574,     61.8981,      3.4953,      0.0340,      0.0005,      8.1395,      0.2054,      5.5243,     11.0485,      1.8152,     28.4541,     56.9081,      0.0190,      0.0038,      0.0262,      0.2015,   7630.5894,-426213.1250,   -929.7806,    544.8627,  25435.2988,
       1,     167,     207,      18,       1,       3,       1,     10.0000,      1.3905,     42.4514,    245.9574,     61.8981,      3.4953,      0.0197,     -0.0136,      2.1131,      0.1987,      5.5243,     11.0485,      1.7554,     28.4541,     56.9081,      0.0190,      0.0044,      0.0060,      0.2015,   7630.5898,-427990.3438,   -930.0844,    544.7424,  25435.2988,
       1,     167,     207,      19,       1,       3,       1,     10.0000,      1.3905,     42.4514,    245.9574,     61.8981,      3.4953,      0.0395,      0.0067,     13.4127,      0.1850,      5.5243,     11.0485,      1.6346,     28.4541,     56.9081,      0.0190,      0.0048,      0.0344,      0.2015,   7630.5898,-420546.4688,   -928.5467,    545.2493,  25435.2988,
       1,     167,     207,      20,       1,       3,       1,     10.0000,      1.3905,     42.4514,    245.9574,     61.8981,      3.4953,      0.0205,     -0.0120,      3.0816,      0.1738,      5.5243,     11.0485,      1.5354,     28.4541,     56.9081,      0.0190,      0.0048,      0.0080,      0.2015,   7630.5898,-434148.1562,   -931.1674,    544.3224,  25435.2988,
       1,     167,     207,      21,       1,       3,       1,     10.0000,      1.3905,     42.4514,    245.9574,     61.8981,      3.4953,      0.0001,     -0.0321,      5.4359,      0.1643,      5.5243,     11.0485,      1.4519,     28.4541,     56.9081,      0.0190,      0.0043,      0.0156,      0.2015,   7630.5898,-422296.0312,   -928.7608,    545.1297,  25435.2988,
       1,     167,     207,      22,       1,       3,       1,     10.0000,      1.3905,     42.4514,    245.9574,     61.8981,      3.4953,      0.0000,     -0.0321,      5.3910,      0.1599,      5.5243,     11.0485,      1.4132,     28.4541,     56.9081,      0.0190,      0.0043,      0.0156,      0.2015,   7630.5898,-424246.1562,   -929.0804,    544.9974,  25435.2988,
       1,     167,     207,      23,       1,       3,       1,     10.0000,      1.3905,     42.4514,    245.9574,     61.8981,      3.4953,      0.0000,     -0.0321,      5.3103,      0.1604,      5.5243,     11.0485,      1.4174,     28.4541,     56.9081,      0.0190,      0.0042,      0.0156,      0.2015,   7630.5898,-424356.4375,   -929.0405,    544.9899,  25435.2969,
       1,     167,     207,      24,       1,       3,       1,     10.0000,      1.3905,     42.4514,    245.9574,     61.8981,      3.4953,      0.0000,     -0.0321,      4.2581,      0.1599,      5.5243,     11.0485,      1.4132,     28.4541,     56.9081,      0.0190,      0.0034,      0.0156,      0.2015,   7630.5894,-424264.5625,   -928.9621,    544.9962,  25435.2988,
       1,     167,     208,       1,       1,       3,       1,     10.0000,      1.3905,     42.4517,    245.9632,     61.8996,      3.4953,      0.0000,     -0.0320,      3.5577,      0.1587,      5.5254,     11.0508,      1.4019,     28.4449,     56.8897,      0.0190,      0.0028,      0.0156,      0.2015,   7630.5898,-423086.6250,   -928.9686,    545.0895,  25436.4492,
       1,     167,     208,       2,       1,       3,       1,     10.0000,      1.3905,     42.4517,    245.9632,     61.8996,      3.4953,      0.0000,     -0.0320,      2.7503,      0.1582,      5.5254,     11.0508,      1.3977,     28.4449,     56.8897,      0.0190,      0.0022,      0.0156,      0.2015,   7630.9351,-421948.6250,   -928.4232,    545.1671,  25436.4492,
       1,     167,     208,       3,       1,       3,       1,     10.0000,      1.3905,     42.4517,    245.9632,     61.8996,      3.4953,      0.0000,     -0.0320,      2.3693,      0.1591,      5.5254,     11.0508,      1.4062,     28.4449,     56.8897,      0.0190,      0.0019,      0.0156,      0.2015,   7630.9351,-420833.4062,   -928.1752,    545.2430,  25436.4473,
       1,     167,     208,       4,       1,       3,       1,     10.0000,      1.3905,     42.4517,    245.9632,     61.8996,      3.4953,      0.0000,     -0.0320,      2.2535,      0.1585,      5.5254,     11.0508,      1.4005,     28.4449,     56.8897,      0.0190,      0.0018,      0.0156,      0.2015,   7630.9346,-420257.6250,   -928.0379,    545.2822,  25436.4473,
       1,     167,     208,       5,       1,       3,       1,     10.0000,      1.3905,     42.4517,    245.9632,     61.8996,      3.4953,      0.0000,     -0.0318,      2.0823,      0.1533,      5.5254,     11.0508,      1.3549,     28.4449,     56.8897,      0.0190,      0.0017,      0.0156,      0.2015,   7630.9346,-420062.3750,   -927.9764,    545.2956,  25436.4473,
       1,     167,     208,       6,       1,       3,       1,     10.0000,      1.3905,     42.4517,    245.9632,     61.8996,      3.4953,      0.0000,     -0.0318,      1.9266,      0.1521,      5.5254,     11.0508,      1.3441,     28.4449,     56.8897,      0.0190,      0.0015,      0.0156,      0.2015,   7630.9346,-419829.7812,   -927.9102,    545.3115,  25436.4492,
       1,     167,     208,       7,       1,       3,       1,     10.0000,      1.3905,     42.4517,    245.9632,     61.8996,      3.4953,      0.0000,     -0.0318,      1.9764,      0.1535,      5.5254,     11.0508,      1.3563,     28.4449,     56.8897,      0.0190,      0.0016,      0.0156,      0.2015,   7630.9351,-419613.4688,   -927.8484,    545.3262,  25436.4473,
       1,     167,     208,       8,       1,       3,       1,     10.0000,      1.3905,     42.4517,    245.9632,     61.8996,      3.4953,      0.0066,     -0.0254,      2.1659,      0.1568,      5.5254,     11.0508,      1.3852,     28.4449,     56.8897,      0.0190,      0.0017,      0.0156,      0.2015,   7630.9346,-419657.7812,   -927.8378,    545.3232,  25436.4473,
       1,     167,     208,       9,       1,       3,       1,     10.0000,      1.3905,     42.4517,    245.9632,     61.8996,      3.4953,      0.0438,      0.0115,      6.5112,      0.1661,      5.5254,     11.0508,      1.4680,     28.4449,     56.8897,      0.0190,      0.0019,      0.0421,      0.2015,   7630.9346,-419900.3125,   -927.8631,    545.3066,  25436.4473,
       1,     167,     208,      10,       1,       3,       1,     10.0000,      1.3905,     42.4517,    245.9632,     61.8996,      3.4953,      0.0781,      0.0454,     13.5710,      0.1796,      5.5254,     11.0508,      1.5867,     28.4449,     56.8897,      0.0190,      0.0018,      0.0914,      0.2015,   7630.9346,-425396.7812,   -928.9272,    544.9320,  25436.4473,
       1,     167,     208,      11,       1,       3,       1,     10.0000,      1.3905,     42.4517,    245.9632,     61.8996,      3.4953,      0.0947,      0.0614,     17.7391,      0.2010,      5.5254,     11.0508,      1.7763,     28.4449,     56.8897,      0.0190,      0.0019,      0.1150,      0.2015,   7630.9346,-434765.8438,   -930.7791,    544.2938,  25436.4473,
       1,     167,     208,      12,       1,       3,       1,     10.0000,      1.3905,     42.4517,    245.9632,     61.8996,      3.4953,      0.1116,      0.0784,     20.4605,      0.1961,      5.5254,     11.0508,      1.7330,     28.4449,     56.8897,      0.0190,      0.0018,      0.1397,      0.2015,   7630.9346,-440824.5625,   -931.9946,    543.8820,  25436.4473,
       1,     167,     208,      13,       1,       3,       1,     10.0000,      1.3905,     42.4517,    245.9632,     61.8996,      3.4953,      0.1364,      0.1028,     26.9575,      0.2079,      5.5254,     11.0508,      1.8369,     28.4449,     56.8897,      0.0190,      0.0019,      0.1755,      0.2015,   7630.9346,-444774.7812,   -932.8048,    543.6136,  25436.4473,
       1,     167,     208,      14,       1,       3,       1,     10.0000,      1.3905,     42.4517,    245.9632,     61.8996,      3.4953,      0.1636,      0.1295,     40.4216,      0.2277,      5.5254,     11.0508,      2.0124,     28.4449,     56.8897,      0.0190,      0.0023,      0.2142,      0.2015,   7630.9346,-453303.3438,   -934.5257,    543.0342,  25436.4473,
       1,     167,     208,      15,       1,       3,       1,     10.0000,      1.3905,     42.4517,    245.9632,     61.8996,      3.4953,      0.1542,      0.1201,     51.2810,      0.2268,      5.5254,     11.0508,      2.0045,     28.4449,     56.8897,      0.0190,      0.0032,      0.1990,      0.2015,   7630.9346,-471009.8438,   -938.0832,    541.8326,  25436.4473,
       1,     167,     208,      16,       1,       3,       1,     10.0000,      1.3905,     42.4517,    245.9632,     61.8996,      3.4953,      0.1188,      0.0846,     53.6897,      0.2298,      5.5254,     11.0508,      2.0302,     28.4449,     56.8897,      0.0190,      0.0046,      0.1462,      0.2015,   7630.9346,-486225.0312,   -941.2036,    540.8035,  25436.4473,
       1,     167,     208,      17,       1,       3,       1,     10.0000,      1.3905,     42.4517,    245.9632,     61.8996,      3.4953,      0.1267,      0.0929,     57.1352,      0.2190,      5.5254,     11.0508,      1.9351,     28.4449,     56.8897,      0.0190,      0.0045,      0.1576,      0.2014,   7630.9346,-490567.4688,   -942.2080,    540.5108,  25436.4434,
       1,     167,     208,      18,       1,       3,       1,     10.0000,      1.3905,     42.4517,    245.9632,     61.8996,      3.4953,      0.1394,      0.1057,     67.0471,      0.2103,      5.5254,     11.0508,      1.8587,     28.4449,     56.8897,      0.0190,      0.0047,      0.1752,      0.2014,   7630.9331,-495285.1875,   -943.3069,    540.1921,  25436.4473,
       1,     167,     208,      19,       1,       3,       1,     10.0000,      1.3905,     42.4517,    245.9632,     61.8996,      3.4953,      0.0966,      0.0637,     55.1866,      0.1861,      5.5254,     11.0508,      1.6444,     28.4449,     56.8897,      0.0190,      0.0060,      0.1136,      0.2014,   7630.9346,-508192.4688,   -946.0546,    539.3206,  25436.4453,
       1,     167,     208,      20,       1,       3,       1,     10.0000,      1.3905,     42.4517,    245.9632,     61.8996,      3.4953,      0.0260,     -0.0066,      6.6520,      0.1751,      5.5254,     11.0508,      1.5477,     28.4449,     56.8897,      0.0190,      0.0053,      0.0156,      0.2014,   7630.9341,-494334.2188,   -943.4713,    540.2557,  25436.4453,
       1,     167,     208,      21,       1,       3,       1,     10.0000,      1.3905,     42.4517,    245.9632,     61.8996,      3.4953,      0.0001,     -0.0322,      6.3273,      0.1651,      5.5254,     11.0508,      1.4592,     28.4449,     56.8897,      0.0190,      0.0050,      0.0156,      0.2014,   7630.9341,-431923.8750,   -931.0708,    544.4711,  25436.4453,
       1,     167,     208,      22,       1,       3,       1,     10.0000,      1.3905,     42.4517,    245.9632,     61.8996,      3.4953,      0.0000,     -0.0321,      5.8153,      0.1611,      5.5254,     11.0508,      1.4232,     28.4449,     56.8897,      0.0190,      0.0046,      0.0156,      0.2015,   7630.9341,-426218.5938,   -929.8766,    544.8759,  25436.4453,
       1,     167,     208,      23,       1,       3,       1,     10.0000,      1.3905,     42.4517,    245.9632,     61.8996,      3.4953,      0.0000,     -0.0321,      5.5788,      0.1601,      5.5254,     11.0508,      1.4146,     28.4449,     56.8897,      0.0190,      0.0044,      0.0156,      0.2015,   7630.9341,-425063.1875,   -929.5898,    544.9548,  25436.4453,
       1,     167,     208,      24,       1,       3,       1,     10.0000,      1.3905,     42.4517,    245.9632,     61.8996,      3.4953,      0.0000,     -0.0321,      4.1834,      0.1612,      5.5254,     11.0508,      1.4246,     28.4449,     56.8897,      0.0190,      0.0033,      0.0156,      0.2015,   7630.9341,-424665.7500,   -929.4589,    544.9819,  25436.4473,
       1,     167,     209,       1,       1,       3,       1,     10.0000,      1.3906,     42.4521,    245.9691,     61.9010,      3.4953,      0.0000,     -0.0321,      3.3872,      0.1598,      5.5252,     11.0505,      1.4118,     28.4371,     56.8742,      0.0190,      0.0027,      0.0156,      0.2015,   7630.9346,-423028.8438,   -929.3814,    545.1064,  25437.5898,
       1,     167,     209,       2,       1,       3,       1,     10.0000,      1.3906,     42.4521,    245.9691,     61.9010,      3.4953,      0.0000,     -0.0319,      2.4338,      0.1561,      5.5252,     11.0505,      1.3797,     28.4371,     56.8742,      0.0190,      0.0019,      0.0156,      0.2015,   7631.2773,-421731.8750,   -928.8124,    545.1948,  25437.5918,
       1,     167,     209,       3,       1,       3,       1,     10.0000,      1.3906,     42.4521,    245.9691,     61.9010,      3.4953,      0.0000,     -0.0319,      1.7386,      0.1540,      5.5252,     11.0505,      1.3604,     28.4371,     56.8742,      0.0190,      0.0014,      0.0156,      0.2015,   7631.2778,-420418.8438,   -928.5288,    545.2843,  25437.5918,
       1,     167,     209,       4,       1,       3,       1,     10.0000,      1.3906,     42.4521,    245.9691,     61.9010,      3.4953,      0.0000,     -0.0318,      1.6221,      0.1535,      5.5252,     11.0505,      1.3563,     28.4371,     56.8742,      0.0190,      0.0013,      0.0156,      0.2015,   7631.2778,-419430.1562,   -928.3179,    545.3516,  25437.5918,
       1,     167,     209,       5,       1,       3,       1,     10.0000,      1.3906,     42.4521,    245.9691,     61.9010,      3.4953,      0.0000,     -0.0318,      1.5708,      0.1527,      5.5252,     11.0505,      1.3495,     28.4371,     56.8742,      0.0190,      0.0012,      0.0156,      0.2015,   7631.2778,-419198.6250,   -928.2587,    545.3674,  25437.5918,
       1,     167,     209,       6,       1,       3,       1,     10.0000,      1.3906,     42.4521,    245.9691,     61.9010,      3.4953,      0.0000,     -0.0319,      1.3875,      0.1554,      5.5252,     11.0505,      1.3727,     28.4371,     56.8742,      0.0190,      0.0011,      0.0156,      0.2015,   7631.2778,-419114.1250,   -928.2294,    545.3733,  25437.5918,
       1,     167,     209,       7,       1,       3,       1,     10.0000,      1.3906,     42.4521,    245.9691,     61.9010,      3.4953,      0.0000,     -0.0319,      0.8590,      0.1550,      5.5252,     11.0505,      1.3700,     28.4371,     56.8742,      0.0190,      0.0007,      0.0156,      0.2015,   7631.2778,-418875.7812,   -928.1722,    545.3895,  25437.5898,
       1,     167,     209,       8,       1,       3,       1,     10.0000,      1.3906,     42.4521,    245.9691,     61.9010,      3.4953,      0.0090,     -0.0227,      0.7242,      0.1506,      5.5252,     11.0505,      1.3306,     28.4371,     56.8742,      0.0190,      0.0006,      0.0156,      0.2015,   7631.2773,-418189.7188,   -928.6062,    545.4363,  25437.5918,
       1,     167,     209,       9,       1,       3,       1,     10.0000,      1.3906,     42.4521,    245.9691,     61.9010,      3.4953,      0.1029,      0.0707,      6.8578,      0.1651,      5.5252,     11.0505,      1.4592,     28.4371,     56.8742,      0.0190,      0.0007,      0.1289,      0.2015,   7631.2778,-417960.6562,   -928.5546,    545.4518,  25437.5898,
       1,     167,     209,      10,       1,       3,       1,     10.0000,      1.3906,     42.4521,    245.9691,     61.9010,      3.4953,      0.1659,      0.1329,     11.7556,      0.1906,      5.5252,     11.0505,      1.6840,     28.4371,     56.8742,      0.0190,      0.0007,      0.2209,      0.2015,   7631.2773,-425669.2188,   -930.0693,    544.9263,  25437.5918,
       1,     167,     209,      11,       1,       3,       1,     10.0000,      1.3906,     42.4521,    245.9691,     61.9010,      3.4953,      0.1862,      0.1527,     19.0760,      0.2044,      5.5252,     11.0505,      1.8064,     28.4371,     56.8742,      0.0190,      0.0009,      0.2500,      0.2015,   7631.2778,-432503.1562,   -931.3812,    544.4611,  25437.5898,
       1,     167,     209,      12,       1,       3,       1,     10.0000,      1.3906,     42.4521,    245.9691,     61.9010,      3.4953,      0.1866,      0.1530,     24.4790,      0.2073,      5.5252,     11.0505,      1.8315,     28.4371,     56.8742,      0.0190,      0.0012,      0.2500,      0.2015,   7631.2773,-442315.3438,   -933.2564,    543.7935,  25437.5918,
       1,     167,     209,      13,       1,       3,       1,     10.0000,      1.3906,     42.4521,    245.9691,     61.9010,      3.4953,      0.1859,      0.1517,     17.9254,      0.2304,      5.5252,     11.0505,      2.0362,     28.4371,     56.8742,      0.0190,      0.0009,      0.2500,      0.2015,   7631.2778,-449967.4688,   -934.6942,    543.2737,  25437.5898,
       1,     167,     209,      14,       1,       3,       1,     10.0000,      1.3906,     42.4521,    245.9691,     61.9010,      3.4953,      0.1756,      0.1413,     26.4602,      0.2345,      5.5252,     11.0505,      2.0723,     28.4371,     56.8742,      0.0190,      0.0014,      0.2337,      0.2015,   7631.2773,-442363.7188,   -933.1009,    543.7903,  25437.5918,
       1,     167,     209,      15,       1,       3,       1,     10.0000,      1.3906,     42.4521,    245.9691,     61.9010,      3.4953,      0.1895,      0.1554,     62.9815,      0.2264,      5.5252,     11.0505,      2.0007,     28.4371,     56.8742,      0.0190,      0.0031,      0.2500,      0.2015,   7631.2778,-452468.5000,   -935.1080,    543.1036,  25437.5898,
       1,     167,     209,      16,       1,       3,       1,     10.0000,      1.3906,     42.4521,    245.9691,     61.9010,      3.4953,      0.1914,      0.1576,     87.4457,      0.2186,      5.5252,     11.0505,      1.9313,     28.4371,     56.8742,      0.0190,      0.0043,      0.2500,      0.2015,   7631.2773,-499373.0938,   -944.5314,    539.9199,  25437.5938,
       1,     167,     209,      17,       1,       3,       1,     10.0000,      1.3906,     42.4521,    245.9691,     61.9010,      3.4953,      0.1855,      0.1518,     89.2775,      0.2124,      5.5252,     11.0505,      1.8771,     28.4371,     56.8742,      0.0190,      0.0046,      0.2410,      0.2015,   7631.2783,-534278.6875,   -951.6892,    537.5734,  25437.5898,
       1,     167,     209,      18,       1,       3,       1,     10.0000,      1.3906,     42.4521,    245.9691,     61.9010,      3.4953,      0.1638,      0.1303,     95.9078,      0.2064,      5.5252,     11.0505,      1.8243,     28.4371,     56.8742,      0.0190,      0.0057,      0.2080,      0.2014,   7631.2773,-539581.5625,   -953.0413,    537.2222,  25437.5898,
       1,     167,     209,      19,       1,       3,       1,     10.0000,      1.3906,     42.4521,    245.9691,     61.9010,      3.4953,      0.0887,      0.0555,     48.1620,      0.1944,      5.5252,     11.0505,      1.7177,     28.4371,     56.8742,      0.0190,      0.0058,      0.1027,      0.2014,   7631.2773,-548398.0625,   -955.1507,    536.6302,  25437.5898,
       1,     167,     209,      20,       1,       3,       1,     10.0000,      1.3906,     42.4521,    245.9691,     61.9010,      3.4953,      0.0310,     -0.0016,      9.7147,      0.1780,      5.5252,     11.0505,      1.5726,     28.4371,     56.8742,      0.0190,      0.0053,      0.0226,      0.2014,   7631.2773,-488876.1250,   -943.4402,    540.6233,  25437.5918,
       1,     167,     209,      21,       1,       3,       1,     10.0000,      1.3906,     42.4521,    245.9691,     61.9010,      3.4953,      0.0001,     -0.0321,      6.1548,      0.1653,      5.5252,     11.0505,      1.4607,     28.4371,     56.8742,      0.0190,      0.0049,      0.0156,      0.2015,   7631.2778,-435343.5312,   -932.7029,    544.2557,  25437.5879,
       1,     167,     209,      22,       1,       3,       1,     10.0000,      1.3906,     42.4521,    245.9691,     61.9010,      3.4953,      0.0000,     -0.0321,      6.2616,      0.1609,      5.5252,     11.0505,      1.4218,     28.4371,     56.8742,      0.0190,      0.0050,      0.0156,      0.2015,   7631.2769,-426291.1562,   -930.8334,    544.8839,  25437.5898,
       1,     167,     209,      23,       1,       3,       1,     10.0000,      1.3906,     42.4521,    245.9691,     61.9010,      3.4953,      0.0000,     -0.0320,      5.8587,      0.1595,      5.5252,     11.0505,      1.4090,     28.4371,     56.8742,      0.0190,      0.0047,      0.0156,      0.2015,   7631.2773,-425634.2188,   -930.6450,    544.9290,  25437.5898,
       1,     167,     209,      24,       1,       3,       1,     10.0000,      1.3906,     42.4521,    245.9691,     61.9010,      3.4953,      0.0000,     -0.0320,      5.2065,      0.1582,      5.5252,     11.0505,      1.3978,     28.4371,     56.8742,      0.0190,      0.0041,      0.0156,      0.2015,   7631.2773,-425069.6562,   -930.4791,    544.9674,  25437.5898,
       1,     167,     210,       1,       1,       3,       1,     10.0000,      1.3906,     42.4524,    245.9749,     61.9025,      3.4953,      0.0000,     -0.0319,      4.0091,      0.1561,      5.5249,     11.0498,      1.3797,     28.4435,     56.8870,      0.0190,      0.0032,      0.0156,      0.2016,   7631.2773,-424355.4688,   -930.5829,    545.0291,  25438.7383,
       1,     167,     210,       2,       1,       3,       1,     10.0000,      1.3906,     42.4524,    245.9749,     61.9025,      3.4953,      0.0000,     -0.0319,      2.8670,      0.1552,      5.5249,     11.0498,      1.3714,     28.4435,     56.8870,      0.0190,      0.0023,      0.0156,      0.2016,   7631.6216,-422631.4375,   -929.9146,    545.1464,  25438.7383,
       1,     167,     210,       3,       1,       3,       1,     10.0000,      1.3906,     42.4524,    245.9749,     61.9025,      3.4953,      0.0000,     -0.0319,      2.4325,      0.1547,      5.5249,     11.0498,      1.3673,     28.4435,     56.8870,      0.0190,      0.0019,      0.0156,      0.2016,   7631.6216,-421044.7812,   -929.5724,    545.2546,  25438.7363,
       1,     167,     210,       4,       1,       3,       1,     10.0000,      1.3906,     42.4524,    245.9749,     61.9025,      3.4953,      0.0000,     -0.0318,      2.0551,      0.1524,      5.5249,     11.0498,      1.3468,     28.4435,     56.8870,      0.0190,      0.0016,      0.0156,      0.2016,   7631.6211,-420361.4062,   -929.4174,    545.3012,  25438.7363,
       1,     167,     210,       5,       1,       3,       1,     10.0000,      1.3906,     42.4524,    245.9749,     61.9025,      3.4953,      0.0000,     -0.0318,      1.8721,      0.1513,      5.5249,     11.0498,      1.3374,     28.4435,     56.8870,      0.0190,      0.0015,      0.0156,      0.2016,   7631.6211,-419827.1562,   -929.2951,    545.3376,  25438.7402,
       1,     167,     210,       6,       1,       3,       1,     10.0000,      1.3906,     42.4524,    245.9749,     61.9025,      3.4953,      0.0000,     -0.0318,      1.6103,      0.1533,      5.5249,     11.0498,      1.3550,     28.4435,     56.8870,      0.0190,      0.0013,      0.0156,      0.2016,   7631.6226,-419550.3750,   -929.2247,    545.3565,  25438.7383,
       1,     167,     210,       7,       1,       3,       1,     10.0000,      1.3906,     42.4524,    245.9749,     61.9025,      3.4953,      0.0000,     -0.0318,      1.3330,      0.1520,      5.5249,     11.0498,      1.3428,     28.4435,     56.8870,      0.0190,      0.0011,      0.0156,      0.2016,   7631.6216,-419196.8125,   -929.1421,    545.3806,  25438.7402,
       1,     167,     210,       8,       1,       3,       1,     10.0000,      1.3906,     42.4524,    245.9749,     61.9025,      3.4953,      0.0122,     -0.0196,      1.2014,      0.1523,      5.5249,     11.0498,      1.3455,     28.4435,     56.8870,      0.0190,      0.0010,      0.0156,      0.2016,   7631.6226,-418816.9688,   -929.0578,    545.4064,  25438.7383,
       1,     167,     210,       9,       1,       3,       1,     10.0000,      1.3906,     42.4524,    245.9749,     61.9025,      3.4953,      0.1060,      0.0742,      8.0584,      0.1533,      5.5249,     11.0498,      1.3550,     28.4435,     56.8870,      0.0190,      0.0007,      0.1334,      0.2016,   7631.6216,-418618.8438,   -929.0086,    545.4200,  25438.7383,
       1,     167,     210,      10,       1,       3,       1,     10.0000,      1.3906,     42.4524,    245.9749,     61.9025,      3.4953,      0.1755,      0.1438,     11.3074,      0.1501,      5.5249,     11.0498,      1.3267,     28.4435,     56.8870,      0.0190,      0.0006,      0.2347,      0.2016,   7631.6216,-427239.9688,   -930.7358,    544.8322,  25438.7383,
       1,     167,     210,      11,       1,       3,       1,     10.0000,      1.3906,     42.4524,    245.9749,     61.9025,      3.4953,      0.1843,      0.1514,     20.5384,      0.1863,      5.5249,     11.0498,      1.6461,     28.4435,     56.8870,      0.0190,      0.0010,      0.2469,      0.2016,   7631.6216,-432074.7812,   -931.6387,    544.5032,  25438.7383,
       1,     167,     210,      12,       1,       3,       1,     10.0000,      1.3906,     42.4524,    245.9749,     61.9025,      3.4953,      0.1863,      0.1531,     19.5427,      0.1952,      5.5249,     11.0498,      1.7245,     28.4435,     56.8870,      0.0190,      0.0010,      0.2500,      0.2015,   7631.6216,-444120.8438,   -933.9142,    543.6835,  25438.7383,
       1,     167,     210,      13,       1,       3,       1,     10.0000,      1.3906,     42.4524,    245.9749,     61.9025,      3.4953,      0.1862,      0.1523,     20.0320,      0.2188,      5.5249,     11.0498,      1.9333,     28.4435,     56.8870,      0.0190,      0.0010,      0.2500,      0.2015,   7631.6216,-443901.1562,   -933.7577,    543.6990,  25438.7383,
       1,     167,     210,      14,       1,       3,       1,     10.0000,      1.3906,     42.4524,    245.9749,     61.9025,      3.4953,      0.1847,      0.1509,     21.4715,      0.2150,      5.5249,     11.0498,      1.8994,     28.4435,     56.8870,      0.0190,      0.0011,      0.2476,      0.2015,   7631.6216,-444498.1875,   -933.7264,    543.6584,  25438.7363,
       1,     167,     210,      15,       1,       3,       1,     10.0000,      1.3906,     42.4524,    245.9749,     61.9025,      3.4953,      0.1871,      0.1536,     30.9626,      0.2060,      5.5249,     11.0498,      1.8207,     28.4435,     56.8870,      0.0190,      0.0015,      0.2500,      0.2015,   7631.6211,-446363.8438,   -934.0623,    543.5316,  25438.7383,
       1,     167,     210,      16,       1,       3,       1,     10.0000,      1.3906,     42.4524,    245.9749,     61.9025,      3.4953,      0.1791,      0.1460,     78.4314,      0.1904,      5.5249,     11.0498,      1.6824,     28.4435,     56.8870,      0.0190,      0.0042,      0.2325,      0.2015,   7631.6216,-458484.9375,   -936.5098,    542.7081,  25438.7383,
       1,     167,     210,      17,       1,       3,       1,     10.0000,      1.3906,     42.4524,    245.9749,     61.9025,      3.4953,      0.0343,      0.0013,      9.8214,      0.1896,      5.5249,     11.0498,      1.6758,     28.4435,     56.8870,      0.0190,      0.0045,      0.0270,      0.2015,   7631.6216,-519360.6562,   -948.9662,    538.5790,  25438.7383,
       1,     167,     210,      18,       1,       3,       1,     10.0000,      1.3906,     42.4524,    245.9749,     61.9025,      3.4953,      0.0244,     -0.0085,      5.3292,      0.1868,      5.5249,     11.0498,      1.6510,     28.4435,     56.8870,      0.0190,      0.0051,      0.0130,      0.2015,   7631.6216,-438055.3438,   -932.6425,    544.0684,  25438.7402,
       1,     167,     210,      19,       1,       3,       1,     10.0000,      1.3906,     42.4524,    245.9749,     61.9025,      3.4953,      0.0530,      0.0204,     20.5830,      0.1766,      5.5249,     11.0498,      1.5601,     28.4435,     56.8870,      0.0190,      0.0048,      0.0536,      0.2015,   7631.6226,-425504.3125,   -930.0679,    544.9500,  25438.7402,
       1,     167,     210,      20,       1,       3,       1,     10.0000,      1.3906,     42.4524,    245.9749,     61.9025,      3.4953,      0.0281,     -0.0042,      5.1234,      0.1658,      5.5249,     11.0498,      1.4651,     28.4435,     56.8870,      0.0190,      0.0033,      0.0192,      0.2016,   7631.6226,-443612.1875,   -933.7297,    543.7173,  25438.7383,
       1,     167,     210,      21,       1,       3,       1,     10.0000,      1.3906,     42.4524,    245.9749,     61.9025,      3.4953,      0.0001,     -0.0320,      3.3400,      0.1591,      5.5249,     11.0498,      1.4062,     28.4435,     56.8870,      0.0190,      0.0027,      0.0156,      0.2015,   7631.6216,-425686.9375,   -930.0902,    544.9369,  25438.7383,
       1,     167,     210,      22,       1,       3,       1,     10.0000,      1.3906,     42.4524,    245.9749,     61.9025,      3.4953,      0.0000,     -0.0321,      3.1557,      0.1599,      5.5249,     11.0498,      1.4133,     28.4435,     56.8870,      0.0190,      0.0025,      0.0156,      0.2016,   7631.6216,-421904.6250,   -929.3074,    545.1959,  25438.7363,
       1,     167,     210,      23,       1,       3,       1,     10.0000,      1.3906,     42.4524,    245.9749,     61.9025,      3.4953,      0.0000,     -0.0321,      3.1819,      0.1603,      5.5249,     11.0498,      1.4161,     28.4435,     56.8870,      0.0190,      0.0025,      0.0156,      0.2016,   7631.6211,-421346.5000,   -929.1784,    545.2340,  25438.7383,
       1,     167,     210,      24,       1,       3,       1,     10.0000,      1.3906,     42.4524,    245.9749,     61.9025,      3.4953,      0.0000,     -0.0322,      3.1857,      0.1627,      5.5249,     11.0498,      1.4376,     28.4435,     56.8870,      0.0190,      0.0025,      0.0156,      0.2016,   7631.6216,-421331.1250,   -929.1586,    545.2350,  25438.7383,
       1,     167,     211,       1,       1,       3,       1,     10.0000,      1.3906,     42.4527,    245.9807,     61.9040,      3.4953,      0.0000,     -0.0321,      2.4364,      0.1622,      5.5248,     11.0497,      1.4333,     28.4420,     56.8840,      0.0190,      0.0019,      0.0156,      0.2016,   7631.6216,-421490.8438,   -929.4687,    545.2371,  25439.8848,
       1,     167,     211,       2,       1,       3,       1,     10.0000,      1.3906,     42.4527,    245.9807,     61.9040,      3.4953,      0.0000,     -0.0321,      2.0148,      0.1612,      5.5248,     11.0497,      1.4247,     28.4420,     56.8840,      0.0190,      0.0016,      0.0156,      0.2016,   7631.9658,-420407.2812,   -928.9482,    545.3109,  25439.8848,
       1,     167,     211,       3,       1,       3,       1,     10.0000,      1.3906,     42.4527,    245.9807,     61.9040,      3.4953,      0.0000,     -0.0320,      1.9856,      0.1588,      5.5248,     11.0497,      1.4034,     28.4420,     56.8840,      0.0190,      0.0016,      0.0156,      0.2016,   7631.9658,-419783.1562,   -928.8137,    545.3534,  25439.8848,
       1,     167,     211,       4,       1,       3,       1,     10.0000,      1.3906,     42.4527,    245.9807,     61.9040,      3.4953,      0.0000,     -0.0319,      1.8226,      0.1560,      5.5248,     11.0497,      1.3783,     28.4420,     56.8840,      0.0190,      0.0014,      0.0156,      0.2016,   7631.9658,-419692.8438,   -928.7860,    545.3596,  25439.8848,
       1,     167,     211,       5,       1,       3,       1,     10.0000,      1.3906,     42.4527,    245.9807,     61.9040,      3.4953,      0.0000,     -0.0318,      1.6630,      0.1515,      5.5248,     11.0497,      1.3388,     28.4420,     56.8840,      0.0190,      0.0013,      0.0156,      0.2016,   7631.9658,-419479.6562,   -928.7354,    545.3741,  25439.8848,
       1,     167,     211,       6,       1,       3,       1,     10.0000,      1.3906,     42.4527,    245.9807,     61.9040,      3.4953,      0.0000,     -0.0319,      1.3424,      0.1538,      5.5248,     11.0497,      1.3591,     28.4420,     56.8840,      0.0190,      0.0011,      0.0156,      0.2016,   7631.9658,-419260.3750,   -928.6844,    545.3891,  25439.8848,
       1,     167,     211,       7,       1,       3,       1,     10.0000,      1.3906,     42.4527,    245.9807,     61.9040,      3.4953,      0.0000,     -0.0318,      1.1990,      0.1537,      5.5248,     11.0497,      1.3577,     28.4420,     56.8840,      0.0190,      0.0010,      0.0156,      0.2016,   7631.9658,-418837.6250,   -928.5929,    545.4179,  25439.8848,
       1,     167,     211,       8,       1,       3,       1,     10.0000,      1.3906,     42.4527,    245.9807,     61.9040,      3.4953,      0.0120,     -0.0199,      1.1282,      0.1540,      5.5248,     11.0497,      1.3605,     28.4420,     56.8840,      0.0190,      0.0009,      0.0156,      0.2016,   7631.9658,-418620.7812,   -928.5439,    545.4327,  25439.8848,
       1,     167,     211,       9,       1,       3,       1,     10.0000,      1.3906,     42.4527,    245.9807,     61.9040,      3.4953,      0.1062,      0.0738,      9.0421,      0.1686,      5.5248,     11.0497,      1.4903,     28.4420,     56.8840,      0.0190,      0.0008,      0.1333,      0.2016,   7631.9658,-418513.0312,   -928.5163,    545.4401,  25439.8848,
       1,     167,     211,      10,       1,       3,       1,     10.0000,      1.3906,     42.4527,    245.9807,     61.9040,      3.4953,      0.1687,      0.1357,     14.6196,      0.1878,      5.5248,     11.0497,      1.6593,     28.4420,     56.8840,      0.0190,      0.0008,      0.2246,      0.2016,   7631.9658,-428472.2188,   -930.5369,    544.7610,  25439.8848,
       1,     167,     211,      11,       1,       3,       1,     10.0000,      1.3906,     42.4527,    245.9807,     61.9040,      3.4953,      0.1466,      0.1128,     15.3343,      0.2147,      5.5248,     11.0497,      1.8976,     28.4420,     56.8840,      0.0190,      0.0010,      0.1918,      0.2016,   7631.9658,-436355.1250,   -932.0853,    544.2247,  25439.8867,
       1,     167,     211,      12,       1,       3,       1,     10.0000,      1.3906,     42.4527,    245.9807,     61.9040,      3.4953,      0.1746,      0.1404,     23.2378,      0.2318,      5.5248,     11.0497,      2.0483,     28.4420,     56.8840,      0.0190,      0.0012,      0.2326,      0.2016,   7631.9663,-437931.8750,   -932.3983,    544.1177,  25439.8848,
       1,     167,     211,      13,       1,       3,       1,     10.0000,      1.3906,     42.4527,    245.9807,     61.9040,      3.4953,      0.1868,      0.1525,     29.3848,      0.2343,      5.5248,     11.0497,      2.0704,     28.4420,     56.8840,      0.0190,      0.0015,      0.2500,      0.2016,   7631.9658,-448025.4375,   -934.4179,    543.4312,  25439.8848,
       1,     167,     211,      14,       1,       3,       1,     10.0000,      1.3906,     42.4527,    245.9807,     61.9040,      3.4953,      0.1797,      0.1463,     40.5536,      0.2048,      5.5248,     11.0497,      1.8100,     28.4420,     56.8840,      0.0190,      0.0021,      0.2380,      0.2016,   7631.9658,-456638.4062,   -936.1158,    542.8465,  25439.8848,
       1,     167,     211,      15,       1,       3,       1,     10.0000,      1.3906,     42.4527,    245.9807,     61.9040,      3.4953,      0.1776,      0.1446,     60.3730,      0.1874,      5.5248,     11.0497,      1.6560,     28.4420,     56.8840,      0.0190,      0.0032,      0.2324,      0.2016,   7631.9658,-471453.4062,   -939.1971,    541.8416,  25439.8848,
       1,     167,     211,      16,       1,       3,       1,     10.0000,      1.3906,     42.4527,    245.9807,     61.9040,      3.4953,      0.1849,      0.1522,     90.7916,      0.1776,      5.5248,     11.0497,      1.5695,     28.4420,     56.8840,      0.0190,      0.0047,      0.2395,      0.2015,   7631.9658,-497709.2500,   -946.0682,    540.0642,  25439.8848,
       1,     167,     211,      17,       1,       3,       1,     10.0000,      1.3906,     42.4527,    245.9807,     61.9040,      3.4953,      0.0944,      0.0619,     47.1065,      0.1712,      5.5248,     11.0497,      1.5127,     28.4420,     56.8840,      0.0190,      0.0052,      0.1115,      0.2015,   7631.9658,-538325.8750,   -954.5569,    537.3251,  25439.8848,
       1,     167,     211,      18,       1,       3,       1,     10.0000,      1.3906,     42.4527,    245.9807,     61.9040,      3.4953,      0.0352,      0.0028,     12.3977,      0.1692,      5.5248,     11.0497,      1.4947,     28.4420,     56.8840,      0.0190,      0.0054,      0.0287,      0.2015,   7631.9658,-486690.3438,   -944.3167,    540.8002,  25439.8867,
       1,     167,     211,      19,       1,       3,       1,     10.0000,      1.3906,     42.4527,    245.9807,     61.9040,      3.4953,      0.0270,     -0.0054,      5.6877,      0.1693,      5.5248,     11.0497,      1.4962,     28.4420,     56.8840,      0.0190,      0.0040,      0.0174,      0.2015,   7631.9663,-438538.8438,   -934.5778,    544.0665,  25439.8848,
       1,     167,     211,      20,       1,       3,       1,     10.0000,      1.3906,     42.4527,    245.9807,     61.9040,      3.4953,      0.0133,     -0.0190,      3.8339,      0.1651,      5.5248,     11.0497,      1.4593,     28.4420,     56.8840,      0.0190,      0.0030,      0.0156,      0.2016,   7631.9658,-425977.1875,   -931.9942,    544.9307,  25439.8848,
       1,     167,     211,      21,       1,       3,       1,     10.0000,      1.3906,     42.4527,    245.9807,     61.9040,      3.4953,      0.0000,     -0.0322,      4.2241,      0.1638,      5.5248,     11.0497,      1.4477,     28.4420,     56.8840,      0.0190,      0.0034,      0.0156,      0.2016,   7631.9658,-422553.5312,   -931.2689,    545.1646,  25439.8848,
       1,     167,     211,      22,       1,       3,       1,     10.0000,      1.3906,     42.4527,    245.9807,     61.9040,      3.4953,      0.0000,     -0.0321,      3.4275,      0.1601,      5.5248,     11.0497,      1.4147,     28.4420,     56.8840,      0.0190,      0.0027,      0.0156,      0.2016,   7631.9658,-422750.4062,   -931.2809,    545.1512,  25439.8848,
       1,     167,     211,      23,       1,       3,       1,     10.0000,      1.3906,     42.4527,    245.9807,     61.9040,      3.4953,      0.0000,     -0.0320,      3.3961,      0.1571,      5.5248,     11.0497,      1.3880,     28.4420,     56.8840,      0.0190,      0.0027,      0.0156,      0.2016,   7631.9658,-421764.0000,   -931.0588,    545.2184,  25439.8848,
       1,     167,     211,      24,       1,       3,       1,     10.0000,      1.3906,     42.4527,    245.9807,     61.9040,      3.4953,      0.0000,     -0.0318,      3.3072,      0.1521,      5.5248,     11.0497,      1.3442,     28.4420,     56.8840,      0.0190,      0.0026,      0.0156,      0.2016,   7631.9658,-421639.7500,   -931.5022,    545.2270,  25439.8848,
       1,     167,     212,       1,       1,       3,       1,     10.0000,      1.3906,     42.4531,    245.9866,     61.9055,      3.4953,      0.0000,     -0.0318,      3.0396,      0.1529,      5.5255,     11.0510,      1.3510,     28.4398,     56.8795,      0.0190,      0.0024,      0.0156,      0.2016,   7631.9658,-421673.4375,   -932.2925,    545.2377,  25441.0332,
       1,     167,     212,       2,       1,       3,       1,     10.0000,      1.3906,     42.4531,    245.9866,     61.9055,      3.4953,      0.0000,     -0.0319,      3.0840,      0.1550,      5.5255,     11.0510,      1.3701,     28.4398,     56.8795,      0.0190,      0.0025,      0.0156,      0.2016,   7632.3101,-421185.4375,   -931.8770,    545.2709,  25441.0332,
       1,     167,     212,       3,       1,       3,       1,     10.0000,      1.3906,     42.4531,    245.9866,     61.9055,      3.4953,      0.0000,     -0.0319,      2.7588,      0.1543,      5.5255,     11.0510,      1.3632,     28.4398,     56.8795,      0.0190,      0.0022,      0.0156,      0.2016,   7632.3101,-421199.4062,   -931.8546,    545.2700,  25441.0332,
       1,     167,     212,       4,       1,       3,       1,     10.0000,      1.3906,     42.4531,    245.9866,     61.9055,      3.4953,      0.0000,     -0.0317,      2.4813,      0.1494,      5.5255,     11.0510,      1.3201,     28.4398,     56.8795,      0.0190,      0.0020,      0.0156,      0.2016,   7632.3101,-420791.1250,   -931.7498,    545.2978,  25441.0332,
       1,     167,     212,       5,       1,       3,       1,     10.0000,      1.3906,     42.4531,    245.9866,     61.9055,      3.4953,      0.0000,     -0.0315,      1.7203,      0.1428,      5.5255,     11.0510,      1.2615,     28.4398,     56.8795,      0.0190,      0.0014,      0.0156,      0.2016,   7632.3101,-420406.4688,   -931.6539,    545.3240,  25441.0332,
       1,     167,     212,       6,       1,       3,       1,     10.0000,      1.3906,     42.4531,    245.9866,     61.9055,      3.4953,      0.0000,     -0.0313,      1.9259,      0.1392,      5.5255,     11.0510,      1.2301,     28.4398,     56.8795,      0.0190,      0.0015,      0.0156,      0.2016,   7632.3101,-419415.0625,   -931.4414,    545.3916,  25441.0312,
       1,     167,     212,       7,       1,       3,       1,     10.0000,      1.3906,     42.4531,    245.9866,     61.9055,      3.4953,      0.0000,     -0.0311,      2.3564,      0.1339,      5.5255,     11.0510,      1.1836,     28.4398,     56.8795,      0.0190,      0.0019,      0.0156,      0.2016,   7632.3096,-419588.9062,   -931.4702,    545.3797,  25441.0352,
       1,     167,     212,       8,       1,       3,       1,     10.0000,      1.3906,     42.4531,    245.9866,     61.9055,      3.4953,      0.0184,     -0.0127,      1.0415,      0.1334,      5.5255,     11.0510,      1.1789,     28.4398,     56.8795,      0.0190,      0.0019,      0.0069,      0.2016,   7632.3110,-420145.6875,   -931.5795,    545.3417,  25441.0332,
       1,     167,     212,       9,       1,       3,       1,     10.0000,      1.3906,     42.4531,    245.9866,     61.9055,      3.4953,      0.1171,      0.0853,     21.7801,      0.1529,      5.5255,     11.0510,      1.3510,     28.4398,     56.8795,      0.0190,      0.0018,      0.1480,      0.2016,   7632.3101,-418537.6875,   -931.2302,    545.4514,  25441.0332,
       1,     167,     212,      10,       1,       3,       1,     10.0000,      1.3906,     42.4531,    245.9866,     61.9055,      3.4953,      0.1708,      0.1381,     27.7078,      0.1819,      5.5255,     11.0510,      1.6075,     28.4398,     56.8795,      0.0190,      0.0015,      0.2262,      0.2016,   7632.3101,-444519.1250,   -936.5296,    543.6799,  25441.0312,
       1,     167,     212,      11,       1,       3,       1,     10.0000,      1.3906,     42.4531,    245.9866,     61.9055,      3.4953,      0.1821,      0.1488,     26.0112,      0.1989,      5.5255,     11.0510,      1.7573,     28.4398,     56.8795,      0.0190,      0.0013,      0.2430,      0.2016,   7632.3096,-454226.1875,   -938.5253,    543.0231,  25441.0332,
       1,     167,     212,      12,       1,       3,       1,     10.0000,      1.3906,     42.4531,    245.9866,     61.9055,      3.4953,      0.1865,      0.1527,     24.3907,      0.2184,      5.5255,     11.0510,      1.9296,     28.4398,     56.8795,      0.0190,      0.0012,      0.2500,      0.2016,   7632.3101,-452917.9062,   -938.2772,    543.1124,  25441.0332,
       1,     167,     212,      13,       1,       3,       1,     10.0000,      1.3906,     42.4531,    245.9866,     61.9055,      3.4953,      0.1862,      0.1521,     21.3002,      0.2282,      5.5255,     11.0510,      2.0165,     28.4398,     56.8795,      0.0190,      0.0011,      0.2500,      0.2016,   7632.3101,-450763.1250,   -937.8257,    543.2586,  25441.0332,
       1,     167,     212,      14,       1,       3,       1,     10.0000,      1.3906,     42.4531,    245.9866,     61.9055,      3.4953,      0.1878,      0.1539,     41.0103,      0.2192,      5.5255,     11.0510,      1.9371,     28.4398,     56.8795,      0.0190,      0.0020,      0.2500,      0.2016,   7632.3101,-446684.4062,   -936.9551,    543.5356,  25441.0332,
       1,     167,     212,      15,       1,       3,       1,     10.0000,      1.3906,     42.4531,    245.9866,     61.9055,      3.4953,      0.1852,      0.1510,     75.5268,      0.2302,      5.5255,     11.0510,      2.0344,     28.4398,     56.8795,      0.0190,      0.0039,      0.2423,      0.2016,   7632.3101,-471169.2188,   -941.9577,    541.8721,  25441.0352,
       1,     167,     212,      16,       1,       3,       1,     10.0000,      1.3906,     42.4531,    245.9866,     61.9055,      3.4953,      0.1780,      0.1440,     91.3111,      0.2225,      5.5255,     11.0510,      1.9658,     28.4398,     56.8795,      0.0190,      0.0049,      0.2296,      0.2016,   7632.3110,-516780.6875,   -951.3965,    538.7853,  25441.0332,
       1,     167,     212,      17,       1,       3,       1,     10.0000,      1.3906,     42.4531,    245.9866,     61.9055,      3.4953,      0.1672,      0.1336,    104.0263,      0.2093,      5.5255,     11.0510,      1.8497,     28.4398,     56.8795,      0.0190,      0.0061,      0.2122,      0.2015,   7632.3101,-540617.8125,   -956.5464,    537.1886,  25441.0332,
       1,     167,     212,      18,       1,       3,       1,     10.0000,      1.3906,     42.4531,    245.9866,     61.9055,      3.4953,      0.1175,      0.0841,     80.1679,      0.2024,      5.5255,     11.0510,      1.7888,     28.4398,     56.8795,      0.0190,      0.0070,      0.1414,      0.2015,   7632.3101,-558696.8125,   -960.6189,    535.9771,  25441.0332,
       1,     167,     212,      19,       1,       3,       1,     10.0000,      1.3906,     42.4531,    245.9866,     61.9055,      3.4953,      0.0794,      0.0466,     38.6443,      0.1814,      5.5255,     11.0510,      1.6027,     28.4398,     56.8795,      0.0190,      0.0053,      0.0903,      0.2015,   7632.3101,-530129.0625,   -955.1411,    537.8924,  25441.0332,
       1,     167,     212,      20,       1,       3,       1,     10.0000,      1.3906,     42.4531,    245.9866,     61.9055,      3.4953,      0.0098,     -0.0223,      7.6500,      0.1620,      5.5255,     11.0510,      1.4319,     28.4398,     56.8795,      0.0190,      0.0061,      0.0156,      0.2015,   7632.3101,-475310.6875,   -944.1229,    541.5816,  25441.0312,
       1,     167,     212,      21,       1,       3,       1,     10.0000,      1.3906,     42.4531,    245.9866,     61.9055,      3.4953,      0.0001,     -0.0315,      6.5715,      0.1463,      5.5255,     11.0510,      1.2924,     28.4398,     56.8795,      0.0190,      0.0052,      0.0156,      0.2016,   7632.3096,-431590.9375,   -935.6450,    544.5540,  25441.0312,
       1,     167,     212,      22,       1,       3,       1,     10.0000,      1.3906,     42.4531,    245.9866,     61.9055,      3.4953,      0.0000,     -0.0315,      5.8166,      0.1436,      5.5255,     11.0510,      1.2692,     28.4398,     56.8795,      0.0190,      0.0046,      0.0156,      0.2016,   7632.3096,-426495.5000,   -934.5585,    544.9090,  25441.0312,
       1,     167,     212,      23,       1,       3,       1,     10.0000,      1.3906,     42.4531,    245.9866,     61.9055,      3.4953,      0.0000,     -0.0314,      5.4526,      0.1419,      5.5255,     11.0510,      1.2539,     28.4398,     56.8795,      0.0190,      0.0043,      0.0156,      0.2016,   7632.3096,-425097.5312,   -934.7273,    545.0043,  25441.0312,
       1,     167,     212,      24,       1,       3,       1,     10.0000,      1.3906,     42.4531,    245.9866,     61.9055,      3.4953,      0.0000,     -0.0315,      3.6315,      0.1428,      5.5255,     11.0510,      1.2615,     28.4398,     56.8795,      0.0190,      0.0029,      0.0156,      0.2016,   7632.3096,-424518.8750,   -935.0884,    545.0437,  25441.0332,
       1,     167,     213,       1,       1,       3,       1,     10.0000,      1.3907,     42.4534,    245.9924,     61.9069,      3.4953,      0.0000,     -0.0315,      2.3904,      0.1433,      5.5251,     11.0502,      1.2667,     28.4443,     56.8887,      0.0190,      0.0019,      0.0156,      0.2016,   7632.3101,-422331.3750,   -934.9093,    545.2057,  25442.1797,
       1,     167,     213,       2,       1,       3,       1,     10.0000,      1.3907,     42.4534,    245.9924,     61.9069,      3.4953,      0.0000,     -0.0316,      1.1592,      0.1457,      5.5251,     11.0502,      1.2873,     28.4443,     56.8887,      0.0190,      0.0009,      0.0156,      0.2016,   7632.6543,-420427.1562,   -934.2092,    545.3356,  25442.1797,
       1,     167,     213,       3,       1,       3,       1,     10.0000,      1.3907,     42.4534,    245.9924,     61.9069,      3.4953,      0.0000,     -0.0316,      1.1080,      0.1454,      5.5251,     11.0502,      1.2847,     28.4443,     56.8887,      0.0190,      0.0009,      0.0156,      0.2016,   7632.6543,-418713.0312,   -933.8514,    545.4524,  25442.1797,
       1,     167,     213,       4,       1,       3,       1,     10.0000,      1.3907,     42.4534,    245.9924,     61.9069,      3.4953,      0.0000,     -0.0316,      1.0409,      0.1464,      5.5251,     11.0502,      1.2938,     28.4443,     56.8887,      0.0190,      0.0008,      0.0156,      0.2016,   7632.6543,-418501.5000,   -933.8030,    545.4669,  25442.1797,
       1,     167,     213,       5,       1,       3,       1,     10.0000,      1.3907,     42.4534,    245.9924,     61.9069,      3.4953,      0.0000,     -0.0316,      1.0388,      0.1474,      5.5251,     11.0502,      1.3029,     28.4443,     56.8887,      0.0190,      0.0008,      0.0156,      0.2016,   7632.6543,-418398.7812,   -933.7767,    545.4739,  25442.1797,
       1,     167,     213,       6,       1,       3,       1,     10.0000,      1.3907,     42.4534,    245.9924,     61.9069,      3.4953,      0.0000,     -0.0317,      0.9855,      0.1488,      5.5251,     11.0502,      1.3148,     28.4443,     56.8887,      0.0190,      0.0008,      0.0156,      0.2016,   7632.6543,-418387.2500,   -933.7698,    545.4747,  25442.1797,
       1,     167,     213,       7,       1,       3,       1,     10.0000,      1.3907,     42.4534,    245.9924,     61.9069,      3.4953,      0.0000,     -0.0317,      1.3782,      0.1488,      5.5251,     11.0502,      1.3148,     28.4443,     56.8887,      0.0190,      0.0011,      0.0156,      0.2016,   7632.6543,-418319.1875,   -933.7519,    545.4792,  25442.1816,
       1,     167,     213,       8,       1,       3,       1,     10.0000,      1.3907,     42.4534,    245.9924,     61.9069,      3.4953,      0.0168,     -0.0148,      0.3680,      0.1477,      5.5251,     11.0502,      1.3056,     28.4443,     56.8887,      0.0190,      0.0011,      0.0041,      0.2016,   7632.6548,-418807.6250,   -933.8448,    545.4460,  25442.1797,
       1,     167,     213,       9,       1,       3,       1,     10.0000,      1.3907,     42.4534,    245.9924,     61.9069,      3.4953,      0.1275,      0.0957,     17.4717,      0.1511,      5.5251,     11.0502,      1.3348,     28.4443,     56.8887,      0.0190,      0.0013,      0.1637,      0.2016,   7632.6543,-417577.7188,   -933.5782,    545.5299,  25442.1816,
       1,     167,     213,      10,       1,       3,       1,     10.0000,      1.3907,     42.4534,    245.9924,     61.9069,      3.4953,      0.1674,      0.1354,     21.9984,      0.1582,      5.5251,     11.0502,      1.3979,     28.4443,     56.8887,      0.0190,      0.0012,      0.2216,      0.2016,   7632.6548,-439010.2500,   -937.9693,    544.0683,  25442.1816,
       1,     167,     213,      11,       1,       3,       1,     10.0000,      1.3907,     42.4534,    245.9924,     61.9069,      3.4953,      0.1869,      0.1545,     25.0870,      0.1707,      5.5251,     11.0502,      1.5083,     28.4443,     56.8887,      0.0190,      0.0012,      0.2500,      0.2016,   7632.6548,-446557.9375,   -939.5005,    543.5569,  25442.1797,
       1,     167,     213,      12,       1,       3,       1,     10.0000,      1.3907,     42.4534,    245.9924,     61.9069,      3.4953,      0.1868,      0.1537,     26.3704,      0.1927,      5.5251,     11.0502,      1.7026,     28.4443,     56.8887,      0.0190,      0.0013,      0.2500,      0.2016,   7632.6543,-451094.7812,   -940.3914,    543.2490,  25442.1797,
       1,     167,     213,      13,       1,       3,       1,     10.0000,      1.3907,     42.4534,    245.9924,     61.9069,      3.4953,      0.1864,      0.1541,     18.7907,      0.1678,      5.5251,     11.0502,      1.4829,     28.4443,     56.8887,      0.0190,      0.0009,      0.2500,      0.2016,   7632.6543,-453100.5625,   -940.7434,    543.1129,  25442.1797,
       1,     167,     213,      14,       1,       3,       1,     10.0000,      1.3907,     42.4534,    245.9924,     61.9069,      3.4953,      0.1864,      0.1539,     19.5303,      0.1741,      5.5251,     11.0502,      1.5387,     28.4443,     56.8887,      0.0190,      0.0010,      0.2500,      0.2016,   7632.6543,-443722.2188,   -941.4706,    543.7496,  25442.1797,
       1,     167,     213,      15,       1,       3,       1,     10.0000,      1.3907,     42.4534,    245.9924,     61.9069,      3.4953,      0.1680,      0.1348,     28.1143,      0.1983,      5.5251,     11.0502,      1.7522,     28.4443,     56.8887,      0.0190,      0.0016,      0.2221,      0.2016,   7632.6543,-443851.3438,   -941.3672,    543.7411,  25442.1777,
       1,     167,     213,      16,       1,       3,       1,     10.0000,      1.3907,     42.4534,    245.9924,     61.9069,      3.4953,      0.1219,      0.0887,     30.0826,      0.1969,      5.5251,     11.0502,      1.7401,     28.4443,     56.8887,      0.0190,      0.0024,      0.1538,      0.2016,   7632.6538,-454676.1250,   -943.5752,    543.0054,  25442.1816,
       1,     167,     213,      17,       1,       3,       1,     10.0000,      1.3907,     42.4534,    245.9924,     61.9069,      3.4953,      0.1281,      0.0953,     42.7058,      0.1814,      5.5251,     11.0502,      1.6027,     28.4443,     56.8887,      0.0190,      0.0033,      0.1615,      0.2016,   7632.6548,-458084.8750,   -944.3177,    542.7745,  25442.1797,
       1,     167,     213,      18,       1,       3,       1,     10.0000,      1.3907,     42.4534,    245.9924,     61.9069,      3.4953,      0.1156,      0.0832,     18.4613,      0.1693,      5.5251,     11.0502,      1.4963,     28.4443,     56.8887,      0.0190,      0.0016,      0.1461,      0.2016,   7632.6543,-474282.6250,   -947.7089,    541.6756,  25442.1797,
       1,     167,     213,      19,       1,       3,       1,     10.0000,      1.3907,     42.4534,    245.9924,     61.9069,      3.4953,      0.0728,      0.0405,     12.7365,      0.1676,      5.5251,     11.0502,      1.4814,     28.4443,     56.8887,      0.0190,      0.0019,      0.0839,      0.2016,   7632.6543,-445116.5312,   -941.7845,    543.6515,  25442.1758,
       1,     167,     213,      20,       1,       3,       1,     10.0000,      1.3907,     42.4534,    245.9924,     61.9069,      3.4953,      0.0208,     -0.0115,      2.3154,      0.1663,      5.5251,     11.0502,      1.4696,     28.4443,     56.8887,      0.0190,      0.0032,      0.0089,      0.2016,   7632.6528,-435416.5938,   -939.8038,    544.3143,  25442.1777,
       1,     167,     213,      21,       1,       3,       1,     10.0000,      1.3907,     42.4534,    245.9924,     61.9069,      3.4953,      0.0001,     -0.0319,      4.0957,      0.1569,      5.5251,     11.0502,      1.3867,     28.4443,     56.8887,      0.0190,      0.0033,      0.0156,      0.2016,   7632.6538,-421454.6562,   -936.8937,    545.2647,  25442.1758,
       1,     167,     213,      22,       1,       3,       1,     10.0000,      1.3907,     42.4534,    245.9924,     61.9069,      3.4953,      0.0000,     -0.0319,      3.1648,      0.1565,      5.5251,     11.0502,      1.3826,     28.4443,     56.8887,      0.0190,      0.0025,      0.0156,      0.2016,   7632.6528,-422500.8125,   -937.0701,    545.1942,  25442.1777,
       1,     167,     213,      23,       1,       3,       1,     10.0000,      1.3907,     42.4534,    245.9924,     61.9069,      3.4953,      0.0000,     -0.0320,      2.6119,      0.1590,      5.5251,     11.0502,      1.4049,     28.4443,     56.8887,      0.0190,      0.0021,      0.0156,      0.2016,   7632.6538,-421417.0625,   -936.8195,    545.2680,  25442.1777,
       1,     167,     213,      24,       1,       3,       1,     10.0000,      1.3907,     42.4534,    245.9924,     61.9069,      3.4953,      0.0000,     -0.0320,      2.5519,      0.1585,      5.5251,     11.0502,      1.4007,     28.4443,     56.8887,      0.0190,      0.0020,      0.0156,      0.2016,   7632.6538,-420627.8125,   -936.6360,    545.3219,  25442.1777,
       1,     167,     214,       1,       1,       3,       1,     10.0000,      1.3907,     42.4538,    245.9983,     61.9084,      3.4953,      0.0000,     -0.0321,      2.6327,      0.1596,      5.5252,     11.0504,      1.4106,     28.4467,     56.8934,      0.0190,      0.0021,      0.0156,      0.2017,   7632.6538,-420640.6875,   -936.9133,    545.3339,  25443.3242,
       1,     167,     214,       2,       1,       3,       1,     10.0000,      1.3907,     42.4538,    245.9983,     61.9084,      3.4953,      0.0000,     -0.0320,      1.9542,      0.1584,      5.5252,     11.0504,      1.3993,     28.4467,     56.8934,      0.0190,      0.0016,      0.0156,      0.2017,   7632.9976,-420589.9688,   -936.5830,    545.3373,  25443.3242,
       1,     167,     214,       3,       1,       3,       1,     10.0000,      1.3907,     42.4538,    245.9983,     61.9084,      3.4953,      0.0000,     -0.0320,      1.5369,      0.1577,      5.5252,     11.0504,      1.3937,     28.4467,     56.8934,      0.0190,      0.0012,      0.0156,      0.2017,   7632.9976,-419731.3438,   -936.3885,    545.3959,  25443.3281,
       1,     167,     214,       4,       1,       3,       1,     10.0000,      1.3907,     42.4538,    245.9983,     61.9084,      3.4953,      0.0000,     -0.0320,      1.5847,      0.1587,      5.5252,     11.0504,      1.4021,     28.4467,     56.8934,      0.0190,      0.0013,      0.0156,      0.2017,   7632.9985,-419131.5625,   -936.2512,    545.4368,  25443.3262,
       1,     167,     214,       5,       1,       3,       1,     10.0000,      1.3907,     42.4538,    245.9983,     61.9084,      3.4953,      0.0000,     -0.0319,      1.2815,      0.1557,      5.5252,     11.0504,      1.3757,     28.4467,     56.8934,      0.0190,      0.0010,      0.0156,      0.2017,   7632.9980,-419140.6250,   -936.2399,    545.4362,  25443.3262,
       1,     167,     214,       6,       1,       3,       1,     10.0000,      1.3907,     42.4538,    245.9983,     61.9084,      3.4953,      0.0000,     -0.0318,      1.1051,      0.1537,      5.5252,     11.0504,      1.3578,     28.4467,     56.8934,      0.0190,      0.0009,      0.0156,      0.2017,   7632.9980,-418759.5938,   -936.1516,    545.4621,  25443.3262,
       1,     167,     214,       7,       1,       3,       1,     10.0000,      1.3907,     42.4538,    245.9983,     61.9084,      3.4953,      0.0000,     -0.0317,      1.1516,      0.1497,      5.5252,     11.0504,      1.3228,     28.4467,     56.8934,      0.0190,      0.0009,      0.0156,      0.2017,   7632.9980,-418504.7500,   -936.0916,    545.4794,  25443.3262,
       1,     167,     214,       8,       1,       3,       1,     10.0000,      1.3907,     42.4538,    245.9983,     61.9084,      3.4953,      0.0066,     -0.0251,      1.0374,      0.1486,      5.5252,     11.0504,      1.3135,     28.4467,     56.8934,      0.0190,      0.0008,      0.0156,      0.2017,   7632.9980,-418541.5625,   -936.0909,    545.4770,  25443.3262,
       1,     167,     214,       9,       1,       3,       1,     10.0000,      1.3907,     42.4538,    245.9983,     61.9084,      3.4953,      0.0628,      0.0304,      5.6691,      0.1690,      5.5252,     11.0504,      1.4933,     28.4467,     56.8934,      0.0190,      0.0010,      0.0700,      0.2017,   7632.9980,-418400.8438,   -936.0537,    545.4866,  25443.3262,
       1,     167,     214,      10,       1,       3,       1,     10.0000,      1.3907,     42.4538,    245.9983,     61.9084,      3.4953,      0.1363,      0.1034,     14.9198,      0.1848,      5.5252,     11.0504,      1.6333,     28.4467,     56.8934,      0.0190,      0.0010,      0.1768,      0.2017,   7632.9980,-424220.7188,   -937.2396,    545.0897,  25443.3262,
       1,     167,     214,      11,       1,       3,       1,     10.0000,      1.3907,     42.4538,    245.9983,     61.9084,      3.4953,      0.1732,      0.1397,     20.7076,      0.2047,      5.5252,     11.0504,      1.8084,     28.4467,     56.8934,      0.0190,      0.0011,      0.2305,      0.2017,   7632.9980,-436369.9688,   -939.7272,    544.2621,  25443.3262,
       1,     167,     214,      12,       1,       3,       1,     10.0000,      1.3907,     42.4538,    245.9983,     61.9084,      3.4953,      0.1628,      0.1289,     23.0397,      0.2207,      5.5252,     11.0504,      1.9506,     28.4467,     56.8934,      0.0190,      0.0013,      0.2150,      0.2016,   7632.9980,-444703.7188,   -941.4161,    543.6957,  25443.3262,
       1,     167,     214,      13,       1,       3,       1,     10.0000,      1.3907,     42.4538,    245.9983,     61.9084,      3.4953,      0.1861,      0.1517,     20.1111,      0.2364,      5.5252,     11.0504,      2.0888,     28.4467,     56.8934,      0.0190,      0.0010,      0.2500,      0.2016,   7632.9980,-448355.9688,   -942.1717,    543.4478,  25443.3262,
       1,     167,     214,      14,       1,       3,       1,     10.0000,      1.3907,     42.4538,    245.9983,     61.9084,      3.4953,      0.1646,      0.1301,     31.4307,      0.2420,      5.5252,     11.0504,      2.1383,     28.4467,     56.8934,      0.0190,      0.0018,      0.2167,      0.2016,   7632.9980,-444979.6875,   -941.4238,    543.6772,  25443.3262,
       1,     167,     214,      15,       1,       3,       1,     10.0000,      1.3907,     42.4538,    245.9983,     61.9084,      3.4953,      0.1200,      0.0858,     36.3826,      0.2293,      5.5252,     11.0504,      2.0265,     28.4467,     56.8934,      0.0190,      0.0030,      0.1499,      0.2016,   7632.9980,-458949.1562,   -944.3132,    542.7280,  25443.3242,
       1,     167,     214,      16,       1,       3,       1,     10.0000,      1.3907,     42.4538,    245.9983,     61.9084,      3.4953,      0.0144,     -0.0194,      5.5341,      0.2160,      5.5252,     11.0504,      1.9089,     28.4467,     56.8934,      0.0190,      0.0044,      0.0156,      0.2016,   7632.9976,-466387.6562,   -945.9096,    542.2241,  25443.3262,
       1,     167,     214,      17,       1,       3,       1,     10.0000,      1.3907,     42.4538,    245.9983,     61.9084,      3.4953,      0.0420,      0.0083,     17.5198,      0.2127,      5.5252,     11.0504,      1.8792,     28.4467,     56.8934,      0.0190,      0.0059,      0.0367,      0.2016,   7632.9980,-428153.6250,   -938.0291,    544.8158,  25443.3281,
       1,     167,     214,      18,       1,       3,       1,     10.0000,      1.3907,     42.4538,    245.9983,     61.9084,      3.4953,      0.0358,      0.0021,     14.7486,      0.2104,      5.5252,     11.0504,      1.8589,     28.4467,     56.8934,      0.0190,      0.0066,      0.0279,      0.2017,   7632.9985,-439989.5938,   -940.4191,    544.0159,  25443.3262,
       1,     167,     214,      19,       1,       3,       1,     10.0000,      1.3907,     42.4538,    245.9983,     61.9084,      3.4953,      0.0372,      0.0041,     14.9442,      0.1906,      5.5252,     11.0504,      1.6842,     28.4467,     56.8934,      0.0190,      0.0061,      0.0306,      0.2016,   7632.9980,-437508.6875,   -939.8549,    544.1852,  25443.3262,
       1,     167,     214,      20,       1,       3,       1,     10.0000,      1.3907,     42.4538,    245.9983,     61.9084,      3.4953,      0.0092,     -0.0235,      6.1437,      0.1778,      5.5252,     11.0504,      1.5712,     28.4467,     56.8934,      0.0190,      0.0049,      0.0156,      0.2016,   7632.9980,-437541.7188,   -939.8116,    544.1830,  25443.3262,
       1,     167,     214,      21,       1,       3,       1,     10.0000,      1.3907,     42.4538,    245.9983,     61.9084,      3.4953,      0.0000,     -0.0323,      5.4009,      0.1668,      5.5252,     11.0504,      1.4741,     28.4467,     56.8934,      0.0190,      0.0043,      0.0156,      0.2016,   7632.9980,-426460.1562,   -937.4754,    544.9368,  25443.3242,
       1,     167,     214,      22,       1,       3,       1,     10.0000,      1.3907,     42.4538,    245.9983,     61.9084,      3.4953,      0.0000,     -0.0323,      5.1161,      0.1657,      5.5252,     11.0504,      1.4638,     28.4467,     56.8934,      0.0190,      0.0041,      0.0156,      0.2017,   7632.9976,-424576.0000,   -937.0387,    545.0657,  25443.3242,
       1,     167,     214,      23,       1,       3,       1,     10.0000,      1.3907,     42.4538,    245.9983,     61.9084,      3.4953,      0.0000,     -0.0322,      4.8721,      0.1627,      5.5252,     11.0504,      1.4377,     28.4467,     56.8934,      0.0190,      0.0039,      0.0156,      0.2017,   7632.9976,-424054.9062,   -936.8862,    545.1011,  25443.3223,
       1,     167,     214,      24,       1,       3,       1,     10.0000,      1.3907,     42.4538,    245.9983,     61.9084,      3.4953,      0.0000,     -0.0322,      4.2831,      0.1630,      5.5252,     11.0504,      1.4406,     28.4467,     56.8934,      0.0190,      0.0034,      0.0156,      0.2017,   7632.9971,-423703.2188,   -936.7715,    545.1251,  25443.3242,
       1,     167,     215,       1,       1,       3,       1,     10.0000,      1.3907,     42.4541,    246.0041,     61.9099,      3.4953,      0.0000,     -0.0322,      3.4540,      0.1632,      5.5263,     11.0527,      1.4420,     28.4354,     56.8708,      0.0190,      0.0027,      0.0156,      0.2017,   7632.9976,-423087.5625,   -936.9060,    545.1802,  25444.4707,
       1,     167,     215,       2,       1,       3,       1,     10.0000,      1.3907,     42.4541,    246.0041,     61.9099,      3.4953,      0.0000,     -0.0321,      2.4533,      0.1622,      5.5263,     11.0527,      1.4334,     28.4354,     56.8708,      0.0190,      0.0019,      0.0156,      0.2017,   7633.3413,-421836.7188,   -936.3241,    545.2654,  25444.4727,
       1,     167,     215,       3,       1,       3,       1,     10.0000,      1.3907,     42.4541,    246.0041,     61.9099,      3.4953,      0.0000,     -0.0322,      2.2354,      0.1635,      5.5263,     11.0527,      1.4449,     28.4354,     56.8708,      0.0190,      0.0018,      0.0156,      0.2017,   7633.3423,-420469.4688,   -936.0234,    545.3586,  25444.4727,
       1,     167,     215,       4,       1,       3,       1,     10.0000,      1.3907,     42.4541,    246.0041,     61.9099,      3.4953,      0.0000,     -0.0321,      1.9126,      0.1622,      5.5263,     11.0527,      1.4334,     28.4354,     56.8708,      0.0190,      0.0015,      0.0156,      0.2017,   7633.3423,-420077.7500,   -935.9254,    545.3854,  25444.4727,
       1,     167,     215,       5,       1,       3,       1,     10.0000,      1.3907,     42.4541,    246.0041,     61.9099,      3.4953,      0.0000,     -0.0320,      1.8376,      0.1595,      5.5263,     11.0527,      1.4092,     28.4354,     56.8708,      0.0190,      0.0015,      0.0156,      0.2017,   7633.3423,-419637.5312,   -935.8203,    545.4153,  25444.4727,
       1,     167,     215,       6,       1,       3,       1,     10.0000,      1.3907,     42.4541,    246.0041,     61.9099,      3.4953,      0.0000,     -0.0319,      1.7587,      0.1565,      5.5263,     11.0527,      1.3826,     28.4354,     56.8708,      0.0190,      0.0014,      0.0156,      0.2017,   7633.3423,-419505.5000,   -935.7793,    545.4244,  25444.4727,
       1,     167,     215,       7,       1,       3,       1,     10.0000,      1.3907,     42.4541,    246.0041,     61.9099,      3.4953,      0.0000,     -0.0317,      1.5749,      0.1508,      5.5263,     11.0527,      1.3322,     28.4354,     56.8708,      0.0190,      0.0013,      0.0156,      0.2017,   7633.3423,-419394.7500,   -935.7439,    545.4319,  25444.4727,
       1,     167,     215,       8,       1,       3,       1,     10.0000,      1.3907,     42.4541,    246.0041,     61.9099,      3.4953,      0.0037,     -0.0280,      1.6430,      0.1489,      5.5263,     11.0527,      1.3162,     28.4354,     56.8708,      0.0190,      0.0013,      0.0156,      0.2017,   7633.3423,-419153.8438,   -935.6843,    545.4483,  25444.4727,
       1,     167,     215,       9,       1,       3,       1,     10.0000,      1.3907,     42.4541,    246.0041,     61.9099,      3.4953,      0.0400,      0.0080,      4.2093,      0.1569,      5.5263,     11.0527,      1.3868,     28.4354,     56.8708,      0.0190,      0.0014,      0.0371,      0.2017,   7633.3423,-419218.9375,   -935.6863,    545.4438,  25444.4727,
       1,     167,     215,      10,       1,       3,       1,     10.0000,      1.3907,     42.4541,    246.0041,     61.9099,      3.4953,      0.0996,      0.0668,     16.7855,      0.1834,      5.5263,     11.0527,      1.6204,     28.4354,     56.8708,      0.0190,      0.0017,      0.1226,      0.2017,   7633.3423,-422455.5938,   -936.3428,    545.2232,  25444.4727,
       1,     167,     215,      11,       1,       3,       1,     10.0000,      1.3907,     42.4541,    246.0041,     61.9099,      3.4953,      0.1305,      0.0972,     30.8437,      0.1997,      5.5263,     11.0527,      1.7644,     28.4354,     56.8708,      0.0190,      0.0023,      0.1663,      0.2017,   7633.3423,-438568.0312,   -939.6774,    544.1251,  25444.4727,
       1,     167,     215,      12,       1,       3,       1,     10.0000,      1.3907,     42.4541,    246.0041,     61.9099,      3.4953,      0.1626,      0.1288,     33.3277,      0.2169,      5.5263,     11.0527,      1.9165,     28.4354,     56.8708,      0.0190,      0.0019,      0.2136,      0.2017,   7633.3423,-457658.1562,   -943.6550,    542.8278,  25444.4707,
       1,     167,     215,      13,       1,       3,       1,     10.0000,      1.3907,     42.4541,    246.0041,     61.9099,      3.4953,      0.1708,      0.1370,     26.2363,      0.2180,      5.5263,     11.0527,      1.9259,     28.4354,     56.8708,      0.0190,      0.0014,      0.2266,      0.2017,   7633.3413,-462426.9062,   -944.6932,    542.5058,  25444.4727,
       1,     167,     215,      14,       1,       3,       1,     10.0000,      1.3907,     42.4541,    246.0041,     61.9099,      3.4953,      0.1498,      0.1158,     27.1553,      0.2253,      5.5263,     11.0527,      1.9912,     28.4354,     56.8708,      0.0190,      0.0017,      0.1953,      0.2017,   7633.3423,-453899.5312,   -942.9745,    543.0842,  25444.4727,
       1,     167,     215,      15,       1,       3,       1,     10.0000,      1.3907,     42.4541,    246.0041,     61.9099,      3.4953,      0.1729,      0.1389,     59.6591,      0.2240,      5.5263,     11.0527,      1.9795,     28.4354,     56.8708,      0.0190,      0.0033,      0.2257,      0.2017,   7633.3423,-454327.6875,   -943.1104,    543.0554,  25444.4746,
       1,     167,     215,      16,       1,       3,       1,     10.0000,      1.3907,     42.4541,    246.0041,     61.9099,      3.4953,      0.1775,      0.1439,     79.6187,      0.2091,      5.5263,     11.0527,      1.8480,     28.4354,     56.8708,      0.0190,      0.0043,      0.2301,      0.2017,   7633.3428,-495307.8750,   -951.6825,    540.2736,  25444.4707,
       1,     167,     215,      17,       1,       3,       1,     10.0000,      1.3907,     42.4541,    246.0041,     61.9099,      3.4953,      0.1525,      0.1192,     84.5485,      0.2019,      5.5263,     11.0527,      1.7836,     28.4354,     56.8708,      0.0190,      0.0054,      0.1927,      0.2016,   7633.3413,-523996.8438,   -957.8343,    538.3433,  25444.4727,
       1,     167,     215,      18,       1,       3,       1,     10.0000,      1.3907,     42.4541,    246.0041,     61.9099,      3.4953,      0.1127,      0.0793,     61.2524,      0.1997,      5.5263,     11.0527,      1.7644,     28.4354,     56.8708,      0.0190,      0.0056,      0.1364,      0.2016,   7633.3423,-532667.9375,   -959.9272,    537.7631,  25444.4707,
       1,     167,     215,      19,       1,       3,       1,     10.0000,      1.3907,     42.4541,    246.0041,     61.9099,      3.4953,      0.0800,      0.0470,     40.8695,      0.1893,      5.5263,     11.0527,      1.6726,     28.4354,     56.8708,      0.0190,      0.0056,      0.0908,      0.2016,   7633.3413,-504024.5000,   -954.2536,    539.6888,  25444.4727,
       1,     167,     215,      20,       1,       3,       1,     10.0000,      1.3907,     42.4541,    246.0041,     61.9099,      3.4953,      0.0284,     -0.0042,      8.0801,      0.1740,      5.5263,     11.0527,      1.5372,     28.4354,     56.8708,      0.0190,      0.0053,      0.0190,      0.2016,   7633.3423,-475892.1562,   -948.5672,    541.5901,  25444.4707,
       1,     167,     215,      21,       1,       3,       1,     10.0000,      1.3907,     42.4541,    246.0041,     61.9099,      3.4953,      0.0001,     -0.0323,      5.8837,      0.1675,      5.5263,     11.0527,      1.4800,     28.4354,     56.8708,      0.0190,      0.0047,      0.0156,      0.2016,   7633.3413,-432175.3750,   -939.4995,    544.5531,  25444.4707,
       1,     167,     215,      22,       1,       3,       1,     10.0000,      1.3907,     42.4541,    246.0041,     61.9099,      3.4953,      0.0000,     -0.0322,      5.3453,      0.1645,      5.5263,     11.0527,      1.4536,     28.4354,     56.8708,      0.0190,      0.0042,      0.0156,      0.2017,   7633.3413,-425685.7188,   -938.1087,    545.0029,  25444.4688,
       1,     167,     215,      23,       1,       3,       1,     10.0000,      1.3907,     42.4541,    246.0041,     61.9099,      3.4953,      0.0000,     -0.0322,      5.2410,      0.1652,      5.5263,     11.0527,      1.4595,     28.4354,     56.8708,      0.0190,      0.0042,      0.0156,      0.2017,   7633.3408,-424441.5312,   -937.8140,    545.0879,  25444.4707,
       1,     167,     215,      24,       1,       3,       1,     10.0000,      1.3907,     42.4541,    246.0041,     61.9099,      3.4953,      0.0000,     -0.0323,      4.3891,      0.1665,      5.5263,     11.0527,      1.4712,     28.4354,     56.8708,      0.0190,      0.0035,      0.0156,      0.2017,   7633.3413,-424203.1562,   -937.7283,    545.1042,  25444.4707,
       1,     167,     216,       1,       1,       3,       1,     10.0000,      1.3907,     42.4544,    246.0100,     61.9114,      3.4953,      0.0000,     -0.0322,      3.4341,      0.1650,      5.5260,     11.0520,      1.4580,     28.4323,     56.8646,      0.0190,      0.0027,      0.0156,      0.2017,   7633.3413,-423266.1875,   -937.8046,    545.1810,  25445.6191,
       1,     167,     216,       2,       1,       3,       1,     10.0000,      1.3907,     42.4544,    246.0100,     61.9114,      3.4953,      0.0000,     -0.0322,      2.7593,      0.1635,      5.5260,     11.0520,      1.4450,     28.4323,     56.8646,      0.0190,      0.0022,      0.0156,      0.2017,   7633.6860,-421829.6562,   -937.1855,    545.2789,  25445.6191,
       1,     167,     216,       3,       1,       3,       1,     10.0000,      1.3907,     42.4544,    246.0100,     61.9114,      3.4953,      0.0000,     -0.0322,      2.3864,      0.1639,      5.5260,     11.0520,      1.4479,     28.4323,     56.8646,      0.0190,      0.0019,      0.0156,      0.2017,   7633.6860,-420856.7188,   -936.9662,    545.3452,  25445.6191,
       1,     167,     216,       4,       1,       3,       1,     10.0000,      1.3907,     42.4544,    246.0100,     61.9114,      3.4953,      0.0000,     -0.0322,      2.2959,      0.1640,      5.5260,     11.0520,      1.4493,     28.4323,     56.8646,      0.0190,      0.0018,      0.0156,      0.2017,   7633.6860,-420303.8750,   -936.8366,    545.3829,  25445.6191,
       1,     167,     216,       5,       1,       3,       1,     10.0000,      1.3907,     42.4544,    246.0100,     61.9114,      3.4953,      0.0000,     -0.0322,      2.2637,      0.1639,      5.5260,     11.0520,      1.4479,     28.4323,     56.8646,      0.0190,      0.0018,      0.0156,      0.2017,   7633.6860,-420142.5938,   -936.7894,    545.3940,  25445.6172,
       1,     167,     216,       6,       1,       3,       1,     10.0000,      1.3907,     42.4544,    246.0100,     61.9114,      3.4953,      0.0000,     -0.0322,      1.9791,      0.1645,      5.5260,     11.0520,      1.4537,     28.4323,     56.8646,      0.0190,      0.0016,      0.0156,      0.2017,   7633.6855,-420088.1875,   -936.7652,    545.3976,  25445.6191,
       1,     167,     216,       7,       1,       3,       1,     10.0000,      1.3907,     42.4544,    246.0100,     61.9114,      3.4953,      0.0000,     -0.0322,      1.9611,      0.1630,      5.5260,     11.0520,      1.4406,     28.4323,     56.8646,      0.0190,      0.0016,      0.0156,      0.2017,   7633.6860,-419725.1875,   -936.6784,    545.4224,  25445.6191,
       1,     167,     216,       8,       1,       3,       1,     10.0000,      1.3907,     42.4544,    246.0100,     61.9114,      3.4953,      0.0089,     -0.0232,      2.2104,      0.1603,      5.5260,     11.0520,      1.4163,     28.4323,     56.8646,      0.0190,      0.0018,      0.0156,      0.2017,   7633.6860,-419671.3438,   -936.6561,    545.4260,  25445.6191,
       1,     167,     216,       9,       1,       3,       1,     10.0000,      1.3907,     42.4544,    246.0100,     61.9114,      3.4953,      0.1242,      0.0917,     26.1863,      0.1736,      5.5260,     11.0520,      1.5342,     28.4323,     56.8646,      0.0190,      0.0021,      0.1578,      0.2017,   7633.6860,-419980.5938,   -936.7072,    545.4050,  25445.6191,
       1,     167,     216,      10,       1,       3,       1,     10.0000,      1.3907,     42.4544,    246.0100,     61.9114,      3.4953,      0.1635,      0.1304,     40.7853,      0.1937,      5.5260,     11.0520,      1.7112,     28.4323,     56.8646,      0.0190,      0.0024,      0.2139,      0.2017,   7633.6860,-450190.1875,   -943.0240,    543.3455,  25445.6191,
       1,     167,     216,      11,       1,       3,       1,     10.0000,      1.3907,     42.4544,    246.0100,     61.9114,      3.4953,      0.1883,      0.1549,     46.2299,      0.2043,      5.5260,     11.0520,      1.8049,     28.4323,     56.8646,      0.0190,      0.0023,      0.2500,      0.2017,   7633.6860,-471179.3750,   -947.4589,    541.9237,  25445.6172,
       1,     167,     216,      12,       1,       3,       1,     10.0000,      1.3907,     42.4544,    246.0100,     61.9114,      3.4953,      0.1890,      0.1552,     56.1247,      0.2171,      5.5260,     11.0520,      1.9184,     28.4323,     56.8646,      0.0190,      0.0028,      0.2500,      0.2017,   7633.6855,-479837.3438,   -949.3503,    541.3391,  25445.6172,
       1,     167,     216,      13,       1,       3,       1,     10.0000,      1.3907,     42.4544,    246.0100,     61.9114,      3.4953,      0.1835,      0.1495,     48.0164,      0.2247,      5.5260,     11.0520,      1.9854,     28.4323,     56.8646,      0.0190,      0.0025,      0.2429,      0.2017,   7633.6855,-493044.2188,   -952.2172,    540.4457,  25445.6172,
       1,     167,     216,      14,       1,       3,       1,     10.0000,      1.3907,     42.4544,    246.0100,     61.9114,      3.4953,      0.1891,      0.1549,     58.0133,      0.2311,      5.5260,     11.0520,      2.0425,     28.4323,     56.8646,      0.0190,      0.0029,      0.2500,      0.2016,   7633.6855,-483957.4375,   -950.4687,    541.0604,  25445.6172,
       1,     167,     216,      15,       1,       3,       1,     10.0000,      1.3907,     42.4544,    246.0100,     61.9114,      3.4953,      0.1902,      0.1562,     71.4740,      0.2218,      5.5260,     11.0520,      1.9603,     28.4323,     56.8646,      0.0190,      0.0035,      0.2500,      0.2017,   7633.6855,-495777.3125,   -953.0624,    540.2613,  25445.6152,
       1,     167,     216,      16,       1,       3,       1,     10.0000,      1.3907,     42.4544,    246.0100,     61.9114,      3.4953,      0.1665,      0.1329,     69.8981,      0.2077,      5.5260,     11.0520,      1.8354,     28.4323,     56.8646,      0.0190,      0.0040,      0.2150,      0.2016,   7633.6851,-513754.6562,   -957.0057,    539.0478,  25445.6172,
       1,     167,     216,      17,       1,       3,       1,     10.0000,      1.3907,     42.4544,    246.0100,     61.9114,      3.4953,      0.1004,      0.0669,     47.4402,      0.2043,      5.5260,     11.0520,      1.8049,     28.4323,     56.8646,      0.0190,      0.0049,      0.1198,      0.2016,   7633.6855,-513308.3438,   -957.1667,    539.0793,  25445.6172,
       1,     167,     216,      18,       1,       3,       1,     10.0000,      1.3907,     42.4544,    246.0100,     61.9114,      3.4953,      0.1749,      0.1418,     98.1153,      0.1940,      5.5260,     11.0520,      1.7146,     28.4323,     56.8646,      0.0190,      0.0054,      0.2241,      0.2016,   7633.6855,-484956.5938,   -951.4444,    540.9898,  25445.6133,
       1,     167,     216,      19,       1,       3,       1,     10.0000,      1.3907,     42.4544,    246.0100,     61.9114,      3.4953,      0.1158,      0.0830,     62.4176,      0.1830,      5.5260,     11.0520,      1.6172,     28.4323,     56.8646,      0.0190,      0.0055,      0.1411,      0.2017,   7633.6841,-546400.1250,   -964.5617,    536.8381,  25445.6152,
       1,     167,     216,      20,       1,       3,       1,     10.0000,      1.3907,     42.4544,    246.0100,     61.9114,      3.4953,      0.0373,      0.0048,     12.6660,      0.1729,      5.5260,     11.0520,      1.5281,     28.4323,     56.8646,      0.0190,      0.0050,      0.0316,      0.2016,   7633.6851,-506672.5625,   -956.5460,    539.5200,  25445.6152,
       1,     167,     216,      21,       1,       3,       1,     10.0000,      1.3907,     42.4544,    246.0100,     61.9114,      3.4953,      0.0001,     -0.0323,      5.0869,      0.1687,      5.5260,     11.0520,      1.4904,     28.4323,     56.8646,      0.0190,      0.0040,      0.0156,      0.2016,   7633.6851,-440566.4062,   -942.7861,    543.9848,  25445.6152,
       1,     167,     216,      22,       1,       3,       1,     10.0000,      1.3907,     42.4544,    246.0100,     61.9114,      3.4953,      0.0000,     -0.0323,      4.7847,      0.1675,      5.5260,     11.0520,      1.4801,     28.4323,     56.8646,      0.0190,      0.0038,      0.0156,      0.2017,   7633.6851,-425416.0312,   -939.5833,    545.0335,  25445.6152,
       1,     167,     216,      23,       1,       3,       1,     10.0000,      1.3907,     42.4544,    246.0100,     61.9114,      3.4953,      0.0000,     -0.0323,      4.6367,      0.1662,      5.5260,     11.0520,      1.4683,     28.4323,     56.8646,      0.0190,      0.0037,      0.0156,      0.2017,   7633.6851,-423716.0312,   -939.2050,    545.1503,  25445.6172,
       1,     167,     216,      24,       1,       3,       1,     10.0000,      1.3907,     42.4544,    246.0100,     61.9114,      3.4953,      0.0000,     -0.0322,      3.6429,      0.1655,      5.5260,     11.0520,      1.4624,     28.4323,     56.8646,      0.0190,      0.0029,      0.0156,      0.2017,   7633.6855,-423382.4688,   -939.1144,    545.1731,  25445.6152,
       1,     167,     217,       1,       1,       3,       1,     10.0000,      1.3907,     42.4548,    246.0158,     61.9128,      3.4953,      0.0000,     -0.0322,      2.7129,      0.1634,      5.5256,     11.0513,      1.4436,     28.4378,     56.8756,      0.0190,      0.0022,      0.0156,      0.2017,   7633.6851,-422258.9375,   -939.1661,    545.2626,  25446.7637,
       1,     167,     217,       2,       1,       3,       1,     10.0000,      1.3907,     42.4548,    246.0158,     61.9128,      3.4953,      0.0000,     -0.0321,      2.2816,      0.1611,      5.5256,     11.0513,      1.4235,     28.4378,     56.8756,      0.0190,      0.0018,      0.0156,      0.2017,   7634.0293,-420838.1875,   -938.5549,    545.3594,  25446.7656,
       1,     167,     217,       3,       1,       3,       1,     10.0000,      1.3907,     42.4548,    246.0158,     61.9128,      3.4953,      0.0000,     -0.0321,      1.9074,      0.1609,      5.5256,     11.0513,      1.4220,     28.4378,     56.8756,      0.0190,      0.0015,      0.0156,      0.2017,   7634.0298,-420173.1562,   -938.4059,    545.4047,  25446.7656,
       1,     167,     217,       4,       1,       3,       1,     10.0000,      1.3907,     42.4548,    246.0158,     61.9128,      3.4953,      0.0000,     -0.0321,      1.7579,      0.1616,      5.5256,     11.0513,      1.4278,     28.4378,     56.8756,      0.0190,      0.0014,      0.0156,      0.2017,   7634.0298,-419645.1250,   -938.2880,    545.4408,  25446.7637,
       1,     167,     217,       5,       1,       3,       1,     10.0000,      1.3907,     42.4548,    246.0158,     61.9128,      3.4953,      0.0000,     -0.0321,      1.6587,      0.1613,      5.5256,     11.0513,      1.4249,     28.4378,     56.8756,      0.0190,      0.0013,      0.0156,      0.2017,   7634.0293,-419411.6250,   -938.2330,    545.4567,  25446.7637,
       1,     167,     217,       6,       1,       3,       1,     10.0000,      1.3907,     42.4548,    246.0158,     61.9128,      3.4953,      0.0000,     -0.0321,      1.3937,      0.1617,      5.5256,     11.0513,      1.4292,     28.4378,     56.8756,      0.0190,      0.0011,      0.0156,      0.2017,   7634.0293,-419266.7812,   -938.1970,    545.4666,  25446.7637,
       1,     167,     217,       7,       1,       3,       1,     10.0000,      1.3907,     42.4548,    246.0158,     61.9128,      3.4953,      0.0000,     -0.0321,      1.2323,      0.1621,      5.5256,     11.0513,      1.4320,     28.4378,     56.8756,      0.0190,      0.0010,      0.0156,      0.2017,   7634.0293,-418920.7500,   -938.1199,    545.4901,  25446.7637,
       1,     167,     217,       8,       1,       3,       1,     10.0000,      1.3907,     42.4548,    246.0158,     61.9128,      3.4953,      0.0153,     -0.0168,      0.0800,      0.1608,      5.5256,     11.0513,      1.4206,     28.4378,     56.8756,      0.0190,      0.0008,      0.0013,      0.2017,   7634.0293,-418688.0938,   -938.0673,    545.5061,  25446.7637,
       1,     167,     217,       9,       1,       3,       1,     10.0000,      1.3907,     42.4548,    246.0158,     61.9128,      3.4953,      0.1219,      0.0894,     11.6471,      0.1705,      5.5256,     11.0513,      1.5069,     28.4378,     56.8756,      0.0190,      0.0009,      0.1560,      0.2017,   7634.0293,-417217.4375,   -937.7521,    545.6063,  25446.7617,
       1,     167,     217,      10,       1,       3,       1,     10.0000,      1.3907,     42.4548,    246.0158,     61.9128,      3.4953,      0.1709,      0.1382,     19.0164,      0.1818,      5.5256,     11.0513,      1.6061,     28.4378,     56.8756,      0.0190,      0.0010,      0.2273,      0.2017,   7634.0288,-431651.1250,   -940.7957,    544.6219,  25446.7617,
       1,     167,     217,      11,       1,       3,       1,     10.0000,      1.3907,     42.4548,    246.0158,     61.9128,      3.4953,      0.1849,      0.1514,     23.4575,      0.2053,      5.5256,     11.0513,      1.8139,     28.4378,     56.8756,      0.0190,      0.0012,      0.2476,      0.2017,   7634.0288,-442169.8438,   -943.0116,    543.9067,  25446.7617,
       1,     167,     217,      12,       1,       3,       1,     10.0000,      1.3907,     42.4548,    246.0158,     61.9128,      3.4953,      0.1866,      0.1527,     25.8618,      0.2205,      5.5256,     11.0513,      1.9488,     28.4378,     56.8756,      0.0190,      0.0013,      0.2500,      0.2017,   7634.0288,-448664.0938,   -944.3815,    543.4657,  25446.7617,
       1,     167,     217,      13,       1,       3,       1,     10.0000,      1.3907,     42.4548,    246.0158,     61.9128,      3.4953,      0.1868,      0.1525,     29.3458,      0.2362,      5.5256,     11.0513,      2.0869,     28.4378,     56.8756,      0.0190,      0.0015,      0.2500,      0.2017,   7634.0288,-452248.0938,   -945.1464,    543.2224,  25446.7598,
       1,     167,     217,      14,       1,       3,       1,     10.0000,      1.3907,     42.4548,    246.0158,     61.9128,      3.4953,      0.1855,      0.1512,     36.6711,      0.2341,      5.5256,     11.0513,      2.0687,     28.4378,     56.8756,      0.0190,      0.0018,      0.2472,      0.2017,   7634.0283,-456942.7812,   -946.1556,    542.9036,  25446.7617,
       1,     167,     217,      15,       1,       3,       1,     10.0000,      1.3907,     42.4548,    246.0158,     61.9128,      3.4953,      0.1823,      0.1484,     46.1364,      0.2221,      5.5256,     11.0513,      1.9622,     28.4378,     56.8756,      0.0190,      0.0024,      0.2413,      0.2017,   7634.0288,-466570.6250,   -948.2297,    542.2504,  25446.7617,
       1,     167,     217,      16,       1,       3,       1,     10.0000,      1.3907,     42.4548,    246.0158,     61.9128,      3.4953,      0.1762,      0.1419,     69.9893,      0.2353,      5.5256,     11.0513,      2.0788,     28.4378,     56.8756,      0.0190,      0.0038,      0.2295,      0.2017,   7634.0288,-479318.5000,   -951.0054,    541.3867,  25446.7617,
       1,     167,     217,      17,       1,       3,       1,     10.0000,      1.3907,     42.4548,    246.0158,     61.9128,      3.4953,      0.1669,      0.1329,     87.6766,      0.2236,      5.5256,     11.0513,      1.9757,     28.4378,     56.8756,      0.0190,      0.0051,      0.2136,      0.2017,   7634.0288,-510462.0938,   -957.7374,    539.2798,  25446.7598,
       1,     167,     217,      18,       1,       3,       1,     10.0000,      1.3907,     42.4548,    246.0158,     61.9128,      3.4953,      0.1672,      0.1339,     94.7076,      0.1991,      5.5256,     11.0513,      1.7593,     28.4378,     56.8756,      0.0190,      0.0055,      0.2132,      0.2017,   7634.0283,-535431.8125,   -963.2898,    537.6006,  25446.7617,
       1,     167,     217,      19,       1,       3,       1,     10.0000,      1.3907,     42.4548,    246.0158,     61.9128,      3.4953,      0.0980,      0.0648,     47.6063,      0.1973,      5.5256,     11.0513,      1.7437,     28.4378,     56.8756,      0.0190,      0.0051,      0.1164,      0.2016,   7634.0288,-546434.6250,   -965.9797,    536.8638,  25446.7617,
       1,     167,     217,      20,       1,       3,       1,     10.0000,      1.3907,     42.4548,    246.0158,     61.9128,      3.4953,      0.0292,     -0.0036,      6.4405,      0.1832,      5.5256,     11.0513,      1.6189,     28.4378,     56.8756,      0.0190,      0.0040,      0.0201,      0.2016,   7634.0288,-487968.9375,   -953.9345,    540.7880,  25446.7598,
       1,     167,     217,      21,       1,       3,       1,     10.0000,      1.3907,     42.4548,    246.0158,     61.9128,      3.4953,      0.0001,     -0.0324,      5.5683,      0.1729,      5.5256,     11.0513,      1.5281,     28.4378,     56.8756,      0.0190,      0.0044,      0.0156,      0.2017,   7634.0283,-431150.4688,   -941.9976,    544.6432,  25446.7617,
       1,     167,     217,      22,       1,       3,       1,     10.0000,      1.3907,     42.4548,    246.0158,     61.9128,      3.4953,      0.0000,     -0.0324,      5.2426,      0.1695,      5.5256,     11.0513,      1.4979,     28.4378,     56.8756,      0.0190,      0.0042,      0.0156,      0.2017,   7634.0288,-425212.6250,   -940.7241,    545.0612,  25446.7617,
       1,     167,     217,      23,       1,       3,       1,     10.0000,      1.3907,     42.4548,    246.0158,     61.9128,      3.4953,      0.0000,     -0.0323,      4.1346,      0.1678,      5.5256,     11.0513,      1.4830,     28.4378,     56.8756,      0.0190,      0.0033,      0.0156,      0.2017,   7634.0288,-424276.4062,   -940.5098,    545.1251,  25446.7617,
       1,     167,     217,      24,       1,       3,       1,     10.0000,      1.3907,     42.4548,    246.0158,     61.9128,      3.4953,      0.0000,     -0.0323,      3.9559,      0.1663,      5.5256,     11.0513,      1.4698,     28.4378,     56.8756,      0.0190,      0.0031,      0.0156,      0.2017,   7634.0288,-422801.2188,   -940.1852,    545.2256,  25446.7617,
       1,     167,     218,       1,       1,       3,       1,     10.0000,      1.3908,     42.4551,    246.0217,     61.9143,      3.4953,      0.0000,     -0.0323,      3.3617,      0.1680,      5.5254,     11.0507,      1.4846,     28.4443,     56.8886,      0.0190,      0.0027,      0.0156,      0.2018,   7634.0288,-422605.4688,   -940.4368,    545.2519,  25447.9082,
       1,     167,     218,       2,       1,       3,       1,     10.0000,      1.3908,     42.4551,    246.0217,     61.9143,      3.4953,      0.0000,     -0.0324,      2.3743,      0.1695,      5.5254,     11.0507,      1.4980,     28.4443,     56.8886,      0.0190,      0.0019,      0.0156,      0.2018,   7634.3726,-421687.1250,   -939.9300,    545.3145,  25447.9102,
       1,     167,     218,       3,       1,       3,       1,     10.0000,      1.3908,     42.4551,    246.0217,     61.9143,      3.4953,      0.0000,     -0.0324,      1.9589,      0.1688,      5.5254,     11.0507,      1.4920,     28.4443,     56.8886,      0.0190,      0.0016,      0.0156,      0.2018,   7634.3735,-420365.3750,   -939.6429,    545.4045,  25447.9082,
       1,     167,     218,       4,       1,       3,       1,     10.0000,      1.3908,     42.4551,    246.0217,     61.9143,      3.4953,      0.0000,     -0.0322,      1.6900,      0.1644,      5.5254,     11.0507,      1.4523,     28.4443,     56.8886,      0.0190,      0.0013,      0.0156,      0.2018,   7634.3726,-419729.3438,   -939.5037,    545.4479,  25447.9082,
       1,     167,     218,       5,       1,       3,       1,     10.0000,      1.3908,     42.4551,    246.0217,     61.9143,      3.4953,      0.0000,     -0.0322,      1.3395,      0.1637,      5.5254,     11.0507,      1.4465,     28.4443,     56.8886,      0.0190,      0.0011,      0.0156,      0.2018,   7634.3726,-419336.4062,   -939.4163,    545.4747,  25447.9082,
       1,     167,     218,       6,       1,       3,       1,     10.0000,      1.3908,     42.4551,    246.0217,     61.9143,      3.4953,      0.0000,     -0.0321,      1.2091,      0.1605,      5.5254,     11.0507,      1.4178,     28.4443,     56.8886,      0.0190,      0.0010,      0.0156,      0.2018,   7634.3726,-418861.4375,   -939.3127,    545.5070,  25447.9082,
       1,     167,     218,       7,       1,       3,       1,     10.0000,      1.3908,     42.4551,    246.0217,     61.9143,      3.4953,      0.0000,     -0.0320,      1.2305,      0.1571,      5.5254,     11.0507,      1.3883,     28.4443,     56.8886,      0.0190,      0.0010,      0.0156,      0.2018,   7634.3726,-418656.6875,   -939.2672,    545.5210,  25447.9082,
       1,     167,     218,       8,       1,       3,       1,     10.0000,      1.3908,     42.4551,    246.0217,     61.9143,      3.4953,      0.0230,     -0.0090,      1.1432,      0.1577,      5.5254,     11.0507,      1.3939,     28.4443,     56.8886,      0.0190,      0.0011,      0.0125,      0.2018,   7634.3726,-418665.9688,   -939.2668,    545.5203,  25447.9082,
       1,     167,     218,       9,       1,       3,       1,     10.0000,      1.3908,     42.4551,    246.0217,     61.9143,      3.4953,      0.1327,      0.1001,     15.9230,      0.1750,      5.5254,     11.0507,      1.5465,     28.4443,     56.8886,      0.0190,      0.0012,      0.1713,      0.2018,   7634.3726,-418556.9688,   -939.2385,    545.5278,  25447.9082,
       1,     167,     218,      10,       1,       3,       1,     10.0000,      1.3908,     42.4551,    246.0217,     61.9143,      3.4953,      0.1707,      0.1374,     25.4067,      0.1985,      5.5254,     11.0507,      1.7541,     28.4443,     56.8886,      0.0190,      0.0014,      0.2263,      0.2018,   7634.3726,-437148.9062,   -943.1934,    544.2600,  25447.9082,
       1,     167,     218,      11,       1,       3,       1,     10.0000,      1.3908,     42.4551,    246.0217,     61.9143,      3.4953,      0.1865,      0.1527,     23.9941,      0.2163,      5.5254,     11.0507,      1.9110,     28.4443,     56.8886,      0.0190,      0.0012,      0.2500,      0.2018,   7634.3726,-450687.1875,   -946.0867,    543.3405,  25447.9062,
       1,     167,     218,      12,       1,       3,       1,     10.0000,      1.3908,     42.4551,    246.0217,     61.9143,      3.4953,      0.1818,      0.1477,     23.1677,      0.2303,      5.5254,     11.0507,      2.0347,     28.4443,     56.8886,      0.0190,      0.0012,      0.2433,      0.2017,   7634.3721,-450069.5625,   -945.9786,    543.3832,  25447.9062,
       1,     167,     218,      13,       1,       3,       1,     10.0000,      1.3908,     42.4551,    246.0217,     61.9143,      3.4953,      0.1863,      0.1518,     22.8658,      0.2418,      5.5254,     11.0507,      2.1364,     28.4443,     56.8886,      0.0190,      0.0011,      0.2500,      0.2017,   7634.3721,-448975.0938,   -945.7686,    543.4575,  25447.9062,
       1,     167,     218,      14,       1,       3,       1,     10.0000,      1.3908,     42.4551,    246.0217,     61.9143,      3.4953,      0.1878,      0.1532,     42.6577,      0.2451,      5.5254,     11.0507,      2.1658,     28.4443,     56.8886,      0.0190,      0.0021,      0.2500,      0.2017,   7634.3721,-448501.1562,   -945.6756,    543.4897,  25447.9043,
       1,     167,     218,      15,       1,       3,       1,     10.0000,      1.3908,     42.4551,    246.0217,     61.9143,      3.4953,      0.1900,      0.1555,     70.0087,      0.2399,      5.5254,     11.0507,      2.1198,     28.4443,     56.8886,      0.0190,      0.0035,      0.2500,      0.2017,   7634.3716,-473381.0000,   -950.9955,    541.7994,  25447.9062,
       1,     167,     218,      16,       1,       3,       1,     10.0000,      1.3908,     42.4551,    246.0217,     61.9143,      3.4953,      0.1673,      0.1332,     77.8638,      0.2269,      5.5254,     11.0507,      2.0050,     28.4443,     56.8886,      0.0190,      0.0045,      0.2153,      0.2017,   7634.3721,-509970.1250,   -958.9070,    539.3242,  25447.9062,
       1,     167,     218,      17,       1,       3,       1,     10.0000,      1.3908,     42.4551,    246.0217,     61.9143,      3.4953,      0.0627,      0.0289,     27.6175,      0.2169,      5.5254,     11.0507,      1.9166,     28.4443,     56.8886,      0.0190,      0.0052,      0.0661,      0.2017,   7634.3721,-523013.4062,   -961.9507,    538.4504,  25447.9062,
       1,     167,     218,      18,       1,       3,       1,     10.0000,      1.3908,     42.4551,    246.0217,     61.9143,      3.4953,      0.1155,      0.0818,     72.5686,      0.2110,      5.5254,     11.0507,      1.8646,     28.4443,     56.8886,      0.0190,      0.0065,      0.1392,      0.2017,   7634.3721,-460784.5312,   -948.9493,    542.6395,  25447.9023,
       1,     167,     218,      19,       1,       3,       1,     10.0000,      1.3908,     42.4551,    246.0217,     61.9143,      3.4953,      0.0191,     -0.0141,      2.7045,      0.1950,      5.5254,     11.0507,      1.7232,     28.4443,     56.8886,      0.0190,      0.0064,      0.0052,      0.2017,   7634.3711,-512125.5000,   -960.0118,    539.1734,  25447.9062,
       1,     167,     218,      20,       1,       3,       1,     10.0000,      1.3908,     42.4551,    246.0217,     61.9143,      3.4953,      0.0092,     -0.0236,      7.5407,      0.1828,      5.5254,     11.0507,      1.6157,     28.4443,     56.8886,      0.0190,      0.0060,      0.0156,      0.2017,   7634.3721,-428478.2500,   -942.3452,    544.8220,  25447.9043,
       1,     167,     218,      21,       1,       3,       1,     10.0000,      1.3908,     42.4551,    246.0217,     61.9143,      3.4953,      0.0000,     -0.0326,      6.4129,      0.1768,      5.5254,     11.0507,      1.5620,     28.4443,     56.8886,      0.0190,      0.0051,      0.0156,      0.2018,   7634.3716,-427488.7812,   -942.1201,    544.9190,  25447.9043,
       1,     167,     218,      22,       1,       3,       1,     10.0000,      1.3908,     42.4551,    246.0217,     61.9143,      3.4953,      0.0000,     -0.0325,      5.7296,      0.1729,      5.5254,     11.0507,      1.5281,     28.4443,     56.8886,      0.0190,      0.0046,      0.0156,      0.2018,   7634.3716,-425947.1250,   -941.7784,    545.0241,  25447.9043,
       1,     167,     218,      23,       1,       3,       1,     10.0000,      1.3908,     42.4551,    246.0217,     61.9143,      3.4953,      0.0000,     -0.0323,      5.3049,      0.1675,      5.5254,     11.0507,      1.4801,     28.4443,     56.8886,      0.0190,      0.0042,      0.0156,      0.2018,   7634.3716,-424954.8438,   -941.5554,    545.0917,  25447.9043,
       1,     167,     218,      24,       1,       3,       1,     10.0000,      1.3908,     42.4551,    246.0217,     61.9143,      3.4953,      0.0000,     -0.0323,      4.3389,      0.1655,      5.5254,     11.0507,      1.4625,     28.4443,     56.8886,      0.0190,      0.0034,      0.0156,      0.2018,   7634.3716,-424335.0312,   -941.4130,    545.1340,  25447.9043,
       1,     167,     219,       1,       1,       3,       1,     10.0000,      1.3908,     42.4554,    246.0275,     61.9158,      3.4953,      0.0000,     -0.0323,      3.6029,      0.1678,      5.5263,     11.0526,      1.4831,     28.4448,     56.8897,      0.0190,      0.0029,      0.0156,      0.2018,   7634.3716,-423222.1875,   -941.4741,    545.2227,  25449.0527,
       1,     167,     219,       2,       1,       3,       1,     10.0000,      1.3908,     42.4554,    246.0275,     61.9158,      3.4953,      0.0000,     -0.0322,      2.8680,      0.1630,      5.5263,     11.0526,      1.4407,     28.4448,     56.8897,      0.0190,      0.0023,      0.0156,      0.2018,   7634.7163,-422046.6250,   -940.9115,    545.3029,  25449.0527,
       1,     167,     219,       3,       1,       3,       1,     10.0000,      1.3908,     42.4554,    246.0275,     61.9158,      3.4953,      0.0000,     -0.0320,      2.4925,      0.1581,      5.5263,     11.0526,      1.3967,     28.4448,     56.8897,      0.0190,      0.0020,      0.0156,      0.2018,   7634.7163,-421020.8125,   -940.6880,    545.3727,  25449.0547,
       1,     167,     219,       4,       1,       3,       1,     10.0000,      1.3908,     42.4554,    246.0275,     61.9158,      3.4953,      0.0000,     -0.0320,      2.1296,      0.1566,      5.5263,     11.0526,      1.3841,     28.4448,     56.8897,      0.0190,      0.0017,      0.0156,      0.2018,   7634.7168,-420460.0625,   -940.5629,    545.4109,  25449.0527,
       1,     167,     219,       5,       1,       3,       1,     10.0000,      1.3908,     42.4554,    246.0275,     61.9158,      3.4953,      0.0000,     -0.0320,      1.8971,      0.1581,      5.5263,     11.0526,      1.3967,     28.4448,     56.8897,      0.0190,      0.0015,      0.0156,      0.2018,   7634.7163,-419955.6562,   -940.4525,    545.4454,  25449.0527,
       1,     167,     219,       6,       1,       3,       1,     10.0000,      1.3908,     42.4554,    246.0275,     61.9158,      3.4953,      0.0000,     -0.0319,      1.8691,      0.1557,      5.5263,     11.0526,      1.3758,     28.4448,     56.8897,      0.0190,      0.0015,      0.0156,      0.2018,   7634.7163,-419619.7500,   -940.3776,    545.4683,  25449.0527,
       1,     167,     219,       7,       1,       3,       1,     10.0000,      1.3908,     42.4554,    246.0275,     61.9158,      3.4953,      0.0000,     -0.0320,      1.5740,      0.1587,      5.5263,     11.0526,      1.4023,     28.4448,     56.8897,      0.0190,      0.0013,      0.0156,      0.2018,   7634.7163,-419555.5312,   -940.3610,    545.4727,  25449.0527,
       1,     167,     219,       8,       1,       3,       1,     10.0000,      1.3908,     42.4554,    246.0275,     61.9158,      3.4953,      0.0076,     -0.0245,      1.4232,      0.1595,      5.5263,     11.0526,      1.4093,     28.4448,     56.8897,      0.0190,      0.0011,      0.0156,      0.2018,   7634.7163,-419178.6875,   -940.2783,    545.4983,  25449.0527,
       1,     167,     219,       9,       1,       3,       1,     10.0000,      1.3908,     42.4554,    246.0275,     61.9158,      3.4953,      0.0210,     -0.0113,      0.8215,      0.1658,      5.5263,     11.0526,      1.4654,     28.4448,     56.8897,      0.0190,      0.0011,      0.0093,      0.2018,   7634.7163,-418956.7188,   -940.2286,    545.5135,  25449.0527,
       1,     167,     219,      10,       1,       3,       1,     10.0000,      1.3908,     42.4554,    246.0275,     61.9158,      3.4953,      0.1031,      0.0705,     13.7350,      0.1766,      5.5263,     11.0526,      1.5605,     28.4448,     56.8897,      0.0190,      0.0013,      0.1281,      0.2018,   7634.7163,-418180.4062,   -940.0594,    545.5664,  25449.0527,
       1,     167,     219,      11,       1,       3,       1,     10.0000,      1.3908,     42.4554,    246.0275,     61.9158,      3.4953,      0.1467,      0.1135,     20.2708,      0.1969,      5.5263,     11.0526,      1.7403,     28.4448,     56.8897,      0.0190,      0.0013,      0.1915,      0.2018,   7634.7163,-434364.2188,   -943.5223,    544.4628,  25449.0527,
       1,     167,     219,      12,       1,       3,       1,     10.0000,      1.3908,     42.4554,    246.0275,     61.9158,      3.4953,      0.0656,      0.0320,      7.9433,      0.2094,      5.5263,     11.0526,      1.8500,     28.4448,     56.8897,      0.0190,      0.0014,      0.0729,      0.2018,   7634.7163,-443982.3750,   -945.5954,    543.8093,  25449.0527,
       1,     167,     219,      13,       1,       3,       1,     10.0000,      1.3908,     42.4554,    246.0275,     61.9158,      3.4953,      0.0566,      0.0227,      6.0426,      0.2195,      5.5263,     11.0526,      1.9394,     28.4448,     56.8897,      0.0190,      0.0013,      0.0595,      0.2018,   7634.7163,-429287.8125,   -942.4778,    544.8086,  25449.0527,
       1,     167,     219,      14,       1,       3,       1,     10.0000,      1.3908,     42.4554,    246.0275,     61.9158,      3.4953,      0.1640,      0.1296,     29.7891,      0.2350,      5.5263,     11.0526,      2.0769,     28.4448,     56.8897,      0.0190,      0.0017,      0.2160,      0.2018,   7634.7163,-425638.2812,   -941.7039,    545.0580,  25449.0508,
       1,     167,     219,      15,       1,       3,       1,     10.0000,      1.3908,     42.4554,    246.0275,     61.9158,      3.4953,      0.1699,      0.1363,     38.6296,      0.2085,      5.5263,     11.0526,      1.8428,     28.4448,     56.8897,      0.0190,      0.0021,      0.2236,      0.2018,   7634.7153,-455210.5000,   -948.0400,    543.0432,  25449.0488,
       1,     167,     219,      16,       1,       3,       1,     10.0000,      1.3908,     42.4554,    246.0275,     61.9158,      3.4953,      0.1700,      0.1358,     64.1552,      0.2307,      5.5263,     11.0526,      2.0387,     28.4448,     56.8897,      0.0190,      0.0036,      0.2210,      0.2018,   7634.7148,-468887.5625,   -951.3029,    542.1185,  25449.0527,
       1,     167,     219,      17,       1,       3,       1,     10.0000,      1.3908,     42.4554,    246.0275,     61.9158,      3.4953,      0.1250,      0.0909,     56.0554,      0.2274,      5.5263,     11.0526,      2.0090,     28.4448,     56.8897,      0.0190,      0.0045,      0.1550,      0.2017,   7634.7163,-502201.2500,   -958.5446,    539.8619,  25449.0488,
       1,     167,     219,      18,       1,       3,       1,     10.0000,      1.3908,     42.4554,    246.0275,     61.9158,      3.4953,      0.1085,      0.0748,     53.9573,      0.2152,      5.5263,     11.0526,      1.9017,     28.4448,     56.8897,      0.0190,      0.0051,      0.1310,      0.2017,   7634.7148,-494858.9062,   -957.1998,    540.3620,  25449.0508,
       1,     167,     219,      19,       1,       3,       1,     10.0000,      1.3908,     42.4554,    246.0275,     61.9158,      3.4953,      0.0543,      0.0210,     26.2771,      0.2001,      5.5263,     11.0526,      1.7680,     28.4448,     56.8897,      0.0190,      0.0060,      0.0543,      0.2017,   7634.7153,-491582.8438,   -956.6987,    540.5836,  25449.0488,
       1,     167,     219,      20,       1,       3,       1,     10.0000,      1.3908,     42.4554,    246.0275,     61.9158,      3.4953,      0.0127,     -0.0202,      5.6009,      0.1838,      5.5263,     11.0526,      1.6238,     28.4448,     56.8897,      0.0190,      0.0044,      0.0156,      0.2017,   7634.7148,-456431.5625,   -949.3254,    542.9589,  25449.0488,
       1,     167,     219,      21,       1,       3,       1,     10.0000,      1.3908,     42.4554,    246.0275,     61.9158,      3.4953,      0.0000,     -0.0325,      6.5492,      0.1728,      5.5263,     11.0526,      1.5267,     28.4448,     56.8897,      0.0190,      0.0052,      0.0156,      0.2018,   7634.7148,-427407.4375,   -943.1398,    544.9339,  25449.0488,
       1,     167,     219,      22,       1,       3,       1,     10.0000,      1.3908,     42.4554,    246.0275,     61.9158,      3.4953,      0.0000,     -0.0324,      6.7996,      0.1688,      5.5263,     11.0526,      1.4920,     28.4448,     56.8897,      0.0190,      0.0054,      0.0156,      0.2018,   7634.7148,-426118.4688,   -942.8524,    545.0253,  25449.0488,
       1,     167,     219,      23,       1,       3,       1,     10.0000,      1.3908,     42.4554,    246.0275,     61.9158,      3.4953,      0.0000,     -0.0324,      5.8172,      0.1700,      5.5263,     11.0526,      1.5025,     28.4448,     56.8897,      0.0190,      0.0046,      0.0156,      0.2018,   7634.7148,-426318.5625,   -942.8826,    545.0117,  25449.0488,
       1,     167,     219,      24,       1,       3,       1,     10.0000,      1.3908,     42.4554,    246.0275,     61.9158,      3.4953,      0.0000,     -0.0322,      4.6920,      0.1650,      5.5263,     11.0526,      1.4581,     28.4448,     56.8897,      0.0190,      0.0037,      0.0156,      0.2018,   7634.7148,-425099.4062,   -942.6116,    545.0948,  25449.0488,
       1,     167,     220,       1,       1,       3,       1,     10.0000,      1.3908,     42.4558,    246.0333,     61.9172,      3.4953,      0.0000,     -0.0322,      3.4794,      0.1632,      5.5266,     11.0533,      1.4422,     28.4348,     56.8696,      0.0190,      0.0028,      0.0156,      0.2018,   7634.7148,-423734.8125,   -942.6191,    545.2008,  25450.1973,
       1,     167,     220,       2,       1,       3,       1,     10.0000,      1.3908,     42.4558,    246.0333,     61.9172,      3.4953,      0.0000,     -0.0322,      2.6334,      0.1650,      5.5266,     11.0533,      1.4582,     28.4348,     56.8696,      0.0190,      0.0021,      0.0156,      0.2018,   7635.0596,-421937.9688,   -941.9224,    545.3232,  25450.1973,
       1,     167,     220,       3,       1,       3,       1,     10.0000,      1.3908,     42.4558,    246.0333,     61.9172,      3.4953,      0.0000,     -0.0322,      2.0899,      0.1650,      5.5266,     11.0533,      1.4582,     28.4348,     56.8696,      0.0190,      0.0017,      0.0156,      0.2018,   7635.0596,-420719.2500,   -941.6569,    545.4063,  25450.1973,
       1,     167,     220,       4,       1,       3,       1,     10.0000,      1.3908,     42.4558,    246.0333,     61.9172,      3.4953,      0.0000,     -0.0322,      2.0600,      0.1629,      5.5266,     11.0533,      1.4393,     28.4348,     56.8696,      0.0190,      0.0016,      0.0156,      0.2018,   7635.0596,-419930.9375,   -941.4849,    545.4601,  25450.1973,
       1,     167,     220,       5,       1,       3,       1,     10.0000,      1.3908,     42.4558,    246.0333,     61.9172,      3.4953,      0.0000,     -0.0321,      1.8858,      0.1600,      5.5266,     11.0533,      1.4136,     28.4348,     56.8696,      0.0190,      0.0015,      0.0156,      0.2018,   7635.0596,-419825.5625,   -941.4593,    545.4672,  25450.1973,
       1,     167,     220,       6,       1,       3,       1,     10.0000,      1.3908,     42.4558,    246.0333,     61.9172,      3.4953,      0.0000,     -0.0320,      1.6561,      0.1587,      5.5266,     11.0533,      1.4023,     28.4348,     56.8696,      0.0190,      0.0013,      0.0156,      0.2018,   7635.0596,-419597.3438,   -941.4076,    545.4828,  25450.1973,
       1,     167,     220,       7,       1,       3,       1,     10.0000,      1.3908,     42.4558,    246.0333,     61.9172,      3.4953,      0.0000,     -0.0319,      1.6651,      0.1566,      5.5266,     11.0533,      1.3842,     28.4348,     56.8696,      0.0190,      0.0013,      0.0156,      0.2018,   7635.0596,-419288.7188,   -941.3394,    545.5038,  25450.1973,
       1,     167,     220,       8,       1,       3,       1,     10.0000,      1.3908,     42.4558,    246.0333,     61.9172,      3.4953,      0.0098,     -0.0221,      1.4571,      0.1545,      5.5266,     11.0533,      1.3649,     28.4348,     56.8696,      0.0190,      0.0012,      0.0156,      0.2018,   7635.0596,-419273.6562,   -941.3340,    545.5049,  25450.1973,
       1,     167,     220,       9,       1,       3,       1,     10.0000,      1.3908,     42.4558,    246.0333,     61.9172,      3.4953,      0.0956,      0.0634,     11.1447,      0.1640,      5.5266,     11.0533,      1.4494,     28.4348,     56.8696,      0.0190,      0.0012,      0.1176,      0.2018,   7635.0596,-419010.5938,   -941.2755,    545.5228,  25450.1973,
       1,     167,     220,      10,       1,       3,       1,     10.0000,      1.3908,     42.4558,    246.0333,     61.9172,      3.4953,      0.1680,      0.1352,     21.6910,      0.1801,      5.5266,     11.0533,      1.5919,     28.4348,     56.8696,      0.0190,      0.0012,      0.2226,      0.2018,   7635.0596,-431177.6250,   -943.8874,    544.6931,  25450.1973,
       1,     167,     220,      11,       1,       3,       1,     10.0000,      1.3908,     42.4558,    246.0333,     61.9172,      3.4953,      0.1864,      0.1533,     20.8189,      0.1944,      5.5266,     11.0533,      1.7181,     28.4348,     56.8696,      0.0190,      0.0010,      0.2500,      0.2018,   7635.0596,-445495.6562,   -946.9615,    543.7189,  25450.1973,
       1,     167,     220,      12,       1,       3,       1,     10.0000,      1.3908,     42.4558,    246.0333,     61.9172,      3.4953,      0.1864,      0.1529,     21.9706,      0.2073,      5.5266,     11.0533,      1.8320,     28.4348,     56.8696,      0.0190,      0.0011,      0.2500,      0.2018,   7635.0596,-445626.8750,   -947.0002,    543.7109,  25450.1973,
       1,     167,     220,      13,       1,       3,       1,     10.0000,      1.3908,     42.4558,    246.0333,     61.9172,      3.4953,      0.1832,      0.1496,     17.9573,      0.2073,      5.5266,     11.0533,      1.8320,     28.4348,     56.8696,      0.0190,      0.0009,      0.2456,      0.2018,   7635.0596,-447086.6875,   -947.3141,    543.6116,  25450.1953,
       1,     167,     220,      14,       1,       3,       1,     10.0000,      1.3908,     42.4558,    246.0333,     61.9172,      3.4953,      0.1861,      0.1518,     24.0624,      0.2357,      5.5266,     11.0533,      2.0830,     28.4348,     56.8696,      0.0190,      0.0012,      0.2496,      0.2018,   7635.0591,-442160.0938,   -946.2722,    543.9464,  25450.1973,
       1,     167,     220,      15,       1,       3,       1,     10.0000,      1.3908,     42.4558,    246.0333,     61.9172,      3.4953,      0.1808,      0.1464,     43.5101,      0.2364,      5.5266,     11.0533,      2.0891,     28.4348,     56.8696,      0.0190,      0.0023,      0.2394,      0.2018,   7635.0596,-449422.7188,   -947.8445,    543.4528,  25450.1953,
       1,     167,     220,      16,       1,       3,       1,     10.0000,      1.3908,     42.4558,    246.0333,     61.9172,      3.4953,      0.1839,      0.1497,     64.9101,      0.2300,      5.5266,     11.0533,      2.0328,     28.4348,     56.8696,      0.0190,      0.0033,      0.2415,      0.2018,   7635.0591,-474526.7500,   -953.2769,    541.7476,  25450.1953,
       1,     167,     220,      17,       1,       3,       1,     10.0000,      1.3908,     42.4558,    246.0333,     61.9172,      3.4953,      0.1692,      0.1351,     75.6496,      0.2274,      5.5266,     11.0533,      2.0090,     28.4348,     56.8696,      0.0190,      0.0043,      0.2183,      0.2018,   7635.0591,-503632.9688,   -959.6639,    539.7793,  25450.1934,
       1,     167,     220,      18,       1,       3,       1,     10.0000,      1.3908,     42.4558,    246.0333,     61.9172,      3.4953,      0.1626,      0.1290,     76.7072,      0.2096,      5.5266,     11.0533,      1.8519,     28.4348,     56.8696,      0.0190,      0.0046,      0.2085,      0.2017,   7635.0581,-519660.2500,   -963.3549,    538.7014,  25450.1953,
       1,     167,     220,      19,       1,       3,       1,     10.0000,      1.3908,     42.4558,    246.0333,     61.9172,      3.4953,      0.0941,      0.0607,     48.9454,      0.2023,      5.5266,     11.0533,      1.7874,     28.4348,     56.8696,      0.0190,      0.0055,      0.1104,      0.2017,   7635.0591,-522361.0312,   -964.2419,    538.5206,  25450.1953,
       1,     167,     220,      20,       1,       3,       1,     10.0000,      1.3908,     42.4558,    246.0333,     61.9172,      3.4953,      0.0276,     -0.0051,      7.6277,      0.1810,      5.5266,     11.0533,      1.5998,     28.4348,     56.8696,      0.0190,      0.0053,      0.0177,      0.2017,   7635.0591,-487603.8125,   -957.0554,    540.8604,  25450.1953,
       1,     167,     220,      21,       1,       3,       1,     10.0000,      1.3908,     42.4558,    246.0333,     61.9172,      3.4953,      0.0000,     -0.0324,      5.9875,      0.1699,      5.5266,     11.0533,      1.5010,     28.4348,     56.8696,      0.0190,      0.0048,      0.0156,      0.2018,   7635.0591,-432608.5312,   -945.3446,    544.5836,  25450.1953,
       1,     167,     220,      22,       1,       3,       1,     10.0000,      1.3908,     42.4558,    246.0333,     61.9172,      3.4953,      0.0000,     -0.0322,      6.0211,      0.1629,      5.5266,     11.0533,      1.4393,     28.4348,     56.8696,      0.0190,      0.0048,      0.0156,      0.2018,   7635.0591,-425871.0000,   -943.8941,    545.0551,  25450.1953,
       1,     167,     220,      23,       1,       3,       1,     10.0000,      1.3908,     42.4558,    246.0333,     61.9172,      3.4953,      0.0000,     -0.0321,      4.8535,      0.1600,      5.5266,     11.0533,      1.4136,     28.4348,     56.8696,      0.0190,      0.0039,      0.0156,      0.2018,   7635.0591,-425319.9688,   -943.7702,    545.0928,  25450.1973,
       1,     167,     220,      24,       1,       3,       1,     10.0000,      1.3908,     42.4558,    246.0333,     61.9172,      3.4953,      0.0000,     -0.0320,      4.6295,      0.1570,      5.5266,     11.0533,      1.3870,     28.4348,     56.8696,      0.0190,      0.0037,      0.0156,      0.2018,   7635.0596,-423803.0312,   -943.4384,    545.1962,  25450.1953,
       1,     167,     221,       1,       1,       3,       1,     10.0000,      1.3908,     42.4561,    246.0392,     61.9187,      3.4953,      0.0000,     -0.0318,      3.0569,      0.1522,      5.5262,     11.0523,      1.3445,     28.4404,     56.8808,      0.0190,      0.0024,      0.0156,      0.2018,   7635.0591,-423547.4375,   -943.6889,    545.2265,  25451.3438,
       1,     167,     221,       2,       1,       3,       1,     10.0000,      1.3908,     42.4561,    246.0392,     61.9187,      3.4953,      0.0000,     -0.0313,      1.9734,      0.1397,      5.5262,     11.0523,      1.2341,     28.4404,     56.8808,      0.0190,      0.0016,      0.0156,      0.2018,   7635.4033,-421393.0625,   -912.5321,    545.3733,  25451.3770,
       1,     167,     221,       3,       1,       3,       1,     10.0000,      1.3908,     42.4561,    246.0392,     61.9187,      3.4953,      0.0000,     -0.0309,      1.5062,      0.1267,      5.5262,     11.0523,      1.1196,     28.4404,     56.8808,      0.0190,      0.0012,      0.0156,      0.2018,   7635.4136,-419841.3750,   -910.7335,    545.4791,  25451.3770,
       1,     167,     221,       4,       1,       3,       1,     10.0000,      1.3908,     42.4561,    246.0392,     61.9187,      3.4953,      0.0000,     -0.0307,      1.1717,      0.1234,      5.5262,     11.0523,      1.0903,     28.4404,     56.8808,      0.0190,      0.0009,      0.0156,      0.2018,   7635.4136,-419120.4688,   -910.7841,    545.5283,  25451.3770,
       1,     167,     221,       5,       1,       3,       1,     10.0000,      1.3908,     42.4561,    246.0392,     61.9187,      3.4953,      0.0000,     -0.0306,      1.1540,      0.1215,      5.5262,     11.0523,      1.0738,     28.4404,     56.8808,      0.0190,      0.0009,      0.0156,      0.2018,   7635.4136,-418637.7188,   -910.8091,    545.5612,  25451.3750,
       1,     167,     221,       6,       1,       3,       1,     10.0000,      1.3908,     42.4561,    246.0392,     61.9187,      3.4953,      0.0000,     -0.0306,      0.6299,      0.1215,      5.5262,     11.0523,      1.0738,     28.4404,     56.8808,      0.0190,      0.0005,      0.0156,      0.2018,   7635.4126,-418574.2500,   -910.9178,    545.5656,  25451.3770,
       1,     167,     221,       7,       1,       3,       1,     10.0000,      1.3908,     42.4561,    246.0392,     61.9187,      3.4953,      0.0000,     -0.0308,      0.3369,      0.1245,      5.5262,     11.0523,      1.1004,     28.4404,     56.8808,      0.0190,      0.0003,      0.0156,      0.2018,   7635.4136,-417909.2188,   -910.8357,    545.6108,  25451.3789,
       1,     167,     221,       8,       1,       3,       1,     10.0000,      1.3908,     42.4561,    246.0392,     61.9187,      3.4953,      0.0083,     -0.0225,      0.3010,      0.1262,      5.5262,     11.0523,      1.1150,     28.4404,     56.8808,      0.0190,      0.0002,      0.0156,      0.2018,   7635.4141,-417483.1562,   -910.0957,    545.6400,  25451.3770,
       1,     167,     221,       9,       1,       3,       1,     10.0000,      1.3908,     42.4561,    246.0392,     61.9187,      3.4953,      0.0640,      0.0331,      1.4293,      0.1271,      5.5262,     11.0523,      1.1230,     28.4404,     56.8808,      0.0190,      0.0002,      0.0735,      0.2018,   7635.4136,-417401.7500,   -910.1046,    545.6454,  25451.3789,
       1,     167,     221,      10,       1,       3,       1,     10.0000,      1.3908,     42.4561,    246.0392,     61.9187,      3.4953,      0.1181,      0.0869,      3.1343,      0.1338,      5.5262,     11.0523,      1.1827,     28.4404,     56.8808,      0.0190,      0.0003,      0.1518,      0.2018,   7635.4141,-418814.0625,   -910.6594,    545.5492,  25451.3770,
       1,     167,     221,      11,       1,       3,       1,     10.0000,      1.3908,     42.4561,    246.0392,     61.9187,      3.4953,      0.1615,      0.1301,      4.7274,      0.1415,      5.5262,     11.0523,      1.2504,     28.4404,     56.8808,      0.0190,      0.0003,      0.2149,      0.2018,   7635.4136,-421080.5312,   -911.6207,    545.3946,  25451.3770,
       1,     167,     221,      12,       1,       3,       1,     10.0000,      1.3908,     42.4561,    246.0392,     61.9187,      3.4953,      0.1787,      0.1464,      6.3624,      0.1665,      5.5262,     11.0523,      1.4714,     28.4404,     56.8808,      0.0190,      0.0003,      0.2400,      0.2018,   7635.4136,-423279.5938,   -912.7188,    545.2448,  25451.3770,
       1,     167,     221,      13,       1,       3,       1,     10.0000,      1.3908,     42.4561,    246.0392,     61.9187,      3.4953,      0.1736,      0.1411,      6.4033,      0.1721,      5.5262,     11.0523,      1.5207,     28.4404,     56.8808,      0.0190,      0.0003,      0.2326,      0.2018,   7635.4136,-425525.2500,   -914.3549,    545.0917,  25451.3789,
       1,     167,     221,      14,       1,       3,       1,     10.0000,      1.3908,     42.4561,    246.0392,     61.9187,      3.4953,      0.1795,      0.1466,      7.1855,      0.1843,      5.5262,     11.0523,      1.6287,     28.4404,     56.8808,      0.0190,      0.0004,      0.2412,      0.2018,   7635.4141,-425769.0000,   -915.4966,    545.0750,  25451.3770,
       1,     167,     221,      15,       1,       3,       1,     10.0000,      1.3908,     42.4561,    246.0392,     61.9187,      3.4953,      0.1854,      0.1525,      7.6804,      0.1873,      5.5262,     11.0523,      1.6547,     28.4404,     56.8808,      0.0190,      0.0004,      0.2500,      0.2018,   7635.4136,-426774.5625,   -916.6982,    545.0065,  25451.3770,
       1,     167,     221,      16,       1,       3,       1,     10.0000,      1.3908,     42.4561,    246.0392,     61.9187,      3.4953,      0.1837,      0.1509,     12.2534,      0.1818,      5.5262,     11.0523,      1.6062,     28.4404,     56.8808,      0.0190,      0.0006,      0.2468,      0.2018,   7635.4136,-427483.5625,   -918.2639,    544.9583,  25451.3750,
       1,     167,     221,      17,       1,       3,       1,     10.0000,      1.3908,     42.4561,    246.0392,     61.9187,      3.4953,      0.1370,      0.1040,     36.6892,      0.1886,      5.5262,     11.0523,      1.6663,     28.4404,     56.8808,      0.0190,      0.0026,      0.1752,      0.2018,   7635.4126,-433298.5625,   -920.2187,    544.5621,  25451.3770,
       1,     167,     221,      18,       1,       3,       1,     10.0000,      1.3908,     42.4561,    246.0392,     61.9187,      3.4953,      0.0870,      0.0542,     21.9952,      0.1807,      5.5262,     11.0523,      1.5967,     28.4404,     56.8808,      0.0190,      0.0026,      0.1034,      0.2018,   7635.4136,-464546.8750,   -926.5768,    542.4352,  25451.3770,
       1,     167,     221,      19,       1,       3,       1,     10.0000,      1.3908,     42.4561,    246.0392,     61.9187,      3.4953,      0.0602,      0.0276,     18.6526,      0.1740,      5.5262,     11.0523,      1.5374,     28.4404,     56.8808,      0.0190,      0.0036,      0.0645,      0.2018,   7635.4136,-448736.6562,   -924.1409,    543.5114,  25451.3770,
       1,     167,     221,      20,       1,       3,       1,     10.0000,      1.3908,     42.4561,    246.0392,     61.9187,      3.4953,      0.0151,     -0.0170,      0.2848,      0.1622,      5.5262,     11.0523,      1.4336,     28.4404,     56.8808,      0.0190,      0.0038,      0.0009,      0.2018,   7635.4136,-443174.1875,   -923.5422,    543.8903,  25451.3750,
       1,     167,     221,      21,       1,       3,       1,     10.0000,      1.3908,     42.4561,    246.0392,     61.9187,      3.4953,      0.0000,     -0.0315,      3.9460,      0.1435,      5.5262,     11.0523,      1.2682,     28.4404,     56.8808,      0.0190,      0.0031,      0.0156,      0.2018,   7635.4126,-419580.0938,   -919.5067,    545.4946,  25451.3789,
       1,     167,     221,      22,       1,       3,       1,     10.0000,      1.3908,     42.4561,    246.0392,     61.9187,      3.4953,      0.0000,     -0.0314,      4.2224,      0.1411,      5.5262,     11.0523,      1.2466,     28.4404,     56.8808,      0.0190,      0.0034,      0.0156,      0.2018,   7635.4141,-422170.0938,   -920.2147,    545.3203,  25451.3789,
       1,     167,     221,      23,       1,       3,       1,     10.0000,      1.3908,     42.4561,    246.0392,     61.9187,      3.4953,      0.0000,     -0.0313,      4.1531,      0.1378,      5.5262,     11.0523,      1.2179,     28.4404,     56.8808,      0.0190,      0.0033,      0.0156,      0.2018,   7635.4141,-422737.2188,   -920.5289,    545.2817,  25451.3770,
       1,     167,     221,      24,       1,       3,       1,     10.0000,      1.3908,     42.4561,    246.0392,     61.9187,      3.4953,      0.0000,     -0.0311,      3.5702,      0.1328,      5.5262,     11.0523,      1.1731,     28.4404,     56.8808,      0.0190,      0.0028,      0.0156,      0.2018,   7635.4136,-422699.0625,   -920.7233,    545.2843,  25451.3770,
       1,     167,     222,       1,       1,       3,       1,     10.0000,      1.3909,     42.4564,    246.0450,     61.9202,      3.4953,      0.0000,     -0.0310,      3.0054,      0.1294,      5.5268,     11.0536,      1.1438,     28.4397,     56.8794,      0.0190,      0.0024,      0.0156,      0.2019,   7635.4136,-422118.4688,   -921.0511,    545.3369,  25452.5273,
       1,     167,     222,       2,       1,       3,       1,     10.0000,      1.3909,     42.4564,    246.0450,     61.9202,      3.4953,      0.0000,     -0.0307,      2.3388,      0.1229,      5.5268,     11.0536,      1.0859,     28.4397,     56.8794,      0.0190,      0.0019,      0.0156,      0.2019,   7635.7583,-421204.1250,   -920.6724,    545.3992,  25452.5254,
       1,     167,     222,       3,       1,       3,       1,     10.0000,      1.3909,     42.4564,    246.0450,     61.9202,      3.4953,      0.0000,     -0.0307,      1.8451,      0.1225,      5.5268,     11.0536,      1.0826,     28.4397,     56.8794,      0.0190,      0.0015,      0.0156,      0.2019,   7635.7578,-420287.2812,   -920.5925,    545.4617,  25452.5254,
       1,     167,     222,       4,       1,       3,       1,     10.0000,      1.3909,     42.4564,    246.0450,     61.9202,      3.4953,      0.0000,     -0.0306,      1.3788,      0.1198,      5.5268,     11.0536,      1.0586,     28.4397,     56.8794,      0.0190,      0.0011,      0.0156,      0.2019,   7635.7578,-419587.5938,   -920.5159,    545.5094,  25452.5254,
       1,     167,     222,       5,       1,       3,       1,     10.0000,      1.3909,     42.4564,    246.0450,     61.9202,      3.4953,      0.0000,     -0.0306,      0.9289,      0.1194,      5.5268,     11.0536,      1.0553,     28.4397,     56.8794,      0.0190,      0.0007,      0.0156,      0.2019,   7635.7578,-418941.0000,   -920.4246,    545.5535,  25452.5254,
       1,     167,     222,       6,       1,       3,       1,     10.0000,      1.3909,     42.4564,    246.0450,     61.9202,      3.4953,      0.0000,     -0.0305,      0.6047,      0.1179,      5.5268,     11.0536,      1.0414,     28.4397,     56.8794,      0.0190,      0.0005,      0.0156,      0.2019,   7635.7578,-418319.3750,   -920.3464,    545.5959,  25452.5273,
       1,     167,     222,       7,       1,       3,       1,     10.0000,      1.3909,     42.4564,    246.0450,     61.9202,      3.4953,      0.0000,     -0.0305,      0.4903,      0.1180,      5.5268,     11.0536,      1.0425,     28.4397,     56.8794,      0.0190,      0.0004,      0.0156,      0.2019,   7635.7583,-417858.2188,   -920.2792,    545.6273,  25452.5254,
       1,     167,     222,       8,       1,       3,       1,     10.0000,      1.3909,     42.4564,    246.0450,     61.9202,      3.4953,      0.0108,     -0.0196,      0.4649,      0.1161,      5.5268,     11.0536,      1.0255,     28.4397,     56.8794,      0.0190,      0.0004,      0.0156,      0.2019,   7635.7578,-417674.8750,   -920.2592,    545.6398,  25452.5254,
       1,     167,     222,       9,       1,       3,       1,     10.0000,      1.3909,     42.4564,    246.0450,     61.9202,      3.4953,      0.1020,      0.0714,      3.9045,      0.1210,      5.5268,     11.0536,      1.0694,     28.4397,     56.8794,      0.0190,      0.0004,      0.1286,      0.2019,   7635.7578,-417627.2188,   -920.2731,    545.6431,  25452.5254,
       1,     167,     222,      10,       1,       3,       1,     10.0000,      1.3909,     42.4564,    246.0450,     61.9202,      3.4953,      0.1573,      0.1262,      6.0431,      0.1341,      5.5268,     11.0536,      1.1851,     28.4397,     56.8794,      0.0190,      0.0004,      0.2087,      0.2019,   7635.7578,-421949.9688,   -921.2406,    545.3482,  25452.5254,
       1,     167,     222,      11,       1,       3,       1,     10.0000,      1.3909,     42.4564,    246.0450,     61.9202,      3.4953,      0.1355,      0.1040,      4.1289,      0.1442,      5.5268,     11.0536,      1.2746,     28.4397,     56.8794,      0.0190,      0.0003,      0.1771,      0.2019,   7635.7578,-425011.5312,   -922.0208,    545.1396,  25452.5254,
       1,     167,     222,      12,       1,       3,       1,     10.0000,      1.3909,     42.4564,    246.0450,     61.9202,      3.4953,      0.1755,      0.1437,      5.5738,      0.1509,      5.5268,     11.0536,      1.3337,     28.4397,     56.8794,      0.0190,      0.0003,      0.2353,      0.2019,   7635.7578,-422865.9375,   -921.7715,    545.2858,  25452.5234,
       1,     167,     222,      13,       1,       3,       1,     10.0000,      1.3909,     42.4564,    246.0450,     61.9202,      3.4953,      0.1814,      0.1491,      6.3929,      0.1649,      5.5268,     11.0536,      1.4568,     28.4397,     56.8794,      0.0190,      0.0003,      0.2439,      0.2019,   7635.7573,-424499.9062,   -922.3401,    545.1745,  25452.5254,
       1,     167,     222,      14,       1,       3,       1,     10.0000,      1.3909,     42.4564,    246.0450,     61.9202,      3.4953,      0.0751,      0.0417,      3.8922,      0.2021,      5.5268,     11.0536,      1.7857,     28.4397,     56.8794,      0.0190,      0.0006,      0.0876,      0.2019,   7635.7578,-425670.2500,   -922.9033,    545.0947,  25452.5254,
       1,     167,     222,      15,       1,       3,       1,     10.0000,      1.3909,     42.4564,    246.0450,     61.9202,      3.4953,      0.0242,     -0.0090,      1.2335,      0.1944,      5.5268,     11.0536,      1.7182,     28.4397,     56.8794,      0.0190,      0.0012,      0.0129,      0.2019,   7635.7578,-422624.4688,   -922.4460,    545.3023,  25452.5273,
       1,     167,     222,      16,       1,       3,       1,     10.0000,      1.3909,     42.4564,    246.0450,     61.9202,      3.4953,      0.0650,      0.0320,     10.9582,      0.1869,      5.5268,     11.0536,      1.6515,     28.4397,     56.8794,      0.0190,      0.0019,      0.0721,      0.2019,   7635.7583,-419018.4375,   -921.8331,    545.5482,  25452.5254,
       1,     167,     222,      17,       1,       3,       1,     10.0000,      1.3909,     42.4564,    246.0450,     61.9202,      3.4953,      0.1240,      0.0909,     30.7609,      0.1920,      5.5268,     11.0536,      1.6963,     28.4397,     56.8794,      0.0190,      0.0024,      0.1568,      0.2019,   7635.7578,-430942.7188,   -924.2057,    544.7350,  25452.5254,
       1,     167,     222,      18,       1,       3,       1,     10.0000,      1.3909,     42.4564,    246.0450,     61.9202,      3.4953,      0.1300,      0.0969,     46.3083,      0.1914,      5.5268,     11.0536,      1.6912,     28.4397,     56.8794,      0.0190,      0.0035,      0.1637,      0.2019,   7635.7578,-456882.5938,   -929.3654,    542.9693,  25452.5273,
       1,     167,     222,      19,       1,       3,       1,     10.0000,      1.3909,     42.4564,    246.0450,     61.9202,      3.4953,      0.0561,      0.0234,     27.0825,      0.1794,      5.5268,     11.0536,      1.5856,     28.4397,     56.8794,      0.0190,      0.0058,      0.0575,      0.2018,   7635.7583,-478681.7812,   -933.8785,    541.4927,  25452.5254,
       1,     167,     222,      20,       1,       3,       1,     10.0000,      1.3909,     42.4564,    246.0450,     61.9202,      3.4953,      0.0152,     -0.0170,      0.3766,      0.1644,      5.5268,     11.0536,      1.4524,     28.4397,     56.8794,      0.0190,      0.0048,      0.0010,      0.2018,   7635.7578,-456342.7500,   -930.0756,    543.0067,  25452.5273,
       1,     167,     222,      21,       1,       3,       1,     10.0000,      1.3909,     42.4564,    246.0450,     61.9202,      3.4953,      0.0000,     -0.0320,      5.4253,      0.1585,      5.5268,     11.0536,      1.4010,     28.4397,     56.8794,      0.0190,      0.0043,      0.0156,      0.2018,   7635.7583,-420822.1562,   -923.5863,    545.4199,  25452.5234,
       1,     167,     222,      22,       1,       3,       1,     10.0000,      1.3909,     42.4564,    246.0450,     61.9202,      3.4953,      0.0000,     -0.0319,      5.8670,      0.1560,      5.5268,     11.0536,      1.3787,     28.4397,     56.8794,      0.0190,      0.0047,      0.0156,      0.2019,   7635.7573,-424144.5312,   -924.3344,    545.1987,  25452.5254,
       1,     167,     222,      23,       1,       3,       1,     10.0000,      1.3909,     42.4564,    246.0450,     61.9202,      3.4953,      0.0000,     -0.0318,      5.1978,      0.1532,      5.5268,     11.0536,      1.3540,     28.4397,     56.8794,      0.0190,      0.0041,      0.0156,      0.2019,   7635.7578,-424978.0625,   -924.6164,    545.1420,  25452.5254,
       1,     167,     222,      24,       1,       3,       1,     10.0000,      1.3909,     42.4564,    246.0450,     61.9202,      3.4953,      0.0000,     -0.0318,      4.1015,      0.1509,      5.5268,     11.0536,      1.3337,     28.4397,     56.8794,      0.0190,      0.0033,      0.0156,      0.2019,   7635.7578,-424207.5312,   -924.5740,    545.1944,  25452.5273,
       1,     167,     223,       1,       1,       3,       1,     10.0000,      1.3909,     42.4568,    246.0508,     61.9216,      3.4953,      0.0000,     -0.0317,      2.9580,      0.1505,      5.5271,     11.0541,      1.3297,     28.4315,     56.8630,      0.0190,      0.0023,      0.0156,      0.2019,   7635.7583,-422918.4688,   -924.6737,    545.2953,  25453.6738,
       1,     167,     223,       2,       1,       3,       1,     10.0000,      1.3909,     42.4568,    246.0508,     61.9216,      3.4953,      0.0000,     -0.0316,      2.2830,      0.1473,      5.5271,     11.0541,      1.3019,     28.4315,     56.8630,      0.0190,      0.0018,      0.0156,      0.2019,   7636.1025,-421215.7812,   -924.1306,    545.4114,  25453.6719,
       1,     167,     223,       3,       1,       3,       1,     10.0000,      1.3909,     42.4568,    246.0508,     61.9216,      3.4953,      0.0000,     -0.0315,      1.8779,      0.1440,      5.5271,     11.0541,      1.2721,     28.4315,     56.8630,      0.0190,      0.0015,      0.0156,      0.2019,   7636.1021,-420220.9375,   -923.9711,    545.4792,  25453.6699,
       1,     167,     223,       4,       1,       3,       1,     10.0000,      1.3909,     42.4568,    246.0508,     61.9216,      3.4953,      0.0000,     -0.0315,      1.7715,      0.1451,      5.5271,     11.0541,      1.2824,     28.4315,     56.8630,      0.0190,      0.0014,      0.0156,      0.2019,   7636.1011,-419626.2812,   -923.8755,    545.5198,  25453.6719,
       1,     167,     223,       5,       1,       3,       1,     10.0000,      1.3909,     42.4568,    246.0508,     61.9216,      3.4953,      0.0000,     -0.0315,      1.5037,      0.1444,      5.5271,     11.0541,      1.2759,     28.4315,     56.8630,      0.0190,      0.0012,      0.0156,      0.2019,   7636.1021,-419441.0625,   -923.8638,    545.5323,  25453.6738,
       1,     167,     223,       6,       1,       3,       1,     10.0000,      1.3909,     42.4568,    246.0508,     61.9216,      3.4953,      0.0000,     -0.0314,      1.5270,      0.1424,      5.5271,     11.0541,      1.2580,     28.4315,     56.8630,      0.0190,      0.0012,      0.0156,      0.2019,   7636.1025,-419088.3125,   -923.8167,    545.5565,  25453.6719,
       1,     167,     223,       7,       1,       3,       1,     10.0000,      1.3909,     42.4568,    246.0508,     61.9216,      3.4953,      0.0000,     -0.0314,      1.3602,      0.1417,      5.5271,     11.0541,      1.2517,     28.4315,     56.8630,      0.0190,      0.0011,      0.0156,      0.2019,   7636.1021,-419087.4062,   -923.8362,    545.5565,  25453.6738,
       1,     167,     223,       8,       1,       3,       1,     10.0000,      1.3909,     42.4568,    246.0508,     61.9216,      3.4953,      0.0059,     -0.0255,      1.1348,      0.1408,      5.5271,     11.0541,      1.2441,     28.4315,     56.8630,      0.0190,      0.0009,      0.0156,      0.2019,   7636.1025,-418877.4062,   -923.8115,    545.5708,  25453.6738,
       1,     167,     223,       9,       1,       3,       1,     10.0000,      1.3909,     42.4568,    246.0508,     61.9216,      3.4953,      0.0735,      0.0420,      6.9438,      0.1463,      5.5271,     11.0541,      1.2928,     28.4315,     56.8630,      0.0190,      0.0010,      0.0862,      0.2019,   7636.1025,-418575.9375,   -923.7703,    545.5914,  25453.6738,
       1,     167,     223,      10,       1,       3,       1,     10.0000,      1.3909,     42.4568,    246.0508,     61.9216,      3.4953,      0.1627,      0.1303,     18.9670,      0.1695,      5.5271,     11.0541,      1.4981,     28.4315,     56.8630,      0.0190,      0.0011,      0.2151,      0.2019,   7636.1025,-425856.6250,   -925.1990,    545.0948,  25453.6738,
       1,     167,     223,      11,       1,       3,       1,     10.0000,      1.3909,     42.4568,    246.0508,     61.9216,      3.4953,      0.1378,      0.1048,     10.8097,      0.1912,      5.5271,     11.0541,      1.6896,     28.4315,     56.8630,      0.0190,      0.0007,      0.1794,      0.2019,   7636.1025,-441606.3438,   -928.3303,    544.0220,  25453.6719,
       1,     167,     223,      12,       1,       3,       1,     10.0000,      1.3909,     42.4568,    246.0508,     61.9216,      3.4953,      0.1713,      0.1377,     12.3081,      0.2090,      5.5271,     11.0541,      1.8466,     28.4315,     56.8630,      0.0190,      0.0007,      0.2288,      0.2019,   7636.1021,-432695.4688,   -926.7478,    544.6290,  25453.6719,
       1,     167,     223,      13,       1,       3,       1,     10.0000,      1.3909,     42.4568,    246.0508,     61.9216,      3.4953,      0.1857,      0.1517,     14.0071,      0.2243,      5.5271,     11.0541,      1.9818,     28.4315,     56.8630,      0.0190,      0.0007,      0.2500,      0.2019,   7636.1021,-433816.7812,   -927.0721,    544.5530,  25453.6719,
       1,     167,     223,      14,       1,       3,       1,     10.0000,      1.3909,     42.4568,    246.0508,     61.9216,      3.4953,      0.1864,      0.1527,     21.8218,      0.2123,      5.5271,     11.0541,      1.8759,     28.4315,     56.8630,      0.0190,      0.0011,      0.2500,      0.2019,   7636.1021,-436049.8750,   -927.6088,    544.4009,  25453.6738,
       1,     167,     223,      15,       1,       3,       1,     10.0000,      1.3909,     42.4568,    246.0508,     61.9216,      3.4953,      0.1809,      0.1474,     42.8314,      0.2055,      5.5271,     11.0541,      1.8159,     28.4315,     56.8630,      0.0190,      0.0022,      0.2393,      0.2019,   7636.1025,-446073.0625,   -929.6306,    543.7189,  25453.6719,
       1,     167,     223,      16,       1,       3,       1,     10.0000,      1.3909,     42.4568,    246.0508,     61.9216,      3.4953,      0.1903,      0.1578,     67.8894,      0.1724,      5.5271,     11.0541,      1.5238,     28.4315,     56.8630,      0.0190,      0.0034,      0.2500,      0.2019,   7636.1021,-473369.8750,   -935.0211,    541.8641,  25453.6738,
       1,     167,     223,      17,       1,       3,       1,     10.0000,      1.3909,     42.4568,    246.0508,     61.9216,      3.4953,      0.1917,      0.1593,     84.6032,      0.1682,      5.5271,     11.0541,      1.4862,     28.4315,     56.8630,      0.0190,      0.0042,      0.2500,      0.2018,   7636.1025,-507258.8438,   -941.8036,    539.5719,  25453.6738,
       1,     167,     223,      18,       1,       3,       1,     10.0000,      1.3909,     42.4568,    246.0508,     61.9216,      3.4953,      0.0449,      0.0126,     17.4170,      0.1675,      5.5271,     11.0541,      1.4803,     28.4315,     56.8630,      0.0190,      0.0051,      0.0424,      0.2018,   7636.1025,-531217.9375,   -946.8255,    537.9608,  25453.6738,
       1,     167,     223,      19,       1,       3,       1,     10.0000,      1.3909,     42.4568,    246.0508,     61.9216,      3.4953,      0.1068,      0.0746,     47.9017,      0.1632,      5.5271,     11.0541,      1.4423,     28.4315,     56.8630,      0.0190,      0.0046,      0.1298,      0.2018,   7636.1025,-448612.7500,   -931.2269,    543.5179,  25453.6719,
       1,     167,     223,      20,       1,       3,       1,     10.0000,      1.3909,     42.4568,    246.0508,     61.9216,      3.4953,      0.0535,      0.0215,     19.6838,      0.1587,      5.5271,     11.0541,      1.4024,     28.4315,     56.8630,      0.0190,      0.0044,      0.0551,      0.2019,   7636.1021,-480004.6250,   -937.4352,    541.4139,  25453.6738,
       1,     167,     223,      21,       1,       3,       1,     10.0000,      1.3909,     42.4568,    246.0508,     61.9216,      3.4953,      0.0000,     -0.0318,      3.0297,      0.1529,      5.5271,     11.0541,      1.3513,     28.4315,     56.8630,      0.0190,      0.0024,      0.0156,      0.2018,   7636.1025,-447141.9062,   -931.2484,    543.6422,  25453.6719,
       1,     167,     223,      22,       1,       3,       1,     10.0000,      1.3909,     42.4568,    246.0508,     61.9216,      3.4953,      0.0000,     -0.0318,      2.4235,      0.1519,      5.5271,     11.0541,      1.3418,     28.4315,     56.8630,      0.0190,      0.0019,      0.0156,      0.2019,   7636.1021,-423383.1562,   -926.7148,    545.2612,  25453.6699,
       1,     167,     223,      23,       1,       3,       1,     10.0000,      1.3909,     42.4568,    246.0508,     61.9216,      3.4953,      0.0000,     -0.0319,      2.4180,      0.1538,      5.5271,     11.0541,      1.3595,     28.4315,     56.8630,      0.0190,      0.0019,      0.0156,      0.2019,   7636.1011,-420586.7500,   -926.1812,    545.4542,  25453.6719,
       1,     167,     223,      24,       1,       3,       1,     10.0000,      1.3909,     42.4568,    246.0508,     61.9216,      3.4953,      0.0000,     -0.0319,      2.0108,      0.1540,      5.5271,     11.0541,      1.3608,     28.4315,     56.8630,      0.0190,      0.0016,      0.0156,      0.2019,   7636.1021,-420336.8125,   -926.1328,    545.4713,  25453.6699,
       1,     167,     224,       1,       1,       3,       1,     10.0000,      1.3909,     42.4571,    246.0567,     61.9231,      3.4953,      0.0000,     -0.0318,      2.0090,      0.1526,      5.5268,     11.0536,      1.3486,     28.4339,     56.8679,      0.0190,      0.0016,      0.0156,      0.2019,   7636.1011,-419959.8750,   -926.3406,    545.5100,  25454.8164,
       1,     167,     224,       2,       1,       3,       1,     10.0000,      1.3909,     42.4571,    246.0567,     61.9231,      3.4953,      0.0000,     -0.0317,      1.5544,      0.1505,      5.5268,     11.0536,      1.3298,     28.4339,     56.8679,      0.0190,      0.0012,      0.0156,      0.2019,   7636.4453,-419771.7812,   -926.0305,    545.5228,  25454.8184,
       1,     167,     224,       3,       1,       3,       1,     10.0000,      1.3909,     42.4571,    246.0567,     61.9231,      3.4953,      0.0000,     -0.0318,      1.3551,      0.1512,      5.5268,     11.0536,      1.3365,     28.4339,     56.8679,      0.0190,      0.0011,      0.0156,      0.2019,   7636.4458,-419183.6562,   -925.9174,    545.5629,  25454.8184,
       1,     167,     224,       4,       1,       3,       1,     10.0000,      1.3909,     42.4571,    246.0567,     61.9231,      3.4953,      0.0000,     -0.0319,      1.5197,      0.1542,      5.5268,     11.0536,      1.3622,     28.4339,     56.8679,      0.0190,      0.0012,      0.0156,      0.2019,   7636.4458,-418882.5938,   -925.8612,    545.5834,  25454.8203,
       1,     167,     224,       5,       1,       3,       1,     10.0000,      1.3909,     42.4571,    246.0567,     61.9231,      3.4953,      0.0000,     -0.0314,      1.4263,      0.1412,      5.5268,     11.0536,      1.2480,     28.4339,     56.8679,      0.0190,      0.0011,      0.0156,      0.2019,   7636.4463,-419063.4688,   -926.0687,    545.5711,  25454.8164,
       1,     167,     224,       6,       1,       3,       1,     10.0000,      1.3909,     42.4571,    246.0567,     61.9231,      3.4953,      0.0000,     -0.0315,      1.3398,      0.1435,      5.5268,     11.0536,      1.2683,     28.4339,     56.8679,      0.0190,      0.0011,      0.0156,      0.2019,   7636.4453,-418962.0312,   -926.0598,    545.5781,  25454.8203,
       1,     167,     224,       7,       1,       3,       1,     10.0000,      1.3909,     42.4571,    246.0567,     61.9231,      3.4953,      0.0000,     -0.0317,      1.2693,      0.1482,      5.5268,     11.0536,      1.3099,     28.4339,     56.8679,      0.0190,      0.0010,      0.0156,      0.2019,   7636.4463,-418844.0000,   -926.0447,    545.5861,  25454.8184,
       1,     167,     224,       8,       1,       3,       1,     10.0000,      1.3909,     42.4571,    246.0567,     61.9231,      3.4953,      0.0045,     -0.0270,      0.9917,      0.1445,      5.5268,     11.0536,      1.2773,     28.4339,     56.8679,      0.0190,      0.0008,      0.0156,      0.2019,   7636.4458,-418745.5625,   -926.0345,    545.5928,  25454.8184,
       1,     167,     224,       9,       1,       3,       1,     10.0000,      1.3909,     42.4571,    246.0567,     61.9231,      3.4953,      0.0502,      0.0185,      2.7632,      0.1503,      5.5268,     11.0536,      1.3284,     28.4339,     56.8679,      0.0190,      0.0007,      0.0525,      0.2019,   7636.4458,-418388.0312,   -925.9724,    545.6172,  25454.8184,
       1,     167,     224,      10,       1,       3,       1,     10.0000,      1.3909,     42.4571,    246.0567,     61.9231,      3.4953,      0.1494,      0.1174,      8.6167,      0.1584,      5.5268,     11.0536,      1.3997,     28.4339,     56.8679,      0.0190,      0.0005,      0.1968,      0.2019,   7636.4458,-420585.2188,   -926.4059,    545.4673,  25454.8164,
       1,     167,     224,      11,       1,       3,       1,     10.0000,      1.3909,     42.4571,    246.0567,     61.9231,      3.4953,      0.1573,      0.1245,     12.3105,      0.1832,      5.5268,     11.0536,      1.6191,     28.4339,     56.8679,      0.0190,      0.0007,      0.2080,      0.2019,   7636.4453,-428135.9062,   -927.8898,    544.9525,  25454.8184,
       1,     167,     224,      12,       1,       3,       1,     10.0000,      1.3909,     42.4571,    246.0567,     61.9231,      3.4953,      0.1716,      0.1379,     22.4078,      0.2117,      5.5268,     11.0536,      1.8704,     28.4339,     56.8679,      0.0190,      0.0012,      0.2279,      0.2019,   7636.4458,-433430.0312,   -928.9598,    544.5921,  25454.8203,
       1,     167,     224,      13,       1,       3,       1,     10.0000,      1.3909,     42.4571,    246.0567,     61.9231,      3.4953,      0.1769,      0.1429,     23.5653,      0.2214,      5.5268,     11.0536,      1.9568,     28.4339,     56.8679,      0.0190,      0.0012,      0.2358,      0.2019,   7636.4463,-446585.2188,   -931.5715,    543.6967,  25454.8203,
       1,     167,     224,      14,       1,       3,       1,     10.0000,      1.3909,     42.4571,    246.0567,     61.9231,      3.4953,      0.1805,      0.1465,     40.7550,      0.2238,      5.5268,     11.0536,      1.9780,     28.4339,     56.8679,      0.0190,      0.0021,      0.2392,      0.2019,   7636.4463,-449170.6250,   -932.1689,    543.5217,  25454.8164,
       1,     167,     224,      15,       1,       3,       1,     10.0000,      1.3909,     42.4571,    246.0567,     61.9231,      3.4953,      0.1895,      0.1557,     61.3128,      0.2161,      5.5268,     11.0536,      1.9094,     28.4339,     56.8679,      0.0190,      0.0030,      0.2500,      0.2019,   7636.4453,-471020.0938,   -936.5242,    542.0373,  25454.8184,
       1,     167,     224,      16,       1,       3,       1,     10.0000,      1.3909,     42.4571,    246.0567,     61.9231,      3.4953,      0.1837,      0.1500,     80.7772,      0.2138,      5.5268,     11.0536,      1.8889,     28.4339,     56.8679,      0.0190,      0.0042,      0.2392,      0.2019,   7636.4458,-498770.7188,   -942.1006,    540.1591,  25454.8184,
       1,     167,     224,      17,       1,       3,       1,     10.0000,      1.3909,     42.4571,    246.0567,     61.9231,      3.4953,      0.1050,      0.0716,     54.8594,      0.2021,      5.5268,     11.0536,      1.7858,     28.4339,     56.8679,      0.0190,      0.0054,      0.1258,      0.2018,   7636.4458,-525659.6875,   -947.6183,    538.3469,  25454.8164,
       1,     167,     224,      18,       1,       3,       1,     10.0000,      1.3909,     42.4571,    246.0567,     61.9231,      3.4953,      0.0956,      0.0625,     55.1864,      0.1924,      5.5268,     11.0536,      1.6997,     28.4339,     56.8679,      0.0190,      0.0061,      0.1120,      0.2018,   7636.4453,-495313.2812,   -942.0374,    540.3920,  25454.8184,
       1,     167,     224,      19,       1,       3,       1,     10.0000,      1.3909,     42.4571,    246.0567,     61.9231,      3.4953,      0.0913,      0.0585,     52.0530,      0.1831,      5.5268,     11.0536,      1.6175,     28.4339,     56.8679,      0.0190,      0.0061,      0.1062,      0.2019,   7636.4458,-493141.8750,   -941.8406,    540.5425,  25454.8184,
       1,     167,     224,      20,       1,       3,       1,     10.0000,      1.3909,     42.4571,    246.0567,     61.9231,      3.4953,      0.0279,     -0.0046,      8.3701,      0.1745,      5.5268,     11.0536,      1.5421,     28.4339,     56.8679,      0.0190,      0.0057,      0.0183,      0.2019,   7636.4458,-489006.4688,   -941.2359,    540.8220,  25454.8184,
       1,     167,     224,      21,       1,       3,       1,     10.0000,      1.3909,     42.4571,    246.0567,     61.9231,      3.4953,      0.0000,     -0.0323,      6.8785,      0.1684,      5.5268,     11.0536,      1.4877,     28.4339,     56.8679,      0.0190,      0.0055,      0.0156,      0.2019,   7636.4458,-433657.5312,   -930.5122,    544.5638,  25454.8184,
       1,     167,     224,      22,       1,       3,       1,     10.0000,      1.3909,     42.4571,    246.0567,     61.9231,      3.4953,      0.0000,     -0.0323,      6.3523,      0.1660,      5.5268,     11.0536,      1.4671,     28.4339,     56.8679,      0.0190,      0.0050,      0.0156,      0.2019,   7636.4458,-427086.3750,   -929.1901,    545.0241,  25454.8203,
       1,     167,     224,      23,       1,       3,       1,     10.0000,      1.3909,     42.4571,    246.0567,     61.9231,      3.4953,      0.0000,     -0.0322,      5.6690,      0.1636,      5.5268,     11.0536,      1.4452,     28.4339,     56.8679,      0.0190,      0.0045,      0.0156,      0.2019,   7636.4463,-425845.2500,   -928.8990,    545.1088,  25454.8164,
       1,     167,     224,      24,       1,       3,       1,     10.0000,      1.3909,     42.4571,    246.0567,     61.9231,      3.4953,      0.0000,     -0.0321,      5.2053,      0.1614,      5.5268,     11.0536,      1.4266,     28.4339,     56.8679,      0.0190,      0.0041,      0.0156,      0.2019,   7636.4453,-424879.6562,   -928.6674,    545.1746,  25454.8184,
       1,     167,     225,       1,       1,       3,       1,     10.0000,      1.3909,     42.4575,    246.0625,     61.9246,      3.4953,      0.0000,     -0.0320,      4.6221,      0.1592,      5.5272,     11.0544,      1.4067,     28.4335,     56.8671,      0.0190,      0.0037,      0.0156,      0.2019,   7636.4458,-424369.4688,   -928.8074,    545.2224,  25455.9668,
       1,     167,     225,       2,       1,       3,       1,     10.0000,      1.3909,     42.4575,    246.0625,     61.9246,      3.4953,      0.0000,     -0.0321,      4.2215,      0.1598,      5.5272,     11.0544,      1.4124,     28.4335,     56.8671,      0.0190,      0.0034,      0.0156,      0.2019,   7636.7905,-423438.2500,   -928.3099,    545.2858,  25455.9668,
       1,     167,     225,       3,       1,       3,       1,     10.0000,      1.3909,     42.4575,    246.0625,     61.9246,      3.4953,      0.0000,     -0.0316,      3.6193,      0.1462,      5.5272,     11.0544,      1.2915,     28.4335,     56.8671,      0.0190,      0.0029,      0.0156,      0.2019,   7636.7905,-422854.6562,   -928.1613,    545.3256,  25455.9668,
       1,     167,     225,       4,       1,       3,       1,     10.0000,      1.3909,     42.4575,    246.0625,     61.9246,      3.4953,      0.0000,     -0.0315,      3.1685,      0.1438,      5.5272,     11.0544,      1.2709,     28.4335,     56.8671,      0.0190,      0.0025,      0.0156,      0.2019,   7636.7905,-422047.2500,   -928.6976,    545.3806,  25455.9668,
       1,     167,     225,       5,       1,       3,       1,     10.0000,      1.3909,     42.4575,    246.0625,     61.9246,      3.4953,      0.0000,     -0.0316,      3.2165,      0.1457,      5.5272,     11.0544,      1.2876,     28.4335,     56.8671,      0.0190,      0.0026,      0.0156,      0.2019,   7636.7905,-421411.2812,   -928.7936,    545.4240,  25455.9668,
       1,     167,     225,       6,       1,       3,       1,     10.0000,      1.3909,     42.4575,    246.0625,     61.9246,      3.4953,      0.0000,     -0.0316,      3.2799,      0.1454,      5.5272,     11.0544,      1.2851,     28.4335,     56.8671,      0.0190,      0.0026,      0.0156,      0.2019,   7636.7905,-421417.0312,   -928.7912,    545.4236,  25455.9668,
       1,     167,     225,       7,       1,       3,       1,     10.0000,      1.3909,     42.4575,    246.0625,     61.9246,      3.4953,      0.0000,     -0.0316,      2.8389,      0.1457,      5.5272,     11.0544,      1.2876,     28.4335,     56.8671,      0.0190,      0.0023,      0.0156,      0.2019,   7636.7905,-421497.2812,   -928.8021,    545.4181,  25455.9668,
       1,     167,     225,       8,       1,       3,       1,     10.0000,      1.3909,     42.4575,    246.0625,     61.9246,      3.4953,      0.0136,     -0.0179,      1.7848,      0.1443,      5.5272,     11.0544,      1.2747,     28.4335,     56.8671,      0.0190,      0.0014,      0.0156,      0.2019,   7636.7905,-420949.7188,   -928.8404,    545.4555,  25455.9668,
       1,     167,     225,       9,       1,       3,       1,     10.0000,      1.3909,     42.4575,    246.0625,     61.9246,      3.4953,      0.0926,      0.0603,     10.5039,      0.1667,      5.5272,     11.0544,      1.4730,     28.4335,     56.8671,      0.0190,      0.0012,      0.1131,      0.2019,   7636.7905,-419576.9688,   -928.5792,    545.5491,  25455.9668,
       1,     167,     225,      10,       1,       3,       1,     10.0000,      1.3909,     42.4575,    246.0625,     61.9246,      3.4953,      0.1516,      0.1194,     17.7533,      0.1645,      5.5272,     11.0544,      1.4540,     28.4335,     56.8671,      0.0190,      0.0011,      0.1989,      0.2019,   7636.7905,-430423.9062,   -930.7078,    544.8094,  25455.9668,
       1,     167,     225,      11,       1,       3,       1,     10.0000,      1.3909,     42.4575,    246.0625,     61.9246,      3.4953,      0.1816,      0.1488,     22.1918,      0.1823,      5.5272,     11.0544,      1.6112,     28.4335,     56.8671,      0.0190,      0.0011,      0.2426,      0.2019,   7636.7905,-440473.0625,   -932.7032,    544.1255,  25455.9648,
       1,     167,     225,      12,       1,       3,       1,     10.0000,      1.3909,     42.4575,    246.0625,     61.9246,      3.4953,      0.1486,      0.1151,     21.2167,      0.2045,      5.5272,     11.0544,      1.8071,     28.4335,     56.8671,      0.0190,      0.0014,      0.1941,      0.2019,   7636.7896,-446918.3750,   -934.0051,    543.6876,  25455.9688,
       1,     167,     225,      13,       1,       3,       1,     10.0000,      1.3909,     42.4575,    246.0625,     61.9246,      3.4953,      0.0509,      0.0174,      4.0760,      0.2090,      5.5272,     11.0544,      1.8467,     28.4335,     56.8671,      0.0190,      0.0010,      0.0516,      0.2019,   7636.7910,-446243.1250,   -933.9443,    543.7336,  25455.9668,
       1,     167,     225,      14,       1,       3,       1,     10.0000,      1.3909,     42.4575,    246.0625,     61.9246,      3.4953,      0.0651,      0.0310,     11.6966,      0.2296,      5.5272,     11.0544,      2.0290,     28.4335,     56.8671,      0.0190,      0.0020,      0.0713,      0.2019,   7636.7905,-424622.0000,   -929.7781,    545.2031,  25455.9668,
       1,     167,     225,      15,       1,       3,       1,     10.0000,      1.3909,     42.4575,    246.0625,     61.9246,      3.4953,      0.1061,      0.0719,     26.4641,      0.2292,      5.5272,     11.0544,      2.0251,     28.4335,     56.8671,      0.0190,      0.0025,      0.1303,      0.2019,   7636.7905,-432359.6250,   -931.4603,    544.6779,  25455.9648,
       1,     167,     225,      16,       1,       3,       1,     10.0000,      1.3909,     42.4575,    246.0625,     61.9246,      3.4953,      0.1257,      0.0919,     40.7265,      0.2150,      5.5272,     11.0544,      1.9001,     28.4335,     56.8671,      0.0190,      0.0032,      0.1579,      0.2019,   7636.7896,-451595.3125,   -935.2811,    543.3684,  25455.9648,
       1,     167,     225,      17,       1,       3,       1,     10.0000,      1.3909,     42.4575,    246.0625,     61.9246,      3.4953,      0.1179,      0.0842,     49.4636,      0.2098,      5.5272,     11.0544,      1.8539,     28.4335,     56.8671,      0.0190,      0.0042,      0.1453,      0.2019,   7636.7896,-471191.2188,   -939.2384,    542.0391,  25455.9668,
       1,     167,     225,      18,       1,       3,       1,     10.0000,      1.3909,     42.4575,    246.0625,     61.9246,      3.4953,      0.1483,      0.1152,     73.4279,      0.1939,      5.5272,     11.0544,      1.7133,     28.4335,     56.8671,      0.0190,      0.0048,      0.1877,      0.2019,   7636.7905,-483865.8750,   -941.9024,    541.1819,  25455.9629,
       1,     167,     225,      19,       1,       3,       1,     10.0000,      1.3909,     42.4575,    246.0625,     61.9246,      3.4953,      0.1091,      0.0763,     61.1275,      0.1820,      5.5272,     11.0544,      1.6080,     28.4335,     56.8671,      0.0190,      0.0058,      0.1314,      0.2019,   7636.7891,-515114.8438,   -948.2706,    539.0687,  25455.9629,
       1,     167,     225,      20,       1,       3,       1,     10.0000,      1.3909,     42.4575,    246.0625,     61.9246,      3.4953,      0.0165,     -0.0157,      1.2279,      0.1649,      5.5272,     11.0544,      1.4569,     28.4335,     56.8671,      0.0190,      0.0056,      0.0027,      0.2019,   7636.7891,-502306.4062,   -946.0591,    539.9358,  25455.9648,
       1,     167,     225,      21,       1,       3,       1,     10.0000,      1.3909,     42.4575,    246.0625,     61.9246,      3.4953,      0.0000,     -0.0320,      6.2277,      0.1594,      5.5272,     11.0544,      1.4081,     28.4335,     56.8671,      0.0190,      0.0049,      0.0156,      0.2019,   7636.7896,-425790.5312,   -931.1729,    545.1007,  25455.9629,
       1,     167,     225,      22,       1,       3,       1,     10.0000,      1.3909,     42.4575,    246.0625,     61.9246,      3.4953,      0.0000,     -0.0320,      6.0202,      0.1582,      5.5272,     11.0544,      1.3983,     28.4335,     56.8671,      0.0190,      0.0048,      0.0156,      0.2019,   7636.7891,-425611.1875,   -931.1147,    545.1378,  25455.9648,
       1,     167,     225,      23,       1,       3,       1,     10.0000,      1.3909,     42.4575,    246.0625,     61.9246,      3.4953,      0.0000,     -0.0320,      5.0143,      0.1592,      5.5272,     11.0544,      1.4067,     28.4335,     56.8671,      0.0190,      0.0040,      0.0156,      0.2019,   7636.7896,-425303.4375,   -931.0381,    545.1587,  25455.9648,
       1,     167,     225,      24,       1,       3,       1,     10.0000,      1.3909,     42.4575,    246.0625,     61.9246,      3.4953,      0.0000,     -0.0320,      4.4846,      0.1587,      5.5272,     11.0544,      1.4025,     28.4335,     56.8671,      0.0190,      0.0036,      0.0156,      0.2019,   7636.7896,-424012.0312,   -930.7706,    545.2467,  25455.9648,
       1,     167,     226,       1,       1,       3,       1,     10.0000,      1.3909,     42.4578,    246.0684,     61.9261,      3.4953,      0.0000,     -0.0320,      3.7676,      0.1586,      5.5274,     11.0548,      1.4011,     28.4268,     56.8535,      0.0190,      0.0030,      0.0156,      0.2020,   7636.7896,-423391.1562,   -930.9200,    545.3021,  25457.1133,
       1,     167,     226,       2,       1,       3,       1,     10.0000,      1.3909,     42.4578,    246.0684,     61.9261,      3.4953,      0.0000,     -0.0318,      3.2400,      0.1511,      5.5274,     11.0548,      1.3352,     28.4268,     56.8535,      0.0190,      0.0026,      0.0156,      0.2020,   7637.1343,-422282.5000,   -930.4065,    545.3776,  25457.1133,
       1,     167,     226,       3,       1,       3,       1,     10.0000,      1.3909,     42.4578,    246.0684,     61.9261,      3.4953,      0.0000,     -0.0318,      2.9497,      0.1523,      5.5274,     11.0548,      1.3460,     28.4268,     56.8535,      0.0190,      0.0023,      0.0156,      0.2020,   7637.1343,-421524.0625,   -930.2439,    545.4294,  25457.1152,
       1,     167,     226,       4,       1,       3,       1,     10.0000,      1.3909,     42.4578,    246.0684,     61.9261,      3.4953,      0.0000,     -0.0319,      2.7752,      0.1549,      5.5274,     11.0548,      1.3692,     28.4268,     56.8535,      0.0190,      0.0022,      0.0156,      0.2020,   7637.1348,-421093.6875,   -930.1470,    545.4587,  25457.1133,
       1,     167,     226,       5,       1,       3,       1,     10.0000,      1.3909,     42.4578,    246.0684,     61.9261,      3.4953,      0.0000,     -0.0320,      2.3848,      0.1571,      5.5274,     11.0548,      1.3885,     28.4268,     56.8535,      0.0190,      0.0019,      0.0156,      0.2020,   7637.1343,-420837.6875,   -930.0837,    545.4762,  25457.1133,
       1,     167,     226,       6,       1,       3,       1,     10.0000,      1.3909,     42.4578,    246.0684,     61.9261,      3.4953,      0.0000,     -0.0318,      2.2105,      0.1532,      5.5274,     11.0548,      1.3541,     28.4268,     56.8535,      0.0190,      0.0018,      0.0156,      0.2020,   7637.1343,-420324.6875,   -929.9738,    545.5111,  25457.1133,
       1,     167,     226,       7,       1,       3,       1,     10.0000,      1.3909,     42.4578,    246.0684,     61.9261,      3.4953,      0.0000,     -0.0317,      1.5993,      0.1484,      5.5274,     11.0548,      1.3112,     28.4268,     56.8535,      0.0190,      0.0013,      0.0156,      0.2020,   7637.1343,-420061.5938,   -929.9125,    545.5291,  25457.1133,
       1,     167,     226,       8,       1,       3,       1,     10.0000,      1.3909,     42.4578,    246.0684,     61.9261,      3.4953,      0.0030,     -0.0286,      1.4392,      0.1459,      5.5274,     11.0548,      1.2890,     28.4268,     56.8535,      0.0190,      0.0011,      0.0156,      0.2020,   7637.1343,-419270.5625,   -929.7508,    545.5830,  25457.1152,
       1,     167,     226,       9,       1,       3,       1,     10.0000,      1.3909,     42.4578,    246.0684,     61.9261,      3.4953,      0.0725,      0.0414,      9.1277,      0.1345,      5.5274,     11.0548,      1.1888,     28.4268,     56.8535,      0.0190,      0.0013,      0.0847,      0.2020,   7637.1348,-419001.1875,   -929.6598,    545.6014,  25457.1133,
       1,     167,     226,      10,       1,       3,       1,     10.0000,      1.3909,     42.4578,    246.0684,     61.9261,      3.4953,      0.1266,      0.0957,     18.2761,      0.1280,      5.5274,     11.0548,      1.1312,     28.4268,     56.8535,      0.0190,      0.0014,      0.1626,      0.2020,   7637.1343,-428645.5000,   -931.6006,    544.9437,  25457.1133,
       1,     167,     226,      11,       1,       3,       1,     10.0000,      1.3909,     42.4578,    246.0684,     61.9261,      3.4953,      0.1861,      0.1561,     20.3072,      0.1063,      5.5274,     11.0548,      0.9390,     28.4268,     56.8535,      0.0190,      0.0010,      0.2486,      0.2020,   7637.1343,-440978.0000,   -914.8420,    544.1039,  25457.1152,
       1,     167,     226,      12,       1,       3,       1,     10.0000,      1.3909,     42.4578,    246.0684,     61.9261,      3.4953,      0.1777,      0.1473,     15.3311,      0.1139,      5.5274,     11.0548,      1.0069,     28.4268,     56.8535,      0.0190,      0.0008,      0.2370,      0.2020,   7637.1348,-444590.6250,   -915.9151,    543.8589,  25457.1172,
       1,     167,     226,      13,       1,       3,       1,     10.0000,      1.3909,     42.4578,    246.0684,     61.9261,      3.4953,      0.0627,      0.0320,      4.0197,      0.1223,      5.5274,     11.0548,      1.0805,     28.4268,     56.8535,      0.0190,      0.0007,      0.0715,      0.2020,   7637.1353,-438640.1250,   -914.6506,    544.2635,  25457.1172,
       1,     167,     226,      14,       1,       3,       1,     10.0000,      1.3909,     42.4578,    246.0684,     61.9261,      3.4953,      0.1459,      0.1151,     10.4187,      0.1257,      5.5274,     11.0548,      1.1106,     28.4268,     56.8535,      0.0190,      0.0007,      0.1915,      0.2020,   7637.1353,-423904.2812,   -911.5104,    545.2662,  25457.1191,
       1,     167,     226,      15,       1,       3,       1,     10.0000,      1.3909,     42.4578,    246.0684,     61.9261,      3.4953,      0.1819,      0.1512,     12.4869,      0.1232,      5.5274,     11.0548,      1.0882,     28.4268,     56.8535,      0.0190,      0.0006,      0.2435,      0.2020,   7637.1362,-430690.4688,   -913.0915,    544.8046,  25457.1152,
       1,     167,     226,      16,       1,       3,       1,     10.0000,      1.3909,     42.4578,    246.0684,     61.9261,      3.4953,      0.1677,      0.1365,      6.1345,      0.1359,      5.5274,     11.0548,      1.2010,     28.4268,     56.8535,      0.0190,      0.0003,      0.2238,      0.2020,   7637.1348,-433872.7500,   -913.8460,    544.5880,  25457.1172,
       1,     167,     226,      17,       1,       3,       1,     10.0000,      1.3909,     42.4578,    246.0684,     61.9261,      3.4953,      0.1580,      0.1267,      5.4078,      0.1383,      5.5274,     11.0548,      1.2218,     28.4268,     56.8535,      0.0190,      0.0003,      0.2097,      0.2020,   7637.1353,-426156.3750,   -912.4853,    545.1133,  25457.1172,
       1,     167,     226,      18,       1,       3,       1,     10.0000,      1.3909,     42.4578,    246.0684,     61.9261,      3.4953,      0.1355,      0.1042,      4.7918,      0.1374,      5.5274,     11.0548,      1.2144,     28.4268,     56.8535,      0.0190,      0.0003,      0.1769,      0.2020,   7637.1353,-424581.9375,   -913.0744,    545.2209,  25457.1172,
       1,     167,     226,      19,       1,       3,       1,     10.0000,      1.3909,     42.4578,    246.0684,     61.9261,      3.4953,      0.1127,      0.0814,      4.4717,      0.1374,      5.5274,     11.0548,      1.2144,     28.4268,     56.8535,      0.0190,      0.0004,      0.1437,      0.2020,   7637.1353,-423672.0625,   -913.3879,    545.2830,  25457.1191,
       1,     167,     226,      20,       1,       3,       1,     10.0000,      1.3909,     42.4578,    246.0684,     61.9261,      3.4953,      0.0107,     -0.0203,      0.7989,      0.1301,      5.5274,     11.0548,      1.1497,     28.4268,     56.8535,      0.0190,      0.0006,      0.0156,      0.2020,   7637.1362,-423191.2500,   -913.6480,    545.3157,  25457.1172,
       1,     167,     226,      21,       1,       3,       1,     10.0000,      1.3909,     42.4578,    246.0684,     61.9261,      3.4953,      0.0000,     -0.0310,      1.4710,      0.1313,      5.5274,     11.0548,      1.1603,     28.4268,     56.8535,      0.0190,      0.0012,      0.0156,      0.2020,   7637.1353,-418532.0625,   -912.9010,    545.6333,  25457.1172,
       1,     167,     226,      22,       1,       3,       1,     10.0000,      1.3909,     42.4578,    246.0684,     61.9261,      3.4953,      0.0000,     -0.0312,      2.0586,      0.1360,      5.5274,     11.0548,      1.2022,     28.4268,     56.8535,      0.0190,      0.0016,      0.0156,      0.2020,   7637.1353,-418977.7812,   -913.1096,    545.6030,  25457.1172,
       1,     167,     226,      23,       1,       3,       1,     10.0000,      1.3909,     42.4578,    246.0684,     61.9261,      3.4953,      0.0000,     -0.0312,      2.0721,      0.1369,      5.5274,     11.0548,      1.2095,     28.4268,     56.8535,      0.0190,      0.0016,      0.0156,      0.2020,   7637.1353,-419754.6250,   -913.4468,    545.5500,  25457.1172,
       1,     167,     226,      24,       1,       3,       1,     10.0000,      1.3909,     42.4578,    246.0684,     61.9261,      3.4953,      0.0000,     -0.0311,      2.3647,      0.1340,      5.5274,     11.0548,      1.1840,     28.4268,     56.8535,      0.0190,      0.0019,      0.0156,      0.2020,   7637.1353,-419838.3438,   -913.6588,    545.5443,  25457.1191,
       1,     167,     227,       1,       1,       3,       1,     10.0000,      1.3910,     42.4581,    246.0742,     61.9275,      3.4953,      0.0000,     -0.0313,      2.1694,      0.1373,      5.5273,     11.0546,      1.2132,     28.4260,     56.8520,      0.0190,      0.0017,      0.0156,      0.2020,   7637.1362,-420369.1250,   -914.2274,    545.5209,  25458.2637,
       1,     167,     227,       2,       1,       3,       1,     10.0000,      1.3910,     42.4581,    246.0742,     61.9275,      3.4953,      0.0000,     -0.0312,      2.3043,      0.1352,      5.5273,     11.0546,      1.1949,     28.4260,     56.8520,      0.0190,      0.0018,      0.0156,      0.2020,   7637.4795,-420016.0625,   -914.1005,    545.5450,  25458.2637,
       1,     167,     227,       3,       1,       3,       1,     10.0000,      1.3910,     42.4581,    246.0742,     61.9275,      3.4953,      0.0000,     -0.0313,      1.9720,      0.1390,      5.5273,     11.0546,      1.2280,     28.4260,     56.8520,      0.0190,      0.0016,      0.0156,      0.2020,   7637.4795,-420155.4375,   -914.3192,    545.5355,  25458.2656,
       1,     167,     227,       4,       1,       3,       1,     10.0000,      1.3910,     42.4581,    246.0742,     61.9275,      3.4953,      0.0000,     -0.0315,      1.8894,      0.1427,      5.5273,     11.0546,      1.2607,     28.4260,     56.8520,      0.0190,      0.0015,      0.0156,      0.2020,   7637.4800,-419749.1250,   -914.4092,    545.5632,  25458.2637,
       1,     167,     227,       5,       1,       3,       1,     10.0000,      1.3910,     42.4581,    246.0742,     61.9275,      3.4953,      0.0000,     -0.0313,      1.5292,      0.1387,      5.5273,     11.0546,      1.2255,     28.4260,     56.8520,      0.0190,      0.0012,      0.0156,      0.2020,   7637.4795,-419610.9062,   -914.5338,    545.5727,  25458.2656,
       1,     167,     227,       6,       1,       3,       1,     10.0000,      1.3910,     42.4581,    246.0742,     61.9275,      3.4953,      0.0000,     -0.0313,      1.5461,      0.1383,      5.5273,     11.0546,      1.2218,     28.4260,     56.8520,      0.0190,      0.0012,      0.0156,      0.2020,   7637.4800,-419145.6875,   -914.5574,    545.6044,  25458.2637,
       1,     167,     227,       7,       1,       3,       1,     10.0000,      1.3910,     42.4581,    246.0742,     61.9275,      3.4953,      0.0000,     -0.0311,      1.5777,      0.1341,      5.5273,     11.0546,      1.1853,     28.4260,     56.8520,      0.0190,      0.0013,      0.0156,      0.2020,   7637.4795,-419127.4375,   -912.0651,    545.6056,  25458.2637,
       1,     167,     227,       8,       1,       3,       1,     10.0000,      1.3910,     42.4581,    246.0742,     61.9275,      3.4953,      0.0101,     -0.0212,      1.8869,      0.1383,      5.5273,     11.0546,      1.2218,     28.4260,     56.8520,      0.0190,      0.0015,      0.0156,      0.2020,   7637.4795,-419165.6562,   -912.2457,    545.6030,  25458.2637,
       1,     167,     227,       9,       1,       3,       1,     10.0000,      1.3910,     42.4581,    246.0742,     61.9275,      3.4953,      0.1333,      0.1018,     26.1261,      0.1431,      5.5273,     11.0546,      1.2645,     28.4260,     56.8520,      0.0190,      0.0019,      0.1712,      0.2020,   7637.4795,-419557.7188,   -912.5535,    545.5764,  25458.2637,
       1,     167,     227,      10,       1,       3,       1,     10.0000,      1.3910,     42.4581,    246.0742,     61.9275,      3.4953,      0.1787,      0.1469,     24.7796,      0.1532,      5.5273,     11.0546,      1.3542,     28.4260,     56.8520,      0.0190,      0.0013,      0.2378,      0.2020,   7637.4795,-450065.4375,   -918.7566,    543.4957,  25458.2656,
       1,     167,     227,      11,       1,       3,       1,     10.0000,      1.3910,     42.4581,    246.0742,     61.9275,      3.4953,      0.1866,      0.1542,     19.8112,      0.1691,      5.5273,     11.0546,      1.4938,     28.4260,     56.8520,      0.0190,      0.0010,      0.2500,      0.2020,   7637.4800,-450997.2500,   -920.0353,    543.4364,  25458.2637,
       1,     167,     227,      12,       1,       3,       1,     10.0000,      1.3910,     42.4581,    246.0742,     61.9275,      3.4953,      0.1869,      0.1540,     24.8515,      0.1831,      5.5273,     11.0546,      1.6176,     28.4260,     56.8520,      0.0190,      0.0012,      0.2500,      0.2020,   7637.4795,-444823.1562,   -920.4066,    543.8558,  25458.2637,
       1,     167,     227,      13,       1,       3,       1,     10.0000,      1.3910,     42.4581,    246.0742,     61.9275,      3.4953,      0.1821,      0.1489,     27.4137,      0.1949,      5.5273,     11.0546,      1.7218,     28.4260,     56.8520,      0.0190,      0.0014,      0.2428,      0.2020,   7637.4795,-450634.2188,   -923.4094,    543.4609,  25458.2637,
       1,     167,     227,      14,       1,       3,       1,     10.0000,      1.3910,     42.4581,    246.0742,     61.9275,      3.4953,      0.1877,      0.1540,     38.3470,      0.2121,      5.5273,     11.0546,      1.8742,     28.4260,     56.8520,      0.0190,      0.0019,      0.2500,      0.2020,   7637.4795,-454354.6562,   -925.0816,    543.2084,  25458.2637,
       1,     167,     227,      15,       1,       3,       1,     10.0000,      1.3910,     42.4581,    246.0742,     61.9275,      3.4953,      0.1862,      0.1522,     54.3796,      0.2223,      5.5273,     11.0546,      1.9646,     28.4260,     56.8520,      0.0190,      0.0027,      0.2459,      0.2020,   7637.4795,-468425.6562,   -928.9788,    542.2530,  25458.2637,
       1,     167,     227,      16,       1,       3,       1,     10.0000,      1.3910,     42.4581,    246.0742,     61.9275,      3.4953,      0.1894,      0.1573,     55.4588,      0.1615,      5.5273,     11.0546,      1.4267,     28.4260,     56.8520,      0.0190,      0.0027,      0.2500,      0.2020,   7637.4795,-489802.8438,   -934.0154,    540.8047,  25458.2656,
       1,     167,     227,      17,       1,       3,       1,     10.0000,      1.3910,     42.4581,    246.0742,     61.9275,      3.4953,      0.1901,      0.1589,     60.3740,      0.1345,      5.5273,     11.0546,      1.1889,     28.4260,     56.8520,      0.0190,      0.0030,      0.2500,      0.2019,   7637.4800,-492993.1250,   -925.2155,    540.5911,  25458.2617,
       1,     167,     227,      18,       1,       3,       1,     10.0000,      1.3910,     42.4581,    246.0742,     61.9275,      3.4953,      0.1197,      0.0884,     41.9405,      0.1402,      5.5273,     11.0546,      1.2392,     28.4260,     56.8520,      0.0190,      0.0035,      0.1496,      0.2019,   7637.4790,-499450.2188,   -928.4543,    540.1548,  25458.2617,
       1,     167,     227,      19,       1,       3,       1,     10.0000,      1.3910,     42.4581,    246.0742,     61.9275,      3.4953,      0.0252,     -0.0057,      5.4047,      0.1291,      5.5273,     11.0546,      1.1404,     28.4260,     56.8520,      0.0190,      0.0041,      0.0165,      0.2019,   7637.4790,-476799.3438,   -921.7454,    541.6843,  25458.1738,
       1,     167,     227,      20,       1,       3,       1,     10.0000,      1.3910,     42.4581,    246.0742,     61.9275,      3.4953,      0.0028,     -0.0282,      5.4008,      0.1312,      5.5273,     11.0546,      1.1591,     28.4260,     56.8520,      0.0190,      0.0043,      0.0156,      0.2019,   7637.4526,-428908.8125,   -912.9044,    544.9292,  25458.2656,
       1,     167,     227,      21,       1,       3,       1,     10.0000,      1.3910,     42.4581,    246.0742,     61.9275,      3.4953,      0.0000,     -0.0310,      2.7764,      0.1308,      5.5273,     11.0546,      1.1556,     28.4260,     56.8520,      0.0190,      0.0022,      0.0156,      0.2020,   7637.4800,-424822.5312,   -912.7688,    545.2173,  25458.2617,
       1,     167,     227,      22,       1,       3,       1,     10.0000,      1.3910,     42.4581,    246.0742,     61.9275,      3.4953,      0.0000,     -0.0312,      0.5779,      0.1347,      5.5273,     11.0546,      1.1901,     28.4260,     56.8520,      0.0190,      0.0005,      0.0156,      0.2020,   7637.4790,-421161.0938,   -912.3804,    545.4669,  25458.2656,
       1,     167,     227,      23,       1,       3,       1,     10.0000,      1.3910,     42.4581,    246.0742,     61.9275,      3.4953,      0.0000,     -0.0314,      0.6313,      0.1400,      5.5273,     11.0546,      1.2367,     28.4260,     56.8520,      0.0190,      0.0005,      0.0156,      0.2020,   7637.4800,-418082.5938,   -911.8636,    545.6768,  25458.2637,
       1,     167,     227,      24,       1,       3,       1,     10.0000,      1.3910,     42.4581,    246.0742,     61.9275,      3.4953,      0.0000,     -0.0313,      0.5048,      0.1394,      5.5273,     11.0546,      1.2318,     28.4260,     56.8520,      0.0190,      0.0004,      0.0156,      0.2020,   7637.4795,-417886.3125,   -911.8707,    545.6902,  25458.2637,
       1,     167,     228,       1,       1,       3,       1,     10.0000,      1.3910,     42.4585,    246.0800,     61.9290,      3.4953,      0.0000,     -0.0313,      0.4166,      0.1372,      5.5270,     11.0540,      1.2120,     28.4309,     56.8618,      0.0190,      0.0003,      0.0156,      0.2020,   7637.4795,-417866.9375,   -912.1518,    545.7046,  25459.4121,
       1,     167,     228,       2,       1,       3,       1,     10.0000,      1.3910,     42.4585,    246.0800,     61.9290,      3.4953,      0.0000,     -0.0312,      0.3781,      0.1361,      5.5270,     11.0540,      1.2022,     28.4309,     56.8618,      0.0190,      0.0003,      0.0156,      0.2020,   7637.8237,-417600.5312,   -911.8614,    545.7228,  25459.4141,
       1,     167,     228,       3,       1,       3,       1,     10.0000,      1.3910,     42.4585,    246.0800,     61.9290,      3.4953,      0.0000,     -0.0313,      0.4175,      0.1374,      5.5270,     11.0540,      1.2145,     28.4309,     56.8618,      0.0190,      0.0003,      0.0156,      0.2020,   7637.8247,-417529.1250,   -911.8567,    545.7277,  25459.4121,
       1,     167,     228,       4,       1,       3,       1,     10.0000,      1.3910,     42.4585,    246.0800,     61.9290,      3.4953,      0.0000,     -0.0313,      0.5055,      0.1374,      5.5270,     11.0540,      1.2145,     28.4309,     56.8618,      0.0190,      0.0004,      0.0156,      0.2020,   7637.8237,-417572.5938,   -910.1147,    545.7246,  25459.4121,
       1,     167,     228,       5,       1,       3,       1,     10.0000,      1.3910,     42.4585,    246.0800,     61.9290,      3.4953,      0.0000,     -0.0314,      0.5496,      0.1420,      5.5270,     11.0540,      1.2544,     28.4309,     56.8618,      0.0190,      0.0004,      0.0156,      0.2020,   7637.8237,-417687.1250,   -910.1592,    545.7169,  25459.4102,
       1,     167,     228,       6,       1,       3,       1,     10.0000,      1.3910,     42.4585,    246.0800,     61.9290,      3.4953,      0.0000,     -0.0315,      0.6069,      0.1435,      5.5270,     11.0540,      1.2684,     28.4309,     56.8618,      0.0190,      0.0005,      0.0156,      0.2020,   7637.8232,-417752.6250,   -910.1998,    545.7124,  25459.4121,
       1,     167,     228,       7,       1,       3,       1,     10.0000,      1.3910,     42.4585,    246.0800,     61.9290,      3.4953,      0.0000,     -0.0314,      0.5832,      0.1407,      5.5270,     11.0540,      1.2430,     28.4309,     56.8618,      0.0190,      0.0005,      0.0156,      0.2020,   7637.8237,-417830.0000,   -910.1865,    545.7071,  25459.4102,
       1,     167,     228,       8,       1,       3,       1,     10.0000,      1.3910,     42.4585,    246.0800,     61.9290,      3.4953,      0.0141,     -0.0169,      0.0343,      0.1306,      5.5270,     11.0540,      1.1544,     28.4309,     56.8618,      0.0190,      0.0004,      0.0010,      0.2020,   7637.8232,-417807.1250,   -910.1749,    545.7086,  25459.4102,
       1,     167,     228,       9,       1,       3,       1,     10.0000,      1.3910,     42.4585,    246.0800,     61.9290,      3.4953,      0.0968,      0.0661,      4.3470,      0.1229,      5.5270,     11.0540,      1.0861,     28.4309,     56.8618,      0.0190,      0.0004,      0.1210,      0.2020,   7637.8232,-417115.3125,   -910.0889,    545.7558,  25459.4121,
       1,     167,     228,      10,       1,       3,       1,     10.0000,      1.3910,     42.4585,    246.0800,     61.9290,      3.4953,      0.1795,      0.1487,      9.0238,      0.1249,      5.5270,     11.0540,      1.1039,     28.4309,     56.8618,      0.0190,      0.0005,      0.2405,      0.2020,   7637.8237,-422476.7812,   -911.2863,    545.3901,  25459.4121,
       1,     167,     228,      11,       1,       3,       1,     10.0000,      1.3910,     42.4585,    246.0800,     61.9290,      3.4953,      0.1861,      0.1552,     10.6592,      0.1296,      5.5270,     11.0540,      1.1451,     28.4309,     56.8618,      0.0190,      0.0005,      0.2500,      0.2020,   7637.8237,-428816.1875,   -912.9831,    544.9580,  25459.4121,
       1,     167,     228,      12,       1,       3,       1,     10.0000,      1.3910,     42.4585,    246.0800,     61.9290,      3.4953,      0.1857,      0.1546,      6.0087,      0.1333,      5.5270,     11.0540,      1.1781,     28.4309,     56.8618,      0.0190,      0.0003,      0.2500,      0.2020,   7637.8237,-431416.0000,   -914.0975,    544.7811,  25459.4102,
       1,     167,     228,      13,       1,       3,       1,     10.0000,      1.3910,     42.4585,    246.0800,     61.9290,      3.4953,      0.1857,      0.1542,      7.3006,      0.1454,      5.5270,     11.0540,      1.2851,     28.4309,     56.8618,      0.0190,      0.0004,      0.2500,      0.2020,   7637.8232,-425791.8750,   -915.1561,    545.1641,  25459.4121,
       1,     167,     228,      14,       1,       3,       1,     10.0000,      1.3910,     42.4585,    246.0800,     61.9290,      3.4953,      0.1728,      0.1408,      6.5869,      0.1564,      5.5270,     11.0540,      1.3817,     28.4309,     56.8618,      0.0190,      0.0004,      0.2312,      0.2020,   7637.8237,-426934.1562,   -917.2104,    545.0864,  25459.4121,
       1,     167,     228,      15,       1,       3,       1,     10.0000,      1.3910,     42.4585,    246.0800,     61.9290,      3.4953,      0.0839,      0.0517,      2.7570,      0.1644,      5.5270,     11.0540,      1.4526,     28.4309,     56.8618,      0.0190,      0.0003,      0.1014,      0.2020,   7637.8237,-426134.6250,   -917.7281,    545.1409,  25459.4121,
       1,     167,     228,      16,       1,       3,       1,     10.0000,      1.3910,     42.4585,    246.0800,     61.9290,      3.4953,      0.1589,      0.1266,      6.1762,      0.1677,      5.5270,     11.0540,      1.4820,     28.4309,     56.8618,      0.0190,      0.0004,      0.2110,      0.2020,   7637.8237,-421251.2188,   -917.0167,    545.4736,  25459.4141,
       1,     167,     228,      17,       1,       3,       1,     10.0000,      1.3910,     42.4585,    246.0800,     61.9290,      3.4953,      0.1857,      0.1535,      8.6356,      0.1644,      5.5270,     11.0540,      1.4526,     28.4309,     56.8618,      0.0190,      0.0004,      0.2500,      0.2020,   7637.8247,-425131.1250,   -918.1628,    545.2093,  25459.4102,
       1,     167,     228,      18,       1,       3,       1,     10.0000,      1.3910,     42.4585,    246.0800,     61.9290,      3.4953,      0.1253,      0.0928,     13.0029,      0.1719,      5.5270,     11.0540,      1.5194,     28.4309,     56.8618,      0.0190,      0.0010,      0.1608,      0.2020,   7637.8232,-428555.9688,   -919.4923,    544.9759,  25459.4121,
       1,     167,     228,      19,       1,       3,       1,     10.0000,      1.3910,     42.4585,    246.0800,     61.9290,      3.4953,      0.0331,      0.0007,      3.8492,      0.1699,      5.5270,     11.0540,      1.5013,     28.4309,     56.8618,      0.0190,      0.0018,      0.0266,      0.2020,   7637.8237,-434340.0625,   -920.8819,    544.5818,  25459.4121,
       1,     167,     228,      20,       1,       3,       1,     10.0000,      1.3910,     42.4585,    246.0800,     61.9290,      3.4953,      0.0109,     -0.0210,      2.5059,      0.1528,      5.5270,     11.0540,      1.3501,     28.4309,     56.8618,      0.0190,      0.0020,      0.0156,      0.2020,   7637.8237,-423326.6562,   -919.0677,    545.3317,  25459.4121,
       1,     167,     228,      21,       1,       3,       1,     10.0000,      1.3910,     42.4585,    246.0800,     61.9290,      3.4953,      0.0000,     -0.0315,      2.8134,      0.1451,      5.5270,     11.0540,      1.2825,     28.4309,     56.8618,      0.0190,      0.0022,      0.0156,      0.2020,   7637.8237,-420695.6875,   -918.7546,    545.5116,  25459.4141,
       1,     167,     228,      22,       1,       3,       1,     10.0000,      1.3910,     42.4585,    246.0800,     61.9290,      3.4953,      0.0000,     -0.0315,      2.7590,      0.1441,      5.5270,     11.0540,      1.2735,     28.4309,     56.8618,      0.0190,      0.0022,      0.0156,      0.2020,   7637.8247,-420855.9375,   -918.9472,    545.5007,  25459.4121,
       1,     167,     228,      23,       1,       3,       1,     10.0000,      1.3910,     42.4585,    246.0800,     61.9290,      3.4953,      0.0000,     -0.0314,      3.6730,      0.1417,      5.5270,     11.0540,      1.2519,     28.4309,     56.8618,      0.0190,      0.0029,      0.0156,      0.2020,   7637.8237,-420801.3750,   -919.0833,    545.5045,  25459.4121,
       1,     167,     228,      24,       1,       3,       1,     10.0000,      1.3910,     42.4585,    246.0800,     61.9290,      3.4953,      0.0000,     -0.0314,      3.6886,      0.1415,      5.5270,     11.0540,      1.2506,     28.4309,     56.8618,      0.0190,      0.0029,      0.0156,      0.2020,   7637.8237,-421945.6875,   -919.4893,    545.4264,  25459.4102,
       1,     167,     229,       1,       1,       3,       1,     10.0000,      1.3910,     42.4588,    246.0859,     61.9305,      3.4953,      0.0000,     -0.0315,      2.8891,      0.1440,      5.5271,     11.0543,      1.2723,     28.4319,     56.8638,      0.0190,      0.0023,      0.0156,      0.2021,   7637.8232,-422219.8750,   -919.9914,    545.4207,  25460.5586,
       1,     167,     229,       2,       1,       3,       1,     10.0000,      1.3910,     42.4588,    246.0859,     61.9305,      3.4953,      0.0000,     -0.0315,      1.9698,      0.1438,      5.5271,     11.0543,      1.2710,     28.4319,     56.8638,      0.0190,      0.0016,      0.0156,      0.2021,   7638.1680,-421084.7188,   -919.6589,    545.4981,  25460.5586,
       1,     167,     229,       3,       1,       3,       1,     10.0000,      1.3910,     42.4588,    246.0859,     61.9305,      3.4953,      0.0000,     -0.0316,      1.7579,      0.1472,      5.5271,     11.0543,      1.3008,     28.4319,     56.8638,      0.0190,      0.0014,      0.0156,      0.2021,   7638.1680,-419831.9688,   -919.5268,    545.5835,  25460.5586,
       1,     167,     229,       4,       1,       3,       1,     10.0000,      1.3910,     42.4588,    246.0859,     61.9305,      3.4953,      0.0000,     -0.0317,      1.5554,      0.1488,      5.5271,     11.0543,      1.3153,     28.4319,     56.8638,      0.0190,      0.0012,      0.0156,      0.2021,   7638.1680,-419458.2812,   -919.5376,    545.6091,  25460.5586,
       1,     167,     229,       5,       1,       3,       1,     10.0000,      1.3910,     42.4588,    246.0859,     61.9305,      3.4953,      0.0000,     -0.0317,      1.5845,      0.1499,      5.5271,     11.0543,      1.3246,     28.4319,     56.8638,      0.0190,      0.0013,      0.0156,      0.2021,   7638.1680,-419171.5625,   -919.5574,    545.6285,  25460.5566,
       1,     167,     229,       6,       1,       3,       1,     10.0000,      1.3910,     42.4588,    246.0859,     61.9305,      3.4953,      0.0000,     -0.0317,      1.7136,      0.1508,      5.5271,     11.0543,      1.3326,     28.4319,     56.8638,      0.0190,      0.0014,      0.0156,      0.2021,   7638.1675,-419183.8438,   -919.6295,    545.6277,  25460.5586,
       1,     167,     229,       7,       1,       3,       1,     10.0000,      1.3910,     42.4588,    246.0859,     61.9305,      3.4953,      0.0000,     -0.0317,      1.6687,      0.1505,      5.5271,     11.0543,      1.3299,     28.4319,     56.8638,      0.0190,      0.0013,      0.0156,      0.2021,   7638.1680,-419346.8750,   -919.7347,    545.6166,  25460.5605,
       1,     167,     229,       8,       1,       3,       1,     10.0000,      1.3910,     42.4588,    246.0859,     61.9305,      3.4953,      0.0088,     -0.0229,      1.8045,      0.1490,      5.5271,     11.0543,      1.3166,     28.4319,     56.8638,      0.0190,      0.0014,      0.0156,      0.2021,   7638.1685,-419304.1562,   -919.7963,    545.6195,  25460.5605,
       1,     167,     229,       9,       1,       3,       1,     10.0000,      1.3910,     42.4588,    246.0859,     61.9305,      3.4953,      0.1100,      0.0783,     15.9734,      0.1499,      5.5271,     11.0543,      1.3246,     28.4319,     56.8638,      0.0190,      0.0014,      0.1383,      0.2021,   7638.1685,-419471.2500,   -919.9166,    545.6082,  25460.5586,
       1,     167,     229,      10,       1,       3,       1,     10.0000,      1.3910,     42.4588,    246.0859,     61.9305,      3.4953,      0.1739,      0.1427,     27.2064,      0.1362,      5.5271,     11.0543,      1.2035,     28.4319,     56.8638,      0.0190,      0.0015,      0.2304,      0.2021,   7638.1680,-437295.0938,   -923.4789,    544.3925,  25460.5586,
       1,     167,     229,      11,       1,       3,       1,     10.0000,      1.3910,     42.4588,    246.0859,     61.9305,      3.4953,      0.1877,      0.1570,     29.8368,      0.1239,      5.5271,     11.0543,      1.0950,     28.4319,     56.8638,      0.0190,      0.0015,      0.2500,      0.2020,   7638.1680,-452949.2188,   -917.3631,    543.3286,  25460.5605,
       1,     167,     229,      12,       1,       3,       1,     10.0000,      1.3910,     42.4588,    246.0859,     61.9305,      3.4953,      0.1875,      0.1559,     29.8709,      0.1480,      5.5271,     11.0543,      1.3074,     28.4319,     56.8638,      0.0190,      0.0015,      0.2500,      0.2020,   7638.1685,-457598.1875,   -920.0123,    543.0139,  25460.5586,
       1,     167,     229,      13,       1,       3,       1,     10.0000,      1.3910,     42.4588,    246.0859,     61.9305,      3.4953,      0.1873,      0.1553,     27.4587,      0.1562,      5.5271,     11.0543,      1.3803,     28.4319,     56.8638,      0.0190,      0.0014,      0.2500,      0.2020,   7638.1680,-458038.0938,   -921.8739,    542.9841,  25460.5566,
       1,     167,     229,      14,       1,       3,       1,     10.0000,      1.3910,     42.4588,    246.0859,     61.9305,      3.4953,      0.1871,      0.1552,     25.1821,      0.1550,      5.5271,     11.0543,      1.3693,     28.4319,     56.8638,      0.0190,      0.0012,      0.2500,      0.2020,   7638.1675,-455042.2188,   -922.6484,    543.1876,  25460.5566,
       1,     167,     229,      15,       1,       3,       1,     10.0000,      1.3910,     42.4588,    246.0859,     61.9305,      3.4953,      0.1570,      0.1247,     15.2531,      0.1646,      5.5271,     11.0543,      1.4541,     28.4319,     56.8638,      0.0190,      0.0009,      0.2071,      0.2020,   7638.1675,-451922.8438,   -923.3632,    543.3994,  25460.5586,
       1,     167,     229,      16,       1,       3,       1,     10.0000,      1.3910,     42.4588,    246.0859,     61.9305,      3.4953,      0.1676,      0.1355,      7.9224,      0.1619,      5.5271,     11.0543,      1.4310,     28.4319,     56.8638,      0.0190,      0.0004,      0.2235,      0.2020,   7638.1680,-439170.0312,   -921.6433,    544.2656,  25460.5586,
       1,     167,     229,      17,       1,       3,       1,     10.0000,      1.3910,     42.4588,    246.0859,     61.9305,      3.4953,      0.1819,      0.1497,     20.6286,      0.1626,      5.5271,     11.0543,      1.4368,     28.4319,     56.8638,      0.0190,      0.0011,      0.2430,      0.2020,   7638.1680,-428863.7812,   -920.2623,    544.9675,  25460.5586,
       1,     167,     229,      18,       1,       3,       1,     10.0000,      1.3910,     42.4588,    246.0859,     61.9305,      3.4953,      0.1631,      0.1315,     27.6659,      0.1477,      5.5271,     11.0543,      1.3047,     28.4319,     56.8638,      0.0190,      0.0016,      0.2146,      0.2020,   7638.1680,-443954.5938,   -923.7045,    543.9399,  25460.5586,
       1,     167,     229,      19,       1,       3,       1,     10.0000,      1.3910,     42.4588,    246.0859,     61.9305,      3.4953,      0.0883,      0.0571,     12.7443,      0.1361,      5.5271,     11.0543,      1.2023,     28.4319,     56.8638,      0.0190,      0.0015,      0.1073,      0.2020,   7638.1680,-454097.8438,   -919.6469,    543.2512,  25460.5566,
       1,     167,     229,      20,       1,       3,       1,     10.0000,      1.3910,     42.4588,    246.0859,     61.9305,      3.4953,      0.0184,     -0.0128,      1.0871,      0.1348,      5.5271,     11.0543,      1.1913,     28.4319,     56.8638,      0.0190,      0.0020,      0.0068,      0.2020,   7638.1675,-436201.3750,   -916.8950,    544.4669,  25460.5586,
       1,     167,     229,      21,       1,       3,       1,     10.0000,      1.3910,     42.4588,    246.0859,     61.9305,      3.4953,      0.0000,     -0.0312,      2.1565,      0.1347,      5.5271,     11.0543,      1.1901,     28.4319,     56.8638,      0.0190,      0.0017,      0.0156,      0.2020,   7638.1680,-420017.3750,   -914.2714,    545.5698,  25460.5586,
       1,     167,     229,      22,       1,       3,       1,     10.0000,      1.3910,     42.4588,    246.0859,     61.9305,      3.4953,      0.0000,     -0.0312,      2.6085,      0.1352,      5.5271,     11.0543,      1.1950,     28.4319,     56.8638,      0.0190,      0.0021,      0.0156,      0.2021,   7638.1680,-419976.5625,   -914.4307,    545.5737,  25460.5605,
       1,     167,     229,      23,       1,       3,       1,     10.0000,      1.3910,     42.4588,    246.0859,     61.9305,      3.4953,      0.0000,     -0.0312,      1.8563,      0.1366,      5.5271,     11.0543,      1.2071,     28.4319,     56.8638,      0.0190,      0.0015,      0.0156,      0.2021,   7638.1685,-420539.3438,   -910.9431,    545.5353,  25460.5586,
       1,     167,     229,      24,       1,       3,       1,     10.0000,      1.3910,     42.4588,    246.0859,     61.9305,      3.4953,      0.0000,     -0.0314,      0.7777,      0.1408,      5.5271,     11.0543,      1.2443,     28.4319,     56.8638,      0.0190,      0.0006,      0.0156,      0.2021,   7638.1680,-419642.5625,   -910.9742,    545.5964,  25460.5605,
       1,     167,     230,       1,       1,       3,       1,     10.0000,      1.3910,     42.4591,    246.0918,     61.9319,      3.4953,      0.0000,     -0.0314,      0.8690,      0.1422,      5.5269,     11.0539,      1.2570,     28.4379,     56.8757,      0.0190,      0.0007,      0.0156,      0.2021,   7638.1685,-418366.2188,   -911.0623,    545.6963,  25461.7090,
       1,     167,     230,       2,       1,       3,       1,     10.0000,      1.3910,     42.4591,    246.0918,     61.9319,      3.4953,      0.0000,     -0.0315,      0.8717,      0.1438,      5.5269,     11.0539,      1.2710,     28.4379,     56.8757,      0.0190,      0.0007,      0.0156,      0.2021,   7638.5132,-418218.0000,   -910.8544,    545.7064,  25461.7090,
       1,     167,     230,       3,       1,       3,       1,     10.0000,      1.3910,     42.4591,    246.0918,     61.9319,      3.4953,      0.0000,     -0.0315,      0.7300,      0.1451,      5.5269,     11.0539,      1.2826,     28.4379,     56.8757,      0.0190,      0.0006,      0.0156,      0.2021,   7638.5132,-418208.5625,   -910.9218,    545.7070,  25461.7090,
       1,     167,     230,       4,       1,       3,       1,     10.0000,      1.3910,     42.4591,    246.0918,     61.9319,      3.4953,      0.0000,     -0.0315,      0.5693,      0.1438,      5.5269,     11.0539,      1.2710,     28.4379,     56.8757,      0.0190,      0.0005,      0.0156,      0.2021,   7638.5132,-418029.8125,   -910.9348,    545.7192,  25461.7090,
       1,     167,     230,       5,       1,       3,       1,     10.0000,      1.3910,     42.4591,    246.0918,     61.9319,      3.4953,      0.0000,     -0.0314,      0.6630,      0.1421,      5.5269,     11.0539,      1.2557,     28.4379,     56.8757,      0.0190,      0.0005,      0.0156,      0.2021,   7638.5132,-417812.5312,   -910.9252,    545.7341,  25461.7090,
       1,     167,     230,       6,       1,       3,       1,     10.0000,      1.3910,     42.4591,    246.0918,     61.9319,      3.4953,      0.0000,     -0.0314,      0.7738,      0.1405,      5.5269,     11.0539,      1.2418,     28.4379,     56.8757,      0.0190,      0.0006,      0.0156,      0.2021,   7638.5132,-417911.6562,   -910.9903,    545.7273,  25461.7090,
       1,     167,     230,       7,       1,       3,       1,     10.0000,      1.3910,     42.4591,    246.0918,     61.9319,      3.4953,      0.0000,     -0.0313,      1.1506,      0.1380,      5.5269,     11.0539,      1.2194,     28.4379,     56.8757,      0.0190,      0.0009,      0.0156,      0.2021,   7638.5132,-418059.4375,   -910.2405,    545.7173,  25461.7070,
       1,     167,     230,       8,       1,       3,       1,     10.0000,      1.3910,     42.4591,    246.0918,     61.9319,      3.4953,      0.0023,     -0.0289,      0.8947,      0.1344,      5.5269,     11.0539,      1.1878,     28.4379,     56.8757,      0.0190,      0.0007,      0.0156,      0.2021,   7638.5122,-418545.7812,   -910.4315,    545.6840,  25461.7090,
       1,     167,     230,       9,       1,       3,       1,     10.0000,      1.3910,     42.4591,    246.0918,     61.9319,      3.4953,      0.0211,     -0.0105,      0.6022,      0.1480,      5.5269,     11.0539,      1.3074,     28.4379,     56.8757,      0.0190,      0.0007,      0.0103,      0.2021,   7638.5132,-418265.6875,   -910.4463,    545.7031,  25461.7090,
       1,     167,     230,      10,       1,       3,       1,     10.0000,      1.3910,     42.4591,    246.0918,     61.9319,      3.4953,      0.0109,     -0.0211,      0.7017,      0.1583,      5.5269,     11.0539,      1.3985,     28.4379,     56.8757,      0.0190,      0.0006,      0.0156,      0.2021,   7638.5132,-417874.0312,   -910.5170,    545.7299,  25461.7090,
       1,     167,     230,      11,       1,       3,       1,     10.0000,      1.3910,     42.4591,    246.0918,     61.9319,      3.4953,      0.0443,      0.0117,      1.7490,      0.1765,      5.5269,     11.0539,      1.5593,     28.4379,     56.8757,      0.0190,      0.0005,      0.0430,      0.2021,   7638.5132,-417965.5625,   -910.6088,    545.7236,  25461.7070,
       1,     167,     230,      12,       1,       3,       1,     10.0000,      1.3910,     42.4591,    246.0918,     61.9319,      3.4953,      0.1247,      0.0913,      6.9949,      0.2047,      5.5269,     11.0539,      1.8091,     28.4379,     56.8757,      0.0190,      0.0005,      0.1605,      0.2021,   7638.5122,-419289.9688,   -911.0371,    545.6333,  25461.7090,
       1,     167,     230,      13,       1,       3,       1,     10.0000,      1.3910,     42.4591,    246.0918,     61.9319,      3.4953,      0.1597,      0.1260,      7.4576,      0.2129,      5.5269,     11.0539,      1.8817,     28.4379,     56.8757,      0.0190,      0.0004,      0.2121,      0.2021,   7638.5132,-425996.0000,   -912.8375,    545.1759,  25461.7090,
       1,     167,     230,      14,       1,       3,       1,     10.0000,      1.3910,     42.4591,    246.0918,     61.9319,      3.4953,      0.1720,      0.1380,     12.4227,      0.2223,      5.5269,     11.0539,      1.9648,     28.4379,     56.8757,      0.0190,      0.0007,      0.2298,      0.2021,   7638.5132,-427152.9688,   -913.8876,    545.0972,  25461.7090,
       1,     167,     230,      15,       1,       3,       1,     10.0000,      1.3910,     42.4591,    246.0918,     61.9319,      3.4953,      0.1573,      0.1237,     20.7072,      0.2107,      5.5269,     11.0539,      1.8615,     28.4379,     56.8757,      0.0190,      0.0012,      0.2071,      0.2021,   7638.5132,-433492.5625,   -915.9228,    544.6653,  25461.7109,
       1,     167,     230,      16,       1,       3,       1,     10.0000,      1.3910,     42.4591,    246.0918,     61.9319,      3.4953,      0.1569,      0.1236,     39.5870,      0.2013,      5.5269,     11.0539,      1.7790,     28.4379,     56.8757,      0.0190,      0.0024,      0.2043,      0.2021,   7638.5137,-444449.8125,   -918.6440,    543.9195,  25461.7090,
       1,     167,     230,      17,       1,       3,       1,     10.0000,      1.3910,     42.4591,    246.0918,     61.9319,      3.4953,      0.1508,      0.1176,     62.7247,      0.1978,      5.5269,     11.0539,      1.7477,     28.4379,     56.8757,      0.0190,      0.0040,      0.1926,      0.2021,   7638.5132,-469125.6875,   -924.0868,    542.2422,  25461.7090,
       1,     167,     230,      18,       1,       3,       1,     10.0000,      1.3910,     42.4591,    246.0918,     61.9319,      3.4953,      0.1144,      0.0811,     51.0854,      0.1984,      5.5269,     11.0539,      1.7529,     28.4379,     56.8757,      0.0190,      0.0045,      0.1401,      0.2020,   7638.5132,-500344.0938,   -930.9695,    540.1288,  25461.7090,
       1,     167,     230,      19,       1,       3,       1,     10.0000,      1.3910,     42.4591,    246.0918,     61.9319,      3.4953,      0.0440,      0.0110,     14.8929,      0.1882,      5.5269,     11.0539,      1.6633,     28.4379,     56.8757,      0.0190,      0.0045,      0.0407,      0.2020,   7638.5132,-488375.2500,   -929.8242,    540.9410,  25461.7090,
       1,     167,     230,      20,       1,       3,       1,     10.0000,      1.3910,     42.4591,    246.0918,     61.9319,      3.4953,      0.0082,     -0.0245,      5.2348,      0.1789,      5.5269,     11.0539,      1.5812,     28.4379,     56.8757,      0.0190,      0.0042,      0.0156,      0.2020,   7638.5132,-441817.5000,   -921.9821,    544.0898,  25461.7070,
       1,     167,     230,      21,       1,       3,       1,     10.0000,      1.3910,     42.4591,    246.0918,     61.9319,      3.4953,      0.0000,     -0.0324,      4.2495,      0.1713,      5.5269,     11.0539,      1.5134,     28.4379,     56.8757,      0.0190,      0.0034,      0.0156,      0.2021,   7638.5122,-425723.6875,   -919.4950,    545.1935,  25461.7109,
       1,     167,     230,      22,       1,       3,       1,     10.0000,      1.3910,     42.4591,    246.0918,     61.9319,      3.4953,      0.0000,     -0.0322,      3.6656,      0.1626,      5.5269,     11.0539,      1.4368,     28.4379,     56.8757,      0.0190,      0.0029,      0.0156,      0.2021,   7638.5137,-423098.4062,   -919.3519,    545.3735,  25461.7090,
       1,     167,     230,      23,       1,       3,       1,     10.0000,      1.3910,     42.4591,    246.0918,     61.9319,      3.4953,      0.0000,     -0.0321,      4.1231,      0.1597,      5.5269,     11.0539,      1.4111,     28.4379,     56.8757,      0.0190,      0.0033,      0.0156,      0.2021,   7638.5132,-422138.4062,   -919.4398,    545.4390,  25461.7090,
       1,     167,     230,      24,       1,       3,       1,     10.0000,      1.3910,     42.4591,    246.0918,     61.9319,      3.4953,      0.0000,     -0.0319,      4.0735,      0.1559,      5.5269,     11.0539,      1.3776,     28.4379,     56.8757,      0.0190,      0.0032,      0.0156,      0.2021,   7638.5132,-422631.0625,   -919.8210,    545.4054,  25461.7070,
       1,     167,     231,       1,       1,       3,       1,     10.0000,      1.3911,     42.4595,    246.0976,     61.9334,      3.4953,      0.0000,     -0.0318,      3.6750,      0.1534,      5.5289,     11.0578,      1.3556,     28.4273,     56.8546,      0.0190,      0.0029,      0.0156,      0.2021,   7638.5122,-422767.7188,   -920.3900,    545.4093,  25462.8574,
       1,     167,     231,       2,       1,       3,       1,     10.0000,      1.3911,     42.4595,    246.0976,     61.9334,      3.4953,      0.0000,     -0.0319,      3.4044,      0.1559,      5.5289,     11.0578,      1.3776,     28.4273,     56.8546,      0.0190,      0.0027,      0.0156,      0.2021,   7638.8574,-422124.2812,   -920.2547,    545.4532,  25462.8594,
       1,     167,     231,       3,       1,       3,       1,     10.0000,      1.3911,     42.4595,    246.0976,     61.9334,      3.4953,      0.0000,     -0.0318,      2.5710,      0.1536,      5.5289,     11.0578,      1.3570,     28.4273,     56.8546,      0.0190,      0.0020,      0.0156,      0.2021,   7638.8579,-421728.8125,   -920.4100,    545.4802,  25462.8574,
       1,     167,     231,       4,       1,       3,       1,     10.0000,      1.3911,     42.4595,    246.0976,     61.9334,      3.4953,      0.0000,     -0.0318,      1.6703,      0.1517,      5.5289,     11.0578,      1.3407,     28.4273,     56.8546,      0.0190,      0.0013,      0.0156,      0.2021,   7638.8574,-420647.7812,   -920.3716,    545.5538,  25462.8574,
       1,     167,     231,       5,       1,       3,       1,     10.0000,      1.3911,     42.4595,    246.0976,     61.9334,      3.4953,      0.0000,     -0.0317,      1.5283,      0.1495,      5.5289,     11.0578,      1.3207,     28.4273,     56.8546,      0.0190,      0.0012,      0.0156,      0.2021,   7638.8574,-419423.4375,   -920.2401,    545.6374,  25462.8574,
       1,     167,     231,       6,       1,       3,       1,     10.0000,      1.3911,     42.4595,    246.0976,     61.9334,      3.4953,      0.0000,     -0.0314,      1.3780,      0.1398,      5.5289,     11.0578,      1.2356,     28.4273,     56.8546,      0.0190,      0.0011,      0.0156,      0.2021,   7638.8574,-419139.9375,   -920.2669,    545.6568,  25462.8574,
       1,     167,     231,       7,       1,       3,       1,     10.0000,      1.3911,     42.4595,    246.0976,     61.9334,      3.4953,      0.0000,     -0.0312,      1.3556,      0.1357,      5.5289,     11.0578,      1.1987,     28.4273,     56.8546,      0.0190,      0.0011,      0.0156,      0.2021,   7638.8574,-418926.6875,   -920.2711,    545.6712,  25462.8594,
       1,     167,     231,       8,       1,       3,       1,     10.0000,      1.3911,     42.4595,    246.0976,     61.9334,      3.4953,      0.0045,     -0.0269,      1.1357,      0.1397,      5.5289,     11.0578,      1.2344,     28.4273,     56.8546,      0.0190,      0.0009,      0.0156,      0.2021,   7638.8579,-418880.1562,   -920.3026,    545.6744,  25462.8574,
       1,     167,     231,       9,       1,       3,       1,     10.0000,      1.3911,     42.4595,    246.0976,     61.9334,      3.4953,      0.0892,      0.0574,      7.8185,      0.1522,      5.5289,     11.0578,      1.3448,     28.4273,     56.8546,      0.0190,      0.0009,      0.1088,      0.2021,   7638.8574,-418600.0938,   -920.3071,    545.6936,  25462.8574,
       1,     167,     231,      10,       1,       3,       1,     10.0000,      1.3911,     42.4595,    246.0976,     61.9334,      3.4953,      0.1458,      0.1131,     18.2360,      0.1807,      5.5289,     11.0578,      1.5970,     28.4273,     56.8546,      0.0190,      0.0012,      0.1904,      0.2021,   7638.8574,-426973.5938,   -922.0849,    545.1224,  25462.8555,
       1,     167,     231,      11,       1,       3,       1,     10.0000,      1.3911,     42.4595,    246.0976,     61.9334,      3.4953,      0.1760,      0.1430,     12.6802,      0.1914,      5.5289,     11.0578,      1.6916,     28.4273,     56.8546,      0.0190,      0.0007,      0.2355,      0.2021,   7638.8569,-440784.6562,   -925.0664,    544.1816,  25462.8594,
       1,     167,     231,      12,       1,       3,       1,     10.0000,      1.3911,     42.4595,    246.0976,     61.9334,      3.4953,      0.1783,      0.1443,      9.2485,      0.2210,      5.5289,     11.0578,      1.9533,     28.4273,     56.8546,      0.0190,      0.0005,      0.2394,      0.2021,   7638.8579,-434985.3750,   -924.4995,    544.5769,  25462.8574,
       1,     167,     231,      13,       1,       3,       1,     10.0000,      1.3911,     42.4595,    246.0976,     61.9334,      3.4953,      0.1805,      0.1461,     24.8430,      0.2388,      5.5289,     11.0578,      2.1102,     28.4273,     56.8546,      0.0190,      0.0013,      0.2412,      0.2021,   7638.8574,-430175.1875,   -924.0469,    544.9045,  25462.8555,
       1,     167,     231,      14,       1,       3,       1,     10.0000,      1.3911,     42.4595,    246.0976,     61.9334,      3.4953,      0.1874,      0.1530,     36.2891,      0.2393,      5.5289,     11.0578,      2.1143,     28.4273,     56.8546,      0.0190,      0.0018,      0.2500,      0.2021,   7638.8569,-449363.0938,   -928.1259,    543.5977,  25462.8594,
       1,     167,     231,      15,       1,       3,       1,     10.0000,      1.3911,     42.4595,    246.0976,     61.9334,      3.4953,      0.1364,      0.1024,     40.3181,      0.2230,      5.5289,     11.0578,      1.9706,     28.4273,     56.8546,      0.0190,      0.0029,      0.1737,      0.2021,   7638.8579,-465399.7188,   -931.7465,    542.5095,  25462.8574,
       1,     167,     231,      16,       1,       3,       1,     10.0000,      1.3911,     42.4595,    246.0976,     61.9334,      3.4953,      0.0440,      0.0103,     11.1897,      0.2148,      5.5289,     11.0578,      1.8985,     28.4273,     56.8546,      0.0190,      0.0034,      0.0404,      0.2021,   7638.8574,-471839.3125,   -933.3530,    542.0739,  25462.8574,
       1,     167,     231,      17,       1,       3,       1,     10.0000,      1.3911,     42.4595,    246.0976,     61.9334,      3.4953,      0.0158,     -0.0177,      0.0600,      0.2076,      5.5289,     11.0578,      1.8342,     28.4273,     56.8546,      0.0190,      0.0051,      0.0001,      0.2021,   7638.8574,-435757.2188,   -926.7968,    544.5190,  25462.8594,
       1,     167,     231,      18,       1,       3,       1,     10.0000,      1.3911,     42.4595,    246.0976,     61.9334,      3.4953,      0.0056,     -0.0275,      7.7130,      0.1941,      5.5289,     11.0578,      1.7152,     28.4273,     56.8546,      0.0190,      0.0061,      0.0156,      0.2021,   7638.8579,-418698.5625,   -923.7573,    545.6856,  25462.8555,
       1,     167,     231,      19,       1,       3,       1,     10.0000,      1.3911,     42.4595,    246.0976,     61.9334,      3.4953,      0.0034,     -0.0298,      8.0031,      0.1955,      5.5289,     11.0578,      1.7271,     28.4273,     56.8546,      0.0190,      0.0064,      0.0156,      0.2021,   7638.8569,-426851.2500,   -925.4850,    545.1307,  25462.8574,
       1,     167,     231,      20,       1,       3,       1,     10.0000,      1.3911,     42.4595,    246.0976,     61.9334,      3.4953,      0.0009,     -0.0318,      6.4620,      0.1774,      5.5289,     11.0578,      1.5671,     28.4273,     56.8546,      0.0190,      0.0051,      0.0156,      0.2021,   7638.8574,-427913.7500,   -925.8631,    545.0586,  25462.8555,
       1,     167,     231,      21,       1,       3,       1,     10.0000,      1.3911,     42.4595,    246.0976,     61.9334,      3.4953,      0.0000,     -0.0322,      6.5619,      0.1654,      5.5289,     11.0578,      1.4615,     28.4273,     56.8546,      0.0190,      0.0052,      0.0156,      0.2021,   7638.8569,-426067.7188,   -925.6431,    545.1844,  25462.8555,
       1,     167,     231,      22,       1,       3,       1,     10.0000,      1.3911,     42.4595,    246.0976,     61.9334,      3.4953,      0.0000,     -0.0321,      6.6831,      0.1624,      5.5289,     11.0578,      1.4354,     28.4273,     56.8546,      0.0190,      0.0053,      0.0156,      0.2021,   7638.8569,-426035.1875,   -925.7502,    545.1866,  25462.8574,
       1,     167,     231,      23,       1,       3,       1,     10.0000,      1.3911,     42.4595,    246.0976,     61.9334,      3.4953,      0.0000,     -0.0321,      5.4869,      0.1618,      5.5289,     11.0578,      1.4297,     28.4273,     56.8546,      0.0190,      0.0044,      0.0156,      0.2021,   7638.8574,-426184.6250,   -925.8788,    545.1765,  25462.8555,
       1,     167,     231,      24,       1,       3,       1,     10.0000,      1.3911,     42.4595,    246.0976,     61.9334,      3.4953,      0.0000,     -0.0321,      5.5770,      0.1621,      5.5289,     11.0578,      1.4325,     28.4273,     56.8546,      0.0190,      0.0044,      0.0156,      0.2021,   7638.8569,-424694.0312,   -925.6715,    545.2780,  25462.8574,
       1,     167,     232,       1,       1,       3,       1,     10.0000,      1.3911,     42.4598,    246.1034,     61.9349,      3.4953,      0.0000,     -0.0322,      4.1126,      0.1629,      5.5286,     11.0572,      1.4397,     28.4164,     56.8328,      0.0190,      0.0033,      0.0156,      0.2021,   7638.8574,-424835.5312,   -926.0402,    545.2815,  25464.0039,
       1,     167,     232,       2,       1,       3,       1,     10.0000,      1.3911,     42.4598,    246.1034,     61.9349,      3.4953,      0.0000,     -0.0321,      2.9090,      0.1618,      5.5286,     11.0572,      1.4297,     28.4164,     56.8328,      0.0190,      0.0023,      0.0156,      0.2021,   7639.2017,-422853.7188,   -925.4384,    545.4164,  25464.0059,
       1,     167,     232,       3,       1,       3,       1,     10.0000,      1.3911,     42.4598,    246.1034,     61.9349,      3.4953,      0.0000,     -0.0320,      2.1997,      0.1597,      5.5286,     11.0572,      1.4112,     28.4164,     56.8328,      0.0190,      0.0017,      0.0156,      0.2021,   7639.2021,-421171.5625,   -925.1474,    545.5312,  25464.0039,
       1,     167,     232,       4,       1,       3,       1,     10.0000,      1.3911,     42.4598,    246.1034,     61.9349,      3.4953,      0.0000,     -0.0320,      1.7807,      0.1595,      5.5286,     11.0572,      1.4098,     28.4164,     56.8328,      0.0190,      0.0014,      0.0156,      0.2021,   7639.2017,-420136.2812,   -924.9708,    545.6018,  25464.0039,
       1,     167,     232,       5,       1,       3,       1,     10.0000,      1.3911,     42.4598,    246.1034,     61.9349,      3.4953,      0.0000,     -0.0320,      1.8488,      0.1575,      5.5286,     11.0572,      1.3915,     28.4164,     56.8328,      0.0190,      0.0015,      0.0156,      0.2021,   7639.2017,-419521.0625,   -924.8692,    545.6437,  25464.0059,
       1,     167,     232,       6,       1,       3,       1,     10.0000,      1.3911,     42.4598,    246.1034,     61.9349,      3.4953,      0.0000,     -0.0319,      1.6645,      0.1551,      5.5286,     11.0572,      1.3707,     28.4164,     56.8328,      0.0190,      0.0013,      0.0156,      0.2021,   7639.2021,-419553.9062,   -924.8895,    545.6415,  25464.0039,
       1,     167,     232,       7,       1,       3,       1,     10.0000,      1.3911,     42.4598,    246.1034,     61.9349,      3.4953,      0.0000,     -0.0319,      1.6866,      0.1545,      5.5286,     11.0572,      1.3652,     28.4164,     56.8328,      0.0190,      0.0013,      0.0156,      0.2021,   7639.2017,-419325.1875,   -924.8592,    545.6571,  25464.0059,
       1,     167,     232,       8,       1,       3,       1,     10.0000,      1.3911,     42.4598,    246.1034,     61.9349,      3.4953,      0.0067,     -0.0252,      1.4413,      0.1553,      5.5286,     11.0572,      1.3721,     28.4164,     56.8328,      0.0190,      0.0011,      0.0156,      0.2021,   7639.2021,-419333.3125,   -924.8731,    545.6566,  25464.0059,
       1,     167,     232,       9,       1,       3,       1,     10.0000,      1.3911,     42.4598,    246.1034,     61.9349,      3.4953,      0.0780,      0.0457,      8.6029,      0.1662,      5.5286,     11.0572,      1.4688,     28.4164,     56.8328,      0.0190,      0.0012,      0.0920,      0.2021,   7639.2021,-419025.7500,   -924.8253,    545.6776,  25464.0059,
       1,     167,     232,      10,       1,       3,       1,     10.0000,      1.3911,     42.4598,    246.1034,     61.9349,      3.4953,      0.1418,      0.1093,     16.5136,      0.1723,      5.5286,     11.0572,      1.5226,     28.4164,     56.8328,      0.0190,      0.0011,      0.1846,      0.2021,   7639.2021,-427997.6250,   -926.5750,    545.0656,  25464.0059,
       1,     167,     232,      11,       1,       3,       1,     10.0000,      1.3911,     42.4598,    246.1034,     61.9349,      3.4953,      0.1599,      0.1265,     21.8892,      0.2011,      5.5286,     11.0572,      1.7773,     28.4164,     56.8328,      0.0190,      0.0013,      0.2106,      0.2021,   7639.2021,-438708.3125,   -928.6979,    544.3361,  25464.0078,
       1,     167,     232,      12,       1,       3,       1,     10.0000,      1.3911,     42.4598,    246.1034,     61.9349,      3.4953,      0.1726,      0.1390,     22.5998,      0.2088,      5.5286,     11.0572,      1.8452,     28.4164,     56.8328,      0.0190,      0.0012,      0.2294,      0.2021,   7639.2026,-446382.6562,   -930.2736,    543.8145,  25464.0078,
       1,     167,     232,      13,       1,       3,       1,     10.0000,      1.3911,     42.4598,    246.1034,     61.9349,      3.4953,      0.1647,      0.1307,     21.7850,      0.2239,      5.5286,     11.0572,      1.9784,     28.4164,     56.8328,      0.0190,      0.0012,      0.2179,      0.2021,   7639.2026,-447932.6250,   -930.6861,    543.7094,  25464.0059,
       1,     167,     232,      14,       1,       3,       1,     10.0000,      1.3911,     42.4598,    246.1034,     61.9349,      3.4953,      0.1573,      0.1235,     35.3834,      0.2155,      5.5286,     11.0572,      1.9041,     28.4164,     56.8328,      0.0190,      0.0021,      0.2053,      0.2021,   7639.2021,-447041.0625,   -930.6237,    543.7700,  25464.0059,
       1,     167,     232,      15,       1,       3,       1,     10.0000,      1.3911,     42.4598,    246.1034,     61.9349,      3.4953,      0.1864,      0.1527,     57.1882,      0.2130,      5.5286,     11.0572,      1.8818,     28.4164,     56.8328,      0.0190,      0.0029,      0.2458,      0.2021,   7639.2021,-464057.6562,   -934.0325,    542.6133,  25464.0039,
       1,     167,     232,      16,       1,       3,       1,     10.0000,      1.3911,     42.4598,    246.1034,     61.9349,      3.4953,      0.1751,      0.1414,     87.4317,      0.2151,      5.5286,     11.0572,      1.9004,     28.4164,     56.8328,      0.0190,      0.0048,      0.2257,      0.2021,   7639.2017,-492932.1250,   -939.8024,    540.6562,  25464.0039,
       1,     167,     232,      17,       1,       3,       1,     10.0000,      1.3911,     42.4598,    246.1034,     61.9349,      3.4953,      0.1508,      0.1172,     78.1637,      0.2082,      5.5286,     11.0572,      1.8397,     28.4164,     56.8328,      0.0190,      0.0051,      0.1907,      0.2021,   7639.2017,-533450.5625,   -947.9594,    537.9213,  25464.0039,
       1,     167,     232,      18,       1,       3,       1,     10.0000,      1.3911,     42.4598,    246.1034,     61.9349,      3.4953,      0.1370,      0.1038,     76.7112,      0.1955,      5.5286,     11.0572,      1.7272,     28.4164,     56.8328,      0.0190,      0.0056,      0.1706,      0.2020,   7639.2017,-525261.6250,   -946.7769,    538.4789,  25464.0039,
       1,     167,     232,      19,       1,       3,       1,     10.0000,      1.3911,     42.4598,    246.1034,     61.9349,      3.4953,      0.0402,      0.0073,     13.7047,      0.1853,      5.5286,     11.0572,      1.6372,     28.4164,     56.8328,      0.0190,      0.0048,      0.0353,      0.2020,   7639.2017,-522727.0625,   -946.6536,    538.6497,  25464.0039,
       1,     167,     232,      20,       1,       3,       1,     10.0000,      1.3911,     42.4598,    246.1034,     61.9349,      3.4953,      0.0100,     -0.0226,      6.0655,      0.1758,      5.5286,     11.0572,      1.5532,     28.4164,     56.8328,      0.0190,      0.0048,      0.0156,      0.2020,   7639.2017,-443220.2188,   -931.4100,    544.0031,  25464.0039,
       1,     167,     232,      21,       1,       3,       1,     10.0000,      1.3911,     42.4598,    246.1034,     61.9349,      3.4953,      0.0000,     -0.0324,      6.6124,      0.1694,      5.5286,     11.0572,      1.4970,     28.4164,     56.8328,      0.0190,      0.0053,      0.0156,      0.2021,   7639.2017,-426913.4688,   -928.2407,    545.1387,  25464.0039,
       1,     167,     232,      22,       1,       3,       1,     10.0000,      1.3911,     42.4598,    246.1034,     61.9349,      3.4953,      0.0000,     -0.0323,      5.9071,      0.1667,      5.5286,     11.0572,      1.4732,     28.4164,     56.8328,      0.0190,      0.0047,      0.0156,      0.2021,   7639.2017,-426174.4688,   -928.0605,    545.1901,  25464.0039,
       1,     167,     232,      23,       1,       3,       1,     10.0000,      1.3911,     42.4598,    246.1034,     61.9349,      3.4953,      0.0000,     -0.0322,      4.9948,      0.1633,      5.5286,     11.0572,      1.4426,     28.4164,     56.8328,      0.0190,      0.0040,      0.0156,      0.2021,   7639.2017,-425223.5625,   -927.8441,    545.2549,  25464.0039,
       1,     167,     232,      24,       1,       3,       1,     10.0000,      1.3911,     42.4598,    246.1034,     61.9349,      3.4953,      0.0000,     -0.0322,      4.3351,      0.1629,      5.5286,     11.0572,      1.4397,     28.4164,     56.8328,      0.0190,      0.0034,      0.0156,      0.2021,   7639.2017,-423995.6875,   -927.5801,    545.3387,  25464.0039,
       1,     167,     233,       1,       1,       3,       1,     10.0000,      1.3911,     42.4601,    246.1092,     61.9364,      3.4953,      0.0000,     -0.0322,      3.2163,      0.1652,      5.5281,     11.0562,      1.4601,     28.4158,     56.8317,      0.0190,      0.0026,      0.0156,      0.2022,   7639.2017,-423217.2812,   -927.6906,    545.4046,  25465.1543,
       1,     167,     233,       2,       1,       3,       1,     10.0000,      1.3911,     42.4601,    246.1092,     61.9364,      3.4953,      0.0000,     -0.0322,      2.5768,      0.1644,      5.5281,     11.0562,      1.4528,     28.4158,     56.8317,      0.0190,      0.0020,      0.0156,      0.2022,   7639.5464,-421591.2500,   -927.0809,    545.5154,  25465.1543,
       1,     167,     233,       3,       1,       3,       1,     10.0000,      1.3911,     42.4601,    246.1092,     61.9364,      3.4953,      0.0000,     -0.0321,      2.2290,      0.1616,      5.5281,     11.0562,      1.4283,     28.4158,     56.8317,      0.0190,      0.0018,      0.0156,      0.2022,   7639.5464,-420648.5312,   -926.8856,    545.5798,  25465.1523,
       1,     167,     233,       4,       1,       3,       1,     10.0000,      1.3911,     42.4601,    246.1092,     61.9364,      3.4953,      0.0000,     -0.0321,      1.8958,      0.1605,      5.5281,     11.0562,      1.4183,     28.4158,     56.8317,      0.0190,      0.0015,      0.0156,      0.2022,   7639.5459,-420131.0312,   -926.7739,    545.6151,  25465.1543,
       1,     167,     233,       5,       1,       3,       1,     10.0000,      1.3911,     42.4601,    246.1092,     61.9364,      3.4953,      0.0000,     -0.0319,      1.5965,      0.1565,      5.5281,     11.0562,      1.3832,     28.4158,     56.8317,      0.0190,      0.0013,      0.0156,      0.2022,   7639.5464,-419667.9375,   -927.0250,    545.6466,  25465.1523,
       1,     167,     233,       6,       1,       3,       1,     10.0000,      1.3911,     42.4601,    246.1092,     61.9364,      3.4953,      0.0000,     -0.0319,      1.4960,      0.1558,      5.5281,     11.0562,      1.3763,     28.4158,     56.8317,      0.0190,      0.0012,      0.0156,      0.2022,   7639.5459,-419252.4375,   -926.9395,    545.6750,  25465.1523,
       1,     167,     233,       7,       1,       3,       1,     10.0000,      1.3911,     42.4601,    246.1092,     61.9364,      3.4953,      0.0000,     -0.0318,      1.4098,      0.1534,      5.5281,     11.0562,      1.3557,     28.4158,     56.8317,      0.0190,      0.0011,      0.0156,      0.2022,   7639.5459,-419090.4688,   -927.1689,    545.6861,  25465.1523,
       1,     167,     233,       8,       1,       3,       1,     10.0000,      1.3911,     42.4601,    246.1092,     61.9364,      3.4953,      0.0050,     -0.0269,      1.2861,      0.1547,      5.5281,     11.0562,      1.3667,     28.4158,     56.8317,      0.0190,      0.0010,      0.0156,      0.2022,   7639.5459,-418968.2812,   -927.1446,    545.6944,  25465.1523,
       1,     167,     233,       9,       1,       3,       1,     10.0000,      1.3911,     42.4601,    246.1092,     61.9364,      3.4953,      0.0831,      0.0512,      7.3698,      0.1570,      5.5281,     11.0562,      1.3874,     28.4158,     56.8317,      0.0190,      0.0009,      0.0999,      0.2022,   7639.5459,-418802.3438,   -927.1108,    545.7057,  25465.1523,
       1,     167,     233,      10,       1,       3,       1,     10.0000,      1.3911,     42.4601,    246.1092,     61.9364,      3.4953,      0.1380,      0.1056,     12.2937,      0.1684,      5.5281,     11.0562,      1.4881,     28.4158,     56.8317,      0.0190,      0.0008,      0.1795,      0.2022,   7639.5459,-426431.2188,   -928.5965,    545.1854,  25465.1523,
       1,     167,     233,      11,       1,       3,       1,     10.0000,      1.3911,     42.4601,    246.1092,     61.9364,      3.4953,      0.1723,      0.1394,     17.6874,      0.1871,      5.5281,     11.0562,      1.6536,     28.4158,     56.8317,      0.0190,      0.0010,      0.2294,      0.2022,   7639.5459,-433272.1562,   -929.9378,    544.7194,  25465.1523,
       1,     167,     233,      12,       1,       3,       1,     10.0000,      1.3911,     42.4601,    246.1092,     61.9364,      3.4953,      0.1872,      0.1535,     32.0191,      0.2151,      5.5281,     11.0562,      1.9004,     28.4158,     56.8317,      0.0190,      0.0016,      0.2500,      0.2021,   7639.5459,-440635.9688,   -931.3646,    544.2181,  25465.1523,
       1,     167,     233,      13,       1,       3,       1,     10.0000,      1.3911,     42.4601,    246.1092,     61.9364,      3.4953,      0.1552,      0.1214,     24.1403,      0.2170,      5.5281,     11.0562,      1.9173,     28.4158,     56.8317,      0.0190,      0.0015,      0.2036,      0.2021,   7639.5459,-459277.6250,   -934.9453,    542.9502,  25465.1504,
       1,     167,     233,      14,       1,       3,       1,     10.0000,      1.3911,     42.4601,    246.1092,     61.9364,      3.4953,      0.1216,      0.0881,     21.3455,      0.2041,      5.5281,     11.0562,      1.8039,     28.4158,     56.8317,      0.0190,      0.0017,      0.1541,      0.2021,   7639.5454,-450972.7188,   -933.4046,    543.5153,  25465.1543,
       1,     167,     233,      15,       1,       3,       1,     10.0000,      1.3911,     42.4601,    246.1092,     61.9364,      3.4953,      0.1309,      0.0974,     32.5001,      0.2080,      5.5281,     11.0562,      1.8380,     28.4158,     56.8317,      0.0190,      0.0024,      0.1666,      0.2021,   7639.5464,-446748.4688,   -932.6513,    543.8026,  25465.1523,
       1,     167,     233,      16,       1,       3,       1,     10.0000,      1.3911,     42.4601,    246.1092,     61.9364,      3.4953,      0.0628,      0.0298,     17.6980,      0.1873,      5.5281,     11.0562,      1.6552,     28.4158,     56.8317,      0.0190,      0.0032,      0.0681,      0.2021,   7639.5459,-460406.4375,   -935.3962,    542.8743,  25465.1523,
       1,     167,     233,      17,       1,       3,       1,     10.0000,      1.3911,     42.4601,    246.1092,     61.9364,      3.4953,      0.0300,     -0.0020,      7.9510,      0.1594,      5.5281,     11.0562,      1.4084,     28.4158,     56.8317,      0.0190,      0.0045,      0.0219,      0.2021,   7639.5459,-442969.5312,   -915.1924,    544.0584,  25465.1543,
       1,     167,     233,      18,       1,       3,       1,     10.0000,      1.3911,     42.4601,    246.1092,     61.9364,      3.4953,      0.0609,      0.0297,     21.2254,      0.1375,      5.5281,     11.0562,      1.2146,     28.4158,     56.8317,      0.0190,      0.0040,      0.0664,      0.2021,   7639.5464,-429231.3438,   -913.0934,    544.9940,  25465.1543,
       1,     167,     233,      19,       1,       3,       1,     10.0000,      1.3911,     42.4601,    246.1092,     61.9364,      3.4953,      0.0421,      0.0108,     11.4003,      0.1394,      5.5281,     11.0562,      1.2319,     28.4158,     56.8317,      0.0190,      0.0035,      0.0401,      0.2021,   7639.5464,-444735.5312,   -916.7742,    543.9386,  25465.1543,
       1,     167,     233,      20,       1,       3,       1,     10.0000,      1.3911,     42.4601,    246.1092,     61.9364,      3.4953,      0.0090,     -0.0226,      4.5019,      0.1478,      5.5281,     11.0562,      1.3062,     28.4158,     56.8317,      0.0190,      0.0036,      0.0156,      0.2021,   7639.5464,-433716.7812,   -915.4639,    544.6888,  25465.1523,
       1,     167,     233,      21,       1,       3,       1,     10.0000,      1.3911,     42.4601,    246.1092,     61.9364,      3.4953,      0.0000,     -0.0314,      3.1738,      0.1410,      5.5281,     11.0562,      1.2457,     28.4158,     56.8317,      0.0190,      0.0025,      0.0156,      0.2021,   7639.5459,-424105.7812,   -914.2146,    545.3436,  25465.1543,
       1,     167,     233,      22,       1,       3,       1,     10.0000,      1.3911,     42.4601,    246.1092,     61.9364,      3.4953,      0.0000,     -0.0313,      0.9499,      0.1391,      5.5281,     11.0562,      1.2294,     28.4158,     56.8317,      0.0190,      0.0008,      0.0156,      0.2022,   7639.5464,-421614.5625,   -911.0090,    545.5139,  25465.1523,
       1,     167,     233,      23,       1,       3,       1,     10.0000,      1.3911,     42.4601,    246.1092,     61.9364,      3.4953,      0.0000,     -0.0314,      2.0955,      0.1404,      5.5281,     11.0562,      1.2407,     28.4158,     56.8317,      0.0190,      0.0017,      0.0156,      0.2022,   7639.5459,-418606.6250,   -910.3647,    545.7191,  25465.1523,
       1,     167,     233,      24,       1,       3,       1,     10.0000,      1.3911,     42.4601,    246.1092,     61.9364,      3.4953,      0.0000,     -0.0313,      1.7509,      0.1380,      5.5281,     11.0562,      1.2195,     28.4158,     56.8317,      0.0190,      0.0014,      0.0156,      0.2022,   7639.5459,-419788.2500,   -910.6234,    545.6384,  25465.1543,
       1,     167,     234,       1,       1,       3,       1,     10.0000,      1.3911,     42.4605,    246.1151,     61.9378,      3.4953,      0.0000,     -0.0309,      1.3162,      0.1279,      5.5284,     11.0567,      1.1302,     28.4060,     56.8120,      0.0190,      0.0010,      0.0156,      0.2022,   7639.5464,-419612.7500,   -911.0543,    545.6635,  25466.3008,
       1,     167,     234,       2,       1,       3,       1,     10.0000,      1.3911,     42.4605,    246.1151,     61.9378,      3.4953,      0.0000,     -0.0308,      0.6343,      0.1247,      5.5284,     11.0567,      1.1018,     28.4060,     56.8120,      0.0190,      0.0005,      0.0156,      0.2022,   7639.8906,-418897.8125,   -910.4897,    545.7122,  25466.3008,
       1,     167,     234,       3,       1,       3,       1,     10.0000,      1.3911,     42.4605,    246.1151,     61.9378,      3.4953,      0.0000,     -0.0307,      0.4096,      0.1236,      5.5284,     11.0567,      1.0918,     28.4060,     56.8120,      0.0190,      0.0003,      0.0156,      0.2022,   7639.8906,-417980.0312,   -910.3728,    545.7748,  25466.3008,
       1,     167,     234,       4,       1,       3,       1,     10.0000,      1.3911,     42.4605,    246.1151,     61.9378,      3.4953,      0.0000,     -0.0307,      0.2935,      0.1234,      5.5284,     11.0567,      1.0907,     28.4060,     56.8120,      0.0190,      0.0002,      0.0156,      0.2022,   7639.8906,-417619.1562,   -910.3253,    545.7994,  25466.2988,
       1,     167,     234,       5,       1,       3,       1,     10.0000,      1.3911,     42.4605,    246.1151,     61.9378,      3.4953,      0.0000,     -0.0307,      0.3032,      0.1227,      5.5284,     11.0567,      1.0840,     28.4060,     56.8120,      0.0190,      0.0002,      0.0156,      0.2022,   7639.8901,-417442.7188,   -910.2964,    545.8115,  25466.3008,
       1,     167,     234,       6,       1,       3,       1,     10.0000,      1.3911,     42.4605,    246.1151,     61.9378,      3.4953,      0.0000,     -0.0307,      0.6439,      0.1225,      5.5284,     11.0567,      1.0829,     28.4060,     56.8120,      0.0190,      0.0005,      0.0156,      0.2022,   7639.8906,-417439.4688,   -910.2975,    545.8117,  25466.3008,
       1,     167,     234,       7,       1,       3,       1,     10.0000,      1.3911,     42.4605,    246.1151,     61.9378,      3.4953,      0.0000,     -0.0308,      0.7312,      0.1251,      5.5284,     11.0567,      1.1052,     28.4060,     56.8120,      0.0190,      0.0006,      0.0156,      0.2022,   7639.8906,-417867.0625,   -910.4026,    545.7825,  25466.2988,
       1,     167,     234,       8,       1,       3,       1,     10.0000,      1.3911,     42.4605,    246.1151,     61.9378,      3.4953,      0.0040,     -0.0270,      0.5640,      0.1292,      5.5284,     11.0567,      1.1418,     28.4060,     56.8120,      0.0190,      0.0004,      0.0156,      0.2022,   7639.8901,-418013.8125,   -910.4697,    545.7725,  25466.3008,
       1,     167,     234,       9,       1,       3,       1,     10.0000,      1.3911,     42.4605,    246.1151,     61.9378,      3.4953,      0.0506,      0.0195,      2.1830,      0.1352,      5.5284,     11.0567,      1.1951,     28.4060,     56.8120,      0.0190,      0.0005,      0.0536,      0.2022,   7639.8906,-417815.9688,   -910.4791,    545.7860,  25466.2988,
       1,     167,     234,      10,       1,       3,       1,     10.0000,      1.3911,     42.4605,    246.1151,     61.9378,      3.4953,      0.1231,      0.0916,      4.8550,      0.1456,      5.5284,     11.0567,      1.2866,     28.4060,     56.8120,      0.0190,      0.0004,      0.1588,      0.2022,   7639.8901,-419833.0625,   -911.0881,    545.6484,  25466.3027,
       1,     167,     234,      11,       1,       3,       1,     10.0000,      1.3911,     42.4605,    246.1151,     61.9378,      3.4953,      0.1619,      0.1296,      7.0295,      0.1666,      5.5284,     11.0567,      1.4718,     28.4060,     56.8120,      0.0190,      0.0004,      0.2153,      0.2022,   7639.8911,-423361.9375,   -912.3742,    545.4077,  25466.2988,
       1,     167,     234,      12,       1,       3,       1,     10.0000,      1.3911,     42.4605,    246.1151,     61.9378,      3.4953,      0.1859,      0.1534,     11.1350,      0.1732,      5.5284,     11.0567,      1.5302,     28.4060,     56.8120,      0.0190,      0.0006,      0.2500,      0.2022,   7639.8901,-426396.7188,   -914.1454,    545.2009,  25466.3008,
       1,     167,     234,      13,       1,       3,       1,     10.0000,      1.3911,     42.4605,    246.1151,     61.9378,      3.4953,      0.1860,      0.1529,     15.2158,      0.1949,      5.5284,     11.0567,      1.7221,     28.4060,     56.8120,      0.0190,      0.0008,      0.2500,      0.2022,   7639.8906,-431814.0938,   -917.3481,    544.8317,  25466.3008,
       1,     167,     234,      14,       1,       3,       1,     10.0000,      1.3911,     42.4605,    246.1151,     61.9378,      3.4953,      0.1862,      0.1532,     16.4711,      0.1884,      5.5284,     11.0567,      1.6651,     28.4060,     56.8120,      0.0190,      0.0008,      0.2500,      0.2022,   7639.8906,-437405.5625,   -920.0395,    544.4511,  25466.3008,
       1,     167,     234,      15,       1,       3,       1,     10.0000,      1.3911,     42.4605,    246.1151,     61.9378,      3.4953,      0.1866,      0.1537,     21.5928,      0.1866,      5.5284,     11.0567,      1.6487,     28.4060,     56.8120,      0.0190,      0.0011,      0.2500,      0.2022,   7639.8906,-439461.5312,   -922.1305,    544.3112,  25466.2988,
       1,     167,     234,      16,       1,       3,       1,     10.0000,      1.3911,     42.4605,    246.1151,     61.9378,      3.4953,      0.1881,      0.1550,     41.1255,      0.1934,      5.5284,     11.0567,      1.7085,     28.4060,     56.8120,      0.0190,      0.0020,      0.2500,      0.2022,   7639.8901,-446073.5625,   -924.2108,    543.8614,  25466.3008,
       1,     167,     234,      17,       1,       3,       1,     10.0000,      1.3911,     42.4605,    246.1151,     61.9378,      3.4953,      0.1224,      0.0893,     30.9402,      0.1949,      5.5284,     11.0567,      1.7221,     28.4060,     56.8120,      0.0190,      0.0025,      0.1544,      0.2022,   7639.8906,-471185.5000,   -929.8134,    542.1544,  25466.3008,
       1,     167,     234,      18,       1,       3,       1,     10.0000,      1.3911,     42.4605,    246.1151,     61.9378,      3.4953,      0.0268,     -0.0062,      4.9188,      0.1886,      5.5284,     11.0567,      1.6668,     28.4060,     56.8120,      0.0190,      0.0037,      0.0165,      0.2021,   7639.8906,-460536.3750,   -928.3025,    542.8788,  25466.3008,
       1,     167,     234,      19,       1,       3,       1,     10.0000,      1.3911,     42.4605,    246.1151,     61.9378,      3.4953,      0.0198,     -0.0131,      1.9358,      0.1853,      5.5284,     11.0567,      1.6373,     28.4060,     56.8120,      0.0190,      0.0036,      0.0066,      0.2021,   7639.8906,-426917.1875,   -922.3522,    545.1606,  25466.3008,
       1,     167,     234,      20,       1,       3,       1,     10.0000,      1.3911,     42.4605,    246.1151,     61.9378,      3.4953,      0.0091,     -0.0234,      4.0636,      0.1733,      5.5284,     11.0567,      1.5318,     28.4060,     56.8120,      0.0190,      0.0032,      0.0156,      0.2022,   7639.8906,-420307.6562,   -921.3271,    545.6158,  25466.3008,
       1,     167,     234,      21,       1,       3,       1,     10.0000,      1.3911,     42.4605,    246.1151,     61.9378,      3.4953,      0.0000,     -0.0320,      4.4739,      0.1578,      5.5284,     11.0567,      1.3944,     28.4060,     56.8120,      0.0190,      0.0036,      0.0156,      0.2022,   7639.8906,-422408.9375,   -921.8871,    545.4728,  25466.3008,
       1,     167,     234,      22,       1,       3,       1,     10.0000,      1.3911,     42.4605,    246.1151,     61.9378,      3.4953,      0.0000,     -0.0318,      4.3108,      0.1522,      5.5284,     11.0567,      1.3449,     28.4060,     56.8120,      0.0190,      0.0034,      0.0156,      0.2022,   7639.8906,-423104.0625,   -922.1854,    545.4254,  25466.3008,
       1,     167,     234,      23,       1,       3,       1,     10.0000,      1.3911,     42.4605,    246.1151,     61.9378,      3.4953,      0.0000,     -0.0317,      3.9887,      0.1504,      5.5284,     11.0567,      1.3288,     28.4060,     56.8120,      0.0190,      0.0032,      0.0156,      0.2022,   7639.8906,-422958.7812,   -922.2820,    545.4352,  25466.3008,
       1,     167,     234,      24,       1,       3,       1,     10.0000,      1.3911,     42.4605,    246.1151,     61.9378,      3.4953,      0.0000,     -0.0317,      3.8899,      0.1510,      5.5284,     11.0567,      1.3341,     28.4060,     56.8120,      0.0190,      0.0031,      0.0156,      0.2022,   7639.8906,-422541.7812,   -922.3054,    545.4637,  25466.3027,
       1,     167,     235,       1,       1,       3,       1,     10.0000,      1.3911,     42.4608,    246.1209,     61.9393,      3.4953,      0.0000,     -0.0317,      3.2174,      0.1502,      5.5288,     11.0576,      1.3275,     28.4027,     56.8054,      0.0190,      0.0026,      0.0156,      0.2022,   7639.8911,-422537.5625,   -922.6476,    545.4769,  25467.4473,
       1,     167,     235,       2,       1,       3,       1,     10.0000,      1.3911,     42.4608,    246.1209,     61.9393,      3.4953,      0.0000,     -0.0317,      2.2172,      0.1496,      5.5288,     11.0576,      1.3221,     28.4027,     56.8054,      0.0190,      0.0018,      0.0156,      0.2022,   7640.2344,-421539.2188,   -922.2889,    545.5450,  25467.4473,
       1,     167,     235,       3,       1,       3,       1,     10.0000,      1.3911,     42.4608,    246.1209,     61.9393,      3.4953,      0.0000,     -0.0317,      1.4760,      0.1492,      5.5288,     11.0576,      1.3181,     28.4027,     56.8054,      0.0190,      0.0012,      0.0156,      0.2022,   7640.2344,-420197.3125,   -922.1021,    545.6365,  25467.4453,
       1,     167,     235,       4,       1,       3,       1,     10.0000,      1.3911,     42.4608,    246.1209,     61.9393,      3.4953,      0.0000,     -0.0317,      1.1978,      0.1486,      5.5288,     11.0576,      1.3128,     28.4027,     56.8054,      0.0190,      0.0010,      0.0156,      0.2022,   7640.2339,-419151.9062,   -921.9415,    545.7079,  25467.4453,
       1,     167,     235,       5,       1,       3,       1,     10.0000,      1.3911,     42.4608,    246.1209,     61.9393,      3.4953,      0.0000,     -0.0316,      1.0998,      0.1462,      5.5288,     11.0576,      1.2918,     28.4027,     56.8054,      0.0190,      0.0009,      0.0156,      0.2022,   7640.2339,-418712.7188,   -921.8900,    545.7378,  25467.4453,
       1,     167,     235,       6,       1,       3,       1,     10.0000,      1.3911,     42.4608,    246.1209,     61.9393,      3.4953,      0.0000,     -0.0315,      0.8570,      0.1440,      5.5288,     11.0576,      1.2725,     28.4027,     56.8054,      0.0190,      0.0007,      0.0156,      0.2022,   7640.2339,-418552.0625,   -921.8896,    545.7488,  25467.4453,
       1,     167,     235,       7,       1,       3,       1,     10.0000,      1.3911,     42.4608,    246.1209,     61.9393,      3.4953,      0.0000,     -0.0315,      0.8476,      0.1431,      5.5288,     11.0576,      1.2648,     28.4027,     56.8054,      0.0190,      0.0007,      0.0156,      0.2022,   7640.2339,-418233.2188,   -920.9259,    545.7705,  25467.4453,
       1,     167,     235,       8,       1,       3,       1,     10.0000,      1.3911,     42.4608,    246.1209,     61.9393,      3.4953,      0.0035,     -0.0278,      0.8668,      0.1403,      5.5288,     11.0576,      1.2395,     28.4027,     56.8054,      0.0190,      0.0007,      0.0156,      0.2022,   7640.2339,-418194.1562,   -920.9436,    545.7731,  25467.4473,
       1,     167,     235,       9,       1,       3,       1,     10.0000,      1.3911,     42.4608,    246.1209,     61.9393,      3.4953,      0.0455,      0.0137,      2.6018,      0.1540,      5.5288,     11.0576,      1.3612,     28.4027,     56.8054,      0.0190,      0.0007,      0.0455,      0.2022,   7640.2344,-418214.6875,   -918.1631,    545.7717,  25467.4473,
       1,     167,     235,      10,       1,       3,       1,     10.0000,      1.3911,     42.4608,    246.1209,     61.9393,      3.4953,      0.1203,      0.0881,      7.8695,      0.1644,      5.5288,     11.0576,      1.4529,     28.4027,     56.8054,      0.0190,      0.0006,      0.1542,      0.2022,   7640.2344,-420395.5938,   -918.6990,    545.6230,  25467.4473,
       1,     167,     235,      11,       1,       3,       1,     10.0000,      1.3911,     42.4608,    246.1209,     61.9393,      3.4953,      0.1336,      0.1015,      6.1129,      0.1615,      5.5288,     11.0576,      1.4269,     28.4027,     56.8054,      0.0190,      0.0004,      0.1738,      0.2022,   7640.2344,-427198.8750,   -912.4464,    545.1589,  25467.4453,
       1,     167,     235,      12,       1,       3,       1,     10.0000,      1.3911,     42.4608,    246.1209,     61.9393,      3.4953,      0.1520,      0.1203,      6.7697,      0.1508,      5.5288,     11.0576,      1.3328,     28.4027,     56.8054,      0.0190,      0.0004,      0.2008,      0.2022,   7640.2339,-425576.2188,   -912.1724,    545.2698,  25467.4453,
       1,     167,     235,      13,       1,       3,       1,     10.0000,      1.3911,     42.4608,    246.1209,     61.9393,      3.4953,      0.1765,      0.1438,      9.2613,      0.1790,      5.5288,     11.0576,      1.5814,     28.4027,     56.8054,      0.0190,      0.0005,      0.2365,      0.2022,   7640.2339,-426261.8438,   -912.2840,    545.2231,  25467.4434,
       1,     167,     235,      14,       1,       3,       1,     10.0000,      1.3911,     42.4608,    246.1209,     61.9393,      3.4953,      0.1859,      0.1525,     20.1115,      0.2021,      5.5288,     11.0576,      1.7863,     28.4027,     56.8054,      0.0190,      0.0010,      0.2493,      0.2022,   7640.2334,-429450.5000,   -913.9672,    545.0057,  25467.4453,
       1,     167,     235,      15,       1,       3,       1,     10.0000,      1.3911,     42.4608,    246.1209,     61.9393,      3.4953,      0.1823,      0.1488,     31.4613,      0.2027,      5.5288,     11.0576,      1.7915,     28.4027,     56.8054,      0.0190,      0.0016,      0.2426,      0.2022,   7640.2339,-443353.7188,   -917.9711,    544.0586,  25467.4434,
       1,     167,     235,      16,       1,       3,       1,     10.0000,      1.3911,     42.4608,    246.1209,     61.9393,      3.4953,      0.1791,      0.1471,     16.6242,      0.1572,      5.5288,     11.0576,      1.3888,     28.4027,     56.8054,      0.0190,      0.0009,      0.2392,      0.2022,   7640.2334,-458807.0000,   -919.0391,    543.0085,  25467.4434,
       1,     167,     235,      17,       1,       3,       1,     10.0000,      1.3911,     42.4608,    246.1209,     61.9393,      3.4953,      0.1553,      0.1238,     21.6923,      0.1441,      5.5288,     11.0576,      1.2737,     28.4027,     56.8054,      0.0190,      0.0013,      0.2039,      0.2022,   7640.2334,-441484.1250,   -915.2626,    544.1853,  25467.4453,
       1,     167,     235,      18,       1,       3,       1,     10.0000,      1.3911,     42.4608,    246.1209,     61.9393,      3.4953,      0.1086,      0.0772,     22.2153,      0.1416,      5.5288,     11.0576,      1.2508,     28.4027,     56.8054,      0.0190,      0.0020,      0.1356,      0.2022,   7640.2339,-446372.8125,   -916.0984,    543.8540,  25467.4453,
       1,     167,     235,      19,       1,       3,       1,     10.0000,      1.3911,     42.4608,    246.1209,     61.9393,      3.4953,      0.0574,      0.0256,     14.5956,      0.1508,      5.5288,     11.0576,      1.3328,     28.4027,     56.8054,      0.0190,      0.0029,      0.0615,      0.2022,   7640.2339,-447447.0938,   -916.1558,    543.7811,  25467.4473,
       1,     167,     235,      20,       1,       3,       1,     10.0000,      1.3911,     42.4608,    246.1209,     61.9393,      3.4953,      0.0110,     -0.0209,      4.0098,      0.1550,      5.5288,     11.0576,      1.3695,     28.4027,     56.8054,      0.0190,      0.0032,      0.0156,      0.2022,   7640.2344,-437964.0312,   -915.1046,    544.4257,  25467.4453,
       1,     167,     235,      21,       1,       3,       1,     10.0000,      1.3911,     42.4608,    246.1209,     61.9393,      3.4953,      0.0000,     -0.0318,      2.0518,      0.1517,      5.5288,     11.0576,      1.3409,     28.4027,     56.8054,      0.0190,      0.0016,      0.0156,      0.2022,   7640.2339,-423854.5312,   -913.0294,    545.3863,  25467.4453,
       1,     167,     235,      22,       1,       3,       1,     10.0000,      1.3911,     42.4608,    246.1209,     61.9393,      3.4953,      0.0000,     -0.0317,      0.7300,      0.1507,      5.5288,     11.0576,      1.3315,     28.4027,     56.8054,      0.0190,      0.0006,      0.0156,      0.2022,   7640.2339,-420189.3125,   -912.6008,    545.6370,  25467.4473,
       1,     167,     235,      23,       1,       3,       1,     10.0000,      1.3911,     42.4608,    246.1209,     61.9393,      3.4953,      0.0000,     -0.0319,      0.4768,      0.1554,      5.5288,     11.0576,      1.3736,     28.4027,     56.8054,      0.0190,      0.0004,      0.0156,      0.2022,   7640.2344,-418213.6562,   -912.2965,    545.7717,  25467.4434,
       1,     167,     235,      24,       1,       3,       1,     10.0000,      1.3911,     42.4608,    246.1209,     61.9393,      3.4953,      0.0000,     -0.0320,      0.4742,      0.1572,      5.5288,     11.0576,      1.3888,     28.4027,     56.8054,      0.0190,      0.0004,      0.0156,      0.2022,   7640.2334,-417727.1875,   -912.2243,    545.8050,  25467.4473,
       1,     167,     236,       1,       1,       3,       1,     10.0000,      1.3912,     42.4611,    246.1267,     61.9408,      3.4953,      0.0000,     -0.0319,      0.4717,      0.1564,      5.5284,     11.0568,      1.3819,     28.4008,     56.8016,      0.0190,      0.0004,      0.0156,      0.2022,   7640.2344,-417837.7188,   -912.5163,    545.8105,  25468.5898,
       1,     167,     236,       2,       1,       3,       1,     10.0000,      1.3912,     42.4611,    246.1267,     61.9408,      3.4953,      0.0000,     -0.0318,      0.9083,      0.1541,      5.5284,     11.0568,      1.3613,     28.4008,     56.8016,      0.0190,      0.0007,      0.0156,      0.2022,   7640.5771,-417690.9062,   -912.2484,    545.8205,  25468.5898,
       1,     167,     236,       3,       1,       3,       1,     10.0000,      1.3912,     42.4611,    246.1267,     61.9408,      3.4953,      0.0000,     -0.0317,      0.8076,      0.1502,      5.5284,     11.0568,      1.3275,     28.4008,     56.8016,      0.0190,      0.0006,      0.0156,      0.2022,   7640.5771,-418226.6562,   -910.2883,    545.7840,  25468.5898,
       1,     167,     236,       4,       1,       3,       1,     10.0000,      1.3912,     42.4611,    246.1267,     61.9408,      3.4953,      0.0000,     -0.0313,      0.7339,      0.1379,      5.5284,     11.0568,      1.2184,     28.4008,     56.8016,      0.0190,      0.0006,      0.0156,      0.2022,   7640.5771,-418146.0000,   -910.3396,    545.7894,  25468.5918,
       1,     167,     236,       5,       1,       3,       1,     10.0000,      1.3912,     42.4611,    246.1267,     61.9408,      3.4953,      0.0000,     -0.0310,      0.7457,      0.1317,      5.5284,     11.0568,      1.1641,     28.4008,     56.8016,      0.0190,      0.0006,      0.0156,      0.2022,   7640.5776,-418046.4688,   -910.2474,    545.7962,  25468.5898,
       1,     167,     236,       6,       1,       3,       1,     10.0000,      1.3912,     42.4611,    246.1267,     61.9408,      3.4953,      0.0000,     -0.0310,      0.6555,      0.1296,      5.5284,     11.0568,      1.1453,     28.4008,     56.8016,      0.0190,      0.0005,      0.0156,      0.2022,   7640.5771,-418052.9062,   -910.2545,    545.7958,  25468.5898,
       1,     167,     236,       7,       1,       3,       1,     10.0000,      1.3912,     42.4611,    246.1267,     61.9408,      3.4953,      0.0000,     -0.0309,      0.5992,      0.1283,      5.5284,     11.0568,      1.1337,     28.4008,     56.8016,      0.0190,      0.0005,      0.0156,      0.2022,   7640.5771,-417940.2500,   -910.2903,    545.8035,  25468.5898,
       1,     167,     236,       8,       1,       3,       1,     10.0000,      1.3912,     42.4611,    246.1267,     61.9408,      3.4953,      0.0049,     -0.0260,      0.4755,      0.1282,      5.5284,     11.0568,      1.1326,     28.4008,     56.8016,      0.0190,      0.0004,      0.0156,      0.2022,   7640.5771,-417859.7188,   -910.3127,    545.8090,  25468.5898,
       1,     167,     236,       9,       1,       3,       1,     10.0000,      1.3912,     42.4611,    246.1267,     61.9408,      3.4953,      0.0435,      0.0125,      1.4598,      0.1299,      5.5284,     11.0568,      1.1476,     28.4008,     56.8016,      0.0190,      0.0004,      0.0436,      0.2022,   7640.5771,-417697.5938,   -910.3224,    545.8201,  25468.5898,
       1,     167,     236,      10,       1,       3,       1,     10.0000,      1.3912,     42.4611,    246.1267,     61.9408,      3.4953,      0.0737,      0.0418,      3.2844,      0.1544,      5.5284,     11.0568,      1.3640,     28.4008,     56.8016,      0.0190,      0.0005,      0.0866,      0.2022,   7640.5771,-418919.7812,   -910.7222,    545.7367,  25468.5918,
       1,     167,     236,      11,       1,       3,       1,     10.0000,      1.3912,     42.4611,    246.1267,     61.9408,      3.4953,      0.1660,      0.1334,      9.1836,      0.1770,      5.5284,     11.0568,      1.5642,     28.4008,     56.8016,      0.0190,      0.0005,      0.2211,      0.2022,   7640.5776,-421315.7500,   -911.3926,    545.5732,  25468.5918,
       1,     167,     236,      12,       1,       3,       1,     10.0000,      1.3912,     42.4611,    246.1267,     61.9408,      3.4953,      0.1856,      0.1532,      7.4881,      0.1713,      5.5284,     11.0568,      1.5136,     28.4008,     56.8016,      0.0190,      0.0004,      0.2500,      0.2022,   7640.5776,-428930.0000,   -913.5513,    545.0540,  25468.5898,
       1,     167,     236,      13,       1,       3,       1,     10.0000,      1.3912,     42.4611,    246.1267,     61.9408,      3.4953,      0.1856,      0.1527,      8.1894,      0.1838,      5.5284,     11.0568,      1.6244,     28.4008,     56.8016,      0.0190,      0.0004,      0.2500,      0.2022,   7640.5771,-427453.4062,   -915.0570,    545.1548,  25468.5898,
       1,     167,     236,      14,       1,       3,       1,     10.0000,      1.3912,     42.4611,    246.1267,     61.9408,      3.4953,      0.1856,      0.1525,      9.7410,      0.1943,      5.5284,     11.0568,      1.7171,     28.4008,     56.8016,      0.0190,      0.0005,      0.2500,      0.2022,   7640.5771,-428207.5625,   -916.7131,    545.1035,  25468.5898,
       1,     167,     236,      15,       1,       3,       1,     10.0000,      1.3912,     42.4611,    246.1267,     61.9408,      3.4953,      0.1811,      0.1479,     37.5503,      0.1934,      5.5284,     11.0568,      1.7086,     28.4008,     56.8016,      0.0190,      0.0019,      0.2400,      0.2022,   7640.5771,-430220.9688,   -918.6514,    544.9663,  25468.5879,
       1,     167,     236,      16,       1,       3,       1,     10.0000,      1.3912,     42.4611,    246.1267,     61.9408,      3.4953,      0.1565,      0.1236,     44.5316,      0.1849,      5.5284,     11.0568,      1.6341,     28.4008,     56.8016,      0.0190,      0.0027,      0.2030,      0.2022,   7640.5767,-465324.0938,   -925.9847,    542.5750,  25468.5918,
       1,     167,     236,      17,       1,       3,       1,     10.0000,      1.3912,     42.4611,    246.1267,     61.9408,      3.4953,      0.1705,      0.1378,     39.8475,      0.1815,      5.5284,     11.0568,      1.6036,     28.4008,     56.8016,      0.0190,      0.0022,      0.2242,      0.2022,   7640.5776,-477115.9375,   -928.9025,    541.7806,  25468.5898,
       1,     167,     236,      18,       1,       3,       1,     10.0000,      1.3912,     42.4611,    246.1267,     61.9408,      3.4953,      0.1794,      0.1468,     68.2148,      0.1788,      5.5284,     11.0568,      1.5799,     28.4008,     56.8016,      0.0190,      0.0036,      0.2340,      0.2022,   7640.5771,-472230.9375,   -928.7488,    542.1119,  25468.5918,
       1,     167,     236,      19,       1,       3,       1,     10.0000,      1.3912,     42.4611,    246.1267,     61.9408,      3.4953,      0.1332,      0.1009,     55.4097,      0.1691,      5.5284,     11.0568,      1.4941,     28.4008,     56.8016,      0.0190,      0.0041,      0.1676,      0.2022,   7640.5776,-507466.8438,   -936.2275,    539.7244,  25468.5898,
       1,     167,     236,      20,       1,       3,       1,     10.0000,      1.3912,     42.4611,    246.1267,     61.9408,      3.4953,      0.0142,     -0.0177,      4.8843,      0.1559,      5.5284,     11.0568,      1.3778,     28.4008,     56.8016,      0.0190,      0.0039,      0.0156,      0.2021,   7640.5771,-494388.6250,   -934.6052,    540.6119,  25468.5898,
       1,     167,     236,      21,       1,       3,       1,     10.0000,      1.3912,     42.4611,    246.1267,     61.9408,      3.4953,      0.0000,     -0.0317,      4.3575,      0.1502,      5.5284,     11.0568,      1.3275,     28.4008,     56.8016,      0.0190,      0.0035,      0.0156,      0.2022,   7640.5771,-429743.8438,   -923.0071,    544.9811,  25468.5898,
       1,     167,     236,      22,       1,       3,       1,     10.0000,      1.3912,     42.4611,    246.1267,     61.9408,      3.4953,      0.0000,     -0.0315,      4.4670,      0.1455,      5.5284,     11.0568,      1.2854,     28.4008,     56.8016,      0.0190,      0.0035,      0.0156,      0.2022,   7640.5771,-423612.7812,   -922.1187,    545.4165,  25468.5898,
       1,     167,     236,      23,       1,       3,       1,     10.0000,      1.3912,     42.4611,    246.1267,     61.9408,      3.4953,      0.0000,     -0.0315,      4.4886,      0.1431,      5.5284,     11.0568,      1.2648,     28.4008,     56.8016,      0.0190,      0.0036,      0.0156,      0.2022,   7640.5771,-423203.4375,   -922.2780,    545.4445,  25468.5898,
       1,     167,     236,      24,       1,       3,       1,     10.0000,      1.3912,     42.4611,    246.1267,     61.9408,      3.4953,      0.0000,     -0.0315,      3.8771,      0.1444,      5.5284,     11.0568,      1.2763,     28.4008,     56.8016,      0.0190,      0.0031,      0.0156,      0.2022,   7640.5771,-423195.4375,   -922.4944,    545.4451,  25468.5898,
       1,     167,     237,       1,       1,       3,       1,     10.0000,      1.3912,     42.4615,    246.1326,     61.9422,      3.4953,      0.0000,     -0.0315,      3.1421,      0.1436,      5.5283,     11.0566,      1.2687,     28.4031,     56.8062,      0.0190,      0.0025,      0.0156,      0.2023,   7640.5771,-422582.5000,   -922.8316,    545.4998,  25469.7383,
       1,     167,     237,       2,       1,       3,       1,     10.0000,      1.3912,     42.4615,    246.1326,     61.9422,      3.4953,      0.0000,     -0.0316,      2.4227,      0.1462,      5.5283,     11.0566,      1.2919,     28.4031,     56.8062,      0.0190,      0.0019,      0.0156,      0.2023,   7640.9219,-421453.3438,   -922.4855,    545.5768,  25469.7344,
       1,     167,     237,       3,       1,       3,       1,     10.0000,      1.3912,     42.4615,    246.1326,     61.9422,      3.4953,      0.0000,     -0.0316,      2.1244,      0.1480,      5.5283,     11.0566,      1.3076,     28.4031,     56.8062,      0.0190,      0.0017,      0.0156,      0.2023,   7640.9204,-420453.6562,   -922.3962,    545.6450,  25469.7344,
       1,     167,     237,       4,       1,       3,       1,     10.0000,      1.3912,     42.4615,    246.1326,     61.9422,      3.4953,      0.0000,     -0.0314,      2.0617,      0.1421,      5.5283,     11.0566,      1.2559,     28.4031,     56.8062,      0.0190,      0.0016,      0.0156,      0.2023,   7640.9204,-419993.4375,   -922.3918,    545.6763,  25469.7363,
       1,     167,     237,       5,       1,       3,       1,     10.0000,      1.3912,     42.4615,    246.1326,     61.9422,      3.4953,      0.0000,     -0.0309,      1.2947,      0.1273,      5.5283,     11.0566,      1.1246,     28.4031,     56.8062,      0.0190,      0.0010,      0.0156,      0.2023,   7640.9214,-419875.1562,   -922.4420,    545.6844,  25469.7363,
       1,     167,     237,       6,       1,       3,       1,     10.0000,      1.3912,     42.4615,    246.1326,     61.9422,      3.4953,      0.0000,     -0.0312,      1.4845,      0.1355,      5.5283,     11.0566,      1.1976,     28.4031,     56.8062,      0.0190,      0.0012,      0.0156,      0.2023,   7640.9214,-418901.8750,   -922.3060,    545.7508,  25469.7363,
       1,     167,     237,       7,       1,       3,       1,     10.0000,      1.3912,     42.4615,    246.1326,     61.9422,      3.4953,      0.0000,     -0.0314,      1.4006,      0.1401,      5.5283,     11.0566,      1.2383,     28.4031,     56.8062,      0.0190,      0.0011,      0.0156,      0.2023,   7640.9214,-419056.8750,   -922.3834,    545.7402,  25469.7363,
       1,     167,     237,       8,       1,       3,       1,     10.0000,      1.3912,     42.4615,    246.1326,     61.9422,      3.4953,      0.0101,     -0.0212,      1.5296,      0.1365,      5.5283,     11.0566,      1.2061,     28.4031,     56.8062,      0.0190,      0.0012,      0.0156,      0.2023,   7640.9214,-418964.7188,   -922.4117,    545.7465,  25469.7363,
       1,     167,     237,       9,       1,       3,       1,     10.0000,      1.3912,     42.4615,    246.1326,     61.9422,      3.4953,      0.0616,      0.0306,      4.1820,      0.1324,      5.5283,     11.0566,      1.1700,     28.4031,     56.8062,      0.0190,      0.0007,      0.0695,      0.2023,   7640.9214,-419118.8125,   -921.4803,    545.7360,  25469.7363,
       1,     167,     237,      10,       1,       3,       1,     10.0000,      1.3912,     42.4615,    246.1326,     61.9422,      3.4953,      0.1068,      0.0762,      5.4704,      0.1212,      5.5283,     11.0566,      1.0709,     28.4031,     56.8062,      0.0190,      0.0005,      0.1353,      0.2023,   7640.9214,-422462.7188,   -919.2014,    545.5079,  25469.7363,
       1,     167,     237,      11,       1,       3,       1,     10.0000,      1.3912,     42.4615,    246.1326,     61.9422,      3.4953,      0.1685,      0.1374,     12.6550,      0.1332,      5.5283,     11.0566,      1.1772,     28.4031,     56.8062,      0.0190,      0.0007,      0.2241,      0.2023,   7640.9214,-424367.1875,   -911.6094,    545.3781,  25469.7363,
       1,     167,     237,      12,       1,       3,       1,     10.0000,      1.3912,     42.4615,    246.1326,     61.9422,      3.4953,      0.1868,      0.1547,     26.1547,      0.1607,      5.5283,     11.0566,      1.4199,     28.4031,     56.8062,      0.0190,      0.0013,      0.2495,      0.2023,   7640.9214,-433552.8750,   -913.7853,    544.7519,  25469.7363,
       1,     167,     237,      13,       1,       3,       1,     10.0000,      1.3912,     42.4615,    246.1326,     61.9422,      3.4953,      0.1869,      0.1548,     23.5525,      0.1623,      5.5283,     11.0566,      1.4342,     28.4031,     56.8062,      0.0190,      0.0012,      0.2500,      0.2022,   7640.9214,-451295.7812,   -918.5192,    543.5441,  25469.7383,
       1,     167,     237,      14,       1,       3,       1,     10.0000,      1.3912,     42.4615,    246.1326,     61.9422,      3.4953,      0.1860,      0.1547,     10.0016,      0.1407,      5.5283,     11.0566,      1.2433,     28.4031,     56.8062,      0.0190,      0.0005,      0.2500,      0.2022,   7640.9219,-449547.9062,   -920.2155,    543.6642,  25469.7344,
       1,     167,     237,      15,       1,       3,       1,     10.0000,      1.3912,     42.4615,    246.1326,     61.9422,      3.4953,      0.1865,      0.1555,     15.2721,      0.1311,      5.5283,     11.0566,      1.1582,     28.4031,     56.8062,      0.0190,      0.0008,      0.2500,      0.2022,   7640.9204,-432373.5000,   -914.5107,    544.8313,  25469.7363,
       1,     167,     237,      16,       1,       3,       1,     10.0000,      1.3912,     42.4615,    246.1326,     61.9422,      3.4953,      0.1869,      0.1561,     19.6351,      0.1266,      5.5283,     11.0566,      1.1189,     28.4031,     56.8062,      0.0190,      0.0010,      0.2500,      0.2022,   7640.9214,-437527.5312,   -915.8835,    544.4815,  25469.7344,
       1,     167,     237,      17,       1,       3,       1,     10.0000,      1.3912,     42.4615,    246.1326,     61.9422,      3.4953,      0.1553,      0.1244,     28.4572,      0.1269,      5.5283,     11.0566,      1.1211,     28.4031,     56.8062,      0.0190,      0.0017,      0.2030,      0.2022,   7640.9204,-443447.7812,   -916.1137,    544.0787,  25469.7363,
       1,     167,     237,      18,       1,       3,       1,     10.0000,      1.3912,     42.4615,    246.1326,     61.9422,      3.4953,      0.1308,      0.1000,     21.3412,      0.1256,      5.5283,     11.0566,      1.1098,     28.4031,     56.8062,      0.0190,      0.0016,      0.1682,      0.2022,   7640.9214,-455036.3125,   -917.8535,    543.2908,  25469.7344,
       1,     167,     237,      19,       1,       3,       1,     10.0000,      1.3912,     42.4615,    246.1326,     61.9422,      3.4953,      0.0855,      0.0547,     12.0083,      0.1237,      5.5283,     11.0566,      1.0930,     28.4031,     56.8062,      0.0190,      0.0014,      0.1035,      0.2022,   7640.9204,-447088.5938,   -916.1430,    543.8311,  25469.7344,
       1,     167,     237,      20,       1,       3,       1,     10.0000,      1.3912,     42.4615,    246.1326,     61.9422,      3.4953,      0.0152,     -0.0156,      0.2739,      0.1234,      5.5283,     11.0566,      1.0907,     28.4031,     56.8062,      0.0190,      0.0012,      0.0028,      0.2022,   7640.9204,-434684.9062,   -914.4413,    544.6745,  25469.7363,
       1,     167,     237,      21,       1,       3,       1,     10.0000,      1.3912,     42.4615,    246.1326,     61.9422,      3.4953,      0.0000,     -0.0307,      0.5638,      0.1219,      5.5283,     11.0566,      1.0775,     28.4031,     56.8062,      0.0190,      0.0004,      0.0156,      0.2022,   7640.9214,-418887.0000,   -911.8104,    545.7507,  25469.7363,
       1,     167,     237,      22,       1,       3,       1,     10.0000,      1.3912,     42.4615,    246.1326,     61.9422,      3.4953,      0.0000,     -0.0305,      0.4576,      0.1191,      5.5283,     11.0566,      1.0525,     28.4031,     56.8062,      0.0190,      0.0004,      0.0156,      0.2023,   7640.9214,-417900.7812,   -911.6719,    545.8191,  25469.7363,
       1,     167,     237,      23,       1,       3,       1,     10.0000,      1.3912,     42.4615,    246.1326,     61.9422,      3.4953,      0.0000,     -0.0305,      0.5578,      0.1187,      5.5283,     11.0566,      1.0492,     28.4031,     56.8062,      0.0190,      0.0004,      0.0156,      0.2023,   7640.9214,-417681.5625,   -911.6581,    545.8341,  25469.7363,
       1,     167,     237,      24,       1,       3,       1,     10.0000,      1.3912,     42.4615,    246.1326,     61.9422,      3.4953,      0.0000,     -0.0306,      0.5925,      0.1209,      5.5283,     11.0566,      1.0687,     28.4031,     56.8062,      0.0190,      0.0005,      0.0156,      0.2023,   7640.9214,-417788.6250,   -911.7142,    545.8268,  25469.7344,
       1,     167,     238,       1,       1,       3,       1,     10.0000,      1.3912,     42.4618,    246.1384,     61.9437,      3.4953,      0.0000,     -0.0307,      0.5951,      0.1238,      5.5283,     11.0566,      1.0941,     28.4056,     56.8112,      0.0190,      0.0005,      0.0156,      0.2023,   7640.9204,-417997.6250,   -912.0544,    545.8253,  25470.8809,
       1,     167,     238,       2,       1,       3,       1,     10.0000,      1.3912,     42.4618,    246.1384,     61.9437,      3.4953,      0.0000,     -0.0309,      0.6233,      0.1283,      5.5283,     11.0566,      1.1338,     28.4056,     56.8112,      0.0190,      0.0005,      0.0156,      0.2023,   7641.2646,-417865.5312,   -911.8106,    545.8343,  25470.8828,
       1,     167,     238,       3,       1,       3,       1,     10.0000,      1.3912,     42.4618,    246.1384,     61.9437,      3.4953,      0.0000,     -0.0310,      1.2438,      0.1296,      5.5283,     11.0566,      1.1454,     28.4056,     56.8112,      0.0190,      0.0010,      0.0156,      0.2023,   7641.2651,-417889.5625,   -911.8496,    545.8326,  25470.8848,
       1,     167,     238,       4,       1,       3,       1,     10.0000,      1.3912,     42.4618,    246.1384,     61.9437,      3.4953,      0.0000,     -0.0310,      1.4181,      0.1301,      5.5283,     11.0566,      1.1500,     28.4056,     56.8112,      0.0190,      0.0011,      0.0156,      0.2023,   7641.2656,-418670.5000,   -912.0842,    545.7794,  25470.8828,
       1,     167,     238,       5,       1,       3,       1,     10.0000,      1.3912,     42.4618,    246.1384,     61.9437,      3.4953,      0.0000,     -0.0309,      1.4272,      0.1288,      5.5283,     11.0566,      1.1384,     28.4056,     56.8112,      0.0190,      0.0011,      0.0156,      0.2023,   7641.2651,-418956.4062,   -912.2420,    545.7599,  25470.8828,
       1,     167,     238,       6,       1,       3,       1,     10.0000,      1.3912,     42.4618,    246.1384,     61.9437,      3.4953,      0.0000,     -0.0310,      1.2048,      0.1307,      5.5283,     11.0566,      1.1547,     28.4056,     56.8112,      0.0190,      0.0010,      0.0156,      0.2023,   7641.2651,-418992.3125,   -912.3183,    545.7574,  25470.8828,
       1,     167,     238,       7,       1,       3,       1,     10.0000,      1.3912,     42.4618,    246.1384,     61.9437,      3.4953,      0.0000,     -0.0310,      1.1426,      0.1298,      5.5283,     11.0566,      1.1465,     28.4056,     56.8112,      0.0190,      0.0009,      0.0156,      0.2023,   7641.2651,-418716.1250,   -912.3480,    545.7763,  25470.8828,
       1,     167,     238,       8,       1,       3,       1,     10.0000,      1.3912,     42.4618,    246.1384,     61.9437,      3.4953,      0.0059,     -0.0250,      1.0091,      0.1286,      5.5283,     11.0566,      1.1361,     28.4056,     56.8112,      0.0190,      0.0008,      0.0156,      0.2023,   7641.2651,-418614.3125,   -912.4198,    545.7832,  25470.8828,
       1,     167,     238,       9,       1,       3,       1,     10.0000,      1.3912,     42.4618,    246.1384,     61.9437,      3.4953,      0.0594,      0.0281,      3.0373,      0.1389,      5.5283,     11.0566,      1.2271,     28.4056,     56.8112,      0.0190,      0.0006,      0.0662,      0.2023,   7641.2651,-418438.0625,   -912.4860,    545.7953,  25470.8848,
       1,     167,     238,      10,       1,       3,       1,     10.0000,      1.3912,     42.4618,    246.1384,     61.9437,      3.4953,      0.1173,      0.0851,      6.4465,      0.1631,      5.5283,     11.0566,      1.4414,     28.4056,     56.8112,      0.0190,      0.0005,      0.1499,      0.2023,   7641.2656,-420969.2812,   -913.1755,    545.6226,  25470.8828,
       1,     167,     238,      11,       1,       3,       1,     10.0000,      1.3912,     42.4618,    246.1384,     61.9437,      3.4953,      0.1557,      0.1231,     10.9184,      0.1754,      5.5283,     11.0566,      1.5503,     28.4056,     56.8112,      0.0190,      0.0007,      0.2056,      0.2023,   7641.2651,-425466.8750,   -914.4999,    545.3159,  25470.8828,
       1,     167,     238,      12,       1,       3,       1,     10.0000,      1.3912,     42.4618,    246.1384,     61.9437,      3.4953,      0.1747,      0.1422,     10.4110,      0.1748,      5.5283,     11.0566,      1.5442,     28.4056,     56.8112,      0.0190,      0.0006,      0.2337,      0.2023,   7641.2651,-431467.6250,   -916.2833,    544.9069,  25470.8828,
       1,     167,     238,      13,       1,       3,       1,     10.0000,      1.3912,     42.4618,    246.1384,     61.9437,      3.4953,      0.1859,      0.1555,      6.1518,      0.1171,      5.5283,     11.0566,      1.0344,     28.4056,     56.8112,      0.0190,      0.0003,      0.2500,      0.2023,   7641.2651,-431344.5938,   -917.2906,    544.9154,  25470.8828,
       1,     167,     238,      14,       1,       3,       1,     10.0000,      1.3912,     42.4618,    246.1384,     61.9437,      3.4953,      0.1867,      0.1567,     16.8914,      0.1076,      5.5283,     11.0566,      0.9509,     28.4056,     56.8112,      0.0190,      0.0008,      0.2498,      0.2023,   7641.2651,-425985.1562,   -912.3943,    545.2805,  25470.8828,
       1,     167,     238,      15,       1,       3,       1,     10.0000,      1.3912,     42.4618,    246.1384,     61.9437,      3.4953,      0.1805,      0.1505,     38.8359,      0.1072,      5.5283,     11.0566,      0.9470,     28.4056,     56.8112,      0.0190,      0.0020,      0.2383,      0.2023,   7641.2651,-439012.3438,   -915.7421,    544.3927,  25470.8828,
       1,     167,     238,      16,       1,       3,       1,     10.0000,      1.3912,     42.4618,    246.1384,     61.9437,      3.4953,      0.1060,      0.0759,     27.6705,      0.1093,      5.5283,     11.0566,      0.9657,     28.4056,     56.8112,      0.0190,      0.0026,      0.1318,      0.2023,   7641.2651,-467690.3125,   -920.2426,    542.4419,  25470.8828,
       1,     167,     238,      17,       1,       3,       1,     10.0000,      1.3912,     42.4618,    246.1384,     61.9437,      3.4953,      0.1720,      0.1418,     46.1234,      0.1125,      5.5283,     11.0566,      0.9939,     28.4056,     56.8112,      0.0190,      0.0025,      0.2252,      0.2022,   7641.2651,-456122.8438,   -917.7931,    543.2297,  25470.8848,
       1,     167,     238,      18,       1,       3,       1,     10.0000,      1.3912,     42.4618,    246.1384,     61.9437,      3.4953,      0.1203,      0.0899,     15.8526,      0.1154,      5.5283,     11.0566,      1.0196,     28.4056,     56.8112,      0.0190,      0.0013,      0.1537,      0.2023,   7641.2656,-478313.2188,   -923.1639,    541.7235,  25470.8828,
       1,     167,     238,      19,       1,       3,       1,     10.0000,      1.3912,     42.4618,    246.1384,     61.9437,      3.4953,      0.0680,      0.0376,      6.2051,      0.1141,      5.5283,     11.0566,      1.0082,     28.4056,     56.8112,      0.0190,      0.0010,      0.0791,      0.2022,   7641.2651,-442174.3438,   -917.3394,    544.1727,  25470.8828,
       1,     167,     238,      20,       1,       3,       1,     10.0000,      1.3912,     42.4618,    246.1384,     61.9437,      3.4953,      0.0148,     -0.0155,      0.1512,      0.1119,      5.5283,     11.0566,      0.9888,     28.4056,     56.8112,      0.0190,      0.0007,      0.0028,      0.2023,   7641.2651,-426984.0000,   -914.9274,    545.2115,  25470.8828,
       1,     167,     238,      21,       1,       3,       1,     10.0000,      1.3912,     42.4618,    246.1384,     61.9437,      3.4953,      0.0000,     -0.0302,      0.5544,      0.1119,      5.5283,     11.0566,      0.9888,     28.4056,     56.8112,      0.0190,      0.0004,      0.0156,      0.2023,   7641.2651,-418078.2500,   -913.4283,    545.8195,  25470.8828,
       1,     167,     238,      22,       1,       3,       1,     10.0000,      1.3912,     42.4618,    246.1384,     61.9437,      3.4953,      0.0000,     -0.0303,      0.5715,      0.1143,      5.5283,     11.0566,      1.0103,     28.4056,     56.8112,      0.0190,      0.0005,      0.0156,      0.2023,   7641.2651,-417821.7500,   -913.4177,    545.8373,  25470.8828,
       1,     167,     238,      23,       1,       3,       1,     10.0000,      1.3912,     42.4618,    246.1384,     61.9437,      3.4953,      0.0000,     -0.0303,      0.7294,      0.1139,      5.5283,     11.0566,      1.0062,     28.4056,     56.8112,      0.0190,      0.0006,      0.0156,      0.2023,   7641.2651,-417820.6250,   -913.4590,    545.8374,  25470.8828,
       1,     167,     238,      24,       1,       3,       1,     10.0000,      1.3912,     42.4618,    246.1384,     61.9437,      3.4953,      0.0000,     -0.0303,      0.6979,      0.1143,      5.5283,     11.0566,      1.0103,     28.4056,     56.8112,      0.0190,      0.0006,      0.0156,      0.2023,   7641.2651,-418018.8438,   -913.5461,    545.8239,  25470.8828,
       1,     167,     239,       1,       1,       3,       1,     10.0000,      1.3912,     42.4622,    246.1442,     61.9452,      3.4953,      0.0000,     -0.0304,      0.6668,      0.1154,      5.5287,     11.0574,      1.0197,     28.4053,     56.8106,      0.0190,      0.0005,      0.0156,      0.2023,   7641.2651,-418152.7188,   -913.8727,    545.8278,  25472.0293,
       1,     167,     239,       2,       1,       3,       1,     10.0000,      1.3912,     42.4622,    246.1442,     61.9452,      3.4953,      0.0000,     -0.0303,      0.4952,      0.1133,      5.5287,     11.0574,      1.0010,     28.4053,     56.8106,      0.0190,      0.0004,      0.0156,      0.2023,   7641.6089,-417971.5938,   -913.6260,    545.8402,  25472.0273,
       1,     167,     239,       3,       1,       3,       1,     10.0000,      1.3912,     42.4622,    246.1442,     61.9452,      3.4953,      0.0000,     -0.0304,      0.9219,      0.1152,      5.5287,     11.0574,      1.0176,     28.4053,     56.8106,      0.0190,      0.0007,      0.0156,      0.2023,   7641.6084,-417740.6875,   -913.6108,    545.8558,  25472.0293,
       1,     167,     239,       4,       1,       3,       1,     10.0000,      1.3912,     42.4622,    246.1442,     61.9452,      3.4953,      0.0000,     -0.0305,      0.9888,      0.1186,      5.5287,     11.0574,      1.0482,     28.4053,     56.8106,      0.0190,      0.0008,      0.0156,      0.2023,   7641.6089,-418256.6250,   -913.7584,    545.8207,  25472.0273,
       1,     167,     239,       5,       1,       3,       1,     10.0000,      1.3912,     42.4622,    246.1442,     61.9452,      3.4953,      0.0000,     -0.0306,      0.9600,      0.1200,      5.5287,     11.0574,      1.0601,     28.4053,     56.8106,      0.0190,      0.0008,      0.0156,      0.2023,   7641.6084,-418384.9062,   -913.8138,    545.8119,  25472.0293,
       1,     167,     239,       6,       1,       3,       1,     10.0000,      1.3912,     42.4622,    246.1442,     61.9452,      3.4953,      0.0000,     -0.0305,      0.8184,      0.1191,      5.5287,     11.0574,      1.0525,     28.4053,     56.8106,      0.0190,      0.0006,      0.0156,      0.2023,   7641.6089,-418359.6562,   -913.8661,    545.8137,  25472.0293,
       1,     167,     239,       7,       1,       3,       1,     10.0000,      1.3912,     42.4622,    246.1442,     61.9452,      3.4953,      0.0000,     -0.0305,      0.8682,      0.1185,      5.5287,     11.0574,      1.0472,     28.4053,     56.8106,      0.0190,      0.0007,      0.0156,      0.2023,   7641.6089,-418179.5312,   -913.8690,    545.8259,  25472.0293,
       1,     167,     239,       8,       1,       3,       1,     10.0000,      1.3912,     42.4622,    246.1442,     61.9452,      3.4953,      0.0070,     -0.0235,      0.6356,      0.1175,      5.5287,     11.0574,      1.0386,     28.4053,     56.8106,      0.0190,      0.0005,      0.0156,      0.2023,   7641.6089,-418226.6875,   -913.9028,    545.8227,  25472.0293,
       1,     167,     239,       9,       1,       3,       1,     10.0000,      1.3912,     42.4622,    246.1442,     61.9452,      3.4953,      0.0931,      0.0624,      4.3397,      0.1228,      5.5287,     11.0574,      1.0852,     28.4053,     56.8106,      0.0190,      0.0005,      0.1155,      0.2023,   7641.6089,-417938.7500,   -913.9023,    545.8423,  25472.0273,
       1,     167,     239,      10,       1,       3,       1,     10.0000,      1.3912,     42.4622,    246.1442,     61.9452,      3.4953,      0.1491,      0.1174,      7.6264,      0.1501,      5.5287,     11.0574,      1.3262,     28.4053,     56.8106,      0.0190,      0.0005,      0.1965,      0.2023,   7641.6084,-422564.5312,   -915.0778,    545.5268,  25472.0273,
       1,     167,     239,      11,       1,       3,       1,     10.0000,      1.3912,     42.4622,    246.1442,     61.9452,      3.4953,      0.1555,      0.1228,      6.0574,      0.1783,      5.5287,     11.0574,      1.5753,     28.4053,     56.8106,      0.0190,      0.0004,      0.2059,      0.2023,   7641.6084,-427087.1562,   -916.6006,    545.2184,  25472.0293,
       1,     167,     239,      12,       1,       3,       1,     10.0000,      1.3912,     42.4622,    246.1442,     61.9452,      3.4953,      0.1562,      0.1232,      6.2938,      0.1877,      5.5287,     11.0574,      1.6587,     28.4053,     56.8106,      0.0190,      0.0004,      0.2069,      0.2023,   7641.6089,-425504.5625,   -916.9150,    545.3264,  25472.0293,
       1,     167,     239,      13,       1,       3,       1,     10.0000,      1.3912,     42.4622,    246.1442,     61.9452,      3.4953,      0.1676,      0.1341,      7.5290,      0.2050,      5.5287,     11.0574,      1.8112,     28.4053,     56.8106,      0.0190,      0.0004,      0.2237,      0.2023,   7641.6089,-425665.7812,   -917.5280,    545.3154,  25472.0273,
       1,     167,     239,      14,       1,       3,       1,     10.0000,      1.3912,     42.4622,    246.1442,     61.9452,      3.4953,      0.1751,      0.1415,      8.1163,      0.2099,      5.5287,     11.0574,      1.8546,     28.4053,     56.8106,      0.0190,      0.0004,      0.2347,      0.2023,   7641.6084,-427230.5000,   -918.4695,    545.2087,  25472.0293,
       1,     167,     239,      15,       1,       3,       1,     10.0000,      1.3912,     42.4622,    246.1442,     61.9452,      3.4953,      0.1833,      0.1497,     37.0327,      0.2095,      5.5287,     11.0574,      1.8509,     28.4053,     56.8106,      0.0190,      0.0019,      0.2436,      0.2023,   7641.6089,-428101.7812,   -919.2474,    545.1494,  25472.0312,
       1,     167,     239,      16,       1,       3,       1,     10.0000,      1.3912,     42.4622,    246.1442,     61.9452,      3.4953,      0.1552,      0.1221,     61.2788,      0.1901,      5.5287,     11.0574,      1.6802,     28.4053,     56.8106,      0.0190,      0.0038,      0.1991,      0.2023,   7641.6099,-464482.8125,   -926.8431,    542.6702,  25472.0293,
       1,     167,     239,      17,       1,       3,       1,     10.0000,      1.3912,     42.4622,    246.1442,     61.9452,      3.4953,      0.1523,      0.1196,     59.9716,      0.1783,      5.5287,     11.0574,      1.5753,     28.4053,     56.8106,      0.0190,      0.0038,      0.1950,      0.2023,   7641.6089,-498071.2812,   -933.9563,    540.3975,  25472.0293,
       1,     167,     239,      18,       1,       3,       1,     10.0000,      1.3912,     42.4622,    246.1442,     61.9452,      3.4953,      0.0650,      0.0324,     24.7963,      0.1779,      5.5287,     11.0574,      1.5721,     28.4053,     56.8106,      0.0190,      0.0043,      0.0708,      0.2022,   7641.6089,-499303.6875,   -935.0811,    540.3190,  25472.0273,
       1,     167,     239,      19,       1,       3,       1,     10.0000,      1.3912,     42.4622,    246.1442,     61.9452,      3.4953,      0.0333,      0.0009,      9.8257,      0.1720,      5.5287,     11.0574,      1.5198,     28.4053,     56.8106,      0.0190,      0.0047,      0.0262,      0.2022,   7641.6084,-455190.1250,   -927.4989,    543.2984,  25472.0293,
       1,     167,     239,      20,       1,       3,       1,     10.0000,      1.3912,     42.4622,    246.1442,     61.9452,      3.4953,      0.0065,     -0.0258,      6.0237,      0.1673,      5.5287,     11.0574,      1.4779,     28.4053,     56.8106,      0.0190,      0.0048,      0.0156,      0.2023,   7641.6089,-432645.7500,   -923.7449,    544.8376,  25472.0293,
       1,     167,     239,      21,       1,       3,       1,     10.0000,      1.3912,     42.4622,    246.1442,     61.9452,      3.4953,      0.0000,     -0.0321,      5.0175,      0.1620,      5.5287,     11.0574,      1.4314,     28.4053,     56.8106,      0.0190,      0.0040,      0.0156,      0.2023,   7641.6089,-425940.2812,   -922.8453,    545.2964,  25472.0312,
       1,     167,     239,      22,       1,       3,       1,     10.0000,      1.3912,     42.4622,    246.1442,     61.9452,      3.4953,      0.0000,     -0.0320,      4.2151,      0.1580,      5.5287,     11.0574,      1.3960,     28.4053,     56.8106,      0.0190,      0.0033,      0.0156,      0.2023,   7641.6099,-424100.5625,   -922.7615,    545.4221,  25472.0312,
       1,     167,     239,      23,       1,       3,       1,     10.0000,      1.3912,     42.4622,    246.1442,     61.9452,      3.4953,      0.0000,     -0.0319,      3.7062,      0.1558,      5.5287,     11.0574,      1.3765,     28.4053,     56.8106,      0.0190,      0.0029,      0.0156,      0.2023,   7641.6099,-422935.3750,   -922.7471,    545.5015,  25472.0293,
       1,     167,     239,      24,       1,       3,       1,     10.0000,      1.3912,     42.4622,    246.1442,     61.9452,      3.4953,      0.0000,     -0.0317,      2.8689,      0.1505,      5.5287,     11.0574,      1.3303,     28.4053,     56.8106,      0.0190,      0.0023,      0.0156,      0.2023,   7641.6089,-422197.0312,   -922.7819,    545.5519,  25472.0312,
       1,     167,     240,       1,       1,       3,       1,     10.0000,      1.3913,     42.4625,    246.1500,     61.9467,      3.4953,      0.0000,     -0.0316,      2.7203,      0.1481,      5.5291,     11.0583,      1.3090,     28.4032,     56.8064,      0.0190,      0.0022,      0.0156,      0.2023,   7641.6099,-421238.1875,   -922.9960,    545.6302,  25473.1758,
       1,     167,     240,       2,       1,       3,       1,     10.0000,      1.3913,     42.4625,    246.1500,     61.9467,      3.4953,      0.0000,     -0.0316,      2.4982,      0.1471,      5.5291,     11.0583,      1.2998,     28.4032,     56.8064,      0.0190,      0.0020,      0.0156,      0.2023,   7641.9531,-420816.5625,   -922.7625,    545.6590,  25473.1758,
       1,     167,     240,       3,       1,       3,       1,     10.0000,      1.3913,     42.4625,    246.1500,     61.9467,      3.4953,      0.0000,     -0.0317,      2.0457,      0.1499,      5.5291,     11.0583,      1.3249,     28.4032,     56.8064,      0.0190,      0.0016,      0.0156,      0.2023,   7641.9531,-420501.5312,   -922.7976,    545.6805,  25473.1758,
       1,     167,     240,       4,       1,       3,       1,     10.0000,      1.3913,     42.4625,    246.1500,     61.9467,      3.4953,      0.0000,     -0.0316,      1.7136,      0.1475,      5.5291,     11.0583,      1.3038,     28.4032,     56.8064,      0.0190,      0.0014,      0.0156,      0.2023,   7641.9531,-419906.5938,   -922.7616,    545.7210,  25473.1777,
       1,     167,     240,       5,       1,       3,       1,     10.0000,      1.3913,     42.4625,    246.1500,     61.9467,      3.4953,      0.0000,     -0.0315,      1.5869,      0.1447,      5.5291,     11.0583,      1.2790,     28.4032,     56.8064,      0.0190,      0.0013,      0.0156,      0.2023,   7641.9536,-419438.4688,   -922.7345,    545.7530,  25473.1758,
       1,     167,     240,       6,       1,       3,       1,     10.0000,      1.3913,     42.4625,    246.1500,     61.9467,      3.4953,      0.0000,     -0.0315,      1.1457,      0.1430,      5.5291,     11.0583,      1.2636,     28.4032,     56.8064,      0.0190,      0.0009,      0.0156,      0.2023,   7641.9531,-419239.6562,   -922.7516,    545.7665,  25473.1758,
       1,     167,     240,       7,       1,       3,       1,     10.0000,      1.3913,     42.4625,    246.1500,     61.9467,      3.4953,      0.0000,     -0.0314,      1.0021,      0.1417,      5.5291,     11.0583,      1.2522,     28.4032,     56.8064,      0.0190,      0.0008,      0.0156,      0.2023,   7641.9531,-418668.9375,   -922.6763,    545.8055,  25473.1758,
       1,     167,     240,       8,       1,       3,       1,     10.0000,      1.3913,     42.4625,    246.1500,     61.9467,      3.4953,      0.0215,     -0.0099,      0.8213,      0.1427,      5.5291,     11.0583,      1.2611,     28.4032,     56.8064,      0.0190,      0.0009,      0.0111,      0.2023,   7641.9531,-418439.5938,   -922.6588,    545.8211,  25473.1758,
       1,     167,     240,       9,       1,       3,       1,     10.0000,      1.3913,     42.4625,    246.1500,     61.9467,      3.4953,      0.1272,      0.0950,     13.3089,      0.1654,      5.5291,     11.0583,      1.4618,     28.4032,     56.8064,      0.0190,      0.0010,      0.1636,      0.2023,   7641.9531,-418193.1250,   -922.6577,    545.8380,  25473.1758,
       1,     167,     240,      10,       1,       3,       1,     10.0000,      1.3913,     42.4625,    246.1500,     61.9467,      3.4953,      0.1511,      0.1185,     13.0233,      0.1790,      5.5291,     11.0583,      1.5816,     28.4032,     56.8064,      0.0190,      0.0008,      0.1987,      0.2023,   7641.9531,-433847.1250,   -925.7667,    544.7699,  25473.1777,
       1,     167,     240,      11,       1,       3,       1,     10.0000,      1.3913,     42.4625,    246.1500,     61.9467,      3.4953,      0.1707,      0.1373,     13.1085,      0.2022,      5.5291,     11.0583,      1.7865,     28.4032,     56.8064,      0.0190,      0.0007,      0.2276,      0.2023,   7641.9536,-434831.4062,   -926.1569,    544.7039,  25473.1758,
       1,     167,     240,      12,       1,       3,       1,     10.0000,      1.3913,     42.4625,    246.1500,     61.9467,      3.4953,      0.1859,      0.1524,     14.7133,      0.2062,      5.5291,     11.0583,      1.8220,     28.4032,     56.8064,      0.0190,      0.0007,      0.2500,      0.2023,   7641.9531,-435021.6250,   -926.4499,    544.6910,  25473.1777,
       1,     167,     240,      13,       1,       3,       1,     10.0000,      1.3913,     42.4625,    246.1500,     61.9467,      3.4953,      0.1862,      0.1527,     18.5305,      0.2066,      5.5291,     11.0583,      1.8256,     28.4032,     56.8064,      0.0190,      0.0009,      0.2500,      0.2023,   7641.9536,-437052.4375,   -927.1469,    544.5527,  25473.1738,
       1,     167,     240,      14,       1,       3,       1,     10.0000,      1.3913,     42.4625,    246.1500,     61.9467,      3.4953,      0.1884,      0.1548,     46.4938,      0.2109,      5.5291,     11.0583,      1.8638,     28.4032,     56.8064,      0.0190,      0.0023,      0.2500,      0.2023,   7641.9526,-442019.7188,   -928.4194,    544.2146,  25473.1758,
       1,     167,     240,      15,       1,       3,       1,     10.0000,      1.3913,     42.4625,    246.1500,     61.9467,      3.4953,      0.1894,      0.1560,     59.0062,      0.2040,      5.5291,     11.0583,      1.8024,     28.4032,     56.8064,      0.0190,      0.0029,      0.2500,      0.2023,   7641.9531,-477557.9062,   -935.6232,    541.7972,  25473.1758,
       1,     167,     240,      16,       1,       3,       1,     10.0000,      1.3913,     42.4625,    246.1500,     61.9467,      3.4953,      0.1525,      0.1192,     63.0996,      0.1972,      5.5291,     11.0583,      1.7429,     28.4032,     56.8064,      0.0190,      0.0040,      0.1949,      0.2023,   7641.9531,-496331.0625,   -939.6787,    540.5311,  25473.1758,
       1,     167,     240,      17,       1,       3,       1,     10.0000,      1.3913,     42.4625,    246.1500,     61.9467,      3.4953,      0.0142,     -0.0188,      5.5799,      0.1907,      5.5291,     11.0583,      1.6853,     28.4032,     56.8064,      0.0190,      0.0044,      0.0156,      0.2023,   7641.9531,-503075.5938,   -941.3846,    540.0770,  25473.1758,
       1,     167,     240,      18,       1,       3,       1,     10.0000,      1.3913,     42.4625,    246.1500,     61.9467,      3.4953,      0.0090,     -0.0239,      5.6161,      0.1861,      5.5291,     11.0583,      1.6440,     28.4032,     56.8064,      0.0190,      0.0045,      0.0156,      0.2023,   7641.9531,-431355.6875,   -927.8666,    544.9189,  25473.1777,
       1,     167,     240,      19,       1,       3,       1,     10.0000,      1.3913,     42.4625,    246.1500,     61.9467,      3.4953,      0.0064,     -0.0263,      5.4830,      0.1822,      5.5291,     11.0583,      1.6101,     28.4032,     56.8064,      0.0190,      0.0044,      0.0156,      0.2023,   7641.9536,-425344.4062,   -926.7756,    545.3501,  25473.1758,
       1,     167,     240,      20,       1,       3,       1,     10.0000,      1.3913,     42.4625,    246.1500,     61.9467,      3.4953,      0.0021,     -0.0304,      5.1421,      0.1730,      5.5291,     11.0583,      1.5289,     28.4032,     56.8064,      0.0190,      0.0041,      0.0156,      0.2023,   7641.9531,-424636.4375,   -926.6825,    545.3985,  25473.1738,
       1,     167,     240,      21,       1,       3,       1,     10.0000,      1.3913,     42.4625,    246.1500,     61.9467,      3.4953,      0.0000,     -0.0322,      4.9806,      0.1653,      5.5291,     11.0583,      1.4603,     28.4032,     56.8064,      0.0190,      0.0040,      0.0156,      0.2023,   7641.9526,-424147.8125,   -926.6224,    545.4318,  25473.1738,
       1,     167,     240,      22,       1,       3,       1,     10.0000,      1.3913,     42.4625,    246.1500,     61.9467,      3.4953,      0.0000,     -0.0321,      4.1808,      0.1618,      5.5291,     11.0583,      1.4300,     28.4032,     56.8064,      0.0190,      0.0033,      0.0156,      0.2023,   7641.9526,-423903.2188,   -926.6024,    545.4485,  25473.1719,
       1,     167,     240,      23,       1,       3,       1,     10.0000,      1.3913,     42.4625,    246.1500,     61.9467,      3.4953,      0.0000,     -0.0321,      4.0516,      0.1609,      5.5291,     11.0583,      1.4214,     28.4032,     56.8064,      0.0190,      0.0032,      0.0156,      0.2023,   7641.9517,-422878.4688,   -926.4263,    545.5184,  25473.1719,
       1,     167,     240,      24,       1,       3,       1,     10.0000,      1.3913,     42.4625,    246.1500,     61.9467,      3.4953,      0.0000,     -0.0320,      3.8685,      0.1597,      5.5291,     11.0583,      1.4115,     28.4032,     56.8064,      0.0190,      0.0031,      0.0156,      0.2023,   7641.9517,-422628.5000,   -926.3940,    545.5354,  25473.1738,
       1,     167,     241,       1,       1,       3,       1,     10.0000,      1.3913,     42.4628,    246.1559,     61.9481,      3.4953,      0.0000,     -0.0319,      3.2463,      0.1564,      5.5292,     11.0583,      1.3821,     28.3984,     56.7968,      0.0190,      0.0026,      0.0156,      0.2024,   7641.9526,-422532.9688,   -926.6655,    545.5548,  25474.3223,
       1,     167,     241,       2,       1,       3,       1,     10.0000,      1.3913,     42.4628,    246.1559,     61.9481,      3.4953,      0.0000,     -0.0319,      2.6097,      0.1548,      5.5292,     11.0583,      1.3683,     28.3984,     56.7968,      0.0190,      0.0021,      0.0156,      0.2024,   7642.2969,-421590.3438,   -926.2222,    545.6192,  25474.3223,
       1,     167,     241,       3,       1,       3,       1,     10.0000,      1.3913,     42.4628,    246.1559,     61.9481,      3.4953,      0.0000,     -0.0318,      2.0870,      0.1521,      5.5292,     11.0583,      1.3438,     28.3984,     56.7968,      0.0190,      0.0017,      0.0156,      0.2024,   7642.2969,-420710.5000,   -924.9913,    545.6791,  25474.3223,
       1,     167,     241,       4,       1,       3,       1,     10.0000,      1.3913,     42.4628,    246.1559,     61.9481,      3.4953,      0.0000,     -0.0317,      1.8868,      0.1499,      5.5292,     11.0583,      1.3250,     28.3984,     56.7968,      0.0190,      0.0015,      0.0156,      0.2024,   7642.2969,-419979.1250,   -924.9089,    545.7290,  25474.3223,
       1,     167,     241,       5,       1,       3,       1,     10.0000,      1.3913,     42.4628,    246.1559,     61.9481,      3.4953,      0.0000,     -0.0316,      1.7015,      0.1480,      5.5292,     11.0583,      1.3077,     28.3984,     56.7968,      0.0190,      0.0014,      0.0156,      0.2024,   7642.2969,-419665.3438,   -924.8895,    545.7504,  25474.3223,
       1,     167,     241,       6,       1,       3,       1,     10.0000,      1.3913,     42.4628,    246.1559,     61.9481,      3.4953,      0.0000,     -0.0317,      1.3396,      0.1489,      5.5292,     11.0583,      1.3157,     28.3984,     56.7968,      0.0190,      0.0011,      0.0156,      0.2024,   7642.2969,-419405.8438,   -924.8830,    545.7681,  25474.3203,
       1,     167,     241,       7,       1,       3,       1,     10.0000,      1.3913,     42.4628,    246.1559,     61.9481,      3.4953,      0.0000,     -0.0317,      0.9195,      0.1498,      5.5292,     11.0583,      1.3236,     28.3984,     56.7968,      0.0190,      0.0007,      0.0156,      0.2024,   7642.2964,-418929.5625,   -924.8266,    545.8007,  25474.3223,
       1,     167,     241,       8,       1,       3,       1,     10.0000,      1.3913,     42.4628,    246.1559,     61.9481,      3.4953,      0.0129,     -0.0188,      0.7442,      0.1490,      5.5292,     11.0583,      1.3170,     28.3984,     56.7968,      0.0190,      0.0006,      0.0156,      0.2024,   7642.2969,-418361.2188,   -924.7387,    545.8395,  25474.3223,
       1,     167,     241,       9,       1,       3,       1,     10.0000,      1.3913,     42.4628,    246.1559,     61.9481,      3.4953,      0.1123,      0.0799,      6.9026,      0.1698,      5.5292,     11.0583,      1.5003,     28.3984,     56.7968,      0.0190,      0.0006,      0.1424,      0.2024,   7642.2969,-418092.5000,   -924.7074,    545.8577,  25474.3203,
       1,     167,     241,      10,       1,       3,       1,     10.0000,      1.3913,     42.4628,    246.1559,     61.9481,      3.4953,      0.1754,      0.1428,      7.9063,      0.1760,      5.5292,     11.0583,      1.5551,     28.3984,     56.7968,      0.0190,      0.0004,      0.2349,      0.2024,   7642.2964,-425799.2500,   -926.2784,    545.3319,  25474.3242,
       1,     167,     241,      11,       1,       3,       1,     10.0000,      1.3913,     42.4628,    246.1559,     61.9481,      3.4953,      0.1510,      0.1180,      8.4453,      0.1894,      5.5292,     11.0583,      1.6737,     28.3984,     56.7968,      0.0190,      0.0005,      0.1991,      0.2024,   7642.2974,-427719.1875,   -926.8231,    545.2013,  25474.3203,
       1,     167,     241,      12,       1,       3,       1,     10.0000,      1.3913,     42.4628,    246.1559,     61.9481,      3.4953,      0.1821,      0.1484,     18.5948,      0.2143,      5.5292,     11.0583,      1.8933,     28.3984,     56.7968,      0.0190,      0.0009,      0.2439,      0.2024,   7642.2964,-428560.3125,   -927.1088,    545.1440,  25474.3223,
       1,     167,     241,      13,       1,       3,       1,     10.0000,      1.3913,     42.4628,    246.1559,     61.9481,      3.4953,      0.1861,      0.1522,     17.7683,      0.2205,      5.5292,     11.0583,      1.9480,     28.3984,     56.7968,      0.0190,      0.0009,      0.2500,      0.2024,   7642.2969,-441372.7188,   -929.7872,    544.2709,  25474.3242,
       1,     167,     241,      14,       1,       3,       1,     10.0000,      1.3913,     42.4628,    246.1559,     61.9481,      3.4953,      0.1878,      0.1541,     39.1512,      0.2138,      5.5292,     11.0583,      1.8896,     28.3984,     56.7968,      0.0190,      0.0019,      0.2500,      0.2023,   7642.2974,-441433.0625,   -930.0639,    544.2675,  25474.3203,
       1,     167,     241,      15,       1,       3,       1,     10.0000,      1.3913,     42.4628,    246.1559,     61.9481,      3.4953,      0.1885,      0.1556,     45.8146,      0.1877,      5.5292,     11.0583,      1.6588,     28.3984,     56.7968,      0.0190,      0.0023,      0.2500,      0.2023,   7642.2964,-468284.6875,   -935.5476,    542.4407,  25474.3223,
       1,     167,     241,      16,       1,       3,       1,     10.0000,      1.3913,     42.4628,    246.1559,     61.9481,      3.4953,      0.1916,      0.1577,     97.4594,      0.2207,      5.5292,     11.0583,      1.9499,     28.3984,     56.7968,      0.0190,      0.0048,      0.2490,      0.2023,   7642.2969,-478957.9375,   -937.9351,    541.7200,  25474.3223,
       1,     167,     241,      17,       1,       3,       1,     10.0000,      1.3913,     42.4628,    246.1559,     61.9481,      3.4953,      0.1275,      0.0936,     69.7646,      0.2200,      5.5292,     11.0583,      1.9442,     28.3984,     56.7968,      0.0190,      0.0055,      0.1571,      0.2023,   7642.2969,-544745.0000,   -951.0524,    537.2657,  25474.3203,
       1,     167,     241,      18,       1,       3,       1,     10.0000,      1.3913,     42.4628,    246.1559,     61.9481,      3.4953,      0.1269,      0.0936,     67.2601,      0.1996,      5.5292,     11.0583,      1.7637,     28.3984,     56.7968,      0.0190,      0.0053,      0.1566,      0.2022,   7642.2964,-515587.0312,   -945.8888,    539.2422,  25474.3223,
       1,     167,     241,      19,       1,       3,       1,     10.0000,      1.3913,     42.4628,    246.1559,     61.9481,      3.4953,      0.0322,     -0.0009,      8.9020,      0.1936,      5.5292,     11.0583,      1.7105,     28.3984,     56.7968,      0.0190,      0.0046,      0.0239,      0.2023,   7642.2969,-509942.4688,   -945.1762,    539.6263,  25474.3203,
       1,     167,     241,      20,       1,       3,       1,     10.0000,      1.3913,     42.4628,    246.1559,     61.9481,      3.4953,      0.0069,     -0.0254,      3.2338,      0.1659,      5.5292,     11.0583,      1.4662,     28.3984,     56.7968,      0.0190,      0.0026,      0.0156,      0.2023,   7642.2964,-436110.2812,   -931.0439,    544.6067,  25474.3242,
       1,     167,     241,      21,       1,       3,       1,     10.0000,      1.3913,     42.4628,    246.1559,     61.9481,      3.4953,      0.0000,     -0.0319,      5.8322,      0.1548,      5.5292,     11.0583,      1.3683,     28.3984,     56.7968,      0.0190,      0.0046,      0.0156,      0.2023,   7642.2974,-422763.7188,   -928.4790,    545.5383,  25474.3223,
       1,     167,     241,      22,       1,       3,       1,     10.0000,      1.3913,     42.4628,    246.1559,     61.9481,      3.4953,      0.0000,     -0.0317,      5.2067,      0.1484,      5.5292,     11.0583,      1.3117,     28.3984,     56.7968,      0.0190,      0.0041,      0.0156,      0.2024,   7642.2969,-424856.8125,   -928.8845,    545.3964,  25474.3203,
       1,     167,     241,      23,       1,       3,       1,     10.0000,      1.3913,     42.4628,    246.1559,     61.9481,      3.4953,      0.0000,     -0.0315,      4.1806,      0.1443,      5.5292,     11.0583,      1.2752,     28.3984,     56.7968,      0.0190,      0.0033,      0.0156,      0.2024,   7642.2964,-424249.9688,   -928.7673,    545.4377,  25474.3223,
       1,     167,     241,      24,       1,       3,       1,     10.0000,      1.3913,     42.4628,    246.1559,     61.9481,      3.4953,      0.0000,     -0.0314,      3.8332,      0.1414,      5.5292,     11.0583,      1.2497,     28.3984,     56.7968,      0.0190,      0.0030,      0.0156,      0.2024,   7642.2969,-422910.0312,   -928.5053,    545.5291,  25474.3223,
       1,     167,     242,       1,       1,       3,       1,     10.0000,      1.3913,     42.4632,    246.1617,     61.9496,      3.4953,      0.0000,     -0.0313,      2.2392,      0.1400,      5.5289,     11.0577,      1.2372,     28.4004,     56.8009,      0.0190,      0.0018,      0.0156,      0.2024,   7642.2969,-422514.8750,   -928.7053,    545.5691,  25475.4688,
       1,     167,     242,       2,       1,       3,       1,     10.0000,      1.3913,     42.4632,    246.1617,     61.9496,      3.4953,      0.0000,     -0.0314,      1.7019,      0.1411,      5.5289,     11.0577,      1.2472,     28.4004,     56.8009,      0.0190,      0.0014,      0.0156,      0.2024,   7642.6411,-420327.0625,   -928.0057,    545.7183,  25475.4688,
       1,     167,     242,       3,       1,       3,       1,     10.0000,      1.3913,     42.4632,    246.1617,     61.9496,      3.4953,      0.0000,     -0.0314,      1.4331,      0.1421,      5.5289,     11.0577,      1.2561,     28.4004,     56.8009,      0.0190,      0.0011,      0.0156,      0.2024,   7642.6411,-419465.4375,   -927.8379,    545.7771,  25475.4688,
       1,     167,     242,       4,       1,       3,       1,     10.0000,      1.3913,     42.4632,    246.1617,     61.9496,      3.4953,      0.0000,     -0.0314,      1.3730,      0.1427,      5.5289,     11.0577,      1.2612,     28.4004,     56.8009,      0.0190,      0.0011,      0.0156,      0.2024,   7642.6411,-419054.4375,   -927.7581,    545.8052,  25475.4668,
       1,     167,     242,       5,       1,       3,       1,     10.0000,      1.3913,     42.4632,    246.1617,     61.9496,      3.4953,      0.0000,     -0.0314,      1.2745,      0.1403,      5.5289,     11.0577,      1.2397,     28.4004,     56.8009,      0.0190,      0.0010,      0.0156,      0.2024,   7642.6401,-418944.0938,   -927.7364,    545.8127,  25475.4668,
       1,     167,     242,       6,       1,       3,       1,     10.0000,      1.3913,     42.4632,    246.1617,     61.9496,      3.4953,      0.0000,     -0.0312,      1.0445,      0.1362,      5.5289,     11.0577,      1.2038,     28.4004,     56.8009,      0.0190,      0.0008,      0.0156,      0.2024,   7642.6401,-418810.9688,   -927.8790,    545.8217,  25475.4688,
       1,     167,     242,       7,       1,       3,       1,     10.0000,      1.3913,     42.4632,    246.1617,     61.9496,      3.4953,      0.0000,     -0.0312,      0.9283,      0.1365,      5.5289,     11.0577,      1.2063,     28.4004,     56.8009,      0.0190,      0.0007,      0.0156,      0.2024,   7642.6411,-418510.7188,   -927.8226,    545.8422,  25475.4688,
       1,     167,     242,       8,       1,       3,       1,     10.0000,      1.3913,     42.4632,    246.1617,     61.9496,      3.4953,      0.0065,     -0.0247,      0.9827,      0.1346,      5.5289,     11.0577,      1.1893,     28.4004,     56.8009,      0.0190,      0.0008,      0.0156,      0.2024,   7642.6411,-418339.1250,   -927.7914,    545.8539,  25475.4688,
       1,     167,     242,       9,       1,       3,       1,     10.0000,      1.3913,     42.4632,    246.1617,     61.9496,      3.4953,      0.0699,      0.0383,      5.2660,      0.1462,      5.5289,     11.0577,      1.2921,     28.4004,     56.8009,      0.0190,      0.0008,      0.0810,      0.2024,   7642.6411,-418392.7188,   -927.8033,    545.8502,  25475.4688,
       1,     167,     242,      10,       1,       3,       1,     10.0000,      1.3913,     42.4632,    246.1617,     61.9496,      3.4953,      0.1744,      0.1422,     12.7640,      0.1644,      5.5289,     11.0577,      1.4531,     28.4004,     56.8009,      0.0190,      0.0007,      0.2329,      0.2024,   7642.6411,-423772.8125,   -928.8556,    545.4832,  25475.4688,
       1,     167,     242,      11,       1,       3,       1,     10.0000,      1.3913,     42.4632,    246.1617,     61.9496,      3.4953,      0.1858,      0.1528,     11.5291,      0.1894,      5.5289,     11.0577,      1.6737,     28.4004,     56.8009,      0.0190,      0.0006,      0.2500,      0.2024,   7642.6411,-433644.1875,   -930.7808,    544.8102,  25475.4688,
       1,     167,     242,      12,       1,       3,       1,     10.0000,      1.3913,     42.4632,    246.1617,     61.9496,      3.4953,      0.1861,      0.1523,     17.4659,      0.2162,      5.5289,     11.0577,      1.9102,     28.4004,     56.8009,      0.0190,      0.0009,      0.2500,      0.2024,   7642.6411,-432939.9375,   -930.6282,    544.8586,  25475.4668,
       1,     167,     242,      13,       1,       3,       1,     10.0000,      1.3913,     42.4632,    246.1617,     61.9496,      3.4953,      0.1859,      0.1518,     16.4555,      0.2288,      5.5289,     11.0577,      2.0219,     28.4004,     56.8009,      0.0190,      0.0008,      0.2500,      0.2024,   7642.6401,-440331.5312,   -931.9836,    544.3552,  25475.4688,
       1,     167,     242,      14,       1,       3,       1,     10.0000,      1.3913,     42.4632,    246.1617,     61.9496,      3.4953,      0.1869,      0.1525,     28.8283,      0.2389,      5.5289,     11.0577,      2.1107,     28.4004,     56.8009,      0.0190,      0.0014,      0.2500,      0.2024,   7642.6411,-439695.5938,   -931.7325,    544.3986,  25475.4688,
       1,     167,     242,      15,       1,       3,       1,     10.0000,      1.3913,     42.4632,    246.1617,     61.9496,      3.4953,      0.1887,      0.1545,     51.1094,      0.2299,      5.5289,     11.0577,      2.0318,     28.4004,     56.8009,      0.0190,      0.0025,      0.2500,      0.2024,   7642.6411,-455173.1875,   -934.6529,    543.3454,  25475.4688,
       1,     167,     242,      16,       1,       3,       1,     10.0000,      1.3913,     42.4632,    246.1617,     61.9496,      3.4953,      0.1863,      0.1531,     67.9523,      0.1988,      5.5289,     11.0577,      1.7568,     28.4004,     56.8009,      0.0190,      0.0034,      0.2443,      0.2024,   7642.6411,-484476.2188,   -940.4178,    541.3563,  25475.4688,
       1,     167,     242,      17,       1,       3,       1,     10.0000,      1.3913,     42.4632,    246.1617,     61.9496,      3.4953,      0.1918,      0.1596,     87.9154,      0.1661,      5.5289,     11.0577,      1.4677,     28.4004,     56.8009,      0.0190,      0.0044,      0.2497,      0.2023,   7642.6411,-508146.4062,   -945.2151,    539.7581,  25475.4668,
       1,     167,     242,      18,       1,       3,       1,     10.0000,      1.3913,     42.4632,    246.1617,     61.9496,      3.4953,      0.1846,      0.1531,     86.8605,      0.1445,      5.5289,     11.0577,      1.2765,     28.4004,     56.8009,      0.0190,      0.0045,      0.2391,      0.2023,   7642.6401,-535255.6250,   -932.9081,    537.9315,  25475.2969,
       1,     167,     242,      19,       1,       3,       1,     10.0000,      1.3913,     42.4632,    246.1617,     61.9496,      3.4953,      0.1229,      0.0915,     57.5859,      0.1400,      5.5289,     11.0577,      1.2372,     28.4004,     56.8009,      0.0190,      0.0047,      0.1523,      0.2023,   7642.5894,-536267.9375,   -935.3589,    537.8664,  25475.4688,
       1,     167,     242,      20,       1,       3,       1,     10.0000,      1.3913,     42.4632,    246.1617,     61.9496,      3.4953,      0.0125,     -0.0186,      5.5402,      0.1349,      5.5289,     11.0577,      1.1917,     28.4004,     56.8009,      0.0190,      0.0044,      0.0156,      0.2023,   7642.6411,-499524.9062,   -930.0073,    540.3368,  25475.4688,
       1,     167,     242,      21,       1,       3,       1,     10.0000,      1.3913,     42.4632,    246.1617,     61.9496,      3.4953,      0.0000,     -0.0310,      4.1840,      0.1302,      5.5289,     11.0577,      1.1501,     28.4004,     56.8009,      0.0190,      0.0033,      0.0156,      0.2023,   7642.6411,-431016.7812,   -918.3140,    544.9697,  25475.4688,
       1,     167,     242,      22,       1,       3,       1,     10.0000,      1.3913,     42.4632,    246.1617,     61.9496,      3.4953,      0.0000,     -0.0310,      2.7344,      0.1316,      5.5289,     11.0577,      1.1631,     28.4004,     56.8009,      0.0190,      0.0022,      0.0156,      0.2024,   7642.6411,-423520.0000,   -917.3331,    545.5002,  25475.4688,
       1,     167,     242,      23,       1,       3,       1,     10.0000,      1.3913,     42.4632,    246.1617,     61.9496,      3.4953,      0.0000,     -0.0312,      0.6958,      0.1367,      5.5289,     11.0577,      1.2075,     28.4004,     56.8009,      0.0190,      0.0006,      0.0156,      0.2024,   7642.6411,-421035.0312,   -917.0695,    545.6700,  25475.4668,
       1,     167,     242,      24,       1,       3,       1,     10.0000,      1.3913,     42.4632,    246.1617,     61.9496,      3.4953,      0.0000,     -0.0314,      0.6938,      0.1403,      5.5289,     11.0577,      1.2397,     28.4004,     56.8009,      0.0190,      0.0006,      0.0156,      0.2024,   7642.6401,-418263.8750,   -914.1850,    545.8590,  25475.4688,
       1,     167,     243,       1,       1,       3,       1,     10.0000,      1.3913,     42.4635,    246.1675,     61.9510,      3.4953,      0.0000,     -0.0314,      0.6421,      0.1420,      5.5287,     11.0574,      1.2548,     28.4077,     56.8154,      0.0190,      0.0005,      0.0156,      0.2024,   7642.6411,-418180.0000,   -914.4479,    545.8776,  25476.6152,
       1,     167,     243,       2,       1,       3,       1,     10.0000,      1.3913,     42.4635,    246.1675,     61.9510,      3.4953,      0.0000,     -0.0316,      0.3803,      0.1455,      5.5287,     11.0574,      1.2856,     28.4077,     56.8154,      0.0190,      0.0003,      0.0156,      0.2024,   7642.9849,-417954.5625,   -914.1744,    545.8930,  25476.6152,
       1,     167,     243,       3,       1,       3,       1,     10.0000,      1.3913,     42.4635,    246.1675,     61.9510,      3.4953,      0.0000,     -0.0317,      0.3655,      0.1495,      5.5287,     11.0574,      1.3210,     28.4077,     56.8154,      0.0190,      0.0003,      0.0156,      0.2024,   7642.9849,-417606.7188,   -914.1153,    545.9167,  25476.6133,
       1,     167,     243,       4,       1,       3,       1,     10.0000,      1.3913,     42.4635,    246.1675,     61.9510,      3.4953,      0.0000,     -0.0317,      0.3625,      0.1484,      5.5287,     11.0574,      1.3118,     28.4077,     56.8154,      0.0190,      0.0003,      0.0156,      0.2024,   7642.9844,-417558.5312,   -914.1086,    545.9200,  25476.6152,
       1,     167,     243,       5,       1,       3,       1,     10.0000,      1.3913,     42.4635,    246.1675,     61.9510,      3.4953,      0.0000,     -0.0316,      0.3559,      0.1461,      5.5287,     11.0574,      1.2908,     28.4077,     56.8154,      0.0190,      0.0003,      0.0156,      0.2024,   7642.9849,-417550.5312,   -914.1085,    545.9206,  25476.6152,
       1,     167,     243,       6,       1,       3,       1,     10.0000,      1.3913,     42.4635,    246.1675,     61.9510,      3.4953,      0.0000,     -0.0315,      0.3518,      0.1446,      5.5287,     11.0574,      1.2778,     28.4077,     56.8154,      0.0190,      0.0003,      0.0156,      0.2024,   7642.9849,-417541.5312,   -914.1083,    545.9212,  25476.6152,
       1,     167,     243,       7,       1,       3,       1,     10.0000,      1.3913,     42.4635,    246.1675,     61.9510,      3.4953,      0.0000,     -0.0315,      0.3498,      0.1439,      5.5287,     11.0574,      1.2714,     28.4077,     56.8154,      0.0190,      0.0003,      0.0156,      0.2024,   7642.9849,-417535.6250,   -914.1087,    545.9216,  25476.6152,
       1,     167,     243,       8,       1,       3,       1,     10.0000,      1.3913,     42.4635,    246.1675,     61.9510,      3.4953,      0.0070,     -0.0244,      0.3442,      0.1419,      5.5287,     11.0574,      1.2536,     28.4077,     56.8154,      0.0190,      0.0003,      0.0156,      0.2024,   7642.9849,-417532.5000,   -910.0873,    545.9218,  25476.6152,
       1,     167,     243,       9,       1,       3,       1,     10.0000,      1.3913,     42.4635,    246.1675,     61.9510,      3.4953,      0.0726,      0.0409,      1.9890,      0.1489,      5.5287,     11.0574,      1.3157,     28.4077,     56.8154,      0.0190,      0.0003,      0.0853,      0.2024,   7642.9849,-417525.3438,   -910.1241,    545.9223,  25476.6152,
       1,     167,     243,      10,       1,       3,       1,     10.0000,      1.3913,     42.4635,    246.1675,     61.9510,      3.4953,      0.1419,      0.1095,      5.1088,      0.1717,      5.5287,     11.0574,      1.5169,     28.4077,     56.8154,      0.0190,      0.0003,      0.1861,      0.2024,   7642.9849,-419588.5938,   -910.7896,    545.7815,  25476.6152,
       1,     167,     243,      11,       1,       3,       1,     10.0000,      1.3913,     42.4635,    246.1675,     61.9510,      3.4953,      0.1855,      0.1524,      7.8422,      0.1928,      5.5287,     11.0574,      1.7038,     28.4077,     56.8154,      0.0190,      0.0004,      0.2500,      0.2024,   7642.9849,-423680.1562,   -912.2688,    545.5024,  25476.6152,
       1,     167,     243,      12,       1,       3,       1,     10.0000,      1.3913,     42.4635,    246.1675,     61.9510,      3.4953,      0.1855,      0.1520,      8.3950,      0.2046,      5.5287,     11.0574,      1.8079,     28.4077,     56.8154,      0.0190,      0.0004,      0.2500,      0.2024,   7642.9849,-427460.7812,   -915.0926,    545.2447,  25476.6152,
       1,     167,     243,      13,       1,       3,       1,     10.0000,      1.3913,     42.4635,    246.1675,     61.9510,      3.4953,      0.1855,      0.1518,      8.7046,      0.2111,      5.5287,     11.0574,      1.8657,     28.4077,     56.8154,      0.0190,      0.0004,      0.2500,      0.2024,   7642.9849,-428478.0312,   -917.3075,    545.1754,  25476.6152,
       1,     167,     243,      14,       1,       3,       1,     10.0000,      1.3913,     42.4635,    246.1675,     61.9510,      3.4953,      0.1857,      0.1518,     12.3746,      0.2192,      5.5287,     11.0574,      1.9367,     28.4077,     56.8154,      0.0190,      0.0006,      0.2500,      0.2024,   7642.9849,-428953.7812,   -918.7617,    545.1429,  25476.6152,
       1,     167,     243,      15,       1,       3,       1,     10.0000,      1.3913,     42.4635,    246.1675,     61.9510,      3.4953,      0.1883,      0.1542,     45.7678,      0.2273,      5.5287,     11.0574,      2.0082,     28.4077,     56.8154,      0.0190,      0.0023,      0.2500,      0.2024,   7642.9849,-433600.2500,   -920.6861,    544.8264,  25476.6172,
       1,     167,     243,      16,       1,       3,       1,     10.0000,      1.3913,     42.4635,    246.1675,     61.9510,      3.4953,      0.1897,      0.1554,     70.2697,      0.2349,      5.5287,     11.0574,      2.0760,     28.4077,     56.8154,      0.0190,      0.0035,      0.2494,      0.2024,   7642.9854,-475909.2188,   -929.8623,    541.9451,  25476.6172,
       1,     167,     243,      17,       1,       3,       1,     10.0000,      1.3913,     42.4635,    246.1675,     61.9510,      3.4953,      0.1854,      0.1511,     78.6622,      0.2340,      5.5287,     11.0574,      2.0679,     28.4077,     56.8154,      0.0190,      0.0040,      0.2420,      0.2024,   7642.9854,-510319.1250,   -937.5100,    539.6216,  25476.6133,
       1,     167,     243,      18,       1,       3,       1,     10.0000,      1.3913,     42.4635,    246.1675,     61.9510,      3.4953,      0.1733,      0.1400,     73.3531,      0.1969,      5.5287,     11.0574,      1.7396,     28.4077,     56.8154,      0.0190,      0.0040,      0.2244,      0.2023,   7642.9844,-523806.8125,   -941.1125,    538.7168,  25476.6152,
       1,     167,     243,      19,       1,       3,       1,     10.0000,      1.3913,     42.4635,    246.1675,     61.9510,      3.4953,      0.1372,      0.1048,     59.8567,      0.1688,      5.5287,     11.0574,      1.4914,     28.4077,     56.8154,      0.0190,      0.0043,      0.1728,      0.2023,   7642.9849,-518280.0938,   -940.9473,    539.0898,  25476.6152,
       1,     167,     243,      20,       1,       3,       1,     10.0000,      1.3913,     42.4635,    246.1675,     61.9510,      3.4953,      0.0101,     -0.0219,      5.6814,      0.1574,      5.5287,     11.0574,      1.3905,     28.4077,     56.8154,      0.0190,      0.0045,      0.0156,      0.2023,   7642.9849,-500847.3438,   -929.8286,    540.2646,  25476.6152,
       1,     167,     243,      21,       1,       3,       1,     10.0000,      1.3913,     42.4635,    246.1675,     61.9510,      3.4953,      0.0000,     -0.0319,      6.0526,      0.1539,      5.5287,     11.0574,      1.3601,     28.4077,     56.8154,      0.0190,      0.0048,      0.0156,      0.2023,   7642.9849,-431301.4688,   -913.2502,    544.9625,  25476.6152,
       1,     167,     243,      22,       1,       3,       1,     10.0000,      1.3913,     42.4635,    246.1675,     61.9510,      3.4953,      0.0000,     -0.0319,      6.2780,      0.1545,      5.5287,     11.0574,      1.3656,     28.4077,     56.8154,      0.0190,      0.0050,      0.0156,      0.2024,   7642.9849,-425892.5625,   -912.8421,    545.3514,  25476.6152,
       1,     167,     243,      23,       1,       3,       1,     10.0000,      1.3913,     42.4635,    246.1675,     61.9510,      3.4953,      0.0000,     -0.0320,      4.6073,      0.1569,      5.5287,     11.0574,      1.3863,     28.4077,     56.8154,      0.0190,      0.0037,      0.0156,      0.2024,   7642.9849,-425687.4062,   -913.3549,    545.3657,  25476.6152,
       1,     167,     243,      24,       1,       3,       1,     10.0000,      1.3913,     42.4635,    246.1675,     61.9510,      3.4953,      0.0000,     -0.0320,      2.3823,      0.1593,      5.5287,     11.0574,      1.4073,     28.4077,     56.8154,      0.0190,      0.0019,      0.0156,      0.2024,   7642.9849,-423572.8750,   -913.3970,    545.5098,  25476.6172,
       1,     167,     244,       1,       1,       3,       1,     10.0000,      1.3913,     42.4638,    246.1734,     61.9525,      3.4953,      0.0000,     -0.0320,      1.1402,      0.1594,      5.5289,     11.0577,      1.4088,     28.4139,     56.8278,      0.0190,      0.0009,      0.0156,      0.2024,   7642.9854,-420755.6562,   -913.3461,    545.7147,  25477.7637,
       1,     167,     244,       2,       1,       3,       1,     10.0000,      1.3913,     42.4638,    246.1734,     61.9525,      3.4953,      0.0000,     -0.0320,      0.7627,      0.1591,      5.5289,     11.0577,      1.4060,     28.4139,     56.8278,      0.0190,      0.0006,      0.0156,      0.2024,   7643.3296,-418802.9688,   -910.4147,    545.8479,  25477.7656,
       1,     167,     244,       3,       1,       3,       1,     10.0000,      1.3913,     42.4638,    246.1734,     61.9525,      3.4953,      0.0000,     -0.0319,      0.6585,      0.1563,      5.5289,     11.0577,      1.3808,     28.4139,     56.8278,      0.0190,      0.0005,      0.0156,      0.2024,   7643.3301,-418162.0625,   -910.3389,    545.8917,  25477.7617,
       1,     167,     244,       4,       1,       3,       1,     10.0000,      1.3913,     42.4638,    246.1734,     61.9525,      3.4953,      0.0000,     -0.0318,      0.5350,      0.1535,      5.5289,     11.0577,      1.3561,     28.4139,     56.8278,      0.0190,      0.0004,      0.0156,      0.2024,   7643.3286,-417976.6250,   -910.3362,    545.9043,  25477.7637,
       1,     167,     244,       5,       1,       3,       1,     10.0000,      1.3913,     42.4638,    246.1734,     61.9525,      3.4953,      0.0000,     -0.0316,      0.6617,      0.1476,      5.5289,     11.0577,      1.3039,     28.4139,     56.8278,      0.0190,      0.0005,      0.0156,      0.2024,   7643.3296,-417805.6562,   -910.3298,    545.9159,  25477.7637,
       1,     167,     244,       6,       1,       3,       1,     10.0000,      1.3913,     42.4638,    246.1734,     61.9525,      3.4953,      0.0000,     -0.0316,      0.5720,      0.1474,      5.5289,     11.0577,      1.3026,     28.4139,     56.8278,      0.0190,      0.0005,      0.0156,      0.2024,   7643.3296,-417950.2188,   -910.4019,    545.9061,  25477.7637,
       1,     167,     244,       7,       1,       3,       1,     10.0000,      1.3913,     42.4638,    246.1734,     61.9525,      3.4953,      0.0000,     -0.0311,      0.5680,      0.1341,      5.5289,     11.0577,      1.1845,     28.4139,     56.8278,      0.0190,      0.0005,      0.0156,      0.2024,   7643.3296,-417849.8438,   -910.1735,    545.9130,  25477.7656,
       1,     167,     244,       8,       1,       3,       1,     10.0000,      1.3913,     42.4638,    246.1734,     61.9525,      3.4953,      0.0124,     -0.0187,      0.4934,      0.1326,      5.5289,     11.0577,      1.1714,     28.4139,     56.8278,      0.0190,      0.0004,      0.0156,      0.2024,   7643.3301,-417836.0938,   -910.2111,    545.9139,  25477.7656,
       1,     167,     244,       9,       1,       3,       1,     10.0000,      1.3913,     42.4638,    246.1734,     61.9525,      3.4953,      0.1250,      0.0937,      5.3801,      0.1372,      5.5289,     11.0577,      1.2125,     28.4139,     56.8278,      0.0190,      0.0004,      0.1615,      0.2024,   7643.3301,-417741.2812,   -910.2610,    545.9203,  25477.7637,
       1,     167,     244,      10,       1,       3,       1,     10.0000,      1.3913,     42.4638,    246.1734,     61.9525,      3.4953,      0.1728,      0.1409,      6.7852,      0.1538,      5.5289,     11.0577,      1.3588,     28.4139,     56.8278,      0.0190,      0.0004,      0.2311,      0.2024,   7643.3296,-423864.4688,   -912.0109,    545.5025,  25477.7656,
       1,     167,     244,      11,       1,       3,       1,     10.0000,      1.3913,     42.4638,    246.1734,     61.9525,      3.4953,      0.1857,      0.1532,      8.0338,      0.1730,      5.5289,     11.0577,      1.5291,     28.4139,     56.8278,      0.0190,      0.0004,      0.2500,      0.2024,   7643.3301,-426152.0000,   -913.2580,    545.3467,  25477.7637,
       1,     167,     244,      12,       1,       3,       1,     10.0000,      1.3913,     42.4638,    246.1734,     61.9525,      3.4953,      0.1858,      0.1532,     10.5124,      0.1760,      5.5289,     11.0577,      1.5552,     28.4139,     56.8278,      0.0190,      0.0005,      0.2500,      0.2024,   7643.3296,-427914.6562,   -915.2740,    545.2266,  25477.7637,
       1,     167,     244,      13,       1,       3,       1,     10.0000,      1.3913,     42.4638,    246.1734,     61.9525,      3.4953,      0.1857,      0.1527,     10.3922,      0.1900,      5.5289,     11.0577,      1.6788,     28.4139,     56.8278,      0.0190,      0.0005,      0.2500,      0.2024,   7643.3296,-431175.5000,   -917.4210,    545.0044,  25477.7637,
       1,     167,     244,      14,       1,       3,       1,     10.0000,      1.3913,     42.4638,    246.1734,     61.9525,      3.4953,      0.1858,      0.1529,     11.0928,      0.1861,      5.5289,     11.0577,      1.6442,     28.4139,     56.8278,      0.0190,      0.0005,      0.2500,      0.2024,   7643.3296,-431303.7812,   -919.2075,    544.9957,  25477.7637,
       1,     167,     244,      15,       1,       3,       1,     10.0000,      1.3913,     42.4638,    246.1734,     61.9525,      3.4953,      0.1868,      0.1538,     23.0726,      0.1879,      5.5289,     11.0577,      1.6606,     28.4139,     56.8278,      0.0190,      0.0011,      0.2500,      0.2024,   7643.3296,-432194.0312,   -920.7668,    544.9350,  25477.7637,
       1,     167,     244,      16,       1,       3,       1,     10.0000,      1.3913,     42.4638,    246.1734,     61.9525,      3.4953,      0.1893,      0.1566,     54.7131,      0.1806,      5.5289,     11.0577,      1.5959,     28.4139,     56.8278,      0.0190,      0.0027,      0.2500,      0.2024,   7643.3296,-447303.6875,   -924.4960,    543.9058,  25477.7637,
       1,     167,     244,      17,       1,       3,       1,     10.0000,      1.3913,     42.4638,    246.1734,     61.9525,      3.4953,      0.1730,      0.1405,     49.6919,      0.1743,      5.5289,     11.0577,      1.5398,     28.4139,     56.8278,      0.0190,      0.0027,      0.2266,      0.2024,   7643.3296,-488313.4688,   -933.0228,    541.1186,  25477.7637,
       1,     167,     244,      18,       1,       3,       1,     10.0000,      1.3913,     42.4638,    246.1734,     61.9525,      3.4953,      0.1566,      0.1249,     54.5003,      0.1507,      5.5289,     11.0577,      1.3317,     28.4139,     56.8278,      0.0190,      0.0033,      0.2020,      0.2024,   7643.3296,-485529.5625,   -933.2625,    541.3140,  25477.7637,
       1,     167,     244,      19,       1,       3,       1,     10.0000,      1.3913,     42.4638,    246.1734,     61.9525,      3.4953,      0.1227,      0.0911,     35.0416,      0.1448,      5.5289,     11.0577,      1.2792,     28.4139,     56.8278,      0.0190,      0.0028,      0.1546,      0.2024,   7643.3296,-491322.2188,   -924.5902,    540.9221,  25477.6504,
       1,     167,     244,      20,       1,       3,       1,     10.0000,      1.3913,     42.4638,    246.1734,     61.9525,      3.4953,      0.0098,     -0.0217,      3.5496,      0.1427,      5.5289,     11.0577,      1.2612,     28.4139,     56.8278,      0.0190,      0.0028,      0.0156,      0.2024,   7643.2954,-467389.7188,   -921.3151,    542.5403,  25477.7617,
       1,     167,     244,      21,       1,       3,       1,     10.0000,      1.3913,     42.4638,    246.1734,     61.9525,      3.4953,      0.0000,     -0.0314,      3.0231,      0.1406,      5.5289,     11.0577,      1.2423,     28.4139,     56.8278,      0.0190,      0.0024,      0.0156,      0.2024,   7643.3286,-425801.5938,   -912.0486,    545.3633,  25477.7637,
       1,     167,     244,      22,       1,       3,       1,     10.0000,      1.3913,     42.4638,    246.1734,     61.9525,      3.4953,      0.0000,     -0.0315,      2.8947,      0.1436,      5.5289,     11.0577,      1.2689,     28.4139,     56.8278,      0.0190,      0.0023,      0.0156,      0.2024,   7643.3296,-421606.2812,   -911.6482,    545.6566,  25477.7637,
       1,     167,     244,      23,       1,       3,       1,     10.0000,      1.3913,     42.4638,    246.1734,     61.9525,      3.4953,      0.0000,     -0.0316,      1.2564,      0.1458,      5.5289,     11.0577,      1.2882,     28.4139,     56.8278,      0.0190,      0.0010,      0.0156,      0.2024,   7643.3296,-421077.3125,   -911.8540,    545.6927,  25477.7637,
       1,     167,     244,      24,       1,       3,       1,     10.0000,      1.3913,     42.4638,    246.1734,     61.9525,      3.4953,      0.0000,     -0.0317,      0.5752,      0.1483,      5.5289,     11.0577,      1.3105,     28.4139,     56.8278,      0.0190,      0.0005,      0.0156,      0.2024,   7643.3296,-418976.1875,   -911.5762,    545.8360,  25477.7637,
       1,     167,     245,       1,       1,       3,       1,     10.0000,      1.3914,     42.4642,    246.1792,     61.9540,      3.4953,      0.0000,     -0.0317,      0.6404,      0.1495,      5.5288,     11.0577,      1.3211,     28.4214,     56.8429,      0.0190,      0.0005,      0.0156,      0.2025,   7643.3296,-418098.4062,   -911.7065,    545.9089,  25478.9121,
       1,     167,     245,       2,       1,       3,       1,     10.0000,      1.3914,     42.4642,    246.1792,     61.9540,      3.4953,      0.0000,     -0.0316,      0.6521,      0.1471,      5.5288,     11.0577,      1.3000,     28.4214,     56.8429,      0.0190,      0.0005,      0.0156,      0.2025,   7643.6738,-417951.3750,   -911.4610,    545.9190,  25478.9141,
       1,     167,     245,       3,       1,       3,       1,     10.0000,      1.3914,     42.4642,    246.1792,     61.9540,      3.4953,      0.0000,     -0.0316,      0.6950,      0.1461,      5.5288,     11.0577,      1.2909,     28.4214,     56.8429,      0.0190,      0.0006,      0.0156,      0.2025,   7643.6743,-417952.9688,   -911.4963,    545.9189,  25478.9141,
       1,     167,     245,       4,       1,       3,       1,     10.0000,      1.3914,     42.4642,    246.1792,     61.9540,      3.4953,      0.0000,     -0.0316,      0.8768,      0.1459,      5.5288,     11.0577,      1.2896,     28.4214,     56.8429,      0.0190,      0.0007,      0.0156,      0.2025,   7643.6743,-418006.8750,   -911.5481,    545.9152,  25478.9141,
       1,     167,     245,       5,       1,       3,       1,     10.0000,      1.3914,     42.4642,    246.1792,     61.9540,      3.4953,      0.0000,     -0.0315,      0.9471,      0.1449,      5.5288,     11.0577,      1.2805,     28.4214,     56.8429,      0.0190,      0.0008,      0.0156,      0.2025,   7643.6743,-418239.6250,   -911.6553,    545.8993,  25478.9121,
       1,     167,     245,       6,       1,       3,       1,     10.0000,      1.3914,     42.4642,    246.1792,     61.9540,      3.4953,      0.0000,     -0.0315,      1.1842,      0.1451,      5.5288,     11.0577,      1.2818,     28.4214,     56.8429,      0.0190,      0.0009,      0.0156,      0.2025,   7643.6738,-418348.0938,   -911.7535,    545.8919,  25478.9121,
       1,     167,     245,       7,       1,       3,       1,     10.0000,      1.3914,     42.4642,    246.1792,     61.9540,      3.4953,      0.0000,     -0.0316,      1.0924,      0.1453,      5.5288,     11.0577,      1.2844,     28.4214,     56.8429,      0.0190,      0.0009,      0.0156,      0.2025,   7643.6738,-418654.8438,   -911.8963,    545.8710,  25478.9121,
       1,     167,     245,       8,       1,       3,       1,     10.0000,      1.3914,     42.4642,    246.1792,     61.9540,      3.4953,      0.0063,     -0.0251,      0.9863,      0.1412,      5.5288,     11.0577,      1.2473,     28.4214,     56.8429,      0.0190,      0.0008,      0.0156,      0.2025,   7643.6738,-418565.8438,   -911.9755,    545.8771,  25478.9141,
       1,     167,     245,       9,       1,       3,       1,     10.0000,      1.3914,     42.4642,    246.1792,     61.9540,      3.4953,      0.0423,      0.0104,      2.7290,      0.1530,      5.5288,     11.0577,      1.3520,     28.4214,     56.8429,      0.0190,      0.0008,      0.0407,      0.2025,   7643.6743,-418424.8438,   -912.0486,    545.8867,  25478.9141,
       1,     167,     245,      10,       1,       3,       1,     10.0000,      1.3914,     42.4642,    246.1792,     61.9540,      3.4953,      0.0628,      0.0303,      5.4883,      0.1727,      5.5288,     11.0577,      1.5261,     28.4214,     56.8429,      0.0190,      0.0010,      0.0699,      0.2025,   7643.6743,-420598.9688,   -912.6508,    545.7383,  25478.9141,
       1,     167,     245,      11,       1,       3,       1,     10.0000,      1.3914,     42.4642,    246.1792,     61.9540,      3.4953,      0.0700,      0.0371,      6.6051,      0.1872,      5.5288,     11.0577,      1.6540,     28.4214,     56.8429,      0.0190,      0.0010,      0.0800,      0.2025,   7643.6743,-424246.9062,   -913.6351,    545.4895,  25478.9102,
       1,     167,     245,      12,       1,       3,       1,     10.0000,      1.3914,     42.4642,    246.1792,     61.9540,      3.4953,      0.0996,      0.0670,      9.6265,      0.1750,      5.5288,     11.0577,      1.5460,     28.4214,     56.8429,      0.0190,      0.0010,      0.1233,      0.2025,   7643.6733,-425960.9688,   -914.2689,    545.3727,  25478.9121,
       1,     167,     245,      13,       1,       3,       1,     10.0000,      1.3914,     42.4642,    246.1792,     61.9540,      3.4953,      0.1134,      0.0804,      9.0698,      0.1911,      5.5288,     11.0577,      1.6888,     28.4214,     56.8429,      0.0190,      0.0008,      0.1436,      0.2025,   7643.6738,-429898.1250,   -915.3693,    545.1043,  25478.9121,
       1,     167,     245,      14,       1,       3,       1,     10.0000,      1.3914,     42.4642,    246.1792,     61.9540,      3.4953,      0.0953,      0.0622,     14.2238,      0.1917,      5.5288,     11.0577,      1.6938,     28.4214,     56.8429,      0.0190,      0.0015,      0.1163,      0.2025,   7643.6738,-429536.7188,   -915.8121,    545.1290,  25478.9141,
       1,     167,     245,      15,       1,       3,       1,     10.0000,      1.3914,     42.4642,    246.1792,     61.9540,      3.4953,      0.1660,      0.1331,     41.7301,      0.1857,      5.5288,     11.0577,      1.6410,     28.4214,     56.8429,      0.0190,      0.0024,      0.2172,      0.2025,   7643.6743,-435972.2188,   -917.4371,    544.6905,  25478.9121,
       1,     167,     245,      16,       1,       3,       1,     10.0000,      1.3914,     42.4642,    246.1792,     61.9540,      3.4953,      0.1662,      0.1335,     54.7518,      0.1801,      5.5288,     11.0577,      1.5912,     28.4214,     56.8429,      0.0190,      0.0031,      0.2161,      0.2025,   7643.6738,-471039.2500,   -924.9087,    542.3031,  25478.9141,
       1,     167,     245,      17,       1,       3,       1,     10.0000,      1.3914,     42.4642,    246.1792,     61.9540,      3.4953,      0.1541,      0.1215,     51.5198,      0.1778,      5.5288,     11.0577,      1.5708,     28.4214,     56.8429,      0.0190,      0.0032,      0.1987,      0.2024,   7643.6743,-490399.1562,   -929.6195,    540.9959,  25478.9121,
       1,     167,     245,      18,       1,       3,       1,     10.0000,      1.3914,     42.4642,    246.1792,     61.9540,      3.4953,      0.1192,      0.0869,     39.4902,      0.1663,      5.5288,     11.0577,      1.4693,     28.4214,     56.8429,      0.0190,      0.0033,      0.1487,      0.2024,   7643.6738,-487990.9375,   -928.0202,    541.1603,  25478.9121,
       1,     167,     245,      19,       1,       3,       1,     10.0000,      1.3914,     42.4642,    246.1792,     61.9540,      3.4953,      0.0901,      0.0581,     26.9240,      0.1582,      5.5288,     11.0577,      1.3976,     28.4214,     56.8429,      0.0190,      0.0031,      0.1077,      0.2024,   7643.6738,-472676.7812,   -926.1400,    542.1963,  25478.9121,
       1,     167,     245,      20,       1,       3,       1,     10.0000,      1.3914,     42.4642,    246.1792,     61.9540,      3.4953,      0.0075,     -0.0243,      3.8033,      0.1529,      5.5288,     11.0577,      1.3507,     28.4214,     56.8429,      0.0190,      0.0030,      0.0156,      0.2024,   7643.6738,-455596.2500,   -923.7047,    543.3549,  25478.9121,
       1,     167,     245,      21,       1,       3,       1,     10.0000,      1.3914,     42.4642,    246.1792,     61.9540,      3.4953,      0.0000,     -0.0316,      3.5622,      0.1456,      5.5288,     11.0577,      1.2870,     28.4214,     56.8429,      0.0190,      0.0028,      0.0156,      0.2024,   7643.6738,-425119.7500,   -918.4791,    545.4261,  25478.9121,
       1,     167,     245,      22,       1,       3,       1,     10.0000,      1.3914,     42.4642,    246.1792,     61.9540,      3.4953,      0.0000,     -0.0314,      2.8995,      0.1414,      5.5288,     11.0577,      1.2498,     28.4214,     56.8429,      0.0190,      0.0023,      0.0156,      0.2025,   7643.6738,-422222.5938,   -918.2546,    545.6276,  25478.9121,
       1,     167,     245,      23,       1,       3,       1,     10.0000,      1.3914,     42.4642,    246.1792,     61.9540,      3.4953,      0.0000,     -0.0314,      1.8742,      0.1399,      5.5288,     11.0577,      1.2360,     28.4214,     56.8429,      0.0190,      0.0015,      0.0156,      0.2025,   7643.6738,-421138.3438,   -918.2926,    545.7015,  25478.9121,
       1,     167,     245,      24,       1,       3,       1,     10.0000,      1.3914,     42.4642,    246.1792,     61.9540,      3.4953,      0.0000,     -0.0314,      1.7381,      0.1403,      5.5288,     11.0577,      1.2398,     28.4214,     56.8429,      0.0190,      0.0014,      0.0156,      0.2025,   7643.6738,-419759.4062,   -918.1754,    545.7956,  25478.9121,
       1,     167,     246,       1,       1,       3,       1,     10.0000,      1.3914,     42.4645,    246.1850,     61.9555,      3.4953,      0.0000,     -0.0314,      1.5822,      0.1409,      5.5302,     11.0604,      1.2448,     28.4117,     56.8233,      0.0190,      0.0013,      0.0156,      0.2025,   7643.6738,-419626.6562,   -918.5311,    545.8177,  25480.0566,
       1,     167,     246,       2,       1,       3,       1,     10.0000,      1.3914,     42.4645,    246.1850,     61.9555,      3.4953,      0.0000,     -0.0314,      1.5756,      0.1423,      5.5302,     11.0604,      1.2575,     28.4117,     56.8233,      0.0190,      0.0013,      0.0156,      0.2025,   7644.0171,-419266.4688,   -918.3093,    545.8423,  25480.0586,
       1,     167,     246,       3,       1,       3,       1,     10.0000,      1.3914,     42.4645,    246.1850,     61.9555,      3.4953,      0.0000,     -0.0314,      1.7254,      0.1403,      5.5302,     11.0604,      1.2398,     28.4117,     56.8233,      0.0190,      0.0014,      0.0156,      0.2025,   7644.0181,-419227.1875,   -918.4010,    545.8450,  25480.0566,
       1,     167,     246,       4,       1,       3,       1,     10.0000,      1.3914,     42.4645,    246.1850,     61.9555,      3.4953,      0.0000,     -0.0313,      1.7333,      0.1395,      5.5302,     11.0604,      1.2323,     28.4117,     56.8233,      0.0190,      0.0014,      0.0156,      0.2025,   7644.0171,-419411.9062,   -918.5458,    545.8323,  25480.0586,
       1,     167,     246,       5,       1,       3,       1,     10.0000,      1.3914,     42.4645,    246.1850,     61.9555,      3.4953,      0.0000,     -0.0312,      1.4855,      0.1369,      5.5302,     11.0604,      1.2101,     28.4117,     56.8233,      0.0190,      0.0012,      0.0156,      0.2025,   7644.0181,-419437.5625,   -918.6724,    545.8306,  25480.0586,
       1,     167,     246,       6,       1,       3,       1,     10.0000,      1.3914,     42.4645,    246.1850,     61.9555,      3.4953,      0.0000,     -0.0311,      1.3070,      0.1341,      5.5302,     11.0604,      1.1846,     28.4117,     56.8233,      0.0190,      0.0010,      0.0156,      0.2025,   7644.0181,-419128.8750,   -918.7164,    545.8517,  25480.0586,
       1,     167,     246,       7,       1,       3,       1,     10.0000,      1.3914,     42.4645,    246.1850,     61.9555,      3.4953,      0.0000,     -0.0311,      1.3403,      0.1335,      5.5302,     11.0604,      1.1798,     28.4117,     56.8233,      0.0190,      0.0011,      0.0156,      0.2025,   7644.0181,-418878.5000,   -918.7560,    545.8687,  25480.0586,
       1,     167,     246,       8,       1,       3,       1,     10.0000,      1.3914,     42.4645,    246.1850,     61.9555,      3.4953,      0.0086,     -0.0220,      1.0384,      0.1213,      5.5302,     11.0604,      1.0722,     28.4117,     56.8233,      0.0190,      0.0008,      0.0156,      0.2025,   7644.0181,-418898.8438,   -918.8321,    545.8674,  25480.0586,
       1,     167,     246,       9,       1,       3,       1,     10.0000,      1.3914,     42.4645,    246.1850,     61.9555,      3.4953,      0.0965,      0.0664,      6.7054,      0.1092,      5.5302,     11.0604,      0.9649,     28.4117,     56.8233,      0.0190,      0.0007,      0.1205,      0.2025,   7644.0181,-418522.0000,   -910.3932,    545.8931,  25480.0586,
       1,     167,     246,      10,       1,       3,       1,     10.0000,      1.3914,     42.4645,    246.1850,     61.9555,      3.4953,      0.1698,      0.1395,     11.7353,      0.1134,      5.5302,     11.0604,      1.0022,     28.4117,     56.8233,      0.0190,      0.0006,      0.2259,      0.2025,   7644.0181,-425598.1250,   -912.0325,    545.4102,  25480.0605,
       1,     167,     246,      11,       1,       3,       1,     10.0000,      1.3914,     42.4645,    246.1850,     61.9555,      3.4953,      0.1864,      0.1561,     11.1399,      0.1133,      5.5302,     11.0604,      1.0012,     28.4117,     56.8233,      0.0190,      0.0006,      0.2500,      0.2025,   7644.0186,-432513.9688,   -913.9779,    544.9390,  25480.0586,
       1,     167,     246,      12,       1,       3,       1,     10.0000,      1.3914,     42.4645,    246.1850,     61.9555,      3.4953,      0.1435,      0.1130,      8.4191,      0.1162,      5.5302,     11.0604,      1.0272,     28.4117,     56.8233,      0.0190,      0.0006,      0.1881,      0.2025,   7644.0181,-432359.2812,   -914.8632,    544.9496,  25480.0586,
       1,     167,     246,      13,       1,       3,       1,     10.0000,      1.3914,     42.4645,    246.1850,     61.9555,      3.4953,      0.1866,      0.1554,     15.7372,      0.1362,      5.5302,     11.0604,      1.2040,     28.4117,     56.8233,      0.0190,      0.0008,      0.2500,      0.2025,   7644.0181,-428932.3438,   -914.9977,    545.1832,  25480.0566,
       1,     167,     246,      14,       1,       3,       1,     10.0000,      1.3914,     42.4645,    246.1850,     61.9555,      3.4953,      0.1858,      0.1535,      9.1872,      0.1671,      5.5302,     11.0604,      1.4767,     28.4117,     56.8233,      0.0190,      0.0005,      0.2500,      0.2025,   7644.0171,-437820.3125,   -918.0732,    544.5775,  25480.0566,
       1,     167,     246,      15,       1,       3,       1,     10.0000,      1.3914,     42.4645,    246.1850,     61.9555,      3.4953,      0.1856,      0.1530,      7.8423,      0.1767,      5.5302,     11.0604,      1.5615,     28.4117,     56.8233,      0.0190,      0.0004,      0.2500,      0.2025,   7644.0171,-430363.0938,   -918.5150,    545.0854,  25480.0566,
       1,     167,     246,      16,       1,       3,       1,     10.0000,      1.3914,     42.4645,    246.1850,     61.9555,      3.4953,      0.1863,      0.1538,     15.5529,      0.1736,      5.5302,     11.0604,      1.5337,     28.4117,     56.8233,      0.0190,      0.0008,      0.2500,      0.2025,   7644.0171,-428038.3438,   -919.4390,    545.2440,  25480.0586,
       1,     167,     246,      17,       1,       3,       1,     10.0000,      1.3914,     42.4645,    246.1850,     61.9555,      3.4953,      0.1786,      0.1459,     15.3727,      0.1801,      5.5302,     11.0604,      1.5913,     28.4117,     56.8233,      0.0190,      0.0008,      0.2389,      0.2025,   7644.0181,-437512.5312,   -922.1006,    544.5984,  25480.0586,
       1,     167,     246,      18,       1,       3,       1,     10.0000,      1.3914,     42.4645,    246.1850,     61.9555,      3.4953,      0.1671,      0.1348,     31.2730,      0.1646,      5.5302,     11.0604,      1.4547,     28.4117,     56.8233,      0.0190,      0.0018,      0.2199,      0.2025,   7644.0181,-438097.7500,   -922.7956,    544.5590,  25480.0586,
       1,     167,     246,      19,       1,       3,       1,     10.0000,      1.3914,     42.4645,    246.1850,     61.9555,      3.4953,      0.1514,      0.1197,     46.8611,      0.1489,      5.5302,     11.0604,      1.3158,     28.4117,     56.8233,      0.0190,      0.0030,      0.1952,      0.2025,   7644.0181,-458097.6250,   -927.0244,    543.1976,  25480.0586,
       1,     167,     246,      20,       1,       3,       1,     10.0000,      1.3914,     42.4645,    246.1850,     61.9555,      3.4953,      0.0204,     -0.0110,      2.6618,      0.1417,      5.5302,     11.0604,      1.2524,     28.4117,     56.8233,      0.0190,      0.0036,      0.0092,      0.2025,   7644.0181,-479376.2812,   -931.5798,    541.7544,  25480.0605,
       1,     167,     246,      21,       1,       3,       1,     10.0000,      1.3914,     42.4645,    246.1850,     61.9555,      3.4953,      0.0000,     -0.0314,      3.9974,      0.1424,      5.5302,     11.0604,      1.2587,     28.4117,     56.8233,      0.0190,      0.0032,      0.0156,      0.2024,   7644.0186,-425704.1562,   -921.8997,    545.3910,  25480.0586,
       1,     167,     246,      22,       1,       3,       1,     10.0000,      1.3914,     42.4645,    246.1850,     61.9555,      3.4953,      0.0000,     -0.0315,      3.8936,      0.1445,      5.5302,     11.0604,      1.2766,     28.4117,     56.8233,      0.0190,      0.0031,      0.0156,      0.2025,   7644.0181,-422831.4062,   -921.5248,    545.5991,  25480.0605,
       1,     167,     246,      23,       1,       3,       1,     10.0000,      1.3914,     42.4645,    246.1850,     61.9555,      3.4953,      0.0000,     -0.0315,      3.4735,      0.1435,      5.5302,     11.0604,      1.2677,     28.4117,     56.8233,      0.0190,      0.0028,      0.0156,      0.2025,   7644.0186,-422439.6250,   -921.5945,    545.6258,  25480.0566,
       1,     167,     246,      24,       1,       3,       1,     10.0000,      1.3914,     42.4645,    246.1850,     61.9555,      3.4953,      0.0000,     -0.0315,      2.6736,      0.1435,      5.5302,     11.0604,      1.2677,     28.4117,     56.8233,      0.0190,      0.0021,      0.0156,      0.2025,   7644.0171,-421879.7500,   -921.5944,    545.6640,  25480.0586,
       1,     167,     247,       1,       1,       3,       1,     10.0000,      1.3914,     42.4648,    246.1909,     61.9569,      3.4953,      0.0000,     -0.0314,      2.2281,      0.1416,      5.5290,     11.0580,      1.2512,     28.4188,     56.8377,      0.0190,      0.0018,      0.0156,      0.2025,   7644.0181,-420983.9062,   -921.7727,    545.7380,  25481.2070,
       1,     167,     247,       2,       1,       3,       1,     10.0000,      1.3914,     42.4648,    246.1909,     61.9569,      3.4953,      0.0000,     -0.0315,      2.1022,      0.1436,      5.5290,     11.0580,      1.2690,     28.4188,     56.8377,      0.0190,      0.0017,      0.0156,      0.2025,   7644.3623,-420194.8750,   -921.4341,    545.7917,  25481.2051,
       1,     167,     247,       3,       1,       3,       1,     10.0000,      1.3914,     42.4648,    246.1909,     61.9569,      3.4953,      0.0000,     -0.0315,      1.8543,      0.1427,      5.5290,     11.0580,      1.2613,     28.4188,     56.8377,      0.0190,      0.0015,      0.0156,      0.2025,   7644.3618,-419969.8438,   -921.4560,    545.8072,  25481.2051,
       1,     167,     247,       4,       1,       3,       1,     10.0000,      1.3914,     42.4648,    246.1909,     61.9569,      3.4953,      0.0000,     -0.0315,      1.6180,      0.1451,      5.5290,     11.0580,      1.2818,     28.4188,     56.8377,      0.0190,      0.0013,      0.0156,      0.2025,   7644.3618,-419639.4688,   -921.4565,    545.8297,  25481.2051,
       1,     167,     247,       5,       1,       3,       1,     10.0000,      1.3914,     42.4648,    246.1909,     61.9569,      3.4953,      0.0000,     -0.0315,      1.4672,      0.1443,      5.5290,     11.0580,      1.2754,     28.4188,     56.8377,      0.0190,      0.0012,      0.0156,      0.2025,   7644.3618,-419314.9375,   -921.4495,    545.8519,  25481.2051,
       1,     167,     247,       6,       1,       3,       1,     10.0000,      1.3914,     42.4648,    246.1909,     61.9569,      3.4953,      0.0000,     -0.0316,      1.2481,      0.1465,      5.5290,     11.0580,      1.2948,     28.4188,     56.8377,      0.0190,      0.0010,      0.0156,      0.2025,   7644.3618,-419097.8750,   -921.4570,    545.8666,  25481.2070,
       1,     167,     247,       7,       1,       3,       1,     10.0000,      1.3914,     42.4648,    246.1909,     61.9569,      3.4953,      0.0000,     -0.0316,      1.1733,      0.1467,      5.5290,     11.0580,      1.2961,     28.4188,     56.8377,      0.0190,      0.0009,      0.0156,      0.2025,   7644.3623,-418804.5625,   -921.4423,    545.8867,  25481.2070,
       1,     167,     247,       8,       1,       3,       1,     10.0000,      1.3914,     42.4648,    246.1909,     61.9569,      3.4953,      0.0066,     -0.0250,      1.1192,      0.1473,      5.5290,     11.0580,      1.3014,     28.4188,     56.8377,      0.0190,      0.0009,      0.0156,      0.2025,   7644.3623,-418685.4688,   -921.4536,    545.8948,  25481.2051,
       1,     167,     247,       9,       1,       3,       1,     10.0000,      1.3914,     42.4648,    246.1909,     61.9569,      3.4953,      0.0571,      0.0255,      5.5583,      0.1455,      5.5290,     11.0580,      1.2857,     28.4188,     56.8377,      0.0190,      0.0011,      0.0623,      0.2025,   7644.3618,-418607.6875,   -921.4774,    545.9001,  25481.2070,
       1,     167,     247,      10,       1,       3,       1,     10.0000,      1.3914,     42.4648,    246.1909,     61.9569,      3.4953,      0.1168,      0.0850,     15.2484,      0.1539,      5.5290,     11.0580,      1.3603,     28.4188,     56.8377,      0.0190,      0.0013,      0.1483,      0.2025,   7644.3623,-424168.3438,   -922.6218,    545.5206,  25481.2070,
       1,     167,     247,      11,       1,       3,       1,     10.0000,      1.3914,     42.4648,    246.1909,     61.9569,      3.4953,      0.1572,      0.1254,     25.2349,      0.1535,      5.5290,     11.0580,      1.3562,     28.4188,     56.8377,      0.0190,      0.0015,      0.2061,      0.2025,   7644.3623,-436799.0938,   -925.1857,    544.6595,  25481.2051,
       1,     167,     247,      12,       1,       3,       1,     10.0000,      1.3914,     42.4648,    246.1909,     61.9569,      3.4953,      0.1779,      0.1454,     32.8446,      0.1748,      5.5290,     11.0580,      1.5445,     28.4188,     56.8377,      0.0190,      0.0017,      0.2358,      0.2025,   7644.3618,-450409.9062,   -924.0986,    543.7335,  25481.2031,
       1,     167,     247,      13,       1,       3,       1,     10.0000,      1.3914,     42.4648,    246.1909,     61.9569,      3.4953,      0.1878,      0.1552,     35.0002,      0.1767,      5.5290,     11.0580,      1.5615,     28.4188,     56.8377,      0.0190,      0.0017,      0.2500,      0.2025,   7644.3613,-461123.6875,   -925.0460,    543.0061,  25481.2051,
       1,     167,     247,      14,       1,       3,       1,     10.0000,      1.3914,     42.4648,    246.1909,     61.9569,      3.4953,      0.1855,      0.1525,     29.7940,      0.1889,      5.5290,     11.0580,      1.6689,     28.4188,     56.8377,      0.0190,      0.0015,      0.2474,      0.2025,   7644.3618,-464744.0938,   -926.9120,    542.7609,  25481.2051,
       1,     167,     247,      15,       1,       3,       1,     10.0000,      1.3914,     42.4648,    246.1909,     61.9569,      3.4953,      0.1863,      0.1534,     36.5232,      0.1853,      5.5290,     11.0580,      1.6378,     28.4188,     56.8377,      0.0190,      0.0018,      0.2477,      0.2025,   7644.3618,-458518.5938,   -926.6735,    543.1833,  25481.2051,
       1,     167,     247,      16,       1,       3,       1,     10.0000,      1.3914,     42.4648,    246.1909,     61.9569,      3.4953,      0.1709,      0.1381,     25.0828,      0.1833,      5.5290,     11.0580,      1.6200,     28.4188,     56.8377,      0.0190,      0.0014,      0.2264,      0.2025,   7644.3618,-466432.3125,   -929.0464,    542.6461,  25481.2051,
       1,     167,     247,      17,       1,       3,       1,     10.0000,      1.3914,     42.4648,    246.1909,     61.9569,      3.4953,      0.1149,      0.0821,     28.4412,      0.1837,      5.5290,     11.0580,      1.6232,     28.4188,     56.8377,      0.0190,      0.0025,      0.1436,      0.2025,   7644.3618,-452749.7500,   -927.1313,    543.5745,  25481.2070,
       1,     167,     247,      18,       1,       3,       1,     10.0000,      1.3914,     42.4648,    246.1909,     61.9569,      3.4953,      0.0105,     -0.0227,      3.1384,      0.1953,      5.5290,     11.0580,      1.7261,     28.4188,     56.8377,      0.0190,      0.0025,      0.0156,      0.2025,   7644.3623,-455797.7812,   -928.1446,    543.3682,  25481.2051,
       1,     167,     247,      19,       1,       3,       1,     10.0000,      1.3914,     42.4648,    246.1909,     61.9569,      3.4953,      0.0069,     -0.0259,      3.7851,      0.1822,      5.5290,     11.0580,      1.6104,     28.4188,     56.8377,      0.0190,      0.0030,      0.0156,      0.2025,   7644.3618,-424305.0938,   -922.5020,    545.5073,  25481.2070,
       1,     167,     247,      20,       1,       3,       1,     10.0000,      1.3914,     42.4648,    246.1909,     61.9569,      3.4953,      0.0009,     -0.0314,      3.7061,      0.1673,      5.5290,     11.0580,      1.4782,     28.4188,     56.8377,      0.0190,      0.0029,      0.0156,      0.2025,   7644.3623,-422437.2188,   -922.3520,    545.6388,  25481.2051,
       1,     167,     247,      21,       1,       3,       1,     10.0000,      1.3914,     42.4648,    246.1909,     61.9569,      3.4953,      0.0000,     -0.0321,      3.6880,      0.1596,      5.5290,     11.0580,      1.4103,     28.4188,     56.8377,      0.0190,      0.0029,      0.0156,      0.2025,   7644.3618,-422173.3125,   -922.4758,    545.6569,  25481.2051,
       1,     167,     247,      22,       1,       3,       1,     10.0000,      1.3914,     42.4648,    246.1909,     61.9569,      3.4953,      0.0000,     -0.0319,      4.5365,      0.1564,      5.5290,     11.0580,      1.3823,     28.4188,     56.8377,      0.0190,      0.0036,      0.0156,      0.2025,   7644.3618,-422128.0938,   -922.6198,    545.6600,  25481.2051,
       1,     167,     247,      23,       1,       3,       1,     10.0000,      1.3914,     42.4648,    246.1909,     61.9569,      3.4953,      0.0000,     -0.0319,      5.1474,      0.1556,      5.5290,     11.0580,      1.3754,     28.4188,     56.8377,      0.0190,      0.0041,      0.0156,      0.2025,   7644.3618,-423188.3438,   -922.9747,    545.5876,  25481.2051,
       1,     167,     247,      24,       1,       3,       1,     10.0000,      1.3914,     42.4648,    246.1909,     61.9569,      3.4953,      0.0000,     -0.0318,      3.7723,      0.1522,      5.5290,     11.0580,      1.3453,     28.4188,     56.8377,      0.0190,      0.0030,      0.0156,      0.2025,   7644.3618,-424045.4688,   -923.3118,    545.5292,  25481.2051,
       1,     167,     248,       1,       1,       3,       1,     10.0000,      1.3914,     42.4652,    246.1967,     61.9584,      3.4953,      0.0000,     -0.0318,      2.9939,      0.1530,      5.5309,     11.0618,      1.3521,     28.4137,     56.8274,      0.0190,      0.0024,      0.0156,      0.2025,   7644.3618,-422550.0625,   -923.4212,    545.6442,  25482.3496,
       1,     167,     248,       2,       1,       3,       1,     10.0000,      1.3914,     42.4652,    246.1967,     61.9584,      3.4953,      0.0000,     -0.0317,      2.2790,      0.1507,      5.5309,     11.0618,      1.3319,     28.4137,     56.8274,      0.0190,      0.0018,      0.0156,      0.2025,   7644.7051,-421292.7812,   -923.0060,    545.7300,  25482.3516,
       1,     167,     248,       3,       1,       3,       1,     10.0000,      1.3914,     42.4652,    246.1967,     61.9584,      3.4953,      0.0000,     -0.0318,      2.0034,      0.1526,      5.5309,     11.0618,      1.3480,     28.4137,     56.8274,      0.0190,      0.0016,      0.0156,      0.2025,   7644.7056,-420288.1875,   -922.8797,    545.7985,  25482.3496,
       1,     167,     248,       4,       1,       3,       1,     10.0000,      1.3914,     42.4652,    246.1967,     61.9584,      3.4953,      0.0000,     -0.0318,      1.6455,      0.1519,      5.5309,     11.0618,      1.3426,     28.4137,     56.8274,      0.0190,      0.0013,      0.0156,      0.2025,   7644.7051,-419857.0625,   -922.8618,    545.8279,  25482.3516,
       1,     167,     248,       5,       1,       3,       1,     10.0000,      1.3914,     42.4652,    246.1967,     61.9584,      3.4953,      0.0000,     -0.0318,      1.2619,      0.1516,      5.5309,     11.0618,      1.3399,     28.4137,     56.8274,      0.0190,      0.0010,      0.0156,      0.2025,   7644.7056,-419370.9688,   -922.8018,    545.8611,  25482.3516,
       1,     167,     248,       6,       1,       3,       1,     10.0000,      1.3914,     42.4652,    246.1967,     61.9584,      3.4953,      0.0000,     -0.0317,      1.1261,      0.1498,      5.5309,     11.0618,      1.3239,     28.4137,     56.8274,      0.0190,      0.0009,      0.0156,      0.2025,   7644.7056,-418848.2500,   -922.7386,    545.8967,  25482.3516,
       1,     167,     248,       7,       1,       3,       1,     10.0000,      1.3914,     42.4652,    246.1967,     61.9584,      3.4953,      0.0000,     -0.0315,      0.9259,      0.1433,      5.5309,     11.0618,      1.2664,     28.4137,     56.8274,      0.0190,      0.0007,      0.0156,      0.2025,   7644.7056,-418633.2188,   -922.7310,    545.9114,  25482.3496,
       1,     167,     248,       8,       1,       3,       1,     10.0000,      1.3914,     42.4652,    246.1967,     61.9584,      3.4953,      0.0132,     -0.0183,      0.8565,      0.1439,      5.5309,     11.0618,      1.2716,     28.4137,     56.8274,      0.0190,      0.0007,      0.0156,      0.2025,   7644.7051,-418364.1562,   -922.7063,    545.9297,  25482.3535,
       1,     167,     248,       9,       1,       3,       1,     10.0000,      1.3914,     42.4652,    246.1967,     61.9584,      3.4953,      0.1312,      0.0996,      9.1155,      0.1462,      5.5309,     11.0618,      1.2922,     28.4137,     56.8274,      0.0190,      0.0007,      0.1700,      0.2025,   7644.7065,-418253.5312,   -922.7194,    545.9373,  25482.3496,
       1,     167,     248,      10,       1,       3,       1,     10.0000,      1.3914,     42.4652,    246.1967,     61.9584,      3.4953,      0.1734,      0.1424,     11.1074,      0.1299,      5.5309,     11.0618,      1.1480,     28.4137,     56.8274,      0.0190,      0.0006,      0.2312,      0.2025,   7644.7051,-428601.9062,   -922.2183,    545.2311,  25482.3535,
       1,     167,     248,      11,       1,       3,       1,     10.0000,      1.3914,     42.4652,    246.1967,     61.9584,      3.4953,      0.1792,      0.1476,     11.6555,      0.1451,      5.5309,     11.0618,      1.2819,     28.4137,     56.8274,      0.0190,      0.0006,      0.2398,      0.2025,   7644.7065,-431986.4375,   -913.4584,    545.0009,  25482.3516,
       1,     167,     248,      12,       1,       3,       1,     10.0000,      1.3914,     42.4652,    246.1967,     61.9584,      3.4953,      0.1825,      0.1498,      9.5234,      0.1767,      5.5309,     11.0618,      1.5615,     28.4137,     56.8274,      0.0190,      0.0005,      0.2451,      0.2025,   7644.7056,-432963.1875,   -914.7298,    544.9344,  25482.3516,
       1,     167,     248,      13,       1,       3,       1,     10.0000,      1.3914,     42.4652,    246.1967,     61.9584,      3.4953,      0.1860,      0.1529,     13.1485,      0.1904,      5.5309,     11.0618,      1.6823,     28.4137,     56.8274,      0.0190,      0.0007,      0.2500,      0.2025,   7644.7056,-430372.2188,   -915.2851,    545.1109,  25482.3516,
       1,     167,     248,      14,       1,       3,       1,     10.0000,      1.3914,     42.4652,    246.1967,     61.9584,      3.4953,      0.1867,      0.1533,     23.4372,      0.2014,      5.5309,     11.0618,      1.7798,     28.4137,     56.8274,      0.0190,      0.0012,      0.2500,      0.2025,   7644.7056,-434697.6562,   -917.7092,    544.8162,  25482.3516,
       1,     167,     248,      15,       1,       3,       1,     10.0000,      1.3914,     42.4652,    246.1967,     61.9584,      3.4953,      0.1858,      0.1526,     11.9444,      0.1965,      5.5309,     11.0618,      1.7364,     28.4137,     56.8274,      0.0190,      0.0006,      0.2500,      0.2025,   7644.7056,-447973.4375,   -921.6268,    543.9121,  25482.3535,
       1,     167,     248,      16,       1,       3,       1,     10.0000,      1.3914,     42.4652,    246.1967,     61.9584,      3.4953,      0.1866,      0.1542,     19.0922,      0.1691,      5.5309,     11.0618,      1.4946,     28.4137,     56.8274,      0.0190,      0.0009,      0.2500,      0.2025,   7644.7065,-434691.2812,   -920.2018,    544.8160,  25482.3535,
       1,     167,     248,      17,       1,       3,       1,     10.0000,      1.3914,     42.4652,    246.1967,     61.9584,      3.4953,      0.1849,      0.1529,     55.0334,      0.1585,      5.5309,     11.0618,      1.4005,     28.4137,     56.8274,      0.0190,      0.0028,      0.2433,      0.2025,   7644.7065,-442523.2812,   -922.6085,    544.2834,  25482.3516,
       1,     167,     248,      18,       1,       3,       1,     10.0000,      1.3914,     42.4652,    246.1967,     61.9584,      3.4953,      0.1480,      0.1163,     48.1735,      0.1489,      5.5309,     11.0618,      1.3159,     28.4137,     56.8274,      0.0190,      0.0031,      0.1901,      0.2025,   7644.7056,-488281.0938,   -924.5328,    541.1705,  25482.3516,
       1,     167,     248,      19,       1,       3,       1,     10.0000,      1.3914,     42.4652,    246.1967,     61.9584,      3.4953,      0.0872,      0.0556,     26.9339,      0.1461,      5.5309,     11.0618,      1.2909,     28.4137,     56.8274,      0.0190,      0.0032,      0.1037,      0.2025,   7644.7056,-483602.8438,   -923.1915,    541.4958,  25482.3535,
       1,     167,     248,      20,       1,       3,       1,     10.0000,      1.3914,     42.4652,    246.1967,     61.9584,      3.4953,      0.0121,     -0.0194,      4.5379,      0.1452,      5.5309,     11.0618,      1.2832,     28.4137,     56.8274,      0.0190,      0.0036,      0.0156,      0.2025,   7644.7065,-456531.3438,   -917.9119,    543.3282,  25482.3516,
       1,     167,     248,      21,       1,       3,       1,     10.0000,      1.3914,     42.4652,    246.1967,     61.9584,      3.4953,      0.0000,     -0.0314,      2.7556,      0.1416,      5.5309,     11.0618,      1.2512,     28.4137,     56.8274,      0.0190,      0.0022,      0.0156,      0.2025,   7644.7056,-426129.5938,   -912.3004,    545.3961,  25482.3516,
       1,     167,     248,      22,       1,       3,       1,     10.0000,      1.3914,     42.4652,    246.1967,     61.9584,      3.4953,      0.0000,     -0.0314,      1.5543,      0.1419,      5.5309,     11.0618,      1.2537,     28.4137,     56.8274,      0.0190,      0.0012,      0.0156,      0.2025,   7644.7056,-421304.6875,   -911.1068,    545.7291,  25482.3516,
       1,     167,     248,      23,       1,       3,       1,     10.0000,      1.3914,     42.4652,    246.1967,     61.9584,      3.4953,      0.0000,     -0.0316,      0.6715,      0.1461,      5.5309,     11.0618,      1.2909,     28.4137,     56.8274,      0.0190,      0.0005,      0.0156,      0.2025,   7644.7056,-419380.4375,   -910.9147,    545.8604,  25482.3516,
       1,     167,     248,      24,       1,       3,       1,     10.0000,      1.3914,     42.4652,    246.1967,     61.9584,      3.4953,      0.0000,     -0.0314,      0.4075,      0.1425,      5.5309,     11.0618,      1.2588,     28.4137,     56.8274,      0.0190,      0.0003,      0.0156,      0.2025,   7644.7056,-418108.7812,   -910.2305,    545.9472,  25482.3496,
       1,     167,     249,       1,       1,       3,       1,     10.0000,      1.3914,     42.4655,    246.2026,     61.9598,      3.4953,      0.0000,     -0.0313,      0.3757,      0.1378,      5.5293,     11.0585,      1.2175,     28.4203,     56.8406,      0.0190,      0.0003,      0.0156,      0.2026,   7644.7051,-417825.2188,   -910.4048,    545.9793,  25483.5000,
       1,     167,     249,       2,       1,       3,       1,     10.0000,      1.3914,     42.4655,    246.2026,     61.9598,      3.4953,      0.0000,     -0.0312,      0.3645,      0.1365,      5.5293,     11.0585,      1.2065,     28.4203,     56.8406,      0.0190,      0.0003,      0.0156,      0.2026,   7645.0503,-417607.5938,   -910.1026,    545.9943,  25483.4980,
       1,     167,     249,       3,       1,       3,       1,     10.0000,      1.3914,     42.4655,    246.2026,     61.9598,      3.4953,      0.0000,     -0.0310,      0.4009,      0.1298,      5.5293,     11.0585,      1.1468,     28.4203,     56.8406,      0.0190,      0.0003,      0.0156,      0.2026,   7645.0498,-417575.2188,   -910.1044,    545.9965,  25483.5020,
       1,     167,     249,       4,       1,       3,       1,     10.0000,      1.3914,     42.4655,    246.2026,     61.9598,      3.4953,      0.0000,     -0.0307,      0.4063,      0.1240,      5.5293,     11.0585,      1.0955,     28.4203,     56.8406,      0.0190,      0.0003,      0.0156,      0.2026,   7645.0508,-417617.4062,   -910.1245,    545.9935,  25483.5000,
       1,     167,     249,       5,       1,       3,       1,     10.0000,      1.3914,     42.4655,    246.2026,     61.9598,      3.4953,      0.0000,     -0.0308,      0.3810,      0.1258,      5.5293,     11.0585,      1.1112,     28.4203,     56.8406,      0.0190,      0.0003,      0.0156,      0.2026,   7645.0503,-417628.1875,   -910.1420,    545.9928,  25483.5000,
       1,     167,     249,       6,       1,       3,       1,     10.0000,      1.3914,     42.4655,    246.2026,     61.9598,      3.4953,      0.0000,     -0.0309,      0.3062,      0.1281,      5.5293,     11.0585,      1.1318,     28.4203,     56.8406,      0.0190,      0.0002,      0.0156,      0.2026,   7645.0503,-417597.3125,   -910.1491,    545.9949,  25483.5000,
       1,     167,     249,       7,       1,       3,       1,     10.0000,      1.3914,     42.4655,    246.2026,     61.9598,      3.4953,      0.0000,     -0.0310,      0.3183,      0.1307,      5.5293,     11.0585,      1.1550,     28.4203,     56.8406,      0.0190,      0.0003,      0.0156,      0.2026,   7645.0503,-417500.8750,   -910.1332,    546.0015,  25483.5000,
       1,     167,     249,       8,       1,       3,       1,     10.0000,      1.3914,     42.4655,    246.2026,     61.9598,      3.4953,      0.0047,     -0.0264,      0.3456,      0.1326,      5.5293,     11.0585,      1.1715,     28.4203,     56.8406,      0.0190,      0.0003,      0.0156,      0.2026,   7645.0503,-417507.8125,   -910.1366,    546.0010,  25483.5000,
       1,     167,     249,       9,       1,       3,       1,     10.0000,      1.3914,     42.4655,    246.2026,     61.9598,      3.4953,      0.1321,      0.1011,      3.7376,      0.1319,      5.5293,     11.0585,      1.1656,     28.4203,     56.8406,      0.0190,      0.0003,      0.1721,      0.2026,   7645.0503,-417542.6250,   -910.1046,    545.9986,  25483.5000,
       1,     167,     249,      10,       1,       3,       1,     10.0000,      1.3914,     42.4655,    246.2026,     61.9598,      3.4953,      0.1603,      0.1289,      5.8228,      0.1420,      5.5293,     11.0585,      1.2550,     28.4203,     56.8406,      0.0190,      0.0003,      0.2129,      0.2026,   7645.0503,-421798.8438,   -911.2542,    545.7082,  25483.5020,
       1,     167,     249,      11,       1,       3,       1,     10.0000,      1.3914,     42.4655,    246.2026,     61.9598,      3.4953,      0.1857,      0.1535,      7.8178,      0.1660,      5.5293,     11.0585,      1.4665,     28.4203,     56.8406,      0.0190,      0.0004,      0.2500,      0.2026,   7645.0508,-424777.8125,   -912.5077,    545.5051,  25483.5000,
       1,     167,     249,      12,       1,       3,       1,     10.0000,      1.3914,     42.4655,    246.2026,     61.9598,      3.4953,      0.1830,      0.1503,      7.4206,      0.1801,      5.5293,     11.0585,      1.5914,     28.4203,     56.8406,      0.0190,      0.0004,      0.2462,      0.2026,   7645.0503,-427534.6250,   -915.2612,    545.3171,  25483.5020,
       1,     167,     249,      13,       1,       3,       1,     10.0000,      1.3914,     42.4655,    246.2026,     61.9598,      3.4953,      0.1857,      0.1529,      9.1878,      0.1819,      5.5293,     11.0585,      1.6073,     28.4203,     56.8406,      0.0190,      0.0005,      0.2500,      0.2026,   7645.0508,-427272.2188,   -916.3680,    545.3350,  25483.5020,
       1,     167,     249,      14,       1,       3,       1,     10.0000,      1.3914,     42.4655,    246.2026,     61.9598,      3.4953,      0.1856,      0.1526,      7.5285,      0.1861,      5.5293,     11.0585,      1.6444,     28.4203,     56.8406,      0.0190,      0.0004,      0.2500,      0.2026,   7645.0508,-429466.0312,   -917.9423,    545.1855,  25483.5000,
       1,     167,     249,      15,       1,       3,       1,     10.0000,      1.3914,     42.4655,    246.2026,     61.9598,      3.4953,      0.1857,      0.1529,      9.4070,      0.1833,      5.5293,     11.0585,      1.6201,     28.4203,     56.8406,      0.0190,      0.0005,      0.2500,      0.2026,   7645.0503,-427572.8125,   -918.7699,    545.3145,  25483.5000,
       1,     167,     249,      16,       1,       3,       1,     10.0000,      1.3914,     42.4655,    246.2026,     61.9598,      3.4953,      0.1646,      0.1328,     25.4954,      0.1512,      5.5293,     11.0585,      1.3359,     28.4203,     56.8406,      0.0190,      0.0015,      0.2169,      0.2026,   7645.0503,-429766.8750,   -915.8070,    545.1649,  25483.5020,
       1,     167,     249,      17,       1,       3,       1,     10.0000,      1.3914,     42.4655,    246.2026,     61.9598,      3.4953,      0.1781,      0.1470,     35.6683,      0.1323,      5.5293,     11.0585,      1.1692,     28.4203,     56.8406,      0.0190,      0.0019,      0.2353,      0.2026,   7645.0508,-450131.1562,   -916.9005,    543.7773,  25483.5020,
       1,     167,     249,      18,       1,       3,       1,     10.0000,      1.3914,     42.4655,    246.2026,     61.9598,      3.4953,      0.1301,      0.0993,     24.1239,      0.1255,      5.5293,     11.0585,      1.1090,     28.4203,     56.8406,      0.0190,      0.0018,      0.1669,      0.2025,   7645.0508,-464638.5625,   -919.6694,    542.7929,  25483.4980,
       1,     167,     249,      19,       1,       3,       1,     10.0000,      1.3914,     42.4655,    246.2026,     61.9598,      3.4953,      0.0146,     -0.0164,      0.2935,      0.1303,      5.5293,     11.0585,      1.1515,     28.4203,     56.8406,      0.0190,      0.0022,      0.0016,      0.2025,   7645.0498,-451392.7812,   -916.8978,    543.6925,  25483.5000,
       1,     167,     249,      20,       1,       3,       1,     10.0000,      1.3914,     42.4655,    246.2026,     61.9598,      3.4953,      0.0016,     -0.0293,      2.5389,      0.1277,      5.5293,     11.0585,      1.1283,     28.4203,     56.8406,      0.0190,      0.0020,      0.0156,      0.2025,   7645.0503,-420367.1875,   -911.0059,    545.8018,  25483.5000,
       1,     167,     249,      21,       1,       3,       1,     10.0000,      1.3914,     42.4655,    246.2026,     61.9598,      3.4953,      0.0000,     -0.0311,      1.3783,      0.1323,      5.5293,     11.0585,      1.1692,     28.4203,     56.8406,      0.0190,      0.0011,      0.0156,      0.2026,   7645.0503,-420542.7188,   -911.3219,    545.7939,  25483.5000,
       1,     167,     249,      22,       1,       3,       1,     10.0000,      1.3914,     42.4655,    246.2026,     61.9598,      3.4953,      0.0000,     -0.0315,      0.4675,      0.1427,      5.5293,     11.0585,      1.2614,     28.4203,     56.8406,      0.0190,      0.0004,      0.0156,      0.2026,   7645.0503,-419097.3125,   -911.2091,    545.8926,  25483.4980,
       1,     167,     249,      23,       1,       3,       1,     10.0000,      1.3914,     42.4655,    246.2026,     61.9598,      3.4953,      0.0000,     -0.0318,      0.8328,      0.1523,      5.5293,     11.0585,      1.3454,     28.4203,     56.8406,      0.0190,      0.0007,      0.0156,      0.2026,   7645.0498,-417831.8438,   -911.0029,    545.9789,  25483.5020,
       1,     167,     249,      24,       1,       3,       1,     10.0000,      1.3914,     42.4655,    246.2026,     61.9598,      3.4953,      0.0000,     -0.0318,      0.5490,      0.1529,      5.5293,     11.0585,      1.3508,     28.4203,     56.8406,      0.0190,      0.0004,      0.0156,      0.2026,   7645.0508,-418181.1250,   -911.1304,    545.9551,  25483.5000,
       1,     167,     250,       1,       1,       3,       1,     10.0000,      1.3915,     42.4658,    246.2084,     61.9614,      3.4953,      0.0000,     -0.0318,      0.6166,      0.1530,      5.5300,     11.0601,      1.3522,     28.4238,     56.8476,      0.0190,      0.0005,      0.0156,      0.2026,   7645.0503,-418012.0000,   -911.3840,    545.9796,  25484.6504,
       1,     167,     250,       2,       1,       3,       1,     10.0000,      1.3915,     42.4658,    246.2084,     61.9614,      3.4953,      0.0000,     -0.0318,      0.5389,      0.1523,      5.5300,     11.0601,      1.3454,     28.4238,     56.8476,      0.0190,      0.0004,      0.0156,      0.2026,   7645.3955,-417928.5000,   -911.1489,    545.9853,  25484.6504,
       1,     167,     250,       3,       1,       3,       1,     10.0000,      1.3915,     42.4658,    246.2084,     61.9614,      3.4953,      0.0000,     -0.0317,      0.6018,      0.1491,      5.5300,     11.0601,      1.3173,     28.4238,     56.8476,      0.0190,      0.0005,      0.0156,      0.2026,   7645.3955,-417823.8438,   -910.1568,    545.9924,  25484.6523,
       1,     167,     250,       4,       1,       3,       1,     10.0000,      1.3915,     42.4658,    246.2084,     61.9614,      3.4953,      0.0000,     -0.0318,      0.7002,      0.1512,      5.5300,     11.0601,      1.3360,     28.4238,     56.8476,      0.0190,      0.0006,      0.0156,      0.2026,   7645.3960,-417893.7188,   -910.1779,    545.9877,  25484.6504,
       1,     167,     250,       5,       1,       3,       1,     10.0000,      1.3915,     42.4658,    246.2084,     61.9614,      3.4953,      0.0000,     -0.0318,      0.6164,      0.1523,      5.5300,     11.0601,      1.3454,     28.4238,     56.8476,      0.0190,      0.0005,      0.0156,      0.2026,   7645.3955,-418023.1250,   -910.2530,    545.9788,  25484.6523,
       1,     167,     250,       6,       1,       3,       1,     10.0000,      1.3915,     42.4658,    246.2084,     61.9614,      3.4953,      0.0000,     -0.0319,      0.7086,      0.1546,      5.5300,     11.0601,      1.3658,     28.4238,     56.8476,      0.0190,      0.0006,      0.0156,      0.2026,   7645.3960,-417928.9688,   -910.2702,    545.9852,  25484.6504,
       1,     167,     250,       7,       1,       3,       1,     10.0000,      1.3915,     42.4658,    246.2084,     61.9614,      3.4953,      0.0000,     -0.0319,      0.6084,      0.1552,      5.5300,     11.0601,      1.3713,     28.4238,     56.8476,      0.0190,      0.0005,      0.0156,      0.2026,   7645.3955,-418036.7500,   -910.3376,    545.9778,  25484.6504,
       1,     167,     250,       8,       1,       3,       1,     10.0000,      1.3915,     42.4658,    246.2084,     61.9614,      3.4953,      0.0074,     -0.0244,      0.4297,      0.1515,      5.5300,     11.0601,      1.3387,     28.4238,     56.8476,      0.0190,      0.0003,      0.0156,      0.2026,   7645.3955,-417920.4375,   -910.3513,    545.9858,  25484.6484,
       1,     167,     250,       9,       1,       3,       1,     10.0000,      1.3915,     42.4658,    246.2084,     61.9614,      3.4953,      0.0766,      0.0446,      2.2595,      0.1575,      5.5300,     11.0601,      1.3921,     28.4238,     56.8476,      0.0190,      0.0003,      0.0908,      0.2026,   7645.3950,-417686.4688,   -910.3413,    546.0018,  25484.6504,
       1,     167,     250,      10,       1,       3,       1,     10.0000,      1.3915,     42.4658,    246.2084,     61.9614,      3.4953,      0.1472,      0.1148,      5.8343,      0.1675,      5.5300,     11.0601,      1.4798,     28.4238,     56.8476,      0.0190,      0.0004,      0.1937,      0.2026,   7645.3955,-419960.4375,   -911.0172,    545.8466,  25484.6504,
       1,     167,     250,      11,       1,       3,       1,     10.0000,      1.3915,     42.4658,    246.2084,     61.9614,      3.4953,      0.1639,      0.1309,      7.1842,      0.1887,      5.5300,     11.0601,      1.6674,     28.4238,     56.8476,      0.0190,      0.0004,      0.2182,      0.2026,   7645.3955,-424637.1875,   -912.5076,    545.5275,  25484.6504,
       1,     167,     250,      12,       1,       3,       1,     10.0000,      1.3915,     42.4658,    246.2084,     61.9614,      3.4953,      0.1483,      0.1151,      6.5896,      0.1940,      5.5300,     11.0601,      1.7143,     28.4238,     56.8476,      0.0190,      0.0004,      0.1952,      0.2026,   7645.3955,-426730.1875,   -913.8920,    545.3849,  25484.6504,
       1,     167,     250,      13,       1,       3,       1,     10.0000,      1.3915,     42.4658,    246.2084,     61.9614,      3.4953,      0.1699,      0.1367,     11.1199,      0.1953,      5.5300,     11.0601,      1.7262,     28.4238,     56.8476,      0.0190,      0.0006,      0.2265,      0.2026,   7645.3955,-426163.4688,   -914.3869,    545.4235,  25484.6504,
       1,     167,     250,      14,       1,       3,       1,     10.0000,      1.3915,     42.4658,    246.2084,     61.9614,      3.4953,      0.1730,      0.1401,     10.8003,      0.1863,      5.5300,     11.0601,      1.6461,     28.4238,     56.8476,      0.0190,      0.0006,      0.2311,      0.2026,   7645.3955,-431795.5000,   -916.2261,    545.0395,  25484.6504,
       1,     167,     250,      15,       1,       3,       1,     10.0000,      1.3915,     42.4658,    246.2084,     61.9614,      3.4953,      0.1831,      0.1512,     21.7770,      0.1541,      5.5300,     11.0601,      1.3617,     28.4238,     56.8476,      0.0190,      0.0011,      0.2443,      0.2026,   7645.3955,-431876.8125,   -917.0765,    545.0342,  25484.6504,
       1,     167,     250,      16,       1,       3,       1,     10.0000,      1.3915,     42.4658,    246.2084,     61.9614,      3.4953,      0.1886,      0.1575,     41.3684,      0.1350,      5.5300,     11.0601,      1.1931,     28.4238,     56.8476,      0.0190,      0.0020,      0.2500,      0.2026,   7645.3955,-445648.3125,   -916.2722,    544.0959,  25484.6523,
       1,     167,     250,      17,       1,       3,       1,     10.0000,      1.3915,     42.4658,    246.2084,     61.9614,      3.4953,      0.1450,      0.1139,     31.1385,      0.1334,      5.5300,     11.0601,      1.1787,     28.4238,     56.8476,      0.0190,      0.0021,      0.1877,      0.2026,   7645.3960,-471400.2500,   -921.3279,    542.3453,  25484.6523,
       1,     167,     250,      18,       1,       3,       1,     10.0000,      1.3915,     42.4658,    246.2084,     61.9614,      3.4953,      0.1150,      0.0838,     26.0192,      0.1360,      5.5300,     11.0601,      1.2016,     28.4238,     56.8476,      0.0190,      0.0022,      0.1445,      0.2026,   7645.3960,-460770.5312,   -920.4005,    543.0687,  25484.6504,
       1,     167,     250,      19,       1,       3,       1,     10.0000,      1.3915,     42.4658,    246.2084,     61.9614,      3.4953,      0.0905,      0.0592,     21.6422,      0.1398,      5.5300,     11.0601,      1.2349,     28.4238,     56.8476,      0.0190,      0.0025,      0.1093,      0.2026,   7645.3955,-453439.3750,   -919.8563,    543.5668,  25484.6523,
       1,     167,     250,      20,       1,       3,       1,     10.0000,      1.3915,     42.4658,    246.2084,     61.9614,      3.4953,      0.0121,     -0.0191,      1.6087,      0.1370,      5.5300,     11.0601,      1.2102,     28.4238,     56.8476,      0.0190,      0.0013,      0.0156,      0.2026,   7645.3960,-447322.8438,   -919.3985,    543.9827,  25484.6504,
       1,     167,     250,      21,       1,       3,       1,     10.0000,      1.3915,     42.4658,    246.2084,     61.9614,      3.4953,      0.0000,     -0.0312,      0.3337,      0.1363,      5.5300,     11.0601,      1.2041,     28.4238,     56.8476,      0.0190,      0.0003,      0.0156,      0.2026,   7645.3955,-421673.0625,   -914.9533,    545.7270,  25484.6523,
       1,     167,     250,      22,       1,       3,       1,     10.0000,      1.3915,     42.4658,    246.2084,     61.9614,      3.4953,      0.0000,     -0.0313,      0.3375,      0.1395,      5.5300,     11.0601,      1.2324,     28.4238,     56.8476,      0.0190,      0.0003,      0.0156,      0.2026,   7645.3960,-417890.1562,   -914.2736,    545.9878,  25484.6504,
       1,     167,     250,      23,       1,       3,       1,     10.0000,      1.3915,     42.4658,    246.2084,     61.9614,      3.4953,      0.0000,     -0.0314,      0.3836,      0.1405,      5.5300,     11.0601,      1.2412,     28.4238,     56.8476,      0.0190,      0.0003,      0.0156,      0.2026,   7645.3955,-417568.2812,   -911.4809,    546.0098,  25484.6504,
       1,     167,     250,      24,       1,       3,       1,     10.0000,      1.3915,     42.4658,    246.2084,     61.9614,      3.4953,      0.0000,     -0.0316,      0.5375,      0.1465,      5.5300,     11.0601,      1.2949,     28.4238,     56.8476,      0.0190,      0.0004,      0.0156,      0.2026,   7645.3955,-417598.4688,   -911.4924,    546.0078,  25484.6504,
       1,     167,     251,       1,       1,       3,       1,     10.0000,      1.3915,     42.4662,    246.2142,     61.9627,      3.4953,      0.0000,     -0.0317,      0.4698,      0.1491,      5.5299,     11.0598,      1.3173,     28.4245,     56.8491,      0.0190,      0.0004,      0.0156,      0.2026,   7645.3955,-417950.3750,   -911.8381,    545.9966,  25485.7988,
       1,     167,     251,       2,       1,       3,       1,     10.0000,      1.3915,     42.4662,    246.2142,     61.9627,      3.4953,      0.0000,     -0.0317,      0.3721,      0.1500,      5.5299,     11.0598,      1.3253,     28.4245,     56.8491,      0.0190,      0.0003,      0.0156,      0.2026,   7645.7397,-417742.2188,   -911.5605,    546.0109,  25485.7969,
       1,     167,     251,       3,       1,       3,       1,     10.0000,      1.3915,     42.4662,    246.2142,     61.9627,      3.4953,      0.0000,     -0.0318,      0.5033,      0.1512,      5.5299,     11.0598,      1.3360,     28.4245,     56.8491,      0.0190,      0.0004,      0.0156,      0.2026,   7645.7393,-417602.0312,   -911.5375,    546.0204,  25485.7988,
       1,     167,     251,       4,       1,       3,       1,     10.0000,      1.3915,     42.4662,    246.2142,     61.9627,      3.4953,      0.0000,     -0.0317,      0.3813,      0.1504,      5.5299,     11.0598,      1.3293,     28.4245,     56.8491,      0.0190,      0.0003,      0.0156,      0.2026,   7645.7397,-417754.2812,   -911.5823,    546.0101,  25485.7988,
       1,     167,     251,       5,       1,       3,       1,     10.0000,      1.3915,     42.4662,    246.2142,     61.9627,      3.4953,      0.0000,     -0.0317,      0.5290,      0.1494,      5.5299,     11.0598,      1.3200,     28.4245,     56.8491,      0.0190,      0.0004,      0.0156,      0.2026,   7645.7397,-417614.4062,   -911.5600,    546.0195,  25485.7988,
       1,     167,     251,       6,       1,       3,       1,     10.0000,      1.3915,     42.4662,    246.2142,     61.9627,      3.4953,      0.0000,     -0.0317,      0.6741,      0.1500,      5.5299,     11.0598,      1.3253,     28.4245,     56.8491,      0.0190,      0.0005,      0.0156,      0.2026,   7645.7397,-417787.6562,   -910.1475,    546.0078,  25485.7969,
       1,     167,     251,       7,       1,       3,       1,     10.0000,      1.3915,     42.4662,    246.2142,     61.9627,      3.4953,      0.0000,     -0.0316,      0.7793,      0.1474,      5.5299,     11.0598,      1.3028,     28.4245,     56.8491,      0.0190,      0.0006,      0.0156,      0.2026,   7645.7393,-417984.4688,   -910.2159,    545.9943,  25485.7988,
       1,     167,     251,       8,       1,       3,       1,     10.0000,      1.3915,     42.4662,    246.2142,     61.9627,      3.4953,      0.0066,     -0.0250,      0.7714,      0.1463,      5.5299,     11.0598,      1.2923,     28.4245,     56.8491,      0.0190,      0.0006,      0.0156,      0.2026,   7645.7397,-418133.1250,   -910.2891,    545.9843,  25485.7988,
       1,     167,     251,       9,       1,       3,       1,     10.0000,      1.3915,     42.4662,    246.2142,     61.9627,      3.4953,      0.0333,      0.0011,      1.1090,      0.1637,      5.5299,     11.0598,      1.4462,     28.4245,     56.8491,      0.0190,      0.0005,      0.0274,      0.2026,   7645.7397,-418135.6875,   -910.3693,    545.9839,  25485.7988,
       1,     167,     251,      10,       1,       3,       1,     10.0000,      1.3915,     42.4662,    246.2142,     61.9627,      3.4953,      0.0113,     -0.0214,      0.5315,      0.1799,      5.5299,     11.0598,      1.5899,     28.4245,     56.8491,      0.0190,      0.0004,      0.0156,      0.2026,   7645.7397,-418559.4375,   -910.5889,    545.9551,  25485.7969,
       1,     167,     251,      11,       1,       3,       1,     10.0000,      1.3915,     42.4662,    246.2142,     61.9627,      3.4953,      0.0098,     -0.0228,      0.4397,      0.1757,      5.5299,     11.0598,      1.5524,     28.4245,     56.8491,      0.0190,      0.0003,      0.0156,      0.2026,   7645.7393,-417871.8125,   -910.5214,    546.0020,  25485.7988,
       1,     167,     251,      12,       1,       3,       1,     10.0000,      1.3915,     42.4662,    246.2142,     61.9627,      3.4953,      0.0403,      0.0073,      1.1387,      0.1906,      5.5299,     11.0598,      1.6840,     28.4245,     56.8491,      0.0190,      0.0004,      0.0368,      0.2026,   7645.7397,-417697.8125,   -910.5454,    546.0139,  25485.7988,
       1,     167,     251,      13,       1,       3,       1,     10.0000,      1.3915,     42.4662,    246.2142,     61.9627,      3.4953,      0.0983,      0.0653,      3.7743,      0.1906,      5.5299,     11.0598,      1.6840,     28.4245,     56.8491,      0.0190,      0.0004,      0.1220,      0.2026,   7645.7397,-418559.0000,   -910.8390,    545.9551,  25485.7988,
       1,     167,     251,      14,       1,       3,       1,     10.0000,      1.3915,     42.4662,    246.2142,     61.9627,      3.4953,      0.1214,      0.0877,      9.5690,      0.2116,      5.5299,     11.0598,      1.8697,     28.4245,     56.8491,      0.0190,      0.0008,      0.1551,      0.2026,   7645.7397,-421936.9062,   -911.2381,    545.7246,  25485.7969,
       1,     167,     251,      15,       1,       3,       1,     10.0000,      1.3915,     42.4662,    246.2142,     61.9627,      3.4953,      0.1554,      0.1215,     30.9573,      0.2207,      5.5299,     11.0598,      1.9504,     28.4245,     56.8491,      0.0190,      0.0019,      0.2030,      0.2026,   7645.7393,-429490.7812,   -913.1178,    545.2093,  25485.7988,
       1,     167,     251,      16,       1,       3,       1,     10.0000,      1.3915,     42.4662,    246.2142,     61.9627,      3.4953,      0.1451,      0.1114,     26.4789,      0.2128,      5.5299,     11.0598,      1.8808,     28.4245,     56.8491,      0.0190,      0.0017,      0.1882,      0.2026,   7645.7397,-456954.3438,   -919.0687,    543.3379,  25485.8008,
       1,     167,     251,      17,       1,       3,       1,     10.0000,      1.3915,     42.4662,    246.2142,     61.9627,      3.4953,      0.1277,      0.0944,     32.6980,      0.1987,      5.5299,     11.0598,      1.7555,     28.4245,     56.8491,      0.0190,      0.0025,      0.1618,      0.2026,   7645.7407,-453692.5625,   -919.3017,    543.5626,  25485.8008,
       1,     167,     251,      18,       1,       3,       1,     10.0000,      1.3915,     42.4662,    246.2142,     61.9627,      3.4953,      0.1052,      0.0725,     26.3839,      0.1806,      5.5299,     11.0598,      1.5962,     28.4245,     56.8491,      0.0190,      0.0025,      0.1296,      0.2026,   7645.7407,-461210.7500,   -921.4975,    543.0519,  25485.7988,
       1,     167,     251,      19,       1,       3,       1,     10.0000,      1.3915,     42.4662,    246.2142,     61.9627,      3.4953,      0.0697,      0.0373,     23.6811,      0.1712,      5.5299,     11.0598,      1.5127,     28.4245,     56.8491,      0.0190,      0.0038,      0.0779,      0.2026,   7645.7397,-453932.7188,   -917.3546,    543.5461,  25485.7988,
       1,     167,     251,      20,       1,       3,       1,     10.0000,      1.3915,     42.4662,    246.2142,     61.9627,      3.4953,      0.0116,     -0.0208,      3.8915,      0.1695,      5.5299,     11.0598,      1.4976,     28.4245,     56.8491,      0.0190,      0.0031,      0.0156,      0.2026,   7645.7397,-449921.9688,   -917.5497,    543.8189,  25485.7969,
       1,     167,     251,      21,       1,       3,       1,     10.0000,      1.3915,     42.4662,    246.2142,     61.9627,      3.4953,      0.0000,     -0.0324,      3.8631,      0.1695,      5.5299,     11.0598,      1.4976,     28.4245,     56.8491,      0.0190,      0.0031,      0.0156,      0.2026,   7645.7393,-424759.6875,   -913.5470,    545.5294,  25485.7988,
       1,     167,     251,      22,       1,       3,       1,     10.0000,      1.3915,     42.4662,    246.2142,     61.9627,      3.4953,      0.0000,     -0.0323,      3.2397,      0.1681,      5.5299,     11.0598,      1.4857,     28.4245,     56.8491,      0.0190,      0.0026,      0.0156,      0.2026,   7645.7397,-422581.9375,   -913.5802,    545.6806,  25485.7969,
       1,     167,     251,      23,       1,       3,       1,     10.0000,      1.3915,     42.4662,    246.2142,     61.9627,      3.4953,      0.0000,     -0.0324,      2.3382,      0.1702,      5.5299,     11.0598,      1.5036,     28.4245,     56.8491,      0.0190,      0.0019,      0.0156,      0.2026,   7645.7393,-421611.0312,   -913.7556,    545.7469,  25485.7969,
       1,     167,     251,      24,       1,       3,       1,     10.0000,      1.3915,     42.4662,    246.2142,     61.9627,      3.4953,      0.0000,     -0.0323,      1.4999,      0.1668,      5.5299,     11.0598,      1.4739,     28.4245,     56.8491,      0.0190,      0.0012,      0.0156,      0.2026,   7645.7393,-420397.7500,   -913.7787,    545.8297,  25485.8008,
       1,     167,     252,       1,       1,       3,       1,     10.0000,      1.3915,     42.4665,    246.2201,     61.9643,      3.4953,      0.0000,     -0.0318,      1.3922,      0.1512,      5.5319,     11.0637,      1.3360,     28.4083,     56.8165,      0.0190,      0.0011,      0.0156,      0.2026,   7645.7407,-419398.9375,   -910.8212,    545.9109,  25486.9453,
       1,     167,     252,       2,       1,       3,       1,     10.0000,      1.3915,     42.4665,    246.2201,     61.9643,      3.4953,      0.0000,     -0.0314,      1.2184,      0.1415,      5.5319,     11.0637,      1.2500,     28.4083,     56.8165,      0.0190,      0.0010,      0.0156,      0.2026,   7646.0840,-419025.1875,   -910.4959,    545.9364,  25486.9473,
       1,     167,     252,       3,       1,       3,       1,     10.0000,      1.3915,     42.4665,    246.2201,     61.9643,      3.4953,      0.0000,     -0.0313,      0.9703,      0.1382,      5.5319,     11.0637,      1.2213,     28.4083,     56.8165,      0.0190,      0.0008,      0.0156,      0.2026,   7646.0845,-418775.0000,   -910.4391,    545.9535,  25486.9434,
       1,     167,     252,       4,       1,       3,       1,     10.0000,      1.3915,     42.4665,    246.2201,     61.9643,      3.4953,      0.0000,     -0.0312,      1.0370,      0.1371,      5.5319,     11.0637,      1.2115,     28.4083,     56.8165,      0.0190,      0.0008,      0.0156,      0.2026,   7646.0835,-418443.1875,   -910.3271,    545.9762,  25486.9453,
       1,     167,     252,       5,       1,       3,       1,     10.0000,      1.3915,     42.4665,    246.2201,     61.9643,      3.4953,      0.0000,     -0.0313,      0.9085,      0.1375,      5.5319,     11.0637,      1.2151,     28.4083,     56.8165,      0.0190,      0.0007,      0.0156,      0.2026,   7646.0840,-418498.2188,   -910.4383,    545.9724,  25486.9453,
       1,     167,     252,       6,       1,       3,       1,     10.0000,      1.3915,     42.4665,    246.2201,     61.9643,      3.4953,      0.0000,     -0.0313,      0.5163,      0.1384,      5.5319,     11.0637,      1.2226,     28.4083,     56.8165,      0.0190,      0.0004,      0.0156,      0.2026,   7646.0840,-418341.8750,   -910.2957,    545.9830,  25486.9453,
       1,     167,     252,       7,       1,       3,       1,     10.0000,      1.3915,     42.4665,    246.2201,     61.9643,      3.4953,      0.0000,     -0.0313,      0.3724,      0.1375,      5.5319,     11.0637,      1.2151,     28.4083,     56.8165,      0.0190,      0.0003,      0.0156,      0.2026,   7646.0840,-417836.9375,   -910.1639,    546.0175,  25486.9434,
       1,     167,     252,       8,       1,       3,       1,     10.0000,      1.3915,     42.4665,    246.2201,     61.9643,      3.4953,      0.0150,     -0.0163,      0.0400,      0.1395,      5.5319,     11.0637,      1.2325,     28.4083,     56.8165,      0.0190,      0.0003,      0.0018,      0.2027,   7646.0835,-417613.4375,   -910.1025,    546.0328,  25486.9453,
       1,     167,     252,       9,       1,       3,       1,     10.0000,      1.3915,     42.4665,    246.2201,     61.9643,      3.4953,      0.0855,      0.0539,      2.3707,      0.1458,      5.5319,     11.0637,      1.2885,     28.4083,     56.8165,      0.0190,      0.0003,      0.1041,      0.2027,   7646.0840,-417177.4688,   -910.0787,    546.0625,  25486.9453,
       1,     167,     252,      10,       1,       3,       1,     10.0000,      1.3915,     42.4665,    246.2201,     61.9643,      3.4953,      0.1703,      0.1379,      6.2794,      0.1724,      5.5319,     11.0637,      1.5233,     28.4083,     56.8165,      0.0190,      0.0003,      0.2277,      0.2027,   7646.0840,-420061.6875,   -910.8560,    545.8657,  25486.9453,
       1,     167,     252,      11,       1,       3,       1,     10.0000,      1.3915,     42.4665,    246.2201,     61.9643,      3.4953,      0.1855,      0.1524,      7.8439,      0.1929,      5.5319,     11.0637,      1.7042,     28.4083,     56.8165,      0.0190,      0.0004,      0.2500,      0.2026,   7646.0840,-425207.9062,   -913.0139,    545.5146,  25486.9453,
       1,     167,     252,      12,       1,       3,       1,     10.0000,      1.3915,     42.4665,    246.2201,     61.9643,      3.4953,      0.1855,      0.1518,      8.7658,      0.2124,      5.5319,     11.0637,      1.8772,     28.4083,     56.8165,      0.0190,      0.0004,      0.2500,      0.2026,   7646.0840,-427609.6875,   -915.1097,    545.3509,  25486.9453,
       1,     167,     252,      13,       1,       3,       1,     10.0000,      1.3915,     42.4665,    246.2201,     61.9643,      3.4953,      0.1856,      0.1528,      7.4014,      0.1834,      5.5319,     11.0637,      1.6202,     28.4083,     56.8165,      0.0190,      0.0004,      0.2500,      0.2026,   7646.0840,-428970.6875,   -914.3667,    545.2582,  25486.9434,
       1,     167,     252,      14,       1,       3,       1,     10.0000,      1.3915,     42.4665,    246.2201,     61.9643,      3.4953,      0.1860,      0.1536,     11.5487,      0.1702,      5.5319,     11.0637,      1.5037,     28.4083,     56.8165,      0.0190,      0.0006,      0.2500,      0.2026,   7646.0835,-427376.7500,   -913.6483,    545.3668,  25486.9434,
       1,     167,     252,      15,       1,       3,       1,     10.0000,      1.3915,     42.4665,    246.2201,     61.9643,      3.4953,      0.1880,      0.1550,     38.1681,      0.1895,      5.5319,     11.0637,      1.6741,     28.4083,     56.8165,      0.0190,      0.0019,      0.2500,      0.2026,   7646.0835,-432439.7500,   -914.2502,    545.0217,  25486.9453,
       1,     167,     252,      16,       1,       3,       1,     10.0000,      1.3915,     42.4665,    246.2201,     61.9643,      3.4953,      0.1891,      0.1558,     55.5349,      0.2010,      5.5319,     11.0637,      1.7764,     28.4083,     56.8165,      0.0190,      0.0028,      0.2498,      0.2026,   7646.0840,-466245.8750,   -920.5947,    542.7186,  25486.9453,
       1,     167,     252,      17,       1,       3,       1,     10.0000,      1.3915,     42.4665,    246.2201,     61.9643,      3.4953,      0.1750,      0.1424,     59.5218,      0.1789,      5.5319,     11.0637,      1.5805,     28.4083,     56.8165,      0.0190,      0.0032,      0.2284,      0.2026,   7646.0840,-490931.6875,   -924.9691,    541.0488,  25486.9453,
       1,     167,     252,      18,       1,       3,       1,     10.0000,      1.3915,     42.4665,    246.2201,     61.9643,      3.4953,      0.1407,      0.1083,     20.5620,      0.1693,      5.5319,     11.0637,      1.4962,     28.4083,     56.8165,      0.0190,      0.0014,      0.1824,      0.2026,   7646.0840,-498041.7500,   -927.7892,    540.5706,  25486.9453,
       1,     167,     252,      19,       1,       3,       1,     10.0000,      1.3915,     42.4665,    246.2201,     61.9643,      3.4953,      0.1162,      0.0845,      9.9338,      0.1480,      5.5319,     11.0637,      1.3081,     28.4083,     56.8165,      0.0190,      0.0008,      0.1479,      0.2026,   7646.0840,-449751.9688,   -916.5768,    543.8337,  25486.9473,
       1,     167,     252,      20,       1,       3,       1,     10.0000,      1.3915,     42.4665,    246.2201,     61.9643,      3.4953,      0.0109,     -0.0207,      2.1778,      0.1470,      5.5319,     11.0637,      1.2989,     28.4083,     56.8165,      0.0190,      0.0017,      0.0156,      0.2026,   7646.0845,-432336.3438,   -913.1833,    545.0275,  25486.9453,
       1,     167,     252,      21,       1,       3,       1,     10.0000,      1.3915,     42.4665,    246.2201,     61.9643,      3.4953,      0.0000,     -0.0314,      3.0086,      0.1399,      5.5319,     11.0637,      1.2362,     28.4083,     56.8165,      0.0190,      0.0024,      0.0156,      0.2026,   7646.0840,-421116.9062,   -911.4673,    545.7932,  25486.9453,
       1,     167,     252,      22,       1,       3,       1,     10.0000,      1.3915,     42.4665,    246.2201,     61.9643,      3.4953,      0.0000,     -0.0314,      1.6734,      0.1423,      5.5319,     11.0637,      1.2576,     28.4083,     56.8165,      0.0190,      0.0013,      0.0156,      0.2026,   7646.0840,-421199.0938,   -911.1548,    545.7881,  25486.9434,
       1,     167,     252,      23,       1,       3,       1,     10.0000,      1.3915,     42.4665,    246.2201,     61.9643,      3.4953,      0.0000,     -0.0312,      1.2823,      0.1370,      5.5319,     11.0637,      1.2102,     28.4083,     56.8165,      0.0190,      0.0010,      0.0156,      0.2026,   7646.0835,-419531.8125,   -911.0671,    545.9019,  25486.9434,
       1,     167,     252,      24,       1,       3,       1,     10.0000,      1.3915,     42.4665,    246.2201,     61.9643,      3.4953,      0.0000,     -0.0312,      0.4287,      0.1354,      5.5319,     11.0637,      1.1968,     28.4083,     56.8165,      0.0190,      0.0003,      0.0156,      0.2026,   7646.0835,-418899.0312,   -911.0880,    545.9450,  25486.9453,
       1,     167,     253,       1,       1,       3,       1,     10.0000,      1.3915,     42.4668,    246.2259,     61.9657,      3.4953,      0.0000,     -0.0311,      0.3558,      0.1335,      5.5300,     11.0600,      1.1800,     28.4141,     56.8283,      0.0190,      0.0003,      0.0156,      0.2027,   7646.0840,-417931.0312,   -911.1881,    546.0240,  25488.0938,
       1,     167,     253,       2,       1,       3,       1,     10.0000,      1.3915,     42.4668,    246.2259,     61.9657,      3.4953,      0.0000,     -0.0310,      0.3101,      0.1295,      5.5300,     11.0600,      1.1446,     28.4141,     56.8283,      0.0190,      0.0002,      0.0156,      0.2027,   7646.4282,-417603.1875,   -910.8823,    546.0464,  25488.0938,
       1,     167,     253,       3,       1,       3,       1,     10.0000,      1.3915,     42.4668,    246.2259,     61.9657,      3.4953,      0.0000,     -0.0309,      0.3488,      0.1286,      5.5300,     11.0600,      1.1365,     28.4141,     56.8283,      0.0190,      0.0003,      0.0156,      0.2027,   7646.4282,-417518.0312,   -910.8686,    546.0522,  25488.0918,
       1,     167,     253,       4,       1,       3,       1,     10.0000,      1.3915,     42.4668,    246.2259,     61.9657,      3.4953,      0.0000,     -0.0309,      0.3041,      0.1273,      5.5300,     11.0600,      1.1250,     28.4141,     56.8283,      0.0190,      0.0002,      0.0156,      0.2027,   7646.4277,-417559.5000,   -910.8836,    546.0494,  25488.0918,
       1,     167,     253,       5,       1,       3,       1,     10.0000,      1.3915,     42.4668,    246.2259,     61.9657,      3.4953,      0.0000,     -0.0309,      0.3084,      0.1289,      5.5300,     11.0600,      1.1388,     28.4141,     56.8283,      0.0190,      0.0002,      0.0156,      0.2027,   7646.4277,-417506.9375,   -910.8757,    546.0530,  25488.0938,
       1,     167,     253,       6,       1,       3,       1,     10.0000,      1.3915,     42.4668,    246.2259,     61.9657,      3.4953,      0.0000,     -0.0310,      0.3112,      0.1299,      5.5300,     11.0600,      1.1481,     28.4141,     56.8283,      0.0190,      0.0002,      0.0156,      0.2027,   7646.4282,-417507.4375,   -910.8768,    546.0529,  25488.0938,
       1,     167,     253,       7,       1,       3,       1,     10.0000,      1.3915,     42.4668,    246.2259,     61.9657,      3.4953,      0.0000,     -0.0309,      0.3066,      0.1282,      5.5300,     11.0600,      1.1330,     28.4141,     56.8283,      0.0190,      0.0002,      0.0156,      0.2027,   7646.4282,-417511.2812,   -910.8789,    546.0527,  25488.0938,
       1,     167,     253,       8,       1,       3,       1,     10.0000,      1.3915,     42.4668,    246.2259,     61.9657,      3.4953,      0.0079,     -0.0229,      0.3016,      0.1264,      5.5300,     11.0600,      1.1170,     28.4141,     56.8283,      0.0190,      0.0002,      0.0156,      0.2027,   7646.4282,-417505.6562,   -910.8792,    546.0530,  25488.0938,
       1,     167,     253,       9,       1,       3,       1,     10.0000,      1.3915,     42.4668,    246.2259,     61.9657,      3.4953,      0.0953,      0.0641,      2.4873,      0.1357,      5.5300,     11.0600,      1.1993,     28.4141,     56.8283,      0.0190,      0.0003,      0.1186,      0.2027,   7646.4282,-417498.9062,   -910.9073,    546.0535,  25488.0938,
       1,     167,     253,      10,       1,       3,       1,     10.0000,      1.3915,     42.4668,    246.2259,     61.9657,      3.4953,      0.1714,      0.1396,      5.5471,      0.1538,      5.5300,     11.0600,      1.3591,     28.4141,     56.8283,      0.0190,      0.0003,      0.2292,      0.2027,   7646.4282,-420237.7188,   -911.9014,    545.8666,  25488.0938,
       1,     167,     253,      11,       1,       3,       1,     10.0000,      1.3915,     42.4668,    246.2259,     61.9657,      3.4953,      0.1640,      0.1316,      5.9547,      0.1707,      5.5300,     11.0600,      1.5082,     28.4141,     56.8283,      0.0190,      0.0003,      0.2184,      0.2027,   7646.4282,-424307.0312,   -914.1504,    545.5889,  25488.0938,
       1,     167,     253,      12,       1,       3,       1,     10.0000,      1.3915,     42.4668,    246.2259,     61.9657,      3.4953,      0.1230,      0.0907,      4.9408,      0.1683,      5.5300,     11.0600,      1.4873,     28.4141,     56.8283,      0.0190,      0.0004,      0.1584,      0.2027,   7646.4282,-425166.2500,   -915.3238,    545.5305,  25488.0938,
       1,     167,     253,      13,       1,       3,       1,     10.0000,      1.3915,     42.4668,    246.2259,     61.9657,      3.4953,      0.1424,      0.1098,      6.4563,      0.1743,      5.5300,     11.0600,      1.5401,     28.4141,     56.8283,      0.0190,      0.0004,      0.1866,      0.2027,   7646.4282,-423968.6250,   -915.5467,    545.6121,  25488.0938,
       1,     167,     253,      14,       1,       3,       1,     10.0000,      1.3915,     42.4668,    246.2259,     61.9657,      3.4953,      0.1495,      0.1168,      9.7879,      0.1771,      5.5300,     11.0600,      1.5648,     28.4141,     56.8283,      0.0190,      0.0006,      0.1966,      0.2027,   7646.4282,-425765.9375,   -916.4620,    545.4895,  25488.0938,
       1,     167,     253,      15,       1,       3,       1,     10.0000,      1.3915,     42.4668,    246.2259,     61.9657,      3.4953,      0.1242,      0.0916,     16.1632,      0.1753,      5.5300,     11.0600,      1.5493,     28.4141,     56.8283,      0.0190,      0.0013,      0.1587,      0.2027,   7646.4282,-430095.5625,   -917.8851,    545.1943,  25488.0938,
       1,     167,     253,      16,       1,       3,       1,     10.0000,      1.3915,     42.4668,    246.2259,     61.9657,      3.4953,      0.1729,      0.1416,     41.8286,      0.1377,      5.5300,     11.0600,      1.2164,     28.4141,     56.8283,      0.0190,      0.0023,      0.2271,      0.2027,   7646.4282,-438457.5938,   -919.8849,    544.6245,  25488.0938,
       1,     167,     253,      17,       1,       3,       1,     10.0000,      1.3915,     42.4668,    246.2259,     61.9657,      3.4953,      0.1884,      0.1578,     36.3842,      0.1211,      5.5300,     11.0600,      1.0702,     28.4141,     56.8283,      0.0190,      0.0018,      0.2500,      0.2027,   7646.4282,-471349.2188,   -920.9348,    542.3856,  25488.0938,
       1,     167,     253,      18,       1,       3,       1,     10.0000,      1.3915,     42.4668,    246.2259,     61.9657,      3.4953,      0.1628,      0.1322,     37.8846,      0.1190,      5.5300,     11.0600,      1.0518,     28.4141,     56.8283,      0.0190,      0.0022,      0.2127,      0.2026,   7646.4282,-467341.8438,   -920.5234,    542.6619,  25488.0918,
       1,     167,     253,      19,       1,       3,       1,     10.0000,      1.3915,     42.4668,    246.2259,     61.9657,      3.4953,      0.0645,      0.0338,     12.9218,      0.1226,      5.5300,     11.0600,      1.0834,     28.4141,     56.8283,      0.0190,      0.0022,      0.0730,      0.2026,   7646.4277,-468876.7188,   -920.4263,    542.5578,  25488.0938,
       1,     167,     253,      20,       1,       3,       1,     10.0000,      1.3915,     42.4668,    246.2259,     61.9657,      3.4953,      0.0083,     -0.0223,      2.7010,      0.1199,      5.5300,     11.0600,      1.0593,     28.4141,     56.8283,      0.0190,      0.0021,      0.0156,      0.2026,   7646.4282,-437697.7500,   -915.4205,    544.6724,  25488.0918,
       1,     167,     253,      21,       1,       3,       1,     10.0000,      1.3915,     42.4668,    246.2259,     61.9657,      3.4953,      0.0000,     -0.0305,      0.7580,      0.1177,      5.5300,     11.0600,      1.0400,     28.4141,     56.8283,      0.0190,      0.0006,      0.0156,      0.2027,   7646.4277,-422235.9688,   -911.3280,    545.7292,  25488.0938,
       1,     167,     253,      22,       1,       3,       1,     10.0000,      1.3915,     42.4668,    246.2259,     61.9657,      3.4953,      0.0000,     -0.0304,      0.2942,      0.1145,      5.5300,     11.0600,      1.0117,     28.4141,     56.8283,      0.0190,      0.0002,      0.0156,      0.2027,   7646.4282,-418476.8750,   -910.3164,    545.9867,  25488.0938,
       1,     167,     253,      23,       1,       3,       1,     10.0000,      1.3915,     42.4668,    246.2259,     61.9657,      3.4953,      0.0000,     -0.0303,      0.2679,      0.1131,      5.5300,     11.0600,      0.9993,     28.4141,     56.8283,      0.0190,      0.0002,      0.0156,      0.2027,   7646.4282,-417572.8438,   -910.0917,    546.0485,  25488.0938,
       1,     167,     253,      24,       1,       3,       1,     10.0000,      1.3915,     42.4668,    246.2259,     61.9657,      3.4953,      0.0000,     -0.0303,      0.2990,      0.1138,      5.5300,     11.0600,      1.0055,     28.4141,     56.8283,      0.0190,      0.0002,      0.0156,      0.2027,   7646.4282,-417462.4375,   -910.0686,    546.0560,  25488.0898,
       1,     167,     254,       1,       1,       3,       1,     10.0000,      1.3916,     42.4672,    246.2317,     61.9673,      3.4953,      0.0000,     -0.0303,      0.2852,      0.1129,      5.5310,     11.0620,      0.9973,     28.4145,     56.8289,      0.0190,      0.0002,      0.0156,      0.2027,   7646.4272,-417648.9688,   -910.3652,    546.0562,  25489.2383,
       1,     167,     254,       2,       1,       3,       1,     10.0000,      1.3916,     42.4672,    246.2317,     61.9673,      3.4953,      0.0000,     -0.0303,      0.2631,      0.1122,      5.5310,     11.0620,      0.9912,     28.4145,     56.8289,      0.0190,      0.0002,      0.0156,      0.2027,   7646.7720,-417494.0938,   -910.0883,    546.0668,  25489.2383,
       1,     167,     254,       3,       1,       3,       1,     10.0000,      1.3916,     42.4672,    246.2317,     61.9673,      3.4953,      0.0000,     -0.0304,      0.2706,      0.1150,      5.5310,     11.0620,      1.0159,     28.4145,     56.8289,      0.0190,      0.0002,      0.0156,      0.2027,   7646.7720,-417453.2500,   -910.0822,    546.0696,  25489.2402,
       1,     167,     254,       4,       1,       3,       1,     10.0000,      1.3916,     42.4672,    246.2317,     61.9673,      3.4953,      0.0000,     -0.0304,      0.2751,      0.1166,      5.5310,     11.0620,      1.0305,     28.4145,     56.8289,      0.0190,      0.0002,      0.0156,      0.2027,   7646.7725,-417458.7812,   -910.0839,    546.0692,  25489.2402,
       1,     167,     254,       5,       1,       3,       1,     10.0000,      1.3916,     42.4672,    246.2317,     61.9673,      3.4953,      0.0000,     -0.0304,      0.2716,      0.1153,      5.5310,     11.0620,      1.0190,     28.4145,     56.8289,      0.0190,      0.0002,      0.0156,      0.2027,   7646.7725,-417464.7812,   -910.0863,    546.0688,  25489.2402,
       1,     167,     254,       6,       1,       3,       1,     10.0000,      1.3916,     42.4672,    246.2317,     61.9673,      3.4953,      0.0000,     -0.0305,      0.2803,      0.1185,      5.5310,     11.0620,      1.0475,     28.4145,     56.8289,      0.0190,      0.0002,      0.0156,      0.2027,   7646.7725,-417460.9375,   -910.0870,    546.0690,  25489.2422,
       1,     167,     254,       7,       1,       3,       1,     10.0000,      1.3916,     42.4672,    246.2317,     61.9673,      3.4953,      0.0000,     -0.0306,      0.2856,      0.1205,      5.5310,     11.0620,      1.0648,     28.4145,     56.8289,      0.0190,      0.0002,      0.0156,      0.2027,   7646.7729,-417471.3750,   -910.0899,    546.0684,  25489.2402,
       1,     167,     254,       8,       1,       3,       1,     10.0000,      1.3916,     42.4672,    246.2317,     61.9673,      3.4953,      0.0067,     -0.0239,      0.2869,      0.1210,      5.5310,     11.0620,      1.0691,     28.4145,     56.8289,      0.0190,      0.0002,      0.0156,      0.2027,   7646.7725,-417479.0000,   -910.0928,    546.0677,  25489.2422,
       1,     167,     254,       9,       1,       3,       1,     10.0000,      1.3916,     42.4672,    246.2317,     61.9673,      3.4953,      0.0338,      0.0031,      0.5619,      0.1235,      5.5310,     11.0620,      1.0912,     28.4145,     56.8289,      0.0190,      0.0002,      0.0299,      0.2027,   7646.7729,-417481.2500,   -910.1151,    546.0676,  25489.2422,
       1,     167,     254,      10,       1,       3,       1,     10.0000,      1.3916,     42.4672,    246.2317,     61.9673,      3.4953,      0.1252,      0.0943,      3.2120,      0.1291,      5.5310,     11.0620,      1.1412,     28.4145,     56.8289,      0.0190,      0.0002,      0.1621,      0.2027,   7646.7729,-417826.0312,   -910.2999,    546.0441,  25489.2422,
       1,     167,     254,      11,       1,       3,       1,     10.0000,      1.3916,     42.4672,    246.2317,     61.9673,      3.4953,      0.1829,      0.1516,      5.2590,      0.1381,      5.5310,     11.0620,      1.2201,     28.4145,     56.8289,      0.0190,      0.0003,      0.2459,      0.2027,   7646.7729,-421176.4375,   -911.4455,    545.8154,  25489.2402,
       1,     167,     254,      12,       1,       3,       1,     10.0000,      1.3916,     42.4672,    246.2317,     61.9673,      3.4953,      0.1824,      0.1508,      5.6670,      0.1477,      5.5310,     11.0620,      1.3055,     28.4145,     56.8289,      0.0190,      0.0003,      0.2452,      0.2027,   7646.7725,-424028.6875,   -913.7250,    545.6209,  25489.2402,
       1,     167,     254,      13,       1,       3,       1,     10.0000,      1.3916,     42.4672,    246.2317,     61.9673,      3.4953,      0.1857,      0.1537,      6.1839,      0.1568,      5.5310,     11.0620,      1.3853,     28.4145,     56.8289,      0.0190,      0.0003,      0.2500,      0.2027,   7646.7725,-424784.0000,   -915.1271,    545.5694,  25489.2422,
       1,     167,     254,      14,       1,       3,       1,     10.0000,      1.3916,     42.4672,    246.2317,     61.9673,      3.4953,      0.1856,      0.1532,      6.7707,      0.1697,      5.5310,     11.0620,      1.4992,     28.4145,     56.8289,      0.0190,      0.0003,      0.2500,      0.2027,   7646.7729,-425496.2188,   -917.0814,    545.5209,  25489.2402,
       1,     167,     254,      15,       1,       3,       1,     10.0000,      1.3916,     42.4672,    246.2317,     61.9673,      3.4953,      0.1857,      0.1535,      6.5340,      0.1625,      5.5310,     11.0620,      1.4362,     28.4145,     56.8289,      0.0190,      0.0003,      0.2500,      0.2027,   7646.7725,-426292.6250,   -919.0880,    545.4666,  25489.2383,
       1,     167,     254,      16,       1,       3,       1,     10.0000,      1.3916,     42.4672,    246.2317,     61.9673,      3.4953,      0.0100,     -0.0220,      1.0625,      0.1577,      5.5310,     11.0620,      1.3937,     28.4145,     56.8289,      0.0190,      0.0008,      0.0156,      0.2027,   7646.7720,-426064.4375,   -912.9723,    545.4820,  25489.2402,
       1,     167,     254,      17,       1,       3,       1,     10.0000,      1.3916,     42.4672,    246.2317,     61.9673,      3.4953,      0.0092,     -0.0229,      1.9782,      0.1630,      5.5310,     11.0620,      1.4405,     28.4145,     56.8289,      0.0190,      0.0016,      0.0156,      0.2027,   7646.7725,-419187.2812,   -911.8497,    545.9510,  25489.2422,
       1,     167,     254,      18,       1,       3,       1,     10.0000,      1.3916,     42.4672,    246.2317,     61.9673,      3.4953,      0.0064,     -0.0258,      2.5363,      0.1632,      5.5310,     11.0620,      1.4419,     28.4145,     56.8289,      0.0190,      0.0020,      0.0156,      0.2027,   7646.7729,-419747.0312,   -912.1830,    545.9130,  25489.2383,
       1,     167,     254,      19,       1,       3,       1,     10.0000,      1.3916,     42.4672,    246.2317,     61.9673,      3.4953,      0.0053,     -0.0267,      2.8988,      0.1577,      5.5310,     11.0620,      1.3937,     28.4145,     56.8289,      0.0190,      0.0023,      0.0156,      0.2027,   7646.7720,-420494.7188,   -912.5393,    545.8620,  25489.2422,
       1,     167,     254,      20,       1,       3,       1,     10.0000,      1.3916,     42.4672,    246.2317,     61.9673,      3.4953,      0.0012,     -0.0305,      2.0619,      0.1494,      5.5310,     11.0620,      1.3201,     28.4145,     56.8289,      0.0190,      0.0016,      0.0156,      0.2027,   7646.7729,-421012.2500,   -912.8066,    545.8266,  25489.2422,
       1,     167,     254,      21,       1,       3,       1,     10.0000,      1.3916,     42.4672,    246.2317,     61.9673,      3.4953,      0.0000,     -0.0314,      1.2554,      0.1405,      5.5310,     11.0620,      1.2413,     28.4145,     56.8289,      0.0190,      0.0010,      0.0156,      0.2027,   7646.7729,-420007.7500,   -912.7814,    545.8952,  25489.2402,
       1,     167,     254,      22,       1,       3,       1,     10.0000,      1.3916,     42.4672,    246.2317,     61.9673,      3.4953,      0.0000,     -0.0312,      1.3653,      0.1370,      5.5310,     11.0620,      1.2103,     28.4145,     56.8289,      0.0190,      0.0011,      0.0156,      0.2027,   7646.7725,-418911.3750,   -912.6995,    545.9700,  25489.2402,
       1,     167,     254,      23,       1,       3,       1,     10.0000,      1.3916,     42.4672,    246.2317,     61.9673,      3.4953,      0.0000,     -0.0311,      1.7389,      0.1333,      5.5310,     11.0620,      1.1776,     28.4145,     56.8289,      0.0190,      0.0014,      0.0156,      0.2027,   7646.7725,-418955.2812,   -912.8277,    545.9670,  25489.2402,
       1,     167,     254,      24,       1,       3,       1,     10.0000,      1.3916,     42.4672,    246.2317,     61.9673,      3.4953,      0.0000,     -0.0311,      1.5709,      0.1318,      5.5310,     11.0620,      1.1646,     28.4145,     56.8289,      0.0190,      0.0012,      0.0156,      0.2027,   7646.7725,-419427.2500,   -913.0545,    545.9348,  25489.2422,
       1,     167,     255,       1,       1,       3,       1,     10.0000,      1.3916,     42.4675,    246.2376,     61.9687,      3.4953,      0.0000,     -0.0309,      1.2670,      0.1288,      5.5312,     11.0624,      1.1377,     28.4032,     56.8064,      0.0190,      0.0010,      0.0156,      0.2027,   7646.7729,-419413.0312,   -910.8170,    545.9489,  25490.3848,
       1,     167,     255,       2,       1,       3,       1,     10.0000,      1.3916,     42.4675,    246.2376,     61.9687,      3.4953,      0.0000,     -0.0310,      0.9233,      0.1297,      5.5312,     11.0624,      1.1458,     28.4032,     56.8064,      0.0190,      0.0007,      0.0156,      0.2027,   7647.1157,-418878.1875,   -910.5685,    545.9854,  25490.3867,
       1,     167,     255,       3,       1,       3,       1,     10.0000,      1.3916,     42.4675,    246.2376,     61.9687,      3.4953,      0.0000,     -0.0311,      1.0552,      0.1334,      5.5312,     11.0624,      1.1789,     28.4032,     56.8064,      0.0190,      0.0008,      0.0156,      0.2027,   7647.1162,-418401.4375,   -910.5500,    546.0179,  25490.3848,
       1,     167,     255,       4,       1,       3,       1,     10.0000,      1.3916,     42.4675,    246.2376,     61.9687,      3.4953,      0.0000,     -0.0311,      0.6888,      0.1322,      5.5312,     11.0624,      1.1681,     28.4032,     56.8064,      0.0190,      0.0005,      0.0156,      0.2027,   7647.1157,-418526.2500,   -910.6583,    546.0095,  25490.3867,
       1,     167,     255,       5,       1,       3,       1,     10.0000,      1.3916,     42.4675,    246.2376,     61.9687,      3.4953,      0.0000,     -0.0310,      0.5755,      0.1315,      5.5312,     11.0624,      1.1622,     28.4032,     56.8064,      0.0190,      0.0005,      0.0156,      0.2027,   7647.1162,-418077.5312,   -910.6065,    546.0401,  25490.3867,
       1,     167,     255,       6,       1,       3,       1,     10.0000,      1.3916,     42.4675,    246.2376,     61.9687,      3.4953,      0.0000,     -0.0309,      0.5235,      0.1288,      5.5312,     11.0624,      1.1377,     28.4032,     56.8064,      0.0190,      0.0004,      0.0156,      0.2027,   7647.1162,-417897.0938,   -910.6129,    546.0523,  25490.3867,
       1,     167,     255,       7,       1,       3,       1,     10.0000,      1.3916,     42.4675,    246.2376,     61.9687,      3.4953,      0.0000,     -0.0309,      0.5955,      0.1268,      5.5312,     11.0624,      1.1205,     28.4032,     56.8064,      0.0190,      0.0005,      0.0156,      0.2027,   7647.1162,-417816.6250,   -910.6227,    546.0578,  25490.3867,
       1,     167,     255,       8,       1,       3,       1,     10.0000,      1.3916,     42.4675,    246.2376,     61.9687,      3.4953,      0.0023,     -0.0286,      0.6852,      0.1286,      5.5312,     11.0624,      1.1365,     28.4032,     56.8064,      0.0190,      0.0005,      0.0156,      0.2027,   7647.1162,-417899.9375,   -910.6551,    546.0522,  25490.3848,
       1,     167,     255,       9,       1,       3,       1,     10.0000,      1.3916,     42.4675,    246.2376,     61.9687,      3.4953,      0.0390,      0.0073,      1.0778,      0.1480,      5.5312,     11.0624,      1.3082,     28.4032,     56.8064,      0.0190,      0.0004,      0.0362,      0.2027,   7647.1157,-418019.7500,   -910.7290,    546.0440,  25490.3848,
       1,     167,     255,      10,       1,       3,       1,     10.0000,      1.3916,     42.4675,    246.2376,     61.9687,      3.4953,      0.0885,      0.0560,      2.9839,      0.1709,      5.5312,     11.0624,      1.5098,     28.4032,     56.8064,      0.0190,      0.0003,      0.1078,      0.2027,   7647.1157,-418521.8438,   -910.9780,    546.0097,  25490.3867,
       1,     167,     255,      11,       1,       3,       1,     10.0000,      1.3916,     42.4675,    246.2376,     61.9687,      3.4953,      0.1133,      0.0801,      5.4323,      0.1944,      5.5312,     11.0624,      1.7179,     28.4032,     56.8064,      0.0190,      0.0005,      0.1437,      0.2027,   7647.1162,-420952.9375,   -911.7490,    545.8438,  25490.3887,
       1,     167,     255,      12,       1,       3,       1,     10.0000,      1.3916,     42.4675,    246.2376,     61.9687,      3.4953,      0.1119,      0.0784,      4.7884,      0.2059,      5.5312,     11.0624,      1.8191,     28.4032,     56.8064,      0.0190,      0.0004,      0.1416,      0.2027,   7647.1167,-424228.6875,   -912.8199,    545.6202,  25490.3848,
       1,     167,     255,      13,       1,       3,       1,     10.0000,      1.3916,     42.4675,    246.2376,     61.9687,      3.4953,      0.1330,      0.0995,      5.9058,      0.2057,      5.5312,     11.0624,      1.8173,     28.4032,     56.8064,      0.0190,      0.0004,      0.1727,      0.2027,   7647.1157,-423702.7188,   -913.1418,    545.6563,  25490.3867,
       1,     167,     255,      14,       1,       3,       1,     10.0000,      1.3916,     42.4675,    246.2376,     61.9687,      3.4953,      0.1364,      0.1030,     17.7683,      0.2018,      5.5312,     11.0624,      1.7836,     28.4032,     56.8064,      0.0190,      0.0012,      0.1763,      0.2027,   7647.1162,-425057.3125,   -913.8815,    545.5638,  25490.3867,
       1,     167,     255,      15,       1,       3,       1,     10.0000,      1.3916,     42.4675,    246.2376,     61.9687,      3.4953,      0.1346,      0.1018,     33.9116,      0.1839,      5.5312,     11.0624,      1.6252,     28.4032,     56.8064,      0.0190,      0.0024,      0.1720,      0.2027,   7647.1162,-440038.7188,   -917.2759,    544.5421,  25490.3867,
       1,     167,     255,      16,       1,       3,       1,     10.0000,      1.3916,     42.4675,    246.2376,     61.9687,      3.4953,      0.1485,      0.1158,     58.5601,      0.1776,      5.5312,     11.0624,      1.5696,     28.4032,     56.8064,      0.0190,      0.0038,      0.1894,      0.2027,   7647.1162,-461556.0625,   -922.0038,    543.0786,  25490.3867,
       1,     167,     255,      17,       1,       3,       1,     10.0000,      1.3916,     42.4675,    246.2376,     61.9687,      3.4953,      0.1488,      0.1159,     75.9082,      0.1882,      5.5312,     11.0624,      1.6627,     28.4032,     56.8064,      0.0190,      0.0050,      0.1880,      0.2027,   7647.1162,-494301.9688,   -929.1349,    540.8575,  25490.3867,
       1,     167,     255,      18,       1,       3,       1,     10.0000,      1.3916,     42.4675,    246.2376,     61.9687,      3.4953,      0.1258,      0.0930,     60.7997,      0.1808,      5.5312,     11.0624,      1.5979,     28.4032,     56.8064,      0.0190,      0.0048,      0.1558,      0.2027,   7647.1162,-518867.7812,   -935.0167,    539.2012,  25490.3867,
       1,     167,     255,      19,       1,       3,       1,     10.0000,      1.3916,     42.4675,    246.2376,     61.9687,      3.4953,      0.0611,      0.0286,     26.0131,      0.1738,      5.5312,     11.0624,      1.5356,     28.4032,     56.8064,      0.0190,      0.0050,      0.0650,      0.2026,   7647.1162,-502002.5938,   -933.0858,    540.3405,  25490.3867,
       1,     167,     255,      20,       1,       3,       1,     10.0000,      1.3916,     42.4675,    246.2376,     61.9687,      3.4953,      0.0050,     -0.0273,      4.2998,      0.1678,      5.5312,     11.0624,      1.4829,     28.4032,     56.8064,      0.0190,      0.0034,      0.0156,      0.2026,   7647.1162,-456924.1562,   -925.6066,    543.3864,  25490.3867,
       1,     167,     255,      21,       1,       3,       1,     10.0000,      1.3916,     42.4675,    246.2376,     61.9687,      3.4953,      0.0000,     -0.0321,      3.9470,      0.1617,      5.5312,     11.0624,      1.4290,     28.4032,     56.8064,      0.0190,      0.0031,      0.0156,      0.2027,   7647.1162,-425885.2188,   -920.2751,    545.5032,  25490.3867,
       1,     167,     255,      22,       1,       3,       1,     10.0000,      1.3916,     42.4675,    246.2376,     61.9687,      3.4953,      0.0000,     -0.0319,      4.4441,      0.1554,      5.5312,     11.0624,      1.3729,     28.4032,     56.8064,      0.0190,      0.0035,      0.0156,      0.2027,   7647.1162,-422794.5312,   -920.0020,    545.7181,  25490.3867,
       1,     167,     255,      23,       1,       3,       1,     10.0000,      1.3916,     42.4675,    246.2376,     61.9687,      3.4953,      0.0000,     -0.0317,      3.8705,      0.1485,      5.5312,     11.0624,      1.3121,     28.4032,     56.8064,      0.0190,      0.0031,      0.0156,      0.2027,   7647.1162,-423148.2812,   -920.3855,    545.6940,  25490.3867,
       1,     167,     255,      24,       1,       3,       1,     10.0000,      1.3916,     42.4675,    246.2376,     61.9687,      3.4953,      0.0000,     -0.0315,      3.4347,      0.1428,      5.5312,     11.0624,      1.2615,     28.4032,     56.8064,      0.0190,      0.0027,      0.0156,      0.2027,   7647.1162,-422459.6250,   -920.4988,    545.7410,  25490.3867,
       1,     167,     256,       1,       1,       3,       1,     10.0000,      1.3916,     42.4678,    246.2434,     61.9702,      3.4953,      0.0000,     -0.0316,      3.2607,      0.1466,      5.5318,     11.0636,      1.2951,     28.3949,     56.7897,      0.0190,      0.0026,      0.0156,      0.2027,   7647.1162,-422010.2500,   -920.8328,    545.7845,  25491.5332,
       1,     167,     256,       2,       1,       3,       1,     10.0000,      1.3916,     42.4678,    246.2434,     61.9702,      3.4953,      0.0000,     -0.0316,      2.7347,      0.1467,      5.5318,     11.0636,      1.2964,     28.3949,     56.7897,      0.0190,      0.0022,      0.0156,      0.2028,   7647.4604,-421600.7188,   -920.6763,    545.8125,  25491.5332,
       1,     167,     256,       3,       1,       3,       1,     10.0000,      1.3916,     42.4678,    246.2434,     61.9702,      3.4953,      0.0000,     -0.0316,      1.6483,      0.1466,      5.5318,     11.0636,      1.2951,     28.3949,     56.7897,      0.0190,      0.0013,      0.0156,      0.2028,   7647.4604,-420906.5625,   -920.6682,    545.8599,  25491.5332,
       1,     167,     256,       4,       1,       3,       1,     10.0000,      1.3916,     42.4678,    246.2434,     61.9702,      3.4953,      0.0000,     -0.0315,      1.1565,      0.1431,      5.5318,     11.0636,      1.2641,     28.3949,     56.7897,      0.0190,      0.0009,      0.0156,      0.2028,   7647.4604,-419486.0312,   -920.4603,    545.9568,  25491.5332,
       1,     167,     256,       5,       1,       3,       1,     10.0000,      1.3916,     42.4678,    246.2434,     61.9702,      3.4953,      0.0000,     -0.0316,      0.8020,      0.1455,      5.5318,     11.0636,      1.2860,     28.3949,     56.7897,      0.0190,      0.0006,      0.0156,      0.2028,   7647.4604,-418748.4062,   -920.3579,    546.0071,  25491.5312,
       1,     167,     256,       6,       1,       3,       1,     10.0000,      1.3916,     42.4678,    246.2434,     61.9702,      3.4953,      0.0000,     -0.0314,      0.9502,      0.1421,      5.5318,     11.0636,      1.2552,     28.3949,     56.7897,      0.0190,      0.0008,      0.0156,      0.2028,   7647.4595,-418241.4375,   -920.2833,    546.0418,  25491.5352,
       1,     167,     256,       7,       1,       3,       1,     10.0000,      1.3916,     42.4678,    246.2434,     61.9702,      3.4953,      0.0000,     -0.0314,      0.7847,      0.1423,      5.5318,     11.0636,      1.2578,     28.3949,     56.7897,      0.0190,      0.0006,      0.0156,      0.2028,   7647.4609,-418383.3125,   -920.3403,    546.0321,  25491.5352,
       1,     167,     256,       8,       1,       3,       1,     10.0000,      1.3916,     42.4678,    246.2434,     61.9702,      3.4953,      0.0035,     -0.0279,      0.9905,      0.1419,      5.5318,     11.0636,      1.2540,     28.3949,     56.7897,      0.0190,      0.0008,      0.0156,      0.2028,   7647.4609,-418188.1250,   -920.3303,    546.0454,  25491.5332,
       1,     167,     256,       9,       1,       3,       1,     10.0000,      1.3916,     42.4678,    246.2434,     61.9702,      3.4953,      0.0522,      0.0201,      3.1762,      0.1614,      5.5318,     11.0636,      1.4262,     28.3949,     56.7897,      0.0190,      0.0007,      0.0549,      0.2028,   7647.4604,-418429.4375,   -920.4073,    546.0289,  25491.5312,
       1,     167,     256,      10,       1,       3,       1,     10.0000,      1.3916,     42.4678,    246.2434,     61.9702,      3.4953,      0.0752,      0.0425,      5.2009,      0.1817,      5.5318,     11.0636,      1.6059,     28.3949,     56.7897,      0.0190,      0.0007,      0.0879,      0.2028,   7647.4595,-421188.6562,   -921.0748,    545.8406,  25491.5332,
       1,     167,     256,      11,       1,       3,       1,     10.0000,      1.3916,     42.4678,    246.2434,     61.9702,      3.4953,      0.1410,      0.1082,      5.5821,      0.1847,      5.5318,     11.0636,      1.6317,     28.3949,     56.7897,      0.0190,      0.0004,      0.1847,      0.2028,   7647.4604,-423961.3750,   -921.7606,    545.6515,  25491.5332,
       1,     167,     256,      12,       1,       3,       1,     10.0000,      1.3916,     42.4678,    246.2434,     61.9702,      3.4953,      0.1806,      0.1474,      7.7010,      0.1948,      5.5318,     11.0636,      1.7213,     28.3949,     56.7897,      0.0190,      0.0004,      0.2426,      0.2027,   7647.4604,-424676.0312,   -922.1799,    545.6027,  25491.5332,
       1,     167,     256,      13,       1,       3,       1,     10.0000,      1.3916,     42.4678,    246.2434,     61.9702,      3.4953,      0.1856,      0.1528,      7.3769,      0.1828,      5.5318,     11.0636,      1.6155,     28.3949,     56.7897,      0.0190,      0.0004,      0.2500,      0.2027,   7647.4604,-427392.1562,   -923.2405,    545.4175,  25491.5332,
       1,     167,     256,      14,       1,       3,       1,     10.0000,      1.3916,     42.4678,    246.2434,     61.9702,      3.4953,      0.1868,      0.1545,     21.7264,      0.1677,      5.5318,     11.0636,      1.4815,     28.3949,     56.7897,      0.0190,      0.0011,      0.2500,      0.2027,   7647.4604,-427218.2188,   -923.7103,    545.4294,  25491.5332,
       1,     167,     256,      15,       1,       3,       1,     10.0000,      1.3916,     42.4678,    246.2434,     61.9702,      3.4953,      0.1790,      0.1461,     45.2802,      0.1841,      5.5318,     11.0636,      1.6268,     28.3949,     56.7897,      0.0190,      0.0024,      0.2359,      0.2027,   7647.4604,-445183.7188,   -927.5591,    544.2045,  25491.5332,
       1,     167,     256,      16,       1,       3,       1,     10.0000,      1.3916,     42.4678,    246.2434,     61.9702,      3.4953,      0.1895,      0.1564,     57.1228,      0.1910,      5.5318,     11.0636,      1.6876,     28.3949,     56.7897,      0.0190,      0.0028,      0.2500,      0.2027,   7647.4604,-476243.8750,   -933.9370,    542.0930,  25491.5332,
       1,     167,     256,      17,       1,       3,       1,     10.0000,      1.3916,     42.4678,    246.2434,     61.9702,      3.4953,      0.1901,      0.1574,     64.0286,      0.1801,      5.5318,     11.0636,      1.5916,     28.3949,     56.7897,      0.0190,      0.0032,      0.2500,      0.2027,   7647.4604,-493754.7188,   -937.9907,    540.9105,  25491.5352,
       1,     167,     256,      18,       1,       3,       1,     10.0000,      1.3916,     42.4678,    246.2434,     61.9702,      3.4953,      0.0540,      0.0217,     10.5852,      0.1677,      5.5318,     11.0636,      1.4815,     28.3949,     56.7897,      0.0190,      0.0023,      0.0565,      0.2027,   7647.4609,-503907.5000,   -940.5810,    540.2254,  25491.5352,
       1,     167,     256,      19,       1,       3,       1,     10.0000,      1.3916,     42.4678,    246.2434,     61.9702,      3.4953,      0.0157,     -0.0162,      0.3294,      0.1552,      5.5318,     11.0636,      1.3715,     28.3949,     56.7897,      0.0190,      0.0020,      0.0020,      0.2027,   7647.4609,-437728.4062,   -928.2551,    544.6948,  25491.5352,
       1,     167,     256,      20,       1,       3,       1,     10.0000,      1.3916,     42.4678,    246.2434,     61.9702,      3.4953,      0.0061,     -0.0254,      3.4810,      0.1463,      5.5318,     11.0636,      1.2925,     28.3949,     56.7897,      0.0190,      0.0028,      0.0156,      0.2027,   7647.4609,-419291.4688,   -924.8200,    545.9686,  25491.5352,
       1,     167,     256,      21,       1,       3,       1,     10.0000,      1.3916,     42.4678,    246.2434,     61.9702,      3.4953,      0.0000,     -0.0313,      3.5294,      0.1389,      5.5318,     11.0636,      1.2276,     28.3949,     56.7897,      0.0190,      0.0028,      0.0156,      0.2028,   7647.4609,-421645.8750,   -925.3301,    545.8094,  25491.5352,
       1,     167,     256,      22,       1,       3,       1,     10.0000,      1.3916,     42.4678,    246.2434,     61.9702,      3.4953,      0.0000,     -0.0312,      3.1270,      0.1359,      5.5318,     11.0636,      1.2006,     28.3949,     56.7897,      0.0190,      0.0025,      0.0156,      0.2028,   7647.4609,-421906.0312,   -925.4391,    545.7917,  25491.5332,
       1,     167,     256,      23,       1,       3,       1,     10.0000,      1.3916,     42.4678,    246.2434,     61.9702,      3.4953,      0.0000,     -0.0312,      2.7968,      0.1370,      5.5318,     11.0636,      1.2104,     28.3949,     56.7897,      0.0190,      0.0022,      0.0156,      0.2028,   7647.4604,-421424.1875,   -925.3933,    545.8246,  25491.5352,
       1,     167,     256,      24,       1,       3,       1,     10.0000,      1.3916,     42.4678,    246.2434,     61.9702,      3.4953,      0.0000,     -0.0312,      2.5490,      0.1368,      5.5318,     11.0636,      1.2091,     28.3949,     56.7897,      0.0190,      0.0020,      0.0156,      0.2028,   7647.4609,-420969.1250,   -925.3376,    545.8556,  25491.5312,
       1,     167,     257,       1,       1,       3,       1,     10.0000,      1.3916,     42.4682,    246.2492,     61.9716,      3.4953,      0.0000,     -0.0311,      1.4084,      0.1337,      5.5311,     11.0622,      1.1813,     28.3915,     56.7831,      0.0190,      0.0011,      0.0156,      0.2028,   7647.4595,-420775.8750,   -925.6026,    545.8818,  25492.6777,
       1,     167,     257,       2,       1,       3,       1,     10.0000,      1.3916,     42.4682,    246.2492,     61.9716,      3.4953,      0.0000,     -0.0311,      0.9269,      0.1330,      5.5311,     11.0622,      1.1753,     28.3915,     56.7831,      0.0190,      0.0007,      0.0156,      0.2028,   7647.8037,-419177.1250,   -925.0432,    545.9908,  25492.6758,
       1,     167,     257,       3,       1,       3,       1,     10.0000,      1.3916,     42.4682,    246.2492,     61.9716,      3.4953,      0.0000,     -0.0312,      0.4906,      0.1353,      5.5311,     11.0622,      1.1958,     28.3915,     56.7831,      0.0190,      0.0004,      0.0156,      0.2028,   7647.8032,-418437.4688,   -924.9114,    546.0413,  25492.6758,
       1,     167,     257,       4,       1,       3,       1,     10.0000,      1.3916,     42.4682,    246.2492,     61.9716,      3.4953,      0.0000,     -0.0312,      0.4830,      0.1360,      5.5311,     11.0622,      1.2018,     28.3915,     56.7831,      0.0190,      0.0004,      0.0156,      0.2028,   7647.8032,-417827.6875,   -924.7996,    546.0830,  25492.6758,
       1,     167,     257,       5,       1,       3,       1,     10.0000,      1.3916,     42.4682,    246.2492,     61.9716,      3.4953,      0.0000,     -0.0313,      0.4370,      0.1396,      5.5311,     11.0622,      1.2339,     28.3915,     56.7831,      0.0190,      0.0003,      0.0156,      0.2028,   7647.8032,-417765.8750,   -924.7914,    546.0872,  25492.6777,
       1,     167,     257,       6,       1,       3,       1,     10.0000,      1.3916,     42.4682,    246.2492,     61.9716,      3.4953,      0.0000,     -0.0314,      0.3399,      0.1403,      5.5311,     11.0622,      1.2401,     28.3915,     56.7831,      0.0190,      0.0003,      0.0156,      0.2028,   7647.8037,-417702.9375,   -924.7819,    546.0915,  25492.6777,
       1,     167,     257,       7,       1,       3,       1,     10.0000,      1.3916,     42.4682,    246.2492,     61.9716,      3.4953,      0.0000,     -0.0313,      0.3345,      0.1384,      5.5311,     11.0622,      1.2227,     28.3915,     56.7831,      0.0190,      0.0003,      0.0156,      0.2028,   7647.8037,-417575.9375,   -924.7596,    546.1002,  25492.6777,
       1,     167,     257,       8,       1,       3,       1,     10.0000,      1.3916,     42.4682,    246.2492,     61.9716,      3.4953,      0.0030,     -0.0283,      0.3333,      0.1380,      5.5311,     11.0622,      1.2190,     28.3915,     56.7831,      0.0190,      0.0003,      0.0156,      0.2028,   7647.8037,-417558.0938,   -924.7580,    546.1014,  25492.6777,
       1,     167,     257,       9,       1,       3,       1,     10.0000,      1.3916,     42.4682,    246.2492,     61.9716,      3.4953,      0.0212,     -0.0108,      0.2486,      0.1580,      5.5311,     11.0622,      1.3965,     28.3915,     56.7831,      0.0190,      0.0003,      0.0100,      0.2028,   7647.8037,-417555.1875,   -924.7605,    546.1016,  25492.6797,
       1,     167,     257,      10,       1,       3,       1,     10.0000,      1.3916,     42.4682,    246.2492,     61.9716,      3.4953,      0.0890,      0.0561,      3.2031,      0.1832,      5.5311,     11.0622,      1.6188,     28.3915,     56.7831,      0.0190,      0.0004,      0.1083,      0.2028,   7647.8042,-417448.6250,   -924.7490,    546.1088,  25492.6777,
       1,     167,     257,      11,       1,       3,       1,     10.0000,      1.3916,     42.4682,    246.2492,     61.9716,      3.4953,      0.1114,      0.0777,      5.0118,      0.2152,      5.5311,     11.0622,      1.9015,     28.3915,     56.7831,      0.0190,      0.0004,      0.1408,      0.2028,   7647.8037,-421140.9375,   -925.5049,    545.8568,  25492.6777,
       1,     167,     257,      12,       1,       3,       1,     10.0000,      1.3916,     42.4682,    246.2492,     61.9716,      3.4953,      0.1289,      0.0947,      6.3726,      0.2293,      5.5311,     11.0622,      2.0266,     28.3915,     56.7831,      0.0190,      0.0005,      0.1664,      0.2028,   7647.8037,-423722.5312,   -926.0728,    545.6807,  25492.6777,
       1,     167,     257,      13,       1,       3,       1,     10.0000,      1.3916,     42.4682,    246.2492,     61.9716,      3.4953,      0.1835,      0.1496,      9.1382,      0.2225,      5.5311,     11.0622,      1.9660,     28.3915,     56.7831,      0.0190,      0.0005,      0.2471,      0.2028,   7647.8037,-425648.1562,   -926.5235,    545.5494,  25492.6777,
       1,     167,     257,      14,       1,       3,       1,     10.0000,      1.3916,     42.4682,    246.2492,     61.9716,      3.4953,      0.1861,      0.1518,     18.4108,      0.2350,      5.5311,     11.0622,      2.0767,     28.3915,     56.7831,      0.0190,      0.0009,      0.2500,      0.2028,   7647.8037,-429277.6250,   -927.3422,    545.3019,  25492.6777,
       1,     167,     257,      15,       1,       3,       1,     10.0000,      1.3916,     42.4682,    246.2492,     61.9716,      3.4953,      0.1886,      0.1541,     50.5847,      0.2415,      5.5311,     11.0622,      2.1342,     28.3915,     56.7831,      0.0190,      0.0025,      0.2500,      0.2028,   7647.8037,-441205.7500,   -929.7718,    544.4889,  25492.6777,
       1,     167,     257,      16,       1,       3,       1,     10.0000,      1.3916,     42.4682,    246.2492,     61.9716,      3.4953,      0.1330,      0.0989,     58.0345,      0.2296,      5.5311,     11.0622,      2.0286,     28.3915,     56.7831,      0.0190,      0.0043,      0.1666,      0.2028,   7647.8037,-482544.8125,   -937.9398,    541.6760,  25492.6758,
       1,     167,     257,      17,       1,       3,       1,     10.0000,      1.3916,     42.4682,    246.2492,     61.9716,      3.4953,      0.0988,      0.0647,     51.8746,      0.2289,      5.5311,     11.0622,      2.0226,     28.3915,     56.7831,      0.0190,      0.0055,      0.1166,      0.2027,   7647.8032,-495434.1875,   -940.7079,    540.8104,  25492.6777,
       1,     167,     257,      18,       1,       3,       1,     10.0000,      1.3916,     42.4682,    246.2492,     61.9716,      3.4953,      0.0967,      0.0631,     42.6869,      0.2116,      5.5311,     11.0622,      1.8700,     28.3915,     56.7831,      0.0190,      0.0046,      0.1147,      0.2027,   7647.8037,-488799.9688,   -939.7058,    541.2596,  25492.6777,
       1,     167,     257,      19,       1,       3,       1,     10.0000,      1.3916,     42.4682,    246.2492,     61.9716,      3.4953,      0.0319,     -0.0013,      9.4425,      0.1977,      5.5311,     11.0622,      1.7471,     28.3915,     56.7831,      0.0190,      0.0050,      0.0232,      0.2027,   7647.8037,-476712.8750,   -937.5981,    542.0776,  25492.6758,
       1,     167,     257,      20,       1,       3,       1,     10.0000,      1.3916,     42.4682,    246.2492,     61.9716,      3.4953,      0.0032,     -0.0294,      6.6536,      0.1771,      5.5311,     11.0622,      1.5650,     28.3915,     56.7831,      0.0190,      0.0053,      0.0156,      0.2027,   7647.8032,-434003.0312,   -929.4228,    544.9722,  25492.6777,
       1,     167,     257,      21,       1,       3,       1,     10.0000,      1.3916,     42.4682,    246.2492,     61.9716,      3.4953,      0.0000,     -0.0323,      5.8653,      0.1673,      5.5311,     11.0622,      1.4785,     28.3915,     56.7831,      0.0190,      0.0047,      0.0156,      0.2028,   7647.8037,-426888.0625,   -928.0504,    545.4647,  25492.6758,
       1,     167,     257,      22,       1,       3,       1,     10.0000,      1.3916,     42.4682,    246.2492,     61.9716,      3.4953,      0.0000,     -0.0324,      5.8424,      0.1690,      5.5311,     11.0622,      1.4934,     28.3915,     56.7831,      0.0190,      0.0046,      0.0156,      0.2028,   7647.8032,-425283.5000,   -927.7377,    545.5743,  25492.6758,
       1,     167,     257,      23,       1,       3,       1,     10.0000,      1.3916,     42.4682,    246.2492,     61.9716,      3.4953,      0.0000,     -0.0324,      5.0570,      0.1712,      5.5311,     11.0622,      1.5129,     28.3915,     56.7831,      0.0190,      0.0040,      0.0156,      0.2028,   7647.8032,-425117.5312,   -927.6981,    545.5856,  25492.6777,
       1,     167,     257,      24,       1,       3,       1,     10.0000,      1.3916,     42.4682,    246.2492,     61.9716,      3.4953,      0.0000,     -0.0324,      4.2609,      0.1712,      5.5311,     11.0622,      1.5129,     28.3915,     56.7831,      0.0190,      0.0034,      0.0156,      0.2028,   7647.8037,-424119.0312,   -927.4937,    545.6537,  25492.6777,
       1,     167,     258,       1,       1,       3,       1,     10.0000,      1.3916,     42.4685,    246.2551,     61.9732,      3.4953,      0.0000,     -0.0324,      2.7628,      0.1704,      5.5321,     11.0641,      1.5054,     28.3835,     56.7671,      0.0190,      0.0022,      0.0156,      0.2028,   7647.8037,-423192.1875,   -927.5850,    545.7300,  25493.8223,
       1,     167,     258,       2,       1,       3,       1,     10.0000,      1.3916,     42.4685,    246.2551,     61.9732,      3.4953,      0.0000,     -0.0324,      1.9493,      0.1697,      5.5321,     11.0641,      1.4994,     28.3835,     56.7671,      0.0190,      0.0015,      0.0156,      0.2028,   7648.1470,-421082.9375,   -926.8973,    545.8738,  25493.8242,
       1,     167,     258,       3,       1,       3,       1,     10.0000,      1.3916,     42.4685,    246.2551,     61.9732,      3.4953,      0.0000,     -0.0324,      1.6950,      0.1704,      5.5321,     11.0641,      1.5054,     28.3835,     56.7671,      0.0190,      0.0013,      0.0156,      0.2028,   7648.1475,-419883.5625,   -926.6613,    545.9556,  25493.8223,
       1,     167,     258,       4,       1,       3,       1,     10.0000,      1.3916,     42.4685,    246.2551,     61.9732,      3.4953,      0.0000,     -0.0324,      1.5385,      0.1717,      5.5321,     11.0641,      1.5174,     28.3835,     56.7671,      0.0190,      0.0012,      0.0156,      0.2028,   7648.1470,-419462.7812,   -926.5763,    545.9844,  25493.8203,
       1,     167,     258,       5,       1,       3,       1,     10.0000,      1.3916,     42.4685,    246.2551,     61.9732,      3.4953,      0.0000,     -0.0324,      1.1430,      0.1702,      5.5321,     11.0641,      1.5039,     28.3835,     56.7671,      0.0190,      0.0009,      0.0156,      0.2028,   7648.1465,-419230.8438,   -926.5282,    546.0002,  25493.8242,
       1,     167,     258,       6,       1,       3,       1,     10.0000,      1.3916,     42.4685,    246.2551,     61.9732,      3.4953,      0.0000,     -0.0323,      1.0760,      0.1672,      5.5321,     11.0641,      1.4771,     28.3835,     56.7671,      0.0190,      0.0009,      0.0156,      0.2028,   7648.1475,-418715.3438,   -926.4257,    546.0354,  25493.8203,
       1,     167,     258,       7,       1,       3,       1,     10.0000,      1.3916,     42.4685,    246.2551,     61.9732,      3.4953,      0.0000,     -0.0323,      1.1560,      0.1673,      5.5321,     11.0641,      1.4786,     28.3835,     56.7671,      0.0190,      0.0009,      0.0156,      0.2028,   7648.1465,-418587.7500,   -926.4003,    546.0442,  25493.8223,
       1,     167,     258,       8,       1,       3,       1,     10.0000,      1.3916,     42.4685,    246.2551,     61.9732,      3.4953,      0.0103,     -0.0219,      1.1947,      0.1647,      5.5321,     11.0641,      1.4551,     28.3835,     56.7671,      0.0190,      0.0009,      0.0156,      0.2028,   7648.1470,-418676.7188,   -926.4150,    546.0380,  25493.8223,
       1,     167,     258,       9,       1,       3,       1,     10.0000,      1.3916,     42.4685,    246.2551,     61.9732,      3.4953,      0.0664,      0.0337,      7.9856,      0.1812,      5.5321,     11.0641,      1.6012,     28.3835,     56.7671,      0.0190,      0.0013,      0.0746,      0.2028,   7648.1470,-418732.9062,   -926.4214,    546.0342,  25493.8223,
       1,     167,     258,      10,       1,       3,       1,     10.0000,      1.3916,     42.4685,    246.2551,     61.9732,      3.4953,      0.1631,      0.1296,     24.1640,      0.2059,      5.5321,     11.0641,      1.8192,     28.3835,     56.7671,      0.0190,      0.0014,      0.2151,      0.2028,   7648.1470,-427243.8438,   -928.0795,    545.4534,  25493.8223,
       1,     167,     258,      11,       1,       3,       1,     10.0000,      1.3916,     42.4685,    246.2551,     61.9732,      3.4953,      0.1870,      0.1533,     26.9033,      0.2120,      5.5321,     11.0641,      1.8737,     28.3835,     56.7671,      0.0190,      0.0013,      0.2500,      0.2028,   7648.1470,-448239.3750,   -932.1689,    544.0221,  25493.8223,
       1,     167,     258,      12,       1,       3,       1,     10.0000,      1.3916,     42.4685,    246.2551,     61.9732,      3.4953,      0.1806,      0.1466,     32.5085,      0.2238,      5.5321,     11.0641,      1.9777,     28.3835,     56.7671,      0.0190,      0.0017,      0.2401,      0.2028,   7648.1470,-453470.5000,   -933.1971,    543.6683,  25493.8203,
       1,     167,     258,      13,       1,       3,       1,     10.0000,      1.3916,     42.4685,    246.2551,     61.9732,      3.4953,      0.1871,      0.1536,     28.0267,      0.2053,      5.5321,     11.0641,      1.8139,     28.3835,     56.7671,      0.0190,      0.0014,      0.2500,      0.2028,   7648.1465,-460939.5625,   -934.6905,    543.1608,  25493.8223,
       1,     167,     258,      14,       1,       3,       1,     10.0000,      1.3916,     42.4685,    246.2551,     61.9732,      3.4953,      0.1860,      0.1527,     38.4220,      0.1977,      5.5321,     11.0641,      1.7471,     28.3835,     56.7671,      0.0190,      0.0019,      0.2471,      0.2028,   7648.1470,-455959.8438,   -932.7502,    543.4991,  25493.8223,
       1,     167,     258,      15,       1,       3,       1,     10.0000,      1.3916,     42.4685,    246.2551,     61.9732,      3.4953,      0.1840,      0.1498,     66.1765,      0.2346,      5.5321,     11.0641,      2.0727,     28.3835,     56.7671,      0.0190,      0.0034,      0.2413,      0.2028,   7648.1470,-468563.0938,   -935.7420,    542.6430,  25493.8223,
       1,     167,     258,      16,       1,       3,       1,     10.0000,      1.3916,     42.4685,    246.2551,     61.9732,      3.4953,      0.1808,      0.1465,     76.5420,      0.2341,      5.5321,     11.0641,      2.0687,     28.3835,     56.7671,      0.0190,      0.0040,      0.2354,      0.2028,   7648.1470,-504430.1250,   -943.2797,    540.2108,  25493.8242,
       1,     167,     258,      17,       1,       3,       1,     10.0000,      1.3916,     42.4685,    246.2551,     61.9732,      3.4953,      0.1809,      0.1472,     93.0858,      0.2141,      5.5321,     11.0641,      1.8922,     28.3835,     56.7671,      0.0190,      0.0049,      0.2335,      0.2027,   7648.1475,-520502.6250,   -947.0759,    539.1309,  25493.8223,
       1,     167,     258,      18,       1,       3,       1,     10.0000,      1.3916,     42.4685,    246.2551,     61.9732,      3.4953,      0.1448,      0.1115,     47.2606,      0.2011,      5.5321,     11.0641,      1.7767,     28.3835,     56.7671,      0.0190,      0.0032,      0.1853,      0.2027,   7648.1470,-542622.0625,   -952.0647,    537.6413,  25493.8242,
       1,     167,     258,      19,       1,       3,       1,     10.0000,      1.3916,     42.4685,    246.2551,     61.9732,      3.4953,      0.0320,     -0.0010,      4.2494,      0.1902,      5.5321,     11.0641,      1.6810,     28.3835,     56.7671,      0.0190,      0.0022,      0.0242,      0.2027,   7648.1475,-487001.0000,   -941.8247,    541.3815,  25493.8184,
       1,     167,     258,      20,       1,       3,       1,     10.0000,      1.3916,     42.4685,    246.2551,     61.9732,      3.4953,      0.0016,     -0.0312,      5.2384,      0.1821,      5.5321,     11.0641,      1.6092,     28.3835,     56.7671,      0.0190,      0.0042,      0.0156,      0.2027,   7648.1460,-428377.8125,   -930.6671,    545.3617,  25493.8184,
       1,     167,     258,      21,       1,       3,       1,     10.0000,      1.3916,     42.4685,    246.2551,     61.9732,      3.4953,      0.0000,     -0.0326,      4.8558,      0.1755,      5.5321,     11.0641,      1.5511,     28.3835,     56.7671,      0.0190,      0.0039,      0.0156,      0.2028,   7648.1460,-424646.0938,   -930.0323,    545.6307,  25493.8203,
       1,     167,     258,      22,       1,       3,       1,     10.0000,      1.3916,     42.4685,    246.2551,     61.9732,      3.4953,      0.0000,     -0.0325,      4.4179,      0.1736,      5.5321,     11.0641,      1.5342,     28.3835,     56.7671,      0.0190,      0.0035,      0.0156,      0.2028,   7648.1465,-423829.5312,   -929.9418,    545.6865,  25493.8203,
       1,     167,     258,      23,       1,       3,       1,     10.0000,      1.3916,     42.4685,    246.2551,     61.9732,      3.4953,      0.0000,     -0.0325,      4.2914,      0.1729,      5.5321,     11.0641,      1.5281,     28.3835,     56.7671,      0.0190,      0.0034,      0.0156,      0.2028,   7648.1465,-423210.8438,   -929.8771,    545.7286,  25493.8203,
       1,     167,     258,      24,       1,       3,       1,     10.0000,      1.3916,     42.4685,    246.2551,     61.9732,      3.4953,      0.0000,     -0.0323,      3.7300,      0.1672,      5.5321,     11.0641,      1.4771,     28.3835,     56.7671,      0.0190,      0.0030,      0.0156,      0.2028,   7648.1465,-422999.6250,   -929.8839,    545.7430,  25493.8203,
       1,     167,     259,       1,       1,       3,       1,     10.0000,      1.3917,     42.4689,    246.2609,     61.9745,      3.4953,      0.0000,     -0.0322,      2.9545,      0.1637,      5.5311,     11.0621,      1.4464,     28.3857,     56.7714,      0.0191,      0.0023,      0.0156,      0.2028,   7648.1465,-422434.2188,   -930.0889,    545.7947,  25494.9688,
       1,     167,     259,       2,       1,       3,       1,     10.0000,      1.3917,     42.4689,    246.2609,     61.9745,      3.4953,      0.0000,     -0.0323,      2.3446,      0.1678,      5.5311,     11.0621,      1.4830,     28.3857,     56.7714,      0.0191,      0.0019,      0.0156,      0.2028,   7648.4907,-421260.9375,   -929.6131,    545.8747,  25494.9668,
       1,     167,     259,       3,       1,       3,       1,     10.0000,      1.3917,     42.4689,    246.2609,     61.9745,      3.4953,      0.0000,     -0.0322,      1.9937,      0.1652,      5.5311,     11.0621,      1.4595,     28.3857,     56.7714,      0.0191,      0.0016,      0.0156,      0.2028,   7648.4902,-420397.0000,   -929.4666,    545.9337,  25494.9668,
       1,     167,     259,       4,       1,       3,       1,     10.0000,      1.3917,     42.4689,    246.2609,     61.9745,      3.4953,      0.0000,     -0.0322,      1.9657,      0.1648,      5.5311,     11.0621,      1.4566,     28.3857,     56.7714,      0.0191,      0.0016,      0.0156,      0.2028,   7648.4902,-419883.6250,   -929.3826,    545.9687,  25494.9668,
       1,     167,     259,       5,       1,       3,       1,     10.0000,      1.3917,     42.4689,    246.2609,     61.9745,      3.4953,      0.0000,     -0.0316,      1.1914,      0.1484,      5.5311,     11.0621,      1.3109,     28.3857,     56.7714,      0.0191,      0.0009,      0.0156,      0.2028,   7648.4902,-419804.8125,   -929.3817,    545.9741,  25494.9668,
       1,     167,     259,       6,       1,       3,       1,     10.0000,      1.3917,     42.4689,    246.2609,     61.9745,      3.4953,      0.0000,     -0.0307,      0.6960,      0.1226,      5.5311,     11.0621,      1.0835,     28.3857,     56.7714,      0.0191,      0.0006,      0.0156,      0.2028,   7648.4902,-418828.1562,   -910.4150,    546.0408,  25494.9727,
       1,     167,     259,       7,       1,       3,       1,     10.0000,      1.3917,     42.4689,    246.2609,     61.9745,      3.4953,      0.0000,     -0.0307,      0.8775,      0.1244,      5.5311,     11.0621,      1.0991,     28.3857,     56.7714,      0.0191,      0.0007,      0.0156,      0.2028,   7648.4922,-418123.5312,   -910.3535,    546.0889,  25494.9688,
       1,     167,     259,       8,       1,       3,       1,     10.0000,      1.3917,     42.4689,    246.2609,     61.9745,      3.4953,      0.0081,     -0.0228,      0.7033,      0.1294,      5.5311,     11.0621,      1.1436,     28.3857,     56.7714,      0.0191,      0.0006,      0.0156,      0.2028,   7648.4907,-418291.0625,   -910.4584,    546.0774,  25494.9707,
       1,     167,     259,       9,       1,       3,       1,     10.0000,      1.3917,     42.4689,    246.2609,     61.9745,      3.4953,      0.0780,      0.0468,      4.4150,      0.1363,      5.5311,     11.0621,      1.2043,     28.3857,     56.7714,      0.0191,      0.0006,      0.0931,      0.2028,   7648.4917,-418086.9688,   -910.4989,    546.0913,  25494.9707,
       1,     167,     259,      10,       1,       3,       1,     10.0000,      1.3917,     42.4689,    246.2609,     61.9745,      3.4953,      0.1754,      0.1435,     10.2883,      0.1566,      5.5311,     11.0621,      1.3841,     28.3857,     56.7714,      0.0191,      0.0005,      0.2345,      0.2028,   7648.4917,-422718.0938,   -911.6449,    545.7752,  25494.9727,
       1,     167,     259,      11,       1,       3,       1,     10.0000,      1.3917,     42.4689,    246.2609,     61.9745,      3.4953,      0.1863,      0.1534,     16.6054,      0.1876,      5.5311,     11.0621,      1.6579,     28.3857,     56.7714,      0.0191,      0.0008,      0.2500,      0.2028,   7648.4922,-430470.4062,   -914.3544,    545.2464,  25494.9707,
       1,     167,     259,      12,       1,       3,       1,     10.0000,      1.3917,     42.4689,    246.2609,     61.9745,      3.4953,      0.1856,      0.1519,      9.5278,      0.2121,      5.5311,     11.0621,      1.8738,     28.3857,     56.7714,      0.0191,      0.0005,      0.2500,      0.2028,   7648.4917,-439046.7812,   -917.3949,    544.6622,  25494.9707,
       1,     167,     259,      13,       1,       3,       1,     10.0000,      1.3917,     42.4689,    246.2609,     61.9745,      3.4953,      0.1856,      0.1521,      8.3128,      0.2029,      5.5311,     11.0621,      1.7926,     28.3857,     56.7714,      0.0191,      0.0004,      0.2500,      0.2028,   7648.4917,-430912.9062,   -917.8986,    545.2162,  25494.9727,
       1,     167,     259,      14,       1,       3,       1,     10.0000,      1.3917,     42.4689,    246.2609,     61.9745,      3.4953,      0.1859,      0.1545,      6.6783,      0.1396,      5.5311,     11.0621,      1.2339,     28.3857,     56.7714,      0.0191,      0.0003,      0.2500,      0.2028,   7648.4922,-428696.6875,   -918.9129,    545.3676,  25494.9688,
       1,     167,     259,      15,       1,       3,       1,     10.0000,      1.3917,     42.4689,    246.2609,     61.9745,      3.4953,      0.1869,      0.1558,     18.8085,      0.1326,      5.5311,     11.0621,      1.1718,     28.3857,     56.7714,      0.0191,      0.0009,      0.2500,      0.2028,   7648.4907,-426460.2188,   -913.1004,    545.5201,  25494.9707,
       1,     167,     259,      16,       1,       3,       1,     10.0000,      1.3917,     42.4689,    246.2609,     61.9745,      3.4953,      0.1232,      0.0923,     26.3751,      0.1301,      5.5311,     11.0621,      1.1494,     28.3857,     56.7714,      0.0191,      0.0021,      0.1565,      0.2028,   7648.4917,-441462.6562,   -916.3887,    544.4971,  25494.9727,
       1,     167,     259,      17,       1,       3,       1,     10.0000,      1.3917,     42.4689,    246.2609,     61.9745,      3.4953,      0.0936,      0.0629,     27.7868,      0.1227,      5.5311,     11.0621,      1.0846,     28.3857,     56.7714,      0.0191,      0.0030,      0.1134,      0.2028,   7648.4922,-452226.5938,   -917.0883,    543.7654,  25494.9707,
       1,     167,     259,      18,       1,       3,       1,     10.0000,      1.3917,     42.4689,    246.2609,     61.9745,      3.4953,      0.0904,      0.0595,     23.0750,      0.1276,      5.5311,     11.0621,      1.1274,     28.3857,     56.7714,      0.0191,      0.0026,      0.1092,      0.2028,   7648.4917,-454914.5625,   -917.6169,    543.5832,  25494.9727,
       1,     167,     259,      19,       1,       3,       1,     10.0000,      1.3917,     42.4689,    246.2609,     61.9745,      3.4953,      0.0432,      0.0120,      2.2664,      0.1357,      5.5311,     11.0621,      1.1995,     28.3857,     56.7714,      0.0191,      0.0007,      0.0428,      0.2028,   7648.4922,-449238.9062,   -916.5076,    543.9689,  25494.9707,
       1,     167,     259,      20,       1,       3,       1,     10.0000,      1.3917,     42.4689,    246.2609,     61.9745,      3.4953,      0.0063,     -0.0247,      0.3250,      0.1332,      5.5311,     11.0621,      1.1766,     28.3857,     56.7714,      0.0191,      0.0003,      0.0156,      0.2028,   7648.4917,-422682.3438,   -911.9689,    545.7748,  25494.9688,
       1,     167,     259,      21,       1,       3,       1,     10.0000,      1.3917,     42.4689,    246.2609,     61.9745,      3.4953,      0.0000,     -0.0310,      0.3656,      0.1310,      5.5311,     11.0621,      1.1576,     28.3857,     56.7714,      0.0191,      0.0003,      0.0156,      0.2028,   7648.4907,-417992.4375,   -911.1519,    546.0977,  25494.9707,
       1,     167,     259,      22,       1,       3,       1,     10.0000,      1.3917,     42.4689,    246.2609,     61.9745,      3.4953,      0.0000,     -0.0311,      0.4422,      0.1327,      5.5311,     11.0621,      1.1730,     28.3857,     56.7714,      0.0191,      0.0004,      0.0156,      0.2028,   7648.4917,-417638.5000,   -911.0963,    546.1220,  25494.9707,
       1,     167,     259,      23,       1,       3,       1,     10.0000,      1.3917,     42.4689,    246.2609,     61.9745,      3.4953,      0.0000,     -0.0310,      0.3124,      0.1303,      5.5311,     11.0621,      1.1518,     28.3857,     56.7714,      0.0191,      0.0002,      0.0156,      0.2028,   7648.4917,-417704.0938,   -911.1244,    546.1174,  25494.9707,
       1,     167,     259,      24,       1,       3,       1,     10.0000,      1.3917,     42.4689,    246.2609,     61.9745,      3.4953,      0.0000,     -0.0311,      0.4177,      0.1336,      5.5311,     11.0621,      1.1802,     28.3857,     56.7714,      0.0191,      0.0003,      0.0156,      0.2028,   7648.4917,-417547.1875,   -911.0977,    546.1282,  25494.9688,
       1,     167,     260,       1,       1,       3,       1,     10.0000,      1.3917,     42.4692,    246.2667,     61.9761,      3.4953,      0.0000,     -0.0312,      0.7094,      0.1363,      5.5315,     11.0630,      1.2044,     28.3851,     56.7702,      0.0191,      0.0006,      0.0156,      0.2029,   7648.4907,-417822.0938,   -911.4210,    546.1223,  25496.1152,
       1,     167,     260,       2,       1,       3,       1,     10.0000,      1.3917,     42.4692,    246.2667,     61.9761,      3.4953,      0.0000,     -0.0312,      0.9737,      0.1352,      5.5315,     11.0630,      1.1946,     28.3851,     56.7702,      0.0191,      0.0008,      0.0156,      0.2029,   7648.8350,-418057.5938,   -911.2584,    546.1061,  25496.1152,
       1,     167,     260,       3,       1,       3,       1,     10.0000,      1.3917,     42.4692,    246.2667,     61.9761,      3.4953,      0.0000,     -0.0311,      1.1342,      0.1326,      5.5315,     11.0630,      1.1718,     28.3851,     56.7702,      0.0191,      0.0009,      0.0156,      0.2029,   7648.8350,-418408.9062,   -911.4114,    546.0822,  25496.1133,
       1,     167,     260,       4,       1,       3,       1,     10.0000,      1.3917,     42.4692,    246.2667,     61.9761,      3.4953,      0.0000,     -0.0310,      0.8454,      0.1315,      5.5315,     11.0630,      1.1624,     28.3851,     56.7702,      0.0191,      0.0007,      0.0156,      0.2029,   7648.8345,-418640.1250,   -911.5652,    546.0664,  25496.1152,
       1,     167,     260,       5,       1,       3,       1,     10.0000,      1.3917,     42.4692,    246.2667,     61.9761,      3.4953,      0.0000,     -0.0311,      1.0135,      0.1326,      5.5315,     11.0630,      1.1718,     28.3851,     56.7702,      0.0191,      0.0008,      0.0156,      0.2029,   7648.8350,-418298.0312,   -911.5760,    546.0898,  25496.1172,
       1,     167,     260,       6,       1,       3,       1,     10.0000,      1.3917,     42.4692,    246.2667,     61.9761,      3.4953,      0.0000,     -0.0308,      1.2346,      0.1266,      5.5315,     11.0630,      1.1183,     28.3851,     56.7702,      0.0191,      0.0010,      0.0156,      0.2029,   7648.8354,-418478.8438,   -911.7047,    546.0774,  25496.1133,
       1,     167,     260,       7,       1,       3,       1,     10.0000,      1.3917,     42.4692,    246.2667,     61.9761,      3.4953,      0.0000,     -0.0307,      1.6041,      0.1234,      5.5315,     11.0630,      1.0902,     28.3851,     56.7702,      0.0191,      0.0013,      0.0156,      0.2029,   7648.8345,-418771.8125,   -911.8746,    546.0574,  25496.1133,
       1,     167,     260,       8,       1,       3,       1,     10.0000,      1.3917,     42.4692,    246.2667,     61.9761,      3.4953,      0.0110,     -0.0198,      1.5882,      0.1245,      5.5315,     11.0630,      1.1003,     28.3851,     56.7702,      0.0191,      0.0013,      0.0156,      0.2029,   7648.8345,-419259.5000,   -912.1139,    546.0241,  25496.1172,
       1,     167,     260,       9,       1,       3,       1,     10.0000,      1.3917,     42.4692,    246.2667,     61.9761,      3.4953,      0.0971,      0.0660,     14.1086,      0.1349,      5.5315,     11.0630,      1.1922,     28.3851,     56.7702,      0.0191,      0.0015,      0.1199,      0.2029,   7648.8354,-419280.7812,   -912.2823,    546.0227,  25496.1152,
       1,     167,     260,      10,       1,       3,       1,     10.0000,      1.3917,     42.4692,    246.2667,     61.9761,      3.4953,      0.1776,      0.1457,     31.1028,      0.1555,      5.5315,     11.0630,      1.3744,     28.3851,     56.7702,      0.0191,      0.0016,      0.2352,      0.2029,   7648.8350,-434962.0938,   -915.6688,    544.9524,  25496.1172,
       1,     167,     260,      11,       1,       3,       1,     10.0000,      1.3917,     42.4692,    246.2667,     61.9761,      3.4953,      0.1794,      0.1463,     24.8512,      0.1939,      5.5315,     11.0630,      1.7130,     28.3851,     56.7702,      0.0191,      0.0013,      0.2389,      0.2028,   7648.8354,-457591.2500,   -921.2934,    543.4119,  25496.1152,
       1,     167,     260,      12,       1,       3,       1,     10.0000,      1.3917,     42.4692,    246.2667,     61.9761,      3.4953,      0.1868,      0.1539,     23.0637,      0.1878,      5.5315,     11.0630,      1.6596,     28.3851,     56.7702,      0.0191,      0.0011,      0.2500,      0.2028,   7648.8350,-451695.0625,   -921.4916,    543.8146,  25496.1152,
       1,     167,     260,      13,       1,       3,       1,     10.0000,      1.3917,     42.4692,    246.2667,     61.9761,      3.4953,      0.1868,      0.1532,     25.3244,      0.2118,      5.5315,     11.0630,      1.8720,     28.3851,     56.7702,      0.0191,      0.0013,      0.2500,      0.2028,   7648.8350,-448950.3750,   -922.4946,    544.0013,  25496.1133,
       1,     167,     260,      14,       1,       3,       1,     10.0000,      1.3917,     42.4692,    246.2667,     61.9761,      3.4953,      0.1732,      0.1395,     30.9543,      0.2129,      5.5315,     11.0630,      1.8812,     28.3851,     56.7702,      0.0191,      0.0017,      0.2292,      0.2028,   7648.8345,-451548.5000,   -924.0701,    543.8246,  25496.1152,
       1,     167,     260,      15,       1,       3,       1,     10.0000,      1.3917,     42.4692,    246.2667,     61.9761,      3.4953,      0.0341,      0.0004,      5.3564,      0.2146,      5.5315,     11.0630,      1.8961,     28.3851,     56.7702,      0.0191,      0.0025,      0.0264,      0.2028,   7648.8350,-458823.6875,   -926.3111,    543.3302,  25496.1152,
       1,     167,     260,      16,       1,       3,       1,     10.0000,      1.3917,     42.4692,    246.2667,     61.9761,      3.4953,      0.0514,      0.0175,     17.3806,      0.2180,      5.5315,     11.0630,      1.9261,     28.3851,     56.7702,      0.0191,      0.0043,      0.0504,      0.2028,   7648.8350,-427370.3438,   -920.7941,    545.4666,  25496.1152,
       1,     167,     260,      17,       1,       3,       1,     10.0000,      1.3917,     42.4692,    246.2667,     61.9761,      3.4953,      0.0874,      0.0535,     32.4529,      0.2201,      5.5315,     11.0630,      1.9451,     28.3851,     56.7702,      0.0191,      0.0039,      0.1020,      0.2028,   7648.8350,-439758.0938,   -923.5193,    544.6262,  25496.1152,
       1,     167,     260,      18,       1,       3,       1,     10.0000,      1.3917,     42.4692,    246.2667,     61.9761,      3.4953,      0.1001,      0.0664,     50.9685,      0.2114,      5.5315,     11.0630,      1.8683,     28.3851,     56.7702,      0.0191,      0.0053,      0.1188,      0.2028,   7648.8350,-459693.3125,   -927.7292,    543.2697,  25496.1152,
       1,     167,     260,      19,       1,       3,       1,     10.0000,      1.3917,     42.4692,    246.2667,     61.9761,      3.4953,      0.0676,      0.0347,     29.8934,      0.1880,      5.5315,     11.0630,      1.6612,     28.3851,     56.7702,      0.0191,      0.0050,      0.0737,      0.2028,   7648.8350,-484599.2188,   -933.0569,    541.5800,  25496.1152,
       1,     167,     260,      20,       1,       3,       1,     10.0000,      1.3917,     42.4692,    246.2667,     61.9761,      3.4953,      0.0061,     -0.0260,      5.7431,      0.1614,      5.5315,     11.0630,      1.4263,     28.3851,     56.7702,      0.0191,      0.0046,      0.0156,      0.2028,   7648.8350,-460310.5625,   -929.0992,    543.2269,  25496.1172,
       1,     167,     260,      21,       1,       3,       1,     10.0000,      1.3917,     42.4692,    246.2667,     61.9761,      3.4953,      0.0000,     -0.0318,      6.0511,      0.1531,      5.5315,     11.0630,      1.3525,     28.3851,     56.7702,      0.0191,      0.0048,      0.0156,      0.2028,   7648.8354,-427983.4375,   -923.3864,    545.4246,  25496.1152,
       1,     167,     260,      22,       1,       3,       1,     10.0000,      1.3917,     42.4692,    246.2667,     61.9761,      3.4953,      0.0000,     -0.0318,      6.1754,      0.1521,      5.5315,     11.0630,      1.3444,     28.3851,     56.7702,      0.0191,      0.0049,      0.0156,      0.2028,   7648.8350,-425621.3438,   -923.1956,    545.5900,  25496.1133,
       1,     167,     260,      23,       1,       3,       1,     10.0000,      1.3917,     42.4692,    246.2667,     61.9761,      3.4953,      0.0000,     -0.0316,      5.8854,      0.1481,      5.5315,     11.0630,      1.3083,     28.3851,     56.7702,      0.0191,      0.0047,      0.0156,      0.2029,   7648.8345,-425569.9062,   -923.4306,    545.5936,  25496.1152,
       1,     167,     260,      24,       1,       3,       1,     10.0000,      1.3917,     42.4692,    246.2667,     61.9761,      3.4953,      0.0000,     -0.0313,      4.2601,      0.1396,      5.5315,     11.0630,      1.2340,     28.3851,     56.7702,      0.0191,      0.0034,      0.0156,      0.2029,   7648.8350,-425201.9062,   -923.5252,    545.6187,  25496.1133,
       1,     167,     261,       1,       1,       3,       1,     10.0000,      1.3917,     42.4695,    246.2725,     61.9775,      3.4953,      0.0000,     -0.0315,      2.9887,      0.1431,      5.5317,     11.0633,      1.2643,     28.3792,     56.7585,      0.0191,      0.0024,      0.0156,      0.2029,   7648.8345,-423291.1875,   -923.5476,    545.7620,  25497.2617,
       1,     167,     261,       2,       1,       3,       1,     10.0000,      1.3917,     42.4695,    246.2725,     61.9775,      3.4953,      0.0000,     -0.0313,      2.4421,      0.1399,      5.5317,     11.0633,      1.2365,     28.3792,     56.7585,      0.0191,      0.0019,      0.0156,      0.2029,   7649.1787,-421382.2812,   -923.0275,    545.8923,  25497.2637,
       1,     167,     261,       3,       1,       3,       1,     10.0000,      1.3917,     42.4695,    246.2725,     61.9775,      3.4953,      0.0000,     -0.0312,      1.9231,      0.1370,      5.5317,     11.0633,      1.2105,     28.3792,     56.7585,      0.0191,      0.0015,      0.0156,      0.2029,   7649.1792,-420534.4062,   -922.9549,    545.9501,  25497.2617,
       1,     167,     261,       4,       1,       3,       1,     10.0000,      1.3917,     42.4695,    246.2725,     61.9775,      3.4953,      0.0000,     -0.0311,      1.3685,      0.1347,      5.5317,     11.0633,      1.1898,     28.3792,     56.7585,      0.0191,      0.0011,      0.0156,      0.2029,   7649.1787,-419812.4062,   -922.8679,    545.9995,  25497.2637,
       1,     167,     261,       5,       1,       3,       1,     10.0000,      1.3917,     42.4695,    246.2725,     61.9775,      3.4953,      0.0000,     -0.0312,      0.6660,      0.1349,      5.5317,     11.0633,      1.1922,     28.3792,     56.7585,      0.0191,      0.0005,      0.0156,      0.2029,   7649.1792,-419055.8125,   -922.7625,    546.0511,  25497.2617,
       1,     167,     261,       6,       1,       3,       1,     10.0000,      1.3917,     42.4695,    246.2725,     61.9775,      3.4953,      0.0000,     -0.0312,      0.7865,      0.1367,      5.5317,     11.0633,      1.2080,     28.3792,     56.7585,      0.0191,      0.0006,      0.0156,      0.2029,   7649.1787,-418111.8750,   -922.6002,    546.1154,  25497.2617,
       1,     167,     261,       7,       1,       3,       1,     10.0000,      1.3917,     42.4695,    246.2725,     61.9775,      3.4953,      0.0000,     -0.0311,      0.6388,      0.1344,      5.5317,     11.0633,      1.1874,     28.3792,     56.7585,      0.0191,      0.0005,      0.0156,      0.2029,   7649.1787,-418182.2500,   -922.6310,    546.1107,  25497.2617,
       1,     167,     261,       8,       1,       3,       1,     10.0000,      1.3917,     42.4695,    246.2725,     61.9775,      3.4953,      0.0102,     -0.0209,      0.5543,      0.1337,      5.5317,     11.0633,      1.1814,     28.3792,     56.7585,      0.0191,      0.0004,      0.0156,      0.2029,   7649.1787,-418003.2188,   -922.6087,    546.1229,  25497.2656,
       1,     167,     261,       9,       1,       3,       1,     10.0000,      1.3917,     42.4695,    246.2725,     61.9775,      3.4953,      0.1262,      0.0944,      5.6043,      0.1515,      5.5317,     11.0633,      1.3390,     28.3792,     56.7585,      0.0191,      0.0004,      0.1630,      0.2029,   7649.1802,-417881.5938,   -922.6018,    546.1312,  25497.2637,
       1,     167,     261,      10,       1,       3,       1,     10.0000,      1.3917,     42.4695,    246.2725,     61.9775,      3.4953,      0.1617,      0.1290,     10.9534,      0.1821,      5.5317,     11.0633,      1.6093,     28.3792,     56.7585,      0.0191,      0.0006,      0.2145,      0.2029,   7649.1792,-424194.6250,   -923.9669,    545.7002,  25497.2656,
       1,     167,     261,      11,       1,       3,       1,     10.0000,      1.3917,     42.4695,    246.2725,     61.9775,      3.4953,      0.1843,      0.1514,     16.4581,      0.1863,      5.5317,     11.0633,      1.6465,     28.3792,     56.7585,      0.0191,      0.0008,      0.2471,      0.2029,   7649.1802,-431432.7812,   -925.6275,    545.2067,  25497.2637,
       1,     167,     261,      12,       1,       3,       1,     10.0000,      1.3917,     42.4695,    246.2725,     61.9775,      3.4953,      0.1860,      0.1524,     14.5201,      0.2096,      5.5317,     11.0633,      1.8519,     28.3792,     56.7585,      0.0191,      0.0007,      0.2500,      0.2029,   7649.1792,-438945.5312,   -927.3931,    544.6949,  25497.2637,
       1,     167,     261,      13,       1,       3,       1,     10.0000,      1.3917,     42.4695,    246.2725,     61.9775,      3.4953,      0.1859,      0.1521,     13.5139,      0.2161,      5.5317,     11.0633,      1.9092,     28.3792,     56.7585,      0.0191,      0.0007,      0.2500,      0.2029,   7649.1792,-437160.1562,   -927.4230,    544.8167,  25497.2637,
       1,     167,     261,      14,       1,       3,       1,     10.0000,      1.3917,     42.4695,    246.2725,     61.9775,      3.4953,      0.1877,      0.1539,     36.7080,      0.2178,      5.5317,     11.0633,      1.9242,     28.3792,     56.7585,      0.0191,      0.0018,      0.2500,      0.2029,   7649.1792,-435747.2500,   -927.4621,    544.9129,  25497.2656,
       1,     167,     261,      15,       1,       3,       1,     10.0000,      1.3917,     42.4695,    246.2725,     61.9775,      3.4953,      0.0524,      0.0186,     13.0775,      0.2158,      5.5317,     11.0633,      1.9073,     28.3792,     56.7585,      0.0191,      0.0031,      0.0525,      0.2029,   7649.1802,-464675.6250,   -933.2964,    542.9425,  25497.2637,
       1,     167,     261,      16,       1,       3,       1,     10.0000,      1.3917,     42.4695,    246.2725,     61.9775,      3.4953,      0.0194,     -0.0144,      1.3294,      0.2195,      5.5317,     11.0633,      1.9394,     28.3792,     56.7585,      0.0191,      0.0033,      0.0049,      0.2028,   7649.1792,-437546.4375,   -928.2487,    544.7872,  25497.2637,
       1,     167,     261,      17,       1,       3,       1,     10.0000,      1.3917,     42.4695,    246.2725,     61.9775,      3.4953,      0.0340,      0.0003,      9.9680,      0.2110,      5.5317,     11.0633,      1.8647,     28.3792,     56.7585,      0.0191,      0.0048,      0.0257,      0.2029,   7649.1792,-420523.4062,   -925.0404,    545.9497,  25497.2637,
       1,     167,     261,      18,       1,       3,       1,     10.0000,      1.3917,     42.4695,    246.2725,     61.9775,      3.4953,      0.0942,      0.0609,     45.4635,      0.1985,      5.5317,     11.0633,      1.7542,     28.3792,     56.7585,      0.0191,      0.0051,      0.1108,      0.2029,   7649.1792,-429886.1562,   -926.8858,    545.3120,  25497.2656,
       1,     167,     261,      19,       1,       3,       1,     10.0000,      1.3917,     42.4695,    246.2725,     61.9775,      3.4953,      0.0651,      0.0322,     29.4734,      0.1856,      5.5317,     11.0633,      1.6400,     28.3792,     56.7585,      0.0191,      0.0052,      0.0701,      0.2029,   7649.1802,-475137.6875,   -935.7401,    542.2278,  25497.2656,
       1,     167,     261,      20,       1,       3,       1,     10.0000,      1.3917,     42.4695,    246.2725,     61.9775,      3.4953,      0.0084,     -0.0224,      5.1213,      0.1259,      5.5317,     11.0633,      1.1127,     28.3792,     56.7585,      0.0191,      0.0041,      0.0156,      0.2028,   7649.1802,-458986.2188,   -932.8303,    543.3313,  25497.2656,
       1,     167,     261,      21,       1,       3,       1,     10.0000,      1.3917,     42.4695,    246.2725,     61.9775,      3.4953,      0.0000,     -0.0303,      4.9864,      0.1139,      5.5317,     11.0633,      1.0067,     28.3792,     56.7585,      0.0191,      0.0040,      0.0156,      0.2028,   7649.1802,-427092.0938,   -912.3804,    545.4985,  25497.2637,
       1,     167,     261,      22,       1,       3,       1,     10.0000,      1.3917,     42.4695,    246.2725,     61.9775,      3.4953,      0.0000,     -0.0301,      4.4120,      0.1077,      5.5317,     11.0633,      0.9514,     28.3792,     56.7585,      0.0191,      0.0035,      0.0156,      0.2029,   7649.1792,-424213.5625,   -912.5853,    545.6991,  25497.2637,
       1,     167,     261,      23,       1,       3,       1,     10.0000,      1.3917,     42.4695,    246.2725,     61.9775,      3.4953,      0.0000,     -0.0302,      3.8449,      0.1101,      5.5317,     11.0633,      0.9732,     28.3792,     56.7585,      0.0191,      0.0031,      0.0156,      0.2029,   7649.1792,-423243.0000,   -912.8848,    545.7653,  25497.2656,
       1,     167,     261,      24,       1,       3,       1,     10.0000,      1.3917,     42.4695,    246.2725,     61.9775,      3.4953,      0.0000,     -0.0302,      3.1756,      0.1101,      5.5317,     11.0633,      0.9732,     28.3792,     56.7585,      0.0191,      0.0025,      0.0156,      0.2029,   7649.1802,-422449.6875,   -913.2229,    545.8195,  25497.2637,
       1,     167,     262,       1,       1,       3,       1,     10.0000,      1.3917,     42.4699,    246.2783,     61.9790,      3.4953,      0.0000,     -0.0303,      0.6965,      0.1136,      5.5324,     11.0647,      1.0036,     28.3726,     56.7452,      0.0191,      0.0006,      0.0156,      0.2029,   7649.1792,-421699.6562,   -913.7382,    545.8835,  25498.4102,
       1,     167,     262,       2,       1,       3,       1,     10.0000,      1.3917,     42.4699,    246.2783,     61.9790,      3.4953,      0.0000,     -0.0303,      0.3027,      0.1143,      5.5324,     11.0647,      1.0098,     28.3726,     56.7452,      0.0191,      0.0002,      0.0156,      0.2029,   7649.5234,-418378.5938,   -912.9404,    546.1102,  25498.4102,
       1,     167,     262,       3,       1,       3,       1,     10.0000,      1.3917,     42.4699,    246.2783,     61.9790,      3.4953,      0.0000,     -0.0304,      0.6020,      0.1151,      5.5324,     11.0647,      1.0171,     28.3726,     56.7452,      0.0191,      0.0005,      0.0156,      0.2029,   7649.5234,-417601.6875,   -912.8052,    546.1632,  25498.4102,
       1,     167,     262,       4,       1,       3,       1,     10.0000,      1.3917,     42.4699,    246.2783,     61.9790,      3.4953,      0.0000,     -0.0305,      0.5134,      0.1192,      5.5324,     11.0647,      1.0531,     28.3726,     56.7452,      0.0191,      0.0004,      0.0156,      0.2029,   7649.5234,-417910.0625,   -912.8969,    546.1422,  25498.4082,
       1,     167,     262,       5,       1,       3,       1,     10.0000,      1.3917,     42.4699,    246.2783,     61.9790,      3.4953,      0.0000,     -0.0306,      0.3300,      0.1198,      5.5324,     11.0647,      1.0585,     28.3726,     56.7452,      0.0191,      0.0003,      0.0156,      0.2029,   7649.5229,-417825.5625,   -912.9161,    546.1479,  25498.4102,
       1,     167,     262,       6,       1,       3,       1,     10.0000,      1.3917,     42.4699,    246.2783,     61.9790,      3.4953,      0.0000,     -0.0306,      0.2960,      0.1209,      5.5324,     11.0647,      1.0683,     28.3726,     56.7452,      0.0191,      0.0002,      0.0156,      0.2029,   7649.5234,-417588.7188,   -912.8807,    546.1642,  25498.4082,
       1,     167,     262,       7,       1,       3,       1,     10.0000,      1.3917,     42.4699,    246.2783,     61.9790,      3.4953,      0.0000,     -0.0305,      0.2902,      0.1171,      5.5324,     11.0647,      1.0349,     28.3726,     56.7452,      0.0191,      0.0002,      0.0156,      0.2029,   7649.5229,-417525.8125,   -912.8724,    546.1684,  25498.4102,
       1,     167,     262,       8,       1,       3,       1,     10.0000,      1.3917,     42.4699,    246.2783,     61.9790,      3.4953,      0.0164,     -0.0142,      0.0867,      0.1197,      5.5324,     11.0647,      1.0574,     28.3726,     56.7452,      0.0191,      0.0002,      0.0048,      0.2029,   7649.5234,-417513.1562,   -912.8724,    546.1693,  25498.4102,
       1,     167,     262,       9,       1,       3,       1,     10.0000,      1.3917,     42.4699,    246.2783,     61.9790,      3.4953,      0.1321,      0.1006,      3.8976,      0.1453,      5.5324,     11.0647,      1.2836,     28.3726,     56.7452,      0.0191,      0.0003,      0.1720,      0.2029,   7649.5234,-417257.3750,   -912.8774,    546.1867,  25498.4102,
       1,     167,     262,      10,       1,       3,       1,     10.0000,      1.3917,     42.4699,    246.2783,     61.9790,      3.4953,      0.1741,      0.1416,      6.4361,      0.1726,      5.5324,     11.0647,      1.5252,     28.3726,     56.7452,      0.0191,      0.0003,      0.2330,      0.2029,   7649.5234,-422006.5938,   -914.2493,    545.8625,  25498.4082,
       1,     167,     262,      11,       1,       3,       1,     10.0000,      1.3917,     42.4699,    246.2783,     61.9790,      3.4953,      0.1647,      0.1317,      6.7669,      0.1901,      5.5324,     11.0647,      1.6795,     28.3726,     56.7452,      0.0191,      0.0004,      0.2193,      0.2029,   7649.5229,-425591.2500,   -916.2692,    545.6180,  25498.4102,
       1,     167,     262,      12,       1,       3,       1,     10.0000,      1.3917,     42.4699,    246.2783,     61.9790,      3.4953,      0.1855,      0.1516,      9.1317,      0.2201,      5.5324,     11.0647,      1.9452,     28.3726,     56.7452,      0.0191,      0.0005,      0.2500,      0.2029,   7649.5234,-426311.5938,   -917.2642,    545.5689,  25498.4102,
       1,     167,     262,      13,       1,       3,       1,     10.0000,      1.3917,     42.4699,    246.2783,     61.9790,      3.4953,      0.1855,      0.1515,      9.3191,      0.2240,      5.5324,     11.0647,      1.9798,     28.3726,     56.7452,      0.0191,      0.0005,      0.2500,      0.2029,   7649.5234,-429334.0625,   -919.3897,    545.3628,  25498.4102,
       1,     167,     262,      14,       1,       3,       1,     10.0000,      1.3917,     42.4699,    246.2783,     61.9790,      3.4953,      0.1876,      0.1535,     36.5416,      0.2289,      5.5324,     11.0647,      2.0229,     28.3726,     56.7452,      0.0191,      0.0018,      0.2500,      0.2029,   7649.5234,-429826.9688,   -921.5976,    545.3292,  25498.4102,
       1,     167,     262,      15,       1,       3,       1,     10.0000,      1.3917,     42.4699,    246.2783,     61.9790,      3.4953,      0.1878,      0.1534,     79.6875,      0.2387,      5.5324,     11.0647,      2.1097,     28.3726,     56.7452,      0.0191,      0.0040,      0.2454,      0.2029,   7649.5234,-463956.6562,   -929.0259,    543.0027,  25498.4102,
       1,     167,     262,      16,       1,       3,       1,     10.0000,      1.3917,     42.4699,    246.2783,     61.9790,      3.4953,      0.1860,      0.1513,     86.3234,      0.2524,      5.5324,     11.0647,      2.2300,     28.3726,     56.7452,      0.0191,      0.0044,      0.2421,      0.2029,   7649.5234,-520937.8125,   -940.7809,    539.1400,  25498.4102,
       1,     167,     262,      17,       1,       3,       1,     10.0000,      1.3917,     42.4699,    246.2783,     61.9790,      3.4953,      0.1757,      0.1414,    102.0017,      0.2348,      5.5324,     11.0647,      2.0749,     28.3726,     56.7452,      0.0191,      0.0056,      0.2248,      0.2028,   7649.5234,-534149.0625,   -944.2889,    538.2635,  25498.4121,
       1,     167,     262,      18,       1,       3,       1,     10.0000,      1.3917,     42.4699,    246.2783,     61.9790,      3.4953,      0.1583,      0.1250,     91.0647,      0.2003,      5.5324,     11.0647,      1.7698,     28.3726,     56.7452,      0.0191,      0.0056,      0.2002,      0.2028,   7649.5239,-554921.2500,   -949.1212,    536.8666,  25498.4102,
       1,     167,     262,      19,       1,       3,       1,     10.0000,      1.3917,     42.4699,    246.2783,     61.9790,      3.4953,      0.0773,      0.0442,     37.6003,      0.1897,      5.5324,     11.0647,      1.6762,     28.3726,     56.7452,      0.0191,      0.0054,      0.0870,      0.2028,   7649.5234,-542971.9375,   -947.6404,    537.6703,  25498.4121,
       1,     167,     262,      20,       1,       3,       1,     10.0000,      1.3917,     42.4699,    246.2783,     61.9790,      3.4953,      0.0041,     -0.0284,      7.0023,      0.1726,      5.5324,     11.0647,      1.5252,     28.3726,     56.7452,      0.0191,      0.0056,      0.0156,      0.2028,   7649.5239,-474890.5938,   -935.1735,    542.2465,  25498.4082,
       1,     167,     262,      21,       1,       3,       1,     10.0000,      1.3917,     42.4699,    246.2783,     61.9790,      3.4953,      0.0000,     -0.0323,      7.6073,      0.1677,      5.5324,     11.0647,      1.4817,     28.3726,     56.7452,      0.0191,      0.0060,      0.0156,      0.2029,   7649.5229,-430820.3750,   -926.9633,    545.2532,  25498.4082,
       1,     167,     262,      22,       1,       3,       1,     10.0000,      1.3917,     42.4699,    246.2783,     61.9790,      3.4953,      0.0000,     -0.0322,      6.5804,      0.1640,      5.5324,     11.0647,      1.4494,     28.3726,     56.7452,      0.0191,      0.0052,      0.0156,      0.2029,   7649.5229,-427820.9688,   -926.5039,    545.4659,  25498.4102,
       1,     167,     262,      23,       1,       3,       1,     10.0000,      1.3917,     42.4699,    246.2783,     61.9790,      3.4953,      0.0000,     -0.0320,      5.5328,      0.1595,      5.5324,     11.0647,      1.4094,     28.3726,     56.7452,      0.0191,      0.0044,      0.0156,      0.2029,   7649.5234,-426268.4688,   -926.2828,    545.5718,  25498.4082,
       1,     167,     262,      24,       1,       3,       1,     10.0000,      1.3917,     42.4699,    246.2783,     61.9790,      3.4953,      0.0000,     -0.0319,      4.9050,      0.1545,      5.5324,     11.0647,      1.3648,     28.3726,     56.7452,      0.0191,      0.0039,      0.0156,      0.2029,   7649.5229,-424824.2812,   -926.0592,    545.6703,  25498.4102,
       1,     167,     263,       1,       1,       3,       1,     10.0000,      1.3918,     42.4702,    246.2842,     61.9804,      3.4953,      0.0000,     -0.0316,      3.1912,      0.1479,      5.5313,     11.0625,      1.3071,     28.3785,     56.7570,      0.0191,      0.0025,      0.0156,      0.2029,   7649.5234,-424070.0312,   -926.2295,    545.7347,  25499.5566,
       1,     167,     263,       2,       1,       3,       1,     10.0000,      1.3918,     42.4702,    246.2842,     61.9804,      3.4953,      0.0000,     -0.0315,      2.9028,      0.1456,      5.5313,     11.0625,      1.2862,     28.3785,     56.7570,      0.0191,      0.0023,      0.0156,      0.2029,   7649.8672,-421706.8750,   -925.5406,    545.8959,  25499.5566,
       1,     167,     263,       3,       1,       3,       1,     10.0000,      1.3918,     42.4702,    246.2842,     61.9804,      3.4953,      0.0000,     -0.0314,      1.9909,      0.1419,      5.5313,     11.0625,      1.2542,     28.3785,     56.7570,      0.0191,      0.0016,      0.0156,      0.2029,   7649.8672,-421143.9375,   -925.4604,    545.9343,  25499.5566,
       1,     167,     263,       4,       1,       3,       1,     10.0000,      1.3918,     42.4702,    246.2842,     61.9804,      3.4953,      0.0000,     -0.0312,      1.7261,      0.1366,      5.5313,     11.0625,      1.2069,     28.3785,     56.7570,      0.0191,      0.0014,      0.0156,      0.2029,   7649.8672,-419954.2188,   -925.2518,    546.0155,  25499.5566,
       1,     167,     263,       5,       1,       3,       1,     10.0000,      1.3918,     42.4702,    246.2842,     61.9804,      3.4953,      0.0000,     -0.0311,      1.1604,      0.1344,      5.5313,     11.0625,      1.1875,     28.3785,     56.7570,      0.0191,      0.0009,      0.0156,      0.2029,   7649.8672,-419521.2188,   -925.1834,    546.0450,  25499.5566,
       1,     167,     263,       6,       1,       3,       1,     10.0000,      1.3918,     42.4702,    246.2842,     61.9804,      3.4953,      0.0000,     -0.0310,      0.7667,      0.1300,      5.5313,     11.0625,      1.1484,     28.3785,     56.7570,      0.0191,      0.0006,      0.0156,      0.2029,   7649.8672,-418776.0938,   -925.0503,    546.0959,  25499.5547,
       1,     167,     263,       7,       1,       3,       1,     10.0000,      1.3918,     42.4702,    246.2842,     61.9804,      3.4953,      0.0000,     -0.0310,      1.1627,      0.1317,      5.5313,     11.0625,      1.1636,     28.3785,     56.7570,      0.0191,      0.0009,      0.0156,      0.2029,   7649.8667,-418219.5625,   -924.9495,    546.1339,  25499.5566,
       1,     167,     263,       8,       1,       3,       1,     10.0000,      1.3918,     42.4702,    246.2842,     61.9804,      3.4953,      0.0068,     -0.0240,      0.7801,      0.1258,      5.5313,     11.0625,      1.1116,     28.3785,     56.7570,      0.0191,      0.0006,      0.0156,      0.2029,   7649.8672,-418667.6875,   -925.0420,    546.1033,  25499.5566,
       1,     167,     263,       9,       1,       3,       1,     10.0000,      1.3918,     42.4702,    246.2842,     61.9804,      3.4953,      0.0380,      0.0060,      1.6621,      0.1590,      5.5313,     11.0625,      1.4052,     28.3785,     56.7570,      0.0191,      0.0006,      0.0344,      0.2029,   7649.8672,-418226.9688,   -924.9642,    546.1334,  25499.5566,
       1,     167,     263,      10,       1,       3,       1,     10.0000,      1.3918,     42.4702,    246.2842,     61.9804,      3.4953,      0.0812,      0.0481,      5.8226,      0.1897,      5.5313,     11.0625,      1.6762,     28.3785,     56.7570,      0.0191,      0.0007,      0.0964,      0.2029,   7649.8672,-419293.4062,   -925.1812,    546.0607,  25499.5566,
       1,     167,     263,      11,       1,       3,       1,     10.0000,      1.3918,     42.4702,    246.2842,     61.9804,      3.4953,      0.0944,      0.0608,      5.1883,      0.2106,      5.5313,     11.0625,      1.8611,     28.3785,     56.7570,      0.0191,      0.0006,      0.1156,      0.2029,   7649.8672,-424592.7500,   -926.2269,    545.6989,  25499.5566,
       1,     167,     263,      12,       1,       3,       1,     10.0000,      1.3918,     42.4702,    246.2842,     61.9804,      3.4953,      0.0281,     -0.0060,      0.6724,      0.2292,      5.5313,     11.0625,      2.0249,     28.3785,     56.7570,      0.0191,      0.0005,      0.0176,      0.2029,   7649.8672,-424252.0312,   -926.1954,    545.7222,  25499.5566,
       1,     167,     263,      13,       1,       3,       1,     10.0000,      1.3918,     42.4702,    246.2842,     61.9804,      3.4953,      0.0407,      0.0064,      1.7107,      0.2351,      5.5313,     11.0625,      2.0770,     28.3785,     56.7570,      0.0191,      0.0006,      0.0360,      0.2029,   7649.8672,-418569.0938,   -925.1187,    546.1099,  25499.5547,
       1,     167,     263,      14,       1,       3,       1,     10.0000,      1.3918,     42.4702,    246.2842,     61.9804,      3.4953,      0.0271,     -0.0073,      3.2255,      0.2374,      5.5313,     11.0625,      2.0974,     28.3785,     56.7570,      0.0191,      0.0026,      0.0155,      0.2029,   7649.8667,-419383.8125,   -925.2850,    546.0544,  25499.5566,
       1,     167,     263,      15,       1,       3,       1,     10.0000,      1.3918,     42.4702,    246.2842,     61.9804,      3.4953,      0.0252,     -0.0093,      3.7703,      0.2427,      5.5313,     11.0625,      2.1450,     28.3785,     56.7570,      0.0191,      0.0037,      0.0125,      0.2029,   7649.8672,-421349.5000,   -925.6814,    545.9203,  25499.5566,
       1,     167,     263,      16,       1,       3,       1,     10.0000,      1.3918,     42.4702,    246.2842,     61.9804,      3.4953,      0.0410,      0.0065,     13.0959,      0.2411,      5.5313,     11.0625,      2.1304,     28.3785,     56.7570,      0.0191,      0.0046,      0.0349,      0.2029,   7649.8672,-422199.4688,   -925.8676,    545.8623,  25499.5566,
       1,     167,     263,      17,       1,       3,       1,     10.0000,      1.3918,     42.4702,    246.2842,     61.9804,      3.4953,      0.0379,      0.0039,     14.7230,      0.2238,      5.5313,     11.0625,      1.9779,     28.3785,     56.7570,      0.0191,      0.0059,      0.0306,      0.2029,   7649.8672,-433946.7812,   -928.1753,    545.0607,  25499.5566,
       1,     167,     263,      18,       1,       3,       1,     10.0000,      1.3918,     42.4702,    246.2842,     61.9804,      3.4953,      0.0403,      0.0068,     16.8805,      0.2039,      5.5313,     11.0625,      1.8016,     28.3785,     56.7570,      0.0191,      0.0061,      0.0344,      0.2029,   7649.8672,-436989.1875,   -928.8239,    544.8541,  25499.5566,
       1,     167,     263,      19,       1,       3,       1,     10.0000,      1.3918,     42.4702,    246.2842,     61.9804,      3.4953,      0.0185,     -0.0147,      2.0624,      0.1952,      5.5313,     11.0625,      1.7250,     28.3785,     56.7570,      0.0191,      0.0059,      0.0044,      0.2029,   7649.8672,-439949.8438,   -929.4579,    544.6525,  25499.5547,
       1,     167,     263,      20,       1,       3,       1,     10.0000,      1.3918,     42.4702,    246.2842,     61.9804,      3.4953,      0.0024,     -0.0304,      7.1764,      0.1838,      5.5313,     11.0625,      1.6239,     28.3785,     56.7570,      0.0191,      0.0057,      0.0156,      0.2029,   7649.8667,-421647.3125,   -925.9406,    545.8986,  25499.5566,
       1,     167,     263,      21,       1,       3,       1,     10.0000,      1.3918,     42.4702,    246.2842,     61.9804,      3.4953,      0.0000,     -0.0326,      7.3149,      0.1756,      5.5313,     11.0625,      1.5513,     28.3785,     56.7570,      0.0191,      0.0058,      0.0156,      0.2029,   7649.8672,-426490.7188,   -926.8695,    545.5695,  25499.5547,
       1,     167,     263,      22,       1,       3,       1,     10.0000,      1.3918,     42.4702,    246.2842,     61.9804,      3.4953,      0.0000,     -0.0324,      6.4540,      0.1711,      5.5313,     11.0625,      1.5116,     28.3785,     56.7570,      0.0191,      0.0051,      0.0156,      0.2029,   7649.8667,-427076.5312,   -926.9797,    545.5296,  25499.5547,
       1,     167,     263,      23,       1,       3,       1,     10.0000,      1.3918,     42.4702,    246.2842,     61.9804,      3.4953,      0.0000,     -0.0325,      5.0744,      0.1724,      5.5313,     11.0625,      1.5237,     28.3785,     56.7570,      0.0191,      0.0040,      0.0156,      0.2029,   7649.8667,-426048.7812,   -926.7769,    545.5997,  25499.5566,
       1,     167,     263,      24,       1,       3,       1,     10.0000,      1.3918,     42.4702,    246.2842,     61.9804,      3.4953,      0.0000,     -0.0325,      4.9973,      0.1728,      5.5313,     11.0625,      1.5267,     28.3785,     56.7570,      0.0191,      0.0040,      0.0156,      0.2029,   7649.8672,-424233.5000,   -926.4243,    545.7235,  25499.5566,
       1,     167,     264,       1,       1,       3,       1,     10.0000,      1.3918,     42.4705,    246.2900,     61.9820,      3.4953,      0.0000,     -0.0322,      4.1014,      0.1635,      5.5344,     11.0688,      1.4452,     28.3509,     56.7018,      0.0191,      0.0033,      0.0156,      0.2030,   7649.8672,-424137.7500,   -926.6747,    545.7433,  25500.6992,
       1,     167,     264,       2,       1,       3,       1,     10.0000,      1.3918,     42.4705,    246.2900,     61.9820,      3.4953,      0.0000,     -0.0321,      3.2170,      0.1603,      5.5344,     11.0688,      1.4165,     28.3509,     56.7018,      0.0191,      0.0026,      0.0156,      0.2030,   7650.2100,-422854.7188,   -926.1561,    545.8309,  25500.6992,
       1,     167,     264,       3,       1,       3,       1,     10.0000,      1.3918,     42.4705,    246.2900,     61.9820,      3.4953,      0.0000,     -0.0315,      2.6443,      0.1457,      5.5344,     11.0688,      1.2875,     28.3509,     56.7018,      0.0191,      0.0021,      0.0156,      0.2030,   7650.2100,-421638.0000,   -925.9177,    545.9139,  25500.6992,
       1,     167,     264,       4,       1,       3,       1,     10.0000,      1.3918,     42.4705,    246.2900,     61.9820,      3.4953,      0.0000,     -0.0315,      2.5568,      0.1438,      5.5344,     11.0688,      1.2708,     28.3509,     56.7018,      0.0191,      0.0020,      0.0156,      0.2030,   7650.2100,-420817.3125,   -925.7545,    545.9698,  25500.7012,
       1,     167,     264,       5,       1,       3,       1,     10.0000,      1.3918,     42.4705,    246.2900,     61.9820,      3.4953,      0.0000,     -0.0315,      2.3892,      0.1434,      5.5344,     11.0688,      1.2669,     28.3509,     56.7018,      0.0191,      0.0019,      0.0156,      0.2030,   7650.2104,-420637.5625,   -925.7119,    545.9822,  25500.6973,
       1,     167,     264,       6,       1,       3,       1,     10.0000,      1.3918,     42.4705,    246.2900,     61.9820,      3.4953,      0.0000,     -0.0317,      1.9116,      0.1488,      5.5344,     11.0688,      1.3151,     28.3509,     56.7018,      0.0191,      0.0015,      0.0156,      0.2030,   7650.2095,-420412.6562,   -925.6647,    545.9976,  25500.6973,
       1,     167,     264,       7,       1,       3,       1,     10.0000,      1.3918,     42.4705,    246.2900,     61.9820,      3.4953,      0.0000,     -0.0316,      1.4075,      0.1476,      5.5344,     11.0688,      1.3045,     28.3509,     56.7018,      0.0191,      0.0011,      0.0156,      0.2030,   7650.2095,-419795.5938,   -925.5435,    546.0396,  25500.6992,
       1,     167,     264,       8,       1,       3,       1,     10.0000,      1.3918,     42.4705,    246.2900,     61.9820,      3.4953,      0.0071,     -0.0245,      1.5672,      0.1469,      5.5344,     11.0688,      1.2980,     28.3509,     56.7018,      0.0191,      0.0012,      0.0156,      0.2030,   7650.2100,-419111.7812,   -925.4113,    546.0864,  25500.7012,
       1,     167,     264,       9,       1,       3,       1,     10.0000,      1.3918,     42.4705,    246.2900,     61.9820,      3.4953,      0.1285,      0.0963,     16.4598,      0.1644,      5.5344,     11.0688,      1.4524,     28.3509,     56.7018,      0.0191,      0.0012,      0.1650,      0.2030,   7650.2104,-419252.9688,   -925.4354,    546.0767,  25500.7012,
       1,     167,     264,      10,       1,       3,       1,     10.0000,      1.3918,     42.4705,    246.2900,     61.9820,      3.4953,      0.1757,      0.1425,     15.1538,      0.1962,      5.5344,     11.0688,      1.7336,     28.3509,     56.7018,      0.0191,      0.0008,      0.2346,      0.2030,   7650.2104,-437906.1562,   -929.0507,    544.8034,  25500.6992,
       1,     167,     264,      11,       1,       3,       1,     10.0000,      1.3918,     42.4705,    246.2900,     61.9820,      3.4953,      0.1809,      0.1474,     21.7520,      0.2047,      5.5344,     11.0688,      1.8088,     28.3509,     56.7018,      0.0191,      0.0011,      0.2415,      0.2029,   7650.2100,-437868.6875,   -928.9929,    544.8076,  25500.6992,
       1,     167,     264,      12,       1,       3,       1,     10.0000,      1.3918,     42.4705,    246.2900,     61.9820,      3.4953,      0.1758,      0.1421,     11.4391,      0.2117,      5.5344,     11.0688,      1.8703,     28.3509,     56.7018,      0.0191,      0.0006,      0.2352,      0.2029,   7650.2100,-446124.5625,   -930.4927,    544.2452,  25500.6973,
       1,     167,     264,      13,       1,       3,       1,     10.0000,      1.3918,     42.4705,    246.2900,     61.9820,      3.4953,      0.1858,      0.1543,      6.4095,      0.1442,      5.5344,     11.0688,      1.2746,     28.3509,     56.7018,      0.0191,      0.0003,      0.2500,      0.2029,   7650.2095,-433916.6562,   -928.7055,    545.0760,  25500.6992,
       1,     167,     264,      14,       1,       3,       1,     10.0000,      1.3918,     42.4705,    246.2900,     61.9820,      3.4953,      0.1866,      0.1555,     15.3127,      0.1337,      5.5344,     11.0688,      1.1815,     28.3509,     56.7018,      0.0191,      0.0008,      0.2500,      0.2029,   7650.2100,-426579.4375,   -912.7954,    545.5766,  25500.7012,
       1,     167,     264,      15,       1,       3,       1,     10.0000,      1.3918,     42.4705,    246.2900,     61.9820,      3.4953,      0.1891,      0.1578,     46.6761,      0.1383,      5.5344,     11.0688,      1.2217,     28.3509,     56.7018,      0.0191,      0.0023,      0.2500,      0.2030,   7650.2104,-437097.9375,   -916.7590,    544.8594,  25500.7012,
       1,     167,     264,      16,       1,       3,       1,     10.0000,      1.3918,     42.4705,    246.2900,     61.9820,      3.4953,      0.1907,      0.1592,     67.4823,      0.1437,      5.5344,     11.0688,      1.2695,     28.3509,     56.7018,      0.0191,      0.0033,      0.2500,      0.2029,   7650.2104,-477264.8750,   -925.5434,    542.1243,  25500.7012,
       1,     167,     264,      17,       1,       3,       1,     10.0000,      1.3918,     42.4705,    246.2900,     61.9820,      3.4953,      0.1911,      0.1595,     72.2513,      0.1467,      5.5344,     11.0688,      1.2966,     28.3509,     56.7018,      0.0191,      0.0036,      0.2500,      0.2029,   7650.2104,-506775.6250,   -932.7641,    540.1313,  25500.7012,
       1,     167,     264,      18,       1,       3,       1,     10.0000,      1.3918,     42.4705,    246.2900,     61.9820,      3.4953,      0.1770,      0.1451,     18.7251,      0.1567,      5.5344,     11.0688,      1.3842,     28.3509,     56.7018,      0.0191,      0.0010,      0.2358,      0.2029,   7650.2104,-515268.2812,   -936.1007,    539.5616,  25500.7031,
       1,     167,     264,      19,       1,       3,       1,     10.0000,      1.3918,     42.4705,    246.2900,     61.9820,      3.4953,      0.1243,      0.0923,      4.0744,      0.1605,      5.5344,     11.0688,      1.4179,     28.3509,     56.7018,      0.0191,      0.0003,      0.1604,      0.2029,   7650.2114,-448891.1562,   -924.7219,    544.0387,  25500.6992,
       1,     167,     264,      20,       1,       3,       1,     10.0000,      1.3918,     42.4705,    246.2900,     61.9820,      3.4953,      0.0249,     -0.0067,      0.3652,      0.1457,      5.5344,     11.0688,      1.2875,     28.3509,     56.7018,      0.0191,      0.0003,      0.0158,      0.2029,   7650.2100,-424952.4375,   -920.7057,    545.6853,  25500.7012,
       1,     167,     264,      21,       1,       3,       1,     10.0000,      1.3918,     42.4705,    246.2900,     61.9820,      3.4953,      0.0000,     -0.0315,      0.5481,      0.1444,      5.5344,     11.0688,      1.2759,     28.3509,     56.7018,      0.0191,      0.0004,      0.0156,      0.2030,   7650.2104,-418250.2500,   -919.5316,    546.1449,  25500.7012,
       1,     167,     264,      22,       1,       3,       1,     10.0000,      1.3918,     42.4705,    246.2900,     61.9820,      3.4953,      0.0000,     -0.0314,      0.9240,      0.1429,      5.5344,     11.0688,      1.2631,     28.3509,     56.7018,      0.0191,      0.0007,      0.0156,      0.2030,   7650.2104,-417904.0938,   -919.4796,    546.1688,  25500.7012,
       1,     167,     264,      23,       1,       3,       1,     10.0000,      1.3918,     42.4705,    246.2900,     61.9820,      3.4953,      0.0000,     -0.0314,      1.3192,      0.1412,      5.5344,     11.0688,      1.2479,     28.3509,     56.7018,      0.0191,      0.0010,      0.0156,      0.2030,   7650.2104,-418344.7812,   -919.5839,    546.1387,  25500.7012,
       1,     167,     264,      24,       1,       3,       1,     10.0000,      1.3918,     42.4705,    246.2900,     61.9820,      3.4953,      0.0000,     -0.0313,      1.6819,      0.1397,      5.5344,     11.0688,      1.2341,     28.3509,     56.7018,      0.0191,      0.0013,      0.0156,      0.2030,   7650.2104,-418877.1250,   -919.7327,    546.1024,  25500.7012,
       1,     167,     265,       1,       1,       3,       1,     10.0000,      1.3918,     42.4709,    246.2958,     61.9833,      3.4953,      0.0000,     -0.0314,      0.8838,      0.1411,      5.5309,     11.0617,      1.2466,     28.3593,     56.7187,      0.0191,      0.0007,      0.0156,      0.2030,   7650.2104,-419531.9688,   -920.1802,    546.0704,  25501.8457,
       1,     167,     265,       2,       1,       3,       1,     10.0000,      1.3918,     42.4709,    246.2958,     61.9833,      3.4953,      0.0000,     -0.0313,      0.8406,      0.1401,      5.5309,     11.0617,      1.2379,     28.3593,     56.7187,      0.0191,      0.0007,      0.0156,      0.2030,   7650.5542,-418436.3125,   -919.7517,    546.1452,  25501.8457,
       1,     167,     265,       3,       1,       3,       1,     10.0000,      1.3918,     42.4709,    246.2958,     61.9833,      3.4953,      0.0000,     -0.0313,      0.5145,      0.1378,      5.5309,     11.0617,      1.2180,     28.3593,     56.7187,      0.0191,      0.0004,      0.0156,      0.2030,   7650.5542,-418288.6875,   -919.7556,    546.1553,  25501.8438,
       1,     167,     265,       4,       1,       3,       1,     10.0000,      1.3918,     42.4709,    246.2958,     61.9833,      3.4953,      0.0000,     -0.0312,      0.4809,      0.1369,      5.5309,     11.0617,      1.2094,     28.3593,     56.7187,      0.0191,      0.0004,      0.0156,      0.2030,   7650.5532,-417868.1250,   -919.6906,    546.1840,  25501.8457,
       1,     167,     265,       5,       1,       3,       1,     10.0000,      1.3918,     42.4709,    246.2958,     61.9833,      3.4953,      0.0000,     -0.0312,      0.5367,      0.1377,      5.5309,     11.0617,      1.2168,     28.3593,     56.7187,      0.0191,      0.0004,      0.0156,      0.2030,   7650.5542,-417790.0312,   -919.6872,    546.1894,  25501.8457,
       1,     167,     265,       6,       1,       3,       1,     10.0000,      1.3918,     42.4709,    246.2958,     61.9833,      3.4953,      0.0000,     -0.0312,      0.6159,      0.1367,      5.5309,     11.0617,      1.2082,     28.3593,     56.7187,      0.0191,      0.0005,      0.0156,      0.2030,   7650.5542,-417853.0312,   -919.7138,    546.1851,  25501.8457,
       1,     167,     265,       7,       1,       3,       1,     10.0000,      1.3918,     42.4709,    246.2958,     61.9833,      3.4953,      0.0000,     -0.0311,      0.5454,      0.1333,      5.5309,     11.0617,      1.1779,     28.3593,     56.7187,      0.0191,      0.0004,      0.0156,      0.2030,   7650.5542,-417957.6875,   -919.7528,    546.1780,  25501.8457,
       1,     167,     265,       8,       1,       3,       1,     10.0000,      1.3918,     42.4709,    246.2958,     61.9833,      3.4953,      0.0295,     -0.0017,      0.6882,      0.1363,      5.5309,     11.0617,      1.2045,     28.3593,     56.7187,      0.0191,      0.0004,      0.0230,      0.2030,   7650.5542,-417878.3438,   -919.7509,    546.1834,  25501.8438,
       1,     167,     265,       9,       1,       3,       1,     10.0000,      1.3918,     42.4709,    246.2958,     61.9833,      3.4953,      0.1322,      0.1005,      7.8381,      0.1509,      5.5309,     11.0617,      1.3338,     28.3593,     56.7187,      0.0191,      0.0006,      0.1716,      0.2030,   7650.5532,-418050.2812,   -919.8463,    546.1716,  25501.8457,
       1,     167,     265,      10,       1,       3,       1,     10.0000,      1.3918,     42.4709,    246.2958,     61.9833,      3.4953,      0.1555,      0.1230,     11.4092,      0.1743,      5.5309,     11.0617,      1.5406,     28.3593,     56.7187,      0.0191,      0.0007,      0.2053,      0.2030,   7650.5542,-427013.3438,   -921.8535,    545.5597,  25501.8457,
       1,     167,     265,      11,       1,       3,       1,     10.0000,      1.3918,     42.4709,    246.2958,     61.9833,      3.4953,      0.1864,      0.1540,     16.2512,      0.1712,      5.5309,     11.0617,      1.5132,     28.3593,     56.7187,      0.0191,      0.0008,      0.2500,      0.2030,   7650.5542,-432249.8438,   -923.2541,    545.2029,  25501.8477,
       1,     167,     265,      12,       1,       3,       1,     10.0000,      1.3918,     42.4709,    246.2958,     61.9833,      3.4953,      0.1860,      0.1532,     12.1170,      0.1847,      5.5309,     11.0617,      1.6320,     28.3593,     56.7187,      0.0191,      0.0006,      0.2500,      0.2030,   7650.5547,-438757.6562,   -925.0277,    544.7595,  25501.8457,
       1,     167,     265,      13,       1,       3,       1,     10.0000,      1.3918,     42.4709,    246.2958,     61.9833,      3.4953,      0.1860,      0.1529,     12.6980,      0.1918,      5.5309,     11.0617,      1.6946,     28.3593,     56.7187,      0.0191,      0.0006,      0.2500,      0.2030,   7650.5542,-434138.2812,   -923.5390,    545.0743,  25501.8457,
       1,     167,     265,      14,       1,       3,       1,     10.0000,      1.3918,     42.4709,    246.2958,     61.9833,      3.4953,      0.1869,      0.1537,     24.3789,      0.1954,      5.5309,     11.0617,      1.7268,     28.3593,     56.7187,      0.0191,      0.0012,      0.2500,      0.2030,   7650.5542,-434471.3750,   -924.5418,    545.0516,  25501.8457,
       1,     167,     265,      15,       1,       3,       1,     10.0000,      1.3918,     42.4709,    246.2958,     61.9833,      3.4953,      0.1885,      0.1552,     45.5862,      0.1997,      5.5309,     11.0617,      1.7647,     28.3593,     56.7187,      0.0191,      0.0023,      0.2500,      0.2030,   7650.5542,-449122.0938,   -928.1197,    544.0534,  25501.8457,
       1,     167,     265,      16,       1,       3,       1,     10.0000,      1.3918,     42.4709,    246.2958,     61.9833,      3.4953,      0.1724,      0.1384,     53.0722,      0.2234,      5.5309,     11.0617,      1.9741,     28.3593,     56.7187,      0.0191,      0.0029,      0.2254,      0.2030,   7650.5542,-476928.5312,   -934.1454,    542.1633,  25501.8457,
       1,     167,     265,      17,       1,       3,       1,     10.0000,      1.3918,     42.4709,    246.2958,     61.9833,      3.4953,      0.0276,     -0.0059,      5.1540,      0.2045,      5.5309,     11.0617,      1.8070,     28.3593,     56.7187,      0.0191,      0.0037,      0.0170,      0.2029,   7650.5542,-488684.5625,   -936.8993,    541.3699,  25501.8438,
       1,     167,     265,      18,       1,       3,       1,     10.0000,      1.3918,     42.4709,    246.2958,     61.9833,      3.4953,      0.0139,     -0.0170,      0.1616,      0.1276,      5.5309,     11.0617,      1.1276,     28.3593,     56.7187,      0.0191,      0.0029,      0.0007,      0.2029,   7650.5532,-429649.4688,   -923.1442,    545.3654,  25501.8457,
       1,     167,     265,      19,       1,       3,       1,     10.0000,      1.3918,     42.4709,    246.2958,     61.9833,      3.4953,      0.0111,     -0.0195,      3.8954,      0.1215,      5.5309,     11.0617,      1.0738,     28.3593,     56.7187,      0.0191,      0.0031,      0.0156,      0.2030,   7650.5542,-418414.1875,   -910.6791,    546.1462,  25501.8457,
       1,     167,     265,      20,       1,       3,       1,     10.0000,      1.3918,     42.4709,    246.2958,     61.9833,      3.4953,      0.0016,     -0.0291,      4.0806,      0.1216,      5.5309,     11.0617,      1.0749,     28.3593,     56.7187,      0.0191,      0.0032,      0.0156,      0.2030,   7650.5542,-422110.7500,   -911.4291,    545.8945,  25501.8457,
       1,     167,     265,      21,       1,       3,       1,     10.0000,      1.3918,     42.4709,    246.2958,     61.9833,      3.4953,      0.0000,     -0.0306,      5.2738,      0.1209,      5.5309,     11.0617,      1.0683,     28.3593,     56.7187,      0.0191,      0.0042,      0.0156,      0.2030,   7650.5542,-422657.6250,   -911.4117,    545.8571,  25501.8457,
       1,     167,     265,      22,       1,       3,       1,     10.0000,      1.3918,     42.4709,    246.2958,     61.9833,      3.4953,      0.0000,     -0.0305,      4.9147,      0.1185,      5.5309,     11.0617,      1.0467,     28.3593,     56.7187,      0.0191,      0.0039,      0.0156,      0.2030,   7650.5542,-424197.9375,   -912.0613,    545.7520,  25501.8457,
       1,     167,     265,      23,       1,       3,       1,     10.0000,      1.3918,     42.4709,    246.2958,     61.9833,      3.4953,      0.0000,     -0.0306,      1.2627,      0.1200,      5.5309,     11.0617,      1.0607,     28.3593,     56.7187,      0.0191,      0.0010,      0.0156,      0.2030,   7650.5542,-423880.0000,   -911.7226,    545.7738,  25501.8457,
       1,     167,     265,      24,       1,       3,       1,     10.0000,      1.3918,     42.4709,    246.2958,     61.9833,      3.4953,      0.0000,     -0.0306,      0.4217,      0.1215,      5.5309,     11.0617,      1.0738,     28.3593,     56.7187,      0.0191,      0.0003,      0.0156,      0.2030,   7650.5542,-419281.6875,   -910.4436,    546.0874,  25501.8477,
       1,     167,     266,       1,       1,       3,       1,     10.0000,      1.3918,     42.4712,    246.3016,     61.9850,      3.4953,      0.0000,     -0.0307,      0.2900,      0.1221,      5.5327,     11.0655,      1.0793,     28.3571,     56.7142,      0.0191,      0.0002,      0.0156,      0.2030,   7650.5547,-417992.2188,   -910.4834,    546.1883,  25502.9883,
       1,     167,     266,       2,       1,       3,       1,     10.0000,      1.3918,     42.4712,    246.3016,     61.9850,      3.4953,      0.0000,     -0.0307,      0.2955,      0.1242,      5.5327,     11.0655,      1.0971,     28.3571,     56.7142,      0.0191,      0.0002,      0.0156,      0.2030,   7650.8970,-417564.8125,   -910.1573,    546.2175,  25502.9883,
       1,     167,     266,       3,       1,       3,       1,     10.0000,      1.3918,     42.4712,    246.3016,     61.9850,      3.4953,      0.0000,     -0.0307,      0.2934,      0.1234,      5.5327,     11.0655,      1.0904,     28.3571,     56.7142,      0.0191,      0.0002,      0.0156,      0.2030,   7650.8970,-417535.0312,   -910.1532,    546.2195,  25502.9883,
       1,     167,     266,       4,       1,       3,       1,     10.0000,      1.3918,     42.4712,    246.3016,     61.9850,      3.4953,      0.0000,     -0.0306,      0.2890,      0.1218,      5.5327,     11.0655,      1.0760,     28.3571,     56.7142,      0.0191,      0.0002,      0.0156,      0.2030,   7650.8970,-417529.9062,   -910.1538,    546.2199,  25502.9902,
       1,     167,     266,       5,       1,       3,       1,     10.0000,      1.3918,     42.4712,    246.3016,     61.9850,      3.4953,      0.0000,     -0.0306,      0.2873,      0.1212,      5.5327,     11.0655,      1.0705,     28.3571,     56.7142,      0.0191,      0.0002,      0.0156,      0.2030,   7650.8975,-417523.7188,   -910.1532,    546.2204,  25502.9883,
       1,     167,     266,       6,       1,       3,       1,     10.0000,      1.3918,     42.4712,    246.3016,     61.9850,      3.4953,      0.0000,     -0.0307,      0.2937,      0.1235,      5.5327,     11.0655,      1.0915,     28.3571,     56.7142,      0.0191,      0.0002,      0.0156,      0.2030,   7650.8970,-417521.3125,   -910.1550,    546.2205,  25502.9883,
       1,     167,     266,       7,       1,       3,       1,     10.0000,      1.3918,     42.4712,    246.3016,     61.9850,      3.4953,      0.0000,     -0.0308,      0.2982,      0.1252,      5.5327,     11.0655,      1.1060,     28.3571,     56.7142,      0.0191,      0.0002,      0.0156,      0.2030,   7650.8970,-417529.1250,   -910.1577,    546.2199,  25502.9902,
       1,     167,     266,       8,       1,       3,       1,     10.0000,      1.3918,     42.4712,    246.3016,     61.9850,      3.4953,      0.0055,     -0.0253,      0.3010,      0.1262,      5.5327,     11.0655,      1.1151,     28.3571,     56.7142,      0.0191,      0.0002,      0.0156,      0.2030,   7650.8975,-417535.2500,   -910.1593,    546.2196,  25502.9883,
       1,     167,     266,       9,       1,       3,       1,     10.0000,      1.3918,     42.4712,    246.3016,     61.9850,      3.4953,      0.0891,      0.0581,      2.2110,      0.1312,      5.5327,     11.0655,      1.1590,     28.3571,     56.7142,      0.0191,      0.0002,      0.1096,      0.2030,   7650.8970,-417539.3438,   -910.1719,    546.2192,  25502.9883,
       1,     167,     266,      10,       1,       3,       1,     10.0000,      1.3918,     42.4712,    246.3016,     61.9850,      3.4953,      0.1815,      0.1500,      5.4931,      0.1445,      5.5327,     11.0655,      1.2773,     28.3571,     56.7142,      0.0191,      0.0003,      0.2437,      0.2030,   7650.8970,-419929.9062,   -910.7728,    546.0560,  25502.9883,
       1,     167,     266,      11,       1,       3,       1,     10.0000,      1.3918,     42.4712,    246.3016,     61.9850,      3.4953,      0.1857,      0.1533,      6.8271,      0.1709,      5.5327,     11.0655,      1.5102,     28.3571,     56.7142,      0.0191,      0.0003,      0.2500,      0.2030,   7650.8970,-424241.5312,   -912.2574,    545.7618,  25502.9902,
       1,     167,     266,      12,       1,       3,       1,     10.0000,      1.3918,     42.4712,    246.3016,     61.9850,      3.4953,      0.1856,      0.1529,      7.2452,      0.1800,      5.5327,     11.0655,      1.5904,     28.3571,     56.7142,      0.0191,      0.0004,      0.2500,      0.2030,   7650.8975,-426279.0938,   -913.6689,    545.6229,  25502.9883,
       1,     167,     266,      13,       1,       3,       1,     10.0000,      1.3918,     42.4712,    246.3016,     61.9850,      3.4953,      0.1582,      0.1248,      7.0153,      0.2039,      5.5327,     11.0655,      1.8017,     28.3571,     56.7142,      0.0191,      0.0004,      0.2097,      0.2030,   7650.8970,-426976.6250,   -914.8690,    545.5753,  25502.9883,
       1,     167,     266,      14,       1,       3,       1,     10.0000,      1.3918,     42.4712,    246.3016,     61.9850,      3.4953,      0.1555,      0.1218,      7.3065,      0.2148,      5.5327,     11.0655,      1.8982,     28.3571,     56.7142,      0.0191,      0.0004,      0.2057,      0.2030,   7650.8970,-426748.5625,   -915.8183,    545.5908,  25502.9883,
       1,     167,     266,      15,       1,       3,       1,     10.0000,      1.3918,     42.4712,    246.3016,     61.9850,      3.4953,      0.1680,      0.1352,     12.4332,      0.1829,      5.5327,     11.0655,      1.6159,     28.3571,     56.7142,      0.0191,      0.0007,      0.2234,      0.2030,   7650.8970,-427093.6250,   -916.9142,    545.5674,  25502.9883,
       1,     167,     266,      16,       1,       3,       1,     10.0000,      1.3918,     42.4712,    246.3016,     61.9850,      3.4953,      0.1608,      0.1284,     33.7277,      0.1707,      5.5327,     11.0655,      1.5087,     28.3571,     56.7142,      0.0191,      0.0020,      0.2104,      0.2030,   7650.8970,-433539.2500,   -918.7984,    545.1278,  25502.9883,
       1,     167,     266,      17,       1,       3,       1,     10.0000,      1.3918,     42.4712,    246.3016,     61.9850,      3.4953,      0.1785,      0.1467,     41.3388,      0.1546,      5.5327,     11.0655,      1.3663,     28.3571,     56.7142,      0.0191,      0.0022,      0.2354,      0.2030,   7650.8970,-460743.3438,   -924.5633,    543.2742,  25502.9902,
       1,     167,     266,      18,       1,       3,       1,     10.0000,      1.3918,     42.4712,    246.3016,     61.9850,      3.4953,      0.1815,      0.1501,     59.0584,      0.1415,      5.5327,     11.0655,      1.2505,     28.3571,     56.7142,      0.0191,      0.0031,      0.2375,      0.2030,   7650.8975,-472603.0938,   -921.4363,    542.4720,  25502.9883,
       1,     167,     266,      19,       1,       3,       1,     10.0000,      1.3918,     42.4712,    246.3016,     61.9850,      3.4953,      0.0683,      0.0369,     24.3618,      0.1418,      5.5327,     11.0655,      1.2530,     28.3571,     56.7142,      0.0191,      0.0039,      0.0766,      0.2030,   7650.8970,-495803.5938,   -926.0632,    540.8994,  25502.9902,
       1,     167,     266,      20,       1,       3,       1,     10.0000,      1.3918,     42.4712,    246.3016,     61.9850,      3.4953,      0.0054,     -0.0258,      2.9527,      0.1359,      5.5327,     11.0655,      1.2009,     28.3571,     56.7142,      0.0191,      0.0023,      0.0156,      0.2029,   7650.8975,-454316.1250,   -919.5089,    543.7067,  25502.9863,
       1,     167,     266,      21,       1,       3,       1,     10.0000,      1.3918,     42.4712,    246.3016,     61.9850,      3.4953,      0.0000,     -0.0310,      1.8732,      0.1316,      5.5327,     11.0655,      1.1625,     28.3571,     56.7142,      0.0191,      0.0015,      0.0156,      0.2030,   7650.8960,-423998.7188,   -914.3411,    545.7745,  25502.9883,
       1,     167,     266,      22,       1,       3,       1,     10.0000,      1.3918,     42.4712,    246.3016,     61.9850,      3.4953,      0.0000,     -0.0310,      0.8279,      0.1305,      5.5327,     11.0655,      1.1531,     28.3571,     56.7142,      0.0191,      0.0007,      0.0156,      0.2030,   7650.8970,-420063.8438,   -910.9287,    546.0469,  25502.9902,
       1,     167,     266,      23,       1,       3,       1,     10.0000,      1.3918,     42.4712,    246.3016,     61.9850,      3.4953,      0.0000,     -0.0311,      0.3242,      0.1347,      5.5327,     11.0655,      1.1900,     28.3571,     56.7142,      0.0191,      0.0003,      0.0156,      0.2030,   7650.8975,-418414.4688,   -910.6767,    546.1595,  25502.9883,
       1,     167,     266,      24,       1,       3,       1,     10.0000,      1.3918,     42.4712,    246.3016,     61.9850,      3.4953,      0.0000,     -0.0312,      0.3257,      0.1352,      5.5327,     11.0655,      1.1948,     28.3571,     56.7142,      0.0191,      0.0003,      0.0156,      0.2030,   7650.8970,-417643.6875,   -910.5415,    546.2122,  25502.9883,
       1,     167,     267,       1,       1,       3,       1,     10.0000,      1.3918,     42.4715,    246.3074,     61.9863,      3.4953,      0.0000,     -0.0310,      0.3182,      0.1316,      5.5316,     11.0632,      1.1626,     28.3605,     56.7210,      0.0191,      0.0003,      0.0156,      0.2030,   7650.8970,-417735.5312,   -910.8173,    546.2189,  25504.1328,
       1,     167,     267,       2,       1,       3,       1,     10.0000,      1.3918,     42.4715,    246.3074,     61.9863,      3.4953,      0.0000,     -0.0311,      0.3228,      0.1324,      5.5316,     11.0632,      1.1697,     28.3605,     56.7210,      0.0191,      0.0003,      0.0156,      0.2030,   7651.2402,-417580.7812,   -910.5382,    546.2294,  25504.1328,
       1,     167,     267,       3,       1,       3,       1,     10.0000,      1.3918,     42.4715,    246.3074,     61.9863,      3.4953,      0.0000,     -0.0311,      0.3186,      0.1326,      5.5316,     11.0632,      1.1720,     28.3605,     56.7210,      0.0191,      0.0003,      0.0156,      0.2030,   7651.2402,-417573.5000,   -910.5385,    546.2299,  25504.1348,
       1,     167,     267,       4,       1,       3,       1,     10.0000,      1.3918,     42.4715,    246.3074,     61.9863,      3.4953,      0.0000,     -0.0310,      0.3146,      0.1312,      5.5316,     11.0632,      1.1590,     28.3605,     56.7210,      0.0191,      0.0002,      0.0156,      0.2030,   7651.2407,-417567.3750,   -910.5385,    546.2303,  25504.1348,
       1,     167,     267,       5,       1,       3,       1,     10.0000,      1.3918,     42.4715,    246.3074,     61.9863,      3.4953,      0.0000,     -0.0310,      0.3146,      0.1312,      5.5316,     11.0632,      1.1590,     28.3605,     56.7210,      0.0191,      0.0002,      0.0156,      0.2030,   7651.2407,-417561.8750,   -910.5388,    546.2307,  25504.1348,
       1,     167,     267,       6,       1,       3,       1,     10.0000,      1.3918,     42.4715,    246.3074,     61.9863,      3.4953,      0.0000,     -0.0309,      0.3060,      0.1280,      5.5316,     11.0632,      1.1311,     28.3605,     56.7210,      0.0191,      0.0002,      0.0156,      0.2030,   7651.2407,-417561.3438,   -910.5400,    546.2307,  25504.1328,
       1,     167,     267,       7,       1,       3,       1,     10.0000,      1.3918,     42.4715,    246.3074,     61.9863,      3.4953,      0.0000,     -0.0310,      0.3124,      0.1304,      5.5316,     11.0632,      1.1520,     28.3605,     56.7210,      0.0191,      0.0002,      0.0156,      0.2030,   7651.2402,-417550.7500,   -910.5399,    546.2315,  25504.1328,
       1,     167,     267,       8,       1,       3,       1,     10.0000,      1.3918,     42.4715,    246.3074,     61.9863,      3.4953,      0.0153,     -0.0157,      0.0530,      0.1296,      5.5316,     11.0632,      1.1450,     28.3605,     56.7210,      0.0191,      0.0002,      0.0027,      0.2030,   7651.2402,-417557.8125,   -910.5424,    546.2310,  25504.1328,
       1,     167,     267,       9,       1,       3,       1,     10.0000,      1.3918,     42.4715,    246.3074,     61.9863,      3.4953,      0.1367,      0.1054,      3.8496,      0.1390,      5.5316,     11.0632,      1.2279,     28.3605,     56.7210,      0.0191,      0.0003,      0.1787,      0.2030,   7651.2402,-417233.9688,   -910.5391,    546.2531,  25504.1309,
       1,     167,     267,      10,       1,       3,       1,     10.0000,      1.3918,     42.4715,    246.3074,     61.9863,      3.4953,      0.1845,      0.1524,      6.4390,      0.1634,      5.5316,     11.0632,      1.4438,     28.3605,     56.7210,      0.0191,      0.0003,      0.2483,      0.2030,   7651.2397,-421956.9688,   -912.1113,    545.9307,  25504.1328,
       1,     167,     267,      11,       1,       3,       1,     10.0000,      1.3918,     42.4715,    246.3074,     61.9863,      3.4953,      0.1856,      0.1527,      7.6093,      0.1878,      5.5316,     11.0632,      1.6598,     28.3605,     56.7210,      0.0191,      0.0004,      0.2500,      0.2030,   7651.2402,-425600.3438,   -914.5370,    545.6821,  25504.1328,
       1,     167,     267,      12,       1,       3,       1,     10.0000,      1.3918,     42.4715,    246.3074,     61.9863,      3.4953,      0.1856,      0.1523,      8.1187,      0.1987,      5.5316,     11.0632,      1.7561,     28.3605,     56.7210,      0.0191,      0.0004,      0.2500,      0.2030,   7651.2402,-427376.0625,   -916.7296,    545.5610,  25504.1328,
       1,     167,     267,      13,       1,       3,       1,     10.0000,      1.3918,     42.4715,    246.3074,     61.9863,      3.4953,      0.1856,      0.1518,      8.8686,      0.2146,      5.5316,     11.0632,      1.8964,     28.3605,     56.7210,      0.0191,      0.0004,      0.2500,      0.2030,   7651.2402,-428165.0938,   -918.9875,    545.5072,  25504.1328,
       1,     167,     267,      14,       1,       3,       1,     10.0000,      1.3918,     42.4715,    246.3074,     61.9863,      3.4953,      0.1857,      0.1516,     11.8517,      0.2292,      5.5316,     11.0632,      2.0251,     28.3605,     56.7210,      0.0191,      0.0006,      0.2500,      0.2030,   7651.2402,-429171.0000,   -920.8904,    545.4387,  25504.1328,
       1,     167,     267,      15,       1,       3,       1,     10.0000,      1.3918,     42.4715,    246.3074,     61.9863,      3.4953,      0.1879,      0.1552,     35.2415,      0.1791,      5.5316,     11.0632,      1.5826,     28.3605,     56.7210,      0.0191,      0.0017,      0.2500,      0.2030,   7651.2402,-432990.0000,   -922.8868,    545.1783,  25504.1328,
       1,     167,     267,      16,       1,       3,       1,     10.0000,      1.3918,     42.4715,    246.3074,     61.9863,      3.4953,      0.1899,      0.1579,     59.4939,      0.1606,      5.5316,     11.0632,      1.4195,     28.3605,     56.7210,      0.0191,      0.0029,      0.2500,      0.2030,   7651.2402,-462588.4062,   -929.1786,    543.1613,  25504.1328,
       1,     167,     267,      17,       1,       3,       1,     10.0000,      1.3918,     42.4715,    246.3074,     61.9863,      3.4953,      0.1911,      0.1587,     74.8925,      0.1697,      5.5316,     11.0632,      1.4997,     28.3605,     56.7210,      0.0191,      0.0037,      0.2500,      0.2030,   7651.2402,-495489.1250,   -936.1884,    540.9312,  25504.1328,
       1,     167,     267,      18,       1,       3,       1,     10.0000,      1.3918,     42.4715,    246.3074,     61.9863,      3.4953,      0.1646,      0.1327,     65.6351,      0.1551,      5.5316,     11.0632,      1.3705,     28.3605,     56.7210,      0.0191,      0.0038,      0.2122,      0.2030,   7651.2402,-517590.0000,   -941.2876,    539.4414,  25504.1309,
       1,     167,     267,      19,       1,       3,       1,     10.0000,      1.3918,     42.4715,    246.3074,     61.9863,      3.4953,      0.0959,      0.0642,     44.4560,      0.1499,      5.5316,     11.0632,      1.3245,     28.3605,     56.7210,      0.0191,      0.0048,      0.1143,      0.2029,   7651.2397,-507870.7812,   -940.0861,    540.0988,  25504.1328,
       1,     167,     267,      20,       1,       3,       1,     10.0000,      1.3918,     42.4715,    246.3074,     61.9863,      3.4953,      0.0053,     -0.0263,      3.4137,      0.1484,      5.5316,     11.0632,      1.3112,     28.3605,     56.7210,      0.0191,      0.0027,      0.0156,      0.2030,   7651.2402,-480506.8438,   -935.3577,    541.9466,  25504.1328,
       1,     167,     267,      21,       1,       3,       1,     10.0000,      1.3918,     42.4715,    246.3074,     61.9863,      3.4953,      0.0000,     -0.0314,      1.9930,      0.1430,      5.5316,     11.0632,      1.2632,     28.3605,     56.7210,      0.0191,      0.0016,      0.0156,      0.2030,   7651.2402,-426787.1562,   -925.3233,    545.5890,  25504.1348,
       1,     167,     267,      22,       1,       3,       1,     10.0000,      1.3918,     42.4715,    246.3074,     61.9863,      3.4953,      0.0000,     -0.0317,      2.2011,      0.1493,      5.5316,     11.0632,      1.3191,     28.3605,     56.7210,      0.0191,      0.0017,      0.0156,      0.2030,   7651.2407,-420464.2812,   -924.1617,    546.0324,  25504.1309,
       1,     167,     267,      23,       1,       3,       1,     10.0000,      1.3918,     42.4715,    246.3074,     61.9863,      3.4953,      0.0000,     -0.0316,      1.8289,      0.1478,      5.5316,     11.0632,      1.3059,     28.3605,     56.7210,      0.0191,      0.0015,      0.0156,      0.2030,   7651.2397,-420170.5312,   -924.1468,    546.0527,  25504.1328,
       1,     167,     267,      24,       1,       3,       1,     10.0000,      1.3918,     42.4715,    246.3074,     61.9863,      3.4953,      0.0000,     -0.0314,      1.5685,      0.1414,      5.5316,     11.0632,      1.2492,     28.3605,     56.7210,      0.0191,      0.0012,      0.0156,      0.2030,   7651.2402,-419679.0312,   -923.5721,    546.0862,  25504.1328,
       1,     167,     268,       1,       1,       3,       1,     10.0000,      1.3919,     42.4719,    246.3133,     61.9878,      3.4953,      0.0000,     -0.0313,      1.2536,      0.1398,      5.5322,     11.0644,      1.2354,     28.3689,     56.7378,      0.0191,      0.0010,      0.0156,      0.2031,   7651.2402,-419467.0312,   -923.8403,    546.1134,  25505.2812,
       1,     167,     268,       2,       1,       3,       1,     10.0000,      1.3919,     42.4719,    246.3133,     61.9878,      3.4953,      0.0000,     -0.0314,      0.5014,      0.1414,      5.5322,     11.0644,      1.2493,     28.3689,     56.7378,      0.0191,      0.0004,      0.0156,      0.2031,   7651.5845,-418901.8438,   -923.4890,    546.1520,  25505.2793,
       1,     167,     268,       3,       1,       3,       1,     10.0000,      1.3919,     42.4719,    246.3133,     61.9878,      3.4953,      0.0000,     -0.0312,      1.1219,      0.1362,      5.5322,     11.0644,      1.2034,     28.3689,     56.7378,      0.0191,      0.0009,      0.0156,      0.2031,   7651.5840,-417912.7188,   -923.3100,    546.2195,  25505.2773,
       1,     167,     268,       4,       1,       3,       1,     10.0000,      1.3919,     42.4719,    246.3133,     61.9878,      3.4953,      0.0000,     -0.0311,      1.0341,      0.1332,      5.5322,     11.0644,      1.1768,     28.3689,     56.7378,      0.0191,      0.0008,      0.0156,      0.2031,   7651.5835,-418604.5938,   -921.6942,    546.1722,  25505.2793,
       1,     167,     268,       5,       1,       3,       1,     10.0000,      1.3919,     42.4719,    246.3133,     61.9878,      3.4953,      0.0000,     -0.0311,      0.3454,      0.1325,      5.5322,     11.0644,      1.1709,     28.3689,     56.7378,      0.0191,      0.0003,      0.0156,      0.2031,   7651.5840,-418553.8125,   -921.7197,    546.1758,  25505.2812,
       1,     167,     268,       6,       1,       3,       1,     10.0000,      1.3919,     42.4719,    246.3133,     61.9878,      3.4953,      0.0000,     -0.0308,      0.2986,      0.1253,      5.5322,     11.0644,      1.1072,     28.3689,     56.7378,      0.0191,      0.0002,      0.0156,      0.2031,   7651.5845,-417687.4688,   -920.2105,    546.2349,  25505.2793,
       1,     167,     268,       7,       1,       3,       1,     10.0000,      1.3919,     42.4719,    246.3133,     61.9878,      3.4953,      0.0000,     -0.0306,      0.3310,      0.1209,      5.5322,     11.0644,      1.0684,     28.3689,     56.7378,      0.0191,      0.0003,      0.0156,      0.2031,   7651.5840,-417555.1875,   -913.6106,    546.2439,  25505.2793,
       1,     167,     268,       8,       1,       3,       1,     10.0000,      1.3919,     42.4719,    246.3133,     61.9878,      3.4953,      0.0191,     -0.0116,      0.2368,      0.1235,      5.5322,     11.0644,      1.0915,     28.3689,     56.7378,      0.0191,      0.0003,      0.0085,      0.2031,   7651.5840,-417584.4062,   -910.9319,    546.2419,  25505.2793,
       1,     167,     268,       9,       1,       3,       1,     10.0000,      1.3919,     42.4719,    246.3133,     61.9878,      3.4953,      0.1296,      0.0979,      4.0745,      0.1520,      5.5322,     11.0644,      1.3433,     28.3689,     56.7378,      0.0191,      0.0003,      0.1682,      0.2031,   7651.5840,-417469.1562,   -910.9830,    546.2498,  25505.2773,
       1,     167,     268,      10,       1,       3,       1,     10.0000,      1.3919,     42.4719,    246.3133,     61.9878,      3.4953,      0.1720,      0.1387,      7.8056,      0.2001,      5.5322,     11.0644,      1.7684,     28.3689,     56.7378,      0.0191,      0.0004,      0.2300,      0.2031,   7651.5835,-422260.5938,   -912.3442,    545.9227,  25505.2793,
       1,     167,     268,      11,       1,       3,       1,     10.0000,      1.3919,     42.4719,    246.3133,     61.9878,      3.4953,      0.1863,      0.1532,     16.5451,      0.1941,      5.5322,     11.0644,      1.7150,     28.3689,     56.7378,      0.0191,      0.0008,      0.2500,      0.2031,   7651.5840,-427338.1562,   -915.0551,    545.5762,  25505.2773,
       1,     167,     268,      12,       1,       3,       1,     10.0000,      1.3919,     42.4719,    246.3133,     61.9878,      3.4953,      0.1856,      0.1514,     10.0662,      0.2294,      5.5322,     11.0644,      2.0271,     28.3689,     56.7378,      0.0191,      0.0005,      0.2500,      0.2031,   7651.5835,-438707.4375,   -919.2421,    544.8010,  25505.2793,
       1,     167,     268,      13,       1,       3,       1,     10.0000,      1.3919,     42.4719,    246.3133,     61.9878,      3.4953,      0.1855,      0.1515,      9.3099,      0.2239,      5.5322,     11.0644,      1.9781,     28.3689,     56.7378,      0.0191,      0.0005,      0.2500,      0.2030,   7651.5840,-431570.9375,   -921.0035,    545.2875,  25505.2812,
       1,     167,     268,      14,       1,       3,       1,     10.0000,      1.3919,     42.4719,    246.3133,     61.9878,      3.4953,      0.1875,      0.1530,     35.5044,      0.2402,      5.5322,     11.0644,      2.1223,     28.3689,     56.7378,      0.0191,      0.0018,      0.2500,      0.2031,   7651.5845,-430015.4062,   -922.3004,    545.3937,  25505.2793,
       1,     167,     268,      15,       1,       3,       1,     10.0000,      1.3919,     42.4719,    246.3133,     61.9878,      3.4953,      0.1818,      0.1473,     93.0936,      0.2404,      5.5322,     11.0644,      2.1244,     28.3689,     56.7378,      0.0191,      0.0049,      0.2349,      0.2031,   7651.5840,-462659.8750,   -929.6491,    543.1683,  25505.2793,
       1,     167,     268,      16,       1,       3,       1,     10.0000,      1.3919,     42.4719,    246.3133,     61.9878,      3.4953,      0.1765,      0.1422,     82.8589,      0.2362,      5.5322,     11.0644,      2.0874,     28.3689,     56.7378,      0.0191,      0.0045,      0.2282,      0.2030,   7651.5840,-537553.4375,   -944.7232,    538.0878,  25505.2793,
       1,     167,     268,      17,       1,       3,       1,     10.0000,      1.3919,     42.4719,    246.3133,     61.9878,      3.4953,      0.0382,      0.0041,     16.9002,      0.2287,      5.5322,     11.0644,      2.0212,     28.3689,     56.7378,      0.0191,      0.0068,      0.0307,      0.2029,   7651.5840,-531169.3125,   -944.4598,    538.5410,  25505.2793,
       1,     167,     268,      18,       1,       3,       1,     10.0000,      1.3919,     42.4719,    246.3133,     61.9878,      3.4953,      0.0617,      0.0283,     33.5527,      0.2043,      5.5322,     11.0644,      1.8054,     28.3689,     56.7378,      0.0191,      0.0065,      0.0642,      0.2029,   7651.5840,-447935.1250,   -929.2381,    544.1442,  25505.2773,
       1,     167,     268,      19,       1,       3,       1,     10.0000,      1.3919,     42.4719,    246.3133,     61.9878,      3.4953,      0.0614,      0.0284,     39.6735,      0.1910,      5.5322,     11.0644,      1.6881,     28.3689,     56.7378,      0.0191,      0.0077,      0.0634,      0.2030,   7651.5835,-461789.0000,   -932.2447,    543.2312,  25505.2773,
       1,     167,     268,      20,       1,       3,       1,     10.0000,      1.3919,     42.4719,    246.3133,     61.9878,      3.4953,      0.0073,     -0.0254,      9.1454,      0.1786,      5.5322,     11.0644,      1.5779,     28.3689,     56.7378,      0.0191,      0.0073,      0.0156,      0.2030,   7651.5835,-470597.9375,   -934.3380,    542.6338,  25505.2773,
       1,     167,     268,      21,       1,       3,       1,     10.0000,      1.3919,     42.4719,    246.3133,     61.9878,      3.4953,      0.0000,     -0.0324,      7.8375,      0.1716,      5.5322,     11.0644,      1.5163,     28.3689,     56.7378,      0.0191,      0.0062,      0.0156,      0.2030,   7651.5835,-433125.7188,   -927.4616,    545.1758,  25505.2773,
       1,     167,     268,      22,       1,       3,       1,     10.0000,      1.3919,     42.4719,    246.3133,     61.9878,      3.4953,      0.0000,     -0.0322,      7.5466,      0.1652,      5.5322,     11.0644,      1.4598,     28.3689,     56.7378,      0.0191,      0.0060,      0.0156,      0.2031,   7651.5835,-428313.2500,   -926.6901,    545.5098,  25505.2793,
       1,     167,     268,      23,       1,       3,       1,     10.0000,      1.3919,     42.4719,    246.3133,     61.9878,      3.4953,      0.0000,     -0.0320,      5.6931,      0.1590,      5.5322,     11.0644,      1.4053,     28.3689,     56.7378,      0.0191,      0.0045,      0.0156,      0.2031,   7651.5840,-427531.1875,   -926.6477,    545.5632,  25505.2793,
       1,     167,     268,      24,       1,       3,       1,     10.0000,      1.3919,     42.4719,    246.3133,     61.9878,      3.4953,      0.0000,     -0.0319,      4.5299,      0.1559,      5.5322,     11.0644,      1.3774,     28.3689,     56.7378,      0.0191,      0.0036,      0.0156,      0.2031,   7651.5840,-425145.0000,   -926.2653,    545.7259,  25505.2773,
       1,     167,     269,       1,       1,       3,       1,     10.0000,      1.3919,     42.4722,    246.3191,     61.9892,      3.4953,      0.0000,     -0.0318,      3.8300,      0.1526,      5.5323,     11.0647,      1.3487,     28.3686,     56.7373,      0.0191,      0.0030,      0.0156,      0.2031,   7651.5835,-423641.5938,   -926.3011,    545.8415,  25506.4219,
       1,     167,     269,       2,       1,       3,       1,     10.0000,      1.3919,     42.4722,    246.3191,     61.9892,      3.4953,      0.0000,     -0.0316,      4.0220,      0.1484,      5.5323,     11.0647,      1.3113,     28.3686,     56.7373,      0.0191,      0.0032,      0.0156,      0.2031,   7651.9268,-422484.5312,   -925.8436,    545.9205,  25506.4219,
       1,     167,     269,       3,       1,       3,       1,     10.0000,      1.3919,     42.4722,    246.3191,     61.9892,      3.4953,      0.0000,     -0.0316,      3.6484,      0.1482,      5.5323,     11.0647,      1.3099,     28.3686,     56.7373,      0.0191,      0.0029,      0.0156,      0.2031,   7651.9268,-422625.8125,   -925.9058,    545.9108,  25506.4219,
       1,     167,     269,       4,       1,       3,       1,     10.0000,      1.3919,     42.4722,    246.3191,     61.9892,      3.4953,      0.0000,     -0.0315,      2.7228,      0.1443,      5.5323,     11.0647,      1.2748,     28.3686,     56.7373,      0.0191,      0.0022,      0.0156,      0.2031,   7651.9268,-422170.5625,   -925.8528,    545.9419,  25506.4219,
       1,     167,     269,       5,       1,       3,       1,     10.0000,      1.3919,     42.4722,    246.3191,     61.9892,      3.4953,      0.0000,     -0.0314,      2.0789,      0.1425,      5.5323,     11.0647,      1.2594,     28.3686,     56.7373,      0.0191,      0.0016,      0.0156,      0.2031,   7651.9268,-420973.7812,   -925.6506,    546.0236,  25506.4219,
       1,     167,     269,       6,       1,       3,       1,     10.0000,      1.3919,     42.4722,    246.3191,     61.9892,      3.4953,      0.0000,     -0.0315,      2.2062,      0.1434,      5.5323,     11.0647,      1.2671,     28.3686,     56.7373,      0.0191,      0.0018,      0.0156,      0.2031,   7651.9268,-420066.0938,   -925.4955,    546.0856,  25506.4219,
       1,     167,     269,       7,       1,       3,       1,     10.0000,      1.3919,     42.4722,    246.3191,     61.9892,      3.4953,      0.0000,     -0.0314,      1.4243,      0.1427,      5.5323,     11.0647,      1.2607,     28.3686,     56.7373,      0.0191,      0.0011,      0.0156,      0.2031,   7651.9268,-420147.7188,   -925.5283,    546.0800,  25506.4219,
       1,     167,     269,       8,       1,       3,       1,     10.0000,      1.3919,     42.4722,    246.3191,     61.9892,      3.4953,      0.0102,     -0.0214,      1.2170,      0.1453,      5.5323,     11.0647,      1.2838,     28.3686,     56.7373,      0.0191,      0.0010,      0.0156,      0.2031,   7651.9268,-419176.5938,   -925.3550,    546.1462,  25506.4219,
       1,     167,     269,       9,       1,       3,       1,     10.0000,      1.3919,     42.4722,    246.3191,     61.9892,      3.4953,      0.1043,      0.0721,      5.2951,      0.1629,      5.5323,     11.0647,      1.4396,     28.3686,     56.7373,      0.0191,      0.0005,      0.1308,      0.2031,   7651.9268,-418834.3125,   -925.3001,    546.1696,  25506.4219,
       1,     167,     269,      10,       1,       3,       1,     10.0000,      1.3919,     42.4722,    246.3191,     61.9892,      3.4953,      0.1668,      0.1337,      7.2813,      0.1939,      5.5323,     11.0647,      1.7134,     28.3686,     56.7373,      0.0191,      0.0004,      0.2223,      0.2031,   7651.9268,-423906.5938,   -926.3077,    545.8233,  25506.4238,
       1,     167,     269,      11,       1,       3,       1,     10.0000,      1.3919,     42.4722,    246.3191,     61.9892,      3.4953,      0.1694,      0.1360,      7.6595,      0.2039,      5.5323,     11.0647,      1.8018,     28.3686,     56.7373,      0.0191,      0.0004,      0.2262,      0.2031,   7651.9272,-426824.7188,   -926.9233,    545.6244,  25506.4219,
       1,     167,     269,      12,       1,       3,       1,     10.0000,      1.3919,     42.4722,    246.3191,     61.9892,      3.4953,      0.1289,      0.0950,      6.0049,      0.2178,      5.5323,     11.0647,      1.9246,     28.3686,     56.7373,      0.0191,      0.0004,      0.1664,      0.2031,   7651.9268,-427547.0000,   -927.1065,    545.5751,  25506.4219,
       1,     167,     269,      13,       1,       3,       1,     10.0000,      1.3919,     42.4722,    246.3191,     61.9892,      3.4953,      0.1702,      0.1362,      9.3449,      0.2250,      5.5323,     11.0647,      1.9879,     28.3686,     56.7373,      0.0191,      0.0005,      0.2273,      0.2031,   7651.9268,-425538.7188,   -926.7507,    545.7121,  25506.4219,
       1,     167,     269,      14,       1,       3,       1,     10.0000,      1.3919,     42.4722,    246.3191,     61.9892,      3.4953,      0.1804,      0.1459,     28.9823,      0.2416,      5.5323,     11.0647,      2.1348,     28.3686,     56.7373,      0.0191,      0.0015,      0.2403,      0.2031,   7651.9268,-429545.8750,   -927.5479,    545.4388,  25506.4238,
       1,     167,     269,      15,       1,       3,       1,     10.0000,      1.3919,     42.4722,    246.3191,     61.9892,      3.4953,      0.1815,      0.1471,     74.4104,      0.2390,      5.5323,     11.0647,      2.1121,     28.3686,     56.7373,      0.0191,      0.0039,      0.2366,      0.2031,   7651.9272,-454457.0000,   -932.4199,    543.7404,  25506.4219,
       1,     167,     269,      16,       1,       3,       1,     10.0000,      1.3919,     42.4722,    246.3191,     61.9892,      3.4953,      0.1354,      0.1013,     59.4732,      0.2294,      5.5323,     11.0647,      2.0272,     28.3686,     56.7373,      0.0191,      0.0043,      0.1699,      0.2031,   7651.9268,-513447.6875,   -944.0597,    539.7336,  25506.4219,
       1,     167,     269,      17,       1,       3,       1,     10.0000,      1.3919,     42.4722,    246.3191,     61.9892,      3.4953,      0.0914,      0.0578,     42.2869,      0.2104,      5.5323,     11.0647,      1.8595,     28.3686,     56.7373,      0.0191,      0.0049,      0.1069,      0.2030,   7651.9268,-499800.5000,   -941.7257,    540.6690,  25506.4219,
       1,     167,     269,      18,       1,       3,       1,     10.0000,      1.3919,     42.4722,    246.3191,     61.9892,      3.4953,      0.0973,      0.0643,     44.6875,      0.1897,      5.5323,     11.0647,      1.6764,     28.3686,     56.7373,      0.0191,      0.0048,      0.1156,      0.2030,   7651.9268,-477098.6875,   -937.5488,    542.2041,  25506.4219,
       1,     167,     269,      19,       1,       3,       1,     10.0000,      1.3919,     42.4722,    246.3191,     61.9892,      3.4953,      0.0695,      0.0379,     29.3930,      0.1468,      5.5323,     11.0647,      1.2968,     28.3686,     56.7373,      0.0191,      0.0047,      0.0776,      0.2030,   7651.9268,-478178.4688,   -937.9414,    542.1331,  25506.4219,
       1,     167,     269,      20,       1,       3,       1,     10.0000,      1.3919,     42.4722,    246.3191,     61.9892,      3.4953,      0.0069,     -0.0243,      5.6294,      0.1367,      5.5323,     11.0647,      1.2083,     28.3686,     56.7373,      0.0191,      0.0045,      0.0156,      0.2030,   7651.9268,-459118.2500,   -934.3624,    543.4247,  25506.4199,
       1,     167,     269,      21,       1,       3,       1,     10.0000,      1.3919,     42.4722,    246.3191,     61.9892,      3.4953,      0.0000,     -0.0309,      5.2022,      0.1289,      5.5323,     11.0647,      1.1392,     28.3686,     56.7373,      0.0191,      0.0041,      0.0156,      0.2031,   7651.9263,-427755.7812,   -928.2925,    545.5567,  25506.4219,
       1,     167,     269,      22,       1,       3,       1,     10.0000,      1.3919,     42.4722,    246.3191,     61.9892,      3.4953,      0.0000,     -0.0312,      4.4557,      0.1349,      5.5323,     11.0647,      1.1925,     28.3686,     56.7373,      0.0191,      0.0035,      0.0156,      0.2031,   7651.9268,-424557.4688,   -927.6501,    545.7790,  25506.4219,
       1,     167,     269,      23,       1,       3,       1,     10.0000,      1.3919,     42.4722,    246.3191,     61.9892,      3.4953,      0.0000,     -0.0312,      3.0509,      0.1351,      5.5323,     11.0647,      1.1937,     28.3686,     56.7373,      0.0191,      0.0024,      0.0156,      0.2031,   7651.9268,-423345.4375,   -927.4061,    545.8618,  25506.4219,
       1,     167,     269,      24,       1,       3,       1,     10.0000,      1.3919,     42.4722,    246.3191,     61.9892,      3.4953,      0.0000,     -0.0311,      1.9736,      0.1325,      5.5323,     11.0647,      1.1709,     28.3686,     56.7373,      0.0191,      0.0016,      0.0156,      0.2031,   7651.9268,-421484.4688,   -927.0420,    545.9888,  25506.4219,
       1,     167,     270,       1,       1,       3,       1,     10.0000,      1.3919,     42.4725,    246.3249,     61.9908,      3.4953,      0.0000,     -0.0311,      1.6828,      0.1331,      5.5331,     11.0662,      1.1757,     28.3667,     56.7334,      0.0191,      0.0013,      0.0156,      0.2031,   7651.9268,-420133.7812,   -927.0527,    546.0938,  25507.5684,
       1,     167,     270,       2,       1,       3,       1,     10.0000,      1.3919,     42.4725,    246.3249,     61.9908,      3.4953,      0.0000,     -0.0311,      1.5689,      0.1348,      5.5331,     11.0662,      1.1913,     28.3667,     56.7334,      0.0191,      0.0012,      0.0156,      0.2031,   7652.2710,-419501.5625,   -926.9569,    546.1370,  25507.5664,
       1,     167,     270,       3,       1,       3,       1,     10.0000,      1.3919,     42.4725,    246.3249,     61.9908,      3.4953,      0.0000,     -0.0310,      1.2522,      0.1318,      5.5331,     11.0662,      1.1650,     28.3667,     56.7334,      0.0191,      0.0010,      0.0156,      0.2031,   7652.2700,-419305.2500,   -926.9189,    546.1504,  25507.5684,
       1,     167,     270,       4,       1,       3,       1,     10.0000,      1.3919,     42.4725,    246.3249,     61.9908,      3.4953,      0.0000,     -0.0311,      0.7458,      0.1339,      5.5331,     11.0662,      1.1829,     28.3667,     56.7334,      0.0191,      0.0006,      0.0156,      0.2031,   7652.2710,-418892.1875,   -926.8387,    546.1786,  25507.5684,
       1,     167,     270,       5,       1,       3,       1,     10.0000,      1.3919,     42.4725,    246.3249,     61.9908,      3.4953,      0.0000,     -0.0311,      0.4283,      0.1322,      5.5331,     11.0662,      1.1686,     28.3667,     56.7334,      0.0191,      0.0003,      0.0156,      0.2031,   7652.2710,-418223.4375,   -926.7105,    546.2242,  25507.5664,
       1,     167,     270,       6,       1,       3,       1,     10.0000,      1.3919,     42.4725,    246.3249,     61.9908,      3.4953,      0.0000,     -0.0310,      0.3523,      0.1306,      5.5331,     11.0662,      1.1544,     28.3667,     56.7334,      0.0191,      0.0003,      0.0156,      0.2031,   7652.2700,-417769.5000,   -926.6242,    546.2552,  25507.5684,
       1,     167,     270,       7,       1,       3,       1,     10.0000,      1.3919,     42.4725,    246.3249,     61.9908,      3.4953,      0.0000,     -0.0310,      0.3157,      0.1316,      5.5331,     11.0662,      1.1626,     28.3667,     56.7334,      0.0191,      0.0003,      0.0156,      0.2031,   7652.2710,-417635.4688,   -926.5997,    546.2644,  25507.5703,
       1,     167,     270,       8,       1,       3,       1,     10.0000,      1.3919,     42.4725,    246.3249,     61.9908,      3.4953,      0.0204,     -0.0106,      0.2016,      0.1313,      5.5331,     11.0662,      1.1603,     28.3667,     56.7334,      0.0191,      0.0002,      0.0100,      0.2031,   7652.2715,-417578.1250,   -926.5897,    546.2683,  25507.5664,
       1,     167,     270,       9,       1,       3,       1,     10.0000,      1.3919,     42.4725,    246.3249,     61.9908,      3.4953,      0.1379,      0.1066,      3.8683,      0.1384,      5.5331,     11.0662,      1.2231,     28.3667,     56.7334,      0.0191,      0.0003,      0.1804,      0.2031,   7652.2700,-417430.7500,   -926.5582,    546.2783,  25507.5684,
       1,     167,     270,      10,       1,       3,       1,     10.0000,      1.3919,     42.4725,    246.3249,     61.9908,      3.4953,      0.1782,      0.1458,      6.4750,      0.1697,      5.5331,     11.0662,      1.4998,     28.3667,     56.7334,      0.0191,      0.0003,      0.2390,      0.2031,   7652.2710,-422004.3125,   -927.4348,    545.9661,  25507.5684,
       1,     167,     270,      11,       1,       3,       1,     10.0000,      1.3919,     42.4725,    246.3249,     61.9908,      3.4953,      0.1856,      0.1525,      7.9009,      0.1941,      5.5331,     11.0662,      1.7151,     28.3667,     56.7334,      0.0191,      0.0004,      0.2500,      0.2031,   7652.2710,-425655.7500,   -928.0460,    545.7170,  25507.5684,
       1,     167,     270,      12,       1,       3,       1,     10.0000,      1.3919,     42.4725,    246.3249,     61.9908,      3.4953,      0.1856,      0.1520,      8.6807,      0.2107,      5.5331,     11.0662,      1.8614,     28.3667,     56.7334,      0.0191,      0.0004,      0.2500,      0.2031,   7652.2710,-427751.0625,   -928.2912,    545.5741,  25507.5684,
       1,     167,     270,      13,       1,       3,       1,     10.0000,      1.3919,     42.4725,    246.3249,     61.9908,      3.4953,      0.1855,      0.1511,     10.0395,      0.2390,      5.5331,     11.0662,      2.1121,     28.3667,     56.7334,      0.0191,      0.0005,      0.2500,      0.2031,   7652.2710,-428905.5312,   -928.2247,    545.4954,  25507.5664,
       1,     167,     270,      14,       1,       3,       1,     10.0000,      1.3919,     42.4725,    246.3249,     61.9908,      3.4953,      0.1842,      0.1494,     10.5840,      0.2519,      5.5331,     11.0662,      2.2261,     28.3667,     56.7334,      0.0191,      0.0005,      0.2481,      0.2031,   7652.2700,-430703.9688,   -928.3190,    545.3727,  25507.5684,
       1,     167,     270,      15,       1,       3,       1,     10.0000,      1.3919,     42.4725,    246.3249,     61.9908,      3.4953,      0.1868,      0.1522,     26.9464,      0.2466,      5.5331,     11.0662,      2.1790,     28.3667,     56.7334,      0.0191,      0.0013,      0.2500,      0.2031,   7652.2710,-431538.6250,   -928.3081,    545.3159,  25507.5684,
       1,     167,     270,      16,       1,       3,       1,     10.0000,      1.3919,     42.4725,    246.3249,     61.9908,      3.4953,      0.1876,      0.1544,     55.7293,      0.1964,      5.5331,     11.0662,      1.7356,     28.3667,     56.7334,      0.0191,      0.0028,      0.2474,      0.2031,   7652.2710,-452079.4688,   -932.1714,    543.9157,  25507.5684,
       1,     167,     270,      17,       1,       3,       1,     10.0000,      1.3919,     42.4725,    246.3249,     61.9908,      3.4953,      0.1915,      0.1592,     79.5062,      0.1665,      5.5331,     11.0662,      1.4716,     28.3667,     56.7334,      0.0191,      0.0039,      0.2500,      0.2031,   7652.2710,-489855.9688,   -939.6439,    541.3491,  25507.5684,
       1,     167,     270,      18,       1,       3,       1,     10.0000,      1.3919,     42.4725,    246.3249,     61.9908,      3.4953,      0.1688,      0.1366,    104.7264,      0.1669,      5.5331,     11.0662,      1.4746,     28.3667,     56.7334,      0.0191,      0.0061,      0.2139,      0.2030,   7652.2710,-522861.1875,   -946.2897,    539.1218,  25507.5684,
       1,     167,     270,      19,       1,       3,       1,     10.0000,      1.3919,     42.4725,    246.3249,     61.9908,      3.4953,      0.1171,      0.0850,     84.1059,      0.1594,      5.5331,     11.0662,      1.4082,     28.3667,     56.7334,      0.0191,      0.0074,      0.1405,      0.2030,   7652.2710,-557270.8125,   -953.3753,    536.8074,  25507.5684,
       1,     167,     270,      20,       1,       3,       1,     10.0000,      1.3919,     42.4725,    246.3249,     61.9908,      3.4953,      0.0124,     -0.0193,      7.1576,      0.1513,      5.5331,     11.0662,      1.3366,     28.3667,     56.7334,      0.0191,      0.0057,      0.0156,      0.2030,   7652.2710,-534359.3125,   -949.2130,    538.3498,  25507.5664,
       1,     167,     270,      21,       1,       3,       1,     10.0000,      1.3919,     42.4725,    246.3249,     61.9908,      3.4953,      0.0000,     -0.0315,      4.7445,      0.1440,      5.5331,     11.0662,      1.2722,     28.3667,     56.7334,      0.0191,      0.0038,      0.0156,      0.2030,   7652.2700,-435996.3750,   -929.9421,    544.9712,  25507.5664,
       1,     167,     270,      22,       1,       3,       1,     10.0000,      1.3919,     42.4725,    246.3249,     61.9908,      3.4953,      0.0000,     -0.0316,      3.6523,      0.1460,      5.5331,     11.0662,      1.2903,     28.3667,     56.7334,      0.0191,      0.0029,      0.0156,      0.2031,   7652.2700,-424735.5312,   -927.7280,    545.7792,  25507.5684,
       1,     167,     270,      23,       1,       3,       1,     10.0000,      1.3919,     42.4725,    246.3249,     61.9908,      3.4953,      0.0000,     -0.0315,      2.9816,      0.1431,      5.5331,     11.0662,      1.2645,     28.3667,     56.7334,      0.0191,      0.0024,      0.0156,      0.2031,   7652.2710,-422358.6875,   -927.2346,    545.9420,  25507.5684,
       1,     167,     270,      24,       1,       3,       1,     10.0000,      1.3919,     42.4725,    246.3249,     61.9908,      3.4953,      0.0000,     -0.0314,      2.0605,      0.1420,      5.5331,     11.0662,      1.2544,     28.3667,     56.7334,      0.0191,      0.0016,      0.0156,      0.2031,   7652.2710,-421316.1250,   -927.0193,    546.0131,  25507.5664,
       1,     167,     271,       1,       1,       3,       1,     10.0000,      1.3919,     42.4729,    246.3307,     61.9921,      3.4953,      0.0000,     -0.0313,      1.1754,      0.1387,      5.5321,     11.0641,      1.2256,     28.3753,     56.7506,      0.0191,      0.0009,      0.0156,      0.2031,   7652.2700,-420230.7812,   -927.0710,    546.1000,  25508.7129,
       1,     167,     271,       2,       1,       3,       1,     10.0000,      1.3919,     42.4729,    246.3307,     61.9921,      3.4953,      0.0000,     -0.0313,      0.7472,      0.1374,      5.5321,     11.0641,      1.2145,     28.3753,     56.7506,      0.0191,      0.0006,      0.0156,      0.2031,   7652.6143,-418878.1875,   -926.5181,    546.1923,  25508.7129,
       1,     167,     271,       3,       1,       3,       1,     10.0000,      1.3919,     42.4729,    246.3307,     61.9921,      3.4953,      0.0000,     -0.0312,      0.5427,      0.1366,      5.5321,     11.0641,      1.2071,     28.3753,     56.7506,      0.0191,      0.0004,      0.0156,      0.2031,   7652.6143,-418227.0938,   -926.3888,    546.2368,  25508.7129,
       1,     167,     271,       4,       1,       3,       1,     10.0000,      1.3919,     42.4729,    246.3307,     61.9921,      3.4953,      0.0000,     -0.0313,      0.3664,      0.1398,      5.5321,     11.0641,      1.2355,     28.3753,     56.7506,      0.0191,      0.0003,      0.0156,      0.2031,   7652.6143,-417915.8125,   -926.3275,    546.2581,  25508.7129,
       1,     167,     271,       5,       1,       3,       1,     10.0000,      1.3919,     42.4729,    246.3307,     61.9921,      3.4953,      0.0000,     -0.0314,      0.3679,      0.1421,      5.5321,     11.0641,      1.2557,     28.3753,     56.7506,      0.0191,      0.0003,      0.0156,      0.2031,   7652.6143,-417668.6875,   -926.2800,    546.2748,  25508.7129,
       1,     167,     271,       6,       1,       3,       1,     10.0000,      1.3919,     42.4729,    246.3307,     61.9921,      3.4953,      0.0000,     -0.0314,      0.3442,      0.1410,      5.5321,     11.0641,      1.2456,     28.3753,     56.7506,      0.0191,      0.0003,      0.0156,      0.2031,   7652.6143,-417649.5625,   -926.2775,    546.2762,  25508.7129,
       1,     167,     271,       7,       1,       3,       1,     10.0000,      1.3919,     42.4729,    246.3307,     61.9921,      3.4953,      0.0000,     -0.0313,      0.3377,      0.1395,      5.5321,     11.0641,      1.2330,     28.3753,     56.7506,      0.0191,      0.0003,      0.0156,      0.2031,   7652.6143,-417618.2812,   -926.2729,    546.2784,  25508.7109,
       1,     167,     271,       8,       1,       3,       1,     10.0000,      1.3919,     42.4729,    246.3307,     61.9921,      3.4953,      0.0108,     -0.0204,      0.3273,      0.1358,      5.5321,     11.0641,      1.1998,     28.3753,     56.7506,      0.0191,      0.0003,      0.0156,      0.2031,   7652.6138,-417607.5625,   -926.2728,    546.2791,  25508.7109,
       1,     167,     271,       9,       1,       3,       1,     10.0000,      1.3919,     42.4729,    246.3307,     61.9921,      3.4953,      0.0567,      0.0253,      1.3806,      0.1425,      5.5321,     11.0641,      1.2595,     28.3753,     56.7506,      0.0191,      0.0003,      0.0623,      0.2031,   7652.6138,-417593.7500,   -926.2672,    546.2801,  25508.7148,
       1,     167,     271,      10,       1,       3,       1,     10.0000,      1.3919,     42.4729,    246.3307,     61.9921,      3.4953,      0.1199,      0.0878,      3.9473,      0.1618,      5.5321,     11.0641,      1.4296,     28.3753,     56.7506,      0.0191,      0.0003,      0.1539,      0.2031,   7652.6147,-418909.4062,   -926.4978,    546.1902,  25508.7129,
       1,     167,     271,      11,       1,       3,       1,     10.0000,      1.3919,     42.4729,    246.3307,     61.9921,      3.4953,      0.1720,      0.1388,      7.4379,      0.1980,      5.5321,     11.0641,      1.7494,     28.3753,     56.7506,      0.0191,      0.0004,      0.2301,      0.2031,   7652.6143,-422231.8750,   -927.0952,    545.9633,  25508.7129,
       1,     167,     271,      12,       1,       3,       1,     10.0000,      1.3919,     42.4729,    246.3307,     61.9921,      3.4953,      0.1855,      0.1515,      9.4586,      0.2270,      5.5321,     11.0641,      2.0056,     28.3753,     56.7506,      0.0191,      0.0005,      0.2500,      0.2031,   7652.6143,-426881.6562,   -927.8767,    545.6461,  25508.7148,
       1,     167,     271,      13,       1,       3,       1,     10.0000,      1.3919,     42.4729,    246.3307,     61.9921,      3.4953,      0.1855,      0.1509,     10.4068,      0.2466,      5.5321,     11.0641,      2.1791,     28.3753,     56.7506,      0.0191,      0.0005,      0.2500,      0.2031,   7652.6147,-429806.0312,   -928.2168,    545.4467,  25508.7129,
       1,     167,     271,      14,       1,       3,       1,     10.0000,      1.3919,     42.4729,    246.3307,     61.9921,      3.4953,      0.1855,      0.1508,     10.5595,      0.2497,      5.5321,     11.0641,      2.2068,     28.3753,     56.7506,      0.0191,      0.0005,      0.2500,      0.2031,   7652.6143,-431241.7812,   -928.2920,    545.3489,  25508.7129,
       1,     167,     271,      15,       1,       3,       1,     10.0000,      1.3919,     42.4729,    246.3307,     61.9921,      3.4953,      0.1859,      0.1510,     16.5426,      0.2576,      5.5321,     11.0641,      2.2765,     28.3753,     56.7506,      0.0191,      0.0008,      0.2500,      0.2031,   7652.6143,-431555.3750,   -928.1713,    545.3275,  25508.7129,
       1,     167,     271,      16,       1,       3,       1,     10.0000,      1.3919,     42.4729,    246.3307,     61.9921,      3.4953,      0.1890,      0.1542,     59.7010,      0.2529,      5.5321,     11.0641,      2.2349,     28.3753,     56.7506,      0.0191,      0.0030,      0.2496,      0.2031,   7652.6143,-439066.1562,   -929.5059,    544.8155,  25508.7129,
       1,     167,     271,      17,       1,       3,       1,     10.0000,      1.3919,     42.4729,    246.3307,     61.9921,      3.4953,      0.1815,      0.1474,     93.9091,      0.2281,      5.5321,     11.0641,      2.0154,     28.3753,     56.7506,      0.0191,      0.0050,      0.2343,      0.2031,   7652.6143,-493699.5312,   -940.3461,    541.0951,  25508.7129,
       1,     167,     271,      18,       1,       3,       1,     10.0000,      1.3919,     42.4729,    246.3307,     61.9921,      3.4953,      0.1092,      0.0755,     60.8938,      0.2132,      5.5321,     11.0641,      1.8835,     28.3753,     56.7506,      0.0191,      0.0058,      0.1311,      0.2031,   7652.6143,-541222.4375,   -950.0120,    537.8935,  25508.7129,
       1,     167,     271,      19,       1,       3,       1,     10.0000,      1.3919,     42.4729,    246.3307,     61.9921,      3.4953,      0.0389,      0.0056,     15.1377,      0.1980,      5.5321,     11.0641,      1.7494,     28.3753,     56.7506,      0.0191,      0.0057,      0.0327,      0.2030,   7652.6143,-503909.8125,   -942.8518,    540.4117,  25508.7129,
       1,     167,     271,      20,       1,       3,       1,     10.0000,      1.3919,     42.4729,    246.3307,     61.9921,      3.4953,      0.0024,     -0.0305,      7.2762,      0.1864,      5.5321,     11.0641,      1.6469,     28.3753,     56.7506,      0.0191,      0.0058,      0.0156,      0.2031,   7652.6143,-443447.7500,   -930.8655,    544.5020,  25508.7109,
       1,     167,     271,      21,       1,       3,       1,     10.0000,      1.3919,     42.4729,    246.3307,     61.9921,      3.4953,      0.0000,     -0.0327,      7.0510,      0.1805,      5.5321,     11.0641,      1.5954,     28.3753,     56.7506,      0.0191,      0.0056,      0.0156,      0.2031,   7652.6138,-428507.2812,   -927.8366,    545.5343,  25508.7090,
       1,     167,     271,      22,       1,       3,       1,     10.0000,      1.3919,     42.4729,    246.3307,     61.9921,      3.4953,      0.0000,     -0.0327,      5.5987,      0.1782,      5.5321,     11.0641,      1.5749,     28.3753,     56.7506,      0.0191,      0.0044,      0.0156,      0.2031,   7652.6128,-426935.1562,   -927.4639,    545.6425,  25508.7129,
       1,     167,     271,      23,       1,       3,       1,     10.0000,      1.3919,     42.4729,    246.3307,     61.9921,      3.4953,      0.0000,     -0.0326,      5.1560,      0.1752,      5.5321,     11.0641,      1.5485,     28.3753,     56.7506,      0.0191,      0.0041,      0.0156,      0.2031,   7652.6143,-424982.7188,   -927.0310,    545.7757,  25508.7109,
       1,     167,     271,      24,       1,       3,       1,     10.0000,      1.3919,     42.4729,    246.3307,     61.9921,      3.4953,      0.0000,     -0.0325,      3.9303,      0.1726,      5.5321,     11.0641,      1.5255,     28.3753,     56.7506,      0.0191,      0.0031,      0.0156,      0.2031,   7652.6138,-424262.6250,   -926.8536,    545.8248,  25508.7129,
       1,     167,     272,       1,       1,       3,       1,     10.0000,      1.3920,     42.4732,    246.3366,     61.9937,      3.4953,      0.0000,     -0.0324,      3.1072,      0.1702,      5.5331,     11.0662,      1.5044,     28.3759,     56.7518,      0.0191,      0.0025,      0.0156,      0.2032,   7652.6143,-422823.5312,   -926.8277,    545.9360,  25509.8574,
       1,     167,     272,       2,       1,       3,       1,     10.0000,      1.3920,     42.4732,    246.3366,     61.9937,      3.4953,      0.0000,     -0.0323,      2.5813,      0.1677,      5.5331,     11.0662,      1.4820,     28.3759,     56.7518,      0.0191,      0.0020,      0.0156,      0.2032,   7652.9575,-421518.2500,   -926.2686,    546.0251,  25509.8574,
       1,     167,     272,       3,       1,       3,       1,     10.0000,      1.3920,     42.4732,    246.3366,     61.9937,      3.4953,      0.0000,     -0.0322,      2.1217,      0.1647,      5.5331,     11.0662,      1.4556,     28.3759,     56.7518,      0.0191,      0.0017,      0.0156,      0.2032,   7652.9575,-420749.1875,   -926.1074,    546.0775,  25509.8555,
       1,     167,     272,       4,       1,       3,       1,     10.0000,      1.3920,     42.4732,    246.3366,     61.9937,      3.4953,      0.0000,     -0.0322,      1.7220,      0.1656,      5.5331,     11.0662,      1.4629,     28.3759,     56.7518,      0.0191,      0.0014,      0.0156,      0.2032,   7652.9570,-420108.9688,   -925.9724,    546.1212,  25509.8574,
       1,     167,     272,       5,       1,       3,       1,     10.0000,      1.3920,     42.4732,    246.3366,     61.9937,      3.4953,      0.0000,     -0.0322,      1.7028,      0.1637,      5.5331,     11.0662,      1.4469,     28.3759,     56.7518,      0.0191,      0.0014,      0.0156,      0.2032,   7652.9575,-419554.3438,   -925.8526,    546.1591,  25509.8555,
       1,     167,     272,       6,       1,       3,       1,     10.0000,      1.3920,     42.4732,    246.3366,     61.9937,      3.4953,      0.0000,     -0.0319,      1.4773,      0.1557,      5.5331,     11.0662,      1.3762,     28.3759,     56.7518,      0.0191,      0.0012,      0.0156,      0.2032,   7652.9570,-419483.0938,   -925.8330,    546.1640,  25509.8574,
       1,     167,     272,       7,       1,       3,       1,     10.0000,      1.3920,     42.4732,    246.3366,     61.9937,      3.4953,      0.0000,     -0.0318,      1.2893,      0.1534,      5.5331,     11.0662,      1.3556,     28.3759,     56.7518,      0.0191,      0.0010,      0.0156,      0.2032,   7652.9575,-419194.8125,   -925.7695,    546.1837,  25509.8555,
       1,     167,     272,       8,       1,       3,       1,     10.0000,      1.3920,     42.4732,    246.3366,     61.9937,      3.4953,      0.0123,     -0.0198,      0.9734,      0.1607,      5.5331,     11.0662,      1.4196,     28.3759,     56.7518,      0.0191,      0.0008,      0.0156,      0.2032,   7652.9570,-418935.2500,   -925.7134,    546.2014,  25509.8574,
       1,     167,     272,       9,       1,       3,       1,     10.0000,      1.3920,     42.4732,    246.3366,     61.9937,      3.4953,      0.1037,      0.0710,      7.9087,      0.1798,      5.5331,     11.0662,      1.5891,     28.3759,     56.7518,      0.0191,      0.0008,      0.1295,      0.2032,   7652.9575,-418517.9688,   -925.6226,    546.2299,  25509.8555,
       1,     167,     272,      10,       1,       3,       1,     10.0000,      1.3920,     42.4732,    246.3366,     61.9937,      3.4953,      0.1493,      0.1158,     14.5900,      0.2080,      5.5331,     11.0662,      1.8378,     28.3759,     56.7518,      0.0191,      0.0009,      0.1957,      0.2032,   7652.9570,-427155.0938,   -927.3184,    545.6402,  25509.8555,
       1,     167,     272,      11,       1,       3,       1,     10.0000,      1.3920,     42.4732,    246.3366,     61.9937,      3.4953,      0.1654,      0.1314,     17.0544,      0.2265,      5.5331,     11.0662,      2.0017,     28.3759,     56.7518,      0.0191,      0.0010,      0.2193,      0.2032,   7652.9570,-436249.1562,   -929.0469,    545.0202,  25509.8574,
       1,     167,     272,      12,       1,       3,       1,     10.0000,      1.3920,     42.4732,    246.3366,     61.9937,      3.4953,      0.1861,      0.1518,     16.5635,      0.2346,      5.5331,     11.0662,      2.0734,     28.3759,     56.7518,      0.0191,      0.0008,      0.2500,      0.2032,   7652.9575,-440108.2500,   -929.7726,    544.7576,  25509.8574,
       1,     167,     272,      13,       1,       3,       1,     10.0000,      1.3920,     42.4732,    246.3366,     61.9937,      3.4953,      0.1860,      0.1520,     14.4940,      0.2234,      5.5331,     11.0662,      1.9744,     28.3759,     56.7518,      0.0191,      0.0007,      0.2500,      0.2031,   7652.9575,-439822.9688,   -929.5903,    544.7772,  25509.8574,
       1,     167,     272,      14,       1,       3,       1,     10.0000,      1.3920,     42.4732,    246.3366,     61.9937,      3.4953,      0.1875,      0.1534,     33.8243,      0.2270,      5.5331,     11.0662,      2.0056,     28.3759,     56.7518,      0.0191,      0.0017,      0.2500,      0.2031,   7652.9575,-437209.7812,   -928.9215,    544.9550,  25509.8574,
       1,     167,     272,      15,       1,       3,       1,     10.0000,      1.3920,     42.4732,    246.3366,     61.9937,      3.4953,      0.1906,      0.1566,     73.5856,      0.2245,      5.5331,     11.0662,      1.9841,     28.3759,     56.7518,      0.0191,      0.0036,      0.2500,      0.2032,   7652.9575,-461166.1250,   -933.6209,    543.3232,  25509.8574,
       1,     167,     272,      16,       1,       3,       1,     10.0000,      1.3920,     42.4732,    246.3366,     61.9937,      3.4953,      0.1916,      0.1575,     98.4849,      0.2248,      5.5331,     11.0662,      1.9861,     28.3759,     56.7518,      0.0191,      0.0049,      0.2486,      0.2031,   7652.9575,-512967.8125,   -944.1016,    539.8075,  25509.8594,
       1,     167,     272,      17,       1,       3,       1,     10.0000,      1.3920,     42.4732,    246.3366,     61.9937,      3.4953,      0.1647,      0.1314,     82.3744,      0.2001,      5.5331,     11.0662,      1.7685,     28.3759,     56.7518,      0.0191,      0.0048,      0.2105,      0.2031,   7652.9580,-548589.5000,   -951.5073,    537.4153,  25509.8574,
       1,     167,     272,      18,       1,       3,       1,     10.0000,      1.3920,     42.4732,    246.3366,     61.9937,      3.4953,      0.0776,      0.0445,     28.9578,      0.1914,      5.5331,     11.0662,      1.6916,     28.3759,     56.7518,      0.0191,      0.0041,      0.0884,      0.2030,   7652.9575,-531434.1250,   -948.4119,    538.5729,  25509.8574,
       1,     167,     272,      19,       1,       3,       1,     10.0000,      1.3920,     42.4732,    246.3366,     61.9937,      3.4953,      0.0356,      0.0028,      9.8693,      0.1816,      5.5331,     11.0662,      1.6050,     28.3759,     56.7518,      0.0191,      0.0042,      0.0291,      0.2031,   7652.9575,-463061.5000,   -934.8625,    543.1772,  25509.8574,
       1,     167,     272,      20,       1,       3,       1,     10.0000,      1.3920,     42.4732,    246.3366,     61.9937,      3.4953,      0.0013,     -0.0311,      4.9479,      0.1718,      5.5331,     11.0662,      1.5179,     28.3759,     56.7518,      0.0191,      0.0039,      0.0156,      0.2031,   7652.9575,-433423.3125,   -928.9197,    545.2093,  25509.8535,
       1,     167,     272,      21,       1,       3,       1,     10.0000,      1.3920,     42.4732,    246.3366,     61.9937,      3.4953,      0.0000,     -0.0321,      4.8618,      0.1628,      5.5331,     11.0662,      1.4382,     28.3759,     56.7518,      0.0191,      0.0039,      0.0156,      0.2032,   7652.9565,-424729.2812,   -927.1510,    545.8055,  25509.8555,
       1,     167,     272,      22,       1,       3,       1,     10.0000,      1.3920,     42.4732,    246.3366,     61.9937,      3.4953,      0.0000,     -0.0321,      3.5441,      0.1608,      5.5331,     11.0662,      1.4210,     28.3759,     56.7518,      0.0191,      0.0028,      0.0156,      0.2032,   7652.9570,-423875.8125,   -926.9560,    545.8641,  25509.8574,
       1,     167,     272,      23,       1,       3,       1,     10.0000,      1.3920,     42.4732,    246.3366,     61.9937,      3.4953,      0.0000,     -0.0321,      3.2251,      0.1626,      5.5331,     11.0662,      1.4368,     28.3759,     56.7518,      0.0191,      0.0026,      0.0156,      0.2032,   7652.9575,-422154.4688,   -926.5950,    545.9816,  25509.8535,
       1,     167,     272,      24,       1,       3,       1,     10.0000,      1.3920,     42.4732,    246.3366,     61.9937,      3.4953,      0.0000,     -0.0321,      2.5756,      0.1616,      5.5331,     11.0662,      1.4282,     28.3759,     56.7518,      0.0191,      0.0020,      0.0156,      0.2032,   7652.9565,-421609.1875,   -926.4730,    546.0189,  25509.8535,
       1,     167,     273,       1,       1,       3,       1,     10.0000,      1.3920,     42.4735,    246.3424,     61.9951,      3.4953,      0.0000,     -0.0320,      2.3852,      0.1584,      5.5329,     11.0658,      1.3999,     28.3769,     56.7537,      0.0191,      0.0019,      0.0156,      0.2032,   7652.9565,-420906.3750,   -926.6127,    546.0798,  25511.0039,
       1,     167,     273,       2,       1,       3,       1,     10.0000,      1.3920,     42.4735,    246.3424,     61.9951,      3.4953,      0.0000,     -0.0319,      2.1682,      0.1543,      5.5329,     11.0658,      1.3638,     28.3769,     56.7537,      0.0191,      0.0017,      0.0156,      0.2032,   7653.3013,-420454.5312,   -926.2230,    546.1107,  25511.0039,
       1,     167,     273,       3,       1,       3,       1,     10.0000,      1.3920,     42.4735,    246.3424,     61.9951,      3.4953,      0.0000,     -0.0318,      1.8735,      0.1520,      5.5329,     11.0658,      1.3434,     28.3769,     56.7537,      0.0191,      0.0015,      0.0156,      0.2032,   7653.3013,-420144.5312,   -926.1508,    546.1318,  25511.0039,
       1,     167,     273,       4,       1,       3,       1,     10.0000,      1.3920,     42.4735,    246.3424,     61.9951,      3.4953,      0.0000,     -0.0313,      1.5901,      0.1377,      5.5329,     11.0658,      1.2170,     28.3769,     56.7537,      0.0191,      0.0013,      0.0156,      0.2032,   7653.3013,-419749.6875,   -931.5448,    546.1588,  25511.0039,
       1,     167,     273,       5,       1,       3,       1,     10.0000,      1.3920,     42.4735,    246.3424,     61.9951,      3.4953,      0.0000,     -0.0311,      1.3515,      0.1327,      5.5329,     11.0658,      1.1722,     28.3769,     56.7537,      0.0191,      0.0011,      0.0156,      0.2032,   7653.3013,-419361.5938,   -931.4550,    546.1852,  25511.0039,
       1,     167,     273,       6,       1,       3,       1,     10.0000,      1.3920,     42.4735,    246.3424,     61.9951,      3.4953,      0.0000,     -0.0311,      1.1141,      0.1329,      5.5329,     11.0658,      1.1746,     28.3769,     56.7537,      0.0191,      0.0009,      0.0156,      0.2032,   7653.3013,-419030.0938,   -931.3777,    546.2078,  25511.0059,
       1,     167,     273,       7,       1,       3,       1,     10.0000,      1.3920,     42.4735,    246.3424,     61.9951,      3.4953,      0.0000,     -0.0313,      1.1021,      0.1379,      5.5329,     11.0658,      1.2182,     28.3769,     56.7537,      0.0191,      0.0009,      0.0156,      0.2032,   7653.3022,-418704.8438,   -931.3056,    546.2300,  25511.0039,
       1,     167,     273,       8,       1,       3,       1,     10.0000,      1.3920,     42.4735,    246.3424,     61.9951,      3.4953,      0.0148,     -0.0166,      0.1111,      0.1412,      5.5329,     11.0658,      1.2481,     28.3769,     56.7537,      0.0191,      0.0010,      0.0013,      0.2032,   7653.3013,-418662.1875,   -931.2903,    546.2329,  25511.0039,
       1,     167,     273,       9,       1,       3,       1,     10.0000,      1.3920,     42.4735,    246.3424,     61.9951,      3.4953,      0.1317,      0.0999,      9.1983,      0.1523,      5.5329,     11.0658,      1.3461,     28.3769,     56.7537,      0.0191,      0.0007,      0.1706,      0.2032,   7653.3013,-417419.5312,   -931.0253,    546.3178,  25511.0039,
       1,     167,     273,      10,       1,       3,       1,     10.0000,      1.3920,     42.4735,    246.3424,     61.9951,      3.4953,      0.1737,      0.1414,     23.6846,      0.1656,      5.5329,     11.0658,      1.4629,     28.3769,     56.7537,      0.0191,      0.0013,      0.2303,      0.2032,   7653.3013,-428675.4062,   -933.2443,    545.5491,  25511.0039,
       1,     167,     273,      11,       1,       3,       1,     10.0000,      1.3920,     42.4735,    246.3424,     61.9951,      3.4953,      0.1625,      0.1292,     16.4861,      0.1986,      5.5329,     11.0658,      1.7546,     28.3769,     56.7537,      0.0191,      0.0009,      0.2149,      0.2032,   7653.3013,-447753.4375,   -936.9918,    544.2487,  25511.0059,
       1,     167,     273,      12,       1,       3,       1,     10.0000,      1.3920,     42.4735,    246.3424,     61.9951,      3.4953,      0.1880,      0.1538,     41.1037,      0.2301,      5.5329,     11.0658,      2.0333,     28.3769,     56.7537,      0.0191,      0.0020,      0.2500,      0.2032,   7653.3022,-440379.7500,   -935.4366,    544.7520,  25511.0039,
       1,     167,     273,      13,       1,       3,       1,     10.0000,      1.3920,     42.4735,    246.3424,     61.9951,      3.4953,      0.1880,      0.1535,     42.9400,      0.2454,      5.5329,     11.0658,      2.1686,     28.3769,     56.7537,      0.0191,      0.0021,      0.2500,      0.2032,   7653.3013,-470540.2812,   -941.1895,    542.6984,  25511.0059,
       1,     167,     273,      14,       1,       3,       1,     10.0000,      1.3920,     42.4735,    246.3424,     61.9951,      3.4953,      0.1879,      0.1547,     36.0346,      0.1935,      5.5329,     11.0658,      1.7101,     28.3769,     56.7537,      0.0191,      0.0018,      0.2500,      0.2031,   7653.3022,-475419.2500,   -941.9286,    542.3713,  25511.0039,
       1,     167,     273,      15,       1,       3,       1,     10.0000,      1.3920,     42.4735,    246.3424,     61.9951,      3.4953,      0.1876,      0.1549,     32.0516,      0.1818,      5.5329,     11.0658,      1.6066,     28.3769,     56.7537,      0.0191,      0.0016,      0.2500,      0.2031,   7653.3013,-467188.7812,   -920.6140,    542.9294,  25511.0098,
       1,     167,     273,      16,       1,       3,       1,     10.0000,      1.3920,     42.4735,    246.3424,     61.9951,      3.4953,      0.1809,      0.1477,     60.4886,      0.1982,      5.5329,     11.0658,      1.7512,     28.3769,     56.7537,      0.0191,      0.0032,      0.2370,      0.2031,   7653.3032,-461504.4375,   -920.2335,    543.3154,  25511.0098,
       1,     167,     273,      17,       1,       3,       1,     10.0000,      1.3920,     42.4735,    246.3424,     61.9951,      3.4953,      0.1774,      0.1443,     95.3240,      0.1914,      5.5329,     11.0658,      1.6916,     28.3769,     56.7537,      0.0191,      0.0052,      0.2277,      0.2032,   7653.3032,-496599.1250,   -928.3964,    540.9321,  25511.0098,
       1,     167,     273,      18,       1,       3,       1,     10.0000,      1.3920,     42.4735,    246.3424,     61.9951,      3.4953,      0.1176,      0.0863,     54.8285,      0.1401,      5.5329,     11.0658,      1.2381,     28.3769,     56.7537,      0.0191,      0.0047,      0.1449,      0.2031,   7653.3032,-543209.3750,   -934.7825,    537.7857,  25510.8203,
       1,     167,     273,      19,       1,       3,       1,     10.0000,      1.3920,     42.4735,    246.3424,     61.9951,      3.4953,      0.0668,      0.0369,     16.0658,      0.1046,      5.5329,     11.0658,      0.9247,     28.3769,     56.7537,      0.0191,      0.0026,      0.0765,      0.2031,   7653.2466,-496487.1562,   -925.6331,    540.9357,  25510.8926,
       1,     167,     273,      20,       1,       3,       1,     10.0000,      1.3920,     42.4735,    246.3424,     61.9951,      3.4953,      0.0039,     -0.0259,      2.2938,      0.1021,      5.5329,     11.0658,      0.9021,     28.3769,     56.7537,      0.0191,      0.0018,      0.0156,      0.2031,   7653.2681,-444002.9062,   -915.5013,    544.4938,  25511.0117,
       1,     167,     273,      21,       1,       3,       1,     10.0000,      1.3920,     42.4735,    246.3424,     61.9951,      3.4953,      0.0000,     -0.0298,      3.3545,      0.1025,      5.5329,     11.0658,      0.9058,     28.3769,     56.7537,      0.0191,      0.0027,      0.0156,      0.2032,   7653.3037,-422320.4062,   -911.2021,    545.9812,  25511.0098,
       1,     167,     273,      22,       1,       3,       1,     10.0000,      1.3920,     42.4735,    246.3424,     61.9951,      3.4953,      0.0000,     -0.0299,      2.3170,      0.1044,      5.5329,     11.0658,      0.9228,     28.3769,     56.7537,      0.0191,      0.0018,      0.0156,      0.2032,   7653.3032,-421789.0312,   -911.5139,    546.0195,  25511.0078,
       1,     167,     273,      23,       1,       3,       1,     10.0000,      1.3920,     42.4735,    246.3424,     61.9951,      3.4953,      0.0000,     -0.0301,      0.6469,      0.1079,      5.5329,     11.0658,      0.9537,     28.3769,     56.7537,      0.0191,      0.0005,      0.0156,      0.2032,   7653.3027,-420444.3125,   -911.5500,    546.1113,  25511.0098,
       1,     167,     273,      24,       1,       3,       1,     10.0000,      1.3920,     42.4735,    246.3424,     61.9951,      3.4953,      0.0000,     -0.0303,      0.4763,      0.1125,      5.5329,     11.0658,      0.9937,     28.3769,     56.7537,      0.0191,      0.0004,      0.0156,      0.2032,   7653.3032,-418240.8125,   -911.1962,    546.2617,  25511.0098,
       1,     167,     274,       1,       1,       3,       1,     10.0000,      1.3920,     42.4739,    246.3482,     61.9966,      3.4953,      0.0000,     -0.0304,      0.3217,      0.1154,      5.5330,     11.0661,      1.0195,     28.3819,     56.7638,      0.0191,      0.0003,      0.0156,      0.2032,   7653.3032,-417995.4375,   -911.4316,    546.2913,  25512.1562,
       1,     167,     274,       2,       1,       3,       1,     10.0000,      1.3920,     42.4739,    246.3482,     61.9966,      3.4953,      0.0000,     -0.0304,      0.3383,      0.1156,      5.5330,     11.0661,      1.0216,     28.3819,     56.7638,      0.0191,      0.0003,      0.0156,      0.2032,   7653.6470,-417628.0000,   -911.1187,    546.3164,  25512.1562,
       1,     167,     274,       3,       1,       3,       1,     10.0000,      1.3920,     42.4739,    246.3482,     61.9966,      3.4953,      0.0000,     -0.0304,      0.2886,      0.1157,      5.5330,     11.0661,      1.0226,     28.3819,     56.7638,      0.0191,      0.0002,      0.0156,      0.2032,   7653.6470,-417617.4375,   -911.1274,    546.3171,  25512.1562,
       1,     167,     274,       4,       1,       3,       1,     10.0000,      1.3920,     42.4739,    246.3482,     61.9966,      3.4953,      0.0000,     -0.0305,      0.2788,      0.1180,      5.5330,     11.0661,      1.0427,     28.3819,     56.7638,      0.0191,      0.0002,      0.0156,      0.2032,   7653.6470,-417554.3438,   -911.1191,    546.3214,  25512.1562,
       1,     167,     274,       5,       1,       3,       1,     10.0000,      1.3920,     42.4739,    246.3482,     61.9966,      3.4953,      0.0000,     -0.0305,      0.2900,      0.1179,      5.5330,     11.0661,      1.0416,     28.3819,     56.7638,      0.0191,      0.0002,      0.0156,      0.2032,   7653.6470,-417536.7812,   -911.1175,    546.3226,  25512.1582,
       1,     167,     274,       6,       1,       3,       1,     10.0000,      1.3920,     42.4739,    246.3482,     61.9966,      3.4953,      0.0000,     -0.0305,      0.2804,      0.1186,      5.5330,     11.0661,      1.0480,     28.3819,     56.7638,      0.0191,      0.0002,      0.0156,      0.2032,   7653.6479,-417549.1250,   -911.1221,    546.3218,  25512.1562,
       1,     167,     274,       7,       1,       3,       1,     10.0000,      1.3920,     42.4739,    246.3482,     61.9966,      3.4953,      0.0000,     -0.0306,      0.2840,      0.1199,      5.5330,     11.0661,      1.0599,     28.3819,     56.7638,      0.0191,      0.0002,      0.0156,      0.2032,   7653.6470,-417538.4375,   -911.1218,    546.3226,  25512.1562,
       1,     167,     274,       8,       1,       3,       1,     10.0000,      1.3920,     42.4739,    246.3482,     61.9966,      3.4953,      0.0073,     -0.0234,      0.2914,      0.1227,      5.5330,     11.0661,      1.0839,     28.3819,     56.7638,      0.0191,      0.0002,      0.0156,      0.2032,   7653.6470,-417541.9062,   -911.1238,    546.3223,  25512.1562,
       1,     167,     274,       9,       1,       3,       1,     10.0000,      1.3920,     42.4739,    246.3482,     61.9966,      3.4953,      0.0754,      0.0443,      1.8714,      0.1351,      5.5330,     11.0661,      1.1938,     28.3819,     56.7638,      0.0191,      0.0003,      0.0897,      0.2032,   7653.6470,-417551.5625,   -911.1517,    546.3216,  25512.1562,
       1,     167,     274,      10,       1,       3,       1,     10.0000,      1.3920,     42.4739,    246.3482,     61.9966,      3.4953,      0.1418,      0.1100,      4.4234,      0.1516,      5.5330,     11.0661,      1.3394,     28.3819,     56.7638,      0.0191,      0.0003,      0.1859,      0.2032,   7653.6470,-419527.5938,   -911.7664,    546.1867,  25512.1562,
       1,     167,     274,      11,       1,       3,       1,     10.0000,      1.3920,     42.4739,    246.3482,     61.9966,      3.4953,      0.1794,      0.1466,      7.0513,      0.1816,      5.5330,     11.0661,      1.6050,     28.3819,     56.7638,      0.0191,      0.0004,      0.2408,      0.2032,   7653.6470,-422886.8438,   -912.8133,    545.9574,  25512.1562,
       1,     167,     274,      12,       1,       3,       1,     10.0000,      1.3920,     42.4739,    246.3482,     61.9966,      3.4953,      0.1857,      0.1531,      7.0910,      0.1767,      5.5330,     11.0661,      1.5610,     28.3819,     56.7638,      0.0191,      0.0004,      0.2500,      0.2032,   7653.6470,-426459.3750,   -915.0872,    545.7136,  25512.1562,
       1,     167,     274,      13,       1,       3,       1,     10.0000,      1.3920,     42.4739,    246.3482,     61.9966,      3.4953,      0.1858,      0.1538,      6.1585,      0.1562,      5.5330,     11.0661,      1.3804,     28.3819,     56.7638,      0.0191,      0.0003,      0.2500,      0.2032,   7653.6470,-426813.9375,   -916.5156,    545.6895,  25512.1562,
       1,     167,     274,      14,       1,       3,       1,     10.0000,      1.3920,     42.4739,    246.3482,     61.9966,      3.4953,      0.1857,      0.1524,      8.3272,      0.1968,      5.5330,     11.0661,      1.7392,     28.3819,     56.7638,      0.0191,      0.0004,      0.2500,      0.2032,   7653.6470,-425678.1875,   -917.6643,    545.7669,  25512.1562,
       1,     167,     274,      15,       1,       3,       1,     10.0000,      1.3920,     42.4739,    246.3482,     61.9966,      3.4953,      0.1867,      0.1541,     19.5094,      0.1770,      5.5330,     11.0661,      1.5641,     28.3819,     56.7638,      0.0191,      0.0010,      0.2500,      0.2032,   7653.6470,-428292.9375,   -919.5298,    545.5885,  25512.1562,
       1,     167,     274,      16,       1,       3,       1,     10.0000,      1.3920,     42.4739,    246.3482,     61.9966,      3.4953,      0.1841,      0.1520,     47.2934,      0.1591,      5.5330,     11.0661,      1.4055,     28.3819,     56.7638,      0.0191,      0.0024,      0.2428,      0.2032,   7653.6470,-442498.1250,   -923.2642,    544.6199,  25512.1562,
       1,     167,     274,      17,       1,       3,       1,     10.0000,      1.3920,     42.4739,    246.3482,     61.9966,      3.4953,      0.1537,      0.1228,     34.5135,      0.1278,      5.5330,     11.0661,      1.1290,     28.3819,     56.7638,      0.0191,      0.0021,      0.1998,      0.2032,   7653.6470,-478459.6875,   -930.8301,    542.1725,  25512.1543,
       1,     167,     274,      18,       1,       3,       1,     10.0000,      1.3920,     42.4739,    246.3482,     61.9966,      3.4953,      0.1570,      0.1272,     28.3213,      0.1018,      5.5330,     11.0661,      0.8993,     28.3819,     56.7638,      0.0191,      0.0017,      0.2053,      0.2032,   7653.6465,-465547.2812,   -919.5221,    543.0530,  25512.0840,
       1,     167,     274,      19,       1,       3,       1,     10.0000,      1.3920,     42.4739,    246.3482,     61.9966,      3.4953,      0.0493,      0.0192,     15.3272,      0.1079,      5.5330,     11.0661,      0.9537,     28.3819,     56.7638,      0.0191,      0.0037,      0.0512,      0.2032,   7653.6255,-456705.2812,   -918.0231,    543.6540,  25512.1562,
       1,     167,     274,      20,       1,       3,       1,     10.0000,      1.3920,     42.4739,    246.3482,     61.9966,      3.4953,      0.0031,     -0.0272,      3.7523,      0.1122,      5.5330,     11.0661,      0.9916,     28.3819,     56.7638,      0.0191,      0.0030,      0.0156,      0.2032,   7653.6470,-439689.3438,   -914.8076,    544.8106,  25512.1582,
       1,     167,     274,      21,       1,       3,       1,     10.0000,      1.3920,     42.4739,    246.3482,     61.9966,      3.4953,      0.0000,     -0.0303,      2.1832,      0.1137,      5.5330,     11.0661,      1.0050,     28.3819,     56.7638,      0.0191,      0.0017,      0.0156,      0.2032,   7653.6479,-423767.3438,   -912.2672,    545.8962,  25512.1562,
       1,     167,     274,      22,       1,       3,       1,     10.0000,      1.3920,     42.4739,    246.3482,     61.9966,      3.4953,      0.0000,     -0.0305,      1.3976,      0.1184,      5.5330,     11.0661,      1.0459,     28.3819,     56.7638,      0.0191,      0.0011,      0.0156,      0.2032,   7653.6470,-420449.2812,   -911.8683,    546.1238,  25512.1543,
       1,     167,     274,      23,       1,       3,       1,     10.0000,      1.3920,     42.4739,    246.3482,     61.9966,      3.4953,      0.0000,     -0.0305,      0.3022,      0.1190,      5.5330,     11.0661,      1.0512,     28.3819,     56.7638,      0.0191,      0.0002,      0.0156,      0.2032,   7653.6465,-419183.0625,   -911.7640,    546.2103,  25512.1582,
       1,     167,     274,      24,       1,       3,       1,     10.0000,      1.3920,     42.4739,    246.3482,     61.9966,      3.4953,      0.0000,     -0.0305,      0.2983,      0.1192,      5.5330,     11.0661,      1.0534,     28.3819,     56.7638,      0.0191,      0.0002,      0.0156,      0.2032,   7653.6479,-417704.8125,   -911.5019,    546.3112,  25512.1562,
       1,     167,     275,       1,       1,       3,       1,     10.0000,      1.3920,     42.4742,    246.3541,     61.9980,      3.4953,      0.0000,     -0.0305,      0.2778,      0.1176,      5.5329,     11.0658,      1.0395,     28.3851,     56.7701,      0.0191,      0.0002,      0.0156,      0.2032,   7653.6470,-417730.1562,   -911.7688,    546.3223,  25513.3027,
       1,     167,     275,       2,       1,       3,       1,     10.0000,      1.3920,     42.4742,    246.3541,     61.9980,      3.4953,      0.0000,     -0.0304,      0.2746,      0.1164,      5.5329,     11.0658,      1.0289,     28.3851,     56.7701,      0.0191,      0.0002,      0.0156,      0.2032,   7653.9912,-417553.5312,   -911.4846,    546.3344,  25513.3027,
       1,     167,     275,       3,       1,       3,       1,     10.0000,      1.3920,     42.4742,    246.3541,     61.9980,      3.4953,      0.0000,     -0.0305,      0.2762,      0.1170,      5.5329,     11.0658,      1.0342,     28.3851,     56.7701,      0.0191,      0.0002,      0.0156,      0.2032,   7653.9912,-417534.5312,   -911.4824,    546.3357,  25513.3047,
       1,     167,     275,       4,       1,       3,       1,     10.0000,      1.3920,     42.4742,    246.3541,     61.9980,      3.4953,      0.0000,     -0.0306,      0.2824,      0.1193,      5.5329,     11.0658,      1.0545,     28.3851,     56.7701,      0.0191,      0.0002,      0.0156,      0.2032,   7653.9917,-417534.6875,   -911.4835,    546.3358,  25513.3027,
       1,     167,     275,       5,       1,       3,       1,     10.0000,      1.3920,     42.4742,    246.3541,     61.9980,      3.4953,      0.0000,     -0.0305,      0.2821,      0.1192,      5.5329,     11.0658,      1.0534,     28.3851,     56.7701,      0.0191,      0.0002,      0.0156,      0.2032,   7653.9912,-417542.5000,   -911.4865,    546.3351,  25513.3008,
       1,     167,     275,       6,       1,       3,       1,     10.0000,      1.3920,     42.4742,    246.3541,     61.9980,      3.4953,      0.0000,     -0.0305,      0.2788,      0.1180,      5.5329,     11.0658,      1.0427,     28.3851,     56.7701,      0.0191,      0.0002,      0.0156,      0.2032,   7653.9907,-417543.0938,   -911.4884,    546.3352,  25513.3047,
       1,     167,     275,       7,       1,       3,       1,     10.0000,      1.3920,     42.4742,    246.3541,     61.9980,      3.4953,      0.0000,     -0.0305,      0.2798,      0.1184,      5.5329,     11.0658,      1.0459,     28.3851,     56.7701,      0.0191,      0.0002,      0.0156,      0.2032,   7653.9917,-417538.5000,   -911.4883,    546.3354,  25513.3027,
       1,     167,     275,       8,       1,       3,       1,     10.0000,      1.3920,     42.4742,    246.3541,     61.9980,      3.4953,      0.0002,     -0.0303,      0.2811,      0.1188,      5.5329,     11.0658,      1.0502,     28.3851,     56.7701,      0.0191,      0.0002,      0.0156,      0.2032,   7653.9912,-417539.6875,   -911.4899,    546.3353,  25513.3027,
       1,     167,     275,       9,       1,       3,       1,     10.0000,      1.3920,     42.4742,    246.3541,     61.9980,      3.4953,      0.0044,     -0.0264,      0.2997,      0.1257,      5.5329,     11.0658,      1.1108,     28.3851,     56.7701,      0.0191,      0.0002,      0.0156,      0.2032,   7653.9912,-417541.3438,   -911.4922,    546.3352,  25513.3027,
       1,     167,     275,      10,       1,       3,       1,     10.0000,      1.3920,     42.4742,    246.3541,     61.9980,      3.4953,      0.0212,     -0.0102,      0.2354,      0.1415,      5.5329,     11.0658,      1.2507,     28.3851,     56.7701,      0.0191,      0.0003,      0.0107,      0.2032,   7653.9912,-417564.8438,   -911.5110,    546.3337,  25513.3027,
       1,     167,     275,      11,       1,       3,       1,     10.0000,      1.3920,     42.4742,    246.3541,     61.9980,      3.4953,      0.0793,      0.0469,      2.5928,      0.1718,      5.5329,     11.0658,      1.5181,     28.3851,     56.7701,      0.0191,      0.0003,      0.0944,      0.2032,   7653.9912,-417486.3438,   -911.5546,    546.3391,  25513.3027,
       1,     167,     275,      12,       1,       3,       1,     10.0000,      1.3920,     42.4742,    246.3541,     61.9980,      3.4953,      0.1316,      0.0983,      5.5588,      0.1994,      5.5329,     11.0658,      1.7617,     28.3851,     56.7701,      0.0191,      0.0004,      0.1706,      0.2032,   7653.9912,-420426.5000,   -912.3431,    546.1382,  25513.3027,
       1,     167,     275,      13,       1,       3,       1,     10.0000,      1.3920,     42.4742,    246.3541,     61.9980,      3.4953,      0.1715,      0.1376,      8.5118,      0.2232,      5.5329,     11.0658,      1.9726,     28.3851,     56.7701,      0.0191,      0.0005,      0.2293,      0.2032,   7653.9912,-424385.4062,   -913.5980,    545.8680,  25513.3047,
       1,     167,     275,      14,       1,       3,       1,     10.0000,      1.3920,     42.4742,    246.3541,     61.9980,      3.4953,      0.1804,      0.1460,     10.0346,      0.2386,      5.5329,     11.0658,      2.1082,     28.3851,     56.7701,      0.0191,      0.0005,      0.2423,      0.2032,   7653.9917,-428414.9688,   -915.4994,    545.5931,  25513.3027,
       1,     167,     275,      15,       1,       3,       1,     10.0000,      1.3920,     42.4742,    246.3541,     61.9980,      3.4953,      0.1716,      0.1369,     22.5501,      0.2481,      5.5329,     11.0658,      2.1920,     28.3851,     56.7701,      0.0191,      0.0012,      0.2279,      0.2032,   7653.9912,-430662.9688,   -917.3950,    545.4399,  25513.3027,
       1,     167,     275,      16,       1,       3,       1,     10.0000,      1.3920,     42.4742,    246.3541,     61.9980,      3.4953,      0.1722,      0.1379,     66.3699,      0.2351,      5.5329,     11.0658,      2.0776,     28.3851,     56.7701,      0.0191,      0.0037,      0.2236,      0.2032,   7653.9912,-446502.3125,   -921.3968,    544.3600,  25513.3047,
       1,     167,     275,      17,       1,       3,       1,     10.0000,      1.3920,     42.4742,    246.3541,     61.9980,      3.4953,      0.1783,      0.1454,     86.3111,      0.1864,      5.5329,     11.0658,      1.6470,     28.3851,     56.7701,      0.0191,      0.0046,      0.2300,      0.2032,   7653.9917,-502655.0938,   -933.0482,    540.5402,  25513.3027,
       1,     167,     275,      18,       1,       3,       1,     10.0000,      1.3920,     42.4742,    246.3541,     61.9980,      3.4953,      0.1207,      0.0874,     77.8622,      0.1964,      5.5329,     11.0658,      1.7358,     28.3851,     56.7701,      0.0191,      0.0066,      0.1462,      0.2032,   7653.9912,-532434.2500,   -940.0872,    538.5414,  25513.3027,
       1,     167,     275,      19,       1,       3,       1,     10.0000,      1.3920,     42.4742,    246.3541,     61.9980,      3.4953,      0.0275,     -0.0055,      9.6537,      0.1879,      5.5329,     11.0658,      1.6602,     28.3851,     56.7701,      0.0191,      0.0070,      0.0170,      0.2031,   7653.9912,-524380.4375,   -939.7694,    539.0872,  25513.3027,
       1,     167,     275,      20,       1,       3,       1,     10.0000,      1.3920,     42.4742,    246.3541,     61.9980,      3.4953,      0.0028,     -0.0297,      9.7431,      0.1716,      5.5329,     11.0658,      1.5165,     28.3851,     56.7701,      0.0191,      0.0077,      0.0156,      0.2031,   7653.9912,-438291.4375,   -924.4238,    544.8887,  25513.3027,
       1,     167,     275,      21,       1,       3,       1,     10.0000,      1.3920,     42.4742,    246.3541,     61.9980,      3.4953,      0.0000,     -0.0320,      8.4828,      0.1578,      5.5329,     11.0658,      1.3943,     28.3851,     56.7701,      0.0191,      0.0067,      0.0156,      0.2032,   7653.9912,-431179.4062,   -923.6502,    545.4044,  25513.3027,
       1,     167,     275,      22,       1,       3,       1,     10.0000,      1.3920,     42.4742,    246.3541,     61.9980,      3.4953,      0.0000,     -0.0318,      6.0946,      0.1533,      5.5329,     11.0658,      1.3543,     28.3851,     56.7701,      0.0191,      0.0048,      0.0156,      0.2032,   7653.9912,-428958.7812,   -923.6506,    545.5561,  25513.3047,
       1,     167,     275,      23,       1,       3,       1,     10.0000,      1.3920,     42.4742,    246.3541,     61.9980,      3.4953,      0.0000,     -0.0316,      6.3057,      0.1475,      5.5329,     11.0658,      1.3035,     28.3851,     56.7701,      0.0191,      0.0050,      0.0156,      0.2032,   7653.9917,-425783.0938,   -923.3091,    545.7726,  25513.3027,
       1,     167,     275,      24,       1,       3,       1,     10.0000,      1.3920,     42.4742,    246.3541,     61.9980,      3.4953,      0.0000,     -0.0314,      6.3820,      0.1418,      5.5329,     11.0658,      1.2533,     28.3851,     56.7701,      0.0191,      0.0051,      0.0156,      0.2032,   7653.9912,-425776.4375,   -923.5218,    545.7731,  25513.3027,
       1,     167,     276,       1,       1,       3,       1,     10.0000,      1.3920,     42.4745,    246.3599,     61.9996,      3.4953,      0.0000,     -0.0313,      5.5649,      0.1382,      5.5346,     11.0692,      1.2208,     28.3771,     56.7542,      0.0191,      0.0044,      0.0156,      0.2033,   7653.9912,-426026.3438,   -924.0196,    545.7691,  25514.4492,
       1,     167,     276,       2,       1,       3,       1,     10.0000,      1.3920,     42.4745,    246.3599,     61.9996,      3.4953,      0.0000,     -0.0311,      3.9646,      0.1325,      5.5346,     11.0692,      1.1711,     28.3771,     56.7542,      0.0191,      0.0031,      0.0156,      0.2033,   7654.3350,-424873.0938,   -923.7301,    545.8478,  25514.4492,
       1,     167,     276,       3,       1,       3,       1,     10.0000,      1.3920,     42.4745,    246.3599,     61.9996,      3.4953,      0.0000,     -0.0311,      3.3290,      0.1325,      5.5346,     11.0692,      1.1711,     28.3771,     56.7542,      0.0191,      0.0026,      0.0156,      0.2033,   7654.3350,-422774.2188,   -923.4178,    545.9910,  25514.4492,
       1,     167,     276,       4,       1,       3,       1,     10.0000,      1.3920,     42.4745,    246.3599,     61.9996,      3.4953,      0.0000,     -0.0311,      2.5028,      0.1327,      5.5346,     11.0692,      1.1723,     28.3771,     56.7542,      0.0191,      0.0020,      0.0156,      0.2033,   7654.3350,-421800.6562,   -923.3063,    546.0574,  25514.4512,
       1,     167,     276,       5,       1,       3,       1,     10.0000,      1.3920,     42.4745,    246.3599,     61.9996,      3.4953,      0.0000,     -0.0310,      1.8479,      0.1315,      5.5346,     11.0692,      1.1616,     28.3771,     56.7542,      0.0191,      0.0015,      0.0156,      0.2033,   7654.3354,-420684.8125,   -923.1638,    546.1337,  25514.4512,
       1,     167,     276,       6,       1,       3,       1,     10.0000,      1.3920,     42.4745,    246.3599,     61.9996,      3.4953,      0.0000,     -0.0309,      1.0092,      0.1286,      5.5346,     11.0692,      1.1360,     28.3771,     56.7542,      0.0191,      0.0008,      0.0156,      0.2033,   7654.3354,-419770.9062,   -923.0464,    546.1960,  25514.4492,
       1,     167,     276,       7,       1,       3,       1,     10.0000,      1.3920,     42.4745,    246.3599,     61.9996,      3.4953,      0.0000,     -0.0309,      0.5816,      0.1275,      5.5346,     11.0692,      1.1268,     28.3771,     56.7542,      0.0191,      0.0005,      0.0156,      0.2033,   7654.3350,-418644.8438,   -922.8629,    546.2729,  25514.4512,
       1,     167,     276,       8,       1,       3,       1,     10.0000,      1.3920,     42.4745,    246.3599,     61.9996,      3.4953,      0.0041,     -0.0268,      0.5578,      0.1295,      5.5346,     11.0692,      1.1441,     28.3771,     56.7542,      0.0191,      0.0004,      0.0156,      0.2033,   7654.3354,-418014.0938,   -922.7556,    546.3160,  25514.4492,
       1,     167,     276,       9,       1,       3,       1,     10.0000,      1.3920,     42.4745,    246.3599,     61.9996,      3.4953,      0.0180,     -0.0136,      0.3036,      0.1489,      5.5346,     11.0692,      1.3154,     28.3771,     56.7542,      0.0191,      0.0007,      0.0058,      0.2033,   7654.3350,-417930.6562,   -922.7532,    546.3217,  25514.4512,
       1,     167,     276,      10,       1,       3,       1,     10.0000,      1.3920,     42.4745,    246.3599,     61.9996,      3.4953,      0.0038,     -0.0291,      0.7399,      0.1844,      5.5346,     11.0692,      1.6292,     28.3771,     56.7542,      0.0191,      0.0006,      0.0156,      0.2033,   7654.3354,-417605.6250,   -922.7183,    546.3439,  25514.4492,
       1,     167,     276,      11,       1,       3,       1,     10.0000,      1.3920,     42.4745,    246.3599,     61.9996,      3.4953,      0.0189,     -0.0146,      0.1861,      0.2070,      5.5346,     11.0692,      1.8290,     28.3771,     56.7542,      0.0191,      0.0005,      0.0047,      0.2033,   7654.3350,-418123.4375,   -922.8292,    546.3085,  25514.4492,
       1,     167,     276,      12,       1,       3,       1,     10.0000,      1.3920,     42.4745,    246.3599,     61.9996,      3.4953,      0.1125,      0.0782,      6.7482,      0.2349,      5.5346,     11.0692,      2.0756,     28.3771,     56.7542,      0.0191,      0.0006,      0.1420,      0.2033,   7654.3350,-417475.4062,   -922.7247,    546.3528,  25514.4492,
       1,     167,     276,      13,       1,       3,       1,     10.0000,      1.3920,     42.4745,    246.3599,     61.9996,      3.4953,      0.1555,      0.1207,     13.4266,      0.2539,      5.5346,     11.0692,      2.2438,     28.3771,     56.7542,      0.0191,      0.0008,      0.2050,      0.2033,   7654.3350,-425621.9688,   -924.3942,    545.7964,  25514.4492,
       1,     167,     276,      14,       1,       3,       1,     10.0000,      1.3920,     42.4745,    246.3599,     61.9996,      3.4953,      0.1506,      0.1155,     24.4055,      0.2658,      5.5346,     11.0692,      2.3485,     28.3771,     56.7542,      0.0191,      0.0015,      0.1964,      0.2033,   7654.3350,-434666.3125,   -926.3619,    545.1797,  25514.4492,
       1,     167,     276,      15,       1,       3,       1,     10.0000,      1.3920,     42.4745,    246.3599,     61.9996,      3.4953,      0.1454,      0.1101,     60.7580,      0.2749,      5.5346,     11.0692,      2.4293,     28.3771,     56.7542,      0.0191,      0.0041,      0.1846,      0.2033,   7654.3350,-449164.1875,   -929.4058,    544.1920,  25514.4492,
       1,     167,     276,      16,       1,       3,       1,     10.0000,      1.3920,     42.4745,    246.3599,     61.9996,      3.4953,      0.1342,      0.0989,     81.1387,      0.2744,      5.5346,     11.0692,      2.4246,     28.3771,     56.7542,      0.0191,      0.0061,      0.1654,      0.2032,   7654.3350,-495859.5000,   -938.7441,    541.0165,  25514.4492,
       1,     167,     276,      17,       1,       3,       1,     10.0000,      1.3920,     42.4745,    246.3599,     61.9996,      3.4953,      0.1088,      0.0736,     87.5910,      0.2694,      5.5346,     11.0692,      2.3805,     28.3771,     56.7542,      0.0191,      0.0085,      0.1268,      0.2032,   7654.3350,-525364.8750,   -944.9655,    539.0304,  25514.4492,
       1,     167,     276,      18,       1,       3,       1,     10.0000,      1.3920,     42.4745,    246.3599,     61.9996,      3.4953,      0.1190,      0.0841,    109.3341,      0.2582,      5.5346,     11.0692,      2.2812,     28.3771,     56.7542,      0.0191,      0.0097,      0.1396,      0.2032,   7654.3350,-535950.7500,   -947.6431,    538.3208,  25514.4492,
       1,     167,     276,      19,       1,       3,       1,     10.0000,      1.3920,     42.4745,    246.3599,     61.9996,      3.4953,      0.0418,      0.0078,     26.6619,      0.2232,      5.5346,     11.0692,      1.9727,     28.3771,     56.7542,      0.0191,      0.0094,      0.0350,      0.2031,   7654.3350,-564072.5625,   -953.7608,    536.4288,  25514.4473,
       1,     167,     276,      20,       1,       3,       1,     10.0000,      1.3920,     42.4745,    246.3599,     61.9996,      3.4953,      0.0039,     -0.0291,     11.8223,      0.1905,      5.5346,     11.0692,      1.6834,     28.3771,     56.7542,      0.0191,      0.0094,      0.0156,      0.2031,   7654.3345,-462906.1875,   -934.7456,    543.2158,  25514.4473,
       1,     167,     276,      21,       1,       3,       1,     10.0000,      1.3920,     42.4745,    246.3599,     61.9996,      3.4953,      0.0000,     -0.0326,     11.3738,      0.1768,      5.5346,     11.0692,      1.5626,     28.3771,     56.7542,      0.0191,      0.0090,      0.0156,      0.2032,   7654.3345,-435886.2500,   -929.6931,    545.0936,  25514.4453,
       1,     167,     276,      22,       1,       3,       1,     10.0000,      1.3920,     42.4745,    246.3599,     61.9996,      3.4953,      0.0000,     -0.0322,     10.8891,      0.1644,      5.5346,     11.0692,      1.4528,     28.3771,     56.7542,      0.0191,      0.0086,      0.0156,      0.2033,   7654.3340,-432980.0000,   -929.2111,    545.2949,  25514.4473,
       1,     167,     276,      23,       1,       3,       1,     10.0000,      1.3920,     42.4745,    246.3599,     61.9996,      3.4953,      0.0000,     -0.0318,     10.3001,      0.1537,      5.5346,     11.0692,      1.3585,     28.3771,     56.7542,      0.0191,      0.0082,      0.0156,      0.2033,   7654.3345,-432122.0312,   -929.0988,    545.3534,  25514.4473,
       1,     167,     276,      24,       1,       3,       1,     10.0000,      1.3920,     42.4745,    246.3599,     61.9996,      3.4953,      0.0000,     -0.0320,      8.7011,      0.1581,      5.5346,     11.0692,      1.3972,     28.3771,     56.7542,      0.0191,      0.0069,      0.0156,      0.2033,   7654.3345,-431312.5625,   -928.9821,    545.4086,  25514.4473,
       1,     167,     277,       1,       1,       3,       1,     10.0000,      1.3921,     42.4749,    246.3657,     62.0010,      3.4953,      0.0000,     -0.0320,      5.3319,      0.1583,      5.5346,     11.0692,      1.3986,     28.3624,     56.7248,      0.0191,      0.0042,      0.0156,      0.2033,   7654.3345,-429399.1562,   -928.9178,    545.5521,  25515.5918,
       1,     167,     277,       2,       1,       3,       1,     10.0000,      1.3921,     42.4749,    246.3657,     62.0010,      3.4953,      0.0000,     -0.0319,      3.6880,      0.1545,      5.5346,     11.0692,      1.3653,     28.3624,     56.7248,      0.0191,      0.0029,      0.0156,      0.2033,   7654.6777,-424871.7188,   -927.7836,    545.8609,  25515.5938,
       1,     167,     277,       3,       1,       3,       1,     10.0000,      1.3921,     42.4749,    246.3657,     62.0010,      3.4953,      0.0000,     -0.0317,      2.8087,      0.1495,      5.5346,     11.0692,      1.3208,     28.3624,     56.7248,      0.0191,      0.0022,      0.0156,      0.2033,   7654.6782,-422430.7812,   -927.3173,    546.0275,  25515.5918,
       1,     167,     277,       4,       1,       3,       1,     10.0000,      1.3921,     42.4749,    246.3657,     62.0010,      3.4953,      0.0000,     -0.0314,      1.3528,      0.1413,      5.5346,     11.0692,      1.2483,     28.3624,     56.7248,      0.0191,      0.0011,      0.0156,      0.2033,   7654.6777,-421123.7500,   -927.0716,    546.1168,  25515.5918,
       1,     167,     277,       5,       1,       3,       1,     10.0000,      1.3921,     42.4749,    246.3657,     62.0010,      3.4953,      0.0000,     -0.0314,      1.9500,      0.1411,      5.5346,     11.0692,      1.2470,     28.3624,     56.7248,      0.0191,      0.0015,      0.0156,      0.2033,   7654.6777,-419192.5938,   -926.7039,    546.2486,  25515.5918,
       1,     167,     277,       6,       1,       3,       1,     10.0000,      1.3921,     42.4749,    246.3657,     62.0010,      3.4953,      0.0000,     -0.0314,      1.8949,      0.1404,      5.5346,     11.0692,      1.2407,     28.3624,     56.7248,      0.0191,      0.0015,      0.0156,      0.2033,   7654.6777,-419774.3125,   -926.8195,    546.2089,  25515.5918,
       1,     167,     277,       7,       1,       3,       1,     10.0000,      1.3921,     42.4749,    246.3657,     62.0010,      3.4953,      0.0000,     -0.0313,      1.3542,      0.1393,      5.5346,     11.0692,      1.2307,     28.3624,     56.7248,      0.0191,      0.0011,      0.0156,      0.2033,   7654.6777,-419754.9688,   -926.8170,    546.2101,  25515.5918,
       1,     167,     277,       8,       1,       3,       1,     10.0000,      1.3921,     42.4749,    246.3657,     62.0010,      3.4953,      0.0104,     -0.0209,      1.0980,      0.1393,      5.5346,     11.0692,      1.2307,     28.3624,     56.7248,      0.0191,      0.0009,      0.0156,      0.2033,   7654.6777,-419077.6250,   -926.6886,    546.2564,  25515.5918,
       1,     167,     277,       9,       1,       3,       1,     10.0000,      1.3921,     42.4749,    246.3657,     62.0010,      3.4953,      0.0139,     -0.0177,      0.8473,      0.1474,      5.5346,     11.0692,      1.3023,     28.3624,     56.7248,      0.0191,      0.0007,      0.0156,      0.2033,   7654.6777,-418699.6562,   -926.6158,    546.2823,  25515.5938,
       1,     167,     277,      10,       1,       3,       1,     10.0000,      1.3921,     42.4749,    246.3657,     62.0010,      3.4953,      0.0251,     -0.0078,      1.0662,      0.1844,      5.5346,     11.0692,      1.6292,     28.3624,     56.7248,      0.0191,      0.0009,      0.0145,      0.2033,   7654.6782,-418353.7812,   -926.5481,    546.3058,  25515.5898,
       1,     167,     277,      11,       1,       3,       1,     10.0000,      1.3921,     42.4749,    246.3657,     62.0010,      3.4953,      0.0680,      0.0347,      4.1090,      0.1974,      5.5346,     11.0692,      1.7444,     28.3624,     56.7248,      0.0191,      0.0007,      0.0770,      0.2033,   7654.6772,-418598.4062,   -926.5933,    546.2892,  25515.5938,
       1,     167,     277,      12,       1,       3,       1,     10.0000,      1.3921,     42.4749,    246.3657,     62.0010,      3.4953,      0.1414,      0.1079,      6.3589,      0.2088,      5.5346,     11.0692,      1.8453,     28.3624,     56.7248,      0.0191,      0.0004,      0.1850,      0.2033,   7654.6782,-422421.4688,   -927.3375,    546.0281,  25515.5918,
       1,     167,     277,      13,       1,       3,       1,     10.0000,      1.3921,     42.4749,    246.3657,     62.0010,      3.4953,      0.1660,      0.1317,      8.6044,      0.2326,      5.5346,     11.0692,      2.0555,     28.3624,     56.7248,      0.0191,      0.0005,      0.2211,      0.2033,   7654.6777,-425560.1562,   -927.9374,    545.8140,  25515.5918,
       1,     167,     277,      14,       1,       3,       1,     10.0000,      1.3921,     42.4749,    246.3657,     62.0010,      3.4953,      0.1813,      0.1473,     13.9827,      0.2259,      5.5346,     11.0692,      1.9961,     28.3624,     56.7248,      0.0191,      0.0007,      0.2432,      0.2033,   7654.6777,-428634.6250,   -928.5131,    545.6042,  25515.5918,
       1,     167,     277,      15,       1,       3,       1,     10.0000,      1.3921,     42.4749,    246.3657,     62.0010,      3.4953,      0.1850,      0.1509,     64.7034,      0.2283,      5.5346,     11.0692,      2.0177,     28.3624,     56.7248,      0.0191,      0.0033,      0.2428,      0.2033,   7654.6777,-435619.4375,   -929.8599,    545.1279,  25515.5918,
       1,     167,     277,      16,       1,       3,       1,     10.0000,      1.3921,     42.4749,    246.3657,     62.0010,      3.4953,      0.1616,      0.1281,     71.3797,      0.2068,      5.5346,     11.0692,      1.8272,     28.3624,     56.7248,      0.0191,      0.0043,      0.2072,      0.2033,   7654.6777,-499619.8125,   -942.4376,    540.7670,  25515.5918,
       1,     167,     277,      17,       1,       3,       1,     10.0000,      1.3921,     42.4749,    246.3657,     62.0010,      3.4953,      0.1587,      0.1256,     72.4014,      0.1936,      5.5346,     11.0692,      1.7103,     28.3624,     56.7248,      0.0191,      0.0044,      0.2028,      0.2032,   7654.6777,-513475.7812,   -945.4032,    539.8478,  25515.5898,
       1,     167,     277,      18,       1,       3,       1,     10.0000,      1.3921,     42.4749,    246.3657,     62.0010,      3.4953,      0.0667,      0.0339,     29.7344,      0.1826,      5.5346,     11.0692,      1.6131,     28.3624,     56.7248,      0.0191,      0.0051,      0.0725,      0.2032,   7654.6772,-515913.0625,   -946.1719,    539.6841,  25515.5918,
       1,     167,     277,      19,       1,       3,       1,     10.0000,      1.3921,     42.4749,    246.3657,     62.0010,      3.4953,      0.0312,     -0.0010,      8.3458,      0.1626,      5.5346,     11.0692,      1.4370,     28.3624,     56.7248,      0.0191,      0.0044,      0.0234,      0.2032,   7654.6777,-462717.2812,   -936.5908,    543.2728,  25515.5938,
       1,     167,     277,      20,       1,       3,       1,     10.0000,      1.3921,     42.4749,    246.3657,     62.0010,      3.4953,      0.0023,     -0.0301,      6.1464,      0.1686,      5.5346,     11.0692,      1.4896,     28.3624,     56.7248,      0.0191,      0.0049,      0.0156,      0.2033,   7654.6782,-431484.4375,   -930.5955,    545.4058,  25515.5898,
       1,     167,     277,      21,       1,       3,       1,     10.0000,      1.3921,     42.4749,    246.3657,     62.0010,      3.4953,      0.0000,     -0.0324,      5.3625,      0.1711,      5.5346,     11.0692,      1.5121,     28.3624,     56.7248,      0.0191,      0.0043,      0.0156,      0.2033,   7654.6772,-426072.8438,   -929.5579,    545.7789,  25515.5918,
       1,     167,     277,      22,       1,       3,       1,     10.0000,      1.3921,     42.4749,    246.3657,     62.0010,      3.4953,      0.0000,     -0.0322,      4.1469,      0.1641,      5.5346,     11.0692,      1.4500,     28.3624,     56.7248,      0.0191,      0.0033,      0.0156,      0.2033,   7654.6777,-424626.4688,   -929.2795,    545.8777,  25515.5918,
       1,     167,     277,      23,       1,       3,       1,     10.0000,      1.3921,     42.4749,    246.3657,     62.0010,      3.4953,      0.0000,     -0.0321,      3.3416,      0.1628,      5.5346,     11.0692,      1.4384,     28.3624,     56.7248,      0.0191,      0.0027,      0.0156,      0.2033,   7654.6777,-422983.4375,   -928.9620,    545.9898,  25515.5918,
       1,     167,     277,      24,       1,       3,       1,     10.0000,      1.3921,     42.4749,    246.3657,     62.0010,      3.4953,      0.0000,     -0.0322,      1.7758,      0.1634,      5.5346,     11.0692,      1.4442,     28.3624,     56.7248,      0.0191,      0.0014,      0.0156,      0.2033,   7654.6777,-421836.9062,   -928.7379,    546.0681,  25515.5938,
       1,     167,     278,       1,       1,       3,       1,     10.0000,      1.3921,     42.4752,    246.3715,     62.0025,      3.4953,      0.0000,     -0.0323,      2.8954,      0.1662,      5.5345,     11.0691,      1.4690,     28.3528,     56.7056,      0.0191,      0.0023,      0.0156,      0.2033,   7654.6782,-419937.5625,   -928.6482,    546.2106,  25516.7363,
       1,     167,     278,       2,       1,       3,       1,     10.0000,      1.3921,     42.4752,    246.3715,     62.0025,      3.4953,      0.0000,     -0.0321,      3.2242,      0.1629,      5.5345,     11.0691,      1.4399,     28.3528,     56.7056,      0.0191,      0.0026,      0.0156,      0.2033,   7655.0210,-421021.9688,   -928.5812,    546.1367,  25516.7363,
       1,     167,     278,       3,       1,       3,       1,     10.0000,      1.3921,     42.4752,    246.3715,     62.0025,      3.4953,      0.0000,     -0.0321,      2.4475,      0.1626,      5.5345,     11.0691,      1.4370,     28.3528,     56.7056,      0.0191,      0.0019,      0.0156,      0.2033,   7655.0210,-421525.3125,   -928.6739,    546.1022,  25516.7383,
       1,     167,     278,       4,       1,       3,       1,     10.0000,      1.3921,     42.4752,    246.3715,     62.0025,      3.4953,      0.0000,     -0.0321,      2.8329,      0.1628,      5.5345,     11.0691,      1.4384,     28.3528,     56.7056,      0.0191,      0.0022,      0.0156,      0.2033,   7655.0220,-420597.4062,   -928.4899,    546.1656,  25516.7363,
       1,     167,     278,       5,       1,       3,       1,     10.0000,      1.3921,     42.4752,    246.3715,     62.0025,      3.4953,      0.0000,     -0.0321,      2.5621,      0.1604,      5.5345,     11.0691,      1.4170,     28.3528,     56.7056,      0.0191,      0.0020,      0.0156,      0.2033,   7655.0210,-421000.0312,   -928.5634,    546.1381,  25516.7363,
       1,     167,     278,       6,       1,       3,       1,     10.0000,      1.3921,     42.4752,    246.3715,     62.0025,      3.4953,      0.0000,     -0.0320,      2.5465,      0.1576,      5.5345,     11.0691,      1.3930,     28.3528,     56.7056,      0.0191,      0.0020,      0.0156,      0.2033,   7655.0210,-420696.0938,   -928.5001,    546.1589,  25516.7344,
       1,     167,     278,       7,       1,       3,       1,     10.0000,      1.3921,     42.4752,    246.3715,     62.0025,      3.4953,      0.0000,     -0.0318,      2.2685,      0.1536,      5.5345,     11.0691,      1.3572,     28.3528,     56.7056,      0.0191,      0.0018,      0.0156,      0.2033,   7655.0205,-420650.9062,   -928.4865,    546.1620,  25516.7363,
       1,     167,     278,       8,       1,       3,       1,     10.0000,      1.3921,     42.4752,    246.3715,     62.0025,      3.4953,      0.0097,     -0.0221,      2.1670,      0.1528,      5.5345,     11.0691,      1.3504,     28.3528,     56.7056,      0.0191,      0.0017,      0.0156,      0.2033,   7655.0210,-420299.2500,   -928.4151,    546.1859,  25516.7363,
       1,     167,     278,       9,       1,       3,       1,     10.0000,      1.3921,     42.4752,    246.3715,     62.0025,      3.4953,      0.0535,      0.0213,      8.1748,      0.1638,      5.5345,     11.0691,      1.4471,     28.3528,     56.7056,      0.0191,      0.0018,      0.0561,      0.2033,   7655.0210,-420142.5625,   -928.3790,    546.1967,  25516.7363,
       1,     167,     278,      10,       1,       3,       1,     10.0000,      1.3921,     42.4752,    246.3715,     62.0025,      3.4953,      0.1147,      0.0820,     21.2057,      0.1815,      5.5345,     11.0691,      1.6036,     28.3528,     56.7056,      0.0191,      0.0018,      0.1440,      0.2033,   7655.0210,-427636.7812,   -929.8487,    545.6849,  25516.7363,
       1,     167,     278,      11,       1,       3,       1,     10.0000,      1.3921,     42.4752,    246.3715,     62.0025,      3.4953,      0.1488,      0.1152,     28.2234,      0.2097,      5.5345,     11.0691,      1.8526,     28.3528,     56.7056,      0.0191,      0.0018,      0.1933,      0.2033,   7655.0210,-444562.5312,   -933.2016,    544.5307,  25516.7383,
       1,     167,     278,      12,       1,       3,       1,     10.0000,      1.3921,     42.4752,    246.3715,     62.0025,      3.4953,      0.1865,      0.1526,     33.4253,      0.2222,      5.5345,     11.0691,      1.9631,     28.3528,     56.7056,      0.0191,      0.0017,      0.2486,      0.2033,   7655.0220,-454781.1875,   -935.2747,    543.8364,  25516.7344,
       1,     167,     278,      13,       1,       3,       1,     10.0000,      1.3921,     42.4752,    246.3715,     62.0025,      3.4953,      0.1751,      0.1408,     31.0688,      0.2333,      5.5345,     11.0691,      2.0616,     28.3528,     56.7056,      0.0191,      0.0017,      0.2320,      0.2033,   7655.0205,-462155.6250,   -936.7806,    543.3355,  25516.7363,
       1,     167,     278,      14,       1,       3,       1,     10.0000,      1.3921,     42.4752,    246.3715,     62.0025,      3.4953,      0.1487,      0.1142,     31.1684,      0.2433,      5.5345,     11.0691,      2.1499,     28.3528,     56.7056,      0.0191,      0.0020,      0.1928,      0.2033,   7655.0210,-459836.9688,   -936.3963,    543.4933,  25516.7344,
       1,     167,     278,      15,       1,       3,       1,     10.0000,      1.3921,     42.4752,    246.3715,     62.0025,      3.4953,      0.1521,      0.1179,     41.8244,      0.2308,      5.5345,     11.0691,      2.0395,     28.3528,     56.7056,      0.0191,      0.0026,      0.1967,      0.2033,   7655.0205,-459763.9375,   -936.4731,    543.4982,  25516.7344,
       1,     167,     278,      16,       1,       3,       1,     10.0000,      1.3921,     42.4752,    246.3715,     62.0025,      3.4953,      0.1444,      0.1103,     70.3245,      0.2281,      5.5345,     11.0691,      2.0157,     28.3528,     56.7056,      0.0191,      0.0048,      0.1820,      0.2033,   7655.0205,-473081.5938,   -939.2020,    542.5934,  25516.7324,
       1,     167,     278,      17,       1,       3,       1,     10.0000,      1.3921,     42.4752,    246.3715,     62.0025,      3.4953,      0.1518,      0.1177,     93.3630,      0.2250,      5.5345,     11.0691,      1.9883,     28.3528,     56.7056,      0.0191,      0.0061,      0.1902,      0.2033,   7655.0200,-509860.1562,   -946.6353,    540.0997,  25516.7344,
       1,     167,     278,      18,       1,       3,       1,     10.0000,      1.3921,     42.4752,    246.3715,     62.0025,      3.4953,      0.1097,      0.0760,     68.5866,      0.2121,      5.5345,     11.0691,      1.8746,     28.3528,     56.7056,      0.0191,      0.0065,      0.1309,      0.2032,   7655.0205,-541833.1250,   -953.2431,    537.9469,  25516.7344,
       1,     167,     278,      19,       1,       3,       1,     10.0000,      1.3921,     42.4752,    246.3715,     62.0025,      3.4953,      0.0385,      0.0052,     16.7675,      0.1978,      5.5345,     11.0691,      1.7479,     28.3528,     56.7056,      0.0191,      0.0065,      0.0320,      0.2032,   7655.0205,-513536.8125,   -947.9509,    539.8539,  25516.7324,
       1,     167,     278,      20,       1,       3,       1,     10.0000,      1.3921,     42.4752,    246.3715,     62.0025,      3.4953,      0.0015,     -0.0314,      7.4676,      0.1875,      5.5345,     11.0691,      1.6570,     28.3528,     56.7056,      0.0191,      0.0059,      0.0156,      0.2032,   7655.0200,-446292.9375,   -934.7287,    544.3951,  25516.7344,
       1,     167,     278,      21,       1,       3,       1,     10.0000,      1.3921,     42.4752,    246.3715,     62.0025,      3.4953,      0.0000,     -0.0328,      6.6238,      0.1829,      5.5345,     11.0691,      1.6164,     28.3528,     56.7056,      0.0191,      0.0053,      0.0156,      0.2033,   7655.0205,-429004.5000,   -931.2520,    545.5906,  25516.7324,
       1,     167,     278,      22,       1,       3,       1,     10.0000,      1.3921,     42.4752,    246.3715,     62.0025,      3.4953,      0.0000,     -0.0326,      6.6358,      0.1767,      5.5345,     11.0691,      1.5611,     28.3528,     56.7056,      0.0191,      0.0053,      0.0156,      0.2033,   7655.0200,-426456.6875,   -930.6820,    545.7657,  25516.7344,
       1,     167,     278,      23,       1,       3,       1,     10.0000,      1.3921,     42.4752,    246.3715,     62.0025,      3.4953,      0.0000,     -0.0325,      5.7234,      0.1725,      5.5345,     11.0691,      1.5242,     28.3528,     56.7056,      0.0191,      0.0045,      0.0156,      0.2033,   7655.0205,-426252.6250,   -930.5759,    545.7797,  25516.7344,
       1,     167,     278,      24,       1,       3,       1,     10.0000,      1.3921,     42.4752,    246.3715,     62.0025,      3.4953,      0.0000,     -0.0325,      5.0147,      0.1735,      5.5345,     11.0691,      1.5334,     28.3528,     56.7056,      0.0191,      0.0040,      0.0156,      0.2033,   7655.0205,-425094.9688,   -930.2943,    545.8586,  25516.7344,
       1,     167,     279,       1,       1,       3,       1,     10.0000,      1.3921,     42.4755,    246.3773,     62.0040,      3.4953,      0.0000,     -0.0322,      4.1837,      0.1636,      5.5342,     11.0684,      1.4457,     28.3485,     56.6969,      0.0191,      0.0033,      0.0156,      0.2033,   7655.0205,-424265.6875,   -930.3718,    545.9282,  25517.8770,
       1,     167,     279,       2,       1,       3,       1,     10.0000,      1.3921,     42.4755,    246.3773,     62.0040,      3.4953,      0.0000,     -0.0321,      3.6804,      0.1607,      5.5342,     11.0684,      1.4199,     28.3485,     56.6969,      0.0191,      0.0029,      0.0156,      0.2033,   7655.3633,-423003.7812,   -930.2902,    546.0143,  25517.8789,
       1,     167,     279,       3,       1,       3,       1,     10.0000,      1.3921,     42.4755,    246.3773,     62.0040,      3.4953,      0.0000,     -0.0321,      2.8653,      0.1604,      5.5342,     11.0684,      1.4170,     28.3485,     56.6969,      0.0191,      0.0023,      0.0156,      0.2033,   7655.3638,-422267.0938,   -930.1104,    546.0646,  25517.8789,
       1,     167,     279,       4,       1,       3,       1,     10.0000,      1.3921,     42.4755,    246.3773,     62.0040,      3.4953,      0.0000,     -0.0317,      2.3312,      0.1501,      5.5342,     11.0684,      1.3262,     28.3485,     56.6969,      0.0191,      0.0018,      0.0156,      0.2033,   7655.3638,-421185.9062,   -929.8791,    546.1384,  25517.8809,
       1,     167,     279,       5,       1,       3,       1,     10.0000,      1.3921,     42.4755,    246.3773,     62.0040,      3.4953,      0.0000,     -0.0316,      2.3668,      0.1472,      5.5342,     11.0684,      1.3010,     28.3485,     56.6969,      0.0191,      0.0019,      0.0156,      0.2033,   7655.3647,-420425.8438,   -929.7119,    546.1902,  25517.8789,
       1,     167,     279,       6,       1,       3,       1,     10.0000,      1.3921,     42.4755,    246.3773,     62.0040,      3.4953,      0.0000,     -0.0317,      1.9123,      0.1495,      5.5342,     11.0684,      1.3208,     28.3485,     56.6969,      0.0191,      0.0015,      0.0156,      0.2033,   7655.3638,-420405.9062,   -929.6932,    546.1917,  25517.8789,
       1,     167,     279,       7,       1,       3,       1,     10.0000,      1.3921,     42.4755,    246.3773,     62.0040,      3.4953,      0.0000,     -0.0314,      1.2506,      0.1428,      5.5342,     11.0684,      1.2623,     28.3485,     56.6969,      0.0191,      0.0010,      0.0156,      0.2033,   7655.3638,-419836.3125,   -929.5682,    546.2305,  25517.8809,
       1,     167,     279,       8,       1,       3,       1,     10.0000,      1.3921,     42.4755,    246.3773,     62.0040,      3.4953,      0.0067,     -0.0248,      1.3587,      0.1455,      5.5342,     11.0684,      1.2854,     28.3485,     56.6969,      0.0191,      0.0011,      0.0156,      0.2033,   7655.3647,-418960.5312,   -929.3918,    546.2903,  25517.8789,
       1,     167,     279,       9,       1,       3,       1,     10.0000,      1.3921,     42.4755,    246.3773,     62.0040,      3.4953,      0.0233,     -0.0087,      1.3514,      0.1588,      5.5342,     11.0684,      1.4029,     28.3485,     56.6969,      0.0191,      0.0013,      0.0128,      0.2033,   7655.3638,-419021.2188,   -929.3965,    546.2862,  25517.8789,
       1,     167,     279,      10,       1,       3,       1,     10.0000,      1.3921,     42.4755,    246.3773,     62.0040,      3.4953,      0.0273,     -0.0051,      2.2099,      0.1734,      5.5342,     11.0684,      1.5319,     28.3485,     56.6969,      0.0191,      0.0015,      0.0181,      0.2033,   7655.3638,-419017.3125,   -929.3768,    546.2864,  25517.8789,
       1,     167,     279,      11,       1,       3,       1,     10.0000,      1.3921,     42.4755,    246.3773,     62.0040,      3.4953,      0.0529,      0.0198,      6.6414,      0.1915,      5.5342,     11.0684,      1.6919,     28.3485,     56.6969,      0.0191,      0.0015,      0.0546,      0.2033,   7655.3638,-420089.6250,   -929.5685,    546.2133,  25517.8789,
       1,     167,     279,      12,       1,       3,       1,     10.0000,      1.3921,     42.4755,    246.3773,     62.0040,      3.4953,      0.0935,      0.0595,      9.1713,      0.2228,      5.5342,     11.0684,      1.9690,     28.3485,     56.6969,      0.0191,      0.0010,      0.1136,      0.2033,   7655.3638,-425718.2188,   -930.6694,    545.8289,  25517.8789,
       1,     167,     279,      13,       1,       3,       1,     10.0000,      1.3921,     42.4755,    246.3773,     62.0040,      3.4953,      0.1355,      0.1010,      9.7993,      0.2400,      5.5342,     11.0684,      2.1208,     28.3485,     56.6969,      0.0191,      0.0007,      0.1756,      0.2033,   7655.3638,-429360.2188,   -931.3860,    545.5806,  25517.8789,
       1,     167,     279,      14,       1,       3,       1,     10.0000,      1.3921,     42.4755,    246.3773,     62.0040,      3.4953,      0.1599,      0.1251,     20.2192,      0.2537,      5.5342,     11.0684,      2.2418,     28.3485,     56.6969,      0.0191,      0.0012,      0.2107,      0.2033,   7655.3638,-430455.5312,   -931.5815,    545.5060,  25517.8789,
       1,     167,     279,      15,       1,       3,       1,     10.0000,      1.3921,     42.4755,    246.3773,     62.0040,      3.4953,      0.1695,      0.1346,     40.9321,      0.2569,      5.5342,     11.0684,      2.2703,     28.3485,     56.6969,      0.0191,      0.0023,      0.2226,      0.2033,   7655.3638,-443570.2500,   -934.1027,    544.6117,  25517.8770,
       1,     167,     279,      16,       1,       3,       1,     10.0000,      1.3921,     42.4755,    246.3773,     62.0040,      3.4953,      0.1686,      0.1344,     59.7410,      0.2310,      5.5342,     11.0684,      2.0416,     28.3485,     56.6969,      0.0191,      0.0034,      0.2190,      0.2033,   7655.3633,-470579.8125,   -939.4395,    542.7737,  25517.8770,
       1,     167,     279,      17,       1,       3,       1,     10.0000,      1.3921,     42.4755,    246.3773,     62.0040,      3.4953,      0.1618,      0.1282,     79.0032,      0.2076,      5.5342,     11.0684,      1.8345,     28.3485,     56.6969,      0.0191,      0.0047,      0.2066,      0.2033,   7655.3633,-496407.1562,   -944.6921,    541.0245,  25517.8770,
       1,     167,     279,      18,       1,       3,       1,     10.0000,      1.3921,     42.4755,    246.3773,     62.0040,      3.4953,      0.1191,      0.0875,     56.6969,      0.1474,      5.5342,     11.0684,      1.3023,     28.3485,     56.6969,      0.0191,      0.0048,      0.1467,      0.2033,   7655.3633,-522703.8125,   -951.5099,    539.2489,  25517.8770,
       1,     167,     279,      19,       1,       3,       1,     10.0000,      1.3921,     42.4755,    246.3773,     62.0040,      3.4953,      0.0763,      0.0458,     33.1317,      0.1168,      5.5342,     11.0684,      1.0322,     28.3485,     56.6969,      0.0191,      0.0047,      0.0878,      0.2032,   7655.3633,-497029.3750,   -925.3698,    540.9824,  25517.7676,
       1,     167,     279,      20,       1,       3,       1,     10.0000,      1.3921,     42.4755,    246.3773,     62.0040,      3.4953,      0.0043,     -0.0267,      5.7441,      0.1320,      5.5342,     11.0684,      1.1664,     28.3485,     56.6969,      0.0191,      0.0046,      0.0156,      0.2033,   7655.3306,-465388.2500,   -919.8408,    543.1249,  25517.8809,
       1,     167,     279,      21,       1,       3,       1,     10.0000,      1.3921,     42.4755,    246.3773,     62.0040,      3.4953,      0.0000,     -0.0313,      5.0472,      0.1386,      5.5342,     11.0684,      1.2246,     28.3485,     56.6969,      0.0191,      0.0040,      0.0156,      0.2033,   7655.3647,-428450.6562,   -912.8291,    545.6368,  25517.8809,
       1,     167,     279,      22,       1,       3,       1,     10.0000,      1.3921,     42.4755,    246.3773,     62.0040,      3.4953,      0.0000,     -0.0313,      3.6714,      0.1384,      5.5342,     11.0684,      1.2233,     28.3485,     56.6969,      0.0191,      0.0029,      0.0156,      0.2033,   7655.3647,-424446.3125,   -912.7673,    545.9158,  25517.8809,
       1,     167,     279,      23,       1,       3,       1,     10.0000,      1.3921,     42.4755,    246.3773,     62.0040,      3.4953,      0.0000,     -0.0310,      1.0641,      0.1316,      5.5342,     11.0684,      1.1629,     28.3485,     56.6969,      0.0191,      0.0008,      0.0156,      0.2033,   7655.3647,-422378.5625,   -911.4347,    546.0569,  25517.8789,
       1,     167,     279,      24,       1,       3,       1,     10.0000,      1.3921,     42.4755,    246.3773,     62.0040,      3.4953,      0.0000,     -0.0312,      0.3370,      0.1357,      5.5342,     11.0684,      1.1988,     28.3485,     56.6969,      0.0191,      0.0003,      0.0156,      0.2033,   7655.3638,-418944.7812,   -910.9041,    546.2913,  25517.8828,
       1,     167,     280,       1,       1,       3,       1,     10.0000,      1.3921,     42.4759,    246.3832,     62.0054,      3.4953,      0.0000,     -0.0314,      0.3425,      0.1413,      5.5348,     11.0696,      1.2483,     28.3387,     56.6773,      0.0191,      0.0003,      0.0156,      0.2034,   7655.3652,-417898.7500,   -910.9769,    546.3759,  25519.0254,
       1,     167,     280,       2,       1,       3,       1,     10.0000,      1.3921,     42.4759,    246.3832,     62.0054,      3.4953,      0.0000,     -0.0314,      0.3437,      0.1417,      5.5348,     11.0696,      1.2521,     28.3387,     56.6773,      0.0191,      0.0003,      0.0156,      0.2034,   7655.7080,-417663.5000,   -910.0894,    546.3920,  25519.0254,
       1,     167,     280,       3,       1,       3,       1,     10.0000,      1.3921,     42.4759,    246.3832,     62.0054,      3.4953,      0.0000,     -0.0314,      0.3941,      0.1414,      5.5348,     11.0696,      1.2496,     28.3387,     56.6773,      0.0191,      0.0003,      0.0156,      0.2034,   7655.7080,-417644.8750,   -910.0878,    546.3932,  25519.0254,
       1,     167,     280,       4,       1,       3,       1,     10.0000,      1.3921,     42.4759,    246.3832,     62.0054,      3.4953,      0.0000,     -0.0314,      0.4464,      0.1426,      5.5348,     11.0696,      1.2597,     28.3387,     56.6773,      0.0191,      0.0004,      0.0156,      0.2034,   7655.7080,-417706.3438,   -910.1031,    546.3890,  25519.0273,
       1,     167,     280,       5,       1,       3,       1,     10.0000,      1.3921,     42.4759,    246.3832,     62.0054,      3.4953,      0.0000,     -0.0314,      0.4005,      0.1418,      5.5348,     11.0696,      1.2534,     28.3387,     56.6773,      0.0191,      0.0003,      0.0156,      0.2034,   7655.7085,-417776.6250,   -910.1309,    546.3842,  25519.0234,
       1,     167,     280,       6,       1,       3,       1,     10.0000,      1.3921,     42.4759,    246.3832,     62.0054,      3.4953,      0.0000,     -0.0314,      0.3676,      0.1411,      5.5348,     11.0696,      1.2471,     28.3387,     56.6773,      0.0191,      0.0003,      0.0156,      0.2034,   7655.7075,-417725.9062,   -910.1317,    546.3877,  25519.0254,
       1,     167,     280,       7,       1,       3,       1,     10.0000,      1.3921,     42.4759,    246.3832,     62.0054,      3.4953,      0.0000,     -0.0314,      0.3604,      0.1413,      5.5348,     11.0696,      1.2483,     28.3387,     56.6773,      0.0191,      0.0003,      0.0156,      0.2034,   7655.7080,-417680.1875,   -910.1267,    546.3908,  25519.0234,
       1,     167,     280,       8,       1,       3,       1,     10.0000,      1.3921,     42.4759,    246.3832,     62.0054,      3.4953,      0.0080,     -0.0234,      0.3838,      0.1423,      5.5348,     11.0696,      1.2572,     28.3387,     56.6773,      0.0191,      0.0003,      0.0156,      0.2034,   7655.7075,-417667.5625,   -910.1287,    546.3917,  25519.0254,
       1,     167,     280,       9,       1,       3,       1,     10.0000,      1.3921,     42.4759,    246.3832,     62.0054,      3.4953,      0.0720,      0.0403,      2.1874,      0.1495,      5.5348,     11.0696,      1.3209,     28.3387,     56.6773,      0.0191,      0.0003,      0.0842,      0.2034,   7655.7080,-417695.3750,   -910.1707,    546.3898,  25519.0254,
       1,     167,     280,      10,       1,       3,       1,     10.0000,      1.3921,     42.4759,    246.3832,     62.0054,      3.4953,      0.1399,      0.1076,      5.8995,      0.1672,      5.5348,     11.0696,      1.4779,     28.3387,     56.6773,      0.0191,      0.0004,      0.1829,      0.2034,   7655.7080,-419951.0000,   -910.8447,    546.2357,  25519.0273,
       1,     167,     280,      11,       1,       3,       1,     10.0000,      1.3921,     42.4759,    246.3832,     62.0054,      3.4953,      0.1631,      0.1306,      7.6085,      0.1732,      5.5348,     11.0696,      1.5304,     28.3387,     56.6773,      0.0191,      0.0004,      0.2166,      0.2034,   7655.7085,-424781.0312,   -912.3448,    545.9059,  25519.0254,
       1,     167,     280,      12,       1,       3,       1,     10.0000,      1.3921,     42.4759,    246.3832,     62.0054,      3.4953,      0.1861,      0.1547,      8.8515,      0.1427,      5.5348,     11.0696,      1.2610,     28.3387,     56.6773,      0.0191,      0.0004,      0.2500,      0.2034,   7655.7080,-427328.7812,   -912.6614,    545.7322,  25519.0254,
       1,     167,     280,      13,       1,       3,       1,     10.0000,      1.3921,     42.4759,    246.3832,     62.0054,      3.4953,      0.1861,      0.1543,      9.2950,      0.1533,      5.5348,     11.0696,      1.3545,     28.3387,     56.6773,      0.0191,      0.0005,      0.2500,      0.2034,   7655.7080,-429098.9375,   -913.4160,    545.6114,  25519.0254,
       1,     167,     280,      14,       1,       3,       1,     10.0000,      1.3921,     42.4759,    246.3832,     62.0054,      3.4953,      0.1384,      0.1064,     13.0030,      0.1600,      5.5348,     11.0696,      1.4142,     28.3387,     56.6773,      0.0191,      0.0009,      0.1799,      0.2034,   7655.7080,-429804.2188,   -916.0170,    545.5634,  25519.0254,
       1,     167,     280,      15,       1,       3,       1,     10.0000,      1.3921,     42.4759,    246.3832,     62.0054,      3.4953,      0.0334,      0.0007,      3.9377,      0.1783,      5.5348,     11.0696,      1.5752,     28.3387,     56.6773,      0.0191,      0.0018,      0.0266,      0.2034,   7655.7080,-434497.4688,   -917.5591,    545.2433,  25519.0273,
       1,     167,     280,      16,       1,       3,       1,     10.0000,      1.3921,     42.4759,    246.3832,     62.0054,      3.4953,      0.0427,      0.0095,      5.7086,      0.1959,      5.5348,     11.0696,      1.7308,     28.3387,     56.6773,      0.0191,      0.0018,      0.0396,      0.2034,   7655.7085,-423569.6250,   -915.8554,    545.9882,  25519.0234,
       1,     167,     280,      17,       1,       3,       1,     10.0000,      1.3921,     42.4759,    246.3832,     62.0054,      3.4953,      0.1071,      0.0741,      7.3563,      0.1911,      5.5348,     11.0696,      1.6885,     28.3387,     56.6773,      0.0191,      0.0007,      0.1344,      0.2034,   7655.7075,-424852.6250,   -916.3741,    545.9012,  25519.0254,
       1,     167,     280,      18,       1,       3,       1,     10.0000,      1.3921,     42.4759,    246.3832,     62.0054,      3.4953,      0.0484,      0.0165,      2.1300,      0.1566,      5.5348,     11.0696,      1.3834,     28.3387,     56.6773,      0.0191,      0.0005,      0.0496,      0.2034,   7655.7080,-427019.6250,   -917.1265,    545.7533,  25519.0254,
       1,     167,     280,      19,       1,       3,       1,     10.0000,      1.3921,     42.4759,    246.3832,     62.0054,      3.4953,      0.0120,     -0.0188,      0.7267,      0.1271,      5.5348,     11.0696,      1.1234,     28.3387,     56.6773,      0.0191,      0.0006,      0.0156,      0.2034,   7655.7080,-420674.4375,   -910.7917,    546.1862,  25519.0254,
       1,     167,     280,      20,       1,       3,       1,     10.0000,      1.3921,     42.4759,    246.3832,     62.0054,      3.4953,      0.0007,     -0.0300,      1.9051,      0.1214,      5.5348,     11.0696,      1.0731,     28.3387,     56.6773,      0.0191,      0.0015,      0.0156,      0.2034,   7655.7080,-418380.5312,   -910.3110,    546.3430,  25519.0234,
       1,     167,     280,      21,       1,       3,       1,     10.0000,      1.3921,     42.4759,    246.3832,     62.0054,      3.4953,      0.0000,     -0.0305,      3.3294,      0.1186,      5.5348,     11.0696,      1.0482,     28.3387,     56.6773,      0.0191,      0.0026,      0.0156,      0.2034,   7655.7075,-419657.2500,   -910.6636,    546.2558,  25519.0254,
       1,     167,     280,      22,       1,       3,       1,     10.0000,      1.3921,     42.4759,    246.3832,     62.0054,      3.4953,      0.0000,     -0.0305,      3.1913,      0.1196,      5.5348,     11.0696,      1.0568,     28.3387,     56.6773,      0.0191,      0.0025,      0.0156,      0.2034,   7655.7080,-421545.0938,   -911.3082,    546.1269,  25519.0254,
       1,     167,     280,      23,       1,       3,       1,     10.0000,      1.3921,     42.4759,    246.3832,     62.0054,      3.4953,      0.0000,     -0.0307,      0.9022,      0.1224,      5.5348,     11.0696,      1.0819,     28.3387,     56.6773,      0.0191,      0.0007,      0.0156,      0.2034,   7655.7080,-421533.7188,   -911.5026,    546.1276,  25519.0273,
       1,     167,     280,      24,       1,       3,       1,     10.0000,      1.3921,     42.4759,    246.3832,     62.0054,      3.4953,      0.0000,     -0.0309,      0.4335,      0.1294,      5.5348,     11.0696,      1.1430,     28.3387,     56.6773,      0.0191,      0.0003,      0.0156,      0.2034,   7655.7085,-418672.6562,   -911.0280,    546.3230,  25519.0254,
       1,     167,     281,       1,       1,       3,       1,     10.0000,      1.3922,     42.4762,    246.3890,     62.0069,      3.4953,      0.0000,     -0.0309,      0.5039,      0.1294,      5.5349,     11.0699,      1.1430,     28.3278,     56.6555,      0.0191,      0.0004,      0.0156,      0.2034,   7655.7080,-417999.1875,   -911.1746,    546.3821,  25520.1680,
       1,     167,     281,       2,       1,       3,       1,     10.0000,      1.3922,     42.4762,    246.3890,     62.0069,      3.4953,      0.0000,     -0.0310,      0.3405,      0.1308,      5.5349,     11.0699,      1.1559,     28.3278,     56.6555,      0.0191,      0.0003,      0.0156,      0.2034,   7656.0508,-417876.8750,   -910.9161,    546.3904,  25520.1719,
       1,     167,     281,       3,       1,       3,       1,     10.0000,      1.3922,     42.4762,    246.3890,     62.0069,      3.4953,      0.0000,     -0.0312,      0.3568,      0.1365,      5.5349,     11.0699,      1.2062,     28.3278,     56.6555,      0.0191,      0.0003,      0.0156,      0.2034,   7656.0518,-417661.8750,   -910.8802,    546.4051,  25520.1719,
       1,     167,     281,       4,       1,       3,       1,     10.0000,      1.3922,     42.4762,    246.3890,     62.0069,      3.4953,      0.0000,     -0.0313,      0.4458,      0.1400,      5.5349,     11.0699,      1.2371,     28.3278,     56.6555,      0.0191,      0.0004,      0.0156,      0.2034,   7656.0518,-417664.0000,   -910.8844,    546.4049,  25520.1699,
       1,     167,     281,       5,       1,       3,       1,     10.0000,      1.3922,     42.4762,    246.3890,     62.0069,      3.4953,      0.0000,     -0.0314,      0.3524,      0.1430,      5.5349,     11.0699,      1.2636,     28.3278,     56.6555,      0.0191,      0.0003,      0.0156,      0.2034,   7656.0513,-417775.5000,   -910.9169,    546.3973,  25520.1680,
       1,     167,     281,       6,       1,       3,       1,     10.0000,      1.3922,     42.4762,    246.3890,     62.0069,      3.4953,      0.0000,     -0.0315,      0.3497,      0.1439,      5.5349,     11.0699,      1.2713,     28.3278,     56.6555,      0.0191,      0.0003,      0.0156,      0.2034,   7656.0508,-417668.5000,   -910.9001,    546.4047,  25520.1719,
       1,     167,     281,       7,       1,       3,       1,     10.0000,      1.3922,     42.4762,    246.3890,     62.0069,      3.4953,      0.0000,     -0.0314,      0.3469,      0.1429,      5.5349,     11.0699,      1.2623,     28.3278,     56.6555,      0.0191,      0.0003,      0.0156,      0.2034,   7656.0518,-417655.5938,   -910.8987,    546.4056,  25520.1699,
       1,     167,     281,       8,       1,       3,       1,     10.0000,      1.3922,     42.4762,    246.3890,     62.0069,      3.4953,      0.0056,     -0.0257,      0.3350,      0.1386,      5.5349,     11.0699,      1.2246,     28.3278,     56.6555,      0.0191,      0.0003,      0.0156,      0.2034,   7656.0513,-417651.1250,   -910.9003,    546.4058,  25520.1699,
       1,     167,     281,       9,       1,       3,       1,     10.0000,      1.3922,     42.4762,    246.3890,     62.0069,      3.4953,      0.0721,      0.0406,      1.9126,      0.1449,      5.5349,     11.0699,      1.2803,     28.3278,     56.6555,      0.0191,      0.0003,      0.0846,      0.2034,   7656.0513,-417636.0938,   -910.9151,    546.4069,  25520.1699,
       1,     167,     281,      10,       1,       3,       1,     10.0000,      1.3922,     42.4762,    246.3890,     62.0069,      3.4953,      0.1445,      0.1114,      6.2874,      0.1920,      5.5349,     11.0699,      1.6970,     28.3278,     56.6555,      0.0191,      0.0004,      0.1895,      0.2034,   7656.0513,-419605.3125,   -911.5158,    546.2724,  25520.1699,
       1,     167,     281,      11,       1,       3,       1,     10.0000,      1.3922,     42.4762,    246.3890,     62.0069,      3.4953,      0.1764,      0.1430,     10.8705,      0.2048,      5.5349,     11.0699,      1.8095,     28.3278,     56.6555,      0.0191,      0.0006,      0.2361,      0.2034,   7656.0513,-425238.2500,   -913.2485,    545.8878,  25520.1699,
       1,     167,     281,      12,       1,       3,       1,     10.0000,      1.3922,     42.4762,    246.3890,     62.0069,      3.4953,      0.1805,      0.1472,     10.9806,      0.1990,      5.5349,     11.0699,      1.7584,     28.3278,     56.6555,      0.0191,      0.0006,      0.2421,      0.2034,   7656.0513,-431444.7812,   -915.5871,    545.4644,  25520.1680,
       1,     167,     281,      13,       1,       3,       1,     10.0000,      1.3922,     42.4762,    246.3890,     62.0069,      3.4953,      0.1691,      0.1363,      8.0177,      0.1835,      5.5349,     11.0699,      1.6213,     28.3278,     56.6555,      0.0191,      0.0004,      0.2255,      0.2034,   7656.0508,-432111.9375,   -916.8544,    545.4191,  25520.1699,
       1,     167,     281,      14,       1,       3,       1,     10.0000,      1.3922,     42.4762,    246.3890,     62.0069,      3.4953,      0.1864,      0.1537,     15.5078,      0.1799,      5.5349,     11.0699,      1.5894,     28.3278,     56.6555,      0.0191,      0.0008,      0.2500,      0.2034,   7656.0513,-428466.6250,   -916.9494,    545.6676,  25520.1680,
       1,     167,     281,      15,       1,       3,       1,     10.0000,      1.3922,     42.4762,    246.3890,     62.0069,      3.4953,      0.1652,      0.1323,     54.5000,      0.1864,      5.5349,     11.0699,      1.6473,     28.3278,     56.6555,      0.0191,      0.0031,      0.2144,      0.2034,   7656.0508,-437513.8438,   -919.6099,    545.0505,  25520.1699,
       1,     167,     281,      16,       1,       3,       1,     10.0000,      1.3922,     42.4762,    246.3890,     62.0069,      3.4953,      0.1283,      0.0959,     46.2566,      0.1694,      5.5349,     11.0699,      1.4972,     28.3278,     56.6555,      0.0191,      0.0036,      0.1611,      0.2034,   7656.0513,-487006.9688,   -929.7337,    541.6788,  25520.1699,
       1,     167,     281,      17,       1,       3,       1,     10.0000,      1.3922,     42.4762,    246.3890,     62.0069,      3.4953,      0.1522,      0.1198,     56.4337,      0.1729,      5.5349,     11.0699,      1.5274,     28.3278,     56.6555,      0.0191,      0.0036,      0.1951,      0.2033,   7656.0513,-480943.2188,   -929.4526,    542.0998,  25520.1680,
       1,     167,     281,      18,       1,       3,       1,     10.0000,      1.3922,     42.4762,    246.3890,     62.0069,      3.4953,      0.1178,      0.0852,     31.5465,      0.1774,      5.5349,     11.0699,      1.5674,     28.3278,     56.6555,      0.0191,      0.0026,      0.1474,      0.2033,   7656.0508,-493140.0312,   -932.6222,    541.2735,  25520.1699,
       1,     167,     281,      19,       1,       3,       1,     10.0000,      1.3922,     42.4762,    246.3890,     62.0069,      3.4953,      0.0357,      0.0034,      6.6225,      0.1686,      5.5349,     11.0699,      1.4898,     28.3278,     56.6555,      0.0191,      0.0027,      0.0301,      0.2033,   7656.0513,-463055.7500,   -927.6666,    543.3096,  25520.1699,
       1,     167,     281,      20,       1,       3,       1,     10.0000,      1.3922,     42.4762,    246.3890,     62.0069,      3.4953,      0.0034,     -0.0286,      3.2709,      0.1596,      5.5349,     11.0699,      1.4100,     28.3278,     56.6555,      0.0191,      0.0026,      0.0156,      0.2034,   7656.0513,-429354.5000,   -921.7314,    545.6022,  25520.1699,
       1,     167,     281,      21,       1,       3,       1,     10.0000,      1.3922,     42.4762,    246.3890,     62.0069,      3.4953,      0.0000,     -0.0319,      3.1351,      0.1559,      5.5349,     11.0699,      1.3779,     28.3278,     56.6555,      0.0191,      0.0025,      0.0156,      0.2034,   7656.0513,-422307.2500,   -920.6143,    546.0878,  25520.1699,
       1,     167,     281,      22,       1,       3,       1,     10.0000,      1.3922,     42.4762,    246.3890,     62.0069,      3.4953,      0.0000,     -0.0319,      3.2706,      0.1567,      5.5349,     11.0699,      1.3848,     28.3278,     56.6555,      0.0191,      0.0026,      0.0156,      0.2034,   7656.0513,-421531.1875,   -920.6154,    546.1409,  25520.1699,
       1,     167,     281,      23,       1,       3,       1,     10.0000,      1.3922,     42.4762,    246.3890,     62.0069,      3.4953,      0.0000,     -0.0320,      2.9775,      0.1583,      5.5349,     11.0699,      1.3987,     28.3278,     56.6555,      0.0191,      0.0024,      0.0156,      0.2034,   7656.0513,-421634.0625,   -920.7807,    546.1339,  25520.1719,
       1,     167,     281,      24,       1,       3,       1,     10.0000,      1.3922,     42.4762,    246.3890,     62.0069,      3.4953,      0.0000,     -0.0321,      2.7996,      0.1618,      5.5349,     11.0699,      1.4299,     28.3278,     56.6555,      0.0191,      0.0022,      0.0156,      0.2034,   7656.0518,-421276.5938,   -920.8325,    546.1583,  25520.1699,
       1,     167,     282,       1,       1,       3,       1,     10.0000,      1.3922,     42.4766,    246.3948,     62.0084,      3.4953,      0.0000,     -0.0321,      2.1609,      0.1617,      5.5344,     11.0687,      1.4285,     28.3265,     56.6529,      0.0191,      0.0017,      0.0156,      0.2034,   7656.0513,-421179.1875,   -921.1967,    546.1779,  25521.3125,
       1,     167,     282,       2,       1,       3,       1,     10.0000,      1.3922,     42.4766,    246.3948,     62.0084,      3.4953,      0.0000,     -0.0320,      1.7413,      0.1601,      5.5344,     11.0687,      1.4143,     28.3265,     56.6529,      0.0191,      0.0014,      0.0156,      0.2034,   7656.3940,-420220.3438,   -920.8527,    546.2433,  25521.3125,
       1,     167,     282,       3,       1,       3,       1,     10.0000,      1.3922,     42.4766,    246.3948,     62.0084,      3.4953,      0.0000,     -0.0318,      1.4625,      0.1536,      5.5344,     11.0687,      1.3573,     28.3265,     56.6529,      0.0191,      0.0012,      0.0156,      0.2034,   7656.3940,-419614.5938,   -920.8087,    546.2847,  25521.3125,
       1,     167,     282,       4,       1,       3,       1,     10.0000,      1.3922,     42.4766,    246.3948,     62.0084,      3.4953,      0.0000,     -0.0319,      1.5915,      0.1547,      5.5344,     11.0687,      1.3669,     28.3265,     56.6529,      0.0191,      0.0013,      0.0156,      0.2034,   7656.3940,-419214.5625,   -920.7677,    546.3120,  25521.3125,
       1,     167,     282,       5,       1,       3,       1,     10.0000,      1.3922,     42.4766,    246.3948,     62.0084,      3.4953,      0.0000,     -0.0319,      1.8826,      0.1566,      5.5344,     11.0687,      1.3834,     28.3265,     56.6529,      0.0191,      0.0015,      0.0156,      0.2034,   7656.3940,-419341.6875,   -920.8453,    546.3033,  25521.3125,
       1,     167,     282,       6,       1,       3,       1,     10.0000,      1.3922,     42.4766,    246.3948,     62.0084,      3.4953,      0.0000,     -0.0312,      1.8975,      0.1366,      5.5344,     11.0687,      1.2074,     28.3265,     56.6529,      0.0191,      0.0015,      0.0156,      0.2034,   7656.3940,-419716.0312,   -920.9865,    546.2777,  25521.3145,
       1,     167,     282,       7,       1,       3,       1,     10.0000,      1.3922,     42.4766,    246.3948,     62.0084,      3.4953,      0.0000,     -0.0304,      1.9201,      0.1152,      5.5344,     11.0687,      1.0176,     28.3265,     56.6529,      0.0191,      0.0015,      0.0156,      0.2034,   7656.3945,-419766.4688,   -921.0964,    546.2743,  25521.3125,
       1,     167,     282,       8,       1,       3,       1,     10.0000,      1.3922,     42.4766,    246.3948,     62.0084,      3.4953,      0.0109,     -0.0196,      1.3119,      0.1195,      5.5344,     11.0687,      1.0557,     28.3265,     56.6529,      0.0191,      0.0010,      0.0156,      0.2034,   7656.3940,-419799.0938,   -919.8065,    546.2721,  25521.3125,
       1,     167,     282,       9,       1,       3,       1,     10.0000,      1.3922,     42.4766,    246.3948,     62.0084,      3.4953,      0.0781,      0.0472,      5.8091,      0.1262,      5.5344,     11.0687,      1.1155,     28.3265,     56.6529,      0.0191,      0.0008,      0.0933,      0.2034,   7656.3940,-419042.2500,   -919.7604,    546.3238,  25521.3125,
       1,     167,     282,      10,       1,       3,       1,     10.0000,      1.3922,     42.4766,    246.3948,     62.0084,      3.4953,      0.1461,      0.1145,     14.6968,      0.1481,      5.5344,     11.0687,      1.3090,     28.3265,     56.6529,      0.0191,      0.0010,      0.1909,      0.2034,   7656.3940,-424594.8125,   -920.9711,    545.9446,  25521.3125,
       1,     167,     282,      11,       1,       3,       1,     10.0000,      1.3922,     42.4766,    246.3948,     62.0084,      3.4953,      0.1633,      0.1309,     24.3569,      0.1727,      5.5344,     11.0687,      1.5259,     28.3265,     56.6529,      0.0191,      0.0014,      0.2151,      0.2034,   7656.3940,-436170.6562,   -923.5244,    545.1547,  25521.3105,
       1,     167,     282,      12,       1,       3,       1,     10.0000,      1.3922,     42.4766,    246.3948,     62.0084,      3.4953,      0.1748,      0.1418,     34.2275,      0.1902,      5.5344,     11.0687,      1.6803,     28.3265,     56.6529,      0.0191,      0.0018,      0.2309,      0.2034,   7656.3936,-449227.9375,   -926.4831,    544.2655,  25521.3105,
       1,     167,     282,      13,       1,       3,       1,     10.0000,      1.3922,     42.4766,    246.3948,     62.0084,      3.4953,      0.1880,      0.1550,     37.6766,      0.1915,      5.5344,     11.0687,      1.6920,     28.3265,     56.6529,      0.0191,      0.0019,      0.2500,      0.2034,   7656.3936,-462675.6250,   -929.6878,    543.3514,  25521.3125,
       1,     167,     282,      14,       1,       3,       1,     10.0000,      1.3922,     42.4766,    246.3948,     62.0084,      3.4953,      0.1872,      0.1540,     26.9391,      0.1957,      5.5344,     11.0687,      1.7292,     28.3265,     56.6529,      0.0191,      0.0013,      0.2500,      0.2034,   7656.3940,-468132.2500,   -931.6568,    542.9814,  25521.3125,
       1,     167,     282,      15,       1,       3,       1,     10.0000,      1.3922,     42.4766,    246.3948,     62.0084,      3.4953,      0.1882,      0.1549,     40.1379,      0.2006,      5.5344,     11.0687,      1.7724,     28.3265,     56.6529,      0.0191,      0.0020,      0.2500,      0.2034,   7656.3940,-455174.9688,   -929.9117,    543.8611,  25521.3125,
       1,     167,     282,      16,       1,       3,       1,     10.0000,      1.3922,     42.4766,    246.3948,     62.0084,      3.4953,      0.1894,      0.1575,     51.8187,      0.1572,      5.5344,     11.0687,      1.3890,     28.3265,     56.6529,      0.0191,      0.0026,      0.2500,      0.2034,   7656.3940,-470568.8125,   -933.4175,    542.8153,  25521.3125,
       1,     167,     282,      17,       1,       3,       1,     10.0000,      1.3922,     42.4766,    246.3948,     62.0084,      3.4953,      0.1789,      0.1472,     65.3069,      0.1486,      5.5344,     11.0687,      1.3130,     28.3265,     56.6529,      0.0191,      0.0035,      0.2329,      0.2034,   7656.3940,-486481.4688,   -935.3240,    541.7366,  25521.3125,
       1,     167,     282,      18,       1,       3,       1,     10.0000,      1.3922,     42.4766,    246.3948,     62.0084,      3.4953,      0.1198,      0.0870,     44.7673,      0.1813,      5.5344,     11.0687,      1.6021,     28.3265,     56.6529,      0.0191,      0.0037,      0.1488,      0.2034,   7656.3940,-504700.7188,   -939.6472,    540.5038,  25521.3125,
       1,     167,     282,      19,       1,       3,       1,     10.0000,      1.3922,     42.4766,    246.3948,     62.0084,      3.4953,      0.0704,      0.0376,     23.0578,      0.1831,      5.5344,     11.0687,      1.6181,     28.3265,     56.6529,      0.0191,      0.0036,      0.0787,      0.2033,   7656.3940,-480564.6875,   -935.6432,    542.1360,  25521.3125,
       1,     167,     282,      20,       1,       3,       1,     10.0000,      1.3922,     42.4766,    246.3948,     62.0084,      3.4953,      0.0048,     -0.0275,      4.5855,      0.1676,      5.5344,     11.0687,      1.4809,     28.3265,     56.6529,      0.0191,      0.0036,      0.0156,      0.2034,   7656.3940,-451379.2188,   -930.4719,    544.1162,  25521.3125,
       1,     167,     282,      21,       1,       3,       1,     10.0000,      1.3922,     42.4766,    246.3948,     62.0084,      3.4953,      0.0000,     -0.0321,      2.5313,      0.1613,      5.5344,     11.0687,      1.4257,     28.3265,     56.6529,      0.0191,      0.0020,      0.0156,      0.2034,   7656.3940,-425821.6250,   -925.8066,    545.8582,  25521.3105,
       1,     167,     282,      22,       1,       3,       1,     10.0000,      1.3922,     42.4766,    246.3948,     62.0084,      3.4953,      0.0000,     -0.0321,      1.6663,      0.1607,      5.5344,     11.0687,      1.4200,     28.3265,     56.6529,      0.0191,      0.0013,      0.0156,      0.2034,   7656.3936,-421082.4688,   -924.9716,    546.1843,  25521.3125,
       1,     167,     282,      23,       1,       3,       1,     10.0000,      1.3922,     42.4766,    246.3948,     62.0084,      3.4953,      0.0000,     -0.0320,      3.2189,      0.1581,      5.5344,     11.0687,      1.3974,     28.3265,     56.6529,      0.0191,      0.0026,      0.0156,      0.2034,   7656.3940,-419594.5000,   -924.7331,    546.2861,  25521.3105,
       1,     167,     282,      24,       1,       3,       1,     10.0000,      1.3922,     42.4766,    246.3948,     62.0084,      3.4953,      0.0000,     -0.0317,      3.2702,      0.1492,      5.5344,     11.0687,      1.3183,     28.3265,     56.6529,      0.0191,      0.0026,      0.0156,      0.2034,   7656.3936,-421406.8438,   -914.5652,    546.1622,  25521.3125,
       1,     167,     283,       1,       1,       3,       1,     10.0000,      1.3922,     42.4769,    246.4006,     62.0098,      3.4953,      0.0000,     -0.0317,      2.4458,      0.1496,      5.5340,     11.0681,      1.3223,     28.3292,     56.6585,      0.0191,      0.0019,      0.0156,      0.2034,   7656.3940,-421780.6562,   -911.4343,    546.1495,  25522.4570,
       1,     167,     283,       2,       1,       3,       1,     10.0000,      1.3922,     42.4769,    246.4006,     62.0098,      3.4953,      0.0000,     -0.0316,      2.0569,      0.1480,      5.5340,     11.0681,      1.3077,     28.3292,     56.6585,      0.0191,      0.0016,      0.0156,      0.2034,   7656.7373,-420630.1875,   -910.9016,    546.2281,  25522.4551,
       1,     167,     283,       3,       1,       3,       1,     10.0000,      1.3922,     42.4769,    246.4006,     62.0098,      3.4953,      0.0000,     -0.0315,      1.9433,      0.1459,      5.5340,     11.0681,      1.2894,     28.3292,     56.6585,      0.0191,      0.0015,      0.0156,      0.2035,   7656.7368,-420046.5625,   -910.9974,    546.2679,  25522.4551,
       1,     167,     283,       4,       1,       3,       1,     10.0000,      1.3922,     42.4769,    246.4006,     62.0098,      3.4953,      0.0000,     -0.0314,      1.6733,      0.1426,      5.5340,     11.0681,      1.2598,     28.3292,     56.6585,      0.0191,      0.0013,      0.0156,      0.2035,   7656.7368,-419854.9062,   -911.1790,    546.2810,  25522.4570,
       1,     167,     283,       5,       1,       3,       1,     10.0000,      1.3922,     42.4769,    246.4006,     62.0098,      3.4953,      0.0000,     -0.0314,      0.7550,      0.1420,      5.5340,     11.0681,      1.2548,     28.3292,     56.6585,      0.0191,      0.0006,      0.0156,      0.2035,   7656.7373,-419501.1875,   -911.2905,    546.3052,  25522.4570,
       1,     167,     283,       6,       1,       3,       1,     10.0000,      1.3922,     42.4769,    246.4006,     62.0098,      3.4953,      0.0000,     -0.0314,      0.8800,      0.1419,      5.5340,     11.0681,      1.2535,     28.3292,     56.6585,      0.0191,      0.0007,      0.0156,      0.2035,   7656.7373,-418324.2188,   -911.1330,    546.3856,  25522.4551,
       1,     167,     283,       7,       1,       3,       1,     10.0000,      1.3922,     42.4769,    246.4006,     62.0098,      3.4953,      0.0000,     -0.0313,      0.7150,      0.1393,      5.5340,     11.0681,      1.2309,     28.3292,     56.6585,      0.0191,      0.0006,      0.0156,      0.2035,   7656.7368,-418380.1562,   -911.2075,    546.3817,  25522.4570,
       1,     167,     283,       8,       1,       3,       1,     10.0000,      1.3922,     42.4769,    246.4006,     62.0098,      3.4953,      0.0121,     -0.0191,      0.6701,      0.1371,      5.5340,     11.0681,      1.2111,     28.3292,     56.6585,      0.0191,      0.0005,      0.0156,      0.2035,   7656.7373,-418178.6875,   -911.2239,    546.3955,  25522.4551,
       1,     167,     283,       9,       1,       3,       1,     10.0000,      1.3922,     42.4769,    246.4006,     62.0098,      3.4953,      0.1091,      0.0777,      4.8644,      0.1419,      5.5340,     11.0681,      1.2535,     28.3292,     56.6585,      0.0191,      0.0004,      0.1382,      0.2035,   7656.7368,-418105.5000,   -911.2887,    546.4005,  25522.4570,
       1,     167,     283,      10,       1,       3,       1,     10.0000,      1.3922,     42.4769,    246.4006,     62.0098,      3.4953,      0.1361,      0.1046,      4.8002,      0.1446,      5.5340,     11.0681,      1.2778,     28.3292,     56.6585,      0.0191,      0.0003,      0.1776,      0.2035,   7656.7373,-423337.2188,   -912.5620,    546.0432,  25522.4570,
       1,     167,     283,      11,       1,       3,       1,     10.0000,      1.3922,     42.4769,    246.4006,     62.0098,      3.4953,      0.1860,      0.1544,      8.2918,      0.1475,      5.5340,     11.0681,      1.3038,     28.3292,     56.6585,      0.0191,      0.0004,      0.2500,      0.2034,   7656.7373,-423703.5938,   -913.0433,    546.0183,  25522.4570,
       1,     167,     283,      12,       1,       3,       1,     10.0000,      1.3922,     42.4769,    246.4006,     62.0098,      3.4953,      0.1862,      0.1544,     10.2850,      0.1533,      5.5340,     11.0681,      1.3546,     28.3292,     56.6585,      0.0191,      0.0005,      0.2500,      0.2034,   7656.7373,-428095.5000,   -915.0708,    545.7185,  25522.4551,
       1,     167,     283,      13,       1,       3,       1,     10.0000,      1.3922,     42.4769,    246.4006,     62.0098,      3.4953,      0.1859,      0.1537,      8.0327,      0.1658,      5.5340,     11.0681,      1.4647,     28.3292,     56.6585,      0.0191,      0.0004,      0.2500,      0.2034,   7656.7368,-430960.0312,   -917.5811,    545.5233,  25522.4590,
       1,     167,     283,      14,       1,       3,       1,     10.0000,      1.3922,     42.4769,    246.4006,     62.0098,      3.4953,      0.1868,      0.1544,     19.2302,      0.1686,      5.5340,     11.0681,      1.4898,     28.3292,     56.6585,      0.0191,      0.0010,      0.2500,      0.2034,   7656.7378,-428390.2500,   -919.1456,    545.6985,  25522.4570,
       1,     167,     283,      15,       1,       3,       1,     10.0000,      1.3922,     42.4769,    246.4006,     62.0098,      3.4953,      0.1874,      0.1549,     27.5166,      0.1734,      5.5340,     11.0681,      1.5320,     28.3292,     56.6585,      0.0191,      0.0014,      0.2500,      0.2034,   7656.7373,-442157.9375,   -922.9003,    544.7594,  25522.4570,
       1,     167,     283,      16,       1,       3,       1,     10.0000,      1.3922,     42.4769,    246.4006,     62.0098,      3.4953,      0.1876,      0.1552,     29.5701,      0.1694,      5.5340,     11.0681,      1.4973,     28.3292,     56.6585,      0.0191,      0.0015,      0.2500,      0.2034,   7656.7373,-453685.5938,   -926.3059,    543.9752,  25522.4590,
       1,     167,     283,      17,       1,       3,       1,     10.0000,      1.3922,     42.4769,    246.4006,     62.0098,      3.4953,      0.1692,      0.1388,     25.8556,      0.1156,      5.5340,     11.0681,      1.0218,     28.3292,     56.6585,      0.0191,      0.0014,      0.2232,      0.2034,   7656.7378,-457233.4062,   -918.7449,    543.7346,  25522.4590,
       1,     167,     283,      18,       1,       3,       1,     10.0000,      1.3922,     42.4769,    246.4006,     62.0098,      3.4953,      0.0780,      0.0475,     14.2973,      0.1184,      5.5340,     11.0681,      1.0461,     28.3292,     56.6585,      0.0191,      0.0019,      0.0925,      0.2034,   7656.7378,-452893.1875,   -917.2701,    544.0296,  25522.4570,
       1,     167,     283,      19,       1,       3,       1,     10.0000,      1.3922,     42.4769,    246.4006,     62.0098,      3.4953,      0.0219,     -0.0087,      2.0287,      0.1213,      5.5340,     11.0681,      1.0721,     28.3292,     56.6585,      0.0191,      0.0020,      0.0125,      0.2034,   7656.7373,-438082.3125,   -915.1852,    545.0369,  25522.4551,
       1,     167,     283,      20,       1,       3,       1,     10.0000,      1.3922,     42.4769,    246.4006,     62.0098,      3.4953,      0.0011,     -0.0296,      2.7848,      0.1250,      5.5340,     11.0681,      1.1042,     28.3292,     56.6585,      0.0191,      0.0022,      0.0156,      0.2034,   7656.7368,-421497.8438,   -912.5436,    546.1677,  25522.4570,
       1,     167,     283,      21,       1,       3,       1,     10.0000,      1.3922,     42.4769,    246.4006,     62.0098,      3.4953,      0.0000,     -0.0310,      2.7244,      0.1308,      5.5340,     11.0681,      1.1559,     28.3292,     56.6585,      0.0191,      0.0022,      0.0156,      0.2034,   7656.7373,-421030.8438,   -910.9528,    546.2007,  25522.4590,
       1,     167,     283,      22,       1,       3,       1,     10.0000,      1.3922,     42.4769,    246.4006,     62.0098,      3.4953,      0.0000,     -0.0308,      0.8439,      0.1270,      5.5340,     11.0681,      1.1224,     28.3292,     56.6585,      0.0191,      0.0007,      0.0156,      0.2034,   7656.7378,-420913.8438,   -911.1832,    546.2087,  25522.4551,
       1,     167,     283,      23,       1,       3,       1,     10.0000,      1.3922,     42.4769,    246.4006,     62.0098,      3.4953,      0.0000,     -0.0307,      0.5142,      0.1224,      5.5340,     11.0681,      1.0819,     28.3292,     56.6585,      0.0191,      0.0004,      0.0156,      0.2034,   7656.7368,-418555.8125,   -910.8350,    546.3697,  25522.4570,
       1,     167,     283,      24,       1,       3,       1,     10.0000,      1.3922,     42.4769,    246.4006,     62.0098,      3.4953,      0.0000,     -0.0309,      0.3215,      0.1275,      5.5340,     11.0681,      1.1269,     28.3292,     56.6585,      0.0191,      0.0003,      0.0156,      0.2035,   7656.7373,-417942.9062,   -910.7558,    546.4116,  25522.4570,
       1,     167,     284,       1,       1,       3,       1,     10.0000,      1.3922,     42.4772,    246.4064,     62.0113,      3.4953,      0.0000,     -0.0309,      0.3640,      0.1281,      5.5343,     11.0686,      1.1316,     28.3311,     56.6623,      0.0191,      0.0003,      0.0156,      0.2035,   7656.7373,-417805.5625,   -910.9921,    546.4338,  25523.6016,
       1,     167,     284,       2,       1,       3,       1,     10.0000,      1.3922,     42.4772,    246.4064,     62.0113,      3.4953,      0.0000,     -0.0310,      0.7477,      0.1311,      5.5343,     11.0686,      1.1583,     28.3311,     56.6623,      0.0191,      0.0006,      0.0156,      0.2035,   7657.0806,-417694.1250,   -910.7258,    546.4415,  25523.6016,
       1,     167,     284,       3,       1,       3,       1,     10.0000,      1.3922,     42.4772,    246.4064,     62.0113,      3.4953,      0.0000,     -0.0309,      0.7795,      0.1286,      5.5343,     11.0686,      1.1362,     28.3311,     56.6623,      0.0191,      0.0006,      0.0156,      0.2035,   7657.0806,-418163.5312,   -910.8696,    546.4094,  25523.6016,
       1,     167,     284,       4,       1,       3,       1,     10.0000,      1.3922,     42.4772,    246.4064,     62.0113,      3.4953,      0.0000,     -0.0308,      0.4214,      0.1271,      5.5343,     11.0686,      1.1235,     28.3311,     56.6623,      0.0191,      0.0003,      0.0156,      0.2035,   7657.0806,-418243.3438,   -910.9254,    546.4040,  25523.6035,
       1,     167,     284,       5,       1,       3,       1,     10.0000,      1.3922,     42.4772,    246.4064,     62.0113,      3.4953,      0.0000,     -0.0309,      0.3086,      0.1290,      5.5343,     11.0686,      1.1396,     28.3311,     56.6623,      0.0191,      0.0002,      0.0156,      0.2035,   7657.0815,-417802.8125,   -910.8580,    546.4340,  25523.6016,
       1,     167,     284,       6,       1,       3,       1,     10.0000,      1.3922,     42.4772,    246.4064,     62.0113,      3.4953,      0.0000,     -0.0309,      0.3521,      0.1298,      5.5343,     11.0686,      1.1466,     28.3311,     56.6623,      0.0191,      0.0003,      0.0156,      0.2035,   7657.0806,-417624.5625,   -910.8278,    546.4462,  25523.6035,
       1,     167,     284,       7,       1,       3,       1,     10.0000,      1.3922,     42.4772,    246.4064,     62.0113,      3.4953,      0.0000,     -0.0309,      0.3068,      0.1283,      5.5343,     11.0686,      1.1339,     28.3311,     56.6623,      0.0191,      0.0002,      0.0156,      0.2035,   7657.0815,-417663.5625,   -910.8405,    546.4435,  25523.6035,
       1,     167,     284,       8,       1,       3,       1,     10.0000,      1.3922,     42.4772,    246.4064,     62.0113,      3.4953,      0.0177,     -0.0133,      0.1220,      0.1300,      5.5343,     11.0686,      1.1489,     28.3311,     56.6623,      0.0191,      0.0002,      0.0061,      0.2035,   7657.0815,-417610.2812,   -910.8327,    546.4473,  25523.5996,
       1,     167,     284,       9,       1,       3,       1,     10.0000,      1.3922,     42.4772,    246.4064,     62.0113,      3.4953,      0.1416,      0.1100,      4.5583,      0.1456,      5.5343,     11.0686,      1.2868,     28.3311,     56.6623,      0.0191,      0.0003,      0.1855,      0.2035,   7657.0801,-417375.4062,   -910.8693,    546.4633,  25523.6016,
       1,     167,     284,      10,       1,       3,       1,     10.0000,      1.3922,     42.4772,    246.4064,     62.0113,      3.4953,      0.1794,      0.1468,      7.0661,      0.1760,      5.5343,     11.0686,      1.5551,     28.3311,     56.6623,      0.0191,      0.0004,      0.2407,      0.2035,   7657.0806,-422894.6250,   -912.5446,    546.0862,  25523.6016,
       1,     167,     284,      11,       1,       3,       1,     10.0000,      1.3922,     42.4772,    246.4064,     62.0113,      3.4953,      0.1857,      0.1526,      7.7699,      0.1913,      5.5343,     11.0686,      1.6904,     28.3311,     56.6623,      0.0191,      0.0004,      0.2500,      0.2035,   7657.0806,-426497.6250,   -914.8901,    545.8405,  25523.6016,
       1,     167,     284,      12,       1,       3,       1,     10.0000,      1.3922,     42.4772,    246.4064,     62.0113,      3.4953,      0.1857,      0.1521,      9.6582,      0.2105,      5.5343,     11.0686,      1.8602,     28.3311,     56.6623,      0.0191,      0.0005,      0.2500,      0.2035,   7657.0806,-427683.6562,   -917.1546,    545.7596,  25523.6016,
       1,     167,     284,      13,       1,       3,       1,     10.0000,      1.3922,     42.4772,    246.4064,     62.0113,      3.4953,      0.1857,      0.1517,     11.2636,      0.2253,      5.5343,     11.0686,      1.9905,     28.3311,     56.6623,      0.0191,      0.0006,      0.2500,      0.2035,   7657.0806,-430143.0312,   -919.4369,    545.5917,  25523.6016,
       1,     167,     284,      14,       1,       3,       1,     10.0000,      1.3922,     42.4772,    246.4064,     62.0113,      3.4953,      0.1867,      0.1527,     22.7253,      0.2224,      5.5343,     11.0686,      1.9653,     28.3311,     56.6623,      0.0191,      0.0011,      0.2500,      0.2035,   7657.0806,-432357.7812,   -921.2827,    545.4407,  25523.6016,
       1,     167,     284,      15,       1,       3,       1,     10.0000,      1.3922,     42.4772,    246.4064,     62.0113,      3.4953,      0.1891,      0.1553,     53.3305,      0.2185,      5.5343,     11.0686,      1.9310,     28.3311,     56.6623,      0.0191,      0.0026,      0.2500,      0.2035,   7657.0806,-446861.8125,   -924.9600,    544.4518,  25523.6016,
       1,     167,     284,      16,       1,       3,       1,     10.0000,      1.3922,     42.4772,    246.4064,     62.0113,      3.4953,      0.1517,      0.1189,     51.3911,      0.1811,      5.5343,     11.0686,      1.6006,     28.3311,     56.6623,      0.0191,      0.0033,      0.1948,      0.2035,   7657.0806,-486333.1562,   -933.3095,    541.7665,  25523.6016,
       1,     167,     284,      17,       1,       3,       1,     10.0000,      1.3922,     42.4772,    246.4064,     62.0113,      3.4953,      0.1841,      0.1540,     66.0006,      0.1090,      5.5343,     11.0686,      0.9628,     28.3311,     56.6623,      0.0191,      0.0034,      0.2400,      0.2034,   7657.0806,-487285.9375,   -923.7825,    541.7086,  25523.4941,
       1,     167,     284,      18,       1,       3,       1,     10.0000,      1.3922,     42.4772,    246.4064,     62.0113,      3.4953,      0.1411,      0.1110,     53.9458,      0.1074,      5.5343,     11.0686,      0.9490,     28.3311,     56.6623,      0.0191,      0.0037,      0.1792,      0.2034,   7657.0483,-505633.2812,   -927.5750,    540.4662,  25523.6016,
       1,     167,     284,      19,       1,       3,       1,     10.0000,      1.3922,     42.4772,    246.4064,     62.0113,      3.4953,      0.0309,      0.0008,      7.5502,      0.1100,      5.5343,     11.0686,      0.9717,     28.3311,     56.6623,      0.0191,      0.0037,      0.0255,      0.2034,   7657.0806,-492111.0000,   -924.7639,    541.3812,  25523.4883,
       1,     167,     284,      20,       1,       3,       1,     10.0000,      1.3922,     42.4772,    246.4064,     62.0113,      3.4953,      0.0008,     -0.0294,      4.5228,      0.1109,      5.5343,     11.0686,      0.9797,     28.3311,     56.6623,      0.0191,      0.0036,      0.0156,      0.2034,   7657.0469,-432978.1250,   -913.4658,    545.3836,  25523.6016,
       1,     167,     284,      21,       1,       3,       1,     10.0000,      1.3922,     42.4772,    246.4064,     62.0113,      3.4953,      0.0000,     -0.0302,      3.3444,      0.1122,      5.5343,     11.0686,      0.9919,     28.3311,     56.6623,      0.0191,      0.0027,      0.0156,      0.2035,   7657.0806,-424198.8125,   -911.7637,    545.9970,  25523.6035,
       1,     167,     284,      22,       1,       3,       1,     10.0000,      1.3922,     42.4772,    246.4064,     62.0113,      3.4953,      0.0000,     -0.0304,      0.3422,      0.1154,      5.5343,     11.0686,      1.0197,     28.3311,     56.6623,      0.0191,      0.0003,      0.0156,      0.2035,   7657.0815,-421961.0938,   -911.7082,    546.1501,  25523.5996,
       1,     167,     284,      23,       1,       3,       1,     10.0000,      1.3922,     42.4772,    246.4064,     62.0113,      3.4953,      0.0000,     -0.0305,      0.2834,      0.1197,      5.5343,     11.0686,      1.0580,     28.3311,     56.6623,      0.0191,      0.0002,      0.0156,      0.2035,   7657.0801,-418021.3750,   -911.0153,    546.4191,  25523.6016,
       1,     167,     284,      24,       1,       3,       1,     10.0000,      1.3922,     42.4772,    246.4064,     62.0113,      3.4953,      0.0000,     -0.0305,      0.2828,      0.1195,      5.5343,     11.0686,      1.0558,     28.3311,     56.6623,      0.0191,      0.0002,      0.0156,      0.2035,   7657.0806,-417611.9062,   -910.9427,    546.4471,  25523.6016,
       1,     167,     285,       1,       1,       3,       1,     10.0000,      1.3922,     42.4776,    246.4122,     62.0127,      3.4953,      0.0000,     -0.0306,      0.2841,      0.1200,      5.5342,     11.0684,      1.0601,     28.3363,     56.6725,      0.0191,      0.0002,      0.0156,      0.2035,   7657.0806,-417731.7812,   -911.2236,    546.4518,  25524.7441,
       1,     167,     285,       2,       1,       3,       1,     10.0000,      1.3922,     42.4776,    246.4122,     62.0127,      3.4953,      0.0000,     -0.0305,      0.2834,      0.1197,      5.5342,     11.0684,      1.0580,     28.3363,     56.6725,      0.0191,      0.0002,      0.0156,      0.2035,   7657.4233,-417591.2812,   -910.9476,    546.4614,  25524.7441,
       1,     167,     285,       3,       1,       3,       1,     10.0000,      1.3922,     42.4776,    246.4122,     62.0127,      3.4953,      0.0000,     -0.0305,      0.2834,      0.1197,      5.5342,     11.0684,      1.0580,     28.3363,     56.6725,      0.0191,      0.0002,      0.0156,      0.2035,   7657.4233,-417578.4375,   -910.9466,    546.4623,  25524.7441,
       1,     167,     285,       4,       1,       3,       1,     10.0000,      1.3922,     42.4776,    246.4122,     62.0127,      3.4953,      0.0000,     -0.0306,      0.2844,      0.1201,      5.5342,     11.0684,      1.0612,     28.3363,     56.6725,      0.0191,      0.0002,      0.0156,      0.2035,   7657.4233,-417577.2812,   -910.9475,    546.4624,  25524.7441,
       1,     167,     285,       5,       1,       3,       1,     10.0000,      1.3922,     42.4776,    246.4122,     62.0127,      3.4953,      0.0000,     -0.0305,      0.2811,      0.1189,      5.5342,     11.0684,      1.0504,     28.3363,     56.6725,      0.0191,      0.0002,      0.0156,      0.2035,   7657.4233,-417578.5000,   -910.9493,    546.4623,  25524.7441,
       1,     167,     285,       6,       1,       3,       1,     10.0000,      1.3922,     42.4776,    246.4122,     62.0127,      3.4953,      0.0000,     -0.0305,      0.2818,      0.1191,      5.5342,     11.0684,      1.0526,     28.3363,     56.6725,      0.0191,      0.0002,      0.0156,      0.2035,   7657.4233,-417574.4062,   -910.9498,    546.4626,  25524.7461,
       1,     167,     285,       7,       1,       3,       1,     10.0000,      1.3922,     42.4776,    246.4122,     62.0127,      3.4953,      0.0000,     -0.0306,      0.2858,      0.1206,      5.5342,     11.0684,      1.0656,     28.3363,     56.6725,      0.0191,      0.0002,      0.0156,      0.2035,   7657.4243,-417574.5312,   -910.9505,    546.4625,  25524.7441,
       1,     167,     285,       8,       1,       3,       1,     10.0000,      1.3922,     42.4776,    246.4122,     62.0127,      3.4953,      0.0185,     -0.0122,      0.1420,      0.1222,      5.5342,     11.0684,      1.0798,     28.3363,     56.6725,      0.0191,      0.0002,      0.0076,      0.2035,   7657.4233,-417579.9375,   -910.9536,    546.4622,  25524.7441,
       1,     167,     285,       9,       1,       3,       1,     10.0000,      1.3922,     42.4776,    246.4122,     62.0127,      3.4953,      0.1334,      0.1023,      3.5563,      0.1328,      5.5342,     11.0684,      1.1737,     28.3363,     56.6725,      0.0191,      0.0003,      0.1738,      0.2035,   7657.4233,-417400.7812,   -911.0078,    546.4744,  25524.7461,
       1,     167,     285,      10,       1,       3,       1,     10.0000,      1.3922,     42.4776,    246.4122,     62.0127,      3.4953,      0.1805,      0.1487,      5.8804,      0.1542,      5.5342,     11.0684,      1.3628,     28.3363,     56.6725,      0.0191,      0.0003,      0.2422,      0.2035,   7657.4243,-421648.1250,   -912.3621,    546.1843,  25524.7441,
       1,     167,     285,      11,       1,       3,       1,     10.0000,      1.3922,     42.4776,    246.4122,     62.0127,      3.4953,      0.1857,      0.1531,      7.2237,      0.1795,      5.5342,     11.0684,      1.5864,     28.3363,     56.6725,      0.0191,      0.0004,      0.2500,      0.2035,   7657.4233,-424912.9375,   -914.0084,    545.9614,  25524.7441,
       1,     167,     285,      12,       1,       3,       1,     10.0000,      1.3922,     42.4776,    246.4122,     62.0127,      3.4953,      0.1857,      0.1525,      7.9669,      0.1955,      5.5342,     11.0684,      1.7276,     28.3363,     56.6725,      0.0191,      0.0004,      0.2500,      0.2035,   7657.4233,-426868.6250,   -916.3972,    545.8281,  25524.7441,
       1,     167,     285,      13,       1,       3,       1,     10.0000,      1.3922,     42.4776,    246.4122,     62.0127,      3.4953,      0.1856,      0.1519,      8.8523,      0.2143,      5.5342,     11.0684,      1.8935,     28.3363,     56.6725,      0.0191,      0.0004,      0.2500,      0.2035,   7657.4233,-427963.3438,   -918.2838,    545.7534,  25524.7441,
       1,     167,     285,      14,       1,       3,       1,     10.0000,      1.3922,     42.4776,    246.4122,     62.0127,      3.4953,      0.1856,      0.1514,      9.6230,      0.2304,      5.5342,     11.0684,      2.0359,     28.3363,     56.6725,      0.0191,      0.0005,      0.2500,      0.2035,   7657.4233,-429162.3438,   -920.2659,    545.6716,  25524.7461,
       1,     167,     285,      15,       1,       3,       1,     10.0000,      1.3922,     42.4776,    246.4122,     62.0127,      3.4953,      0.0790,      0.0449,     11.0721,      0.2286,      5.5342,     11.0684,      2.0200,     28.3363,     56.6725,      0.0191,      0.0015,      0.0918,      0.2035,   7657.4243,-430226.6250,   -922.1457,    545.5991,  25524.7461,
       1,     167,     285,      16,       1,       3,       1,     10.0000,      1.3922,     42.4776,    246.4122,     62.0127,      3.4953,      0.0225,     -0.0118,      2.5869,      0.2345,      5.5342,     11.0684,      2.0720,     28.3363,     56.6725,      0.0191,      0.0036,      0.0089,      0.2035,   7657.4243,-432126.7812,   -921.4172,    545.4694,  25524.7441,
       1,     167,     285,      17,       1,       3,       1,     10.0000,      1.3922,     42.4776,    246.4122,     62.0127,      3.4953,      0.0293,     -0.0043,      6.2880,      0.2116,      5.5342,     11.0684,      1.8694,     28.3363,     56.6725,      0.0191,      0.0040,      0.0193,      0.2035,   7657.4233,-421692.6562,   -919.7405,    546.1808,  25524.7441,
       1,     167,     285,      18,       1,       3,       1,     10.0000,      1.3922,     42.4776,    246.4122,     62.0127,      3.4953,      0.0399,      0.0072,     13.9264,      0.1795,      5.5342,     11.0684,      1.5864,     28.3363,     56.6725,      0.0191,      0.0049,      0.0350,      0.2035,   7657.4233,-425426.1562,   -919.2054,    545.9265,  25524.7441,
       1,     167,     285,      19,       1,       3,       1,     10.0000,      1.3922,     42.4776,    246.4122,     62.0127,      3.4953,      0.0410,      0.0088,     15.7571,      0.1664,      5.5342,     11.0684,      1.4707,     28.3363,     56.6725,      0.0191,      0.0053,      0.0369,      0.2035,   7657.4233,-435282.0625,   -921.4963,    545.2539,  25524.7461,
       1,     167,     285,      20,       1,       3,       1,     10.0000,      1.3922,     42.4776,    246.4122,     62.0127,      3.4953,      0.0028,     -0.0291,      7.1030,      0.1570,      5.5342,     11.0684,      1.3877,     28.3363,     56.6725,      0.0191,      0.0056,      0.0156,      0.2035,   7657.4243,-438409.1562,   -922.5543,    545.0412,  25524.7441,
       1,     167,     285,      21,       1,       3,       1,     10.0000,      1.3922,     42.4776,    246.4122,     62.0127,      3.4953,      0.0000,     -0.0318,      6.6656,      0.1522,      5.5342,     11.0684,      1.3452,     28.3363,     56.6725,      0.0191,      0.0053,      0.0156,      0.2035,   7657.4233,-427867.0625,   -920.8604,    545.7595,  25524.7441,
       1,     167,     285,      22,       1,       3,       1,     10.0000,      1.3922,     42.4776,    246.4122,     62.0127,      3.4953,      0.0000,     -0.0317,      5.0627,      0.1503,      5.5342,     11.0684,      1.3277,     28.3363,     56.6725,      0.0191,      0.0040,      0.0156,      0.2035,   7657.4233,-426423.9688,   -920.8686,    545.8584,  25524.7461,
       1,     167,     285,      23,       1,       3,       1,     10.0000,      1.3922,     42.4776,    246.4122,     62.0127,      3.4953,      0.0000,     -0.0316,      2.6362,      0.1470,      5.5342,     11.0684,      1.2986,     28.3363,     56.6725,      0.0191,      0.0021,      0.0156,      0.2035,   7657.4243,-424298.5938,   -920.7020,    546.0034,  25524.7422,
       1,     167,     285,      24,       1,       3,       1,     10.0000,      1.3922,     42.4776,    246.4122,     62.0127,      3.4953,      0.0000,     -0.0317,      2.1090,      0.1487,      5.5342,     11.0684,      1.3144,     28.3363,     56.6725,      0.0191,      0.0017,      0.0156,      0.2035,   7657.4229,-421088.1562,   -920.2203,    546.2226,  25524.7441,
       1,     167,     286,       1,       1,       3,       1,     10.0000,      1.3923,     42.4779,    246.4180,     62.0142,      3.4953,      0.0000,     -0.0315,      1.9517,      0.1437,      5.5352,     11.0705,      1.2701,     28.3290,     56.6579,      0.0191,      0.0015,      0.0156,      0.2035,   7657.4233,-420311.2500,   -920.4264,    546.2886,  25525.8867,
       1,     167,     286,       2,       1,       3,       1,     10.0000,      1.3923,     42.4779,    246.4180,     62.0142,      3.4953,      0.0000,     -0.0308,      1.1955,      0.1257,      5.5352,     11.0705,      1.1111,     28.3290,     56.6579,      0.0191,      0.0009,      0.0156,      0.2035,   7657.7661,-419896.1250,   -910.6636,    546.3170,  25525.8887,
       1,     167,     286,       3,       1,       3,       1,     10.0000,      1.3923,     42.4779,    246.4180,     62.0142,      3.4953,      0.0000,     -0.0308,      1.2657,      0.1259,      5.5352,     11.0705,      1.1122,     28.3290,     56.6579,      0.0191,      0.0010,      0.0156,      0.2035,   7657.7671,-418916.3438,   -910.4451,    546.3838,  25525.8906,
       1,     167,     286,       4,       1,       3,       1,     10.0000,      1.3923,     42.4779,    246.4180,     62.0142,      3.4953,      0.0000,     -0.0309,      1.2343,      0.1292,      5.5352,     11.0705,      1.1420,     28.3290,     56.6579,      0.0191,      0.0010,      0.0156,      0.2035,   7657.7676,-418920.3750,   -910.5355,    546.3835,  25525.8887,
       1,     167,     286,       5,       1,       3,       1,     10.0000,      1.3923,     42.4779,    246.4180,     62.0142,      3.4953,      0.0000,     -0.0308,      1.2131,      0.1269,      5.5352,     11.0705,      1.1213,     28.3290,     56.6579,      0.0191,      0.0010,      0.0156,      0.2035,   7657.7671,-418881.6250,   -910.6241,    546.3863,  25525.8887,
       1,     167,     286,       6,       1,       3,       1,     10.0000,      1.3923,     42.4779,    246.4180,     62.0142,      3.4953,      0.0000,     -0.0308,      0.5051,      0.1270,      5.5352,     11.0705,      1.1224,     28.3290,     56.6579,      0.0191,      0.0004,      0.0156,      0.2035,   7657.7671,-418851.7500,   -910.7205,    546.3882,  25525.8887,
       1,     167,     286,       7,       1,       3,       1,     10.0000,      1.3923,     42.4779,    246.4180,     62.0142,      3.4953,      0.0000,     -0.0310,      0.3255,      0.1307,      5.5352,     11.0705,      1.1549,     28.3290,     56.6579,      0.0191,      0.0003,      0.0156,      0.2035,   7657.7671,-417965.4062,   -910.5894,    546.4488,  25525.8887,
       1,     167,     286,       8,       1,       3,       1,     10.0000,      1.3923,     42.4779,    246.4180,     62.0142,      3.4953,      0.0150,     -0.0160,      0.0437,      0.1311,      5.5352,     11.0705,      1.1584,     28.3290,     56.6579,      0.0191,      0.0002,      0.0022,      0.2035,   7657.7671,-417665.5625,   -910.5394,    546.4692,  25525.8867,
       1,     167,     286,       9,       1,       3,       1,     10.0000,      1.3923,     42.4779,    246.4180,     62.0142,      3.4953,      0.1117,      0.0806,      2.9497,      0.1343,      5.5352,     11.0705,      1.1869,     28.3290,     56.6579,      0.0191,      0.0003,      0.1423,      0.2035,   7657.7661,-417288.5625,   -910.5090,    546.4950,  25525.8887,
       1,     167,     286,      10,       1,       3,       1,     10.0000,      1.3923,     42.4779,    246.4180,     62.0142,      3.4953,      0.1818,      0.1502,      5.8518,      0.1470,      5.5352,     11.0705,      1.2986,     28.3290,     56.6579,      0.0191,      0.0003,      0.2441,      0.2035,   7657.7671,-420883.9688,   -911.4913,    546.2495,  25525.8887,
       1,     167,     286,      11,       1,       3,       1,     10.0000,      1.3923,     42.4779,    246.4180,     62.0142,      3.4953,      0.1859,      0.1540,      7.2120,      0.1564,      5.5352,     11.0705,      1.3822,     28.3290,     56.6579,      0.0191,      0.0004,      0.2500,      0.2035,   7657.7671,-424813.8438,   -913.6951,    545.9811,  25525.8867,
       1,     167,     286,      12,       1,       3,       1,     10.0000,      1.3923,     42.4779,    246.4180,     62.0142,      3.4953,      0.1858,      0.1535,      6.7141,      0.1684,      5.5352,     11.0705,      1.4884,     28.3290,     56.6579,      0.0191,      0.0003,      0.2500,      0.2035,   7657.7661,-426847.5938,   -915.3787,    545.8424,  25525.8906,
       1,     167,     286,      13,       1,       3,       1,     10.0000,      1.3923,     42.4779,    246.4180,     62.0142,      3.4953,      0.1858,      0.1530,      7.5018,      0.1804,      5.5352,     11.0705,      1.5944,     28.3290,     56.6579,      0.0191,      0.0004,      0.2500,      0.2035,   7657.7676,-426398.6250,   -917.1714,    545.8730,  25525.8867,
       1,     167,     286,      14,       1,       3,       1,     10.0000,      1.3923,     42.4779,    246.4180,     62.0142,      3.4953,      0.1858,      0.1530,      8.9372,      0.1835,      5.5352,     11.0705,      1.6215,     28.3290,     56.6579,      0.0191,      0.0004,      0.2500,      0.2035,   7657.7661,-427344.5000,   -918.8138,    545.8085,  25525.8887,
       1,     167,     286,      15,       1,       3,       1,     10.0000,      1.3923,     42.4779,    246.4180,     62.0142,      3.4953,      0.1432,      0.1102,     15.0245,      0.1887,      5.5352,     11.0705,      1.6672,     28.3290,     56.6579,      0.0191,      0.0010,      0.1865,      0.2035,   7657.7671,-429216.9062,   -920.2076,    545.6808,  25525.8887,
       1,     167,     286,      16,       1,       3,       1,     10.0000,      1.3923,     42.4779,    246.4180,     62.0142,      3.4953,      0.1179,      0.0848,     25.0373,      0.1938,      5.5352,     11.0705,      1.7123,     28.3290,     56.6579,      0.0191,      0.0021,      0.1482,      0.2035,   7657.7671,-436977.3125,   -922.1078,    545.1514,  25525.8887,
       1,     167,     286,      17,       1,       3,       1,     10.0000,      1.3923,     42.4779,    246.4180,     62.0142,      3.4953,      0.0170,     -0.0164,      0.4730,      0.2022,      5.5352,     11.0705,      1.7866,     28.3290,     56.6579,      0.0191,      0.0029,      0.0020,      0.2035,   7657.7671,-450142.8125,   -924.9757,    544.2545,  25525.8887,
       1,     167,     286,      18,       1,       3,       1,     10.0000,      1.3923,     42.4779,    246.4180,     62.0142,      3.4953,      0.0360,      0.0026,      8.7264,      0.2016,      5.5352,     11.0705,      1.7814,     28.3290,     56.6579,      0.0191,      0.0037,      0.0291,      0.2035,   7657.7671,-420584.8438,   -919.7312,    546.2662,  25525.8887,
       1,     167,     286,      19,       1,       3,       1,     10.0000,      1.3923,     42.4779,    246.4180,     62.0142,      3.4953,      0.0237,     -0.0092,      3.7399,      0.1866,      5.5352,     11.0705,      1.6491,     28.3290,     56.6579,      0.0191,      0.0038,      0.0122,      0.2035,   7657.7671,-428381.7812,   -921.4689,    545.7375,  25525.8867,
       1,     167,     286,      20,       1,       3,       1,     10.0000,      1.3923,     42.4779,    246.4180,     62.0142,      3.4953,      0.0012,     -0.0309,      4.3406,      0.1623,      5.5352,     11.0705,      1.4344,     28.3290,     56.6579,      0.0191,      0.0034,      0.0156,      0.2035,   7657.7661,-422816.5625,   -920.6786,    546.1174,  25525.8887,
       1,     167,     286,      21,       1,       3,       1,     10.0000,      1.3923,     42.4779,    246.4180,     62.0142,      3.4953,      0.0000,     -0.0317,      4.2435,      0.1512,      5.5352,     11.0705,      1.3358,     28.3290,     56.6579,      0.0191,      0.0034,      0.0156,      0.2035,   7657.7671,-423092.1562,   -920.9175,    546.0987,  25525.8906,
       1,     167,     286,      22,       1,       3,       1,     10.0000,      1.3923,     42.4779,    246.4180,     62.0142,      3.4953,      0.0000,     -0.0317,      4.8630,      0.1491,      5.5352,     11.0705,      1.3171,     28.3290,     56.6579,      0.0191,      0.0039,      0.0156,      0.2035,   7657.7676,-422993.9688,   -921.1017,    546.1054,  25525.8887,
       1,     167,     286,      23,       1,       3,       1,     10.0000,      1.3923,     42.4779,    246.4180,     62.0142,      3.4953,      0.0000,     -0.0316,      4.6581,      0.1483,      5.5352,     11.0705,      1.3105,     28.3290,     56.6579,      0.0191,      0.0037,      0.0156,      0.2035,   7657.7671,-423759.3125,   -921.4540,    546.0532,  25525.8887,
       1,     167,     286,      24,       1,       3,       1,     10.0000,      1.3923,     42.4779,    246.4180,     62.0142,      3.4953,      0.0000,     -0.0314,      3.8499,      0.1419,      5.5352,     11.0705,      1.2536,     28.3290,     56.6579,      0.0191,      0.0031,      0.0156,      0.2035,   7657.7671,-423568.6562,   -921.5910,    546.0662,  25525.8887,
       1,     167,     287,       1,       1,       3,       1,     10.0000,      1.3923,     42.4782,    246.4239,     62.0157,      3.4953,      0.0000,     -0.0311,      2.3933,      0.1330,      5.5351,     11.0703,      1.1750,     28.3242,     56.6483,      0.0191,      0.0019,      0.0156,      0.2036,   7657.7671,-422698.6562,   -921.8521,    546.1385,  25527.0332,
       1,     167,     287,       2,       1,       3,       1,     10.0000,      1.3923,     42.4782,    246.4239,     62.0157,      3.4953,      0.0000,     -0.0309,      1.5874,      0.1294,      5.5351,     11.0703,      1.1432,     28.3242,     56.6483,      0.0191,      0.0013,      0.0156,      0.2036,   7658.1104,-420653.2812,   -921.2740,    546.2782,  25527.0332,
       1,     167,     287,       3,       1,       3,       1,     10.0000,      1.3923,     42.4782,    246.4239,     62.0157,      3.4953,      0.0000,     -0.0308,      1.4830,      0.1261,      5.5351,     11.0703,      1.1145,     28.3242,     56.6483,      0.0191,      0.0012,      0.0156,      0.2036,   7658.1104,-419472.9688,   -921.1049,    546.3588,  25527.0352,
       1,     167,     287,       4,       1,       3,       1,     10.0000,      1.3923,     42.4782,    246.4239,     62.0157,      3.4953,      0.0000,     -0.0310,      1.5075,      0.1303,      5.5351,     11.0703,      1.1514,     28.3242,     56.6483,      0.0191,      0.0012,      0.0156,      0.2036,   7658.1108,-419241.7500,   -921.0978,    546.3745,  25527.0332,
       1,     167,     287,       5,       1,       3,       1,     10.0000,      1.3923,     42.4782,    246.4239,     62.0157,      3.4953,      0.0000,     -0.0309,      1.3290,      0.1286,      5.5351,     11.0703,      1.1363,     28.3242,     56.6483,      0.0191,      0.0011,      0.0156,      0.2036,   7658.1104,-419252.9688,   -921.1326,    546.3738,  25527.0352,
       1,     167,     287,       6,       1,       3,       1,     10.0000,      1.3923,     42.4782,    246.4239,     62.0157,      3.4953,      0.0000,     -0.0308,      0.4580,      0.1273,      5.5351,     11.0703,      1.1248,     28.3242,     56.6483,      0.0191,      0.0004,      0.0156,      0.2036,   7658.1108,-419030.6875,   -921.1276,    546.3890,  25527.0332,
       1,     167,     287,       7,       1,       3,       1,     10.0000,      1.3923,     42.4782,    246.4239,     62.0157,      3.4953,      0.0000,     -0.0308,      0.3033,      0.1270,      5.5351,     11.0703,      1.1225,     28.3242,     56.6483,      0.0191,      0.0002,      0.0156,      0.2036,   7658.1104,-417924.6875,   -920.9294,    546.4645,  25527.0332,
       1,     167,     287,       8,       1,       3,       1,     10.0000,      1.3923,     42.4782,    246.4239,     62.0157,      3.4953,      0.0083,     -0.0226,      0.3114,      0.1291,      5.5351,     11.0703,      1.1409,     28.3242,     56.6483,      0.0191,      0.0002,      0.0156,      0.2036,   7658.1104,-417637.3125,   -920.8777,    546.4842,  25527.0352,
       1,     167,     287,       9,       1,       3,       1,     10.0000,      1.3923,     42.4782,    246.4239,     62.0157,      3.4953,      0.0876,      0.0565,      2.3089,      0.1343,      5.5351,     11.0703,      1.1869,     28.3242,     56.6483,      0.0191,      0.0003,      0.1073,      0.2036,   7658.1108,-417622.6875,   -920.8862,    546.4851,  25527.0332,
       1,     167,     287,      10,       1,       3,       1,     10.0000,      1.3923,     42.4782,    246.4239,     62.0157,      3.4953,      0.1367,      0.1047,      4.4809,      0.1590,      5.5351,     11.0703,      1.4046,     28.3242,     56.6483,      0.0191,      0.0003,      0.1783,      0.2036,   7658.1104,-420115.1875,   -921.4447,    546.3149,  25527.0332,
       1,     167,     287,      11,       1,       3,       1,     10.0000,      1.3923,     42.4782,    246.4239,     62.0157,      3.4953,      0.1778,      0.1443,      8.1238,      0.2072,      5.5351,     11.0703,      1.8313,     28.3242,     56.6483,      0.0191,      0.0004,      0.2384,      0.2036,   7658.1104,-423039.0625,   -922.2452,    546.1152,  25527.0352,
       1,     167,     287,      12,       1,       3,       1,     10.0000,      1.3923,     42.4782,    246.4239,     62.0157,      3.4953,      0.1856,      0.1518,      9.0857,      0.2192,      5.5351,     11.0703,      1.9368,     28.3242,     56.6483,      0.0191,      0.0004,      0.2500,      0.2036,   7658.1108,-427835.8438,   -923.5995,    545.7878,  25527.0352,
       1,     167,     287,      13,       1,       3,       1,     10.0000,      1.3923,     42.4782,    246.4239,     62.0157,      3.4953,      0.1856,      0.1513,      9.7761,      0.2336,      5.5351,     11.0703,      2.0640,     28.3242,     56.6483,      0.0191,      0.0005,      0.2500,      0.2035,   7658.1108,-429445.8438,   -924.5936,    545.6782,  25527.0332,
       1,     167,     287,      14,       1,       3,       1,     10.0000,      1.3923,     42.4782,    246.4239,     62.0157,      3.4953,      0.1857,      0.1520,      9.2829,      0.2134,      5.5351,     11.0703,      1.8861,     28.3242,     56.6483,      0.0191,      0.0005,      0.2500,      0.2035,   7658.1104,-430445.0000,   -925.0899,    545.6100,  25527.0332,
       1,     167,     287,      15,       1,       3,       1,     10.0000,      1.3923,     42.4782,    246.4239,     62.0157,      3.4953,      0.1876,      0.1550,     30.0670,      0.1753,      5.5351,     11.0703,      1.5490,     28.3242,     56.6483,      0.0191,      0.0015,      0.2500,      0.2035,   7658.1104,-429914.4688,   -925.1317,    545.6462,  25527.0332,
       1,     167,     287,      16,       1,       3,       1,     10.0000,      1.3923,     42.4782,    246.4239,     62.0157,      3.4953,      0.1923,      0.1605,     87.2951,      0.1528,      5.5351,     11.0703,      1.3506,     28.3242,     56.6483,      0.0191,      0.0043,      0.2500,      0.2035,   7658.1104,-455817.7500,   -930.2819,    543.8795,  25527.0332,
       1,     167,     287,      17,       1,       3,       1,     10.0000,      1.3923,     42.4782,    246.4239,     62.0157,      3.4953,      0.1872,      0.1558,     99.6405,      0.1414,      5.5351,     11.0703,      1.2498,     28.3242,     56.6483,      0.0191,      0.0051,      0.2410,      0.2035,   7658.1104,-529507.3750,   -943.9814,    538.8725,  25527.0332,
       1,     167,     287,      18,       1,       3,       1,     10.0000,      1.3923,     42.4782,    246.4239,     62.0157,      3.4953,      0.1494,      0.1180,     90.4808,      0.1419,      5.5351,     11.0703,      1.2536,     28.3242,     56.6483,      0.0191,      0.0060,      0.1871,      0.2034,   7658.1104,-551274.6875,   -947.5975,    537.4292,  25527.0332,
       1,     167,     287,      19,       1,       3,       1,     10.0000,      1.3923,     42.4782,    246.4239,     62.0157,      3.4953,      0.0466,      0.0153,     14.8143,      0.1397,      5.5351,     11.0703,      1.2348,     28.3242,     56.6483,      0.0191,      0.0040,      0.0461,      0.2034,   7658.1104,-541642.3125,   -946.7130,    538.0782,  25527.0332,
       1,     167,     287,      20,       1,       3,       1,     10.0000,      1.3923,     42.4782,    246.4239,     62.0157,      3.4953,      0.0022,     -0.0289,      2.8940,      0.1354,      5.5351,     11.0703,      1.1966,     28.3242,     56.6483,      0.0191,      0.0023,      0.0156,      0.2034,   7658.1104,-446192.5000,   -928.2299,    544.4986,  25527.0332,
       1,     167,     287,      21,       1,       3,       1,     10.0000,      1.3923,     42.4782,    246.4239,     62.0157,      3.4953,      0.0000,     -0.0311,      1.6682,      0.1342,      5.5351,     11.0703,      1.1857,     28.3242,     56.6483,      0.0191,      0.0013,      0.0156,      0.2035,   7658.1104,-423323.1562,   -924.0305,    546.0935,  25527.0312,
       1,     167,     287,      22,       1,       3,       1,     10.0000,      1.3923,     42.4782,    246.4239,     62.0157,      3.4953,      0.0000,     -0.0310,      0.7983,      0.1324,      5.5351,     11.0703,      1.1702,     28.3242,     56.6483,      0.0191,      0.0006,      0.0156,      0.2036,   7658.1099,-419804.3438,   -923.4221,    546.3361,  25527.0332,
       1,     167,     287,      23,       1,       3,       1,     10.0000,      1.3923,     42.4782,    246.4239,     62.0157,      3.4953,      0.0000,     -0.0310,      0.5765,      0.1318,      5.5351,     11.0703,      1.1643,     28.3242,     56.6483,      0.0191,      0.0005,      0.0156,      0.2036,   7658.1104,-418415.6562,   -923.1749,    546.4310,  25527.0332,
       1,     167,     287,      24,       1,       3,       1,     10.0000,      1.3923,     42.4782,    246.4239,     62.0157,      3.4953,      0.0000,     -0.0310,      0.4637,      0.1311,      5.5351,     11.0703,      1.1584,     28.3242,     56.6483,      0.0191,      0.0004,      0.0156,      0.2036,   7658.1104,-418020.1875,   -923.1088,    546.4580,  25527.0332,
       1,     167,     288,       1,       1,       3,       1,     10.0000,      1.3923,     42.4786,    246.4297,     62.0172,      3.4953,      0.0000,     -0.0311,      0.3246,      0.1339,      5.5349,     11.0697,      1.1834,     28.3280,     56.6560,      0.0191,      0.0003,      0.0156,      0.2036,   7658.1104,-418001.6562,   -923.3810,    546.4722,  25528.1797,
       1,     167,     288,       2,       1,       3,       1,     10.0000,      1.3923,     42.4786,    246.4297,     62.0172,      3.4953,      0.0000,     -0.0311,      0.3480,      0.1326,      5.5349,     11.0697,      1.1714,     28.3280,     56.6560,      0.0191,      0.0003,      0.0156,      0.2036,   7658.4541,-417673.4688,   -923.0552,    546.4946,  25528.1797,
       1,     167,     288,       3,       1,       3,       1,     10.0000,      1.3923,     42.4786,    246.4297,     62.0172,      3.4953,      0.0000,     -0.0310,      0.3177,      0.1323,      5.5349,     11.0697,      1.1691,     28.3280,     56.6560,      0.0191,      0.0003,      0.0156,      0.2036,   7658.4541,-417674.7188,   -923.0581,    546.4945,  25528.1797,
       1,     167,     288,       4,       1,       3,       1,     10.0000,      1.3923,     42.4786,    246.4297,     62.0172,      3.4953,      0.0000,     -0.0310,      0.3126,      0.1304,      5.5349,     11.0697,      1.1526,     28.3280,     56.6560,      0.0191,      0.0002,      0.0156,      0.2036,   7658.4541,-417636.8750,   -923.0526,    546.4970,  25528.1797,
       1,     167,     288,       5,       1,       3,       1,     10.0000,      1.3923,     42.4786,    246.4297,     62.0172,      3.4953,      0.0000,     -0.0309,      0.3567,      0.1289,      5.5349,     11.0697,      1.1386,     28.3280,     56.6560,      0.0191,      0.0003,      0.0156,      0.2036,   7658.4541,-417627.4688,   -923.0525,    546.4977,  25528.1816,
       1,     167,     288,       6,       1,       3,       1,     10.0000,      1.3923,     42.4786,    246.4297,     62.0172,      3.4953,      0.0000,     -0.0309,      0.5707,      0.1278,      5.5349,     11.0697,      1.1294,     28.3280,     56.6560,      0.0191,      0.0005,      0.0156,      0.2036,   7658.4546,-417681.4375,   -923.0652,    546.4940,  25528.1797,
       1,     167,     288,       7,       1,       3,       1,     10.0000,      1.3923,     42.4786,    246.4297,     62.0172,      3.4953,      0.0000,     -0.0309,      0.4314,      0.1287,      5.5349,     11.0697,      1.1374,     28.3280,     56.6560,      0.0191,      0.0003,      0.0156,      0.2036,   7658.4541,-417953.3125,   -923.1279,    546.4755,  25528.1816,
       1,     167,     288,       8,       1,       3,       1,     10.0000,      1.3923,     42.4786,    246.4297,     62.0172,      3.4953,      0.0296,     -0.0014,      0.8165,      0.1307,      5.5349,     11.0697,      1.1549,     28.3280,     56.6560,      0.0191,      0.0004,      0.0234,      0.2036,   7658.4546,-417802.4062,   -923.1050,    546.4857,  25528.1797,
       1,     167,     288,       9,       1,       3,       1,     10.0000,      1.3923,     42.4786,    246.4297,     62.0172,      3.4953,      0.1254,      0.0941,      4.1085,      0.1402,      5.5349,     11.0697,      1.2385,     28.3280,     56.6560,      0.0191,      0.0003,      0.1621,      0.2036,   7658.4541,-418270.4375,   -923.2305,    546.4538,  25528.1797,
       1,     167,     288,      10,       1,       3,       1,     10.0000,      1.3923,     42.4786,    246.4297,     62.0172,      3.4953,      0.1504,      0.1182,      5.2306,      0.1658,      5.5349,     11.0697,      1.4649,     28.3280,     56.6560,      0.0191,      0.0003,      0.1984,      0.2036,   7658.4541,-422419.2500,   -924.1375,    546.1705,  25528.1816,
       1,     167,     288,      11,       1,       3,       1,     10.0000,      1.3923,     42.4786,    246.4297,     62.0172,      3.4953,      0.1857,      0.1529,      7.3811,      0.1810,      5.5349,     11.0697,      1.5992,     28.3280,     56.6560,      0.0191,      0.0004,      0.2499,      0.2036,   7658.4546,-424173.4688,   -924.6348,    546.0507,  25528.1797,
       1,     167,     288,      12,       1,       3,       1,     10.0000,      1.3923,     42.4786,    246.4297,     62.0172,      3.4953,      0.1762,      0.1428,      7.9198,      0.2044,      5.5349,     11.0697,      1.8062,     28.3280,     56.6560,      0.0191,      0.0004,      0.2361,      0.2036,   7658.4541,-427007.5312,   -925.4954,    545.8574,  25528.1797,
       1,     167,     288,      13,       1,       3,       1,     10.0000,      1.3923,     42.4786,    246.4297,     62.0172,      3.4953,      0.1740,      0.1400,      9.6964,      0.2255,      5.5349,     11.0697,      1.9927,     28.3280,     56.6560,      0.0191,      0.0005,      0.2328,      0.2036,   7658.4541,-427921.4688,   -925.9691,    545.7949,  25528.1797,
       1,     167,     288,      14,       1,       3,       1,     10.0000,      1.3923,     42.4786,    246.4297,     62.0172,      3.4953,      0.1861,      0.1534,     12.0355,      0.1803,      5.5349,     11.0697,      1.5928,     28.3280,     56.6560,      0.0191,      0.0006,      0.2500,      0.2036,   7658.4541,-430217.0938,   -926.6929,    545.6383,  25528.1797,
       1,     167,     288,      15,       1,       3,       1,     10.0000,      1.3923,     42.4786,    246.4297,     62.0172,      3.4953,      0.1888,      0.1554,     47.4278,      0.2030,      5.5349,     11.0697,      1.7938,     28.3280,     56.6560,      0.0191,      0.0023,      0.2500,      0.2036,   7658.4541,-433332.8125,   -927.5171,    545.4258,  25528.1816,
       1,     167,     288,      16,       1,       3,       1,     10.0000,      1.3923,     42.4786,    246.4297,     62.0172,      3.4953,      0.1909,      0.1567,     76.8334,      0.2300,      5.5349,     11.0697,      2.0321,     28.3280,     56.6560,      0.0191,      0.0038,      0.2500,      0.2036,   7658.4546,-477781.8125,   -936.4481,    542.3954,  25528.1797,
       1,     167,     288,      17,       1,       3,       1,     10.0000,      1.3923,     42.4786,    246.4297,     62.0172,      3.4953,      0.1929,      0.1595,    100.8172,      0.2026,      5.5349,     11.0697,      1.7903,     28.3280,     56.6560,      0.0191,      0.0050,      0.2500,      0.2035,   7658.4541,-518323.7812,   -944.7400,    539.6552,  25528.1797,
       1,     167,     288,      18,       1,       3,       1,     10.0000,      1.3923,     42.4786,    246.4297,     62.0172,      3.4953,      0.1808,      0.1487,     95.9797,      0.1607,      5.5349,     11.0697,      1.4202,     28.3280,     56.6560,      0.0191,      0.0051,      0.2323,      0.2035,   7658.4541,-551758.7500,   -951.7646,    537.4067,  25528.1797,
       1,     167,     288,      19,       1,       3,       1,     10.0000,      1.3923,     42.4786,    246.4297,     62.0172,      3.4953,      0.1037,      0.0722,     30.8314,      0.1440,      5.5349,     11.0697,      1.2728,     28.3280,     56.6560,      0.0191,      0.0030,      0.1273,      0.2034,   7658.4541,-548552.7500,   -951.6995,    537.6266,  25528.1777,
       1,     167,     288,      20,       1,       3,       1,     10.0000,      1.3923,     42.4786,    246.4297,     62.0172,      3.4953,      0.0036,     -0.0277,      4.5253,      0.1369,      5.5349,     11.0697,      1.2100,     28.3280,     56.6560,      0.0191,      0.0036,      0.0156,      0.2034,   7658.4536,-466798.7188,   -936.1622,    543.1208,  25528.1777,
       1,     167,     288,      21,       1,       3,       1,     10.0000,      1.3923,     42.4786,    246.4297,     62.0172,      3.4953,      0.0000,     -0.0312,      6.1524,      0.1361,      5.5349,     11.0697,      1.2027,     28.3280,     56.6560,      0.0191,      0.0049,      0.0156,      0.2035,   7658.4536,-427093.2500,   -928.5264,    545.8446,  25528.1777,
       1,     167,     288,      22,       1,       3,       1,     10.0000,      1.3923,     42.4786,    246.4297,     62.0172,      3.4953,      0.0000,     -0.0314,      4.8606,      0.1426,      5.5349,     11.0697,      1.2600,     28.3280,     56.6560,      0.0191,      0.0039,      0.0156,      0.2036,   7658.4536,-425731.2500,   -928.2811,    545.9443,  25528.1777,
       1,     167,     288,      23,       1,       3,       1,     10.0000,      1.3923,     42.4786,    246.4297,     62.0172,      3.4953,      0.0000,     -0.0314,      2.1574,      0.1419,      5.5349,     11.0697,      1.2536,     28.3280,     56.6560,      0.0191,      0.0017,      0.0156,      0.2036,   7658.4536,-423994.2188,   -927.9609,    546.0630,  25528.1777,
       1,     167,     288,      24,       1,       3,       1,     10.0000,      1.3923,     42.4786,    246.4297,     62.0172,      3.4953,      0.0000,     -0.0316,      1.5061,      0.1464,      5.5349,     11.0697,      1.2935,     28.3280,     56.6560,      0.0191,      0.0012,      0.0156,      0.2036,   7658.4536,-420471.8750,   -927.2849,    546.3034,  25528.1797,
       1,     167,     289,       1,       1,       3,       1,     10.0000,      1.3923,     42.4789,    246.4355,     62.0186,      3.4953,      0.0000,     -0.0314,      0.9532,      0.1426,      5.5343,     11.0685,      1.2600,     28.3355,     56.6710,      0.0191,      0.0008,      0.0156,      0.2036,   7658.4541,-419514.1875,   -927.3809,    546.3817,  25529.3242,
       1,     167,     289,       2,       1,       3,       1,     10.0000,      1.3923,     42.4789,    246.4355,     62.0186,      3.4953,      0.0000,     -0.0313,      0.8863,      0.1381,      5.5343,     11.0685,      1.2199,     28.3355,     56.6710,      0.0191,      0.0007,      0.0156,      0.2036,   7658.7974,-418589.8438,   -926.9308,    546.4448,  25529.3242,
       1,     167,     289,       3,       1,       3,       1,     10.0000,      1.3923,     42.4789,    246.4355,     62.0186,      3.4953,      0.0000,     -0.0311,      0.8616,      0.1332,      5.5343,     11.0685,      1.1774,     28.3355,     56.6710,      0.0191,      0.0007,      0.0156,      0.2036,   7658.7974,-418427.5938,   -926.9017,    546.4559,  25529.3203,
       1,     167,     289,       4,       1,       3,       1,     10.0000,      1.3923,     42.4789,    246.4355,     62.0186,      3.4953,      0.0000,     -0.0310,      0.9872,      0.1323,      5.5343,     11.0685,      1.1691,     28.3355,     56.6710,      0.0191,      0.0008,      0.0156,      0.2036,   7658.7964,-418383.2500,   -926.8965,    546.4590,  25529.3223,
       1,     167,     289,       5,       1,       3,       1,     10.0000,      1.3923,     42.4789,    246.4355,     62.0186,      3.4953,      0.0000,     -0.0310,      1.4119,      0.1315,      5.5343,     11.0685,      1.1620,     28.3355,     56.6710,      0.0191,      0.0011,      0.0156,      0.2036,   7658.7969,-418535.9688,   -926.9269,    546.4485,  25529.3223,
       1,     167,     289,       6,       1,       3,       1,     10.0000,      1.3923,     42.4789,    246.4355,     62.0186,      3.4953,      0.0000,     -0.0309,      1.1719,      0.1290,      5.5343,     11.0685,      1.1398,     28.3355,     56.6710,      0.0191,      0.0009,      0.0156,      0.2036,   7658.7969,-419079.0000,   -927.0332,    546.4114,  25529.3223,
       1,     167,     289,       7,       1,       3,       1,     10.0000,      1.3923,     42.4789,    246.4355,     62.0186,      3.4953,      0.0000,     -0.0308,      0.5234,      0.1268,      5.5343,     11.0685,      1.1202,     28.3355,     56.6710,      0.0191,      0.0004,      0.0156,      0.2036,   7658.7969,-418825.7812,   -926.9851,    546.4286,  25529.3223,
       1,     167,     289,       8,       1,       3,       1,     10.0000,      1.3923,     42.4789,    246.4355,     62.0186,      3.4953,      0.0199,     -0.0110,      0.2499,      0.1279,      5.5343,     11.0685,      1.1305,     28.3355,     56.6710,      0.0191,      0.0003,      0.0094,      0.2036,   7658.7969,-417994.9688,   -926.8257,    546.4854,  25529.3223,
       1,     167,     289,       9,       1,       3,       1,     10.0000,      1.3923,     42.4789,    246.4355,     62.0186,      3.4953,      0.0742,      0.0429,      2.0374,      0.1392,      5.5343,     11.0685,      1.2298,     28.3355,     56.6710,      0.0191,      0.0003,      0.0878,      0.2036,   7658.7969,-417582.7500,   -926.7443,    546.5136,  25529.3223,
       1,     167,     289,      10,       1,       3,       1,     10.0000,      1.3923,     42.4789,    246.4355,     62.0186,      3.4953,      0.1326,      0.1003,      4.5640,      0.1664,      5.5343,     11.0685,      1.4708,     28.3355,     56.6710,      0.0191,      0.0003,      0.1723,      0.2036,   7658.7969,-419778.3438,   -927.1713,    546.3636,  25529.3242,
       1,     167,     289,      11,       1,       3,       1,     10.0000,      1.3923,     42.4789,    246.4355,     62.0186,      3.4953,      0.1378,      0.1046,      5.8319,      0.1986,      5.5343,     11.0685,      1.7553,     28.3355,     56.6710,      0.0191,      0.0004,      0.1797,      0.2036,   7658.7974,-423118.5938,   -927.8095,    546.1355,  25529.3223,
       1,     167,     289,      12,       1,       3,       1,     10.0000,      1.3923,     42.4789,    246.4355,     62.0186,      3.4953,      0.1561,      0.1227,      6.9442,      0.2048,      5.5343,     11.0685,      1.8098,     28.3355,     56.6710,      0.0191,      0.0004,      0.2066,      0.2036,   7658.7969,-424986.0938,   -928.1525,    546.0081,  25529.3242,
       1,     167,     289,      13,       1,       3,       1,     10.0000,      1.3923,     42.4789,    246.4355,     62.0186,      3.4953,      0.1856,      0.1515,      9.4839,      0.2275,      5.5343,     11.0685,      2.0104,     28.3355,     56.6710,      0.0191,      0.0005,      0.2500,      0.2036,   7658.7974,-426533.1562,   -928.4255,    545.9025,  25529.3203,
       1,     167,     289,      14,       1,       3,       1,     10.0000,      1.3923,     42.4789,    246.4355,     62.0186,      3.4953,      0.1864,      0.1547,     12.5639,      0.1491,      5.5343,     11.0685,      1.3172,     28.3355,     56.6710,      0.0191,      0.0006,      0.2500,      0.2036,   7658.7964,-429835.4688,   -928.8425,    545.6772,  25529.3223,
       1,     167,     289,      15,       1,       3,       1,     10.0000,      1.3923,     42.4789,    246.4355,     62.0186,      3.4953,      0.1887,      0.1576,     39.8605,      0.1338,      5.5343,     11.0685,      1.1822,     28.3355,     56.6710,      0.0191,      0.0020,      0.2500,      0.2036,   7658.7969,-433961.0938,   -930.1387,    545.3959,  25529.3203,
       1,     167,     289,      16,       1,       3,       1,     10.0000,      1.3923,     42.4789,    246.4355,     62.0186,      3.4953,      0.1909,      0.1596,     67.9461,      0.1395,      5.5343,     11.0685,      1.2323,     28.3355,     56.6710,      0.0191,      0.0034,      0.2500,      0.2036,   7658.7964,-468386.0625,   -936.9037,    543.0490,  25529.3223,
       1,     167,     289,      17,       1,       3,       1,     10.0000,      1.3923,     42.4789,    246.4355,     62.0186,      3.4953,      0.1728,      0.1412,     67.4230,      0.1480,      5.5343,     11.0685,      1.3079,     28.3355,     56.6710,      0.0191,      0.0037,      0.2238,      0.2036,   7658.7969,-506406.5938,   -944.4882,    540.4731,  25529.3223,
       1,     167,     289,      18,       1,       3,       1,     10.0000,      1.3923,     42.4789,    246.4355,     62.0186,      3.4953,      0.1372,      0.1057,     69.0575,      0.1449,      5.5343,     11.0685,      1.2805,     28.3355,     56.6710,      0.0191,      0.0050,      0.1716,      0.2035,   7658.7969,-508995.8750,   -945.4822,    540.3043,  25529.3203,
       1,     167,     289,      19,       1,       3,       1,     10.0000,      1.3923,     42.4789,    246.4355,     62.0186,      3.4953,      0.0506,      0.0193,      5.2981,      0.1390,      5.5343,     11.0685,      1.2286,     28.3355,     56.6710,      0.0191,      0.0012,      0.0531,      0.2035,   7658.7964,-511250.8438,   -946.3811,    540.1520,  25529.3223,
       1,     167,     289,      20,       1,       3,       1,     10.0000,      1.3923,     42.4789,    246.4355,     62.0186,      3.4953,      0.0021,     -0.0290,      0.6586,      0.1343,      5.5343,     11.0685,      1.1870,     28.3355,     56.6710,      0.0191,      0.0005,      0.0156,      0.2035,   7658.7969,-431760.3750,   -931.0056,    545.5192,  25529.3223,
       1,     167,     289,      21,       1,       3,       1,     10.0000,      1.3923,     42.4789,    246.4355,     62.0186,      3.4953,      0.0000,     -0.0311,      0.6842,      0.1334,      5.5343,     11.0685,      1.1786,     28.3355,     56.6710,      0.0191,      0.0005,      0.0156,      0.2036,   7658.7969,-419297.8438,   -927.1312,    546.3958,  25529.3223,
       1,     167,     289,      22,       1,       3,       1,     10.0000,      1.3923,     42.4789,    246.4355,     62.0186,      3.4953,      0.0000,     -0.0310,      0.9579,      0.1319,      5.5343,     11.0685,      1.1655,     28.3355,     56.6710,      0.0191,      0.0008,      0.0156,      0.2036,   7658.7969,-418236.7188,   -926.9417,    546.4689,  25529.3242,
       1,     167,     289,      23,       1,       3,       1,     10.0000,      1.3923,     42.4789,    246.4355,     62.0186,      3.4953,      0.0000,     -0.0311,      0.8171,      0.1332,      5.5343,     11.0685,      1.1774,     28.3355,     56.6710,      0.0191,      0.0006,      0.0156,      0.2036,   7658.7974,-418486.8125,   -927.0063,    546.4519,  25529.3223,
       1,     167,     289,      24,       1,       3,       1,     10.0000,      1.3923,     42.4789,    246.4355,     62.0186,      3.4953,      0.0000,     -0.0311,      0.8552,      0.1339,      5.5343,     11.0685,      1.1834,     28.3355,     56.6710,      0.0191,      0.0007,      0.0156,      0.2036,   7658.7969,-418332.5000,   -925.9904,    546.4624,  25529.3242,
       1,     167,     290,       1,       1,       3,       1,     10.0000,      1.3923,     42.4792,    246.4413,     62.0201,      3.4953,      0.0000,     -0.0311,      0.4914,      0.1327,      5.5354,     11.0708,      1.1727,     28.3370,     56.6741,      0.0191,      0.0004,      0.0156,      0.2036,   7658.7974,-418522.1562,   -926.3230,    546.4623,  25530.4668,
       1,     167,     290,       2,       1,       3,       1,     10.0000,      1.3923,     42.4792,    246.4413,     62.0201,      3.4953,      0.0000,     -0.0310,      0.4374,      0.1320,      5.5354,     11.0708,      1.1667,     28.3370,     56.6741,      0.0191,      0.0003,      0.0156,      0.2036,   7659.1401,-417931.9688,   -925.9532,    546.5025,  25530.4648,
       1,     167,     290,       3,       1,       3,       1,     10.0000,      1.3923,     42.4792,    246.4413,     62.0201,      3.4953,      0.0000,     -0.0310,      0.4375,      0.1306,      5.5354,     11.0708,      1.1538,     28.3370,     56.6741,      0.0191,      0.0003,      0.0156,      0.2036,   7659.1396,-417814.6250,   -925.9380,    546.5106,  25530.4688,
       1,     167,     290,       4,       1,       3,       1,     10.0000,      1.3923,     42.4792,    246.4413,     62.0201,      3.4953,      0.0000,     -0.0310,      0.5815,      0.1299,      5.5354,     11.0708,      1.1479,     28.3370,     56.6741,      0.0191,      0.0005,      0.0156,      0.2036,   7659.1411,-417804.2812,   -925.9419,    546.5113,  25530.4648,
       1,     167,     290,       5,       1,       3,       1,     10.0000,      1.3923,     42.4792,    246.4413,     62.0201,      3.4953,      0.0000,     -0.0309,      0.4044,      0.1294,      5.5354,     11.0708,      1.1433,     28.3370,     56.6741,      0.0191,      0.0003,      0.0156,      0.2036,   7659.1396,-417983.3438,   -925.9879,    546.4990,  25530.4668,
       1,     167,     290,       6,       1,       3,       1,     10.0000,      1.3923,     42.4792,    246.4413,     62.0201,      3.4953,      0.0000,     -0.0309,      0.4293,      0.1281,      5.5354,     11.0708,      1.1317,     28.3370,     56.6741,      0.0191,      0.0003,      0.0156,      0.2036,   7659.1401,-417777.5625,   -925.9533,    546.5131,  25530.4668,
       1,     167,     290,       7,       1,       3,       1,     10.0000,      1.3923,     42.4792,    246.4413,     62.0201,      3.4953,      0.0000,     -0.0309,      0.3047,      0.1276,      5.5354,     11.0708,      1.1271,     28.3370,     56.6741,      0.0191,      0.0002,      0.0156,      0.2036,   7659.1401,-417791.0000,   -925.9626,    546.5122,  25530.4668,
       1,     167,     290,       8,       1,       3,       1,     10.0000,      1.3923,     42.4792,    246.4413,     62.0201,      3.4953,      0.0187,     -0.0123,      0.1498,      0.1291,      5.5354,     11.0708,      1.1410,     28.3370,     56.6741,      0.0191,      0.0002,      0.0076,      0.2036,   7659.1401,-417636.6562,   -925.9344,    546.5227,  25530.4668,
       1,     167,     290,       9,       1,       3,       1,     10.0000,      1.3923,     42.4792,    246.4413,     62.0201,      3.4953,      0.1507,      0.1191,      4.5717,      0.1471,      5.5354,     11.0708,      1.3001,     28.3370,     56.6741,      0.0191,      0.0003,      0.1988,      0.2036,   7659.1401,-417430.2812,   -925.9195,    546.5369,  25530.4668,
       1,     167,     290,      10,       1,       3,       1,     10.0000,      1.3923,     42.4792,    246.4413,     62.0201,      3.4953,      0.1530,      0.1207,      5.3853,      0.1673,      5.5354,     11.0708,      1.4782,     28.3370,     56.6741,      0.0191,      0.0003,      0.2021,      0.2036,   7659.1401,-422930.3125,   -927.2568,    546.1611,  25530.4688,
       1,     167,     290,      11,       1,       3,       1,     10.0000,      1.3923,     42.4792,    246.4413,     62.0201,      3.4953,      0.1405,      0.1074,      5.7424,      0.1923,      5.5354,     11.0708,      1.6990,     28.3370,     56.6741,      0.0191,      0.0004,      0.1837,      0.2036,   7659.1411,-424414.7500,   -927.8334,    546.0599,  25530.4668,
       1,     167,     290,      12,       1,       3,       1,     10.0000,      1.3923,     42.4792,    246.4413,     62.0201,      3.4953,      0.1728,      0.1395,      7.5764,      0.2004,      5.5354,     11.0708,      1.7710,     28.3370,     56.6741,      0.0191,      0.0004,      0.2311,      0.2036,   7659.1401,-424986.8125,   -928.1776,    546.0208,  25530.4668,
       1,     167,     290,      13,       1,       3,       1,     10.0000,      1.3923,     42.4792,    246.4413,     62.0201,      3.4953,      0.1856,      0.1515,      9.5485,      0.2289,      5.5354,     11.0708,      2.0222,     28.3370,     56.6741,      0.0191,      0.0005,      0.2500,      0.2036,   7659.1401,-427324.3125,   -928.9335,    545.8613,  25530.4668,
       1,     167,     290,      14,       1,       3,       1,     10.0000,      1.3923,     42.4792,    246.4413,     62.0201,      3.4953,      0.1224,      0.0879,     12.1990,      0.2420,      5.5354,     11.0708,      2.1380,     28.3370,     56.6741,      0.0191,      0.0010,      0.1558,      0.2036,   7659.1401,-429984.8125,   -930.0148,    545.6798,  25530.4648,
       1,     167,     290,      15,       1,       3,       1,     10.0000,      1.3923,     42.4792,    246.4413,     62.0201,      3.4953,      0.0769,      0.0420,     16.3360,      0.2600,      5.5354,     11.0708,      2.2975,     28.3370,     56.6741,      0.0191,      0.0023,      0.0875,      0.2036,   7659.1396,-433519.6250,   -930.8661,    545.4387,  25530.4668,
       1,     167,     290,      16,       1,       3,       1,     10.0000,      1.3923,     42.4792,    246.4413,     62.0201,      3.4953,      0.1161,      0.0809,     46.1741,      0.2679,      5.5354,     11.0708,      2.3675,     28.3370,     56.6741,      0.0191,      0.0040,      0.1424,      0.2036,   7659.1401,-438984.0000,   -932.0798,    545.0662,  25530.4648,
       1,     167,     290,      17,       1,       3,       1,     10.0000,      1.3923,     42.4792,    246.4413,     62.0201,      3.4953,      0.1113,      0.0758,     56.6331,      0.2869,      5.5354,     11.0708,      2.5355,     28.3370,     56.6741,      0.0191,      0.0052,      0.1340,      0.2036,   7659.1396,-476693.9062,   -939.6903,    542.4971,  25530.4668,
       1,     167,     290,      18,       1,       3,       1,     10.0000,      1.3923,     42.4792,    246.4413,     62.0201,      3.4953,      0.0938,      0.0600,     52.2600,      0.2179,      5.5354,     11.0708,      1.9256,     28.3370,     56.6741,      0.0191,      0.0059,      0.1091,      0.2036,   7659.1401,-492981.8438,   -943.2665,    541.3986,  25530.4648,
       1,     167,     290,      19,       1,       3,       1,     10.0000,      1.3923,     42.4792,    246.4413,     62.0201,      3.4953,      0.0290,     -0.0033,     10.3532,      0.1691,      5.5354,     11.0708,      1.4945,     28.3370,     56.6741,      0.0191,      0.0065,      0.0198,      0.2036,   7659.1396,-488898.5938,   -942.8893,    541.6760,  25530.4648,
       1,     167,     290,      20,       1,       3,       1,     10.0000,      1.3923,     42.4792,    246.4413,     62.0201,      3.4953,      0.0007,     -0.0310,      9.0182,      0.1516,      5.5354,     11.0708,      1.3399,     28.3370,     56.6741,      0.0191,      0.0072,      0.0156,      0.2036,   7659.1396,-436203.1875,   -932.8959,    545.2441,  25530.4629,
       1,     167,     290,      21,       1,       3,       1,     10.0000,      1.3923,     42.4792,    246.4413,     62.0201,      3.4953,      0.0000,     -0.0315,     10.0329,      0.1443,      5.5354,     11.0708,      1.2754,     28.3370,     56.6741,      0.0191,      0.0080,      0.0156,      0.2036,   7659.1392,-430093.8750,   -931.8087,    545.6722,  25530.4648,
       1,     167,     290,      22,       1,       3,       1,     10.0000,      1.3923,     42.4792,    246.4413,     62.0201,      3.4953,      0.0000,     -0.0314,     10.9215,      0.1419,      5.5354,     11.0708,      1.2537,     28.3370,     56.6741,      0.0191,      0.0087,      0.0156,      0.2036,   7659.1396,-430825.6562,   -932.0547,    545.6225,  25530.4648,
       1,     167,     290,      23,       1,       3,       1,     10.0000,      1.3923,     42.4792,    246.4413,     62.0201,      3.4953,      0.0000,     -0.0313,      6.6460,      0.1396,      5.5354,     11.0708,      1.2336,     28.3370,     56.6741,      0.0191,      0.0053,      0.0156,      0.2036,   7659.1396,-431996.7500,   -932.3848,    545.5427,  25530.4648,
       1,     167,     290,      24,       1,       3,       1,     10.0000,      1.3923,     42.4792,    246.4413,     62.0201,      3.4953,      0.0000,     -0.0311,      3.2849,      0.1349,      5.5354,     11.0708,      1.1919,     28.3370,     56.6741,      0.0191,      0.0026,      0.0156,      0.2036,   7659.1396,-426760.3438,   -931.4177,    545.8997,  25530.4629,
       1,     167,     291,       1,       1,       3,       1,     10.0000,      1.3924,     42.4796,    246.4471,     62.0215,      3.4953,      0.0000,     -0.0311,      1.6870,      0.1341,      5.5356,     11.0712,      1.1847,     28.3315,     56.6630,      0.0191,      0.0013,      0.0156,      0.2037,   7659.1392,-422275.7188,   -930.8474,    546.2188,  25531.6074,
       1,     167,     291,       2,       1,       3,       1,     10.0000,      1.3924,     42.4796,    246.4471,     62.0215,      3.4953,      0.0000,     -0.0312,      0.9734,      0.1356,      5.5356,     11.0712,      1.1979,     28.3315,     56.6630,      0.0191,      0.0008,      0.0156,      0.2037,   7659.4824,-419747.0625,   -930.0908,    546.3917,  25531.6074,
       1,     167,     291,       3,       1,       3,       1,     10.0000,      1.3924,     42.4796,    246.4471,     62.0215,      3.4953,      0.0000,     -0.0312,      0.8853,      0.1374,      5.5356,     11.0712,      1.2138,     28.3315,     56.6630,      0.0191,      0.0007,      0.0156,      0.2037,   7659.4824,-418641.0938,   -929.8810,    546.4672,  25531.6094,
       1,     167,     291,       4,       1,       3,       1,     10.0000,      1.3924,     42.4796,    246.4471,     62.0215,      3.4953,      0.0000,     -0.0312,      1.3141,      0.1375,      5.5356,     11.0712,      1.2150,     28.3315,     56.6630,      0.0191,      0.0010,      0.0156,      0.2037,   7659.4829,-418436.7188,   -929.8456,    546.4811,  25531.6094,
       1,     167,     291,       5,       1,       3,       1,     10.0000,      1.3924,     42.4796,    246.4471,     62.0215,      3.4953,      0.0000,     -0.0312,      0.7154,      0.1376,      5.5356,     11.0712,      1.2163,     28.3315,     56.6630,      0.0191,      0.0006,      0.0156,      0.2037,   7659.4829,-418954.2188,   -929.9531,    546.4457,  25531.6094,
       1,     167,     291,       6,       1,       3,       1,     10.0000,      1.3924,     42.4796,    246.4471,     62.0215,      3.4953,      0.0000,     -0.0313,      0.5011,      0.1383,      5.5356,     11.0712,      1.2224,     28.3315,     56.6630,      0.0191,      0.0004,      0.0156,      0.2037,   7659.4829,-418251.5000,   -929.8199,    546.4938,  25531.6094,
       1,     167,     291,       7,       1,       3,       1,     10.0000,      1.3924,     42.4796,    246.4471,     62.0215,      3.4953,      0.0000,     -0.0312,      0.3795,      0.1365,      5.5356,     11.0712,      1.2065,     28.3315,     56.6630,      0.0191,      0.0003,      0.0156,      0.2037,   7659.4829,-417924.1875,   -929.7590,    546.5161,  25531.6094,
       1,     167,     291,       8,       1,       3,       1,     10.0000,      1.3924,     42.4796,    246.4471,     62.0215,      3.4953,      0.0266,     -0.0046,      0.3912,      0.1349,      5.5356,     11.0712,      1.1919,     28.3315,     56.6630,      0.0191,      0.0003,      0.0188,      0.2037,   7659.4829,-417744.5625,   -929.7259,    546.5284,  25531.6094,
       1,     167,     291,       9,       1,       3,       1,     10.0000,      1.3924,     42.4796,    246.4471,     62.0215,      3.4953,      0.1115,      0.0801,      3.1224,      0.1416,      5.5356,     11.0712,      1.2512,     28.3315,     56.6630,      0.0191,      0.0003,      0.1419,      0.2037,   7659.4829,-417743.9062,   -928.6967,    546.5284,  25531.6094,
       1,     167,     291,      10,       1,       3,       1,     10.0000,      1.3924,     42.4796,    246.4471,     62.0215,      3.4953,      0.1609,      0.1283,      5.9706,      0.1744,      5.5356,     11.0712,      1.5415,     28.3315,     56.6630,      0.0191,      0.0003,      0.2136,      0.2037,   7659.4829,-421151.4375,   -929.4536,    546.2957,  25531.6094,
       1,     167,     291,      11,       1,       3,       1,     10.0000,      1.3924,     42.4796,    246.4471,     62.0215,      3.4953,      0.1476,      0.1142,      6.4703,      0.2034,      5.5356,     11.0712,      1.7975,     28.3315,     56.6630,      0.0191,      0.0004,      0.1940,      0.2037,   7659.4829,-424995.8125,   -930.4499,    546.0332,  25531.6113,
       1,     167,     291,      12,       1,       3,       1,     10.0000,      1.3924,     42.4796,    246.4471,     62.0215,      3.4953,      0.1718,      0.1382,      7.9108,      0.2093,      5.5356,     11.0712,      1.8496,     28.3315,     56.6630,      0.0191,      0.0004,      0.2295,      0.2037,   7659.4839,-425946.7500,   -930.8212,    545.9683,  25531.6094,
       1,     167,     291,      13,       1,       3,       1,     10.0000,      1.3924,     42.4796,    246.4471,     62.0215,      3.4953,      0.1858,      0.1517,     12.0886,      0.2295,      5.5356,     11.0712,      2.0282,     28.3315,     56.6630,      0.0191,      0.0006,      0.2500,      0.2037,   7659.4829,-427825.4688,   -931.3725,    545.8401,  25531.6094,
       1,     167,     291,      14,       1,       3,       1,     10.0000,      1.3924,     42.4796,    246.4471,     62.0215,      3.4953,      0.1823,      0.1482,     22.9287,      0.2264,      5.5356,     11.0712,      2.0006,     28.3315,     56.6630,      0.0191,      0.0012,      0.2435,      0.2037,   7659.4829,-433198.8750,   -932.6963,    545.4735,  25531.6094,
       1,     167,     291,      15,       1,       3,       1,     10.0000,      1.3924,     42.4796,    246.4471,     62.0215,      3.4953,      0.1702,      0.1365,     48.3975,      0.2128,      5.5356,     11.0712,      1.8807,     28.3315,     56.6630,      0.0191,      0.0027,      0.2226,      0.2036,   7659.4829,-447184.8125,   -935.6155,    544.5200,  25531.6113,
       1,     167,     291,      16,       1,       3,       1,     10.0000,      1.3924,     42.4796,    246.4471,     62.0215,      3.4953,      0.0803,      0.0461,     35.2131,      0.2325,      5.5356,     11.0712,      2.0542,     28.3315,     56.6630,      0.0191,      0.0048,      0.0909,      0.2036,   7659.4839,-480167.8125,   -942.3208,    542.2759,  25531.6094,
       1,     167,     291,      17,       1,       3,       1,     10.0000,      1.3924,     42.4796,    246.4471,     62.0215,      3.4953,      0.0585,      0.0243,     26.1713,      0.2329,      5.5356,     11.0712,      2.0582,     28.3315,     56.6630,      0.0191,      0.0054,      0.0596,      0.2036,   7659.4829,-466520.5000,   -939.8798,    543.2056,  25531.6094,
       1,     167,     291,      18,       1,       3,       1,     10.0000,      1.3924,     42.4796,    246.4471,     62.0215,      3.4953,      0.0107,     -0.0231,      7.8071,      0.2186,      5.5356,     11.0712,      1.9313,     28.3315,     56.6630,      0.0191,      0.0062,      0.0156,      0.2036,   7659.4829,-454068.1875,   -937.6064,    544.0519,  25531.6094,
       1,     167,     291,      19,       1,       3,       1,     10.0000,      1.3924,     42.4796,    246.4471,     62.0215,      3.4953,      0.0099,     -0.0233,      6.9783,      0.1965,      5.5356,     11.0712,      1.7364,     28.3315,     56.6630,      0.0191,      0.0055,      0.0156,      0.2036,   7659.4829,-430085.9688,   -932.9766,    545.6835,  25531.6113,
       1,     167,     291,      20,       1,       3,       1,     10.0000,      1.3924,     42.4796,    246.4471,     62.0215,      3.4953,      0.0012,     -0.0314,      5.9550,      0.1787,      5.5356,     11.0712,      1.5788,     28.3315,     56.6630,      0.0191,      0.0047,      0.0156,      0.2036,   7659.4839,-427017.2812,   -932.4036,    545.8952,  25531.6094,
       1,     167,     291,      21,       1,       3,       1,     10.0000,      1.3924,     42.4796,    246.4471,     62.0215,      3.4953,      0.0000,     -0.0322,      6.5470,      0.1643,      5.5356,     11.0712,      1.4519,     28.3315,     56.6630,      0.0191,      0.0052,      0.0156,      0.2037,   7659.4829,-425476.2500,   -932.1193,    546.0005,  25531.6094,
       1,     167,     291,      22,       1,       3,       1,     10.0000,      1.3924,     42.4796,    246.4471,     62.0215,      3.4953,      0.0000,     -0.0322,      7.0790,      0.1650,      5.5356,     11.0712,      1.4577,     28.3315,     56.6630,      0.0191,      0.0056,      0.0156,      0.2037,   7659.4829,-426083.5938,   -932.2552,    545.9590,  25531.6094,
       1,     167,     291,      23,       1,       3,       1,     10.0000,      1.3924,     42.4796,    246.4471,     62.0215,      3.4953,      0.0000,     -0.0321,      6.3838,      0.1604,      5.5356,     11.0712,      1.4174,     28.3315,     56.6630,      0.0191,      0.0051,      0.0156,      0.2037,   7659.4829,-426799.2812,   -932.4045,    545.9102,  25531.6094,
       1,     167,     291,      24,       1,       3,       1,     10.0000,      1.3924,     42.4796,    246.4471,     62.0215,      3.4953,      0.0000,     -0.0317,      5.0337,      0.1501,      5.5356,     11.0712,      1.3265,     28.3315,     56.6630,      0.0191,      0.0040,      0.0156,      0.2037,   7659.4829,-425992.6875,   -932.2510,    545.9652,  25531.6094,
       1,     167,     292,       1,       1,       3,       1,     10.0000,      1.3924,     42.4799,    246.4529,     62.0230,      3.4953,      0.0000,     -0.0316,      3.8568,      0.1473,      5.5362,     11.0725,      1.3014,     28.3245,     56.6491,      0.0191,      0.0031,      0.0156,      0.2037,   7659.4829,-424394.4688,   -932.2307,    546.0873,  25532.7539,
       1,     167,     292,       2,       1,       3,       1,     10.0000,      1.3924,     42.4799,    246.4529,     62.0230,      3.4953,      0.0000,     -0.0315,      3.0087,      0.1445,      5.5362,     11.0725,      1.2767,     28.3245,     56.6491,      0.0191,      0.0024,      0.0156,      0.2037,   7659.8267,-422636.9375,   -931.6194,    546.2072,  25532.7559,
       1,     167,     292,       3,       1,       3,       1,     10.0000,      1.3924,     42.4799,    246.4529,     62.0230,      3.4953,      0.0000,     -0.0314,      2.8610,      0.1417,      5.5362,     11.0725,      1.2525,     28.3245,     56.6491,      0.0191,      0.0023,      0.0156,      0.2037,   7659.8271,-421428.9375,   -931.3899,    546.2897,  25532.7539,
       1,     167,     292,       4,       1,       3,       1,     10.0000,      1.3924,     42.4799,    246.4529,     62.0230,      3.4953,      0.0000,     -0.0313,      2.1735,      0.1388,      5.5362,     11.0725,      1.2262,     28.3245,     56.6491,      0.0191,      0.0017,      0.0156,      0.2037,   7659.8267,-421142.1562,   -931.3392,    546.3094,  25532.7539,
       1,     167,     292,       5,       1,       3,       1,     10.0000,      1.3924,     42.4799,    246.4529,     62.0230,      3.4953,      0.0000,     -0.0313,      0.7851,      0.1402,      5.5362,     11.0725,      1.2386,     28.3245,     56.6491,      0.0191,      0.0006,      0.0156,      0.2037,   7659.8267,-420259.6875,   -931.1692,    546.3696,  25532.7520,
       1,     167,     292,       6,       1,       3,       1,     10.0000,      1.3924,     42.4799,    246.4529,     62.0230,      3.4953,      0.0000,     -0.0313,      0.4293,      0.1396,      5.5362,     11.0725,      1.2336,     28.3245,     56.6491,      0.0191,      0.0003,      0.0156,      0.2037,   7659.8257,-418452.7500,   -930.8167,    546.4930,  25532.7559,
       1,     167,     292,       7,       1,       3,       1,     10.0000,      1.3924,     42.4799,    246.4529,     62.0230,      3.4953,      0.0000,     -0.0313,      0.3697,      0.1383,      5.5362,     11.0725,      1.2225,     28.3245,     56.6491,      0.0191,      0.0003,      0.0156,      0.2037,   7659.8271,-417854.3438,   -930.6996,    546.5339,  25532.7539,
       1,     167,     292,       8,       1,       3,       1,     10.0000,      1.3924,     42.4799,    246.4529,     62.0230,      3.4953,      0.0112,     -0.0201,      0.3347,      0.1385,      5.5362,     11.0725,      1.2237,     28.3245,     56.6491,      0.0191,      0.0003,      0.0156,      0.2037,   7659.8267,-417729.3750,   -930.6769,    546.5425,  25532.7539,
       1,     167,     292,       9,       1,       3,       1,     10.0000,      1.3924,     42.4799,    246.4529,     62.0230,      3.4953,      0.0708,      0.0390,      1.9908,      0.1535,      5.5362,     11.0725,      1.3562,     28.3245,     56.6491,      0.0191,      0.0003,      0.0825,      0.2037,   7659.8267,-417675.0625,   -930.6665,    546.5462,  25532.7539,
       1,     167,     292,      10,       1,       3,       1,     10.0000,      1.3924,     42.4799,    246.4529,     62.0230,      3.4953,      0.1476,      0.1141,      6.5941,      0.2069,      5.5362,     11.0725,      1.8279,     28.3245,     56.6491,      0.0191,      0.0004,      0.1939,      0.2037,   7659.8267,-419736.4062,   -931.0724,    546.4053,  25532.7539,
       1,     167,     292,      11,       1,       3,       1,     10.0000,      1.3924,     42.4799,    246.4529,     62.0230,      3.4953,      0.1857,      0.1519,      8.8538,      0.2143,      5.5362,     11.0725,      1.8938,     28.3245,     56.6491,      0.0191,      0.0004,      0.2500,      0.2037,   7659.8267,-425655.1250,   -932.1979,    546.0012,  25532.7559,
       1,     167,     292,      12,       1,       3,       1,     10.0000,      1.3924,     42.4799,    246.4529,     62.0230,      3.4953,      0.1856,      0.1512,      9.9884,      0.2380,      5.5362,     11.0725,      2.1029,     28.3245,     56.6491,      0.0191,      0.0005,      0.2500,      0.2037,   7659.8271,-428978.6562,   -932.7484,    545.7744,  25532.7539,
       1,     167,     292,      13,       1,       3,       1,     10.0000,      1.3924,     42.4799,    246.4529,     62.0230,      3.4953,      0.1838,      0.1493,     10.0362,      0.2413,      5.5362,     11.0725,      2.1318,     28.3245,     56.6491,      0.0191,      0.0005,      0.2473,      0.2037,   7659.8267,-430677.9375,   -932.9194,    545.6585,  25532.7539,
       1,     167,     292,      14,       1,       3,       1,     10.0000,      1.3924,     42.4799,    246.4529,     62.0230,      3.4953,      0.1859,      0.1513,     15.0616,      0.2484,      5.5362,     11.0725,      2.1950,     28.3245,     56.6491,      0.0191,      0.0007,      0.2500,      0.2037,   7659.8267,-430882.2500,   -932.8697,    545.6447,  25532.7520,
       1,     167,     292,      15,       1,       3,       1,     10.0000,      1.3924,     42.4799,    246.4529,     62.0230,      3.4953,      0.1849,      0.1504,     78.6941,      0.2420,      5.5362,     11.0725,      2.1381,     28.3245,     56.6491,      0.0191,      0.0040,      0.2410,      0.2037,   7659.8257,-437170.3125,   -933.9753,    545.2158,  25532.7520,
       1,     167,     292,      16,       1,       3,       1,     10.0000,      1.3924,     42.4799,    246.4529,     62.0230,      3.4953,      0.1749,      0.1408,     81.8381,      0.2289,      5.5362,     11.0725,      2.0223,     28.3245,     56.6491,      0.0191,      0.0045,      0.2257,      0.2037,   7659.8257,-517111.7188,   -949.9331,    539.7677,  25532.7520,
       1,     167,     292,      17,       1,       3,       1,     10.0000,      1.3924,     42.4799,    246.4529,     62.0230,      3.4953,      0.1344,      0.1012,     81.4043,      0.1954,      5.5362,     11.0725,      1.7262,     28.3245,     56.6491,      0.0191,      0.0061,      0.1659,      0.2036,   7659.8257,-527918.1250,   -952.3342,    539.0658,  25532.7520,
       1,     167,     292,      18,       1,       3,       1,     10.0000,      1.3924,     42.4799,    246.4529,     62.0230,      3.4953,      0.0824,      0.0501,     43.3151,      0.1670,      5.5362,     11.0725,      1.4753,     28.3245,     56.6491,      0.0191,      0.0057,      0.0943,      0.2036,   7659.8257,-528260.0625,   -952.6953,    539.0432,  25532.7500,
       1,     167,     292,      19,       1,       3,       1,     10.0000,      1.3924,     42.4799,    246.4529,     62.0230,      3.4953,      0.0188,     -0.0130,      2.8222,      0.1518,      5.5362,     11.0725,      1.3413,     28.3245,     56.6491,      0.0191,      0.0055,      0.0064,      0.2036,   7659.8252,-480691.6250,   -922.3840,    542.2484,  25532.6621,
       1,     167,     292,      20,       1,       3,       1,     10.0000,      1.3924,     42.4799,    246.4529,     62.0230,      3.4953,      0.0010,     -0.0306,      5.9416,      0.1460,      5.5362,     11.0725,      1.2897,     28.3245,     56.6491,      0.0191,      0.0047,      0.0156,      0.2036,   7659.7988,-426132.9688,   -912.6870,    545.9559,  25532.7559,
       1,     167,     292,      21,       1,       3,       1,     10.0000,      1.3924,     42.4799,    246.4529,     62.0230,      3.4953,      0.0000,     -0.0314,      5.1732,      0.1417,      5.5362,     11.0725,      1.2525,     28.3245,     56.6491,      0.0191,      0.0041,      0.0156,      0.2037,   7659.8271,-425401.8750,   -912.3099,    546.0186,  25532.7559,
       1,     167,     292,      22,       1,       3,       1,     10.0000,      1.3924,     42.4799,    246.4529,     62.0230,      3.4953,      0.0000,     -0.0314,      4.2699,      0.1432,      5.5362,     11.0725,      1.2652,     28.3245,     56.6491,      0.0191,      0.0034,      0.0156,      0.2037,   7659.8271,-424364.9375,   -912.6654,    546.0894,  25532.7559,
       1,     167,     292,      23,       1,       3,       1,     10.0000,      1.3924,     42.4799,    246.4529,     62.0230,      3.4953,      0.0000,     -0.0316,      2.3665,      0.1474,      5.5362,     11.0725,      1.3027,     28.3245,     56.6491,      0.0191,      0.0019,      0.0156,      0.2037,   7659.8271,-423149.5938,   -912.6295,    546.1723,  25532.7539,
       1,     167,     292,      24,       1,       3,       1,     10.0000,      1.3924,     42.4799,    246.4529,     62.0230,      3.4953,      0.0000,     -0.0316,      0.5490,      0.1461,      5.5362,     11.0725,      1.2910,     28.3245,     56.6491,      0.0191,      0.0004,      0.0156,      0.2037,   7659.8267,-420671.6562,   -912.2873,    546.3415,  25532.7559,
       1,     167,     293,       1,       1,       3,       1,     10.0000,      1.3924,     42.4802,    246.4587,     62.0245,      3.4953,      0.0000,     -0.0315,      0.3968,      0.1449,      5.5355,     11.0711,      1.2806,     28.3238,     56.6476,      0.0191,      0.0003,      0.0156,      0.2037,   7659.8271,-418348.1875,   -912.1450,    546.5129,  25533.9004,
       1,     167,     293,       2,       1,       3,       1,     10.0000,      1.3924,     42.4802,    246.4587,     62.0245,      3.4953,      0.0000,     -0.0314,      0.5484,      0.1423,      5.5355,     11.0711,      1.2576,     28.3238,     56.6476,      0.0191,      0.0004,      0.0156,      0.2037,   7660.1704,-417807.8438,   -911.8012,    546.5500,  25533.8984,
       1,     167,     293,       3,       1,       3,       1,     10.0000,      1.3924,     42.4802,    246.4587,     62.0245,      3.4953,      0.0000,     -0.0314,      0.3534,      0.1406,      5.5355,     11.0711,      1.2424,     28.3238,     56.6476,      0.0191,      0.0003,      0.0156,      0.2037,   7660.1699,-417950.9375,   -911.8509,    546.5403,  25533.9004,
       1,     167,     293,       4,       1,       3,       1,     10.0000,      1.3924,     42.4802,    246.4587,     62.0245,      3.4953,      0.0000,     -0.0314,      0.3434,      0.1416,      5.5355,     11.0711,      1.2513,     28.3238,     56.6476,      0.0191,      0.0003,      0.0156,      0.2037,   7660.1704,-417719.5938,   -911.8120,    546.5560,  25533.9004,
       1,     167,     293,       5,       1,       3,       1,     10.0000,      1.3924,     42.4802,    246.4587,     62.0245,      3.4953,      0.0000,     -0.0314,      0.3478,      0.1432,      5.5355,     11.0711,      1.2652,     28.3238,     56.6476,      0.0191,      0.0003,      0.0156,      0.2037,   7660.1704,-417687.5625,   -911.8083,    546.5582,  25533.9004,
       1,     167,     293,       6,       1,       3,       1,     10.0000,      1.3924,     42.4802,    246.4587,     62.0245,      3.4953,      0.0000,     -0.0315,      0.3534,      0.1452,      5.5355,     11.0711,      1.2832,     28.3238,     56.6476,      0.0191,      0.0003,      0.0156,      0.2037,   7660.1704,-417690.3125,   -911.8104,    546.5580,  25533.9004,
       1,     167,     293,       7,       1,       3,       1,     10.0000,      1.3924,     42.4802,    246.4587,     62.0245,      3.4953,      0.0000,     -0.0315,      0.3502,      0.1441,      5.5355,     11.0711,      1.2729,     28.3238,     56.6476,      0.0191,      0.0003,      0.0156,      0.2037,   7660.1704,-417697.5938,   -911.8135,    546.5575,  25533.9023,
       1,     167,     293,       8,       1,       3,       1,     10.0000,      1.3924,     42.4802,    246.4587,     62.0245,      3.4953,      0.0009,     -0.0306,      0.3458,      0.1425,      5.5355,     11.0711,      1.2589,     28.3238,     56.6476,      0.0191,      0.0003,      0.0156,      0.2037,   7660.1709,-417693.9062,   -911.8140,    546.5577,  25533.9004,
       1,     167,     293,       9,       1,       3,       1,     10.0000,      1.3924,     42.4802,    246.4587,     62.0245,      3.4953,      0.0214,     -0.0104,      0.2540,      0.1541,      5.5355,     11.0711,      1.3617,     28.3238,     56.6476,      0.0191,      0.0003,      0.0105,      0.2037,   7660.1704,-417688.3125,   -911.8187,    546.5581,  25533.8984,
       1,     167,     293,      10,       1,       3,       1,     10.0000,      1.3924,     42.4802,    246.4587,     62.0245,      3.4953,      0.0714,      0.0387,      2.4100,      0.1812,      5.5355,     11.0711,      1.6010,     28.3238,     56.6476,      0.0191,      0.0004,      0.0825,      0.2037,   7660.1699,-417573.5000,   -911.9125,    546.5660,  25533.9004,
       1,     167,     293,      11,       1,       3,       1,     10.0000,      1.3924,     42.4802,    246.4587,     62.0245,      3.4953,      0.1144,      0.0807,      5.0952,      0.2129,      5.5355,     11.0711,      1.8808,     28.3238,     56.6476,      0.0191,      0.0004,      0.1450,      0.2037,   7660.1704,-420252.9688,   -912.6973,    546.3829,  25533.9004,
       1,     167,     293,      12,       1,       3,       1,     10.0000,      1.3924,     42.4802,    246.4587,     62.0245,      3.4953,      0.1513,      0.1171,      7.8066,      0.2338,      5.5355,     11.0711,      2.0663,     28.3238,     56.6476,      0.0191,      0.0005,      0.1994,      0.2037,   7660.1704,-423830.9688,   -913.9188,    546.1386,  25533.9004,
       1,     167,     293,      13,       1,       3,       1,     10.0000,      1.3924,     42.4802,    246.4587,     62.0245,      3.4953,      0.1856,      0.1509,     10.5414,      0.2494,      5.5355,     11.0711,      2.2036,     28.3238,     56.6476,      0.0191,      0.0005,      0.2500,      0.2037,   7660.1704,-427518.3438,   -915.6168,    545.8869,  25533.9004,
       1,     167,     293,      14,       1,       3,       1,     10.0000,      1.3924,     42.4802,    246.4587,     62.0245,      3.4953,      0.1856,      0.1511,     10.2155,      0.2427,      5.5355,     11.0711,      2.1444,     28.3238,     56.6476,      0.0191,      0.0005,      0.2500,      0.2037,   7660.1704,-431244.4062,   -918.3915,    545.6327,  25533.9004,
       1,     167,     293,      15,       1,       3,       1,     10.0000,      1.3924,     42.4802,    246.4587,     62.0245,      3.4953,      0.1874,      0.1534,     32.3481,      0.2273,      5.5355,     11.0711,      2.0086,     28.3238,     56.6476,      0.0191,      0.0016,      0.2500,      0.2037,   7660.1704,-431155.2188,   -919.9361,    545.6389,  25533.9004,
       1,     167,     293,      16,       1,       3,       1,     10.0000,      1.3924,     42.4802,    246.4587,     62.0245,      3.4953,      0.1785,      0.1446,     72.0305,      0.2207,      5.5355,     11.0711,      1.9504,     28.3238,     56.6476,      0.0191,      0.0038,      0.2322,      0.2037,   7660.1704,-458760.6562,   -926.0789,    543.7560,  25533.9004,
       1,     167,     293,      17,       1,       3,       1,     10.0000,      1.3924,     42.4802,    246.4587,     62.0245,      3.4953,      0.0880,      0.0537,     50.4646,      0.2348,      5.5355,     11.0711,      2.0744,     28.3238,     56.6476,      0.0191,      0.0062,      0.1004,      0.2037,   7660.1704,-510648.1875,   -936.8279,    540.2325,  25533.9004,
       1,     167,     293,      18,       1,       3,       1,     10.0000,      1.3924,     42.4802,    246.4587,     62.0245,      3.4953,      0.0328,     -0.0011,     12.7399,      0.2220,      5.5355,     11.0711,      1.9619,     28.3238,     56.6476,      0.0191,      0.0068,      0.0233,      0.2036,   7660.1704,-488148.3750,   -933.4619,    541.7634,  25533.8984,
       1,     167,     293,      19,       1,       3,       1,     10.0000,      1.3924,     42.4802,    246.4587,     62.0245,      3.4953,      0.0052,     -0.0282,      6.9855,      0.2012,      5.5355,     11.0711,      1.7781,     28.3238,     56.6476,      0.0191,      0.0055,      0.0156,      0.2036,   7660.1699,-439125.2812,   -924.8849,    545.0853,  25533.9004,
       1,     167,     293,      20,       1,       3,       1,     10.0000,      1.3924,     42.4802,    246.4587,     62.0245,      3.4953,      0.0002,     -0.0321,      5.5554,      0.1686,      5.5355,     11.0711,      1.4902,     28.3238,     56.6476,      0.0191,      0.0044,      0.0156,      0.2037,   7660.1704,-427807.9375,   -923.1127,    545.8666,  25533.9023,
       1,     167,     293,      21,       1,       3,       1,     10.0000,      1.3924,     42.4802,    246.4587,     62.0245,      3.4953,      0.0000,     -0.0318,      4.8151,      0.1538,      5.5355,     11.0711,      1.3590,     28.3238,     56.6476,      0.0191,      0.0038,      0.0156,      0.2037,   7660.1709,-425049.0938,   -922.7556,    546.0555,  25533.9004,
       1,     167,     293,      22,       1,       3,       1,     10.0000,      1.3924,     42.4802,    246.4587,     62.0245,      3.4953,      0.0000,     -0.0317,      5.6030,      0.1509,      5.5355,     11.0711,      1.3333,     28.3238,     56.6476,      0.0191,      0.0044,      0.0156,      0.2037,   7660.1704,-423890.0938,   -922.6922,    546.1346,  25533.8984,
       1,     167,     293,      23,       1,       3,       1,     10.0000,      1.3924,     42.4802,    246.4587,     62.0245,      3.4953,      0.0000,     -0.0315,      4.9951,      0.1460,      5.5355,     11.0711,      1.2897,     28.3238,     56.6476,      0.0191,      0.0040,      0.0156,      0.2037,   7660.1699,-424774.5625,   -923.0768,    546.0742,  25533.9004,
       1,     167,     293,      24,       1,       3,       1,     10.0000,      1.3924,     42.4802,    246.4587,     62.0245,      3.4953,      0.0000,     -0.0315,      3.8852,      0.1442,      5.5355,     11.0711,      1.2742,     28.3238,     56.6476,      0.0191,      0.0031,      0.0156,      0.2037,   7660.1704,-424091.3438,   -923.1171,    546.1209,  25533.9004,
       1,     167,     294,       1,       1,       3,       1,     10.0000,      1.3924,     42.4806,    246.4646,     62.0260,      3.4953,      0.0000,     -0.0314,      1.7212,      0.1428,      5.5365,     11.0730,      1.2614,     28.3145,     56.6290,      0.0191,      0.0014,      0.0156,      0.2037,   7660.1704,-422803.4688,   -923.2780,    546.2217,  25535.0430,
       1,     167,     294,       2,       1,       3,       1,     10.0000,      1.3924,     42.4806,    246.4646,     62.0260,      3.4953,      0.0000,     -0.0313,      1.0774,      0.1384,      5.5365,     11.0730,      1.2225,     28.3145,     56.6290,      0.0191,      0.0009,      0.0156,      0.2037,   7660.5132,-419842.1250,   -922.5071,    546.4240,  25535.0430,
       1,     167,     294,       3,       1,       3,       1,     10.0000,      1.3924,     42.4806,    246.4646,     62.0260,      3.4953,      0.0000,     -0.0312,      0.7507,      0.1371,      5.5365,     11.0730,      1.2114,     28.3145,     56.6290,      0.0191,      0.0006,      0.0156,      0.2037,   7660.5132,-418786.7500,   -922.3331,    546.4960,  25535.0430,
       1,     167,     294,       4,       1,       3,       1,     10.0000,      1.3924,     42.4806,    246.4646,     62.0260,      3.4953,      0.0000,     -0.0313,      0.5097,      0.1386,      5.5365,     11.0730,      1.2250,     28.3145,     56.6290,      0.0191,      0.0004,      0.0156,      0.2037,   7660.5132,-418289.5000,   -922.2508,    546.5301,  25535.0430,
       1,     167,     294,       5,       1,       3,       1,     10.0000,      1.3924,     42.4806,    246.4646,     62.0260,      3.4953,      0.0000,     -0.0312,      0.3454,      0.1378,      5.5365,     11.0730,      1.2176,     28.3145,     56.6290,      0.0191,      0.0003,      0.0156,      0.2037,   7660.5132,-417946.4688,   -922.1932,    546.5535,  25535.0430,
       1,     167,     294,       6,       1,       3,       1,     10.0000,      1.3924,     42.4806,    246.4646,     62.0260,      3.4953,      0.0000,     -0.0312,      0.3298,      0.1367,      5.5365,     11.0730,      1.2078,     28.3145,     56.6290,      0.0191,      0.0003,      0.0156,      0.2037,   7660.5132,-417712.3750,   -922.1513,    546.5695,  25535.0430,
       1,     167,     294,       7,       1,       3,       1,     10.0000,      1.3924,     42.4806,    246.4646,     62.0260,      3.4953,      0.0000,     -0.0312,      0.3301,      0.1368,      5.5365,     11.0730,      1.2090,     28.3145,     56.6290,      0.0191,      0.0003,      0.0156,      0.2037,   7660.5132,-417672.9062,   -922.1456,    546.5721,  25535.0449,
       1,     167,     294,       8,       1,       3,       1,     10.0000,      1.3924,     42.4806,    246.4646,     62.0260,      3.4953,      0.0131,     -0.0181,      0.3344,      0.1384,      5.5365,     11.0730,      1.2225,     28.3145,     56.6290,      0.0191,      0.0003,      0.0156,      0.2037,   7660.5137,-417669.7812,   -922.1464,    546.5723,  25535.0410,
       1,     167,     294,       9,       1,       3,       1,     10.0000,      1.3924,     42.4806,    246.4646,     62.0260,      3.4953,      0.1032,      0.0712,      3.2054,      0.1569,      5.5365,     11.0730,      1.3866,     28.3145,     56.6290,      0.0191,      0.0003,      0.1295,      0.2037,   7660.5127,-417675.2500,   -922.1606,    546.5720,  25535.0430,
       1,     167,     294,      10,       1,       3,       1,     10.0000,      1.3924,     42.4806,    246.4646,     62.0260,      3.4953,      0.1485,      0.1163,      5.1135,      0.1646,      5.5365,     11.0730,      1.4549,     28.3145,     56.6290,      0.0191,      0.0003,      0.1955,      0.2037,   7660.5132,-421256.2188,   -922.9764,    546.3273,  25535.0410,
       1,     167,     294,      11,       1,       3,       1,     10.0000,      1.3924,     42.4806,    246.4646,     62.0260,      3.4953,      0.1625,      0.1296,      6.5302,      0.1868,      5.5365,     11.0730,      1.6510,     28.3145,     56.6290,      0.0191,      0.0004,      0.2159,      0.2037,   7660.5127,-423941.8750,   -923.6193,    546.1440,  25535.0410,
       1,     167,     294,      12,       1,       3,       1,     10.0000,      1.3924,     42.4806,    246.4646,     62.0260,      3.4953,      0.1632,      0.1304,      6.4737,      0.1846,      5.5365,     11.0730,      1.6315,     28.3145,     56.6290,      0.0191,      0.0004,      0.2170,      0.2037,   7660.5127,-425937.5938,   -924.2036,    546.0078,  25535.0430,
       1,     167,     294,      13,       1,       3,       1,     10.0000,      1.3924,     42.4806,    246.4646,     62.0260,      3.4953,      0.1743,      0.1422,      6.0097,      0.1625,      5.5365,     11.0730,      1.4361,     28.3145,     56.6290,      0.0191,      0.0003,      0.2332,      0.2037,   7660.5132,-426037.0312,   -924.4561,    546.0010,  25535.0430,
       1,     167,     294,      14,       1,       3,       1,     10.0000,      1.3924,     42.4806,    246.4646,     62.0260,      3.4953,      0.1863,      0.1554,      9.3581,      0.1299,      5.5365,     11.0730,      1.1480,     28.3145,     56.6290,      0.0191,      0.0005,      0.2500,      0.2037,   7660.5132,-425466.5938,   -912.3367,    546.0400,  25535.0410,
       1,     167,     294,      15,       1,       3,       1,     10.0000,      1.3924,     42.4806,    246.4646,     62.0260,      3.4953,      0.1868,      0.1556,     15.5054,      0.1359,      5.5365,     11.0730,      1.2005,     28.3145,     56.6290,      0.0191,      0.0008,      0.2500,      0.2037,   7660.5127,-429594.9375,   -915.8357,    545.7582,  25535.0430,
       1,     167,     294,      16,       1,       3,       1,     10.0000,      1.3924,     42.4806,    246.4646,     62.0260,      3.4953,      0.1886,      0.1576,     38.2998,      0.1316,      5.5365,     11.0730,      1.1633,     28.3145,     56.6290,      0.0191,      0.0019,      0.2500,      0.2037,   7660.5132,-437615.0000,   -919.1377,    545.2111,  25535.0430,
       1,     167,     294,      17,       1,       3,       1,     10.0000,      1.3924,     42.4806,    246.4646,     62.0260,      3.4953,      0.1883,      0.1574,     33.9796,      0.1290,      5.5365,     11.0730,      1.1399,     28.3145,     56.6290,      0.0191,      0.0017,      0.2500,      0.2037,   7660.5132,-466736.6875,   -920.5121,    543.2267,  25535.0430,
       1,     167,     294,      18,       1,       3,       1,     10.0000,      1.3924,     42.4806,    246.4646,     62.0260,      3.4953,      0.1687,      0.1375,     23.9432,      0.1372,      5.5365,     11.0730,      1.2127,     28.3145,     56.6290,      0.0191,      0.0013,      0.2227,      0.2037,   7660.5132,-463831.8438,   -920.0063,    543.4276,  25535.0430,
       1,     167,     294,      19,       1,       3,       1,     10.0000,      1.3924,     42.4806,    246.4646,     62.0260,      3.4953,      0.0608,      0.0295,      1.6498,      0.1399,      5.5365,     11.0730,      1.2362,     28.3145,     56.6290,      0.0191,      0.0003,      0.0683,      0.2037,   7660.5132,-451054.2500,   -919.0813,    544.2956,  25535.0430,
       1,     167,     294,      20,       1,       3,       1,     10.0000,      1.3924,     42.4806,    246.4646,     62.0260,      3.4953,      0.0011,     -0.0300,      0.3238,      0.1327,      5.5365,     11.0730,      1.1728,     28.3145,     56.6290,      0.0191,      0.0003,      0.0156,      0.2037,   7660.5132,-422151.6875,   -914.0862,    546.2628,  25535.0449,
       1,     167,     294,      21,       1,       3,       1,     10.0000,      1.3924,     42.4806,    246.4646,     62.0260,      3.4953,      0.0000,     -0.0308,      0.3153,      0.1270,      5.5365,     11.0730,      1.1227,     28.3145,     56.6290,      0.0191,      0.0003,      0.0156,      0.2037,   7660.5137,-418047.7188,   -913.3513,    546.5465,  25535.0449,
       1,     167,     294,      22,       1,       3,       1,     10.0000,      1.3924,     42.4806,    246.4646,     62.0260,      3.4953,      0.0000,     -0.0309,      0.3051,      0.1277,      5.5365,     11.0730,      1.1284,     28.3145,     56.6290,      0.0191,      0.0002,      0.0156,      0.2037,   7660.5137,-417683.3750,   -913.2875,    546.5714,  25535.0430,
       1,     167,     294,      23,       1,       3,       1,     10.0000,      1.3924,     42.4806,    246.4646,     62.0260,      3.4953,      0.0000,     -0.0309,      0.3097,      0.1294,      5.5365,     11.0730,      1.1434,     28.3145,     56.6290,      0.0191,      0.0002,      0.0156,      0.2037,   7660.5132,-417639.6875,   -913.2816,    546.5744,  25535.0449,
       1,     167,     294,      24,       1,       3,       1,     10.0000,      1.3924,     42.4806,    246.4646,     62.0260,      3.4953,      0.0000,     -0.0309,      0.3297,      0.1287,      5.5365,     11.0730,      1.1376,     28.3145,     56.6290,      0.0191,      0.0003,      0.0156,      0.2037,   7660.5137,-417641.5938,   -913.2830,    546.5743,  25535.0449,
       1,     167,     295,       1,       1,       3,       1,     10.0000,      1.3925,     42.4809,    246.4704,     62.0274,      3.4953,      0.0000,     -0.0309,      0.3054,      0.1278,      5.5357,     11.0714,      1.1296,     28.3187,     56.6374,      0.0191,      0.0002,      0.0156,      0.2038,   7660.5137,-417822.2812,   -913.5780,    546.5749,  25536.1855,
       1,     167,     295,       2,       1,       3,       1,     10.0000,      1.3925,     42.4809,    246.4704,     62.0274,      3.4953,      0.0000,     -0.0308,      0.3019,      0.1265,      5.5357,     11.0714,      1.1181,     28.3187,     56.6374,      0.0191,      0.0002,      0.0156,      0.2038,   7660.8560,-417655.0625,   -913.2953,    546.5864,  25536.1875,
       1,     167,     295,       3,       1,       3,       1,     10.0000,      1.3925,     42.4809,    246.4704,     62.0274,      3.4953,      0.0000,     -0.0308,      0.3026,      0.1268,      5.5357,     11.0714,      1.1204,     28.3187,     56.6374,      0.0191,      0.0002,      0.0156,      0.2038,   7660.8564,-417636.1562,   -913.2929,    546.5876,  25536.1875,
       1,     167,     295,       4,       1,       3,       1,     10.0000,      1.3925,     42.4809,    246.4704,     62.0274,      3.4953,      0.0000,     -0.0310,      0.3115,      0.1301,      5.5357,     11.0714,      1.1492,     28.3187,     56.6374,      0.0191,      0.0002,      0.0156,      0.2038,   7660.8564,-417635.5000,   -913.2943,    546.5876,  25536.1875,
       1,     167,     295,       5,       1,       3,       1,     10.0000,      1.3925,     42.4809,    246.4704,     62.0274,      3.4953,      0.0000,     -0.0310,      0.3174,      0.1322,      5.5357,     11.0714,      1.1681,     28.3187,     56.6374,      0.0191,      0.0003,      0.0156,      0.2038,   7660.8564,-417646.5938,   -913.2978,    546.5869,  25536.1895,
       1,     167,     295,       6,       1,       3,       1,     10.0000,      1.3925,     42.4809,    246.4704,     62.0274,      3.4953,      0.0000,     -0.0310,      0.3174,      0.1322,      5.5357,     11.0714,      1.1681,     28.3187,     56.6374,      0.0191,      0.0003,      0.0156,      0.2038,   7660.8569,-417654.4062,   -913.3000,    546.5864,  25536.1875,
       1,     167,     295,       7,       1,       3,       1,     10.0000,      1.3925,     42.4809,    246.4704,     62.0274,      3.4953,      0.0000,     -0.0311,      0.3245,      0.1348,      5.5357,     11.0714,      1.1908,     28.3187,     56.6374,      0.0191,      0.0003,      0.0156,      0.2038,   7660.8564,-417655.4375,   -913.3027,    546.5863,  25536.1875,
       1,     167,     295,       8,       1,       3,       1,     10.0000,      1.3925,     42.4809,    246.4704,     62.0274,      3.4953,      0.0076,     -0.0235,      0.3203,      0.1333,      5.5357,     11.0714,      1.1776,     28.3187,     56.6374,      0.0191,      0.0003,      0.0156,      0.2038,   7660.8564,-417664.3125,   -913.3057,    546.5856,  25536.1875,
       1,     167,     295,       9,       1,       3,       1,     10.0000,      1.3925,     42.4809,    246.4704,     62.0274,      3.4953,      0.1282,      0.0967,      3.7027,      0.1432,      5.5357,     11.0714,      1.2653,     28.3187,     56.6374,      0.0191,      0.0003,      0.1661,      0.2038,   7660.8564,-417660.0312,   -913.3195,    546.5860,  25536.1875,
       1,     167,     295,      10,       1,       3,       1,     10.0000,      1.3925,     42.4809,    246.4704,     62.0274,      3.4953,      0.1765,      0.1438,      6.8476,      0.1799,      5.5357,     11.0714,      1.5899,     28.3187,     56.6374,      0.0191,      0.0004,      0.2364,      0.2038,   7660.8564,-421877.6875,   -914.4105,    546.2978,  25536.1855,
       1,     167,     295,      11,       1,       3,       1,     10.0000,      1.3925,     42.4809,    246.4704,     62.0274,      3.4953,      0.1858,      0.1530,      7.3837,      0.1830,      5.5357,     11.0714,      1.6170,     28.3187,     56.6374,      0.0191,      0.0004,      0.2500,      0.2038,   7660.8560,-426159.7500,   -916.7849,    546.0055,  25536.1875,
       1,     167,     295,      12,       1,       3,       1,     10.0000,      1.3925,     42.4809,    246.4704,     62.0274,      3.4953,      0.1858,      0.1528,      7.5625,      0.1869,      5.5357,     11.0714,      1.6511,     28.3187,     56.6374,      0.0191,      0.0004,      0.2500,      0.2038,   7660.8564,-427192.9062,   -918.6230,    545.9351,  25536.1875,
       1,     167,     295,      13,       1,       3,       1,     10.0000,      1.3925,     42.4809,    246.4704,     62.0274,      3.4953,      0.1857,      0.1517,      9.2634,      0.2229,      5.5357,     11.0714,      1.9697,     28.3187,     56.6374,      0.0191,      0.0005,      0.2500,      0.2038,   7660.8564,-427503.8125,   -920.2054,    545.9139,  25536.1875,
       1,     167,     295,      14,       1,       3,       1,     10.0000,      1.3925,     42.4809,    246.4704,     62.0274,      3.4953,      0.1858,      0.1516,     11.7072,      0.2316,      5.5357,     11.0714,      2.0464,     28.3187,     56.6374,      0.0191,      0.0006,      0.2500,      0.2038,   7660.8564,-429651.7500,   -921.8413,    545.7672,  25536.1855,
       1,     167,     295,      15,       1,       3,       1,     10.0000,      1.3925,     42.4809,    246.4704,     62.0274,      3.4953,      0.1892,      0.1550,     55.6226,      0.2327,      5.5357,     11.0714,      2.0564,     28.3187,     56.6374,      0.0191,      0.0028,      0.2500,      0.2038,   7660.8560,-432883.1562,   -923.5029,    545.5468,  25536.1875,
       1,     167,     295,      16,       1,       3,       1,     10.0000,      1.3925,     42.4809,    246.4704,     62.0274,      3.4953,      0.1890,      0.1547,     52.8220,      0.2359,      5.5357,     11.0714,      2.0847,     28.3187,     56.6374,      0.0191,      0.0026,      0.2500,      0.2038,   7660.8564,-487936.3438,   -934.7629,    541.7926,  25536.1875,
       1,     167,     295,      17,       1,       3,       1,     10.0000,      1.3925,     42.4809,    246.4704,     62.0274,      3.4953,      0.1889,      0.1556,     47.9202,      0.1989,      5.5357,     11.0714,      1.7573,     28.3187,     56.6374,      0.0191,      0.0024,      0.2500,      0.2037,   7660.8564,-489159.9375,   -935.7889,    541.7227,  25536.1875,
       1,     167,     295,      18,       1,       3,       1,     10.0000,      1.3925,     42.4809,    246.4704,     62.0274,      3.4953,      0.1156,      0.0829,     51.9958,      0.1792,      5.5357,     11.0714,      1.5836,     28.3187,     56.6374,      0.0191,      0.0045,      0.1417,      0.2037,   7660.8564,-483128.1875,   -935.3325,    542.1310,  25536.1855,
       1,     167,     295,      19,       1,       3,       1,     10.0000,      1.3925,     42.4809,    246.4704,     62.0274,      3.4953,      0.0451,      0.0124,     17.3137,      0.1787,      5.5357,     11.0714,      1.5789,     28.3187,     56.6374,      0.0191,      0.0051,      0.0422,      0.2037,   7660.8560,-487704.4062,   -936.6123,    541.8211,  25536.1875,
       1,     167,     295,      20,       1,       3,       1,     10.0000,      1.3925,     42.4809,    246.4704,     62.0274,      3.4953,      0.0022,     -0.0302,      6.1796,      0.1695,      5.5357,     11.0714,      1.4977,     28.3187,     56.6374,      0.0191,      0.0049,      0.0156,      0.2037,   7660.8564,-444796.2188,   -928.6938,    544.7272,  25536.1875,
       1,     167,     295,      21,       1,       3,       1,     10.0000,      1.3925,     42.4809,    246.4704,     62.0274,      3.4953,      0.0000,     -0.0321,      6.5611,      0.1629,      5.5357,     11.0714,      1.4390,     28.3187,     56.6374,      0.0191,      0.0052,      0.0156,      0.2037,   7660.8564,-427284.5938,   -925.4709,    545.9275,  25536.1875,
       1,     167,     295,      22,       1,       3,       1,     10.0000,      1.3925,     42.4809,    246.4704,     62.0274,      3.4953,      0.0000,     -0.0321,      4.5434,      0.1612,      5.5357,     11.0714,      1.4247,     28.3187,     56.6374,      0.0191,      0.0036,      0.0156,      0.2038,   7660.8564,-426264.4062,   -925.3573,    545.9984,  25536.1875,
       1,     167,     295,      23,       1,       3,       1,     10.0000,      1.3925,     42.4809,    246.4704,     62.0274,      3.4953,      0.0000,     -0.0321,      2.7571,      0.1622,      5.5357,     11.0714,      1.4333,     28.3187,     56.6374,      0.0191,      0.0022,      0.0156,      0.2038,   7660.8564,-423659.1562,   -924.9088,    546.1762,  25536.1875,
       1,     167,     295,      24,       1,       3,       1,     10.0000,      1.3925,     42.4809,    246.4704,     62.0274,      3.4953,      0.0000,     -0.0321,      3.1775,      0.1625,      5.5357,     11.0714,      1.4361,     28.3187,     56.6374,      0.0191,      0.0025,      0.0156,      0.2038,   7660.8564,-421209.5625,   -924.4727,    546.3434,  25536.1875,
       1,     167,     296,       1,       1,       3,       1,     10.0000,      1.3925,     42.4812,    246.4762,     62.0288,      3.4953,      0.0000,     -0.0319,      2.3683,      0.1549,      5.5356,     11.0712,      1.3687,     28.3235,     56.6470,      0.0191,      0.0019,      0.0156,      0.2038,   7660.8564,-421680.2812,   -924.8687,    546.3241,  25537.3340,
       1,     167,     296,       2,       1,       3,       1,     10.0000,      1.3925,     42.4812,    246.4762,     62.0288,      3.4953,      0.0000,     -0.0317,      2.1065,      0.1515,      5.5356,     11.0712,      1.3388,     28.3235,     56.6470,      0.0191,      0.0017,      0.0156,      0.2038,   7661.2007,-420558.4062,   -924.4106,    546.4008,  25537.3340,
       1,     167,     296,       3,       1,       3,       1,     10.0000,      1.3925,     42.4812,    246.4762,     62.0288,      3.4953,      0.0000,     -0.0316,      1.7431,      0.1485,      5.5356,     11.0712,      1.3121,     28.3235,     56.6470,      0.0191,      0.0014,      0.0156,      0.2038,   7661.2007,-420136.3750,   -924.3506,    546.4296,  25537.3340,
       1,     167,     296,       4,       1,       3,       1,     10.0000,      1.3925,     42.4812,    246.4762,     62.0288,      3.4953,      0.0000,     -0.0315,      1.5553,      0.1460,      5.5356,     11.0712,      1.2898,     28.3235,     56.6470,      0.0191,      0.0012,      0.0156,      0.2038,   7661.2007,-419647.1875,   -924.2729,    546.4630,  25537.3320,
       1,     167,     296,       5,       1,       3,       1,     10.0000,      1.3925,     42.4812,    246.4762,     62.0288,      3.4953,      0.0000,     -0.0315,      1.6955,      0.1449,      5.5356,     11.0712,      1.2807,     28.3235,     56.6470,      0.0191,      0.0013,      0.0156,      0.2038,   7661.1997,-419371.7500,   -924.2341,    546.4818,  25537.3320,
       1,     167,     296,       6,       1,       3,       1,     10.0000,      1.3925,     42.4812,    246.4762,     62.0288,      3.4953,      0.0000,     -0.0315,      1.2152,      0.1433,      5.5356,     11.0712,      1.2666,     28.3235,     56.6470,      0.0191,      0.0010,      0.0156,      0.2038,   7661.1997,-419523.0938,   -924.2767,    546.4714,  25537.3320,
       1,     167,     296,       7,       1,       3,       1,     10.0000,      1.3925,     42.4812,    246.4762,     62.0288,      3.4953,      0.0000,     -0.0313,      0.9901,      0.1395,      5.5356,     11.0712,      1.2325,     28.3235,     56.6470,      0.0191,      0.0008,      0.0156,      0.2038,   7661.1997,-418937.1875,   -910.3910,    546.5115,  25537.3320,
       1,     167,     296,       8,       1,       3,       1,     10.0000,      1.3925,     42.4812,    246.4762,     62.0288,      3.4953,      0.0105,     -0.0207,      0.8105,      0.1375,      5.5356,     11.0712,      1.2152,     28.3235,     56.6470,      0.0191,      0.0006,      0.0156,      0.2038,   7661.1997,-418606.5312,   -910.3795,    546.5341,  25537.3320,
       1,     167,     296,       9,       1,       3,       1,     10.0000,      1.3925,     42.4812,    246.4762,     62.0288,      3.4953,      0.1146,      0.0826,      9.6292,      0.1588,      5.5356,     11.0712,      1.4035,     28.3235,     56.6470,      0.0191,      0.0008,      0.1454,      0.2038,   7661.1997,-418354.4375,   -910.4238,    546.5513,  25537.3340,
       1,     167,     296,      10,       1,       3,       1,     10.0000,      1.3925,     42.4812,    246.4762,     62.0288,      3.4953,      0.1709,      0.1377,     13.0966,      0.1944,      5.5356,     11.0712,      1.7178,     28.3235,     56.6470,      0.0191,      0.0007,      0.2275,      0.2038,   7661.2007,-429329.0625,   -913.0858,    545.8015,  25537.3301,
       1,     167,     296,      11,       1,       3,       1,     10.0000,      1.3925,     42.4812,    246.4762,     62.0288,      3.4953,      0.1737,      0.1405,      9.0489,      0.1963,      5.5356,     11.0712,      1.7349,     28.3235,     56.6470,      0.0191,      0.0005,      0.2321,      0.2038,   7661.1992,-434590.1562,   -915.5393,    545.4431,  25537.3320,
       1,     167,     296,      12,       1,       3,       1,     10.0000,      1.3925,     42.4812,    246.4762,     62.0288,      3.4953,      0.1440,      0.1107,      6.1740,      0.2001,      5.5356,     11.0712,      1.7678,     28.3235,     56.6470,      0.0191,      0.0004,      0.1887,      0.2038,   7661.1997,-429989.0625,   -916.1346,    545.7569,  25537.3340,
       1,     167,     296,      13,       1,       3,       1,     10.0000,      1.3925,     42.4812,    246.4762,     62.0288,      3.4953,      0.1857,      0.1521,      8.5980,      0.2089,      5.5356,     11.0712,      1.8461,     28.3235,     56.6470,      0.0191,      0.0004,      0.2500,      0.2038,   7661.2007,-426011.6875,   -915.9980,    546.0283,  25537.3301,
       1,     167,     296,      14,       1,       3,       1,     10.0000,      1.3925,     42.4812,    246.4762,     62.0288,      3.4953,      0.1644,      0.1306,     24.1675,      0.2186,      5.5356,     11.0712,      1.9315,     28.3235,     56.6470,      0.0191,      0.0014,      0.2168,      0.2038,   7661.1992,-428696.6875,   -917.9306,    545.8452,  25537.3320,
       1,     167,     296,      15,       1,       3,       1,     10.0000,      1.3925,     42.4812,    246.4762,     62.0288,      3.4953,      0.1906,      0.1565,     72.9949,      0.2293,      5.5356,     11.0712,      2.0265,     28.3235,     56.6470,      0.0191,      0.0036,      0.2500,      0.2038,   7661.1997,-448342.3750,   -922.3311,    544.5047,  25537.3320,
       1,     167,     296,      16,       1,       3,       1,     10.0000,      1.3925,     42.4812,    246.4762,     62.0288,      3.4953,      0.1811,      0.1468,     69.2075,      0.2373,      5.5356,     11.0712,      2.0970,     28.3235,     56.6470,      0.0191,      0.0036,      0.2365,      0.2038,   7661.1997,-510930.9688,   -935.7513,    540.2463,  25537.3320,
       1,     167,     296,      17,       1,       3,       1,     10.0000,      1.3925,     42.4812,    246.4762,     62.0288,      3.4953,      0.1598,      0.1258,     64.0331,      0.2234,      5.5356,     11.0712,      1.9736,     28.3235,     56.6470,      0.0191,      0.0039,      0.2053,      0.2037,   7661.1997,-511567.4062,   -937.3719,    540.2200,  25537.3340,
       1,     167,     296,      18,       1,       3,       1,     10.0000,      1.3925,     42.4812,    246.4762,     62.0288,      3.4953,      0.0147,     -0.0186,      5.1305,      0.2005,      5.5356,     11.0712,      1.7713,     28.3235,     56.6470,      0.0191,      0.0041,      0.0156,      0.2037,   7661.2007,-505138.8125,   -937.1189,    540.6541,  25537.3320,
       1,     167,     296,      19,       1,       3,       1,     10.0000,      1.3925,     42.4812,    246.4762,     62.0288,      3.4953,      0.0057,     -0.0271,      5.4147,      0.1832,      5.5356,     11.0712,      1.6187,     28.3235,     56.6470,      0.0191,      0.0043,      0.0156,      0.2037,   7661.1997,-431050.3438,   -923.6293,    545.6613,  25537.3301,
       1,     167,     296,      20,       1,       3,       1,     10.0000,      1.3925,     42.4812,    246.4762,     62.0288,      3.4953,      0.0006,     -0.0318,      6.2211,      0.1707,      5.5356,     11.0712,      1.5082,     28.3235,     56.6470,      0.0191,      0.0049,      0.0156,      0.2038,   7661.1992,-425184.5625,   -922.7825,    546.0847,  25537.3320,
       1,     167,     296,      21,       1,       3,       1,     10.0000,      1.3925,     42.4812,    246.4762,     62.0288,      3.4953,      0.0000,     -0.0322,      6.5137,      0.1650,      5.5356,     11.0712,      1.4579,     28.3235,     56.6470,      0.0191,      0.0052,      0.0156,      0.2038,   7661.1997,-425662.0625,   -923.1228,    546.0522,  25537.3320,
       1,     167,     296,      22,       1,       3,       1,     10.0000,      1.3925,     42.4812,    246.4762,     62.0288,      3.4953,      0.0000,     -0.0321,      5.2702,      0.1619,      5.5356,     11.0712,      1.4304,     28.3235,     56.6470,      0.0191,      0.0042,      0.0156,      0.2038,   7661.1997,-426067.3438,   -923.4321,    546.0246,  25537.3301,
       1,     167,     296,      23,       1,       3,       1,     10.0000,      1.3925,     42.4812,    246.4762,     62.0288,      3.4953,      0.0000,     -0.0320,      4.1874,      0.1598,      5.5356,     11.0712,      1.4119,     28.3235,     56.6470,      0.0191,      0.0033,      0.0156,      0.2038,   7661.1992,-424551.2500,   -923.2864,    546.1281,  25537.3320,
       1,     167,     296,      24,       1,       3,       1,     10.0000,      1.3925,     42.4812,    246.4762,     62.0288,      3.4953,      0.0000,     -0.0319,      3.2703,      0.1557,      5.5356,     11.0712,      1.3756,     28.3235,     56.6470,      0.0191,      0.0026,      0.0156,      0.2038,   7661.1997,-423071.7188,   -923.1310,    546.2291,  25537.3340,
       1,     167,     297,       1,       1,       3,       1,     10.0000,      1.3925,     42.4816,    246.4820,     62.0303,      3.4953,      0.0000,     -0.0318,      2.4411,      0.1541,      5.5362,     11.0724,      1.3619,     28.3215,     56.6430,      0.0191,      0.0019,      0.0156,      0.2038,   7661.2007,-421956.8750,   -923.2617,    546.3181,  25538.4746,
       1,     167,     297,       2,       1,       3,       1,     10.0000,      1.3925,     42.4816,    246.4820,     62.0303,      3.4953,      0.0000,     -0.0316,      1.9969,      0.1474,      5.5362,     11.0724,      1.3029,     28.3215,     56.6430,      0.0191,      0.0016,      0.0156,      0.2038,   7661.5425,-420675.8125,   -922.8330,    546.4056,  25538.4727,
       1,     167,     297,       3,       1,       3,       1,     10.0000,      1.3925,     42.4816,    246.4820,     62.0303,      3.4953,      0.0000,     -0.0315,      1.7440,      0.1439,      5.5362,     11.0724,      1.2717,     28.3215,     56.6430,      0.0191,      0.0014,      0.0156,      0.2038,   7661.5420,-420013.0312,   -922.7450,    546.4509,  25538.4746,
       1,     167,     297,       4,       1,       3,       1,     10.0000,      1.3925,     42.4816,    246.4820,     62.0303,      3.4953,      0.0000,     -0.0315,      1.5389,      0.1435,      5.5362,     11.0724,      1.2679,     28.3215,     56.6430,      0.0191,      0.0012,      0.0156,      0.2038,   7661.5425,-419641.1562,   -922.7249,    546.4763,  25538.4766,
       1,     167,     297,       5,       1,       3,       1,     10.0000,      1.3925,     42.4816,    246.4820,     62.0303,      3.4953,      0.0000,     -0.0312,      1.3326,      0.1366,      5.5362,     11.0724,      1.2066,     28.3215,     56.6430,      0.0191,      0.0011,      0.0156,      0.2038,   7661.5435,-419353.5000,   -910.5240,    546.4960,  25538.4746,
       1,     167,     297,       6,       1,       3,       1,     10.0000,      1.3925,     42.4816,    246.4820,     62.0303,      3.4953,      0.0000,     -0.0310,      0.8047,      0.1307,      5.5362,     11.0724,      1.1551,     28.3215,     56.6430,      0.0191,      0.0006,      0.0156,      0.2038,   7661.5425,-419071.8750,   -910.4684,    546.5151,  25538.4746,
       1,     167,     297,       7,       1,       3,       1,     10.0000,      1.3925,     42.4816,    246.4820,     62.0303,      3.4953,      0.0000,     -0.0311,      0.4591,      0.1341,      5.5362,     11.0724,      1.1848,     28.3215,     56.6430,      0.0191,      0.0004,      0.0156,      0.2038,   7661.5425,-418389.8438,   -910.4109,    546.5618,  25538.4746,
       1,     167,     297,       8,       1,       3,       1,     10.0000,      1.3925,     42.4816,    246.4820,     62.0303,      3.4953,      0.0148,     -0.0163,      0.0363,      0.1342,      5.5362,     11.0724,      1.1860,     28.3215,     56.6430,      0.0191,      0.0003,      0.0018,      0.2038,   7661.5425,-417900.8125,   -910.3443,    546.5952,  25538.4746,
       1,     167,     297,       9,       1,       3,       1,     10.0000,      1.3925,     42.4816,    246.4820,     62.0303,      3.4953,      0.0914,      0.0604,      2.7204,      0.1313,      5.5362,     11.0724,      1.1598,     28.3215,     56.6430,      0.0191,      0.0003,      0.1128,      0.2038,   7661.5425,-417332.0000,   -910.2844,    546.6340,  25538.4727,
       1,     167,     297,      10,       1,       3,       1,     10.0000,      1.3925,     42.4816,    246.4820,     62.0303,      3.4953,      0.1603,      0.1292,      4.9564,      0.1353,      5.5362,     11.0724,      1.1957,     28.3215,     56.6430,      0.0191,      0.0003,      0.2128,      0.2038,   7661.5420,-420630.2500,   -911.1676,    546.4086,  25538.4746,
       1,     167,     297,      11,       1,       3,       1,     10.0000,      1.3925,     42.4816,    246.4820,     62.0303,      3.4953,      0.1859,      0.1540,      6.6914,      0.1565,      5.5362,     11.0724,      1.3825,     28.3215,     56.6430,      0.0191,      0.0003,      0.2500,      0.2038,   7661.5425,-423699.2188,   -912.1984,    546.1992,  25538.4766,
       1,     167,     297,      12,       1,       3,       1,     10.0000,      1.3925,     42.4816,    246.4820,     62.0303,      3.4953,      0.1858,      0.1524,      8.8415,      0.2012,      5.5362,     11.0724,      1.7783,     28.3215,     56.6430,      0.0191,      0.0004,      0.2500,      0.2038,   7661.5435,-426123.5000,   -913.9682,    546.0336,  25538.4746,
       1,     167,     297,      13,       1,       3,       1,     10.0000,      1.3925,     42.4816,    246.4820,     62.0303,      3.4953,      0.1859,      0.1526,     10.2925,      0.2001,      5.5362,     11.0724,      1.7678,     28.3215,     56.6430,      0.0191,      0.0005,      0.2500,      0.2038,   7661.5425,-429011.4688,   -916.4282,    545.8365,  25538.4746,
       1,     167,     297,      14,       1,       3,       1,     10.0000,      1.3925,     42.4816,    246.4820,     62.0303,      3.4953,      0.1861,      0.1550,      6.2763,      0.1331,      5.5362,     11.0724,      1.1764,     28.3215,     56.6430,      0.0191,      0.0003,      0.2500,      0.2038,   7661.5425,-431066.8125,   -914.1602,    545.6964,  25538.4746,
       1,     167,     297,      15,       1,       3,       1,     10.0000,      1.3925,     42.4816,    246.4820,     62.0303,      3.4953,      0.1176,      0.0863,      3.9946,      0.1386,      5.5362,     11.0724,      1.2251,     28.3215,     56.6430,      0.0191,      0.0003,      0.1507,      0.2038,   7661.5425,-426233.3438,   -912.8505,    546.0260,  25538.4746,
       1,     167,     297,      16,       1,       3,       1,     10.0000,      1.3925,     42.4816,    246.4820,     62.0303,      3.4953,      0.1519,      0.1203,     17.0973,      0.1466,      5.5362,     11.0724,      1.2950,     28.3215,     56.6430,      0.0191,      0.0011,      0.1990,      0.2038,   7661.5425,-422977.2188,   -912.5638,    546.2484,  25538.4746,
       1,     167,     297,      17,       1,       3,       1,     10.0000,      1.3925,     42.4816,    246.4820,     62.0303,      3.4953,      0.1318,      0.1002,     45.9349,      0.1477,      5.5362,     11.0724,      1.3055,     28.3215,     56.6430,      0.0191,      0.0034,      0.1664,      0.2038,   7661.5425,-439037.2812,   -916.1476,    545.1519,  25538.4746,
       1,     167,     297,      18,       1,       3,       1,     10.0000,      1.3925,     42.4816,    246.4820,     62.0303,      3.4953,      0.0816,      0.0498,     26.3446,      0.1520,      5.5362,     11.0724,      1.3428,     28.3215,     56.6430,      0.0191,      0.0034,      0.0954,      0.2038,   7661.5425,-476373.2812,   -921.7787,    542.6087,  25538.4746,
       1,     167,     297,      19,       1,       3,       1,     10.0000,      1.3925,     42.4816,    246.4820,     62.0303,      3.4953,      0.0311,     -0.0004,      2.4525,      0.1460,      5.5362,     11.0724,      1.2898,     28.3215,     56.6430,      0.0191,      0.0012,      0.0247,      0.2038,   7661.5425,-455117.5000,   -918.8083,    544.0563,  25538.4746,
       1,     167,     297,      20,       1,       3,       1,     10.0000,      1.3925,     42.4816,    246.4820,     62.0303,      3.4953,      0.0012,     -0.0301,      0.7627,      0.1370,      5.5362,     11.0724,      1.2103,     28.3215,     56.6430,      0.0191,      0.0006,      0.0156,      0.2038,   7661.5425,-423505.7500,   -913.3672,    546.2081,  25538.4746,
       1,     167,     297,      21,       1,       3,       1,     10.0000,      1.3925,     42.4816,    246.4820,     62.0303,      3.4953,      0.0000,     -0.0310,      0.7166,      0.1323,      5.5362,     11.0724,      1.1693,     28.3215,     56.6430,      0.0191,      0.0006,      0.0156,      0.2038,   7661.5425,-418720.1562,   -912.5573,    546.5391,  25538.4746,
       1,     167,     297,      22,       1,       3,       1,     10.0000,      1.3925,     42.4816,    246.4820,     62.0303,      3.4953,      0.0000,     -0.0312,      0.7039,      0.1356,      5.5362,     11.0724,      1.1981,     28.3215,     56.6430,      0.0191,      0.0006,      0.0156,      0.2038,   7661.5425,-418250.2188,   -912.5170,    546.5713,  25538.4746,
       1,     167,     297,      23,       1,       3,       1,     10.0000,      1.3925,     42.4816,    246.4820,     62.0303,      3.4953,      0.0000,     -0.0312,      0.9957,      0.1364,      5.5362,     11.0724,      1.2054,     28.3215,     56.6430,      0.0191,      0.0008,      0.0156,      0.2038,   7661.5425,-418194.0938,   -912.5519,    546.5751,  25538.4746,
       1,     167,     297,      24,       1,       3,       1,     10.0000,      1.3925,     42.4816,    246.4820,     62.0303,      3.4953,      0.0000,     -0.0312,      0.8019,      0.1357,      5.5362,     11.0724,      1.1993,     28.3215,     56.6430,      0.0191,      0.0006,      0.0156,      0.2038,   7661.5425,-418553.2188,   -912.6833,    546.5506,  25538.4746,
       1,     167,     298,       1,       1,       3,       1,     10.0000,      1.3925,     42.4819,    246.4878,     62.0318,      3.4953,      0.0000,     -0.0312,      0.3675,      0.1359,      5.5364,     11.0729,      1.2006,     28.3202,     56.6405,      0.0191,      0.0003,      0.0156,      0.2038,   7661.5425,-418497.5312,   -912.9696,    546.5673,  25539.6172,
       1,     167,     298,       2,       1,       3,       1,     10.0000,      1.3925,     42.4819,    246.4878,     62.0318,      3.4953,      0.0000,     -0.0311,      0.3230,      0.1342,      5.5364,     11.0729,      1.1861,     28.3202,     56.6405,      0.0191,      0.0003,      0.0156,      0.2038,   7661.8853,-417798.6250,   -912.5943,    546.6152,  25539.6191,
       1,     167,     298,       3,       1,       3,       1,     10.0000,      1.3925,     42.4819,    246.4878,     62.0318,      3.4953,      0.0000,     -0.0310,      0.3299,      0.1314,      5.5364,     11.0729,      1.1611,     28.3202,     56.6405,      0.0191,      0.0003,      0.0156,      0.2038,   7661.8862,-417683.2500,   -912.5745,    546.6230,  25539.6172,
       1,     167,     298,       4,       1,       3,       1,     10.0000,      1.3925,     42.4819,    246.4878,     62.0318,      3.4953,      0.0000,     -0.0310,      0.4169,      0.1310,      5.5364,     11.0729,      1.1575,     28.3202,     56.6405,      0.0191,      0.0003,      0.0156,      0.2038,   7661.8853,-417682.3438,   -912.5773,    546.6231,  25539.6172,
       1,     167,     298,       5,       1,       3,       1,     10.0000,      1.3925,     42.4819,    246.4878,     62.0318,      3.4953,      0.0000,     -0.0310,      0.3235,      0.1309,      5.5364,     11.0729,      1.1563,     28.3202,     56.6405,      0.0191,      0.0003,      0.0156,      0.2038,   7661.8853,-417790.6875,   -912.6077,    546.6157,  25539.6152,
       1,     167,     298,       6,       1,       3,       1,     10.0000,      1.3925,     42.4819,    246.4878,     62.0318,      3.4953,      0.0000,     -0.0308,      0.3531,      0.1268,      5.5364,     11.0729,      1.1205,     28.3202,     56.6405,      0.0191,      0.0003,      0.0156,      0.2038,   7661.8848,-417683.7812,   -912.5919,    546.6229,  25539.6172,
       1,     167,     298,       7,       1,       3,       1,     10.0000,      1.3925,     42.4819,    246.4878,     62.0318,      3.4953,      0.0000,     -0.0306,      0.2892,      0.1219,      5.5364,     11.0729,      1.0768,     28.3202,     56.6405,      0.0191,      0.0002,      0.0156,      0.2038,   7661.8853,-417711.2812,   -912.6020,    546.6210,  25539.6172,
       1,     167,     298,       8,       1,       3,       1,     10.0000,      1.3925,     42.4819,    246.4878,     62.0318,      3.4953,      0.0110,     -0.0198,      0.3009,      0.1262,      5.5364,     11.0729,      1.1148,     28.3202,     56.6405,      0.0191,      0.0002,      0.0156,      0.2038,   7661.8853,-417634.0312,   -912.5895,    546.6264,  25539.6172,
       1,     167,     298,       9,       1,       3,       1,     10.0000,      1.3925,     42.4819,    246.4878,     62.0318,      3.4953,      0.1228,      0.0919,      3.1353,      0.1290,      5.5364,     11.0729,      1.1400,     28.3202,     56.6405,      0.0191,      0.0002,      0.1584,      0.2038,   7661.8853,-417641.9688,   -912.6329,    546.6259,  25539.6152,
       1,     167,     298,      10,       1,       3,       1,     10.0000,      1.3925,     42.4819,    246.4878,     62.0318,      3.4953,      0.1662,      0.1342,      5.6417,      0.1609,      5.5364,     11.0729,      1.4219,     28.3202,     56.6405,      0.0191,      0.0003,      0.2214,      0.2038,   7661.8848,-421176.4375,   -913.7698,    546.3843,  25539.6152,
       1,     167,     298,      11,       1,       3,       1,     10.0000,      1.3925,     42.4819,    246.4878,     62.0318,      3.4953,      0.1858,      0.1529,      7.4518,      0.1845,      5.5364,     11.0729,      1.6300,     28.3202,     56.6405,      0.0191,      0.0004,      0.2500,      0.2038,   7661.8848,-424602.4688,   -915.1299,    546.1504,  25539.6172,
       1,     167,     298,      12,       1,       3,       1,     10.0000,      1.3925,     42.4819,    246.4878,     62.0318,      3.4953,      0.1857,      0.1522,      8.4632,      0.2061,      5.5364,     11.0729,      1.8209,     28.3202,     56.6405,      0.0191,      0.0004,      0.2500,      0.2038,   7661.8853,-427150.7500,   -917.2325,    545.9765,  25539.6152,
       1,     167,     298,      13,       1,       3,       1,     10.0000,      1.3925,     42.4819,    246.4878,     62.0318,      3.4953,      0.1856,      0.1514,      9.7678,      0.2334,      5.5364,     11.0729,      2.0626,     28.3202,     56.6405,      0.0191,      0.0005,      0.2500,      0.2038,   7661.8848,-428629.0312,   -919.2457,    545.8757,  25539.6191,
       1,     167,     298,      14,       1,       3,       1,     10.0000,      1.3925,     42.4819,    246.4878,     62.0318,      3.4953,      0.1857,      0.1517,      9.2850,      0.2234,      5.5364,     11.0729,      1.9737,     28.3202,     56.6405,      0.0191,      0.0005,      0.2500,      0.2038,   7661.8862,-430380.8438,   -921.2305,    545.7561,  25539.6191,
       1,     167,     298,      15,       1,       3,       1,     10.0000,      1.3925,     42.4819,    246.4878,     62.0318,      3.4953,      0.1507,      0.1165,     32.2740,      0.2316,      5.5364,     11.0729,      2.0465,     28.3202,     56.6405,      0.0191,      0.0020,      0.1956,      0.2038,   7661.8862,-429928.1562,   -922.3856,    545.7870,  25539.6191,
       1,     167,     298,      16,       1,       3,       1,     10.0000,      1.3925,     42.4819,    246.4878,     62.0318,      3.4953,      0.0518,      0.0169,     16.4858,      0.2580,      5.5364,     11.0729,      2.2801,     28.3202,     56.6405,      0.0191,      0.0041,      0.0501,      0.2038,   7661.8862,-458553.6562,   -928.2941,    543.8341,  25539.6191,
       1,     167,     298,      17,       1,       3,       1,     10.0000,      1.3925,     42.4819,    246.4878,     62.0318,      3.4953,      0.1205,      0.0857,     63.9302,      0.2563,      5.5364,     11.0729,      2.2647,     28.3202,     56.6405,      0.0191,      0.0054,      0.1470,      0.2038,   7661.8862,-441304.9375,   -925.3834,    545.0101,  25539.6152,
       1,     167,     298,      18,       1,       3,       1,     10.0000,      1.3925,     42.4819,    246.4878,     62.0318,      3.4953,      0.1487,      0.1148,    106.3554,      0.2186,      5.5364,     11.0729,      1.9316,     28.3202,     56.6405,      0.0191,      0.0071,      0.1840,      0.2038,   7661.8848,-499005.1875,   -936.8418,    541.0805,  25539.6172,
       1,     167,     298,      19,       1,       3,       1,     10.0000,      1.3925,     42.4819,    246.4878,     62.0318,      3.4953,      0.0670,      0.0344,     33.9857,      0.1791,      5.5364,     11.0729,      1.5822,     28.3202,     56.6405,      0.0191,      0.0058,      0.0725,      0.2038,   7661.8853,-556902.1875,   -948.7170,    537.1786,  25539.6172,
       1,     167,     298,      20,       1,       3,       1,     10.0000,      1.3925,     42.4819,    246.4878,     62.0318,      3.4953,      0.0013,     -0.0309,      7.5800,      0.1643,      5.5364,     11.0729,      1.4521,     28.3202,     56.6405,      0.0191,      0.0060,      0.0156,      0.2037,   7661.8853,-471426.6250,   -933.1425,    542.9323,  25539.6152,
       1,     167,     298,      21,       1,       3,       1,     10.0000,      1.3925,     42.4819,    246.4878,     62.0318,      3.4953,      0.0000,     -0.0320,      9.2256,      0.1585,      5.5364,     11.0729,      1.4007,     28.3202,     56.6405,      0.0191,      0.0073,      0.0156,      0.2038,   7661.8848,-431317.4062,   -925.8035,    545.6852,  25539.6172,
       1,     167,     298,      22,       1,       3,       1,     10.0000,      1.3925,     42.4819,    246.4878,     62.0318,      3.4953,      0.0000,     -0.0317,      9.0037,      0.1515,      5.5364,     11.0729,      1.3388,     28.3202,     56.6405,      0.0191,      0.0071,      0.0156,      0.2038,   7661.8853,-429942.7188,   -925.7275,    545.7860,  25539.6172,
       1,     167,     298,      23,       1,       3,       1,     10.0000,      1.3925,     42.4819,    246.4878,     62.0318,      3.4953,      0.0000,     -0.0312,      6.5542,      0.1366,      5.5364,     11.0729,      1.2067,     28.3202,     56.6405,      0.0191,      0.0052,      0.0156,      0.2038,   7661.8853,-429540.1875,   -925.8301,    545.8135,  25539.6172,
       1,     167,     298,      24,       1,       3,       1,     10.0000,      1.3925,     42.4819,    246.4878,     62.0318,      3.4953,      0.0000,     -0.0314,      4.1128,      0.1422,      5.5364,     11.0729,      1.2565,     28.3202,     56.6405,      0.0191,      0.0033,      0.0156,      0.2038,   7661.8853,-426451.7812,   -925.3687,    546.0242,  25539.6172,
       1,     167,     299,       1,       1,       3,       1,     10.0000,      1.3925,     42.4822,    246.4936,     62.0332,      3.4953,      0.0000,     -0.0313,      2.9616,      0.1381,      5.5362,     11.0724,      1.2202,     28.3200,     56.6400,      0.0191,      0.0023,      0.0156,      0.2039,   7661.8853,-423300.0000,   -925.1104,    546.2521,  25540.7617,
       1,     167,     299,       2,       1,       3,       1,     10.0000,      1.3925,     42.4822,    246.4936,     62.0332,      3.4953,      0.0000,     -0.0312,      2.1919,      0.1360,      5.5362,     11.0724,      1.2018,     28.3200,     56.6400,      0.0191,      0.0017,      0.0156,      0.2039,   7662.2290,-421444.1875,   -924.5429,    546.3789,  25540.7617,
       1,     167,     299,       3,       1,       3,       1,     10.0000,      1.3925,     42.4822,    246.4936,     62.0332,      3.4953,      0.0000,     -0.0312,      1.9486,      0.1352,      5.5362,     11.0724,      1.1945,     28.3200,     56.6400,      0.0191,      0.0015,      0.0156,      0.2039,   7662.2290,-420326.5938,   -924.3630,    546.4553,  25540.7617,
       1,     167,     299,       4,       1,       3,       1,     10.0000,      1.3925,     42.4822,    246.4936,     62.0332,      3.4953,      0.0000,     -0.0311,      1.2236,      0.1345,      5.5362,     11.0724,      1.1885,     28.3200,     56.6400,      0.0191,      0.0010,      0.0156,      0.2039,   7662.2290,-419928.1562,   -924.3121,    546.4825,  25540.7617,
       1,     167,     299,       5,       1,       3,       1,     10.0000,      1.3925,     42.4822,    246.4936,     62.0332,      3.4953,      0.0000,     -0.0310,      1.2114,      0.1309,      5.5362,     11.0724,      1.1564,     28.3200,     56.6400,      0.0191,      0.0010,      0.0156,      0.2039,   7662.2290,-418990.3750,   -924.1520,    546.5465,  25540.7637,
       1,     167,     299,       6,       1,       3,       1,     10.0000,      1.3925,     42.4822,    246.4936,     62.0332,      3.4953,      0.0000,     -0.0310,      0.8072,      0.1307,      5.5362,     11.0724,      1.1552,     28.3200,     56.6400,      0.0191,      0.0006,      0.0156,      0.2039,   7662.2295,-418895.2500,   -924.1498,    546.5530,  25540.7617,
       1,     167,     299,       7,       1,       3,       1,     10.0000,      1.3925,     42.4822,    246.4936,     62.0332,      3.4953,      0.0000,     -0.0310,      0.5094,      0.1315,      5.5362,     11.0724,      1.1623,     28.3200,     56.6400,      0.0191,      0.0004,      0.0156,      0.2039,   7662.2290,-418383.4375,   -924.0633,    546.5880,  25540.7617,
       1,     167,     299,       8,       1,       3,       1,     10.0000,      1.3925,     42.4822,    246.4936,     62.0332,      3.4953,      0.0095,     -0.0215,      0.4420,      0.1319,      5.5362,     11.0724,      1.1658,     28.3200,     56.6400,      0.0191,      0.0004,      0.0156,      0.2039,   7662.2290,-417968.6875,   -923.9891,    546.6163,  25540.7617,
       1,     167,     299,       9,       1,       3,       1,     10.0000,      1.3925,     42.4822,    246.4936,     62.0332,      3.4953,      0.0886,      0.0573,      3.2754,      0.1406,      5.5362,     11.0724,      1.2426,     28.3200,     56.6400,      0.0191,      0.0004,      0.1085,      0.2039,   7662.2290,-417849.3438,   -923.9733,    546.6245,  25540.7637,
       1,     167,     299,      10,       1,       3,       1,     10.0000,      1.3925,     42.4822,    246.4936,     62.0332,      3.4953,      0.1568,      0.1244,      5.7576,      0.1722,      5.5362,     11.0724,      1.5219,     28.3200,     56.6400,      0.0191,      0.0003,      0.2076,      0.2039,   7662.2295,-421370.8438,   -924.6901,    546.3839,  25540.7617,
       1,     167,     299,      11,       1,       3,       1,     10.0000,      1.3925,     42.4822,    246.4936,     62.0332,      3.4953,      0.1748,      0.1416,      7.7195,      0.1973,      5.5362,     11.0724,      1.7436,     28.3200,     56.6400,      0.0191,      0.0004,      0.2339,      0.2039,   7662.2290,-424765.1875,   -925.4391,    546.1520,  25540.7637,
       1,     167,     299,      12,       1,       3,       1,     10.0000,      1.3925,     42.4822,    246.4936,     62.0332,      3.4953,      0.1857,      0.1520,      8.8753,      0.2148,      5.5362,     11.0724,      1.8978,     28.3200,     56.6400,      0.0191,      0.0004,      0.2500,      0.2039,   7662.2295,-427500.0000,   -926.0894,    545.9655,  25540.7617,
       1,     167,     299,      13,       1,       3,       1,     10.0000,      1.3925,     42.4822,    246.4936,     62.0332,      3.4953,      0.1801,      0.1459,      9.4042,      0.2325,      5.5362,     11.0724,      2.0546,     28.3200,     56.6400,      0.0191,      0.0005,      0.2418,      0.2039,   7662.2290,-429173.8438,   -926.5487,    545.8513,  25540.7617,
       1,     167,     299,      14,       1,       3,       1,     10.0000,      1.3925,     42.4822,    246.4936,     62.0332,      3.4953,      0.0996,      0.0652,      8.2834,      0.2425,      5.5362,     11.0724,      2.1426,     28.3200,     56.6400,      0.0191,      0.0008,      0.1225,      0.2039,   7662.2290,-429975.6562,   -926.7811,    545.7965,  25540.7637,
       1,     167,     299,      15,       1,       3,       1,     10.0000,      1.3925,     42.4822,    246.4936,     62.0332,      3.4953,      0.0386,      0.0041,      7.5024,      0.2413,      5.5362,     11.0724,      2.1322,     28.3200,     56.6400,      0.0191,      0.0029,      0.0319,      0.2039,   7662.2295,-428646.4375,   -926.5737,    545.8872,  25540.7617,
       1,     167,     299,      16,       1,       3,       1,     10.0000,      1.3925,     42.4822,    246.4936,     62.0332,      3.4953,      0.0600,      0.0257,     22.0144,      0.2346,      5.5362,     11.0724,      2.0727,     28.3200,     56.6400,      0.0191,      0.0044,      0.0622,      0.2039,   7662.2290,-427559.9062,   -926.4073,    545.9614,  25540.7617,
       1,     167,     299,      17,       1,       3,       1,     10.0000,      1.3925,     42.4822,    246.4936,     62.0332,      3.4953,      0.0693,      0.0360,     31.3272,      0.2003,      5.5362,     11.0724,      1.7696,     28.3200,     56.6400,      0.0191,      0.0051,      0.0756,      0.2039,   7662.2290,-445559.1875,   -929.9599,    544.7330,  25540.7617,
       1,     167,     299,      18,       1,       3,       1,     10.0000,      1.3925,     42.4822,    246.4936,     62.0332,      3.4953,      0.0558,      0.0229,     27.9583,      0.1859,      5.5362,     11.0724,      1.6431,     28.3200,     56.6400,      0.0191,      0.0061,      0.0566,      0.2038,   7662.2290,-458707.6562,   -932.6320,    543.8391,  25540.7617,
       1,     167,     299,      19,       1,       3,       1,     10.0000,      1.3925,     42.4822,    246.4936,     62.0332,      3.4953,      0.0315,     -0.0011,     12.4338,      0.1752,      5.5362,     11.0724,      1.5479,     28.3200,     56.6400,      0.0191,      0.0067,      0.0229,      0.2038,   7662.2290,-455624.0000,   -932.1740,    544.0495,  25540.7617,
       1,     167,     299,      20,       1,       3,       1,     10.0000,      1.3925,     42.4822,    246.4936,     62.0332,      3.4953,      0.0005,     -0.0315,      8.0117,      0.1573,      5.5362,     11.0724,      1.3895,     28.3200,     56.6400,      0.0191,      0.0064,      0.0156,      0.2038,   7662.2290,-435999.1562,   -928.4500,    545.3841,  25540.7617,
       1,     167,     299,      21,       1,       3,       1,     10.0000,      1.3925,     42.4822,    246.4936,     62.0332,      3.4953,      0.0000,     -0.0317,      7.2095,      0.1511,      5.5362,     11.0724,      1.3348,     28.3200,     56.6400,      0.0191,      0.0057,      0.0156,      0.2039,   7662.2290,-428822.0312,   -927.0782,    545.8750,  25540.7637,
       1,     167,     299,      22,       1,       3,       1,     10.0000,      1.3925,     42.4822,    246.4936,     62.0332,      3.4953,      0.0000,     -0.0316,      5.7595,      0.1486,      5.5362,     11.0724,      1.3135,     28.3200,     56.6400,      0.0191,      0.0046,      0.0156,      0.2039,   7662.2295,-427209.7188,   -926.7736,    545.9852,  25540.7637,
       1,     167,     299,      23,       1,       3,       1,     10.0000,      1.3925,     42.4822,    246.4936,     62.0332,      3.4953,      0.0000,     -0.0316,      4.7471,      0.1476,      5.5362,     11.0724,      1.3043,     28.3200,     56.6400,      0.0191,      0.0038,      0.0156,      0.2039,   7662.2295,-425264.6875,   -926.3989,    546.1180,  25540.7617,
       1,     167,     299,      24,       1,       3,       1,     10.0000,      1.3925,     42.4822,    246.4936,     62.0332,      3.4953,      0.0000,     -0.0314,      4.0668,      0.1428,      5.5362,     11.0724,      1.2616,     28.3200,     56.6400,      0.0191,      0.0032,      0.0156,      0.2039,   7662.2290,-423837.1875,   -926.1235,    546.2155,  25540.7617,
       1,     167,     300,       1,       1,       3,       1,     10.0000,      1.3926,     42.4826,    246.4995,     62.0348,      3.4953,      0.0000,     -0.0313,      3.0301,      0.1394,      5.5375,     11.0749,      1.2314,     28.3091,     56.6182,      0.0191,      0.0024,      0.0156,      0.2039,   7662.2290,-423022.5000,   -926.2436,    546.2842,  25541.9043,
       1,     167,     300,       2,       1,       3,       1,     10.0000,      1.3926,     42.4826,    246.4995,     62.0348,      3.4953,      0.0000,     -0.0310,      2.2666,      0.1318,      5.5375,     11.0749,      1.1647,     28.3091,     56.6182,      0.0191,      0.0018,      0.0156,      0.2039,   7662.5718,-421508.2188,   -925.6787,    546.3875,  25541.9043,
       1,     167,     300,       3,       1,       3,       1,     10.0000,      1.3926,     42.4826,    246.4995,     62.0348,      3.4953,      0.0000,     -0.0309,      1.7834,      0.1288,      5.5375,     11.0749,      1.1378,     28.3091,     56.6182,      0.0191,      0.0014,      0.0156,      0.2039,   7662.5718,-420427.7812,   -925.4669,    546.4613,  25541.9043,
       1,     167,     300,       4,       1,       3,       1,     10.0000,      1.3926,     42.4826,    246.4995,     62.0348,      3.4953,      0.0000,     -0.0310,      1.7114,      0.1323,      5.5375,     11.0749,      1.1694,     28.3091,     56.6182,      0.0191,      0.0014,      0.0156,      0.2039,   7662.5718,-419733.6250,   -925.3309,    546.5088,  25541.9062,
       1,     167,     300,       5,       1,       3,       1,     10.0000,      1.3926,     42.4826,    246.4995,     62.0348,      3.4953,      0.0000,     -0.0308,      1.3909,      0.1272,      5.5375,     11.0749,      1.1240,     28.3091,     56.6182,      0.0191,      0.0011,      0.0156,      0.2039,   7662.5723,-419584.4062,   -925.3002,    546.5189,  25541.9023,
       1,     167,     300,       6,       1,       3,       1,     10.0000,      1.3926,     42.4826,    246.4995,     62.0348,      3.4953,      0.0000,     -0.0308,      1.2465,      0.1262,      5.5375,     11.0749,      1.1148,     28.3091,     56.6182,      0.0191,      0.0010,      0.0156,      0.2039,   7662.5708,-419172.7188,   -925.2206,    546.5471,  25541.9043,
       1,     167,     300,       7,       1,       3,       1,     10.0000,      1.3926,     42.4826,    246.4995,     62.0348,      3.4953,      0.0000,     -0.0308,      0.6207,      0.1271,      5.5375,     11.0749,      1.1228,     28.3091,     56.6182,      0.0191,      0.0005,      0.0156,      0.2039,   7662.5718,-418957.5000,   -925.1821,    546.5618,  25541.9062,
       1,     167,     300,       8,       1,       3,       1,     10.0000,      1.3926,     42.4826,    246.4995,     62.0348,      3.4953,      0.0063,     -0.0245,      0.3631,      0.1262,      5.5375,     11.0749,      1.1148,     28.3091,     56.6182,      0.0191,      0.0003,      0.0156,      0.2039,   7662.5723,-418158.8750,   -925.0296,    546.6163,  25541.9043,
       1,     167,     300,       9,       1,       3,       1,     10.0000,      1.3926,     42.4826,    246.4995,     62.0348,      3.4953,      0.0625,      0.0305,      1.7639,      0.1590,      5.5375,     11.0749,      1.4050,     28.3091,     56.6182,      0.0191,      0.0003,      0.0702,      0.2039,   7662.5718,-417770.2188,   -924.9549,    546.6429,  25541.9043,
       1,     167,     300,      10,       1,       3,       1,     10.0000,      1.3926,     42.4826,    246.4995,     62.0348,      3.4953,      0.1309,      0.0978,      5.3167,      0.1929,      5.5375,     11.0749,      1.7045,     28.3091,     56.6182,      0.0191,      0.0004,      0.1695,      0.2039,   7662.5718,-419482.8750,   -925.2791,    546.5259,  25541.9043,
       1,     167,     300,      11,       1,       3,       1,     10.0000,      1.3926,     42.4826,    246.4995,     62.0348,      3.4953,      0.1593,      0.1256,      7.6466,      0.2121,      5.5375,     11.0749,      1.8738,     28.3091,     56.6182,      0.0191,      0.0004,      0.2110,      0.2039,   7662.5718,-424057.0000,   -926.1243,    546.2134,  25541.9043,
       1,     167,     300,      12,       1,       3,       1,     10.0000,      1.3926,     42.4826,    246.4995,     62.0348,      3.4953,      0.1487,      0.1148,      7.1635,      0.2208,      5.5375,     11.0749,      1.9507,     28.3091,     56.6182,      0.0191,      0.0005,      0.1955,      0.2039,   7662.5718,-427350.8438,   -926.7116,    545.9886,  25541.9043,
       1,     167,     300,      13,       1,       3,       1,     10.0000,      1.3926,     42.4826,    246.4995,     62.0348,      3.4953,      0.1607,      0.1265,     10.2440,      0.2334,      5.5375,     11.0749,      2.0627,     28.3091,     56.6182,      0.0191,      0.0006,      0.2130,      0.2039,   7662.5718,-427028.9688,   -926.6000,    546.0106,  25541.9043,
       1,     167,     300,      14,       1,       3,       1,     10.0000,      1.3926,     42.4826,    246.4995,     62.0348,      3.4953,      0.1807,      0.1463,     60.0333,      0.2418,      5.5375,     11.0749,      2.1364,     28.3091,     56.6182,      0.0191,      0.0031,      0.2370,      0.2039,   7662.5718,-430841.4375,   -927.2960,    545.7504,  25541.9043,
       1,     167,     300,      15,       1,       3,       1,     10.0000,      1.3926,     42.4826,    246.4995,     62.0348,      3.4953,      0.1868,      0.1531,     89.5471,      0.2135,      5.5375,     11.0749,      1.8867,     28.3091,     56.6182,      0.0191,      0.0046,      0.2422,      0.2039,   7662.5718,-493232.7188,   -939.5174,    541.4943,  25541.9023,
       1,     167,     300,      16,       1,       3,       1,     10.0000,      1.3926,     42.4826,    246.4995,     62.0348,      3.4953,      0.1585,      0.1259,     80.7691,      0.1750,      5.5375,     11.0749,      1.5464,     28.3091,     56.6182,      0.0191,      0.0050,      0.2013,      0.2038,   7662.5708,-535410.9375,   -947.9900,    538.6558,  25541.9004,
       1,     167,     300,      17,       1,       3,       1,     10.0000,      1.3926,     42.4826,    246.4995,     62.0348,      3.4953,      0.0640,      0.0311,     33.8474,      0.1867,      5.5375,     11.0749,      1.6496,     28.3091,     56.6182,      0.0191,      0.0062,      0.0678,      0.2038,   7662.5703,-528031.4375,   -946.8718,    539.1602,  25541.9023,
       1,     167,     300,      18,       1,       3,       1,     10.0000,      1.3926,     42.4826,    246.4995,     62.0348,      3.4953,      0.0941,      0.0607,     61.6599,      0.2031,      5.5375,     11.0749,      1.7943,     28.3091,     56.6182,      0.0191,      0.0070,      0.1087,      0.2038,   7662.5708,-468817.9688,   -935.4613,    543.1511,  25541.9043,
       1,     167,     300,      19,       1,       3,       1,     10.0000,      1.3926,     42.4826,    246.4995,     62.0348,      3.4953,      0.0200,     -0.0131,      4.0464,      0.1954,      5.5375,     11.0749,      1.7265,     28.3091,     56.6182,      0.0191,      0.0079,      0.0064,      0.2038,   7662.5718,-498533.3438,   -941.4381,    541.1484,  25541.9043,
       1,     167,     300,      20,       1,       3,       1,     10.0000,      1.3926,     42.4826,    246.4995,     62.0348,      3.4953,      0.0004,     -0.0323,      7.9439,      0.1794,      5.5375,     11.0749,      1.5854,     28.3091,     56.6182,      0.0191,      0.0063,      0.0156,      0.2038,   7662.5718,-429155.1562,   -927.8041,    545.8451,  25541.9023,
       1,     167,     300,      21,       1,       3,       1,     10.0000,      1.3926,     42.4826,    246.4995,     62.0348,      3.4953,      0.0000,     -0.0319,      5.4558,      0.1549,      5.5375,     11.0749,      1.3688,     28.3091,     56.6182,      0.0191,      0.0043,      0.0156,      0.2039,   7662.5708,-428181.0000,   -927.5450,    545.9321,  25541.9023,
       1,     167,     300,      22,       1,       3,       1,     10.0000,      1.3926,     42.4826,    246.4995,     62.0348,      3.4953,      0.0000,     -0.0313,      4.8113,      0.1399,      5.5375,     11.0749,      1.2364,     28.3091,     56.6182,      0.0191,      0.0038,      0.0156,      0.2039,   7662.5708,-424970.9375,   -926.9045,    546.1511,  25541.9023,
       1,     167,     300,      23,       1,       3,       1,     10.0000,      1.3926,     42.4826,    246.4995,     62.0348,      3.4953,      0.0000,     -0.0312,      4.7166,      0.1360,      5.5375,     11.0749,      1.2018,     28.3091,     56.6182,      0.0191,      0.0037,      0.0156,      0.2039,   7662.5708,-423894.6250,   -926.6743,    546.2245,  25541.9043,
       1,     167,     300,      24,       1,       3,       1,     10.0000,      1.3926,     42.4826,    246.4995,     62.0348,      3.4953,      0.0000,     -0.0311,      5.1878,      0.1336,      5.5375,     11.0749,      1.1801,     28.3091,     56.6182,      0.0191,      0.0041,      0.0156,      0.2039,   7662.5718,-423684.7188,   -926.5889,    546.2389,  25541.9004,
       1,     167,     301,       1,       1,       3,       1,     10.0000,      1.3926,     42.4829,    246.5052,     62.0362,      3.4953,      0.0000,     -0.0310,      4.0629,      0.1303,      5.5371,     11.0743,      1.1517,     28.3036,     56.6072,      0.0191,      0.0032,      0.0156,      0.2039,   7662.5703,-424409.4688,   -926.9639,    546.2025,  25543.0449,
       1,     167,     301,       2,       1,       3,       1,     10.0000,      1.3926,     42.4829,    246.5052,     62.0362,      3.4953,      0.0000,     -0.0310,      2.8913,      0.1322,      5.5371,     11.0743,      1.1682,     28.3036,     56.6072,      0.0191,      0.0023,      0.0156,      0.2039,   7662.9136,-422916.2188,   -926.3665,    546.3044,  25543.0449,
       1,     167,     301,       3,       1,       3,       1,     10.0000,      1.3926,     42.4829,    246.5052,     62.0362,      3.4953,      0.0000,     -0.0309,      2.7368,      0.1290,      5.5371,     11.0743,      1.1401,     28.3036,     56.6072,      0.0191,      0.0022,      0.0156,      0.2039,   7662.9136,-421329.0625,   -926.0417,    546.4128,  25543.0449,
       1,     167,     301,       4,       1,       3,       1,     10.0000,      1.3926,     42.4829,    246.5052,     62.0362,      3.4953,      0.0000,     -0.0310,      2.0775,      0.1318,      5.5371,     11.0743,      1.1647,     28.3036,     56.6072,      0.0191,      0.0016,      0.0156,      0.2039,   7662.9136,-421001.3750,   -925.9554,    546.4352,  25543.0430,
       1,     167,     301,       5,       1,       3,       1,     10.0000,      1.3926,     42.4829,    246.5052,     62.0362,      3.4953,      0.0000,     -0.0309,      0.9578,      0.1276,      5.5371,     11.0743,      1.1274,     28.3036,     56.6072,      0.0191,      0.0008,      0.0156,      0.2039,   7662.9131,-420151.9688,   -925.7723,    546.4932,  25543.0430,
       1,     167,     301,       6,       1,       3,       1,     10.0000,      1.3926,     42.4829,    246.5052,     62.0362,      3.4953,      0.0000,     -0.0308,      0.9394,      0.1260,      5.5371,     11.0743,      1.1137,     28.3036,     56.6072,      0.0191,      0.0007,      0.0156,      0.2039,   7662.9131,-418684.2188,   -925.4794,    546.5934,  25543.0449,
       1,     167,     301,       7,       1,       3,       1,     10.0000,      1.3926,     42.4829,    246.5052,     62.0362,      3.4953,      0.0000,     -0.0308,      0.7647,      0.1260,      5.5371,     11.0743,      1.1137,     28.3036,     56.6072,      0.0191,      0.0006,      0.0156,      0.2039,   7662.9136,-418536.1250,   -925.4441,    546.6036,  25543.0469,
       1,     167,     301,       8,       1,       3,       1,     10.0000,      1.3926,     42.4829,    246.5052,     62.0362,      3.4953,      0.0165,     -0.0143,      0.1216,      0.1257,      5.5371,     11.0743,      1.1103,     28.3036,     56.6072,      0.0191,      0.0003,      0.0046,      0.2039,   7662.9146,-418305.5938,   -925.3952,    546.6194,  25543.0469,
       1,     167,     301,       9,       1,       3,       1,     10.0000,      1.3926,     42.4829,    246.5052,     62.0362,      3.4953,      0.1278,      0.0963,      3.7536,      0.1454,      5.5371,     11.0743,      1.2848,     28.3036,     56.6072,      0.0191,      0.0003,      0.1654,      0.2039,   7662.9146,-417484.5625,   -925.2279,    546.6754,  25543.0449,
       1,     167,     301,      10,       1,       3,       1,     10.0000,      1.3926,     42.4829,    246.5052,     62.0362,      3.4953,      0.1545,      0.1220,      5.6456,      0.1728,      5.5371,     11.0743,      1.5266,     28.3036,     56.6072,      0.0191,      0.0003,      0.2042,      0.2039,   7662.9136,-421941.0000,   -926.0580,    546.3709,  25543.0430,
       1,     167,     301,      11,       1,       3,       1,     10.0000,      1.3926,     42.4829,    246.5052,     62.0362,      3.4953,      0.1847,      0.1511,      8.6057,      0.2102,      5.5371,     11.0743,      1.8573,     28.3036,     56.6072,      0.0191,      0.0004,      0.2485,      0.2039,   7662.9131,-424678.8750,   -926.5046,    546.1840,  25543.0469,
       1,     167,     301,      12,       1,       3,       1,     10.0000,      1.3926,     42.4829,    246.5052,     62.0362,      3.4953,      0.1857,      0.1516,      9.3910,      0.2256,      5.5371,     11.0743,      1.9933,     28.3036,     56.6072,      0.0191,      0.0005,      0.2500,      0.2039,   7662.9146,-428600.8125,   -927.0657,    545.9163,  25543.0469,
       1,     167,     301,      13,       1,       3,       1,     10.0000,      1.3926,     42.4829,    246.5052,     62.0362,      3.4953,      0.1856,      0.1514,      9.8678,      0.2355,      5.5371,     11.0743,      2.0809,     28.3036,     56.6072,      0.0191,      0.0005,      0.2500,      0.2039,   7662.9146,-429913.5625,   -927.0410,    545.8267,  25543.0430,
       1,     167,     301,      14,       1,       3,       1,     10.0000,      1.3926,     42.4829,    246.5052,     62.0362,      3.4953,      0.1865,      0.1524,     20.3587,      0.2300,      5.5371,     11.0743,      2.0327,     28.3036,     56.6072,      0.0191,      0.0010,      0.2500,      0.2039,   7662.9131,-430619.9688,   -926.9438,    545.7786,  25543.0430,
       1,     167,     301,      15,       1,       3,       1,     10.0000,      1.3926,     42.4829,    246.5052,     62.0362,      3.4953,      0.1884,      0.1550,     42.1869,      0.2043,      5.5371,     11.0743,      1.8050,     28.3036,     56.6072,      0.0191,      0.0021,      0.2500,      0.2039,   7662.9131,-443756.2500,   -929.3489,    544.8824,  25543.0449,
       1,     167,     301,      16,       1,       3,       1,     10.0000,      1.3926,     42.4829,    246.5052,     62.0362,      3.4953,      0.1366,      0.1044,     46.4803,      0.1634,      5.5371,     11.0743,      1.4435,     28.3036,     56.6072,      0.0191,      0.0033,      0.1732,      0.2039,   7662.9136,-472088.3125,   -934.9154,    542.9535,  25543.0449,
       1,     167,     301,      17,       1,       3,       1,     10.0000,      1.3926,     42.4829,    246.5052,     62.0362,      3.4953,      0.1759,      0.1444,     80.5379,      0.1426,      5.5371,     11.0743,      1.2604,     28.3036,     56.6072,      0.0191,      0.0044,      0.2266,      0.2039,   7662.9136,-479859.5938,   -936.5728,    542.4294,  25543.0430,
       1,     167,     301,      18,       1,       3,       1,     10.0000,      1.3926,     42.4829,    246.5052,     62.0362,      3.4953,      0.0854,      0.0541,     38.8818,      0.1403,      5.5371,     11.0743,      1.2402,     28.3036,     56.6072,      0.0191,      0.0048,      0.0998,      0.2039,   7662.9131,-522997.6875,   -947.3862,    539.5048,  25543.0430,
       1,     167,     301,      19,       1,       3,       1,     10.0000,      1.3926,     42.4829,    246.5052,     62.0362,      3.4953,      0.0369,      0.0056,     12.0563,      0.1394,      5.5371,     11.0743,      1.2314,     28.3036,     56.6072,      0.0191,      0.0046,      0.0322,      0.2038,   7662.9131,-474686.7188,   -938.0352,    542.7706,  25543.0430,
       1,     167,     301,      20,       1,       3,       1,     10.0000,      1.3926,     42.4829,    246.5052,     62.0362,      3.4953,      0.0009,     -0.0302,      4.3372,      0.1340,      5.5371,     11.0743,      1.1837,     28.3036,     56.6072,      0.0191,      0.0034,      0.0156,      0.2039,   7662.9131,-437153.4375,   -930.6486,    545.3270,  25543.0430,
       1,     167,     301,      21,       1,       3,       1,     10.0000,      1.3926,     42.4829,    246.5052,     62.0362,      3.4953,      0.0000,     -0.0309,      2.0268,      0.1295,      5.5371,     11.0743,      1.1447,     28.3036,     56.6072,      0.0191,      0.0016,      0.0156,      0.2039,   7662.9131,-424348.8438,   -928.0942,    546.2059,  25543.0410,
       1,     167,     301,      22,       1,       3,       1,     10.0000,      1.3926,     42.4829,    246.5052,     62.0362,      3.4953,      0.0000,     -0.0309,      1.0031,      0.1295,      5.5371,     11.0743,      1.1447,     28.3036,     56.6072,      0.0191,      0.0008,      0.0156,      0.2039,   7662.9126,-420374.7188,   -927.2978,    546.4779,  25543.0430,
       1,     167,     301,      23,       1,       3,       1,     10.0000,      1.3926,     42.4829,    246.5052,     62.0362,      3.4953,      0.0000,     -0.0310,      0.7154,      0.1326,      5.5371,     11.0743,      1.1718,     28.3036,     56.6072,      0.0191,      0.0006,      0.0156,      0.2039,   7662.9131,-418759.7500,   -926.9757,    546.5883,  25543.0430,
       1,     167,     301,      24,       1,       3,       1,     10.0000,      1.3926,     42.4829,    246.5052,     62.0362,      3.4953,      0.0000,     -0.0310,      0.8272,      0.1303,      5.5371,     11.0743,      1.1517,     28.3036,     56.6072,      0.0191,      0.0007,      0.0156,      0.2039,   7662.9131,-418263.5938,   -926.8762,    546.6222,  25543.0410,
       1,     167,     302,       1,       1,       3,       1,     10.0000,      1.3926,     42.4832,    246.5110,     62.0377,      3.4953,      0.0000,     -0.0309,      0.3143,      0.1293,      5.5363,     11.0727,      1.1424,     28.3057,     56.6114,      0.0191,      0.0002,      0.0156,      0.2039,   7662.9126,-418516.1875,   -927.2056,    546.6177,  25544.1855,
       1,     167,     302,       2,       1,       3,       1,     10.0000,      1.3926,     42.4832,    246.5110,     62.0377,      3.4953,      0.0000,     -0.0309,      0.3940,      0.1276,      5.5363,     11.0727,      1.1274,     28.3057,     56.6114,      0.0191,      0.0003,      0.0156,      0.2039,   7663.2559,-417745.9062,   -926.7765,    546.6704,  25544.1855,
       1,     167,     302,       3,       1,       3,       1,     10.0000,      1.3926,     42.4832,    246.5110,     62.0377,      3.4953,      0.0000,     -0.0310,      0.4250,      0.1305,      5.5363,     11.0727,      1.1529,     28.3057,     56.6114,      0.0191,      0.0003,      0.0156,      0.2039,   7663.2559,-417779.4688,   -926.7835,    546.6680,  25544.1836,
       1,     167,     302,       4,       1,       3,       1,     10.0000,      1.3926,     42.4832,    246.5110,     62.0377,      3.4953,      0.0000,     -0.0307,      0.2943,      0.1238,      5.5363,     11.0727,      1.0935,     28.3057,     56.6114,      0.0191,      0.0002,      0.0156,      0.2039,   7663.2554,-417821.3438,   -926.7927,    546.6652,  25544.1855,
       1,     167,     302,       5,       1,       3,       1,     10.0000,      1.3926,     42.4832,    246.5110,     62.0377,      3.4953,      0.0000,     -0.0308,      0.2992,      0.1255,      5.5363,     11.0727,      1.1092,     28.3057,     56.6114,      0.0191,      0.0002,      0.0156,      0.2039,   7663.2559,-417661.8750,   -926.7622,    546.6761,  25544.1855,
       1,     167,     302,       6,       1,       3,       1,     10.0000,      1.3926,     42.4832,    246.5110,     62.0377,      3.4953,      0.0000,     -0.0308,      0.3016,      0.1264,      5.5363,     11.0727,      1.1172,     28.3057,     56.6114,      0.0191,      0.0002,      0.0156,      0.2039,   7663.2559,-417654.1875,   -926.7619,    546.6765,  25544.1855,
       1,     167,     302,       7,       1,       3,       1,     10.0000,      1.3926,     42.4832,    246.5110,     62.0377,      3.4953,      0.0000,     -0.0307,      0.5197,      0.1239,      5.5363,     11.0727,      1.0946,     28.3057,     56.6114,      0.0191,      0.0004,      0.0156,      0.2039,   7663.2559,-417656.8438,   -926.7637,    546.6764,  25544.1875,
       1,     167,     302,       8,       1,       3,       1,     10.0000,      1.3926,     42.4832,    246.5110,     62.0377,      3.4953,      0.0135,     -0.0173,      0.0130,      0.1268,      5.5363,     11.0727,      1.1206,     28.3057,     56.6114,      0.0191,      0.0007,      0.0002,      0.2039,   7663.2563,-417928.5000,   -926.8168,    546.6579,  25544.1855,
       1,     167,     302,       9,       1,       3,       1,     10.0000,      1.3926,     42.4832,    246.5110,     62.0377,      3.4953,      0.1062,      0.0748,      3.8424,      0.1412,      5.5363,     11.0727,      1.2477,     28.3057,     56.6114,      0.0191,      0.0004,      0.1341,      0.2039,   7663.2559,-417320.4688,   -926.6837,    546.6994,  25544.1875,
       1,     167,     302,      10,       1,       3,       1,     10.0000,      1.3926,     42.4832,    246.5110,     62.0377,      3.4953,      0.1630,      0.1310,      5.5102,      0.1596,      5.5363,     11.0727,      1.4107,     28.3057,     56.6114,      0.0191,      0.0003,      0.2167,      0.2039,   7663.2563,-422040.2188,   -927.5679,    546.3769,  25544.1855,
       1,     167,     302,      11,       1,       3,       1,     10.0000,      1.3926,     42.4832,    246.5110,     62.0377,      3.4953,      0.1802,      0.1475,      7.0793,      0.1816,      5.5363,     11.0727,      1.6045,     28.3057,     56.6114,      0.0191,      0.0004,      0.2419,      0.2039,   7663.2559,-424520.6875,   -927.9526,    546.2076,  25544.1836,
       1,     167,     302,      12,       1,       3,       1,     10.0000,      1.3926,     42.4832,    246.5110,     62.0377,      3.4953,      0.1857,      0.1524,      8.2368,      0.2013,      5.5363,     11.0727,      1.7785,     28.3057,     56.6114,      0.0191,      0.0004,      0.2500,      0.2039,   7663.2554,-426687.3750,   -928.2767,    546.0597,  25544.1855,
       1,     167,     302,      13,       1,       3,       1,     10.0000,      1.3926,     42.4832,    246.5110,     62.0377,      3.4953,      0.1857,      0.1520,      8.7761,      0.2127,      5.5363,     11.0727,      1.8794,     28.3057,     56.6114,      0.0191,      0.0004,      0.2500,      0.2039,   7663.2559,-428314.1562,   -928.3983,    545.9487,  25544.1836,
       1,     167,     302,      14,       1,       3,       1,     10.0000,      1.3926,     42.4832,    246.5110,     62.0377,      3.4953,      0.1858,      0.1520,     10.1804,      0.2178,      5.5363,     11.0727,      1.9242,     28.3057,     56.6114,      0.0191,      0.0005,      0.2500,      0.2039,   7663.2554,-429124.9062,   -928.3877,    545.8934,  25544.1836,
       1,     167,     302,      15,       1,       3,       1,     10.0000,      1.3926,     42.4832,    246.5110,     62.0377,      3.4953,      0.1676,      0.1336,     23.7608,      0.2249,      5.5363,     11.0727,      1.9875,     28.3057,     56.6114,      0.0191,      0.0013,      0.2215,      0.2039,   7663.2554,-430943.8750,   -928.6240,    545.7692,  25544.1855,
       1,     167,     302,      16,       1,       3,       1,     10.0000,      1.3926,     42.4832,    246.5110,     62.0377,      3.4953,      0.1026,      0.0687,     31.0147,      0.2214,      5.5363,     11.0727,      1.9566,     28.3057,     56.6114,      0.0191,      0.0031,      0.1244,      0.2039,   7663.2559,-448023.7500,   -931.9898,    544.6040,  25544.1855,
       1,     167,     302,      17,       1,       3,       1,     10.0000,      1.3926,     42.4832,    246.5110,     62.0377,      3.4953,      0.0949,      0.0613,     46.3357,      0.2123,      5.5363,     11.0727,      1.8757,     28.3057,     56.6114,      0.0191,      0.0051,      0.1115,      0.2039,   7663.2559,-458522.6875,   -934.1279,    543.8905,  25544.1855,
       1,     167,     302,      18,       1,       3,       1,     10.0000,      1.3926,     42.4832,    246.5110,     62.0377,      3.4953,      0.0934,      0.0600,     59.3558,      0.2049,      5.5363,     11.0727,      1.8104,     28.3057,     56.6114,      0.0191,      0.0068,      0.1079,      0.2039,   7663.2559,-478516.9375,   -938.1860,    542.5317,  25544.1855,
       1,     167,     302,      19,       1,       3,       1,     10.0000,      1.3926,     42.4832,    246.5110,     62.0377,      3.4953,      0.0455,      0.0128,     22.8077,      0.1798,      5.5363,     11.0727,      1.5886,     28.3057,     56.6114,      0.0191,      0.0067,      0.0421,      0.2039,   7663.2559,-496457.5625,   -941.8837,    541.3167,  25544.1855,
       1,     167,     302,      20,       1,       3,       1,     10.0000,      1.3926,     42.4832,    246.5110,     62.0377,      3.4953,      0.0012,     -0.0309,      7.7923,      0.1634,      5.5363,     11.0727,      1.4436,     28.3057,     56.6114,      0.0191,      0.0062,      0.0156,      0.2039,   7663.2559,-452387.4375,   -933.1599,    544.3000,  25544.1855,
       1,     167,     302,      21,       1,       3,       1,     10.0000,      1.3926,     42.4832,    246.5110,     62.0377,      3.4953,      0.0000,     -0.0320,      7.3127,      0.1581,      5.5363,     11.0727,      1.3966,     28.3057,     56.6114,      0.0191,      0.0058,      0.0156,      0.2039,   7663.2559,-429951.7188,   -928.6417,    545.8347,  25544.1875,
       1,     167,     302,      22,       1,       3,       1,     10.0000,      1.3926,     42.4832,    246.5110,     62.0377,      3.4953,      0.0000,     -0.0318,      6.9072,      0.1544,      5.5363,     11.0727,      1.3648,     28.3057,     56.6114,      0.0191,      0.0055,      0.0156,      0.2039,   7663.2563,-427442.7188,   -928.0959,    546.0081,  25544.1855,
       1,     167,     302,      23,       1,       3,       1,     10.0000,      1.3926,     42.4832,    246.5110,     62.0377,      3.4953,      0.0000,     -0.0318,      6.7652,      0.1540,      5.5363,     11.0727,      1.3607,     28.3057,     56.6114,      0.0191,      0.0054,      0.0156,      0.2039,   7663.2559,-426721.4688,   -927.9127,    546.0574,  25544.1855,
       1,     167,     302,      24,       1,       3,       1,     10.0000,      1.3926,     42.4832,    246.5110,     62.0377,      3.4953,      0.0000,     -0.0318,      5.0572,      0.1535,      5.5363,     11.0727,      1.3566,     28.3057,     56.6114,      0.0191,      0.0040,      0.0156,      0.2039,   7663.2559,-426482.9688,   -927.8275,    546.0736,  25544.1855,
       1,     167,     303,       1,       1,       3,       1,     10.0000,      1.3926,     42.4836,    246.5168,     62.0391,      3.4953,      0.0000,     -0.0317,      3.6067,      0.1509,      5.5371,     11.0741,      1.3336,     28.3041,     56.6083,      0.0191,      0.0029,      0.0156,      0.2040,   7663.2559,-424488.8750,   -927.6862,    546.2226,  25545.3281,
       1,     167,     303,       2,       1,       3,       1,     10.0000,      1.3926,     42.4836,    246.5168,     62.0391,      3.4953,      0.0000,     -0.0316,      3.0752,      0.1463,      5.5371,     11.0741,      1.2926,     28.3041,     56.6083,      0.0191,      0.0024,      0.0156,      0.2040,   7663.5986,-422359.4688,   -926.9641,    546.3681,  25545.3301,
       1,     167,     303,       3,       1,       3,       1,     10.0000,      1.3926,     42.4836,    246.5168,     62.0391,      3.4953,      0.0000,     -0.0315,      2.6531,      0.1438,      5.5371,     11.0741,      1.2707,     28.3041,     56.6083,      0.0191,      0.0021,      0.0156,      0.2040,   7663.5991,-421515.7188,   -926.7783,    546.4257,  25545.3281,
       1,     167,     303,       4,       1,       3,       1,     10.0000,      1.3926,     42.4836,    246.5168,     62.0391,      3.4953,      0.0000,     -0.0316,      2.3762,      0.1481,      5.5371,     11.0741,      1.3083,     28.3041,     56.6083,      0.0191,      0.0019,      0.0156,      0.2040,   7663.5986,-420918.2812,   -926.6431,    546.4666,  25545.3281,
       1,     167,     303,       5,       1,       3,       1,     10.0000,      1.3926,     42.4836,    246.5168,     62.0391,      3.4953,      0.0000,     -0.0317,      2.2407,      0.1490,      5.5371,     11.0741,      1.3163,     28.3041,     56.6083,      0.0191,      0.0018,      0.0156,      0.2040,   7663.5986,-420522.3438,   -926.5491,    546.4936,  25545.3301,
       1,     167,     303,       6,       1,       3,       1,     10.0000,      1.3926,     42.4836,    246.5168,     62.0391,      3.4953,      0.0000,     -0.0315,      1.7674,      0.1445,      5.5371,     11.0741,      1.2771,     28.3041,     56.6083,      0.0191,      0.0014,      0.0156,      0.2040,   7663.5991,-420319.6250,   -926.4921,    546.5074,  25545.3281,
       1,     167,     303,       7,       1,       3,       1,     10.0000,      1.3926,     42.4836,    246.5168,     62.0391,      3.4953,      0.0000,     -0.0314,      1.1105,      0.1426,      5.5371,     11.0741,      1.2604,     28.3041,     56.6083,      0.0191,      0.0009,      0.0156,      0.2040,   7663.5986,-419712.7812,   -926.3610,    546.5489,  25545.3281,
       1,     167,     303,       8,       1,       3,       1,     10.0000,      1.3926,     42.4836,    246.5168,     62.0391,      3.4953,      0.0108,     -0.0206,      0.9440,      0.1428,      5.5371,     11.0741,      1.2617,     28.3041,     56.6083,      0.0191,      0.0007,      0.0156,      0.2040,   7663.5986,-418842.7188,   -926.1831,    546.6083,  25545.3281,
       1,     167,     303,       9,       1,       3,       1,     10.0000,      1.3926,     42.4836,    246.5168,     62.0391,      3.4953,      0.0911,      0.0588,     14.0029,      0.1685,      5.5371,     11.0741,      1.4890,     28.3041,     56.6083,      0.0191,      0.0016,      0.1103,      0.2040,   7663.5986,-418561.2188,   -926.1189,    546.6276,  25545.3281,
       1,     167,     303,      10,       1,       3,       1,     10.0000,      1.3926,     42.4836,    246.5168,     62.0391,      3.4953,      0.1297,      0.0977,     19.3988,      0.1585,      5.5371,     11.0741,      1.4009,     28.3041,     56.6083,      0.0191,      0.0014,      0.1663,      0.2040,   7663.5986,-434807.7812,   -929.3486,    545.5175,  25545.3262,
       1,     167,     303,      11,       1,       3,       1,     10.0000,      1.3926,     42.4836,    246.5168,     62.0391,      3.4953,      0.1576,      0.1257,     16.1460,      0.1543,      5.5371,     11.0741,      1.3634,     28.3041,     56.6083,      0.0191,      0.0010,      0.2074,      0.2040,   7663.5981,-442918.1875,   -930.9768,    544.9655,  25545.3281,
       1,     167,     303,      12,       1,       3,       1,     10.0000,      1.3926,     42.4836,    246.5168,     62.0391,      3.4953,      0.1863,      0.1542,     11.4222,      0.1624,      5.5371,     11.0741,      1.4350,     28.3041,     56.6083,      0.0191,      0.0006,      0.2500,      0.2039,   7663.5986,-439553.0000,   -930.2907,    545.1950,  25545.3281,
       1,     167,     303,      13,       1,       3,       1,     10.0000,      1.3926,     42.4836,    246.5168,     62.0391,      3.4953,      0.1637,      0.1310,     11.3697,      0.1819,      5.5371,     11.0741,      1.6077,     28.3041,     56.6083,      0.0191,      0.0006,      0.2171,      0.2040,   7663.5986,-433379.5312,   -928.8816,    545.6158,  25545.3301,
       1,     167,     303,      14,       1,       3,       1,     10.0000,      1.3926,     42.4836,    246.5168,     62.0391,      3.4953,      0.0389,      0.0056,      6.8204,      0.2007,      5.5371,     11.0741,      1.7733,     28.3041,     56.6083,      0.0191,      0.0025,      0.0337,      0.2040,   7663.5991,-432789.2188,   -928.6708,    545.6562,  25545.3301,
       1,     167,     303,      15,       1,       3,       1,     10.0000,      1.3926,     42.4836,    246.5168,     62.0391,      3.4953,      0.0936,      0.0604,     16.6615,      0.1964,      5.5371,     11.0741,      1.7352,     28.3041,     56.6083,      0.0191,      0.0018,      0.1131,      0.2040,   7663.5991,-427069.5625,   -927.5134,    546.0463,  25545.3281,
       1,     167,     303,      16,       1,       3,       1,     10.0000,      1.3926,     42.4836,    246.5168,     62.0391,      3.4953,      0.1351,      0.1020,     20.2796,      0.1931,      5.5371,     11.0741,      1.7063,     28.3041,     56.6083,      0.0191,      0.0014,      0.1740,      0.2040,   7663.5986,-438846.5000,   -929.8739,    545.2427,  25545.3262,
       1,     167,     303,      17,       1,       3,       1,     10.0000,      1.3926,     42.4836,    246.5168,     62.0391,      3.4953,      0.1291,      0.0964,     15.8527,      0.1794,      5.5371,     11.0741,      1.5855,     28.3041,     56.6083,      0.0191,      0.0012,      0.1657,      0.2040,   7663.5981,-444359.1250,   -930.9911,    544.8676,  25545.3262,
       1,     167,     303,      18,       1,       3,       1,     10.0000,      1.3926,     42.4836,    246.5168,     62.0391,      3.4953,      0.1028,      0.0705,     27.8817,      0.1682,      5.5371,     11.0741,      1.4861,     28.3041,     56.6083,      0.0191,      0.0027,      0.1258,      0.2039,   7663.5981,-439309.8438,   -930.0010,    545.2116,  25545.3262,
       1,     167,     303,      19,       1,       3,       1,     10.0000,      1.3926,     42.4836,    246.5168,     62.0391,      3.4953,      0.0137,     -0.0182,      4.2299,      0.1554,      5.5371,     11.0741,      1.3730,     28.3041,     56.6083,      0.0191,      0.0034,      0.0156,      0.2040,   7663.5981,-453872.3750,   -932.9578,    544.2192,  25545.3262,
       1,     167,     303,      20,       1,       3,       1,     10.0000,      1.3926,     42.4836,    246.5168,     62.0391,      3.4953,      0.0003,     -0.0312,      3.9198,      0.1444,      5.5371,     11.0741,      1.2758,     28.3041,     56.6083,      0.0191,      0.0031,      0.0156,      0.2039,   7663.5981,-425629.2188,   -925.1974,    546.1414,  25545.3262,
       1,     167,     303,      21,       1,       3,       1,     10.0000,      1.3926,     42.4836,    246.5168,     62.0391,      3.4953,      0.0000,     -0.0315,      3.3671,      0.1455,      5.5371,     11.0741,      1.2861,     28.3041,     56.6083,      0.0191,      0.0027,      0.0156,      0.2040,   7663.5981,-422850.9375,   -924.9452,    546.3345,  25545.3262,
       1,     167,     303,      22,       1,       3,       1,     10.0000,      1.3926,     42.4836,    246.5168,     62.0391,      3.4953,      0.0000,     -0.0315,      2.9088,      0.1455,      5.5371,     11.0741,      1.2861,     28.3041,     56.6083,      0.0191,      0.0023,      0.0156,      0.2040,   7663.5981,-421921.7188,   -924.9985,    546.3980,  25545.3262,
       1,     167,     303,      23,       1,       3,       1,     10.0000,      1.3926,     42.4836,    246.5168,     62.0391,      3.4953,      0.0000,     -0.0314,      1.9414,      0.1421,      5.5371,     11.0741,      1.2554,     28.3041,     56.6083,      0.0191,      0.0015,      0.0156,      0.2040,   7663.5981,-421271.5938,   -925.1050,    546.4424,  25545.3262,
       1,     167,     303,      24,       1,       3,       1,     10.0000,      1.3926,     42.4836,    246.5168,     62.0391,      3.4953,      0.0000,     -0.0313,      1.2563,      0.1398,      5.5371,     11.0741,      1.2352,     28.3041,     56.6083,      0.0191,      0.0010,      0.0156,      0.2040,   7663.5981,-420010.8750,   -924.9811,    546.5286,  25545.3262,
       1,     167,     304,       1,       1,       3,       1,     10.0000,      1.3927,     42.4839,    246.5226,     62.0406,      3.4953,      0.0000,     -0.0313,      0.4532,      0.1399,      5.5377,     11.0754,      1.2365,     28.2959,     56.5918,      0.0191,      0.0004,      0.0156,      0.2040,   7663.5981,-419205.2500,   -925.1728,    546.5966,  25546.4668,
       1,     167,     304,       2,       1,       3,       1,     10.0000,      1.3927,     42.4839,    246.5226,     62.0406,      3.4953,      0.0000,     -0.0313,      0.6976,      0.1394,      5.5377,     11.0754,      1.2315,     28.2959,     56.5918,      0.0191,      0.0006,      0.0156,      0.2040,   7663.9404,-417983.8750,   -924.6873,    546.6800,  25546.4688,
       1,     167,     304,       3,       1,       3,       1,     10.0000,      1.3927,     42.4839,    246.5226,     62.0406,      3.4953,      0.0000,     -0.0313,      0.9538,      0.1384,      5.5377,     11.0754,      1.2228,     28.2959,     56.5918,      0.0191,      0.0008,      0.0156,      0.2040,   7663.9409,-418184.2188,   -924.7538,    546.6663,  25546.4668,
       1,     167,     304,       4,       1,       3,       1,     10.0000,      1.3927,     42.4839,    246.5226,     62.0406,      3.4953,      0.0000,     -0.0313,      0.8282,      0.1391,      5.5377,     11.0754,      1.2290,     28.2959,     56.5918,      0.0191,      0.0007,      0.0156,      0.2040,   7663.9404,-418520.5312,   -919.8581,    546.6434,  25546.4688,
       1,     167,     304,       5,       1,       3,       1,     10.0000,      1.3927,     42.4839,    246.5226,     62.0406,      3.4953,      0.0000,     -0.0313,      0.7629,      0.1387,      5.5377,     11.0754,      1.2253,     28.2959,     56.5918,      0.0191,      0.0006,      0.0156,      0.2040,   7663.9409,-418392.5938,   -919.8843,    546.6521,  25546.4707,
       1,     167,     304,       6,       1,       3,       1,     10.0000,      1.3927,     42.4839,    246.5226,     62.0406,      3.4953,      0.0000,     -0.0312,      0.8683,      0.1370,      5.5377,     11.0754,      1.2105,     28.2959,     56.5918,      0.0191,      0.0007,      0.0156,      0.2040,   7663.9414,-418300.1875,   -919.9225,    546.6584,  25546.4688,
       1,     167,     304,       7,       1,       3,       1,     10.0000,      1.3927,     42.4839,    246.5226,     62.0406,      3.4953,      0.0000,     -0.0312,      0.7483,      0.1355,      5.5377,     11.0754,      1.1971,     28.2959,     56.5918,      0.0191,      0.0006,      0.0156,      0.2040,   7663.9409,-418423.7812,   -920.0088,    546.6500,  25546.4668,
       1,     167,     304,       8,       1,       3,       1,     10.0000,      1.3927,     42.4839,    246.5226,     62.0406,      3.4953,      0.0116,     -0.0196,      0.5256,      0.1353,      5.5377,     11.0754,      1.1959,     28.2959,     56.5918,      0.0191,      0.0004,      0.0156,      0.2040,   7663.9404,-418284.9688,   -920.0280,    546.6595,  25546.4688,
       1,     167,     304,       9,       1,       3,       1,     10.0000,      1.3927,     42.4839,    246.5226,     62.0406,      3.4953,      0.0752,      0.0431,      2.7752,      0.1637,      5.5377,     11.0754,      1.4465,     28.2959,     56.5918,      0.0191,      0.0004,      0.0885,      0.2040,   7663.9409,-417995.5312,   -920.0345,    546.6793,  25546.4668,
       1,     167,     304,      10,       1,       3,       1,     10.0000,      1.3927,     42.4839,    246.5226,     62.0406,      3.4953,      0.1397,      0.1072,      9.0413,      0.1743,      5.5377,     11.0754,      1.5404,     28.2959,     56.5918,      0.0191,      0.0006,      0.1821,      0.2040,   7663.9404,-420773.5000,   -920.8768,    546.4894,  25546.4707,
       1,     167,     304,      11,       1,       3,       1,     10.0000,      1.3927,     42.4839,    246.5226,     62.0406,      3.4953,      0.1632,      0.1307,      8.1836,      0.1752,      5.5377,     11.0754,      1.5481,     28.2959,     56.5918,      0.0191,      0.0005,      0.2167,      0.2040,   7663.9414,-428816.1875,   -923.0635,    545.9401,  25546.4688,
       1,     167,     304,      12,       1,       3,       1,     10.0000,      1.3927,     42.4839,    246.5226,     62.0406,      3.4953,      0.1846,      0.1516,      7.8090,      0.1912,      5.5377,     11.0754,      1.6895,     28.2959,     56.5918,      0.0191,      0.0004,      0.2483,      0.2040,   7663.9409,-428432.8125,   -923.9794,    545.9665,  25546.4688,
       1,     167,     304,      13,       1,       3,       1,     10.0000,      1.3927,     42.4839,    246.5226,     62.0406,      3.4953,      0.1678,      0.1343,      8.6277,      0.2073,      5.5377,     11.0754,      1.8320,     28.2959,     56.5918,      0.0191,      0.0005,      0.2235,      0.2040,   7663.9409,-427933.2812,   -925.3796,    546.0006,  25546.4707,
       1,     167,     304,      14,       1,       3,       1,     10.0000,      1.3927,     42.4839,    246.5226,     62.0406,      3.4953,      0.1120,      0.0785,     19.8566,      0.2086,      5.5377,     11.0754,      1.8428,     28.2959,     56.5918,      0.0191,      0.0018,      0.1399,      0.2040,   7663.9414,-428910.6562,   -926.4814,    545.9339,  25546.4688,
       1,     167,     304,      15,       1,       3,       1,     10.0000,      1.3927,     42.4839,    246.5226,     62.0406,      3.4953,      0.0252,     -0.0083,      2.9324,      0.2067,      5.5377,     11.0754,      1.8266,     28.2959,     56.5918,      0.0191,      0.0026,      0.0137,      0.2040,   7663.9409,-442984.6875,   -924.5648,    544.9734,  25546.4688,
       1,     167,     304,      16,       1,       3,       1,     10.0000,      1.3927,     42.4839,    246.5226,     62.0406,      3.4953,      0.0231,     -0.0080,      2.2437,      0.1324,      5.5377,     11.0754,      1.1695,     28.2959,     56.5918,      0.0191,      0.0020,      0.0135,      0.2040,   7663.9409,-423092.7812,   -911.4811,    546.3293,  25546.4707,
       1,     167,     304,      17,       1,       3,       1,     10.0000,      1.3927,     42.4839,    246.5226,     62.0406,      3.4953,      0.0347,      0.0038,      6.1102,      0.1286,      5.5377,     11.0754,      1.1367,     28.2959,     56.5918,      0.0191,      0.0025,      0.0301,      0.2040,   7663.9414,-420546.9688,   -910.9901,    546.5049,  25546.4727,
       1,     167,     304,      18,       1,       3,       1,     10.0000,      1.3927,     42.4839,    246.5226,     62.0406,      3.4953,      0.0495,      0.0184,     13.1788,      0.1322,      5.5377,     11.0754,      1.1683,     28.2959,     56.5918,      0.0191,      0.0032,      0.0507,      0.2040,   7663.9419,-425144.9062,   -912.2860,    546.1909,  25546.4727,
       1,     167,     304,      19,       1,       3,       1,     10.0000,      1.3927,     42.4839,    246.5226,     62.0406,      3.4953,      0.0209,     -0.0103,      2.6896,      0.1371,      5.5377,     11.0754,      1.2117,     28.2959,     56.5918,      0.0191,      0.0033,      0.0102,      0.2040,   7663.9419,-434343.2188,   -914.5425,    545.5629,  25546.4746,
       1,     167,     304,      20,       1,       3,       1,     10.0000,      1.3927,     42.4839,    246.5226,     62.0406,      3.4953,      0.0005,     -0.0302,      3.5987,      0.1236,      5.5377,     11.0754,      1.0925,     28.2959,     56.5918,      0.0191,      0.0029,      0.0156,      0.2040,   7663.9429,-422056.2500,   -911.4380,    546.4012,  25546.4727,
       1,     167,     304,      21,       1,       3,       1,     10.0000,      1.3927,     42.4839,    246.5226,     62.0406,      3.4953,      0.0000,     -0.0305,      0.5251,      0.1198,      5.5377,     11.0754,      1.0585,     28.2959,     56.5918,      0.0191,      0.0004,      0.0156,      0.2040,   7663.9419,-422145.2500,   -911.7769,    546.3958,  25546.4707,
       1,     167,     304,      22,       1,       3,       1,     10.0000,      1.3927,     42.4839,    246.5226,     62.0406,      3.4953,      0.0000,     -0.0305,      0.2819,      0.1192,      5.5377,     11.0754,      1.0531,     28.2959,     56.5918,      0.0191,      0.0002,      0.0156,      0.2040,   7663.9414,-418323.0625,   -911.1174,    546.6568,  25546.4727,
       1,     167,     304,      23,       1,       3,       1,     10.0000,      1.3927,     42.4839,    246.5226,     62.0406,      3.4953,      0.0000,     -0.0306,      0.3457,      0.1211,      5.5377,     11.0754,      1.0704,     28.2959,     56.5918,      0.0191,      0.0003,      0.0156,      0.2040,   7663.9419,-417694.7500,   -911.0054,    546.6998,  25546.4727,
       1,     167,     304,      24,       1,       3,       1,     10.0000,      1.3927,     42.4839,    246.5226,     62.0406,      3.4953,      0.0000,     -0.0305,      0.4435,      0.1177,      5.5377,     11.0754,      1.0402,     28.2959,     56.5918,      0.0191,      0.0004,      0.0156,      0.2040,   7663.9419,-417720.5312,   -911.0192,    546.6981,  25546.4727,
       1,     167,     305,       1,       1,       3,       1,     10.0000,      1.3927,     42.4842,    246.5284,     62.0421,      3.4953,      0.0000,     -0.0305,      0.3719,      0.1183,      5.5381,     11.0763,      1.0456,     28.2818,     56.5636,      0.0191,      0.0003,      0.0156,      0.2040,   7663.9419,-417999.9688,   -911.3363,    546.6918,  25547.6152,
       1,     167,     305,       2,       1,       3,       1,     10.0000,      1.3927,     42.4842,    246.5284,     62.0421,      3.4953,      0.0000,     -0.0306,      0.2909,      0.1216,      5.5381,     11.0763,      1.0748,     28.2818,     56.5636,      0.0191,      0.0002,      0.0156,      0.2040,   7664.2847,-417782.2188,   -911.0549,    546.7068,  25547.6133,
       1,     167,     305,       3,       1,       3,       1,     10.0000,      1.3927,     42.4842,    246.5284,     62.0421,      3.4953,      0.0000,     -0.0307,      0.3487,      0.1245,      5.5381,     11.0763,      1.1003,     28.2818,     56.5636,      0.0191,      0.0003,      0.0156,      0.2040,   7664.2842,-417663.0938,   -911.0359,    546.7148,  25547.6152,
       1,     167,     305,       4,       1,       3,       1,     10.0000,      1.3927,     42.4842,    246.5284,     62.0421,      3.4953,      0.0000,     -0.0307,      0.3203,      0.1229,      5.5381,     11.0763,      1.0858,     28.2818,     56.5636,      0.0191,      0.0003,      0.0156,      0.2040,   7664.2847,-417724.6250,   -911.0532,    546.7106,  25547.6152,
       1,     167,     305,       5,       1,       3,       1,     10.0000,      1.3927,     42.4842,    246.5284,     62.0421,      3.4953,      0.0000,     -0.0307,      0.2937,      0.1235,      5.5381,     11.0763,      1.0914,     28.2818,     56.5636,      0.0191,      0.0002,      0.0156,      0.2040,   7664.2847,-417694.4688,   -911.0509,    546.7128,  25547.6152,
       1,     167,     305,       6,       1,       3,       1,     10.0000,      1.3927,     42.4842,    246.5284,     62.0421,      3.4953,      0.0000,     -0.0308,      0.3247,      0.1270,      5.5381,     11.0763,      1.1218,     28.2818,     56.5636,      0.0191,      0.0003,      0.0156,      0.2040,   7664.2847,-417658.6875,   -911.0458,    546.7151,  25547.6152,
       1,     167,     305,       7,       1,       3,       1,     10.0000,      1.3927,     42.4842,    246.5284,     62.0421,      3.4953,      0.0000,     -0.0308,      0.3016,      0.1264,      5.5381,     11.0763,      1.1172,     28.2818,     56.5636,      0.0191,      0.0002,      0.0156,      0.2040,   7664.2847,-417694.3750,   -911.0565,    546.7128,  25547.6152,
       1,     167,     305,       8,       1,       3,       1,     10.0000,      1.3927,     42.4842,    246.5284,     62.0421,      3.4953,      0.0078,     -0.0231,      0.3253,      0.1289,      5.5381,     11.0763,      1.1390,     28.2818,     56.5636,      0.0191,      0.0003,      0.0156,      0.2040,   7664.2847,-417668.6250,   -911.0530,    546.7145,  25547.6152,
       1,     167,     305,       9,       1,       3,       1,     10.0000,      1.3927,     42.4842,    246.5284,     62.0421,      3.4953,      0.0775,      0.0464,      1.9178,      0.1342,      5.5381,     11.0763,      1.1862,     28.2818,     56.5636,      0.0191,      0.0003,      0.0926,      0.2040,   7664.2847,-417696.0312,   -911.0885,    546.7126,  25547.6152,
       1,     167,     305,      10,       1,       3,       1,     10.0000,      1.3927,     42.4842,    246.5284,     62.0421,      3.4953,      0.1254,      0.0938,      3.7427,      0.1478,      5.5381,     11.0763,      1.3058,     28.2818,     56.5636,      0.0191,      0.0003,      0.1619,      0.2040,   7664.2847,-419681.9688,   -911.6995,    546.5769,  25547.6133,
       1,     167,     305,      11,       1,       3,       1,     10.0000,      1.3927,     42.4842,    246.5284,     62.0421,      3.4953,      0.1561,      0.1238,      5.5352,      0.1682,      5.5381,     11.0763,      1.4861,     28.2818,     56.5636,      0.0191,      0.0003,      0.2065,      0.2040,   7664.2842,-422124.5625,   -912.7067,    546.4100,  25547.6152,
       1,     167,     305,      12,       1,       3,       1,     10.0000,      1.3927,     42.4842,    246.5284,     62.0421,      3.4953,      0.1723,      0.1391,      7.3225,      0.1952,      5.5381,     11.0763,      1.7250,     28.2818,     56.5636,      0.0191,      0.0004,      0.2302,      0.2040,   7664.2847,-424565.0625,   -913.9348,    546.2433,  25547.6152,
       1,     167,     305,      13,       1,       3,       1,     10.0000,      1.3927,     42.4842,    246.5284,     62.0421,      3.4953,      0.1857,      0.1522,      8.5416,      0.2077,      5.5381,     11.0763,      1.8357,     28.2818,     56.5636,      0.0191,      0.0004,      0.2500,      0.2040,   7664.2847,-426999.3438,   -915.4035,    546.0771,  25547.6133,
       1,     167,     305,      14,       1,       3,       1,     10.0000,      1.3927,     42.4842,    246.5284,     62.0421,      3.4953,      0.1858,      0.1526,      8.0160,      0.1966,      5.5381,     11.0763,      1.7370,     28.2818,     56.5636,      0.0191,      0.0004,      0.2500,      0.2040,   7664.2842,-428725.6250,   -917.2414,    545.9594,  25547.6152,
       1,     167,     305,      15,       1,       3,       1,     10.0000,      1.3927,     42.4842,    246.5284,     62.0421,      3.4953,      0.1861,      0.1528,     12.4375,      0.1989,      5.5381,     11.0763,      1.7577,     28.2818,     56.5636,      0.0191,      0.0006,      0.2500,      0.2040,   7664.2847,-428217.2500,   -918.3763,    545.9941,  25547.6152,
       1,     167,     305,      16,       1,       3,       1,     10.0000,      1.3927,     42.4842,    246.5284,     62.0421,      3.4953,      0.1659,      0.1328,     31.3014,      0.1931,      5.5381,     11.0763,      1.7063,     28.2818,     56.5636,      0.0191,      0.0018,      0.2181,      0.2040,   7664.2847,-433682.3438,   -920.3213,    545.6211,  25547.6152,
       1,     167,     305,      17,       1,       3,       1,     10.0000,      1.3927,     42.4842,    246.5284,     62.0421,      3.4953,      0.1756,      0.1439,     50.3785,      0.1512,      5.5381,     11.0763,      1.3364,     28.2818,     56.5636,      0.0191,      0.0027,      0.2298,      0.2040,   7664.2847,-457650.1875,   -925.5521,    543.9865,  25547.6152,
       1,     167,     305,      18,       1,       3,       1,     10.0000,      1.3927,     42.4842,    246.5284,     62.0421,      3.4953,      0.1105,      0.0794,     36.4106,      0.1336,      5.5381,     11.0763,      1.1803,     28.2818,     56.5636,      0.0191,      0.0033,      0.1367,      0.2040,   7664.2847,-483471.0312,   -923.3948,    542.2333,  25547.6152,
       1,     167,     305,      19,       1,       3,       1,     10.0000,      1.3927,     42.4842,    246.5284,     62.0421,      3.4953,      0.0224,     -0.0086,      3.6602,      0.1321,      5.5381,     11.0763,      1.1672,     28.2818,     56.5636,      0.0191,      0.0036,      0.0125,      0.2040,   7664.2847,-468252.6562,   -921.6625,    543.2675,  25547.6152,
       1,     167,     305,      20,       1,       3,       1,     10.0000,      1.3927,     42.4842,    246.5284,     62.0421,      3.4953,      0.0008,     -0.0300,      3.6886,      0.1266,      5.5381,     11.0763,      1.1184,     28.2818,     56.5636,      0.0191,      0.0029,      0.0156,      0.2040,   7664.2847,-426136.4062,   -914.6675,    546.1286,  25547.6172,
       1,     167,     305,      21,       1,       3,       1,     10.0000,      1.3927,     42.4842,    246.5284,     62.0421,      3.4953,      0.0000,     -0.0307,      3.8221,      0.1250,      5.5381,     11.0763,      1.1048,     28.2818,     56.5636,      0.0191,      0.0030,      0.0156,      0.2040,   7664.2856,-422615.1562,   -914.4708,    546.3765,  25547.6152,
       1,     167,     305,      22,       1,       3,       1,     10.0000,      1.3927,     42.4842,    246.5284,     62.0421,      3.4953,      0.0000,     -0.0307,      1.4852,      0.1235,      5.5381,     11.0763,      1.0914,     28.2818,     56.5636,      0.0191,      0.0012,      0.0156,      0.2040,   7664.2847,-422472.8125,   -914.9103,    546.3863,  25547.6152,
       1,     167,     305,      23,       1,       3,       1,     10.0000,      1.3927,     42.4842,    246.5284,     62.0421,      3.4953,      0.0000,     -0.0306,      0.4533,      0.1225,      5.5381,     11.0763,      1.0825,     28.2818,     56.5636,      0.0191,      0.0004,      0.0156,      0.2040,   7664.2847,-419549.6250,   -914.5175,    546.5859,  25547.6133,
       1,     167,     305,      24,       1,       3,       1,     10.0000,      1.3927,     42.4842,    246.5284,     62.0421,      3.4953,      0.0000,     -0.0306,      0.3913,      0.1215,      5.5381,     11.0763,      1.0737,     28.2818,     56.5636,      0.0191,      0.0003,      0.0156,      0.2040,   7664.2842,-418015.9062,   -914.2580,    546.6908,  25547.6133,
       1,     167,     306,       1,       1,       3,       1,     10.0000,      1.3927,     42.4846,    246.5343,     62.0435,      3.4953,      0.0000,     -0.0305,      0.3819,      0.1200,      5.5373,     11.0745,      1.0607,     28.2818,     56.5635,      0.0191,      0.0003,      0.0156,      0.2040,   7664.2842,-417963.5625,   -914.5227,    546.7072,  25548.7598,
       1,     167,     306,       2,       1,       3,       1,     10.0000,      1.3927,     42.4846,    246.5343,     62.0435,      3.4953,      0.0000,     -0.0306,      0.3069,      0.1206,      5.5373,     11.0745,      1.0661,     28.2818,     56.5635,      0.0191,      0.0002,      0.0156,      0.2040,   7664.6284,-417794.5625,   -914.2463,    546.7188,  25548.7578,
       1,     167,     306,       3,       1,       3,       1,     10.0000,      1.3927,     42.4846,    246.5343,     62.0435,      3.4953,      0.0000,     -0.0306,      0.3338,      0.1219,      5.5373,     11.0745,      1.0770,     28.2818,     56.5635,      0.0191,      0.0003,      0.0156,      0.2040,   7664.6274,-417686.8438,   -914.2297,    546.7262,  25548.7578,
       1,     167,     306,       4,       1,       3,       1,     10.0000,      1.3927,     42.4846,    246.5343,     62.0435,      3.4953,      0.0000,     -0.0306,      0.2899,      0.1221,      5.5373,     11.0745,      1.0792,     28.2818,     56.5635,      0.0191,      0.0002,      0.0156,      0.2040,   7664.6274,-417711.1875,   -914.2379,    546.7245,  25548.7598,
       1,     167,     306,       5,       1,       3,       1,     10.0000,      1.3927,     42.4846,    246.5343,     62.0435,      3.4953,      0.0000,     -0.0306,      0.2856,      0.1205,      5.5373,     11.0745,      1.0650,     28.2818,     56.5635,      0.0191,      0.0002,      0.0156,      0.2040,   7664.6284,-417658.5000,   -914.2297,    546.7281,  25548.7617,
       1,     167,     306,       6,       1,       3,       1,     10.0000,      1.3927,     42.4846,    246.5343,     62.0435,      3.4953,      0.0000,     -0.0305,      0.2839,      0.1199,      5.5373,     11.0745,      1.0596,     28.2818,     56.5635,      0.0191,      0.0002,      0.0156,      0.2040,   7664.6289,-417648.3438,   -914.2286,    546.7288,  25548.7598,
       1,     167,     306,       7,       1,       3,       1,     10.0000,      1.3927,     42.4846,    246.5343,     62.0435,      3.4953,      0.0000,     -0.0305,      0.2803,      0.1186,      5.5373,     11.0745,      1.0477,     28.2818,     56.5635,      0.0191,      0.0002,      0.0156,      0.2040,   7664.6284,-417645.5938,   -914.2297,    546.7290,  25548.7598,
       1,     167,     306,       8,       1,       3,       1,     10.0000,      1.3927,     42.4846,    246.5343,     62.0435,      3.4953,      0.0099,     -0.0205,      0.2764,      0.1171,      5.5373,     11.0745,      1.0350,     28.2818,     56.5635,      0.0191,      0.0002,      0.0156,      0.2040,   7664.6284,-417640.9062,   -914.2302,    546.7294,  25548.7598,
       1,     167,     306,       9,       1,       3,       1,     10.0000,      1.3927,     42.4846,    246.5343,     62.0435,      3.4953,      0.1280,      0.0969,      3.4224,      0.1338,      5.5373,     11.0745,      1.1827,     28.2818,     56.5635,      0.0191,      0.0003,      0.1659,      0.2040,   7664.6284,-417635.5625,   -914.2655,    546.7297,  25548.7598,
       1,     167,     306,      10,       1,       3,       1,     10.0000,      1.3927,     42.4846,    246.5343,     62.0435,      3.4953,      0.1769,      0.1450,      5.8865,      0.1574,      5.5373,     11.0745,      1.3912,     28.2818,     56.5635,      0.0191,      0.0003,      0.2369,      0.2040,   7664.6284,-421553.5312,   -915.4734,    546.4620,  25548.7598,
       1,     167,     306,      11,       1,       3,       1,     10.0000,      1.3927,     42.4846,    246.5343,     62.0435,      3.4953,      0.1858,      0.1528,      7.6860,      0.1895,      5.5373,     11.0745,      1.6746,     28.2818,     56.5635,      0.0191,      0.0004,      0.2500,      0.2040,   7664.6284,-424956.1875,   -917.3446,    546.2296,  25548.7598,
       1,     167,     306,      12,       1,       3,       1,     10.0000,      1.3927,     42.4846,    246.5343,     62.0435,      3.4953,      0.1858,      0.1525,      8.1539,      0.1995,      5.5373,     11.0745,      1.7630,     28.2818,     56.5635,      0.0191,      0.0004,      0.2500,      0.2040,   7664.6284,-427487.2500,   -919.1469,    546.0568,  25548.7598,
       1,     167,     306,      13,       1,       3,       1,     10.0000,      1.3927,     42.4846,    246.5343,     62.0435,      3.4953,      0.1857,      0.1516,      9.4664,      0.2272,      5.5373,     11.0745,      2.0072,     28.2818,     56.5635,      0.0191,      0.0005,      0.2500,      0.2040,   7664.6284,-428285.4062,   -920.8395,    546.0023,  25548.7578,
       1,     167,     306,      14,       1,       3,       1,     10.0000,      1.3927,     42.4846,    246.5343,     62.0435,      3.4953,      0.1867,      0.1520,     23.3670,      0.2480,      5.5373,     11.0745,      2.1915,     28.2818,     56.5635,      0.0191,      0.0012,      0.2500,      0.2040,   7664.6274,-429988.4062,   -922.6342,    545.8862,  25548.7598,
       1,     167,     306,      15,       1,       3,       1,     10.0000,      1.3927,     42.4846,    246.5343,     62.0435,      3.4953,      0.1886,      0.1545,     46.0440,      0.2272,      5.5373,     11.0745,      2.0072,     28.2818,     56.5635,      0.0191,      0.0023,      0.2500,      0.2040,   7664.6284,-447448.8125,   -926.2003,    544.6947,  25548.7617,
       1,     167,     306,      16,       1,       3,       1,     10.0000,      1.3927,     42.4846,    246.5343,     62.0435,      3.4953,      0.1875,      0.1549,     79.1043,      0.1775,      5.5373,     11.0745,      1.5684,     28.2818,     56.5635,      0.0191,      0.0040,      0.2441,      0.2040,   7664.6289,-477192.6875,   -932.8124,    542.6708,  25548.7598,
       1,     167,     306,      17,       1,       3,       1,     10.0000,      1.3927,     42.4846,    246.5343,     62.0435,      3.4953,      0.1640,      0.1319,     77.3403,      0.1639,      5.5373,     11.0745,      1.4480,     28.2818,     56.5635,      0.0191,      0.0046,      0.2098,      0.2040,   7664.6284,-520939.9375,   -941.9359,    539.7070,  25548.7598,
       1,     167,     306,      18,       1,       3,       1,     10.0000,      1.3927,     42.4846,    246.5343,     62.0435,      3.4953,      0.1696,      0.1375,    106.2386,      0.1613,      5.5373,     11.0745,      1.4250,     28.2818,     56.5635,      0.0191,      0.0061,      0.2146,      0.2039,   7664.6284,-522469.8125,   -942.9449,    539.6119,  25548.7598,
       1,     167,     306,      19,       1,       3,       1,     10.0000,      1.3927,     42.4846,    246.5343,     62.0435,      3.4953,      0.0582,      0.0264,     32.8317,      0.1529,      5.5373,     11.0745,      1.3512,     28.2818,     56.5635,      0.0191,      0.0067,      0.0604,      0.2039,   7664.6284,-558638.2500,   -950.6572,    537.1724,  25548.7598,
       1,     167,     306,      20,       1,       3,       1,     10.0000,      1.3927,     42.4846,    246.5343,     62.0435,      3.4953,      0.0013,     -0.0303,      6.6887,      0.1461,      5.5373,     11.0745,      1.2914,     28.2818,     56.5635,      0.0191,      0.0053,      0.0156,      0.2039,   7664.6284,-470095.0312,   -934.2759,    543.1232,  25548.7617,
       1,     167,     306,      21,       1,       3,       1,     10.0000,      1.3927,     42.4846,    246.5343,     62.0435,      3.4953,      0.0000,     -0.0313,      2.8219,      0.1384,      5.5373,     11.0745,      1.2229,     28.2818,     56.5635,      0.0191,      0.0022,      0.0156,      0.2040,   7664.6289,-430107.9688,   -926.7927,    545.8710,  25548.7598,
       1,     167,     306,      22,       1,       3,       1,     10.0000,      1.3927,     42.4846,    246.5343,     62.0435,      3.4953,      0.0000,     -0.0314,      2.7988,      0.1411,      5.5373,     11.0745,      1.2466,     28.2818,     56.5635,      0.0191,      0.0022,      0.0156,      0.2040,   7664.6284,-421874.9375,   -925.2607,    546.4397,  25548.7598,
       1,     167,     306,      23,       1,       3,       1,     10.0000,      1.3927,     42.4846,    246.5343,     62.0435,      3.4953,      0.0000,     -0.0314,      2.8636,      0.1431,      5.5373,     11.0745,      1.2643,     28.2818,     56.5635,      0.0191,      0.0023,      0.0156,      0.2040,   7664.6284,-421138.0938,   -925.1525,    546.4904,  25548.7578,
       1,     167,     306,      24,       1,       3,       1,     10.0000,      1.3927,     42.4846,    246.5343,     62.0435,      3.4953,      0.0000,     -0.0313,      2.5423,      0.1399,      5.5373,     11.0745,      1.2366,     28.2818,     56.5635,      0.0191,      0.0020,      0.0156,      0.2040,   7664.6274,-421155.7500,   -925.1901,    546.4892,  25548.7578,
       1,     167,     307,       1,       1,       3,       1,     10.0000,      1.3927,     42.4849,    246.5401,     62.0450,      3.4953,      0.0000,     -0.0312,      2.0713,      0.1374,      5.5372,     11.0745,      1.2143,     28.2879,     56.5759,      0.0191,      0.0016,      0.0156,      0.2041,   7664.6274,-420912.0000,   -925.4472,    546.5186,  25549.9023,
       1,     167,     307,       2,       1,       3,       1,     10.0000,      1.3927,     42.4849,    246.5401,     62.0450,      3.4953,      0.0000,     -0.0311,      1.2963,      0.1332,      5.5372,     11.0745,      1.1767,     28.2879,     56.5759,      0.0191,      0.0010,      0.0156,      0.2041,   7664.9712,-420152.3125,   -925.0598,    546.5706,  25549.9023,
       1,     167,     307,       3,       1,       3,       1,     10.0000,      1.3927,     42.4849,    246.5401,     62.0450,      3.4953,      0.0000,     -0.0310,      1.1718,      0.1312,      5.5372,     11.0745,      1.1589,     28.2879,     56.5759,      0.0191,      0.0009,      0.0156,      0.2041,   7664.9712,-419122.3438,   -924.8738,    546.6409,  25549.9043,
       1,     167,     307,       4,       1,       3,       1,     10.0000,      1.3927,     42.4849,    246.5401,     62.0450,      3.4953,      0.0000,     -0.0308,      1.2116,      0.1273,      5.5372,     11.0745,      1.1253,     28.2879,     56.5759,      0.0191,      0.0010,      0.0156,      0.2041,   7664.9717,-418879.5312,   -924.8414,    546.6575,  25549.9004,
       1,     167,     307,       5,       1,       3,       1,     10.0000,      1.3927,     42.4849,    246.5401,     62.0450,      3.4953,      0.0000,     -0.0307,      0.6920,      0.1248,      5.5372,     11.0745,      1.1026,     28.2879,     56.5759,      0.0191,      0.0005,      0.0156,      0.2041,   7664.9702,-418908.7812,   -924.8578,    546.6555,  25549.9023,
       1,     167,     307,       6,       1,       3,       1,     10.0000,      1.3927,     42.4849,    246.5401,     62.0450,      3.4953,      0.0000,     -0.0308,      0.7924,      0.1263,      5.5372,     11.0745,      1.1162,     28.2879,     56.5759,      0.0191,      0.0006,      0.0156,      0.2041,   7664.9712,-418264.0312,   -924.7405,    546.6996,  25549.9043,
       1,     167,     307,       7,       1,       3,       1,     10.0000,      1.3927,     42.4849,    246.5401,     62.0450,      3.4953,      0.0000,     -0.0307,      0.6074,      0.1239,      5.5372,     11.0745,      1.0948,     28.2879,     56.5759,      0.0191,      0.0005,      0.0156,      0.2041,   7664.9717,-418333.9375,   -924.7614,    546.6948,  25549.9023,
       1,     167,     307,       8,       1,       3,       1,     10.0000,      1.3927,     42.4849,    246.5401,     62.0450,      3.4953,      0.0196,     -0.0111,      0.2056,      0.1238,      5.5372,     11.0745,      1.0937,     28.2879,     56.5759,      0.0191,      0.0003,      0.0091,      0.2041,   7664.9712,-418109.6875,   -924.7247,    546.7101,  25549.9043,
       1,     167,     307,       9,       1,       3,       1,     10.0000,      1.3927,     42.4849,    246.5401,     62.0450,      3.4953,      0.0496,      0.0186,      1.0478,      0.1304,      5.5372,     11.0745,      1.1519,     28.2879,     56.5759,      0.0191,      0.0002,      0.0523,      0.2041,   7664.9717,-417590.0625,   -924.6313,    546.7457,  25549.9023,
       1,     167,     307,      10,       1,       3,       1,     10.0000,      1.3927,     42.4849,    246.5401,     62.0450,      3.4953,      0.0756,      0.0433,      2.3798,      0.1679,      5.5372,     11.0745,      1.4832,     28.2879,     56.5759,      0.0191,      0.0003,      0.0890,      0.2041,   7664.9712,-418594.8438,   -924.8397,    546.6770,  25549.9023,
       1,     167,     307,      11,       1,       3,       1,     10.0000,      1.3927,     42.4849,    246.5401,     62.0450,      3.4953,      0.1788,      0.1455,      9.9053,      0.1981,      5.5372,     11.0745,      1.7509,     28.2879,     56.5759,      0.0191,      0.0005,      0.2395,      0.2041,   7664.9712,-420339.1250,   -925.1976,    546.5578,  25549.9023,
       1,     167,     307,      12,       1,       3,       1,     10.0000,      1.3927,     42.4849,    246.5401,     62.0450,      3.4953,      0.1857,      0.1518,      9.3858,      0.2210,      5.5372,     11.0745,      1.9530,     28.2879,     56.5759,      0.0191,      0.0005,      0.2500,      0.2041,   7664.9712,-429859.7500,   -927.1398,    545.9074,  25549.9023,
       1,     167,     307,      13,       1,       3,       1,     10.0000,      1.3927,     42.4849,    246.5401,     62.0450,      3.4953,      0.1857,      0.1516,      9.4988,      0.2278,      5.5372,     11.0745,      2.0132,     28.2879,     56.5759,      0.0191,      0.0005,      0.2500,      0.2041,   7664.9712,-430023.6562,   -927.2846,    545.8966,  25549.9023,
       1,     167,     307,      14,       1,       3,       1,     10.0000,      1.3927,     42.4849,    246.5401,     62.0450,      3.4953,      0.1860,      0.1516,     13.9296,      0.2397,      5.5372,     11.0745,      2.1181,     28.2879,     56.5759,      0.0191,      0.0007,      0.2500,      0.2041,   7664.9712,-430177.8438,   -927.3151,    545.8860,  25549.9023,
       1,     167,     307,      15,       1,       3,       1,     10.0000,      1.3927,     42.4849,    246.5401,     62.0450,      3.4953,      0.1794,      0.1457,     58.5212,      0.2131,      5.5372,     11.0745,      1.8833,     28.2879,     56.5759,      0.0191,      0.0031,      0.2348,      0.2041,   7664.9712,-435709.8438,   -928.2876,    545.5086,  25549.9023,
       1,     167,     307,      16,       1,       3,       1,     10.0000,      1.3927,     42.4849,    246.5401,     62.0450,      3.4953,      0.1864,      0.1535,     90.8488,      0.1873,      5.5372,     11.0745,      1.6548,     28.2879,     56.5759,      0.0191,      0.0047,      0.2412,      0.2041,   7664.9712,-491725.9688,   -939.2802,    541.6890,  25549.9023,
       1,     167,     307,      17,       1,       3,       1,     10.0000,      1.3927,     42.4849,    246.5401,     62.0450,      3.4953,      0.1760,      0.1429,    118.6139,      0.1931,      5.5372,     11.0745,      1.7064,     28.2879,     56.5759,      0.0191,      0.0066,      0.2229,      0.2040,   7664.9712,-536825.5625,   -948.3408,    538.6486,  25549.9023,
       1,     167,     307,      18,       1,       3,       1,     10.0000,      1.3927,     42.4849,    246.5401,     62.0450,      3.4953,      0.1387,      0.1064,     92.4002,      0.1677,      5.5372,     11.0745,      1.4818,     28.2879,     56.5759,      0.0191,      0.0067,      0.1711,      0.2039,   7664.9712,-575297.9375,   -956.2841,    536.0668,  25549.9004,
       1,     167,     307,      19,       1,       3,       1,     10.0000,      1.3927,     42.4849,    246.5401,     62.0450,      3.4953,      0.0360,      0.0039,     17.5165,      0.1631,      5.5372,     11.0745,      1.4409,     28.2879,     56.5759,      0.0191,      0.0074,      0.0294,      0.2039,   7664.9702,-545842.3125,   -950.9918,    538.0467,  25549.9023,
       1,     167,     307,      20,       1,       3,       1,     10.0000,      1.3927,     42.4849,    246.5401,     62.0450,      3.4953,      0.0008,     -0.0308,      6.2920,      0.1482,      5.5372,     11.0745,      1.3098,     28.2879,     56.5759,      0.0191,      0.0050,      0.0156,      0.2039,   7664.9712,-449913.8750,   -932.3677,    544.5021,  25549.8984,
       1,     167,     307,      21,       1,       3,       1,     10.0000,      1.3927,     42.4849,    246.5401,     62.0450,      3.4953,      0.0000,     -0.0315,      4.3687,      0.1445,      5.5372,     11.0745,      1.2772,     28.2879,     56.5759,      0.0191,      0.0035,      0.0156,      0.2040,   7664.9697,-427919.0938,   -928.0414,    546.0380,  25549.9004,
       1,     167,     307,      22,       1,       3,       1,     10.0000,      1.3927,     42.4849,    246.5401,     62.0450,      3.4953,      0.0000,     -0.0313,      4.6127,      0.1405,      5.5372,     11.0745,      1.2416,     28.2879,     56.5759,      0.0191,      0.0037,      0.0156,      0.2041,   7664.9702,-423612.2500,   -927.1707,    546.3342,  25549.9004,
       1,     167,     307,      23,       1,       3,       1,     10.0000,      1.3927,     42.4849,    246.5401,     62.0450,      3.4953,      0.0000,     -0.0309,      3.2688,      0.1300,      5.5372,     11.0745,      1.1484,     28.2879,     56.5759,      0.0191,      0.0026,      0.0156,      0.2041,   7664.9702,-423547.2500,   -924.6415,    546.3387,  25549.9004,
       1,     167,     307,      24,       1,       3,       1,     10.0000,      1.3927,     42.4849,    246.5401,     62.0450,      3.4953,      0.0000,     -0.0309,      2.9076,      0.1283,      5.5372,     11.0745,      1.1333,     28.2879,     56.5759,      0.0191,      0.0023,      0.0156,      0.2041,   7664.9702,-421867.8438,   -922.8645,    546.4533,  25549.9004,
       1,     167,     308,       1,       1,       3,       1,     10.0000,      1.3927,     42.4852,    246.5459,     62.0464,      3.4953,      0.0000,     -0.0308,      1.9654,      0.1276,      5.5374,     11.0748,      1.1276,     28.2883,     56.5765,      0.0191,      0.0016,      0.0156,      0.2041,   7664.9702,-421430.1562,   -923.1352,    546.4960,  25551.0430,
       1,     167,     308,       2,       1,       3,       1,     10.0000,      1.3927,     42.4852,    246.5459,     62.0464,      3.4953,      0.0000,     -0.0308,      1.6196,      0.1275,      5.5374,     11.0748,      1.1265,     28.2883,     56.5765,      0.0191,      0.0013,      0.0156,      0.2041,   7665.3130,-420067.3125,   -922.6591,    546.5892,  25551.0430,
       1,     167,     308,       3,       1,       3,       1,     10.0000,      1.3927,     42.4852,    246.5459,     62.0464,      3.4953,      0.0000,     -0.0308,      1.1484,      0.1258,      5.5374,     11.0748,      1.1117,     28.2883,     56.5765,      0.0191,      0.0009,      0.0156,      0.2041,   7665.3130,-419520.6250,   -922.6018,    546.6265,  25551.0410,
       1,     167,     308,       4,       1,       3,       1,     10.0000,      1.3927,     42.4852,    246.5459,     62.0464,      3.4953,      0.0000,     -0.0309,      0.3658,      0.1287,      5.5374,     11.0748,      1.1368,     28.2883,     56.5765,      0.0191,      0.0003,      0.0156,      0.2041,   7665.3125,-418887.5625,   -922.5343,    546.6698,  25551.0430,
       1,     167,     308,       5,       1,       3,       1,     10.0000,      1.3927,     42.4852,    246.5459,     62.0464,      3.4953,      0.0000,     -0.0309,      0.3158,      0.1298,      5.5374,     11.0748,      1.1473,     28.2883,     56.5765,      0.0191,      0.0003,      0.0156,      0.2041,   7665.3130,-417859.0625,   -922.3466,    546.7401,  25551.0430,
       1,     167,     308,       6,       1,       3,       1,     10.0000,      1.3927,     42.4852,    246.5459,     62.0464,      3.4953,      0.0000,     -0.0309,      0.3244,      0.1294,      5.5374,     11.0748,      1.1438,     28.2883,     56.5765,      0.0191,      0.0003,      0.0156,      0.2041,   7665.3130,-417709.1875,   -922.3201,    546.7503,  25551.0430,
       1,     167,     308,       7,       1,       3,       1,     10.0000,      1.3927,     42.4852,    246.5459,     62.0464,      3.4953,      0.0000,     -0.0310,      0.3135,      0.1308,      5.5374,     11.0748,      1.1554,     28.2883,     56.5765,      0.0191,      0.0002,      0.0156,      0.2041,   7665.3130,-417707.2500,   -922.3221,    546.7504,  25551.0410,
       1,     167,     308,       8,       1,       3,       1,     10.0000,      1.3927,     42.4852,    246.5459,     62.0464,      3.4953,      0.0138,     -0.0171,      0.0096,      0.1294,      5.5374,     11.0748,      1.1438,     28.2883,     56.5765,      0.0191,      0.0002,      0.0005,      0.2041,   7665.3125,-417693.6562,   -922.3212,    546.7513,  25551.0430,
       1,     167,     308,       9,       1,       3,       1,     10.0000,      1.3927,     42.4852,    246.5459,     62.0464,      3.4953,      0.1192,      0.0879,      3.3143,      0.1397,      5.5374,     11.0748,      1.2341,     28.2883,     56.5765,      0.0191,      0.0003,      0.1530,      0.2041,   7665.3130,-417314.0312,   -922.2791,    546.7773,  25551.0430,
       1,     167,     308,      10,       1,       3,       1,     10.0000,      1.3927,     42.4852,    246.5459,     62.0464,      3.4953,      0.1677,      0.1354,      6.0616,      0.1699,      5.5374,     11.0748,      1.5012,     28.2883,     56.5765,      0.0191,      0.0003,      0.2235,      0.2041,   7665.3130,-421396.5938,   -923.3668,    546.4983,  25551.0430,
       1,     167,     308,      11,       1,       3,       1,     10.0000,      1.3927,     42.4852,    246.5459,     62.0464,      3.4953,      0.1846,      0.1517,      7.4766,      0.1862,      5.5374,     11.0748,      1.6450,     28.2883,     56.5765,      0.0191,      0.0004,      0.2482,      0.2041,   7665.3130,-425165.1875,   -924.5385,    546.2409,  25551.0430,
       1,     167,     308,      12,       1,       3,       1,     10.0000,      1.3927,     42.4852,    246.5459,     62.0464,      3.4953,      0.1858,      0.1526,      7.9622,      0.1954,      5.5374,     11.0748,      1.7268,     28.2883,     56.5765,      0.0191,      0.0004,      0.2500,      0.2041,   7665.3130,-427248.0312,   -925.6791,    546.0988,  25551.0430,
       1,     167,     308,      13,       1,       3,       1,     10.0000,      1.3927,     42.4852,    246.5459,     62.0464,      3.4953,      0.1857,      0.1521,      8.7873,      0.2129,      5.5374,     11.0748,      1.8815,     28.2883,     56.5765,      0.0191,      0.0004,      0.2500,      0.2041,   7665.3130,-428029.8750,   -926.8996,    546.0454,  25551.0430,
       1,     167,     308,      14,       1,       3,       1,     10.0000,      1.3927,     42.4852,    246.5459,     62.0464,      3.4953,      0.1859,      0.1525,     10.5612,      0.2051,      5.5374,     11.0748,      1.8124,     28.2883,     56.5765,      0.0191,      0.0005,      0.2500,      0.2041,   7665.3130,-429123.9688,   -927.9691,    545.9707,  25551.0449,
       1,     167,     308,      15,       1,       3,       1,     10.0000,      1.3927,     42.4852,    246.5459,     62.0464,      3.4953,      0.1890,      0.1559,     47.8974,      0.1927,      5.5374,     11.0748,      1.7031,     28.2883,     56.5765,      0.0191,      0.0024,      0.2500,      0.2041,   7665.3140,-431426.0625,   -928.9869,    545.8136,  25551.0430,
       1,     167,     308,      16,       1,       3,       1,     10.0000,      1.3927,     42.4852,    246.5459,     62.0464,      3.4953,      0.1898,      0.1575,     56.5934,      0.1699,      5.5374,     11.0748,      1.5012,     28.2883,     56.5765,      0.0191,      0.0028,      0.2500,      0.2041,   7665.3130,-478121.4062,   -938.4665,    542.6278,  25551.0430,
       1,     167,     308,      17,       1,       3,       1,     10.0000,      1.3927,     42.4852,    246.5459,     62.0464,      3.4953,      0.1617,      0.1290,     59.5339,      0.1796,      5.5374,     11.0748,      1.5873,     28.2883,     56.5765,      0.0191,      0.0035,      0.2084,      0.2040,   7665.3130,-492953.2812,   -941.8305,    541.6310,  25551.0430,
       1,     167,     308,      18,       1,       3,       1,     10.0000,      1.3927,     42.4852,    246.5459,     62.0464,      3.4953,      0.1416,      0.1093,     67.7672,      0.1695,      5.5374,     11.0748,      1.4982,     28.2883,     56.5765,      0.0191,      0.0047,      0.1781,      0.2040,   7665.3130,-497867.7812,   -943.2532,    541.2992,  25551.0410,
       1,     167,     308,      19,       1,       3,       1,     10.0000,      1.3927,     42.4852,    246.5459,     62.0464,      3.4953,      0.0415,      0.0097,     13.7741,      0.1543,      5.5374,     11.0748,      1.3636,     28.2883,     56.5765,      0.0191,      0.0045,      0.0382,      0.2040,   7665.3125,-508547.9062,   -945.7969,    540.5767,  25551.0430,
       1,     167,     308,      20,       1,       3,       1,     10.0000,      1.3927,     42.4852,    246.5459,     62.0464,      3.4953,      0.0009,     -0.0303,      3.8791,      0.1344,      5.5374,     11.0748,      1.1875,     28.2883,     56.5765,      0.0191,      0.0031,      0.0156,      0.2040,   7665.3130,-442131.5625,   -933.1548,    545.0650,  25551.0410,
       1,     167,     308,      21,       1,       3,       1,     10.0000,      1.3927,     42.4852,    246.5459,     62.0464,      3.4953,      0.0000,     -0.0310,      2.9951,      0.1309,      5.5374,     11.0748,      1.1566,     28.2883,     56.5765,      0.0191,      0.0024,      0.0156,      0.2041,   7665.3125,-424231.2500,   -929.7502,    546.3033,  25551.0391,
       1,     167,     308,      22,       1,       3,       1,     10.0000,      1.3927,     42.4852,    246.5459,     62.0464,      3.4953,      0.0000,     -0.0309,      3.3454,      0.1294,      5.5374,     11.0748,      1.1438,     28.2883,     56.5765,      0.0191,      0.0027,      0.0156,      0.2041,   7665.3120,-421590.0625,   -929.2727,    546.4852,  25551.0410,
       1,     167,     308,      23,       1,       3,       1,     10.0000,      1.3927,     42.4852,    246.5459,     62.0464,      3.4953,      0.0000,     -0.0308,      3.6526,      0.1274,      5.5374,     11.0748,      1.1253,     28.2883,     56.5765,      0.0191,      0.0029,      0.0156,      0.2041,   7665.3125,-421799.4375,   -929.3419,    546.4708,  25551.0410,
       1,     167,     308,      24,       1,       3,       1,     10.0000,      1.3927,     42.4852,    246.5459,     62.0464,      3.4953,      0.0000,     -0.0306,      2.6322,      0.1225,      5.5374,     11.0748,      1.0826,     28.2883,     56.5765,      0.0191,      0.0021,      0.0156,      0.2041,   7665.3125,-422199.8750,   -929.4554,    546.4435,  25551.0410,
       1,     167,     309,       1,       1,       3,       1,     10.0000,      1.3928,     42.4856,    246.5517,     62.0479,      3.4953,      0.0000,     -0.0307,      1.2716,      0.1234,      5.5373,     11.0746,      1.0904,     28.2929,     56.5859,      0.0191,      0.0010,      0.0156,      0.2041,   7665.3125,-421118.1250,   -929.5493,    546.5302,  25552.1836,
       1,     167,     309,       2,       1,       3,       1,     10.0000,      1.3928,     42.4856,    246.5517,     62.0479,      3.4953,      0.0000,     -0.0308,      0.8719,      0.1268,      5.5373,     11.0746,      1.1208,     28.2929,     56.5859,      0.0191,      0.0007,      0.0156,      0.2041,   7665.6553,-419179.6875,   -928.9103,    546.6626,  25552.1855,
       1,     167,     309,       3,       1,       3,       1,     10.0000,      1.3928,     42.4856,    246.5517,     62.0479,      3.4953,      0.0000,     -0.0307,      0.4310,      0.1243,      5.5373,     11.0746,      1.0982,     28.2929,     56.5859,      0.0191,      0.0003,      0.0156,      0.2041,   7665.6558,-418516.9375,   -928.7877,    546.7079,  25552.1836,
       1,     167,     309,       4,       1,       3,       1,     10.0000,      1.3928,     42.4856,    246.5517,     62.0479,      3.4953,      0.0000,     -0.0306,      0.4392,      0.1212,      5.5373,     11.0746,      1.0705,     28.2929,     56.5859,      0.0191,      0.0003,      0.0156,      0.2041,   7665.6553,-417911.9062,   -928.6732,    546.7493,  25552.1836,
       1,     167,     309,       5,       1,       3,       1,     10.0000,      1.3928,     42.4856,    246.5517,     62.0479,      3.4953,      0.0000,     -0.0306,      0.5257,      0.1212,      5.5373,     11.0746,      1.0705,     28.2929,     56.5859,      0.0191,      0.0004,      0.0156,      0.2041,   7665.6553,-417870.5625,   -928.6682,    546.7521,  25552.1836,
       1,     167,     309,       6,       1,       3,       1,     10.0000,      1.3928,     42.4856,    246.5517,     62.0479,      3.4953,      0.0000,     -0.0306,      0.4416,      0.1212,      5.5373,     11.0746,      1.0705,     28.2929,     56.5859,      0.0191,      0.0003,      0.0156,      0.2041,   7665.6553,-417974.7812,   -928.6920,    546.7450,  25552.1855,
       1,     167,     309,       7,       1,       3,       1,     10.0000,      1.3928,     42.4856,    246.5517,     62.0479,      3.4953,      0.0000,     -0.0306,      0.3218,      0.1202,      5.5373,     11.0746,      1.0618,     28.2929,     56.5859,      0.0191,      0.0003,      0.0156,      0.2041,   7665.6558,-417878.5938,   -928.6758,    546.7516,  25552.1836,
       1,     167,     309,       8,       1,       3,       1,     10.0000,      1.3928,     42.4856,    246.5517,     62.0479,      3.4953,      0.0140,     -0.0164,      0.0260,      0.1181,      5.5373,     11.0746,      1.0435,     28.2929,     56.5859,      0.0191,      0.0002,      0.0015,      0.2041,   7665.6553,-417721.5625,   -928.6474,    546.7623,  25552.1816,
       1,     167,     309,       9,       1,       3,       1,     10.0000,      1.3928,     42.4856,    246.5517,     62.0479,      3.4953,      0.0955,      0.0644,      2.4633,      0.1344,      5.5373,     11.0746,      1.1876,     28.2929,     56.5859,      0.0191,      0.0003,      0.1188,      0.2041,   7665.6548,-417340.0000,   -928.5758,    546.7884,  25552.1836,
       1,     167,     309,      10,       1,       3,       1,     10.0000,      1.3928,     42.4856,    246.5517,     62.0479,      3.4953,      0.1723,      0.1400,      6.1267,      0.1672,      5.5373,     11.0746,      1.4774,     28.2929,     56.5859,      0.0191,      0.0003,      0.2301,      0.2041,   7665.6553,-420341.8750,   -929.1790,    546.5831,  25552.1836,
       1,     167,     309,      11,       1,       3,       1,     10.0000,      1.3928,     42.4856,    246.5517,     62.0479,      3.4953,      0.1858,      0.1525,      8.2103,      0.2007,      5.5373,     11.0746,      1.7736,     28.2929,     56.5859,      0.0191,      0.0004,      0.2500,      0.2041,   7665.6553,-425158.8125,   -930.1785,    546.2542,  25552.1836,
       1,     167,     309,      12,       1,       3,       1,     10.0000,      1.3928,     42.4856,    246.5517,     62.0479,      3.4953,      0.1857,      0.1520,      8.9479,      0.2163,      5.5373,     11.0746,      1.9113,     28.2929,     56.5859,      0.0191,      0.0004,      0.2500,      0.2041,   7665.6553,-428163.0625,   -930.8059,    546.0491,  25552.1836,
       1,     167,     309,      13,       1,       3,       1,     10.0000,      1.3928,     42.4856,    246.5517,     62.0479,      3.4953,      0.1857,      0.1521,      8.7084,      0.2113,      5.5373,     11.0746,      1.8668,     28.2929,     56.5859,      0.0191,      0.0004,      0.2500,      0.2041,   7665.6553,-429337.1875,   -931.0068,    545.9690,  25552.1855,
       1,     167,     309,      14,       1,       3,       1,     10.0000,      1.3928,     42.4856,    246.5517,     62.0479,      3.4953,      0.1861,      0.1523,     13.1079,      0.2163,      5.5373,     11.0746,      1.9113,     28.2929,     56.5859,      0.0191,      0.0006,      0.2500,      0.2041,   7665.6558,-429138.4375,   -930.9048,    545.9825,  25552.1836,
       1,     167,     309,      15,       1,       3,       1,     10.0000,      1.3928,     42.4856,    246.5517,     62.0479,      3.4953,      0.1809,      0.1466,     52.7842,      0.2367,      5.5373,     11.0746,      2.0915,     28.2929,     56.5859,      0.0191,      0.0027,      0.2380,      0.2041,   7665.6553,-434600.2188,   -931.7418,    545.6097,  25552.1836,
       1,     167,     309,      16,       1,       3,       1,     10.0000,      1.3928,     42.4856,    246.5517,     62.0479,      3.4953,      0.1334,      0.0988,     82.0348,      0.2461,      5.5373,     11.0746,      2.1746,     28.2929,     56.5859,      0.0191,      0.0062,      0.1641,      0.2041,   7665.6553,-484475.1562,   -941.5862,    542.2084,  25552.1836,
       1,     167,     309,      17,       1,       3,       1,     10.0000,      1.3928,     42.4856,    246.5517,     62.0479,      3.4953,      0.0944,      0.0596,     71.8528,      0.2564,      5.5373,     11.0746,      2.2653,     28.2929,     56.5859,      0.0191,      0.0083,      0.1072,      0.2041,   7665.6553,-525195.7500,   -949.8602,    539.4590,  25552.1836,
       1,     167,     309,      18,       1,       3,       1,     10.0000,      1.3928,     42.4856,    246.5517,     62.0479,      3.4953,      0.1021,      0.0688,     65.6055,      0.2001,      5.5373,     11.0746,      1.7683,     28.2929,     56.5859,      0.0191,      0.0068,      0.1200,      0.2040,   7665.6553,-515958.4375,   -948.3119,    540.0890,  25552.1855,
       1,     167,     309,      19,       1,       3,       1,     10.0000,      1.3928,     42.4856,    246.5517,     62.0479,      3.4953,      0.0328,      0.0013,     10.4180,      0.1424,      5.5373,     11.0746,      1.2581,     28.2929,     56.5859,      0.0191,      0.0049,      0.0263,      0.2040,   7665.6558,-507378.5312,   -927.4601,    540.6685,  25552.0566,
       1,     167,     309,      20,       1,       3,       1,     10.0000,      1.3928,     42.4856,    246.5517,     62.0479,      3.4953,      0.0005,     -0.0307,      7.1744,      0.1369,      5.5373,     11.0746,      1.2094,     28.2929,     56.5859,      0.0191,      0.0057,      0.0156,      0.2040,   7665.6172,-437865.0000,   -914.7379,    545.3668,  25552.1875,
       1,     167,     309,      21,       1,       3,       1,     10.0000,      1.3928,     42.4856,    246.5517,     62.0479,      3.4953,      0.0000,     -0.0310,      8.5624,      0.1322,      5.5373,     11.0746,      1.1684,     28.2929,     56.5859,      0.0191,      0.0068,      0.0156,      0.2041,   7665.6567,-427977.5312,   -912.6544,    546.0613,  25552.1875,
       1,     167,     309,      22,       1,       3,       1,     10.0000,      1.3928,     42.4856,    246.5517,     62.0479,      3.4953,      0.0000,     -0.0310,      9.4973,      0.1318,      5.5373,     11.0746,      1.1649,     28.2929,     56.5859,      0.0191,      0.0075,      0.0156,      0.2041,   7665.6567,-428841.2188,   -913.6622,    546.0028,  25552.1875,
       1,     167,     309,      23,       1,       3,       1,     10.0000,      1.3928,     42.4856,    246.5517,     62.0479,      3.4953,      0.0000,     -0.0310,      5.8466,      0.1305,      5.5373,     11.0746,      1.1531,     28.2929,     56.5859,      0.0191,      0.0046,      0.0156,      0.2041,   7665.6567,-430078.3750,   -913.0343,    545.9183,  25552.1875,
       1,     167,     309,      24,       1,       3,       1,     10.0000,      1.3928,     42.4856,    246.5517,     62.0479,      3.4953,      0.0000,     -0.0310,      1.0739,      0.1312,      5.5373,     11.0746,      1.1590,     28.2929,     56.5859,      0.0191,      0.0009,      0.0156,      0.2041,   7665.6567,-425637.5312,   -912.8403,    546.2214,  25552.1855,
       1,     167,     310,       1,       1,       3,       1,     10.0000,      1.3928,     42.4859,    246.5574,     62.0494,      3.4953,      0.0000,     -0.0309,      0.3945,      0.1285,      5.5379,     11.0758,      1.1357,     28.2926,     56.5851,      0.0191,      0.0003,      0.0156,      0.2041,   7665.6558,-419472.8438,   -912.1013,    546.6554,  25553.3281,
       1,     167,     310,       2,       1,       3,       1,     10.0000,      1.3928,     42.4859,    246.5574,     62.0494,      3.4953,      0.0000,     -0.0308,      0.3423,      0.1272,      5.5379,     11.0758,      1.1242,     28.2926,     56.5851,      0.0191,      0.0003,      0.0156,      0.2041,   7665.9985,-417950.5312,   -911.5873,    546.7595,  25553.3281,
       1,     167,     310,       3,       1,       3,       1,     10.0000,      1.3928,     42.4859,    246.5574,     62.0494,      3.4953,      0.0000,     -0.0308,      0.3306,      0.1274,      5.5379,     11.0758,      1.1254,     28.2926,     56.5851,      0.0191,      0.0003,      0.0156,      0.2041,   7665.9985,-417756.0000,   -911.5580,    546.7728,  25553.3281,
       1,     167,     310,       4,       1,       3,       1,     10.0000,      1.3928,     42.4859,    246.5574,     62.0494,      3.4953,      0.0000,     -0.0308,      0.3120,      0.1267,      5.5379,     11.0758,      1.1197,     28.2926,     56.5851,      0.0191,      0.0002,      0.0156,      0.2041,   7665.9985,-417724.8438,   -911.5565,    546.7749,  25553.3281,
       1,     167,     310,       5,       1,       3,       1,     10.0000,      1.3928,     42.4859,    246.5574,     62.0494,      3.4953,      0.0000,     -0.0309,      0.3095,      0.1293,      5.5379,     11.0758,      1.1427,     28.2926,     56.5851,      0.0191,      0.0002,      0.0156,      0.2041,   7665.9985,-417699.0625,   -911.5541,    546.7767,  25553.3281,
       1,     167,     310,       6,       1,       3,       1,     10.0000,      1.3928,     42.4859,    246.5574,     62.0494,      3.4953,      0.0000,     -0.0308,      0.3013,      0.1263,      5.5379,     11.0758,      1.1162,     28.2926,     56.5851,      0.0191,      0.0002,      0.0156,      0.2041,   7665.9985,-417693.7188,   -911.5548,    546.7771,  25553.3281,
       1,     167,     310,       7,       1,       3,       1,     10.0000,      1.3928,     42.4859,    246.5574,     62.0494,      3.4953,      0.0000,     -0.0308,      0.2996,      0.1257,      5.5379,     11.0758,      1.1106,     28.2926,     56.5851,      0.0191,      0.0002,      0.0156,      0.2041,   7665.9985,-417683.0938,   -911.5543,    546.7778,  25553.3262,
       1,     167,     310,       8,       1,       3,       1,     10.0000,      1.3928,     42.4859,    246.5574,     62.0494,      3.4953,      0.0100,     -0.0208,      0.3006,      0.1261,      5.5379,     11.0758,      1.1140,     28.2926,     56.5851,      0.0191,      0.0002,      0.0156,      0.2041,   7665.9980,-417680.2500,   -911.5555,    546.7781,  25553.3262,
       1,     167,     310,       9,       1,       3,       1,     10.0000,      1.3928,     42.4859,    246.5574,     62.0494,      3.4953,      0.0843,      0.0531,      2.1591,      0.1363,      5.5379,     11.0758,      1.2046,     28.2926,     56.5851,      0.0191,      0.0003,      0.1025,      0.2041,   7665.9980,-417681.2188,   -911.5803,    546.7780,  25553.3262,
       1,     167,     310,      10,       1,       3,       1,     10.0000,      1.3928,     42.4859,    246.5574,     62.0494,      3.4953,      0.0522,      0.0208,      1.2442,      0.1435,      5.5379,     11.0758,      1.2683,     28.2926,     56.5851,      0.0191,      0.0003,      0.0557,      0.2041,   7665.9980,-419994.8750,   -912.3317,    546.6198,  25553.3281,
       1,     167,     310,      11,       1,       3,       1,     10.0000,      1.3928,     42.4859,    246.5574,     62.0494,      3.4953,      0.0158,     -0.0169,      0.0331,      0.1822,      5.5379,     11.0758,      1.6096,     28.2926,     56.5851,      0.0191,      0.0004,      0.0011,      0.2041,   7665.9985,-419052.7812,   -912.3105,    546.6842,  25553.3281,
       1,     167,     310,      12,       1,       3,       1,     10.0000,      1.3928,     42.4859,    246.5574,     62.0494,      3.4953,      0.0632,      0.0299,      2.2877,      0.1999,      5.5379,     11.0758,      1.7666,     28.2926,     56.5851,      0.0191,      0.0004,      0.0700,      0.2041,   7665.9985,-417464.8125,   -912.0808,    546.7927,  25553.3281,
       1,     167,     310,      13,       1,       3,       1,     10.0000,      1.3928,     42.4859,    246.5574,     62.0494,      3.4953,      0.1483,      0.1143,      7.1633,      0.2215,      5.5379,     11.0758,      1.9569,     28.2926,     56.5851,      0.0191,      0.0005,      0.1948,      0.2041,   7665.9985,-420136.5938,   -912.8599,    546.6102,  25553.3281,
       1,     167,     310,      14,       1,       3,       1,     10.0000,      1.3928,     42.4859,    246.5574,     62.0494,      3.4953,      0.1410,      0.1090,      4.6227,      0.1586,      5.5379,     11.0758,      1.4011,     28.2926,     56.5851,      0.0191,      0.0003,      0.1845,      0.2041,   7665.9985,-426433.5625,   -915.2255,    546.1799,  25553.3281,
       1,     167,     310,      15,       1,       3,       1,     10.0000,      1.3928,     42.4859,    246.5574,     62.0494,      3.4953,      0.1861,      0.1552,      5.7522,      0.1288,      5.5379,     11.0758,      1.1380,     28.2926,     56.5851,      0.0191,      0.0003,      0.2500,      0.2041,   7665.9985,-423806.6562,   -911.6347,    546.3594,  25553.3301,
       1,     167,     310,      16,       1,       3,       1,     10.0000,      1.3928,     42.4859,    246.5574,     62.0494,      3.4953,      0.1894,      0.1583,     48.1261,      0.1348,      5.5379,     11.0758,      1.1912,     28.2926,     56.5851,      0.0191,      0.0024,      0.2500,      0.2041,   7665.9995,-424988.9375,   -912.2737,    546.2787,  25553.3281,
       1,     167,     310,      17,       1,       3,       1,     10.0000,      1.3928,     42.4859,    246.5574,     62.0494,      3.4953,      0.1821,      0.1509,     68.3518,      0.1371,      5.5379,     11.0758,      1.2119,     28.2926,     56.5851,      0.0191,      0.0036,      0.2371,      0.2041,   7665.9985,-477845.9062,   -922.9108,    542.6693,  25553.3281,
       1,     167,     310,      18,       1,       3,       1,     10.0000,      1.3928,     42.4859,    246.5574,     62.0494,      3.4953,      0.1474,      0.1161,     67.9914,      0.1401,      5.5379,     11.0758,      1.2379,     28.2926,     56.5851,      0.0191,      0.0045,      0.1866,      0.2041,   7665.9985,-507572.5312,   -930.1094,    540.6648,  25553.3281,
       1,     167,     310,      19,       1,       3,       1,     10.0000,      1.3928,     42.4859,    246.5574,     62.0494,      3.4953,      0.0607,      0.0296,     10.2176,      0.1354,      5.5379,     11.0758,      1.1960,     28.2926,     56.5851,      0.0191,      0.0019,      0.0673,      0.2041,   7665.9985,-509639.8438,   -931.9182,    540.5288,  25553.3301,
       1,     167,     310,      20,       1,       3,       1,     10.0000,      1.3928,     42.4859,    246.5574,     62.0494,      3.4953,      0.0006,     -0.0302,      0.3691,      0.1274,      5.5379,     11.0758,      1.1254,     28.2926,     56.5851,      0.0191,      0.0003,      0.0156,      0.2041,   7665.9995,-437789.0625,   -919.2581,    545.3835,  25553.3281,
       1,     167,     310,      21,       1,       3,       1,     10.0000,      1.3928,     42.4859,    246.5574,     62.0494,      3.4953,      0.0000,     -0.0309,      0.4946,      0.1294,      5.5379,     11.0758,      1.1438,     28.2926,     56.5851,      0.0191,      0.0004,      0.0156,      0.2041,   7665.9985,-419500.6562,   -915.9382,    546.6521,  25553.3281,
       1,     167,     310,      22,       1,       3,       1,     10.0000,      1.3928,     42.4859,    246.5574,     62.0494,      3.4953,      0.0000,     -0.0310,      0.4133,      0.1306,      5.5379,     11.0758,      1.1543,     28.2926,     56.5851,      0.0191,      0.0003,      0.0156,      0.2041,   7665.9985,-418079.2500,   -915.6963,    546.7507,  25553.3281,
       1,     167,     310,      23,       1,       3,       1,     10.0000,      1.3928,     42.4859,    246.5574,     62.0494,      3.4953,      0.0000,     -0.0312,      0.8047,      0.1358,      5.5379,     11.0758,      1.1997,     28.2926,     56.5851,      0.0191,      0.0006,      0.0156,      0.2041,   7665.9985,-417855.3125,   -915.6671,    546.7661,  25553.3281,
       1,     167,     310,      24,       1,       3,       1,     10.0000,      1.3928,     42.4859,    246.5574,     62.0494,      3.4953,      0.0000,     -0.0312,      0.6264,      0.1374,      5.5379,     11.0758,      1.2144,     28.2926,     56.5851,      0.0191,      0.0005,      0.0156,      0.2041,   7665.9985,-418323.4688,   -915.8043,    546.7340,  25553.3281,
       1,     167,     311,       1,       1,       3,       1,     10.0000,      1.3928,     42.4862,    246.5632,     62.0508,      3.4953,      0.0000,     -0.0311,      1.3532,      0.1352,      5.5383,     11.0766,      1.1949,     28.2854,     56.5708,      0.0191,      0.0011,      0.0156,      0.2042,   7665.9985,-418296.5312,   -916.0910,    546.7488,  25554.4707,
       1,     167,     311,       2,       1,       3,       1,     10.0000,      1.3928,     42.4862,    246.5632,     62.0508,      3.4953,      0.0000,     -0.0310,      1.0046,      0.1310,      5.5383,     11.0766,      1.1579,     28.2854,     56.5708,      0.0191,      0.0008,      0.0156,      0.2042,   7666.3413,-419046.3438,   -916.0757,    546.6976,  25554.4707,
       1,     167,     311,       3,       1,       3,       1,     10.0000,      1.3928,     42.4862,    246.5632,     62.0508,      3.4953,      0.0000,     -0.0306,      0.5852,      0.1203,      5.5383,     11.0766,      1.0630,     28.2854,     56.5708,      0.0191,      0.0005,      0.0156,      0.2042,   7666.3413,-418676.2188,   -910.3512,    546.7228,  25554.4707,
       1,     167,     311,       4,       1,       3,       1,     10.0000,      1.3928,     42.4862,    246.5632,     62.0508,      3.4953,      0.0000,     -0.0303,      0.4730,      0.1139,      5.5383,     11.0766,      1.0069,     28.2854,     56.5708,      0.0191,      0.0004,      0.0156,      0.2042,   7666.3413,-418122.8125,   -910.1914,    546.7606,  25554.4707,
       1,     167,     311,       5,       1,       3,       1,     10.0000,      1.3928,     42.4862,    246.5632,     62.0508,      3.4953,      0.0000,     -0.0304,      0.4896,      0.1165,      5.5383,     11.0766,      1.0298,     28.2854,     56.5708,      0.0191,      0.0004,      0.0156,      0.2042,   7666.3413,-417936.1250,   -910.1844,    546.7734,  25554.4707,
       1,     167,     311,       6,       1,       3,       1,     10.0000,      1.3928,     42.4862,    246.5632,     62.0508,      3.4953,      0.0000,     -0.0305,      1.5973,      0.1185,      5.5383,     11.0766,      1.0468,     28.2854,     56.5708,      0.0191,      0.0013,      0.0156,      0.2042,   7666.3413,-417940.7500,   -910.2096,    546.7731,  25554.4707,
       1,     167,     311,       7,       1,       3,       1,     10.0000,      1.3928,     42.4862,    246.5632,     62.0508,      3.4953,      0.0000,     -0.0306,      0.9042,      0.1203,      5.5383,     11.0766,      1.0630,     28.2854,     56.5708,      0.0191,      0.0007,      0.0156,      0.2042,   7666.3413,-419320.0312,   -910.6281,    546.6788,  25554.4707,
       1,     167,     311,       8,       1,       3,       1,     10.0000,      1.3928,     42.4862,    246.5632,     62.0508,      3.4953,      0.0058,     -0.0247,      0.3974,      0.1198,      5.5383,     11.0766,      1.0586,     28.2854,     56.5708,      0.0191,      0.0003,      0.0156,      0.2042,   7666.3413,-418574.5938,   -910.5486,    546.7298,  25554.4688,
       1,     167,     311,       9,       1,       3,       1,     10.0000,      1.3928,     42.4862,    246.5632,     62.0508,      3.4953,      0.0510,      0.0201,      1.1014,      0.1281,      5.5383,     11.0766,      1.1323,     28.2854,     56.5708,      0.0191,      0.0003,      0.0544,      0.2042,   7666.3408,-417880.7500,   -910.4600,    546.7773,  25554.4707,
       1,     167,     311,      10,       1,       3,       1,     10.0000,      1.3928,     42.4862,    246.5632,     62.0508,      3.4953,      0.1137,      0.0823,      3.1446,      0.1398,      5.5383,     11.0766,      1.2354,     28.2854,     56.5708,      0.0191,      0.0003,      0.1450,      0.2042,   7666.3413,-418697.5312,   -910.8442,    546.7214,  25554.4688,
       1,     167,     311,      11,       1,       3,       1,     10.0000,      1.3928,     42.4862,    246.5632,     62.0508,      3.4953,      0.1698,      0.1378,      5.6346,      0.1576,      5.5383,     11.0766,      1.3927,     28.2854,     56.5708,      0.0191,      0.0003,      0.2264,      0.2042,   7666.3408,-421310.8125,   -911.8914,    546.5428,  25554.4707,
       1,     167,     311,      12,       1,       3,       1,     10.0000,      1.3928,     42.4862,    246.5632,     62.0508,      3.4953,      0.1859,      0.1535,      6.8110,      0.1706,      5.5383,     11.0766,      1.5073,     28.2854,     56.5708,      0.0191,      0.0003,      0.2500,      0.2042,   7666.3413,-424632.2812,   -913.7074,    546.3159,  25554.4688,
       1,     167,     311,      13,       1,       3,       1,     10.0000,      1.3928,     42.4862,    246.5632,     62.0508,      3.4953,      0.1858,      0.1531,      7.3194,      0.1816,      5.5383,     11.0766,      1.6048,     28.2854,     56.5708,      0.0191,      0.0004,      0.2500,      0.2042,   7666.3408,-426379.7188,   -915.4623,    546.1967,  25554.4727,
       1,     167,     311,      14,       1,       3,       1,     10.0000,      1.3928,     42.4862,    246.5632,     62.0508,      3.4953,      0.1683,      0.1350,      7.3756,      0.2009,      5.5383,     11.0766,      1.7754,     28.2854,     56.5708,      0.0191,      0.0004,      0.2243,      0.2042,   7666.3423,-427160.6250,   -916.8556,    546.1434,  25554.4707,
       1,     167,     311,      15,       1,       3,       1,     10.0000,      1.3928,     42.4862,    246.5632,     62.0508,      3.4953,      0.1633,      0.1301,     13.7144,      0.1970,      5.5383,     11.0766,      1.7407,     28.2854,     56.5708,      0.0191,      0.0008,      0.2162,      0.2042,   7666.3413,-427297.1250,   -918.0039,    546.1340,  25554.4707,
       1,     167,     311,      16,       1,       3,       1,     10.0000,      1.3928,     42.4862,    246.5632,     62.0508,      3.4953,      0.1800,      0.1472,     30.7798,      0.1851,      5.5383,     11.0766,      1.6354,     28.2854,     56.5708,      0.0191,      0.0016,      0.2388,      0.2042,   7666.3413,-435200.1250,   -920.0918,    545.5945,  25554.4707,
       1,     167,     311,      17,       1,       3,       1,     10.0000,      1.3928,     42.4862,    246.5632,     62.0508,      3.4953,      0.1753,      0.1425,     42.6446,      0.1845,      5.5383,     11.0766,      1.6305,     28.2854,     56.5708,      0.0191,      0.0023,      0.2304,      0.2042,   7666.3413,-457119.9688,   -924.9102,    544.0999,  25554.4707,
       1,     167,     311,      18,       1,       3,       1,     10.0000,      1.3928,     42.4862,    246.5632,     62.0508,      3.4953,      0.1259,      0.0935,     32.0107,      0.1716,      5.5383,     11.0766,      1.5163,     28.2854,     56.5708,      0.0191,      0.0025,      0.1592,      0.2041,   7666.3413,-473764.6250,   -928.7996,    542.9698,  25554.4707,
       1,     167,     311,      19,       1,       3,       1,     10.0000,      1.3928,     42.4862,    246.5632,     62.0508,      3.4953,      0.0550,      0.0228,     14.2004,      0.1642,      5.5383,     11.0766,      1.4511,     28.2854,     56.5708,      0.0191,      0.0031,      0.0576,      0.2041,   7666.3413,-461930.7500,   -927.1680,    543.7742,  25554.4707,
       1,     167,     311,      20,       1,       3,       1,     10.0000,      1.3928,     42.4862,    246.5632,     62.0508,      3.4953,      0.0008,     -0.0311,      4.0005,      0.1556,      5.5383,     11.0766,      1.3747,     28.2854,     56.5708,      0.0191,      0.0032,      0.0156,      0.2041,   7666.3413,-438743.7188,   -923.2439,    545.3508,  25554.4707,
       1,     167,     311,      21,       1,       3,       1,     10.0000,      1.3928,     42.4862,    246.5632,     62.0508,      3.4953,      0.0000,     -0.0318,      3.1324,      0.1526,      5.5383,     11.0766,      1.3487,     28.2854,     56.5708,      0.0191,      0.0025,      0.0156,      0.2042,   7666.3413,-424081.2812,   -920.7117,    546.3527,  25554.4707,
       1,     167,     311,      22,       1,       3,       1,     10.0000,      1.3928,     42.4862,    246.5632,     62.0508,      3.4953,      0.0000,     -0.0318,      2.9999,      0.1523,      5.5383,     11.0766,      1.3460,     28.2854,     56.5708,      0.0191,      0.0024,      0.0156,      0.2042,   7666.3413,-421754.3750,   -920.3878,    546.5126,  25554.4707,
       1,     167,     311,      23,       1,       3,       1,     10.0000,      1.3928,     42.4862,    246.5632,     62.0508,      3.4953,      0.0000,     -0.0318,      2.4679,      0.1531,      5.5383,     11.0766,      1.3528,     28.2854,     56.5708,      0.0191,      0.0020,      0.0156,      0.2042,   7666.3413,-421390.3125,   -920.4093,    546.5374,  25554.4727,
       1,     167,     311,      24,       1,       3,       1,     10.0000,      1.3928,     42.4862,    246.5632,     62.0508,      3.4953,      0.0000,     -0.0315,      1.6630,      0.1441,      5.5383,     11.0766,      1.2735,     28.2854,     56.5708,      0.0191,      0.0013,      0.0156,      0.2042,   7666.3423,-420696.9375,   -920.3917,    546.5847,  25554.4688,
       1,     167,     312,       1,       1,       3,       1,     10.0000,      1.3928,     42.4866,    246.5691,     62.0523,      3.4953,      0.0000,     -0.0312,      0.9946,      0.1380,      5.5379,     11.0757,      1.2193,     28.2855,     56.5709,      0.0191,      0.0008,      0.0156,      0.2042,   7666.3408,-419791.6875,   -920.5511,    546.6595,  25555.6133,
       1,     167,     312,       2,       1,       3,       1,     10.0000,      1.3928,     42.4866,    246.5691,     62.0523,      3.4953,      0.0000,     -0.0312,      1.6471,      0.1379,      5.5379,     11.0757,      1.2181,     28.2855,     56.5709,      0.0191,      0.0013,      0.0156,      0.2042,   7666.6841,-418730.1250,   -918.6471,    546.7321,  25555.6152,
       1,     167,     312,       3,       1,       3,       1,     10.0000,      1.3928,     42.4866,    246.5691,     62.0523,      3.4953,      0.0000,     -0.0310,      1.7599,      0.1325,      5.5379,     11.0757,      1.1709,     28.2855,     56.5709,      0.0191,      0.0014,      0.0156,      0.2042,   7666.6851,-419451.6250,   -918.8791,    546.6827,  25555.6152,
       1,     167,     312,       4,       1,       3,       1,     10.0000,      1.3928,     42.4866,    246.5691,     62.0523,      3.4953,      0.0000,     -0.0307,      1.7756,      0.1249,      5.5379,     11.0757,      1.1039,     28.2855,     56.5709,      0.0191,      0.0014,      0.0156,      0.2042,   7666.6851,-419653.5312,   -919.0075,    546.6690,  25555.6113,
       1,     167,     312,       5,       1,       3,       1,     10.0000,      1.3928,     42.4866,    246.5691,     62.0523,      3.4953,      0.0000,     -0.0306,      1.6361,      0.1217,      5.5379,     11.0757,      1.0750,     28.2855,     56.5709,      0.0191,      0.0013,      0.0156,      0.2042,   7666.6836,-419690.5938,   -919.1133,    546.6664,  25555.6133,
       1,     167,     312,       6,       1,       3,       1,     10.0000,      1.3928,     42.4866,    246.5691,     62.0523,      3.4953,      0.0000,     -0.0307,      1.0268,      0.1228,      5.5379,     11.0757,      1.0849,     28.2855,     56.5709,      0.0191,      0.0008,      0.0156,      0.2042,   7666.6841,-419519.9062,   -919.1238,    546.6782,  25555.6133,
       1,     167,     312,       7,       1,       3,       1,     10.0000,      1.3928,     42.4866,    246.5691,     62.0523,      3.4953,      0.0000,     -0.0306,      1.0985,      0.1212,      5.5379,     11.0757,      1.0706,     28.2855,     56.5709,      0.0191,      0.0009,      0.0156,      0.2042,   7666.6841,-418747.0000,   -919.0137,    546.7310,  25555.6133,
       1,     167,     312,       8,       1,       3,       1,     10.0000,      1.3928,     42.4866,    246.5691,     62.0523,      3.4953,      0.0145,     -0.0161,      0.0857,      0.1232,      5.5379,     11.0757,      1.0882,     28.2855,     56.5709,      0.0191,      0.0006,      0.0019,      0.2042,   7666.6841,-418770.5312,   -919.0728,    546.7293,  25555.6133,
       1,     167,     312,       9,       1,       3,       1,     10.0000,      1.3928,     42.4866,    246.5691,     62.0523,      3.4953,      0.0788,      0.0472,      2.4290,      0.1487,      5.5379,     11.0757,      1.3139,     28.2855,     56.5709,      0.0191,      0.0003,      0.0941,      0.2042,   7666.6841,-417512.0938,   -918.8888,    546.8154,  25555.6133,
       1,     167,     312,      10,       1,       3,       1,     10.0000,      1.3928,     42.4866,    246.5691,     62.0523,      3.4953,      0.1530,      0.1199,      9.9631,      0.1935,      5.5379,     11.0757,      1.7100,     28.2855,     56.5709,      0.0191,      0.0006,      0.2015,      0.2042,   7666.6841,-420321.4062,   -919.5686,    546.6233,  25555.6133,
       1,     167,     312,      11,       1,       3,       1,     10.0000,      1.3928,     42.4866,    246.5691,     62.0523,      3.4953,      0.1630,      0.1297,      8.1811,      0.2013,      5.5379,     11.0757,      1.7789,     28.2855,     56.5709,      0.0191,      0.0005,      0.2164,      0.2042,   7666.6841,-429937.8438,   -922.0049,    545.9663,  25555.6133,
       1,     167,     312,      12,       1,       3,       1,     10.0000,      1.3928,     42.4866,    246.5691,     62.0523,      3.4953,      0.1720,      0.1384,     12.1720,      0.2102,      5.5379,     11.0757,      1.8578,     28.2855,     56.5709,      0.0191,      0.0007,      0.2293,      0.2042,   7666.6841,-428538.3125,   -922.2869,    546.0623,  25555.6133,
       1,     167,     312,      13,       1,       3,       1,     10.0000,      1.3928,     42.4866,    246.5691,     62.0523,      3.4953,      0.1701,      0.1363,      8.3604,      0.2195,      5.5379,     11.0757,      1.9398,     28.2855,     56.5709,      0.0191,      0.0005,      0.2270,      0.2042,   7666.6841,-433386.6562,   -923.6848,    545.7313,  25555.6152,
       1,     167,     312,      14,       1,       3,       1,     10.0000,      1.3928,     42.4866,    246.5691,     62.0523,      3.4953,      0.1756,      0.1417,     38.0957,      0.2221,      5.5379,     11.0757,      1.9628,     28.2855,     56.5709,      0.0191,      0.0020,      0.2317,      0.2042,   7666.6851,-429053.8438,   -923.2744,    546.0270,  25555.6133,
       1,     167,     312,      15,       1,       3,       1,     10.0000,      1.3928,     42.4866,    246.5691,     62.0523,      3.4953,      0.1928,      0.1587,    100.6529,      0.2279,      5.5379,     11.0757,      2.0134,     28.2855,     56.5709,      0.0191,      0.0050,      0.2500,      0.2042,   7666.6841,-465700.3438,   -930.7023,    543.5258,  25555.6133,
       1,     167,     312,      16,       1,       3,       1,     10.0000,      1.3928,     42.4866,    246.5691,     62.0523,      3.4953,      0.1737,      0.1396,     92.3522,      0.2287,      5.5379,     11.0757,      2.0213,     28.2855,     56.5709,      0.0191,      0.0051,      0.2227,      0.2042,   7666.6841,-546742.7500,   -947.1206,    538.0253,  25555.6133,
       1,     167,     312,      17,       1,       3,       1,     10.0000,      1.3928,     42.4866,    246.5691,     62.0523,      3.4953,      0.1018,      0.0680,     51.4298,      0.2180,      5.5379,     11.0757,      1.9266,     28.2855,     56.5709,      0.0191,      0.0053,      0.1209,      0.2041,   7666.6841,-543340.6250,   -947.3859,    538.2819,  25555.6133,
       1,     167,     312,      18,       1,       3,       1,     10.0000,      1.3928,     42.4866,    246.5691,     62.0523,      3.4953,      0.0804,      0.0470,     38.6960,      0.2057,      5.5379,     11.0757,      1.8180,     28.2855,     56.5709,      0.0191,      0.0053,      0.0911,      0.2041,   7666.6841,-491988.0312,   -938.1929,    541.7373,  25555.6113,
       1,     167,     312,      19,       1,       3,       1,     10.0000,      1.3928,     42.4866,    246.5691,     62.0523,      3.4953,      0.0187,     -0.0137,      2.2026,      0.1719,      5.5379,     11.0757,      1.5194,     28.2855,     56.5709,      0.0191,      0.0050,      0.0055,      0.2041,   7666.6836,-471809.9062,   -934.7405,    543.1147,  25555.6133,
       1,     167,     312,      20,       1,       3,       1,     10.0000,      1.3928,     42.4866,    246.5691,     62.0523,      3.4953,      0.0003,     -0.0313,      6.2533,      0.1479,      5.5379,     11.0757,      1.3073,     28.2855,     56.5709,      0.0191,      0.0050,      0.0156,      0.2042,   7666.6841,-424635.4688,   -924.6631,    546.3192,  25555.6152,
       1,     167,     312,      21,       1,       3,       1,     10.0000,      1.3928,     42.4866,    246.5691,     62.0523,      3.4953,      0.0000,     -0.0315,      6.6469,      0.1456,      5.5379,     11.0757,      1.2864,     28.2855,     56.5709,      0.0191,      0.0053,      0.0156,      0.2042,   7666.6851,-425699.0625,   -924.0289,    546.2560,  25555.6133,
       1,     167,     312,      22,       1,       3,       1,     10.0000,      1.3928,     42.4866,    246.5691,     62.0523,      3.4953,      0.0000,     -0.0316,      6.1836,      0.1481,      5.5379,     11.0757,      1.3086,     28.2855,     56.5709,      0.0191,      0.0049,      0.0156,      0.2042,   7666.6841,-426267.7500,   -924.3721,    546.2172,  25555.6152,
       1,     167,     312,      23,       1,       3,       1,     10.0000,      1.3928,     42.4866,    246.5691,     62.0523,      3.4953,      0.0000,     -0.0316,      5.0801,      0.1478,      5.5379,     11.0757,      1.3060,     28.2855,     56.5709,      0.0191,      0.0040,      0.0156,      0.2042,   7666.6851,-425739.2500,   -924.5093,    546.2533,  25555.6133,
       1,     167,     312,      24,       1,       3,       1,     10.0000,      1.3928,     42.4866,    246.5691,     62.0523,      3.4953,      0.0000,     -0.0316,      2.9576,      0.1465,      5.5379,     11.0757,      1.2942,     28.2855,     56.5709,      0.0191,      0.0023,      0.0156,      0.2042,   7666.6841,-424320.8750,   -924.3824,    546.3501,  25555.6133,
       1,     167,     313,       1,       1,       3,       1,     10.0000,      1.3929,     42.4869,    246.5749,     62.0538,      3.4953,      0.0000,     -0.0315,      1.0201,      0.1440,      5.5386,     11.0771,      1.2722,     28.2831,     56.5662,      0.0191,      0.0008,      0.0156,      0.2042,   7666.6841,-421713.5312,   -924.2618,    546.5412,  25556.7559,
       1,     167,     313,       2,       1,       3,       1,     10.0000,      1.3929,     42.4869,    246.5749,     62.0538,      3.4953,      0.0000,     -0.0313,      1.0235,      0.1395,      5.5386,     11.0771,      1.2330,     28.2831,     56.5662,      0.0191,      0.0008,      0.0156,      0.2042,   7667.0269,-418928.1250,   -923.5034,    546.7315,  25556.7559,
       1,     167,     313,       3,       1,       3,       1,     10.0000,      1.3929,     42.4869,    246.5749,     62.0538,      3.4953,      0.0000,     -0.0312,      1.3984,      0.1380,      5.5386,     11.0771,      1.2194,     28.2831,     56.5662,      0.0191,      0.0011,      0.0156,      0.2042,   7667.0269,-418695.5312,   -923.4896,    546.7474,  25556.7539,
       1,     167,     313,       4,       1,       3,       1,     10.0000,      1.3929,     42.4869,    246.5749,     62.0538,      3.4953,      0.0000,     -0.0311,      1.3124,      0.1351,      5.5386,     11.0771,      1.1937,     28.2831,     56.5662,      0.0191,      0.0010,      0.0156,      0.2042,   7667.0264,-419142.4062,   -923.6195,    546.7169,  25556.7539,
       1,     167,     313,       5,       1,       3,       1,     10.0000,      1.3929,     42.4869,    246.5749,     62.0538,      3.4953,      0.0000,     -0.0310,      1.5663,      0.1326,      5.5386,     11.0771,      1.1721,     28.2831,     56.5662,      0.0191,      0.0012,      0.0156,      0.2042,   7667.0264,-419073.3438,   -923.6496,    546.7216,  25556.7539,
       1,     167,     313,       6,       1,       3,       1,     10.0000,      1.3929,     42.4869,    246.5749,     62.0538,      3.4953,      0.0000,     -0.0310,      0.9607,      0.1324,      5.5386,     11.0771,      1.1697,     28.2831,     56.5662,      0.0191,      0.0008,      0.0156,      0.2042,   7667.0264,-419383.6250,   -923.7617,    546.7004,  25556.7578,
       1,     167,     313,       7,       1,       3,       1,     10.0000,      1.3929,     42.4869,    246.5749,     62.0538,      3.4953,      0.0000,     -0.0310,      1.0022,      0.1310,      5.5386,     11.0771,      1.1579,     28.2831,     56.5662,      0.0191,      0.0008,      0.0156,      0.2042,   7667.0278,-418655.8125,   -922.5923,    546.7501,  25556.7578,
       1,     167,     313,       8,       1,       3,       1,     10.0000,      1.3929,     42.4869,    246.5749,     62.0538,      3.4953,      0.0159,     -0.0152,      0.1739,      0.1339,      5.5386,     11.0771,      1.1829,     28.2831,     56.5662,      0.0191,      0.0006,      0.0033,      0.2042,   7667.0278,-418645.5938,   -922.6213,    546.7509,  25556.7559,
       1,     167,     313,       9,       1,       3,       1,     10.0000,      1.3929,     42.4869,    246.5749,     62.0538,      3.4953,      0.0782,      0.0470,      4.9954,      0.1380,      5.5386,     11.0771,      1.2194,     28.2831,     56.5662,      0.0191,      0.0007,      0.0933,      0.2042,   7667.0269,-417614.0625,   -922.4688,    546.8213,  25556.7539,
       1,     167,     313,      10,       1,       3,       1,     10.0000,      1.3929,     42.4869,    246.5749,     62.0538,      3.4953,      0.1336,      0.1023,      6.7478,      0.1407,      5.5386,     11.0771,      1.2430,     28.2831,     56.5662,      0.0191,      0.0005,      0.1736,      0.2042,   7667.0264,-423526.6562,   -923.7141,    546.4172,  25556.7559,
       1,     167,     313,      11,       1,       3,       1,     10.0000,      1.3929,     42.4869,    246.5749,     62.0538,      3.4953,      0.1791,      0.1470,      8.2345,      0.1610,      5.5386,     11.0771,      1.4224,     28.2831,     56.5662,      0.0191,      0.0004,      0.2397,      0.2042,   7667.0269,-426210.7812,   -924.4294,    546.2341,  25556.7559,
       1,     167,     313,      12,       1,       3,       1,     10.0000,      1.3929,     42.4869,    246.5749,     62.0538,      3.4953,      0.1859,      0.1533,      7.3754,      0.1758,      5.5386,     11.0771,      1.5531,     28.2831,     56.5662,      0.0191,      0.0004,      0.2500,      0.2042,   7667.0269,-428289.1562,   -925.2726,    546.0922,  25556.7559,
       1,     167,     313,      13,       1,       3,       1,     10.0000,      1.3929,     42.4869,    246.5749,     62.0538,      3.4953,      0.1866,      0.1537,     16.7228,      0.1866,      5.5386,     11.0771,      1.6485,     28.2831,     56.5662,      0.0191,      0.0008,      0.2500,      0.2042,   7667.0269,-427396.5625,   -925.6287,    546.1530,  25556.7559,
       1,     167,     313,      14,       1,       3,       1,     10.0000,      1.3929,     42.4869,    246.5749,     62.0538,      3.4953,      0.1847,      0.1515,     17.2417,      0.1966,      5.5386,     11.0771,      1.7373,     28.2831,     56.5662,      0.0191,      0.0009,      0.2473,      0.2042,   7667.0269,-438954.8438,   -928.3186,    545.3641,  25556.7578,
       1,     167,     313,      15,       1,       3,       1,     10.0000,      1.3929,     42.4869,    246.5749,     62.0538,      3.4953,      0.1867,      0.1535,     18.9604,      0.1958,      5.5386,     11.0771,      1.7305,     28.2831,     56.5662,      0.0191,      0.0009,      0.2500,      0.2042,   7667.0278,-440584.2812,   -928.9862,    545.2535,  25556.7539,
       1,     167,     313,      16,       1,       3,       1,     10.0000,      1.3929,     42.4869,    246.5749,     62.0538,      3.4953,      0.1888,      0.1559,     44.4870,      0.1866,      5.5386,     11.0771,      1.6485,     28.2831,     56.5662,      0.0191,      0.0022,      0.2500,      0.2042,   7667.0264,-442862.0625,   -929.7629,    545.0983,  25556.7539,
       1,     167,     313,      17,       1,       3,       1,     10.0000,      1.3929,     42.4869,    246.5749,     62.0538,      3.4953,      0.1648,      0.1321,     53.1145,      0.1789,      5.5386,     11.0771,      1.5812,     28.2831,     56.5662,      0.0191,      0.0031,      0.2137,      0.2042,   7667.0264,-474833.5312,   -936.3033,    542.9199,  25556.7559,
       1,     167,     313,      18,       1,       3,       1,     10.0000,      1.3929,     42.4869,    246.5749,     62.0538,      3.4953,      0.0778,      0.0452,     25.3860,      0.1770,      5.5386,     11.0771,      1.5639,     28.2831,     56.5662,      0.0191,      0.0035,      0.0894,      0.2042,   7667.0269,-488305.3750,   -939.2801,    542.0100,  25556.7539,
       1,     167,     313,      19,       1,       3,       1,     10.0000,      1.3929,     42.4869,    246.5749,     62.0538,      3.4953,      0.0319,     -0.0004,      7.5923,      0.1692,      5.5386,     11.0771,      1.4954,     28.2831,     56.5662,      0.0191,      0.0039,      0.0243,      0.2042,   7667.0264,-454901.7812,   -933.1040,    544.2738,  25556.7539,
       1,     167,     313,      20,       1,       3,       1,     10.0000,      1.3929,     42.4869,    246.5749,     62.0538,      3.4953,      0.0008,     -0.0313,      4.2826,      0.1597,      5.5386,     11.0771,      1.4111,     28.2831,     56.5662,      0.0191,      0.0034,      0.0156,      0.2042,   7667.0264,-429927.9375,   -928.4070,    545.9777,  25556.7520,
       1,     167,     313,      21,       1,       3,       1,     10.0000,      1.3929,     42.4869,    246.5749,     62.0538,      3.4953,      0.0000,     -0.0319,      3.8123,      0.1565,      5.5386,     11.0771,      1.3831,     28.2831,     56.5662,      0.0191,      0.0030,      0.0156,      0.2042,   7667.0259,-423690.1250,   -927.2524,    546.4061,  25556.7559,
       1,     167,     313,      22,       1,       3,       1,     10.0000,      1.3929,     42.4869,    246.5749,     62.0538,      3.4953,      0.0000,     -0.0318,      3.4863,      0.1536,      5.5386,     11.0771,      1.3569,     28.2831,     56.5662,      0.0191,      0.0028,      0.0156,      0.2042,   7667.0269,-422571.2188,   -927.0698,    546.4826,  25556.7539,
       1,     167,     313,      23,       1,       3,       1,     10.0000,      1.3929,     42.4869,    246.5749,     62.0538,      3.4953,      0.0000,     -0.0317,      3.2828,      0.1502,      5.5386,     11.0771,      1.3272,     28.2831,     56.5662,      0.0191,      0.0026,      0.0156,      0.2042,   7667.0264,-422070.3438,   -926.9999,    546.5168,  25556.7520,
       1,     167,     313,      24,       1,       3,       1,     10.0000,      1.3929,     42.4869,    246.5749,     62.0538,      3.4953,      0.0000,     -0.0317,      2.7426,      0.1505,      5.5386,     11.0771,      1.3299,     28.2831,     56.5662,      0.0191,      0.0022,      0.0156,      0.2042,   7667.0259,-421774.7188,   -926.9749,    546.5370,  25556.7539,
       1,     167,     314,       1,       1,       3,       1,     10.0000,      1.3929,     42.4872,    246.5807,     62.0552,      3.4953,      0.0000,     -0.0315,      2.2420,      0.1443,      5.5380,     11.0760,      1.2748,     28.2838,     56.5677,      0.0191,      0.0018,      0.0156,      0.2042,   7667.0264,-421231.9062,   -927.1701,    546.5869,  25557.8965,
       1,     167,     314,       2,       1,       3,       1,     10.0000,      1.3929,     42.4872,    246.5807,     62.0552,      3.4953,      0.0000,     -0.0314,      2.2409,      0.1412,      5.5380,     11.0760,      1.2481,     28.2838,     56.5677,      0.0191,      0.0018,      0.0156,      0.2042,   7667.3691,-420410.6250,   -926.7631,    546.6431,  25557.8945,
       1,     167,     314,       3,       1,       3,       1,     10.0000,      1.3929,     42.4872,    246.5807,     62.0552,      3.4953,      0.0000,     -0.0312,      1.8837,      0.1365,      5.5380,     11.0760,      1.2059,     28.2838,     56.5677,      0.0191,      0.0015,      0.0156,      0.2043,   7667.3687,-420339.4375,   -926.7675,    546.6478,  25557.8965,
       1,     167,     314,       4,       1,       3,       1,     10.0000,      1.3929,     42.4872,    246.5807,     62.0552,      3.4953,      0.0000,     -0.0310,      1.3996,      0.1321,      5.5380,     11.0760,      1.1674,     28.2838,     56.5677,      0.0191,      0.0011,      0.0156,      0.2043,   7667.3691,-419888.9062,   -926.6968,    546.6786,  25557.8984,
       1,     167,     314,       5,       1,       3,       1,     10.0000,      1.3929,     42.4872,    246.5807,     62.0552,      3.4953,      0.0000,     -0.0310,      0.6389,      0.1320,      5.5380,     11.0760,      1.1662,     28.2838,     56.5677,      0.0191,      0.0005,      0.0156,      0.2043,   7667.3696,-419247.9688,   -926.5844,    546.7225,  25557.8965,
       1,     167,     314,       6,       1,       3,       1,     10.0000,      1.3929,     42.4872,    246.5807,     62.0552,      3.4953,      0.0000,     -0.0312,      0.3588,      0.1363,      5.5380,     11.0760,      1.2047,     28.2838,     56.5677,      0.0191,      0.0003,      0.0156,      0.2043,   7667.3691,-418246.9062,   -926.3966,    546.7909,  25557.8965,
       1,     167,     314,       7,       1,       3,       1,     10.0000,      1.3929,     42.4872,    246.5807,     62.0552,      3.4953,      0.0000,     -0.0313,      0.3365,      0.1391,      5.5380,     11.0760,      1.2293,     28.2838,     56.5677,      0.0191,      0.0003,      0.0156,      0.2043,   7667.3691,-417813.3750,   -926.3151,    546.8205,  25557.8965,
       1,     167,     314,       8,       1,       3,       1,     10.0000,      1.3929,     42.4872,    246.5807,     62.0552,      3.4953,      0.0124,     -0.0188,      0.3269,      0.1356,      5.5380,     11.0760,      1.1986,     28.2838,     56.5677,      0.0191,      0.0003,      0.0156,      0.2043,   7667.3691,-417748.7188,   -926.3043,    546.8249,  25557.8984,
       1,     167,     314,       9,       1,       3,       1,     10.0000,      1.3929,     42.4872,    246.5807,     62.0552,      3.4953,      0.0964,      0.0651,      2.8155,      0.1390,      5.5380,     11.0760,      1.2281,     28.2838,     56.5677,      0.0191,      0.0003,      0.1198,      0.2043,   7667.3696,-417731.1875,   -926.3031,    546.8262,  25557.8945,
       1,     167,     314,      10,       1,       3,       1,     10.0000,      1.3929,     42.4872,    246.5807,     62.0552,      3.4953,      0.0886,      0.0571,      2.4961,      0.1472,      5.5380,     11.0760,      1.3008,     28.2838,     56.5677,      0.0191,      0.0003,      0.1085,      0.2043,   7667.3687,-420826.5312,   -926.9205,    546.6146,  25557.8945,
       1,     167,     314,      11,       1,       3,       1,     10.0000,      1.3929,     42.4872,    246.5807,     62.0552,      3.4953,      0.1192,      0.0870,      4.0570,      0.1669,      5.5380,     11.0760,      1.4746,     28.2838,     56.5677,      0.0191,      0.0003,      0.1527,      0.2043,   7667.3687,-420692.4375,   -926.9145,    546.6238,  25557.8965,
       1,     167,     314,      12,       1,       3,       1,     10.0000,      1.3929,     42.4872,    246.5807,     62.0552,      3.4953,      0.1455,      0.1129,      6.7940,      0.1791,      5.5380,     11.0760,      1.5828,     28.2838,     56.5677,      0.0191,      0.0004,      0.1908,      0.2043,   7667.3691,-422623.1562,   -927.3195,    546.4918,  25557.8965,
       1,     167,     314,      13,       1,       3,       1,     10.0000,      1.3929,     42.4872,    246.5807,     62.0552,      3.4953,      0.1664,      0.1333,      6.9674,      0.1933,      5.5380,     11.0760,      1.7084,     28.2838,     56.5677,      0.0191,      0.0004,      0.2215,      0.2042,   7667.3691,-426193.3438,   -928.0510,    546.2480,  25557.8965,
       1,     167,     314,      14,       1,       3,       1,     10.0000,      1.3929,     42.4872,    246.5807,     62.0552,      3.4953,      0.1231,      0.0898,     11.2680,      0.2011,      5.5380,     11.0760,      1.7773,     28.2838,     56.5677,      0.0191,      0.0009,      0.1572,      0.2042,   7667.3691,-426712.7500,   -928.1879,    546.2126,  25557.8965,
       1,     167,     314,      15,       1,       3,       1,     10.0000,      1.3929,     42.4872,    246.5807,     62.0552,      3.4953,      0.1083,      0.0747,      9.6123,      0.2105,      5.5380,     11.0760,      1.8597,     28.2838,     56.5677,      0.0191,      0.0009,      0.1355,      0.2042,   7667.3691,-432108.8125,   -929.2788,    545.8442,  25557.8965,
       1,     167,     314,      16,       1,       3,       1,     10.0000,      1.3929,     42.4872,    246.5807,     62.0552,      3.4953,      0.0534,      0.0198,      7.6084,      0.2127,      5.5380,     11.0760,      1.8799,     28.2838,     56.5677,      0.0191,      0.0017,      0.0547,      0.2042,   7667.3691,-430507.1250,   -929.0119,    545.9536,  25557.8965,
       1,     167,     314,      17,       1,       3,       1,     10.0000,      1.3929,     42.4872,    246.5807,     62.0552,      3.4953,      0.0942,      0.0610,     24.6734,      0.1990,      5.5380,     11.0760,      1.7581,     28.2838,     56.5677,      0.0191,      0.0027,      0.1132,      0.2042,   7667.3691,-427876.9375,   -928.5354,    546.1331,  25557.8945,
       1,     167,     314,      18,       1,       3,       1,     10.0000,      1.3929,     42.4872,    246.5807,     62.0552,      3.4953,      0.0799,      0.0473,     23.2607,      0.1761,      5.5380,     11.0760,      1.5562,     28.2838,     56.5677,      0.0191,      0.0031,      0.0926,      0.2042,   7667.3687,-448890.7500,   -932.7038,    544.6985,  25557.8965,
       1,     167,     314,      19,       1,       3,       1,     10.0000,      1.3929,     42.4872,    246.5807,     62.0552,      3.4953,      0.0268,     -0.0049,      4.2370,      0.1508,      5.5380,     11.0760,      1.3326,     28.2838,     56.5677,      0.0191,      0.0029,      0.0179,      0.2042,   7667.3691,-448922.6875,   -932.7265,    544.6982,  25557.8965,
       1,     167,     314,      20,       1,       3,       1,     10.0000,      1.3929,     42.4872,    246.5807,     62.0552,      3.4953,      0.0007,     -0.0308,      4.8490,      0.1437,      5.5380,     11.0760,      1.2697,     28.2838,     56.5677,      0.0191,      0.0038,      0.0156,      0.2042,   7667.3691,-425241.1562,   -911.8875,    546.3107,  25557.9004,
       1,     167,     314,      21,       1,       3,       1,     10.0000,      1.3929,     42.4872,    246.5807,     62.0552,      3.4953,      0.0000,     -0.0314,      4.7284,      0.1422,      5.5380,     11.0760,      1.2569,     28.2838,     56.5677,      0.0191,      0.0037,      0.0156,      0.2042,   7667.3706,-423997.9062,   -911.7011,    546.3979,  25557.8984,
       1,     167,     314,      22,       1,       3,       1,     10.0000,      1.3929,     42.4872,    246.5807,     62.0552,      3.4953,      0.0000,     -0.0314,      3.7318,      0.1420,      5.5380,     11.0760,      1.2544,     28.2838,     56.5677,      0.0191,      0.0030,      0.0156,      0.2042,   7667.3696,-423739.5625,   -912.1893,    546.4156,  25557.8984,
       1,     167,     314,      23,       1,       3,       1,     10.0000,      1.3929,     42.4872,    246.5807,     62.0552,      3.4953,      0.0000,     -0.0315,      2.3223,      0.1443,      5.5380,     11.0760,      1.2748,     28.2838,     56.5677,      0.0191,      0.0018,      0.0156,      0.2042,   7667.3696,-422477.4688,   -912.2055,    546.5018,  25557.8965,
       1,     167,     314,      24,       1,       3,       1,     10.0000,      1.3929,     42.4872,    246.5807,     62.0552,      3.4953,      0.0000,     -0.0316,      0.9237,      0.1469,      5.5380,     11.0760,      1.2982,     28.2838,     56.5677,      0.0191,      0.0007,      0.0156,      0.2042,   7667.3691,-420616.3750,   -912.1121,    546.6290,  25557.8984,
       1,     167,     315,       1,       1,       3,       1,     10.0000,      1.3929,     42.4876,    246.5865,     62.0567,      3.4953,      0.0000,     -0.0314,      0.6389,      0.1418,      5.5395,     11.0790,      1.2532,     28.2723,     56.5446,      0.0191,      0.0005,      0.0156,      0.2043,   7667.3696,-418872.8438,   -912.1320,    546.7610,  25559.0391,
       1,     167,     315,       2,       1,       3,       1,     10.0000,      1.3929,     42.4876,    246.5865,     62.0567,      3.4953,      0.0000,     -0.0311,      0.3993,      0.1340,      5.5395,     11.0790,      1.1841,     28.2723,     56.5446,      0.0191,      0.0003,      0.0156,      0.2043,   7667.7119,-418218.0625,   -911.7996,    546.8058,  25559.0410,
       1,     167,     315,       3,       1,       3,       1,     10.0000,      1.3929,     42.4876,    246.5865,     62.0567,      3.4953,      0.0000,     -0.0309,      0.3601,      0.1300,      5.5395,     11.0790,      1.1486,     28.2723,     56.5446,      0.0191,      0.0003,      0.0156,      0.2043,   7667.7124,-417864.0625,   -911.7457,    546.8301,  25559.0391,
       1,     167,     315,       4,       1,       3,       1,     10.0000,      1.3929,     42.4876,    246.5865,     62.0567,      3.4953,      0.0000,     -0.0310,      0.4419,      0.1327,      5.5395,     11.0790,      1.1722,     28.2723,     56.5446,      0.0191,      0.0004,      0.0156,      0.2043,   7667.7119,-417785.2188,   -911.7383,    546.8354,  25559.0410,
       1,     167,     315,       5,       1,       3,       1,     10.0000,      1.3929,     42.4876,    246.5865,     62.0567,      3.4953,      0.0000,     -0.0310,      0.5258,      0.1327,      5.5395,     11.0790,      1.1722,     28.2723,     56.5446,      0.0191,      0.0004,      0.0156,      0.2043,   7667.7124,-417880.3750,   -911.7693,    546.8289,  25559.0430,
       1,     167,     315,       6,       1,       3,       1,     10.0000,      1.3929,     42.4876,    246.5865,     62.0567,      3.4953,      0.0000,     -0.0311,      0.3786,      0.1329,      5.5395,     11.0790,      1.1746,     28.2723,     56.5446,      0.0191,      0.0003,      0.0156,      0.2043,   7667.7134,-417992.3125,   -911.8142,    546.8213,  25559.0410,
       1,     167,     315,       7,       1,       3,       1,     10.0000,      1.3929,     42.4876,    246.5865,     62.0567,      3.4953,      0.0000,     -0.0311,      0.4475,      0.1336,      5.5395,     11.0790,      1.1805,     28.2723,     56.5446,      0.0191,      0.0004,      0.0156,      0.2043,   7667.7124,-417819.1562,   -911.7930,    546.8331,  25559.0410,
       1,     167,     315,       8,       1,       3,       1,     10.0000,      1.3929,     42.4876,    246.5865,     62.0567,      3.4953,      0.0137,     -0.0174,      0.0034,      0.1327,      5.5395,     11.0790,      1.1722,     28.2723,     56.5446,      0.0191,      0.0003,      0.0001,      0.2043,   7667.7124,-417890.2188,   -911.8241,    546.8282,  25559.0410,
       1,     167,     315,       9,       1,       3,       1,     10.0000,      1.3929,     42.4876,    246.5865,     62.0567,      3.4953,      0.1034,      0.0719,      3.4211,      0.1453,      5.5395,     11.0790,      1.2839,     28.2723,     56.5446,      0.0191,      0.0003,      0.1299,      0.2043,   7667.7124,-417343.6875,   -911.7662,    546.8657,  25559.0410,
       1,     167,     315,      10,       1,       3,       1,     10.0000,      1.3929,     42.4876,    246.5865,     62.0567,      3.4953,      0.1312,      0.0990,      6.4217,      0.1669,      5.5395,     11.0790,      1.4747,     28.2723,     56.5446,      0.0191,      0.0005,      0.1700,      0.2043,   7667.7124,-421549.2500,   -912.8426,    546.5781,  25559.0410,
       1,     167,     315,      11,       1,       3,       1,     10.0000,      1.3929,     42.4876,    246.5865,     62.0567,      3.4953,      0.1640,      0.1326,      6.1913,      0.1408,      5.5395,     11.0790,      1.2443,     28.2723,     56.5446,      0.0191,      0.0004,      0.2179,      0.2043,   7667.7124,-425640.5938,   -914.2126,    546.2986,  25559.0430,
       1,     167,     315,      12,       1,       3,       1,     10.0000,      1.3929,     42.4876,    246.5865,     62.0567,      3.4953,      0.1761,      0.1446,      6.6987,      0.1450,      5.5395,     11.0790,      1.2813,     28.2723,     56.5446,      0.0191,      0.0004,      0.2355,      0.2043,   7667.7134,-425701.3750,   -914.7954,    546.2946,  25559.0430,
       1,     167,     315,      13,       1,       3,       1,     10.0000,      1.3929,     42.4876,    246.5865,     62.0567,      3.4953,      0.1742,      0.1418,      6.6142,      0.1699,      5.5395,     11.0790,      1.5014,     28.2723,     56.5446,      0.0191,      0.0004,      0.2329,      0.2043,   7667.7134,-426338.0000,   -915.6636,    546.2512,  25559.0410,
       1,     167,     315,      14,       1,       3,       1,     10.0000,      1.3929,     42.4876,    246.5865,     62.0567,      3.4953,      0.1760,      0.1432,     16.3846,      0.1868,      5.5395,     11.0790,      1.6502,     28.2723,     56.5446,      0.0191,      0.0009,      0.2346,      0.2043,   7667.7124,-426287.2188,   -916.6855,    546.2546,  25559.0410,
       1,     167,     315,      15,       1,       3,       1,     10.0000,      1.3929,     42.4876,    246.5865,     62.0567,      3.4953,      0.1496,      0.1170,     33.2475,      0.1797,      5.5395,     11.0790,      1.5875,     28.2723,     56.5446,      0.0191,      0.0021,      0.1938,      0.2043,   7667.7124,-438440.2188,   -919.6871,    545.4248,  25559.0410,
       1,     167,     315,      16,       1,       3,       1,     10.0000,      1.3929,     42.4876,    246.5865,     62.0567,      3.4953,      0.1402,      0.1074,     21.5502,      0.1822,      5.5395,     11.0790,      1.6098,     28.2723,     56.5446,      0.0191,      0.0015,      0.1812,      0.2043,   7667.7124,-460461.0625,   -924.4240,    543.9241,  25559.0391,
       1,     167,     315,      17,       1,       3,       1,     10.0000,      1.3929,     42.4876,    246.5865,     62.0567,      3.4953,      0.1367,      0.1038,     24.4985,      0.1888,      5.5395,     11.0790,      1.6683,     28.2723,     56.5446,      0.0191,      0.0017,      0.1758,      0.2042,   7667.7119,-447773.6250,   -922.6862,    544.7887,  25559.0391,
       1,     167,     315,      18,       1,       3,       1,     10.0000,      1.3929,     42.4876,    246.5865,     62.0567,      3.4953,      0.0604,      0.0277,     16.6091,      0.1788,      5.5395,     11.0790,      1.5797,     28.2723,     56.5446,      0.0191,      0.0032,      0.0647,      0.2043,   7667.7119,-450366.4375,   -923.7653,    544.6128,  25559.0410,
       1,     167,     315,      19,       1,       3,       1,     10.0000,      1.3929,     42.4876,    246.5865,     62.0567,      3.4953,      0.0171,     -0.0151,      1.0224,      0.1654,      5.5395,     11.0790,      1.4614,     28.2723,     56.5446,      0.0191,      0.0036,      0.0035,      0.2043,   7667.7124,-440765.3125,   -922.4291,    545.2665,  25559.0391,
       1,     167,     315,      20,       1,       3,       1,     10.0000,      1.3929,     42.4876,    246.5865,     62.0567,      3.4953,      0.0003,     -0.0316,      3.7285,      0.1550,      5.5395,     11.0790,      1.3693,     28.2723,     56.5446,      0.0191,      0.0030,      0.0156,      0.2043,   7667.7119,-420552.8438,   -918.9683,    546.6445,  25559.0430,
       1,     167,     315,      21,       1,       3,       1,     10.0000,      1.3929,     42.4876,    246.5865,     62.0567,      3.4953,      0.0000,     -0.0318,      4.2094,      0.1539,      5.5395,     11.0790,      1.3597,     28.2723,     56.5446,      0.0191,      0.0033,      0.0156,      0.2043,   7667.7134,-422206.5625,   -919.4398,    546.5333,  25559.0391,
       1,     167,     315,      22,       1,       3,       1,     10.0000,      1.3929,     42.4876,    246.5865,     62.0567,      3.4953,      0.0000,     -0.0318,      4.0910,      0.1540,      5.5395,     11.0790,      1.3611,     28.2723,     56.5446,      0.0191,      0.0032,      0.0156,      0.2043,   7667.7119,-422943.8750,   -919.7719,    546.4829,  25559.0391,
       1,     167,     315,      23,       1,       3,       1,     10.0000,      1.3929,     42.4876,    246.5865,     62.0567,      3.4953,      0.0000,     -0.0318,      3.3046,      0.1525,      5.5395,     11.0790,      1.3475,     28.2723,     56.5446,      0.0191,      0.0026,      0.0156,      0.2043,   7667.7119,-422859.2812,   -919.9106,    546.4887,  25559.0410,
       1,     167,     315,      24,       1,       3,       1,     10.0000,      1.3929,     42.4876,    246.5865,     62.0567,      3.4953,      0.0000,     -0.0315,      2.4910,      0.1459,      5.5395,     11.0790,      1.2891,     28.2723,     56.5446,      0.0191,      0.0020,      0.0156,      0.2043,   7667.7124,-421873.4688,   -919.8334,    546.5560,  25559.0410,
       1,     167,     316,       1,       1,       3,       1,     10.0000,      1.3929,     42.4879,    246.5923,     62.0581,      3.4953,      0.0000,     -0.0315,      1.7506,      0.1456,      5.5391,     11.0781,      1.2865,     28.2688,     56.5376,      0.0191,      0.0014,      0.0156,      0.2043,   7667.7124,-420932.3438,   -919.9725,    546.6333,  25560.1816,
       1,     167,     316,       2,       1,       3,       1,     10.0000,      1.3929,     42.4879,    246.5923,     62.0581,      3.4953,      0.0000,     -0.0314,      1.8071,      0.1431,      5.5391,     11.0781,      1.2646,     28.2688,     56.5376,      0.0191,      0.0014,      0.0156,      0.2043,   7668.0547,-419779.1250,   -919.5895,    546.7122,  25560.1836,
       1,     167,     316,       3,       1,       3,       1,     10.0000,      1.3929,     42.4879,    246.5923,     62.0581,      3.4953,      0.0000,     -0.0312,      1.4805,      0.1362,      5.5391,     11.0781,      1.2035,     28.2688,     56.5376,      0.0191,      0.0012,      0.0156,      0.2043,   7668.0552,-419750.8750,   -919.6827,    546.7141,  25560.1816,
       1,     167,     316,       4,       1,       3,       1,     10.0000,      1.3929,     42.4879,    246.5923,     62.0581,      3.4953,      0.0000,     -0.0310,      1.0258,      0.1317,      5.5391,     11.0781,      1.1639,     28.2688,     56.5376,      0.0191,      0.0008,      0.0156,      0.2043,   7668.0547,-419342.5938,   -919.6581,    546.7420,  25560.1816,
       1,     167,     316,       5,       1,       3,       1,     10.0000,      1.3929,     42.4879,    246.5923,     62.0581,      3.4953,      0.0000,     -0.0310,      0.4725,      0.1329,      5.5391,     11.0781,      1.1746,     28.2688,     56.5376,      0.0191,      0.0004,      0.0156,      0.2043,   7668.0547,-418742.0938,   -919.5794,    546.7830,  25560.1797,
       1,     167,     316,       6,       1,       3,       1,     10.0000,      1.3929,     42.4879,    246.5923,     62.0581,      3.4953,      0.0000,     -0.0310,      0.3738,      0.1313,      5.5391,     11.0781,      1.1604,     28.2688,     56.5376,      0.0191,      0.0003,      0.0156,      0.2043,   7668.0542,-418002.9375,   -919.4539,    546.8335,  25560.1816,
       1,     167,     316,       7,       1,       3,       1,     10.0000,      1.3929,     42.4879,    246.5923,     62.0581,      3.4953,      0.0000,     -0.0310,      0.8924,      0.1307,      5.5391,     11.0781,      1.1545,     28.2688,     56.5376,      0.0191,      0.0007,      0.0156,      0.2043,   7668.0547,-417817.2500,   -919.4247,    546.8463,  25560.1816,
       1,     167,     316,       8,       1,       3,       1,     10.0000,      1.3929,     42.4879,    246.5923,     62.0581,      3.4953,      0.0036,     -0.0274,      0.6925,      0.1313,      5.5391,     11.0781,      1.1604,     28.2688,     56.5376,      0.0191,      0.0005,      0.0156,      0.2043,   7668.0547,-418446.4375,   -919.5781,    546.8032,  25560.1816,
       1,     167,     316,       9,       1,       3,       1,     10.0000,      1.3929,     42.4879,    246.5923,     62.0581,      3.4953,      0.0245,     -0.0071,      0.7547,      0.1462,      5.5391,     11.0781,      1.2917,     28.2688,     56.5376,      0.0191,      0.0006,      0.0152,      0.2043,   7668.0547,-418251.4375,   -919.5723,    546.8165,  25560.1816,
       1,     167,     316,      10,       1,       3,       1,     10.0000,      1.3929,     42.4879,    246.5923,     62.0581,      3.4953,      0.0336,      0.0010,      1.8164,      0.1767,      5.5391,     11.0781,      1.5609,     28.2688,     56.5376,      0.0191,      0.0008,      0.0272,      0.2043,   7668.0547,-418312.2188,   -919.6412,    546.8124,  25560.1797,
       1,     167,     316,      11,       1,       3,       1,     10.0000,      1.3929,     42.4879,    246.5923,     62.0581,      3.4953,      0.0727,      0.0394,      3.2607,      0.1998,      5.5391,     11.0781,      1.7651,     28.2688,     56.5376,      0.0191,      0.0005,      0.0838,      0.2043,   7668.0542,-419638.2188,   -919.9730,    546.7217,  25560.1816,
       1,     167,     316,      12,       1,       3,       1,     10.0000,      1.3929,     42.4879,    246.5923,     62.0581,      3.4953,      0.0854,      0.0519,      3.4376,      0.2045,      5.5391,     11.0781,      1.8074,     28.2688,     56.5376,      0.0191,      0.0004,      0.1024,      0.2043,   7668.0547,-421547.7188,   -920.4728,    546.5913,  25560.1816,
       1,     167,     316,      13,       1,       3,       1,     10.0000,      1.3929,     42.4879,    246.5923,     62.0581,      3.4953,      0.0948,      0.0612,      4.0326,      0.2107,      5.5391,     11.0781,      1.8616,     28.2688,     56.5376,      0.0191,      0.0004,      0.1161,      0.2043,   7668.0547,-421930.0938,   -920.7204,    546.5652,  25560.1816,
       1,     167,     316,      14,       1,       3,       1,     10.0000,      1.3929,     42.4879,    246.5923,     62.0581,      3.4953,      0.1091,      0.0751,      9.6679,      0.2248,      5.5391,     11.0781,      1.9862,     28.2688,     56.5376,      0.0191,      0.0009,      0.1365,      0.2043,   7668.0547,-422702.7812,   -921.0624,    546.5124,  25560.1816,
       1,     167,     316,      15,       1,       3,       1,     10.0000,      1.3929,     42.4879,    246.5923,     62.0581,      3.4953,      0.1142,      0.0797,     36.2105,      0.2452,      5.5391,     11.0781,      2.1666,     28.2688,     56.5376,      0.0191,      0.0032,      0.1408,      0.2043,   7668.0547,-429779.4375,   -922.6453,    546.0290,  25560.1816,
       1,     167,     316,      16,       1,       3,       1,     10.0000,      1.3929,     42.4879,    246.5923,     62.0581,      3.4953,      0.1068,      0.0727,     50.8866,      0.2285,      5.5391,     11.0781,      2.0195,     28.2688,     56.5376,      0.0191,      0.0049,      0.1284,      0.2043,   7668.0547,-463406.3750,   -929.4182,    543.7340,  25560.1816,
       1,     167,     316,      17,       1,       3,       1,     10.0000,      1.3929,     42.4879,    246.5923,     62.0581,      3.4953,      0.1060,      0.0726,     49.3540,      0.2051,      5.5391,     11.0781,      1.8128,     28.2688,     56.5376,      0.0191,      0.0048,      0.1276,      0.2043,   7668.0547,-484545.0312,   -933.9960,    542.3021,  25560.1797,
       1,     167,     316,      18,       1,       3,       1,     10.0000,      1.3929,     42.4879,    246.5923,     62.0581,      3.4953,      0.1110,      0.0780,     50.3066,      0.1905,      5.5391,     11.0781,      1.6833,     28.2688,     56.5376,      0.0191,      0.0046,      0.1350,      0.2042,   7668.0542,-484428.5938,   -934.5700,    542.3119,  25560.1836,
       1,     167,     316,      19,       1,       3,       1,     10.0000,      1.3929,     42.4879,    246.5923,     62.0581,      3.4953,      0.0371,      0.0043,     14.5370,      0.1847,      5.5391,     11.0781,      1.6324,     28.2688,     56.5376,      0.0191,      0.0059,      0.0306,      0.2042,   7668.0552,-485602.0000,   -935.3577,    542.2323,  25560.1836,
       1,     167,     316,      20,       1,       3,       1,     10.0000,      1.3929,     42.4879,    246.5923,     62.0581,      3.4953,      0.0008,     -0.0315,      8.9623,      0.1679,      5.5391,     11.0781,      1.4836,     28.2688,     56.5376,      0.0191,      0.0071,      0.0156,      0.2042,   7668.0552,-441159.1562,   -927.3298,    545.2446,  25560.1816,
       1,     167,     316,      21,       1,       3,       1,     10.0000,      1.3929,     42.4879,    246.5923,     62.0581,      3.4953,      0.0000,     -0.0321,      6.3731,      0.1611,      5.5391,     11.0781,      1.4240,     28.2688,     56.5376,      0.0191,      0.0051,      0.0156,      0.2043,   7668.0547,-430479.5000,   -925.5540,    545.9808,  25560.1816,
       1,     167,     316,      22,       1,       3,       1,     10.0000,      1.3929,     42.4879,    246.5923,     62.0581,      3.4953,      0.0000,     -0.0320,      4.5795,      0.1592,      5.5391,     11.0781,      1.4069,     28.2688,     56.5376,      0.0191,      0.0036,      0.0156,      0.2043,   7668.0547,-426341.8438,   -924.9105,    546.2638,  25560.1816,
       1,     167,     316,      23,       1,       3,       1,     10.0000,      1.3929,     42.4879,    246.5923,     62.0581,      3.4953,      0.0000,     -0.0319,      3.8766,      0.1554,      5.5391,     11.0781,      1.3735,     28.2688,     56.5376,      0.0191,      0.0031,      0.0156,      0.2043,   7668.0547,-423758.2500,   -924.5089,    546.4402,  25560.1816,
       1,     167,     316,      24,       1,       3,       1,     10.0000,      1.3929,     42.4879,    246.5923,     62.0581,      3.4953,      0.0000,     -0.0319,      3.6234,      0.1561,      5.5391,     11.0781,      1.3790,     28.2688,     56.5376,      0.0191,      0.0029,      0.0156,      0.2043,   7668.0547,-422664.1250,   -924.3710,    546.5150,  25560.1836,
       1,     167,     317,       1,       1,       3,       1,     10.0000,      1.3929,     42.4882,    246.5981,     62.0597,      3.4953,      0.0000,     -0.0319,      2.7700,      0.1573,      5.5397,     11.0795,      1.3901,     28.2517,     56.5033,      0.0191,      0.0022,      0.0156,      0.2043,   7668.0552,-422410.5312,   -924.6787,    546.5452,  25561.3242,
       1,     167,     317,       2,       1,       3,       1,     10.0000,      1.3929,     42.4882,    246.5981,     62.0597,      3.4953,      0.0000,     -0.0317,      2.1047,      0.1513,      5.5397,     11.0795,      1.3367,     28.2517,     56.5033,      0.0191,      0.0017,      0.0156,      0.2043,   7668.3975,-421175.0000,   -924.2432,    546.6296,  25561.3242,
       1,     167,     317,       3,       1,       3,       1,     10.0000,      1.3929,     42.4882,    246.5981,     62.0597,      3.4953,      0.0000,     -0.0315,      1.6991,      0.1447,      5.5397,     11.0795,      1.2788,     28.2517,     56.5033,      0.0191,      0.0013,      0.0156,      0.2043,   7668.3975,-420242.4375,   -923.4276,    546.6934,  25561.3223,
       1,     167,     317,       4,       1,       3,       1,     10.0000,      1.3929,     42.4882,    246.5981,     62.0597,      3.4953,      0.0000,     -0.0313,      1.4953,      0.1411,      5.5397,     11.0795,      1.2469,     28.2517,     56.5033,      0.0191,      0.0012,      0.0156,      0.2043,   7668.3970,-419658.8438,   -917.3995,    546.7333,  25561.3223,
       1,     167,     317,       5,       1,       3,       1,     10.0000,      1.3929,     42.4882,    246.5981,     62.0597,      3.4953,      0.0000,     -0.0313,      1.4797,      0.1404,      5.5397,     11.0795,      1.2406,     28.2517,     56.5033,      0.0191,      0.0012,      0.0156,      0.2043,   7668.3970,-419355.7500,   -917.4454,    546.7540,  25561.3223,
       1,     167,     317,       6,       1,       3,       1,     10.0000,      1.3929,     42.4882,    246.5981,     62.0597,      3.4953,      0.0000,     -0.0314,      1.6700,      0.1418,      5.5397,     11.0795,      1.2532,     28.2517,     56.5033,      0.0191,      0.0013,      0.0156,      0.2043,   7668.3970,-419310.5625,   -917.5419,    546.7570,  25561.3242,
       1,     167,     317,       7,       1,       3,       1,     10.0000,      1.3929,     42.4882,    246.5981,     62.0597,      3.4953,      0.0000,     -0.0315,      1.0037,      0.1443,      5.5397,     11.0795,      1.2749,     28.2517,     56.5033,      0.0191,      0.0008,      0.0156,      0.2043,   7668.3975,-419543.3438,   -917.7177,    546.7411,  25561.3223,
       1,     167,     317,       8,       1,       3,       1,     10.0000,      1.3929,     42.4882,    246.5981,     62.0597,      3.4953,      0.0103,     -0.0212,      0.4142,      0.1430,      5.5397,     11.0795,      1.2634,     28.2517,     56.5033,      0.0191,      0.0003,      0.0156,      0.2043,   7668.3970,-418734.4688,   -917.6295,    546.7964,  25561.3223,
       1,     167,     317,       9,       1,       3,       1,     10.0000,      1.3929,     42.4882,    246.5981,     62.0597,      3.4953,      0.1233,      0.0911,      4.2032,      0.1656,      5.5397,     11.0795,      1.4630,     28.2517,     56.5033,      0.0191,      0.0003,      0.1586,      0.2043,   7668.3970,-417932.3125,   -917.5094,    546.8513,  25561.3203,
       1,     167,     317,      10,       1,       3,       1,     10.0000,      1.3929,     42.4882,    246.5981,     62.0597,      3.4953,      0.1667,      0.1336,      7.9505,      0.1945,      5.5397,     11.0795,      1.7187,     28.2517,     56.5033,      0.0191,      0.0004,      0.2219,      0.2043,   7668.3965,-422577.5938,   -918.7911,    546.5338,  25561.3203,
       1,     167,     317,      11,       1,       3,       1,     10.0000,      1.3929,     42.4882,    246.5981,     62.0597,      3.4953,      0.1778,      0.1445,     11.4416,      0.2006,      5.5397,     11.0795,      1.7721,     28.2517,     56.5033,      0.0191,      0.0006,      0.2377,      0.2043,   7668.3965,-427634.0625,   -920.5874,    546.1884,  25561.3223,
       1,     167,     317,      12,       1,       3,       1,     10.0000,      1.3929,     42.4882,    246.5981,     62.0597,      3.4953,      0.1865,      0.1528,     17.5786,      0.2126,      5.5397,     11.0795,      1.8782,     28.2517,     56.5033,      0.0191,      0.0009,      0.2500,      0.2043,   7668.3970,-432406.8125,   -922.2795,    545.8627,  25561.3223,
       1,     167,     317,      13,       1,       3,       1,     10.0000,      1.3929,     42.4882,    246.5981,     62.0597,      3.4953,      0.1862,      0.1526,     13.7124,      0.2090,      5.5397,     11.0795,      1.8470,     28.2517,     56.5033,      0.0191,      0.0007,      0.2500,      0.2043,   7668.3970,-440447.7188,   -924.7399,    545.3141,  25561.3223,
       1,     167,     317,      14,       1,       3,       1,     10.0000,      1.3929,     42.4882,    246.5981,     62.0597,      3.4953,      0.1881,      0.1546,     37.4954,      0.2054,      5.5397,     11.0795,      1.8146,     28.2517,     56.5033,      0.0191,      0.0019,      0.2500,      0.2043,   7668.3970,-436320.7500,   -924.8062,    545.5957,  25561.3203,
       1,     167,     317,      15,       1,       3,       1,     10.0000,      1.3929,     42.4882,    246.5981,     62.0597,      3.4953,      0.1797,      0.1463,     60.2864,      0.2045,      5.5397,     11.0795,      1.8075,     28.2517,     56.5033,      0.0191,      0.0032,      0.2350,      0.2043,   7668.3965,-465561.2188,   -931.2994,    543.6016,  25561.3223,
       1,     167,     317,      16,       1,       3,       1,     10.0000,      1.3929,     42.4882,    246.5981,     62.0597,      3.4953,      0.1859,      0.1524,     68.9454,      0.2056,      5.5397,     11.0795,      1.8164,     28.2517,     56.5033,      0.0191,      0.0035,      0.2431,      0.2043,   7668.3970,-496422.0938,   -937.9128,    541.5082,  25561.3203,
       1,     167,     317,      17,       1,       3,       1,     10.0000,      1.3929,     42.4882,    246.5981,     62.0597,      3.4953,      0.1777,      0.1447,     72.5710,      0.1911,      5.5397,     11.0795,      1.6883,     28.2517,     56.5033,      0.0191,      0.0039,      0.2305,      0.2043,   7668.3965,-509829.1562,   -941.3177,    540.6048,  25561.3223,
       1,     167,     317,      18,       1,       3,       1,     10.0000,      1.3929,     42.4882,    246.5981,     62.0597,      3.4953,      0.1037,      0.0710,     47.7881,      0.1829,      5.5397,     11.0795,      1.6163,     28.2517,     56.5033,      0.0191,      0.0047,      0.1247,      0.2042,   7668.3970,-515477.3125,   -943.1849,    540.2238,  25561.3223,
       1,     167,     317,      19,       1,       3,       1,     10.0000,      1.3929,     42.4882,    246.5981,     62.0597,      3.4953,      0.0421,      0.0095,     14.5550,      0.1782,      5.5397,     11.0795,      1.5750,     28.2517,     56.5033,      0.0191,      0.0047,      0.0381,      0.2042,   7668.3970,-485083.2500,   -937.9362,    542.2764,  25561.3223,
       1,     167,     317,      20,       1,       3,       1,     10.0000,      1.3929,     42.4882,    246.5981,     62.0597,      3.4953,      0.0033,     -0.0291,      5.3595,      0.1715,      5.5397,     11.0795,      1.5150,     28.2517,     56.5033,      0.0191,      0.0042,      0.0156,      0.2043,   7668.3970,-441143.3750,   -929.8422,    545.2587,  25561.3223,
       1,     167,     317,      21,       1,       3,       1,     10.0000,      1.3929,     42.4882,    246.5981,     62.0597,      3.4953,      0.0000,     -0.0322,      5.3222,      0.1659,      5.5397,     11.0795,      1.4659,     28.2517,     56.5033,      0.0191,      0.0042,      0.0156,      0.2043,   7668.3970,-425996.2500,   -927.0979,    546.2993,  25561.3223,
       1,     167,     317,      22,       1,       3,       1,     10.0000,      1.3929,     42.4882,    246.5981,     62.0597,      3.4953,      0.0000,     -0.0321,      3.8046,      0.1612,      5.5397,     11.0795,      1.4240,     28.2517,     56.5033,      0.0191,      0.0030,      0.0156,      0.2043,   7668.3970,-424656.0938,   -926.9708,    546.3918,  25561.3242,
       1,     167,     317,      23,       1,       3,       1,     10.0000,      1.3929,     42.4882,    246.5981,     62.0597,      3.4953,      0.0000,     -0.0320,      3.3110,      0.1600,      5.5397,     11.0795,      1.4140,     28.2517,     56.5033,      0.0191,      0.0026,      0.0156,      0.2043,   7668.3975,-422652.9062,   -926.6611,    546.5287,  25561.3223,
       1,     167,     317,      24,       1,       3,       1,     10.0000,      1.3929,     42.4882,    246.5981,     62.0597,      3.4953,      0.0000,     -0.0321,      3.1118,      0.1621,      5.5397,     11.0795,      1.4326,     28.2517,     56.5033,      0.0191,      0.0025,      0.0156,      0.2043,   7668.3970,-421868.7500,   -926.5651,    546.5822,  25561.3203,
       1,     167,     318,       1,       1,       3,       1,     10.0000,      1.3930,     42.4886,    246.6038,     62.0611,      3.4953,      0.0000,     -0.0320,      2.4956,      0.1584,      5.5386,     11.0772,      1.4000,     28.2550,     56.5099,      0.0191,      0.0020,      0.0156,      0.2044,   7668.3965,-421709.3438,   -926.8536,    546.6061,  25562.4629,
       1,     167,     318,       2,       1,       3,       1,     10.0000,      1.3930,     42.4886,    246.6038,     62.0611,      3.4953,      0.0000,     -0.0319,      2.2202,      0.1569,      5.5386,     11.0772,      1.3860,     28.2550,     56.5099,      0.0191,      0.0018,      0.0156,      0.2044,   7668.7393,-420776.8750,   -926.4503,    546.6698,  25562.4609,
       1,     167,     318,       3,       1,       3,       1,     10.0000,      1.3930,     42.4886,    246.6038,     62.0611,      3.4953,      0.0000,     -0.0318,      1.9156,      0.1528,      5.5386,     11.0772,      1.3503,     28.2550,     56.5099,      0.0191,      0.0015,      0.0156,      0.2044,   7668.7388,-420355.2188,   -926.4113,    546.6986,  25562.4609,
       1,     167,     318,       4,       1,       3,       1,     10.0000,      1.3930,     42.4886,    246.6038,     62.0611,      3.4953,      0.0000,     -0.0317,      1.7490,      0.1514,      5.5386,     11.0772,      1.3381,     28.2550,     56.5099,      0.0191,      0.0014,      0.0156,      0.2044,   7668.7388,-419940.5312,   -926.3666,    546.7269,  25562.4590,
       1,     167,     318,       5,       1,       3,       1,     10.0000,      1.3930,     42.4886,    246.6038,     62.0611,      3.4953,      0.0000,     -0.0317,      1.8808,      0.1522,      5.5386,     11.0772,      1.3449,     28.2550,     56.5099,      0.0191,      0.0015,      0.0156,      0.2044,   7668.7378,-419698.4062,   -926.3491,    546.7435,  25562.4590,
       1,     167,     318,       6,       1,       3,       1,     10.0000,      1.3930,     42.4886,    246.6038,     62.0611,      3.4953,      0.0000,     -0.0316,      1.2680,      0.1492,      5.5386,     11.0772,      1.3181,     28.2550,     56.5099,      0.0191,      0.0010,      0.0156,      0.2044,   7668.7378,-419841.8125,   -926.4060,    546.7336,  25562.4629,
       1,     167,     318,       7,       1,       3,       1,     10.0000,      1.3930,     42.4886,    246.6038,     62.0611,      3.4953,      0.0000,     -0.0312,      1.0848,      0.1370,      5.5386,     11.0772,      1.2109,     28.2550,     56.5099,      0.0191,      0.0009,      0.0156,      0.2044,   7668.7393,-419091.5000,   -926.2775,    546.7850,  25562.4609,
       1,     167,     318,       8,       1,       3,       1,     10.0000,      1.3930,     42.4886,    246.6038,     62.0611,      3.4953,      0.0047,     -0.0264,      1.0001,      0.1350,      5.5386,     11.0772,      1.1926,     28.2550,     56.5099,      0.0191,      0.0008,      0.0156,      0.2044,   7668.7388,-418799.7812,   -910.3640,    546.8049,  25562.4629,
       1,     167,     318,       9,       1,       3,       1,     10.0000,      1.3930,     42.4886,    246.6038,     62.0611,      3.4953,      0.0952,      0.0641,      7.3970,      0.1354,      5.5386,     11.0772,      1.1963,     28.2550,     56.5099,      0.0191,      0.0008,      0.1177,      0.2044,   7668.7393,-418669.5938,   -910.4350,    546.8138,  25562.4629,
       1,     167,     318,      10,       1,       3,       1,     10.0000,      1.3930,     42.4886,    246.6038,     62.0611,      3.4953,      0.1513,      0.1199,     13.3102,      0.1413,      5.5386,     11.0772,      1.2482,     28.2550,     56.5099,      0.0191,      0.0008,      0.1985,      0.2044,   7668.7393,-426614.4062,   -912.2637,    546.2708,  25562.4629,
       1,     167,     318,      11,       1,       3,       1,     10.0000,      1.3930,     42.4886,    246.6038,     62.0611,      3.4953,      0.1838,      0.1523,     15.1149,      0.1438,      5.5386,     11.0772,      1.2711,     28.2550,     56.5099,      0.0191,      0.0008,      0.2456,      0.2043,   7668.7393,-434645.7812,   -914.5245,    545.7225,  25562.4629,
       1,     167,     318,      12,       1,       3,       1,     10.0000,      1.3930,     42.4886,    246.6038,     62.0611,      3.4953,      0.1862,      0.1544,      8.2371,      0.1528,      5.5386,     11.0772,      1.3503,     28.2550,     56.5099,      0.0191,      0.0004,      0.2500,      0.2043,   7668.7393,-437573.7812,   -916.4257,    545.5231,  25562.4648,
       1,     167,     318,      13,       1,       3,       1,     10.0000,      1.3930,     42.4886,    246.6038,     62.0611,      3.4953,      0.1860,      0.1541,      6.1295,      0.1556,      5.5386,     11.0772,      1.3749,     28.2550,     56.5099,      0.0191,      0.0003,      0.2500,      0.2043,   7668.7397,-429265.5625,   -916.0494,    546.0898,  25562.4609,
       1,     167,     318,      14,       1,       3,       1,     10.0000,      1.3930,     42.4886,    246.6038,     62.0611,      3.4953,      0.1736,      0.1418,      5.5705,      0.1528,      5.5386,     11.0772,      1.3503,     28.2550,     56.5099,      0.0191,      0.0003,      0.2320,      0.2043,   7668.7388,-425939.2500,   -917.5144,    546.3171,  25562.4609,
       1,     167,     318,      15,       1,       3,       1,     10.0000,      1.3930,     42.4886,    246.6038,     62.0611,      3.4953,      0.1861,      0.1543,      7.2954,      0.1537,      5.5386,     11.0772,      1.3584,     28.2550,     56.5099,      0.0191,      0.0004,      0.2500,      0.2043,   7668.7388,-424961.2188,   -917.9811,    546.3840,  25562.4648,
       1,     167,     318,      16,       1,       3,       1,     10.0000,      1.3930,     42.4886,    246.6038,     62.0611,      3.4953,      0.1669,      0.1349,      7.4626,      0.1616,      5.5386,     11.0772,      1.4283,     28.2550,     56.5099,      0.0191,      0.0004,      0.2221,      0.2043,   7668.7397,-427023.0625,   -919.1843,    546.2431,  25562.4648,
       1,     167,     318,      17,       1,       3,       1,     10.0000,      1.3930,     42.4886,    246.6038,     62.0611,      3.4953,      0.0466,      0.0145,      2.3992,      0.1646,      5.5386,     11.0772,      1.4543,     28.2550,     56.5099,      0.0191,      0.0006,      0.0466,      0.2043,   7668.7397,-427406.3438,   -919.7843,    546.2169,  25562.4648,
       1,     167,     318,      18,       1,       3,       1,     10.0000,      1.3930,     42.4886,    246.6038,     62.0611,      3.4953,      0.0281,     -0.0039,      1.4808,      0.1599,      5.5386,     11.0772,      1.4126,     28.2550,     56.5099,      0.0191,      0.0009,      0.0199,      0.2043,   7668.7397,-421140.7188,   -918.7391,    546.6448,  25562.4629,
       1,     167,     318,      19,       1,       3,       1,     10.0000,      1.3930,     42.4886,    246.6038,     62.0611,      3.4953,      0.0062,     -0.0255,      0.9648,      0.1508,      5.5386,     11.0772,      1.3327,     28.2550,     56.5099,      0.0191,      0.0008,      0.0156,      0.2044,   7668.7393,-419466.5000,   -918.5269,    546.7593,  25562.4629,
       1,     167,     318,      20,       1,       3,       1,     10.0000,      1.3930,     42.4886,    246.6038,     62.0611,      3.4953,      0.0003,     -0.0312,      0.9090,      0.1440,      5.5386,     11.0772,      1.2724,     28.2550,     56.5099,      0.0191,      0.0007,      0.0156,      0.2044,   7668.7393,-418682.2812,   -918.4248,    546.8129,  25562.4609,
       1,     167,     318,      21,       1,       3,       1,     10.0000,      1.3930,     42.4886,    246.6038,     62.0611,      3.4953,      0.0000,     -0.0317,      1.6193,      0.1505,      5.5386,     11.0772,      1.3301,     28.2550,     56.5099,      0.0191,      0.0013,      0.0156,      0.2044,   7668.7388,-418546.3750,   -918.4276,    546.8222,  25562.4648,
       1,     167,     318,      22,       1,       3,       1,     10.0000,      1.3930,     42.4886,    246.6038,     62.0611,      3.4953,      0.0000,     -0.0317,      1.7567,      0.1495,      5.5386,     11.0772,      1.3207,     28.2550,     56.5099,      0.0191,      0.0014,      0.0156,      0.2044,   7668.7397,-419417.9688,   -918.6652,    546.7626,  25562.4629,
       1,     167,     318,      23,       1,       3,       1,     10.0000,      1.3930,     42.4886,    246.6038,     62.0611,      3.4953,      0.0000,     -0.0316,      2.3108,      0.1471,      5.5386,     11.0772,      1.2996,     28.2550,     56.5099,      0.0191,      0.0018,      0.0156,      0.2044,   7668.7393,-419663.0312,   -918.8016,    546.7458,  25562.4629,
       1,     167,     318,      24,       1,       3,       1,     10.0000,      1.3930,     42.4886,    246.6038,     62.0611,      3.4953,      0.0000,     -0.0317,      1.9314,      0.1501,      5.5386,     11.0772,      1.3260,     28.2550,     56.5099,      0.0191,      0.0015,      0.0156,      0.2044,   7668.7393,-420373.0938,   -919.0359,    546.6974,  25562.4609,
       1,     167,     319,       1,       1,       3,       1,     10.0000,      1.3930,     42.4889,    246.6096,     62.0625,      3.4953,      0.0000,     -0.0318,      1.3626,      0.1527,      5.5392,     11.0783,      1.3489,     28.2510,     56.5019,      0.0191,      0.0011,      0.0156,      0.2044,   7668.7388,-420116.5625,   -919.3364,    546.7277,  25563.6035,
       1,     167,     319,       2,       1,       3,       1,     10.0000,      1.3930,     42.4889,    246.6096,     62.0625,      3.4953,      0.0000,     -0.0317,      1.7289,      0.1496,      5.5392,     11.0783,      1.3221,     28.2510,     56.5019,      0.0191,      0.0014,      0.0156,      0.2044,   7669.0815,-419235.0312,   -918.9515,    546.7880,  25563.6035,
       1,     167,     319,       3,       1,       3,       1,     10.0000,      1.3930,     42.4889,    246.6096,     62.0625,      3.4953,      0.0000,     -0.0317,      1.6015,      0.1499,      5.5392,     11.0783,      1.3247,     28.2510,     56.5019,      0.0191,      0.0013,      0.0156,      0.2044,   7669.0815,-419615.5938,   -919.0795,    546.7619,  25563.6035,
       1,     167,     319,       4,       1,       3,       1,     10.0000,      1.3930,     42.4889,    246.6096,     62.0625,      3.4953,      0.0000,     -0.0314,      1.1402,      0.1437,      5.5392,     11.0783,      1.2698,     28.2510,     56.5019,      0.0191,      0.0009,      0.0156,      0.2044,   7669.0815,-419489.6562,   -919.1246,    546.7706,  25563.6016,
       1,     167,     319,       5,       1,       3,       1,     10.0000,      1.3930,     42.4889,    246.6096,     62.0625,      3.4953,      0.0000,     -0.0305,      1.0653,      0.1182,      5.5392,     11.0783,      1.0449,     28.2510,     56.5019,      0.0191,      0.0008,      0.0156,      0.2044,   7669.0806,-418905.3750,   -910.4055,    546.8105,  25563.6035,
       1,     167,     319,       6,       1,       3,       1,     10.0000,      1.3930,     42.4889,    246.6096,     62.0625,      3.4953,      0.0000,     -0.0306,      1.1482,      0.1206,      5.5392,     11.0783,      1.0653,     28.2510,     56.5019,      0.0191,      0.0009,      0.0156,      0.2044,   7669.0815,-418762.4375,   -910.3950,    546.8203,  25563.6035,
       1,     167,     319,       7,       1,       3,       1,     10.0000,      1.3930,     42.4889,    246.6096,     62.0625,      3.4953,      0.0000,     -0.0307,      0.6727,      0.1237,      5.5392,     11.0783,      1.0928,     28.2510,     56.5019,      0.0191,      0.0005,      0.0156,      0.2044,   7669.0815,-418853.2188,   -910.3804,    546.8140,  25563.6035,
       1,     167,     319,       8,       1,       3,       1,     10.0000,      1.3930,     42.4889,    246.6096,     62.0625,      3.4953,      0.0049,     -0.0259,      0.6361,      0.1284,      5.5392,     11.0783,      1.1348,     28.2510,     56.5019,      0.0191,      0.0005,      0.0156,      0.2044,   7669.0815,-418269.9375,   -910.3230,    546.8539,  25563.6035,
       1,     167,     319,       9,       1,       3,       1,     10.0000,      1.3930,     42.4889,    246.6096,     62.0625,      3.4953,      0.0914,      0.0604,      7.3798,      0.1329,      5.5392,     11.0783,      1.1747,     28.2510,     56.5019,      0.0191,      0.0008,      0.1123,      0.2044,   7669.0815,-418174.6250,   -910.3590,    546.8604,  25563.6035,
       1,     167,     319,      10,       1,       3,       1,     10.0000,      1.3930,     42.4889,    246.6096,     62.0625,      3.4953,      0.1707,      0.1397,      4.6360,      0.1323,      5.5392,     11.0783,      1.1687,     28.2510,     56.5019,      0.0191,      0.0003,      0.2277,      0.2044,   7669.0815,-426553.0000,   -912.3920,    546.2877,  25563.6035,
       1,     167,     319,      11,       1,       3,       1,     10.0000,      1.3930,     42.4889,    246.6096,     62.0625,      3.4953,      0.1809,      0.1497,      5.1775,      0.1379,      5.5392,     11.0783,      1.2183,     28.2510,     56.5019,      0.0191,      0.0003,      0.2425,      0.2044,   7669.0815,-423853.2500,   -912.3465,    546.4723,  25563.6055,
       1,     167,     319,      12,       1,       3,       1,     10.0000,      1.3930,     42.4889,    246.6096,     62.0625,      3.4953,      0.1860,      0.1544,      5.8067,      0.1484,      5.5392,     11.0783,      1.3115,     28.2510,     56.5019,      0.0191,      0.0003,      0.2500,      0.2044,   7669.0820,-424297.0625,   -912.3947,    546.4421,  25563.6035,
       1,     167,     319,      13,       1,       3,       1,     10.0000,      1.3930,     42.4889,    246.6096,     62.0625,      3.4953,      0.1859,      0.1538,      6.4549,      0.1628,      5.5392,     11.0783,      1.4384,     28.2510,     56.5019,      0.0191,      0.0003,      0.2500,      0.2044,   7669.0815,-425117.2188,   -914.5059,    546.3860,  25563.6035,
       1,     167,     319,      14,       1,       3,       1,     10.0000,      1.3930,     42.4889,    246.6096,     62.0625,      3.4953,      0.1859,      0.1529,      8.0911,      0.1888,      5.5392,     11.0783,      1.6685,     28.2510,     56.5019,      0.0191,      0.0004,      0.2500,      0.2044,   7669.0815,-425993.2188,   -916.1275,    546.3262,  25563.6016,
       1,     167,     319,      15,       1,       3,       1,     10.0000,      1.3930,     42.4889,    246.6096,     62.0625,      3.4953,      0.1859,      0.1530,      7.5840,      0.1873,      5.5392,     11.0783,      1.6553,     28.2510,     56.5019,      0.0191,      0.0004,      0.2500,      0.2044,   7669.0806,-428102.8438,   -918.3168,    546.1821,  25563.6035,
       1,     167,     319,      16,       1,       3,       1,     10.0000,      1.3930,     42.4889,    246.6096,     62.0625,      3.4953,      0.1366,      0.1040,      5.1451,      0.1797,      5.5392,     11.0783,      1.5877,     28.2510,     56.5019,      0.0191,      0.0004,      0.1779,      0.2044,   7669.0815,-427651.2812,   -919.3898,    546.2130,  25563.6035,
       1,     167,     319,      17,       1,       3,       1,     10.0000,      1.3930,     42.4889,    246.6096,     62.0625,      3.4953,      0.1585,      0.1261,      8.6071,      0.1740,      5.5392,     11.0783,      1.5379,     28.2510,     56.5019,      0.0191,      0.0005,      0.2097,      0.2044,   7669.0815,-424579.4062,   -919.1442,    546.4227,  25563.6035,
       1,     167,     319,      18,       1,       3,       1,     10.0000,      1.3930,     42.4889,    246.6096,     62.0625,      3.4953,      0.0408,      0.0085,      4.1097,      0.1696,      5.5392,     11.0783,      1.4985,     28.2510,     56.5019,      0.0191,      0.0013,      0.0378,      0.2044,   7669.0815,-428624.2812,   -920.3173,    546.1465,  25563.6016,
       1,     167,     319,      19,       1,       3,       1,     10.0000,      1.3930,     42.4889,    246.6096,     62.0625,      3.4953,      0.0270,     -0.0042,      3.8792,      0.1372,      5.5392,     11.0783,      1.2122,     28.2510,     56.5019,      0.0191,      0.0025,      0.0188,      0.2044,   7669.0806,-423374.4062,   -919.5035,    546.5050,  25563.6035,
       1,     167,     319,      20,       1,       3,       1,     10.0000,      1.3930,     42.4889,    246.6096,     62.0625,      3.4953,      0.0009,     -0.0291,      2.5283,      0.1092,      5.5392,     11.0783,      0.9646,     28.2510,     56.5019,      0.0191,      0.0020,      0.0156,      0.2044,   7669.0815,-422641.8750,   -911.4202,    546.5551,  25563.6035,
       1,     167,     319,      21,       1,       3,       1,     10.0000,      1.3930,     42.4889,    246.6096,     62.0625,      3.4953,      0.0000,     -0.0303,      1.8877,      0.1136,      5.5392,     11.0783,      1.0040,     28.2510,     56.5019,      0.0191,      0.0015,      0.0156,      0.2044,   7669.0815,-420899.4375,   -910.9700,    546.6742,  25563.6035,
       1,     167,     319,      22,       1,       3,       1,     10.0000,      1.3930,     42.4889,    246.6096,     62.0625,      3.4953,      0.0000,     -0.0304,      1.7700,      0.1175,      5.5392,     11.0783,      1.0385,     28.2510,     56.5019,      0.0191,      0.0014,      0.0156,      0.2044,   7669.0815,-419954.6562,   -910.7552,    546.7388,  25563.6035,
       1,     167,     319,      23,       1,       3,       1,     10.0000,      1.3930,     42.4889,    246.6096,     62.0625,      3.4953,      0.0000,     -0.0305,      1.5411,      0.1184,      5.5392,     11.0783,      1.0459,     28.2510,     56.5019,      0.0191,      0.0012,      0.0156,      0.2044,   7669.0815,-419728.0000,   -910.6808,    546.7543,  25563.6035,
       1,     167,     319,      24,       1,       3,       1,     10.0000,      1.3930,     42.4889,    246.6096,     62.0625,      3.4953,      0.0000,     -0.0304,      1.0054,      0.1157,      5.5392,     11.0783,      1.0226,     28.2510,     56.5019,      0.0191,      0.0008,      0.0156,      0.2044,   7669.0815,-419424.0312,   -910.7963,    546.7750,  25563.6035,
       1,     167,     320,       1,       1,       3,       1,     10.0000,      1.3930,     42.4892,    246.6154,     62.0640,      3.4953,      0.0000,     -0.0305,      0.2820,      0.1192,      5.5390,     11.0781,      1.0535,     28.2506,     56.5012,      0.0191,      0.0002,      0.0156,      0.2044,   7669.0815,-418886.7500,   -911.0366,    546.8246,  25564.7441,
       1,     167,     320,       2,       1,       3,       1,     10.0000,      1.3930,     42.4892,    246.6154,     62.0640,      3.4953,      0.0000,     -0.0306,      0.2907,      0.1224,      5.5390,     11.0781,      1.0818,     28.2506,     56.5012,      0.0191,      0.0002,      0.0156,      0.2044,   7669.4233,-417789.6875,   -910.5899,    546.8996,  25564.7461,
       1,     167,     320,       3,       1,       3,       1,     10.0000,      1.3930,     42.4892,    246.6154,     62.0640,      3.4953,      0.0000,     -0.0307,      0.2996,      0.1248,      5.5390,     11.0781,      1.1029,     28.2506,     56.5012,      0.0191,      0.0002,      0.0156,      0.2044,   7669.4243,-417706.8125,   -910.5754,    546.9053,  25564.7441,
       1,     167,     320,       4,       1,       3,       1,     10.0000,      1.3930,     42.4892,    246.6154,     62.0640,      3.4953,      0.0000,     -0.0308,      0.3028,      0.1269,      5.5390,     11.0781,      1.1211,     28.2506,     56.5012,      0.0191,      0.0002,      0.0156,      0.2044,   7669.4233,-417711.1875,   -910.5789,    546.9049,  25564.7422,
       1,     167,     320,       5,       1,       3,       1,     10.0000,      1.3930,     42.4892,    246.6154,     62.0640,      3.4953,      0.0000,     -0.0306,      0.2873,      0.1212,      5.5390,     11.0781,      1.0708,     28.2506,     56.5012,      0.0191,      0.0002,      0.0156,      0.2044,   7669.4229,-417715.8125,   -910.5814,    546.9047,  25564.7441,
       1,     167,     320,       6,       1,       3,       1,     10.0000,      1.3930,     42.4892,    246.6154,     62.0640,      3.4953,      0.0000,     -0.0304,      0.2784,      0.1179,      5.5390,     11.0781,      1.0417,     28.2506,     56.5012,      0.0191,      0.0002,      0.0156,      0.2044,   7669.4233,-417696.7188,   -910.5789,    546.9059,  25564.7441,
       1,     167,     320,       7,       1,       3,       1,     10.0000,      1.3930,     42.4892,    246.6154,     62.0640,      3.4953,      0.0000,     -0.0303,      0.2698,      0.1147,      5.5390,     11.0781,      1.0133,     28.2506,     56.5012,      0.0191,      0.0002,      0.0156,      0.2044,   7669.4233,-417684.0938,   -910.5780,    546.9069,  25564.7441,
       1,     167,     320,       8,       1,       3,       1,     10.0000,      1.3930,     42.4892,    246.6154,     62.0640,      3.4953,      0.0092,     -0.0212,      0.2775,      0.1167,      5.5390,     11.0781,      1.0311,     28.2506,     56.5012,      0.0191,      0.0002,      0.0156,      0.2044,   7669.4233,-417672.1562,   -910.5772,    546.9077,  25564.7422,
       1,     167,     320,       9,       1,       3,       1,     10.0000,      1.3930,     42.4892,    246.6154,     62.0640,      3.4953,      0.0967,      0.0660,      2.2959,      0.1247,      5.5390,     11.0781,      1.1018,     28.2506,     56.5012,      0.0191,      0.0002,      0.1206,      0.2044,   7669.4229,-417680.9375,   -910.6130,    546.9071,  25564.7441,
       1,     167,     320,      10,       1,       3,       1,     10.0000,      1.3930,     42.4892,    246.6154,     62.0640,      3.4953,      0.1598,      0.1286,      4.5351,      0.1364,      5.5390,     11.0781,      1.2048,     28.2506,     56.5012,      0.0191,      0.0003,      0.2119,      0.2044,   7669.4233,-420191.0938,   -911.4060,    546.7354,  25564.7441,
       1,     167,     320,      11,       1,       3,       1,     10.0000,      1.3930,     42.4892,    246.6154,     62.0640,      3.4953,      0.1509,      0.1195,      4.3966,      0.1421,      5.5390,     11.0781,      1.2559,     28.2506,     56.5012,      0.0191,      0.0003,      0.1989,      0.2044,   7669.4233,-423189.2812,   -912.6227,    546.5306,  25564.7441,
       1,     167,     320,      12,       1,       3,       1,     10.0000,      1.3930,     42.4892,    246.6154,     62.0640,      3.4953,      0.1861,      0.1553,      4.8357,      0.1265,      5.5390,     11.0781,      1.1176,     28.2506,     56.5012,      0.0191,      0.0002,      0.2500,      0.2044,   7669.4233,-423271.7812,   -911.7807,    546.5250,  25564.7441,
       1,     167,     320,      13,       1,       3,       1,     10.0000,      1.3930,     42.4892,    246.6154,     62.0640,      3.4953,      0.1861,      0.1554,      4.7631,      0.1248,      5.5390,     11.0781,      1.1029,     28.2506,     56.5012,      0.0191,      0.0002,      0.2500,      0.2044,   7669.4233,-423824.5938,   -912.5273,    546.4871,  25564.7461,
       1,     167,     320,      14,       1,       3,       1,     10.0000,      1.3930,     42.4892,    246.6154,     62.0640,      3.4953,      0.1701,      0.1394,      4.4429,      0.1261,      5.5390,     11.0781,      1.1142,     28.2506,     56.5012,      0.0191,      0.0002,      0.2269,      0.2044,   7669.4243,-423781.1250,   -912.8528,    546.4902,  25564.7441,
       1,     167,     320,      15,       1,       3,       1,     10.0000,      1.3930,     42.4892,    246.6154,     62.0640,      3.4953,      0.1812,      0.1504,      5.4370,      0.1264,      5.5390,     11.0781,      1.1165,     28.2506,     56.5012,      0.0191,      0.0003,      0.2428,      0.2044,   7669.4233,-423379.5312,   -913.6374,    546.5176,  25564.7461,
       1,     167,     320,      16,       1,       3,       1,     10.0000,      1.3930,     42.4892,    246.6154,     62.0640,      3.4953,      0.1137,      0.0829,      5.5954,      0.1244,      5.5390,     11.0781,      1.0996,     28.2506,     56.5012,      0.0191,      0.0005,      0.1449,      0.2044,   7669.4243,-424581.2500,   -912.5809,    546.4355,  25564.7441,
       1,     167,     320,      17,       1,       3,       1,     10.0000,      1.3930,     42.4892,    246.6154,     62.0640,      3.4953,      0.1294,      0.0988,      3.1530,      0.1232,      5.5390,     11.0781,      1.0884,     28.2506,     56.5012,      0.0191,      0.0002,      0.1680,      0.2044,   7669.4233,-424880.7812,   -911.7121,    546.4150,  25564.7422,
       1,     167,     320,      18,       1,       3,       1,     10.0000,      1.3930,     42.4892,    246.6154,     62.0640,      3.4953,      0.0862,      0.0555,      2.1553,      0.1248,      5.5390,     11.0781,      1.1029,     28.2506,     56.5012,      0.0191,      0.0003,      0.1055,      0.2044,   7669.4229,-421869.0938,   -911.2317,    546.6208,  25564.7461,
       1,     167,     320,      19,       1,       3,       1,     10.0000,      1.3930,     42.4892,    246.6154,     62.0640,      3.4953,      0.0313,      0.0007,      0.9455,      0.1219,      5.5390,     11.0781,      1.0774,     28.2506,     56.5012,      0.0191,      0.0004,      0.0262,      0.2044,   7669.4243,-420372.1250,   -910.8986,    546.7231,  25564.7422,
       1,     167,     320,      20,       1,       3,       1,     10.0000,      1.3930,     42.4892,    246.6154,     62.0640,      3.4953,      0.0006,     -0.0299,      0.3080,      0.1211,      5.5390,     11.0781,      1.0697,     28.2506,     56.5012,      0.0191,      0.0002,      0.0156,      0.2044,   7669.4229,-418741.0625,   -910.4274,    546.8346,  25564.7441,
       1,     167,     320,      21,       1,       3,       1,     10.0000,      1.3930,     42.4892,    246.6154,     62.0640,      3.4953,      0.0000,     -0.0306,      0.2870,      0.1211,      5.5390,     11.0781,      1.0697,     28.2506,     56.5012,      0.0191,      0.0002,      0.0156,      0.2044,   7669.4233,-417809.6250,   -910.2665,    546.8983,  25564.7441,
       1,     167,     320,      22,       1,       3,       1,     10.0000,      1.3930,     42.4892,    246.6154,     62.0640,      3.4953,      0.0000,     -0.0306,      0.2873,      0.1212,      5.5390,     11.0781,      1.0708,     28.2506,     56.5012,      0.0191,      0.0002,      0.0156,      0.2044,   7669.4233,-417704.2188,   -910.2490,    546.9054,  25564.7441,
       1,     167,     320,      23,       1,       3,       1,     10.0000,      1.3930,     42.4892,    246.6154,     62.0640,      3.4953,      0.0000,     -0.0307,      0.2951,      0.1241,      5.5390,     11.0781,      1.0962,     28.2506,     56.5012,      0.0191,      0.0002,      0.0156,      0.2044,   7669.4233,-417695.8438,   -910.2490,    546.9060,  25564.7441,
       1,     167,     320,      24,       1,       3,       1,     10.0000,      1.3930,     42.4892,    246.6154,     62.0640,      3.4953,      0.0000,     -0.0306,      0.2917,      0.1228,      5.5390,     11.0781,      1.0851,     28.2506,     56.5012,      0.0191,      0.0002,      0.0156,      0.2044,   7669.4233,-417704.7188,   -910.2518,    546.9054,  25564.7461,
       1,     167,     321,       1,       1,       3,       1,     10.0000,      1.3930,     42.4896,    246.6212,     62.0655,      3.4953,      0.0000,     -0.0306,      0.3024,      0.1216,      5.5391,     11.0782,      1.0741,     28.2493,     56.4986,      0.0191,      0.0002,      0.0156,      0.2044,   7669.4243,-417856.0625,   -910.3563,    546.9079,  25565.8828,
       1,     167,     321,       2,       1,       3,       1,     10.0000,      1.3930,     42.4896,    246.6212,     62.0655,      3.4953,      0.0000,     -0.0307,      0.3710,      0.1241,      5.5391,     11.0782,      1.0962,     28.2493,     56.4986,      0.0191,      0.0003,      0.0156,      0.2044,   7669.7651,-417730.5938,   -910.0875,    546.9165,  25565.8848,
       1,     167,     321,       3,       1,       3,       1,     10.0000,      1.3930,     42.4896,    246.6212,     62.0655,      3.4953,      0.0000,     -0.0306,      0.3671,      0.1228,      5.5391,     11.0782,      1.0851,     28.2493,     56.4986,      0.0191,      0.0003,      0.0156,      0.2044,   7669.7656,-417805.0000,   -910.1116,    546.9114,  25565.8848,
       1,     167,     321,       4,       1,       3,       1,     10.0000,      1.3930,     42.4896,    246.6212,     62.0655,      3.4953,      0.0000,     -0.0307,      0.3036,      0.1237,      5.5391,     11.0782,      1.0929,     28.2493,     56.4986,      0.0191,      0.0002,      0.0156,      0.2044,   7669.7656,-417806.5938,   -910.1229,    546.9114,  25565.8848,
       1,     167,     321,       5,       1,       3,       1,     10.0000,      1.3930,     42.4896,    246.6212,     62.0655,      3.4953,      0.0000,     -0.0306,      0.2911,      0.1226,      5.5391,     11.0782,      1.0829,     28.2493,     56.4986,      0.0191,      0.0002,      0.0156,      0.2044,   7669.7656,-417727.5625,   -910.1111,    546.9167,  25565.8848,
       1,     167,     321,       6,       1,       3,       1,     10.0000,      1.3930,     42.4896,    246.6212,     62.0655,      3.4953,      0.0000,     -0.0307,      0.2928,      0.1232,      5.5391,     11.0782,      1.0885,     28.2493,     56.4986,      0.0191,      0.0002,      0.0156,      0.2044,   7669.7656,-417705.2188,   -910.1086,    546.9182,  25565.8867,
       1,     167,     321,       7,       1,       3,       1,     10.0000,      1.3930,     42.4896,    246.6212,     62.0655,      3.4953,      0.0000,     -0.0307,      0.2941,      0.1237,      5.5391,     11.0782,      1.0929,     28.2493,     56.4986,      0.0191,      0.0002,      0.0156,      0.2044,   7669.7661,-417705.3125,   -910.1093,    546.9182,  25565.8848,
       1,     167,     321,       8,       1,       3,       1,     10.0000,      1.3930,     42.4896,    246.6212,     62.0655,      3.4953,      0.0098,     -0.0209,      0.2924,      0.1231,      5.5391,     11.0782,      1.0873,     28.2493,     56.4986,      0.0191,      0.0002,      0.0156,      0.2044,   7669.7656,-417707.3125,   -910.1117,    546.9182,  25565.8848,
       1,     167,     321,       9,       1,       3,       1,     10.0000,      1.3930,     42.4896,    246.6212,     62.0655,      3.4953,      0.0810,      0.0501,      1.9241,      0.1283,      5.5391,     11.0782,      1.1337,     28.2493,     56.4986,      0.0191,      0.0002,      0.0979,      0.2044,   7669.7656,-417705.2812,   -910.1572,    546.9183,  25565.8848,
       1,     167,     321,      10,       1,       3,       1,     10.0000,      1.3930,     42.4896,    246.6212,     62.0655,      3.4953,      0.1776,      0.1462,      5.3169,      0.1436,      5.5391,     11.0782,      1.2686,     28.2493,     56.4986,      0.0191,      0.0003,      0.2378,      0.2044,   7669.7656,-419733.7188,   -910.7609,    546.7795,  25565.8848,
       1,     167,     321,      11,       1,       3,       1,     10.0000,      1.3930,     42.4896,    246.6212,     62.0655,      3.4953,      0.1654,      0.1332,      5.8216,      0.1662,      5.5391,     11.0782,      1.4690,     28.2493,     56.4986,      0.0191,      0.0003,      0.2201,      0.2044,   7669.7656,-424124.5312,   -912.5878,    546.4794,  25565.8828,
       1,     167,     321,      12,       1,       3,       1,     10.0000,      1.3930,     42.4896,    246.6212,     62.0655,      3.4953,      0.1809,      0.1481,      7.1646,      0.1829,      5.5391,     11.0782,      1.6164,     28.2493,     56.4986,      0.0191,      0.0004,      0.2427,      0.2044,   7669.7651,-425125.6562,   -914.0103,    546.4111,  25565.8848,
       1,     167,     321,      13,       1,       3,       1,     10.0000,      1.3930,     42.4896,    246.6212,     62.0655,      3.4953,      0.1859,      0.1528,      7.7591,      0.1911,      5.5391,     11.0782,      1.6885,     28.2493,     56.4986,      0.0191,      0.0004,      0.2500,      0.2044,   7669.7656,-426880.3750,   -915.7458,    546.2913,  25565.8828,
       1,     167,     321,      14,       1,       3,       1,     10.0000,      1.3930,     42.4896,    246.6212,     62.0655,      3.4953,      0.1859,      0.1533,      7.3108,      0.1774,      5.5391,     11.0782,      1.5674,     28.2493,     56.4986,      0.0191,      0.0004,      0.2500,      0.2044,   7669.7651,-427768.7500,   -917.7437,    546.2307,  25565.8848,
       1,     167,     321,      15,       1,       3,       1,     10.0000,      1.3930,     42.4896,    246.6212,     62.0655,      3.4953,      0.1867,      0.1541,     17.1316,      0.1783,      5.5391,     11.0782,      1.5752,     28.2493,     56.4986,      0.0191,      0.0008,      0.2500,      0.2044,   7669.7656,-427286.6562,   -919.4940,    546.2636,  25565.8828,
       1,     167,     321,      16,       1,       3,       1,     10.0000,      1.3930,     42.4896,    246.6212,     62.0655,      3.4953,      0.1672,      0.1348,     35.7825,      0.1720,      5.5391,     11.0782,      1.5197,     28.2493,     56.4986,      0.0191,      0.0020,      0.2192,      0.2044,   7669.7651,-439457.5312,   -922.8074,    545.4325,  25565.8848,
       1,     167,     321,      17,       1,       3,       1,     10.0000,      1.3930,     42.4896,    246.6212,     62.0655,      3.4953,      0.1146,      0.0826,     34.6645,      0.1610,      5.5391,     11.0782,      1.4227,     28.2493,     56.4986,      0.0191,      0.0030,      0.1424,      0.2044,   7669.7656,-463688.3438,   -928.0084,    543.7811,  25565.8848,
       1,     167,     321,      18,       1,       3,       1,     10.0000,      1.3930,     42.4896,    246.6212,     62.0655,      3.4953,      0.0366,      0.0053,      7.2832,      0.1394,      5.5391,     11.0782,      1.2320,     28.2493,     56.4986,      0.0191,      0.0028,      0.0323,      0.2044,   7669.7656,-464359.7500,   -923.0987,    543.7380,  25565.8848,
       1,     167,     321,      19,       1,       3,       1,     10.0000,      1.3930,     42.4896,    246.6212,     62.0655,      3.4953,      0.0025,     -0.0282,      3.2825,      0.1239,      5.5391,     11.0782,      1.0951,     28.2493,     56.4986,      0.0191,      0.0026,      0.0156,      0.2044,   7669.7656,-430347.6562,   -912.8886,    546.0497,  25565.8828,
       1,     167,     321,      20,       1,       3,       1,     10.0000,      1.3930,     42.4896,    246.6212,     62.0655,      3.4953,      0.0000,     -0.0306,      2.9712,      0.1221,      5.5391,     11.0782,      1.0785,     28.2493,     56.4986,      0.0191,      0.0024,      0.0156,      0.2044,   7669.7651,-422502.6875,   -911.3646,    546.5901,  25565.8828,
       1,     167,     321,      21,       1,       3,       1,     10.0000,      1.3930,     42.4896,    246.6212,     62.0655,      3.4953,      0.0000,     -0.0306,      2.4713,      0.1212,      5.5391,     11.0782,      1.0708,     28.2493,     56.4986,      0.0191,      0.0020,      0.0156,      0.2044,   7669.7651,-421443.8750,   -911.1288,    546.6627,  25565.8848,
       1,     167,     321,      22,       1,       3,       1,     10.0000,      1.3930,     42.4896,    246.6212,     62.0655,      3.4953,      0.0000,     -0.0305,      1.8518,      0.1201,      5.5391,     11.0782,      1.0610,     28.2493,     56.4986,      0.0191,      0.0015,      0.0156,      0.2044,   7669.7656,-420731.8125,   -910.9548,    546.7114,  25565.8828,
       1,     167,     321,      23,       1,       3,       1,     10.0000,      1.3930,     42.4896,    246.6212,     62.0655,      3.4953,      0.0000,     -0.0306,      0.7340,      0.1217,      5.5391,     11.0782,      1.0752,     28.2493,     56.4986,      0.0191,      0.0006,      0.0156,      0.2044,   7669.7651,-419901.2812,   -910.6783,    546.7681,  25565.8867,
       1,     167,     321,      24,       1,       3,       1,     10.0000,      1.3930,     42.4896,    246.6212,     62.0655,      3.4953,      0.0000,     -0.0307,      0.2955,      0.1242,      5.5391,     11.0782,      1.0974,     28.2493,     56.4986,      0.0191,      0.0002,      0.0156,      0.2044,   7669.7661,-418440.4375,   -910.4820,    546.8680,  25565.8867,
       1,     167,     322,       1,       1,       3,       1,     10.0000,      1.3930,     42.4899,    246.6270,     62.0669,      3.4953,      0.0000,     -0.0307,      0.2979,      0.1251,      5.5395,     11.0791,      1.1052,     28.2475,     56.4950,      0.0191,      0.0002,      0.0156,      0.2045,   7669.7661,-417925.9688,   -910.6479,    546.9160,  25567.0254,
       1,     167,     322,       2,       1,       3,       1,     10.0000,      1.3930,     42.4899,    246.6270,     62.0669,      3.4953,      0.0000,     -0.0307,      0.2976,      0.1250,      5.5395,     11.0791,      1.1041,     28.2475,     56.4950,      0.0191,      0.0002,      0.0156,      0.2045,   7670.1079,-417733.4688,   -910.3638,    546.9292,  25567.0254,
       1,     167,     322,       3,       1,       3,       1,     10.0000,      1.3930,     42.4899,    246.6270,     62.0669,      3.4953,      0.0000,     -0.0307,      0.2921,      0.1229,      5.5395,     11.0791,      1.0863,     28.2475,     56.4950,      0.0191,      0.0002,      0.0156,      0.2045,   7670.1079,-417716.5938,   -910.3622,    546.9303,  25567.0254,
       1,     167,     322,       4,       1,       3,       1,     10.0000,      1.3930,     42.4899,    246.6270,     62.0669,      3.4953,      0.0000,     -0.0306,      0.2914,      0.1227,      5.5395,     11.0791,      1.0841,     28.2475,     56.4950,      0.0191,      0.0002,      0.0156,      0.2045,   7670.1079,-417708.4375,   -910.3622,    546.9309,  25567.0234,
       1,     167,     322,       5,       1,       3,       1,     10.0000,      1.3930,     42.4899,    246.6270,     62.0669,      3.4953,      0.0000,     -0.0307,      0.2965,      0.1246,      5.5395,     11.0791,      1.1008,     28.2475,     56.4950,      0.0191,      0.0002,      0.0156,      0.2045,   7670.1074,-417707.2500,   -910.3639,    546.9310,  25567.0234,
       1,     167,     322,       6,       1,       3,       1,     10.0000,      1.3930,     42.4899,    246.6270,     62.0669,      3.4953,      0.0000,     -0.0307,      0.2938,      0.1236,      5.5395,     11.0791,      1.0918,     28.2475,     56.4950,      0.0191,      0.0002,      0.0156,      0.2045,   7670.1074,-417713.4375,   -910.3663,    546.9305,  25567.0254,
       1,     167,     322,       7,       1,       3,       1,     10.0000,      1.3930,     42.4899,    246.6270,     62.0669,      3.4953,      0.0000,     -0.0307,      0.3442,      0.1238,      5.5395,     11.0791,      1.0940,     28.2475,     56.4950,      0.0191,      0.0003,      0.0156,      0.2045,   7670.1079,-417710.3438,   -910.3665,    546.9308,  25567.0254,
       1,     167,     322,       8,       1,       3,       1,     10.0000,      1.3930,     42.4899,    246.6270,     62.0669,      3.4953,      0.0025,     -0.0281,      0.3668,      0.1227,      5.5395,     11.0791,      1.0841,     28.2475,     56.4950,      0.0191,      0.0003,      0.0156,      0.2045,   7670.1079,-417772.6250,   -910.3847,    546.9265,  25567.0234,
       1,     167,     322,       9,       1,       3,       1,     10.0000,      1.3930,     42.4899,    246.6270,     62.0669,      3.4953,      0.0896,      0.0588,      2.4899,      0.1265,      5.5395,     11.0791,      1.1177,     28.2475,     56.4950,      0.0191,      0.0003,      0.1103,      0.2045,   7670.1074,-417806.3750,   -910.4103,    546.9242,  25567.0254,
       1,     167,     322,      10,       1,       3,       1,     10.0000,      1.3930,     42.4899,    246.6270,     62.0669,      3.4953,      0.1404,      0.1089,      4.2490,      0.1433,      5.5395,     11.0791,      1.2661,     28.2475,     56.4950,      0.0191,      0.0003,      0.1837,      0.2045,   7670.1079,-420448.1875,   -911.2420,    546.7436,  25567.0234,
       1,     167,     322,      11,       1,       3,       1,     10.0000,      1.3930,     42.4899,    246.6270,     62.0669,      3.4953,      0.1787,      0.1461,      6.8235,      0.1774,      5.5395,     11.0791,      1.5674,     28.2475,     56.4950,      0.0191,      0.0004,      0.2395,      0.2045,   7670.1074,-422860.0000,   -912.2853,    546.5788,  25567.0254,
       1,     167,     322,      12,       1,       3,       1,     10.0000,      1.3930,     42.4899,    246.6270,     62.0669,      3.4953,      0.1734,      0.1406,      6.9425,      0.1853,      5.5395,     11.0791,      1.6375,     28.2475,     56.4950,      0.0191,      0.0004,      0.2317,      0.2045,   7670.1079,-426265.2812,   -913.8791,    546.3461,  25567.0254,
       1,     167,     322,      13,       1,       3,       1,     10.0000,      1.3930,     42.4899,    246.6270,     62.0669,      3.4953,      0.1859,      0.1529,      7.6540,      0.1888,      5.5395,     11.0791,      1.6686,     28.2475,     56.4950,      0.0191,      0.0004,      0.2500,      0.2045,   7670.1079,-426702.7188,   -914.6924,    546.3163,  25567.0254,
       1,     167,     322,      14,       1,       3,       1,     10.0000,      1.3930,     42.4899,    246.6270,     62.0669,      3.4953,      0.1596,      0.1263,     11.5763,      0.1986,      5.5395,     11.0791,      1.7549,     28.2475,     56.4950,      0.0191,      0.0007,      0.2109,      0.2045,   7670.1079,-427624.2812,   -916.0464,    546.2533,  25567.0273,
       1,     167,     322,      15,       1,       3,       1,     10.0000,      1.3930,     42.4899,    246.6270,     62.0669,      3.4953,      0.1826,      0.1494,     29.9825,      0.1980,      5.5395,     11.0791,      1.7497,     28.2475,     56.4950,      0.0191,      0.0015,      0.2427,      0.2045,   7670.1084,-432579.2188,   -917.6081,    545.9150,  25567.0254,
       1,     167,     322,      16,       1,       3,       1,     10.0000,      1.3930,     42.4899,    246.6270,     62.0669,      3.4953,      0.1755,      0.1427,     57.4820,      0.1849,      5.5395,     11.0791,      1.6342,     28.2475,     56.4950,      0.0191,      0.0031,      0.2289,      0.2044,   7670.1079,-455886.7188,   -923.2723,    544.3246,  25567.0254,
       1,     167,     322,      17,       1,       3,       1,     10.0000,      1.3930,     42.4899,    246.6270,     62.0669,      3.4953,      0.1710,      0.1386,     67.7264,      0.1723,      5.5395,     11.0791,      1.5228,     28.2475,     56.4950,      0.0191,      0.0038,      0.2211,      0.2044,   7670.1079,-492075.8750,   -931.1813,    541.8646,  25567.0254,
       1,     167,     322,      18,       1,       3,       1,     10.0000,      1.3930,     42.4899,    246.6270,     62.0669,      3.4953,      0.1268,      0.0948,     49.1375,      0.1623,      5.5395,     11.0791,      1.4342,     28.2475,     56.4950,      0.0191,      0.0038,      0.1586,      0.2044,   7670.1079,-507906.0312,   -935.3156,    540.7980,  25567.0254,
       1,     167,     322,      19,       1,       3,       1,     10.0000,      1.3930,     42.4899,    246.6270,     62.0669,      3.4953,      0.0282,     -0.0034,      6.5180,      0.1477,      5.5395,     11.0791,      1.3050,     28.2475,     56.4950,      0.0191,      0.0041,      0.0198,      0.2044,   7670.1079,-486102.6250,   -932.0902,    542.2729,  25567.0254,
       1,     167,     322,      20,       1,       3,       1,     10.0000,      1.3930,     42.4899,    246.6270,     62.0669,      3.4953,      0.0002,     -0.0311,      4.7350,      0.1377,      5.5395,     11.0791,      1.2172,     28.2475,     56.4950,      0.0191,      0.0038,      0.0156,      0.2044,   7670.1079,-431226.8438,   -922.2758,    545.9946,  25567.0273,
       1,     167,     322,      21,       1,       3,       1,     10.0000,      1.3930,     42.4899,    246.6270,     62.0669,      3.4953,      0.0000,     -0.0312,      3.8079,      0.1358,      5.5395,     11.0791,      1.2000,     28.2475,     56.4950,      0.0191,      0.0030,      0.0156,      0.2044,   7670.1084,-424394.8125,   -921.2398,    546.4737,  25567.0273,
       1,     167,     322,      22,       1,       3,       1,     10.0000,      1.3930,     42.4899,    246.6270,     62.0669,      3.4953,      0.0000,     -0.0311,      3.3578,      0.1347,      5.5395,     11.0791,      1.1903,     28.2475,     56.4950,      0.0191,      0.0027,      0.0156,      0.2045,   7670.1084,-422646.7188,   -921.1120,    546.5933,  25567.0254,
       1,     167,     322,      23,       1,       3,       1,     10.0000,      1.3930,     42.4899,    246.6270,     62.0669,      3.4953,      0.0000,     -0.0311,      2.2165,      0.1339,      5.5395,     11.0791,      1.1831,     28.2475,     56.4950,      0.0191,      0.0018,      0.0156,      0.2045,   7670.1079,-421938.5938,   -921.1384,    546.6417,  25567.0273,
       1,     167,     322,      24,       1,       3,       1,     10.0000,      1.3930,     42.4899,    246.6270,     62.0669,      3.4953,      0.0000,     -0.0310,      1.3290,      0.1319,      5.5395,     11.0791,      1.1653,     28.2475,     56.4950,      0.0191,      0.0011,      0.0156,      0.2045,   7670.1084,-420459.3750,   -920.9719,    546.7428,  25567.0254,
       1,     167,     323,       1,       1,       3,       1,     10.0000,      1.3931,     42.4902,    246.6328,     62.0684,      3.4953,      0.0000,     -0.0309,      1.0799,      0.1301,      5.5393,     11.0786,      1.1500,     28.2485,     56.4969,      0.0191,      0.0009,      0.0156,      0.2045,   7670.1079,-419385.3750,   -921.0917,    546.8291,  25568.1641,
       1,     167,     323,       2,       1,       3,       1,     10.0000,      1.3931,     42.4902,    246.6328,     62.0684,      3.4953,      0.0000,     -0.0308,      1.3147,      0.1260,      5.5393,     11.0786,      1.1132,     28.2485,     56.4969,      0.0191,      0.0010,      0.0156,      0.2045,   7670.4497,-418832.6250,   -920.7663,    546.8669,  25568.1641,
       1,     167,     323,       3,       1,       3,       1,     10.0000,      1.3931,     42.4902,    246.6328,     62.0684,      3.4953,      0.0000,     -0.0307,      1.1477,      0.1253,      5.5393,     11.0786,      1.1075,     28.2485,     56.4969,      0.0191,      0.0009,      0.0156,      0.2045,   7670.4497,-419077.5000,   -920.8527,    546.8501,  25568.1641,
       1,     167,     323,       4,       1,       3,       1,     10.0000,      1.3931,     42.4902,    246.6328,     62.0684,      3.4953,      0.0000,     -0.0307,      1.4397,      0.1246,      5.5393,     11.0786,      1.1008,     28.2485,     56.4969,      0.0191,      0.0011,      0.0156,      0.2045,   7670.4497,-418890.8750,   -920.8583,    546.8630,  25568.1641,
       1,     167,     323,       5,       1,       3,       1,     10.0000,      1.3931,     42.4902,    246.6328,     62.0684,      3.4953,      0.0000,     -0.0307,      1.6179,      0.1246,      5.5393,     11.0786,      1.1008,     28.2485,     56.4969,      0.0191,      0.0013,      0.0156,      0.2045,   7670.4497,-419237.7188,   -920.9773,    546.8392,  25568.1641,
       1,     167,     323,       6,       1,       3,       1,     10.0000,      1.3931,     42.4902,    246.6328,     62.0684,      3.4953,      0.0000,     -0.0310,      1.2556,      0.1312,      5.5393,     11.0786,      1.1594,     28.2485,     56.4969,      0.0191,      0.0010,      0.0156,      0.2045,   7670.4497,-419488.8438,   -921.0903,    546.8220,  25568.1641,
       1,     167,     323,       7,       1,       3,       1,     10.0000,      1.3931,     42.4902,    246.6328,     62.0684,      3.4953,      0.0000,     -0.0311,      0.7454,      0.1338,      5.5393,     11.0786,      1.1820,     28.2485,     56.4969,      0.0191,      0.0006,      0.0156,      0.2045,   7670.4497,-419059.7812,   -921.0608,    546.8514,  25568.1641,
       1,     167,     323,       8,       1,       3,       1,     10.0000,      1.3931,     42.4902,    246.6328,     62.0684,      3.4953,      0.0052,     -0.0258,      0.8860,      0.1327,      5.5393,     11.0786,      1.1724,     28.2485,     56.4969,      0.0191,      0.0007,      0.0156,      0.2045,   7670.4497,-418389.1562,   -919.5926,    546.8972,  25568.1660,
       1,     167,     323,       9,       1,       3,       1,     10.0000,      1.3931,     42.4902,    246.6328,     62.0684,      3.4953,      0.0691,      0.0380,      4.4141,      0.1347,      5.5393,     11.0786,      1.1904,     28.2485,     56.4969,      0.0191,      0.0007,      0.0801,      0.2045,   7670.4502,-418506.7500,   -919.6583,    546.8892,  25568.1641,
       1,     167,     323,      10,       1,       3,       1,     10.0000,      1.3931,     42.4902,    246.6328,     62.0684,      3.4953,      0.1415,      0.1100,      6.5790,      0.1469,      5.5393,     11.0786,      1.2985,     28.2485,     56.4969,      0.0191,      0.0004,      0.1850,      0.2045,   7670.4497,-422902.3750,   -920.6528,    546.5887,  25568.1641,
       1,     167,     323,      11,       1,       3,       1,     10.0000,      1.3931,     42.4902,    246.6328,     62.0684,      3.4953,      0.1734,      0.1407,     11.5551,      0.1779,      5.5393,     11.0786,      1.5721,     28.2485,     56.4969,      0.0191,      0.0006,      0.2311,      0.2045,   7670.4497,-425967.1875,   -921.5922,    546.3793,  25568.1621,
       1,     167,     323,      12,       1,       3,       1,     10.0000,      1.3931,     42.4902,    246.6328,     62.0684,      3.4953,      0.1613,      0.1280,      8.6363,      0.1974,      5.5393,     11.0786,      1.7446,     28.2485,     56.4969,      0.0191,      0.0005,      0.2137,      0.2045,   7670.4487,-432414.0000,   -923.3681,    545.9390,  25568.1641,
       1,     167,     323,      13,       1,       3,       1,     10.0000,      1.3931,     42.4902,    246.6328,     62.0684,      3.4953,      0.1858,      0.1520,      8.9711,      0.2168,      5.5393,     11.0786,      1.9157,     28.2485,     56.4969,      0.0191,      0.0004,      0.2500,      0.2045,   7670.4497,-429332.7500,   -923.1761,    546.1495,  25568.1641,
       1,     167,     323,      14,       1,       3,       1,     10.0000,      1.3931,     42.4902,    246.6328,     62.0684,      3.4953,      0.1666,      0.1329,      8.1998,      0.2149,      5.5393,     11.0786,      1.8989,     28.2485,     56.4969,      0.0191,      0.0005,      0.2217,      0.2045,   7670.4497,-429487.1875,   -923.8809,    546.1390,  25568.1641,
       1,     167,     323,      15,       1,       3,       1,     10.0000,      1.3931,     42.4902,    246.6328,     62.0684,      3.4953,      0.1424,      0.1092,     16.0024,      0.1978,      5.5393,     11.0786,      1.7481,     28.2485,     56.4969,      0.0191,      0.0011,      0.1850,      0.2045,   7670.4497,-428541.4375,   -924.1245,    546.2036,  25568.1641,
       1,     167,     323,      16,       1,       3,       1,     10.0000,      1.3931,     42.4902,    246.6328,     62.0684,      3.4953,      0.1646,      0.1318,     46.7884,      0.1840,      5.5393,     11.0786,      1.6262,     28.2485,     56.4969,      0.0191,      0.0027,      0.2142,      0.2045,   7670.4497,-438161.0938,   -926.2188,    545.5468,  25568.1660,
       1,     167,     323,      17,       1,       3,       1,     10.0000,      1.3931,     42.4902,    246.6328,     62.0684,      3.4953,      0.0966,      0.0642,     32.0541,      0.1713,      5.5393,     11.0786,      1.5137,     28.2485,     56.4969,      0.0191,      0.0034,      0.1162,      0.2045,   7670.4502,-477256.6250,   -934.1302,    542.8811,  25568.1641,
       1,     167,     323,      18,       1,       3,       1,     10.0000,      1.3931,     42.4902,    246.6328,     62.0684,      3.4953,      0.0555,      0.0241,     18.5827,      0.1449,      5.5393,     11.0786,      1.2803,     28.2485,     56.4969,      0.0191,      0.0039,      0.0584,      0.2044,   7670.4497,-462260.8125,   -931.6484,    543.9053,  25568.1641,
       1,     167,     323,      19,       1,       3,       1,     10.0000,      1.3931,     42.4902,    246.6328,     62.0684,      3.4953,      0.0288,     -0.0022,      6.3820,      0.1320,      5.5393,     11.0786,      1.1665,     28.2485,     56.4969,      0.0191,      0.0037,      0.0215,      0.2044,   7670.4497,-444229.4062,   -915.6176,    545.1321,  25568.1641,
       1,     167,     323,      20,       1,       3,       1,     10.0000,      1.3931,     42.4902,    246.6328,     62.0684,      3.4953,      0.0003,     -0.0306,      3.5240,      0.1296,      5.5393,     11.0786,      1.1453,     28.2485,     56.4969,      0.0191,      0.0028,      0.0156,      0.2045,   7670.4497,-427532.3438,   -913.3108,    546.2713,  25568.1660,
       1,     167,     323,      21,       1,       3,       1,     10.0000,      1.3931,     42.4902,    246.6328,     62.0684,      3.4953,      0.0000,     -0.0309,      2.9692,      0.1290,      5.5393,     11.0786,      1.1395,     28.2485,     56.4969,      0.0191,      0.0024,      0.0156,      0.2045,   7670.4502,-422563.8750,   -912.8447,    546.6118,  25568.1621,
       1,     167,     323,      22,       1,       3,       1,     10.0000,      1.3931,     42.4902,    246.6328,     62.0684,      3.4953,      0.0000,     -0.0309,      2.2310,      0.1291,      5.5393,     11.0786,      1.1407,     28.2485,     56.4969,      0.0191,      0.0018,      0.0156,      0.2045,   7670.4487,-421451.5938,   -912.9495,    546.6879,  25568.1641,
       1,     167,     323,      23,       1,       3,       1,     10.0000,      1.3931,     42.4902,    246.6328,     62.0684,      3.4953,      0.0000,     -0.0308,      1.1956,      0.1267,      5.5393,     11.0786,      1.1200,     28.2485,     56.4969,      0.0191,      0.0009,      0.0156,      0.2045,   7670.4497,-420439.0000,   -912.9868,    546.7570,  25568.1641,
       1,     167,     323,      24,       1,       3,       1,     10.0000,      1.3931,     42.4902,    246.6328,     62.0684,      3.4953,      0.0000,     -0.0307,      0.2972,      0.1248,      5.5393,     11.0786,      1.1030,     28.2485,     56.4969,      0.0191,      0.0002,      0.0156,      0.2045,   7670.4497,-419066.0938,   -912.8366,    546.8510,  25568.1641,
       1,     167,     324,       1,       1,       3,       1,     10.0000,      1.3931,     42.4906,    246.6386,     62.0699,      3.4953,      0.0000,     -0.0307,      0.2958,      0.1234,      5.5401,     11.0801,      1.0908,     28.2439,     56.4878,      0.0191,      0.0002,      0.0156,      0.2045,   7670.4497,-417987.5938,   -912.9018,    546.9376,  25569.3047,
       1,     167,     324,       2,       1,       3,       1,     10.0000,      1.3931,     42.4906,    246.6386,     62.0699,      3.4953,      0.0000,     -0.0306,      0.2884,      0.1216,      5.5401,     11.0801,      1.0742,     28.2439,     56.4878,      0.0191,      0.0002,      0.0156,      0.2045,   7670.7915,-417742.1562,   -912.6060,    546.9543,  25569.3047,
       1,     167,     324,       3,       1,       3,       1,     10.0000,      1.3931,     42.4906,    246.6386,     62.0699,      3.4953,      0.0000,     -0.0306,      0.3132,      0.1221,      5.5401,     11.0801,      1.0786,     28.2439,     56.4878,      0.0191,      0.0002,      0.0156,      0.2045,   7670.7915,-417712.1250,   -912.6021,    546.9564,  25569.3047,
       1,     167,     324,       4,       1,       3,       1,     10.0000,      1.3931,     42.4906,    246.6386,     62.0699,      3.4953,      0.0000,     -0.0305,      0.2920,      0.1195,      5.5401,     11.0801,      1.0557,     28.2439,     56.4878,      0.0191,      0.0002,      0.0156,      0.2045,   7670.7915,-417740.2812,   -912.6108,    546.9544,  25569.3066,
       1,     167,     324,       5,       1,       3,       1,     10.0000,      1.3931,     42.4906,    246.6386,     62.0699,      3.4953,      0.0000,     -0.0306,      0.2857,      0.1206,      5.5401,     11.0801,      1.0655,     28.2439,     56.4878,      0.0191,      0.0002,      0.0156,      0.2045,   7670.7925,-417716.2812,   -912.6083,    546.9561,  25569.3047,
       1,     167,     324,       6,       1,       3,       1,     10.0000,      1.3931,     42.4906,    246.6386,     62.0699,      3.4953,      0.0000,     -0.0305,      0.2854,      0.1205,      5.5401,     11.0801,      1.0644,     28.2439,     56.4878,      0.0191,      0.0002,      0.0156,      0.2045,   7670.7915,-417706.5625,   -912.6082,    546.9568,  25569.3047,
       1,     167,     324,       7,       1,       3,       1,     10.0000,      1.3931,     42.4906,    246.6386,     62.0699,      3.4953,      0.0000,     -0.0305,      0.2844,      0.1201,      5.5401,     11.0801,      1.0611,     28.2439,     56.4878,      0.0191,      0.0002,      0.0156,      0.2045,   7670.7915,-417705.3125,   -912.6093,    546.9569,  25569.3066,
       1,     167,     324,       8,       1,       3,       1,     10.0000,      1.3931,     42.4906,    246.6386,     62.0699,      3.4953,      0.0038,     -0.0267,      0.2837,      0.1198,      5.5401,     11.0801,      1.0589,     28.2439,     56.4878,      0.0191,      0.0002,      0.0156,      0.2045,   7670.7925,-417703.6875,   -912.6100,    546.9570,  25569.3047,
       1,     167,     324,       9,       1,       3,       1,     10.0000,      1.3931,     42.4906,    246.6386,     62.0699,      3.4953,      0.0965,      0.0655,      2.4818,      0.1339,      5.5401,     11.0801,      1.1832,     28.2439,     56.4878,      0.0191,      0.0003,      0.1202,      0.2045,   7670.7915,-417702.9688,   -912.6213,    546.9570,  25569.3047,
       1,     167,     324,      10,       1,       3,       1,     10.0000,      1.3931,     42.4906,    246.6386,     62.0699,      3.4953,      0.1449,      0.1132,      4.4893,      0.1505,      5.5401,     11.0801,      1.3302,     28.2439,     56.4878,      0.0191,      0.0003,      0.1902,      0.2045,   7670.7915,-420434.8438,   -913.4322,    546.7703,  25569.3047,
       1,     167,     324,      11,       1,       3,       1,     10.0000,      1.3931,     42.4906,    246.6386,     62.0699,      3.4953,      0.1259,      0.0929,      4.9901,      0.1898,      5.5401,     11.0801,      1.6770,     28.2439,     56.4878,      0.0191,      0.0004,      0.1621,      0.2045,   7670.7915,-423162.0312,   -914.4683,    546.5839,  25569.3047,
       1,     167,     324,      12,       1,       3,       1,     10.0000,      1.3931,     42.4906,    246.6386,     62.0699,      3.4953,      0.1588,      0.1255,      6.9018,      0.1996,      5.5401,     11.0801,      1.7637,     28.2439,     56.4878,      0.0191,      0.0004,      0.2102,      0.2045,   7670.7915,-424016.3438,   -915.0768,    546.5256,  25569.3047,
       1,     167,     324,      13,       1,       3,       1,     10.0000,      1.3931,     42.4906,    246.6386,     62.0699,      3.4953,      0.1756,      0.1417,      9.2935,      0.2205,      5.5401,     11.0801,      1.9480,     28.2439,     56.4878,      0.0191,      0.0005,      0.2349,      0.2045,   7670.7915,-426465.0312,   -916.2533,    546.3583,  25569.3027,
       1,     167,     324,      14,       1,       3,       1,     10.0000,      1.3931,     42.4906,    246.6386,     62.0699,      3.4953,      0.1749,      0.1408,     30.3767,      0.2320,      5.5401,     11.0801,      2.0498,     28.2439,     56.4878,      0.0191,      0.0016,      0.2316,      0.2045,   7670.7910,-429646.1875,   -918.0603,    546.1410,  25569.3027,
       1,     167,     324,      15,       1,       3,       1,     10.0000,      1.3931,     42.4906,    246.6386,     62.0699,      3.4953,      0.1652,      0.1307,     45.1763,      0.2457,      5.5401,     11.0801,      2.1712,     28.2439,     56.4878,      0.0191,      0.0026,      0.2155,      0.2045,   7670.7910,-456124.0938,   -924.2419,    544.3335,  25569.3047,
       1,     167,     324,      16,       1,       3,       1,     10.0000,      1.3931,     42.4906,    246.6386,     62.0699,      3.4953,      0.1688,      0.1346,     81.6118,      0.2326,      5.5401,     11.0801,      2.0558,     28.2439,     56.4878,      0.0191,      0.0047,      0.2166,      0.2045,   7670.7915,-476783.1250,   -929.2938,    542.9308,  25569.3066,
       1,     167,     324,      17,       1,       3,       1,     10.0000,      1.3931,     42.4906,    246.6386,     62.0699,      3.4953,      0.1354,      0.1015,     66.9033,      0.2220,      5.5401,     11.0801,      1.9614,     28.2439,     56.4878,      0.0191,      0.0049,      0.1688,      0.2045,   7670.7925,-523858.3125,   -937.7097,    539.7379,  25569.3027,
       1,     167,     324,      18,       1,       3,       1,     10.0000,      1.3931,     42.4906,    246.6386,     62.0699,      3.4953,      0.0316,     -0.0019,     10.6550,      0.2068,      5.5401,     11.0801,      1.8274,     28.2439,     56.4878,      0.0191,      0.0059,      0.0222,      0.2044,   7670.7910,-509561.3125,   -936.1946,    540.7117,  25569.3066,
       1,     167,     324,      19,       1,       3,       1,     10.0000,      1.3931,     42.4906,    246.6386,     62.0699,      3.4953,      0.0099,     -0.0227,      7.4365,      0.1774,      5.5401,     11.0801,      1.5675,     28.2439,     56.4878,      0.0191,      0.0059,      0.0156,      0.2044,   7670.7925,-438338.5625,   -923.4300,    545.5266,  25569.3047,
       1,     167,     324,      20,       1,       3,       1,     10.0000,      1.3931,     42.4906,    246.6386,     62.0699,      3.4953,      0.0001,     -0.0319,      7.9398,      0.1589,      5.5401,     11.0801,      1.4044,     28.2439,     56.4878,      0.0191,      0.0063,      0.0156,      0.2045,   7670.7915,-428371.5625,   -921.8223,    546.2277,  25569.3027,
       1,     167,     324,      21,       1,       3,       1,     10.0000,      1.3931,     42.4906,    246.6386,     62.0699,      3.4953,      0.0000,     -0.0317,      6.6669,      0.1502,      5.5401,     11.0801,      1.3276,     28.2439,     56.4878,      0.0191,      0.0053,      0.0156,      0.2045,   7670.7910,-428125.9688,   -922.2403,    546.2448,  25569.3066,
       1,     167,     324,      22,       1,       3,       1,     10.0000,      1.3931,     42.4906,    246.6386,     62.0699,      3.4953,      0.0000,     -0.0314,      5.9371,      0.1426,      5.5401,     11.0801,      1.2598,     28.2439,     56.4878,      0.0191,      0.0047,      0.0156,      0.2045,   7670.7925,-426522.0000,   -922.3336,    546.3544,  25569.3047,
       1,     167,     324,      23,       1,       3,       1,     10.0000,      1.3931,     42.4906,    246.6386,     62.0699,      3.4953,      0.0000,     -0.0314,      5.0047,      0.1436,      5.5401,     11.0801,      1.2687,     28.2439,     56.4878,      0.0191,      0.0040,      0.0156,      0.2045,   7670.7915,-425478.7188,   -922.4706,    546.4257,  25569.3047,
       1,     167,     324,      24,       1,       3,       1,     10.0000,      1.3931,     42.4906,    246.6386,     62.0699,      3.4953,      0.0000,     -0.0313,      2.9849,      0.1397,      5.5401,     11.0801,      1.2346,     28.2439,     56.4878,      0.0191,      0.0024,      0.0156,      0.2045,   7670.7915,-424231.1562,   -922.4919,    546.5109,  25569.3066,
       1,     167,     325,       1,       1,       3,       1,     10.0000,      1.3931,     42.4909,    246.6444,     62.0713,      3.4953,      0.0000,     -0.0312,      2.2158,      0.1368,      5.5403,     11.0807,      1.2087,     28.2391,     56.4782,      0.0191,      0.0018,      0.0156,      0.2045,   7670.7925,-421769.1562,   -922.4248,    546.6920,  25570.4453,
       1,     167,     325,       2,       1,       3,       1,     10.0000,      1.3931,     42.4909,    246.6444,     62.0713,      3.4953,      0.0000,     -0.0312,      1.9529,      0.1361,      5.5403,     11.0807,      1.2025,     28.2391,     56.4782,      0.0191,      0.0015,      0.0156,      0.2045,   7671.1338,-420452.3750,   -921.9893,    546.7820,  25570.4473,
       1,     167,     325,       3,       1,       3,       1,     10.0000,      1.3931,     42.4909,    246.6444,     62.0713,      3.4953,      0.0000,     -0.0310,      1.6659,      0.1316,      5.5403,     11.0807,      1.1630,     28.2391,     56.4782,      0.0191,      0.0013,      0.0156,      0.2045,   7671.1343,-420013.5938,   -921.9461,    546.8120,  25570.4453,
       1,     167,     325,       4,       1,       3,       1,     10.0000,      1.3931,     42.4909,    246.6444,     62.0713,      3.4953,      0.0000,     -0.0310,      1.5836,      0.1332,      5.5403,     11.0807,      1.1772,     28.2391,     56.4782,      0.0191,      0.0013,      0.0156,      0.2045,   7671.1338,-419619.8438,   -921.9260,    546.8389,  25570.4453,
       1,     167,     325,       5,       1,       3,       1,     10.0000,      1.3931,     42.4909,    246.6444,     62.0713,      3.4953,      0.0000,     -0.0309,      1.0403,      0.1288,      5.5403,     11.0807,      1.1384,     28.2391,     56.4782,      0.0191,      0.0008,      0.0156,      0.2045,   7671.1338,-419484.1562,   -921.9520,    546.8483,  25570.4473,
       1,     167,     325,       6,       1,       3,       1,     10.0000,      1.3931,     42.4909,    246.6444,     62.0713,      3.4953,      0.0000,     -0.0308,      0.6168,      0.1273,      5.5403,     11.0807,      1.1246,     28.2391,     56.4782,      0.0191,      0.0005,      0.0156,      0.2045,   7671.1343,-418797.1250,   -921.8486,    546.8953,  25570.4473,
       1,     167,     325,       7,       1,       3,       1,     10.0000,      1.3931,     42.4909,    246.6444,     62.0713,      3.4953,      0.0000,     -0.0308,      0.3625,      0.1268,      5.5403,     11.0807,      1.1201,     28.2391,     56.4782,      0.0191,      0.0003,      0.0156,      0.2045,   7671.1343,-418212.4375,   -921.7532,    546.9352,  25570.4453,
       1,     167,     325,       8,       1,       3,       1,     10.0000,      1.3931,     42.4909,    246.6444,     62.0713,      3.4953,      0.0147,     -0.0161,      0.0400,      0.1271,      5.5403,     11.0807,      1.1235,     28.2391,     56.4782,      0.0191,      0.0003,      0.0020,      0.2045,   7671.1338,-417847.0625,   -921.6893,    546.9602,  25570.4473,
       1,     167,     325,       9,       1,       3,       1,     10.0000,      1.3931,     42.4909,    246.6444,     62.0713,      3.4953,      0.1091,      0.0773,      3.4067,      0.1545,      5.5403,     11.0807,      1.3655,     28.2391,     56.4782,      0.0191,      0.0003,      0.1381,      0.2045,   7671.1343,-417415.0312,   -921.6268,    546.9897,  25570.4434,
       1,     167,     325,      10,       1,       3,       1,     10.0000,      1.3931,     42.4909,    246.6444,     62.0713,      3.4953,      0.1355,      0.1021,      5.9174,      0.2048,      5.5403,     11.0807,      1.8096,     28.2391,     56.4782,      0.0191,      0.0004,      0.1761,      0.2045,   7671.1333,-421562.4375,   -922.5610,    546.7062,  25570.4453,
       1,     167,     325,      11,       1,       3,       1,     10.0000,      1.3931,     42.4909,    246.6444,     62.0713,      3.4953,      0.1604,      0.1271,      7.0041,      0.2012,      5.5403,     11.0807,      1.7777,     28.2391,     56.4782,      0.0191,      0.0004,      0.2127,      0.2045,   7671.1338,-425035.0938,   -923.5513,    546.4689,  25570.4473,
       1,     167,     325,      12,       1,       3,       1,     10.0000,      1.3931,     42.4909,    246.6444,     62.0713,      3.4953,      0.1668,      0.1325,      8.8293,      0.2370,      5.5403,     11.0807,      2.0943,     28.2391,     56.4782,      0.0191,      0.0005,      0.2221,      0.2045,   7671.1343,-426680.3750,   -924.1411,    546.3565,  25570.4434,
       1,     167,     325,      13,       1,       3,       1,     10.0000,      1.3931,     42.4909,    246.6444,     62.0713,      3.4953,      0.1816,      0.1468,     11.7029,      0.2545,      5.5403,     11.0807,      2.2486,     28.2391,     56.4782,      0.0191,      0.0006,      0.2437,      0.2045,   7671.1333,-429088.9375,   -925.0705,    546.1920,  25570.4453,
       1,     167,     325,      14,       1,       3,       1,     10.0000,      1.3931,     42.4909,    246.6444,     62.0713,      3.4953,      0.1881,      0.1531,     42.6864,      0.2645,      5.5403,     11.0807,      2.3375,     28.2391,     56.4782,      0.0191,      0.0021,      0.2500,      0.2045,   7671.1338,-432865.0625,   -926.3602,    545.9343,  25570.4434,
       1,     167,     325,      15,       1,       3,       1,     10.0000,      1.3931,     42.4909,    246.6444,     62.0713,      3.4953,      0.1889,      0.1550,     90.8246,      0.2215,      5.5403,     11.0807,      1.9576,     28.2391,     56.4782,      0.0191,      0.0046,      0.2451,      0.2045,   7671.1333,-471697.3438,   -934.3812,    543.2844,  25570.4434,
       1,     167,     325,      16,       1,       3,       1,     10.0000,      1.3931,     42.4909,    246.6444,     62.0713,      3.4953,      0.1925,      0.1594,     92.7196,      0.1961,      5.5403,     11.0807,      1.7327,     28.2391,     56.4782,      0.0191,      0.0046,      0.2500,      0.2045,   7671.1333,-534878.2500,   -947.0436,    539.0001,  25570.4453,
       1,     167,     325,      17,       1,       3,       1,     10.0000,      1.3931,     42.4909,    246.6444,     62.0713,      3.4953,      0.1201,      0.0870,     84.9504,      0.1926,      5.5403,     11.0807,      1.7021,     28.2391,     56.4782,      0.0191,      0.0073,      0.1443,      0.2044,   7671.1338,-542630.3750,   -949.1262,    538.4946,  25570.4453,
       1,     167,     325,      18,       1,       3,       1,     10.0000,      1.3931,     42.4909,    246.6444,     62.0713,      3.4953,      0.0164,     -0.0163,      1.2437,      0.1808,      5.5403,     11.0807,      1.5974,     28.2391,     56.4782,      0.0191,      0.0081,      0.0019,      0.2044,   7671.1338,-533592.3750,   -947.9077,    539.1033,  25570.4473,
       1,     167,     325,      19,       1,       3,       1,     10.0000,      1.3931,     42.4909,    246.6444,     62.0713,      3.4953,      0.0057,     -0.0252,      7.9824,      0.1282,      5.5403,     11.0807,      1.1327,     28.2391,     56.4782,      0.0191,      0.0063,      0.0156,      0.2044,   7671.1343,-428623.2812,   -926.6581,    546.1772,  25570.4434,
       1,     167,     325,      20,       1,       3,       1,     10.0000,      1.3931,     42.4909,    246.6444,     62.0713,      3.4953,      0.0003,     -0.0308,      5.4317,      0.1355,      5.5403,     11.0807,      1.1977,     28.2391,     56.4782,      0.0191,      0.0043,      0.0156,      0.2045,   7671.1333,-428259.3750,   -923.5292,    546.2487,  25570.4434,
       1,     167,     325,      21,       1,       3,       1,     10.0000,      1.3931,     42.4909,    246.6444,     62.0713,      3.4953,      0.0000,     -0.0312,      3.4451,      0.1361,      5.5403,     11.0807,      1.2025,     28.2391,     56.4782,      0.0191,      0.0027,      0.0156,      0.2045,   7671.1333,-425000.3125,   -923.1828,    546.4713,  25570.4434,
       1,     167,     325,      22,       1,       3,       1,     10.0000,      1.3931,     42.4909,    246.6444,     62.0713,      3.4953,      0.0000,     -0.0313,      3.7016,      0.1401,      5.5403,     11.0807,      1.2384,     28.2391,     56.4782,      0.0191,      0.0029,      0.0156,      0.2045,   7671.1333,-422254.5625,   -922.7427,    546.6589,  25570.4414,
       1,     167,     325,      23,       1,       3,       1,     10.0000,      1.3931,     42.4909,    246.6444,     62.0713,      3.4953,      0.0000,     -0.0313,      3.5649,      0.1411,      5.5403,     11.0807,      1.2471,     28.2391,     56.4782,      0.0191,      0.0028,      0.0156,      0.2045,   7671.1328,-422340.6250,   -922.9585,    546.6530,  25570.4434,
       1,     167,     325,      24,       1,       3,       1,     10.0000,      1.3931,     42.4909,    246.6444,     62.0713,      3.4953,      0.0000,     -0.0312,      1.3407,      0.1380,      5.5403,     11.0807,      1.2197,     28.2391,     56.4782,      0.0191,      0.0011,      0.0156,      0.2045,   7671.1333,-422177.6562,   -923.1525,    546.6642,  25570.4434,
       1,     167,     326,       1,       1,       3,       1,     10.0000,      1.3931,     42.4912,    246.6502,     62.0728,      3.4953,      0.0000,     -0.0312,      0.8968,      0.1366,      5.5396,     11.0792,      1.2075,     28.2364,     56.4728,      0.0191,      0.0007,      0.0156,      0.2046,   7671.1333,-419554.3438,   -922.9923,    546.8562,  25571.5859,
       1,     167,     326,       2,       1,       3,       1,     10.0000,      1.3931,     42.4912,    246.6502,     62.0728,      3.4953,      0.0000,     -0.0311,      0.5712,      0.1349,      5.5396,     11.0792,      1.1917,     28.2364,     56.4728,      0.0191,      0.0005,      0.0156,      0.2046,   7671.4761,-418627.9062,   -922.5922,    546.9196,  25571.5840,
       1,     167,     326,       3,       1,       3,       1,     10.0000,      1.3931,     42.4912,    246.6502,     62.0728,      3.4953,      0.0000,     -0.0310,      0.3367,      0.1330,      5.5396,     11.0792,      1.1749,     28.2364,     56.4728,      0.0191,      0.0003,      0.0156,      0.2046,   7671.4756,-418144.8438,   -922.5195,    546.9526,  25571.5840,
       1,     167,     326,       4,       1,       3,       1,     10.0000,      1.3931,     42.4912,    246.6502,     62.0728,      3.4953,      0.0000,     -0.0309,      0.3288,      0.1302,      5.5396,     11.0792,      1.1501,     28.2364,     56.4728,      0.0191,      0.0003,      0.0156,      0.2046,   7671.4756,-417812.5000,   -922.4595,    546.9753,  25571.5840,
       1,     167,     326,       5,       1,       3,       1,     10.0000,      1.3931,     42.4912,    246.6502,     62.0728,      3.4953,      0.0000,     -0.0310,      0.3196,      0.1312,      5.5396,     11.0792,      1.1595,     28.2364,     56.4728,      0.0191,      0.0003,      0.0156,      0.2046,   7671.4756,-417774.3750,   -922.4549,    546.9779,  25571.5840,
       1,     167,     326,       6,       1,       3,       1,     10.0000,      1.3931,     42.4912,    246.6502,     62.0728,      3.4953,      0.0000,     -0.0311,      0.3261,      0.1344,      5.5396,     11.0792,      1.1880,     28.2364,     56.4728,      0.0191,      0.0003,      0.0156,      0.2046,   7671.4756,-417759.6562,   -922.4534,    546.9789,  25571.5859,
       1,     167,     326,       7,       1,       3,       1,     10.0000,      1.3931,     42.4912,    246.6502,     62.0728,      3.4953,      0.0000,     -0.0311,      0.3224,      0.1340,      5.5396,     11.0792,      1.1844,     28.2364,     56.4728,      0.0191,      0.0003,      0.0156,      0.2046,   7671.4761,-417766.2500,   -922.4559,    546.9785,  25571.5840,
       1,     167,     326,       8,       1,       3,       1,     10.0000,      1.3931,     42.4912,    246.6502,     62.0728,      3.4953,      0.0082,     -0.0228,      0.3367,      0.1330,      5.5396,     11.0792,      1.1749,     28.2364,     56.4728,      0.0191,      0.0003,      0.0156,      0.2046,   7671.4756,-417762.5625,   -922.4568,    546.9788,  25571.5859,
       1,     167,     326,       9,       1,       3,       1,     10.0000,      1.3931,     42.4912,    246.6502,     62.0728,      3.4953,      0.1119,      0.0802,      3.3102,      0.1487,      5.5396,     11.0792,      1.3143,     28.2364,     56.4728,      0.0191,      0.0003,      0.1422,      0.2046,   7671.4761,-417779.7812,   -922.4739,    546.9776,  25571.5840,
       1,     167,     326,      10,       1,       3,       1,     10.0000,      1.3931,     42.4912,    246.6502,     62.0728,      3.4953,      0.1556,      0.1230,      5.8609,      0.1774,      5.5396,     11.0792,      1.5675,     28.2364,     56.4728,      0.0191,      0.0004,      0.2057,      0.2046,   7671.4756,-421476.0938,   -923.4038,    546.7249,  25571.5820,
       1,     167,     326,      11,       1,       3,       1,     10.0000,      1.3931,     42.4912,    246.6502,     62.0728,      3.4953,      0.1442,      0.1111,      5.8817,      0.1917,      5.5396,     11.0792,      1.6937,     28.2364,     56.4728,      0.0191,      0.0004,      0.1888,      0.2046,   7671.4751,-424960.0000,   -924.5094,    546.4868,  25571.5840,
       1,     167,     326,      12,       1,       3,       1,     10.0000,      1.3931,     42.4912,    246.6502,     62.0728,      3.4953,      0.1828,      0.1494,      8.3190,      0.2062,      5.5396,     11.0792,      1.8221,     28.2364,     56.4728,      0.0191,      0.0004,      0.2456,      0.2046,   7671.4756,-425281.6250,   -924.9184,    546.4649,  25571.5840,
       1,     167,     326,      13,       1,       3,       1,     10.0000,      1.3931,     42.4912,    246.6502,     62.0728,      3.4953,      0.1857,      0.1511,     10.5970,      0.2506,      5.5396,     11.0792,      2.2139,     28.2364,     56.4728,      0.0191,      0.0005,      0.2500,      0.2046,   7671.4756,-428337.7188,   -925.9460,    546.2562,  25571.5840,
       1,     167,     326,      14,       1,       3,       1,     10.0000,      1.3931,     42.4912,    246.6502,     62.0728,      3.4953,      0.0968,      0.0633,     10.8905,      0.2078,      5.5396,     11.0792,      1.8366,     28.2364,     56.4728,      0.0191,      0.0011,      0.1184,      0.2046,   7671.4756,-431428.1250,   -927.5026,    546.0452,  25571.5840,
       1,     167,     326,      15,       1,       3,       1,     10.0000,      1.3931,     42.4912,    246.6502,     62.0728,      3.4953,      0.1734,      0.1400,     61.3356,      0.2040,      5.5396,     11.0792,      1.8025,     28.2364,     56.4728,      0.0191,      0.0034,      0.2255,      0.2046,   7671.4756,-432055.3750,   -927.7735,    546.0023,  25571.5859,
       1,     167,     326,      16,       1,       3,       1,     10.0000,      1.3931,     42.4912,    246.6502,     62.0728,      3.4953,      0.1700,      0.1367,     67.9236,      0.1988,      5.5396,     11.0792,      1.7568,     28.2364,     56.4728,      0.0191,      0.0038,      0.2197,      0.2046,   7671.4761,-494801.9375,   -940.3254,    541.7198,  25571.5840,
       1,     167,     326,      17,       1,       3,       1,     10.0000,      1.3931,     42.4912,    246.6502,     62.0728,      3.4953,      0.1792,      0.1459,     86.4133,      0.2004,      5.5396,     11.0792,      1.7708,     28.2364,     56.4728,      0.0191,      0.0046,      0.2312,      0.2045,   7671.4756,-508367.0625,   -943.5372,    540.8181,  25571.5820,
       1,     167,     326,      18,       1,       3,       1,     10.0000,      1.3931,     42.4912,    246.6502,     62.0728,      3.4953,      0.1235,      0.0905,     81.2096,      0.1896,      5.5396,     11.0792,      1.6754,     28.2364,     56.4728,      0.0191,      0.0067,      0.1498,      0.2045,   7671.4751,-532502.0000,   -948.9125,    539.1873,  25571.5840,
       1,     167,     326,      19,       1,       3,       1,     10.0000,      1.3931,     42.4912,    246.6502,     62.0728,      3.4953,      0.0414,      0.0090,     11.8056,      0.1729,      5.5396,     11.0792,      1.5275,     28.2364,     56.4728,      0.0191,      0.0039,      0.0376,      0.2044,   7671.4756,-528072.9375,   -948.6485,    539.4882,  25571.5840,
       1,     167,     326,      20,       1,       3,       1,     10.0000,      1.3931,     42.4912,    246.6502,     62.0728,      3.4953,      0.0004,     -0.0315,      3.6856,      0.1553,      5.5396,     11.0792,      1.3724,     28.2364,     56.4728,      0.0191,      0.0029,      0.0156,      0.2044,   7671.4756,-441313.4062,   -932.0852,    545.3391,  25571.5840,
       1,     167,     326,      21,       1,       3,       1,     10.0000,      1.3931,     42.4912,    246.6502,     62.0728,      3.4953,      0.0000,     -0.0312,      3.0320,      0.1368,      5.5396,     11.0792,      1.2087,     28.2364,     56.4728,      0.0191,      0.0024,      0.0156,      0.2045,   7671.4756,-423977.6250,   -911.6125,    546.5527,  25571.5859,
       1,     167,     326,      22,       1,       3,       1,     10.0000,      1.3931,     42.4912,    246.6502,     62.0728,      3.4953,      0.0000,     -0.0312,      3.5949,      0.1383,      5.5396,     11.0792,      1.2222,     28.2364,     56.4728,      0.0191,      0.0028,      0.0156,      0.2046,   7671.4761,-421658.3125,   -911.1234,    546.7124,  25571.5859,
       1,     167,     326,      23,       1,       3,       1,     10.0000,      1.3931,     42.4912,    246.6502,     62.0728,      3.4953,      0.0000,     -0.0312,      2.9823,      0.1366,      5.5396,     11.0792,      1.2075,     28.2364,     56.4728,      0.0191,      0.0024,      0.0156,      0.2046,   7671.4761,-422159.2500,   -911.5532,    546.6782,  25571.5859,
       1,     167,     326,      24,       1,       3,       1,     10.0000,      1.3931,     42.4912,    246.6502,     62.0728,      3.4953,      0.0000,     -0.0310,      2.2036,      0.1323,      5.5396,     11.0792,      1.1689,     28.2364,     56.4728,      0.0191,      0.0017,      0.0156,      0.2046,   7671.4761,-421440.5625,   -911.5542,    546.7273,  25571.5859,
       1,     167,     327,       1,       1,       3,       1,     10.0000,      1.3932,     42.4916,    246.6560,     62.0742,      3.4953,      0.0000,     -0.0309,      0.9135,      0.1287,      5.5399,     11.0798,      1.1373,     28.2361,     56.4722,      0.0191,      0.0007,      0.0156,      0.2046,   7671.4761,-420566.5625,   -911.7610,    546.7999,  25572.7266,
       1,     167,     327,       2,       1,       3,       1,     10.0000,      1.3932,     42.4916,    246.6560,     62.0742,      3.4953,      0.0000,     -0.0309,      0.3141,      0.1292,      5.5399,     11.0798,      1.1420,     28.2361,     56.4722,      0.0191,      0.0002,      0.0156,      0.2046,   7671.8184,-418737.3750,   -911.2417,    546.9249,  25572.7266,
       1,     167,     327,       3,       1,       3,       1,     10.0000,      1.3932,     42.4916,    246.6560,     62.0742,      3.4953,      0.0000,     -0.0309,      0.3082,      0.1288,      5.5399,     11.0798,      1.1385,     28.2361,     56.4722,      0.0191,      0.0002,      0.0156,      0.2046,   7671.8184,-417837.4062,   -911.0817,    546.9865,  25572.7246,
       1,     167,     327,       4,       1,       3,       1,     10.0000,      1.3932,     42.4916,    246.6560,     62.0742,      3.4953,      0.0000,     -0.0308,      0.3032,      0.1270,      5.5399,     11.0798,      1.1224,     28.2361,     56.4722,      0.0191,      0.0002,      0.0156,      0.2046,   7671.8179,-417753.6250,   -911.0688,    546.9922,  25572.7266,
       1,     167,     327,       5,       1,       3,       1,     10.0000,      1.3932,     42.4916,    246.6560,     62.0742,      3.4953,      0.0000,     -0.0309,      0.3085,      0.1290,      5.5399,     11.0798,      1.1396,     28.2361,     56.4722,      0.0191,      0.0002,      0.0156,      0.2046,   7671.8184,-417740.2188,   -911.0674,    546.9931,  25572.7266,
       1,     167,     327,       6,       1,       3,       1,     10.0000,      1.3932,     42.4916,    246.6560,     62.0742,      3.4953,      0.0000,     -0.0309,      0.3114,      0.1300,      5.5399,     11.0798,      1.1489,     28.2361,     56.4722,      0.0191,      0.0002,      0.0156,      0.2046,   7671.8184,-417745.7188,   -911.0699,    546.9927,  25572.7246,
       1,     167,     327,       7,       1,       3,       1,     10.0000,      1.3932,     42.4916,    246.6560,     62.0742,      3.4953,      0.0000,     -0.0309,      0.3168,      0.1284,      5.5399,     11.0798,      1.1350,     28.2361,     56.4722,      0.0191,      0.0003,      0.0156,      0.2046,   7671.8179,-417749.9062,   -911.0724,    546.9924,  25572.7266,
       1,     167,     327,       8,       1,       3,       1,     10.0000,      1.3932,     42.4916,    246.6560,     62.0742,      3.4953,      0.0078,     -0.0230,      0.3029,      0.1269,      5.5399,     11.0798,      1.1212,     28.2361,     56.4722,      0.0191,      0.0002,      0.0156,      0.2046,   7671.8184,-417756.8438,   -911.0762,    546.9920,  25572.7266,
       1,     167,     327,       9,       1,       3,       1,     10.0000,      1.3932,     42.4916,    246.6560,     62.0742,      3.4953,      0.0720,      0.0408,      1.7768,      0.1360,      5.5399,     11.0798,      1.2014,     28.2361,     56.4722,      0.0191,      0.0003,      0.0846,      0.2046,   7671.8184,-417740.0625,   -911.1013,    546.9931,  25572.7266,
       1,     167,     327,      10,       1,       3,       1,     10.0000,      1.3932,     42.4916,    246.6560,     62.0742,      3.4953,      0.1543,      0.1218,      5.7404,      0.1756,      5.5399,     11.0798,      1.5521,     28.2361,     56.4722,      0.0191,      0.0003,      0.2038,      0.2046,   7671.8184,-419569.8750,   -911.6319,    546.8680,  25572.7266,
       1,     167,     327,      11,       1,       3,       1,     10.0000,      1.3932,     42.4916,    246.6560,     62.0742,      3.4953,      0.1634,      0.1307,      6.3303,      0.1810,      5.5399,     11.0798,      1.5991,     28.2361,     56.4722,      0.0191,      0.0004,      0.2171,      0.2046,   7671.8184,-424649.9688,   -913.9380,    546.5208,  25572.7266,
       1,     167,     327,      12,       1,       3,       1,     10.0000,      1.3932,     42.4916,    246.6560,     62.0742,      3.4953,      0.1842,      0.1512,      7.7023,      0.1915,      5.5399,     11.0798,      1.6921,     28.2361,     56.4722,      0.0191,      0.0004,      0.2476,      0.2046,   7671.8184,-425814.5938,   -915.2206,    546.4413,  25572.7266,
       1,     167,     327,      13,       1,       3,       1,     10.0000,      1.3932,     42.4916,    246.6560,     62.0742,      3.4953,      0.1858,      0.1522,      8.8012,      0.2132,      5.5399,     11.0798,      1.8842,     28.2361,     56.4722,      0.0191,      0.0004,      0.2500,      0.2046,   7671.8184,-427618.1250,   -916.9490,    546.3182,  25572.7266,
       1,     167,     327,      14,       1,       3,       1,     10.0000,      1.3932,     42.4916,    246.6560,     62.0742,      3.4953,      0.1860,      0.1520,     12.6491,      0.2259,      5.5399,     11.0798,      1.9965,     28.2361,     56.4722,      0.0191,      0.0006,      0.2500,      0.2046,   7671.8184,-429136.6875,   -919.7451,    546.2144,  25572.7266,
       1,     167,     327,      15,       1,       3,       1,     10.0000,      1.3932,     42.4916,    246.6560,     62.0742,      3.4953,      0.1902,      0.1562,     65.9113,      0.2262,      5.5399,     11.0798,      1.9984,     28.2361,     56.4722,      0.0191,      0.0033,      0.2500,      0.2046,   7671.8184,-434047.1562,   -921.7577,    545.8792,  25572.7266,
       1,     167,     327,      16,       1,       3,       1,     10.0000,      1.3932,     42.4916,    246.6560,     62.0742,      3.4953,      0.1903,      0.1563,     67.4149,      0.2264,      5.5399,     11.0798,      2.0004,     28.2361,     56.4722,      0.0191,      0.0033,      0.2500,      0.2046,   7671.8184,-500653.0312,   -935.2922,    541.3344,  25572.7266,
       1,     167,     327,      17,       1,       3,       1,     10.0000,      1.3932,     42.4916,    246.6560,     62.0742,      3.4953,      0.1859,      0.1528,     78.8339,      0.1957,      5.5399,     11.0798,      1.7293,     28.2361,     56.4722,      0.0191,      0.0040,      0.2419,      0.2045,   7671.8184,-508225.1875,   -937.7857,    540.8409,  25572.7285,
       1,     167,     327,      18,       1,       3,       1,     10.0000,      1.3932,     42.4916,    246.6560,     62.0742,      3.4953,      0.1059,      0.0726,     48.2348,      0.2010,      5.5399,     11.0798,      1.7761,     28.2361,     56.4722,      0.0191,      0.0047,      0.1275,      0.2045,   7671.8188,-523048.7500,   -940.4180,    539.8391,  25572.7285,
       1,     167,     327,      19,       1,       3,       1,     10.0000,      1.3932,     42.4916,    246.6560,     62.0742,      3.4953,      0.0257,     -0.0075,      5.8492,      0.1963,      5.5399,     11.0798,      1.7345,     28.2361,     56.4722,      0.0191,      0.0050,      0.0144,      0.2045,   7671.8188,-486228.0938,   -934.2159,    542.3246,  25572.7266,
       1,     167,     327,      20,       1,       3,       1,     10.0000,      1.3932,     42.4916,    246.6560,     62.0742,      3.4953,      0.0010,     -0.0317,      6.2342,      0.1795,      5.5399,     11.0798,      1.5864,     28.2361,     56.4722,      0.0191,      0.0049,      0.0156,      0.2045,   7671.8184,-430417.7500,   -924.1154,    546.1137,  25572.7246,
       1,     167,     327,      21,       1,       3,       1,     10.0000,      1.3932,     42.4916,    246.6560,     62.0742,      3.4953,      0.0000,     -0.0323,      6.4622,      0.1686,      5.5399,     11.0798,      1.4899,     28.2361,     56.4722,      0.0191,      0.0051,      0.0156,      0.2046,   7671.8179,-426201.3125,   -923.6004,    546.4148,  25572.7246,
       1,     167,     327,      22,       1,       3,       1,     10.0000,      1.3932,     42.4916,    246.6560,     62.0742,      3.4953,      0.0000,     -0.0319,      3.9671,      0.1553,      5.5399,     11.0798,      1.3724,     28.2361,     56.4722,      0.0191,      0.0031,      0.0156,      0.2046,   7671.8179,-426110.4062,   -923.8263,    546.4211,  25572.7266,
       1,     167,     327,      23,       1,       3,       1,     10.0000,      1.3932,     42.4916,    246.6560,     62.0742,      3.4953,      0.0000,     -0.0317,      4.1035,      0.1521,      5.5399,     11.0798,      1.3438,     28.2361,     56.4722,      0.0191,      0.0033,      0.0156,      0.2046,   7671.8184,-423002.1250,   -923.3337,    546.6335,  25572.7266,
       1,     167,     327,      24,       1,       3,       1,     10.0000,      1.3932,     42.4916,    246.6560,     62.0742,      3.4953,      0.0000,     -0.0314,      3.8552,      0.1436,      5.5399,     11.0798,      1.2688,     28.2361,     56.4722,      0.0191,      0.0031,      0.0156,      0.2046,   7671.8184,-422907.6875,   -923.4290,    546.6399,  25572.7266,
       1,     167,     328,       1,       1,       3,       1,     10.0000,      1.3932,     42.4919,    246.6618,     62.0757,      3.4953,      0.0000,     -0.0314,      3.1272,      0.1420,      5.5400,     11.0800,      1.2548,     28.2377,     56.4753,      0.0191,      0.0025,      0.0156,      0.2046,   7671.8184,-422745.5312,   -923.7277,    546.6638,  25573.8652,
       1,     167,     328,       2,       1,       3,       1,     10.0000,      1.3932,     42.4919,    246.6618,     62.0757,      3.4953,      0.0000,     -0.0315,      2.7105,      0.1450,      5.5400,     11.0800,      1.2817,     28.2377,     56.4753,      0.0191,      0.0021,      0.0156,      0.2046,   7672.1597,-421675.5938,   -923.3088,    546.7370,  25573.8691,
       1,     167,     328,       3,       1,       3,       1,     10.0000,      1.3932,     42.4919,    246.6618,     62.0757,      3.4953,      0.0000,     -0.0315,      2.2566,      0.1456,      5.5400,     11.0800,      1.2869,     28.2377,     56.4753,      0.0191,      0.0018,      0.0156,      0.2046,   7672.1611,-421066.4375,   -923.2661,    546.7786,  25573.8652,
       1,     167,     328,       4,       1,       3,       1,     10.0000,      1.3932,     42.4919,    246.6618,     62.0757,      3.4953,      0.0000,     -0.0315,      1.8475,      0.1448,      5.5400,     11.0800,      1.2791,     28.2377,     56.4753,      0.0191,      0.0015,      0.0156,      0.2046,   7672.1597,-420451.2500,   -923.2138,    546.8207,  25573.8652,
       1,     167,     328,       5,       1,       3,       1,     10.0000,      1.3932,     42.4919,    246.6618,     62.0757,      3.4953,      0.0000,     -0.0316,      1.2233,      0.1487,      5.5400,     11.0800,      1.3144,     28.2377,     56.4753,      0.0191,      0.0010,      0.0156,      0.2046,   7672.1597,-419890.8438,   -923.1633,    546.8589,  25573.8672,
       1,     167,     328,       6,       1,       3,       1,     10.0000,      1.3932,     42.4919,    246.6618,     62.0757,      3.4953,      0.0000,     -0.0317,      1.1273,      0.1500,      5.5400,     11.0800,      1.3250,     28.2377,     56.4753,      0.0191,      0.0009,      0.0156,      0.2046,   7672.1606,-419067.4688,   -923.0404,    546.9152,  25573.8672,
       1,     167,     328,       7,       1,       3,       1,     10.0000,      1.3932,     42.4919,    246.6618,     62.0757,      3.4953,      0.0000,     -0.0317,      1.0143,      0.1516,      5.5400,     11.0800,      1.3398,     28.2377,     56.4753,      0.0191,      0.0008,      0.0156,      0.2046,   7672.1606,-418878.4062,   -923.0344,    546.9282,  25573.8652,
       1,     167,     328,       8,       1,       3,       1,     10.0000,      1.3932,     42.4919,    246.6618,     62.0757,      3.4953,      0.0058,     -0.0258,      0.9379,      0.1471,      5.5400,     11.0800,      1.2999,     28.2377,     56.4753,      0.0191,      0.0007,      0.0156,      0.2046,   7672.1597,-418722.0938,   -923.0295,    546.9388,  25573.8672,
       1,     167,     328,       9,       1,       3,       1,     10.0000,      1.3932,     42.4919,    246.6618,     62.0757,      3.4953,      0.0597,      0.0284,      4.1971,      0.1396,      5.5400,     11.0800,      1.2334,     28.2377,     56.4753,      0.0191,      0.0008,      0.0662,      0.2046,   7672.1606,-418613.6875,   -923.0324,    546.9462,  25573.8672,
       1,     167,     328,      10,       1,       3,       1,     10.0000,      1.3932,     42.4919,    246.6618,     62.0757,      3.4953,      0.1713,      0.1405,     17.7161,      0.1272,      5.5400,     11.0800,      1.1236,     28.2377,     56.4753,      0.0191,      0.0010,      0.2270,      0.2046,   7672.1606,-422653.4062,   -920.4165,    546.6700,  25573.8672,
       1,     167,     328,      11,       1,       3,       1,     10.0000,      1.3932,     42.4919,    246.6618,     62.0757,      3.4953,      0.1876,      0.1570,     22.7523,      0.1227,      5.5400,     11.0800,      1.0842,     28.2377,     56.4753,      0.0191,      0.0011,      0.2500,      0.2046,   7672.1606,-439791.9062,   -914.8336,    545.4990,  25573.8672,
       1,     167,     328,      12,       1,       3,       1,     10.0000,      1.3932,     42.4919,    246.6618,     62.0757,      3.4953,      0.1882,      0.1577,     29.5685,      0.1188,      5.5400,     11.0800,      1.0494,     28.2377,     56.4753,      0.0191,      0.0015,      0.2500,      0.2046,   7672.1606,-447508.4688,   -917.0264,    544.9741,  25573.8672,
       1,     167,     328,      13,       1,       3,       1,     10.0000,      1.3932,     42.4919,    246.6618,     62.0757,      3.4953,      0.1876,      0.1572,     22.6184,      0.1172,      5.5400,     11.0800,      1.0355,     28.2377,     56.4753,      0.0191,      0.0011,      0.2500,      0.2046,   7672.1606,-456633.0312,   -918.8731,    544.3527,  25573.8672,
       1,     167,     328,      14,       1,       3,       1,     10.0000,      1.3932,     42.4919,    246.6618,     62.0757,      3.4953,      0.1872,      0.1567,     16.9759,      0.1180,      5.5400,     11.0800,      1.0429,     28.2377,     56.4753,      0.0191,      0.0008,      0.2500,      0.2046,   7672.1606,-448768.7812,   -917.3556,    544.8882,  25573.8652,
       1,     167,     328,      15,       1,       3,       1,     10.0000,      1.3932,     42.4919,    246.6618,     62.0757,      3.4953,      0.1869,      0.1564,     13.1178,      0.1178,      5.5400,     11.0800,      1.0408,     28.2377,     56.4753,      0.0191,      0.0006,      0.2500,      0.2046,   7672.1597,-441090.3125,   -915.9567,    545.4115,  25573.8672,
       1,     167,     328,      16,       1,       3,       1,     10.0000,      1.3932,     42.4919,    246.6618,     62.0757,      3.4953,      0.1862,      0.1559,      4.8025,      0.1156,      5.5400,     11.0800,      1.0218,     28.2377,     56.4753,      0.0191,      0.0002,      0.2500,      0.2046,   7672.1606,-435644.9375,   -914.5805,    545.7830,  25573.8652,
       1,     167,     328,      17,       1,       3,       1,     10.0000,      1.3932,     42.4919,    246.6618,     62.0757,      3.4953,      0.1807,      0.1503,      5.1797,      0.1172,      5.5400,     11.0800,      1.0355,     28.2377,     56.4753,      0.0191,      0.0003,      0.2420,      0.2046,   7672.1597,-424850.8438,   -912.1528,    546.5195,  25573.8672,
       1,     167,     328,      18,       1,       3,       1,     10.0000,      1.3932,     42.4919,    246.6618,     62.0757,      3.4953,      0.1621,      0.1314,      6.3054,      0.1251,      5.5400,     11.0800,      1.1054,     28.2377,     56.4753,      0.0191,      0.0004,      0.2150,      0.2046,   7672.1606,-424404.3750,   -913.0748,    546.5505,  25573.8691,
       1,     167,     328,      19,       1,       3,       1,     10.0000,      1.3932,     42.4919,    246.6618,     62.0757,      3.4953,      0.0741,      0.0433,      3.4364,      0.1266,      5.5400,     11.0800,      1.1190,     28.2377,     56.4753,      0.0191,      0.0005,      0.0876,      0.2046,   7672.1611,-425764.2188,   -914.2550,    546.4576,  25573.8652,
       1,     167,     328,      20,       1,       3,       1,     10.0000,      1.3932,     42.4919,    246.6618,     62.0757,      3.4953,      0.0016,     -0.0291,      0.5129,      0.1240,      5.5400,     11.0800,      1.0953,     28.2377,     56.4753,      0.0191,      0.0004,      0.0156,      0.2046,   7672.1597,-422315.8438,   -913.8523,    546.6932,  25573.8672,
       1,     167,     328,      21,       1,       3,       1,     10.0000,      1.3932,     42.4919,    246.6618,     62.0757,      3.4953,      0.0000,     -0.0309,      0.4274,      0.1290,      5.5400,     11.0800,      1.1397,     28.2377,     56.4753,      0.0191,      0.0003,      0.0156,      0.2046,   7672.1606,-418390.8125,   -913.1734,    546.9614,  25573.8672,
       1,     167,     328,      22,       1,       3,       1,     10.0000,      1.3932,     42.4919,    246.6618,     62.0757,      3.4953,      0.0000,     -0.0310,      0.3136,      0.1308,      5.5400,     11.0800,      1.1560,     28.2377,     56.4753,      0.0191,      0.0002,      0.0156,      0.2046,   7672.1606,-417951.4688,   -913.1099,    546.9915,  25573.8672,
       1,     167,     328,      23,       1,       3,       1,     10.0000,      1.3932,     42.4919,    246.6618,     62.0757,      3.4953,      0.0000,     -0.0308,      0.3580,      0.1277,      5.5400,     11.0800,      1.1281,     28.2377,     56.4753,      0.0191,      0.0003,      0.0156,      0.2046,   7672.1606,-417772.7500,   -913.0790,    547.0038,  25573.8672,
       1,     167,     328,      24,       1,       3,       1,     10.0000,      1.3932,     42.4919,    246.6618,     62.0757,      3.4953,      0.0000,     -0.0308,      0.3187,      0.1274,      5.5400,     11.0800,      1.1258,     28.2377,     56.4753,      0.0191,      0.0003,      0.0156,      0.2046,   7672.1606,-417812.6875,   -913.0942,    547.0010,  25573.8652,
       1,     167,     329,       1,       1,       3,       1,     10.0000,      1.3932,     42.4922,    246.6676,     62.0771,      3.4953,      0.0000,     -0.0310,      0.3526,      0.1316,      5.5397,     11.0794,      1.1631,     28.2431,     56.4862,      0.0191,      0.0003,      0.0156,      0.2046,   7672.1597,-417922.4688,   -913.3766,    547.0063,  25575.0059,
       1,     167,     329,       2,       1,       3,       1,     10.0000,      1.3932,     42.4922,    246.6676,     62.0771,      3.4953,      0.0000,     -0.0312,      0.4802,      0.1367,      5.5397,     11.0794,      1.2075,     28.2431,     56.4862,      0.0191,      0.0004,      0.0156,      0.2046,   7672.5020,-417822.0000,   -913.1110,    547.0132,  25575.0078,
       1,     167,     329,       3,       1,       3,       1,     10.0000,      1.3932,     42.4922,    246.6676,     62.0771,      3.4953,      0.0000,     -0.0313,      0.8076,      0.1412,      5.5397,     11.0794,      1.2473,     28.2431,     56.4862,      0.0191,      0.0006,      0.0156,      0.2046,   7672.5024,-417971.5625,   -913.1557,    547.0029,  25575.0039,
       1,     167,     329,       4,       1,       3,       1,     10.0000,      1.3932,     42.4922,    246.6676,     62.0771,      3.4953,      0.0000,     -0.0314,      0.6927,      0.1430,      5.5397,     11.0794,      1.2638,     28.2431,     56.4862,      0.0191,      0.0005,      0.0156,      0.2046,   7672.5015,-418391.6250,   -913.2875,    546.9742,  25575.0078,
       1,     167,     329,       5,       1,       3,       1,     10.0000,      1.3932,     42.4922,    246.6676,     62.0771,      3.4953,      0.0000,     -0.0315,      0.3824,      0.1453,      5.5397,     11.0794,      1.2843,     28.2431,     56.4862,      0.0191,      0.0003,      0.0156,      0.2046,   7672.5024,-418283.9062,   -913.3071,    546.9816,  25575.0039,
       1,     167,     329,       6,       1,       3,       1,     10.0000,      1.3932,     42.4922,    246.6676,     62.0771,      3.4953,      0.0000,     -0.0313,      0.3385,      0.1399,      5.5397,     11.0794,      1.2360,     28.2431,     56.4862,      0.0191,      0.0003,      0.0156,      0.2046,   7672.5015,-417889.8438,   -913.2421,    547.0085,  25575.0059,
       1,     167,     329,       7,       1,       3,       1,     10.0000,      1.3932,     42.4922,    246.6676,     62.0771,      3.4953,      0.0000,     -0.0311,      0.3228,      0.1342,      5.5397,     11.0794,      1.1857,     28.2431,     56.4862,      0.0191,      0.0003,      0.0156,      0.2046,   7672.5020,-417801.7812,   -913.2274,    547.0145,  25575.0059,
       1,     167,     329,       8,       1,       3,       1,     10.0000,      1.3932,     42.4922,    246.6676,     62.0771,      3.4953,      0.0057,     -0.0254,      0.5260,      0.1341,      5.5397,     11.0794,      1.1845,     28.2431,     56.4862,      0.0191,      0.0004,      0.0156,      0.2046,   7672.5020,-417774.8750,   -913.2242,    547.0164,  25575.0059,
       1,     167,     329,       9,       1,       3,       1,     10.0000,      1.3932,     42.4922,    246.6676,     62.0771,      3.4953,      0.0616,      0.0299,      2.2015,      0.1497,      5.5397,     11.0794,      1.3224,     28.2431,     56.4862,      0.0191,      0.0004,      0.0689,      0.2046,   7672.5020,-418024.6875,   -913.3074,    546.9993,  25575.0059,
       1,     167,     329,      10,       1,       3,       1,     10.0000,      1.3932,     42.4922,    246.6676,     62.0771,      3.4953,      0.1164,      0.0838,      8.8824,      0.1758,      5.5397,     11.0794,      1.5537,     28.2431,     56.4862,      0.0191,      0.0007,      0.1478,      0.2046,   7672.5020,-420127.2188,   -913.8835,    546.8555,  25575.0059,
       1,     167,     329,      11,       1,       3,       1,     10.0000,      1.3932,     42.4922,    246.6676,     62.0771,      3.4953,      0.1696,      0.1363,      8.9776,      0.1990,      5.5397,     11.0794,      1.7587,     28.2431,     56.4862,      0.0191,      0.0005,      0.2259,      0.2046,   7672.5020,-428604.6250,   -916.0543,    546.2761,  25575.0078,
       1,     167,     329,      12,       1,       3,       1,     10.0000,      1.3932,     42.4922,    246.6676,     62.0771,      3.4953,      0.1769,      0.1434,      8.1916,      0.2099,      5.5397,     11.0794,      1.8549,     28.2431,     56.4862,      0.0191,      0.0004,      0.2369,      0.2046,   7672.5024,-429443.1562,   -916.9470,    546.2191,  25575.0078,
       1,     167,     329,      13,       1,       3,       1,     10.0000,      1.3932,     42.4922,    246.6676,     62.0771,      3.4953,      0.1797,      0.1456,     10.5059,      0.2288,      5.5397,     11.0794,      2.0221,     28.2431,     56.4862,      0.0191,      0.0005,      0.2408,      0.2046,   7672.5024,-428537.3438,   -917.5781,    546.2809,  25575.0059,
       1,     167,     329,      14,       1,       3,       1,     10.0000,      1.3932,     42.4922,    246.6676,     62.0771,      3.4953,      0.1525,      0.1191,     15.9286,      0.2046,      5.5397,     11.0794,      1.8080,     28.2431,     56.4862,      0.0191,      0.0010,      0.2000,      0.2046,   7672.5020,-431336.0938,   -914.3110,    546.0898,  25575.0039,
       1,     167,     329,      15,       1,       3,       1,     10.0000,      1.3932,     42.4922,    246.6676,     62.0771,      3.4953,      0.0602,      0.0264,     12.9246,      0.2175,      5.5397,     11.0794,      1.9217,     28.2431,     56.4862,      0.0191,      0.0025,      0.0639,      0.2046,   7672.5015,-438310.7500,   -914.8013,    545.6138,  25575.0039,
       1,     167,     329,      16,       1,       3,       1,     10.0000,      1.3932,     42.4922,    246.6676,     62.0771,      3.4953,      0.0605,      0.0270,     21.6692,      0.2068,      5.5397,     11.0794,      1.8277,     28.2431,     56.4862,      0.0191,      0.0042,      0.0635,      0.2046,   7672.5015,-435170.6250,   -913.7982,    545.8282,  25575.0059,
       1,     167,     329,      17,       1,       3,       1,     10.0000,      1.3932,     42.4922,    246.6676,     62.0771,      3.4953,      0.0616,      0.0279,     24.7202,      0.2145,      5.5397,     11.0794,      1.8954,     28.2431,     56.4862,      0.0191,      0.0047,      0.0646,      0.2046,   7672.5020,-445768.3438,   -916.6512,    545.1051,  25575.0059,
       1,     167,     329,      18,       1,       3,       1,     10.0000,      1.3932,     42.4922,    246.6676,     62.0771,      3.4953,      0.0365,      0.0031,     13.1509,      0.2036,      5.5397,     11.0794,      1.7991,     28.2431,     56.4862,      0.0191,      0.0056,      0.0292,      0.2046,   7672.5020,-450459.9375,   -918.4632,    544.7859,  25575.0059,
       1,     167,     329,      19,       1,       3,       1,     10.0000,      1.3932,     42.4922,    246.6676,     62.0771,      3.4953,      0.0159,     -0.0168,      0.3237,      0.1817,      5.5397,     11.0794,      1.6055,     28.2431,     56.4862,      0.0191,      0.0032,      0.0013,      0.2046,   7672.5020,-436480.0312,   -916.8647,    545.7380,  25575.0059,
       1,     167,     329,      20,       1,       3,       1,     10.0000,      1.3932,     42.4922,    246.6676,     62.0771,      3.4953,      0.0002,     -0.0323,      4.4860,      0.1739,      5.5397,     11.0794,      1.5367,     28.2431,     56.4862,      0.0191,      0.0036,      0.0156,      0.2046,   7672.5020,-419360.0312,   -914.0942,    546.9067,  25575.0078,
       1,     167,     329,      21,       1,       3,       1,     10.0000,      1.3932,     42.4922,    246.6676,     62.0771,      3.4953,      0.0000,     -0.0323,      4.2004,      0.1671,      5.5397,     11.0794,      1.4766,     28.2431,     56.4862,      0.0191,      0.0033,      0.0156,      0.2046,   7672.5024,-423079.5312,   -915.1979,    546.6537,  25575.0059,
       1,     167,     329,      22,       1,       3,       1,     10.0000,      1.3932,     42.4922,    246.6676,     62.0771,      3.4953,      0.0000,     -0.0321,      4.8066,      0.1627,      5.5397,     11.0794,      1.4373,     28.2431,     56.4862,      0.0191,      0.0038,      0.0156,      0.2046,   7672.5020,-423039.5938,   -915.5883,    546.6565,  25575.0059,
       1,     167,     329,      23,       1,       3,       1,     10.0000,      1.3932,     42.4922,    246.6676,     62.0771,      3.4953,      0.0000,     -0.0317,      4.4654,      0.1506,      5.5397,     11.0794,      1.3304,     28.2431,     56.4862,      0.0191,      0.0035,      0.0156,      0.2046,   7672.5020,-423789.1250,   -916.2079,    546.6053,  25575.0059,
       1,     167,     329,      24,       1,       3,       1,     10.0000,      1.3932,     42.4922,    246.6676,     62.0771,      3.4953,      0.0000,     -0.0316,      3.7188,      0.1489,      5.5397,     11.0794,      1.3158,     28.2431,     56.4862,      0.0191,      0.0029,      0.0156,      0.2046,   7672.5020,-423428.9062,   -916.4757,    546.6299,  25575.0078,
       1,     167,     330,       1,       1,       3,       1,     10.0000,      1.3932,     42.4926,    246.6734,     62.0786,      3.4953,      0.0000,     -0.0314,      2.7959,      0.1426,      5.5412,     11.0824,      1.2600,     28.2308,     56.4617,      0.0191,      0.0022,      0.0156,      0.2047,   7672.5024,-422624.8750,   -916.8704,    546.6978,  25576.1465,
       1,     167,     330,       2,       1,       3,       1,     10.0000,      1.3932,     42.4926,    246.6734,     62.0786,      3.4953,      0.0000,     -0.0314,      2.5772,      0.1430,      5.5412,     11.0824,      1.2638,     28.2308,     56.4617,      0.0191,      0.0020,      0.0156,      0.2047,   7672.8442,-421258.5000,   -916.5189,    546.7912,  25576.1445,
       1,     167,     330,       3,       1,       3,       1,     10.0000,      1.3932,     42.4926,    246.6734,     62.0786,      3.4953,      0.0000,     -0.0316,      2.7417,      0.1480,      5.5412,     11.0824,      1.3079,     28.2308,     56.4617,      0.0191,      0.0022,      0.0156,      0.2047,   7672.8438,-420870.9688,   -916.6227,    546.8177,  25576.1445,
       1,     167,     330,       4,       1,       3,       1,     10.0000,      1.3932,     42.4926,    246.6734,     62.0786,      3.4953,      0.0000,     -0.0317,      2.1494,      0.1501,      5.5412,     11.0824,      1.3264,     28.2308,     56.4617,      0.0191,      0.0017,      0.0156,      0.2047,   7672.8438,-421042.4062,   -916.8854,    546.8060,  25576.1426,
       1,     167,     330,       5,       1,       3,       1,     10.0000,      1.3932,     42.4926,    246.6734,     62.0786,      3.4953,      0.0000,     -0.0316,      2.2186,      0.1473,      5.5412,     11.0824,      1.3013,     28.2308,     56.4617,      0.0191,      0.0018,      0.0156,      0.2047,   7672.8433,-420321.6562,   -916.9348,    546.8552,  25576.1445,
       1,     167,     330,       6,       1,       3,       1,     10.0000,      1.3932,     42.4926,    246.6734,     62.0786,      3.4953,      0.0000,     -0.0315,      1.5311,      0.1465,      5.5412,     11.0824,      1.2947,     28.2308,     56.4617,      0.0191,      0.0012,      0.0156,      0.2047,   7672.8438,-420346.0000,   -917.1167,    546.8536,  25576.1445,
       1,     167,     330,       7,       1,       3,       1,     10.0000,      1.3932,     42.4926,    246.6734,     62.0786,      3.4953,      0.0000,     -0.0316,      1.6279,      0.1479,      5.5412,     11.0824,      1.3065,     28.2308,     56.4617,      0.0191,      0.0013,      0.0156,      0.2047,   7672.8438,-419494.2188,   -917.0641,    546.9117,  25576.1445,
       1,     167,     330,       8,       1,       3,       1,     10.0000,      1.3932,     42.4926,    246.6734,     62.0786,      3.4953,      0.0089,     -0.0227,      1.7204,      0.1470,      5.5412,     11.0824,      1.2987,     28.2308,     56.4617,      0.0191,      0.0014,      0.0156,      0.2047,   7672.8438,-419542.1562,   -917.1750,    546.9085,  25576.1445,
       1,     167,     330,       9,       1,       3,       1,     10.0000,      1.3932,     42.4926,    246.6734,     62.0786,      3.4953,      0.1292,      0.0974,     18.6985,      0.1539,      5.5412,     11.0824,      1.3602,     28.2308,     56.4617,      0.0191,      0.0014,      0.1656,      0.2047,   7672.8438,-419661.0938,   -917.3118,    546.9003,  25576.1445,
       1,     167,     330,      10,       1,       3,       1,     10.0000,      1.3932,     42.4926,    246.6734,     62.0786,      3.4953,      0.1690,      0.1363,     26.3296,      0.1808,      5.5412,     11.0824,      1.5976,     28.2308,     56.4617,      0.0191,      0.0015,      0.2230,      0.2047,   7672.8438,-440758.0938,   -921.7887,    545.4581,  25576.1445,
       1,     167,     330,      11,       1,       3,       1,     10.0000,      1.3932,     42.4926,    246.6734,     62.0786,      3.4953,      0.1789,      0.1455,     27.8313,      0.2042,      5.5412,     11.0824,      1.8044,     28.2308,     56.4617,      0.0191,      0.0014,      0.2374,      0.2046,   7672.8438,-452034.9062,   -924.7438,    544.6912,  25576.1445,
       1,     167,     330,      12,       1,       3,       1,     10.0000,      1.3932,     42.4926,    246.6734,     62.0786,      3.4953,      0.1875,      0.1535,     31.8192,      0.2284,      5.5412,     11.0824,      2.0182,     28.2308,     56.4617,      0.0191,      0.0016,      0.2500,      0.2046,   7672.8438,-454856.1250,   -926.0346,    544.4996,  25576.1445,
       1,     167,     330,      13,       1,       3,       1,     10.0000,      1.3932,     42.4926,    246.6734,     62.0786,      3.4953,      0.1792,      0.1446,     23.9452,      0.2479,      5.5412,     11.0824,      2.1906,     28.2308,     56.4617,      0.0191,      0.0012,      0.2388,      0.2046,   7672.8438,-460050.1562,   -927.9777,    544.1461,  25576.1445,
       1,     167,     330,      14,       1,       3,       1,     10.0000,      1.3932,     42.4926,    246.6734,     62.0786,      3.4953,      0.1718,      0.1379,     21.6134,      0.2227,      5.5412,     11.0824,      1.9675,     28.2308,     56.4617,      0.0191,      0.0012,      0.2279,      0.2046,   7672.8438,-450705.2812,   -926.9256,    544.7819,  25576.1445,
       1,     167,     330,      15,       1,       3,       1,     10.0000,      1.3932,     42.4926,    246.6734,     62.0786,      3.4953,      0.1826,      0.1489,     52.7931,      0.2156,      5.5412,     11.0824,      1.9048,     28.2308,     56.4617,      0.0191,      0.0027,      0.2402,      0.2046,   7672.8438,-447017.0938,   -916.3355,    545.0334,  25576.1445,
       1,     167,     330,      16,       1,       3,       1,     10.0000,      1.3932,     42.4926,    246.6734,     62.0786,      3.4953,      0.1813,      0.1475,     85.1555,      0.2185,      5.5412,     11.0824,      1.9312,     28.2308,     56.4617,      0.0191,      0.0045,      0.2346,      0.2046,   7672.8438,-485444.6875,   -924.9045,    542.4153,  25576.1465,
       1,     167,     330,      17,       1,       3,       1,     10.0000,      1.3932,     42.4926,    246.6734,     62.0786,      3.4953,      0.1734,      0.1398,    101.8448,      0.2124,      5.5412,     11.0824,      1.8769,     28.2308,     56.4617,      0.0191,      0.0057,      0.2210,      0.2046,   7672.8442,-528952.1875,   -934.7245,    539.4718,  25576.1445,
       1,     167,     330,      18,       1,       3,       1,     10.0000,      1.3932,     42.4926,    246.6734,     62.0786,      3.4953,      0.1374,      0.1041,     82.3876,      0.1996,      5.5412,     11.0824,      1.7640,     28.2308,     56.4617,      0.0191,      0.0060,      0.1700,      0.2046,   7672.8438,-553412.3750,   -941.1533,    537.8303,  25576.1426,
       1,     167,     330,      19,       1,       3,       1,     10.0000,      1.3932,     42.4926,    246.6734,     62.0786,      3.4953,      0.0429,      0.0101,     14.6511,      0.1855,      5.5412,     11.0824,      1.6394,     28.2308,     56.4617,      0.0191,      0.0046,      0.0391,      0.2045,   7672.8433,-531262.8125,   -938.6198,    539.3219,  25576.1426,
       1,     167,     330,      20,       1,       3,       1,     10.0000,      1.3932,     42.4926,    246.6734,     62.0786,      3.4953,      0.0008,     -0.0319,      4.9018,      0.1785,      5.5412,     11.0824,      1.5771,     28.2308,     56.4617,      0.0191,      0.0039,      0.0156,      0.2045,   7672.8433,-445122.8750,   -923.4665,    545.1312,  25576.1445,
       1,     167,     330,      21,       1,       3,       1,     10.0000,      1.3932,     42.4926,    246.6734,     62.0786,      3.4953,      0.0000,     -0.0325,      5.5585,      0.1746,      5.5412,     11.0824,      1.5429,     28.2308,     56.4617,      0.0191,      0.0044,      0.0156,      0.2046,   7672.8438,-425818.8750,   -920.3303,    546.4779,  25576.1445,
       1,     167,     330,      22,       1,       3,       1,     10.0000,      1.3932,     42.4926,    246.6734,     62.0786,      3.4953,      0.0000,     -0.0324,      5.2952,      0.1705,      5.5412,     11.0824,      1.5064,     28.2308,     56.4617,      0.0191,      0.0042,      0.0156,      0.2047,   7672.8438,-424963.1250,   -920.6252,    546.5380,  25576.1426,
       1,     167,     330,      23,       1,       3,       1,     10.0000,      1.3932,     42.4926,    246.6734,     62.0786,      3.4953,      0.0000,     -0.0324,      5.0331,      0.1725,      5.5412,     11.0824,      1.5246,     28.2308,     56.4617,      0.0191,      0.0040,      0.0156,      0.2047,   7672.8433,-424561.8125,   -920.9602,    546.5654,  25576.1465,
       1,     167,     330,      24,       1,       3,       1,     10.0000,      1.3932,     42.4926,    246.6734,     62.0786,      3.4953,      0.0000,     -0.0324,      4.1357,      0.1720,      5.5412,     11.0824,      1.5200,     28.2308,     56.4617,      0.0191,      0.0033,      0.0156,      0.2047,   7672.8442,-424201.6562,   -921.2690,    546.5900,  25576.1426,
       1,     167,     331,       1,       1,       3,       1,     10.0000,      1.3932,     42.4929,    246.6792,     62.0801,      3.4953,      0.0000,     -0.0323,      3.4565,      0.1683,      5.5402,     11.0804,      1.4870,     28.2343,     56.4687,      0.0191,      0.0027,      0.0156,      0.2047,   7672.8433,-423211.2188,   -921.6380,    546.6706,  25577.2852,
       1,     167,     331,       2,       1,       3,       1,     10.0000,      1.3932,     42.4929,    246.6792,     62.0801,      3.4953,      0.0000,     -0.0322,      3.1998,      0.1646,      5.5402,     11.0804,      1.4547,     28.2343,     56.4687,      0.0191,      0.0025,      0.0156,      0.2047,   7673.1860,-422131.2500,   -921.4014,    546.7443,  25577.2832,
       1,     167,     331,       3,       1,       3,       1,     10.0000,      1.3932,     42.4929,    246.6792,     62.0801,      3.4953,      0.0000,     -0.0322,      2.8581,      0.1641,      5.5402,     11.0804,      1.4503,     28.2343,     56.4687,      0.0191,      0.0023,      0.0156,      0.2047,   7673.1851,-421721.1562,   -921.5254,    546.7724,  25577.2832,
       1,     167,     331,       4,       1,       3,       1,     10.0000,      1.3932,     42.4929,    246.6792,     62.0801,      3.4953,      0.0000,     -0.0320,      2.9713,      0.1610,      5.5402,     11.0804,      1.4230,     28.2343,     56.4687,      0.0191,      0.0024,      0.0156,      0.2047,   7673.1851,-421261.8750,   -921.6127,    546.8038,  25577.2852,
       1,     167,     331,       5,       1,       3,       1,     10.0000,      1.3932,     42.4929,    246.6792,     62.0801,      3.4953,      0.0000,     -0.0320,      2.8082,      0.1606,      5.5402,     11.0804,      1.4188,     28.2343,     56.4687,      0.0191,      0.0022,      0.0156,      0.2047,   7673.1860,-421363.3125,   -921.8045,    546.7969,  25577.2871,
       1,     167,     331,       6,       1,       3,       1,     10.0000,      1.3932,     42.4929,    246.6792,     62.0801,      3.4953,      0.0000,     -0.0318,      2.4879,      0.1544,      5.5402,     11.0804,      1.3643,     28.2343,     56.4687,      0.0191,      0.0020,      0.0156,      0.2047,   7673.1865,-421169.1250,   -921.9219,    546.8102,  25577.2871,
       1,     167,     331,       7,       1,       3,       1,     10.0000,      1.3932,     42.4929,    246.6792,     62.0801,      3.4953,      0.0000,     -0.0318,      2.4214,      0.1535,      5.5402,     11.0804,      1.3561,     28.2343,     56.4687,      0.0191,      0.0019,      0.0156,      0.2047,   7673.1865,-420754.8125,   -921.9744,    546.8385,  25577.2852,
       1,     167,     331,       8,       1,       3,       1,     10.0000,      1.3932,     42.4929,    246.6792,     62.0801,      3.4953,      0.0072,     -0.0246,      2.3886,      0.1547,      5.5402,     11.0804,      1.3671,     28.2343,     56.4687,      0.0191,      0.0019,      0.0156,      0.2047,   7673.1860,-420637.3125,   -922.0767,    546.8466,  25577.2852,
       1,     167,     331,       9,       1,       3,       1,     10.0000,      1.3932,     42.4929,    246.6792,     62.0801,      3.4953,      0.1203,      0.0882,     20.6392,      0.1622,      5.5402,     11.0804,      1.4330,     28.2343,     56.4687,      0.0191,      0.0017,      0.1523,      0.2047,   7673.1860,-420586.5625,   -922.1915,    546.8500,  25577.2852,
       1,     167,     331,      10,       1,       3,       1,     10.0000,      1.3932,     42.4929,    246.6792,     62.0801,      3.4953,      0.1383,      0.1055,     27.7068,      0.1844,      5.5402,     11.0804,      1.6297,     28.2343,     56.4687,      0.0191,      0.0019,      0.1778,      0.2047,   7673.1860,-443247.2500,   -926.7247,    545.3010,  25577.2852,
       1,     167,     331,      11,       1,       3,       1,     10.0000,      1.3932,     42.4929,    246.6792,     62.0801,      3.4953,      0.1740,      0.1404,     35.8025,      0.2103,      5.5402,     11.0804,      1.8586,     28.2343,     56.4687,      0.0191,      0.0019,      0.2293,      0.2047,   7673.1860,-453956.5000,   -929.0993,    544.5732,  25577.2852,
       1,     167,     331,      12,       1,       3,       1,     10.0000,      1.3932,     42.4929,    246.6792,     62.0801,      3.4953,      0.1839,      0.1496,     43.8415,      0.2373,      5.5402,     11.0804,      2.0967,     28.2343,     56.4687,      0.0191,      0.0022,      0.2434,      0.2047,   7673.1860,-464921.6875,   -931.7489,    543.8273,  25577.2871,
       1,     167,     331,      13,       1,       3,       1,     10.0000,      1.3932,     42.4929,    246.6792,     62.0801,      3.4953,      0.1885,      0.1545,     44.0681,      0.2257,      5.5402,     11.0804,      1.9947,     28.2343,     56.4687,      0.0191,      0.0022,      0.2500,      0.2046,   7673.1865,-475841.2812,   -934.6376,    543.0855,  25577.2852,
       1,     167,     331,      14,       1,       3,       1,     10.0000,      1.3932,     42.4929,    246.6792,     62.0801,      3.4953,      0.1891,      0.1550,     50.9609,      0.2260,      5.5402,     11.0804,      1.9966,     28.2343,     56.4687,      0.0191,      0.0025,      0.2500,      0.2046,   7673.1860,-477048.4688,   -935.4698,    543.0041,  25577.2852,
       1,     167,     331,      15,       1,       3,       1,     10.0000,      1.3932,     42.4929,    246.6792,     62.0801,      3.4953,      0.1856,      0.1517,     72.3389,      0.2198,      5.5402,     11.0804,      1.9426,     28.2343,     56.4687,      0.0191,      0.0037,      0.2423,      0.2046,   7673.1860,-485717.1250,   -937.6581,    542.4156,  25577.2871,
       1,     167,     331,      16,       1,       3,       1,     10.0000,      1.3932,     42.4929,    246.6792,     62.0801,      3.4953,      0.1901,      0.1563,     95.5631,      0.2166,      5.5402,     11.0804,      1.9142,     28.2343,     56.4687,      0.0191,      0.0048,      0.2463,      0.2046,   7673.1865,-513025.9375,   -943.4719,    540.5643,  25577.2852,
       1,     167,     331,      17,       1,       3,       1,     10.0000,      1.3932,     42.4929,    246.6792,     62.0801,      3.4953,      0.1594,      0.1260,     97.1634,      0.2040,      5.5402,     11.0804,      1.8027,     28.2343,     56.4687,      0.0191,      0.0060,      0.2007,      0.2046,   7673.1860,-544227.3125,   -950.1742,    538.4592,  25577.2832,
       1,     167,     331,      18,       1,       3,       1,     10.0000,      1.3932,     42.4929,    246.6792,     62.0801,      3.4953,      0.1409,      0.1078,     81.8954,      0.1938,      5.5402,     11.0804,      1.7125,     28.2343,     56.4687,      0.0191,      0.0058,      0.1752,      0.2046,   7673.1851,-548865.6875,   -951.7475,    538.1511,  25577.2852,
       1,     167,     331,      19,       1,       3,       1,     10.0000,      1.3932,     42.4929,    246.6792,     62.0801,      3.4953,      0.0380,      0.0053,     13.6687,      0.1819,      5.5402,     11.0804,      1.6072,     28.2343,     56.4687,      0.0191,      0.0053,      0.0321,      0.2045,   7673.1860,-530254.1875,   -948.7298,    539.4032,  25577.2832,
       1,     167,     331,      20,       1,       3,       1,     10.0000,      1.3932,     42.4929,    246.6792,     62.0801,      3.4953,      0.0011,     -0.0313,      6.3060,      0.1717,      5.5402,     11.0804,      1.5170,     28.2343,     56.4687,      0.0191,      0.0050,      0.0156,      0.2046,   7673.1851,-443815.8750,   -932.2115,    545.2328,  25577.2832,
       1,     167,     331,      21,       1,       3,       1,     10.0000,      1.3932,     42.4929,    246.6792,     62.0801,      3.4953,      0.0000,     -0.0322,      6.0778,      0.1655,      5.5402,     11.0804,      1.4620,     28.2343,     56.4687,      0.0191,      0.0048,      0.0156,      0.2047,   7673.1851,-427455.4062,   -929.0993,    546.3794,  25577.2832,
       1,     167,     331,      22,       1,       3,       1,     10.0000,      1.3932,     42.4929,    246.6792,     62.0801,      3.4953,      0.0000,     -0.0321,      5.5110,      0.1628,      5.5402,     11.0804,      1.4388,     28.2343,     56.4687,      0.0191,      0.0044,      0.0156,      0.2047,   7673.1851,-425748.7500,   -928.8037,    546.4972,  25577.2832,
       1,     167,     331,      23,       1,       3,       1,     10.0000,      1.3932,     42.4929,    246.6792,     62.0801,      3.4953,      0.0000,     -0.0321,      4.9991,      0.1617,      5.5402,     11.0804,      1.4287,     28.2343,     56.4687,      0.0191,      0.0040,      0.0156,      0.2047,   7673.1851,-424898.3750,   -928.6636,    546.5553,  25577.2812,
       1,     167,     331,      24,       1,       3,       1,     10.0000,      1.3932,     42.4929,    246.6792,     62.0801,      3.4953,      0.0000,     -0.0321,      4.0214,      0.1614,      5.5402,     11.0804,      1.4259,     28.2343,     56.4687,      0.0191,      0.0032,      0.0156,      0.2047,   7673.1846,-424190.9375,   -928.5451,    546.6037,  25577.2832,
       1,     167,     332,       1,       1,       3,       1,     10.0000,      1.3933,     42.4932,    246.6850,     62.0815,      3.4953,      0.0000,     -0.0320,      3.2996,      0.1598,      5.5404,     11.0807,      1.4117,     28.2372,     56.4744,      0.0191,      0.0026,      0.0156,      0.2047,   7673.1851,-423070.4375,   -928.6150,    546.6930,  25578.4258,
       1,     167,     332,       2,       1,       3,       1,     10.0000,      1.3933,     42.4932,    246.6850,     62.0815,      3.4953,      0.0000,     -0.0320,      2.7766,      0.1583,      5.5404,     11.0807,      1.3990,     28.2372,     56.4744,      0.0191,      0.0022,      0.0156,      0.2047,   7673.5278,-421927.0000,   -928.1281,    546.7711,  25578.4238,
       1,     167,     332,       3,       1,       3,       1,     10.0000,      1.3933,     42.4932,    246.6850,     62.0815,      3.4953,      0.0000,     -0.0319,      2.5600,      0.1575,      5.5404,     11.0807,      1.3920,     28.2372,     56.4744,      0.0191,      0.0020,      0.0156,      0.2047,   7673.5273,-421180.7188,   -927.9886,    546.8221,  25578.4238,
       1,     167,     332,       4,       1,       3,       1,     10.0000,      1.3933,     42.4932,    246.6850,     62.0815,      3.4953,      0.0000,     -0.0317,      2.4248,      0.1518,      5.5404,     11.0807,      1.3412,     28.2372,     56.4744,      0.0191,      0.0019,      0.0156,      0.2047,   7673.5273,-420848.3438,   -927.9275,    546.8448,  25578.4238,
       1,     167,     332,       5,       1,       3,       1,     10.0000,      1.3933,     42.4932,    246.6850,     62.0815,      3.4953,      0.0000,     -0.0316,      2.4082,      0.1495,      5.5404,     11.0807,      1.3212,     28.2372,     56.4744,      0.0191,      0.0019,      0.0156,      0.2047,   7673.5273,-420652.3438,   -927.8314,    546.8583,  25578.4238,
       1,     167,     332,       6,       1,       3,       1,     10.0000,      1.3933,     42.4932,    246.6850,     62.0815,      3.4953,      0.0000,     -0.0317,      2.4499,      0.1504,      5.5404,     11.0807,      1.3292,     28.2372,     56.4744,      0.0191,      0.0019,      0.0156,      0.2047,   7673.5273,-420615.0312,   -927.8510,    546.8608,  25578.4258,
       1,     167,     332,       7,       1,       3,       1,     10.0000,      1.3933,     42.4932,    246.6850,     62.0815,      3.4953,      0.0000,     -0.0317,      2.1762,      0.1515,      5.5404,     11.0807,      1.3385,     28.2372,     56.4744,      0.0191,      0.0017,      0.0156,      0.2047,   7673.5278,-420663.5000,   -927.8854,    546.8575,  25578.4219,
       1,     167,     332,       8,       1,       3,       1,     10.0000,      1.3933,     42.4932,    246.6850,     62.0815,      3.4953,      0.0069,     -0.0248,      2.3247,      0.1535,      5.5404,     11.0807,      1.3562,     28.2372,     56.4744,      0.0191,      0.0018,      0.0156,      0.2047,   7673.5269,-420328.0938,   -927.8430,    546.8804,  25578.4238,
       1,     167,     332,       9,       1,       3,       1,     10.0000,      1.3933,     42.4932,    246.6850,     62.0815,      3.4953,      0.1042,      0.0721,     15.6280,      0.1625,      5.5404,     11.0807,      1.4359,     28.2372,     56.4744,      0.0191,      0.0015,      0.1293,      0.2047,   7673.5273,-420483.7812,   -927.8955,    546.8698,  25578.4238,
       1,     167,     332,      10,       1,       3,       1,     10.0000,      1.3933,     42.4932,    246.6850,     62.0815,      3.4953,      0.1658,      0.1331,     27.8104,      0.1833,      5.5404,     11.0807,      1.6200,     28.2372,     56.4744,      0.0191,      0.0016,      0.2181,      0.2047,   7673.5273,-437016.1875,   -931.1819,    545.7397,  25578.4238,
       1,     167,     332,      11,       1,       3,       1,     10.0000,      1.3933,     42.4932,    246.6850,     62.0815,      3.4953,      0.1869,      0.1538,     37.3048,      0.1927,      5.5404,     11.0807,      1.7024,     28.2372,     56.4744,      0.0191,      0.0019,      0.2480,      0.2047,   7673.5273,-453553.2500,   -934.5469,    544.6128,  25578.4238,
       1,     167,     332,      12,       1,       3,       1,     10.0000,      1.3933,     42.4932,    246.6850,     62.0815,      3.4953,      0.1881,      0.1545,     37.6317,      0.2116,      5.5404,     11.0807,      1.8696,     28.2372,     56.4744,      0.0191,      0.0019,      0.2500,      0.2047,   7673.5273,-466752.1875,   -937.3134,    543.7153,  25578.4238,
       1,     167,     332,      13,       1,       3,       1,     10.0000,      1.3933,     42.4932,    246.6850,     62.0815,      3.4953,      0.1885,      0.1547,     42.5440,      0.2166,      5.5404,     11.0807,      1.9143,     28.2372,     56.4744,      0.0191,      0.0021,      0.2500,      0.2047,   7673.5273,-468277.3125,   -937.8099,    543.6124,  25578.4258,
       1,     167,     332,      14,       1,       3,       1,     10.0000,      1.3933,     42.4932,    246.6850,     62.0815,      3.4953,      0.1891,      0.1553,     50.4256,      0.2181,      5.5404,     11.0807,      1.9275,     28.2372,     56.4744,      0.0191,      0.0025,      0.2500,      0.2047,   7673.5278,-474509.4062,   -939.2269,    543.1890,  25578.4238,
       1,     167,     332,      15,       1,       3,       1,     10.0000,      1.3933,     42.4932,    246.6850,     62.0815,      3.4953,      0.1787,      0.1450,     62.2375,      0.2141,      5.5404,     11.0807,      1.8918,     28.2372,     56.4744,      0.0191,      0.0033,      0.2333,      0.2047,   7673.5273,-484832.0938,   -941.4646,    542.4882,  25578.4219,
       1,     167,     332,      16,       1,       3,       1,     10.0000,      1.3933,     42.4932,    246.6850,     62.0815,      3.4953,      0.1878,      0.1543,     83.5781,      0.2089,      5.5404,     11.0807,      1.8459,     28.2372,     56.4744,      0.0191,      0.0042,      0.2443,      0.2047,   7673.5269,-500388.1562,   -944.7797,    541.4338,  25578.4199,
       1,     167,     332,      17,       1,       3,       1,     10.0000,      1.3933,     42.4932,    246.6850,     62.0815,      3.4953,      0.1772,      0.1438,    102.7947,      0.2020,      5.5404,     11.0807,      1.7851,     28.2372,     56.4744,      0.0191,      0.0056,      0.2263,      0.2046,   7673.5264,-528238.0000,   -950.5911,    539.5500,  25578.4219,
       1,     167,     332,      18,       1,       3,       1,     10.0000,      1.3933,     42.4932,    246.6850,     62.0815,      3.4953,      0.1514,      0.1183,     88.7347,      0.1923,      5.5404,     11.0807,      1.6990,     28.2372,     56.4744,      0.0191,      0.0058,      0.1899,      0.2046,   7673.5269,-554502.2500,   -956.1992,    537.7820,  25578.4219,
       1,     167,     332,      19,       1,       3,       1,     10.0000,      1.3933,     42.4932,    246.6850,     62.0815,      3.4953,      0.0604,      0.0278,     29.2979,      0.1772,      5.5404,     11.0807,      1.5662,     28.2372,     56.4744,      0.0191,      0.0057,      0.0633,      0.2046,   7673.5269,-539232.5000,   -953.6160,    538.8113,  25578.4219,
       1,     167,     332,      20,       1,       3,       1,     10.0000,      1.3933,     42.4932,    246.6850,     62.0815,      3.4953,      0.0014,     -0.0310,      6.9304,      0.1708,      5.5404,     11.0807,      1.5095,     28.2372,     56.4744,      0.0191,      0.0055,      0.0156,      0.2046,   7673.5269,-464003.5000,   -938.9308,    543.8789,  25578.4219,
       1,     167,     332,      21,       1,       3,       1,     10.0000,      1.3933,     42.4932,    246.6850,     62.0815,      3.4953,      0.0000,     -0.0322,      6.5689,      0.1661,      5.5404,     11.0807,      1.4679,     28.2372,     56.4744,      0.0191,      0.0052,      0.0156,      0.2047,   7673.5269,-429926.5938,   -932.1760,    546.2197,  25578.4219,
       1,     167,     332,      22,       1,       3,       1,     10.0000,      1.3933,     42.4932,    246.6850,     62.0815,      3.4953,      0.0000,     -0.0318,      5.9742,      0.1547,      5.5404,     11.0807,      1.3671,     28.2372,     56.4744,      0.0191,      0.0047,      0.0156,      0.2047,   7673.5269,-426575.1250,   -931.4706,    546.4535,  25578.4219,
       1,     167,     332,      23,       1,       3,       1,     10.0000,      1.3933,     42.4932,    246.6850,     62.0815,      3.4953,      0.0000,     -0.0316,      5.2779,      0.1486,      5.5404,     11.0807,      1.3132,     28.2372,     56.4744,      0.0191,      0.0042,      0.0156,      0.2047,   7673.5269,-425546.0938,   -931.9417,    546.5238,  25578.4238,
       1,     167,     332,      24,       1,       3,       1,     10.0000,      1.3933,     42.4932,    246.6850,     62.0815,      3.4953,      0.0000,     -0.0315,      3.9148,      0.1442,      5.5404,     11.0807,      1.2741,     28.2372,     56.4744,      0.0191,      0.0031,      0.0156,      0.2047,   7673.5273,-424593.9062,   -931.1838,    546.5889,  25578.4238,
       1,     167,     333,       1,       1,       3,       1,     10.0000,      1.3933,     42.4935,    246.6907,     62.0830,      3.4953,      0.0000,     -0.0315,      3.1740,      0.1442,      5.5403,     11.0806,      1.2741,     28.2419,     56.4838,      0.0191,      0.0025,      0.0156,      0.2047,   7673.5273,-422974.5938,   -931.2181,    546.7123,  25579.5625,
       1,     167,     333,       2,       1,       3,       1,     10.0000,      1.3933,     42.4935,    246.6907,     62.0830,      3.4953,      0.0000,     -0.0315,      2.6068,      0.1446,      5.5403,     11.0806,      1.2780,     28.2419,     56.4838,      0.0191,      0.0021,      0.0156,      0.2047,   7673.8691,-421765.7188,   -930.7690,    546.7949,  25579.5645,
       1,     167,     333,       3,       1,       3,       1,     10.0000,      1.3933,     42.4935,    246.6907,     62.0830,      3.4953,      0.0000,     -0.0316,      1.4440,      0.1486,      5.5403,     11.0806,      1.3132,     28.2419,     56.4838,      0.0191,      0.0011,      0.0156,      0.2047,   7673.8696,-420958.6875,   -930.1057,    546.8501,  25579.5625,
       1,     167,     333,       4,       1,       3,       1,     10.0000,      1.3933,     42.4935,    246.6907,     62.0830,      3.4953,      0.0000,     -0.0318,      0.6926,      0.1526,      5.5403,     11.0806,      1.3480,     28.2419,     56.4838,      0.0191,      0.0005,      0.0156,      0.2047,   7673.8691,-419446.6250,   -929.8486,    546.9535,  25579.5625,
       1,     167,     333,       5,       1,       3,       1,     10.0000,      1.3933,     42.4935,    246.6907,     62.0830,      3.4953,      0.0000,     -0.0318,      0.3980,      0.1526,      5.5403,     11.0806,      1.3480,     28.2419,     56.4838,      0.0191,      0.0003,      0.0156,      0.2047,   7673.8691,-418385.3438,   -929.6547,    547.0261,  25579.5625,
       1,     167,     333,       6,       1,       3,       1,     10.0000,      1.3933,     42.4935,    246.6907,     62.0830,      3.4953,      0.0000,     -0.0318,      0.3976,      0.1524,      5.5403,     11.0806,      1.3467,     28.2419,     56.4838,      0.0191,      0.0003,      0.0156,      0.2047,   7673.8691,-417929.5625,   -929.5688,    547.0573,  25579.5645,
       1,     167,     333,       7,       1,       3,       1,     10.0000,      1.3933,     42.4935,    246.6907,     62.0830,      3.4953,      0.0000,     -0.0318,      0.6715,      0.1533,      5.5403,     11.0806,      1.3548,     28.2419,     56.4838,      0.0191,      0.0005,      0.0156,      0.2047,   7673.8696,-417890.0625,   -929.5630,    547.0599,  25579.5645,
       1,     167,     333,       8,       1,       3,       1,     10.0000,      1.3933,     42.4935,    246.6907,     62.0830,      3.4953,      0.0061,     -0.0256,      1.3552,      0.1507,      5.5403,     11.0806,      1.3319,     28.2419,     56.4838,      0.0191,      0.0011,      0.0156,      0.2047,   7673.8696,-418226.8438,   -929.6387,    547.0368,  25579.5625,
       1,     167,     333,       9,       1,       3,       1,     10.0000,      1.3933,     42.4935,    246.6907,     62.0830,      3.4953,      0.1028,      0.0709,     12.8391,      0.1541,      5.5403,     11.0806,      1.3617,     28.2419,     56.4838,      0.0191,      0.0012,      0.1277,      0.2047,   7673.8691,-419104.5938,   -929.8430,    546.9769,  25579.5625,
       1,     167,     333,      10,       1,       3,       1,     10.0000,      1.3933,     42.4935,    246.6907,     62.0830,      3.4953,      0.1664,      0.1337,     28.5425,      0.1805,      5.5403,     11.0806,      1.5945,     28.2419,     56.4838,      0.0191,      0.0016,      0.2189,      0.2047,   7673.8691,-433436.9062,   -932.7632,    545.9969,  25579.5625,
       1,     167,     333,      11,       1,       3,       1,     10.0000,      1.3933,     42.4935,    246.6907,     62.0830,      3.4953,      0.1865,      0.1537,     35.9432,      0.1843,      5.5403,     11.0806,      1.6281,     28.2419,     56.4838,      0.0191,      0.0018,      0.2475,      0.2047,   7673.8691,-454156.4688,   -937.0816,    544.5837,  25579.5625,
       1,     167,     333,      12,       1,       3,       1,     10.0000,      1.3933,     42.4935,    246.6907,     62.0830,      3.4953,      0.1883,      0.1552,     38.2964,      0.1927,      5.5403,     11.0806,      1.7024,     28.2419,     56.4838,      0.0191,      0.0019,      0.2500,      0.2047,   7673.8691,-465110.4375,   -939.5518,    543.8398,  25579.5605,
       1,     167,     333,      13,       1,       3,       1,     10.0000,      1.3933,     42.4935,    246.6907,     62.0830,      3.4953,      0.1882,      0.1547,     38.3416,      0.2079,      5.5403,     11.0806,      1.8369,     28.2419,     56.4838,      0.0191,      0.0019,      0.2500,      0.2047,   7673.8687,-468961.3750,   -940.6710,    543.5786,  25579.5625,
       1,     167,     333,      14,       1,       3,       1,     10.0000,      1.3933,     42.4935,    246.6907,     62.0830,      3.4953,      0.1879,      0.1545,     34.1190,      0.2040,      5.5403,     11.0806,      1.8028,     28.2419,     56.4838,      0.0191,      0.0017,      0.2500,      0.2047,   7673.8691,-469342.8125,   -941.0963,    543.5527,  25579.5625,
       1,     167,     333,      15,       1,       3,       1,     10.0000,      1.3933,     42.4935,    246.6907,     62.0830,      3.4953,      0.1693,      0.1358,     52.1227,      0.2087,      5.5403,     11.0806,      1.8441,     28.2419,     56.4838,      0.0191,      0.0029,      0.2206,      0.2047,   7673.8691,-464128.5625,   -940.3643,    543.9070,  25579.5625,
       1,     167,     333,      16,       1,       3,       1,     10.0000,      1.3933,     42.4935,    246.6907,     62.0830,      3.4953,      0.1800,      0.1465,     72.7245,      0.2075,      5.5403,     11.0806,      1.8332,     28.2419,     56.4838,      0.0191,      0.0038,      0.2340,      0.2047,   7673.8691,-486054.7188,   -944.9658,    542.4164,  25579.5605,
       1,     167,     333,      17,       1,       3,       1,     10.0000,      1.3933,     42.4935,    246.6907,     62.0830,      3.4953,      0.1585,      0.1252,     70.3214,      0.1977,      5.5403,     11.0806,      1.7467,     28.2419,     56.4838,      0.0191,      0.0043,      0.2024,      0.2047,   7673.8687,-513520.7812,   -950.7698,    540.5562,  25579.5605,
       1,     167,     333,      18,       1,       3,       1,     10.0000,      1.3933,     42.4935,    246.6907,     62.0830,      3.4953,      0.1179,      0.0849,     59.4941,      0.1917,      5.5403,     11.0806,      1.6940,     28.2419,     56.4838,      0.0191,      0.0051,      0.1440,      0.2046,   7673.8687,-512863.2188,   -951.0402,    540.6038,  25579.5605,
       1,     167,     333,      19,       1,       3,       1,     10.0000,      1.3933,     42.4935,    246.6907,     62.0830,      3.4953,      0.0591,      0.0265,     24.8961,      0.1790,      5.5403,     11.0806,      1.5819,     28.2419,     56.4838,      0.0191,      0.0050,      0.0619,      0.2046,   7673.8687,-499342.0000,   -948.7076,    541.5175,  25579.5605,
       1,     167,     333,      20,       1,       3,       1,     10.0000,      1.3933,     42.4935,    246.6907,     62.0830,      3.4953,      0.0015,     -0.0307,      6.7732,      0.1663,      5.5403,     11.0806,      1.4694,     28.2419,     56.4838,      0.0191,      0.0054,      0.0156,      0.2047,   7673.8687,-455194.6562,   -940.1365,    544.5066,  25579.5625,
       1,     167,     333,      21,       1,       3,       1,     10.0000,      1.3933,     42.4935,    246.6907,     62.0830,      3.4953,      0.0000,     -0.0320,      6.7555,      0.1601,      5.5403,     11.0806,      1.4146,     28.2419,     56.4838,      0.0191,      0.0054,      0.0156,      0.2047,   7673.8691,-428971.2500,   -934.9703,    546.2997,  25579.5605,
       1,     167,     333,      22,       1,       3,       1,     10.0000,      1.3933,     42.4935,    246.6907,     62.0830,      3.4953,      0.0000,     -0.0319,      5.9402,      0.1561,      5.5403,     11.0806,      1.3795,     28.2419,     56.4838,      0.0191,      0.0047,      0.0156,      0.2047,   7673.8687,-426725.5312,   -934.5281,    546.4561,  25579.5586,
       1,     167,     333,      23,       1,       3,       1,     10.0000,      1.3933,     42.4935,    246.6907,     62.0830,      3.4953,      0.0000,     -0.0320,      5.7833,      0.1596,      5.5403,     11.0806,      1.4103,     28.2419,     56.4838,      0.0191,      0.0046,      0.0156,      0.2047,   7673.8677,-425519.1250,   -934.2861,    546.5385,  25579.5586,
       1,     167,     333,      24,       1,       3,       1,     10.0000,      1.3933,     42.4935,    246.6907,     62.0830,      3.4953,      0.0000,     -0.0320,      4.6637,      0.1593,      5.5403,     11.0806,      1.4075,     28.2419,     56.4838,      0.0191,      0.0037,      0.0156,      0.2047,   7673.8677,-425221.9375,   -934.2175,    546.5588,  25579.5586,
       1,     167,     334,       1,       1,       3,       1,     10.0000,      1.3933,     42.4939,    246.6965,     62.0844,      3.4953,      0.0000,     -0.0321,      3.5987,      0.1612,      5.5406,     11.0811,      1.4246,     28.2448,     56.4897,      0.0191,      0.0029,      0.0156,      0.2048,   7673.8677,-423960.5625,   -934.2392,    546.6577,  25580.6992,
       1,     167,     334,       2,       1,       3,       1,     10.0000,      1.3933,     42.4939,    246.6965,     62.0844,      3.4953,      0.0000,     -0.0320,      2.4275,      0.1590,      5.5406,     11.0811,      1.4047,     28.2448,     56.4897,      0.0191,      0.0019,      0.0156,      0.2048,   7674.2100,-422379.6250,   -933.6377,    546.7658,  25580.7012,
       1,     167,     334,       3,       1,       3,       1,     10.0000,      1.3933,     42.4939,    246.6965,     62.0844,      3.4953,      0.0000,     -0.0319,      1.5443,      0.1571,      5.5406,     11.0811,      1.3879,     28.2448,     56.4897,      0.0191,      0.0012,      0.0156,      0.2048,   7674.2104,-420791.1875,   -933.3149,    546.8743,  25580.7012,
       1,     167,     334,       4,       1,       3,       1,     10.0000,      1.3933,     42.4939,    246.6965,     62.0844,      3.4953,      0.0000,     -0.0316,      2.2027,      0.1491,      5.5406,     11.0811,      1.3172,     28.2448,     56.4897,      0.0191,      0.0017,      0.0156,      0.2048,   7674.2104,-419559.9688,   -933.0668,    546.9586,  25580.7012,
       1,     167,     334,       5,       1,       3,       1,     10.0000,      1.3933,     42.4939,    246.6965,     62.0844,      3.4953,      0.0000,     -0.0311,      1.8677,      0.1347,      5.5406,     11.0811,      1.1907,     28.2448,     56.4897,      0.0191,      0.0015,      0.0156,      0.2048,   7674.2104,-420272.7500,   -933.2021,    546.9098,  25580.7031,
       1,     167,     334,       6,       1,       3,       1,     10.0000,      1.3933,     42.4939,    246.6965,     62.0844,      3.4953,      0.0000,     -0.0311,      2.2162,      0.1347,      5.5406,     11.0811,      1.1907,     28.2448,     56.4897,      0.0191,      0.0018,      0.0156,      0.2048,   7674.2114,-419917.1875,   -932.9408,    546.9341,  25580.7012,
       1,     167,     334,       7,       1,       3,       1,     10.0000,      1.3933,     42.4939,    246.6965,     62.0844,      3.4953,      0.0000,     -0.0311,      2.5783,      0.1337,      5.5406,     11.0811,      1.1811,     28.2448,     56.4897,      0.0191,      0.0020,      0.0156,      0.2048,   7674.2104,-420319.7812,   -933.0609,    546.9066,  25580.6992,
       1,     167,     334,       8,       1,       3,       1,     10.0000,      1.3933,     42.4939,    246.6965,     62.0844,      3.4953,      0.0052,     -0.0260,      2.5754,      0.1368,      5.5406,     11.0811,      1.2089,     28.2448,     56.4897,      0.0191,      0.0020,      0.0156,      0.2048,   7674.2100,-420803.8125,   -933.2044,    546.8735,  25580.7012,
       1,     167,     334,       9,       1,       3,       1,     10.0000,      1.3933,     42.4939,    246.6965,     62.0844,      3.4953,      0.1063,      0.0747,     17.8825,      0.1467,      5.5406,     11.0811,      1.2962,     28.2448,     56.4897,      0.0191,      0.0017,      0.1323,      0.2048,   7674.2104,-420840.9688,   -933.2574,    546.8709,  25580.7012,
       1,     167,     334,      10,       1,       3,       1,     10.0000,      1.3933,     42.4939,    246.6965,     62.0844,      3.4953,      0.1660,      0.1334,     21.4449,      0.1778,      5.5406,     11.0811,      1.5710,     28.2448,     56.4897,      0.0191,      0.0012,      0.2191,      0.2048,   7674.2104,-439847.1562,   -937.1108,    545.5717,  25580.7031,
       1,     167,     334,      11,       1,       3,       1,     10.0000,      1.3933,     42.4939,    246.6965,     62.0844,      3.4953,      0.1754,      0.1424,     20.9137,      0.1889,      5.5406,     11.0811,      1.6691,     28.2448,     56.4897,      0.0191,      0.0011,      0.2329,      0.2047,   7674.2114,-445887.5938,   -938.4622,    545.1613,  25580.7012,
       1,     167,     334,      12,       1,       3,       1,     10.0000,      1.3933,     42.4939,    246.6965,     62.0844,      3.4953,      0.1840,      0.1507,     35.4299,      0.2026,      5.5406,     11.0811,      1.7904,     28.2448,     56.4897,      0.0191,      0.0018,      0.2441,      0.2047,   7674.2104,-445738.6562,   -938.5900,    545.1717,  25580.7012,
       1,     167,     334,      13,       1,       3,       1,     10.0000,      1.3933,     42.4939,    246.6965,     62.0844,      3.4953,      0.1813,      0.1478,     39.3541,      0.2077,      5.5406,     11.0811,      1.8351,     28.2448,     56.4897,      0.0191,      0.0020,      0.2397,      0.2047,   7674.2104,-463753.2500,   -942.3657,    543.9440,  25580.7012,
       1,     167,     334,      14,       1,       3,       1,     10.0000,      1.3933,     42.4939,    246.6965,     62.0844,      3.4953,      0.1432,      0.1098,     32.0850,      0.2026,      5.5406,     11.0811,      1.7904,     28.2448,     56.4897,      0.0191,      0.0022,      0.1843,      0.2047,   7674.2104,-470158.2188,   -943.8682,    543.5099,  25580.6992,
       1,     167,     334,      15,       1,       3,       1,     10.0000,      1.3933,     42.4939,    246.6965,     62.0844,      3.4953,      0.1753,      0.1418,     65.8555,      0.2060,      5.5406,     11.0811,      1.8207,     28.2448,     56.4897,      0.0191,      0.0036,      0.2277,      0.2047,   7674.2100,-461668.9375,   -942.3754,    544.0868,  25580.6992,
       1,     167,     334,      16,       1,       3,       1,     10.0000,      1.3933,     42.4939,    246.6965,     62.0844,      3.4953,      0.1721,      0.1386,     85.8248,      0.2056,      5.5406,     11.0811,      1.8171,     28.2448,     56.4897,      0.0191,      0.0048,      0.2207,      0.2047,   7674.2100,-502900.1250,   -950.8666,    541.2829,  25580.6973,
       1,     167,     334,      17,       1,       3,       1,     10.0000,      1.3933,     42.4939,    246.6965,     62.0844,      3.4953,      0.1524,      0.1194,     83.3822,      0.1925,      5.5406,     11.0811,      1.7008,     28.2448,     56.4897,      0.0191,      0.0054,      0.1920,      0.2047,   7674.2095,-531232.4375,   -956.9241,    539.3732,  25580.6992,
       1,     167,     334,      18,       1,       3,       1,     10.0000,      1.3933,     42.4939,    246.6965,     62.0844,      3.4953,      0.1032,      0.0704,     56.7036,      0.1844,      5.5406,     11.0811,      1.6298,     28.2448,     56.4897,      0.0191,      0.0057,      0.1229,      0.2047,   7674.2100,-530591.3125,   -957.2348,    539.4198,  25580.7012,
       1,     167,     334,      19,       1,       3,       1,     10.0000,      1.3933,     42.4939,    246.6965,     62.0844,      3.4953,      0.0376,      0.0059,     12.6488,      0.1509,      5.5406,     11.0811,      1.3332,     28.2448,     56.4897,      0.0191,      0.0048,      0.0327,      0.2047,   7674.2104,-497357.3750,   -950.9188,    541.6606,  25580.7012,
       1,     167,     334,      20,       1,       3,       1,     10.0000,      1.3933,     42.4939,    246.6965,     62.0844,      3.4953,      0.0018,     -0.0298,      5.9778,      0.1470,      5.5406,     11.0811,      1.2988,     28.2448,     56.4897,      0.0191,      0.0047,      0.0156,      0.2047,   7674.2104,-439810.0000,   -936.9537,    545.5617,  25580.6992,
       1,     167,     334,      21,       1,       3,       1,     10.0000,      1.3933,     42.4939,    246.6965,     62.0844,      3.4953,      0.0000,     -0.0317,      5.7102,      0.1498,      5.5406,     11.0811,      1.3239,     28.2448,     56.4897,      0.0191,      0.0045,      0.0156,      0.2047,   7674.2100,-426693.6875,   -934.7053,    546.4703,  25580.7012,
       1,     167,     334,      22,       1,       3,       1,     10.0000,      1.3933,     42.4939,    246.6965,     62.0844,      3.4953,      0.0000,     -0.0315,      4.9253,      0.1442,      5.5406,     11.0811,      1.2741,     28.2448,     56.4897,      0.0191,      0.0039,      0.0156,      0.2048,   7674.2104,-425233.5000,   -934.6522,    546.5708,  25580.6992,
       1,     167,     334,      23,       1,       3,       1,     10.0000,      1.3933,     42.4939,    246.6965,     62.0844,      3.4953,      0.0000,     -0.0314,      4.6565,      0.1425,      5.5406,     11.0811,      1.2588,     28.2448,     56.4897,      0.0191,      0.0037,      0.0156,      0.2048,   7674.2100,-424134.5312,   -927.6381,    546.6458,  25580.6992,
       1,     167,     334,      24,       1,       3,       1,     10.0000,      1.3933,     42.4939,    246.6965,     62.0844,      3.4953,      0.0000,     -0.0314,      2.1436,      0.1425,      5.5406,     11.0811,      1.2588,     28.2448,     56.4897,      0.0191,      0.0017,      0.0156,      0.2048,   7674.2100,-423707.6562,   -911.7245,    546.6750,  25580.7051,
       1,     167,     335,       1,       1,       3,       1,     10.0000,      1.3933,     42.4942,    246.7023,     62.0859,      3.4953,      0.0000,     -0.0316,      1.8147,      0.1482,      5.5410,     11.0821,      1.3093,     28.2452,     56.4904,      0.0191,      0.0014,      0.0156,      0.2048,   7674.2119,-420705.3750,   -911.6611,    546.8930,  25581.8438,
       1,     167,     335,       2,       1,       3,       1,     10.0000,      1.3933,     42.4942,    246.7023,     62.0859,      3.4953,      0.0000,     -0.0316,      1.8923,      0.1483,      5.5410,     11.0821,      1.3106,     28.2452,     56.4904,      0.0191,      0.0015,      0.0156,      0.2048,   7674.5532,-419890.7812,   -911.4653,    546.9487,  25581.8438,
       1,     167,     335,       3,       1,       3,       1,     10.0000,      1.3933,     42.4942,    246.7023,     62.0859,      3.4953,      0.0000,     -0.0312,      0.8675,      0.1378,      5.5410,     11.0821,      1.2175,     28.2452,     56.4904,      0.0191,      0.0007,      0.0156,      0.2048,   7674.5532,-419918.0312,   -911.6665,    546.9469,  25581.8457,
       1,     167,     335,       4,       1,       3,       1,     10.0000,      1.3933,     42.4942,    246.7023,     62.0859,      3.4953,      0.0000,     -0.0311,      0.8933,      0.1341,      5.5410,     11.0821,      1.1847,     28.2452,     56.4904,      0.0191,      0.0007,      0.0156,      0.2048,   7674.5542,-418647.9688,   -910.3185,    547.0338,  25581.8457,
       1,     167,     335,       5,       1,       3,       1,     10.0000,      1.3933,     42.4942,    246.7023,     62.0859,      3.4953,      0.0000,     -0.0312,      0.6680,      0.1365,      5.5410,     11.0821,      1.2065,     28.2452,     56.4904,      0.0191,      0.0005,      0.0156,      0.2048,   7674.5542,-418572.2812,   -910.3954,    547.0389,  25581.8438,
       1,     167,     335,       6,       1,       3,       1,     10.0000,      1.3933,     42.4942,    246.7023,     62.0859,      3.4953,      0.0000,     -0.0314,      1.0411,      0.1422,      5.5410,     11.0821,      1.2563,     28.2452,     56.4904,      0.0191,      0.0008,      0.0156,      0.2048,   7674.5532,-418286.3438,   -910.3970,    547.0584,  25581.8438,
       1,     167,     335,       7,       1,       3,       1,     10.0000,      1.3933,     42.4942,    246.7023,     62.0859,      3.4953,      0.0000,     -0.0315,      1.3224,      0.1458,      5.5410,     11.0821,      1.2884,     28.2452,     56.4904,      0.0191,      0.0010,      0.0156,      0.2048,   7674.5532,-418725.2812,   -910.5851,    547.0284,  25581.8438,
       1,     167,     335,       8,       1,       3,       1,     10.0000,      1.3933,     42.4942,    246.7023,     62.0859,      3.4953,      0.0099,     -0.0217,      1.0462,      0.1477,      5.5410,     11.0821,      1.3054,     28.2452,     56.4904,      0.0191,      0.0008,      0.0156,      0.2048,   7674.5532,-419111.6562,   -910.8011,    547.0020,  25581.8457,
       1,     167,     335,       9,       1,       3,       1,     10.0000,      1.3933,     42.4942,    246.7023,     62.0859,      3.4953,      0.1133,      0.0812,     10.4727,      0.1609,      5.5410,     11.0821,      1.4217,     28.2452,     56.4904,      0.0191,      0.0009,      0.1432,      0.2048,   7674.5542,-418801.4688,   -910.8718,    547.0232,  25581.8457,
       1,     167,     335,      10,       1,       3,       1,     10.0000,      1.3933,     42.4942,    246.7023,     62.0859,      3.4953,      0.1657,      0.1332,     15.1601,      0.1743,      5.5410,     11.0821,      1.5400,     28.2452,     56.4904,      0.0191,      0.0009,      0.2193,      0.2048,   7674.5542,-430475.8125,   -913.4124,    546.2249,  25581.8477,
       1,     167,     335,      11,       1,       3,       1,     10.0000,      1.3933,     42.4942,    246.7023,     62.0859,      3.4953,      0.1874,      0.1545,     26.1614,      0.1863,      5.5410,     11.0821,      1.6461,     28.2452,     56.4904,      0.0191,      0.0013,      0.2500,      0.2048,   7674.5547,-437287.0625,   -915.4220,    545.7605,  25581.8477,
       1,     167,     335,      12,       1,       3,       1,     10.0000,      1.3933,     42.4942,    246.7023,     62.0859,      3.4953,      0.1782,      0.1451,     29.1322,      0.1957,      5.5410,     11.0821,      1.7296,     28.2452,     56.4904,      0.0191,      0.0015,      0.2363,      0.2048,   7674.5547,-451523.6562,   -919.4080,    544.7894,  25581.8457,
       1,     167,     335,      13,       1,       3,       1,     10.0000,      1.3933,     42.4942,    246.7023,     62.0859,      3.4953,      0.1881,      0.1546,     37.4711,      0.2087,      5.5410,     11.0821,      1.8442,     28.2452,     56.4904,      0.0191,      0.0019,      0.2500,      0.2048,   7674.5542,-456422.2812,   -921.3697,    544.4567,  25581.8457,
       1,     167,     335,      14,       1,       3,       1,     10.0000,      1.3933,     42.4942,    246.7023,     62.0859,      3.4953,      0.1894,      0.1558,     53.3805,      0.2097,      5.5410,     11.0821,      1.8533,     28.2452,     56.4904,      0.0191,      0.0026,      0.2500,      0.2048,   7674.5542,-467192.7500,   -924.8120,    543.7238,  25581.8457,
       1,     167,     335,      15,       1,       3,       1,     10.0000,      1.3933,     42.4942,    246.7023,     62.0859,      3.4953,      0.1896,      0.1562,     55.9145,      0.2046,      5.5410,     11.0821,      1.8082,     28.2452,     56.4904,      0.0191,      0.0028,      0.2500,      0.2047,   7674.5542,-487867.8125,   -930.2526,    542.3192,  25581.8438,
       1,     167,     335,      16,       1,       3,       1,     10.0000,      1.3933,     42.4942,    246.7023,     62.0859,      3.4953,      0.1463,      0.1132,     48.3772,      0.1934,      5.5410,     11.0821,      1.7092,     28.2452,     56.4904,      0.0191,      0.0032,      0.1871,      0.2047,   7674.5532,-492770.9375,   -932.4151,    541.9886,  25581.8477,
       1,     167,     335,      17,       1,       3,       1,     10.0000,      1.3933,     42.4942,    246.7023,     62.0859,      3.4953,      0.1198,      0.0873,     46.1266,      0.1734,      5.5410,     11.0821,      1.5324,     28.2452,     56.4904,      0.0191,      0.0038,      0.1484,      0.2047,   7674.5547,-483817.0312,   -931.5740,    542.5953,  25581.8457,
       1,     167,     335,      18,       1,       3,       1,     10.0000,      1.3933,     42.4942,    246.7023,     62.0859,      3.4953,      0.0465,      0.0140,     18.0717,      0.1722,      5.5410,     11.0821,      1.5217,     28.2452,     56.4904,      0.0191,      0.0050,      0.0443,      0.2047,   7674.5542,-480264.8438,   -931.6404,    542.8365,  25581.8457,
       1,     167,     335,      19,       1,       3,       1,     10.0000,      1.3933,     42.4942,    246.7023,     62.0859,      3.4953,      0.0316,     -0.0006,      9.2509,      0.1656,      5.5410,     11.0821,      1.4636,     28.2452,     56.4904,      0.0191,      0.0048,      0.0238,      0.2047,   7674.5542,-445109.1875,   -925.6282,    545.2220,  25581.8457,
       1,     167,     335,      20,       1,       3,       1,     10.0000,      1.3933,     42.4942,    246.7023,     62.0859,      3.4953,      0.0057,     -0.0262,      5.6475,      0.1557,      5.5410,     11.0821,      1.3755,     28.2452,     56.4904,      0.0191,      0.0045,      0.0156,      0.2048,   7674.5542,-431196.1250,   -923.4308,    546.1755,  25581.8457,
       1,     167,     335,      21,       1,       3,       1,     10.0000,      1.3933,     42.4942,    246.7023,     62.0859,      3.4953,      0.0000,     -0.0317,      4.7902,      0.1516,      5.5410,     11.0821,      1.3400,     28.2452,     56.4904,      0.0191,      0.0038,      0.0156,      0.2048,   7674.5542,-425539.1250,   -922.6650,    546.5625,  25581.8457,
       1,     167,     335,      22,       1,       3,       1,     10.0000,      1.3933,     42.4942,    246.7023,     62.0859,      3.4953,      0.0000,     -0.0319,      3.4848,      0.1568,      5.5410,     11.0821,      1.3852,     28.2452,     56.4904,      0.0191,      0.0028,      0.0156,      0.2048,   7674.5542,-423994.4688,   -922.5935,    546.6682,  25581.8457,
       1,     167,     335,      23,       1,       3,       1,     10.0000,      1.3933,     42.4942,    246.7023,     62.0859,      3.4953,      0.0000,     -0.0319,      3.6868,      0.1564,      5.5410,     11.0821,      1.3824,     28.2452,     56.4904,      0.0191,      0.0029,      0.0156,      0.2048,   7674.5542,-422242.8125,   -922.4220,    546.7879,  25581.8457,
       1,     167,     335,      24,       1,       3,       1,     10.0000,      1.3933,     42.4942,    246.7023,     62.0859,      3.4953,      0.0000,     -0.0319,      3.6552,      0.1572,      5.5410,     11.0821,      1.3893,     28.2452,     56.4904,      0.0191,      0.0029,      0.0156,      0.2048,   7674.5542,-422344.9688,   -922.6067,    546.7809,  25581.8477,
       1,     167,     336,       1,       1,       3,       1,     10.0000,      1.3934,     42.4946,    246.7081,     62.0874,      3.4953,      0.0000,     -0.0320,      2.9481,      0.1580,      5.5413,     11.0826,      1.3963,     28.2448,     56.4896,      0.0191,      0.0023,      0.0156,      0.2048,   7674.5547,-422468.5938,   -923.0560,    546.7855,  25582.9883,
       1,     167,     336,       2,       1,       3,       1,     10.0000,      1.3934,     42.4946,    246.7081,     62.0874,      3.4953,      0.0000,     -0.0320,      2.3913,      0.1603,      5.5413,     11.0826,      1.4161,     28.2448,     56.4896,      0.0191,      0.0019,      0.0156,      0.2048,   7674.8970,-421449.2500,   -922.7177,    546.8551,  25582.9883,
       1,     167,     336,       3,       1,       3,       1,     10.0000,      1.3934,     42.4946,    246.7081,     62.0874,      3.4953,      0.0000,     -0.0319,      3.0494,      0.1574,      5.5413,     11.0826,      1.3908,     28.2448,     56.4896,      0.0191,      0.0024,      0.0156,      0.2048,   7674.8970,-420671.7188,   -922.6586,    546.9083,  25582.9883,
       1,     167,     336,       4,       1,       3,       1,     10.0000,      1.3934,     42.4946,    246.7081,     62.0874,      3.4953,      0.0000,     -0.0319,      3.1316,      0.1554,      5.5413,     11.0826,      1.3727,     28.2448,     56.4896,      0.0191,      0.0025,      0.0156,      0.2048,   7674.8970,-421422.6250,   -922.9083,    546.8569,  25582.9863,
       1,     167,     336,       5,       1,       3,       1,     10.0000,      1.3934,     42.4946,    246.7081,     62.0874,      3.4953,      0.0000,     -0.0318,      3.2023,      0.1546,      5.5413,     11.0826,      1.3659,     28.2448,     56.4896,      0.0191,      0.0025,      0.0156,      0.2048,   7674.8960,-421588.5312,   -923.0493,    546.8456,  25582.9863,
       1,     167,     336,       6,       1,       3,       1,     10.0000,      1.3934,     42.4946,    246.7081,     62.0874,      3.4953,      0.0000,     -0.0318,      3.0862,      0.1540,      5.5413,     11.0826,      1.3604,     28.2448,     56.4896,      0.0191,      0.0024,      0.0156,      0.2048,   7674.8960,-421690.3438,   -923.1790,    546.8387,  25582.9863,
       1,     167,     336,       7,       1,       3,       1,     10.0000,      1.3934,     42.4946,    246.7081,     62.0874,      3.4953,      0.0000,     -0.0319,      3.0430,      0.1552,      5.5413,     11.0826,      1.3714,     28.2448,     56.4896,      0.0191,      0.0024,      0.0156,      0.2048,   7674.8960,-421554.8125,   -923.2544,    546.8479,  25582.9863,
       1,     167,     336,       8,       1,       3,       1,     10.0000,      1.3934,     42.4946,    246.7081,     62.0874,      3.4953,      0.0026,     -0.0292,      2.7797,      0.1554,      5.5413,     11.0826,      1.3727,     28.2448,     56.4896,      0.0191,      0.0022,      0.0156,      0.2048,   7674.8960,-421489.7812,   -923.3483,    546.8524,  25582.9863,
       1,     167,     336,       9,       1,       3,       1,     10.0000,      1.3934,     42.4946,    246.7081,     62.0874,      3.4953,      0.0913,      0.0593,     19.0057,      0.1593,      5.5413,     11.0826,      1.4076,     28.2448,     56.4896,      0.0191,      0.0021,      0.1101,      0.2048,   7674.8960,-421157.5625,   -923.3804,    546.8751,  25582.9844,
       1,     167,     336,      10,       1,       3,       1,     10.0000,      1.3934,     42.4946,    246.7081,     62.0874,      3.4953,      0.1488,      0.1165,     34.1828,      0.1680,      5.5413,     11.0826,      1.4843,     28.2448,     56.4896,      0.0191,      0.0022,      0.1924,      0.2048,   7674.8955,-441268.5312,   -927.3980,    545.5002,  25582.9863,
       1,     167,     336,      11,       1,       3,       1,     10.0000,      1.3934,     42.4946,    246.7081,     62.0874,      3.4953,      0.1758,      0.1433,     38.4500,      0.1736,      5.5413,     11.0826,      1.5339,     28.2448,     56.4896,      0.0191,      0.0021,      0.2314,      0.2048,   7674.8960,-461821.7500,   -931.6511,    544.1005,  25582.9844,
       1,     167,     336,      12,       1,       3,       1,     10.0000,      1.3934,     42.4946,    246.7081,     62.0874,      3.4953,      0.1846,      0.1516,     42.9938,      0.1887,      5.5413,     11.0826,      1.6675,     28.2448,     56.4896,      0.0191,      0.0022,      0.2439,      0.2048,   7674.8955,-468865.8750,   -933.4243,    543.6233,  25582.9863,
       1,     167,     336,      13,       1,       3,       1,     10.0000,      1.3934,     42.4946,    246.7081,     62.0874,      3.4953,      0.1890,      0.1562,     45.5707,      0.1826,      5.5413,     11.0826,      1.6138,     28.2448,     56.4896,      0.0191,      0.0023,      0.2500,      0.2048,   7674.8960,-475103.6875,   -935.0903,    543.1996,  25582.9863,
       1,     167,     336,      14,       1,       3,       1,     10.0000,      1.3934,     42.4946,    246.7081,     62.0874,      3.4953,      0.1894,      0.1568,     50.8595,      0.1771,      5.5413,     11.0826,      1.5648,     28.2448,     56.4896,      0.0191,      0.0025,      0.2500,      0.2048,   7674.8960,-478832.5938,   -936.3344,    542.9466,  25582.9863,
       1,     167,     336,      15,       1,       3,       1,     10.0000,      1.3934,     42.4946,    246.7081,     62.0874,      3.4953,      0.1695,      0.1371,     46.8527,      0.1702,      5.5413,     11.0826,      1.5036,     28.2448,     56.4896,      0.0191,      0.0026,      0.2212,      0.2048,   7674.8960,-485717.9375,   -938.1266,    542.4794,  25582.9863,
       1,     167,     336,      16,       1,       3,       1,     10.0000,      1.3934,     42.4946,    246.7081,     62.0874,      3.4953,      0.1357,      0.1035,     40.6864,      0.1678,      5.5413,     11.0826,      1.4828,     28.2448,     56.4896,      0.0191,      0.0029,      0.1725,      0.2048,   7674.8960,-481323.0625,   -937.6264,    542.7775,  25582.9844,
       1,     167,     336,      17,       1,       3,       1,     10.0000,      1.3934,     42.4946,    246.7081,     62.0874,      3.4953,      0.1341,      0.1016,     53.3392,      0.1741,      5.5413,     11.0826,      1.5385,     28.2448,     56.4896,      0.0191,      0.0039,      0.1686,      0.2048,   7674.8955,-473291.6250,   -936.3586,    543.3226,  25582.9863,
       1,     167,     336,      18,       1,       3,       1,     10.0000,      1.3934,     42.4946,    246.7081,     62.0874,      3.4953,      0.0581,      0.0258,     18.5592,      0.1655,      5.5413,     11.0826,      1.4622,     28.2448,     56.4896,      0.0191,      0.0037,      0.0614,      0.2048,   7674.8960,-488328.6562,   -939.5732,    542.3016,  25582.9844,
       1,     167,     336,      19,       1,       3,       1,     10.0000,      1.3934,     42.4946,    246.7081,     62.0874,      3.4953,      0.0097,     -0.0224,      4.2761,      0.1630,      5.5413,     11.0826,      1.4404,     28.2448,     56.4896,      0.0191,      0.0034,      0.0156,      0.2048,   7674.8955,-446393.1875,   -931.6356,    545.1452,  25582.9844,
       1,     167,     336,      20,       1,       3,       1,     10.0000,      1.3934,     42.4946,    246.7081,     62.0874,      3.4953,      0.0001,     -0.0319,      3.4655,      0.1596,      5.5413,     11.0826,      1.4104,     28.2448,     56.4896,      0.0191,      0.0027,      0.0156,      0.2048,   7674.8955,-425132.4688,   -927.5717,    546.6015,  25582.9824,
       1,     167,     336,      21,       1,       3,       1,     10.0000,      1.3934,     42.4946,    246.7081,     62.0874,      3.4953,      0.0000,     -0.0321,      3.2810,      0.1619,      5.5413,     11.0826,      1.4303,     28.2448,     56.4896,      0.0191,      0.0026,      0.0156,      0.2048,   7674.8950,-422320.5625,   -927.0500,    546.7955,  25582.9844,
       1,     167,     336,      22,       1,       3,       1,     10.0000,      1.3934,     42.4946,    246.7081,     62.0874,      3.4953,      0.0000,     -0.0321,      3.6589,      0.1615,      5.5413,     11.0826,      1.4275,     28.2448,     56.4896,      0.0191,      0.0029,      0.0156,      0.2048,   7674.8955,-421850.6250,   -926.9757,    546.8278,  25582.9844,
       1,     167,     336,      23,       1,       3,       1,     10.0000,      1.3934,     42.4946,    246.7081,     62.0874,      3.4953,      0.0000,     -0.0321,      3.1056,      0.1620,      5.5413,     11.0826,      1.4318,     28.2448,     56.4896,      0.0191,      0.0025,      0.0156,      0.2048,   7674.8955,-422279.5938,   -927.0755,    546.7984,  25582.9863,
       1,     167,     336,      24,       1,       3,       1,     10.0000,      1.3934,     42.4946,    246.7081,     62.0874,      3.4953,      0.0000,     -0.0321,      2.6835,      0.1635,      5.5413,     11.0826,      1.4447,     28.2448,     56.4896,      0.0191,      0.0021,      0.0156,      0.2048,   7674.8960,-421628.9375,   -926.9625,    546.8429,  25582.9844,
       1,     167,     337,       1,       1,       3,       1,     10.0000,      1.3934,     42.4949,    246.7139,     62.0888,      3.4953,      0.0000,     -0.0322,      2.5471,      0.1643,      5.5411,     11.0822,      1.4520,     28.2423,     56.4845,      0.0191,      0.0020,      0.0156,      0.2048,   7674.8955,-421204.4062,   -927.1671,    546.8847,  25584.1250,
       1,     167,     337,       2,       1,       3,       1,     10.0000,      1.3934,     42.4949,    246.7139,     62.0888,      3.4953,      0.0000,     -0.0321,      3.6964,      0.1633,      5.5411,     11.0822,      1.4433,     28.2423,     56.4845,      0.0191,      0.0029,      0.0156,      0.2048,   7675.2378,-420847.2188,   -926.8369,    546.9091,  25584.1250,
       1,     167,     337,       3,       1,       3,       1,     10.0000,      1.3934,     42.4949,    246.7139,     62.0888,      3.4953,      0.0000,     -0.0321,      3.3482,      0.1617,      5.5411,     11.0822,      1.4289,     28.2423,     56.4845,      0.0191,      0.0027,      0.0156,      0.2048,   7675.2378,-422243.2500,   -927.1185,    546.8137,  25584.1250,
       1,     167,     337,       4,       1,       3,       1,     10.0000,      1.3934,     42.4949,    246.7139,     62.0888,      3.4953,      0.0000,     -0.0321,      2.9095,      0.1619,      5.5411,     11.0822,      1.4304,     28.2423,     56.4845,      0.0191,      0.0023,      0.0156,      0.2048,   7675.2378,-421929.6562,   -927.0677,    546.8351,  25584.1250,
       1,     167,     337,       5,       1,       3,       1,     10.0000,      1.3934,     42.4949,    246.7139,     62.0888,      3.4953,      0.0000,     -0.0321,      2.7534,      0.1615,      5.5411,     11.0822,      1.4275,     28.2423,     56.4845,      0.0191,      0.0022,      0.0156,      0.2048,   7675.2378,-421358.5312,   -926.9652,    546.8741,  25584.1250,
       1,     167,     337,       6,       1,       3,       1,     10.0000,      1.3934,     42.4949,    246.7139,     62.0888,      3.4953,      0.0000,     -0.0318,      2.8342,      0.1543,      5.5411,     11.0822,      1.3631,     28.2423,     56.4845,      0.0191,      0.0022,      0.0156,      0.2048,   7675.2378,-421116.2812,   -926.9255,    546.8907,  25584.1230,
       1,     167,     337,       7,       1,       3,       1,     10.0000,      1.3934,     42.4949,    246.7139,     62.0888,      3.4953,      0.0000,     -0.0317,      2.5487,      0.1521,      5.5411,     11.0822,      1.3441,     28.2423,     56.4845,      0.0191,      0.0020,      0.0156,      0.2048,   7675.2373,-421196.5625,   -926.9483,    546.8853,  25584.1230,
       1,     167,     337,       8,       1,       3,       1,     10.0000,      1.3934,     42.4949,    246.7139,     62.0888,      3.4953,      0.0023,     -0.0294,      2.3344,      0.1503,      5.5411,     11.0822,      1.3280,     28.2423,     56.4845,      0.0191,      0.0018,      0.0156,      0.2048,   7675.2373,-420848.8750,   -926.8856,    546.9090,  25584.1250,
       1,     167,     337,       9,       1,       3,       1,     10.0000,      1.3934,     42.4949,    246.7139,     62.0888,      3.4953,      0.0736,      0.0419,     12.8062,      0.1498,      5.5411,     11.0822,      1.3240,     28.2423,     56.4845,      0.0191,      0.0019,      0.0852,      0.2048,   7675.2378,-420553.1250,   -926.8307,    546.9292,  25584.1270,
       1,     167,     337,      10,       1,       3,       1,     10.0000,      1.3934,     42.4949,    246.7139,     62.0888,      3.4953,      0.1080,      0.0763,     20.8860,      0.1497,      5.5411,     11.0822,      1.3226,     28.2423,     56.4845,      0.0191,      0.0019,      0.1344,      0.2048,   7675.2383,-433523.4062,   -913.3267,    546.0425,  25584.1270,
       1,     167,     337,      11,       1,       3,       1,     10.0000,      1.3934,     42.4949,    246.7139,     62.0888,      3.4953,      0.1560,      0.1240,     23.3718,      0.1580,      5.5411,     11.0822,      1.3964,     28.2423,     56.4845,      0.0191,      0.0014,      0.2041,      0.2048,   7675.2383,-444654.5625,   -916.0369,    545.2834,  25584.1270,
       1,     167,     337,      12,       1,       3,       1,     10.0000,      1.3934,     42.4949,    246.7139,     62.0888,      3.4953,      0.1873,      0.1554,     22.1864,      0.1580,      5.5411,     11.0822,      1.3964,     28.2423,     56.4845,      0.0191,      0.0011,      0.2500,      0.2048,   7675.2383,-448684.8750,   -916.6343,    545.0093,  25584.1270,
       1,     167,     337,      13,       1,       3,       1,     10.0000,      1.3934,     42.4949,    246.7139,     62.0888,      3.4953,      0.1825,      0.1509,     19.9657,      0.1503,      5.5411,     11.0822,      1.3280,     28.2423,     56.4845,      0.0191,      0.0010,      0.2432,      0.2048,   7675.2383,-447554.0938,   -917.5308,    545.0864,  25584.1270,
       1,     167,     337,      14,       1,       3,       1,     10.0000,      1.3934,     42.4949,    246.7139,     62.0888,      3.4953,      0.1740,      0.1428,     12.7294,      0.1393,      5.5411,     11.0822,      1.2312,     28.2423,     56.4845,      0.0191,      0.0007,      0.2316,      0.2048,   7675.2383,-444701.2500,   -916.0859,    545.2808,  25584.1250,
       1,     167,     337,      15,       1,       3,       1,     10.0000,      1.3934,     42.4949,    246.7139,     62.0888,      3.4953,      0.0394,      0.0074,      1.1898,      0.1601,      5.5411,     11.0822,      1.4147,     28.2423,     56.4845,      0.0191,      0.0004,      0.0363,      0.2048,   7675.2378,-435476.3438,   -914.1412,    545.9095,  25584.1250,
       1,     167,     337,      16,       1,       3,       1,     10.0000,      1.3934,     42.4949,    246.7139,     62.0888,      3.4953,      0.1010,      0.0687,      7.1961,      0.1670,      5.5411,     11.0822,      1.4754,     28.2423,     56.4845,      0.0191,      0.0007,      0.1255,      0.2048,   7675.2378,-420371.9375,   -911.5696,    546.9406,  25584.1250,
       1,     167,     337,      17,       1,       3,       1,     10.0000,      1.3934,     42.4949,    246.7139,     62.0888,      3.4953,      0.1474,      0.1153,      8.3166,      0.1638,      5.5411,     11.0822,      1.4477,     28.2423,     56.4845,      0.0191,      0.0005,      0.1933,      0.2048,   7675.2378,-426547.2500,   -913.0737,    546.5195,  25584.1250,
       1,     167,     337,      18,       1,       3,       1,     10.0000,      1.3934,     42.4949,    246.7139,     62.0888,      3.4953,      0.0595,      0.0277,      1.5983,      0.1533,      5.5411,     11.0822,      1.3550,     28.2423,     56.4845,      0.0191,      0.0003,      0.0658,      0.2048,   7675.2378,-428461.0000,   -914.0740,    546.3889,  25584.1289,
       1,     167,     337,      19,       1,       3,       1,     10.0000,      1.3934,     42.4949,    246.7139,     62.0888,      3.4953,      0.0304,     -0.0012,      0.5530,      0.1486,      5.5411,     11.0822,      1.3134,     28.2423,     56.4845,      0.0191,      0.0003,      0.0238,      0.2048,   7675.2388,-420284.5625,   -912.7666,    546.9473,  25584.1270,
       1,     167,     337,      20,       1,       3,       1,     10.0000,      1.3934,     42.4949,    246.7139,     62.0888,      3.4953,      0.0004,     -0.0311,      0.5428,      0.1458,      5.5411,     11.0822,      1.2885,     28.2423,     56.4845,      0.0191,      0.0004,      0.0156,      0.2048,   7675.2383,-418294.5938,   -912.5002,    547.0836,  25584.1270,
       1,     167,     337,      21,       1,       3,       1,     10.0000,      1.3934,     42.4949,    246.7139,     62.0888,      3.4953,      0.0000,     -0.0318,      1.1952,      0.1524,      5.5411,     11.0822,      1.3468,     28.2423,     56.4845,      0.0191,      0.0009,      0.0156,      0.2048,   7675.2383,-418112.8750,   -912.4921,    547.0961,  25584.1270,
       1,     167,     337,      22,       1,       3,       1,     10.0000,      1.3934,     42.4949,    246.7139,     62.0888,      3.4953,      0.0000,     -0.0318,      1.4531,      0.1541,      5.5411,     11.0822,      1.3618,     28.2423,     56.4845,      0.0191,      0.0012,      0.0156,      0.2048,   7675.2383,-418906.9688,   -912.7286,    547.0417,  25584.1270,
       1,     167,     337,      23,       1,       3,       1,     10.0000,      1.3934,     42.4949,    246.7139,     62.0888,      3.4953,      0.0000,     -0.0319,      1.1044,      0.1554,      5.5411,     11.0822,      1.3728,     28.2423,     56.4845,      0.0191,      0.0009,      0.0156,      0.2048,   7675.2383,-419294.6250,   -912.8950,    547.0153,  25584.1270,
       1,     167,     337,      24,       1,       3,       1,     10.0000,      1.3934,     42.4949,    246.7139,     62.0888,      3.4953,      0.0000,     -0.0317,      1.0592,      0.1510,      5.5411,     11.0822,      1.3347,     28.2423,     56.4845,      0.0191,      0.0008,      0.0156,      0.2048,   7675.2383,-418894.6562,   -912.8946,    547.0426,  25584.1270,
       1,     167,     338,       1,       1,       3,       1,     10.0000,      1.3934,     42.4952,    246.7197,     62.0903,      3.4953,      0.0000,     -0.0316,      0.8522,      0.1489,      5.5422,     11.0844,      1.3160,     28.2344,     56.4688,      0.0191,      0.0007,      0.0156,      0.2049,   7675.2383,-418959.4375,   -913.2426,    547.0511,  25585.2676,
       1,     167,     338,       2,       1,       3,       1,     10.0000,      1.3934,     42.4952,    246.7197,     62.0903,      3.4953,      0.0000,     -0.0317,      0.6270,      0.1515,      5.5422,     11.0844,      1.3387,     28.2344,     56.4688,      0.0191,      0.0005,      0.0156,      0.2049,   7675.5806,-418556.0625,   -912.9670,    547.0786,  25585.2656,
       1,     167,     338,       3,       1,       3,       1,     10.0000,      1.3934,     42.4952,    246.7197,     62.0903,      3.4953,      0.0000,     -0.0317,      0.4686,      0.1495,      5.5422,     11.0844,      1.3213,     28.2344,     56.4688,      0.0191,      0.0004,      0.0156,      0.2049,   7675.5801,-418242.6250,   -912.9345,    547.1002,  25585.2676,
       1,     167,     338,       4,       1,       3,       1,     10.0000,      1.3934,     42.4952,    246.7197,     62.0903,      3.4953,      0.0000,     -0.0317,      0.5699,      0.1520,      5.5422,     11.0844,      1.3428,     28.2344,     56.4688,      0.0191,      0.0005,      0.0156,      0.2049,   7675.5806,-418019.2500,   -912.9033,    547.1154,  25585.2676,
       1,     167,     338,       5,       1,       3,       1,     10.0000,      1.3934,     42.4952,    246.7197,     62.0903,      3.4953,      0.0000,     -0.0317,      0.4607,      0.1495,      5.5422,     11.0844,      1.3213,     28.2344,     56.4688,      0.0191,      0.0004,      0.0156,      0.2049,   7675.5806,-418126.0312,   -912.9442,    547.1081,  25585.2676,
       1,     167,     338,       6,       1,       3,       1,     10.0000,      1.3934,     42.4952,    246.7197,     62.0903,      3.4953,      0.0000,     -0.0317,      0.6510,      0.1501,      5.5422,     11.0844,      1.3267,     28.2344,     56.4688,      0.0191,      0.0005,      0.0156,      0.2049,   7675.5806,-417999.5938,   -912.9329,    547.1168,  25585.2676,
       1,     167,     338,       7,       1,       3,       1,     10.0000,      1.3934,     42.4952,    246.7197,     62.0903,      3.4953,      0.0000,     -0.0315,      0.4525,      0.1461,      5.5422,     11.0844,      1.2911,     28.2344,     56.4688,      0.0191,      0.0004,      0.0156,      0.2049,   7675.5806,-418224.9062,   -913.0076,    547.1013,  25585.2676,
       1,     167,     338,       8,       1,       3,       1,     10.0000,      1.3934,     42.4952,    246.7197,     62.0903,      3.4953,      0.0014,     -0.0300,      0.5428,      0.1429,      5.5422,     11.0844,      1.2627,     28.2344,     56.4688,      0.0191,      0.0004,      0.0156,      0.2049,   7675.5806,-417997.7500,   -912.9764,    547.1169,  25585.2676,
       1,     167,     338,       9,       1,       3,       1,     10.0000,      1.3934,     42.4952,    246.7197,     62.0903,      3.4953,      0.0342,      0.0031,      0.8451,      0.1350,      5.5422,     11.0844,      1.1932,     28.2344,     56.4688,      0.0191,      0.0004,      0.0298,      0.2049,   7675.5806,-418090.5625,   -910.1649,    547.1105,  25585.2695,
       1,     167,     338,      10,       1,       3,       1,     10.0000,      1.3934,     42.4952,    246.7197,     62.0903,      3.4953,      0.0445,      0.0122,      1.1654,      0.1681,      5.5422,     11.0844,      1.4858,     28.2344,     56.4688,      0.0191,      0.0003,      0.0435,      0.2049,   7675.5811,-418473.4062,   -910.3495,    547.0844,  25585.2676,
       1,     167,     338,      11,       1,       3,       1,     10.0000,      1.3934,     42.4952,    246.7197,     62.0903,      3.4953,      0.1059,      0.0728,      4.4925,      0.1915,      5.5422,     11.0844,      1.6925,     28.2344,     56.4688,      0.0191,      0.0004,      0.1327,      0.2049,   7675.5806,-418903.3750,   -910.5883,    547.0549,  25585.2676,
       1,     167,     338,      12,       1,       3,       1,     10.0000,      1.3934,     42.4952,    246.7197,     62.0903,      3.4953,      0.0977,      0.0646,      3.9163,      0.1934,      5.5422,     11.0844,      1.7094,     28.2344,     56.4688,      0.0191,      0.0004,      0.1206,      0.2049,   7675.5806,-423068.4688,   -911.7715,    546.7701,  25585.2676,
       1,     167,     338,      13,       1,       3,       1,     10.0000,      1.3934,     42.4952,    246.7197,     62.0903,      3.4953,      0.1616,      0.1283,      7.3514,      0.2020,      5.5422,     11.0844,      1.7853,     28.2344,     56.4688,      0.0191,      0.0004,      0.2143,      0.2049,   7675.5806,-422706.8750,   -912.0753,    546.7949,  25585.2676,
       1,     167,     338,      14,       1,       3,       1,     10.0000,      1.3934,     42.4952,    246.7197,     62.0903,      3.4953,      0.1557,      0.1222,      8.9888,      0.2083,      5.5422,     11.0844,      1.8407,     28.2344,     56.4688,      0.0191,      0.0005,      0.2055,      0.2049,   7675.5806,-426938.7188,   -913.7184,    546.5057,  25585.2695,
       1,     167,     338,      15,       1,       3,       1,     10.0000,      1.3934,     42.4952,    246.7197,     62.0903,      3.4953,      0.1659,      0.1324,     22.2763,      0.2069,      5.5422,     11.0844,      1.8280,     28.2344,     56.4688,      0.0191,      0.0013,      0.2190,      0.2049,   7675.5811,-429329.6250,   -914.9021,    546.3424,  25585.2676,
       1,     167,     338,      16,       1,       3,       1,     10.0000,      1.3934,     42.4952,    246.7197,     62.0903,      3.4953,      0.1425,      0.1090,     41.1631,      0.2071,      5.5422,     11.0844,      1.8299,     28.2344,     56.4688,      0.0191,      0.0028,      0.1822,      0.2049,   7675.5806,-446022.6562,   -918.8730,    545.2024,  25585.2695,
       1,     167,     338,      17,       1,       3,       1,     10.0000,      1.3934,     42.4952,    246.7197,     62.0903,      3.4953,      0.1551,      0.1225,     43.0728,      0.1767,      5.5422,     11.0844,      1.5618,     28.2344,     56.4688,      0.0191,      0.0027,      0.2005,      0.2048,   7675.5811,-470885.3125,   -924.4139,    543.5092,  25585.2676,
       1,     167,     338,      18,       1,       3,       1,     10.0000,      1.3934,     42.4952,    246.7197,     62.0903,      3.4953,      0.0943,      0.0620,     23.8190,      0.1675,      5.5422,     11.0844,      1.4799,     28.2344,     56.4688,      0.0191,      0.0026,      0.1138,      0.2048,   7675.5806,-475368.5625,   -926.2315,    543.2072,  25585.2676,
       1,     167,     338,      19,       1,       3,       1,     10.0000,      1.3934,     42.4952,    246.7197,     62.0903,      3.4953,      0.0354,      0.0032,      7.4319,      0.1650,      5.5422,     11.0844,      1.4579,     28.2344,     56.4688,      0.0191,      0.0031,      0.0295,      0.2048,   7675.5806,-451834.2188,   -922.5134,    544.8053,  25585.2695,
       1,     167,     338,      20,       1,       3,       1,     10.0000,      1.3934,     42.4952,    246.7197,     62.0903,      3.4953,      0.0014,     -0.0307,      4.0562,      0.1604,      5.5422,     11.0844,      1.4176,     28.2344,     56.4688,      0.0191,      0.0032,      0.0156,      0.2048,   7675.5811,-429506.2500,   -918.8388,    546.3282,  25585.2676,
       1,     167,     338,      21,       1,       3,       1,     10.0000,      1.3934,     42.4952,    246.7197,     62.0903,      3.4953,      0.0000,     -0.0319,      3.8524,      0.1568,      5.5422,     11.0844,      1.3852,     28.2344,     56.4688,      0.0191,      0.0031,      0.0156,      0.2049,   7675.5806,-423428.8438,   -918.0211,    546.7454,  25585.2676,
       1,     167,     338,      22,       1,       3,       1,     10.0000,      1.3934,     42.4952,    246.7197,     62.0903,      3.4953,      0.0000,     -0.0318,      2.3006,      0.1524,      5.5422,     11.0844,      1.3468,     28.2344,     56.4688,      0.0191,      0.0018,      0.0156,      0.2049,   7675.5806,-422658.3125,   -918.1697,    546.7983,  25585.2676,
       1,     167,     338,      23,       1,       3,       1,     10.0000,      1.3934,     42.4952,    246.7197,     62.0903,      3.4953,      0.0000,     -0.0319,      1.8120,      0.1558,      5.5422,     11.0844,      1.3769,     28.2344,     56.4688,      0.0191,      0.0014,      0.0156,      0.2049,   7675.5806,-420667.0000,   -917.9330,    546.9343,  25585.2676,
       1,     167,     338,      24,       1,       3,       1,     10.0000,      1.3934,     42.4952,    246.7197,     62.0903,      3.4953,      0.0000,     -0.0319,      1.6133,      0.1554,      5.5422,     11.0844,      1.3728,     28.2344,     56.4688,      0.0191,      0.0013,      0.0156,      0.2049,   7675.5806,-419892.0312,   -917.8986,    546.9874,  25585.2695,
       1,     167,     339,       1,       1,       3,       1,     10.0000,      1.3934,     42.4955,    246.7255,     62.0917,      3.4953,      0.0000,     -0.0318,      1.3397,      0.1549,      5.5419,     11.0837,      1.3687,     28.2245,     56.4491,      0.0191,      0.0011,      0.0156,      0.2049,   7675.5811,-419733.9062,   -918.2211,    547.0110,  25586.4102,
       1,     167,     339,       2,       1,       3,       1,     10.0000,      1.3934,     42.4955,    246.7255,     62.0917,      3.4953,      0.0000,     -0.0318,      1.7959,      0.1529,      5.5419,     11.0837,      1.3509,     28.2245,     56.4491,      0.0191,      0.0014,      0.0156,      0.2049,   7675.9233,-419228.9375,   -917.9214,    547.0455,  25586.4082,
       1,     167,     339,       3,       1,       3,       1,     10.0000,      1.3934,     42.4955,    246.7255,     62.0917,      3.4953,      0.0000,     -0.0317,      1.8952,      0.1517,      5.5419,     11.0837,      1.3401,     28.2245,     56.4491,      0.0191,      0.0015,      0.0156,      0.2049,   7675.9229,-419752.5938,   -918.0947,    547.0097,  25586.4082,
       1,     167,     339,       4,       1,       3,       1,     10.0000,      1.3934,     42.4955,    246.7255,     62.0917,      3.4953,      0.0000,     -0.0318,      1.2470,      0.1526,      5.5419,     11.0837,      1.3482,     28.2245,     56.4491,      0.0191,      0.0010,      0.0156,      0.2049,   7675.9229,-419920.2500,   -918.2183,    546.9983,  25586.4082,
       1,     167,     339,       5,       1,       3,       1,     10.0000,      1.3934,     42.4955,    246.7255,     62.0917,      3.4953,      0.0000,     -0.0318,      0.9939,      0.1533,      5.5419,     11.0837,      1.3550,     28.2245,     56.4491,      0.0191,      0.0008,      0.0156,      0.2049,   7675.9229,-419130.2500,   -918.1346,    547.0523,  25586.4102,
       1,     167,     339,       6,       1,       3,       1,     10.0000,      1.3934,     42.4955,    246.7255,     62.0917,      3.4953,      0.0000,     -0.0316,      0.6216,      0.1494,      5.5419,     11.0837,      1.3200,     28.2245,     56.4491,      0.0191,      0.0005,      0.0156,      0.2049,   7675.9233,-418748.7812,   -918.1174,    547.0784,  25586.4062,
       1,     167,     339,       7,       1,       3,       1,     10.0000,      1.3934,     42.4955,    246.7255,     62.0917,      3.4953,      0.0000,     -0.0315,      0.3959,      0.1464,      5.5419,     11.0837,      1.2937,     28.2245,     56.4491,      0.0191,      0.0003,      0.0156,      0.2049,   7675.9224,-418255.0938,   -918.0489,    547.1121,  25586.4082,
       1,     167,     339,       8,       1,       3,       1,     10.0000,      1.3934,     42.4955,    246.7255,     62.0917,      3.4953,      0.0017,     -0.0300,      0.3697,      0.1511,      5.5419,     11.0837,      1.3347,     28.2245,     56.4491,      0.0191,      0.0003,      0.0156,      0.2049,   7675.9229,-417933.0000,   -917.9937,    547.1342,  25586.4082,
       1,     167,     339,       9,       1,       3,       1,     10.0000,      1.3934,     42.4955,    246.7255,     62.0917,      3.4953,      0.0458,      0.0136,      1.3550,      0.1638,      5.5419,     11.0837,      1.4477,     28.2245,     56.4491,      0.0191,      0.0004,      0.0455,      0.2049,   7675.9229,-417873.1562,   -917.9873,    547.1382,  25586.4082,
       1,     167,     339,      10,       1,       3,       1,     10.0000,      1.3934,     42.4955,    246.7255,     62.0917,      3.4953,      0.0975,      0.0649,      5.0515,      0.1780,      5.5419,     11.0837,      1.5727,     28.2245,     56.4491,      0.0191,      0.0005,      0.1204,      0.2049,   7675.9229,-419090.4688,   -918.3077,    547.0549,  25586.4082,
       1,     167,     339,      11,       1,       3,       1,     10.0000,      1.3934,     42.4955,    246.7255,     62.0917,      3.4953,      0.1554,      0.1228,     11.1716,      0.1767,      5.5419,     11.0837,      1.5618,     28.2245,     56.4491,      0.0191,      0.0007,      0.2047,      0.2049,   7675.9229,-423780.1562,   -919.4194,    546.7343,  25586.4102,
       1,     167,     339,      12,       1,       3,       1,     10.0000,      1.3934,     42.4955,    246.7255,     62.0917,      3.4953,      0.1847,      0.1517,      8.7257,      0.1912,      5.5419,     11.0837,      1.6892,     28.2245,     56.4491,      0.0191,      0.0004,      0.2481,      0.2049,   7675.9233,-431771.3750,   -921.3533,    546.1882,  25586.4082,
       1,     167,     339,      13,       1,       3,       1,     10.0000,      1.3934,     42.4955,    246.7255,     62.0917,      3.4953,      0.1863,      0.1532,     12.7605,      0.1952,      5.5419,     11.0837,      1.7247,     28.2245,     56.4491,      0.0191,      0.0006,      0.2500,      0.2049,   7675.9229,-429415.0938,   -921.8896,    546.3494,  25586.4102,
       1,     167,     339,      14,       1,       3,       1,     10.0000,      1.3934,     42.4955,    246.7255,     62.0917,      3.4953,      0.1873,      0.1540,     25.8340,      0.2020,      5.5419,     11.0837,      1.7854,     28.2245,     56.4491,      0.0191,      0.0013,      0.2500,      0.2049,   7675.9233,-434221.2812,   -923.5737,    546.0212,  25586.4082,
       1,     167,     339,      15,       1,       3,       1,     10.0000,      1.3934,     42.4955,    246.7255,     62.0917,      3.4953,      0.1839,      0.1507,     33.0874,      0.1975,      5.5419,     11.0837,      1.7453,     28.2245,     56.4491,      0.0191,      0.0017,      0.2442,      0.2049,   7675.9229,-450853.0312,   -927.5613,    544.8861,  25586.4082,
       1,     167,     339,      16,       1,       3,       1,     10.0000,      1.3934,     42.4955,    246.7255,     62.0917,      3.4953,      0.1861,      0.1533,     26.9124,      0.1841,      5.5419,     11.0837,      1.6268,     28.2245,     56.4491,      0.0191,      0.0013,      0.2480,      0.2049,   7675.9229,-461269.0000,   -930.1148,    544.1778,  25586.4082,
       1,     167,     339,      17,       1,       3,       1,     10.0000,      1.3934,     42.4955,    246.7255,     62.0917,      3.4953,      0.1406,      0.1082,     35.7009,      0.1714,      5.5419,     11.0837,      1.5143,     28.2245,     56.4491,      0.0191,      0.0024,      0.1802,      0.2049,   7675.9229,-454484.9062,   -927.2029,    544.6398,  25586.4082,
       1,     167,     339,      18,       1,       3,       1,     10.0000,      1.3934,     42.4955,    246.7255,     62.0917,      3.4953,      0.1246,      0.0922,     35.6641,      0.1734,      5.5419,     11.0837,      1.5325,     28.2245,     56.4491,      0.0191,      0.0028,      0.1568,      0.2049,   7675.9229,-464819.9062,   -929.6638,    543.9364,  25586.4082,
       1,     167,     339,      19,       1,       3,       1,     10.0000,      1.3934,     42.4955,    246.7255,     62.0917,      3.4953,      0.0559,      0.0234,     13.8171,      0.1731,      5.5419,     11.0837,      1.5295,     28.2245,     56.4491,      0.0191,      0.0029,      0.0586,      0.2049,   7675.9229,-465650.1562,   -930.3130,    543.8804,  25586.4102,
       1,     167,     339,      20,       1,       3,       1,     10.0000,      1.3934,     42.4955,    246.7255,     62.0917,      3.4953,      0.0015,     -0.0309,      3.0517,      0.1700,      5.5419,     11.0837,      1.5022,     28.2245,     56.4491,      0.0191,      0.0024,      0.0156,      0.2049,   7675.9233,-438595.8125,   -925.5468,    545.7197,  25586.4082,
       1,     167,     339,      21,       1,       3,       1,     10.0000,      1.3934,     42.4955,    246.7255,     62.0917,      3.4953,      0.0000,     -0.0322,      1.8121,      0.1655,      5.5419,     11.0837,      1.4623,     28.2245,     56.4491,      0.0191,      0.0014,      0.0156,      0.2049,   7675.9229,-422954.8125,   -922.7683,    546.7897,  25586.4082,
       1,     167,     339,      22,       1,       3,       1,     10.0000,      1.3934,     42.4955,    246.7255,     62.0917,      3.4953,      0.0000,     -0.0321,      1.6931,      0.1638,      5.5419,     11.0837,      1.4477,     28.2245,     56.4491,      0.0191,      0.0013,      0.0156,      0.2049,   7675.9229,-420090.1250,   -922.3097,    546.9866,  25586.4082,
       1,     167,     339,      23,       1,       3,       1,     10.0000,      1.3934,     42.4955,    246.7255,     62.0917,      3.4953,      0.0000,     -0.0322,      1.5832,      0.1645,      5.5419,     11.0837,      1.4535,     28.2245,     56.4491,      0.0191,      0.0013,      0.0156,      0.2049,   7675.9229,-419698.1875,   -922.3073,    547.0134,  25586.4082,
       1,     167,     339,      24,       1,       3,       1,     10.0000,      1.3934,     42.4955,    246.7255,     62.0917,      3.4953,      0.0000,     -0.0322,      2.0339,      0.1648,      5.5419,     11.0837,      1.4564,     28.2245,     56.4491,      0.0191,      0.0016,      0.0156,      0.2049,   7675.9229,-419528.5625,   -922.3402,    547.0250,  25586.4062,
       1,     167,     340,       1,       1,       3,       1,     10.0000,      1.3934,     42.4959,    246.7313,     62.0932,      3.4953,      0.0000,     -0.0321,      1.9461,      0.1620,      5.5418,     11.0836,      1.4319,     28.2236,     56.4471,      0.0191,      0.0015,      0.0156,      0.2049,   7675.9224,-420228.0938,   -922.8269,    546.9901,  25587.5469,
       1,     167,     340,       2,       1,       3,       1,     10.0000,      1.3934,     42.4959,    246.7313,     62.0932,      3.4953,      0.0000,     -0.0321,      1.6532,      0.1622,      5.5418,     11.0836,      1.4333,     28.2236,     56.4471,      0.0191,      0.0013,      0.0156,      0.2049,   7676.2642,-420026.6250,   -922.6070,    547.0039,  25587.5488,
       1,     167,     340,       3,       1,       3,       1,     10.0000,      1.3934,     42.4959,    246.7313,     62.0932,      3.4953,      0.0000,     -0.0320,      1.6326,      0.1598,      5.5418,     11.0836,      1.4120,     28.2236,     56.4471,      0.0191,      0.0013,      0.0156,      0.2049,   7676.2651,-419646.0000,   -922.6005,    547.0300,  25587.5469,
       1,     167,     340,       4,       1,       3,       1,     10.0000,      1.3934,     42.4959,    246.7313,     62.0932,      3.4953,      0.0000,     -0.0319,      1.7774,      0.1572,      5.5418,     11.0836,      1.3895,     28.2236,     56.4471,      0.0191,      0.0014,      0.0156,      0.2049,   7676.2642,-419588.2500,   -922.6542,    547.0339,  25587.5469,
       1,     167,     340,       5,       1,       3,       1,     10.0000,      1.3934,     42.4959,    246.7313,     62.0932,      3.4953,      0.0000,     -0.0320,      1.8488,      0.1593,      5.5418,     11.0836,      1.4077,     28.2236,     56.4471,      0.0191,      0.0015,      0.0156,      0.2049,   7676.2642,-419763.0000,   -922.7562,    547.0220,  25587.5488,
       1,     167,     340,       6,       1,       3,       1,     10.0000,      1.3934,     42.4959,    246.7313,     62.0932,      3.4953,      0.0000,     -0.0320,      1.7380,      0.1588,      5.5418,     11.0836,      1.4035,     28.2236,     56.4471,      0.0191,      0.0014,      0.0156,      0.2049,   7676.2651,-419866.2188,   -922.8463,    547.0149,  25587.5488,
       1,     167,     340,       7,       1,       3,       1,     10.0000,      1.3934,     42.4959,    246.7313,     62.0932,      3.4953,      0.0000,     -0.0320,      1.9121,      0.1587,      5.5418,     11.0836,      1.4021,     28.2236,     56.4471,      0.0191,      0.0015,      0.0156,      0.2049,   7676.2651,-419737.5000,   -922.8836,    547.0237,  25587.5488,
       1,     167,     340,       8,       1,       3,       1,     10.0000,      1.3934,     42.4959,    246.7313,     62.0932,      3.4953,      0.0043,     -0.0275,      1.8676,      0.1563,      5.5418,     11.0836,      1.3812,     28.2236,     56.4471,      0.0191,      0.0015,      0.0156,      0.2049,   7676.2651,-419942.5938,   -922.9897,    547.0096,  25587.5508,
       1,     167,     340,       9,       1,       3,       1,     10.0000,      1.3934,     42.4959,    246.7313,     62.0932,      3.4953,      0.0463,      0.0141,      5.4673,      0.1632,      5.5418,     11.0836,      1.4420,     28.2236,     56.4471,      0.0191,      0.0015,      0.0458,      0.2049,   7676.2656,-419904.3750,   -923.0499,    547.0122,  25587.5488,
       1,     167,     340,      10,       1,       3,       1,     10.0000,      1.3934,     42.4959,    246.7313,     62.0932,      3.4953,      0.0778,      0.0449,     11.7343,      0.1874,      5.5418,     11.0836,      1.6561,     28.2236,     56.4471,      0.0191,      0.0016,      0.0906,      0.2049,   7676.2651,-424367.2812,   -923.9981,    546.7071,  25587.5488,
       1,     167,     340,      11,       1,       3,       1,     10.0000,      1.3934,     42.4959,    246.7313,     62.0932,      3.4953,      0.0245,     -0.0092,      1.4201,      0.2137,      5.5418,     11.0836,      1.8885,     28.2236,     56.4471,      0.0191,      0.0014,      0.0125,      0.2049,   7676.2651,-432521.0000,   -925.6980,    546.1500,  25587.5469,
       1,     167,     340,      12,       1,       3,       1,     10.0000,      1.3934,     42.4959,    246.7313,     62.0932,      3.4953,      0.0984,      0.0645,     12.1959,      0.2234,      5.5418,     11.0836,      1.9737,     28.2236,     56.4471,      0.0191,      0.0013,      0.1204,      0.2049,   7676.2642,-420415.5625,   -923.4761,    546.9766,  25587.5488,
       1,     167,     340,      13,       1,       3,       1,     10.0000,      1.3934,     42.4959,    246.7313,     62.0932,      3.4953,      0.0771,      0.0432,     10.5152,      0.2223,      5.5418,     11.0836,      1.9641,     28.2236,     56.4471,      0.0191,      0.0015,      0.0891,      0.2049,   7676.2651,-432758.6875,   -925.9689,    546.1334,  25587.5488,
       1,     167,     340,      14,       1,       3,       1,     10.0000,      1.3934,     42.4959,    246.7313,     62.0932,      3.4953,      0.1261,      0.0920,     27.8114,      0.2311,      5.5418,     11.0836,      2.0425,     28.2236,     56.4471,      0.0191,      0.0022,      0.1594,      0.2049,   7676.2651,-431721.0312,   -925.9074,    546.2048,  25587.5488,
       1,     167,     340,      15,       1,       3,       1,     10.0000,      1.3934,     42.4959,    246.7313,     62.0932,      3.4953,      0.1434,      0.1092,     52.6483,      0.2323,      5.5418,     11.0836,      2.0525,     28.2236,     56.4471,      0.0191,      0.0036,      0.1821,      0.2049,   7676.2651,-453093.0000,   -930.2338,    544.7457,  25587.5488,
       1,     167,     340,      16,       1,       3,       1,     10.0000,      1.3934,     42.4959,    246.7313,     62.0932,      3.4953,      0.1629,      0.1292,     83.3400,      0.2158,      5.5418,     11.0836,      1.9071,     28.2236,     56.4471,      0.0191,      0.0050,      0.2075,      0.2049,   7676.2651,-485735.7500,   -936.8989,    542.5249,  25587.5488,
       1,     167,     340,      17,       1,       3,       1,     10.0000,      1.3934,     42.4959,    246.7313,     62.0932,      3.4953,      0.1129,      0.0795,     59.3995,      0.2073,      5.5418,     11.0836,      1.8317,     28.2236,     56.4471,      0.0191,      0.0054,      0.1365,      0.2049,   7676.2651,-526621.0625,   -945.3682,    539.7567,  25587.5469,
       1,     167,     340,      18,       1,       3,       1,     10.0000,      1.3934,     42.4959,    246.7313,     62.0932,      3.4953,      0.0168,     -0.0164,      0.7533,      0.1983,      5.5418,     11.0836,      1.7522,     28.2236,     56.4471,      0.0191,      0.0050,      0.0019,      0.2048,   7676.2642,-500345.4688,   -940.8856,    541.5366,  25587.5488,
       1,     167,     340,      19,       1,       3,       1,     10.0000,      1.3934,     42.4959,    246.7313,     62.0932,      3.4953,      0.0072,     -0.0256,      6.7786,      0.1848,      5.5418,     11.0836,      1.6333,     28.2236,     56.4471,      0.0191,      0.0054,      0.0156,      0.2048,   7676.2651,-425285.4062,   -926.6947,    546.6205,  25587.5488,
       1,     167,     340,      20,       1,       3,       1,     10.0000,      1.3934,     42.4959,    246.7313,     62.0932,      3.4953,      0.0003,     -0.0322,      6.4871,      0.1741,      5.5418,     11.0836,      1.5387,     28.2236,     56.4471,      0.0191,      0.0051,      0.0156,      0.2049,   7676.2651,-426480.3125,   -927.0494,    546.5628,  25587.5488,
       1,     167,     340,      21,       1,       3,       1,     10.0000,      1.3934,     42.4959,    246.7313,     62.0932,      3.4953,      0.0000,     -0.0324,      5.6302,      0.1704,      5.5418,     11.0836,      1.5053,     28.2236,     56.4471,      0.0191,      0.0045,      0.0156,      0.2049,   7676.2651,-426190.2812,   -927.0987,    546.5826,  25587.5469,
       1,     167,     340,      22,       1,       3,       1,     10.0000,      1.3934,     42.4959,    246.7313,     62.0932,      3.4953,      0.0000,     -0.0323,      5.0071,      0.1673,      5.5418,     11.0836,      1.4785,     28.2236,     56.4471,      0.0191,      0.0040,      0.0156,      0.2049,   7676.2642,-425102.6875,   -926.9709,    546.6569,  25587.5469,
       1,     167,     340,      23,       1,       3,       1,     10.0000,      1.3934,     42.4959,    246.7313,     62.0932,      3.4953,      0.0000,     -0.0322,      4.4384,      0.1643,      5.5418,     11.0836,      1.4521,     28.2236,     56.4471,      0.0191,      0.0035,      0.0156,      0.2049,   7676.2642,-424237.5625,   -926.8675,    546.7161,  25587.5469,
       1,     167,     340,      24,       1,       3,       1,     10.0000,      1.3934,     42.4959,    246.7313,     62.0932,      3.4953,      0.0000,     -0.0320,      3.5820,      0.1604,      5.5418,     11.0836,      1.4176,     28.2236,     56.4471,      0.0191,      0.0028,      0.0156,      0.2049,   7676.2642,-423458.5000,   -926.7673,    546.7693,  25587.5469,
       1,     167,     341,       1,       1,       3,       1,     10.0000,      1.3935,     42.4962,    246.7370,     62.0947,      3.4953,      0.0000,     -0.0320,      2.8867,      0.1600,      5.5432,     11.0864,      1.4134,     28.2061,     56.4123,      0.0191,      0.0023,      0.0156,      0.2049,   7676.2642,-422484.3438,   -926.8897,    546.8489,  25588.6855,
       1,     167,     341,       2,       1,       3,       1,     10.0000,      1.3935,     42.4962,    246.7370,     62.0947,      3.4953,      0.0000,     -0.0320,      2.6452,      0.1603,      5.5432,     11.0864,      1.4162,     28.2061,     56.4123,      0.0191,      0.0021,      0.0156,      0.2049,   7676.6060,-421387.3125,   -926.4370,    546.9240,  25588.6875,
       1,     167,     341,       3,       1,       3,       1,     10.0000,      1.3935,     42.4962,    246.7370,     62.0947,      3.4953,      0.0000,     -0.0319,      2.4306,      0.1574,      5.5432,     11.0864,      1.3909,     28.2061,     56.4123,      0.0191,      0.0019,      0.0156,      0.2049,   7676.6064,-420994.3125,   -926.3831,    546.9507,  25588.6855,
       1,     167,     341,       4,       1,       3,       1,     10.0000,      1.3935,     42.4962,    246.7370,     62.0947,      3.4953,      0.0000,     -0.0319,      2.4022,      0.1560,      5.5432,     11.0864,      1.3784,     28.2061,     56.4123,      0.0191,      0.0019,      0.0156,      0.2049,   7676.6060,-420695.2500,   -926.3453,    546.9712,  25588.6875,
       1,     167,     341,       5,       1,       3,       1,     10.0000,      1.3935,     42.4962,    246.7370,     62.0947,      3.4953,      0.0000,     -0.0318,      2.1815,      0.1537,      5.5432,     11.0864,      1.3578,     28.2061,     56.4123,      0.0191,      0.0017,      0.0156,      0.2049,   7676.6064,-420634.3438,   -926.3506,    546.9753,  25588.6855,
       1,     167,     341,       6,       1,       3,       1,     10.0000,      1.3935,     42.4962,    246.7370,     62.0947,      3.4953,      0.0000,     -0.0317,      2.3458,      0.1514,      5.5432,     11.0864,      1.3375,     28.2061,     56.4123,      0.0191,      0.0019,      0.0156,      0.2049,   7676.6060,-420355.7812,   -926.3129,    546.9944,  25588.6855,
       1,     167,     341,       7,       1,       3,       1,     10.0000,      1.3935,     42.4962,    246.7370,     62.0947,      3.4953,      0.0000,     -0.0319,      2.5196,      0.1563,      5.5432,     11.0864,      1.3812,     28.2061,     56.4123,      0.0191,      0.0020,      0.0156,      0.2049,   7676.6060,-420535.7812,   -926.3626,    546.9821,  25588.6855,
       1,     167,     341,       8,       1,       3,       1,     10.0000,      1.3935,     42.4962,    246.7370,     62.0947,      3.4953,      0.0073,     -0.0245,      2.4190,      0.1555,      5.5432,     11.0864,      1.3743,     28.2061,     56.4123,      0.0191,      0.0019,      0.0156,      0.2049,   7676.6060,-420766.8750,   -926.4224,    546.9664,  25588.6855,
       1,     167,     341,       9,       1,       3,       1,     10.0000,      1.3935,     42.4962,    246.7370,     62.0947,      3.4953,      0.0774,      0.0452,     13.5969,      0.1657,      5.5432,     11.0864,      1.4638,     28.2061,     56.4123,      0.0191,      0.0019,      0.0902,      0.2049,   7676.6060,-420661.4688,   -926.4155,    546.9735,  25588.6875,
       1,     167,     341,      10,       1,       3,       1,     10.0000,      1.3935,     42.4962,    246.7370,     62.0947,      3.4953,      0.1651,      0.1323,     34.3855,      0.1843,      5.5432,     11.0864,      1.6285,     28.2061,     56.4123,      0.0191,      0.0020,      0.2162,      0.2049,   7676.6064,-434517.5312,   -929.1553,    546.0261,  25588.6836,
       1,     167,     341,      11,       1,       3,       1,     10.0000,      1.3935,     42.4962,    246.7370,     62.0947,      3.4953,      0.1721,      0.1388,     38.1117,      0.1997,      5.5432,     11.0864,      1.7644,     28.2061,     56.4123,      0.0191,      0.0021,      0.2261,      0.2049,   7676.6055,-461487.3125,   -934.5318,    544.1862,  25588.6855,
       1,     167,     341,      12,       1,       3,       1,     10.0000,      1.3935,     42.4962,    246.7370,     62.0947,      3.4953,      0.1523,      0.1187,     35.6617,      0.2106,      5.5432,     11.0864,      1.8609,     28.2061,     56.4123,      0.0191,      0.0022,      0.1973,      0.2049,   7676.6060,-468404.2188,   -936.0577,    543.7188,  25588.6855,
       1,     167,     341,      13,       1,       3,       1,     10.0000,      1.3935,     42.4962,    246.7370,     62.0947,      3.4953,      0.0980,      0.0642,     20.7972,      0.2171,      5.5432,     11.0864,      1.9184,     28.2061,     56.4123,      0.0191,      0.0022,      0.1188,      0.2049,   7676.6060,-465945.1250,   -935.7574,    543.8861,  25588.6836,
       1,     167,     341,      14,       1,       3,       1,     10.0000,      1.3935,     42.4962,    246.7370,     62.0947,      3.4953,      0.0983,      0.0644,     24.5805,      0.2216,      5.5432,     11.0864,      1.9584,     28.2061,     56.4123,      0.0191,      0.0026,      0.1188,      0.2049,   7676.6055,-447286.6875,   -932.2446,    545.1547,  25588.6855,
       1,     167,     341,      15,       1,       3,       1,     10.0000,      1.3935,     42.4962,    246.7370,     62.0947,      3.4953,      0.0922,      0.0584,     31.3875,      0.2180,      5.5432,     11.0864,      1.9260,     28.2061,     56.4123,      0.0191,      0.0036,      0.1090,      0.2049,   7676.6060,-450406.4375,   -932.9567,    544.9435,  25588.6855,
       1,     167,     341,      16,       1,       3,       1,     10.0000,      1.3935,     42.4962,    246.7370,     62.0947,      3.4953,      0.0812,      0.0477,     32.7119,      0.2081,      5.5432,     11.0864,      1.8390,     28.2061,     56.4123,      0.0191,      0.0044,      0.0927,      0.2049,   7676.6060,-459116.3125,   -934.7797,    544.3503,  25588.6855,
       1,     167,     341,      17,       1,       3,       1,     10.0000,      1.3935,     42.4962,    246.7370,     62.0947,      3.4953,      0.0568,      0.0235,     23.3337,      0.2017,      5.5432,     11.0864,      1.7819,     28.2061,     56.4123,      0.0191,      0.0050,      0.0581,      0.2049,   7676.6060,-461497.9688,   -935.3747,    544.1885,  25588.6855,
       1,     167,     341,      18,       1,       3,       1,     10.0000,      1.3935,     42.4962,    246.7370,     62.0947,      3.4953,      0.0440,      0.0109,     17.3415,      0.1940,      5.5432,     11.0864,      1.7146,     28.2061,     56.4123,      0.0191,      0.0053,      0.0401,      0.2049,   7676.6060,-450059.5312,   -933.2266,    544.9667,  25588.6836,
       1,     167,     341,      19,       1,       3,       1,     10.0000,      1.3935,     42.4962,    246.7370,     62.0947,      3.4953,      0.0152,     -0.0174,      0.1569,      0.1768,      5.5432,     11.0864,      1.5619,     28.2061,     56.4123,      0.0191,      0.0053,      0.0004,      0.2049,   7676.6055,-441657.0938,   -931.6235,    545.5396,  25588.6855,
       1,     167,     341,      20,       1,       3,       1,     10.0000,      1.3935,     42.4962,    246.7370,     62.0947,      3.4953,      0.0004,     -0.0318,      6.4664,      0.1682,      5.5432,     11.0864,      1.4859,     28.2061,     56.4123,      0.0191,      0.0051,      0.0156,      0.2049,   7676.6060,-419622.9062,   -927.2697,    547.0424,  25588.6855,
       1,     167,     341,      21,       1,       3,       1,     10.0000,      1.3935,     42.4962,    246.7370,     62.0947,      3.4953,      0.0000,     -0.0322,      5.9192,      0.1650,      5.5432,     11.0864,      1.4580,     28.2061,     56.4123,      0.0191,      0.0047,      0.0156,      0.2049,   7676.6060,-425587.5625,   -928.4066,    546.6367,  25588.6855,
       1,     167,     341,      22,       1,       3,       1,     10.0000,      1.3935,     42.4962,    246.7370,     62.0947,      3.4953,      0.0000,     -0.0321,      5.6899,      0.1634,      5.5432,     11.0864,      1.4434,     28.2061,     56.4123,      0.0191,      0.0045,      0.0156,      0.2049,   7676.6060,-425412.5000,   -928.3480,    546.6487,  25588.6855,
       1,     167,     341,      23,       1,       3,       1,     10.0000,      1.3935,     42.4962,    246.7370,     62.0947,      3.4953,      0.0000,     -0.0320,      4.9668,      0.1604,      5.5432,     11.0864,      1.4177,     28.2061,     56.4123,      0.0191,      0.0039,      0.0156,      0.2049,   7676.6060,-425113.0625,   -928.2644,    546.6692,  25588.6855,
       1,     167,     341,      24,       1,       3,       1,     10.0000,      1.3935,     42.4962,    246.7370,     62.0947,      3.4953,      0.0000,     -0.0321,      3.8940,      0.1621,      5.5432,     11.0864,      1.4319,     28.2061,     56.4123,      0.0191,      0.0031,      0.0156,      0.2049,   7676.6060,-424190.6250,   -928.0622,    546.7323,  25588.6855,
       1,     167,     342,       1,       1,       3,       1,     10.0000,      1.3935,     42.4965,    246.7428,     62.0961,      3.4953,      0.0000,     -0.0318,      2.9039,      0.1555,      5.5428,     11.0856,      1.3743,     28.1928,     56.3855,      0.0191,      0.0023,      0.0156,      0.2050,   7676.6060,-422935.6250,   -928.0762,    546.8310,  25589.8242,
       1,     167,     342,       2,       1,       3,       1,     10.0000,      1.3935,     42.4965,    246.7428,     62.0961,      3.4953,      0.0000,     -0.0318,      2.2122,      0.1546,      5.5428,     11.0856,      1.3660,     28.1928,     56.3855,      0.0191,      0.0018,      0.0156,      0.2050,   7676.9478,-421449.2812,   -927.4993,    546.9326,  25589.8242,
       1,     167,     342,       3,       1,       3,       1,     10.0000,      1.3935,     42.4965,    246.7428,     62.0961,      3.4953,      0.0000,     -0.0317,      1.8192,      0.1518,      5.5428,     11.0856,      1.3416,     28.1928,     56.3855,      0.0191,      0.0014,      0.0156,      0.2050,   7676.9478,-420465.4688,   -927.9126,    546.9999,  25589.8242,
       1,     167,     342,       4,       1,       3,       1,     10.0000,      1.3935,     42.4965,    246.7428,     62.0961,      3.4953,      0.0000,     -0.0317,      1.4272,      0.1515,      5.5428,     11.0856,      1.3389,     28.1928,     56.3855,      0.0191,      0.0011,      0.0156,      0.2050,   7676.9478,-419894.5312,   -927.8098,    547.0389,  25589.8262,
       1,     167,     342,       5,       1,       3,       1,     10.0000,      1.3935,     42.4965,    246.7428,     62.0961,      3.4953,      0.0000,     -0.0316,      1.4823,      0.1488,      5.5428,     11.0856,      1.3148,     28.1928,     56.3855,      0.0191,      0.0012,      0.0156,      0.2050,   7676.9482,-419359.8125,   -927.7115,    547.0755,  25589.8242,
       1,     167,     342,       6,       1,       3,       1,     10.0000,      1.3935,     42.4965,    246.7428,     62.0961,      3.4953,      0.0000,     -0.0315,      0.9632,      0.1464,      5.5428,     11.0856,      1.2938,     28.1928,     56.3855,      0.0191,      0.0008,      0.0156,      0.2050,   7676.9478,-419382.8750,   -927.7222,    547.0739,  25589.8242,
       1,     167,     342,       7,       1,       3,       1,     10.0000,      1.3935,     42.4965,    246.7428,     62.0961,      3.4953,      0.0000,     -0.0314,      0.6595,      0.1444,      5.5428,     11.0856,      1.2757,     28.1928,     56.3855,      0.0191,      0.0005,      0.0156,      0.2050,   7676.9478,-418741.0312,   -927.6014,    547.1178,  25589.8242,
       1,     167,     342,       8,       1,       3,       1,     10.0000,      1.3935,     42.4965,    246.7428,     62.0961,      3.4953,      0.0026,     -0.0289,      0.5773,      0.1460,      5.5428,     11.0856,      1.2899,     28.1928,     56.3855,      0.0191,      0.0005,      0.0156,      0.2050,   7676.9478,-418310.0000,   -927.5204,    547.1473,  25589.8223,
       1,     167,     342,       9,       1,       3,       1,     10.0000,      1.3935,     42.4965,    246.7428,     62.0961,      3.4953,      0.0526,      0.0205,      2.0824,      0.1619,      5.5428,     11.0856,      1.4305,     28.1928,     56.3855,      0.0191,      0.0005,      0.0554,      0.2050,   7676.9468,-418171.6875,   -927.4967,    547.1567,  25589.8262,
       1,     167,     342,      10,       1,       3,       1,     10.0000,      1.3935,     42.4965,    246.7428,     62.0961,      3.4953,      0.1625,      0.1298,     14.7492,      0.1789,      5.5428,     11.0856,      1.5807,     28.1928,     56.3855,      0.0191,      0.0008,      0.2146,      0.2050,   7676.9482,-420026.3125,   -927.8636,    547.0299,  25589.8223,
       1,     167,     342,      11,       1,       3,       1,     10.0000,      1.3935,     42.4965,    246.7428,     62.0961,      3.4953,      0.1871,      0.1544,     20.8457,      0.1803,      5.5428,     11.0856,      1.5933,     28.1928,     56.3855,      0.0191,      0.0010,      0.2500,      0.2050,   7676.9468,-435894.3750,   -931.0068,    545.9449,  25589.8242,
       1,     167,     342,      12,       1,       3,       1,     10.0000,      1.3935,     42.4965,    246.7428,     62.0961,      3.4953,      0.1873,      0.1539,     25.9810,      0.2041,      5.5428,     11.0856,      1.8032,     28.1928,     56.3855,      0.0191,      0.0013,      0.2500,      0.2050,   7676.9478,-444805.5000,   -932.8036,    545.3379,  25589.8242,
       1,     167,     342,      13,       1,       3,       1,     10.0000,      1.3935,     42.4965,    246.7428,     62.0961,      3.4953,      0.1870,      0.1539,     21.5888,      0.1946,      5.5428,     11.0856,      1.7197,     28.1928,     56.3855,      0.0191,      0.0011,      0.2500,      0.2050,   7676.9478,-451931.4375,   -934.2370,    544.8524,  25589.8242,
       1,     167,     342,      14,       1,       3,       1,     10.0000,      1.3935,     42.4965,    246.7428,     62.0961,      3.4953,      0.1882,      0.1547,     37.4957,      0.2065,      5.5428,     11.0856,      1.8246,     28.1928,     56.3855,      0.0191,      0.0019,      0.2500,      0.2049,   7676.9478,-447085.0000,   -933.2748,    545.1827,  25589.8242,
       1,     167,     342,      15,       1,       3,       1,     10.0000,      1.3935,     42.4965,    246.7428,     62.0961,      3.4953,      0.1897,      0.1562,     56.8509,      0.2083,      5.5428,     11.0856,      1.8409,     28.1928,     56.3855,      0.0191,      0.0028,      0.2500,      0.2049,   7676.9478,-466411.2188,   -937.1091,    543.8658,  25589.8242,
       1,     167,     342,      16,       1,       3,       1,     10.0000,      1.3935,     42.4965,    246.7428,     62.0961,      3.4953,      0.1891,      0.1563,     46.9254,      0.1841,      5.5428,     11.0856,      1.6269,     28.1928,     56.3855,      0.0191,      0.0023,      0.2500,      0.2049,   7676.9478,-492073.6562,   -942.2773,    542.1227,  25589.8242,
       1,     167,     342,      17,       1,       3,       1,     10.0000,      1.3935,     42.4965,    246.7428,     62.0961,      3.4953,      0.1742,      0.1416,     60.8768,      0.1814,      5.5428,     11.0856,      1.6028,     28.1928,     56.3855,      0.0191,      0.0033,      0.2266,      0.2049,   7676.9478,-481926.8438,   -940.3735,    542.8131,  25589.8203,
       1,     167,     342,      18,       1,       3,       1,     10.0000,      1.3935,     42.4965,    246.7428,     62.0961,      3.4953,      0.1477,      0.1153,     43.8594,      0.1722,      5.5428,     11.0856,      1.5220,     28.1928,     56.3855,      0.0191,      0.0029,      0.1897,      0.2049,   7676.9463,-498386.9375,   -943.8011,    541.6967,  25589.8223,
       1,     167,     342,      19,       1,       3,       1,     10.0000,      1.3935,     42.4965,    246.7428,     62.0961,      3.4953,      0.0538,      0.0221,     16.1770,      0.1514,      5.5428,     11.0856,      1.3375,     28.1928,     56.3855,      0.0191,      0.0036,      0.0559,      0.2049,   7676.9468,-478650.2500,   -940.0679,    543.0342,  25589.8223,
       1,     167,     342,      20,       1,       3,       1,     10.0000,      1.3935,     42.4965,    246.7428,     62.0961,      3.4953,      0.0019,     -0.0295,      5.1212,      0.1438,      5.5428,     11.0856,      1.2705,     28.1928,     56.3855,      0.0191,      0.0041,      0.0156,      0.2049,   7676.9468,-442622.7812,   -933.9178,    545.4814,  25589.8223,
       1,     167,     342,      21,       1,       3,       1,     10.0000,      1.3935,     42.4965,    246.7428,     62.0961,      3.4953,      0.0000,     -0.0315,      3.1945,      0.1452,      5.5428,     11.0856,      1.2834,     28.1928,     56.3855,      0.0191,      0.0025,      0.0156,      0.2050,   7676.9468,-425872.8438,   -930.6402,    546.6290,  25589.8223,
       1,     167,     342,      22,       1,       3,       1,     10.0000,      1.3935,     42.4965,    246.7428,     62.0961,      3.4953,      0.0000,     -0.0315,      2.8259,      0.1461,      5.5428,     11.0856,      1.2912,     28.1928,     56.3855,      0.0191,      0.0022,      0.0156,      0.2050,   7676.9468,-422060.6562,   -929.8912,    546.8908,  25589.8223,
       1,     167,     342,      23,       1,       3,       1,     10.0000,      1.3935,     42.4965,    246.7428,     62.0961,      3.4953,      0.0000,     -0.0315,      2.6613,      0.1457,      5.5428,     11.0856,      1.2873,     28.1928,     56.3855,      0.0191,      0.0021,      0.0156,      0.2050,   7676.9468,-421278.8125,   -929.7354,    546.9443,  25589.8223,
       1,     167,     342,      24,       1,       3,       1,     10.0000,      1.3935,     42.4965,    246.7428,     62.0961,      3.4953,      0.0000,     -0.0315,      1.1157,      0.1466,      5.5428,     11.0856,      1.2951,     28.1928,     56.3855,      0.0191,      0.0009,      0.0156,      0.2050,   7676.9468,-421008.1875,   -929.6844,    546.9628,  25589.8223,
       1,     167,     343,       1,       1,       3,       1,     10.0000,      1.3935,     42.4969,    246.7486,     62.0976,      3.4953,      0.0000,     -0.0315,      0.4930,      0.1450,      5.5416,     11.0831,      1.2809,     28.1961,     56.3922,      0.0191,      0.0004,      0.0156,      0.2050,   7676.9468,-419222.6562,   -929.5922,    547.0977,  25590.9609,
       1,     167,     343,       2,       1,       3,       1,     10.0000,      1.3935,     42.4969,    246.7486,     62.0976,      3.4953,      0.0000,     -0.0314,      0.8484,      0.1416,      5.5416,     11.0831,      1.2515,     28.1961,     56.3922,      0.0191,      0.0007,      0.0156,      0.2050,   7677.2886,-418147.2812,   -929.1152,    547.1712,  25590.9590,
       1,     167,     343,       3,       1,       3,       1,     10.0000,      1.3935,     42.4969,    246.7486,     62.0976,      3.4953,      0.0000,     -0.0314,      0.9517,      0.1442,      5.5416,     11.0831,      1.2744,     28.1961,     56.3922,      0.0191,      0.0008,      0.0156,      0.2050,   7677.2881,-418497.1875,   -928.8268,    547.1473,  25590.9609,
       1,     167,     343,       4,       1,       3,       1,     10.0000,      1.3935,     42.4969,    246.7486,     62.0976,      3.4953,      0.0000,     -0.0316,      0.9379,      0.1476,      5.5416,     11.0831,      1.3043,     28.1961,     56.3922,      0.0191,      0.0007,      0.0156,      0.2050,   7677.2886,-418654.6250,   -928.8676,    547.1365,  25590.9609,
       1,     167,     343,       5,       1,       3,       1,     10.0000,      1.3935,     42.4969,    246.7486,     62.0976,      3.4953,      0.0000,     -0.0316,      0.5214,      0.1472,      5.5416,     11.0831,      1.3004,     28.1961,     56.3922,      0.0191,      0.0004,      0.0156,      0.2050,   7677.2886,-418650.9375,   -928.8786,    547.1368,  25590.9590,
       1,     167,     343,       6,       1,       3,       1,     10.0000,      1.3935,     42.4969,    246.7486,     62.0976,      3.4953,      0.0000,     -0.0315,      0.3581,      0.1460,      5.5416,     11.0831,      1.2899,     28.1961,     56.3922,      0.0191,      0.0003,      0.0156,      0.2050,   7677.2881,-418134.2812,   -926.1223,    547.1721,  25590.9629,
       1,     167,     343,       7,       1,       3,       1,     10.0000,      1.3935,     42.4969,    246.7486,     62.0976,      3.4953,      0.0000,     -0.0316,      0.6756,      0.1484,      5.5416,     11.0831,      1.3109,     28.1961,     56.3922,      0.0191,      0.0005,      0.0156,      0.2050,   7677.2891,-417887.5000,   -926.0758,    547.1890,  25590.9590,
       1,     167,     343,       8,       1,       3,       1,     10.0000,      1.3935,     42.4969,    246.7486,     62.0976,      3.4953,      0.0039,     -0.0277,      0.5402,      0.1488,      5.5416,     11.0831,      1.3149,     28.1961,     56.3922,      0.0191,      0.0004,      0.0156,      0.2050,   7677.2881,-418260.9688,   -926.1674,    547.1635,  25590.9609,
       1,     167,     343,       9,       1,       3,       1,     10.0000,      1.3935,     42.4969,    246.7486,     62.0976,      3.4953,      0.1122,      0.0804,      3.6613,      0.1554,      5.5416,     11.0831,      1.3730,     28.1961,     56.3922,      0.0191,      0.0003,      0.1425,      0.2050,   7677.2886,-418124.1562,   -926.1562,    547.1729,  25590.9609,
       1,     167,     343,      10,       1,       3,       1,     10.0000,      1.3935,     42.4969,    246.7486,     62.0976,      3.4953,      0.1635,      0.1304,      6.8110,      0.1929,      5.5416,     11.0831,      1.7045,     28.1961,     56.3922,      0.0191,      0.0004,      0.2171,      0.2050,   7677.2886,-421983.0938,   -927.1404,    546.9089,  25590.9629,
       1,     167,     343,      11,       1,       3,       1,     10.0000,      1.3935,     42.4969,    246.7486,     62.0976,      3.4953,      0.1813,      0.1481,      7.7767,      0.1962,      5.5416,     11.0831,      1.7334,     28.1961,     56.3922,      0.0191,      0.0004,      0.2431,      0.2050,   7677.2891,-426216.4688,   -928.4222,    546.6195,  25590.9590,
       1,     167,     343,      12,       1,       3,       1,     10.0000,      1.3935,     42.4969,    246.7486,     62.0976,      3.4953,      0.1859,      0.1524,      8.5299,      0.2075,      5.5416,     11.0831,      1.8337,     28.1961,     56.3922,      0.0191,      0.0004,      0.2500,      0.2050,   7677.2881,-427773.8438,   -929.1699,    546.5132,  25590.9590,
       1,     167,     343,      13,       1,       3,       1,     10.0000,      1.3935,     42.4969,    246.7486,     62.0976,      3.4953,      0.1859,      0.1524,      8.6173,      0.2094,      5.5416,     11.0831,      1.8500,     28.1961,     56.3922,      0.0191,      0.0004,      0.2500,      0.2050,   7677.2881,-428839.9688,   -929.8296,    546.4404,  25590.9609,
       1,     167,     343,      14,       1,       3,       1,     10.0000,      1.3935,     42.4969,    246.7486,     62.0976,      3.4953,      0.1859,      0.1522,      9.7774,      0.2171,      5.5416,     11.0831,      1.9185,     28.1961,     56.3922,      0.0191,      0.0005,      0.2500,      0.2050,   7677.2886,-429038.3438,   -930.3671,    546.4268,  25590.9609,
       1,     167,     343,      15,       1,       3,       1,     10.0000,      1.3935,     42.4969,    246.7486,     62.0976,      3.4953,      0.1894,      0.1558,     54.1070,      0.2139,      5.5416,     11.0831,      1.8905,     28.1961,     56.3922,      0.0191,      0.0027,      0.2500,      0.2050,   7677.2886,-430494.1250,   -931.0708,    546.3274,  25590.9629,
       1,     167,     343,      16,       1,       3,       1,     10.0000,      1.3935,     42.4969,    246.7486,     62.0976,      3.4953,      0.1866,      0.1530,     63.5157,      0.2102,      5.5416,     11.0831,      1.8573,     28.1961,     56.3922,      0.0191,      0.0032,      0.2446,      0.2050,   7677.2891,-485599.7188,   -942.2806,    542.5642,  25590.9609,
       1,     167,     343,      17,       1,       3,       1,     10.0000,      1.3935,     42.4969,    246.7486,     62.0976,      3.4953,      0.1706,      0.1373,     64.7166,      0.2013,      5.5416,     11.0831,      1.7785,     28.1961,     56.3922,      0.0191,      0.0036,      0.2209,      0.2049,   7677.2886,-501982.6875,   -945.9945,    541.4659,  25590.9609,
       1,     167,     343,      18,       1,       3,       1,     10.0000,      1.3935,     42.4969,    246.7486,     62.0976,      3.4953,      0.1347,      0.1018,     56.5982,      0.1863,      5.5416,     11.0831,      1.6464,     28.1961,     56.3922,      0.0191,      0.0041,      0.1690,      0.2049,   7677.2886,-504845.7500,   -947.0344,    541.2734,  25590.9609,
       1,     167,     343,      19,       1,       3,       1,     10.0000,      1.3935,     42.4969,    246.7486,     62.0976,      3.4953,      0.0496,      0.0174,     17.6563,      0.1657,      5.5416,     11.0831,      1.4639,     28.1961,     56.3922,      0.0191,      0.0044,      0.0491,      0.2049,   7677.2886,-495005.5312,   -945.5193,    541.9391,  25590.9609,
       1,     167,     343,      20,       1,       3,       1,     10.0000,      1.3935,     42.4969,    246.7486,     62.0976,      3.4953,      0.0023,     -0.0295,      5.2944,      0.1552,      5.5416,     11.0831,      1.3716,     28.1961,     56.3922,      0.0191,      0.0042,      0.0156,      0.2049,   7677.2886,-445829.1562,   -936.0931,    545.2709,  25590.9609,
       1,     167,     343,      21,       1,       3,       1,     10.0000,      1.3935,     42.4969,    246.7486,     62.0976,      3.4953,      0.0000,     -0.0318,      5.3491,      0.1529,      5.5416,     11.0831,      1.3511,     28.1961,     56.3922,      0.0191,      0.0042,      0.0156,      0.2050,   7677.2886,-426366.0625,   -932.3502,    546.6077,  25590.9609,
       1,     167,     343,      22,       1,       3,       1,     10.0000,      1.3935,     42.4969,    246.7486,     62.0976,      3.4953,      0.0000,     -0.0316,      4.9064,      0.1484,      5.5416,     11.0831,      1.3109,     28.1961,     56.3922,      0.0191,      0.0039,      0.0156,      0.2050,   7677.2886,-424777.3750,   -932.0889,    546.7180,  25590.9609,
       1,     167,     343,      23,       1,       3,       1,     10.0000,      1.3935,     42.4969,    246.7486,     62.0976,      3.4953,      0.0000,     -0.0316,      4.1003,      0.1479,      5.5416,     11.0831,      1.3069,     28.1961,     56.3922,      0.0191,      0.0032,      0.0156,      0.2050,   7677.2886,-424091.5625,   -931.9955,    546.7648,  25590.9609,
       1,     167,     343,      24,       1,       3,       1,     10.0000,      1.3935,     42.4969,    246.7486,     62.0976,      3.4953,      0.0000,     -0.0316,      2.5316,      0.1494,      5.5416,     11.0831,      1.3202,     28.1961,     56.3922,      0.0191,      0.0020,      0.0156,      0.2050,   7677.2886,-423033.6875,   -931.8187,    546.8372,  25590.9609,
       1,     167,     344,       1,       1,       3,       1,     10.0000,      1.3935,     42.4972,    246.7544,     62.0990,      3.4953,      0.0000,     -0.0317,      1.8649,      0.1500,      5.5418,     11.0836,      1.3255,     28.2001,     56.4002,      0.0191,      0.0015,      0.0156,      0.2050,   7677.2886,-421152.7188,   -931.7453,    546.9785,  25592.0996,
       1,     167,     344,       2,       1,       3,       1,     10.0000,      1.3935,     42.4972,    246.7544,     62.0990,      3.4953,      0.0000,     -0.0316,      1.5394,      0.1476,      5.5418,     11.0836,      1.3043,     28.2001,     56.4002,      0.0191,      0.0012,      0.0156,      0.2050,   7677.6304,-420014.9375,   -931.2590,    547.0562,  25592.0996,
       1,     167,     344,       3,       1,       3,       1,     10.0000,      1.3935,     42.4972,    246.7544,     62.0990,      3.4953,      0.0000,     -0.0317,      1.0919,      0.1521,      5.5418,     11.0836,      1.3443,     28.2001,     56.4002,      0.0191,      0.0009,      0.0156,      0.2050,   7677.6304,-419514.8750,   -931.1695,    547.0904,  25592.0977,
       1,     167,     344,       4,       1,       3,       1,     10.0000,      1.3935,     42.4972,    246.7544,     62.0990,      3.4953,      0.0000,     -0.0317,      1.0356,      0.1526,      5.5418,     11.0836,      1.3484,     28.2001,     56.4002,      0.0191,      0.0008,      0.0156,      0.2050,   7677.6294,-418918.0625,   -931.0593,    547.1313,  25592.0977,
       1,     167,     344,       5,       1,       3,       1,     10.0000,      1.3935,     42.4972,    246.7544,     62.0990,      3.4953,      0.0000,     -0.0317,      0.9441,      0.1509,      5.5418,     11.0836,      1.3336,     28.2001,     56.4002,      0.0191,      0.0007,      0.0156,      0.2050,   7677.6294,-418797.4688,   -931.0409,    547.1395,  25592.0996,
       1,     167,     344,       6,       1,       3,       1,     10.0000,      1.3935,     42.4972,    246.7544,     62.0990,      3.4953,      0.0000,     -0.0315,      0.9441,      0.1452,      5.5418,     11.0836,      1.2835,     28.2001,     56.4002,      0.0191,      0.0007,      0.0156,      0.2050,   7677.6304,-418673.5000,   -914.2758,    547.1480,  25592.0977,
       1,     167,     344,       7,       1,       3,       1,     10.0000,      1.3935,     42.4972,    246.7544,     62.0990,      3.4953,      0.0000,     -0.0316,      0.7829,      0.1476,      5.5418,     11.0836,      1.3043,     28.2001,     56.4002,      0.0191,      0.0006,      0.0156,      0.2050,   7677.6294,-418663.2188,   -914.3474,    547.1486,  25592.0977,
       1,     167,     344,       8,       1,       3,       1,     10.0000,      1.3935,     42.4972,    246.7544,     62.0990,      3.4953,      0.0021,     -0.0295,      0.8876,      0.1481,      5.5418,     11.0836,      1.3083,     28.2001,     56.4002,      0.0191,      0.0007,      0.0156,      0.2050,   7677.6294,-418462.6875,   -910.7000,    547.1624,  25592.1016,
       1,     167,     344,       9,       1,       3,       1,     10.0000,      1.3935,     42.4972,    246.7544,     62.0990,      3.4953,      0.0915,      0.0596,      7.2528,      0.1568,      5.5418,     11.0836,      1.3854,     28.2001,     56.4002,      0.0191,      0.0008,      0.1118,      0.2050,   7677.6309,-418574.8125,   -910.2864,    547.1547,  25592.1016,
       1,     167,     344,      10,       1,       3,       1,     10.0000,      1.3935,     42.4972,    246.7544,     62.0990,      3.4953,      0.1615,      0.1291,     10.8452,      0.1729,      5.5418,     11.0836,      1.5281,     28.2001,     56.4002,      0.0191,      0.0006,      0.2136,      0.2050,   7677.6309,-426476.9375,   -912.2144,    546.6143,  25592.1016,
       1,     167,     344,      11,       1,       3,       1,     10.0000,      1.3935,     42.4972,    246.7544,     62.0990,      3.4953,      0.1807,      0.1478,      7.3967,      0.1884,      5.5418,     11.0836,      1.6645,     28.2001,     56.4002,      0.0191,      0.0004,      0.2423,      0.2050,   7677.6309,-431602.7188,   -914.1511,    546.2643,  25592.1016,
       1,     167,     344,      12,       1,       3,       1,     10.0000,      1.3935,     42.4972,    246.7544,     62.0990,      3.4953,      0.1859,      0.1523,      8.7057,      0.2112,      5.5418,     11.0836,      1.8665,     28.2001,     56.4002,      0.0191,      0.0004,      0.2500,      0.2050,   7677.6309,-427760.3125,   -914.6932,    546.5268,  25592.1016,
       1,     167,     344,      13,       1,       3,       1,     10.0000,      1.3935,     42.4972,    246.7544,     62.0990,      3.4953,      0.1859,      0.1519,      9.9293,      0.2245,      5.5418,     11.0836,      1.9836,     28.2001,     56.4002,      0.0191,      0.0005,      0.2500,      0.2050,   7677.6309,-429058.0000,   -916.2052,    546.4382,  25592.1016,
       1,     167,     344,      14,       1,       3,       1,     10.0000,      1.3935,     42.4972,    246.7544,     62.0990,      3.4953,      0.1862,      0.1520,     14.4631,      0.2337,      5.5418,     11.0836,      2.0648,     28.2001,     56.4002,      0.0191,      0.0007,      0.2500,      0.2050,   7677.6309,-430685.4062,   -915.9526,    546.3270,  25592.1035,
       1,     167,     344,      15,       1,       3,       1,     10.0000,      1.3935,     42.4972,    246.7544,     62.0990,      3.4953,      0.1872,      0.1535,     25.9521,      0.2173,      5.5418,     11.0836,      1.9204,     28.2001,     56.4002,      0.0191,      0.0013,      0.2500,      0.2050,   7677.6313,-436445.8125,   -918.5775,    545.9337,  25592.1016,
       1,     167,     344,      16,       1,       3,       1,     10.0000,      1.3935,     42.4972,    246.7544,     62.0990,      3.4953,      0.1752,      0.1415,     44.7017,      0.2150,      5.5418,     11.0836,      1.8998,     28.2001,     56.4002,      0.0191,      0.0024,      0.2301,      0.2050,   7677.6309,-451184.0312,   -922.3822,    544.9280,  25592.1016,
       1,     167,     344,      17,       1,       3,       1,     10.0000,      1.3935,     42.4972,    246.7544,     62.0990,      3.4953,      0.1547,      0.1215,     67.6505,      0.1983,      5.5418,     11.0836,      1.7524,     28.2001,     56.4002,      0.0191,      0.0042,      0.1971,      0.2050,   7677.6309,-475694.3125,   -927.9434,    543.2594,  25592.1016,
       1,     167,     344,      18,       1,       3,       1,     10.0000,      1.3935,     42.4972,    246.7544,     62.0990,      3.4953,      0.1287,      0.0958,     65.0480,      0.1882,      5.5418,     11.0836,      1.6628,     28.2001,     56.4002,      0.0191,      0.0050,      0.1592,      0.2050,   7677.6309,-506253.8438,   -934.6732,    541.1868,  25592.1016,
       1,     167,     344,      19,       1,       3,       1,     10.0000,      1.3935,     42.4972,    246.7544,     62.0990,      3.4953,      0.0682,      0.0357,     29.6573,      0.1745,      5.5418,     11.0836,      1.5419,     28.2001,     56.4002,      0.0191,      0.0049,      0.0748,      0.2049,   7677.6309,-505614.3438,   -935.5741,    541.2340,  25592.0996,
       1,     167,     344,      20,       1,       3,       1,     10.0000,      1.3935,     42.4972,    246.7544,     62.0990,      3.4953,      0.0020,     -0.0301,      5.2336,      0.1635,      5.5418,     11.0836,      1.4450,     28.2001,     56.4002,      0.0191,      0.0041,      0.0156,      0.2049,   7677.6304,-461615.5938,   -928.0384,    544.2107,  25592.1016,
       1,     167,     344,      21,       1,       3,       1,     10.0000,      1.3935,     42.4972,    246.7544,     62.0990,      3.4953,      0.0000,     -0.0317,      5.2407,      0.1526,      5.5418,     11.0836,      1.3484,     28.2001,     56.4002,      0.0191,      0.0042,      0.0156,      0.2050,   7677.6309,-427619.7812,   -922.0226,    546.5315,  25592.1016,
       1,     167,     344,      22,       1,       3,       1,     10.0000,      1.3935,     42.4972,    246.7544,     62.0990,      3.4953,      0.0000,     -0.0318,      4.5536,      0.1535,      5.5418,     11.0836,      1.3565,     28.2001,     56.4002,      0.0191,      0.0036,      0.0156,      0.2050,   7677.6309,-424755.1562,   -921.7604,    546.7322,  25592.1035,
       1,     167,     344,      23,       1,       3,       1,     10.0000,      1.3935,     42.4972,    246.7544,     62.0990,      3.4953,      0.0000,     -0.0318,      3.5947,      0.1555,      5.5418,     11.0836,      1.3744,     28.2001,     56.4002,      0.0191,      0.0028,      0.0156,      0.2050,   7677.6313,-423654.1250,   -921.7862,    546.8074,  25592.1035,
       1,     167,     344,      24,       1,       3,       1,     10.0000,      1.3935,     42.4972,    246.7544,     62.0990,      3.4953,      0.0000,     -0.0318,      2.6444,      0.1532,      5.5418,     11.0836,      1.3538,     28.2001,     56.4002,      0.0191,      0.0021,      0.0156,      0.2050,   7677.6313,-422371.6875,   -921.7307,    546.8951,  25592.1035,
       1,     167,     345,       1,       1,       3,       1,     10.0000,      1.3935,     42.4975,    246.7602,     62.1005,      3.4953,      0.0000,     -0.0317,      1.7095,      0.1505,      5.5420,     11.0841,      1.3296,     28.2030,     56.4059,      0.0191,      0.0014,      0.0156,      0.2050,   7677.6313,-421238.6250,   -921.9107,    546.9854,  25593.2402,
       1,     167,     345,       2,       1,       3,       1,     10.0000,      1.3935,     42.4975,    246.7602,     62.1005,      3.4953,      0.0000,     -0.0316,      0.8520,      0.1478,      5.5420,     11.0841,      1.3057,     28.2030,     56.4059,      0.0191,      0.0007,      0.0156,      0.2050,   7677.9722,-419832.0625,   -921.4636,    547.0815,  25593.2422,
       1,     167,     345,       3,       1,       3,       1,     10.0000,      1.3935,     42.4975,    246.7602,     62.1005,      3.4953,      0.0000,     -0.0316,      0.7063,      0.1494,      5.5420,     11.0841,      1.3202,     28.2030,     56.4059,      0.0191,      0.0006,      0.0156,      0.2050,   7677.9731,-418649.5312,   -921.2689,    547.1625,  25593.2402,
       1,     167,     345,       4,       1,       3,       1,     10.0000,      1.3935,     42.4975,    246.7602,     62.1005,      3.4953,      0.0000,     -0.0316,      0.9960,      0.1487,      5.5420,     11.0841,      1.3136,     28.2030,     56.4059,      0.0191,      0.0008,      0.0156,      0.2050,   7677.9722,-418368.6875,   -921.2369,    547.1816,  25593.2402,
       1,     167,     345,       5,       1,       3,       1,     10.0000,      1.3935,     42.4975,    246.7602,     62.1005,      3.4953,      0.0000,     -0.0315,      0.7997,      0.1455,      5.5420,     11.0841,      1.2861,     28.2030,     56.4059,      0.0191,      0.0006,      0.0156,      0.2051,   7677.9722,-418704.1875,   -921.3356,    547.1587,  25593.2402,
       1,     167,     345,       6,       1,       3,       1,     10.0000,      1.3935,     42.4975,    246.7602,     62.1005,      3.4953,      0.0000,     -0.0314,      0.7678,      0.1442,      5.5420,     11.0841,      1.2745,     28.2030,     56.4059,      0.0191,      0.0006,      0.0156,      0.2050,   7677.9722,-418489.2188,   -921.3204,    547.1733,  25593.2383,
       1,     167,     345,       7,       1,       3,       1,     10.0000,      1.3935,     42.4975,    246.7602,     62.1005,      3.4953,      0.0000,     -0.0316,      0.5460,      0.1475,      5.5420,     11.0841,      1.3031,     28.2030,     56.4059,      0.0191,      0.0004,      0.0156,      0.2050,   7677.9717,-418431.6250,   -921.3337,    547.1773,  25593.2402,
       1,     167,     345,       8,       1,       3,       1,     10.0000,      1.3935,     42.4975,    246.7602,     62.1005,      3.4953,      0.0024,     -0.0294,      0.5497,      0.1523,      5.5420,     11.0841,      1.3457,     28.2030,     56.4059,      0.0191,      0.0004,      0.0156,      0.2051,   7677.9722,-418151.5938,   -921.2924,    547.1965,  25593.2422,
       1,     167,     345,       9,       1,       3,       1,     10.0000,      1.3935,     42.4975,    246.7602,     62.1005,      3.4953,      0.0342,      0.0022,      0.9739,      0.1598,      5.5420,     11.0841,      1.4121,     28.2030,     56.4059,      0.0191,      0.0004,      0.0287,      0.2051,   7677.9731,-418132.2500,   -921.3020,    547.1978,  25593.2383,
       1,     167,     345,      10,       1,       3,       1,     10.0000,      1.3935,     42.4975,    246.7602,     62.1005,      3.4953,      0.1028,      0.0703,      7.5472,      0.1764,      5.5420,     11.0841,      1.5589,     28.2030,     56.4059,      0.0191,      0.0007,      0.1280,      0.2051,   7677.9717,-418656.8125,   -921.4362,    547.1619,  25593.2383,
       1,     167,     345,      11,       1,       3,       1,     10.0000,      1.3935,     42.4975,    246.7602,     62.1005,      3.4953,      0.0520,      0.0189,      3.2691,      0.1960,      5.5420,     11.0841,      1.7318,     28.2030,     56.4059,      0.0191,      0.0008,      0.0534,      0.2050,   7677.9717,-426851.0000,   -923.1133,    546.6015,  25593.2383,
       1,     167,     345,      12,       1,       3,       1,     10.0000,      1.3935,     42.4975,    246.7602,     62.1005,      3.4953,      0.1019,      0.0684,      8.0788,      0.2079,      5.5420,     11.0841,      1.8374,     28.2030,     56.4059,      0.0191,      0.0008,      0.1261,      0.2050,   7677.9717,-422241.8125,   -922.3252,    546.9166,  25593.2383,
       1,     167,     345,      13,       1,       3,       1,     10.0000,      1.3935,     42.4975,    246.7602,     62.1005,      3.4953,      0.1794,      0.1454,     21.8776,      0.2249,      5.5420,     11.0841,      1.9875,     28.2030,     56.4059,      0.0191,      0.0011,      0.2390,      0.2050,   7677.9717,-427814.5938,   -923.5054,    546.5358,  25593.2383,
       1,     167,     345,      14,       1,       3,       1,     10.0000,      1.3935,     42.4975,    246.7602,     62.1005,      3.4953,      0.1811,      0.1469,     39.3372,      0.2330,      5.5420,     11.0841,      2.0588,     28.2030,     56.4059,      0.0191,      0.0020,      0.2396,      0.2050,   7677.9717,-445397.3125,   -926.0811,    545.3347,  25593.2402,
       1,     167,     345,      15,       1,       3,       1,     10.0000,      1.3935,     42.4975,    246.7602,     62.1005,      3.4953,      0.1771,      0.1429,     54.0137,      0.2321,      5.5420,     11.0841,      2.0508,     28.2030,     56.4059,      0.0191,      0.0029,      0.2319,      0.2050,   7677.9722,-468545.3125,   -931.1107,    543.7582,  25593.2383,
       1,     167,     345,      16,       1,       3,       1,     10.0000,      1.3935,     42.4975,    246.7602,     62.1005,      3.4953,      0.1389,      0.1049,     57.2334,      0.2269,      5.5420,     11.0841,      2.0051,     28.2030,     56.4059,      0.0191,      0.0040,      0.1750,      0.2050,   7677.9717,-488718.7812,   -935.6611,    542.3892,  25593.2402,
       1,     167,     345,      17,       1,       3,       1,     10.0000,      1.3935,     42.4975,    246.7602,     62.1005,      3.4953,      0.1053,      0.0715,     53.6379,      0.2195,      5.5420,     11.0841,      1.9394,     28.2030,     56.4059,      0.0191,      0.0053,      0.1258,      0.2050,   7677.9722,-494422.4062,   -937.3862,    542.0042,  25593.2383,
       1,     167,     345,      18,       1,       3,       1,     10.0000,      1.3935,     42.4975,    246.7602,     62.1005,      3.4953,      0.0809,      0.0473,     44.3720,      0.2081,      5.5420,     11.0841,      1.8392,     28.2030,     56.4059,      0.0191,      0.0060,      0.0909,      0.2050,   7677.9717,-490440.0625,   -937.2496,    542.2742,  25593.2402,
       1,     167,     345,      19,       1,       3,       1,     10.0000,      1.3935,     42.4975,    246.7602,     62.1005,      3.4953,      0.0189,     -0.0142,      2.6364,      0.1942,      5.5420,     11.0841,      1.7164,     28.2030,     56.4059,      0.0191,      0.0067,      0.0049,      0.2050,   7677.9722,-478603.2500,   -935.5491,    543.0766,  25593.2383,
       1,     167,     345,      20,       1,       3,       1,     10.0000,      1.3935,     42.4975,    246.7602,     62.1005,      3.4953,      0.0011,     -0.0315,      7.7181,      0.1761,      5.5420,     11.0841,      1.5558,     28.2030,     56.4059,      0.0191,      0.0061,      0.0156,      0.2050,   7677.9717,-425815.1562,   -925.8018,    546.6606,  25593.2383,
       1,     167,     345,      21,       1,       3,       1,     10.0000,      1.3935,     42.4975,    246.7602,     62.1005,      3.4953,      0.0000,     -0.0322,      6.9496,      0.1660,      5.5420,     11.0841,      1.4669,     28.2030,     56.4059,      0.0191,      0.0055,      0.0156,      0.2050,   7677.9717,-427685.0312,   -926.3709,    546.5447,  25593.2402,
       1,     167,     345,      22,       1,       3,       1,     10.0000,      1.3935,     42.4975,    246.7602,     62.1005,      3.4953,      0.0000,     -0.0321,      6.4121,      0.1626,      5.5420,     11.0841,      1.4364,     28.2030,     56.4059,      0.0191,      0.0051,      0.0156,      0.2050,   7677.9722,-426875.7500,   -926.3920,    546.6001,  25593.2383,
       1,     167,     345,      23,       1,       3,       1,     10.0000,      1.3935,     42.4975,    246.7602,     62.1005,      3.4953,      0.0000,     -0.0321,      5.5888,      0.1637,      5.5420,     11.0841,      1.4465,     28.2030,     56.4059,      0.0191,      0.0044,      0.0156,      0.2050,   7677.9717,-426140.7188,   -926.4011,    546.6503,  25593.2402,
       1,     167,     345,      24,       1,       3,       1,     10.0000,      1.3935,     42.4975,    246.7602,     62.1005,      3.4953,      0.0000,     -0.0321,      4.7014,      0.1617,      5.5420,     11.0841,      1.4292,     28.2030,     56.4059,      0.0191,      0.0037,      0.0156,      0.2050,   7677.9722,-425057.4688,   -926.3094,    546.7243,  25593.2383,
       1,     167,     346,       1,       1,       3,       1,     10.0000,      1.3936,     42.4979,    246.7659,     62.1020,      3.4953,      0.0000,     -0.0320,      3.4425,      0.1611,      5.5431,     11.0861,      1.4235,     28.1925,     56.3850,      0.0191,      0.0027,      0.0156,      0.2051,   7677.9717,-424019.5625,   -926.4678,    546.8082,  25594.3770,
       1,     167,     346,       2,       1,       3,       1,     10.0000,      1.3936,     42.4979,    246.7659,     62.1020,      3.4953,      0.0000,     -0.0320,      2.4288,      0.1609,      5.5431,     11.0861,      1.4221,     28.1925,     56.3850,      0.0191,      0.0019,      0.0156,      0.2051,   7678.3135,-422219.0938,   -925.9128,    546.9312,  25594.3750,
       1,     167,     346,       3,       1,       3,       1,     10.0000,      1.3936,     42.4979,    246.7659,     62.1020,      3.4953,      0.0000,     -0.0320,      1.9727,      0.1590,      5.5431,     11.0861,      1.4051,     28.1925,     56.3850,      0.0191,      0.0016,      0.0156,      0.2051,   7678.3130,-420810.0312,   -925.6811,    547.0276,  25594.3770,
       1,     167,     346,       4,       1,       3,       1,     10.0000,      1.3936,     42.4979,    246.7659,     62.1020,      3.4953,      0.0000,     -0.0320,      1.9453,      0.1587,      5.5431,     11.0861,      1.4023,     28.1925,     56.3850,      0.0191,      0.0015,      0.0156,      0.2051,   7678.3135,-420124.8750,   -925.5783,    547.0745,  25594.3750,
       1,     167,     346,       5,       1,       3,       1,     10.0000,      1.3936,     42.4979,    246.7659,     62.1020,      3.4953,      0.0000,     -0.0318,      1.6867,      0.1554,      5.5431,     11.0861,      1.3731,     28.1925,     56.3850,      0.0191,      0.0013,      0.0156,      0.2051,   7678.3130,-420032.9688,   -925.5901,    547.0807,  25594.3789,
       1,     167,     346,       6,       1,       3,       1,     10.0000,      1.3936,     42.4979,    246.7659,     62.1020,      3.4953,      0.0000,     -0.0318,      1.4153,      0.1537,      5.5431,     11.0861,      1.3580,     28.1925,     56.3850,      0.0191,      0.0011,      0.0156,      0.2051,   7678.3140,-419704.3125,   -925.5497,    547.1032,  25594.3789,
       1,     167,     346,       7,       1,       3,       1,     10.0000,      1.3936,     42.4979,    246.7659,     62.1020,      3.4953,      0.0000,     -0.0317,      1.2160,      0.1528,      5.5431,     11.0861,      1.3498,     28.1925,     56.3850,      0.0191,      0.0010,      0.0156,      0.2051,   7678.3140,-419340.0000,   -925.4988,    547.1282,  25594.3770,
       1,     167,     346,       8,       1,       3,       1,     10.0000,      1.3936,     42.4979,    246.7659,     62.1020,      3.4953,      0.0025,     -0.0292,      0.9570,      0.1503,      5.5431,     11.0861,      1.3283,     28.1925,     56.3850,      0.0191,      0.0008,      0.0156,      0.2051,   7678.3135,-419062.1875,   -925.4618,    547.1472,  25594.3770,
       1,     167,     346,       9,       1,       3,       1,     10.0000,      1.3936,     42.4979,    246.7659,     62.1020,      3.4953,      0.0984,      0.0664,      8.5445,      0.1592,      5.5431,     11.0861,      1.4065,     28.1925,     56.3850,      0.0191,      0.0009,      0.1217,      0.2051,   7678.3135,-418717.5938,   -925.4078,    547.1708,  25594.3770,
       1,     167,     346,      10,       1,       3,       1,     10.0000,      1.3936,     42.4979,    246.7659,     62.1020,      3.4953,      0.1528,      0.1201,     12.4181,      0.1812,      5.5431,     11.0861,      1.6014,     28.1925,     56.3850,      0.0191,      0.0008,      0.2007,      0.2051,   7678.3135,-428094.2812,   -927.2736,    546.5294,  25594.3750,
       1,     167,     346,      11,       1,       3,       1,     10.0000,      1.3936,     42.4979,    246.7659,     62.1020,      3.4953,      0.1666,      0.1334,     16.2294,      0.1987,      5.5431,     11.0861,      1.7559,     28.1925,     56.3850,      0.0191,      0.0009,      0.2206,      0.2051,   7678.3130,-433693.1562,   -928.4558,    546.1473,  25594.3770,
       1,     167,     346,      12,       1,       3,       1,     10.0000,      1.3936,     42.4979,    246.7659,     62.1020,      3.4953,      0.1867,      0.1532,     18.3761,      0.2086,      5.5431,     11.0861,      1.8429,     28.1925,     56.3850,      0.0191,      0.0009,      0.2500,      0.2051,   7678.3135,-438893.0312,   -929.5817,    545.7925,  25594.3770,
       1,     167,     346,      13,       1,       3,       1,     10.0000,      1.3936,     42.4979,    246.7659,     62.1020,      3.4953,      0.1865,      0.1525,     17.2128,      0.2247,      5.5431,     11.0861,      1.9856,     28.1925,     56.3850,      0.0191,      0.0009,      0.2500,      0.2051,   7678.3135,-441995.4375,   -930.3334,    545.5809,  25594.3770,
       1,     167,     346,      14,       1,       3,       1,     10.0000,      1.3936,     42.4979,    246.7659,     62.1020,      3.4953,      0.1874,      0.1534,     28.2344,      0.2245,      5.5431,     11.0861,      1.9837,     28.1925,     56.3850,      0.0191,      0.0014,      0.2500,      0.2051,   7678.3135,-440815.5625,   -930.2421,    545.6613,  25594.3770,
       1,     167,     346,      15,       1,       3,       1,     10.0000,      1.3936,     42.4979,    246.7659,     62.1020,      3.4953,      0.1893,      0.1555,     51.9608,      0.2178,      5.5431,     11.0861,      1.9243,     28.1925,     56.3850,      0.0191,      0.0026,      0.2500,      0.2051,   7678.3135,-454383.3125,   -933.0245,    544.7360,  25594.3770,
       1,     167,     346,      16,       1,       3,       1,     10.0000,      1.3936,     42.4979,    246.7659,     62.1020,      3.4953,      0.1828,      0.1493,     71.8546,      0.2079,      5.5431,     11.0861,      1.8374,     28.1925,     56.3850,      0.0191,      0.0037,      0.2380,      0.2050,   7678.3135,-484962.1250,   -939.1912,    542.6546,  25594.3770,
       1,     167,     346,      17,       1,       3,       1,     10.0000,      1.3936,     42.4979,    246.7659,     62.1020,      3.4953,      0.1879,      0.1547,     87.0122,      0.1977,      5.5431,     11.0861,      1.7473,     28.1925,     56.3850,      0.0191,      0.0044,      0.2438,      0.2050,   7678.3135,-512244.8750,   -944.8250,    540.8079,  25594.3770,
       1,     167,     346,      18,       1,       3,       1,     10.0000,      1.3936,     42.4979,    246.7659,     62.1020,      3.4953,      0.1595,      0.1266,     82.9720,      0.1871,      5.5431,     11.0861,      1.6531,     28.1925,     56.3850,      0.0191,      0.0051,      0.2024,      0.2050,   7678.3135,-533371.0625,   -949.3467,    539.3828,  25594.3770,
       1,     167,     346,      19,       1,       3,       1,     10.0000,      1.3936,     42.4979,    246.7659,     62.1020,      3.4953,      0.0418,      0.0092,     15.6397,      0.1775,      5.5431,     11.0861,      1.5683,     28.1925,     56.3850,      0.0191,      0.0052,      0.0375,      0.2050,   7678.3135,-530139.6875,   -949.1285,    539.6027,  25594.3770,
       1,     167,     346,      20,       1,       3,       1,     10.0000,      1.3936,     42.4979,    246.7659,     62.1020,      3.4953,      0.0018,     -0.0305,      5.8421,      0.1685,      5.5431,     11.0861,      1.4891,     28.1925,     56.3850,      0.0191,      0.0046,      0.0156,      0.2050,   7678.3135,-446253.8125,   -932.8542,    545.2608,  25594.3770,
       1,     167,     346,      21,       1,       3,       1,     10.0000,      1.3936,     42.4979,    246.7659,     62.1020,      3.4953,      0.0000,     -0.0323,      4.9170,      0.1689,      5.5431,     11.0861,      1.4920,     28.1925,     56.3850,      0.0191,      0.0039,      0.0156,      0.2051,   7678.3135,-427111.3125,   -929.1031,    546.5953,  25594.3770,
       1,     167,     346,      22,       1,       3,       1,     10.0000,      1.3936,     42.4979,    246.7659,     62.1020,      3.4953,      0.0000,     -0.0322,      3.6986,      0.1673,      5.5431,     11.0861,      1.4787,     28.1925,     56.3850,      0.0191,      0.0029,      0.0156,      0.2051,   7678.3135,-424311.0938,   -928.5364,    546.7882,  25594.3750,
       1,     167,     346,      23,       1,       3,       1,     10.0000,      1.3936,     42.4979,    246.7659,     62.1020,      3.4953,      0.0000,     -0.0322,      2.9303,      0.1650,      5.5431,     11.0861,      1.4581,     28.1925,     56.3850,      0.0191,      0.0023,      0.0156,      0.2051,   7678.3130,-422561.6250,   -928.1786,    546.9079,  25594.3750,
       1,     167,     346,      24,       1,       3,       1,     10.0000,      1.3936,     42.4979,    246.7659,     62.1020,      3.4953,      0.0000,     -0.0321,      2.2596,      0.1617,      5.5431,     11.0861,      1.4292,     28.1925,     56.3850,      0.0191,      0.0018,      0.0156,      0.2051,   7678.3130,-421460.7500,   -927.9504,    546.9832,  25594.3750,
       1,     167,     347,       1,       1,       3,       1,     10.0000,      1.3936,     42.4982,    246.7717,     62.1034,      3.4953,      0.0000,     -0.0320,      1.8151,      0.1613,      5.5418,     11.0837,      1.4250,     28.1961,     56.3921,      0.0191,      0.0014,      0.0156,      0.2051,   7678.3130,-420690.0938,   -928.0690,    547.0485,  25595.5156,
       1,     167,     347,       2,       1,       3,       1,     10.0000,      1.3936,     42.4982,    246.7717,     62.1034,      3.4953,      0.0000,     -0.0320,      1.8415,      0.1611,      5.5418,     11.0837,      1.4236,     28.1961,     56.3921,      0.0191,      0.0015,      0.0156,      0.2051,   7678.6548,-419922.1562,   -927.6377,    547.1010,  25595.5176,
       1,     167,     347,       3,       1,       3,       1,     10.0000,      1.3936,     42.4982,    246.7717,     62.1034,      3.4953,      0.0000,     -0.0321,      2.0670,      0.1616,      5.5418,     11.0837,      1.4278,     28.1961,     56.3921,      0.0191,      0.0016,      0.0156,      0.2051,   7678.6558,-419889.3750,   -927.6226,    547.1033,  25595.5156,
       1,     167,     347,       4,       1,       3,       1,     10.0000,      1.3936,     42.4982,    246.7717,     62.1034,      3.4953,      0.0000,     -0.0319,      2.0450,      0.1576,      5.5418,     11.0837,      1.3925,     28.1961,     56.3921,      0.0191,      0.0016,      0.0156,      0.2051,   7678.6548,-420166.5312,   -927.6677,    547.0844,  25595.5176,
       1,     167,     347,       5,       1,       3,       1,     10.0000,      1.3936,     42.4982,    246.7717,     62.1034,      3.4953,      0.0000,     -0.0319,      1.6285,      0.1577,      5.5418,     11.0837,      1.3939,     28.1961,     56.3921,      0.0191,      0.0013,      0.0156,      0.2051,   7678.6558,-420162.3125,   -927.6568,    547.0847,  25595.5156,
       1,     167,     347,       6,       1,       3,       1,     10.0000,      1.3936,     42.4982,    246.7717,     62.1034,      3.4953,      0.0000,     -0.0318,      1.5453,      0.1549,      5.5418,     11.0837,      1.3690,     28.1961,     56.3921,      0.0191,      0.0012,      0.0156,      0.2051,   7678.6548,-419646.0312,   -927.5493,    547.1199,  25595.5156,
       1,     167,     347,       7,       1,       3,       1,     10.0000,      1.3936,     42.4982,    246.7717,     62.1034,      3.4953,      0.0000,     -0.0317,      1.5947,      0.1521,      5.5418,     11.0837,      1.3444,     28.1961,     56.3921,      0.0191,      0.0013,      0.0156,      0.2051,   7678.6548,-419499.0938,   -927.5134,    547.1299,  25595.5156,
       1,     167,     347,       8,       1,       3,       1,     10.0000,      1.3936,     42.4982,    246.7717,     62.1034,      3.4953,      0.0012,     -0.0303,      1.5953,      0.1470,      5.5418,     11.0837,      1.2992,     28.1961,     56.3921,      0.0191,      0.0013,      0.0156,      0.2051,   7678.6548,-419547.9688,   -927.5151,    547.1266,  25595.5156,
       1,     167,     347,       9,       1,       3,       1,     10.0000,      1.3936,     42.4982,    246.7717,     62.1034,      3.4953,      0.0423,      0.0105,      3.9127,      0.1535,      5.5418,     11.0837,      1.3566,     28.1961,     56.3921,      0.0191,      0.0012,      0.0405,      0.2051,   7678.6548,-419552.9062,   -927.5088,    547.1263,  25595.5156,
       1,     167,     347,      10,       1,       3,       1,     10.0000,      1.3936,     42.4982,    246.7717,     62.1034,      3.4953,      0.0881,      0.0551,     13.7767,      0.1906,      5.5418,     11.0837,      1.6845,     28.1961,     56.3921,      0.0191,      0.0016,      0.1054,      0.2051,   7678.6548,-422425.7500,   -928.0660,    546.9298,  25595.5156,
       1,     167,     347,      11,       1,       3,       1,     10.0000,      1.3936,     42.4982,    246.7717,     62.1034,      3.4953,      0.1286,      0.0953,     19.8972,      0.2025,      5.5418,     11.0837,      1.7892,     28.1961,     56.3921,      0.0191,      0.0015,      0.1642,      0.2051,   7678.6548,-434896.7812,   -930.5308,    546.0773,  25595.5176,
       1,     167,     347,      12,       1,       3,       1,     10.0000,      1.3936,     42.4982,    246.7717,     62.1034,      3.4953,      0.1494,      0.1156,     23.2818,      0.2206,      5.5418,     11.0837,      1.9491,     28.1961,     56.3921,      0.0191,      0.0015,      0.1945,      0.2051,   7678.6558,-443543.2812,   -932.2576,    545.4877,  25595.5176,
       1,     167,     347,      13,       1,       3,       1,     10.0000,      1.3936,     42.4982,    246.7717,     62.1034,      3.4953,      0.1647,      0.1305,     25.8937,      0.2312,      5.5418,     11.0837,      2.0429,     28.1961,     56.3921,      0.0191,      0.0015,      0.2167,      0.2051,   7678.6558,-448472.3125,   -933.2593,    545.1519,  25595.5156,
       1,     167,     347,      14,       1,       3,       1,     10.0000,      1.3936,     42.4982,    246.7717,     62.1034,      3.4953,      0.1884,      0.1542,     42.2731,      0.2339,      5.5418,     11.0837,      2.0669,     28.1961,     56.3921,      0.0191,      0.0021,      0.2500,      0.2051,   7678.6548,-452128.8125,   -934.0129,    544.9028,  25595.5176,
       1,     167,     347,      15,       1,       3,       1,     10.0000,      1.3936,     42.4982,    246.7717,     62.1034,      3.4953,      0.1923,      0.1582,     95.1829,      0.2289,      5.5418,     11.0837,      2.0230,     28.1961,     56.3921,      0.0191,      0.0047,      0.2496,      0.2051,   7678.6558,-472750.3438,   -938.0936,    543.4983,  25595.5176,
       1,     167,     347,      16,       1,       3,       1,     10.0000,      1.3936,     42.4982,    246.7717,     62.1034,      3.4953,      0.1480,      0.1141,     74.5532,      0.2223,      5.5418,     11.0837,      1.9644,     28.1961,     56.3921,      0.0191,      0.0049,      0.1864,      0.2051,   7678.6558,-540134.6875,   -951.6121,    538.9222,  25595.5137,
       1,     167,     347,      17,       1,       3,       1,     10.0000,      1.3936,     42.4982,    246.7717,     62.1034,      3.4953,      0.0821,      0.0484,     43.5025,      0.2121,      5.5418,     11.0837,      1.8740,     28.1961,     56.3921,      0.0191,      0.0058,      0.0927,      0.2050,   7678.6543,-520266.8438,   -947.9756,    540.2798,  25595.5137,
       1,     167,     347,      18,       1,       3,       1,     10.0000,      1.3936,     42.4982,    246.7717,     62.1034,      3.4953,      0.0535,      0.0201,     27.0741,      0.2037,      5.5418,     11.0837,      1.7998,     28.1961,     56.3921,      0.0191,      0.0064,      0.0526,      0.2050,   7678.6543,-480024.8438,   -940.1616,    542.9993,  25595.5137,
       1,     167,     347,      19,       1,       3,       1,     10.0000,      1.3936,     42.4982,    246.7717,     62.1034,      3.4953,      0.0215,     -0.0114,      4.3106,      0.1863,      5.5418,     11.0837,      1.6466,     28.1961,     56.3921,      0.0191,      0.0061,      0.0088,      0.2050,   7678.6543,-456264.7812,   -935.4823,    544.6189,  25595.5137,
       1,     167,     347,      20,       1,       3,       1,     10.0000,      1.3936,     42.4982,    246.7717,     62.1034,      3.4953,      0.0005,     -0.0320,      6.3149,      0.1752,      5.5418,     11.0837,      1.5482,     28.1961,     56.3921,      0.0191,      0.0050,      0.0156,      0.2051,   7678.6543,-426023.7500,   -929.4003,    546.6800,  25595.5137,
       1,     167,     347,      21,       1,       3,       1,     10.0000,      1.3936,     42.4982,    246.7717,     62.1034,      3.4953,      0.0000,     -0.0323,      5.5870,      0.1700,      5.5418,     11.0837,      1.5025,     28.1961,     56.3921,      0.0191,      0.0044,      0.0156,      0.2051,   7678.6543,-425957.1562,   -929.3281,    546.6885,  25595.5137,
       1,     167,     347,      22,       1,       3,       1,     10.0000,      1.3936,     42.4982,    246.7717,     62.1034,      3.4953,      0.0000,     -0.0322,      5.0277,      0.1673,      5.5418,     11.0837,      1.4787,     28.1961,     56.3921,      0.0191,      0.0040,      0.0156,      0.2051,   7678.6543,-425044.3125,   -929.0908,    546.7509,  25595.5137,
       1,     167,     347,      23,       1,       3,       1,     10.0000,      1.3936,     42.4982,    246.7717,     62.1034,      3.4953,      0.0000,     -0.0321,      4.4587,      0.1642,      5.5418,     11.0837,      1.4509,     28.1961,     56.3921,      0.0191,      0.0035,      0.0156,      0.2051,   7678.6543,-424273.6562,   -928.8858,    546.8035,  25595.5156,
       1,     167,     347,      24,       1,       3,       1,     10.0000,      1.3936,     42.4982,    246.7717,     62.1034,      3.4953,      0.0000,     -0.0321,      3.7610,      0.1622,      5.5418,     11.0837,      1.4336,     28.1961,     56.3921,      0.0191,      0.0030,      0.0156,      0.2051,   7678.6548,-423502.7812,   -928.6899,    546.8562,  25595.5137,
       1,     167,     348,       1,       1,       3,       1,     10.0000,      1.3936,     42.4985,    246.7775,     62.1049,      3.4953,      0.0000,     -0.0319,      2.7029,      0.1571,      5.5433,     11.0866,      1.3884,     28.1877,     56.3754,      0.0191,      0.0021,      0.0156,      0.2051,   7678.6543,-422727.0312,   -928.7834,    546.9222,  25596.6504,
       1,     167,     348,       2,       1,       3,       1,     10.0000,      1.3936,     42.4985,    246.7775,     62.1049,      3.4953,      0.0000,     -0.0318,      2.3362,      0.1543,      5.5433,     11.0866,      1.3635,     28.1877,     56.3754,      0.0191,      0.0019,      0.0156,      0.2051,   7678.9956,-421198.1250,   -928.1816,    547.0267,  25596.6504,
       1,     167,     348,       3,       1,       3,       1,     10.0000,      1.3936,     42.4985,    246.7775,     62.1049,      3.4953,      0.0000,     -0.0316,      1.9934,      0.1493,      5.5433,     11.0866,      1.3190,     28.1877,     56.3754,      0.0191,      0.0016,      0.0156,      0.2051,   7678.9956,-420614.1875,   -928.0457,    547.0667,  25596.6523,
       1,     167,     348,       4,       1,       3,       1,     10.0000,      1.3936,     42.4985,    246.7775,     62.1049,      3.4953,      0.0000,     -0.0316,      1.8193,      0.1478,      5.5433,     11.0866,      1.3058,     28.1877,     56.3754,      0.0191,      0.0014,      0.0156,      0.2051,   7678.9961,-420139.5312,   -927.9340,    547.0991,  25596.6523,
       1,     167,     348,       5,       1,       3,       1,     10.0000,      1.3936,     42.4985,    246.7775,     62.1049,      3.4953,      0.0000,     -0.0315,      1.5906,      0.1454,      5.5433,     11.0866,      1.2849,     28.1877,     56.3754,      0.0191,      0.0013,      0.0156,      0.2051,   7678.9961,-419883.5312,   -927.8684,    547.1166,  25596.6523,
       1,     167,     348,       6,       1,       3,       1,     10.0000,      1.3936,     42.4985,    246.7775,     62.1049,      3.4953,      0.0000,     -0.0315,      1.1402,      0.1459,      5.5433,     11.0866,      1.2888,     28.1877,     56.3754,      0.0191,      0.0009,      0.0156,      0.2051,   7678.9961,-419578.4062,   -927.7960,    547.1375,  25596.6523,
       1,     167,     348,       7,       1,       3,       1,     10.0000,      1.3936,     42.4985,    246.7775,     62.1049,      3.4953,      0.0000,     -0.0313,      1.2038,      0.1391,      5.5433,     11.0866,      1.2290,     28.1877,     56.3754,      0.0191,      0.0010,      0.0156,      0.2051,   7678.9961,-418994.3438,   -927.6732,    547.1775,  25596.6523,
       1,     167,     348,       8,       1,       3,       1,     10.0000,      1.3936,     42.4985,    246.7775,     62.1049,      3.4953,      0.0028,     -0.0283,      1.0864,      0.1344,      5.5433,     11.0866,      1.1874,     28.1877,     56.3754,      0.0191,      0.0009,      0.0156,      0.2051,   7678.9961,-419023.6250,   -927.6759,    547.1755,  25596.6523,
       1,     167,     348,       9,       1,       3,       1,     10.0000,      1.3936,     42.4985,    246.7775,     62.1049,      3.4953,      0.0282,     -0.0032,      1.3467,      0.1437,      5.5433,     11.0866,      1.2694,     28.1877,     56.3754,      0.0191,      0.0008,      0.0206,      0.2051,   7678.9961,-418880.5000,   -927.6426,    547.1852,  25596.6523,
       1,     167,     348,      10,       1,       3,       1,     10.0000,      1.3936,     42.4985,    246.7775,     62.1049,      3.4953,      0.1195,      0.0874,     10.2935,      0.1614,      5.5433,     11.0866,      1.4264,     28.1877,     56.3754,      0.0191,      0.0008,      0.1522,      0.2051,   7678.9961,-419191.0625,   -927.6910,    547.1639,  25596.6523,
       1,     167,     348,      11,       1,       3,       1,     10.0000,      1.3936,     42.4985,    246.7775,     62.1049,      3.4953,      0.1334,      0.1006,     13.1432,      0.1865,      5.5433,     11.0866,      1.6482,     28.1877,     56.3754,      0.0191,      0.0009,      0.1721,      0.2051,   7678.9961,-430306.0625,   -929.8879,    546.4038,  25596.6523,
       1,     167,     348,      12,       1,       3,       1,     10.0000,      1.3936,     42.4985,    246.7775,     62.1049,      3.4953,      0.1608,      0.1277,      9.7300,      0.1962,      5.5433,     11.0866,      1.7336,     28.1877,     56.3754,      0.0191,      0.0006,      0.2128,      0.2051,   7678.9961,-434781.8750,   -930.7542,    546.0986,  25596.6523,
       1,     167,     348,      13,       1,       3,       1,     10.0000,      1.3936,     42.4985,    246.7775,     62.1049,      3.4953,      0.1544,      0.1209,      9.3229,      0.2075,      5.5433,     11.0866,      1.8339,     28.1877,     56.3754,      0.0191,      0.0006,      0.2034,      0.2051,   7678.9961,-430929.3438,   -929.9136,    546.3617,  25596.6523,
       1,     167,     348,      14,       1,       3,       1,     10.0000,      1.3936,     42.4985,    246.7775,     62.1049,      3.4953,      0.1447,      0.1112,     14.9717,      0.2084,      5.5433,     11.0866,      1.8411,     28.1877,     56.3754,      0.0191,      0.0010,      0.1885,      0.2051,   7678.9961,-430098.5625,   -929.6949,    546.4185,  25596.6523,
       1,     167,     348,      15,       1,       3,       1,     10.0000,      1.3936,     42.4985,    246.7775,     62.1049,      3.4953,      0.0898,      0.0560,     12.8162,      0.2180,      5.5433,     11.0866,      1.9263,     28.1877,     56.3754,      0.0191,      0.0015,      0.1076,      0.2051,   7678.9961,-437030.2812,   -931.0549,    545.9450,  25596.6523,
       1,     167,     348,      16,       1,       3,       1,     10.0000,      1.3936,     42.4985,    246.7775,     62.1049,      3.4953,      0.0918,      0.0583,     27.2924,      0.2100,      5.5433,     11.0866,      1.8557,     28.1877,     56.3754,      0.0191,      0.0031,      0.1090,      0.2051,   7678.9961,-434945.7500,   -930.6477,    546.0875,  25596.6523,
       1,     167,     348,      17,       1,       3,       1,     10.0000,      1.3936,     42.4985,    246.7775,     62.1049,      3.4953,      0.1347,      0.1012,     54.8179,      0.2075,      5.5433,     11.0866,      1.8339,     28.1877,     56.3754,      0.0191,      0.0040,      0.1691,      0.2051,   7678.9961,-452714.7188,   -934.2311,    544.8747,  25596.6504,
       1,     167,     348,      18,       1,       3,       1,     10.0000,      1.3936,     42.4985,    246.7775,     62.1049,      3.4953,      0.1055,      0.0725,     44.6150,      0.1922,      5.5433,     11.0866,      1.6980,     28.1877,     56.3754,      0.0191,      0.0043,      0.1274,      0.2051,   7678.9956,-488354.1875,   -941.4647,    542.4485,  25596.6523,
       1,     167,     348,      19,       1,       3,       1,     10.0000,      1.3936,     42.4985,    246.7775,     62.1049,      3.4953,      0.0069,     -0.0256,      5.5702,      0.1775,      5.5433,     11.0866,      1.5684,     28.1877,     56.3754,      0.0191,      0.0044,      0.0156,      0.2051,   7678.9961,-478723.8750,   -939.6629,    543.1069,  25596.6523,
       1,     167,     348,      20,       1,       3,       1,     10.0000,      1.3936,     42.4985,    246.7775,     62.1049,      3.4953,      0.0025,     -0.0295,      5.5560,      0.1589,      5.5433,     11.0866,      1.4038,     28.1877,     56.3754,      0.0191,      0.0044,      0.0156,      0.2051,   7678.9961,-429471.0000,   -929.7958,    546.4510,  25596.6523,
       1,     167,     348,      21,       1,       3,       1,     10.0000,      1.3936,     42.4985,    246.7775,     62.1049,      3.4953,      0.0000,     -0.0317,      5.2047,      0.1515,      5.5433,     11.0866,      1.3391,     28.1877,     56.3754,      0.0191,      0.0041,      0.0156,      0.2051,   7678.9961,-425318.4688,   -928.9243,    546.7450,  25596.6523,
       1,     167,     348,      22,       1,       3,       1,     10.0000,      1.3936,     42.4985,    246.7775,     62.1049,      3.4953,      0.0000,     -0.0317,      5.3166,      0.1503,      5.5433,     11.0866,      1.3283,     28.1877,     56.3754,      0.0191,      0.0042,      0.0156,      0.2051,   7678.9961,-424518.5938,   -928.7261,    546.7997,  25596.6504,
       1,     167,     348,      23,       1,       3,       1,     10.0000,      1.3936,     42.4985,    246.7775,     62.1049,      3.4953,      0.0000,     -0.0316,      4.8600,      0.1485,      5.5433,     11.0866,      1.3124,     28.1877,     56.3754,      0.0191,      0.0038,      0.0156,      0.2051,   7678.9956,-424589.6250,   -928.7017,    546.7949,  25596.6523,
       1,     167,     348,      24,       1,       3,       1,     10.0000,      1.3936,     42.4985,    246.7775,     62.1049,      3.4953,      0.0000,     -0.0315,      3.9305,      0.1469,      5.5433,     11.0866,      1.2979,     28.1877,     56.3754,      0.0191,      0.0031,      0.0156,      0.2051,   7678.9961,-424029.4375,   -928.5593,    546.8331,  25596.6504,
       1,     167,     349,       1,       1,       3,       1,     10.0000,      1.3936,     42.4989,    246.7833,     62.1064,      3.4953,      0.0000,     -0.0315,      2.8416,      0.1457,      5.5436,     11.0873,      1.2875,     28.1774,     56.3548,      0.0191,      0.0023,      0.0156,      0.2051,   7678.9956,-422984.1250,   -928.6079,    546.9175,  25597.7891,
       1,     167,     349,       2,       1,       3,       1,     10.0000,      1.3936,     42.4989,    246.7833,     62.1064,      3.4953,      0.0000,     -0.0314,      1.8394,      0.1441,      5.5436,     11.0873,      1.2733,     28.1774,     56.3548,      0.0191,      0.0015,      0.0156,      0.2051,   7679.3369,-421394.3125,   -927.9963,    547.0262,  25597.7871,
       1,     167,     349,       3,       1,       3,       1,     10.0000,      1.3936,     42.4989,    246.7833,     62.1064,      3.4953,      0.0000,     -0.0314,      1.6185,      0.1421,      5.5436,     11.0873,      1.2554,     28.1774,     56.3548,      0.0191,      0.0013,      0.0156,      0.2052,   7679.3364,-420017.8438,   -927.7100,    547.1203,  25597.7891,
       1,     167,     349,       4,       1,       3,       1,     10.0000,      1.3936,     42.4989,    246.7833,     62.1064,      3.4953,      0.0000,     -0.0311,      1.5493,      0.1363,      5.5436,     11.0873,      1.2044,     28.1774,     56.3548,      0.0191,      0.0012,      0.0156,      0.2052,   7679.3369,-419627.4062,   -927.6193,    547.1471,  25597.7891,
       1,     167,     349,       5,       1,       3,       1,     10.0000,      1.3936,     42.4989,    246.7833,     62.1064,      3.4953,      0.0000,     -0.0310,      1.1890,      0.1322,      5.5436,     11.0873,      1.1684,     28.1774,     56.3548,      0.0191,      0.0009,      0.0156,      0.2052,   7679.3369,-419508.3750,   -927.5866,    547.1552,  25597.7891,
       1,     167,     349,       6,       1,       3,       1,     10.0000,      1.3936,     42.4989,    246.7833,     62.1064,      3.4953,      0.0000,     -0.0310,      0.9371,      0.1334,      5.5436,     11.0873,      1.1791,     28.1774,     56.3548,      0.0191,      0.0007,      0.0156,      0.2052,   7679.3369,-419051.7188,   -927.4859,    547.1864,  25597.7891,
       1,     167,     349,       7,       1,       3,       1,     10.0000,      1.3936,     42.4989,    246.7833,     62.1064,      3.4953,      0.0000,     -0.0309,      0.6554,      0.1301,      5.5436,     11.0873,      1.1495,     28.1774,     56.3548,      0.0191,      0.0005,      0.0156,      0.2052,   7679.3369,-418701.0312,   -927.4103,    547.2105,  25597.7871,
       1,     167,     349,       8,       1,       3,       1,     10.0000,      1.3936,     42.4989,    246.7833,     62.1064,      3.4953,      0.0021,     -0.0289,      0.6590,      0.1304,      5.5436,     11.0873,      1.1519,     28.1774,     56.3548,      0.0191,      0.0005,      0.0156,      0.2052,   7679.3364,-418322.2188,   -927.3342,    547.2364,  25597.7891,
       1,     167,     349,       9,       1,       3,       1,     10.0000,      1.3936,     42.4989,    246.7833,     62.1064,      3.4953,      0.0373,      0.0060,      0.9333,      0.1392,      5.5436,     11.0873,      1.2303,     28.1774,     56.3548,      0.0191,      0.0003,      0.0340,      0.2052,   7679.3369,-418294.4062,   -927.3251,    547.2383,  25597.7891,
       1,     167,     349,      10,       1,       3,       1,     10.0000,      1.3936,     42.4989,    246.7833,     62.1064,      3.4953,      0.0871,      0.0546,      2.9544,      0.1747,      5.5436,     11.0873,      1.5436,     28.1774,     56.3548,      0.0191,      0.0003,      0.1055,      0.2052,   7679.3369,-418631.9688,   -927.3841,    547.2151,  25597.7891,
       1,     167,     349,      11,       1,       3,       1,     10.0000,      1.3936,     42.4989,    246.7833,     62.1064,      3.4953,      0.0524,      0.0195,      1.6617,      0.1873,      5.5436,     11.0873,      1.6548,     28.1774,     56.3548,      0.0191,      0.0004,      0.0545,      0.2052,   7679.3369,-421165.2812,   -927.8572,    547.0419,  25597.7891,
       1,     167,     349,      12,       1,       3,       1,     10.0000,      1.3936,     42.4989,    246.7833,     62.1064,      3.4953,      0.0823,      0.0488,      3.3484,      0.2082,      5.5436,     11.0873,      1.8394,     28.1774,     56.3548,      0.0191,      0.0004,      0.0978,      0.2052,   7679.3369,-419778.0938,   -927.5609,    547.1368,  25597.7910,
       1,     167,     349,      13,       1,       3,       1,     10.0000,      1.3936,     42.4989,    246.7833,     62.1064,      3.4953,      0.1460,      0.1121,      6.9998,      0.2206,      5.5436,     11.0873,      1.9491,     28.1774,     56.3548,      0.0191,      0.0005,      0.1912,      0.2052,   7679.3374,-421750.5000,   -927.9248,    547.0019,  25597.7891,
       1,     167,     349,      14,       1,       3,       1,     10.0000,      1.3936,     42.4989,    246.7833,     62.1064,      3.4953,      0.1592,      0.1252,     15.5584,      0.2245,      5.5436,     11.0873,      1.9838,     28.1774,     56.3548,      0.0191,      0.0009,      0.2097,      0.2052,   7679.3369,-426443.0625,   -928.8093,    546.6810,  25597.7871,
       1,     167,     349,      15,       1,       3,       1,     10.0000,      1.3936,     42.4989,    246.7833,     62.1064,      3.4953,      0.1596,      0.1257,     51.0666,      0.2215,      5.5436,     11.0873,      1.9568,     28.1774,     56.3548,      0.0191,      0.0031,      0.2062,      0.2051,   7679.3364,-437448.3750,   -930.9700,    545.9291,  25597.7891,
       1,     167,     349,      16,       1,       3,       1,     10.0000,      1.3936,     42.4989,    246.7833,     62.1064,      3.4953,      0.1609,      0.1271,     59.5898,      0.2186,      5.5436,     11.0873,      1.9320,     28.1774,     56.3548,      0.0191,      0.0036,      0.2073,      0.2051,   7679.3369,-482396.5625,   -940.0526,    542.8622,  25597.7891,
       1,     167,     349,      17,       1,       3,       1,     10.0000,      1.3936,     42.4989,    246.7833,     62.1064,      3.4953,      0.1456,      0.1121,     75.3571,      0.2092,      5.5436,     11.0873,      1.8484,     28.1774,     56.3548,      0.0191,      0.0051,      0.1828,      0.2051,   7679.3369,-496796.2188,   -943.0796,    541.8938,  25597.7910,
       1,     167,     349,      18,       1,       3,       1,     10.0000,      1.3936,     42.4989,    246.7833,     62.1064,      3.4953,      0.0604,      0.0273,     30.3022,      0.1929,      5.5436,     11.0873,      1.7047,     28.1774,     56.3548,      0.0191,      0.0060,      0.0627,      0.2051,   7679.3374,-517566.2188,   -947.4767,    540.4877,  25597.7871,
       1,     167,     349,      19,       1,       3,       1,     10.0000,      1.3936,     42.4989,    246.7833,     62.1064,      3.4953,      0.0285,     -0.0041,      8.8767,      0.1791,      5.5436,     11.0873,      1.5825,     28.1774,     56.3548,      0.0191,      0.0058,      0.0188,      0.2051,   7679.3364,-463408.1250,   -936.6684,    544.1485,  25597.7910,
       1,     167,     349,      20,       1,       3,       1,     10.0000,      1.3936,     42.4989,    246.7833,     62.1064,      3.4953,      0.0015,     -0.0307,      6.5760,      0.1639,      5.5436,     11.0873,      1.4481,     28.1774,     56.3548,      0.0191,      0.0052,      0.0156,      0.2051,   7679.3374,-432303.0000,   -930.3561,    546.2767,  25597.7891,
       1,     167,     349,      21,       1,       3,       1,     10.0000,      1.3936,     42.4989,    246.7833,     62.1064,      3.4953,      0.0000,     -0.0319,      6.3111,      0.1582,      5.5436,     11.0873,      1.3982,     28.1774,     56.3548,      0.0191,      0.0050,      0.0156,      0.2051,   7679.3369,-426816.7812,   -929.1913,    546.6555,  25597.7891,
       1,     167,     349,      22,       1,       3,       1,     10.0000,      1.3936,     42.4989,    246.7833,     62.1064,      3.4953,      0.0000,     -0.0318,      5.7549,      0.1534,      5.5436,     11.0873,      1.3553,     28.1774,     56.3548,      0.0191,      0.0046,      0.0156,      0.2051,   7679.3369,-426019.1250,   -928.9778,    546.7101,  25597.7910,
       1,     167,     349,      23,       1,       3,       1,     10.0000,      1.3936,     42.4989,    246.7833,     62.1064,      3.4953,      0.0000,     -0.0318,      4.6746,      0.1532,      5.5436,     11.0873,      1.3540,     28.1774,     56.3548,      0.0191,      0.0037,      0.0156,      0.2051,   7679.3374,-425261.8438,   -928.7760,    546.7618,  25597.7891,
       1,     167,     349,      24,       1,       3,       1,     10.0000,      1.3936,     42.4989,    246.7833,     62.1064,      3.4953,      0.0000,     -0.0317,      4.0146,      0.1523,      5.5436,     11.0873,      1.3458,     28.1774,     56.3548,      0.0191,      0.0032,      0.0156,      0.2051,   7679.3369,-423859.0000,   -928.4568,    546.8577,  25597.7891,
       1,     167,     350,       1,       1,       3,       1,     10.0000,      1.3937,     42.4992,    246.7890,     62.1078,      3.4953,      0.0000,     -0.0317,      2.7903,      0.1526,      5.5437,     11.0874,      1.3486,     28.1658,     56.3317,      0.0191,      0.0022,      0.0156,      0.2052,   7679.3369,-423075.8438,   -928.5597,    546.9241,  25598.9258,
       1,     167,     350,       2,       1,       3,       1,     10.0000,      1.3937,     42.4992,    246.7890,     62.1078,      3.4953,      0.0000,     -0.0316,      1.9659,      0.1497,      5.5437,     11.0874,      1.3230,     28.1658,     56.3317,      0.0191,      0.0016,      0.0156,      0.2052,   7679.6782,-421341.1562,   -927.9128,    547.0427,  25598.9238,
       1,     167,     350,       3,       1,       3,       1,     10.0000,      1.3937,     42.4992,    246.7890,     62.1078,      3.4953,      0.0000,     -0.0315,      1.4939,      0.1457,      5.5437,     11.0874,      1.2875,     28.1658,     56.3317,      0.0191,      0.0012,      0.0156,      0.2052,   7679.6772,-420172.7188,   -928.2344,    547.1226,  25598.9277,
       1,     167,     350,       4,       1,       3,       1,     10.0000,      1.3937,     42.4992,    246.7890,     62.1078,      3.4953,      0.0000,     -0.0314,      1.2943,      0.1435,      5.5437,     11.0874,      1.2682,     28.1658,     56.3317,      0.0191,      0.0010,      0.0156,      0.2052,   7679.6787,-419488.3438,   -929.8231,    547.1694,  25598.9258,
       1,     167,     350,       5,       1,       3,       1,     10.0000,      1.3937,     42.4992,    246.7890,     62.1078,      3.4953,      0.0000,     -0.0314,      1.0065,      0.1438,      5.5437,     11.0874,      1.2708,     28.1658,     56.3317,      0.0191,      0.0008,      0.0156,      0.2052,   7679.6782,-419183.3125,   -932.0887,    547.1902,  25598.9258,
       1,     167,     350,       6,       1,       3,       1,     10.0000,      1.3937,     42.4992,    246.7890,     62.1078,      3.4953,      0.0000,     -0.0313,      0.9155,      0.1412,      5.5437,     11.0874,      1.2479,     28.1658,     56.3317,      0.0191,      0.0007,      0.0156,      0.2052,   7679.6782,-418800.9375,   -932.0127,    547.2165,  25598.9258,
       1,     167,     350,       7,       1,       3,       1,     10.0000,      1.3937,     42.4992,    246.7890,     62.1078,      3.4953,      0.0000,     -0.0312,      0.6395,      0.1376,      5.5437,     11.0874,      1.2155,     28.1658,     56.3317,      0.0191,      0.0005,      0.0156,      0.2052,   7679.6782,-418655.7188,   -931.9819,    547.2264,  25598.9258,
       1,     167,     350,       8,       1,       3,       1,     10.0000,      1.3937,     42.4992,    246.7890,     62.1078,      3.4953,      0.0015,     -0.0296,      0.3614,      0.1355,      5.5437,     11.0874,      1.1972,     28.1658,     56.3317,      0.0191,      0.0003,      0.0156,      0.2052,   7679.6782,-418301.5625,   -931.9113,    547.2507,  25598.9258,
       1,     167,     350,       9,       1,       3,       1,     10.0000,      1.3937,     42.4992,    246.7890,     62.1078,      3.4953,      0.0422,      0.0108,      0.9144,      0.1429,      5.5437,     11.0874,      1.2631,     28.1658,     56.3317,      0.0191,      0.0003,      0.0411,      0.2052,   7679.6782,-417926.7188,   -931.8374,    547.2763,  25598.9258,
       1,     167,     350,      10,       1,       3,       1,     10.0000,      1.3937,     42.4992,    246.7890,     62.1078,      3.4953,      0.1606,      0.1280,      6.0121,      0.1761,      5.5437,     11.0874,      1.5560,     28.1658,     56.3317,      0.0191,      0.0003,      0.2128,      0.2052,   7679.6782,-418580.2188,   -931.9572,    547.2316,  25598.9258,
       1,     167,     350,      11,       1,       3,       1,     10.0000,      1.3937,     42.4992,    246.7890,     62.1078,      3.4953,      0.1833,      0.1501,      7.9511,      0.1980,      5.5437,     11.0874,      1.7492,     28.1658,     56.3317,      0.0191,      0.0004,      0.2460,      0.2052,   7679.6782,-424952.1250,   -933.1725,    546.7957,  25598.9258,
       1,     167,     350,      12,       1,       3,       1,     10.0000,      1.3937,     42.4992,    246.7890,     62.1078,      3.4953,      0.1835,      0.1500,      8.4763,      0.2090,      5.5437,     11.0874,      1.8467,     28.1658,     56.3317,      0.0191,      0.0004,      0.2464,      0.2052,   7679.6782,-427895.4688,   -933.6504,    546.5947,  25598.9277,
       1,     167,     350,      13,       1,       3,       1,     10.0000,      1.3937,     42.4992,    246.7890,     62.1078,      3.4953,      0.1859,      0.1521,      9.1404,      0.2204,      5.5437,     11.0874,      1.9473,     28.1658,     56.3317,      0.0191,      0.0005,      0.2500,      0.2052,   7679.6787,-428795.3125,   -933.7322,    546.5333,  25598.9258,
       1,     167,     350,      14,       1,       3,       1,     10.0000,      1.3937,     42.4992,    246.7890,     62.1078,      3.4953,      0.1713,      0.1375,     10.4054,      0.2217,      5.5437,     11.0874,      1.9588,     28.1658,     56.3317,      0.0191,      0.0006,      0.2283,      0.2052,   7679.6782,-429694.6875,   -933.7967,    546.4718,  25598.9258,
       1,     167,     350,      15,       1,       3,       1,     10.0000,      1.3937,     42.4992,    246.7890,     62.1078,      3.4953,      0.1888,      0.1550,     46.4958,      0.2202,      5.5437,     11.0874,      1.9454,     28.1658,     56.3317,      0.0191,      0.0023,      0.2500,      0.2052,   7679.6782,-431338.6562,   -934.0731,    546.3596,  25598.9258,
       1,     167,     350,      16,       1,       3,       1,     10.0000,      1.3937,     42.4992,    246.7890,     62.1078,      3.4953,      0.1907,      0.1568,     71.1575,      0.2228,      5.5437,     11.0874,      1.9684,     28.1658,     56.3317,      0.0191,      0.0035,      0.2500,      0.2052,   7679.6782,-476205.1562,   -943.0861,    543.2954,  25598.9258,
       1,     167,     350,      17,       1,       3,       1,     10.0000,      1.3937,     42.4992,    246.7890,     62.1078,      3.4953,      0.1798,      0.1461,     80.7306,      0.2163,      5.5437,     11.0874,      1.9113,     28.1658,     56.3317,      0.0191,      0.0043,      0.2326,      0.2051,   7679.6782,-510610.8125,   -950.1014,    540.9674,  25598.9277,
       1,     167,     350,      18,       1,       3,       1,     10.0000,      1.3937,     42.4992,    246.7890,     62.1078,      3.4953,      0.0862,      0.0530,     39.3565,      0.2011,      5.5437,     11.0874,      1.7770,     28.1658,     56.3317,      0.0191,      0.0049,      0.0996,      0.2051,   7679.6787,-525399.3750,   -953.2985,    539.9724,  25598.9258,
       1,     167,     350,      19,       1,       3,       1,     10.0000,      1.3937,     42.4992,    246.7890,     62.1078,      3.4953,      0.0240,     -0.0087,      4.8301,      0.1834,      5.5437,     11.0874,      1.6207,     28.1658,     56.3317,      0.0191,      0.0048,      0.0125,      0.2051,   7679.6782,-475295.5000,   -943.3780,    543.3551,  25598.9238,
       1,     167,     350,      20,       1,       3,       1,     10.0000,      1.3937,     42.4992,    246.7890,     62.1078,      3.4953,      0.0035,     -0.0289,      6.5939,      0.1723,      5.5437,     11.0874,      1.5222,     28.1658,     56.3317,      0.0191,      0.0052,      0.0156,      0.2051,   7679.6772,-428282.3125,   -933.8802,    546.5589,  25598.9238,
       1,     167,     350,      21,       1,       3,       1,     10.0000,      1.3937,     42.4992,    246.7890,     62.1078,      3.4953,      0.0000,     -0.0322,      6.5267,      0.1662,      5.5437,     11.0874,      1.4685,     28.1658,     56.3317,      0.0191,      0.0052,      0.0156,      0.2052,   7679.6772,-426507.3125,   -933.4528,    546.6896,  25598.9238,
       1,     167,     350,      22,       1,       3,       1,     10.0000,      1.3937,     42.4992,    246.7890,     62.1078,      3.4953,      0.0000,     -0.0322,      6.3171,      0.1660,      5.5437,     11.0874,      1.4670,     28.1658,     56.3317,      0.0191,      0.0050,      0.0156,      0.2052,   7679.6772,-426262.0312,   -933.3387,    546.7063,  25598.9258,
       1,     167,     350,      23,       1,       3,       1,     10.0000,      1.3937,     42.4992,    246.7890,     62.1078,      3.4953,      0.0000,     -0.0319,      5.4691,      0.1578,      5.5437,     11.0874,      1.3940,     28.1658,     56.3317,      0.0191,      0.0043,      0.0156,      0.2052,   7679.6782,-425981.4688,   -933.2170,    546.7255,  25598.9219,
       1,     167,     350,      24,       1,       3,       1,     10.0000,      1.3937,     42.4992,    246.7890,     62.1078,      3.4953,      0.0000,     -0.0317,      4.3469,      0.1529,      5.5437,     11.0874,      1.3513,     28.1658,     56.3317,      0.0191,      0.0034,      0.0156,      0.2052,   7679.6768,-424907.1250,   -933.7029,    546.7990,  25598.9238,
       1,     167,     351,       1,       1,       3,       1,     10.0000,      1.3937,     42.4995,    246.7948,     62.1093,      3.4953,      0.0000,     -0.0317,      3.1428,      0.1529,      5.5432,     11.0863,      1.3513,     28.1660,     56.3320,      0.0191,      0.0025,      0.0156,      0.2052,   7679.6772,-423578.8125,   -933.8600,    546.9026,  25600.0605,
       1,     167,     351,       2,       1,       3,       1,     10.0000,      1.3937,     42.4995,    246.7948,     62.1093,      3.4953,      0.0000,     -0.0316,      2.4580,      0.1494,      5.5432,     11.0863,      1.3204,     28.1660,     56.3320,      0.0191,      0.0019,      0.0156,      0.2052,   7680.0186,-421823.0938,   -933.3395,    547.0227,  25600.0605,
       1,     167,     351,       3,       1,       3,       1,     10.0000,      1.3937,     42.4995,    246.7948,     62.1093,      3.4953,      0.0000,     -0.0314,      2.1088,      0.1441,      5.5432,     11.0863,      1.2734,     28.1660,     56.3320,      0.0191,      0.0017,      0.0156,      0.2052,   7680.0186,-420825.7188,   -933.2082,    547.0908,  25600.0605,
       1,     167,     351,       4,       1,       3,       1,     10.0000,      1.3937,     42.4995,    246.7948,     62.1093,      3.4953,      0.0000,     -0.0312,      1.1412,      0.1384,      5.5432,     11.0863,      1.2229,     28.1660,     56.3320,      0.0191,      0.0009,      0.0156,      0.2052,   7680.0186,-420308.8438,   -933.1417,    547.1262,  25600.0605,
       1,     167,     351,       5,       1,       3,       1,     10.0000,      1.3937,     42.4995,    246.7948,     62.1093,      3.4953,      0.0000,     -0.0311,      0.5763,      0.1362,      5.5432,     11.0863,      1.2033,     28.1660,     56.3320,      0.0191,      0.0005,      0.0156,      0.2052,   7680.0186,-419066.0938,   -932.9178,    547.2112,  25600.0605,
       1,     167,     351,       6,       1,       3,       1,     10.0000,      1.3937,     42.4995,    246.7948,     62.1093,      3.4953,      0.0000,     -0.0310,      0.6734,      0.1337,      5.5432,     11.0863,      1.1815,     28.1660,     56.3320,      0.0191,      0.0005,      0.0156,      0.2052,   7680.0186,-418261.0000,   -932.7644,    547.2664,  25600.0625,
       1,     167,     351,       7,       1,       3,       1,     10.0000,      1.3937,     42.4995,    246.7948,     62.1093,      3.4953,      0.0000,     -0.0311,      0.7671,      0.1341,      5.5432,     11.0863,      1.1851,     28.1660,     56.3320,      0.0191,      0.0006,      0.0156,      0.2052,   7680.0190,-418312.5938,   -932.7794,    547.2628,  25600.0625,
       1,     167,     351,       8,       1,       3,       1,     10.0000,      1.3937,     42.4995,    246.7948,     62.1093,      3.4953,      0.0076,     -0.0235,      0.3352,      0.1333,      5.5432,     11.0863,      1.1779,     28.1660,     56.3320,      0.0191,      0.0003,      0.0156,      0.2052,   7680.0190,-418433.0312,   -932.8116,    547.2546,  25600.0605,
       1,     167,     351,       9,       1,       3,       1,     10.0000,      1.3937,     42.4995,    246.7948,     62.1093,      3.4953,      0.1189,      0.0876,      3.4526,      0.1415,      5.5432,     11.0863,      1.2504,     28.1660,     56.3320,      0.0191,      0.0003,      0.1524,      0.2052,   7680.0186,-417908.5625,   -932.7149,    547.2904,  25600.0605,
       1,     167,     351,      10,       1,       3,       1,     10.0000,      1.3937,     42.4995,    246.7948,     62.1093,      3.4953,      0.1599,      0.1280,      5.3393,      0.1594,      5.5432,     11.0863,      1.4081,     28.1660,     56.3320,      0.0191,      0.0003,      0.2119,      0.2052,   7680.0186,-421726.4062,   -933.5548,    547.0292,  25600.0586,
       1,     167,     351,      11,       1,       3,       1,     10.0000,      1.3937,     42.4995,    246.7948,     62.1093,      3.4953,      0.1700,      0.1372,      6.7545,      0.1845,      5.5432,     11.0863,      1.6305,     28.1660,     56.3320,      0.0191,      0.0004,      0.2266,      0.2052,   7680.0181,-424387.8750,   -934.2479,    546.8473,  25600.0605,
       1,     167,     351,      12,       1,       3,       1,     10.0000,      1.3937,     42.4995,    246.7948,     62.1093,      3.4953,      0.1845,      0.1510,      8.4384,      0.2071,      5.5432,     11.0863,      1.8304,     28.1660,     56.3320,      0.0191,      0.0004,      0.2478,      0.2052,   7680.0186,-426366.7812,   -934.7883,    546.7121,  25600.0605,
       1,     167,     351,      13,       1,       3,       1,     10.0000,      1.3937,     42.4995,    246.7948,     62.1093,      3.4953,      0.1863,      0.1526,     14.1361,      0.2150,      5.5432,     11.0863,      1.9001,     28.1660,     56.3320,      0.0191,      0.0007,      0.2500,      0.2052,   7680.0186,-428620.9062,   -935.4122,    546.5581,  25600.0625,
       1,     167,     351,      14,       1,       3,       1,     10.0000,      1.3937,     42.4995,    246.7948,     62.1093,      3.4953,      0.1870,      0.1532,     23.2195,      0.2206,      5.5432,     11.0863,      1.9492,     28.1660,     56.3320,      0.0191,      0.0011,      0.2500,      0.2052,   7680.0190,-435871.5625,   -937.0451,    546.0627,  25600.0625,
       1,     167,     351,      15,       1,       3,       1,     10.0000,      1.3937,     42.4995,    246.7948,     62.1093,      3.4953,      0.1891,      0.1552,     49.4518,      0.2210,      5.5432,     11.0863,      1.9531,     28.1660,     56.3320,      0.0191,      0.0024,      0.2500,      0.2052,   7680.0190,-447742.7188,   -939.6503,    545.2526,  25600.0605,
       1,     167,     351,      16,       1,       3,       1,     10.0000,      1.3937,     42.4995,    246.7948,     62.1093,      3.4953,      0.1902,      0.1563,     68.0315,      0.2197,      5.5432,     11.0863,      1.9416,     28.1660,     56.3320,      0.0191,      0.0034,      0.2495,      0.2052,   7680.0186,-481263.5625,   -946.6340,    542.9686,  25600.0605,
       1,     167,     351,      17,       1,       3,       1,     10.0000,      1.3937,     42.4995,    246.7948,     62.1093,      3.4953,      0.1828,      0.1494,     86.7587,      0.2037,      5.5432,     11.0863,      1.8000,     28.1660,     56.3320,      0.0191,      0.0045,      0.2362,      0.2051,   7680.0186,-507151.5938,   -951.8979,    541.2163,  25600.0605,
       1,     167,     351,      18,       1,       3,       1,     10.0000,      1.3937,     42.4995,    246.7948,     62.1093,      3.4953,      0.1249,      0.0918,     59.9796,      0.1970,      5.5432,     11.0863,      1.7406,     28.1660,     56.3320,      0.0191,      0.0048,      0.1542,      0.2051,   7680.0186,-532573.3125,   -957.5093,    539.4993,  25600.0605,
       1,     167,     351,      19,       1,       3,       1,     10.0000,      1.3937,     42.4995,    246.7948,     62.1093,      3.4953,      0.0555,      0.0227,     24.1041,      0.1864,      5.5432,     11.0863,      1.6467,     28.1660,     56.3320,      0.0191,      0.0053,      0.0565,      0.2051,   7680.0186,-501488.5625,   -951.7619,    541.5983,  25600.0586,
       1,     167,     351,      20,       1,       3,       1,     10.0000,      1.3937,     42.4995,    246.7948,     62.1093,      3.4953,      0.0029,     -0.0296,      7.1700,      0.1763,      5.5432,     11.0863,      1.5576,     28.1660,     56.3320,      0.0191,      0.0057,      0.0156,      0.2051,   7680.0181,-454373.2500,   -942.5986,    544.7921,  25600.0566,
       1,     167,     351,      21,       1,       3,       1,     10.0000,      1.3937,     42.4995,    246.7948,     62.1093,      3.4953,      0.0000,     -0.0324,      7.7234,      0.1730,      5.5432,     11.0863,      1.5284,     28.1660,     56.3320,      0.0191,      0.0061,      0.0156,      0.2052,   7680.0171,-429426.7812,   -937.7003,    546.5004,  25600.0566,
       1,     167,     351,      22,       1,       3,       1,     10.0000,      1.3937,     42.4995,    246.7948,     62.1093,      3.4953,      0.0000,     -0.0324,      6.3790,      0.1719,      5.5432,     11.0863,      1.5193,     28.1660,     56.3320,      0.0191,      0.0051,      0.0156,      0.2052,   7680.0171,-427997.7188,   -937.4625,    546.6006,  25600.0586,
       1,     167,     351,      23,       1,       3,       1,     10.0000,      1.3937,     42.4995,    246.7948,     62.1093,      3.4953,      0.0000,     -0.0322,      5.2375,      0.1674,      5.5432,     11.0863,      1.4789,     28.1660,     56.3320,      0.0191,      0.0041,      0.0156,      0.2052,   7680.0181,-426207.3750,   -937.1340,    546.7230,  25600.0586,
       1,     167,     351,      24,       1,       3,       1,     10.0000,      1.3937,     42.4995,    246.7948,     62.1093,      3.4953,      0.0000,     -0.0320,      4.0716,      0.1600,      5.5432,     11.0863,      1.4137,     28.1660,     56.3320,      0.0191,      0.0032,      0.0156,      0.2052,   7680.0181,-424641.2500,   -936.8394,    546.8300,  25600.0586,
       1,     167,     352,       1,       1,       3,       1,     10.0000,      1.3937,     42.4999,    246.8006,     62.1107,      3.4953,      0.0000,     -0.0320,      3.3315,      0.1590,      5.5424,     11.0847,      1.4053,     28.1701,     56.3403,      0.0191,      0.0026,      0.0156,      0.2052,   7680.0181,-423218.0000,   -936.8488,    546.9401,  25601.1992,
       1,     167,     352,       2,       1,       3,       1,     10.0000,      1.3937,     42.4999,    246.8006,     62.1107,      3.4953,      0.0000,     -0.0320,      3.1311,      0.1610,      5.5424,     11.0847,      1.4223,     28.1701,     56.3403,      0.0191,      0.0025,      0.0156,      0.2052,   7680.3599,-422028.6250,   -936.3378,    547.0214,  25601.1973,
       1,     167,     352,       3,       1,       3,       1,     10.0000,      1.3937,     42.4999,    246.8006,     62.1107,      3.4953,      0.0000,     -0.0320,      2.9222,      0.1613,      5.5424,     11.0847,      1.4252,     28.1701,     56.3403,      0.0191,      0.0023,      0.0156,      0.2052,   7680.3594,-421679.9375,   -936.2737,    547.0452,  25601.1973,
       1,     167,     352,       4,       1,       3,       1,     10.0000,      1.3937,     42.4999,    246.8006,     62.1107,      3.4953,      0.0000,     -0.0321,      2.8025,      0.1624,      5.5424,     11.0847,      1.4352,     28.1701,     56.3403,      0.0191,      0.0022,      0.0156,      0.2052,   7680.3594,-421391.7188,   -936.2192,    547.0650,  25601.1973,
       1,     167,     352,       5,       1,       3,       1,     10.0000,      1.3937,     42.4999,    246.8006,     62.1107,      3.4953,      0.0000,     -0.0320,      1.9949,      0.1590,      5.5424,     11.0847,      1.4053,     28.1701,     56.3403,      0.0191,      0.0016,      0.0156,      0.2052,   7680.3594,-421218.7500,   -936.1868,    547.0767,  25601.1973,
       1,     167,     352,       6,       1,       3,       1,     10.0000,      1.3937,     42.4999,    246.8006,     62.1107,      3.4953,      0.0000,     -0.0319,      1.9497,      0.1576,      5.5424,     11.0847,      1.3927,     28.1701,     56.3403,      0.0191,      0.0015,      0.0156,      0.2052,   7680.3594,-420203.8750,   -935.9848,    547.1462,  25601.1992,
       1,     167,     352,       7,       1,       3,       1,     10.0000,      1.3937,     42.4999,    246.8006,     62.1107,      3.4953,      0.0000,     -0.0318,      2.2110,      0.1556,      5.5424,     11.0847,      1.3746,     28.1701,     56.3403,      0.0191,      0.0018,      0.0156,      0.2052,   7680.3599,-420061.3750,   -935.9562,    547.1559,  25601.1953,
       1,     167,     352,       8,       1,       3,       1,     10.0000,      1.3937,     42.4999,    246.8006,     62.1107,      3.4953,      0.0024,     -0.0294,      2.2394,      0.1543,      5.5424,     11.0847,      1.3636,     28.1701,     56.3403,      0.0191,      0.0018,      0.0156,      0.2052,   7680.3589,-420373.6250,   -936.0206,    547.1346,  25601.1973,
       1,     167,     352,       9,       1,       3,       1,     10.0000,      1.3937,     42.4999,    246.8006,     62.1107,      3.4953,      0.0652,      0.0334,     10.3001,      0.1543,      5.5424,     11.0847,      1.3636,     28.1701,     56.3403,      0.0191,      0.0017,      0.0731,      0.2052,   7680.3594,-420434.9375,   -922.2961,    547.1303,  25601.1973,
       1,     167,     352,      10,       1,       3,       1,     10.0000,      1.3937,     42.4999,    246.8006,     62.1107,      3.4953,      0.1394,      0.1074,     26.0022,      0.1592,      5.5424,     11.0847,      1.4067,     28.1701,     56.3403,      0.0191,      0.0018,      0.1795,      0.2052,   7680.3594,-430426.1875,   -922.1515,    546.4471,  25601.1953,
       1,     167,     352,      11,       1,       3,       1,     10.0000,      1.3937,     42.4999,    246.8006,     62.1107,      3.4953,      0.1842,      0.1517,     33.0929,      0.1761,      5.5424,     11.0847,      1.5561,     28.1701,     56.3403,      0.0191,      0.0017,      0.2443,      0.2052,   7680.3589,-450728.9062,   -926.8622,    545.0607,  25601.0781,
       1,     167,     352,      12,       1,       3,       1,     10.0000,      1.3937,     42.4999,    246.8006,     62.1107,      3.4953,      0.1883,      0.1553,     36.6963,      0.1899,      5.5424,     11.0847,      1.6781,     28.1701,     56.3403,      0.0191,      0.0018,      0.2500,      0.2052,   7680.3237,-461254.0938,   -930.3577,    544.3453,  25601.1973,
       1,     167,     352,      13,       1,       3,       1,     10.0000,      1.3937,     42.4999,    246.8006,     62.1107,      3.4953,      0.1883,      0.1548,     38.8032,      0.2090,      5.5424,     11.0847,      1.8467,     28.1701,     56.3403,      0.0191,      0.0019,      0.2500,      0.2052,   7680.3594,-466595.8125,   -932.8716,    543.9823,  25601.1973,
       1,     167,     352,      14,       1,       3,       1,     10.0000,      1.3937,     42.4999,    246.8006,     62.1107,      3.4953,      0.1870,      0.1536,     21.4046,      0.2053,      5.5424,     11.0847,      1.8143,     28.1701,     56.3403,      0.0191,      0.0011,      0.2500,      0.2052,   7680.3594,-469659.0625,   -935.0686,    543.7742,  25601.1973,
       1,     167,     352,      15,       1,       3,       1,     10.0000,      1.3937,     42.4999,    246.8006,     62.1107,      3.4953,      0.1879,      0.1545,     33.4843,      0.2059,      5.5424,     11.0847,      1.8197,     28.1701,     56.3403,      0.0191,      0.0017,      0.2500,      0.2052,   7680.3594,-448348.4375,   -932.3900,    545.2228,  25601.1973,
       1,     167,     352,      16,       1,       3,       1,     10.0000,      1.3937,     42.4999,    246.8006,     62.1107,      3.4953,      0.1870,      0.1538,     40.2600,      0.1976,      5.5424,     11.0847,      1.7458,     28.1701,     56.3403,      0.0191,      0.0020,      0.2477,      0.2052,   7680.3594,-461523.3438,   -936.0887,    544.3268,  25601.1973,
       1,     167,     352,      17,       1,       3,       1,     10.0000,      1.3937,     42.4999,    246.8006,     62.1107,      3.4953,      0.1655,      0.1323,     45.1230,      0.1980,      5.5424,     11.0847,      1.7493,     28.1701,     56.3403,      0.0191,      0.0026,      0.2155,      0.2052,   7680.3594,-471036.3750,   -938.9442,    543.6802,  25601.1992,
       1,     167,     352,      18,       1,       3,       1,     10.0000,      1.3937,     42.4999,    246.8006,     62.1107,      3.4953,      0.1450,      0.1139,     48.1422,      0.1334,      5.5424,     11.0847,      1.1792,     28.1701,     56.3403,      0.0191,      0.0032,      0.1852,      0.2052,   7680.3599,-477869.2188,   -922.1682,    543.2162,  25601.2051,
       1,     167,     352,      19,       1,       3,       1,     10.0000,      1.3937,     42.4999,    246.8006,     62.1107,      3.4953,      0.0555,      0.0242,     13.6174,      0.1409,      5.5424,     11.0847,      1.2454,     28.1701,     56.3403,      0.0191,      0.0028,      0.0590,      0.2052,   7680.3618,-482189.5625,   -922.9019,    542.9231,  25601.1035,
       1,     167,     352,      20,       1,       3,       1,     10.0000,      1.3937,     42.4999,    246.8006,     62.1107,      3.4953,      0.0021,     -0.0295,      3.9405,      0.1482,      5.5424,     11.0847,      1.3099,     28.1701,     56.3403,      0.0191,      0.0031,      0.0156,      0.2052,   7680.3315,-439757.0938,   -915.9241,    545.8028,  25601.2051,
       1,     167,     352,      21,       1,       3,       1,     10.0000,      1.3937,     42.4999,    246.8006,     62.1107,      3.4953,      0.0000,     -0.0317,      3.7096,      0.1509,      5.5424,     11.0847,      1.3338,     28.1701,     56.3403,      0.0191,      0.0029,      0.0156,      0.2052,   7680.3618,-424190.6250,   -913.5603,    546.8726,  25601.2070,
       1,     167,     352,      22,       1,       3,       1,     10.0000,      1.3937,     42.4999,    246.8006,     62.1107,      3.4953,      0.0000,     -0.0319,      3.8030,      0.1562,      5.5424,     11.0847,      1.3802,     28.1701,     56.3403,      0.0191,      0.0030,      0.0156,      0.2052,   7680.3623,-422579.7812,   -913.6415,    546.9837,  25601.2051,
       1,     167,     352,      23,       1,       3,       1,     10.0000,      1.3937,     42.4999,    246.8006,     62.1107,      3.4953,      0.0000,     -0.0313,      0.8699,      0.1408,      5.5424,     11.0847,      1.2442,     28.1701,     56.3403,      0.0191,      0.0007,      0.0156,      0.2052,   7680.3618,-422558.1250,   -913.9807,    546.9852,  25601.2051,
       1,     167,     352,      24,       1,       3,       1,     10.0000,      1.3937,     42.4999,    246.8006,     62.1107,      3.4953,      0.0000,     -0.0311,      0.6935,      0.1360,      5.5424,     11.0847,      1.2021,     28.1701,     56.3403,      0.0191,      0.0005,      0.0156,      0.2052,   7680.3618,-418922.5938,   -910.3542,    547.2337,  25601.2051,
       1,     167,     353,       1,       1,       3,       1,     10.0000,      1.3937,     42.5002,    246.8064,     62.1122,      3.4953,      0.0000,     -0.0313,      0.6982,      0.1407,      5.5428,     11.0857,      1.2429,     28.1729,     56.3458,      0.0191,      0.0006,      0.0156,      0.2053,   7680.3618,-418550.1875,   -910.5967,    547.2719,  25602.3438,
       1,     167,     353,       2,       1,       3,       1,     10.0000,      1.3937,     42.5002,    246.8064,     62.1122,      3.4953,      0.0000,     -0.0313,      0.7160,      0.1412,      5.5428,     11.0857,      1.2480,     28.1729,     56.3458,      0.0191,      0.0006,      0.0156,      0.2053,   7680.7036,-418373.0938,   -910.3649,    547.2840,  25602.3438,
       1,     167,     353,       3,       1,       3,       1,     10.0000,      1.3937,     42.5002,    246.8064,     62.1122,      3.4953,      0.0000,     -0.0311,      0.6879,      0.1359,      5.5428,     11.0857,      1.2009,     28.1729,     56.3458,      0.0191,      0.0005,      0.0156,      0.2053,   7680.7036,-418380.0938,   -910.4194,    547.2836,  25602.3438,
       1,     167,     353,       4,       1,       3,       1,     10.0000,      1.3937,     42.5002,    246.8064,     62.1122,      3.4953,      0.0000,     -0.0309,      0.8431,      0.1310,      5.5428,     11.0857,      1.1578,     28.1729,     56.3458,      0.0191,      0.0007,      0.0156,      0.2053,   7680.7036,-418345.8438,   -910.2235,    547.2859,  25602.3457,
       1,     167,     353,       5,       1,       3,       1,     10.0000,      1.3937,     42.5002,    246.8064,     62.1122,      3.4953,      0.0000,     -0.0310,      0.4020,      0.1325,      5.5428,     11.0857,      1.1708,     28.1729,     56.3458,      0.0191,      0.0003,      0.0156,      0.2053,   7680.7041,-418535.1250,   -910.2840,    547.2729,  25602.3457,
       1,     167,     353,       6,       1,       3,       1,     10.0000,      1.3937,     42.5002,    246.8064,     62.1122,      3.4953,      0.0000,     -0.0310,      0.3835,      0.1337,      5.5428,     11.0857,      1.1816,     28.1729,     56.3458,      0.0191,      0.0003,      0.0156,      0.2053,   7680.7041,-418004.7188,   -910.1210,    547.3093,  25602.3418,
       1,     167,     353,       7,       1,       3,       1,     10.0000,      1.3937,     42.5002,    246.8064,     62.1122,      3.4953,      0.0000,     -0.0311,      0.3747,      0.1358,      5.5428,     11.0857,      1.1997,     28.1729,     56.3458,      0.0191,      0.0003,      0.0156,      0.2053,   7680.7026,-417937.3438,   -910.1214,    547.3138,  25602.3438,
       1,     167,     353,       8,       1,       3,       1,     10.0000,      1.3937,     42.5002,    246.8064,     62.1122,      3.4953,      0.0033,     -0.0280,      0.3372,      0.1394,      5.5428,     11.0857,      1.2317,     28.1729,     56.3458,      0.0191,      0.0003,      0.0156,      0.2053,   7680.7036,-417920.4062,   -910.1267,    547.3150,  25602.3438,
       1,     167,     353,       9,       1,       3,       1,     10.0000,      1.3937,     42.5002,    246.8064,     62.1122,      3.4953,      0.0743,      0.0428,      1.9833,      0.1453,      5.5428,     11.0857,      1.2837,     28.1729,     56.3458,      0.0191,      0.0003,      0.0875,      0.2053,   7680.7036,-417872.4688,   -910.1288,    547.3182,  25602.3418,
       1,     167,     353,      10,       1,       3,       1,     10.0000,      1.3937,     42.5002,    246.8064,     62.1122,      3.4953,      0.1534,      0.1215,      5.0238,      0.1573,      5.5428,     11.0857,      1.3899,     28.1729,     56.3458,      0.0191,      0.0003,      0.2024,      0.2053,   7680.7026,-419907.7500,   -910.6769,    547.1790,  25602.3457,
       1,     167,     353,      11,       1,       3,       1,     10.0000,      1.3937,     42.5002,    246.8064,     62.1122,      3.4953,      0.1861,      0.1541,      6.3721,      0.1600,      5.5428,     11.0857,      1.4138,     28.1729,     56.3458,      0.0191,      0.0003,      0.2500,      0.2053,   7680.7041,-423845.9688,   -911.9910,    546.9096,  25602.3418,
       1,     167,     353,      12,       1,       3,       1,     10.0000,      1.3937,     42.5002,    246.8064,     62.1122,      3.4953,      0.1861,      0.1534,      7.7290,      0.1813,      5.5428,     11.0857,      1.6016,     28.1729,     56.3458,      0.0191,      0.0004,      0.2500,      0.2053,   7680.7026,-425850.5938,   -913.3947,    546.7727,  25602.3438,
       1,     167,     353,      13,       1,       3,       1,     10.0000,      1.3937,     42.5002,    246.8064,     62.1122,      3.4953,      0.1862,      0.1541,      8.4933,      0.1634,      5.5428,     11.0857,      1.4439,     28.1729,     56.3458,      0.0191,      0.0004,      0.2500,      0.2052,   7680.7036,-427700.7812,   -913.5327,    546.6462,  25602.3457,
       1,     167,     353,      14,       1,       3,       1,     10.0000,      1.3937,     42.5002,    246.8064,     62.1122,      3.4953,      0.1867,      0.1550,     12.9355,      0.1506,      5.5428,     11.0857,      1.3311,     28.1729,     56.3458,      0.0191,      0.0006,      0.2500,      0.2052,   7680.7041,-428804.2812,   -913.5757,    546.5709,  25602.3438,
       1,     167,     353,      15,       1,       3,       1,     10.0000,      1.3937,     42.5002,    246.8064,     62.1122,      3.4953,      0.1843,      0.1519,     20.7552,      0.1711,      5.5428,     11.0857,      1.5118,     28.1729,     56.3458,      0.0191,      0.0010,      0.2458,      0.2052,   7680.7036,-434400.8750,   -915.8280,    546.1885,  25602.3438,
       1,     167,     353,      16,       1,       3,       1,     10.0000,      1.3937,     42.5002,    246.8064,     62.1122,      3.4953,      0.1442,      0.1119,     16.8493,      0.1685,      5.5428,     11.0857,      1.4893,     28.1729,     56.3458,      0.0191,      0.0011,      0.1875,      0.2052,   7680.7036,-444563.4688,   -918.8247,    545.4948,  25602.3418,
       1,     167,     353,      17,       1,       3,       1,     10.0000,      1.3937,     42.5002,    246.8064,     62.1122,      3.4953,      0.1754,      0.1433,     34.7214,      0.1608,      5.5428,     11.0857,      1.4209,     28.1729,     56.3458,      0.0191,      0.0019,      0.2310,      0.2052,   7680.7026,-440585.0938,   -918.7308,    545.7666,  25602.3457,
       1,     167,     353,      18,       1,       3,       1,     10.0000,      1.3937,     42.5002,    246.8064,     62.1122,      3.4953,      0.1591,      0.1274,     26.7930,      0.1534,      5.5428,     11.0857,      1.3555,     28.1729,     56.3458,      0.0191,      0.0016,      0.2082,      0.2052,   7680.7041,-462391.7500,   -921.3220,    544.2789,  25602.3457,
       1,     167,     353,      19,       1,       3,       1,     10.0000,      1.3937,     42.5002,    246.8064,     62.1122,      3.4953,      0.0571,      0.0253,     12.3059,      0.1529,      5.5428,     11.0857,      1.3514,     28.1729,     56.3458,      0.0191,      0.0025,      0.0611,      0.2052,   7680.7041,-454415.5312,   -920.7286,    544.8236,  25602.3438,
       1,     167,     353,      20,       1,       3,       1,     10.0000,      1.3937,     42.5002,    246.8064,     62.1122,      3.4953,      0.0033,     -0.0287,      3.3524,      0.1594,      5.5428,     11.0857,      1.4082,     28.1729,     56.3458,      0.0191,      0.0027,      0.0156,      0.2052,   7680.7036,-435785.8750,   -917.8325,    546.0926,  25602.3438,
       1,     167,     353,      21,       1,       3,       1,     10.0000,      1.3937,     42.5002,    246.8064,     62.1122,      3.4953,      0.0000,     -0.0323,      2.0093,      0.1706,      5.5428,     11.0857,      1.5072,     28.1729,     56.3458,      0.0191,      0.0016,      0.0156,      0.2052,   7680.7036,-423121.1562,   -915.8586,    546.9586,  25602.3438,
       1,     167,     353,      22,       1,       3,       1,     10.0000,      1.3937,     42.5002,    246.8064,     62.1122,      3.4953,      0.0000,     -0.0323,      1.6354,      0.1679,      5.5428,     11.0857,      1.4834,     28.1729,     56.3458,      0.0191,      0.0013,      0.0156,      0.2053,   7680.7036,-420385.1250,   -915.5533,    547.1464,  25602.3418,
       1,     167,     353,      23,       1,       3,       1,     10.0000,      1.3937,     42.5002,    246.8064,     62.1122,      3.4953,      0.0000,     -0.0321,      0.8577,      0.1637,      5.5428,     11.0857,      1.4467,     28.1729,     56.3458,      0.0191,      0.0007,      0.0156,      0.2053,   7680.7026,-419689.8750,   -915.5751,    547.1940,  25602.3457,
       1,     167,     353,      24,       1,       3,       1,     10.0000,      1.3937,     42.5002,    246.8064,     62.1122,      3.4953,      0.0000,     -0.0321,      0.7166,      0.1641,      5.5428,     11.0857,      1.4496,     28.1729,     56.3458,      0.0191,      0.0006,      0.0156,      0.2053,   7680.7041,-418667.0000,   -915.4412,    547.2639,  25602.3438,
       1,     167,     354,       1,       1,       3,       1,     10.0000,      1.3937,     42.5005,    246.8121,     62.1136,      3.4953,      0.0000,     -0.0320,      0.8662,      0.1613,      5.5432,     11.0864,      1.4252,     28.1760,     56.3519,      0.0191,      0.0007,      0.0156,      0.2053,   7680.7036,-418560.2188,   -915.7207,    547.2841,  25603.4805,
       1,     167,     354,       2,       1,       3,       1,     10.0000,      1.3937,     42.5005,    246.8121,     62.1136,      3.4953,      0.0000,     -0.0321,      1.9564,      0.1626,      5.5432,     11.0864,      1.4367,     28.1760,     56.3519,      0.0191,      0.0015,      0.0156,      0.2053,   7681.0444,-418585.1875,   -915.5280,    547.2823,  25603.4805,
       1,     167,     354,       3,       1,       3,       1,     10.0000,      1.3937,     42.5005,    246.8121,     62.1136,      3.4953,      0.0000,     -0.0319,      1.9102,      0.1571,      5.5432,     11.0864,      1.3886,     28.1760,     56.3519,      0.0191,      0.0015,      0.0156,      0.2053,   7681.0444,-419937.6250,   -915.9595,    547.1899,  25603.4805,
       1,     167,     354,       4,       1,       3,       1,     10.0000,      1.3937,     42.5005,    246.8121,     62.1136,      3.4953,      0.0000,     -0.0318,      1.8018,      0.1532,      5.5432,     11.0864,      1.3541,     28.1760,     56.3519,      0.0191,      0.0014,      0.0156,      0.2053,   7681.0444,-419994.8750,   -916.1408,    547.1859,  25603.4805,
       1,     167,     354,       5,       1,       3,       1,     10.0000,      1.3937,     42.5005,    246.8121,     62.1136,      3.4953,      0.0000,     -0.0317,      1.9439,      0.1517,      5.5432,     11.0864,      1.3406,     28.1760,     56.3519,      0.0191,      0.0015,      0.0156,      0.2053,   7681.0444,-419865.5000,   -916.2671,    547.1948,  25603.4785,
       1,     167,     354,       6,       1,       3,       1,     10.0000,      1.3937,     42.5005,    246.8121,     62.1136,      3.4953,      0.0000,     -0.0318,      1.9914,      0.1546,      5.5432,     11.0864,      1.3664,     28.1760,     56.3519,      0.0191,      0.0016,      0.0156,      0.2053,   7681.0439,-420030.6562,   -916.4528,    547.1835,  25603.4805,
       1,     167,     354,       7,       1,       3,       1,     10.0000,      1.3937,     42.5005,    246.8121,     62.1136,      3.4953,      0.0000,     -0.0320,      2.1925,      0.1605,      5.5432,     11.0864,      1.4181,     28.1760,     56.3519,      0.0191,      0.0017,      0.0156,      0.2053,   7681.0444,-420103.4375,   -916.6392,    547.1785,  25603.4785,
       1,     167,     354,       8,       1,       3,       1,     10.0000,      1.3937,     42.5005,    246.8121,     62.1136,      3.4953,      0.0021,     -0.0299,      1.6342,      0.1578,      5.5432,     11.0864,      1.3941,     28.1760,     56.3519,      0.0191,      0.0013,      0.0156,      0.2053,   7681.0439,-420358.7500,   -916.8837,    547.1610,  25603.4824,
       1,     167,     354,       9,       1,       3,       1,     10.0000,      1.3937,     42.5005,    246.8121,     62.1136,      3.4953,      0.0570,      0.0249,      5.0168,      0.1621,      5.5432,     11.0864,      1.4324,     28.1760,     56.3519,      0.0191,      0.0010,      0.0615,      0.2053,   7681.0449,-419688.4688,   -916.8948,    547.2069,  25603.4785,
       1,     167,     354,      10,       1,       3,       1,     10.0000,      1.3937,     42.5005,    246.8121,     62.1136,      3.4953,      0.1451,      0.1123,     15.4798,      0.1858,      5.5432,     11.0864,      1.6419,     28.1760,     56.3519,      0.0191,      0.0010,      0.1890,      0.2053,   7681.0439,-423821.5000,   -917.8392,    546.9241,  25603.4805,
       1,     167,     354,      11,       1,       3,       1,     10.0000,      1.3937,     42.5005,    246.8121,     62.1136,      3.4953,      0.1735,      0.1398,     27.8149,      0.2132,      5.5432,     11.0864,      1.8835,     28.1760,     56.3519,      0.0191,      0.0015,      0.2294,      0.2053,   7681.0444,-437131.4062,   -920.7358,    546.0143,  25603.4805,
       1,     167,     354,      12,       1,       3,       1,     10.0000,      1.3937,     42.5005,    246.8121,     62.1136,      3.4953,      0.1839,      0.1498,     37.2723,      0.2274,      5.5432,     11.0864,      2.0095,     28.1760,     56.3519,      0.0191,      0.0019,      0.2437,      0.2053,   7681.0444,-453541.5625,   -924.6093,    544.8951,  25603.4805,
       1,     167,     354,      13,       1,       3,       1,     10.0000,      1.3937,     42.5005,    246.8121,     62.1136,      3.4953,      0.1884,      0.1544,     41.1777,      0.2263,      5.5432,     11.0864,      1.9997,     28.1760,     56.3519,      0.0191,      0.0020,      0.2500,      0.2053,   7681.0444,-466651.3438,   -928.1060,    544.0033,  25603.4805,
       1,     167,     354,      14,       1,       3,       1,     10.0000,      1.3937,     42.5005,    246.8121,     62.1136,      3.4953,      0.1823,      0.1483,     45.7814,      0.2294,      5.5432,     11.0864,      2.0273,     28.1760,     56.3519,      0.0191,      0.0024,      0.2405,      0.2052,   7681.0444,-472600.5312,   -930.3751,    543.5995,  25603.4805,
       1,     167,     354,      15,       1,       3,       1,     10.0000,      1.3937,     42.5005,    246.8121,     62.1136,      3.4953,      0.1627,      0.1287,     59.5412,      0.2252,      5.5432,     11.0864,      1.9899,     28.1760,     56.3519,      0.0191,      0.0035,      0.2099,      0.2052,   7681.0444,-478808.9062,   -932.4265,    543.1778,  25603.4824,
       1,     167,     354,      16,       1,       3,       1,     10.0000,      1.3937,     42.5005,    246.8121,     62.1136,      3.4953,      0.1146,      0.0808,     52.3235,      0.2197,      5.5432,     11.0864,      1.9417,     28.1760,     56.3519,      0.0191,      0.0046,      0.1396,      0.2052,   7681.0449,-496390.0000,   -936.5001,    541.9843,  25603.4785,
       1,     167,     354,      17,       1,       3,       1,     10.0000,      1.3937,     42.5005,    246.8121,     62.1136,      3.4953,      0.1486,      0.1149,     78.7865,      0.2134,      5.5432,     11.0864,      1.8854,     28.1760,     56.3519,      0.0191,      0.0052,      0.1868,      0.2052,   7681.0439,-488929.2500,   -935.7437,    542.4910,  25603.4805,
       1,     167,     354,      18,       1,       3,       1,     10.0000,      1.3937,     42.5005,    246.8121,     62.1136,      3.4953,      0.0984,      0.0651,     49.6512,      0.2027,      5.5432,     11.0864,      1.7913,     28.1760,     56.3519,      0.0191,      0.0053,      0.1163,      0.2052,   7681.0444,-521107.3125,   -942.6420,    540.3091,  25603.4805,
       1,     167,     354,      19,       1,       3,       1,     10.0000,      1.3937,     42.5005,    246.8121,     62.1136,      3.4953,      0.0966,      0.0637,     44.5765,      0.1866,      5.5432,     11.0864,      1.6485,     28.1760,     56.3519,      0.0191,      0.0048,      0.1144,      0.2052,   7681.0444,-487696.3750,   -936.9161,    542.5701,  25603.4785,
       1,     167,     354,      20,       1,       3,       1,     10.0000,      1.3937,     42.5005,    246.8121,     62.1136,      3.4953,      0.0069,     -0.0255,      5.6903,      0.1735,      5.5432,     11.0864,      1.5331,     28.1760,     56.3519,      0.0191,      0.0045,      0.0156,      0.2052,   7681.0439,-478595.7812,   -935.6801,    543.1921,  25603.4805,
       1,     167,     354,      21,       1,       3,       1,     10.0000,      1.3937,     42.5005,    246.8121,     62.1136,      3.4953,      0.0000,     -0.0322,      5.4075,      0.1674,      5.5432,     11.0864,      1.4790,     28.1760,     56.3519,      0.0191,      0.0043,      0.0156,      0.2052,   7681.0444,-429618.8750,   -926.5797,    546.5178,  25603.4805,
       1,     167,     354,      22,       1,       3,       1,     10.0000,      1.3937,     42.5005,    246.8121,     62.1136,      3.4953,      0.0000,     -0.0322,      5.0035,      0.1662,      5.5432,     11.0864,      1.4686,     28.1760,     56.3519,      0.0191,      0.0040,      0.0156,      0.2053,   7681.0444,-425159.0625,   -925.8899,    546.8327,  25603.4805,
       1,     167,     354,      23,       1,       3,       1,     10.0000,      1.3937,     42.5005,    246.8121,     62.1136,      3.4953,      0.0000,     -0.0321,      4.7426,      0.1628,      5.5432,     11.0864,      1.4381,     28.1760,     56.3519,      0.0191,      0.0038,      0.0156,      0.2053,   7681.0444,-424268.6562,   -925.8577,    546.8937,  25603.4805,
       1,     167,     354,      24,       1,       3,       1,     10.0000,      1.3937,     42.5005,    246.8121,     62.1136,      3.4953,      0.0000,     -0.0318,      3.7481,      0.1551,      5.5432,     11.0864,      1.3706,     28.1760,     56.3519,      0.0191,      0.0030,      0.0156,      0.2053,   7681.0444,-423869.9062,   -925.9017,    546.9210,  25603.4785,
       1,     167,     355,       1,       1,       3,       1,     10.0000,      1.3938,     42.5009,    246.8179,     62.1151,      3.4953,      0.0000,     -0.0316,      2.9973,      0.1496,      5.5437,     11.0875,      1.3219,     28.1749,     56.3499,      0.0191,      0.0024,      0.0156,      0.2053,   7681.0439,-422758.5938,   -926.0402,    547.0098,  25604.6172,
       1,     167,     355,       2,       1,       3,       1,     10.0000,      1.3938,     42.5009,    246.8179,     62.1151,      3.4953,      0.0000,     -0.0317,      2.6735,      0.1507,      5.5437,     11.0875,      1.3312,     28.1749,     56.3499,      0.0191,      0.0021,      0.0156,      0.2053,   7681.3853,-421583.0000,   -925.6016,    547.0902,  25604.6152,
       1,     167,     355,       3,       1,       3,       1,     10.0000,      1.3938,     42.5009,    246.8179,     62.1151,      3.4953,      0.0000,     -0.0315,      2.4486,      0.1453,      5.5437,     11.0875,      1.2838,     28.1749,     56.3499,      0.0191,      0.0019,      0.0156,      0.2053,   7681.3848,-421082.6875,   -925.5576,    547.1245,  25604.6172,
       1,     167,     355,       4,       1,       3,       1,     10.0000,      1.3938,     42.5009,    246.8179,     62.1151,      3.4953,      0.0000,     -0.0315,      2.2196,      0.1453,      5.5437,     11.0875,      1.2838,     28.1749,     56.3499,      0.0191,      0.0018,      0.0156,      0.2053,   7681.3853,-420761.4688,   -925.5356,    547.1464,  25604.6172,
       1,     167,     355,       5,       1,       3,       1,     10.0000,      1.3938,     42.5009,    246.8179,     62.1151,      3.4953,      0.0000,     -0.0317,      1.8680,      0.1507,      5.5437,     11.0875,      1.3312,     28.1749,     56.3499,      0.0191,      0.0015,      0.0156,      0.2053,   7681.3853,-420450.6250,   -925.5166,    547.1677,  25604.6172,
       1,     167,     355,       6,       1,       3,       1,     10.0000,      1.3938,     42.5009,    246.8179,     62.1151,      3.4953,      0.0000,     -0.0318,      1.3254,      0.1543,      5.5437,     11.0875,      1.3637,     28.1749,     56.3499,      0.0191,      0.0010,      0.0156,      0.2053,   7681.3853,-419988.9688,   -925.4622,    547.1992,  25604.6172,
       1,     167,     355,       7,       1,       3,       1,     10.0000,      1.3938,     42.5009,    246.8179,     62.1151,      3.4953,      0.0000,     -0.0318,      1.6442,      0.1537,      5.5437,     11.0875,      1.3583,     28.1749,     56.3499,      0.0191,      0.0013,      0.0156,      0.2053,   7681.3853,-419277.9062,   -925.3481,    547.2479,  25604.6191,
       1,     167,     355,       8,       1,       3,       1,     10.0000,      1.3938,     42.5009,    246.8179,     62.1151,      3.4953,      0.0016,     -0.0302,      1.2405,      0.1532,      5.5437,     11.0875,      1.3542,     28.1749,     56.3499,      0.0191,      0.0010,      0.0156,      0.2053,   7681.3862,-419612.1562,   -925.4392,    547.2250,  25604.6172,
       1,     167,     355,       9,       1,       3,       1,     10.0000,      1.3938,     42.5009,    246.8179,     62.1151,      3.4953,      0.0596,      0.0275,      5.8325,      0.1615,      5.5437,     11.0875,      1.4267,     28.1749,     56.3499,      0.0191,      0.0011,      0.0652,      0.2053,   7681.3853,-419140.9062,   -925.3688,    547.2572,  25604.6172,
       1,     167,     355,      10,       1,       3,       1,     10.0000,      1.3938,     42.5009,    246.8179,     62.1151,      3.4953,      0.1198,      0.0874,     17.2030,      0.1735,      5.5437,     11.0875,      1.5331,     28.1749,     56.3499,      0.0191,      0.0014,      0.1518,      0.2053,   7681.3853,-424787.5312,   -926.5048,    546.8709,  25604.6172,
       1,     167,     355,      11,       1,       3,       1,     10.0000,      1.3938,     42.5009,    246.8179,     62.1151,      3.4953,      0.1703,      0.1372,     30.5435,      0.1941,      5.5437,     11.0875,      1.7151,     28.1749,     56.3499,      0.0191,      0.0017,      0.2242,      0.2053,   7681.3853,-439348.4062,   -929.4243,    545.8757,  25604.6152,
       1,     167,     355,      12,       1,       3,       1,     10.0000,      1.3938,     42.5009,    246.8179,     62.1151,      3.4953,      0.1882,      0.1544,     37.9276,      0.2180,      5.5437,     11.0875,      1.9266,     28.1749,     56.3499,      0.0191,      0.0019,      0.2500,      0.2053,   7681.3848,-457109.0000,   -933.0641,    544.6647,  25604.6172,
       1,     167,     355,      13,       1,       3,       1,     10.0000,      1.3938,     42.5009,    246.8179,     62.1151,      3.4953,      0.1881,      0.1539,     38.0639,      0.2324,      5.5437,     11.0875,      2.0532,     28.1749,     56.3499,      0.0191,      0.0019,      0.2500,      0.2053,   7681.3853,-467763.2500,   -935.4120,    543.9407,  25604.6191,
       1,     167,     355,      14,       1,       3,       1,     10.0000,      1.3938,     42.5009,    246.8179,     62.1151,      3.4953,      0.1798,      0.1458,     42.4373,      0.2259,      5.5437,     11.0875,      1.9958,     28.1749,     56.3499,      0.0191,      0.0022,      0.2371,      0.2053,   7681.3862,-468832.0312,   -935.8925,    543.8686,  25604.6172,
       1,     167,     355,      15,       1,       3,       1,     10.0000,      1.3938,     42.5009,    246.8179,     62.1151,      3.4953,      0.1899,      0.1562,     58.7836,      0.2132,      5.5437,     11.0875,      1.8836,     28.1749,     56.3499,      0.0191,      0.0029,      0.2500,      0.2053,   7681.3853,-474341.7500,   -934.0244,    543.4940,  25604.6172,
       1,     167,     355,      16,       1,       3,       1,     10.0000,      1.3938,     42.5009,    246.8179,     62.1151,      3.4953,      0.1914,      0.1578,     78.8308,      0.2142,      5.5437,     11.0875,      1.8928,     28.1749,     56.3499,      0.0191,      0.0039,      0.2500,      0.2053,   7681.3853,-495066.8438,   -938.9489,    542.0861,  25604.6172,
       1,     167,     355,      17,       1,       3,       1,     10.0000,      1.3938,     42.5009,    246.8179,     62.1151,      3.4953,      0.1677,      0.1344,     81.9047,      0.2023,      5.5437,     11.0875,      1.7878,     28.1749,     56.3499,      0.0191,      0.0047,      0.2146,      0.2052,   7681.3853,-521676.3125,   -945.0141,    540.2849,  25604.6172,
       1,     167,     355,      18,       1,       3,       1,     10.0000,      1.3938,     42.5009,    246.8179,     62.1151,      3.4953,      0.1019,      0.0688,     53.7580,      0.1958,      5.5437,     11.0875,      1.7305,     28.1749,     56.3499,      0.0191,      0.0055,      0.1210,      0.2052,   7681.3853,-527741.2500,   -947.0189,    539.8782,  25604.6152,
       1,     167,     355,      19,       1,       3,       1,     10.0000,      1.3938,     42.5009,    246.8179,     62.1151,      3.4953,      0.0618,      0.0290,     26.1603,      0.1860,      5.5437,     11.0875,      1.6436,     28.1749,     56.3499,      0.0191,      0.0049,      0.0654,      0.2052,   7681.3848,-493336.1250,   -941.0458,    542.2001,  25604.6172,
       1,     167,     355,      20,       1,       3,       1,     10.0000,      1.3938,     42.5009,    246.8179,     62.1151,      3.4953,      0.0034,     -0.0291,      5.0044,      0.1763,      5.5437,     11.0875,      1.5577,     28.1749,     56.3499,      0.0191,      0.0040,      0.0156,      0.2052,   7681.3853,-456235.8750,   -934.2969,    544.7196,  25604.6172,
       1,     167,     355,      21,       1,       3,       1,     10.0000,      1.3938,     42.5009,    246.8179,     62.1151,      3.4953,      0.0000,     -0.0323,      5.3605,      0.1686,      5.5437,     11.0875,      1.4894,     28.1749,     56.3499,      0.0191,      0.0042,      0.0156,      0.2053,   7681.3853,-426901.6875,   -928.0912,    546.7230,  25604.6152,
       1,     167,     355,      22,       1,       3,       1,     10.0000,      1.3938,     42.5009,    246.8179,     62.1151,      3.4953,      0.0000,     -0.0321,      4.8775,      0.1619,      5.5437,     11.0875,      1.4310,     28.1749,     56.3499,      0.0191,      0.0039,      0.0156,      0.2053,   7681.3848,-424865.2188,   -927.9083,    546.8657,  25604.6172,
       1,     167,     355,      23,       1,       3,       1,     10.0000,      1.3938,     42.5009,    246.8179,     62.1151,      3.4953,      0.0000,     -0.0320,      4.3639,      0.1595,      5.5437,     11.0875,      1.4096,     28.1749,     56.3499,      0.0191,      0.0035,      0.0156,      0.2053,   7681.3853,-424090.0312,   -927.9323,    546.9188,  25604.6152,
       1,     167,     355,      24,       1,       3,       1,     10.0000,      1.3938,     42.5009,    246.8179,     62.1151,      3.4953,      0.0000,     -0.0320,      3.9242,      0.1594,      5.5437,     11.0875,      1.4082,     28.1749,     56.3499,      0.0191,      0.0031,      0.0156,      0.2053,   7681.3848,-423388.4062,   -927.9417,    546.9667,  25604.6172,
       1,     167,     356,       1,       1,       3,       1,     10.0000,      1.3938,     42.5012,    246.8237,     62.1165,      3.4953,      0.0000,     -0.0321,      3.4002,      0.1632,      5.5436,     11.0871,      1.4425,     28.1756,     56.3513,      0.0191,      0.0027,      0.0156,      0.2053,   7681.3853,-422937.9375,   -928.2493,    547.0103,  25605.7559,
       1,     167,     356,       2,       1,       3,       1,     10.0000,      1.3938,     42.5012,    246.8237,     62.1165,      3.4953,      0.0000,     -0.0320,      3.0347,      0.1592,      5.5436,     11.0871,      1.4068,     28.1756,     56.3513,      0.0191,      0.0024,      0.0156,      0.2053,   7681.7271,-422099.4062,   -927.9197,    547.0676,  25605.7539,
       1,     167,     356,       3,       1,       3,       1,     10.0000,      1.3938,     42.5012,    246.8237,     62.1165,      3.4953,      0.0000,     -0.0319,      2.4446,      0.1579,      5.5436,     11.0871,      1.3956,     28.1756,     56.3513,      0.0191,      0.0019,      0.0156,      0.2053,   7681.7266,-421576.1562,   -927.9026,    547.1034,  25605.7559,
       1,     167,     356,       4,       1,       3,       1,     10.0000,      1.3938,     42.5012,    246.8237,     62.1165,      3.4953,      0.0000,     -0.0319,      2.2369,      0.1579,      5.5436,     11.0871,      1.3956,     28.1756,     56.3513,      0.0191,      0.0018,      0.0156,      0.2053,   7681.7271,-420800.8750,   -927.8144,    547.1565,  25605.7559,
       1,     167,     356,       5,       1,       3,       1,     10.0000,      1.3938,     42.5012,    246.8237,     62.1165,      3.4953,      0.0000,     -0.0320,      2.1543,      0.1591,      5.5436,     11.0871,      1.4054,     28.1756,     56.3513,      0.0191,      0.0017,      0.0156,      0.2053,   7681.7271,-420477.8750,   -927.8064,    547.1785,  25605.7539,
       1,     167,     356,       6,       1,       3,       1,     10.0000,      1.3938,     42.5012,    246.8237,     62.1165,      3.4953,      0.0000,     -0.0319,      2.2577,      0.1559,      5.5436,     11.0871,      1.3775,     28.1756,     56.3513,      0.0191,      0.0018,      0.0156,      0.2053,   7681.7266,-420348.7188,   -927.8339,    547.1874,  25605.7559,
       1,     167,     356,       7,       1,       3,       1,     10.0000,      1.3938,     42.5012,    246.8237,     62.1165,      3.4953,      0.0000,     -0.0318,      1.8307,      0.1551,      5.5436,     11.0871,      1.3706,     28.1756,     56.3513,      0.0191,      0.0014,      0.0156,      0.2053,   7681.7271,-420465.3750,   -927.9076,    547.1794,  25605.7559,
       1,     167,     356,       8,       1,       3,       1,     10.0000,      1.3938,     42.5012,    246.8237,     62.1165,      3.4953,      0.0012,     -0.0305,      1.6521,      0.1513,      5.5436,     11.0871,      1.3366,     28.1756,     56.3513,      0.0191,      0.0013,      0.0156,      0.2053,   7681.7271,-419946.6250,   -927.8458,    547.2148,  25605.7578,
       1,     167,     356,       9,       1,       3,       1,     10.0000,      1.3938,     42.5012,    246.8237,     62.1165,      3.4953,      0.0712,      0.0393,      9.1659,      0.1564,      5.5436,     11.0871,      1.3817,     28.1756,     56.3513,      0.0191,      0.0014,      0.0819,      0.2053,   7681.7275,-419681.3750,   -927.8261,    547.2330,  25605.7578,
       1,     167,     356,      10,       1,       3,       1,     10.0000,      1.3938,     42.5012,    246.8237,     62.1165,      3.4953,      0.1236,      0.0908,     21.0418,      0.1838,      5.5436,     11.0871,      1.6242,     28.1756,     56.3513,      0.0191,      0.0017,      0.1567,      0.2053,   7681.7275,-428962.7812,   -929.7080,    546.5982,  25605.7578,
       1,     167,     356,      11,       1,       3,       1,     10.0000,      1.3938,     42.5012,    246.8237,     62.1165,      3.4953,      0.1656,      0.1322,     28.7275,      0.2049,      5.5436,     11.0871,      1.8109,     28.1756,     56.3513,      0.0191,      0.0016,      0.2176,      0.2053,   7681.7275,-444456.9375,   -932.8737,    545.5399,  25605.7559,
       1,     167,     356,      12,       1,       3,       1,     10.0000,      1.3938,     42.5012,    246.8237,     62.1165,      3.4953,      0.1811,      0.1474,     32.5892,      0.2155,      5.5436,     11.0871,      1.9041,     28.1756,     56.3513,      0.0191,      0.0017,      0.2401,      0.2053,   7681.7271,-455290.9688,   -935.2162,    544.8021,  25605.7539,
       1,     167,     356,      13,       1,       3,       1,     10.0000,      1.3938,     42.5012,    246.8237,     62.1165,      3.4953,      0.1871,      0.1531,     25.2552,      0.2285,      5.5436,     11.0871,      2.0194,     28.1756,     56.3513,      0.0191,      0.0012,      0.2500,      0.2053,   7681.7266,-460991.8750,   -936.5999,    544.4144,  25605.7559,
       1,     167,     356,      14,       1,       3,       1,     10.0000,      1.3938,     42.5012,    246.8237,     62.1165,      3.4953,      0.1875,      0.1535,     29.0269,      0.2243,      5.5436,     11.0871,      1.9822,     28.1756,     56.3513,      0.0191,      0.0014,      0.2500,      0.2053,   7681.7271,-452386.5000,   -935.1809,    545.0001,  25605.7559,
       1,     167,     356,      15,       1,       3,       1,     10.0000,      1.3938,     42.5012,    246.8237,     62.1165,      3.4953,      0.1667,      0.1328,     51.1727,      0.2234,      5.5436,     11.0871,      1.9745,     28.1756,     56.3513,      0.0191,      0.0029,      0.2168,      0.2053,   7681.7271,-456332.4688,   -936.1802,    544.7316,  25605.7559,
       1,     167,     356,      16,       1,       3,       1,     10.0000,      1.3938,     42.5012,    246.8237,     62.1165,      3.4953,      0.1584,      0.1244,     69.6461,      0.2283,      5.5436,     11.0871,      2.0175,     28.1756,     56.3513,      0.0191,      0.0043,      0.2024,      0.2053,   7681.7271,-484102.2812,   -941.8833,    542.8408,  25605.7578,
       1,     167,     356,      17,       1,       3,       1,     10.0000,      1.3938,     42.5012,    246.8237,     62.1165,      3.4953,      0.1593,      0.1251,     88.9126,      0.2324,      5.5436,     11.0871,      2.0533,     28.1756,     56.3513,      0.0191,      0.0055,      0.2015,      0.2053,   7681.7275,-509354.2188,   -947.1980,    541.1306,  25605.7539,
       1,     167,     356,      18,       1,       3,       1,     10.0000,      1.3938,     42.5012,    246.8237,     62.1165,      3.4953,      0.1297,      0.0962,     74.0211,      0.2080,      5.5436,     11.0871,      1.8378,     28.1756,     56.3513,      0.0191,      0.0057,      0.1595,      0.2052,   7681.7266,-535378.9375,   -952.7729,    539.3730,  25605.7539,
       1,     167,     356,      19,       1,       3,       1,     10.0000,      1.3938,     42.5012,    246.8237,     62.1165,      3.4953,      0.0336,      0.0006,     10.8131,      0.1922,      5.5436,     11.0871,      1.6983,     28.1756,     56.3513,      0.0191,      0.0052,      0.0257,      0.2052,   7681.7266,-519107.8750,   -950.0011,    540.4728,  25605.7539,
       1,     167,     356,      20,       1,       3,       1,     10.0000,      1.3938,     42.5012,    246.8237,     62.1165,      3.4953,      0.0019,     -0.0307,      6.1731,      0.1784,      5.5436,     11.0871,      1.5765,     28.1756,     56.3513,      0.0191,      0.0049,      0.0156,      0.2052,   7681.7266,-439352.2500,   -934.4268,    545.8622,  25605.7578,
       1,     167,     356,      21,       1,       3,       1,     10.0000,      1.3938,     42.5012,    246.8237,     62.1165,      3.4953,      0.0000,     -0.0323,      6.4462,      0.1691,      5.5436,     11.0871,      1.4939,     28.1756,     56.3513,      0.0191,      0.0051,      0.0156,      0.2053,   7681.7275,-426954.4688,   -931.9949,    546.7351,  25605.7559,
       1,     167,     356,      22,       1,       3,       1,     10.0000,      1.3938,     42.5012,    246.8237,     62.1165,      3.4953,      0.0000,     -0.0322,      7.0110,      0.1649,      5.5436,     11.0871,      1.4570,     28.1756,     56.3513,      0.0191,      0.0056,      0.0156,      0.2053,   7681.7271,-426212.2500,   -931.8486,    546.7865,  25605.7559,
       1,     167,     356,      23,       1,       3,       1,     10.0000,      1.3938,     42.5012,    246.8237,     62.1165,      3.4953,      0.0000,     -0.0321,      5.2625,      0.1634,      5.5436,     11.0871,      1.4440,     28.1756,     56.3513,      0.0191,      0.0042,      0.0156,      0.2053,   7681.7271,-426848.0312,   -931.9658,    546.7430,  25605.7559,
       1,     167,     356,      24,       1,       3,       1,     10.0000,      1.3938,     42.5012,    246.8237,     62.1165,      3.4953,      0.0000,     -0.0321,      4.6167,      0.1618,      5.5436,     11.0871,      1.4296,     28.1756,     56.3513,      0.0191,      0.0037,      0.0156,      0.2053,   7681.7271,-424736.5625,   -931.5408,    546.8874,  25605.7559,
       1,     167,     357,       1,       1,       3,       1,     10.0000,      1.3938,     42.5015,    246.8295,     62.1180,      3.4953,      0.0000,     -0.0318,      3.8502,      0.1539,      5.5437,     11.0873,      1.3597,     28.1748,     56.3496,      0.0191,      0.0030,      0.0156,      0.2054,   7681.7271,-423911.9375,   -931.6498,    546.9566,  25606.8926,
       1,     167,     357,       2,       1,       3,       1,     10.0000,      1.3938,     42.5015,    246.8295,     62.1180,      3.4953,      0.0000,     -0.0317,      2.6418,      0.1507,      5.5437,     11.0873,      1.3313,     28.1748,     56.3496,      0.0191,      0.0021,      0.0156,      0.2054,   7682.0679,-422741.5938,   -931.1348,    547.0366,  25606.8945,
       1,     167,     357,       3,       1,       3,       1,     10.0000,      1.3938,     42.5015,    246.8295,     62.1180,      3.4953,      0.0000,     -0.0317,      2.2831,      0.1517,      5.5437,     11.0873,      1.3407,     28.1748,     56.3496,      0.0191,      0.0018,      0.0156,      0.2054,   7682.0688,-421146.0938,   -930.8131,    547.1457,  25606.8926,
       1,     167,     357,       4,       1,       3,       1,     10.0000,      1.3938,     42.5015,    246.8295,     62.1180,      3.4953,      0.0000,     -0.0318,      2.1722,      0.1529,      5.5437,     11.0873,      1.3515,     28.1748,     56.3496,      0.0191,      0.0017,      0.0156,      0.2054,   7682.0679,-420567.1875,   -930.6935,    547.1853,  25606.8926,
       1,     167,     357,       5,       1,       3,       1,     10.0000,      1.3938,     42.5015,    246.8295,     62.1180,      3.4953,      0.0000,     -0.0316,      1.8484,      0.1493,      5.5437,     11.0873,      1.3193,     28.1748,     56.3496,      0.0191,      0.0015,      0.0156,      0.2054,   7682.0679,-420380.8125,   -930.6501,    547.1981,  25606.8926,
       1,     167,     357,       6,       1,       3,       1,     10.0000,      1.3938,     42.5015,    246.8295,     62.1180,      3.4953,      0.0000,     -0.0314,      1.1634,      0.1428,      5.5437,     11.0873,      1.2620,     28.1748,     56.3496,      0.0191,      0.0009,      0.0156,      0.2054,   7682.0679,-419964.0938,   -930.5624,    547.2266,  25606.8926,
       1,     167,     357,       7,       1,       3,       1,     10.0000,      1.3938,     42.5015,    246.8295,     62.1180,      3.4953,      0.0000,     -0.0314,      0.9414,      0.1422,      5.5437,     11.0873,      1.2569,     28.1748,     56.3496,      0.0191,      0.0007,      0.0156,      0.2054,   7682.0679,-419080.8438,   -930.3850,    547.2870,  25606.8926,
       1,     167,     357,       8,       1,       3,       1,     10.0000,      1.3938,     42.5015,    246.8295,     62.1180,      3.4953,      0.0020,     -0.0292,      1.0782,      0.1372,      5.5437,     11.0873,      1.2120,     28.1748,     56.3496,      0.0191,      0.0009,      0.0156,      0.2054,   7682.0679,-418731.1250,   -930.3149,    547.3109,  25606.8926,
       1,     167,     357,       9,       1,       3,       1,     10.0000,      1.3938,     42.5015,    246.8295,     62.1180,      3.4953,      0.0629,      0.0314,      5.4920,      0.1451,      5.5437,     11.0873,      1.2826,     28.1748,     56.3496,      0.0191,      0.0010,      0.0706,      0.2054,   7682.0679,-418870.8750,   -930.3416,    547.3013,  25606.8926,
       1,     167,     357,      10,       1,       3,       1,     10.0000,      1.3938,     42.5015,    246.8295,     62.1180,      3.4953,      0.1361,      0.1032,     15.1884,      0.1866,      5.5437,     11.0873,      1.6486,     28.1748,     56.3496,      0.0191,      0.0011,      0.1757,      0.2054,   7682.0679,-424347.3125,   -931.4258,    546.9267,  25606.8926,
       1,     167,     357,      11,       1,       3,       1,     10.0000,      1.3938,     42.5015,    246.8295,     62.1180,      3.4953,      0.1640,      0.1307,     15.2406,      0.2011,      5.5437,     11.0873,      1.7773,     28.1748,     56.3496,      0.0191,      0.0009,      0.2169,      0.2054,   7682.0679,-436817.3438,   -933.9017,    546.0743,  25606.8926,
       1,     167,     357,      12,       1,       3,       1,     10.0000,      1.3938,     42.5015,    246.8295,     62.1180,      3.4953,      0.1739,      0.1401,     17.8337,      0.2200,      5.5437,     11.0873,      1.9438,     28.1748,     56.3496,      0.0191,      0.0010,      0.2312,      0.2053,   7682.0679,-437939.3438,   -934.1277,    545.9984,  25606.8945,
       1,     167,     357,      13,       1,       3,       1,     10.0000,      1.3938,     42.5015,    246.8295,     62.1180,      3.4953,      0.1547,      0.1204,     10.8341,      0.2365,      5.5437,     11.0873,      2.0898,     28.1748,     56.3496,      0.0191,      0.0007,      0.2036,      0.2053,   7682.0688,-441244.5312,   -934.7838,    545.7728,  25606.8906,
       1,     167,     357,      14,       1,       3,       1,     10.0000,      1.3938,     42.5015,    246.8295,     62.1180,      3.4953,      0.1492,      0.1151,     12.4627,      0.2294,      5.5437,     11.0873,      2.0274,     28.1748,     56.3496,      0.0191,      0.0008,      0.1953,      0.2053,   7682.0674,-432856.1875,   -933.1126,    546.3451,  25606.8926,
       1,     167,     357,      15,       1,       3,       1,     10.0000,      1.3938,     42.5015,    246.8295,     62.1180,      3.4953,      0.1762,      0.1419,     64.9779,      0.2397,      5.5437,     11.0873,      2.1185,     28.1748,     56.3496,      0.0191,      0.0035,      0.2293,      0.2053,   7682.0679,-434163.6875,   -933.3768,    546.2561,  25606.8926,
       1,     167,     357,      16,       1,       3,       1,     10.0000,      1.3938,     42.5015,    246.8295,     62.1180,      3.4953,      0.1824,      0.1485,     77.7075,      0.2221,      5.5437,     11.0873,      1.9629,     28.1748,     56.3496,      0.0191,      0.0041,      0.2369,      0.2053,   7682.0679,-499306.2812,   -946.4667,    541.8080,  25606.8906,
       1,     167,     357,      17,       1,       3,       1,     10.0000,      1.3938,     42.5015,    246.8295,     62.1180,      3.4953,      0.1274,      0.0939,     62.0430,      0.2107,      5.5437,     11.0873,      1.8616,     28.1748,     56.3496,      0.0191,      0.0049,      0.1575,      0.2053,   7682.0674,-520645.8125,   -950.9513,    540.3809,  25606.8945,
       1,     167,     357,      18,       1,       3,       1,     10.0000,      1.3938,     42.5015,    246.8295,     62.1180,      3.4953,      0.1375,      0.1042,     76.1990,      0.2013,      5.5437,     11.0873,      1.7791,     28.1748,     56.3496,      0.0191,      0.0055,      0.1708,      0.2053,   7682.0688,-503005.1562,   -947.6697,    541.5743,  25606.8926,
       1,     167,     357,      19,       1,       3,       1,     10.0000,      1.3938,     42.5015,    246.8295,     62.1180,      3.4953,      0.0371,      0.0041,     13.0388,      0.1905,      5.5437,     11.0873,      1.6833,     28.1748,     56.3496,      0.0191,      0.0053,      0.0305,      0.2053,   7682.0679,-519067.6562,   -951.1333,    540.4883,  25606.8926,
       1,     167,     357,      20,       1,       3,       1,     10.0000,      1.3938,     42.5015,    246.8295,     62.1180,      3.4953,      0.0023,     -0.0304,      7.2652,      0.1815,      5.5437,     11.0873,      1.6034,     28.1748,     56.3496,      0.0191,      0.0058,      0.0156,      0.2053,   7682.0679,-442108.9062,   -935.7742,    545.6888,  25606.8926,
       1,     167,     357,      21,       1,       3,       1,     10.0000,      1.3938,     42.5015,    246.8295,     62.1180,      3.4953,      0.0000,     -0.0325,      6.9614,      0.1752,      5.5437,     11.0873,      1.5485,     28.1748,     56.3496,      0.0191,      0.0055,      0.0156,      0.2053,   7682.0679,-428539.6250,   -932.9881,    546.6394,  25606.8926,
       1,     167,     357,      22,       1,       3,       1,     10.0000,      1.3938,     42.5015,    246.8295,     62.1180,      3.4953,      0.0000,     -0.0322,      6.2858,      0.1676,      5.5437,     11.0873,      1.4805,     28.1748,     56.3496,      0.0191,      0.0050,      0.0156,      0.2053,   7682.0679,-426986.7500,   -932.6041,    546.7463,  25606.8945,
       1,     167,     357,      23,       1,       3,       1,     10.0000,      1.3938,     42.5015,    246.8295,     62.1180,      3.4953,      0.0000,     -0.0321,      5.4471,      0.1621,      5.5437,     11.0873,      1.4325,     28.1748,     56.3496,      0.0191,      0.0043,      0.0156,      0.2054,   7682.0688,-426017.6562,   -932.3426,    546.8127,  25606.8926,
       1,     167,     357,      24,       1,       3,       1,     10.0000,      1.3938,     42.5015,    246.8295,     62.1180,      3.4953,      0.0000,     -0.0320,      4.4364,      0.1613,      5.5437,     11.0873,      1.4253,     28.1748,     56.3496,      0.0191,      0.0035,      0.0156,      0.2054,   7682.0679,-424897.0938,   -932.0613,    546.8892,  25606.8906,
       1,     167,     358,       1,       1,       3,       1,     10.0000,      1.3938,     42.5018,    246.8352,     62.1195,      3.4953,      0.0000,     -0.0319,      3.4060,      0.1565,      5.5438,     11.0876,      1.3831,     28.1725,     56.3450,      0.0191,      0.0027,      0.0156,      0.2054,   7682.0674,-423704.9688,   -932.0620,    546.9836,  25608.0312,
       1,     167,     358,       2,       1,       3,       1,     10.0000,      1.3938,     42.5018,    246.8352,     62.1195,      3.4953,      0.0000,     -0.0316,      3.1694,      0.1483,      5.5438,     11.0876,      1.3100,     28.1725,     56.3450,      0.0191,      0.0025,      0.0156,      0.2054,   7682.4097,-422176.6250,   -931.4403,    547.0881,  25608.0273,
       1,     167,     358,       3,       1,       3,       1,     10.0000,      1.3938,     42.5018,    246.8352,     62.1195,      3.4953,      0.0000,     -0.0316,      2.9223,      0.1487,      5.5438,     11.0876,      1.3140,     28.1725,     56.3450,      0.0191,      0.0023,      0.0156,      0.2054,   7682.4087,-421754.7188,   -931.3276,    547.1169,  25608.0293,
       1,     167,     358,       4,       1,       3,       1,     10.0000,      1.3938,     42.5018,    246.8352,     62.1195,      3.4953,      0.0000,     -0.0314,      2.2858,      0.1444,      5.5438,     11.0876,      1.2761,     28.1725,     56.3450,      0.0191,      0.0018,      0.0156,      0.2054,   7682.4092,-421413.0000,   -931.2324,    547.1403,  25608.0312,
       1,     167,     358,       5,       1,       3,       1,     10.0000,      1.3938,     42.5018,    246.8352,     62.1195,      3.4953,      0.0000,     -0.0314,      1.8706,      0.1421,      5.5438,     11.0876,      1.2557,     28.1725,     56.3450,      0.0191,      0.0015,      0.0156,      0.2054,   7682.4097,-420595.8750,   -931.0482,    547.1962,  25608.0293,
       1,     167,     358,       6,       1,       3,       1,     10.0000,      1.3938,     42.5018,    246.8352,     62.1195,      3.4953,      0.0000,     -0.0313,      1.3548,      0.1393,      5.5438,     11.0876,      1.2306,     28.1725,     56.3450,      0.0191,      0.0011,      0.0156,      0.2054,   7682.4092,-420012.8750,   -930.9181,    547.2360,  25608.0293,
       1,     167,     358,       7,       1,       3,       1,     10.0000,      1.3938,     42.5018,    246.8352,     62.1195,      3.4953,      0.0000,     -0.0315,      1.1404,      0.1446,      5.5438,     11.0876,      1.2774,     28.1725,     56.3450,      0.0191,      0.0009,      0.0156,      0.2054,   7682.4092,-419325.0000,   -930.7696,    547.2831,  25608.0312,
       1,     167,     358,       8,       1,       3,       1,     10.0000,      1.3938,     42.5018,    246.8352,     62.1195,      3.4953,      0.0013,     -0.0302,      1.0125,      0.1444,      5.5438,     11.0876,      1.2761,     28.1725,     56.3450,      0.0191,      0.0008,      0.0156,      0.2054,   7682.4097,-419000.9688,   -930.6958,    547.3052,  25608.0293,
       1,     167,     358,       9,       1,       3,       1,     10.0000,      1.3938,     42.5018,    246.8352,     62.1195,      3.4953,      0.0501,      0.0186,      1.6887,      0.1456,      5.5438,     11.0876,      1.2865,     28.1725,     56.3450,      0.0191,      0.0004,      0.0524,      0.2054,   7682.4092,-418815.5625,   -930.6533,    547.3180,  25608.0293,
       1,     167,     358,      10,       1,       3,       1,     10.0000,      1.3938,     42.5018,    246.8352,     62.1195,      3.4953,      0.1455,      0.1130,      7.4445,      0.1752,      5.5438,     11.0876,      1.5485,     28.1725,     56.3450,      0.0191,      0.0005,      0.1905,      0.2054,   7682.4092,-419636.8750,   -930.8064,    547.2618,  25608.0293,
       1,     167,     358,      11,       1,       3,       1,     10.0000,      1.3938,     42.5018,    246.8352,     62.1195,      3.4953,      0.1720,      0.1389,      9.6404,      0.1958,      5.5438,     11.0876,      1.7306,     28.1725,     56.3450,      0.0191,      0.0005,      0.2292,      0.2054,   7682.4092,-426831.7812,   -932.2253,    546.7696,  25608.0293,
       1,     167,     358,      12,       1,       3,       1,     10.0000,      1.3938,     42.5018,    246.8352,     62.1195,      3.4953,      0.1789,      0.1451,     14.6069,      0.2198,      5.5438,     11.0876,      1.9419,     28.1725,     56.3450,      0.0191,      0.0008,      0.2390,      0.2054,   7682.4092,-430160.4375,   -932.8513,    546.5423,  25608.0293,
       1,     167,     358,      13,       1,       3,       1,     10.0000,      1.3938,     42.5018,    246.8352,     62.1195,      3.4953,      0.1865,      0.1525,     16.5955,      0.2268,      5.5438,     11.0876,      2.0038,     28.1725,     56.3450,      0.0191,      0.0008,      0.2500,      0.2054,   7682.4092,-436591.3438,   -934.0887,    546.1031,  25608.0293,
       1,     167,     358,      14,       1,       3,       1,     10.0000,      1.3938,     42.5018,    246.8352,     62.1195,      3.4953,      0.1864,      0.1521,     16.6853,      0.2391,      5.5438,     11.0876,      2.1124,     28.1725,     56.3450,      0.0191,      0.0008,      0.2500,      0.2054,   7682.4092,-439598.2812,   -934.6065,    545.8980,  25608.0293,
       1,     167,     358,      15,       1,       3,       1,     10.0000,      1.3938,     42.5018,    246.8352,     62.1195,      3.4953,      0.1893,      0.1550,     54.2976,      0.2395,      5.5438,     11.0876,      2.1165,     28.1725,     56.3450,      0.0191,      0.0027,      0.2500,      0.2054,   7682.4092,-439963.7812,   -934.5746,    545.8730,  25608.0293,
       1,     167,     358,      16,       1,       3,       1,     10.0000,      1.3938,     42.5018,    246.8352,     62.1195,      3.4953,      0.1669,      0.1327,     69.7758,      0.2328,      5.5438,     11.0876,      2.0574,     28.1725,     56.3450,      0.0191,      0.0040,      0.2149,      0.2054,   7682.4092,-486570.4688,   -943.9984,    542.6929,  25608.0293,
       1,     167,     358,      17,       1,       3,       1,     10.0000,      1.3938,     42.5018,    246.8352,     62.1195,      3.4953,      0.1743,      0.1404,     91.0717,      0.2246,      5.5438,     11.0876,      1.9843,     28.1725,     56.3450,      0.0191,      0.0050,      0.2234,      0.2053,   7682.4092,-509717.1562,   -948.8412,    541.1320,  25608.0293,
       1,     167,     358,      18,       1,       3,       1,     10.0000,      1.3938,     42.5018,    246.8352,     62.1195,      3.4953,      0.1514,      0.1177,     85.4542,      0.2140,      5.5438,     11.0876,      1.8911,     28.1725,     56.3450,      0.0191,      0.0056,      0.1902,      0.2053,   7682.4092,-538064.6250,   -954.8284,    539.2167,  25608.0273,
       1,     167,     358,      19,       1,       3,       1,     10.0000,      1.3938,     42.5018,    246.8352,     62.1195,      3.4953,      0.0773,      0.0442,     41.9708,      0.1945,      5.5438,     11.0876,      1.7186,     28.1725,     56.3450,      0.0191,      0.0060,      0.0862,      0.2053,   7682.4087,-533496.5625,   -954.2004,    539.5280,  25608.0312,
       1,     167,     358,      20,       1,       3,       1,     10.0000,      1.3938,     42.5018,    246.8352,     62.1195,      3.4953,      0.0038,     -0.0289,      7.6310,      0.1800,      5.5438,     11.0876,      1.5907,     28.1725,     56.3450,      0.0191,      0.0060,      0.0156,      0.2053,   7682.4097,-479183.5312,   -943.3392,    543.1910,  25608.0293,
       1,     167,     358,      21,       1,       3,       1,     10.0000,      1.3938,     42.5018,    246.8352,     62.1195,      3.4953,      0.0000,     -0.0324,      7.3327,      0.1709,      5.5438,     11.0876,      1.5104,     28.1725,     56.3450,      0.0191,      0.0058,      0.0156,      0.2053,   7682.4092,-432094.9688,   -933.7393,    546.4008,  25608.0293,
       1,     167,     358,      22,       1,       3,       1,     10.0000,      1.3938,     42.5018,    246.8352,     62.1195,      3.4953,      0.0000,     -0.0321,      6.9929,      0.1618,      5.5438,     11.0876,      1.4296,     28.1725,     56.3450,      0.0191,      0.0055,      0.0156,      0.2054,   7682.4092,-427760.1250,   -932.7761,    546.7063,  25608.0273,
       1,     167,     358,      23,       1,       3,       1,     10.0000,      1.3938,     42.5018,    246.8352,     62.1195,      3.4953,      0.0000,     -0.0319,      5.8287,      0.1565,      5.5438,     11.0876,      1.3831,     28.1725,     56.3450,      0.0191,      0.0046,      0.0156,      0.2054,   7682.4087,-426961.2812,   -932.5359,    546.7610,  25608.0312,
       1,     167,     358,      24,       1,       3,       1,     10.0000,      1.3938,     42.5018,    246.8352,     62.1195,      3.4953,      0.0000,     -0.0318,      4.7069,      0.1542,      5.5438,     11.0876,      1.3624,     28.1725,     56.3450,      0.0191,      0.0037,      0.0156,      0.2054,   7682.4097,-425451.6875,   -932.1644,    546.8642,  25608.0273,
       1,     167,     359,       1,       1,       3,       1,     10.0000,      1.3939,     42.5022,    246.8410,     62.1209,      3.4953,      0.0000,     -0.0316,      3.8101,      0.1499,      5.5437,     11.0875,      1.3247,     28.1746,     56.3492,      0.0191,      0.0030,      0.0156,      0.2054,   7682.4087,-424089.0312,   -932.1245,    546.9700,  25609.1660,
       1,     167,     359,       2,       1,       3,       1,     10.0000,      1.3939,     42.5022,    246.8410,     62.1209,      3.4953,      0.0000,     -0.0315,      3.1268,      0.1463,      5.5437,     11.0875,      1.2930,     28.1746,     56.3492,      0.0191,      0.0025,      0.0156,      0.2054,   7682.7500,-422712.3125,   -931.5209,    547.0641,  25609.1641,
       1,     167,     359,       3,       1,       3,       1,     10.0000,      1.3939,     42.5022,    246.8410,     62.1209,      3.4953,      0.0000,     -0.0315,      2.6101,      0.1449,      5.5437,     11.0875,      1.2800,     28.1746,     56.3492,      0.0191,      0.0021,      0.0156,      0.2054,   7682.7495,-421750.2812,   -931.2945,    547.1300,  25609.1660,
       1,     167,     359,       4,       1,       3,       1,     10.0000,      1.3939,     42.5022,    246.8410,     62.1209,      3.4953,      0.0000,     -0.0314,      2.2092,      0.1443,      5.5437,     11.0875,      1.2749,     28.1746,     56.3492,      0.0191,      0.0017,      0.0156,      0.2054,   7682.7500,-421028.9375,   -931.1203,    547.1794,  25609.1660,
       1,     167,     359,       5,       1,       3,       1,     10.0000,      1.3939,     42.5022,    246.8410,     62.1209,      3.4953,      0.0000,     -0.0315,      1.9570,      0.1456,      5.5437,     11.0875,      1.2865,     28.1746,     56.3492,      0.0191,      0.0015,      0.0156,      0.2054,   7682.7500,-420471.4688,   -930.9856,    547.2175,  25609.1641,
       1,     167,     359,       6,       1,       3,       1,     10.0000,      1.3939,     42.5022,    246.8410,     62.1209,      3.4953,      0.0000,     -0.0315,      1.5725,      0.1457,      5.5437,     11.0875,      1.2878,     28.1746,     56.3492,      0.0191,      0.0012,      0.0156,      0.2054,   7682.7495,-420112.4062,   -930.8936,    547.2421,  25609.1680,
       1,     167,     359,       7,       1,       3,       1,     10.0000,      1.3939,     42.5022,    246.8410,     62.1209,      3.4953,      0.0000,     -0.0316,      1.2434,      0.1486,      5.5437,     11.0875,      1.3127,     28.1746,     56.3492,      0.0191,      0.0010,      0.0156,      0.2054,   7682.7505,-419605.3125,   -930.7746,    547.2767,  25609.1680,
       1,     167,     359,       8,       1,       3,       1,     10.0000,      1.3939,     42.5022,    246.8410,     62.1209,      3.4953,      0.0014,     -0.0303,      1.3605,      0.1531,      5.5437,     11.0875,      1.3529,     28.1746,     56.3492,      0.0191,      0.0011,      0.0156,      0.2054,   7682.7505,-419155.2500,   -930.6727,    547.3075,  25609.1680,
       1,     167,     359,       9,       1,       3,       1,     10.0000,      1.3939,     42.5022,    246.8410,     62.1209,      3.4953,      0.0928,      0.0607,     11.3150,      0.1624,      5.5437,     11.0875,      1.4354,     28.1746,     56.3492,      0.0191,      0.0012,      0.1131,      0.2054,   7682.7505,-419262.0312,   -930.6831,    547.3002,  25609.1660,
       1,     167,     359,      10,       1,       3,       1,     10.0000,      1.3939,     42.5022,    246.8410,     62.1209,      3.4953,      0.1544,      0.1217,     25.3160,      0.1800,      5.5437,     11.0875,      1.5908,     28.1746,     56.3492,      0.0191,      0.0016,      0.2014,      0.2054,   7682.7500,-431593.0625,   -933.1957,    546.4565,  25609.1660,
       1,     167,     359,      11,       1,       3,       1,     10.0000,      1.3939,     42.5022,    246.8410,     62.1209,      3.4953,      0.1583,      0.1254,     37.5970,      0.1853,      5.5437,     11.0875,      1.6372,     28.1746,     56.3492,      0.0191,      0.0023,      0.2057,      0.2054,   7682.7500,-449972.4688,   -936.9487,    545.2018,  25609.1660,
       1,     167,     359,      12,       1,       3,       1,     10.0000,      1.3939,     42.5022,    246.8410,     62.1209,      3.4953,      0.1882,      0.1547,     36.1769,      0.2078,      5.5437,     11.0875,      1.8362,     28.1746,     56.3492,      0.0191,      0.0018,      0.2500,      0.2054,   7682.7500,-466738.6250,   -940.4179,    544.0607,  25609.1660,
       1,     167,     359,      13,       1,       3,       1,     10.0000,      1.3939,     42.5022,    246.8410,     62.1209,      3.4953,      0.1884,      0.1542,     42.1491,      0.2342,      5.5437,     11.0875,      2.0696,     28.1746,     56.3492,      0.0191,      0.0021,      0.2500,      0.2054,   7682.7500,-466398.1562,   -940.3437,    544.0850,  25609.1680,
       1,     167,     359,      14,       1,       3,       1,     10.0000,      1.3939,     42.5022,    246.8410,     62.1209,      3.4953,      0.1771,      0.1428,     48.8365,      0.2367,      5.5437,     11.0875,      2.0919,     28.1746,     56.3492,      0.0191,      0.0026,      0.2324,      0.2054,   7682.7505,-473765.0312,   -941.8507,    543.5839,  25609.1641,
       1,     167,     359,      15,       1,       3,       1,     10.0000,      1.3939,     42.5022,    246.8410,     62.1209,      3.4953,      0.1896,      0.1554,     64.2005,      0.2351,      5.5437,     11.0875,      2.0777,     28.1746,     56.3492,      0.0191,      0.0032,      0.2492,      0.2054,   7682.7495,-482672.7812,   -943.7551,    542.9789,  25609.1660,
       1,     167,     359,      16,       1,       3,       1,     10.0000,      1.3939,     42.5022,    246.8410,     62.1209,      3.4953,      0.1847,      0.1505,     74.3250,      0.2322,      5.5437,     11.0875,      2.0514,     28.1746,     56.3492,      0.0191,      0.0038,      0.2407,      0.2053,   7682.7500,-502460.6562,   -947.9104,    541.6362,  25609.1641,
       1,     167,     359,      17,       1,       3,       1,     10.0000,      1.3939,     42.5022,    246.8410,     62.1209,      3.4953,      0.1665,      0.1328,     84.0166,      0.2183,      5.5437,     11.0875,      1.9287,     28.1746,     56.3492,      0.0191,      0.0049,      0.2127,      0.2053,   7682.7495,-516682.8750,   -951.0045,    540.6749,  25609.1660,
       1,     167,     359,      18,       1,       3,       1,     10.0000,      1.3939,     42.5022,    246.8410,     62.1209,      3.4953,      0.1499,      0.1165,     92.3430,      0.2027,      5.5437,     11.0875,      1.7915,     28.1746,     56.3492,      0.0191,      0.0061,      0.1871,      0.2053,   7682.7500,-529896.6875,   -953.9765,    539.7828,  25609.1680,
       1,     167,     359,      19,       1,       3,       1,     10.0000,      1.3939,     42.5022,    246.8410,     62.1209,      3.4953,      0.0883,      0.0553,     48.8234,      0.1894,      5.5437,     11.0875,      1.6734,     28.1746,     56.3492,      0.0191,      0.0059,      0.1016,      0.2053,   7682.7505,-541335.3750,   -956.6391,    539.0116,  25609.1660,
       1,     167,     359,      20,       1,       3,       1,     10.0000,      1.3939,     42.5022,    246.8410,     62.1209,      3.4953,      0.0050,     -0.0275,      7.3839,      0.1760,      5.5437,     11.0875,      1.5548,     28.1746,     56.3492,      0.0191,      0.0058,      0.0156,      0.2053,   7682.7500,-488332.0312,   -945.9616,    542.5834,  25609.1660,
       1,     167,     359,      21,       1,       3,       1,     10.0000,      1.3939,     42.5022,    246.8410,     62.1209,      3.4953,      0.0000,     -0.0323,      6.8266,      0.1686,      5.5437,     11.0875,      1.4895,     28.1746,     56.3492,      0.0191,      0.0054,      0.0156,      0.2053,   7682.7500,-432554.5000,   -934.4835,    546.3783,  25609.1660,
       1,     167,     359,      22,       1,       3,       1,     10.0000,      1.3939,     42.5022,    246.8410,     62.1209,      3.4953,      0.0000,     -0.0322,      6.1585,      0.1671,      5.5437,     11.0875,      1.4762,     28.1746,     56.3492,      0.0191,      0.0049,      0.0156,      0.2054,   7682.7500,-427179.0312,   -933.3113,    546.7587,  25609.1660,
       1,     167,     359,      23,       1,       3,       1,     10.0000,      1.3939,     42.5022,    246.8410,     62.1209,      3.4953,      0.0000,     -0.0321,      5.1244,      0.1628,      5.5437,     11.0875,      1.4383,     28.1746,     56.3492,      0.0191,      0.0041,      0.0156,      0.2054,   7682.7500,-425881.1562,   -932.9836,    546.8475,  25609.1660,
       1,     167,     359,      24,       1,       3,       1,     10.0000,      1.3939,     42.5022,    246.8410,     62.1209,      3.4953,      0.0000,     -0.0322,      4.4716,      0.1657,      5.5437,     11.0875,      1.4644,     28.1746,     56.3492,      0.0191,      0.0035,      0.0156,      0.2054,   7682.7500,-424490.9688,   -932.6483,    546.9426,  25609.1660,
       1,     167,     360,       1,       1,       3,       1,     10.0000,      1.3939,     42.5025,    246.8468,     62.1223,      3.4953,      0.0000,     -0.0322,      3.9355,      0.1669,      5.5439,     11.0878,      1.4747,     28.1783,     56.3566,      0.0191,      0.0031,      0.0156,      0.2054,   7682.7500,-423718.7188,   -932.7372,    547.0081,  25610.3047,
       1,     167,     360,       2,       1,       3,       1,     10.0000,      1.3939,     42.5025,    246.8468,     62.1223,      3.4953,      0.0000,     -0.0323,      3.5440,      0.1684,      5.5439,     11.0878,      1.4881,     28.1783,     56.3566,      0.0191,      0.0028,      0.0156,      0.2054,   7683.0918,-422838.2812,   -932.2324,    547.0683,  25610.3047,
       1,     167,     360,       3,       1,       3,       1,     10.0000,      1.3939,     42.5025,    246.8468,     62.1223,      3.4953,      0.0000,     -0.0323,      3.1269,      0.1677,      5.5439,     11.0878,      1.4821,     28.1783,     56.3566,      0.0191,      0.0025,      0.0156,      0.2054,   7683.0918,-422279.2812,   -932.0854,    547.1066,  25610.3027,
       1,     167,     360,       4,       1,       3,       1,     10.0000,      1.3939,     42.5025,    246.8468,     62.1223,      3.4953,      0.0000,     -0.0321,      2.6779,      0.1624,      5.5439,     11.0878,      1.4354,     28.1783,     56.3566,      0.0191,      0.0021,      0.0156,      0.2054,   7683.0913,-421716.0312,   -931.9429,    547.1451,  25610.3008,
       1,     167,     360,       5,       1,       3,       1,     10.0000,      1.3939,     42.5025,    246.8468,     62.1223,      3.4953,      0.0000,     -0.0318,      2.8479,      0.1551,      5.5439,     11.0878,      1.3707,     28.1783,     56.3566,      0.0191,      0.0023,      0.0156,      0.2054,   7683.0903,-421112.8125,   -931.7964,    547.1863,  25610.3027,
       1,     167,     360,       6,       1,       3,       1,     10.0000,      1.3939,     42.5025,    246.8468,     62.1223,      3.4953,      0.0000,     -0.0318,      2.8482,      0.1540,      5.5439,     11.0878,      1.3611,     28.1783,     56.3566,      0.0191,      0.0023,      0.0156,      0.2054,   7683.0913,-421271.9688,   -931.8050,    547.1755,  25610.3027,
       1,     167,     360,       7,       1,       3,       1,     10.0000,      1.3939,     42.5025,    246.8468,     62.1223,      3.4953,      0.0000,     -0.0317,      2.9676,      0.1510,      5.5439,     11.0878,      1.3341,     28.1783,     56.3566,      0.0191,      0.0023,      0.0156,      0.2054,   7683.0913,-421285.7812,   -931.7839,    547.1746,  25610.3027,
       1,     167,     360,       8,       1,       3,       1,     10.0000,      1.3939,     42.5025,    246.8468,     62.1223,      3.4953,      0.0025,     -0.0290,      3.0608,      0.1459,      5.5439,     11.0878,      1.2891,     28.1783,     56.3566,      0.0191,      0.0024,      0.0156,      0.2054,   7683.0913,-421434.7500,   -931.7908,    547.1644,  25610.3027,
       1,     167,     360,       9,       1,       3,       1,     10.0000,      1.3939,     42.5025,    246.8468,     62.1223,      3.4953,      0.0559,      0.0242,     10.6333,      0.1507,      5.5439,     11.0878,      1.3314,     28.1783,     56.3566,      0.0191,      0.0022,      0.0596,      0.2054,   7683.0913,-421562.6250,   -931.7934,    547.1555,  25610.3027,
       1,     167,     360,      10,       1,       3,       1,     10.0000,      1.3939,     42.5025,    246.8468,     62.1223,      3.4953,      0.1604,      0.1278,     37.7696,      0.1767,      5.5439,     11.0878,      1.5610,     28.1783,     56.3566,      0.0191,      0.0022,      0.2088,      0.2054,   7683.0913,-430946.0312,   -933.7213,    546.5137,  25610.3047,
       1,     167,     360,      11,       1,       3,       1,     10.0000,      1.3939,     42.5025,    246.8468,     62.1223,      3.4953,      0.1821,      0.1491,     44.0343,      0.1934,      5.5439,     11.0878,      1.7086,     28.1783,     56.3566,      0.0191,      0.0023,      0.2401,      0.2054,   7683.0918,-465332.0625,   -940.8557,    544.1650,  25610.3027,
       1,     167,     360,      12,       1,       3,       1,     10.0000,      1.3939,     42.5025,    246.8468,     62.1223,      3.4953,      0.1834,      0.1497,     38.5789,      0.2159,      5.5439,     11.0878,      1.9080,     28.1783,     56.3566,      0.0191,      0.0020,      0.2428,      0.2054,   7683.0913,-476013.0938,   -943.1304,    543.4436,  25610.3027,
       1,     167,     360,      13,       1,       3,       1,     10.0000,      1.3939,     42.5025,    246.8468,     62.1223,      3.4953,      0.1871,      0.1532,     35.7307,      0.2196,      5.5439,     11.0878,      1.9401,     28.1783,     56.3566,      0.0191,      0.0018,      0.2485,      0.2054,   7683.0913,-470152.6250,   -941.9893,    543.8422,  25610.3027,
       1,     167,     360,      14,       1,       3,       1,     10.0000,      1.3939,     42.5025,    246.8468,     62.1223,      3.4953,      0.1882,      0.1543,     38.5813,      0.2233,      5.5439,     11.0878,      1.9727,     28.1783,     56.3566,      0.0191,      0.0019,      0.2500,      0.2054,   7683.0913,-466130.0625,   -941.2108,    544.1158,  25610.3027,
       1,     167,     360,      15,       1,       3,       1,     10.0000,      1.3939,     42.5025,    246.8468,     62.1223,      3.4953,      0.1825,      0.1485,     68.1054,      0.2263,      5.5439,     11.0878,      2.0000,     28.1783,     56.3566,      0.0191,      0.0035,      0.2382,      0.2054,   7683.0913,-469320.8438,   -941.9127,    543.8989,  25610.3047,
       1,     167,     360,      16,       1,       3,       1,     10.0000,      1.3939,     42.5025,    246.8468,     62.1223,      3.4953,      0.1766,      0.1428,     82.8302,      0.2183,      5.5439,     11.0878,      1.9287,     28.1783,     56.3566,      0.0191,      0.0045,      0.2276,      0.2054,   7683.0918,-506157.2188,   -949.6760,    541.3945,  25610.3027,
       1,     167,     360,      17,       1,       3,       1,     10.0000,      1.3939,     42.5025,    246.8468,     62.1223,      3.4953,      0.1638,      0.1302,     97.8391,      0.2101,      5.5439,     11.0878,      1.8562,     28.1783,     56.3566,      0.0191,      0.0058,      0.2070,      0.2053,   7683.0913,-527532.3125,   -954.3560,    539.9537,  25610.3027,
       1,     167,     360,      18,       1,       3,       1,     10.0000,      1.3939,     42.5025,    246.8468,     62.1223,      3.4953,      0.1546,      0.1214,     93.1142,      0.1984,      5.5439,     11.0878,      1.7530,     28.1783,     56.3566,      0.0191,      0.0059,      0.1939,      0.2053,   7683.0913,-547939.9375,   -958.9272,    538.5782,  25610.3008,
       1,     167,     360,      19,       1,       3,       1,     10.0000,      1.3939,     42.5025,    246.8468,     62.1223,      3.4953,      0.0642,      0.0314,     29.8795,      0.1853,      5.5439,     11.0878,      1.6373,     28.1783,     56.3566,      0.0191,      0.0054,      0.0686,      0.2053,   7683.0903,-543804.3750,   -958.4456,    538.8584,  25610.3027,
       1,     167,     360,      20,       1,       3,       1,     10.0000,      1.3939,     42.5025,    246.8468,     62.1223,      3.4953,      0.0042,     -0.0283,      6.6494,      0.1742,      5.5439,     11.0878,      1.5394,     28.1783,     56.3566,      0.0191,      0.0053,      0.0156,      0.2053,   7683.0913,-465041.7500,   -942.2720,    544.1638,  25610.3008,
       1,     167,     360,      21,       1,       3,       1,     10.0000,      1.3939,     42.5025,    246.8468,     62.1223,      3.4953,      0.0000,     -0.0323,      6.2764,      0.1682,      5.5439,     11.0878,      1.4866,     28.1783,     56.3566,      0.0191,      0.0050,      0.0156,      0.2054,   7683.0903,-429714.0625,   -934.9115,    546.5929,  25610.3008,
       1,     167,     360,      22,       1,       3,       1,     10.0000,      1.3939,     42.5025,    246.8468,     62.1223,      3.4953,      0.0000,     -0.0322,      5.7230,      0.1657,      5.5439,     11.0878,      1.4645,     28.1783,     56.3566,      0.0191,      0.0045,      0.0156,      0.2054,   7683.0903,-426250.4062,   -934.1475,    546.8350,  25610.2988,
       1,     167,     360,      23,       1,       3,       1,     10.0000,      1.3939,     42.5025,    246.8468,     62.1223,      3.4953,      0.0000,     -0.0320,      5.2460,      0.1608,      5.5439,     11.0878,      1.4211,     28.1783,     56.3566,      0.0191,      0.0042,      0.0156,      0.2054,   7683.0898,-425265.9375,   -933.9048,    546.9023,  25610.3008,
       1,     167,     360,      24,       1,       3,       1,     10.0000,      1.3939,     42.5025,    246.8468,     62.1223,      3.4953,      0.0000,     -0.0320,      4.4028,      0.1594,      5.5439,     11.0878,      1.4084,     28.1783,     56.3566,      0.0191,      0.0035,      0.0156,      0.2054,   7683.0903,-424591.9062,   -933.7295,    546.9484,  25610.3008,
       1,     167,     361,       1,       1,       3,       1,     10.0000,      1.3939,     42.5028,    246.8526,     62.1238,      3.4953,      0.0000,     -0.0319,      3.6036,      0.1581,      5.5439,     11.0878,      1.3972,     28.1809,     56.3619,      0.0191,      0.0029,      0.0156,      0.2055,   7683.0903,-423644.9062,   -933.7968,    547.0259,  25611.4395,
       1,     167,     361,       2,       1,       3,       1,     10.0000,      1.3939,     42.5028,    246.8526,     62.1238,      3.4953,      0.0000,     -0.0320,      2.9778,      0.1608,      5.5439,     11.0878,      1.4212,     28.1809,     56.3619,      0.0191,      0.0024,      0.0156,      0.2055,   7683.4321,-422424.3125,   -933.2292,    547.1094,  25611.4395,
       1,     167,     361,       3,       1,       3,       1,     10.0000,      1.3939,     42.5028,    246.8526,     62.1238,      3.4953,      0.0000,     -0.0320,      2.9142,      0.1608,      5.5439,     11.0878,      1.4212,     28.1809,     56.3619,      0.0191,      0.0023,      0.0156,      0.2055,   7683.4321,-421546.4375,   -933.0281,    547.1695,  25611.4395,
       1,     167,     361,       4,       1,       3,       1,     10.0000,      1.3939,     42.5028,    246.8526,     62.1238,      3.4953,      0.0000,     -0.0319,      2.6353,      0.1581,      5.5439,     11.0878,      1.3972,     28.1809,     56.3619,      0.0191,      0.0021,      0.0156,      0.2055,   7683.4321,-421393.4375,   -932.9792,    547.1799,  25611.4395,
       1,     167,     361,       5,       1,       3,       1,     10.0000,      1.3939,     42.5028,    246.8526,     62.1238,      3.4953,      0.0000,     -0.0318,      2.6171,      0.1553,      5.5439,     11.0878,      1.3722,     28.1809,     56.3619,      0.0191,      0.0021,      0.0156,      0.2055,   7683.4321,-421035.3125,   -932.8896,    547.2044,  25611.4395,
       1,     167,     361,       6,       1,       3,       1,     10.0000,      1.3939,     42.5028,    246.8526,     62.1238,      3.4953,      0.0000,     -0.0319,      2.5357,      0.1570,      5.5439,     11.0878,      1.3874,     28.1809,     56.3619,      0.0191,      0.0020,      0.0156,      0.2055,   7683.4321,-420982.5312,   -932.8646,    547.2080,  25611.4395,
       1,     167,     361,       7,       1,       3,       1,     10.0000,      1.3939,     42.5028,    246.8526,     62.1238,      3.4953,      0.0000,     -0.0319,      2.8053,      0.1565,      5.5439,     11.0878,      1.3832,     28.1809,     56.3619,      0.0191,      0.0022,      0.0156,      0.2055,   7683.4321,-420877.3750,   -932.8292,    547.2152,  25611.4375,
       1,     167,     361,       8,       1,       3,       1,     10.0000,      1.3939,     42.5028,    246.8526,     62.1238,      3.4953,      0.0014,     -0.0304,      2.9233,      0.1547,      5.5439,     11.0878,      1.3667,     28.1809,     56.3619,      0.0191,      0.0023,      0.0156,      0.2055,   7683.4316,-421202.1875,   -932.8821,    547.1930,  25611.4395,
       1,     167,     361,       9,       1,       3,       1,     10.0000,      1.3939,     42.5028,    246.8526,     62.1238,      3.4953,      0.0731,      0.0411,     14.5038,      0.1594,      5.5439,     11.0878,      1.4084,     28.1809,     56.3619,      0.0191,      0.0021,      0.0840,      0.2055,   7683.4321,-421375.5625,   -932.9014,    547.1811,  25611.4395,
       1,     167,     361,      10,       1,       3,       1,     10.0000,      1.3939,     42.5028,    246.8526,     62.1238,      3.4953,      0.1548,      0.1222,     34.3582,      0.1772,      5.5439,     11.0878,      1.5657,     28.1809,     56.3619,      0.0191,      0.0021,      0.2010,      0.2055,   7683.4321,-435721.7812,   -935.9038,    546.2000,  25611.4375,
       1,     167,     361,      11,       1,       3,       1,     10.0000,      1.3939,     42.5028,    246.8526,     62.1238,      3.4953,      0.1827,      0.1497,     46.4513,      0.1911,      5.5439,     11.0878,      1.6884,     28.1809,     56.3619,      0.0191,      0.0024,      0.2406,      0.2054,   7683.4316,-461514.2500,   -941.3313,    544.4398,  25611.4395,
       1,     167,     361,      12,       1,       3,       1,     10.0000,      1.3939,     42.5028,    246.8526,     62.1238,      3.4953,      0.1719,      0.1385,     45.7492,      0.2052,      5.5439,     11.0878,      1.8129,     28.1809,     56.3619,      0.0191,      0.0025,      0.2249,      0.2054,   7683.4321,-478676.5312,   -945.0044,    543.2747,  25611.4395,
       1,     167,     361,      13,       1,       3,       1,     10.0000,      1.3939,     42.5028,    246.8526,     62.1238,      3.4953,      0.1825,      0.1489,     49.0731,      0.2145,      5.5439,     11.0878,      1.8950,     28.1809,     56.3619,      0.0191,      0.0025,      0.2403,      0.2054,   7683.4321,-479256.3125,   -945.2537,    543.2366,  25611.4375,
       1,     167,     361,      14,       1,       3,       1,     10.0000,      1.3939,     42.5028,    246.8526,     62.1238,      3.4953,      0.1801,      0.1462,     51.0918,      0.2237,      5.5439,     11.0878,      1.9766,     28.1809,     56.3619,      0.0191,      0.0027,      0.2365,      0.2054,   7683.4316,-483420.8125,   -946.2535,    542.9537,  25611.4355,
       1,     167,     361,      15,       1,       3,       1,     10.0000,      1.3939,     42.5028,    246.8526,     62.1238,      3.4953,      0.1829,      0.1491,     69.9257,      0.2166,      5.5439,     11.0878,      1.9137,     28.1809,     56.3619,      0.0191,      0.0036,      0.2384,      0.2054,   7683.4312,-486273.2500,   -946.9886,    542.7602,  25611.4355,
       1,     167,     361,      16,       1,       3,       1,     10.0000,      1.3939,     42.5028,    246.8526,     62.1238,      3.4953,      0.1927,      0.1591,     95.7235,      0.2115,      5.5439,     11.0878,      1.8691,     28.1809,     56.3619,      0.0191,      0.0047,      0.2499,      0.2054,   7683.4312,-509844.1875,   -952.1106,    541.1611,  25611.4375,
       1,     167,     361,      17,       1,       3,       1,     10.0000,      1.3939,     42.5028,    246.8526,     62.1238,      3.4953,      0.1721,      0.1388,    100.9313,      0.2006,      5.5439,     11.0878,      1.7722,     28.1809,     56.3619,      0.0191,      0.0057,      0.2188,      0.2054,   7683.4316,-543808.0000,   -959.5091,    538.8660,  25611.4355,
       1,     167,     361,      18,       1,       3,       1,     10.0000,      1.3939,     42.5028,    246.8526,     62.1238,      3.4953,      0.1616,      0.1286,    101.4207,      0.1911,      5.5439,     11.0878,      1.6884,     28.1809,     56.3619,      0.0191,      0.0062,      0.2033,      0.2053,   7683.4312,-553141.1875,   -961.8622,    538.2421,  25611.4355,
       1,     167,     361,      19,       1,       3,       1,     10.0000,      1.3939,     42.5028,    246.8526,     62.1238,      3.4953,      0.0704,      0.0377,     40.7739,      0.1793,      5.5439,     11.0878,      1.5845,     28.1809,     56.3619,      0.0191,      0.0066,      0.0765,      0.2053,   7683.4312,-554529.8750,   -962.5798,    538.1490,  25611.4355,
       1,     167,     361,      20,       1,       3,       1,     10.0000,      1.3939,     42.5028,    246.8526,     62.1238,      3.4953,      0.0049,     -0.0273,      7.8938,      0.1664,      5.5439,     11.0878,      1.4704,     28.1809,     56.3619,      0.0191,      0.0062,      0.0156,      0.2053,   7683.4312,-479439.0000,   -947.0704,    543.2004,  25611.4375,
       1,     167,     361,      21,       1,       3,       1,     10.0000,      1.3939,     42.5028,    246.8526,     62.1238,      3.4953,      0.0000,     -0.0320,      7.6101,      0.1605,      5.5439,     11.0878,      1.4183,     28.1809,     56.3619,      0.0191,      0.0060,      0.0156,      0.2054,   7683.4316,-432460.6562,   -937.2135,    546.4140,  25611.4355,
       1,     167,     361,      22,       1,       3,       1,     10.0000,      1.3939,     42.5028,    246.8526,     62.1238,      3.4953,      0.0000,     -0.0320,      6.5000,      0.1591,      5.5439,     11.0878,      1.4056,     28.1809,     56.3619,      0.0191,      0.0051,      0.0156,      0.2054,   7683.4312,-428140.6875,   -936.2717,    546.7185,  25611.4355,
       1,     167,     361,      23,       1,       3,       1,     10.0000,      1.3939,     42.5028,    246.8526,     62.1238,      3.4953,      0.0000,     -0.0319,      6.4994,      0.1570,      5.5439,     11.0878,      1.3874,     28.1809,     56.3619,      0.0191,      0.0051,      0.0156,      0.2055,   7683.4312,-426389.8750,   -935.8755,    546.8383,  25611.4355,
       1,     167,     361,      24,       1,       3,       1,     10.0000,      1.3939,     42.5028,    246.8526,     62.1238,      3.4953,      0.0000,     -0.0318,      5.7991,      0.1556,      5.5439,     11.0878,      1.3749,     28.1809,     56.3619,      0.0191,      0.0046,      0.0156,      0.2055,   7683.4312,-426240.7812,   -935.8172,    546.8484,  25611.4336,
       1,     167,     362,       1,       1,       3,       1,     10.0000,      1.3939,     42.5032,    246.8584,     62.1253,      3.4953,      0.0000,     -0.0317,      4.1550,      0.1525,      5.5444,     11.0888,      1.3476,     28.1843,     56.3686,      0.0191,      0.0033,      0.0156,      0.2055,   7683.4302,-425515.5312,   -935.9371,    546.9109,  25612.5742,
       1,     167,     362,       2,       1,       3,       1,     10.0000,      1.3939,     42.5032,    246.8584,     62.1253,      3.4953,      0.0000,     -0.0318,      3.4105,      0.1534,      5.5444,     11.0888,      1.3557,     28.1843,     56.3686,      0.0191,      0.0027,      0.0156,      0.2055,   7683.7725,-423267.7188,   -935.1524,    547.0646,  25612.5742,
       1,     167,     362,       3,       1,       3,       1,     10.0000,      1.3939,     42.5032,    246.8584,     62.1253,      3.4953,      0.0000,     -0.0317,      3.0070,      0.1511,      5.5444,     11.0888,      1.3355,     28.1843,     56.3686,      0.0191,      0.0024,      0.0156,      0.2055,   7683.7725,-422156.2188,   -934.9050,    547.1407,  25612.5742,
       1,     167,     362,       4,       1,       3,       1,     10.0000,      1.3939,     42.5032,    246.8584,     62.1253,      3.4953,      0.0000,     -0.0316,      2.2962,      0.1489,      5.5444,     11.0888,      1.3154,     28.1843,     56.3686,      0.0191,      0.0018,      0.0156,      0.2055,   7683.7725,-421562.7812,   -934.7685,    547.1812,  25612.5742,
       1,     167,     362,       5,       1,       3,       1,     10.0000,      1.3939,     42.5032,    246.8584,     62.1253,      3.4953,      0.0000,     -0.0315,      2.1872,      0.1462,      5.5444,     11.0888,      1.2918,     28.1843,     56.3686,      0.0191,      0.0017,      0.0156,      0.2055,   7683.7725,-420633.0938,   -934.5638,    547.2448,  25612.5742,
       1,     167,     362,       6,       1,       3,       1,     10.0000,      1.3939,     42.5032,    246.8584,     62.1253,      3.4953,      0.0000,     -0.0314,      1.9350,      0.1421,      5.5444,     11.0888,      1.2558,     28.1843,     56.3686,      0.0191,      0.0015,      0.0156,      0.2055,   7683.7725,-420419.5625,   -934.5114,    547.2595,  25612.5762,
       1,     167,     362,       7,       1,       3,       1,     10.0000,      1.3939,     42.5032,    246.8584,     62.1253,      3.4953,      0.0000,     -0.0313,      1.9859,      0.1413,      5.5444,     11.0888,      1.2482,     28.1843,     56.3686,      0.0191,      0.0016,      0.0156,      0.2055,   7683.7729,-420089.2188,   -934.4348,    547.2820,  25612.5742,
       1,     167,     362,       8,       1,       3,       1,     10.0000,      1.3939,     42.5032,    246.8584,     62.1253,      3.4953,      0.0022,     -0.0293,      1.8412,      0.1443,      5.5444,     11.0888,      1.2750,     28.1843,     56.3686,      0.0191,      0.0015,      0.0156,      0.2055,   7683.7725,-420124.3438,   -934.4359,    547.2797,  25612.5742,
       1,     167,     362,       9,       1,       3,       1,     10.0000,      1.3939,     42.5032,    246.8584,     62.1253,      3.4953,      0.0770,      0.0454,     10.3518,      0.1478,      5.5444,     11.0888,      1.3062,     28.1843,     56.3686,      0.0191,      0.0014,      0.0904,      0.2055,   7683.7725,-419948.2812,   -934.3926,    547.2917,  25612.5742,
       1,     167,     362,      10,       1,       3,       1,     10.0000,      1.3939,     42.5032,    246.8584,     62.1253,      3.4953,      0.1547,      0.1223,     24.6422,      0.1730,      5.5444,     11.0888,      1.5288,     28.1843,     56.3686,      0.0191,      0.0015,      0.2020,      0.2055,   7683.7725,-430464.2188,   -936.6189,    546.5723,  25612.5742,
       1,     167,     362,      11,       1,       3,       1,     10.0000,      1.3939,     42.5032,    246.8584,     62.1253,      3.4953,      0.1823,      0.1493,     34.5200,      0.1934,      5.5444,     11.0888,      1.7086,     28.1843,     56.3686,      0.0191,      0.0018,      0.2415,      0.2055,   7683.7725,-449040.9062,   -940.5634,    545.3036,  25612.5723,
       1,     167,     362,      12,       1,       3,       1,     10.0000,      1.3939,     42.5032,    246.8584,     62.1253,      3.4953,      0.1878,      0.1543,     32.1404,      0.2099,      5.5444,     11.0888,      1.8545,     28.1843,     56.3686,      0.0191,      0.0016,      0.2500,      0.2055,   7683.7720,-462843.5625,   -943.5181,    544.3643,  25612.5723,
       1,     167,     362,      13,       1,       3,       1,     10.0000,      1.3939,     42.5032,    246.8584,     62.1253,      3.4953,      0.1883,      0.1543,     39.8047,      0.2261,      5.5444,     11.0888,      1.9981,     28.1843,     56.3686,      0.0191,      0.0020,      0.2500,      0.2054,   7683.7720,-461063.9375,   -943.1958,    544.4861,  25612.5703,
       1,     167,     362,      14,       1,       3,       1,     10.0000,      1.3939,     42.5032,    246.8584,     62.1253,      3.4953,      0.1889,      0.1548,     47.4476,      0.2304,      5.5444,     11.0888,      2.0356,     28.1843,     56.3686,      0.0191,      0.0023,      0.2500,      0.2054,   7683.7715,-470402.3438,   -945.2258,    543.8505,  25612.5723,
       1,     167,     362,      15,       1,       3,       1,     10.0000,      1.3939,     42.5032,    246.8584,     62.1253,      3.4953,      0.1911,      0.1570,     76.0205,      0.2310,      5.5444,     11.0888,      2.0416,     28.1843,     56.3686,      0.0191,      0.0038,      0.2500,      0.2054,   7683.7720,-480655.8125,   -947.4831,    543.1539,  25612.5723,
       1,     167,     362,      16,       1,       3,       1,     10.0000,      1.3939,     42.5032,    246.8584,     62.1253,      3.4953,      0.1905,      0.1566,     93.8619,      0.2233,      5.5444,     11.0888,      1.9728,     28.1843,     56.3686,      0.0191,      0.0047,      0.2470,      0.2054,   7683.7720,-516909.3125,   -955.3230,    540.6929,  25612.5703,
       1,     167,     362,      17,       1,       3,       1,     10.0000,      1.3939,     42.5032,    246.8584,     62.1253,      3.4953,      0.1766,      0.1429,    109.5755,      0.2162,      5.5444,     11.0888,      1.9100,     28.1843,     56.3686,      0.0191,      0.0060,      0.2246,      0.2054,   7683.7715,-542093.4375,   -960.9593,    538.9964,  25612.5723,
       1,     167,     362,      18,       1,       3,       1,     10.0000,      1.3939,     42.5032,    246.8584,     62.1253,      3.4953,      0.1494,      0.1162,    106.7820,      0.2000,      5.5444,     11.0888,      1.7670,     28.1843,     56.3686,      0.0191,      0.0071,      0.1848,      0.2054,   7683.7720,-563697.2500,   -965.9544,    537.5435,  25612.5723,
       1,     167,     362,      19,       1,       3,       1,     10.0000,      1.3939,     42.5032,    246.8584,     62.1253,      3.4953,      0.0831,      0.0503,     53.8819,      0.1860,      5.5444,     11.0888,      1.6439,     28.1843,     56.3686,      0.0191,      0.0071,      0.0935,      0.2053,   7683.7720,-562056.8125,   -966.0848,    537.6556,  25612.5723,
       1,     167,     362,      20,       1,       3,       1,     10.0000,      1.3939,     42.5032,    246.8584,     62.1253,      3.4953,      0.0050,     -0.0274,      8.8795,      0.1711,      5.5444,     11.0888,      1.5121,     28.1843,     56.3686,      0.0191,      0.0070,      0.0156,      0.2053,   7683.7720,-496314.8125,   -952.4807,    542.0740,  25612.5723,
       1,     167,     362,      21,       1,       3,       1,     10.0000,      1.3939,     42.5032,    246.8584,     62.1253,      3.4953,      0.0000,     -0.0321,      8.8330,      0.1638,      5.5444,     11.0888,      1.4471,     28.1843,     56.3686,      0.0191,      0.0070,      0.0156,      0.2054,   7683.7720,-435085.9375,   -939.5490,    546.2410,  25612.5723,
       1,     167,     362,      22,       1,       3,       1,     10.0000,      1.3939,     42.5032,    246.8584,     62.1253,      3.4953,      0.0000,     -0.0320,      8.4783,      0.1612,      5.5444,     11.0888,      1.4241,     28.1843,     56.3686,      0.0191,      0.0067,      0.0156,      0.2055,   7683.7720,-429886.2500,   -938.4225,    546.6121,  25612.5723,
       1,     167,     362,      23,       1,       3,       1,     10.0000,      1.3939,     42.5032,    246.8584,     62.1253,      3.4953,      0.0000,     -0.0319,      7.0568,      0.1564,      5.5444,     11.0888,      1.3819,     28.1843,     56.3686,      0.0191,      0.0056,      0.0156,      0.2055,   7683.7720,-428987.8750,   -938.2114,    546.6736,  25612.5723,
       1,     167,     362,      24,       1,       3,       1,     10.0000,      1.3939,     42.5032,    246.8584,     62.1253,      3.4953,      0.0000,     -0.0317,      5.7189,      0.1525,      5.5444,     11.0888,      1.3476,     28.1843,     56.3686,      0.0191,      0.0045,      0.0156,      0.2055,   7683.7720,-427152.5938,   -937.8050,    546.7990,  25612.5723,
       1,     167,     363,       1,       1,       3,       1,     10.0000,      1.3939,     42.5035,    246.8642,     62.1267,      3.4953,      0.0000,     -0.0316,      4.3741,      0.1489,      5.5443,     11.0886,      1.3155,     28.1888,     56.3776,      0.0191,      0.0035,      0.0156,      0.2055,   7683.7720,-425495.2500,   -937.7377,    546.9250,  25613.7090,
       1,     167,     363,       2,       1,       3,       1,     10.0000,      1.3939,     42.5035,    246.8642,     62.1267,      3.4953,      0.0000,     -0.0315,      3.4701,      0.1450,      5.5443,     11.0886,      1.2815,     28.1888,     56.3776,      0.0191,      0.0027,      0.0156,      0.2055,   7684.1128,-423539.7500,   -937.0159,    547.0588,  25613.7090,
       1,     167,     363,       3,       1,       3,       1,     10.0000,      1.3939,     42.5035,    246.8642,     62.1267,      3.4953,      0.0000,     -0.0315,      3.0594,      0.1469,      5.5443,     11.0886,      1.2984,     28.1888,     56.3776,      0.0191,      0.0024,      0.0156,      0.2055,   7684.1128,-422255.7500,   -936.7350,    547.1466,  25613.7090,
       1,     167,     363,       4,       1,       3,       1,     10.0000,      1.3939,     42.5035,    246.8642,     62.1267,      3.4953,      0.0000,     -0.0315,      2.3764,      0.1460,      5.5443,     11.0886,      1.2905,     28.1888,     56.3776,      0.0191,      0.0019,      0.0156,      0.2055,   7684.1128,-421638.8750,   -936.5970,    547.1888,  25613.7090,
       1,     167,     363,       5,       1,       3,       1,     10.0000,      1.3939,     42.5035,    246.8642,     62.1267,      3.4953,      0.0000,     -0.0315,      1.6944,      0.1450,      5.5443,     11.0886,      1.2815,     28.1888,     56.3776,      0.0191,      0.0013,      0.0156,      0.2055,   7684.1128,-420741.5938,   -936.4009,    547.2502,  25613.7090,
       1,     167,     363,       6,       1,       3,       1,     10.0000,      1.3939,     42.5035,    246.8642,     62.1267,      3.4953,      0.0000,     -0.0314,      1.4637,      0.1437,      5.5443,     11.0886,      1.2699,     28.1888,     56.3776,      0.0191,      0.0012,      0.0156,      0.2055,   7684.1128,-419821.8438,   -936.2016,    547.3131,  25613.7109,
       1,     167,     363,       7,       1,       3,       1,     10.0000,      1.3939,     42.5035,    246.8642,     62.1267,      3.4953,      0.0000,     -0.0313,      1.4973,      0.1410,      5.5443,     11.0886,      1.2457,     28.1888,     56.3776,      0.0191,      0.0012,      0.0156,      0.2055,   7684.1138,-419458.4688,   -936.1212,    547.3380,  25613.7090,
       1,     167,     363,       8,       1,       3,       1,     10.0000,      1.3939,     42.5035,    246.8642,     62.1267,      3.4953,      0.0020,     -0.0292,      1.6838,      0.1391,      5.5443,     11.0886,      1.2295,     28.1888,     56.3776,      0.0191,      0.0013,      0.0156,      0.2055,   7684.1128,-419469.4688,   -936.1215,    547.3372,  25613.7070,
       1,     167,     363,       9,       1,       3,       1,     10.0000,      1.3939,     42.5035,    246.8642,     62.1267,      3.4953,      0.0748,      0.0431,      7.9989,      0.1496,      5.5443,     11.0886,      1.3221,     28.1888,     56.3776,      0.0191,      0.0011,      0.0874,      0.2055,   7684.1123,-419701.4375,   -936.1688,    547.3213,  25613.7090,
       1,     167,     363,      10,       1,       3,       1,     10.0000,      1.3939,     42.5035,    246.8642,     62.1267,      3.4953,      0.1558,      0.1233,     16.9122,      0.1768,      5.5443,     11.0886,      1.5627,     28.1888,     56.3776,      0.0191,      0.0010,      0.2045,      0.2055,   7684.1128,-427534.0938,   -937.8435,    546.7855,  25613.7090,
       1,     167,     363,      11,       1,       3,       1,     10.0000,      1.3939,     42.5035,    246.8642,     62.1267,      3.4953,      0.1821,      0.1489,     18.5416,      0.1966,      5.5443,     11.0886,      1.7376,     28.1888,     56.3776,      0.0191,      0.0009,      0.2430,      0.2055,   7684.1128,-439226.5938,   -940.3486,    545.9865,  25613.7070,
       1,     167,     363,      12,       1,       3,       1,     10.0000,      1.3939,     42.5035,    246.8642,     62.1267,      3.4953,      0.1868,      0.1532,     19.1286,      0.2103,      5.5443,     11.0886,      1.8582,     28.1888,     56.3776,      0.0191,      0.0009,      0.2500,      0.2055,   7684.1123,-442233.9688,   -941.0010,    545.7819,  25613.7090,
       1,     167,     363,      13,       1,       3,       1,     10.0000,      1.3939,     42.5035,    246.8642,     62.1267,      3.4953,      0.1817,      0.1478,     19.4877,      0.2215,      5.5443,     11.0886,      1.9575,     28.1888,     56.3776,      0.0191,      0.0010,      0.2425,      0.2055,   7684.1128,-443213.7500,   -941.2114,    545.7150,  25613.7090,
       1,     167,     363,      14,       1,       3,       1,     10.0000,      1.3939,     42.5035,    246.8642,     62.1267,      3.4953,      0.1884,      0.1547,     39.5289,      0.2149,      5.5443,     11.0886,      1.8988,     28.1888,     56.3776,      0.0191,      0.0020,      0.2500,      0.2055,   7684.1128,-443741.0625,   -941.3400,    545.6791,  25613.7090,
       1,     167,     363,      15,       1,       3,       1,     10.0000,      1.3939,     42.5035,    246.8642,     62.1267,      3.4953,      0.1877,      0.1541,     67.0742,      0.2093,      5.5443,     11.0886,      1.8490,     28.1888,     56.3776,      0.0191,      0.0034,      0.2457,      0.2055,   7684.1128,-468589.8125,   -946.6882,    543.9843,  25613.7070,
       1,     167,     363,      16,       1,       3,       1,     10.0000,      1.3939,     42.5035,    246.8642,     62.1267,      3.4953,      0.1918,      0.1582,     93.8367,      0.2109,      5.5443,     11.0886,      1.8637,     28.1888,     56.3776,      0.0191,      0.0047,      0.2488,      0.2055,   7684.1123,-504801.5000,   -954.5599,    541.5245,  25613.7090,
       1,     167,     363,      17,       1,       3,       1,     10.0000,      1.3939,     42.5035,    246.8642,     62.1267,      3.4953,      0.1786,      0.1452,     95.8607,      0.2048,      5.5443,     11.0886,      1.8094,     28.1888,     56.3776,      0.0191,      0.0052,      0.2291,      0.2054,   7684.1128,-541024.0000,   -962.5756,    539.0782,  25613.7090,
       1,     167,     363,      18,       1,       3,       1,     10.0000,      1.3939,     42.5035,    246.8642,     62.1267,      3.4953,      0.1563,      0.1231,     96.9491,      0.1980,      5.5443,     11.0886,      1.7497,     28.1888,     56.3776,      0.0191,      0.0061,      0.1960,      0.2054,   7684.1128,-546596.9375,   -964.1637,    538.7081,  25613.7070,
       1,     167,     363,      19,       1,       3,       1,     10.0000,      1.3939,     42.5035,    246.8642,     62.1267,      3.4953,      0.0743,      0.0415,     38.8881,      0.1868,      5.5443,     11.0886,      1.6504,     28.1888,     56.3776,      0.0191,      0.0058,      0.0823,      0.2054,   7684.1123,-548409.6875,   -964.9761,    538.5862,  25613.7070,
       1,     167,     363,      20,       1,       3,       1,     10.0000,      1.3939,     42.5035,    246.8642,     62.1267,      3.4953,      0.0069,     -0.0255,      6.7929,      0.1725,      5.5443,     11.0886,      1.5242,     28.1888,     56.3776,      0.0191,      0.0054,      0.0156,      0.2054,   7684.1123,-476585.5312,   -949.9070,    543.4216,  25613.7070,
       1,     167,     363,      21,       1,       3,       1,     10.0000,      1.3939,     42.5035,    246.8642,     62.1267,      3.4953,      0.0000,     -0.0322,      6.1445,      0.1661,      5.5443,     11.0886,      1.4675,     28.1888,     56.3776,      0.0191,      0.0049,      0.0156,      0.2055,   7684.1123,-430859.7188,   -940.1631,    546.5494,  25613.7070,
       1,     167,     363,      22,       1,       3,       1,     10.0000,      1.3939,     42.5035,    246.8642,     62.1267,      3.4953,      0.0000,     -0.0323,      6.3874,      0.1674,      5.5443,     11.0886,      1.4793,     28.1888,     56.3776,      0.0191,      0.0051,      0.0156,      0.2055,   7684.1123,-426195.4375,   -939.1550,    546.8771,  25613.7070,
       1,     167,     363,      23,       1,       3,       1,     10.0000,      1.3939,     42.5035,    246.8642,     62.1267,      3.4953,      0.0000,     -0.0321,      6.2496,      0.1641,      5.5443,     11.0886,      1.4500,     28.1888,     56.3776,      0.0191,      0.0049,      0.0156,      0.2055,   7684.1123,-426090.5312,   -939.1230,    546.8843,  25613.7070,
       1,     167,     363,      24,       1,       3,       1,     10.0000,      1.3939,     42.5035,    246.8642,     62.1267,      3.4953,      0.0000,     -0.0320,      5.4757,      0.1608,      5.5443,     11.0886,      1.4212,     28.1888,     56.3776,      0.0191,      0.0043,      0.0156,      0.2055,   7684.1123,-425911.0312,   -939.0758,    546.8967,  25613.7070,
       1,     167,     364,       1,       1,       3,       1,     10.0000,      1.3940,     42.5038,    246.8699,     62.1281,      3.4953,      0.0000,     -0.0319,      3.7845,      0.1565,      5.5440,     11.0879,      1.3833,     28.1931,     56.3862,      0.0191,      0.0030,      0.0156,      0.2055,   7684.1123,-425091.6875,   -939.1926,    546.9654,  25614.8457,
       1,     167,     364,       2,       1,       3,       1,     10.0000,      1.3940,     42.5038,    246.8699,     62.1281,      3.4953,      0.0000,     -0.0318,      3.0369,      0.1553,      5.5440,     11.0879,      1.3723,     28.1931,     56.3862,      0.0191,      0.0024,      0.0156,      0.2055,   7684.4541,-422778.7500,   -938.3922,    547.1235,  25614.8457,
       1,     167,     364,       3,       1,       3,       1,     10.0000,      1.3940,     42.5038,    246.8699,     62.1281,      3.4953,      0.0000,     -0.0318,      2.8320,      0.1551,      5.5440,     11.0879,      1.3709,     28.1931,     56.3862,      0.0191,      0.0022,      0.0156,      0.2055,   7684.4541,-421658.1250,   -938.1473,    547.2002,  25614.8457,
       1,     167,     364,       4,       1,       3,       1,     10.0000,      1.3940,     42.5038,    246.8699,     62.1281,      3.4953,      0.0000,     -0.0319,      2.5731,      0.1572,      5.5440,     11.0879,      1.3889,     28.1931,     56.3862,      0.0191,      0.0020,      0.0156,      0.2055,   7684.4541,-421309.8438,   -938.0687,    547.2241,  25614.8477,
       1,     167,     364,       5,       1,       3,       1,     10.0000,      1.3940,     42.5038,    246.8699,     62.1281,      3.4953,      0.0000,     -0.0320,      2.2834,      0.1588,      5.5440,     11.0879,      1.4029,     28.1931,     56.3862,      0.0191,      0.0018,      0.0156,      0.2055,   7684.4546,-420959.7188,   -937.9890,    547.2480,  25614.8418,
       1,     167,     364,       6,       1,       3,       1,     10.0000,      1.3940,     42.5038,    246.8699,     62.1281,      3.4953,      0.0000,     -0.0319,      1.9775,      0.1577,      5.5440,     11.0879,      1.3931,     28.1931,     56.3862,      0.0191,      0.0016,      0.0156,      0.2055,   7684.4526,-420572.3438,   -937.9045,    547.2745,  25614.8438,
       1,     167,     364,       7,       1,       3,       1,     10.0000,      1.3940,     42.5038,    246.8699,     62.1281,      3.4953,      0.0000,     -0.0320,      1.9132,      0.1588,      5.5440,     11.0879,      1.4029,     28.1931,     56.3862,      0.0191,      0.0015,      0.0156,      0.2055,   7684.4536,-420161.0312,   -937.8133,    547.3026,  25614.8438,
       1,     167,     364,       8,       1,       3,       1,     10.0000,      1.3940,     42.5038,    246.8699,     62.1281,      3.4953,      0.0016,     -0.0304,      1.8645,      0.1608,      5.5440,     11.0879,      1.4213,     28.1931,     56.3862,      0.0191,      0.0015,      0.0156,      0.2055,   7684.4536,-420046.7188,   -937.7864,    547.3104,  25614.8438,
       1,     167,     364,       9,       1,       3,       1,     10.0000,      1.3940,     42.5038,    246.8699,     62.1281,      3.4953,      0.0626,      0.0304,      7.9291,      0.1676,      5.5440,     11.0879,      1.4808,     28.1931,     56.3862,      0.0191,      0.0014,      0.0692,      0.2055,   7684.4536,-419976.7188,   -937.7691,    547.3152,  25614.8457,
       1,     167,     364,      10,       1,       3,       1,     10.0000,      1.3940,     42.5038,    246.8699,     62.1281,      3.4953,      0.1523,      0.1197,     28.4539,      0.1804,      5.5440,     11.0879,      1.5941,     28.1931,     56.3862,      0.0191,      0.0018,      0.1980,      0.2055,   7684.4541,-427473.0625,   -939.3856,    546.8023,  25614.8438,
       1,     167,     364,      11,       1,       3,       1,     10.0000,      1.3940,     42.5038,    246.8699,     62.1281,      3.4953,      0.1813,      0.1480,     34.7617,      0.1986,      5.5440,     11.0879,      1.7549,     28.1931,     56.3862,      0.0191,      0.0018,      0.2399,      0.2055,   7684.4536,-453502.3125,   -945.0131,    545.0236,  25614.8418,
       1,     167,     364,      12,       1,       3,       1,     10.0000,      1.3940,     42.5038,    246.8699,     62.1281,      3.4953,      0.1814,      0.1478,     38.5196,      0.2107,      5.5440,     11.0879,      1.8619,     28.1931,     56.3862,      0.0191,      0.0020,      0.2397,      0.2055,   7684.4526,-463518.5000,   -947.2247,    544.3441,  25614.8418,
       1,     167,     364,      13,       1,       3,       1,     10.0000,      1.3940,     42.5038,    246.8699,     62.1281,      3.4953,      0.1740,      0.1402,     39.0808,      0.2177,      5.5440,     11.0879,      1.9232,     28.1931,     56.3862,      0.0191,      0.0021,      0.2288,      0.2055,   7684.4526,-469013.9062,   -948.4932,    543.9705,  25614.8438,
       1,     167,     364,      14,       1,       3,       1,     10.0000,      1.3940,     42.5038,    246.8699,     62.1281,      3.4953,      0.1829,      0.1491,     48.6143,      0.2177,      5.5440,     11.0879,      1.9232,     28.1931,     56.3862,      0.0191,      0.0025,      0.2408,      0.2055,   7684.4536,-470172.3125,   -948.8467,    543.8918,  25614.8418,
       1,     167,     364,      15,       1,       3,       1,     10.0000,      1.3940,     42.5038,    246.8699,     62.1281,      3.4953,      0.1901,      0.1563,     65.4545,      0.2196,      5.5440,     11.0879,      1.9403,     28.1931,     56.3862,      0.0191,      0.0032,      0.2496,      0.2055,   7684.4526,-482072.7188,   -951.5267,    543.0828,  25614.8438,
       1,     167,     364,      16,       1,       3,       1,     10.0000,      1.3940,     42.5038,    246.8699,     62.1281,      3.4953,      0.1777,      0.1439,     80.9802,      0.2162,      5.5440,     11.0879,      1.9101,     28.1931,     56.3862,      0.0191,      0.0044,      0.2294,      0.2055,   7684.4536,-503930.4375,   -956.4054,    541.5995,  25614.8438,
       1,     167,     364,      17,       1,       3,       1,     10.0000,      1.3940,     42.5038,    246.8699,     62.1281,      3.4953,      0.1809,      0.1473,     99.2123,      0.2117,      5.5440,     11.0879,      1.8710,     28.1931,     56.3862,      0.0191,      0.0053,      0.2321,      0.2055,   7684.4536,-525010.4375,   -961.2114,    540.1746,  25614.8418,
       1,     167,     364,      18,       1,       3,       1,     10.0000,      1.3940,     42.5038,    246.8699,     62.1281,      3.4953,      0.1577,      0.1244,     90.0984,      0.2020,      5.5440,     11.0879,      1.7846,     28.1931,     56.3862,      0.0191,      0.0056,      0.1989,      0.2054,   7684.4526,-549381.4375,   -966.8231,    538.5308,  25614.8438,
       1,     167,     364,      19,       1,       3,       1,     10.0000,      1.3940,     42.5038,    246.8699,     62.1281,      3.4953,      0.0910,      0.0581,     47.3709,      0.1875,      5.5440,     11.0879,      1.6570,     28.1931,     56.3862,      0.0191,      0.0055,      0.1059,      0.2054,   7684.4536,-540143.7500,   -965.2531,    539.1552,  25614.8418,
       1,     167,     364,      20,       1,       3,       1,     10.0000,      1.3940,     42.5038,    246.8699,     62.1281,      3.4953,      0.0055,     -0.0271,      7.1037,      0.1765,      5.5440,     11.0879,      1.5596,     28.1931,     56.3862,      0.0191,      0.0056,      0.0156,      0.2054,   7684.4526,-486408.7500,   -953.9733,    542.7769,  25614.8418,
       1,     167,     364,      21,       1,       3,       1,     10.0000,      1.3940,     42.5038,    246.8699,     62.1281,      3.4953,      0.0000,     -0.0324,      6.8397,      0.1708,      5.5440,     11.0879,      1.5091,     28.1931,     56.3862,      0.0191,      0.0054,      0.0156,      0.2055,   7684.4526,-432055.9688,   -942.3188,    546.4769,  25614.8398,
       1,     167,     364,      22,       1,       3,       1,     10.0000,      1.3940,     42.5038,    246.8699,     62.1281,      3.4953,      0.0000,     -0.0323,      6.7287,      0.1698,      5.5440,     11.0879,      1.5001,     28.1931,     56.3862,      0.0191,      0.0053,      0.0156,      0.2055,   7684.4521,-427163.6875,   -941.2576,    546.8236,  25614.8379,
       1,     167,     364,      23,       1,       3,       1,     10.0000,      1.3940,     42.5038,    246.8699,     62.1281,      3.4953,      0.0000,     -0.0324,      6.3291,      0.1734,      5.5440,     11.0879,      1.5319,     28.1931,     56.3862,      0.0191,      0.0050,      0.0156,      0.2055,   7684.4517,-426597.7500,   -941.1305,    546.8624,  25614.8398,
       1,     167,     364,      24,       1,       3,       1,     10.0000,      1.3940,     42.5038,    246.8699,     62.1281,      3.4953,      0.0000,     -0.0324,      4.7205,      0.1730,      5.5440,     11.0879,      1.5288,     28.1931,     56.3862,      0.0191,      0.0037,      0.0156,      0.2055,   7684.4521,-426054.8750,   -941.0070,    546.8996,  25614.8398,
       1,     167,     365,       1,       1,       3,       1,     10.0000,      1.3940,     42.5042,    246.8757,     62.1296,      3.4953,      0.0000,     -0.0324,      3.7748,      0.1718,      5.5442,     11.0884,      1.5182,     28.1965,     56.3931,      0.0191,      0.0030,      0.0156,      0.2056,   7684.4521,-424172.5625,   -940.8984,    547.0410,  25615.9785,
       1,     167,     365,       2,       1,       3,       1,     10.0000,      1.3940,     42.5042,    246.8757,     62.1296,      3.4953,      0.0000,     -0.0325,      3.1220,      0.1756,      5.5442,     11.0884,      1.5519,     28.1965,     56.3931,      0.0191,      0.0025,      0.0156,      0.2056,   7684.7939,-422691.9062,   -940.2739,    547.1423,  25615.9785,
       1,     167,     365,       3,       1,       3,       1,     10.0000,      1.3940,     42.5042,    246.8757,     62.1296,      3.4953,      0.0000,     -0.0325,      2.9470,      0.1735,      5.5442,     11.0884,      1.5334,     28.1965,     56.3931,      0.0191,      0.0023,      0.0156,      0.2056,   7684.7939,-421759.2188,   -940.0693,    547.2061,  25615.9785,
       1,     167,     365,       4,       1,       3,       1,     10.0000,      1.3940,     42.5042,    246.8757,     62.1296,      3.4953,      0.0000,     -0.0323,      2.8851,      0.1701,      5.5442,     11.0884,      1.5032,     28.1965,     56.3931,      0.0191,      0.0023,      0.0156,      0.2056,   7684.7939,-421463.7500,   -940.0031,    547.2263,  25615.9785,
       1,     167,     365,       5,       1,       3,       1,     10.0000,      1.3940,     42.5042,    246.8757,     62.1296,      3.4953,      0.0000,     -0.0323,      2.9044,      0.1676,      5.5442,     11.0884,      1.4808,     28.1965,     56.3931,      0.0191,      0.0023,      0.0156,      0.2056,   7684.7939,-421362.1562,   -939.9789,    547.2333,  25615.9785,
       1,     167,     365,       6,       1,       3,       1,     10.0000,      1.3940,     42.5042,    246.8757,     62.1296,      3.4953,      0.0000,     -0.0322,      2.6948,      0.1658,      5.5442,     11.0884,      1.4646,     28.1965,     56.3931,      0.0191,      0.0021,      0.0156,      0.2056,   7684.7939,-421377.5000,   -939.9798,    547.2322,  25615.9785,
       1,     167,     365,       7,       1,       3,       1,     10.0000,      1.3940,     42.5042,    246.8757,     62.1296,      3.4953,      0.0000,     -0.0322,      3.0066,      0.1653,      5.5442,     11.0884,      1.4602,     28.1965,     56.3931,      0.0191,      0.0024,      0.0156,      0.2056,   7684.7939,-421119.4062,   -939.9221,    547.2499,  25615.9785,
       1,     167,     365,       8,       1,       3,       1,     10.0000,      1.3940,     42.5042,    246.8757,     62.1296,      3.4953,      0.0016,     -0.0305,      3.1116,      0.1638,      5.5442,     11.0884,      1.4472,     28.1965,     56.3931,      0.0191,      0.0025,      0.0156,      0.2056,   7684.7939,-421483.3125,   -939.9986,    547.2250,  25615.9785,
       1,     167,     365,       9,       1,       3,       1,     10.0000,      1.3940,     42.5042,    246.8757,     62.1296,      3.4953,      0.0722,      0.0399,     15.8346,      0.1671,      5.5442,     11.0884,      1.4764,     28.1965,     56.3931,      0.0191,      0.0024,      0.0823,      0.2056,   7684.7939,-421643.9375,   -940.0310,    547.2139,  25615.9785,
       1,     167,     365,      10,       1,       3,       1,     10.0000,      1.3940,     42.5042,    246.8757,     62.1296,      3.4953,      0.1535,      0.1207,     41.9998,      0.1866,      5.5442,     11.0884,      1.6489,     28.1965,     56.3931,      0.0191,      0.0026,      0.1982,      0.2056,   7684.7939,-437395.6875,   -943.4579,    546.1365,  25615.9805,
       1,     167,     365,      11,       1,       3,       1,     10.0000,      1.3940,     42.5042,    246.8757,     62.1296,      3.4953,      0.1701,      0.1369,     42.8040,      0.1978,      5.5442,     11.0884,      1.7481,     28.1965,     56.3931,      0.0191,      0.0024,      0.2226,      0.2055,   7684.7944,-471104.2500,   -950.8160,    543.8364,  25615.9805,
       1,     167,     365,      12,       1,       3,       1,     10.0000,      1.3940,     42.5042,    246.8757,     62.1296,      3.4953,      0.1724,      0.1388,     41.3388,      0.2111,      5.5442,     11.0884,      1.8656,     28.1965,     56.3931,      0.0191,      0.0023,      0.2262,      0.2055,   7684.7944,-474960.6250,   -951.7664,    543.5791,  25615.9785,
       1,     167,     365,      13,       1,       3,       1,     10.0000,      1.3940,     42.5042,    246.8757,     62.1296,      3.4953,      0.1888,      0.1550,     44.6991,      0.2187,      5.5442,     11.0884,      1.9327,     28.1965,     56.3931,      0.0191,      0.0022,      0.2500,      0.2055,   7684.7939,-473466.5000,   -951.5677,    543.6807,  25615.9766,
       1,     167,     365,      14,       1,       3,       1,     10.0000,      1.3940,     42.5042,    246.8757,     62.1296,      3.4953,      0.1886,      0.1547,     47.7820,      0.2244,      5.5442,     11.0884,      1.9826,     28.1965,     56.3931,      0.0191,      0.0024,      0.2495,      0.2055,   7684.7935,-477500.4062,   -952.5640,    543.4066,  25615.9785,
       1,     167,     365,      15,       1,       3,       1,     10.0000,      1.3940,     42.5042,    246.8757,     62.1296,      3.4953,      0.1895,      0.1557,     73.2397,      0.2205,      5.5442,     11.0884,      1.9480,     28.1965,     56.3931,      0.0191,      0.0036,      0.2479,      0.2055,   7684.7939,-481657.3438,   -953.6022,    543.1243,  25615.9766,
       1,     167,     365,      16,       1,       3,       1,     10.0000,      1.3940,     42.5042,    246.8757,     62.1296,      3.4953,      0.1687,      0.1349,     73.4783,      0.2174,      5.5442,     11.0884,      1.9214,     28.1965,     56.3931,      0.0191,      0.0042,      0.2171,      0.2055,   7684.7935,-513526.8125,   -960.7049,    540.9607,  25615.9766,
       1,     167,     365,      17,       1,       3,       1,     10.0000,      1.3940,     42.5042,    246.8757,     62.1296,      3.4953,      0.1824,      0.1488,     93.7012,      0.2093,      5.5442,     11.0884,      1.8491,     28.1965,     56.3931,      0.0191,      0.0049,      0.2348,      0.2055,   7684.7935,-516523.2500,   -961.6418,    540.7625,  25615.9785,
       1,     167,     365,      18,       1,       3,       1,     10.0000,      1.3940,     42.5042,    246.8757,     62.1296,      3.4953,      0.1444,      0.1114,     76.4613,      0.1909,      5.5442,     11.0884,      1.6869,     28.1965,     56.3931,      0.0191,      0.0052,      0.1809,      0.2055,   7684.7939,-541821.1875,   -967.4655,    539.0523,  25615.9785,
       1,     167,     365,      19,       1,       3,       1,     10.0000,      1.3940,     42.5042,    246.8757,     62.1296,      3.4953,      0.0928,      0.0602,     47.9202,      0.1792,      5.5442,     11.0884,      1.5831,     28.1965,     56.3931,      0.0191,      0.0054,      0.1086,      0.2054,   7684.7939,-522597.3125,   -963.6666,    540.3504,  25615.9785,
       1,     167,     365,      20,       1,       3,       1,     10.0000,      1.3940,     42.5042,    246.8757,     62.1296,      3.4953,      0.0062,     -0.0262,      6.8929,      0.1699,      5.5442,     11.0884,      1.5017,     28.1965,     56.3931,      0.0191,      0.0055,      0.0156,      0.2055,   7684.7939,-485620.7812,   -955.8947,    542.8495,  25615.9766,
       1,     167,     365,      21,       1,       3,       1,     10.0000,      1.3940,     42.5042,    246.8757,     62.1296,      3.4953,      0.0000,     -0.0322,      6.5182,      0.1671,      5.5442,     11.0884,      1.4764,     28.1965,     56.3931,      0.0191,      0.0052,      0.0156,      0.2055,   7684.7935,-431723.0000,   -944.2491,    546.5126,  25615.9766,
       1,     167,     365,      22,       1,       3,       1,     10.0000,      1.3940,     42.5042,    246.8757,     62.1296,      3.4953,      0.0000,     -0.0323,      6.3405,      0.1693,      5.5442,     11.0884,      1.4957,     28.1965,     56.3931,      0.0191,      0.0050,      0.0156,      0.2056,   7684.7935,-426739.7188,   -943.1628,    546.8655,  25615.9766,
       1,     167,     365,      23,       1,       3,       1,     10.0000,      1.3940,     42.5042,    246.8757,     62.1296,      3.4953,      0.0000,     -0.0323,      5.1580,      0.1678,      5.5442,     11.0884,      1.4823,     28.1965,     56.3931,      0.0191,      0.0041,      0.0156,      0.2056,   7684.7935,-426083.2812,   -943.0171,    546.9104,  25615.9766,
       1,     167,     365,      24,       1,       3,       1,     10.0000,      1.3940,     42.5042,    246.8757,     62.1296,      3.4953,      0.0000,     -0.0322,      4.0828,      0.1669,      5.5442,     11.0884,      1.4749,     28.1965,     56.3931,      0.0191,      0.0032,      0.0156,      0.2056,   7684.7935,-424564.8438,   -942.6835,    547.0142,  25615.9766,
       1,     168,       1,       1,       1,       3,       1,     10.0000,      1.3940,     42.5045,    246.8815,     62.1311,      3.4953,      0.0000,     -0.0155,      3.5123,      0.1705,      5.5448,     11.0896,      1.5062,     28.1997,     56.3995,      0.0191,      0.0028,      0.0156,      0.1973,   7666.9507,-417399.2500,   -941.4178,    546.8676,  25557.6367,
       1,     168,       1,       2,       1,       3,       1,     10.0000,      1.3940,     42.5045,    246.8815,     62.1311,      3.4953,      0.0000,     -0.0155,      3.0855,      0.1718,      5.5448,     11.0896,      1.5183,     28.1997,     56.3995,      0.0191,      0.0024,      0.0156,      0.1973,   7667.2915,-421962.5938,   -942.0715,    546.5557,  25557.6367,
       1,     168,       1,       3,       1,       3,       1,     10.0000,      1.3940,     42.5045,    246.8815,     62.1311,      3.4953,      0.0000,     -0.0154,      3.4427,      0.1691,      5.5448,     11.0896,      1.4942,     28.1997,     56.3995,      0.0191,      0.0027,      0.0156,      0.1973,   7667.2915,-421815.1562,   -942.0396,    546.5659,  25557.6367,
       1,     168,       1,       4,       1,       3,       1,     10.0000,      1.3940,     42.5045,    246.8815,     62.1311,      3.4953,      0.0000,     -0.0150,      3.0385,      0.1580,      5.5448,     11.0896,      1.3959,     28.1997,     56.3995,      0.0191,      0.0024,      0.0156,      0.1973,   7667.2915,-422260.9375,   -942.1322,    546.5354,  25557.6367,
       1,     168,       1,       5,       1,       3,       1,     10.0000,      1.3940,     42.5045,    246.8815,     62.1311,      3.4953,      0.0000,     -0.0149,      2.7212,      0.1551,      5.5448,     11.0896,      1.3709,     28.1997,     56.3995,      0.0191,      0.0022,      0.0156,      0.1973,   7667.2915,-421780.9375,   -942.4438,    546.5682,  25557.6367,
       1,     168,       1,       6,       1,       3,       1,     10.0000,      1.3940,     42.5045,    246.8815,     62.1311,      3.4953,      0.0000,     -0.0151,      3.1005,      0.1600,      5.5448,     11.0896,      1.4142,     28.1997,     56.3995,      0.0191,      0.0025,      0.0156,      0.1973,   7667.2915,-421331.3438,   -942.3466,    546.5989,  25557.6348,
       1,     168,       1,       7,       1,       3,       1,     10.0000,      1.3940,     42.5045,    246.8815,     62.1311,      3.4953,      0.0000,     -0.0152,      3.4599,      0.1623,      5.5448,     11.0896,      1.4342,     28.1997,     56.3995,      0.0191,      0.0027,      0.0156,      0.1973,   7667.2905,-421779.1875,   -942.4381,    546.5684,  25557.6348,
       1,     168,       1,       8,       1,       3,       1,     10.0000,      1.3940,     42.5045,    246.8815,     62.1311,      3.4953,      0.0014,     -0.0137,      3.2585,      0.1591,      5.5448,     11.0896,      1.4058,     28.1997,     56.3995,      0.0191,      0.0026,      0.0156,      0.1973,   7667.2905,-422279.9688,   -942.5398,    546.5341,  25557.6348,
       1,     168,       1,       9,       1,       3,       1,     10.0000,      1.3940,     42.5045,    246.8815,     62.1311,      3.4953,      0.0861,      0.0708,     15.6390,      0.1653,      5.5448,     11.0896,      1.4603,     28.1997,     56.3995,      0.0191,      0.0019,      0.1027,      0.1973,   7667.2905,-422065.2812,   -942.4914,    546.5488,  25557.6348,
       1,     168,       1,      10,       1,       3,       1,     10.0000,      1.3940,     42.5045,    246.8815,     62.1311,      3.4953,      0.1638,      0.1479,     27.4799,      0.1848,      5.5448,     11.0896,      1.6326,     28.1997,     56.3995,      0.0191,      0.0016,      0.2149,      0.1973,   7667.2905,-437944.5625,   -945.8427,    545.4639,  25557.6328,
       1,     168,       1,      11,       1,       3,       1,     10.0000,      1.3940,     42.5045,    246.8815,     62.1311,      3.4953,      0.1807,      0.1645,     40.6294,      0.1951,      5.5448,     11.0896,      1.7241,     28.1997,     56.3995,      0.0191,      0.0021,      0.2384,      0.1973,   7667.2900,-454549.6562,   -949.3665,    544.3328,  25557.6328,
       1,     168,       1,      12,       1,       3,       1,     10.0000,      1.3940,     42.5045,    246.8815,     62.1311,      3.4953,      0.1892,      0.1728,     49.2451,      0.2028,      5.5448,     11.0896,      1.7918,     28.1997,     56.3995,      0.0191,      0.0024,      0.2500,      0.1973,   7667.2900,-472900.5312,   -953.2877,    543.0853,  25557.6328,
       1,     168,       1,      13,       1,       3,       1,     10.0000,      1.3940,     42.5045,    246.8815,     62.1311,      3.4953,      0.1890,      0.1723,     46.4016,      0.2107,      5.5448,     11.0896,      1.8619,     28.1997,     56.3995,      0.0191,      0.0023,      0.2500,      0.1973,   7667.2900,-485582.2188,   -956.0703,    542.2260,  25557.6348,
       1,     168,       1,      14,       1,       3,       1,     10.0000,      1.3940,     42.5045,    246.8815,     62.1311,      3.4953,      0.1894,      0.1727,     52.7382,      0.2132,      5.5448,     11.0896,      1.8841,     28.1997,     56.3995,      0.0191,      0.0026,      0.2500,      0.1973,   7667.2905,-483036.6875,   -955.6794,    542.3992,  25557.6367,
       1,     168,       1,      15,       1,       3,       1,     10.0000,      1.3940,     42.5045,    246.8815,     62.1311,      3.4953,      0.1907,      0.1739,     69.2765,      0.2153,      5.5448,     11.0896,      1.9027,     28.1997,     56.3995,      0.0191,      0.0034,      0.2500,      0.1973,   7667.2915,-490957.5938,   -957.4916,    541.8621,  25557.6348,
       1,     168,       1,      16,       1,       3,       1,     10.0000,      1.3940,     42.5045,    246.8815,     62.1311,      3.4953,      0.1918,      0.1752,     82.3475,      0.2072,      5.5448,     11.0896,      1.8311,     28.1997,     56.3995,      0.0191,      0.0041,      0.2500,      0.1973,   7667.2905,-512910.7188,   -962.3043,    540.3754,  25557.6328,
       1,     168,       1,      17,       1,       3,       1,     10.0000,      1.3940,     42.5045,    246.8815,     62.1311,      3.4953,      0.1852,      0.1688,     94.3769,      0.1994,      5.5448,     11.0896,      1.7620,     28.1997,     56.3995,      0.0191,      0.0049,      0.2388,      0.1973,   7667.2900,-531644.5625,   -966.5291,    539.1121,  25557.6328,
       1,     168,       1,      18,       1,       3,       1,     10.0000,      1.3940,     42.5045,    246.8815,     62.1311,      3.4953,      0.1522,      0.1362,     80.0463,      0.1892,      5.5448,     11.0896,      1.6720,     28.1997,     56.3995,      0.0191,      0.0052,      0.1919,      0.1972,   7667.2900,-548757.0000,   -970.4933,    537.9603,  25557.6348,
       1,     168,       1,      19,       1,       3,       1,     10.0000,      1.3940,     42.5045,    246.8815,     62.1311,      3.4953,      0.0832,      0.0675,     40.8907,      0.1783,      5.5448,     11.0896,      1.5753,     28.1997,     56.3995,      0.0191,      0.0053,      0.0953,      0.1972,   7667.2905,-531814.6250,   -967.3101,    539.1008,  25557.6328,
       1,     168,       1,      20,       1,       3,       1,     10.0000,      1.3940,     42.5045,    246.8815,     62.1311,      3.4953,      0.0044,     -0.0112,      6.6667,      0.1725,      5.5448,     11.0896,      1.5243,     28.1997,     56.3995,      0.0191,      0.0053,      0.0156,      0.1972,   7667.2900,-479971.0000,   -956.6407,    542.5957,  25557.6328,
       1,     168,       1,      21,       1,       3,       1,     10.0000,      1.3940,     42.5045,    246.8815,     62.1311,      3.4953,      0.0000,     -0.0154,      6.3816,      0.1703,      5.5448,     11.0896,      1.5047,     28.1997,     56.3995,      0.0191,      0.0051,      0.0156,      0.1973,   7667.2900,-431490.4375,   -946.4667,    545.8952,  25557.6309,
       1,     168,       1,      22,       1,       3,       1,     10.0000,      1.3940,     42.5045,    246.8815,     62.1311,      3.4953,      0.0000,     -0.0155,      5.8628,      0.1711,      5.5448,     11.0896,      1.5122,     28.1997,     56.3995,      0.0191,      0.0046,      0.0156,      0.1973,   7667.2896,-426897.0938,   -945.4941,    546.2187,  25557.6309,
       1,     168,       1,      23,       1,       3,       1,     10.0000,      1.3940,     42.5045,    246.8815,     62.1311,      3.4953,      0.0000,     -0.0155,      5.0779,      0.1713,      5.5448,     11.0896,      1.5137,     28.1997,     56.3995,      0.0191,      0.0040,      0.0156,      0.1973,   7667.2896,-425815.3438,   -945.2615,    546.2927,  25557.6309,
       1,     168,       1,      24,       1,       3,       1,     10.0000,      1.3940,     42.5045,    246.8815,     62.1311,      3.4953,      0.0000,     -0.0155,      4.2839,      0.1710,      5.5448,     11.0896,      1.5107,     28.1997,     56.3995,      0.0191,      0.0034,      0.0156,      0.1973,   7667.2896,-424712.3438,   -945.0250,    546.3680,  25557.6309,
       1,     168,       2,       1,       1,       3,       1,     10.0000,      1.3940,     42.5048,    246.8873,     62.1325,      3.4953,      0.0000,     -0.0324,      4.0930,      0.1703,      5.5438,     11.0877,      1.5047,     28.2149,     56.4298,      0.0191,      0.0032,      0.0156,      0.1974,   7667.2896,-424582.8438,   -945.2992,    547.0380,  25558.7695,
       1,     168,       2,       2,       1,       3,       1,     10.0000,      1.3940,     42.5048,    246.8873,     62.1325,      3.4953,      0.0000,     -0.0322,      3.7049,      0.1668,      5.5438,     11.0877,      1.4735,     28.2149,     56.4298,      0.0191,      0.0029,      0.0156,      0.1974,   7667.6313,-423342.3125,   -944.7278,    547.1232,  25558.7695,
       1,     168,       2,       3,       1,       3,       1,     10.0000,      1.3940,     42.5048,    246.8873,     62.1325,      3.4953,      0.0000,     -0.0323,      3.5649,      0.1683,      5.5438,     11.0877,      1.4868,     28.2149,     56.4298,      0.0191,      0.0028,      0.0156,      0.1974,   7667.6313,-422734.7500,   -944.5980,    547.1649,  25558.7695,
       1,     168,       2,       4,       1,       3,       1,     10.0000,      1.3940,     42.5048,    246.8873,     62.1325,      3.4953,      0.0000,     -0.0322,      3.5379,      0.1651,      5.5438,     11.0877,      1.4588,     28.2149,     56.4298,      0.0191,      0.0028,      0.0156,      0.1974,   7667.6313,-422501.4375,   -944.5471,    547.1807,  25558.7695,
       1,     168,       2,       5,       1,       3,       1,     10.0000,      1.3940,     42.5048,    246.8873,     62.1325,      3.4953,      0.0000,     -0.0322,      3.6942,      0.1643,      5.5438,     11.0877,      1.4516,     28.2149,     56.4298,      0.0191,      0.0029,      0.0156,      0.1974,   7667.6313,-422446.2500,   -944.5338,    547.1845,  25558.7695,
       1,     168,       2,       6,       1,       3,       1,     10.0000,      1.3940,     42.5048,    246.8873,     62.1325,      3.4953,      0.0000,     -0.0322,      3.6382,      0.1643,      5.5438,     11.0877,      1.4516,     28.2149,     56.4298,      0.0191,      0.0029,      0.0156,      0.1974,   7667.6313,-422642.1562,   -944.5735,    547.1711,  25558.7695,
       1,     168,       2,       7,       1,       3,       1,     10.0000,      1.3940,     42.5048,    246.8873,     62.1325,      3.4953,      0.0000,     -0.0322,      3.3681,      0.1663,      5.5438,     11.0877,      1.4691,     28.2149,     56.4298,      0.0191,      0.0027,      0.0156,      0.1974,   7667.6313,-422587.5625,   -944.5603,    547.1749,  25558.7695,
       1,     168,       2,       8,       1,       3,       1,     10.0000,      1.3940,     42.5048,    246.8873,     62.1325,      3.4953,      0.0011,     -0.0312,      3.4724,      0.1688,      5.5438,     11.0877,      1.4913,     28.2149,     56.4298,      0.0191,      0.0027,      0.0156,      0.1974,   7667.6313,-422235.8750,   -944.4845,    547.1989,  25558.7695,
       1,     168,       2,       9,       1,       3,       1,     10.0000,      1.3940,     42.5048,    246.8873,     62.1325,      3.4953,      0.0390,      0.0066,      7.4074,      0.1710,      5.5438,     11.0877,      1.5108,     28.2149,     56.4298,      0.0191,      0.0026,      0.0346,      0.1974,   7667.6313,-422338.9688,   -944.5049,    547.1919,  25558.7695,
       1,     168,       2,      10,       1,       3,       1,     10.0000,      1.3940,     42.5048,    246.8873,     62.1325,      3.4953,      0.1472,      0.1144,     40.3977,      0.1824,      5.5438,     11.0877,      1.6117,     28.2149,     56.4298,      0.0191,      0.0026,      0.1891,      0.1974,   7667.6313,-427399.9062,   -945.5764,    546.8457,  25558.7715,
       1,     168,       2,      11,       1,       3,       1,     10.0000,      1.3940,     42.5048,    246.8873,     62.1325,      3.4953,      0.1755,      0.1424,     51.9550,      0.1938,      5.5438,     11.0877,      1.7122,     28.2149,     56.4298,      0.0191,      0.0028,      0.2293,      0.1974,   7667.6318,-470202.0625,   -954.6539,    543.9200,  25558.7676,
       1,     168,       2,      12,       1,       3,       1,     10.0000,      1.3940,     42.5048,    246.8873,     62.1325,      3.4953,      0.1900,      0.1567,     59.0374,      0.2028,      5.5438,     11.0877,      1.7918,     28.2149,     56.4298,      0.0191,      0.0029,      0.2500,      0.1973,   7667.6304,-488829.3125,   -958.6993,    542.6614,  25558.7656,
       1,     168,       2,      13,       1,       3,       1,     10.0000,      1.3940,     42.5048,    246.8873,     62.1325,      3.4953,      0.1900,      0.1564,     59.8541,      0.2105,      5.5438,     11.0877,      1.8602,     28.2149,     56.4298,      0.0191,      0.0030,      0.2500,      0.1973,   7667.6299,-499556.9375,   -961.1393,    541.9351,  25558.7656,
       1,     168,       2,      14,       1,       3,       1,     10.0000,      1.3940,     42.5048,    246.8873,     62.1325,      3.4953,      0.1903,      0.1565,     63.2953,      0.2162,      5.5438,     11.0877,      1.9102,     28.2149,     56.4298,      0.0191,      0.0031,      0.2500,      0.1973,   7667.6299,-501545.1250,   -961.7661,    541.8010,  25558.7676,
       1,     168,       2,      15,       1,       3,       1,     10.0000,      1.3940,     42.5048,    246.8873,     62.1325,      3.4953,      0.1909,      0.1572,     71.9645,      0.2151,      5.5438,     11.0877,      1.9008,     28.2149,     56.4298,      0.0191,      0.0036,      0.2500,      0.1973,   7667.6304,-506141.5938,   -962.9535,    541.4897,  25558.7695,
       1,     168,       2,      16,       1,       3,       1,     10.0000,      1.3940,     42.5048,    246.8873,     62.1325,      3.4953,      0.1923,      0.1587,     89.7216,      0.2128,      5.5438,     11.0877,      1.8804,     28.2149,     56.4298,      0.0191,      0.0044,      0.2500,      0.1973,   7667.6313,-517687.7500,   -965.6372,    540.7082,  25558.7656,
       1,     168,       2,      17,       1,       3,       1,     10.0000,      1.3940,     42.5048,    246.8873,     62.1325,      3.4953,      0.1804,      0.1470,     92.7065,      0.2050,      5.5438,     11.0877,      1.8114,     28.2149,     56.4298,      0.0191,      0.0049,      0.2320,      0.1973,   7667.6299,-541531.0625,   -970.9901,    539.0973,  25558.7676,
       1,     168,       2,      18,       1,       3,       1,     10.0000,      1.3940,     42.5048,    246.8873,     62.1325,      3.4953,      0.1445,      0.1115,     73.4105,      0.1902,      5.5438,     11.0877,      1.6803,     28.2149,     56.4298,      0.0191,      0.0050,      0.1813,      0.1972,   7667.6304,-547462.1875,   -972.6317,    538.7000,  25558.7695,
       1,     168,       2,      19,       1,       3,       1,     10.0000,      1.3940,     42.5048,    246.8873,     62.1325,      3.4953,      0.0620,      0.0294,     27.9923,      0.1786,      5.5438,     11.0877,      1.5784,     28.2149,     56.4298,      0.0191,      0.0053,      0.0658,      0.1972,   7667.6313,-523155.8750,   -967.8568,    540.3369,  25558.7676,
       1,     168,       2,      20,       1,       3,       1,     10.0000,      1.3940,     42.5048,    246.8873,     62.1325,      3.4953,      0.0051,     -0.0273,      6.5375,      0.1713,      5.5438,     11.0877,      1.5138,     28.2149,     56.4298,      0.0191,      0.0052,      0.0156,      0.1973,   7667.6304,-462638.6250,   -955.2465,    544.4268,  25558.7656,
       1,     168,       2,      21,       1,       3,       1,     10.0000,      1.3940,     42.5048,    246.8873,     62.1325,      3.4953,      0.0000,     -0.0322,      6.6333,      0.1666,      5.5438,     11.0877,      1.4720,     28.2149,     56.4298,      0.0191,      0.0053,      0.0156,      0.1973,   7667.6299,-429829.9375,   -948.3069,    546.6751,  25558.7676,
       1,     168,       2,      22,       1,       3,       1,     10.0000,      1.3940,     42.5048,    246.8873,     62.1325,      3.4953,      0.0000,     -0.0322,      6.2561,      0.1654,      5.5438,     11.0877,      1.4618,     28.2149,     56.4298,      0.0191,      0.0050,      0.0156,      0.1974,   7667.6304,-427070.2500,   -947.7192,    546.8683,  25558.7656,
       1,     168,       2,      23,       1,       3,       1,     10.0000,      1.3940,     42.5048,    246.8873,     62.1325,      3.4953,      0.0000,     -0.0321,      5.5309,      0.1633,      5.5438,     11.0877,      1.4429,     28.2149,     56.4298,      0.0191,      0.0044,      0.0156,      0.1974,   7667.6299,-426338.0312,   -947.5634,    546.9184,  25558.7656,
       1,     168,       2,      24,       1,       3,       1,     10.0000,      1.3940,     42.5048,    246.8873,     62.1325,      3.4953,      0.0000,     -0.0319,      4.5499,      0.1573,      5.5438,     11.0877,      1.3904,     28.2149,     56.4298,      0.0191,      0.0036,      0.0156,      0.1974,   7667.6299,-425342.6562,   -947.3513,    546.9865,  25558.7656,
       1,     168,       3,       1,       1,       3,       1,     10.0000,      1.3941,     42.5052,    246.8930,     62.1339,      3.4953,      0.0000,     -0.0319,      3.9284,      0.1570,      5.5448,     11.0896,      1.3876,     28.2176,     56.4352,      0.0191,      0.0031,      0.0156,      0.1974,   7667.6299,-424149.6562,   -947.4077,    547.0808,  25559.9043,
       1,     168,       3,       2,       1,       3,       1,     10.0000,      1.3941,     42.5052,    246.8930,     62.1339,      3.4953,      0.0000,     -0.0319,      3.5960,      0.1559,      5.5448,     11.0896,      1.3779,     28.2176,     56.4352,      0.0191,      0.0028,      0.0156,      0.1974,   7667.9717,-423095.3125,   -946.8741,    547.1530,  25559.9043,
       1,     168,       3,       3,       1,       3,       1,     10.0000,      1.3941,     42.5052,    246.8930,     62.1339,      3.4953,      0.0000,     -0.0319,      3.2059,      0.1558,      5.5448,     11.0896,      1.3765,     28.2176,     56.4352,      0.0191,      0.0025,      0.0156,      0.1974,   7667.9717,-422575.9062,   -946.7635,    547.1884,  25559.9043,
       1,     168,       3,       4,       1,       3,       1,     10.0000,      1.3941,     42.5052,    246.8930,     62.1339,      3.4953,      0.0000,     -0.0319,      2.9377,      0.1552,      5.5448,     11.0896,      1.3710,     28.2176,     56.4352,      0.0191,      0.0023,      0.0156,      0.1974,   7667.9717,-422029.6562,   -946.6473,    547.2258,  25559.9043,
       1,     168,       3,       5,       1,       3,       1,     10.0000,      1.3941,     42.5052,    246.8930,     62.1339,      3.4953,      0.0000,     -0.0319,      2.4852,      0.1561,      5.5448,     11.0896,      1.3793,     28.2176,     56.4352,      0.0191,      0.0020,      0.0156,      0.1974,   7667.9717,-421637.4062,   -946.5642,    547.2527,  25559.9043,
       1,     168,       3,       6,       1,       3,       1,     10.0000,      1.3941,     42.5052,    246.8930,     62.1339,      3.4953,      0.0000,     -0.0318,      2.4603,      0.1545,      5.5448,     11.0896,      1.3655,     28.2176,     56.4352,      0.0191,      0.0019,      0.0156,      0.1974,   7667.9717,-421022.0000,   -946.4335,    547.2948,  25559.9043,
       1,     168,       3,       7,       1,       3,       1,     10.0000,      1.3941,     42.5052,    246.8930,     62.1339,      3.4953,      0.0000,     -0.0318,      2.4351,      0.1527,      5.5448,     11.0896,      1.3491,     28.2176,     56.4352,      0.0191,      0.0019,      0.0156,      0.1974,   7667.9717,-420936.0000,   -946.4152,    547.3006,  25559.9043,
       1,     168,       3,       8,       1,       3,       1,     10.0000,      1.3941,     42.5052,    246.8930,     62.1339,      3.4953,      0.0014,     -0.0302,      2.2302,      0.1507,      5.5448,     11.0896,      1.3316,     28.2176,     56.4352,      0.0191,      0.0018,      0.0156,      0.1974,   7667.9717,-420896.1250,   -946.4070,    547.3033,  25559.9043,
       1,     168,       3,       9,       1,       3,       1,     10.0000,      1.3941,     42.5052,    246.8930,     62.1339,      3.4953,      0.0511,      0.0193,      7.2919,      0.1550,      5.5448,     11.0896,      1.3696,     28.2176,     56.4352,      0.0191,      0.0017,      0.0529,      0.1974,   7667.9717,-420629.6562,   -946.3506,    547.3216,  25559.9043,
       1,     168,       3,      10,       1,       3,       1,     10.0000,      1.3941,     42.5052,    246.8930,     62.1339,      3.4953,      0.1384,      0.1058,     23.5894,      0.1774,      5.5448,     11.0896,      1.5675,     28.2176,     56.4352,      0.0191,      0.0016,      0.1781,      0.1974,   7667.9717,-427103.6562,   -947.7336,    546.8787,  25559.9043,
       1,     168,       3,      11,       1,       3,       1,     10.0000,      1.3941,     42.5052,    246.8930,     62.1339,      3.4953,      0.1799,      0.1469,     30.5649,      0.1907,      5.5448,     11.0896,      1.6854,     28.2176,     56.4352,      0.0191,      0.0016,      0.2383,      0.1974,   7667.9717,-448595.2500,   -952.3297,    545.4097,  25559.9043,
       1,     168,       3,      12,       1,       3,       1,     10.0000,      1.3941,     42.5052,    246.8930,     62.1339,      3.4953,      0.1879,      0.1543,     32.2484,      0.2099,      5.5448,     11.0896,      1.8547,     28.2176,     56.4352,      0.0191,      0.0016,      0.2500,      0.1974,   7667.9717,-459444.5938,   -954.6840,    544.6720,  25559.9043,
       1,     168,       3,      13,       1,       3,       1,     10.0000,      1.3941,     42.5052,    246.8930,     62.1339,      3.4953,      0.1879,      0.1541,     33.4783,      0.2194,      5.5448,     11.0896,      1.9386,     28.2176,     56.4352,      0.0191,      0.0017,      0.2500,      0.1974,   7667.9717,-462556.9688,   -955.4041,    544.4606,  25559.9023,
       1,     168,       3,      14,       1,       3,       1,     10.0000,      1.3941,     42.5052,    246.8930,     62.1339,      3.4953,      0.1882,      0.1544,     36.7761,      0.2168,      5.5448,     11.0896,      1.9159,     28.2176,     56.4352,      0.0191,      0.0018,      0.2500,      0.1974,   7667.9712,-464409.1250,   -955.8622,    544.3346,  25559.9043,
       1,     168,       3,      15,       1,       3,       1,     10.0000,      1.3941,     42.5052,    246.8930,     62.1339,      3.4953,      0.1900,      0.1561,     60.0667,      0.2207,      5.5448,     11.0896,      1.9500,     28.2176,     56.4352,      0.0191,      0.0030,      0.2500,      0.1974,   7667.9717,-468807.1875,   -956.8716,    544.0353,  25559.9023,
       1,     168,       3,      16,       1,       3,       1,     10.0000,      1.3941,     42.5052,    246.8930,     62.1339,      3.4953,      0.1674,      0.1338,     66.1244,      0.2113,      5.5448,     11.0896,      1.8675,     28.2176,     56.4352,      0.0191,      0.0038,      0.2160,      0.1973,   7667.9712,-499111.6875,   -963.4400,    541.9745,  25559.9023,
       1,     168,       3,      17,       1,       3,       1,     10.0000,      1.3941,     42.5052,    246.8930,     62.1339,      3.4953,      0.1663,      0.1331,     86.0011,      0.1978,      5.5448,     11.0896,      1.7482,     28.2176,     56.4352,      0.0191,      0.0050,      0.2120,      0.1973,   7667.9712,-509562.3125,   -965.8837,    541.2704,  25559.9023,
       1,     168,       3,      18,       1,       3,       1,     10.0000,      1.3941,     42.5052,    246.8930,     62.1339,      3.4953,      0.1461,      0.1130,     84.8324,      0.1947,      5.5448,     11.0896,      1.7207,     28.2176,     56.4352,      0.0191,      0.0057,      0.1824,      0.1973,   7667.9712,-536022.6875,   -971.8018,    539.4807,  25559.9004,
       1,     168,       3,      19,       1,       3,       1,     10.0000,      1.3941,     42.5052,    246.8930,     62.1339,      3.4953,      0.0698,      0.0369,     36.9033,      0.1862,      5.5448,     11.0896,      1.6457,     28.2176,     56.4352,      0.0191,      0.0060,      0.0759,      0.1973,   7667.9702,-536842.6875,   -972.3377,    539.4283,  25559.9004,
       1,     168,       3,      20,       1,       3,       1,     10.0000,      1.3941,     42.5052,    246.8930,     62.1339,      3.4953,      0.0044,     -0.0281,      7.7890,      0.1727,      5.5448,     11.0896,      1.5259,     28.2176,     56.4352,      0.0191,      0.0062,      0.0156,      0.1973,   7667.9702,-475274.4375,   -959.4904,    543.5798,  25559.8984,
       1,     168,       3,      21,       1,       3,       1,     10.0000,      1.3941,     42.5052,    246.8930,     62.1339,      3.4953,      0.0000,     -0.0324,      7.7392,      0.1703,      5.5448,     11.0896,      1.5048,     28.2176,     56.4352,      0.0191,      0.0061,      0.0156,      0.1973,   7667.9697,-432539.7812,   -950.4283,    546.4996,  25559.8984,
       1,     168,       3,      22,       1,       3,       1,     10.0000,      1.3941,     42.5052,    246.8930,     62.1339,      3.4953,      0.0000,     -0.0323,      5.4979,      0.1684,      5.5448,     11.0896,      1.4883,     28.2176,     56.4352,      0.0191,      0.0044,      0.0156,      0.1974,   7667.9697,-428734.5000,   -949.6177,    546.7673,  25559.8984,
       1,     168,       3,      23,       1,       3,       1,     10.0000,      1.3941,     42.5052,    246.8930,     62.1339,      3.4953,      0.0000,     -0.0321,      5.6690,      0.1618,      5.5448,     11.0896,      1.4300,     28.2176,     56.4352,      0.0191,      0.0045,      0.0156,      0.1974,   7667.9697,-425513.3438,   -948.9301,    546.9875,  25559.8984,
       1,     168,       3,      24,       1,       3,       1,     10.0000,      1.3941,     42.5052,    246.8930,     62.1339,      3.4953,      0.0000,     -0.0320,      4.7757,      0.1585,      5.5448,     11.0896,      1.4002,     28.2176,     56.4352,      0.0191,      0.0038,      0.0156,      0.1974,   7667.9697,-425450.2500,   -948.9183,    546.9919,  25559.8984,
       1,     168,       4,       1,       1,       3,       1,     10.0000,      1.3941,     42.5055,    246.8988,     62.1354,      3.4953,      0.0000,     -0.0319,      3.4293,      0.1555,      5.5452,     11.0905,      1.3738,     28.2196,     56.4392,      0.0191,      0.0027,      0.0156,      0.1974,   7667.9697,-424452.1875,   -949.0186,    547.0729,  25561.0391,
       1,     168,       4,       2,       1,       3,       1,     10.0000,      1.3941,     42.5055,    246.8988,     62.1354,      3.4953,      0.0000,     -0.0318,      3.0100,      0.1524,      5.5452,     11.0905,      1.3465,     28.2196,     56.4392,      0.0191,      0.0024,      0.0156,      0.1974,   7668.3120,-422483.9688,   -948.2869,    547.2075,  25561.0391,
       1,     168,       4,       3,       1,       3,       1,     10.0000,      1.3941,     42.5055,    246.8988,     62.1354,      3.4953,      0.0000,     -0.0316,      2.9402,      0.1490,      5.5452,     11.0905,      1.3170,     28.2196,     56.4392,      0.0191,      0.0023,      0.0156,      0.1974,   7668.3120,-421773.0625,   -948.1358,    547.2562,  25561.0391,
       1,     168,       4,       4,       1,       3,       1,     10.0000,      1.3941,     42.5055,    246.8988,     62.1354,      3.4953,      0.0000,     -0.0317,      2.4550,      0.1501,      5.5452,     11.0905,      1.3263,     28.2196,     56.4392,      0.0191,      0.0019,      0.0156,      0.1974,   7668.3120,-421621.0312,   -948.1044,    547.2665,  25561.0391,
       1,     168,       4,       5,       1,       3,       1,     10.0000,      1.3941,     42.5055,    246.8988,     62.1354,      3.4953,      0.0000,     -0.0316,      2.0888,      0.1468,      5.5452,     11.0905,      1.2972,     28.2196,     56.4392,      0.0191,      0.0017,      0.0156,      0.1974,   7668.3120,-420984.9688,   -947.9692,    547.3101,  25561.0391,
       1,     168,       4,       6,       1,       3,       1,     10.0000,      1.3941,     42.5055,    246.8988,     62.1354,      3.4953,      0.0000,     -0.0315,      1.8232,      0.1455,      5.5452,     11.0905,      1.2855,     28.2196,     56.4392,      0.0191,      0.0014,      0.0156,      0.1974,   7668.3120,-420459.1250,   -947.8576,    547.3461,  25561.0391,
       1,     168,       4,       7,       1,       3,       1,     10.0000,      1.3941,     42.5055,    246.8988,     62.1354,      3.4953,      0.0000,     -0.0315,      1.5337,      0.1458,      5.5452,     11.0905,      1.2881,     28.2196,     56.4392,      0.0191,      0.0012,      0.0156,      0.1974,   7668.3120,-420072.0000,   -947.7755,    547.3725,  25561.0391,
       1,     168,       4,       8,       1,       3,       1,     10.0000,      1.3941,     42.5055,    246.8988,     62.1354,      3.4953,      0.0007,     -0.0306,      1.3374,      0.1393,      5.5452,     11.0905,      1.2309,     28.2196,     56.4392,      0.0191,      0.0011,      0.0156,      0.1974,   7668.3120,-419666.4375,   -947.6894,    547.4003,  25561.0391,
       1,     168,       4,       9,       1,       3,       1,     10.0000,      1.3941,     42.5055,    246.8988,     62.1354,      3.4953,      0.0467,      0.0152,      5.1961,      0.1478,      5.5452,     11.0905,      1.3064,     28.2196,     56.4392,      0.0191,      0.0014,      0.0470,      0.1974,   7668.3120,-419378.7500,   -947.6285,    547.4199,  25561.0391,
       1,     168,       4,      10,       1,       3,       1,     10.0000,      1.3941,     42.5055,    246.8988,     62.1354,      3.4953,      0.1301,      0.0978,     15.8306,      0.1691,      5.5452,     11.0905,      1.4943,     28.2196,     56.4392,      0.0191,      0.0012,      0.1669,      0.1974,   7668.3120,-424306.1875,   -948.6865,    547.0828,  25561.0391,
       1,     168,       4,      11,       1,       3,       1,     10.0000,      1.3941,     42.5055,    246.8988,     62.1354,      3.4953,      0.1606,      0.1279,     24.1249,      0.1813,      5.5452,     11.0905,      1.6022,     28.2196,     56.4392,      0.0191,      0.0014,      0.2106,      0.1974,   7668.3120,-438389.4062,   -951.7155,    546.1199,  25561.0391,
       1,     168,       4,      12,       1,       3,       1,     10.0000,      1.3941,     42.5055,    246.8988,     62.1354,      3.4953,      0.1882,      0.1549,     35.5003,      0.1992,      5.5452,     11.0905,      1.7604,     28.2196,     56.4392,      0.0191,      0.0018,      0.2500,      0.1974,   7668.3120,-450276.3438,   -954.2875,    545.3092,  25561.0410,
       1,     168,       4,      13,       1,       3,       1,     10.0000,      1.3941,     42.5055,    246.8988,     62.1354,      3.4953,      0.1869,      0.1533,     20.4205,      0.2122,      5.5452,     11.0905,      1.8749,     28.2196,     56.4392,      0.0191,      0.0010,      0.2500,      0.1974,   7668.3125,-465926.1250,   -957.6883,    544.2430,  25561.0410,
       1,     168,       4,      14,       1,       3,       1,     10.0000,      1.3941,     42.5055,    246.8988,     62.1354,      3.4953,      0.1871,      0.1532,     23.3175,      0.2205,      5.5452,     11.0905,      1.9482,     28.2196,     56.4392,      0.0191,      0.0012,      0.2500,      0.1974,   7668.3125,-447932.0000,   -953.8949,    545.4683,  25561.0410,
       1,     168,       4,      15,       1,       3,       1,     10.0000,      1.3941,     42.5055,    246.8988,     62.1354,      3.4953,      0.1891,      0.1550,     49.3650,      0.2293,      5.5452,     11.0905,      2.0260,     28.2196,     56.4392,      0.0191,      0.0024,      0.2500,      0.1974,   7668.3125,-450078.0312,   -954.3896,    545.3233,  25561.0371,
       1,     168,       4,      16,       1,       3,       1,     10.0000,      1.3941,     42.5055,    246.8988,     62.1354,      3.4953,      0.1903,      0.1564,     63.7952,      0.2218,      5.5452,     11.0905,      1.9596,     28.2196,     56.4392,      0.0191,      0.0032,      0.2500,      0.1974,   7668.3115,-483711.6875,   -961.6570,    543.0306,  25561.0352,
       1,     168,       4,      17,       1,       3,       1,     10.0000,      1.3941,     42.5055,    246.8988,     62.1354,      3.4953,      0.1805,      0.1469,     85.9651,      0.2099,      5.5452,     11.0905,      1.8548,     28.2196,     56.4392,      0.0191,      0.0046,      0.2330,      0.1974,   7668.3110,-505212.2500,   -966.4247,    541.5760,  25561.0391,
       1,     168,       4,      18,       1,       3,       1,     10.0000,      1.3941,     42.5055,    246.8988,     62.1354,      3.4953,      0.1619,      0.1285,     91.9513,      0.2040,      5.5452,     11.0905,      1.8025,     28.2196,     56.4392,      0.0191,      0.0055,      0.2048,      0.1973,   7668.3120,-535585.1250,   -973.1932,    539.5219,  25561.0371,
       1,     168,       4,      19,       1,       3,       1,     10.0000,      1.3941,     42.5055,    246.8988,     62.1354,      3.4953,      0.0605,      0.0277,     31.3281,      0.1848,      5.5452,     11.0905,      1.6328,     28.2196,     56.4392,      0.0191,      0.0061,      0.0630,      0.1973,   7668.3115,-545948.5625,   -975.7858,    538.8268,  25561.0371,
       1,     168,       4,      20,       1,       3,       1,     10.0000,      1.3941,     42.5055,    246.8988,     62.1354,      3.4953,      0.0019,     -0.0305,      7.0198,      0.1720,      5.5452,     11.0905,      1.5199,     28.2196,     56.4392,      0.0191,      0.0056,      0.0156,      0.1973,   7668.3115,-468887.8750,   -959.5734,    544.0176,  25561.0371,
       1,     168,       4,      21,       1,       3,       1,     10.0000,      1.3941,     42.5055,    246.8988,     62.1354,      3.4953,      0.0000,     -0.0321,      6.6088,      0.1631,      5.5452,     11.0905,      1.4415,     28.2196,     56.4392,      0.0191,      0.0052,      0.0156,      0.1974,   7668.3115,-431009.4688,   -951.4913,    546.6184,  25561.0371,
       1,     168,       4,      22,       1,       3,       1,     10.0000,      1.3941,     42.5055,    246.8988,     62.1354,      3.4953,      0.0000,     -0.0318,      6.2187,      0.1533,      5.5452,     11.0905,      1.3546,     28.2196,     56.4392,      0.0191,      0.0049,      0.0156,      0.1974,   7668.3115,-427149.1562,   -950.6656,    546.8884,  25561.0371,
       1,     168,       4,      23,       1,       3,       1,     10.0000,      1.3941,     42.5055,    246.8988,     62.1354,      3.4953,      0.0000,     -0.0317,      6.1601,      0.1502,      5.5452,     11.0905,      1.3276,     28.2196,     56.4392,      0.0191,      0.0049,      0.0156,      0.1974,   7668.3115,-426301.7500,   -950.9583,    546.9465,  25561.0371,
       1,     168,       4,      24,       1,       3,       1,     10.0000,      1.3941,     42.5055,    246.8988,     62.1354,      3.4953,      0.0000,     -0.0318,      4.9369,      0.1522,      5.5452,     11.0905,      1.3451,     28.2196,     56.4392,      0.0191,      0.0039,      0.0156,      0.1974,   7668.3115,-426151.9375,   -950.9249,    546.9567,  25561.0371,
       1,     168,       5,       1,       1,       3,       1,     10.0000,      1.3941,     42.5058,    246.9046,     62.1368,      3.4953,      0.0000,     -0.0318,      3.5317,      0.1525,      5.5451,     11.0902,      1.3478,     28.2218,     56.4436,      0.0191,      0.0028,      0.0156,      0.1974,   7668.3115,-424722.7500,   -950.9311,    547.0671,  25562.1777,
       1,     168,       5,       2,       1,       3,       1,     10.0000,      1.3941,     42.5058,    246.9046,     62.1368,      3.4953,      0.0000,     -0.0317,      2.5366,      0.1498,      5.5451,     11.0902,      1.3237,     28.2218,     56.4436,      0.0191,      0.0020,      0.0156,      0.1974,   7668.6538,-422641.7188,   -950.1701,    547.2094,  25562.1777,
       1,     168,       5,       3,       1,       3,       1,     10.0000,      1.3941,     42.5058,    246.9046,     62.1368,      3.4953,      0.0000,     -0.0316,      1.9740,      0.1477,      5.5451,     11.0902,      1.3051,     28.2218,     56.4436,      0.0191,      0.0016,      0.0156,      0.1974,   7668.6538,-421182.0312,   -949.8559,    547.3093,  25562.1777,
       1,     168,       5,       4,       1,       3,       1,     10.0000,      1.3941,     42.5058,    246.9046,     62.1368,      3.4953,      0.0000,     -0.0315,      1.3757,      0.1459,      5.5451,     11.0902,      1.2894,     28.2218,     56.4436,      0.0191,      0.0011,      0.0156,      0.1974,   7668.6538,-420331.8125,   -949.6734,    547.3675,  25562.1777,
       1,     168,       5,       5,       1,       3,       1,     10.0000,      1.3941,     42.5058,    246.9046,     62.1368,      3.4953,      0.0000,     -0.0315,      1.3731,      0.1459,      5.5451,     11.0902,      1.2894,     28.2218,     56.4436,      0.0191,      0.0011,      0.0156,      0.1974,   7668.6538,-419489.2500,   -949.4922,    547.4251,  25562.1777,
       1,     168,       5,       6,       1,       3,       1,     10.0000,      1.3941,     42.5058,    246.9046,     62.1368,      3.4953,      0.0000,     -0.0315,      1.2873,      0.1452,      5.5451,     11.0902,      1.2830,     28.2218,     56.4436,      0.0191,      0.0010,      0.0156,      0.1974,   7668.6538,-419412.0000,   -949.4756,    547.4304,  25562.1777,
       1,     168,       5,       7,       1,       3,       1,     10.0000,      1.3941,     42.5058,    246.9046,     62.1368,      3.4953,      0.0000,     -0.0316,      1.2725,      0.1481,      5.5451,     11.0902,      1.3091,     28.2218,     56.4436,      0.0191,      0.0010,      0.0156,      0.1974,   7668.6538,-419295.1250,   -949.4504,    547.4384,  25562.1777,
       1,     168,       5,       8,       1,       3,       1,     10.0000,      1.3941,     42.5058,    246.9046,     62.1368,      3.4953,      0.0015,     -0.0300,      1.2426,      0.1459,      5.5451,     11.0902,      1.2894,     28.2218,     56.4436,      0.0191,      0.0010,      0.0156,      0.1974,   7668.6538,-419265.8438,   -949.4442,    547.4404,  25562.1758,
       1,     168,       5,       9,       1,       3,       1,     10.0000,      1.3941,     42.5058,    246.9046,     62.1368,      3.4953,      0.0687,      0.0370,      5.8831,      0.1499,      5.5451,     11.0902,      1.3250,     28.2218,     56.4436,      0.0191,      0.0009,      0.0788,      0.1974,   7668.6528,-419225.3438,   -949.4365,    547.4432,  25562.1758,
       1,     168,       5,      10,       1,       3,       1,     10.0000,      1.3941,     42.5058,    246.9046,     62.1368,      3.4953,      0.1542,      0.1218,     18.1892,      0.1713,      5.5451,     11.0902,      1.5139,     28.2218,     56.4436,      0.0191,      0.0011,      0.2020,      0.1974,   7668.6528,-425177.0312,   -950.7202,    547.0360,  25562.1758,
       1,     168,       5,      11,       1,       3,       1,     10.0000,      1.3941,     42.5058,    246.9046,     62.1368,      3.4953,      0.1738,      0.1410,     22.0935,      0.1842,      5.5451,     11.0902,      1.6279,     28.2218,     56.4436,      0.0191,      0.0012,      0.2303,      0.1974,   7668.6528,-441494.0625,   -954.2439,    545.9203,  25562.1758,
       1,     168,       5,      12,       1,       3,       1,     10.0000,      1.3941,     42.5058,    246.9046,     62.1368,      3.4953,      0.1848,      0.1514,     26.2539,      0.2018,      5.5451,     11.0902,      1.7831,     28.2218,     56.4436,      0.0191,      0.0013,      0.2461,      0.1974,   7668.6528,-447941.3438,   -955.6580,    545.4814,  25562.1738,
       1,     168,       5,      13,       1,       3,       1,     10.0000,      1.3941,     42.5058,    246.9046,     62.1368,      3.4953,      0.1874,      0.1539,     25.5931,      0.2058,      5.5451,     11.0902,      1.8186,     28.2218,     56.4436,      0.0191,      0.0013,      0.2500,      0.1974,   7668.6523,-453847.4062,   -956.9647,    545.0790,  25562.1758,
       1,     168,       5,      14,       1,       3,       1,     10.0000,      1.3941,     42.5058,    246.9046,     62.1368,      3.4953,      0.1882,      0.1543,     37.1442,      0.2211,      5.5451,     11.0902,      1.9539,     28.2218,     56.4436,      0.0191,      0.0018,      0.2500,      0.1974,   7668.6528,-453516.5938,   -956.9343,    545.1017,  25562.1758,
       1,     168,       5,      15,       1,       3,       1,     10.0000,      1.3941,     42.5058,    246.9046,     62.1368,      3.4953,      0.1905,      0.1565,     66.4722,      0.2229,      5.5451,     11.0902,      1.9693,     28.2218,     56.4436,      0.0191,      0.0033,      0.2500,      0.1974,   7668.6528,-468318.6562,   -960.1689,    544.0931,  25562.1758,
       1,     168,       5,      16,       1,       3,       1,     10.0000,      1.3941,     42.5058,    246.9046,     62.1368,      3.4953,      0.1906,      0.1568,     91.7248,      0.2173,      5.5451,     11.0902,      1.9197,     28.2218,     56.4436,      0.0191,      0.0046,      0.2472,      0.1974,   7668.6528,-507283.3750,   -968.8479,    541.4440,  25562.1758,
       1,     168,       5,      17,       1,       3,       1,     10.0000,      1.3941,     42.5058,    246.9046,     62.1368,      3.4953,      0.1832,      0.1495,    105.9105,      0.2130,      5.5451,     11.0902,      1.8824,     28.2218,     56.4436,      0.0191,      0.0056,      0.2346,      0.1974,   7668.6528,-543163.8750,   -976.8345,    539.0220,  25562.1758,
       1,     168,       5,      18,       1,       3,       1,     10.0000,      1.3941,     42.5058,    246.9046,     62.1368,      3.4953,      0.1625,      0.1291,     91.6917,      0.2060,      5.5451,     11.0902,      1.8204,     28.2218,     56.4436,      0.0191,      0.0055,      0.2058,      0.1973,   7668.6528,-564550.5625,   -981.8442,    537.5864,  25562.1738,
       1,     168,       5,      19,       1,       3,       1,     10.0000,      1.3941,     42.5058,    246.9046,     62.1368,      3.4953,      0.0961,      0.0631,     54.7939,      0.1907,      5.5451,     11.0902,      1.6854,     28.2218,     56.4436,      0.0191,      0.0060,      0.1124,      0.1973,   7668.6523,-548129.8750,   -978.7682,    538.6917,  25562.1738,
       1,     168,       5,      20,       1,       3,       1,     10.0000,      1.3941,     42.5058,    246.9046,     62.1368,      3.4953,      0.0050,     -0.0275,      7.6357,      0.1743,      5.5451,     11.0902,      1.5398,     28.2218,     56.4436,      0.0191,      0.0060,      0.0156,      0.1973,   7668.6523,-499248.9062,   -968.5802,    541.9844,  25562.1719,
       1,     168,       5,      21,       1,       3,       1,     10.0000,      1.3941,     42.5058,    246.9046,     62.1368,      3.4953,      0.0000,     -0.0322,      7.5029,      0.1656,      5.5451,     11.0902,      1.4633,     28.2218,     56.4436,      0.0191,      0.0059,      0.0156,      0.1974,   7668.6519,-434416.0000,   -954.7123,    546.3868,  25562.1719,
       1,     168,       5,      22,       1,       3,       1,     10.0000,      1.3941,     42.5058,    246.9046,     62.1368,      3.4953,      0.0000,     -0.0321,      7.2089,      0.1614,      5.5451,     11.0902,      1.4258,     28.2218,     56.4436,      0.0191,      0.0057,      0.0156,      0.1974,   7668.6519,-428612.7812,   -953.4580,    546.8010,  25562.1719,
       1,     168,       5,      23,       1,       3,       1,     10.0000,      1.3941,     42.5058,    246.9046,     62.1368,      3.4953,      0.0000,     -0.0319,      7.2789,      0.1577,      5.5451,     11.0902,      1.3933,     28.2218,     56.4436,      0.0191,      0.0058,      0.0156,      0.1974,   7668.6519,-427703.6250,   -953.2591,    546.8633,  25562.1719,
       1,     168,       5,      24,       1,       3,       1,     10.0000,      1.3941,     42.5058,    246.9046,     62.1368,      3.4953,      0.0000,     -0.0319,      5.8706,      0.1578,      5.5451,     11.0902,      1.3947,     28.2218,     56.4436,      0.0191,      0.0046,      0.0156,      0.1974,   7668.6519,-427713.5938,   -953.2590,    546.8627,  25562.1719,
       1,     168,       6,       1,       1,       3,       1,     10.0000,      1.3941,     42.5062,    246.9104,     62.1383,      3.4953,      0.0000,     -0.0319,      4.4331,      0.1575,      5.5455,     11.0910,      1.3919,     28.2266,     56.4532,      0.0191,      0.0035,      0.0156,      0.1975,   7668.6519,-426061.0625,   -953.2162,    546.9886,  25563.3125,
       1,     168,       6,       2,       1,       3,       1,     10.0000,      1.3941,     42.5062,    246.9104,     62.1383,      3.4953,      0.0000,     -0.0319,      3.8665,      0.1567,      5.5455,     11.0910,      1.3849,     28.2266,     56.4532,      0.0191,      0.0031,      0.0156,      0.1975,   7668.9941,-423918.9688,   -952.4371,    547.1351,  25563.3125,
       1,     168,       6,       3,       1,       3,       1,     10.0000,      1.3941,     42.5062,    246.9104,     62.1383,      3.4953,      0.0000,     -0.0317,      3.2198,      0.1507,      5.5455,     11.0910,      1.3317,     28.2266,     56.4532,      0.0191,      0.0025,      0.0156,      0.1975,   7668.9941,-423003.9375,   -952.2384,    547.1976,  25563.3125,
       1,     168,       6,       4,       1,       3,       1,     10.0000,      1.3941,     42.5062,    246.9104,     62.1383,      3.4953,      0.0000,     -0.0317,      2.8698,      0.1510,      5.5455,     11.0910,      1.3344,     28.2266,     56.4532,      0.0191,      0.0023,      0.0156,      0.1975,   7668.9941,-422093.6875,   -952.0410,    547.2599,  25563.3125,
       1,     168,       6,       5,       1,       3,       1,     10.0000,      1.3941,     42.5062,    246.9104,     62.1383,      3.4953,      0.0000,     -0.0317,      2.8543,      0.1504,      5.5455,     11.0910,      1.3290,     28.2266,     56.4532,      0.0191,      0.0023,      0.0156,      0.1975,   7668.9941,-421564.8438,   -951.9262,    547.2961,  25563.3125,
       1,     168,       6,       6,       1,       3,       1,     10.0000,      1.3941,     42.5062,    246.9104,     62.1383,      3.4953,      0.0000,     -0.0318,      2.5823,      0.1536,      5.5455,     11.0910,      1.3574,     28.2266,     56.4532,      0.0191,      0.0020,      0.0156,      0.1975,   7668.9941,-421498.3750,   -951.9115,    547.3007,  25563.3125,
       1,     168,       6,       7,       1,       3,       1,     10.0000,      1.3941,     42.5062,    246.9104,     62.1383,      3.4953,      0.0000,     -0.0318,      2.3305,      0.1542,      5.5455,     11.0910,      1.3629,     28.2266,     56.4532,      0.0191,      0.0018,      0.0156,      0.1975,   7668.9941,-421143.5312,   -951.8345,    547.3249,  25563.3125,
       1,     168,       6,       8,       1,       3,       1,     10.0000,      1.3941,     42.5062,    246.9104,     62.1383,      3.4953,      0.0011,     -0.0308,      2.0078,      0.1574,      5.5455,     11.0910,      1.3905,     28.2266,     56.4532,      0.0191,      0.0016,      0.0156,      0.1975,   7668.9941,-420789.3125,   -951.7577,    547.3492,  25563.3125,
       1,     168,       6,       9,       1,       3,       1,     10.0000,      1.3941,     42.5062,    246.9104,     62.1383,      3.4953,      0.0450,      0.0131,      5.9362,      0.1569,      5.5455,     11.0910,      1.3863,     28.2266,     56.4532,      0.0191,      0.0017,      0.0441,      0.1975,   7668.9941,-420343.9375,   -951.6613,    547.3796,  25563.3125,
       1,     168,       6,      10,       1,       3,       1,     10.0000,      1.3941,     42.5062,    246.9104,     62.1383,      3.4953,      0.1101,      0.0780,     19.3080,      0.1631,      5.5455,     11.0910,      1.4416,     28.2266,     56.4532,      0.0191,      0.0017,      0.1374,      0.1975,   7668.9941,-425345.8438,   -952.7473,    547.0374,  25563.3125,
       1,     168,       6,      11,       1,       3,       1,     10.0000,      1.3941,     42.5062,    246.9104,     62.1383,      3.4953,      0.1725,      0.1398,     36.4542,      0.1808,      5.5455,     11.0910,      1.5975,     28.2266,     56.4532,      0.0191,      0.0020,      0.2267,      0.1975,   7668.9941,-442945.0625,   -956.5744,    545.8341,  25563.3105,
       1,     168,       6,      12,       1,       3,       1,     10.0000,      1.3941,     42.5062,    246.9104,     62.1383,      3.4953,      0.1796,      0.1463,     46.0173,      0.1996,      5.5455,     11.0910,      1.7639,     28.2266,     56.4532,      0.0191,      0.0024,      0.2361,      0.1974,   7668.9937,-466502.4375,   -961.7173,    544.2281,  25563.3105,
       1,     168,       6,      13,       1,       3,       1,     10.0000,      1.3941,     42.5062,    246.9104,     62.1383,      3.4953,      0.1753,      0.1420,     51.4340,      0.2014,      5.5455,     11.0910,      1.7797,     28.2266,     56.4532,      0.0191,      0.0028,      0.2292,      0.1974,   7668.9937,-480852.2812,   -964.9120,    543.2543,  25563.3125,
       1,     168,       6,      14,       1,       3,       1,     10.0000,      1.3941,     42.5062,    246.9104,     62.1383,      3.4953,      0.1898,      0.1557,     58.4340,      0.2275,      5.5455,     11.0910,      2.0103,     28.2266,     56.4532,      0.0191,      0.0029,      0.2500,      0.1974,   7668.9941,-489065.0938,   -966.8295,    542.6974,  25563.3105,
       1,     168,       6,      15,       1,       3,       1,     10.0000,      1.3941,     42.5062,    246.9104,     62.1383,      3.4953,      0.1904,      0.1565,     65.5835,      0.2203,      5.5455,     11.0910,      1.9463,     28.2266,     56.4532,      0.0191,      0.0032,      0.2500,      0.1974,   7668.9937,-498775.4688,   -969.1000,    542.0390,  25563.3105,
       1,     168,       6,      16,       1,       3,       1,     10.0000,      1.3941,     42.5062,    246.9104,     62.1383,      3.4953,      0.1895,      0.1558,     81.5094,      0.2145,      5.5455,     11.0910,      1.8954,     28.2266,     56.4532,      0.0191,      0.0041,      0.2468,      0.1974,   7668.9937,-508810.8125,   -971.4834,    541.3595,  25563.3105,
       1,     168,       6,      17,       1,       3,       1,     10.0000,      1.3941,     42.5062,    246.9104,     62.1383,      3.4953,      0.1827,      0.1491,    102.1133,      0.2095,      5.5455,     11.0910,      1.8512,     28.2266,     56.4532,      0.0191,      0.0054,      0.2343,      0.1974,   7668.9937,-530152.9375,   -976.3743,    539.9156,  25563.3066,
       1,     168,       6,      18,       1,       3,       1,     10.0000,      1.3941,     42.5062,    246.9104,     62.1383,      3.4953,      0.1638,      0.1305,     95.4370,      0.1975,      5.5455,     11.0910,      1.7448,     28.2266,     56.4532,      0.0191,      0.0057,      0.2071,      0.1974,   7668.9922,-558508.8750,   -982.8876,    538.0039,  25563.3086,
       1,     168,       6,      19,       1,       3,       1,     10.0000,      1.3941,     42.5062,    246.9104,     62.1383,      3.4953,      0.1018,      0.0689,     63.1186,      0.1844,      5.5455,     11.0910,      1.6296,     28.2266,     56.4532,      0.0191,      0.0065,      0.1198,      0.1973,   7668.9927,-552409.9375,   -982.0100,    538.4174,  25563.3086,
       1,     168,       6,      20,       1,       3,       1,     10.0000,      1.3941,     42.5062,    246.9104,     62.1383,      3.4953,      0.0048,     -0.0277,      7.1836,      0.1736,      5.5455,     11.0910,      1.5337,     28.2266,     56.4532,      0.0191,      0.0057,      0.0156,      0.1973,   7668.9927,-510316.3750,   -973.2440,    541.2505,  25563.3105,
       1,     168,       6,      21,       1,       3,       1,     10.0000,      1.3941,     42.5062,    246.9104,     62.1383,      3.4953,      0.0000,     -0.0323,      6.9739,      0.1668,      5.5455,     11.0910,      1.4736,     28.2266,     56.4532,      0.0191,      0.0055,      0.0156,      0.1974,   7668.9937,-434788.3750,   -956.9761,    546.3679,  25563.3086,
       1,     168,       6,      22,       1,       3,       1,     10.0000,      1.3941,     42.5062,    246.9104,     62.1383,      3.4953,      0.0000,     -0.0322,      6.8871,      0.1646,      5.5455,     11.0910,      1.4546,     28.2266,     56.4532,      0.0191,      0.0055,      0.0156,      0.1975,   7668.9927,-427976.8750,   -955.4961,    546.8574,  25563.3086,
       1,     168,       6,      23,       1,       3,       1,     10.0000,      1.3941,     42.5062,    246.9104,     62.1383,      3.4953,      0.0000,     -0.0321,      5.5127,      0.1615,      5.5455,     11.0910,      1.4272,     28.2266,     56.4532,      0.0191,      0.0044,      0.0156,      0.1975,   7668.9927,-427237.2188,   -955.3356,    546.9082,  25563.3086,
       1,     168,       6,      24,       1,       3,       1,     10.0000,      1.3941,     42.5062,    246.9104,     62.1383,      3.4953,      0.0000,     -0.0320,      4.5330,      0.1593,      5.5455,     11.0910,      1.4073,     28.2266,     56.4532,      0.0191,      0.0036,      0.0156,      0.1975,   7668.9927,-425408.1250,   -954.9377,    547.0332,  25563.3086,
       1,     168,       7,       1,       1,       3,       1,     10.0000,      1.3941,     42.5065,    246.9162,     62.1397,      3.4953,      0.0000,     -0.0318,      3.9074,      0.1545,      5.5451,     11.0901,      1.3656,     28.2292,     56.4584,      0.0191,      0.0031,      0.0156,      0.1975,   7668.9927,-424144.6562,   -954.9812,    547.1323,  25564.4492,
       1,     168,       7,       2,       1,       3,       1,     10.0000,      1.3941,     42.5065,    246.9162,     62.1397,      3.4953,      0.0000,     -0.0319,      3.7383,      0.1555,      5.5451,     11.0901,      1.3739,     28.2292,     56.4584,      0.0191,      0.0030,      0.0156,      0.1975,   7669.3350,-423078.8438,   -954.4319,    547.2053,  25564.4492,
       1,     168,       7,       3,       1,       3,       1,     10.0000,      1.3941,     42.5065,    246.9162,     62.1397,      3.4953,      0.0000,     -0.0317,      3.3393,      0.1516,      5.5451,     11.0901,      1.3398,     28.2292,     56.4584,      0.0191,      0.0026,      0.0156,      0.1975,   7669.3350,-422768.2812,   -954.3648,    547.2265,  25564.4492,
       1,     168,       7,       4,       1,       3,       1,     10.0000,      1.3941,     42.5065,    246.9162,     62.1397,      3.4953,      0.0000,     -0.0316,      3.0254,      0.1477,      5.5451,     11.0901,      1.3052,     28.2292,     56.4584,      0.0191,      0.0024,      0.0156,      0.1975,   7669.3350,-422229.1250,   -954.2480,    547.2634,  25564.4473,
       1,     168,       7,       5,       1,       3,       1,     10.0000,      1.3941,     42.5065,    246.9162,     62.1397,      3.4953,      0.0000,     -0.0315,      2.9131,      0.1448,      5.5451,     11.0901,      1.2791,     28.2292,     56.4584,      0.0191,      0.0023,      0.0156,      0.1975,   7669.3345,-421779.5312,   -954.1513,    547.2941,  25564.4473,
       1,     168,       7,       6,       1,       3,       1,     10.0000,      1.3941,     42.5065,    246.9162,     62.1397,      3.4953,      0.0000,     -0.0314,      2.7297,      0.1436,      5.5451,     11.0901,      1.2689,     28.2292,     56.4584,      0.0191,      0.0022,      0.0156,      0.1975,   7669.3345,-421595.8125,   -954.1119,    547.3066,  25564.4473,
       1,     168,       7,       7,       1,       3,       1,     10.0000,      1.3941,     42.5065,    246.9162,     62.1397,      3.4953,      0.0000,     -0.0315,      2.8963,      0.1445,      5.5451,     11.0901,      1.2766,     28.2292,     56.4584,      0.0191,      0.0023,      0.0156,      0.1975,   7669.3345,-421344.4688,   -954.0576,    547.3239,  25564.4473,
       1,     168,       7,       8,       1,       3,       1,     10.0000,      1.3941,     42.5065,    246.9162,     62.1397,      3.4953,      0.0014,     -0.0302,      2.6687,      0.1471,      5.5451,     11.0901,      1.2999,     28.2292,     56.4584,      0.0191,      0.0021,      0.0156,      0.1975,   7669.3345,-421536.1250,   -954.1000,    547.3108,  25564.4473,
       1,     168,       7,       9,       1,       3,       1,     10.0000,      1.3941,     42.5065,    246.9162,     62.1397,      3.4953,      0.0939,      0.0620,     18.5172,      0.1561,      5.5451,     11.0901,      1.3794,     28.2292,     56.4584,      0.0191,      0.0020,      0.1140,      0.1975,   7669.3345,-421260.9375,   -954.0407,    547.3296,  25564.4473,
       1,     168,       7,      10,       1,       3,       1,     10.0000,      1.3941,     42.5065,    246.9162,     62.1397,      3.4953,      0.1596,      0.1272,     29.9550,      0.1722,      5.5451,     11.0901,      1.5215,     28.2292,     56.4584,      0.0191,      0.0018,      0.2085,      0.1975,   7669.3345,-441571.2188,   -958.4871,    545.9400,  25564.4473,
       1,     168,       7,      11,       1,       3,       1,     10.0000,      1.3941,     42.5065,    246.9162,     62.1397,      3.4953,      0.1803,      0.1475,     36.1174,      0.1841,      5.5451,     11.0901,      1.6264,     28.2292,     56.4584,      0.0191,      0.0019,      0.2381,      0.1975,   7669.3345,-458038.4688,   -962.1155,    544.8181,  25564.4473,
       1,     168,       7,      12,       1,       3,       1,     10.0000,      1.3941,     42.5065,    246.9162,     62.1397,      3.4953,      0.1888,      0.1555,     42.2223,      0.1975,      5.5451,     11.0901,      1.7449,     28.2292,     56.4584,      0.0191,      0.0021,      0.2500,      0.1975,   7669.3345,-467393.9375,   -964.2185,    544.1821,  25564.4453,
       1,     168,       7,      13,       1,       3,       1,     10.0000,      1.3941,     42.5065,    246.9162,     62.1397,      3.4953,      0.1889,      0.1555,     45.2779,      0.2060,      5.5451,     11.0901,      1.8205,     28.2292,     56.4584,      0.0191,      0.0022,      0.2500,      0.1975,   7669.3340,-476051.4062,   -966.1915,    543.5935,  25564.4473,
       1,     168,       7,      14,       1,       3,       1,     10.0000,      1.3941,     42.5065,    246.9162,     62.1397,      3.4953,      0.1897,      0.1561,     55.6000,      0.2114,      5.5451,     11.0901,      1.8677,     28.2292,     56.4584,      0.0191,      0.0027,      0.2500,      0.1974,   7669.3345,-480733.5625,   -967.3262,    543.2756,  25564.4492,
       1,     168,       7,      15,       1,       3,       1,     10.0000,      1.3941,     42.5065,    246.9162,     62.1397,      3.4953,      0.1918,      0.1581,     81.8513,      0.2116,      5.5451,     11.0901,      1.8696,     28.2292,     56.4584,      0.0191,      0.0040,      0.2500,      0.1974,   7669.3350,-494398.4688,   -970.4468,    542.3478,  25564.4473,
       1,     168,       7,      16,       1,       3,       1,     10.0000,      1.3941,     42.5065,    246.9162,     62.1397,      3.4953,      0.1912,      0.1577,     99.6881,      0.2081,      5.5451,     11.0901,      1.8385,     28.2292,     56.4584,      0.0191,      0.0050,      0.2471,      0.1974,   7669.3345,-529316.1250,   -978.2858,    539.9814,  25564.4453,
       1,     168,       7,      17,       1,       3,       1,     10.0000,      1.3941,     42.5065,    246.9162,     62.1397,      3.4953,      0.1791,      0.1459,    100.4220,      0.1981,      5.5451,     11.0901,      1.7501,     28.2292,     56.4584,      0.0191,      0.0054,      0.2291,      0.1974,   7669.3340,-555308.9375,   -984.3157,    538.2321,  25564.4473,
       1,     168,       7,      18,       1,       3,       1,     10.0000,      1.3941,     42.5065,    246.9162,     62.1397,      3.4953,      0.1607,      0.1277,     89.2638,      0.1889,      5.5451,     11.0901,      1.6689,     28.2292,     56.4584,      0.0191,      0.0054,      0.2032,      0.1974,   7669.3345,-558526.5625,   -985.4630,    538.0185,  25564.4434,
       1,     168,       7,      19,       1,       3,       1,     10.0000,      1.3941,     42.5065,    246.9162,     62.1397,      3.4953,      0.0650,      0.0325,     31.9834,      0.1757,      5.5451,     11.0901,      1.5521,     28.2292,     56.4584,      0.0191,      0.0057,      0.0698,      0.1973,   7669.3335,-544456.9375,   -982.8283,    538.9647,  25564.4453,
       1,     168,       7,      20,       1,       3,       1,     10.0000,      1.3941,     42.5065,    246.9162,     62.1397,      3.4953,      0.0051,     -0.0273,      7.4260,      0.1698,      5.5451,     11.0901,      1.5004,     28.2292,     56.4584,      0.0191,      0.0059,      0.0156,      0.1974,   7669.3340,-469594.6875,   -966.7395,    544.0090,  25564.4434,
       1,     168,       7,      21,       1,       3,       1,     10.0000,      1.3941,     42.5065,    246.9162,     62.1397,      3.4953,      0.0000,     -0.0322,      7.0385,      0.1661,      5.5451,     11.0901,      1.4678,     28.2292,     56.4584,      0.0191,      0.0056,      0.0156,      0.1975,   7669.3335,-431596.8125,   -958.4526,    546.6166,  25564.4414,
       1,     168,       7,      22,       1,       3,       1,     10.0000,      1.3941,     42.5065,    246.9162,     62.1397,      3.4953,      0.0000,     -0.0321,      6.5056,      0.1620,      5.5451,     11.0901,      1.4315,     28.2292,     56.4584,      0.0191,      0.0051,      0.0156,      0.1975,   7669.3325,-427759.4375,   -957.6145,    546.8851,  25564.4414,
       1,     168,       7,      23,       1,       3,       1,     10.0000,      1.3941,     42.5065,    246.9162,     62.1397,      3.4953,      0.0000,     -0.0320,      5.5001,      0.1586,      5.5451,     11.0901,      1.4017,     28.2292,     56.4584,      0.0191,      0.0044,      0.0156,      0.1975,   7669.3325,-426731.0625,   -957.3911,    546.9554,  25564.4414,
       1,     168,       7,      24,       1,       3,       1,     10.0000,      1.3941,     42.5065,    246.9162,     62.1397,      3.4953,      0.0000,     -0.0319,      4.7335,      0.1575,      5.5451,     11.0901,      1.3919,     28.2292,     56.4584,      0.0191,      0.0037,      0.0156,      0.1975,   7669.3325,-425350.5625,   -957.0903,    547.0498,  25564.4414,
       1,     168,       8,       1,       1,       3,       1,     10.0000,      1.3942,     42.5068,    246.9220,     62.1412,      3.4953,      0.0000,     -0.0319,      4.3076,      0.1567,      5.5456,     11.0911,      1.3850,     28.2343,     56.4685,      0.0191,      0.0034,      0.0156,      0.1975,   7669.3325,-424399.8438,   -957.2040,    547.1276,  25565.5820,
       1,     168,       8,       2,       1,       3,       1,     10.0000,      1.3942,     42.5068,    246.9220,     62.1412,      3.4953,      0.0000,     -0.0318,      3.5814,      0.1532,      5.5456,     11.0911,      1.3534,     28.2343,     56.4685,      0.0191,      0.0028,      0.0156,      0.1975,   7669.6748,-423618.0000,   -956.7142,    547.1812,  25565.5820,
       1,     168,       8,       3,       1,       3,       1,     10.0000,      1.3942,     42.5068,    246.9220,     62.1412,      3.4953,      0.0000,     -0.0316,      3.1699,      0.1485,      5.5456,     11.0911,      1.3118,     28.2343,     56.4685,      0.0191,      0.0025,      0.0156,      0.1975,   7669.6748,-422617.5625,   -956.4960,    547.2495,  25565.5820,
       1,     168,       8,       4,       1,       3,       1,     10.0000,      1.3942,     42.5068,    246.9220,     62.1412,      3.4953,      0.0000,     -0.0316,      2.7204,      0.1473,      5.5456,     11.0911,      1.3013,     28.2343,     56.4685,      0.0191,      0.0022,      0.0156,      0.1975,   7669.6748,-422002.0000,   -956.3624,    547.2916,  25565.5820,
       1,     168,       8,       5,       1,       3,       1,     10.0000,      1.3942,     42.5068,    246.9220,     62.1412,      3.4953,      0.0000,     -0.0315,      2.6575,      0.1440,      5.5456,     11.0911,      1.2727,     28.2343,     56.4685,      0.0191,      0.0021,      0.0156,      0.1975,   7669.6748,-421371.2188,   -956.2249,    547.3348,  25565.5820,
       1,     168,       8,       6,       1,       3,       1,     10.0000,      1.3942,     42.5068,    246.9220,     62.1412,      3.4953,      0.0000,     -0.0314,      2.7050,      0.1424,      5.5456,     11.0911,      1.2587,     28.2343,     56.4685,      0.0191,      0.0021,      0.0156,      0.1975,   7669.6748,-421235.1250,   -956.1964,    547.3441,  25565.5820,
       1,     168,       8,       7,       1,       3,       1,     10.0000,      1.3942,     42.5068,    246.9220,     62.1412,      3.4953,      0.0000,     -0.0312,      2.5318,      0.1379,      5.5456,     11.0911,      1.2186,     28.2343,     56.4685,      0.0191,      0.0020,      0.0156,      0.1975,   7669.6748,-421284.0938,   -956.2083,    547.3407,  25565.5820,
       1,     168,       8,       8,       1,       3,       1,     10.0000,      1.3942,     42.5068,    246.9220,     62.1412,      3.4953,      0.0016,     -0.0295,      2.4840,      0.1350,      5.5456,     11.0911,      1.1930,     28.2343,     56.4685,      0.0191,      0.0020,      0.0156,      0.1975,   7669.6748,-421066.2812,   -956.1616,    547.3557,  25565.5820,
       1,     168,       8,       9,       1,       3,       1,     10.0000,      1.3942,     42.5068,    246.9220,     62.1412,      3.4953,      0.0685,      0.0372,     13.5577,      0.1382,      5.5456,     11.0911,      1.2211,     28.2343,     56.4685,      0.0191,      0.0021,      0.0779,      0.1975,   7669.6748,-420985.7500,   -956.1450,    547.3611,  25565.5820,
       1,     168,       8,      10,       1,       3,       1,     10.0000,      1.3942,     42.5068,    246.9220,     62.1412,      3.4953,      0.1569,      0.1249,     40.4685,      0.1577,      5.5456,     11.0911,      1.3934,     28.2343,     56.4685,      0.0191,      0.0025,      0.2033,      0.1975,   7669.6748,-435185.0938,   -959.2768,    546.3896,  25565.5820,
       1,     168,       8,      11,       1,       3,       1,     10.0000,      1.3942,     42.5068,    246.9220,     62.1412,      3.4953,      0.1836,      0.1510,     49.9550,      0.1801,      5.5456,     11.0911,      1.5913,     28.2343,     56.4685,      0.0191,      0.0026,      0.2414,      0.1975,   7669.6748,-470964.5938,   -967.1795,    543.9468,  25565.5820,
       1,     168,       8,      12,       1,       3,       1,     10.0000,      1.3942,     42.5068,    246.9220,     62.1412,      3.4953,      0.1887,      0.1556,     41.2111,      0.1940,      5.5456,     11.0911,      1.7142,     28.2343,     56.4685,      0.0191,      0.0020,      0.2500,      0.1975,   7669.6748,-486295.0000,   -970.6492,    542.9099,  25565.5840,
       1,     168,       8,      13,       1,       3,       1,     10.0000,      1.3942,     42.5068,    246.9220,     62.1412,      3.4953,      0.1885,      0.1553,     39.6273,      0.1996,      5.5456,     11.0911,      1.7640,     28.2343,     56.4685,      0.0191,      0.0020,      0.2500,      0.1975,   7669.6753,-476404.0625,   -968.6165,    543.5822,  25565.5801,
       1,     168,       8,      14,       1,       3,       1,     10.0000,      1.3942,     42.5068,    246.9220,     62.1412,      3.4953,      0.1892,      0.1555,     49.2125,      0.2130,      5.5456,     11.0911,      1.8825,     28.2343,     56.4685,      0.0191,      0.0024,      0.2500,      0.1975,   7669.6743,-473505.6250,   -968.0898,    543.7795,  25565.5801,
       1,     168,       8,      15,       1,       3,       1,     10.0000,      1.3942,     42.5068,    246.9220,     62.1412,      3.4953,      0.1918,      0.1579,     83.0560,      0.2194,      5.5456,     11.0911,      1.9388,     28.2343,     56.4685,      0.0191,      0.0041,      0.2500,      0.1975,   7669.6743,-485558.0938,   -970.8489,    542.9603,  25565.5820,
       1,     168,       8,      16,       1,       3,       1,     10.0000,      1.3942,     42.5068,    246.9220,     62.1412,      3.4953,      0.1924,      0.1588,    108.6411,      0.2095,      5.5456,     11.0911,      1.8513,     28.2343,     56.4685,      0.0191,      0.0054,      0.2479,      0.1975,   7669.6748,-530074.2500,   -980.8260,    539.9396,  25565.5781,
       1,     168,       8,      17,       1,       3,       1,     10.0000,      1.3942,     42.5068,    246.9220,     62.1412,      3.4953,      0.1738,      0.1406,    101.7103,      0.1961,      5.5456,     11.0911,      1.7329,     28.2343,     56.4685,      0.0191,      0.0057,      0.2211,      0.1974,   7669.6738,-566872.3750,   -989.2894,    537.4644,  25565.5820,
       1,     168,       8,      18,       1,       3,       1,     10.0000,      1.3942,     42.5068,    246.9220,     62.1412,      3.4953,      0.1657,      0.1326,    104.3695,      0.1930,      5.5456,     11.0911,      1.7057,     28.2343,     56.4685,      0.0191,      0.0062,      0.2090,      0.1974,   7669.6748,-561183.3125,   -988.5195,    537.8522,  25565.5801,
       1,     168,       8,      19,       1,       3,       1,     10.0000,      1.3942,     42.5068,    246.9220,     62.1412,      3.4953,      0.0933,      0.0606,     58.6225,      0.1790,      5.5456,     11.0911,      1.5818,     28.2343,     56.4685,      0.0191,      0.0067,      0.1080,      0.1974,   7669.6743,-564098.8125,   -989.6391,    537.6564,  25565.5801,
       1,     168,       8,      20,       1,       3,       1,     10.0000,      1.3942,     42.5068,    246.9220,     62.1412,      3.4953,      0.0062,     -0.0261,      8.7342,      0.1676,      5.5456,     11.0911,      1.4811,     28.2343,     56.4685,      0.0191,      0.0069,      0.0156,      0.1974,   7669.6743,-505531.7812,   -977.1254,    541.5925,  25565.5781,
       1,     168,       8,      21,       1,       3,       1,     10.0000,      1.3942,     42.5068,    246.9220,     62.1412,      3.4953,      0.0000,     -0.0321,      7.8517,      0.1607,      5.5456,     11.0911,      1.4202,     28.2343,     56.4685,      0.0191,      0.0062,      0.0156,      0.1974,   7669.6738,-436380.1875,   -961.9975,    546.2885,  25565.5801,
       1,     168,       8,      22,       1,       3,       1,     10.0000,      1.3942,     42.5068,    246.9220,     62.1412,      3.4953,      0.0000,     -0.0320,      6.9060,      0.1583,      5.5456,     11.0911,      1.3990,     28.2343,     56.4685,      0.0191,      0.0055,      0.0156,      0.1975,   7669.6743,-429242.1250,   -960.4241,    546.7963,  25565.5781,
       1,     168,       8,      23,       1,       3,       1,     10.0000,      1.3942,     42.5068,    246.9220,     62.1412,      3.4953,      0.0000,     -0.0319,      7.0167,      0.1566,      5.5456,     11.0911,      1.3836,     28.2343,     56.4685,      0.0191,      0.0056,      0.0156,      0.1975,   7669.6738,-427377.4062,   -960.0159,    546.9240,  25565.5781,
       1,     168,       8,      24,       1,       3,       1,     10.0000,      1.3942,     42.5068,    246.9220,     62.1412,      3.4953,      0.0000,     -0.0318,      5.7187,      0.1536,      5.5456,     11.0911,      1.3575,     28.2343,     56.4685,      0.0191,      0.0045,      0.0156,      0.1975,   7669.6738,-427355.5312,   -960.0153,    546.9255,  25565.5781,
       1,     168,       9,       1,       1,       3,       1,     10.0000,      1.3942,     42.5072,    246.9278,     62.1427,      3.4953,      0.0000,     -0.0317,      4.6341,      0.1503,      5.5455,     11.0910,      1.3278,     28.2394,     56.4788,      0.0191,      0.0037,      0.0156,      0.1975,   7669.6738,-425842.2812,   -960.0070,    547.0418,  25566.7188,
       1,     168,       9,       2,       1,       3,       1,     10.0000,      1.3942,     42.5072,    246.9278,     62.1427,      3.4953,      0.0000,     -0.0314,      3.8447,      0.1426,      5.5455,     11.0910,      1.2600,     28.2394,     56.4788,      0.0191,      0.0030,      0.0156,      0.1975,   7670.0161,-424166.1250,   -959.3168,    547.1564,  25566.7168,
       1,     168,       9,       3,       1,       3,       1,     10.0000,      1.3942,     42.5072,    246.9278,     62.1427,      3.4953,      0.0000,     -0.0315,      3.4840,      0.1439,      5.5455,     11.0910,      1.2715,     28.2394,     56.4788,      0.0191,      0.0028,      0.0156,      0.1975,   7670.0151,-423006.6562,   -959.0630,    547.2358,  25566.7168,
       1,     168,       9,       4,       1,       3,       1,     10.0000,      1.3942,     42.5072,    246.9278,     62.1427,      3.4953,      0.0000,     -0.0314,      3.4229,      0.1424,      5.5455,     11.0910,      1.2587,     28.2394,     56.4788,      0.0191,      0.0027,      0.0156,      0.1975,   7670.0151,-422442.1562,   -958.9402,    547.2744,  25566.7168,
       1,     168,       9,       5,       1,       3,       1,     10.0000,      1.3942,     42.5072,    246.9278,     62.1427,      3.4953,      0.0000,     -0.0314,      2.9534,      0.1433,      5.5455,     11.0910,      1.2664,     28.2394,     56.4788,      0.0191,      0.0023,      0.0156,      0.1975,   7670.0151,-422314.0625,   -958.9139,    547.2831,  25566.7168,
       1,     168,       9,       6,       1,       3,       1,     10.0000,      1.3942,     42.5072,    246.9278,     62.1427,      3.4953,      0.0000,     -0.0316,      2.8853,      0.1485,      5.5455,     11.0910,      1.3118,     28.2394,     56.4788,      0.0191,      0.0023,      0.0156,      0.1975,   7670.0151,-421700.7500,   -958.7800,    547.3251,  25566.7168,
       1,     168,       9,       7,       1,       3,       1,     10.0000,      1.3942,     42.5072,    246.9278,     62.1427,      3.4953,      0.0000,     -0.0316,      2.0705,      0.1482,      5.5455,     11.0910,      1.3092,     28.2394,     56.4788,      0.0191,      0.0016,      0.0156,      0.1975,   7670.0151,-421559.5000,   -958.7505,    547.3347,  25566.7168,
       1,     168,       9,       8,       1,       3,       1,     10.0000,      1.3942,     42.5072,    246.9278,     62.1427,      3.4953,      0.0013,     -0.0302,      2.1928,      0.1432,      5.5455,     11.0910,      1.2651,     28.2394,     56.4788,      0.0191,      0.0017,      0.0156,      0.1975,   7670.0151,-420501.9688,   -958.5178,    547.4071,  25566.7168,
       1,     168,       9,       9,       1,       3,       1,     10.0000,      1.3942,     42.5072,    246.9278,     62.1427,      3.4953,      0.0703,      0.0386,     13.1364,      0.1507,      5.5455,     11.0910,      1.3318,     28.2394,     56.4788,      0.0191,      0.0020,      0.0802,      0.1975,   7670.0151,-420565.9375,   -958.5334,    547.4027,  25566.7168,
       1,     168,       9,      10,       1,       3,       1,     10.0000,      1.3942,     42.5072,    246.9278,     62.1427,      3.4953,      0.1527,      0.1206,     38.0659,      0.1630,      5.5455,     11.0910,      1.4402,     28.2394,     56.4788,      0.0191,      0.0024,      0.1975,      0.1975,   7670.0151,-434609.2500,   -961.6562,    546.4418,  25566.7168,
       1,     168,       9,      11,       1,       3,       1,     10.0000,      1.3942,     42.5072,    246.9278,     62.1427,      3.4953,      0.1843,      0.1515,     54.3287,      0.1830,      5.5455,     11.0910,      1.6168,     28.2394,     56.4788,      0.0191,      0.0028,      0.2419,      0.1975,   7670.0151,-467828.4062,   -969.0538,    544.1736,  25566.7148,
       1,     168,       9,      12,       1,       3,       1,     10.0000,      1.3942,     42.5072,    246.9278,     62.1427,      3.4953,      0.1896,      0.1564,     53.1726,      0.1967,      5.5455,     11.0910,      1.7381,     28.2394,     56.4788,      0.0191,      0.0026,      0.2500,      0.1975,   7670.0146,-491628.6875,   -974.4210,    542.5593,  25566.7168,
       1,     168,       9,      13,       1,       3,       1,     10.0000,      1.3942,     42.5072,    246.9278,     62.1427,      3.4953,      0.1893,      0.1559,     49.6903,      0.2042,      5.5455,     11.0910,      1.8045,     28.2394,     56.4788,      0.0191,      0.0025,      0.2500,      0.1975,   7670.0151,-492228.1250,   -974.7219,    542.5211,  25566.7168,
       1,     168,       9,      14,       1,       3,       1,     10.0000,      1.3942,     42.5072,    246.9278,     62.1427,      3.4953,      0.1902,      0.1567,     61.6531,      0.2073,      5.5455,     11.0910,      1.8314,     28.2394,     56.4788,      0.0191,      0.0030,      0.2500,      0.1975,   7670.0151,-487805.6562,   -973.9095,    542.8210,  25566.7148,
       1,     168,       9,      15,       1,       3,       1,     10.0000,      1.3942,     42.5072,    246.9278,     62.1427,      3.4953,      0.1917,      0.1582,     80.4103,      0.2071,      5.5455,     11.0910,      1.8296,     28.2394,     56.4788,      0.0191,      0.0040,      0.2500,      0.1975,   7670.0146,-502780.0312,   -977.3975,    541.8051,  25566.7148,
       1,     168,       9,      16,       1,       3,       1,     10.0000,      1.3942,     42.5072,    246.9278,     62.1427,      3.4953,      0.1922,      0.1587,    116.8725,      0.2071,      5.5455,     11.0910,      1.8296,     28.2394,     56.4788,      0.0191,      0.0059,      0.2466,      0.1975,   7670.0146,-528183.1250,   -983.2711,    540.0856,  25566.7148,
       1,     168,       9,      17,       1,       3,       1,     10.0000,      1.3942,     42.5072,    246.9278,     62.1427,      3.4953,      0.1851,      0.1517,    124.1562,      0.2032,      5.5455,     11.0910,      1.7956,     28.2394,     56.4788,      0.0191,      0.0065,      0.2353,      0.1974,   7670.0146,-577260.1875,   -994.5332,    536.7751,  25566.7129,
       1,     168,       9,      18,       1,       3,       1,     10.0000,      1.3942,     42.5072,    246.9278,     62.1427,      3.4953,      0.1596,      0.1266,    106.7781,      0.1889,      5.5455,     11.0910,      1.6690,     28.2394,     56.4788,      0.0191,      0.0066,      0.1997,      0.1974,   7670.0142,-590946.0000,   -998.1204,    535.8669,  25566.7129,
       1,     168,       9,      19,       1,       3,       1,     10.0000,      1.3942,     42.5072,    246.9278,     62.1427,      3.4953,      0.0950,      0.0625,     57.8256,      0.1758,      5.5455,     11.0910,      1.5538,     28.2394,     56.4788,      0.0191,      0.0064,      0.1107,      0.1974,   7670.0142,-569778.8125,   -993.9908,    537.2855,  25566.7129,
       1,     168,       9,      20,       1,       3,       1,     10.0000,      1.3942,     42.5072,    246.9278,     62.1427,      3.4953,      0.0060,     -0.0262,      8.1368,      0.1655,      5.5455,     11.0910,      1.4620,     28.2394,     56.4788,      0.0191,      0.0064,      0.0156,      0.1974,   7670.0142,-504993.1875,   -979.9958,    541.6384,  25566.7129,
       1,     168,       9,      21,       1,       3,       1,     10.0000,      1.3942,     42.5072,    246.9278,     62.1427,      3.4953,      0.0000,     -0.0320,      7.9232,      0.1594,      5.5455,     11.0910,      1.4088,     28.2394,     56.4788,      0.0191,      0.0063,      0.0156,      0.1975,   7670.0142,-435572.1875,   -964.6628,    546.3562,  25566.7129,
       1,     168,       9,      22,       1,       3,       1,     10.0000,      1.3942,     42.5072,    246.9278,     62.1427,      3.4953,      0.0000,     -0.0319,      7.3470,      0.1569,      5.5455,     11.0910,      1.3864,     28.2394,     56.4788,      0.0191,      0.0058,      0.0156,      0.1975,   7670.0142,-429265.9062,   -963.2626,    546.8076,  25566.7129,
       1,     168,       9,      23,       1,       3,       1,     10.0000,      1.3942,     42.5072,    246.9278,     62.1427,      3.4953,      0.0000,     -0.0315,      6.7088,      0.1458,      5.5455,     11.0910,      1.2883,     28.2394,     56.4788,      0.0191,      0.0053,      0.0156,      0.1975,   7670.0142,-427947.6250,   -962.9736,    546.8978,  25566.7129,
       1,     168,       9,      24,       1,       3,       1,     10.0000,      1.3942,     42.5072,    246.9278,     62.1427,      3.4953,      0.0000,     -0.0314,      5.5525,      0.1427,      5.5455,     11.0910,      1.2613,     28.2394,     56.4788,      0.0191,      0.0044,      0.0156,      0.1975,   7670.0142,-427013.0312,   -962.7700,    546.9618,  25566.7129,
       1,     168,      10,       1,       1,       3,       1,     10.0000,      1.3942,     42.5075,    246.9335,     62.1441,      3.4953,      0.0000,     -0.0315,      4.5575,      0.1448,      5.5458,     11.0916,      1.2792,     28.2448,     56.4896,      0.0191,      0.0036,      0.0156,      0.1976,   7670.0142,-425601.8125,   -962.7849,    547.0712,  25567.8516,
       1,     168,      10,       2,       1,       3,       1,     10.0000,      1.3942,     42.5075,    246.9335,     62.1441,      3.4953,      0.0000,     -0.0314,      3.9040,      0.1427,      5.5458,     11.0916,      1.2613,     28.2448,     56.4896,      0.0191,      0.0031,      0.0156,      0.1976,   7670.3560,-424049.7500,   -962.1173,    547.1772,  25567.8516,
       1,     168,      10,       3,       1,       3,       1,     10.0000,      1.3942,     42.5075,    246.9335,     62.1441,      3.4953,      0.0000,     -0.0311,      3.5703,      0.1337,      5.5458,     11.0916,      1.1810,     28.2448,     56.4896,      0.0191,      0.0028,      0.0156,      0.1976,   7670.3560,-423075.5000,   -961.9026,    547.2438,  25567.8516,
       1,     168,      10,       4,       1,       3,       1,     10.0000,      1.3942,     42.5075,    246.9335,     62.1441,      3.4953,      0.0000,     -0.0312,      2.5785,      0.1364,      5.5458,     11.0916,      1.2052,     28.2448,     56.4896,      0.0191,      0.0020,      0.0156,      0.1976,   7670.3560,-422562.0938,   -961.7908,    547.2791,  25567.8516,
       1,     168,      10,       5,       1,       3,       1,     10.0000,      1.3942,     42.5075,    246.9335,     62.1441,      3.4953,      0.0000,     -0.0312,      2.3937,      0.1367,      5.5458,     11.0916,      1.2076,     28.2448,     56.4896,      0.0191,      0.0019,      0.0156,      0.1976,   7670.3560,-421244.8125,   -961.4987,    547.3691,  25567.8516,
       1,     168,      10,       6,       1,       3,       1,     10.0000,      1.3942,     42.5075,    246.9335,     62.1441,      3.4953,      0.0000,     -0.0310,      2.4788,      0.1314,      5.5458,     11.0916,      1.1608,     28.2448,     56.4896,      0.0191,      0.0020,      0.0156,      0.1976,   7670.3560,-420892.2500,   -961.4218,    547.3932,  25567.8516,
       1,     168,      10,       7,       1,       3,       1,     10.0000,      1.3942,     42.5075,    246.9335,     62.1441,      3.4953,      0.0000,     -0.0310,      2.3619,      0.1312,      5.5458,     11.0916,      1.1596,     28.2448,     56.4896,      0.0191,      0.0019,      0.0156,      0.1976,   7670.3560,-420970.4375,   -961.4410,    547.3879,  25567.8516,
       1,     168,      10,       8,       1,       3,       1,     10.0000,      1.3942,     42.5075,    246.9335,     62.1441,      3.4953,      0.0010,     -0.0300,      1.8913,      0.1315,      5.5458,     11.0916,      1.1620,     28.2448,     56.4896,      0.0191,      0.0015,      0.0156,      0.1976,   7670.3560,-420827.3125,   -961.4110,    547.3977,  25567.8516,
       1,     168,      10,       9,       1,       3,       1,     10.0000,      1.3942,     42.5075,    246.9335,     62.1441,      3.4953,      0.0720,      0.0409,     12.4301,      0.1335,      5.5458,     11.0916,      1.1798,     28.2448,     56.4896,      0.0191,      0.0018,      0.0832,      0.1976,   7670.3560,-420211.1875,   -961.2749,    547.4398,  25567.8516,
       1,     168,      10,      10,       1,       3,       1,     10.0000,      1.3942,     42.5075,    246.9335,     62.1441,      3.4953,      0.1582,      0.1263,     37.3197,      0.1579,      5.5458,     11.0916,      1.3948,     28.2448,     56.4896,      0.0191,      0.0022,      0.2056,      0.1976,   7670.3560,-433673.8125,   -964.2960,    546.5186,  25567.8516,
       1,     168,      10,      11,       1,       3,       1,     10.0000,      1.3942,     42.5075,    246.9335,     62.1441,      3.4953,      0.1849,      0.1523,     47.2836,      0.1776,      5.5458,     11.0916,      1.5693,     28.2448,     56.4896,      0.0191,      0.0024,      0.2436,      0.1976,   7670.3560,-466786.3438,   -971.7365,    544.2573,  25567.8535,
       1,     168,      10,      12,       1,       3,       1,     10.0000,      1.3942,     42.5075,    246.9335,     62.1441,      3.4953,      0.1902,      0.1570,     60.0565,      0.1948,      5.5458,     11.0916,      1.7210,     28.2448,     56.4896,      0.0191,      0.0030,      0.2500,      0.1975,   7670.3564,-482489.2188,   -975.3309,    543.1937,  25567.8516,
       1,     168,      10,      13,       1,       3,       1,     10.0000,      1.3942,     42.5075,    246.9335,     62.1441,      3.4953,      0.1906,      0.1572,     66.1871,      0.2032,      5.5458,     11.0916,      1.7957,     28.2448,     56.4896,      0.0191,      0.0033,      0.2500,      0.1975,   7670.3560,-500258.5000,   -979.4469,    541.9882,  25567.8516,
       1,     168,      10,      14,       1,       3,       1,     10.0000,      1.3942,     42.5075,    246.9335,     62.1441,      3.4953,      0.1907,      0.1573,     67.4792,      0.2040,      5.5458,     11.0916,      1.8028,     28.2448,     56.4896,      0.0191,      0.0033,      0.2500,      0.1975,   7670.3560,-509688.0312,   -981.7642,    541.3507,  25567.8496,
       1,     168,      10,      15,       1,       3,       1,     10.0000,      1.3942,     42.5075,    246.9335,     62.1441,      3.4953,      0.1867,      0.1535,     88.0170,      0.1969,      5.5458,     11.0916,      1.7399,     28.2448,     56.4896,      0.0191,      0.0045,      0.2416,      0.1975,   7670.3550,-512171.3125,   -982.5632,    541.1830,  25567.8496,
       1,     168,      10,      16,       1,       3,       1,     10.0000,      1.3942,     42.5075,    246.9335,     62.1441,      3.4953,      0.1871,      0.1540,    100.6593,      0.1923,      5.5458,     11.0916,      1.6990,     28.2448,     56.4896,      0.0191,      0.0052,      0.2407,      0.1975,   7670.3550,-538766.1875,   -988.7954,    539.3840,  25567.8496,
       1,     168,      10,      17,       1,       3,       1,     10.0000,      1.3942,     42.5075,    246.9335,     62.1441,      3.4953,      0.1754,      0.1424,    108.8234,      0.1891,      5.5458,     11.0916,      1.6707,     28.2448,     56.4896,      0.0191,      0.0060,      0.2226,      0.1975,   7670.3550,-557344.5625,   -993.3399,    538.1344,  25567.8477,
       1,     168,      10,      18,       1,       3,       1,     10.0000,      1.3942,     42.5075,    246.9335,     62.1441,      3.4953,      0.1640,      0.1312,    107.5897,      0.1857,      5.5458,     11.0916,      1.6411,     28.2448,     56.4896,      0.0191,      0.0064,      0.2061,      0.1974,   7670.3545,-569462.3750,   -996.5170,    537.3207,  25567.8457,
       1,     168,      10,      19,       1,       3,       1,     10.0000,      1.3942,     42.5075,    246.9335,     62.1441,      3.4953,      0.1054,      0.0728,     64.1384,      0.1778,      5.5458,     11.0916,      1.5709,     28.2448,     56.4896,      0.0191,      0.0063,      0.1251,      0.1974,   7670.3540,-568935.0625,   -996.8997,    537.3567,  25567.8457,
       1,     168,      10,      20,       1,       3,       1,     10.0000,      1.3942,     42.5075,    246.9335,     62.1441,      3.4953,      0.0085,     -0.0238,      7.3533,      0.1663,      5.5458,     11.0916,      1.4694,     28.2448,     56.4896,      0.0191,      0.0058,      0.0156,      0.1974,   7670.3540,-513027.2500,   -984.7698,    541.1120,  25567.8457,
       1,     168,      10,      21,       1,       3,       1,     10.0000,      1.3942,     42.5075,    246.9335,     62.1441,      3.4953,      0.0000,     -0.0320,      6.8907,      0.1579,      5.5458,     11.0916,      1.3948,     28.2448,     56.4896,      0.0191,      0.0055,      0.0156,      0.1975,   7670.3540,-435254.5000,   -967.4396,    546.3856,  25567.8457,
       1,     168,      10,      22,       1,       3,       1,     10.0000,      1.3942,     42.5075,    246.9335,     62.1441,      3.4953,      0.0000,     -0.0317,      6.6240,      0.1515,      5.5458,     11.0916,      1.3386,     28.2448,     56.4896,      0.0191,      0.0052,      0.0156,      0.1976,   7670.3540,-427922.4688,   -965.7957,    546.9122,  25567.8457,
       1,     168,      10,      23,       1,       3,       1,     10.0000,      1.3942,     42.5075,    246.9335,     62.1441,      3.4953,      0.0000,     -0.0316,      6.1787,      0.1476,      5.5458,     11.0916,      1.3040,     28.2448,     56.4896,      0.0191,      0.0049,      0.0156,      0.1976,   7670.3540,-426904.9375,   -965.5723,    546.9821,  25567.8457,
       1,     168,      10,      24,       1,       3,       1,     10.0000,      1.3942,     42.5075,    246.9335,     62.1441,      3.4953,      0.0000,     -0.0315,      5.6601,      0.1454,      5.5458,     11.0916,      1.2844,     28.2448,     56.4896,      0.0191,      0.0045,      0.0156,      0.1976,   7670.3540,-426244.0625,   -965.4286,    547.0272,  25567.8457,
       1,     168,      11,       1,       1,       3,       1,     10.0000,      1.3942,     42.5078,    246.9393,     62.1456,      3.4953,      0.0000,     -0.0314,      4.7310,      0.1419,      5.5456,     11.0912,      1.2537,     28.2504,     56.5009,      0.0191,      0.0037,      0.0156,      0.1976,   7670.3540,-425674.8438,   -965.6340,    547.0788,  25568.9863,
       1,     168,      11,       2,       1,       3,       1,     10.0000,      1.3942,     42.5078,    246.9393,     62.1456,      3.4953,      0.0000,     -0.0313,      3.7751,      0.1400,      5.5456,     11.0912,      1.2373,     28.2504,     56.5009,      0.0191,      0.0030,      0.0156,      0.1976,   7670.6963,-424281.4062,   -964.9960,    547.1741,  25568.9844,
       1,     168,      11,       3,       1,       3,       1,     10.0000,      1.3942,     42.5078,    246.9393,     62.1456,      3.4953,      0.0000,     -0.0313,      3.4573,      0.1397,      5.5456,     11.0912,      1.2348,     28.2504,     56.5009,      0.0191,      0.0027,      0.0156,      0.1976,   7670.6958,-422933.6562,   -964.6967,    547.2663,  25568.9844,
       1,     168,      11,       4,       1,       3,       1,     10.0000,      1.3942,     42.5078,    246.9393,     62.1456,      3.4953,      0.0000,     -0.0312,      3.3027,      0.1367,      5.5456,     11.0912,      1.2076,     28.2504,     56.5009,      0.0191,      0.0026,      0.0156,      0.1976,   7670.6958,-422407.8125,   -964.5811,    547.3022,  25568.9844,
       1,     168,      11,       5,       1,       3,       1,     10.0000,      1.3942,     42.5078,    246.9393,     62.1456,      3.4953,      0.0000,     -0.0311,      3.1256,      0.1332,      5.5456,     11.0912,      1.1774,     28.2504,     56.5009,      0.0191,      0.0025,      0.0156,      0.1976,   7670.6958,-422163.5000,   -964.5288,    547.3190,  25568.9844,
       1,     168,      11,       6,       1,       3,       1,     10.0000,      1.3942,     42.5078,    246.9393,     62.1456,      3.4953,      0.0000,     -0.0310,      2.7922,      0.1310,      5.5456,     11.0912,      1.1573,     28.2504,     56.5009,      0.0191,      0.0022,      0.0156,      0.1976,   7670.6958,-421914.8438,   -964.4756,    547.3359,  25568.9844,
       1,     168,      11,       7,       1,       3,       1,     10.0000,      1.3942,     42.5078,    246.9393,     62.1456,      3.4953,      0.0000,     -0.0309,      2.4144,      0.1295,      5.5456,     11.0912,      1.1444,     28.2504,     56.5009,      0.0191,      0.0019,      0.0156,      0.1976,   7670.6958,-421465.5625,   -964.3767,    547.3667,  25568.9844,
       1,     168,      11,       8,       1,       3,       1,     10.0000,      1.3942,     42.5078,    246.9393,     62.1456,      3.4953,      0.0010,     -0.0298,      2.7386,      0.1268,      5.5456,     11.0912,      1.1202,     28.2504,     56.5009,      0.0191,      0.0022,      0.0156,      0.1976,   7670.6958,-420941.5312,   -964.2607,    547.4026,  25568.9844,
       1,     168,      11,       9,       1,       3,       1,     10.0000,      1.3942,     42.5078,    246.9393,     62.1456,      3.4953,      0.0790,      0.0481,     17.0021,      0.1293,      5.5456,     11.0912,      1.1421,     28.2504,     56.5009,      0.0191,      0.0023,      0.0930,      0.1976,   7670.6958,-421311.3125,   -964.3465,    547.3773,  25568.9844,
       1,     168,      11,      10,       1,       3,       1,     10.0000,      1.3942,     42.5078,    246.9393,     62.1456,      3.4953,      0.1628,      0.1311,     43.2916,      0.1507,      5.5456,     11.0912,      1.3319,     28.2504,     56.5009,      0.0191,      0.0025,      0.2115,      0.1976,   7670.6958,-439635.7812,   -968.4961,    546.1235,  25568.9824,
       1,     168,      11,      11,       1,       3,       1,     10.0000,      1.3942,     42.5078,    246.9393,     62.1456,      3.4953,      0.1868,      0.1543,     57.8892,      0.1769,      5.5456,     11.0912,      1.5631,     28.2504,     56.5009,      0.0191,      0.0029,      0.2451,      0.1976,   7670.6948,-474971.1875,   -976.5135,    543.7127,  25568.9844,
       1,     168,      11,      12,       1,       3,       1,     10.0000,      1.3942,     42.5078,    246.9393,     62.1456,      3.4953,      0.1905,      0.1574,     63.0493,      0.1910,      5.5456,     11.0912,      1.6873,     28.2504,     56.5009,      0.0191,      0.0031,      0.2500,      0.1975,   7670.6958,-496816.0938,   -981.5505,    542.2333,  25568.9824,
       1,     168,      11,      13,       1,       3,       1,     10.0000,      1.3942,     42.5078,    246.9393,     62.1456,      3.4953,      0.1908,      0.1574,     67.9432,      0.2024,      5.5456,     11.0912,      1.7887,     28.2504,     56.5009,      0.0191,      0.0034,      0.2500,      0.1975,   7670.6948,-505351.5938,   -983.6665,    541.6568,  25568.9863,
       1,     168,      11,      14,       1,       3,       1,     10.0000,      1.3942,     42.5078,    246.9393,     62.1456,      3.4953,      0.1910,      0.1575,     71.8922,      0.2089,      5.5456,     11.0912,      1.8460,     28.2504,     56.5009,      0.0191,      0.0036,      0.2500,      0.1975,   7670.6963,-512379.9375,   -985.4766,    541.1813,  25568.9863,
       1,     168,      11,      15,       1,       3,       1,     10.0000,      1.3942,     42.5078,    246.9393,     62.1456,      3.4953,      0.1937,      0.1601,    106.6659,      0.2108,      5.5456,     11.0912,      1.8624,     28.2504,     56.5009,      0.0191,      0.0053,      0.2500,      0.1975,   7670.6963,-518065.5625,   -987.0140,    540.7969,  25568.9824,
       1,     168,      11,      16,       1,       3,       1,     10.0000,      1.3942,     42.5078,    246.9393,     62.1456,      3.4953,      0.1934,      0.1600,    132.1190,      0.2050,      5.5456,     11.0912,      1.8117,     28.2504,     56.5009,      0.0191,      0.0066,      0.2466,      0.1975,   7670.6948,-563224.7500,   -997.5356,    537.7443,  25568.9824,
       1,     168,      11,      17,       1,       3,       1,     10.0000,      1.3942,     42.5078,    246.9393,     62.1456,      3.4953,      0.1869,      0.1537,    154.2646,      0.1989,      5.5456,     11.0912,      1.7572,     28.2504,     56.5009,      0.0191,      0.0081,      0.2345,      0.1974,   7670.6948,-599913.9375,  -1006.3341,    535.2867,  25568.9805,
       1,     168,      11,      18,       1,       3,       1,     10.0000,      1.3942,     42.5078,    246.9393,     62.1456,      3.4953,      0.1677,      0.1347,    149.0447,      0.1885,      5.5456,     11.0912,      1.6657,     28.2504,     56.5009,      0.0191,      0.0089,      0.2067,      0.1974,   7670.6943,-631610.9375,  -1014.1776,    533.1714,  25568.9824,
       1,     168,      11,      19,       1,       3,       1,     10.0000,      1.3942,     42.5078,    246.9393,     62.1456,      3.4953,      0.1065,      0.0740,     89.4367,      0.1751,      5.5456,     11.0912,      1.5477,     28.2504,     56.5009,      0.0191,      0.0089,      0.1240,      0.1973,   7670.6948,-627673.0000,  -1014.0615,    533.4381,  25568.9805,
       1,     168,      11,      20,       1,       3,       1,     10.0000,      1.3942,     42.5078,    246.9393,     62.1456,      3.4953,      0.0075,     -0.0245,      9.9910,      0.1594,      5.5456,     11.0912,      1.4089,     28.2504,     56.5009,      0.0191,      0.0079,      0.0156,      0.1973,   7670.6943,-550619.3125,   -997.2367,    538.5760,  25568.9785,
       1,     168,      11,      21,       1,       3,       1,     10.0000,      1.3942,     42.5078,    246.9393,     62.1456,      3.4953,      0.0000,     -0.0317,      9.4231,      0.1491,      5.5456,     11.0912,      1.3172,     28.2504,     56.5009,      0.0191,      0.0075,      0.0156,      0.1975,   7670.6938,-441885.0312,   -972.7840,    545.9210,  25568.9785,
       1,     168,      11,      22,       1,       3,       1,     10.0000,      1.3942,     42.5078,    246.9393,     62.1456,      3.4953,      0.0000,     -0.0315,      8.9381,      0.1452,      5.5456,     11.0912,      1.2831,     28.2504,     56.5009,      0.0191,      0.0071,      0.0156,      0.1976,   7670.6938,-431785.3438,   -970.4963,    546.6605,  25568.9785,
       1,     168,      11,      23,       1,       3,       1,     10.0000,      1.3942,     42.5078,    246.9393,     62.1456,      3.4953,      0.0000,     -0.0312,      7.9506,      0.1368,      5.5456,     11.0912,      1.2089,     28.2504,     56.5009,      0.0191,      0.0063,      0.0156,      0.1976,   7670.6938,-430214.8750,   -970.1472,    546.7684,  25568.9785,
       1,     168,      11,      24,       1,       3,       1,     10.0000,      1.3942,     42.5078,    246.9393,     62.1456,      3.4953,      0.0000,     -0.0310,      6.5907,      0.1318,      5.5456,     11.0912,      1.1644,     28.2504,     56.5009,      0.0191,      0.0052,      0.0156,      0.1976,   7670.6938,-428809.8125,   -969.8347,    546.8644,  25568.9785,
       1,     168,      12,       1,       1,       3,       1,     10.0000,      1.3942,     42.5082,    246.9451,     62.1470,      3.4953,      0.0000,     -0.0311,      5.3068,      0.1331,      5.5459,     11.0919,      1.1763,     28.2572,     56.5145,      0.0191,      0.0042,      0.0156,      0.1976,   7670.6938,-427096.4375,   -969.7831,    546.9944,  25570.1191,
       1,     168,      12,       2,       1,       3,       1,     10.0000,      1.3942,     42.5082,    246.9451,     62.1470,      3.4953,      0.0000,     -0.0310,      4.6545,      0.1312,      5.5459,     11.0919,      1.1597,     28.2572,     56.5145,      0.0191,      0.0037,      0.0156,      0.1976,   7671.0361,-425147.6875,   -969.0123,    547.1277,  25570.1191,
       1,     168,      12,       3,       1,       3,       1,     10.0000,      1.3942,     42.5082,    246.9451,     62.1470,      3.4953,      0.0000,     -0.0310,      4.2256,      0.1300,      5.5459,     11.0919,      1.1491,     28.2572,     56.5145,      0.0191,      0.0033,      0.0156,      0.1976,   7671.0361,-424140.3125,   -968.7870,    547.1966,  25570.1191,
       1,     168,      12,       4,       1,       3,       1,     10.0000,      1.3942,     42.5082,    246.9451,     62.1470,      3.4953,      0.0000,     -0.0310,      3.6173,      0.1314,      5.5459,     11.0919,      1.1608,     28.2572,     56.5145,      0.0191,      0.0029,      0.0156,      0.1976,   7671.0361,-423501.8125,   -968.6458,    547.2402,  25570.1191,
       1,     168,      12,       5,       1,       3,       1,     10.0000,      1.3942,     42.5082,    246.9451,     62.1470,      3.4953,      0.0000,     -0.0312,      3.0140,      0.1367,      5.5459,     11.0919,      1.2077,     28.2572,     56.5145,      0.0191,      0.0024,      0.0156,      0.1976,   7671.0361,-422665.8438,   -968.4587,    547.2975,  25570.1191,
       1,     168,      12,       6,       1,       3,       1,     10.0000,      1.3942,     42.5082,    246.9451,     62.1470,      3.4953,      0.0000,     -0.0313,      2.7621,      0.1399,      5.5459,     11.0919,      1.2361,     28.2572,     56.5145,      0.0191,      0.0022,      0.0156,      0.1976,   7671.0361,-421818.8750,   -968.2683,    547.3554,  25570.1191,
       1,     168,      12,       7,       1,       3,       1,     10.0000,      1.3942,     42.5082,    246.9451,     62.1470,      3.4953,      0.0000,     -0.0312,      2.0935,      0.1375,      5.5459,     11.0919,      1.2150,     28.2572,     56.5145,      0.0191,      0.0017,      0.0156,      0.1976,   7671.0361,-421421.5312,   -968.1804,    547.3826,  25570.1191,
       1,     168,      12,       8,       1,       3,       1,     10.0000,      1.3942,     42.5082,    246.9451,     62.1470,      3.4953,      0.0013,     -0.0298,      1.8496,      0.1349,      5.5459,     11.0919,      1.1919,     28.2572,     56.5145,      0.0191,      0.0015,      0.0156,      0.1976,   7671.0361,-420529.3750,   -967.9789,    547.4436,  25570.1191,
       1,     168,      12,       9,       1,       3,       1,     10.0000,      1.3942,     42.5082,    246.9451,     62.1470,      3.4953,      0.0375,      0.0061,      4.3193,      0.1419,      5.5459,     11.0919,      1.2537,     28.2572,     56.5145,      0.0191,      0.0016,      0.0339,      0.1976,   7671.0361,-420138.4375,   -967.8916,    547.4703,  25570.1172,
       1,     168,      12,      10,       1,       3,       1,     10.0000,      1.3942,     42.5082,    246.9451,     62.1470,      3.4953,      0.0925,      0.0611,     17.1785,      0.1397,      5.5459,     11.0919,      1.2349,     28.2572,     56.5145,      0.0191,      0.0019,      0.1123,      0.1976,   7671.0356,-423271.1250,   -968.6111,    547.2560,  25570.1172,
       1,     168,      12,      11,       1,       3,       1,     10.0000,      1.3942,     42.5082,    246.9451,     62.1470,      3.4953,      0.1490,      0.1174,     37.3577,      0.1498,      5.5459,     11.0919,      1.3239,     28.2572,     56.5145,      0.0191,      0.0024,      0.1922,      0.1976,   7671.0356,-440035.5938,   -972.4551,    546.1092,  25570.1191,
       1,     168,      12,      12,       1,       3,       1,     10.0000,      1.3942,     42.5082,    246.9451,     62.1470,      3.4953,      0.1895,      0.1569,     49.9155,      0.1780,      5.5459,     11.0919,      1.5725,     28.2572,     56.5145,      0.0191,      0.0025,      0.2500,      0.1976,   7671.0361,-467391.6875,   -978.7403,    544.2430,  25570.1172,
       1,     168,      12,      13,       1,       3,       1,     10.0000,      1.3942,     42.5082,    246.9451,     62.1470,      3.4953,      0.1874,      0.1544,     44.0250,      0.1906,      5.5459,     11.0919,      1.6840,     28.2572,     56.5145,      0.0191,      0.0022,      0.2477,      0.1976,   7671.0356,-485910.0625,   -983.0551,    542.9864,  25570.1172,
       1,     168,      12,      14,       1,       3,       1,     10.0000,      1.3942,     42.5082,    246.9451,     62.1470,      3.4953,      0.1843,      0.1513,     49.8739,      0.1908,      5.5459,     11.0919,      1.6857,     28.2572,     56.5145,      0.0191,      0.0025,      0.2425,      0.1976,   7671.0356,-479970.0000,   -981.8233,    543.3910,  25570.1172,
       1,     168,      12,      15,       1,       3,       1,     10.0000,      1.3942,     42.5082,    246.9451,     62.1470,      3.4953,      0.1886,      0.1554,     40.5507,      0.1973,      5.5459,     11.0919,      1.7434,     28.2572,     56.5145,      0.0191,      0.0020,      0.2500,      0.1976,   7671.0356,-486955.6250,   -983.5324,    542.9166,  25570.1152,
       1,     168,      12,      16,       1,       3,       1,     10.0000,      1.3942,     42.5082,    246.9451,     62.1470,      3.4953,      0.1839,      0.1508,     57.1058,      0.1936,      5.5459,     11.0919,      1.7109,     28.2572,     56.5145,      0.0191,      0.0029,      0.2410,      0.1976,   7671.0347,-475600.7500,   -981.0656,    543.6875,  25570.1191,
       1,     168,      12,      17,       1,       3,       1,     10.0000,      1.3942,     42.5082,    246.9451,     62.1470,      3.4953,      0.1768,      0.1439,     80.8096,      0.1870,      5.5459,     11.0919,      1.6526,     28.2572,     56.5145,      0.0191,      0.0044,      0.2279,      0.1976,   7671.0361,-495853.9062,   -985.8035,    542.3115,  25570.1152,
       1,     168,      12,      18,       1,       3,       1,     10.0000,      1.3942,     42.5082,    246.9451,     62.1470,      3.4953,      0.1532,      0.1204,     72.4939,      0.1843,      5.5459,     11.0919,      1.6282,     28.2572,     56.5145,      0.0191,      0.0046,      0.1942,      0.1976,   7671.0347,-528060.0625,   -993.3681,    540.1301,  25570.1152,
       1,     168,      12,      19,       1,       3,       1,     10.0000,      1.3942,     42.5082,    246.9451,     62.1470,      3.4953,      0.0313,     -0.0007,      8.3578,      0.1596,      5.5459,     11.0919,      1.4104,     28.2572,     56.5145,      0.0191,      0.0044,      0.0237,      0.1975,   7671.0347,-520205.8438,   -991.8732,    540.6647,  25570.1152,
       1,     168,      12,      20,       1,       3,       1,     10.0000,      1.3942,     42.5082,    246.9451,     62.1470,      3.4953,      0.0040,     -0.0278,      6.3031,      0.1507,      5.5459,     11.0919,      1.3319,     28.2572,     56.5145,      0.0191,      0.0050,      0.0156,      0.1975,   7671.0347,-437149.2500,   -973.0649,    546.2783,  25570.1152,
       1,     168,      12,      21,       1,       3,       1,     10.0000,      1.3942,     42.5082,    246.9451,     62.1470,      3.4953,      0.0000,     -0.0316,      5.5833,      0.1464,      5.5459,     11.0919,      1.2936,     28.2572,     56.5145,      0.0191,      0.0044,      0.0156,      0.1976,   7671.0347,-427344.0625,   -970.8286,    546.9771,  25570.1152,
       1,     168,      12,      22,       1,       3,       1,     10.0000,      1.3942,     42.5082,    246.9451,     62.1470,      3.4953,      0.0000,     -0.0318,      5.6550,      0.1518,      5.5459,     11.0919,      1.3413,     28.2572,     56.5145,      0.0191,      0.0045,      0.0156,      0.1976,   7671.0347,-425525.1250,   -970.4178,    547.1019,  25570.1152,
       1,     168,      12,      23,       1,       3,       1,     10.0000,      1.3942,     42.5082,    246.9451,     62.1470,      3.4953,      0.0000,     -0.0317,      5.4953,      0.1509,      5.5459,     11.0919,      1.3332,     28.2572,     56.5145,      0.0191,      0.0043,      0.0156,      0.1976,   7671.0347,-425456.7188,   -970.4077,    547.1065,  25570.1133,
       1,     168,      12,      24,       1,       3,       1,     10.0000,      1.3942,     42.5082,    246.9451,     62.1470,      3.4953,      0.0000,     -0.0319,      4.1099,      0.1555,      5.5459,     11.0919,      1.3740,     28.2572,     56.5145,      0.0191,      0.0033,      0.0156,      0.1976,   7671.0342,-425246.3125,   -970.3654,    547.1209,  25570.1133,
       1,     168,      13,       1,       1,       3,       1,     10.0000,      1.3943,     42.5085,    246.9509,     62.1485,      3.4953,      0.0000,     -0.0319,      3.7225,      0.1569,      5.5465,     11.0930,      1.3865,     28.2572,     56.5143,      0.0191,      0.0029,      0.0156,      0.1976,   7671.0342,-423605.5312,   -970.3281,    547.2460,  25571.2539,
       1,     168,      13,       2,       1,       3,       1,     10.0000,      1.3943,     42.5085,    246.9509,     62.1485,      3.4953,      0.0000,     -0.0319,      3.6312,      0.1552,      5.5465,     11.0930,      1.3713,     28.2572,     56.5143,      0.0191,      0.0029,      0.0156,      0.1976,   7671.3765,-422812.9375,   -969.8170,    547.3002,  25571.2539,
       1,     168,      13,       3,       1,       3,       1,     10.0000,      1.3943,     42.5085,    246.9509,     62.1485,      3.4953,      0.0000,     -0.0316,      3.9427,      0.1486,      5.5465,     11.0930,      1.3133,     28.2572,     56.5143,      0.0191,      0.0031,      0.0156,      0.1976,   7671.3765,-422626.2812,   -969.7778,    547.3130,  25571.2539,
       1,     168,      13,       4,       1,       3,       1,     10.0000,      1.3943,     42.5085,    246.9509,     62.1485,      3.4953,      0.0000,     -0.0317,      3.1923,      0.1497,      5.5465,     11.0930,      1.3226,     28.2572,     56.5143,      0.0191,      0.0025,      0.0156,      0.1976,   7671.3765,-423009.2812,   -969.8696,    547.2867,  25571.2539,
       1,     168,      13,       5,       1,       3,       1,     10.0000,      1.3943,     42.5085,    246.9509,     62.1485,      3.4953,      0.0000,     -0.0317,      3.3233,      0.1501,      5.5465,     11.0930,      1.3266,     28.2572,     56.5143,      0.0191,      0.0026,      0.0156,      0.1976,   7671.3765,-422080.7500,   -969.6601,    547.3502,  25571.2539,
       1,     168,      13,       6,       1,       3,       1,     10.0000,      1.3943,     42.5085,    246.9509,     62.1485,      3.4953,      0.0000,     -0.0315,      3.5855,      0.1452,      5.5465,     11.0930,      1.2832,     28.2572,     56.5143,      0.0191,      0.0028,      0.0156,      0.1976,   7671.3765,-422167.3750,   -969.6833,    547.3444,  25571.2539,
       1,     168,      13,       7,       1,       3,       1,     10.0000,      1.3943,     42.5085,    246.9509,     62.1485,      3.4953,      0.0000,     -0.0312,      3.4166,      0.1375,      5.5465,     11.0930,      1.2151,     28.2572,     56.5143,      0.0191,      0.0027,      0.0156,      0.1976,   7671.3765,-422511.0312,   -969.7655,    547.3209,  25571.2539,
       1,     168,      13,       8,       1,       3,       1,     10.0000,      1.3943,     42.5085,    246.9509,     62.1485,      3.4953,      0.0012,     -0.0300,      2.9245,      0.1353,      5.5465,     11.0930,      1.1955,     28.2572,     56.5143,      0.0191,      0.0023,      0.0156,      0.1976,   7671.3765,-422324.6250,   -969.7264,    547.3336,  25571.2539,
       1,     168,      13,       9,       1,       3,       1,     10.0000,      1.3943,     42.5085,    246.9509,     62.1485,      3.4953,      0.0398,      0.0085,      6.9443,      0.1379,      5.5465,     11.0930,      1.2188,     28.2572,     56.5143,      0.0191,      0.0023,      0.0370,      0.1976,   7671.3765,-421677.3125,   -969.5810,    547.3779,  25571.2539,
       1,     168,      13,      10,       1,       3,       1,     10.0000,      1.3943,     42.5085,    246.9509,     62.1485,      3.4953,      0.0912,      0.0594,     20.4394,      0.1513,      5.5465,     11.0930,      1.3373,     28.2572,     56.5143,      0.0191,      0.0023,      0.1098,      0.1976,   7671.3765,-426774.5312,   -970.7563,    547.0291,  25571.2539,
       1,     168,      13,      11,       1,       3,       1,     10.0000,      1.3943,     42.5085,    246.9509,     62.1485,      3.4953,      0.1455,      0.1133,     32.4611,      0.1642,      5.5465,     11.0930,      1.4505,     28.2572,     56.5143,      0.0191,      0.0021,      0.1876,      0.1976,   7671.3765,-444525.7188,   -974.8463,    545.8154,  25571.2539,
       1,     168,      13,      12,       1,       3,       1,     10.0000,      1.3943,     42.5085,    246.9509,     62.1485,      3.4953,      0.1878,      0.1549,     39.4485,      0.1880,      5.5465,     11.0930,      1.6609,     28.2572,     56.5143,      0.0191,      0.0020,      0.2488,      0.1976,   7671.3765,-461504.5000,   -978.7784,    544.6583,  25571.2559,
       1,     168,      13,      13,       1,       3,       1,     10.0000,      1.3943,     42.5085,    246.9509,     62.1485,      3.4953,      0.1887,      0.1552,     41.4943,      0.2061,      5.5465,     11.0930,      1.8208,     28.2572,     56.5143,      0.0191,      0.0020,      0.2500,      0.1976,   7671.3770,-471957.4688,   -981.2425,    543.9479,  25571.2520,
       1,     168,      13,      14,       1,       3,       1,     10.0000,      1.3943,     42.5085,    246.9509,     62.1485,      3.4953,      0.1885,      0.1549,     39.7401,      0.2102,      5.5465,     11.0930,      1.8570,     28.2572,     56.5143,      0.0191,      0.0020,      0.2500,      0.1976,   7671.3760,-475497.4062,   -982.1411,    543.7077,  25571.2500,
       1,     168,      13,      15,       1,       3,       1,     10.0000,      1.3943,     42.5085,    246.9509,     62.1485,      3.4953,      0.1894,      0.1558,     51.2758,      0.2110,      5.5465,     11.0930,      1.8643,     28.2572,     56.5143,      0.0191,      0.0025,      0.2500,      0.1976,   7671.3755,-473555.9375,   -981.7869,    543.8397,  25571.2520,
       1,     168,      13,      16,       1,       3,       1,     10.0000,      1.3943,     42.5085,    246.9509,     62.1485,      3.4953,      0.1910,      0.1576,     70.7693,      0.2030,      5.5465,     11.0930,      1.7940,     28.2572,     56.5143,      0.0191,      0.0035,      0.2500,      0.1976,   7671.3760,-488187.6875,   -985.2424,    542.8450,  25571.2500,
       1,     168,      13,      17,       1,       3,       1,     10.0000,      1.3943,     42.5085,    246.9509,     62.1485,      3.4953,      0.1863,      0.1530,     94.0550,      0.2004,      5.5465,     11.0930,      1.7712,     28.2572,     56.5143,      0.0191,      0.0048,      0.2404,      0.1976,   7671.3755,-514488.8750,   -991.4445,    541.0613,  25571.2500,
       1,     168,      13,      18,       1,       3,       1,     10.0000,      1.3943,     42.5085,    246.9509,     62.1485,      3.4953,      0.1663,      0.1333,    107.3201,      0.1921,      5.5465,     11.0930,      1.6975,     28.2572,     56.5143,      0.0191,      0.0063,      0.2095,      0.1976,   7671.3755,-546693.7500,   -999.1202,    538.8860,  25571.2480,
       1,     168,      13,      19,       1,       3,       1,     10.0000,      1.3943,     42.5085,    246.9509,     62.1485,      3.4953,      0.1112,      0.0785,     68.6317,      0.1801,      5.5465,     11.0930,      1.5915,     28.2572,     56.5143,      0.0191,      0.0064,      0.1331,      0.1975,   7671.3745,-566559.0625,  -1004.0968,    537.5523,  25571.2500,
       1,     168,      13,      20,       1,       3,       1,     10.0000,      1.3943,     42.5085,    246.9509,     62.1485,      3.4953,      0.0083,     -0.0239,      7.5541,      0.1643,      5.5465,     11.0930,      1.4519,     28.2572,     56.5143,      0.0191,      0.0060,      0.0156,      0.1975,   7671.3755,-518575.6562,   -993.5005,    540.7782,  25571.2500,
       1,     168,      13,      21,       1,       3,       1,     10.0000,      1.3943,     42.5085,    246.9509,     62.1485,      3.4953,      0.0000,     -0.0319,      7.6044,      0.1568,      5.5465,     11.0930,      1.3852,     28.2572,     56.5143,      0.0191,      0.0060,      0.0156,      0.1976,   7671.3755,-435990.3125,   -974.6887,    546.3704,  25571.2500,
       1,     168,      13,      22,       1,       3,       1,     10.0000,      1.3943,     42.5085,    246.9509,     62.1485,      3.4953,      0.0000,     -0.0318,      7.5401,      0.1526,      5.5465,     11.0930,      1.3481,     28.2572,     56.5143,      0.0191,      0.0060,      0.0156,      0.1976,   7671.3755,-428913.4375,   -973.0688,    546.8827,  25571.2500,
       1,     168,      13,      23,       1,       3,       1,     10.0000,      1.3943,     42.5085,    246.9509,     62.1485,      3.4953,      0.0000,     -0.0318,      7.6043,      0.1520,      5.5465,     11.0930,      1.3427,     28.2572,     56.5143,      0.0191,      0.0060,      0.0156,      0.1976,   7671.3755,-428174.0938,   -972.9066,    546.9335,  25571.2500,
       1,     168,      13,      24,       1,       3,       1,     10.0000,      1.3943,     42.5085,    246.9509,     62.1485,      3.4953,      0.0000,     -0.0317,      6.3857,      0.1513,      5.5465,     11.0930,      1.3373,     28.2572,     56.5143,      0.0191,      0.0051,      0.0156,      0.1976,   7671.3755,-428191.1875,   -972.9184,    546.9323,  25571.2480,
       1,     168,      14,       1,       1,       3,       1,     10.0000,      1.3943,     42.5088,    246.9567,     62.1499,      3.4953,      0.0000,     -0.0315,      4.9279,      0.1451,      5.5460,     11.0920,      1.2819,     28.2597,     56.5194,      0.0191,      0.0039,      0.0156,      0.1977,   7671.3745,-426784.4688,   -972.9380,    547.0413,  25572.3887,
       1,     168,      14,       2,       1,       3,       1,     10.0000,      1.3943,     42.5088,    246.9567,     62.1499,      3.4953,      0.0000,     -0.0312,      4.1150,      0.1378,      5.5460,     11.0920,      1.2176,     28.2597,     56.5194,      0.0191,      0.0033,      0.0156,      0.1977,   7671.7168,-424639.8750,   -972.1136,    547.1879,  25572.3887,
       1,     168,      14,       3,       1,       3,       1,     10.0000,      1.3943,     42.5088,    246.9567,     62.1499,      3.4953,      0.0000,     -0.0309,      3.6045,      0.1293,      5.5460,     11.0920,      1.1422,     28.2597,     56.5194,      0.0191,      0.0029,      0.0156,      0.1977,   7671.7168,-423409.7500,   -971.8346,    547.2721,  25572.3887,
       1,     168,      14,       4,       1,       3,       1,     10.0000,      1.3943,     42.5088,    246.9567,     62.1499,      3.4953,      0.0000,     -0.0308,      3.4117,      0.1267,      5.5460,     11.0920,      1.1192,     28.2597,     56.5194,      0.0191,      0.0027,      0.0156,      0.1977,   7671.7168,-422647.2812,   -971.6628,    547.3242,  25572.3887,
       1,     168,      14,       5,       1,       3,       1,     10.0000,      1.3943,     42.5088,    246.9567,     62.1499,      3.4953,      0.0000,     -0.0308,      3.1927,      0.1249,      5.5460,     11.0920,      1.1033,     28.2597,     56.5194,      0.0191,      0.0025,      0.0156,      0.1977,   7671.7168,-422333.3125,   -971.5940,    547.3458,  25572.3887,
       1,     168,      14,       6,       1,       3,       1,     10.0000,      1.3943,     42.5088,    246.9567,     62.1499,      3.4953,      0.0000,     -0.0309,      2.7503,      0.1285,      5.5460,     11.0920,      1.1352,     28.2597,     56.5194,      0.0191,      0.0022,      0.0156,      0.1977,   7671.7168,-422024.9062,   -971.5262,    547.3668,  25572.3887,
       1,     168,      14,       7,       1,       3,       1,     10.0000,      1.3943,     42.5088,    246.9567,     62.1499,      3.4953,      0.0000,     -0.0309,      2.3606,      0.1277,      5.5460,     11.0920,      1.1283,     28.2597,     56.5194,      0.0191,      0.0019,      0.0156,      0.1977,   7671.7168,-421430.7812,   -971.3920,    547.4075,  25572.3887,
       1,     168,      14,       8,       1,       3,       1,     10.0000,      1.3943,     42.5088,    246.9567,     62.1499,      3.4953,      0.0010,     -0.0298,      1.8317,      0.1267,      5.5460,     11.0920,      1.1192,     28.2597,     56.5194,      0.0191,      0.0014,      0.0156,      0.1977,   7671.7168,-420879.0938,   -971.2673,    547.4453,  25572.3887,
       1,     168,      14,       9,       1,       3,       1,     10.0000,      1.3943,     42.5088,    246.9567,     62.1499,      3.4953,      0.0807,      0.0499,     10.5014,      0.1281,      5.5460,     11.0920,      1.1318,     28.2597,     56.5194,      0.0191,      0.0013,      0.0963,      0.1977,   7671.7168,-420152.6250,   -971.1019,    547.4949,  25572.3887,
       1,     168,      14,      10,       1,       3,       1,     10.0000,      1.3943,     42.5088,    246.9567,     62.1499,      3.4953,      0.1591,      0.1272,     23.8901,      0.1555,      5.5460,     11.0920,      1.3741,     28.2597,     56.5194,      0.0191,      0.0014,      0.2084,      0.1977,   7671.7168,-431202.9688,   -973.6606,    546.7387,  25572.3887,
       1,     168,      14,      11,       1,       3,       1,     10.0000,      1.3943,     42.5088,    246.9567,     62.1499,      3.4953,      0.1831,      0.1506,     41.3969,      0.1726,      5.5460,     11.0920,      1.5248,     28.2597,     56.5194,      0.0191,      0.0021,      0.2415,      0.1977,   7671.7168,-449340.2188,   -977.8682,    545.4997,  25572.3867,
       1,     168,      14,      12,       1,       3,       1,     10.0000,      1.3943,     42.5088,    246.9567,     62.1499,      3.4953,      0.1900,      0.1573,     55.6566,      0.1787,      5.5460,     11.0920,      1.5789,     28.2597,     56.5194,      0.0191,      0.0027,      0.2500,      0.1977,   7671.7163,-473386.0938,   -983.4678,    543.8615,  25572.3887,
       1,     168,      14,      13,       1,       3,       1,     10.0000,      1.3943,     42.5088,    246.9567,     62.1499,      3.4953,      0.1909,      0.1578,     68.5573,      0.1940,      5.5460,     11.0920,      1.7144,     28.2597,     56.5194,      0.0191,      0.0034,      0.2500,      0.1976,   7671.7168,-493791.2188,   -988.2747,    542.4767,  25572.3887,
       1,     168,      14,      14,       1,       3,       1,     10.0000,      1.3943,     42.5088,    246.9567,     62.1499,      3.4953,      0.1916,      0.1582,     78.9925,      0.2044,      5.5460,     11.0920,      1.8065,     28.2597,     56.5194,      0.0191,      0.0039,      0.2500,      0.1976,   7671.7168,-512134.6250,   -992.6877,    541.2347,  25572.3887,
       1,     168,      14,      15,       1,       3,       1,     10.0000,      1.3943,     42.5088,    246.9567,     62.1499,      3.4953,      0.1941,      0.1607,    111.3353,      0.2052,      5.5460,     11.0920,      1.8137,     28.2597,     56.5194,      0.0191,      0.0055,      0.2500,      0.1976,   7671.7168,-527135.9375,   -996.4068,    540.2211,  25572.3867,
       1,     168,      14,      16,       1,       3,       1,     10.0000,      1.3943,     42.5088,    246.9567,     62.1499,      3.4953,      0.1826,      0.1495,    117.2934,      0.1938,      5.5460,     11.0920,      1.7127,     28.2597,     56.5194,      0.0191,      0.0062,      0.2323,      0.1976,   7671.7163,-569978.5000,  -1006.6495,    537.3290,  25572.3828,
       1,     168,      14,      17,       1,       3,       1,     10.0000,      1.3943,     42.5088,    246.9567,     62.1499,      3.4953,      0.1714,      0.1385,    114.1688,      0.1874,      5.5460,     11.0920,      1.6560,     28.2597,     56.5194,      0.0191,      0.0065,      0.2162,      0.1975,   7671.7153,-581401.5625,  -1009.7970,    536.5695,  25572.3848,
       1,     168,      14,      18,       1,       3,       1,     10.0000,      1.3943,     42.5088,    246.9567,     62.1499,      3.4953,      0.1717,      0.1388,    136.6006,      0.1870,      5.5460,     11.0920,      1.6527,     28.2597,     56.5194,      0.0191,      0.0079,      0.2140,      0.1975,   7671.7158,-578374.7500,  -1009.6479,    536.7731,  25572.3848,
       1,     168,      14,      19,       1,       3,       1,     10.0000,      1.3943,     42.5088,    246.9567,     62.1499,      3.4953,      0.1132,      0.0807,     89.2882,      0.1745,      5.5460,     11.0920,      1.5416,     28.2597,     56.5194,      0.0191,      0.0082,      0.1337,      0.1975,   7671.7158,-606939.0625,  -1016.8389,    534.8565,  25572.3809,
       1,     168,      14,      20,       1,       3,       1,     10.0000,      1.3943,     42.5088,    246.9567,     62.1499,      3.4953,      0.0083,     -0.0238,      9.4867,      0.1599,      5.5460,     11.0920,      1.4133,     28.2597,     56.5194,      0.0191,      0.0075,      0.0156,      0.1975,   7671.7144,-548610.5000,  -1003.9086,    538.7597,  25572.3828,
       1,     168,      14,      21,       1,       3,       1,     10.0000,      1.3943,     42.5088,    246.9567,     62.1499,      3.4953,      0.0000,     -0.0317,      7.8305,      0.1515,      5.5460,     11.0920,      1.3387,     28.2597,     56.5194,      0.0191,      0.0062,      0.0156,      0.1975,   7671.7153,-441055.0312,   -979.2076,    546.0173,  25572.3809,
       1,     168,      14,      22,       1,       3,       1,     10.0000,      1.3943,     42.5088,    246.9567,     62.1499,      3.4953,      0.0000,     -0.0316,      7.4679,      0.1479,      5.5460,     11.0920,      1.3067,     28.2597,     56.5194,      0.0191,      0.0059,      0.0156,      0.1977,   7671.7144,-429675.0938,   -976.5733,    546.8430,  25572.3809,
       1,     168,      14,      23,       1,       3,       1,     10.0000,      1.3943,     42.5088,    246.9567,     62.1499,      3.4953,      0.0000,     -0.0315,      7.1936,      0.1445,      5.5460,     11.0920,      1.2768,     28.2597,     56.5194,      0.0191,      0.0057,      0.0156,      0.1977,   7671.7144,-428151.7188,   -976.2273,    546.9477,  25572.3809,
       1,     168,      14,      24,       1,       3,       1,     10.0000,      1.3943,     42.5088,    246.9567,     62.1499,      3.4953,      0.0000,     -0.0312,      6.4061,      0.1378,      5.5460,     11.0920,      1.2176,     28.2597,     56.5194,      0.0191,      0.0051,      0.0156,      0.1977,   7671.7144,-427665.8438,   -976.1221,    546.9810,  25572.3809,
       1,     168,      15,       1,       1,       3,       1,     10.0000,      1.3943,     42.5092,    246.9625,     62.1514,      3.4953,      0.0000,     -0.0310,      5.2919,      0.1319,      5.5463,     11.0926,      1.1657,     28.2660,     56.5321,      0.0191,      0.0042,      0.0156,      0.1977,   7671.7144,-426767.2188,   -976.2587,    547.0552,  25573.5215,
       1,     168,      15,       2,       1,       3,       1,     10.0000,      1.3943,     42.5092,    246.9625,     62.1514,      3.4953,      0.0000,     -0.0309,      4.1684,      0.1280,      5.5463,     11.0926,      1.1307,     28.2660,     56.5321,      0.0191,      0.0033,      0.0156,      0.1977,   7672.0566,-425108.0312,   -975.5400,    547.1686,  25573.5215,
       1,     168,      15,       3,       1,       3,       1,     10.0000,      1.3943,     42.5092,    246.9625,     62.1514,      3.4953,      0.0000,     -0.0309,      3.8687,      0.1277,      5.5463,     11.0926,      1.1284,     28.2660,     56.5321,      0.0191,      0.0031,      0.0156,      0.1977,   7672.0566,-423522.3750,   -975.1756,    547.2772,  25573.5215,
       1,     168,      15,       4,       1,       3,       1,     10.0000,      1.3943,     42.5092,    246.9625,     62.1514,      3.4953,      0.0000,     -0.0309,      3.2489,      0.1276,      5.5463,     11.0926,      1.1272,     28.2660,     56.5321,      0.0191,      0.0026,      0.0156,      0.1977,   7672.0566,-422999.0938,   -975.0579,    547.3130,  25573.5215,
       1,     168,      15,       5,       1,       3,       1,     10.0000,      1.3943,     42.5092,    246.9625,     62.1514,      3.4953,      0.0000,     -0.0307,      2.7156,      0.1225,      5.5463,     11.0926,      1.0822,     28.2660,     56.5321,      0.0191,      0.0021,      0.0156,      0.1977,   7672.0566,-422158.6875,   -974.8658,    547.3704,  25573.5215,
       1,     168,      15,       6,       1,       3,       1,     10.0000,      1.3943,     42.5092,    246.9625,     62.1514,      3.4953,      0.0000,     -0.0306,      2.6514,      0.1206,      5.5463,     11.0926,      1.0658,     28.2660,     56.5321,      0.0191,      0.0021,      0.0156,      0.1977,   7672.0566,-421401.4375,   -974.6926,    547.4222,  25573.5215,
       1,     168,      15,       7,       1,       3,       1,     10.0000,      1.3943,     42.5092,    246.9625,     62.1514,      3.4953,      0.0000,     -0.0306,      2.4533,      0.1222,      5.5463,     11.0926,      1.0800,     28.2660,     56.5321,      0.0191,      0.0019,      0.0156,      0.1977,   7672.0566,-421252.8125,   -974.6608,    547.4324,  25573.5215,
       1,     168,      15,       8,       1,       3,       1,     10.0000,      1.3943,     42.5092,    246.9625,     62.1514,      3.4953,      0.0016,     -0.0288,      2.0200,      0.1178,      5.5463,     11.0926,      1.0410,     28.2660,     56.5321,      0.0191,      0.0016,      0.0156,      0.1977,   7672.0566,-420985.8125,   -974.6014,    547.4507,  25573.5215,
       1,     168,      15,       9,       1,       3,       1,     10.0000,      1.3943,     42.5092,    246.9625,     62.1514,      3.4953,      0.0673,      0.0365,     10.1159,      0.1254,      5.5463,     11.0926,      1.1079,     28.2660,     56.5321,      0.0191,      0.0016,      0.0770,      0.1977,   7672.0566,-420406.9062,   -974.4688,    547.4903,  25573.5215,
       1,     168,      15,      10,       1,       3,       1,     10.0000,      1.3943,     42.5092,    246.9625,     62.1514,      3.4953,      0.1541,      0.1218,     25.0037,      0.1668,      5.5463,     11.0926,      1.4740,     28.2660,     56.5321,      0.0191,      0.0015,      0.2009,      0.1977,   7672.0566,-430733.4375,   -976.8845,    546.7836,  25573.5215,
       1,     168,      15,      11,       1,       3,       1,     10.0000,      1.3943,     42.5092,    246.9625,     62.1514,      3.4953,      0.1828,      0.1500,     30.2085,      0.1821,      5.5463,     11.0926,      1.6090,     28.2660,     56.5321,      0.0191,      0.0015,      0.2424,      0.1977,   7672.0566,-450726.4062,   -981.5674,    545.4176,  25573.5215,
       1,     168,      15,      12,       1,       3,       1,     10.0000,      1.3943,     42.5092,    246.9625,     62.1514,      3.4953,      0.1885,      0.1551,     38.1785,      0.2001,      5.5463,     11.0926,      1.7678,     28.2660,     56.5321,      0.0191,      0.0019,      0.2500,      0.1977,   7672.0566,-459157.5938,   -983.5746,    544.8445,  25573.5215,
       1,     168,      15,      13,       1,       3,       1,     10.0000,      1.3943,     42.5092,    246.9625,     62.1514,      3.4953,      0.1878,      0.1543,     29.9204,      0.2046,      5.5463,     11.0926,      1.8083,     28.2660,     56.5321,      0.0191,      0.0015,      0.2500,      0.1977,   7672.0566,-470116.1875,   -986.1904,    544.0984,  25573.5195,
       1,     168,      15,      14,       1,       3,       1,     10.0000,      1.3943,     42.5092,    246.9625,     62.1514,      3.4953,      0.1887,      0.1552,     41.8928,      0.2053,      5.5463,     11.0926,      1.8137,     28.2660,     56.5321,      0.0191,      0.0021,      0.2500,      0.1977,   7672.0562,-460483.7188,   -984.0173,    544.7540,  25573.5195,
       1,     168,      15,      15,       1,       3,       1,     10.0000,      1.3943,     42.5092,    246.9625,     62.1514,      3.4953,      0.1879,      0.1548,     73.7402,      0.1942,      5.5463,     11.0926,      1.7161,     28.2660,     56.5321,      0.0191,      0.0037,      0.2450,      0.1977,   7672.0562,-474996.9062,   -987.4690,    543.7662,  25573.5195,
       1,     168,      15,      16,       1,       3,       1,     10.0000,      1.3943,     42.5092,    246.9625,     62.1514,      3.4953,      0.1669,      0.1345,     74.1573,      0.1715,      5.5463,     11.0926,      1.5157,     28.2660,     56.5321,      0.0191,      0.0043,      0.2141,      0.1977,   7672.0562,-517124.2500,   -997.4127,    540.9036,  25573.5195,
       1,     168,      15,      17,       1,       3,       1,     10.0000,      1.3943,     42.5092,    246.9625,     62.1514,      3.4953,      0.0844,      0.0532,     39.8443,      0.1361,      5.5463,     11.0926,      1.2029,     28.2660,     56.5321,      0.0191,      0.0050,      0.0980,      0.1976,   7672.0562,-521365.2188,   -998.6647,    540.6245,  25573.5156,
       1,     168,      15,      18,       1,       3,       1,     10.0000,      1.3943,     42.5092,    246.9625,     62.1514,      3.4953,      0.0581,      0.0271,     25.2759,      0.1311,      5.5463,     11.0926,      1.1586,     28.2660,     56.5321,      0.0191,      0.0051,      0.0617,      0.1976,   7672.0552,-477675.6562,   -988.9378,    543.5770,  25573.5195,
       1,     168,      15,      19,       1,       3,       1,     10.0000,      1.3943,     42.5092,    246.9625,     62.1514,      3.4953,      0.0166,     -0.0143,      1.7428,      0.1299,      5.5463,     11.0926,      1.1480,     28.2660,     56.5321,      0.0191,      0.0050,      0.0043,      0.1976,   7672.0562,-455194.6562,   -983.7698,    545.1126,  25573.5195,
       1,     168,      15,      20,       1,       3,       1,     10.0000,      1.3943,     42.5092,    246.9625,     62.1514,      3.4953,      0.0049,     -0.0259,      5.5549,      0.1280,      5.5463,     11.0926,      1.1307,     28.2660,     56.5321,      0.0191,      0.0044,      0.0156,      0.1977,   7672.0562,-423044.1250,   -976.7666,    547.3055,  25573.5176,
       1,     168,      15,      21,       1,       3,       1,     10.0000,      1.3943,     42.5092,    246.9625,     62.1514,      3.4953,      0.0000,     -0.0310,      3.9672,      0.1299,      5.5463,     11.0926,      1.1480,     28.2660,     56.5321,      0.0191,      0.0031,      0.0156,      0.1977,   7672.0557,-425124.9375,   -977.2535,    547.1676,  25573.5156,
       1,     168,      15,      22,       1,       3,       1,     10.0000,      1.3943,     42.5092,    246.9625,     62.1514,      3.4953,      0.0000,     -0.0310,      1.1574,      0.1311,      5.5463,     11.0926,      1.1586,     28.2660,     56.5321,      0.0191,      0.0009,      0.0156,      0.1977,   7672.0552,-423266.6562,   -976.8213,    547.2947,  25573.5156,
       1,     168,      15,      23,       1,       3,       1,     10.0000,      1.3943,     42.5092,    246.9625,     62.1514,      3.4953,      0.0000,     -0.0311,      0.5355,      0.1346,      5.5463,     11.0926,      1.1895,     28.2660,     56.5321,      0.0191,      0.0004,      0.0156,      0.1977,   7672.0552,-419501.9062,   -975.9429,    547.5522,  25573.5156,
       1,     168,      15,      24,       1,       3,       1,     10.0000,      1.3943,     42.5092,    246.9625,     62.1514,      3.4953,      0.0000,     -0.0313,      0.4268,      0.1396,      5.5463,     11.0926,      1.2337,     28.2660,     56.5321,      0.0191,      0.0003,      0.0156,      0.1977,   7672.0552,-418374.7188,   -975.6802,    547.6294,  25573.5156,
       1,     168,      16,       1,       1,       3,       1,     10.0000,      1.3943,     42.5095,    246.9683,     62.1528,      3.4953,      0.0000,     -0.0313,      0.3351,      0.1386,      5.5471,     11.0942,      1.2250,     28.2640,     56.5279,      0.0191,      0.0003,      0.0156,      0.1977,   7672.0552,-418291.2500,   -976.0008,    547.6480,  25574.6543,
       1,     168,      16,       2,       1,       3,       1,     10.0000,      1.3943,     42.5095,    246.9683,     62.1528,      3.4953,      0.0000,     -0.0313,      0.3882,      0.1395,      5.5471,     11.0942,      1.2325,     28.2640,     56.5279,      0.0191,      0.0003,      0.0156,      0.1977,   7672.3965,-418014.4688,   -975.5975,    547.6670,  25574.6543,
       1,     168,      16,       3,       1,       3,       1,     10.0000,      1.3943,     42.5095,    246.9683,     62.1528,      3.4953,      0.0000,     -0.0312,      0.4003,      0.1352,      5.5471,     11.0942,      1.1944,     28.2640,     56.5279,      0.0191,      0.0003,      0.0156,      0.1977,   7672.3965,-418058.3125,   -975.6081,    547.6640,  25574.6543,
       1,     168,      16,       4,       1,       3,       1,     10.0000,      1.3943,     42.5095,    246.9683,     62.1528,      3.4953,      0.0000,     -0.0311,      0.4398,      0.1350,      5.5471,     11.0942,      1.1932,     28.2640,     56.5279,      0.0191,      0.0003,      0.0156,      0.1977,   7672.3965,-418077.6562,   -975.6130,    547.6627,  25574.6543,
       1,     168,      16,       5,       1,       3,       1,     10.0000,      1.3943,     42.5095,    246.9683,     62.1528,      3.4953,      0.0000,     -0.0311,      1.3703,      0.1334,      5.5471,     11.0942,      1.1788,     28.2640,     56.5279,      0.0191,      0.0011,      0.0156,      0.1977,   7672.3965,-418130.0000,   -975.6255,    547.6591,  25574.6543,
       1,     168,      16,       6,       1,       3,       1,     10.0000,      1.3943,     42.5095,    246.9683,     62.1528,      3.4953,      0.0000,     -0.0311,      1.8860,      0.1350,      5.5471,     11.0942,      1.1932,     28.2640,     56.5279,      0.0191,      0.0015,      0.0156,      0.1977,   7672.3965,-419327.0312,   -975.9055,    547.5771,  25574.6543,
       1,     168,      16,       7,       1,       3,       1,     10.0000,      1.3943,     42.5095,    246.9683,     62.1528,      3.4953,      0.0000,     -0.0311,      2.1566,      0.1335,      5.5471,     11.0942,      1.1800,     28.2640,     56.5279,      0.0191,      0.0017,      0.0156,      0.1977,   7672.3965,-420093.0312,   -976.0848,    547.5248,  25574.6543,
       1,     168,      16,       8,       1,       3,       1,     10.0000,      1.3943,     42.5095,    246.9683,     62.1528,      3.4953,      0.0016,     -0.0293,      2.0004,      0.1290,      5.5471,     11.0942,      1.1399,     28.2640,     56.5279,      0.0191,      0.0016,      0.0156,      0.1977,   7672.3965,-420506.9062,   -976.1820,    547.4964,  25574.6543,
       1,     168,      16,       9,       1,       3,       1,     10.0000,      1.3943,     42.5095,    246.9683,     62.1528,      3.4953,      0.0693,      0.0382,     10.3924,      0.1325,      5.5471,     11.0942,      1.1704,     28.2640,     56.5279,      0.0191,      0.0016,      0.0796,      0.1977,   7672.3965,-420343.0938,   -976.1441,    547.5076,  25574.6543,
       1,     168,      16,      10,       1,       3,       1,     10.0000,      1.3943,     42.5095,    246.9683,     62.1528,      3.4953,      0.1559,      0.1241,     28.1918,      0.1546,      5.5471,     11.0942,      1.3659,     28.2640,     56.5279,      0.0191,      0.0017,      0.2032,      0.1977,   7672.3965,-431084.4062,   -978.6614,    546.7725,  25574.6543,
       1,     168,      16,      11,       1,       3,       1,     10.0000,      1.3943,     42.5095,    246.9683,     62.1528,      3.4953,      0.1840,      0.1513,     37.9922,      0.1789,      5.5471,     11.0942,      1.5805,     28.2640,     56.5279,      0.0191,      0.0019,      0.2432,      0.1977,   7672.3965,-454843.8125,   -984.2373,    545.1491,  25574.6543,
       1,     168,      16,      12,       1,       3,       1,     10.0000,      1.3943,     42.5095,    246.9683,     62.1528,      3.4953,      0.1888,      0.1554,     43.4778,      0.2053,      5.5471,     11.0942,      1.8137,     28.2640,     56.5279,      0.0191,      0.0021,      0.2500,      0.1977,   7672.3965,-469499.0000,   -987.7093,    544.1528,  25574.6543,
       1,     168,      16,      13,       1,       3,       1,     10.0000,      1.3943,     42.5095,    246.9683,     62.1528,      3.4953,      0.1881,      0.1542,     35.8919,      0.2227,      5.5471,     11.0942,      1.9679,     28.2640,     56.5279,      0.0191,      0.0018,      0.2500,      0.1977,   7672.3965,-477817.0312,   -989.7180,    543.5880,  25574.6543,
       1,     168,      16,      14,       1,       3,       1,     10.0000,      1.3943,     42.5095,    246.9683,     62.1528,      3.4953,      0.1878,      0.1536,     33.2551,      0.2341,      5.5471,     11.0942,      2.0686,     28.2640,     56.5279,      0.0191,      0.0016,      0.2500,      0.1977,   7672.3965,-468813.5000,   -987.6943,    544.2001,  25574.6523,
       1,     168,      16,      15,       1,       3,       1,     10.0000,      1.3943,     42.5095,    246.9683,     62.1528,      3.4953,      0.1901,      0.1558,     61.6128,      0.2334,      5.5471,     11.0942,      2.0625,     28.2640,     56.5279,      0.0191,      0.0030,      0.2500,      0.1977,   7672.3960,-464645.0625,   -986.7811,    544.4839,  25574.6523,
       1,     168,      16,      16,       1,       3,       1,     10.0000,      1.3943,     42.5095,    246.9683,     62.1528,      3.4953,      0.1929,      0.1589,     96.9536,      0.2229,      5.5471,     11.0942,      1.9698,     28.2640,     56.5279,      0.0191,      0.0048,      0.2500,      0.1977,   7672.3960,-500648.6250,   -995.2859,    542.0336,  25574.6504,
       1,     168,      16,      17,       1,       3,       1,     10.0000,      1.3943,     42.5095,    246.9683,     62.1528,      3.4953,      0.1830,      0.1493,    132.8755,      0.2135,      5.5471,     11.0942,      1.8866,     28.2640,     56.5279,      0.0191,      0.0071,      0.2313,      0.1977,   7672.3955,-549164.3125,  -1006.8613,    538.7520,  25574.6504,
       1,     168,      16,      18,       1,       3,       1,     10.0000,      1.3943,     42.5095,    246.9683,     62.1528,      3.4953,      0.1511,      0.1181,    102.7129,      0.1917,      5.5471,     11.0942,      1.6942,     28.2640,     56.5279,      0.0191,      0.0068,      0.1877,      0.1976,   7672.3955,-599559.5000,  -1019.0959,    535.3682,  25574.6504,
       1,     168,      16,      19,       1,       3,       1,     10.0000,      1.3943,     42.5095,    246.9683,     62.1528,      3.4953,      0.1038,      0.0711,     63.5001,      0.1799,      5.5471,     11.0942,      1.5900,     28.2640,     56.5279,      0.0191,      0.0064,      0.1228,      0.1975,   7672.3955,-565214.0625,  -1011.6402,    537.6771,  25574.6484,
       1,     168,      16,      20,       1,       3,       1,     10.0000,      1.3943,     42.5095,    246.9683,     62.1528,      3.4953,      0.0103,     -0.0220,      7.4499,      0.1681,      5.5471,     11.0942,      1.4858,     28.2640,     56.5279,      0.0191,      0.0059,      0.0156,      0.1976,   7672.3950,-511847.1875,   -999.5510,    541.2689,  25574.6504,
       1,     168,      16,      21,       1,       3,       1,     10.0000,      1.3943,     42.5095,    246.9683,     62.1528,      3.4953,      0.0000,     -0.0321,      6.7861,      0.1625,      5.5471,     11.0942,      1.4362,     28.2640,     56.5279,      0.0191,      0.0054,      0.0156,      0.1976,   7672.3955,-435285.8750,   -981.7357,    546.4609,  25574.6504,
       1,     168,      16,      22,       1,       3,       1,     10.0000,      1.3943,     42.5095,    246.9683,     62.1528,      3.4953,      0.0000,     -0.0320,      6.4474,      0.1580,      5.5471,     11.0942,      1.3964,     28.2640,     56.5279,      0.0191,      0.0051,      0.0156,      0.1977,   7672.3955,-427804.8125,   -979.9822,    546.9969,  25574.6504,
       1,     168,      16,      23,       1,       3,       1,     10.0000,      1.3943,     42.5095,    246.9683,     62.1528,      3.4953,      0.0000,     -0.0318,      5.4421,      0.1524,      5.5471,     11.0942,      1.3468,     28.2640,     56.5279,      0.0191,      0.0043,      0.0156,      0.1977,   7672.3955,-426683.7188,   -979.7213,    547.0738,  25574.6484,
       1,     168,      16,      24,       1,       3,       1,     10.0000,      1.3943,     42.5095,    246.9683,     62.1528,      3.4953,      0.0000,     -0.0314,      4.7161,      0.1410,      5.5471,     11.0942,      1.2463,     28.2640,     56.5279,      0.0191,      0.0037,      0.0156,      0.1977,   7672.3950,-425296.8750,   -979.3981,    547.1687,  25574.6484,
       1,     168,      17,       1,       1,       3,       1,     10.0000,      1.3944,     42.5098,    246.9741,     62.1543,      3.4953,      0.0000,     -0.0312,      3.9512,      0.1370,      5.5465,     11.0931,      1.2103,     28.2693,     56.5386,      0.0191,      0.0031,      0.0156,      0.1977,   7672.3950,-424399.0625,   -979.5322,    547.2430,  25575.7910,
       1,     168,      17,       2,       1,       3,       1,     10.0000,      1.3944,     42.5098,    246.9741,     62.1543,      3.4953,      0.0000,     -0.0314,      3.6506,      0.1420,      5.5465,     11.0931,      1.2551,     28.2693,     56.5386,      0.0191,      0.0029,      0.0156,      0.1977,   7672.7378,-423187.7812,   -978.9069,    547.3259,  25575.7910,
       1,     168,      17,       3,       1,       3,       1,     10.0000,      1.3944,     42.5098,    246.9741,     62.1543,      3.4953,      0.0000,     -0.0313,      3.7719,      0.1382,      5.5465,     11.0931,      1.2213,     28.2693,     56.5386,      0.0191,      0.0030,      0.0156,      0.1977,   7672.7378,-422696.3438,   -978.7928,    547.3595,  25575.7910,
       1,     168,      17,       4,       1,       3,       1,     10.0000,      1.3944,     42.5098,    246.9741,     62.1543,      3.4953,      0.0000,     -0.0312,      3.2468,      0.1353,      5.5465,     11.0931,      1.1956,     28.2693,     56.5386,      0.0191,      0.0026,      0.0156,      0.1977,   7672.7378,-422808.6562,   -978.8209,    547.3518,  25575.7910,
       1,     168,      17,       5,       1,       3,       1,     10.0000,      1.3944,     42.5098,    246.9741,     62.1543,      3.4953,      0.0000,     -0.0310,      2.6075,      0.1313,      5.5465,     11.0931,      1.1598,     28.2693,     56.5386,      0.0191,      0.0021,      0.0156,      0.1977,   7672.7378,-422145.5625,   -978.6665,    547.3972,  25575.7910,
       1,     168,      17,       6,       1,       3,       1,     10.0000,      1.3944,     42.5098,    246.9741,     62.1543,      3.4953,      0.0000,     -0.0308,      2.4683,      0.1271,      5.5465,     11.0931,      1.1227,     28.2693,     56.5386,      0.0191,      0.0020,      0.0156,      0.1978,   7672.7378,-421268.2188,   -978.4612,    547.4572,  25575.7910,
       1,     168,      17,       7,       1,       3,       1,     10.0000,      1.3944,     42.5098,    246.9741,     62.1543,      3.4953,      0.0000,     -0.0308,      2.5352,      0.1263,      5.5465,     11.0931,      1.1159,     28.2693,     56.5386,      0.0191,      0.0020,      0.0156,      0.1978,   7672.7378,-421013.0000,   -978.4023,    547.4747,  25575.7910,
       1,     168,      17,       8,       1,       3,       1,     10.0000,      1.3944,     42.5098,    246.9741,     62.1543,      3.4953,      0.0009,     -0.0298,      2.4703,      0.1242,      5.5465,     11.0931,      1.0978,     28.2693,     56.5386,      0.0191,      0.0020,      0.0156,      0.1978,   7672.7378,-421076.1562,   -978.4184,    547.4703,  25575.7910,
       1,     168,      17,       9,       1,       3,       1,     10.0000,      1.3944,     42.5098,    246.9741,     62.1543,      3.4953,      0.0716,      0.0405,     14.4936,      0.1350,      5.5465,     11.0931,      1.1932,     28.2693,     56.5386,      0.0191,      0.0022,      0.0825,      0.1978,   7672.7378,-420998.6250,   -978.4014,    547.4756,  25575.7910,
       1,     168,      17,      10,       1,       3,       1,     10.0000,      1.3944,     42.5098,    246.9741,     62.1543,      3.4953,      0.1562,      0.1242,     38.1508,      0.1560,      5.5465,     11.0931,      1.3784,     28.2693,     56.5386,      0.0191,      0.0023,      0.2024,      0.1978,   7672.7378,-436399.5625,   -982.0377,    546.4216,  25575.7910,
       1,     168,      17,      11,       1,       3,       1,     10.0000,      1.3944,     42.5098,    246.9741,     62.1543,      3.4953,      0.1848,      0.1523,     48.0049,      0.1734,      5.5465,     11.0931,      1.5325,     28.2693,     56.5386,      0.0191,      0.0024,      0.2432,      0.1977,   7672.7378,-468076.4375,   -989.5288,    544.2590,  25575.7930,
       1,     168,      17,      12,       1,       3,       1,     10.0000,      1.3944,     42.5098,    246.9741,     62.1543,      3.4953,      0.1897,      0.1566,     52.5325,      0.1915,      5.5465,     11.0931,      1.6926,     28.2693,     56.5386,      0.0191,      0.0026,      0.2500,      0.1977,   7672.7383,-483498.4375,   -993.2374,    543.2142,  25575.7891,
       1,     168,      17,      13,       1,       3,       1,     10.0000,      1.3944,     42.5098,    246.9741,     62.1543,      3.4953,      0.1893,      0.1560,     48.5504,      0.2001,      5.5465,     11.0931,      1.7679,     28.2693,     56.5386,      0.0191,      0.0024,      0.2500,      0.1977,   7672.7368,-490652.7500,   -995.0464,    542.7293,  25575.7891,
       1,     168,      17,      14,       1,       3,       1,     10.0000,      1.3944,     42.5098,    246.9741,     62.1543,      3.4953,      0.1903,      0.1569,     61.9917,      0.2021,      5.5465,     11.0931,      1.7854,     28.2693,     56.5386,      0.0191,      0.0031,      0.2500,      0.1977,   7672.7368,-486169.0312,   -994.1356,    543.0337,  25575.7891,
       1,     168,      17,      15,       1,       3,       1,     10.0000,      1.3944,     42.5098,    246.9741,     62.1543,      3.4953,      0.1921,      0.1585,     85.5059,      0.2110,      5.5465,     11.0931,      1.8645,     28.2693,     56.5386,      0.0191,      0.0042,      0.2500,      0.1977,   7672.7368,-503019.3438,   -998.2489,    541.8901,  25575.7871,
       1,     168,      17,      16,       1,       3,       1,     10.0000,      1.3944,     42.5098,    246.9741,     62.1543,      3.4953,      0.1936,      0.1599,    105.0887,      0.2135,      5.5465,     11.0931,      1.8866,     28.2693,     56.5386,      0.0191,      0.0052,      0.2500,      0.1977,   7672.7363,-534666.6875,  -1005.9314,    539.7477,  25575.7891,
       1,     168,      17,      17,       1,       3,       1,     10.0000,      1.3944,     42.5098,    246.9741,     62.1543,      3.4953,      0.1859,      0.1526,    117.2047,      0.2009,      5.5465,     11.0931,      1.7748,     28.2693,     56.5386,      0.0191,      0.0061,      0.2371,      0.1976,   7672.7368,-562582.3125,  -1012.8699,    537.8684,  25575.7891,
       1,     168,      17,      18,       1,       3,       1,     10.0000,      1.3944,     42.5098,    246.9741,     62.1543,      3.4953,      0.1704,      0.1373,    116.9419,      0.1906,      5.5465,     11.0931,      1.6842,     28.2693,     56.5386,      0.0191,      0.0067,      0.2143,      0.1976,   7672.7368,-580586.4375,  -1017.5954,    536.6611,  25575.7852,
       1,     168,      17,      19,       1,       3,       1,     10.0000,      1.3944,     42.5098,    246.9741,     62.1543,      3.4953,      0.1106,      0.0779,     73.2498,      0.1775,      5.5465,     11.0931,      1.5680,     28.2693,     56.5386,      0.0191,      0.0069,      0.1316,      0.1976,   7672.7358,-581821.4375,  -1018.4338,    536.5797,  25575.7852,
       1,     168,      17,      20,       1,       3,       1,     10.0000,      1.3944,     42.5098,    246.9741,     62.1543,      3.4953,      0.0087,     -0.0235,      9.0605,      0.1640,      5.5465,     11.0931,      1.4492,     28.2693,     56.5386,      0.0191,      0.0072,      0.0156,      0.1976,   7672.7358,-525791.6875,  -1005.6749,    540.3377,  25575.7852,
       1,     168,      17,      21,       1,       3,       1,     10.0000,      1.3944,     42.5098,    246.9741,     62.1543,      3.4953,      0.0000,     -0.0319,      8.7706,      0.1555,      5.5465,     11.0931,      1.3742,     28.2693,     56.5386,      0.0191,      0.0069,      0.0156,      0.1976,   7672.7358,-438555.2500,   -985.2269,    546.2431,  25575.7852,
       1,     168,      17,      22,       1,       3,       1,     10.0000,      1.3944,     42.5098,    246.9741,     62.1543,      3.4953,      0.0000,     -0.0318,      8.6686,      0.1532,      5.5465,     11.0931,      1.3537,     28.2693,     56.5386,      0.0191,      0.0069,      0.0156,      0.1977,   7672.7358,-430646.6250,   -983.3604,    546.8154,  25575.7852,
       1,     168,      17,      23,       1,       3,       1,     10.0000,      1.3944,     42.5098,    246.9741,     62.1543,      3.4953,      0.0000,     -0.0317,      7.6876,      0.1514,      5.5465,     11.0931,      1.3374,     28.2693,     56.5386,      0.0191,      0.0061,      0.0156,      0.1977,   7672.7358,-429782.3438,   -983.1610,    546.8748,  25575.7852,
       1,     168,      17,      24,       1,       3,       1,     10.0000,      1.3944,     42.5098,    246.9741,     62.1543,      3.4953,      0.0000,     -0.0318,      7.0534,      0.1521,      5.5465,     11.0931,      1.3442,     28.2693,     56.5386,      0.0191,      0.0056,      0.0156,      0.1977,   7672.7358,-428448.8125,   -982.8497,    546.9660,  25575.7852,
       1,     168,      18,       1,       1,       3,       1,     10.0000,      1.3944,     42.5101,    246.9798,     62.1557,      3.4953,      0.0000,     -0.0317,      5.3777,      0.1512,      5.5467,     11.0935,      1.3361,     28.2757,     56.5513,      0.0191,      0.0043,      0.0156,      0.1978,   7672.7358,-427673.3438,   -983.0170,    547.0317,  25576.9258,
       1,     168,      18,       2,       1,       3,       1,     10.0000,      1.3944,     42.5101,    246.9798,     62.1557,      3.4953,      0.0000,     -0.0315,      4.3351,      0.1449,      5.5467,     11.0935,      1.2808,     28.2757,     56.5513,      0.0191,      0.0034,      0.0156,      0.1978,   7673.0781,-425306.0000,   -982.1144,    547.1937,  25576.9258,
       1,     168,      18,       3,       1,       3,       1,     10.0000,      1.3944,     42.5101,    246.9798,     62.1557,      3.4953,      0.0000,     -0.0317,      3.8160,      0.1491,      5.5467,     11.0935,      1.3174,     28.2757,     56.5513,      0.0191,      0.0030,      0.0156,      0.1978,   7673.0781,-423762.4688,   -981.7512,    547.2992,  25576.9258,
       1,     168,      18,       4,       1,       3,       1,     10.0000,      1.3944,     42.5101,    246.9798,     62.1557,      3.4953,      0.0000,     -0.0317,      3.4589,      0.1512,      5.5467,     11.0935,      1.3361,     28.2757,     56.5513,      0.0191,      0.0027,      0.0156,      0.1978,   7673.0781,-422962.0312,   -981.5638,    547.3540,  25576.9258,
       1,     168,      18,       5,       1,       3,       1,     10.0000,      1.3944,     42.5101,    246.9798,     62.1557,      3.4953,      0.0000,     -0.0317,      3.2467,      0.1494,      5.5467,     11.0935,      1.3201,     28.2757,     56.5513,      0.0191,      0.0026,      0.0156,      0.1978,   7673.0781,-422434.1562,   -981.4410,    547.3901,  25576.9258,
       1,     168,      18,       6,       1,       3,       1,     10.0000,      1.3944,     42.5101,    246.9798,     62.1557,      3.4953,      0.0000,     -0.0316,      2.9323,      0.1476,      5.5467,     11.0935,      1.3042,     28.2757,     56.5513,      0.0191,      0.0023,      0.0156,      0.1978,   7673.0781,-422116.0312,   -981.3676,    547.4119,  25576.9258,
       1,     168,      18,       7,       1,       3,       1,     10.0000,      1.3944,     42.5101,    246.9798,     62.1557,      3.4953,      0.0000,     -0.0314,      2.4703,      0.1406,      5.5467,     11.0935,      1.2425,     28.2757,     56.5513,      0.0191,      0.0020,      0.0156,      0.1978,   7673.0781,-421685.0938,   -981.2673,    547.4413,  25576.9258,
       1,     168,      18,       8,       1,       3,       1,     10.0000,      1.3944,     42.5101,    246.9798,     62.1557,      3.4953,      0.0010,     -0.0303,      2.8733,      0.1379,      5.5467,     11.0935,      1.2189,     28.2757,     56.5513,      0.0191,      0.0023,      0.0156,      0.1978,   7673.0781,-421055.5312,   -981.1194,    547.4844,  25576.9258,
       1,     168,      18,       9,       1,       3,       1,     10.0000,      1.3944,     42.5101,    246.9798,     62.1557,      3.4953,      0.0698,      0.0384,     17.8426,      0.1418,      5.5467,     11.0935,      1.2526,     28.2757,     56.5513,      0.0191,      0.0028,      0.0792,      0.1978,   7673.0781,-421516.5938,   -981.2308,    547.4529,  25576.9258,
       1,     168,      18,      10,       1,       3,       1,     10.0000,      1.3944,     42.5101,    246.9798,     62.1557,      3.4953,      0.1556,      0.1236,     49.8921,      0.1593,      5.5467,     11.0935,      1.4077,     28.2757,     56.5513,      0.0191,      0.0031,      0.2003,      0.1978,   7673.0781,-440738.0000,   -985.8093,    546.1376,  25576.9258,
       1,     168,      18,      11,       1,       3,       1,     10.0000,      1.3944,     42.5101,    246.9798,     62.1557,      3.4953,      0.1849,      0.1523,     66.2728,      0.1761,      5.5467,     11.0935,      1.5556,     28.2757,     56.5513,      0.0191,      0.0034,      0.2413,      0.1978,   7673.0781,-483505.8438,   -996.0106,    543.2195,  25576.9258,
       1,     168,      18,      12,       1,       3,       1,     10.0000,      1.3944,     42.5101,    246.9798,     62.1557,      3.4953,      0.1909,      0.1580,     68.1346,      0.1880,      5.5467,     11.0935,      1.6611,     28.2757,     56.5513,      0.0191,      0.0034,      0.2500,      0.1977,   7673.0781,-508279.8750,  -1002.0258,    541.5451,  25576.9277,
       1,     168,      18,      13,       1,       3,       1,     10.0000,      1.3944,     42.5101,    246.9798,     62.1557,      3.4953,      0.1909,      0.1577,     68.6533,      0.1962,      5.5467,     11.0935,      1.7333,     28.2757,     56.5513,      0.0191,      0.0034,      0.2500,      0.1977,   7673.0786,-512831.2188,  -1003.3292,    541.2395,  25576.9238,
       1,     168,      18,      14,       1,       3,       1,     10.0000,      1.3944,     42.5101,    246.9798,     62.1557,      3.4953,      0.1912,      0.1579,     72.8977,      0.1983,      5.5467,     11.0935,      1.7522,     28.2757,     56.5513,      0.0191,      0.0036,      0.2500,      0.1977,   7673.0776,-513891.8125,  -1003.8244,    541.1678,  25576.9238,
       1,     168,      18,      15,       1,       3,       1,     10.0000,      1.3944,     42.5101,    246.9798,     62.1557,      3.4953,      0.1927,      0.1595,     92.3894,      0.1962,      5.5467,     11.0935,      1.7333,     28.2757,     56.5513,      0.0191,      0.0046,      0.2500,      0.1977,   7673.0776,-519430.5625,  -1005.3912,    540.7932,  25576.9219,
       1,     168,      18,      16,       1,       3,       1,     10.0000,      1.3944,     42.5101,    246.9798,     62.1557,      3.4953,      0.1946,      0.1616,    115.7513,      0.1904,      5.5467,     11.0935,      1.6826,     28.2757,     56.5513,      0.0191,      0.0057,      0.2500,      0.1977,   7673.0767,-544928.3125,  -1011.7485,    539.0698,  25576.9219,
       1,     168,      18,      17,       1,       3,       1,     10.0000,      1.3944,     42.5101,    246.9798,     62.1557,      3.4953,      0.1838,      0.1509,    125.3181,      0.1869,      5.5467,     11.0935,      1.6512,     28.2757,     56.5513,      0.0191,      0.0066,      0.2331,      0.1976,   7673.0767,-577155.8750,  -1019.8290,    536.9009,  25576.9219,
       1,     168,      18,      18,       1,       3,       1,     10.0000,      1.3944,     42.5101,    246.9798,     62.1557,      3.4953,      0.1696,      0.1370,    127.7316,      0.1791,      5.5467,     11.0935,      1.5822,     28.2757,     56.5513,      0.0191,      0.0074,      0.2119,      0.1976,   7673.0767,-592269.4375,  -1023.9694,    535.8909,  25576.9199,
       1,     168,      18,      19,       1,       3,       1,     10.0000,      1.3944,     42.5101,    246.9798,     62.1557,      3.4953,      0.1020,      0.0696,     70.5276,      0.1705,      5.5467,     11.0935,      1.5068,     28.2757,     56.5513,      0.0191,      0.0073,      0.1195,      0.1976,   7673.0762,-596688.0000,  -1025.6271,    535.5959,  25576.9199,
       1,     168,      18,      20,       1,       3,       1,     10.0000,      1.3944,     42.5101,    246.9798,     62.1557,      3.4953,      0.0136,     -0.0185,      9.1302,      0.1616,      5.5467,     11.0935,      1.4276,     28.2757,     56.5513,      0.0191,      0.0072,      0.0156,      0.1976,   7673.0762,-523566.4375,  -1008.6958,    540.4915,  25576.9199,
       1,     168,      18,      21,       1,       3,       1,     10.0000,      1.3944,     42.5101,    246.9798,     62.1557,      3.4953,      0.0000,     -0.0319,      9.2674,      0.1560,      5.5467,     11.0935,      1.3784,     28.2757,     56.5513,      0.0191,      0.0073,      0.0156,      0.1977,   7673.0762,-438466.7188,   -988.5370,    546.2633,  25576.9199,
       1,     168,      18,      22,       1,       3,       1,     10.0000,      1.3944,     42.5101,    246.9798,     62.1557,      3.4953,      0.0000,     -0.0319,      9.5673,      0.1565,      5.5467,     11.0935,      1.3825,     28.2757,     56.5513,      0.0191,      0.0076,      0.0156,      0.1978,   7673.0762,-431276.1875,   -986.8245,    546.7852,  25576.9199,
       1,     168,      18,      23,       1,       3,       1,     10.0000,      1.3944,     42.5101,    246.9798,     62.1557,      3.4953,      0.0000,     -0.0318,      8.6366,      0.1532,      5.5467,     11.0935,      1.3537,     28.2757,     56.5513,      0.0191,      0.0068,      0.0156,      0.1978,   7673.0762,-430991.5312,   -986.7639,    546.8049,  25576.9180,
       1,     168,      18,      24,       1,       3,       1,     10.0000,      1.3944,     42.5101,    246.9798,     62.1557,      3.4953,      0.0000,     -0.0318,      8.1817,      0.1524,      5.5467,     11.0935,      1.3469,     28.2757,     56.5513,      0.0191,      0.0065,      0.0156,      0.1978,   7673.0757,-429773.8438,   -986.4797,    546.8881,  25576.9180,
       1,     168,      19,       1,       1,       3,       1,     10.0000,      1.3944,     42.5105,    246.9857,     62.1572,      3.4953,      0.0000,     -0.0318,      7.2688,      0.1529,      5.5464,     11.0929,      1.3510,     28.2818,     56.5637,      0.0191,      0.0058,      0.0156,      0.1978,   7673.0757,-429238.0000,   -986.7072,    546.9375,  25578.0605,
       1,     168,      19,       2,       1,       3,       1,     10.0000,      1.3944,     42.5105,    246.9857,     62.1572,      3.4953,      0.0000,     -0.0319,      6.6430,      0.1563,      5.5464,     11.0929,      1.3812,     28.2818,     56.5637,      0.0191,      0.0053,      0.0156,      0.1978,   7673.4185,-427869.0625,   -986.0358,    547.0311,  25578.0605,
       1,     168,      19,       3,       1,       3,       1,     10.0000,      1.3944,     42.5105,    246.9857,     62.1572,      3.4953,      0.0000,     -0.0320,      7.0365,      0.1584,      5.5464,     11.0929,      1.3993,     28.2818,     56.5637,      0.0191,      0.0056,      0.0156,      0.1978,   7673.4185,-426947.1875,   -985.8202,    547.0941,  25578.0605,
       1,     168,      19,       4,       1,       3,       1,     10.0000,      1.3944,     42.5105,    246.9857,     62.1572,      3.4953,      0.0000,     -0.0318,      6.7336,      0.1541,      5.5464,     11.0929,      1.3619,     28.2818,     56.5637,      0.0191,      0.0053,      0.0156,      0.1978,   7673.4185,-427370.6250,   -985.9272,    547.0652,  25578.0605,
       1,     168,      19,       5,       1,       3,       1,     10.0000,      1.3944,     42.5105,    246.9857,     62.1572,      3.4953,      0.0000,     -0.0312,      5.9632,      0.1361,      5.5464,     11.0929,      1.2030,     28.2818,     56.5637,      0.0191,      0.0047,      0.0156,      0.1978,   7673.4185,-427019.5312,   -985.8485,    547.0892,  25578.0605,
       1,     168,      19,       6,       1,       3,       1,     10.0000,      1.3944,     42.5105,    246.9857,     62.1572,      3.4953,      0.0000,     -0.0308,      5.4292,      0.1249,      5.5464,     11.0929,      1.1035,     28.2818,     56.5637,      0.0191,      0.0043,      0.0156,      0.1978,   7673.4185,-426001.6562,   -986.3038,    547.1588,  25578.0605,
       1,     168,      19,       7,       1,       3,       1,     10.0000,      1.3944,     42.5105,    246.9857,     62.1572,      3.4953,      0.0000,     -0.0313,      6.0357,      0.1395,      5.5464,     11.0929,      1.2326,     28.2818,     56.5637,      0.0191,      0.0048,      0.0156,      0.1978,   7673.4185,-425228.2812,   -986.1167,    547.2117,  25578.0605,
       1,     168,      19,       8,       1,       3,       1,     10.0000,      1.3944,     42.5105,    246.9857,     62.1572,      3.4953,      0.0007,     -0.0309,      6.7828,      0.1489,      5.5464,     11.0929,      1.3161,     28.2818,     56.5637,      0.0191,      0.0054,      0.0156,      0.1978,   7673.4185,-425937.5938,   -986.2847,    547.1631,  25578.0605,
       1,     168,      19,       9,       1,       3,       1,     10.0000,      1.3944,     42.5105,    246.9857,     62.1572,      3.4953,      0.0605,      0.0286,     24.2973,      0.1569,      5.5464,     11.0929,      1.3867,     28.2818,     56.5637,      0.0191,      0.0046,      0.0645,      0.1978,   7673.4185,-426956.9688,   -986.5270,    547.0934,  25578.0605,
       1,     168,      19,      10,       1,       3,       1,     10.0000,      1.3944,     42.5105,    246.9857,     62.1572,      3.4953,      0.1294,      0.0974,     34.2689,      0.1573,      5.5464,     11.0929,      1.3895,     28.2818,     56.5637,      0.0191,      0.0026,      0.1638,      0.1978,   7673.4185,-449487.6562,   -991.9456,    545.5527,  25578.0586,
       1,     168,      19,      11,       1,       3,       1,     10.0000,      1.3944,     42.5105,    246.9857,     62.1572,      3.4953,      0.1646,      0.1324,     28.7456,      0.1658,      5.5464,     11.0929,      1.4653,     28.2818,     56.5637,      0.0191,      0.0016,      0.2159,      0.1978,   7673.4180,-464249.2812,   -995.5276,    544.5482,  25578.0586,
       1,     168,      19,      12,       1,       3,       1,     10.0000,      1.3944,     42.5105,    246.9857,     62.1572,      3.4953,      0.1905,      0.1577,     65.1276,      0.1823,      5.5464,     11.0929,      1.6108,     28.2818,     56.5637,      0.0191,      0.0032,      0.2497,      0.1978,   7673.4180,-458460.3438,   -994.1949,    544.9432,  25578.0586,
       1,     168,      19,      13,       1,       3,       1,     10.0000,      1.3944,     42.5105,    246.9857,     62.1572,      3.4953,      0.1924,      0.1591,     88.5359,      0.1987,      5.5464,     11.0929,      1.7558,     28.2818,     56.5637,      0.0191,      0.0044,      0.2500,      0.1978,   7673.4180,-504591.1562,  -1005.3390,    541.8010,  25578.0586,
       1,     168,      19,      14,       1,       3,       1,     10.0000,      1.3944,     42.5105,    246.9857,     62.1572,      3.4953,      0.1935,      0.1599,    104.0381,      0.2116,      5.5464,     11.0929,      1.8701,     28.2818,     56.5637,      0.0191,      0.0051,      0.2500,      0.1977,   7673.4180,-538681.4375,  -1013.7349,    539.5012,  25578.0586,
       1,     168,      19,      15,       1,       3,       1,     10.0000,      1.3944,     42.5105,    246.9857,     62.1572,      3.4953,      0.1932,      0.1596,     99.0987,      0.2085,      5.5464,     11.0929,      1.8427,     28.2818,     56.5637,      0.0191,      0.0049,      0.2500,      0.1977,   7673.4180,-561560.0000,  -1019.5824,    537.9631,  25578.0547,
       1,     168,      19,      16,       1,       3,       1,     10.0000,      1.3944,     42.5105,    246.9857,     62.1572,      3.4953,      0.1952,      0.1618,    124.9651,      0.2039,      5.5464,     11.0929,      1.8014,     28.2818,     56.5637,      0.0191,      0.0062,      0.2500,      0.1977,   7673.4165,-557216.1250,  -1018.9763,    538.2575,  25578.0527,
       1,     168,      19,      17,       1,       3,       1,     10.0000,      1.3944,     42.5105,    246.9857,     62.1572,      3.4953,      0.1881,      0.1549,    141.7502,      0.1962,      5.5464,     11.0929,      1.7333,     28.2818,     56.5637,      0.0191,      0.0074,      0.2375,      0.1977,   7673.4160,-590045.6875,  -1027.3304,    536.0487,  25578.0566,
       1,     168,      19,      18,       1,       3,       1,     10.0000,      1.3944,     42.5105,    246.9857,     62.1572,      3.4953,      0.1696,      0.1367,    138.1186,      0.1854,      5.5464,     11.0929,      1.6382,     28.2818,     56.5637,      0.0191,      0.0081,      0.2107,      0.1976,   7673.4175,-614490.0625,  -1033.8087,    534.4153,  25578.0547,
       1,     168,      19,      19,       1,       3,       1,     10.0000,      1.3944,     42.5105,    246.9857,     62.1572,      3.4953,      0.1125,      0.0801,     98.0357,      0.1728,      5.5464,     11.0929,      1.5265,     28.2818,     56.5637,      0.0191,      0.0092,      0.1318,      0.1976,   7673.4165,-611960.6250,  -1033.8860,    534.5868,  25578.0527,
       1,     168,      19,      20,       1,       3,       1,     10.0000,      1.3944,     42.5105,    246.9857,     62.1572,      3.4953,      0.0078,     -0.0244,     10.1025,      0.1637,      5.5464,     11.0929,      1.4464,     28.2818,     56.5637,      0.0191,      0.0080,      0.0156,      0.1976,   7673.4160,-560222.8750,  -1022.0164,    538.0441,  25578.0508,
       1,     168,      19,      21,       1,       3,       1,     10.0000,      1.3944,     42.5105,    246.9857,     62.1572,      3.4953,      0.0000,     -0.0321,      8.9727,      0.1604,      5.5464,     11.0929,      1.4177,     28.2818,     56.5637,      0.0191,      0.0071,      0.0156,      0.1977,   7673.4155,-442839.4375,   -993.9359,    545.9500,  25578.0547,
       1,     168,      19,      22,       1,       3,       1,     10.0000,      1.3944,     42.5105,    246.9857,     62.1572,      3.4953,      0.0000,     -0.0320,      7.7587,      0.1592,      5.5464,     11.0929,      1.4064,     28.2818,     56.5637,      0.0191,      0.0061,      0.0156,      0.1978,   7673.4165,-431318.3438,   -991.1492,    546.7947,  25578.0527,
       1,     168,      19,      23,       1,       3,       1,     10.0000,      1.3944,     42.5105,    246.9857,     62.1572,      3.4953,      0.0000,     -0.0320,      6.9410,      0.1576,      5.5464,     11.0929,      1.3923,     28.2818,     56.5637,      0.0191,      0.0055,      0.0156,      0.1978,   7673.4160,-428680.8438,   -990.5122,    546.9755,  25578.0527,
       1,     168,      19,      24,       1,       3,       1,     10.0000,      1.3944,     42.5105,    246.9857,     62.1572,      3.4953,      0.0000,     -0.0319,      5.8140,      0.1558,      5.5464,     11.0929,      1.3770,     28.2818,     56.5637,      0.0191,      0.0046,      0.0156,      0.1978,   7673.4160,-427401.3125,   -990.2029,    547.0630,  25578.0527,
       1,     168,      20,       1,       1,       3,       1,     10.0000,      1.3944,     42.5108,    246.9915,     62.1587,      3.4953,      0.0000,     -0.0319,      4.9741,      0.1552,      5.5472,     11.0945,      1.3716,     28.2870,     56.5740,      0.0191,      0.0039,      0.0156,      0.1978,   7673.4160,-425999.4062,   -990.2174,    547.1718,  25579.1953,
       1,     168,      20,       2,       1,       3,       1,     10.0000,      1.3944,     42.5108,    246.9915,     62.1587,      3.4953,      0.0000,     -0.0318,      4.5598,      0.1530,      5.5472,     11.0945,      1.3524,     28.2870,     56.5740,      0.0191,      0.0036,      0.0156,      0.1978,   7673.7588,-424648.0312,   -989.5376,    547.2643,  25579.1934,
       1,     168,      20,       3,       1,       3,       1,     10.0000,      1.3944,     42.5108,    246.9915,     62.1587,      3.4953,      0.0000,     -0.0319,      4.4414,      0.1557,      5.5472,     11.0945,      1.3757,     28.2870,     56.5740,      0.0191,      0.0035,      0.0156,      0.1978,   7673.7583,-423999.0938,   -989.3817,    547.3087,  25579.1934,
       1,     168,      20,       4,       1,       3,       1,     10.0000,      1.3944,     42.5108,    246.9915,     62.1587,      3.4953,      0.0000,     -0.0316,      3.9653,      0.1472,      5.5472,     11.0945,      1.3003,     28.2870,     56.5740,      0.0191,      0.0031,      0.0156,      0.1978,   7673.7583,-423790.5000,   -989.3320,    547.3229,  25579.1934,
       1,     168,      20,       5,       1,       3,       1,     10.0000,      1.3944,     42.5108,    246.9915,     62.1587,      3.4953,      0.0000,     -0.0314,      3.6859,      0.1428,      5.5472,     11.0945,      1.2616,     28.2870,     56.5740,      0.0191,      0.0029,      0.0156,      0.1978,   7673.7583,-423162.2500,   -989.1803,    547.3659,  25579.1934,
       1,     168,      20,       6,       1,       3,       1,     10.0000,      1.3944,     42.5108,    246.9915,     62.1587,      3.4953,      0.0000,     -0.0314,      3.7590,      0.1418,      5.5472,     11.0945,      1.2527,     28.2870,     56.5740,      0.0191,      0.0030,      0.0156,      0.1978,   7673.7583,-422749.3125,   -989.0809,    547.3942,  25579.1934,
       1,     168,      20,       7,       1,       3,       1,     10.0000,      1.3944,     42.5108,    246.9915,     62.1587,      3.4953,      0.0000,     -0.0314,      3.6086,      0.1428,      5.5472,     11.0945,      1.2616,     28.2870,     56.5740,      0.0191,      0.0029,      0.0156,      0.1978,   7673.7583,-422806.7812,   -989.0954,    547.3902,  25579.1934,
       1,     168,      20,       8,       1,       3,       1,     10.0000,      1.3944,     42.5108,    246.9915,     62.1587,      3.4953,      0.0008,     -0.0308,      3.7449,      0.1472,      5.5472,     11.0945,      1.3003,     28.2870,     56.5740,      0.0191,      0.0030,      0.0156,      0.1978,   7673.7583,-422619.1250,   -989.0507,    547.4031,  25579.1934,
       1,     168,      20,       9,       1,       3,       1,     10.0000,      1.3944,     42.5108,    246.9915,     62.1587,      3.4953,      0.0632,      0.0315,     14.6621,      0.1523,      5.5472,     11.0945,      1.3456,     28.2870,     56.5740,      0.0191,      0.0026,      0.0697,      0.1978,   7673.7583,-422777.3125,   -989.0897,    547.3922,  25579.1934,
       1,     168,      20,      10,       1,       3,       1,     10.0000,      1.3944,     42.5108,    246.9915,     62.1587,      3.4953,      0.1548,      0.1227,     41.8779,      0.1625,      5.5472,     11.0945,      1.4363,     28.2870,     56.5740,      0.0191,      0.0026,      0.2000,      0.1978,   7673.7583,-436776.8125,   -992.4971,    546.4343,  25579.1934,
       1,     168,      20,      11,       1,       3,       1,     10.0000,      1.3944,     42.5108,    246.9915,     62.1587,      3.4953,      0.1721,      0.1401,     44.7975,      0.1596,      5.5472,     11.0945,      1.4106,     28.2870,     56.5740,      0.0191,      0.0025,      0.2249,      0.1978,   7673.7583,-472878.5938,  -1001.2939,    543.9693,  25579.1934,
       1,     168,      20,      12,       1,       3,       1,     10.0000,      1.3944,     42.5108,    246.9915,     62.1587,      3.4953,      0.1898,      0.1577,     50.4260,      0.1587,      5.5472,     11.0945,      1.4022,     28.2870,     56.5740,      0.0191,      0.0025,      0.2500,      0.1978,   7673.7583,-479797.4375,  -1004.0790,    543.5043,  25579.1914,
       1,     168,      20,      13,       1,       3,       1,     10.0000,      1.3944,     42.5108,    246.9915,     62.1587,      3.4953,      0.1863,      0.1543,     57.8188,      0.1568,      5.5472,     11.0945,      1.3854,     28.2870,     56.5740,      0.0191,      0.0029,      0.2440,      0.1978,   7673.7578,-487612.6250,  -1006.0629,    542.9736,  25579.1895,
       1,     168,      20,      14,       1,       3,       1,     10.0000,      1.3944,     42.5108,    246.9915,     62.1587,      3.4953,      0.1799,      0.1476,     52.9181,      0.1678,      5.5472,     11.0945,      1.4830,     28.2870,     56.5740,      0.0191,      0.0028,      0.2355,      0.1978,   7673.7573,-497776.3438,  -1008.6523,    542.2841,  25579.1895,
       1,     168,      20,      15,       1,       3,       1,     10.0000,      1.3944,     42.5108,    246.9915,     62.1587,      3.4953,      0.1907,      0.1581,     64.5697,      0.1771,      5.5472,     11.0945,      1.5650,     28.2870,     56.5740,      0.0191,      0.0032,      0.2500,      0.1978,   7673.7573,-492380.0000,  -1007.4955,    542.6503,  25579.1895,
       1,     168,      20,      16,       1,       3,       1,     10.0000,      1.3944,     42.5108,    246.9915,     62.1587,      3.4953,      0.1901,      0.1570,     58.0912,      0.1931,      5.5472,     11.0945,      1.7062,     28.2870,     56.5740,      0.0191,      0.0029,      0.2500,      0.1978,   7673.7573,-506850.7188,  -1011.1546,    541.6688,  25579.1895,
       1,     168,      20,      17,       1,       3,       1,     10.0000,      1.3944,     42.5108,    246.9915,     62.1587,      3.4953,      0.1857,      0.1525,     39.7452,      0.1971,      5.5472,     11.0945,      1.7420,     28.2870,     56.5740,      0.0191,      0.0020,      0.2458,      0.1977,   7673.7573,-499807.3438,  -1009.6285,    542.1466,  25579.1895,
       1,     168,      20,      18,       1,       3,       1,     10.0000,      1.3944,     42.5108,    246.9915,     62.1587,      3.4953,      0.1698,      0.1367,     36.7452,      0.1923,      5.5472,     11.0945,      1.6994,     28.2870,     56.5740,      0.0191,      0.0020,      0.2226,      0.1978,   7673.7573,-475661.6875,  -1003.9086,    543.7831,  25579.1875,
       1,     168,      20,      19,       1,       3,       1,     10.0000,      1.3944,     42.5108,    246.9915,     62.1587,      3.4953,      0.1168,      0.0840,     28.9479,      0.1839,      5.5472,     11.0945,      1.6253,     28.2870,     56.5740,      0.0191,      0.0025,      0.1458,      0.1978,   7673.7563,-469713.8750,  -1002.5372,    544.1899,  25579.1875,
       1,     168,      20,      20,       1,       3,       1,     10.0000,      1.3944,     42.5108,    246.9915,     62.1587,      3.4953,      0.0102,     -0.0220,      3.7110,      0.1662,      5.5472,     11.0945,      1.4682,     28.2870,     56.5740,      0.0191,      0.0029,      0.0156,      0.1978,   7673.7563,-459195.2500,  -1000.0385,    544.9056,  25579.1875,
       1,     168,      20,      21,       1,       3,       1,     10.0000,      1.3944,     42.5108,    246.9915,     62.1587,      3.4953,      0.0000,     -0.0319,      4.6092,      0.1555,      5.5472,     11.0945,      1.3743,     28.2870,     56.5740,      0.0191,      0.0036,      0.0156,      0.1978,   7673.7563,-425928.9688,   -991.9641,    547.1719,  25579.1875,
       1,     168,      20,      22,       1,       3,       1,     10.0000,      1.3944,     42.5108,    246.9915,     62.1587,      3.4953,      0.0000,     -0.0316,      5.3027,      0.1482,      5.5472,     11.0945,      1.3095,     28.2870,     56.5740,      0.0191,      0.0042,      0.0156,      0.1978,   7673.7563,-424181.2500,   -991.5335,    547.2961,  25579.1875,
       1,     168,      20,      23,       1,       3,       1,     10.0000,      1.3944,     42.5108,    246.9915,     62.1587,      3.4953,      0.0000,     -0.0315,      5.7304,      0.1448,      5.5472,     11.0945,      1.2795,     28.2870,     56.5740,      0.0191,      0.0045,      0.0156,      0.1978,   7673.7563,-424910.5000,   -991.7043,    547.2462,  25579.1875,
       1,     168,      20,      24,       1,       3,       1,     10.0000,      1.3944,     42.5108,    246.9915,     62.1587,      3.4953,      0.0000,     -0.0315,      5.6709,      0.1452,      5.5472,     11.0945,      1.2834,     28.2870,     56.5740,      0.0191,      0.0045,      0.0156,      0.1978,   7673.7563,-425522.3750,   -991.8458,    547.2045,  25579.1875,
       1,     168,      21,       1,       1,       3,       1,     10.0000,      1.3944,     42.5111,    246.9972,     62.1601,      3.4953,      0.0000,     -0.0314,      4.9937,      0.1406,      5.5470,     11.0940,      1.2426,     28.2925,     56.5850,      0.0191,      0.0040,      0.0156,      0.1979,   7673.7563,-425653.9062,   -992.2253,    547.2082,  25580.3281,
       1,     168,      21,       2,       1,       3,       1,     10.0000,      1.3944,     42.5111,    246.9972,     62.1601,      3.4953,      0.0000,     -0.0312,      4.0800,      0.1373,      5.5470,     11.0940,      1.2128,     28.2925,     56.5850,      0.0191,      0.0032,      0.0156,      0.1979,   7674.0986,-424646.2500,   -991.6212,    547.2772,  25580.3281,
       1,     168,      21,       3,       1,       3,       1,     10.0000,      1.3944,     42.5111,    246.9972,     62.1601,      3.4953,      0.0000,     -0.0313,      3.8456,      0.1381,      5.5470,     11.0940,      1.2202,     28.2925,     56.5850,      0.0191,      0.0030,      0.0156,      0.1979,   7674.0986,-423387.5000,   -991.3104,    547.3633,  25580.3281,
       1,     168,      21,       4,       1,       3,       1,     10.0000,      1.3944,     42.5111,    246.9972,     62.1601,      3.4953,      0.0000,     -0.0313,      3.9975,      0.1395,      5.5470,     11.0940,      1.2326,     28.2925,     56.5850,      0.0191,      0.0032,      0.0156,      0.1979,   7674.0986,-422976.8125,   -991.2059,    547.3914,  25580.3281,
       1,     168,      21,       5,       1,       3,       1,     10.0000,      1.3944,     42.5111,    246.9972,     62.1601,      3.4953,      0.0000,     -0.0315,      3.7753,      0.1436,      5.5470,     11.0940,      1.2693,     28.2925,     56.5850,      0.0191,      0.0030,      0.0156,      0.1979,   7674.0986,-423135.5000,   -991.2402,    547.3804,  25580.3281,
       1,     168,      21,       6,       1,       3,       1,     10.0000,      1.3944,     42.5111,    246.9972,     62.1601,      3.4953,      0.0000,     -0.0314,      3.1638,      0.1418,      5.5470,     11.0940,      1.2527,     28.2925,     56.5850,      0.0191,      0.0025,      0.0156,      0.1979,   7674.0986,-422864.8438,   -991.1700,    547.3990,  25580.3281,
       1,     168,      21,       7,       1,       3,       1,     10.0000,      1.3944,     42.5111,    246.9972,     62.1601,      3.4953,      0.0000,     -0.0313,      2.7256,      0.1382,      5.5470,     11.0940,      1.2215,     28.2925,     56.5850,      0.0191,      0.0022,      0.0156,      0.1979,   7674.0986,-422057.7188,   -990.9704,    547.4542,  25580.3281,
       1,     168,      21,       8,       1,       3,       1,     10.0000,      1.3944,     42.5111,    246.9972,     62.1601,      3.4953,      0.0011,     -0.0300,      2.8059,      0.1341,      5.5470,     11.0940,      1.1849,     28.2925,     56.5850,      0.0191,      0.0022,      0.0156,      0.1979,   7674.0986,-421425.7500,   -990.8138,    547.4975,  25580.3281,
       1,     168,      21,       9,       1,       3,       1,     10.0000,      1.3944,     42.5111,    246.9972,     62.1601,      3.4953,      0.0681,      0.0368,     13.9093,      0.1368,      5.5470,     11.0940,      1.2092,     28.2925,     56.5850,      0.0191,      0.0022,      0.0773,      0.1979,   7674.0986,-421473.1250,   -990.8226,    547.4943,  25580.3281,
       1,     168,      21,      10,       1,       3,       1,     10.0000,      1.3944,     42.5111,    246.9972,     62.1601,      3.4953,      0.1580,      0.1261,     42.2371,      0.1568,      5.5470,     11.0940,      1.3854,     28.2925,     56.5850,      0.0191,      0.0025,      0.2046,      0.1979,   7674.0986,-435699.5312,   -994.2936,    546.5206,  25580.3281,
       1,     168,      21,      11,       1,       3,       1,     10.0000,      1.3944,     42.5111,    246.9972,     62.1601,      3.4953,      0.1845,      0.1518,     54.8813,      0.1800,      5.5470,     11.0940,      1.5902,     28.2925,     56.5850,      0.0191,      0.0028,      0.2421,      0.1978,   7674.0986,-473241.2812,  -1003.4669,    543.9568,  25580.3281,
       1,     168,      21,      12,       1,       3,       1,     10.0000,      1.3944,     42.5111,    246.9972,     62.1601,      3.4953,      0.1893,      0.1562,     61.9879,      0.1929,      5.5470,     11.0940,      1.7045,     28.2925,     56.5850,      0.0191,      0.0031,      0.2484,      0.1978,   7674.0986,-492752.6562,  -1008.2953,    542.6362,  25580.3281,
       1,     168,      21,      13,       1,       3,       1,     10.0000,      1.3944,     42.5111,    246.9972,     62.1601,      3.4953,      0.1904,      0.1564,     64.2441,      0.2229,      5.5470,     11.0940,      1.9701,     28.2925,     56.5850,      0.0191,      0.0032,      0.2500,      0.1978,   7674.0986,-503567.6875,  -1011.0759,    541.9042,  25580.3281,
       1,     168,      21,      14,       1,       3,       1,     10.0000,      1.3944,     42.5111,    246.9972,     62.1601,      3.4953,      0.1903,      0.1562,     63.7659,      0.2258,      5.5470,     11.0940,      1.9953,     28.2925,     56.5850,      0.0191,      0.0031,      0.2500,      0.1978,   7674.0986,-507405.1562,  -1012.1893,    541.6447,  25580.3262,
       1,     168,      21,      15,       1,       3,       1,     10.0000,      1.3944,     42.5111,    246.9972,     62.1601,      3.4953,      0.1902,      0.1562,     83.4577,      0.2216,      5.5470,     11.0940,      1.9585,     28.2925,     56.5850,      0.0191,      0.0042,      0.2475,      0.1978,   7674.0981,-507126.7500,  -1012.3156,    541.6637,  25580.3262,
       1,     168,      21,      16,       1,       3,       1,     10.0000,      1.3944,     42.5111,    246.9972,     62.1601,      3.4953,      0.1925,      0.1583,    112.0999,      0.2287,      5.5470,     11.0940,      2.0209,     28.2925,     56.5850,      0.0191,      0.0056,      0.2477,      0.1978,   7674.0981,-532358.4375,  -1018.6891,    539.9553,  25580.3262,
       1,     168,      21,      17,       1,       3,       1,     10.0000,      1.3944,     42.5111,    246.9972,     62.1601,      3.4953,      0.1862,      0.1524,    134.7182,      0.2156,      5.5470,     11.0940,      1.9054,     28.2925,     56.5850,      0.0191,      0.0071,      0.2357,      0.1977,   7674.0981,-571320.4375,  -1028.5328,    537.3283,  25580.3242,
       1,     168,      21,      18,       1,       3,       1,     10.0000,      1.3944,     42.5111,    246.9972,     62.1601,      3.4953,      0.1693,      0.1359,    153.3145,      0.2029,      5.5470,     11.0940,      1.7926,     28.2925,     56.5850,      0.0191,      0.0091,      0.2086,      0.1977,   7674.0977,-603779.6875,  -1036.9684,    535.1545,  25580.3242,
       1,     168,      21,      19,       1,       3,       1,     10.0000,      1.3944,     42.5111,    246.9972,     62.1601,      3.4953,      0.1148,      0.0820,     89.8071,      0.1809,      5.5470,     11.0940,      1.5981,     28.2925,     56.5850,      0.0191,      0.0082,      0.1358,      0.1976,   7674.0977,-630510.9375,  -1044.1628,    533.3707,  25580.3203,
       1,     168,      21,      20,       1,       3,       1,     10.0000,      1.3944,     42.5111,    246.9972,     62.1601,      3.4953,      0.0090,     -0.0231,      8.6738,      0.1634,      5.5470,     11.0940,      1.4435,     28.2925,     56.5850,      0.0191,      0.0069,      0.0156,      0.1976,   7674.0962,-551224.6250,  -1025.4159,    538.6598,  25580.3223,
       1,     168,      21,      21,       1,       3,       1,     10.0000,      1.3944,     42.5111,    246.9972,     62.1601,      3.4953,      0.0000,     -0.0319,      9.4327,      0.1544,      5.5470,     11.0940,      1.3647,     28.2925,     56.5850,      0.0191,      0.0075,      0.0156,      0.1977,   7674.0972,-440259.0938,   -998.4729,    546.1577,  25580.3223,
       1,     168,      21,      22,       1,       3,       1,     10.0000,      1.3944,     42.5111,    246.9972,     62.1601,      3.4953,      0.0000,     -0.0317,      8.7877,      0.1485,      5.5470,     11.0940,      1.3122,     28.2925,     56.5850,      0.0191,      0.0070,      0.0156,      0.1978,   7674.0972,-431679.1562,   -996.3637,    546.7959,  25580.3223,
       1,     168,      21,      23,       1,       3,       1,     10.0000,      1.3944,     42.5111,    246.9972,     62.1601,      3.4953,      0.0000,     -0.0316,      7.7038,      0.1461,      5.5470,     11.0940,      1.2912,     28.2925,     56.5850,      0.0191,      0.0061,      0.0156,      0.1978,   7674.0972,-430035.3438,   -995.9554,    546.9086,  25580.3223,
       1,     168,      21,      24,       1,       3,       1,     10.0000,      1.3944,     42.5111,    246.9972,     62.1601,      3.4953,      0.0000,     -0.0316,      6.7420,      0.1458,      5.5470,     11.0940,      1.2886,     28.2925,     56.5850,      0.0191,      0.0053,      0.0156,      0.1978,   7674.0972,-428502.1875,   -995.5751,    547.0134,  25580.3223,
       1,     168,      22,       1,       1,       3,       1,     10.0000,      1.3945,     42.5115,    247.0031,     62.1615,      3.4953,      0.0000,     -0.0315,      5.4036,      0.1439,      5.5469,     11.0939,      1.2719,     28.2987,     56.5975,      0.0191,      0.0043,      0.0156,      0.1979,   7674.0972,-427289.7812,   -995.6331,    547.1090,  25581.4629,
       1,     168,      22,       2,       1,       3,       1,     10.0000,      1.3945,     42.5115,    247.0031,     62.1615,      3.4953,      0.0000,     -0.0314,      5.0238,      0.1411,      5.5469,     11.0939,      1.2464,     28.2987,     56.5975,      0.0191,      0.0040,      0.0156,      0.1979,   7674.4390,-425317.3750,   -994.7889,    547.2440,  25581.4629,
       1,     168,      22,       3,       1,       3,       1,     10.0000,      1.3945,     42.5115,    247.0031,     62.1615,      3.4953,      0.0000,     -0.0314,      4.8657,      0.1412,      5.5469,     11.0939,      1.2477,     28.2987,     56.5975,      0.0191,      0.0038,      0.0156,      0.1979,   7674.4390,-424658.0312,   -994.6251,    547.2891,  25581.4629,
       1,     168,      22,       4,       1,       3,       1,     10.0000,      1.3945,     42.5115,    247.0031,     62.1615,      3.4953,      0.0000,     -0.0313,      4.9127,      0.1395,      5.5469,     11.0939,      1.2327,     28.2987,     56.5975,      0.0191,      0.0039,      0.0156,      0.1979,   7674.4390,-424397.7188,   -994.5594,    547.3068,  25581.4629,
       1,     168,      22,       5,       1,       3,       1,     10.0000,      1.3945,     42.5115,    247.0031,     62.1615,      3.4953,      0.0000,     -0.0312,      4.8925,      0.1353,      5.5469,     11.0939,      1.1958,     28.2987,     56.5975,      0.0191,      0.0039,      0.0156,      0.1979,   7674.4390,-424435.1562,   -994.5670,    547.3043,  25581.4629,
       1,     168,      22,       6,       1,       3,       1,     10.0000,      1.3945,     42.5115,    247.0031,     62.1615,      3.4953,      0.0000,     -0.0311,      4.8211,      0.1344,      5.5469,     11.0939,      1.1873,     28.2987,     56.5975,      0.0191,      0.0038,      0.0156,      0.1979,   7674.4390,-424412.6875,   -994.5598,    547.3058,  25581.4629,
       1,     168,      22,       7,       1,       3,       1,     10.0000,      1.3945,     42.5115,    247.0031,     62.1615,      3.4953,      0.0000,     -0.0311,      4.4713,      0.1346,      5.5469,     11.0939,      1.1897,     28.2987,     56.5975,      0.0191,      0.0035,      0.0156,      0.1979,   7674.4390,-424319.1875,   -994.5354,    547.3122,  25581.4629,
       1,     168,      22,       8,       1,       3,       1,     10.0000,      1.3945,     42.5115,    247.0031,     62.1615,      3.4953,      0.0009,     -0.0302,      4.3023,      0.1348,      5.5469,     11.0939,      1.1909,     28.2987,     56.5975,      0.0191,      0.0034,      0.0156,      0.1979,   7674.4390,-423862.9688,   -994.4219,    547.3434,  25581.4629,
       1,     168,      22,       9,       1,       3,       1,     10.0000,      1.3945,     42.5115,    247.0031,     62.1615,      3.4953,      0.0773,      0.0460,     23.4152,      0.1395,      5.5469,     11.0939,      1.2327,     28.2987,     56.5975,      0.0191,      0.0032,      0.0896,      0.1979,   7674.4390,-423606.5312,   -994.3577,    547.3610,  25581.4629,
       1,     168,      22,      10,       1,       3,       1,     10.0000,      1.3945,     42.5115,    247.0031,     62.1615,      3.4953,      0.1393,      0.1073,     42.4276,      0.1587,      5.5469,     11.0939,      1.4022,     28.2987,     56.5975,      0.0191,      0.0030,      0.1773,      0.1979,   7674.4390,-448063.2500,  -1000.3918,    545.6877,  25581.4629,
       1,     168,      22,      11,       1,       3,       1,     10.0000,      1.3945,     42.5115,    247.0031,     62.1615,      3.4953,      0.1855,      0.1529,     58.0163,      0.1769,      5.5469,     11.0939,      1.5635,     28.2987,     56.5975,      0.0191,      0.0029,      0.2431,      0.1979,   7674.4390,-474572.6250,  -1006.9576,    543.8820,  25581.4629,
       1,     168,      22,      12,       1,       3,       1,     10.0000,      1.3945,     42.5115,    247.0031,     62.1615,      3.4953,      0.1902,      0.1571,     59.2280,      0.1931,      5.5469,     11.0939,      1.7063,     28.2987,     56.5975,      0.0191,      0.0029,      0.2500,      0.1978,   7674.4390,-496878.3750,  -1012.5373,    542.3685,  25581.4629,
       1,     168,      22,      13,       1,       3,       1,     10.0000,      1.3945,     42.5115,    247.0031,     62.1615,      3.4953,      0.1898,      0.1564,     55.1870,      0.2039,      5.5469,     11.0939,      1.8015,     28.2987,     56.5975,      0.0191,      0.0027,      0.2500,      0.1978,   7674.4390,-500383.6875,  -1013.5563,    542.1329,  25581.4629,
       1,     168,      22,      14,       1,       3,       1,     10.0000,      1.3945,     42.5115,    247.0031,     62.1615,      3.4953,      0.1898,      0.1562,     55.7171,      0.2094,      5.5469,     11.0939,      1.8501,     28.2987,     56.5975,      0.0191,      0.0028,      0.2500,      0.1978,   7674.4390,-495505.6250,  -1012.5200,    542.4635,  25581.4609,
       1,     168,      22,      15,       1,       3,       1,     10.0000,      1.3945,     42.5115,    247.0031,     62.1615,      3.4953,      0.1915,      0.1579,     77.2431,      0.2077,      5.5469,     11.0939,      1.8356,     28.2987,     56.5975,      0.0191,      0.0038,      0.2500,      0.1978,   7674.4385,-495760.0938,  -1012.7324,    542.4464,  25581.4590,
       1,     168,      22,      16,       1,       3,       1,     10.0000,      1.3945,     42.5115,    247.0031,     62.1615,      3.4953,      0.1937,      0.1601,    105.3001,      0.2071,      5.5469,     11.0939,      1.8301,     28.2987,     56.5975,      0.0191,      0.0052,      0.2500,      0.1978,   7674.4380,-523382.4375,  -1019.7123,    540.5735,  25581.4590,
       1,     168,      22,      17,       1,       3,       1,     10.0000,      1.3945,     42.5115,    247.0031,     62.1615,      3.4953,      0.1855,      0.1522,    125.1411,      0.1999,      5.5469,     11.0939,      1.7663,     28.2987,     56.5975,      0.0191,      0.0066,      0.2357,      0.1978,   7674.4380,-561794.6250,  -1029.4805,    537.9811,  25581.4590,
       1,     168,      22,      18,       1,       3,       1,     10.0000,      1.3945,     42.5115,    247.0031,     62.1615,      3.4953,      0.1626,      0.1296,    123.4082,      0.1882,      5.5469,     11.0939,      1.6629,     28.2987,     56.5975,      0.0191,      0.0075,      0.2021,      0.1977,   7674.4380,-590630.8750,  -1037.0581,    536.0482,  25581.4570,
       1,     168,      22,      19,       1,       3,       1,     10.0000,      1.3945,     42.5115,    247.0031,     62.1615,      3.4953,      0.0999,      0.0674,     63.8147,      0.1736,      5.5469,     11.0939,      1.5342,     28.2987,     56.5975,      0.0191,      0.0067,      0.1172,      0.1977,   7674.4375,-590926.0625,  -1037.7051,    536.0319,  25581.4590,
       1,     168,      22,      20,       1,       3,       1,     10.0000,      1.3945,     42.5115,    247.0031,     62.1615,      3.4953,      0.0126,     -0.0195,      8.0389,      0.1601,      5.5469,     11.0939,      1.4149,     28.2987,     56.5975,      0.0191,      0.0064,      0.0156,      0.1977,   7674.4380,-514415.2188,  -1019.2826,    541.1583,  25581.4551,
       1,     168,      22,      21,       1,       3,       1,     10.0000,      1.3945,     42.5115,    247.0031,     62.1615,      3.4953,      0.0000,     -0.0318,      8.0999,      0.1534,      5.5469,     11.0939,      1.3552,     28.2987,     56.5975,      0.0191,      0.0064,      0.0156,      0.1978,   7674.4370,-436290.0938,  -1000.0970,    546.4677,  25581.4551,
       1,     168,      22,      22,       1,       3,       1,     10.0000,      1.3945,     42.5115,    247.0031,     62.1615,      3.4953,      0.0000,     -0.0317,      7.7887,      0.1509,      5.5469,     11.0939,      1.3336,     28.2987,     56.5975,      0.0191,      0.0062,      0.0156,      0.1979,   7674.4370,-429593.4688,   -998.4398,    546.9512,  25581.4551,
       1,     168,      22,      23,       1,       3,       1,     10.0000,      1.3945,     42.5115,    247.0031,     62.1615,      3.4953,      0.0000,     -0.0317,      6.7640,      0.1502,      5.5469,     11.0939,      1.3269,     28.2987,     56.5975,      0.0191,      0.0054,      0.0156,      0.1979,   7674.4370,-428575.5625,   -998.1883,    547.0211,  25581.4551,
       1,     168,      22,      24,       1,       3,       1,     10.0000,      1.3945,     42.5115,    247.0031,     62.1615,      3.4953,      0.0000,     -0.0317,      5.8452,      0.1497,      5.5469,     11.0939,      1.3229,     28.2987,     56.5975,      0.0191,      0.0046,      0.0156,      0.1979,   7674.4370,-427173.5000,   -997.8414,    547.1169,  25581.4551,
       1,     168,      23,       1,       1,       3,       1,     10.0000,      1.3945,     42.5118,    247.0089,     62.1630,      3.4953,      0.0000,     -0.0317,      4.6333,      0.1491,      5.5475,     11.0949,      1.3176,     28.3044,     56.6089,      0.0191,      0.0037,      0.0156,      0.1979,   7674.4370,-426028.1562,   -997.9195,    547.2082,  25582.5977,
       1,     168,      23,       2,       1,       3,       1,     10.0000,      1.3945,     42.5118,    247.0089,     62.1630,      3.4953,      0.0000,     -0.0317,      3.9252,      0.1487,      5.5475,     11.0949,      1.3136,     28.3044,     56.6089,      0.0191,      0.0031,      0.0156,      0.1979,   7674.7798,-424223.3438,   -997.1118,    547.3317,  25582.5977,
       1,     168,      23,       3,       1,       3,       1,     10.0000,      1.3945,     42.5118,    247.0089,     62.1630,      3.4953,      0.0000,     -0.0314,      3.5475,      0.1425,      5.5475,     11.0949,      1.2591,     28.3044,     56.6089,      0.0191,      0.0028,      0.0156,      0.1979,   7674.7798,-423158.4062,   -996.8483,    547.4045,  25582.5977,
       1,     168,      23,       4,       1,       3,       1,     10.0000,      1.3945,     42.5118,    247.0089,     62.1630,      3.4953,      0.0000,     -0.0311,      3.2837,      0.1327,      5.5475,     11.0949,      1.1730,     28.3044,     56.6089,      0.0191,      0.0026,      0.0156,      0.1979,   7674.7798,-422581.4688,   -997.5267,    547.4440,  25582.5977,
       1,     168,      23,       5,       1,       3,       1,     10.0000,      1.3945,     42.5118,    247.0089,     62.1630,      3.4953,      0.0000,     -0.0311,      3.1223,      0.1338,      5.5475,     11.0949,      1.1826,     28.3044,     56.6089,      0.0191,      0.0025,      0.0156,      0.1979,   7674.7798,-422193.0312,   -997.6910,    547.4706,  25582.5977,
       1,     168,      23,       6,       1,       3,       1,     10.0000,      1.3945,     42.5118,    247.0089,     62.1630,      3.4953,      0.0000,     -0.0310,      2.9680,      0.1301,      5.5475,     11.0949,      1.1494,     28.3044,     56.6089,      0.0191,      0.0023,      0.0156,      0.1979,   7674.7798,-421952.1875,   -997.9174,    547.4871,  25582.5977,
       1,     168,      23,       7,       1,       3,       1,     10.0000,      1.3945,     42.5118,    247.0089,     62.1630,      3.4953,      0.0000,     -0.0309,      3.2157,      0.1276,      5.5475,     11.0949,      1.1274,     28.3044,     56.6089,      0.0191,      0.0025,      0.0156,      0.1979,   7674.7798,-421733.5938,   -997.8566,    547.5021,  25582.5977,
       1,     168,      23,       8,       1,       3,       1,     10.0000,      1.3945,     42.5118,    247.0089,     62.1630,      3.4953,      0.0016,     -0.0295,      2.7143,      0.1321,      5.5475,     11.0949,      1.1671,     28.3044,     56.6089,      0.0191,      0.0021,      0.0156,      0.1979,   7674.7798,-422031.6250,   -997.9239,    547.4817,  25582.5977,
       1,     168,      23,       9,       1,       3,       1,     10.0000,      1.3945,     42.5118,    247.0089,     62.1630,      3.4953,      0.0544,      0.0231,      5.7979,      0.1388,      5.5475,     11.0949,      1.2265,     28.3044,     56.6089,      0.0191,      0.0012,      0.0584,      0.1979,   7674.7798,-421415.5938,   -997.7653,    547.5238,  25582.5977,
       1,     168,      23,      10,       1,       3,       1,     10.0000,      1.3945,     42.5118,    247.0089,     62.1630,      3.4953,      0.1417,      0.1098,     19.3453,      0.1559,      5.5475,     11.0949,      1.3772,     28.3044,     56.6089,      0.0191,      0.0013,      0.1835,      0.1979,   7674.7798,-425310.4062,   -998.7305,    547.2572,  25582.5977,
       1,     168,      23,      11,       1,       3,       1,     10.0000,      1.3945,     42.5118,    247.0089,     62.1630,      3.4953,      0.1759,      0.1433,     20.5299,      0.1759,      5.5475,     11.0949,      1.5543,     28.3044,     56.6089,      0.0191,      0.0011,      0.2334,      0.1979,   7674.7798,-443001.4062,  -1003.1252,    546.0471,  25582.5977,
       1,     168,      23,      12,       1,       3,       1,     10.0000,      1.3945,     42.5118,    247.0089,     62.1630,      3.4953,      0.1835,      0.1506,     14.4813,      0.1847,      5.5475,     11.0949,      1.6319,     28.3044,     56.6089,      0.0191,      0.0007,      0.2453,      0.1979,   7674.7798,-446072.5938,  -1003.8964,    545.8389,  25582.5957,
       1,     168,      23,      13,       1,       3,       1,     10.0000,      1.3945,     42.5118,    247.0089,     62.1630,      3.4953,      0.1872,      0.1541,     21.5896,      0.1923,      5.5475,     11.0949,      1.6995,     28.3044,     56.6089,      0.0191,      0.0011,      0.2500,      0.1979,   7674.7788,-438591.5312,  -1002.0458,    546.3493,  25582.5957,
       1,     168,      23,      14,       1,       3,       1,     10.0000,      1.3945,     42.5118,    247.0089,     62.1630,      3.4953,      0.1883,      0.1552,     35.5638,      0.1942,      5.5475,     11.0949,      1.7165,     28.3044,     56.6089,      0.0191,      0.0018,      0.2500,      0.1979,   7674.7788,-447042.3438,  -1004.1406,    545.7725,  25582.5957,
       1,     168,      23,      15,       1,       3,       1,     10.0000,      1.3945,     42.5118,    247.0089,     62.1630,      3.4953,      0.1900,      0.1568,     56.5797,      0.1937,      5.5475,     11.0949,      1.7114,     28.3044,     56.6089,      0.0191,      0.0028,      0.2500,      0.1979,   7674.7788,-465684.5625,  -1009.0871,    544.5009,  25582.5957,
       1,     168,      23,      16,       1,       3,       1,     10.0000,      1.3945,     42.5118,    247.0089,     62.1630,      3.4953,      0.1922,      0.1590,     98.0689,      0.1956,      5.5475,     11.0949,      1.7284,     28.3044,     56.6089,      0.0191,      0.0049,      0.2486,      0.1979,   7674.7788,-494249.8125,  -1016.2274,    542.5582,  25582.5938,
       1,     168,      23,      17,       1,       3,       1,     10.0000,      1.3945,     42.5118,    247.0089,     62.1630,      3.4953,      0.1818,      0.1489,    101.3838,      0.1874,      5.5475,     11.0949,      1.6563,     28.3044,     56.6089,      0.0191,      0.0054,      0.2328,      0.1978,   7674.7783,-549944.1250,  -1030.2139,    538.7845,  25582.5938,
       1,     168,      23,      18,       1,       3,       1,     10.0000,      1.3945,     42.5118,    247.0089,     62.1630,      3.4953,      0.1666,      0.1338,     97.7178,      0.1810,      5.5475,     11.0949,      1.5998,     28.3044,     56.6089,      0.0191,      0.0057,      0.2108,      0.1978,   7674.7783,-559097.7500,  -1032.8542,    538.1810,  25582.5938,
       1,     168,      23,      19,       1,       3,       1,     10.0000,      1.3945,     42.5118,    247.0089,     62.1630,      3.4953,      0.1227,      0.0902,     72.7382,      0.1750,      5.5475,     11.0949,      1.5466,     28.3044,     56.6089,      0.0191,      0.0060,      0.1495,      0.1978,   7674.7783,-555175.8125,  -1032.2894,    538.4453,  25582.5898,
       1,     168,      23,      20,       1,       3,       1,     10.0000,      1.3945,     42.5118,    247.0089,     62.1630,      3.4953,      0.0076,     -0.0245,      7.8228,      0.1635,      5.5475,     11.0949,      1.4450,     28.3044,     56.6089,      0.0191,      0.0062,      0.0156,      0.1978,   7674.7773,-522778.2812,  -1024.6014,    540.6259,  25582.5918,
       1,     168,      23,      21,       1,       3,       1,     10.0000,      1.3945,     42.5118,    247.0089,     62.1630,      3.4953,      0.0000,     -0.0321,      8.3077,      0.1596,      5.5475,     11.0949,      1.4107,     28.3044,     56.6089,      0.0191,      0.0066,      0.0156,      0.1978,   7674.7778,-436707.3750,  -1003.3434,    546.4468,  25582.5898,
       1,     168,      23,      22,       1,       3,       1,     10.0000,      1.3945,     42.5118,    247.0089,     62.1630,      3.4953,      0.0000,     -0.0320,      7.6459,      0.1582,      5.5475,     11.0949,      1.3981,     28.3044,     56.6089,      0.0191,      0.0060,      0.0156,      0.1979,   7674.7773,-429905.5312,  -1001.6322,    546.9428,  25582.5898,
       1,     168,      23,      23,       1,       3,       1,     10.0000,      1.3945,     42.5118,    247.0089,     62.1630,      3.4953,      0.0000,     -0.0320,      6.8033,      0.1589,      5.5475,     11.0949,      1.4037,     28.3044,     56.6089,      0.0191,      0.0054,      0.0156,      0.1979,   7674.7773,-428422.6250,  -1001.2452,    547.0445,  25582.5898,
       1,     168,      23,      24,       1,       3,       1,     10.0000,      1.3945,     42.5118,    247.0089,     62.1630,      3.4953,      0.0000,     -0.0320,      6.7048,      0.1595,      5.5475,     11.0949,      1.4093,     28.3044,     56.6089,      0.0191,      0.0053,      0.0156,      0.1979,   7674.7773,-427213.2812,  -1000.9287,    547.1271,  25582.5898,
       1,     168,      24,       1,       1,       3,       1,     10.0000,      1.3945,     42.5121,    247.0146,     62.1645,      3.4953,      0.0000,     -0.0320,      5.3742,      0.1582,      5.5475,     11.0951,      1.3981,     28.3095,     56.6190,      0.0191,      0.0043,      0.0156,      0.1979,   7674.7773,-427135.0000,  -1001.2576,    547.1453,  25583.7324,
       1,     168,      24,       2,       1,       3,       1,     10.0000,      1.3945,     42.5121,    247.0146,     62.1645,      3.4953,      0.0000,     -0.0320,      4.6584,      0.1573,      5.5475,     11.0951,      1.3897,     28.3095,     56.6190,      0.0191,      0.0037,      0.0156,      0.1979,   7675.1201,-425272.1562,  -1000.4195,    547.2727,  25583.7324,
       1,     168,      24,       3,       1,       3,       1,     10.0000,      1.3945,     42.5121,    247.0146,     62.1645,      3.4953,      0.0000,     -0.0319,      4.5723,      0.1540,      5.5475,     11.0951,      1.3607,     28.3095,     56.6190,      0.0191,      0.0036,      0.0156,      0.1979,   7675.1201,-424192.4062,  -1000.1408,    547.3466,  25583.7324,
       1,     168,      24,       4,       1,       3,       1,     10.0000,      1.3945,     42.5121,    247.0146,     62.1645,      3.4953,      0.0000,     -0.0319,      4.6624,      0.1563,      5.5475,     11.0951,      1.3814,     28.3095,     56.6190,      0.0191,      0.0037,      0.0156,      0.1979,   7675.1201,-423987.4688,  -1000.0806,    547.3606,  25583.7324,
       1,     168,      24,       5,       1,       3,       1,     10.0000,      1.3945,     42.5121,    247.0146,     62.1645,      3.4953,      0.0000,     -0.0319,      4.8651,      0.1559,      5.5475,     11.0951,      1.3772,     28.3095,     56.6190,      0.0191,      0.0038,      0.0156,      0.1979,   7675.1201,-424084.9375,  -1000.0955,    547.3539,  25583.7324,
       1,     168,      24,       6,       1,       3,       1,     10.0000,      1.3945,     42.5121,    247.0146,     62.1645,      3.4953,      0.0000,     -0.0318,      4.4763,      0.1524,      5.5475,     11.0951,      1.3471,     28.3095,     56.6190,      0.0191,      0.0035,      0.0156,      0.1979,   7675.1201,-424353.0312,  -1000.1528,    547.3356,  25583.7305,
       1,     168,      24,       7,       1,       3,       1,     10.0000,      1.3945,     42.5121,    247.0146,     62.1645,      3.4953,      0.0000,     -0.0318,      4.6878,      0.1511,      5.5475,     11.0951,      1.3350,     28.3095,     56.6190,      0.0191,      0.0037,      0.0156,      0.1979,   7675.1196,-423879.0312,  -1000.0269,    547.3680,  25583.7305,
       1,     168,      24,       8,       1,       3,       1,     10.0000,      1.3945,     42.5121,    247.0146,     62.1645,      3.4953,      0.0006,     -0.0312,      4.5295,      0.1503,      5.5475,     11.0951,      1.3283,     28.3095,     56.6190,      0.0191,      0.0036,      0.0156,      0.1979,   7675.1196,-424108.2812,  -1000.0751,    547.3524,  25583.7305,
       1,     168,      24,       9,       1,       3,       1,     10.0000,      1.3945,     42.5121,    247.0146,     62.1645,      3.4953,      0.0324,      0.0006,      8.2283,      0.1511,      5.5475,     11.0951,      1.3350,     28.3095,     56.6190,      0.0191,      0.0040,      0.0256,      0.1979,   7675.1196,-423925.6562,  -1000.0214,    547.3649,  25583.7305,
       1,     168,      24,      10,       1,       3,       1,     10.0000,      1.3945,     42.5121,    247.0146,     62.1645,      3.4953,      0.1183,      0.0866,     49.5941,      0.1499,      5.5475,     11.0951,      1.3243,     28.3095,     56.6190,      0.0191,      0.0042,      0.1460,      0.1979,   7675.1196,-428645.7812,  -1001.4792,    547.0419,  25583.7305,
       1,     168,      24,      11,       1,       3,       1,     10.0000,      1.3945,     42.5121,    247.0146,     62.1645,      3.4953,      0.1522,      0.1204,     63.9621,      0.1512,      5.5475,     11.0951,      1.3363,     28.3095,     56.6190,      0.0191,      0.0041,      0.1936,      0.1979,   7675.1196,-482030.9375,  -1015.8674,    543.3915,  25583.7305,
       1,     168,      24,      12,       1,       3,       1,     10.0000,      1.3945,     42.5121,    247.0146,     62.1645,      3.4953,      0.1926,      0.1598,     88.3849,      0.1821,      5.5475,     11.0951,      1.6094,     28.3095,     56.6190,      0.0191,      0.0044,      0.2500,      0.1979,   7675.1196,-505153.3438,  -1021.7313,    541.8331,  25583.7285,
       1,     168,      24,      13,       1,       3,       1,     10.0000,      1.3945,     42.5121,    247.0146,     62.1645,      3.4953,      0.1919,      0.1591,     80.6708,      0.1850,      5.5475,     11.0951,      1.6351,     28.3095,     56.6190,      0.0191,      0.0040,      0.2500,      0.1979,   7675.1187,-538475.8125,  -1030.2239,    539.5784,  25583.7305,
       1,     168,      24,      14,       1,       3,       1,     10.0000,      1.3945,     42.5121,    247.0146,     62.1645,      3.4953,      0.1917,      0.1591,     76.2194,      0.1745,      5.5475,     11.0951,      1.5420,     28.3095,     56.6190,      0.0191,      0.0038,      0.2500,      0.1978,   7675.1196,-531500.9375,  -1028.7754,    540.0535,  25583.7285,
       1,     168,      24,      15,       1,       3,       1,     10.0000,      1.3945,     42.5121,    247.0146,     62.1645,      3.4953,      0.1903,      0.1576,     59.6034,      0.1812,      5.5475,     11.0951,      1.6014,     28.3095,     56.6190,      0.0191,      0.0029,      0.2500,      0.1978,   7675.1187,-525177.9375,  -1027.4673,    540.4806,  25583.7324,
       1,     168,      24,      16,       1,       3,       1,     10.0000,      1.3945,     42.5121,    247.0146,     62.1645,      3.4953,      0.1895,      0.1567,     62.6715,      0.1812,      5.5475,     11.0951,      1.6014,     28.3095,     56.6190,      0.0191,      0.0031,      0.2484,      0.1978,   7675.1201,-503316.4688,  -1022.2335,    541.9578,  25583.7285,
       1,     168,      24,      17,       1,       3,       1,     10.0000,      1.3945,     42.5121,    247.0146,     62.1645,      3.4953,      0.1845,      0.1518,    112.1598,      0.1766,      5.5475,     11.0951,      1.5605,     28.3095,     56.6190,      0.0191,      0.0059,      0.2353,      0.1979,   7675.1187,-505349.0312,  -1022.9125,    541.8220,  25583.7285,
       1,     168,      24,      18,       1,       3,       1,     10.0000,      1.3945,     42.5121,    247.0146,     62.1645,      3.4953,      0.1568,      0.1246,     88.0333,      0.1640,      5.5475,     11.0951,      1.4494,     28.3095,     56.6190,      0.0191,      0.0055,      0.1976,      0.1979,   7675.1187,-568971.1875,  -1039.0607,    537.5131,  25583.7266,
       1,     168,      24,      19,       1,       3,       1,     10.0000,      1.3945,     42.5121,    247.0146,     62.1645,      3.4953,      0.1184,      0.0866,     50.2524,      0.1521,      5.5475,     11.0951,      1.3444,     28.3095,     56.6190,      0.0191,      0.0042,      0.1460,      0.1978,   7675.1182,-543615.6875,  -1033.1238,    539.2338,  25583.7266,
       1,     168,      24,      20,       1,       3,       1,     10.0000,      1.3945,     42.5121,    247.0146,     62.1645,      3.4953,      0.0058,     -0.0258,      5.7756,      0.1445,      5.5475,     11.0951,      1.2771,     28.3095,     56.6190,      0.0191,      0.0046,      0.0156,      0.1978,   7675.1182,-492923.5312,  -1020.7129,    542.6534,  25583.7246,
       1,     168,      24,      21,       1,       3,       1,     10.0000,      1.3945,     42.5121,    247.0146,     62.1645,      3.4953,      0.0000,     -0.0313,      5.6253,      0.1378,      5.5475,     11.0951,      1.2178,     28.3095,     56.6190,      0.0191,      0.0045,      0.0156,      0.1979,   7675.1177,-431522.5000,  -1005.7430,    546.8292,  25583.7246,
       1,     168,      24,      22,       1,       3,       1,     10.0000,      1.3945,     42.5121,    247.0146,     62.1645,      3.4953,      0.0000,     -0.0316,      5.7717,      0.1478,      5.5475,     11.0951,      1.3057,     28.3095,     56.6190,      0.0191,      0.0046,      0.0156,      0.1979,   7675.1177,-425999.2188,  -1004.7283,    547.2228,  25583.7246,
       1,     168,      24,      23,       1,       3,       1,     10.0000,      1.3945,     42.5121,    247.0146,     62.1645,      3.4953,      0.0000,     -0.0318,      4.9944,      0.1520,      5.5475,     11.0951,      1.3430,     28.3095,     56.6190,      0.0191,      0.0040,      0.0156,      0.1979,   7675.1177,-425682.6875,  -1004.6185,    547.2446,  25583.7246,
       1,     168,      24,      24,       1,       3,       1,     10.0000,      1.3945,     42.5121,    247.0146,     62.1645,      3.4953,      0.0000,     -0.0319,      3.8991,      0.1560,      5.5475,     11.0951,      1.3786,     28.3095,     56.6190,      0.0191,      0.0031,      0.0156,      0.1979,   7675.1177,-424659.6250,  -1004.3363,    547.3146,  25583.7246,
       1,     168,      25,       1,       1,       3,       1,     10.0000,      1.3945,     42.5125,    247.0204,     62.1659,      3.4953,      0.0000,     -0.0318,      3.2153,      0.1509,      5.5474,     11.0947,      1.3336,     28.3129,     56.6258,      0.0191,      0.0025,      0.0156,      0.1980,   7675.1177,-423321.7500,  -1004.3475,    547.4189,  25584.8672,
       1,     168,      25,       2,       1,       3,       1,     10.0000,      1.3945,     42.5125,    247.0204,     62.1659,      3.4953,      0.0000,     -0.0318,      2.2238,      0.1511,      5.5474,     11.0947,      1.3350,     28.3129,     56.6258,      0.0191,      0.0018,      0.0156,      0.1980,   7675.4604,-422176.9375,  -1003.6796,    547.4973,  25584.8672,
       1,     168,      25,       3,       1,       3,       1,     10.0000,      1.3945,     42.5125,    247.0204,     62.1659,      3.4953,      0.0000,     -0.0317,      3.1627,      0.1487,      5.5474,     11.0947,      1.3137,     28.3129,     56.6258,      0.0191,      0.0025,      0.0156,      0.1980,   7675.4604,-420807.2500,  -1003.3259,    547.5911,  25584.8672,
       1,     168,      25,       4,       1,       3,       1,     10.0000,      1.3945,     42.5125,    247.0204,     62.1659,      3.4953,      0.0000,     -0.0317,      3.5233,      0.1502,      5.5474,     11.0947,      1.3270,     28.3129,     56.6258,      0.0191,      0.0028,      0.0156,      0.1980,   7675.4604,-421889.1875,  -1003.5831,    547.5169,  25584.8672,
       1,     168,      25,       5,       1,       3,       1,     10.0000,      1.3945,     42.5125,    247.0204,     62.1659,      3.4953,      0.0000,     -0.0317,      4.1180,      0.1484,      5.5474,     11.0947,      1.3110,     28.3129,     56.6258,      0.0191,      0.0033,      0.0156,      0.1980,   7675.4604,-422445.7812,  -1003.7065,    547.4788,  25584.8652,
       1,     168,      25,       6,       1,       3,       1,     10.0000,      1.3945,     42.5125,    247.0204,     62.1659,      3.4953,      0.0000,     -0.0317,      3.5054,      0.1488,      5.5474,     11.0947,      1.3150,     28.3129,     56.6258,      0.0191,      0.0028,      0.0156,      0.1980,   7675.4600,-423256.2188,  -1003.8914,    547.4233,  25584.8652,
       1,     168,      25,       7,       1,       3,       1,     10.0000,      1.3945,     42.5125,    247.0204,     62.1659,      3.4953,      0.0000,     -0.0315,      3.7484,      0.1448,      5.5474,     11.0947,      1.2797,     28.3129,     56.6258,      0.0191,      0.0030,      0.0156,      0.1980,   7675.4600,-422543.0312,  -1003.6961,    547.4721,  25584.8652,
       1,     168,      25,       8,       1,       3,       1,     10.0000,      1.3945,     42.5125,    247.0204,     62.1659,      3.4953,      0.0014,     -0.0300,      3.4855,      0.1415,      5.5474,     11.0947,      1.2503,     28.3129,     56.6258,      0.0191,      0.0028,      0.0156,      0.1980,   7675.4600,-422791.7500,  -1003.7416,    547.4552,  25584.8652,
       1,     168,      25,       9,       1,       3,       1,     10.0000,      1.3945,     42.5125,    247.0204,     62.1659,      3.4953,      0.0558,      0.0243,     12.8049,      0.1426,      5.5474,     11.0947,      1.2605,     28.3129,     56.6258,      0.0191,      0.0027,      0.0594,      0.1980,   7675.4600,-422476.7500,  -1003.6465,    547.4767,  25584.8652,
       1,     168,      25,      10,       1,       3,       1,     10.0000,      1.3945,     42.5125,    247.0204,     62.1659,      3.4953,      0.1532,      0.1213,     41.5855,      0.1562,      5.5474,     11.0947,      1.3800,     28.3129,     56.6258,      0.0191,      0.0026,      0.1976,      0.1980,   7675.4600,-434380.7188,  -1006.6306,    546.6620,  25584.8652,
       1,     168,      25,      11,       1,       3,       1,     10.0000,      1.3945,     42.5125,    247.0204,     62.1659,      3.4953,      0.1854,      0.1528,     53.5845,      0.1750,      5.5474,     11.0947,      1.5466,     28.3129,     56.6258,      0.0191,      0.0027,      0.2433,      0.1979,   7675.4600,-472279.1562,  -1016.1712,    544.0730,  25584.8672,
       1,     168,      25,      12,       1,       3,       1,     10.0000,      1.3945,     42.5125,    247.0204,     62.1659,      3.4953,      0.1697,      0.1371,     48.7259,      0.1778,      5.5474,     11.0947,      1.5715,     28.3129,     56.6258,      0.0191,      0.0027,      0.2210,      0.1979,   7675.4604,-490986.1562,  -1020.9283,    542.8068,  25584.8652,
       1,     168,      25,      13,       1,       3,       1,     10.0000,      1.3945,     42.5125,    247.0204,     62.1659,      3.4953,      0.1901,      0.1574,     56.1581,      0.1793,      5.5474,     11.0947,      1.5840,     28.3129,     56.6258,      0.0191,      0.0028,      0.2500,      0.1979,   7675.4600,-486390.8438,  -1019.8871,    543.1201,  25584.8652,
       1,     168,      25,      14,       1,       3,       1,     10.0000,      1.3945,     42.5125,    247.0204,     62.1659,      3.4953,      0.1907,      0.1568,     67.8686,      0.2199,      5.5474,     11.0947,      1.9434,     28.3129,     56.6258,      0.0191,      0.0034,      0.2500,      0.1979,   7675.4600,-495512.4688,  -1022.2710,    542.5009,  25584.8672,
       1,     168,      25,      15,       1,       3,       1,     10.0000,      1.3945,     42.5125,    247.0204,     62.1659,      3.4953,      0.1921,      0.1582,     86.0190,      0.2206,      5.5474,     11.0947,      1.9491,     28.3129,     56.6258,      0.0191,      0.0042,      0.2500,      0.1979,   7675.4604,-511319.0938,  -1026.3558,    541.4294,  25584.8652,
       1,     168,      25,      16,       1,       3,       1,     10.0000,      1.3945,     42.5125,    247.0204,     62.1659,      3.4953,      0.1905,      0.1570,    102.2380,      0.2051,      5.5474,     11.0947,      1.8123,     28.3129,     56.6258,      0.0191,      0.0051,      0.2457,      0.1979,   7675.4600,-535971.5000,  -1032.7574,    539.7621,  25584.8633,
       1,     168,      25,      17,       1,       3,       1,     10.0000,      1.3945,     42.5125,    247.0204,     62.1659,      3.4953,      0.1876,      0.1541,    119.4089,      0.2065,      5.5474,     11.0947,      1.8249,     28.3129,     56.6258,      0.0191,      0.0062,      0.2395,      0.1978,   7675.4595,-558931.4375,  -1038.8479,    538.2155,  25584.8652,
       1,     168,      25,      18,       1,       3,       1,     10.0000,      1.3945,     42.5125,    247.0204,     62.1659,      3.4953,      0.1703,      0.1371,     91.9240,      0.1948,      5.5474,     11.0947,      1.7216,     28.3129,     56.6258,      0.0191,      0.0052,      0.2171,      0.1978,   7675.4600,-582969.4375,  -1045.3179,    536.6005,  25584.8613,
       1,     168,      25,      19,       1,       3,       1,     10.0000,      1.3945,     42.5125,    247.0204,     62.1659,      3.4953,      0.1139,      0.0812,     91.6534,      0.1798,      5.5474,     11.0947,      1.5888,     28.3129,     56.6258,      0.0191,      0.0084,      0.1344,      0.1978,   7675.4585,-549792.9375,  -1037.4215,    538.8282,  25584.8613,
       1,     168,      25,      20,       1,       3,       1,     10.0000,      1.3945,     42.5125,    247.0204,     62.1659,      3.4953,      0.0100,     -0.0223,     10.0344,      0.1675,      5.5474,     11.0947,      1.4802,     28.3129,     56.6258,      0.0191,      0.0079,      0.0156,      0.1978,   7675.4585,-546565.2500,  -1036.9655,    539.0502,  25584.8594,
       1,     168,      25,      21,       1,       3,       1,     10.0000,      1.3945,     42.5125,    247.0204,     62.1659,      3.4953,      0.0000,     -0.0319,      7.9522,      0.1552,      5.5474,     11.0947,      1.3717,     28.3129,     56.6258,      0.0191,      0.0063,      0.0156,      0.1978,   7675.4580,-441579.0312,  -1010.6352,    546.1244,  25584.8574,
       1,     168,      25,      22,       1,       3,       1,     10.0000,      1.3945,     42.5125,    247.0204,     62.1659,      3.4953,      0.0000,     -0.0316,      8.7591,      0.1479,      5.5474,     11.0947,      1.3071,     28.3129,     56.6258,      0.0191,      0.0069,      0.0156,      0.1979,   7675.4575,-429900.5000,  -1007.6578,    546.9683,  25584.8594,
       1,     168,      25,      23,       1,       3,       1,     10.0000,      1.3945,     42.5125,    247.0204,     62.1659,      3.4953,      0.0000,     -0.0315,      8.0687,      0.1437,      5.5474,     11.0947,      1.2694,     28.3129,     56.6258,      0.0191,      0.0064,      0.0156,      0.1980,   7675.4580,-429853.0625,  -1007.6172,    546.9722,  25584.8574,
       1,     168,      25,      24,       1,       3,       1,     10.0000,      1.3945,     42.5125,    247.0204,     62.1659,      3.4953,      0.0000,     -0.0315,      7.1235,      0.1444,      5.5474,     11.0947,      1.2758,     28.3129,     56.6258,      0.0191,      0.0056,      0.0156,      0.1980,   7675.4575,-428964.2500,  -1007.3681,    547.0329,  25584.8574,
       1,     168,      26,       1,       1,       3,       1,     10.0000,      1.3946,     42.5128,    247.0262,     62.1674,      3.4953,      0.0000,     -0.0315,      6.6857,      0.1432,      5.5481,     11.0961,      1.2656,     28.3184,     56.6367,      0.0191,      0.0053,      0.0156,      0.1980,   7675.4575,-427830.8125,  -1007.4300,    547.1233,  25586.0039,
       1,     168,      26,       2,       1,       3,       1,     10.0000,      1.3946,     42.5128,    247.0262,     62.1674,      3.4953,      0.0000,     -0.0315,      5.9754,      0.1435,      5.5481,     11.0961,      1.2681,     28.3184,     56.6367,      0.0191,      0.0047,      0.0156,      0.1980,   7675.8013,-427018.0938,  -1006.8344,    547.1789,  25586.0039,
       1,     168,      26,       3,       1,       3,       1,     10.0000,      1.3946,     42.5128,    247.0262,     62.1674,      3.4953,      0.0000,     -0.0315,      4.9266,      0.1437,      5.5481,     11.0961,      1.2694,     28.3184,     56.6367,      0.0191,      0.0039,      0.0156,      0.1980,   7675.8013,-426037.6562,  -1006.5690,    547.2459,  25586.0039,
       1,     168,      26,       4,       1,       3,       1,     10.0000,      1.3946,     42.5128,    247.0262,     62.1674,      3.4953,      0.0000,     -0.0314,      4.3015,      0.1402,      5.5481,     11.0961,      1.2390,     28.3184,     56.6367,      0.0191,      0.0034,      0.0156,      0.1980,   7675.8013,-424609.0938,  -1006.1935,    547.3437,  25586.0039,
       1,     168,      26,       5,       1,       3,       1,     10.0000,      1.3946,     42.5128,    247.0262,     62.1674,      3.4953,      0.0000,     -0.0314,      4.0856,      0.1421,      5.5481,     11.0961,      1.2554,     28.3184,     56.6367,      0.0191,      0.0032,      0.0156,      0.1980,   7675.8013,-423683.6875,  -1005.9477,    547.4070,  25586.0039,
       1,     168,      26,       6,       1,       3,       1,     10.0000,      1.3946,     42.5128,    247.0262,     62.1674,      3.4953,      0.0000,     -0.0313,      3.6144,      0.1394,      5.5481,     11.0961,      1.2315,     28.3184,     56.6367,      0.0191,      0.0029,      0.0156,      0.1980,   7675.8013,-423326.2500,  -1005.8466,    547.4315,  25586.0039,
       1,     168,      26,       7,       1,       3,       1,     10.0000,      1.3946,     42.5128,    247.0262,     62.1674,      3.4953,      0.0000,     -0.0313,      3.6470,      0.1397,      5.5481,     11.0961,      1.2340,     28.3184,     56.6367,      0.0191,      0.0029,      0.0156,      0.1980,   7675.8013,-422691.6250,  -1005.6765,    547.4748,  25586.0039,
       1,     168,      26,       8,       1,       3,       1,     10.0000,      1.3946,     42.5128,    247.0262,     62.1674,      3.4953,      0.0009,     -0.0304,      3.6774,      0.1398,      5.5481,     11.0961,      1.2353,     28.3184,     56.6367,      0.0191,      0.0029,      0.0156,      0.1980,   7675.8013,-422678.0000,  -1005.6638,    547.4758,  25586.0039,
       1,     168,      26,       9,       1,       3,       1,     10.0000,      1.3946,     42.5128,    247.0262,     62.1674,      3.4953,      0.0584,      0.0271,     12.7513,      0.1375,      5.5481,     11.0961,      1.2154,     28.3184,     56.6367,      0.0191,      0.0025,      0.0633,      0.1980,   7675.8013,-422715.5938,  -1005.6641,    547.4733,  25586.0039,
       1,     168,      26,      10,       1,       3,       1,     10.0000,      1.3946,     42.5128,    247.0262,     62.1674,      3.4953,      0.1544,      0.1224,     48.3108,      0.1581,      5.5481,     11.0961,      1.3967,     28.3184,     56.6367,      0.0191,      0.0030,      0.1986,      0.1980,   7675.8013,-434334.6875,  -1008.6108,    546.6781,  25586.0039,
       1,     168,      26,      11,       1,       3,       1,     10.0000,      1.3946,     42.5128,    247.0262,     62.1674,      3.4953,      0.1841,      0.1515,     61.4946,      0.1763,      5.5481,     11.0961,      1.5575,     28.3184,     56.6367,      0.0191,      0.0032,      0.2406,      0.1980,   7675.8013,-480882.8125,  -1020.4446,    543.4978,  25586.0059,
       1,     168,      26,      12,       1,       3,       1,     10.0000,      1.3946,     42.5128,    247.0262,     62.1674,      3.4953,      0.1907,      0.1576,     64.7514,      0.1906,      5.5481,     11.0961,      1.6846,     28.3184,     56.6367,      0.0191,      0.0032,      0.2500,      0.1979,   7675.8022,-501873.7812,  -1025.8585,    542.0810,  25586.0059,
       1,     168,      26,      13,       1,       3,       1,     10.0000,      1.3946,     42.5128,    247.0262,     62.1674,      3.4953,      0.1910,      0.1575,     70.6404,      0.2067,      5.5481,     11.0961,      1.8267,     28.3184,     56.6367,      0.0191,      0.0035,      0.2500,      0.1979,   7675.8022,-507874.9688,  -1027.5408,    541.6762,  25586.0059,
       1,     168,      26,      14,       1,       3,       1,     10.0000,      1.3946,     42.5128,    247.0262,     62.1674,      3.4953,      0.1907,      0.1571,     67.5990,      0.2098,      5.5481,     11.0961,      1.8539,     28.3184,     56.6367,      0.0191,      0.0033,      0.2500,      0.1979,   7675.8022,-515945.3125,  -1029.7710,    541.1298,  25586.0039,
       1,     168,      26,      15,       1,       3,       1,     10.0000,      1.3946,     42.5128,    247.0262,     62.1674,      3.4953,      0.1925,      0.1589,     89.8292,      0.2086,      5.5481,     11.0961,      1.8430,     28.3184,     56.6367,      0.0191,      0.0044,      0.2500,      0.1979,   7675.8013,-512751.5312,  -1029.1674,    541.3461,  25586.0020,
       1,     168,      26,      16,       1,       3,       1,     10.0000,      1.3946,     42.5128,    247.0262,     62.1674,      3.4953,      0.1937,      0.1602,    105.5107,      0.2049,      5.5481,     11.0961,      1.8106,     28.3184,     56.6367,      0.0191,      0.0052,      0.2500,      0.1979,   7675.8008,-540970.0000,  -1036.5607,    539.4368,  25586.0020,
       1,     168,      26,      17,       1,       3,       1,     10.0000,      1.3946,     42.5128,    247.0262,     62.1674,      3.4953,      0.1889,      0.1557,    119.1638,      0.1968,      5.5481,     11.0961,      1.7388,     28.3184,     56.6367,      0.0191,      0.0061,      0.2412,      0.1979,   7675.8008,-563554.3750,  -1042.6433,    537.9172,  25585.9980,
       1,     168,      26,      18,       1,       3,       1,     10.0000,      1.3946,     42.5128,    247.0262,     62.1674,      3.4953,      0.1717,      0.1388,    121.8833,      0.1884,      5.5481,     11.0961,      1.6647,     28.3184,     56.6367,      0.0191,      0.0070,      0.2157,      0.1978,   7675.7998,-583044.2500,  -1048.0503,    536.6088,  25586.0000,
       1,     168,      26,      19,       1,       3,       1,     10.0000,      1.3946,     42.5128,    247.0262,     62.1674,      3.4953,      0.1114,      0.0789,     72.7245,      0.1742,      5.5481,     11.0961,      1.5390,     28.3184,     56.6367,      0.0191,      0.0068,      0.1329,      0.1978,   7675.8003,-588237.3750,  -1049.8988,    536.2621,  25585.9980,
       1,     168,      26,      20,       1,       3,       1,     10.0000,      1.3946,     42.5128,    247.0262,     62.1674,      3.4953,      0.0106,     -0.0214,      8.1460,      0.1578,      5.5481,     11.0961,      1.3939,     28.3184,     56.6367,      0.0191,      0.0064,      0.0156,      0.1978,   7675.7998,-525591.1250,  -1034.4006,    540.4616,  25585.9941,
       1,     168,      26,      21,       1,       3,       1,     10.0000,      1.3946,     42.5128,    247.0262,     62.1674,      3.4953,      0.0000,     -0.0317,      7.9792,      0.1506,      5.5481,     11.0961,      1.3310,     28.3184,     56.6367,      0.0191,      0.0063,      0.0156,      0.1979,   7675.7983,-437384.5312,  -1012.0483,    546.4371,  25585.9961,
       1,     168,      26,      22,       1,       3,       1,     10.0000,      1.3946,     42.5128,    247.0262,     62.1674,      3.4953,      0.0000,     -0.0316,      7.7045,      0.1470,      5.5481,     11.0961,      1.2992,     28.3184,     56.6367,      0.0191,      0.0061,      0.0156,      0.1980,   7675.7993,-429553.8438,  -1010.0348,    547.0052,  25585.9961,
       1,     168,      26,      23,       1,       3,       1,     10.0000,      1.3946,     42.5128,    247.0262,     62.1674,      3.4953,      0.0000,     -0.0316,      7.2717,      0.1460,      5.5481,     11.0961,      1.2901,     28.3184,     56.6367,      0.0191,      0.0058,      0.0156,      0.1980,   7675.7993,-428474.8125,  -1009.7468,    547.0793,  25585.9961,
       1,     168,      26,      24,       1,       3,       1,     10.0000,      1.3946,     42.5128,    247.0262,     62.1674,      3.4953,      0.0000,     -0.0314,      6.2915,      0.1422,      5.5481,     11.0961,      1.2567,     28.3184,     56.6367,      0.0191,      0.0050,      0.0156,      0.1980,   7675.7993,-427825.8750,  -1009.5699,    547.1237,  25585.9961,
       1,     168,      27,       1,       1,       3,       1,     10.0000,      1.3946,     42.5131,    247.0320,     62.1688,      3.4953,      0.0000,     -0.0311,      4.7079,      0.1320,      5.5476,     11.0952,      1.1660,     28.3244,     56.6489,      0.0191,      0.0037,      0.0156,      0.1980,   7675.7993,-426668.5625,  -1009.6387,    547.2156,  25587.1387,
       1,     168,      27,       2,       1,       3,       1,     10.0000,      1.3946,     42.5131,    247.0320,     62.1688,      3.4953,      0.0000,     -0.0311,      4.2434,      0.1322,      5.5476,     11.0952,      1.1684,     28.3244,     56.6489,      0.0191,      0.0034,      0.0156,      0.1980,   7676.1421,-424387.8125,  -1008.6772,    547.3716,  25587.1387,
       1,     168,      27,       3,       1,       3,       1,     10.0000,      1.3946,     42.5131,    247.0320,     62.1688,      3.4953,      0.0000,     -0.0311,      3.8939,      0.1329,      5.5476,     11.0952,      1.1743,     28.3244,     56.6489,      0.0191,      0.0031,      0.0156,      0.1980,   7676.1421,-423593.6250,  -1008.4689,    547.4260,  25587.1387,
       1,     168,      27,       4,       1,       3,       1,     10.0000,      1.3946,     42.5131,    247.0320,     62.1688,      3.4953,      0.0000,     -0.0311,      3.7903,      0.1321,      5.5476,     11.0952,      1.1672,     28.3244,     56.6489,      0.0191,      0.0030,      0.0156,      0.1980,   7676.1421,-423076.5938,  -1008.3314,    547.4615,  25587.1387,
       1,     168,      27,       5,       1,       3,       1,     10.0000,      1.3946,     42.5131,    247.0320,     62.1688,      3.4953,      0.0000,     -0.0309,      3.3058,      0.1273,      5.5476,     11.0952,      1.1252,     28.3244,     56.6489,      0.0191,      0.0026,      0.0156,      0.1980,   7676.1421,-422898.5625,  -1008.2808,    547.4736,  25587.1387,
       1,     168,      27,       6,       1,       3,       1,     10.0000,      1.3946,     42.5131,    247.0320,     62.1688,      3.4953,      0.0000,     -0.0309,      2.1537,      0.1271,      5.5476,     11.0952,      1.1230,     28.3244,     56.6489,      0.0191,      0.0017,      0.0156,      0.1980,   7676.1421,-422262.9375,  -1008.1141,    547.5171,  25587.1387,
       1,     168,      27,       7,       1,       3,       1,     10.0000,      1.3946,     42.5131,    247.0320,     62.1688,      3.4953,      0.0000,     -0.0309,      2.0241,      0.1273,      5.5476,     11.0952,      1.1252,     28.3244,     56.6489,      0.0191,      0.0016,      0.0156,      0.1980,   7676.1421,-420732.6250,  -1007.7200,    547.6219,  25587.1387,
       1,     168,      27,       8,       1,       3,       1,     10.0000,      1.3946,     42.5131,    247.0320,     62.1688,      3.4953,      0.0020,     -0.0289,      1.9122,      0.1275,      5.5476,     11.0952,      1.1264,     28.3244,     56.6489,      0.0191,      0.0015,      0.0156,      0.1980,   7676.1421,-420432.6250,  -1007.6411,    547.6424,  25587.1387,
       1,     168,      27,       9,       1,       3,       1,     10.0000,      1.3946,     42.5131,    247.0320,     62.1688,      3.4953,      0.0598,      0.0288,      7.9683,      0.1317,      5.5476,     11.0952,      1.1636,     28.3244,     56.6489,      0.0191,      0.0015,      0.0662,      0.1980,   7676.1421,-420263.1250,  -1007.5955,    547.6540,  25587.1387,
       1,     168,      27,      10,       1,       3,       1,     10.0000,      1.3946,     42.5131,    247.0320,     62.1688,      3.4953,      0.1521,      0.1200,     19.9129,      0.1595,      5.5476,     11.0952,      1.4094,     28.3244,     56.6489,      0.0191,      0.0012,      0.1985,      0.1980,   7676.1421,-427999.6875,  -1009.5776,    547.1244,  25587.1387,
       1,     168,      27,      11,       1,       3,       1,     10.0000,      1.3946,     42.5131,    247.0320,     62.1688,      3.4953,      0.1832,      0.1505,     27.9250,      0.1814,      5.5476,     11.0952,      1.6031,     28.3244,     56.6489,      0.0191,      0.0014,      0.2433,      0.1980,   7676.1421,-443968.2812,  -1013.6729,    546.0325,  25587.1387,
       1,     168,      27,      12,       1,       3,       1,     10.0000,      1.3946,     42.5131,    247.0320,     62.1688,      3.4953,      0.1879,      0.1546,     29.7789,      0.1987,      5.5476,     11.0952,      1.7561,     28.3244,     56.6489,      0.0191,      0.0015,      0.2500,      0.1980,   7676.1421,-455627.8438,  -1016.6718,    545.2378,  25587.1387,
       1,     168,      27,      13,       1,       3,       1,     10.0000,      1.3946,     42.5131,    247.0320,     62.1688,      3.4953,      0.1880,      0.1544,     33.1271,      0.2094,      5.5476,     11.0952,      1.8503,     28.3244,     56.6489,      0.0191,      0.0016,      0.2500,      0.1980,   7676.1421,-459022.2812,  -1017.5635,    545.0070,  25587.1406,
       1,     168,      27,      14,       1,       3,       1,     10.0000,      1.3946,     42.5131,    247.0320,     62.1688,      3.4953,      0.1887,      0.1549,     42.2929,      0.2174,      5.5476,     11.0952,      1.9207,     28.3244,     56.6489,      0.0191,      0.0021,      0.2500,      0.1980,   7676.1426,-463606.0000,  -1018.7623,    544.6948,  25587.1387,
       1,     168,      27,      15,       1,       3,       1,     10.0000,      1.3946,     42.5131,    247.0320,     62.1688,      3.4953,      0.1905,      0.1567,     64.7011,      0.2142,      5.5476,     11.0952,      1.8926,     28.3244,     56.6489,      0.0191,      0.0032,      0.2500,      0.1980,   7676.1421,-475746.5000,  -1021.9110,    543.8683,  25587.1387,
       1,     168,      27,      16,       1,       3,       1,     10.0000,      1.3946,     42.5131,    247.0320,     62.1688,      3.4953,      0.1934,      0.1597,    102.8296,      0.2148,      5.5476,     11.0952,      1.8982,     28.3244,     56.6489,      0.0191,      0.0051,      0.2500,      0.1980,   7676.1421,-505514.1562,  -1029.6178,    541.8452,  25587.1367,
       1,     168,      27,      17,       1,       3,       1,     10.0000,      1.3946,     42.5131,    247.0320,     62.1688,      3.4953,      0.1856,      0.1521,    118.8068,      0.2071,      5.5476,     11.0952,      1.8304,     28.3244,     56.6489,      0.0191,      0.0062,      0.2366,      0.1979,   7676.1411,-556990.3125,  -1043.0165,    538.3624,  25587.1348,
       1,     168,      27,      18,       1,       3,       1,     10.0000,      1.3946,     42.5131,    247.0320,     62.1688,      3.4953,      0.1616,      0.1286,    114.3366,      0.1895,      5.5476,     11.0952,      1.6746,     28.3244,     56.6489,      0.0191,      0.0070,      0.2017,      0.1979,   7676.1406,-582007.4375,  -1049.8479,    536.6901,  25587.1328,
       1,     168,      27,      19,       1,       3,       1,     10.0000,      1.3946,     42.5131,    247.0320,     62.1688,      3.4953,      0.1125,      0.0798,     76.2380,      0.1770,      5.5476,     11.0952,      1.5637,     28.3244,     56.6489,      0.0191,      0.0070,      0.1341,      0.1978,   7676.1401,-578447.6875,  -1049.4537,    536.9315,  25587.1348,
       1,     168,      27,      20,       1,       3,       1,     10.0000,      1.3946,     42.5131,    247.0320,     62.1688,      3.4953,      0.0140,     -0.0181,      7.6625,      0.1606,      5.5476,     11.0952,      1.4194,     28.3244,     56.6489,      0.0191,      0.0061,      0.0156,      0.1978,   7676.1406,-529246.7500,  -1037.2761,    540.2338,  25587.1328,
       1,     168,      27,      21,       1,       3,       1,     10.0000,      1.3946,     42.5131,    247.0320,     62.1688,      3.4953,      0.0000,     -0.0318,      7.3890,      0.1528,      5.5476,     11.0952,      1.3499,     28.3244,     56.6489,      0.0191,      0.0058,      0.0156,      0.1979,   7676.1401,-437071.3750,  -1013.7667,    546.4684,  25587.1328,
       1,     168,      27,      22,       1,       3,       1,     10.0000,      1.3946,     42.5131,    247.0320,     62.1688,      3.4953,      0.0000,     -0.0318,      6.9659,      0.1511,      5.5476,     11.0952,      1.3351,     28.3244,     56.6489,      0.0191,      0.0055,      0.0156,      0.1980,   7676.1401,-428776.9375,  -1011.6290,    547.0712,  25587.1328,
       1,     168,      27,      23,       1,       3,       1,     10.0000,      1.3946,     42.5131,    247.0320,     62.1688,      3.4953,      0.0000,     -0.0318,      5.8007,      0.1509,      5.5476,     11.0952,      1.3337,     28.3244,     56.6489,      0.0191,      0.0046,      0.0156,      0.1980,   7676.1401,-427463.7812,  -1011.2872,    547.1613,  25587.1328,
       1,     168,      27,      24,       1,       3,       1,     10.0000,      1.3946,     42.5131,    247.0320,     62.1688,      3.4953,      0.0000,     -0.0317,      5.4241,      0.1491,      5.5476,     11.0952,      1.3177,     28.3244,     56.6489,      0.0191,      0.0043,      0.0156,      0.1980,   7676.1401,-425856.8438,  -1010.8713,    547.2712,  25587.1328,
       1,     168,      28,       1,       1,       3,       1,     10.0000,      1.3946,     42.5135,    247.0378,     62.1703,      3.4953,      0.0000,     -0.0316,      4.3106,      0.1454,      5.5480,     11.0961,      1.2849,     28.3302,     56.6604,      0.0191,      0.0034,      0.0156,      0.1980,   7676.1401,-425388.4375,  -1011.1242,    547.3159,  25588.2754,
       1,     168,      28,       2,       1,       3,       1,     10.0000,      1.3946,     42.5135,    247.0378,     62.1703,      3.4953,      0.0000,     -0.0314,      2.9687,      0.1419,      5.5480,     11.0961,      1.2542,     28.3302,     56.6604,      0.0191,      0.0023,      0.0156,      0.1980,   7676.4829,-423770.2812,  -1010.3314,    547.4266,  25588.2754,
       1,     168,      28,       3,       1,       3,       1,     10.0000,      1.3946,     42.5135,    247.0378,     62.1703,      3.4953,      0.0000,     -0.0313,      2.2991,      0.1378,      5.5480,     11.0961,      1.2180,     28.3302,     56.6604,      0.0191,      0.0018,      0.0156,      0.1980,   7676.4829,-421911.0625,  -1009.8522,    547.5539,  25588.2754,
       1,     168,      28,       4,       1,       3,       1,     10.0000,      1.3946,     42.5135,    247.0378,     62.1703,      3.4953,      0.0000,     -0.0312,      2.3027,      0.1366,      5.5480,     11.0961,      1.2069,     28.3302,     56.6604,      0.0191,      0.0018,      0.0156,      0.1980,   7676.4829,-420891.2500,  -1009.5888,    547.6237,  25588.2754,
       1,     168,      28,       5,       1,       3,       1,     10.0000,      1.3946,     42.5135,    247.0378,     62.1703,      3.4953,      0.0000,     -0.0312,      2.2476,      0.1348,      5.5480,     11.0961,      1.1911,     28.3302,     56.6604,      0.0191,      0.0018,      0.0156,      0.1980,   7676.4829,-420806.5938,  -1009.5662,    547.6295,  25588.2754,
       1,     168,      28,       6,       1,       3,       1,     10.0000,      1.3946,     42.5135,    247.0378,     62.1703,      3.4953,      0.0000,     -0.0311,      1.8628,      0.1318,      5.5480,     11.0961,      1.1648,     28.3302,     56.6604,      0.0191,      0.0015,      0.0156,      0.1980,   7676.4829,-420728.7500,  -1009.5457,    547.6348,  25588.2754,
       1,     168,      28,       7,       1,       3,       1,     10.0000,      1.3946,     42.5135,    247.0378,     62.1703,      3.4953,      0.0000,     -0.0310,      1.3216,      0.1294,      5.5480,     11.0961,      1.1437,     28.3302,     56.6604,      0.0191,      0.0010,      0.0156,      0.1980,   7676.4829,-420229.3125,  -1009.4165,    547.6689,  25588.2754,
       1,     168,      28,       8,       1,       3,       1,     10.0000,      1.3946,     42.5135,    247.0378,     62.1703,      3.4953,      0.0012,     -0.0297,      0.9636,      0.1268,      5.5480,     11.0961,      1.1207,     28.3302,     56.6604,      0.0191,      0.0008,      0.0156,      0.1980,   7676.4829,-419493.0625,  -1009.2268,    547.7194,  25588.2754,
       1,     168,      28,       9,       1,       3,       1,     10.0000,      1.3946,     42.5135,    247.0378,     62.1703,      3.4953,      0.0320,      0.0010,      1.7159,      0.1293,      5.5480,     11.0961,      1.1426,     28.3302,     56.6604,      0.0191,      0.0008,      0.0266,      0.1980,   7676.4829,-418970.3438,  -1009.0922,    547.7552,  25588.2754,
       1,     168,      28,      10,       1,       3,       1,     10.0000,      1.3946,     42.5135,    247.0378,     62.1703,      3.4953,      0.0632,      0.0319,      3.9584,      0.1385,      5.5480,     11.0961,      1.2241,     28.3302,     56.6604,      0.0191,      0.0007,      0.0713,      0.1980,   7676.4829,-419887.3125,  -1009.3263,    547.6924,  25588.2754,
       1,     168,      28,      11,       1,       3,       1,     10.0000,      1.3946,     42.5135,    247.0378,     62.1703,      3.4953,      0.1272,      0.0953,      7.8916,      0.1552,      5.5480,     11.0961,      1.3718,     28.3302,     56.6604,      0.0191,      0.0006,      0.1637,      0.1980,   7676.4829,-422837.6875,  -1010.0847,    547.4905,  25588.2754,
       1,     168,      28,      12,       1,       3,       1,     10.0000,      1.3946,     42.5135,    247.0378,     62.1703,      3.4953,      0.1866,      0.1538,     12.9284,      0.1823,      5.5480,     11.0961,      1.6111,     28.3302,     56.6604,      0.0191,      0.0006,      0.2500,      0.1980,   7676.4829,-428129.8750,  -1011.4484,    547.1283,  25588.2754,
       1,     168,      28,      13,       1,       3,       1,     10.0000,      1.3946,     42.5135,    247.0378,     62.1703,      3.4953,      0.1866,      0.1533,     14.4883,      0.2011,      5.5480,     11.0961,      1.7771,     28.3302,     56.6604,      0.0191,      0.0007,      0.2500,      0.1980,   7676.4829,-435040.4688,  -1013.2272,    546.6557,  25588.2754,
       1,     168,      28,      14,       1,       3,       1,     10.0000,      1.3946,     42.5135,    247.0378,     62.1703,      3.4953,      0.1868,      0.1533,     16.1143,      0.2027,      5.5480,     11.0961,      1.7911,     28.3302,     56.6604,      0.0191,      0.0008,      0.2500,      0.1980,   7676.4829,-437642.9375,  -1013.8972,    546.4781,  25588.2754,
       1,     168,      28,      15,       1,       3,       1,     10.0000,      1.3946,     42.5135,    247.0378,     62.1703,      3.4953,      0.1872,      0.1536,     22.5418,      0.2084,      5.5480,     11.0961,      1.8413,     28.3302,     56.6604,      0.0191,      0.0011,      0.2500,      0.1980,   7676.4829,-439952.0312,  -1014.4947,    546.3205,  25588.2754,
       1,     168,      28,      16,       1,       3,       1,     10.0000,      1.3946,     42.5135,    247.0378,     62.1703,      3.4953,      0.1686,      0.1355,     35.2735,      0.1918,      5.5480,     11.0961,      1.6947,     28.3302,     56.6604,      0.0191,      0.0020,      0.2210,      0.1980,   7676.4829,-448382.2188,  -1016.6761,    545.7448,  25588.2773,
       1,     168,      28,      17,       1,       3,       1,     10.0000,      1.3946,     42.5135,    247.0378,     62.1703,      3.4953,      0.1812,      0.1481,     71.2653,      0.1920,      5.5480,     11.0961,      1.6964,     28.3302,     56.6604,      0.0191,      0.0037,      0.2353,      0.1980,   7676.4834,-465420.9375,  -1021.1006,    544.5828,  25588.2734,
       1,     168,      28,      18,       1,       3,       1,     10.0000,      1.3946,     42.5135,    247.0378,     62.1703,      3.4953,      0.1595,      0.1268,     83.4318,      0.1770,      5.5480,     11.0961,      1.5638,     28.3302,     56.6604,      0.0191,      0.0051,      0.2020,      0.1980,   7676.4824,-513007.1562,  -1033.4563,    541.3445,  25588.2754,
       1,     168,      28,      19,       1,       3,       1,     10.0000,      1.3946,     42.5135,    247.0378,     62.1703,      3.4953,      0.1133,      0.0809,     61.5726,      0.1704,      5.5480,     11.0961,      1.5057,     28.3302,     56.6604,      0.0191,      0.0055,      0.1370,      0.1979,   7676.4829,-532784.3125,  -1038.7856,    540.0159,  25588.2754,
       1,     168,      28,      20,       1,       3,       1,     10.0000,      1.3946,     42.5135,    247.0378,     62.1703,      3.4953,      0.0090,     -0.0231,      7.4498,      0.1587,      5.5480,     11.0961,      1.4024,     28.3302,     56.6604,      0.0191,      0.0059,      0.0156,      0.1979,   7676.4829,-506478.3125,  -1032.2811,    541.7933,  25588.2734,
       1,     168,      28,      21,       1,       3,       1,     10.0000,      1.3946,     42.5135,    247.0378,     62.1703,      3.4953,      0.0000,     -0.0319,      5.7636,      0.1540,      5.5480,     11.0961,      1.3608,     28.3302,     56.6604,      0.0191,      0.0046,      0.0156,      0.1980,   7676.4824,-434835.3125,  -1013.9163,    546.6481,  25588.2715,
       1,     168,      28,      22,       1,       3,       1,     10.0000,      1.3946,     42.5135,    247.0378,     62.1703,      3.4953,      0.0000,     -0.0319,      5.7151,      0.1535,      5.5480,     11.0961,      1.3567,     28.3302,     56.6604,      0.0191,      0.0045,      0.0156,      0.1980,   7676.4819,-426484.9062,  -1011.7608,    547.2406,  25588.2715,
       1,     168,      28,      23,       1,       3,       1,     10.0000,      1.3946,     42.5135,    247.0378,     62.1703,      3.4953,      0.0000,     -0.0317,      5.2810,      0.1502,      5.5480,     11.0961,      1.3270,     28.3302,     56.6604,      0.0191,      0.0042,      0.0156,      0.1980,   7676.4819,-425664.6562,  -1011.5476,    547.2970,  25588.2715,
       1,     168,      28,      24,       1,       3,       1,     10.0000,      1.3946,     42.5135,    247.0378,     62.1703,      3.4953,      0.0000,     -0.0316,      4.4382,      0.1472,      5.5480,     11.0961,      1.3006,     28.3302,     56.6604,      0.0191,      0.0035,      0.0156,      0.1980,   7676.4819,-425036.9062,  -1011.3844,    547.3400,  25588.2715,
       1,     168,      29,       1,       1,       3,       1,     10.0000,      1.3946,     42.5138,    247.0437,     62.1717,      3.4953,      0.0000,     -0.0316,      3.3404,      0.1459,      5.5485,     11.0970,      1.2889,     28.3306,     56.6611,      0.0191,      0.0026,      0.0156,      0.1981,   7676.4819,-424057.9062,  -1011.5073,    547.4199,  25589.4160,
       1,     168,      29,       2,       1,       3,       1,     10.0000,      1.3946,     42.5138,    247.0437,     62.1717,      3.4953,      0.0000,     -0.0316,      2.9457,      0.1454,      5.5485,     11.0970,      1.2850,     28.3306,     56.6611,      0.0191,      0.0023,      0.0156,      0.1981,   7676.8252,-422414.7812,  -1010.7064,    547.5323,  25589.4160,
       1,     168,      29,       3,       1,       3,       1,     10.0000,      1.3946,     42.5138,    247.0437,     62.1717,      3.4953,      0.0000,     -0.0315,      3.2798,      0.1435,      5.5485,     11.0970,      1.2682,     28.3306,     56.6611,      0.0191,      0.0026,      0.0156,      0.1981,   7676.8252,-421765.9375,  -1010.5385,    547.5767,  25589.4160,
       1,     168,      29,       4,       1,       3,       1,     10.0000,      1.3946,     42.5138,    247.0437,     62.1717,      3.4953,      0.0000,     -0.0315,      3.0558,      0.1427,      5.5485,     11.0970,      1.2606,     28.3306,     56.6611,      0.0191,      0.0024,      0.0156,      0.1981,   7676.8252,-422136.5938,  -1010.6335,    547.5514,  25589.4160,
       1,     168,      29,       5,       1,       3,       1,     10.0000,      1.3946,     42.5138,    247.0437,     62.1717,      3.4953,      0.0000,     -0.0315,      2.8685,      0.1425,      5.5485,     11.0970,      1.2593,     28.3306,     56.6611,      0.0191,      0.0023,      0.0156,      0.1981,   7676.8252,-421882.3125,  -1010.5673,    547.5688,  25589.4160,
       1,     168,      29,       6,       1,       3,       1,     10.0000,      1.3946,     42.5138,    247.0437,     62.1717,      3.4953,      0.0000,     -0.0314,      2.6991,      0.1419,      5.5485,     11.0970,      1.2542,     28.3306,     56.6611,      0.0191,      0.0021,      0.0156,      0.1981,   7676.8252,-421620.3125,  -1010.4996,    547.5867,  25589.4160,
       1,     168,      29,       7,       1,       3,       1,     10.0000,      1.3946,     42.5138,    247.0437,     62.1717,      3.4953,      0.0000,     -0.0315,      2.9211,      0.1445,      5.5485,     11.0970,      1.2772,     28.3306,     56.6611,      0.0191,      0.0023,      0.0156,      0.1981,   7676.8252,-421380.6875,  -1010.4375,    547.6031,  25589.4160,
       1,     168,      29,       8,       1,       3,       1,     10.0000,      1.3946,     42.5138,    247.0437,     62.1717,      3.4953,      0.0015,     -0.0300,      2.7625,      0.1421,      5.5485,     11.0970,      1.2555,     28.3306,     56.6611,      0.0191,      0.0022,      0.0156,      0.1981,   7676.8252,-421643.7812,  -1010.5052,    547.5851,  25589.4160,
       1,     168,      29,       9,       1,       3,       1,     10.0000,      1.3946,     42.5138,    247.0437,     62.1717,      3.4953,      0.0077,     -0.0233,      2.2930,      0.1293,      5.5485,     11.0970,      1.1426,     28.3306,     56.6611,      0.0191,      0.0018,      0.0156,      0.1981,   7676.8252,-421463.8750,  -1011.1288,    547.5974,  25589.4160,
       1,     168,      29,      10,       1,       3,       1,     10.0000,      1.3946,     42.5138,    247.0437,     62.1717,      3.4953,      0.0562,      0.0252,      8.6541,      0.1293,      5.5485,     11.0970,      1.1426,     28.3306,     56.6611,      0.0191,      0.0018,      0.0609,      0.1981,   7676.8252,-420847.2812,  -1021.2325,    547.6396,  25589.4141,
       1,     168,      29,      11,       1,       3,       1,     10.0000,      1.3946,     42.5138,    247.0437,     62.1717,      3.4953,      0.1531,      0.1213,     30.3179,      0.1529,      5.5485,     11.0970,      1.3513,     28.3306,     56.6611,      0.0191,      0.0019,      0.1988,      0.1981,   7676.8247,-428933.3125,  -1023.2650,    547.0861,  25589.4141,
       1,     168,      29,      12,       1,       3,       1,     10.0000,      1.3946,     42.5138,    247.0437,     62.1717,      3.4953,      0.1892,      0.1566,     45.1897,      0.1775,      5.5485,     11.0970,      1.5685,     28.3306,     56.6611,      0.0191,      0.0022,      0.2500,      0.1981,   7676.8247,-457367.4375,  -1030.4779,    545.1419,  25589.4160,
       1,     168,      29,      13,       1,       3,       1,     10.0000,      1.3946,     42.5138,    247.0437,     62.1717,      3.4953,      0.1885,      0.1555,     37.2800,      0.1884,      5.5485,     11.0970,      1.6648,     28.3306,     56.6611,      0.0191,      0.0018,      0.2500,      0.1980,   7676.8252,-478906.2188,  -1035.9385,    543.6776,  25589.4121,
       1,     168,      29,      14,       1,       3,       1,     10.0000,      1.3946,     42.5138,    247.0437,     62.1717,      3.4953,      0.1873,      0.1541,     23.0710,      0.1978,      5.5485,     11.0970,      1.7475,     28.3306,     56.6611,      0.0191,      0.0011,      0.2500,      0.1980,   7676.8237,-470659.9062,  -1033.8571,    544.2399,  25589.4141,
       1,     168,      29,      15,       1,       3,       1,     10.0000,      1.3946,     42.5138,    247.0437,     62.1717,      3.4953,      0.1791,      0.1461,     24.4671,      0.1892,      5.5485,     11.0970,      1.6714,     28.3306,     56.6611,      0.0191,      0.0013,      0.2376,      0.1980,   7676.8247,-451742.2188,  -1028.9851,    545.5272,  25589.4141,
       1,     168,      29,      16,       1,       3,       1,     10.0000,      1.3946,     42.5138,    247.0437,     62.1717,      3.4953,      0.1891,      0.1559,     44.8723,      0.1943,      5.5485,     11.0970,      1.7167,     28.3306,     56.6611,      0.0191,      0.0022,      0.2500,      0.1980,   7676.8247,-451880.6250,  -1028.9918,    545.5193,  25589.4102,
       1,     168,      29,      17,       1,       3,       1,     10.0000,      1.3946,     42.5138,    247.0437,     62.1717,      3.4953,      0.1927,      0.1595,     90.4711,      0.1949,      5.5485,     11.0970,      1.7218,     28.3306,     56.6611,      0.0191,      0.0045,      0.2500,      0.1980,   7676.8232,-478014.4062,  -1035.6199,    543.7372,  25589.4102,
       1,     168,      29,      18,       1,       3,       1,     10.0000,      1.3946,     42.5138,    247.0437,     62.1717,      3.4953,      0.1744,      0.1414,    104.4000,      0.1875,      5.5485,     11.0970,      1.6566,     28.3306,     56.6611,      0.0191,      0.0058,      0.2215,      0.1980,   7676.8232,-538707.6875,  -1051.1615,    539.6151,  25589.4121,
       1,     168,      29,      19,       1,       3,       1,     10.0000,      1.3946,     42.5138,    247.0437,     62.1717,      3.4953,      0.1156,      0.0831,     70.8432,      0.1706,      5.5485,     11.0970,      1.5072,     28.3306,     56.6611,      0.0191,      0.0063,      0.1393,      0.1979,   7676.8237,-561907.4375,  -1057.3320,    538.0658,  25589.4121,
       1,     168,      29,      20,       1,       3,       1,     10.0000,      1.3946,     42.5138,    247.0437,     62.1717,      3.4953,      0.0124,     -0.0196,      7.3339,      0.1589,      5.5485,     11.0970,      1.4039,     28.3306,     56.6611,      0.0191,      0.0058,      0.0156,      0.1979,   7676.8237,-520881.2812,  -1047.1018,    540.8273,  25589.4141,
       1,     168,      29,      21,       1,       3,       1,     10.0000,      1.3946,     42.5138,    247.0437,     62.1717,      3.4953,      0.0000,     -0.0319,      7.6450,      0.1539,      5.5485,     11.0970,      1.3595,     28.3306,     56.6611,      0.0191,      0.0060,      0.0156,      0.1980,   7676.8247,-435931.5000,  -1025.3716,    546.5773,  25589.4121,
       1,     168,      29,      22,       1,       3,       1,     10.0000,      1.3946,     42.5138,    247.0437,     62.1717,      3.4953,      0.0000,     -0.0319,      6.8206,      0.1546,      5.5485,     11.0970,      1.3663,     28.3306,     56.6611,      0.0191,      0.0054,      0.0156,      0.1980,   7676.8237,-429002.3438,  -1023.4791,    547.0814,  25589.4102,
       1,     168,      29,      23,       1,       3,       1,     10.0000,      1.3946,     42.5138,    247.0437,     62.1717,      3.4953,      0.0000,     -0.0319,      7.1845,      0.1539,      5.5485,     11.0970,      1.3595,     28.3306,     56.6611,      0.0191,      0.0057,      0.0156,      0.1981,   7676.8232,-427302.5000,  -1022.9412,    547.1979,  25589.4102,
       1,     168,      29,      24,       1,       3,       1,     10.0000,      1.3946,     42.5138,    247.0437,     62.1717,      3.4953,      0.0000,     -0.0317,      5.5854,      0.1505,      5.5485,     11.0970,      1.3298,     28.3306,     56.6611,      0.0191,      0.0044,      0.0156,      0.1981,   7676.8232,-427619.0625,  -1022.9146,    547.1763,  25589.4102,
       1,     168,      30,       1,       1,       3,       1,     10.0000,      1.3946,     42.5141,    247.0495,     62.1732,      3.4953,      0.0000,     -0.0317,      4.8865,      0.1496,      5.5487,     11.0974,      1.3218,     28.3320,     56.6641,      0.0191,      0.0039,      0.0156,      0.1981,   7676.8232,-425754.8750,  -1022.7263,    547.3167,  25590.5547,
       1,     168,      30,       2,       1,       3,       1,     10.0000,      1.3946,     42.5141,    247.0495,     62.1732,      3.4953,      0.0000,     -0.0318,      4.2867,      0.1523,      5.5487,     11.0974,      1.3459,     28.3320,     56.6641,      0.0191,      0.0034,      0.0156,      0.1981,   7677.1665,-424544.7500,  -1021.9658,    547.3995,  25590.5566,
       1,     168,      30,       3,       1,       3,       1,     10.0000,      1.3946,     42.5141,    247.0495,     62.1732,      3.4953,      0.0000,     -0.0317,      4.1051,      0.1503,      5.5487,     11.0974,      1.3284,     28.3320,     56.6641,      0.0191,      0.0032,      0.0156,      0.1981,   7677.1675,-423671.0625,  -1021.6768,    547.4592,  25590.5547,
       1,     168,      30,       4,       1,       3,       1,     10.0000,      1.3946,     42.5141,    247.0495,     62.1732,      3.4953,      0.0000,     -0.0316,      3.7361,      0.1466,      5.5487,     11.0974,      1.2954,     28.3320,     56.6641,      0.0191,      0.0030,      0.0156,      0.1981,   7677.1665,-423362.4062,  -1021.5371,    547.4804,  25590.5547,
       1,     168,      30,       5,       1,       3,       1,     10.0000,      1.3946,     42.5141,    247.0495,     62.1732,      3.4953,      0.0000,     -0.0316,      3.3491,      0.1456,      5.5487,     11.0974,      1.2863,     28.3320,     56.6641,      0.0191,      0.0026,      0.0156,      0.1981,   7677.1665,-422863.1562,  -1021.3541,    547.5145,  25590.5547,
       1,     168,      30,       6,       1,       3,       1,     10.0000,      1.3946,     42.5141,    247.0495,     62.1732,      3.4953,      0.0000,     -0.0316,      3.3789,      0.1470,      5.5487,     11.0974,      1.2993,     28.3320,     56.6641,      0.0191,      0.0027,      0.0156,      0.1981,   7677.1665,-422324.3750,  -1021.1663,    547.5515,  25590.5566,
       1,     168,      30,       7,       1,       3,       1,     10.0000,      1.3946,     42.5141,    247.0495,     62.1732,      3.4953,      0.0000,     -0.0316,      3.6840,      0.1465,      5.5487,     11.0974,      1.2941,     28.3320,     56.6641,      0.0191,      0.0029,      0.0156,      0.1981,   7677.1675,-422315.0000,  -1021.1141,    547.5521,  25590.5547,
       1,     168,      30,       8,       1,       3,       1,     10.0000,      1.3946,     42.5141,    247.0495,     62.1732,      3.4953,      0.0006,     -0.0309,      3.5666,      0.1437,      5.5487,     11.0974,      1.2695,     28.3320,     56.6641,      0.0191,      0.0028,      0.0156,      0.1981,   7677.1665,-422704.7812,  -1021.1612,    547.5254,  25590.5547,
       1,     168,      30,       9,       1,       3,       1,     10.0000,      1.3946,     42.5141,    247.0495,     62.1732,      3.4953,      0.0493,      0.0185,      8.7539,      0.1258,      5.5487,     11.0974,      1.1117,     28.3320,     56.6641,      0.0191,      0.0021,      0.0511,      0.1981,   7677.1665,-422588.6562,  -1024.2568,    547.5333,  25590.5566,
       1,     168,      30,      10,       1,       3,       1,     10.0000,      1.3946,     42.5141,    247.0495,     62.1732,      3.4953,      0.1667,      0.1350,     44.4179,      0.1473,      5.5487,     11.0974,      1.3020,     28.3320,     56.6641,      0.0191,      0.0025,      0.2169,      0.1981,   7677.1675,-429215.5312,  -1001.6177,    547.0798,  25590.7344,
       1,     168,      30,      11,       1,       3,       1,     10.0000,      1.3946,     42.5141,    247.0495,     62.1732,      3.4953,      0.1817,      0.1493,     57.1901,      0.1690,      5.5487,     11.0974,      1.4937,     28.3320,     56.6641,      0.0191,      0.0030,      0.2375,      0.1981,   7677.2207,-475412.4375,  -1014.2347,    543.9208,  25590.6250,
       1,     168,      30,      12,       1,       3,       1,     10.0000,      1.3946,     42.5141,    247.0495,     62.1732,      3.4953,      0.1901,      0.1569,     57.4145,      0.1931,      5.5487,     11.0974,      1.7066,     28.3320,     56.6641,      0.0191,      0.0028,      0.2500,      0.1980,   7677.1880,-495848.3750,  -1021.5668,    542.5405,  25590.5566,
       1,     168,      30,      13,       1,       3,       1,     10.0000,      1.3946,     42.5141,    247.0495,     62.1732,      3.4953,      0.1891,      0.1554,     46.0274,      0.2102,      5.5487,     11.0974,      1.8577,     28.3320,     56.6641,      0.0191,      0.0023,      0.2500,      0.1980,   7677.1675,-497921.9375,  -1025.0410,    542.4016,  25589.8828,
       1,     168,      30,      14,       1,       3,       1,     10.0000,      1.3946,     42.5141,    247.0495,     62.1732,      3.4953,      0.1878,      0.1537,     31.9274,      0.2267,      5.5487,     11.0974,      2.0036,     28.3320,     56.6641,      0.0191,      0.0016,      0.2500,      0.1980,   7676.9653,-483594.3438,  -1024.4597,    543.3730,  25589.8906,
       1,     168,      30,      15,       1,       3,       1,     10.0000,      1.3946,     42.5141,    247.0495,     62.1732,      3.4953,      0.1893,      0.1552,     50.6531,      0.2270,      5.5487,     11.0974,      2.0055,     28.3320,     56.6641,      0.0191,      0.0025,      0.2500,      0.1980,   7676.9673,-464288.1562,  -1022.0596,    544.6852,  25590.5508,
       1,     168,      30,      16,       1,       3,       1,     10.0000,      1.3946,     42.5141,    247.0495,     62.1732,      3.4953,      0.1916,      0.1577,     78.7454,      0.2191,      5.5487,     11.0974,      1.9360,     28.3320,     56.6641,      0.0191,      0.0039,      0.2500,      0.1980,   7677.1655,-486502.1562,  -1029.1885,    543.1743,  25590.5508,
       1,     168,      30,      17,       1,       3,       1,     10.0000,      1.3946,     42.5141,    247.0495,     62.1732,      3.4953,      0.1887,      0.1553,    106.3504,      0.2025,      5.5487,     11.0974,      1.7895,     28.3320,     56.6641,      0.0191,      0.0054,      0.2425,      0.1980,   7677.1655,-524426.0625,  -1040.2722,    540.6014,  25590.5488,
       1,     168,      30,      18,       1,       3,       1,     10.0000,      1.3946,     42.5141,    247.0495,     62.1732,      3.4953,      0.1714,      0.1383,    117.2783,      0.1933,      5.5487,     11.0974,      1.7083,     28.3320,     56.6641,      0.0191,      0.0067,      0.2157,      0.1980,   7677.1650,-563129.1250,  -1051.5691,    537.9922,  25590.5488,
       1,     168,      30,      19,       1,       3,       1,     10.0000,      1.3946,     42.5141,    247.0495,     62.1732,      3.4953,      0.1192,      0.0864,     88.4670,      0.1805,      5.5487,     11.0974,      1.5953,     28.3320,     56.6641,      0.0191,      0.0077,      0.1425,      0.1979,   7677.1650,-580530.5000,  -1057.6729,    536.8282,  25590.5469,
       1,     168,      30,      20,       1,       3,       1,     10.0000,      1.3946,     42.5141,    247.0495,     62.1732,      3.4953,      0.0117,     -0.0206,      9.1247,      0.1650,      5.5487,     11.0974,      1.4583,     28.3320,     56.6641,      0.0191,      0.0072,      0.0156,      0.1979,   7677.1646,-545086.8125,  -1050.5819,    539.2079,  25590.5469,
       1,     168,      30,      21,       1,       3,       1,     10.0000,      1.3946,     42.5141,    247.0495,     62.1732,      3.4953,      0.0000,     -0.0320,      8.0976,      0.1568,      5.5487,     11.0974,      1.3857,     28.3320,     56.6641,      0.0191,      0.0064,      0.0156,      0.1980,   7677.1646,-440299.2500,  -1025.7944,    546.2760,  25590.5469,
       1,     168,      30,      22,       1,       3,       1,     10.0000,      1.3946,     42.5141,    247.0495,     62.1732,      3.4953,      0.0000,     -0.0318,      7.8047,      0.1522,      5.5487,     11.0974,      1.3446,     28.3320,     56.6641,      0.0191,      0.0062,      0.0156,      0.1981,   7677.1646,-429986.3750,  -1023.8113,    547.0268,  25590.5469,
       1,     168,      30,      23,       1,       3,       1,     10.0000,      1.3946,     42.5141,    247.0495,     62.1732,      3.4953,      0.0000,     -0.0316,      7.8220,      0.1475,      5.5487,     11.0974,      1.3033,     28.3320,     56.6641,      0.0191,      0.0062,      0.0156,      0.1981,   7677.1646,-428650.8438,  -1023.9610,    547.1185,  25590.5449,
       1,     168,      30,      24,       1,       3,       1,     10.0000,      1.3946,     42.5141,    247.0495,     62.1732,      3.4953,      0.0000,     -0.0315,      6.5863,      0.1445,      5.5487,     11.0974,      1.2773,     28.3320,     56.6641,      0.0191,      0.0052,      0.0156,      0.1981,   7677.1636,-428555.7188,  -1024.3727,    547.1251,  25590.5449,
       1,     168,      31,       1,       1,       3,       1,     10.0000,      1.3947,     42.5145,    247.0553,     62.1747,      3.4953,      0.0000,     -0.0316,      5.3829,      0.1462,      5.5484,     11.0968,      1.2915,     28.3380,     56.6760,      0.0191,      0.0043,      0.0156,      0.1981,   7677.1636,-427120.4688,  -1024.7100,    547.2360,  25591.6914,
       1,     168,      31,       2,       1,       3,       1,     10.0000,      1.3947,     42.5145,    247.0553,     62.1747,      3.4953,      0.0000,     -0.0317,      4.6065,      0.1485,      5.5484,     11.0968,      1.3125,     28.3380,     56.6760,      0.0191,      0.0036,      0.0156,      0.1981,   7677.5078,-425302.3438,  -1024.1406,    547.3604,  25591.6914,
       1,     168,      31,       3,       1,       3,       1,     10.0000,      1.3947,     42.5145,    247.0553,     62.1747,      3.4953,      0.0000,     -0.0316,      4.1337,      0.1453,      5.5484,     11.0968,      1.2837,     28.3380,     56.6760,      0.0191,      0.0033,      0.0156,      0.1981,   7677.5078,-424149.9375,  -1024.0463,    547.4393,  25591.6934,
       1,     168,      31,       4,       1,       3,       1,     10.0000,      1.3947,     42.5145,    247.0553,     62.1747,      3.4953,      0.0000,     -0.0315,      3.5212,      0.1444,      5.5484,     11.0968,      1.2760,     28.3380,     56.6760,      0.0191,      0.0028,      0.0156,      0.1981,   7677.5083,-423443.8750,  -1024.0303,    547.4875,  25591.6914,
       1,     168,      31,       5,       1,       3,       1,     10.0000,      1.3947,     42.5145,    247.0553,     62.1747,      3.4953,      0.0000,     -0.0316,      3.0692,      0.1459,      5.5484,     11.0968,      1.2889,     28.3380,     56.6760,      0.0191,      0.0024,      0.0156,      0.1981,   7677.5078,-422598.6250,  -1023.9502,    547.5454,  25591.6914,
       1,     168,      31,       6,       1,       3,       1,     10.0000,      1.3947,     42.5145,    247.0553,     62.1747,      3.4953,      0.0000,     -0.0315,      3.3734,      0.1434,      5.5484,     11.0968,      1.2670,     28.3380,     56.6760,      0.0191,      0.0027,      0.0156,      0.1981,   7677.5078,-421946.3125,  -1023.8925,    547.5901,  25591.6914,
       1,     168,      31,       7,       1,       3,       1,     10.0000,      1.3947,     42.5145,    247.0553,     62.1747,      3.4953,      0.0000,     -0.0314,      3.8655,      0.1414,      5.5484,     11.0968,      1.2492,     28.3380,     56.6760,      0.0191,      0.0031,      0.0156,      0.1981,   7677.5078,-422278.4688,  -1024.0879,    547.5674,  25591.6914,
       1,     168,      31,       8,       1,       3,       1,     10.0000,      1.3947,     42.5145,    247.0553,     62.1747,      3.4953,      0.0008,     -0.0305,      3.3688,      0.1381,      5.5484,     11.0968,      1.2205,     28.3380,     56.6760,      0.0191,      0.0027,      0.0156,      0.1981,   7677.5078,-422936.9375,  -1024.3813,    547.5222,  25591.6914,
       1,     168,      31,       9,       1,       3,       1,     10.0000,      1.3947,     42.5145,    247.0553,     62.1747,      3.4953,      0.0648,      0.0334,     15.7633,      0.1408,      5.5484,     11.0968,      1.2442,     28.3380,     56.6760,      0.0191,      0.0027,      0.0722,      0.1981,   7677.5078,-422359.4062,  -1024.3411,    547.5618,  25591.6914,
       1,     168,      31,      10,       1,       3,       1,     10.0000,      1.3947,     42.5145,    247.0553,     62.1747,      3.4953,      0.1580,      0.1259,     46.2866,      0.1589,      5.5484,     11.0968,      1.4039,     28.3380,     56.6760,      0.0191,      0.0028,      0.2040,      0.1981,   7677.5078,-438165.5938,  -1028.4452,    546.4799,  25591.6934,
       1,     168,      31,      11,       1,       3,       1,     10.0000,      1.3947,     42.5145,    247.0553,     62.1747,      3.4953,      0.1853,      0.1526,     53.5785,      0.1770,      5.5484,     11.0968,      1.5639,     28.3380,     56.6760,      0.0191,      0.0027,      0.2432,      0.1981,   7677.5083,-478611.6562,  -1038.8514,    543.7182,  25591.6914,
       1,     168,      31,      12,       1,       3,       1,     10.0000,      1.3947,     42.5145,    247.0553,     62.1747,      3.4953,      0.1906,      0.1574,     63.8031,      0.1937,      5.5484,     11.0968,      1.7117,     28.3380,     56.6760,      0.0191,      0.0031,      0.2500,      0.1981,   7677.5078,-491504.4688,  -1042.4862,    542.8488,  25591.6914,
       1,     168,      31,      13,       1,       3,       1,     10.0000,      1.3947,     42.5145,    247.0553,     62.1747,      3.4953,      0.1909,      0.1573,     69.6641,      0.2102,      5.5484,     11.0968,      1.8578,     28.3380,     56.6760,      0.0191,      0.0034,      0.2500,      0.1980,   7677.5078,-505717.8750,  -1046.5382,    541.8851,  25591.6895,
       1,     168,      31,      14,       1,       3,       1,     10.0000,      1.3947,     42.5145,    247.0553,     62.1747,      3.4953,      0.1914,      0.1577,     76.4135,      0.2129,      5.5484,     11.0968,      1.8817,     28.3380,     56.6760,      0.0191,      0.0038,      0.2500,      0.1980,   7677.5073,-514468.0000,  -1049.2659,    541.2932,  25591.6914,
       1,     168,      31,      15,       1,       3,       1,     10.0000,      1.3947,     42.5145,    247.0553,     62.1747,      3.4953,      0.1937,      0.1601,    105.5285,      0.2094,      5.5484,     11.0968,      1.8505,     28.3380,     56.6760,      0.0191,      0.0052,      0.2500,      0.1980,   7677.5078,-523877.9062,  -1052.1455,    540.6568,  25591.6895,
       1,     168,      31,      16,       1,       3,       1,     10.0000,      1.3947,     42.5145,    247.0553,     62.1747,      3.4953,      0.1953,      0.1617,    125.0804,      0.2061,      5.5484,     11.0968,      1.8215,     28.3380,     56.6760,      0.0191,      0.0062,      0.2500,      0.1980,   7677.5073,-562006.6875,  -1062.3656,    538.0805,  25591.6875,
       1,     168,      31,      17,       1,       3,       1,     10.0000,      1.3947,     42.5145,    247.0553,     62.1747,      3.4953,      0.1896,      0.1562,    139.4789,      0.2015,      5.5484,     11.0968,      1.7807,     28.3380,     56.6760,      0.0191,      0.0072,      0.2400,      0.1980,   7677.5063,-590420.2500,  -1070.2410,    536.1754,  25591.6855,
       1,     168,      31,      18,       1,       3,       1,     10.0000,      1.3947,     42.5145,    247.0553,     62.1747,      3.4953,      0.1738,      0.1407,    132.6271,      0.1897,      5.5484,     11.0968,      1.6765,     28.3380,     56.6760,      0.0191,      0.0075,      0.2174,      0.1979,   7677.5059,-611372.5625,  -1076.3081,    534.7745,  25591.6855,
       1,     168,      31,      19,       1,       3,       1,     10.0000,      1.3947,     42.5145,    247.0553,     62.1747,      3.4953,      0.1244,      0.0917,     89.1237,      0.1786,      5.5484,     11.0968,      1.5779,     28.3380,     56.6760,      0.0191,      0.0073,      0.1500,      0.1979,   7677.5059,-604409.4375,  -1075.2504,    535.2419,  25591.6816,
       1,     168,      31,      20,       1,       3,       1,     10.0000,      1.3947,     42.5145,    247.0553,     62.1747,      3.4953,      0.0119,     -0.0203,      8.8219,      0.1624,      5.5484,     11.0968,      1.4352,     28.3380,     56.6760,      0.0191,      0.0070,      0.0156,      0.1979,   7677.5049,-547979.5625,  -1061.3296,    539.0175,  25591.6836,
       1,     168,      31,      21,       1,       3,       1,     10.0000,      1.3947,     42.5145,    247.0553,     62.1747,      3.4953,      0.0000,     -0.0318,      8.6016,      0.1532,      5.5484,     11.0968,      1.3541,     28.3380,     56.6760,      0.0191,      0.0068,      0.0156,      0.1980,   7677.5054,-440169.7188,  -1033.7577,    546.2947,  25591.6836,
       1,     168,      31,      22,       1,       3,       1,     10.0000,      1.3947,     42.5145,    247.0553,     62.1747,      3.4953,      0.0000,     -0.0318,      8.0905,      0.1513,      5.5484,     11.0968,      1.3365,     28.3380,     56.6760,      0.0191,      0.0064,      0.0156,      0.1981,   7677.5054,-430626.1562,  -1031.2338,    546.9958,  25591.6836,
       1,     168,      31,      23,       1,       3,       1,     10.0000,      1.3947,     42.5145,    247.0553,     62.1747,      3.4953,      0.0000,     -0.0317,      7.4091,      0.1482,      5.5484,     11.0968,      1.3099,     28.3380,     56.6760,      0.0191,      0.0059,      0.0156,      0.1981,   7677.5054,-429075.2188,  -1030.7585,    547.1024,  25591.6836,
       1,     168,      31,      24,       1,       3,       1,     10.0000,      1.3947,     42.5145,    247.0553,     62.1747,      3.4953,      0.0000,     -0.0314,      6.4495,      0.1415,      5.5484,     11.0968,      1.2505,     28.3380,     56.6760,      0.0191,      0.0051,      0.0156,      0.1981,   7677.5054,-428066.9062,  -1030.4233,    547.1713,  25591.6836,
       1,     168,      32,       1,       1,       3,       1,     10.0000,      1.3947,     42.5148,    247.0611,     62.1761,      3.4953,      0.0000,     -0.0313,      4.9295,      0.1384,      5.5484,     11.0968,      1.2230,     28.3449,     56.6898,      0.0191,      0.0039,      0.0156,      0.1981,   7677.5054,-426905.0625,  -1030.4360,    547.2635,  25592.8262,
       1,     168,      32,       2,       1,       3,       1,     10.0000,      1.3947,     42.5148,    247.0611,     62.1761,      3.4953,      0.0000,     -0.0311,      4.0112,      0.1339,      5.5484,     11.0968,      1.1828,     28.3449,     56.6898,      0.0191,      0.0032,      0.0156,      0.1981,   7677.8481,-424706.7188,  -1029.4396,    547.4139,  25592.8262,
       1,     168,      32,       3,       1,       3,       1,     10.0000,      1.3947,     42.5148,    247.0611,     62.1761,      3.4953,      0.0000,     -0.0311,      3.8870,      0.1334,      5.5484,     11.0968,      1.1792,     28.3449,     56.6898,      0.0191,      0.0031,      0.0156,      0.1981,   7677.8481,-423339.6250,  -1029.0439,    547.5075,  25592.8262,
       1,     168,      32,       4,       1,       3,       1,     10.0000,      1.3947,     42.5148,    247.0611,     62.1761,      3.4953,      0.0000,     -0.0310,      3.5475,      0.1294,      5.5484,     11.0968,      1.1438,     28.3449,     56.6898,      0.0191,      0.0028,      0.0156,      0.1981,   7677.8481,-423061.1250,  -1028.9276,    547.5266,  25592.8262,
       1,     168,      32,       5,       1,       3,       1,     10.0000,      1.3947,     42.5148,    247.0611,     62.1761,      3.4953,      0.0000,     -0.0309,      2.6486,      0.1268,      5.5484,     11.0968,      1.1208,     28.3449,     56.6898,      0.0191,      0.0021,      0.0156,      0.1981,   7677.8481,-422602.4062,  -1028.7687,    547.5580,  25592.8262,
       1,     168,      32,       6,       1,       3,       1,     10.0000,      1.3947,     42.5148,    247.0611,     62.1761,      3.4953,      0.0000,     -0.0308,      2.2607,      0.1256,      5.5484,     11.0968,      1.1094,     28.3449,     56.6898,      0.0191,      0.0018,      0.0156,      0.1981,   7677.8481,-421412.3125,  -1028.4297,    547.6394,  25592.8262,
       1,     168,      32,       7,       1,       3,       1,     10.0000,      1.3947,     42.5148,    247.0611,     62.1761,      3.4953,      0.0000,     -0.0307,      1.6699,      0.1214,      5.5484,     11.0968,      1.0727,     28.3449,     56.6898,      0.0191,      0.0013,      0.0156,      0.1981,   7677.8481,-420812.0312,  -1028.2485,    547.6805,  25592.8262,
       1,     168,      32,       8,       1,       3,       1,     10.0000,      1.3947,     42.5148,    247.0611,     62.1761,      3.4953,      0.0008,     -0.0299,      1.7726,      0.1233,      5.5484,     11.0968,      1.0893,     28.3449,     56.6898,      0.0191,      0.0014,      0.0156,      0.1981,   7677.8481,-420003.5312,  -1028.0216,    547.7358,  25592.8281,
       1,     168,      32,       9,       1,       3,       1,     10.0000,      1.3947,     42.5148,    247.0611,     62.1761,      3.4953,      0.0663,      0.0356,      8.4021,      0.1238,      5.5484,     11.0968,      1.0937,     28.3449,     56.6898,      0.0191,      0.0014,      0.0758,      0.1981,   7677.8486,-420063.7812,  -1028.0166,    547.7317,  25592.8262,
       1,     168,      32,      10,       1,       3,       1,     10.0000,      1.3947,     42.5148,    247.0611,     62.1761,      3.4953,      0.1583,      0.1264,     25.4849,      0.1528,      5.5484,     11.0968,      1.3501,     28.3449,     56.6898,      0.0191,      0.0015,      0.2069,      0.1981,   7677.8481,-428549.7812,  -1030.1981,    547.1508,  25592.8262,
       1,     168,      32,      11,       1,       3,       1,     10.0000,      1.3947,     42.5148,    247.0611,     62.1761,      3.4953,      0.1861,      0.1536,     39.4583,      0.1735,      5.5484,     11.0968,      1.5331,     28.3449,     56.6898,      0.0191,      0.0020,      0.2460,      0.1981,   7677.8481,-451147.9688,  -1036.0308,    545.6055,  25592.8281,
       1,     168,      32,      12,       1,       3,       1,     10.0000,      1.3947,     42.5148,    247.0611,     62.1761,      3.4953,      0.1890,      0.1561,     43.4241,      0.1873,      5.5484,     11.0968,      1.6550,     28.3449,     56.6898,      0.0191,      0.0021,      0.2500,      0.1981,   7677.8486,-471013.2500,  -1041.1586,    544.2528,  25592.8262,
       1,     168,      32,      13,       1,       3,       1,     10.0000,      1.3947,     42.5148,    247.0611,     62.1761,      3.4953,      0.1890,      0.1557,     43.7754,      0.1988,      5.5484,     11.0968,      1.7563,     28.3449,     56.6898,      0.0191,      0.0022,      0.2500,      0.1981,   7677.8481,-477828.8125,  -1042.9205,    543.7908,  25592.8262,
       1,     168,      32,      14,       1,       3,       1,     10.0000,      1.3947,     42.5148,    247.0611,     62.1761,      3.4953,      0.1886,      0.1550,     40.3105,      0.2086,      5.5484,     11.0968,      1.8432,     28.3449,     56.6898,      0.0191,      0.0020,      0.2500,      0.1981,   7677.8481,-478872.0000,  -1043.1711,    543.7201,  25592.8242,
       1,     168,      32,      15,       1,       3,       1,     10.0000,      1.3947,     42.5148,    247.0611,     62.1761,      3.4953,      0.1917,      0.1582,     79.1782,      0.2047,      5.5484,     11.0968,      1.8091,     28.3449,     56.6898,      0.0191,      0.0039,      0.2500,      0.1981,   7677.8477,-474527.0312,  -1042.0062,    544.0154,  25592.8223,
       1,     168,      32,      16,       1,       3,       1,     10.0000,      1.3947,     42.5148,    247.0611,     62.1761,      3.4953,      0.1899,      0.1566,     98.5285,      0.1986,      5.5484,     11.0968,      1.7546,     28.3449,     56.6898,      0.0191,      0.0050,      0.2450,      0.1981,   7677.8472,-523906.5938,  -1054.8828,    540.6576,  25592.8242,
       1,     168,      32,      17,       1,       3,       1,     10.0000,      1.3947,     42.5148,    247.0611,     62.1761,      3.4953,      0.1811,      0.1479,    107.9351,      0.1954,      5.5484,     11.0968,      1.7270,     28.3449,     56.6898,      0.0191,      0.0058,      0.2311,      0.1980,   7677.8477,-553040.1875,  -1062.6613,    538.6990,  25592.8242,
       1,     168,      32,      18,       1,       3,       1,     10.0000,      1.3947,     42.5148,    247.0611,     62.1761,      3.4953,      0.1528,      0.1198,     97.1792,      0.1866,      5.5484,     11.0968,      1.6485,     28.3449,     56.6898,      0.0191,      0.0063,      0.1906,      0.1980,   7677.8477,-567636.3125,  -1066.7627,    537.7197,  25592.8242,
       1,     168,      32,      19,       1,       3,       1,     10.0000,      1.3947,     42.5148,    247.0611,     62.1761,      3.4953,      0.1323,      0.0995,     90.0478,      0.1814,      5.5484,     11.0968,      1.6033,     28.3449,     56.6898,      0.0191,      0.0069,      0.1615,      0.1980,   7677.8477,-555116.3125,  -1063.8209,    538.5621,  25592.8223,
       1,     168,      32,      20,       1,       3,       1,     10.0000,      1.3947,     42.5148,    247.0611,     62.1761,      3.4953,      0.0120,     -0.0203,      8.2503,      0.1665,      5.5484,     11.0968,      1.4716,     28.3449,     56.6898,      0.0191,      0.0065,      0.0156,      0.1980,   7677.8472,-544884.8750,  -1061.4224,    539.2516,  25592.8184,
       1,     168,      32,      21,       1,       3,       1,     10.0000,      1.3947,     42.5148,    247.0611,     62.1761,      3.4953,      0.0000,     -0.0321,      7.9320,      0.1590,      5.5484,     11.0968,      1.4054,     28.3449,     56.6898,      0.0191,      0.0063,      0.0156,      0.1980,   7677.8457,-439158.1250,  -1033.7710,    546.3787,  25592.8203,
       1,     168,      32,      22,       1,       3,       1,     10.0000,      1.3947,     42.5148,    247.0611,     62.1761,      3.4953,      0.0000,     -0.0318,      7.3793,      0.1517,      5.5484,     11.0968,      1.3406,     28.3449,     56.6898,      0.0191,      0.0058,      0.0156,      0.1981,   7677.8462,-429680.5625,  -1031.1556,    547.0733,  25592.8203,
       1,     168,      32,      23,       1,       3,       1,     10.0000,      1.3947,     42.5148,    247.0611,     62.1761,      3.4953,      0.0000,     -0.0315,      6.7631,      0.1446,      5.5484,     11.0968,      1.2773,     28.3449,     56.6898,      0.0191,      0.0053,      0.0156,      0.1981,   7677.8462,-428084.8125,  -1030.6174,    547.1829,  25592.8203,
       1,     168,      32,      24,       1,       3,       1,     10.0000,      1.3947,     42.5148,    247.0611,     62.1761,      3.4953,      0.0000,     -0.0314,      5.8672,      0.1395,      5.5484,     11.0968,      1.2329,     28.3449,     56.6898,      0.0191,      0.0046,      0.0156,      0.1981,   7677.8462,-427156.3438,  -1030.2650,    547.2463,  25592.8203,
       1,     168,      33,       1,       1,       3,       1,     10.0000,      1.3947,     42.5151,    247.0669,     62.1776,      3.4953,      0.0000,     -0.0312,      4.6796,      0.1341,      5.5489,     11.0978,      1.1852,     28.3511,     56.7022,      0.0191,      0.0037,      0.0156,      0.1982,   7677.8462,-426083.3125,  -1030.2739,    547.3325,  25593.9629,
       1,     168,      33,       2,       1,       3,       1,     10.0000,      1.3947,     42.5151,    247.0669,     62.1776,      3.4953,      0.0000,     -0.0312,      4.1231,      0.1340,      5.5489,     11.0978,      1.1840,     28.3511,     56.7022,      0.0191,      0.0033,      0.0156,      0.1982,   7678.1890,-424318.4062,  -1029.3558,    547.4533,  25593.9629,
       1,     168,      33,       3,       1,       3,       1,     10.0000,      1.3947,     42.5151,    247.0669,     62.1776,      3.4953,      0.0000,     -0.0310,      3.5792,      0.1294,      5.5489,     11.0978,      1.1439,     28.3511,     56.7022,      0.0191,      0.0028,      0.0156,      0.1982,   7678.1890,-423451.9375,  -1029.0668,    547.5126,  25593.9629,
       1,     168,      33,       4,       1,       3,       1,     10.0000,      1.3947,     42.5151,    247.0669,     62.1776,      3.4953,      0.0000,     -0.0308,      3.1019,      0.1247,      5.5489,     11.0978,      1.1016,     28.3511,     56.7022,      0.0191,      0.0025,      0.0156,      0.1982,   7678.1890,-422680.5000,  -1028.8107,    547.5654,  25593.9629,
       1,     168,      33,       5,       1,       3,       1,     10.0000,      1.3947,     42.5151,    247.0669,     62.1776,      3.4953,      0.0000,     -0.0307,      2.9012,      0.1217,      5.5489,     11.0978,      1.0750,     28.3511,     56.7022,      0.0191,      0.0023,      0.0156,      0.1982,   7678.1890,-422002.4688,  -1028.5886,    547.6118,  25593.9629,
       1,     168,      33,       6,       1,       3,       1,     10.0000,      1.3947,     42.5151,    247.0669,     62.1776,      3.4953,      0.0000,     -0.0306,      2.6923,      0.1191,      5.5489,     11.0978,      1.0522,     28.3511,     56.7022,      0.0191,      0.0021,      0.0156,      0.1982,   7678.1890,-421686.3438,  -1028.4644,    547.6335,  25593.9609,
       1,     168,      33,       7,       1,       3,       1,     10.0000,      1.3947,     42.5151,    247.0669,     62.1776,      3.4953,      0.0000,     -0.0305,      2.6874,      0.1181,      5.5489,     11.0978,      1.0436,     28.3511,     56.7022,      0.0191,      0.0021,      0.0156,      0.1982,   7678.1885,-421391.6562,  -1028.3503,    547.6536,  25593.9629,
       1,     168,      33,       8,       1,       3,       1,     10.0000,      1.3947,     42.5151,    247.0669,     62.1776,      3.4953,      0.0010,     -0.0294,      2.1638,      0.1145,      5.5489,     11.0978,      1.0120,     28.3511,     56.7022,      0.0191,      0.0017,      0.0156,      0.1982,   7678.1890,-421359.3750,  -1028.3035,    547.6558,  25593.9629,
       1,     168,      33,       9,       1,       3,       1,     10.0000,      1.3947,     42.5151,    247.0669,     62.1776,      3.4953,      0.0627,      0.0317,      9.1305,      0.1296,      5.5489,     11.0978,      1.1450,     28.3511,     56.7022,      0.0191,      0.0016,      0.0702,      0.1982,   7678.1890,-420686.9062,  -1028.0979,    547.7019,  25593.9629,
       1,     168,      33,      10,       1,       3,       1,     10.0000,      1.3947,     42.5151,    247.0669,     62.1776,      3.4953,      0.1552,      0.1233,     30.4258,      0.1550,      5.5489,     11.0978,      1.3692,     28.3511,     56.7022,      0.0191,      0.0019,      0.2018,      0.1982,   7678.1890,-429538.3750,  -1030.4021,    547.0959,  25593.9629,
       1,     168,      33,      11,       1,       3,       1,     10.0000,      1.3947,     42.5151,    247.0669,     62.1776,      3.4953,      0.1845,      0.1519,     37.7652,      0.1768,      5.5489,     11.0978,      1.5624,     28.3511,     56.7022,      0.0191,      0.0019,      0.2439,      0.1982,   7678.1890,-457554.9688,  -1037.7529,    545.1803,  25593.9629,
       1,     168,      33,      12,       1,       3,       1,     10.0000,      1.3947,     42.5151,    247.0669,     62.1776,      3.4953,      0.1885,      0.1554,     37.7666,      0.1933,      5.5489,     11.0978,      1.7084,     28.3511,     56.7022,      0.0191,      0.0019,      0.2500,      0.1981,   7678.1890,-469407.5625,  -1040.8339,    544.3759,  25593.9648,
       1,     168,      33,      13,       1,       3,       1,     10.0000,      1.3947,     42.5151,    247.0669,     62.1776,      3.4953,      0.1880,      0.1545,     31.2764,      0.2035,      5.5489,     11.0978,      1.7984,     28.3511,     56.7022,      0.0191,      0.0015,      0.2500,      0.1981,   7678.1899,-470442.0000,  -1041.0522,    544.3061,  25593.9629,
       1,     168,      33,      14,       1,       3,       1,     10.0000,      1.3947,     42.5151,    247.0669,     62.1776,      3.4953,      0.1896,      0.1560,     52.1073,      0.2076,      5.5489,     11.0978,      1.8342,     28.3511,     56.7022,      0.0191,      0.0026,      0.2500,      0.1981,   7678.1890,-462224.6250,  -1038.8060,    544.8652,  25593.9629,
       1,     168,      33,      15,       1,       3,       1,     10.0000,      1.3947,     42.5151,    247.0669,     62.1776,      3.4953,      0.1916,      0.1580,     78.0246,      0.2090,      5.5489,     11.0978,      1.8469,     28.3511,     56.7022,      0.0191,      0.0039,      0.2500,      0.1981,   7678.1890,-488167.4062,  -1045.5764,    543.0986,  25593.9629,
       1,     168,      33,      16,       1,       3,       1,     10.0000,      1.3947,     42.5151,    247.0669,     62.1776,      3.4953,      0.1893,      0.1559,     97.3880,      0.2007,      5.5489,     11.0978,      1.7738,     28.3511,     56.7022,      0.0191,      0.0049,      0.2443,      0.1981,   7678.1890,-523623.7188,  -1054.9580,    540.6944,  25593.9609,
       1,     168,      33,      17,       1,       3,       1,     10.0000,      1.3947,     42.5151,    247.0669,     62.1776,      3.4953,      0.1760,      0.1428,    108.7940,      0.1945,      5.5489,     11.0978,      1.7186,     28.3511,     56.7022,      0.0191,      0.0060,      0.2235,      0.1981,   7678.1885,-551535.5625,  -1062.5100,    538.8132,  25593.9609,
       1,     168,      33,      18,       1,       3,       1,     10.0000,      1.3947,     42.5151,    247.0669,     62.1776,      3.4953,      0.1703,      0.1372,    111.8770,      0.1916,      5.5489,     11.0978,      1.6932,     28.3511,     56.7022,      0.0191,      0.0064,      0.2147,      0.1980,   7678.1885,-568591.1250,  -1067.3134,    537.6677,  25593.9590,
       1,     168,      33,      19,       1,       3,       1,     10.0000,      1.3947,     42.5151,    247.0669,     62.1776,      3.4953,      0.1156,      0.0827,     71.3024,      0.1834,      5.5489,     11.0978,      1.6209,     28.3511,     56.7022,      0.0191,      0.0063,      0.1391,      0.1980,   7678.1880,-574030.3125,  -1069.1072,    537.3034,  25593.9570,
       1,     168,      33,      20,       1,       3,       1,     10.0000,      1.3947,     42.5151,    247.0669,     62.1776,      3.4953,      0.0144,     -0.0180,      7.8051,      0.1670,      5.5489,     11.0978,      1.4761,     28.3511,     56.7022,      0.0191,      0.0062,      0.0156,      0.1980,   7678.1875,-522481.0938,  -1055.7520,    540.7657,  25593.9551,
       1,     168,      33,      21,       1,       3,       1,     10.0000,      1.3947,     42.5151,    247.0669,     62.1776,      3.4953,      0.0000,     -0.0321,      7.3369,      0.1603,      5.5489,     11.0978,      1.4167,     28.3511,     56.7022,      0.0191,      0.0058,      0.0156,      0.1981,   7678.1870,-436685.7812,  -1033.0159,    546.5764,  25593.9551,
       1,     168,      33,      22,       1,       3,       1,     10.0000,      1.3947,     42.5151,    247.0669,     62.1776,      3.4953,      0.0000,     -0.0321,      6.7452,      0.1605,      5.5489,     11.0978,      1.4181,     28.3511,     56.7022,      0.0191,      0.0053,      0.0156,      0.1982,   7678.1870,-428685.5938,  -1030.7939,    547.1542,  25593.9570,
       1,     168,      33,      23,       1,       3,       1,     10.0000,      1.3947,     42.5151,    247.0669,     62.1776,      3.4953,      0.0000,     -0.0320,      6.6278,      0.1578,      5.5489,     11.0978,      1.3942,     28.3511,     56.7022,      0.0191,      0.0052,      0.0156,      0.1982,   7678.1875,-427189.1250,  -1030.3071,    547.2569,  25593.9570,
       1,     168,      33,      24,       1,       3,       1,     10.0000,      1.3947,     42.5151,    247.0669,     62.1776,      3.4953,      0.0000,     -0.0318,      5.7627,      0.1516,      5.5489,     11.0978,      1.3393,     28.3511,     56.7022,      0.0191,      0.0046,      0.0156,      0.1982,   7678.1875,-426907.6562,  -1030.1487,    547.2762,  25593.9570,
       1,     168,      34,       1,       1,       3,       1,     10.0000,      1.3947,     42.5155,    247.0727,     62.1790,      3.4953,      0.0000,     -0.0317,      4.3653,      0.1497,      5.5491,     11.0981,      1.3232,     28.3570,     56.7141,      0.0191,      0.0035,      0.0156,      0.1982,   7678.1875,-425930.8750,  -1030.2078,    547.3558,  25595.1016,
       1,     168,      34,       2,       1,       3,       1,     10.0000,      1.3947,     42.5155,    247.0727,     62.1790,      3.4953,      0.0000,     -0.0318,      3.6432,      0.1517,      5.5491,     11.0981,      1.3407,     28.3570,     56.7141,      0.0191,      0.0029,      0.0156,      0.1982,   7678.5308,-423905.8438,  -1029.2294,    547.4944,  25595.0996,
       1,     168,      34,       3,       1,       3,       1,     10.0000,      1.3947,     42.5155,    247.0727,     62.1790,      3.4953,      0.0000,     -0.0317,      3.4365,      0.1482,      5.5491,     11.0981,      1.3100,     28.3570,     56.7141,      0.0191,      0.0027,      0.0156,      0.1982,   7678.5303,-422805.2188,  -1028.8948,    547.5698,  25595.0996,
       1,     168,      34,       4,       1,       3,       1,     10.0000,      1.3947,     42.5155,    247.0727,     62.1790,      3.4953,      0.0000,     -0.0315,      3.1350,      0.1422,      5.5491,     11.0981,      1.2569,     28.3570,     56.7141,      0.0191,      0.0025,      0.0156,      0.1982,   7678.5303,-422444.4062,  -1028.7605,    547.5944,  25595.0996,
       1,     168,      34,       5,       1,       3,       1,     10.0000,      1.3947,     42.5155,    247.0727,     62.1790,      3.4953,      0.0000,     -0.0315,      2.6908,      0.1435,      5.5491,     11.0981,      1.2684,     28.3570,     56.7141,      0.0191,      0.0021,      0.0156,      0.1982,   7678.5303,-422027.3438,  -1028.6156,    547.6230,  25595.0996,
       1,     168,      34,       6,       1,       3,       1,     10.0000,      1.3947,     42.5155,    247.0727,     62.1790,      3.4953,      0.0000,     -0.0314,      3.0577,      0.1410,      5.5491,     11.0981,      1.2455,     28.3570,     56.7141,      0.0191,      0.0024,      0.0156,      0.1982,   7678.5303,-421422.6875,  -1028.4252,    547.6644,  25595.0996,
       1,     168,      34,       7,       1,       3,       1,     10.0000,      1.3947,     42.5155,    247.0727,     62.1790,      3.4953,      0.0000,     -0.0314,      3.0431,      0.1401,      5.5491,     11.0981,      1.2380,     28.3570,     56.7141,      0.0191,      0.0024,      0.0156,      0.1982,   7678.5303,-421839.0312,  -1028.5023,    547.6359,  25595.0996,
       1,     168,      34,       8,       1,       3,       1,     10.0000,      1.3947,     42.5155,    247.0727,     62.1790,      3.4953,      0.0007,     -0.0307,      2.4774,      0.1397,      5.5491,     11.0981,      1.2343,     28.3570,     56.7141,      0.0191,      0.0020,      0.0156,      0.1982,   7678.5303,-421856.8125,  -1028.4734,    547.6346,  25595.0996,
       1,     168,      34,       9,       1,       3,       1,     10.0000,      1.3947,     42.5155,    247.0727,     62.1790,      3.4953,      0.0572,      0.0257,      8.6023,      0.1431,      5.5491,     11.0981,      1.2645,     28.3570,     56.7141,      0.0191,      0.0017,      0.0619,      0.1982,   7678.5303,-421134.9375,  -1028.2537,    547.6840,  25595.0996,
       1,     168,      34,      10,       1,       3,       1,     10.0000,      1.3947,     42.5155,    247.0727,     62.1790,      3.4953,      0.1533,      0.1210,     35.6129,      0.1656,      5.5491,     11.0981,      1.4629,     28.3570,     56.7141,      0.0191,      0.0022,      0.1984,      0.1982,   7678.5303,-428904.6250,  -1030.3031,    547.1521,  25595.0996,
       1,     168,      34,      11,       1,       3,       1,     10.0000,      1.3947,     42.5155,    247.0727,     62.1790,      3.4953,      0.1734,      0.1407,     34.1251,      0.1779,      5.5491,     11.0981,      1.5718,     28.3570,     56.7141,      0.0191,      0.0018,      0.2281,      0.1982,   7678.5303,-464132.4688,  -1039.6704,    544.7430,  25595.0977,
       1,     168,      34,      12,       1,       3,       1,     10.0000,      1.3947,     42.5155,    247.0727,     62.1790,      3.4953,      0.1890,      0.1559,     42.9908,      0.1911,      5.5491,     11.0981,      1.6882,     28.3570,     56.7141,      0.0191,      0.0021,      0.2500,      0.1982,   7678.5298,-465325.2188,  -1039.9777,    544.6671,  25595.0996,
       1,     168,      34,      13,       1,       3,       1,     10.0000,      1.3947,     42.5155,    247.0727,     62.1790,      3.4953,      0.1895,      0.1562,     50.7667,      0.1992,      5.5491,     11.0981,      1.7599,     28.3570,     56.7141,      0.0191,      0.0025,      0.2500,      0.1982,   7678.5303,-476767.9375,  -1043.0002,    543.8881,  25595.0996,
       1,     168,      34,      14,       1,       3,       1,     10.0000,      1.3947,     42.5155,    247.0727,     62.1790,      3.4953,      0.1902,      0.1566,     59.7717,      0.2068,      5.5491,     11.0981,      1.8271,     28.3570,     56.7141,      0.0191,      0.0030,      0.2500,      0.1981,   7678.5303,-487721.4062,  -1045.9124,    543.1440,  25595.0996,
       1,     168,      34,      15,       1,       3,       1,     10.0000,      1.3947,     42.5155,    247.0727,     62.1790,      3.4953,      0.1917,      0.1581,     79.0609,      0.2088,      5.5491,     11.0981,      1.8451,     28.3570,     56.7141,      0.0191,      0.0039,      0.2500,      0.1981,   7678.5303,-500206.0000,  -1049.2653,    542.2969,  25595.1016,
       1,     168,      34,      16,       1,       3,       1,     10.0000,      1.3947,     42.5155,    247.0727,     62.1790,      3.4953,      0.1928,      0.1594,     93.5073,      0.2043,      5.5491,     11.0981,      1.8056,     28.3570,     56.7141,      0.0191,      0.0046,      0.2500,      0.1981,   7678.5308,-525994.5000,  -1056.2332,    540.5494,  25595.0977,
       1,     168,      34,      17,       1,       3,       1,     10.0000,      1.3947,     42.5155,    247.0727,     62.1790,      3.4953,      0.1868,      0.1535,    105.7861,      0.1990,      5.5491,     11.0981,      1.7581,     28.3570,     56.7141,      0.0191,      0.0054,      0.2397,      0.1981,   7678.5298,-546757.0625,  -1061.9791,    539.1492,  25595.0977,
       1,     168,      34,      18,       1,       3,       1,     10.0000,      1.3947,     42.5155,    247.0727,     62.1790,      3.4953,      0.1657,      0.1327,     99.9261,      0.1907,      5.5491,     11.0981,      1.6849,     28.3570,     56.7141,      0.0191,      0.0059,      0.2093,      0.1981,   7678.5298,-564303.1250,  -1066.9667,    537.9686,  25595.0938,
       1,     168,      34,      19,       1,       3,       1,     10.0000,      1.3947,     42.5155,    247.0727,     62.1790,      3.4953,      0.1125,      0.0797,     67.6754,      0.1804,      5.5491,     11.0981,      1.5938,     28.3570,     56.7141,      0.0191,      0.0062,      0.1349,      0.1980,   7678.5283,-558323.4375,  -1065.7286,    538.3719,  25595.0977,
       1,     168,      34,      20,       1,       3,       1,     10.0000,      1.3947,     42.5155,    247.0727,     62.1790,      3.4953,      0.0140,     -0.0184,      7.5276,      0.1686,      5.5491,     11.0981,      1.4894,     28.3570,     56.7141,      0.0191,      0.0060,      0.0156,      0.1980,   7678.5298,-516467.1562,  -1054.8103,    541.1890,  25595.0918,
       1,     168,      34,      21,       1,       3,       1,     10.0000,      1.3947,     42.5155,    247.0727,     62.1790,      3.4953,      0.0000,     -0.0322,      7.3888,      0.1628,      5.5491,     11.0981,      1.4382,     28.3570,     56.7141,      0.0191,      0.0058,      0.0156,      0.1981,   7678.5278,-435811.2500,  -1033.2435,    546.6525,  25595.0938,
       1,     168,      34,      22,       1,       3,       1,     10.0000,      1.3947,     42.5155,    247.0727,     62.1790,      3.4953,      0.0000,     -0.0320,      6.7205,      0.1571,      5.5491,     11.0981,      1.3886,     28.3570,     56.7141,      0.0191,      0.0053,      0.0156,      0.1982,   7678.5283,-428673.2188,  -1031.2573,    547.1680,  25595.0938,
       1,     168,      34,      23,       1,       3,       1,     10.0000,      1.3947,     42.5155,    247.0727,     62.1790,      3.4953,      0.0000,     -0.0319,      6.3771,      0.1548,      5.5491,     11.0981,      1.3679,     28.3570,     56.7141,      0.0191,      0.0050,      0.0156,      0.1982,   7678.5283,-427159.2812,  -1030.7910,    547.2719,  25595.0918,
       1,     168,      34,      24,       1,       3,       1,     10.0000,      1.3947,     42.5155,    247.0727,     62.1790,      3.4953,      0.0000,     -0.0319,      5.4768,      0.1542,      5.5491,     11.0981,      1.3624,     28.3570,     56.7141,      0.0191,      0.0043,      0.0156,      0.1982,   7678.5278,-426587.4062,  -1030.5836,    547.3109,  25595.0918,
       1,     168,      35,       1,       1,       3,       1,     10.0000,      1.3947,     42.5158,    247.0785,     62.1805,      3.4953,      0.0000,     -0.0318,      4.5351,      0.1516,      5.5487,     11.0974,      1.3393,     28.3625,     56.7250,      0.0191,      0.0036,      0.0156,      0.1982,   7678.5278,-425540.1250,  -1030.6475,    547.3953,  25596.2344,
       1,     168,      35,       2,       1,       3,       1,     10.0000,      1.3947,     42.5158,    247.0785,     62.1805,      3.4953,      0.0000,     -0.0318,      4.0313,      0.1502,      5.5487,     11.0974,      1.3273,     28.3625,     56.7250,      0.0191,      0.0032,      0.0156,      0.1982,   7678.8706,-424092.0000,  -1029.8295,    547.4944,  25596.2344,
       1,     168,      35,       3,       1,       3,       1,     10.0000,      1.3947,     42.5158,    247.0785,     62.1805,      3.4953,      0.0000,     -0.0316,      3.6258,      0.1471,      5.5487,     11.0974,      1.2995,     28.3625,     56.7250,      0.0191,      0.0029,      0.0156,      0.1982,   7678.8706,-423320.9688,  -1029.5892,    547.5472,  25596.2344,
       1,     168,      35,       4,       1,       3,       1,     10.0000,      1.3947,     42.5158,    247.0785,     62.1805,      3.4953,      0.0000,     -0.0316,      3.5572,      0.1447,      5.5487,     11.0974,      1.2787,     28.3625,     56.7250,      0.0191,      0.0028,      0.0156,      0.1982,   7678.8706,-422734.9375,  -1029.4031,    547.5873,  25596.2344,
       1,     168,      35,       5,       1,       3,       1,     10.0000,      1.3947,     42.5158,    247.0785,     62.1805,      3.4953,      0.0000,     -0.0316,      3.6079,      0.1454,      5.5487,     11.0974,      1.2852,     28.3625,     56.7250,      0.0191,      0.0029,      0.0156,      0.1982,   7678.8706,-422595.9688,  -1029.3376,    547.5968,  25596.2344,
       1,     168,      35,       6,       1,       3,       1,     10.0000,      1.3947,     42.5158,    247.0785,     62.1805,      3.4953,      0.0000,     -0.0315,      3.3756,      0.1437,      5.5487,     11.0974,      1.2697,     28.3625,     56.7250,      0.0191,      0.0027,      0.0156,      0.1982,   7678.8706,-422648.5938,  -1029.3236,    547.5932,  25596.2344,
       1,     168,      35,       7,       1,       3,       1,     10.0000,      1.3947,     42.5158,    247.0785,     62.1805,      3.4953,      0.0000,     -0.0315,      3.2054,      0.1420,      5.5487,     11.0974,      1.2544,     28.3625,     56.7250,      0.0191,      0.0025,      0.0156,      0.1982,   7678.8706,-422356.0625,  -1029.2191,    547.6132,  25596.2344,
       1,     168,      35,       8,       1,       3,       1,     10.0000,      1.3947,     42.5158,    247.0785,     62.1805,      3.4953,      0.0008,     -0.0307,      3.0561,      0.1414,      5.5487,     11.0974,      1.2493,     28.3625,     56.7250,      0.0191,      0.0024,      0.0156,      0.1982,   7678.8706,-422112.9688,  -1029.1294,    547.6299,  25596.2344,
       1,     168,      35,       9,       1,       3,       1,     10.0000,      1.3947,     42.5158,    247.0785,     62.1805,      3.4953,      0.0621,      0.0306,     12.6964,      0.1441,      5.5487,     11.0974,      1.2735,     28.3625,     56.7250,      0.0191,      0.0023,      0.0685,      0.1982,   7678.8706,-421900.6875,  -1029.0491,    547.6443,  25596.2344,
       1,     168,      35,      10,       1,       3,       1,     10.0000,      1.3947,     42.5158,    247.0785,     62.1805,      3.4953,      0.1550,      0.1227,     45.7234,      0.1642,      5.5487,     11.0974,      1.4512,     28.3625,     56.7250,      0.0191,      0.0028,      0.1997,      0.1982,   7678.8706,-434209.4375,  -1032.3467,    546.8018,  25596.2344,
       1,     168,      35,      11,       1,       3,       1,     10.0000,      1.3947,     42.5158,    247.0785,     62.1805,      3.4953,      0.1816,      0.1489,     59.2199,      0.1789,      5.5487,     11.0974,      1.5812,     28.3625,     56.7250,      0.0191,      0.0031,      0.2372,      0.1982,   7678.8706,-477528.7812,  -1044.0083,    543.8416,  25596.2363,
       1,     168,      35,      12,       1,       3,       1,     10.0000,      1.3947,     42.5158,    247.0785,     62.1805,      3.4953,      0.1906,      0.1576,     63.5458,      0.1894,      5.5487,     11.0974,      1.6733,     28.3625,     56.7250,      0.0191,      0.0031,      0.2500,      0.1982,   7678.8711,-498611.1562,  -1049.7341,    542.4164,  25596.2324,
       1,     168,      35,      13,       1,       3,       1,     10.0000,      1.3947,     42.5158,    247.0785,     62.1805,      3.4953,      0.1906,      0.1572,     64.2664,      0.2005,      5.5487,     11.0974,      1.7721,     28.3625,     56.7250,      0.0191,      0.0032,      0.2500,      0.1981,   7678.8701,-505984.8438,  -1051.8256,    541.9183,  25596.2305,
       1,     168,      35,      14,       1,       3,       1,     10.0000,      1.3947,     42.5158,    247.0785,     62.1805,      3.4953,      0.1906,      0.1569,     64.7461,      0.2103,      5.5487,     11.0974,      1.8579,     28.3625,     56.7250,      0.0191,      0.0032,      0.2500,      0.1981,   7678.8696,-507549.1562,  -1052.3638,    541.8126,  25596.2324,
       1,     168,      35,      15,       1,       3,       1,     10.0000,      1.3947,     42.5158,    247.0785,     62.1805,      3.4953,      0.1925,      0.1589,     89.9663,      0.2092,      5.5487,     11.0974,      1.8488,     28.3625,     56.7250,      0.0191,      0.0044,      0.2500,      0.1981,   7678.8701,-508299.2812,  -1052.6788,    541.7617,  25596.2344,
       1,     168,      35,      16,       1,       3,       1,     10.0000,      1.3947,     42.5158,    247.0785,     62.1805,      3.4953,      0.1946,      0.1609,    116.8569,      0.2125,      5.5487,     11.0974,      1.8782,     28.3625,     56.7250,      0.0191,      0.0058,      0.2500,      0.1981,   7678.8706,-540656.8125,  -1061.5579,    539.5704,  25596.2305,
       1,     168,      35,      17,       1,       3,       1,     10.0000,      1.3947,     42.5158,    247.0785,     62.1805,      3.4953,      0.1887,      0.1552,    125.9561,      0.2037,      5.5487,     11.0974,      1.8003,     28.3625,     56.7250,      0.0191,      0.0065,      0.2402,      0.1981,   7678.8696,-577942.1250,  -1071.9153,    537.0601,  25596.2305,
       1,     168,      35,      18,       1,       3,       1,     10.0000,      1.3947,     42.5158,    247.0785,     62.1805,      3.4953,      0.1712,      0.1379,    119.9523,      0.1988,      5.5487,     11.0974,      1.7564,     28.3625,     56.7250,      0.0191,      0.0069,      0.2152,      0.1980,   7678.8696,-592870.2500,  -1076.3993,    536.0638,  25596.2266,
       1,     168,      35,      19,       1,       3,       1,     10.0000,      1.3947,     42.5158,    247.0785,     62.1805,      3.4953,      0.1147,      0.0819,     82.7611,      0.1820,      5.5487,     11.0974,      1.6082,     28.3625,     56.7250,      0.0191,      0.0075,      0.1366,      0.1980,   7678.8682,-586469.0000,  -1075.1835,    536.4937,  25596.2285,
       1,     168,      35,      20,       1,       3,       1,     10.0000,      1.3947,     42.5158,    247.0785,     62.1805,      3.4953,      0.0099,     -0.0223,      9.3626,      0.1629,      5.5487,     11.0974,      1.4397,     28.3625,     56.7250,      0.0191,      0.0074,      0.0156,      0.1980,   7678.8687,-538227.0625,  -1062.5603,    539.7290,  25596.2266,
       1,     168,      35,      21,       1,       3,       1,     10.0000,      1.3947,     42.5158,    247.0785,     62.1805,      3.4953,      0.0000,     -0.0320,      9.4157,      0.1564,      5.5487,     11.0974,      1.3817,     28.3625,     56.7250,      0.0191,      0.0074,      0.0156,      0.1981,   7678.8682,-440030.5938,  -1036.0873,    546.3638,  25596.2266,
       1,     168,      35,      22,       1,       3,       1,     10.0000,      1.3947,     42.5158,    247.0785,     62.1805,      3.4953,      0.0000,     -0.0319,      9.2592,      0.1539,      5.5487,     11.0974,      1.3597,     28.3625,     56.7250,      0.0191,      0.0073,      0.0156,      0.1982,   7678.8682,-431653.8438,  -1033.7614,    546.9768,  25596.2266,
       1,     168,      35,      23,       1,       3,       1,     10.0000,      1.3947,     42.5158,    247.0785,     62.1805,      3.4953,      0.0000,     -0.0318,      8.7472,      0.1514,      5.5487,     11.0974,      1.3380,     28.3625,     56.7250,      0.0191,      0.0069,      0.0156,      0.1982,   7678.8682,-430669.6250,  -1033.4427,    547.0445,  25596.2266,
       1,     168,      35,      24,       1,       3,       1,     10.0000,      1.3947,     42.5158,    247.0785,     62.1805,      3.4953,      0.0000,     -0.0317,      6.9763,      0.1493,      5.5487,     11.0974,      1.3193,     28.3625,     56.7250,      0.0191,      0.0055,      0.0156,      0.1982,   7678.8682,-429928.2812,  -1033.1943,    547.0952,  25596.2266,
       1,     168,      36,       1,       1,       3,       1,     10.0000,      1.3948,     42.5161,    247.0843,     62.1819,      3.4953,      0.0000,     -0.0316,      5.1606,      0.1472,      5.5492,     11.0984,      1.3008,     28.3687,     56.7373,      0.0191,      0.0041,      0.0156,      0.1982,   7678.8682,-427753.0312,  -1032.9631,    547.2567,  25597.3711,
       1,     168,      36,       2,       1,       3,       1,     10.0000,      1.3948,     42.5161,    247.0843,     62.1819,      3.4953,      0.0000,     -0.0316,      4.7903,      0.1462,      5.5492,     11.0984,      1.2917,     28.3687,     56.7373,      0.0191,      0.0038,      0.0156,      0.1982,   7679.2114,-425089.0312,  -1031.8169,    547.4390,  25597.3711,
       1,     168,      36,       3,       1,       3,       1,     10.0000,      1.3948,     42.5161,    247.0843,     62.1819,      3.4953,      0.0000,     -0.0315,      4.2457,      0.1420,      5.5492,     11.0984,      1.2544,     28.3687,     56.7373,      0.0191,      0.0034,      0.0156,      0.1982,   7679.2114,-424382.3438,  -1031.6005,    547.4873,  25597.3711,
       1,     168,      36,       4,       1,       3,       1,     10.0000,      1.3948,     42.5161,    247.0843,     62.1819,      3.4953,      0.0000,     -0.0314,      3.8025,      0.1405,      5.5492,     11.0984,      1.2418,     28.3687,     56.7373,      0.0191,      0.0030,      0.0156,      0.1982,   7679.2114,-423624.2500,  -1031.3733,    547.5392,  25597.3711,
       1,     168,      36,       5,       1,       3,       1,     10.0000,      1.3948,     42.5161,    247.0843,     62.1819,      3.4953,      0.0000,     -0.0315,      3.8085,      0.1427,      5.5492,     11.0984,      1.2608,     28.3687,     56.7373,      0.0191,      0.0030,      0.0156,      0.1982,   7679.2114,-422991.1250,  -1031.1829,    547.5826,  25597.3711,
       1,     168,      36,       6,       1,       3,       1,     10.0000,      1.3948,     42.5161,    247.0843,     62.1819,      3.4953,      0.0000,     -0.0313,      3.7783,      0.1387,      5.5492,     11.0984,      1.2256,     28.3687,     56.7373,      0.0191,      0.0030,      0.0156,      0.1982,   7679.2114,-422943.3125,  -1031.1510,    547.5859,  25597.3711,
       1,     168,      36,       7,       1,       3,       1,     10.0000,      1.3948,     42.5161,    247.0843,     62.1819,      3.4953,      0.0000,     -0.0313,      3.7168,      0.1366,      5.5492,     11.0984,      1.2071,     28.3687,     56.7373,      0.0191,      0.0029,      0.0156,      0.1982,   7679.2114,-422900.5938,  -1031.1216,    547.5888,  25597.3711,
       1,     168,      36,       8,       1,       3,       1,     10.0000,      1.3948,     42.5161,    247.0843,     62.1819,      3.4953,      0.0009,     -0.0305,      3.4428,      0.1380,      5.5492,     11.0984,      1.2194,     28.3687,     56.7373,      0.0191,      0.0027,      0.0156,      0.1982,   7679.2114,-422818.2188,  -1031.0817,    547.5944,  25597.3711,
       1,     168,      36,       9,       1,       3,       1,     10.0000,      1.3948,     42.5161,    247.0843,     62.1819,      3.4953,      0.0687,      0.0372,     16.6748,      0.1428,      5.5492,     11.0984,      1.2621,     28.3687,     56.7373,      0.0191,      0.0026,      0.0777,      0.1982,   7679.2114,-422460.7188,  -1030.9681,    547.6190,  25597.3711,
       1,     168,      36,      10,       1,       3,       1,     10.0000,      1.3948,     42.5161,    247.0843,     62.1819,      3.4953,      0.1592,      0.1270,     52.5549,      0.1607,      5.5492,     11.0984,      1.4197,     28.3687,     56.7373,      0.0191,      0.0032,      0.2050,      0.1982,   7679.2114,-439347.3750,  -1035.5586,    546.4629,  25597.3711,
       1,     168,      36,      11,       1,       3,       1,     10.0000,      1.3948,     42.5161,    247.0843,     62.1819,      3.4953,      0.1880,      0.1554,     60.6530,      0.1774,      5.5492,     11.0984,      1.5672,     28.3687,     56.7373,      0.0191,      0.0030,      0.2464,      0.1982,   7679.2114,-486715.9062,  -1048.4707,    543.2286,  25597.3711,
       1,     168,      36,      12,       1,       3,       1,     10.0000,      1.3948,     42.5161,    247.0843,     62.1819,      3.4953,      0.1899,      0.1569,     53.9984,      0.1879,      5.5492,     11.0984,      1.6601,     28.3687,     56.7373,      0.0191,      0.0027,      0.2500,      0.1982,   7679.2114,-501246.0938,  -1052.5135,    542.2515,  25597.3730,
       1,     168,      36,      13,       1,       3,       1,     10.0000,      1.3948,     42.5161,    247.0843,     62.1819,      3.4953,      0.1899,      0.1566,     54.5985,      0.1955,      5.5492,     11.0984,      1.7272,     28.3687,     56.7373,      0.0191,      0.0027,      0.2500,      0.1982,   7679.2124,-493984.8750,  -1050.6609,    542.7445,  25597.3711,
       1,     168,      36,      14,       1,       3,       1,     10.0000,      1.3948,     42.5161,    247.0843,     62.1819,      3.4953,      0.1908,      0.1575,     66.0794,      0.1966,      5.5492,     11.0984,      1.7375,     28.3687,     56.7373,      0.0191,      0.0033,      0.2500,      0.1982,   7679.2114,-494119.8438,  -1050.7963,    542.7355,  25597.3711,
       1,     168,      36,      15,       1,       3,       1,     10.0000,      1.3948,     42.5161,    247.0843,     62.1819,      3.4953,      0.1928,      0.1594,     92.4530,      0.2006,      5.5492,     11.0984,      1.7721,     28.3687,     56.7373,      0.0191,      0.0046,      0.2500,      0.1982,   7679.2114,-508826.6250,  -1054.9115,    541.7379,  25597.3672,
       1,     168,      36,      16,       1,       3,       1,     10.0000,      1.3948,     42.5161,    247.0843,     62.1819,      3.4953,      0.1864,      0.1533,    117.1002,      0.1916,      5.5492,     11.0984,      1.6933,     28.3687,     56.7373,      0.0191,      0.0061,      0.2377,      0.1982,   7679.2104,-543877.7500,  -1064.6499,    539.3652,  25597.3691,
       1,     168,      36,      17,       1,       3,       1,     10.0000,      1.3948,     42.5161,    247.0843,     62.1819,      3.4953,      0.1892,      0.1560,    137.9540,      0.1951,      5.5492,     11.0984,      1.7238,     28.3687,     56.7373,      0.0191,      0.0071,      0.2395,      0.1981,   7679.2109,-578522.0000,  -1074.4432,    537.0347,  25597.3672,
       1,     168,      36,      18,       1,       3,       1,     10.0000,      1.3948,     42.5161,    247.0843,     62.1819,      3.4953,      0.1727,      0.1398,    130.0938,      0.1855,      5.5492,     11.0984,      1.6389,     28.3687,     56.7373,      0.0191,      0.0074,      0.2161,      0.1981,   7679.2104,-608281.6250,  -1083.0649,    535.0419,  25597.3633,
       1,     168,      36,      19,       1,       3,       1,     10.0000,      1.3948,     42.5161,    247.0843,     62.1819,      3.4953,      0.1164,      0.0838,     83.4113,      0.1761,      5.5492,     11.0984,      1.5563,     28.3687,     56.7373,      0.0191,      0.0074,      0.1390,      0.1980,   7679.2095,-600802.6875,  -1081.6344,    535.5458,  25597.3633,
       1,     168,      36,      20,       1,       3,       1,     10.0000,      1.3948,     42.5161,    247.0843,     62.1819,      3.4953,      0.0119,     -0.0203,      9.5278,      0.1654,      5.5492,     11.0984,      1.4615,     28.3687,     56.7373,      0.0191,      0.0075,      0.0156,      0.1980,   7679.2095,-540286.3750,  -1065.5999,    539.5972,  25597.3633,
       1,     168,      36,      21,       1,       3,       1,     10.0000,      1.3948,     42.5161,    247.0843,     62.1819,      3.4953,      0.0000,     -0.0320,      7.9669,      0.1579,      5.5492,     11.0984,      1.3957,     28.3687,     56.7373,      0.0191,      0.0063,      0.0156,      0.1981,   7679.2095,-440427.0938,  -1038.4259,    546.3480,  25597.3633,
       1,     168,      36,      22,       1,       3,       1,     10.0000,      1.3948,     42.5161,    247.0843,     62.1819,      3.4953,      0.0000,     -0.0318,      8.0852,      0.1505,      5.5492,     11.0984,      1.3300,     28.3687,     56.7373,      0.0191,      0.0064,      0.0156,      0.1982,   7679.2095,-429840.1250,  -1035.4962,    547.1135,  25597.3633,
       1,     168,      36,      23,       1,       3,       1,     10.0000,      1.3948,     42.5161,    247.0843,     62.1819,      3.4953,      0.0000,     -0.0316,      7.0210,      0.1463,      5.5492,     11.0984,      1.2930,     28.3687,     56.7373,      0.0191,      0.0056,      0.0156,      0.1982,   7679.2095,-429012.6875,  -1035.2418,    547.1707,  25597.3633,
       1,     168,      36,      24,       1,       3,       1,     10.0000,      1.3948,     42.5161,    247.0843,     62.1819,      3.4953,      0.0000,     -0.0315,      6.9454,      0.1428,      5.5492,     11.0984,      1.2621,     28.3687,     56.7373,      0.0191,      0.0055,      0.0156,      0.1982,   7679.2095,-427578.6875,  -1034.8251,    547.2686,  25597.3633,
       1,     168,      37,       1,       1,       3,       1,     10.0000,      1.3948,     42.5165,    247.0901,     62.1834,      3.4953,      0.0000,     -0.0314,      6.3359,      0.1411,      5.5491,     11.0982,      1.2469,     28.3752,     56.7505,      0.0191,      0.0050,      0.0156,      0.1983,   7679.2095,-427511.2500,  -1035.1854,    547.2861,  25598.5078,
       1,     168,      37,       2,       1,       3,       1,     10.0000,      1.3948,     42.5165,    247.0901,     62.1834,      3.4953,      0.0000,     -0.0314,      6.6224,      0.1404,      5.5491,     11.0982,      1.2406,     28.3752,     56.7505,      0.0191,      0.0052,      0.0156,      0.1983,   7679.5527,-426573.6562,  -1034.5083,    547.3503,  25598.5078,
       1,     168,      37,       3,       1,       3,       1,     10.0000,      1.3948,     42.5165,    247.0901,     62.1834,      3.4953,      0.0000,     -0.0312,      6.2764,      0.1343,      5.5491,     11.0982,      1.1865,     28.3752,     56.7505,      0.0191,      0.0050,      0.0156,      0.1983,   7679.5527,-426857.8750,  -1034.5659,    547.3309,  25598.5078,
       1,     168,      37,       4,       1,       3,       1,     10.0000,      1.3948,     42.5165,    247.0901,     62.1834,      3.4953,      0.0000,     -0.0311,      6.1829,      0.1320,      5.5491,     11.0982,      1.1663,     28.3752,     56.7505,      0.0191,      0.0049,      0.0156,      0.1983,   7679.5527,-426440.3438,  -1034.4327,    547.3594,  25598.5078,
       1,     168,      37,       5,       1,       3,       1,     10.0000,      1.3948,     42.5165,    247.0901,     62.1834,      3.4953,      0.0000,     -0.0312,      5.9334,      0.1346,      5.5491,     11.0982,      1.1890,     28.3752,     56.7505,      0.0191,      0.0047,      0.0156,      0.1983,   7679.5527,-426284.3750,  -1034.3715,    547.3701,  25598.5078,
       1,     168,      37,       6,       1,       3,       1,     10.0000,      1.3948,     42.5165,    247.0901,     62.1834,      3.4953,      0.0000,     -0.0313,      5.7126,      0.1388,      5.5491,     11.0982,      1.2269,     28.3752,     56.7505,      0.0191,      0.0045,      0.0156,      0.1983,   7679.5527,-425951.5625,  -1034.2626,    547.3928,  25598.5078,
       1,     168,      37,       7,       1,       3,       1,     10.0000,      1.3948,     42.5165,    247.0901,     62.1834,      3.4953,      0.0000,     -0.0312,      5.5576,      0.1359,      5.5491,     11.0982,      1.2011,     28.3752,     56.7505,      0.0191,      0.0044,      0.0156,      0.1983,   7679.5527,-425640.3125,  -1034.1611,    547.4141,  25598.5078,
       1,     168,      37,       8,       1,       3,       1,     10.0000,      1.3948,     42.5165,    247.0901,     62.1834,      3.4953,      0.0009,     -0.0303,      4.7231,      0.1331,      5.5491,     11.0982,      1.1758,     28.3752,     56.7505,      0.0191,      0.0037,      0.0156,      0.1983,   7679.5527,-425414.8750,  -1034.0835,    547.4296,  25598.5078,
       1,     168,      37,       9,       1,       3,       1,     10.0000,      1.3948,     42.5165,    247.0901,     62.1834,      3.4953,      0.0711,      0.0399,     23.9992,      0.1372,      5.5491,     11.0982,      1.2121,     28.3752,     56.7505,      0.0191,      0.0037,      0.0806,      0.1983,   7679.5527,-424328.2500,  -1033.7725,    547.5040,  25598.5078,
       1,     168,      37,      10,       1,       3,       1,     10.0000,      1.3948,     42.5165,    247.0901,     62.1834,      3.4953,      0.1600,      0.1280,     67.4824,      0.1576,      5.5491,     11.0982,      1.3929,     28.3752,     56.7505,      0.0191,      0.0041,      0.2046,      0.1983,   7679.5527,-448876.8125,  -1040.5260,    545.8239,  25598.5078,
       1,     168,      37,      11,       1,       3,       1,     10.0000,      1.3948,     42.5165,    247.0901,     62.1834,      3.4953,      0.1884,      0.1559,     88.9158,      0.1733,      5.5491,     11.0982,      1.5317,     28.3752,     56.7505,      0.0191,      0.0045,      0.2437,      0.1982,   7679.5527,-506643.7188,  -1056.4526,    541.8852,  25598.5078,
       1,     168,      37,      12,       1,       3,       1,     10.0000,      1.3948,     42.5165,    247.0901,     62.1834,      3.4953,      0.1921,      0.1593,     82.4332,      0.1833,      5.5491,     11.0982,      1.6195,     28.3752,     56.7505,      0.0191,      0.0041,      0.2500,      0.1982,   7679.5527,-539164.1250,  -1065.5790,    539.6965,  25598.5039,
       1,     168,      37,      13,       1,       3,       1,     10.0000,      1.3948,     42.5165,    247.0901,     62.1834,      3.4953,      0.1916,      0.1585,     76.0267,      0.1909,      5.5491,     11.0982,      1.6867,     28.3752,     56.7505,      0.0191,      0.0038,      0.2500,      0.1981,   7679.5513,-533692.6250,  -1064.3752,    540.0701,  25598.5039,
       1,     168,      37,      14,       1,       3,       1,     10.0000,      1.3948,     42.5165,    247.0901,     62.1834,      3.4953,      0.1922,      0.1590,     84.2554,      0.1957,      5.5491,     11.0982,      1.7289,     28.3752,     56.7505,      0.0191,      0.0042,      0.2500,      0.1982,   7679.5513,-525006.1875,  -1062.2594,    540.6566,  25598.5059,
       1,     168,      37,      15,       1,       3,       1,     10.0000,      1.3948,     42.5165,    247.0901,     62.1834,      3.4953,      0.1940,      0.1607,    107.5670,      0.1980,      5.5491,     11.0982,      1.7496,     28.3752,     56.7505,      0.0191,      0.0053,      0.2500,      0.1982,   7679.5522,-534786.5625,  -1065.2035,    539.9960,  25598.5020,
       1,     168,      37,      16,       1,       3,       1,     10.0000,      1.3948,     42.5165,    247.0901,     62.1834,      3.4953,      0.1963,      0.1632,    136.8529,      0.1916,      5.5491,     11.0982,      1.6934,     28.3752,     56.7505,      0.0191,      0.0068,      0.2500,      0.1982,   7679.5508,-565494.5625,  -1073.9786,    537.9236,  25598.5020,
       1,     168,      37,      17,       1,       3,       1,     10.0000,      1.3948,     42.5165,    247.0901,     62.1834,      3.4953,      0.1629,      0.1304,    113.6340,      0.1715,      5.5491,     11.0982,      1.5150,     28.3752,     56.7505,      0.0191,      0.0069,      0.2035,      0.1981,   7679.5508,-605707.8750,  -1085.5338,    535.2235,  25598.5020,
       1,     168,      37,      18,       1,       3,       1,     10.0000,      1.3948,     42.5165,    247.0901,     62.1834,      3.4953,      0.1621,      0.1295,    120.1292,      0.1768,      5.5491,     11.0982,      1.5625,     28.3752,     56.7505,      0.0191,      0.0073,      0.2017,      0.1980,   7679.5508,-579459.2500,  -1078.8782,    536.9864,  25598.4980,
       1,     168,      37,      19,       1,       3,       1,     10.0000,      1.3948,     42.5165,    247.0901,     62.1834,      3.4953,      0.0954,      0.0630,     64.3069,      0.1692,      5.5491,     11.0982,      1.4955,     28.3752,     56.7505,      0.0191,      0.0072,      0.1106,      0.1981,   7679.5498,-585498.1250,  -1081.0696,    536.5840,  25598.5000,
       1,     168,      37,      20,       1,       3,       1,     10.0000,      1.3948,     42.5165,    247.0901,     62.1834,      3.4953,      0.0174,     -0.0148,      2.2653,      0.1615,      5.5491,     11.0982,      1.4268,     28.3752,     56.7505,      0.0191,      0.0071,      0.0039,      0.1981,   7679.5503,-514469.1562,  -1061.8475,    541.3483,  25598.4980,
       1,     168,      37,      21,       1,       3,       1,     10.0000,      1.3948,     42.5165,    247.0901,     62.1834,      3.4953,      0.0000,     -0.0320,      8.2192,      0.1567,      5.5491,     11.0982,      1.3846,     28.3752,     56.7505,      0.0191,      0.0065,      0.0156,      0.1982,   7679.5498,-428926.6250,  -1038.2402,    547.1581,  25598.4980,
       1,     168,      37,      22,       1,       3,       1,     10.0000,      1.3948,     42.5165,    247.0901,     62.1834,      3.4953,      0.0000,     -0.0319,      6.8169,      0.1550,      5.5491,     11.0982,      1.3693,     28.3752,     56.7505,      0.0191,      0.0054,      0.0156,      0.1983,   7679.5498,-429146.2812,  -1038.2883,    547.1743,  25598.4980,
       1,     168,      37,      23,       1,       3,       1,     10.0000,      1.3948,     42.5165,    247.0901,     62.1834,      3.4953,      0.0000,     -0.0319,      7.1905,      0.1531,      5.5491,     11.0982,      1.3529,     28.3752,     56.7505,      0.0191,      0.0057,      0.0156,      0.1983,   7679.5498,-427332.7188,  -1037.7734,    547.2983,  25598.4961,
       1,     168,      37,      24,       1,       3,       1,     10.0000,      1.3948,     42.5165,    247.0901,     62.1834,      3.4953,      0.0000,     -0.0318,      6.7834,      0.1519,      5.5491,     11.0982,      1.3421,     28.3752,     56.7505,      0.0191,      0.0054,      0.0156,      0.1983,   7679.5493,-427651.8438,  -1037.8507,    547.2765,  25598.4961,
       1,     168,      38,       1,       1,       3,       1,     10.0000,      1.3948,     42.5168,    247.0959,     62.1848,      3.4953,      0.0000,     -0.0318,      6.1009,      0.1517,      5.5492,     11.0983,      1.3408,     28.3810,     56.7621,      0.0191,      0.0048,      0.0156,      0.1983,   7679.5493,-427313.7188,  -1038.1515,    547.3124,  25599.6426,
       1,     168,      38,       2,       1,       3,       1,     10.0000,      1.3948,     42.5168,    247.0959,     62.1848,      3.4953,      0.0000,     -0.0317,      5.6581,      0.1487,      5.5492,     11.0983,      1.3141,     28.3810,     56.7621,      0.0191,      0.0045,      0.0156,      0.1983,   7679.8931,-426258.9375,  -1037.4448,    547.3845,  25599.6426,
       1,     168,      38,       3,       1,       3,       1,     10.0000,      1.3948,     42.5168,    247.0959,     62.1848,      3.4953,      0.0000,     -0.0317,      6.4140,      0.1477,      5.5492,     11.0983,      1.3048,     28.3810,     56.7621,      0.0191,      0.0051,      0.0156,      0.1983,   7679.8931,-425600.8125,  -1037.2534,    547.4296,  25599.6426,
       1,     168,      38,       4,       1,       3,       1,     10.0000,      1.3948,     42.5168,    247.0959,     62.1848,      3.4953,      0.0000,     -0.0317,      6.2851,      0.1483,      5.5492,     11.0983,      1.3101,     28.3810,     56.7621,      0.0191,      0.0050,      0.0156,      0.1983,   7679.8931,-426509.5312,  -1037.4961,    547.3674,  25599.6426,
       1,     168,      38,       5,       1,       3,       1,     10.0000,      1.3948,     42.5168,    247.0959,     62.1848,      3.4953,      0.0000,     -0.0316,      5.9190,      0.1465,      5.5492,     11.0983,      1.2944,     28.3810,     56.7621,      0.0191,      0.0047,      0.0156,      0.1983,   7679.8931,-426424.1875,  -1037.4635,    547.3732,  25599.6426,
       1,     168,      38,       6,       1,       3,       1,     10.0000,      1.3948,     42.5168,    247.0959,     62.1848,      3.4953,      0.0000,     -0.0316,      6.2565,      0.1465,      5.5492,     11.0983,      1.2944,     28.3810,     56.7621,      0.0191,      0.0049,      0.0156,      0.1983,   7679.8931,-425948.7500,  -1037.3229,    547.4058,  25599.6426,
       1,     168,      38,       7,       1,       3,       1,     10.0000,      1.3948,     42.5168,    247.0959,     62.1848,      3.4953,      0.0000,     -0.0316,      6.0089,      0.1456,      5.5492,     11.0983,      1.2865,     28.3810,     56.7621,      0.0191,      0.0048,      0.0156,      0.1983,   7679.8931,-426338.5625,  -1037.4221,    547.3790,  25599.6426,
       1,     168,      38,       8,       1,       3,       1,     10.0000,      1.3948,     42.5168,    247.0959,     62.1848,      3.4953,      0.0009,     -0.0306,      6.3653,      0.1423,      5.5492,     11.0983,      1.2570,     28.3810,     56.7621,      0.0191,      0.0050,      0.0156,      0.1983,   7679.8931,-426056.2500,  -1037.3356,    547.3984,  25599.6426,
       1,     168,      38,       9,       1,       3,       1,     10.0000,      1.3948,     42.5168,    247.0959,     62.1848,      3.4953,      0.0690,      0.0374,     30.3221,      0.1454,      5.5492,     11.0983,      1.2852,     28.3810,     56.7621,      0.0191,      0.0049,      0.0765,      0.1983,   7679.8931,-426487.0625,  -1037.4467,    547.3690,  25599.6426,
       1,     168,      38,      10,       1,       3,       1,     10.0000,      1.3948,     42.5168,    247.0959,     62.1848,      3.4953,      0.1474,      0.1153,     68.3886,      0.1594,      5.5492,     11.0983,      1.4084,     28.3810,     56.7621,      0.0191,      0.0045,      0.1860,      0.1983,   7679.8931,-457149.8750,  -1045.9841,    545.2709,  25599.6406,
       1,     168,      38,      11,       1,       3,       1,     10.0000,      1.3948,     42.5168,    247.0959,     62.1848,      3.4953,      0.1871,      0.1546,     86.3318,      0.1715,      5.5492,     11.0983,      1.5150,     28.3810,     56.7621,      0.0191,      0.0044,      0.2420,      0.1983,   7679.8926,-508527.6875,  -1060.3291,    541.7731,  25599.6406,
       1,     168,      38,      12,       1,       3,       1,     10.0000,      1.3948,     42.5168,    247.0959,     62.1848,      3.4953,      0.1935,      0.1607,    100.0280,      0.1820,      5.5492,     11.0983,      1.6083,     28.3810,     56.7621,      0.0191,      0.0049,      0.2500,      0.1982,   7679.8926,-536007.9375,  -1068.1636,    539.9233,  25599.6426,
       1,     168,      38,      13,       1,       3,       1,     10.0000,      1.3948,     42.5168,    247.0959,     62.1848,      3.4953,      0.1933,      0.1603,     97.2520,      0.1881,      5.5492,     11.0983,      1.6619,     28.3810,     56.7621,      0.0191,      0.0048,      0.2500,      0.1982,   7679.8931,-555937.0000,  -1074.0175,    538.5814,  25599.6406,
       1,     168,      38,      14,       1,       3,       1,     10.0000,      1.3948,     42.5168,    247.0959,     62.1848,      3.4953,      0.1939,      0.1609,    105.4139,      0.1892,      5.5492,     11.0983,      1.6718,     28.3810,     56.7621,      0.0191,      0.0052,      0.2500,      0.1981,   7679.8926,-554118.9375,  -1073.8976,    538.7055,  25599.6406,
       1,     168,      38,      15,       1,       3,       1,     10.0000,      1.3948,     42.5168,    247.0959,     62.1848,      3.4953,      0.1948,      0.1617,    117.4141,      0.1916,      5.5492,     11.0983,      1.6934,     28.3810,     56.7621,      0.0191,      0.0058,      0.2500,      0.1982,   7679.8926,-564413.1875,  -1077.1573,    538.0123,  25599.6387,
       1,     168,      38,      16,       1,       3,       1,     10.0000,      1.3948,     42.5168,    247.0959,     62.1848,      3.4953,      0.1961,      0.1631,    133.8393,      0.1896,      5.5492,     11.0983,      1.6751,     28.3810,     56.7621,      0.0191,      0.0066,      0.2500,      0.1981,   7679.8921,-580685.8750,  -1082.1410,    536.9185,  25599.6348,
       1,     168,      38,      17,       1,       3,       1,     10.0000,      1.3948,     42.5168,    247.0959,     62.1848,      3.4953,      0.1920,      0.1590,    152.6617,      0.1857,      5.5492,     11.0983,      1.6406,     28.3810,     56.7621,      0.0191,      0.0078,      0.2418,      0.1981,   7679.8906,-603156.2500,  -1088.9447,    535.4114,  25599.6367,
       1,     168,      38,      18,       1,       3,       1,     10.0000,      1.3948,     42.5168,    247.0959,     62.1848,      3.4953,      0.1755,      0.1427,    151.2953,      0.1809,      5.5492,     11.0983,      1.5987,     28.3810,     56.7621,      0.0191,      0.0086,      0.2178,      0.1981,   7679.8911,-629251.5625,  -1096.8834,    533.6671,  25599.6348,
       1,     168,      38,      19,       1,       3,       1,     10.0000,      1.3948,     42.5168,    247.0959,     62.1848,      3.4953,      0.1305,      0.0981,     99.9003,      0.1691,      5.5492,     11.0983,      1.4940,     28.3810,     56.7621,      0.0191,      0.0078,      0.1578,      0.1980,   7679.8906,-629782.8125,  -1097.7827,    533.6345,  25599.6348,
       1,     168,      38,      20,       1,       3,       1,     10.0000,      1.3948,     42.5168,    247.0959,     62.1848,      3.4953,      0.0199,     -0.0121,      4.3918,      0.1578,      5.5492,     11.0983,      1.3943,     28.3810,     56.7621,      0.0191,      0.0072,      0.0076,      0.1980,   7679.8906,-563903.2500,  -1079.9955,    538.0289,  25599.6348,
       1,     168,      38,      21,       1,       3,       1,     10.0000,      1.3948,     42.5168,    247.0959,     62.1848,      3.4953,      0.0000,     -0.0318,      8.6891,      0.1520,      5.5492,     11.0983,      1.3435,     28.3810,     56.7621,      0.0191,      0.0069,      0.0156,      0.1981,   7679.8906,-435866.6875,  -1044.3241,    546.6580,  25599.6328,
       1,     168,      38,      22,       1,       3,       1,     10.0000,      1.3948,     42.5168,    247.0959,     62.1848,      3.4953,      0.0000,     -0.0319,      8.8717,      0.1533,      5.5492,     11.0983,      1.3543,     28.3810,     56.7621,      0.0191,      0.0070,      0.0156,      0.1983,   7679.8901,-430405.9062,  -1042.7876,    547.1007,  25599.6328,
       1,     168,      38,      23,       1,       3,       1,     10.0000,      1.3948,     42.5168,    247.0959,     62.1848,      3.4953,      0.0000,     -0.0319,      8.9124,      0.1539,      5.5492,     11.0983,      1.3598,     28.3810,     56.7621,      0.0191,      0.0070,      0.0156,      0.1983,   7679.8901,-430073.2188,  -1042.6884,    547.1237,  25599.6328,
       1,     168,      38,      24,       1,       3,       1,     10.0000,      1.3948,     42.5168,    247.0959,     62.1848,      3.4953,      0.0000,     -0.0319,      7.8732,      0.1530,      5.5492,     11.0983,      1.3516,     28.3810,     56.7621,      0.0191,      0.0062,      0.0156,      0.1983,   7679.8901,-430095.8750,  -1042.6895,    547.1221,  25599.6309,
       1,     168,      39,       1,       1,       3,       1,     10.0000,      1.3948,     42.5171,    247.1018,     62.1863,      3.4953,      0.0000,     -0.0319,      6.5195,      0.1531,      5.5496,     11.0992,      1.3530,     28.3886,     56.7772,      0.0191,      0.0052,      0.0156,      0.1983,   7679.8896,-428923.9688,  -1042.7664,    547.2151,  25600.7773,
       1,     168,      39,       2,       1,       3,       1,     10.0000,      1.3948,     42.5171,    247.1018,     62.1863,      3.4953,      0.0000,     -0.0318,      5.9305,      0.1522,      5.5496,     11.0992,      1.3449,     28.3886,     56.7772,      0.0191,      0.0047,      0.0156,      0.1983,   7680.2334,-426938.2500,  -1041.7946,    547.3510,  25600.7773,
       1,     168,      39,       3,       1,       3,       1,     10.0000,      1.3948,     42.5171,    247.1018,     62.1863,      3.4953,      0.0000,     -0.0318,      6.0881,      0.1514,      5.5496,     11.0992,      1.3381,     28.3886,     56.7772,      0.0191,      0.0048,      0.0156,      0.1983,   7680.2334,-426011.8750,  -1041.5309,    547.4144,  25600.7773,
       1,     168,      39,       4,       1,       3,       1,     10.0000,      1.3948,     42.5171,    247.1018,     62.1863,      3.4953,      0.0000,     -0.0317,      6.3525,      0.1496,      5.5496,     11.0992,      1.3221,     28.3886,     56.7772,      0.0191,      0.0050,      0.0156,      0.1983,   7680.2334,-426132.1250,  -1041.5619,    547.4061,  25600.7773,
       1,     168,      39,       5,       1,       3,       1,     10.0000,      1.3948,     42.5171,    247.1018,     62.1863,      3.4953,      0.0000,     -0.0311,      5.9619,      0.1323,      5.5496,     11.0992,      1.1687,     28.3886,     56.7772,      0.0191,      0.0047,      0.0156,      0.1983,   7680.2334,-426480.6875,  -1041.6570,    547.3823,  25600.7773,
       1,     168,      39,       6,       1,       3,       1,     10.0000,      1.3948,     42.5171,    247.1018,     62.1863,      3.4953,      0.0000,     -0.0308,      5.8404,      0.1237,      5.5496,     11.0992,      1.0928,     28.3886,     56.7772,      0.0191,      0.0046,      0.0156,      0.1983,   7680.2334,-426011.7812,  -1043.6748,    547.4144,  25600.7773,
       1,     168,      39,       7,       1,       3,       1,     10.0000,      1.3948,     42.5171,    247.1018,     62.1863,      3.4953,      0.0000,     -0.0312,      5.5658,      0.1343,      5.5496,     11.0992,      1.1866,     28.3886,     56.7772,      0.0191,      0.0044,      0.0156,      0.1983,   7680.2334,-425815.6250,  -1043.5914,    547.4277,  25600.7773,
       1,     168,      39,       8,       1,       3,       1,     10.0000,      1.3948,     42.5171,    247.1018,     62.1863,      3.4953,      0.0002,     -0.0311,      5.1072,      0.1394,      5.5496,     11.0992,      1.2319,     28.3886,     56.7772,      0.0191,      0.0040,      0.0156,      0.1983,   7680.2334,-425447.4688,  -1043.4617,    547.4529,  25600.7773,
       1,     168,      39,       9,       1,       3,       1,     10.0000,      1.3948,     42.5171,    247.1018,     62.1863,      3.4953,      0.0177,     -0.0139,      1.5683,      0.1446,      5.5496,     11.0992,      1.2775,     28.3886,     56.7772,      0.0191,      0.0037,      0.0052,      0.1983,   7680.2334,-424829.0312,  -1043.6904,    547.4953,  25600.7773,
       1,     168,      39,      10,       1,       3,       1,     10.0000,      1.3948,     42.5171,    247.1018,     62.1863,      3.4953,      0.1331,      0.1015,     30.2861,      0.1466,      5.5496,     11.0992,      1.2957,     28.3886,     56.7772,      0.0191,      0.0022,      0.1697,      0.1983,   7680.2334,-420251.5938,  -1042.8304,    547.8085,  25600.7754,
       1,     168,      39,      11,       1,       3,       1,     10.0000,      1.3948,     42.5171,    247.1018,     62.1863,      3.4953,      0.1604,      0.1282,     23.1413,      0.1628,      5.5496,     11.0992,      1.4384,     28.3886,     56.7772,      0.0191,      0.0014,      0.2103,      0.1983,   7680.2329,-456555.1250,  -1053.0437,    545.3227,  25600.7754,
       1,     168,      39,      12,       1,       3,       1,     10.0000,      1.3948,     42.5171,    247.1018,     62.1863,      3.4953,      0.1506,      0.1183,     35.7456,      0.1639,      5.5496,     11.0992,      1.4485,     28.3886,     56.7772,      0.0191,      0.0023,      0.1944,      0.1983,   7680.2329,-450610.2188,  -1051.3798,    545.7336,  25600.7754,
       1,     168,      39,      13,       1,       3,       1,     10.0000,      1.3948,     42.5171,    247.1018,     62.1863,      3.4953,      0.1441,      0.1124,     35.2903,      0.1483,      5.5496,     11.0992,      1.3101,     28.3886,     56.7772,      0.0191,      0.0024,      0.1850,      0.1983,   7680.2329,-466200.5000,  -1056.7739,    544.6702,  25600.7734,
       1,     168,      39,      14,       1,       3,       1,     10.0000,      1.3948,     42.5171,    247.1018,     62.1863,      3.4953,      0.1644,      0.1325,     44.7310,      0.1545,      5.5496,     11.0992,      1.3653,     28.3886,     56.7772,      0.0191,      0.0026,      0.2135,      0.1983,   7680.2324,-466983.0938,  -1057.0175,    544.6180,  25600.7715,
       1,     168,      39,      15,       1,       3,       1,     10.0000,      1.3948,     42.5171,    247.1018,     62.1863,      3.4953,      0.1276,      0.0956,     28.1883,      0.1548,      5.5496,     11.0992,      1.3680,     28.3886,     56.7772,      0.0191,      0.0021,      0.1618,      0.1983,   7680.2319,-479124.5938,  -1060.4554,    543.7914,  25600.7734,
       1,     168,      39,      16,       1,       3,       1,     10.0000,      1.3948,     42.5171,    247.1018,     62.1863,      3.4953,      0.1772,      0.1449,     63.2512,      0.1656,      5.5496,     11.0992,      1.4630,     28.3886,     56.7772,      0.0191,      0.0034,      0.2301,      0.1983,   7680.2324,-459024.2812,  -1054.8391,    545.1584,  25600.7734,
       1,     168,      39,      17,       1,       3,       1,     10.0000,      1.3948,     42.5171,    247.1018,     62.1863,      3.4953,      0.1379,      0.1056,     47.9945,      0.1652,      5.5496,     11.0992,      1.4601,     28.3886,     56.7772,      0.0191,      0.0034,      0.1745,      0.1983,   7680.2324,-502113.6250,  -1066.9806,    542.2238,  25600.7715,
       1,     168,      39,      18,       1,       3,       1,     10.0000,      1.3948,     42.5171,    247.1018,     62.1863,      3.4953,      0.0965,      0.0642,     17.4690,      0.1647,      5.5496,     11.0992,      1.4557,     28.3886,     56.7772,      0.0191,      0.0018,      0.1176,      0.1982,   7680.2319,-486372.8438,  -1062.6658,    543.2985,  25600.7715,
       1,     168,      39,      19,       1,       3,       1,     10.0000,      1.3948,     42.5171,    247.1018,     62.1863,      3.4953,      0.0845,      0.0523,     14.3083,      0.1623,      5.5496,     11.0992,      1.4341,     28.3886,     56.7772,      0.0191,      0.0018,      0.1005,      0.1983,   7680.2319,-445941.0625,  -1051.3419,    546.0455,  25600.7715,
       1,     168,      39,      20,       1,       3,       1,     10.0000,      1.3948,     42.5171,    247.1018,     62.1863,      3.4953,      0.0177,     -0.0143,      0.6709,      0.1559,      5.5496,     11.0992,      1.3777,     28.3886,     56.7772,      0.0191,      0.0017,      0.0048,      0.1983,   7680.2319,-438391.4688,  -1049.2140,    546.5677,  25600.7715,
       1,     168,      39,      21,       1,       3,       1,     10.0000,      1.3948,     42.5171,    247.1018,     62.1863,      3.4953,      0.0000,     -0.0317,      2.9472,      0.1493,      5.5496,     11.0992,      1.3194,     28.3886,     56.7772,      0.0191,      0.0023,      0.0156,      0.1983,   7680.2319,-420289.2500,  -1044.0986,    547.8046,  25600.7715,
       1,     168,      39,      22,       1,       3,       1,     10.0000,      1.3948,     42.5171,    247.1018,     62.1863,      3.4953,      0.0000,     -0.0317,      3.1335,      0.1477,      5.5496,     11.0992,      1.3049,     28.3886,     56.7772,      0.0191,      0.0025,      0.0156,      0.1983,   7680.2319,-421619.2500,  -1044.4532,    547.7150,  25600.7715,
       1,     168,      39,      23,       1,       3,       1,     10.0000,      1.3948,     42.5171,    247.1018,     62.1863,      3.4953,      0.0000,     -0.0316,      3.5461,      0.1465,      5.5496,     11.0992,      1.2944,     28.3886,     56.7772,      0.0191,      0.0028,      0.0156,      0.1983,   7680.2319,-421971.9688,  -1044.5310,    547.6909,  25600.7715,
       1,     168,      39,      24,       1,       3,       1,     10.0000,      1.3948,     42.5171,    247.1018,     62.1863,      3.4953,      0.0000,     -0.0318,      3.2669,      0.1502,      5.5496,     11.0992,      1.3274,     28.3886,     56.7772,      0.0191,      0.0026,      0.0156,      0.1983,   7680.2319,-422530.2188,  -1044.6646,    547.6526,  25600.7715,
       1,     168,      40,       1,       1,       3,       1,     10.0000,      1.3949,     42.5175,    247.1076,     62.1878,      3.4953,      0.0000,     -0.0320,      2.8061,      0.1561,      5.5505,     11.1009,      1.3791,     28.3843,     56.7686,      0.0191,      0.0022,      0.0156,      0.1983,   7680.2319,-422377.6562,  -1045.0121,    547.6760,  25601.9180,
       1,     168,      40,       2,       1,       3,       1,     10.0000,      1.3949,     42.5175,    247.1076,     62.1878,      3.4953,      0.0000,     -0.0319,      2.1563,      0.1551,      5.5505,     11.1009,      1.3708,     28.3843,     56.7686,      0.0191,      0.0017,      0.0156,      0.1983,   7680.5757,-421622.8438,  -1044.3704,    547.7277,  25601.9180,
       1,     168,      40,       3,       1,       3,       1,     10.0000,      1.3949,     42.5175,    247.1076,     62.1878,      3.4953,      0.0000,     -0.0319,      1.8791,      0.1540,      5.5505,     11.1009,      1.3612,     28.3843,     56.7686,      0.0191,      0.0015,      0.0156,      0.1983,   7680.5757,-420726.2500,  -1044.1046,    547.7891,  25601.9180,
       1,     168,      40,       4,       1,       3,       1,     10.0000,      1.3949,     42.5175,    247.1076,     62.1878,      3.4953,      0.0000,     -0.0318,      1.7326,      0.1516,      5.5505,     11.1009,      1.3395,     28.3843,     56.7686,      0.0191,      0.0014,      0.0156,      0.1983,   7680.5757,-420293.5312,  -1043.9714,    547.8187,  25601.9180,
       1,     168,      40,       5,       1,       3,       1,     10.0000,      1.3949,     42.5175,    247.1076,     62.1878,      3.4953,      0.0000,     -0.0318,      1.7203,      0.1520,      5.5505,     11.1009,      1.3435,     28.3843,     56.7686,      0.0191,      0.0014,      0.0156,      0.1983,   7680.5757,-420068.4375,  -1043.8979,    547.8341,  25601.9180,
       1,     168,      40,       6,       1,       3,       1,     10.0000,      1.3949,     42.5175,    247.1076,     62.1878,      3.4953,      0.0000,     -0.0318,      3.0534,      0.1524,      5.5505,     11.1009,      1.3462,     28.3843,     56.7686,      0.0191,      0.0024,      0.0156,      0.1983,   7680.5757,-420032.9688,  -1043.8779,    547.8365,  25601.9180,
       1,     168,      40,       7,       1,       3,       1,     10.0000,      1.3949,     42.5175,    247.1076,     62.1878,      3.4953,      0.0000,     -0.0318,      3.3988,      0.1524,      5.5505,     11.1009,      1.3462,     28.3843,     56.7686,      0.0191,      0.0027,      0.0156,      0.1983,   7680.5757,-421733.6250,  -1044.3369,    547.7201,  25601.9180,
       1,     168,      40,       8,       1,       3,       1,     10.0000,      1.3949,     42.5175,    247.1076,     62.1878,      3.4953,      0.0010,     -0.0309,      3.5091,      0.1542,      5.5505,     11.1009,      1.3626,     28.3843,     56.7686,      0.0191,      0.0028,      0.0156,      0.1983,   7680.5757,-422323.8125,  -1044.4806,    547.6797,  25601.9180,
       1,     168,      40,       9,       1,       3,       1,     10.0000,      1.3949,     42.5175,    247.1076,     62.1878,      3.4953,      0.0521,      0.0200,     11.3210,      0.1597,      5.5505,     11.1009,      1.4113,     28.3843,     56.7686,      0.0191,      0.0026,      0.0536,      0.1983,   7680.5757,-422516.5000,  -1044.5115,    547.6666,  25601.9180,
       1,     168,      40,      10,       1,       3,       1,     10.0000,      1.3949,     42.5175,    247.1076,     62.1878,      3.4953,      0.0904,      0.0581,     23.3685,      0.1651,      5.5505,     11.1009,      1.4587,     28.3843,     56.7686,      0.0191,      0.0027,      0.1080,      0.1983,   7680.5757,-432516.5625,  -1047.3137,    546.9819,  25601.9180,
       1,     168,      40,      11,       1,       3,       1,     10.0000,      1.3949,     42.5175,    247.1076,     62.1878,      3.4953,      0.1645,      0.1318,     52.8042,      0.1790,      5.5505,     11.1009,      1.5814,     28.3843,     56.7686,      0.0191,      0.0031,      0.2129,      0.1983,   7680.5757,-448791.2500,  -1051.8956,    545.8696,  25601.9199,
       1,     168,      40,      12,       1,       3,       1,     10.0000,      1.3949,     42.5175,    247.1076,     62.1878,      3.4953,      0.1616,      0.1288,     48.9705,      0.1827,      5.5505,     11.1009,      1.6148,     28.3843,     56.7686,      0.0191,      0.0029,      0.2091,      0.1983,   7680.5762,-487848.7812,  -1062.9183,    543.2057,  25601.9199,
       1,     168,      40,      13,       1,       3,       1,     10.0000,      1.3949,     42.5175,    247.1076,     62.1878,      3.4953,      0.1863,      0.1532,     61.9846,      0.1936,      5.5505,     11.1009,      1.7104,     28.3843,     56.7686,      0.0191,      0.0031,      0.2439,      0.1983,   7680.5762,-486372.9375,  -1062.5790,    543.3124,  25601.9160,
       1,     168,      40,      14,       1,       3,       1,     10.0000,      1.3949,     42.5175,    247.1076,     62.1878,      3.4953,      0.1909,      0.1575,     67.2667,      0.1986,      5.5505,     11.1009,      1.7549,     28.3843,     56.7686,      0.0191,      0.0033,      0.2500,      0.1983,   7680.5752,-502884.1562,  -1067.3115,    542.1911,  25601.9141,
       1,     168,      40,      15,       1,       3,       1,     10.0000,      1.3949,     42.5175,    247.1076,     62.1878,      3.4953,      0.1913,      0.1578,     73.7597,      0.2060,      5.5505,     11.1009,      1.8201,     28.3843,     56.7686,      0.0191,      0.0036,      0.2500,      0.1983,   7680.5747,-511086.0312,  -1069.7491,    541.6364,  25601.9160,
       1,     168,      40,      16,       1,       3,       1,     10.0000,      1.3949,     42.5175,    247.1076,     62.1878,      3.4953,      0.1923,      0.1586,     87.4355,      0.2119,      5.5505,     11.1009,      1.8728,     28.3843,     56.7686,      0.0191,      0.0043,      0.2500,      0.1983,   7680.5752,-520109.3438,  -1072.4449,    541.0257,  25601.9160,
       1,     168,      40,      17,       1,       3,       1,     10.0000,      1.3949,     42.5175,    247.1076,     62.1878,      3.4953,      0.1871,      0.1535,     89.2990,      0.2062,      5.5505,     11.1009,      1.8219,     28.3843,     56.7686,      0.0191,      0.0046,      0.2420,      0.1982,   7680.5752,-538399.8125,  -1077.8063,    539.7891,  25601.9141,
       1,     168,      40,      18,       1,       3,       1,     10.0000,      1.3949,     42.5175,    247.1076,     62.1878,      3.4953,      0.1702,      0.1369,     98.4629,      0.1951,      5.5505,     11.1009,      1.7239,     28.3843,     56.7686,      0.0191,      0.0056,      0.2160,      0.1982,   7680.5747,-542383.4375,  -1079.2070,    539.5217,  25601.9121,
       1,     168,      40,      19,       1,       3,       1,     10.0000,      1.3949,     42.5175,    247.1076,     62.1878,      3.4953,      0.1157,      0.0829,     58.9993,      0.1820,      5.5505,     11.1009,      1.6084,     28.3843,     56.7686,      0.0191,      0.0052,      0.1406,      0.1982,   7680.5737,-554461.9375,  -1082.9351,    538.7072,  25601.9121,
       1,     168,      40,      20,       1,       3,       1,     10.0000,      1.3949,     42.5175,    247.1076,     62.1878,      3.4953,      0.0146,     -0.0179,      6.9151,      0.1706,      5.5505,     11.1009,      1.5076,     28.3843,     56.7686,      0.0191,      0.0055,      0.0156,      0.1982,   7680.5737,-504978.1875,  -1069.2399,    542.0400,  25601.9121,
       1,     168,      40,      21,       1,       3,       1,     10.0000,      1.3949,     42.5175,    247.1076,     62.1878,      3.4953,      0.0000,     -0.0323,      7.0988,      0.1649,      5.5505,     11.1009,      1.4572,     28.3843,     56.7686,      0.0191,      0.0056,      0.0156,      0.1983,   7680.5737,-434056.3125,  -1049.2216,    546.8557,  25601.9102,
       1,     168,      40,      22,       1,       3,       1,     10.0000,      1.3949,     42.5175,    247.1076,     62.1878,      3.4953,      0.0000,     -0.0322,      6.9005,      0.1638,      5.5505,     11.1009,      1.4471,     28.3843,     56.7686,      0.0191,      0.0055,      0.0156,      0.1983,   7680.5732,-428158.4375,  -1047.5137,    547.2803,  25601.9102,
       1,     168,      40,      23,       1,       3,       1,     10.0000,      1.3949,     42.5175,    247.1076,     62.1878,      3.4953,      0.0000,     -0.0322,      6.5945,      0.1639,      5.5505,     11.1009,      1.4485,     28.3843,     56.7686,      0.0191,      0.0052,      0.0156,      0.1983,   7680.5732,-427362.2188,  -1047.2515,    547.3348,  25601.9102,
       1,     168,      40,      24,       1,       3,       1,     10.0000,      1.3949,     42.5175,    247.1076,     62.1878,      3.4953,      0.0000,     -0.0322,      5.5811,      0.1629,      5.5505,     11.1009,      1.4398,     28.3843,     56.7686,      0.0191,      0.0044,      0.0156,      0.1983,   7680.5732,-426901.3438,  -1047.0868,    547.3664,  25601.9102,
       1,     168,      41,       1,       1,       3,       1,     10.0000,      1.3949,     42.5178,    247.1134,     62.1892,      3.4953,      0.0000,     -0.0322,      4.7576,      0.1616,      5.5499,     11.0999,      1.4284,     28.3872,     56.7744,      0.0191,      0.0038,      0.0156,      0.1984,   7680.5732,-425720.4062,  -1047.1376,    547.4601,  25603.0566,
       1,     168,      41,       2,       1,       3,       1,     10.0000,      1.3949,     42.5178,    247.1134,     62.1892,      3.4953,      0.0000,     -0.0322,      4.4665,      0.1616,      5.5499,     11.0999,      1.4284,     28.3872,     56.7744,      0.0191,      0.0035,      0.0156,      0.1984,   7680.9175,-424412.0312,  -1046.3300,    547.5496,  25603.0566,
       1,     168,      41,       3,       1,       3,       1,     10.0000,      1.3949,     42.5178,    247.1134,     62.1892,      3.4953,      0.0000,     -0.0320,      4.1475,      0.1569,      5.5499,     11.0999,      1.3861,     28.3872,     56.7744,      0.0191,      0.0033,      0.0156,      0.1984,   7680.9175,-423925.5625,  -1046.1708,    547.5828,  25603.0566,
       1,     168,      41,       4,       1,       3,       1,     10.0000,      1.3949,     42.5178,    247.1134,     62.1892,      3.4953,      0.0000,     -0.0321,      4.4487,      0.1594,      5.5499,     11.0999,      1.4085,     28.3872,     56.7744,      0.0191,      0.0035,      0.0156,      0.1984,   7680.9175,-423475.5625,  -1046.0238,    547.6137,  25603.0566,
       1,     168,      41,       5,       1,       3,       1,     10.0000,      1.3949,     42.5178,    247.1134,     62.1892,      3.4953,      0.0000,     -0.0321,      4.1382,      0.1591,      5.5499,     11.0999,      1.4057,     28.3872,     56.7744,      0.0191,      0.0033,      0.0156,      0.1984,   7680.9175,-423821.0312,  -1046.1011,    547.5901,  25603.0566,
       1,     168,      41,       6,       1,       3,       1,     10.0000,      1.3949,     42.5178,    247.1134,     62.1892,      3.4953,      0.0000,     -0.0321,      4.2947,      0.1607,      5.5499,     11.0999,      1.4198,     28.3872,     56.7744,      0.0191,      0.0034,      0.0156,      0.1984,   7680.9175,-423454.4688,  -1045.9784,    547.6152,  25603.0566,
       1,     168,      41,       7,       1,       3,       1,     10.0000,      1.3949,     42.5178,    247.1134,     62.1892,      3.4953,      0.0000,     -0.0322,      4.3418,      0.1625,      5.5499,     11.0999,      1.4356,     28.3872,     56.7744,      0.0191,      0.0034,      0.0156,      0.1984,   7680.9175,-423622.3438,  -1046.0063,    547.6036,  25603.0547,
       1,     168,      41,       8,       1,       3,       1,     10.0000,      1.3949,     42.5178,    247.1134,     62.1892,      3.4953,      0.0009,     -0.0312,      3.8159,      0.1612,      5.5499,     11.0999,      1.4241,     28.3872,     56.7744,      0.0191,      0.0030,      0.0156,      0.1984,   7680.9165,-423697.5625,  -1046.0096,    547.5985,  25603.0547,
       1,     168,      41,       9,       1,       3,       1,     10.0000,      1.3949,     42.5178,    247.1134,     62.1892,      3.4953,      0.0699,      0.0377,     21.5839,      0.1649,      5.5499,     11.0999,      1.4573,     28.3872,     56.7744,      0.0191,      0.0034,      0.0783,      0.1984,   7680.9165,-423032.1562,  -1045.8038,    547.6440,  25603.0547,
       1,     168,      41,      10,       1,       3,       1,     10.0000,      1.3949,     42.5178,    247.1134,     62.1892,      3.4953,      0.1228,      0.0903,     41.3454,      0.1703,      5.5499,     11.0999,      1.5046,     28.3872,     56.7744,      0.0191,      0.0033,      0.1532,      0.1984,   7680.9165,-445678.1875,  -1052.2295,    546.0938,  25603.0547,
       1,     168,      41,      11,       1,       3,       1,     10.0000,      1.3949,     42.5178,    247.1134,     62.1892,      3.4953,      0.1157,      0.0832,     38.1159,      0.1704,      5.5499,     11.0999,      1.5061,     28.3872,     56.7744,      0.0191,      0.0033,      0.1431,      0.1984,   7680.9165,-472925.0312,  -1059.9841,    544.2361,  25603.0547,
       1,     168,      41,      12,       1,       3,       1,     10.0000,      1.3949,     42.5178,    247.1134,     62.1892,      3.4953,      0.1653,      0.1329,     58.8497,      0.1688,      5.5499,     11.0999,      1.4912,     28.3872,     56.7744,      0.0191,      0.0034,      0.2133,      0.1983,   7680.9165,-471181.3750,  -1059.5380,    544.3578,  25603.0547,
       1,     168,      41,      13,       1,       3,       1,     10.0000,      1.3949,     42.5178,    247.1134,     62.1892,      3.4953,      0.1733,      0.1410,     57.0389,      0.1646,      5.5499,     11.0999,      1.4544,     28.3872,     56.7744,      0.0191,      0.0031,      0.2251,      0.1983,   7680.9165,-497538.3438,  -1068.4346,    542.5644,  25603.0527,
       1,     168,      41,      14,       1,       3,       1,     10.0000,      1.3949,     42.5178,    247.1134,     62.1892,      3.4953,      0.1910,      0.1584,     67.3855,      0.1763,      5.5499,     11.0999,      1.5580,     28.3872,     56.7744,      0.0191,      0.0033,      0.2500,      0.1983,   7680.9160,-497530.3750,  -1069.0557,    542.5679,  25603.0547,
       1,     168,      41,      15,       1,       3,       1,     10.0000,      1.3949,     42.5178,    247.1134,     62.1892,      3.4953,      0.1913,      0.1582,     72.5482,      0.1915,      5.5499,     11.0999,      1.6919,     28.3872,     56.7744,      0.0191,      0.0036,      0.2500,      0.1983,   7680.9165,-510761.5625,  -1072.9159,    541.6705,  25603.0488,
       1,     168,      41,      16,       1,       3,       1,     10.0000,      1.3949,     42.5178,    247.1134,     62.1892,      3.4953,      0.1913,      0.1581,     73.1740,      0.1961,      5.5499,     11.0999,      1.7325,     28.3872,     56.7744,      0.0191,      0.0036,      0.2500,      0.1983,   7680.9150,-518523.8750,  -1075.2704,    541.1457,  25603.0488,
       1,     168,      41,      17,       1,       3,       1,     10.0000,      1.3949,     42.5178,    247.1134,     62.1892,      3.4953,      0.1703,      0.1373,     58.8600,      0.1875,      5.5499,     11.0999,      1.6570,     28.3872,     56.7744,      0.0191,      0.0033,      0.2207,      0.1983,   7680.9150,-520000.9375,  -1075.8698,    541.0461,  25603.0488,
       1,     168,      41,      18,       1,       3,       1,     10.0000,      1.3949,     42.5178,    247.1134,     62.1892,      3.4953,      0.1583,      0.1255,     58.3429,      0.1822,      5.5499,     11.0999,      1.6100,     28.3872,     56.7744,      0.0191,      0.0035,      0.2032,      0.1983,   7680.9150,-501811.0938,  -1070.8903,    542.2762,  25603.0488,
       1,     168,      41,      19,       1,       3,       1,     10.0000,      1.3949,     42.5178,    247.1134,     62.1892,      3.4953,      0.1195,      0.0868,     44.1894,      0.1781,      5.5499,     11.0999,      1.5736,     28.3872,     56.7744,      0.0191,      0.0037,      0.1479,      0.1983,   7680.9150,-499569.3750,  -1070.3889,    542.4296,  25603.0488,
       1,     168,      41,      20,       1,       3,       1,     10.0000,      1.3949,     42.5178,    247.1134,     62.1892,      3.4953,      0.0129,     -0.0195,      5.9784,      0.1682,      5.5499,     11.0999,      1.4867,     28.3872,     56.7744,      0.0191,      0.0047,      0.0156,      0.1983,   7680.9150,-481265.5000,  -1065.2942,    543.6707,  25603.0488,
       1,     168,      41,      21,       1,       3,       1,     10.0000,      1.3949,     42.5178,    247.1134,     62.1892,      3.4953,      0.0000,     -0.0323,      6.5461,      0.1652,      5.5499,     11.0999,      1.4602,     28.3872,     56.7744,      0.0191,      0.0052,      0.0156,      0.1983,   7680.9150,-430804.8438,  -1050.9277,    547.1013,  25603.0469,
       1,     168,      41,      22,       1,       3,       1,     10.0000,      1.3949,     42.5178,    247.1134,     62.1892,      3.4953,      0.0000,     -0.0323,      6.1730,      0.1644,      5.5499,     11.0999,      1.4529,     28.3872,     56.7744,      0.0191,      0.0049,      0.0156,      0.1984,   7680.9146,-427157.3750,  -1049.8427,    547.3617,  25603.0469,
       1,     168,      41,      23,       1,       3,       1,     10.0000,      1.3949,     42.5178,    247.1134,     62.1892,      3.4953,      0.0000,     -0.0323,      6.6247,      0.1652,      5.5499,     11.0999,      1.4602,     28.3872,     56.7744,      0.0191,      0.0052,      0.0156,      0.1984,   7680.9146,-426347.7188,  -1049.5686,    547.4171,  25603.0469,
       1,     168,      41,      24,       1,       3,       1,     10.0000,      1.3949,     42.5178,    247.1134,     62.1892,      3.4953,      0.0000,     -0.0322,      6.7051,      0.1638,      5.5499,     11.0999,      1.4471,     28.3872,     56.7744,      0.0191,      0.0053,      0.0156,      0.1984,   7680.9146,-426854.2500,  -1049.6670,    547.3824,  25603.0469,
       1,     168,      42,       1,       1,       3,       1,     10.0000,      1.3949,     42.5181,    247.1192,     62.1907,      3.4953,      0.0000,     -0.0323,      5.5605,      0.1646,      5.5504,     11.1008,      1.4544,     28.3893,     56.7787,      0.0191,      0.0044,      0.0156,      0.1984,   7680.9146,-427155.7500,  -1050.1233,    547.3748,  25604.1934,
       1,     168,      42,       2,       1,       3,       1,     10.0000,      1.3949,     42.5181,    247.1192,     62.1907,      3.4953,      0.0000,     -0.0322,      5.1831,      0.1630,      5.5504,     11.1008,      1.4399,     28.3893,     56.7787,      0.0191,      0.0041,      0.0156,      0.1984,   7681.2583,-425566.8750,  -1049.2183,    547.4834,  25604.1934,
       1,     168,      42,       3,       1,       3,       1,     10.0000,      1.3949,     42.5181,    247.1192,     62.1907,      3.4953,      0.0000,     -0.0313,      4.2778,      0.1386,      5.5504,     11.1008,      1.2245,     28.3893,     56.7787,      0.0191,      0.0034,      0.0156,      0.1984,   7681.2583,-424945.8125,  -1049.0076,    547.5260,  25604.1934,
       1,     168,      42,       4,       1,       3,       1,     10.0000,      1.3949,     42.5181,    247.1192,     62.1907,      3.4953,      0.0000,     -0.0314,      4.1038,      0.1396,      5.5504,     11.1008,      1.2332,     28.3893,     56.7787,      0.0191,      0.0032,      0.0156,      0.1984,   7681.2583,-423734.7500,  -1011.2893,    547.6089,  25604.4902,
       1,     168,      42,       5,       1,       3,       1,     10.0000,      1.3949,     42.5181,    247.1192,     62.1907,      3.4953,      0.0000,     -0.0316,      3.8362,      0.1443,      5.5504,     11.1008,      1.2750,     28.3893,     56.7787,      0.0191,      0.0030,      0.0156,      0.1984,   7681.3472,-423370.9688,  -1012.2969,    547.6337,  25604.4219,
       1,     168,      42,       6,       1,       3,       1,     10.0000,      1.3949,     42.5181,    247.1192,     62.1907,      3.4953,      0.0000,     -0.0316,      3.9528,      0.1446,      5.5504,     11.1008,      1.2776,     28.3893,     56.7787,      0.0191,      0.0031,      0.0156,      0.1984,   7681.3267,-423005.5625,  -1009.6404,    547.6588,  25604.4512,
       1,     168,      42,       7,       1,       3,       1,     10.0000,      1.3949,     42.5181,    247.1192,     62.1907,      3.4953,      0.0000,     -0.0316,      3.6795,      0.1450,      5.5504,     11.1008,      1.2815,     28.3893,     56.7787,      0.0191,      0.0029,      0.0156,      0.1984,   7681.3354,-423119.0625,  -1010.7429,    547.6511,  25604.3906,
       1,     168,      42,       8,       1,       3,       1,     10.0000,      1.3949,     42.5181,    247.1192,     62.1907,      3.4953,      0.0006,     -0.0310,      1.7554,      0.1463,      5.5504,     11.1008,      1.2932,     28.3893,     56.7787,      0.0191,      0.0014,      0.0156,      0.1984,   7681.3174,-422786.9062,  -1011.6541,    547.6738,  25604.3340,
       1,     168,      42,       9,       1,       3,       1,     10.0000,      1.3949,     42.5181,    247.1192,     62.1907,      3.4953,      0.0570,      0.0252,      4.2834,      0.1511,      5.5504,     11.1008,      1.3355,     28.3893,     56.7787,      0.0191,      0.0009,      0.0618,      0.1984,   7681.3003,-420306.2188,  -1011.4963,    547.8436,  25604.3086,
       1,     168,      42,      10,       1,       3,       1,     10.0000,      1.3949,     42.5181,    247.1192,     62.1907,      3.4953,      0.1410,      0.1089,     19.6188,      0.1625,      5.5504,     11.1008,      1.4356,     28.3893,     56.7787,      0.0191,      0.0013,      0.1824,      0.1984,   7681.2930,-423322.1562,  -1012.5904,    547.6371,  25604.2871,
       1,     168,      42,      11,       1,       3,       1,     10.0000,      1.3949,     42.5181,    247.1192,     62.1907,      3.4953,      0.1831,      0.1503,     28.8246,      0.1831,      5.5504,     11.1008,      1.6181,     28.3893,     56.7787,      0.0191,      0.0015,      0.2429,      0.1984,   7681.2866,-443182.2188,  -1018.2697,    546.2776,  25604.2324,
       1,     168,      42,      12,       1,       3,       1,     10.0000,      1.3949,     42.5181,    247.1192,     62.1907,      3.4953,      0.1890,      0.1558,     43.1252,      0.1932,      5.5504,     11.1008,      1.7071,     28.3893,     56.7787,      0.0191,      0.0021,      0.2500,      0.1984,   7681.2700,-456695.7812,  -1023.2004,    545.3565,  25604.1914,
       1,     168,      42,      13,       1,       3,       1,     10.0000,      1.3949,     42.5181,    247.1192,     62.1907,      3.4953,      0.1900,      0.1565,     57.2591,      0.2054,      5.5504,     11.1008,      1.8148,     28.3893,     56.7787,      0.0191,      0.0028,      0.2500,      0.1984,   7681.2578,-476161.6250,  -1030.2260,    544.0303,  25604.1914,
       1,     168,      42,      14,       1,       3,       1,     10.0000,      1.3949,     42.5181,    247.1192,     62.1907,      3.4953,      0.1818,      0.1486,     56.6228,      0.1917,      5.5504,     11.1008,      1.6936,     28.3893,     56.7787,      0.0191,      0.0029,      0.2378,      0.1983,   7681.2578,-495937.4062,  -1037.5349,    542.6871,  25604.1914,
       1,     168,      42,      15,       1,       3,       1,     10.0000,      1.3949,     42.5181,    247.1192,     62.1907,      3.4953,      0.1697,      0.1370,     64.2180,      0.1776,      5.5504,     11.1008,      1.5690,     28.3893,     56.7787,      0.0191,      0.0036,      0.2191,      0.1983,   7681.2578,-496851.1875,  -1039.7568,    542.6267,  25604.1895,
       1,     168,      42,      16,       1,       3,       1,     10.0000,      1.3949,     42.5181,    247.1192,     62.1907,      3.4953,      0.1809,      0.1481,     98.8091,      0.1840,      5.5504,     11.1008,      1.6261,     28.3893,     56.7787,      0.0191,      0.0053,      0.2317,      0.1983,   7681.2573,-506644.0000,  -1043.9952,    541.9625,  25604.1875,
       1,     168,      42,      17,       1,       3,       1,     10.0000,      1.3949,     42.5181,    247.1192,     62.1907,      3.4953,      0.1645,      0.1317,    103.5087,      0.1828,      5.5504,     11.1008,      1.6149,     28.3893,     56.7787,      0.0191,      0.0062,      0.2071,      0.1983,   7681.2563,-551751.3125,  -1057.5153,    538.9072,  25604.1914,
       1,     168,      42,      18,       1,       3,       1,     10.0000,      1.3949,     42.5181,    247.1192,     62.1907,      3.4953,      0.1284,      0.0958,     88.4007,      0.1754,      5.5504,     11.1008,      1.5503,     28.3893,     56.7787,      0.0191,      0.0070,      0.1560,      0.1983,   7681.2578,-561724.8125,  -1062.3732,    538.2440,  25604.1855,
       1,     168,      42,      19,       1,       3,       1,     10.0000,      1.3949,     42.5181,    247.1192,     62.1907,      3.4953,      0.0528,      0.0203,     24.9411,      0.1698,      5.5504,     11.1008,      1.5002,     28.3893,     56.7787,      0.0191,      0.0058,      0.0527,      0.1982,   7681.2559,-543238.8125,  -1059.9036,    539.4880,  25604.1875,
       1,     168,      42,      20,       1,       3,       1,     10.0000,      1.3949,     42.5181,    247.1192,     62.1907,      3.4953,      0.0057,     -0.0261,      6.1117,      0.1531,      5.5504,     11.1008,      1.3531,     28.3893,     56.7787,      0.0191,      0.0048,      0.0156,      0.1983,   7681.2563,-460400.8750,  -1040.4609,    545.0757,  25604.1875,
       1,     168,      42,      21,       1,       3,       1,     10.0000,      1.3949,     42.5181,    247.1192,     62.1907,      3.4953,      0.0000,     -0.0319,      6.4485,      0.1548,      5.5504,     11.1008,      1.3681,     28.3893,     56.7787,      0.0191,      0.0051,      0.0156,      0.1984,   7681.2563,-429205.4062,  -1033.3722,    547.2302,  25604.1875,
       1,     168,      42,      22,       1,       3,       1,     10.0000,      1.3949,     42.5181,    247.1192,     62.1907,      3.4953,      0.0000,     -0.0318,      6.2942,      0.1508,      5.5504,     11.1008,      1.3328,     28.3893,     56.7787,      0.0191,      0.0050,      0.0156,      0.1984,   7681.2563,-426886.8125,  -1033.4658,    547.3931,  25604.1875,
       1,     168,      42,      23,       1,       3,       1,     10.0000,      1.3949,     42.5181,    247.1192,     62.1907,      3.4953,      0.0000,     -0.0317,      6.0939,      0.1477,      5.5504,     11.1008,      1.3050,     28.3893,     56.7787,      0.0191,      0.0048,      0.0156,      0.1984,   7681.2563,-426481.5000,  -1033.9661,    547.4208,  25604.1875,
       1,     168,      42,      24,       1,       3,       1,     10.0000,      1.3949,     42.5181,    247.1192,     62.1907,      3.4953,      0.0000,     -0.0318,      5.2358,      0.1524,      5.5504,     11.1008,      1.3463,     28.3893,     56.7787,      0.0191,      0.0041,      0.0156,      0.1984,   7681.2563,-426190.0938,  -1034.4432,    547.4408,  25604.1855,
       1,     168,      43,       1,       1,       3,       1,     10.0000,      1.3949,     42.5185,    247.1250,     62.1922,      3.4953,      0.0000,     -0.0318,      3.5638,      0.1518,      5.5503,     11.1006,      1.3409,     28.3906,     56.7812,      0.0191,      0.0028,      0.0156,      0.1984,   7681.2559,-425223.2188,  -1035.0107,    547.5198,  25605.3320,
       1,     168,      43,       2,       1,       3,       1,     10.0000,      1.3949,     42.5185,    247.1250,     62.1922,      3.4953,      0.0000,     -0.0318,      3.8196,      0.1502,      5.5503,     11.1006,      1.3275,     28.3906,     56.7812,      0.0191,      0.0030,      0.0156,      0.1984,   7681.6001,-422850.0938,  -1034.3197,    547.6823,  25605.3340,
       1,     168,      43,       3,       1,       3,       1,     10.0000,      1.3949,     42.5185,    247.1250,     62.1922,      3.4953,      0.0000,     -0.0315,      3.3998,      0.1426,      5.5503,     11.1006,      1.2597,     28.3906,     56.7812,      0.0191,      0.0027,      0.0156,      0.1984,   7681.6006,-422968.8750,  -1034.6335,    547.6741,  25605.3320,
       1,     168,      43,       4,       1,       3,       1,     10.0000,      1.3949,     42.5185,    247.1250,     62.1922,      3.4953,      0.0000,     -0.0314,      2.9169,      0.1394,      5.5503,     11.1006,      1.2320,     28.3906,     56.7812,      0.0191,      0.0023,      0.0156,      0.1984,   7681.6001,-422443.3750,  -1034.7432,    547.7101,  25605.3320,
       1,     168,      43,       5,       1,       3,       1,     10.0000,      1.3949,     42.5185,    247.1250,     62.1922,      3.4953,      0.0000,     -0.0318,      3.1338,      0.1504,      5.5503,     11.1006,      1.3289,     28.3906,     56.7812,      0.0191,      0.0025,      0.0156,      0.1984,   7681.6001,-421780.4375,  -1034.7694,    547.7555,  25605.3320,
       1,     168,      43,       6,       1,       3,       1,     10.0000,      1.3949,     42.5185,    247.1250,     62.1922,      3.4953,      0.0000,     -0.0318,      3.2299,      0.1518,      5.5503,     11.1006,      1.3409,     28.3906,     56.7812,      0.0191,      0.0026,      0.0156,      0.1984,   7681.6001,-421999.6250,  -1035.0276,    547.7405,  25605.3320,
       1,     168,      43,       7,       1,       3,       1,     10.0000,      1.3949,     42.5185,    247.1250,     62.1922,      3.4953,      0.0000,     -0.0317,      3.5050,      0.1486,      5.5503,     11.1006,      1.3129,     28.3906,     56.7812,      0.0191,      0.0028,      0.0156,      0.1984,   7681.6001,-422141.5000,  -1035.2661,    547.7308,  25605.3320,
       1,     168,      43,       8,       1,       3,       1,     10.0000,      1.3949,     42.5185,    247.1250,     62.1922,      3.4953,      0.0009,     -0.0308,      2.8119,      0.1474,      5.5503,     11.1006,      1.3024,     28.3906,     56.7812,      0.0191,      0.0022,      0.0156,      0.1984,   7681.6001,-422505.2188,  -1035.5728,    547.7059,  25605.3340,
       1,     168,      43,       9,       1,       3,       1,     10.0000,      1.3949,     42.5185,    247.1250,     62.1922,      3.4953,      0.0349,      0.0029,      4.6386,      0.1556,      5.5503,     11.1006,      1.3751,     28.3906,     56.7812,      0.0191,      0.0019,      0.0294,      0.1984,   7681.6006,-421651.3750,  -1035.5175,    547.7643,  25605.3320,
       1,     168,      43,      10,       1,       3,       1,     10.0000,      1.3949,     42.5185,    247.1250,     62.1922,      3.4953,      0.1486,      0.1163,     42.0048,      0.1643,      5.5503,     11.1006,      1.4515,     28.3906,     56.7812,      0.0191,      0.0027,      0.1908,      0.1984,   7681.6001,-423910.6250,  -1036.2599,    547.6097,  25605.3320,
       1,     168,      43,      11,       1,       3,       1,     10.0000,      1.3949,     42.5185,    247.1250,     62.1922,      3.4953,      0.1378,      0.1054,     41.5271,      0.1684,      5.5503,     11.1006,      1.4882,     28.3906,     56.7812,      0.0191,      0.0029,      0.1751,      0.1984,   7681.6001,-471844.5938,  -1049.0239,    544.3286,  25605.3320,
       1,     168,      43,      12,       1,       3,       1,     10.0000,      1.3949,     42.5185,    247.1250,     62.1922,      3.4953,      0.1626,      0.1301,     41.8772,      0.1718,      5.5503,     11.1006,      1.5183,     28.3906,     56.7812,      0.0191,      0.0024,      0.2113,      0.1984,   7681.6001,-475451.8438,  -1050.5057,    544.0929,  25605.3301,
       1,     168,      43,      13,       1,       3,       1,     10.0000,      1.3949,     42.5185,    247.1250,     62.1922,      3.4953,      0.1900,      0.1571,     54.4623,      0.1840,      5.5503,     11.1006,      1.6262,     28.3906,     56.7812,      0.0191,      0.0027,      0.2500,      0.1984,   7681.5991,-476201.9062,  -1051.2600,    544.0420,  25605.3320,
       1,     168,      43,      14,       1,       3,       1,     10.0000,      1.3949,     42.5185,    247.1250,     62.1922,      3.4953,      0.1742,      0.1415,     59.7431,      0.1763,      5.5503,     11.1006,      1.5581,     28.3906,     56.7812,      0.0191,      0.0033,      0.2262,      0.1984,   7681.6001,-492357.3750,  -1055.0232,    542.9433,  25605.3320,
       1,     168,      43,      15,       1,       3,       1,     10.0000,      1.3949,     42.5185,    247.1250,     62.1922,      3.4953,      0.1868,      0.1543,     77.8565,      0.1725,      5.5503,     11.1006,      1.5243,     28.3906,     56.7812,      0.0191,      0.0040,      0.2426,      0.1984,   7681.6001,-500523.0312,  -1057.9216,    542.3902,  25605.3301,
       1,     168,      43,      16,       1,       3,       1,     10.0000,      1.3949,     42.5185,    247.1250,     62.1922,      3.4953,      0.1855,      0.1531,     81.8316,      0.1696,      5.5503,     11.1006,      1.4987,     28.3906,     56.7812,      0.0191,      0.0042,      0.2402,      0.1983,   7681.5991,-524401.8125,  -1065.0392,    540.7715,  25605.3301,
       1,     168,      43,      17,       1,       3,       1,     10.0000,      1.3949,     42.5185,    247.1250,     62.1922,      3.4953,      0.1752,      0.1429,     78.6307,      0.1674,      5.5503,     11.1006,      1.4794,     28.3906,     56.7812,      0.0191,      0.0043,      0.2255,      0.1983,   7681.5991,-531575.8125,  -1067.8690,    540.2890,  25605.3301,
       1,     168,      43,      18,       1,       3,       1,     10.0000,      1.3949,     42.5185,    247.1250,     62.1922,      3.4953,      0.1264,      0.0944,     59.3196,      0.1591,      5.5503,     11.1006,      1.4057,     28.3906,     56.7812,      0.0191,      0.0047,      0.1565,      0.1983,   7681.5991,-528102.1250,  -1067.8550,    540.5239,  25605.3281,
       1,     168,      43,      19,       1,       3,       1,     10.0000,      1.3949,     42.5185,    247.1250,     62.1922,      3.4953,      0.0600,      0.0280,     24.0196,      0.1558,      5.5503,     11.1006,      1.3764,     28.3906,     56.7812,      0.0191,      0.0046,      0.0637,      0.1983,   7681.5986,-503089.3750,  -1062.0358,    542.2139,  25605.3281,
       1,     168,      43,      20,       1,       3,       1,     10.0000,      1.3949,     42.5185,    247.1250,     62.1922,      3.4953,      0.0061,     -0.0260,      5.2507,      0.1591,      5.5503,     11.1006,      1.4057,     28.3906,     56.7812,      0.0191,      0.0042,      0.0156,      0.1983,   7681.5986,-455768.2500,  -1050.0947,    545.4238,  25605.3262,
       1,     168,      43,      21,       1,       3,       1,     10.0000,      1.3949,     42.5185,    247.1250,     62.1922,      3.4953,      0.0000,     -0.0312,      4.6956,      0.1335,      5.5503,     11.1006,      1.1795,     28.3906,     56.7812,      0.0191,      0.0037,      0.0156,      0.1984,   7681.5981,-427680.4062,  -1042.2778,    547.3483,  25605.3262,
       1,     168,      43,      22,       1,       3,       1,     10.0000,      1.3949,     42.5185,    247.1250,     62.1922,      3.4953,      0.0000,     -0.0313,      4.3754,      0.1379,      5.5503,     11.1006,      1.2184,     28.3906,     56.7812,      0.0191,      0.0035,      0.0156,      0.1984,   7681.5981,-424515.5938,  -1041.6333,    547.5682,  25605.3262,
       1,     168,      43,      23,       1,       3,       1,     10.0000,      1.3949,     42.5185,    247.1250,     62.1922,      3.4953,      0.0000,     -0.0316,      4.2098,      0.1444,      5.5503,     11.1006,      1.2764,     28.3906,     56.7812,      0.0191,      0.0033,      0.0156,      0.1984,   7681.5981,-423825.5000,  -1041.6027,    547.6155,  25605.3262,
       1,     168,      43,      24,       1,       3,       1,     10.0000,      1.3949,     42.5185,    247.1250,     62.1922,      3.4953,      0.0000,     -0.0317,      3.8073,      0.1495,      5.5503,     11.1006,      1.3209,     28.3906,     56.7812,      0.0191,      0.0030,      0.0156,      0.1984,   7681.5981,-423553.5625,  -1041.6664,    547.6341,  25605.3262,
       1,     168,      44,       1,       1,       3,       1,     10.0000,      1.3949,     42.5188,    247.1308,     62.1936,      3.4953,      0.0000,     -0.0318,      4.6060,      0.1519,      5.5503,     11.1006,      1.3423,     28.3906,     56.7812,      0.0191,      0.0036,      0.0156,      0.1984,   7681.5981,-423170.5938,  -1042.0638,    547.6732,  25606.4727,
       1,     168,      44,       2,       1,       3,       1,     10.0000,      1.3949,     42.5188,    247.1308,     62.1936,      3.4953,      0.0000,     -0.0317,      2.4893,      0.1486,      5.5503,     11.1006,      1.3129,     28.3906,     56.7812,      0.0191,      0.0020,      0.0156,      0.1984,   7681.9419,-424004.6875,  -1042.0303,    547.6161,  25606.4707,
       1,     168,      44,       3,       1,       3,       1,     10.0000,      1.3949,     42.5188,    247.1308,     62.1936,      3.4953,      0.0000,     -0.0318,      2.7166,      0.1499,      5.5503,     11.1006,      1.3249,     28.3906,     56.7812,      0.0191,      0.0021,      0.0156,      0.1984,   7681.9414,-421374.0000,  -1041.4072,    547.7962,  25606.4746,
       1,     168,      44,       4,       1,       3,       1,     10.0000,      1.3949,     42.5188,    247.1308,     62.1936,      3.4953,      0.0000,     -0.0317,      3.5581,      0.1484,      5.5503,     11.1006,      1.3116,     28.3906,     56.7812,      0.0191,      0.0028,      0.0156,      0.1984,   7681.9429,-421433.9688,  -1041.4872,    547.7921,  25606.4727,
       1,     168,      44,       5,       1,       3,       1,     10.0000,      1.3949,     42.5188,    247.1308,     62.1936,      3.4953,      0.0000,     -0.0317,      3.9096,      0.1474,      5.5503,     11.1006,      1.3024,     28.3906,     56.7812,      0.0191,      0.0031,      0.0156,      0.1984,   7681.9419,-422514.2500,  -1041.8540,    547.7181,  25606.4727,
       1,     168,      44,       6,       1,       3,       1,     10.0000,      1.3949,     42.5188,    247.1308,     62.1936,      3.4953,      0.0000,     -0.0316,      4.3734,      0.1465,      5.5503,     11.1006,      1.2945,     28.3906,     56.7812,      0.0191,      0.0035,      0.0156,      0.1984,   7681.9419,-423057.8125,  -1042.0846,    547.6808,  25606.4707,
       1,     168,      44,       7,       1,       3,       1,     10.0000,      1.3949,     42.5188,    247.1308,     62.1936,      3.4953,      0.0000,     -0.0317,      3.9885,      0.1471,      5.5503,     11.1006,      1.2998,     28.3906,     56.7812,      0.0191,      0.0032,      0.0156,      0.1984,   7681.9414,-423697.9688,  -1042.3458,    547.6371,  25606.4727,
       1,     168,      44,       8,       1,       3,       1,     10.0000,      1.3949,     42.5188,    247.1308,     62.1936,      3.4953,      0.0009,     -0.0307,      4.3687,      0.1469,      5.5503,     11.1006,      1.2985,     28.3906,     56.7812,      0.0191,      0.0035,      0.0156,      0.1984,   7681.9419,-423262.1250,  -1042.3099,    547.6669,  25606.4727,
       1,     168,      44,       9,       1,       3,       1,     10.0000,      1.3949,     42.5188,    247.1308,     62.1936,      3.4953,      0.0703,      0.0385,     21.7850,      0.1508,      5.5503,     11.1006,      1.3329,     28.3906,     56.7812,      0.0191,      0.0034,      0.0791,      0.1984,   7681.9419,-423709.5938,  -1042.5079,    547.6363,  25606.4707,
       1,     168,      44,      10,       1,       3,       1,     10.0000,      1.3949,     42.5188,    247.1308,     62.1936,      3.4953,      0.1573,      0.1249,     55.2104,      0.1684,      5.5503,     11.1006,      1.4883,     28.3906,     56.7812,      0.0191,      0.0034,      0.2020,      0.1984,   7681.9414,-445996.0312,  -1048.5349,    546.1107,  25606.4746,
       1,     168,      44,      11,       1,       3,       1,     10.0000,      1.3949,     42.5188,    247.1308,     62.1936,      3.4953,      0.1862,      0.1534,     67.7905,      0.1808,      5.5503,     11.1006,      1.5974,     28.3906,     56.7812,      0.0191,      0.0034,      0.2429,      0.1984,   7681.9429,-490660.6562,  -1060.6598,    543.0638,  25606.4727,
       1,     168,      44,      12,       1,       3,       1,     10.0000,      1.3949,     42.5188,    247.1308,     62.1936,      3.4953,      0.1913,      0.1581,     72.7314,      0.1961,      5.5503,     11.1006,      1.7327,     28.3906,     56.7812,      0.0191,      0.0036,      0.2500,      0.1984,   7681.9419,-510668.0312,  -1066.4381,    541.7142,  25606.4688,
       1,     168,      44,      13,       1,       3,       1,     10.0000,      1.3949,     42.5188,    247.1308,     62.1936,      3.4953,      0.1911,      0.1575,     70.2557,      0.2052,      5.5503,     11.1006,      1.8131,     28.3906,     56.7812,      0.0191,      0.0035,      0.2500,      0.1984,   7681.9409,-518726.2188,  -1069.1187,    541.1702,  25606.4688,
       1,     168,      44,      14,       1,       3,       1,     10.0000,      1.3949,     42.5188,    247.1308,     62.1936,      3.4953,      0.1914,      0.1577,     74.5988,      0.2109,      5.5503,     11.1006,      1.8638,     28.3906,     56.7812,      0.0191,      0.0037,      0.2500,      0.1984,   7681.9409,-516259.9062,  -1068.9841,    541.3373,  25606.4707,
       1,     168,      44,      15,       1,       3,       1,     10.0000,      1.3949,     42.5188,    247.1308,     62.1936,      3.4953,      0.1929,      0.1592,     94.2912,      0.2097,      5.5503,     11.1006,      1.8529,     28.3906,     56.7812,      0.0191,      0.0047,      0.2500,      0.1984,   7681.9414,-521600.1250,  -1070.8992,    540.9760,  25606.4707,
       1,     168,      44,      16,       1,       3,       1,     10.0000,      1.3949,     42.5188,    247.1308,     62.1936,      3.4953,      0.1947,      0.1613,    116.7418,      0.2012,      5.5503,     11.1006,      1.7777,     28.3906,     56.7812,      0.0191,      0.0058,      0.2500,      0.1983,   7681.9414,-547258.0000,  -1078.2998,    539.2410,  25606.4688,
       1,     168,      44,      17,       1,       3,       1,     10.0000,      1.3949,     42.5188,    247.1308,     62.1936,      3.4953,      0.1909,      0.1577,    130.8815,      0.1945,      5.5503,     11.1006,      1.7190,     28.3906,     56.7812,      0.0191,      0.0067,      0.2428,      0.1983,   7681.9409,-578235.0625,  -1087.2604,    537.1558,  25606.4688,
       1,     168,      44,      18,       1,       3,       1,     10.0000,      1.3949,     42.5188,    247.1308,     62.1936,      3.4953,      0.1654,      0.1325,    106.7954,      0.1824,      5.5503,     11.1006,      1.6117,     28.3906,     56.7812,      0.0191,      0.0063,      0.2079,      0.1983,   7681.9409,-599048.8125,  -1093.6179,    535.7623,  25606.4688,
       1,     168,      44,      19,       1,       3,       1,     10.0000,      1.3949,     42.5188,    247.1308,     62.1936,      3.4953,      0.1098,      0.0773,     70.6532,      0.1727,      5.5503,     11.1006,      1.5259,     28.3906,     56.7812,      0.0191,      0.0067,      0.1308,      0.1982,   7681.9409,-570008.4375,  -1086.4982,    537.7090,  25606.4668,
       1,     168,      44,      20,       1,       3,       1,     10.0000,      1.3949,     42.5188,    247.1308,     62.1936,      3.4953,      0.0132,     -0.0191,      8.3811,      0.1651,      5.5503,     11.1006,      1.4588,     28.3906,     56.7812,      0.0191,      0.0066,      0.0156,      0.1983,   7681.9404,-521215.5000,  -1073.7881,    540.9921,  25606.4668,
       1,     168,      44,      21,       1,       3,       1,     10.0000,      1.3949,     42.5188,    247.1308,     62.1936,      3.4953,      0.0000,     -0.0321,      8.0496,      0.1591,      5.5503,     11.1006,      1.4058,     28.3906,     56.7812,      0.0191,      0.0064,      0.0156,      0.1983,   7681.9404,-437333.3750,  -1051.1523,    546.6746,  25606.4648,
       1,     168,      44,      22,       1,       3,       1,     10.0000,      1.3949,     42.5188,    247.1308,     62.1936,      3.4953,      0.0000,     -0.0321,      7.5996,      0.1585,      5.5503,     11.1006,      1.4001,     28.3906,     56.7812,      0.0191,      0.0060,      0.0156,      0.1984,   7681.9399,-429680.4375,  -1049.0140,    547.2274,  25606.4648,
       1,     168,      44,      23,       1,       3,       1,     10.0000,      1.3949,     42.5188,    247.1308,     62.1936,      3.4953,      0.0000,     -0.0321,      6.7702,      0.1600,      5.5503,     11.1006,      1.4143,     28.3906,     56.7812,      0.0191,      0.0054,      0.0156,      0.1984,   7681.9399,-428399.2500,  -1048.5933,    547.3153,  25606.4648,
       1,     168,      44,      24,       1,       3,       1,     10.0000,      1.3949,     42.5188,    247.1308,     62.1936,      3.4953,      0.0000,     -0.0319,      6.2145,      0.1553,      5.5503,     11.1006,      1.3723,     28.3906,     56.7812,      0.0191,      0.0049,      0.0156,      0.1984,   7681.9399,-427227.4375,  -1048.2074,    547.3955,  25606.4648,
       1,     168,      45,       1,       1,       3,       1,     10.0000,      1.3950,     42.5191,    247.1366,     62.1951,      3.4953,      0.0000,     -0.0313,      5.1396,      0.1372,      5.5504,     11.1009,      1.2123,     28.3970,     56.7940,      0.0191,      0.0041,      0.0156,      0.1985,   7681.9399,-426569.6250,  -1048.3639,    547.4534,  25607.6113,
       1,     168,      45,       2,       1,       3,       1,     10.0000,      1.3950,     42.5191,    247.1366,     62.1951,      3.4953,      0.0000,     -0.0315,      4.4721,      0.1417,      5.5504,     11.1009,      1.2522,     28.3970,     56.7940,      0.0191,      0.0035,      0.0156,      0.1985,   7682.2837,-424986.5625,  -1047.4814,    547.5617,  25607.6113,
       1,     168,      45,       3,       1,       3,       1,     10.0000,      1.3950,     42.5191,    247.1366,     62.1951,      3.4953,      0.0000,     -0.0315,      4.2987,      0.1426,      5.5504,     11.1009,      1.2598,     28.3970,     56.7940,      0.0191,      0.0034,      0.0156,      0.1985,   7682.2837,-423995.6875,  -1047.1636,    547.6295,  25607.6113,
       1,     168,      45,       4,       1,       3,       1,     10.0000,      1.3950,     42.5191,    247.1366,     62.1951,      3.4953,      0.0000,     -0.0315,      4.7921,      0.1439,      5.5504,     11.1009,      1.2713,     28.3970,     56.7940,      0.0191,      0.0038,      0.0156,      0.1985,   7682.2837,-423687.5312,  -1047.0328,    547.6506,  25607.6113,
       1,     168,      45,       5,       1,       3,       1,     10.0000,      1.3950,     42.5191,    247.1366,     62.1951,      3.4953,      0.0000,     -0.0314,      4.5824,      0.1387,      5.5504,     11.1009,      1.2259,     28.3970,     56.7940,      0.0191,      0.0036,      0.0156,      0.1985,   7682.2837,-424290.7812,  -1047.1420,    547.6094,  25607.6113,
       1,     168,      45,       6,       1,       3,       1,     10.0000,      1.3950,     42.5191,    247.1366,     62.1951,      3.4953,      0.0000,     -0.0315,      3.0990,      0.1439,      5.5504,     11.1009,      1.2713,     28.3970,     56.7940,      0.0191,      0.0025,      0.0156,      0.1985,   7682.2837,-424075.6562,  -1047.0305,    547.6241,  25607.6113,
       1,     168,      45,       7,       1,       3,       1,     10.0000,      1.3950,     42.5191,    247.1366,     62.1951,      3.4953,      0.0000,     -0.0316,      2.9683,      0.1447,      5.5504,     11.1009,      1.2790,     28.3970,     56.7940,      0.0191,      0.0023,      0.0156,      0.1985,   7682.2837,-422162.1250,  -1046.4766,    547.7551,  25607.6113,
       1,     168,      45,       8,       1,       3,       1,     10.0000,      1.3950,     42.5191,    247.1366,     62.1951,      3.4953,      0.0005,     -0.0311,      2.9644,      0.1474,      5.5504,     11.1009,      1.3024,     28.3970,     56.7940,      0.0191,      0.0023,      0.0156,      0.1985,   7682.2837,-421827.9375,  -1046.8837,    547.7780,  25607.6094,
       1,     168,      45,       9,       1,       3,       1,     10.0000,      1.3950,     42.5191,    247.1366,     62.1951,      3.4953,      0.0499,      0.0182,      9.8143,      0.1478,      5.5504,     11.1009,      1.3064,     28.3970,     56.7940,      0.0191,      0.0024,      0.0509,      0.1985,   7682.2832,-421793.9375,  -1046.8458,    547.7803,  25607.6113,
       1,     168,      45,      10,       1,       3,       1,     10.0000,      1.3950,     42.5191,    247.1366,     62.1951,      3.4953,      0.1616,      0.1294,     33.3994,      0.1631,      5.5504,     11.1009,      1.4415,     28.3970,     56.7940,      0.0191,      0.0020,      0.2108,      0.1985,   7682.2837,-430539.2188,  -1049.2147,    547.1815,  25607.6113,
       1,     168,      45,      11,       1,       3,       1,     10.0000,      1.3950,     42.5191,    247.1366,     62.1951,      3.4953,      0.1654,      0.1329,     41.8769,      0.1720,      5.5504,     11.1009,      1.5198,     28.3970,     56.7940,      0.0191,      0.0024,      0.2153,      0.1985,   7682.2837,-461431.1875,  -1057.6914,    545.0688,  25607.6113,
       1,     168,      45,      12,       1,       3,       1,     10.0000,      1.3950,     42.5191,    247.1366,     62.1951,      3.4953,      0.1900,      0.1571,     54.0474,      0.1824,      5.5504,     11.1009,      1.6118,     28.3970,     56.7940,      0.0191,      0.0027,      0.2500,      0.1984,   7682.2837,-474975.4062,  -1061.5037,    544.1501,  25607.6094,
       1,     168,      45,      13,       1,       3,       1,     10.0000,      1.3950,     42.5191,    247.1366,     62.1951,      3.4953,      0.1905,      0.1572,     62.1552,      0.1967,      5.5504,     11.1009,      1.7378,     28.3970,     56.7940,      0.0191,      0.0031,      0.2500,      0.1984,   7682.2832,-491710.5938,  -1066.2186,    543.0126,  25607.6074,
       1,     168,      45,      14,       1,       3,       1,     10.0000,      1.3950,     42.5191,    247.1366,     62.1951,      3.4953,      0.1906,      0.1573,     63.1136,      0.1953,      5.5504,     11.1009,      1.7259,     28.3970,     56.7940,      0.0191,      0.0031,      0.2500,      0.1984,   7682.2827,-503538.9062,  -1069.6285,    542.2109,  25607.6094,
       1,     168,      45,      15,       1,       3,       1,     10.0000,      1.3950,     42.5191,    247.1366,     62.1951,      3.4953,      0.1915,      0.1583,     74.3444,      0.1943,      5.5504,     11.1009,      1.7173,     28.3970,     56.7940,      0.0191,      0.0037,      0.2500,      0.1984,   7682.2832,-505795.1875,  -1070.4579,    542.0586,  25607.6055,
       1,     168,      45,      16,       1,       3,       1,     10.0000,      1.3950,     42.5191,    247.1366,     62.1951,      3.4953,      0.1923,      0.1590,     86.1524,      0.1998,      5.5504,     11.1009,      1.7655,     28.3970,     56.7940,      0.0191,      0.0043,      0.2500,      0.1984,   7682.2817,-520353.6875,  -1074.6783,    541.0721,  25607.6074,
       1,     168,      45,      17,       1,       3,       1,     10.0000,      1.3950,     42.5191,    247.1366,     62.1951,      3.4953,      0.1896,      0.1564,    103.5710,      0.1955,      5.5504,     11.1009,      1.7276,     28.3970,     56.7940,      0.0191,      0.0052,      0.2440,      0.1984,   7682.2827,-536728.2500,  -1079.4594,    539.9656,  25607.6055,
       1,     168,      45,      18,       1,       3,       1,     10.0000,      1.3950,     42.5191,    247.1366,     62.1951,      3.4953,      0.1727,      0.1396,    102.1093,      0.1890,      5.5504,     11.1009,      1.6704,     28.3970,     56.7940,      0.0191,      0.0057,      0.2192,      0.1984,   7682.2817,-560443.2500,  -1086.3721,    538.3660,  25607.6094,
       1,     168,      45,      19,       1,       3,       1,     10.0000,      1.3950,     42.5191,    247.1366,     62.1951,      3.4953,      0.1207,      0.0880,     63.3451,      0.1765,      5.5504,     11.1009,      1.5597,     28.3970,     56.7940,      0.0191,      0.0053,      0.1475,      0.1983,   7682.2832,-560642.9375,  -1086.8827,    538.3550,  25607.6074,
       1,     168,      45,      20,       1,       3,       1,     10.0000,      1.3950,     42.5191,    247.1366,     62.1951,      3.4953,      0.0161,     -0.0162,      0.8475,      0.1646,      5.5504,     11.1009,      1.4545,     28.3970,     56.7940,      0.0191,      0.0051,      0.0021,      0.1983,   7682.2827,-511040.0938,  -1073.5397,    541.6929,  25607.6055,
       1,     168,      45,      21,       1,       3,       1,     10.0000,      1.3950,     42.5191,    247.1366,     62.1951,      3.4953,      0.0000,     -0.0321,      6.9684,      0.1586,      5.5504,     11.1009,      1.4016,     28.3970,     56.7940,      0.0191,      0.0055,      0.0156,      0.1984,   7682.2817,-426827.7500,  -1050.2729,    547.4055,  25607.6055,
       1,     168,      45,      22,       1,       3,       1,     10.0000,      1.3950,     42.5191,    247.1366,     62.1951,      3.4953,      0.0000,     -0.0319,      6.9805,      0.1550,      5.5504,     11.1009,      1.3696,     28.3970,     56.7940,      0.0191,      0.0055,      0.0156,      0.1985,   7682.2817,-427384.2500,  -1050.3289,    547.3976,  25607.6074,
       1,     168,      45,      23,       1,       3,       1,     10.0000,      1.3950,     42.5191,    247.1366,     62.1951,      3.4953,      0.0000,     -0.0317,      7.0802,      0.1495,      5.5504,     11.1009,      1.3209,     28.3970,     56.7940,      0.0191,      0.0056,      0.0156,      0.1985,   7682.2827,-427409.7500,  -1050.2351,    547.3959,  25607.6035,
       1,     168,      45,      24,       1,       3,       1,     10.0000,      1.3950,     42.5191,    247.1366,     62.1951,      3.4953,      0.0000,     -0.0316,      6.8473,      0.1464,      5.5504,     11.1009,      1.2933,     28.3970,     56.7940,      0.0191,      0.0054,      0.0156,      0.1985,   7682.2812,-427539.5938,  -1050.1696,    547.3870,  25607.6016,
       1,     168,      46,       1,       1,       3,       1,     10.0000,      1.3950,     42.5195,    247.1424,     62.1965,      3.4953,      0.0000,     -0.0317,      5.1115,      0.1484,      5.5502,     11.1004,      1.3117,     28.4029,     56.8058,      0.0191,      0.0040,      0.0156,      0.1985,   7682.2808,-427408.0625,  -1050.4429,    547.4088,  25608.7500,
       1,     168,      46,       2,       1,       3,       1,     10.0000,      1.3950,     42.5195,    247.1424,     62.1965,      3.4953,      0.0000,     -0.0317,      4.2535,      0.1468,      5.5502,     11.1004,      1.2972,     28.4029,     56.8058,      0.0191,      0.0034,      0.0156,      0.1985,   7682.6255,-425026.9688,  -1049.3088,    547.5717,  25608.7500,
       1,     168,      46,       3,       1,       3,       1,     10.0000,      1.3950,     42.5195,    247.1424,     62.1965,      3.4953,      0.0000,     -0.0316,      3.6049,      0.1447,      5.5502,     11.1004,      1.2790,     28.4029,     56.8058,      0.0191,      0.0029,      0.0156,      0.1985,   7682.6255,-423723.0312,  -1048.8900,    547.6609,  25608.7500,
       1,     168,      46,       4,       1,       3,       1,     10.0000,      1.3950,     42.5195,    247.1424,     62.1965,      3.4953,      0.0000,     -0.0317,      3.1985,      0.1495,      5.5502,     11.1004,      1.3209,     28.4029,     56.8058,      0.0191,      0.0025,      0.0156,      0.1985,   7682.6255,-422780.8750,  -1048.5809,    547.7255,  25608.7520,
       1,     168,      46,       5,       1,       3,       1,     10.0000,      1.3950,     42.5195,    247.1424,     62.1965,      3.4953,      0.0000,     -0.0318,      2.9516,      0.1519,      5.5502,     11.1004,      1.3424,     28.4029,     56.8058,      0.0191,      0.0023,      0.0156,      0.1985,   7682.6260,-422179.1875,  -1048.3723,    547.7667,  25608.7500,
       1,     168,      46,       6,       1,       3,       1,     10.0000,      1.3950,     42.5195,    247.1424,     62.1965,      3.4953,      0.0000,     -0.0318,      3.2141,      0.1518,      5.5502,     11.1004,      1.3410,     28.4029,     56.8058,      0.0191,      0.0025,      0.0156,      0.1985,   7682.6255,-421811.5312,  -1048.2330,    547.7919,  25608.7500,
       1,     168,      46,       7,       1,       3,       1,     10.0000,      1.3950,     42.5195,    247.1424,     62.1965,      3.4953,      0.0000,     -0.0317,      3.0111,      0.1481,      5.5502,     11.1004,      1.3090,     28.4029,     56.8058,      0.0191,      0.0024,      0.0156,      0.1985,   7682.6255,-422114.6250,  -1048.2759,    547.7711,  25608.7480,
       1,     168,      46,       8,       1,       3,       1,     10.0000,      1.3950,     42.5195,    247.1424,     62.1965,      3.4953,      0.0009,     -0.0308,      2.9947,      0.1483,      5.5502,     11.1004,      1.3103,     28.4029,     56.8058,      0.0191,      0.0024,      0.0156,      0.1985,   7682.6245,-421882.0938,  -1048.1738,    547.7871,  25608.7480,
       1,     168,      46,       9,       1,       3,       1,     10.0000,      1.3950,     42.5195,    247.1424,     62.1965,      3.4953,      0.0660,      0.0342,     16.3834,      0.1512,      5.5502,     11.1004,      1.3356,     28.4029,     56.8058,      0.0191,      0.0027,      0.0736,      0.1985,   7682.6245,-421840.5938,  -1048.1251,    547.7899,  25608.7500,
       1,     168,      46,      10,       1,       3,       1,     10.0000,      1.3950,     42.5195,    247.1424,     62.1965,      3.4953,      0.1538,      0.1216,     48.8364,      0.1628,      5.5502,     11.1004,      1.4386,     28.4029,     56.8058,      0.0191,      0.0030,      0.1976,      0.1985,   7682.6255,-438934.6250,  -1052.8594,    546.6194,  25608.7480,
       1,     168,      46,      11,       1,       3,       1,     10.0000,      1.3950,     42.5195,    247.1424,     62.1965,      3.4953,      0.1825,      0.1497,     61.1110,      0.1804,      5.5502,     11.1004,      1.5943,     28.4029,     56.8058,      0.0191,      0.0032,      0.2382,      0.1985,   7682.6245,-481886.5625,  -1064.8650,    543.6859,  25608.7500,
       1,     168,      46,      12,       1,       3,       1,     10.0000,      1.3950,     42.5195,    247.1424,     62.1965,      3.4953,      0.1901,      0.1569,     56.5962,      0.1924,      5.5502,     11.1004,      1.7005,     28.4029,     56.8058,      0.0191,      0.0028,      0.2500,      0.1984,   7682.6255,-501347.1875,  -1070.4174,    542.3712,  25608.7480,
       1,     168,      46,      13,       1,       3,       1,     10.0000,      1.3950,     42.5195,    247.1424,     62.1965,      3.4953,      0.1906,      0.1570,     63.6980,      0.2056,      5.5502,     11.1004,      1.8168,     28.4029,     56.8058,      0.0191,      0.0031,      0.2500,      0.1984,   7682.6245,-497265.7812,  -1069.4358,    542.6495,  25608.7500,
       1,     168,      46,      14,       1,       3,       1,     10.0000,      1.3950,     42.5195,    247.1424,     62.1965,      3.4953,      0.1908,      0.1571,     67.1728,      0.2097,      5.5502,     11.1004,      1.8529,     28.4029,     56.8058,      0.0191,      0.0033,      0.2500,      0.1984,   7682.6255,-505987.8125,  -1071.9926,    542.0580,  25608.7480,
       1,     168,      46,      15,       1,       3,       1,     10.0000,      1.3950,     42.5195,    247.1424,     62.1965,      3.4953,      0.1916,      0.1578,     78.7082,      0.2160,      5.5502,     11.1004,      1.9084,     28.4029,     56.8058,      0.0191,      0.0039,      0.2500,      0.1984,   7682.6245,-511191.6562,  -1073.5986,    541.7056,  25608.7461,
       1,     168,      46,      16,       1,       3,       1,     10.0000,      1.3950,     42.5195,    247.1424,     62.1965,      3.4953,      0.1935,      0.1598,    101.3923,      0.2107,      5.5502,     11.1004,      1.8621,     28.4029,     56.8058,      0.0191,      0.0050,      0.2500,      0.1984,   7682.6240,-526396.5000,  -1078.0284,    540.6761,  25608.7461,
       1,     168,      46,      17,       1,       3,       1,     10.0000,      1.3950,     42.5195,    247.1424,     62.1965,      3.4953,      0.1887,      0.1553,    107.5836,      0.2006,      5.5502,     11.1004,      1.7726,     28.4029,     56.8058,      0.0191,      0.0055,      0.2421,      0.1984,   7682.6240,-556738.5000,  -1086.8202,    538.6265,  25608.7461,
       1,     168,      46,      18,       1,       3,       1,     10.0000,      1.3950,     42.5195,    247.1424,     62.1965,      3.4953,      0.1707,      0.1377,    103.9261,      0.1875,      5.5502,     11.1004,      1.6572,     28.4029,     56.8058,      0.0191,      0.0059,      0.2161,      0.1984,   7682.6240,-567315.0625,  -1090.1995,    537.9183,  25608.7461,
       1,     168,      46,      19,       1,       3,       1,     10.0000,      1.3950,     42.5195,    247.1424,     62.1965,      3.4953,      0.1299,      0.0972,     77.3654,      0.1760,      5.5502,     11.1004,      1.5551,     28.4029,     56.8058,      0.0191,      0.0060,      0.1593,      0.1983,   7682.6240,-563550.5625,  -1089.6061,    538.1718,  25608.7441,
       1,     168,      46,      20,       1,       3,       1,     10.0000,      1.3950,     42.5195,    247.1424,     62.1965,      3.4953,      0.0183,     -0.0139,      2.7120,      0.1622,      5.5502,     11.1004,      1.4329,     28.4029,     56.8058,      0.0191,      0.0065,      0.0052,      0.1983,   7682.6235,-529228.2500,  -1080.3516,    540.4808,  25608.7441,
       1,     168,      46,      21,       1,       3,       1,     10.0000,      1.3950,     42.5195,    247.1424,     62.1965,      3.4953,      0.0000,     -0.0320,      8.0423,      0.1555,      5.5502,     11.1004,      1.3738,     28.4029,     56.8058,      0.0191,      0.0064,      0.0156,      0.1984,   7682.6235,-430764.8125,  -1052.6964,    547.1380,  25608.7422,
       1,     168,      46,      22,       1,       3,       1,     10.0000,      1.3950,     42.5195,    247.1424,     62.1965,      3.4953,      0.0000,     -0.0319,      7.2009,      0.1539,      5.5502,     11.1004,      1.3600,     28.4029,     56.8058,      0.0191,      0.0057,      0.0156,      0.1985,   7682.6230,-429116.8125,  -1052.1384,    547.2918,  25608.7402,
       1,     168,      46,      23,       1,       3,       1,     10.0000,      1.3950,     42.5195,    247.1424,     62.1965,      3.4953,      0.0000,     -0.0320,      6.4570,      0.1558,      5.5502,     11.1004,      1.3765,     28.4029,     56.8058,      0.0191,      0.0051,      0.0156,      0.1985,   7682.6226,-427845.9062,  -1051.6960,    547.3788,  25608.7422,
       1,     168,      46,      24,       1,       3,       1,     10.0000,      1.3950,     42.5195,    247.1424,     62.1965,      3.4953,      0.0000,     -0.0320,      5.8588,      0.1574,      5.5502,     11.1004,      1.3904,     28.4029,     56.8058,      0.0191,      0.0046,      0.0156,      0.1985,   7682.6230,-426784.5312,  -1051.3207,    547.4515,  25608.7422,
       1,     168,      47,       1,       1,       3,       1,     10.0000,      1.3950,     42.5198,    247.1482,     62.1980,      3.4953,      0.0000,     -0.0320,      4.4886,      0.1569,      5.5505,     11.1009,      1.3863,     28.4096,     56.8192,      0.0191,      0.0035,      0.0156,      0.1985,   7682.6230,-426082.0312,  -1051.4688,    547.5124,  25609.8848,
       1,     168,      47,       2,       1,       3,       1,     10.0000,      1.3950,     42.5198,    247.1482,     62.1980,      3.4953,      0.0000,     -0.0321,      3.9542,      0.1596,      5.5505,     11.1009,      1.4101,     28.4096,     56.8192,      0.0191,      0.0031,      0.0156,      0.1985,   7682.9658,-424118.8750,  -1050.4558,    547.6468,  25609.8867,
       1,     168,      47,       3,       1,       3,       1,     10.0000,      1.3950,     42.5198,    247.1482,     62.1980,      3.4953,      0.0000,     -0.0320,      3.7594,      0.1564,      5.5505,     11.1009,      1.3821,     28.4096,     56.8192,      0.0191,      0.0030,      0.0156,      0.1985,   7682.9663,-423264.5938,  -1050.1709,    547.7052,  25609.8867,
       1,     168,      47,       4,       1,       3,       1,     10.0000,      1.3950,     42.5198,    247.1482,     62.1980,      3.4953,      0.0000,     -0.0320,      3.8374,      0.1552,      5.5505,     11.1009,      1.3710,     28.4096,     56.8192,      0.0191,      0.0030,      0.0156,      0.1985,   7682.9663,-422941.2812,  -1050.0393,    547.7274,  25609.8848,
       1,     168,      47,       5,       1,       3,       1,     10.0000,      1.3950,     42.5198,    247.1482,     62.1980,      3.4953,      0.0000,     -0.0319,      3.7245,      0.1533,      5.5505,     11.1009,      1.3546,     28.4096,     56.8192,      0.0191,      0.0029,      0.0156,      0.1985,   7682.9658,-423012.7812,  -1050.0186,    547.7225,  25609.8848,
       1,     168,      47,       6,       1,       3,       1,     10.0000,      1.3950,     42.5198,    247.1482,     62.1980,      3.4953,      0.0000,     -0.0318,      3.5690,      0.1496,      5.5505,     11.1009,      1.3223,     28.4096,     56.8192,      0.0191,      0.0028,      0.0156,      0.1985,   7682.9658,-422874.8125,  -1049.9410,    547.7319,  25609.8848,
       1,     168,      47,       7,       1,       3,       1,     10.0000,      1.3950,     42.5198,    247.1482,     62.1980,      3.4953,      0.0000,     -0.0317,      3.7627,      0.1475,      5.5505,     11.1009,      1.3038,     28.4096,     56.8192,      0.0191,      0.0030,      0.0156,      0.1985,   7682.9658,-422664.2500,  -1049.8452,    547.7464,  25609.8848,
       1,     168,      47,       8,       1,       3,       1,     10.0000,      1.3950,     42.5198,    247.1482,     62.1980,      3.4953,      0.0005,     -0.0311,      3.5520,      0.1465,      5.5505,     11.1009,      1.2946,     28.4096,     56.8192,      0.0191,      0.0028,      0.0156,      0.1985,   7682.9658,-422893.0312,  -1049.8705,    547.7307,  25609.8848,
       1,     168,      47,       9,       1,       3,       1,     10.0000,      1.3950,     42.5198,    247.1482,     62.1980,      3.4953,      0.0281,     -0.0035,      4.3458,      0.1459,      5.5505,     11.1009,      1.2894,     28.4096,     56.8192,      0.0191,      0.0027,      0.0200,      0.1985,   7682.9658,-422644.2500,  -1049.7642,    547.7478,  25609.8848,
       1,     168,      47,      10,       1,       3,       1,     10.0000,      1.3950,     42.5198,    247.1482,     62.1980,      3.4953,      0.1050,      0.0731,     30.2395,      0.1528,      5.5505,     11.1009,      1.3505,     28.4096,     56.8192,      0.0191,      0.0029,      0.1287,      0.1985,   7682.9658,-423635.9375,  -1050.0085,    547.6799,  25609.8848,
       1,     168,      47,      11,       1,       3,       1,     10.0000,      1.3950,     42.5198,    247.1482,     62.1980,      3.4953,      0.1568,      0.1245,     41.9133,      0.1643,      5.5505,     11.1009,      1.4517,     28.4096,     56.8192,      0.0191,      0.0026,      0.2027,      0.1985,   7682.9658,-456786.3750,  -1059.3909,    545.4104,  25609.8867,
       1,     168,      47,      12,       1,       3,       1,     10.0000,      1.3950,     42.5198,    247.1482,     62.1980,      3.4953,      0.1810,      0.1482,     59.6508,      0.1785,      5.5505,     11.1009,      1.5770,     28.4096,     56.8192,      0.0191,      0.0031,      0.2361,      0.1985,   7682.9663,-474610.2812,  -1064.4896,    544.1998,  25609.8848,
       1,     168,      47,      13,       1,       3,       1,     10.0000,      1.3950,     42.5198,    247.1482,     62.1980,      3.4953,      0.1882,      0.1551,     52.8960,      0.1926,      5.5505,     11.1009,      1.7022,     28.4096,     56.8192,      0.0191,      0.0026,      0.2477,      0.1985,   7682.9658,-498830.1250,  -1071.4581,    542.5536,  25609.8828,
       1,     168,      47,      14,       1,       3,       1,     10.0000,      1.3950,     42.5198,    247.1482,     62.1980,      3.4953,      0.1892,      0.1558,     45.6589,      0.1992,      5.5505,     11.1009,      1.7604,     28.4096,     56.8192,      0.0191,      0.0023,      0.2500,      0.1985,   7682.9653,-492312.3125,  -1069.7683,    542.9982,  25609.8828,
       1,     168,      47,      15,       1,       3,       1,     10.0000,      1.3950,     42.5198,    247.1482,     62.1980,      3.4953,      0.1854,      0.1522,     44.4156,      0.1963,      5.5505,     11.1009,      1.7345,     28.4096,     56.8192,      0.0191,      0.0022,      0.2446,      0.1985,   7682.9653,-482491.0625,  -1067.0994,    543.6650,  25609.8828,
       1,     168,      47,      16,       1,       3,       1,     10.0000,      1.3950,     42.5198,    247.1482,     62.1980,      3.4953,      0.1716,      0.1386,     50.7519,      0.1863,      5.5505,     11.1009,      1.6458,     28.4096,     56.8192,      0.0191,      0.0028,      0.2234,      0.1985,   7682.9653,-480047.3750,  -1066.5107,    543.8314,  25609.8828,
       1,     168,      47,      17,       1,       3,       1,     10.0000,      1.3950,     42.5198,    247.1482,     62.1980,      3.4953,      0.1624,      0.1293,     63.7847,      0.1892,      5.5505,     11.1009,      1.6721,     28.4096,     56.8192,      0.0191,      0.0038,      0.2085,      0.1985,   7682.9653,-487931.6875,  -1068.8707,    543.2955,  25609.8828,
       1,     168,      47,      18,       1,       3,       1,     10.0000,      1.3950,     42.5198,    247.1482,     62.1980,      3.4953,      0.1217,      0.0889,     55.7391,      0.1790,      5.5505,     11.1009,      1.5817,     28.4096,     56.8192,      0.0191,      0.0046,      0.1498,      0.1985,   7682.9653,-505277.5000,  -1073.9631,    542.1177,  25609.8828,
       1,     168,      47,      19,       1,       3,       1,     10.0000,      1.3950,     42.5198,    247.1482,     62.1980,      3.4953,      0.0862,      0.0537,     38.6605,      0.1708,      5.5505,     11.1009,      1.5093,     28.4096,     56.8192,      0.0191,      0.0048,      0.0999,      0.1984,   7682.9653,-496506.1875,  -1071.6735,    542.7134,  25609.8809,
       1,     168,      47,      20,       1,       3,       1,     10.0000,      1.3950,     42.5198,    247.1482,     62.1980,      3.4953,      0.0179,     -0.0144,      1.6657,      0.1651,      5.5505,     11.1009,      1.4589,     28.4096,     56.8192,      0.0191,      0.0045,      0.0046,      0.1985,   7682.9644,-473910.1250,  -1065.3920,    544.2467,  25609.8770,
       1,     168,      47,      21,       1,       3,       1,     10.0000,      1.3950,     42.5198,    247.1482,     62.1980,      3.4953,      0.0000,     -0.0321,      4.8883,      0.1602,      5.5505,     11.1009,      1.4158,     28.4096,     56.8192,      0.0191,      0.0039,      0.0156,      0.1985,   7682.9634,-424673.4375,  -1051.3855,    547.5985,  25609.8789,
       1,     168,      47,      22,       1,       3,       1,     10.0000,      1.3950,     42.5198,    247.1482,     62.1980,      3.4953,      0.0000,     -0.0320,      4.9565,      0.1556,      5.5505,     11.1009,      1.3752,     28.4096,     56.8192,      0.0191,      0.0039,      0.0156,      0.1985,   7682.9639,-424520.0312,  -1051.2961,    547.6193,  25609.8770,
       1,     168,      47,      23,       1,       3,       1,     10.0000,      1.3950,     42.5198,    247.1482,     62.1980,      3.4953,      0.0000,     -0.0319,      4.2271,      0.1542,      5.5505,     11.1009,      1.3628,     28.4096,     56.8192,      0.0191,      0.0033,      0.0156,      0.1985,   7682.9634,-424580.7188,  -1051.2698,    547.6151,  25609.8789,
       1,     168,      47,      24,       1,       3,       1,     10.0000,      1.3950,     42.5198,    247.1482,     62.1980,      3.4953,      0.0000,     -0.0319,      3.5817,      0.1535,      5.5505,     11.1009,      1.3560,     28.4096,     56.8192,      0.0191,      0.0028,      0.0156,      0.1985,   7682.9639,-423654.4375,  -1050.9677,    547.6785,  25609.8789,
       1,     168,      48,       1,       1,       3,       1,     10.0000,      1.3950,     42.5201,    247.1541,     62.1995,      3.4953,      0.0000,     -0.0319,      3.5141,      0.1536,      5.5512,     11.1024,      1.3574,     28.4095,     56.8191,      0.0191,      0.0028,      0.0156,      0.1985,   7682.9639,-422904.3750,  -1051.1388,    547.7428,  25611.0254,
       1,     168,      48,       2,       1,       3,       1,     10.0000,      1.3950,     42.5201,    247.1541,     62.1995,      3.4953,      0.0000,     -0.0319,      3.3867,      0.1539,      5.5512,     11.1024,      1.3601,     28.4095,     56.8191,      0.0191,      0.0027,      0.0156,      0.1985,   7683.3081,-422599.8750,  -1050.6061,    547.7637,  25611.0254,
       1,     168,      48,       3,       1,       3,       1,     10.0000,      1.3950,     42.5201,    247.1541,     62.1995,      3.4953,      0.0000,     -0.0320,      3.1744,      0.1552,      5.5512,     11.1024,      1.3711,     28.4095,     56.8191,      0.0191,      0.0025,      0.0156,      0.1986,   7683.3081,-422410.5625,  -1050.5228,    547.7766,  25611.0254,
       1,     168,      48,       4,       1,       3,       1,     10.0000,      1.3950,     42.5201,    247.1541,     62.1995,      3.4953,      0.0000,     -0.0320,      3.0176,      0.1569,      5.5512,     11.1024,      1.3863,     28.4095,     56.8191,      0.0191,      0.0024,      0.0156,      0.1986,   7683.3081,-422123.0000,  -1050.4135,    547.7963,  25611.0254,
       1,     168,      48,       5,       1,       3,       1,     10.0000,      1.3950,     42.5201,    247.1541,     62.1995,      3.4953,      0.0000,     -0.0320,      2.8428,      0.1559,      5.5512,     11.1024,      1.3780,     28.4095,     56.8191,      0.0191,      0.0022,      0.0156,      0.1986,   7683.3081,-421897.6250,  -1050.3235,    547.8118,  25611.0254,
       1,     168,      48,       6,       1,       3,       1,     10.0000,      1.3950,     42.5201,    247.1541,     62.1995,      3.4953,      0.0000,     -0.0320,      2.7551,      0.1566,      5.5512,     11.1024,      1.3835,     28.4095,     56.8191,      0.0191,      0.0022,      0.0156,      0.1986,   7683.3081,-421654.6875,  -1050.2305,    547.8284,  25611.0254,
       1,     168,      48,       7,       1,       3,       1,     10.0000,      1.3950,     42.5201,    247.1541,     62.1995,      3.4953,      0.0000,     -0.0321,      2.7113,      0.1609,      5.5512,     11.1024,      1.4215,     28.4095,     56.8191,      0.0191,      0.0021,      0.0156,      0.1986,   7683.3081,-421521.5938,  -1050.1697,    547.8375,  25611.0234,
       1,     168,      48,       8,       1,       3,       1,     10.0000,      1.3950,     42.5201,    247.1541,     62.1995,      3.4953,      0.0006,     -0.0315,      2.7912,      0.1594,      5.5512,     11.1024,      1.4087,     28.4095,     56.8191,      0.0191,      0.0022,      0.0156,      0.1986,   7683.3071,-421454.0625,  -1050.1289,    547.8421,  25611.0234,
       1,     168,      48,       9,       1,       3,       1,     10.0000,      1.3950,     42.5201,    247.1541,     62.1995,      3.4953,      0.0369,      0.0048,      5.7502,      0.1612,      5.5512,     11.1024,      1.4243,     28.4095,     56.8191,      0.0191,      0.0022,      0.0321,      0.1986,   7683.3071,-421550.2812,  -1050.1337,    547.8355,  25611.0234,
       1,     168,      48,      10,       1,       3,       1,     10.0000,      1.3950,     42.5201,    247.1541,     62.1995,      3.4953,      0.0822,      0.0498,     16.1214,      0.1668,      5.5512,     11.1024,      1.4736,     28.4095,     56.8191,      0.0191,      0.0021,      0.0967,      0.1986,   7683.3071,-425336.5938,  -1051.1921,    547.5764,  25611.0254,
       1,     168,      48,      11,       1,       3,       1,     10.0000,      1.3950,     42.5201,    247.1541,     62.1995,      3.4953,      0.1749,      0.1419,     40.7691,      0.1857,      5.5512,     11.1024,      1.6410,     28.4095,     56.8191,      0.0191,      0.0022,      0.2294,      0.1985,   7683.3081,-438909.1875,  -1055.0571,    546.6473,  25611.0234,
       1,     168,      48,      12,       1,       3,       1,     10.0000,      1.3950,     42.5201,    247.1541,     62.1995,      3.4953,      0.1732,      0.1401,     54.2350,      0.1907,      5.5512,     11.1024,      1.6855,     28.4095,     56.8191,      0.0191,      0.0030,      0.2255,      0.1985,   7683.3071,-471573.8125,  -1064.3942,    544.4161,  25611.0254,
       1,     168,      48,      13,       1,       3,       1,     10.0000,      1.3950,     42.5201,    247.1541,     62.1995,      3.4953,      0.1851,      0.1519,     69.6287,      0.1930,      5.5512,     11.1024,      1.7056,     28.4095,     56.8191,      0.0191,      0.0036,      0.2411,      0.1985,   7683.3081,-491642.5625,  -1070.2213,    543.0549,  25611.0234,
       1,     168,      48,      14,       1,       3,       1,     10.0000,      1.3950,     42.5201,    247.1541,     62.1995,      3.4953,      0.1902,      0.1565,     58.7906,      0.2081,      5.5512,     11.1024,      1.8385,     28.4095,     56.8191,      0.0191,      0.0029,      0.2500,      0.1985,   7683.3071,-513065.9375,  -1076.5122,    541.6024,  25611.0234,
       1,     168,      48,      15,       1,       3,       1,     10.0000,      1.3950,     42.5201,    247.1541,     62.1995,      3.4953,      0.1902,      0.1563,     59.5279,      0.2162,      5.5512,     11.1024,      1.9104,     28.4095,     56.8191,      0.0191,      0.0029,      0.2500,      0.1985,   7683.3071,-501079.3125,  -1073.2930,    542.4158,  25611.0215,
       1,     168,      48,      16,       1,       3,       1,     10.0000,      1.3950,     42.5201,    247.1541,     62.1995,      3.4953,      0.1916,      0.1578,     77.7894,      0.2141,      5.5512,     11.1024,      1.8917,     28.4095,     56.8191,      0.0191,      0.0038,      0.2500,      0.1985,   7683.3066,-500977.8750,  -1073.4287,    542.4233,  25611.0195,
       1,     168,      48,      17,       1,       3,       1,     10.0000,      1.3950,     42.5201,    247.1541,     62.1995,      3.4953,      0.1870,      0.1533,     82.0766,      0.2122,      5.5512,     11.1024,      1.8750,     28.4095,     56.8191,      0.0191,      0.0042,      0.2427,      0.1985,   7683.3062,-524311.2500,  -1080.3064,    540.8412,  25611.0215,
       1,     168,      48,      18,       1,       3,       1,     10.0000,      1.3950,     42.5201,    247.1541,     62.1995,      3.4953,      0.1602,      0.1268,     70.9138,      0.2010,      5.5512,     11.1024,      1.7761,     28.4095,     56.8191,      0.0191,      0.0043,      0.2045,      0.1984,   7683.3066,-531832.5000,  -1082.7516,    540.3351,  25611.0195,
       1,     168,      48,      19,       1,       3,       1,     10.0000,      1.3950,     42.5201,    247.1541,     62.1995,      3.4953,      0.1137,      0.0808,     54.0093,      0.1842,      5.5512,     11.1024,      1.6280,     28.4095,     56.8191,      0.0191,      0.0048,      0.1383,      0.1984,   7683.3062,-518209.2812,  -1079.1680,    541.2555,  25611.0195,
       1,     168,      48,      20,       1,       3,       1,     10.0000,      1.3950,     42.5201,    247.1541,     62.1995,      3.4953,      0.0159,     -0.0166,      0.6785,      0.1703,      5.5512,     11.1024,      1.5049,     28.4095,     56.8191,      0.0191,      0.0053,      0.0016,      0.1985,   7683.3062,-495411.5312,  -1072.8782,    542.7986,  25611.0176,
       1,     168,      48,      21,       1,       3,       1,     10.0000,      1.3950,     42.5201,    247.1541,     62.1995,      3.4953,      0.0000,     -0.0322,      6.6381,      0.1626,      5.5512,     11.1024,      1.4372,     28.4095,     56.8191,      0.0191,      0.0052,      0.0156,      0.1985,   7683.3057,-425268.4688,  -1052.8082,    547.5600,  25611.0176,
       1,     168,      48,      22,       1,       3,       1,     10.0000,      1.3950,     42.5201,    247.1541,     62.1995,      3.4953,      0.0000,     -0.0322,      7.3888,      0.1618,      5.5512,     11.1024,      1.4301,     28.4095,     56.8191,      0.0191,      0.0058,      0.0156,      0.1985,   7683.3057,-426822.9062,  -1053.2107,    547.4746,  25611.0176,
       1,     168,      48,      23,       1,       3,       1,     10.0000,      1.3950,     42.5201,    247.1541,     62.1995,      3.4953,      0.0000,     -0.0322,      6.0381,      0.1628,      5.5512,     11.1024,      1.4387,     28.4095,     56.8191,      0.0191,      0.0048,      0.0156,      0.1985,   7683.3057,-427890.4062,  -1053.4673,    547.4016,  25611.0156,
       1,     168,      48,      24,       1,       3,       1,     10.0000,      1.3950,     42.5201,    247.1541,     62.1995,      3.4953,      0.0000,     -0.0323,      4.9245,      0.1643,      5.5512,     11.1024,      1.4517,     28.4095,     56.8191,      0.0191,      0.0039,      0.0156,      0.1985,   7683.3052,-426259.2812,  -1052.9578,    547.5131,  25611.0156,
       1,     168,      49,       1,       1,       3,       1,     10.0000,      1.3951,     42.5205,    247.1599,     62.2009,      3.4953,      0.0000,     -0.0322,      3.9393,      0.1625,      5.5513,     11.1025,      1.4358,     28.4120,     56.8239,      0.0191,      0.0031,      0.0156,      0.1986,   7683.3052,-424849.9375,  -1052.9396,    547.6226,  25612.1621,
       1,     168,      49,       2,       1,       3,       1,     10.0000,      1.3951,     42.5205,    247.1599,     62.2009,      3.4953,      0.0000,     -0.0321,      3.0521,      0.1607,      5.5513,     11.1025,      1.4201,     28.4120,     56.8239,      0.0191,      0.0024,      0.0156,      0.1986,   7683.6489,-423316.1875,  -1052.0538,    547.7275,  25612.1621,
       1,     168,      49,       3,       1,       3,       1,     10.0000,      1.3951,     42.5205,    247.1599,     62.2009,      3.4953,      0.0000,     -0.0322,      2.7833,      0.1618,      5.5513,     11.1025,      1.4301,     28.4120,     56.8239,      0.0191,      0.0022,      0.0156,      0.1986,   7683.6489,-422049.5625,  -1051.6710,    547.8143,  25612.1621,
       1,     168,      49,       4,       1,       3,       1,     10.0000,      1.3951,     42.5205,    247.1599,     62.2009,      3.4953,      0.0000,     -0.0322,      2.9401,      0.1627,      5.5513,     11.1025,      1.4373,     28.4120,     56.8239,      0.0191,      0.0023,      0.0156,      0.1986,   7683.6489,-421595.6562,  -1051.5239,    547.8453,  25612.1621,
       1,     168,      49,       5,       1,       3,       1,     10.0000,      1.3951,     42.5205,    247.1599,     62.2009,      3.4953,      0.0000,     -0.0321,      2.9076,      0.1593,      5.5513,     11.1025,      1.4073,     28.4120,     56.8239,      0.0191,      0.0023,      0.0156,      0.1986,   7683.6489,-421756.1562,  -1051.5527,    547.8344,  25612.1621,
       1,     168,      49,       6,       1,       3,       1,     10.0000,      1.3951,     42.5205,    247.1599,     62.2009,      3.4953,      0.0000,     -0.0320,      2.7390,      0.1580,      5.5513,     11.1025,      1.3961,     28.4120,     56.8239,      0.0191,      0.0022,      0.0156,      0.1986,   7683.6489,-421728.6562,  -1051.5280,    547.8362,  25612.1621,
       1,     168,      49,       7,       1,       3,       1,     10.0000,      1.3951,     42.5205,    247.1599,     62.2009,      3.4953,      0.0000,     -0.0319,      2.4947,      0.1544,      5.5513,     11.1025,      1.3642,     28.4120,     56.8239,      0.0191,      0.0020,      0.0156,      0.1986,   7683.6489,-421510.9688,  -1051.4491,    547.8511,  25612.1621,
       1,     168,      49,       8,       1,       3,       1,     10.0000,      1.3951,     42.5205,    247.1599,     62.2009,      3.4953,      0.0011,     -0.0308,      2.4877,      0.1542,      5.5513,     11.1025,      1.3629,     28.4120,     56.8239,      0.0191,      0.0020,      0.0156,      0.1986,   7683.6489,-421180.2188,  -1051.3394,    547.8738,  25612.1621,
       1,     168,      49,       9,       1,       3,       1,     10.0000,      1.3951,     42.5205,    247.1599,     62.2009,      3.4953,      0.0678,      0.0357,     12.9299,      0.1588,      5.5513,     11.1025,      1.4031,     28.4120,     56.8239,      0.0191,      0.0021,      0.0763,      0.1986,   7683.6489,-421142.2812,  -1051.3142,    547.8764,  25612.1621,
       1,     168,      49,      10,       1,       3,       1,     10.0000,      1.3951,     42.5205,    247.1599,     62.2009,      3.4953,      0.1188,      0.0864,     27.2749,      0.1683,      5.5513,     11.1025,      1.4870,     28.4120,     56.8239,      0.0191,      0.0023,      0.1489,      0.1986,   7683.6489,-434468.9062,  -1055.1454,    546.9637,  25612.1621,
       1,     168,      49,      11,       1,       3,       1,     10.0000,      1.3951,     42.5205,    247.1599,     62.2009,      3.4953,      0.1676,      0.1347,     43.9592,      0.1839,      5.5513,     11.1025,      1.6248,     28.4120,     56.8239,      0.0191,      0.0025,      0.2184,      0.1986,   7683.6489,-453951.6562,  -1060.7601,    545.6324,  25612.1621,
       1,     168,      49,      12,       1,       3,       1,     10.0000,      1.3951,     42.5205,    247.1599,     62.2009,      3.4953,      0.1897,      0.1562,     52.3445,      0.2024,      5.5513,     11.1025,      1.7885,     28.4120,     56.8239,      0.0191,      0.0026,      0.2500,      0.1985,   7683.6489,-476965.5312,  -1067.4294,    544.0645,  25612.1602,
       1,     168,      49,      13,       1,       3,       1,     10.0000,      1.3951,     42.5205,    247.1599,     62.2009,      3.4953,      0.1897,      0.1561,     53.2272,      0.2081,      5.5513,     11.1025,      1.8385,     28.4120,     56.8239,      0.0191,      0.0026,      0.2500,      0.1985,   7683.6484,-489691.1250,  -1071.1910,    543.2012,  25612.1602,
       1,     168,      49,      14,       1,       3,       1,     10.0000,      1.3951,     42.5205,    247.1599,     62.2009,      3.4953,      0.1901,      0.1563,     58.2756,      0.2137,      5.5513,     11.1025,      1.8880,     28.4120,     56.8239,      0.0191,      0.0029,      0.2500,      0.1985,   7683.6484,-491927.4688,  -1071.9717,    543.0500,  25612.1582,
       1,     168,      49,      15,       1,       3,       1,     10.0000,      1.3951,     42.5205,    247.1599,     62.2009,      3.4953,      0.1912,      0.1573,     72.4686,      0.2171,      5.5513,     11.1025,      1.9179,     28.4120,     56.8239,      0.0191,      0.0036,      0.2500,      0.1985,   7683.6479,-498573.0625,  -1074.0317,    542.5990,  25612.1582,
       1,     168,      49,      16,       1,       3,       1,     10.0000,      1.3951,     42.5205,    247.1599,     62.2009,      3.4953,      0.1923,      0.1584,     86.8456,      0.2181,      5.5513,     11.1025,      1.9274,     28.4120,     56.8239,      0.0191,      0.0043,      0.2500,      0.1985,   7683.6479,-517291.7812,  -1079.6151,    541.3295,  25612.1582,
       1,     168,      49,      17,       1,       3,       1,     10.0000,      1.3951,     42.5205,    247.1599,     62.2009,      3.4953,      0.1886,      0.1548,    100.2006,      0.2118,      5.5513,     11.1025,      1.8714,     28.4120,     56.8239,      0.0191,      0.0051,      0.2429,      0.1985,   7683.6479,-537306.6250,  -1085.6659,    539.9767,  25612.1562,
       1,     168,      49,      18,       1,       3,       1,     10.0000,      1.3951,     42.5205,    247.1599,     62.2009,      3.4953,      0.1700,      0.1366,     89.8305,      0.2020,      5.5513,     11.1025,      1.7850,     28.4120,     56.8239,      0.0191,      0.0051,      0.2167,      0.1985,   7683.6470,-556131.7500,  -1091.4808,    538.7078,  25612.1543,
       1,     168,      49,      19,       1,       3,       1,     10.0000,      1.3951,     42.5205,    247.1599,     62.2009,      3.4953,      0.1220,      0.0892,     62.8109,      0.1828,      5.5513,     11.1025,      1.6151,     28.4120,     56.8239,      0.0191,      0.0052,      0.1494,      0.1984,   7683.6465,-544506.9375,  -1088.5626,    539.4921,  25612.1562,
       1,     168,      49,      20,       1,       3,       1,     10.0000,      1.3951,     42.5205,    247.1599,     62.2009,      3.4953,      0.0208,     -0.0117,      3.4834,      0.1724,      5.5513,     11.1025,      1.5230,     28.4120,     56.8239,      0.0191,      0.0051,      0.0084,      0.1984,   7683.6470,-508936.9375,  -1078.6324,    541.8914,  25612.1562,
       1,     168,      49,      21,       1,       3,       1,     10.0000,      1.3951,     42.5205,    247.1599,     62.2009,      3.4953,      0.0000,     -0.0322,      6.8041,      0.1635,      5.5513,     11.1025,      1.4445,     28.4120,     56.8239,      0.0191,      0.0054,      0.0156,      0.1985,   7683.6470,-430022.3438,  -1055.9047,    547.2421,  25612.1543,
       1,     168,      49,      22,       1,       3,       1,     10.0000,      1.3951,     42.5205,    247.1599,     62.2009,      3.4953,      0.0000,     -0.0321,      7.5058,      0.1593,      5.5513,     11.1025,      1.4073,     28.4120,     56.8239,      0.0191,      0.0059,      0.0156,      0.1986,   7683.6465,-427460.1875,  -1055.1301,    547.4438,  25612.1523,
       1,     168,      49,      23,       1,       3,       1,     10.0000,      1.3951,     42.5205,    247.1599,     62.2009,      3.4953,      0.0000,     -0.0322,      7.8314,      0.1622,      5.5513,     11.1025,      1.4330,     28.4120,     56.8239,      0.0191,      0.0062,      0.0156,      0.1986,   7683.6460,-428098.6250,  -1055.2810,    547.4002,  25612.1523,
       1,     168,      49,      24,       1,       3,       1,     10.0000,      1.3951,     42.5205,    247.1599,     62.2009,      3.4953,      0.0000,     -0.0322,      5.8325,      0.1618,      5.5513,     11.1025,      1.4301,     28.4120,     56.8239,      0.0191,      0.0046,      0.0156,      0.1986,   7683.6460,-428570.0625,  -1055.3820,    547.3680,  25612.1523,
       1,     168,      50,       1,       1,       3,       1,     10.0000,      1.3951,     42.5208,    247.1657,     62.2024,      3.4953,      0.0000,     -0.0320,      5.4507,      0.1575,      5.5509,     11.1019,      1.3919,     28.4170,     56.8340,      0.0191,      0.0043,      0.0156,      0.1986,   7683.6460,-426213.9688,  -1055.0959,    547.5420,  25613.3008,
       1,     168,      50,       2,       1,       3,       1,     10.0000,      1.3951,     42.5208,    247.1657,     62.2024,      3.4953,      0.0000,     -0.0321,      4.5149,      0.1585,      5.5509,     11.1019,      1.4003,     28.4170,     56.8340,      0.0191,      0.0036,      0.0156,      0.1986,   7683.9907,-425368.0312,  -1054.4032,    547.5999,  25613.3008,
       1,     168,      50,       3,       1,       3,       1,     10.0000,      1.3951,     42.5208,    247.1657,     62.2024,      3.4953,      0.0000,     -0.0320,      3.8043,      0.1574,      5.5509,     11.1019,      1.3905,     28.4170,     56.8340,      0.0191,      0.0030,      0.0156,      0.1986,   7683.9907,-424099.5625,  -1054.0161,    547.6867,  25613.3008,
       1,     168,      50,       4,       1,       3,       1,     10.0000,      1.3951,     42.5208,    247.1657,     62.2024,      3.4953,      0.0000,     -0.0320,      3.8830,      0.1577,      5.5509,     11.1019,      1.3933,     28.4170,     56.8340,      0.0191,      0.0031,      0.0156,      0.1986,   7683.9907,-423081.7812,  -1053.7046,    547.7565,  25613.3008,
       1,     168,      50,       5,       1,       3,       1,     10.0000,      1.3951,     42.5208,    247.1657,     62.2024,      3.4953,      0.0000,     -0.0320,      3.9991,      0.1563,      5.5509,     11.1019,      1.3808,     28.4170,     56.8340,      0.0191,      0.0032,      0.0156,      0.1986,   7683.9907,-423093.1562,  -1053.6923,    547.7557,  25613.3008,
       1,     168,      50,       6,       1,       3,       1,     10.0000,      1.3951,     42.5208,    247.1657,     62.2024,      3.4953,      0.0000,     -0.0319,      3.9264,      0.1532,      5.5509,     11.1019,      1.3533,     28.4170,     56.8340,      0.0191,      0.0031,      0.0156,      0.1986,   7683.9907,-423242.3750,  -1053.7194,    547.7455,  25613.3008,
       1,     168,      50,       7,       1,       3,       1,     10.0000,      1.3951,     42.5208,    247.1657,     62.2024,      3.4953,      0.0000,     -0.0319,      3.8333,      0.1525,      5.5509,     11.1019,      1.3479,     28.4170,     56.8340,      0.0191,      0.0030,      0.0156,      0.1986,   7683.9907,-423162.6250,  -1053.6805,    547.7509,  25613.3008,
       1,     168,      50,       8,       1,       3,       1,     10.0000,      1.3951,     42.5208,    247.1657,     62.2024,      3.4953,      0.0011,     -0.0307,      3.9869,      0.1513,      5.5509,     11.1019,      1.3371,     28.4170,     56.8340,      0.0191,      0.0032,      0.0156,      0.1986,   7683.9907,-423036.7812,  -1053.6289,    547.7595,  25613.3008,
       1,     168,      50,       9,       1,       3,       1,     10.0000,      1.3951,     42.5208,    247.1657,     62.2024,      3.4953,      0.0840,      0.0521,     24.9310,      0.1541,      5.5509,     11.1019,      1.3615,     28.4170,     56.8340,      0.0191,      0.0031,      0.0987,      0.1986,   7683.9907,-423221.8750,  -1053.6667,    547.7469,  25613.2988,
       1,     168,      50,      10,       1,       3,       1,     10.0000,      1.3951,     42.5208,    247.1657,     62.2024,      3.4953,      0.1378,      0.1061,     42.8963,      0.1479,      5.5509,     11.1019,      1.3065,     28.4170,     56.8340,      0.0191,      0.0030,      0.1750,      0.1986,   7683.9897,-449971.8438,  -1061.4447,    545.9153,  25613.2988,
       1,     168,      50,      11,       1,       3,       1,     10.0000,      1.3951,     42.5208,    247.1657,     62.2024,      3.4953,      0.1880,      0.1556,     60.9872,      0.1698,      5.5509,     11.1019,      1.5004,     28.4170,     56.8340,      0.0191,      0.0031,      0.2462,      0.1986,   7683.9897,-475258.6562,  -1069.6431,    544.1929,  25613.2988,
       1,     168,      50,      12,       1,       3,       1,     10.0000,      1.3951,     42.5208,    247.1657,     62.2024,      3.4953,      0.1913,      0.1581,     71.7101,      0.1926,      5.5509,     11.1019,      1.7023,     28.4170,     56.8340,      0.0191,      0.0035,      0.2500,      0.1986,   7683.9897,-500578.4688,  -1077.0989,    542.4731,  25613.3008,
       1,     168,      50,      13,       1,       3,       1,     10.0000,      1.3951,     42.5208,    247.1657,     62.2024,      3.4953,      0.1912,      0.1578,     71.7359,      0.2014,      5.5509,     11.1019,      1.7797,     28.4170,     56.8340,      0.0191,      0.0035,      0.2500,      0.1985,   7683.9907,-516492.8438,  -1081.9165,    541.3967,  25613.2969,
       1,     168,      50,      14,       1,       3,       1,     10.0000,      1.3951,     42.5208,    247.1657,     62.2024,      3.4953,      0.1920,      0.1584,     82.9114,      0.2087,      5.5509,     11.1019,      1.8440,     28.4170,     56.8340,      0.0191,      0.0041,      0.2500,      0.1985,   7683.9893,-517912.0938,  -1082.5779,    541.3017,  25613.2969,
       1,     168,      50,      15,       1,       3,       1,     10.0000,      1.3951,     42.5208,    247.1657,     62.2024,      3.4953,      0.1912,      0.1575,     72.6977,      0.2105,      5.5509,     11.1019,      1.8604,     28.4170,     56.8340,      0.0191,      0.0036,      0.2500,      0.1985,   7683.9893,-532319.8125,  -1087.0322,    540.3268,  25613.2969,
       1,     168,      50,      16,       1,       3,       1,     10.0000,      1.3951,     42.5208,    247.1657,     62.2024,      3.4953,      0.1931,      0.1595,     96.4576,      0.2068,      5.5509,     11.1019,      1.8278,     28.4170,     56.8340,      0.0191,      0.0048,      0.2500,      0.1985,   7683.9893,-520517.5312,  -1083.8973,    541.1249,  25613.2969,
       1,     168,      50,      17,       1,       3,       1,     10.0000,      1.3951,     42.5208,    247.1657,     62.2024,      3.4953,      0.1921,      0.1588,    137.1986,      0.1951,      5.5509,     11.1019,      1.7244,     28.4170,     56.8340,      0.0191,      0.0069,      0.2437,      0.1985,   7683.9893,-549864.5000,  -1092.7451,    539.1404,  25613.2930,
       1,     168,      50,      18,       1,       3,       1,     10.0000,      1.3951,     42.5208,    247.1657,     62.2024,      3.4953,      0.1765,      0.1435,    130.3350,      0.1879,      5.5509,     11.1019,      1.6607,     28.4170,     56.8340,      0.0191,      0.0073,      0.2216,      0.1985,   7683.9883,-604537.0625,  -1109.1528,    535.4596,  25613.2930,
       1,     168,      50,      19,       1,       3,       1,     10.0000,      1.3951,     42.5208,    247.1657,     62.2024,      3.4953,      0.1207,      0.0880,     88.9785,      0.1760,      5.5509,     11.1019,      1.5553,     28.4170,     56.8340,      0.0191,      0.0076,      0.1445,      0.1984,   7683.9883,-600548.0000,  -1108.6565,    535.7391,  25613.2930,
       1,     168,      50,      20,       1,       3,       1,     10.0000,      1.3951,     42.5208,    247.1657,     62.2024,      3.4953,      0.0168,     -0.0155,      1.6907,      0.1651,      5.5509,     11.1019,      1.4590,     28.4170,     56.8340,      0.0191,      0.0068,      0.0031,      0.1984,   7683.9883,-547244.0000,  -1093.6729,    539.3089,  25613.2891,
       1,     168,      50,      21,       1,       3,       1,     10.0000,      1.3951,     42.5208,    247.1657,     62.2024,      3.4953,      0.0000,     -0.0320,      8.0139,      0.1578,      5.5509,     11.1019,      1.3947,     28.4170,     56.8340,      0.0191,      0.0063,      0.0156,      0.1985,   7683.9868,-431014.1250,  -1059.8827,    547.1561,  25613.2910,
       1,     168,      50,      22,       1,       3,       1,     10.0000,      1.3951,     42.5208,    247.1657,     62.2024,      3.4953,      0.0000,     -0.0321,      7.2043,      0.1596,      5.5509,     11.1019,      1.4102,     28.4170,     56.8340,      0.0191,      0.0057,      0.0156,      0.1986,   7683.9878,-429133.7812,  -1059.2985,    547.3422,  25613.2910,
       1,     168,      50,      23,       1,       3,       1,     10.0000,      1.3951,     42.5208,    247.1657,     62.2024,      3.4953,      0.0000,     -0.0317,      6.7078,      0.1470,      5.5509,     11.1019,      1.2986,     28.4170,     56.8340,      0.0191,      0.0053,      0.0156,      0.1986,   7683.9878,-427862.7812,  -1058.8956,    547.4291,  25613.2910,
       1,     168,      50,      24,       1,       3,       1,     10.0000,      1.3951,     42.5208,    247.1657,     62.2024,      3.4953,      0.0000,     -0.0318,      6.1880,      0.1504,      5.5509,     11.1019,      1.3291,     28.4170,     56.8340,      0.0191,      0.0049,      0.0156,      0.1986,   7683.9878,-427118.1250,  -1060.4636,    547.4802,  25613.2910,
       1,     168,      51,       1,       1,       3,       1,     10.0000,      1.3951,     42.5211,    247.1715,     62.2038,      3.4953,      0.0000,     -0.0319,      5.5715,      0.1544,      5.5510,     11.1020,      1.3643,     28.4239,     56.8477,      0.0191,      0.0044,      0.0156,      0.1986,   7683.9878,-426544.4062,  -1060.6760,    547.5322,  25614.4395,
       1,     168,      51,       2,       1,       3,       1,     10.0000,      1.3951,     42.5211,    247.1715,     62.2038,      3.4953,      0.0000,     -0.0319,      4.5574,      0.1549,      5.5510,     11.1020,      1.3684,     28.4239,     56.8477,      0.0191,      0.0036,      0.0156,      0.1986,   7684.3320,-425554.7500,  -1059.9160,    547.6000,  25614.4395,
       1,     168,      51,       3,       1,       3,       1,     10.0000,      1.3951,     42.5211,    247.1715,     62.2038,      3.4953,      0.0000,     -0.0318,      4.6362,      0.1519,      5.5510,     11.1020,      1.3425,     28.4239,     56.8477,      0.0191,      0.0037,      0.0156,      0.1986,   7684.3320,-424173.8750,  -1059.4774,    547.6945,  25614.4395,
       1,     168,      51,       4,       1,       3,       1,     10.0000,      1.3951,     42.5211,    247.1715,     62.2038,      3.4953,      0.0000,     -0.0314,      2.9421,      0.1390,      5.5510,     11.1020,      1.2285,     28.4239,     56.8477,      0.0191,      0.0023,      0.0156,      0.1986,   7684.3320,-424153.7812,  -1059.4377,    547.6959,  25614.4395,
       1,     168,      51,       5,       1,       3,       1,     10.0000,      1.3951,     42.5211,    247.1715,     62.2038,      3.4953,      0.0000,     -0.0311,      2.9033,      0.1322,      5.5510,     11.1020,      1.1678,     28.4239,     56.8477,      0.0191,      0.0023,      0.0156,      0.1986,   7684.3320,-421989.8438,  -1067.3347,    547.8441,  25614.4395,
       1,     168,      51,       6,       1,       3,       1,     10.0000,      1.3951,     42.5211,    247.1715,     62.2038,      3.4953,      0.0000,     -0.0312,      3.3616,      0.1332,      5.5510,     11.1020,      1.1773,     28.4239,     56.8477,      0.0191,      0.0027,      0.0156,      0.1986,   7684.3320,-421751.1562,  -1065.2451,    547.8604,  25614.4395,
       1,     168,      51,       7,       1,       3,       1,     10.0000,      1.3951,     42.5211,    247.1715,     62.2038,      3.4953,      0.0000,     -0.0313,      3.4803,      0.1362,      5.5510,     11.1020,      1.2039,     28.4239,     56.8477,      0.0191,      0.0028,      0.0156,      0.1986,   7684.3320,-422315.3125,  -1065.5778,    547.8218,  25614.4395,
       1,     168,      51,       8,       1,       3,       1,     10.0000,      1.3951,     42.5211,    247.1715,     62.2038,      3.4953,      0.0007,     -0.0308,      3.2284,      0.1424,      5.5510,     11.1020,      1.2587,     28.4239,     56.8477,      0.0191,      0.0026,      0.0156,      0.1986,   7684.3320,-422515.9375,  -1065.8062,    547.8080,  25614.4395,
       1,     168,      51,       9,       1,       3,       1,     10.0000,      1.3951,     42.5211,    247.1715,     62.2038,      3.4953,      0.0645,      0.0327,     11.3463,      0.1492,      5.5510,     11.1020,      1.3184,     28.4239,     56.8477,      0.0191,      0.0019,      0.0720,      0.1986,   7684.3320,-422212.1875,  -1065.8713,    547.8289,  25614.4395,
       1,     168,      51,      10,       1,       3,       1,     10.0000,      1.3951,     42.5211,    247.1715,     62.2038,      3.4953,      0.1628,      0.1305,     23.4794,      0.1673,      5.5510,     11.1020,      1.4782,     28.4239,     56.8477,      0.0191,      0.0014,      0.2137,      0.1986,   7684.3320,-432546.0312,  -1068.9277,    547.1211,  25614.4395,
       1,     168,      51,      11,       1,       3,       1,     10.0000,      1.3951,     42.5211,    247.1715,     62.2038,      3.4953,      0.1856,      0.1528,     31.8306,      0.1815,      5.5510,     11.1020,      1.6040,     28.4239,     56.8477,      0.0191,      0.0016,      0.2461,      0.1986,   7684.3320,-448938.0000,  -1073.7805,    546.0005,  25614.4375,
       1,     168,      51,      12,       1,       3,       1,     10.0000,      1.3951,     42.5211,    247.1715,     62.2038,      3.4953,      0.1899,      0.1566,     54.5247,      0.1983,      5.5510,     11.1020,      1.7519,     28.4239,     56.8477,      0.0191,      0.0027,      0.2500,      0.1986,   7684.3315,-461034.8750,  -1077.5356,    545.1761,  25614.4395,
       1,     168,      51,      13,       1,       3,       1,     10.0000,      1.3951,     42.5211,    247.1715,     62.2038,      3.4953,      0.1911,      0.1572,     71.8185,      0.2177,      5.5510,     11.1020,      1.9237,     28.4239,     56.8477,      0.0191,      0.0035,      0.2500,      0.1986,   7684.3320,-491070.5938,  -1086.5391,    543.1299,  25614.4395,
       1,     168,      51,      14,       1,       3,       1,     10.0000,      1.3951,     42.5211,    247.1715,     62.2038,      3.4953,      0.1925,      0.1584,     90.0137,      0.2240,      5.5510,     11.1020,      1.9792,     28.4239,     56.8477,      0.0191,      0.0044,      0.2500,      0.1986,   7684.3320,-515794.4688,  -1094.2166,    541.4552,  25614.4375,
       1,     168,      51,      15,       1,       3,       1,     10.0000,      1.3951,     42.5211,    247.1715,     62.2038,      3.4953,      0.1933,      0.1595,     99.9004,      0.2162,      5.5510,     11.1020,      1.9105,     28.4239,     56.8477,      0.0191,      0.0049,      0.2500,      0.1985,   7684.3315,-541206.0625,  -1102.1798,    539.7379,  25614.4375,
       1,     168,      51,      16,       1,       3,       1,     10.0000,      1.3951,     42.5211,    247.1715,     62.2038,      3.4953,      0.1954,      0.1620,    125.9447,      0.2030,      5.5510,     11.1020,      1.7939,     28.4239,     56.8477,      0.0191,      0.0062,      0.2500,      0.1985,   7684.3315,-556064.8125,  -1107.2108,    538.7382,  25614.4355,
       1,     168,      51,      17,       1,       3,       1,     10.0000,      1.3951,     42.5211,    247.1715,     62.2038,      3.4953,      0.1907,      0.1574,    143.8843,      0.1977,      5.5510,     11.1020,      1.7467,     28.4239,     56.8477,      0.0191,      0.0074,      0.2409,      0.1985,   7684.3311,-590666.5625,  -1117.9434,    536.4089,  25614.4355,
       1,     168,      51,      18,       1,       3,       1,     10.0000,      1.3951,     42.5211,    247.1715,     62.2038,      3.4953,      0.1595,      0.1266,    135.1128,      0.1824,      5.5510,     11.1020,      1.6120,     28.4239,     56.8477,      0.0191,      0.0085,      0.1960,      0.1984,   7684.3311,-616651.8125,  -1126.3313,    534.6716,  25614.4336,
       1,     168,      51,      19,       1,       3,       1,     10.0000,      1.3951,     42.5211,    247.1715,     62.2038,      3.4953,      0.0861,      0.0537,     69.1508,      0.1696,      5.5510,     11.1020,      1.4990,     28.4239,     56.8477,      0.0191,      0.0088,      0.0964,      0.1984,   7684.3306,-607687.8125,  -1124.6837,    535.2736,  25614.4355,
       1,     168,      51,      20,       1,       3,       1,     10.0000,      1.3951,     42.5211,    247.1715,     62.2038,      3.4953,      0.0153,     -0.0168,      0.7196,      0.1607,      5.5510,     11.1020,      1.4202,     28.4239,     56.8477,      0.0191,      0.0076,      0.0012,      0.1984,   7684.3311,-522465.3438,  -1100.7435,    540.9760,  25614.4336,
       1,     168,      51,      21,       1,       3,       1,     10.0000,      1.3951,     42.5211,    247.1715,     62.2038,      3.4953,      0.0000,     -0.0322,      8.4634,      0.1617,      5.5510,     11.1020,      1.4287,     28.4239,     56.8477,      0.0191,      0.0067,      0.0156,      0.1985,   7684.3306,-427685.8750,  -1073.4680,    547.4156,  25614.4316,
       1,     168,      51,      22,       1,       3,       1,     10.0000,      1.3951,     42.5211,    247.1715,     62.2038,      3.4953,      0.0000,     -0.0322,      8.4346,      0.1622,      5.5510,     11.1020,      1.4330,     28.4239,     56.8477,      0.0191,      0.0067,      0.0156,      0.1986,   7684.3296,-429395.6562,  -1073.9326,    547.3372,  25614.4316,
       1,     168,      51,      23,       1,       3,       1,     10.0000,      1.3951,     42.5211,    247.1715,     62.2038,      3.4953,      0.0000,     -0.0321,      7.6917,      0.1607,      5.5510,     11.1020,      1.4202,     28.4239,     56.8477,      0.0191,      0.0061,      0.0156,      0.1986,   7684.3296,-429459.0938,  -1073.9039,    547.3328,  25614.4336,
       1,     168,      51,      24,       1,       3,       1,     10.0000,      1.3951,     42.5211,    247.1715,     62.2038,      3.4953,      0.0000,     -0.0321,      6.2326,      0.1599,      5.5510,     11.1020,      1.4131,     28.4239,     56.8477,      0.0191,      0.0049,      0.0156,      0.1986,   7684.3306,-428516.0312,  -1073.5754,    547.3973,  25614.4316,
       1,     168,      52,       1,       1,       3,       1,     10.0000,      1.3951,     42.5215,    247.1773,     62.2053,      3.4953,      0.0000,     -0.0320,      5.3010,      0.1569,      5.5509,     11.1019,      1.3864,     28.4295,     56.8591,      0.0191,      0.0042,      0.0156,      0.1986,   7684.3296,-426725.9375,  -1073.4304,    547.5325,  25615.5801,
       1,     168,      52,       2,       1,       3,       1,     10.0000,      1.3951,     42.5215,    247.1773,     62.2053,      3.4953,      0.0000,     -0.0319,      5.3321,      0.1521,      5.5509,     11.1019,      1.3439,     28.4295,     56.8591,      0.0191,      0.0042,      0.0156,      0.1987,   7684.6743,-425228.1875,  -1072.5223,    547.6351,  25615.5801,
       1,     168,      52,       3,       1,       3,       1,     10.0000,      1.3951,     42.5215,    247.1773,     62.2053,      3.4953,      0.0000,     -0.0316,      4.9462,      0.1440,      5.5509,     11.1019,      1.2728,     28.4295,     56.8591,      0.0191,      0.0039,      0.0156,      0.1987,   7684.6743,-425136.9062,  -1072.4462,    547.6414,  25615.5801,
       1,     168,      52,       4,       1,       3,       1,     10.0000,      1.3951,     42.5215,    247.1773,     62.2053,      3.4953,      0.0000,     -0.0313,      4.5134,      0.1372,      5.5509,     11.1019,      1.2125,     28.4295,     56.8591,      0.0191,      0.0036,      0.0156,      0.1987,   7684.6743,-424636.3750,  -1072.4247,    547.6755,  25615.5801,
       1,     168,      52,       5,       1,       3,       1,     10.0000,      1.3951,     42.5215,    247.1773,     62.2053,      3.4953,      0.0000,     -0.0313,      4.6440,      0.1379,      5.5509,     11.1019,      1.2186,     28.4295,     56.8591,      0.0191,      0.0037,      0.0156,      0.1987,   7684.6743,-424040.5312,  -1072.3175,    547.7164,  25615.5801,
       1,     168,      52,       6,       1,       3,       1,     10.0000,      1.3951,     42.5215,    247.1773,     62.2053,      3.4953,      0.0000,     -0.0311,      4.3900,      0.1308,      5.5509,     11.1019,      1.1561,     28.4295,     56.8591,      0.0191,      0.0035,      0.0156,      0.1987,   7684.6743,-424154.9688,  -1071.9865,    547.7086,  25615.5801,
       1,     168,      52,       7,       1,       3,       1,     10.0000,      1.3951,     42.5215,    247.1773,     62.2053,      3.4953,      0.0000,     -0.0310,      4.1094,      0.1298,      5.5509,     11.1019,      1.1467,     28.4295,     56.8591,      0.0191,      0.0032,      0.0156,      0.1987,   7684.6743,-423840.7500,  -1068.9000,    547.7300,  25615.5801,
       1,     168,      52,       8,       1,       3,       1,     10.0000,      1.3951,     42.5215,    247.1773,     62.2053,      3.4953,      0.0012,     -0.0300,      3.2804,      0.1341,      5.5509,     11.1019,      1.1846,     28.4295,     56.8591,      0.0191,      0.0026,      0.0156,      0.1987,   7684.6743,-423455.3125,  -1069.0619,    547.7564,  25615.5781,
       1,     168,      52,       9,       1,       3,       1,     10.0000,      1.3951,     42.5215,    247.1773,     62.2053,      3.4953,      0.0632,      0.0317,     11.5857,      0.1413,      5.5509,     11.1019,      1.2486,     28.4295,     56.8591,      0.0191,      0.0020,      0.0702,      0.1987,   7684.6738,-422364.1875,  -1068.9535,    547.8311,  25615.5781,
       1,     168,      52,      10,       1,       3,       1,     10.0000,      1.3951,     42.5215,    247.1773,     62.2053,      3.4953,      0.1588,      0.1266,     32.5350,      0.1607,      5.5509,     11.1019,      1.4202,     28.4295,     56.8591,      0.0191,      0.0019,      0.2067,      0.1987,   7684.6738,-432867.1875,  -1072.1282,    547.1119,  25615.5801,
       1,     168,      52,      11,       1,       3,       1,     10.0000,      1.3951,     42.5215,    247.1773,     62.2053,      3.4953,      0.1717,      0.1391,     34.0247,      0.1737,      5.5509,     11.1019,      1.5353,     28.4295,     56.8591,      0.0191,      0.0019,      0.2254,      0.1986,   7684.6743,-460523.6562,  -1080.3049,    545.2210,  25615.5801,
       1,     168,      52,      12,       1,       3,       1,     10.0000,      1.3951,     42.5215,    247.1773,     62.2053,      3.4953,      0.1878,      0.1549,     31.0166,      0.1826,      5.5509,     11.1019,      1.6136,     28.4295,     56.8591,      0.0191,      0.0015,      0.2494,      0.1986,   7684.6743,-464849.0312,  -1081.9375,    544.9294,  25615.5781,
       1,     168,      52,      13,       1,       3,       1,     10.0000,      1.3951,     42.5215,    247.1773,     62.2053,      3.4953,      0.1890,      0.1558,     42.4498,      0.1946,      5.5509,     11.1019,      1.7193,     28.4295,     56.8591,      0.0191,      0.0021,      0.2500,      0.1986,   7684.6738,-461381.6562,  -1081.3944,    545.1657,  25615.5801,
       1,     168,      52,      14,       1,       3,       1,     10.0000,      1.3951,     42.5215,    247.1773,     62.2053,      3.4953,      0.1901,      0.1565,     57.0060,      0.2048,      5.5509,     11.1019,      1.8099,     28.4295,     56.8591,      0.0191,      0.0028,      0.2500,      0.1986,   7684.6743,-475677.5938,  -1086.0530,    544.1917,  25615.5762,
       1,     168,      52,      15,       1,       3,       1,     10.0000,      1.3951,     42.5215,    247.1773,     62.2053,      3.4953,      0.1919,      0.1584,     81.1062,      0.2056,      5.5509,     11.1019,      1.8171,     28.4295,     56.8591,      0.0191,      0.0040,      0.2500,      0.1986,   7684.6733,-495517.0625,  -1092.3851,    542.8430,  25615.5742,
       1,     168,      52,      16,       1,       3,       1,     10.0000,      1.3951,     42.5215,    247.1773,     62.2053,      3.4953,      0.1931,      0.1597,     94.9394,      0.1981,      5.5509,     11.1019,      1.7502,     28.4295,     56.8591,      0.0191,      0.0047,      0.2500,      0.1986,   7684.6724,-528038.3750,  -1102.4451,    540.6379,  25615.5742,
       1,     168,      52,      17,       1,       3,       1,     10.0000,      1.3951,     42.5215,    247.1773,     62.2053,      3.4953,      0.1912,      0.1579,    112.6051,      0.1990,      5.5509,     11.1019,      1.7589,     28.4295,     56.8591,      0.0191,      0.0057,      0.2453,      0.1985,   7684.6724,-548563.3125,  -1109.1283,    539.2552,  25615.5742,
       1,     168,      52,      18,       1,       3,       1,     10.0000,      1.3951,     42.5215,    247.1773,     62.2053,      3.4953,      0.1754,      0.1424,    103.5849,      0.1863,      5.5509,     11.1019,      1.6460,     28.4295,     56.8591,      0.0191,      0.0057,      0.2230,      0.1985,   7684.6724,-572937.2500,  -1116.9795,    537.6140,  25615.5723,
       1,     168,      52,      19,       1,       3,       1,     10.0000,      1.3951,     42.5215,    247.1773,     62.2053,      3.4953,      0.1206,      0.0880,     70.9863,      0.1737,      5.5509,     11.1019,      1.5353,     28.4295,     56.8591,      0.0191,      0.0060,      0.1464,      0.1985,   7684.6719,-563526.1250,  -1115.0454,    538.2490,  25615.5723,
       1,     168,      52,      20,       1,       3,       1,     10.0000,      1.3951,     42.5215,    247.1773,     62.2053,      3.4953,      0.0169,     -0.0153,      1.5369,      0.1628,      5.5509,     11.1019,      1.4388,     28.4295,     56.8591,      0.0191,      0.0058,      0.0033,      0.1985,   7684.6719,-521013.0312,  -1103.3220,    541.1097,  25615.5723,
       1,     168,      52,      21,       1,       3,       1,     10.0000,      1.3951,     42.5215,    247.1773,     62.2053,      3.4953,      0.0000,     -0.0320,      6.9409,      0.1577,      5.5509,     11.1019,      1.3934,     28.4295,     56.8591,      0.0191,      0.0055,      0.0156,      0.1986,   7684.6719,-428580.5312,  -1076.7089,    547.3693,  25615.5723,
       1,     168,      52,      22,       1,       3,       1,     10.0000,      1.3951,     42.5215,    247.1773,     62.2053,      3.4953,      0.0000,     -0.0319,      7.2404,      0.1547,      5.5509,     11.1019,      1.3671,     28.4295,     56.8591,      0.0191,      0.0057,      0.0156,      0.1986,   7684.6719,-427530.4375,  -1076.4434,    547.4775,  25615.5723,
       1,     168,      52,      23,       1,       3,       1,     10.0000,      1.3951,     42.5215,    247.1773,     62.2053,      3.4953,      0.0000,     -0.0319,      6.5770,      0.1546,      5.5509,     11.1019,      1.3657,     28.4295,     56.8591,      0.0191,      0.0052,      0.0156,      0.1986,   7684.6719,-427774.5000,  -1076.5413,    547.4608,  25615.5703,
       1,     168,      52,      24,       1,       3,       1,     10.0000,      1.3951,     42.5215,    247.1773,     62.2053,      3.4953,      0.0000,     -0.0317,      5.7248,      0.1482,      5.5509,     11.1019,      1.3092,     28.4295,     56.8591,      0.0191,      0.0045,      0.0156,      0.1986,   7684.6714,-426949.3125,  -1076.3129,    547.5172,  25615.5703,
       1,     168,      53,       1,       1,       3,       1,     10.0000,      1.3951,     42.5218,    247.1832,     62.2067,      3.4953,      0.0000,     -0.0316,      4.7287,      0.1440,      5.5513,     11.1025,      1.2728,     28.4359,     56.8718,      0.0191,      0.0037,      0.0156,      0.1987,   7684.6714,-425944.6875,  -1076.4485,    547.5989,  25616.7207,
       1,     168,      53,       2,       1,       3,       1,     10.0000,      1.3951,     42.5218,    247.1832,     62.2067,      3.4953,      0.0000,     -0.0317,      4.2232,      0.1477,      5.5513,     11.1025,      1.3053,     28.4359,     56.8718,      0.0191,      0.0033,      0.0156,      0.1987,   7685.0166,-424432.5938,  -1075.5747,    547.7025,  25616.7207,
       1,     168,      53,       3,       1,       3,       1,     10.0000,      1.3951,     42.5218,    247.1832,     62.2067,      3.4953,      0.0000,     -0.0317,      3.7227,      0.1483,      5.5513,     11.1025,      1.3106,     28.4359,     56.8718,      0.0191,      0.0029,      0.0156,      0.1987,   7685.0166,-423655.3750,  -1075.3392,    547.7556,  25616.7188,
       1,     168,      53,       4,       1,       3,       1,     10.0000,      1.3951,     42.5218,    247.1832,     62.2067,      3.4953,      0.0000,     -0.0316,      3.6722,      0.1454,      5.5513,     11.1025,      1.2844,     28.4359,     56.8718,      0.0191,      0.0029,      0.0156,      0.1987,   7685.0161,-422949.2188,  -1075.1238,    547.8040,  25616.7188,
       1,     168,      53,       5,       1,       3,       1,     10.0000,      1.3951,     42.5218,    247.1832,     62.2067,      3.4953,      0.0000,     -0.0315,      3.0183,      0.1429,      5.5513,     11.1025,      1.2626,     28.4359,     56.8718,      0.0191,      0.0024,      0.0156,      0.1987,   7685.0161,-422823.0000,  -1075.0754,    547.8126,  25616.7188,
       1,     168,      53,       6,       1,       3,       1,     10.0000,      1.3951,     42.5218,    247.1832,     62.2067,      3.4953,      0.0000,     -0.0314,      2.6656,      0.1404,      5.5513,     11.1025,      1.2411,     28.4359,     56.8718,      0.0191,      0.0021,      0.0156,      0.1987,   7685.0161,-421977.7188,  -1074.8164,    547.8705,  25616.7168,
       1,     168,      53,       7,       1,       3,       1,     10.0000,      1.3951,     42.5218,    247.1832,     62.2067,      3.4953,      0.0000,     -0.0315,      2.9678,      0.1420,      5.5513,     11.1025,      1.2549,     28.4359,     56.8718,      0.0191,      0.0023,      0.0156,      0.1987,   7685.0151,-421454.0000,  -1074.6527,    547.9064,  25616.7188,
       1,     168,      53,       8,       1,       3,       1,     10.0000,      1.3951,     42.5218,    247.1832,     62.2067,      3.4953,      0.0014,     -0.0300,      3.2616,      0.1392,      5.5513,     11.1025,      1.2298,     28.4359,     56.8718,      0.0191,      0.0026,      0.0156,      0.1987,   7685.0161,-421793.6250,  -1074.7382,    547.8831,  25616.7207,
       1,     168,      53,       9,       1,       3,       1,     10.0000,      1.3951,     42.5218,    247.1832,     62.2067,      3.4953,      0.0752,      0.0438,     16.7452,      0.1397,      5.5513,     11.1025,      1.2348,     28.4359,     56.8718,      0.0191,      0.0024,      0.0871,      0.1987,   7685.0166,-422197.8438,  -1074.9698,    547.8555,  25616.7188,
       1,     168,      53,      10,       1,       3,       1,     10.0000,      1.3951,     42.5218,    247.1832,     62.2067,      3.4953,      0.1452,      0.1132,     34.4685,      0.1561,      5.5513,     11.1025,      1.3795,     28.4359,     56.8718,      0.0191,      0.0023,      0.1867,      0.1987,   7685.0161,-439437.8750,  -1079.7135,    546.6748,  25616.7188,
       1,     168,      53,      11,       1,       3,       1,     10.0000,      1.3951,     42.5218,    247.1832,     62.2067,      3.4953,      0.1882,      0.1555,     45.0692,      0.1771,      5.5513,     11.1025,      1.5647,     28.4359,     56.8718,      0.0191,      0.0022,      0.2484,      0.1987,   7685.0161,-463567.6562,  -1086.8607,    545.0272,  25616.7188,
       1,     168,      53,      12,       1,       3,       1,     10.0000,      1.3951,     42.5218,    247.1832,     62.2067,      3.4953,      0.1900,      0.1568,     54.9706,      0.1919,      5.5513,     11.1025,      1.6957,     28.4359,     56.8718,      0.0191,      0.0027,      0.2500,      0.1986,   7685.0161,-479213.2188,  -1091.6436,    543.9638,  25616.7168,
       1,     168,      53,      13,       1,       3,       1,     10.0000,      1.3951,     42.5218,    247.1832,     62.2067,      3.4953,      0.1807,      0.1478,     39.2958,      0.1824,      5.5513,     11.1025,      1.6121,     28.4359,     56.8718,      0.0191,      0.0020,      0.2380,      0.1986,   7685.0151,-493221.5625,  -1096.0216,    543.0123,  25616.7188,
       1,     168,      53,      14,       1,       3,       1,     10.0000,      1.3951,     42.5218,    247.1832,     62.2067,      3.4953,      0.1860,      0.1530,     37.1247,      0.1893,      5.5513,     11.1025,      1.6724,     28.4359,     56.8718,      0.0191,      0.0019,      0.2462,      0.1986,   7685.0161,-474421.1875,  -1090.7858,    544.2892,  25616.7188,
       1,     168,      53,      15,       1,       3,       1,     10.0000,      1.3951,     42.5218,    247.1832,     62.2067,      3.4953,      0.1902,      0.1570,     57.5092,      0.1938,      5.5513,     11.1025,      1.7126,     28.4359,     56.8718,      0.0191,      0.0028,      0.2500,      0.1986,   7685.0161,-470015.0625,  -1089.6816,    544.5906,  25616.7148,
       1,     168,      53,      16,       1,       3,       1,     10.0000,      1.3951,     42.5218,    247.1832,     62.2067,      3.4953,      0.1920,      0.1587,     84.9750,      0.1981,      5.5513,     11.1025,      1.7502,     28.4359,     56.8718,      0.0191,      0.0042,      0.2495,      0.1986,   7685.0146,-495657.9062,  -1097.3879,    542.8450,  25616.7168,
       1,     168,      53,      17,       1,       3,       1,     10.0000,      1.3951,     42.5218,    247.1832,     62.2067,      3.4953,      0.1721,      0.1390,     94.0731,      0.1874,      5.5513,     11.1025,      1.6559,     28.4359,     56.8718,      0.0191,      0.0053,      0.2191,      0.1986,   7685.0151,-532984.5000,  -1108.6298,    540.3150,  25616.7148,
       1,     168,      53,      18,       1,       3,       1,     10.0000,      1.3951,     42.5218,    247.1832,     62.2067,      3.4953,      0.1577,      0.1250,     81.2771,      0.1796,      5.5513,     11.1025,      1.5866,     28.4359,     56.8718,      0.0191,      0.0050,      0.1996,      0.1986,   7685.0146,-547877.8750,  -1113.4172,    539.3149,  25616.7129,
       1,     168,      53,      19,       1,       3,       1,     10.0000,      1.3951,     42.5218,    247.1832,     62.2067,      3.4953,      0.1265,      0.0939,     64.0983,      0.1744,      5.5513,     11.1025,      1.5415,     28.4359,     56.8718,      0.0191,      0.0051,      0.1559,      0.1985,   7685.0142,-532810.0625,  -1109.4077,    540.3317,  25616.7148,
       1,     168,      53,      20,       1,       3,       1,     10.0000,      1.3951,     42.5218,    247.1832,     62.2067,      3.4953,      0.0168,     -0.0153,      1.3439,      0.1590,      5.5513,     11.1025,      1.4047,     28.4359,     56.8718,      0.0191,      0.0051,      0.0033,      0.1986,   7685.0146,-509544.3125,  -1102.8766,    541.9041,  25616.7129,
       1,     168,      53,      21,       1,       3,       1,     10.0000,      1.3951,     42.5218,    247.1832,     62.2067,      3.4953,      0.0000,     -0.0319,      7.1781,      0.1521,      5.5513,     11.1025,      1.3440,     28.4359,     56.8718,      0.0191,      0.0057,      0.0156,      0.1986,   7685.0142,-427348.0938,  -1078.7245,    547.4742,  25616.7148,
       1,     168,      53,      22,       1,       3,       1,     10.0000,      1.3951,     42.5218,    247.1832,     62.2067,      3.4953,      0.0000,     -0.0317,      6.4545,      0.1479,      5.5513,     11.1025,      1.3066,     28.4359,     56.8718,      0.0191,      0.0051,      0.0156,      0.1987,   7685.0146,-427717.9688,  -1078.7786,    547.4775,  25616.7129,
       1,     168,      53,      23,       1,       3,       1,     10.0000,      1.3951,     42.5218,    247.1832,     62.2067,      3.4953,      0.0000,     -0.0317,      6.0856,      0.1485,      5.5513,     11.1025,      1.3119,     28.4359,     56.8718,      0.0191,      0.0048,      0.0156,      0.1987,   7685.0142,-426790.5312,  -1078.4498,    547.5410,  25616.7129,
       1,     168,      53,      24,       1,       3,       1,     10.0000,      1.3951,     42.5218,    247.1832,     62.2067,      3.4953,      0.0000,     -0.0318,      5.9747,      0.1503,      5.5513,     11.1025,      1.3278,     28.4359,     56.8718,      0.0191,      0.0047,      0.0156,      0.1987,   7685.0142,-426238.6875,  -1078.2312,    547.5787,  25616.7109,
       1,     168,      54,       1,       1,       3,       1,     10.0000,      1.3952,     42.5221,    247.1890,     62.2082,      3.4953,      0.0000,     -0.0318,      4.7078,      0.1503,      5.5517,     11.1033,      1.3279,     28.4416,     56.8832,      0.0191,      0.0037,      0.0156,      0.1987,   7685.0137,-426204.0938,  -1078.5948,    547.5940,  25617.8594,
       1,     168,      54,       2,       1,       3,       1,     10.0000,      1.3952,     42.5221,    247.1890,     62.2082,      3.4953,      0.0000,     -0.0317,      3.8285,      0.1480,      5.5517,     11.1033,      1.3080,     28.4416,     56.8832,      0.0191,      0.0030,      0.0156,      0.1987,   7685.3579,-424431.9375,  -1077.5898,    547.7153,  25617.8594,
       1,     168,      54,       3,       1,       3,       1,     10.0000,      1.3952,     42.5221,    247.1890,     62.2082,      3.4953,      0.0000,     -0.0318,      3.2664,      0.1492,      5.5517,     11.1033,      1.3185,     28.4416,     56.8832,      0.0191,      0.0026,      0.0156,      0.1987,   7685.3579,-423155.3438,  -1077.1709,    547.8027,  25617.8594,
       1,     168,      54,       4,       1,       3,       1,     10.0000,      1.3952,     42.5221,    247.1890,     62.2082,      3.4953,      0.0000,     -0.0318,      3.0004,      0.1507,      5.5517,     11.1033,      1.3319,     28.4416,     56.8832,      0.0191,      0.0024,      0.0156,      0.1987,   7685.3579,-422326.5938,  -1076.8894,    547.8595,  25617.8594,
       1,     168,      54,       5,       1,       3,       1,     10.0000,      1.3952,     42.5221,    247.1890,     62.2082,      3.4953,      0.0000,     -0.0317,      2.8171,      0.1486,      5.5517,     11.1033,      1.3132,     28.4416,     56.8832,      0.0191,      0.0022,      0.0156,      0.1987,   7685.3579,-421914.9062,  -1076.7333,    547.8877,  25617.8594,
       1,     168,      54,       6,       1,       3,       1,     10.0000,      1.3952,     42.5221,    247.1890,     62.2082,      3.4953,      0.0000,     -0.0317,      2.5563,      0.1468,      5.5517,     11.1033,      1.2975,     28.4416,     56.8832,      0.0191,      0.0020,      0.0156,      0.1987,   7685.3579,-421645.0000,  -1076.6210,    547.9061,  25617.8594,
       1,     168,      54,       7,       1,       3,       1,     10.0000,      1.3952,     42.5221,    247.1890,     62.2082,      3.4953,      0.0000,     -0.0315,      2.3364,      0.1423,      5.5517,     11.1033,      1.2575,     28.4416,     56.8832,      0.0191,      0.0018,      0.0156,      0.1987,   7685.3579,-421288.7188,  -1076.4860,    547.9305,  25617.8594,
       1,     168,      54,       8,       1,       3,       1,     10.0000,      1.3952,     42.5221,    247.1890,     62.2082,      3.4953,      0.0014,     -0.0300,      2.1326,      0.1371,      5.5517,     11.1033,      1.2113,     28.4416,     56.8832,      0.0191,      0.0017,      0.0156,      0.1987,   7685.3579,-420977.0938,  -1076.3665,    547.9520,  25617.8594,
       1,     168,      54,       9,       1,       3,       1,     10.0000,      1.3952,     42.5221,    247.1890,     62.2082,      3.4953,      0.0736,      0.0421,     12.8868,      0.1436,      5.5517,     11.1033,      1.2690,     28.4416,     56.8832,      0.0191,      0.0019,      0.0852,      0.1987,   7685.3579,-420689.7188,  -1076.2566,    547.9716,  25617.8594,
       1,     168,      54,      10,       1,       3,       1,     10.0000,      1.3952,     42.5221,    247.1890,     62.2082,      3.4953,      0.1582,      0.1259,     33.7557,      0.1638,      5.5517,     11.1033,      1.4475,     28.4416,     56.8832,      0.0191,      0.0020,      0.2057,      0.1987,   7685.3579,-434384.5625,  -1080.3025,    547.0335,  25617.8594,
       1,     168,      54,      11,       1,       3,       1,     10.0000,      1.3952,     42.5221,    247.1890,     62.2082,      3.4953,      0.1831,      0.1502,     54.2649,      0.1846,      5.5517,     11.1033,      1.6314,     28.4416,     56.8832,      0.0191,      0.0028,      0.2399,      0.1987,   7685.3579,-462212.6562,  -1088.5524,    545.1315,  25617.8594,
       1,     168,      54,      12,       1,       3,       1,     10.0000,      1.3952,     42.5221,    247.1890,     62.2082,      3.4953,      0.1901,      0.1566,     57.5586,      0.2042,      5.5517,     11.1033,      1.8047,     28.4416,     56.8832,      0.0191,      0.0028,      0.2500,      0.1987,   7685.3579,-490831.0625,  -1097.0743,    543.1847,  25617.8574,
       1,     168,      54,      13,       1,       3,       1,     10.0000,      1.3952,     42.5221,    247.1890,     62.2082,      3.4953,      0.1896,      0.1559,     52.2979,      0.2133,      5.5517,     11.1033,      1.8845,     28.4416,     56.8832,      0.0191,      0.0026,      0.2500,      0.1986,   7685.3574,-497538.2188,  -1099.1222,    542.7328,  25617.8574,
       1,     168,      54,      14,       1,       3,       1,     10.0000,      1.3952,     42.5221,    247.1890,     62.2082,      3.4953,      0.1857,      0.1521,     63.1857,      0.2085,      5.5517,     11.1033,      1.8424,     28.4416,     56.8832,      0.0191,      0.0032,      0.2430,      0.1986,   7685.3574,-491398.9062,  -1097.3368,    543.1494,  25617.8574,
       1,     168,      54,      15,       1,       3,       1,     10.0000,      1.3952,     42.5221,    247.1890,     62.2082,      3.4953,      0.1902,      0.1564,     75.7281,      0.2131,      5.5517,     11.1033,      1.8827,     28.4416,     56.8832,      0.0191,      0.0038,      0.2481,      0.1986,   7685.3574,-504770.0938,  -1101.3976,    542.2418,  25617.8555,
       1,     168,      54,      16,       1,       3,       1,     10.0000,      1.3952,     42.5221,    247.1890,     62.2082,      3.4953,      0.1791,      0.1455,     83.8449,      0.2071,      5.5517,     11.1033,      1.8297,     28.4416,     56.8832,      0.0191,      0.0045,      0.2308,      0.1986,   7685.3569,-521958.1250,  -1106.6322,    541.0776,  25617.8555,
       1,     168,      54,      17,       1,       3,       1,     10.0000,      1.3952,     42.5221,    247.1890,     62.2082,      3.4953,      0.1859,      0.1523,    113.2414,      0.2071,      5.5517,     11.1033,      1.8297,     28.4416,     56.8832,      0.0191,      0.0059,      0.2374,      0.1986,   7685.3569,-533828.1875,  -1110.3674,    540.2759,  25617.8555,
       1,     168,      54,      18,       1,       3,       1,     10.0000,      1.3952,     42.5221,    247.1890,     62.2082,      3.4953,      0.1683,      0.1350,    105.0042,      0.1967,      5.5517,     11.1033,      1.7382,     28.4416,     56.8832,      0.0191,      0.0061,      0.2124,      0.1986,   7685.3569,-572430.3125,  -1122.1591,    537.6697,  25617.8535,
       1,     168,      54,      19,       1,       3,       1,     10.0000,      1.3952,     42.5221,    247.1890,     62.2082,      3.4953,      0.0902,      0.0575,     47.4150,      0.1778,      5.5517,     11.1033,      1.5710,     28.4416,     56.8832,      0.0191,      0.0056,      0.1047,      0.1985,   7685.3564,-565274.6250,  -1120.3885,    538.1567,  25617.8535,
       1,     168,      54,      20,       1,       3,       1,     10.0000,      1.3952,     42.5221,    247.1890,     62.2082,      3.4953,      0.0307,     -0.0015,     11.2268,      0.1635,      5.5517,     11.1033,      1.4447,     28.4416,     56.8832,      0.0191,      0.0062,      0.0223,      0.1986,   7685.3564,-491006.5312,  -1098.3738,    543.1530,  25617.8535,
       1,     168,      54,      21,       1,       3,       1,     10.0000,      1.3952,     42.5221,    247.1890,     62.2082,      3.4953,      0.0000,     -0.0319,      6.8212,      0.1541,      5.5517,     11.1033,      1.3617,     28.4416,     56.8832,      0.0191,      0.0054,      0.0156,      0.1986,   7685.3564,-438407.4688,  -1082.5352,    546.7474,  25617.8516,
       1,     168,      54,      22,       1,       3,       1,     10.0000,      1.3952,     42.5221,    247.1890,     62.2082,      3.4953,      0.0000,     -0.0318,      6.5076,      0.1507,      5.5517,     11.1033,      1.3319,     28.4416,     56.8832,      0.0191,      0.0051,      0.0156,      0.1987,   7685.3560,-428209.3438,  -1079.3571,    547.4563,  25617.8516,
       1,     168,      54,      23,       1,       3,       1,     10.0000,      1.3952,     42.5221,    247.1890,     62.2082,      3.4953,      0.0000,     -0.0317,      5.9402,      0.1488,      5.5517,     11.1033,      1.3146,     28.4416,     56.8832,      0.0191,      0.0047,      0.0156,      0.1987,   7685.3560,-426905.0312,  -1078.8582,    547.5460,  25617.8516,
       1,     168,      54,      24,       1,       3,       1,     10.0000,      1.3952,     42.5221,    247.1890,     62.2082,      3.4953,      0.0000,     -0.0316,      4.9565,      0.1461,      5.5517,     11.1033,      1.2909,     28.4416,     56.8832,      0.0191,      0.0039,      0.0156,      0.1987,   7685.3560,-426066.5312,  -1078.5090,    547.6035,  25617.8516,
       1,     168,      55,       1,       1,       3,       1,     10.0000,      1.3952,     42.5225,    247.1948,     62.2097,      3.4953,      0.0000,     -0.0316,      3.9119,      0.1455,      5.5516,     11.1032,      1.2858,     28.4472,     56.8944,      0.0191,      0.0031,      0.0156,      0.1987,   7685.3560,-424893.0000,  -1078.5175,    547.6966,  25619.0000,
       1,     168,      55,       2,       1,       3,       1,     10.0000,      1.3952,     42.5225,    247.1948,     62.2097,      3.4953,      0.0000,     -0.0316,      3.2117,      0.1445,      5.5516,     11.1032,      1.2767,     28.4472,     56.8944,      0.0191,      0.0025,      0.0156,      0.1987,   7685.7002,-423305.1250,  -1077.5376,    547.8053,  25618.9980,
       1,     168,      55,       3,       1,       3,       1,     10.0000,      1.3952,     42.5225,    247.1948,     62.2097,      3.4953,      0.0000,     -0.0315,      2.8768,      0.1417,      5.5516,     11.1032,      1.2525,     28.4472,     56.8944,      0.0191,      0.0023,      0.0156,      0.1987,   7685.6997,-422273.5312,  -1077.1787,    547.8760,  25618.9980,
       1,     168,      55,       4,       1,       3,       1,     10.0000,      1.3952,     42.5225,    247.1948,     62.2097,      3.4953,      0.0000,     -0.0314,      2.5049,      0.1400,      5.5516,     11.1032,      1.2374,     28.4472,     56.8944,      0.0191,      0.0020,      0.0156,      0.1987,   7685.6997,-421756.2188,  -1076.9800,    547.9114,  25618.9980,
       1,     168,      55,       5,       1,       3,       1,     10.0000,      1.3952,     42.5225,    247.1948,     62.2097,      3.4953,      0.0000,     -0.0314,      2.1180,      0.1393,      5.5516,     11.1032,      1.2311,     28.4472,     56.8944,      0.0191,      0.0017,      0.0156,      0.1987,   7685.6997,-421236.5625,  -1076.7869,    547.9470,  25618.9980,
       1,     168,      55,       6,       1,       3,       1,     10.0000,      1.3952,     42.5225,    247.1948,     62.2097,      3.4953,      0.0000,     -0.0314,      1.9972,      0.1392,      5.5516,     11.1032,      1.2299,     28.4472,     56.8944,      0.0191,      0.0016,      0.0156,      0.1987,   7685.6997,-420697.6562,  -1076.5950,    547.9839,  25618.9980,
       1,     168,      55,       7,       1,       3,       1,     10.0000,      1.3952,     42.5225,    247.1948,     62.2097,      3.4953,      0.0000,     -0.0314,      1.9562,      0.1386,      5.5516,     11.1032,      1.2249,     28.4472,     56.8944,      0.0191,      0.0015,      0.0156,      0.1987,   7685.6997,-420496.3750,  -1076.5074,    547.9977,  25618.9980,
       1,     168,      55,       8,       1,       3,       1,     10.0000,      1.3952,     42.5225,    247.1948,     62.2097,      3.4953,      0.0019,     -0.0292,      1.5632,      0.1312,      5.5516,     11.1032,      1.1597,     28.4472,     56.8944,      0.0191,      0.0012,      0.0156,      0.1987,   7685.6997,-420426.6250,  -1076.4594,    548.0025,  25618.9980,
       1,     168,      55,       9,       1,       3,       1,     10.0000,      1.3952,     42.5225,    247.1948,     62.2097,      3.4953,      0.0782,      0.0470,      8.5548,      0.1361,      5.5516,     11.1032,      1.2028,     28.4472,     56.8944,      0.0191,      0.0011,      0.0926,      0.1987,   7685.6997,-419919.0625,  -1076.2861,    548.0372,  25618.9980,
       1,     168,      55,      10,       1,       3,       1,     10.0000,      1.3952,     42.5225,    247.1948,     62.2097,      3.4953,      0.1559,      0.1237,     22.2126,      0.1637,      5.5516,     11.1032,      1.4461,     28.4472,     56.8944,      0.0191,      0.0013,      0.2037,      0.1987,   7685.6997,-428793.3750,  -1078.9357,    547.4294,  25618.9980,
       1,     168,      55,      11,       1,       3,       1,     10.0000,      1.3952,     42.5225,    247.1948,     62.2097,      3.4953,      0.1808,      0.1480,     28.7412,      0.1815,      5.5516,     11.1032,      1.6042,     28.4472,     56.8944,      0.0191,      0.0015,      0.2395,      0.1987,   7685.6997,-446993.7188,  -1084.3778,    546.1842,  25618.9961,
       1,     168,      55,      12,       1,       3,       1,     10.0000,      1.3952,     42.5225,    247.1948,     62.2097,      3.4953,      0.1875,      0.1542,     31.3340,      0.1967,      5.5516,     11.1032,      1.7382,     28.4472,     56.8944,      0.0191,      0.0016,      0.2490,      0.1987,   7685.6992,-456917.9375,  -1087.2998,    545.5081,  25619.0000,
       1,     168,      55,      13,       1,       3,       1,     10.0000,      1.3952,     42.5225,    247.1948,     62.2097,      3.4953,      0.1873,      0.1539,     21.7234,      0.2012,      5.5516,     11.1032,      1.7782,     28.4472,     56.8944,      0.0191,      0.0011,      0.2500,      0.1987,   7685.7002,-461091.5938,  -1088.4762,    545.2239,  25618.9961,
       1,     168,      55,      14,       1,       3,       1,     10.0000,      1.3952,     42.5225,    247.1948,     62.2097,      3.4953,      0.1880,      0.1542,     30.8456,      0.2112,      5.5516,     11.1032,      1.8661,     28.4472,     56.8944,      0.0191,      0.0015,      0.2500,      0.1987,   7685.6992,-449189.0312,  -1084.7700,    546.0352,  25618.9961,
       1,     168,      55,      15,       1,       3,       1,     10.0000,      1.3952,     42.5225,    247.1948,     62.2097,      3.4953,      0.1791,      0.1456,     66.0935,      0.2030,      5.5516,     11.1032,      1.7940,     28.4472,     56.8944,      0.0191,      0.0035,      0.2327,      0.1987,   7685.6992,-459794.1875,  -1087.8480,    545.3120,  25618.9961,
       1,     168,      55,      16,       1,       3,       1,     10.0000,      1.3952,     42.5225,    247.1948,     62.2097,      3.4953,      0.1891,      0.1557,    100.7137,      0.1995,      5.5516,     11.1032,      1.7625,     28.4472,     56.8944,      0.0191,      0.0051,      0.2435,      0.1987,   7685.6992,-505708.5312,  -1101.6998,    542.1827,  25618.9961,
       1,     168,      55,      17,       1,       3,       1,     10.0000,      1.3952,     42.5225,    247.1948,     62.2097,      3.4953,      0.1870,      0.1536,    117.7701,      0.2022,      5.5516,     11.1032,      1.7870,     28.4472,     56.8944,      0.0191,      0.0061,      0.2386,      0.1987,   7685.6992,-553955.4375,  -1116.4030,    538.9218,  25618.9941,
       1,     168,      55,      18,       1,       3,       1,     10.0000,      1.3952,     42.5225,    247.1948,     62.2097,      3.4953,      0.1208,      0.0879,     67.5399,      0.1812,      5.5516,     11.1032,      1.6010,     28.4472,     56.8944,      0.0191,      0.0057,      0.1471,      0.1986,   7685.6987,-579977.1875,  -1124.5695,    537.1787,  25618.9922,
       1,     168,      55,      19,       1,       3,       1,     10.0000,      1.3952,     42.5225,    247.1948,     62.2097,      3.4953,      0.0841,      0.0516,     49.6283,      0.1703,      5.5516,     11.1032,      1.5051,     28.4472,     56.8944,      0.0191,      0.0064,      0.0956,      0.1986,   7685.6978,-518000.3750,  -1106.1498,    541.3430,  25618.9922,
       1,     168,      55,      20,       1,       3,       1,     10.0000,      1.3952,     42.5225,    247.1948,     62.2097,      3.4953,      0.0239,     -0.0084,      6.0300,      0.1665,      5.5516,     11.1032,      1.4709,     28.4472,     56.8944,      0.0191,      0.0058,      0.0129,      0.1986,   7685.6978,-489780.4375,  -1097.7168,    543.2689,  25618.9922,
       1,     168,      55,      21,       1,       3,       1,     10.0000,      1.3952,     42.5225,    247.1948,     62.2097,      3.4953,      0.0000,     -0.0322,      6.6119,      0.1607,      5.5516,     11.1032,      1.4203,     28.4472,     56.8944,      0.0191,      0.0052,      0.0156,      0.1987,   7685.6978,-431642.4375,  -1080.0297,    547.2204,  25618.9922,
       1,     168,      55,      22,       1,       3,       1,     10.0000,      1.3952,     42.5225,    247.1948,     62.2097,      3.4953,      0.0000,     -0.0320,      6.1935,      0.1571,      5.5516,     11.1032,      1.3879,     28.4472,     56.8944,      0.0191,      0.0049,      0.0156,      0.1987,   7685.6978,-427358.3125,  -1078.6340,    547.5278,  25618.9922,
       1,     168,      55,      23,       1,       3,       1,     10.0000,      1.3952,     42.5225,    247.1948,     62.2097,      3.4953,      0.0000,     -0.0319,      5.1644,      0.1536,      5.5516,     11.1032,      1.3576,     28.4472,     56.8944,      0.0191,      0.0041,      0.0156,      0.1987,   7685.6978,-426432.2812,  -1078.2668,    547.5912,  25618.9922,
       1,     168,      55,      24,       1,       3,       1,     10.0000,      1.3952,     42.5225,    247.1948,     62.2097,      3.4953,      0.0000,     -0.0318,      4.4839,      0.1497,      5.5516,     11.1032,      1.3226,     28.4472,     56.8944,      0.0191,      0.0035,      0.0156,      0.1987,   7685.6978,-425038.3750,  -1077.7728,    547.6866,  25618.9902,
       1,     168,      56,       1,       1,       3,       1,     10.0000,      1.3952,     42.5228,    247.2006,     62.2111,      3.4953,      0.0000,     -0.0318,      3.7484,      0.1489,      5.5522,     11.1043,      1.3159,     28.4514,     56.9028,      0.0191,      0.0030,      0.0156,      0.1988,   7685.6973,-424203.5312,  -1077.9045,    547.7567,  25620.1367,
       1,     168,      56,       2,       1,       3,       1,     10.0000,      1.3952,     42.5228,    247.2006,     62.2111,      3.4953,      0.0000,     -0.0317,      3.2509,      0.1476,      5.5522,     11.1043,      1.3041,     28.4514,     56.9028,      0.0191,      0.0026,      0.0156,      0.1988,   7686.0415,-423039.9688,  -1077.0602,    547.8364,  25620.1367,
       1,     168,      56,       3,       1,       3,       1,     10.0000,      1.3952,     42.5228,    247.2006,     62.2111,      3.4953,      0.0000,     -0.0316,      2.8054,      0.1458,      5.5522,     11.1043,      1.2884,     28.4514,     56.9028,      0.0191,      0.0022,      0.0156,      0.1988,   7686.0415,-422303.7812,  -1076.7954,    547.8868,  25620.1367,
       1,     168,      56,       4,       1,       3,       1,     10.0000,      1.3952,     42.5228,    247.2006,     62.2111,      3.4953,      0.0000,     -0.0316,      2.3629,      0.1445,      5.5522,     11.1043,      1.2767,     28.4514,     56.9028,      0.0191,      0.0019,      0.0156,      0.1988,   7686.0415,-421671.0938,  -1076.5676,    547.9301,  25620.1367,
       1,     168,      56,       5,       1,       3,       1,     10.0000,      1.3952,     42.5228,    247.2006,     62.2111,      3.4953,      0.0000,     -0.0316,      2.0993,      0.1443,      5.5522,     11.1043,      1.2755,     28.4514,     56.9028,      0.0191,      0.0017,      0.0156,      0.1988,   7686.0415,-421051.5938,  -1076.3507,    547.9726,  25620.1367,
       1,     168,      56,       6,       1,       3,       1,     10.0000,      1.3952,     42.5228,    247.2006,     62.2111,      3.4953,      0.0000,     -0.0316,      1.9921,      0.1451,      5.5522,     11.1043,      1.2819,     28.4514,     56.9028,      0.0191,      0.0016,      0.0156,      0.1988,   7686.0415,-420661.2188,  -1076.2072,    547.9994,  25620.1367,
       1,     168,      56,       7,       1,       3,       1,     10.0000,      1.3952,     42.5228,    247.2006,     62.2111,      3.4953,      0.0000,     -0.0316,      1.8828,      0.1448,      5.5522,     11.1043,      1.2793,     28.4514,     56.9028,      0.0191,      0.0015,      0.0156,      0.1988,   7686.0415,-420490.2188,  -1076.1318,    548.0110,  25620.1367,
       1,     168,      56,       8,       1,       3,       1,     10.0000,      1.3952,     42.5228,    247.2006,     62.2111,      3.4953,      0.0015,     -0.0301,      1.7792,      0.1433,      5.5522,     11.1043,      1.2665,     28.4514,     56.9028,      0.0191,      0.0014,      0.0156,      0.1988,   7686.0415,-420335.8750,  -1076.0630,    548.0216,  25620.1367,
       1,     168,      56,       9,       1,       3,       1,     10.0000,      1.3952,     42.5228,    247.2006,     62.2111,      3.4953,      0.0725,      0.0407,     10.7045,      0.1510,      5.5522,     11.1043,      1.3346,     28.4514,     56.9028,      0.0191,      0.0016,      0.0836,      0.1988,   7686.0415,-420190.4375,  -1075.9984,    548.0316,  25620.1367,
       1,     168,      56,      10,       1,       3,       1,     10.0000,      1.3952,     42.5228,    247.2006,     62.2111,      3.4953,      0.1554,      0.1233,     27.8875,      0.1595,      5.5522,     11.1043,      1.4090,     28.4514,     56.9028,      0.0191,      0.0017,      0.2023,      0.1988,   7686.0415,-431561.4375,  -1079.4395,    547.2526,  25620.1367,
       1,     168,      56,      11,       1,       3,       1,     10.0000,      1.3952,     42.5228,    247.2006,     62.2111,      3.4953,      0.1801,      0.1476,     35.7398,      0.1697,      5.5522,     11.1043,      1.4991,     28.4514,     56.9028,      0.0191,      0.0019,      0.2375,      0.1988,   7686.0415,-454476.1562,  -1086.3842,    545.6856,  25620.1367,
       1,     168,      56,      12,       1,       3,       1,     10.0000,      1.3952,     42.5228,    247.2006,     62.2111,      3.4953,      0.1891,      0.1557,     43.5676,      0.1997,      5.5522,     11.1043,      1.7642,     28.4514,     56.9028,      0.0191,      0.0021,      0.2500,      0.1987,   7686.0415,-466502.2812,  -1090.0034,    544.8676,  25620.1348,
       1,     168,      56,      13,       1,       3,       1,     10.0000,      1.3952,     42.5228,    247.2006,     62.2111,      3.4953,      0.1889,      0.1552,     42.3345,      0.2112,      5.5522,     11.1043,      1.8662,     28.4514,     56.9028,      0.0191,      0.0021,      0.2500,      0.1987,   7686.0405,-477540.6562,  -1093.3236,    544.1164,  25620.1348,
       1,     168,      56,      14,       1,       3,       1,     10.0000,      1.3952,     42.5228,    247.2006,     62.2111,      3.4953,      0.1894,      0.1557,     49.1818,      0.2108,      5.5522,     11.1043,      1.8625,     28.4514,     56.9028,      0.0191,      0.0024,      0.2500,      0.1987,   7686.0405,-476929.1250,  -1093.1053,    544.1585,  25620.1348,
       1,     168,      56,      15,       1,       3,       1,     10.0000,      1.3952,     42.5228,    247.2006,     62.2111,      3.4953,      0.1902,      0.1567,     58.1344,      0.2032,      5.5522,     11.1043,      1.7959,     28.4514,     56.9028,      0.0191,      0.0029,      0.2500,      0.1987,   7686.0405,-485616.0938,  -1095.7251,    543.5676,  25620.1328,
       1,     168,      56,      16,       1,       3,       1,     10.0000,      1.3952,     42.5228,    247.2006,     62.2111,      3.4953,      0.1838,      0.1505,     63.3980,      0.1952,      5.5522,     11.1043,      1.7246,     28.4514,     56.9028,      0.0191,      0.0033,      0.2399,      0.1987,   7686.0400,-497803.6562,  -1099.4862,    542.7399,  25620.1309,
       1,     168,      56,      17,       1,       3,       1,     10.0000,      1.3952,     42.5228,    247.2006,     62.2111,      3.4953,      0.1806,      0.1474,    112.6070,      0.1932,      5.5522,     11.1043,      1.7076,     28.4514,     56.9028,      0.0191,      0.0060,      0.2296,      0.1987,   7686.0396,-505587.7500,  -1101.9667,    542.2124,  25620.1309,
       1,     168,      56,      18,       1,       3,       1,     10.0000,      1.3952,     42.5228,    247.2006,     62.2111,      3.4953,      0.1391,      0.1063,     95.7006,      0.1815,      5.5522,     11.1043,      1.6042,     28.4514,     56.9028,      0.0191,      0.0069,      0.1707,      0.1987,   7686.0396,-569110.6875,  -1121.5428,    537.9073,  25620.1328,
       1,     168,      56,      19,       1,       3,       1,     10.0000,      1.3952,     42.5228,    247.2006,     62.2111,      3.4953,      0.0726,      0.0400,     42.7714,      0.1732,      5.5522,     11.1043,      1.5309,     28.4514,     56.9028,      0.0191,      0.0066,      0.0796,      0.1986,   7686.0400,-553078.8125,  -1117.0153,    539.0023,  25620.1309,
       1,     168,      56,      20,       1,       3,       1,     10.0000,      1.3952,     42.5228,    247.2006,     62.2111,      3.4953,      0.0113,     -0.0210,      7.7862,      0.1650,      5.5522,     11.1043,      1.4578,     28.4514,     56.9028,      0.0191,      0.0062,      0.0156,      0.1986,   7686.0396,-484017.1875,  -1096.1340,    543.6564,  25620.1289,
       1,     168,      56,      21,       1,       3,       1,     10.0000,      1.3952,     42.5228,    247.2006,     62.2111,      3.4953,      0.0000,     -0.0321,      7.1539,      0.1587,      5.5522,     11.1043,      1.4019,     28.4514,     56.9028,      0.0191,      0.0057,      0.0156,      0.1987,   7686.0391,-433411.5938,  -1080.6144,    547.1157,  25620.1289,
       1,     168,      56,      22,       1,       3,       1,     10.0000,      1.3952,     42.5228,    247.2006,     62.2111,      3.4953,      0.0000,     -0.0321,      6.4591,      0.1579,      5.5522,     11.1043,      1.3949,     28.4514,     56.9028,      0.0191,      0.0051,      0.0156,      0.1987,   7686.0391,-428202.6875,  -1078.9404,    547.4828,  25620.1289,
       1,     168,      56,      23,       1,       3,       1,     10.0000,      1.3952,     42.5228,    247.2006,     62.2111,      3.4953,      0.0000,     -0.0321,      5.1180,      0.1583,      5.5522,     11.1043,      1.3991,     28.4514,     56.9028,      0.0191,      0.0040,      0.0156,      0.1988,   7686.0391,-426847.8750,  -1078.4556,    547.5757,  25620.1289,
       1,     168,      56,      24,       1,       3,       1,     10.0000,      1.3952,     42.5228,    247.2006,     62.2111,      3.4953,      0.0000,     -0.0321,      4.4507,      0.1601,      5.5522,     11.1043,      1.4147,     28.4514,     56.9028,      0.0191,      0.0035,      0.0156,      0.1988,   7686.0391,-425018.8125,  -1077.8405,    547.7009,  25620.1289,
       1,     168,      57,       1,       1,       3,       1,     10.0000,      1.3952,     42.5231,    247.2065,     62.2126,      3.4953,      0.0000,     -0.0320,      3.4533,      0.1572,      5.5519,     11.1038,      1.3894,     28.4552,     56.9105,      0.0191,      0.0027,      0.0156,      0.1988,   7686.0391,-424162.6250,  -1077.9795,    547.7723,  25621.2773,
       1,     168,      57,       2,       1,       3,       1,     10.0000,      1.3952,     42.5231,    247.2065,     62.2126,      3.4953,      0.0000,     -0.0320,      2.8448,      0.1552,      5.5519,     11.1038,      1.3714,     28.4552,     56.9105,      0.0191,      0.0022,      0.0156,      0.1988,   7686.3833,-422663.2188,  -1077.0383,    547.8751,  25621.2754,
       1,     168,      57,       3,       1,       3,       1,     10.0000,      1.3952,     42.5231,    247.2065,     62.2126,      3.4953,      0.0000,     -0.0319,      2.8458,      0.1540,      5.5519,     11.1038,      1.3604,     28.4552,     56.9105,      0.0191,      0.0022,      0.0156,      0.1988,   7686.3828,-421756.3125,  -1076.7333,    547.9371,  25621.2754,
       1,     168,      57,       4,       1,       3,       1,     10.0000,      1.3952,     42.5231,    247.2065,     62.2126,      3.4953,      0.0000,     -0.0318,      2.7583,      0.1503,      5.5519,     11.1038,      1.3280,     28.4552,     56.9105,      0.0191,      0.0022,      0.0156,      0.1988,   7686.3828,-421678.5312,  -1076.6824,    547.9425,  25621.2754,
       1,     168,      57,       5,       1,       3,       1,     10.0000,      1.3952,     42.5231,    247.2065,     62.2126,      3.4953,      0.0000,     -0.0318,      3.1058,      0.1491,      5.5519,     11.1038,      1.3173,     28.4552,     56.9105,      0.0191,      0.0025,      0.0156,      0.1988,   7686.3828,-421560.0312,  -1076.6196,    547.9507,  25621.2754,
       1,     168,      57,       6,       1,       3,       1,     10.0000,      1.3952,     42.5231,    247.2065,     62.2126,      3.4953,      0.0000,     -0.0318,      3.1706,      0.1501,      5.5519,     11.1038,      1.3266,     28.4552,     56.9105,      0.0191,      0.0025,      0.0156,      0.1988,   7686.3828,-421992.8125,  -1076.7229,    547.9210,  25621.2754,
       1,     168,      57,       7,       1,       3,       1,     10.0000,      1.3952,     42.5231,    247.2065,     62.2126,      3.4953,      0.0000,     -0.0317,      2.9738,      0.1473,      5.5519,     11.1038,      1.3015,     28.4552,     56.9105,      0.0191,      0.0024,      0.0156,      0.1988,   7686.3828,-422113.3438,  -1076.7300,    547.9127,  25621.2754,
       1,     168,      57,       8,       1,       3,       1,     10.0000,      1.3952,     42.5231,    247.2065,     62.2126,      3.4953,      0.0019,     -0.0297,      3.1849,      0.1455,      5.5519,     11.1038,      1.2858,     28.4552,     56.9105,      0.0191,      0.0025,      0.0156,      0.1988,   7686.3828,-421872.8125,  -1076.6279,    547.9292,  25621.2754,
       1,     168,      57,       9,       1,       3,       1,     10.0000,      1.3952,     42.5231,    247.2065,     62.2126,      3.4953,      0.0804,      0.0487,     20.4351,      0.1479,      5.5519,     11.1038,      1.3067,     28.4552,     56.9105,      0.0191,      0.0027,      0.0941,      0.1988,   7686.3828,-422121.0312,  -1076.6738,    547.9122,  25621.2754,
       1,     168,      57,      10,       1,       3,       1,     10.0000,      1.3952,     42.5231,    247.2065,     62.2126,      3.4953,      0.1591,      0.1269,     43.3369,      0.1627,      5.5519,     11.1038,      1.4375,     28.4552,     56.9105,      0.0191,      0.0026,      0.2059,      0.1988,   7686.3828,-444142.5000,  -1083.4187,    546.4039,  25621.2754,
       1,     168,      57,      11,       1,       3,       1,     10.0000,      1.3952,     42.5231,    247.2065,     62.2126,      3.4953,      0.1861,      0.1532,     57.8097,      0.1830,      5.5519,     11.1038,      1.6170,     28.4552,     56.9105,      0.0191,      0.0029,      0.2438,      0.1988,   7686.3828,-475288.3125,  -1092.9791,    544.2787,  25621.2734,
       1,     168,      57,      12,       1,       3,       1,     10.0000,      1.3952,     42.5231,    247.2065,     62.2126,      3.4953,      0.1900,      0.1564,     56.6245,      0.2083,      5.5519,     11.1038,      1.8407,     28.4552,     56.9105,      0.0191,      0.0028,      0.2500,      0.1987,   7686.3823,-496486.3750,  -1099.5254,    542.8407,  25621.2734,
       1,     168,      57,      13,       1,       3,       1,     10.0000,      1.3952,     42.5231,    247.2065,     62.2126,      3.4953,      0.1914,      0.1573,     75.3576,      0.2231,      5.5519,     11.1038,      1.9717,     28.4552,     56.9105,      0.0191,      0.0037,      0.2500,      0.1987,   7686.3823,-496819.6250,  -1099.7064,    542.8199,  25621.2734,
       1,     168,      57,      14,       1,       3,       1,     10.0000,      1.3952,     42.5231,    247.2065,     62.2126,      3.4953,      0.1916,      0.1573,     78.7307,      0.2300,      5.5519,     11.1038,      2.0325,     28.4552,     56.9105,      0.0191,      0.0039,      0.2500,      0.1987,   7686.3823,-520764.3438,  -1107.1550,    541.1953,  25621.2715,
       1,     168,      57,      15,       1,       3,       1,     10.0000,      1.3952,     42.5231,    247.2065,     62.2126,      3.4953,      0.1935,      0.1594,    102.8434,      0.2242,      5.5519,     11.1038,      1.9814,     28.4552,     56.9105,      0.0191,      0.0051,      0.2500,      0.1987,   7686.3818,-527164.0625,  -1109.2935,    540.7648,  25621.2695,
       1,     168,      57,      16,       1,       3,       1,     10.0000,      1.3952,     42.5231,    247.2065,     62.2126,      3.4953,      0.1952,      0.1613,    134.4020,      0.2188,      5.5519,     11.1038,      1.9334,     28.4552,     56.9105,      0.0191,      0.0067,      0.2489,      0.1987,   7686.3813,-558520.1250,  -1119.1725,    538.6454,  25621.2695,
       1,     168,      57,      17,       1,       3,       1,     10.0000,      1.3952,     42.5231,    247.2065,     62.2126,      3.4953,      0.1891,      0.1554,    169.2133,      0.2118,      5.5519,     11.1038,      1.8718,     28.4552,     56.9105,      0.0191,      0.0088,      0.2358,      0.1986,   7686.3813,-601595.0625,  -1132.8287,    535.7493,  25621.2695,
       1,     168,      57,      18,       1,       3,       1,     10.0000,      1.3952,     42.5231,    247.2065,     62.2126,      3.4953,      0.1732,      0.1398,    173.4111,      0.1999,      5.5519,     11.1038,      1.7660,     28.4552,     56.9105,      0.0191,      0.0101,      0.2118,      0.1986,   7686.3813,-649888.9375,  -1148.3359,    532.5228,  25621.2695,
       1,     168,      57,      19,       1,       3,       1,     10.0000,      1.3952,     42.5231,    247.2065,     62.2126,      3.4953,      0.1298,      0.0969,    126.1185,      0.1841,      5.5519,     11.1038,      1.6267,     28.4552,     56.9105,      0.0191,      0.0101,      0.1536,      0.1985,   7686.3813,-659495.5000,  -1152.1315,    531.8931,  25621.2676,
       1,     168,      57,      20,       1,       3,       1,     10.0000,      1.3952,     42.5231,    247.2065,     62.2126,      3.4953,      0.0174,     -0.0150,      2.5324,      0.1680,      5.5519,     11.1038,      1.4843,     28.4552,     56.9105,      0.0191,      0.0086,      0.0036,      0.1985,   7686.3804,-599767.3125,  -1134.4563,    535.8646,  25621.2656,
       1,     168,      57,      21,       1,       3,       1,     10.0000,      1.3952,     42.5231,    247.2065,     62.2126,      3.4953,      0.0000,     -0.0320,      9.7898,      0.1555,      5.5519,     11.1038,      1.3741,     28.4552,     56.9105,      0.0191,      0.0077,      0.0156,      0.1986,   7686.3799,-436551.9062,  -1084.1854,    546.8121,  25621.2637,
       1,     168,      57,      22,       1,       3,       1,     10.0000,      1.3952,     42.5231,    247.2065,     62.2126,      3.4953,      0.0000,     -0.0318,      8.8702,      0.1497,      5.5519,     11.1038,      1.3226,     28.4552,     56.9105,      0.0191,      0.0070,      0.0156,      0.1988,   7686.3794,-431971.6250,  -1082.6992,    547.2378,  25621.2637,
       1,     168,      57,      23,       1,       3,       1,     10.0000,      1.3952,     42.5231,    247.2065,     62.2126,      3.4953,      0.0000,     -0.0316,      7.9494,      0.1457,      5.5519,     11.1038,      1.2871,     28.4552,     56.9105,      0.0191,      0.0063,      0.0156,      0.1988,   7686.3794,-430255.5312,  -1082.1045,    547.3553,  25621.2637,
       1,     168,      57,      24,       1,       3,       1,     10.0000,      1.3952,     42.5231,    247.2065,     62.2126,      3.4953,      0.0000,     -0.0317,      7.5706,      0.1465,      5.5519,     11.1038,      1.2949,     28.4552,     56.9105,      0.0191,      0.0060,      0.0156,      0.1988,   7686.3794,-428931.1875,  -1081.6399,    547.4460,  25621.2637,
       1,     168,      58,       1,       1,       3,       1,     10.0000,      1.3953,     42.5235,    247.2123,     62.2141,      3.4953,      0.0000,     -0.0316,      6.8550,      0.1439,      5.5521,     11.1042,      1.2717,     28.4626,     56.9252,      0.0191,      0.0054,      0.0156,      0.1988,   7686.3794,-428486.9688,  -1081.9067,    547.4891,  25622.4141,
       1,     168,      58,       2,       1,       3,       1,     10.0000,      1.3953,     42.5235,    247.2123,     62.2141,      3.4953,      0.0000,     -0.0316,      5.7621,      0.1439,      5.5521,     11.1042,      1.2717,     28.4626,     56.9252,      0.0191,      0.0046,      0.0156,      0.1988,   7686.7246,-427382.6875,  -1081.0651,    547.5648,  25622.4141,
       1,     168,      58,       3,       1,       3,       1,     10.0000,      1.3953,     42.5235,    247.2123,     62.2141,      3.4953,      0.0000,     -0.0316,      5.1432,      0.1451,      5.5521,     11.1042,      1.2820,     28.4626,     56.9252,      0.0191,      0.0041,      0.0156,      0.1988,   7686.7246,-425892.4688,  -1080.5654,    547.6667,  25622.4141,
       1,     168,      58,       4,       1,       3,       1,     10.0000,      1.3953,     42.5235,    247.2123,     62.2141,      3.4953,      0.0000,     -0.0316,      4.4411,      0.1454,      5.5521,     11.1042,      1.2846,     28.4626,     56.9252,      0.0191,      0.0035,      0.0156,      0.1988,   7686.7246,-424973.2500,  -1080.2480,    547.7297,  25622.4121,
       1,     168,      58,       5,       1,       3,       1,     10.0000,      1.3953,     42.5235,    247.2123,     62.2141,      3.4953,      0.0000,     -0.0315,      3.9116,      0.1412,      5.5521,     11.1042,      1.2475,     28.4626,     56.9252,      0.0191,      0.0031,      0.0156,      0.1988,   7686.7241,-423997.8438,  -1079.9194,    547.7964,  25622.4121,
       1,     168,      58,       6,       1,       3,       1,     10.0000,      1.3953,     42.5235,    247.2123,     62.2141,      3.4953,      0.0000,     -0.0315,      3.8629,      0.1412,      5.5521,     11.1042,      1.2475,     28.4626,     56.9252,      0.0191,      0.0031,      0.0156,      0.1988,   7686.7241,-423237.4688,  -1079.6602,    547.8485,  25622.4121,
       1,     168,      58,       7,       1,       3,       1,     10.0000,      1.3953,     42.5235,    247.2123,     62.2141,      3.4953,      0.0000,     -0.0315,      3.9036,      0.1419,      5.5521,     11.1042,      1.2538,     28.4626,     56.9252,      0.0191,      0.0031,      0.0156,      0.1988,   7686.7241,-423109.0625,  -1079.5984,    547.8574,  25622.4121,
       1,     168,      58,       8,       1,       3,       1,     10.0000,      1.3953,     42.5235,    247.2123,     62.2141,      3.4953,      0.0011,     -0.0304,      4.4499,      0.1429,      5.5521,     11.1042,      1.2627,     28.4626,     56.9252,      0.0191,      0.0035,      0.0156,      0.1988,   7686.7241,-423149.6562,  -1079.5891,    547.8546,  25622.4121,
       1,     168,      58,       9,       1,       3,       1,     10.0000,      1.3953,     42.5235,    247.2123,     62.2141,      3.4953,      0.0755,      0.0437,     28.1041,      0.1492,      5.5521,     11.1042,      1.3187,     28.4626,     56.9252,      0.0191,      0.0040,      0.0860,      0.1988,   7686.7241,-423849.9062,  -1079.7821,    547.8066,  25622.4121,
       1,     168,      58,      10,       1,       3,       1,     10.0000,      1.3953,     42.5235,    247.2123,     62.2141,      3.4953,      0.1609,      0.1288,     71.6843,      0.1588,      5.5521,     11.1042,      1.4034,     28.4626,     56.9252,      0.0191,      0.0043,      0.2053,      0.1988,   7686.7241,-454075.0312,  -1089.1903,    545.7369,  25622.4121,
       1,     168,      58,      11,       1,       3,       1,     10.0000,      1.3953,     42.5235,    247.2123,     62.2141,      3.4953,      0.1677,      0.1353,     76.1551,      0.1666,      5.5521,     11.1042,      1.4725,     28.4626,     56.9252,      0.0191,      0.0044,      0.2147,      0.1988,   7686.7241,-512323.6875,  -1107.3699,    541.7673,  25622.4141,
       1,     168,      58,      12,       1,       3,       1,     10.0000,      1.3953,     42.5235,    247.2123,     62.2141,      3.4953,      0.1867,      0.1547,     81.7026,      0.1558,      5.5521,     11.1042,      1.3769,     28.4626,     56.9252,      0.0191,      0.0042,      0.2417,      0.1987,   7686.7246,-523145.9688,  -1110.9304,    541.0488,  25622.4121,
       1,     168,      58,      13,       1,       3,       1,     10.0000,      1.3953,     42.5235,    247.2123,     62.2141,      3.4953,      0.1930,      0.1601,     91.4407,      0.1828,      5.5521,     11.1042,      1.6155,     28.4626,     56.9252,      0.0191,      0.0045,      0.2500,      0.1987,   7686.7241,-531155.7500,  -1113.6726,    540.5075,  25622.4102,
       1,     168,      58,      14,       1,       3,       1,     10.0000,      1.3953,     42.5235,    247.2123,     62.2141,      3.4953,      0.1931,      0.1600,     94.6062,      0.1904,      5.5521,     11.1042,      1.6825,     28.4626,     56.9252,      0.0191,      0.0047,      0.2500,      0.1987,   7686.7231,-544291.5000,  -1118.0485,    539.6202,  25622.4102,
       1,     168,      58,      15,       1,       3,       1,     10.0000,      1.3953,     42.5235,    247.2123,     62.2141,      3.4953,      0.1930,      0.1596,     93.7871,      0.2001,      5.5521,     11.1042,      1.7678,     28.4626,     56.9252,      0.0191,      0.0046,      0.2500,      0.1987,   7686.7231,-549480.1875,  -1119.9950,    539.2711,  25622.4082,
       1,     168,      58,      16,       1,       3,       1,     10.0000,      1.3953,     42.5235,    247.2123,     62.2141,      3.4953,      0.1927,      0.1594,     89.4547,      0.1954,      5.5521,     11.1042,      1.7264,     28.4626,     56.9252,      0.0191,      0.0044,      0.2500,      0.1987,   7686.7227,-548884.1875,  -1120.1470,    539.3113,  25622.4082,
       1,     168,      58,      17,       1,       3,       1,     10.0000,      1.3953,     42.5235,    247.2123,     62.2141,      3.4953,      0.1851,      0.1524,     73.3741,      0.1755,      5.5521,     11.1042,      1.5509,     28.4626,     56.9252,      0.0191,      0.0038,      0.2404,      0.1987,   7686.7227,-543296.6875,  -1118.7394,    539.6880,  25622.4043,
       1,     168,      58,      18,       1,       3,       1,     10.0000,      1.3953,     42.5235,    247.2123,     62.2141,      3.4953,      0.1618,      0.1291,     86.8785,      0.1753,      5.5521,     11.1042,      1.5494,     28.4626,     56.9252,      0.0191,      0.0052,      0.2049,      0.1987,   7686.7217,-522267.4688,  -1112.4749,    541.1068,  25622.4023,
       1,     168,      58,      19,       1,       3,       1,     10.0000,      1.3953,     42.5235,    247.2123,     62.2141,      3.4953,      0.1176,      0.0851,     64.5918,      0.1705,      5.5521,     11.1042,      1.5067,     28.4626,     56.9252,      0.0191,      0.0056,      0.1429,      0.1987,   7686.7212,-537692.4375,  -1117.5688,    540.0654,  25622.4043,
       1,     168,      58,      20,       1,       3,       1,     10.0000,      1.3953,     42.5235,    247.2123,     62.2141,      3.4953,      0.0144,     -0.0178,      7.5607,      0.1617,      5.5521,     11.1042,      1.4290,     28.4626,     56.9252,      0.0191,      0.0060,      0.0156,      0.1987,   7686.7217,-510563.9062,  -1109.7633,    541.8977,  25622.4043,
       1,     168,      58,      21,       1,       3,       1,     10.0000,      1.3953,     42.5235,    247.2123,     62.2141,      3.4953,      0.0000,     -0.0320,      7.2901,      0.1561,      5.5521,     11.1042,      1.3797,     28.4626,     56.9252,      0.0191,      0.0058,      0.0156,      0.1987,   7686.7217,-435390.8125,  -1086.2728,    546.9929,  25622.4023,
       1,     168,      58,      22,       1,       3,       1,     10.0000,      1.3953,     42.5235,    247.2123,     62.2141,      3.4953,      0.0000,     -0.0320,      5.3768,      0.1547,      5.5521,     11.1042,      1.3673,     28.4626,     56.9252,      0.0191,      0.0043,      0.0156,      0.1988,   7686.7212,-428571.9688,  -1086.1547,    547.4832,  25622.4023,
       1,     168,      58,      23,       1,       3,       1,     10.0000,      1.3953,     42.5235,    247.2123,     62.2141,      3.4953,      0.0000,     -0.0317,      5.5894,      0.1470,      5.5521,     11.1042,      1.2989,     28.4626,     56.9252,      0.0191,      0.0044,      0.0156,      0.1988,   7686.7212,-425506.5938,  -1085.7377,    547.6931,  25622.4023,
       1,     168,      58,      24,       1,       3,       1,     10.0000,      1.3953,     42.5235,    247.2123,     62.2141,      3.4953,      0.0000,     -0.0315,      5.3157,      0.1428,      5.5521,     11.1042,      1.2614,     28.4626,     56.9252,      0.0191,      0.0042,      0.0156,      0.1988,   7686.7212,-425510.0625,  -1085.6798,    547.6930,  25622.4023,
       1,     168,      59,       1,       1,       3,       1,     10.0000,      1.3953,     42.5238,    247.2181,     62.2155,      3.4953,      0.0000,     -0.0314,      4.9997,      0.1382,      5.5520,     11.1041,      1.2213,     28.4688,     56.9375,      0.0191,      0.0040,      0.0156,      0.1988,   7686.7212,-425316.4375,  -1086.0231,    547.7191,  25623.5547,
       1,     168,      59,       2,       1,       3,       1,     10.0000,      1.3953,     42.5238,    247.2181,     62.2155,      3.4953,      0.0000,     -0.0312,      4.1726,      0.1339,      5.5520,     11.1041,      1.1836,     28.4688,     56.9375,      0.0191,      0.0033,      0.0156,      0.1988,   7687.0669,-424743.4375,  -1085.3335,    547.7583,  25623.5547,
       1,     168,      59,       3,       1,       3,       1,     10.0000,      1.3953,     42.5238,    247.2181,     62.2155,      3.4953,      0.0000,     -0.0313,      4.3469,      0.1367,      5.5520,     11.1041,      1.2078,     28.4688,     56.9375,      0.0191,      0.0034,      0.0156,      0.1988,   7687.0669,-423638.8125,  -1084.9451,    547.8339,  25623.5547,
       1,     168,      59,       4,       1,       3,       1,     10.0000,      1.3953,     42.5238,    247.2181,     62.2155,      3.4953,      0.0000,     -0.0316,      3.1253,      0.1441,      5.5520,     11.1041,      1.2730,     28.4688,     56.9375,      0.0191,      0.0025,      0.0156,      0.1988,   7687.0669,-423764.6875,  -1086.8882,    547.8253,  25623.5547,
       1,     168,      59,       5,       1,       3,       1,     10.0000,      1.3953,     42.5238,    247.2181,     62.2155,      3.4953,      0.0000,     -0.0316,      2.8523,      0.1448,      5.5520,     11.1041,      1.2794,     28.4688,     56.9375,      0.0191,      0.0023,      0.0156,      0.1988,   7687.0669,-422218.0938,  -1086.3625,    547.9313,  25623.5547,
       1,     168,      59,       6,       1,       3,       1,     10.0000,      1.3953,     42.5238,    247.2181,     62.2155,      3.4953,      0.0000,     -0.0312,      2.2747,      0.1334,      5.5520,     11.1041,      1.1788,     28.4688,     56.9375,      0.0191,      0.0018,      0.0156,      0.1988,   7687.0669,-421734.8750,  -1087.5642,    547.9644,  25623.5547,
       1,     168,      59,       7,       1,       3,       1,     10.0000,      1.3953,     42.5238,    247.2181,     62.2155,      3.4953,      0.0000,     -0.0308,      1.9385,      0.1237,      5.5520,     11.1041,      1.0933,     28.4688,     56.9375,      0.0191,      0.0015,      0.0156,      0.1988,   7687.0669,-420956.0938,  -1087.9946,    548.0178,  25623.5527,
       1,     168,      59,       8,       1,       3,       1,     10.0000,      1.3953,     42.5238,    247.2181,     62.2155,      3.4953,      0.0020,     -0.0285,      2.2900,      0.1182,      5.5520,     11.1041,      1.0442,     28.4688,     56.9375,      0.0191,      0.0018,      0.0156,      0.1988,   7687.0659,-420459.5625,  -1087.8108,    548.0517,  25623.5527,
       1,     168,      59,       9,       1,       3,       1,     10.0000,      1.3953,     42.5238,    247.2181,     62.2155,      3.4953,      0.0251,     -0.0056,      3.3164,      0.1196,      5.5520,     11.1041,      1.0571,     28.4688,     56.9375,      0.0191,      0.0024,      0.0169,      0.1988,   7687.0659,-420864.5000,  -1087.9012,    548.0239,  25623.5527,
       1,     168,      59,      10,       1,       3,       1,     10.0000,      1.3953,     42.5238,    247.2181,     62.2155,      3.4953,      0.1397,      0.1087,     38.6787,      0.1278,      5.5520,     11.1041,      1.1295,     28.4688,     56.9375,      0.0191,      0.0027,      0.1783,      0.1988,   7687.0659,-422208.5938,  -1088.2683,    547.9319,  25623.5527,
       1,     168,      59,      11,       1,       3,       1,     10.0000,      1.3953,     42.5238,    247.2181,     62.2155,      3.4953,      0.1893,      0.1572,     51.3346,      0.1577,      5.5520,     11.1041,      1.3936,     28.4688,     56.9375,      0.0191,      0.0025,      0.2489,      0.1988,   7687.0659,-467413.5938,  -1102.3615,    544.8357,  25623.5527,
       1,     168,      59,      12,       1,       3,       1,     10.0000,      1.3953,     42.5238,    247.2181,     62.2155,      3.4953,      0.1887,      0.1558,     36.7936,      0.1825,      5.5520,     11.1041,      1.6123,     28.4688,     56.9375,      0.0191,      0.0018,      0.2500,      0.1988,   7687.0659,-487531.8438,  -1108.6273,    543.4743,  25623.5527,
       1,     168,      59,      13,       1,       3,       1,     10.0000,      1.3953,     42.5238,    247.2181,     62.2155,      3.4953,      0.1875,      0.1544,     22.8025,      0.1895,      5.5520,     11.1041,      1.6742,     28.4688,     56.9375,      0.0191,      0.0011,      0.2500,      0.1988,   7687.0659,-470719.5312,  -1103.3749,    544.6182,  25623.5527,
       1,     168,      59,      14,       1,       3,       1,     10.0000,      1.3953,     42.5238,    247.2181,     62.2155,      3.4953,      0.1883,      0.1549,     34.1122,      0.2001,      5.5520,     11.1041,      1.7679,     28.4688,     56.9375,      0.0191,      0.0017,      0.2500,      0.1988,   7687.0659,-451405.5312,  -1097.2662,    545.9342,  25623.5508,
       1,     168,      59,      15,       1,       3,       1,     10.0000,      1.3953,     42.5238,    247.2181,     62.2155,      3.4953,      0.1891,      0.1558,     44.3049,      0.1989,      5.5520,     11.1041,      1.7574,     28.4688,     56.9375,      0.0191,      0.0022,      0.2500,      0.1988,   7687.0654,-464152.6562,  -1101.1368,    545.0659,  25623.5508,
       1,     168,      59,      16,       1,       3,       1,     10.0000,      1.3953,     42.5238,    247.2181,     62.2155,      3.4953,      0.1916,      0.1584,     75.3634,      0.1938,      5.5520,     11.1041,      1.7128,     28.4688,     56.9375,      0.0191,      0.0037,      0.2500,      0.1988,   7687.0654,-478267.8750,  -1105.4695,    544.1049,  25623.5488,
       1,     168,      59,      17,       1,       3,       1,     10.0000,      1.3953,     42.5238,    247.2181,     62.2155,      3.4953,      0.1924,      0.1592,    114.4721,      0.1912,      5.5520,     11.1041,      1.6892,     28.4688,     56.9375,      0.0191,      0.0057,      0.2466,      0.1988,   7687.0649,-519133.0938,  -1118.2596,    541.3264,  25623.5508,
       1,     168,      59,      18,       1,       3,       1,     10.0000,      1.3953,     42.5238,    247.2181,     62.2155,      3.4953,      0.1736,      0.1407,    106.7572,      0.1830,      5.5520,     11.1041,      1.6171,     28.4688,     56.9375,      0.0191,      0.0060,      0.2199,      0.1987,   7687.0654,-572649.8750,  -1135.1943,    537.7122,  25623.5488,
       1,     168,      59,      19,       1,       3,       1,     10.0000,      1.3953,     42.5238,    247.2181,     62.2155,      3.4953,      0.1321,      0.0995,     81.9280,      0.1719,      5.5520,     11.1041,      1.5188,     28.4688,     56.9375,      0.0191,      0.0062,      0.1620,      0.1987,   7687.0649,-567474.9375,  -1133.9470,    538.0720,  25623.5488,
       1,     168,      59,      20,       1,       3,       1,     10.0000,      1.3953,     42.5238,    247.2181,     62.2155,      3.4953,      0.0239,     -0.0083,      6.2882,      0.1614,      5.5520,     11.1041,      1.4261,     28.4688,     56.9375,      0.0191,      0.0060,      0.0130,      0.1987,   7687.0649,-535279.1875,  -1124.1843,    540.2375,  25623.5449,
       1,     168,      59,      21,       1,       3,       1,     10.0000,      1.3953,     42.5238,    247.2181,     62.2155,      3.4953,      0.0000,     -0.0320,      6.8718,      0.1550,      5.5520,     11.1041,      1.3701,     28.4688,     56.9375,      0.0191,      0.0054,      0.0156,      0.1987,   7687.0640,-435883.5938,  -1093.0474,    546.9542,  25623.5449,
       1,     168,      59,      22,       1,       3,       1,     10.0000,      1.3953,     42.5238,    247.2181,     62.2155,      3.4953,      0.0000,     -0.0319,      7.2192,      0.1521,      5.5520,     11.1041,      1.3441,     28.4688,     56.9375,      0.0191,      0.0057,      0.0156,      0.1988,   7687.0640,-428107.0938,  -1090.5052,    547.5278,  25623.5449,
       1,     168,      59,      23,       1,       3,       1,     10.0000,      1.3953,     42.5238,    247.2181,     62.2155,      3.4953,      0.0000,     -0.0318,      7.2271,      0.1512,      5.5520,     11.1041,      1.3361,     28.4688,     56.9375,      0.0191,      0.0057,      0.0156,      0.1988,   7687.0640,-427818.6562,  -1090.3174,    547.5477,  25623.5449,
       1,     168,      59,      24,       1,       3,       1,     10.0000,      1.3953,     42.5238,    247.2181,     62.2155,      3.4953,      0.0000,     -0.0317,      6.0350,      0.1473,      5.5520,     11.1041,      1.3015,     28.4688,     56.9375,      0.0191,      0.0048,      0.0156,      0.1988,   7687.0640,-427803.2500,  -1090.2147,    547.5489,  25623.5449,
       1,     168,      60,       1,       1,       3,       1,     10.0000,      1.3953,     42.5241,    247.2240,     62.2170,      3.4953,      0.0000,     -0.0316,      5.4027,      0.1454,      5.5524,     11.1047,      1.2846,     28.4746,     56.9491,      0.0191,      0.0043,      0.0156,      0.1989,   7687.0640,-426436.8125,  -1090.1653,    547.6553,  25624.6953,
       1,     168,      60,       2,       1,       3,       1,     10.0000,      1.3953,     42.5241,    247.2240,     62.2170,      3.4953,      0.0000,     -0.0316,      4.4513,      0.1451,      5.5524,     11.1047,      1.2820,     28.4746,     56.9491,      0.0191,      0.0035,      0.0156,      0.1989,   7687.4087,-425358.3438,  -1089.2969,    547.7292,  25624.6953,
       1,     168,      60,       3,       1,       3,       1,     10.0000,      1.3953,     42.5241,    247.2240,     62.2170,      3.4953,      0.0000,     -0.0316,      3.9855,      0.1449,      5.5524,     11.1047,      1.2807,     28.4746,     56.9491,      0.0191,      0.0032,      0.0156,      0.1989,   7687.4087,-424051.1250,  -1088.8289,    547.8186,  25624.6953,
       1,     168,      60,       4,       1,       3,       1,     10.0000,      1.3953,     42.5241,    247.2240,     62.2170,      3.4953,      0.0000,     -0.0316,      4.7115,      0.1432,      5.5524,     11.1047,      1.2653,     28.4746,     56.9491,      0.0191,      0.0037,      0.0156,      0.1989,   7687.4087,-423343.3125,  -1088.5563,    547.8671,  25624.6953,
       1,     168,      60,       5,       1,       3,       1,     10.0000,      1.3953,     42.5241,    247.2240,     62.2170,      3.4953,      0.0000,     -0.0316,      4.5196,      0.1441,      5.5524,     11.1047,      1.2730,     28.4746,     56.9491,      0.0191,      0.0036,      0.0156,      0.1989,   7687.4087,-424207.0312,  -1088.7701,    547.8080,  25624.6953,
       1,     168,      60,       6,       1,       3,       1,     10.0000,      1.3953,     42.5241,    247.2240,     62.2170,      3.4953,      0.0000,     -0.0317,      4.2840,      0.1473,      5.5524,     11.1047,      1.3016,     28.4746,     56.9491,      0.0191,      0.0034,      0.0156,      0.1989,   7687.4087,-424037.6875,  -1088.6615,    547.8195,  25624.6953,
       1,     168,      60,       7,       1,       3,       1,     10.0000,      1.3953,     42.5241,    247.2240,     62.2170,      3.4953,      0.0000,     -0.0316,      4.2682,      0.1441,      5.5524,     11.1047,      1.2730,     28.4746,     56.9491,      0.0191,      0.0034,      0.0156,      0.1989,   7687.4087,-423722.6562,  -1088.5110,    547.8411,  25624.6934,
       1,     168,      60,       8,       1,       3,       1,     10.0000,      1.3953,     42.5241,    247.2240,     62.2170,      3.4953,      0.0003,     -0.0312,      4.1914,      0.1418,      5.5524,     11.1047,      1.2526,     28.4746,     56.9491,      0.0191,      0.0033,      0.0156,      0.1989,   7687.4082,-423675.1875,  -1088.4456,    547.8444,  25624.6934,
       1,     168,      60,       9,       1,       3,       1,     10.0000,      1.3953,     42.5241,    247.2240,     62.2170,      3.4953,      0.0211,     -0.0101,      2.6382,      0.1314,      5.5524,     11.1047,      1.1610,     28.4746,     56.9491,      0.0191,      0.0031,      0.0106,      0.1989,   7687.4082,-423573.0625,  -1088.3643,    547.8514,  25624.6934,
       1,     168,      60,      10,       1,       3,       1,     10.0000,      1.3953,     42.5241,    247.2240,     62.2170,      3.4953,      0.1367,      0.1050,     45.0613,      0.1480,      5.5524,     11.1047,      1.3081,     28.4746,     56.9491,      0.0191,      0.0032,      0.1731,      0.1989,   7687.4082,-421583.9062,  -1087.6865,    547.9876,  25624.6934,
       1,     168,      60,      11,       1,       3,       1,     10.0000,      1.3953,     42.5241,    247.2240,     62.2170,      3.4953,      0.1467,      0.1147,     53.5392,      0.1555,      5.5524,     11.1047,      1.3742,     28.4746,     56.9491,      0.0191,      0.0035,      0.1866,      0.1989,   7687.4082,-475493.6875,  -1104.6753,    544.2948,  25624.6914,
       1,     168,      60,      12,       1,       3,       1,     10.0000,      1.3953,     42.5241,    247.2240,     62.2170,      3.4953,      0.1890,      0.1566,     68.7572,      0.1680,      5.5524,     11.1047,      1.4844,     28.4746,     56.9491,      0.0191,      0.0034,      0.2467,      0.1988,   7687.4077,-491051.0938,  -1109.6152,    543.2488,  25624.6934,
       1,     168,      60,      13,       1,       3,       1,     10.0000,      1.3953,     42.5241,    247.2240,     62.2170,      3.4953,      0.1911,      0.1580,     76.4916,      0.1872,      5.5524,     11.1047,      1.6545,     28.4746,     56.9491,      0.0191,      0.0038,      0.2490,      0.1988,   7687.4082,-511813.4688,  -1116.2366,    541.8398,  25624.6914,
       1,     168,      60,      14,       1,       3,       1,     10.0000,      1.3953,     42.5241,    247.2240,     62.2170,      3.4953,      0.1646,      0.1319,     34.1310,      0.1755,      5.5524,     11.1047,      1.5510,     28.4746,     56.9491,      0.0191,      0.0020,      0.2150,      0.1988,   7687.4077,-523498.7188,  -1120.0667,    541.0503,  25624.6914,
       1,     168,      60,      15,       1,       3,       1,     10.0000,      1.3953,     42.5241,    247.2240,     62.2170,      3.4953,      0.1433,      0.1108,     45.6090,      0.1692,      5.5524,     11.1047,      1.4948,     28.4746,     56.9491,      0.0191,      0.0031,      0.1825,      0.1988,   7687.4077,-470425.6562,  -1103.4774,    544.6403,  25624.6914,
       1,     168,      60,      16,       1,       3,       1,     10.0000,      1.3953,     42.5241,    247.2240,     62.2170,      3.4953,      0.1428,      0.1103,     57.1778,      0.1690,      5.5524,     11.1047,      1.4933,     28.4746,     56.9491,      0.0191,      0.0039,      0.1805,      0.1988,   7687.4077,-480490.4375,  -1106.6871,    543.9670,  25624.6914,
       1,     168,      60,      17,       1,       3,       1,     10.0000,      1.3953,     42.5241,    247.2240,     62.2170,      3.4953,      0.1206,      0.0884,     50.7482,      0.1630,      5.5524,     11.1047,      1.4405,     28.4746,     56.9491,      0.0191,      0.0042,      0.1489,      0.1988,   7687.4077,-496114.5312,  -1111.6827,    542.9050,  25624.6895,
       1,     168,      60,      18,       1,       3,       1,     10.0000,      1.3953,     42.5241,    247.2240,     62.2170,      3.4953,      0.1025,      0.0705,     52.7238,      0.1544,      5.5524,     11.1047,      1.3646,     28.4746,     56.9491,      0.0191,      0.0053,      0.1224,      0.1988,   7687.4072,-489271.4062,  -1109.6154,    543.3705,  25624.6895,
       1,     168,      60,      19,       1,       3,       1,     10.0000,      1.3953,     42.5241,    247.2240,     62.2170,      3.4953,      0.0507,      0.0193,     19.0994,      0.1403,      5.5524,     11.1047,      1.2400,     28.4746,     56.9491,      0.0191,      0.0046,      0.0514,      0.1988,   7687.4072,-491196.4375,  -1110.2925,    543.2399,  25624.6875,
       1,     168,      60,      20,       1,       3,       1,     10.0000,      1.3953,     42.5241,    247.2240,     62.2170,      3.4953,      0.0133,     -0.0181,      5.3639,      0.1403,      5.5524,     11.1047,      1.2400,     28.4746,     56.9491,      0.0191,      0.0042,      0.0156,      0.1988,   7687.4067,-448452.4375,  -1096.7957,    546.1425,  25624.6875,
       1,     168,      60,      21,       1,       3,       1,     10.0000,      1.3953,     42.5241,    247.2240,     62.2170,      3.4953,      0.0000,     -0.0314,      5.0417,      0.1396,      5.5524,     11.1047,      1.2338,     28.4746,     56.9491,      0.0191,      0.0040,      0.0156,      0.1988,   7687.4067,-427236.7500,  -1090.0216,    547.5986,  25624.6855,
       1,     168,      60,      22,       1,       3,       1,     10.0000,      1.3953,     42.5241,    247.2240,     62.2170,      3.4953,      0.0000,     -0.0313,      4.6768,      0.1361,      5.5524,     11.1047,      1.2029,     28.4746,     56.9491,      0.0191,      0.0037,      0.0156,      0.1989,   7687.4058,-424971.5000,  -1089.2537,    547.7556,  25624.6855,
       1,     168,      60,      23,       1,       3,       1,     10.0000,      1.3953,     42.5241,    247.2240,     62.2170,      3.4953,      0.0000,     -0.0311,      4.0653,      0.1310,      5.5524,     11.1047,      1.1575,     28.4746,     56.9491,      0.0191,      0.0032,      0.0156,      0.1989,   7687.4058,-424306.0312,  -1088.9979,    547.8011,  25624.6855,
       1,     168,      60,      24,       1,       3,       1,     10.0000,      1.3953,     42.5241,    247.2240,     62.2170,      3.4953,      0.0000,     -0.0312,      3.1995,      0.1339,      5.5524,     11.1047,      1.1836,     28.4746,     56.9491,      0.0191,      0.0025,      0.0156,      0.1989,   7687.4058,-423468.2812,  -1088.6964,    547.8585,  25624.6855,
       1,     168,      61,       1,       1,       3,       1,     10.0000,      1.3953,     42.5245,    247.2298,     62.2185,      3.4953,      0.0000,     -0.0313,      3.1797,      0.1356,      5.5532,     11.1065,      1.1981,     28.4706,     56.9412,      0.0191,      0.0025,      0.0156,      0.1989,   7687.4058,-422446.8750,  -1088.8069,    547.9414,  25625.8359,
       1,     168,      61,       2,       1,       3,       1,     10.0000,      1.3953,     42.5245,    247.2298,     62.2185,      3.4953,      0.0000,     -0.0312,      4.0114,      0.1339,      5.5532,     11.1065,      1.1836,     28.4706,     56.9412,      0.0191,      0.0032,      0.0156,      0.1989,   7687.7510,-422179.3750,  -1088.2324,    547.9597,  25625.8359,
       1,     168,      61,       3,       1,       3,       1,     10.0000,      1.3953,     42.5245,    247.2298,     62.2185,      3.4953,      0.0000,     -0.0310,      4.4808,      0.1284,      5.5532,     11.1065,      1.1342,     28.4706,     56.9412,      0.0191,      0.0035,      0.0156,      0.1989,   7687.7510,-423216.2188,  -1088.5247,    547.8887,  25625.8359,
       1,     168,      61,       4,       1,       3,       1,     10.0000,      1.3953,     42.5245,    247.2298,     62.2185,      3.4953,      0.0000,     -0.0310,      3.8079,      0.1293,      5.5532,     11.1065,      1.1423,     28.4706,     56.9412,      0.0191,      0.0030,      0.0156,      0.1989,   7687.7510,-423905.1250,  -1088.7024,    547.8416,  25625.8359,
       1,     168,      61,       5,       1,       3,       1,     10.0000,      1.3953,     42.5245,    247.2298,     62.2185,      3.4953,      0.0000,     -0.0311,      3.0304,      0.1313,      5.5532,     11.1065,      1.1598,     28.4706,     56.9412,      0.0191,      0.0024,      0.0156,      0.1989,   7687.7510,-423107.5312,  -1088.4152,    547.8962,  25625.8359,
       1,     168,      61,       6,       1,       3,       1,     10.0000,      1.3953,     42.5245,    247.2298,     62.2185,      3.4953,      0.0000,     -0.0312,      2.1678,      0.1325,      5.5532,     11.1065,      1.1705,     28.4706,     56.9412,      0.0191,      0.0017,      0.0156,      0.1989,   7687.7510,-422046.7500,  -1088.0530,    547.9689,  25625.8359,
       1,     168,      61,       7,       1,       3,       1,     10.0000,      1.3953,     42.5245,    247.2298,     62.2185,      3.4953,      0.0000,     -0.0313,      1.9005,      0.1352,      5.5532,     11.1065,      1.1945,     28.4706,     56.9412,      0.0191,      0.0015,      0.0156,      0.1989,   7687.7510,-420854.5000,  -1087.6573,    548.0505,  25625.8359,
       1,     168,      61,       8,       1,       3,       1,     10.0000,      1.3953,     42.5245,    247.2298,     62.2185,      3.4953,      0.0017,     -0.0296,      1.7406,      0.1360,      5.5532,     11.1065,      1.2017,     28.4706,     56.9412,      0.0191,      0.0014,      0.0156,      0.1989,   7687.7510,-420409.7500,  -1087.5017,    548.0809,  25625.8359,
       1,     168,      61,       9,       1,       3,       1,     10.0000,      1.3953,     42.5245,    247.2298,     62.2185,      3.4953,      0.0465,      0.0151,      5.0048,      0.1412,      5.5532,     11.1065,      1.2476,     28.4706,     56.9412,      0.0191,      0.0013,      0.0469,      0.1989,   7687.7510,-420167.0000,  -1087.4115,    548.0976,  25625.8359,
       1,     168,      61,      10,       1,       3,       1,     10.0000,      1.3953,     42.5245,    247.2298,     62.2185,      3.4953,      0.0582,      0.0265,      7.2853,      0.1467,      5.5532,     11.1065,      1.2964,     28.4706,     56.9412,      0.0191,      0.0014,      0.0633,      0.1989,   7687.7510,-424306.5938,  -1088.7097,    547.8140,  25625.8359,
       1,     168,      61,      11,       1,       3,       1,     10.0000,      1.3953,     42.5245,    247.2298,     62.2185,      3.4953,      0.1505,      0.1189,     22.2497,      0.1441,      5.5532,     11.1065,      1.2730,     28.4706,     56.9412,      0.0191,      0.0014,      0.1958,      0.1989,   7687.7510,-427575.5000,  -1092.3209,    547.5903,  25625.8340,
       1,     168,      61,      12,       1,       3,       1,     10.0000,      1.3953,     42.5245,    247.2298,     62.2185,      3.4953,      0.1857,      0.1533,     36.5650,      0.1688,      5.5532,     11.1065,      1.4919,     28.4706,     56.9412,      0.0191,      0.0018,      0.2456,      0.1989,   7687.7505,-446937.7812,  -1098.4113,    546.2650,  25625.8359,
       1,     168,      61,      13,       1,       3,       1,     10.0000,      1.3953,     42.5245,    247.2298,     62.2185,      3.4953,      0.1859,      0.1529,     42.1046,      0.1843,      5.5532,     11.1065,      1.6285,     28.4706,     56.9412,      0.0191,      0.0021,      0.2453,      0.1989,   7687.7510,-466886.5000,  -1104.6620,    544.9044,  25625.8320,
       1,     168,      61,      14,       1,       3,       1,     10.0000,      1.3953,     42.5245,    247.2298,     62.2185,      3.4953,      0.1868,      0.1538,     48.7761,      0.1854,      5.5532,     11.1065,      1.6382,     28.4706,     56.9412,      0.0191,      0.0024,      0.2459,      0.1988,   7687.7500,-475695.0000,  -1107.4247,    544.3060,  25625.8359,
       1,     168,      61,      15,       1,       3,       1,     10.0000,      1.3953,     42.5245,    247.2298,     62.2185,      3.4953,      0.1631,      0.1305,     43.7278,      0.1741,      5.5532,     11.1065,      1.5387,     28.4706,     56.9412,      0.0191,      0.0025,      0.2117,      0.1988,   7687.7510,-484971.6562,  -1110.3602,    543.6752,  25625.8320,
       1,     168,      61,      16,       1,       3,       1,     10.0000,      1.3953,     42.5245,    247.2298,     62.2185,      3.4953,      0.1816,      0.1487,     31.3705,      0.1817,      5.5532,     11.1065,      1.6060,     28.4706,     56.9412,      0.0191,      0.0016,      0.2402,      0.1988,   7687.7500,-479339.2188,  -1108.6285,    544.0584,  25625.8320,
       1,     168,      61,      17,       1,       3,       1,     10.0000,      1.3953,     42.5245,    247.2298,     62.2185,      3.4953,      0.1435,      0.1112,     44.1242,      0.1630,      5.5532,     11.1065,      1.4406,     28.4706,     56.9412,      0.0191,      0.0030,      0.1830,      0.1988,   7687.7500,-463083.2812,  -1103.4900,    545.1640,  25625.8340,
       1,     168,      61,      18,       1,       3,       1,     10.0000,      1.3953,     42.5245,    247.2298,     62.2185,      3.4953,      0.0788,      0.0476,     30.1454,      0.1334,      5.5532,     11.1065,      1.1788,     28.4706,     56.9412,      0.0191,      0.0041,      0.0910,      0.1989,   7687.7505,-477938.0312,  -1108.2010,    544.1530,  25625.8320,
       1,     168,      61,      19,       1,       3,       1,     10.0000,      1.3953,     42.5245,    247.2298,     62.2185,      3.4953,      0.1069,      0.0754,     43.5823,      0.1416,      5.5532,     11.1065,      1.2514,     28.4706,     56.9412,      0.0191,      0.0041,      0.1300,      0.1988,   7687.7500,-461399.6875,  -1104.3326,    545.2788,  25625.8281,
       1,     168,      61,      20,       1,       3,       1,     10.0000,      1.3953,     42.5245,    247.2298,     62.2185,      3.4953,      0.0120,     -0.0196,      4.7197,      0.1433,      5.5532,     11.1065,      1.2666,     28.4706,     56.9412,      0.0191,      0.0037,      0.0156,      0.1989,   7687.7485,-477100.4375,  -1109.2886,    544.2098,  25625.8301,
       1,     168,      61,      21,       1,       3,       1,     10.0000,      1.3953,     42.5245,    247.2298,     62.2185,      3.4953,      0.0000,     -0.0317,      5.0557,      0.1479,      5.5532,     11.1065,      1.3069,     28.4706,     56.9412,      0.0191,      0.0040,      0.0156,      0.1988,   7687.7495,-428890.0938,  -1094.0038,    547.4904,  25625.8301,
       1,     168,      61,      22,       1,       3,       1,     10.0000,      1.3953,     42.5245,    247.2298,     62.2185,      3.4953,      0.0000,     -0.0318,      3.6677,      0.1500,      5.5532,     11.1065,      1.3254,     28.4706,     56.9412,      0.0191,      0.0029,      0.0156,      0.1989,   7687.7495,-425146.4375,  -1092.7462,    547.7565,  25625.8281,
       1,     168,      61,      23,       1,       3,       1,     10.0000,      1.3953,     42.5245,    247.2298,     62.2185,      3.4953,      0.0000,     -0.0317,      1.2579,      0.1474,      5.5532,     11.1065,      1.3029,     28.4706,     56.9412,      0.0191,      0.0010,      0.0156,      0.1989,   7687.7485,-423038.0938,  -1092.0280,    547.9009,  25625.8281,
       1,     168,      61,      24,       1,       3,       1,     10.0000,      1.3953,     42.5245,    247.2298,     62.2185,      3.4953,      0.0000,     -0.0318,      1.7366,      0.1488,      5.5532,     11.1065,      1.3148,     28.4706,     56.9412,      0.0191,      0.0014,      0.0156,      0.1989,   7687.7485,-419782.1250,  -1090.9823,    548.1239,  25625.8281,
       1,     168,      62,       1,       1,       3,       1,     10.0000,      1.3953,     42.5248,    247.2356,     62.2199,      3.4953,      0.0000,     -0.0318,      2.3399,      0.1494,      5.5531,     11.1062,      1.3201,     28.4685,     56.9370,      0.0191,      0.0018,      0.0156,      0.1989,   7687.7485,-420263.9062,  -1091.5776,    548.1039,  25626.9785,
       1,     168,      62,       2,       1,       3,       1,     10.0000,      1.3953,     42.5248,    247.2356,     62.2199,      3.4953,      0.0000,     -0.0318,      2.1894,      0.1486,      5.5531,     11.1062,      1.3135,     28.4685,     56.9370,      0.0191,      0.0017,      0.0156,      0.1989,   7688.0938,-420921.6250,  -1091.2950,    548.0588,  25626.9785,
       1,     168,      62,       3,       1,       3,       1,     10.0000,      1.3953,     42.5248,    247.2356,     62.2199,      3.4953,      0.0000,     -0.0317,      2.1590,      0.1475,      5.5531,     11.1062,      1.3029,     28.4685,     56.9370,      0.0191,      0.0017,      0.0156,      0.1989,   7688.0938,-420787.3750,  -1091.2245,    548.0681,  25626.9785,
       1,     168,      62,       4,       1,       3,       1,     10.0000,      1.3953,     42.5248,    247.2356,     62.2199,      3.4953,      0.0000,     -0.0316,      1.9937,      0.1452,      5.5531,     11.1062,      1.2834,     28.4685,     56.9370,      0.0191,      0.0016,      0.0156,      0.1989,   7688.0938,-420736.9688,  -1091.1810,    548.0715,  25626.9785,
       1,     168,      62,       5,       1,       3,       1,     10.0000,      1.3953,     42.5248,    247.2356,     62.2199,      3.4953,      0.0000,     -0.0316,      2.2050,      0.1455,      5.5531,     11.1062,      1.2860,     28.4685,     56.9370,      0.0191,      0.0017,      0.0156,      0.1989,   7688.0938,-420521.7812,  -1091.0876,    548.0862,  25626.9785,
       1,     168,      62,       6,       1,       3,       1,     10.0000,      1.3953,     42.5248,    247.2356,     62.2199,      3.4953,      0.0000,     -0.0316,      2.2177,      0.1452,      5.5531,     11.1062,      1.2834,     28.4685,     56.9370,      0.0191,      0.0018,      0.0156,      0.1989,   7688.0938,-420772.3438,  -1091.1392,    548.0690,  25626.9785,
       1,     168,      62,       7,       1,       3,       1,     10.0000,      1.3953,     42.5248,    247.2356,     62.2199,      3.4953,      0.0000,     -0.0315,      2.1431,      0.1428,      5.5531,     11.1062,      1.2616,     28.4685,     56.9370,      0.0191,      0.0017,      0.0156,      0.1989,   7688.0938,-420810.3750,  -1091.1229,    548.0665,  25626.9785,
       1,     168,      62,       8,       1,       3,       1,     10.0000,      1.3953,     42.5248,    247.2356,     62.2199,      3.4953,      0.0019,     -0.0297,      2.2797,      0.1442,      5.5531,     11.1062,      1.2744,     28.4685,     56.9370,      0.0191,      0.0018,      0.0156,      0.1989,   7688.0938,-420718.6250,  -1091.0669,    548.0728,  25626.9785,
       1,     168,      62,       9,       1,       3,       1,     10.0000,      1.3953,     42.5248,    247.2356,     62.2199,      3.4953,      0.0863,      0.0544,     14.2574,      0.1505,      5.5531,     11.1062,      1.3294,     28.4685,     56.9370,      0.0191,      0.0017,      0.1032,      0.1989,   7688.0938,-420884.6875,  -1091.0902,    548.0613,  25626.9785,
       1,     168,      62,      10,       1,       3,       1,     10.0000,      1.3953,     42.5248,    247.2356,     62.2199,      3.4953,      0.1545,      0.1223,     32.0696,      0.1619,      5.5531,     11.1062,      1.4305,     28.4685,     56.9370,      0.0191,      0.0020,      0.2005,      0.1989,   7688.0938,-436165.2500,  -1095.9141,    547.0145,  25626.9785,
       1,     168,      62,      11,       1,       3,       1,     10.0000,      1.3953,     42.5248,    247.2356,     62.2199,      3.4953,      0.1780,      0.1455,     37.9261,      0.1721,      5.5531,     11.1062,      1.5204,     28.4685,     56.9370,      0.0191,      0.0020,      0.2342,      0.1989,   7688.0938,-460209.4375,  -1103.5117,    545.3715,  25626.9766,
       1,     168,      62,      12,       1,       3,       1,     10.0000,      1.3953,     42.5248,    247.2356,     62.2199,      3.4953,      0.1888,      0.1559,     39.0263,      0.1847,      5.5531,     11.1062,      1.6317,     28.4685,     56.9370,      0.0191,      0.0019,      0.2500,      0.1989,   7688.0933,-469781.0938,  -1106.5286,    544.7214,  25626.9746,
       1,     168,      62,      13,       1,       3,       1,     10.0000,      1.3953,     42.5248,    247.2356,     62.2199,      3.4953,      0.1892,      0.1560,     44.3241,      0.1914,      5.5531,     11.1062,      1.6910,     28.4685,     56.9370,      0.0191,      0.0022,      0.2500,      0.1989,   7688.0928,-472016.2500,  -1107.2111,    544.5696,  25626.9766,
       1,     168,      62,      14,       1,       3,       1,     10.0000,      1.3953,     42.5248,    247.2356,     62.2199,      3.4953,      0.1899,      0.1565,     53.9877,      0.1983,      5.5531,     11.1062,      1.7523,     28.4685,     56.9370,      0.0191,      0.0027,      0.2500,      0.1989,   7688.0933,-478967.5938,  -1109.3876,    544.0964,  25626.9766,
       1,     168,      62,      15,       1,       3,       1,     10.0000,      1.3953,     42.5248,    247.2356,     62.2199,      3.4953,      0.1908,      0.1575,     64.5897,      0.1964,      5.5531,     11.1062,      1.7351,     28.4685,     56.9370,      0.0191,      0.0032,      0.2500,      0.1989,   7688.0933,-491900.9062,  -1113.4760,    543.2170,  25626.9746,
       1,     168,      62,      16,       1,       3,       1,     10.0000,      1.3953,     42.5248,    247.2356,     62.2199,      3.4953,      0.1920,      0.1586,     80.3942,      0.1989,      5.5531,     11.1062,      1.7575,     28.4685,     56.9370,      0.0191,      0.0040,      0.2500,      0.1988,   7688.0928,-506555.7500,  -1118.1838,    542.2226,  25626.9746,
       1,     168,      62,      17,       1,       3,       1,     10.0000,      1.3953,     42.5248,    247.2356,     62.2199,      3.4953,      0.1905,      0.1571,     93.4360,      0.1962,      5.5531,     11.1062,      1.7334,     28.4685,     56.9370,      0.0191,      0.0047,      0.2462,      0.1988,   7688.0928,-528002.5000,  -1125.1040,    540.7700,  25626.9746,
       1,     168,      62,      18,       1,       3,       1,     10.0000,      1.3953,     42.5248,    247.2356,     62.2199,      3.4953,      0.1708,      0.1378,     87.3166,      0.1867,      5.5531,     11.1062,      1.6497,     28.4685,     56.9370,      0.0191,      0.0049,      0.2181,      0.1988,   7688.0928,-546522.0000,  -1131.2039,    539.5200,  25626.9727,
       1,     168,      62,      19,       1,       3,       1,     10.0000,      1.3953,     42.5248,    247.2356,     62.2199,      3.4953,      0.1098,      0.0772,     54.8009,      0.1734,      5.5531,     11.1062,      1.5326,     28.4685,     56.9370,      0.0191,      0.0051,      0.1325,      0.1988,   7688.0923,-540319.9375,  -1129.5248,    539.9398,  25626.9727,
       1,     168,      62,      20,       1,       3,       1,     10.0000,      1.3953,     42.5248,    247.2356,     62.2199,      3.4953,      0.0191,     -0.0130,      2.6063,      0.1608,      5.5531,     11.1062,      1.4205,     28.4685,     56.9370,      0.0191,      0.0050,      0.0065,      0.1988,   7688.0923,-498259.8125,  -1116.3656,    542.7787,  25626.9688,
       1,     168,      62,      21,       1,       3,       1,     10.0000,      1.3953,     42.5248,    247.2356,     62.2199,      3.4953,      0.0000,     -0.0319,      6.3337,      0.1530,      5.5531,     11.1062,      1.3524,     28.4685,     56.9370,      0.0191,      0.0050,      0.0156,      0.1988,   7688.0908,-428026.4375,  -1093.9907,    547.5513,  25626.9707,
       1,     168,      62,      22,       1,       3,       1,     10.0000,      1.3953,     42.5248,    247.2356,     62.2199,      3.4953,      0.0000,     -0.0319,      5.9905,      0.1520,      5.5531,     11.1062,      1.3429,     28.4685,     56.9370,      0.0191,      0.0047,      0.0156,      0.1989,   7688.0913,-426717.6250,  -1093.5009,    547.6619,  25626.9707,
       1,     168,      62,      23,       1,       3,       1,     10.0000,      1.3953,     42.5248,    247.2356,     62.2199,      3.4953,      0.0000,     -0.0319,      5.5875,      0.1521,      5.5531,     11.1062,      1.3442,     28.4685,     56.9370,      0.0191,      0.0044,      0.0156,      0.1989,   7688.0913,-426139.1250,  -1093.2479,    547.7015,  25626.9688,
       1,     168,      62,      24,       1,       3,       1,     10.0000,      1.3953,     42.5248,    247.2356,     62.2199,      3.4953,      0.0000,     -0.0319,      4.9596,      0.1515,      5.5531,     11.1062,      1.3388,     28.4685,     56.9370,      0.0191,      0.0039,      0.0156,      0.1989,   7688.0908,-425575.1562,  -1093.0056,    547.7402,  25626.9688,
       1,     168,      63,       1,       1,       3,       1,     10.0000,      1.3954,     42.5252,    247.2415,     62.2214,      3.4953,      0.0000,     -0.0318,      4.1296,      0.1494,      5.5528,     11.1056,      1.3201,     28.4750,     56.9501,      0.0191,      0.0033,      0.0156,      0.1989,   7688.0908,-424880.6875,  -1093.1958,    547.8006,  25628.1191,
       1,     168,      63,       2,       1,       3,       1,     10.0000,      1.3954,     42.5252,    247.2415,     62.2214,      3.4953,      0.0000,     -0.0317,      3.5331,      0.1463,      5.5528,     11.1056,      1.2925,     28.4750,     56.9501,      0.0191,      0.0028,      0.0156,      0.1989,   7688.4360,-423609.2812,  -1092.2792,    547.8877,  25628.1191,
       1,     168,      63,       3,       1,       3,       1,     10.0000,      1.3954,     42.5252,    247.2415,     62.2214,      3.4953,      0.0000,     -0.0315,      3.2943,      0.1405,      5.5528,     11.1056,      1.2414,     28.4750,     56.9501,      0.0191,      0.0026,      0.0156,      0.1989,   7688.4360,-422738.0312,  -1091.9636,    547.9473,  25628.1191,
       1,     168,      63,       4,       1,       3,       1,     10.0000,      1.3954,     42.5252,    247.2415,     62.2214,      3.4953,      0.0000,     -0.0313,      3.2841,      0.1368,      5.5528,     11.1056,      1.2091,     28.4750,     56.9501,      0.0191,      0.0026,      0.0156,      0.1989,   7688.4360,-422357.8125,  -1091.8076,    547.9734,  25628.1191,
       1,     168,      63,       5,       1,       3,       1,     10.0000,      1.3954,     42.5252,    247.2415,     62.2214,      3.4953,      0.0000,     -0.0313,      3.1749,      0.1356,      5.5528,     11.1056,      1.1982,     28.4750,     56.9501,      0.0191,      0.0025,      0.0156,      0.1989,   7688.4360,-422311.4688,  -1091.7588,    547.9766,  25628.1191,
       1,     168,      63,       6,       1,       3,       1,     10.0000,      1.3954,     42.5252,    247.2415,     62.2214,      3.4953,      0.0000,     -0.0313,      3.1924,      0.1356,      5.5528,     11.1056,      1.1982,     28.4750,     56.9501,      0.0191,      0.0025,      0.0156,      0.1989,   7688.4360,-422168.2812,  -1091.6808,    547.9864,  25628.1191,
       1,     168,      63,       7,       1,       3,       1,     10.0000,      1.3954,     42.5252,    247.2415,     62.2214,      3.4953,      0.0000,     -0.0313,      3.1845,      0.1357,      5.5528,     11.1056,      1.1994,     28.4750,     56.9501,      0.0191,      0.0025,      0.0156,      0.1989,   7688.4360,-422178.1250,  -1091.6519,    547.9857,  25628.1191,
       1,     168,      63,       8,       1,       3,       1,     10.0000,      1.3954,     42.5252,    247.2415,     62.2214,      3.4953,      0.0021,     -0.0292,      2.9094,      0.1363,      5.5528,     11.1056,      1.2042,     28.4750,     56.9501,      0.0191,      0.0023,      0.0156,      0.1989,   7688.4360,-422168.8125,  -1091.6172,    547.9863,  25628.1191,
       1,     168,      63,       9,       1,       3,       1,     10.0000,      1.3954,     42.5252,    247.2415,     62.2214,      3.4953,      0.0874,      0.0559,     18.3803,      0.1402,      5.5528,     11.1056,      1.2388,     28.4750,     56.9501,      0.0191,      0.0022,      0.1046,      0.1989,   7688.4360,-421817.5000,  -1091.4762,    548.0104,  25628.1191,
       1,     168,      63,      10,       1,       3,       1,     10.0000,      1.3954,     42.5252,    247.2415,     62.2214,      3.4953,      0.1647,      0.1325,     41.1778,      0.1621,      5.5528,     11.1056,      1.4320,     28.4750,     56.9501,      0.0191,      0.0024,      0.2143,      0.1989,   7688.4360,-441502.8438,  -1097.7527,    546.6619,  25628.1191,
       1,     168,      63,      11,       1,       3,       1,     10.0000,      1.3954,     42.5252,    247.2415,     62.2214,      3.4953,      0.1897,      0.1571,     48.7027,      0.1736,      5.5528,     11.1056,      1.5342,     28.4750,     56.9501,      0.0191,      0.0024,      0.2500,      0.1989,   7688.4360,-472287.5312,  -1107.5785,    544.5600,  25628.1172,
       1,     168,      63,      12,       1,       3,       1,     10.0000,      1.3954,     42.5252,    247.2415,     62.2214,      3.4953,      0.1900,      0.1570,     53.7992,      0.1858,      5.5528,     11.1056,      1.6415,     28.4750,     56.9501,      0.0191,      0.0027,      0.2500,      0.1989,   7688.4355,-484577.5625,  -1111.5168,    543.7274,  25628.1172,
       1,     168,      63,      13,       1,       3,       1,     10.0000,      1.3954,     42.5252,    247.2415,     62.2214,      3.4953,      0.1907,      0.1574,     63.7942,      0.1964,      5.5528,     11.1056,      1.7351,     28.4750,     56.9501,      0.0191,      0.0031,      0.2500,      0.1989,   7688.4355,-492145.3125,  -1113.9681,    543.2137,  25628.1152,
       1,     168,      63,      14,       1,       3,       1,     10.0000,      1.3954,     42.5252,    247.2415,     62.2214,      3.4953,      0.1907,      0.1572,     63.9050,      0.2007,      5.5528,     11.1056,      1.7733,     28.4750,     56.9501,      0.0191,      0.0032,      0.2500,      0.1989,   7688.4351,-505555.3438,  -1118.3107,    542.3034,  25628.1172,
       1,     168,      63,      15,       1,       3,       1,     10.0000,      1.3954,     42.5252,    247.2415,     62.2214,      3.4953,      0.1931,      0.1596,     94.3453,      0.2011,      5.5528,     11.1056,      1.7768,     28.4750,     56.9501,      0.0191,      0.0047,      0.2500,      0.1989,   7688.4355,-506864.9062,  -1118.8229,    542.2154,  25628.1152,
       1,     168,      63,      16,       1,       3,       1,     10.0000,      1.3954,     42.5252,    247.2415,     62.2214,      3.4953,      0.1946,      0.1611,    114.4366,      0.2035,      5.5528,     11.1056,      1.7979,     28.4750,     56.9501,      0.0191,      0.0056,      0.2500,      0.1989,   7688.4351,-545821.6875,  -1131.4396,    539.5750,  25628.1152,
       1,     168,      63,      17,       1,       3,       1,     10.0000,      1.3954,     42.5252,    247.2415,     62.2214,      3.4953,      0.1876,      0.1543,    122.5883,      0.1942,      5.5528,     11.1056,      1.7164,     28.4750,     56.9501,      0.0191,      0.0063,      0.2386,      0.1988,   7688.4351,-574883.5625,  -1141.0596,    537.6213,  25628.1133,
       1,     168,      63,      18,       1,       3,       1,     10.0000,      1.3954,     42.5252,    247.2415,     62.2214,      3.4953,      0.1625,      0.1297,    110.8208,      0.1807,      5.5528,     11.1056,      1.5965,     28.4750,     56.9501,      0.0191,      0.0067,      0.2032,      0.1988,   7688.4341,-587827.2500,  -1145.6659,    536.7551,  25628.1094,
       1,     168,      63,      19,       1,       3,       1,     10.0000,      1.3954,     42.5252,    247.2415,     62.2214,      3.4953,      0.1061,      0.0737,     67.6788,      0.1677,      5.5528,     11.1056,      1.4815,     28.4750,     56.9501,      0.0191,      0.0066,      0.1257,      0.1988,   7688.4331,-573913.8750,  -1141.7076,    537.6893,  25628.1113,
       1,     168,      63,      20,       1,       3,       1,     10.0000,      1.3954,     42.5252,    247.2415,     62.2214,      3.4953,      0.0160,     -0.0160,      1.1951,      0.1566,      5.5528,     11.1056,      1.3840,     28.4750,     56.9501,      0.0191,      0.0064,      0.0023,      0.1988,   7688.4336,-517593.0938,  -1123.9894,    541.4753,  25628.1074,
       1,     168,      63,      21,       1,       3,       1,     10.0000,      1.3954,     42.5252,    247.2415,     62.2214,      3.4953,      0.0000,     -0.0318,      7.9530,      0.1512,      5.5528,     11.1056,      1.3362,     28.4750,     56.9501,      0.0191,      0.0063,      0.0156,      0.1988,   7688.4326,-427892.6875,  -1095.1882,    547.5601,  25628.1094,
       1,     168,      63,      22,       1,       3,       1,     10.0000,      1.3954,     42.5252,    247.2415,     62.2214,      3.4953,      0.0000,     -0.0318,      7.6069,      0.1491,      5.5528,     11.1056,      1.3175,     28.4750,     56.9501,      0.0191,      0.0060,      0.0156,      0.1989,   7688.4331,-428789.9375,  -1095.4180,    547.5330,  25628.1094,
       1,     168,      63,      23,       1,       3,       1,     10.0000,      1.3954,     42.5252,    247.2415,     62.2214,      3.4953,      0.0000,     -0.0318,      6.6379,      0.1492,      5.5528,     11.1056,      1.3188,     28.4750,     56.9501,      0.0191,      0.0052,      0.0156,      0.1989,   7688.4331,-428383.3438,  -1095.2305,    547.5608,  25628.1094,
       1,     168,      63,      24,       1,       3,       1,     10.0000,      1.3954,     42.5252,    247.2415,     62.2214,      3.4953,      0.0000,     -0.0318,      5.5751,      0.1494,      5.5528,     11.1056,      1.3201,     28.4750,     56.9501,      0.0191,      0.0044,      0.0156,      0.1989,   7688.4331,-427112.8125,  -1094.7727,    547.6478,  25628.1094,
       1,     168,      64,       1,       1,       3,       1,     10.0000,      1.3954,     42.5255,    247.2473,     62.2228,      3.4953,      0.0000,     -0.0318,      4.8847,      0.1505,      5.5527,     11.1054,      1.3295,     28.4820,     56.9640,      0.0191,      0.0039,      0.0156,      0.1990,   7688.4331,-425802.1875,  -1094.7810,    547.7503,  25629.2559,
       1,     168,      64,       2,       1,       3,       1,     10.0000,      1.3954,     42.5255,    247.2473,     62.2228,      3.4953,      0.0000,     -0.0318,      4.3616,      0.1512,      5.5527,     11.1054,      1.3362,     28.4820,     56.9640,      0.0191,      0.0034,      0.0156,      0.1990,   7688.7769,-424655.6250,  -1093.9093,    547.8288,  25629.2559,
       1,     168,      64,       3,       1,       3,       1,     10.0000,      1.3954,     42.5255,    247.2473,     62.2228,      3.4953,      0.0000,     -0.0318,      4.1589,      0.1499,      5.5527,     11.1054,      1.3242,     28.4820,     56.9640,      0.0191,      0.0033,      0.0156,      0.1990,   7688.7769,-423889.0000,  -1093.6327,    547.8813,  25629.2559,
       1,     168,      64,       4,       1,       3,       1,     10.0000,      1.3954,     42.5255,    247.2473,     62.2228,      3.4953,      0.0000,     -0.0318,      4.0204,      0.1511,      5.5527,     11.1054,      1.3349,     28.4820,     56.9640,      0.0191,      0.0032,      0.0156,      0.1990,   7688.7769,-423563.7500,  -1093.5006,    547.9036,  25629.2559,
       1,     168,      64,       5,       1,       3,       1,     10.0000,      1.3954,     42.5255,    247.2473,     62.2228,      3.4953,      0.0000,     -0.0318,      4.0421,      0.1502,      5.5527,     11.1054,      1.3268,     28.4820,     56.9640,      0.0191,      0.0032,      0.0156,      0.1990,   7688.7769,-423358.8125,  -1093.4082,    547.9176,  25629.2559,
       1,     168,      64,       6,       1,       3,       1,     10.0000,      1.3954,     42.5255,    247.2473,     62.2228,      3.4953,      0.0000,     -0.0317,      3.8721,      0.1475,      5.5527,     11.1054,      1.3030,     28.4820,     56.9640,      0.0191,      0.0031,      0.0156,      0.1990,   7688.7769,-423368.6250,  -1093.3853,    547.9169,  25629.2559,
       1,     168,      64,       7,       1,       3,       1,     10.0000,      1.3954,     42.5255,    247.2473,     62.2228,      3.4953,      0.0000,     -0.0317,      3.8312,      0.1463,      5.5527,     11.1054,      1.2925,     28.4820,     56.9640,      0.0191,      0.0030,      0.0156,      0.1990,   7688.7769,-423152.9062,  -1093.2911,    547.9317,  25629.2559,
       1,     168,      64,       8,       1,       3,       1,     10.0000,      1.3954,     42.5255,    247.2473,     62.2228,      3.4953,      0.0018,     -0.0298,      3.6774,      0.1460,      5.5527,     11.1054,      1.2899,     28.4820,     56.9640,      0.0191,      0.0029,      0.0156,      0.1990,   7688.7769,-423082.0000,  -1093.2440,    547.9365,  25629.2559,
       1,     168,      64,       9,       1,       3,       1,     10.0000,      1.3954,     42.5255,    247.2473,     62.2228,      3.4953,      0.0428,      0.0111,     10.4364,      0.1485,      5.5527,     11.1054,      1.3122,     28.4820,     56.9640,      0.0191,      0.0032,      0.0406,      0.1990,   7688.7769,-422879.9062,  -1093.1562,    547.9504,  25629.2559,
       1,     168,      64,      10,       1,       3,       1,     10.0000,      1.3954,     42.5255,    247.2473,     62.2228,      3.4953,      0.1547,      0.1224,     53.3802,      0.1643,      5.5527,     11.1054,      1.4522,     28.4820,     56.9640,      0.0191,      0.0033,      0.1983,      0.1990,   7688.7769,-431474.8750,  -1095.9106,    547.3617,  25629.2559,
       1,     168,      64,      11,       1,       3,       1,     10.0000,      1.3954,     42.5255,    247.2473,     62.2228,      3.4953,      0.1647,      0.1320,     57.2110,      0.1766,      5.5527,     11.1054,      1.5604,     28.4820,     56.9640,      0.0191,      0.0033,      0.2124,      0.1990,   7688.7769,-486954.7188,  -1113.8379,    543.5661,  25629.2559,
       1,     168,      64,      12,       1,       3,       1,     10.0000,      1.3954,     42.5255,    247.2473,     62.2228,      3.4953,      0.1686,      0.1359,     59.1081,      0.1771,      5.5527,     11.1054,      1.5651,     28.4820,     56.9640,      0.0191,      0.0033,      0.2180,      0.1989,   7688.7769,-496715.5312,  -1117.0723,    542.9160,  25629.2578,
       1,     168,      64,      13,       1,       3,       1,     10.0000,      1.3954,     42.5255,    247.2473,     62.2228,      3.4953,      0.1912,      0.1580,     70.3007,      0.1929,      5.5527,     11.1054,      1.7046,     28.4820,     56.9640,      0.0191,      0.0035,      0.2500,      0.1989,   7688.7778,-499968.7188,  -1118.2444,    542.6956,  25629.2559,
       1,     168,      64,      14,       1,       3,       1,     10.0000,      1.3954,     42.5255,    247.2473,     62.2228,      3.4953,      0.1857,      0.1526,     69.5053,      0.1902,      5.5527,     11.1054,      1.6811,     28.4820,     56.9640,      0.0191,      0.0035,      0.2419,      0.1989,   7688.7769,-514530.8438,  -1123.0767,    541.7078,  25629.2520,
       1,     168,      64,      15,       1,       3,       1,     10.0000,      1.3954,     42.5255,    247.2473,     62.2228,      3.4953,      0.1927,      0.1595,     89.5267,      0.1929,      5.5527,     11.1054,      1.7046,     28.4820,     56.9640,      0.0191,      0.0044,      0.2500,      0.1989,   7688.7759,-514785.2812,  -1123.3513,    541.6915,  25629.2520,
       1,     168,      64,      16,       1,       3,       1,     10.0000,      1.3954,     42.5255,    247.2473,     62.2228,      3.4953,      0.1514,      0.1188,     69.5140,      0.1747,      5.5527,     11.1054,      1.5434,     28.4820,     56.9640,      0.0191,      0.0045,      0.1917,      0.1989,   7688.7759,-540354.8125,  -1131.8307,    539.9602,  25629.2480,
       1,     168,      64,      17,       1,       3,       1,     10.0000,      1.3954,     42.5255,    247.2473,     62.2228,      3.4953,      0.1599,      0.1272,     74.3426,      0.1771,      5.5527,     11.1054,      1.5651,     28.4820,     56.9640,      0.0191,      0.0045,      0.2035,      0.1988,   7688.7749,-517038.6562,  -1124.5828,    541.5367,  25629.2500,
       1,     168,      64,      18,       1,       3,       1,     10.0000,      1.3954,     42.5255,    247.2473,     62.2228,      3.4953,      0.1298,      0.0971,     70.9060,      0.1773,      5.5527,     11.1054,      1.5667,     28.4820,     56.9640,      0.0191,      0.0055,      0.1598,      0.1989,   7688.7754,-521178.0000,  -1126.1450,    541.2587,  25629.2520,
       1,     168,      64,      19,       1,       3,       1,     10.0000,      1.3954,     42.5255,    247.2473,     62.2228,      3.4953,      0.0879,      0.0554,     43.3788,      0.1700,      5.5527,     11.1054,      1.5024,     28.4820,     56.9640,      0.0191,      0.0053,      0.1018,      0.1989,   7688.7759,-517149.3438,  -1125.0665,    541.5314,  25629.2480,
       1,     168,      64,      20,       1,       3,       1,     10.0000,      1.3954,     42.5255,    247.2473,     62.2228,      3.4953,      0.0130,     -0.0193,      6.2570,      0.1624,      5.5527,     11.1054,      1.4349,     28.4820,     56.9640,      0.0191,      0.0049,      0.0156,      0.1989,   7688.7749,-481671.9062,  -1113.7384,    543.9330,  25629.2480,
       1,     168,      64,      21,       1,       3,       1,     10.0000,      1.3954,     42.5255,    247.2473,     62.2228,      3.4953,      0.0000,     -0.0321,      4.9251,      0.1598,      5.5527,     11.1054,      1.4121,     28.4820,     56.9640,      0.0191,      0.0039,      0.0156,      0.1989,   7688.7749,-431259.3438,  -1097.3851,    547.3659,  25629.2461,
       1,     168,      64,      22,       1,       3,       1,     10.0000,      1.3954,     42.5255,    247.2473,     62.2228,      3.4953,      0.0000,     -0.0321,      4.8494,      0.1592,      5.5527,     11.1054,      1.4064,     28.4820,     56.9640,      0.0191,      0.0038,      0.0156,      0.1990,   7688.7739,-425198.0000,  -1095.3937,    547.7915,  25629.2461,
       1,     168,      64,      23,       1,       3,       1,     10.0000,      1.3954,     42.5255,    247.2473,     62.2228,      3.4953,      0.0000,     -0.0321,      5.3514,      0.1576,      5.5527,     11.1054,      1.3924,     28.4820,     56.9640,      0.0191,      0.0042,      0.0156,      0.1990,   7688.7739,-424559.2500,  -1095.1626,    547.8354,  25629.2461,
       1,     168,      64,      24,       1,       3,       1,     10.0000,      1.3954,     42.5255,    247.2473,     62.2228,      3.4953,      0.0000,     -0.0319,      4.7617,      0.1537,      5.5527,     11.1054,      1.3579,     28.4820,     56.9640,      0.0191,      0.0038,      0.0156,      0.1990,   7688.7739,-425143.0000,  -1095.3269,    547.7954,  25629.2461,
       1,     168,      65,       1,       1,       3,       1,     10.0000,      1.3954,     42.5258,    247.2531,     62.2243,      3.4953,      0.0000,     -0.0318,      4.0109,      0.1488,      5.5533,     11.1066,      1.3149,     28.4832,     56.9664,      0.0191,      0.0032,      0.0156,      0.1990,   7688.7739,-424597.8750,  -1095.6017,    547.8458,  25630.3965,
       1,     168,      65,       2,       1,       3,       1,     10.0000,      1.3954,     42.5258,    247.2531,     62.2243,      3.4953,      0.0000,     -0.0316,      3.5917,      0.1444,      5.5533,     11.1066,      1.2757,     28.4832,     56.9664,      0.0191,      0.0028,      0.0156,      0.1990,   7689.1191,-423440.5312,  -1094.7344,    547.9250,  25630.3965,
       1,     168,      65,       3,       1,       3,       1,     10.0000,      1.3954,     42.5258,    247.2531,     62.2243,      3.4953,      0.0000,     -0.0315,      3.5298,      0.1416,      5.5533,     11.1066,      1.2515,     28.4832,     56.9664,      0.0191,      0.0028,      0.0156,      0.1990,   7689.1191,-422805.4062,  -1094.5117,    547.9686,  25630.3965,
       1,     168,      65,       4,       1,       3,       1,     10.0000,      1.3954,     42.5258,    247.2531,     62.2243,      3.4953,      0.0000,     -0.0315,      3.4967,      0.1415,      5.5533,     11.1066,      1.2502,     28.4832,     56.9664,      0.0191,      0.0028,      0.0156,      0.1990,   7689.1191,-422671.0312,  -1094.4525,    547.9778,  25630.3945,
       1,     168,      65,       5,       1,       3,       1,     10.0000,      1.3954,     42.5258,    247.2531,     62.2243,      3.4953,      0.0000,     -0.0315,      3.2925,      0.1421,      5.5533,     11.1066,      1.2553,     28.4832,     56.9664,      0.0191,      0.0026,      0.0156,      0.1990,   7689.1187,-422617.3438,  -1094.4204,    547.9814,  25630.3945,
       1,     168,      65,       6,       1,       3,       1,     10.0000,      1.3954,     42.5258,    247.2531,     62.2243,      3.4953,      0.0000,     -0.0316,      2.8938,      0.1444,      5.5533,     11.1066,      1.2757,     28.4832,     56.9664,      0.0191,      0.0023,      0.0156,      0.1990,   7689.1187,-422352.5625,  -1094.3206,    547.9995,  25630.3945,
       1,     168,      65,       7,       1,       3,       1,     10.0000,      1.3954,     42.5258,    247.2531,     62.2243,      3.4953,      0.0000,     -0.0317,      2.5007,      0.1475,      5.5533,     11.1066,      1.3030,     28.4832,     56.9664,      0.0191,      0.0020,      0.0156,      0.1990,   7689.1187,-421821.3750,  -1094.1360,    548.0359,  25630.3945,
       1,     168,      65,       8,       1,       3,       1,     10.0000,      1.3954,     42.5258,    247.2531,     62.2243,      3.4953,      0.0014,     -0.0304,      2.4009,      0.1494,      5.5533,     11.1066,      1.3202,     28.4832,     56.9664,      0.0191,      0.0019,      0.0156,      0.1990,   7689.1187,-421274.2188,  -1093.9484,    548.0734,  25630.3945,
       1,     168,      65,       9,       1,       3,       1,     10.0000,      1.3954,     42.5258,    247.2531,     62.2243,      3.4953,      0.0402,      0.0083,      5.3853,      0.1506,      5.5533,     11.1066,      1.3309,     28.4832,     56.9664,      0.0191,      0.0018,      0.0372,      0.1990,   7689.1187,-421099.3438,  -1093.8817,    548.0854,  25630.3945,
       1,     168,      65,      10,       1,       3,       1,     10.0000,      1.3954,     42.5258,    247.2531,     62.2243,      3.4953,      0.1270,      0.0949,     22.4693,      0.1585,      5.5533,     11.1066,      1.4008,     28.4832,     56.9664,      0.0191,      0.0017,      0.1615,      0.1990,   7689.1187,-424886.3438,  -1095.1051,    547.8260,  25630.3945,
       1,     168,      65,      11,       1,       3,       1,     10.0000,      1.3954,     42.5258,    247.2531,     62.2243,      3.4953,      0.1398,      0.1074,     26.4141,      0.1658,      5.5533,     11.1066,      1.4654,     28.4832,     56.9664,      0.0191,      0.0018,      0.1796,      0.1990,   7689.1187,-446984.5312,  -1102.2939,    546.3127,  25630.3945,
       1,     168,      65,      12,       1,       3,       1,     10.0000,      1.3954,     42.5258,    247.2531,     62.2243,      3.4953,      0.1894,      0.1564,     45.7930,      0.1863,      5.5533,     11.1066,      1.6465,     28.4832,     56.9664,      0.0191,      0.0023,      0.2500,      0.1990,   7689.1187,-453946.3750,  -1104.5669,    545.8395,  25630.3945,
       1,     168,      65,      13,       1,       3,       1,     10.0000,      1.3954,     42.5258,    247.2531,     62.2243,      3.4953,      0.1905,      0.1569,     62.4350,      0.2069,      5.5533,     11.1066,      1.8284,     28.4832,     56.9664,      0.0191,      0.0031,      0.2500,      0.1990,   7689.1187,-479253.1875,  -1112.8010,    544.1130,  25630.3926,
       1,     168,      65,      14,       1,       3,       1,     10.0000,      1.3954,     42.5258,    247.2531,     62.2243,      3.4953,      0.1905,      0.1568,     62.9413,      0.2121,      5.5533,     11.1066,      1.8739,     28.4832,     56.9664,      0.0191,      0.0031,      0.2500,      0.1989,   7689.1182,-502686.9688,  -1120.4672,    542.5219,  25630.3926,
       1,     168,      65,      15,       1,       3,       1,     10.0000,      1.3954,     42.5258,    247.2531,     62.2243,      3.4953,      0.1907,      0.1568,     64.7168,      0.2142,      5.5533,     11.1066,      1.8925,     28.4832,     56.9664,      0.0191,      0.0032,      0.2500,      0.1989,   7689.1182,-505375.4375,  -1121.4740,    542.3419,  25630.3906,
       1,     168,      65,      16,       1,       3,       1,     10.0000,      1.3954,     42.5258,    247.2531,     62.2243,      3.4953,      0.1912,      0.1576,     73.9590,      0.2047,      5.5533,     11.1066,      1.8087,     28.4832,     56.9664,      0.0191,      0.0037,      0.2496,      0.1989,   7689.1177,-507871.5625,  -1122.4369,    542.1727,  25630.3906,
       1,     168,      65,      17,       1,       3,       1,     10.0000,      1.3954,     42.5258,    247.2531,     62.2243,      3.4953,      0.1822,      0.1488,     97.7890,      0.1983,      5.5533,     11.1066,      1.7525,     28.4832,     56.9664,      0.0191,      0.0052,      0.2336,      0.1989,   7689.1177,-519879.5938,  -1126.5300,    541.3589,  25630.3906,
       1,     168,      65,      18,       1,       3,       1,     10.0000,      1.3954,     42.5258,    247.2531,     62.2243,      3.4953,      0.1415,      0.1085,     91.5683,      0.1854,      5.5533,     11.1066,      1.6384,     28.4832,     56.9664,      0.0191,      0.0065,      0.1746,      0.1989,   7689.1177,-551332.7500,  -1137.0339,    539.2311,  25630.3887,
       1,     168,      65,      19,       1,       3,       1,     10.0000,      1.3954,     42.5258,    247.2531,     62.2243,      3.4953,      0.1045,      0.0719,     66.6543,      0.1738,      5.5533,     11.1066,      1.5358,     28.4832,     56.9664,      0.0191,      0.0067,      0.1234,      0.1989,   7689.1167,-546137.6250,  -1135.7184,    539.5854,  25630.3887,
       1,     168,      65,      20,       1,       3,       1,     10.0000,      1.3954,     42.5258,    247.2531,     62.2243,      3.4953,      0.0182,     -0.0141,      2.6317,      0.1645,      5.5533,     11.1066,      1.4537,     28.4832,     56.9664,      0.0191,      0.0066,      0.0049,      0.1989,   7689.1167,-513876.8438,  -1125.5251,    541.7615,  25630.3887,
       1,     168,      65,      21,       1,       3,       1,     10.0000,      1.3954,     42.5258,    247.2531,     62.2243,      3.4953,      0.0000,     -0.0321,      7.7972,      0.1581,      5.5533,     11.1066,      1.3966,     28.4832,     56.9664,      0.0191,      0.0062,      0.0156,      0.1989,   7689.1167,-429402.4688,  -1098.0601,    547.4865,  25630.3848,
       1,     168,      65,      22,       1,       3,       1,     10.0000,      1.3954,     42.5258,    247.2531,     62.2243,      3.4953,      0.0000,     -0.0320,      7.2053,      0.1560,      5.5533,     11.1066,      1.3785,     28.4832,     56.9664,      0.0191,      0.0057,      0.0156,      0.1990,   7689.1157,-428724.1562,  -1097.8152,    547.5632,  25630.3848,
       1,     168,      65,      23,       1,       3,       1,     10.0000,      1.3954,     42.5258,    247.2531,     62.2243,      3.4953,      0.0000,     -0.0320,      6.7508,      0.1565,      5.5533,     11.1066,      1.3827,     28.4832,     56.9664,      0.0191,      0.0053,      0.0156,      0.1990,   7689.1157,-427872.0938,  -1097.5134,    547.6216,  25630.3848,
       1,     168,      65,      24,       1,       3,       1,     10.0000,      1.3954,     42.5258,    247.2531,     62.2243,      3.4953,      0.0000,     -0.0319,      5.2316,      0.1514,      5.5533,     11.1066,      1.3376,     28.4832,     56.9664,      0.0191,      0.0041,      0.0156,      0.1990,   7689.1157,-427218.6562,  -1097.2783,    547.6664,  25630.3848,
       1,     168,      66,       1,       1,       3,       1,     10.0000,      1.3954,     42.5262,    247.2590,     62.2258,      3.4953,      0.0000,     -0.0318,      4.4686,      0.1493,      5.5536,     11.1071,      1.3189,     28.4859,     56.9717,      0.0191,      0.0035,      0.0156,      0.1990,   7689.1157,-425380.9375,  -1097.1388,    547.8051,  25631.5352,
       1,     168,      66,       2,       1,       3,       1,     10.0000,      1.3954,     42.5262,    247.2590,     62.2258,      3.4953,      0.0000,     -0.0318,      3.7972,      0.1487,      5.5536,     11.1071,      1.3136,     28.4859,     56.9717,      0.0191,      0.0030,      0.0156,      0.1990,   7689.4609,-424095.5000,  -1096.2291,    547.8932,  25631.5352,
       1,     168,      66,       3,       1,       3,       1,     10.0000,      1.3954,     42.5262,    247.2590,     62.2258,      3.4953,      0.0000,     -0.0318,      3.5349,      0.1491,      5.5536,     11.1071,      1.3176,     28.4859,     56.9717,      0.0191,      0.0028,      0.0156,      0.1990,   7689.4609,-423128.0625,  -1095.9022,    547.9595,  25631.5352,
       1,     168,      66,       4,       1,       3,       1,     10.0000,      1.3954,     42.5262,    247.2590,     62.2258,      3.4953,      0.0000,     -0.0317,      3.3394,      0.1464,      5.5536,     11.1071,      1.2939,     28.4859,     56.9717,      0.0191,      0.0026,      0.0156,      0.1990,   7689.4609,-422709.3438,  -1095.7554,    547.9882,  25631.5352,
       1,     168,      66,       5,       1,       3,       1,     10.0000,      1.3954,     42.5262,    247.2590,     62.2258,      3.4953,      0.0000,     -0.0315,      2.8080,      0.1408,      5.5536,     11.1071,      1.2440,     28.4859,     56.9717,      0.0191,      0.0022,      0.0156,      0.1990,   7689.4609,-422423.7500,  -1095.6532,    548.0076,  25631.5352,
       1,     168,      66,       6,       1,       3,       1,     10.0000,      1.3954,     42.5262,    247.2590,     62.2258,      3.4953,      0.0000,     -0.0313,      2.4999,      0.1360,      5.5536,     11.1071,      1.2019,     28.4859,     56.9717,      0.0191,      0.0020,      0.0156,      0.1990,   7689.4609,-421721.9688,  -1095.4165,    548.0558,  25631.5332,
       1,     168,      66,       7,       1,       3,       1,     10.0000,      1.3954,     42.5262,    247.2590,     62.2258,      3.4953,      0.0000,     -0.0313,      2.5951,      0.1360,      5.5536,     11.1071,      1.2019,     28.4859,     56.9717,      0.0191,      0.0021,      0.0156,      0.1990,   7689.4604,-421268.2500,  -1095.2626,    548.0868,  25631.5332,
       1,     168,      66,       8,       1,       3,       1,     10.0000,      1.3954,     42.5262,    247.2590,     62.2258,      3.4953,      0.0031,     -0.0283,      2.4991,      0.1366,      5.5536,     11.1071,      1.2068,     28.4859,     56.9717,      0.0191,      0.0020,      0.0156,      0.1990,   7689.4604,-421350.0312,  -1095.2822,    548.0812,  25631.5332,
       1,     168,      66,       9,       1,       3,       1,     10.0000,      1.3954,     42.5262,    247.2590,     62.2258,      3.4953,      0.0901,      0.0584,     17.3970,      0.1454,      5.5536,     11.1071,      1.2848,     28.4859,     56.9717,      0.0191,      0.0020,      0.1085,      0.1990,   7689.4604,-421234.8438,  -1095.2385,    548.0891,  25631.5332,
       1,     168,      66,      10,       1,       3,       1,     10.0000,      1.3954,     42.5262,    247.2590,     62.2258,      3.4953,      0.1643,      0.1318,     33.9768,      0.1680,      5.5536,     11.1071,      1.4846,     28.4859,     56.9717,      0.0191,      0.0020,      0.2145,      0.1990,   7689.4604,-440203.7812,  -1101.4481,    546.7896,  25631.5332,
       1,     168,      66,      11,       1,       3,       1,     10.0000,      1.3954,     42.5262,    247.2590,     62.2258,      3.4953,      0.1547,      0.1222,     24.2785,      0.1702,      5.5536,     11.1071,      1.5040,     28.4859,     56.9717,      0.0191,      0.0015,      0.2016,      0.1990,   7689.4604,-462990.5625,  -1108.9183,    545.2336,  25631.5332,
       1,     168,      66,      12,       1,       3,       1,     10.0000,      1.3954,     42.5262,    247.2590,     62.2258,      3.4953,      0.1887,      0.1557,     36.6358,      0.1858,      5.5536,     11.1071,      1.6416,     28.4859,     56.9717,      0.0191,      0.0018,      0.2500,      0.1990,   7689.4604,-452618.3750,  -1105.5518,    545.9427,  25631.5332,
       1,     168,      66,      13,       1,       3,       1,     10.0000,      1.3954,     42.5262,    247.2590,     62.2258,      3.4953,      0.1889,      0.1551,     42.6674,      0.2135,      5.5536,     11.1071,      1.8869,     28.4859,     56.9717,      0.0191,      0.0021,      0.2500,      0.1990,   7689.4604,-467463.2188,  -1110.4218,    544.9301,  25631.5332,
       1,     168,      66,      14,       1,       3,       1,     10.0000,      1.3954,     42.5262,    247.2590,     62.2258,      3.4953,      0.1897,      0.1557,     53.5351,      0.2210,      5.5536,     11.1071,      1.9529,     28.4859,     56.9717,      0.0191,      0.0026,      0.2500,      0.1990,   7689.4604,-476447.6250,  -1113.3842,    544.3190,  25631.5352,
       1,     168,      66,      15,       1,       3,       1,     10.0000,      1.3954,     42.5262,    247.2590,     62.2258,      3.4953,      0.1919,      0.1577,     81.3615,      0.2260,      5.5536,     11.1071,      1.9974,     28.4859,     56.9717,      0.0191,      0.0040,      0.2500,      0.1990,   7689.4609,-491085.5000,  -1118.2228,    543.3235,  25631.5293,
       1,     168,      66,      16,       1,       3,       1,     10.0000,      1.3954,     42.5262,    247.2590,     62.2258,      3.4953,      0.1926,      0.1587,     89.5049,      0.2167,      5.5536,     11.1071,      1.9150,     28.4859,     56.9717,      0.0191,      0.0044,      0.2500,      0.1990,   7689.4590,-527848.3750,  -1130.3800,    540.8276,  25631.5312,
       1,     168,      66,      17,       1,       3,       1,     10.0000,      1.3954,     42.5262,    247.2590,     62.2258,      3.4953,      0.1887,      0.1552,    109.3242,      0.2027,      5.5536,     11.1071,      1.7910,     28.4859,     56.9717,      0.0191,      0.0056,      0.2419,      0.1989,   7689.4595,-541452.8125,  -1135.1113,    539.9136,  25631.5293,
       1,     168,      66,      18,       1,       3,       1,     10.0000,      1.3954,     42.5262,    247.2590,     62.2258,      3.4953,      0.1709,      0.1377,    127.5092,      0.1954,      5.5536,     11.1071,      1.7267,     28.4859,     56.9717,      0.0191,      0.0074,      0.2137,      0.1989,   7689.4590,-567926.1875,  -1144.1542,    538.1278,  25631.5273,
       1,     168,      66,      19,       1,       3,       1,     10.0000,      1.3954,     42.5262,    247.2590,     62.2258,      3.4953,      0.1017,      0.0689,     77.2097,      0.1791,      5.5536,     11.1071,      1.5824,     28.4859,     56.9717,      0.0191,      0.0081,      0.1180,      0.1989,   7689.4585,-593455.3750,  -1153.0289,    536.4135,  25631.5254,
       1,     168,      66,      20,       1,       3,       1,     10.0000,      1.3954,     42.5262,    247.2590,     62.2258,      3.4953,      0.0130,     -0.0193,      9.9983,      0.1645,      5.5536,     11.1071,      1.4538,     28.4859,     56.9717,      0.0191,      0.0079,      0.0156,      0.1988,   7689.4580,-531424.3125,  -1133.2072,    540.5755,  25631.5254,
       1,     168,      66,      21,       1,       3,       1,     10.0000,      1.3954,     42.5262,    247.2590,     62.2258,      3.4953,      0.0000,     -0.0319,      8.6948,      0.1526,      5.5536,     11.1071,      1.3484,     28.4859,     56.9717,      0.0191,      0.0069,      0.0156,      0.1989,   7689.4580,-440319.5625,  -1103.4655,    546.7477,  25631.5254,
       1,     168,      66,      22,       1,       3,       1,     10.0000,      1.3954,     42.5262,    247.2590,     62.2258,      3.4953,      0.0000,     -0.0318,      8.3484,      0.1485,      5.5536,     11.1071,      1.3123,     28.4859,     56.9717,      0.0191,      0.0066,      0.0156,      0.1990,   7689.4580,-430828.5625,  -1100.3295,    547.4318,  25631.5254,
       1,     168,      66,      23,       1,       3,       1,     10.0000,      1.3954,     42.5262,    247.2590,     62.2258,      3.4953,      0.0000,     -0.0317,      8.1777,      0.1460,      5.5536,     11.1071,      1.2900,     28.4859,     56.9717,      0.0191,      0.0065,      0.0156,      0.1990,   7689.4580,-429515.5625,  -1099.8821,    547.5221,  25631.5254,
       1,     168,      66,      24,       1,       3,       1,     10.0000,      1.3954,     42.5262,    247.2590,     62.2258,      3.4953,      0.0000,     -0.0316,      7.2695,      0.1431,      5.5536,     11.1071,      1.2642,     28.4859,     56.9717,      0.0191,      0.0057,      0.0156,      0.1990,   7689.4580,-429183.0625,  -1099.7582,    547.5448,  25631.5234,
       1,     168,      67,       1,       1,       3,       1,     10.0000,      1.3954,     42.5265,    247.2648,     62.2272,      3.4953,      0.0000,     -0.0312,      5.0734,      0.1346,      5.5532,     11.1065,      1.1898,     28.4918,     56.9835,      0.0191,      0.0040,      0.0156,      0.1990,   7689.4575,-428152.0625,  -1099.8882,    547.6282,  25632.6758,
       1,     168,      67,       2,       1,       3,       1,     10.0000,      1.3954,     42.5265,    247.2648,     62.2272,      3.4953,      0.0000,     -0.0312,      3.6242,      0.1344,      5.5532,     11.1065,      1.1874,     28.4918,     56.9835,      0.0191,      0.0029,      0.0156,      0.1990,   7689.8032,-425111.3125,  -1098.3988,    547.8364,  25632.6758,
       1,     168,      67,       3,       1,       3,       1,     10.0000,      1.3954,     42.5265,    247.2648,     62.2272,      3.4953,      0.0000,     -0.0312,      3.3294,      0.1327,      5.5532,     11.1065,      1.1730,     28.4918,     56.9835,      0.0191,      0.0026,      0.0156,      0.1990,   7689.8032,-423000.1250,  -1097.6982,    547.9810,  25632.6758,
       1,     168,      67,       4,       1,       3,       1,     10.0000,      1.3954,     42.5265,    247.2648,     62.2272,      3.4953,      0.0000,     -0.0310,      2.8936,      0.1294,      5.5532,     11.1065,      1.1436,     28.4918,     56.9835,      0.0191,      0.0023,      0.0156,      0.1990,   7689.8032,-422440.5000,  -1097.5087,    548.0194,  25632.6758,
       1,     168,      67,       5,       1,       3,       1,     10.0000,      1.3954,     42.5265,    247.2648,     62.2272,      3.4953,      0.0000,     -0.0310,      2.5394,      0.1284,      5.5532,     11.1065,      1.1343,     28.4918,     56.9835,      0.0191,      0.0020,      0.0156,      0.1990,   7689.8032,-421836.4062,  -1097.3057,    548.0608,  25632.6758,
       1,     168,      67,       6,       1,       3,       1,     10.0000,      1.3954,     42.5265,    247.2648,     62.2272,      3.4953,      0.0000,     -0.0307,      1.8851,      0.1209,      5.5532,     11.1065,      1.0682,     28.4918,     56.9835,      0.0191,      0.0015,      0.0156,      0.1990,   7689.8032,-421332.4688,  -1097.1360,    548.0953,  25632.6758,
       1,     168,      67,       7,       1,       3,       1,     10.0000,      1.3954,     42.5265,    247.2648,     62.2272,      3.4953,      0.0000,     -0.0304,      1.7009,      0.1139,      5.5532,     11.1065,      1.0066,     28.4918,     56.9835,      0.0191,      0.0013,      0.0156,      0.1990,   7689.8032,-420455.0938,  -1096.8448,    548.1553,  25632.6758,
       1,     168,      67,       8,       1,       3,       1,     10.0000,      1.3954,     42.5265,    247.2648,     62.2272,      3.4953,      0.0030,     -0.0274,      1.6612,      0.1133,      5.5532,     11.1065,      1.0015,     28.4918,     56.9835,      0.0191,      0.0013,      0.0156,      0.1990,   7689.8032,-420143.9062,  -1096.7408,    548.1767,  25632.6758,
       1,     168,      67,       9,       1,       3,       1,     10.0000,      1.3954,     42.5265,    247.2648,     62.2272,      3.4953,      0.0725,      0.0417,      8.7793,      0.1219,      5.5532,     11.1065,      1.0769,     28.4918,     56.9835,      0.0191,      0.0013,      0.0846,      0.1990,   7689.8032,-420066.2188,  -1096.7140,    548.1821,  25632.6758,
       1,     168,      67,      10,       1,       3,       1,     10.0000,      1.3954,     42.5265,    247.2648,     62.2272,      3.4953,      0.1659,      0.1336,     28.3165,      0.1630,      5.5532,     11.1065,      1.4408,     28.4918,     56.9835,      0.0191,      0.0016,      0.2175,      0.1990,   7689.8032,-429126.0000,  -1099.6971,    547.5613,  25632.6758,
       1,     168,      67,      11,       1,       3,       1,     10.0000,      1.3954,     42.5265,    247.2648,     62.2272,      3.4953,      0.1876,      0.1547,     22.6061,      0.1818,      5.5532,     11.1065,      1.6062,     28.4918,     56.9835,      0.0191,      0.0011,      0.2500,      0.1990,   7689.8032,-454806.4688,  -1108.1588,    545.8038,  25632.6758,
       1,     168,      67,      12,       1,       3,       1,     10.0000,      1.3954,     42.5265,    247.2648,     62.2272,      3.4953,      0.1876,      0.1543,     23.5467,      0.1943,      5.5532,     11.1065,      1.7165,     28.4918,     56.9835,      0.0191,      0.0012,      0.2500,      0.1990,   7689.8032,-449776.1875,  -1106.5051,    546.1499,  25632.6738,
       1,     168,      67,      13,       1,       3,       1,     10.0000,      1.3954,     42.5265,    247.2648,     62.2272,      3.4953,      0.1875,      0.1548,     21.7321,      0.1785,      5.5532,     11.1065,      1.5777,     28.4918,     56.9835,      0.0191,      0.0011,      0.2500,      0.1990,   7689.8022,-450533.3750,  -1106.7585,    546.0983,  25632.6738,
       1,     168,      67,      14,       1,       3,       1,     10.0000,      1.3954,     42.5265,    247.2648,     62.2272,      3.4953,      0.1817,      0.1490,     29.5935,      0.1754,      5.5532,     11.1065,      1.5497,     28.4918,     56.9835,      0.0191,      0.0015,      0.2405,      0.1990,   7689.8022,-448286.9062,  -1106.0309,    546.2517,  25632.6719,
       1,     168,      67,      15,       1,       3,       1,     10.0000,      1.3954,     42.5265,    247.2648,     62.2272,      3.4953,      0.1916,      0.1585,     75.0476,      0.1916,      5.5532,     11.1065,      1.6929,     28.4918,     56.9835,      0.0191,      0.0037,      0.2500,      0.1990,   7689.8018,-458109.0000,  -1109.2861,    545.5810,  25632.6719,
       1,     168,      67,      16,       1,       3,       1,     10.0000,      1.3954,     42.5265,    247.2648,     62.2272,      3.4953,      0.1936,      0.1601,    100.9342,      0.2005,      5.5532,     11.1065,      1.7717,     28.4918,     56.9835,      0.0191,      0.0050,      0.2500,      0.1990,   7689.8018,-516895.7812,  -1128.7130,    541.5723,  25632.6719,
       1,     168,      67,      17,       1,       3,       1,     10.0000,      1.3954,     42.5265,    247.2648,     62.2272,      3.4953,      0.1761,      0.1428,    116.8042,      0.1935,      5.5532,     11.1065,      1.7098,     28.4918,     56.9835,      0.0191,      0.0065,      0.2224,      0.1989,   7689.8018,-555078.5625,  -1141.5459,    539.0021,  25632.6699,
       1,     168,      67,      18,       1,       3,       1,     10.0000,      1.3954,     42.5265,    247.2648,     62.2272,      3.4953,      0.1687,      0.1358,    107.7437,      0.1830,      5.5532,     11.1065,      1.6174,     28.4918,     56.9835,      0.0191,      0.0062,      0.2126,      0.1989,   7689.8013,-578655.3750,  -1149.7600,    537.4198,  25632.6699,
       1,     168,      67,      19,       1,       3,       1,     10.0000,      1.3954,     42.5265,    247.2648,     62.2272,      3.4953,      0.1062,      0.0737,     53.2391,      0.1707,      5.5532,     11.1065,      1.5085,     28.4918,     56.9835,      0.0191,      0.0051,      0.1275,      0.1989,   7689.8013,-569133.6875,  -1147.1532,    538.0618,  25632.6680,
       1,     168,      67,      20,       1,       3,       1,     10.0000,      1.3954,     42.5265,    247.2648,     62.2272,      3.4953,      0.0197,     -0.0124,      3.1662,      0.1577,      5.5532,     11.1065,      1.3939,     28.4918,     56.9835,      0.0191,      0.0053,      0.0074,      0.1989,   7689.8008,-498715.8438,  -1124.3188,    542.7982,  25632.6680,
       1,     168,      67,      21,       1,       3,       1,     10.0000,      1.3954,     42.5265,    247.2648,     62.2272,      3.4953,      0.0000,     -0.0319,      7.5745,      0.1520,      5.5532,     11.1065,      1.3430,     28.4918,     56.9835,      0.0191,      0.0060,      0.0156,      0.1990,   7689.8008,-428812.3750,  -1101.2843,    547.5621,  25632.6660,
       1,     168,      67,      22,       1,       3,       1,     10.0000,      1.3954,     42.5265,    247.2648,     62.2272,      3.4953,      0.0000,     -0.0319,      7.3781,      0.1517,      5.5532,     11.1065,      1.3403,     28.4918,     56.9835,      0.0191,      0.0058,      0.0156,      0.1990,   7689.8003,-428382.9062,  -1101.1357,    547.6124,  25632.6660,
       1,     168,      67,      23,       1,       3,       1,     10.0000,      1.3954,     42.5265,    247.2648,     62.2272,      3.4953,      0.0000,     -0.0317,      6.6345,      0.1470,      5.5532,     11.1065,      1.2992,     28.4918,     56.9835,      0.0191,      0.0052,      0.0156,      0.1990,   7689.8003,-428068.6250,  -1101.0239,    547.6340,  25632.6660,
       1,     168,      67,      24,       1,       3,       1,     10.0000,      1.3954,     42.5265,    247.2648,     62.2272,      3.4953,      0.0000,     -0.0316,      5.8250,      0.1442,      5.5532,     11.1065,      1.2745,     28.4918,     56.9835,      0.0191,      0.0046,      0.0156,      0.1990,   7689.8003,-427093.8125,  -1100.6946,    547.7007,  25632.6660,
       1,     168,      68,       1,       1,       3,       1,     10.0000,      1.3955,     42.5268,    247.2706,     62.2287,      3.4953,      0.0000,     -0.0316,      4.8290,      0.1450,      5.5532,     11.1065,      1.2810,     28.4980,     56.9961,      0.0191,      0.0038,      0.0156,      0.1991,   7689.8003,-426132.3438,  -1100.8528,    547.7793,  25633.8164,
       1,     168,      68,       2,       1,       3,       1,     10.0000,      1.3955,     42.5268,    247.2706,     62.2287,      3.4953,      0.0000,     -0.0314,      3.9383,      0.1377,      5.5532,     11.1065,      1.2166,     28.4980,     56.9961,      0.0191,      0.0031,      0.0156,      0.1991,   7690.1450,-424627.1875,  -1099.8682,    547.8824,  25633.8145,
       1,     168,      68,       3,       1,       3,       1,     10.0000,      1.3955,     42.5268,    247.2706,     62.2287,      3.4953,      0.0000,     -0.0312,      3.6376,      0.1334,      5.5532,     11.1065,      1.1790,     28.4980,     56.9961,      0.0191,      0.0029,      0.0156,      0.1991,   7690.1445,-423361.5625,  -1099.4464,    547.9691,  25633.8145,
       1,     168,      68,       4,       1,       3,       1,     10.0000,      1.3955,     42.5268,    247.2706,     62.2287,      3.4953,      0.0000,     -0.0310,      3.3106,      0.1290,      5.5532,     11.1065,      1.1402,     28.4980,     56.9961,      0.0191,      0.0026,      0.0156,      0.1991,   7690.1445,-422868.0938,  -1099.2800,    548.0029,  25633.8145,
       1,     168,      68,       5,       1,       3,       1,     10.0000,      1.3955,     42.5268,    247.2706,     62.2287,      3.4953,      0.0000,     -0.0309,      2.9633,      0.1257,      5.5532,     11.1065,      1.1104,     28.4980,     56.9961,      0.0191,      0.0023,      0.0156,      0.1991,   7690.1445,-422408.5312,  -1099.1252,    548.0344,  25633.8145,
       1,     168,      68,       6,       1,       3,       1,     10.0000,      1.3955,     42.5268,    247.2706,     62.2287,      3.4953,      0.0000,     -0.0308,      2.9746,      0.1230,      5.5532,     11.1065,      1.0869,     28.4980,     56.9961,      0.0191,      0.0024,      0.0156,      0.1991,   7690.1445,-421926.0938,  -1098.9633,    548.0674,  25633.8145,
       1,     168,      68,       7,       1,       3,       1,     10.0000,      1.3955,     42.5268,    247.2706,     62.2287,      3.4953,      0.0000,     -0.0309,      2.4441,      0.1249,      5.5532,     11.1065,      1.1036,     28.4980,     56.9961,      0.0191,      0.0019,      0.0156,      0.1991,   7690.1445,-421898.4688,  -1098.9519,    548.0693,  25633.8145,
       1,     168,      68,       8,       1,       3,       1,     10.0000,      1.3955,     42.5268,    247.2706,     62.2287,      3.4953,      0.0046,     -0.0260,      2.1629,      0.1193,      5.5532,     11.1065,      1.0541,     28.4980,     56.9961,      0.0191,      0.0017,      0.0156,      0.1991,   7690.1445,-421220.3750,  -1098.7253,    548.1157,  25633.8145,
       1,     168,      68,       9,       1,       3,       1,     10.0000,      1.3955,     42.5268,    247.2706,     62.2287,      3.4953,      0.0917,      0.0609,     12.3086,      0.1221,      5.5532,     11.1065,      1.0791,     28.4980,     56.9961,      0.0191,      0.0014,      0.1120,      0.1991,   7690.1445,-420803.0625,  -1098.5857,    548.1443,  25633.8145,
       1,     168,      68,      10,       1,       3,       1,     10.0000,      1.3955,     42.5268,    247.2706,     62.2287,      3.4953,      0.1580,      0.1263,     18.5388,      0.1473,      5.5532,     11.1065,      1.3018,     28.4980,     56.9961,      0.0191,      0.0011,      0.2071,      0.1991,   7690.1445,-433688.2812,  -1102.8596,    547.2615,  25633.8145,
       1,     168,      68,      11,       1,       3,       1,     10.0000,      1.3955,     42.5268,    247.2706,     62.2287,      3.4953,      0.1873,      0.1546,     18.4948,      0.1759,      5.5532,     11.1065,      1.5544,     28.4980,     56.9961,      0.0191,      0.0009,      0.2500,      0.1991,   7690.1445,-442750.7500,  -1105.8733,    546.6422,  25633.8145,
       1,     168,      68,      12,       1,       3,       1,     10.0000,      1.3955,     42.5268,    247.2706,     62.2287,      3.4953,      0.1877,      0.1546,     25.1082,      0.1901,      5.5532,     11.1065,      1.6796,     28.4980,     56.9961,      0.0191,      0.0012,      0.2500,      0.1991,   7690.1445,-443485.0938,  -1106.1252,    546.5924,  25633.8125,
       1,     168,      68,      13,       1,       3,       1,     10.0000,      1.3955,     42.5268,    247.2706,     62.2287,      3.4953,      0.1871,      0.1533,     18.8387,      0.2119,      5.5532,     11.1065,      1.8722,     28.4980,     56.9961,      0.0191,      0.0009,      0.2500,      0.1991,   7690.1440,-451974.5938,  -1108.9537,    546.0124,  25633.8125,
       1,     168,      68,      14,       1,       3,       1,     10.0000,      1.3955,     42.5268,    247.2706,     62.2287,      3.4953,      0.1872,      0.1531,     21.4800,      0.2234,      5.5532,     11.1065,      1.9742,     28.4980,     56.9961,      0.0191,      0.0011,      0.2500,      0.1990,   7690.1440,-444726.6250,  -1106.5574,    546.5073,  25633.8125,
       1,     168,      68,      15,       1,       3,       1,     10.0000,      1.3955,     42.5268,    247.2706,     62.2287,      3.4953,      0.1904,      0.1562,     62.3636,      0.2272,      5.5532,     11.1065,      2.0073,     28.4980,     56.9961,      0.0191,      0.0031,      0.2500,      0.1990,   7690.1440,-447460.6562,  -1107.4679,    546.3208,  25633.8105,
       1,     168,      68,      16,       1,       3,       1,     10.0000,      1.3955,     42.5268,    247.2706,     62.2287,      3.4953,      0.1940,      0.1598,    108.8612,      0.2281,      5.5532,     11.1065,      2.0152,     28.4980,     56.9961,      0.0191,      0.0054,      0.2500,      0.1990,   7690.1436,-499789.3125,  -1124.8545,    542.7474,  25633.8086,
       1,     168,      68,      17,       1,       3,       1,     10.0000,      1.3955,     42.5268,    247.2706,     62.2287,      3.4953,      0.1901,      0.1560,    138.4436,      0.2250,      5.5532,     11.1065,      1.9878,     28.4980,     56.9961,      0.0191,      0.0071,      0.2409,      0.1990,   7690.1431,-563671.6875,  -1146.2208,    538.4250,  25633.8105,
       1,     168,      68,      18,       1,       3,       1,     10.0000,      1.3955,     42.5268,    247.2706,     62.2287,      3.4953,      0.1715,      0.1375,    147.6205,      0.2191,      5.5532,     11.1065,      1.9358,     28.4980,     56.9961,      0.0191,      0.0086,      0.2123,      0.1989,   7690.1436,-607026.5000,  -1161.0909,    535.5243,  25633.8105,
       1,     168,      68,      19,       1,       3,       1,     10.0000,      1.3955,     42.5268,    247.2706,     62.2287,      3.4953,      0.1314,      0.0982,    107.3978,      0.1935,      5.5532,     11.1065,      1.7098,     28.4980,     56.9961,      0.0191,      0.0084,      0.1580,      0.1988,   7690.1436,-622522.3750,  -1166.9443,    534.4948,  25633.8066,
       1,     168,      68,      20,       1,       3,       1,     10.0000,      1.3955,     42.5268,    247.2706,     62.2287,      3.4953,      0.0130,     -0.0194,     10.2241,      0.1680,      5.5532,     11.1065,      1.4847,     28.4980,     56.9961,      0.0191,      0.0081,      0.0156,      0.1988,   7690.1421,-572466.0625,  -1151.0461,    537.8401,  25633.8086,
       1,     168,      68,      21,       1,       3,       1,     10.0000,      1.3955,     42.5268,    247.2706,     62.2287,      3.4953,      0.0000,     -0.0322,      9.6056,      0.1598,      5.5532,     11.1065,      1.4122,     28.4980,     56.9961,      0.0191,      0.0076,      0.0156,      0.1989,   7690.1431,-444092.0625,  -1108.6954,    546.4811,  25633.8047,
       1,     168,      68,      22,       1,       3,       1,     10.0000,      1.3955,     42.5268,    247.2706,     62.2287,      3.4953,      0.0000,     -0.0320,      8.8137,      0.1554,      5.5532,     11.1065,      1.3731,     28.4980,     56.9961,      0.0191,      0.0070,      0.0156,      0.1990,   7690.1416,-432366.1875,  -1104.7906,    547.3519,  25633.8047,
       1,     168,      68,      23,       1,       3,       1,     10.0000,      1.3955,     42.5268,    247.2706,     62.2287,      3.4953,      0.0000,     -0.0319,      8.1574,      0.1534,      5.5532,     11.1065,      1.3553,     28.4980,     56.9961,      0.0191,      0.0064,      0.0156,      0.1991,   7690.1416,-430248.3750,  -1104.0814,    547.4976,  25633.8047,
       1,     168,      68,      24,       1,       3,       1,     10.0000,      1.3955,     42.5268,    247.2706,     62.2287,      3.4953,      0.0000,     -0.0318,      6.5507,      0.1503,      5.5532,     11.1065,      1.3283,     28.4980,     56.9961,      0.0191,      0.0052,      0.0156,      0.1991,   7690.1416,-429226.8125,  -1103.7378,    547.5674,  25633.8047,
       1,     168,      69,       1,       1,       3,       1,     10.0000,      1.3955,     42.5272,    247.2764,     62.2302,      3.4953,      0.0000,     -0.0318,      4.7686,      0.1506,      5.5530,     11.1060,      1.3310,     28.5054,     57.0108,      0.0191,      0.0038,      0.0156,      0.1991,   7690.1416,-427246.1250,  -1103.5618,    547.7159,  25634.9551,
       1,     168,      69,       2,       1,       3,       1,     10.0000,      1.3955,     42.5272,    247.2764,     62.2302,      3.4953,      0.0000,     -0.0318,      4.2600,      0.1496,      5.5530,     11.1060,      1.3217,     28.5054,     57.0108,      0.0191,      0.0034,      0.0156,      0.1991,   7690.4868,-424650.8125,  -1102.2086,    547.8936,  25634.9531,
       1,     168,      69,       3,       1,       3,       1,     10.0000,      1.3955,     42.5272,    247.2764,     62.2302,      3.4953,      0.0000,     -0.0318,      3.9314,      0.1497,      5.5530,     11.1060,      1.3230,     28.5054,     57.0108,      0.0191,      0.0031,      0.0156,      0.1991,   7690.4863,-423776.9062,  -1101.9169,    547.9535,  25634.9531,
       1,     168,      69,       4,       1,       3,       1,     10.0000,      1.3955,     42.5272,    247.2764,     62.2302,      3.4953,      0.0000,     -0.0317,      3.5070,      0.1476,      5.5530,     11.1060,      1.3045,     28.5054,     57.0108,      0.0191,      0.0028,      0.0156,      0.1991,   7690.4863,-423282.0625,  -1101.7505,    547.9874,  25634.9531,
       1,     168,      69,       5,       1,       3,       1,     10.0000,      1.3955,     42.5272,    247.2764,     62.2302,      3.4953,      0.0000,     -0.0317,      3.3131,      0.1457,      5.5530,     11.1060,      1.2875,     28.5054,     57.0108,      0.0191,      0.0026,      0.0156,      0.1991,   7690.4863,-422698.5000,  -1101.5549,    548.0274,  25634.9531,
       1,     168,      69,       6,       1,       3,       1,     10.0000,      1.3955,     42.5272,    247.2764,     62.2302,      3.4953,      0.0000,     -0.0316,      3.0771,      0.1434,      5.5530,     11.1060,      1.2669,     28.5054,     57.0108,      0.0191,      0.0024,      0.0156,      0.1991,   7690.4863,-422400.5938,  -1101.4548,    548.0477,  25634.9531,
       1,     168,      69,       7,       1,       3,       1,     10.0000,      1.3955,     42.5272,    247.2764,     62.2302,      3.4953,      0.0000,     -0.0315,      3.0361,      0.1414,      5.5530,     11.1060,      1.2491,     28.5054,     57.0108,      0.0191,      0.0024,      0.0156,      0.1991,   7690.4863,-422074.0938,  -1101.3448,    548.0701,  25634.9531,
       1,     168,      69,       8,       1,       3,       1,     10.0000,      1.3955,     42.5272,    247.2764,     62.2302,      3.4953,      0.0025,     -0.0289,      3.2234,      0.1397,      5.5530,     11.1060,      1.2340,     28.5054,     57.0108,      0.0191,      0.0025,      0.0156,      0.1991,   7690.4863,-421993.4688,  -1101.3175,    548.0757,  25634.9531,
       1,     168,      69,       9,       1,       3,       1,     10.0000,      1.3955,     42.5272,    247.2764,     62.2302,      3.4953,      0.0605,      0.0288,     13.6072,      0.1479,      5.5530,     11.1060,      1.3071,     28.5054,     57.0108,      0.0191,      0.0025,      0.0659,      0.1991,   7690.4863,-422224.8438,  -1101.3939,    548.0598,  25634.9531,
       1,     168,      69,      10,       1,       3,       1,     10.0000,      1.3955,     42.5272,    247.2764,     62.2302,      3.4953,      0.1544,      0.1219,     44.1318,      0.1697,      5.5530,     11.1060,      1.4996,     28.5054,     57.0108,      0.0191,      0.0027,      0.1989,      0.1991,   7690.4863,-435468.7188,  -1105.8230,    547.1525,  25634.9531,
       1,     168,      69,      11,       1,       3,       1,     10.0000,      1.3955,     42.5272,    247.2764,     62.2302,      3.4953,      0.1726,      0.1396,     52.2521,      0.1869,      5.5530,     11.1060,      1.6516,     28.5054,     57.0108,      0.0191,      0.0029,      0.2247,      0.1991,   7690.4863,-475506.2188,  -1119.2240,    544.4149,  25634.9551,
       1,     168,      69,      12,       1,       3,       1,     10.0000,      1.3955,     42.5272,    247.2764,     62.2302,      3.4953,      0.1902,      0.1567,     56.8251,      0.2003,      5.5530,     11.1060,      1.7700,     28.5054,     57.0108,      0.0191,      0.0028,      0.2500,      0.1990,   7690.4868,-489362.9375,  -1123.9266,    543.4788,  25634.9531,
       1,     168,      69,      13,       1,       3,       1,     10.0000,      1.3955,     42.5272,    247.2764,     62.2302,      3.4953,      0.1902,      0.1564,     58.5808,      0.2127,      5.5530,     11.1060,      1.8797,     28.5054,     57.0108,      0.0191,      0.0029,      0.2500,      0.1990,   7690.4863,-496391.7500,  -1126.3822,    543.0021,  25634.9512,
       1,     168,      69,      14,       1,       3,       1,     10.0000,      1.3955,     42.5272,    247.2764,     62.2302,      3.4953,      0.1910,      0.1567,     71.1573,      0.2314,      5.5530,     11.1060,      2.0450,     28.5054,     57.0108,      0.0191,      0.0035,      0.2500,      0.1990,   7690.4858,-499241.2500,  -1127.4750,    542.8089,  25634.9512,
       1,     168,      69,      15,       1,       3,       1,     10.0000,      1.3955,     42.5272,    247.2764,     62.2302,      3.4953,      0.1926,      0.1584,     90.3363,      0.2252,      5.5530,     11.1060,      1.9898,     28.5054,     57.0108,      0.0191,      0.0045,      0.2500,      0.1990,   7690.4858,-515523.3750,  -1133.0753,    541.7041,  25634.9492,
       1,     168,      69,      16,       1,       3,       1,     10.0000,      1.3955,     42.5272,    247.2764,     62.2302,      3.4953,      0.1868,      0.1528,    103.3859,      0.2182,      5.5530,     11.1060,      1.9283,     28.5054,     57.0108,      0.0191,      0.0053,      0.2398,      0.1990,   7690.4849,-541401.4375,  -1141.9730,    539.9529,  25634.9473,
       1,     168,      69,      17,       1,       3,       1,     10.0000,      1.3955,     42.5272,    247.2764,     62.2302,      3.4953,      0.1832,      0.1495,    113.5064,      0.2104,      5.5530,     11.1060,      1.8594,     28.5054,     57.0108,      0.0191,      0.0060,      0.2334,      0.1990,   7690.4844,-560307.0625,  -1148.6703,    538.6797,  25634.9473,
       1,     168,      69,      18,       1,       3,       1,     10.0000,      1.3955,     42.5272,    247.2764,     62.2302,      3.4953,      0.1724,      0.1390,    116.8485,      0.1989,      5.5530,     11.1060,      1.7578,     28.5054,     57.0108,      0.0191,      0.0066,      0.2171,      0.1989,   7690.4844,-574866.9375,  -1154.0150,    537.7009,  25634.9453,
       1,     168,      69,      19,       1,       3,       1,     10.0000,      1.3955,     42.5272,    247.2764,     62.2302,      3.4953,      0.1242,      0.0912,     84.2689,      0.1856,      5.5530,     11.1060,      1.6401,     28.5054,     57.0108,      0.0191,      0.0069,      0.1501,      0.1989,   7690.4839,-580399.5000,  -1156.4135,    537.3300,  25634.9453,
       1,     168,      69,      20,       1,       3,       1,     10.0000,      1.3955,     42.5272,    247.2764,     62.2302,      3.4953,      0.0168,     -0.0158,      1.3184,      0.1706,      5.5530,     11.1060,      1.5071,     28.5054,     57.0108,      0.0191,      0.0059,      0.0028,      0.1989,   7690.4839,-539284.7500,  -1143.1500,    540.0916,  25634.9453,
       1,     168,      69,      21,       1,       3,       1,     10.0000,      1.3955,     42.5272,    247.2764,     62.2302,      3.4953,      0.0000,     -0.0322,      7.7357,      0.1609,      5.5530,     11.1060,      1.4222,     28.5054,     57.0108,      0.0191,      0.0061,      0.0156,      0.1990,   7690.4839,-429909.8438,  -1106.6681,    547.4827,  25634.9434,
       1,     168,      69,      22,       1,       3,       1,     10.0000,      1.3955,     42.5272,    247.2764,     62.2302,      3.4953,      0.0000,     -0.0321,      7.9906,      0.1570,      5.5530,     11.1060,      1.3870,     28.5054,     57.0108,      0.0191,      0.0063,      0.0156,      0.1991,   7690.4834,-428728.0938,  -1106.2740,    547.6144,  25634.9434,
       1,     168,      69,      23,       1,       3,       1,     10.0000,      1.3955,     42.5272,    247.2764,     62.2302,      3.4953,      0.0000,     -0.0321,      7.4813,      0.1579,      5.5530,     11.1060,      1.3954,     28.5054,     57.0108,      0.0191,      0.0059,      0.0156,      0.1991,   7690.4834,-428884.9688,  -1106.3271,    547.6037,  25634.9414,
       1,     168,      69,      24,       1,       3,       1,     10.0000,      1.3955,     42.5272,    247.2764,     62.2302,      3.4953,      0.0000,     -0.0321,      6.4184,      0.1584,      5.5530,     11.1060,      1.3996,     28.5054,     57.0108,      0.0191,      0.0051,      0.0156,      0.1991,   7690.4829,-428250.2812,  -1106.1147,    547.6472,  25634.9414,
       1,     168,      70,       1,       1,       3,       1,     10.0000,      1.3955,     42.5275,    247.2823,     62.2316,      3.4953,      0.0000,     -0.0320,      5.5136,      0.1565,      5.5537,     11.1075,      1.3829,     28.5112,     57.0224,      0.0191,      0.0044,      0.0156,      0.1991,   7690.4829,-426996.0625,  -1106.1851,    547.7458,  25636.0938,
       1,     168,      70,       2,       1,       3,       1,     10.0000,      1.3955,     42.5275,    247.2823,     62.2316,      3.4953,      0.0000,     -0.0320,      4.2185,      0.1562,      5.5537,     11.1075,      1.3801,     28.5112,     57.0224,      0.0191,      0.0033,      0.0156,      0.1991,   7690.8286,-425581.5000,  -1105.2200,    547.8427,  25636.0938,
       1,     168,      70,       3,       1,       3,       1,     10.0000,      1.3955,     42.5275,    247.2823,     62.2316,      3.4953,      0.0000,     -0.0320,      3.7455,      0.1548,      5.5537,     11.1075,      1.3677,     28.5112,     57.0224,      0.0191,      0.0030,      0.0156,      0.1991,   7690.8286,-423809.0000,  -1104.6244,    547.9642,  25636.0938,
       1,     168,      70,       4,       1,       3,       1,     10.0000,      1.3955,     42.5275,    247.2823,     62.2316,      3.4953,      0.0000,     -0.0320,      3.5992,      0.1549,      5.5537,     11.1075,      1.3690,     28.5112,     57.0224,      0.0191,      0.0028,      0.0156,      0.1991,   7690.8286,-423051.9688,  -1104.3702,    548.0159,  25636.0938,
       1,     168,      70,       5,       1,       3,       1,     10.0000,      1.3955,     42.5275,    247.2823,     62.2316,      3.4953,      0.0000,     -0.0318,      3.3637,      0.1490,      5.5537,     11.1075,      1.3164,     28.5112,     57.0224,      0.0191,      0.0027,      0.0156,      0.1991,   7690.8286,-422799.6875,  -1104.2858,    548.0332,  25636.0938,
       1,     168,      70,       6,       1,       3,       1,     10.0000,      1.3955,     42.5275,    247.2823,     62.2316,      3.4953,      0.0000,     -0.0317,      3.1083,      0.1467,      5.5537,     11.1075,      1.2966,     28.5112,     57.0224,      0.0191,      0.0025,      0.0156,      0.1991,   7690.8286,-422477.9062,  -1104.1780,    548.0552,  25636.0938,
       1,     168,      70,       7,       1,       3,       1,     10.0000,      1.3955,     42.5275,    247.2823,     62.2316,      3.4953,      0.0000,     -0.0316,      3.1019,      0.1437,      5.5537,     11.1075,      1.2695,     28.5112,     57.0224,      0.0191,      0.0025,      0.0156,      0.1991,   7690.8286,-422124.5625,  -1104.0596,    548.0795,  25636.0938,
       1,     168,      70,       8,       1,       3,       1,     10.0000,      1.3955,     42.5275,    247.2823,     62.2316,      3.4953,      0.0043,     -0.0270,      3.0122,      0.1364,      5.5537,     11.1075,      1.2057,     28.5112,     57.0224,      0.0191,      0.0024,      0.0156,      0.1991,   7690.8286,-422085.5625,  -1104.0470,    548.0823,  25636.0938,
       1,     168,      70,       9,       1,       3,       1,     10.0000,      1.3955,     42.5275,    247.2823,     62.2316,      3.4953,      0.0402,      0.0087,      6.9056,      0.1406,      5.5537,     11.1075,      1.2428,     28.5112,     57.0224,      0.0191,      0.0023,      0.0374,      0.1991,   7690.8286,-421967.8125,  -1104.0083,    548.0903,  25636.0938,
       1,     168,      70,      10,       1,       3,       1,     10.0000,      1.3955,     42.5275,    247.2823,     62.2316,      3.4953,      0.1468,      0.1146,     33.8339,      0.1619,      5.5537,     11.1075,      1.4308,     28.5112,     57.0224,      0.0191,      0.0022,      0.1890,      0.1991,   7690.8286,-426915.2188,  -1105.6763,    547.7513,  25636.0938,
       1,     168,      70,      11,       1,       3,       1,     10.0000,      1.3955,     42.5275,    247.2823,     62.2316,      3.4953,      0.1843,      0.1511,     44.2739,      0.1905,      5.5537,     11.1075,      1.6830,     28.5112,     57.0224,      0.0191,      0.0022,      0.2427,      0.1991,   7690.8286,-461638.0312,  -1117.3868,    545.3740,  25636.0918,
       1,     168,      70,      12,       1,       3,       1,     10.0000,      1.3955,     42.5275,    247.2823,     62.2316,      3.4953,      0.1837,      0.1502,     42.3974,      0.2049,      5.5537,     11.1075,      1.8107,     28.5112,     57.0224,      0.0191,      0.0022,      0.2423,      0.1991,   7690.8276,-477981.1562,  -1122.9358,    544.2650,  25636.0898,
       1,     168,      70,      13,       1,       3,       1,     10.0000,      1.3955,     42.5275,    247.2823,     62.2316,      3.4953,      0.1889,      0.1543,     43.5981,      0.2388,      5.5537,     11.1075,      2.1100,     28.5112,     57.0224,      0.0191,      0.0022,      0.2500,      0.1991,   7690.8271,-477009.1562,  -1122.6853,    544.3322,  25636.0898,
       1,     168,      70,      14,       1,       3,       1,     10.0000,      1.3955,     42.5275,    247.2823,     62.2316,      3.4953,      0.1894,      0.1547,     51.2090,      0.2473,      5.5537,     11.1075,      2.1853,     28.5112,     57.0224,      0.0191,      0.0025,      0.2500,      0.1991,   7690.8271,-478453.3438,  -1123.2437,    544.2341,  25636.0898,
       1,     168,      70,      15,       1,       3,       1,     10.0000,      1.3955,     42.5275,    247.2823,     62.2316,      3.4953,      0.1909,      0.1565,     68.8628,      0.2337,      5.5537,     11.1075,      2.0652,     28.5112,     57.0224,      0.0191,      0.0034,      0.2500,      0.1991,   7690.8271,-488278.1250,  -1126.6332,    543.5656,  25636.0898,
       1,     168,      70,      16,       1,       3,       1,     10.0000,      1.3955,     42.5275,    247.2823,     62.2316,      3.4953,      0.1910,      0.1570,    106.6286,      0.2221,      5.5537,     11.1075,      1.9627,     28.5112,     57.0224,      0.0191,      0.0053,      0.2458,      0.1991,   7690.8271,-511635.5312,  -1134.6166,    541.9790,  25636.0879,
       1,     168,      70,      17,       1,       3,       1,     10.0000,      1.3955,     42.5275,    247.2823,     62.2316,      3.4953,      0.1883,      0.1543,    131.6829,      0.2187,      5.5537,     11.1075,      1.9321,     28.5112,     57.0224,      0.0191,      0.0068,      0.2389,      0.1990,   7690.8267,-561827.0000,  -1151.7756,    538.5810,  25636.0898,
       1,     168,      70,      18,       1,       3,       1,     10.0000,      1.3955,     42.5275,    247.2823,     62.2316,      3.4953,      0.1716,      0.1380,    148.1153,      0.2055,      5.5537,     11.1075,      1.8160,     28.5112,     57.0224,      0.0191,      0.0086,      0.2124,      0.1990,   7690.8271,-598192.0000,  -1164.5221,    536.1434,  25636.0840,
       1,     168,      70,      19,       1,       3,       1,     10.0000,      1.3955,     42.5275,    247.2823,     62.2316,      3.4953,      0.1234,      0.0902,    102.8897,      0.1935,      5.5537,     11.1075,      1.7099,     28.5112,     57.0224,      0.0191,      0.0086,      0.1468,      0.1989,   7690.8257,-622340.6875,  -1173.3558,    534.5305,  25636.0840,
       1,     168,      70,      20,       1,       3,       1,     10.0000,      1.3955,     42.5275,    247.2823,     62.2316,      3.4953,      0.0188,     -0.0138,      3.2534,      0.1747,      5.5537,     11.1075,      1.5436,     28.5112,     57.0224,      0.0191,      0.0075,      0.0054,      0.1989,   7690.8257,-566665.2500,  -1155.2887,    538.2530,  25636.0820,
       1,     168,      70,      21,       1,       3,       1,     10.0000,      1.3955,     42.5275,    247.2823,     62.2316,      3.4953,      0.0000,     -0.0324,      8.4087,      0.1662,      5.5537,     11.1075,      1.4685,     28.5112,     57.0224,      0.0191,      0.0066,      0.0156,      0.1990,   7690.8247,-434711.4062,  -1111.0159,    547.1440,  25636.0820,
       1,     168,      70,      22,       1,       3,       1,     10.0000,      1.3955,     42.5275,    247.2823,     62.2316,      3.4953,      0.0000,     -0.0322,      7.8978,      0.1619,      5.5537,     11.1075,      1.4308,     28.5112,     57.0224,      0.0191,      0.0062,      0.0156,      0.1991,   7690.8247,-430036.3438,  -1109.4396,    547.5376,  25636.0820,
       1,     168,      70,      23,       1,       3,       1,     10.0000,      1.3955,     42.5275,    247.2823,     62.2316,      3.4953,      0.0000,     -0.0319,      6.6319,      0.1535,      5.5537,     11.1075,      1.3567,     28.5112,     57.0224,      0.0191,      0.0052,      0.0156,      0.1991,   7690.8247,-428884.3750,  -1109.0524,    547.6166,  25636.0820,
       1,     168,      70,      24,       1,       3,       1,     10.0000,      1.3955,     42.5275,    247.2823,     62.2316,      3.4953,      0.0000,     -0.0318,      5.7387,      0.1500,      5.5537,     11.1075,      1.3257,     28.5112,     57.0224,      0.0191,      0.0045,      0.0156,      0.1991,   7690.8247,-427171.7500,  -1108.4751,    547.7339,  25636.0820,
       1,     168,      71,       1,       1,       3,       1,     10.0000,      1.3955,     42.5278,    247.2881,     62.2331,      3.4953,      0.0000,     -0.0318,      4.2707,      0.1494,      5.5539,     11.1079,      1.3204,     28.5165,     57.0330,      0.0191,      0.0034,      0.0156,      0.1991,   7690.8247,-426039.7812,  -1108.5873,    547.8243,  25637.2324,
       1,     168,      71,       2,       1,       3,       1,     10.0000,      1.3955,     42.5278,    247.2881,     62.2331,      3.4953,      0.0000,     -0.0315,      3.5149,      0.1416,      5.5539,     11.1079,      1.2517,     28.5165,     57.0330,      0.0191,      0.0028,      0.0156,      0.1991,   7691.1699,-423919.0000,  -1107.3767,    547.9696,  25637.2324,
       1,     168,      71,       3,       1,       3,       1,     10.0000,      1.3955,     42.5278,    247.2881,     62.2331,      3.4953,      0.0000,     -0.0312,      3.0454,      0.1342,      5.5539,     11.1079,      1.1863,     28.5165,     57.0330,      0.0191,      0.0024,      0.0156,      0.1991,   7691.1699,-422771.5625,  -1106.9901,    548.0482,  25637.2324,
       1,     168,      71,       4,       1,       3,       1,     10.0000,      1.3955,     42.5278,    247.2881,     62.2331,      3.4953,      0.0000,     -0.0313,      2.2762,      0.1344,      5.5539,     11.1079,      1.1875,     28.5165,     57.0330,      0.0191,      0.0018,      0.0156,      0.1991,   7691.1699,-422073.8125,  -1106.7551,    548.0960,  25637.2324,
       1,     168,      71,       5,       1,       3,       1,     10.0000,      1.3955,     42.5278,    247.2881,     62.2331,      3.4953,      0.0000,     -0.0314,      1.9982,      0.1380,      5.5539,     11.1079,      1.2192,     28.5165,     57.0330,      0.0191,      0.0016,      0.0156,      0.1991,   7691.1699,-421033.5000,  -1106.4039,    548.1672,  25637.2324,
       1,     168,      71,       6,       1,       3,       1,     10.0000,      1.3955,     42.5278,    247.2881,     62.2331,      3.4953,      0.0000,     -0.0313,      2.0166,      0.1348,      5.5539,     11.1079,      1.1911,     28.5165,     57.0330,      0.0191,      0.0016,      0.0156,      0.1991,   7691.1699,-420589.0000,  -1106.2543,    548.1977,  25637.2324,
       1,     168,      71,       7,       1,       3,       1,     10.0000,      1.3955,     42.5278,    247.2881,     62.2331,      3.4953,      0.0000,     -0.0312,      1.5206,      0.1326,      5.5539,     11.1079,      1.1719,     28.5165,     57.0330,      0.0191,      0.0012,      0.0156,      0.1991,   7691.1699,-420573.5938,  -1106.2499,    548.1987,  25637.2324,
       1,     168,      71,       8,       1,       3,       1,     10.0000,      1.3955,     42.5278,    247.2881,     62.2331,      3.4953,      0.0041,     -0.0270,      1.3458,      0.1297,      5.5539,     11.1079,      1.1460,     28.5165,     57.0330,      0.0191,      0.0011,      0.0156,      0.1991,   7691.1699,-419940.8125,  -1106.0363,    548.2421,  25637.2324,
       1,     168,      71,       9,       1,       3,       1,     10.0000,      1.3955,     42.5278,    247.2881,     62.2331,      3.4953,      0.0816,      0.0501,     12.8160,      0.1408,      5.5539,     11.1079,      1.2441,     28.5165,     57.0330,      0.0191,      0.0016,      0.0969,      0.1991,   7691.1699,-419663.0938,  -1105.9430,    548.2612,  25637.2324,
       1,     168,      71,      10,       1,       3,       1,     10.0000,      1.3955,     42.5278,    247.2881,     62.2331,      3.4953,      0.1596,      0.1270,     38.7698,      0.1733,      5.5539,     11.1079,      1.5314,     28.5165,     57.0330,      0.0191,      0.0023,      0.2071,      0.1991,   7691.1699,-434241.7188,  -1110.8964,    547.2620,  25637.2324,
       1,     168,      71,      11,       1,       3,       1,     10.0000,      1.3955,     42.5278,    247.2881,     62.2331,      3.4953,      0.1851,      0.1518,     41.1453,      0.1943,      5.5539,     11.1079,      1.7167,     28.5165,     57.0330,      0.0191,      0.0021,      0.2443,      0.1991,   7691.1699,-468565.6562,  -1122.5708,    544.9150,  25637.2324,
       1,     168,      71,      12,       1,       3,       1,     10.0000,      1.3955,     42.5278,    247.2881,     62.2331,      3.4953,      0.1883,      0.1542,     34.7358,      0.2223,      5.5539,     11.1079,      1.9647,     28.5165,     57.0330,      0.0191,      0.0017,      0.2500,      0.1991,   7691.1699,-474596.0312,  -1124.6741,    544.5092,  25637.2305,
       1,     168,      71,      13,       1,       3,       1,     10.0000,      1.3955,     42.5278,    247.2881,     62.2331,      3.4953,      0.1883,      0.1539,     35.7555,      0.2346,      5.5539,     11.1079,      2.0733,     28.5165,     57.0330,      0.0191,      0.0018,      0.2500,      0.1991,   7691.1694,-466948.4375,  -1122.1422,    545.0299,  25637.2285,
       1,     168,      71,      14,       1,       3,       1,     10.0000,      1.3955,     42.5278,    247.2881,     62.2331,      3.4953,      0.1893,      0.1546,     50.4102,      0.2461,      5.5539,     11.1079,      2.1748,     28.5165,     57.0330,      0.0191,      0.0025,      0.2500,      0.1991,   7691.1689,-467583.0312,  -1122.4093,    544.9869,  25637.2285,
       1,     168,      71,      15,       1,       3,       1,     10.0000,      1.3955,     42.5278,    247.2881,     62.2331,      3.4953,      0.1927,      0.1580,     93.3283,      0.2444,      5.5539,     11.1079,      2.1600,     28.5165,     57.0330,      0.0191,      0.0046,      0.2500,      0.1991,   7691.1689,-486308.4062,  -1128.8279,    543.7112,  25637.2246,
       1,     168,      71,      16,       1,       3,       1,     10.0000,      1.3955,     42.5278,    247.2881,     62.2331,      3.4953,      0.1925,      0.1579,    125.5704,      0.2423,      5.5539,     11.1079,      2.1411,     28.5165,     57.0330,      0.0191,      0.0063,      0.2460,      0.1991,   7691.1675,-542637.3750,  -1148.0829,    539.8844,  25637.2246,
       1,     168,      71,      17,       1,       3,       1,     10.0000,      1.3955,     42.5278,    247.2881,     62.2331,      3.4953,      0.1887,      0.1546,    146.5470,      0.2256,      5.5539,     11.1079,      1.9938,     28.5165,     57.0330,      0.0191,      0.0076,      0.2379,      0.1990,   7691.1675,-588701.1250,  -1164.1172,    536.7892,  25637.2246,
       1,     168,      71,      18,       1,       3,       1,     10.0000,      1.3955,     42.5278,    247.2881,     62.2331,      3.4953,      0.1495,      0.1158,    118.3439,      0.2102,      5.5539,     11.1079,      1.8577,     28.5165,     57.0330,      0.0191,      0.0080,      0.1833,      0.1990,   7691.1675,-619493.4375,  -1175.2134,    534.7319,  25637.2246,
       1,     168,      71,      19,       1,       3,       1,     10.0000,      1.3955,     42.5278,    247.2881,     62.2331,      3.4953,      0.1356,      0.1021,    112.9241,      0.2013,      5.5539,     11.1079,      1.7789,     28.5165,     57.0330,      0.0191,      0.0085,      0.1634,      0.1989,   7691.1675,-586148.5625,  -1164.6212,    536.9647,  25637.2227,
       1,     168,      71,      20,       1,       3,       1,     10.0000,      1.3955,     42.5278,    247.2881,     62.2331,      3.4953,      0.0190,     -0.0137,      3.5317,      0.1780,      5.5539,     11.1079,      1.5732,     28.5165,     57.0330,      0.0191,      0.0079,      0.0055,      0.1990,   7691.1670,-576344.7500,  -1161.8959,    537.6274,  25637.2207,
       1,     168,      71,      21,       1,       3,       1,     10.0000,      1.3955,     42.5278,    247.2881,     62.2331,      3.4953,      0.0000,     -0.0323,      9.3607,      0.1647,      5.5539,     11.1079,      1.4554,     28.5165,     57.0330,      0.0191,      0.0074,      0.0156,      0.1990,   7691.1665,-435870.9062,  -1114.3728,    547.0681,  25637.2207,
       1,     168,      71,      22,       1,       3,       1,     10.0000,      1.3955,     42.5278,    247.2881,     62.2331,      3.4953,      0.0000,     -0.0320,      8.1845,      0.1559,      5.5539,     11.1079,      1.3773,     28.5165,     57.0330,      0.0191,      0.0065,      0.0156,      0.1991,   7691.1665,-431364.4688,  -1112.8444,    547.4597,  25637.2188,
       1,     168,      71,      23,       1,       3,       1,     10.0000,      1.3955,     42.5278,    247.2881,     62.2331,      3.4953,      0.0000,     -0.0318,      7.2085,      0.1506,      5.5539,     11.1079,      1.3311,     28.5165,     57.0330,      0.0191,      0.0057,      0.0156,      0.1991,   7691.1660,-429368.3750,  -1112.1683,    547.5964,  25637.2188,
       1,     168,      71,      24,       1,       3,       1,     10.0000,      1.3955,     42.5278,    247.2881,     62.2331,      3.4953,      0.0000,     -0.0316,      6.2998,      0.1431,      5.5539,     11.1079,      1.2644,     28.5165,     57.0330,      0.0191,      0.0050,      0.0156,      0.1991,   7691.1660,-427951.3750,  -1111.6886,    547.6934,  25637.2188,
       1,     168,      72,       1,       1,       3,       1,     10.0000,      1.3956,     42.5282,    247.2940,     62.2345,      3.4953,      0.0000,     -0.0316,      4.9096,      0.1434,      5.5535,     11.1069,      1.2670,     28.5231,     57.0462,      0.0191,      0.0039,      0.0156,      0.1992,   7691.1660,-426825.8750,  -1111.8069,    547.7833,  25638.3711,
       1,     168,      72,       2,       1,       3,       1,     10.0000,      1.3956,     42.5282,    247.2940,     62.2345,      3.4953,      0.0000,     -0.0315,      4.0431,      0.1398,      5.5535,     11.1069,      1.2354,     28.5231,     57.0462,      0.0191,      0.0032,      0.0156,      0.1992,   7691.5117,-424804.7188,  -1110.6211,    547.9217,  25638.3711,
       1,     168,      72,       3,       1,       3,       1,     10.0000,      1.3956,     42.5282,    247.2940,     62.2345,      3.4953,      0.0000,     -0.0314,      3.5122,      0.1377,      5.5535,     11.1069,      1.2167,     28.5231,     57.0462,      0.0191,      0.0028,      0.0156,      0.1992,   7691.5117,-423525.3750,  -1110.1863,    548.0093,  25638.3711,
       1,     168,      72,       4,       1,       3,       1,     10.0000,      1.3956,     42.5282,    247.2940,     62.2345,      3.4953,      0.0000,     -0.0314,      3.3062,      0.1392,      5.5535,     11.1069,      1.2304,     28.5231,     57.0462,      0.0191,      0.0026,      0.0156,      0.1992,   7691.5117,-422737.9375,  -1109.9193,    548.0633,  25638.3711,
       1,     168,      72,       5,       1,       3,       1,     10.0000,      1.3956,     42.5282,    247.2940,     62.2345,      3.4953,      0.0000,     -0.0315,      2.8256,      0.1409,      5.5535,     11.1069,      1.2454,     28.5231,     57.0462,      0.0191,      0.0022,      0.0156,      0.1992,   7691.5117,-422406.9688,  -1109.8082,    548.0859,  25638.3711,
       1,     168,      72,       6,       1,       3,       1,     10.0000,      1.3956,     42.5282,    247.2940,     62.2345,      3.4953,      0.0000,     -0.0312,      2.7544,      0.1322,      5.5535,     11.1069,      1.1684,     28.5231,     57.0462,      0.0191,      0.0022,      0.0156,      0.1992,   7691.5117,-421766.3438,  -1109.5911,    548.1298,  25638.3711,
       1,     168,      72,       7,       1,       3,       1,     10.0000,      1.3956,     42.5282,    247.2940,     62.2345,      3.4953,      0.0000,     -0.0309,      2.3601,      0.1258,      5.5535,     11.1069,      1.1116,     28.5231,     57.0462,      0.0191,      0.0019,      0.0156,      0.1992,   7691.5117,-421619.7812,  -1109.5428,    548.1398,  25638.3691,
       1,     168,      72,       8,       1,       3,       1,     10.0000,      1.3956,     42.5282,    247.2940,     62.2345,      3.4953,      0.0029,     -0.0281,      2.1328,      0.1290,      5.5535,     11.1069,      1.1403,     28.5231,     57.0462,      0.0191,      0.0017,      0.0156,      0.1992,   7691.5112,-421105.3125,  -1109.3693,    548.1751,  25638.3691,
       1,     168,      72,       9,       1,       3,       1,     10.0000,      1.3956,     42.5282,    247.2940,     62.2345,      3.4953,      0.0771,      0.0457,     12.8967,      0.1385,      5.5535,     11.1069,      1.2242,     28.5231,     57.0462,      0.0191,      0.0018,      0.0904,      0.1992,   7691.5112,-420771.0625,  -1109.2565,    548.1980,  25638.3691,
       1,     168,      72,      10,       1,       3,       1,     10.0000,      1.3956,     42.5282,    247.2940,     62.2345,      3.4953,      0.1611,      0.1289,     38.6892,      0.1621,      5.5535,     11.1069,      1.4323,     28.5231,     57.0462,      0.0191,      0.0023,      0.2093,      0.1992,   7691.5112,-434444.2812,  -1113.9429,    547.2610,  25638.3691,
       1,     168,      72,      11,       1,       3,       1,     10.0000,      1.3956,     42.5282,    247.2940,     62.2345,      3.4953,      0.1795,      0.1466,     38.7818,      0.1827,      5.5535,     11.1069,      1.6144,     28.5231,     57.0462,      0.0191,      0.0020,      0.2363,      0.1992,   7691.5112,-468479.2500,  -1125.6173,    544.9335,  25638.3691,
       1,     168,      72,      12,       1,       3,       1,     10.0000,      1.3956,     42.5282,    247.2940,     62.2345,      3.4953,      0.1627,      0.1298,     30.8010,      0.1834,      5.5535,     11.1069,      1.6208,     28.5231,     57.0462,      0.0191,      0.0018,      0.2126,      0.1991,   7691.5112,-471575.7188,  -1126.7356,    544.7277,  25638.3672,
       1,     168,      72,      13,       1,       3,       1,     10.0000,      1.3956,     42.5282,    247.2940,     62.2345,      3.4953,      0.1896,      0.1558,     51.2739,      0.2134,      5.5535,     11.1069,      1.8853,     28.5231,     57.0462,      0.0191,      0.0025,      0.2500,      0.1991,   7691.5103,-461671.9062,  -1123.4105,    545.4020,  25638.3691,
       1,     168,      72,      14,       1,       3,       1,     10.0000,      1.3956,     42.5282,    247.2940,     62.2345,      3.4953,      0.1904,      0.1568,     60.3228,      0.2063,      5.5535,     11.1069,      1.8233,     28.5231,     57.0462,      0.0191,      0.0030,      0.2500,      0.1991,   7691.5112,-486888.9375,  -1132.0950,    543.6833,  25638.3691,
       1,     168,      72,      15,       1,       3,       1,     10.0000,      1.3956,     42.5282,    247.2940,     62.2345,      3.4953,      0.1925,      0.1588,     88.3166,      0.2111,      5.5535,     11.1069,      1.8651,     28.5231,     57.0462,      0.0191,      0.0044,      0.2500,      0.1991,   7691.5112,-500621.1250,  -1136.9056,    542.7527,  25638.3691,
       1,     168,      72,      16,       1,       3,       1,     10.0000,      1.3956,     42.5282,    247.2940,     62.2345,      3.4953,      0.1944,      0.1608,    111.1287,      0.2055,      5.5535,     11.1069,      1.8161,     28.5231,     57.0462,      0.0191,      0.0055,      0.2500,      0.1991,   7691.5112,-537493.0000,  -1149.7091,    540.2520,  25638.3633,
       1,     168,      72,      17,       1,       3,       1,     10.0000,      1.3956,     42.5282,    247.2940,     62.2345,      3.4953,      0.1914,      0.1578,    119.2124,      0.2059,      5.5535,     11.1069,      1.8197,     28.5231,     57.0462,      0.0191,      0.0060,      0.2448,      0.1991,   7691.5093,-569806.9375,  -1161.1394,    538.0755,  25638.3652,
       1,     168,      72,      18,       1,       3,       1,     10.0000,      1.3956,     42.5282,    247.2940,     62.2345,      3.4953,      0.1743,      0.1412,    138.3599,      0.1908,      5.5535,     11.1069,      1.6864,     28.5231,     57.0462,      0.0191,      0.0078,      0.2174,      0.1990,   7691.5098,-582934.9375,  -1166.1586,    537.1970,  25638.3633,
       1,     168,      72,      19,       1,       3,       1,     10.0000,      1.3956,     42.5282,    247.2940,     62.2345,      3.4953,      0.1303,      0.0975,     89.8985,      0.1777,      5.5535,     11.1069,      1.5701,     28.5231,     57.0462,      0.0191,      0.0070,      0.1584,      0.1990,   7691.5093,-608509.8125,  -1175.5448,    535.4803,  25638.3613,
       1,     168,      72,      20,       1,       3,       1,     10.0000,      1.3956,     42.5282,    247.2940,     62.2345,      3.4953,      0.0173,     -0.0150,      2.0769,      0.1632,      5.5535,     11.1069,      1.4424,     28.5231,     57.0462,      0.0191,      0.0067,      0.0038,      0.1990,   7691.5088,-548861.3750,  -1155.7241,    539.4756,  25638.3613,
       1,     168,      72,      21,       1,       3,       1,     10.0000,      1.3956,     42.5282,    247.2940,     62.2345,      3.4953,      0.0000,     -0.0320,      8.1251,      0.1537,      5.5535,     11.1069,      1.3581,     28.5231,     57.0462,      0.0191,      0.0064,      0.0156,      0.1990,   7691.5088,-431710.1562,  -1115.7349,    547.3906,  25638.3594,
       1,     168,      72,      22,       1,       3,       1,     10.0000,      1.3956,     42.5282,    247.2940,     62.2345,      3.4953,      0.0000,     -0.0318,      8.5027,      0.1481,      5.5535,     11.1069,      1.3085,     28.5231,     57.0462,      0.0191,      0.0067,      0.0156,      0.1992,   7691.5083,-429400.0312,  -1114.9502,    547.6071,  25638.3594,
       1,     168,      72,      23,       1,       3,       1,     10.0000,      1.3956,     42.5282,    247.2940,     62.2345,      3.4953,      0.0000,     -0.0315,      7.7743,      0.1418,      5.5535,     11.1069,      1.2530,     28.5231,     57.0462,      0.0191,      0.0061,      0.0156,      0.1992,   7691.5083,-429605.0625,  -1115.0270,    547.5930,  25638.3594,
       1,     168,      72,      24,       1,       3,       1,     10.0000,      1.3956,     42.5282,    247.2940,     62.2345,      3.4953,      0.0000,     -0.0313,      6.9149,      0.1366,      5.5535,     11.1069,      1.2069,     28.5231,     57.0462,      0.0191,      0.0055,      0.0156,      0.1992,   7691.5083,-428695.5625,  -1114.7195,    547.6553,  25638.3594,
       1,     168,      73,       1,       1,       3,       1,     10.0000,      1.3956,     42.5285,    247.2998,     62.2360,      3.4953,      0.0000,     -0.0311,      5.6100,      0.1292,      5.5543,     11.1086,      1.1415,     28.5298,     57.0595,      0.0191,      0.0044,      0.0156,      0.1992,   7691.5083,-427677.4688,  -1114.8773,    547.7379,  25639.5137,
       1,     168,      73,       2,       1,       3,       1,     10.0000,      1.3956,     42.5285,    247.2998,     62.2360,      3.4953,      0.0000,     -0.0307,      5.2556,      0.1205,      5.5543,     11.1086,      1.0650,     28.5298,     57.0595,      0.0191,      0.0042,      0.0156,      0.1992,   7691.8545,-425774.1562,  -1113.7236,    547.8682,  25639.5137,
       1,     168,      73,       3,       1,       3,       1,     10.0000,      1.3956,     42.5285,    247.2998,     62.2360,      3.4953,      0.0000,     -0.0306,      4.6626,      0.1187,      5.5543,     11.1086,      1.0488,     28.5298,     57.0595,      0.0191,      0.0037,      0.0156,      0.1992,   7691.8545,-425157.0312,  -1113.5151,    547.9105,  25639.5117,
       1,     168,      73,       4,       1,       3,       1,     10.0000,      1.3956,     42.5285,    247.2998,     62.2360,      3.4953,      0.0000,     -0.0306,      4.2570,      0.1171,      5.5543,     11.1086,      1.0350,     28.5298,     57.0595,      0.0191,      0.0034,      0.0156,      0.1992,   7691.8540,-424348.5625,  -1113.2410,    547.9659,  25639.5117,
       1,     168,      73,       5,       1,       3,       1,     10.0000,      1.3956,     42.5285,    247.2998,     62.2360,      3.4953,      0.0000,     -0.0301,      3.6431,      0.1071,      5.5543,     11.1086,      0.9466,     28.5298,     57.0595,      0.0191,      0.0029,      0.0156,      0.1992,   7691.8540,-423761.8750,  -1113.0422,    548.0061,  25639.5117,
       1,     168,      73,       6,       1,       3,       1,     10.0000,      1.3956,     42.5285,    247.2998,     62.2360,      3.4953,      0.0000,     -0.0300,      3.3806,      0.1035,      5.5543,     11.1086,      0.9150,     28.5298,     57.0595,      0.0191,      0.0027,      0.0156,      0.1992,   7691.8540,-422929.1875,  -1112.7583,    548.0631,  25639.5117,
       1,     168,      73,       7,       1,       3,       1,     10.0000,      1.3956,     42.5285,    247.2998,     62.2360,      3.4953,      0.0000,     -0.0303,      3.2839,      0.1109,      5.5543,     11.1086,      0.9803,     28.5298,     57.0595,      0.0191,      0.0026,      0.0156,      0.1992,   7691.8540,-422522.5000,  -1112.6207,    548.0910,  25639.5117,
       1,     168,      73,       8,       1,       3,       1,     10.0000,      1.3956,     42.5285,    247.2998,     62.2360,      3.4953,      0.0031,     -0.0274,      2.6511,      0.1145,      5.5543,     11.1086,      1.0119,     28.5298,     57.0595,      0.0191,      0.0021,      0.0156,      0.1992,   7691.8540,-422363.9062,  -1112.5686,    548.1019,  25639.5117,
       1,     168,      73,       9,       1,       3,       1,     10.0000,      1.3956,     42.5285,    247.2998,     62.2360,      3.4953,      0.0986,      0.0675,     17.0282,      0.1300,      5.5543,     11.1086,      1.1484,     28.5298,     57.0595,      0.0191,      0.0017,      0.1212,      0.1992,   7691.8540,-421544.5938,  -1112.2886,    548.1580,  25639.5117,
       1,     168,      73,      10,       1,       3,       1,     10.0000,      1.3956,     42.5285,    247.2998,     62.2360,      3.4953,      0.1679,      0.1359,     28.3636,      0.1540,      5.5543,     11.1086,      1.3609,     28.5298,     57.0595,      0.0191,      0.0016,      0.2203,      0.1992,   7691.8540,-439773.1250,  -1118.5848,    546.9090,  25639.5117,
       1,     168,      73,      11,       1,       3,       1,     10.0000,      1.3956,     42.5285,    247.2998,     62.2360,      3.4953,      0.1891,      0.1566,     40.3280,      0.1702,      5.5543,     11.1086,      1.5042,     28.5298,     57.0595,      0.0191,      0.0020,      0.2500,      0.1992,   7691.8540,-455798.6250,  -1124.1366,    545.8148,  25639.5117,
       1,     168,      73,      12,       1,       3,       1,     10.0000,      1.3956,     42.5285,    247.2998,     62.2360,      3.4953,      0.1896,      0.1562,     48.7634,      0.1958,      5.5543,     11.1086,      1.7304,     28.5298,     57.0595,      0.0191,      0.0024,      0.2500,      0.1992,   7691.8540,-472432.8125,  -1129.9144,    544.6811,  25639.5098,
       1,     168,      73,      13,       1,       3,       1,     10.0000,      1.3956,     42.5285,    247.2998,     62.2360,      3.4953,      0.1891,      0.1552,     44.4523,      0.2161,      5.5543,     11.1086,      1.9096,     28.5298,     57.0595,      0.0191,      0.0022,      0.2500,      0.1992,   7691.8530,-484627.6875,  -1134.1934,    543.8519,  25639.5098,
       1,     168,      73,      14,       1,       3,       1,     10.0000,      1.3956,     42.5285,    247.2998,     62.2360,      3.4953,      0.1903,      0.1563,     59.7066,      0.2174,      5.5543,     11.1086,      1.9209,     28.5298,     57.0595,      0.0191,      0.0029,      0.2500,      0.1991,   7691.8530,-480196.1562,  -1132.7598,    544.1538,  25639.5078,
       1,     168,      73,      15,       1,       3,       1,     10.0000,      1.3956,     42.5285,    247.2998,     62.2360,      3.4953,      0.1923,      0.1585,     85.0406,      0.2107,      5.5543,     11.1086,      1.8614,     28.5298,     57.0595,      0.0191,      0.0042,      0.2500,      0.1991,   7691.8525,-499244.1250,  -1139.4291,    542.8583,  25639.5078,
       1,     168,      73,      16,       1,       3,       1,     10.0000,      1.3956,     42.5285,    247.2998,     62.2360,      3.4953,      0.1946,      0.1607,    115.8230,      0.2163,      5.5543,     11.1086,      1.9115,     28.5298,     57.0595,      0.0191,      0.0057,      0.2500,      0.1991,   7691.8525,-533189.0625,  -1151.3115,    540.5564,  25639.5078,
       1,     168,      73,      17,       1,       3,       1,     10.0000,      1.3956,     42.5285,    247.2998,     62.2360,      3.4953,      0.1894,      0.1557,    144.6805,      0.2078,      5.5543,     11.1086,      1.8360,     28.5298,     57.0595,      0.0191,      0.0075,      0.2389,      0.1991,   7691.8525,-575400.9375,  -1166.2266,    537.7090,  25639.4199,
       1,     168,      73,      18,       1,       3,       1,     10.0000,      1.3956,     42.5285,    247.2998,     62.2360,      3.4953,      0.1756,      0.1422,    147.4479,      0.1972,      5.5543,     11.1086,      1.7424,     28.5298,     57.0595,      0.0191,      0.0083,      0.2182,      0.1990,   7691.8262,-615917.5000,  -1180.8287,    534.9933,  25639.2910,
       1,     168,      73,      19,       1,       3,       1,     10.0000,      1.3956,     42.5285,    247.2998,     62.2360,      3.4953,      0.1387,      0.1057,    101.2322,      0.1849,      5.5543,     11.1086,      1.6338,     28.5298,     57.0595,      0.0191,      0.0074,      0.1693,      0.1990,   7691.7876,-623000.8750,  -1184.1042,    534.5264,  25639.2520,
       1,     168,      73,      20,       1,       3,       1,     10.0000,      1.3956,     42.5285,    247.2998,     62.2360,      3.4953,      0.0150,     -0.0172,      0.3928,      0.1611,      5.5543,     11.1086,      1.4237,     28.5298,     57.0595,      0.0191,      0.0065,      0.0007,      0.1990,   7691.7759,-564592.8750,  -1164.6593,    538.4291,  25639.3926,
       1,     168,      73,      21,       1,       3,       1,     10.0000,      1.3956,     42.5285,    247.2998,     62.2360,      3.4953,      0.0000,     -0.0319,      8.1581,      0.1509,      5.5543,     11.1086,      1.3338,     28.5298,     57.0595,      0.0191,      0.0064,      0.0156,      0.1990,   7691.8179,-430909.5000,  -1118.6082,    547.4409,  25639.5000,
       1,     168,      73,      22,       1,       3,       1,     10.0000,      1.3956,     42.5285,    247.2998,     62.2360,      3.4953,      0.0000,     -0.0318,      8.0317,      0.1479,      5.5543,     11.1086,      1.3072,     28.5298,     57.0595,      0.0191,      0.0063,      0.0156,      0.1992,   7691.8501,-429397.5625,  -1118.0460,    547.6201,  25639.5000,
       1,     168,      73,      23,       1,       3,       1,     10.0000,      1.3956,     42.5285,    247.2998,     62.2360,      3.4953,      0.0000,     -0.0317,      7.9521,      0.1459,      5.5543,     11.1086,      1.2889,     28.5298,     57.0595,      0.0191,      0.0063,      0.0156,      0.1992,   7691.8501,-429008.4062,  -1117.9178,    547.6468,  25639.5000,
       1,     168,      73,      24,       1,       3,       1,     10.0000,      1.3956,     42.5285,    247.2998,     62.2360,      3.4953,      0.0000,     -0.0316,      7.2380,      0.1445,      5.5543,     11.1086,      1.2773,     28.5298,     57.0595,      0.0191,      0.0057,      0.0156,      0.1992,   7691.8501,-428873.0312,  -1117.8777,    547.6560,  25639.5000,
       1,     168,      74,       1,       1,       3,       1,     10.0000,      1.3956,     42.5288,    247.3056,     62.2375,      3.4953,      0.0000,     -0.0316,      5.6983,      0.1427,      5.5538,     11.1076,      1.2606,     28.5382,     57.0764,      0.0191,      0.0045,      0.0156,      0.1992,   7691.8501,-428107.2188,  -1118.1251,    547.7213,  25640.6504,
       1,     168,      74,       2,       1,       3,       1,     10.0000,      1.3956,     42.5288,    247.3056,     62.2375,      3.4953,      0.0000,     -0.0315,      4.4026,      0.1414,      5.5538,     11.1076,      1.2492,     28.5382,     57.0764,      0.0191,      0.0035,      0.0156,      0.1992,   7692.1953,-425927.8750,  -1116.8683,    547.8705,  25640.6504,
       1,     168,      74,       3,       1,       3,       1,     10.0000,      1.3956,     42.5288,    247.3056,     62.2375,      3.4953,      0.0000,     -0.0312,      3.8166,      0.1328,      5.5538,     11.1076,      1.1732,     28.5382,     57.0764,      0.0191,      0.0030,      0.0156,      0.1992,   7692.1953,-424088.6562,  -1116.2335,    547.9965,  25640.6504,
       1,     168,      74,       4,       1,       3,       1,     10.0000,      1.3956,     42.5288,    247.3056,     62.2375,      3.4953,      0.0000,     -0.0309,      3.7121,      0.1242,      5.5538,     11.1076,      1.0971,     28.5382,     57.0764,      0.0191,      0.0029,      0.0156,      0.1992,   7692.1953,-423182.5625,  -1115.9224,    548.0586,  25640.6504,
       1,     168,      74,       5,       1,       3,       1,     10.0000,      1.3956,     42.5288,    247.3056,     62.2375,      3.4953,      0.0000,     -0.0308,      3.5239,      0.1214,      5.5538,     11.1076,      1.0727,     28.5382,     57.0764,      0.0191,      0.0028,      0.0156,      0.1992,   7692.1953,-422970.5938,  -1115.8519,    548.0731,  25640.6504,
       1,     168,      74,       6,       1,       3,       1,     10.0000,      1.3956,     42.5288,    247.3056,     62.2375,      3.4953,      0.0000,     -0.0308,      3.4672,      0.1220,      5.5538,     11.1076,      1.0782,     28.5382,     57.0764,      0.0191,      0.0027,      0.0156,      0.1992,   7692.1953,-422712.5000,  -1115.7653,    548.0908,  25640.6504,
       1,     168,      74,       7,       1,       3,       1,     10.0000,      1.3956,     42.5288,    247.3056,     62.2375,      3.4953,      0.0000,     -0.0308,      3.3143,      0.1235,      5.5538,     11.1076,      1.0915,     28.5382,     57.0764,      0.0191,      0.0026,      0.0156,      0.1992,   7692.1953,-422617.7812,  -1115.7354,    548.0973,  25640.6504,
       1,     168,      74,       8,       1,       3,       1,     10.0000,      1.3956,     42.5288,    247.3056,     62.2375,      3.4953,      0.0033,     -0.0277,      2.6298,      0.1264,      5.5538,     11.1076,      1.1174,     28.5382,     57.0764,      0.0191,      0.0021,      0.0156,      0.1992,   7692.1953,-422415.0312,  -1115.6678,    548.1112,  25640.6504,
       1,     168,      74,       9,       1,       3,       1,     10.0000,      1.3956,     42.5288,    247.3056,     62.2375,      3.4953,      0.0982,      0.0673,     14.5254,      0.1275,      5.5538,     11.1076,      1.1265,     28.5382,     57.0764,      0.0191,      0.0015,      0.1210,      0.1992,   7692.1953,-421526.0312,  -1115.3613,    548.1721,  25640.6504,
       1,     168,      74,      10,       1,       3,       1,     10.0000,      1.3956,     42.5288,    247.3056,     62.2375,      3.4953,      0.1646,      0.1328,     28.3163,      0.1494,      5.5538,     11.1076,      1.3205,     28.5382,     57.0764,      0.0191,      0.0016,      0.2156,      0.1992,   7692.1953,-436588.0938,  -1120.6088,    547.1401,  25640.6504,
       1,     168,      74,      11,       1,       3,       1,     10.0000,      1.3956,     42.5288,    247.3056,     62.2375,      3.4953,      0.1887,      0.1559,     35.9379,      0.1780,      5.5538,     11.1076,      1.5733,     28.5382,     57.0764,      0.0191,      0.0018,      0.2500,      0.1992,   7692.1953,-455459.5938,  -1127.1958,    545.8503,  25640.6504,
       1,     168,      74,      12,       1,       3,       1,     10.0000,      1.3956,     42.5288,    247.3056,     62.2375,      3.4953,      0.1897,      0.1558,     51.9900,      0.2155,      5.5538,     11.1076,      1.9041,     28.5382,     57.0764,      0.0191,      0.0026,      0.2500,      0.1992,   7692.1953,-466811.6562,  -1131.1813,    545.0773,  25640.6504,
       1,     168,      74,      13,       1,       3,       1,     10.0000,      1.3956,     42.5288,    247.3056,     62.2375,      3.4953,      0.1910,      0.1566,     70.9016,      0.2340,      5.5538,     11.1076,      2.0674,     28.5382,     57.0764,      0.0191,      0.0035,      0.2500,      0.1992,   7692.1953,-488242.5625,  -1138.7002,    543.6177,  25640.6504,
       1,     168,      74,      14,       1,       3,       1,     10.0000,      1.3956,     42.5288,    247.3056,     62.2375,      3.4953,      0.1897,      0.1552,     54.2968,      0.2372,      5.5538,     11.1076,      2.0958,     28.5382,     57.0764,      0.0191,      0.0027,      0.2500,      0.1992,   7692.1953,-514204.5625,  -1147.8516,    541.8555,  25640.5723,
       1,     168,      74,      15,       1,       3,       1,     10.0000,      1.3956,     42.5288,    247.3056,     62.2375,      3.4953,      0.1932,      0.1589,     98.3621,      0.2310,      5.5538,     11.1076,      2.0413,     28.5382,     57.0764,      0.0191,      0.0049,      0.2500,      0.1991,   7692.1719,-495313.2500,  -1141.5239,    543.1378,  25640.6094,
       1,     168,      74,      16,       1,       3,       1,     10.0000,      1.3956,     42.5288,    247.3056,     62.2375,      3.4953,      0.1951,      0.1610,    166.5439,      0.2232,      5.5538,     11.1076,      1.9725,     28.5382,     57.0764,      0.0191,      0.0084,      0.2450,      0.1992,   7692.1831,-549813.6250,  -1160.6442,    539.4391,  25640.4473,
       1,     168,      74,      17,       1,       3,       1,     10.0000,      1.3956,     42.5288,    247.3056,     62.2375,      3.4953,      0.1868,      0.1530,    217.0946,      0.2111,      5.5538,     11.1076,      1.8651,     28.5382,     57.0764,      0.0191,      0.0118,      0.2269,      0.1991,   7692.1343,-641555.6250,  -1193.1193,    533.2656,  25640.1816,
       1,     168,      74,      18,       1,       3,       1,     10.0000,      1.3956,     42.5288,    247.3056,     62.2375,      3.4953,      0.1763,      0.1428,    230.6199,      0.2013,      5.5538,     11.1076,      1.7790,     28.5382,     57.0764,      0.0191,      0.0135,      0.2100,      0.1989,   7692.0547,-714239.6250,  -1219.5125,    528.4558,  25639.9609,
       1,     168,      74,      19,       1,       3,       1,     10.0000,      1.3956,     42.5288,    247.3056,     62.2375,      3.4953,      0.1365,      0.1033,    167.2072,      0.1895,      5.5538,     11.1076,      1.6748,     28.5382,     57.0764,      0.0191,      0.0130,      0.1587,      0.1988,   7691.9888,-737949.8750,  -1229.2419,    526.9113,  25639.8691,
       1,     168,      74,      20,       1,       3,       1,     10.0000,      1.3956,     42.5288,    247.3056,     62.2375,      3.4953,      0.0115,     -0.0210,     14.3279,      0.1679,      5.5538,     11.1076,      1.4834,     28.5382,     57.0764,      0.0191,      0.0113,      0.0156,      0.1987,   7691.9609,-658861.5625,  -1203.0436,    532.1225,  25640.0605,
       1,     168,      74,      21,       1,       3,       1,     10.0000,      1.3956,     42.5288,    247.3056,     62.2375,      3.4953,      0.0000,     -0.0319,     12.6289,      0.1519,      5.5538,     11.1076,      1.3419,     28.5382,     57.0764,      0.0191,      0.0100,      0.0156,      0.1989,   7692.0186,-456676.3438,  -1132.8474,    545.5968,  25640.6367,
       1,     168,      74,      22,       1,       3,       1,     10.0000,      1.3956,     42.5288,    247.3056,     62.2375,      3.4953,      0.0000,     -0.0316,     11.3360,      0.1445,      5.5538,     11.1076,      1.2773,     28.5382,     57.0764,      0.0191,      0.0090,      0.0156,      0.1992,   7692.1914,-437455.2500,  -1125.8652,    547.0797,  25640.6367,
       1,     168,      74,      23,       1,       3,       1,     10.0000,      1.3956,     42.5288,    247.3056,     62.2375,      3.4953,      0.0000,     -0.0316,     10.0403,      0.1427,      5.5538,     11.1076,      1.2606,     28.5382,     57.0764,      0.0191,      0.0079,      0.0156,      0.1992,   7692.1914,-433922.4062,  -1124.6350,    547.3233,  25640.6367,
       1,     168,      74,      24,       1,       3,       1,     10.0000,      1.3956,     42.5288,    247.3056,     62.2375,      3.4953,      0.0000,     -0.0315,      8.6608,      0.1419,      5.5538,     11.1076,      1.2543,     28.5382,     57.0764,      0.0191,      0.0068,      0.0156,      0.1992,   7692.1914,-431962.8750,  -1123.9557,    547.4574,  25640.6367,
       1,     168,      75,       1,       1,       3,       1,     10.0000,      1.3956,     42.5292,    247.3115,     62.2389,      3.4953,      0.0000,     -0.0315,      7.0046,      0.1394,      5.5542,     11.1083,      1.2317,     28.5463,     57.0926,      0.0191,      0.0055,      0.0156,      0.1992,   7692.1914,-430190.8750,  -1123.8546,    547.5916,  25641.7871,
       1,     168,      75,       2,       1,       3,       1,     10.0000,      1.3956,     42.5292,    247.3115,     62.2389,      3.4953,      0.0000,     -0.0312,      4.7625,      0.1333,      5.5542,     11.1083,      1.1780,     28.5463,     57.0926,      0.0191,      0.0038,      0.0156,      0.1992,   7692.5366,-427775.7500,  -1122.5002,    547.7568,  25641.7871,
       1,     168,      75,       3,       1,       3,       1,     10.0000,      1.3956,     42.5292,    247.3115,     62.2389,      3.4953,      0.0000,     -0.0312,      3.5833,      0.1316,      5.5542,     11.1083,      1.1626,     28.5463,     57.0926,      0.0191,      0.0028,      0.0156,      0.1992,   7692.5366,-424712.0000,  -1121.4270,    547.9667,  25641.7871,
       1,     168,      75,       4,       1,       3,       1,     10.0000,      1.3956,     42.5292,    247.3115,     62.2389,      3.4953,      0.0000,     -0.0311,      2.9037,      0.1301,      5.5542,     11.1083,      1.1497,     28.5463,     57.0926,      0.0191,      0.0023,      0.0156,      0.1992,   7692.5366,-422944.2188,  -1120.8082,    548.0878,  25641.7871,
       1,     168,      75,       5,       1,       3,       1,     10.0000,      1.3956,     42.5292,    247.3115,     62.2389,      3.4953,      0.0000,     -0.0311,      2.6367,      0.1308,      5.5542,     11.1083,      1.1555,     28.5463,     57.0926,      0.0191,      0.0021,      0.0156,      0.1993,   7692.5366,-421925.2812,  -1120.4526,    548.1576,  25641.7871,
       1,     168,      75,       6,       1,       3,       1,     10.0000,      1.3956,     42.5292,    247.3115,     62.2389,      3.4953,      0.0000,     -0.0312,      2.7158,      0.1321,      5.5542,     11.1083,      1.1673,     28.5463,     57.0926,      0.0191,      0.0021,      0.0156,      0.1993,   7692.5366,-421496.5625,  -1120.3043,    548.1870,  25641.7871,
       1,     168,      75,       7,       1,       3,       1,     10.0000,      1.3956,     42.5292,    247.3115,     62.2389,      3.4953,      0.0000,     -0.0312,      2.3982,      0.1317,      5.5542,     11.1083,      1.1638,     28.5463,     57.0926,      0.0191,      0.0019,      0.0156,      0.1993,   7692.5366,-421559.8438,  -1120.3292,    548.1826,  25641.7871,
       1,     168,      75,       8,       1,       3,       1,     10.0000,      1.3956,     42.5292,    247.3115,     62.2389,      3.4953,      0.0050,     -0.0261,      1.9212,      0.1285,      5.5542,     11.1083,      1.1357,     28.5463,     57.0926,      0.0191,      0.0015,      0.0156,      0.1993,   7692.5366,-421161.2188,  -1120.1913,    548.2099,  25641.7871,
       1,     168,      75,       9,       1,       3,       1,     10.0000,      1.3956,     42.5292,    247.3115,     62.2389,      3.4953,      0.1072,      0.0759,     15.2318,      0.1341,      5.5542,     11.1083,      1.1852,     28.5463,     57.0926,      0.0191,      0.0014,      0.1338,      0.1993,   7692.5366,-420519.5000,  -1119.9673,    548.2539,  25641.7871,
       1,     168,      75,      10,       1,       3,       1,     10.0000,      1.3956,     42.5292,    247.3115,     62.2389,      3.4953,      0.1705,      0.1385,     27.1646,      0.1546,      5.5542,     11.1083,      1.3665,     28.5463,     57.0926,      0.0191,      0.0015,      0.2242,      0.1993,   7692.5366,-437401.5625,  -1125.9279,    547.0970,  25641.7871,
       1,     168,      75,      11,       1,       3,       1,     10.0000,      1.3956,     42.5292,    247.3115,     62.2389,      3.4953,      0.1888,      0.1560,     36.7639,      0.1782,      5.5542,     11.1083,      1.5749,     28.5463,     57.0926,      0.0191,      0.0018,      0.2500,      0.1992,   7692.5366,-454065.5000,  -1131.8263,    545.9586,  25641.7871,
       1,     168,      75,      12,       1,       3,       1,     10.0000,      1.3956,     42.5292,    247.3115,     62.2389,      3.4953,      0.1891,      0.1557,     42.4270,      0.1984,      5.5542,     11.1083,      1.7529,     28.5463,     57.0926,      0.0191,      0.0021,      0.2500,      0.1992,   7692.5366,-467740.2188,  -1136.6871,    545.0266,  25641.7852,
       1,     168,      75,      13,       1,       3,       1,     10.0000,      1.3956,     42.5292,    247.3115,     62.2389,      3.4953,      0.1897,      0.1561,     51.5403,      0.2072,      5.5542,     11.1083,      1.8306,     28.5463,     57.0926,      0.0191,      0.0025,      0.2500,      0.1992,   7692.5356,-476142.7188,  -1139.7125,    544.4549,  25641.7852,
       1,     168,      75,      14,       1,       3,       1,     10.0000,      1.3956,     42.5292,    247.3115,     62.2389,      3.4953,      0.1911,      0.1572,     69.9232,      0.2157,      5.5542,     11.1083,      1.9060,     28.5463,     57.0926,      0.0191,      0.0034,      0.2500,      0.1992,   7692.5356,-488480.0312,  -1144.1479,    543.6155,  25641.7852,
       1,     168,      75,      15,       1,       3,       1,     10.0000,      1.3956,     42.5292,    247.3115,     62.2389,      3.4953,      0.1936,      0.1595,    102.4724,      0.2213,      5.5542,     11.1083,      1.9552,     28.5463,     57.0926,      0.0191,      0.0051,      0.2500,      0.1992,   7692.5356,-512970.8125,  -1152.9071,    541.9521,  25641.5098,
       1,     168,      75,      16,       1,       3,       1,     10.0000,      1.3956,     42.5292,    247.3115,     62.2389,      3.4953,      0.1956,      0.1616,    138.6220,      0.2178,      5.5542,     11.1083,      1.9248,     28.5463,     57.0926,      0.0191,      0.0069,      0.2488,      0.1992,   7692.4531,-556616.8125,  -1168.6556,    538.9978,  25641.3770,
       1,     168,      75,      17,       1,       3,       1,     10.0000,      1.3956,     42.5292,    247.3115,     62.2389,      3.4953,      0.1900,      0.1562,    159.2786,      0.2105,      5.5542,     11.1083,      1.8597,     28.5463,     57.0926,      0.0191,      0.0082,      0.2381,      0.1991,   7692.4136,-606545.5625,  -1186.7957,    535.6419,  25641.2324,
       1,     168,      75,      18,       1,       3,       1,     10.0000,      1.3956,     42.5292,    247.3115,     62.2389,      3.4953,      0.1748,      0.1413,    161.9616,      0.2023,      5.5542,     11.1083,      1.7878,     28.5463,     57.0926,      0.0191,      0.0093,      0.2154,      0.1990,   7692.3701,-637289.8750,  -1198.4421,    533.5938,  25641.1289,
       1,     168,      75,      19,       1,       3,       1,     10.0000,      1.3956,     42.5292,    247.3115,     62.2389,      3.4953,      0.1333,      0.1003,    128.5146,      0.1853,      5.5542,     11.1083,      1.6371,     28.5463,     57.0926,      0.0191,      0.0100,      0.1583,      0.1990,   7692.3389,-643402.4375,  -1201.5437,    533.1901,  25641.0938,
       1,     168,      75,      20,       1,       3,       1,     10.0000,      1.3956,     42.5292,    247.3115,     62.2389,      3.4953,      0.0139,     -0.0185,     12.8447,      0.1667,      5.5542,     11.1083,      1.4731,     28.5463,     57.0926,      0.0191,      0.0101,      0.0156,      0.1990,   7692.3286,-601213.8750,  -1187.5087,    536.0021,  25641.1953,
       1,     168,      75,      21,       1,       3,       1,     10.0000,      1.3956,     42.5292,    247.3115,     62.2389,      3.4953,      0.0000,     -0.0320,     12.0004,      0.1542,      5.5542,     11.1083,      1.3623,     28.5463,     57.0926,      0.0191,      0.0095,      0.0156,      0.1990,   7692.3589,-449937.7500,  -1134.3220,    546.1450,  25641.7754,
       1,     168,      75,      22,       1,       3,       1,     10.0000,      1.3956,     42.5292,    247.3115,     62.2389,      3.4953,      0.0000,     -0.0318,     10.6583,      0.1497,      5.5542,     11.1083,      1.3232,     28.5463,     57.0926,      0.0191,      0.0084,      0.0156,      0.1992,   7692.5327,-435976.6875,  -1129.1262,    547.1946,  25641.7754,
       1,     168,      75,      23,       1,       3,       1,     10.0000,      1.3956,     42.5292,    247.3115,     62.2389,      3.4953,      0.0000,     -0.0318,      9.5440,      0.1488,      5.5542,     11.1083,      1.3152,     28.5463,     57.0926,      0.0191,      0.0075,      0.0156,      0.1992,   7692.5327,-432932.6250,  -1128.0565,    547.4039,  25641.7734,
       1,     168,      75,      24,       1,       3,       1,     10.0000,      1.3956,     42.5292,    247.3115,     62.2389,      3.4953,      0.0000,     -0.0318,      7.5699,      0.1490,      5.5542,     11.1083,      1.3165,     28.5463,     57.0926,      0.0191,      0.0060,      0.0156,      0.1992,   7692.5322,-431248.1562,  -1127.4692,    547.5191,  25641.7734,
       1,     168,      76,       1,       1,       3,       1,     10.0000,      1.3956,     42.5295,    247.3173,     62.2404,      3.4953,      0.0000,     -0.0318,      5.8108,      0.1484,      5.5543,     11.1086,      1.3113,     28.5548,     57.1097,      0.0191,      0.0046,      0.0156,      0.1993,   7692.5322,-428743.7188,  -1127.1061,    547.7034,  25642.9258,
       1,     168,      76,       2,       1,       3,       1,     10.0000,      1.3956,     42.5295,    247.3173,     62.2404,      3.4953,      0.0000,     -0.0318,      4.3557,      0.1491,      5.5543,     11.1086,      1.3179,     28.5548,     57.1097,      0.0191,      0.0034,      0.0156,      0.1993,   7692.8779,-426133.7812,  -1125.6669,    547.8821,  25642.9258,
       1,     168,      76,       3,       1,       3,       1,     10.0000,      1.3956,     42.5295,    247.3173,     62.2404,      3.4953,      0.0000,     -0.0319,      3.9392,      0.1507,      5.5543,     11.1086,      1.3312,     28.5548,     57.1097,      0.0191,      0.0031,      0.0156,      0.1993,   7692.8779,-424054.8125,  -1124.9324,    548.0245,  25642.9258,
       1,     168,      76,       4,       1,       3,       1,     10.0000,      1.3956,     42.5295,    247.3173,     62.2404,      3.4953,      0.0000,     -0.0318,      3.7880,      0.1484,      5.5543,     11.1086,      1.3113,     28.5548,     57.1097,      0.0191,      0.0030,      0.0156,      0.1993,   7692.8779,-423343.5938,  -1124.6836,    548.0732,  25642.9258,
       1,     168,      76,       5,       1,       3,       1,     10.0000,      1.3956,     42.5295,    247.3173,     62.2404,      3.4953,      0.0000,     -0.0318,      3.8725,      0.1482,      5.5543,     11.1086,      1.3100,     28.5548,     57.1097,      0.0191,      0.0031,      0.0156,      0.1993,   7692.8779,-423089.1250,  -1124.5972,    548.0907,  25642.9258,
       1,     168,      76,       6,       1,       3,       1,     10.0000,      1.3956,     42.5295,    247.3173,     62.2404,      3.4953,      0.0000,     -0.0319,      3.7208,      0.1508,      5.5543,     11.1086,      1.3326,     28.5548,     57.1097,      0.0191,      0.0029,      0.0156,      0.1993,   7692.8779,-423174.4375,  -1124.6316,    548.0848,  25642.9258,
       1,     168,      76,       7,       1,       3,       1,     10.0000,      1.3956,     42.5295,    247.3173,     62.2404,      3.4953,      0.0000,     -0.0317,      3.6317,      0.1459,      5.5543,     11.1086,      1.2890,     28.5548,     57.1097,      0.0191,      0.0029,      0.0156,      0.1993,   7692.8779,-422988.9062,  -1124.5695,    548.0975,  25642.9258,
       1,     168,      76,       8,       1,       3,       1,     10.0000,      1.3956,     42.5295,    247.3173,     62.2404,      3.4953,      0.0052,     -0.0265,      3.4571,      0.1457,      5.5543,     11.1086,      1.2877,     28.5548,     57.1097,      0.0191,      0.0027,      0.0156,      0.1993,   7692.8779,-422859.4062,  -1124.5272,    548.1064,  25642.9238,
       1,     168,      76,       9,       1,       3,       1,     10.0000,      1.3956,     42.5295,    247.3173,     62.2404,      3.4953,      0.0847,      0.0529,     20.0599,      0.1490,      5.5543,     11.1086,      1.3166,     28.5548,     57.1097,      0.0191,      0.0025,      0.1004,      0.1993,   7692.8774,-422626.2500,  -1124.4493,    548.1224,  25642.9238,
       1,     168,      76,      10,       1,       3,       1,     10.0000,      1.3956,     42.5295,    247.3173,     62.2404,      3.4953,      0.1608,      0.1285,     42.3540,      0.1647,      5.5543,     11.1086,      1.4556,     28.5548,     57.1097,      0.0191,      0.0025,      0.2084,      0.1993,   7692.8774,-443731.5625,  -1131.9775,    546.6764,  25642.9238,
       1,     168,      76,      11,       1,       3,       1,     10.0000,      1.3956,     42.5295,    247.3173,     62.2404,      3.4953,      0.1854,      0.1524,     55.1929,      0.1856,      5.5543,     11.1086,      1.6404,     28.5548,     57.1097,      0.0191,      0.0028,      0.2431,      0.1993,   7692.8774,-473952.5000,  -1142.7755,    544.6132,  25642.9258,
       1,     168,      76,      12,       1,       3,       1,     10.0000,      1.3956,     42.5295,    247.3173,     62.2404,      3.4953,      0.1898,      0.1562,     52.1616,      0.2033,      5.5543,     11.1086,      1.7967,     28.5548,     57.1097,      0.0191,      0.0026,      0.2500,      0.1992,   7692.8779,-492940.7500,  -1149.6176,    543.3244,  25642.9219,
       1,     168,      76,      13,       1,       3,       1,     10.0000,      1.3956,     42.5295,    247.3173,     62.2404,      3.4953,      0.1902,      0.1564,     58.7588,      0.2134,      5.5543,     11.1086,      1.8855,     28.5548,     57.1097,      0.0191,      0.0029,      0.2500,      0.1992,   7692.8770,-490730.3438,  -1148.9550,    543.4761,  25642.9238,
       1,     168,      76,      14,       1,       3,       1,     10.0000,      1.3956,     42.5295,    247.3173,     62.2404,      3.4953,      0.1908,      0.1567,     66.9754,      0.2217,      5.5543,     11.1086,      1.9591,     28.5548,     57.1097,      0.0191,      0.0033,      0.2500,      0.1992,   7692.8774,-498939.1250,  -1152.0031,    542.9183,  25642.9043,
       1,     168,      76,      15,       1,       3,       1,     10.0000,      1.3956,     42.5295,    247.3173,     62.2404,      3.4953,      0.1925,      0.1584,     89.2052,      0.2241,      5.5543,     11.1086,      1.9804,     28.5548,     57.1097,      0.0191,      0.0044,      0.2500,      0.1992,   7692.8716,-510122.5938,  -1156.1431,    542.1597,  25642.5195,
       1,     168,      76,      16,       1,       3,       1,     10.0000,      1.3956,     42.5295,    247.3173,     62.2404,      3.4953,      0.1863,      0.1523,    125.7401,      0.2163,      5.5543,     11.1086,      1.9116,     28.5548,     57.1097,      0.0191,      0.0066,      0.2365,      0.1992,   7692.7563,-539464.3750,  -1166.9841,    540.1718,  25642.4297,
       1,     168,      76,      17,       1,       3,       1,     10.0000,      1.3956,     42.5295,    247.3173,     62.2404,      3.4953,      0.1740,      0.1404,    126.0825,      0.2060,      5.5543,     11.1086,      1.8199,     28.5548,     57.1097,      0.0191,      0.0071,      0.2183,      0.1992,   7692.7290,-588605.7500,  -1184.9203,    536.8573,  25642.2812,
       1,     168,      76,      18,       1,       3,       1,     10.0000,      1.3956,     42.5295,    247.3173,     62.2404,      3.4953,      0.1660,      0.1326,    126.7399,      0.1982,      5.5543,     11.1086,      1.7512,     28.5548,     57.1097,      0.0191,      0.0076,      0.2065,      0.1991,   7692.6846,-593356.3125,  -1187.2870,    536.5486,  25642.2578,
       1,     168,      76,      19,       1,       3,       1,     10.0000,      1.3956,     42.5295,    247.3173,     62.2404,      3.4953,      0.1124,      0.0795,     82.3627,      0.1818,      5.5543,     11.1086,      1.6066,     28.5548,     57.1097,      0.0191,      0.0076,      0.1331,      0.1991,   7692.6777,-594597.6875,  -1188.3884,    536.4655,  25642.2441,
       1,     168,      76,      20,       1,       3,       1,     10.0000,      1.3956,     42.5295,    247.3173,     62.2404,      3.4953,      0.0182,     -0.0144,      2.6834,      0.1696,      5.5543,     11.1086,      1.4984,     28.5548,     57.1097,      0.0191,      0.0071,      0.0047,      0.1991,   7692.6733,-538084.3125,  -1168.7822,    540.2552,  25642.3906,
       1,     168,      76,      21,       1,       3,       1,     10.0000,      1.3956,     42.5295,    247.3173,     62.2404,      3.4953,      0.0000,     -0.0323,      8.6149,      0.1637,      5.5543,     11.1086,      1.4468,     28.5548,     57.1097,      0.0191,      0.0068,      0.0156,      0.1992,   7692.7173,-431641.5000,  -1130.8558,    547.4569,  25642.9141,
       1,     168,      76,      22,       1,       3,       1,     10.0000,      1.3956,     42.5295,    247.3173,     62.2404,      3.4953,      0.0000,     -0.0322,      7.7121,      0.1610,      5.5543,     11.1086,      1.4224,     28.5548,     57.1097,      0.0191,      0.0061,      0.0156,      0.1993,   7692.8745,-430017.4062,  -1130.0497,    547.6163,  25642.9121,
       1,     168,      76,      23,       1,       3,       1,     10.0000,      1.3956,     42.5295,    247.3173,     62.2404,      3.4953,      0.0000,     -0.0321,      6.9300,      0.1579,      5.5543,     11.1086,      1.3956,     28.5548,     57.1097,      0.0191,      0.0055,      0.0156,      0.1993,   7692.8740,-428665.7500,  -1129.5750,    547.7087,  25642.9121,
       1,     168,      76,      24,       1,       3,       1,     10.0000,      1.3956,     42.5295,    247.3173,     62.2404,      3.4953,      0.0000,     -0.0321,      5.7512,      0.1560,      5.5543,     11.1086,      1.3789,     28.5548,     57.1097,      0.0191,      0.0045,      0.0156,      0.1993,   7692.8740,-427552.7812,  -1129.1837,    547.7849,  25642.9121,
       1,     168,      77,       1,       1,       3,       1,     10.0000,      1.3957,     42.5298,    247.3232,     62.2419,      3.4953,      0.0000,     -0.0320,      4.7587,      0.1542,      5.5545,     11.1089,      1.3624,     28.5610,     57.1220,      0.0191,      0.0038,      0.0156,      0.1993,   7692.8740,-426111.0938,  -1129.1965,    547.8965,  25644.0645,
       1,     168,      77,       2,       1,       3,       1,     10.0000,      1.3957,     42.5298,    247.3232,     62.2419,      3.4953,      0.0000,     -0.0319,      4.1148,      0.1517,      5.5545,     11.1089,      1.3407,     28.5610,     57.1220,      0.0191,      0.0033,      0.0156,      0.1993,   7693.2197,-424569.5625,  -1128.1273,    548.0022,  25644.0645,
       1,     168,      77,       3,       1,       3,       1,     10.0000,      1.3957,     42.5298,    247.3232,     62.2419,      3.4953,      0.0000,     -0.0318,      3.5685,      0.1499,      5.5545,     11.1089,      1.3246,     28.5610,     57.1220,      0.0191,      0.0028,      0.0156,      0.1993,   7693.2197,-423615.8438,  -1127.7899,    548.0676,  25644.0645,
       1,     168,      77,       4,       1,       3,       1,     10.0000,      1.3957,     42.5298,    247.3232,     62.2419,      3.4953,      0.0000,     -0.0319,      3.4271,      0.1502,      5.5545,     11.1089,      1.3272,     28.5610,     57.1220,      0.0191,      0.0027,      0.0156,      0.1993,   7693.2197,-422837.6250,  -1127.5149,    548.1208,  25644.0645,
       1,     168,      77,       5,       1,       3,       1,     10.0000,      1.3957,     42.5298,    247.3232,     62.2419,      3.4953,      0.0000,     -0.0317,      3.2450,      0.1468,      5.5545,     11.1089,      1.2968,     28.5610,     57.1220,      0.0191,      0.0026,      0.0156,      0.1993,   7693.2197,-422589.8438,  -1127.4299,    548.1378,  25644.0645,
       1,     168,      77,       6,       1,       3,       1,     10.0000,      1.3957,     42.5298,    247.3232,     62.2419,      3.4953,      0.0000,     -0.0318,      3.2399,      0.1475,      5.5545,     11.1089,      1.3034,     28.5610,     57.1220,      0.0191,      0.0026,      0.0156,      0.1993,   7693.2197,-422336.6250,  -1127.3427,    548.1552,  25644.0645,
       1,     168,      77,       7,       1,       3,       1,     10.0000,      1.3957,     42.5298,    247.3232,     62.2419,      3.4953,      0.0000,     -0.0316,      3.1063,      0.1420,      5.5545,     11.1089,      1.2544,     28.5610,     57.1220,      0.0191,      0.0025,      0.0156,      0.1993,   7693.2197,-422308.1250,  -1127.5194,    548.1572,  25644.0625,
       1,     168,      77,       8,       1,       3,       1,     10.0000,      1.3957,     42.5298,    247.3232,     62.2419,      3.4953,      0.0012,     -0.0302,      2.9006,      0.1380,      5.5545,     11.1089,      1.2194,     28.5610,     57.1220,      0.0191,      0.0023,      0.0156,      0.1993,   7693.2192,-422135.7188,  -1127.5760,    548.1689,  25644.0625,
       1,     168,      77,       9,       1,       3,       1,     10.0000,      1.3957,     42.5298,    247.3232,     62.2419,      3.4953,      0.0395,      0.0079,      7.0059,      0.1412,      5.5545,     11.1089,      1.2481,     28.5610,     57.1220,      0.0191,      0.0024,      0.0363,      0.1993,   7693.2192,-421859.1250,  -1127.9454,    548.1879,  25644.0625,
       1,     168,      77,      10,       1,       3,       1,     10.0000,      1.3957,     42.5298,    247.3232,     62.2419,      3.4953,      0.1230,      0.0909,     26.3727,      0.1556,      5.5545,     11.1089,      1.3748,     28.5610,     57.1220,      0.0191,      0.0021,      0.1551,      0.1993,   7693.2192,-427057.9062,  -1129.8132,    547.8317,  25644.0625,
       1,     168,      77,      11,       1,       3,       1,     10.0000,      1.3957,     42.5298,    247.3232,     62.2419,      3.4953,      0.1077,      0.0753,     25.1131,      0.1664,      5.5545,     11.1089,      1.4702,     28.5610,     57.1220,      0.0191,      0.0023,      0.1329,      0.1993,   7693.2192,-452152.5000,  -1138.8350,    546.1133,  25644.0625,
       1,     168,      77,      12,       1,       3,       1,     10.0000,      1.3957,     42.5298,    247.3232,     62.2419,      3.4953,      0.1823,      0.1494,     46.7252,      0.1815,      5.5545,     11.1089,      1.6034,     28.5610,     57.1220,      0.0191,      0.0024,      0.2394,      0.1993,   7693.2192,-452743.2188,  -1139.0765,    546.0757,  25644.0625,
       1,     168,      77,      13,       1,       3,       1,     10.0000,      1.3957,     42.5298,    247.3232,     62.2419,      3.4953,      0.1885,      0.1553,     34.6459,      0.1909,      5.5545,     11.1089,      1.6866,     28.5610,     57.1220,      0.0191,      0.0017,      0.2500,      0.1993,   7693.2192,-480299.5625,  -1149.0068,    544.1947,  25644.0605,
       1,     168,      77,      14,       1,       3,       1,     10.0000,      1.3957,     42.5298,    247.3232,     62.2419,      3.4953,      0.1885,      0.1550,     35.6623,      0.2027,      5.5545,     11.1089,      1.7914,     28.5610,     57.1220,      0.0191,      0.0018,      0.2500,      0.1993,   7693.2183,-467325.6875,  -1144.4292,    545.0805,  25644.0586,
       1,     168,      77,      15,       1,       3,       1,     10.0000,      1.3957,     42.5298,    247.3232,     62.2419,      3.4953,      0.1905,      0.1567,     61.9740,      0.2111,      5.5545,     11.1089,      1.8653,     28.5610,     57.1220,      0.0191,      0.0031,      0.2500,      0.1993,   7693.2178,-467490.0625,  -1144.5413,    545.0700,  25644.0605,
       1,     168,      77,      16,       1,       3,       1,     10.0000,      1.3957,     42.5298,    247.3232,     62.2419,      3.4953,      0.1581,      0.1247,     61.9804,      0.1960,      5.5545,     11.1089,      1.7323,     28.5610,     57.1220,      0.0191,      0.0038,      0.2022,      0.1993,   7693.2183,-501000.8125,  -1156.6403,    542.7867,  25644.0586,
       1,     168,      77,      17,       1,       3,       1,     10.0000,      1.3957,     42.5298,    247.3232,     62.2419,      3.4953,      0.1529,      0.1198,     69.8074,      0.1899,      5.5545,     11.1089,      1.6783,     28.5610,     57.1220,      0.0191,      0.0044,      0.1938,      0.1992,   7693.2178,-503937.0000,  -1157.8434,    542.5923,  25644.0586,
       1,     168,      77,      18,       1,       3,       1,     10.0000,      1.3957,     42.5298,    247.3232,     62.2419,      3.4953,      0.1176,      0.0847,     55.4760,      0.1793,      5.5545,     11.1089,      1.5844,     28.5610,     57.1220,      0.0191,      0.0048,      0.1437,      0.1992,   7693.2178,-514156.2812,  -1161.6853,    541.8993,  25644.0566,
       1,     168,      77,      19,       1,       3,       1,     10.0000,      1.3957,     42.5298,    247.3232,     62.2419,      3.4953,      0.0708,      0.0382,     34.2562,      0.1721,      5.5545,     11.1089,      1.5210,     28.5610,     57.1220,      0.0191,      0.0054,      0.0779,      0.1992,   7693.2173,-496786.2500,  -1155.6512,    543.0763,  25644.0566,
       1,     168,      77,      20,       1,       3,       1,     10.0000,      1.3957,     42.5298,    247.3232,     62.2419,      3.4953,      0.0081,     -0.0243,      7.5541,      0.1660,      5.5545,     11.1089,      1.4673,     28.5610,     57.1220,      0.0191,      0.0060,      0.0156,      0.1992,   7693.2173,-468254.2500,  -1145.5131,    545.0145,  25644.0547,
       1,     168,      77,      21,       1,       3,       1,     10.0000,      1.3957,     42.5298,    247.3232,     62.2419,      3.4953,      0.0000,     -0.0323,      6.4952,      0.1642,      5.5545,     11.1089,      1.4512,     28.5610,     57.1220,      0.0191,      0.0051,      0.0156,      0.1993,   7693.2168,-431789.4688,  -1132.4395,    547.5022,  25644.0547,
       1,     168,      77,      22,       1,       3,       1,     10.0000,      1.3957,     42.5298,    247.3232,     62.2419,      3.4953,      0.0000,     -0.0322,      6.0096,      0.1603,      5.5545,     11.1089,      1.4168,     28.5610,     57.1220,      0.0191,      0.0047,      0.0156,      0.1993,   7693.2168,-427281.8125,  -1130.8230,    547.8164,  25644.0547,
       1,     168,      77,      23,       1,       3,       1,     10.0000,      1.3957,     42.5298,    247.3232,     62.2419,      3.4953,      0.0000,     -0.0322,      5.2583,      0.1610,      5.5545,     11.1089,      1.4225,     28.5610,     57.1220,      0.0191,      0.0042,      0.0156,      0.1993,   7693.2168,-426264.1250,  -1130.4594,    547.8862,  25644.0547,
       1,     168,      77,      24,       1,       3,       1,     10.0000,      1.3957,     42.5298,    247.3232,     62.2419,      3.4953,      0.0000,     -0.0323,      5.0412,      0.1637,      5.5545,     11.1089,      1.4469,     28.5610,     57.1220,      0.0191,      0.0040,      0.0156,      0.1993,   7693.2168,-425219.4688,  -1130.0856,    547.9576,  25644.0547,
       1,     168,      78,       1,       1,       3,       1,     10.0000,      1.3957,     42.5302,    247.3290,     62.2433,      3.4953,      0.0000,     -0.0323,      4.4461,      0.1639,      5.5555,     11.1109,      1.4484,     28.5593,     57.1185,      0.0191,      0.0035,      0.0156,      0.1993,   7693.2168,-425007.8750,  -1130.5361,    547.9852,  25645.2070,
       1,     168,      78,       2,       1,       3,       1,     10.0000,      1.3957,     42.5302,    247.3290,     62.2433,      3.4953,      0.0000,     -0.0323,      4.2566,      0.1623,      5.5555,     11.1109,      1.4339,     28.5593,     57.1185,      0.0191,      0.0034,      0.0156,      0.1993,   7693.5625,-424079.0312,  -1129.6803,    548.0488,  25645.2070,
       1,     168,      78,       3,       1,       3,       1,     10.0000,      1.3957,     42.5302,    247.3290,     62.2433,      3.4953,      0.0000,     -0.0322,      3.7619,      0.1595,      5.5555,     11.1109,      1.4097,     28.5593,     57.1185,      0.0191,      0.0030,      0.0156,      0.1993,   7693.5625,-423757.0312,  -1129.5660,    548.0709,  25645.2070,
       1,     168,      78,       4,       1,       3,       1,     10.0000,      1.3957,     42.5302,    247.3290,     62.2433,      3.4953,      0.0000,     -0.0322,      3.5720,      0.1595,      5.5555,     11.1109,      1.4097,     28.5593,     57.1185,      0.0191,      0.0028,      0.0156,      0.1993,   7693.5625,-423099.5625,  -1129.3311,    548.1159,  25645.2070,
       1,     168,      78,       5,       1,       3,       1,     10.0000,      1.3957,     42.5302,    247.3290,     62.2433,      3.4953,      0.0000,     -0.0322,      3.6744,      0.1616,      5.5555,     11.1109,      1.4282,     28.5593,     57.1185,      0.0191,      0.0029,      0.0156,      0.1993,   7693.5625,-422800.7188,  -1129.2249,    548.1364,  25645.2070,
       1,     168,      78,       6,       1,       3,       1,     10.0000,      1.3957,     42.5302,    247.3290,     62.2433,      3.4953,      0.0000,     -0.0322,      3.6164,      0.1594,      5.5555,     11.1109,      1.4083,     28.5593,     57.1185,      0.0191,      0.0029,      0.0156,      0.1993,   7693.5625,-422904.9062,  -1129.2638,    548.1292,  25645.2070,
       1,     168,      78,       7,       1,       3,       1,     10.0000,      1.3957,     42.5302,    247.3290,     62.2433,      3.4953,      0.0000,     -0.0321,      3.3283,      0.1561,      5.5555,     11.1109,      1.3790,     28.5593,     57.1185,      0.0191,      0.0026,      0.0156,      0.1993,   7693.5625,-422840.3125,  -1129.2418,    548.1337,  25645.2070,
       1,     168,      78,       8,       1,       3,       1,     10.0000,      1.3957,     42.5302,    247.3290,     62.2433,      3.4953,      0.0028,     -0.0293,      2.9879,      0.1545,      5.5555,     11.1109,      1.3652,     28.5593,     57.1185,      0.0191,      0.0024,      0.0156,      0.1993,   7693.5625,-422468.0625,  -1129.1091,    548.1591,  25645.2070,
       1,     168,      78,       9,       1,       3,       1,     10.0000,      1.3957,     42.5302,    247.3290,     62.2433,      3.4953,      0.0377,      0.0056,      6.4692,      0.1575,      5.5555,     11.1109,      1.3915,     28.5593,     57.1185,      0.0191,      0.0024,      0.0332,      0.1993,   7693.5625,-422002.7188,  -1128.9431,    548.1910,  25645.2070,
       1,     168,      78,      10,       1,       3,       1,     10.0000,      1.3957,     42.5302,    247.3290,     62.2433,      3.4953,      0.1223,      0.0898,     32.6863,      0.1703,      5.5555,     11.1109,      1.5044,     28.5593,     57.1185,      0.0191,      0.0026,      0.1533,      0.1993,   7693.5625,-426390.6250,  -1130.5250,    547.8904,  25645.2070,
       1,     168,      78,      11,       1,       3,       1,     10.0000,      1.3957,     42.5302,    247.3290,     62.2433,      3.4953,      0.1445,      0.1118,     40.5289,      0.1752,      5.5555,     11.1109,      1.5486,     28.5593,     57.1185,      0.0191,      0.0027,      0.1848,      0.1993,   7693.5625,-460125.9688,  -1142.6862,    545.5800,  25645.2070,
       1,     168,      78,      12,       1,       3,       1,     10.0000,      1.3957,     42.5302,    247.3290,     62.2433,      3.4953,      0.1595,      0.1267,     40.5893,      0.1797,      5.5555,     11.1109,      1.5876,     28.5593,     57.1185,      0.0191,      0.0024,      0.2068,      0.1993,   7693.5625,-473060.5938,  -1147.3857,    544.7027,  25645.2051,
       1,     168,      78,      13,       1,       3,       1,     10.0000,      1.3957,     42.5302,    247.3290,     62.2433,      3.4953,      0.1727,      0.1396,     41.7057,      0.1875,      5.5555,     11.1109,      1.6568,     28.5593,     57.1185,      0.0191,      0.0023,      0.2260,      0.1993,   7693.5620,-474258.9688,  -1147.8895,    544.6219,  25645.2051,
       1,     168,      78,      14,       1,       3,       1,     10.0000,      1.3957,     42.5302,    247.3290,     62.2433,      3.4953,      0.1892,      0.1559,     44.2018,      0.1953,      5.5555,     11.1109,      1.7255,     28.5593,     57.1185,      0.0191,      0.0022,      0.2500,      0.1993,   7693.5620,-475783.2500,  -1148.5126,    544.5181,  25645.2031,
       1,     168,      78,      15,       1,       3,       1,     10.0000,      1.3957,     42.5302,    247.3290,     62.2433,      3.4953,      0.1903,      0.1567,     58.3565,      0.2052,      5.5555,     11.1109,      1.8128,     28.5593,     57.1185,      0.0191,      0.0029,      0.2500,      0.1993,   7693.5610,-479093.9062,  -1149.7828,    544.2928,  25645.2031,
       1,     168,      78,      16,       1,       3,       1,     10.0000,      1.3957,     42.5302,    247.3290,     62.2433,      3.4953,      0.1911,      0.1572,     69.4401,      0.2147,      5.5555,     11.1109,      1.8968,     28.5593,     57.1185,      0.0191,      0.0034,      0.2500,      0.1993,   7693.5610,-497403.2188,  -1156.4688,    543.0471,  25645.2012,
       1,     168,      78,      17,       1,       3,       1,     10.0000,      1.3957,     42.5302,    247.3290,     62.2433,      3.4953,      0.1898,      0.1560,     79.4454,      0.2107,      5.5555,     11.1109,      1.8617,     28.5593,     57.1185,      0.0191,      0.0040,      0.2469,      0.1993,   7693.5605,-513114.4062,  -1162.2705,    541.9822,  25645.1973,
       1,     168,      78,      18,       1,       3,       1,     10.0000,      1.3957,     42.5302,    247.3290,     62.2433,      3.4953,      0.1574,      0.1237,     74.1606,      0.2062,      5.5555,     11.1109,      1.8218,     28.5593,     57.1185,      0.0191,      0.0046,      0.1998,      0.1992,   7693.5596,-527225.9375,  -1167.5790,    541.0270,  25645.1992,
       1,     168,      78,      19,       1,       3,       1,     10.0000,      1.3957,     42.5302,    247.3290,     62.2433,      3.4953,      0.0813,      0.0483,     35.2526,      0.1851,      5.5555,     11.1109,      1.6356,     28.5593,     57.1185,      0.0191,      0.0047,      0.0928,      0.1992,   7693.5601,-521718.6875,  -1165.8790,    541.4005,  25645.1992,
       1,     168,      78,      20,       1,       3,       1,     10.0000,      1.3957,     42.5302,    247.3290,     62.2433,      3.4953,      0.0109,     -0.0217,      6.9887,      0.1716,      5.5555,     11.1109,      1.5165,     28.5593,     57.1185,      0.0191,      0.0055,      0.0156,      0.1992,   7693.5601,-471669.3125,  -1148.0609,    544.7876,  25645.1953,
       1,     168,      78,      21,       1,       3,       1,     10.0000,      1.3957,     42.5302,    247.3290,     62.2433,      3.4953,      0.0000,     -0.0324,      7.2110,      0.1664,      5.5555,     11.1109,      1.4703,     28.5593,     57.1185,      0.0191,      0.0057,      0.0156,      0.1993,   7693.5591,-431376.7188,  -1133.5690,    547.5421,  25645.1973,
       1,     168,      78,      22,       1,       3,       1,     10.0000,      1.3957,     42.5302,    247.3290,     62.2433,      3.4953,      0.0000,     -0.0324,      7.7664,      0.1659,      5.5555,     11.1109,      1.4659,     28.5593,     57.1185,      0.0191,      0.0061,      0.0156,      0.1993,   7693.5596,-428161.5625,  -1132.4133,    547.7691,  25645.1953,
       1,     168,      78,      23,       1,       3,       1,     10.0000,      1.3957,     42.5302,    247.3290,     62.2433,      3.4953,      0.0000,     -0.0324,      7.7209,      0.1649,      5.5555,     11.1109,      1.4571,     28.5593,     57.1185,      0.0191,      0.0061,      0.0156,      0.1993,   7693.5591,-428579.4688,  -1132.5684,    547.7406,  25645.1953,
       1,     168,      78,      24,       1,       3,       1,     10.0000,      1.3957,     42.5302,    247.3290,     62.2433,      3.4953,      0.0000,     -0.0323,      5.3576,      0.1639,      5.5555,     11.1109,      1.4484,     28.5593,     57.1185,      0.0191,      0.0042,      0.0156,      0.1993,   7693.5591,-428557.7812,  -1132.5642,    547.7420,  25645.1953,
       1,     168,      79,       1,       1,       3,       1,     10.0000,      1.3957,     42.5305,    247.3349,     62.2448,      3.4953,      0.0000,     -0.0322,      4.0523,      0.1610,      5.5550,     11.1101,      1.4225,     28.5602,     57.1205,      0.0191,      0.0032,      0.0156,      0.1993,   7693.5591,-425705.1875,  -1132.0657,    547.9503,  25646.3516,
       1,     168,      79,       2,       1,       3,       1,     10.0000,      1.3957,     42.5305,    247.3349,     62.2448,      3.4953,      0.0000,     -0.0321,      3.5064,      0.1565,      5.5550,     11.1101,      1.3831,     28.5602,     57.1205,      0.0191,      0.0028,      0.0156,      0.1994,   7693.9058,-423642.6875,  -1130.7970,    548.0916,  25646.3516,
       1,     168,      79,       3,       1,       3,       1,     10.0000,      1.3957,     42.5305,    247.3349,     62.2448,      3.4953,      0.0000,     -0.0319,      3.2370,      0.1514,      5.5550,     11.1101,      1.3380,     28.5602,     57.1205,      0.0191,      0.0026,      0.0156,      0.1994,   7693.9058,-422768.5938,  -1130.4835,    548.1515,  25646.3516,
       1,     168,      79,       4,       1,       3,       1,     10.0000,      1.3957,     42.5305,    247.3349,     62.2448,      3.4953,      0.0000,     -0.0319,      3.2588,      0.1520,      5.5550,     11.1101,      1.3434,     28.5602,     57.1205,      0.0191,      0.0026,      0.0156,      0.1994,   7693.9058,-422349.6250,  -1130.3344,    548.1802,  25646.3516,
       1,     168,      79,       5,       1,       3,       1,     10.0000,      1.3957,     42.5305,    247.3349,     62.2448,      3.4953,      0.0000,     -0.0319,      2.8694,      0.1523,      5.5550,     11.1101,      1.3461,     28.5602,     57.1205,      0.0191,      0.0023,      0.0156,      0.1994,   7693.9058,-422340.9062,  -1130.3330,    548.1808,  25646.3516,
       1,     168,      79,       6,       1,       3,       1,     10.0000,      1.3957,     42.5305,    247.3349,     62.2448,      3.4953,      0.0000,     -0.0320,      2.7034,      0.1533,      5.5550,     11.1101,      1.3543,     28.5602,     57.1205,      0.0191,      0.0021,      0.0156,      0.1994,   7693.9058,-421844.8125,  -1130.1555,    548.2148,  25646.3516,
       1,     168,      79,       7,       1,       3,       1,     10.0000,      1.3957,     42.5305,    247.3349,     62.2448,      3.4953,      0.0000,     -0.0320,      2.4609,      0.1530,      5.5550,     11.1101,      1.3516,     28.5602,     57.1205,      0.0191,      0.0019,      0.0156,      0.1994,   7693.9058,-421590.5000,  -1130.0654,    548.2322,  25646.3516,
       1,     168,      79,       8,       1,       3,       1,     10.0000,      1.3957,     42.5305,    247.3349,     62.2448,      3.4953,      0.0037,     -0.0282,      2.1377,      0.1517,      5.5550,     11.1101,      1.3407,     28.5602,     57.1205,      0.0191,      0.0017,      0.0156,      0.1994,   7693.9058,-421259.7188,  -1129.9471,    548.2548,  25646.3516,
       1,     168,      79,       9,       1,       3,       1,     10.0000,      1.3957,     42.5305,    247.3349,     62.2448,      3.4953,      0.1106,      0.0783,     21.1454,      0.1629,      5.5550,     11.1101,      1.4397,     28.5602,     57.1205,      0.0191,      0.0019,      0.1376,      0.1994,   7693.9058,-420819.9062,  -1129.7897,    548.2850,  25646.3496,
       1,     168,      79,      10,       1,       3,       1,     10.0000,      1.3957,     42.5305,    247.3349,     62.2448,      3.4953,      0.1262,      0.0936,     24.9978,      0.1711,      5.5550,     11.1101,      1.5120,     28.5602,     57.1205,      0.0191,      0.0019,      0.1599,      0.1994,   7693.9053,-444957.9375,  -1138.5210,    546.6307,  25646.3496,
       1,     168,      79,      11,       1,       3,       1,     10.0000,      1.3957,     42.5305,    247.3349,     62.2448,      3.4953,      0.1692,      0.1363,     34.5148,      0.1824,      5.5550,     11.1101,      1.6115,     28.5602,     57.1205,      0.0191,      0.0019,      0.2216,      0.1993,   7693.9053,-451970.2500,  -1141.0800,    546.1541,  25646.3496,
       1,     168,      79,      12,       1,       3,       1,     10.0000,      1.3957,     42.5305,    247.3349,     62.2448,      3.4953,      0.1619,      0.1287,     33.3516,      0.1905,      5.5550,     11.1101,      1.6834,     28.5602,     57.1205,      0.0191,      0.0019,      0.2111,      0.1993,   7693.9053,-464688.3125,  -1145.7096,    545.2859,  25646.3477,
       1,     168,      79,      13,       1,       3,       1,     10.0000,      1.3957,     42.5305,    247.3349,     62.2448,      3.4953,      0.1500,      0.1169,     28.5745,      0.1858,      5.5550,     11.1101,      1.6422,     28.5602,     57.1205,      0.0191,      0.0018,      0.1942,      0.1993,   7693.9048,-464316.3750,  -1145.6271,    545.3121,  25646.3477,
       1,     168,      79,      14,       1,       3,       1,     10.0000,      1.3957,     42.5305,    247.3349,     62.2448,      3.4953,      0.1669,      0.1339,     41.8615,      0.1846,      5.5550,     11.1101,      1.6308,     28.5602,     57.1205,      0.0191,      0.0024,      0.2174,      0.1993,   7693.9048,-458202.9688,  -1143.4677,    545.7288,  25646.3477,
       1,     168,      79,      15,       1,       3,       1,     10.0000,      1.3957,     42.5305,    247.3349,     62.2448,      3.4953,      0.1861,      0.1525,     59.7397,      0.2027,      5.5550,     11.1101,      1.7915,     28.5602,     57.1205,      0.0191,      0.0030,      0.2436,      0.1993,   7693.9048,-474581.1250,  -1149.4315,    544.6117,  25646.3477,
       1,     168,      79,      16,       1,       3,       1,     10.0000,      1.3957,     42.5305,    247.3349,     62.2448,      3.4953,      0.1833,      0.1495,     70.4709,      0.2101,      5.5550,     11.1101,      1.8562,     28.5602,     57.1205,      0.0191,      0.0036,      0.2384,      0.1993,   7693.9048,-498766.4688,  -1158.2556,    542.9663,  25646.3477,
       1,     168,      79,      17,       1,       3,       1,     10.0000,      1.3957,     42.5305,    247.3349,     62.2448,      3.4953,      0.1593,      0.1258,     71.4801,      0.2021,      5.5550,     11.1101,      1.7862,     28.5602,     57.1205,      0.0191,      0.0043,      0.2030,      0.1993,   7693.9048,-514539.5938,  -1164.1122,    541.8983,  25646.3438,
       1,     168,      79,      18,       1,       3,       1,     10.0000,      1.3957,     42.5305,    247.3349,     62.2448,      3.4953,      0.1036,      0.0705,     42.8543,      0.1881,      5.5550,     11.1101,      1.6618,     28.5602,     57.1205,      0.0191,      0.0042,      0.1246,      0.1993,   7693.9033,-517195.4688,  -1165.3058,    541.7194,  25646.3438,
       1,     168,      79,      19,       1,       3,       1,     10.0000,      1.3957,     42.5305,    247.3349,     62.2448,      3.4953,      0.0695,      0.0366,     25.4099,      0.1807,      5.5550,     11.1101,      1.5971,     28.5602,     57.1205,      0.0191,      0.0041,      0.0768,      0.1993,   7693.9033,-480961.2812,  -1152.4238,    544.1731,  25646.3418,
       1,     168,      79,      20,       1,       3,       1,     10.0000,      1.3957,     42.5305,    247.3349,     62.2448,      3.4953,      0.0097,     -0.0228,      6.1835,      0.1714,      5.5550,     11.1101,      1.5150,     28.5602,     57.1205,      0.0191,      0.0049,      0.0156,      0.1993,   7693.9028,-455625.4688,  -1143.3384,    545.9020,  25646.3418,
       1,     168,      79,      21,       1,       3,       1,     10.0000,      1.3957,     42.5305,    247.3349,     62.2448,      3.4953,      0.0000,     -0.0323,      6.9135,      0.1634,      5.5550,     11.1101,      1.4441,     28.5602,     57.1205,      0.0191,      0.0055,      0.0156,      0.1993,   7693.9028,-428957.5625,  -1133.7052,    547.7245,  25646.3398,
       1,     168,      79,      22,       1,       3,       1,     10.0000,      1.3957,     42.5305,    247.3349,     62.2448,      3.4953,      0.0000,     -0.0322,      6.2399,      0.1597,      5.5550,     11.1101,      1.4112,     28.5602,     57.1205,      0.0191,      0.0049,      0.0156,      0.1993,   7693.9023,-427570.7812,  -1133.2098,    547.8225,  25646.3398,
       1,     168,      79,      23,       1,       3,       1,     10.0000,      1.3957,     42.5305,    247.3349,     62.2448,      3.4953,      0.0000,     -0.0321,      4.9449,      0.1572,      5.5550,     11.1101,      1.3887,     28.5602,     57.1205,      0.0191,      0.0039,      0.0156,      0.1994,   7693.9023,-426589.3438,  -1132.8584,    547.8897,  25646.3398,
       1,     168,      79,      24,       1,       3,       1,     10.0000,      1.3957,     42.5305,    247.3349,     62.2448,      3.4953,      0.0000,     -0.0320,      4.4063,      0.1551,      5.5550,     11.1101,      1.3707,     28.5602,     57.1205,      0.0191,      0.0035,      0.0156,      0.1994,   7693.9023,-424856.5000,  -1132.2347,    548.0084,  25646.3398,
       1,     168,      80,       1,       1,       3,       1,     10.0000,      1.3957,     42.5308,    247.3407,     62.2463,      3.4953,      0.0000,     -0.0320,      3.7958,      0.1543,      5.5558,     11.1116,      1.3639,     28.5601,     57.1203,      0.0191,      0.0030,      0.0156,      0.1994,   7693.9023,-424176.1875,  -1132.5190,    548.0682,  25647.4941,
       1,     168,      80,       2,       1,       3,       1,     10.0000,      1.3957,     42.5308,    247.3407,     62.2463,      3.4953,      0.0000,     -0.0321,      2.9156,      0.1561,      5.5558,     11.1116,      1.3790,     28.5601,     57.1203,      0.0191,      0.0023,      0.0156,      0.1994,   7694.2485,-423186.6875,  -1131.6359,    548.1359,  25647.4941,
       1,     168,      80,       3,       1,       3,       1,     10.0000,      1.3957,     42.5308,    247.3407,     62.2463,      3.4953,      0.0000,     -0.0320,      2.5442,      0.1547,      5.5558,     11.1116,      1.3666,     28.5601,     57.1203,      0.0191,      0.0020,      0.0156,      0.1994,   7694.2485,-421981.0625,  -1131.2015,    548.2186,  25647.4941,
       1,     168,      80,       4,       1,       3,       1,     10.0000,      1.3957,     42.5308,    247.3407,     62.2463,      3.4953,      0.0000,     -0.0319,      2.3318,      0.1511,      5.5558,     11.1116,      1.3354,     28.5601,     57.1203,      0.0191,      0.0018,      0.0156,      0.1994,   7694.2485,-421403.5625,  -1130.9940,    548.2581,  25647.4941,
       1,     168,      80,       5,       1,       3,       1,     10.0000,      1.3957,     42.5308,    247.3407,     62.2463,      3.4953,      0.0000,     -0.0318,      2.0091,      0.1480,      5.5558,     11.1116,      1.3074,     28.5601,     57.1203,      0.0191,      0.0016,      0.0156,      0.1994,   7694.2485,-421083.1875,  -1130.8798,    548.2800,  25647.4941,
       1,     168,      80,       6,       1,       3,       1,     10.0000,      1.3957,     42.5308,    247.3407,     62.2463,      3.4953,      0.0000,     -0.0318,      1.8946,      0.1484,      5.5558,     11.1116,      1.3114,     28.5601,     57.1203,      0.0191,      0.0015,      0.0156,      0.1994,   7694.2485,-420644.8438,  -1130.7223,    548.3101,  25647.4922,
       1,     168,      80,       7,       1,       3,       1,     10.0000,      1.3957,     42.5308,    247.3407,     62.2463,      3.4953,      0.0000,     -0.0319,      1.9305,      0.1507,      5.5558,     11.1116,      1.3314,     28.5601,     57.1203,      0.0191,      0.0015,      0.0156,      0.1994,   7694.2480,-420461.3750,  -1130.6589,    548.3226,  25647.4922,
       1,     168,      80,       8,       1,       3,       1,     10.0000,      1.3957,     42.5308,    247.3407,     62.2463,      3.4953,      0.0026,     -0.0292,      1.7473,      0.1501,      5.5558,     11.1116,      1.3260,     28.5601,     57.1203,      0.0191,      0.0014,      0.0156,      0.1994,   7694.2480,-420491.0938,  -1130.6707,    548.3206,  25647.4922,
       1,     168,      80,       9,       1,       3,       1,     10.0000,      1.3957,     42.5308,    247.3407,     62.2463,      3.4953,      0.0506,      0.0186,      5.1341,      0.1568,      5.5558,     11.1116,      1.3860,     28.5601,     57.1203,      0.0191,      0.0012,      0.0522,      0.1994,   7694.2480,-420260.5938,  -1130.5886,    548.3364,  25647.4922,
       1,     168,      80,      10,       1,       3,       1,     10.0000,      1.3957,     42.5308,    247.3407,     62.2463,      3.4953,      0.1180,      0.0856,     13.7469,      0.1677,      5.5558,     11.1116,      1.4821,     28.5601,     57.1203,      0.0191,      0.0011,      0.1492,      0.1994,   7694.2480,-424547.7500,  -1132.1447,    548.0426,  25647.4922,
       1,     168,      80,      11,       1,       3,       1,     10.0000,      1.3957,     42.5308,    247.3407,     62.2463,      3.4953,      0.1798,      0.1465,     23.9141,      0.1932,      5.5558,     11.1116,      1.7069,     28.5601,     57.1203,      0.0191,      0.0012,      0.2384,      0.1994,   7694.2480,-435875.6875,  -1136.2568,    547.2666,  25647.4922,
       1,     168,      80,      12,       1,       3,       1,     10.0000,      1.3957,     42.5308,    247.3407,     62.2463,      3.4953,      0.1835,      0.1497,     29.3787,      0.2107,      5.5558,     11.1116,      1.8617,     28.5601,     57.1203,      0.0191,      0.0015,      0.2434,      0.1994,   7694.2480,-449797.2500,  -1141.3175,    546.3148,  25647.4922,
       1,     168,      80,      13,       1,       3,       1,     10.0000,      1.3957,     42.5308,    247.3407,     62.2463,      3.4953,      0.1726,      0.1388,     30.4183,      0.2121,      5.5558,     11.1116,      1.8746,     28.5601,     57.1203,      0.0191,      0.0016,      0.2273,      0.1994,   7694.2480,-457963.7500,  -1144.3049,    545.7580,  25647.4922,
       1,     168,      80,      14,       1,       3,       1,     10.0000,      1.3957,     42.5308,    247.3407,     62.2463,      3.4953,      0.0852,      0.0523,     14.0834,      0.1833,      5.5558,     11.1116,      1.6195,     28.5601,     57.1203,      0.0191,      0.0017,      0.1010,      0.1994,   7694.2480,-459996.8125,  -1145.0784,    545.6195,  25647.4902,
       1,     168,      80,      15,       1,       3,       1,     10.0000,      1.3957,     42.5308,    247.3407,     62.2463,      3.4953,      0.1775,      0.1442,     40.9458,      0.1959,      5.5558,     11.1116,      1.7307,     28.5601,     57.1203,      0.0191,      0.0022,      0.2332,      0.1993,   7694.2476,-439387.5625,  -1137.6462,    547.0252,  25647.4922,
       1,     168,      80,      16,       1,       3,       1,     10.0000,      1.3957,     42.5308,    247.3407,     62.2463,      3.4953,      0.1106,      0.0775,     41.1969,      0.1857,      5.5558,     11.1116,      1.6406,     28.5601,     57.1203,      0.0191,      0.0038,      0.1350,      0.1994,   7694.2480,-471771.3750,  -1149.4115,    544.8126,  25647.4902,
       1,     168,      80,      17,       1,       3,       1,     10.0000,      1.3957,     42.5308,    247.3407,     62.2463,      3.4953,      0.0958,      0.0630,     45.4951,      0.1790,      5.5558,     11.1116,      1.5813,     28.5601,     57.1203,      0.0191,      0.0050,      0.1129,      0.1993,   7694.2476,-474920.2500,  -1150.6222,    544.6027,  25647.4902,
       1,     168,      80,      18,       1,       3,       1,     10.0000,      1.3957,     42.5308,    247.3407,     62.2463,      3.4953,      0.0881,      0.0553,     50.9509,      0.1784,      5.5558,     11.1116,      1.5766,     28.5601,     57.1203,      0.0191,      0.0062,      0.1011,      0.1993,   7694.2476,-480659.0625,  -1152.7820,    544.2120,  25647.4883,
       1,     168,      80,      19,       1,       3,       1,     10.0000,      1.3957,     42.5308,    247.3407,     62.2463,      3.4953,      0.0511,      0.0184,     18.1194,      0.1772,      5.5558,     11.1116,      1.5657,     28.5601,     57.1203,      0.0191,      0.0044,      0.0508,      0.1993,   7694.2466,-488103.0625,  -1155.5759,    543.7059,  25647.4883,
       1,     168,      80,      20,       1,       3,       1,     10.0000,      1.3957,     42.5308,    247.3407,     62.2463,      3.4953,      0.0032,     -0.0293,      4.9033,      0.1696,      5.5558,     11.1116,      1.4985,     28.5601,     57.1203,      0.0191,      0.0039,      0.0156,      0.1993,   7694.2466,-446954.0938,  -1140.7491,    546.5026,  25647.4863,
       1,     168,      80,      21,       1,       3,       1,     10.0000,      1.3957,     42.5308,    247.3407,     62.2463,      3.4953,      0.0000,     -0.0320,      4.7478,      0.1553,      5.5558,     11.1116,      1.3721,     28.5601,     57.1203,      0.0191,      0.0038,      0.0156,      0.1994,   7694.2461,-426585.7812,  -1133.3810,    547.9013,  25647.4863,
       1,     168,      80,      22,       1,       3,       1,     10.0000,      1.3957,     42.5308,    247.3407,     62.2463,      3.4953,      0.0000,     -0.0319,      4.3411,      0.1502,      5.5558,     11.1116,      1.3273,     28.5601,     57.1203,      0.0191,      0.0034,      0.0156,      0.1994,   7694.2461,-424610.5625,  -1132.9728,    548.0384,  25647.4863,
       1,     168,      80,      23,       1,       3,       1,     10.0000,      1.3957,     42.5308,    247.3407,     62.2463,      3.4953,      0.0000,     -0.0319,      3.9757,      0.1523,      5.5558,     11.1116,      1.3462,     28.5601,     57.1203,      0.0191,      0.0031,      0.0156,      0.1994,   7694.2461,-423918.9688,  -1132.7238,    548.0858,  25647.4863,
       1,     168,      80,      24,       1,       3,       1,     10.0000,      1.3957,     42.5308,    247.3407,     62.2463,      3.4953,      0.0000,     -0.0319,      3.5131,      0.1520,      5.5558,     11.1116,      1.3435,     28.5601,     57.1203,      0.0191,      0.0028,      0.0156,      0.1994,   7694.2461,-423393.9375,  -1132.5344,    548.1217,  25647.4863,
       1,     168,      81,       1,       1,       3,       1,     10.0000,      1.3958,     42.5312,    247.3465,     62.2478,      3.4953,      0.0000,     -0.0320,      2.8541,      0.1533,      5.5562,     11.1125,      1.3543,     28.5531,     57.1062,      0.0191,      0.0023,      0.0156,      0.1994,   7694.2461,-422915.6250,  -1132.8907,    548.1675,  25648.6367,
       1,     168,      81,       2,       1,       3,       1,     10.0000,      1.3958,     42.5312,    247.3465,     62.2478,      3.4953,      0.0000,     -0.0319,      1.5269,      0.1519,      5.5562,     11.1125,      1.3421,     28.5531,     57.1062,      0.0191,      0.0012,      0.0156,      0.1994,   7694.5913,-421882.8438,  -1131.9904,    548.2382,  25648.6367,
       1,     168,      81,       3,       1,       3,       1,     10.0000,      1.3958,     42.5312,    247.3465,     62.2478,      3.4953,      0.0000,     -0.0319,      0.7537,      0.1505,      5.5562,     11.1125,      1.3300,     28.5531,     57.1062,      0.0191,      0.0006,      0.0156,      0.1994,   7694.5913,-420105.2500,  -1131.5303,    548.3600,  25648.6367,
       1,     168,      81,       4,       1,       3,       1,     10.0000,      1.3958,     42.5312,    247.3465,     62.2478,      3.4953,      0.0000,     -0.0320,      0.7548,      0.1533,      5.5562,     11.1125,      1.3543,     28.5531,     57.1062,      0.0191,      0.0006,      0.0156,      0.1994,   7694.5913,-418967.0625,  -1131.1185,    548.4382,  25648.6367,
       1,     168,      81,       5,       1,       3,       1,     10.0000,      1.3958,     42.5312,    247.3465,     62.2478,      3.4953,      0.0000,     -0.0319,      0.8129,      0.1507,      5.5562,     11.1125,      1.3314,     28.5531,     57.1062,      0.0191,      0.0006,      0.0156,      0.1994,   7694.5913,-418869.0938,  -1131.0834,    548.4448,  25648.6367,
       1,     168,      81,       6,       1,       3,       1,     10.0000,      1.3958,     42.5312,    247.3465,     62.2478,      3.4953,      0.0000,     -0.0318,      0.9070,      0.1487,      5.5562,     11.1125,      1.3141,     28.5531,     57.1062,      0.0191,      0.0007,      0.0156,      0.1994,   7694.5913,-418934.5938,  -1131.1072,    548.4404,  25648.6367,
       1,     168,      81,       7,       1,       3,       1,     10.0000,      1.3958,     42.5312,    247.3465,     62.2478,      3.4953,      0.0000,     -0.0318,      1.0156,      0.1498,      5.5562,     11.1125,      1.3234,     28.5531,     57.1062,      0.0191,      0.0008,      0.0156,      0.1994,   7694.5913,-419059.8125,  -1131.1532,    548.4318,  25648.6367,
       1,     168,      81,       8,       1,       3,       1,     10.0000,      1.3958,     42.5312,    247.3465,     62.2478,      3.4953,      0.0027,     -0.0292,      1.1438,      0.1508,      5.5562,     11.1125,      1.3327,     28.5531,     57.1062,      0.0191,      0.0009,      0.0156,      0.1994,   7694.5913,-419208.8125,  -1131.2074,    548.4215,  25648.6367,
       1,     168,      81,       9,       1,       3,       1,     10.0000,      1.3958,     42.5312,    247.3465,     62.2478,      3.4953,      0.0519,      0.0199,      5.4468,      0.1545,      5.5562,     11.1125,      1.3653,     28.5531,     57.1062,      0.0191,      0.0012,      0.0541,      0.1994,   7694.5913,-419384.9062,  -1131.2716,    548.4095,  25648.6367,
       1,     168,      81,      10,       1,       3,       1,     10.0000,      1.3958,     42.5312,    247.3465,     62.2478,      3.4953,      0.1545,      0.1221,     21.9862,      0.1682,      5.5562,     11.1125,      1.4866,     28.5531,     57.1062,      0.0191,      0.0013,      0.2016,      0.1994,   7694.5913,-424871.8438,  -1133.2637,    548.0333,  25648.6367,
       1,     168,      81,      11,       1,       3,       1,     10.0000,      1.3958,     42.5312,    247.3465,     62.2478,      3.4953,      0.1852,      0.1522,     27.7325,      0.1866,      5.5562,     11.1125,      1.6488,     28.5531,     57.1062,      0.0191,      0.0014,      0.2459,      0.1994,   7694.5913,-446383.3750,  -1141.0790,    546.5598,  25648.6367,
       1,     168,      81,      12,       1,       3,       1,     10.0000,      1.3958,     42.5312,    247.3465,     62.2478,      3.4953,      0.1881,      0.1546,     29.3503,      0.1998,      5.5562,     11.1125,      1.7653,     28.5531,     57.1062,      0.0191,      0.0014,      0.2500,      0.1994,   7694.5913,-455572.5312,  -1144.4358,    545.9340,  25648.6367,
       1,     168,      81,      13,       1,       3,       1,     10.0000,      1.3958,     42.5312,    247.3465,     62.2478,      3.4953,      0.1881,      0.1543,     31.5978,      0.2128,      5.5562,     11.1125,      1.8802,     28.5531,     57.1062,      0.0191,      0.0016,      0.2500,      0.1994,   7694.5913,-458428.9062,  -1145.5018,    545.7395,  25648.6348,
       1,     168,      81,      14,       1,       3,       1,     10.0000,      1.3958,     42.5312,    247.3465,     62.2478,      3.4953,      0.1663,      0.1329,     36.5821,      0.1982,      5.5562,     11.1125,      1.7514,     28.5531,     57.1062,      0.0191,      0.0021,      0.2172,      0.1994,   7694.5908,-461536.8125,  -1146.6646,    545.5275,  25648.6348,
       1,     168,      81,      15,       1,       3,       1,     10.0000,      1.3958,     42.5312,    247.3465,     62.2478,      3.4953,      0.1838,      0.1502,     66.9340,      0.2042,      5.5562,     11.1125,      1.8040,     28.5531,     57.1062,      0.0191,      0.0034,      0.2394,      0.1994,   7694.5908,-468148.9375,  -1149.1108,    545.0766,  25648.6348,
       1,     168,      81,      16,       1,       3,       1,     10.0000,      1.3958,     42.5312,    247.3465,     62.2478,      3.4953,      0.1611,      0.1279,     68.2668,      0.1934,      5.5562,     11.1125,      1.7086,     28.5531,     57.1062,      0.0191,      0.0041,      0.2060,      0.1994,   7694.5908,-507347.4062,  -1163.4106,    542.4060,  25648.6348,
       1,     168,      81,      17,       1,       3,       1,     10.0000,      1.3958,     42.5312,    247.3465,     62.2478,      3.4953,      0.1216,      0.0890,     64.3491,      0.1739,      5.5562,     11.1125,      1.5364,     28.5531,     57.1062,      0.0191,      0.0053,      0.1486,      0.1993,   7694.5908,-512470.1875,  -1165.4703,    542.0652,  25648.6328,
       1,     168,      81,      18,       1,       3,       1,     10.0000,      1.3958,     42.5312,    247.3465,     62.2478,      3.4953,      0.1384,      0.1053,     79.5642,      0.1894,      5.5562,     11.1125,      1.6735,     28.5531,     57.1062,      0.0191,      0.0057,      0.1714,      0.1993,   7694.5903,-507918.2500,  -1164.0452,    542.3738,  25648.6309,
       1,     168,      81,      19,       1,       3,       1,     10.0000,      1.3958,     42.5312,    247.3465,     62.2478,      3.4953,      0.0823,      0.0495,     39.7713,      0.1804,      5.5562,     11.1125,      1.5940,     28.5531,     57.1062,      0.0191,      0.0052,      0.0939,      0.1993,   7694.5894,-526896.6875,  -1171.1586,    541.0872,  25648.6270,
       1,     168,      81,      20,       1,       3,       1,     10.0000,      1.3958,     42.5312,    247.3465,     62.2478,      3.4953,      0.0131,     -0.0195,      8.0518,      0.1704,      5.5562,     11.1125,      1.5060,     28.5531,     57.1062,      0.0191,      0.0064,      0.0156,      0.1993,   7694.5884,-477865.5625,  -1153.6106,    544.4050,  25648.6289,
       1,     168,      81,      21,       1,       3,       1,     10.0000,      1.3958,     42.5312,    247.3465,     62.2478,      3.4953,      0.0000,     -0.0323,      7.1593,      0.1642,      5.5562,     11.1125,      1.4514,     28.5531,     57.1062,      0.0191,      0.0057,      0.0156,      0.1994,   7694.5889,-433271.4062,  -1137.4526,    547.4499,  25648.6289,
       1,     168,      81,      22,       1,       3,       1,     10.0000,      1.3958,     42.5312,    247.3465,     62.2478,      3.4953,      0.0000,     -0.0323,      4.8827,      0.1624,      5.5562,     11.1125,      1.4355,     28.5531,     57.1062,      0.0191,      0.0039,      0.0156,      0.1994,   7694.5889,-428271.5625,  -1135.6383,    547.8005,  25648.6289,
       1,     168,      81,      23,       1,       3,       1,     10.0000,      1.3958,     42.5312,    247.3465,     62.2478,      3.4953,      0.0000,     -0.0322,      6.0172,      0.1615,      5.5562,     11.1125,      1.4269,     28.5531,     57.1062,      0.0191,      0.0048,      0.0156,      0.1994,   7694.5889,-424930.3750,  -1134.4253,    548.0294,  25648.6270,
       1,     168,      81,      24,       1,       3,       1,     10.0000,      1.3958,     42.5312,    247.3465,     62.2478,      3.4953,      0.0000,     -0.0323,      5.7700,      0.1624,      5.5562,     11.1125,      1.4355,     28.5531,     57.1062,      0.0191,      0.0046,      0.0156,      0.1994,   7694.5884,-426082.0312,  -1134.8455,    547.9506,  25648.6270,
       1,     168,      82,       1,       1,       3,       1,     10.0000,      1.3958,     42.5315,    247.3524,     62.2492,      3.4953,      0.0000,     -0.0323,      4.5158,      0.1628,      5.5553,     11.1106,      1.4384,     28.5538,     57.1077,      0.0191,      0.0036,      0.0156,      0.1994,   7694.5884,-426023.0000,  -1135.3542,    547.9675,  25649.7793,
       1,     168,      82,       2,       1,       3,       1,     10.0000,      1.3958,     42.5315,    247.3524,     62.2492,      3.4953,      0.0000,     -0.0322,      3.7347,      0.1608,      5.5553,     11.1106,      1.4212,     28.5538,     57.1077,      0.0191,      0.0030,      0.0156,      0.1994,   7694.9341,-424270.2188,  -1134.1896,    548.0875,  25649.7793,
       1,     168,      82,       3,       1,       3,       1,     10.0000,      1.3958,     42.5315,    247.3524,     62.2492,      3.4953,      0.0000,     -0.0322,      3.4716,      0.1610,      5.5553,     11.1106,      1.4226,     28.5538,     57.1077,      0.0191,      0.0027,      0.0156,      0.1994,   7694.9341,-423124.4062,  -1133.7738,    548.1661,  25649.7793,
       1,     168,      82,       4,       1,       3,       1,     10.0000,      1.3958,     42.5315,    247.3524,     62.2492,      3.4953,      0.0000,     -0.0322,      3.2870,      0.1600,      5.5553,     11.1106,      1.4141,     28.5538,     57.1077,      0.0191,      0.0026,      0.0156,      0.1994,   7694.9341,-422689.8125,  -1133.6167,    548.1958,  25649.7793,
       1,     168,      82,       5,       1,       3,       1,     10.0000,      1.3958,     42.5315,    247.3524,     62.2492,      3.4953,      0.0000,     -0.0321,      3.3067,      0.1584,      5.5553,     11.1106,      1.4000,     28.5538,     57.1077,      0.0191,      0.0026,      0.0156,      0.1994,   7694.9341,-422417.4062,  -1133.5182,    548.2145,  25649.7793,
       1,     168,      82,       6,       1,       3,       1,     10.0000,      1.3958,     42.5315,    247.3524,     62.2492,      3.4953,      0.0000,     -0.0321,      3.2792,      0.1584,      5.5553,     11.1106,      1.4000,     28.5538,     57.1077,      0.0191,      0.0026,      0.0156,      0.1994,   7694.9341,-422418.5938,  -1133.5197,    548.2144,  25649.7793,
       1,     168,      82,       7,       1,       3,       1,     10.0000,      1.3958,     42.5315,    247.3524,     62.2492,      3.4953,      0.0000,     -0.0322,      3.2109,      0.1591,      5.5553,     11.1106,      1.4056,     28.5538,     57.1077,      0.0191,      0.0025,      0.0156,      0.1994,   7694.9341,-422383.8125,  -1133.5076,    548.2168,  25649.7793,
       1,     168,      82,       8,       1,       3,       1,     10.0000,      1.3958,     42.5315,    247.3524,     62.2492,      3.4953,      0.0052,     -0.0271,      3.3304,      0.1610,      5.5553,     11.1106,      1.4226,     28.5538,     57.1077,      0.0191,      0.0026,      0.0156,      0.1994,   7694.9341,-422293.9688,  -1133.4758,    548.2230,  25649.7793,
       1,     168,      82,       9,       1,       3,       1,     10.0000,      1.3958,     42.5315,    247.3524,     62.2492,      3.4953,      0.0920,      0.0596,     24.4004,      0.1676,      5.5553,     11.1106,      1.4807,     28.5538,     57.1077,      0.0191,      0.0027,      0.1101,      0.1994,   7694.9341,-422438.0625,  -1133.5291,    548.2131,  25649.7793,
       1,     168,      82,      10,       1,       3,       1,     10.0000,      1.3958,     42.5315,    247.3524,     62.2492,      3.4953,      0.1659,      0.1330,     49.3150,      0.1809,      5.5553,     11.1106,      1.5988,     28.5538,     57.1077,      0.0191,      0.0028,      0.2150,      0.1994,   7694.9341,-449240.7500,  -1143.2982,    546.3763,  25649.7793,
       1,     168,      82,      11,       1,       3,       1,     10.0000,      1.3958,     42.5315,    247.3524,     62.2492,      3.4953,      0.1555,      0.1224,     48.3917,      0.1864,      5.5553,     11.1106,      1.6472,     28.5538,     57.1077,      0.0191,      0.0030,      0.2000,      0.1994,   7694.9341,-483275.1562,  -1155.7266,    544.0550,  25649.7773,
       1,     168,      82,      12,       1,       3,       1,     10.0000,      1.3958,     42.5315,    247.3524,     62.2492,      3.4953,      0.1366,      0.1037,     42.0157,      0.1820,      5.5553,     11.1106,      1.6084,     28.5538,     57.1077,      0.0191,      0.0030,      0.1730,      0.1994,   7694.9336,-485070.7188,  -1156.4778,    543.9377,  25649.7773,
       1,     168,      82,      13,       1,       3,       1,     10.0000,      1.3958,     42.5315,    247.3524,     62.2492,      3.4953,      0.1498,      0.1168,     46.7810,      0.1833,      5.5553,     11.1106,      1.6196,     28.5538,     57.1077,      0.0191,      0.0030,      0.1918,      0.1994,   7694.9336,-477105.9688,  -1153.6787,    544.4794,  25649.7734,
       1,     168,      82,      14,       1,       3,       1,     10.0000,      1.3958,     42.5315,    247.3524,     62.2492,      3.4953,      0.1887,      0.1556,     66.6290,      0.1886,      5.5553,     11.1106,      1.6669,     28.5538,     57.1077,      0.0191,      0.0033,      0.2466,      0.1994,   7694.9321,-482479.0938,  -1155.7240,    544.1139,  25649.7715,
       1,     168,      82,      15,       1,       3,       1,     10.0000,      1.3958,     42.5315,    247.3524,     62.2492,      3.4953,      0.1716,      0.1388,     69.6908,      0.1793,      5.5553,     11.1106,      1.5846,     28.5538,     57.1077,      0.0191,      0.0039,      0.2210,      0.1994,   7694.9316,-508205.5938,  -1165.2037,    542.3643,  25649.7754,
       1,     168,      82,      16,       1,       3,       1,     10.0000,      1.3958,     42.5315,    247.3524,     62.2492,      3.4953,      0.1706,      0.1379,     81.4904,      0.1784,      5.5553,     11.1106,      1.5767,     28.5538,     57.1077,      0.0191,      0.0046,      0.2183,      0.1993,   7694.9331,-514345.8750,  -1167.6521,    541.9508,  25649.7734,
       1,     168,      82,      17,       1,       3,       1,     10.0000,      1.3958,     42.5315,    247.3524,     62.2492,      3.4953,      0.1755,      0.1426,     78.3259,      0.1838,      5.5553,     11.1106,      1.6244,     28.5538,     57.1077,      0.0191,      0.0043,      0.2259,      0.1993,   7694.9321,-529899.9375,  -1173.5760,    540.8973,  25649.7715,
       1,     168,      82,      18,       1,       3,       1,     10.0000,      1.3958,     42.5315,    247.3524,     62.2492,      3.4953,      0.1275,      0.0946,     52.3239,      0.1815,      5.5553,     11.1106,      1.6036,     28.5538,     57.1077,      0.0191,      0.0041,      0.1585,      0.1993,   7694.9316,-527222.6875,  -1172.9232,    541.0793,  25649.7695,
       1,     168,      82,      19,       1,       3,       1,     10.0000,      1.3958,     42.5315,    247.3524,     62.2492,      3.4953,      0.0821,      0.0494,     28.2725,      0.1772,      5.5553,     11.1106,      1.5658,     28.5538,     57.1077,      0.0191,      0.0037,      0.0950,      0.1993,   7694.9312,-493874.9062,  -1161.0455,    543.3348,  25649.7695,
       1,     168,      82,      20,       1,       3,       1,     10.0000,      1.3958,     42.5315,    247.3524,     62.2492,      3.4953,      0.0124,     -0.0202,      3.7845,      0.1723,      5.5553,     11.1106,      1.5227,     28.5538,     57.1077,      0.0191,      0.0030,      0.0156,      0.1994,   7694.9312,-460382.4375,  -1148.9410,    545.6143,  25649.7695,
       1,     168,      82,      21,       1,       3,       1,     10.0000,      1.3958,     42.5315,    247.3524,     62.2492,      3.4953,      0.0000,     -0.0325,      3.6793,      0.1698,      5.5553,     11.1106,      1.5001,     28.5538,     57.1077,      0.0191,      0.0029,      0.0156,      0.1994,   7694.9312,-426328.4375,  -1136.5247,    547.9416,  25649.7676,
       1,     168,      82,      22,       1,       3,       1,     10.0000,      1.3958,     42.5315,    247.3524,     62.2492,      3.4953,      0.0000,     -0.0325,      4.3615,      0.1698,      5.5553,     11.1106,      1.5001,     28.5538,     57.1077,      0.0191,      0.0034,      0.0156,      0.1994,   7694.9307,-423240.7188,  -1135.4000,    548.1580,  25649.7656,
       1,     168,      82,      23,       1,       3,       1,     10.0000,      1.3958,     42.5315,    247.3524,     62.2492,      3.4953,      0.0000,     -0.0324,      4.5315,      0.1661,      5.5553,     11.1106,      1.4675,     28.5538,     57.1077,      0.0191,      0.0036,      0.0156,      0.1994,   7694.9302,-423833.2812,  -1135.6193,    548.1175,  25649.7656,
       1,     168,      82,      24,       1,       3,       1,     10.0000,      1.3958,     42.5315,    247.3524,     62.2492,      3.4953,      0.0000,     -0.0324,      4.5037,      0.1674,      5.5553,     11.1106,      1.4792,     28.5538,     57.1077,      0.0191,      0.0036,      0.0156,      0.1994,   7694.9302,-424101.0000,  -1135.7184,    548.0992,  25649.7656,
       1,     168,      83,       1,       1,       3,       1,     10.0000,      1.3958,     42.5318,    247.3582,     62.2507,      3.4953,      0.0000,     -0.0325,      3.8088,      0.1681,      5.5561,     11.1121,      1.4852,     28.5546,     57.1092,      0.0191,      0.0030,      0.0156,      0.1995,   7694.9302,-424244.1250,  -1136.3032,    548.1023,  25650.9160,
       1,     168,      83,       2,       1,       3,       1,     10.0000,      1.3958,     42.5318,    247.3582,     62.2507,      3.4953,      0.0000,     -0.0324,      3.6356,      0.1671,      5.5561,     11.1121,      1.4763,     28.5546,     57.1092,      0.0191,      0.0029,      0.0156,      0.1995,   7695.2749,-423220.0312,  -1135.3997,    548.1724,  25650.9160,
       1,     168,      83,       3,       1,       3,       1,     10.0000,      1.3958,     42.5318,    247.3582,     62.2507,      3.4953,      0.0000,     -0.0323,      3.8556,      0.1629,      5.5561,     11.1121,      1.4399,     28.5546,     57.1092,      0.0191,      0.0030,      0.0156,      0.1995,   7695.2749,-422910.7812,  -1135.2881,    548.1937,  25650.9160,
       1,     168,      83,       4,       1,       3,       1,     10.0000,      1.3958,     42.5318,    247.3582,     62.2507,      3.4953,      0.0000,     -0.0323,      3.8132,      0.1618,      5.5561,     11.1121,      1.4298,     28.5546,     57.1092,      0.0191,      0.0030,      0.0156,      0.1995,   7695.2749,-423163.4375,  -1135.3818,    548.1764,  25650.9160,
       1,     168,      83,       5,       1,       3,       1,     10.0000,      1.3958,     42.5318,    247.3582,     62.2507,      3.4953,      0.0000,     -0.0321,      3.6578,      0.1559,      5.5561,     11.1121,      1.3777,     28.5546,     57.1092,      0.0191,      0.0029,      0.0156,      0.1995,   7695.2749,-423131.5312,  -1135.3712,    548.1785,  25650.9160,
       1,     168,      83,       6,       1,       3,       1,     10.0000,      1.3958,     42.5318,    247.3582,     62.2507,      3.4953,      0.0000,     -0.0320,      4.0855,      0.1530,      5.5561,     11.1121,      1.3517,     28.5546,     57.1092,      0.0191,      0.0032,      0.0156,      0.1995,   7695.2749,-422931.1562,  -1135.2996,    548.1923,  25650.9160,
       1,     168,      83,       7,       1,       3,       1,     10.0000,      1.3958,     42.5318,    247.3582,     62.2507,      3.4953,      0.0000,     -0.0317,      4.1703,      0.1460,      5.5561,     11.1121,      1.2905,     28.5546,     57.1092,      0.0191,      0.0033,      0.0156,      0.1995,   7695.2749,-423457.5312,  -1135.6648,    548.1562,  25650.9160,
       1,     168,      83,       8,       1,       3,       1,     10.0000,      1.3958,     42.5318,    247.3582,     62.2507,      3.4953,      0.0061,     -0.0256,      3.7377,      0.1452,      5.5561,     11.1121,      1.2827,     28.5546,     57.1092,      0.0191,      0.0030,      0.0156,      0.1995,   7695.2749,-423611.0312,  -1135.7213,    548.1456,  25650.9160,
       1,     168,      83,       9,       1,       3,       1,     10.0000,      1.3958,     42.5318,    247.3582,     62.2507,      3.4953,      0.0767,      0.0447,     21.7009,      0.1528,      5.5561,     11.1121,      1.3503,     28.5546,     57.1092,      0.0191,      0.0030,      0.0883,      0.1995,   7695.2749,-423074.6562,  -1135.7202,    548.1824,  25650.9160,
       1,     168,      83,      10,       1,       3,       1,     10.0000,      1.3958,     42.5318,    247.3582,     62.2507,      3.4953,      0.1681,      0.1355,     49.6610,      0.1728,      5.5561,     11.1121,      1.5273,     28.5546,     57.1092,      0.0191,      0.0028,      0.2183,      0.1995,   7695.2749,-445865.1875,  -1144.0620,    546.6208,  25650.9141,
       1,     168,      83,      11,       1,       3,       1,     10.0000,      1.3958,     42.5318,    247.3582,     62.2507,      3.4953,      0.1890,      0.1559,     54.3979,      0.1879,      5.5561,     11.1121,      1.6603,     28.5546,     57.1092,      0.0191,      0.0027,      0.2484,      0.1994,   7695.2744,-483415.5938,  -1157.8278,    544.0573,  25650.9160,
       1,     168,      83,      12,       1,       3,       1,     10.0000,      1.3958,     42.5318,    247.3582,     62.2507,      3.4953,      0.1899,      0.1566,     51.6446,      0.1936,      5.5561,     11.1121,      1.7104,     28.5546,     57.1092,      0.0191,      0.0025,      0.2500,      0.1994,   7695.2749,-492723.4062,  -1161.3257,    543.4302,  25650.9121,
       1,     168,      83,      13,       1,       3,       1,     10.0000,      1.3958,     42.5318,    247.3582,     62.2507,      3.4953,      0.1894,      0.1559,     46.8938,      0.2022,      5.5561,     11.1121,      1.7864,     28.5546,     57.1092,      0.0191,      0.0023,      0.2500,      0.1994,   7695.2739,-490021.8750,  -1160.4734,    543.6141,  25650.9121,
       1,     168,      83,      14,       1,       3,       1,     10.0000,      1.3958,     42.5318,    247.3582,     62.2507,      3.4953,      0.1899,      0.1565,     52.8665,      0.1990,      5.5561,     11.1121,      1.7584,     28.5546,     57.1092,      0.0191,      0.0026,      0.2500,      0.1994,   7695.2739,-483740.8125,  -1158.2932,    544.0410,  25650.9121,
       1,     168,      83,      15,       1,       3,       1,     10.0000,      1.3958,     42.5318,    247.3582,     62.2507,      3.4953,      0.1923,      0.1589,     82.5631,      0.1965,      5.5561,     11.1121,      1.7360,     28.5546,     57.1092,      0.0191,      0.0041,      0.2500,      0.1994,   7695.2739,-490796.1562,  -1160.9755,    543.5613,  25650.9102,
       1,     168,      83,      16,       1,       3,       1,     10.0000,      1.3958,     42.5318,    247.3582,     62.2507,      3.4953,      0.1928,      0.1596,    108.9386,      0.1913,      5.5561,     11.1121,      1.6902,     28.5546,     57.1092,      0.0191,      0.0054,      0.2477,      0.1994,   7695.2734,-529202.5625,  -1175.1791,    540.9520,  25650.9121,
       1,     168,      83,      17,       1,       3,       1,     10.0000,      1.3958,     42.5318,    247.3582,     62.2507,      3.4953,      0.1829,      0.1498,    109.7485,      0.1896,      5.5561,     11.1121,      1.6752,     28.5546,     57.1092,      0.0191,      0.0058,      0.2331,      0.1994,   7695.2739,-566143.3750,  -1189.0413,    538.4604,  25650.9082,
       1,     168,      83,      18,       1,       3,       1,     10.0000,      1.3958,     42.5318,    247.3582,     62.2507,      3.4953,      0.1766,      0.1433,    116.5624,      0.1943,      5.5561,     11.1121,      1.7172,     28.5546,     57.1092,      0.0191,      0.0064,      0.2232,      0.1993,   7695.2729,-570391.3125,  -1191.1176,    538.1802,  25650.9082,
       1,     168,      83,      19,       1,       3,       1,     10.0000,      1.3958,     42.5318,    247.3582,     62.2507,      3.4953,      0.0662,      0.0335,     35.0880,      0.1730,      5.5561,     11.1121,      1.5288,     28.5546,     57.1092,      0.0191,      0.0061,      0.0710,      0.1993,   7695.2729,-579435.6875,  -1194.9919,    537.5718,  25650.9082,
       1,     168,      83,      20,       1,       3,       1,     10.0000,      1.3958,     42.5318,    247.3582,     62.2507,      3.4953,      0.0057,     -0.0262,      7.1867,      0.1525,      5.5561,     11.1121,      1.3476,     28.5546,     57.1092,      0.0191,      0.0057,      0.0156,      0.1993,   7695.2729,-476380.9062,  -1157.6609,    544.4971,  25650.9062,
       1,     168,      83,      21,       1,       3,       1,     10.0000,      1.3958,     42.5318,    247.3582,     62.2507,      3.4953,      0.0000,     -0.0319,      6.5479,      0.1507,      5.5561,     11.1121,      1.3314,     28.5546,     57.1092,      0.0191,      0.0052,      0.0156,      0.1994,   7695.2720,-432091.9062,  -1141.4379,    547.5563,  25650.9043,
       1,     168,      83,      22,       1,       3,       1,     10.0000,      1.3958,     42.5318,    247.3582,     62.2507,      3.4953,      0.0000,     -0.0318,      6.4201,      0.1501,      5.5561,     11.1121,      1.3261,     28.5546,     57.1092,      0.0191,      0.0051,      0.0156,      0.1995,   7695.2715,-427398.3125,  -1139.7153,    547.8861,  25650.9043,
       1,     168,      83,      23,       1,       3,       1,     10.0000,      1.3958,     42.5318,    247.3582,     62.2507,      3.4953,      0.0000,     -0.0319,      7.1724,      0.1504,      5.5561,     11.1121,      1.3288,     28.5546,     57.1092,      0.0191,      0.0057,      0.0156,      0.1995,   7695.2715,-426816.4688,  -1139.5023,    547.9261,  25650.9043,
       1,     168,      83,      24,       1,       3,       1,     10.0000,      1.3958,     42.5318,    247.3582,     62.2507,      3.4953,      0.0000,     -0.0320,      5.5061,      0.1558,      5.5561,     11.1121,      1.3763,     28.5546,     57.1092,      0.0191,      0.0044,      0.0156,      0.1995,   7695.2715,-427722.0312,  -1139.8354,    547.8641,  25650.9043,
       1,     168,      84,       1,       1,       3,       1,     10.0000,      1.3958,     42.5322,    247.3641,     62.2521,      3.4953,      0.0000,     -0.0322,      4.1094,      0.1592,      5.5553,     11.1106,      1.4071,     28.5600,     57.1200,      0.0191,      0.0032,      0.0156,      0.1995,   7695.2715,-425837.5312,  -1139.6794,    548.0059,  25652.0566,
       1,     168,      84,       2,       1,       3,       1,     10.0000,      1.3958,     42.5322,    247.3641,     62.2521,      3.4953,      0.0000,     -0.0322,      3.1899,      0.1596,      5.5553,     11.1106,      1.4099,     28.5600,     57.1200,      0.0191,      0.0025,      0.0156,      0.1995,   7695.6172,-423745.0625,  -1138.3765,    548.1493,  25652.0566,
       1,     168,      84,       3,       1,       3,       1,     10.0000,      1.3958,     42.5322,    247.3641,     62.2521,      3.4953,      0.0000,     -0.0321,      3.7315,      0.1572,      5.5553,     11.1106,      1.3889,     28.5600,     57.1200,      0.0191,      0.0029,      0.0156,      0.1995,   7695.6172,-422393.8750,  -1137.8801,    548.2419,  25652.0566,
       1,     168,      84,       4,       1,       3,       1,     10.0000,      1.3958,     42.5322,    247.3641,     62.2521,      3.4953,      0.0000,     -0.0321,      3.2455,      0.1565,      5.5553,     11.1106,      1.3833,     28.5600,     57.1200,      0.0191,      0.0026,      0.0156,      0.1995,   7695.6172,-422964.5625,  -1138.0903,    548.2029,  25652.0566,
       1,     168,      84,       5,       1,       3,       1,     10.0000,      1.3958,     42.5322,    247.3641,     62.2521,      3.4953,      0.0000,     -0.0321,      3.2924,      0.1564,      5.5553,     11.1106,      1.3819,     28.5600,     57.1200,      0.0191,      0.0026,      0.0156,      0.1995,   7695.6172,-422396.4688,  -1137.8822,    548.2417,  25652.0566,
       1,     168,      84,       6,       1,       3,       1,     10.0000,      1.3958,     42.5322,    247.3641,     62.2521,      3.4953,      0.0000,     -0.0321,      3.5705,      0.1572,      5.5553,     11.1106,      1.3889,     28.5600,     57.1200,      0.0191,      0.0028,      0.0156,      0.1995,   7695.6172,-422406.7188,  -1137.8867,    548.2411,  25652.0566,
       1,     168,      84,       7,       1,       3,       1,     10.0000,      1.3958,     42.5322,    247.3641,     62.2521,      3.4953,      0.0000,     -0.0321,      3.7154,      0.1570,      5.5553,     11.1106,      1.3875,     28.5600,     57.1200,      0.0191,      0.0029,      0.0156,      0.1995,   7695.6172,-422761.0312,  -1138.0172,    548.2168,  25652.0566,
       1,     168,      84,       8,       1,       3,       1,     10.0000,      1.3958,     42.5322,    247.3641,     62.2521,      3.4953,      0.0064,     -0.0257,      3.3741,      0.1572,      5.5553,     11.1106,      1.3889,     28.5600,     57.1200,      0.0191,      0.0027,      0.0156,      0.1995,   7695.6172,-422976.1250,  -1138.0969,    548.2020,  25652.0566,
       1,     168,      84,       9,       1,       3,       1,     10.0000,      1.3958,     42.5322,    247.3641,     62.2521,      3.4953,      0.1135,      0.0811,     29.5595,      0.1662,      5.5553,     11.1106,      1.4690,     28.5600,     57.1200,      0.0191,      0.0026,      0.1408,      0.1995,   7695.6172,-422560.9688,  -1137.9447,    548.2305,  25652.0566,
       1,     168,      84,      10,       1,       3,       1,     10.0000,      1.3958,     42.5322,    247.3641,     62.2521,      3.4953,      0.1492,      0.1165,     42.7309,      0.1744,      5.5553,     11.1106,      1.5411,     28.5600,     57.1200,      0.0191,      0.0028,      0.1914,      0.1995,   7695.6172,-455811.1250,  -1150.2004,    545.9519,  25652.0566,
       1,     168,      84,      11,       1,       3,       1,     10.0000,      1.3958,     42.5322,    247.3641,     62.2521,      3.4953,      0.1884,      0.1551,     61.1624,      0.1936,      5.5553,     11.1106,      1.7104,     28.5600,     57.1200,      0.0191,      0.0031,      0.2467,      0.1995,   7695.6172,-475471.3750,  -1157.4774,    544.6149,  25652.0547,
       1,     168,      84,      12,       1,       3,       1,     10.0000,      1.3958,     42.5322,    247.3641,     62.2521,      3.4953,      0.1909,      0.1571,     66.1109,      0.2095,      5.5553,     11.1106,      1.8510,     28.5600,     57.1200,      0.0191,      0.0033,      0.2500,      0.1994,   7695.6167,-500627.8125,  -1166.8245,    542.9040,  25652.0566,
       1,     168,      84,      13,       1,       3,       1,     10.0000,      1.3958,     42.5322,    247.3641,     62.2521,      3.4953,      0.1911,      0.1570,     69.9679,      0.2222,      5.5553,     11.1106,      1.9633,     28.5600,     57.1200,      0.0191,      0.0034,      0.2500,      0.1994,   7695.6172,-509116.5312,  -1170.1246,    542.3306,  25652.0527,
       1,     168,      84,      14,       1,       3,       1,     10.0000,      1.3958,     42.5322,    247.3641,     62.2521,      3.4953,      0.1918,      0.1576,     79.2445,      0.2253,      5.5553,     11.1106,      1.9905,     28.5600,     57.1200,      0.0191,      0.0039,      0.2500,      0.1994,   7695.6162,-514760.7812,  -1172.4248,    541.9482,  25652.0527,
       1,     168,      84,      15,       1,       3,       1,     10.0000,      1.3958,     42.5322,    247.3641,     62.2521,      3.4953,      0.1925,      0.1584,     88.1890,      0.2231,      5.5553,     11.1106,      1.9711,     28.5600,     57.1200,      0.0191,      0.0043,      0.2500,      0.1994,   7695.6162,-527059.5000,  -1177.2096,    541.1152,  25652.0527,
       1,     168,      84,      16,       1,       3,       1,     10.0000,      1.3958,     42.5322,    247.3641,     62.2521,      3.4953,      0.1937,      0.1597,    119.2109,      0.2207,      5.5553,     11.1106,      1.9499,     28.5600,     57.1200,      0.0191,      0.0059,      0.2482,      0.1994,   7695.6162,-539516.7500,  -1182.1200,    540.2733,  25652.0508,
       1,     168,      84,      17,       1,       3,       1,     10.0000,      1.3958,     42.5322,    247.3641,     62.2521,      3.4953,      0.1882,      0.1543,    127.1207,      0.2132,      5.5553,     11.1106,      1.8840,     28.5600,     57.1200,      0.0191,      0.0066,      0.2391,      0.1994,   7695.6157,-580104.6875,  -1197.5021,    537.5328,  25652.0488,
       1,     168,      84,      18,       1,       3,       1,     10.0000,      1.3958,     42.5322,    247.3641,     62.2521,      3.4953,      0.1711,      0.1376,    122.4193,      0.2010,      5.5553,     11.1106,      1.7759,     28.5600,     57.1200,      0.0191,      0.0070,      0.2144,      0.1993,   7695.6147,-593728.4375,  -1203.1376,    536.6244,  25652.0449,
       1,     168,      84,      19,       1,       3,       1,     10.0000,      1.3958,     42.5322,    247.3641,     62.2521,      3.4953,      0.1207,      0.0877,     82.0955,      0.1844,      5.5553,     11.1106,      1.6294,     28.5600,     57.1200,      0.0191,      0.0070,      0.1451,      0.1993,   7695.6138,-588911.8750,  -1202.0380,    536.9482,  25652.0469,
       1,     168,      84,      20,       1,       3,       1,     10.0000,      1.3958,     42.5322,    247.3641,     62.2521,      3.4953,      0.0144,     -0.0181,      8.7659,      0.1684,      5.5553,     11.1106,      1.4882,     28.5600,     57.1200,      0.0191,      0.0069,      0.0156,      0.1993,   7695.6143,-537097.3125,  -1183.4647,    540.4261,  25652.0449,
       1,     168,      84,      21,       1,       3,       1,     10.0000,      1.3958,     42.5322,    247.3641,     62.2521,      3.4953,      0.0000,     -0.0323,      8.5453,      0.1616,      5.5553,     11.1106,      1.4284,     28.5600,     57.1200,      0.0191,      0.0068,      0.0156,      0.1994,   7695.6138,-439262.3125,  -1147.4836,    547.0464,  25652.0449,
       1,     168,      84,      22,       1,       3,       1,     10.0000,      1.3958,     42.5322,    247.3641,     62.2521,      3.4953,      0.0000,     -0.0322,      8.1246,      0.1588,      5.5553,     11.1106,      1.4029,     28.5600,     57.1200,      0.0191,      0.0064,      0.0156,      0.1995,   7695.6138,-430605.6562,  -1144.2809,    547.6791,  25652.0430,
       1,     168,      84,      23,       1,       3,       1,     10.0000,      1.3958,     42.5322,    247.3641,     62.2521,      3.4953,      0.0000,     -0.0321,      7.5357,      0.1564,      5.5553,     11.1106,      1.3819,     28.5600,     57.1200,      0.0191,      0.0060,      0.0156,      0.1995,   7695.6133,-429266.6875,  -1143.7882,    547.7711,  25652.0430,
       1,     168,      84,      24,       1,       3,       1,     10.0000,      1.3958,     42.5322,    247.3641,     62.2521,      3.4953,      0.0000,     -0.0320,      6.3339,      0.1558,      5.5553,     11.1106,      1.3764,     28.5600,     57.1200,      0.0191,      0.0050,      0.0156,      0.1995,   7695.6133,-428401.0938,  -1143.4701,    547.8304,  25652.0430,
       1,     168,      85,       1,       1,       3,       1,     10.0000,      1.3958,     42.5325,    247.3699,     62.2536,      3.4953,      0.0000,     -0.0320,      4.8956,      0.1536,      5.5555,     11.1110,      1.3572,     28.5675,     57.1349,      0.0191,      0.0039,      0.0156,      0.1995,   7695.6133,-426953.3438,  -1143.4779,    547.9426,  25653.1992,
       1,     168,      85,       2,       1,       3,       1,     10.0000,      1.3958,     42.5325,    247.3699,     62.2536,      3.4953,      0.0000,     -0.0319,      4.1583,      0.1514,      5.5555,     11.1110,      1.3382,     28.5675,     57.1349,      0.0191,      0.0033,      0.0156,      0.1995,   7695.9600,-424845.3438,  -1142.1562,    548.0870,  25653.1992,
       1,     168,      85,       3,       1,       3,       1,     10.0000,      1.3958,     42.5325,    247.3699,     62.2536,      3.4953,      0.0000,     -0.0318,      3.6499,      0.1493,      5.5555,     11.1110,      1.3195,     28.5675,     57.1349,      0.0191,      0.0029,      0.0156,      0.1995,   7695.9600,-423724.5625,  -1141.7422,    548.1637,  25653.1992,
       1,     168,      85,       4,       1,       3,       1,     10.0000,      1.3958,     42.5325,    247.3699,     62.2536,      3.4953,      0.0000,     -0.0318,      3.3614,      0.1493,      5.5555,     11.1110,      1.3195,     28.5675,     57.1349,      0.0191,      0.0027,      0.0156,      0.1995,   7695.9600,-422980.9062,  -1141.4677,    548.2147,  25653.1992,
       1,     168,      85,       5,       1,       3,       1,     10.0000,      1.3958,     42.5325,    247.3699,     62.2536,      3.4953,      0.0000,     -0.0317,      2.9705,      0.1468,      5.5555,     11.1110,      1.2971,     28.5675,     57.1349,      0.0191,      0.0023,      0.0156,      0.1995,   7695.9600,-422549.3438,  -1141.3090,    548.2443,  25653.1973,
       1,     168,      85,       6,       1,       3,       1,     10.0000,      1.3958,     42.5325,    247.3699,     62.2536,      3.4953,      0.0000,     -0.0317,      2.9789,      0.1449,      5.5555,     11.1110,      1.2802,     28.5675,     57.1349,      0.0191,      0.0024,      0.0156,      0.1995,   7695.9595,-422015.0625,  -1141.1129,    548.2809,  25653.1973,
       1,     168,      85,       7,       1,       3,       1,     10.0000,      1.3958,     42.5325,    247.3699,     62.2536,      3.4953,      0.0000,     -0.0316,      2.7052,      0.1436,      5.5555,     11.1110,      1.2686,     28.5675,     57.1349,      0.0191,      0.0021,      0.0156,      0.1995,   7695.9595,-421979.0625,  -1141.1008,    548.2833,  25653.1973,
       1,     168,      85,       8,       1,       3,       1,     10.0000,      1.3958,     42.5325,    247.3699,     62.2536,      3.4953,      0.0047,     -0.0270,      2.5741,      0.1447,      5.5555,     11.1110,      1.2789,     28.5675,     57.1349,      0.0191,      0.0020,      0.0156,      0.1995,   7695.9595,-421628.1875,  -1140.9718,    548.3074,  25653.1973,
       1,     168,      85,       9,       1,       3,       1,     10.0000,      1.3958,     42.5325,    247.3699,     62.2536,      3.4953,      0.0839,      0.0519,     16.6506,      0.1553,      5.5555,     11.1110,      1.3723,     28.5675,     57.1349,      0.0191,      0.0021,      0.0994,      0.1995,   7695.9595,-421431.0000,  -1140.8998,    548.3209,  25653.1973,
       1,     168,      85,      10,       1,       3,       1,     10.0000,      1.3958,     42.5325,    247.3699,     62.2536,      3.4953,      0.1600,      0.1272,     33.4361,      0.1793,      5.5555,     11.1110,      1.5847,     28.5675,     57.1349,      0.0191,      0.0020,      0.2083,      0.1995,   7695.9595,-439304.9375,  -1147.5496,    547.0958,  25653.1973,
       1,     168,      85,      11,       1,       3,       1,     10.0000,      1.3958,     42.5325,    247.3699,     62.2536,      3.4953,      0.1856,      0.1522,     40.5478,      0.1963,      5.5555,     11.1110,      1.7343,     28.5675,     57.1349,      0.0191,      0.0020,      0.2450,      0.1995,   7695.9595,-462205.8125,  -1156.0845,    545.5310,  25653.1973,
       1,     168,      85,      12,       1,       3,       1,     10.0000,      1.3958,     42.5325,    247.3699,     62.2536,      3.4953,      0.1889,      0.1550,     42.0805,      0.2172,      5.5555,     11.1110,      1.9196,     28.5675,     57.1349,      0.0191,      0.0021,      0.2500,      0.1995,   7695.9595,-473247.2812,  -1160.2360,    544.7803,  25653.1953,
       1,     168,      85,      13,       1,       3,       1,     10.0000,      1.3958,     42.5325,    247.3699,     62.2536,      3.4953,      0.1890,      0.1546,     44.1505,      0.2329,      5.5555,     11.1110,      2.0578,     28.5675,     57.1349,      0.0191,      0.0022,      0.2500,      0.1995,   7695.9590,-476155.2812,  -1161.3877,    544.5829,  25653.1953,
       1,     168,      85,      14,       1,       3,       1,     10.0000,      1.3958,     42.5325,    247.3699,     62.2536,      3.4953,      0.1898,      0.1554,     54.6669,      0.2343,      5.5555,     11.1110,      2.0699,     28.5675,     57.1349,      0.0191,      0.0027,      0.2500,      0.1995,   7695.9590,-479040.4375,  -1162.5380,    544.3865,  25653.1934,
       1,     168,      85,      15,       1,       3,       1,     10.0000,      1.3958,     42.5325,    247.3699,     62.2536,      3.4953,      0.1915,      0.1572,     75.9250,      0.2286,      5.5555,     11.1110,      2.0200,     28.5675,     57.1349,      0.0191,      0.0037,      0.2500,      0.1995,   7695.9585,-492669.5000,  -1167.6974,    543.4591,  25653.1934,
       1,     168,      85,      16,       1,       3,       1,     10.0000,      1.3958,     42.5325,    247.3699,     62.2536,      3.4953,      0.1938,      0.1595,    117.3106,      0.2324,      5.5555,     11.1110,      2.0538,     28.5675,     57.1349,      0.0191,      0.0058,      0.2488,      0.1994,   7695.9585,-520903.5312,  -1178.3420,    541.5419,  25653.1934,
       1,     168,      85,      17,       1,       3,       1,     10.0000,      1.3958,     42.5325,    247.3699,     62.2536,      3.4953,      0.1891,      0.1552,    135.4588,      0.2153,      5.5555,     11.1110,      1.9027,     28.5675,     57.1349,      0.0191,      0.0070,      0.2395,      0.1994,   7695.9585,-576045.1250,  -1199.1570,    537.8125,  25653.1914,
       1,     168,      85,      18,       1,       3,       1,     10.0000,      1.3958,     42.5325,    247.3699,     62.2536,      3.4953,      0.1698,      0.1364,    123.7141,      0.1984,      5.5555,     11.1110,      1.7533,     28.5675,     57.1349,      0.0191,      0.0072,      0.2124,      0.1993,   7695.9575,-603990.5000,  -1210.1450,    535.9467,  25653.1914,
       1,     168,      85,      19,       1,       3,       1,     10.0000,      1.3958,     42.5325,    247.3699,     62.2536,      3.4953,      0.1043,      0.0714,     69.7157,      0.1818,      5.5555,     11.1110,      1.6069,     28.5675,     57.1349,      0.0191,      0.0070,      0.1226,      0.1993,   7695.9575,-591438.0625,  -1206.1979,    536.7908,  25653.1875,
       1,     168,      85,      20,       1,       3,       1,     10.0000,      1.3958,     42.5325,    247.3699,     62.2536,      3.4953,      0.0163,     -0.0162,      1.1847,      0.1704,      5.5555,     11.1110,      1.5062,     28.5675,     57.1349,      0.0191,      0.0068,      0.0021,      0.1993,   7695.9565,-521527.7188,  -1180.7343,    541.4824,  25653.1875,
       1,     168,      85,      21,       1,       3,       1,     10.0000,      1.3958,     42.5325,    247.3699,     62.2536,      3.4953,      0.0000,     -0.0323,      8.2819,      0.1636,      5.5555,     11.1110,      1.4457,     28.5675,     57.1349,      0.0191,      0.0065,      0.0156,      0.1994,   7695.9565,-428298.5312,  -1146.1219,    547.8132,  25653.1875,
       1,     168,      85,      22,       1,       3,       1,     10.0000,      1.3958,     42.5325,    247.3699,     62.2536,      3.4953,      0.0000,     -0.0322,      7.6011,      0.1608,      5.5555,     11.1110,      1.4213,     28.5675,     57.1349,      0.0191,      0.0060,      0.0156,      0.1995,   7695.9565,-429315.3750,  -1146.5087,    547.7808,  25653.1875,
       1,     168,      85,      23,       1,       3,       1,     10.0000,      1.3958,     42.5325,    247.3699,     62.2536,      3.4953,      0.0000,     -0.0322,      6.5231,      0.1599,      5.5555,     11.1110,      1.4128,     28.5675,     57.1349,      0.0191,      0.0052,      0.0156,      0.1995,   7695.9565,-428491.3125,  -1146.2050,    547.8372,  25653.1855,
       1,     168,      85,      24,       1,       3,       1,     10.0000,      1.3958,     42.5325,    247.3699,     62.2536,      3.4953,      0.0000,     -0.0322,      5.1855,      0.1596,      5.5555,     11.1110,      1.4100,     28.5675,     57.1349,      0.0191,      0.0041,      0.0156,      0.1995,   7695.9561,-427049.5312,  -1145.6716,    547.9359,  25653.1855,
       1,     168,      86,       1,       1,       3,       1,     10.0000,      1.3959,     42.5328,    247.3758,     62.2551,      3.4953,      0.0000,     -0.0322,      4.6147,      0.1586,      5.5557,     11.1113,      1.4015,     28.5738,     57.1476,      0.0191,      0.0036,      0.0156,      0.1995,   7695.9561,-425379.2188,  -1145.5951,    548.0632,  25654.3398,
       1,     168,      86,       2,       1,       3,       1,     10.0000,      1.3959,     42.5328,    247.3758,     62.2551,      3.4953,      0.0000,     -0.0321,      3.7936,      0.1561,      5.5557,     11.1113,      1.3792,     28.5738,     57.1476,      0.0191,      0.0030,      0.0156,      0.1995,   7696.3022,-424354.9062,  -1144.6702,    548.1334,  25654.3398,
       1,     168,      86,       3,       1,       3,       1,     10.0000,      1.3959,     42.5328,    247.3758,     62.2551,      3.4953,      0.0000,     -0.0320,      3.3434,      0.1542,      5.5557,     11.1113,      1.3627,     28.5738,     57.1476,      0.0191,      0.0026,      0.0156,      0.1995,   7696.3022,-423222.1875,  -1144.2493,    548.2111,  25654.3398,
       1,     168,      86,       4,       1,       3,       1,     10.0000,      1.3959,     42.5328,    247.3758,     62.2551,      3.4953,      0.0000,     -0.0319,      3.0701,      0.1525,      5.5557,     11.1113,      1.3477,     28.5738,     57.1476,      0.0191,      0.0024,      0.0156,      0.1995,   7696.3022,-422551.2812,  -1144.0006,    548.2570,  25654.3398,
       1,     168,      86,       5,       1,       3,       1,     10.0000,      1.3959,     42.5328,    247.3758,     62.2551,      3.4953,      0.0000,     -0.0319,      2.9815,      0.1502,      5.5557,     11.1113,      1.3275,     28.5738,     57.1476,      0.0191,      0.0024,      0.0156,      0.1995,   7696.3022,-422145.6250,  -1143.8505,    548.2849,  25654.3398,
       1,     168,      86,       6,       1,       3,       1,     10.0000,      1.3959,     42.5328,    247.3758,     62.2551,      3.4953,      0.0000,     -0.0319,      2.8266,      0.1504,      5.5557,     11.1113,      1.3289,     28.5738,     57.1476,      0.0191,      0.0022,      0.0156,      0.1995,   7696.3022,-421997.5938,  -1143.7972,    548.2950,  25654.3398,
       1,     168,      86,       7,       1,       3,       1,     10.0000,      1.3959,     42.5328,    247.3758,     62.2551,      3.4953,      0.0000,     -0.0319,      2.8374,      0.1519,      5.5557,     11.1113,      1.3423,     28.5738,     57.1476,      0.0191,      0.0022,      0.0156,      0.1995,   7696.3022,-421787.7812,  -1143.7205,    548.3093,  25654.3398,
       1,     168,      86,       8,       1,       3,       1,     10.0000,      1.3959,     42.5328,    247.3758,     62.2551,      3.4953,      0.0065,     -0.0255,      2.7397,      0.1531,      5.5557,     11.1113,      1.3531,     28.5738,     57.1476,      0.0191,      0.0022,      0.0156,      0.1995,   7696.3022,-421783.3750,  -1143.7206,    548.3097,  25654.3398,
       1,     168,      86,       9,       1,       3,       1,     10.0000,      1.3959,     42.5328,    247.3758,     62.2551,      3.4953,      0.0936,      0.0613,     19.9990,      0.1612,      5.5557,     11.1113,      1.4242,     28.5738,     57.1476,      0.0191,      0.0022,      0.1129,      0.1995,   7696.3022,-421658.7812,  -1143.6759,    548.3182,  25654.3398,
       1,     168,      86,      10,       1,       3,       1,     10.0000,      1.3959,     42.5328,    247.3758,     62.2551,      3.4953,      0.1649,      0.1320,     34.9638,      0.1829,      5.5557,     11.1113,      1.6165,     28.5738,     57.1476,      0.0191,      0.0020,      0.2153,      0.1995,   7696.3022,-443581.8750,  -1151.8936,    546.8156,  25654.3398,
       1,     168,      86,      11,       1,       3,       1,     10.0000,      1.3959,     42.5328,    247.3758,     62.2551,      3.4953,      0.1823,      0.1491,     37.2981,      0.1936,      5.5557,     11.1113,      1.7105,     28.5738,     57.1476,      0.0191,      0.0019,      0.2406,      0.1995,   7696.3022,-464521.1562,  -1159.7614,    545.3864,  25654.3379,
       1,     168,      86,      12,       1,       3,       1,     10.0000,      1.3959,     42.5328,    247.3758,     62.2551,      3.4953,      0.1890,      0.1553,     42.3899,      0.2097,      5.5557,     11.1113,      1.8529,     28.5738,     57.1476,      0.0191,      0.0021,      0.2500,      0.1995,   7696.3018,-469313.8125,  -1161.6094,    545.0616,  25654.3398,
       1,     168,      86,      13,       1,       3,       1,     10.0000,      1.3959,     42.5328,    247.3758,     62.2551,      3.4953,      0.1890,      0.1549,     42.7054,      0.2202,      5.5557,     11.1113,      1.9462,     28.5738,     57.1476,      0.0191,      0.0021,      0.2500,      0.1995,   7696.3022,-476203.3438,  -1164.2528,    544.5922,  25654.3379,
       1,     168,      86,      14,       1,       3,       1,     10.0000,      1.3959,     42.5328,    247.3758,     62.2551,      3.4953,      0.1894,      0.1554,     47.4556,      0.2185,      5.5557,     11.1113,      1.9310,     28.5738,     57.1476,      0.0191,      0.0023,      0.2500,      0.1995,   7696.3018,-477204.0000,  -1164.7079,    544.5244,  25654.3340,
       1,     168,      86,      15,       1,       3,       1,     10.0000,      1.3959,     42.5328,    247.3758,     62.2551,      3.4953,      0.1918,      0.1576,     79.2889,      0.2262,      5.5557,     11.1113,      1.9984,     28.5738,     57.1476,      0.0191,      0.0039,      0.2500,      0.1995,   7696.3003,-483332.7188,  -1167.0902,    544.1071,  25654.3320,
       1,     168,      86,      16,       1,       3,       1,     10.0000,      1.3959,     42.5328,    247.3758,     62.2551,      3.4953,      0.1922,      0.1582,     99.2116,      0.2196,      5.5557,     11.1113,      1.9405,     28.5738,     57.1476,      0.0191,      0.0049,      0.2482,      0.1995,   7696.2998,-524359.0000,  -1182.5765,    541.3170,  25654.3301,
       1,     168,      86,      17,       1,       3,       1,     10.0000,      1.3959,     42.5328,    247.3758,     62.2551,      3.4953,      0.1790,      0.1453,    106.2621,      0.2082,      5.5557,     11.1113,      1.8401,     28.5738,     57.1476,      0.0191,      0.0057,      0.2279,      0.1994,   7696.2993,-553301.3125,  -1193.7291,    539.3658,  25654.3340,
       1,     168,      86,      18,       1,       3,       1,     10.0000,      1.3959,     42.5328,    247.3758,     62.2551,      3.4953,      0.1558,      0.1223,     96.1663,      0.1982,      5.5557,     11.1113,      1.7516,     28.5738,     57.1476,      0.0191,      0.0061,      0.1949,      0.1994,   7696.3003,-564791.8750,  -1198.4941,    538.5946,  25654.2969,
       1,     168,      86,      19,       1,       3,       1,     10.0000,      1.3959,     42.5328,    247.3758,     62.2551,      3.4953,      0.1034,      0.0704,     58.6268,      0.1853,      5.5557,     11.1113,      1.6375,     28.5738,     57.1476,      0.0191,      0.0059,      0.1224,      0.1994,   7696.2896,-552930.6875,  -1194.5750,    539.3937,  25654.3184,
       1,     168,      86,      20,       1,       3,       1,     10.0000,      1.3959,     42.5328,    247.3758,     62.2551,      3.4953,      0.0158,     -0.0168,      0.6724,      0.1720,      5.5557,     11.1113,      1.5198,     28.5738,     57.1476,      0.0191,      0.0063,      0.0013,      0.1994,   7696.2959,-504095.5000,  -1176.6444,    542.6870,  25654.3281,
       1,     168,      86,      21,       1,       3,       1,     10.0000,      1.3959,     42.5328,    247.3758,     62.2551,      3.4953,      0.0000,     -0.0324,      7.7389,      0.1644,      5.5557,     11.1113,      1.4530,     28.5738,     57.1476,      0.0191,      0.0061,      0.0156,      0.1995,   7696.2988,-426148.6562,  -1147.4792,    547.9846,  25654.3262,
       1,     168,      86,      22,       1,       3,       1,     10.0000,      1.3959,     42.5328,    247.3758,     62.2551,      3.4953,      0.0000,     -0.0322,      7.3782,      0.1607,      5.5557,     11.1113,      1.4199,     28.5738,     57.1476,      0.0191,      0.0058,      0.0156,      0.1995,   7696.2983,-428427.1875,  -1148.3430,    547.8544,  25654.3262,
       1,     168,      86,      23,       1,       3,       1,     10.0000,      1.3959,     42.5328,    247.3758,     62.2551,      3.4953,      0.0000,     -0.0321,      7.4310,      0.1567,      5.5557,     11.1113,      1.3848,     28.5738,     57.1476,      0.0191,      0.0059,      0.0156,      0.1995,   7696.2983,-428134.3125,  -1148.2383,    547.8745,  25654.3262,
       1,     168,      86,      24,       1,       3,       1,     10.0000,      1.3959,     42.5328,    247.3758,     62.2551,      3.4953,      0.0000,     -0.0320,      6.0173,      0.1555,      5.5557,     11.1113,      1.3737,     28.5738,     57.1476,      0.0191,      0.0048,      0.0156,      0.1995,   7696.2983,-428175.8438,  -1148.2590,    547.8716,  25654.3262,
       1,     168,      87,       1,       1,       3,       1,     10.0000,      1.3959,     42.5332,    247.3816,     62.2566,      3.4953,      0.0000,     -0.0320,      4.6056,      0.1539,      5.5559,     11.1117,      1.3600,     28.5798,     57.1596,      0.0191,      0.0036,      0.0156,      0.1996,   7696.2983,-426538.0938,  -1148.1965,    547.9967,  25655.4805,
       1,     168,      87,       2,       1,       3,       1,     10.0000,      1.3959,     42.5332,    247.3816,     62.2566,      3.4953,      0.0000,     -0.0319,      3.8218,      0.1518,      5.5559,     11.1117,      1.3410,     28.5798,     57.1596,      0.0191,      0.0030,      0.0156,      0.1996,   7696.6445,-424448.1250,  -1146.8658,    548.1399,  25655.4805,
       1,     168,      87,       3,       1,       3,       1,     10.0000,      1.3959,     42.5332,    247.3816,     62.2566,      3.4953,      0.0000,     -0.0319,      3.4080,      0.1507,      5.5559,     11.1117,      1.3316,     28.5798,     57.1596,      0.0191,      0.0027,      0.0156,      0.1996,   7696.6445,-423270.0625,  -1146.4259,    548.2206,  25655.4785,
       1,     168,      87,       4,       1,       3,       1,     10.0000,      1.3959,     42.5332,    247.3816,     62.2566,      3.4953,      0.0000,     -0.0318,      3.0207,      0.1492,      5.5559,     11.1117,      1.3182,     28.5798,     57.1596,      0.0191,      0.0024,      0.0156,      0.1996,   7696.6440,-422641.9062,  -1146.1927,    548.2637,  25655.4785,
       1,     168,      87,       5,       1,       3,       1,     10.0000,      1.3959,     42.5332,    247.3816,     62.2566,      3.4953,      0.0000,     -0.0318,      2.9824,      0.1483,      5.5559,     11.1117,      1.3103,     28.5798,     57.1596,      0.0191,      0.0024,      0.0156,      0.1996,   7696.6440,-422095.0000,  -1145.9891,    548.3011,  25655.4785,
       1,     168,      87,       6,       1,       3,       1,     10.0000,      1.3959,     42.5332,    247.3816,     62.2566,      3.4953,      0.0000,     -0.0318,      2.8392,      0.1495,      5.5559,     11.1117,      1.3209,     28.5798,     57.1596,      0.0191,      0.0022,      0.0156,      0.1996,   7696.6440,-421998.6875,  -1145.9553,    548.3077,  25655.4785,
       1,     168,      87,       7,       1,       3,       1,     10.0000,      1.3959,     42.5332,    247.3816,     62.2566,      3.4953,      0.0000,     -0.0319,      2.5669,      0.1507,      5.5559,     11.1117,      1.3316,     28.5798,     57.1596,      0.0191,      0.0020,      0.0156,      0.1996,   7696.6440,-421808.5625,  -1145.8859,    548.3208,  25655.4785,
       1,     168,      87,       8,       1,       3,       1,     10.0000,      1.3959,     42.5332,    247.3816,     62.2566,      3.4953,      0.0051,     -0.0267,      2.3137,      0.1496,      5.5559,     11.1117,      1.3222,     28.5798,     57.1596,      0.0191,      0.0018,      0.0156,      0.1996,   7696.6440,-421445.8125,  -1145.7513,    548.3456,  25655.4785,
       1,     168,      87,       9,       1,       3,       1,     10.0000,      1.3959,     42.5332,    247.3816,     62.2566,      3.4953,      0.0938,      0.0616,     15.8893,      0.1596,      5.5559,     11.1117,      1.4100,     28.5798,     57.1596,      0.0191,      0.0017,      0.1137,      0.1996,   7696.6440,-421092.4375,  -1145.6200,    548.3699,  25655.4785,
       1,     168,      87,      10,       1,       3,       1,     10.0000,      1.3959,     42.5332,    247.3816,     62.2566,      3.4953,      0.1403,      0.1075,     26.0762,      0.1786,      5.5559,     11.1117,      1.5785,     28.5798,     57.1596,      0.0191,      0.0018,      0.1803,      0.1996,   7696.6440,-438312.0312,  -1152.1127,    547.1895,  25655.4785,
       1,     168,      87,      11,       1,       3,       1,     10.0000,      1.3959,     42.5332,    247.3816,     62.2566,      3.4953,      0.1638,      0.1306,     35.0438,      0.1905,      5.5559,     11.1117,      1.6837,     28.5798,     57.1596,      0.0191,      0.0020,      0.2136,      0.1995,   7696.6440,-452762.7812,  -1157.5767,    546.2023,  25655.4785,
       1,     168,      87,      12,       1,       3,       1,     10.0000,      1.3959,     42.5332,    247.3816,     62.2566,      3.4953,      0.1862,      0.1526,     45.1041,      0.2042,      5.5559,     11.1117,      1.8043,     28.5798,     57.1596,      0.0191,      0.0023,      0.2454,      0.1995,   7696.6440,-465421.3125,  -1162.3795,    545.3389,  25655.4766,
       1,     168,      87,      13,       1,       3,       1,     10.0000,      1.3959,     42.5332,    247.3816,     62.2566,      3.4953,      0.1894,      0.1555,     47.1384,      0.2136,      5.5559,     11.1117,      1.8879,     28.5798,     57.1596,      0.0191,      0.0023,      0.2500,      0.1995,   7696.6431,-479314.9375,  -1167.6726,    544.3926,  25655.4785,
       1,     168,      87,      14,       1,       3,       1,     10.0000,      1.3959,     42.5332,    247.3816,     62.2566,      3.4953,      0.1901,      0.1561,     57.4610,      0.2196,      5.5559,     11.1117,      1.9405,     28.5798,     57.1596,      0.0191,      0.0028,      0.2500,      0.1995,   7696.6440,-483110.2500,  -1169.1904,    544.1351,  25655.4766,
       1,     168,      87,      15,       1,       3,       1,     10.0000,      1.3959,     42.5332,    247.3816,     62.2566,      3.4953,      0.1886,      0.1546,     74.6302,      0.2151,      5.5559,     11.1117,      1.9009,     28.5798,     57.1596,      0.0191,      0.0037,      0.2456,      0.1995,   7696.6431,-496568.3750,  -1174.3676,    543.2198,  25655.4746,
       1,     168,      87,      16,       1,       3,       1,     10.0000,      1.3959,     42.5332,    247.3816,     62.2566,      3.4953,      0.1879,      0.1541,     88.9942,      0.2099,      5.5559,     11.1117,      1.8547,     28.5798,     57.1596,      0.0191,      0.0045,      0.2429,      0.1995,   7696.6426,-519580.6562,  -1183.2052,    541.6580,  25655.4297,
       1,     168,      87,      17,       1,       3,       1,     10.0000,      1.3959,     42.5332,    247.3816,     62.2566,      3.4953,      0.1853,      0.1516,    111.7594,      0.2058,      5.5559,     11.1117,      1.8186,     28.5798,     57.1596,      0.0191,      0.0058,      0.2365,      0.1995,   7696.6294,-539868.6875,  -1191.1577,    540.2866,  25655.3555,
       1,     168,      87,      18,       1,       3,       1,     10.0000,      1.3959,     42.5332,    247.3816,     62.2566,      3.4953,      0.1670,      0.1335,    112.1977,      0.2012,      5.5559,     11.1117,      1.7778,     28.5798,     57.1596,      0.0191,      0.0066,      0.2096,      0.1994,   7696.6069,-570620.6250,  -1203.1934,    538.2115,  25655.2520,
       1,     168,      87,      19,       1,       3,       1,     10.0000,      1.3959,     42.5332,    247.3816,     62.2566,      3.4953,      0.1154,      0.0823,     77.0150,      0.1881,      5.5559,     11.1117,      1.6621,     28.5798,     57.1596,      0.0191,      0.0069,      0.1379,      0.1994,   7696.5757,-573868.8750,  -1205.0232,    537.9969,  25655.2285,
       1,     168,      87,      20,       1,       3,       1,     10.0000,      1.3959,     42.5332,    247.3816,     62.2566,      3.4953,      0.0163,     -0.0163,      1.0011,      0.1717,      5.5559,     11.1117,      1.5168,     28.5798,     57.1596,      0.0191,      0.0060,      0.0021,      0.1994,   7696.5688,-529333.5625,  -1188.7520,    540.9919,  25655.3438,
       1,     168,      87,      21,       1,       3,       1,     10.0000,      1.3959,     42.5332,    247.3816,     62.2566,      3.4953,      0.0000,     -0.0324,      7.0733,      0.1669,      5.5559,     11.1117,      1.4750,     28.5798,     57.1596,      0.0191,      0.0056,      0.0156,      0.1995,   7696.6035,-428735.9688,  -1150.9082,    547.8031,  25655.4688,
       1,     168,      87,      22,       1,       3,       1,     10.0000,      1.3959,     42.5332,    247.3816,     62.2566,      3.4953,      0.0000,     -0.0324,      7.2942,      0.1648,      5.5559,     11.1117,      1.4559,     28.5798,     57.1596,      0.0191,      0.0058,      0.0156,      0.1996,   7696.6411,-427831.6250,  -1150.5138,    547.9081,  25655.4688,
       1,     168,      87,      23,       1,       3,       1,     10.0000,      1.3959,     42.5332,    247.3816,     62.2566,      3.4953,      0.0000,     -0.0323,      7.6942,      0.1628,      5.5559,     11.1117,      1.4386,     28.5798,     57.1596,      0.0191,      0.0061,      0.0156,      0.1996,   7696.6411,-427978.9062,  -1150.5754,    547.8980,  25655.4668,
       1,     168,      87,      24,       1,       3,       1,     10.0000,      1.3959,     42.5332,    247.3816,     62.2566,      3.4953,      0.0000,     -0.0322,      6.4954,      0.1605,      5.5559,     11.1117,      1.4185,     28.5798,     57.1596,      0.0191,      0.0051,      0.0156,      0.1996,   7696.6401,-428500.2500,  -1150.7797,    547.8624,  25655.4668,
       1,     168,      88,       1,       1,       3,       1,     10.0000,      1.3959,     42.5335,    247.3875,     62.2580,      3.4953,      0.0000,     -0.0321,      4.9468,      0.1575,      5.5560,     11.1120,      1.3918,     28.5853,     57.1705,      0.0191,      0.0039,      0.0156,      0.1996,   7696.6401,-427177.0625,  -1150.8348,    547.9659,  25656.6191,
       1,     168,      88,       2,       1,       3,       1,     10.0000,      1.3959,     42.5335,    247.3875,     62.2580,      3.4953,      0.0000,     -0.0320,      4.3177,      0.1548,      5.5560,     11.1120,      1.3682,     28.5853,     57.1705,      0.0191,      0.0034,      0.0156,      0.1996,   7696.9858,-424941.0625,  -1149.4431,    548.1190,  25656.6191,
       1,     168,      88,       3,       1,       3,       1,     10.0000,      1.3959,     42.5335,    247.3875,     62.2580,      3.4953,      0.0000,     -0.0320,      3.7911,      0.1544,      5.5560,     11.1120,      1.3641,     28.5853,     57.1705,      0.0191,      0.0030,      0.0156,      0.1996,   7696.9858,-423947.2188,  -1149.0704,    548.1872,  25656.6191,
       1,     168,      88,       4,       1,       3,       1,     10.0000,      1.3959,     42.5335,    247.3875,     62.2580,      3.4953,      0.0000,     -0.0319,      3.5495,      0.1505,      5.5560,     11.1120,      1.3303,     28.5853,     57.1705,      0.0191,      0.0028,      0.0156,      0.1996,   7696.9858,-423191.5000,  -1148.7877,    548.2390,  25656.6191,
       1,     168,      88,       5,       1,       3,       1,     10.0000,      1.3959,     42.5335,    247.3875,     62.2580,      3.4953,      0.0000,     -0.0319,      3.3364,      0.1498,      5.5560,     11.1120,      1.3236,     28.5853,     57.1705,      0.0191,      0.0026,      0.0156,      0.1996,   7696.9858,-422818.6562,  -1148.6494,    548.2645,  25656.6191,
       1,     168,      88,       6,       1,       3,       1,     10.0000,      1.3959,     42.5335,    247.3875,     62.2580,      3.4953,      0.0000,     -0.0318,      3.2748,      0.1492,      5.5560,     11.1120,      1.3183,     28.5853,     57.1705,      0.0191,      0.0026,      0.0156,      0.1996,   7696.9858,-422515.4375,  -1148.5374,    548.2853,  25656.6191,
       1,     168,      88,       7,       1,       3,       1,     10.0000,      1.3959,     42.5335,    247.3875,     62.2580,      3.4953,      0.0000,     -0.0318,      2.8378,      0.1487,      5.5560,     11.1120,      1.3143,     28.5853,     57.1705,      0.0191,      0.0022,      0.0156,      0.1996,   7696.9858,-422410.6250,  -1148.5007,    548.2924,  25656.6191,
       1,     168,      88,       8,       1,       3,       1,     10.0000,      1.3959,     42.5335,    247.3875,     62.2580,      3.4953,      0.0067,     -0.0252,      2.8643,      0.1498,      5.5560,     11.1120,      1.3236,     28.5853,     57.1705,      0.0191,      0.0023,      0.0156,      0.1996,   7696.9858,-421846.5000,  -1148.2894,    548.3311,  25656.6191,
       1,     168,      88,       9,       1,       3,       1,     10.0000,      1.3959,     42.5335,    247.3875,     62.2580,      3.4953,      0.0868,      0.0547,     16.9608,      0.1581,      5.5560,     11.1120,      1.3974,     28.5853,     57.1705,      0.0191,      0.0020,      0.1035,      0.1996,   7696.9858,-421831.0000,  -1148.2856,    548.3322,  25656.6172,
       1,     168,      88,      10,       1,       3,       1,     10.0000,      1.3959,     42.5335,    247.3875,     62.2580,      3.4953,      0.1518,      0.1189,     38.5505,      0.1792,      5.5560,     11.1120,      1.5832,     28.5853,     57.1705,      0.0191,      0.0024,      0.1956,      0.1996,   7696.9854,-439740.0938,  -1155.0829,    547.1047,  25656.6172,
       1,     168,      88,      11,       1,       3,       1,     10.0000,      1.3959,     42.5335,    247.3875,     62.2580,      3.4953,      0.1860,      0.1527,     47.0068,      0.1953,      5.5560,     11.1120,      1.7259,     28.5853,     57.1705,      0.0191,      0.0024,      0.2449,      0.1996,   7696.9854,-468741.2500,  -1166.1030,    545.1228,  25656.6172,
       1,     168,      88,      12,       1,       3,       1,     10.0000,      1.3959,     42.5335,    247.3875,     62.2580,      3.4953,      0.1890,      0.1550,     42.2305,      0.2164,      5.5560,     11.1120,      1.9122,     28.5853,     57.1705,      0.0191,      0.0021,      0.2500,      0.1995,   7696.9854,-482023.5938,  -1171.2026,    544.2213,  25656.6172,
       1,     168,      88,      13,       1,       3,       1,     10.0000,      1.3959,     42.5335,    247.3875,     62.2580,      3.4953,      0.1890,      0.1548,     43.9259,      0.2284,      5.5560,     11.1120,      2.0181,     28.5853,     57.1705,      0.0191,      0.0022,      0.2500,      0.1995,   7696.9854,-477100.9688,  -1169.4318,    544.5569,  25656.6152,
       1,     168,      88,      14,       1,       3,       1,     10.0000,      1.3959,     42.5335,    247.3875,     62.2580,      3.4953,      0.1896,      0.1551,     52.7624,      0.2391,      5.5560,     11.1120,      2.1130,     28.5853,     57.1705,      0.0191,      0.0026,      0.2500,      0.1995,   7696.9849,-478828.9062,  -1170.1727,    544.4393,  25656.6152,
       1,     168,      88,      15,       1,       3,       1,     10.0000,      1.3959,     42.5335,    247.3875,     62.2580,      3.4953,      0.1915,      0.1570,     75.7847,      0.2340,      5.5560,     11.1120,      2.0681,     28.5853,     57.1705,      0.0191,      0.0037,      0.2500,      0.1995,   7696.9849,-490215.7500,  -1174.5831,    543.6644,  25656.5020,
       1,     168,      88,      16,       1,       3,       1,     10.0000,      1.3959,     42.5335,    247.3875,     62.2580,      3.4953,      0.1937,      0.1594,    103.2170,      0.2262,      5.5560,     11.1120,      1.9985,     28.5853,     57.1705,      0.0191,      0.0051,      0.2500,      0.1995,   7696.9507,-520500.3750,  -1186.2599,    541.6068,  25656.4023,
       1,     168,      88,      17,       1,       3,       1,     10.0000,      1.3959,     42.5335,    247.3875,     62.2580,      3.4953,      0.1874,      0.1535,    134.6996,      0.2143,      5.5560,     11.1120,      1.8935,     28.5853,     57.1705,      0.0191,      0.0070,      0.2371,      0.1995,   7696.9209,-558058.9375,  -1200.8547,    539.0681,  25656.2793,
       1,     168,      88,      18,       1,       3,       1,     10.0000,      1.3959,     42.5335,    247.3875,     62.2580,      3.4953,      0.1682,      0.1347,    129.0286,      0.1998,      5.5560,     11.1120,      1.7656,     28.5853,     57.1705,      0.0191,      0.0076,      0.2093,      0.1994,   7696.8843,-601430.6875,  -1217.8865,    536.1515,  25656.1367,
       1,     168,      88,      19,       1,       3,       1,     10.0000,      1.3959,     42.5335,    247.3875,     62.2580,      3.4953,      0.0927,      0.0597,     70.2108,      0.1837,      5.5560,     11.1120,      1.6230,     28.5853,     57.1705,      0.0191,      0.0082,      0.1055,      0.1994,   7696.8413,-598002.4375,  -1217.3778,    536.3891,  25656.1309,
       1,     168,      88,      20,       1,       3,       1,     10.0000,      1.3959,     42.5335,    247.3875,     62.2580,      3.4953,      0.0156,     -0.0170,      0.6271,      0.1725,      5.5560,     11.1120,      1.5244,     28.5853,     57.1705,      0.0191,      0.0075,      0.0010,      0.1994,   7696.8394,-522752.3438,  -1189.4138,    541.4346,  25656.3379,
       1,     168,      88,      21,       1,       3,       1,     10.0000,      1.3959,     42.5335,    247.3875,     62.2580,      3.4953,      0.0000,     -0.0324,      8.8761,      0.1651,      5.5560,     11.1120,      1.4589,     28.5853,     57.1705,      0.0191,      0.0070,      0.0156,      0.1995,   7696.9019,-427739.9375,  -1153.3522,    547.8887,  25656.6074,
       1,     168,      88,      22,       1,       3,       1,     10.0000,      1.3959,     42.5335,    247.3875,     62.2580,      3.4953,      0.0000,     -0.0323,      7.7944,      0.1635,      5.5560,     11.1120,      1.4444,     28.5853,     57.1705,      0.0191,      0.0062,      0.0156,      0.1996,   7696.9824,-430033.4062,  -1154.1061,    547.7703,  25656.6074,
       1,     168,      88,      23,       1,       3,       1,     10.0000,      1.3959,     42.5335,    247.3875,     62.2580,      3.4953,      0.0000,     -0.0321,      6.3928,      0.1580,      5.5560,     11.1120,      1.3960,     28.5853,     57.1705,      0.0191,      0.0051,      0.0156,      0.1996,   7696.9824,-428809.5000,  -1153.6470,    547.8541,  25656.6074,
       1,     168,      88,      24,       1,       3,       1,     10.0000,      1.3959,     42.5335,    247.3875,     62.2580,      3.4953,      0.0000,     -0.0320,      5.1920,      0.1536,      5.5560,     11.1120,      1.3573,     28.5853,     57.1705,      0.0191,      0.0041,      0.0156,      0.1996,   7696.9824,-426922.0938,  -1152.9337,    547.9834,  25656.6055,
       1,     168,      89,       1,       1,       3,       1,     10.0000,      1.3959,     42.5339,    247.3934,     62.2595,      3.4953,      0.0000,     -0.0318,      4.2851,      0.1484,      5.5565,     11.1131,      1.3117,     28.5911,     57.1822,      0.0191,      0.0034,      0.0156,      0.1996,   7696.9819,-425387.4375,  -1152.9094,    548.1014,  25657.7598,
       1,     168,      89,       2,       1,       3,       1,     10.0000,      1.3959,     42.5339,    247.3934,     62.2595,      3.4953,      0.0000,     -0.0317,      3.7756,      0.1467,      5.5565,     11.1131,      1.2959,     28.5911,     57.1822,      0.0191,      0.0030,      0.0156,      0.1996,   7697.3281,-423948.5000,  -1151.8103,    548.2000,  25657.7598,
       1,     168,      89,       3,       1,       3,       1,     10.0000,      1.3959,     42.5339,    247.3934,     62.2595,      3.4953,      0.0000,     -0.0316,      3.5376,      0.1440,      5.5565,     11.1131,      1.2726,     28.5911,     57.1822,      0.0191,      0.0028,      0.0156,      0.1996,   7697.3281,-423175.8438,  -1151.5189,    548.2529,  25657.7598,
       1,     168,      89,       4,       1,       3,       1,     10.0000,      1.3959,     42.5339,    247.3934,     62.2595,      3.4953,      0.0000,     -0.0315,      3.4407,      0.1411,      5.5565,     11.1131,      1.2471,     28.5911,     57.1822,      0.0191,      0.0027,      0.0156,      0.1996,   7697.3281,-422806.2500,  -1151.3812,    548.2783,  25657.7598,
       1,     168,      89,       5,       1,       3,       1,     10.0000,      1.3959,     42.5339,    247.3934,     62.2595,      3.4953,      0.0000,     -0.0315,      3.1027,      0.1390,      5.5565,     11.1131,      1.2284,     28.5911,     57.1822,      0.0191,      0.0025,      0.0156,      0.1996,   7697.3281,-422650.9375,  -1151.3252,    548.2889,  25657.7598,
       1,     168,      89,       6,       1,       3,       1,     10.0000,      1.3959,     42.5339,    247.3934,     62.2595,      3.4953,      0.0000,     -0.0315,      2.5884,      0.1393,      5.5565,     11.1131,      1.2309,     28.5911,     57.1822,      0.0191,      0.0020,      0.0156,      0.1996,   7697.3281,-422208.0312,  -1151.1589,    548.3193,  25657.7598,
       1,     168,      89,       7,       1,       3,       1,     10.0000,      1.3959,     42.5339,    247.3934,     62.2595,      3.4953,      0.0000,     -0.0315,      2.6860,      0.1410,      5.5565,     11.1131,      1.2459,     28.5911,     57.1822,      0.0191,      0.0021,      0.0156,      0.1996,   7697.3281,-421516.0625,  -1150.8977,    548.3667,  25657.7598,
       1,     168,      89,       8,       1,       3,       1,     10.0000,      1.3959,     42.5339,    247.3934,     62.2595,      3.4953,      0.0096,     -0.0220,      2.7591,      0.1407,      5.5565,     11.1131,      1.2434,     28.5911,     57.1822,      0.0191,      0.0022,      0.0156,      0.1996,   7697.3281,-421579.8438,  -1150.9242,    548.3624,  25657.7598,
       1,     168,      89,       9,       1,       3,       1,     10.0000,      1.3959,     42.5339,    247.3934,     62.2595,      3.4953,      0.1034,      0.0715,     24.6091,      0.1519,      5.5565,     11.1131,      1.3424,     28.5911,     57.1822,      0.0191,      0.0024,      0.1269,      0.1996,   7697.3281,-421678.2812,  -1150.9642,    548.3557,  25657.7598,
       1,     168,      89,      10,       1,       3,       1,     10.0000,      1.3959,     42.5339,    247.3934,     62.2595,      3.4953,      0.1657,      0.1331,     45.7621,      0.1725,      5.5565,     11.1131,      1.5245,     28.5911,     57.1822,      0.0191,      0.0026,      0.2152,      0.1996,   7697.3281,-449444.7812,  -1161.5770,    546.4523,  25657.7598,
       1,     168,      89,      11,       1,       3,       1,     10.0000,      1.3959,     42.5339,    247.3934,     62.2595,      3.4953,      0.1787,      0.1456,     52.9277,      0.1881,      5.5565,     11.1131,      1.6622,     28.5911,     57.1822,      0.0191,      0.0028,      0.2334,      0.1996,   7697.3281,-478754.9688,  -1172.8049,    544.4536,  25657.7578,
       1,     168,      89,      12,       1,       3,       1,     10.0000,      1.3959,     42.5339,    247.3934,     62.2595,      3.4953,      0.1904,      0.1566,     60.4343,      0.2120,      5.5565,     11.1131,      1.8732,     28.5911,     57.1822,      0.0191,      0.0030,      0.2500,      0.1996,   7697.3276,-490419.8438,  -1177.3508,    543.6633,  25657.5293,
       1,     168,      89,      13,       1,       3,       1,     10.0000,      1.3959,     42.5339,    247.3934,     62.2595,      3.4953,      0.1905,      0.1564,     61.9483,      0.2203,      5.5565,     11.1131,      1.9463,     28.5911,     57.1822,      0.0191,      0.0031,      0.2500,      0.1996,   7697.2593,-501002.8438,  -1181.6290,    542.9447,  25657.4863,
       1,     168,      89,      14,       1,       3,       1,     10.0000,      1.3959,     42.5339,    247.3934,     62.2595,      3.4953,      0.1913,      0.1571,     72.4566,      0.2251,      5.5565,     11.1131,      1.9887,     28.5911,     57.1822,      0.0191,      0.0036,      0.2500,      0.1995,   7697.2461,-503852.7812,  -1182.9187,    542.7518,  25657.4688,
       1,     168,      89,      15,       1,       3,       1,     10.0000,      1.3959,     42.5339,    247.3934,     62.2595,      3.4953,      0.1932,      0.1591,     96.8113,      0.2205,      5.5565,     11.1131,      1.9482,     28.5911,     57.1822,      0.0191,      0.0048,      0.2500,      0.1995,   7697.2407,-517467.9688,  -1188.3317,    541.8281,  25657.4199,
       1,     168,      89,      16,       1,       3,       1,     10.0000,      1.3959,     42.5339,    247.3934,     62.2595,      3.4953,      0.1948,      0.1609,    117.0730,      0.2141,      5.5565,     11.1131,      1.8917,     28.5911,     57.1822,      0.0191,      0.0058,      0.2500,      0.1995,   7697.2261,-549642.6250,  -1200.9366,    539.6497,  25657.3125,
       1,     168,      89,      17,       1,       3,       1,     10.0000,      1.3959,     42.5339,    247.3934,     62.2595,      3.4953,      0.1893,      0.1555,    140.6036,      0.2107,      5.5565,     11.1131,      1.8621,     28.5911,     57.1822,      0.0191,      0.0072,      0.2392,      0.1995,   7697.1938,-578250.3750,  -1212.3837,    537.7244,  25657.2148,
       1,     168,      89,      18,       1,       3,       1,     10.0000,      1.3959,     42.5339,    247.3934,     62.2595,      3.4953,      0.1584,      0.1251,    115.9106,      0.1932,      5.5565,     11.1131,      1.7073,     28.5911,     57.1822,      0.0191,      0.0073,      0.1964,      0.1994,   7697.1646,-610715.8125,  -1225.4829,    535.5455,  25657.1055,
       1,     168,      89,      19,       1,       3,       1,     10.0000,      1.3959,     42.5339,    247.3934,     62.2595,      3.4953,      0.0935,      0.0606,     63.6813,      0.1808,      5.5565,     11.1131,      1.5975,     28.5911,     57.1822,      0.0191,      0.0073,      0.1075,      0.1994,   7697.1318,-582089.6875,  -1215.3307,    537.4664,  25657.1738,
       1,     168,      89,      20,       1,       3,       1,     10.0000,      1.3959,     42.5339,    247.3934,     62.2595,      3.4953,      0.0202,     -0.0123,      4.3677,      0.1703,      5.5565,     11.1131,      1.5048,     28.5911,     57.1822,      0.0191,      0.0072,      0.0075,      0.1994,   7697.1523,-513083.5625,  -1189.3970,    542.1058,  25657.3691,
       1,     168,      89,      21,       1,       3,       1,     10.0000,      1.3959,     42.5339,    247.3934,     62.2595,      3.4953,      0.0000,     -0.0323,      9.0231,      0.1630,      5.5565,     11.1131,      1.4401,     28.5911,     57.1822,      0.0191,      0.0071,      0.0156,      0.1995,   7697.2109,-431686.5312,  -1158.2123,    547.6417,  25657.7461,
       1,     168,      89,      22,       1,       3,       1,     10.0000,      1.3959,     42.5339,    247.3934,     62.2595,      3.4953,      0.0000,     -0.0322,      8.6256,      0.1583,      5.5565,     11.1131,      1.3988,     28.5911,     57.1822,      0.0191,      0.0068,      0.0156,      0.1996,   7697.3242,-430554.0938,  -1157.6057,    547.7475,  25657.7461,
       1,     168,      89,      23,       1,       3,       1,     10.0000,      1.3959,     42.5339,    247.3934,     62.2595,      3.4953,      0.0000,     -0.0321,      7.2889,      0.1574,      5.5565,     11.1131,      1.3904,     28.5911,     57.1822,      0.0191,      0.0058,      0.0156,      0.1996,   7697.3242,-429914.5312,  -1157.3687,    547.7913,  25657.7461,
       1,     168,      89,      24,       1,       3,       1,     10.0000,      1.3959,     42.5339,    247.3934,     62.2595,      3.4953,      0.0000,     -0.0320,      6.1638,      0.1547,      5.5565,     11.1131,      1.3669,     28.5911,     57.1822,      0.0191,      0.0049,      0.0156,      0.1996,   7697.3242,-428160.5938,  -1156.7017,    547.9115,  25657.7461,
       1,     168,      90,       1,       1,       3,       1,     10.0000,      1.3960,     42.5342,    247.3992,     62.2610,      3.4953,      0.0000,     -0.0320,      5.1574,      0.1544,      5.5564,     11.1129,      1.3642,     28.5979,     57.1957,      0.0191,      0.0041,      0.0156,      0.1996,   7697.3242,-426733.6250,  -1156.7200,    548.0220,  25658.9004,
       1,     168,      90,       2,       1,       3,       1,     10.0000,      1.3960,     42.5342,    247.3992,     62.2610,      3.4953,      0.0000,     -0.0320,      4.4653,      0.1535,      5.5564,     11.1129,      1.3560,     28.5979,     57.1957,      0.0191,      0.0035,      0.0156,      0.1996,   7697.6704,-425177.8750,  -1155.5676,    548.1287,  25658.9004,
       1,     168,      90,       3,       1,       3,       1,     10.0000,      1.3960,     42.5342,    247.3992,     62.2610,      3.4953,      0.0000,     -0.0319,      3.9131,      0.1516,      5.5564,     11.1129,      1.3397,     28.5979,     57.1957,      0.0191,      0.0031,      0.0156,      0.1996,   7697.6704,-424163.2500,  -1155.1819,    548.1982,  25658.9004,
       1,     168,      90,       4,       1,       3,       1,     10.0000,      1.3960,     42.5342,    247.3992,     62.2610,      3.4953,      0.0000,     -0.0318,      3.9035,      0.1474,      5.5564,     11.1129,      1.3025,     28.5979,     57.1957,      0.0191,      0.0031,      0.0156,      0.1996,   7697.6704,-423373.4062,  -1154.8821,    548.2523,  25658.9004,
       1,     168,      90,       5,       1,       3,       1,     10.0000,      1.3960,     42.5342,    247.3992,     62.2610,      3.4953,      0.0000,     -0.0318,      3.9983,      0.1468,      5.5564,     11.1129,      1.2972,     28.5979,     57.1957,      0.0191,      0.0032,      0.0156,      0.1996,   7697.6704,-423292.5312,  -1154.8549,    548.2578,  25658.9004,
       1,     168,      90,       6,       1,       3,       1,     10.0000,      1.3960,     42.5342,    247.3992,     62.2610,      3.4953,      0.0000,     -0.0316,      3.7408,      0.1431,      5.5564,     11.1129,      1.2649,     28.5979,     57.1957,      0.0191,      0.0030,      0.0156,      0.1996,   7697.6704,-423405.8750,  -1154.9022,    548.2501,  25658.9004,
       1,     168,      90,       7,       1,       3,       1,     10.0000,      1.3960,     42.5342,    247.3992,     62.2610,      3.4953,      0.0000,     -0.0315,      3.6877,      0.1403,      5.5564,     11.1129,      1.2396,     28.5979,     57.1957,      0.0191,      0.0029,      0.0156,      0.1996,   7697.6704,-423088.7188,  -1154.7841,    548.2719,  25658.9004,
       1,     168,      90,       8,       1,       3,       1,     10.0000,      1.3960,     42.5342,    247.3992,     62.2610,      3.4953,      0.0110,     -0.0205,      3.3848,      0.1410,      5.5564,     11.1129,      1.2459,     28.5979,     57.1957,      0.0191,      0.0027,      0.0156,      0.1996,   7697.6704,-422993.4688,  -1154.7510,    548.2783,  25658.9004,
       1,     168,      90,       9,       1,       3,       1,     10.0000,      1.3960,     42.5342,    247.3992,     62.2610,      3.4953,      0.1019,      0.0700,     25.8969,      0.1524,      5.5564,     11.1129,      1.3465,     28.5979,     57.1957,      0.0191,      0.0026,      0.1246,      0.1996,   7697.6704,-422600.5625,  -1154.6030,    548.3053,  25658.9004,
       1,     168,      90,      10,       1,       3,       1,     10.0000,      1.3960,     42.5342,    247.3992,     62.2610,      3.4953,      0.1663,      0.1337,     46.3069,      0.1729,      5.5564,     11.1129,      1.5275,     28.5979,     57.1957,      0.0191,      0.0026,      0.2159,      0.1996,   7697.6704,-451162.4375,  -1165.6150,    546.3477,  25658.9004,
       1,     168,      90,      11,       1,       3,       1,     10.0000,      1.3960,     42.5342,    247.3992,     62.2610,      3.4953,      0.1848,      0.1515,     49.9728,      0.1940,      5.5564,     11.1129,      1.7141,     28.5979,     57.1957,      0.0191,      0.0025,      0.2427,      0.1996,   7697.6704,-479595.0938,  -1176.6038,    544.4094,  25658.8984,
       1,     168,      90,      12,       1,       3,       1,     10.0000,      1.3960,     42.5342,    247.3992,     62.2610,      3.4953,      0.1896,      0.1558,     50.1140,      0.2126,      5.5564,     11.1129,      1.8787,     28.5979,     57.1957,      0.0191,      0.0025,      0.2500,      0.1996,   7697.6699,-486732.1562,  -1179.4452,    543.9272,  25658.8984,
       1,     168,      90,      13,       1,       3,       1,     10.0000,      1.3960,     42.5342,    247.3992,     62.2610,      3.4953,      0.1902,      0.1561,     57.7460,      0.2194,      5.5564,     11.1129,      1.9387,     28.5979,     57.1957,      0.0191,      0.0028,      0.2500,      0.1996,   7697.6699,-487527.4375,  -1179.8634,    543.8734,  25658.8984,
       1,     168,      90,      14,       1,       3,       1,     10.0000,      1.3960,     42.5342,    247.3992,     62.2610,      3.4953,      0.1909,      0.1567,     68.1111,      0.2257,      5.5564,     11.1129,      1.9947,     28.5979,     57.1957,      0.0191,      0.0034,      0.2500,      0.1996,   7697.6699,-497300.2812,  -1183.7462,    543.2089,  25658.5020,
       1,     168,      90,      15,       1,       3,       1,     10.0000,      1.3960,     42.5342,    247.3992,     62.2610,      3.4953,      0.1928,      0.1585,     92.4030,      0.2297,      5.5564,     11.1129,      2.0301,     28.5979,     57.1957,      0.0191,      0.0046,      0.2500,      0.1996,   7697.5508,-511378.0000,  -1189.5275,    542.2534,  25658.4492,
       1,     168,      90,      16,       1,       3,       1,     10.0000,      1.3960,     42.5342,    247.3992,     62.2610,      3.4953,      0.1932,      0.1589,    134.6206,      0.2306,      5.5564,     11.1129,      2.0381,     28.5979,     57.1957,      0.0191,      0.0067,      0.2458,      0.1996,   7697.5352,-543506.1250,  -1202.1859,    540.0767,  25658.3418,
       1,     168,      90,      17,       1,       3,       1,     10.0000,      1.3960,     42.5342,    247.3992,     62.2610,      3.4953,      0.1881,      0.1541,    153.3596,      0.2198,      5.5564,     11.1129,      1.9425,     28.5979,     57.1957,      0.0191,      0.0080,      0.2360,      0.1995,   7697.5029,-600046.1250,  -1224.4788,    536.2639,  25658.1621,
       1,     168,      90,      18,       1,       3,       1,     10.0000,      1.3960,     42.5342,    247.3992,     62.2610,      3.4953,      0.1723,      0.1385,    142.1407,      0.2079,      5.5564,     11.1129,      1.8367,     28.5979,     57.1957,      0.0191,      0.0082,      0.2139,      0.1994,   7697.4487,-628882.1250,  -1236.4337,    534.3444,  25658.0586,
       1,     168,      90,      19,       1,       3,       1,     10.0000,      1.3960,     42.5342,    247.3992,     62.2610,      3.4953,      0.1273,      0.0940,    100.5758,      0.1942,      5.5564,     11.1129,      1.7158,     28.5979,     57.1957,      0.0191,      0.0081,      0.1526,      0.1994,   7697.4180,-617092.7500,  -1232.8245,    535.1353,  25658.0801,
       1,     168,      90,      20,       1,       3,       1,     10.0000,      1.3960,     42.5342,    247.3992,     62.2610,      3.4953,      0.0169,     -0.0157,      1.7042,      0.1706,      5.5564,     11.1129,      1.5079,     28.5979,     57.1957,      0.0191,      0.0073,      0.0029,      0.1994,   7697.4243,-563098.3125,  -1212.7145,    538.7476,  25658.2305,
       1,     168,      90,      21,       1,       3,       1,     10.0000,      1.3960,     42.5342,    247.3992,     62.2610,      3.4953,      0.0000,     -0.0323,      8.2289,      0.1612,      5.5564,     11.1129,      1.4243,     28.5979,     57.1957,      0.0191,      0.0065,      0.0156,      0.1995,   7697.4692,-432570.5000,  -1162.4409,    547.5501,  25658.8867,
       1,     168,      90,      22,       1,       3,       1,     10.0000,      1.3960,     42.5342,    247.3992,     62.2610,      3.4953,      0.0000,     -0.0322,      7.2597,      0.1581,      5.5564,     11.1129,      1.3975,     28.5979,     57.1957,      0.0191,      0.0057,      0.0156,      0.1996,   7697.6665,-429680.8750,  -1161.0115,    547.8201,  25658.8867,
       1,     168,      90,      23,       1,       3,       1,     10.0000,      1.3960,     42.5342,    247.3992,     62.2610,      3.4953,      0.0000,     -0.0318,      6.7072,      0.1495,      5.5564,     11.1129,      1.3210,     28.5979,     57.1957,      0.0191,      0.0053,      0.0156,      0.1996,   7697.6665,-428106.5000,  -1160.4082,    547.9280,  25658.8867,
       1,     168,      90,      24,       1,       3,       1,     10.0000,      1.3960,     42.5342,    247.3992,     62.2610,      3.4953,      0.0000,     -0.0316,      5.7814,      0.1429,      5.5564,     11.1129,      1.2624,     28.5979,     57.1957,      0.0191,      0.0046,      0.0156,      0.1996,   7697.6665,-427267.4688,  -1160.0897,    547.9855,  25658.8867,
       1,     168,      91,       1,       1,       3,       1,     10.0000,      1.3960,     42.5345,    247.4050,     62.2624,      3.4953,      0.0000,     -0.0316,      4.4582,      0.1414,      5.5560,     11.1120,      1.2497,     28.6057,     57.2113,      0.0191,      0.0035,      0.0156,      0.1997,   7697.6665,-426174.0000,  -1160.2374,    548.0734,  25660.0391,
       1,     168,      91,       2,       1,       3,       1,     10.0000,      1.3960,     42.5345,    247.4050,     62.2624,      3.4953,      0.0000,     -0.0315,      3.5901,      0.1407,      5.5560,     11.1120,      1.2434,     28.6057,     57.2113,      0.0191,      0.0028,      0.0156,      0.1997,   7698.0122,-424244.9688,  -1158.9294,    548.2055,  25660.0391,
       1,     168,      91,       3,       1,       3,       1,     10.0000,      1.3960,     42.5345,    247.4050,     62.2624,      3.4953,      0.0000,     -0.0315,      3.0089,      0.1403,      5.5560,     11.1120,      1.2397,     28.6057,     57.2113,      0.0191,      0.0024,      0.0156,      0.1997,   7698.0122,-422974.5000,  -1158.4402,    548.2925,  25660.0391,
       1,     168,      91,       4,       1,       3,       1,     10.0000,      1.3960,     42.5345,    247.4050,     62.2624,      3.4953,      0.0000,     -0.0314,      2.4110,      0.1365,      5.5560,     11.1120,      1.2063,     28.6057,     57.2113,      0.0191,      0.0019,      0.0156,      0.1997,   7698.0122,-422125.8125,  -1158.1135,    548.3508,  25660.0391,
       1,     168,      91,       5,       1,       3,       1,     10.0000,      1.3960,     42.5345,    247.4050,     62.2624,      3.4953,      0.0000,     -0.0312,      1.9524,      0.1313,      5.5560,     11.1120,      1.1607,     28.6057,     57.2113,      0.0191,      0.0015,      0.0156,      0.1997,   7698.0122,-421292.4062,  -1157.7926,    548.4079,  25660.0391,
       1,     168,      91,       6,       1,       3,       1,     10.0000,      1.3960,     42.5345,    247.4050,     62.2624,      3.4953,      0.0000,     -0.0311,      1.6998,      0.1300,      5.5560,     11.1120,      1.1489,     28.6057,     57.2113,      0.0191,      0.0013,      0.0156,      0.1997,   7698.0122,-420637.4062,  -1157.5405,    548.4528,  25660.0391,
       1,     168,      91,       7,       1,       3,       1,     10.0000,      1.3960,     42.5345,    247.4050,     62.2624,      3.4953,      0.0000,     -0.0311,      1.3628,      0.1281,      5.5560,     11.1120,      1.1315,     28.6057,     57.2113,      0.0191,      0.0011,      0.0156,      0.1997,   7698.0122,-420259.6250,  -1157.3956,    548.4787,  25660.0391,
       1,     168,      91,       8,       1,       3,       1,     10.0000,      1.3960,     42.5345,    247.4050,     62.2624,      3.4953,      0.0099,     -0.0213,      1.1891,      0.1303,      5.5560,     11.1120,      1.1513,     28.6057,     57.2113,      0.0191,      0.0009,      0.0156,      0.1997,   7698.0122,-419798.6250,  -1157.2180,    548.5103,  25660.0391,
       1,     168,      91,       9,       1,       3,       1,     10.0000,      1.3960,     42.5345,    247.4050,     62.2624,      3.4953,      0.1140,      0.0823,      9.0793,      0.1436,      5.5560,     11.1120,      1.2688,     28.6057,     57.2113,      0.0191,      0.0008,      0.1442,      0.1997,   7698.0122,-419537.9688,  -1157.1182,    548.5281,  25660.0391,
       1,     168,      91,      10,       1,       3,       1,     10.0000,      1.3960,     42.5345,    247.4050,     62.2624,      3.4953,      0.1660,      0.1335,     17.0163,      0.1658,      5.5560,     11.1120,      1.4648,     28.6057,     57.2113,      0.0191,      0.0010,      0.2188,      0.1997,   7698.0122,-429536.1250,  -1161.0098,    547.8427,  25660.0391,
       1,     168,      91,      11,       1,       3,       1,     10.0000,      1.3960,     42.5345,    247.4050,     62.2624,      3.4953,      0.1875,      0.1542,     20.8523,      0.1940,      5.5560,     11.1120,      1.7141,     28.6057,     57.2113,      0.0191,      0.0010,      0.2500,      0.1997,   7698.0122,-440489.5938,  -1165.2821,    547.0930,  25660.0391,
       1,     168,      91,      12,       1,       3,       1,     10.0000,      1.3960,     42.5345,    247.4050,     62.2624,      3.4953,      0.1877,      0.1536,     25.4554,      0.2198,      5.5560,     11.1120,      1.9426,     28.6057,     57.2113,      0.0191,      0.0013,      0.2500,      0.1997,   7698.0122,-446317.1250,  -1167.5695,    546.6949,  25660.0391,
       1,     168,      91,      13,       1,       3,       1,     10.0000,      1.3960,     42.5345,    247.4050,     62.2624,      3.4953,      0.1884,      0.1538,     36.9096,      0.2394,      5.5560,     11.1120,      2.1152,     28.6057,     57.2113,      0.0191,      0.0018,      0.2500,      0.1996,   7698.0122,-452672.0938,  -1170.0677,    546.2608,  25660.0371,
       1,     168,      91,      14,       1,       3,       1,     10.0000,      1.3960,     42.5345,    247.4050,     62.2624,      3.4953,      0.1901,      0.1554,     58.8282,      0.2450,      5.5560,     11.1120,      2.1652,     28.6057,     57.2113,      0.0191,      0.0029,      0.2500,      0.1996,   7698.0112,-467779.4375,  -1175.9808,    545.2294,  25660.0371,
       1,     168,      91,      15,       1,       3,       1,     10.0000,      1.3960,     42.5345,    247.4050,     62.2624,      3.4953,      0.1924,      0.1577,     88.7837,      0.2436,      5.5560,     11.1120,      2.1526,     28.6057,     57.2113,      0.0191,      0.0044,      0.2500,      0.1996,   7698.0112,-496952.3438,  -1187.3953,    543.2421,  25659.5254,
       1,     168,      91,      16,       1,       3,       1,     10.0000,      1.3960,     42.5345,    247.4050,     62.2624,      3.4953,      0.1914,      0.1566,    133.3849,      0.2453,      5.5560,     11.1120,      2.1674,     28.6057,     57.2113,      0.0191,      0.0068,      0.2434,      0.1996,   7697.8579,-537644.8750,  -1203.6366,    540.4825,  25659.3926,
       1,     168,      91,      17,       1,       3,       1,     10.0000,      1.3960,     42.5345,    247.4050,     62.2624,      3.4953,      0.1850,      0.1504,    161.1617,      0.2384,      5.5560,     11.1120,      2.1069,     28.6057,     57.2113,      0.0191,      0.0086,      0.2307,      0.1995,   7697.8179,-597956.8125,  -1227.5609,    536.4148,  25659.2012,
       1,     168,      91,      18,       1,       3,       1,     10.0000,      1.3960,     42.5345,    247.4050,     62.2624,      3.4953,      0.1704,      0.1363,    163.2775,      0.2218,      5.5560,     11.1120,      1.9598,     28.6057,     57.2113,      0.0191,      0.0096,      0.2088,      0.1995,   7697.7607,-638631.1250,  -1244.2175,    533.7028,  25659.0645,
       1,     168,      91,      19,       1,       3,       1,     10.0000,      1.3960,     42.5345,    247.4050,     62.2624,      3.4953,      0.1284,      0.0947,    110.7419,      0.2058,      5.5560,     11.1120,      1.8187,     28.6057,     57.2113,      0.0191,      0.0089,      0.1530,      0.1994,   7697.7197,-644879.8750,  -1247.6843,    533.2928,  25659.0293,
       1,     168,      91,      20,       1,       3,       1,     10.0000,      1.3960,     42.5345,    247.4050,     62.2624,      3.4953,      0.0135,     -0.0195,     10.4431,      0.1839,      5.5560,     11.1120,      1.6248,     28.6057,     57.2113,      0.0191,      0.0082,      0.0156,      0.1994,   7697.7090,-578445.8750,  -1222.7147,    537.7215,  25659.2188,
       1,     168,      91,      21,       1,       3,       1,     10.0000,      1.3960,     42.5345,    247.4050,     62.2624,      3.4953,      0.0000,     -0.0324,      9.8575,      0.1666,      5.5560,     11.1120,      1.4722,     28.6057,     57.2113,      0.0191,      0.0078,      0.0156,      0.1995,   7697.7661,-445019.9688,  -1170.9266,    546.7081,  25660.0273,
       1,     168,      91,      22,       1,       3,       1,     10.0000,      1.3960,     42.5345,    247.4050,     62.2624,      3.4953,      0.0000,     -0.0323,      9.5275,      0.1627,      5.5560,     11.1120,      1.4373,     28.6057,     57.2113,      0.0191,      0.0075,      0.0156,      0.1996,   7698.0083,-432838.7188,  -1165.7786,    547.6161,  25660.0273,
       1,     168,      91,      23,       1,       3,       1,     10.0000,      1.3960,     42.5345,    247.4050,     62.2624,      3.4953,      0.0000,     -0.0320,      8.0633,      0.1541,      5.5560,     11.1120,      1.3615,     28.6057,     57.2113,      0.0191,      0.0064,      0.0156,      0.1997,   7698.0083,-431266.2812,  -1165.1741,    547.7245,  25660.0273,
       1,     168,      91,      24,       1,       3,       1,     10.0000,      1.3960,     42.5345,    247.4050,     62.2624,      3.4953,      0.0000,     -0.0319,      7.0241,      0.1501,      5.5560,     11.1120,      1.3263,     28.6057,     57.2113,      0.0191,      0.0055,      0.0156,      0.1997,   7698.0083,-429268.6250,  -1164.4009,    547.8614,  25660.0254,
       1,     168,      92,       1,       1,       3,       1,     10.0000,      1.3960,     42.5349,    247.4109,     62.2639,      3.4953,      0.0000,     -0.0318,      6.0698,      0.1476,      5.5565,     11.1131,      1.3039,     28.6135,     57.2270,      0.0191,      0.0048,      0.0156,      0.1997,   7698.0078,-427930.2812,  -1164.4574,    547.9659,  25661.1816,
       1,     168,      92,       2,       1,       3,       1,     10.0000,      1.3960,     42.5349,    247.4109,     62.2639,      3.4953,      0.0000,     -0.0316,      3.9404,      0.1411,      5.5565,     11.1131,      1.2472,     28.6135,     57.2270,      0.0191,      0.0031,      0.0156,      0.1997,   7698.3550,-426448.3125,  -1163.3123,    548.0674,  25661.1816,
       1,     168,      92,       3,       1,       3,       1,     10.0000,      1.3960,     42.5349,    247.4109,     62.2639,      3.4953,      0.0000,     -0.0314,      3.0831,      0.1375,      5.5565,     11.1131,      1.2149,     28.6135,     57.2270,      0.0191,      0.0024,      0.0156,      0.1997,   7698.3550,-423614.8750,  -1162.2068,    548.2615,  25661.1816,
       1,     168,      92,       4,       1,       3,       1,     10.0000,      1.3960,     42.5349,    247.4109,     62.2639,      3.4953,      0.0000,     -0.0315,      2.7851,      0.1402,      5.5565,     11.1131,      1.2384,     28.6135,     57.2270,      0.0191,      0.0022,      0.0156,      0.1997,   7698.3550,-422279.7188,  -1161.6871,    548.3531,  25661.1816,
       1,     168,      92,       5,       1,       3,       1,     10.0000,      1.3960,     42.5349,    247.4109,     62.2639,      3.4953,      0.0000,     -0.0315,      2.6686,      0.1400,      5.5565,     11.1131,      1.2372,     28.6135,     57.2270,      0.0191,      0.0021,      0.0156,      0.1997,   7698.3550,-421785.0000,  -1161.4966,    548.3870,  25661.1816,
       1,     168,      92,       6,       1,       3,       1,     10.0000,      1.3960,     42.5349,    247.4109,     62.2639,      3.4953,      0.0000,     -0.0313,      2.2635,      0.1332,      5.5565,     11.1131,      1.1773,     28.6135,     57.2270,      0.0191,      0.0018,      0.0156,      0.1997,   7698.3550,-421593.8750,  -1161.4244,    548.4001,  25661.1816,
       1,     168,      92,       7,       1,       3,       1,     10.0000,      1.3960,     42.5349,    247.4109,     62.2639,      3.4953,      0.0000,     -0.0311,      1.7619,      0.1281,      5.5565,     11.1131,      1.1316,     28.6135,     57.2270,      0.0191,      0.0014,      0.0156,      0.1997,   7698.3550,-421062.8125,  -1161.2190,    548.4365,  25661.1816,
       1,     168,      92,       8,       1,       3,       1,     10.0000,      1.3960,     42.5349,    247.4109,     62.2639,      3.4953,      0.0113,     -0.0197,      1.2111,      0.1278,      5.5565,     11.1131,      1.1293,     28.6135,     57.2270,      0.0191,      0.0010,      0.0156,      0.1997,   7698.3550,-420379.6562,  -1160.9534,    548.4833,  25661.1816,
       1,     168,      92,       9,       1,       3,       1,     10.0000,      1.3960,     42.5349,    247.4109,     62.2639,      3.4953,      0.1154,      0.0837,     11.5496,      0.1442,      5.5565,     11.1131,      1.2740,     28.6135,     57.2270,      0.0191,      0.0010,      0.1459,      0.1997,   7698.3550,-419620.6562,  -1160.6570,    548.5354,  25661.1816,
       1,     168,      92,      10,       1,       3,       1,     10.0000,      1.3960,     42.5349,    247.4109,     62.2639,      3.4953,      0.1703,      0.1378,     20.0201,      0.1683,      5.5565,     11.1131,      1.4870,     28.6135,     57.2270,      0.0191,      0.0011,      0.2248,      0.1997,   7698.3550,-432683.3125,  -1165.7883,    547.6397,  25661.1816,
       1,     168,      92,      11,       1,       3,       1,     10.0000,      1.3960,     42.5349,    247.4109,     62.2639,      3.4953,      0.1875,      0.1542,     20.4598,      0.1911,      5.5565,     11.1131,      1.6889,     28.6135,     57.2270,      0.0191,      0.0010,      0.2500,      0.1997,   7698.3550,-444581.2812,  -1170.4738,    546.8260,  25661.1797,
       1,     168,      92,      12,       1,       3,       1,     10.0000,      1.3960,     42.5349,    247.4109,     62.2639,      3.4953,      0.1848,      0.1511,     15.8910,      0.2054,      5.5565,     11.1131,      1.8152,     28.6135,     57.2270,      0.0191,      0.0008,      0.2467,      0.1997,   7698.3540,-446175.9375,  -1171.1262,    546.7176,  25661.1797,
       1,     168,      92,      13,       1,       3,       1,     10.0000,      1.3960,     42.5349,    247.4109,     62.2639,      3.4953,      0.1875,      0.1531,     23.9444,      0.2322,      5.5565,     11.1131,      2.0522,     28.6135,     57.2270,      0.0191,      0.0012,      0.2500,      0.1997,   7698.3540,-440509.7188,  -1168.9277,    547.1048,  25661.1797,
       1,     168,      92,      14,       1,       3,       1,     10.0000,      1.3960,     42.5349,    247.4109,     62.2639,      3.4953,      0.1888,      0.1538,     42.8042,      0.2545,      5.5565,     11.1131,      2.2490,     28.6135,     57.2270,      0.0191,      0.0021,      0.2500,      0.1997,   7698.3540,-450247.5938,  -1172.7722,    546.4390,  25661.1797,
       1,     168,      92,      15,       1,       3,       1,     10.0000,      1.3960,     42.5349,    247.4109,     62.2639,      3.4953,      0.1913,      0.1561,     75.7209,      0.2615,      5.5565,     11.1131,      2.3110,     28.6135,     57.2270,      0.0191,      0.0037,      0.2500,      0.1997,   7698.3540,-475055.9062,  -1182.5464,    544.7449,  25661.1797,
       1,     168,      92,      16,       1,       3,       1,     10.0000,      1.3960,     42.5349,    247.4109,     62.2639,      3.4953,      0.1898,      0.1546,    111.0240,      0.2625,      5.5565,     11.1131,      2.3200,     28.6135,     57.2270,      0.0191,      0.0056,      0.2437,      0.1996,   7698.3540,-519053.8750,  -1199.9086,    541.7515,  25660.4961,
       1,     168,      92,      17,       1,       3,       1,     10.0000,      1.3960,     42.5349,    247.4109,     62.2639,      3.4953,      0.1858,      0.1512,    127.4665,      0.2401,      5.5565,     11.1131,      2.1214,     28.6135,     57.2270,      0.0191,      0.0067,      0.2357,      0.1996,   7698.1489,-567874.5000,  -1219.6880,    538.4537,  25660.3320,
       1,     168,      92,      18,       1,       3,       1,     10.0000,      1.3960,     42.5349,    247.4109,     62.2639,      3.4953,      0.1712,      0.1371,    141.6545,      0.2214,      5.5565,     11.1131,      1.9560,     28.6135,     57.2270,      0.0191,      0.0082,      0.2124,      0.1995,   7698.1001,-593077.9375,  -1230.2107,    536.7673,  25660.2500,
       1,     168,      92,      19,       1,       3,       1,     10.0000,      1.3960,     42.5349,    247.4109,     62.2639,      3.4953,      0.1252,      0.0918,    110.2678,      0.1986,      5.5565,     11.1131,      1.7553,     28.6135,     57.2270,      0.0191,      0.0092,      0.1484,      0.1995,   7698.0752,-613336.2500,  -1238.9142,    535.4108,  25660.1738,
       1,     168,      92,      20,       1,       3,       1,     10.0000,      1.3960,     42.5349,    247.4109,     62.2639,      3.4953,      0.0164,     -0.0165,      1.4463,      0.1801,      5.5565,     11.1131,      1.5913,     28.6135,     57.2270,      0.0191,      0.0099,      0.0018,      0.1995,   7698.0522,-575121.3125,  -1224.6876,    537.9701,  25660.2812,
       1,     168,      92,      21,       1,       3,       1,     10.0000,      1.3960,     42.5349,    247.4109,     62.2639,      3.4953,      0.0000,     -0.0324,     12.3183,      0.1649,      5.5565,     11.1131,      1.4576,     28.6135,     57.2270,      0.0191,      0.0097,      0.0156,      0.1995,   7698.0845,-433281.9062,  -1169.1964,    547.5143,  25661.1719,
       1,     168,      92,      22,       1,       3,       1,     10.0000,      1.3960,     42.5349,    247.4109,     62.2639,      3.4953,      0.0000,     -0.0322,      9.9289,      0.1586,      5.5565,     11.1131,      1.4017,     28.6135,     57.2270,      0.0191,      0.0078,      0.0156,      0.1997,   7698.3521,-434959.6875,  -1169.4347,    547.4847,  25661.1719,
       1,     168,      92,      23,       1,       3,       1,     10.0000,      1.3960,     42.5349,    247.4109,     62.2639,      3.4953,      0.0000,     -0.0321,      9.1367,      0.1563,      5.5565,     11.1131,      1.3808,     28.6135,     57.2270,      0.0191,      0.0072,      0.0156,      0.1997,   7698.3521,-431962.3750,  -1168.2643,    547.6898,  25661.1719,
       1,     168,      92,      24,       1,       3,       1,     10.0000,      1.3960,     42.5349,    247.4109,     62.2639,      3.4953,      0.0000,     -0.0320,      7.3783,      0.1536,      5.5565,     11.1131,      1.3574,     28.6135,     57.2270,      0.0191,      0.0058,      0.0156,      0.1997,   7698.3521,-430695.6250,  -1167.7754,    547.7765,  25661.1699,
       1,     168,      93,       1,       1,       3,       1,     10.0000,      1.3960,     42.5352,    247.4168,     62.2654,      3.4953,      0.0000,     -0.0319,      6.1691,      0.1504,      5.5567,     11.1133,      1.3291,     28.6213,     57.2426,      0.0191,      0.0049,      0.0156,      0.1997,   7698.3511,-428507.4688,  -1167.4972,    547.9393,  25662.3262,
       1,     168,      93,       2,       1,       3,       1,     10.0000,      1.3960,     42.5352,    247.4168,     62.2654,      3.4953,      0.0000,     -0.0314,      4.4271,      0.1362,      5.5567,     11.1133,      1.2039,     28.6213,     57.2426,      0.0191,      0.0035,      0.0156,      0.1997,   7698.6982,-426627.9688,  -1166.1882,    548.0681,  25662.3262,
       1,     168,      93,       3,       1,       3,       1,     10.0000,      1.3960,     42.5352,    247.4168,     62.2654,      3.4953,      0.0000,     -0.0312,      3.2756,      0.1324,      5.5567,     11.1133,      1.1702,     28.6213,     57.2426,      0.0191,      0.0026,      0.0156,      0.1997,   7698.6982,-424252.4062,  -1165.2559,    548.2308,  25662.3262,
       1,     168,      93,       4,       1,       3,       1,     10.0000,      1.3960,     42.5352,    247.4168,     62.2654,      3.4953,      0.0000,     -0.0312,      3.0812,      0.1323,      5.5567,     11.1133,      1.1690,     28.6213,     57.2426,      0.0191,      0.0024,      0.0156,      0.1997,   7698.6982,-422583.5938,  -1164.6017,    548.3452,  25662.3262,
       1,     168,      93,       5,       1,       3,       1,     10.0000,      1.3960,     42.5352,    247.4168,     62.2654,      3.4953,      0.0000,     -0.0312,      2.8846,      0.1310,      5.5567,     11.1133,      1.1572,     28.6213,     57.2426,      0.0191,      0.0023,      0.0156,      0.1997,   7698.6982,-422191.3750,  -1164.4504,    548.3721,  25662.3262,
       1,     168,      93,       6,       1,       3,       1,     10.0000,      1.3960,     42.5352,    247.4168,     62.2654,      3.4953,      0.0000,     -0.0311,      2.4336,      0.1286,      5.5567,     11.1133,      1.1362,     28.6213,     57.2426,      0.0191,      0.0019,      0.0156,      0.1997,   7698.6982,-421907.5625,  -1164.3414,    548.3915,  25662.3262,
       1,     168,      93,       7,       1,       3,       1,     10.0000,      1.3960,     42.5352,    247.4168,     62.2654,      3.4953,      0.0000,     -0.0311,      1.3908,      0.1295,      5.5567,     11.1133,      1.1443,     28.6213,     57.2426,      0.0191,      0.0011,      0.0156,      0.1997,   7698.6982,-421310.1250,  -1164.1084,    548.4324,  25662.3262,
       1,     168,      93,       8,       1,       3,       1,     10.0000,      1.3960,     42.5352,    247.4168,     62.2654,      3.4953,      0.0069,     -0.0242,      0.7605,      0.1275,      5.5567,     11.1133,      1.1270,     28.6213,     57.2426,      0.0191,      0.0006,      0.0156,      0.1997,   7698.6982,-419934.1562,  -1163.5670,    548.5268,  25662.3242,
       1,     168,      93,       9,       1,       3,       1,     10.0000,      1.3960,     42.5352,    247.4168,     62.2654,      3.4953,      0.1109,      0.0795,      4.9661,      0.1365,      5.5567,     11.1133,      1.2063,     28.6213,     57.2426,      0.0191,      0.0004,      0.1402,      0.1997,   7698.6978,-419014.2500,  -1163.2056,    548.5899,  25662.3242,
       1,     168,      93,      10,       1,       3,       1,     10.0000,      1.3960,     42.5352,    247.4168,     62.2654,      3.4953,      0.1700,      0.1377,      7.3329,      0.1614,      5.5567,     11.1133,      1.4259,     28.6213,     57.2426,      0.0191,      0.0004,      0.2258,      0.1997,   7698.6978,-424274.0938,  -1165.2860,    548.2292,  25662.3242,
       1,     168,      93,      11,       1,       3,       1,     10.0000,      1.3960,     42.5352,    247.4168,     62.2654,      3.4953,      0.1865,      0.1532,      8.0206,      0.1915,      5.5567,     11.1133,      1.6923,     28.6213,     57.2426,      0.0191,      0.0004,      0.2500,      0.1997,   7698.6978,-427737.7500,  -1166.6611,    547.9919,  25662.3242,
       1,     168,      93,      12,       1,       3,       1,     10.0000,      1.3960,     42.5352,    247.4168,     62.2654,      3.4953,      0.1864,      0.1525,      8.8784,      0.2149,      5.5567,     11.1133,      1.8993,     28.6213,     57.2426,      0.0191,      0.0004,      0.2500,      0.1997,   7698.6978,-428912.6250,  -1167.1337,    547.9116,  25662.3242,
       1,     168,      93,      13,       1,       3,       1,     10.0000,      1.3960,     42.5352,    247.4168,     62.2654,      3.4953,      0.1863,      0.1515,     10.3942,      0.2465,      5.5567,     11.1133,      2.1780,     28.6213,     57.2426,      0.0191,      0.0005,      0.2500,      0.1997,   7698.6978,-430104.0312,  -1167.6143,    547.8300,  25662.3242,
       1,     168,      93,      14,       1,       3,       1,     10.0000,      1.3960,     42.5352,    247.4168,     62.2654,      3.4953,      0.1865,      0.1512,     15.1503,      0.2679,      5.5567,     11.1133,      2.3677,     28.6213,     57.2426,      0.0191,      0.0007,      0.2500,      0.1997,   7698.6978,-432132.5625,  -1168.4261,    547.6910,  25662.3242,
       1,     168,      93,      15,       1,       3,       1,     10.0000,      1.3960,     42.5352,    247.4168,     62.2654,      3.4953,      0.1916,      0.1565,     79.5774,      0.2588,      5.5567,     11.1133,      2.2865,     28.6213,     57.2426,      0.0191,      0.0039,      0.2500,      0.1997,   7698.6978,-438349.3438,  -1170.8962,    547.2654,  25662.3242,
       1,     168,      93,      16,       1,       3,       1,     10.0000,      1.3960,     42.5352,    247.4168,     62.2654,      3.4953,      0.1873,      0.1521,    113.9830,      0.2638,      5.5567,     11.1133,      2.3313,     28.6213,     57.2426,      0.0191,      0.0059,      0.2397,      0.1997,   7698.6978,-520718.4062,  -1203.5012,    541.6309,  25661.5547,
       1,     168,      93,      17,       1,       3,       1,     10.0000,      1.3960,     42.5352,    247.4168,     62.2654,      3.4953,      0.1832,      0.1484,    140.2726,      0.2465,      5.5567,     11.1133,      2.1780,     28.6213,     57.2426,      0.0191,      0.0075,      0.2305,      0.1996,   7698.4668,-571806.5000,  -1224.3561,    538.2009,  25661.3867,
       1,     168,      93,      18,       1,       3,       1,     10.0000,      1.3960,     42.5352,    247.4168,     62.2654,      3.4953,      0.1676,      0.1333,    166.3851,      0.2286,      5.5567,     11.1133,      2.0203,     28.6213,     57.2426,      0.0191,      0.0100,      0.2044,      0.1996,   7698.4165,-609715.1250,  -1240.0023,    535.6614,  25661.2617,
       1,     168,      93,      19,       1,       3,       1,     10.0000,      1.3960,     42.5352,    247.4168,     62.2654,      3.4953,      0.1258,      0.0919,    118.9659,      0.2152,      5.5567,     11.1133,      1.9012,     28.6213,     57.2426,      0.0191,      0.0099,      0.1482,      0.1995,   7698.3789,-646282.0625,  -1255.3444,    533.2190,  25661.1367,
       1,     168,      93,      20,       1,       3,       1,     10.0000,      1.3960,     42.5352,    247.4168,     62.2654,      3.4953,      0.0161,     -0.0172,      0.6084,      0.1951,      5.5567,     11.1133,      1.7244,     28.6213,     57.2426,      0.0191,      0.0078,      0.0010,      0.1994,   7698.3413,-589046.8125,  -1233.6703,    537.0395,  25661.3008,
       1,     168,      93,      21,       1,       3,       1,     10.0000,      1.3960,     42.5352,    247.4168,     62.2654,      3.4953,      0.0000,     -0.0328,     11.0700,      0.1774,      5.5567,     11.1133,      1.5677,     28.6213,     57.2426,      0.0191,      0.0087,      0.0156,      0.1995,   7698.3906,-433412.7812,  -1172.3270,    547.5009,  25662.3164,
       1,     168,      93,      22,       1,       3,       1,     10.0000,      1.3960,     42.5352,    247.4168,     62.2654,      3.4953,      0.0000,     -0.0324,      9.2876,      0.1666,      5.5567,     11.1133,      1.4722,     28.6213,     57.2426,      0.0191,      0.0073,      0.0156,      0.1997,   7698.6953,-433410.0312,  -1171.8356,    547.6036,  25662.3164,
       1,     168,      93,      23,       1,       3,       1,     10.0000,      1.3960,     42.5352,    247.4168,     62.2654,      3.4953,      0.0000,     -0.0324,      8.0425,      0.1638,      5.5567,     11.1133,      1.4474,     28.6213,     57.2426,      0.0191,      0.0064,      0.0156,      0.1997,   7698.6953,-431015.9375,  -1170.8958,    547.7675,  25662.3145,
       1,     168,      93,      24,       1,       3,       1,     10.0000,      1.3960,     42.5352,    247.4168,     62.2654,      3.4953,      0.0000,     -0.0323,      8.1321,      0.1622,      5.5567,     11.1133,      1.4330,     28.6213,     57.2426,      0.0191,      0.0064,      0.0156,      0.1997,   7698.6948,-429226.6250,  -1170.1949,    547.8900,  25662.3145,
       1,     168,      94,       1,       1,       3,       1,     10.0000,      1.3960,     42.5355,    247.4226,     62.2668,      3.4953,      0.0000,     -0.0321,      6.9362,      0.1564,      5.5570,     11.1139,      1.3822,     28.6285,     57.2570,      0.0191,      0.0055,      0.0156,      0.1997,   7698.6948,-429339.5938,  -1170.8289,    547.8953,  25663.4688,
       1,     168,      94,       2,       1,       3,       1,     10.0000,      1.3960,     42.5355,    247.4226,     62.2668,      3.4953,      0.0000,     -0.0319,      4.7624,      0.1492,      5.5570,     11.1139,      1.3185,     28.6285,     57.2570,      0.0191,      0.0038,      0.0156,      0.1997,   7699.0410,-427677.6562,  -1169.5980,    548.0091,  25663.4688,
       1,     168,      94,       3,       1,       3,       1,     10.0000,      1.3960,     42.5355,    247.4226,     62.2668,      3.4953,      0.0000,     -0.0315,      3.5727,      0.1406,      5.5570,     11.1139,      1.2423,     28.6285,     57.2570,      0.0191,      0.0028,      0.0156,      0.1997,   7699.0410,-424772.9062,  -1168.4491,    548.2081,  25663.4688,
       1,     168,      94,       4,       1,       3,       1,     10.0000,      1.3960,     42.5355,    247.4226,     62.2668,      3.4953,      0.0000,     -0.0314,      2.9854,      0.1361,      5.5570,     11.1139,      1.2027,     28.6285,     57.2570,      0.0191,      0.0024,      0.0156,      0.1997,   7699.0410,-423009.7188,  -1167.7523,    548.3289,  25663.4688,
       1,     168,      94,       5,       1,       3,       1,     10.0000,      1.3960,     42.5355,    247.4226,     62.2668,      3.4953,      0.0000,     -0.0313,      2.5289,      0.1349,      5.5570,     11.1139,      1.1918,     28.6285,     57.2570,      0.0191,      0.0020,      0.0156,      0.1997,   7699.0410,-422110.5938,  -1167.3984,    548.3906,  25663.4688,
       1,     168,      94,       6,       1,       3,       1,     10.0000,      1.3960,     42.5355,    247.4226,     62.2668,      3.4953,      0.0000,     -0.0311,      1.7146,      0.1300,      5.5570,     11.1139,      1.1490,     28.6285,     57.2570,      0.0191,      0.0014,      0.0156,      0.1997,   7699.0410,-421452.6875,  -1167.1399,    548.4357,  25663.4688,
       1,     168,      94,       7,       1,       3,       1,     10.0000,      1.3960,     42.5355,    247.4226,     62.2668,      3.4953,      0.0000,     -0.0311,      1.1622,      0.1299,      5.5570,     11.1139,      1.1478,     28.6285,     57.2570,      0.0191,      0.0009,      0.0156,      0.1997,   7699.0410,-420361.5938,  -1166.7080,    548.5105,  25663.4688,
       1,     168,      94,       8,       1,       3,       1,     10.0000,      1.3960,     42.5355,    247.4226,     62.2668,      3.4953,      0.0072,     -0.0238,      0.9848,      0.1279,      5.5570,     11.1139,      1.1305,     28.6285,     57.2570,      0.0191,      0.0008,      0.0156,      0.1997,   7699.0410,-419565.2500,  -1166.3928,    548.5651,  25663.4668,
       1,     168,      94,       9,       1,       3,       1,     10.0000,      1.3960,     42.5355,    247.4226,     62.2668,      3.4953,      0.1167,      0.0851,      8.8972,      0.1423,      5.5570,     11.1139,      1.2574,     28.6285,     57.2570,      0.0191,      0.0007,      0.1481,      0.1997,   7699.0405,-419270.9688,  -1166.2775,    548.5853,  25663.4668,
       1,     168,      94,      10,       1,       3,       1,     10.0000,      1.3960,     42.5355,    247.4226,     62.2668,      3.4953,      0.1707,      0.1378,     12.1553,      0.1797,      5.5570,     11.1139,      1.5882,     28.6285,     57.2570,      0.0191,      0.0007,      0.2263,      0.1997,   7699.0405,-429290.7812,  -1170.2728,    547.8982,  25663.4668,
       1,     168,      94,      11,       1,       3,       1,     10.0000,      1.3960,     42.5355,    247.4226,     62.2668,      3.4953,      0.1867,      0.1529,     12.8565,      0.2120,      5.5570,     11.1139,      1.8734,     28.6285,     57.2570,      0.0191,      0.0006,      0.2500,      0.1997,   7699.0405,-434301.0938,  -1172.2795,    547.5554,  25663.4668,
       1,     168,      94,      12,       1,       3,       1,     10.0000,      1.3960,     42.5355,    247.4226,     62.2668,      3.4953,      0.1865,      0.1520,     12.1886,      0.2375,      5.5570,     11.1139,      2.0989,     28.6285,     57.2570,      0.0191,      0.0006,      0.2500,      0.1997,   7699.0405,-435627.3125,  -1172.8224,    547.4648,  25663.4668,
       1,     168,      94,      13,       1,       3,       1,     10.0000,      1.3960,     42.5355,    247.4226,     62.2668,      3.4953,      0.1863,      0.1515,     10.8004,      0.2501,      5.5570,     11.1139,      2.2101,     28.6285,     57.2570,      0.0191,      0.0005,      0.2500,      0.1997,   7699.0405,-434894.2812,  -1172.5460,    547.5150,  25663.4668,
       1,     168,      94,      14,       1,       3,       1,     10.0000,      1.3960,     42.5355,    247.4226,     62.2668,      3.4953,      0.1870,      0.1520,     19.7879,      0.2555,      5.5570,     11.1139,      2.2579,     28.6285,     57.2570,      0.0191,      0.0010,      0.2500,      0.1997,   7699.0405,-433067.7500,  -1171.8330,    547.6400,  25663.4668,
       1,     168,      94,      15,       1,       3,       1,     10.0000,      1.3960,     42.5355,    247.4226,     62.2668,      3.4953,      0.1908,      0.1555,     93.3193,      0.2661,      5.5570,     11.1139,      2.3518,     28.6285,     57.2570,      0.0191,      0.0047,      0.2473,      0.1997,   7699.0405,-444321.5000,  -1176.3331,    546.8696,  25663.4668,
       1,     168,      94,      16,       1,       3,       1,     10.0000,      1.3960,     42.5355,    247.4226,     62.2668,      3.4953,      0.1891,      0.1540,    137.9514,      0.2598,      5.5570,     11.1139,      2.2955,     28.6285,     57.2570,      0.0191,      0.0071,      0.2396,      0.1997,   7699.0405,-538690.0000,  -1213.9829,    540.4193,  25662.5703,
       1,     168,      94,      17,       1,       3,       1,     10.0000,      1.3960,     42.5355,    247.4226,     62.2668,      3.4953,      0.1806,      0.1454,    162.8808,      0.2620,      5.5570,     11.1139,      2.3156,     28.6285,     57.2570,      0.0191,      0.0090,      0.2242,      0.1996,   7698.7715,-603875.2500,  -1240.7750,    536.0538,  25662.3574,
       1,     168,      94,      18,       1,       3,       1,     10.0000,      1.3960,     42.5355,    247.4226,     62.2668,      3.4953,      0.1658,      0.1310,    153.3962,      0.2484,      5.5570,     11.1139,      2.1951,     28.6285,     57.2570,      0.0191,      0.0093,      0.2033,      0.1995,   7698.7075,-641306.9375,  -1256.5532,    533.5631,  25662.2324,
       1,     168,      94,      19,       1,       3,       1,     10.0000,      1.3960,     42.5355,    247.4226,     62.2668,      3.4953,      0.1259,      0.0917,    106.6964,      0.2242,      5.5570,     11.1139,      1.9812,     28.6285,     57.2570,      0.0191,      0.0088,      0.1496,      0.1995,   7698.6699,-632482.8750,  -1254.0585,    534.1575,  25662.2480,
       1,     168,      94,      20,       1,       3,       1,     10.0000,      1.3960,     42.5355,    247.4226,     62.2668,      3.4953,      0.0181,     -0.0153,      2.7979,      0.1967,      5.5570,     11.1139,      1.7381,     28.6285,     57.2570,      0.0191,      0.0096,      0.0036,      0.1995,   7698.6748,-572210.8750,  -1230.8400,    538.1821,  25662.4238,
       1,     168,      94,      21,       1,       3,       1,     10.0000,      1.3960,     42.5355,    247.4226,     62.2668,      3.4953,      0.0000,     -0.0328,     10.2569,      0.1780,      5.5570,     11.1139,      1.5725,     28.6285,     57.2570,      0.0191,      0.0081,      0.0156,      0.1996,   7698.7275,-434791.0312,  -1176.1687,    547.4419,  25663.4590,
       1,     168,      94,      22,       1,       3,       1,     10.0000,      1.3960,     42.5355,    247.4226,     62.2668,      3.4953,      0.0000,     -0.0327,     11.5254,      0.1732,      5.5570,     11.1139,      1.5307,     28.6285,     57.2570,      0.0191,      0.0091,      0.0156,      0.1997,   7699.0381,-432471.3438,  -1174.7340,    547.6808,  25663.4590,
       1,     168,      94,      23,       1,       3,       1,     10.0000,      1.3960,     42.5355,    247.4226,     62.2668,      3.4953,      0.0000,     -0.0325,     11.0833,      0.1674,      5.5570,     11.1139,      1.4797,     28.6285,     57.2570,      0.0191,      0.0088,      0.0156,      0.1997,   7699.0381,-433778.6562,  -1175.2726,    547.5914,  25663.4590,
       1,     168,      94,      24,       1,       3,       1,     10.0000,      1.3960,     42.5355,    247.4226,     62.2668,      3.4953,      0.0000,     -0.0324,      8.6801,      0.1638,      5.5570,     11.1139,      1.4475,     28.6285,     57.2570,      0.0191,      0.0069,      0.0156,      0.1997,   7699.0381,-433330.8125,  -1175.1069,    547.6220,  25663.4590,
       1,     168,      95,       1,       1,       3,       1,     10.0000,      1.3961,     42.5359,    247.4285,     62.2683,      3.4953,      0.0000,     -0.0323,      6.3939,      0.1623,      5.5570,     11.1140,      1.4345,     28.6358,     57.2715,      0.0191,      0.0051,      0.0156,      0.1998,   7699.0381,-430395.3750,  -1174.5277,    547.8357,  25664.6152,
       1,     168,      95,       2,       1,       3,       1,     10.0000,      1.3961,     42.5359,    247.4285,     62.2683,      3.4953,      0.0000,     -0.0323,      4.4693,      0.1617,      5.5570,     11.1140,      1.4288,     28.6358,     57.2715,      0.0191,      0.0035,      0.0156,      0.1998,   7699.3848,-427084.3438,  -1172.6245,    548.0625,  25664.6152,
       1,     168,      95,       3,       1,       3,       1,     10.0000,      1.3961,     42.5359,    247.4285,     62.2683,      3.4953,      0.0000,     -0.0323,      4.2472,      0.1622,      5.5570,     11.1140,      1.4331,     28.6358,     57.2715,      0.0191,      0.0034,      0.0156,      0.1998,   7699.3848,-424353.0000,  -1171.5350,    548.2498,  25664.6152,
       1,     168,      95,       4,       1,       3,       1,     10.0000,      1.3961,     42.5359,    247.4285,     62.2683,      3.4953,      0.0000,     -0.0323,      3.9508,      0.1615,      5.5570,     11.1140,      1.4273,     28.6358,     57.2715,      0.0191,      0.0031,      0.0156,      0.1998,   7699.3848,-423833.2500,  -1171.3318,    548.2853,  25664.6152,
       1,     168,      95,       5,       1,       3,       1,     10.0000,      1.3961,     42.5359,    247.4285,     62.2683,      3.4953,      0.0000,     -0.0321,      3.1041,      0.1574,      5.5570,     11.1140,      1.3906,     28.6358,     57.2715,      0.0191,      0.0025,      0.0156,      0.1998,   7699.3848,-423411.7500,  -1171.1677,    548.3143,  25664.6152,
       1,     168,      95,       6,       1,       3,       1,     10.0000,      1.3961,     42.5359,    247.4285,     62.2683,      3.4953,      0.0000,     -0.0320,      2.7423,      0.1542,      5.5570,     11.1140,      1.3630,     28.6358,     57.2715,      0.0191,      0.0022,      0.0156,      0.1998,   7699.3848,-422300.2188,  -1170.7257,    548.3904,  25664.6152,
       1,     168,      95,       7,       1,       3,       1,     10.0000,      1.3961,     42.5359,    247.4285,     62.2683,      3.4953,      0.0000,     -0.0320,      2.8873,      0.1544,      5.5570,     11.1140,      1.3643,     28.6358,     57.2715,      0.0191,      0.0023,      0.0156,      0.1998,   7699.3848,-421744.1875,  -1170.5061,    548.4286,  25664.6152,
       1,     168,      95,       8,       1,       3,       1,     10.0000,      1.3961,     42.5359,    247.4285,     62.2683,      3.4953,      0.0101,     -0.0218,      3.0453,      0.1529,      5.5570,     11.1140,      1.3507,     28.6358,     57.2715,      0.0191,      0.0024,      0.0156,      0.1998,   7699.3848,-421879.7812,  -1170.5640,    548.4193,  25664.6152,
       1,     168,      95,       9,       1,       3,       1,     10.0000,      1.3961,     42.5359,    247.4285,     62.2683,      3.4953,      0.1164,      0.0841,     28.9414,      0.1625,      5.5570,     11.1140,      1.4360,     28.6358,     57.2715,      0.0191,      0.0025,      0.1451,      0.1998,   7699.3848,-422092.1875,  -1170.6527,    548.4047,  25664.6152,
       1,     168,      95,      10,       1,       3,       1,     10.0000,      1.3961,     42.5359,    247.4285,     62.2683,      3.4953,      0.1689,      0.1358,     55.6685,      0.1866,      5.5570,     11.1140,      1.6493,     28.6358,     57.2715,      0.0191,      0.0031,      0.2186,      0.1998,   7699.3848,-454985.1562,  -1183.8792,    546.1498,  25664.6152,
       1,     168,      95,      11,       1,       3,       1,     10.0000,      1.3961,     42.5359,    247.4285,     62.2683,      3.4953,      0.1800,      0.1463,     63.7497,      0.2079,      5.5570,     11.1140,      1.8369,     28.6358,     57.2715,      0.0191,      0.0034,      0.2342,      0.1997,   7699.3848,-491805.7812,  -1198.7173,    543.6408,  25664.6113,
       1,     168,      95,      12,       1,       3,       1,     10.0000,      1.3961,     42.5359,    247.4285,     62.2683,      3.4953,      0.1855,      0.1515,     64.4521,      0.2190,      5.5570,     11.1140,      1.9352,     28.6358,     57.2715,      0.0191,      0.0033,      0.2423,      0.1997,   7699.3838,-505284.0000,  -1204.2634,    542.7307,  25663.7637,
       1,     168,      95,      13,       1,       3,       1,     10.0000,      1.3961,     42.5359,    247.4285,     62.2683,      3.4953,      0.1910,      0.1565,     69.5856,      0.2359,      5.5570,     11.1140,      2.0846,     28.6358,     57.2715,      0.0191,      0.0034,      0.2500,      0.1997,   7699.1294,-507441.2812,  -1205.7407,    542.5850,  25663.7500,
       1,     168,      95,      14,       1,       3,       1,     10.0000,      1.3961,     42.5359,    247.4285,     62.2683,      3.4953,      0.1925,      0.1578,     90.0928,      0.2439,      5.5570,     11.1140,      2.1549,     28.6358,     57.2715,      0.0191,      0.0044,      0.2500,      0.1997,   7699.1255,-514154.3750,  -1208.6482,    542.1298,  25663.7266,
       1,     168,      95,      15,       1,       3,       1,     10.0000,      1.3961,     42.5359,    247.4285,     62.2683,      3.4953,      0.1930,      0.1582,    123.8983,      0.2484,      5.5570,     11.1140,      2.1952,     28.6358,     57.2715,      0.0191,      0.0062,      0.2469,      0.1997,   7699.1182,-540809.6875,  -1219.6243,    540.3235,  25663.6348,
       1,     168,      95,      16,       1,       3,       1,     10.0000,      1.3961,     42.5359,    247.4285,     62.2683,      3.4953,      0.1910,      0.1564,    150.9161,      0.2410,      5.5570,     11.1140,      2.1299,     28.6358,     57.2715,      0.0191,      0.0077,      0.2408,      0.1996,   7699.0908,-586134.8125,  -1238.3044,    537.2653,  25663.4883,
       1,     168,      95,      17,       1,       3,       1,     10.0000,      1.3961,     42.5359,    247.4285,     62.2683,      3.4953,      0.1852,      0.1508,    149.5325,      0.2311,      5.5570,     11.1140,      2.0423,     28.6358,     57.2715,      0.0191,      0.0079,      0.2322,      0.1996,   7699.0469,-624494.0625,  -1254.4761,    534.6979,  25663.3594,
       1,     168,      95,      18,       1,       3,       1,     10.0000,      1.3961,     42.5359,    247.4285,     62.2683,      3.4953,      0.1699,      0.1359,    143.1184,      0.2166,      5.5570,     11.1140,      1.9144,     28.6358,     57.2715,      0.0191,      0.0084,      0.2103,      0.1995,   7699.0083,-626084.1250,  -1256.0487,    534.5977,  25663.3457,
       1,     168,      95,      19,       1,       3,       1,     10.0000,      1.3961,     42.5359,    247.4285,     62.2683,      3.4953,      0.1282,      0.0948,    102.9825,      0.1973,      5.5570,     11.1140,      1.7433,     28.6358,     57.2715,      0.0191,      0.0083,      0.1537,      0.1995,   7699.0039,-618046.0000,  -1253.7020,    535.1349,  25663.3613,
       1,     168,      95,      20,       1,       3,       1,     10.0000,      1.3961,     42.5359,    247.4285,     62.2683,      3.4953,      0.0180,     -0.0148,      2.7199,      0.1771,      5.5570,     11.1140,      1.5647,     28.6358,     57.2715,      0.0191,      0.0082,      0.0041,      0.1995,   7699.0088,-566232.6875,  -1233.5415,    538.6010,  25663.5137,
       1,     168,      95,      21,       1,       3,       1,     10.0000,      1.3961,     42.5359,    247.4285,     62.2683,      3.4953,      0.0000,     -0.0325,      9.9019,      0.1671,      5.5570,     11.1140,      1.4767,     28.6358,     57.2715,      0.0191,      0.0078,      0.0156,      0.1996,   7699.0542,-434192.2500,  -1180.4020,    547.5019,  25664.6016,
       1,     168,      95,      22,       1,       3,       1,     10.0000,      1.3961,     42.5359,    247.4285,     62.2683,      3.4953,      0.0000,     -0.0324,      9.3154,      0.1646,      5.5570,     11.1140,      1.4548,     28.6358,     57.2715,      0.0191,      0.0074,      0.0156,      0.1998,   7699.3809,-431963.7500,  -1178.9604,    547.7283,  25664.5996,
       1,     168,      95,      23,       1,       3,       1,     10.0000,      1.3961,     42.5359,    247.4285,     62.2683,      3.4953,      0.0000,     -0.0323,      8.9666,      0.1606,      5.5570,     11.1140,      1.4188,     28.6358,     57.2715,      0.0191,      0.0071,      0.0156,      0.1998,   7699.3804,-430931.9062,  -1178.5560,    547.7990,  25664.5996,
       1,     168,      95,      24,       1,       3,       1,     10.0000,      1.3961,     42.5359,    247.4285,     62.2683,      3.4953,      0.0000,     -0.0322,      7.6393,      0.1602,      5.5570,     11.1140,      1.4160,     28.6358,     57.2715,      0.0191,      0.0060,      0.0156,      0.1998,   7699.3804,-430399.2500,  -1178.3516,    547.8356,  25664.5996,
       1,     168,      96,       1,       1,       3,       1,     10.0000,      1.3961,     42.5362,    247.4343,     62.2697,      3.4953,      0.0000,     -0.0322,      5.6384,      0.1596,      5.5566,     11.1132,      1.4103,     28.6435,     57.2869,      0.0191,      0.0045,      0.0156,      0.1998,   7699.3804,-428822.6562,  -1178.3137,    547.9564,  25665.7559,
       1,     168,      96,       2,       1,       3,       1,     10.0000,      1.3961,     42.5362,    247.4343,     62.2697,      3.4953,      0.0000,     -0.0323,      4.7451,      0.1606,      5.5566,     11.1132,      1.4188,     28.6435,     57.2869,      0.0191,      0.0037,      0.0156,      0.1998,   7699.7271,-425992.0625,  -1176.5830,    548.1503,  25665.7559,
       1,     168,      96,       3,       1,       3,       1,     10.0000,      1.3961,     42.5362,    247.4343,     62.2697,      3.4953,      0.0000,     -0.0322,      4.3581,      0.1596,      5.5566,     11.1132,      1.4103,     28.6435,     57.2869,      0.0191,      0.0034,      0.0156,      0.1998,   7699.7271,-424612.0938,  -1176.0293,    548.2449,  25665.7559,
       1,     168,      96,       4,       1,       3,       1,     10.0000,      1.3961,     42.5362,    247.4343,     62.2697,      3.4953,      0.0000,     -0.0322,      3.9892,      0.1596,      5.5566,     11.1132,      1.4103,     28.6435,     57.2869,      0.0191,      0.0032,      0.0156,      0.1998,   7699.7271,-424000.7812,  -1175.7871,    548.2867,  25665.7539,
       1,     168,      96,       5,       1,       3,       1,     10.0000,      1.3961,     42.5362,    247.4343,     62.2697,      3.4953,      0.0000,     -0.0321,      3.8988,      0.1574,      5.5566,     11.1132,      1.3907,     28.6435,     57.2869,      0.0191,      0.0031,      0.0156,      0.1998,   7699.7266,-423479.5000,  -1175.5813,    548.3225,  25665.7539,
       1,     168,      96,       6,       1,       3,       1,     10.0000,      1.3961,     42.5362,    247.4343,     62.2697,      3.4953,      0.0000,     -0.0321,      3.8610,      0.1552,      5.5566,     11.1132,      1.3713,     28.6435,     57.2869,      0.0191,      0.0030,      0.0156,      0.1998,   7699.7266,-423319.2812,  -1175.5211,    548.3334,  25665.7539,
       1,     168,      96,       7,       1,       3,       1,     10.0000,      1.3961,     42.5362,    247.4343,     62.2697,      3.4953,      0.0000,     -0.0321,      4.0632,      0.1566,      5.5566,     11.1132,      1.3837,     28.6435,     57.2869,      0.0191,      0.0032,      0.0156,      0.1998,   7699.7266,-423257.4688,  -1175.5010,    548.3377,  25665.7539,
       1,     168,      96,       8,       1,       3,       1,     10.0000,      1.3961,     42.5362,    247.4343,     62.2697,      3.4953,      0.0053,     -0.0268,      4.0257,      0.1558,      5.5566,     11.1132,      1.3768,     28.6435,     57.2869,      0.0191,      0.0032,      0.0156,      0.1998,   7699.7266,-423508.7188,  -1175.6078,    548.3205,  25665.7539,
       1,     168,      96,       9,       1,       3,       1,     10.0000,      1.3961,     42.5362,    247.4343,     62.2697,      3.4953,      0.0842,      0.0520,     27.8444,      0.1594,      5.5566,     11.1132,      1.4089,     28.6435,     57.2869,      0.0191,      0.0035,      0.0984,      0.1998,   7699.7266,-423482.9688,  -1175.6024,    548.3223,  25665.7539,
       1,     168,      96,      10,       1,       3,       1,     10.0000,      1.3961,     42.5362,    247.4343,     62.2697,      3.4953,      0.1758,      0.1430,     68.7496,      0.1778,      5.5566,     11.1132,      1.5710,     28.6435,     57.2869,      0.0191,      0.0037,      0.2273,      0.1998,   7699.7266,-453714.8750,  -1187.8964,    546.2502,  25665.7539,
       1,     168,      96,      11,       1,       3,       1,     10.0000,      1.3961,     42.5362,    247.4343,     62.2697,      3.4953,      0.1883,      0.1550,     73.7711,      0.1950,      5.5566,     11.1132,      1.7228,     28.6435,     57.2869,      0.0191,      0.0037,      0.2452,      0.1998,   7699.7266,-508301.6875,  -1210.1211,    542.5269,  25664.8320,
       1,     168,      96,      12,       1,       3,       1,     10.0000,      1.3961,     42.5362,    247.4343,     62.2697,      3.4953,      0.1921,      0.1582,     81.8103,      0.2147,      5.5566,     11.1132,      1.8976,     28.6435,     57.2869,      0.0191,      0.0040,      0.2500,      0.1997,   7699.4497,-519565.1562,  -1215.3568,    541.7756,  25664.7910,
       1,     168,      96,      13,       1,       3,       1,     10.0000,      1.3961,     42.5362,    247.4343,     62.2697,      3.4953,      0.1920,      0.1578,     81.4731,      0.2262,      5.5566,     11.1132,      1.9988,     28.6435,     57.2869,      0.0191,      0.0040,      0.2500,      0.1997,   7699.4375,-530751.4375,  -1220.1877,    541.0186,  25664.7520,
       1,     168,      96,      14,       1,       3,       1,     10.0000,      1.3961,     42.5362,    247.4343,     62.2697,      3.4953,      0.1925,      0.1581,     87.8310,      0.2309,      5.5566,     11.1132,      2.0403,     28.6435,     57.2869,      0.0191,      0.0043,      0.2500,      0.1997,   7699.4258,-531297.6875,  -1220.7518,    540.9822,  25664.7441,
       1,     168,      96,      15,       1,       3,       1,     10.0000,      1.3961,     42.5362,    247.4343,     62.2697,      3.4953,      0.1935,      0.1592,    101.5048,      0.2289,      5.5566,     11.1132,      2.0225,     28.6435,     57.2869,      0.0191,      0.0050,      0.2500,      0.1997,   7699.4233,-539428.9375,  -1224.3945,    540.4323,  25664.7148,
       1,     168,      96,      16,       1,       3,       1,     10.0000,      1.3961,     42.5362,    247.4343,     62.2697,      3.4953,      0.1948,      0.1606,    140.0917,      0.2233,      5.5566,     11.1132,      1.9735,     28.6435,     57.2869,      0.0191,      0.0070,      0.2474,      0.1997,   7699.4146,-557526.0625,  -1232.1572,    539.2101,  25664.6504,
       1,     168,      96,      17,       1,       3,       1,     10.0000,      1.3961,     42.5362,    247.4343,     62.2697,      3.4953,      0.1886,      0.1547,    151.5605,      0.2147,      5.5566,     11.1132,      1.8976,     28.6435,     57.2869,      0.0191,      0.0079,      0.2369,      0.1997,   7699.3955,-608189.1250,  -1253.3323,    535.7968,  25664.4863,
       1,     168,      96,      18,       1,       3,       1,     10.0000,      1.3961,     42.5362,    247.4343,     62.2697,      3.4953,      0.1703,      0.1367,    141.2722,      0.2026,      5.5566,     11.1132,      1.7905,     28.6435,     57.2869,      0.0191,      0.0082,      0.2111,      0.1996,   7699.3462,-627236.8125,  -1261.9537,    534.5317,  25664.4160,
       1,     168,      96,      19,       1,       3,       1,     10.0000,      1.3961,     42.5362,    247.4343,     62.2697,      3.4953,      0.1297,      0.0964,    108.9298,      0.1925,      5.5566,     11.1132,      1.7008,     28.6435,     57.2869,      0.0191,      0.0087,      0.1551,      0.1995,   7699.3252,-615785.6875,  -1258.1971,    535.2983,  25664.4395,
       1,     168,      96,      20,       1,       3,       1,     10.0000,      1.3961,     42.5362,    247.4343,     62.2697,      3.4953,      0.0233,     -0.0095,      7.1541,      0.1751,      5.5566,     11.1132,      1.5477,     28.6435,     57.2869,      0.0191,      0.0077,      0.0114,      0.1996,   7699.3320,-573606.8125,  -1241.7313,    538.1212,  25664.5684,
       1,     168,      96,      21,       1,       3,       1,     10.0000,      1.3961,     42.5362,    247.4343,     62.2697,      3.4953,      0.0000,     -0.0324,      9.3290,      0.1636,      5.5566,     11.1132,      1.4461,     28.6435,     57.2869,      0.0191,      0.0074,      0.0156,      0.1996,   7699.3706,-440464.5000,  -1187.5798,    547.0845,  25665.7402,
       1,     168,      96,      22,       1,       3,       1,     10.0000,      1.3961,     42.5362,    247.4343,     62.2697,      3.4953,      0.0000,     -0.0323,      8.6731,      0.1612,      5.5566,     11.1132,      1.4245,     28.6435,     57.2869,      0.0191,      0.0069,      0.0156,      0.1998,   7699.7222,-431786.0625,  -1183.4374,    547.7531,  25665.7383,
       1,     168,      96,      23,       1,       3,       1,     10.0000,      1.3961,     42.5362,    247.4343,     62.2697,      3.4953,      0.0000,     -0.0323,      7.9435,      0.1615,      5.5566,     11.1132,      1.4274,     28.6435,     57.2869,      0.0191,      0.0063,      0.0156,      0.1998,   7699.7217,-430104.8750,  -1182.7605,    547.8686,  25665.7383,
       1,     168,      96,      24,       1,       3,       1,     10.0000,      1.3961,     42.5362,    247.4343,     62.2697,      3.4953,      0.0000,     -0.0323,      7.4055,      0.1620,      5.5566,     11.1132,      1.4317,     28.6435,     57.2869,      0.0191,      0.0058,      0.0156,      0.1998,   7699.7217,-429031.8750,  -1182.3314,    547.9420,  25665.7383,
       1,     168,      97,       1,       1,       3,       1,     10.0000,      1.3961,     42.5365,    247.4402,     62.2712,      3.4953,      0.0000,     -0.0324,      6.2680,      0.1638,      5.5573,     11.1146,      1.4476,     28.6513,     57.3026,      0.0191,      0.0050,      0.0156,      0.1998,   7699.7217,-428410.8438,  -1182.6838,    547.9976,  25666.8945,
       1,     168,      97,       2,       1,       3,       1,     10.0000,      1.3961,     42.5365,    247.4402,     62.2712,      3.4953,      0.0000,     -0.0322,      4.6167,      0.1593,      5.5573,     11.1146,      1.4075,     28.6513,     57.3026,      0.0191,      0.0036,      0.0156,      0.1998,   7700.0688,-426759.4062,  -1181.4180,    548.1106,  25666.8945,
       1,     168,      97,       3,       1,       3,       1,     10.0000,      1.3961,     42.5365,    247.4402,     62.2712,      3.4953,      0.0000,     -0.0319,      4.1675,      0.1512,      5.5573,     11.1146,      1.3359,     28.6513,     57.3026,      0.0191,      0.0033,      0.0156,      0.1998,   7700.0688,-424520.0000,  -1180.5055,    548.2641,  25666.8945,
       1,     168,      97,       4,       1,       3,       1,     10.0000,      1.3961,     42.5365,    247.4402,     62.2712,      3.4953,      0.0000,     -0.0319,      4.0981,      0.1513,      5.5573,     11.1146,      1.3373,     28.6513,     57.3026,      0.0191,      0.0032,      0.0156,      0.1998,   7700.0688,-423755.0625,  -1180.1974,    548.3166,  25666.8945,
       1,     168,      97,       5,       1,       3,       1,     10.0000,      1.3961,     42.5365,    247.4402,     62.2712,      3.4953,      0.0000,     -0.0319,      3.9512,      0.1515,      5.5573,     11.1146,      1.3386,     28.6513,     57.3026,      0.0191,      0.0031,      0.0156,      0.1998,   7700.0688,-423600.4375,  -1180.1393,    548.3272,  25666.8926,
       1,     168,      97,       6,       1,       3,       1,     10.0000,      1.3961,     42.5365,    247.4402,     62.2712,      3.4953,      0.0000,     -0.0318,      4.2036,      0.1473,      5.5573,     11.1146,      1.3014,     28.6513,     57.3026,      0.0191,      0.0033,      0.0156,      0.1998,   7700.0679,-423400.6875,  -1180.0631,    548.3409,  25666.8926,
       1,     168,      97,       7,       1,       3,       1,     10.0000,      1.3961,     42.5365,    247.4402,     62.2712,      3.4953,      0.0000,     -0.0318,      4.0776,      0.1464,      5.5573,     11.1146,      1.2935,     28.6513,     57.3026,      0.0191,      0.0032,      0.0156,      0.1998,   7700.0679,-423703.6250,  -1180.1926,    548.3201,  25666.8926,
       1,     168,      97,       8,       1,       3,       1,     10.0000,      1.3961,     42.5365,    247.4402,     62.2712,      3.4953,      0.0146,     -0.0172,      0.1603,      0.1470,      5.5573,     11.1146,      1.2988,     28.6513,     57.3026,      0.0191,      0.0026,      0.0008,      0.1998,   7700.0679,-423570.0938,  -1180.1429,    548.3293,  25666.8926,
       1,     168,      97,       9,       1,       3,       1,     10.0000,      1.3961,     42.5365,    247.4402,     62.2712,      3.4953,      0.1418,      0.1093,     42.9491,      0.1681,      5.5573,     11.1146,      1.4857,     28.6513,     57.3026,      0.0191,      0.0029,      0.1806,      0.1998,   7700.0679,-418586.5312,  -1178.0991,    548.6708,  25666.8926,
       1,     168,      97,      10,       1,       3,       1,     10.0000,      1.3961,     42.5365,    247.4402,     62.2712,      3.4953,      0.1732,      0.1403,     56.1859,      0.1821,      5.5573,     11.1146,      1.6089,     28.6513,     57.3026,      0.0191,      0.0031,      0.2249,      0.1998,   7700.0679,-472456.6875,  -1200.2487,    544.9763,  25666.8906,
       1,     168,      97,      11,       1,       3,       1,     10.0000,      1.3961,     42.5365,    247.4402,     62.2712,      3.4953,      0.1816,      0.1481,     61.0118,      0.2004,      5.5573,     11.1146,      1.7712,     28.6513,     57.3026,      0.0191,      0.0032,      0.2367,      0.1998,   7700.0674,-493989.5312,  -1209.1727,    543.5219,  25666.8906,
       1,     168,      97,      12,       1,       3,       1,     10.0000,      1.3961,     42.5365,    247.4402,     62.2712,      3.4953,      0.1908,      0.1570,     64.7368,      0.2106,      5.5573,     11.1146,      1.8607,     28.6513,     57.3026,      0.0191,      0.0032,      0.2500,      0.1998,   7700.0674,-501979.1875,  -1212.5923,    542.9811,  25665.9648,
       1,     168,      97,      13,       1,       3,       1,     10.0000,      1.3961,     42.5365,    247.4402,     62.2712,      3.4953,      0.1909,      0.1568,     66.5876,      0.2205,      5.5573,     11.1146,      1.9486,     28.6513,     57.3026,      0.0191,      0.0033,      0.2500,      0.1997,   7699.7896,-507513.4688,  -1215.5063,    542.6057,  25665.9082,
       1,     168,      97,      14,       1,       3,       1,     10.0000,      1.3961,     42.5365,    247.4402,     62.2712,      3.4953,      0.1933,      0.1591,     97.3924,      0.2229,      5.5573,     11.1146,      1.9697,     28.6513,     57.3026,      0.0191,      0.0048,      0.2500,      0.1997,   7699.7729,-510352.0625,  -1216.8977,    542.4133,  25665.8945,
       1,     168,      97,      15,       1,       3,       1,     10.0000,      1.3961,     42.5365,    247.4402,     62.2712,      3.4953,      0.1949,      0.1607,    118.5451,      0.2236,      5.5573,     11.1146,      1.9755,     28.6513,     57.3026,      0.0191,      0.0058,      0.2500,      0.1997,   7699.7686,-549748.6875,  -1233.3347,    539.7421,  25665.7656,
       1,     168,      97,      16,       1,       3,       1,     10.0000,      1.3961,     42.5365,    247.4402,     62.2712,      3.4953,      0.1950,      0.1611,    153.2118,      0.2150,      5.5573,     11.1146,      1.8995,     28.6513,     57.3026,      0.0191,      0.0077,      0.2461,      0.1997,   7699.7300,-580099.2500,  -1246.3236,    537.7010,  25665.6621,
       1,     168,      97,      17,       1,       3,       1,     10.0000,      1.3961,     42.5365,    247.4402,     62.2712,      3.4953,      0.1868,      0.1531,    143.8206,      0.2048,      5.5573,     11.1146,      1.8101,     28.6513,     57.3026,      0.0191,      0.0075,      0.2350,      0.1996,   7699.6987,-626854.4375,  -1266.2584,    534.5623,  25665.5078,
       1,     168,      97,      18,       1,       3,       1,     10.0000,      1.3961,     42.5365,    247.4402,     62.2712,      3.4953,      0.1709,      0.1375,    133.9909,      0.1975,      5.5573,     11.1146,      1.7451,     28.6513,     57.3026,      0.0191,      0.0078,      0.2128,      0.1996,   7699.6528,-618994.7500,  -1263.9664,    535.0966,  25665.5234,
       1,     168,      97,      19,       1,       3,       1,     10.0000,      1.3961,     42.5365,    247.4402,     62.2712,      3.4953,      0.1353,      0.1022,    103.5939,      0.1865,      5.5573,     11.1146,      1.6477,     28.6513,     57.3026,      0.0191,      0.0078,      0.1640,      0.1996,   7699.6572,-605784.6250,  -1259.3519,    535.9805,  25665.5566,
       1,     168,      97,      20,       1,       3,       1,     10.0000,      1.3961,     42.5365,    247.4402,     62.2712,      3.4953,      0.0222,     -0.0105,      6.1783,      0.1731,      5.5573,     11.1146,      1.5293,     28.6513,     57.3026,      0.0191,      0.0076,      0.0100,      0.1996,   7699.6675,-565943.4375,  -1243.5956,    538.6505,  25665.6758,
       1,     168,      97,      21,       1,       3,       1,     10.0000,      1.3961,     42.5365,    247.4402,     62.2712,      3.4953,      0.0000,     -0.0324,      8.4278,      0.1643,      5.5573,     11.1146,      1.4519,     28.6513,     57.3026,      0.0191,      0.0067,      0.0156,      0.1997,   7699.7031,-438581.7812,  -1191.2020,    547.2325,  25666.8789,
       1,     168,      97,      22,       1,       3,       1,     10.0000,      1.3961,     42.5365,    247.4402,     62.2712,      3.4953,      0.0000,     -0.0323,      7.6146,      0.1614,      5.5573,     11.1146,      1.4260,     28.6513,     57.3026,      0.0191,      0.0060,      0.0156,      0.1998,   7700.0640,-430473.9062,  -1187.2327,    547.8559,  25666.8770,
       1,     168,      97,      23,       1,       3,       1,     10.0000,      1.3961,     42.5365,    247.4402,     62.2712,      3.4953,      0.0000,     -0.0322,      7.3603,      0.1585,      5.5573,     11.1146,      1.4005,     28.6513,     57.3026,      0.0191,      0.0058,      0.0156,      0.1998,   7700.0635,-428650.5938,  -1186.4885,    547.9811,  25666.8770,
       1,     168,      97,      24,       1,       3,       1,     10.0000,      1.3961,     42.5365,    247.4402,     62.2712,      3.4953,      0.0000,     -0.0322,      6.6623,      0.1577,      5.5573,     11.1146,      1.3935,     28.6513,     57.3026,      0.0191,      0.0053,      0.0156,      0.1998,   7700.0635,-428168.9062,  -1186.2983,    548.0142,  25666.8770,
       1,     168,      98,       1,       1,       3,       1,     10.0000,      1.3961,     42.5369,    247.4460,     62.2727,      3.4953,      0.0000,     -0.0322,      5.5848,      0.1593,      5.5571,     11.1142,      1.4076,     28.6606,     57.3212,      0.0191,      0.0044,      0.0156,      0.1998,   7700.0635,-427396.3750,  -1186.5920,    548.0799,  25668.0332,
       1,     168,      98,       2,       1,       3,       1,     10.0000,      1.3961,     42.5369,    247.4460,     62.2727,      3.4953,      0.0000,     -0.0322,      4.8187,      0.1585,      5.5571,     11.1142,      1.4005,     28.6606,     57.3212,      0.0191,      0.0038,      0.0156,      0.1998,   7700.4102,-425808.2500,  -1185.3368,    548.1887,  25668.0332,
       1,     168,      98,       3,       1,       3,       1,     10.0000,      1.3961,     42.5369,    247.4460,     62.2727,      3.4953,      0.0000,     -0.0321,      4.5478,      0.1564,      5.5571,     11.1142,      1.3824,     28.6606,     57.3212,      0.0191,      0.0036,      0.0156,      0.1998,   7700.4102,-424697.9062,  -1184.8827,    548.2648,  25668.0332,
       1,     168,      98,       4,       1,       3,       1,     10.0000,      1.3961,     42.5369,    247.4460,     62.2727,      3.4953,      0.0000,     -0.0320,      4.0119,      0.1529,      5.5571,     11.1142,      1.3508,     28.6606,     57.3212,      0.0191,      0.0032,      0.0156,      0.1998,   7700.4102,-424257.5312,  -1184.7062,    548.2950,  25668.0332,
       1,     168,      98,       5,       1,       3,       1,     10.0000,      1.3961,     42.5369,    247.4460,     62.2727,      3.4953,      0.0000,     -0.0321,      3.9856,      0.1553,      5.5571,     11.1142,      1.3727,     28.6606,     57.3212,      0.0191,      0.0031,      0.0156,      0.1998,   7700.4102,-423539.0938,  -1184.4137,    548.3443,  25668.0332,
       1,     168,      98,       6,       1,       3,       1,     10.0000,      1.3961,     42.5369,    247.4460,     62.2727,      3.4953,      0.0000,     -0.0321,      4.2620,      0.1550,      5.5571,     11.1142,      1.3699,     28.6606,     57.3212,      0.0191,      0.0034,      0.0156,      0.1998,   7700.4102,-423443.1562,  -1184.3790,    548.3508,  25668.0312,
       1,     168,      98,       7,       1,       3,       1,     10.0000,      1.3961,     42.5369,    247.4460,     62.2727,      3.4953,      0.0000,     -0.0321,      4.2810,      0.1553,      5.5571,     11.1142,      1.3727,     28.6606,     57.3212,      0.0191,      0.0034,      0.0156,      0.1998,   7700.4097,-423785.7500,  -1184.5273,    548.3273,  25668.0312,
       1,     168,      98,       8,       1,       3,       1,     10.0000,      1.3961,     42.5369,    247.4460,     62.2727,      3.4953,      0.0097,     -0.0223,      4.2402,      0.1535,      5.5571,     11.1142,      1.3562,     28.6606,     57.3212,      0.0191,      0.0033,      0.0156,      0.1998,   7700.4097,-423839.6562,  -1184.5553,    548.3236,  25668.0312,
       1,     168,      98,       9,       1,       3,       1,     10.0000,      1.3961,     42.5369,    247.4460,     62.2727,      3.4953,      0.1096,      0.0773,     36.6061,      0.1624,      5.5571,     11.1142,      1.4346,     28.6606,     57.3212,      0.0191,      0.0034,      0.1344,      0.1998,   7700.4097,-423792.5938,  -1184.5411,    548.3268,  25668.0312,
       1,     168,      98,      10,       1,       3,       1,     10.0000,      1.3961,     42.5369,    247.4460,     62.2727,      3.4953,      0.1521,      0.1194,     57.3847,      0.1739,      5.5571,     11.1142,      1.5370,     28.6606,     57.3212,      0.0191,      0.0036,      0.1938,      0.1998,   7700.4097,-464862.3750,  -1201.6156,    545.5120,  25668.0312,
       1,     168,      98,      11,       1,       3,       1,     10.0000,      1.3961,     42.5369,    247.4460,     62.2727,      3.4953,      0.1757,      0.1426,     67.7659,      0.1863,      5.5571,     11.1142,      1.6461,     28.6606,     57.3212,      0.0191,      0.0037,      0.2273,      0.1998,   7700.4097,-494838.7812,  -1214.1266,    543.4750,  25668.0312,
       1,     168,      98,      12,       1,       3,       1,     10.0000,      1.3961,     42.5369,    247.4460,     62.2727,      3.4953,      0.1921,      0.1585,     80.1167,      0.2012,      5.5571,     11.1142,      1.7782,     28.6606,     57.3212,      0.0191,      0.0039,      0.2500,      0.1998,   7700.4097,-510630.5625,  -1220.8254,    542.4060,  25666.9922,
       1,     168,      98,      13,       1,       3,       1,     10.0000,      1.3961,     42.5369,    247.4460,     62.2727,      3.4953,      0.1925,      0.1586,     85.7659,      0.2108,      5.5571,     11.1142,      1.8625,     28.6606,     57.3212,      0.0191,      0.0042,      0.2500,      0.1998,   7700.0981,-527815.8750,  -1228.7156,    541.2419,  25666.9316,
       1,     168,      98,      14,       1,       3,       1,     10.0000,      1.3961,     42.5369,    247.4460,     62.2727,      3.4953,      0.1931,      0.1593,     93.6614,      0.2108,      5.5571,     11.1142,      1.8625,     28.6606,     57.3212,      0.0191,      0.0046,      0.2500,      0.1997,   7700.0796,-536495.3125,  -1232.6589,    540.6559,  25666.9004,
       1,     168,      98,      15,       1,       3,       1,     10.0000,      1.3961,     42.5369,    247.4460,     62.2727,      3.4953,      0.1942,      0.1601,    109.6674,      0.2218,      5.5571,     11.1142,      1.9601,     28.6606,     57.3212,      0.0191,      0.0054,      0.2500,      0.1997,   7700.0703,-547287.6250,  -1237.5197,    539.9269,  25666.8613,
       1,     168,      98,      16,       1,       3,       1,     10.0000,      1.3961,     42.5369,    247.4460,     62.2727,      3.4953,      0.1955,      0.1616,    133.7778,      0.2135,      5.5571,     11.1142,      1.8865,     28.6606,     57.3212,      0.0191,      0.0066,      0.2490,      0.1997,   7700.0586,-568579.7500,  -1246.8251,    538.4904,  25666.7871,
       1,     168,      98,      17,       1,       3,       1,     10.0000,      1.3961,     42.5369,    247.4460,     62.2727,      3.4953,      0.1843,      0.1507,    149.3338,      0.2059,      5.5571,     11.1142,      1.8190,     28.6606,     57.3212,      0.0191,      0.0080,      0.2308,      0.1997,   7700.0366,-601106.1250,  -1260.9630,    536.3029,  25666.6777,
       1,     168,      98,      18,       1,       3,       1,     10.0000,      1.3961,     42.5369,    247.4460,     62.2727,      3.4953,      0.1699,      0.1364,    134.7897,      0.2008,      5.5571,     11.1142,      1.7747,     28.6606,     57.3212,      0.0191,      0.0079,      0.2112,      0.1996,   7700.0034,-623748.5625,  -1271.2006,    534.7894,  25666.5957,
       1,     168,      98,      19,       1,       3,       1,     10.0000,      1.3961,     42.5369,    247.4460,     62.2727,      3.4953,      0.1198,      0.0867,     88.0055,      0.1868,      5.5571,     11.1142,      1.6511,     28.6606,     57.3212,      0.0191,      0.0076,      0.1431,      0.1996,   7699.9790,-607205.4375,  -1265.1920,    535.8974,  25666.6406,
       1,     168,      98,      20,       1,       3,       1,     10.0000,      1.3961,     42.5369,    247.4460,     62.2727,      3.4953,      0.0158,     -0.0168,      0.8751,      0.1715,      5.5571,     11.1142,      1.5157,     28.6606,     57.3212,      0.0191,      0.0081,      0.0013,      0.1996,   7699.9927,-546218.7500,  -1240.3976,    539.9839,  25666.8281,
       1,     168,      98,      21,       1,       3,       1,     10.0000,      1.3961,     42.5369,    247.4460,     62.2727,      3.4953,      0.0000,     -0.0324,      8.9690,      0.1637,      5.5571,     11.1142,      1.4462,     28.6606,     57.3212,      0.0191,      0.0071,      0.0156,      0.1997,   7700.0488,-430183.0000,  -1192.0330,    547.8318,  25668.0176,
       1,     168,      98,      22,       1,       3,       1,     10.0000,      1.3961,     42.5369,    247.4460,     62.2727,      3.4953,      0.0000,     -0.0322,      8.6421,      0.1599,      5.5571,     11.1142,      1.4132,     28.6606,     57.3212,      0.0191,      0.0068,      0.0156,      0.1998,   7700.4058,-430420.0312,  -1191.5197,    547.8727,  25668.0176,
       1,     168,      98,      23,       1,       3,       1,     10.0000,      1.3961,     42.5369,    247.4460,     62.2727,      3.4953,      0.0000,     -0.0323,      8.5655,      0.1612,      5.5571,     11.1142,      1.4246,     28.6606,     57.3212,      0.0191,      0.0068,      0.0156,      0.1998,   7700.4058,-429953.1250,  -1191.3357,    547.9047,  25668.0156,
       1,     168,      98,      24,       1,       3,       1,     10.0000,      1.3961,     42.5369,    247.4460,     62.2727,      3.4953,      0.0000,     -0.0323,      7.0901,      0.1627,      5.5571,     11.1142,      1.4375,     28.6606,     57.3212,      0.0191,      0.0056,      0.0156,      0.1998,   7700.4048,-429815.6250,  -1191.2904,    547.9142,  25668.0156,
       1,     168,      99,       1,       1,       3,       1,     10.0000,      1.3962,     42.5372,    247.4519,     62.2742,      3.4953,      0.0000,     -0.0323,      5.3997,      0.1604,      5.5574,     11.1147,      1.4175,     28.6679,     57.3358,      0.0191,      0.0043,      0.0156,      0.1999,   7700.4048,-428086.4688,  -1191.1882,    548.0455,  25669.1738,
       1,     168,      99,       2,       1,       3,       1,     10.0000,      1.3962,     42.5372,    247.4519,     62.2742,      3.4953,      0.0000,     -0.0321,      4.5286,      0.1561,      5.5574,     11.1147,      1.3796,     28.6679,     57.3358,      0.0191,      0.0036,      0.0156,      0.1999,   7700.7524,-425637.4062,  -1189.5580,    548.2133,  25669.1738,
       1,     168,      99,       3,       1,       3,       1,     10.0000,      1.3962,     42.5372,    247.4519,     62.2742,      3.4953,      0.0000,     -0.0320,      4.1433,      0.1539,      5.5574,     11.1147,      1.3604,     28.6679,     57.3358,      0.0191,      0.0033,      0.0156,      0.1999,   7700.7524,-424319.0625,  -1189.0114,    548.3036,  25669.1738,
       1,     168,      99,       4,       1,       3,       1,     10.0000,      1.3962,     42.5372,    247.4519,     62.2742,      3.4953,      0.0000,     -0.0321,      4.1295,      0.1550,      5.5574,     11.1147,      1.3700,     28.6679,     57.3358,      0.0191,      0.0033,      0.0156,      0.1999,   7700.7524,-423715.4062,  -1188.7642,    548.3450,  25669.1738,
       1,     168,      99,       5,       1,       3,       1,     10.0000,      1.3962,     42.5372,    247.4519,     62.2742,      3.4953,      0.0000,     -0.0321,      4.2242,      0.1547,      5.5574,     11.1147,      1.3672,     28.6679,     57.3358,      0.0191,      0.0033,      0.0156,      0.1999,   7700.7524,-423645.4375,  -1188.7401,    548.3498,  25669.1738,
       1,     168,      99,       6,       1,       3,       1,     10.0000,      1.3962,     42.5372,    247.4519,     62.2742,      3.4953,      0.0000,     -0.0320,      4.5183,      0.1543,      5.5574,     11.1147,      1.3631,     28.6679,     57.3358,      0.0191,      0.0036,      0.0156,      0.1999,   7700.7524,-423759.5938,  -1188.7935,    548.3420,  25669.1719,
       1,     168,      99,       7,       1,       3,       1,     10.0000,      1.3962,     42.5372,    247.4519,     62.2742,      3.4953,      0.0000,     -0.0321,      4.3247,      0.1560,      5.5574,     11.1147,      1.3783,     28.6679,     57.3358,      0.0191,      0.0034,      0.0156,      0.1999,   7700.7520,-424143.0312,  -1188.9618,    548.3157,  25669.1719,
       1,     168,      99,       8,       1,       3,       1,     10.0000,      1.3962,     42.5372,    247.4519,     62.2742,      3.4953,      0.0091,     -0.0230,      4.2702,      0.1550,      5.5574,     11.1147,      1.3700,     28.6679,     57.3358,      0.0191,      0.0034,      0.0156,      0.1999,   7700.7520,-423930.7188,  -1188.8783,    548.3303,  25669.1719,
       1,     168,      99,       9,       1,       3,       1,     10.0000,      1.3962,     42.5372,    247.4519,     62.2742,      3.4953,      0.0398,      0.0076,      9.8827,      0.1585,      5.5574,     11.1147,      1.4006,     28.6679,     57.3358,      0.0191,      0.0034,      0.0359,      0.1999,   7700.7520,-423843.0625,  -1188.8473,    548.3362,  25669.1719,
       1,     168,      99,      10,       1,       3,       1,     10.0000,      1.3962,     42.5372,    247.4519,     62.2742,      3.4953,      0.0760,      0.0436,     23.3713,      0.1651,      5.5574,     11.1147,      1.4593,     28.6679,     57.3358,      0.0191,      0.0033,      0.0868,      0.1999,   7700.7520,-430957.1875,  -1191.8413,    547.8487,  25669.1719,
       1,     168,      99,      11,       1,       3,       1,     10.0000,      1.3962,     42.5372,    247.4519,     62.2742,      3.4953,      0.1733,      0.1402,     68.0080,      0.1878,      5.5574,     11.1147,      1.6593,     28.6679,     57.3358,      0.0191,      0.0037,      0.2237,      0.1999,   7700.7520,-448693.9062,  -1199.3052,    546.6342,  25669.1719,
       1,     168,      99,      12,       1,       3,       1,     10.0000,      1.3962,     42.5372,    247.4519,     62.2742,      3.4953,      0.0747,      0.0420,     26.5411,      0.1757,      5.5574,     11.1147,      1.5524,     28.6679,     57.3358,      0.0191,      0.0039,      0.0844,      0.1999,   7700.7520,-506899.1875,  -1223.7886,    542.6584,  25668.1055,
       1,     168,      99,      13,       1,       3,       1,     10.0000,      1.3962,     42.5372,    247.4519,     62.2742,      3.4953,      0.1622,      0.1291,     67.1389,      0.1882,      5.5574,     11.1147,      1.6626,     28.6679,     57.3358,      0.0191,      0.0040,      0.2076,      0.1998,   7700.4321,-459435.6250,  -1204.5815,    545.8924,  25669.1719,
       1,     168,      99,      14,       1,       3,       1,     10.0000,      1.3962,     42.5372,    247.4519,     62.2742,      3.4953,      0.1255,      0.0924,     48.7373,      0.1863,      5.5574,     11.1147,      1.6462,     28.6679,     57.3358,      0.0191,      0.0039,      0.1559,      0.1998,   7700.7520,-506747.9688,  -1223.9543,    542.6736,  25668.1016,
       1,     168,      99,      15,       1,       3,       1,     10.0000,      1.3962,     42.5372,    247.4519,     62.2742,      3.4953,      0.1693,      0.1361,     72.9820,      0.1872,      5.5574,     11.1147,      1.6544,     28.6679,     57.3358,      0.0191,      0.0041,      0.2172,      0.1998,   7700.4307,-487617.1875,  -1216.6519,    543.9808,  25669.1680,
       1,     168,      99,      16,       1,       3,       1,     10.0000,      1.3962,     42.5372,    247.4519,     62.2742,      3.4953,      0.1312,      0.0985,     71.7472,      0.1757,      5.5574,     11.1147,      1.5524,     28.6679,     57.3358,      0.0191,      0.0055,      0.1617,      0.1998,   7700.7505,-516618.9688,  -1228.4066,    542.0103,  25668.0645,
       1,     168,      99,      17,       1,       3,       1,     10.0000,      1.3962,     42.5372,    247.4519,     62.2742,      3.4953,      0.1210,      0.0881,     56.4429,      0.1815,      5.5574,     11.1147,      1.6042,     28.6679,     57.3358,      0.0191,      0.0047,      0.1485,      0.1998,   7700.4194,-517704.2500,  -1229.6775,    541.9404,  25668.0527,
       1,     168,      99,      18,       1,       3,       1,     10.0000,      1.3962,     42.5372,    247.4519,     62.2742,      3.4953,      0.1356,      0.1025,     71.6268,      0.1845,      5.5574,     11.1147,      1.6299,     28.6679,     57.3358,      0.0191,      0.0053,      0.1681,      0.1998,   7700.4160,-498347.5938,  -1221.7870,    543.2517,  25668.6914,
       1,     168,      99,      19,       1,       3,       1,     10.0000,      1.3962,     42.5372,    247.4519,     62.2742,      3.4953,      0.1145,      0.0815,     57.4269,      0.1856,      5.5574,     11.1147,      1.6397,     28.6679,     57.3358,      0.0191,      0.0051,      0.1389,      0.1998,   7700.6079,-515888.2812,  -1228.9901,    542.0621,  25668.0547,
       1,     168,      99,      20,       1,       3,       1,     10.0000,      1.3962,     42.5372,    247.4519,     62.2742,      3.4953,      0.0153,     -0.0174,      0.2720,      0.1731,      5.5574,     11.1147,      1.5294,     28.6679,     57.3358,      0.0191,      0.0051,      0.0007,      0.1998,   7700.4165,-499442.4062,  -1222.6332,    543.1777,  25668.2949,
       1,     168,      99,      21,       1,       3,       1,     10.0000,      1.3962,     42.5372,    247.4519,     62.2742,      3.4953,      0.0000,     -0.0325,      4.9776,      0.1685,      5.5574,     11.1147,      1.4887,     28.6679,     57.3358,      0.0191,      0.0039,      0.0156,      0.1998,   7700.4888,-425384.5938,  -1191.4539,    548.2073,  25669.1621,
       1,     168,      99,      22,       1,       3,       1,     10.0000,      1.3962,     42.5372,    247.4519,     62.2742,      3.4953,      0.0000,     -0.0325,      5.5410,      0.1686,      5.5574,     11.1147,      1.4902,     28.6679,     57.3358,      0.0191,      0.0044,      0.0156,      0.1999,   7700.7490,-424897.8438,  -1190.7974,    548.2639,  25669.1621,
       1,     168,      99,      23,       1,       3,       1,     10.0000,      1.3962,     42.5372,    247.4519,     62.2742,      3.4953,      0.0000,     -0.0325,      5.7113,      0.1673,      5.5574,     11.1147,      1.4784,     28.6679,     57.3358,      0.0191,      0.0045,      0.0156,      0.1999,   7700.7490,-425540.8750,  -1191.0747,    548.2199,  25669.1602,
       1,     168,      99,      24,       1,       3,       1,     10.0000,      1.3962,     42.5372,    247.4519,     62.2742,      3.4953,      0.0000,     -0.0325,      5.9382,      0.1685,      5.5574,     11.1147,      1.4887,     28.6679,     57.3358,      0.0191,      0.0047,      0.0156,      0.1999,   7700.7485,-425813.0625,  -1191.1974,    548.2012,  25669.1602,
       1,     168,     100,       1,       1,       3,       1,     10.0000,      1.3962,     42.5376,    247.4578,     62.2757,      3.4953,      0.0000,     -0.0325,      4.8862,      0.1681,      5.5588,     11.1176,      1.4858,     28.6615,     57.3229,      0.0191,      0.0039,      0.0156,      0.1999,   7700.7485,-426280.9688,  -1192.0173,    548.1823,  25670.3203,
       1,     168,     100,       2,       1,       3,       1,     10.0000,      1.3962,     42.5376,    247.4578,     62.2757,      3.4953,      0.0000,     -0.0322,      4.1367,      0.1575,      5.5588,     11.1176,      1.3922,     28.6615,     57.3229,      0.0191,      0.0033,      0.0156,      0.1999,   7701.0962,-424832.6875,  -1190.7999,    548.2816,  25670.3203,
       1,     168,     100,       3,       1,       3,       1,     10.0000,      1.3962,     42.5376,    247.4578,     62.2757,      3.4953,      0.0000,     -0.0319,      3.8001,      0.1489,      5.5588,     11.1176,      1.3160,     28.6615,     57.3229,      0.0191,      0.0030,      0.0156,      0.1999,   7701.0962,-423755.7188,  -1190.8804,    548.3553,  25670.3203,
       1,     168,     100,       4,       1,       3,       1,     10.0000,      1.3962,     42.5376,    247.4578,     62.2757,      3.4953,      0.0000,     -0.0320,      3.6552,      0.1541,      5.5588,     11.1176,      1.3618,     28.6615,     57.3229,      0.0191,      0.0029,      0.0156,      0.1999,   7701.0962,-423235.1250,  -1190.6647,    548.3911,  25670.3203,
       1,     168,     100,       5,       1,       3,       1,     10.0000,      1.3962,     42.5376,    247.4578,     62.2757,      3.4953,      0.0000,     -0.0321,      3.9050,      0.1571,      5.5588,     11.1176,      1.3880,     28.6615,     57.3229,      0.0191,      0.0031,      0.0156,      0.1999,   7701.0962,-423005.7812,  -1190.5712,    548.4068,  25670.3203,
       1,     168,     100,       6,       1,       3,       1,     10.0000,      1.3962,     42.5376,    247.4578,     62.2757,      3.4953,      0.0000,     -0.0321,      3.8077,      0.1549,      5.5588,     11.1176,      1.3686,     28.6615,     57.3229,      0.0191,      0.0030,      0.0156,      0.1999,   7701.0962,-423302.9062,  -1190.6995,    548.3864,  25670.3203,
       1,     168,     100,       7,       1,       3,       1,     10.0000,      1.3962,     42.5376,    247.4578,     62.2757,      3.4953,      0.0000,     -0.0318,      2.6422,      0.1485,      5.5588,     11.1176,      1.3120,     28.6615,     57.3229,      0.0191,      0.0021,      0.0156,      0.1999,   7701.0962,-423205.2812,  -1190.6616,    548.3931,  25670.3203,
       1,     168,     100,       8,       1,       3,       1,     10.0000,      1.3962,     42.5376,    247.4578,     62.2757,      3.4953,      0.0145,     -0.0175,      0.0310,      0.1535,      5.5588,     11.1176,      1.3563,     28.6615,     57.3229,      0.0191,      0.0012,      0.0003,      0.1999,   7701.0962,-421718.0938,  -1190.1831,    548.4951,  25670.3203,
       1,     168,     100,       9,       1,       3,       1,     10.0000,      1.3962,     42.5376,    247.4578,     62.2757,      3.4953,      0.1263,      0.0938,     22.9762,      0.1693,      5.5588,     11.1176,      1.4962,     28.6615,     57.3229,      0.0191,      0.0018,      0.1602,      0.1999,   7701.0962,-418275.9375,  -1188.7344,    548.7311,  25670.3184,
       1,     168,     100,      10,       1,       3,       1,     10.0000,      1.3962,     42.5376,    247.4578,     62.2757,      3.4953,      0.1714,      0.1383,     41.0230,      0.1870,      5.5588,     11.1176,      1.6528,     28.6615,     57.3229,      0.0191,      0.0023,      0.2240,      0.1999,   7701.0957,-447085.8438,  -1200.8816,    546.7550,  25670.3184,
       1,     168,     100,      11,       1,       3,       1,     10.0000,      1.3962,     42.5376,    247.4578,     62.2757,      3.4953,      0.1803,      0.1469,     44.6951,      0.1954,      5.5588,     11.1176,      1.7264,     28.6615,     57.3229,      0.0191,      0.0023,      0.2367,      0.1999,   7701.0957,-472506.0000,  -1211.6263,    545.0212,  25670.3164,
       1,     168,     100,      12,       1,       3,       1,     10.0000,      1.3962,     42.5376,    247.4578,     62.2757,      3.4953,      0.1670,      0.1339,     26.9717,      0.1850,      5.5588,     11.1176,      1.6348,     28.6615,     57.3229,      0.0191,      0.0015,      0.2192,      0.1999,   7701.0952,-479379.4375,  -1214.5966,    544.5557,  25670.3164,
       1,     168,     100,      13,       1,       3,       1,     10.0000,      1.3962,     42.5376,    247.4578,     62.2757,      3.4953,      0.1868,      0.1532,     33.8664,      0.2032,      5.5588,     11.1176,      1.7960,     28.6615,     57.3229,      0.0191,      0.0017,      0.2475,      0.1998,   7701.0952,-457467.7188,  -1205.4470,    546.0474,  25670.3164,
       1,     168,     100,      14,       1,       3,       1,     10.0000,      1.3962,     42.5376,    247.4578,     62.2757,      3.4953,      0.1907,      0.1569,     63.0496,      0.2102,      5.5588,     11.1176,      1.8571,     28.6615,     57.3229,      0.0191,      0.0031,      0.2500,      0.1999,   7701.0952,-464324.9375,  -1208.3807,    545.5814,  25670.3164,
       1,     168,     100,      15,       1,       3,       1,     10.0000,      1.3962,     42.5376,    247.4578,     62.2757,      3.4953,      0.1929,      0.1588,     92.2236,      0.2218,      5.5588,     11.1176,      1.9602,     28.6615,     57.3229,      0.0191,      0.0045,      0.2500,      0.1999,   7701.0952,-501966.1875,  -1224.3104,    543.0146,  25670.3184,
       1,     168,     100,      16,       1,       3,       1,     10.0000,      1.3962,     42.5376,    247.4578,     62.2757,      3.4953,      0.1942,      0.1600,    109.3329,      0.2240,      5.5588,     11.1176,      1.9795,     28.6615,     57.3229,      0.0191,      0.0054,      0.2500,      0.1998,   7701.0957,-542307.1875,  -1241.4862,    540.2824,  25670.1738,
       1,     168,     100,      17,       1,       3,       1,     10.0000,      1.3962,     42.5376,    247.4578,     62.2757,      3.4953,      0.1876,      0.1538,     88.2033,      0.2102,      5.5588,     11.1176,      1.8571,     28.6615,     57.3229,      0.0191,      0.0045,      0.2426,      0.1998,   7701.0522,-567581.3750,  -1252.6086,    538.5824,  25670.0742,
       1,     168,     100,      18,       1,       3,       1,     10.0000,      1.3962,     42.5376,    247.4578,     62.2757,      3.4953,      0.1631,      0.1296,     86.5115,      0.1997,      5.5588,     11.1176,      1.7643,     28.6615,     57.3229,      0.0191,      0.0052,      0.2066,      0.1997,   7701.0225,-542913.0000,  -1242.7632,    540.2457,  25670.1367,
       1,     168,     100,      19,       1,       3,       1,     10.0000,      1.3962,     42.5376,    247.4578,     62.2757,      3.4953,      0.0802,      0.0471,     38.9976,      0.1859,      5.5588,     11.1176,      1.6430,     28.6615,     57.3229,      0.0191,      0.0053,      0.0907,      0.1998,   7701.0415,-538624.7500,  -1241.3184,    540.5380,  25670.1387,
       1,     168,     100,      20,       1,       3,       1,     10.0000,      1.3962,     42.5376,    247.4578,     62.2757,      3.4953,      0.0057,     -0.0269,      7.4188,      0.1724,      5.5588,     11.1176,      1.5233,     28.6615,     57.3229,      0.0191,      0.0059,      0.0156,      0.1998,   7701.0420,-477859.8750,  -1215.9576,    544.6437,  25670.3086,
       1,     168,     100,      21,       1,       3,       1,     10.0000,      1.3962,     42.5376,    247.4578,     62.2757,      3.4953,      0.0000,     -0.0326,      8.0432,      0.1707,      5.5588,     11.1176,      1.5082,     28.6615,     57.3229,      0.0191,      0.0064,      0.0156,      0.1999,   7701.0928,-432529.1875,  -1196.7571,    547.7455,  25670.3086,
       1,     168,     100,      22,       1,       3,       1,     10.0000,      1.3962,     42.5376,    247.4578,     62.2757,      3.4953,      0.0000,     -0.0326,      7.1850,      0.1702,      5.5588,     11.1176,      1.5037,     28.6615,     57.3229,      0.0191,      0.0057,      0.0156,      0.1999,   7701.0928,-429394.0938,  -1195.4397,    547.9689,  25670.3086,
       1,     168,     100,      23,       1,       3,       1,     10.0000,      1.3962,     42.5376,    247.4578,     62.2757,      3.4953,      0.0000,     -0.0326,      6.6241,      0.1720,      5.5588,     11.1176,      1.5203,     28.6615,     57.3229,      0.0191,      0.0052,      0.0156,      0.1999,   7701.0928,-428021.6250,  -1194.8654,    548.0630,  25670.3066,
       1,     168,     100,      24,       1,       3,       1,     10.0000,      1.3962,     42.5376,    247.4578,     62.2757,      3.4953,      0.0000,     -0.0327,      5.2759,      0.1726,      5.5588,     11.1176,      1.5249,     28.6615,     57.3229,      0.0191,      0.0042,      0.0156,      0.1999,   7701.0923,-427190.5938,  -1194.5195,    548.1199,  25670.3066,
       1,     168,     101,       1,       1,       3,       1,     10.0000,      1.3962,     42.5379,    247.4637,     62.2771,      3.4953,      0.0000,     -0.0325,      3.6735,      0.1673,      5.5579,     11.1157,      1.4784,     28.6675,     57.3350,      0.0191,      0.0029,      0.0156,      0.1999,   7701.0923,-425563.6562,  -1194.4531,    548.2444,  25671.4648,
       1,     168,     101,       2,       1,       3,       1,     10.0000,      1.3962,     42.5379,    247.4637,     62.2771,      3.4953,      0.0000,     -0.0325,      3.6140,      0.1683,      5.5579,     11.1157,      1.4873,     28.6675,     57.3350,      0.0191,      0.0029,      0.0156,      0.1999,   7701.4399,-423235.6250,  -1192.8555,    548.4039,  25671.4648,
       1,     168,     101,       3,       1,       3,       1,     10.0000,      1.3962,     42.5379,    247.4637,     62.2771,      3.4953,      0.0000,     -0.0325,      3.6633,      0.1690,      5.5579,     11.1157,      1.4933,     28.6675,     57.3350,      0.0191,      0.0029,      0.0156,      0.1999,   7701.4399,-422957.8125,  -1192.7407,    548.4230,  25671.4648,
       1,     168,     101,       4,       1,       3,       1,     10.0000,      1.3962,     42.5379,    247.4637,     62.2771,      3.4953,      0.0000,     -0.0321,      3.7949,      0.1561,      5.5579,     11.1157,      1.3797,     28.6675,     57.3350,      0.0191,      0.0030,      0.0156,      0.1999,   7701.4399,-422996.1250,  -1192.7596,    548.4204,  25671.4648,
       1,     168,     101,       5,       1,       3,       1,     10.0000,      1.3962,     42.5379,    247.4637,     62.2771,      3.4953,      0.0000,     -0.0320,      3.7475,      0.1538,      5.5579,     11.1157,      1.3591,     28.6675,     57.3350,      0.0191,      0.0030,      0.0156,      0.1999,   7701.4399,-423166.4062,  -1192.9875,    548.4088,  25671.4648,
       1,     168,     101,       6,       1,       3,       1,     10.0000,      1.3962,     42.5379,    247.4637,     62.2771,      3.4953,      0.0000,     -0.0321,      3.2981,      0.1552,      5.5579,     11.1157,      1.3714,     28.6675,     57.3350,      0.0191,      0.0026,      0.0156,      0.1999,   7701.4399,-423121.0312,  -1192.9707,    548.4119,  25671.4648,
       1,     168,     101,       7,       1,       3,       1,     10.0000,      1.3962,     42.5379,    247.4637,     62.2771,      3.4953,      0.0000,     -0.0322,      3.4395,      0.1577,      5.5579,     11.1157,      1.3936,     28.6675,     57.3350,      0.0191,      0.0027,      0.0156,      0.1999,   7701.4399,-422547.0625,  -1192.7300,    548.4512,  25671.4648,
       1,     168,     101,       8,       1,       3,       1,     10.0000,      1.3962,     42.5379,    247.4637,     62.2771,      3.4953,      0.0145,     -0.0176,      0.0633,      0.1536,      5.5579,     11.1157,      1.3577,     28.6675,     57.3350,      0.0191,      0.0028,      0.0003,      0.1999,   7701.4399,-422676.4375,  -1192.7866,    548.4423,  25671.4629,
       1,     168,     101,       9,       1,       3,       1,     10.0000,      1.3962,     42.5379,    247.4637,     62.2771,      3.4953,      0.1243,      0.0919,     27.8913,      0.1647,      5.5579,     11.1157,      1.4550,     28.6675,     57.3350,      0.0191,      0.0022,      0.1567,      0.1999,   7701.4390,-418405.0312,  -1190.9785,    548.7352,  25671.4629,
       1,     168,     101,      10,       1,       3,       1,     10.0000,      1.3962,     42.5379,    247.4637,     62.2771,      3.4953,      0.1638,      0.1308,     33.2054,      0.1817,      5.5579,     11.1157,      1.6059,     28.6675,     57.3350,      0.0191,      0.0019,      0.2137,      0.1999,   7701.4390,-453333.0000,  -1205.7828,    546.3395,  25671.4629,
       1,     168,     101,      11,       1,       3,       1,     10.0000,      1.3962,     42.5379,    247.4637,     62.2771,      3.4953,      0.1876,      0.1543,     48.1238,      0.1936,      5.5579,     11.1157,      1.7111,     28.6675,     57.3350,      0.0191,      0.0024,      0.2470,      0.1999,   7701.4390,-463129.1875,  -1209.9684,    545.6757,  25671.4629,
       1,     168,     101,      12,       1,       3,       1,     10.0000,      1.3962,     42.5379,    247.4637,     62.2771,      3.4953,      0.1906,      0.1569,     61.2812,      0.2057,      5.5579,     11.1157,      1.8174,     28.6675,     57.3350,      0.0191,      0.0030,      0.2500,      0.1999,   7701.4390,-482910.4688,  -1218.4011,    544.3268,  25671.4629,
       1,     168,     101,      13,       1,       3,       1,     10.0000,      1.3962,     42.5379,    247.4637,     62.2771,      3.4953,      0.1908,      0.1567,     64.5925,      0.2180,      5.5579,     11.1157,      1.9260,     28.6675,     57.3350,      0.0191,      0.0032,      0.2500,      0.1999,   7701.4390,-501337.2188,  -1226.3105,    543.0747,  25671.4609,
       1,     168,     101,      14,       1,       3,       1,     10.0000,      1.3962,     42.5379,    247.4637,     62.2771,      3.4953,      0.1918,      0.1576,     78.2413,      0.2227,      5.5579,     11.1157,      1.9680,     28.6675,     57.3350,      0.0191,      0.0039,      0.2500,      0.1999,   7701.4385,-507142.6562,  -1228.9315,    542.6820,  25671.4590,
       1,     168,     101,      15,       1,       3,       1,     10.0000,      1.3962,     42.5379,    247.4637,     62.2771,      3.4953,      0.1931,      0.1590,     94.0950,      0.2197,      5.5579,     11.1157,      1.9412,     28.6675,     57.3350,      0.0191,      0.0046,      0.2500,      0.1998,   7701.4380,-524981.2500,  -1236.6924,    541.4721,  25671.4414,
       1,     168,     101,      16,       1,       3,       1,     10.0000,      1.3962,     42.5379,    247.4637,     62.2771,      3.4953,      0.1946,      0.1606,    114.2700,      0.2171,      5.5579,     11.1157,      1.9184,     28.6675,     57.3350,      0.0191,      0.0056,      0.2499,      0.1998,   7701.4326,-546675.9375,  -1246.1993,    540.0051,  25671.3496,
       1,     168,     101,      17,       1,       3,       1,     10.0000,      1.3962,     42.5379,    247.4637,     62.2771,      3.4953,      0.1880,      0.1542,    135.4834,      0.2096,      5.5579,     11.1157,      1.8517,     28.6675,     57.3350,      0.0191,      0.0070,      0.2377,      0.1998,   7701.4053,-574213.1875,  -1258.3563,    538.1483,  25671.2344,
       1,     168,     101,      18,       1,       3,       1,     10.0000,      1.3962,     42.5379,    247.4637,     62.2771,      3.4953,      0.1704,      0.1369,    133.8680,      0.1993,      5.5579,     11.1157,      1.7609,     28.6675,     57.3350,      0.0191,      0.0078,      0.2121,      0.1998,   7701.3706,-603594.8750,  -1271.4828,    536.1750,  25671.1172,
       1,     168,     101,      19,       1,       3,       1,     10.0000,      1.3962,     42.5379,    247.4637,     62.2771,      3.4953,      0.1177,      0.0845,     87.0745,      0.1883,      5.5579,     11.1157,      1.6643,     28.6675,     57.3350,      0.0191,      0.0077,      0.1401,      0.1997,   7701.3354,-604107.4375,  -1272.5127,    536.1442,  25671.0918,
       1,     168,     101,      20,       1,       3,       1,     10.0000,      1.3962,     42.5379,    247.4637,     62.2771,      3.4953,      0.0171,     -0.0157,      1.7123,      0.1753,      5.5579,     11.1157,      1.5494,     28.6675,     57.3350,      0.0191,      0.0072,      0.0029,      0.1997,   7701.3276,-544615.0625,  -1247.9172,    540.1313,  25671.2715,
       1,     168,     101,      21,       1,       3,       1,     10.0000,      1.3962,     42.5379,    247.4637,     62.2771,      3.4953,      0.0000,     -0.0325,      8.6341,      0.1680,      5.5579,     11.1157,      1.4843,     28.6675,     57.3350,      0.0191,      0.0068,      0.0156,      0.1998,   7701.3818,-431000.8750,  -1199.7181,    547.8171,  25671.4512,
       1,     168,     101,      22,       1,       3,       1,     10.0000,      1.3962,     42.5379,    247.4637,     62.2771,      3.4953,      0.0000,     -0.0323,      7.8249,      0.1629,      5.5579,     11.1157,      1.4390,     28.6675,     57.3350,      0.0191,      0.0062,      0.0156,      0.1999,   7701.4355,-430072.9375,  -1199.2362,    547.9354,  25671.4492,
       1,     168,     101,      23,       1,       3,       1,     10.0000,      1.3962,     42.5379,    247.4637,     62.2771,      3.4953,      0.0000,     -0.0323,      6.8790,      0.1627,      5.5579,     11.1157,      1.4376,     28.6675,     57.3350,      0.0191,      0.0054,      0.0156,      0.1999,   7701.4351,-428896.2812,  -1198.7411,    548.0161,  25671.4492,
       1,     168,     101,      24,       1,       3,       1,     10.0000,      1.3962,     42.5379,    247.4637,     62.2771,      3.4953,      0.0000,     -0.0324,      6.3523,      0.1630,      5.5579,     11.1157,      1.4405,     28.6675,     57.3350,      0.0191,      0.0050,      0.0156,      0.1999,   7701.4351,-427593.7500,  -1198.1909,    548.1053,  25671.4492,
       1,     168,     102,       1,       1,       3,       1,     10.0000,      1.3962,     42.5382,    247.4695,     62.2786,      3.4953,      0.0000,     -0.0322,      5.4498,      0.1598,      5.5580,     11.1161,      1.4119,     28.6756,     57.3513,      0.0191,      0.0043,      0.0156,      0.1999,   7701.4351,-426967.9062,  -1198.5513,    548.1612,  25672.6074,
       1,     168,     102,       2,       1,       3,       1,     10.0000,      1.3962,     42.5382,    247.4695,     62.2786,      3.4953,      0.0000,     -0.0322,      4.8211,      0.1595,      5.5580,     11.1161,      1.4091,     28.6756,     57.3513,      0.0191,      0.0038,      0.0156,      0.1999,   7701.7827,-425615.0938,  -1197.3569,    548.2538,  25672.6074,
       1,     168,     102,       3,       1,       3,       1,     10.0000,      1.3962,     42.5382,    247.4695,     62.2786,      3.4953,      0.0000,     -0.0322,      4.2017,      0.1598,      5.5580,     11.1161,      1.4119,     28.6756,     57.3513,      0.0191,      0.0033,      0.0156,      0.2000,   7701.7827,-424699.9062,  -1196.9705,    548.3165,  25672.6074,
       1,     168,     102,       4,       1,       3,       1,     10.0000,      1.3962,     42.5382,    247.4695,     62.2786,      3.4953,      0.0000,     -0.0322,      4.2076,      0.1588,      5.5580,     11.1161,      1.4035,     28.6756,     57.3513,      0.0191,      0.0033,      0.0156,      0.2000,   7701.7827,-423834.8750,  -1196.6046,    548.3759,  25672.6074,
       1,     168,     102,       5,       1,       3,       1,     10.0000,      1.3962,     42.5382,    247.4695,     62.2786,      3.4953,      0.0000,     -0.0322,      4.0102,      0.1585,      5.5580,     11.1161,      1.4007,     28.6756,     57.3513,      0.0191,      0.0032,      0.0156,      0.2000,   7701.7827,-423766.9062,  -1196.5786,    548.3806,  25672.6074,
       1,     168,     102,       6,       1,       3,       1,     10.0000,      1.3962,     42.5382,    247.4695,     62.2786,      3.4953,      0.0000,     -0.0323,      3.6373,      0.1607,      5.5580,     11.1161,      1.4205,     28.6756,     57.3513,      0.0191,      0.0029,      0.0156,      0.2000,   7701.7827,-423510.7188,  -1196.4727,    548.3981,  25672.6055,
       1,     168,     102,       7,       1,       3,       1,     10.0000,      1.3962,     42.5382,    247.4695,     62.2786,      3.4953,      0.0000,     -0.0323,      3.7057,      0.1611,      5.5580,     11.1161,      1.4233,     28.6756,     57.3513,      0.0191,      0.0029,      0.0156,      0.2000,   7701.7817,-423015.5938,  -1196.2651,    548.4321,  25672.6055,
       1,     168,     102,       8,       1,       3,       1,     10.0000,      1.3962,     42.5382,    247.4695,     62.2786,      3.4953,      0.0038,     -0.0283,      3.6136,      0.1558,      5.5580,     11.1161,      1.3770,     28.6756,     57.3513,      0.0191,      0.0029,      0.0156,      0.2000,   7701.7817,-423059.2500,  -1196.2865,    548.4291,  25672.6055,
       1,     168,     102,       9,       1,       3,       1,     10.0000,      1.3962,     42.5382,    247.4695,     62.2786,      3.4953,      0.0512,      0.0195,     10.9354,      0.1460,      5.5580,     11.1161,      1.2898,     28.6756,     57.3513,      0.0191,      0.0026,      0.0527,      0.2000,   7701.7817,-422946.2500,  -1196.2411,    548.4368,  25672.6055,
       1,     168,     102,      10,       1,       3,       1,     10.0000,      1.3962,     42.5382,    247.4695,     62.2786,      3.4953,      0.1097,      0.0776,     29.6972,      0.1549,      5.5580,     11.1161,      1.3687,     28.6756,     57.3513,      0.0191,      0.0027,      0.1353,      0.2000,   7701.7817,-432223.5625,  -1200.2107,    547.8008,  25672.6055,
       1,     168,     102,      11,       1,       3,       1,     10.0000,      1.3962,     42.5382,    247.4695,     62.2786,      3.4953,      0.1783,      0.1453,     61.6754,      0.1843,      5.5580,     11.1161,      1.6284,     28.6756,     57.3513,      0.0191,      0.0033,      0.2317,      0.1999,   7701.7817,-456832.1562,  -1210.7448,    546.1161,  25672.6055,
       1,     168,     102,      12,       1,       3,       1,     10.0000,      1.3962,     42.5382,    247.4695,     62.2786,      3.4953,      0.1918,      0.1579,     76.5211,      0.2112,      5.5580,     11.1161,      1.8664,     28.6756,     57.3513,      0.0191,      0.0038,      0.2500,      0.1999,   7701.7817,-499559.3750,  -1229.0503,    543.2020,  25672.4805,
       1,     168,     102,      13,       1,       3,       1,     10.0000,      1.3962,     42.5382,    247.4695,     62.2786,      3.4953,      0.1918,      0.1576,     77.8217,      0.2223,      5.5580,     11.1161,      1.9642,     28.6756,     57.3513,      0.0191,      0.0038,      0.2500,      0.1999,   7701.7446,-522153.3750,  -1238.9240,    541.6755,  25672.3926,
       1,     168,     102,      14,       1,       3,       1,     10.0000,      1.3962,     42.5382,    247.4695,     62.2786,      3.4953,      0.1917,      0.1575,     76.7812,      0.2234,      5.5580,     11.1161,      1.9738,     28.6756,     57.3513,      0.0191,      0.0038,      0.2500,      0.1999,   7701.7183,-525770.3125,  -1240.7889,    541.4328,  25672.3652,
       1,     168,     102,      15,       1,       3,       1,     10.0000,      1.3962,     42.5382,    247.4695,     62.2786,      3.4953,      0.1923,      0.1580,     85.4912,      0.2280,      5.5580,     11.1161,      2.0148,     28.6756,     57.3513,      0.0191,      0.0042,      0.2500,      0.1998,   7701.7100,-524762.2500,  -1240.6689,    541.5010,  25672.3516,
       1,     168,     102,      16,       1,       3,       1,     10.0000,      1.3962,     42.5382,    247.4695,     62.2786,      3.4953,      0.1952,      0.1610,    122.1293,      0.2227,      5.5580,     11.1161,      1.9680,     28.6756,     57.3513,      0.0191,      0.0060,      0.2500,      0.1999,   7701.7056,-535741.8750,  -1245.6722,    540.7579,  25672.2969,
       1,     168,     102,      17,       1,       3,       1,     10.0000,      1.3962,     42.5382,    247.4695,     62.2786,      3.4953,      0.1886,      0.1546,    146.5855,      0.2175,      5.5580,     11.1161,      1.9222,     28.6756,     57.3513,      0.0191,      0.0076,      0.2374,      0.1998,   7701.6895,-583254.3750,  -1266.4221,    537.5468,  25672.1230,
       1,     168,     102,      18,       1,       3,       1,     10.0000,      1.3962,     42.5382,    247.4695,     62.2786,      3.4953,      0.1628,      0.1292,    127.1892,      0.2037,      5.5580,     11.1161,      1.7996,     28.6756,     57.3513,      0.0191,      0.0078,      0.2016,      0.1998,   7701.6372,-618521.0625,  -1282.2664,    535.1866,  25671.9824,
       1,     168,     102,      19,       1,       3,       1,     10.0000,      1.3962,     42.5382,    247.4695,     62.2786,      3.4953,      0.1098,      0.0766,     77.8103,      0.1872,      5.5580,     11.1161,      1.6545,     28.6756,     57.3513,      0.0191,      0.0074,      0.1295,      0.1997,   7701.5952,-596918.2500,  -1273.9004,    536.6370,  25672.0352,
       1,     168,     102,      20,       1,       3,       1,     10.0000,      1.3962,     42.5382,    247.4695,     62.2786,      3.4953,      0.0204,     -0.0123,      4.4551,      0.1736,      5.5580,     11.1161,      1.5341,     28.6756,     57.3513,      0.0191,      0.0072,      0.0076,      0.1997,   7701.6108,-532231.6875,  -1246.7622,    540.9781,  25672.2344,
       1,     168,     102,      21,       1,       3,       1,     10.0000,      1.3962,     42.5382,    247.4695,     62.2786,      3.4953,      0.0000,     -0.0324,      8.4094,      0.1653,      5.5580,     11.1161,      1.4608,     28.6756,     57.3513,      0.0191,      0.0066,      0.0156,      0.1998,   7701.6704,-433464.1250,  -1204.4366,    547.6746,  25672.5918,
       1,     168,     102,      22,       1,       3,       1,     10.0000,      1.3962,     42.5382,    247.4695,     62.2786,      3.4953,      0.0000,     -0.0323,      8.1816,      0.1620,      5.5580,     11.1161,      1.4319,     28.6756,     57.3513,      0.0191,      0.0065,      0.0156,      0.1999,   7701.7778,-429988.5625,  -1202.7594,    547.9542,  25672.5918,
       1,     168,     102,      23,       1,       3,       1,     10.0000,      1.3962,     42.5382,    247.4695,     62.2786,      3.4953,      0.0000,     -0.0323,      7.3920,      0.1612,      5.5580,     11.1161,      1.4247,     28.6756,     57.3513,      0.0191,      0.0058,      0.0156,      0.1999,   7701.7778,-429344.7500,  -1202.4901,    547.9983,  25672.5918,
       1,     168,     102,      24,       1,       3,       1,     10.0000,      1.3962,     42.5382,    247.4695,     62.2786,      3.4953,      0.0000,     -0.0322,      6.3875,      0.1588,      5.5580,     11.1161,      1.4035,     28.6756,     57.3513,      0.0191,      0.0050,      0.0156,      0.1999,   7701.7778,-428287.1562,  -1202.0415,    548.0707,  25672.5918,
       1,     168,     103,       1,       1,       3,       1,     10.0000,      1.3962,     42.5386,    247.4754,     62.2801,      3.4953,      0.0000,     -0.0321,      5.3845,      0.1554,      5.5583,     11.1165,      1.3729,     28.6799,     57.3598,      0.0191,      0.0043,      0.0156,      0.2000,   7701.7778,-427076.3750,  -1202.1534,    548.1667,  25673.7480,
       1,     168,     103,       2,       1,       3,       1,     10.0000,      1.3962,     42.5386,    247.4754,     62.2801,      3.4953,      0.0000,     -0.0320,      4.6913,      0.1527,      5.5583,     11.1165,      1.3496,     28.6799,     57.3598,      0.0191,      0.0037,      0.0156,      0.2000,   7702.1245,-425545.5938,  -1200.8734,    548.2716,  25673.7480,
       1,     168,     103,       3,       1,       3,       1,     10.0000,      1.3962,     42.5386,    247.4754,     62.2801,      3.4953,      0.0000,     -0.0320,      4.3553,      0.1518,      5.5583,     11.1165,      1.3415,     28.6799,     57.3598,      0.0191,      0.0034,      0.0156,      0.2000,   7702.1245,-424533.2188,  -1200.4420,    548.3409,  25673.7461,
       1,     168,     103,       4,       1,       3,       1,     10.0000,      1.3962,     42.5386,    247.4754,     62.2801,      3.4953,      0.0000,     -0.0319,      4.5113,      0.1506,      5.5583,     11.1165,      1.3307,     28.6799,     57.3598,      0.0191,      0.0036,      0.0156,      0.2000,   7702.1240,-424019.2812,  -1200.2253,    548.3762,  25673.7461,
       1,     168,     103,       5,       1,       3,       1,     10.0000,      1.3962,     42.5386,    247.4754,     62.2801,      3.4953,      0.0000,     -0.0320,      4.1361,      0.1514,      5.5583,     11.1165,      1.3374,     28.6799,     57.3598,      0.0191,      0.0033,      0.0156,      0.2000,   7702.1240,-424172.5625,  -1200.2955,    548.3658,  25673.7461,
       1,     168,     103,       6,       1,       3,       1,     10.0000,      1.3962,     42.5386,    247.4754,     62.2801,      3.4953,      0.0000,     -0.0316,      3.6380,      0.1419,      5.5583,     11.1165,      1.2539,     28.6799,     57.3598,      0.0191,      0.0029,      0.0156,      0.2000,   7702.1240,-423709.8438,  -1200.1002,    548.3975,  25673.7461,
       1,     168,     103,       7,       1,       3,       1,     10.0000,      1.3962,     42.5386,    247.4754,     62.2801,      3.4953,      0.0000,     -0.0315,      3.5024,      0.1391,      5.5583,     11.1165,      1.2288,     28.6799,     57.3598,      0.0191,      0.0028,      0.0156,      0.2000,   7702.1240,-423037.9375,  -1199.8140,    548.4434,  25673.7461,
       1,     168,     103,       8,       1,       3,       1,     10.0000,      1.3962,     42.5386,    247.4754,     62.2801,      3.4953,      0.0165,     -0.0151,      0.8055,      0.1420,      5.5583,     11.1165,      1.2551,     28.6799,     57.3598,      0.0191,      0.0027,      0.0037,      0.2000,   7702.1240,-422807.5938,  -1199.7184,    548.4593,  25673.7461,
       1,     168,     103,       9,       1,       3,       1,     10.0000,      1.3962,     42.5386,    247.4754,     62.2801,      3.4953,      0.1247,      0.0924,     38.7738,      0.1601,      5.5583,     11.1165,      1.4148,     28.6799,     57.3598,      0.0191,      0.0031,      0.1560,      0.2000,   7702.1240,-419367.1562,  -1198.2369,    548.6951,  25673.7461,
       1,     168,     103,      10,       1,       3,       1,     10.0000,      1.3962,     42.5386,    247.4754,     62.2801,      3.4953,      0.1699,      0.1371,     67.3979,      0.1775,      5.5583,     11.1165,      1.5681,     28.6799,     57.3598,      0.0191,      0.0038,      0.2187,      0.2000,   7702.1240,-467219.3125,  -1218.8817,    545.4132,  25673.7461,
       1,     168,     103,      11,       1,       3,       1,     10.0000,      1.3962,     42.5386,    247.4754,     62.2801,      3.4953,      0.1901,      0.1566,     54.0182,      0.1981,      5.5583,     11.1165,      1.7506,     28.6799,     57.3598,      0.0191,      0.0027,      0.2500,      0.1999,   7702.1240,-507733.1562,  -1236.4153,    542.6609,  25673.3984,
       1,     168,     103,      12,       1,       3,       1,     10.0000,      1.3962,     42.5386,    247.4754,     62.2801,      3.4953,      0.1897,      0.1560,     50.0329,      0.2067,      5.5583,     11.1165,      1.8264,     28.6799,     57.3598,      0.0191,      0.0025,      0.2500,      0.1999,   7702.0200,-494305.0625,  -1230.9974,    543.5786,  25673.7441,
       1,     168,     103,      13,       1,       3,       1,     10.0000,      1.3962,     42.5386,    247.4754,     62.2801,      3.4953,      0.1905,      0.1566,     60.8275,      0.2146,      5.5583,     11.1165,      1.8960,     28.6799,     57.3598,      0.0191,      0.0030,      0.2500,      0.1999,   7702.1235,-488034.6250,  -1228.2413,    544.0054,  25673.7441,
       1,     168,     103,      14,       1,       3,       1,     10.0000,      1.3962,     42.5386,    247.4754,     62.2801,      3.4953,      0.1920,      0.1579,     80.4764,      0.2195,      5.5583,     11.1165,      1.9393,     28.6799,     57.3598,      0.0191,      0.0040,      0.2500,      0.1999,   7702.1235,-501194.5938,  -1234.0403,    543.1108,  25673.3887,
       1,     168,     103,      15,       1,       3,       1,     10.0000,      1.3962,     42.5386,    247.4754,     62.2801,      3.4953,      0.1945,      0.1601,    114.0095,      0.2305,      5.5583,     11.1165,      2.0367,     28.6799,     57.3598,      0.0191,      0.0056,      0.2500,      0.1999,   7702.0171,-527328.8750,  -1245.6803,    541.3373,  25673.2871,
       1,     168,     103,      16,       1,       3,       1,     10.0000,      1.3962,     42.5386,    247.4754,     62.2801,      3.4953,      0.1927,      0.1581,    161.6189,      0.2399,      5.5583,     11.1165,      2.1199,     28.6799,     57.3598,      0.0191,      0.0082,      0.2421,      0.1999,   7701.9863,-572210.1875,  -1265.4335,    538.3032,  25673.1230,
       1,     168,     103,      17,       1,       3,       1,     10.0000,      1.3962,     42.5386,    247.4754,     62.2801,      3.4953,      0.1877,      0.1534,    174.7161,      0.2280,      5.5583,     11.1165,      2.0149,     28.6799,     57.3598,      0.0191,      0.0092,      0.2330,      0.1998,   7701.9370,-636664.8125,  -1293.9573,    533.9747,  25672.8867,
       1,     168,     103,      18,       1,       3,       1,     10.0000,      1.3962,     42.5386,    247.4754,     62.2801,      3.4953,      0.1738,      0.1399,    164.4872,      0.2139,      5.5583,     11.1165,      1.8904,     28.6799,     57.3598,      0.0191,      0.0095,      0.2136,      0.1997,   7701.8662,-658998.9375,  -1304.7042,    532.5013,  25672.7891,
       1,     168,     103,      19,       1,       3,       1,     10.0000,      1.3962,     42.5386,    247.4754,     62.2801,      3.4953,      0.1370,      0.1035,    133.0133,      0.1981,      5.5583,     11.1165,      1.7506,     28.6799,     57.3598,      0.0191,      0.0100,      0.1631,      0.1997,   7701.8369,-647910.4375,  -1301.0695,    533.2414,  25672.8047,
       1,     168,     103,      20,       1,       3,       1,     10.0000,      1.3962,     42.5386,    247.4754,     62.2801,      3.4953,      0.0230,     -0.0097,      9.3613,      0.1729,      5.5583,     11.1165,      1.5280,     28.6799,     57.3598,      0.0191,      0.0106,      0.0109,      0.1997,   7701.8418,-606877.8125,  -1284.2864,    535.9770,  25672.9219,
       1,     168,     103,      21,       1,       3,       1,     10.0000,      1.3962,     42.5386,    247.4754,     62.2801,      3.4953,      0.0000,     -0.0323,     12.8370,      0.1606,      5.5583,     11.1165,      1.4191,     28.6799,     57.3598,      0.0191,      0.0101,      0.0156,      0.1998,   7701.8770,-446039.1250,  -1214.9200,    546.7597,  25673.7305,
       1,     168,     103,      22,       1,       3,       1,     10.0000,      1.3962,     42.5386,    247.4754,     62.2801,      3.4953,      0.0000,     -0.0320,     11.1265,      0.1526,      5.5583,     11.1165,      1.3483,     28.6799,     57.3598,      0.0191,      0.0088,      0.0156,      0.2000,   7702.1196,-436785.8125,  -1210.4766,    547.5013,  25673.7305,
       1,     168,     103,      23,       1,       3,       1,     10.0000,      1.3962,     42.5386,    247.4754,     62.2801,      3.4953,      0.0000,     -0.0319,     10.2896,      0.1488,      5.5583,     11.1165,      1.3148,     28.6799,     57.3598,      0.0191,      0.0081,      0.0156,      0.2000,   7702.1196,-433675.0312,  -1209.1346,    547.7147,  25673.7305,
       1,     168,     103,      24,       1,       3,       1,     10.0000,      1.3962,     42.5386,    247.4754,     62.2801,      3.4953,      0.0000,     -0.0317,      8.9300,      0.1448,      5.5583,     11.1165,      1.2795,     28.6799,     57.3598,      0.0191,      0.0071,      0.0156,      0.2000,   7702.1196,-432342.6562,  -1208.5656,    547.8060,  25673.7285,
       1,     168,     104,       1,       1,       3,       1,     10.0000,      1.3963,     42.5389,    247.4813,     62.2815,      3.4953,      0.0000,     -0.0316,      6.6965,      0.1422,      5.5580,     11.1160,      1.2564,     28.6890,     57.3781,      0.0191,      0.0053,      0.0156,      0.2000,   7702.1187,-430657.8750,  -1208.4794,    547.9343,  25674.8887,
       1,     168,     104,       2,       1,       3,       1,     10.0000,      1.3963,     42.5389,    247.4813,     62.2815,      3.4953,      0.0000,     -0.0313,      5.2431,      0.1325,      5.5580,     11.1160,      1.1705,     28.6890,     57.3781,      0.0191,      0.0041,      0.0156,      0.2000,   7702.4668,-427524.8750,  -1206.4858,    548.1488,  25674.8887,
       1,     168,     104,       3,       1,       3,       1,     10.0000,      1.3963,     42.5389,    247.4813,     62.2815,      3.4953,      0.0000,     -0.0311,      4.2374,      0.1271,      5.5580,     11.1160,      1.1227,     28.6890,     57.3781,      0.0191,      0.0033,      0.0156,      0.2000,   7702.4668,-425409.5625,  -1205.5702,    548.2938,  25674.8887,
       1,     168,     104,       4,       1,       3,       1,     10.0000,      1.3963,     42.5389,    247.4813,     62.2815,      3.4953,      0.0000,     -0.0313,      3.7872,      0.1325,      5.5580,     11.1160,      1.1705,     28.6890,     57.3781,      0.0191,      0.0030,      0.0156,      0.2000,   7702.4668,-423950.1875,  -1204.9392,    548.3939,  25674.8887,
       1,     168,     104,       5,       1,       3,       1,     10.0000,      1.3963,     42.5389,    247.4813,     62.2815,      3.4953,      0.0000,     -0.0314,      3.0503,      0.1350,      5.5580,     11.1160,      1.1933,     28.6890,     57.3781,      0.0191,      0.0024,      0.0156,      0.2000,   7702.4668,-423252.5000,  -1204.6392,    548.4417,  25674.8887,
       1,     168,     104,       6,       1,       3,       1,     10.0000,      1.3963,     42.5389,    247.4813,     62.2815,      3.4953,      0.0000,     -0.0312,      2.4613,      0.1318,      5.5580,     11.1160,      1.1646,     28.6890,     57.3781,      0.0191,      0.0019,      0.0156,      0.2000,   7702.4668,-422257.3438,  -1204.2090,    548.5099,  25674.8867,
       1,     168,     104,       7,       1,       3,       1,     10.0000,      1.3963,     42.5389,    247.4813,     62.2815,      3.4953,      0.0000,     -0.0310,      1.6034,      0.1246,      5.5580,     11.1160,      1.1012,     28.6890,     57.3781,      0.0191,      0.0013,      0.0156,      0.2000,   7702.4663,-421424.1875,  -1203.8494,    548.5670,  25674.8867,
       1,     168,     104,       8,       1,       3,       1,     10.0000,      1.3963,     42.5389,    247.4813,     62.2815,      3.4953,      0.0219,     -0.0091,      1.0370,      0.1260,      5.5580,     11.1160,      1.1136,     28.6890,     57.3781,      0.0191,      0.0010,      0.0122,      0.2000,   7702.4663,-420263.7812,  -1203.3457,    548.6466,  25674.8867,
       1,     168,     104,       9,       1,       3,       1,     10.0000,      1.3963,     42.5389,    247.4813,     62.2815,      3.4953,      0.1358,      0.1039,     25.7354,      0.1504,      5.5580,     11.1160,      1.3294,     28.6890,     57.3781,      0.0191,      0.0018,      0.1739,      0.2000,   7702.4663,-419444.6562,  -1202.9897,    548.7028,  25674.8867,
       1,     168,     104,      10,       1,       3,       1,     10.0000,      1.3963,     42.5389,    247.4813,     62.2815,      3.4953,      0.1754,      0.1428,     33.7652,      0.1722,      5.5580,     11.1160,      1.5220,     28.6890,     57.3781,      0.0191,      0.0018,      0.2306,      0.2000,   7702.4663,-450691.9688,  -1216.6331,    546.5596,  25674.8867,
       1,     168,     104,      11,       1,       3,       1,     10.0000,      1.3963,     42.5389,    247.4813,     62.2815,      3.4953,      0.1862,      0.1528,     28.2459,      0.1958,      5.5580,     11.1160,      1.7300,     28.6890,     57.3781,      0.0191,      0.0014,      0.2472,      0.2000,   7702.4663,-463606.9688,  -1222.3040,    545.6815,  25674.8867,
       1,     168,     104,      12,       1,       3,       1,     10.0000,      1.3963,     42.5389,    247.4813,     62.2815,      3.4953,      0.1879,      0.1541,     26.9930,      0.2089,      5.5580,     11.1160,      1.8464,     28.6890,     57.3781,      0.0191,      0.0013,      0.2500,      0.2000,   7702.4663,-457721.3125,  -1219.7831,    546.0836,  25674.8867,
       1,     168,     104,      13,       1,       3,       1,     10.0000,      1.3963,     42.5389,    247.4813,     62.2815,      3.4953,      0.1885,      0.1539,     36.8730,      0.2380,      5.5580,     11.1160,      2.1035,     28.6890,     57.3781,      0.0191,      0.0018,      0.2500,      0.2000,   7702.4663,-455620.6875,  -1218.9071,    546.2271,  25674.8867,
       1,     168,     104,      14,       1,       3,       1,     10.0000,      1.3963,     42.5389,    247.4813,     62.2815,      3.4953,      0.1911,      0.1567,     73.0566,      0.2330,      5.5580,     11.1160,      2.0588,     28.6890,     57.3781,      0.0191,      0.0036,      0.2497,      0.2000,   7702.4663,-467973.2188,  -1224.3394,    545.3838,  25674.8848,
       1,     168,     104,      15,       1,       3,       1,     10.0000,      1.3963,     42.5389,    247.4813,     62.2815,      3.4953,      0.1936,      0.1589,    122.3837,      0.2439,      5.5580,     11.1160,      2.1554,     28.6890,     57.3781,      0.0191,      0.0061,      0.2479,      0.2000,   7702.4658,-514962.6250,  -1244.9238,    542.1810,  25674.2949,
       1,     168,     104,      16,       1,       3,       1,     10.0000,      1.3963,     42.5389,    247.4813,     62.2815,      3.4953,      0.1917,      0.1569,    154.5301,      0.2430,      5.5580,     11.1160,      2.1470,     28.6890,     57.3781,      0.0191,      0.0079,      0.2413,      0.1999,   7702.2886,-581774.6250,  -1274.6575,    537.6623,  25674.0508,
       1,     168,     104,      17,       1,       3,       1,     10.0000,      1.3963,     42.5389,    247.4813,     62.2815,      3.4953,      0.1857,      0.1511,    173.6855,      0.2369,      5.5580,     11.1160,      2.0932,     28.6890,     57.3781,      0.0191,      0.0093,      0.2302,      0.1998,   7702.2153,-628508.3125,  -1295.8253,    534.5402,  25673.8750,
       1,     168,     104,      18,       1,       3,       1,     10.0000,      1.3963,     42.5389,    247.4813,     62.2815,      3.4953,      0.1723,      0.1384,    172.0318,      0.2135,      5.5580,     11.1160,      1.8868,     28.6890,     57.3781,      0.0191,      0.0101,      0.2105,      0.1997,   7702.1626,-656960.0625,  -1309.2836,    532.6483,  25673.7617,
       1,     168,     104,      19,       1,       3,       1,     10.0000,      1.3963,     42.5389,    247.4813,     62.2815,      3.4953,      0.1343,      0.1008,    112.2098,      0.1999,      5.5580,     11.1160,      1.7662,     28.6890,     57.3781,      0.0191,      0.0086,      0.1615,      0.1997,   7702.1289,-657338.0625,  -1310.6168,    532.6263,  25673.7402,
       1,     168,     104,      20,       1,       3,       1,     10.0000,      1.3963,     42.5389,    247.4813,     62.2815,      3.4953,      0.0215,     -0.0114,      6.2327,      0.1817,      5.5580,     11.1160,      1.6060,     28.6890,     57.3781,      0.0191,      0.0088,      0.0087,      0.1997,   7702.1226,-581209.8750,  -1278.2820,    537.6948,  25673.9805,
       1,     168,     104,      21,       1,       3,       1,     10.0000,      1.3963,     42.5389,    247.4813,     62.2815,      3.4953,      0.0000,     -0.0325,     10.8272,      0.1678,      5.5580,     11.1160,      1.4830,     28.6890,     57.3781,      0.0191,      0.0085,      0.0156,      0.1998,   7702.1943,-439940.7812,  -1216.5691,    547.2141,  25674.8750,
       1,     168,     104,      22,       1,       3,       1,     10.0000,      1.3963,     42.5389,    247.4813,     62.2815,      3.4953,      0.0000,     -0.0322,     10.8934,      0.1577,      5.5580,     11.1160,      1.3937,     28.6890,     57.3781,      0.0191,      0.0086,      0.0156,      0.2000,   7702.4629,-433679.1562,  -1213.3405,    547.7271,  25674.8730,
       1,     168,     104,      23,       1,       3,       1,     10.0000,      1.3963,     42.5389,    247.4813,     62.2815,      3.4953,      0.0000,     -0.0320,      9.0531,      0.1520,      5.5580,     11.1160,      1.3429,     28.6890,     57.3781,      0.0191,      0.0071,      0.0156,      0.2000,   7702.4624,-433112.3125,  -1213.1046,    547.7662,  25674.8730,
       1,     168,     104,      24,       1,       3,       1,     10.0000,      1.3963,     42.5389,    247.4813,     62.2815,      3.4953,      0.0000,     -0.0317,      8.0102,      0.1445,      5.5580,     11.1160,      1.2769,     28.6890,     57.3781,      0.0191,      0.0063,      0.0156,      0.2000,   7702.4624,-430728.7500,  -1212.0664,    547.9294,  25674.8730,
       1,     168,     105,       1,       1,       3,       1,     10.0000,      1.3963,     42.5392,    247.4871,     62.2830,      3.4953,      0.0000,     -0.0315,      6.9134,      0.1375,      5.5580,     11.1160,      1.2152,     28.6983,     57.3967,      0.0191,      0.0055,      0.0156,      0.2000,   7702.4624,-429354.4375,  -1212.1139,    548.0364,  25676.0312,
       1,     168,     105,       2,       1,       3,       1,     10.0000,      1.3963,     42.5392,    247.4871,     62.2830,      3.4953,      0.0000,     -0.0312,      5.1955,      0.1319,      5.5580,     11.1160,      1.1658,     28.6983,     57.3967,      0.0191,      0.0041,      0.0156,      0.2000,   7702.8096,-427690.5625,  -1210.7478,    548.1505,  25676.0312,
       1,     168,     105,       3,       1,       3,       1,     10.0000,      1.3963,     42.5392,    247.4871,     62.2830,      3.4953,      0.0000,     -0.0311,      4.1877,      0.1274,      5.5580,     11.1160,      1.1262,     28.6983,     57.3967,      0.0191,      0.0033,      0.0156,      0.2000,   7702.8096,-425367.4375,  -1209.7313,    548.3096,  25676.0293,
       1,     168,     105,       4,       1,       3,       1,     10.0000,      1.3963,     42.5392,    247.4871,     62.2830,      3.4953,      0.0000,     -0.0309,      4.0164,      0.1241,      5.5580,     11.1160,      1.0967,     28.6983,     57.3967,      0.0191,      0.0032,      0.0156,      0.2000,   7702.8091,-423887.9688,  -1209.0857,    548.4110,  25676.0293,
       1,     168,     105,       5,       1,       3,       1,     10.0000,      1.3963,     42.5392,    247.4871,     62.2830,      3.4953,      0.0000,     -0.0310,      3.5601,      0.1247,      5.5580,     11.1160,      1.1023,     28.6983,     57.3967,      0.0191,      0.0028,      0.0156,      0.2000,   7702.8091,-423542.1562,  -1208.9381,    548.4348,  25676.0293,
       1,     168,     105,       6,       1,       3,       1,     10.0000,      1.3963,     42.5392,    247.4871,     62.2830,      3.4953,      0.0000,     -0.0308,      2.9365,      0.1205,      5.5580,     11.1160,      1.0648,     28.6983,     57.3967,      0.0191,      0.0023,      0.0156,      0.2000,   7702.8091,-422933.4688,  -1208.6742,    548.4764,  25676.0293,
       1,     168,     105,       7,       1,       3,       1,     10.0000,      1.3963,     42.5392,    247.4871,     62.2830,      3.4953,      0.0000,     -0.0310,      2.6388,      0.1251,      5.5580,     11.1160,      1.1057,     28.6983,     57.3967,      0.0191,      0.0021,      0.0156,      0.2000,   7702.8091,-422089.8750,  -1208.3060,    548.5342,  25676.0293,
       1,     168,     105,       8,       1,       3,       1,     10.0000,      1.3963,     42.5392,    247.4871,     62.2830,      3.4953,      0.0222,     -0.0087,      1.7932,      0.1230,      5.5580,     11.1160,      1.0867,     28.6983,     57.3967,      0.0191,      0.0017,      0.0127,      0.2000,   7702.8091,-421639.1250,  -1208.1107,    548.5652,  25676.0293,
       1,     168,     105,       9,       1,       3,       1,     10.0000,      1.3963,     42.5392,    247.4871,     62.2830,      3.4953,      0.1351,      0.1033,     23.3054,      0.1449,      5.5580,     11.1160,      1.2808,     28.6983,     57.3967,      0.0191,      0.0017,      0.1731,      0.2000,   7702.8091,-420527.6562,  -1207.6234,    548.6414,  25676.0293,
       1,     168,     105,      10,       1,       3,       1,     10.0000,      1.3963,     42.5392,    247.4871,     62.2830,      3.4953,      0.1765,      0.1437,     29.7346,      0.1766,      5.5580,     11.1160,      1.5604,     28.6983,     57.3967,      0.0191,      0.0016,      0.2327,      0.2000,   7702.8091,-447706.5312,  -1219.6161,    546.7775,  25676.0293,
       1,     168,     105,      11,       1,       3,       1,     10.0000,      1.3963,     42.5392,    247.4871,     62.2830,      3.4953,      0.1879,      0.1545,     25.2408,      0.1948,      5.5580,     11.1160,      1.7215,     28.6983,     57.3967,      0.0191,      0.0012,      0.2500,      0.2000,   7702.8091,-458232.8438,  -1224.2897,    546.0612,  25676.0293,
       1,     168,     105,      12,       1,       3,       1,     10.0000,      1.3963,     42.5392,    247.4871,     62.2830,      3.4953,      0.1888,      0.1546,     38.9939,      0.2208,      5.5580,     11.1160,      1.9509,     28.6983,     57.3967,      0.0191,      0.0019,      0.2500,      0.2000,   7702.8091,-453443.0000,  -1222.2189,    546.3886,  25676.0293,
       1,     168,     105,      13,       1,       3,       1,     10.0000,      1.3963,     42.5392,    247.4871,     62.2830,      3.4953,      0.1883,      0.1536,     34.9987,      0.2413,      5.5580,     11.1160,      2.1325,     28.6983,     57.3967,      0.0191,      0.0017,      0.2500,      0.2000,   7702.8091,-470473.2188,  -1229.7710,    545.2256,  25676.0293,
       1,     168,     105,      14,       1,       3,       1,     10.0000,      1.3963,     42.5392,    247.4871,     62.2830,      3.4953,      0.1902,      0.1553,     59.7877,      0.2494,      5.5580,     11.1160,      2.2042,     28.6983,     57.3967,      0.0191,      0.0029,      0.2500,      0.2000,   7702.8091,-466884.9375,  -1228.2540,    545.4714,  25676.0254,
       1,     168,     105,      15,       1,       3,       1,     10.0000,      1.3963,     42.5392,    247.4871,     62.2830,      3.4953,      0.1938,      0.1591,    128.2368,      0.2439,      5.5580,     11.1160,      2.1554,     28.6983,     57.3967,      0.0191,      0.0064,      0.2475,      0.2000,   7702.8081,-498024.8750,  -1242.0610,    543.3482,  25676.0273,
       1,     168,     105,      16,       1,       3,       1,     10.0000,      1.3963,     42.5392,    247.4871,     62.2830,      3.4953,      0.1914,      0.1567,    149.1568,      0.2427,      5.5580,     11.1160,      2.1450,     28.6983,     57.3967,      0.0191,      0.0076,      0.2415,      0.2000,   7702.8086,-587626.1250,  -1281.7579,    537.2667,  25675.0352,
       1,     168,     105,      17,       1,       3,       1,     10.0000,      1.3963,     42.5392,    247.4871,     62.2830,      3.4953,      0.1857,      0.1512,    177.4735,      0.2341,      5.5580,     11.1160,      2.0689,     28.6983,     57.3967,      0.0191,      0.0095,      0.2298,      0.1998,   7702.5107,-622206.5000,  -1298.2045,    534.9783,  25674.8965,
       1,     168,     105,      18,       1,       3,       1,     10.0000,      1.3963,     42.5392,    247.4871,     62.2830,      3.4953,      0.1717,      0.1377,    177.4466,      0.2167,      5.5580,     11.1160,      1.9148,     28.6983,     57.3967,      0.0191,      0.0105,      0.2091,      0.1998,   7702.4692,-661213.8125,  -1316.4092,    532.3746,  25674.7480,
       1,     168,     105,      19,       1,       3,       1,     10.0000,      1.3963,     42.5392,    247.4871,     62.2830,      3.4953,      0.1340,      0.1006,    140.8398,      0.1973,      5.5580,     11.1160,      1.7438,     28.6983,     57.3967,      0.0191,      0.0110,      0.1579,      0.1997,   7702.4248,-664599.8125,  -1319.1176,    532.1556,  25674.7188,
       1,     168,     105,      20,       1,       3,       1,     10.0000,      1.3963,     42.5392,    247.4871,     62.2830,      3.4953,      0.0212,     -0.0115,      7.3370,      0.1745,      5.5580,     11.1160,      1.5418,     28.6983,     57.3967,      0.0191,      0.0107,      0.0084,      0.1997,   7702.4160,-618284.1875,  -1299.7354,    535.2366,  25674.8613,
       1,     168,     105,      21,       1,       3,       1,     10.0000,      1.3963,     42.5392,    247.4871,     62.2830,      3.4953,      0.0000,     -0.0323,     14.3544,      0.1604,      5.5580,     11.1160,      1.4177,     28.6983,     57.3967,      0.0191,      0.0113,      0.0156,      0.1998,   7702.4585,-444465.2188,  -1223.1517,    546.8748,  25676.0156,
       1,     168,     105,      22,       1,       3,       1,     10.0000,      1.3963,     42.5392,    247.4871,     62.2830,      3.4953,      0.0000,     -0.0322,     14.0754,      0.1573,      5.5580,     11.1160,      1.3896,     28.6983,     57.3967,      0.0191,      0.0111,      0.0156,      0.2000,   7702.8052,-438602.6250,  -1219.9308,    547.4030,  25676.0156,
       1,     168,     105,      23,       1,       3,       1,     10.0000,      1.3963,     42.5392,    247.4871,     62.2830,      3.4953,      0.0000,     -0.0320,     10.4969,      0.1518,      5.5580,     11.1160,      1.3416,     28.6983,     57.3967,      0.0191,      0.0083,      0.0156,      0.2000,   7702.8052,-437578.5312,  -1219.4933,    547.4733,  25676.0137,
       1,     168,     105,      24,       1,       3,       1,     10.0000,      1.3963,     42.5392,    247.4871,     62.2830,      3.4953,      0.0000,     -0.0318,      8.1434,      0.1461,      5.5580,     11.1160,      1.2912,     28.6983,     57.3967,      0.0191,      0.0064,      0.0156,      0.2000,   7702.8042,-432951.2500,  -1217.4504,    547.7900,  25676.0137,
       1,     168,     106,       1,       1,       3,       1,     10.0000,      1.3963,     42.5396,    247.4930,     62.2844,      3.4953,      0.0000,     -0.0316,      6.8803,      0.1425,      5.5581,     11.1161,      1.2590,     28.7077,     57.4154,      0.0191,      0.0054,      0.0156,      0.2000,   7702.8042,-429720.3438,  -1216.6733,    548.0241,  25677.1738,
       1,     168,     106,       2,       1,       3,       1,     10.0000,      1.3963,     42.5396,    247.4930,     62.2844,      3.4953,      0.0000,     -0.0316,      5.0888,      0.1410,      5.5581,     11.1161,      1.2464,     28.7077,     57.4154,      0.0191,      0.0040,      0.0156,      0.2001,   7703.1523,-427684.3125,  -1215.1263,    548.1637,  25677.1738,
       1,     168,     106,       3,       1,       3,       1,     10.0000,      1.3963,     42.5396,    247.4930,     62.2844,      3.4953,      0.0000,     -0.0316,      4.4082,      0.1399,      5.5581,     11.1161,      1.2364,     28.7077,     57.4154,      0.0191,      0.0035,      0.0156,      0.2001,   7703.1523,-425235.8750,  -1214.0431,    548.3315,  25677.1738,
       1,     168,     106,       4,       1,       3,       1,     10.0000,      1.3963,     42.5396,    247.4930,     62.2844,      3.4953,      0.0000,     -0.0316,      3.7940,      0.1399,      5.5581,     11.1161,      1.2364,     28.7077,     57.4154,      0.0191,      0.0030,      0.0156,      0.2001,   7703.1523,-424160.1875,  -1213.5701,    548.4052,  25677.1719,
       1,     168,     106,       5,       1,       3,       1,     10.0000,      1.3963,     42.5396,    247.4930,     62.2844,      3.4953,      0.0000,     -0.0315,      3.4144,      0.1388,      5.5581,     11.1161,      1.2264,     28.7077,     57.4154,      0.0191,      0.0027,      0.0156,      0.2001,   7703.1519,-423288.3438,  -1213.1884,    548.4649,  25677.1719,
       1,     168,     106,       6,       1,       3,       1,     10.0000,      1.3963,     42.5396,    247.4930,     62.2844,      3.4953,      0.0000,     -0.0316,      3.2163,      0.1405,      5.5581,     11.1161,      1.2414,     28.7077,     57.4154,      0.0191,      0.0025,      0.0156,      0.2001,   7703.1519,-422731.3750,  -1212.9446,    548.5032,  25677.1719,
       1,     168,     106,       7,       1,       3,       1,     10.0000,      1.3963,     42.5396,    247.4930,     62.2844,      3.4953,      0.0000,     -0.0314,      2.9603,      0.1357,      5.5581,     11.1161,      1.1994,     28.7077,     57.4154,      0.0191,      0.0023,      0.0156,      0.2001,   7703.1519,-422431.7812,  -1212.8153,    548.5237,  25677.1719,
       1,     168,     106,       8,       1,       3,       1,     10.0000,      1.3963,     42.5396,    247.4930,     62.2844,      3.4953,      0.0204,     -0.0107,      1.7584,      0.1288,      5.5581,     11.1161,      1.1377,     28.7077,     57.4154,      0.0191,      0.0022,      0.0099,      0.2001,   7703.1519,-422081.0938,  -1212.6628,    548.5477,  25677.1719,
       1,     168,     106,       9,       1,       3,       1,     10.0000,      1.3963,     42.5396,    247.4930,     62.2844,      3.4953,      0.1018,      0.0701,     23.6714,      0.1445,      5.5581,     11.1161,      1.2770,     28.7077,     57.4154,      0.0191,      0.0023,      0.1247,      0.2001,   7703.1519,-420526.9375,  -1211.9728,    548.6544,  25677.1719,
       1,     168,     106,      10,       1,       3,       1,     10.0000,      1.3963,     42.5396,    247.4930,     62.2844,      3.4953,      0.1733,      0.1404,     47.4950,      0.1794,      5.5581,     11.1161,      1.5855,     28.7077,     57.4154,      0.0191,      0.0026,      0.2260,      0.2001,   7703.1519,-448172.0938,  -1224.3054,    546.7584,  25677.1719,
       1,     168,     106,      11,       1,       3,       1,     10.0000,      1.3963,     42.5396,    247.4930,     62.2844,      3.4953,      0.1896,      0.1560,     55.9974,      0.2039,      5.5581,     11.1161,      1.8015,     28.7077,     57.4154,      0.0191,      0.0028,      0.2491,      0.2000,   7703.1519,-480798.8438,  -1238.8881,    544.5317,  25677.1738,
       1,     168,     106,      12,       1,       3,       1,     10.0000,      1.3963,     42.5396,    247.4930,     62.2844,      3.4953,      0.1896,      0.1554,     48.9768,      0.2208,      5.5581,     11.1161,      1.9509,     28.7077,     57.4154,      0.0191,      0.0024,      0.2500,      0.2000,   7703.1523,-494427.2188,  -1245.0596,    543.6086,  25677.1719,
       1,     168,     106,      13,       1,       3,       1,     10.0000,      1.3963,     42.5396,    247.4930,     62.2844,      3.4953,      0.1886,      0.1537,     38.3571,      0.2466,      5.5581,     11.1161,      2.1787,     28.7077,     57.4154,      0.0191,      0.0019,      0.2500,      0.2000,   7703.1519,-486694.8438,  -1241.7480,    544.1349,  25677.1699,
       1,     168,     106,      14,       1,       3,       1,     10.0000,      1.3963,     42.5396,    247.4930,     62.2844,      3.4953,      0.1908,      0.1559,     67.7953,      0.2509,      5.5581,     11.1161,      2.2172,     28.7077,     57.4154,      0.0191,      0.0033,      0.2500,      0.2000,   7703.1514,-472548.4375,  -1235.5520,    545.0974,  25677.1660,
       1,     168,     106,      15,       1,       3,       1,     10.0000,      1.3963,     42.5396,    247.4930,     62.2844,      3.4953,      0.1879,      0.1532,    112.1497,      0.2411,      5.5581,     11.1161,      2.1304,     28.7077,     57.4154,      0.0191,      0.0057,      0.2405,      0.2000,   7703.1499,-508674.5000,  -1251.7572,    542.6367,  25676.3281,
       1,     168,     106,      16,       1,       3,       1,     10.0000,      1.3963,     42.5396,    247.4930,     62.2844,      3.4953,      0.1922,      0.1575,    149.6963,      0.2402,      5.5581,     11.1161,      2.1221,     28.7077,     57.4154,      0.0191,      0.0076,      0.2425,      0.2000,   7702.8989,-568226.8750,  -1279.0013,    538.6027,  25676.1152,
       1,     168,     106,      17,       1,       3,       1,     10.0000,      1.3963,     42.5396,    247.4930,     62.2844,      3.4953,      0.1803,      0.1460,    151.7540,      0.2256,      5.5581,     11.1161,      1.9935,     28.7077,     57.4154,      0.0191,      0.0083,      0.2247,      0.1999,   7702.8350,-621161.6875,  -1303.2925,    535.0540,  25675.9199,
       1,     168,     106,      18,       1,       3,       1,     10.0000,      1.3963,     42.5396,    247.4930,     62.2844,      3.4953,      0.1675,      0.1334,    151.1232,      0.2176,      5.5581,     11.1161,      1.9224,     28.7077,     57.4154,      0.0191,      0.0090,      0.2058,      0.1998,   7702.7764,-628408.1875,  -1307.4938,    534.5809,  25675.8809,
       1,     168,     106,      19,       1,       3,       1,     10.0000,      1.3963,     42.5396,    247.4930,     62.2844,      3.4953,      0.1214,      0.0879,     99.0040,      0.1989,      5.5581,     11.1161,      1.7576,     28.7077,     57.4154,      0.0191,      0.0085,      0.1440,      0.1998,   7702.7646,-628224.4375,  -1308.3630,    534.5934,  25675.8691,
       1,     168,     106,      20,       1,       3,       1,     10.0000,      1.3963,     42.5396,    247.4930,     62.2844,      3.4953,      0.0206,     -0.0123,      4.6180,      0.1816,      5.5581,     11.1161,      1.6045,     28.7077,     57.4154,      0.0191,      0.0075,      0.0076,      0.1998,   7702.7612,-561909.5000,  -1279.5212,    539.0248,  25676.0879,
       1,     168,     106,      21,       1,       3,       1,     10.0000,      1.3963,     42.5396,    247.4930,     62.2844,      3.4953,      0.0000,     -0.0327,      9.3960,      0.1738,      5.5581,     11.1161,      1.5357,     28.7077,     57.4154,      0.0191,      0.0074,      0.0156,      0.1999,   7702.8267,-436282.4062,  -1223.4263,    547.5078,  25677.1582,
       1,     168,     106,      22,       1,       3,       1,     10.0000,      1.3963,     42.5396,    247.4930,     62.2844,      3.4953,      0.0000,     -0.0326,      9.1925,      0.1714,      5.5581,     11.1161,      1.5145,     28.7077,     57.4154,      0.0191,      0.0073,      0.0156,      0.2000,   7703.1479,-431530.9375,  -1220.7068,    547.9000,  25677.1582,
       1,     168,     106,      23,       1,       3,       1,     10.0000,      1.3963,     42.5396,    247.4930,     62.2844,      3.4953,      0.0000,     -0.0325,      8.5489,      0.1673,      5.5581,     11.1161,      1.4786,     28.7077,     57.4154,      0.0191,      0.0068,      0.0156,      0.2001,   7703.1479,-430775.4062,  -1220.3792,    547.9520,  25677.1582,
       1,     168,     106,      24,       1,       3,       1,     10.0000,      1.3963,     42.5396,    247.4930,     62.2844,      3.4953,      0.0000,     -0.0324,      6.5372,      0.1627,      5.5581,     11.1161,      1.4378,     28.7077,     57.4154,      0.0191,      0.0052,      0.0156,      0.2001,   7703.1479,-429893.3750,  -1219.9938,    548.0123,  25677.1582,
       1,     168,     107,       1,       1,       3,       1,     10.0000,      1.3963,     42.5399,    247.4989,     62.2860,      3.4953,      0.0000,     -0.0322,      4.9706,      0.1565,      5.5589,     11.1179,      1.3827,     28.7154,     57.4308,      0.0191,      0.0039,      0.0156,      0.2001,   7703.1479,-427421.8750,  -1219.5475,    548.1947,  25678.3145,
       1,     168,     107,       2,       1,       3,       1,     10.0000,      1.3963,     42.5399,    247.4989,     62.2860,      3.4953,      0.0000,     -0.0321,      4.3813,      0.1540,      5.5589,     11.1179,      1.3606,     28.7154,     57.4308,      0.0191,      0.0035,      0.0156,      0.2001,   7703.4946,-425067.5625,  -1217.8430,    548.3561,  25678.3145,
       1,     168,     107,       3,       1,       3,       1,     10.0000,      1.3963,     42.5399,    247.4989,     62.2860,      3.4953,      0.0000,     -0.0320,      4.5290,      0.1515,      5.5589,     11.1179,      1.3389,     28.7154,     57.4308,      0.0191,      0.0036,      0.0156,      0.2001,   7703.4946,-424115.8750,  -1217.4211,    548.4213,  25678.3145,
       1,     168,     107,       4,       1,       3,       1,     10.0000,      1.3963,     42.5399,    247.4989,     62.2860,      3.4953,      0.0000,     -0.0319,      3.9746,      0.1500,      5.5589,     11.1179,      1.3255,     28.7154,     57.4308,      0.0191,      0.0031,      0.0156,      0.2001,   7703.4946,-424220.4688,  -1217.4735,    548.4141,  25678.3145,
       1,     168,     107,       5,       1,       3,       1,     10.0000,      1.3963,     42.5399,    247.4989,     62.2860,      3.4953,      0.0000,     -0.0318,      3.6690,      0.1472,      5.5589,     11.1179,      1.3004,     28.7154,     57.4308,      0.0191,      0.0029,      0.0156,      0.2001,   7703.4946,-423526.6875,  -1217.1670,    548.4617,  25678.3145,
       1,     168,     107,       6,       1,       3,       1,     10.0000,      1.3963,     42.5399,    247.4989,     62.2860,      3.4953,      0.0000,     -0.0316,      3.4360,      0.1416,      5.5589,     11.1179,      1.2515,     28.7154,     57.4308,      0.0191,      0.0027,      0.0156,      0.2001,   7703.4946,-423079.0000,  -1216.9705,    548.4924,  25678.3145,
       1,     168,     107,       7,       1,       3,       1,     10.0000,      1.3963,     42.5399,    247.4989,     62.2860,      3.4953,      0.0000,     -0.0317,      3.1460,      0.1445,      5.5589,     11.1179,      1.2770,     28.7154,     57.4308,      0.0191,      0.0025,      0.0156,      0.2001,   7703.4946,-422744.8125,  -1216.8245,    548.5153,  25678.3145,
       1,     168,     107,       8,       1,       3,       1,     10.0000,      1.3963,     42.5399,    247.4989,     62.2860,      3.4953,      0.0104,     -0.0215,      2.9134,      0.1499,      5.5589,     11.1179,      1.3242,     28.7154,     57.4308,      0.0191,      0.0023,      0.0156,      0.2001,   7703.4946,-422348.0000,  -1216.6503,    548.5425,  25678.3145,
       1,     168,     107,       9,       1,       3,       1,     10.0000,      1.3963,     42.5399,    247.4989,     62.2860,      3.4953,      0.1105,      0.0780,     24.3592,      0.1657,      5.5589,     11.1179,      1.4639,     28.7154,     57.4308,      0.0191,      0.0022,      0.1369,      0.2001,   7703.4946,-422018.7188,  -1216.5060,    548.5651,  25678.3145,
       1,     168,     107,      10,       1,       3,       1,     10.0000,      1.3963,     42.5399,    247.4989,     62.2860,      3.4953,      0.1691,      0.1359,     37.2654,      0.1914,      5.5589,     11.1179,      1.6912,     28.7154,     57.4308,      0.0191,      0.0021,      0.2211,      0.2001,   7703.4946,-449175.3750,  -1228.7384,    546.7029,  25678.3145,
       1,     168,     107,      11,       1,       3,       1,     10.0000,      1.3963,     42.5399,    247.4989,     62.2860,      3.4953,      0.1890,      0.1553,     41.2152,      0.2075,      5.5589,     11.1179,      1.8338,     28.7154,     57.4308,      0.0191,      0.0020,      0.2500,      0.2001,   7703.4946,-467910.9688,  -1237.2076,    545.4258,  25678.3145,
       1,     168,     107,      12,       1,       3,       1,     10.0000,      1.3963,     42.5399,    247.4989,     62.2860,      3.4953,      0.1832,      0.1493,     43.7984,      0.2119,      5.5589,     11.1179,      1.8721,     28.7154,     57.4308,      0.0191,      0.0022,      0.2411,      0.2000,   7703.4946,-474547.0938,  -1240.2584,    544.9749,  25678.3125,
       1,     168,     107,      13,       1,       3,       1,     10.0000,      1.3963,     42.5399,    247.4989,     62.2860,      3.4953,      0.1900,      0.1559,     54.3330,      0.2206,      5.5589,     11.1179,      1.9491,     28.7154,     57.4308,      0.0191,      0.0027,      0.2500,      0.2000,   7703.4941,-478398.4062,  -1242.0751,    544.7126,  25678.3105,
       1,     168,     107,      14,       1,       3,       1,     10.0000,      1.3963,     42.5399,    247.4989,     62.2860,      3.4953,      0.1921,      0.1577,     82.9212,      0.2310,      5.5589,     11.1179,      2.0409,     28.7154,     57.4308,      0.0191,      0.0041,      0.2500,      0.2000,   7703.4937,-492097.7188,  -1248.3391,    543.7800,  25678.3105,
       1,     168,     107,      15,       1,       3,       1,     10.0000,      1.3963,     42.5399,    247.4989,     62.2860,      3.4953,      0.1847,      0.1505,    113.0844,      0.2232,      5.5589,     11.1179,      1.9721,     28.7154,     57.4308,      0.0191,      0.0059,      0.2355,      0.2000,   7703.4937,-529564.6875,  -1265.3510,    541.2341,  25677.3125,
       1,     168,     107,      16,       1,       3,       1,     10.0000,      1.3963,     42.5399,    247.4989,     62.2860,      3.4953,      0.1848,      0.1505,    127.0268,      0.2238,      5.5589,     11.1179,      1.9779,     28.7154,     57.4308,      0.0191,      0.0067,      0.2340,      0.2000,   7703.1938,-571245.0625,  -1285.0021,    538.4201,  25677.1543,
       1,     168,     107,      17,       1,       3,       1,     10.0000,      1.3963,     42.5399,    247.4989,     62.2860,      3.4953,      0.1833,      0.1492,    131.2393,      0.2206,      5.5589,     11.1179,      1.9491,     28.7154,     57.4308,      0.0191,      0.0070,      0.2314,      0.1999,   7703.1465,-592603.7500,  -1295.2733,    536.9899,  25677.0703,
       1,     168,     107,      18,       1,       3,       1,     10.0000,      1.3963,     42.5399,    247.4989,     62.2860,      3.4953,      0.1434,      0.1099,    101.5667,      0.1993,      5.5589,     11.1179,      1.7611,     28.7154,     57.4308,      0.0191,      0.0071,      0.1760,      0.1999,   7703.1216,-599814.2500,  -1299.2664,    536.5079,  25677.0371,
       1,     168,     107,      19,       1,       3,       1,     10.0000,      1.3963,     42.5399,    247.4989,     62.2860,      3.4953,      0.0936,      0.0604,     64.8917,      0.1895,      5.5589,     11.1179,      1.6745,     28.7154,     57.4308,      0.0191,      0.0074,      0.1073,      0.1999,   7703.1113,-562718.7500,  -1283.2451,    538.9958,  25677.1562,
       1,     168,     107,      20,       1,       3,       1,     10.0000,      1.3963,     42.5399,    247.4989,     62.2860,      3.4953,      0.0065,     -0.0264,      8.4217,      0.1789,      5.5589,     11.1179,      1.5808,     28.7154,     57.4308,      0.0191,      0.0066,      0.0156,      0.1999,   7703.1470,-512920.7812,  -1261.1470,    542.3567,  25677.3242,
       1,     168,     107,      21,       1,       3,       1,     10.0000,      1.3963,     42.5399,    247.4989,     62.2860,      3.4953,      0.0000,     -0.0327,      8.0279,      0.1724,      5.5589,     11.1179,      1.5236,     28.7154,     57.4308,      0.0191,      0.0063,      0.0156,      0.2000,   7703.1978,-436937.4062,  -1226.8334,    547.5184,  25678.3008,
       1,     168,     107,      22,       1,       3,       1,     10.0000,      1.3963,     42.5399,    247.4989,     62.2860,      3.4953,      0.0000,     -0.0328,      8.3995,      0.1748,      5.5589,     11.1179,      1.5450,     28.7154,     57.4308,      0.0191,      0.0066,      0.0156,      0.2001,   7703.4907,-429802.5000,  -1223.0643,    548.0314,  25678.3008,
       1,     168,     107,      23,       1,       3,       1,     10.0000,      1.3963,     42.5399,    247.4989,     62.2860,      3.4953,      0.0000,     -0.0327,      7.4619,      0.1743,      5.5589,     11.1179,      1.5404,     28.7154,     57.4308,      0.0191,      0.0059,      0.0156,      0.2001,   7703.4907,-429623.2812,  -1222.9941,    548.0439,  25678.3008,
       1,     168,     107,      24,       1,       3,       1,     10.0000,      1.3963,     42.5399,    247.4989,     62.2860,      3.4953,      0.0000,     -0.0325,      6.7966,      0.1677,      5.5589,     11.1179,      1.4816,     28.7154,     57.4308,      0.0191,      0.0054,      0.0156,      0.2001,   7703.4907,-428418.5938,  -1222.4589,    548.1264,  25678.3008,
       1,     168,     108,       1,       1,       3,       1,     10.0000,      1.3964,     42.5402,    247.5047,     62.2874,      3.4953,      0.0000,     -0.0324,      5.9891,      0.1642,      5.5589,     11.1178,      1.4508,     28.7208,     57.4417,      0.0191,      0.0047,      0.0156,      0.2001,   7703.4907,-427626.5312,  -1222.7710,    548.1937,  25679.4609,
       1,     168,     108,       2,       1,       3,       1,     10.0000,      1.3964,     42.5402,    247.5047,     62.2874,      3.4953,      0.0000,     -0.0323,      5.1141,      0.1616,      5.5589,     11.1178,      1.4278,     28.7208,     57.4417,      0.0191,      0.0040,      0.0156,      0.2001,   7703.8384,-426380.2500,  -1221.5547,    548.2791,  25679.4609,
       1,     168,     108,       3,       1,       3,       1,     10.0000,      1.3964,     42.5402,    247.5047,     62.2874,      3.4953,      0.0000,     -0.0323,      4.9425,      0.1617,      5.5589,     11.1178,      1.4292,     28.7208,     57.4417,      0.0191,      0.0039,      0.0156,      0.2001,   7703.8384,-425162.8438,  -1221.0101,    548.3625,  25679.4609,
       1,     168,     108,       4,       1,       3,       1,     10.0000,      1.3964,     42.5402,    247.5047,     62.2874,      3.4953,      0.0000,     -0.0323,      4.7253,      0.1613,      5.5589,     11.1178,      1.4249,     28.7208,     57.4417,      0.0191,      0.0037,      0.0156,      0.2001,   7703.8384,-424839.4688,  -1220.8702,    548.3847,  25679.4609,
       1,     168,     108,       5,       1,       3,       1,     10.0000,      1.3964,     42.5402,    247.5047,     62.2874,      3.4953,      0.0000,     -0.0322,      3.9835,      0.1584,      5.5589,     11.1178,      1.3995,     28.7208,     57.4417,      0.0191,      0.0031,      0.0156,      0.2001,   7703.8384,-424536.0938,  -1220.7391,    548.4055,  25679.4609,
       1,     168,     108,       6,       1,       3,       1,     10.0000,      1.3964,     42.5402,    247.5047,     62.2874,      3.4953,      0.0000,     -0.0322,      3.6694,      0.1579,      5.5589,     11.1178,      1.3952,     28.7208,     57.4417,      0.0191,      0.0029,      0.0156,      0.2001,   7703.8384,-423569.5000,  -1220.3066,    548.4717,  25679.4609,
       1,     168,     108,       7,       1,       3,       1,     10.0000,      1.3964,     42.5402,    247.5047,     62.2874,      3.4953,      0.0000,     -0.0322,      3.2508,      0.1579,      5.5589,     11.1178,      1.3952,     28.7208,     57.4417,      0.0191,      0.0026,      0.0156,      0.2001,   7703.8384,-423087.4062,  -1220.0933,    548.5049,  25679.4609,
       1,     168,     108,       8,       1,       3,       1,     10.0000,      1.3964,     42.5402,    247.5047,     62.2874,      3.4953,      0.0218,     -0.0105,      1.9351,      0.1584,      5.5589,     11.1178,      1.3995,     28.7208,     57.4417,      0.0191,      0.0023,      0.0105,      0.2001,   7703.8384,-422514.7188,  -1219.8379,    548.5440,  25679.4609,
       1,     168,     108,       9,       1,       3,       1,     10.0000,      1.3964,     42.5402,    247.5047,     62.2874,      3.4953,      0.1059,      0.0733,     22.5979,      0.1707,      5.5589,     11.1178,      1.5085,     28.7208,     57.4417,      0.0191,      0.0021,      0.1304,      0.2001,   7703.8384,-420797.5000,  -1219.0631,    548.6618,  25679.4609,
       1,     168,     108,      10,       1,       3,       1,     10.0000,      1.3964,     42.5402,    247.5047,     62.2874,      3.4953,      0.1633,      0.1299,     34.9355,      0.1966,      5.5589,     11.1178,      1.7370,     28.7208,     57.4417,      0.0191,      0.0020,      0.2129,      0.2001,   7703.8384,-446837.4062,  -1230.8810,    546.8760,  25679.4609,
       1,     168,     108,      11,       1,       3,       1,     10.0000,      1.3964,     42.5402,    247.5047,     62.2874,      3.4953,      0.1357,      0.1021,     25.9387,      0.2005,      5.5589,     11.1178,      1.7716,     28.7208,     57.4417,      0.0191,      0.0018,      0.1734,      0.2001,   7703.8384,-464751.6250,  -1239.0398,    545.6543,  25679.4590,
       1,     168,     108,      12,       1,       3,       1,     10.0000,      1.3964,     42.5402,    247.5047,     62.2874,      3.4953,      0.1803,      0.1461,     34.2824,      0.2243,      5.5589,     11.1178,      1.9819,     28.7208,     57.4417,      0.0191,      0.0018,      0.2381,      0.2001,   7703.8379,-454895.9688,  -1234.6235,    546.3278,  25679.4590,
       1,     168,     108,      13,       1,       3,       1,     10.0000,      1.3964,     42.5402,    247.5047,     62.2874,      3.4953,      0.1884,      0.1533,     36.2948,      0.2544,      5.5589,     11.1178,      2.2477,     28.7208,     57.4417,      0.0191,      0.0018,      0.2500,      0.2001,   7703.8379,-464621.4688,  -1239.0792,    545.6641,  25679.4570,
       1,     168,     108,      14,       1,       3,       1,     10.0000,      1.3964,     42.5402,    247.5047,     62.2874,      3.4953,      0.1822,      0.1474,     44.8840,      0.2478,      5.5589,     11.1178,      2.1894,     28.7208,     57.4417,      0.0191,      0.0023,      0.2399,      0.2001,   7703.8374,-468018.2188,  -1240.6760,    545.4328,  25679.4570,
       1,     168,     108,      15,       1,       3,       1,     10.0000,      1.3964,     42.5402,    247.5047,     62.2874,      3.4953,      0.1827,      0.1478,     79.7834,      0.2495,      5.5589,     11.1178,      2.2044,     28.7208,     57.4417,      0.0191,      0.0042,      0.2365,      0.2001,   7703.8374,-479206.3750,  -1245.8191,    544.6700,  25679.4551,
       1,     168,     108,      16,       1,       3,       1,     10.0000,      1.3964,     42.5402,    247.5047,     62.2874,      3.4953,      0.1869,      0.1519,    101.1718,      0.2541,      5.5589,     11.1178,      2.2455,     28.7208,     57.4417,      0.0191,      0.0052,      0.2405,      0.2001,   7703.8369,-524450.0000,  -1266.4534,    541.5902,  25678.4062,
       1,     168,     108,      17,       1,       3,       1,     10.0000,      1.3964,     42.5402,    247.5047,     62.2874,      3.4953,      0.1764,      0.1417,    122.3179,      0.2409,      5.5589,     11.1178,      2.1284,     28.7208,     57.4417,      0.0191,      0.0068,      0.2224,      0.2000,   7703.5220,-555672.3125,  -1281.5007,    539.4852,  25678.2852,
       1,     168,     108,      18,       1,       3,       1,     10.0000,      1.3964,     42.5402,    247.5047,     62.2874,      3.4953,      0.1449,      0.1109,    119.6304,      0.2169,      5.5589,     11.1178,      1.9169,     28.7208,     57.4417,      0.0191,      0.0084,      0.1762,      0.2000,   7703.4858,-585249.3750,  -1295.4729,    537.4947,  25678.1719,
       1,     168,     108,      19,       1,       3,       1,     10.0000,      1.3964,     42.5402,    247.5047,     62.2874,      3.4953,      0.1032,      0.0695,     84.0745,      0.2045,      5.5589,     11.1178,      1.8070,     28.7208,     57.4417,      0.0191,      0.0087,      0.1190,      0.1999,   7703.4517,-584414.6250,  -1295.7999,    537.5546,  25678.1680,
       1,     168,     108,      20,       1,       3,       1,     10.0000,      1.3964,     42.5402,    247.5047,     62.2874,      3.4953,      0.0131,     -0.0202,      9.6765,      0.1899,      5.5589,     11.1178,      1.6779,     28.7208,     57.4417,      0.0191,      0.0076,      0.0156,      0.1999,   7703.4507,-539154.6875,  -1275.8336,    540.5957,  25678.3184,
       1,     168,     108,      21,       1,       3,       1,     10.0000,      1.3964,     42.5402,    247.5047,     62.2874,      3.4953,      0.0000,     -0.0329,      8.6915,      0.1784,      5.5589,     11.1178,      1.5761,     28.7208,     57.4417,      0.0191,      0.0069,      0.0156,      0.2000,   7703.4956,-440781.5312,  -1231.2664,    547.2518,  25679.4473,
       1,     168,     108,      22,       1,       3,       1,     10.0000,      1.3964,     42.5402,    247.5047,     62.2874,      3.4953,      0.0000,     -0.0328,      8.1188,      0.1759,      5.5589,     11.1178,      1.5543,     28.7208,     57.4417,      0.0191,      0.0064,      0.0156,      0.2001,   7703.8345,-431001.2500,  -1226.1847,    547.9620,  25679.4473,
       1,     168,     108,      23,       1,       3,       1,     10.0000,      1.3964,     42.5402,    247.5047,     62.2874,      3.4953,      0.0000,     -0.0327,      6.6331,      0.1728,      5.5589,     11.1178,      1.5267,     28.7208,     57.4417,      0.0191,      0.0052,      0.0156,      0.2001,   7703.8345,-429375.0938,  -1225.4554,    548.0739,  25679.4473,
       1,     168,     108,      24,       1,       3,       1,     10.0000,      1.3964,     42.5402,    247.5047,     62.2874,      3.4953,      0.0000,     -0.0327,      6.0010,      0.1716,      5.5589,     11.1178,      1.5160,     28.7208,     57.4417,      0.0191,      0.0047,      0.0156,      0.2001,   7703.8345,-427350.0000,  -1224.5421,    548.2126,  25679.4473,
       1,     168,     109,       1,       1,       3,       1,     10.0000,      1.3964,     42.5406,    247.5107,     62.2889,      3.4953,      0.0000,     -0.0325,      4.7239,      0.1667,      5.5589,     11.1177,      1.4728,     28.7248,     57.4496,      0.0191,      0.0037,      0.0156,      0.2001,   7703.8345,-426528.7500,  -1224.8414,    548.2818,  25680.6055,
       1,     168,     109,       2,       1,       3,       1,     10.0000,      1.3964,     42.5406,    247.5107,     62.2889,      3.4953,      0.0000,     -0.0325,      3.6949,      0.1670,      5.5589,     11.1177,      1.4758,     28.7248,     57.4496,      0.0191,      0.0029,      0.0156,      0.2001,   7704.1821,-424685.2188,  -1223.3451,    548.4082,  25680.6055,
       1,     168,     109,       3,       1,       3,       1,     10.0000,      1.3964,     42.5406,    247.5107,     62.2889,      3.4953,      0.0000,     -0.0326,      3.3770,      0.1689,      5.5589,     11.1177,      1.4921,     28.7248,     57.4496,      0.0191,      0.0027,      0.0156,      0.2001,   7704.1821,-423220.8438,  -1222.6827,    548.5085,  25680.6055,
       1,     168,     109,       4,       1,       3,       1,     10.0000,      1.3964,     42.5406,    247.5107,     62.2889,      3.4953,      0.0000,     -0.0325,      2.9718,      0.1652,      5.5589,     11.1177,      1.4596,     28.7248,     57.4496,      0.0191,      0.0023,      0.0156,      0.2001,   7704.1821,-422690.8125,  -1222.4458,    548.5449,  25680.6055,
       1,     168,     109,       5,       1,       3,       1,     10.0000,      1.3964,     42.5406,    247.5107,     62.2889,      3.4953,      0.0000,     -0.0323,      2.9703,      0.1593,      5.5589,     11.1177,      1.4079,     28.7248,     57.4496,      0.0191,      0.0023,      0.0156,      0.2001,   7704.1821,-422131.0938,  -1222.1947,    548.5833,  25680.6055,
       1,     168,     109,       6,       1,       3,       1,     10.0000,      1.3964,     42.5406,    247.5107,     62.2889,      3.4953,      0.0000,     -0.0321,      2.4548,      0.1538,      5.5589,     11.1177,      1.3593,     28.7248,     57.4496,      0.0191,      0.0019,      0.0156,      0.2001,   7704.1821,-422080.6250,  -1222.1754,    548.5867,  25680.6055,
       1,     168,     109,       7,       1,       3,       1,     10.0000,      1.3964,     42.5406,    247.5107,     62.2889,      3.4953,      0.0000,     -0.0321,      2.3848,      0.1546,      5.5589,     11.1177,      1.3662,     28.7248,     57.4496,      0.0191,      0.0019,      0.0156,      0.2001,   7704.1821,-421422.9688,  -1221.8792,    548.6318,  25680.6055,
       1,     168,     109,       8,       1,       3,       1,     10.0000,      1.3964,     42.5406,    247.5107,     62.2889,      3.4953,      0.0134,     -0.0187,      2.6937,      0.1563,      5.5589,     11.1177,      1.3813,     28.7248,     57.4496,      0.0191,      0.0021,      0.0156,      0.2001,   7704.1821,-421277.0312,  -1221.8157,    548.6418,  25680.6055,
       1,     168,     109,       9,       1,       3,       1,     10.0000,      1.3964,     42.5406,    247.5107,     62.2889,      3.4953,      0.1148,      0.0821,     22.3344,      0.1707,      5.5589,     11.1177,      1.5085,     28.7248,     57.4496,      0.0191,      0.0019,      0.1434,      0.2001,   7704.1821,-421655.8438,  -1221.9917,    548.6158,  25680.6055,
       1,     168,     109,      10,       1,       3,       1,     10.0000,      1.3964,     42.5406,    247.5107,     62.2889,      3.4953,      0.1688,      0.1352,     32.5491,      0.1993,      5.5589,     11.1177,      1.7612,     28.7248,     57.4496,      0.0191,      0.0018,      0.2211,      0.2001,   7704.1821,-446579.6875,  -1233.3748,    546.9067,  25680.6055,
       1,     168,     109,      11,       1,       3,       1,     10.0000,      1.3964,     42.5406,    247.5107,     62.2889,      3.4953,      0.1826,      0.1483,     37.1502,      0.2265,      5.5589,     11.1177,      2.0014,     28.7248,     57.4496,      0.0191,      0.0019,      0.2411,      0.2001,   7704.1821,-461702.6875,  -1240.3093,    545.8755,  25680.6055,
       1,     168,     109,      12,       1,       3,       1,     10.0000,      1.3964,     42.5406,    247.5107,     62.2889,      3.4953,      0.1880,      0.1532,     41.8405,      0.2425,      5.5589,     11.1177,      2.1431,     28.7248,     57.4496,      0.0191,      0.0021,      0.2487,      0.2001,   7704.1821,-468848.7500,  -1243.6207,    545.3888,  25680.6035,
       1,     168,     109,      13,       1,       3,       1,     10.0000,      1.3964,     42.5406,    247.5107,     62.2889,      3.4953,      0.1886,      0.1535,     38.9072,      0.2539,      5.5589,     11.1177,      2.2434,     28.7248,     57.4496,      0.0191,      0.0019,      0.2500,      0.2001,   7704.1812,-475416.4062,  -1246.6869,    544.9413,  25680.6035,
       1,     168,     109,      14,       1,       3,       1,     10.0000,      1.3964,     42.5406,    247.5107,     62.2889,      3.4953,      0.1885,      0.1532,     60.9936,      0.2639,      5.5589,     11.1177,      2.3322,     28.7248,     57.4496,      0.0191,      0.0030,      0.2475,      0.2001,   7704.1812,-472265.4688,  -1245.3319,    545.1562,  25680.6016,
       1,     168,     109,      15,       1,       3,       1,     10.0000,      1.3964,     42.5406,    247.5107,     62.2889,      3.4953,      0.1836,      0.1484,     95.9163,      0.2604,      5.5589,     11.1177,      2.3007,     28.7248,     57.4496,      0.0191,      0.0050,      0.2361,      0.2001,   7704.1807,-500003.9375,  -1258.0797,    543.2659,  25680.5996,
       1,     168,     109,      16,       1,       3,       1,     10.0000,      1.3964,     42.5406,    247.5107,     62.2889,      3.4953,      0.1829,      0.1482,    121.6218,      0.2409,      5.5589,     11.1177,      2.1285,     28.7248,     57.4496,      0.0191,      0.0065,      0.2320,      0.2001,   7704.1802,-546728.1875,  -1279.5818,    540.0963,  25679.4180,
       1,     168,     109,      17,       1,       3,       1,     10.0000,      1.3964,     42.5406,    247.5107,     62.2889,      3.4953,      0.1759,      0.1413,    132.7744,      0.2376,      5.5589,     11.1177,      2.0996,     28.7248,     57.4496,      0.0191,      0.0074,      0.2205,      0.2000,   7703.8257,-583579.4375,  -1297.5062,    537.6176,  25679.2773,
       1,     168,     109,      18,       1,       3,       1,     10.0000,      1.3964,     42.5406,    247.5107,     62.2889,      3.4953,      0.1624,      0.1282,    118.7783,      0.2236,      5.5589,     11.1177,      1.9761,     28.7248,     57.4496,      0.0191,      0.0072,      0.2020,      0.2000,   7703.7837,-600963.0000,  -1306.1748,    536.4551,  25679.2070,
       1,     168,     109,      19,       1,       3,       1,     10.0000,      1.3964,     42.5406,    247.5107,     62.2889,      3.4953,      0.1289,      0.0951,     92.4957,      0.2071,      5.5589,     11.1177,      1.8303,     28.7248,     57.4496,      0.0191,      0.0073,      0.1557,      0.1999,   7703.7622,-584684.2500,  -1299.5093,    537.5479,  25679.2559,
       1,     168,     109,      20,       1,       3,       1,     10.0000,      1.3964,     42.5406,    247.5107,     62.2889,      3.4953,      0.0191,     -0.0141,      2.9347,      0.1897,      5.5589,     11.1177,      1.6762,     28.7248,     57.4496,      0.0191,      0.0068,      0.0053,      0.2000,   7703.7769,-549876.7500,  -1284.1742,    539.8879,  25679.3711,
       1,     168,     109,      21,       1,       3,       1,     10.0000,      1.3964,     42.5406,    247.5107,     62.2889,      3.4953,      0.0000,     -0.0330,      7.4122,      0.1829,      5.5589,     11.1177,      1.6158,     28.7248,     57.4496,      0.0191,      0.0059,      0.0156,      0.2000,   7703.8115,-433138.2500,  -1230.9216,    547.7712,  25680.5918,
       1,     168,     109,      22,       1,       3,       1,     10.0000,      1.3964,     42.5406,    247.5107,     62.2889,      3.4953,      0.0000,     -0.0329,      7.2034,      0.1803,      5.5589,     11.1177,      1.5935,     28.7248,     57.4496,      0.0191,      0.0057,      0.0156,      0.2001,   7704.1777,-428741.0625,  -1228.2141,    548.1301,  25680.5918,
       1,     168,     109,      23,       1,       3,       1,     10.0000,      1.3964,     42.5406,    247.5107,     62.2889,      3.4953,      0.0000,     -0.0330,      6.3455,      0.1820,      5.5589,     11.1177,      1.6078,     28.7248,     57.4496,      0.0191,      0.0050,      0.0156,      0.2001,   7704.1777,-428021.5938,  -1227.8939,    548.1796,  25680.5918,
       1,     168,     109,      24,       1,       3,       1,     10.0000,      1.3964,     42.5406,    247.5107,     62.2889,      3.4953,      0.0000,     -0.0330,      5.4198,      0.1816,      5.5589,     11.1177,      1.6046,     28.7248,     57.4496,      0.0191,      0.0043,      0.0156,      0.2001,   7704.1777,-426871.5000,  -1227.3748,    548.2583,  25680.5918,
       1,     168,     110,       1,       1,       3,       1,     10.0000,      1.3964,     42.5409,    247.5165,     62.2904,      3.4953,      0.0000,     -0.0329,      4.2978,      0.1782,      5.5591,     11.1182,      1.5746,     28.7314,     57.4628,      0.0191,      0.0034,      0.0156,      0.2002,   7704.1777,-425754.5938,  -1227.5404,    548.3479,  25681.7500,
       1,     168,     110,       2,       1,       3,       1,     10.0000,      1.3964,     42.5409,    247.5165,     62.2904,      3.4953,      0.0000,     -0.0327,      3.5519,      0.1738,      5.5591,     11.1182,      1.5359,     28.7314,     57.4628,      0.0191,      0.0028,      0.0156,      0.2002,   7704.5254,-424081.9062,  -1226.1094,    548.4626,  25681.7500,
       1,     168,     110,       3,       1,       3,       1,     10.0000,      1.3964,     42.5409,    247.5165,     62.2904,      3.4953,      0.0000,     -0.0327,      3.1127,      0.1712,      5.5591,     11.1182,      1.5131,     28.7314,     57.4628,      0.0191,      0.0025,      0.0156,      0.2002,   7704.5254,-422991.2812,  -1225.6138,    548.5374,  25681.7500,
       1,     168,     110,       4,       1,       3,       1,     10.0000,      1.3964,     42.5409,    247.5165,     62.2904,      3.4953,      0.0000,     -0.0326,      3.1225,      0.1685,      5.5591,     11.1182,      1.4891,     28.7314,     57.4628,      0.0191,      0.0025,      0.0156,      0.2002,   7704.5254,-422340.0312,  -1225.3191,    548.5821,  25681.7500,
       1,     168,     110,       5,       1,       3,       1,     10.0000,      1.3964,     42.5409,    247.5165,     62.2904,      3.4953,      0.0000,     -0.0325,      3.1450,      0.1667,      5.5591,     11.1182,      1.4728,     28.7314,     57.4628,      0.0191,      0.0025,      0.0156,      0.2002,   7704.5254,-422295.7188,  -1225.3029,    548.5851,  25681.7500,
       1,     168,     110,       6,       1,       3,       1,     10.0000,      1.3964,     42.5409,    247.5165,     62.2904,      3.4953,      0.0000,     -0.0324,      2.8753,      0.1649,      5.5591,     11.1182,      1.4567,     28.7314,     57.4628,      0.0191,      0.0023,      0.0156,      0.2002,   7704.5254,-422320.5000,  -1225.3182,    548.5834,  25681.7500,
       1,     168,     110,       7,       1,       3,       1,     10.0000,      1.3964,     42.5409,    247.5165,     62.2904,      3.4953,      0.0000,     -0.0324,      2.6327,      0.1637,      5.5591,     11.1182,      1.4466,     28.7314,     57.4628,      0.0191,      0.0021,      0.0156,      0.2002,   7704.5254,-421980.7812,  -1225.1663,    548.6066,  25681.7500,
       1,     168,     110,       8,       1,       3,       1,     10.0000,      1.3964,     42.5409,    247.5165,     62.2904,      3.4953,      0.0160,     -0.0164,      0.3267,      0.1626,      5.5591,     11.1182,      1.4365,     28.7314,     57.4628,      0.0191,      0.0019,      0.0021,      0.2002,   7704.5254,-421644.0000,  -1225.0150,    548.6298,  25681.7500,
       1,     168,     110,       9,       1,       3,       1,     10.0000,      1.3964,     42.5409,    247.5165,     62.2904,      3.4953,      0.1235,      0.0905,     27.0103,      0.1807,      5.5591,     11.1182,      1.5967,     28.7314,     57.4628,      0.0191,      0.0021,      0.1554,      0.2002,   7704.5254,-418692.4688,  -1223.6609,    548.8322,  25681.7500,
       1,     168,     110,      10,       1,       3,       1,     10.0000,      1.3964,     42.5409,    247.5165,     62.2904,      3.4953,      0.1640,      0.1303,     43.6091,      0.2055,      5.5591,     11.1182,      1.8160,     28.7314,     57.4628,      0.0191,      0.0025,      0.2128,      0.2002,   7704.5254,-452247.0938,  -1239.0951,    546.5303,  25681.7500,
       1,     168,     110,      11,       1,       3,       1,     10.0000,      1.3964,     42.5409,    247.5165,     62.2904,      3.4953,      0.1630,      0.1291,     41.5602,      0.2133,      5.5591,     11.1182,      1.8852,     28.7314,     57.4628,      0.0191,      0.0024,      0.2117,      0.2001,   7704.5254,-476218.7500,  -1250.1569,    544.8975,  25681.7480,
       1,     168,     110,      12,       1,       3,       1,     10.0000,      1.3964,     42.5409,    247.5165,     62.2904,      3.4953,      0.1857,      0.1510,     52.8368,      0.2435,      5.5591,     11.1182,      2.1515,     28.7314,     57.4628,      0.0191,      0.0027,      0.2441,      0.2001,   7704.5249,-475700.5312,  -1250.0052,    544.9351,  25681.7480,
       1,     168,     110,      13,       1,       3,       1,     10.0000,      1.3964,     42.5409,    247.5165,     62.2904,      3.4953,      0.1640,      0.1292,     47.3837,      0.2451,      5.5591,     11.1182,      2.1662,     28.7314,     57.4628,      0.0191,      0.0027,      0.2125,      0.2001,   7704.5249,-489953.5000,  -1256.6484,    543.9642,  25681.7461,
       1,     168,     110,      14,       1,       3,       1,     10.0000,      1.3964,     42.5409,    247.5165,     62.2904,      3.4953,      0.0725,      0.0390,     22.8439,      0.2009,      5.5591,     11.1182,      1.7752,     28.7314,     57.4628,      0.0191,      0.0035,      0.0810,      0.2001,   7704.5239,-484274.1250,  -1254.1619,    544.3513,  25681.7441,
       1,     168,     110,      15,       1,       3,       1,     10.0000,      1.3964,     42.5409,    247.5165,     62.2904,      3.4953,      0.1271,      0.0945,     56.8908,      0.1677,      5.5591,     11.1182,      1.4817,     28.7314,     57.4628,      0.0191,      0.0045,      0.1573,      0.2001,   7704.5234,-452656.5625,  -1239.7222,    546.5028,  25681.7441,
       1,     168,     110,      16,       1,       3,       1,     10.0000,      1.3964,     42.5409,    247.5165,     62.2904,      3.4953,      0.1763,      0.1429,     99.9235,      0.1939,      5.5591,     11.1182,      1.7132,     28.7314,     57.4628,      0.0191,      0.0055,      0.2244,      0.2001,   7704.5234,-493092.1875,  -1258.6562,    543.7448,  25681.7422,
       1,     168,     110,      17,       1,       3,       1,     10.0000,      1.3964,     42.5409,    247.5165,     62.2904,      3.4953,      0.1479,      0.1141,    109.5581,      0.2071,      5.5591,     11.1182,      1.8303,     28.7314,     57.4628,      0.0191,      0.0074,      0.1817,      0.2001,   7704.5229,-551202.0625,  -1285.6650,    539.8021,  25681.1152,
       1,     168,     110,      18,       1,       3,       1,     10.0000,      1.3964,     42.5409,    247.5165,     62.2904,      3.4953,      0.1499,      0.1161,    113.8835,      0.2069,      5.5591,     11.1182,      1.8285,     28.7314,     57.4628,      0.0191,      0.0076,      0.1841,      0.2000,   7704.3350,-568577.3125,  -1294.4559,    538.6440,  25681.0352,
       1,     168,     110,      19,       1,       3,       1,     10.0000,      1.3964,     42.5409,    247.5165,     62.2904,      3.4953,      0.1166,      0.0831,     54.6769,      0.1979,      5.5591,     11.1182,      1.7491,     28.7314,     57.4628,      0.0191,      0.0047,      0.1421,      0.2000,   7704.3110,-575569.4375,  -1298.2753,    538.1744,  25680.9941,
       1,     168,     110,      20,       1,       3,       1,     10.0000,      1.3964,     42.5409,    247.5165,     62.2904,      3.4953,      0.0062,     -0.0268,      2.9903,      0.1849,      5.5591,     11.1182,      1.6336,     28.7314,     57.4628,      0.0191,      0.0024,      0.0156,      0.2000,   7704.2983,-500970.6562,  -1264.4551,    543.1931,  25681.6074,
       1,     168,     110,      21,       1,       3,       1,     10.0000,      1.3964,     42.5409,    247.5165,     62.2904,      3.4953,      0.0000,     -0.0329,      4.9102,      0.1796,      5.5591,     11.1182,      1.5872,     28.7314,     57.4628,      0.0191,      0.0039,      0.0156,      0.2001,   7704.4824,-428949.8438,  -1231.0023,    548.1068,  25681.7363,
       1,     168,     110,      22,       1,       3,       1,     10.0000,      1.3964,     42.5409,    247.5165,     62.2904,      3.4953,      0.0000,     -0.0330,      5.5347,      0.1812,      5.5591,     11.1182,      1.6015,     28.7314,     57.4628,      0.0191,      0.0044,      0.0156,      0.2002,   7704.5210,-425165.1875,  -1229.1884,    548.3883,  25681.7363,
       1,     168,     110,      23,       1,       3,       1,     10.0000,      1.3964,     42.5409,    247.5165,     62.2904,      3.4953,      0.0000,     -0.0329,      5.2504,      0.1800,      5.5591,     11.1182,      1.5904,     28.7314,     57.4628,      0.0191,      0.0041,      0.0156,      0.2002,   7704.5210,-425599.7812,  -1229.3943,    548.3586,  25681.7363,
       1,     168,     110,      24,       1,       3,       1,     10.0000,      1.3964,     42.5409,    247.5165,     62.2904,      3.4953,      0.0000,     -0.0329,      4.6739,      0.1785,      5.5591,     11.1182,      1.5778,     28.7314,     57.4628,      0.0191,      0.0037,      0.0156,      0.2002,   7704.5210,-425277.1250,  -1229.2506,    548.3807,  25681.7363,
       1,     168,     111,       1,       1,       3,       1,     10.0000,      1.3964,     42.5413,    247.5224,     62.2918,      3.4953,      0.0000,     -0.0328,      4.0835,      0.1764,      5.5595,     11.1191,      1.5591,     28.7311,     57.4623,      0.0191,      0.0032,      0.0156,      0.2002,   7704.5210,-424674.6875,  -1229.6505,    548.4349,  25682.8926,
       1,     168,     111,       2,       1,       3,       1,     10.0000,      1.3964,     42.5413,    247.5224,     62.2918,      3.4953,      0.0000,     -0.0327,      3.5150,      0.1728,      5.5595,     11.1191,      1.5268,     28.7311,     57.4623,      0.0191,      0.0028,      0.0156,      0.2002,   7704.8682,-423720.5938,  -1228.5427,    548.5004,  25682.8926,
       1,     168,     111,       3,       1,       3,       1,     10.0000,      1.3964,     42.5413,    247.5224,     62.2918,      3.4953,      0.0000,     -0.0326,      3.4146,      0.1695,      5.5595,     11.1191,      1.4981,     28.7311,     57.4623,      0.0191,      0.0027,      0.0156,      0.2002,   7704.8682,-422917.4375,  -1228.1757,    548.5554,  25682.8926,
       1,     168,     111,       4,       1,       3,       1,     10.0000,      1.3964,     42.5413,    247.5224,     62.2918,      3.4953,      0.0000,     -0.0325,      3.3092,      0.1673,      5.5595,     11.1191,      1.4788,     28.7311,     57.4623,      0.0191,      0.0026,      0.0156,      0.2002,   7704.8682,-422720.4062,  -1228.0883,    548.5690,  25682.8926,
       1,     168,     111,       5,       1,       3,       1,     10.0000,      1.3964,     42.5413,    247.5224,     62.2918,      3.4953,      0.0000,     -0.0325,      3.2572,      0.1655,      5.5595,     11.1191,      1.4626,     28.7311,     57.4623,      0.0191,      0.0026,      0.0156,      0.2002,   7704.8682,-422569.6562,  -1228.0222,    548.5793,  25682.8926,
       1,     168,     111,       6,       1,       3,       1,     10.0000,      1.3964,     42.5413,    247.5224,     62.2918,      3.4953,      0.0000,     -0.0325,      3.1478,      0.1673,      5.5595,     11.1191,      1.4788,     28.7311,     57.4623,      0.0191,      0.0025,      0.0156,      0.2002,   7704.8682,-422490.7188,  -1227.9889,    548.5847,  25682.8926,
       1,     168,     111,       7,       1,       3,       1,     10.0000,      1.3964,     42.5413,    247.5224,     62.2918,      3.4953,      0.0000,     -0.0324,      2.8908,      0.1635,      5.5595,     11.1191,      1.4452,     28.7311,     57.4623,      0.0191,      0.0023,      0.0156,      0.2002,   7704.8682,-422345.3125,  -1227.9248,    548.5947,  25682.8926,
       1,     168,     111,       8,       1,       3,       1,     10.0000,      1.3964,     42.5413,    247.5224,     62.2918,      3.4953,      0.0135,     -0.0189,      2.7660,      0.1644,      5.5595,     11.1191,      1.4524,     28.7311,     57.4623,      0.0191,      0.0022,      0.0156,      0.2002,   7704.8682,-422007.0000,  -1227.7717,    548.6179,  25682.8926,
       1,     168,     111,       9,       1,       3,       1,     10.0000,      1.3964,     42.5413,    247.5224,     62.2918,      3.4953,      0.0840,      0.0514,     16.8396,      0.1692,      5.5595,     11.1191,      1.4951,     28.7311,     57.4623,      0.0191,      0.0021,      0.0992,      0.2002,   7704.8682,-421819.4375,  -1227.6880,    548.6307,  25682.8926,
       1,     168,     111,      10,       1,       3,       1,     10.0000,      1.3964,     42.5413,    247.5224,     62.2918,      3.4953,      0.1706,      0.1370,     43.9260,      0.2025,      5.5595,     11.1191,      1.7894,     28.7311,     57.4623,      0.0191,      0.0024,      0.2226,      0.2002,   7704.8682,-439634.5000,  -1235.9285,    547.4090,  25682.8926,
       1,     168,     111,      11,       1,       3,       1,     10.0000,      1.3964,     42.5413,    247.5224,     62.2918,      3.4953,      0.1662,      0.1322,     45.8570,      0.2142,      5.5595,     11.1191,      1.8927,     28.7311,     57.4623,      0.0191,      0.0026,      0.2159,      0.2002,   7704.8682,-475513.8438,  -1252.5387,    544.9553,  25682.8906,
       1,     168,     111,      12,       1,       3,       1,     10.0000,      1.3964,     42.5413,    247.5224,     62.2918,      3.4953,      0.1366,      0.1029,     33.4020,      0.2055,      5.5595,     11.1191,      1.8160,     28.7311,     57.4623,      0.0191,      0.0024,      0.1738,      0.2001,   7704.8677,-481089.7812,  -1255.1985,    544.5809,  25682.8906,
       1,     168,     111,      13,       1,       3,       1,     10.0000,      1.3964,     42.5413,    247.5224,     62.2918,      3.4953,      0.1893,      0.1549,     51.5780,      0.2287,      5.5595,     11.1191,      2.0212,     28.7311,     57.4623,      0.0191,      0.0025,      0.2493,      0.2001,   7704.8677,-465771.7500,  -1248.2146,    545.6238,  25682.8906,
       1,     168,     111,      14,       1,       3,       1,     10.0000,      1.3964,     42.5413,    247.5224,     62.2918,      3.4953,      0.1670,      0.1331,     47.7016,      0.2150,      5.5595,     11.1191,      1.9001,     28.7311,     57.4623,      0.0191,      0.0027,      0.2169,      0.2002,   7704.8677,-487491.6250,  -1258.3203,    544.1434,  25682.8887,
       1,     168,     111,      15,       1,       3,       1,     10.0000,      1.3964,     42.5413,    247.5224,     62.2918,      3.4953,      0.1160,      0.0827,     48.1869,      0.1939,      5.5595,     11.1191,      1.7132,     28.7311,     57.4623,      0.0191,      0.0042,      0.1420,      0.2001,   7704.8667,-484462.6562,  -1257.0360,    544.3515,  25682.8848,
       1,     168,     111,      16,       1,       3,       1,     10.0000,      1.3964,     42.5413,    247.5224,     62.2918,      3.4953,      0.1596,      0.1262,     86.3379,      0.1939,      5.5595,     11.1191,      1.7132,     28.7311,     57.4623,      0.0191,      0.0053,      0.2014,      0.2001,   7704.8657,-484813.8438,  -1271.4294,    544.3276,  25682.8867,
       1,     168,     111,      17,       1,       3,       1,     10.0000,      1.3964,     42.5413,    247.5224,     62.2918,      3.4953,      0.1632,      0.1294,     83.1973,      0.2098,      5.5595,     11.1191,      1.8540,     28.7311,     57.4623,      0.0191,      0.0049,      0.2072,      0.2001,   7704.8662,-533227.2500,  -1293.5415,    541.0335,  25682.8848,
       1,     168,     111,      18,       1,       3,       1,     10.0000,      1.3964,     42.5413,    247.5224,     62.2918,      3.4953,      0.1626,      0.1285,     99.7553,      0.2176,      5.5595,     11.1191,      1.9226,     28.7311,     57.4623,      0.0191,      0.0060,      0.2044,      0.2001,   7704.8657,-533464.7500,  -1293.9285,    541.0274,  25682.8848,
       1,     168,     111,      19,       1,       3,       1,     10.0000,      1.3964,     42.5413,    247.5224,     62.2918,      3.4953,      0.0988,      0.0652,     47.6590,      0.2033,      5.5595,     11.1191,      1.7964,     28.7311,     57.4623,      0.0191,      0.0050,      0.1167,      0.2001,   7704.8657,-554487.9375,  -1303.8043,    539.6057,  25682.8828,
       1,     168,     111,      20,       1,       3,       1,     10.0000,      1.3964,     42.5413,    247.5224,     62.2918,      3.4953,      0.0118,     -0.0214,      4.6710,      0.1869,      5.5595,     11.1191,      1.6516,     28.7311,     57.4623,      0.0191,      0.0037,      0.0156,      0.2000,   7704.8652,-490169.0625,  -1274.7721,    543.9458,  25682.8848,
       1,     168,     111,      21,       1,       3,       1,     10.0000,      1.3964,     42.5413,    247.5224,     62.2918,      3.4953,      0.0000,     -0.0328,      4.5771,      0.1768,      5.5595,     11.1191,      1.5622,     28.7311,     57.4623,      0.0191,      0.0036,      0.0156,      0.2001,   7704.8657,-430138.0938,  -1247.3779,    548.0450,  25682.8809,
       1,     168,     111,      22,       1,       3,       1,     10.0000,      1.3964,     42.5413,    247.5224,     62.2918,      3.4953,      0.0000,     -0.0328,      5.6616,      0.1743,      5.5595,     11.1191,      1.5405,     28.7311,     57.4623,      0.0191,      0.0045,      0.0156,      0.2002,   7704.8647,-424841.4688,  -1244.8921,    548.4234,  25682.8809,
       1,     168,     111,      23,       1,       3,       1,     10.0000,      1.3964,     42.5413,    247.5224,     62.2918,      3.4953,      0.0000,     -0.0328,      6.1961,      0.1756,      5.5595,     11.1191,      1.5513,     28.7311,     57.4623,      0.0191,      0.0049,      0.0156,      0.2002,   7704.8647,-425736.2188,  -1245.2157,    548.3621,  25682.8809,
       1,     168,     111,      24,       1,       3,       1,     10.0000,      1.3964,     42.5413,    247.5224,     62.2918,      3.4953,      0.0000,     -0.0328,      5.5922,      0.1761,      5.5595,     11.1191,      1.5560,     28.7311,     57.4623,      0.0191,      0.0044,      0.0156,      0.2002,   7704.8647,-426491.1562,  -1245.4642,    548.3104,  25682.8809,
       1,     168,     112,       1,       1,       3,       1,     10.0000,      1.3964,     42.5416,    247.5283,     62.2933,      3.4953,      0.0000,     -0.0328,      3.9798,      0.1757,      5.5601,     11.1202,      1.5529,     28.7316,     57.4631,      0.0191,      0.0031,      0.0156,      0.2002,   7704.8647,-425947.9062,  -1245.7980,    548.3607,  25684.0430,
       1,     168,     112,       2,       1,       3,       1,     10.0000,      1.3964,     42.5416,    247.5283,     62.2933,      3.4953,      0.0000,     -0.0327,      3.1236,      0.1726,      5.5601,     11.1202,      1.5253,     28.7316,     57.4631,      0.0191,      0.0025,      0.0156,      0.2002,   7705.2134,-423703.6250,  -1244.0402,    548.5145,  25684.0410,
       1,     168,     112,       3,       1,       3,       1,     10.0000,      1.3964,     42.5416,    247.5283,     62.2933,      3.4953,      0.0000,     -0.0327,      2.6436,      0.1719,      5.5601,     11.1202,      1.5192,     28.7316,     57.4631,      0.0191,      0.0021,      0.0156,      0.2002,   7705.2124,-422424.1562,  -1243.4088,    548.6022,  25684.0410,
       1,     168,     112,       4,       1,       3,       1,     10.0000,      1.3964,     42.5416,    247.5283,     62.2933,      3.4953,      0.0000,     -0.0325,      2.9697,      0.1679,      5.5601,     11.1202,      1.4833,     28.7316,     57.4631,      0.0191,      0.0023,      0.0156,      0.2002,   7705.2124,-421704.8438,  -1243.0404,    548.6516,  25684.0410,
       1,     168,     112,       5,       1,       3,       1,     10.0000,      1.3964,     42.5416,    247.5283,     62.2933,      3.4953,      0.0000,     -0.0325,      3.0467,      0.1672,      5.5601,     11.1202,      1.4773,     28.7316,     57.4631,      0.0191,      0.0024,      0.0156,      0.2002,   7705.2124,-422055.5000,  -1243.1571,    548.6276,  25684.0410,
       1,     168,     112,       6,       1,       3,       1,     10.0000,      1.3964,     42.5416,    247.5283,     62.2933,      3.4953,      0.0000,     -0.0325,      2.9788,      0.1672,      5.5601,     11.1202,      1.4773,     28.7316,     57.4631,      0.0191,      0.0024,      0.0156,      0.2002,   7705.2124,-422183.5312,  -1243.1689,    548.6188,  25684.0410,
       1,     168,     112,       7,       1,       3,       1,     10.0000,      1.3964,     42.5416,    247.5283,     62.2933,      3.4953,      0.0000,     -0.0325,      2.7676,      0.1665,      5.5601,     11.1202,      1.4714,     28.7316,     57.4631,      0.0191,      0.0022,      0.0156,      0.2002,   7705.2124,-422108.5625,  -1243.0907,    548.6239,  25684.0410,
       1,     168,     112,       8,       1,       3,       1,     10.0000,      1.3964,     42.5416,    247.5283,     62.2933,      3.4953,      0.0134,     -0.0190,      2.7763,      0.1640,      5.5601,     11.1202,      1.4495,     28.7316,     57.4631,      0.0191,      0.0022,      0.0156,      0.2002,   7705.2124,-421834.6250,  -1242.9243,    548.6427,  25684.0410,
       1,     168,     112,       9,       1,       3,       1,     10.0000,      1.3964,     42.5416,    247.5283,     62.2933,      3.4953,      0.0932,      0.0604,     19.1325,      0.1754,      5.5601,     11.1202,      1.5498,     28.7316,     57.4631,      0.0191,      0.0021,      0.1121,      0.2002,   7705.2124,-421821.8125,  -1242.8739,    548.6436,  25684.0410,
       1,     168,     112,      10,       1,       3,       1,     10.0000,      1.3964,     42.5416,    247.5283,     62.2933,      3.4953,      0.1370,      0.1038,     31.6433,      0.1893,      5.5601,     11.1202,      1.6730,     28.7316,     57.4631,      0.0191,      0.0022,      0.1747,      0.2002,   7705.2124,-442541.4688,  -1252.3329,    547.2227,  25684.0410,
       1,     168,     112,      11,       1,       3,       1,     10.0000,      1.3964,     42.5416,    247.5283,     62.2933,      3.4953,      0.1583,      0.1247,     36.2413,      0.2013,      5.5601,     11.1202,      1.7788,     28.7316,     57.4631,      0.0191,      0.0022,      0.2053,      0.2002,   7705.2124,-460200.6250,  -1260.3894,    546.0165,  25684.0410,
       1,     168,     112,      12,       1,       3,       1,     10.0000,      1.3964,     42.5416,    247.5283,     62.2933,      3.4953,      0.1669,      0.1331,     40.5855,      0.2071,      5.5601,     11.1202,      1.8304,     28.7316,     57.4631,      0.0191,      0.0023,      0.2174,      0.2002,   7705.2124,-467562.6875,  -1263.7328,    545.5154,  25684.0410,
       1,     168,     112,      13,       1,       3,       1,     10.0000,      1.3964,     42.5416,    247.5283,     62.2933,      3.4953,      0.1665,      0.1326,     38.9434,      0.2108,      5.5601,     11.1202,      1.8632,     28.7316,     57.4631,      0.0191,      0.0022,      0.2171,      0.2002,   7705.2124,-473707.0312,  -1266.5239,    545.0966,  25684.0391,
       1,     168,     112,      14,       1,       3,       1,     10.0000,      1.3964,     42.5416,    247.5283,     62.2933,      3.4953,      0.1637,      0.1296,     47.0907,      0.2184,      5.5601,     11.1202,      1.9303,     28.7316,     57.4631,      0.0191,      0.0027,      0.2121,      0.2002,   7705.2119,-472158.1250,  -1265.7894,    545.2023,  25684.0391,
       1,     168,     112,      15,       1,       3,       1,     10.0000,      1.3964,     42.5416,    247.5283,     62.2933,      3.4953,      0.1802,      0.1461,     68.7597,      0.2187,      5.5601,     11.1202,      1.9321,     28.7316,     57.4631,      0.0191,      0.0036,      0.2339,      0.2002,   7705.2119,-482352.8125,  -1270.4529,    544.5076,  25684.0352,
       1,     168,     112,      16,       1,       3,       1,     10.0000,      1.3964,     42.5416,    247.5283,     62.2933,      3.4953,      0.1849,      0.1507,     87.3126,      0.2204,      5.5601,     11.1202,      1.9474,     28.7316,     57.4631,      0.0191,      0.0045,      0.2386,      0.2002,   7705.2109,-510714.2812,  -1283.4905,    542.5776,  25684.0371,
       1,     168,     112,      17,       1,       3,       1,     10.0000,      1.3964,     42.5416,    247.5283,     62.2933,      3.4953,      0.1868,      0.1524,    102.2639,      0.2281,      5.5601,     11.1202,      2.0153,     28.7316,     57.4631,      0.0191,      0.0053,      0.2398,      0.2001,   7705.2114,-536715.7500,  -1295.5431,    540.8176,  25684.0352,
       1,     168,     112,      18,       1,       3,       1,     10.0000,      1.3964,     42.5416,    247.5283,     62.2933,      3.4953,      0.1736,      0.1393,     97.2000,      0.2247,      5.5601,     11.1202,      1.9859,     28.7316,     57.4631,      0.0191,      0.0054,      0.2209,      0.2001,   7705.2109,-557945.4375,  -1305.5167,    539.3853,  25684.0332,
       1,     168,     112,      19,       1,       3,       1,     10.0000,      1.3964,     42.5416,    247.5283,     62.2933,      3.4953,      0.1224,      0.0887,     68.6359,      0.2061,      5.5601,     11.1202,      1.8214,     28.7316,     57.4631,      0.0191,      0.0057,      0.1489,      0.2001,   7705.2104,-553355.5000,  -1303.7257,    539.6967,  25684.0332,
       1,     168,     112,      20,       1,       3,       1,     10.0000,      1.3964,     42.5416,    247.5283,     62.2933,      3.4953,      0.0112,     -0.0221,      6.7943,      0.1922,      5.5601,     11.1202,      1.6981,     28.7316,     57.4631,      0.0191,      0.0054,      0.0156,      0.2001,   7705.2104,-516695.2500,  -1287.1073,    542.1699,  25684.0293,
       1,     168,     112,      21,       1,       3,       1,     10.0000,      1.3964,     42.5416,    247.5283,     62.2933,      3.4953,      0.0000,     -0.0330,      6.3648,      0.1832,      5.5601,     11.1202,      1.6191,     28.7316,     57.4631,      0.0191,      0.0050,      0.0156,      0.2001,   7705.2090,-435085.9062,  -1249.4589,    547.7063,  25684.0312,
       1,     168,     112,      22,       1,       3,       1,     10.0000,      1.3964,     42.5416,    247.5283,     62.2933,      3.4953,      0.0000,     -0.0326,      6.6230,      0.1709,      5.5601,     11.1202,      1.5101,     28.7316,     57.4631,      0.0191,      0.0052,      0.0156,      0.2002,   7705.2095,-427555.6562,  -1245.8717,    548.2502,  25684.0312,
       1,     168,     112,      23,       1,       3,       1,     10.0000,      1.3964,     42.5416,    247.5283,     62.2933,      3.4953,      0.0000,     -0.0326,      6.3247,      0.1695,      5.5601,     11.1202,      1.4981,     28.7316,     57.4631,      0.0191,      0.0050,      0.0156,      0.2002,   7705.2095,-427193.6562,  -1245.5951,    548.2753,  25684.0312,
       1,     168,     112,      24,       1,       3,       1,     10.0000,      1.3964,     42.5416,    247.5283,     62.2933,      3.4953,      0.0000,     -0.0326,      5.6735,      0.1694,      5.5601,     11.1202,      1.4966,     28.7316,     57.4631,      0.0191,      0.0045,      0.0156,      0.2002,   7705.2095,-426784.1250,  -1245.3041,    548.3033,  25684.0293,
       1,     168,     113,       1,       1,       3,       1,     10.0000,      1.3965,     42.5419,    247.5341,     62.2948,      3.4953,      0.0000,     -0.0326,      4.8779,      0.1692,      5.5597,     11.1194,      1.4952,     28.7348,     57.4696,      0.0191,      0.0039,      0.0156,      0.2002,   7705.2090,-426079.5625,  -1245.5631,    548.3647,  25685.1895,
       1,     168,     113,       2,       1,       3,       1,     10.0000,      1.3965,     42.5419,    247.5341,     62.2948,      3.4953,      0.0000,     -0.0326,      3.8783,      0.1689,      5.5597,     11.1194,      1.4922,     28.7348,     57.4696,      0.0191,      0.0031,      0.0156,      0.2002,   7705.5571,-424856.5312,  -1244.2430,    548.4485,  25685.1895,
       1,     168,     113,       3,       1,       3,       1,     10.0000,      1.3965,     42.5419,    247.5341,     62.2948,      3.4953,      0.0000,     -0.0325,      2.6223,      0.1672,      5.5597,     11.1194,      1.4774,     28.7348,     57.4696,      0.0191,      0.0021,      0.0156,      0.2002,   7705.5571,-423484.1250,  -1243.5472,    548.5425,  25685.1895,
       1,     168,     113,       4,       1,       3,       1,     10.0000,      1.3965,     42.5419,    247.5341,     62.2948,      3.4953,      0.0000,     -0.0326,      2.6316,      0.1689,      5.5597,     11.1194,      1.4922,     28.7348,     57.4696,      0.0191,      0.0021,      0.0156,      0.2002,   7705.5571,-421773.9375,  -1242.7180,    548.6598,  25685.1895,
       1,     168,     113,       5,       1,       3,       1,     10.0000,      1.3965,     42.5419,    247.5341,     62.2948,      3.4953,      0.0000,     -0.0326,      2.5536,      0.1690,      5.5597,     11.1194,      1.4937,     28.7348,     57.4696,      0.0191,      0.0020,      0.0156,      0.2002,   7705.5571,-421637.1562,  -1242.6185,    548.6693,  25685.1895,
       1,     168,     113,       6,       1,       3,       1,     10.0000,      1.3965,     42.5419,    247.5341,     62.2948,      3.4953,      0.0000,     -0.0326,      2.4608,      0.1689,      5.5597,     11.1194,      1.4922,     28.7348,     57.4696,      0.0191,      0.0019,      0.0156,      0.2002,   7705.5571,-421526.3750,  -1242.5312,    548.6768,  25685.1895,
       1,     168,     113,       7,       1,       3,       1,     10.0000,      1.3965,     42.5419,    247.5341,     62.2948,      3.4953,      0.0000,     -0.0325,      2.3701,      0.1669,      5.5597,     11.1194,      1.4744,     28.7348,     57.4696,      0.0191,      0.0019,      0.0156,      0.2002,   7705.5571,-421399.2500,  -1242.4387,    548.6855,  25685.1895,
       1,     168,     113,       8,       1,       3,       1,     10.0000,      1.3965,     42.5419,    247.5341,     62.2948,      3.4953,      0.0138,     -0.0188,      2.4016,      0.1672,      5.5597,     11.1194,      1.4774,     28.7348,     57.4696,      0.0191,      0.0019,      0.0156,      0.2002,   7705.5571,-421273.2188,  -1242.3478,    548.6942,  25685.1895,
       1,     168,     113,       9,       1,       3,       1,     10.0000,      1.3965,     42.5419,    247.5341,     62.2948,      3.4953,      0.1112,      0.0781,     24.7585,      0.1827,      5.5597,     11.1194,      1.6144,     28.7348,     57.4696,      0.0191,      0.0022,      0.1377,      0.2002,   7705.5571,-421302.2812,  -1242.3253,    548.6921,  25685.1895,
       1,     168,     113,      10,       1,       3,       1,     10.0000,      1.3965,     42.5419,    247.5341,     62.2948,      3.4953,      0.1555,      0.1219,     37.8393,      0.2021,      5.5597,     11.1194,      1.7859,     28.7348,     57.4696,      0.0191,      0.0023,      0.2011,      0.2002,   7705.5571,-449624.2188,  -1255.4115,    546.7497,  25685.1895,
       1,     168,     113,      11,       1,       3,       1,     10.0000,      1.3965,     42.5419,    247.5341,     62.2948,      3.4953,      0.1674,      0.1333,     46.5011,      0.2178,      5.5597,     11.1194,      1.9246,     28.7348,     57.4696,      0.0191,      0.0026,      0.2175,      0.2002,   7705.5571,-468669.8125,  -1264.1820,    545.4515,  25685.1875,
       1,     168,     113,      12,       1,       3,       1,     10.0000,      1.3965,     42.5419,    247.5341,     62.2948,      3.4953,      0.1775,      0.1433,     46.2595,      0.2236,      5.5597,     11.1194,      1.9763,     28.7348,     57.4696,      0.0191,      0.0025,      0.2325,      0.2002,   7705.5566,-481301.3125,  -1269.9941,    544.5918,  25685.1875,
       1,     168,     113,      13,       1,       3,       1,     10.0000,      1.3965,     42.5419,    247.5341,     62.2948,      3.4953,      0.1891,      0.1543,     44.7339,      0.2435,      5.5597,     11.1194,      2.1516,     28.7348,     57.4696,      0.0191,      0.0022,      0.2500,      0.2002,   7705.5566,-482089.4062,  -1270.3287,    544.5388,  25685.1855,
       1,     168,     113,      14,       1,       3,       1,     10.0000,      1.3965,     42.5419,    247.5341,     62.2948,      3.4953,      0.1906,      0.1558,     63.5468,      0.2428,      5.5597,     11.1194,      2.1454,     28.7348,     57.4696,      0.0191,      0.0031,      0.2500,      0.2002,   7705.5562,-480222.8125,  -1270.1793,    544.6659,  25685.1875,
       1,     168,     113,      15,       1,       3,       1,     10.0000,      1.3965,     42.5419,    247.5341,     62.2948,      3.4953,      0.1918,      0.1570,     86.6642,      0.2435,      5.5597,     11.1194,      2.1516,     28.7348,     57.4696,      0.0191,      0.0043,      0.2491,      0.2002,   7705.5566,-503912.0938,  -1281.0673,    543.0530,  25685.1836,
       1,     168,     113,      16,       1,       3,       1,     10.0000,      1.3965,     42.5419,    247.5341,     62.2948,      3.4953,      0.1591,      0.1250,     87.6852,      0.2178,      5.5597,     11.1194,      1.9246,     28.7348,     57.4696,      0.0191,      0.0054,      0.2006,      0.2002,   7705.5552,-535290.5000,  -1295.6425,    540.9254,  25685.1816,
       1,     168,     113,      17,       1,       3,       1,     10.0000,      1.3965,     42.5419,    247.5341,     62.2948,      3.4953,      0.1812,      0.1468,    112.7168,      0.2296,      5.5597,     11.1194,      2.0292,     28.7348,     57.4696,      0.0191,      0.0060,      0.2304,      0.2001,   7705.5547,-539311.8750,  -1297.7383,    540.6577,  25685.1816,
       1,     168,     113,      18,       1,       3,       1,     10.0000,      1.3965,     42.5419,    247.5341,     62.2948,      3.4953,      0.1669,      0.1328,    113.0736,      0.2184,      5.5597,     11.1194,      1.9303,     28.7348,     57.4696,      0.0191,      0.0067,      0.2092,      0.2001,   7705.5547,-571420.0000,  -1312.9064,    538.4878,  25685.1816,
       1,     168,     113,      19,       1,       3,       1,     10.0000,      1.3965,     42.5419,    247.5341,     62.2948,      3.4953,      0.1196,      0.0859,     73.8899,      0.2045,      5.5597,     11.1194,      1.8072,     28.7348,     57.4696,      0.0191,      0.0063,      0.1442,      0.2001,   7705.5547,-574664.7500,  -1314.8280,    538.2738,  25685.1816,
       1,     168,     113,      20,       1,       3,       1,     10.0000,      1.3965,     42.5419,    247.5341,     62.2948,      3.4953,      0.0199,     -0.0132,      3.2327,      0.1845,      5.5597,     11.1194,      1.6305,     28.7348,     57.4696,      0.0191,      0.0061,      0.0065,      0.2001,   7705.5547,-525185.2500,  -1292.1711,    541.6030,  25685.1777,
       1,     168,     113,      21,       1,       3,       1,     10.0000,      1.3965,     42.5419,    247.5341,     62.2948,      3.4953,      0.0000,     -0.0326,      6.2512,      0.1706,      5.5597,     11.1194,      1.5072,     28.7348,     57.4696,      0.0191,      0.0049,      0.0156,      0.2001,   7705.5537,-431298.0312,  -1248.4473,    547.9695,  25685.1758,
       1,     168,     113,      22,       1,       3,       1,     10.0000,      1.3965,     42.5419,    247.5341,     62.2948,      3.4953,      0.0000,     -0.0325,      6.9066,      0.1672,      5.5597,     11.1194,      1.4774,     28.7348,     57.4696,      0.0191,      0.0055,      0.0156,      0.2002,   7705.5532,-427098.4375,  -1246.4041,    548.2947,  25685.1758,
       1,     168,     113,      23,       1,       3,       1,     10.0000,      1.3965,     42.5419,    247.5341,     62.2948,      3.4953,      0.0000,     -0.0325,      6.1351,      0.1674,      5.5597,     11.1194,      1.4788,     28.7348,     57.4696,      0.0191,      0.0048,      0.0156,      0.2002,   7705.5532,-427516.6250,  -1246.5100,    548.2662,  25685.1758,
       1,     168,     113,      24,       1,       3,       1,     10.0000,      1.3965,     42.5419,    247.5341,     62.2948,      3.4953,      0.0000,     -0.0326,      5.7115,      0.1695,      5.5597,     11.1194,      1.4982,     28.7348,     57.4696,      0.0191,      0.0045,      0.0156,      0.2002,   7705.5532,-426575.3750,  -1245.9963,    548.3306,  25685.1758,
       1,     168,     114,       1,       1,       3,       1,     10.0000,      1.3965,     42.5423,    247.5400,     62.2962,      3.4953,      0.0000,     -0.0327,      4.3414,      0.1711,      5.5595,     11.1191,      1.5117,     28.7402,     57.4803,      0.0191,      0.0034,      0.0156,      0.2003,   7705.5532,-426113.1250,  -1246.3943,    548.3752,  25686.3340,
       1,     168,     114,       2,       1,       3,       1,     10.0000,      1.3965,     42.5423,    247.5400,     62.2962,      3.4953,      0.0000,     -0.0326,      3.5559,      0.1701,      5.5595,     11.1191,      1.5027,     28.7402,     57.4803,      0.0191,      0.0028,      0.0156,      0.2003,   7705.9004,-424183.8125,  -1244.7651,    548.5075,  25686.3340,
       1,     168,     114,       3,       1,       3,       1,     10.0000,      1.3965,     42.5423,    247.5400,     62.2962,      3.4953,      0.0000,     -0.0326,      2.8640,      0.1680,      5.5595,     11.1191,      1.4848,     28.7402,     57.4803,      0.0191,      0.0023,      0.0156,      0.2003,   7705.9004,-423021.3750,  -1244.1819,    548.5873,  25686.3340,
       1,     168,     114,       4,       1,       3,       1,     10.0000,      1.3965,     42.5423,    247.5400,     62.2962,      3.4953,      0.0000,     -0.0325,      2.1666,      0.1669,      5.5595,     11.1191,      1.4745,     28.7402,     57.4803,      0.0191,      0.0017,      0.0156,      0.2003,   7705.9004,-422043.9375,  -1243.6960,    548.6542,  25686.3340,
       1,     168,     114,       5,       1,       3,       1,     10.0000,      1.3965,     42.5423,    247.5400,     62.2962,      3.4953,      0.0000,     -0.0324,      2.0475,      0.1645,      5.5595,     11.1191,      1.4540,     28.7402,     57.4803,      0.0191,      0.0016,      0.0156,      0.2003,   7705.9004,-421075.9688,  -1243.2222,    548.7206,  25686.3340,
       1,     168,     114,       6,       1,       3,       1,     10.0000,      1.3965,     42.5423,    247.5400,     62.2962,      3.4953,      0.0000,     -0.0324,      2.2129,      0.1645,      5.5595,     11.1191,      1.4540,     28.7402,     57.4803,      0.0191,      0.0017,      0.0156,      0.2003,   7705.9004,-420841.0000,  -1243.0936,    548.7367,  25686.3340,
       1,     168,     114,       7,       1,       3,       1,     10.0000,      1.3965,     42.5423,    247.5400,     62.2962,      3.4953,      0.0000,     -0.0324,      2.1529,      0.1626,      5.5595,     11.1191,      1.4366,     28.7402,     57.4803,      0.0191,      0.0017,      0.0156,      0.2003,   7705.9004,-421030.1250,  -1243.1611,    548.7238,  25686.3340,
       1,     168,     114,       8,       1,       3,       1,     10.0000,      1.3965,     42.5423,    247.5400,     62.2962,      3.4953,      0.0108,     -0.0216,      1.9928,      0.1614,      5.5595,     11.1191,      1.4266,     28.7402,     57.4803,      0.0191,      0.0016,      0.0156,      0.2003,   7705.9004,-420970.5312,  -1243.1147,    548.7279,  25686.3340,
       1,     168,     114,       9,       1,       3,       1,     10.0000,      1.3965,     42.5423,    247.5400,     62.2962,      3.4953,      0.0859,      0.0533,     12.6137,      0.1702,      5.5595,     11.1191,      1.5042,     28.7402,     57.4803,      0.0191,      0.0015,      0.1024,      0.2003,   7705.9004,-420762.4375,  -1242.9945,    548.7421,  25686.3340,
       1,     168,     114,      10,       1,       3,       1,     10.0000,      1.3965,     42.5423,    247.5400,     62.2962,      3.4953,      0.1280,      0.0949,     20.7715,      0.1856,      5.5595,     11.1191,      1.6403,     28.7402,     57.4803,      0.0191,      0.0016,      0.1628,      0.2003,   7705.9004,-434196.0625,  -1249.2430,    547.8207,  25686.3340,
       1,     168,     114,      11,       1,       3,       1,     10.0000,      1.3965,     42.5423,    247.5400,     62.2962,      3.4953,      0.0615,      0.0290,      7.4868,      0.1650,      5.5595,     11.1191,      1.4583,     28.7402,     57.4803,      0.0191,      0.0014,      0.0674,      0.2003,   7705.9004,-445699.2812,  -1254.5833,    547.0338,  25686.3340,
       1,     168,     114,      12,       1,       3,       1,     10.0000,      1.3965,     42.5423,    247.5400,     62.2962,      3.4953,      0.1277,      0.0958,     14.5473,      0.1505,      5.5595,     11.1191,      1.3297,     28.7402,     57.4803,      0.0191,      0.0011,      0.1633,      0.2002,   7705.9004,-429866.6562,  -1217.1410,    548.1169,  25686.3691,
       1,     168,     114,      13,       1,       3,       1,     10.0000,      1.3965,     42.5423,    247.5400,     62.2962,      3.4953,      0.1487,      0.1163,     15.7425,      0.1627,      5.5595,     11.1191,      1.4380,     28.7402,     57.4803,      0.0191,      0.0010,      0.1936,      0.2003,   7705.9111,-437434.6875,  -1182.3046,    547.5994,  25687.4746,
       1,     168,     114,      14,       1,       3,       1,     10.0000,      1.3965,     42.5423,    247.5400,     62.2962,      3.4953,      0.1587,      0.1261,     22.8707,      0.1695,      5.5595,     11.1191,      1.4982,     28.7402,     57.4803,      0.0191,      0.0014,      0.2074,      0.2003,   7706.2427,-439474.2812,  -1185.8021,    547.4601,  25687.3926,
       1,     168,     114,      15,       1,       3,       1,     10.0000,      1.3965,     42.5423,    247.5400,     62.2962,      3.4953,      0.1752,      0.1422,     42.3877,      0.1816,      5.5595,     11.1191,      1.6048,     28.7402,     57.4803,      0.0191,      0.0023,      0.2293,      0.2003,   7706.2183,-448691.0312,  -1193.2812,    546.8294,  25687.2910,
       1,     168,     114,      16,       1,       3,       1,     10.0000,      1.3965,     42.5423,    247.5400,     62.2962,      3.4953,      0.1563,      0.1234,     29.0197,      0.1787,      5.5595,     11.1191,      1.5795,     28.7402,     57.4803,      0.0191,      0.0018,      0.2031,      0.2002,   7706.1875,-474232.9375,  -1208.4408,    545.0839,  25687.1484,
       1,     168,     114,      17,       1,       3,       1,     10.0000,      1.3965,     42.5423,    247.5400,     62.2962,      3.4953,      0.1674,      0.1343,     12.0427,      0.1831,      5.5595,     11.1191,      1.6176,     28.7402,     57.4803,      0.0191,      0.0007,      0.2214,      0.2002,   7706.1450,-459527.7812,  -1206.8173,    546.0886,  25687.0234,
       1,     168,     114,      18,       1,       3,       1,     10.0000,      1.3965,     42.5423,    247.5400,     62.2962,      3.4953,      0.1557,      0.1227,     19.2495,      0.1822,      5.5595,     11.1191,      1.6096,     28.7402,     57.4803,      0.0191,      0.0012,      0.2035,      0.2002,   7706.1074,-436753.4375,  -1201.2778,    547.6442,  25686.9102,
       1,     168,     114,      19,       1,       3,       1,     10.0000,      1.3965,     42.5423,    247.5400,     62.2962,      3.4953,      0.1213,      0.0883,     19.1856,      0.1829,      5.5595,     11.1191,      1.6160,     28.7402,     57.4803,      0.0191,      0.0015,      0.1531,      0.2003,   7706.0732,-443927.0938,  -1207.0052,    547.1553,  25686.8125,
       1,     168,     114,      20,       1,       3,       1,     10.0000,      1.3965,     42.5423,    247.5400,     62.2962,      3.4953,      0.0137,     -0.0187,      2.4157,      0.1624,      5.5595,     11.1191,      1.4352,     28.7402,     57.4803,      0.0191,      0.0019,      0.0156,      0.2002,   7706.0439,-444478.1562,  -1209.5708,    547.1178,  25686.7305,
       1,     168,     114,      21,       1,       3,       1,     10.0000,      1.3965,     42.5423,    247.5400,     62.2962,      3.4953,      0.0000,     -0.0321,      2.4251,      0.1551,      5.5595,     11.1191,      1.3705,     28.7402,     57.4803,      0.0191,      0.0019,      0.0156,      0.2002,   7706.0195,-423288.6250,  -1202.3250,    548.5670,  25686.6816,
       1,     168,     114,      22,       1,       3,       1,     10.0000,      1.3965,     42.5423,    247.5400,     62.2962,      3.4953,      0.0000,     -0.0321,      3.6141,      0.1549,      5.5595,     11.1191,      1.3691,     28.7402,     57.4803,      0.0191,      0.0029,      0.0156,      0.2003,   7706.0049,-421472.5625,  -1202.3778,    548.6934,  25686.6523,
       1,     168,     114,      23,       1,       3,       1,     10.0000,      1.3965,     42.5423,    247.5400,     62.2962,      3.4953,      0.0000,     -0.0320,      3.7507,      0.1526,      5.5595,     11.1191,      1.3486,     28.7402,     57.4803,      0.0191,      0.0030,      0.0156,      0.2003,   7705.9961,-422822.0312,  -1203.7418,    548.6008,  25686.6191,
       1,     168,     114,      24,       1,       3,       1,     10.0000,      1.3965,     42.5423,    247.5400,     62.2962,      3.4953,      0.0000,     -0.0322,      4.1604,      0.1562,      5.5595,     11.1191,      1.3801,     28.7402,     57.4803,      0.0191,      0.0033,      0.0156,      0.2003,   7705.9858,-423116.2188,  -1204.5535,    548.5807,  25686.5918,
       1,     168,     115,       1,       1,       3,       1,     10.0000,      1.3965,     42.5426,    247.5459,     62.2978,      3.4953,      0.0000,     -0.0322,      2.7021,      0.1587,      5.5607,     11.1213,      1.4025,     28.7378,     57.4756,      0.0191,      0.0021,      0.0156,      0.2003,   7705.9780,-423819.9688,  -1206.4034,    548.5456,  25687.7109,
       1,     168,     115,       2,       1,       3,       1,     10.0000,      1.3965,     42.5426,    247.5459,     62.2978,      3.4953,      0.0000,     -0.0323,      2.3528,      0.1611,      5.5607,     11.1213,      1.4237,     28.7378,     57.4756,      0.0191,      0.0019,      0.0156,      0.2003,   7706.3135,-421884.9375,  -1205.6989,    548.6782,  25687.6816,
       1,     168,     115,       3,       1,       3,       1,     10.0000,      1.3965,     42.5426,    247.5459,     62.2978,      3.4953,      0.0000,     -0.0322,      1.8517,      0.1574,      5.5607,     11.1213,      1.3913,     28.7378,     57.4756,      0.0191,      0.0015,      0.0156,      0.2003,   7706.3047,-421278.2812,  -1206.1290,    548.7199,  25687.6543,
       1,     168,     115,       4,       1,       3,       1,     10.0000,      1.3965,     42.5426,    247.5459,     62.2978,      3.4953,      0.0000,     -0.0321,      1.4899,      0.1549,      5.5607,     11.1213,      1.3691,     28.7378,     57.4756,      0.0191,      0.0012,      0.0156,      0.2003,   7706.2964,-420593.9688,  -1206.3142,    548.7668,  25687.6348,
       1,     168,     115,       5,       1,       3,       1,     10.0000,      1.3965,     42.5426,    247.5459,     62.2978,      3.4953,      0.0000,     -0.0320,      1.2825,      0.1512,      5.5607,     11.1213,      1.3365,     28.7378,     57.4756,      0.0191,      0.0010,      0.0156,      0.2003,   7706.2905,-420078.8750,  -1206.5238,    548.8022,  25687.6172,
       1,     168,     115,       6,       1,       3,       1,     10.0000,      1.3965,     42.5426,    247.5459,     62.2978,      3.4953,      0.0000,     -0.0320,      1.0622,      0.1505,      5.5607,     11.1213,      1.3298,     28.7378,     57.4756,      0.0191,      0.0008,      0.0156,      0.2003,   7706.2856,-419773.4688,  -1206.7247,    548.8231,  25687.6035,
       1,     168,     115,       7,       1,       3,       1,     10.0000,      1.3965,     42.5426,    247.5459,     62.2978,      3.4953,      0.0000,     -0.0318,      1.0723,      0.1462,      5.5607,     11.1213,      1.2915,     28.7378,     57.4756,      0.0191,      0.0008,      0.0156,      0.2003,   7706.2812,-419469.7500,  -1206.7726,    548.8440,  25687.5957,
       1,     168,     115,       8,       1,       3,       1,     10.0000,      1.3965,     42.5426,    247.5459,     62.2978,      3.4953,      0.0039,     -0.0270,      0.7744,      0.1221,      5.5607,     11.1213,      1.0792,     28.7378,     57.4756,      0.0191,      0.0006,      0.0156,      0.2003,   7706.2788,-419456.8750,  -1130.2555,    548.8448,  25688.6738,
       1,     168,     115,       9,       1,       3,       1,     10.0000,      1.3965,     42.5426,    247.5459,     62.2978,      3.4953,      0.0533,      0.0221,      2.7128,      0.1298,      5.5607,     11.1213,      1.1472,     28.7378,     57.4756,      0.0191,      0.0006,      0.0572,      0.2003,   7706.6025,-418950.8125,  -1105.9874,    548.8795,  25688.6777,
       1,     168,     115,      10,       1,       3,       1,     10.0000,      1.3965,     42.5426,    247.5459,     62.2978,      3.4953,      0.0516,      0.0200,      2.1928,      0.1384,      5.5607,     11.1213,      1.2229,     28.7378,     57.4756,      0.0191,      0.0005,      0.0545,      0.2003,   7706.6035,-421361.1250,  -1107.3729,    548.7142,  25688.6523,
       1,     168,     115,      11,       1,       3,       1,     10.0000,      1.3965,     42.5426,    247.5459,     62.2978,      3.4953,      0.0968,      0.0651,      4.3572,      0.1434,      5.5607,     11.1213,      1.2670,     28.7378,     57.4756,      0.0191,      0.0004,      0.1197,      0.2003,   7706.5962,-420915.0312,  -1107.8456,    548.7448,  25688.6367,
       1,     168,     115,      12,       1,       3,       1,     10.0000,      1.3965,     42.5426,    247.5459,     62.2978,      3.4953,      0.1515,      0.1192,     10.4211,      0.1582,      5.5607,     11.1213,      1.3983,     28.7378,     57.4756,      0.0191,      0.0006,      0.1983,      0.2003,   7706.5913,-423619.0625,  -1110.1674,    548.5593,  25688.5879,
       1,     168,     115,      13,       1,       3,       1,     10.0000,      1.3965,     42.5426,    247.5459,     62.2978,      3.4953,      0.1576,      0.1249,      9.2652,      0.1737,      5.5607,     11.1213,      1.5345,     28.7378,     57.4756,      0.0191,      0.0006,      0.2074,      0.2003,   7706.5767,-431539.3125,  -1115.3446,    548.0162,  25688.5000,
       1,     168,     115,      14,       1,       3,       1,     10.0000,      1.3965,     42.5426,    247.5459,     62.2978,      3.4953,      0.1691,      0.1360,      9.8087,      0.1851,      5.5607,     11.1213,      1.6354,     28.7378,     57.4756,      0.0191,      0.0005,      0.2241,      0.2003,   7706.5503,-430774.2500,  -1118.5472,    548.0690,  25688.3730,
       1,     168,     115,      15,       1,       3,       1,     10.0000,      1.3965,     42.5426,    247.5459,     62.2978,      3.4953,      0.1774,      0.1440,     10.9572,      0.1964,      5.5607,     11.1213,      1.7356,     28.7378,     57.4756,      0.0191,      0.0006,      0.2363,      0.2003,   7706.5122,-431410.8125,  -1122.3907,    548.0253,  25688.2285,
       1,     168,     115,      16,       1,       3,       1,     10.0000,      1.3965,     42.5426,    247.5459,     62.2978,      3.4953,      0.1747,      0.1406,     12.5166,      0.2180,      5.5607,     11.1213,      1.9266,     28.7378,     57.4756,      0.0191,      0.0007,      0.2322,      0.2003,   7706.4688,-432937.9688,  -1126.8682,    547.9208,  25688.0586,
       1,     168,     115,      17,       1,       3,       1,     10.0000,      1.3965,     42.5426,    247.5459,     62.2978,      3.4953,      0.1669,      0.1328,     24.1012,      0.2195,      5.5607,     11.1213,      1.9399,     28.7378,     57.4756,      0.0191,      0.0014,      0.2195,      0.2003,   7706.4180,-435065.6875,  -1131.8165,    547.7750,  25687.8555,
       1,     168,     115,      18,       1,       3,       1,     10.0000,      1.3965,     42.5426,    247.5459,     62.2978,      3.4953,      0.1417,      0.1081,     34.9613,      0.2021,      5.5607,     11.1213,      1.7860,     28.7378,     57.4756,      0.0191,      0.0024,      0.1811,      0.2003,   7706.3569,-449948.2500,  -1139.6925,    546.7560,  25687.7148,
       1,     168,     115,      19,       1,       3,       1,     10.0000,      1.3965,     42.5426,    247.5459,     62.2978,      3.4953,      0.0623,      0.0291,     14.8111,      0.1873,      5.5607,     11.1213,      1.6550,     28.7378,     57.4756,      0.0191,      0.0027,      0.0672,      0.2003,   7706.3149,-465017.8125,  -1147.0105,    545.7271,  25687.6289,
       1,     168,     115,      20,       1,       3,       1,     10.0000,      1.3965,     42.5426,    247.5459,     62.2978,      3.4953,      0.0063,     -0.0265,      4.2344,      0.1750,      5.5607,     11.1213,      1.5468,     28.7378,     57.4756,      0.0191,      0.0033,      0.0156,      0.2003,   7706.2891,-440801.6875,  -1140.2936,    547.3799,  25687.6230,
       1,     168,     115,      21,       1,       3,       1,     10.0000,      1.3965,     42.5426,    247.5459,     62.2978,      3.4953,      0.0000,     -0.0324,      6.1200,      0.1644,      5.5607,     11.1213,      1.4525,     28.7378,     57.4756,      0.0191,      0.0048,      0.0156,      0.2003,   7706.2871,-425311.4375,  -1135.9271,    548.4423,  25687.6191,
       1,     168,     115,      22,       1,       3,       1,     10.0000,      1.3965,     42.5426,    247.5459,     62.2978,      3.4953,      0.0000,     -0.0322,      5.7864,      0.1567,      5.5607,     11.1213,      1.3843,     28.7378,     57.4756,      0.0191,      0.0046,      0.0156,      0.2003,   7706.2861,-426355.2188,  -1137.3871,    548.3718,  25687.6191,
       1,     168,     115,      23,       1,       3,       1,     10.0000,      1.3965,     42.5426,    247.5459,     62.2978,      3.4953,      0.0000,     -0.0320,      4.2870,      0.1519,      5.5607,     11.1213,      1.3419,     28.7378,     57.4756,      0.0191,      0.0034,      0.0156,      0.2003,   7706.2861,-426022.1875,  -1138.4358,    548.3946,  25687.6191,
       1,     168,     115,      24,       1,       3,       1,     10.0000,      1.3965,     42.5426,    247.5459,     62.2978,      3.4953,      0.0000,     -0.0320,      3.5757,      0.1506,      5.5607,     11.1213,      1.3311,     28.7378,     57.4756,      0.0191,      0.0028,      0.0156,      0.2003,   7706.2861,-424094.2188,  -1138.5183,    548.5267,  25687.6172,
       1,     168,     116,       1,       1,       3,       1,     10.0000,      1.3965,     42.5429,    247.5518,     62.2992,      3.4953,      0.0000,     -0.0319,      2.6900,      0.1491,      5.5606,     11.1212,      1.3178,     28.7329,     57.4659,      0.0191,      0.0021,      0.0156,      0.2003,   7706.2856,-423183.0000,  -1139.4675,    548.6024,  25688.7812,
       1,     168,     116,       2,       1,       3,       1,     10.0000,      1.3965,     42.5429,    247.5518,     62.2992,      3.4953,      0.0000,     -0.0318,      2.0833,      0.1466,      5.5606,     11.1212,      1.2954,     28.7329,     57.4659,      0.0191,      0.0016,      0.0156,      0.2003,   7706.6348,-421827.7500,  -1139.0508,    548.6953,  25688.7773,
       1,     168,     116,       3,       1,       3,       1,     10.0000,      1.3965,     42.5429,    247.5518,     62.2992,      3.4953,      0.0000,     -0.0318,      1.9429,      0.1456,      5.5606,     11.1212,      1.2863,     28.7329,     57.4659,      0.0191,      0.0015,      0.0156,      0.2003,   7706.6333,-420942.5000,  -1139.1428,    548.7560,  25688.7773,
       1,     168,     116,       4,       1,       3,       1,     10.0000,      1.3965,     42.5429,    247.5518,     62.2992,      3.4953,      0.0000,     -0.0317,      1.6998,      0.1443,      5.5606,     11.1212,      1.2747,     28.7329,     57.4659,      0.0191,      0.0013,      0.0156,      0.2003,   7706.6333,-420687.7500,  -1139.3790,    548.7736,  25688.7754,
       1,     168,     116,       5,       1,       3,       1,     10.0000,      1.3965,     42.5429,    247.5518,     62.2992,      3.4953,      0.0000,     -0.0317,      1.1941,      0.1422,      5.5606,     11.1212,      1.2568,     28.7329,     57.4659,      0.0191,      0.0009,      0.0156,      0.2003,   7706.6328,-420357.8750,  -1139.5656,    548.7961,  25688.7773,
       1,     168,     116,       6,       1,       3,       1,     10.0000,      1.3965,     42.5429,    247.5518,     62.2992,      3.4953,      0.0000,     -0.0316,      0.7566,      0.1411,      5.5606,     11.1212,      1.2467,     28.7329,     57.4659,      0.0191,      0.0006,      0.0156,      0.2003,   7706.6333,-419688.8438,  -1139.5212,    548.8420,  25688.7754,
       1,     168,     116,       7,       1,       3,       1,     10.0000,      1.3965,     42.5429,    247.5518,     62.2992,      3.4953,      0.0000,     -0.0315,      0.6309,      0.1391,      5.5606,     11.1212,      1.2292,     28.7329,     57.4659,      0.0191,      0.0005,      0.0156,      0.2003,   7706.6328,-419077.0000,  -1139.4043,    548.8840,  25688.7754,
       1,     168,     116,       8,       1,       3,       1,     10.0000,      1.3965,     42.5429,    247.5518,     62.2992,      3.4953,      0.0153,     -0.0161,      0.0886,      0.1376,      5.5606,     11.1212,      1.2156,     28.7329,     57.4659,      0.0191,      0.0005,      0.0023,      0.2003,   7706.6328,-418864.5938,  -1139.3960,    548.8986,  25688.7754,
       1,     168,     116,       9,       1,       3,       1,     10.0000,      1.3965,     42.5429,    247.5518,     62.2992,      3.4953,      0.1038,      0.0720,      5.2202,      0.1462,      5.5606,     11.1212,      1.2915,     28.7329,     57.4659,      0.0191,      0.0005,      0.1297,      0.2003,   7706.6328,-418159.5000,  -1139.2694,    548.9470,  25688.7734,
       1,     168,     116,      10,       1,       3,       1,     10.0000,      1.3965,     42.5429,    247.5518,     62.2992,      3.4953,      0.1692,      0.1361,     10.7810,      0.1847,      5.5606,     11.1212,      1.6322,     28.7329,     57.4659,      0.0191,      0.0006,      0.2241,      0.2003,   7706.6323,-424595.9375,  -1142.1693,    548.5053,  25688.7734,
       1,     168,     116,      11,       1,       3,       1,     10.0000,      1.3965,     42.5429,    247.5518,     62.2992,      3.4953,      0.1476,      0.1145,      8.2472,      0.1849,      5.5606,     11.1212,      1.6338,     28.7329,     57.4659,      0.0191,      0.0005,      0.1929,      0.2003,   7706.6323,-432197.0938,  -1146.6085,    547.9843,  25688.7734,
       1,     168,     116,      12,       1,       3,       1,     10.0000,      1.3965,     42.5429,    247.5518,     62.2992,      3.4953,      0.1868,      0.1528,     12.5387,      0.2146,      5.5606,     11.1212,      1.8966,     28.7329,     57.4659,      0.0191,      0.0006,      0.2500,      0.2003,   7706.6323,-429648.7812,  -1147.1921,    548.1591,  25688.7715,
       1,     168,     116,      13,       1,       3,       1,     10.0000,      1.3965,     42.5429,    247.5518,     62.2992,      3.4953,      0.1867,      0.1518,     13.5491,      0.2459,      5.5606,     11.1212,      2.1729,     28.7329,     57.4659,      0.0191,      0.0007,      0.2500,      0.2003,   7706.6318,-434862.4688,  -1151.3163,    547.8019,  25688.7695,
       1,     168,     116,      14,       1,       3,       1,     10.0000,      1.3965,     42.5429,    247.5518,     62.2992,      3.4953,      0.1873,      0.1522,     22.4366,      0.2552,      5.5606,     11.1212,      2.2547,     28.7329,     57.4659,      0.0191,      0.0011,      0.2500,      0.2003,   7706.6313,-436595.1562,  -1154.8951,    547.6834,  25688.7656,
       1,     168,     116,      15,       1,       3,       1,     10.0000,      1.3965,     42.5429,    247.5518,     62.2992,      3.4953,      0.1901,      0.1547,     85.1623,      0.2694,      5.5606,     11.1212,      2.3805,     28.7329,     57.4659,      0.0191,      0.0042,      0.2470,      0.2003,   7706.6299,-448001.7812,  -1160.8995,    546.9024,  25688.7637,
       1,     168,     116,      16,       1,       3,       1,     10.0000,      1.3965,     42.5429,    247.5518,     62.2992,      3.4953,      0.1894,      0.1540,     88.0717,      0.2697,      5.5606,     11.1212,      2.3828,     28.7329,     57.4659,      0.0191,      0.0044,      0.2457,      0.2003,   7706.6294,-528450.0000,  -1192.0809,    541.4033,  25688.7578,
       1,     168,     116,      17,       1,       3,       1,     10.0000,      1.3965,     42.5429,    247.5518,     62.2992,      3.4953,      0.1813,      0.1462,    108.5557,      0.2569,      5.5606,     11.1212,      2.2701,     28.7329,     57.4659,      0.0191,      0.0058,      0.2312,      0.2002,   7706.6274,-539193.8125,  -1198.8416,    540.7038,  25688.7422,
       1,     168,     116,      18,       1,       3,       1,     10.0000,      1.3965,     42.5429,    247.5518,     62.2992,      3.4953,      0.1694,      0.1348,    128.7474,      0.2367,      5.5606,     11.1212,      2.0918,     28.7329,     57.4659,      0.0191,      0.0075,      0.2111,      0.2002,   7706.6230,-566076.0000,  -1211.3140,    538.8874,  25688.7227,
       1,     168,     116,      19,       1,       3,       1,     10.0000,      1.3965,     42.5429,    247.5518,     62.2992,      3.4953,      0.1196,      0.0856,     91.8517,      0.2163,      5.5606,     11.1212,      1.9116,     28.7329,     57.4659,      0.0191,      0.0080,      0.1420,      0.2002,   7706.6172,-594037.8125,  -1224.4509,    537.0069,  25688.6992,
       1,     168,     116,      20,       1,       3,       1,     10.0000,      1.3965,     42.5429,    247.5518,     62.2992,      3.4953,      0.0130,     -0.0203,     10.1454,      0.1922,      5.5606,     11.1212,      1.6982,     28.7329,     57.4659,      0.0191,      0.0080,      0.0156,      0.2001,   7706.6099,-549618.2500,  -1210.8315,    539.9918,  25688.6719,
       1,     168,     116,      21,       1,       3,       1,     10.0000,      1.3965,     42.5429,    247.5518,     62.2992,      3.4953,      0.0000,     -0.0330,      9.8768,      0.1814,      5.5606,     11.1212,      1.6033,     28.7329,     57.4659,      0.0191,      0.0078,      0.0156,      0.2002,   7706.6021,-442139.2812,  -1172.8147,    547.2549,  25688.6504,
       1,     168,     116,      22,       1,       3,       1,     10.0000,      1.3965,     42.5429,    247.5518,     62.2992,      3.4953,      0.0000,     -0.0328,      8.9846,      0.1768,      5.5606,     11.1212,      1.5624,     28.7329,     57.4659,      0.0191,      0.0071,      0.0156,      0.2003,   7706.5952,-432650.9688,  -1169.8864,    547.9529,  25688.6465,
       1,     168,     116,      23,       1,       3,       1,     10.0000,      1.3965,     42.5429,    247.5518,     62.2992,      3.4953,      0.0000,     -0.0327,      7.1873,      0.1714,      5.5606,     11.1212,      1.5148,     28.7329,     57.4659,      0.0191,      0.0057,      0.0156,      0.2003,   7706.5942,-430637.4062,  -1169.5304,    548.0914,  25688.6465,
       1,     168,     116,      24,       1,       3,       1,     10.0000,      1.3965,     42.5429,    247.5518,     62.2992,      3.4953,      0.0000,     -0.0323,      5.5367,      0.1616,      5.5606,     11.1212,      1.4281,     28.7329,     57.4659,      0.0191,      0.0044,      0.0156,      0.2003,   7706.5942,-428185.9688,  -1168.8931,    548.2593,  25688.6465,
       1,     168,     117,       1,       1,       3,       1,     10.0000,      1.3966,     42.5433,    247.5576,     62.3007,      3.4953,      0.0000,     -0.0323,      3.9325,      0.1603,      5.5601,     11.1203,      1.4167,     28.7388,     57.4777,      0.0192,      0.0031,      0.0156,      0.2003,   7706.5942,-426038.7812,  -1168.8037,    548.4195,  25689.8066,
       1,     168,     117,       2,       1,       3,       1,     10.0000,      1.3966,     42.5433,    247.5576,     62.3007,      3.4953,      0.0000,     -0.0322,      2.8550,      0.1568,      5.5601,     11.1203,      1.3858,     28.7388,     57.4777,      0.0192,      0.0023,      0.0156,      0.2003,   7706.9424,-423667.3125,  -1167.5100,    548.5820,  25689.8066,
       1,     168,     117,       3,       1,       3,       1,     10.0000,      1.3966,     42.5433,    247.5576,     62.3007,      3.4953,      0.0000,     -0.0321,      2.4768,      0.1539,      5.5601,     11.1203,      1.3596,     28.7388,     57.4777,      0.0192,      0.0020,      0.0156,      0.2003,   7706.9424,-422097.2812,  -1167.0248,    548.6898,  25689.8066,
       1,     168,     117,       4,       1,       3,       1,     10.0000,      1.3966,     42.5433,    247.5576,     62.3007,      3.4953,      0.0000,     -0.0321,      1.9420,      0.1556,      5.5601,     11.1203,      1.3747,     28.7388,     57.4777,      0.0192,      0.0015,      0.0156,      0.2003,   7706.9424,-421482.1250,  -1166.8655,    548.7319,  25689.8066,
       1,     168,     117,       5,       1,       3,       1,     10.0000,      1.3966,     42.5433,    247.5576,     62.3007,      3.4953,      0.0000,     -0.0322,      1.3007,      0.1571,      5.5601,     11.1203,      1.3886,     28.7388,     57.4777,      0.0192,      0.0010,      0.0156,      0.2003,   7706.9424,-420751.5312,  -1166.6467,    548.7821,  25689.8066,
       1,     168,     117,       6,       1,       3,       1,     10.0000,      1.3966,     42.5433,    247.5576,     62.3007,      3.4953,      0.0000,     -0.0321,      1.1616,      0.1543,      5.5601,     11.1203,      1.3637,     28.7388,     57.4777,      0.0192,      0.0009,      0.0156,      0.2003,   7706.9424,-419876.1562,  -1166.3623,    548.8422,  25689.8066,
       1,     168,     117,       7,       1,       3,       1,     10.0000,      1.3966,     42.5433,    247.5576,     62.3007,      3.4953,      0.0000,     -0.0321,      0.9917,      0.1554,      5.5601,     11.1203,      1.3733,     28.7388,     57.4777,      0.0192,      0.0008,      0.0156,      0.2003,   7706.9424,-419624.0312,  -1166.2972,    548.8594,  25689.8066,
       1,     168,     117,       8,       1,       3,       1,     10.0000,      1.3966,     42.5433,    247.5576,     62.3007,      3.4953,      0.0129,     -0.0192,      1.0316,      0.1553,      5.5601,     11.1203,      1.3719,     28.7388,     57.4777,      0.0192,      0.0008,      0.0156,      0.2003,   7706.9424,-419387.0312,  -1166.2332,    548.8757,  25689.8066,
       1,     168,     117,       9,       1,       3,       1,     10.0000,      1.3966,     42.5433,    247.5576,     62.3007,      3.4953,      0.1278,      0.0953,      8.2621,      0.1665,      5.5601,     11.1203,      1.4716,     28.7388,     57.4777,      0.0192,      0.0006,      0.1640,      0.2003,   7706.9424,-419417.0000,  -1166.2788,    548.8737,  25689.8066,
       1,     168,     117,      10,       1,       3,       1,     10.0000,      1.3966,     42.5433,    247.5576,     62.3007,      3.4953,      0.1641,      0.1306,      8.9858,      0.1966,      5.5601,     11.1203,      1.7374,     28.7388,     57.4777,      0.0192,      0.0005,      0.2169,      0.2003,   7706.9424,-428573.6562,  -1169.8547,    548.2454,  25689.8066,
       1,     168,     117,      11,       1,       3,       1,     10.0000,      1.3966,     42.5433,    247.5576,     62.3007,      3.4953,      0.1598,      0.1258,      8.5825,      0.2127,      5.5601,     11.1203,      1.8799,     28.7388,     57.4777,      0.0192,      0.0005,      0.2107,      0.2003,   7706.9424,-430286.2500,  -1170.7994,    548.1284,  25689.8066,
       1,     168,     117,      12,       1,       3,       1,     10.0000,      1.3966,     42.5433,    247.5576,     62.3007,      3.4953,      0.1714,      0.1380,      7.4309,      0.1933,      5.5601,     11.1203,      1.7084,     28.7388,     57.4777,      0.0192,      0.0004,      0.2278,      0.2003,   7706.9424,-429923.9688,  -1170.9169,    548.1533,  25689.8047,
       1,     168,     117,      13,       1,       3,       1,     10.0000,      1.3966,     42.5433,    247.5576,     62.3007,      3.4953,      0.1865,      0.1523,      9.2102,      0.2219,      5.5601,     11.1203,      1.9610,     28.7388,     57.4777,      0.0192,      0.0005,      0.2500,      0.2003,   7706.9419,-428434.3750,  -1169.2122,    548.2554,  25689.8047,
       1,     168,     117,      14,       1,       3,       1,     10.0000,      1.3966,     42.5433,    247.5576,     62.3007,      3.4953,      0.1861,      0.1517,     14.8974,      0.2310,      5.5601,     11.1203,      2.0414,     28.7388,     57.4777,      0.0192,      0.0007,      0.2489,      0.2003,   7706.9419,-430558.0000,  -1170.5461,    548.1097,  25689.8047,
       1,     168,     117,      15,       1,       3,       1,     10.0000,      1.3966,     42.5433,    247.5576,     62.3007,      3.4953,      0.1817,      0.1472,     62.6339,      0.2347,      5.5601,     11.1203,      2.0735,     28.7388,     57.4777,      0.0192,      0.0033,      0.2369,      0.2003,   7706.9419,-437943.9375,  -1173.8070,    547.6038,  25689.8047,
       1,     168,     117,      16,       1,       3,       1,     10.0000,      1.3966,     42.5433,    247.5576,     62.3007,      3.4953,      0.1786,      0.1444,     73.6087,      0.2198,      5.5601,     11.1203,      1.9419,     28.7388,     57.4777,      0.0192,      0.0039,      0.2309,      0.2003,   7706.9419,-499038.3438,  -1196.5035,    543.4221,  25689.8047,
       1,     168,     117,      17,       1,       3,       1,     10.0000,      1.3966,     42.5433,    247.5576,     62.3007,      3.4953,      0.1726,      0.1385,     48.1050,      0.2191,      5.5601,     11.1203,      1.9362,     28.7388,     57.4777,      0.0192,      0.0026,      0.2250,      0.2003,   7706.9419,-518292.7812,  -1205.1112,    542.1301,  25689.8047,
       1,     168,     117,      18,       1,       3,       1,     10.0000,      1.3966,     42.5433,    247.5576,     62.3007,      3.4953,      0.1304,      0.0972,     52.0159,      0.1886,      5.5601,     11.1203,      1.6666,     28.7388,     57.4777,      0.0192,      0.0039,      0.1626,      0.2003,   7706.9419,-487605.4375,  -1194.9640,    544.2111,  25689.8047,
       1,     168,     117,      19,       1,       3,       1,     10.0000,      1.3966,     42.5433,    247.5576,     62.3007,      3.4953,      0.0924,      0.0593,     43.1518,      0.1838,      5.5601,     11.1203,      1.6242,     28.7388,     57.4777,      0.0192,      0.0049,      0.1080,      0.2003,   7706.9419,-489918.4688,  -1196.8357,    544.0579,  25689.8027,
       1,     168,     117,      20,       1,       3,       1,     10.0000,      1.3966,     42.5433,    247.5576,     62.3007,      3.4953,      0.0056,     -0.0272,      6.1593,      0.1745,      5.5601,     11.1203,      1.5423,     28.7388,     57.4777,      0.0192,      0.0049,      0.0156,      0.2003,   7706.9409,-478879.5312,  -1193.6249,    544.8085,  25689.8027,
       1,     168,     117,      21,       1,       3,       1,     10.0000,      1.3966,     42.5433,    247.5576,     62.3007,      3.4953,      0.0000,     -0.0327,      5.8755,      0.1709,      5.5601,     11.1203,      1.5103,     28.7388,     57.4777,      0.0192,      0.0046,      0.0156,      0.2003,   7706.9409,-431050.0312,  -1176.1578,    548.0663,  25689.8027,
       1,     168,     117,      22,       1,       3,       1,     10.0000,      1.3966,     42.5433,    247.5576,     62.3007,      3.4953,      0.0000,     -0.0324,      5.7568,      0.1646,      5.5601,     11.1203,      1.4541,     28.7388,     57.4777,      0.0192,      0.0045,      0.0156,      0.2003,   7706.9409,-426575.1875,  -1174.6677,    548.3826,  25689.8027,
       1,     168,     117,      23,       1,       3,       1,     10.0000,      1.3966,     42.5433,    247.5576,     62.3007,      3.4953,      0.0000,     -0.0322,      3.0014,      0.1587,      5.5601,     11.1203,      1.4026,     28.7388,     57.4777,      0.0192,      0.0024,      0.0156,      0.2003,   7706.9409,-426024.2812,  -1174.5955,    548.4205,  25689.8027,
       1,     168,     117,      24,       1,       3,       1,     10.0000,      1.3966,     42.5433,    247.5576,     62.3007,      3.4953,      0.0000,     -0.0323,      2.9153,      0.1616,      5.5601,     11.1203,      1.4281,     28.7388,     57.4777,      0.0192,      0.0023,      0.0156,      0.2003,   7706.9409,-422487.5938,  -1173.3545,    548.6630,  25689.8027,
       1,     168,     118,       1,       1,       3,       1,     10.0000,      1.3966,     42.5436,    247.5636,     62.3022,      3.4953,      0.0000,     -0.0323,      1.6353,      0.1592,      5.5604,     11.1207,      1.4068,     28.7426,     57.4851,      0.0192,      0.0013,      0.0156,      0.2004,   7706.9409,-422227.8438,  -1173.8806,    548.6938,  25690.9609,
       1,     168,     118,       2,       1,       3,       1,     10.0000,      1.3966,     42.5436,    247.5636,     62.3022,      3.4953,      0.0000,     -0.0320,      1.6693,      0.1529,      5.5604,     11.1207,      1.3514,     28.7426,     57.4851,      0.0192,      0.0013,      0.0156,      0.2004,   7707.2886,-420431.1875,  -1172.7062,    548.8171,  25690.9609,
       1,     168,     118,       3,       1,       3,       1,     10.0000,      1.3966,     42.5436,    247.5636,     62.3022,      3.4953,      0.0000,     -0.0319,      1.5511,      0.1500,      5.5604,     11.1207,      1.3259,     28.7426,     57.4851,      0.0192,      0.0012,      0.0156,      0.2004,   7707.2886,-420318.0938,  -1172.6951,    548.8248,  25690.9609,
       1,     168,     118,       4,       1,       3,       1,     10.0000,      1.3966,     42.5436,    247.5636,     62.3022,      3.4953,      0.0000,     -0.0319,      1.3283,      0.1493,      5.5604,     11.1207,      1.3192,     28.7426,     57.4851,      0.0192,      0.0010,      0.0156,      0.2004,   7707.2886,-420158.6875,  -1172.6683,    548.8358,  25690.9609,
       1,     168,     118,       5,       1,       3,       1,     10.0000,      1.3966,     42.5436,    247.5636,     62.3022,      3.4953,      0.0000,     -0.0318,      0.8539,      0.1459,      5.5604,     11.1207,      1.2890,     28.7426,     57.4851,      0.0192,      0.0007,      0.0156,      0.2004,   7707.2886,-419862.9062,  -1172.5867,    548.8560,  25690.9609,
       1,     168,     118,       6,       1,       3,       1,     10.0000,      1.3966,     42.5436,    247.5636,     62.3022,      3.4953,      0.0000,     -0.0316,      0.6883,      0.1407,      5.5604,     11.1207,      1.2430,     28.7426,     57.4851,      0.0192,      0.0005,      0.0156,      0.2004,   7707.2886,-419236.6250,  -1172.3710,    548.8990,  25690.9609,
       1,     168,     118,       7,       1,       3,       1,     10.0000,      1.3966,     42.5436,    247.5636,     62.3022,      3.4953,      0.0000,     -0.0316,      0.5486,      0.1402,      5.5604,     11.1207,      1.2392,     28.7426,     57.4851,      0.0192,      0.0004,      0.0156,      0.2004,   7707.2886,-418972.5625,  -1172.2848,    548.9172,  25690.9609,
       1,     168,     118,       8,       1,       3,       1,     10.0000,      1.3966,     42.5436,    247.5636,     62.3022,      3.4953,      0.0116,     -0.0201,      0.4554,      0.1414,      5.5604,     11.1207,      1.2493,     28.7426,     57.4851,      0.0192,      0.0004,      0.0156,      0.2004,   7707.2886,-418772.8438,  -1172.2205,    548.9309,  25690.9609,
       1,     168,     118,       9,       1,       3,       1,     10.0000,      1.3966,     42.5436,    247.5636,     62.3022,      3.4953,      0.1156,      0.0835,      3.8690,      0.1525,      5.5604,     11.1207,      1.3474,     28.7426,     57.4851,      0.0192,      0.0003,      0.1468,      0.2004,   7707.2886,-418637.3438,  -1172.1807,    548.9401,  25690.9609,
       1,     168,     118,      10,       1,       3,       1,     10.0000,      1.3966,     42.5436,    247.5636,     62.3022,      3.4953,      0.1579,      0.1251,      5.9792,      0.1747,      5.5604,     11.1207,      1.5439,     28.7426,     57.4851,      0.0192,      0.0004,      0.2081,      0.2004,   7707.2886,-422946.9375,  -1173.8755,    548.6445,  25690.9609,
       1,     168,     118,      11,       1,       3,       1,     10.0000,      1.3966,     42.5436,    247.5636,     62.3022,      3.4953,      0.1804,      0.1468,      8.4368,      0.2005,      5.5604,     11.1207,      1.7721,     28.7426,     57.4851,      0.0192,      0.0004,      0.2410,      0.2004,   7707.2886,-425992.7812,  -1175.1466,    548.4357,  25690.9609,
       1,     168,     118,      12,       1,       3,       1,     10.0000,      1.3966,     42.5436,    247.5636,     62.3022,      3.4953,      0.1865,      0.1522,     10.6624,      0.2294,      5.5604,     11.1207,      2.0275,     28.7426,     57.4851,      0.0192,      0.0005,      0.2500,      0.2004,   7707.2886,-429368.6250,  -1176.5868,    548.2043,  25690.9609,
       1,     168,     118,      13,       1,       3,       1,     10.0000,      1.3966,     42.5436,    247.5636,     62.3022,      3.4953,      0.1865,      0.1515,     11.2822,      0.2517,      5.5604,     11.1207,      2.2243,     28.7426,     57.4851,      0.0192,      0.0006,      0.2500,      0.2004,   7707.2886,-432479.5312,  -1177.9475,    547.9911,  25690.9609,
       1,     168,     118,      14,       1,       3,       1,     10.0000,      1.3966,     42.5436,    247.5636,     62.3022,      3.4953,      0.1871,      0.1513,     21.6803,      0.2855,      5.5604,     11.1207,      2.5226,     28.7426,     57.4851,      0.0192,      0.0011,      0.2500,      0.2004,   7707.2886,-433534.3750,  -1178.4841,    547.9189,  25690.9609,
       1,     168,     118,      15,       1,       3,       1,     10.0000,      1.3966,     42.5436,    247.5636,     62.3022,      3.4953,      0.0928,      0.0582,     23.8542,      0.2386,      5.5604,     11.1207,      2.1083,     28.7426,     57.4851,      0.0192,      0.0027,      0.1100,      0.2004,   7707.2886,-446791.4062,  -1183.6855,    547.0109,  25690.9609,
       1,     168,     118,      16,       1,       3,       1,     10.0000,      1.3966,     42.5436,    247.5636,     62.3022,      3.4953,      0.0203,     -0.0115,      2.2617,      0.1457,      5.5604,     11.1207,      1.2877,     28.7426,     57.4851,      0.0192,      0.0032,      0.0088,      0.2004,   7707.2886,-450696.9688,  -1181.9514,    546.7447,  25690.9609,
       1,     168,     118,      17,       1,       3,       1,     10.0000,      1.3966,     42.5436,    247.5636,     62.3022,      3.4953,      0.1312,      0.0997,     61.3031,      0.1376,      5.5604,     11.1207,      1.2156,     28.7426,     57.4851,      0.0192,      0.0046,      0.1630,      0.2003,   7707.2886,-423688.2812,   -916.1569,    548.5905,  25692.1621,
       1,     168,     118,      18,       1,       3,       1,     10.0000,      1.3966,     42.5436,    247.5636,     62.3022,      3.4953,      0.1267,      0.0946,     78.9795,      0.1523,      5.5604,     11.1207,      1.3460,     28.7426,     57.4851,      0.0192,      0.0063,      0.1544,      0.2004,   7707.6489,-495957.0938,   -929.7641,    543.6380,  25692.1641,
       1,     168,     118,      19,       1,       3,       1,     10.0000,      1.3966,     42.5436,    247.5636,     62.3022,      3.4953,      0.0344,      0.0023,     17.0717,      0.1522,      5.5604,     11.1207,      1.3447,     28.7426,     57.4851,      0.0192,      0.0077,      0.0273,      0.2003,   7707.6494,-524688.6250,   -936.7569,    541.7078,  25692.1621,
       1,     168,     118,      20,       1,       3,       1,     10.0000,      1.3966,     42.5436,    247.5636,     62.3022,      3.4953,      0.0057,     -0.0262,      6.9813,      0.1493,      5.5604,     11.1207,      1.3192,     28.7426,     57.4851,      0.0192,      0.0055,      0.0156,      0.2003,   7707.6489,-448661.5312,   -921.4784,    546.8593,  25692.1621,
       1,     168,     118,      21,       1,       3,       1,     10.0000,      1.3966,     42.5436,    247.5636,     62.3022,      3.4953,      0.0000,     -0.0318,      1.1578,      0.1465,      5.5604,     11.1207,      1.2942,     28.7426,     57.4851,      0.0192,      0.0009,      0.0156,      0.2003,   7707.6489,-429378.3750,   -918.7076,    548.2020,  25692.1602,
       1,     168,     118,      22,       1,       3,       1,     10.0000,      1.3966,     42.5436,    247.5636,     62.3022,      3.4953,      0.0000,     -0.0318,      0.3885,      0.1466,      5.5604,     11.1207,      1.2955,     28.7426,     57.4851,      0.0192,      0.0003,      0.0156,      0.2004,   7707.6484,-420306.8125,   -917.1659,    548.8253,  25692.1602,
       1,     168,     118,      23,       1,       3,       1,     10.0000,      1.3966,     42.5436,    247.5636,     62.3022,      3.4953,      0.0000,     -0.0318,      0.8832,      0.1471,      5.5604,     11.1207,      1.2994,     28.7426,     57.4851,      0.0192,      0.0007,      0.0156,      0.2004,   7707.6484,-418544.3438,   -916.8561,    548.9466,  25692.1602,
       1,     168,     118,      24,       1,       3,       1,     10.0000,      1.3966,     42.5436,    247.5636,     62.3022,      3.4953,      0.0000,     -0.0318,      0.8877,      0.1469,      5.5604,     11.1207,      1.2981,     28.7426,     57.4851,      0.0192,      0.0007,      0.0156,      0.2004,   7707.6484,-419016.9375,   -917.0063,    548.9141,  25692.1602,
       1,     168,     119,       1,       1,       3,       1,     10.0000,      1.3966,     42.5439,    247.5694,     62.3037,      3.4953,      0.0000,     -0.0318,      0.5754,      0.1454,      5.5612,     11.1224,      1.2851,     28.7384,     57.4767,      0.0192,      0.0005,      0.0156,      0.2004,   7707.6484,-419220.5312,   -917.3666,    548.9132,  25693.3203,
       1,     168,     119,       2,       1,       3,       1,     10.0000,      1.3966,     42.5439,    247.5694,     62.3037,      3.4953,      0.0000,     -0.0318,      0.4894,      0.1454,      5.5612,     11.1224,      1.2851,     28.7384,     57.4767,      0.0192,      0.0004,      0.0156,      0.2004,   7707.9966,-418688.9688,   -917.0366,    548.9496,  25693.3203,
       1,     168,     119,       3,       1,       3,       1,     10.0000,      1.3966,     42.5439,    247.5694,     62.3037,      3.4953,      0.0000,     -0.0316,      0.7836,      0.1414,      5.5612,     11.1224,      1.2493,     28.7384,     57.4767,      0.0192,      0.0006,      0.0156,      0.2004,   7707.9966,-418534.0312,   -917.0225,    548.9603,  25693.3203,
       1,     168,     119,       4,       1,       3,       1,     10.0000,      1.3966,     42.5439,    247.5694,     62.3037,      3.4953,      0.0000,     -0.0316,      0.7002,      0.1417,      5.5612,     11.1224,      1.2518,     28.7384,     57.4767,      0.0192,      0.0006,      0.0156,      0.2004,   7707.9966,-418892.9062,   -917.1169,    548.9356,  25693.3203,
       1,     168,     119,       5,       1,       3,       1,     10.0000,      1.3966,     42.5439,    247.5694,     62.3037,      3.4953,      0.0000,     -0.0316,      0.4844,      0.1401,      5.5612,     11.1224,      1.2380,     28.7384,     57.4767,      0.0192,      0.0004,      0.0156,      0.2004,   7707.9966,-418818.5938,   -917.1403,    548.9407,  25693.3203,
       1,     168,     119,       6,       1,       3,       1,     10.0000,      1.3966,     42.5439,    247.5694,     62.3037,      3.4953,      0.0000,     -0.0315,      0.4390,      0.1387,      5.5612,     11.1224,      1.2255,     28.7384,     57.4767,      0.0192,      0.0003,      0.0156,      0.2004,   7707.9966,-418538.9062,   -917.1062,    548.9599,  25693.3203,
       1,     168,     119,       7,       1,       3,       1,     10.0000,      1.3966,     42.5439,    247.5694,     62.3037,      3.4953,      0.0000,     -0.0315,      0.3659,      0.1388,      5.5612,     11.1224,      1.2268,     28.7384,     57.4767,      0.0192,      0.0003,      0.0156,      0.2004,   7707.9966,-418457.3125,   -917.1047,    548.9656,  25693.3203,
       1,     168,     119,       8,       1,       3,       1,     10.0000,      1.3966,     42.5439,    247.5694,     62.3037,      3.4953,      0.0177,     -0.0138,      0.1211,      0.1387,      5.5612,     11.1224,      1.2255,     28.7384,     57.4767,      0.0192,      0.0003,      0.0056,      0.2004,   7707.9966,-418357.5625,   -917.0920,    548.9724,  25693.3203,
       1,     168,     119,       9,       1,       3,       1,     10.0000,      1.3966,     42.5439,    247.5694,     62.3037,      3.4953,      0.1076,      0.0757,      3.1314,      0.1479,      5.5612,     11.1224,      1.3073,     28.7384,     57.4767,      0.0192,      0.0003,      0.1354,      0.2004,   7707.9966,-418038.9688,   -917.0905,    548.9942,  25693.3203,
       1,     168,     119,      10,       1,       3,       1,     10.0000,      1.3966,     42.5439,    247.5694,     62.3037,      3.4953,      0.1657,      0.1330,      5.9900,      0.1709,      5.5612,     11.1224,      1.5104,     28.7384,     57.4767,      0.0192,      0.0003,      0.2195,      0.2004,   7707.9966,-421821.6875,   -918.0983,    548.7347,  25693.3203,
       1,     168,     119,      11,       1,       3,       1,     10.0000,      1.3966,     42.5439,    247.5694,     62.3037,      3.4953,      0.1865,      0.1527,      8.5777,      0.2086,      5.5612,     11.1224,      1.8434,     28.7384,     57.4767,      0.0192,      0.0004,      0.2500,      0.2004,   7707.9966,-425768.5312,   -919.6898,    548.4639,  25693.3203,
       1,     168,     119,      12,       1,       3,       1,     10.0000,      1.3966,     42.5439,    247.5694,     62.3037,      3.4953,      0.1864,      0.1518,      9.9550,      0.2374,      5.5612,     11.1224,      2.0981,     28.7384,     57.4767,      0.0192,      0.0005,      0.2500,      0.2004,   7707.9966,-429387.1250,   -921.8288,    548.2160,  25693.3203,
       1,     168,     119,      13,       1,       3,       1,     10.0000,      1.3966,     42.5439,    247.5694,     62.3037,      3.4953,      0.1864,      0.1509,     11.5538,      0.2702,      5.5612,     11.1224,      2.3876,     28.7384,     57.4767,      0.0192,      0.0006,      0.2500,      0.2004,   7707.9966,-431444.7812,   -923.9066,    548.0750,  25693.3184,
       1,     168,     119,      14,       1,       3,       1,     10.0000,      1.3966,     42.5439,    247.5694,     62.3037,      3.4953,      0.1865,      0.1510,     13.5003,      0.2718,      5.5612,     11.1224,      2.4015,     28.7384,     57.4767,      0.0192,      0.0007,      0.2500,      0.2004,   7707.9956,-433647.6250,   -926.2201,    547.9242,  25693.3203,
       1,     168,     119,      15,       1,       3,       1,     10.0000,      1.3966,     42.5439,    247.5694,     62.3037,      3.4953,      0.1860,      0.1502,     43.1884,      0.2855,      5.5612,     11.1224,      2.5227,     28.7384,     57.4767,      0.0192,      0.0022,      0.2460,      0.2004,   7707.9966,-436302.7812,   -928.1196,    547.7423,  25693.3203,
       1,     168,     119,      16,       1,       3,       1,     10.0000,      1.3966,     42.5439,    247.5694,     62.3037,      3.4953,      0.0946,      0.0609,     34.9659,      0.2037,      5.5612,     11.1224,      1.8003,     28.7384,     57.4767,      0.0192,      0.0038,      0.1119,      0.2004,   7707.9966,-474119.8750,   -936.2796,    545.1531,  25693.3203,
       1,     168,     119,      17,       1,       3,       1,     10.0000,      1.3966,     42.5439,    247.5694,     62.3037,      3.4953,      0.0168,     -0.0147,      1.5765,      0.1385,      5.5612,     11.1224,      1.2243,     28.7384,     57.4767,      0.0192,      0.0046,      0.0042,      0.2004,   7707.9966,-467000.4375,   -923.2572,    545.6443,  25693.3223,
       1,     168,     119,      18,       1,       3,       1,     10.0000,      1.3966,     42.5439,    247.5694,     62.3037,      3.4953,      0.0278,     -0.0038,      9.2120,      0.1425,      5.5612,     11.1224,      1.2594,     28.7384,     57.4767,      0.0192,      0.0059,      0.0191,      0.2004,   7707.9971,-424084.7500,   -915.4178,    548.5717,  25693.3223,
       1,     168,     119,      19,       1,       3,       1,     10.0000,      1.3966,     42.5439,    247.5694,     62.3037,      3.4953,      0.0261,     -0.0057,      8.5444,      0.1456,      5.5612,     11.1224,      1.2864,     28.7384,     57.4767,      0.0192,      0.0064,      0.0165,      0.2004,   7707.9971,-430053.3125,   -916.8453,    548.1702,  25693.3223,
       1,     168,     119,      20,       1,       3,       1,     10.0000,      1.3966,     42.5439,    247.5694,     62.3037,      3.4953,      0.0070,     -0.0249,      9.0489,      0.1476,      5.5612,     11.1224,      1.3047,     28.7384,     57.4767,      0.0192,      0.0071,      0.0156,      0.2004,   7707.9971,-429716.9062,   -917.8400,    548.1935,  25693.3223,
       1,     168,     119,      21,       1,       3,       1,     10.0000,      1.3966,     42.5439,    247.5694,     62.3037,      3.4953,      0.0000,     -0.0318,      4.7218,      0.1457,      5.5612,     11.1224,      1.2877,     28.7384,     57.4767,      0.0192,      0.0037,      0.0156,      0.2004,   7707.9971,-430326.0938,   -918.7576,    548.1517,  25693.3223,
       1,     168,     119,      22,       1,       3,       1,     10.0000,      1.3966,     42.5439,    247.5694,     62.3037,      3.4953,      0.0000,     -0.0318,      0.7063,      0.1462,      5.5612,     11.1224,      1.2916,     28.7384,     57.4767,      0.0192,      0.0006,      0.0156,      0.2004,   7707.9971,-424901.3438,   -918.1454,    548.5234,  25693.3223,
       1,     168,     119,      23,       1,       3,       1,     10.0000,      1.3966,     42.5439,    247.5694,     62.3037,      3.4953,      0.0000,     -0.0318,      0.6073,      0.1456,      5.5612,     11.1224,      1.2864,     28.7384,     57.4767,      0.0192,      0.0005,      0.0156,      0.2004,   7707.9971,-419347.6875,   -917.1891,    548.9043,  25693.3223,
       1,     168,     119,      24,       1,       3,       1,     10.0000,      1.3966,     42.5439,    247.5694,     62.3037,      3.4953,      0.0000,     -0.0317,      0.4449,      0.1446,      5.5612,     11.1224,      1.2774,     28.7384,     57.4767,      0.0192,      0.0004,      0.0156,      0.2004,   7707.9971,-418740.4375,   -917.1088,    548.9461,  25693.3223,
       1,     168,     120,       1,       1,       3,       1,     10.0000,      1.3966,     42.5443,    247.5753,     62.3051,      3.4953,      0.0000,     -0.0317,      0.4235,      0.1427,      5.5612,     11.1223,      1.2607,     28.7330,     57.4660,      0.0192,      0.0003,      0.0156,      0.2004,   7707.9971,-418639.0938,   -917.3680,    548.9662,  25694.4844,
       1,     168,     120,       2,       1,       3,       1,     10.0000,      1.3966,     42.5443,    247.5753,     62.3051,      3.4953,      0.0000,     -0.0316,      0.5410,      0.1417,      5.5612,     11.1223,      1.2519,     28.7330,     57.4660,      0.0192,      0.0004,      0.0156,      0.2004,   7708.3457,-418449.0000,   -917.0818,    548.9792,  25694.4844,
       1,     168,     120,       3,       1,       3,       1,     10.0000,      1.3966,     42.5443,    247.5753,     62.3051,      3.4953,      0.0000,     -0.0316,      0.5774,      0.1411,      5.5612,     11.1223,      1.2468,     28.7330,     57.4660,      0.0192,      0.0005,      0.0156,      0.2004,   7708.3457,-418581.3438,   -917.1251,    548.9702,  25694.4844,
       1,     168,     120,       4,       1,       3,       1,     10.0000,      1.3966,     42.5443,    247.5753,     62.3051,      3.4953,      0.0000,     -0.0316,      0.4621,      0.1395,      5.5612,     11.1223,      1.2330,     28.7330,     57.4660,      0.0192,      0.0004,      0.0156,      0.2004,   7708.3457,-418638.7812,   -917.1572,    548.9662,  25694.4844,
       1,     168,     120,       5,       1,       3,       1,     10.0000,      1.3966,     42.5443,    247.5753,     62.3051,      3.4953,      0.0000,     -0.0315,      0.3757,      0.1387,      5.5612,     11.1223,      1.2256,     28.7330,     57.4660,      0.0192,      0.0003,      0.0156,      0.2004,   7708.3457,-418497.9062,   -917.1438,    548.9759,  25694.4844,
       1,     168,     120,       6,       1,       3,       1,     10.0000,      1.3966,     42.5443,    247.5753,     62.3051,      3.4953,      0.0000,     -0.0315,      0.3471,      0.1376,      5.5612,     11.1223,      1.2157,     28.7330,     57.4660,      0.0192,      0.0003,      0.0156,      0.2004,   7708.3457,-418376.2500,   -917.1273,    548.9842,  25694.4844,
       1,     168,     120,       7,       1,       3,       1,     10.0000,      1.3966,     42.5443,    247.5753,     62.3051,      3.4953,      0.0000,     -0.0314,      0.3293,      0.1366,      5.5612,     11.1223,      1.2071,     28.7330,     57.4660,      0.0192,      0.0003,      0.0156,      0.2004,   7708.3457,-418329.5938,   -917.1223,    548.9874,  25694.4844,
       1,     168,     120,       8,       1,       3,       1,     10.0000,      1.3966,     42.5443,    247.5753,     62.3051,      3.4953,      0.0172,     -0.0142,      0.1074,      0.1356,      5.5612,     11.1223,      1.1986,     28.7330,     57.4660,      0.0192,      0.0003,      0.0051,      0.2004,   7708.3457,-418303.0312,   -917.1191,    548.9892,  25694.4844,
       1,     168,     120,       9,       1,       3,       1,     10.0000,      1.3966,     42.5443,    247.5753,     62.3051,      3.4953,      0.1032,      0.0714,      2.9440,      0.1462,      5.5612,     11.1223,      1.2916,     28.7330,     57.4660,      0.0192,      0.0003,      0.1291,      0.2004,   7708.3457,-418019.8750,   -917.1248,    549.0087,  25694.4844,
       1,     168,     120,      10,       1,       3,       1,     10.0000,      1.3966,     42.5443,    247.5753,     62.3051,      3.4953,      0.1112,      0.0792,      3.3732,      0.1528,      5.5612,     11.1223,      1.3502,     28.7330,     57.4660,      0.0192,      0.0003,      0.1406,      0.2004,   7708.3457,-421585.0312,   -918.0692,    548.7640,  25694.4863,
       1,     168,     120,      11,       1,       3,       1,     10.0000,      1.3966,     42.5443,    247.5753,     62.3051,      3.4953,      0.1393,      0.1069,      4.6647,      0.1624,      5.5612,     11.1223,      1.4354,     28.7330,     57.4660,      0.0192,      0.0003,      0.1812,      0.2004,   7708.3462,-422437.7500,   -918.6887,    548.7056,  25694.4844,
       1,     168,     120,      12,       1,       3,       1,     10.0000,      1.3966,     42.5443,    247.5753,     62.3051,      3.4953,      0.1605,      0.1276,      6.0911,      0.1788,      5.5612,     11.1223,      1.5797,     28.7330,     57.4660,      0.0192,      0.0004,      0.2120,      0.2004,   7708.3457,-424146.5938,   -919.5532,    548.5883,  25694.4844,
       1,     168,     120,      13,       1,       3,       1,     10.0000,      1.3966,     42.5443,    247.5753,     62.3051,      3.4953,      0.1721,      0.1381,      8.1807,      0.2161,      5.5612,     11.1223,      1.9099,     28.7330,     57.4660,      0.0192,      0.0004,      0.2289,      0.2004,   7708.3457,-426100.4062,   -920.7386,    548.4544,  25694.4844,
       1,     168,     120,      14,       1,       3,       1,     10.0000,      1.3966,     42.5443,    247.5753,     62.3051,      3.4953,      0.1865,      0.1519,     11.1168,      0.2384,      5.5612,     11.1223,      2.1063,     28.7330,     57.4660,      0.0192,      0.0005,      0.2500,      0.2004,   7708.3457,-428914.7812,   -922.7516,    548.2615,  25694.4824,
       1,     168,     120,      15,       1,       3,       1,     10.0000,      1.3966,     42.5443,    247.5753,     62.3051,      3.4953,      0.1873,      0.1527,     20.0961,      0.2344,      5.5612,     11.1223,      2.0717,     28.7330,     57.4660,      0.0192,      0.0010,      0.2500,      0.2004,   7708.3452,-432875.7188,   -925.0099,    547.9900,  25694.4844,
       1,     168,     120,      16,       1,       3,       1,     10.0000,      1.3966,     42.5443,    247.5753,     62.3051,      3.4953,      0.1858,      0.1506,     43.5682,      0.2630,      5.5612,     11.1223,      2.3238,     28.7330,     57.4660,      0.0192,      0.0022,      0.2454,      0.2004,   7708.3457,-444585.7500,   -927.9962,    547.1879,  25694.4844,
       1,     168,     120,      17,       1,       3,       1,     10.0000,      1.3966,     42.5443,    247.5753,     62.3051,      3.4953,      0.1751,      0.1399,     66.8966,      0.2609,      5.5612,     11.1223,      2.3058,     28.7330,     57.4660,      0.0192,      0.0036,      0.2268,      0.2004,   7708.3457,-475320.1250,   -934.7216,    545.0864,  25694.4824,
       1,     168,     120,      18,       1,       3,       1,     10.0000,      1.3966,     42.5443,    247.5753,     62.3051,      3.4953,      0.1548,      0.1202,     94.1437,      0.2372,      5.5612,     11.1223,      2.0961,     28.7330,     57.4660,      0.0192,      0.0060,      0.1935,      0.2004,   7708.3452,-507543.3750,   -941.5760,    542.8948,  25694.4824,
       1,     168,     120,      19,       1,       3,       1,     10.0000,      1.3966,     42.5443,    247.5753,     62.3051,      3.4953,      0.1367,      0.1025,     91.5883,      0.2215,      5.5612,     11.1223,      1.9573,     28.7330,     57.4660,      0.0192,      0.0067,      0.1672,      0.2003,   7708.3452,-544870.2500,   -949.5115,    540.3661,  25694.4824,
       1,     168,     120,      20,       1,       3,       1,     10.0000,      1.3966,     42.5443,    247.5753,     62.3051,      3.4953,      0.0326,     -0.0009,     14.2671,      0.1966,      5.5612,     11.1223,      1.7375,     28.7330,     57.4660,      0.0192,      0.0075,      0.0234,      0.2003,   7708.3452,-544870.6875,   -950.4858,    540.3720,  25694.4805,
       1,     168,     120,      21,       1,       3,       1,     10.0000,      1.3966,     42.5443,    247.5753,     62.3051,      3.4953,      0.0000,     -0.0330,      9.9856,      0.1829,      5.5612,     11.1223,      1.6162,     28.7330,     57.4660,      0.0192,      0.0079,      0.0156,      0.2003,   7708.3442,-446816.0000,   -932.6488,    546.9953,  25694.4785,
       1,     168,     120,      22,       1,       3,       1,     10.0000,      1.3966,     42.5443,    247.5753,     62.3051,      3.4953,      0.0000,     -0.0329,     10.5811,      0.1774,      5.5612,     11.1223,      1.5672,     28.7330,     57.4660,      0.0192,      0.0084,      0.0156,      0.2004,   7708.3438,-433047.0938,   -930.3651,    547.9775,  25694.4785,
       1,     168,     120,      23,       1,       3,       1,     10.0000,      1.3966,     42.5443,    247.5753,     62.3051,      3.4953,      0.0000,     -0.0328,      8.7081,      0.1745,      5.5612,     11.1223,      1.5424,     28.7330,     57.4660,      0.0192,      0.0069,      0.0156,      0.2004,   7708.3438,-432557.8125,   -930.5244,    548.0119,  25694.4766,
       1,     168,     120,      24,       1,       3,       1,     10.0000,      1.3966,     42.5443,    247.5753,     62.3051,      3.4953,      0.0000,     -0.0324,      6.9294,      0.1649,      5.5612,     11.1223,      1.4571,     28.7330,     57.4660,      0.0192,      0.0055,      0.0156,      0.2004,   7708.3433,-430143.7812,   -930.2382,    548.1773,  25694.4785,
       1,     168,     121,       1,       1,       3,       1,     10.0000,      1.3966,     42.5446,    247.5812,     62.3066,      3.4953,      0.0000,     -0.0322,      5.0785,      0.1565,      5.5607,     11.1214,      1.3831,     28.7366,     57.4733,      0.0192,      0.0040,      0.0156,      0.2004,   7708.3438,-427838.2500,   -930.1691,    548.3482,  25695.6387,
       1,     168,     121,       2,       1,       3,       1,     10.0000,      1.3966,     42.5446,    247.5812,     62.3066,      3.4953,      0.0000,     -0.0321,      3.8263,      0.1546,      5.5607,     11.1214,      1.3666,     28.7366,     57.4733,      0.0192,      0.0030,      0.0156,      0.2004,   7708.6919,-425141.8750,   -929.4431,    548.5330,  25695.6367,
       1,     168,     121,       3,       1,       3,       1,     10.0000,      1.3966,     42.5446,    247.5812,     62.3066,      3.4953,      0.0000,     -0.0320,      3.0665,      0.1516,      5.5607,     11.1214,      1.3394,     28.7366,     57.4733,      0.0192,      0.0024,      0.0156,      0.2004,   7708.6914,-423323.4375,   -929.1387,    548.6578,  25695.6387,
       1,     168,     121,       4,       1,       3,       1,     10.0000,      1.3966,     42.5446,    247.5812,     62.3066,      3.4953,      0.0000,     -0.0319,      2.7705,      0.1490,      5.5607,     11.1214,      1.3166,     28.7366,     57.4733,      0.0192,      0.0022,      0.0156,      0.2004,   7708.6919,-422203.9062,   -928.9630,    548.7346,  25695.6387,
       1,     168,     121,       5,       1,       3,       1,     10.0000,      1.3966,     42.5446,    247.5812,     62.3066,      3.4953,      0.0000,     -0.0318,      1.8373,      0.1466,      5.5607,     11.1214,      1.2956,     28.7366,     57.4733,      0.0192,      0.0015,      0.0156,      0.2005,   7708.6919,-421732.1250,   -928.9055,    548.7670,  25695.6387,
       1,     168,     121,       6,       1,       3,       1,     10.0000,      1.3966,     42.5446,    247.5812,     62.3066,      3.4953,      0.0000,     -0.0318,      1.3046,      0.1453,      5.5607,     11.1214,      1.2839,     28.7366,     57.4733,      0.0192,      0.0010,      0.0156,      0.2005,   7708.6919,-420510.1250,   -928.6926,    548.8507,  25695.6348,
       1,     168,     121,       7,       1,       3,       1,     10.0000,      1.3966,     42.5446,    247.5812,     62.3066,      3.4953,      0.0000,     -0.0317,      1.0261,      0.1421,      5.5607,     11.1214,      1.2557,     28.7366,     57.4733,      0.0192,      0.0008,      0.0156,      0.2005,   7708.6909,-419730.5625,   -928.5590,    548.9042,  25695.6387,
       1,     168,     121,       8,       1,       3,       1,     10.0000,      1.3966,     42.5446,    247.5812,     62.3066,      3.4953,      0.0114,     -0.0203,      0.9680,      0.1433,      5.5607,     11.1214,      1.2659,     28.7366,     57.4733,      0.0192,      0.0008,      0.0156,      0.2005,   7708.6919,-419309.9375,   -928.4903,    548.9331,  25695.6367,
       1,     168,     121,       9,       1,       3,       1,     10.0000,      1.3966,     42.5446,    247.5812,     62.3066,      3.4953,      0.1207,      0.0886,      6.4936,      0.1553,      5.5607,     11.1214,      1.3721,     28.7366,     57.4733,      0.0192,      0.0005,      0.1540,      0.2005,   7708.6914,-419199.9688,   -928.4835,    548.9407,  25695.6367,
       1,     168,     121,      10,       1,       3,       1,     10.0000,      1.3966,     42.5446,    247.5812,     62.3066,      3.4953,      0.1713,      0.1377,      8.0321,      0.2019,      5.5607,     11.1214,      1.7845,     28.7366,     57.4733,      0.0192,      0.0004,      0.2277,      0.2005,   7708.6914,-426182.5625,   -929.8708,    548.4615,  25695.6367,
       1,     168,     121,      11,       1,       3,       1,     10.0000,      1.3966,     42.5446,    247.5812,     62.3066,      3.4953,      0.1744,      0.1403,      8.4604,      0.2198,      5.5607,     11.1214,      1.9421,     28.7366,     57.4733,      0.0192,      0.0004,      0.2322,      0.2004,   7708.6914,-428736.4688,   -930.4809,    548.2866,  25695.6367,
       1,     168,     121,      12,       1,       3,       1,     10.0000,      1.3966,     42.5446,    247.5812,     62.3066,      3.4953,      0.1799,      0.1453,      9.6495,      0.2391,      5.5607,     11.1214,      2.1126,     28.7366,     57.4733,      0.0192,      0.0005,      0.2404,      0.2004,   7708.6914,-429500.1875,   -930.7285,    548.2343,  25695.6367,
       1,     168,     121,      13,       1,       3,       1,     10.0000,      1.3966,     42.5446,    247.5812,     62.3066,      3.4953,      0.1864,      0.1509,     11.6579,      0.2723,      5.5607,     11.1214,      2.4062,     28.7366,     57.4733,      0.0192,      0.0006,      0.2500,      0.2004,   7708.6914,-431071.3125,   -931.1090,    548.1266,  25695.6367,
       1,     168,     121,      14,       1,       3,       1,     10.0000,      1.3966,     42.5446,    247.5812,     62.3066,      3.4953,      0.1865,      0.1510,     12.9392,      0.2726,      5.5607,     11.1214,      2.4086,     28.7366,     57.4733,      0.0192,      0.0006,      0.2500,      0.2004,   7708.6914,-433749.6250,   -931.6424,    547.9432,  25695.6367,
       1,     168,     121,      15,       1,       3,       1,     10.0000,      1.3966,     42.5446,    247.5812,     62.3066,      3.4953,      0.1900,      0.1544,     73.4723,      0.2774,      5.5607,     11.1214,      2.4508,     28.7366,     57.4733,      0.0192,      0.0036,      0.2484,      0.2004,   7708.6914,-435603.6875,   -931.9749,    547.8162,  25695.6387,
       1,     168,     121,      16,       1,       3,       1,     10.0000,      1.3966,     42.5446,    247.5812,     62.3066,      3.4953,      0.1879,      0.1523,    101.2285,      0.2747,      5.5607,     11.1214,      2.4273,     28.7366,     57.4733,      0.0192,      0.0052,      0.2419,      0.2004,   7708.6919,-512382.8125,   -946.8809,    542.5586,  25695.6367,
       1,     168,     121,      17,       1,       3,       1,     10.0000,      1.3966,     42.5446,    247.5812,     62.3066,      3.4953,      0.1831,      0.1480,    134.9675,      0.2594,      5.5607,     11.1214,      2.2925,     28.7366,     57.4733,      0.0192,      0.0072,      0.2310,      0.2004,   7708.6914,-554284.3125,   -955.3258,    539.7420,  25695.6367,
       1,     168,     121,      18,       1,       3,       1,     10.0000,      1.3966,     42.5446,    247.5812,     62.3066,      3.4953,      0.1677,      0.1329,    147.3356,      0.2457,      5.5607,     11.1214,      2.1710,     28.7366,     57.4733,      0.0192,      0.0088,      0.2066,      0.2003,   7708.6914,-600682.8125,   -964.8611,    536.6189,  25695.6348,
       1,     168,     121,      19,       1,       3,       1,     10.0000,      1.3966,     42.5446,    247.5812,     62.3066,      3.4953,      0.1305,      0.0960,    110.1268,      0.2335,      5.5607,     11.1214,      2.0636,     28.7366,     57.4733,      0.0192,      0.0087,      0.1558,      0.2002,   7708.6909,-620412.7500,   -969.4009,    535.3045,  25695.6328,
       1,     168,     121,      20,       1,       3,       1,     10.0000,      1.3966,     42.5446,    247.5812,     62.3066,      3.4953,      0.0225,     -0.0113,      6.3217,      0.2072,      5.5607,     11.1214,      1.8308,     28.7366,     57.4733,      0.0192,      0.0085,      0.0091,      0.2002,   7708.6899,-574874.1875,   -961.1982,    538.3532,  25695.6309,
       1,     168,     121,      21,       1,       3,       1,     10.0000,      1.3966,     42.5446,    247.5812,     62.3066,      3.4953,      0.0000,     -0.0328,      9.1580,      0.1770,      5.5607,     11.1214,      1.5641,     28.7366,     57.4733,      0.0192,      0.0072,      0.0156,      0.2003,   7708.6895,-439284.0000,   -934.9628,    547.4863,  25695.6289,
       1,     168,     121,      22,       1,       3,       1,     10.0000,      1.3966,     42.5446,    247.5812,     62.3066,      3.4953,      0.0000,     -0.0324,      8.4000,      0.1629,      5.5607,     11.1214,      1.4397,     28.7366,     57.4733,      0.0192,      0.0066,      0.0156,      0.2004,   7708.6890,-431397.0938,   -933.3657,    548.1040,  25695.6289,
       1,     168,     121,      23,       1,       3,       1,     10.0000,      1.3966,     42.5446,    247.5812,     62.3066,      3.4953,      0.0000,     -0.0322,      7.0633,      0.1589,      5.5607,     11.1214,      1.4041,     28.7366,     57.4733,      0.0192,      0.0056,      0.0156,      0.2004,   7708.6890,-429656.0938,   -932.9705,    548.2237,  25695.6289,
       1,     168,     121,      24,       1,       3,       1,     10.0000,      1.3966,     42.5446,    247.5812,     62.3066,      3.4953,      0.0000,     -0.0322,      6.7258,      0.1568,      5.5607,     11.1214,      1.3859,     28.7366,     57.4733,      0.0192,      0.0053,      0.0156,      0.2004,   7708.6890,-427812.6562,   -932.5597,    548.3500,  25695.6270,
       1,     168,     122,       1,       1,       3,       1,     10.0000,      1.3967,     42.5450,    247.5870,     62.3081,      3.4953,      0.0000,     -0.0323,      5.4449,      0.1594,      5.5608,     11.1216,      1.4084,     28.7437,     57.4874,      0.0192,      0.0043,      0.0156,      0.2005,   7708.6885,-427381.4688,   -932.7057,    548.3926,  25696.7871,
       1,     168,     122,       2,       1,       3,       1,     10.0000,      1.3967,     42.5450,    247.5870,     62.3081,      3.4953,      0.0000,     -0.0322,      3.9050,      0.1567,      5.5608,     11.1216,      1.3846,     28.7437,     57.4874,      0.0192,      0.0031,      0.0156,      0.2005,   7709.0366,-425569.0938,   -932.0253,    548.5168,  25696.7871,
       1,     168,     122,       3,       1,       3,       1,     10.0000,      1.3967,     42.5450,    247.5870,     62.3081,      3.4953,      0.0000,     -0.0321,      3.3766,      0.1533,      5.5608,     11.1216,      1.3543,     28.7437,     57.4874,      0.0192,      0.0027,      0.0156,      0.2005,   7709.0366,-423463.3438,   -931.5862,    548.6613,  25696.7891,
       1,     168,     122,       4,       1,       3,       1,     10.0000,      1.3967,     42.5450,    247.5870,     62.3081,      3.4953,      0.0000,     -0.0319,      3.1443,      0.1481,      5.5608,     11.1216,      1.3087,     28.7437,     57.4874,      0.0192,      0.0025,      0.0156,      0.2005,   7709.0371,-422611.7812,   -931.3937,    548.7196,  25696.7871,
       1,     168,     122,       5,       1,       3,       1,     10.0000,      1.3967,     42.5450,    247.5870,     62.3081,      3.4953,      0.0000,     -0.0317,      2.5936,      0.1441,      5.5608,     11.1216,      1.2736,     28.7437,     57.4874,      0.0192,      0.0020,      0.0156,      0.2005,   7709.0366,-422244.1562,   -931.2987,    548.7448,  25696.7871,
       1,     168,     122,       6,       1,       3,       1,     10.0000,      1.3967,     42.5450,    247.5870,     62.3081,      3.4953,      0.0000,     -0.0318,      1.6057,      0.1451,      5.5608,     11.1216,      1.2826,     28.7437,     57.4874,      0.0192,      0.0013,      0.0156,      0.2005,   7709.0366,-421515.5312,   -931.1378,    548.7949,  25696.7871,
       1,     168,     122,       7,       1,       3,       1,     10.0000,      1.3967,     42.5450,    247.5870,     62.3081,      3.4953,      0.0000,     -0.0317,      0.9270,      0.1428,      5.5608,     11.1216,      1.2621,     28.7437,     57.4874,      0.0192,      0.0007,      0.0156,      0.2005,   7709.0366,-420202.0938,   -930.8768,    548.8849,  25696.7871,
       1,     168,     122,       8,       1,       3,       1,     10.0000,      1.3967,     42.5450,    247.5870,     62.3081,      3.4953,      0.0219,     -0.0097,      0.4440,      0.1420,      5.5608,     11.1216,      1.2544,     28.7437,     57.4874,      0.0192,      0.0005,      0.0116,      0.2005,   7709.0366,-419229.3438,   -930.6868,    548.9517,  25696.7891,
       1,     168,     122,       9,       1,       3,       1,     10.0000,      1.3967,     42.5450,    247.5870,     62.3081,      3.4953,      0.1308,      0.0982,      8.4496,      0.1679,      5.5608,     11.1216,      1.4836,     28.7437,     57.4874,      0.0192,      0.0006,      0.1683,      0.2005,   7709.0371,-418533.6250,   -930.5433,    548.9994,  25696.7891,
       1,     168,     122,      10,       1,       3,       1,     10.0000,      1.3967,     42.5450,    247.5870,     62.3081,      3.4953,      0.1700,      0.1362,     21.8162,      0.2080,      5.5608,     11.1216,      1.8381,     28.7437,     57.4874,      0.0192,      0.0012,      0.2242,      0.2005,   7709.0371,-428602.3438,   -932.4716,    548.3084,  25696.7871,
       1,     168,     122,      11,       1,       3,       1,     10.0000,      1.3967,     42.5450,    247.5870,     62.3081,      3.4953,      0.1863,      0.1520,     27.9162,      0.2261,      5.5608,     11.1216,      1.9981,     28.7437,     57.4874,      0.0192,      0.0014,      0.2475,      0.2005,   7709.0366,-446392.5938,   -935.8846,    547.0896,  25696.7871,
       1,     168,     122,      12,       1,       3,       1,     10.0000,      1.3967,     42.5450,    247.5870,     62.3081,      3.4953,      0.1876,      0.1524,     26.2305,      0.2610,      5.5608,     11.1216,      2.3059,     28.7437,     57.4874,      0.0192,      0.0013,      0.2500,      0.2005,   7709.0366,-455660.3125,   -937.6204,    546.4571,  25696.7871,
       1,     168,     122,      13,       1,       3,       1,     10.0000,      1.3967,     42.5450,    247.5870,     62.3081,      3.4953,      0.1871,      0.1518,     19.7922,      0.2632,      5.5608,     11.1216,      2.3261,     28.7437,     57.4874,      0.0192,      0.0010,      0.2500,      0.2004,   7709.0366,-454328.8438,   -937.1698,    546.5485,  25696.7871,
       1,     168,     122,      14,       1,       3,       1,     10.0000,      1.3967,     42.5450,    247.5870,     62.3081,      3.4953,      0.1753,      0.1396,     45.1609,      0.2822,      5.5608,     11.1216,      2.4938,     28.7437,     57.4874,      0.0192,      0.0024,      0.2298,      0.2004,   7709.0366,-446062.6250,   -935.3889,    547.1132,  25696.7852,
       1,     168,     122,      15,       1,       3,       1,     10.0000,      1.3967,     42.5450,    247.5870,     62.3081,      3.4953,      0.1662,      0.1312,     81.9429,      0.2525,      5.5608,     11.1216,      2.2310,     28.7437,     57.4874,      0.0192,      0.0048,      0.2119,      0.2005,   7709.0356,-477458.4375,   -941.5294,    544.9664,  25696.7871,
       1,     168,     122,      16,       1,       3,       1,     10.0000,      1.3967,     42.5450,    247.5870,     62.3081,      3.4953,      0.1672,      0.1334,     94.2929,      0.2097,      5.5608,     11.1216,      1.8526,     28.7437,     57.4874,      0.0192,      0.0055,      0.2117,      0.2004,   7709.0366,-526770.0000,   -951.4485,    541.6115,  25696.7852,
       1,     168,     122,      17,       1,       3,       1,     10.0000,      1.3967,     42.5450,    247.5870,     62.3081,      3.4953,      0.1049,      0.0727,     63.8738,      0.1579,      5.5608,     11.1216,      1.3957,     28.7437,     57.4874,      0.0192,      0.0063,      0.1243,      0.2004,   7709.0356,-546715.0625,   -955.7183,    540.2714,  25696.7832,
       1,     168,     122,      18,       1,       3,       1,     10.0000,      1.3967,     42.5450,    247.5870,     62.3081,      3.4953,      0.1620,      0.1294,    115.7857,      0.1704,      5.5608,     11.1216,      1.5060,     28.7437,     57.4874,      0.0192,      0.0071,      0.2015,      0.2003,   7709.0352,-509866.2500,   -948.7397,    542.7616,  25696.7812,
       1,     168,     122,      19,       1,       3,       1,     10.0000,      1.3967,     42.5450,    247.5870,     62.3081,      3.4953,      0.1155,      0.0826,     92.8610,      0.1793,      5.5608,     11.1216,      1.5845,     28.7437,     57.4874,      0.0192,      0.0084,      0.1362,      0.2004,   7709.0347,-572472.8125,   -961.5076,    538.5198,  25696.7793,
       1,     168,     122,      20,       1,       3,       1,     10.0000,      1.3967,     42.5450,    247.5870,     62.3081,      3.4953,      0.0160,     -0.0167,      0.8885,      0.1721,      5.5608,     11.1216,      1.5211,     28.7437,     57.4874,      0.0192,      0.0068,      0.0016,      0.2003,   7709.0342,-548855.5625,   -957.2455,    540.1261,  25696.7793,
       1,     168,     122,      21,       1,       3,       1,     10.0000,      1.3967,     42.5450,    247.5870,     62.3081,      3.4953,      0.0000,     -0.0324,      5.5815,      0.1634,      5.5608,     11.1216,      1.4441,     28.7437,     57.4874,      0.0192,      0.0044,      0.0156,      0.2003,   7709.0342,-430196.5938,   -933.7867,    548.1398,  25696.7773,
       1,     168,     122,      22,       1,       3,       1,     10.0000,      1.3967,     42.5450,    247.5870,     62.3081,      3.4953,      0.0000,     -0.0322,      3.7487,      0.1586,      5.5608,     11.1216,      1.4013,     28.7437,     57.4874,      0.0192,      0.0030,      0.0156,      0.2005,   7709.0337,-426063.0312,   -932.9389,    548.4828,  25696.7773,
       1,     168,     122,      23,       1,       3,       1,     10.0000,      1.3967,     42.5450,    247.5870,     62.3081,      3.4953,      0.0000,     -0.0319,      2.9901,      0.1484,      5.5608,     11.1216,      1.3114,     28.7437,     57.4874,      0.0192,      0.0024,      0.0156,      0.2005,   7709.0337,-423309.8125,   -932.3691,    548.6718,  25696.7773,
       1,     168,     122,      24,       1,       3,       1,     10.0000,      1.3967,     42.5450,    247.5870,     62.3081,      3.4953,      0.0000,     -0.0315,      2.8266,      0.1379,      5.5608,     11.1216,      1.2182,     28.7437,     57.4874,      0.0192,      0.0022,      0.0156,      0.2005,   7709.0337,-422110.8750,   -932.1187,    548.7540,  25696.7773,
       1,     168,     123,       1,       1,       3,       1,     10.0000,      1.3967,     42.5453,    247.5929,     62.3096,      3.4953,      0.0000,     -0.0314,      2.8118,      0.1362,      5.5608,     11.1215,      1.2035,     28.7479,     57.4958,      0.0192,      0.0022,      0.0156,      0.2005,   7709.0337,-421956.1250,   -932.3654,    548.7776,  25697.9375,
       1,     168,     123,       2,       1,       3,       1,     10.0000,      1.3967,     42.5453,    247.5929,     62.3096,      3.4953,      0.0000,     -0.0314,      1.9635,      0.1356,      5.5608,     11.1215,      1.1986,     28.7479,     57.4958,      0.0192,      0.0015,      0.0156,      0.2005,   7709.3813,-421770.1875,   -932.0157,    548.7903,  25697.9375,
       1,     168,     123,       3,       1,       3,       1,     10.0000,      1.3967,     42.5453,    247.5929,     62.3096,      3.4953,      0.0000,     -0.0313,      1.2388,      0.1336,      5.5608,     11.1215,      1.1805,     28.7479,     57.4958,      0.0192,      0.0010,      0.0156,      0.2005,   7709.3813,-420680.8750,   -931.7888,    548.8651,  25697.9375,
       1,     168,     123,       4,       1,       3,       1,     10.0000,      1.3967,     42.5453,    247.5929,     62.3096,      3.4953,      0.0000,     -0.0313,      1.0339,      0.1329,      5.5608,     11.1215,      1.1746,     28.7479,     57.4958,      0.0192,      0.0008,      0.0156,      0.2005,   7709.3813,-419669.4375,   -931.5826,    548.9344,  25697.9375,
       1,     168,     123,       5,       1,       3,       1,     10.0000,      1.3967,     42.5453,    247.5929,     62.3096,      3.4953,      0.0000,     -0.0313,      0.9865,      0.1320,      5.5608,     11.1215,      1.1663,     28.7479,     57.4958,      0.0192,      0.0008,      0.0156,      0.2005,   7709.3813,-419322.4688,   -931.5087,    548.9583,  25697.9375,
       1,     168,     123,       6,       1,       3,       1,     10.0000,      1.3967,     42.5453,    247.5929,     62.3096,      3.4953,      0.0000,     -0.0313,      0.9547,      0.1316,      5.5608,     11.1215,      1.1627,     28.7479,     57.4958,      0.0192,      0.0008,      0.0156,      0.2005,   7709.3813,-419232.3438,   -931.4875,    548.9645,  25697.9375,
       1,     168,     123,       7,       1,       3,       1,     10.0000,      1.3967,     42.5453,    247.5929,     62.3096,      3.4953,      0.0000,     -0.0312,      0.6546,      0.1304,      5.5608,     11.1215,      1.1521,     28.7479,     57.4958,      0.0192,      0.0005,      0.0156,      0.2005,   7709.3813,-419184.2188,   -931.4734,    548.9678,  25697.9375,
       1,     168,     123,       8,       1,       3,       1,     10.0000,      1.3967,     42.5453,    247.5929,     62.3096,      3.4953,      0.0185,     -0.0128,      0.2612,      0.1313,      5.5608,     11.1215,      1.1604,     28.7479,     57.4958,      0.0192,      0.0005,      0.0071,      0.2005,   7709.3813,-418800.3125,   -931.3953,    548.9941,  25697.9375,
       1,     168,     123,       9,       1,       3,       1,     10.0000,      1.3967,     42.5453,    247.5929,     62.3096,      3.4953,      0.1290,      0.0973,      5.4111,      0.1447,      5.5608,     11.1215,      1.2788,     28.7479,     57.4958,      0.0192,      0.0004,      0.1662,      0.2005,   7709.3813,-418269.4375,   -931.2823,    549.0305,  25697.9375,
       1,     168,     123,      10,       1,       3,       1,     10.0000,      1.3967,     42.5453,    247.5929,     62.3096,      3.4953,      0.1731,      0.1401,      9.1082,      0.1818,      5.5608,     11.1215,      1.6067,     28.7479,     57.4958,      0.0192,      0.0005,      0.2301,      0.2005,   7709.3813,-424738.4688,   -932.5438,    548.5865,  25697.9375,
       1,     168,     123,      11,       1,       3,       1,     10.0000,      1.3967,     42.5453,    247.5929,     62.3096,      3.4953,      0.1866,      0.1526,      9.8412,      0.2142,      5.5608,     11.1215,      1.8932,     28.7479,     57.4958,      0.0192,      0.0005,      0.2500,      0.2005,   7709.3813,-429978.2188,   -933.5070,    548.2274,  25697.9375,
       1,     168,     123,      12,       1,       3,       1,     10.0000,      1.3967,     42.5453,    247.5929,     62.3096,      3.4953,      0.1865,      0.1523,      9.2846,      0.2235,      5.5608,     11.1215,      1.9748,     28.7479,     57.4958,      0.0192,      0.0005,      0.2500,      0.2005,   7709.3813,-431360.4688,   -933.6490,    548.1328,  25697.9375,
       1,     168,     123,      13,       1,       3,       1,     10.0000,      1.3967,     42.5453,    247.5929,     62.3096,      3.4953,      0.1865,      0.1518,     10.0346,      0.2391,      5.5608,     11.1215,      2.1127,     28.7479,     57.4958,      0.0192,      0.0005,      0.2500,      0.2005,   7709.3813,-430775.9688,   -933.3958,    548.1729,  25697.9355,
       1,     168,     123,      14,       1,       3,       1,     10.0000,      1.3967,     42.5453,    247.5929,     62.3096,      3.4953,      0.1870,      0.1521,     17.5599,      0.2481,      5.5608,     11.1215,      2.1924,     28.7479,     57.4958,      0.0192,      0.0009,      0.2500,      0.2005,   7709.3809,-431674.5000,   -933.4263,    548.1113,  25697.9355,
       1,     168,     123,      15,       1,       3,       1,     10.0000,      1.3967,     42.5453,    247.5929,     62.3096,      3.4953,      0.1865,      0.1511,     68.5862,      0.2702,      5.5608,     11.1215,      2.3878,     28.7479,     57.4958,      0.0192,      0.0035,      0.2436,      0.2005,   7709.3809,-441274.5938,   -935.2280,    547.4536,  25697.9375,
       1,     168,     123,      16,       1,       3,       1,     10.0000,      1.3967,     42.5453,    247.5929,     62.3096,      3.4953,      0.1792,      0.1449,     90.0488,      0.2259,      5.5608,     11.1215,      1.9962,     28.7479,     57.4958,      0.0192,      0.0048,      0.2299,      0.2005,   7709.3813,-506683.0625,   -948.3225,    542.9779,  25697.9355,
       1,     168,     123,      17,       1,       3,       1,     10.0000,      1.3967,     42.5453,    247.5929,     62.3096,      3.4953,      0.1775,      0.1431,    100.2912,      0.2299,      5.5608,     11.1215,      2.0317,     28.7479,     57.4958,      0.0192,      0.0055,      0.2263,      0.2004,   7709.3809,-539591.9375,   -955.1848,    540.7626,  25697.9316,
       1,     168,     123,      18,       1,       3,       1,     10.0000,      1.3967,     42.5453,    247.5929,     62.3096,      3.4953,      0.1410,      0.1065,     98.1701,      0.2317,      5.5608,     11.1215,      2.0476,     28.7479,     57.4958,      0.0192,      0.0070,      0.1727,      0.2004,   7709.3799,-555410.1250,   -958.7330,    539.6978,  25697.9316,
       1,     168,     123,      19,       1,       3,       1,     10.0000,      1.3967,     42.5453,    247.5929,     62.3096,      3.4953,      0.1270,      0.0927,    100.6856,      0.2257,      5.5608,     11.1215,      1.9943,     28.7479,     57.4958,      0.0192,      0.0082,      0.1518,      0.2004,   7709.3799,-554085.4375,   -958.8994,    539.7882,  25697.9316,
       1,     168,     123,      20,       1,       3,       1,     10.0000,      1.3967,     42.5453,    247.5929,     62.3096,      3.4953,      0.0175,     -0.0160,      1.8009,      0.1964,      5.5608,     11.1215,      1.7359,     28.7479,     57.4958,      0.0192,      0.0082,      0.0027,      0.2004,   7709.3799,-557158.8750,   -959.9575,    539.5810,  25697.9297,
       1,     168,     123,      21,       1,       3,       1,     10.0000,      1.3967,     42.5453,    247.5929,     62.3096,      3.4953,      0.0000,     -0.0328,      6.0145,      0.1739,      5.5608,     11.1215,      1.5364,     28.7479,     57.4958,      0.0192,      0.0047,      0.0156,      0.2004,   7709.3794,-432053.4062,   -934.9120,    548.0190,  25697.9277,
       1,     168,     123,      22,       1,       3,       1,     10.0000,      1.3967,     42.5453,    247.5929,     62.3096,      3.4953,      0.0000,     -0.0325,      6.6485,      0.1662,      5.5608,     11.1215,      1.4689,     28.7479,     57.4958,      0.0192,      0.0052,      0.0156,      0.2005,   7709.3784,-426783.3125,   -933.8221,    548.4464,  25697.9277,
       1,     168,     123,      23,       1,       3,       1,     10.0000,      1.3967,     42.5453,    247.5929,     62.3096,      3.4953,      0.0000,     -0.0324,      7.3695,      0.1638,      5.5608,     11.1215,      1.4470,     28.7479,     57.4958,      0.0192,      0.0058,      0.0156,      0.2005,   7709.3784,-427044.6875,   -933.8374,    548.4286,  25697.9297,
       1,     168,     123,      24,       1,       3,       1,     10.0000,      1.3967,     42.5453,    247.5929,     62.3096,      3.4953,      0.0000,     -0.0323,      7.0504,      0.1592,      5.5608,     11.1215,      1.4070,     28.7479,     57.4958,      0.0192,      0.0056,      0.0156,      0.2005,   7709.3794,-427979.1875,   -933.9845,    548.3645,  25697.9277,
       1,     168,     124,       1,       1,       3,       1,     10.0000,      1.3967,     42.5456,    247.5988,     62.3111,      3.4953,      0.0000,     -0.0321,      5.4850,      0.1543,      5.5608,     11.1217,      1.3639,     28.7548,     57.5097,      0.0192,      0.0043,      0.0156,      0.2005,   7709.3784,-427812.9062,   -934.2135,    548.3890,  25699.0918,
       1,     168,     124,       2,       1,       3,       1,     10.0000,      1.3967,     42.5456,    247.5988,     62.3111,      3.4953,      0.0000,     -0.0320,      3.4443,      0.1513,      5.5608,     11.1217,      1.3368,     28.7548,     57.5097,      0.0192,      0.0027,      0.0156,      0.2005,   7709.7280,-425663.6875,   -933.4653,    548.5362,  25699.0918,
       1,     168,     124,       3,       1,       3,       1,     10.0000,      1.3967,     42.5456,    247.5988,     62.3111,      3.4953,      0.0000,     -0.0320,      2.5312,      0.1522,      5.5608,     11.1217,      1.3449,     28.7548,     57.5097,      0.0192,      0.0020,      0.0156,      0.2005,   7709.7280,-422895.8125,   -932.8932,    548.7260,  25699.0918,
       1,     168,     124,       4,       1,       3,       1,     10.0000,      1.3967,     42.5456,    247.5988,     62.3111,      3.4953,      0.0000,     -0.0320,      2.2692,      0.1525,      5.5608,     11.1217,      1.3476,     28.7548,     57.5097,      0.0192,      0.0018,      0.0156,      0.2005,   7709.7280,-421500.5625,   -932.6038,    548.8218,  25699.0898,
       1,     168,     124,       5,       1,       3,       1,     10.0000,      1.3967,     42.5456,    247.5988,     62.3111,      3.4953,      0.0000,     -0.0321,      1.9381,      0.1533,      5.5608,     11.1217,      1.3544,     28.7548,     57.5097,      0.0192,      0.0015,      0.0156,      0.2005,   7709.7271,-421048.1250,   -932.5055,    548.8528,  25699.0898,
       1,     168,     124,       6,       1,       3,       1,     10.0000,      1.3967,     42.5456,    247.5988,     62.3111,      3.4953,      0.0000,     -0.0319,      1.4899,      0.1486,      5.5608,     11.1217,      1.3128,     28.7548,     57.5097,      0.0192,      0.0012,      0.0156,      0.2005,   7709.7271,-420590.0000,   -932.4076,    548.8842,  25699.0898,
       1,     168,     124,       7,       1,       3,       1,     10.0000,      1.3967,     42.5456,    247.5988,     62.3111,      3.4953,      0.0000,     -0.0318,      1.2210,      0.1469,      5.5608,     11.1217,      1.2983,     28.7548,     57.5097,      0.0192,      0.0010,      0.0156,      0.2005,   7709.7271,-419983.3438,   -932.2818,    548.9258,  25699.0898,
       1,     168,     124,       8,       1,       3,       1,     10.0000,      1.3967,     42.5456,    247.5988,     62.3111,      3.4953,      0.0265,     -0.0053,      1.3813,      0.1477,      5.5608,     11.1217,      1.3049,     28.7548,     57.5097,      0.0192,      0.0010,      0.0179,      0.2005,   7709.7271,-419590.5312,   -932.2000,    548.9529,  25699.0898,
       1,     168,     124,       9,       1,       3,       1,     10.0000,      1.3967,     42.5456,    247.5988,     62.3111,      3.4953,      0.1366,      0.1039,     13.9805,      0.1732,      5.5608,     11.1217,      1.5303,     28.7548,     57.5097,      0.0192,      0.0010,      0.1761,      0.2005,   7709.7271,-419759.1250,   -932.2241,    548.9412,  25699.0918,
       1,     168,     124,      10,       1,       3,       1,     10.0000,      1.3967,     42.5456,    247.5988,     62.3111,      3.4953,      0.1718,      0.1383,     20.4698,      0.1980,      5.5608,     11.1217,      1.7497,     28.7548,     57.5097,      0.0192,      0.0011,      0.2269,      0.2005,   7709.7280,-435711.3438,   -935.4409,    547.8466,  25699.0898,
       1,     168,     124,      11,       1,       3,       1,     10.0000,      1.3967,     42.5456,    247.5988,     62.3111,      3.4953,      0.1817,      0.1473,     20.0591,      0.2286,      5.5608,     11.1217,      2.0198,     28.7548,     57.5097,      0.0192,      0.0010,      0.2416,      0.2005,   7709.7271,-445309.6250,   -937.3856,    547.1904,  25699.0898,
       1,     168,     124,      12,       1,       3,       1,     10.0000,      1.3967,     42.5456,    247.5988,     62.3111,      3.4953,      0.1870,      0.1520,     17.3322,      0.2508,      5.5608,     11.1217,      2.2160,     28.7548,     57.5097,      0.0192,      0.0009,      0.2500,      0.2005,   7709.7271,-445621.9375,   -937.4449,    547.1695,  25699.0879,
       1,     168,     124,      13,       1,       3,       1,     10.0000,      1.3967,     42.5456,    247.5988,     62.3111,      3.4953,      0.1868,      0.1514,     17.2845,      0.2715,      5.5608,     11.1217,      2.3994,     28.7548,     57.5097,      0.0192,      0.0009,      0.2500,      0.2005,   7709.7266,-442197.7500,   -936.7034,    547.4037,  25699.0898,
       1,     168,     124,      14,       1,       3,       1,     10.0000,      1.3967,     42.5456,    247.5988,     62.3111,      3.4953,      0.1897,      0.1542,     55.0821,      0.2742,      5.5608,     11.1217,      2.4227,     28.7548,     57.5097,      0.0192,      0.0027,      0.2500,      0.2005,   7709.7271,-441840.6562,   -936.5610,    547.4282,  25699.0879,
       1,     168,     124,      15,       1,       3,       1,     10.0000,      1.3967,     42.5456,    247.5988,     62.3111,      3.4953,      0.1881,      0.1522,     99.0541,      0.2880,      5.5608,     11.1217,      2.5450,     28.7548,     57.5097,      0.0192,      0.0050,      0.2426,      0.2005,   7709.7266,-489638.3438,   -946.2694,    544.1575,  25699.0898,
       1,     168,     124,      16,       1,       3,       1,     10.0000,      1.3967,     42.5456,    247.5988,     62.3111,      3.4953,      0.1464,      0.1131,     84.5059,      0.1916,      5.5608,     11.1217,      1.6935,     28.7548,     57.5097,      0.0192,      0.0057,      0.1823,      0.2005,   7709.7271,-549489.3750,   -958.6047,    540.0961,  25699.0859,
       1,     168,     124,      17,       1,       3,       1,     10.0000,      1.3967,     42.5456,    247.5988,     62.3111,      3.4953,      0.0721,      0.0409,     35.2119,      0.1307,      5.5608,     11.1217,      1.1545,     28.7548,     57.5097,      0.0192,      0.0054,      0.0807,      0.2004,   7709.7261,-536260.0625,   -956.3445,    541.0045,  25699.0879,
       1,     168,     124,      18,       1,       3,       1,     10.0000,      1.3967,     42.5456,    247.5988,     62.3111,      3.4953,      0.0974,      0.0660,     59.0127,      0.1363,      5.5608,     11.1217,      1.2048,     28.7548,     57.5097,      0.0192,      0.0064,      0.1144,      0.2004,   7709.7266,-472632.0312,   -950.4998,    545.3080,  25699.0840,
       1,     168,     124,      19,       1,       3,       1,     10.0000,      1.3967,     42.5456,    247.5988,     62.3111,      3.4953,      0.1329,      0.1006,     91.3523,      0.1580,      5.5608,     11.1217,      1.3958,     28.7548,     57.5097,      0.0192,      0.0069,      0.1619,      0.2005,   7709.7256,-497319.2812,   -955.6111,    543.6424,  25699.0840,
       1,     168,     124,      20,       1,       3,       1,     10.0000,      1.3967,     42.5456,    247.5988,     62.3111,      3.4953,      0.0398,      0.0074,     21.2366,      0.1638,      5.5608,     11.1217,      1.4470,     28.7548,     57.5097,      0.0192,      0.0076,      0.0344,      0.2005,   7709.7256,-540397.9375,   -964.5454,    540.7176,  25699.0840,
       1,     168,     124,      21,       1,       3,       1,     10.0000,      1.3967,     42.5456,    247.5988,     62.3111,      3.4953,      0.0000,     -0.0321,      5.4843,      0.1542,      5.5608,     11.1217,      1.3626,     28.7548,     57.5097,      0.0192,      0.0043,      0.0156,      0.2004,   7709.7256,-455282.8750,   -947.5835,    546.4783,  25699.0801,
       1,     168,     124,      22,       1,       3,       1,     10.0000,      1.3967,     42.5456,    247.5988,     62.3111,      3.4953,      0.0000,     -0.0319,      1.2094,      0.1493,      5.5608,     11.1217,      1.3194,     28.7548,     57.5097,      0.0192,      0.0010,      0.0156,      0.2005,   7709.7241,-428078.3125,   -942.1050,    548.3674,  25699.0820,
       1,     168,     124,      23,       1,       3,       1,     10.0000,      1.3967,     42.5456,    247.5988,     62.3111,      3.4953,      0.0000,     -0.0318,      0.7947,      0.1466,      5.5608,     11.1217,      1.2957,     28.7548,     57.5097,      0.0192,      0.0006,      0.0156,      0.2005,   7709.7251,-420282.8750,   -940.5366,    548.9051,  25699.0801,
       1,     168,     124,      24,       1,       3,       1,     10.0000,      1.3967,     42.5456,    247.5988,     62.3111,      3.4953,      0.0000,     -0.0317,      1.1481,      0.1436,      5.5608,     11.1217,      1.2685,     28.7548,     57.5097,      0.0192,      0.0009,      0.0156,      0.2005,   7709.7241,-419078.5625,   -940.2930,    548.9879,  25699.0801,
       1,     168,     125,       1,       1,       3,       1,     10.0000,      1.3967,     42.5460,    247.6047,     62.3125,      3.4953,      0.0000,     -0.0317,      1.5858,      0.1433,      5.5613,     11.1226,      1.2660,     28.7583,     57.5167,      0.0192,      0.0013,      0.0156,      0.2006,   7709.7241,-419577.9062,   -940.6871,    548.9667,  25700.2402,
       1,     168,     125,       2,       1,       3,       1,     10.0000,      1.3967,     42.5460,    247.6047,     62.3125,      3.4953,      0.0000,     -0.0317,      1.4100,      0.1433,      5.5613,     11.1226,      1.2660,     28.7583,     57.5167,      0.0192,      0.0011,      0.0156,      0.2006,   7710.0723,-420020.7500,   -940.4755,    548.9363,  25700.2441,
       1,     168,     125,       3,       1,       3,       1,     10.0000,      1.3967,     42.5460,    247.6047,     62.3125,      3.4953,      0.0000,     -0.0316,      1.4054,      0.1408,      5.5613,     11.1226,      1.2444,     28.7583,     57.5167,      0.0192,      0.0011,      0.0156,      0.2006,   7710.0737,-419836.5000,   -940.4303,    548.9489,  25700.2422,
       1,     168,     125,       4,       1,       3,       1,     10.0000,      1.3967,     42.5460,    247.6047,     62.3125,      3.4953,      0.0000,     -0.0316,      1.0864,      0.1405,      5.5613,     11.1226,      1.2419,     28.7583,     57.5167,      0.0192,      0.0009,      0.0156,      0.2006,   7710.0728,-419814.8438,   -940.4185,    548.9504,  25700.2422,
       1,     168,     125,       5,       1,       3,       1,     10.0000,      1.3967,     42.5460,    247.6047,     62.3125,      3.4953,      0.0000,     -0.0315,      0.9546,      0.1388,      5.5613,     11.1226,      1.2269,     28.7583,     57.5167,      0.0192,      0.0008,      0.0156,      0.2006,   7710.0728,-419409.5938,   -940.3323,    548.9782,  25700.2422,
       1,     168,     125,       6,       1,       3,       1,     10.0000,      1.3967,     42.5460,    247.6047,     62.3125,      3.4953,      0.0000,     -0.0315,      0.8750,      0.1381,      5.5613,     11.1226,      1.2207,     28.7583,     57.5167,      0.0192,      0.0007,      0.0156,      0.2006,   7710.0728,-419207.6875,   -940.2885,    548.9921,  25700.2422,
       1,     168,     125,       7,       1,       3,       1,     10.0000,      1.3967,     42.5460,    247.6047,     62.3125,      3.4953,      0.0000,     -0.0315,      1.1679,      0.1365,      5.5613,     11.1226,      1.2060,     28.7583,     57.5167,      0.0192,      0.0009,      0.0156,      0.2006,   7710.0728,-419089.4062,   -940.2614,    549.0002,  25700.2422,
       1,     168,     125,       8,       1,       3,       1,     10.0000,      1.3967,     42.5460,    247.6047,     62.3125,      3.4953,      0.0274,     -0.0042,      1.2944,      0.1390,      5.5613,     11.1226,      1.2282,     28.7583,     57.5167,      0.0192,      0.0008,      0.0195,      0.2006,   7710.0728,-419449.6562,   -940.3300,    548.9755,  25700.2422,
       1,     168,     125,       9,       1,       3,       1,     10.0000,      1.3967,     42.5460,    247.6047,     62.3125,      3.4953,      0.1328,      0.1004,      8.3128,      0.1629,      5.5613,     11.1226,      1.4399,     28.7583,     57.5167,      0.0192,      0.0006,      0.1713,      0.2006,   7710.0728,-419640.8438,   -940.3551,    548.9623,  25700.2422,
       1,     168,     125,      10,       1,       3,       1,     10.0000,      1.3967,     42.5460,    247.6047,     62.3125,      3.4953,      0.1711,      0.1379,     10.5036,      0.1892,      5.5613,     11.1226,      1.6719,     28.7583,     57.5167,      0.0192,      0.0006,      0.2270,      0.2006,   7710.0728,-428534.4688,   -942.1102,    548.3521,  25700.2422,
       1,     168,     125,      11,       1,       3,       1,     10.0000,      1.3967,     42.5460,    247.6047,     62.3125,      3.4953,      0.1868,      0.1529,     11.4120,      0.2113,      5.5613,     11.1226,      1.8674,     28.7583,     57.5167,      0.0192,      0.0006,      0.2500,      0.2006,   7710.0728,-432078.5312,   -942.7495,    548.1095,  25700.2441,
       1,     168,     125,      12,       1,       3,       1,     10.0000,      1.3967,     42.5460,    247.6047,     62.3125,      3.4953,      0.1866,      0.1518,     11.4390,      0.2436,      5.5613,     11.1226,      2.1523,     28.7583,     57.5167,      0.0192,      0.0006,      0.2500,      0.2005,   7710.0737,-433534.6875,   -942.9301,    548.0098,  25700.2402,
       1,     168,     125,      13,       1,       3,       1,     10.0000,      1.3967,     42.5460,    247.6047,     62.3125,      3.4953,      0.1868,      0.1511,     16.8221,      0.2779,      5.5613,     11.1226,      2.4558,     28.7583,     57.5167,      0.0192,      0.0008,      0.2500,      0.2005,   7710.0723,-433695.5312,   -942.7576,    547.9988,  25700.2383,
       1,     168,     125,      14,       1,       3,       1,     10.0000,      1.3967,     42.5460,    247.6047,     62.3125,      3.4953,      0.1891,      0.1533,     57.8864,      0.2855,      5.5613,     11.1226,      2.5230,     28.7583,     57.5167,      0.0192,      0.0029,      0.2488,      0.2005,   7710.0718,-440519.9062,   -943.8389,    547.5313,  25700.2422,
       1,     168,     125,      15,       1,       3,       1,     10.0000,      1.3967,     42.5460,    247.6047,     62.3125,      3.4953,      0.1862,      0.1503,     86.5860,      0.2902,      5.5613,     11.1226,      2.5647,     28.7583,     57.5167,      0.0192,      0.0044,      0.2412,      0.2005,   7710.0728,-493066.2812,   -954.3389,    543.9352,  25700.2383,
       1,     168,     125,      16,       1,       3,       1,     10.0000,      1.3967,     42.5460,    247.6047,     62.3125,      3.4953,      0.1842,      0.1482,    104.9091,      0.2947,      5.5613,     11.1226,      2.6045,     28.7583,     57.5167,      0.0192,      0.0055,      0.2362,      0.2005,   7710.0718,-533992.9375,   -962.6924,    541.1642,  25700.2402,
       1,     168,     125,      17,       1,       3,       1,     10.0000,      1.3967,     42.5460,    247.6047,     62.3125,      3.4953,      0.0431,      0.0096,     19.1169,      0.2004,      5.5613,     11.1226,      1.7706,     28.7583,     57.5167,      0.0192,      0.0062,      0.0382,      0.2004,   7710.0723,-560754.4375,   -968.3675,    539.3611,  25700.2383,
       1,     168,     125,      18,       1,       3,       1,     10.0000,      1.3967,     42.5460,    247.6047,     62.3125,      3.4953,      0.0448,      0.0127,     22.9216,      0.1534,      5.5613,     11.1226,      1.3558,     28.7583,     57.5167,      0.0192,      0.0068,      0.0417,      0.2004,   7710.0718,-454315.3750,   -921.0260,    546.5402,  25700.2852,
       1,     168,     125,      19,       1,       3,       1,     10.0000,      1.3967,     42.5460,    247.6047,     62.3125,      3.4953,      0.0648,      0.0325,     39.5288,      0.1597,      5.5613,     11.1226,      1.4113,     28.7583,     57.5167,      0.0192,      0.0071,      0.0687,      0.2005,   7710.0859,-450079.9062,   -920.2207,    546.8775,  25700.2871,
       1,     168,     125,      20,       1,       3,       1,     10.0000,      1.3967,     42.5460,    247.6047,     62.3125,      3.4953,      0.0256,     -0.0067,      8.9683,      0.1597,      5.5613,     11.1226,      1.4113,     28.7583,     57.5167,      0.0192,      0.0073,      0.0152,      0.2005,   7710.0864,-470666.7812,   -924.8921,    545.4703,  25700.2871,
       1,     168,     125,      21,       1,       3,       1,     10.0000,      1.3967,     42.5460,    247.6047,     62.3125,      3.4953,      0.0000,     -0.0320,      9.2871,      0.1517,      5.5613,     11.1226,      1.3408,     28.7583,     57.5167,      0.0192,      0.0073,      0.0156,      0.2005,   7710.0864,-433772.1875,   -919.2678,    547.9877,  25700.2871,
       1,     168,     125,      22,       1,       3,       1,     10.0000,      1.3967,     42.5460,    247.6047,     62.3125,      3.4953,      0.0000,     -0.0321,      4.6365,      0.1539,      5.5613,     11.1226,      1.3598,     28.7583,     57.5167,      0.0192,      0.0037,      0.0156,      0.2005,   7710.0864,-430995.6562,   -919.4398,    548.1837,  25700.2871,
       1,     168,     125,      23,       1,       3,       1,     10.0000,      1.3967,     42.5460,    247.6047,     62.3125,      3.4953,      0.0000,     -0.0320,      0.8177,      0.1505,      5.5613,     11.1226,      1.3301,     28.7583,     57.5167,      0.0192,      0.0006,      0.0156,      0.2005,   7710.0864,-424864.5312,   -918.6769,    548.6039,  25700.2871,
       1,     168,     125,      24,       1,       3,       1,     10.0000,      1.3967,     42.5460,    247.6047,     62.3125,      3.4953,      0.0000,     -0.0319,      0.5816,      0.1478,      5.5613,     11.1226,      1.3062,     28.7583,     57.5167,      0.0192,      0.0005,      0.0156,      0.2006,   7710.0864,-419502.5938,   -917.7671,    548.9717,  25700.2871,
       1,     168,     126,       1,       1,       3,       1,     10.0000,      1.3967,     42.5463,    247.6105,     62.3140,      3.4953,      0.0000,     -0.0319,      0.5737,      0.1478,      5.5617,     11.1234,      1.3062,     28.7587,     57.5173,      0.0192,      0.0005,      0.0156,      0.2006,   7710.0864,-418895.6250,   -917.9525,    549.0266,  25701.4473,
       1,     168,     126,       2,       1,       3,       1,     10.0000,      1.3967,     42.5463,    247.6105,     62.3140,      3.4953,      0.0000,     -0.0319,      0.5691,      0.1495,      5.5617,     11.1234,      1.3208,     28.7587,     57.5173,      0.0192,      0.0004,      0.0156,      0.2006,   7710.4346,-418679.0312,   -917.6653,    549.0416,  25701.4453,
       1,     168,     126,       3,       1,       3,       1,     10.0000,      1.3967,     42.5463,    247.6105,     62.3140,      3.4953,      0.0000,     -0.0317,      0.4481,      0.1431,      5.5617,     11.1234,      1.2647,     28.7587,     57.5173,      0.0192,      0.0004,      0.0156,      0.2006,   7710.4341,-418654.3750,   -917.6833,    549.0432,  25701.4453,
       1,     168,     126,       4,       1,       3,       1,     10.0000,      1.3967,     42.5463,    247.6105,     62.3140,      3.4953,      0.0000,     -0.0317,      0.6281,      0.1423,      5.5617,     11.1234,      1.2571,     28.7587,     57.5173,      0.0192,      0.0005,      0.0156,      0.2006,   7710.4341,-418499.3438,   -917.6699,    549.0539,  25701.4492,
       1,     168,     126,       5,       1,       3,       1,     10.0000,      1.3967,     42.5463,    247.6105,     62.3140,      3.4953,      0.0000,     -0.0315,      0.4848,      0.1387,      5.5617,     11.1234,      1.2257,     28.7587,     57.5173,      0.0192,      0.0004,      0.0156,      0.2006,   7710.4351,-418712.8750,   -917.7446,    549.0392,  25701.4473,
       1,     168,     126,       6,       1,       3,       1,     10.0000,      1.3967,     42.5463,    247.6105,     62.3140,      3.4953,      0.0000,     -0.0315,      0.3589,      0.1382,      5.5617,     11.1234,      1.2208,     28.7587,     57.5173,      0.0192,      0.0003,      0.0156,      0.2006,   7710.4346,-418550.6250,   -917.7354,    549.0504,  25701.4473,
       1,     168,     126,       7,       1,       3,       1,     10.0000,      1.3967,     42.5463,    247.6105,     62.3140,      3.4953,      0.0000,     -0.0316,      0.3418,      0.1411,      5.5617,     11.1234,      1.2470,     28.7587,     57.5173,      0.0192,      0.0003,      0.0156,      0.2006,   7710.4346,-418377.2812,   -917.7081,    549.0623,  25701.4473,
       1,     168,     126,       8,       1,       3,       1,     10.0000,      1.3967,     42.5463,    247.6105,     62.3140,      3.4953,      0.0302,     -0.0014,      0.5186,      0.1414,      5.5617,     11.1234,      1.2495,     28.7587,     57.5173,      0.0192,      0.0003,      0.0236,      0.2006,   7710.4346,-418340.5938,   -917.7032,    549.0648,  25701.4473,
       1,     168,     126,       9,       1,       3,       1,     10.0000,      1.3967,     42.5463,    247.6105,     62.3140,      3.4953,      0.1342,      0.1019,      4.3965,      0.1600,      5.5617,     11.1234,      1.4142,     28.7587,     57.5173,      0.0192,      0.0003,      0.1737,      0.2006,   7710.4346,-418561.0312,   -917.8145,    549.0496,  25701.4453,
       1,     168,     126,      10,       1,       3,       1,     10.0000,      1.3967,     42.5463,    247.6105,     62.3140,      3.4953,      0.1726,      0.1391,      7.4356,      0.1984,      5.5617,     11.1234,      1.7533,     28.7587,     57.5173,      0.0192,      0.0004,      0.2296,      0.2006,   7710.4341,-423484.4062,   -919.2473,    548.7117,  25701.4473,
       1,     168,     126,      11,       1,       3,       1,     10.0000,      1.3967,     42.5463,    247.6105,     62.3140,      3.4953,      0.1858,      0.1512,      9.7701,      0.2345,      5.5617,     11.1234,      2.0720,     28.7587,     57.5173,      0.0192,      0.0005,      0.2489,      0.2006,   7710.4346,-427755.5938,   -921.1127,    548.4188,  25701.4473,
       1,     168,     126,      12,       1,       3,       1,     10.0000,      1.3967,     42.5463,    247.6105,     62.3140,      3.4953,      0.1864,      0.1515,     10.4585,      0.2479,      5.5617,     11.1234,      2.1904,     28.7587,     57.5173,      0.0192,      0.0005,      0.2499,      0.2006,   7710.4346,-431079.0000,   -923.4216,    548.1911,  25701.4473,
       1,     168,     126,      13,       1,       3,       1,     10.0000,      1.3967,     42.5463,    247.6105,     62.3140,      3.4953,      0.1864,      0.1507,     12.0154,      0.2795,      5.5617,     11.1234,      2.4701,     28.7587,     57.5173,      0.0192,      0.0006,      0.2500,      0.2006,   7710.4346,-432237.9688,   -925.3509,    548.1117,  25701.4473,
       1,     168,     126,      14,       1,       3,       1,     10.0000,      1.3967,     42.5463,    247.6105,     62.3140,      3.4953,      0.1859,      0.1496,     22.9719,      0.3084,      5.5617,     11.1234,      2.7248,     28.7587,     57.5173,      0.0192,      0.0011,      0.2483,      0.2006,   7710.4346,-434307.8438,   -926.9294,    547.9699,  25701.4453,
       1,     168,     126,      15,       1,       3,       1,     10.0000,      1.3967,     42.5463,    247.6105,     62.3140,      3.4953,      0.1778,      0.1412,     77.2954,      0.3235,      5.5617,     11.1234,      2.8585,     28.7587,     57.5173,      0.0192,      0.0041,      0.2301,      0.2006,   7710.4341,-448346.8438,   -930.5631,    547.0084,  25701.4453,
       1,     168,     126,      16,       1,       3,       1,     10.0000,      1.3967,     42.5463,    247.6105,     62.3140,      3.4953,      0.1777,      0.1406,    129.3412,      0.3468,      5.5617,     11.1234,      3.0645,     28.7587,     57.5173,      0.0192,      0.0071,      0.2242,      0.2006,   7710.4341,-518296.1250,   -944.7165,    542.2264,  25701.4453,
       1,     168,     126,      17,       1,       3,       1,     10.0000,      1.3967,     42.5463,    247.6105,     62.3140,      3.4953,      0.1738,      0.1371,    152.9093,      0.3278,      5.5617,     11.1234,      2.8969,     28.7587,     57.5173,      0.0192,      0.0087,      0.2155,      0.2005,   7710.4341,-590333.1875,   -959.5878,    537.3646,  25701.4434,
       1,     168,     126,      18,       1,       3,       1,     10.0000,      1.3967,     42.5463,    247.6105,     62.3140,      3.4953,      0.1622,      0.1267,    159.6941,      0.2758,      5.5617,     11.1234,      2.4370,     28.7587,     57.5173,      0.0192,      0.0100,      0.1972,      0.2004,   7710.4331,-626491.6250,   -967.6957,    534.9576,  25701.4414,
       1,     168,     126,      19,       1,       3,       1,     10.0000,      1.3967,     42.5463,    247.6105,     62.3140,      3.4953,      0.1486,      0.1135,    166.7222,      0.2585,      5.5617,     11.1234,      2.2839,     28.7587,     57.5173,      0.0192,      0.0116,      0.1763,      0.2003,   7710.4326,-638219.3125,   -971.1346,    534.1787,  25701.4414,
       1,     168,     126,      20,       1,       3,       1,     10.0000,      1.3967,     42.5463,    247.6105,     62.3140,      3.4953,      0.0421,      0.0081,     31.5009,      0.2141,      5.5617,     11.1234,      1.8915,     28.7587,     57.5173,      0.0192,      0.0111,      0.0349,      0.2003,   7710.4326,-648149.8750,   -974.2234,    533.5162,  25701.4395,
       1,     168,     126,      21,       1,       3,       1,     10.0000,      1.3967,     42.5463,    247.6105,     62.3140,      3.4953,      0.0000,     -0.0333,     13.9694,      0.1907,      5.5617,     11.1234,      1.6852,     28.7587,     57.5173,      0.0192,      0.0110,      0.0156,      0.2003,   7710.4321,-477350.9375,   -942.0305,    544.9071,  25701.4355,
       1,     168,     126,      22,       1,       3,       1,     10.0000,      1.3967,     42.5463,    247.6105,     62.3140,      3.4953,      0.0000,     -0.0332,     12.3382,      0.1872,      5.5617,     11.1234,      1.6538,     28.7587,     57.5173,      0.0192,      0.0097,      0.0156,      0.2005,   7710.4312,-440831.2500,   -935.1323,    547.5170,  25701.4355,
       1,     168,     126,      23,       1,       3,       1,     10.0000,      1.3967,     42.5463,    247.6105,     62.3140,      3.4953,      0.0000,     -0.0331,      9.7356,      0.1855,      5.5617,     11.1234,      1.6391,     28.7587,     57.5173,      0.0192,      0.0077,      0.0156,      0.2006,   7710.4312,-435470.1562,   -934.1321,    547.8902,  25701.4355,
       1,     168,     126,      24,       1,       3,       1,     10.0000,      1.3967,     42.5463,    247.6105,     62.3140,      3.4953,      0.0000,     -0.0328,      9.1996,      0.1749,      5.5617,     11.1234,      1.5457,     28.7587,     57.5173,      0.0192,      0.0073,      0.0156,      0.2006,   7710.4312,-431705.6250,   -933.4377,    548.1481,  25701.4355,
       1,     168,     127,       1,       1,       3,       1,     10.0000,      1.3968,     42.5466,    247.6165,     62.3155,      3.4953,      0.0000,     -0.0325,      5.7875,      0.1654,      5.5609,     11.1218,      1.4617,     28.7667,     57.5334,      0.0192,      0.0046,      0.0156,      0.2006,   7710.4312,-430857.0312,   -933.5833,    548.2192,  25702.5957,
       1,     168,     127,       2,       1,       3,       1,     10.0000,      1.3968,     42.5466,    247.6165,     62.3155,      3.4953,      0.0000,     -0.0324,      4.6445,      0.1615,      5.5609,     11.1218,      1.4270,     28.7667,     57.5334,      0.0192,      0.0037,      0.0156,      0.2006,   7710.7788,-426314.2500,   -932.4327,    548.5305,  25702.5977,
       1,     168,     127,       3,       1,       3,       1,     10.0000,      1.3968,     42.5466,    247.6165,     62.3155,      3.4953,      0.0000,     -0.0324,      4.0302,      0.1628,      5.5609,     11.1218,      1.4385,     28.7667,     57.5334,      0.0192,      0.0032,      0.0156,      0.2006,   7710.7798,-424474.7188,   -932.0851,    548.6567,  25702.5977,
       1,     168,     127,       4,       1,       3,       1,     10.0000,      1.3968,     42.5466,    247.6165,     62.3155,      3.4953,      0.0000,     -0.0323,      3.8782,      0.1604,      5.5609,     11.1218,      1.4170,     28.7667,     57.5334,      0.0192,      0.0031,      0.0156,      0.2006,   7710.7798,-423538.2188,   -931.9101,    548.7209,  25702.5977,
       1,     168,     127,       5,       1,       3,       1,     10.0000,      1.3968,     42.5466,    247.6165,     62.3155,      3.4953,      0.0000,     -0.0321,      2.8257,      0.1548,      5.5609,     11.1218,      1.3681,     28.7667,     57.5334,      0.0192,      0.0022,      0.0156,      0.2006,   7710.7798,-423264.8125,   -931.8580,    548.7397,  25702.5977,
       1,     168,     127,       6,       1,       3,       1,     10.0000,      1.3968,     42.5466,    247.6165,     62.3155,      3.4953,      0.0000,     -0.0321,      2.4075,      0.1555,      5.5609,     11.1218,      1.3736,     28.7667,     57.5334,      0.0192,      0.0019,      0.0156,      0.2006,   7710.7798,-421910.0625,   -931.6000,    548.8326,  25702.5977,
       1,     168,     127,       7,       1,       3,       1,     10.0000,      1.3968,     42.5466,    247.6165,     62.3155,      3.4953,      0.0000,     -0.0320,      1.7802,      0.1521,      5.5609,     11.1218,      1.3436,     28.7667,     57.5334,      0.0192,      0.0014,      0.0156,      0.2006,   7710.7798,-421263.7188,   -931.4795,    548.8770,  25702.5957,
       1,     168,     127,       8,       1,       3,       1,     10.0000,      1.3968,     42.5466,    247.6165,     62.3155,      3.4953,      0.0134,     -0.0186,      1.6897,      0.1514,      5.5609,     11.1218,      1.3382,     28.7667,     57.5334,      0.0192,      0.0013,      0.0156,      0.2006,   7710.7788,-420414.7812,   -931.3226,    548.9352,  25702.5977,
       1,     168,     127,       9,       1,       3,       1,     10.0000,      1.3968,     42.5466,    247.6165,     62.3155,      3.4953,      0.1125,      0.0801,     12.2280,      0.1625,      5.5609,     11.1218,      1.4356,     28.7667,     57.5334,      0.0192,      0.0011,      0.1412,      0.2006,   7710.7798,-420226.4062,   -931.2849,    548.9482,  25702.5977,
       1,     168,     127,      10,       1,       3,       1,     10.0000,      1.3968,     42.5466,    247.6165,     62.3155,      3.4953,      0.1700,      0.1367,     12.5791,      0.1909,      5.5609,     11.1218,      1.6869,     28.7667,     57.5334,      0.0192,      0.0007,      0.2251,      0.2006,   7710.7798,-433535.8438,   -933.8706,    548.0349,  25702.5977,
       1,     168,     127,      11,       1,       3,       1,     10.0000,      1.3968,     42.5466,    247.6165,     62.3155,      3.4953,      0.1867,      0.1522,     11.9269,      0.2306,      5.5609,     11.1218,      2.0379,     28.7667,     57.5334,      0.0192,      0.0006,      0.2500,      0.2006,   7710.7798,-435136.8125,   -934.1799,    547.9260,  25702.5977,
       1,     168,     127,      12,       1,       3,       1,     10.0000,      1.3968,     42.5466,    247.6165,     62.3155,      3.4953,      0.1864,      0.1511,     11.3817,      0.2643,      5.5609,     11.1218,      2.3354,     28.7667,     57.5334,      0.0192,      0.0006,      0.2500,      0.2006,   7710.7798,-434449.6875,   -933.9536,    547.9730,  25702.5977,
       1,     168,     127,      13,       1,       3,       1,     10.0000,      1.3968,     42.5466,    247.6165,     62.3155,      3.4953,      0.1864,      0.1507,     12.1097,      0.2814,      5.5609,     11.1218,      2.4869,     28.7667,     57.5334,      0.0192,      0.0006,      0.2500,      0.2006,   7710.7798,-433700.6250,   -933.6376,    548.0244,  25702.5977,
       1,     168,     127,      14,       1,       3,       1,     10.0000,      1.3968,     42.5466,    247.6165,     62.3155,      3.4953,      0.1866,      0.1509,     14.9567,      0.2806,      5.5609,     11.1218,      2.4797,     28.7667,     57.5334,      0.0192,      0.0007,      0.2500,      0.2006,   7710.7798,-434556.4688,   -933.6209,    547.9658,  25702.5977,
       1,     168,     127,      15,       1,       3,       1,     10.0000,      1.3968,     42.5466,    247.6165,     62.3155,      3.4953,      0.1858,      0.1501,     54.2465,      0.2842,      5.5609,     11.1218,      2.5110,     28.7667,     57.5334,      0.0192,      0.0027,      0.2443,      0.2006,   7710.7798,-438231.4688,   -934.2072,    547.7140,  25702.5977,
       1,     168,     127,      16,       1,       3,       1,     10.0000,      1.3968,     42.5466,    247.6165,     62.3155,      3.4953,      0.1863,      0.1508,    117.0461,      0.2716,      5.5609,     11.1218,      2.3996,     28.7667,     57.5334,      0.0192,      0.0061,      0.2377,      0.2006,   7710.7798,-488246.2500,   -943.9763,    544.2899,  25702.5957,
       1,     168,     127,      17,       1,       3,       1,     10.0000,      1.3968,     42.5466,    247.6165,     62.3155,      3.4953,      0.1794,      0.1438,    155.9008,      0.2742,      5.5609,     11.1218,      2.4229,     28.7667,     57.5334,      0.0192,      0.0086,      0.2231,      0.2005,   7710.7788,-572102.8125,   -960.6511,    538.5953,  25702.5938,
       1,     168,     127,      18,       1,       3,       1,     10.0000,      1.3968,     42.5466,    247.6165,     62.3155,      3.4953,      0.1507,      0.1157,    138.0809,      0.2518,      5.5609,     11.1218,      2.2248,     28.7667,     57.5334,      0.0192,      0.0093,      0.1825,      0.2004,   7710.7783,-628684.6250,   -972.2927,    534.8156,  25702.5957,
       1,     168,     127,      19,       1,       3,       1,     10.0000,      1.3968,     42.5466,    247.6165,     62.3155,      3.4953,      0.1305,      0.0959,    114.4488,      0.2398,      5.5609,     11.1218,      2.1190,     28.7667,     57.5334,      0.0192,      0.0091,      0.1554,      0.2003,   7710.7788,-610973.6250,   -969.4921,    536.0128,  25702.5918,
       1,     168,     127,      20,       1,       3,       1,     10.0000,      1.3968,     42.5466,    247.6165,     62.3155,      3.4953,      0.0205,     -0.0135,      4.5584,      0.2153,      5.5609,     11.1218,      1.9027,     28.7667,     57.5334,      0.0192,      0.0092,      0.0061,      0.2004,   7710.7778,-579454.1250,   -963.8665,    538.1260,  25702.5898,
       1,     168,     127,      21,       1,       3,       1,     10.0000,      1.3968,     42.5466,    247.6165,     62.3155,      3.4953,      0.0000,     -0.0333,     10.4330,      0.1915,      5.5609,     11.1218,      1.6920,     28.7667,     57.5334,      0.0192,      0.0082,      0.0156,      0.2004,   7710.7773,-437432.9375,   -935.9294,    547.6833,  25702.5898,
       1,     168,     127,      22,       1,       3,       1,     10.0000,      1.3968,     42.5466,    247.6165,     62.3155,      3.4953,      0.0000,     -0.0329,      9.7126,      0.1776,      5.5609,     11.1218,      1.5690,     28.7667,     57.5334,      0.0192,      0.0077,      0.0156,      0.2006,   7710.7773,-432868.0938,   -934.9670,    548.0814,  25702.5898,
       1,     168,     127,      23,       1,       3,       1,     10.0000,      1.3968,     42.5466,    247.6165,     62.3155,      3.4953,      0.0000,     -0.0325,      8.2914,      0.1669,      5.5609,     11.1218,      1.4749,     28.7667,     57.5334,      0.0192,      0.0065,      0.0156,      0.2006,   7710.7773,-431453.4375,   -934.6398,    548.1783,  25702.5879,
       1,     168,     127,      24,       1,       3,       1,     10.0000,      1.3968,     42.5466,    247.6165,     62.3155,      3.4953,      0.0000,     -0.0324,      7.7417,      0.1633,      5.5609,     11.1218,      1.4428,     28.7667,     57.5334,      0.0192,      0.0061,      0.0156,      0.2006,   7710.7769,-429533.7188,   -934.1857,    548.3099,  25702.5879,
       1,     168,     128,       1,       1,       3,       1,     10.0000,      1.3968,     42.5470,    247.6223,     62.3170,      3.4953,      0.0000,     -0.0321,      6.4738,      0.1550,      5.5618,     11.1236,      1.3695,     28.7732,     57.5464,      0.0192,      0.0051,      0.0156,      0.2006,   7710.7769,-428827.8125,   -934.2733,    548.3713,  25703.7480,
       1,     168,     128,       2,       1,       3,       1,     10.0000,      1.3968,     42.5470,    247.6223,     62.3170,      3.4953,      0.0000,     -0.0319,      4.4796,      0.1489,      5.5618,     11.1236,      1.3155,     28.7732,     57.5464,      0.0192,      0.0035,      0.0156,      0.2006,   7711.1245,-427009.4688,   -933.5690,    548.4960,  25703.7500,
       1,     168,     128,       3,       1,       3,       1,     10.0000,      1.3968,     42.5470,    247.6223,     62.3170,      3.4953,      0.0000,     -0.0318,      3.2971,      0.1466,      5.5618,     11.1236,      1.2958,     28.7732,     57.5464,      0.0192,      0.0026,      0.0156,      0.2006,   7711.1255,-424329.8125,   -933.0210,    548.6797,  25703.7500,
       1,     168,     128,       4,       1,       3,       1,     10.0000,      1.3968,     42.5470,    247.6223,     62.3170,      3.4953,      0.0000,     -0.0318,      2.2370,      0.1447,      5.5618,     11.1236,      1.2789,     28.7732,     57.5464,      0.0192,      0.0018,      0.0156,      0.2006,   7711.1255,-422602.4375,   -932.6708,    548.7982,  25703.7500,
       1,     168,     128,       5,       1,       3,       1,     10.0000,      1.3968,     42.5470,    247.6223,     62.3170,      3.4953,      0.0000,     -0.0317,      1.4715,      0.1428,      5.5618,     11.1236,      1.2623,     28.7732,     57.5464,      0.0192,      0.0012,      0.0156,      0.2006,   7711.1255,-421112.0938,   -932.3649,    548.9005,  25703.7520,
       1,     168,     128,       6,       1,       3,       1,     10.0000,      1.3968,     42.5470,    247.6223,     62.3170,      3.4953,      0.0000,     -0.0317,      0.9777,      0.1417,      5.5618,     11.1236,      1.2521,     28.7732,     57.5464,      0.0192,      0.0008,      0.0156,      0.2006,   7711.1260,-420014.5938,   -932.1384,    548.9758,  25703.7500,
       1,     168,     128,       7,       1,       3,       1,     10.0000,      1.3968,     42.5470,    247.6223,     62.3170,      3.4953,      0.0000,     -0.0316,      0.6473,      0.1413,      5.5618,     11.1236,      1.2483,     28.7732,     57.5464,      0.0192,      0.0005,      0.0156,      0.2006,   7711.1255,-419295.4375,   -931.9916,    549.0252,  25703.7480,
       1,     168,     128,       8,       1,       3,       1,     10.0000,      1.3968,     42.5470,    247.6223,     62.3170,      3.4953,      0.0158,     -0.0157,      0.1067,      0.1390,      5.5618,     11.1236,      1.2283,     28.7732,     57.5464,      0.0192,      0.0005,      0.0029,      0.2006,   7711.1245,-418815.1875,   -931.8959,    549.0580,  25703.7500,
       1,     168,     128,       9,       1,       3,       1,     10.0000,      1.3968,     42.5470,    247.6223,     62.3170,      3.4953,      0.0967,      0.0649,      4.1239,      0.1468,      5.5618,     11.1236,      1.2971,     28.7732,     57.5464,      0.0192,      0.0004,      0.1195,      0.2006,   7711.1255,-418090.0312,   -931.7435,    549.1079,  25703.7500,
       1,     168,     128,      10,       1,       3,       1,     10.0000,      1.3968,     42.5470,    247.6223,     62.3170,      3.4953,      0.1429,      0.1103,      5.4108,      0.1705,      5.5618,     11.1236,      1.5062,     28.7732,     57.5464,      0.0192,      0.0004,      0.1863,      0.2006,   7711.1255,-423106.0625,   -932.7242,    548.7635,  25703.7520,
       1,     168,     128,      11,       1,       3,       1,     10.0000,      1.3968,     42.5470,    247.6223,     62.3170,      3.4953,      0.1424,      0.1093,      5.6004,      0.1866,      5.5618,     11.1236,      1.6490,     28.7732,     57.5464,      0.0192,      0.0004,      0.1855,      0.2006,   7711.1260,-425168.5000,   -933.0948,    548.6222,  25703.7500,
       1,     168,     128,      12,       1,       3,       1,     10.0000,      1.3968,     42.5470,    247.6223,     62.3170,      3.4953,      0.1627,      0.1288,      7.4119,      0.2095,      5.5618,     11.1236,      1.8511,     28.7732,     57.5464,      0.0192,      0.0004,      0.2150,      0.2006,   7711.1255,-425587.5938,   -933.1132,    548.5936,  25703.7500,
       1,     168,     128,      13,       1,       3,       1,     10.0000,      1.3968,     42.5470,    247.6223,     62.3170,      3.4953,      0.1837,      0.1498,      8.6494,      0.2132,      5.5618,     11.1236,      1.8841,     28.7732,     57.5464,      0.0192,      0.0004,      0.2458,      0.2006,   7711.1255,-427914.2812,   -933.5047,    548.4340,  25703.7500,
       1,     168,     128,      14,       1,       3,       1,     10.0000,      1.3968,     42.5470,    247.6223,     62.3170,      3.4953,      0.1865,      0.1521,      9.6489,      0.2299,      5.5618,     11.1236,      2.0319,     28.7732,     57.5464,      0.0192,      0.0005,      0.2500,      0.2006,   7711.1255,-429681.1250,   -933.7368,    548.3129,  25703.7520,
       1,     168,     128,      15,       1,       3,       1,     10.0000,      1.3968,     42.5470,    247.6223,     62.3170,      3.4953,      0.1702,      0.1365,     31.9485,      0.2036,      5.5618,     11.1236,      1.7989,     28.7732,     57.5464,      0.0192,      0.0018,      0.2232,      0.2006,   7711.1260,-431097.9062,   -933.8745,    548.2158,  25703.7520,
       1,     168,     128,      16,       1,       3,       1,     10.0000,      1.3968,     42.5470,    247.6223,     62.3170,      3.4953,      0.0977,      0.0651,     26.9346,      0.1678,      5.5618,     11.1236,      1.4823,     28.7732,     57.5464,      0.0192,      0.0028,      0.1179,      0.2006,   7711.1260,-459420.1875,   -939.5325,    546.2750,  25703.7500,
       1,     168,     128,      17,       1,       3,       1,     10.0000,      1.3968,     42.5470,    247.6223,     62.3170,      3.4953,      0.0395,      0.0072,     11.4235,      0.1605,      5.5618,     11.1236,      1.4185,     28.7732,     57.5464,      0.0192,      0.0040,      0.0351,      0.2006,   7711.1255,-455541.8438,   -938.8368,    546.5432,  25703.7480,
       1,     168,     128,      18,       1,       3,       1,     10.0000,      1.3968,     42.5470,    247.6223,     62.3170,      3.4953,      0.0128,     -0.0192,      5.1494,      0.1498,      5.5618,     11.1236,      1.3235,     28.7732,     57.5464,      0.0192,      0.0041,      0.0156,      0.2006,   7711.1245,-435580.1562,   -934.8705,    547.9070,  25703.7480,
       1,     168,     128,      19,       1,       3,       1,     10.0000,      1.3968,     42.5470,    247.6223,     62.3170,      3.4953,      0.0048,     -0.0269,      5.8670,      0.1417,      5.5618,     11.1236,      1.2521,     28.7732,     57.5464,      0.0192,      0.0046,      0.0156,      0.2006,   7711.1245,-425921.5938,   -932.9127,    548.5702,  25703.7480,
       1,     168,     128,      20,       1,       3,       1,     10.0000,      1.3968,     42.5470,    247.6223,     62.3170,      3.4953,      0.0008,     -0.0306,      4.8414,      0.1361,      5.5618,     11.1236,      1.2024,     28.7732,     57.5464,      0.0192,      0.0038,      0.0156,      0.2006,   7711.1245,-425990.6250,   -932.8724,    548.5659,  25703.7480,
       1,     168,     128,      21,       1,       3,       1,     10.0000,      1.3968,     42.5470,    247.6223,     62.3170,      3.4953,      0.0000,     -0.0313,      3.1925,      0.1332,      5.5618,     11.1236,      1.1771,     28.7732,     57.5464,      0.0192,      0.0025,      0.0156,      0.2006,   7711.1245,-424699.1875,   -934.3163,    548.6544,  25703.7500,
       1,     168,     128,      22,       1,       3,       1,     10.0000,      1.3968,     42.5470,    247.6223,     62.3170,      3.4953,      0.0000,     -0.0313,      2.7513,      0.1323,      5.5618,     11.1236,      1.1688,     28.7732,     57.5464,      0.0192,      0.0022,      0.0156,      0.2006,   7711.1255,-422502.0312,   -935.4338,    548.8051,  25703.7480,
       1,     168,     128,      23,       1,       3,       1,     10.0000,      1.3968,     42.5470,    247.6223,     62.3170,      3.4953,      0.0000,     -0.0312,      2.2466,      0.1293,      5.5618,     11.1236,      1.1429,     28.7732,     57.5464,      0.0192,      0.0018,      0.0156,      0.2006,   7711.1245,-421753.8438,   -935.2665,    548.8564,  25703.7461,
       1,     168,     128,      24,       1,       3,       1,     10.0000,      1.3968,     42.5470,    247.6223,     62.3170,      3.4953,      0.0000,     -0.0309,      1.2118,      0.1224,      5.5618,     11.1236,      1.0818,     28.7732,     57.5464,      0.0192,      0.0010,      0.0156,      0.2006,   7711.1240,-421051.0625,   -935.5463,    548.9047,  25703.7461,
       1,     168,     129,       1,       1,       3,       1,     10.0000,      1.3968,     42.5473,    247.6282,     62.3185,      3.4953,      0.0000,     -0.0312,      0.9482,      0.1287,      5.5628,     11.1256,      1.1372,     28.7646,     57.5293,      0.0192,      0.0007,      0.0156,      0.2007,   7711.1240,-419838.6562,   -936.2290,    549.0010,  25704.9082,
       1,     168,     129,       2,       1,       3,       1,     10.0000,      1.3968,     42.5473,    247.6282,     62.3185,      3.4953,      0.0000,     -0.0314,      0.5942,      0.1362,      5.5628,     11.1256,      1.2037,     28.7646,     57.5293,      0.0192,      0.0005,      0.0156,      0.2007,   7711.4727,-419246.0000,   -935.9878,    549.0417,  25704.9082,
       1,     168,     129,       3,       1,       3,       1,     10.0000,      1.3968,     42.5473,    247.6282,     62.3185,      3.4953,      0.0000,     -0.0315,      0.5295,      0.1370,      5.5628,     11.1256,      1.2110,     28.7646,     57.5293,      0.0192,      0.0004,      0.0156,      0.2007,   7711.4727,-418747.0938,   -935.8926,    549.0759,  25704.9082,
       1,     168,     129,       4,       1,       3,       1,     10.0000,      1.3968,     42.5473,    247.6282,     62.3185,      3.4953,      0.0000,     -0.0314,      0.5330,      0.1346,      5.5628,     11.1256,      1.1891,     28.7646,     57.5293,      0.0192,      0.0004,      0.0156,      0.2007,   7711.4727,-418622.0000,   -935.8703,    549.0845,  25704.9082,
       1,     168,     129,       5,       1,       3,       1,     10.0000,      1.3968,     42.5473,    247.6282,     62.3185,      3.4953,      0.0000,     -0.0313,      0.6721,      0.1316,      5.5628,     11.1256,      1.1629,     28.7646,     57.5293,      0.0192,      0.0005,      0.0156,      0.2007,   7711.4727,-418615.5000,   -935.8710,    549.0850,  25704.9062,
       1,     168,     129,       6,       1,       3,       1,     10.0000,      1.3968,     42.5473,    247.6282,     62.3185,      3.4953,      0.0000,     -0.0315,      0.4317,      0.1372,      5.5628,     11.1256,      1.2122,     28.7646,     57.5293,      0.0192,      0.0003,      0.0156,      0.2007,   7711.4722,-418790.9688,   -935.9333,    549.0729,  25704.9082,
       1,     168,     129,       7,       1,       3,       1,     10.0000,      1.3968,     42.5473,    247.6282,     62.3185,      3.4953,      0.0000,     -0.0316,      0.4546,      0.1411,      5.5628,     11.1256,      1.2471,     28.7646,     57.5293,      0.0192,      0.0004,      0.0156,      0.2007,   7711.4727,-418502.1875,   -935.8794,    549.0928,  25704.9082,
       1,     168,     129,       8,       1,       3,       1,     10.0000,      1.3968,     42.5473,    247.6282,     62.3185,      3.4953,      0.0024,     -0.0292,      0.7295,      0.1396,      5.5628,     11.1256,      1.2333,     28.7646,     57.5293,      0.0192,      0.0006,      0.0156,      0.2007,   7711.4727,-418505.9375,   -935.7427,    549.0925,  25704.9082,
       1,     168,     129,       9,       1,       3,       1,     10.0000,      1.3968,     42.5473,    247.6282,     62.3185,      3.4953,      0.0346,      0.0027,      1.0457,      0.1487,      5.5628,     11.1256,      1.3142,     28.7646,     57.5293,      0.0192,      0.0004,      0.0296,      0.2007,   7711.4727,-418853.7812,   -935.8171,    549.0686,  25704.9082,
       1,     168,     129,      10,       1,       3,       1,     10.0000,      1.3968,     42.5473,    247.6282,     62.3185,      3.4953,      0.0960,      0.0635,      3.8125,      0.1674,      5.5628,     11.1256,      1.4794,     28.7646,     57.5293,      0.0192,      0.0004,      0.1181,      0.2007,   7711.4727,-419283.8125,   -935.9127,    549.0391,  25704.9082,
       1,     168,     129,      11,       1,       3,       1,     10.0000,      1.3968,     42.5473,    247.6282,     62.3185,      3.4953,      0.1183,      0.0853,      4.3633,      0.1802,      5.5628,     11.1256,      1.5927,     28.7646,     57.5293,      0.0192,      0.0004,      0.1504,      0.2007,   7711.4727,-422818.9375,   -936.6309,    548.7964,  25704.9082,
       1,     168,     129,      12,       1,       3,       1,     10.0000,      1.3968,     42.5473,    247.6282,     62.3185,      3.4953,      0.1340,      0.1009,      5.2862,      0.1862,      5.5628,     11.1256,      1.6457,     28.7646,     57.5293,      0.0192,      0.0004,      0.1733,      0.2007,   7711.4727,-423822.2188,   -936.8656,    548.7278,  25704.9062,
       1,     168,     129,      13,       1,       3,       1,     10.0000,      1.3968,     42.5473,    247.6282,     62.3185,      3.4953,      0.1526,      0.1193,      7.1793,      0.1917,      5.5628,     11.1256,      1.6937,     28.7646,     57.5293,      0.0192,      0.0004,      0.2003,      0.2007,   7711.4722,-425076.0000,   -937.1550,    548.6418,  25704.9082,
       1,     168,     129,      14,       1,       3,       1,     10.0000,      1.3968,     42.5473,    247.6282,     62.3185,      3.4953,      0.1857,      0.1520,     15.2093,      0.2054,      5.5628,     11.1256,      1.8150,     28.7646,     57.5293,      0.0192,      0.0008,      0.2480,      0.2007,   7711.4727,-427578.0938,   -937.6973,    548.4702,  25704.9062,
       1,     168,     129,      15,       1,       3,       1,     10.0000,      1.3968,     42.5473,    247.6282,     62.3185,      3.4953,      0.1906,      0.1563,     61.9230,      0.2255,      5.5628,     11.1256,      1.9926,     28.7646,     57.5293,      0.0192,      0.0030,      0.2500,      0.2007,   7711.4722,-437948.1250,   -939.8210,    547.7592,  25704.9082,
       1,     168,     129,      16,       1,       3,       1,     10.0000,      1.3968,     42.5473,    247.6282,     62.3185,      3.4953,      0.1580,      0.1243,     77.0538,      0.2064,      5.5628,     11.1256,      1.8240,     28.7646,     57.5293,      0.0192,      0.0047,      0.2002,      0.2006,   7711.4727,-497919.8125,   -951.8270,    543.6534,  25704.9082,
       1,     168,     129,      17,       1,       3,       1,     10.0000,      1.3968,     42.5473,    247.6282,     62.3185,      3.4953,      0.0968,      0.0636,     44.4218,      0.1887,      5.5628,     11.1256,      1.6671,     28.7646,     57.5293,      0.0192,      0.0048,      0.1143,      0.2006,   7711.4727,-522308.7188,   -957.0084,    542.0114,  25704.9062,
       1,     168,     129,      18,       1,       3,       1,     10.0000,      1.3968,     42.5473,    247.6282,     62.3185,      3.4953,      0.0621,      0.0292,     26.1805,      0.1772,      5.5628,     11.1256,      1.5659,     28.7646,     57.5293,      0.0192,      0.0049,      0.0659,      0.2006,   7711.4722,-483086.0000,   -949.6323,    544.6713,  25704.9043,
       1,     168,     129,      19,       1,       3,       1,     10.0000,      1.3968,     42.5473,    247.6282,     62.3185,      3.4953,      0.0637,      0.0308,     32.4347,      0.1801,      5.5628,     11.1256,      1.5911,     28.7646,     57.5293,      0.0192,      0.0059,      0.0674,      0.2006,   7711.4717,-456632.6875,   -944.6041,    546.4788,  25704.9043,
       1,     168,     129,      20,       1,       3,       1,     10.0000,      1.3968,     42.5473,    247.6282,     62.3185,      3.4953,      0.0111,     -0.0216,      8.6387,      0.1710,      5.5628,     11.1256,      1.5108,     28.7646,     57.5293,      0.0192,      0.0068,      0.0156,      0.2006,   7711.4717,-462256.5000,   -945.8444,    546.0977,  25704.9043,
       1,     168,     129,      21,       1,       3,       1,     10.0000,      1.3968,     42.5473,    247.6282,     62.3185,      3.4953,      0.0000,     -0.0321,      6.9883,      0.1550,      5.5628,     11.1256,      1.3696,     28.7646,     57.5293,      0.0192,      0.0055,      0.0156,      0.2006,   7711.4717,-432637.7812,   -940.0464,    548.1196,  25704.9043,
       1,     168,     129,      22,       1,       3,       1,     10.0000,      1.3968,     42.5473,    247.6282,     62.3185,      3.4953,      0.0000,     -0.0317,      5.9865,      0.1418,      5.5628,     11.1256,      1.2534,     28.7646,     57.5293,      0.0192,      0.0047,      0.0156,      0.2007,   7711.4717,-427997.3125,   -939.1250,    548.4413,  25704.9043,
       1,     168,     129,      23,       1,       3,       1,     10.0000,      1.3968,     42.5473,    247.6282,     62.3185,      3.4953,      0.0000,     -0.0319,      6.1467,      0.1487,      5.5628,     11.1256,      1.3142,     28.7646,     57.5293,      0.0192,      0.0049,      0.0156,      0.2007,   7711.4717,-426323.8438,   -938.7861,    548.5562,  25704.9043,
       1,     168,     129,      24,       1,       3,       1,     10.0000,      1.3968,     42.5473,    247.6282,     62.3185,      3.4953,      0.0000,     -0.0323,      6.2409,      0.1586,      5.5628,     11.1256,      1.4016,     28.7646,     57.5293,      0.0192,      0.0049,      0.0156,      0.2007,   7711.4717,-426381.1562,   -938.7819,    548.5522,  25704.9043,
       1,     168,     130,       1,       1,       3,       1,     10.0000,      1.3968,     42.5476,    247.6341,     62.3199,      3.4953,      0.0000,     -0.0323,      5.4126,      0.1607,      5.5624,     11.1248,      1.4200,     28.7572,     57.5144,      0.0192,      0.0043,      0.0156,      0.2007,   7711.4717,-426661.1562,   -939.1078,    548.5461,  25706.0625,
       1,     168,     130,       2,       1,       3,       1,     10.0000,      1.3968,     42.5476,    247.6341,     62.3199,      3.4953,      0.0000,     -0.0323,      3.9943,      0.1605,      5.5624,     11.1248,      1.4186,     28.7572,     57.5144,      0.0192,      0.0032,      0.0156,      0.2007,   7711.8188,-425484.6875,   -938.5694,    548.6268,  25706.0605,
       1,     168,     130,       3,       1,       3,       1,     10.0000,      1.3968,     42.5476,    247.6341,     62.3199,      3.4953,      0.0000,     -0.0322,      3.5078,      0.1558,      5.5624,     11.1248,      1.3765,     28.7572,     57.5144,      0.0192,      0.0028,      0.0156,      0.2007,   7711.8184,-423589.9375,   -938.1816,    548.7567,  25706.0625,
       1,     168,     130,       4,       1,       3,       1,     10.0000,      1.3968,     42.5476,    247.6341,     62.3199,      3.4953,      0.0000,     -0.0322,      4.0230,      0.1566,      5.5624,     11.1248,      1.3834,     28.7572,     57.5144,      0.0192,      0.0032,      0.0156,      0.2007,   7711.8188,-422810.3438,   -938.0129,    548.8102,  25706.0625,
       1,     168,     130,       5,       1,       3,       1,     10.0000,      1.3968,     42.5476,    247.6341,     62.3199,      3.4953,      0.0000,     -0.0321,      4.9542,      0.1536,      5.5624,     11.1248,      1.3573,     28.7572,     57.5144,      0.0192,      0.0039,      0.0156,      0.2007,   7711.8188,-423394.0938,   -938.1102,    548.7701,  25706.0625,
       1,     168,     130,       6,       1,       3,       1,     10.0000,      1.3968,     42.5476,    247.6341,     62.3199,      3.4953,      0.0000,     -0.0320,      5.5793,      0.1507,      5.5624,     11.1248,      1.3316,     28.7572,     57.5144,      0.0192,      0.0044,      0.0156,      0.2007,   7711.8188,-424621.9375,   -938.3271,    548.6860,  25706.0625,
       1,     168,     130,       7,       1,       3,       1,     10.0000,      1.3968,     42.5476,    247.6341,     62.3199,      3.4953,      0.0000,     -0.0319,      5.3836,      0.1483,      5.5624,     11.1248,      1.3103,     28.7572,     57.5144,      0.0192,      0.0042,      0.0156,      0.2007,   7711.8188,-425518.4375,   -938.4751,    548.6244,  25706.0625,
       1,     168,     130,       8,       1,       3,       1,     10.0000,      1.3968,     42.5476,    247.6341,     62.3199,      3.4953,      0.0296,     -0.0025,      6.6700,      0.1542,      5.5624,     11.1248,      1.3627,     28.7572,     57.5144,      0.0192,      0.0038,      0.0215,      0.2007,   7711.8188,-425348.9688,   -938.4138,    548.6360,  25706.0625,
       1,     168,     130,       9,       1,       3,       1,     10.0000,      1.3968,     42.5476,    247.6341,     62.3199,      3.4953,      0.1258,      0.0930,     53.4871,      0.1742,      5.5624,     11.1248,      1.5397,     28.7572,     57.5144,      0.0192,      0.0042,      0.1558,      0.2007,   7711.8188,-426960.4688,   -938.7062,    548.5256,  25706.0645,
       1,     168,     130,      10,       1,       3,       1,     10.0000,      1.3968,     42.5476,    247.6341,     62.3199,      3.4953,      0.1706,      0.1371,     83.1941,      0.1969,      5.5624,     11.1248,      1.7396,     28.7572,     57.5144,      0.0192,      0.0047,      0.2178,      0.2007,   7711.8198,-486285.5000,   -950.5900,    544.4579,  25706.0625,
       1,     168,     130,      11,       1,       3,       1,     10.0000,      1.3968,     42.5476,    247.6341,     62.3199,      3.4953,      0.1871,      0.1532,     93.5044,      0.2116,      5.5624,     11.1248,      1.8695,     28.7572,     57.5144,      0.0192,      0.0048,      0.2410,      0.2006,   7711.8188,-529057.8750,   -959.3421,    541.5620,  25706.0625,
       1,     168,     130,      12,       1,       3,       1,     10.0000,      1.3968,     42.5476,    247.6341,     62.3199,      3.4953,      0.1924,      0.1580,     97.8488,      0.2268,      5.5624,     11.1248,      2.0044,     28.7572,     57.5144,      0.0192,      0.0048,      0.2485,      0.2006,   7711.8188,-545814.1250,   -963.0101,    540.4354,  25706.0605,
       1,     168,     130,      13,       1,       3,       1,     10.0000,      1.3968,     42.5476,    247.6341,     62.3199,      3.4953,      0.1906,      0.1561,    105.5447,      0.2320,      5.5624,     11.1248,      2.0500,     28.7572,     57.5144,      0.0192,      0.0053,      0.2450,      0.2006,   7711.8184,-552757.6250,   -964.7483,    539.9675,  25706.0566,
       1,     168,     130,      14,       1,       3,       1,     10.0000,      1.3968,     42.5476,    247.6341,     62.3199,      3.4953,      0.1944,      0.1596,    115.2220,      0.2436,      5.5624,     11.1248,      2.1525,     28.7572,     57.5144,      0.0192,      0.0057,      0.2496,      0.2005,   7711.8174,-563105.0625,   -967.1907,    539.2692,  25706.0566,
       1,     168,     130,      15,       1,       3,       1,     10.0000,      1.3968,     42.5476,    247.6341,     62.3199,      3.4953,      0.1928,      0.1580,    143.5029,      0.2477,      5.5624,     11.1248,      2.1885,     28.7572,     57.5144,      0.0192,      0.0072,      0.2442,      0.2005,   7711.8174,-576260.0000,   -970.2126,    538.3829,  25706.0547,
       1,     168,     130,      16,       1,       3,       1,     10.0000,      1.3968,     42.5476,    247.6341,     62.3199,      3.4953,      0.1877,      0.1529,    164.2073,      0.2417,      5.5624,     11.1248,      2.1358,     28.7572,     57.5144,      0.0192,      0.0086,      0.2341,      0.2005,   7711.8169,-613235.5000,   -978.1246,    535.8953,  25706.0547,
       1,     168,     130,      17,       1,       3,       1,     10.0000,      1.3968,     42.5476,    247.6341,     62.3199,      3.4953,      0.1753,      0.1409,    167.1549,      0.2302,      5.5624,     11.1248,      2.0340,     28.7572,     57.5144,      0.0192,      0.0095,      0.2155,      0.2005,   7711.8169,-642703.1250,   -984.7148,    533.9271,  25706.0508,
       1,     168,     130,      18,       1,       3,       1,     10.0000,      1.3968,     42.5476,    247.6341,     62.3199,      3.4953,      0.1401,      0.1062,    123.8064,      0.2120,      5.5624,     11.1248,      1.8731,     28.7572,     57.5144,      0.0192,      0.0090,      0.1686,      0.2004,   7711.8154,-648998.0000,   -986.7437,    533.5105,  25706.0488,
       1,     168,     130,      19,       1,       3,       1,     10.0000,      1.3968,     42.5476,    247.6341,     62.3199,      3.4953,      0.0681,      0.0347,     55.1994,      0.1951,      5.5624,     11.1248,      1.7242,     28.7572,     57.5144,      0.0192,      0.0096,      0.0709,      0.2004,   7711.8149,-594535.4375,   -976.3557,    537.1429,  25706.0469,
       1,     168,     130,      20,       1,       3,       1,     10.0000,      1.3968,     42.5476,    247.6341,     62.3199,      3.4953,      0.0154,     -0.0176,      0.3282,      0.1824,      5.5624,     11.1248,      1.6118,     28.7572,     57.5144,      0.0192,      0.0091,      0.0004,      0.2005,   7711.8145,-502904.9062,   -958.0062,    543.3075,  25706.0449,
       1,     168,     130,      21,       1,       3,       1,     10.0000,      1.3968,     42.5476,    247.6341,     62.3199,      3.4953,      0.0000,     -0.0328,     11.4076,      0.1751,      5.5624,     11.1248,      1.5474,     28.7572,     57.5144,      0.0192,      0.0090,      0.0156,      0.2006,   7711.8140,-425651.7188,   -942.1725,    548.5895,  25706.0449,
       1,     168,     130,      22,       1,       3,       1,     10.0000,      1.3968,     42.5476,    247.6341,     62.3199,      3.4953,      0.0000,     -0.0327,     11.0985,      0.1713,      5.5624,     11.1248,      1.5138,     28.7572,     57.5144,      0.0192,      0.0088,      0.0156,      0.2007,   7711.8140,-433010.7500,   -943.5524,    548.1107,  25706.0430,
       1,     168,     130,      23,       1,       3,       1,     10.0000,      1.3968,     42.5476,    247.6341,     62.3199,      3.4953,      0.0000,     -0.0326,      9.5628,      0.1681,      5.5624,     11.1248,      1.4854,     28.7572,     57.5144,      0.0192,      0.0075,      0.0156,      0.2007,   7711.8130,-433225.9688,   -943.4922,    548.0961,  25706.0410,
       1,     168,     130,      24,       1,       3,       1,     10.0000,      1.3968,     42.5476,    247.6341,     62.3199,      3.4953,      0.0000,     -0.0327,      7.9122,      0.1706,      5.5624,     11.1248,      1.5078,     28.7572,     57.5144,      0.0192,      0.0062,      0.0156,      0.2007,   7711.8125,-431303.1875,   -943.0166,    548.2279,  25706.0410,
       1,     168,     131,       1,       1,       3,       1,     10.0000,      1.3969,     42.5480,    247.6400,     62.3214,      3.4953,      0.0000,     -0.0327,      7.1137,      0.1713,      5.5619,     11.1239,      1.5138,     28.7632,     57.5265,      0.0192,      0.0056,      0.0156,      0.2007,   7711.8125,-429205.5938,   -942.8223,    548.3846,  25707.2031,
       1,     168,     131,       2,       1,       3,       1,     10.0000,      1.3969,     42.5480,    247.6400,     62.3214,      3.4953,      0.0000,     -0.0326,      6.6203,      0.1694,      5.5619,     11.1239,      1.4973,     28.7632,     57.5265,      0.0192,      0.0052,      0.0156,      0.2007,   7712.1611,-427860.5000,   -942.1893,    548.4769,  25707.2051,
       1,     168,     131,       3,       1,       3,       1,     10.0000,      1.3969,     42.5480,    247.6400,     62.3214,      3.4953,      0.0000,     -0.0325,      6.0837,      0.1664,      5.5619,     11.1239,      1.4706,     28.7632,     57.5265,      0.0192,      0.0048,      0.0156,      0.2007,   7712.1616,-427119.8125,   -941.9770,    548.5276,  25707.2031,
       1,     168,     131,       4,       1,       3,       1,     10.0000,      1.3969,     42.5480,    247.6400,     62.3214,      3.4953,      0.0000,     -0.0325,      5.9597,      0.1649,      5.5619,     11.1239,      1.4575,     28.7632,     57.5265,      0.0192,      0.0047,      0.0156,      0.2007,   7712.1611,-426377.7188,   -941.7776,    548.5785,  25707.2051,
       1,     168,     131,       5,       1,       3,       1,     10.0000,      1.3969,     42.5480,    247.6400,     62.3214,      3.4953,      0.0000,     -0.0319,      5.1871,      0.1492,      5.5619,     11.1239,      1.3183,     28.7632,     57.5265,      0.0192,      0.0041,      0.0156,      0.2007,   7712.1616,-426156.2188,   -941.6722,    548.5936,  25707.2051,
       1,     168,     131,       6,       1,       3,       1,     10.0000,      1.3969,     42.5480,    247.6400,     62.3214,      3.4953,      0.0000,     -0.0318,      4.2604,      0.1450,      5.5619,     11.1239,      1.2816,     28.7632,     57.5265,      0.0192,      0.0034,      0.0156,      0.2007,   7712.1616,-425160.5000,   -941.4279,    548.6620,  25707.2031,
       1,     168,     131,       7,       1,       3,       1,     10.0000,      1.3969,     42.5480,    247.6400,     62.3214,      3.4953,      0.0000,     -0.0317,      3.9224,      0.1442,      5.5619,     11.1239,      1.2739,     28.7632,     57.5265,      0.0192,      0.0031,      0.0156,      0.2007,   7712.1611,-423903.1562,   -941.1656,    548.7482,  25707.2031,
       1,     168,     131,       8,       1,       3,       1,     10.0000,      1.3969,     42.5480,    247.6400,     62.3214,      3.4953,      0.0109,     -0.0207,      3.8986,      0.1387,      5.5619,     11.1239,      1.2259,     28.7632,     57.5265,      0.0192,      0.0031,      0.0156,      0.2007,   7712.1611,-423366.9688,   -944.1372,    548.7850,  25707.2031,
       1,     168,     131,       9,       1,       3,       1,     10.0000,      1.3969,     42.5480,    247.6400,     62.3214,      3.4953,      0.1197,      0.0880,     29.0830,      0.1442,      5.5619,     11.1239,      1.2739,     28.7632,     57.5265,      0.0192,      0.0024,      0.1500,      0.2007,   7712.1611,-423290.3750,   -944.2220,    548.7903,  25707.2031,
       1,     168,     131,      10,       1,       3,       1,     10.0000,      1.3969,     42.5480,    247.6400,     62.3214,      3.4953,      0.0931,      0.0610,      9.7234,      0.1542,      5.5619,     11.1239,      1.3628,     28.7632,     57.5265,      0.0192,      0.0011,      0.1135,      0.2007,   7712.1611,-455115.8438,   -950.7930,    546.6071,  25707.2031,
       1,     168,     131,      11,       1,       3,       1,     10.0000,      1.3969,     42.5480,    247.6400,     62.3214,      3.4953,      0.1077,      0.0753,      7.6481,      0.1623,      5.5619,     11.1239,      1.4343,     28.7632,     57.5265,      0.0192,      0.0007,      0.1348,      0.2007,   7712.1611,-433405.4375,   -946.6459,    548.0948,  25707.2012,
       1,     168,     131,      12,       1,       3,       1,     10.0000,      1.3969,     42.5480,    247.6400,     62.3214,      3.4953,      0.1872,      0.1540,     15.2732,      0.1885,      5.5619,     11.1239,      1.6655,     28.7632,     57.5265,      0.0192,      0.0008,      0.2500,      0.2007,   7712.1606,-428902.4688,   -945.8962,    548.4053,  25707.2051,
       1,     168,     131,      13,       1,       3,       1,     10.0000,      1.3969,     42.5480,    247.6400,     62.3214,      3.4953,      0.1869,      0.1528,     12.9976,      0.2162,      5.5619,     11.1239,      1.9104,     28.7632,     57.5265,      0.0192,      0.0006,      0.2500,      0.2007,   7712.1616,-438148.1562,   -948.0855,    547.7716,  25707.2031,
       1,     168,     131,      14,       1,       3,       1,     10.0000,      1.3969,     42.5480,    247.6400,     62.3214,      3.4953,      0.1881,      0.1544,     27.1075,      0.2044,      5.5619,     11.1239,      1.8062,     28.7632,     57.5265,      0.0192,      0.0013,      0.2500,      0.2007,   7712.1611,-436073.8750,   -947.9487,    547.9140,  25707.2031,
       1,     168,     131,      15,       1,       3,       1,     10.0000,      1.3969,     42.5480,    247.6400,     62.3214,      3.4953,      0.1617,      0.1284,     32.5126,      0.1917,      5.5619,     11.1239,      1.6938,     28.7632,     57.5265,      0.0192,      0.0019,      0.2106,      0.2007,   7712.1611,-453731.5938,   -951.7408,    546.7047,  25707.2051,
       1,     168,     131,      16,       1,       3,       1,     10.0000,      1.3969,     42.5480,    247.6400,     62.3214,      3.4953,      0.0640,      0.0328,      8.5775,      0.1308,      5.5619,     11.1239,      1.1559,     28.7632,     57.5265,      0.0192,      0.0015,      0.0720,      0.2007,   7712.1616,-462099.5938,   -953.6526,    546.1342,  25707.2031,
       1,     168,     131,      17,       1,       3,       1,     10.0000,      1.3969,     42.5480,    247.6400,     62.3214,      3.4953,      0.1517,      0.1206,     39.6982,      0.1279,      5.5619,     11.1239,      1.1303,     28.7632,     57.5265,      0.0192,      0.0025,      0.1952,      0.2007,   7712.1611,-432552.9062,   -913.4719,    548.1515,  25707.2578,
       1,     168,     131,      18,       1,       3,       1,     10.0000,      1.3969,     42.5480,    247.6400,     62.3214,      3.4953,      0.1233,      0.0919,     48.0593,      0.1344,      5.5619,     11.1239,      1.1880,     28.7632,     57.5265,      0.0192,      0.0039,      0.1531,      0.2007,   7712.1777,-469339.9688,   -920.5221,    545.6346,  25707.2598,
       1,     168,     131,      19,       1,       3,       1,     10.0000,      1.3969,     42.5480,    247.6400,     62.3214,      3.4953,      0.0785,      0.0469,     25.4439,      0.1407,      5.5619,     11.1239,      1.2434,     28.7632,     57.5265,      0.0192,      0.0035,      0.0908,      0.2007,   7712.1782,-483113.6562,   -924.1848,    544.7009,  25707.2578,
       1,     168,     131,      20,       1,       3,       1,     10.0000,      1.3969,     42.5480,    247.6400,     62.3214,      3.4953,      0.0233,     -0.0082,      3.4943,      0.1355,      5.5619,     11.1239,      1.1977,     28.7632,     57.5265,      0.0192,      0.0032,      0.0134,      0.2007,   7712.1777,-455689.5312,   -920.0764,    546.5690,  25707.2559,
       1,     168,     131,      21,       1,       3,       1,     10.0000,      1.3969,     42.5480,    247.6400,     62.3214,      3.4953,      0.0000,     -0.0313,      0.9463,      0.1323,      5.5619,     11.1239,      1.1689,     28.7632,     57.5265,      0.0192,      0.0007,      0.0156,      0.2007,   7712.1772,-425570.0312,   -915.0681,    548.6300,  25707.2578,
       1,     168,     131,      22,       1,       3,       1,     10.0000,      1.3969,     42.5480,    247.6400,     62.3214,      3.4953,      0.0000,     -0.0314,      0.7922,      0.1351,      5.5619,     11.1239,      1.1940,     28.7632,     57.5265,      0.0192,      0.0006,      0.0156,      0.2007,   7712.1777,-419747.9688,   -914.0663,    549.0331,  25707.2559,
       1,     168,     131,      23,       1,       3,       1,     10.0000,      1.3969,     42.5480,    247.6400,     62.3214,      3.4953,      0.0000,     -0.0314,      1.8024,      0.1358,      5.5619,     11.1239,      1.2001,     28.7632,     57.5265,      0.0192,      0.0014,      0.0156,      0.2007,   7712.1772,-419044.0625,   -913.9771,    549.0816,  25707.2559,
       1,     168,     131,      24,       1,       3,       1,     10.0000,      1.3969,     42.5480,    247.6400,     62.3214,      3.4953,      0.0000,     -0.0315,      1.8366,      0.1387,      5.5619,     11.1239,      1.2259,     28.7632,     57.5265,      0.0192,      0.0014,      0.0156,      0.2007,   7712.1772,-420259.5000,   -914.3135,    548.9982,  25707.2559,
       1,     168,     132,       1,       1,       3,       1,     10.0000,      1.3969,     42.5483,    247.6459,     62.3229,      3.4953,      0.0000,     -0.0316,      1.3760,      0.1403,      5.5628,     11.1257,      1.2396,     28.7607,     57.5215,      0.0192,      0.0011,      0.0156,      0.2007,   7712.1772,-420565.1562,   -914.7493,    548.9904,  25708.4160,
       1,     168,     132,       2,       1,       3,       1,     10.0000,      1.3969,     42.5483,    247.6459,     62.3229,      3.4953,      0.0000,     -0.0315,      0.9305,      0.1386,      5.5628,     11.1257,      1.2247,     28.7607,     57.5215,      0.0192,      0.0007,      0.0156,      0.2007,   7712.5249,-419855.4375,   -914.4413,    549.0390,  25708.4180,
       1,     168,     132,       3,       1,       3,       1,     10.0000,      1.3969,     42.5483,    247.6459,     62.3229,      3.4953,      0.0000,     -0.0315,      0.7095,      0.1373,      5.5628,     11.1257,      1.2136,     28.7607,     57.5215,      0.0192,      0.0006,      0.0156,      0.2007,   7712.5259,-419230.7500,   -914.3741,    549.0818,  25708.4180,
       1,     168,     132,       4,       1,       3,       1,     10.0000,      1.3969,     42.5483,    247.6459,     62.3229,      3.4953,      0.0000,     -0.0314,      0.3699,      0.1342,      5.5628,     11.1257,      1.1856,     28.7607,     57.5215,      0.0192,      0.0003,      0.0156,      0.2007,   7712.5259,-418897.3750,   -914.3380,    549.1047,  25708.4180,
       1,     168,     132,       5,       1,       3,       1,     10.0000,      1.3969,     42.5483,    247.6459,     62.3229,      3.4953,      0.0000,     -0.0313,      0.3439,      0.1312,      5.5628,     11.1257,      1.1594,     28.7607,     57.5215,      0.0192,      0.0003,      0.0156,      0.2007,   7712.5259,-418439.2188,   -914.2602,    549.1362,  25708.4160,
       1,     168,     132,       6,       1,       3,       1,     10.0000,      1.3969,     42.5483,    247.6459,     62.3229,      3.4953,      0.0000,     -0.0312,      0.3309,      0.1309,      5.5628,     11.1257,      1.1571,     28.7607,     57.5215,      0.0192,      0.0003,      0.0156,      0.2007,   7712.5249,-418366.9062,   -914.2518,    549.1412,  25708.4160,
       1,     168,     132,       7,       1,       3,       1,     10.0000,      1.3969,     42.5483,    247.6459,     62.3229,      3.4953,      0.0000,     -0.0313,      0.3178,      0.1324,      5.5628,     11.1257,      1.1701,     28.7607,     57.5215,      0.0192,      0.0003,      0.0156,      0.2007,   7712.5249,-418344.1562,   -914.2508,    549.1428,  25708.4199,
       1,     168,     132,       8,       1,       3,       1,     10.0000,      1.3969,     42.5483,    247.6459,     62.3229,      3.4953,      0.0305,     -0.0010,      0.5171,      0.1382,      5.5628,     11.1257,      1.2210,     28.7607,     57.5215,      0.0192,      0.0003,      0.0242,      0.2007,   7712.5264,-418325.1875,   -914.2485,    549.1440,  25708.4180,
       1,     168,     132,       9,       1,       3,       1,     10.0000,      1.3969,     42.5483,    247.6459,     62.3229,      3.4953,      0.1400,      0.1075,      4.8043,      0.1659,      5.5628,     11.1257,      1.4663,     28.7607,     57.5215,      0.0192,      0.0003,      0.1821,      0.2007,   7712.5259,-418575.6875,   -914.4302,    549.1268,  25708.4199,
       1,     168,     132,      10,       1,       3,       1,     10.0000,      1.3969,     42.5483,    247.6459,     62.3229,      3.4953,      0.1763,      0.1430,      7.3650,      0.1907,      5.5628,     11.1257,      1.6855,     28.7607,     57.5215,      0.0192,      0.0004,      0.2350,      0.2007,   7712.5264,-424015.0312,   -916.0164,    548.7535,  25708.4180,
       1,     168,     132,      11,       1,       3,       1,     10.0000,      1.3969,     42.5483,    247.6459,     62.3229,      3.4953,      0.1866,      0.1526,      8.7668,      0.2126,      5.5628,     11.1257,      1.8788,     28.7607,     57.5215,      0.0192,      0.0004,      0.2500,      0.2007,   7712.5259,-427723.6562,   -917.6353,    548.4993,  25708.4180,
       1,     168,     132,      12,       1,       3,       1,     10.0000,      1.3969,     42.5483,    247.6459,     62.3229,      3.4953,      0.1865,      0.1521,      9.5844,      0.2297,      5.5628,     11.1257,      2.0301,     28.7607,     57.5215,      0.0192,      0.0005,      0.2500,      0.2007,   7712.5259,-429816.7812,   -919.3844,    548.3557,  25708.4180,
       1,     168,     132,      13,       1,       3,       1,     10.0000,      1.3969,     42.5483,    247.6459,     62.3229,      3.4953,      0.1865,      0.1514,     10.7475,      0.2538,      5.5628,     11.1257,      2.2424,     28.7607,     57.5215,      0.0192,      0.0005,      0.2500,      0.2007,   7712.5259,-431031.7812,   -920.9989,    548.2725,  25708.4180,
       1,     168,     132,      14,       1,       3,       1,     10.0000,      1.3969,     42.5483,    247.6459,     62.3229,      3.4953,      0.1853,      0.1504,     33.4273,      0.2513,      5.5628,     11.1257,      2.2207,     28.7607,     57.5215,      0.0192,      0.0017,      0.2457,      0.2007,   7712.5259,-432607.1562,   -922.6229,    548.1646,  25708.4180,
       1,     168,     132,      15,       1,       3,       1,     10.0000,      1.3969,     42.5483,    247.6459,     62.3229,      3.4953,      0.1887,      0.1534,    100.3465,      0.2620,      5.5628,     11.1257,      2.3154,     28.7607,     57.5215,      0.0192,      0.0051,      0.2430,      0.2007,   7712.5259,-461410.6562,   -928.7449,    546.1910,  25708.4199,
       1,     168,     132,      16,       1,       3,       1,     10.0000,      1.3969,     42.5483,    247.6459,     62.3229,      3.4953,      0.1878,      0.1526,    131.6665,      0.2587,      5.5628,     11.1257,      2.2864,     28.7607,     57.5215,      0.0192,      0.0068,      0.2381,      0.2007,   7712.5264,-548536.8750,   -946.0987,    540.2460,  25708.4180,
       1,     168,     132,      17,       1,       3,       1,     10.0000,      1.3969,     42.5483,    247.6459,     62.3229,      3.4953,      0.1625,      0.1283,    117.2990,      0.2211,      5.5628,     11.1257,      1.9540,     28.7607,     57.5215,      0.0192,      0.0071,      0.2022,      0.2006,   7712.5259,-595826.0000,   -956.2787,    537.0848,  25708.4141,
       1,     168,     132,      18,       1,       3,       1,     10.0000,      1.3969,     42.5483,    247.6459,     62.3229,      3.4953,      0.1372,      0.1045,     99.0152,      0.1718,      5.5628,     11.1257,      1.5184,     28.7607,     57.5215,      0.0192,      0.0073,      0.1671,      0.2005,   7712.5244,-581691.6875,   -954.8108,    538.0429,  25708.4121,
       1,     168,     132,      19,       1,       3,       1,     10.0000,      1.3969,     42.5483,    247.6459,     62.3229,      3.4953,      0.1199,      0.0861,     90.5428,      0.2107,      5.5628,     11.1257,      1.8622,     28.7607,     57.5215,      0.0192,      0.0078,      0.1427,      0.2006,   7712.5239,-557297.1250,   -951.1962,    539.6844,  25708.4141,
       1,     168,     132,      20,       1,       3,       1,     10.0000,      1.3969,     42.5483,    247.6459,     62.3229,      3.4953,      0.0314,     -0.0021,     12.7328,      0.1969,      5.5628,     11.1257,      1.7397,     28.7607,     57.5215,      0.0192,      0.0072,      0.0219,      0.2006,   7712.5244,-544468.5625,   -949.5923,    540.5524,  25708.4121,
       1,     168,     132,      21,       1,       3,       1,     10.0000,      1.3969,     42.5483,    247.6459,     62.3229,      3.4953,      0.0000,     -0.0331,      8.6100,      0.1837,      5.5628,     11.1257,      1.6231,     28.7607,     57.5215,      0.0192,      0.0068,      0.0156,      0.2006,   7712.5239,-444837.8750,   -931.2351,    547.2851,  25708.4102,
       1,     168,     132,      22,       1,       3,       1,     10.0000,      1.3969,     42.5483,    247.6459,     62.3229,      3.4953,      0.0000,     -0.0330,      7.5899,      0.1799,      5.5628,     11.1257,      1.5896,     28.7607,     57.5215,      0.0192,      0.0060,      0.0156,      0.2007,   7712.5234,-431154.1250,   -928.8098,    548.2632,  25708.4102,
       1,     168,     132,      23,       1,       3,       1,     10.0000,      1.3969,     42.5483,    247.6459,     62.3229,      3.4953,      0.0000,     -0.0328,      5.2561,      0.1736,      5.5628,     11.1257,      1.5336,     28.7607,     57.5215,      0.0192,      0.0041,      0.0156,      0.2007,   7712.5234,-428628.7188,   -928.4384,    548.4373,  25708.4082,
       1,     168,     132,      24,       1,       3,       1,     10.0000,      1.3969,     42.5483,    247.6459,     62.3229,      3.4953,      0.0000,     -0.0324,      5.7141,      0.1635,      5.5628,     11.1257,      1.4444,     28.7607,     57.5215,      0.0192,      0.0045,      0.0156,      0.2007,   7712.5229,-425459.1875,   -927.9036,    548.6545,  25708.4102,
       1,     168,     133,       1,       1,       3,       1,     10.0000,      1.3969,     42.5487,    247.6518,     62.3243,      3.4953,      0.0000,     -0.0321,      4.3542,      0.1538,      5.5617,     11.1233,      1.3587,     28.7680,     57.5361,      0.0192,      0.0034,      0.0156,      0.2008,   7712.5234,-425919.2188,   -928.3261,    548.6360,  25709.5703,
       1,     168,     133,       2,       1,       3,       1,     10.0000,      1.3969,     42.5487,    247.6518,     62.3243,      3.4953,      0.0000,     -0.0319,      3.5669,      0.1481,      5.5617,     11.1233,      1.3091,     28.7680,     57.5361,      0.0192,      0.0028,      0.0156,      0.2008,   7712.8716,-424086.5312,   -927.7441,    548.7617,  25709.5723,
       1,     168,     133,       3,       1,       3,       1,     10.0000,      1.3969,     42.5487,    247.6518,     62.3243,      3.4953,      0.0000,     -0.0316,      3.1805,      0.1404,      5.5617,     11.1233,      1.2409,     28.7680,     57.5361,      0.0192,      0.0025,      0.0156,      0.2008,   7712.8721,-422932.6562,   -927.5524,    548.8408,  25709.5703,
       1,     168,     133,       4,       1,       3,       1,     10.0000,      1.3969,     42.5487,    247.6518,     62.3243,      3.4953,      0.0000,     -0.0315,      3.1830,      0.1365,      5.5617,     11.1233,      1.2062,     28.7680,     57.5361,      0.0192,      0.0025,      0.0156,      0.2008,   7712.8716,-422344.6250,   -927.4633,    548.8812,  25709.5703,
       1,     168,     133,       5,       1,       3,       1,     10.0000,      1.3969,     42.5487,    247.6518,     62.3243,      3.4953,      0.0000,     -0.0315,      2.2284,      0.1379,      5.5617,     11.1233,      1.2185,     28.7680,     57.5361,      0.0192,      0.0018,      0.0156,      0.2008,   7712.8716,-422296.8125,   -927.4763,    548.8845,  25709.5703,
       1,     168,     133,       6,       1,       3,       1,     10.0000,      1.3969,     42.5487,    247.6518,     62.3243,      3.4953,      0.0000,     -0.0315,      1.2248,      0.1375,      5.5617,     11.1233,      1.2148,     28.7680,     57.5361,      0.0192,      0.0010,      0.0156,      0.2008,   7712.8716,-421086.2500,   -927.2614,    548.9676,  25709.5703,
       1,     168,     133,       7,       1,       3,       1,     10.0000,      1.3969,     42.5487,    247.6518,     62.3243,      3.4953,      0.0000,     -0.0315,      1.0508,      0.1371,      5.5617,     11.1233,      1.2111,     28.7680,     57.5361,      0.0192,      0.0008,      0.0156,      0.2008,   7712.8716,-419713.1250,   -927.0098,    549.0618,  25709.5684,
       1,     168,     133,       8,       1,       3,       1,     10.0000,      1.3969,     42.5487,    247.6518,     62.3243,      3.4953,      0.0328,      0.0012,      1.5271,      0.1406,      5.5617,     11.1233,      1.2422,     28.7680,     57.5361,      0.0192,      0.0007,      0.0272,      0.2008,   7712.8706,-419374.5000,   -926.9529,    549.0851,  25709.5703,
       1,     168,     133,       9,       1,       3,       1,     10.0000,      1.3969,     42.5487,    247.6518,     62.3243,      3.4953,      0.1082,      0.0759,     11.1045,      0.1602,      5.5617,     11.1233,      1.4158,     28.7680,     57.5361,      0.0192,      0.0010,      0.1352,      0.2008,   7712.8716,-419946.6562,   -927.0709,    549.0458,  25709.5703,
       1,     168,     133,      10,       1,       3,       1,     10.0000,      1.3969,     42.5487,    247.6518,     62.3243,      3.4953,      0.1561,      0.1230,     10.8563,      0.1850,      5.5617,     11.1233,      1.6345,     28.7680,     57.5361,      0.0192,      0.0007,      0.2049,      0.2008,   7712.8716,-432098.1875,   -929.4243,    548.2118,  25709.5723,
       1,     168,     133,      11,       1,       3,       1,     10.0000,      1.3969,     42.5487,    247.6518,     62.3243,      3.4953,      0.1845,      0.1502,      9.8334,      0.2262,      5.5617,     11.1233,      1.9986,     28.7680,     57.5361,      0.0192,      0.0005,      0.2470,      0.2008,   7712.8721,-432839.9062,   -929.6242,    548.1616,  25709.5664,
       1,     168,     133,      12,       1,       3,       1,     10.0000,      1.3969,     42.5487,    247.6518,     62.3243,      3.4953,      0.1751,      0.1408,      8.6817,      0.2240,      5.5617,     11.1233,      1.9792,     28.7680,     57.5361,      0.0192,      0.0005,      0.2332,      0.2008,   7712.8701,-431611.1875,   -929.4307,    548.2458,  25709.5684,
       1,     168,     133,      13,       1,       3,       1,     10.0000,      1.3969,     42.5487,    247.6518,     62.3243,      3.4953,      0.1865,      0.1513,     10.9787,      0.2585,      5.5617,     11.1233,      2.2842,     28.7680,     57.5361,      0.0192,      0.0005,      0.2500,      0.2008,   7712.8706,-430048.9062,   -929.1894,    548.3529,  25709.5684,
       1,     168,     133,      14,       1,       3,       1,     10.0000,      1.3969,     42.5487,    247.6518,     62.3243,      3.4953,      0.1807,      0.1461,     18.2692,      0.2338,      5.5617,     11.1233,      2.0662,     28.7680,     57.5361,      0.0192,      0.0009,      0.2404,      0.2008,   7712.8706,-432816.5000,   -929.7566,    548.1633,  25709.5684,
       1,     168,     133,      15,       1,       3,       1,     10.0000,      1.3969,     42.5487,    247.6518,     62.3243,      3.4953,      0.1902,      0.1557,     56.6899,      0.2320,      5.5617,     11.1233,      2.0501,     28.7680,     57.5361,      0.0192,      0.0028,      0.2500,      0.2008,   7712.8706,-442270.3438,   -931.6105,    547.5155,  25709.5703,
       1,     168,     133,      16,       1,       3,       1,     10.0000,      1.3969,     42.5487,    247.6518,     62.3243,      3.4953,      0.1835,      0.1485,    109.1438,      0.2518,      5.5617,     11.1233,      2.2251,     28.7680,     57.5361,      0.0192,      0.0057,      0.2343,      0.2007,   7712.8716,-491654.5312,   -941.1830,    544.1360,  25709.5703,
       1,     168,     133,      17,       1,       3,       1,     10.0000,      1.3969,     42.5487,    247.6518,     62.3243,      3.4953,      0.1752,      0.1401,    121.4313,      0.2555,      5.5617,     11.1233,      2.2578,     28.7680,     57.5361,      0.0192,      0.0068,      0.2206,      0.2007,   7712.8716,-562311.3125,   -955.0912,    539.3406,  25709.5645,
       1,     168,     133,      18,       1,       3,       1,     10.0000,      1.3969,     42.5487,    247.6518,     62.3243,      3.4953,      0.1202,      0.0856,     92.3033,      0.2347,      5.5617,     11.1233,      2.0743,     28.7680,     57.5361,      0.0192,      0.0080,      0.1426,      0.2006,   7712.8696,-584030.9375,   -959.8037,    537.8973,  25709.5664,
       1,     168,     133,      19,       1,       3,       1,     10.0000,      1.3969,     42.5487,    247.6518,     62.3243,      3.4953,      0.0768,      0.0428,     40.4354,      0.2147,      5.5617,     11.1233,      1.8974,     28.7680,     57.5361,      0.0192,      0.0059,      0.0849,      0.2006,   7712.8701,-548983.0625,   -953.5579,    540.2558,  25709.5645,
       1,     168,     133,      20,       1,       3,       1,     10.0000,      1.3969,     42.5487,    247.6518,     62.3243,      3.4953,      0.0191,     -0.0145,      2.1962,      0.2012,      5.5617,     11.1233,      1.7780,     28.7680,     57.5361,      0.0192,      0.0056,      0.0048,      0.2006,   7712.8696,-480301.5938,   -940.5819,    544.8992,  25709.5625,
       1,     168,     133,      21,       1,       3,       1,     10.0000,      1.3969,     42.5487,    247.6518,     62.3243,      3.4953,      0.0000,     -0.0334,      8.1136,      0.1936,      5.5617,     11.1233,      1.7107,     28.7680,     57.5361,      0.0192,      0.0064,      0.0156,      0.2007,   7712.8691,-426068.5000,   -930.1141,    548.6131,  25709.5625,
       1,     168,     133,      22,       1,       3,       1,     10.0000,      1.3969,     42.5487,    247.6518,     62.3243,      3.4953,      0.0000,     -0.0334,      8.1252,      0.1932,      5.5617,     11.1233,      1.7073,     28.7680,     57.5361,      0.0192,      0.0064,      0.0156,      0.2008,   7712.8691,-428867.2500,   -930.5870,    548.4338,  25709.5625,
       1,     168,     133,      23,       1,       3,       1,     10.0000,      1.3969,     42.5487,    247.6518,     62.3243,      3.4953,      0.0000,     -0.0332,      6.6797,      0.1874,      5.5617,     11.1233,      1.6557,     28.7680,     57.5361,      0.0192,      0.0053,      0.0156,      0.2008,   7712.8691,-429108.7500,   -930.5627,    548.4173,  25709.5605,
       1,     168,     133,      24,       1,       3,       1,     10.0000,      1.3969,     42.5487,    247.6518,     62.3243,      3.4953,      0.0000,     -0.0330,      5.4976,      0.1819,      5.5617,     11.1233,      1.6071,     28.7680,     57.5361,      0.0192,      0.0043,      0.0156,      0.2008,   7712.8687,-427303.0000,   -930.1569,    548.5411,  25709.5625,
       1,     168,     134,       1,       1,       3,       1,     10.0000,      1.3969,     42.5490,    247.6577,     62.3259,      3.4953,      0.0000,     -0.0330,      4.5966,      0.1824,      5.5629,     11.1258,      1.6120,     28.7722,     57.5444,      0.0192,      0.0036,      0.0156,      0.2008,   7712.8691,-425808.5625,   -930.1059,    548.6566,  25710.7246,
       1,     168,     134,       2,       1,       3,       1,     10.0000,      1.3969,     42.5490,    247.6577,     62.3259,      3.4953,      0.0000,     -0.0330,      3.7933,      0.1799,      5.5629,     11.1258,      1.5897,     28.7722,     57.5444,      0.0192,      0.0030,      0.0156,      0.2008,   7713.2178,-424386.4062,   -929.5095,    548.7541,  25710.7246,
       1,     168,     134,       3,       1,       3,       1,     10.0000,      1.3969,     42.5490,    247.6577,     62.3259,      3.4953,      0.0000,     -0.0329,      3.8532,      0.1772,      5.5629,     11.1258,      1.5661,     28.7722,     57.5444,      0.0192,      0.0030,      0.0156,      0.2008,   7713.2178,-423248.2812,   -929.2563,    548.8322,  25710.7246,
       1,     168,     134,       4,       1,       3,       1,     10.0000,      1.3969,     42.5490,    247.6577,     62.3259,      3.4953,      0.0000,     -0.0329,      3.5130,      0.1765,      5.5629,     11.1258,      1.5599,     28.7722,     57.5444,      0.0192,      0.0028,      0.0156,      0.2008,   7713.2178,-423225.1875,   -929.2169,    548.8338,  25710.7246,
       1,     168,     134,       5,       1,       3,       1,     10.0000,      1.3969,     42.5490,    247.6577,     62.3259,      3.4953,      0.0000,     -0.0330,      3.0874,      0.1804,      5.5629,     11.1258,      1.5944,     28.7722,     57.5444,      0.0192,      0.0024,      0.0156,      0.2008,   7713.2178,-422793.2812,   -929.1014,    548.8633,  25710.7266,
       1,     168,     134,       6,       1,       3,       1,     10.0000,      1.3969,     42.5490,    247.6577,     62.3259,      3.4953,      0.0000,     -0.0329,      3.1670,      0.1787,      5.5629,     11.1258,      1.5787,     28.7722,     57.5444,      0.0192,      0.0025,      0.0156,      0.2008,   7713.2183,-422217.9688,   -928.9618,    548.9029,  25710.7246,
       1,     168,     134,       7,       1,       3,       1,     10.0000,      1.3969,     42.5490,    247.6577,     62.3259,      3.4953,      0.0000,     -0.0329,      3.0814,      0.1781,      5.5629,     11.1258,      1.5739,     28.7722,     57.5444,      0.0192,      0.0024,      0.0156,      0.2008,   7713.2178,-422268.8125,   -928.9434,    548.8994,  25710.7227,
       1,     168,     134,       8,       1,       3,       1,     10.0000,      1.3969,     42.5490,    247.6577,     62.3259,      3.4953,      0.0072,     -0.0255,      2.7730,      0.1703,      5.5629,     11.1258,      1.5049,     28.7722,     57.5444,      0.0192,      0.0022,      0.0156,      0.2008,   7713.2173,-422165.3750,   -928.8975,    548.9066,  25710.7227,
       1,     168,     134,       9,       1,       3,       1,     10.0000,      1.3969,     42.5490,    247.6577,     62.3259,      3.4953,      0.0385,      0.0059,      5.5263,      0.1684,      5.5629,     11.1258,      1.4885,     28.7722,     57.5444,      0.0192,      0.0020,      0.0340,      0.2008,   7713.2173,-421766.6562,   -928.7960,    548.9339,  25710.7246,
       1,     168,     134,      10,       1,       3,       1,     10.0000,      1.3969,     42.5490,    247.6577,     62.3259,      3.4953,      0.1179,      0.0849,     27.2025,      0.1812,      5.5629,     11.1258,      1.6008,     28.7722,     57.5444,      0.0192,      0.0023,      0.1471,      0.2008,   7713.2178,-425210.5312,   -929.4445,    548.6976,  25710.7227,
       1,     168,     134,      11,       1,       3,       1,     10.0000,      1.3969,     42.5490,    247.6577,     62.3259,      3.4953,      0.1704,      0.1367,     48.2737,      0.2054,      5.5629,     11.1258,      1.8152,     28.7722,     57.5444,      0.0192,      0.0027,      0.2217,      0.2008,   7713.2173,-452898.3125,   -934.8508,    546.7986,  25710.7207,
       1,     168,     134,      12,       1,       3,       1,     10.0000,      1.3969,     42.5490,    247.6577,     62.3259,      3.4953,      0.1904,      0.1556,     59.9441,      0.2448,      5.5629,     11.1258,      2.1632,     28.7722,     57.5444,      0.0192,      0.0030,      0.2500,      0.2008,   7713.2163,-481942.1250,   -940.5718,    544.8168,  25710.7207,
       1,     168,     134,      13,       1,       3,       1,     10.0000,      1.3969,     42.5490,    247.6577,     62.3259,      3.4953,      0.1688,      0.1340,     39.9637,      0.2436,      5.5629,     11.1258,      2.1527,     28.7722,     57.5444,      0.0192,      0.0022,      0.2204,      0.2007,   7713.2163,-499219.7188,   -943.9905,    543.6436,  25710.7246,
       1,     168,     134,      14,       1,       3,       1,     10.0000,      1.3969,     42.5490,    247.6577,     62.3259,      3.4953,      0.1337,      0.1000,     28.0946,      0.2062,      5.5629,     11.1258,      1.8224,     28.7722,     57.5444,      0.0192,      0.0020,      0.1701,      0.2007,   7713.2178,-475437.5312,   -939.4730,    545.2611,  25710.7207,
       1,     168,     134,      15,       1,       3,       1,     10.0000,      1.3969,     42.5490,    247.6577,     62.3259,      3.4953,      0.1901,      0.1560,     53.4692,      0.2160,      5.5629,     11.1258,      1.9086,     28.7722,     57.5444,      0.0192,      0.0026,      0.2500,      0.2007,   7713.2163,-458380.6250,   -917.7244,    546.4260,  25710.6836,
       1,     168,     134,      16,       1,       3,       1,     10.0000,      1.3969,     42.5490,    247.6577,     62.3259,      3.4953,      0.1523,      0.1182,     58.0920,      0.2164,      5.5629,     11.1258,      1.9124,     28.7722,     57.5444,      0.0192,      0.0037,      0.1939,      0.2008,   7713.2056,-488988.5000,   -925.1865,    544.3367,  25710.7402,
       1,     168,     134,      17,       1,       3,       1,     10.0000,      1.3969,     42.5490,    247.6577,     62.3259,      3.4953,      0.1497,      0.1157,     87.6240,      0.2158,      5.5629,     11.1258,      1.9068,     28.7722,     57.5444,      0.0192,      0.0058,      0.1868,      0.2007,   7713.2222,-497486.2188,   -925.5034,    543.7625,  25710.6934,
       1,     168,     134,      18,       1,       3,       1,     10.0000,      1.3969,     42.5490,    247.6577,     62.3259,      3.4953,      0.0964,      0.0624,     53.5699,      0.2149,      5.5629,     11.1258,      1.8993,     28.7722,     57.5444,      0.0192,      0.0059,      0.1122,      0.2007,   7713.2085,-535577.3750,   -934.1718,    541.1736,  25710.7422,
       1,     168,     134,      19,       1,       3,       1,     10.0000,      1.3969,     42.5490,    247.6577,     62.3259,      3.4953,      0.0866,      0.0527,     26.7967,      0.2107,      5.5629,     11.1258,      1.8623,     28.7722,     57.5444,      0.0192,      0.0033,      0.1010,      0.2007,   7713.2231,-495777.9688,   -928.5120,    543.8721,  25710.7402,
       1,     168,     134,      20,       1,       3,       1,     10.0000,      1.3969,     42.5490,    247.6577,     62.3259,      3.4953,      0.0290,     -0.0047,      4.5811,      0.2026,      5.5629,     11.1258,      1.7903,     28.7722,     57.5444,      0.0192,      0.0030,      0.0191,      0.2007,   7713.2222,-458491.6250,   -922.6207,    546.4137,  25710.7383,
       1,     168,     134,      21,       1,       3,       1,     10.0000,      1.3969,     42.5490,    247.6577,     62.3259,      3.4953,      0.0000,     -0.0334,      4.0183,      0.1944,      5.5629,     11.1258,      1.7176,     28.7722,     57.5444,      0.0192,      0.0032,      0.0156,      0.2008,   7713.2217,-427195.0938,   -917.4847,    548.5573,  25710.7402,
       1,     168,     134,      22,       1,       3,       1,     10.0000,      1.3969,     42.5490,    247.6577,     62.3259,      3.4953,      0.0000,     -0.0333,      4.3613,      0.1902,      5.5629,     11.1258,      1.6806,     28.7722,     57.5444,      0.0192,      0.0034,      0.0156,      0.2008,   7713.2222,-423779.4062,   -917.2761,    548.7957,  25710.7402,
       1,     168,     134,      23,       1,       3,       1,     10.0000,      1.3969,     42.5490,    247.6577,     62.3259,      3.4953,      0.0000,     -0.0333,      4.6486,      0.1894,      5.5629,     11.1258,      1.6739,     28.7722,     57.5444,      0.0192,      0.0037,      0.0156,      0.2008,   7713.2222,-423911.4688,   -917.7153,    548.7867,  25710.7402,
       1,     168,     134,      24,       1,       3,       1,     10.0000,      1.3969,     42.5490,    247.6577,     62.3259,      3.4953,      0.0000,     -0.0332,      4.4880,      0.1885,      5.5629,     11.1258,      1.6656,     28.7722,     57.5444,      0.0192,      0.0035,      0.0156,      0.2008,   7713.2222,-424285.8125,   -918.2310,    548.7610,  25710.7422,
       1,     168,     135,       1,       1,       3,       1,     10.0000,      1.3969,     42.5493,    247.6635,     62.3273,      3.4953,      0.0000,     -0.0333,      4.1092,      0.1896,      5.5628,     11.1257,      1.6756,     28.7696,     57.5392,      0.0192,      0.0032,      0.0156,      0.2008,   7713.2231,-424271.6562,   -918.8918,    548.7751,  25711.9043,
       1,     168,     135,       2,       1,       3,       1,     10.0000,      1.3969,     42.5493,    247.6635,     62.3273,      3.4953,      0.0000,     -0.0333,      3.6614,      0.1913,      5.5628,     11.1257,      1.6906,     28.7696,     57.5392,      0.0192,      0.0029,      0.0156,      0.2008,   7713.5718,-423637.7188,   -918.8661,    548.8187,  25711.9043,
       1,     168,     135,       3,       1,       3,       1,     10.0000,      1.3969,     42.5493,    247.6635,     62.3273,      3.4953,      0.0000,     -0.0332,      3.5215,      0.1879,      5.5628,     11.1257,      1.6607,     28.7696,     57.5392,      0.0192,      0.0028,      0.0156,      0.2008,   7713.5718,-423016.9688,   -919.0569,    548.8612,  25711.9062,
       1,     168,     135,       4,       1,       3,       1,     10.0000,      1.3969,     42.5493,    247.6635,     62.3273,      3.4953,      0.0000,     -0.0332,      3.3918,      0.1885,      5.5628,     11.1257,      1.6657,     28.7696,     57.5392,      0.0192,      0.0027,      0.0156,      0.2008,   7713.5723,-422786.2812,   -919.2960,    548.8771,  25711.9043,
       1,     168,     135,       5,       1,       3,       1,     10.0000,      1.3969,     42.5493,    247.6635,     62.3273,      3.4953,      0.0000,     -0.0331,      2.9599,      0.1859,      5.5628,     11.1257,      1.6427,     28.7696,     57.5392,      0.0192,      0.0023,      0.0156,      0.2008,   7713.5718,-422602.5625,   -919.5228,    548.8897,  25711.9043,
       1,     168,     135,       6,       1,       3,       1,     10.0000,      1.3969,     42.5493,    247.6635,     62.3273,      3.4953,      0.0000,     -0.0330,      2.8946,      0.1826,      5.5628,     11.1257,      1.6136,     28.7696,     57.5392,      0.0192,      0.0023,      0.0156,      0.2008,   7713.5718,-422041.0312,   -919.6349,    548.9282,  25711.9043,
       1,     168,     135,       7,       1,       3,       1,     10.0000,      1.3969,     42.5493,    247.6635,     62.3273,      3.4953,      0.0000,     -0.0327,      3.0613,      0.1734,      5.5628,     11.1257,      1.5322,     28.7696,     57.5392,      0.0192,      0.0024,      0.0156,      0.2008,   7713.5718,-421909.9375,   -919.8146,    548.9372,  25711.9043,
       1,     168,     135,       8,       1,       3,       1,     10.0000,      1.3969,     42.5493,    247.6635,     62.3273,      3.4953,      0.0170,     -0.0156,      0.5642,      0.1685,      5.5628,     11.1257,      1.4885,     28.7696,     57.5392,      0.0192,      0.0022,      0.0032,      0.2008,   7713.5718,-422109.0938,   -920.0615,    548.9235,  25711.9023,
       1,     168,     135,       9,       1,       3,       1,     10.0000,      1.3969,     42.5493,    247.6635,     62.3273,      3.4953,      0.1111,      0.0780,     28.9666,      0.1842,      5.5628,     11.1257,      1.6281,     28.7696,     57.5392,      0.0192,      0.0026,      0.1370,      0.2008,   7713.5708,-418972.0938,   -919.6736,    549.1388,  25711.9043,
       1,     168,     135,      10,       1,       3,       1,     10.0000,      1.3969,     42.5493,    247.6635,     62.3273,      3.4953,      0.1459,      0.1125,     38.4060,      0.1940,      5.5628,     11.1257,      1.7142,     28.7696,     57.5392,      0.0192,      0.0025,      0.1868,      0.2008,   7713.5718,-454579.8750,   -926.5895,    546.6946,  25711.9043,
       1,     168,     135,      11,       1,       3,       1,     10.0000,      1.3969,     42.5493,    247.6635,     62.3273,      3.4953,      0.1519,      0.1180,     43.1533,      0.2112,      5.5628,     11.1257,      1.8660,     28.7696,     57.5392,      0.0192,      0.0027,      0.1951,      0.2008,   7713.5718,-469611.9062,   -929.9047,    545.6728,  25711.9043,
       1,     168,     135,      12,       1,       3,       1,     10.0000,      1.3969,     42.5493,    247.6635,     62.3273,      3.4953,      0.1832,      0.1485,     56.3540,      0.2394,      5.5628,     11.1257,      2.1153,     28.7696,     57.5392,      0.0192,      0.0029,      0.2398,      0.2008,   7713.5718,-476909.8750,   -931.9239,    545.1760,  25711.9043,
       1,     168,     135,      13,       1,       3,       1,     10.0000,      1.3969,     42.5493,    247.6635,     62.3273,      3.4953,      0.1672,      0.1321,     42.2317,      0.2568,      5.5628,     11.1257,      2.2689,     28.7696,     57.5392,      0.0192,      0.0024,      0.2179,      0.2008,   7713.5718,-494230.8750,   -936.1385,    543.9958,  25711.9043,
       1,     168,     135,      14,       1,       3,       1,     10.0000,      1.3969,     42.5493,    247.6635,     62.3273,      3.4953,      0.1618,      0.1265,     58.0995,      0.2646,      5.5628,     11.1257,      2.3381,     28.7696,     57.5392,      0.0192,      0.0034,      0.2081,      0.2007,   7713.5718,-477870.9375,   -933.8801,    545.1096,  25711.9043,
       1,     168,     135,      15,       1,       3,       1,     10.0000,      1.3969,     42.5493,    247.6635,     62.3273,      3.4953,      0.1570,      0.1218,     65.0571,      0.2608,      5.5628,     11.1257,      2.3044,     28.7696,     57.5392,      0.0192,      0.0040,      0.2002,      0.2008,   7713.5718,-496522.3438,   -938.0938,    543.8398,  25711.9062,
       1,     168,     135,      16,       1,       3,       1,     10.0000,      1.3969,     42.5493,    247.6635,     62.3273,      3.4953,      0.0993,      0.0647,     46.9279,      0.2382,      5.5628,     11.1257,      2.1050,     28.7696,     57.5392,      0.0192,      0.0049,      0.1169,      0.2007,   7713.5723,-506936.6562,   -940.6859,    543.1334,  25711.9062,
       1,     168,     135,      17,       1,       3,       1,     10.0000,      1.3969,     42.5493,    247.6635,     62.3273,      3.4953,      0.0263,     -0.0078,      7.1239,      0.2179,      5.5628,     11.1257,      1.9256,     28.7696,     57.5392,      0.0192,      0.0061,      0.0143,      0.2007,   7713.5723,-484902.8750,   -937.0656,    544.6296,  25711.9004,
       1,     168,     135,      18,       1,       3,       1,     10.0000,      1.3969,     42.5493,    247.6635,     62.3273,      3.4953,      0.0186,     -0.0150,      2.1222,      0.2006,      5.5628,     11.1257,      1.7728,     28.7696,     57.5392,      0.0192,      0.0063,      0.0041,      0.2008,   7713.5703,-432673.7188,   -927.5701,    548.1874,  25711.9043,
       1,     168,     135,      19,       1,       3,       1,     10.0000,      1.3969,     42.5493,    247.6635,     62.3273,      3.4953,      0.0140,     -0.0194,      8.3475,      0.1921,      5.5628,     11.1257,      1.6973,     28.7696,     57.5392,      0.0192,      0.0066,      0.0156,      0.2008,   7713.5718,-421869.4062,   -925.7016,    548.9395,  25711.9023,
       1,     168,     135,      20,       1,       3,       1,     10.0000,      1.3969,     42.5493,    247.6635,     62.3273,      3.4953,      0.0049,     -0.0285,      8.0704,      0.1917,      5.5628,     11.1257,      1.6940,     28.7696,     57.5392,      0.0192,      0.0064,      0.0156,      0.2008,   7713.5708,-428784.7812,   -927.1592,    548.4654,  25711.9023,
       1,     168,     135,      21,       1,       3,       1,     10.0000,      1.3969,     42.5493,    247.6635,     62.3273,      3.4953,      0.0000,     -0.0332,      6.2516,      0.1883,      5.5628,     11.1257,      1.6640,     28.7696,     57.5392,      0.0192,      0.0049,      0.0156,      0.2008,   7713.5708,-429034.2188,   -927.3487,    548.4485,  25711.9023,
       1,     168,     135,      22,       1,       3,       1,     10.0000,      1.3969,     42.5493,    247.6635,     62.3273,      3.4953,      0.0000,     -0.0332,      5.3384,      0.1885,      5.5628,     11.1257,      1.6657,     28.7696,     57.5392,      0.0192,      0.0042,      0.0156,      0.2008,   7713.5708,-426757.5312,   -927.0137,    548.6046,  25711.9004,
       1,     168,     135,      23,       1,       3,       1,     10.0000,      1.3969,     42.5493,    247.6635,     62.3273,      3.4953,      0.0000,     -0.0332,      3.0625,      0.1865,      5.5628,     11.1257,      1.6476,     28.7696,     57.5392,      0.0192,      0.0024,      0.0156,      0.2008,   7713.5703,-425406.7188,   -926.8322,    548.6973,  25711.9023,
       1,     168,     135,      24,       1,       3,       1,     10.0000,      1.3969,     42.5493,    247.6635,     62.3273,      3.4953,      0.0000,     -0.0331,      2.1330,      0.1832,      5.5628,     11.1257,      1.6184,     28.7696,     57.5392,      0.0192,      0.0017,      0.0156,      0.2008,   7713.5708,-422413.9688,   -926.3079,    548.9026,  25711.9023,
       1,     168,     136,       1,       1,       3,       1,     10.0000,      1.3970,     42.5497,    247.6694,     62.3288,      3.4953,      0.0000,     -0.0323,      1.8777,      0.1606,      5.5635,     11.1270,      1.4188,     28.7603,     57.5206,      0.0192,      0.0015,      0.0156,      0.2008,   7713.5708,-421136.9062,   -926.3699,    549.0031,  25713.0645,
       1,     168,     136,       2,       1,       3,       1,     10.0000,      1.3970,     42.5497,    247.6694,     62.3288,      3.4953,      0.0000,     -0.0316,      1.5931,      0.1416,      5.5635,     11.1270,      1.2511,     28.7603,     57.5206,      0.0192,      0.0013,      0.0156,      0.2008,   7713.9194,-420549.8750,   -926.0063,    549.0435,  25713.0645,
       1,     168,     136,       3,       1,       3,       1,     10.0000,      1.3970,     42.5497,    247.6694,     62.3288,      3.4953,      0.0000,     -0.0316,      1.5271,      0.1400,      5.5635,     11.1270,      1.2372,     28.7603,     57.5206,      0.0192,      0.0012,      0.0156,      0.2008,   7713.9194,-420139.4062,   -925.9453,    549.0717,  25713.0645,
       1,     168,     136,       4,       1,       3,       1,     10.0000,      1.3970,     42.5497,    247.6694,     62.3288,      3.4953,      0.0000,     -0.0319,      1.9037,      0.1497,      5.5635,     11.1270,      1.3224,     28.7603,     57.5206,      0.0192,      0.0015,      0.0156,      0.2008,   7713.9194,-420020.3750,   -925.9368,    549.0798,  25713.0664,
       1,     168,     136,       5,       1,       3,       1,     10.0000,      1.3970,     42.5497,    247.6694,     62.3288,      3.4953,      0.0000,     -0.0320,      1.7975,      0.1500,      5.5635,     11.1270,      1.3251,     28.7603,     57.5206,      0.0192,      0.0014,      0.0156,      0.2008,   7713.9204,-420485.7500,   -926.0421,    549.0479,  25713.0664,
       1,     168,     136,       6,       1,       3,       1,     10.0000,      1.3970,     42.5497,    247.6694,     62.3288,      3.4953,      0.0000,     -0.0320,      1.3242,      0.1503,      5.5635,     11.1270,      1.3278,     28.7603,     57.5206,      0.0192,      0.0010,      0.0156,      0.2008,   7713.9204,-420391.9062,   -926.0402,    549.0543,  25713.0625,
       1,     168,     136,       7,       1,       3,       1,     10.0000,      1.3970,     42.5497,    247.6694,     62.3288,      3.4953,      0.0000,     -0.0320,      0.9331,      0.1507,      5.5635,     11.1270,      1.3318,     28.7603,     57.5206,      0.0192,      0.0007,      0.0156,      0.2008,   7713.9189,-419786.4688,   -924.5109,    549.0959,  25713.0664,
       1,     168,     136,       8,       1,       3,       1,     10.0000,      1.3970,     42.5497,    247.6694,     62.3288,      3.4953,      0.0152,     -0.0167,      0.1163,      0.1509,      5.5635,     11.1270,      1.3331,     28.7603,     57.5206,      0.0192,      0.0010,      0.0015,      0.2008,   7713.9204,-419239.2188,   -924.4289,    549.1334,  25713.0664,
       1,     168,     136,       9,       1,       3,       1,     10.0000,      1.3970,     42.5497,    247.6694,     62.3288,      3.4953,      0.0802,      0.0480,      6.9681,      0.1556,      5.5635,     11.1270,      1.3753,     28.7603,     57.5206,      0.0192,      0.0009,      0.0949,      0.2008,   7713.9204,-418160.1875,   -923.2910,    549.2075,  25713.0645,
       1,     168,     136,      10,       1,       3,       1,     10.0000,      1.3970,     42.5497,    247.6694,     62.3288,      3.4953,      0.1219,      0.0895,      9.1635,      0.1610,      5.5635,     11.1270,      1.4230,     28.7603,     57.5206,      0.0192,      0.0007,      0.1552,      0.2008,   7713.9194,-426721.3125,   -925.0016,    548.6197,  25713.0645,
       1,     168,     136,      11,       1,       3,       1,     10.0000,      1.3970,     42.5497,    247.6694,     62.3288,      3.4953,      0.1536,      0.1206,      9.7053,      0.1819,      5.5635,     11.1270,      1.6072,     28.7603,     57.5206,      0.0192,      0.0006,      0.2014,      0.2008,   7713.9194,-430238.0312,   -925.8228,    548.3790,  25713.0645,
       1,     168,     136,      12,       1,       3,       1,     10.0000,      1.3970,     42.5497,    247.6694,     62.3288,      3.4953,      0.1753,      0.1415,      8.8201,      0.2064,      5.5635,     11.1270,      1.8243,     28.7603,     57.5206,      0.0192,      0.0005,      0.2333,      0.2008,   7713.9194,-431226.7812,   -926.2963,    548.3112,  25713.0645,
       1,     168,     136,      13,       1,       3,       1,     10.0000,      1.3970,     42.5497,    247.6694,     62.3288,      3.4953,      0.1617,      0.1277,      7.6619,      0.2169,      5.5635,     11.1270,      1.9162,     28.7603,     57.5206,      0.0192,      0.0004,      0.2136,      0.2008,   7713.9194,-430194.1250,   -926.5259,    548.3820,  25713.0645,
       1,     168,     136,      14,       1,       3,       1,     10.0000,      1.3970,     42.5497,    247.6694,     62.3288,      3.4953,      0.1867,      0.1518,     12.8327,      0.2484,      5.5635,     11.1270,      2.1952,     28.7603,     57.5206,      0.0192,      0.0006,      0.2500,      0.2008,   7713.9194,-428641.3750,   -926.5425,    548.4884,  25713.0645,
       1,     168,     136,      15,       1,       3,       1,     10.0000,      1.3970,     42.5497,    247.6694,     62.3288,      3.4953,      0.1874,      0.1526,     21.6543,      0.2455,      5.5635,     11.1270,      2.1697,     28.7603,     57.5206,      0.0192,      0.0011,      0.2500,      0.2008,   7713.9194,-435039.1562,   -928.2775,    548.0498,  25713.0625,
       1,     168,     136,      16,       1,       3,       1,     10.0000,      1.3970,     42.5497,    247.6694,     62.3288,      3.4953,      0.1724,      0.1376,     46.0846,      0.2429,      5.5635,     11.1270,      2.1465,     28.7603,     57.5206,      0.0192,      0.0025,      0.2250,      0.2008,   7713.9189,-446739.7188,   -930.8593,    547.2484,  25713.0645,
       1,     168,     136,      17,       1,       3,       1,     10.0000,      1.3970,     42.5497,    247.6694,     62.3288,      3.4953,      0.1544,      0.1204,     56.7678,      0.2137,      5.5635,     11.1270,      1.8882,     28.7603,     57.5206,      0.0192,      0.0035,      0.1971,      0.2008,   7713.9194,-478625.1875,   -937.2286,    545.0679,  25713.0645,
       1,     168,     136,      18,       1,       3,       1,     10.0000,      1.3970,     42.5497,    247.6694,     62.3288,      3.4953,      0.1235,      0.0899,     47.6409,      0.2010,      5.5635,     11.1270,      1.7763,     28.7603,     57.5206,      0.0192,      0.0038,      0.1529,      0.2008,   7713.9194,-494901.9688,   -940.7021,    543.9631,  25713.0645,
       1,     168,     136,      19,       1,       3,       1,     10.0000,      1.3970,     42.5497,    247.6694,     62.3288,      3.4953,      0.0515,      0.0182,     21.2687,      0.1921,      5.5635,     11.1270,      1.6974,     28.7603,     57.5206,      0.0192,      0.0052,      0.0505,      0.2008,   7713.9194,-484764.9375,   -939.1527,    544.6536,  25713.0664,
       1,     168,     136,      20,       1,       3,       1,     10.0000,      1.3970,     42.5497,    247.6694,     62.3288,      3.4953,      0.0063,     -0.0265,      6.1919,      0.1769,      5.5635,     11.1270,      1.5631,     28.7603,     57.5206,      0.0192,      0.0049,      0.0156,      0.2008,   7713.9204,-450544.8438,   -932.9183,    546.9838,  25713.0645,
       1,     168,     136,      21,       1,       3,       1,     10.0000,      1.3970,     42.5497,    247.6694,     62.3288,      3.4953,      0.0000,     -0.0325,      5.8217,      0.1653,      5.5635,     11.1270,      1.4605,     28.7603,     57.5206,      0.0192,      0.0046,      0.0156,      0.2008,   7713.9194,-428548.9688,   -912.5517,    548.4926,  25713.0664,
       1,     168,     136,      22,       1,       3,       1,     10.0000,      1.3970,     42.5497,    247.6694,     62.3288,      3.4953,      0.0000,     -0.0324,      4.4212,      0.1631,      5.5635,     11.1270,      1.4417,     28.7603,     57.5206,      0.0192,      0.0035,      0.0156,      0.2008,   7713.9204,-426176.7500,   -912.7820,    548.6575,  25713.0664,
       1,     168,     136,      23,       1,       3,       1,     10.0000,      1.3970,     42.5497,    247.6694,     62.3288,      3.4953,      0.0000,     -0.0324,      4.0561,      0.1628,      5.5635,     11.1270,      1.4388,     28.7603,     57.5206,      0.0192,      0.0032,      0.0156,      0.2008,   7713.9204,-424199.3125,   -912.8830,    548.7930,  25713.0664,
       1,     168,     136,      24,       1,       3,       1,     10.0000,      1.3970,     42.5497,    247.6694,     62.3288,      3.4953,      0.0000,     -0.0325,      3.2948,      0.1651,      5.5635,     11.1270,      1.4591,     28.7603,     57.5206,      0.0192,      0.0026,      0.0156,      0.2008,   7713.9204,-423566.8438,   -913.1454,    548.8365,  25713.0664,
       1,     168,     137,       1,       1,       3,       1,     10.0000,      1.3970,     42.5500,    247.6753,     62.3303,      3.4953,      0.0000,     -0.0325,      1.8100,      0.1650,      5.5632,     11.1264,      1.4577,     28.7596,     57.5191,      0.0192,      0.0014,      0.0156,      0.2009,   7713.9204,-422706.7188,   -913.6020,    548.9086,  25714.2266,
       1,     168,     137,       2,       1,       3,       1,     10.0000,      1.3970,     42.5500,    247.6753,     62.3303,      3.4953,      0.0000,     -0.0324,      0.4566,      0.1632,      5.5632,     11.1264,      1.4417,     28.7596,     57.5191,      0.0192,      0.0004,      0.0156,      0.2009,   7714.2681,-420602.9062,   -913.1303,    549.0530,  25714.2266,
       1,     168,     137,       3,       1,       3,       1,     10.0000,      1.3970,     42.5500,    247.6753,     62.3303,      3.4953,      0.0000,     -0.0324,      0.4367,      0.1640,      5.5632,     11.1264,      1.4489,     28.7596,     57.5191,      0.0192,      0.0003,      0.0156,      0.2009,   7714.2681,-418711.1250,   -912.8026,    549.1828,  25714.2266,
       1,     168,     137,       4,       1,       3,       1,     10.0000,      1.3970,     42.5500,    247.6753,     62.3303,      3.4953,      0.0000,     -0.0325,      0.5491,      0.1658,      5.5632,     11.1264,      1.4650,     28.7596,     57.5191,      0.0192,      0.0004,      0.0156,      0.2009,   7714.2681,-418522.0938,   -912.7739,    549.1958,  25714.2246,
       1,     168,     137,       5,       1,       3,       1,     10.0000,      1.3970,     42.5500,    247.6753,     62.3303,      3.4953,      0.0000,     -0.0325,      0.6133,      0.1656,      5.5632,     11.1264,      1.4635,     28.7596,     57.5191,      0.0192,      0.0005,      0.0156,      0.2009,   7714.2676,-418647.7188,   -912.8145,    549.1872,  25714.2266,
       1,     168,     137,       6,       1,       3,       1,     10.0000,      1.3970,     42.5500,    247.6753,     62.3303,      3.4953,      0.0000,     -0.0326,      0.5688,      0.1675,      5.5632,     11.1264,      1.4797,     28.7596,     57.5191,      0.0192,      0.0004,      0.0156,      0.2009,   7714.2681,-418739.5938,   -912.8534,    549.1809,  25714.2266,
       1,     168,     137,       7,       1,       3,       1,     10.0000,      1.3970,     42.5500,    247.6753,     62.3303,      3.4953,      0.0000,     -0.0324,      0.6336,      0.1635,      5.5632,     11.1264,      1.4446,     28.7596,     57.5191,      0.0192,      0.0005,      0.0156,      0.2009,   7714.2681,-418691.2500,   -912.8655,    549.1842,  25714.2266,
       1,     168,     137,       8,       1,       3,       1,     10.0000,      1.3970,     42.5500,    247.6753,     62.3303,      3.4953,      0.0429,      0.0105,      1.9444,      0.1638,      5.5632,     11.1264,      1.4475,     28.7596,     57.5191,      0.0192,      0.0006,      0.0411,      0.2009,   7714.2681,-418768.9375,   -912.9000,    549.1788,  25714.2266,
       1,     168,     137,       9,       1,       3,       1,     10.0000,      1.3970,     42.5500,    247.6753,     62.3303,      3.4953,      0.1351,      0.1019,      8.5122,      0.1868,      5.5632,     11.1264,      1.6509,     28.7596,     57.5191,      0.0192,      0.0006,      0.1744,      0.2009,   7714.2681,-420431.2500,   -913.4200,    549.0648,  25714.2266,
       1,     168,     137,      10,       1,       3,       1,     10.0000,      1.3970,     42.5500,    247.6753,     62.3303,      3.4953,      0.1595,      0.1258,     12.7169,      0.2028,      5.5632,     11.1264,      1.7922,     28.7596,     57.5191,      0.0192,      0.0007,      0.2097,      0.2009,   7714.2681,-428870.3438,   -915.5507,    548.4855,  25714.2266,
       1,     168,     137,      11,       1,       3,       1,     10.0000,      1.3970,     42.5500,    247.6753,     62.3303,      3.4953,      0.1727,      0.1385,     18.1826,      0.2222,      5.5632,     11.1264,      1.9639,     28.7596,     57.5191,      0.0192,      0.0010,      0.2285,      0.2009,   7714.2681,-434914.0938,   -917.4299,    548.0715,  25714.2266,
       1,     168,     137,      12,       1,       3,       1,     10.0000,      1.3970,     42.5500,    247.6753,     62.3303,      3.4953,      0.1740,      0.1393,     15.2902,      0.2396,      5.5632,     11.1264,      2.1175,     28.7596,     57.5191,      0.0192,      0.0008,      0.2308,      0.2009,   7714.2681,-442342.1250,   -919.6824,    547.5628,  25714.2266,
       1,     168,     137,      13,       1,       3,       1,     10.0000,      1.3970,     42.5500,    247.6753,     62.3303,      3.4953,      0.1523,      0.1185,      8.7093,      0.2050,      5.5632,     11.1264,      1.8118,     28.7596,     57.5191,      0.0192,      0.0005,      0.1995,      0.2009,   7714.2681,-439331.6250,   -915.4869,    547.7690,  25714.2266,
       1,     168,     137,      14,       1,       3,       1,     10.0000,      1.3970,     42.5500,    247.6753,     62.3303,      3.4953,      0.0222,     -0.0090,      0.9570,      0.1306,      5.5632,     11.1264,      1.1537,     28.7596,     57.5191,      0.0192,      0.0009,      0.0125,      0.2009,   7714.2681,-430757.0938,   -912.9779,    548.3563,  25714.2266,
       1,     168,     137,      15,       1,       3,       1,     10.0000,      1.3970,     42.5500,    247.6753,     62.3303,      3.4953,      0.0377,      0.0065,      4.4305,      0.1308,      5.5632,     11.1264,      1.1560,     28.7596,     57.5191,      0.0192,      0.0016,      0.0344,      0.2009,   7714.2681,-420222.5312,   -911.3105,    549.0786,  25714.2246,
       1,     168,     137,      16,       1,       3,       1,     10.0000,      1.3970,     42.5500,    247.6753,     62.3303,      3.4953,      0.0994,      0.0676,     24.6716,      0.1479,      5.5632,     11.1264,      1.3066,     28.7596,     57.5191,      0.0192,      0.0025,      0.1210,      0.2009,   7714.2676,-423698.0000,   -911.3596,    548.8406,  25714.2246,
       1,     168,     137,      17,       1,       3,       1,     10.0000,      1.3970,     42.5500,    247.6753,     62.3303,      3.4953,      0.1347,      0.1023,     46.5167,      0.1623,      5.5632,     11.1264,      1.4345,     28.7596,     57.5191,      0.0192,      0.0034,      0.1696,      0.2009,   7714.2676,-449564.3750,   -916.3561,    547.0661,  25714.2285,
       1,     168,     137,      18,       1,       3,       1,     10.0000,      1.3970,     42.5500,    247.6753,     62.3303,      3.4953,      0.1253,      0.0926,     37.3866,      0.1738,      5.5632,     11.1264,      1.5354,     28.7596,     57.5191,      0.0192,      0.0029,      0.1569,      0.2008,   7714.2690,-479414.9688,   -922.8091,    545.0276,  25714.2266,
       1,     168,     137,      19,       1,       3,       1,     10.0000,      1.3970,     42.5500,    247.6753,     62.3303,      3.4953,      0.0848,      0.0520,      7.5673,      0.1760,      5.5632,     11.1264,      1.5554,     28.7596,     57.5191,      0.0192,      0.0009,      0.1012,      0.2008,   7714.2681,-470463.4688,   -922.2847,    545.6413,  25714.2266,
       1,     168,     137,      20,       1,       3,       1,     10.0000,      1.3970,     42.5500,    247.6753,     62.3303,      3.4953,      0.0185,     -0.0141,      0.3860,      0.1700,      5.5632,     11.1264,      1.5020,     28.7596,     57.5191,      0.0192,      0.0009,      0.0054,      0.2008,   7714.2681,-431996.4062,   -915.8695,    548.2653,  25714.2266,
       1,     168,     137,      21,       1,       3,       1,     10.0000,      1.3970,     42.5500,    247.6753,     62.3303,      3.4953,      0.0000,     -0.0325,      0.7920,      0.1666,      5.5632,     11.1264,      1.4723,     28.7596,     57.5191,      0.0192,      0.0006,      0.0156,      0.2009,   7714.2681,-419616.0625,   -913.8001,    549.1201,  25714.2266,
       1,     168,     137,      22,       1,       3,       1,     10.0000,      1.3970,     42.5500,    247.6753,     62.3303,      3.4953,      0.0000,     -0.0326,      0.8210,      0.1681,      5.5632,     11.1264,      1.4856,     28.7596,     57.5191,      0.0192,      0.0006,      0.0156,      0.2009,   7714.2681,-419049.9688,   -913.7412,    549.1596,  25714.2246,
       1,     168,     137,      23,       1,       3,       1,     10.0000,      1.3970,     42.5500,    247.6753,     62.3303,      3.4953,      0.0000,     -0.0325,      1.4018,      0.1661,      5.5632,     11.1264,      1.4679,     28.7596,     57.5191,      0.0192,      0.0011,      0.0156,      0.2009,   7714.2676,-419036.8750,   -913.7756,    549.1605,  25714.2266,
       1,     168,     137,      24,       1,       3,       1,     10.0000,      1.3970,     42.5500,    247.6753,     62.3303,      3.4953,      0.0000,     -0.0325,      1.8057,      0.1651,      5.5632,     11.1264,      1.4591,     28.7596,     57.5191,      0.0192,      0.0014,      0.0156,      0.2009,   7714.2681,-419769.1250,   -913.9952,    549.1102,  25714.2285,
       1,     168,     138,       1,       1,       3,       1,     10.0000,      1.3970,     42.5503,    247.6812,     62.3318,      3.4953,      0.0000,     -0.0325,      1.9070,      0.1648,      5.5639,     11.1279,      1.4562,     28.7533,     57.5066,      0.0192,      0.0015,      0.0156,      0.2009,   7714.2690,-420499.6250,   -914.5228,    549.0732,  25715.3906,
       1,     168,     138,       2,       1,       3,       1,     10.0000,      1.3970,     42.5503,    247.6812,     62.3318,      3.4953,      0.0000,     -0.0323,      1.3491,      0.1609,      5.5639,     11.1279,      1.4217,     28.7533,     57.5066,      0.0192,      0.0011,      0.0156,      0.2009,   7714.6177,-420536.7812,   -914.4318,    549.0707,  25715.3906,
       1,     168,     138,       3,       1,       3,       1,     10.0000,      1.3970,     42.5503,    247.6812,     62.3318,      3.4953,      0.0000,     -0.0324,      1.2016,      0.1617,      5.5639,     11.1279,      1.4288,     28.7533,     57.5066,      0.0192,      0.0009,      0.0156,      0.2009,   7714.6177,-419835.3438,   -914.4028,    549.1188,  25715.3906,
       1,     168,     138,       4,       1,       3,       1,     10.0000,      1.3970,     42.5503,    247.6812,     62.3318,      3.4953,      0.0000,     -0.0324,      1.1230,      0.1615,      5.5639,     11.1279,      1.4274,     28.7533,     57.5066,      0.0192,      0.0009,      0.0156,      0.2009,   7714.6177,-419588.4062,   -914.4376,    549.1358,  25715.3906,
       1,     168,     138,       5,       1,       3,       1,     10.0000,      1.3970,     42.5503,    247.6812,     62.3318,      3.4953,      0.0000,     -0.0323,      0.9262,      0.1604,      5.5639,     11.1279,      1.4174,     28.7533,     57.5066,      0.0192,      0.0007,      0.0156,      0.2009,   7714.6177,-419467.5938,   -914.4942,    549.1440,  25715.3926,
       1,     168,     138,       6,       1,       3,       1,     10.0000,      1.3970,     42.5503,    247.6812,     62.3318,      3.4953,      0.0000,     -0.0322,      0.9339,      0.1580,      5.5639,     11.1279,      1.3962,     28.7533,     57.5066,      0.0192,      0.0007,      0.0156,      0.2009,   7714.6182,-419208.3125,   -914.5078,    549.1618,  25715.3887,
       1,     168,     138,       7,       1,       3,       1,     10.0000,      1.3970,     42.5503,    247.6812,     62.3318,      3.4953,      0.0000,     -0.0321,      0.8682,      0.1556,      5.5639,     11.1279,      1.3754,     28.7533,     57.5066,      0.0192,      0.0007,      0.0156,      0.2009,   7714.6167,-419196.2500,   -914.5624,    549.1627,  25715.3906,
       1,     168,     138,       8,       1,       3,       1,     10.0000,      1.3970,     42.5503,    247.6812,     62.3318,      3.4953,      0.0140,     -0.0181,      0.7618,      0.1542,      5.5639,     11.1279,      1.3630,     28.7533,     57.5066,      0.0192,      0.0006,      0.0156,      0.2009,   7714.6177,-419111.9062,   -911.9003,    549.1685,  25715.3887,
       1,     168,     138,       9,       1,       3,       1,     10.0000,      1.3970,     42.5503,    247.6812,     62.3318,      3.4953,      0.0554,      0.0231,      2.5147,      0.1614,      5.5639,     11.1279,      1.4259,     28.7533,     57.5066,      0.0192,      0.0005,      0.0593,      0.2009,   7714.6167,-418970.3750,   -911.9675,    549.1782,  25715.3906,
       1,     168,     138,      10,       1,       3,       1,     10.0000,      1.3970,     42.5503,    247.6812,     62.3318,      3.4953,      0.1404,      0.1073,      8.7123,      0.1828,      5.5639,     11.1279,      1.6153,     28.7533,     57.5066,      0.0192,      0.0006,      0.1821,      0.2009,   7714.6177,-421171.5312,   -912.5671,    549.0270,  25715.3906,
       1,     168,     138,      11,       1,       3,       1,     10.0000,      1.3970,     42.5503,    247.6812,     62.3318,      3.4953,      0.1751,      0.1414,      9.9484,      0.2044,      5.5639,     11.1279,      1.8065,     28.7533,     57.5066,      0.0192,      0.0005,      0.2329,      0.2009,   7714.6177,-429189.2188,   -914.6414,    548.4769,  25715.3906,
       1,     168,     138,      12,       1,       3,       1,     10.0000,      1.3970,     42.5503,    247.6812,     62.3318,      3.4953,      0.1801,      0.1459,      9.9478,      0.2212,      5.5639,     11.1279,      1.9543,     28.7533,     57.5066,      0.0192,      0.0005,      0.2403,      0.2009,   7714.6177,-431445.9688,   -916.0596,    548.3224,  25715.3906,
       1,     168,     138,      13,       1,       3,       1,     10.0000,      1.3970,     42.5503,    247.6812,     62.3318,      3.4953,      0.1737,      0.1393,      9.4412,      0.2271,      5.5639,     11.1279,      2.0067,     28.7533,     57.5066,      0.0192,      0.0005,      0.2310,      0.2009,   7714.6177,-431640.4375,   -917.1099,    548.3091,  25715.3906,
       1,     168,     138,      14,       1,       3,       1,     10.0000,      1.3970,     42.5503,    247.6812,     62.3318,      3.4953,      0.0982,      0.0649,      5.4407,      0.1908,      5.5639,     11.1279,      1.6857,     28.7533,     57.5066,      0.0192,      0.0006,      0.1207,      0.2009,   7714.6177,-431017.3750,   -917.8010,    548.3518,  25715.3906,
       1,     168,     138,      15,       1,       3,       1,     10.0000,      1.3970,     42.5503,    247.6812,     62.3318,      3.4953,      0.1323,      0.0990,     20.7496,      0.1908,      5.5639,     11.1279,      1.6857,     28.7533,     57.5066,      0.0192,      0.0015,      0.1688,      0.2009,   7714.6177,-425910.7500,   -911.7572,    548.7019,  25715.3887,
       1,     168,     138,      16,       1,       3,       1,     10.0000,      1.3970,     42.5503,    247.6812,     62.3318,      3.4953,      0.1632,      0.1293,     48.6518,      0.2104,      5.5639,     11.1279,      1.8588,     28.7533,     57.5066,      0.0192,      0.0028,      0.2110,      0.2009,   7714.6167,-444802.8750,   -915.8824,    547.4062,  25715.3906,
       1,     168,     138,      17,       1,       3,       1,     10.0000,      1.3970,     42.5503,    247.6812,     62.3318,      3.4953,      0.1695,      0.1350,     67.1569,      0.2339,      5.5639,     11.1279,      2.0665,     28.7533,     57.5066,      0.0192,      0.0038,      0.2182,      0.2009,   7714.6177,-481692.1562,   -923.8647,    544.8835,  25715.3887,
       1,     168,     138,      18,       1,       3,       1,     10.0000,      1.3970,     42.5503,    247.6812,     62.3318,      3.4953,      0.1273,      0.0933,     49.5743,      0.2139,      5.5639,     11.1279,      1.8902,     28.7533,     57.5066,      0.0192,      0.0039,      0.1581,      0.2008,   7714.6167,-508289.1562,   -930.3008,    543.0779,  25715.3887,
       1,     168,     138,      19,       1,       3,       1,     10.0000,      1.3970,     42.5503,    247.6812,     62.3318,      3.4953,      0.0523,      0.0191,      6.9131,      0.1889,      5.5639,     11.1279,      1.6691,     28.7533,     57.5066,      0.0192,      0.0016,      0.0534,      0.2008,   7714.6167,-488354.4688,   -927.8646,    544.4340,  25715.3906,
       1,     168,     138,      20,       1,       3,       1,     10.0000,      1.3970,     42.5503,    247.6812,     62.3318,      3.4953,      0.0054,     -0.0277,      1.6612,      0.1823,      5.5639,     11.1279,      1.6105,     28.7533,     57.5066,      0.0192,      0.0013,      0.0156,      0.2008,   7714.6177,-432705.6250,   -918.2582,    548.2229,  25715.3887,
       1,     168,     138,      21,       1,       3,       1,     10.0000,      1.3970,     42.5503,    247.6812,     62.3318,      3.4953,      0.0000,     -0.0328,      2.8909,      0.1744,      5.5639,     11.1279,      1.5415,     28.7533,     57.5066,      0.0192,      0.0023,      0.0156,      0.2009,   7714.6167,-421299.7500,   -916.3459,    549.0177,  25715.3926,
       1,     168,     138,      22,       1,       3,       1,     10.0000,      1.3970,     42.5503,    247.6812,     62.3318,      3.4953,      0.0000,     -0.0327,      4.5046,      0.1715,      5.5639,     11.1279,      1.5156,     28.7533,     57.5066,      0.0192,      0.0036,      0.0156,      0.2009,   7714.6182,-421849.0312,   -916.6575,    548.9806,  25715.3906,
       1,     168,     138,      23,       1,       3,       1,     10.0000,      1.3970,     42.5503,    247.6812,     62.3318,      3.4953,      0.0000,     -0.0326,      3.5525,      0.1691,      5.5639,     11.1279,      1.4946,     28.7533,     57.5066,      0.0192,      0.0028,      0.0156,      0.2009,   7714.6177,-423934.1562,   -917.3989,    548.8375,  25715.3906,
       1,     168,     138,      24,       1,       3,       1,     10.0000,      1.3970,     42.5503,    247.6812,     62.3318,      3.4953,      0.0000,     -0.0325,      2.1605,      0.1665,      5.5639,     11.1279,      1.4709,     28.7533,     57.5066,      0.0192,      0.0017,      0.0156,      0.2009,   7714.6177,-422912.5625,   -917.5125,    548.9076,  25715.3887,
       1,     168,     139,       1,       1,       3,       1,     10.0000,      1.3970,     42.5507,    247.6871,     62.3333,      3.4953,      0.0000,     -0.0324,      1.6836,      0.1638,      5.5637,     11.1273,      1.4476,     28.7499,     57.4999,      0.0192,      0.0013,      0.0156,      0.2009,   7714.6167,-421222.5625,   -917.6455,    549.0366,  25716.5508,
       1,     168,     139,       2,       1,       3,       1,     10.0000,      1.3970,     42.5507,    247.6871,     62.3333,      3.4953,      0.0000,     -0.0323,      1.1785,      0.1601,      5.5637,     11.1273,      1.4146,     28.7499,     57.4999,      0.0192,      0.0009,      0.0156,      0.2009,   7714.9653,-420319.9688,   -910.5972,    549.0987,  25716.5488,
       1,     168,     139,       3,       1,       3,       1,     10.0000,      1.3970,     42.5507,    247.6871,     62.3333,      3.4953,      0.0000,     -0.0323,      1.3086,      0.1611,      5.5637,     11.1273,      1.4231,     28.7499,     57.4999,      0.0192,      0.0010,      0.0156,      0.2009,   7714.9648,-419604.0938,   -910.5658,    549.1478,  25716.5527,
       1,     168,     139,       4,       1,       3,       1,     10.0000,      1.3970,     42.5507,    247.6871,     62.3333,      3.4953,      0.0000,     -0.0324,      1.1839,      0.1635,      5.5637,     11.1273,      1.4447,     28.7499,     57.4999,      0.0192,      0.0009,      0.0156,      0.2009,   7714.9663,-419705.8438,   -910.6847,    549.1407,  25716.5508,
       1,     168,     139,       5,       1,       3,       1,     10.0000,      1.3970,     42.5507,    247.6871,     62.3333,      3.4953,      0.0000,     -0.0325,      1.1182,      0.1653,      5.5637,     11.1273,      1.4607,     28.7499,     57.4999,      0.0192,      0.0009,      0.0156,      0.2009,   7714.9653,-419557.4688,   -910.7484,    549.1509,  25716.5508,
       1,     168,     139,       6,       1,       3,       1,     10.0000,      1.3970,     42.5507,    247.6871,     62.3333,      3.4953,      0.0000,     -0.0325,      1.0079,      0.1663,      5.5637,     11.1273,      1.4694,     28.7499,     57.4999,      0.0192,      0.0008,      0.0156,      0.2009,   7714.9653,-419461.6250,   -910.8143,    549.1575,  25716.5527,
       1,     168,     139,       7,       1,       3,       1,     10.0000,      1.3970,     42.5507,    247.6871,     62.3333,      3.4953,      0.0000,     -0.0325,      0.5768,      0.1673,      5.5637,     11.1273,      1.4783,     28.7499,     57.4999,      0.0192,      0.0005,      0.0156,      0.2009,   7714.9663,-419313.7500,   -910.8601,    549.1677,  25716.5508,
       1,     168,     139,       8,       1,       3,       1,     10.0000,      1.3970,     42.5507,    247.6871,     62.3333,      3.4953,      0.0071,     -0.0255,      0.4168,      0.1668,      5.5637,     11.1273,      1.4739,     28.7499,     57.4999,      0.0192,      0.0003,      0.0156,      0.2009,   7714.9653,-418756.8438,   -910.7842,    549.2059,  25716.5488,
       1,     168,     139,       9,       1,       3,       1,     10.0000,      1.3970,     42.5507,    247.6871,     62.3333,      3.4953,      0.0528,      0.0204,      1.4373,      0.1633,      5.5637,     11.1273,      1.4432,     28.7499,     57.4999,      0.0192,      0.0003,      0.0555,      0.2009,   7714.9648,-418506.8125,   -910.1358,    549.2231,  25716.5488,
       1,     168,     139,      10,       1,       3,       1,     10.0000,      1.3970,     42.5507,    247.6871,     62.3333,      3.4953,      0.1214,      0.0888,      4.1869,      0.1693,      5.5637,     11.1273,      1.4961,     28.7499,     57.4999,      0.0192,      0.0003,      0.1551,      0.2009,   7714.9648,-419773.7812,   -910.4954,    549.1361,  25716.5508,
       1,     168,     139,      11,       1,       3,       1,     10.0000,      1.3970,     42.5507,    247.6871,     62.3333,      3.4953,      0.1438,      0.1105,      5.7636,      0.1896,      5.5637,     11.1273,      1.6758,     28.7499,     57.4999,      0.0192,      0.0004,      0.1875,      0.2009,   7714.9653,-423355.1250,   -911.6226,    548.8903,  25716.5508,
       1,     168,     139,      12,       1,       3,       1,     10.0000,      1.3970,     42.5507,    247.6871,     62.3333,      3.4953,      0.1592,      0.1250,      7.6836,      0.2207,      5.5637,     11.1273,      1.9505,     28.7499,     57.4999,      0.0192,      0.0005,      0.2099,      0.2009,   7714.9653,-425656.5625,   -912.8536,    548.7324,  25716.5488,
       1,     168,     139,      13,       1,       3,       1,     10.0000,      1.3970,     42.5507,    247.6871,     62.3333,      3.4953,      0.1715,      0.1372,      9.3149,      0.2251,      5.5637,     11.1273,      1.9892,     28.7499,     57.4999,      0.0192,      0.0005,      0.2277,      0.2009,   7714.9648,-428280.9062,   -914.7269,    548.5525,  25716.5508,
       1,     168,     139,      14,       1,       3,       1,     10.0000,      1.3970,     42.5507,    247.6871,     62.3333,      3.4953,      0.0868,      0.0538,      7.1301,      0.1843,      5.5637,     11.1273,      1.6282,     28.7499,     57.4999,      0.0192,      0.0008,      0.1040,      0.2009,   7714.9653,-430568.1250,   -913.8830,    548.3957,  25716.5508,
       1,     168,     139,      15,       1,       3,       1,     10.0000,      1.3970,     42.5507,    247.6871,     62.3333,      3.4953,      0.0963,      0.0636,     11.5033,      0.1722,      5.5637,     11.1273,      1.5217,     28.7499,     57.4999,      0.0192,      0.0012,      0.1175,      0.2009,   7714.9653,-428007.1562,   -912.2542,    548.5713,  25716.5508,
       1,     168,     139,      16,       1,       3,       1,     10.0000,      1.3970,     42.5507,    247.6871,     62.3333,      3.4953,      0.0965,      0.0638,     18.8288,      0.1719,      5.5637,     11.1273,      1.5187,     28.7499,     57.4999,      0.0192,      0.0020,      0.1170,      0.2009,   7714.9653,-433307.8438,   -913.8071,    548.2078,  25716.5508,
       1,     168,     139,      17,       1,       3,       1,     10.0000,      1.3970,     42.5507,    247.6871,     62.3333,      3.4953,      0.0852,      0.0525,     27.7185,      0.1732,      5.5637,     11.1273,      1.5308,     28.7499,     57.4999,      0.0192,      0.0034,      0.0995,      0.2009,   7714.9653,-443019.0000,   -916.1778,    547.5424,  25716.5508,
       1,     168,     139,      18,       1,       3,       1,     10.0000,      1.3970,     42.5507,    247.6871,     62.3333,      3.4953,      0.0973,      0.0643,     35.0485,      0.1801,      5.5637,     11.1273,      1.5915,     28.7499,     57.4999,      0.0192,      0.0037,      0.1162,      0.2009,   7714.9653,-455089.5312,   -919.1254,    546.7167,  25716.5508,
       1,     168,     139,      19,       1,       3,       1,     10.0000,      1.3970,     42.5507,    247.6871,     62.3333,      3.4953,      0.0483,      0.0154,      5.8904,      0.1780,      5.5637,     11.1273,      1.5726,     28.7499,     57.4999,      0.0192,      0.0015,      0.0480,      0.2009,   7714.9653,-465395.4375,   -921.8709,    546.0130,  25716.5508,
       1,     168,     139,      20,       1,       3,       1,     10.0000,      1.3970,     42.5507,    247.6871,     62.3333,      3.4953,      0.0052,     -0.0273,      0.9341,      0.1638,      5.5637,     11.1273,      1.4476,     28.7499,     57.4999,      0.0192,      0.0007,      0.0156,      0.2009,   7714.9653,-429445.2188,   -912.3998,    548.4671,  25716.5508,
       1,     168,     139,      21,       1,       3,       1,     10.0000,      1.3970,     42.5507,    247.6871,     62.3333,      3.4953,      0.0000,     -0.0323,      0.9043,      0.1593,      5.5637,     11.1273,      1.4075,     28.7499,     57.4999,      0.0192,      0.0007,      0.0156,      0.2009,   7714.9653,-420092.1875,   -910.4774,    549.1139,  25716.5508,
       1,     168,     139,      22,       1,       3,       1,     10.0000,      1.3970,     42.5507,    247.6871,     62.3333,      3.4953,      0.0000,     -0.0319,      0.9902,      0.1489,      5.5637,     11.1273,      1.3159,     28.7499,     57.4999,      0.0192,      0.0008,      0.0156,      0.2009,   7714.9653,-419238.3750,   -910.3071,    549.1729,  25716.5508,
       1,     168,     139,      23,       1,       3,       1,     10.0000,      1.3970,     42.5507,    247.6871,     62.3333,      3.4953,      0.0000,     -0.0317,      1.1089,      0.1422,      5.5637,     11.1273,      1.2562,     28.7499,     57.4999,      0.0192,      0.0009,      0.0156,      0.2009,   7714.9653,-419272.2188,   -910.4064,    549.1705,  25716.5488,
       1,     168,     139,      24,       1,       3,       1,     10.0000,      1.3970,     42.5507,    247.6871,     62.3333,      3.4953,      0.0000,     -0.0319,      1.2522,      0.1473,      5.5637,     11.1273,      1.3014,     28.7499,     57.4999,      0.0192,      0.0010,      0.0156,      0.2009,   7714.9648,-419425.5625,   -910.3575,    549.1600,  25716.5508,
       1,     168,     140,       1,       1,       3,       1,     10.0000,      1.3971,     42.5510,    247.6929,     62.3348,      3.4953,      0.0000,     -0.0319,      0.6234,      0.1477,      5.5644,     11.1288,      1.3054,     28.7391,     57.4781,      0.0192,      0.0005,      0.0156,      0.2010,   7714.9653,-419776.0000,   -910.7508,    549.1492,  25717.7070,
       1,     168,     140,       2,       1,       3,       1,     10.0000,      1.3971,     42.5510,    247.6929,     62.3348,      3.4953,      0.0000,     -0.0319,      0.4396,      0.1479,      5.5644,     11.1288,      1.3067,     28.7391,     57.4781,      0.0192,      0.0003,      0.0156,      0.2010,   7715.3125,-418858.9062,   -910.3627,    549.2121,  25717.7070,
       1,     168,     140,       3,       1,       3,       1,     10.0000,      1.3971,     42.5510,    247.6929,     62.3348,      3.4953,      0.0000,     -0.0319,      0.4769,      0.1480,      5.5644,     11.1288,      1.3080,     28.7391,     57.4781,      0.0192,      0.0004,      0.0156,      0.2010,   7715.3125,-418547.4062,   -910.1238,    549.2335,  25717.7090,
       1,     168,     140,       4,       1,       3,       1,     10.0000,      1.3971,     42.5510,    247.6929,     62.3348,      3.4953,      0.0000,     -0.0318,      0.8758,      0.1471,      5.5644,     11.1288,      1.3001,     28.7391,     57.4781,      0.0192,      0.0007,      0.0156,      0.2010,   7715.3130,-418567.2188,   -910.1332,    549.2321,  25717.7090,
       1,     168,     140,       5,       1,       3,       1,     10.0000,      1.3971,     42.5510,    247.6929,     62.3348,      3.4953,      0.0000,     -0.0318,      0.4800,      0.1465,      5.5644,     11.1288,      1.2949,     28.7391,     57.4781,      0.0192,      0.0004,      0.0156,      0.2010,   7715.3130,-419072.5312,   -910.2913,    549.1974,  25717.7090,
       1,     168,     140,       6,       1,       3,       1,     10.0000,      1.3971,     42.5510,    247.6929,     62.3348,      3.4953,      0.0000,     -0.0319,      0.3692,      0.1491,      5.5644,     11.1288,      1.3172,     28.7391,     57.4781,      0.0192,      0.0003,      0.0156,      0.2010,   7715.3130,-418616.6562,   -910.2278,    549.2287,  25717.7070,
       1,     168,     140,       7,       1,       3,       1,     10.0000,      1.3971,     42.5510,    247.6929,     62.3348,      3.4953,      0.0000,     -0.0320,      0.3669,      0.1501,      5.5644,     11.1288,      1.3266,     28.7391,     57.4781,      0.0192,      0.0003,      0.0156,      0.2010,   7715.3125,-418437.5938,   -910.1996,    549.2410,  25717.7051,
       1,     168,     140,       8,       1,       3,       1,     10.0000,      1.3971,     42.5510,    247.6929,     62.3348,      3.4953,      0.0131,     -0.0188,      0.3618,      0.1483,      5.5644,     11.1288,      1.3106,     28.7391,     57.4781,      0.0192,      0.0003,      0.0156,      0.2010,   7715.3120,-418419.4062,   -910.1985,    549.2423,  25717.7070,
       1,     168,     140,       9,       1,       3,       1,     10.0000,      1.3971,     42.5510,    247.6929,     62.3348,      3.4953,      0.1104,      0.0783,      3.3557,      0.1533,      5.5644,     11.1288,      1.3549,     28.7391,     57.4781,      0.0192,      0.0003,      0.1393,      0.2010,   7715.3125,-418411.0938,   -910.2530,    549.2428,  25717.7070,
       1,     168,     140,      10,       1,       3,       1,     10.0000,      1.3971,     42.5510,    247.6929,     62.3348,      3.4953,      0.1734,      0.1406,      6.5168,      0.1762,      5.5644,     11.1288,      1.5570,     28.7391,     57.4781,      0.0192,      0.0003,      0.2306,      0.2010,   7715.3125,-422190.2812,   -911.3043,    548.9833,  25717.7070,
       1,     168,     140,      11,       1,       3,       1,     10.0000,      1.3971,     42.5510,    247.6929,     62.3348,      3.4953,      0.1866,      0.1523,      9.2780,      0.2234,      5.5644,     11.1288,      1.9737,     28.7391,     57.4781,      0.0192,      0.0005,      0.2500,      0.2009,   7715.3125,-426509.1250,   -913.0738,    548.6870,  25717.7070,
       1,     168,     140,      12,       1,       3,       1,     10.0000,      1.3971,     42.5510,    247.6929,     62.3348,      3.4953,      0.1801,      0.1460,      8.6772,      0.2179,      5.5644,     11.1288,      1.9259,     28.7391,     57.4781,      0.0192,      0.0004,      0.2405,      0.2009,   7715.3125,-430369.8750,   -915.9356,    548.4224,  25717.7070,
       1,     168,     140,      13,       1,       3,       1,     10.0000,      1.3971,     42.5510,    247.6929,     62.3348,      3.4953,      0.1865,      0.1518,     10.2436,      0.2434,      5.5644,     11.1288,      2.1509,     28.7391,     57.4781,      0.0192,      0.0005,      0.2500,      0.2009,   7715.3125,-429945.7500,   -917.0568,    548.4515,  25717.7051,
       1,     168,     140,      14,       1,       3,       1,     10.0000,      1.3971,     42.5510,    247.6929,     62.3348,      3.4953,      0.1866,      0.1518,     11.3015,      0.2453,      5.5644,     11.1288,      2.1678,     28.7391,     57.4781,      0.0192,      0.0006,      0.2500,      0.2009,   7715.3120,-431887.0938,   -919.2283,    548.3184,  25717.7090,
       1,     168,     140,      15,       1,       3,       1,     10.0000,      1.3971,     42.5510,    247.6929,     62.3348,      3.4953,      0.1886,      0.1540,     36.1559,      0.2376,      5.5644,     11.1288,      2.0991,     28.7391,     57.4781,      0.0192,      0.0018,      0.2500,      0.2009,   7715.3130,-433390.6250,   -920.6790,    548.2154,  25717.7090,
       1,     168,     140,      16,       1,       3,       1,     10.0000,      1.3971,     42.5510,    247.6929,     62.3348,      3.4953,      0.1859,      0.1514,     84.0262,      0.2343,      5.5644,     11.1288,      2.0706,     28.7391,     57.4781,      0.0192,      0.0043,      0.2406,      0.2009,   7715.3130,-464906.2188,   -927.4094,    546.0557,  25717.7051,
       1,     168,     140,      17,       1,       3,       1,     10.0000,      1.3971,     42.5510,    247.6929,     62.3348,      3.4953,      0.1432,      0.1093,     55.6153,      0.2102,      5.5644,     11.1288,      1.8571,     28.7391,     57.4781,      0.0192,      0.0038,      0.1808,      0.2009,   7715.3120,-528124.6250,   -940.1788,    541.7449,  25717.7070,
       1,     168,     140,      18,       1,       3,       1,     10.0000,      1.3971,     42.5510,    247.6929,     62.3348,      3.4953,      0.1050,      0.0719,     52.3474,      0.1872,      5.5644,     11.1288,      1.6543,     28.7391,     57.4781,      0.0192,      0.0051,      0.1254,      0.2008,   7715.3125,-497703.2812,   -935.3842,    543.8220,  25717.7070,
       1,     168,     140,      19,       1,       3,       1,     10.0000,      1.3971,     42.5510,    247.6929,     62.3348,      3.4953,      0.0811,      0.0479,     37.1942,      0.1910,      5.5644,     11.1288,      1.6875,     28.7391,     57.4781,      0.0192,      0.0050,      0.0921,      0.2009,   7715.3125,-490939.1250,   -934.8104,    544.2857,  25717.7070,
       1,     168,     140,      20,       1,       3,       1,     10.0000,      1.3971,     42.5510,    247.6929,     62.3348,      3.4953,      0.0054,     -0.0276,      5.7902,      0.1796,      5.5644,     11.1288,      1.5868,     28.7391,     57.4781,      0.0192,      0.0046,      0.0156,      0.2009,   7715.3125,-471198.8750,   -931.6977,    545.6289,  25717.7070,
       1,     168,     140,      21,       1,       3,       1,     10.0000,      1.3971,     42.5510,    247.6929,     62.3348,      3.4953,      0.0000,     -0.0328,      5.2633,      0.1750,      5.5644,     11.1288,      1.5462,     28.7391,     57.4781,      0.0192,      0.0042,      0.0156,      0.2009,   7715.3125,-429820.3750,   -924.3354,    548.4528,  25717.7090,
       1,     168,     140,      22,       1,       3,       1,     10.0000,      1.3971,     42.5510,    247.6929,     62.3348,      3.4953,      0.0000,     -0.0328,      4.0429,      0.1746,      5.5644,     11.1288,      1.5431,     28.7391,     57.4781,      0.0192,      0.0032,      0.0156,      0.2009,   7715.3130,-425596.2500,   -923.7291,    548.7496,  25717.7090,
       1,     168,     140,      23,       1,       3,       1,     10.0000,      1.3971,     42.5510,    247.6929,     62.3348,      3.4953,      0.0000,     -0.0328,      2.8233,      0.1746,      5.5644,     11.1288,      1.5431,     28.7391,     57.4781,      0.0192,      0.0022,      0.0156,      0.2009,   7715.3130,-423680.4375,   -923.4857,    548.8812,  25717.7070,
       1,     168,     140,      24,       1,       3,       1,     10.0000,      1.3971,     42.5510,    247.6929,     62.3348,      3.4953,      0.0000,     -0.0327,      3.1273,      0.1724,      5.5644,     11.1288,      1.5233,     28.7391,     57.4781,      0.0192,      0.0025,      0.0156,      0.2009,   7715.3125,-421974.7812,   -923.2480,    548.9982,  25717.7070,
       1,     168,     141,       1,       1,       3,       1,     10.0000,      1.3971,     42.5514,    247.6988,     62.3362,      3.4953,      0.0000,     -0.0327,      2.3718,      0.1732,      5.5634,     11.1267,      1.5309,     28.7421,     57.4842,      0.0192,      0.0019,      0.0156,      0.2010,   7715.3125,-422367.0312,   -923.6749,    548.9843,  25718.8672,
       1,     168,     141,       2,       1,       3,       1,     10.0000,      1.3971,     42.5514,    247.6988,     62.3362,      3.4953,      0.0000,     -0.0328,      1.9153,      0.1759,      5.5634,     11.1267,      1.5540,     28.7421,     57.4842,      0.0192,      0.0015,      0.0156,      0.2010,   7715.6606,-421293.4062,   -923.2659,    549.0580,  25718.8672,
       1,     168,     141,       3,       1,       3,       1,     10.0000,      1.3971,     42.5514,    247.6988,     62.3362,      3.4953,      0.0000,     -0.0327,      1.8111,      0.1732,      5.5634,     11.1267,      1.5309,     28.7421,     57.4842,      0.0192,      0.0014,      0.0156,      0.2010,   7715.6606,-420623.9062,   -923.1844,    549.1039,  25718.8672,
       1,     168,     141,       4,       1,       3,       1,     10.0000,      1.3971,     42.5514,    247.6988,     62.3362,      3.4953,      0.0000,     -0.0327,      1.4155,      0.1724,      5.5634,     11.1267,      1.5233,     28.7421,     57.4842,      0.0192,      0.0011,      0.0156,      0.2010,   7715.6606,-420434.4688,   -923.1921,    549.1169,  25718.8672,
       1,     168,     141,       5,       1,       3,       1,     10.0000,      1.3971,     42.5514,    247.6988,     62.3362,      3.4953,      0.0000,     -0.0326,      1.4011,      0.1678,      5.5634,     11.1267,      1.4828,     28.7421,     57.4842,      0.0192,      0.0011,      0.0156,      0.2010,   7715.6606,-419918.6875,   -923.1261,    549.1523,  25718.8672,
       1,     168,     141,       6,       1,       3,       1,     10.0000,      1.3971,     42.5514,    247.6988,     62.3362,      3.4953,      0.0000,     -0.0322,      1.7767,      0.1569,      5.5634,     11.1267,      1.3866,     28.7421,     57.4842,      0.0192,      0.0014,      0.0156,      0.2010,   7715.6606,-419855.9375,   -910.7356,    549.1567,  25718.8652,
       1,     168,     141,       7,       1,       3,       1,     10.0000,      1.3971,     42.5514,    247.6988,     62.3362,      3.4953,      0.0000,     -0.0323,      1.7924,      0.1603,      5.5634,     11.1267,      1.4161,     28.7421,     57.4842,      0.0192,      0.0014,      0.0156,      0.2010,   7715.6597,-420324.9375,   -911.0237,    549.1245,  25718.8672,
       1,     168,     141,       8,       1,       3,       1,     10.0000,      1.3971,     42.5514,    247.6988,     62.3362,      3.4953,      0.0170,     -0.0155,      0.3354,      0.1650,      5.5634,     11.1267,      1.4578,     28.7421,     57.4842,      0.0192,      0.0012,      0.0034,      0.2010,   7715.6606,-420384.9688,   -911.2396,    549.1204,  25718.8672,
       1,     168,     141,       9,       1,       3,       1,     10.0000,      1.3971,     42.5514,    247.6988,     62.3362,      3.4953,      0.1301,      0.0970,     14.0242,      0.1857,      5.5634,     11.1267,      1.6413,     28.7421,     57.4842,      0.0192,      0.0010,      0.1664,      0.2010,   7715.6606,-418550.9375,   -911.1080,    549.2462,  25718.8672,
       1,     168,     141,      10,       1,       3,       1,     10.0000,      1.3971,     42.5514,    247.6988,     62.3362,      3.4953,      0.1689,      0.1351,     10.9824,      0.2091,      5.5634,     11.1267,      1.8480,     28.7421,     57.4842,      0.0192,      0.0006,      0.2237,      0.2010,   7715.6606,-435672.0625,   -914.8440,    548.0708,  25718.8672,
       1,     168,     141,      11,       1,       3,       1,     10.0000,      1.3971,     42.5514,    247.6988,     62.3362,      3.4953,      0.1751,      0.1408,     12.2057,      0.2273,      5.5634,     11.1267,      2.0088,     28.7421,     57.4842,      0.0192,      0.0006,      0.2328,      0.2010,   7715.6606,-433318.2500,   -915.3115,    548.2333,  25718.8672,
       1,     168,     141,      12,       1,       3,       1,     10.0000,      1.3971,     42.5514,    247.6988,     62.3362,      3.4953,      0.1855,      0.1508,     15.1650,      0.2427,      5.5634,     11.1267,      2.1447,     28.7421,     57.4842,      0.0192,      0.0008,      0.2480,      0.2010,   7715.6606,-434657.5000,   -916.5225,    548.1415,  25718.8691,
       1,     168,     141,      13,       1,       3,       1,     10.0000,      1.3971,     42.5514,    247.6988,     62.3362,      3.4953,      0.1869,      0.1518,     17.0187,      0.2561,      5.5634,     11.1267,      2.2626,     28.7421,     57.4842,      0.0192,      0.0008,      0.2498,      0.2010,   7715.6611,-438509.7188,   -918.3793,    547.8776,  25718.8691,
       1,     168,     141,      14,       1,       3,       1,     10.0000,      1.3971,     42.5514,    247.6988,     62.3362,      3.4953,      0.1883,      0.1527,     39.1363,      0.2780,      5.5634,     11.1267,      2.4567,     28.7421,     57.4842,      0.0192,      0.0019,      0.2496,      0.2010,   7715.6611,-441184.1875,   -919.9785,    547.6945,  25718.8672,
       1,     168,     141,      15,       1,       3,       1,     10.0000,      1.3971,     42.5514,    247.6988,     62.3362,      3.4953,      0.1849,      0.1495,     73.5857,      0.2672,      5.5634,     11.1267,      2.3612,     28.7421,     57.4842,      0.0192,      0.0038,      0.2405,      0.2010,   7715.6606,-469345.2812,   -926.4824,    545.7666,  25718.8691,
       1,     168,     141,      16,       1,       3,       1,     10.0000,      1.3971,     42.5514,    247.6988,     62.3362,      3.4953,      0.1851,      0.1500,     97.2428,      0.2575,      5.5634,     11.1267,      2.2758,     28.7421,     57.4842,      0.0192,      0.0050,      0.2380,      0.2009,   7715.6611,-515310.9375,   -936.2620,    542.6342,  25718.8672,
       1,     168,     141,      17,       1,       3,       1,     10.0000,      1.3971,     42.5514,    247.6988,     62.3362,      3.4953,      0.1674,      0.1323,     93.8099,      0.2536,      5.5634,     11.1267,      2.2407,     28.7421,     57.4842,      0.0192,      0.0054,      0.2121,      0.2009,   7715.6606,-549212.3750,   -944.0038,    540.3436,  25718.8691,
       1,     168,     141,      18,       1,       3,       1,     10.0000,      1.3971,     42.5514,    247.6988,     62.3362,      3.4953,      0.0750,      0.0415,     37.0049,      0.1965,      5.5634,     11.1267,      1.7366,     28.7421,     57.4842,      0.0192,      0.0055,      0.0829,      0.2008,   7715.6611,-547799.0000,   -945.0628,    540.4439,  25718.8672,
       1,     168,     141,      19,       1,       3,       1,     10.0000,      1.3971,     42.5514,    247.6988,     62.3362,      3.4953,      0.0122,     -0.0204,      8.1399,      0.1708,      5.5634,     11.1267,      1.5097,     28.7421,     57.4842,      0.0192,      0.0064,      0.0156,      0.2008,   7715.6606,-475819.1875,   -921.3948,    545.3065,  25718.8652,
       1,     168,     141,      20,       1,       3,       1,     10.0000,      1.3971,     42.5514,    247.6988,     62.3362,      3.4953,      0.0093,     -0.0230,      7.0501,      0.1590,      5.5634,     11.1267,      1.4048,     28.7421,     57.4842,      0.0192,      0.0056,      0.0156,      0.2009,   7715.6597,-433212.5312,   -913.7239,    548.2327,  25718.8672,
       1,     168,     141,      21,       1,       3,       1,     10.0000,      1.3971,     42.5514,    247.6988,     62.3362,      3.4953,      0.0000,     -0.0319,      6.0163,      0.1477,      5.5634,     11.1267,      1.3054,     28.7421,     57.4842,      0.0192,      0.0047,      0.0156,      0.2010,   7715.6606,-428148.6875,   -913.3763,    548.5876,  25718.8691,
       1,     168,     141,      22,       1,       3,       1,     10.0000,      1.3971,     42.5514,    247.6988,     62.3362,      3.4953,      0.0000,     -0.0315,      5.7938,      0.1383,      5.5634,     11.1267,      1.2224,     28.7421,     57.4842,      0.0192,      0.0046,      0.0156,      0.2010,   7715.6611,-426395.1250,   -913.6302,    548.7079,  25718.8672,
       1,     168,     141,      23,       1,       3,       1,     10.0000,      1.3971,     42.5514,    247.6988,     62.3362,      3.4953,      0.0000,     -0.0314,      2.5092,      0.1350,      5.5634,     11.1267,      1.1931,     28.7421,     57.4842,      0.0192,      0.0020,      0.0156,      0.2010,   7715.6606,-425962.4062,   -914.1079,    548.7377,  25718.8672,
       1,     168,     141,      24,       1,       3,       1,     10.0000,      1.3971,     42.5514,    247.6988,     62.3362,      3.4953,      0.0000,     -0.0317,      0.7494,      0.1423,      5.5634,     11.1267,      1.2575,     28.7421,     57.4842,      0.0192,      0.0006,      0.0156,      0.2010,   7715.6606,-421778.2188,   -913.6244,    549.0247,  25718.8672,
       1,     168,     142,       1,       1,       3,       1,     10.0000,      1.3971,     42.5517,    247.7047,     62.3377,      3.4953,      0.0000,     -0.0317,      0.5082,      0.1433,      5.5634,     11.1268,      1.2665,     28.7436,     57.4872,      0.0192,      0.0004,      0.0156,      0.2010,   7715.6606,-419351.0000,   -913.4960,    549.2042,  25720.0293,
       1,     168,     142,       2,       1,       3,       1,     10.0000,      1.3971,     42.5517,    247.7047,     62.3377,      3.4953,      0.0000,     -0.0318,      0.4049,      0.1451,      5.5634,     11.1268,      1.2819,     28.7436,     57.4872,      0.0192,      0.0003,      0.0156,      0.2010,   7716.0093,-418682.5000,   -913.1288,    549.2501,  25720.0312,
       1,     168,     142,       3,       1,       3,       1,     10.0000,      1.3971,     42.5517,    247.7047,     62.3377,      3.4953,      0.0000,     -0.0318,      0.8436,      0.1470,      5.5634,     11.1268,      1.2988,     28.7436,     57.4872,      0.0192,      0.0007,      0.0156,      0.2010,   7716.0098,-418493.8750,   -913.1018,    549.2631,  25720.0273,
       1,     168,     142,       4,       1,       3,       1,     10.0000,      1.3971,     42.5517,    247.7047,     62.3377,      3.4953,      0.0000,     -0.0318,      0.6308,      0.1462,      5.5634,     11.1268,      1.2923,     28.7436,     57.4872,      0.0192,      0.0005,      0.0156,      0.2010,   7716.0083,-419031.5938,   -913.2377,    549.2262,  25720.0293,
       1,     168,     142,       5,       1,       3,       1,     10.0000,      1.3971,     42.5517,    247.7047,     62.3377,      3.4953,      0.0000,     -0.0319,      0.9359,      0.1497,      5.5634,     11.1268,      1.3226,     28.7436,     57.4872,      0.0192,      0.0007,      0.0156,      0.2010,   7716.0093,-418809.4062,   -913.2186,    549.2414,  25720.0293,
       1,     168,     142,       6,       1,       3,       1,     10.0000,      1.3971,     42.5517,    247.7047,     62.3377,      3.4953,      0.0000,     -0.0321,      0.5621,      0.1550,      5.5634,     11.1268,      1.3700,     28.7436,     57.4872,      0.0192,      0.0004,      0.0156,      0.2010,   7716.0093,-419175.3438,   -913.3254,    549.2163,  25720.0293,
       1,     168,     142,       7,       1,       3,       1,     10.0000,      1.3971,     42.5517,    247.7047,     62.3377,      3.4953,      0.0001,     -0.0322,      0.4096,      0.1585,      5.5634,     11.1268,      1.4006,     28.7436,     57.4872,      0.0192,      0.0003,      0.0156,      0.2010,   7716.0093,-418735.2188,   -913.2704,    549.2465,  25720.0312,
       1,     168,     142,       8,       1,       3,       1,     10.0000,      1.3971,     42.5517,    247.7047,     62.3377,      3.4953,      0.0127,     -0.0197,      0.3995,      0.1617,      5.5634,     11.1268,      1.4289,     28.7436,     57.4872,      0.0192,      0.0003,      0.0156,      0.2010,   7716.0098,-418504.4062,   -913.2335,    549.2624,  25720.0293,
       1,     168,     142,       9,       1,       3,       1,     10.0000,      1.3971,     42.5517,    247.7047,     62.3377,      3.4953,      0.0703,      0.0376,      2.1958,      0.1705,      5.5634,     11.1268,      1.5067,     28.7436,     57.4872,      0.0192,      0.0003,      0.0807,      0.2010,   7716.0093,-418471.8125,   -913.2686,    549.2646,  25720.0293,
       1,     168,     142,      10,       1,       3,       1,     10.0000,      1.3971,     42.5517,    247.7047,     62.3377,      3.4953,      0.1638,      0.1302,      7.0322,      0.1989,      5.5634,     11.1268,      1.7574,     28.7436,     57.4872,      0.0192,      0.0004,      0.2165,      0.2010,   7716.0093,-420736.2812,   -913.8943,    549.1092,  25720.0293,
       1,     168,     142,      11,       1,       3,       1,     10.0000,      1.3971,     42.5517,    247.7047,     62.3377,      3.4953,      0.1171,      0.0837,      4.6424,      0.1925,      5.5634,     11.1268,      1.7010,     28.7436,     57.4872,      0.0192,      0.0004,      0.1484,      0.2010,   7716.0093,-427037.1875,   -915.6284,    548.6767,  25720.0293,
       1,     168,     142,      12,       1,       3,       1,     10.0000,      1.3971,     42.5517,    247.7047,     62.3377,      3.4953,      0.1824,      0.1485,      8.4548,      0.2106,      5.5634,     11.1268,      1.8608,     28.7436,     57.4872,      0.0192,      0.0004,      0.2438,      0.2010,   7716.0093,-424566.8750,   -915.4690,    548.8463,  25720.0273,
       1,     168,     142,      13,       1,       3,       1,     10.0000,      1.3971,     42.5517,    247.7047,     62.3377,      3.4953,      0.1576,      0.1236,      7.3715,      0.2150,      5.5634,     11.1268,      1.8996,     28.7436,     57.4872,      0.0192,      0.0004,      0.2076,      0.2010,   7716.0083,-429165.3750,   -917.0722,    548.5308,  25720.0293,
       1,     168,     142,      14,       1,       3,       1,     10.0000,      1.3971,     42.5517,    247.7047,     62.3377,      3.4953,      0.1567,      0.1228,      8.7610,      0.2133,      5.5634,     11.1268,      1.8848,     28.7436,     57.4872,      0.0192,      0.0005,      0.2060,      0.2010,   7716.0093,-428196.1875,   -917.3927,    548.5974,  25720.0293,
       1,     168,     142,      15,       1,       3,       1,     10.0000,      1.3971,     42.5517,    247.7047,     62.3377,      3.4953,      0.1385,      0.1047,     27.9470,      0.2079,      5.5634,     11.1268,      1.8372,     28.7436,     57.4872,      0.0192,      0.0019,      0.1770,      0.2010,   7716.0093,-429866.1562,   -918.2120,    548.4828,  25720.0293,
       1,     168,     142,      16,       1,       3,       1,     10.0000,      1.3971,     42.5517,    247.7047,     62.3377,      3.4953,      0.1405,      0.1072,     30.0895,      0.1919,      5.5634,     11.1268,      1.6959,     28.7436,     57.4872,      0.0192,      0.0021,      0.1798,      0.2010,   7716.0093,-454231.2812,   -918.2835,    546.8123,  25720.0312,
       1,     168,     142,      17,       1,       3,       1,     10.0000,      1.3971,     42.5517,    247.7047,     62.3377,      3.4953,      0.1106,      0.0776,     32.7450,      0.1834,      5.5634,     11.1268,      1.6203,     28.7436,     57.4872,      0.0192,      0.0030,      0.1358,      0.2010,   7716.0098,-459053.1875,   -919.9799,    546.4853,  25720.0273,
       1,     168,     142,      18,       1,       3,       1,     10.0000,      1.3971,     42.5517,    247.7047,     62.3377,      3.4953,      0.0842,      0.0509,     26.6332,      0.1910,      5.5634,     11.1268,      1.6875,     28.7436,     57.4872,      0.0192,      0.0034,      0.0977,      0.2010,   7716.0083,-462821.2188,   -921.5020,    546.2280,  25720.0293,
       1,     168,     142,      19,       1,       3,       1,     10.0000,      1.3971,     42.5517,    247.7047,     62.3377,      3.4953,      0.0962,      0.0625,     27.9429,      0.2022,      5.5634,     11.1268,      1.7871,     28.7436,     57.4872,      0.0192,      0.0030,      0.1149,      0.2010,   7716.0093,-455427.5312,   -920.9592,    546.7329,  25720.0273,
       1,     168,     142,      20,       1,       3,       1,     10.0000,      1.3971,     42.5517,    247.7047,     62.3377,      3.4953,      0.0319,     -0.0018,      5.8923,      0.2042,      5.5634,     11.1268,      1.8049,     28.7436,     57.4872,      0.0192,      0.0031,      0.0232,      0.2010,   7716.0083,-456443.0625,   -921.8663,    546.6637,  25720.0293,
       1,     168,     142,      21,       1,       3,       1,     10.0000,      1.3971,     42.5517,    247.7047,     62.3377,      3.4953,      0.0001,     -0.0333,      2.8605,      0.1927,      5.5634,     11.1268,      1.7027,     28.7436,     57.4872,      0.0192,      0.0023,      0.0156,      0.2010,   7716.0093,-428682.8750,   -917.4040,    548.5607,  25720.0293,
       1,     168,     142,      22,       1,       3,       1,     10.0000,      1.3971,     42.5517,    247.7047,     62.3377,      3.4953,      0.0000,     -0.0332,      3.5283,      0.1887,      5.5634,     11.1268,      1.6676,     28.7436,     57.4872,      0.0192,      0.0028,      0.0156,      0.2010,   7716.0093,-422463.7188,   -916.5720,    548.9904,  25720.0293,
       1,     168,     142,      23,       1,       3,       1,     10.0000,      1.3971,     42.5517,    247.7047,     62.3377,      3.4953,      0.0000,     -0.0332,      2.5803,      0.1878,      5.5634,     11.1268,      1.6594,     28.7436,     57.4872,      0.0192,      0.0020,      0.0156,      0.2010,   7716.0093,-422764.4062,   -916.9708,    548.9700,  25720.0293,
       1,     168,     142,      24,       1,       3,       1,     10.0000,      1.3971,     42.5517,    247.7047,     62.3377,      3.4953,      0.0000,     -0.0331,      3.2699,      0.1861,      5.5634,     11.1268,      1.6446,     28.7436,     57.4872,      0.0192,      0.0026,      0.0156,      0.2010,   7716.0093,-421593.5625,   -916.9881,    549.0504,  25720.0273,
       1,     168,     143,       1,       1,       3,       1,     10.0000,      1.3971,     42.5520,    247.7106,     62.3392,      3.4953,      0.0000,     -0.0331,      3.5091,      0.1843,      5.5640,     11.1281,      1.6284,     28.7397,     57.4794,      0.0192,      0.0028,      0.0156,      0.2010,   7716.0083,-422519.2188,   -917.6909,    548.9999,  25721.1895,
       1,     168,     143,       2,       1,       3,       1,     10.0000,      1.3971,     42.5520,    247.7106,     62.3392,      3.4953,      0.0000,     -0.0331,      2.7105,      0.1836,      5.5640,     11.1281,      1.6219,     28.7397,     57.4794,      0.0192,      0.0021,      0.0156,      0.2010,   7716.3569,-422747.2188,   -917.7653,    548.9842,  25721.1895,
       1,     168,     143,       3,       1,       3,       1,     10.0000,      1.3971,     42.5520,    247.7106,     62.3392,      3.4953,      0.0000,     -0.0330,      2.5011,      0.1810,      5.5640,     11.1281,      1.5995,     28.7397,     57.4794,      0.0192,      0.0020,      0.0156,      0.2010,   7716.3569,-421759.1250,   -917.8024,    549.0520,  25721.1895,
       1,     168,     143,       4,       1,       3,       1,     10.0000,      1.3971,     42.5520,    247.7106,     62.3392,      3.4953,      0.0000,     -0.0329,      2.1887,      0.1778,      5.5640,     11.1281,      1.5711,     28.7397,     57.4794,      0.0192,      0.0017,      0.0156,      0.2010,   7716.3569,-421409.1250,   -917.9417,    549.0760,  25721.1914,
       1,     168,     143,       5,       1,       3,       1,     10.0000,      1.3971,     42.5520,    247.7106,     62.3392,      3.4953,      0.0000,     -0.0328,      2.1278,      0.1738,      5.5640,     11.1281,      1.5356,     28.7397,     57.4794,      0.0192,      0.0017,      0.0156,      0.2010,   7716.3579,-420984.4375,   -918.0329,    549.1052,  25721.1875,
       1,     168,     143,       6,       1,       3,       1,     10.0000,      1.3971,     42.5520,    247.7106,     62.3392,      3.4953,      0.0000,     -0.0328,      2.1162,      0.1738,      5.5640,     11.1281,      1.5356,     28.7397,     57.4794,      0.0192,      0.0017,      0.0156,      0.2010,   7716.3564,-420870.9688,   -918.1691,    549.1129,  25721.1895,
       1,     168,     143,       7,       1,       3,       1,     10.0000,      1.3971,     42.5520,    247.7106,     62.3392,      3.4953,      0.0000,     -0.0327,      1.8413,      0.1715,      5.5640,     11.1281,      1.5158,     28.7397,     57.4794,      0.0192,      0.0015,      0.0156,      0.2010,   7716.3569,-420846.5312,   -918.3137,    549.1146,  25721.1895,
       1,     168,     143,       8,       1,       3,       1,     10.0000,      1.3971,     42.5520,    247.7106,     62.3392,      3.4953,      0.0237,     -0.0090,      1.3403,      0.1717,      5.5640,     11.1281,      1.5173,     28.7397,     57.4794,      0.0192,      0.0013,      0.0129,      0.2010,   7716.3569,-420497.3750,   -918.3808,    549.1386,  25721.1895,
       1,     168,     143,       9,       1,       3,       1,     10.0000,      1.3971,     42.5520,    247.7106,     62.3392,      3.4953,      0.1028,      0.0696,     15.3004,      0.1889,      5.5640,     11.1281,      1.6693,     28.7397,     57.4794,      0.0192,      0.0015,      0.1264,      0.2010,   7716.3569,-419834.8438,   -918.3979,    549.1841,  25721.1895,
       1,     168,     143,      10,       1,       3,       1,     10.0000,      1.3971,     42.5520,    247.7106,     62.3392,      3.4953,      0.1541,      0.1203,     26.8907,      0.2075,      5.5640,     11.1281,      1.8336,     28.7397,     57.4794,      0.0192,      0.0017,      0.2001,      0.2010,   7716.3569,-437396.0312,   -921.9120,    547.9785,  25721.1895,
       1,     168,     143,      11,       1,       3,       1,     10.0000,      1.3971,     42.5520,    247.7106,     62.3392,      3.4953,      0.1718,      0.1377,     23.9599,      0.2201,      5.5640,     11.1281,      1.9450,     28.7397,     57.4794,      0.0192,      0.0013,      0.2265,      0.2010,   7716.3569,-453552.4062,   -925.4311,    546.8732,  25721.1914,
       1,     168,     143,      12,       1,       3,       1,     10.0000,      1.3971,     42.5520,    247.7106,     62.3392,      3.4953,      0.1880,      0.1531,     29.4169,      0.2489,      5.5640,     11.1281,      2.1998,     28.7397,     57.4794,      0.0192,      0.0014,      0.2500,      0.2010,   7716.3579,-451250.8750,   -925.6471,    547.0317,  25721.1895,
       1,     168,     143,      13,       1,       3,       1,     10.0000,      1.3971,     42.5520,    247.7106,     62.3392,      3.4953,      0.1699,      0.1352,     35.4604,      0.2422,      5.5640,     11.1281,      2.1406,     28.7397,     57.4794,      0.0192,      0.0020,      0.2225,      0.2010,   7716.3569,-457941.0312,   -927.7420,    546.5742,  25721.1895,
       1,     168,     143,      14,       1,       3,       1,     10.0000,      1.3971,     42.5520,    247.7106,     62.3392,      3.4953,      0.1847,      0.1496,     51.6941,      0.2551,      5.5640,     11.1281,      2.2539,     28.7397,     57.4794,      0.0192,      0.0026,      0.2425,      0.2010,   7716.3569,-466151.7188,   -929.8940,    546.0135,  25721.1914,
       1,     168,     143,      15,       1,       3,       1,     10.0000,      1.3971,     42.5520,    247.7106,     62.3392,      3.4953,      0.1885,      0.1531,     70.2944,      0.2652,      5.5640,     11.1281,      2.3431,     28.7397,     57.4794,      0.0192,      0.0035,      0.2461,      0.2010,   7716.3579,-487363.7500,   -934.6503,    544.5660,  25721.1914,
       1,     168,     143,      16,       1,       3,       1,     10.0000,      1.3971,     42.5520,    247.7106,     62.3392,      3.4953,      0.1833,      0.1480,     85.4610,      0.2629,      5.5640,     11.1281,      2.3228,     28.7397,     57.4794,      0.0192,      0.0044,      0.2367,      0.2010,   7716.3579,-512700.4375,   -940.3315,    542.8433,  25721.1875,
       1,     168,     143,      17,       1,       3,       1,     10.0000,      1.3971,     42.5520,    247.7106,     62.3392,      3.4953,      0.1587,      0.1240,     97.7204,      0.2408,      5.5640,     11.1281,      2.1281,     28.7397,     57.4794,      0.0192,      0.0060,      0.1988,      0.2009,   7716.3564,-534062.1250,   -945.2555,    541.3965,  25721.1895,
       1,     168,     143,      18,       1,       3,       1,     10.0000,      1.3971,     42.5520,    247.7106,     62.3392,      3.4953,      0.1336,      0.0992,     75.5054,      0.2305,      5.5640,     11.1281,      2.0366,     28.7397,     57.4794,      0.0192,      0.0057,      0.1643,      0.2009,   7716.3569,-551406.8125,   -949.3900,    540.2246,  25721.1895,
       1,     168,     143,      19,       1,       3,       1,     10.0000,      1.3971,     42.5520,    247.7106,     62.3392,      3.4953,      0.0841,      0.0501,     43.5058,      0.2150,      5.5640,     11.1281,      1.8997,     28.7397,     57.4794,      0.0192,      0.0056,      0.0953,      0.2009,   7716.3569,-524809.9375,   -945.1539,    542.0219,  25721.1875,
       1,     168,     143,      20,       1,       3,       1,     10.0000,      1.3971,     42.5520,    247.7106,     62.3392,      3.4953,      0.0114,     -0.0222,      7.8331,      0.1995,      5.5640,     11.1281,      1.7626,     28.7397,     57.4794,      0.0192,      0.0062,      0.0156,      0.2009,   7716.3564,-482074.3750,   -937.6334,    544.9202,  25721.1875,
       1,     168,     143,      21,       1,       3,       1,     10.0000,      1.3971,     42.5520,    247.7106,     62.3392,      3.4953,      0.0000,     -0.0332,      7.9794,      0.1880,      5.5640,     11.1281,      1.6610,     28.7397,     57.4794,      0.0192,      0.0063,      0.0156,      0.2010,   7716.3564,-433345.3750,   -928.7233,    548.2473,  25721.1875,
       1,     168,     143,      22,       1,       3,       1,     10.0000,      1.3971,     42.5520,    247.7106,     62.3392,      3.4953,      0.0000,     -0.0328,      6.6908,      0.1766,      5.5640,     11.1281,      1.5602,     28.7397,     57.4794,      0.0192,      0.0053,      0.0156,      0.2010,   7716.3564,-429340.0000,   -928.1156,    548.5319,  25721.1875,
       1,     168,     143,      23,       1,       3,       1,     10.0000,      1.3971,     42.5520,    247.7106,     62.3392,      3.4953,      0.0000,     -0.0327,      5.4019,      0.1707,      5.5640,     11.1281,      1.5082,     28.7397,     57.4794,      0.0192,      0.0043,      0.0156,      0.2010,   7716.3564,-427354.0000,   -927.8446,    548.6682,  25721.1855,
       1,     168,     143,      24,       1,       3,       1,     10.0000,      1.3971,     42.5520,    247.7106,     62.3392,      3.4953,      0.0000,     -0.0326,      5.0510,      0.1700,      5.5640,     11.1281,      1.5022,     28.7397,     57.4794,      0.0192,      0.0040,      0.0156,      0.2010,   7716.3560,-425555.3438,   -927.5775,    548.7916,  25721.1875,
       1,     168,     144,       1,       1,       3,       1,     10.0000,      1.3971,     42.5524,    247.7164,     62.3407,      3.4953,      0.0000,     -0.0325,      3.7283,      0.1675,      5.5640,     11.1279,      1.4799,     28.7427,     57.4853,      0.0192,      0.0029,      0.0156,      0.2010,   7716.3564,-425112.0000,   -927.8313,    548.8350,  25722.3457,
       1,     168,     144,       2,       1,       3,       1,     10.0000,      1.3971,     42.5524,    247.7164,     62.3407,      3.4953,      0.0000,     -0.0325,      2.4641,      0.1655,      5.5640,     11.1279,      1.4623,     28.7427,     57.4853,      0.0192,      0.0019,      0.0156,      0.2011,   7716.7041,-423250.8438,   -927.2501,    548.9626,  25722.3457,
       1,     168,     144,       3,       1,       3,       1,     10.0000,      1.3971,     42.5524,    247.7164,     62.3407,      3.4953,      0.0000,     -0.0325,      1.6430,      0.1652,      5.5640,     11.1279,      1.4594,     28.7427,     57.4853,      0.0192,      0.0013,      0.0156,      0.2011,   7716.7041,-421494.5312,   -926.9462,    549.0831,  25722.3457,
       1,     168,     144,       4,       1,       3,       1,     10.0000,      1.3971,     42.5524,    247.7164,     62.3407,      3.4953,      0.0000,     -0.0323,      1.2830,      0.1587,      5.5640,     11.1279,      1.4021,     28.7427,     57.4853,      0.0192,      0.0010,      0.0156,      0.2011,   7716.7041,-420306.1562,   -926.7397,    549.1647,  25722.3477,
       1,     168,     144,       5,       1,       3,       1,     10.0000,      1.3971,     42.5524,    247.7164,     62.3407,      3.4953,      0.0000,     -0.0322,      1.1623,      0.1563,      5.5640,     11.1279,      1.3811,     28.7427,     57.4853,      0.0192,      0.0009,      0.0156,      0.2011,   7716.7046,-419748.6875,   -926.6463,    549.2029,  25722.3477,
       1,     168,     144,       6,       1,       3,       1,     10.0000,      1.3971,     42.5524,    247.7164,     62.3407,      3.4953,      0.0000,     -0.0321,      0.8273,      0.1538,      5.5640,     11.1279,      1.3591,     28.7427,     57.4853,      0.0192,      0.0007,      0.0156,      0.2011,   7716.7046,-419548.2812,   -926.6195,    549.2168,  25722.3457,
       1,     168,     144,       7,       1,       3,       1,     10.0000,      1.3971,     42.5524,    247.7164,     62.3407,      3.4953,      0.0000,     -0.0321,      0.7458,      0.1536,      5.5640,     11.1279,      1.3577,     28.7427,     57.4853,      0.0192,      0.0006,      0.0156,      0.2011,   7716.7041,-419108.0938,   -926.2670,    549.2470,  25722.3457,
       1,     168,     144,       8,       1,       3,       1,     10.0000,      1.3971,     42.5524,    247.7164,     62.3407,      3.4953,      0.0079,     -0.0241,      1.0719,      0.1532,      5.5640,     11.1279,      1.3536,     28.7427,     57.4853,      0.0192,      0.0008,      0.0156,      0.2011,   7716.7041,-418967.1250,   -926.2492,    549.2567,  25722.3457,
       1,     168,     144,       9,       1,       3,       1,     10.0000,      1.3971,     42.5524,    247.7164,     62.3407,      3.4953,      0.0691,      0.0369,      3.9130,      0.1577,      5.5640,     11.1279,      1.3936,     28.7427,     57.4853,      0.0192,      0.0006,      0.0792,      0.2011,   7716.7041,-419366.4375,   -925.8568,    549.2292,  25722.3457,
       1,     168,     144,      10,       1,       3,       1,     10.0000,      1.3971,     42.5524,    247.7164,     62.3407,      3.4953,      0.1152,      0.0827,      9.1436,      0.1688,      5.5640,     11.1279,      1.4918,     28.7427,     57.4853,      0.0192,      0.0008,      0.1455,      0.2011,   7716.7041,-422986.2812,   -926.5930,    548.9807,  25722.3477,
       1,     168,     144,      11,       1,       3,       1,     10.0000,      1.3971,     42.5524,    247.7164,     62.3407,      3.4953,      0.1681,      0.1350,     14.7256,      0.1852,      5.5640,     11.1279,      1.6365,     28.7427,     57.4853,      0.0192,      0.0008,      0.2220,      0.2011,   7716.7046,-429900.7188,   -928.0097,    548.5062,  25722.3457,
       1,     168,     144,      12,       1,       3,       1,     10.0000,      1.3971,     42.5524,    247.7164,     62.3407,      3.4953,      0.1844,      0.1506,     16.2252,      0.2067,      5.5640,     11.1279,      1.8264,     28.7427,     57.4853,      0.0192,      0.0008,      0.2458,      0.2010,   7716.7041,-437545.3125,   -929.6631,    547.9823,  25722.3457,
       1,     168,     144,      13,       1,       3,       1,     10.0000,      1.3971,     42.5524,    247.7164,     62.3407,      3.4953,      0.1873,      0.1532,     17.0934,      0.2167,      5.5640,     11.1279,      1.9147,     28.7427,     57.4853,      0.0192,      0.0008,      0.2500,      0.2010,   7716.7041,-440100.5000,   -930.3943,    547.8076,  25722.3457,
       1,     168,     144,      14,       1,       3,       1,     10.0000,      1.3971,     42.5524,    247.7164,     62.3407,      3.4953,      0.1875,      0.1531,     21.7574,      0.2309,      5.5640,     11.1279,      2.0407,     28.7427,     57.4853,      0.0192,      0.0011,      0.2500,      0.2010,   7716.7041,-441417.1875,   -930.8940,    547.7175,  25722.3457,
       1,     168,     144,      15,       1,       3,       1,     10.0000,      1.3971,     42.5524,    247.7164,     62.3407,      3.4953,      0.1883,      0.1535,     32.1180,      0.2439,      5.5640,     11.1279,      2.1553,     28.7427,     57.4853,      0.0192,      0.0016,      0.2500,      0.2010,   7716.7041,-447418.4062,   -932.2727,    547.3066,  25722.3438,
       1,     168,     144,      16,       1,       3,       1,     10.0000,      1.3971,     42.5524,    247.7164,     62.3407,      3.4953,      0.1897,      0.1546,     56.0308,      0.2566,      5.5640,     11.1279,      2.2672,     28.7427,     57.4853,      0.0192,      0.0028,      0.2496,      0.2010,   7716.7036,-461017.7812,   -935.0887,    546.3763,  25722.3438,
       1,     168,     144,      17,       1,       3,       1,     10.0000,      1.3971,     42.5524,    247.7164,     62.3407,      3.4953,      0.1776,      0.1428,     72.9584,      0.2430,      5.5640,     11.1279,      2.1469,     28.7427,     57.4853,      0.0192,      0.0039,      0.2295,      0.2010,   7716.7036,-492390.2188,   -941.3500,    544.2346,  25722.3457,
       1,     168,     144,      18,       1,       3,       1,     10.0000,      1.3971,     42.5524,    247.7164,     62.3407,      3.4953,      0.1466,      0.1123,     65.0871,      0.2229,      5.5640,     11.1279,      1.9700,     28.7427,     57.4853,      0.0192,      0.0043,      0.1846,      0.2010,   7716.7041,-516496.3750,   -946.3069,    542.5988,  25722.3457,
       1,     168,     144,      19,       1,       3,       1,     10.0000,      1.3971,     42.5524,    247.7164,     62.3407,      3.4953,      0.1379,      0.1039,     68.9124,      0.2146,      5.5640,     11.1279,      1.8960,     28.7427,     57.4853,      0.0192,      0.0049,      0.1714,      0.2010,   7716.7041,-508631.4688,   -945.1613,    543.1347,  25722.3438,
       1,     168,     144,      20,       1,       3,       1,     10.0000,      1.3971,     42.5524,    247.7164,     62.3407,      3.4953,      0.0104,     -0.0228,      6.4967,      0.1902,      5.5640,     11.1279,      1.6810,     28.7427,     57.4853,      0.0192,      0.0051,      0.0156,      0.2010,   7716.7036,-512784.6562,   -946.2991,    542.8529,  25722.3457,
       1,     168,     144,      21,       1,       3,       1,     10.0000,      1.3971,     42.5524,    247.7164,     62.3407,      3.4953,      0.0000,     -0.0331,      6.9553,      0.1834,      5.5640,     11.1279,      1.6204,     28.7427,     57.4853,      0.0192,      0.0055,      0.0156,      0.2010,   7716.7041,-434267.8438,   -931.3713,    548.1809,  25722.3477,
       1,     168,     144,      22,       1,       3,       1,     10.0000,      1.3971,     42.5524,    247.7164,     62.3407,      3.4953,      0.0000,     -0.0330,      6.1320,      0.1799,      5.5640,     11.1279,      1.5901,     28.7427,     57.4853,      0.0192,      0.0048,      0.0156,      0.2010,   7716.7046,-428148.9062,   -930.2002,    548.6264,  25722.3457,
       1,     168,     144,      23,       1,       3,       1,     10.0000,      1.3971,     42.5524,    247.7164,     62.3407,      3.4953,      0.0000,     -0.0329,      4.9585,      0.1798,      5.5640,     11.1279,      1.5885,     28.7427,     57.4853,      0.0192,      0.0039,      0.0156,      0.2010,   7716.7041,-426547.7812,   -929.8914,    548.7365,  25722.3438,
       1,     168,     144,      24,       1,       3,       1,     10.0000,      1.3971,     42.5524,    247.7164,     62.3407,      3.4953,      0.0000,     -0.0329,      4.6980,      0.1778,      5.5640,     11.1279,      1.5712,     28.7427,     57.4853,      0.0192,      0.0037,      0.0156,      0.2010,   7716.7036,-424928.0000,   -929.5735,    548.8475,  25722.3457,
       1,     168,     145,       1,       1,       3,       1,     10.0000,      1.3972,     42.5527,    247.7223,     62.3421,      3.4953,      0.0000,     -0.0329,      3.2762,      0.1775,      5.5638,     11.1277,      1.5681,     28.7462,     57.4924,      0.0192,      0.0026,      0.0156,      0.2011,   7716.7041,-424614.8750,   -929.7917,    548.8821,  25723.5039,
       1,     168,     145,       2,       1,       3,       1,     10.0000,      1.3972,     42.5527,    247.7223,     62.3421,      3.4953,      0.0000,     -0.0329,      2.5119,      0.1791,      5.5638,     11.1277,      1.5822,     28.7462,     57.4924,      0.0192,      0.0020,      0.0156,      0.2011,   7717.0513,-422640.0938,   -929.1323,    549.0176,  25723.5039,
       1,     168,     145,       3,       1,       3,       1,     10.0000,      1.3972,     42.5527,    247.7223,     62.3421,      3.4953,      0.0000,     -0.0326,      1.8718,      0.1685,      5.5638,     11.1277,      1.4889,     28.7462,     57.4924,      0.0192,      0.0015,      0.0156,      0.2011,   7717.0513,-421504.5938,   -926.5368,    549.0955,  25723.5059,
       1,     168,     145,       4,       1,       3,       1,     10.0000,      1.3972,     42.5527,    247.7223,     62.3421,      3.4953,      0.0000,     -0.0318,      1.6431,      0.1452,      5.5638,     11.1277,      1.2833,     28.7462,     57.4924,      0.0192,      0.0013,      0.0156,      0.2011,   7717.0522,-420598.5000,   -910.6385,    549.1577,  25723.5078,
       1,     168,     145,       5,       1,       3,       1,     10.0000,      1.3972,     42.5527,    247.7223,     62.3421,      3.4953,      0.0000,     -0.0323,      1.3966,      0.1588,      5.5638,     11.1277,      1.4035,     28.7462,     57.4924,      0.0192,      0.0011,      0.0156,      0.2011,   7717.0527,-420231.2812,   -910.5930,    549.1830,  25723.5078,
       1,     168,     145,       6,       1,       3,       1,     10.0000,      1.3972,     42.5527,    247.7223,     62.3421,      3.4953,      0.0000,     -0.0321,      1.2471,      0.1546,      5.5638,     11.1277,      1.3660,     28.7462,     57.4924,      0.0192,      0.0010,      0.0156,      0.2011,   7717.0527,-419888.3750,   -910.4998,    549.2065,  25723.5078,
       1,     168,     145,       7,       1,       3,       1,     10.0000,      1.3972,     42.5527,    247.7223,     62.3421,      3.4953,      0.0000,     -0.0320,      1.1740,      0.1523,      5.5638,     11.1277,      1.3455,     28.7462,     57.4924,      0.0192,      0.0009,      0.0156,      0.2011,   7717.0527,-419670.1250,   -910.5745,    549.2215,  25723.5078,
       1,     168,     145,       8,       1,       3,       1,     10.0000,      1.3972,     42.5527,    247.7223,     62.3421,      3.4953,      0.0100,     -0.0220,      0.6917,      0.1523,      5.5638,     11.1277,      1.3455,     28.7462,     57.4924,      0.0192,      0.0005,      0.0156,      0.2011,   7717.0527,-419558.9062,   -910.6698,    549.2291,  25723.5078,
       1,     168,     145,       9,       1,       3,       1,     10.0000,      1.3972,     42.5527,    247.7223,     62.3421,      3.4953,      0.0745,      0.0424,      2.2751,      0.1557,      5.5638,     11.1277,      1.3756,     28.7462,     57.4924,      0.0192,      0.0003,      0.0872,      0.2011,   7717.0527,-418940.7812,   -910.2540,    549.2716,  25723.5078,
       1,     168,     145,      10,       1,       3,       1,     10.0000,      1.3972,     42.5527,    247.7223,     62.3421,      3.4953,      0.1202,      0.0875,      4.1791,      0.1709,      5.5638,     11.1277,      1.5098,     28.7462,     57.4924,      0.0192,      0.0003,      0.1532,      0.2011,   7717.0527,-420885.0000,   -910.8350,    549.1381,  25723.5078,
       1,     168,     145,      11,       1,       3,       1,     10.0000,      1.3972,     42.5527,    247.7223,     62.3421,      3.4953,      0.1462,      0.1129,      5.8700,      0.1897,      5.5638,     11.1277,      1.6760,     28.7462,     57.4924,      0.0192,      0.0004,      0.1909,      0.2011,   7717.0527,-423455.9062,   -911.8210,    548.9616,  25723.5078,
       1,     168,     145,      12,       1,       3,       1,     10.0000,      1.3972,     42.5527,    247.7223,     62.3421,      3.4953,      0.1721,      0.1391,      6.6799,      0.1814,      5.5638,     11.1277,      1.6028,     28.7462,     57.4924,      0.0192,      0.0004,      0.2287,      0.2011,   7717.0527,-425812.3438,   -913.0828,    548.7999,  25723.5059,
       1,     168,     145,      13,       1,       3,       1,     10.0000,      1.3972,     42.5527,    247.7223,     62.3421,      3.4953,      0.1724,      0.1387,      7.6834,      0.2045,      5.5638,     11.1277,      1.8068,     28.7462,     57.4924,      0.0192,      0.0004,      0.2292,      0.2011,   7717.0522,-427038.5625,   -914.0319,    548.7158,  25723.5078,
       1,     168,     145,      14,       1,       3,       1,     10.0000,      1.3972,     42.5527,    247.7223,     62.3421,      3.4953,      0.1778,      0.1438,      9.4614,      0.2150,      5.5638,     11.1277,      1.8998,     28.7462,     57.4924,      0.0192,      0.0005,      0.2369,      0.2011,   7717.0527,-428410.8750,   -915.1683,    548.6217,  25723.5078,
       1,     168,     145,      15,       1,       3,       1,     10.0000,      1.3972,     42.5527,    247.7223,     62.3421,      3.4953,      0.1876,      0.1530,     23.0236,      0.2378,      5.5638,     11.1277,      2.1014,     28.7462,     57.4924,      0.0192,      0.0011,      0.2500,      0.2011,   7717.0527,-430773.5312,   -916.5222,    548.4597,  25723.5078,
       1,     168,     145,      16,       1,       3,       1,     10.0000,      1.3972,     42.5527,    247.7223,     62.3421,      3.4953,      0.1890,      0.1542,     41.7423,      0.2439,      5.5638,     11.1277,      2.1554,     28.7462,     57.4924,      0.0192,      0.0021,      0.2500,      0.2011,   7717.0527,-448093.0938,   -921.2928,    547.2724,  25723.5059,
       1,     168,     145,      17,       1,       3,       1,     10.0000,      1.3972,     42.5527,    247.7223,     62.3421,      3.4953,      0.1809,      0.1461,     54.8802,      0.2437,      5.5638,     11.1277,      2.1533,     28.7462,     57.4924,      0.0192,      0.0029,      0.2365,      0.2011,   7717.0522,-473223.9375,   -927.2254,    545.5545,  25723.5078,
       1,     168,     145,      18,       1,       3,       1,     10.0000,      1.3972,     42.5527,    247.7223,     62.3421,      3.4953,      0.1164,      0.0824,     37.1695,      0.2161,      5.5638,     11.1277,      1.9091,     28.7462,     57.4924,      0.0192,      0.0032,      0.1435,      0.2010,   7717.0527,-491992.5625,   -931.8604,    544.2772,  25723.5078,
       1,     168,     145,      19,       1,       3,       1,     10.0000,      1.3972,     42.5527,    247.7223,     62.3421,      3.4953,      0.0874,      0.0538,     27.3926,      0.2017,      5.5638,     11.1277,      1.7820,     28.7462,     57.4924,      0.0192,      0.0033,      0.1022,      0.2010,   7717.0527,-471243.5000,   -928.7430,    545.6904,  25723.5078,
       1,     168,     145,      20,       1,       3,       1,     10.0000,      1.3972,     42.5527,    247.7223,     62.3421,      3.4953,      0.0109,     -0.0224,      5.3979,      0.1904,      5.5638,     11.1277,      1.6827,     28.7462,     57.4924,      0.0192,      0.0043,      0.0156,      0.2010,   7717.0527,-457110.5938,   -926.6741,    546.6562,  25723.5078,
       1,     168,     145,      21,       1,       3,       1,     10.0000,      1.3972,     42.5527,    247.7223,     62.3421,      3.4953,      0.0000,     -0.0330,      5.7131,      0.1801,      5.5638,     11.1277,      1.5917,     28.7462,     57.4924,      0.0192,      0.0045,      0.0156,      0.2010,   7717.0527,-428122.5625,   -921.6642,    548.6379,  25723.5078,
       1,     168,     145,      22,       1,       3,       1,     10.0000,      1.3972,     42.5527,    247.7223,     62.3421,      3.4953,      0.0000,     -0.0329,      6.0212,      0.1796,      5.5638,     11.1277,      1.5869,     28.7462,     57.4924,      0.0192,      0.0048,      0.0156,      0.2011,   7717.0527,-426023.0000,   -921.5630,    548.7855,  25723.5078,
       1,     168,     145,      23,       1,       3,       1,     10.0000,      1.3972,     42.5527,    247.7223,     62.3421,      3.4953,      0.0000,     -0.0329,      4.4365,      0.1785,      5.5638,     11.1277,      1.5775,     28.7462,     57.4924,      0.0192,      0.0035,      0.0156,      0.2011,   7717.0527,-426225.4688,   -921.9047,    548.7716,  25723.5078,
       1,     168,     145,      24,       1,       3,       1,     10.0000,      1.3972,     42.5527,    247.7223,     62.3421,      3.4953,      0.0000,     -0.0328,      3.7526,      0.1759,      5.5638,     11.1277,      1.5541,     28.7462,     57.4924,      0.0192,      0.0030,      0.0156,      0.2011,   7717.0527,-424243.3438,   -921.7480,    548.9076,  25723.5078,
       1,     168,     146,       1,       1,       3,       1,     10.0000,      1.3972,     42.5530,    247.7282,     62.3436,      3.4953,      0.0000,     -0.0327,      3.1875,      0.1726,      5.5640,     11.1280,      1.5250,     28.7468,     57.4936,      0.0192,      0.0025,      0.0156,      0.2011,   7717.0527,-423364.6562,   -922.0099,    548.9808,  25724.6680,
       1,     168,     146,       2,       1,       3,       1,     10.0000,      1.3972,     42.5530,    247.7282,     62.3436,      3.4953,      0.0000,     -0.0327,      2.0828,      0.1715,      5.5640,     11.1280,      1.5159,     28.7468,     57.4936,      0.0192,      0.0016,      0.0156,      0.2011,   7717.4009,-422422.1562,   -921.6968,    549.0455,  25724.6680,
       1,     168,     146,       3,       1,       3,       1,     10.0000,      1.3972,     42.5530,    247.7282,     62.3436,      3.4953,      0.0000,     -0.0327,      1.8763,      0.1709,      5.5640,     11.1280,      1.5099,     28.7468,     57.4936,      0.0192,      0.0015,      0.0156,      0.2011,   7717.4009,-420946.8750,   -921.5013,    549.1468,  25724.6680,
       1,     168,     146,       4,       1,       3,       1,     10.0000,      1.3972,     42.5530,    247.7282,     62.3436,      3.4953,      0.0000,     -0.0324,      2.0167,      0.1635,      5.5640,     11.1280,      1.4449,     28.7468,     57.4936,      0.0192,      0.0016,      0.0156,      0.2011,   7717.4009,-420558.4375,   -921.4913,    549.1734,  25724.6699,
       1,     168,     146,       5,       1,       3,       1,     10.0000,      1.3972,     42.5530,    247.7282,     62.3436,      3.4953,      0.0000,     -0.0323,      1.8781,      0.1606,      5.5640,     11.1280,      1.4191,     28.7468,     57.4936,      0.0192,      0.0015,      0.0156,      0.2011,   7717.4014,-420701.7500,   -921.5945,    549.1636,  25724.6680,
       1,     168,     146,       6,       1,       3,       1,     10.0000,      1.3972,     42.5530,    247.7282,     62.3436,      3.4953,      0.0000,     -0.0323,      1.7385,      0.1590,      5.5640,     11.1280,      1.4049,     28.7468,     57.4936,      0.0192,      0.0014,      0.0156,      0.2011,   7717.4009,-420539.5625,   -921.6276,    549.1747,  25724.6680,
       1,     168,     146,       7,       1,       3,       1,     10.0000,      1.3972,     42.5530,    247.7282,     62.3436,      3.4953,      0.0000,     -0.0323,      1.5632,      0.1614,      5.5640,     11.1280,      1.4262,     28.7468,     57.4936,      0.0192,      0.0012,      0.0156,      0.2011,   7717.4009,-420349.3125,   -921.6428,    549.1878,  25724.6680,
       1,     168,     146,       8,       1,       3,       1,     10.0000,      1.3972,     42.5530,    247.7282,     62.3436,      3.4953,      0.0092,     -0.0231,      1.3501,      0.1576,      5.5640,     11.1280,      1.3923,     28.7468,     57.4936,      0.0192,      0.0011,      0.0156,      0.2011,   7717.4009,-420111.5938,   -921.6460,    549.2040,  25724.6680,
       1,     168,     146,       9,       1,       3,       1,     10.0000,      1.3972,     42.5530,    247.7282,     62.3436,      3.4953,      0.1028,      0.0701,      9.5240,      0.1729,      5.5640,     11.1280,      1.5280,     28.7468,     57.4936,      0.0192,      0.0009,      0.1272,      0.2011,   7717.4009,-419822.3438,   -921.6443,    549.2240,  25724.6699,
       1,     168,     146,      10,       1,       3,       1,     10.0000,      1.3972,     42.5530,    247.7282,     62.3436,      3.4953,      0.1500,      0.1166,     15.2690,      0.1971,      5.5640,     11.1280,      1.7420,     28.7468,     57.4936,      0.0192,      0.0010,      0.1955,      0.2011,   7717.4014,-430109.0938,   -923.7054,    548.5178,  25724.6680,
       1,     168,     146,      11,       1,       3,       1,     10.0000,      1.3972,     42.5530,    247.7282,     62.3436,      3.4953,      0.1409,      0.1072,     10.6384,      0.2039,      5.5640,     11.1280,      1.8015,     28.7468,     57.4936,      0.0192,      0.0007,      0.1825,      0.2011,   7717.4009,-438250.6562,   -925.5131,    547.9600,  25724.6699,
       1,     168,     146,      12,       1,       3,       1,     10.0000,      1.3972,     42.5530,    247.7282,     62.3436,      3.4953,      0.1849,      0.1504,     19.0035,      0.2353,      5.5640,     11.1280,      2.0790,     28.7468,     57.4936,      0.0192,      0.0009,      0.2465,      0.2011,   7717.4014,-433111.6250,   -924.8193,    548.3122,  25724.6680,
       1,     168,     146,      13,       1,       3,       1,     10.0000,      1.3972,     42.5530,    247.7282,     62.3436,      3.4953,      0.1278,      0.0946,      9.6046,      0.1904,      5.5640,     11.1280,      1.6827,     28.7468,     57.4936,      0.0192,      0.0007,      0.1636,      0.2011,   7717.4009,-443222.9375,   -927.1136,    547.6194,  25724.6680,
       1,     168,     146,      14,       1,       3,       1,     10.0000,      1.3972,     42.5530,    247.7282,     62.3436,      3.4953,      0.0950,      0.0628,     11.9854,      0.1588,      5.5640,     11.1280,      1.4035,     28.7468,     57.4936,      0.0192,      0.0013,      0.1159,      0.2011,   7717.4009,-432237.0312,   -925.2307,    548.3718,  25724.6680,
       1,     168,     146,      15,       1,       3,       1,     10.0000,      1.3972,     42.5530,    247.7282,     62.3436,      3.4953,      0.0326,      0.0010,      4.6376,      0.1419,      5.5640,     11.1280,      1.2539,     28.7468,     57.4936,      0.0192,      0.0021,      0.0266,      0.2011,   7717.4009,-434291.7812,   -925.7501,    548.2314,  25724.6699,
       1,     168,     146,      16,       1,       3,       1,     10.0000,      1.3972,     42.5530,    247.7282,     62.3436,      3.4953,      0.0122,     -0.0193,      2.9765,      0.1363,      5.5640,     11.1280,      1.2042,     28.7468,     57.4936,      0.0192,      0.0023,      0.0156,      0.2011,   7717.4014,-425196.7188,   -911.6743,    548.8547,  25724.6660,
       1,     168,     146,      17,       1,       3,       1,     10.0000,      1.3972,     42.5530,    247.7282,     62.3436,      3.4953,      0.0155,     -0.0160,      0.7077,      0.1384,      5.5640,     11.1280,      1.2226,     28.7468,     57.4936,      0.0192,      0.0036,      0.0024,      0.2011,   7717.3999,-422315.1250,   -911.2208,    549.0527,  25724.6680,
       1,     168,     146,      18,       1,       3,       1,     10.0000,      1.3972,     42.5530,    247.7282,     62.3436,      3.4953,      0.0329,      0.0012,      5.2661,      0.1429,      5.5640,     11.1280,      1.2628,     28.7468,     57.4936,      0.0192,      0.0024,      0.0269,      0.2011,   7717.4009,-419202.7500,   -910.8437,    549.2664,  25724.6680,
       1,     168,     146,      19,       1,       3,       1,     10.0000,      1.3972,     42.5530,    247.7282,     62.3436,      3.4953,      0.0132,     -0.0186,      2.2075,      0.1454,      5.5640,     11.1280,      1.2846,     28.7468,     57.4936,      0.0192,      0.0017,      0.0156,      0.2011,   7717.4009,-424684.1250,   -911.6476,    548.8901,  25724.6699,
       1,     168,     146,      20,       1,       3,       1,     10.0000,      1.3972,     42.5530,    247.7282,     62.3436,      3.4953,      0.0024,     -0.0294,      0.7143,      0.1444,      5.5640,     11.1280,      1.2756,     28.7468,     57.4936,      0.0192,      0.0006,      0.0156,      0.2011,   7717.4014,-421299.7188,   -910.8653,    549.1224,  25724.6680,
       1,     168,     146,      21,       1,       3,       1,     10.0000,      1.3972,     42.5530,    247.7282,     62.3436,      3.4953,      0.0000,     -0.0316,      0.3441,      0.1410,      5.5640,     11.1280,      1.2463,     28.7468,     57.4936,      0.0192,      0.0003,      0.0156,      0.2011,   7717.4009,-419123.1562,   -910.2714,    549.2719,  25724.6680,
       1,     168,     146,      22,       1,       3,       1,     10.0000,      1.3972,     42.5530,    247.7282,     62.3436,      3.4953,      0.0000,     -0.0315,      0.3338,      0.1382,      5.5640,     11.1280,      1.2214,     28.7468,     57.4936,      0.0192,      0.0003,      0.0156,      0.2011,   7717.4009,-418467.5938,   -910.1585,    549.3170,  25724.6699,
       1,     168,     146,      23,       1,       3,       1,     10.0000,      1.3972,     42.5530,    247.7282,     62.3436,      3.4953,      0.0000,     -0.0315,      0.3334,      0.1381,      5.5640,     11.1280,      1.2201,     28.7468,     57.4936,      0.0192,      0.0003,      0.0156,      0.2011,   7717.4014,-418397.3438,   -910.1474,    549.3218,  25724.6680,
       1,     168,     146,      24,       1,       3,       1,     10.0000,      1.3972,     42.5530,    247.7282,     62.3436,      3.4953,      0.0000,     -0.0316,      0.3388,      0.1400,      5.5640,     11.1280,      1.2375,     28.7468,     57.4936,      0.0192,      0.0003,      0.0156,      0.2011,   7717.4009,-418391.0312,   -910.1484,    549.3222,  25724.6680,
       1,     168,     147,       1,       1,       3,       1,     10.0000,      1.3972,     42.5534,    247.7340,     62.3451,      3.4953,      0.0000,     -0.0316,      0.3392,      0.1402,      5.5657,     11.1315,      1.2388,     28.7299,     57.4597,      0.0192,      0.0003,      0.0156,      0.2011,   7717.4009,-418554.2812,   -910.4388,    549.3242,  25725.8281,
       1,     168,     147,       2,       1,       3,       1,     10.0000,      1.3972,     42.5534,    247.7340,     62.3451,      3.4953,      0.0000,     -0.0317,      0.3460,      0.1426,      5.5657,     11.1315,      1.2603,     28.7299,     57.4597,      0.0192,      0.0003,      0.0156,      0.2011,   7717.7485,-418414.8125,   -910.1609,    549.3337,  25725.8281,
       1,     168,     147,       3,       1,       3,       1,     10.0000,      1.3972,     42.5534,    247.7340,     62.3451,      3.4953,      0.0000,     -0.0316,      0.3376,      0.1396,      5.5657,     11.1315,      1.2338,     28.7299,     57.4597,      0.0192,      0.0003,      0.0156,      0.2011,   7717.7485,-418411.3125,   -910.1617,    549.3340,  25725.8301,
       1,     168,     147,       4,       1,       3,       1,     10.0000,      1.3972,     42.5534,    247.7340,     62.3451,      3.4953,      0.0000,     -0.0315,      0.3299,      0.1368,      5.5657,     11.1315,      1.2091,     28.7299,     57.4597,      0.0192,      0.0003,      0.0156,      0.2011,   7717.7495,-418400.2500,   -910.1611,    549.3348,  25725.8301,
       1,     168,     147,       5,       1,       3,       1,     10.0000,      1.3972,     42.5534,    247.7340,     62.3451,      3.4953,      0.0000,     -0.0312,      0.3142,      0.1311,      5.5657,     11.1315,      1.1587,     28.7299,     57.4597,      0.0192,      0.0002,      0.0156,      0.2011,   7717.7495,-418389.6250,   -910.1608,    549.3356,  25725.8281,
       1,     168,     147,       6,       1,       3,       1,     10.0000,      1.3972,     42.5534,    247.7340,     62.3451,      3.4953,      0.0000,     -0.0312,      0.3142,      0.1311,      5.5657,     11.1315,      1.1587,     28.7299,     57.4597,      0.0192,      0.0002,      0.0156,      0.2011,   7717.7485,-418369.0312,   -910.1590,    549.3370,  25725.8281,
       1,     168,     147,       7,       1,       3,       1,     10.0000,      1.3972,     42.5534,    247.7340,     62.3451,      3.4953,      0.0000,     -0.0313,      0.3157,      0.1317,      5.5657,     11.1315,      1.1634,     28.7299,     57.4597,      0.0192,      0.0002,      0.0156,      0.2011,   7717.7485,-418367.2500,   -910.1602,    549.3371,  25725.8301,
       1,     168,     147,       8,       1,       3,       1,     10.0000,      1.3972,     42.5534,    247.7340,     62.3451,      3.4953,      0.0211,     -0.0103,      0.2216,      0.1344,      5.5657,     11.1315,      1.1872,     28.7299,     57.4597,      0.0192,      0.0003,      0.0107,      0.2011,   7717.7495,-418368.7812,   -910.1616,    549.3370,  25725.8281,
       1,     168,     147,       9,       1,       3,       1,     10.0000,      1.3972,     42.5534,    247.7340,     62.3451,      3.4953,      0.1178,      0.0857,      3.7736,      0.1535,      5.5657,     11.1315,      1.3565,     28.7299,     57.4597,      0.0192,      0.0003,      0.1500,      0.2011,   7717.7485,-418250.3125,   -910.2223,    549.3451,  25725.8281,
       1,     168,     147,      10,       1,       3,       1,     10.0000,      1.3972,     42.5534,    247.7340,     62.3451,      3.4953,      0.1310,      0.0983,      5.0462,      0.1710,      5.5657,     11.1315,      1.5114,     28.7299,     57.4597,      0.0192,      0.0004,      0.1689,      0.2011,   7717.7485,-422720.6562,   -911.6156,    549.0381,  25725.8262,
       1,     168,     147,      11,       1,       3,       1,     10.0000,      1.3972,     42.5534,    247.7340,     62.3451,      3.4953,      0.1724,      0.1390,      7.3419,      0.1966,      5.5657,     11.1315,      1.7369,     28.7299,     57.4597,      0.0192,      0.0004,      0.2292,      0.2011,   7717.7480,-424714.0000,   -912.7504,    548.9014,  25725.8262,
       1,     168,     147,      12,       1,       3,       1,     10.0000,      1.3972,     42.5534,    247.7340,     62.3451,      3.4953,      0.1821,      0.1480,      8.9026,      0.2206,      5.5657,     11.1315,      1.9490,     28.7299,     57.4597,      0.0192,      0.0005,      0.2434,      0.2011,   7717.7480,-427782.6562,   -914.7026,    548.6909,  25725.8301,
       1,     168,     147,      13,       1,       3,       1,     10.0000,      1.3972,     42.5534,    247.7340,     62.3451,      3.4953,      0.1866,      0.1520,      9.9281,      0.2369,      5.5657,     11.1315,      2.0933,     28.7299,     57.4597,      0.0192,      0.0005,      0.2500,      0.2011,   7717.7495,-430016.7188,   -916.7773,    548.5377,  25725.8281,
       1,     168,     147,      14,       1,       3,       1,     10.0000,      1.3972,     42.5534,    247.7340,     62.3451,      3.4953,      0.1871,      0.1522,     17.6906,      0.2492,      5.5657,     11.1315,      2.2022,     28.7299,     57.4597,      0.0192,      0.0009,      0.2500,      0.2011,   7717.7485,-431504.2500,   -918.9238,    548.4357,  25725.8301,
       1,     168,     147,      15,       1,       3,       1,     10.0000,      1.3972,     42.5534,    247.7340,     62.3451,      3.4953,      0.1883,      0.1537,     32.6760,      0.2395,      5.5657,     11.1315,      2.1159,     28.7299,     57.4597,      0.0192,      0.0016,      0.2500,      0.2011,   7717.7495,-441426.5312,   -922.0305,    547.7556,  25725.8281,
       1,     168,     147,      16,       1,       3,       1,     10.0000,      1.3972,     42.5534,    247.7340,     62.3451,      3.4953,      0.1872,      0.1525,     63.3663,      0.2411,      5.5657,     11.1315,      2.1304,     28.7299,     57.4597,      0.0192,      0.0032,      0.2448,      0.2011,   7717.7485,-461195.8125,   -926.6878,    546.4023,  25725.8281,
       1,     168,     147,      17,       1,       3,       1,     10.0000,      1.3972,     42.5534,    247.7340,     62.3451,      3.4953,      0.1551,      0.1206,     74.9173,      0.2323,      5.5657,     11.1315,      2.0528,     28.7299,     57.4597,      0.0192,      0.0047,      0.1960,      0.2011,   7717.7485,-501647.8438,   -935.2186,    543.6411,  25725.8281,
       1,     168,     147,      18,       1,       3,       1,     10.0000,      1.3972,     42.5534,    247.7340,     62.3451,      3.4953,      0.0514,      0.0186,     18.1587,      0.1754,      5.5657,     11.1315,      1.5496,     28.7299,     57.4597,      0.0192,      0.0044,      0.0511,      0.2011,   7717.7485,-519749.2188,   -939.4529,    542.4180,  25725.8301,
       1,     168,     147,      19,       1,       3,       1,     10.0000,      1.3972,     42.5534,    247.7340,     62.3451,      3.4953,      0.0217,     -0.0093,      3.7131,      0.1231,      5.5657,     11.1315,      1.0878,     28.7299,     57.4597,      0.0192,      0.0039,      0.0117,      0.2010,   7717.7495,-449597.7500,   -916.4635,    547.1758,  25725.8262,
       1,     168,     147,      20,       1,       3,       1,     10.0000,      1.3972,     42.5534,    247.7340,     62.3451,      3.4953,      0.0022,     -0.0286,      4.4460,      0.1200,      5.5657,     11.1315,      1.0604,     28.7299,     57.4597,      0.0192,      0.0035,      0.0156,      0.2011,   7717.7480,-425379.1875,   -912.1094,    548.8532,  25725.8281,
       1,     168,     147,      21,       1,       3,       1,     10.0000,      1.3972,     42.5534,    247.7340,     62.3451,      3.4953,      0.0000,     -0.0307,      4.7217,      0.1177,      5.5657,     11.1315,      1.0400,     28.7299,     57.4597,      0.0192,      0.0037,      0.0156,      0.2011,   7717.7485,-424189.7812,   -911.6578,    548.9374,  25725.8281,
       1,     168,     147,      22,       1,       3,       1,     10.0000,      1.3972,     42.5534,    247.7340,     62.3451,      3.4953,      0.0000,     -0.0308,      4.6999,      0.1191,      5.5657,     11.1315,      1.0528,     28.7299,     57.4597,      0.0192,      0.0037,      0.0156,      0.2011,   7717.7485,-424431.2500,   -911.6823,    548.9208,  25725.8281,
       1,     168,     147,      23,       1,       3,       1,     10.0000,      1.3972,     42.5534,    247.7340,     62.3451,      3.4953,      0.0000,     -0.0309,      2.5838,      0.1235,      5.5657,     11.1315,      1.0911,     28.7299,     57.4597,      0.0192,      0.0020,      0.0156,      0.2011,   7717.7485,-424424.6562,   -911.6707,    548.9212,  25725.8281,
       1,     168,     147,      24,       1,       3,       1,     10.0000,      1.3972,     42.5534,    247.7340,     62.3451,      3.4953,      0.0000,     -0.0311,      0.3305,      0.1282,      5.5657,     11.1315,      1.1330,     28.7299,     57.4597,      0.0192,      0.0003,      0.0156,      0.2011,   7717.7485,-421754.6875,   -911.4304,    549.1044,  25725.8301,
       1,     168,     148,       1,       1,       3,       1,     10.0000,      1.3972,     42.5537,    247.7399,     62.3466,      3.4953,      0.0000,     -0.0311,      0.3038,      0.1273,      5.5645,     11.1290,      1.1250,     28.7298,     57.4595,      0.0192,      0.0002,      0.0156,      0.2012,   7717.7495,-418837.3125,   -911.1819,    549.3177,  25726.9863,
       1,     168,     148,       2,       1,       3,       1,     10.0000,      1.3972,     42.5537,    247.7399,     62.3466,      3.4953,      0.0000,     -0.0310,      0.2996,      0.1258,      5.5645,     11.1290,      1.1114,     28.7298,     57.4595,      0.0192,      0.0002,      0.0156,      0.2012,   7718.0962,-418397.7500,   -910.8516,    549.3480,  25726.9863,
       1,     168,     148,       3,       1,       3,       1,     10.0000,      1.3972,     42.5537,    247.7399,     62.3466,      3.4953,      0.0000,     -0.0309,      0.2893,      0.1220,      5.5645,     11.1290,      1.0779,     28.7298,     57.4595,      0.0192,      0.0002,      0.0156,      0.2012,   7718.0962,-418354.4062,   -910.8453,    549.3510,  25726.9863,
       1,     168,     148,       4,       1,       3,       1,     10.0000,      1.3972,     42.5537,    247.7399,     62.3466,      3.4953,      0.0000,     -0.0310,      0.2972,      0.1249,      5.5645,     11.1290,      1.1035,     28.7298,     57.4595,      0.0192,      0.0002,      0.0156,      0.2012,   7718.0962,-418337.5312,   -910.8438,    549.3521,  25726.9883,
       1,     168,     148,       5,       1,       3,       1,     10.0000,      1.3972,     42.5537,    247.7399,     62.3466,      3.4953,      0.0000,     -0.0311,      0.3017,      0.1265,      5.5645,     11.1290,      1.1182,     28.7298,     57.4595,      0.0192,      0.0002,      0.0156,      0.2012,   7718.0967,-418345.8750,   -910.8463,    549.3516,  25726.9863,
       1,     168,     148,       6,       1,       3,       1,     10.0000,      1.3972,     42.5537,    247.7399,     62.3466,      3.4953,      0.0000,     -0.0311,      0.3021,      0.1267,      5.5645,     11.1290,      1.1193,     28.7298,     57.4595,      0.0192,      0.0002,      0.0156,      0.2012,   7718.0962,-418352.4688,   -910.8493,    549.3511,  25726.9863,
       1,     168,     148,       7,       1,       3,       1,     10.0000,      1.3972,     42.5537,    247.7399,     62.3466,      3.4953,      0.0000,     -0.0311,      0.3017,      0.1265,      5.5645,     11.1290,      1.1182,     28.7298,     57.4595,      0.0192,      0.0002,      0.0156,      0.2012,   7718.0962,-418353.4375,   -910.8509,    549.3510,  25726.9844,
       1,     168,     148,       8,       1,       3,       1,     10.0000,      1.3972,     42.5537,    247.7399,     62.3466,      3.4953,      0.0237,     -0.0074,      0.2907,      0.1284,      5.5645,     11.1290,      1.1342,     28.7298,     57.4595,      0.0192,      0.0002,      0.0148,      0.2012,   7718.0957,-418353.3438,   -910.8526,    549.3511,  25726.9883,
       1,     168,     148,       9,       1,       3,       1,     10.0000,      1.3972,     42.5537,    247.7399,     62.3466,      3.4953,      0.1135,      0.0820,      3.0630,      0.1375,      5.5645,     11.1290,      1.2152,     28.7298,     57.4595,      0.0192,      0.0003,      0.1440,      0.2012,   7718.0967,-418339.0000,   -910.9314,    549.3521,  25726.9863,
       1,     168,     148,      10,       1,       3,       1,     10.0000,      1.3972,     42.5537,    247.7399,     62.3466,      3.4953,      0.1620,      0.1294,      5.6779,      0.1668,      5.5645,     11.1290,      1.4742,     28.7298,     57.4595,      0.0192,      0.0003,      0.2139,      0.2012,   7718.0962,-421834.6562,   -912.0624,    549.1120,  25726.9863,
       1,     168,     148,      11,       1,       3,       1,     10.0000,      1.3972,     42.5537,    247.7399,     62.3466,      3.4953,      0.1867,      0.1533,      7.8654,      0.1935,      5.5645,     11.1290,      1.7096,     28.7298,     57.4595,      0.0192,      0.0004,      0.2500,      0.2012,   7718.0962,-425435.7500,   -913.7280,    548.8649,  25726.9844,
       1,     168,     148,      12,       1,       3,       1,     10.0000,      1.3972,     42.5537,    247.7399,     62.3466,      3.4953,      0.1866,      0.1523,      9.3848,      0.2256,      5.5645,     11.1290,      1.9935,     28.7298,     57.4595,      0.0192,      0.0005,      0.2500,      0.2012,   7718.0957,-428507.2500,   -915.6558,    548.6542,  25726.9863,
       1,     168,     148,      13,       1,       3,       1,     10.0000,      1.3972,     42.5537,    247.7399,     62.3466,      3.4953,      0.1866,      0.1523,      9.4592,      0.2271,      5.5645,     11.1290,      2.0072,     28.7298,     57.4595,      0.0192,      0.0005,      0.2500,      0.2012,   7718.0962,-430689.6562,   -916.1863,    548.5046,  25726.9883,
       1,     168,     148,      14,       1,       3,       1,     10.0000,      1.3972,     42.5537,    247.7399,     62.3466,      3.4953,      0.1858,      0.1510,     11.6796,      0.2439,      5.5645,     11.1290,      2.1555,     28.7298,     57.4595,      0.0192,      0.0006,      0.2487,      0.2012,   7718.0967,-430972.2188,   -918.0105,    548.4852,  25726.9844,
       1,     168,     148,      15,       1,       3,       1,     10.0000,      1.3972,     42.5537,    247.7399,     62.3466,      3.4953,      0.1408,      0.1071,     27.7973,      0.2043,      5.5645,     11.1290,      1.8051,     28.7298,     57.4595,      0.0192,      0.0019,      0.1804,      0.2012,   7718.0957,-433797.9688,   -920.1021,    548.2914,  25726.9863,
       1,     168,     148,      16,       1,       3,       1,     10.0000,      1.3972,     42.5537,    247.7399,     62.3466,      3.4953,      0.1650,      0.1314,     52.6752,      0.2035,      5.5645,     11.1290,      1.7980,     28.7298,     57.4595,      0.0192,      0.0030,      0.2131,      0.2011,   7718.0962,-454376.0625,   -924.4271,    546.8812,  25726.9863,
       1,     168,     148,      17,       1,       3,       1,     10.0000,      1.3972,     42.5537,    247.7399,     62.3466,      3.4953,      0.0888,      0.0559,     36.5669,      0.1761,      5.5645,     11.1290,      1.5558,     28.7298,     57.4595,      0.0192,      0.0043,      0.1035,      0.2011,   7718.0962,-487555.5625,   -923.9502,    544.6148,  25726.9863,
       1,     168,     148,      18,       1,       3,       1,     10.0000,      1.3972,     42.5537,    247.7399,     62.3466,      3.4953,      0.1036,      0.0708,     50.0742,      0.1764,      5.5645,     11.1290,      1.5589,     28.7298,     57.4595,      0.0192,      0.0050,      0.1237,      0.2011,   7718.0962,-470095.3438,   -921.9137,    545.8082,  25726.9863,
       1,     168,     148,      19,       1,       3,       1,     10.0000,      1.3972,     42.5537,    247.7399,     62.3466,      3.4953,      0.1061,      0.0735,     53.1218,      0.1690,      5.5645,     11.1290,      1.4934,     28.7298,     57.4595,      0.0192,      0.0051,      0.1270,      0.2011,   7718.0962,-485635.8438,   -925.8551,    544.7491,  25726.9883,
       1,     168,     148,      20,       1,       3,       1,     10.0000,      1.3972,     42.5537,    247.7399,     62.3466,      3.4953,      0.0278,     -0.0047,      5.3308,      0.1643,      5.5645,     11.1290,      1.4522,     28.7298,     57.4595,      0.0192,      0.0035,      0.0186,      0.2011,   7718.0967,-490826.7188,   -927.9714,    544.3968,  25726.9844,
       1,     168,     148,      21,       1,       3,       1,     10.0000,      1.3972,     42.5537,    247.7399,     62.3466,      3.4953,      0.0000,     -0.0321,      3.6695,      0.1558,      5.5645,     11.1290,      1.3771,     28.7298,     57.4595,      0.0192,      0.0029,      0.0156,      0.2011,   7718.0957,-430930.6250,   -917.6788,    548.4728,  25726.9863,
       1,     168,     148,      22,       1,       3,       1,     10.0000,      1.3972,     42.5537,    247.7399,     62.3466,      3.4953,      0.0000,     -0.0319,      2.0751,      0.1492,      5.5645,     11.1290,      1.3188,     28.7298,     57.4595,      0.0192,      0.0016,      0.0156,      0.2011,   7718.0962,-423708.8125,   -916.6705,    548.9832,  25726.9863,
       1,     168,     148,      23,       1,       3,       1,     10.0000,      1.3972,     42.5537,    247.7399,     62.3466,      3.4953,      0.0000,     -0.0318,      1.7672,      0.1448,      5.5645,     11.1290,      1.2795,     28.7298,     57.4595,      0.0192,      0.0014,      0.0156,      0.2012,   7718.0962,-421053.7812,   -916.3287,    549.1656,  25726.9844,
       1,     168,     148,      24,       1,       3,       1,     10.0000,      1.3972,     42.5537,    247.7399,     62.3466,      3.4953,      0.0000,     -0.0318,      1.4144,      0.1457,      5.5645,     11.1290,      1.2873,     28.7298,     57.4595,      0.0192,      0.0011,      0.0156,      0.2012,   7718.0957,-420435.5625,   -916.3221,    549.2081,  25726.9863,
       1,     168,     149,       1,       1,       3,       1,     10.0000,      1.3973,     42.5540,    247.7458,     62.3481,      3.4953,      0.0000,     -0.0317,      1.2505,      0.1433,      5.5649,     11.1298,      1.2667,     28.7317,     57.4633,      0.0192,      0.0010,      0.0156,      0.2012,   7718.0962,-420093.3125,   -916.6193,    549.2446,  25728.1465,
       1,     168,     149,       2,       1,       3,       1,     10.0000,      1.3973,     42.5540,    247.7458,     62.3481,      3.4953,      0.0000,     -0.0316,      0.7161,      0.1418,      5.5649,     11.1298,      1.2527,     28.7317,     57.4633,      0.0192,      0.0006,      0.0156,      0.2012,   7718.4443,-419703.2812,   -916.3582,    549.2714,  25728.1445,
       1,     168,     149,       3,       1,       3,       1,     10.0000,      1.3973,     42.5540,    247.7458,     62.3481,      3.4953,      0.0000,     -0.0315,      0.4627,      0.1389,      5.5649,     11.1298,      1.2276,     28.7317,     57.4633,      0.0192,      0.0004,      0.0156,      0.2012,   7718.4438,-418995.6562,   -916.2687,    549.3199,  25728.1465,
       1,     168,     149,       4,       1,       3,       1,     10.0000,      1.3973,     42.5540,    247.7458,     62.3481,      3.4953,      0.0000,     -0.0315,      0.4346,      0.1381,      5.5649,     11.1298,      1.2202,     28.7317,     57.4633,      0.0192,      0.0003,      0.0156,      0.2012,   7718.4443,-418614.6562,   -916.2130,    549.3461,  25728.1465,
       1,     168,     149,       5,       1,       3,       1,     10.0000,      1.3973,     42.5540,    247.7458,     62.3481,      3.4953,      0.0000,     -0.0316,      0.5541,      0.1396,      5.5649,     11.1298,      1.2339,     28.7317,     57.4633,      0.0192,      0.0004,      0.0156,      0.2012,   7718.4443,-418546.2188,   -916.2074,    549.3508,  25728.1465,
       1,     168,     149,       6,       1,       3,       1,     10.0000,      1.3973,     42.5540,    247.7458,     62.3481,      3.4953,      0.0000,     -0.0315,      0.3340,      0.1374,      5.5649,     11.1298,      1.2140,     28.7317,     57.4633,      0.0192,      0.0003,      0.0156,      0.2012,   7718.4443,-418691.0312,   -916.2454,    549.3408,  25728.1484,
       1,     168,     149,       7,       1,       3,       1,     10.0000,      1.3973,     42.5540,    247.7458,     62.3481,      3.4953,      0.0000,     -0.0315,      0.3299,      0.1368,      5.5649,     11.1298,      1.2091,     28.7317,     57.4633,      0.0192,      0.0003,      0.0156,      0.2012,   7718.4448,-418425.8438,   -916.1992,    549.3591,  25728.1484,
       1,     168,     149,       8,       1,       3,       1,     10.0000,      1.3973,     42.5540,    247.7458,     62.3481,      3.4953,      0.0200,     -0.0114,      0.1906,      0.1359,      5.5649,     11.1298,      1.2006,     28.7317,     57.4633,      0.0192,      0.0003,      0.0091,      0.2012,   7718.4448,-418397.7500,   -916.1957,    549.3610,  25728.1465,
       1,     168,     149,       9,       1,       3,       1,     10.0000,      1.3973,     42.5540,    247.7458,     62.3481,      3.4953,      0.1060,      0.0742,      3.0074,      0.1451,      5.5649,     11.1298,      1.2821,     28.7317,     57.4633,      0.0192,      0.0003,      0.1330,      0.2012,   7718.4443,-418219.8125,   -916.2271,    549.3733,  25728.1445,
       1,     168,     149,      10,       1,       3,       1,     10.0000,      1.3973,     42.5540,    247.7458,     62.3481,      3.4953,      0.1723,      0.1394,      6.5093,      0.1771,      5.5649,     11.1298,      1.5651,     28.7317,     57.4633,      0.0192,      0.0003,      0.2290,      0.2012,   7718.4438,-421756.7812,   -917.1194,    549.1304,  25728.1465,
       1,     168,     149,      11,       1,       3,       1,     10.0000,      1.3973,     42.5540,    247.7458,     62.3481,      3.4953,      0.1804,      0.1467,      8.0449,      0.2039,      5.5649,     11.1298,      1.8016,     28.7317,     57.4633,      0.0192,      0.0004,      0.2408,      0.2012,   7718.4443,-426479.6875,   -918.7082,    548.8062,  25728.1465,
       1,     168,     149,      12,       1,       3,       1,     10.0000,      1.3973,     42.5540,    247.7458,     62.3481,      3.4953,      0.1866,      0.1524,      9.2069,      0.2219,      5.5649,     11.1298,      1.9606,     28.7317,     57.4633,      0.0192,      0.0005,      0.2500,      0.2012,   7718.4443,-428825.5938,   -920.0840,    548.6454,  25728.1465,
       1,     168,     149,      13,       1,       3,       1,     10.0000,      1.3973,     42.5540,    247.7458,     62.3481,      3.4953,      0.1866,      0.1522,      9.5559,      0.2292,      5.5649,     11.1298,      2.0250,     28.7317,     57.4633,      0.0192,      0.0005,      0.2500,      0.2012,   7718.4443,-430494.1875,   -921.4533,    548.5309,  25728.1445,
       1,     168,     149,      14,       1,       3,       1,     10.0000,      1.3973,     42.5540,    247.7458,     62.3481,      3.4953,      0.1778,      0.1438,      9.1031,      0.2137,      5.5649,     11.1298,      1.8888,     28.7317,     57.4633,      0.0192,      0.0005,      0.2369,      0.2012,   7718.4438,-431079.0625,   -922.4166,    548.4909,  25728.1465,
       1,     168,     149,      15,       1,       3,       1,     10.0000,      1.3973,     42.5540,    247.7458,     62.3481,      3.4953,      0.1892,      0.1545,     43.5373,      0.2390,      5.5649,     11.1298,      2.1119,     28.7317,     57.4633,      0.0192,      0.0021,      0.2500,      0.2012,   7718.4443,-430558.3438,   -922.9752,    548.5266,  25728.1484,
       1,     168,     149,      16,       1,       3,       1,     10.0000,      1.3973,     42.5540,    247.7458,     62.3481,      3.4953,      0.1867,      0.1515,     79.6317,      0.2621,      5.5649,     11.1298,      2.3163,     28.7317,     57.4633,      0.0192,      0.0040,      0.2424,      0.2012,   7718.4448,-473946.6250,   -931.9571,    545.5516,  25728.1445,
       1,     168,     149,      17,       1,       3,       1,     10.0000,      1.3973,     42.5540,    247.7458,     62.3481,      3.4953,      0.0779,      0.0439,     32.6073,      0.2121,      5.5649,     11.1298,      1.8740,     28.7317,     57.4633,      0.0192,      0.0046,      0.0873,      0.2011,   7718.4438,-523279.5625,   -941.2073,    542.1955,  25728.1465,
       1,     168,     149,      18,       1,       3,       1,     10.0000,      1.3973,     42.5540,    247.7458,     62.3481,      3.4953,      0.0171,     -0.0155,      1.1643,      0.1690,      5.5649,     11.1298,      1.4935,     28.7317,     57.4633,      0.0192,      0.0043,      0.0033,      0.2011,   7718.4443,-468158.9375,   -931.5624,    545.9416,  25728.1465,
       1,     168,     149,      19,       1,       3,       1,     10.0000,      1.3973,     42.5540,    247.7458,     62.3481,      3.4953,      0.0166,     -0.0156,      0.7404,      0.1565,      5.5649,     11.1298,      1.3827,     28.7317,     57.4633,      0.0192,      0.0029,      0.0031,      0.2011,   7718.4443,-423750.6250,   -923.6047,    548.9851,  25728.1465,
       1,     168,     149,      20,       1,       3,       1,     10.0000,      1.3973,     42.5540,    247.7458,     62.3481,      3.4953,      0.0061,     -0.0260,      5.5435,      0.1552,      5.5649,     11.1298,      1.3716,     28.7317,     57.4633,      0.0192,      0.0044,      0.0156,      0.2012,   7718.4443,-419387.1562,   -922.9082,    549.2930,  25728.1484,
       1,     168,     149,      21,       1,       3,       1,     10.0000,      1.3973,     42.5540,    247.7458,     62.3481,      3.4953,      0.0000,     -0.0320,      6.9041,      0.1506,      5.5649,     11.1298,      1.3308,     28.7317,     57.4633,      0.0192,      0.0054,      0.0156,      0.2012,   7718.4448,-425056.0938,   -924.0934,    548.9038,  25728.1465,
       1,     168,     149,      22,       1,       3,       1,     10.0000,      1.3973,     42.5540,    247.7458,     62.3481,      3.4953,      0.0000,     -0.0319,      4.8289,      0.1482,      5.5649,     11.1298,      1.3096,     28.7317,     57.4633,      0.0192,      0.0038,      0.0156,      0.2012,   7718.4443,-427263.5312,   -924.6881,    548.7526,  25728.1445,
       1,     168,     149,      23,       1,       3,       1,     10.0000,      1.3973,     42.5540,    247.7458,     62.3481,      3.4953,      0.0000,     -0.0319,      1.9573,      0.1494,      5.5649,     11.1298,      1.3202,     28.7317,     57.4633,      0.0192,      0.0015,      0.0156,      0.2012,   7718.4438,-424837.1250,   -924.3733,    548.9190,  25728.1484,
       1,     168,     149,      24,       1,       3,       1,     10.0000,      1.3973,     42.5540,    247.7458,     62.3481,      3.4953,      0.0000,     -0.0319,      1.2099,      0.1485,      5.5649,     11.1298,      1.3122,     28.7317,     57.4633,      0.0192,      0.0010,      0.0156,      0.2012,   7718.4448,-421005.1250,   -923.7134,    549.1820,  25728.1484,
       1,     168,     150,       1,       1,       3,       1,     10.0000,      1.3973,     42.5544,    247.7517,     62.3495,      3.4953,      0.0000,     -0.0317,      1.0998,      0.1419,      5.5648,     11.1295,      1.2540,     28.7294,     57.4589,      0.0192,      0.0009,      0.0156,      0.2012,   7718.4448,-419887.5000,   -923.8026,    549.2719,  25729.3086,
       1,     168,     150,       2,       1,       3,       1,     10.0000,      1.3973,     42.5544,    247.7517,     62.3495,      3.4953,      0.0000,     -0.0315,      0.7993,      0.1371,      5.5648,     11.1295,      1.2116,     28.7294,     57.4589,      0.0192,      0.0006,      0.0156,      0.2012,   7718.7930,-419498.1875,   -923.4836,    549.2986,  25729.3105,
       1,     168,     150,       3,       1,       3,       1,     10.0000,      1.3973,     42.5544,    247.7517,     62.3495,      3.4953,      0.0000,     -0.0318,      0.5997,      0.1450,      5.5648,     11.1295,      1.2809,     28.7294,     57.4589,      0.0192,      0.0005,      0.0156,      0.2012,   7718.7935,-419085.1875,   -923.4207,    549.3269,  25729.3086,
       1,     168,     150,       4,       1,       3,       1,     10.0000,      1.3973,     42.5544,    247.7517,     62.3495,      3.4953,      0.0000,     -0.0317,      0.8426,      0.1435,      5.5648,     11.1295,      1.2680,     28.7294,     57.4589,      0.0192,      0.0007,      0.0156,      0.2012,   7718.7930,-418798.1562,   -923.3748,    549.3466,  25729.3105,
       1,     168,     150,       5,       1,       3,       1,     10.0000,      1.3973,     42.5544,    247.7517,     62.3495,      3.4953,      0.0000,     -0.0315,      0.8122,      0.1382,      5.5648,     11.1295,      1.2215,     28.7294,     57.4589,      0.0192,      0.0006,      0.0156,      0.2012,   7718.7935,-419079.1875,   -923.4365,    549.3273,  25729.3086,
       1,     168,     150,       6,       1,       3,       1,     10.0000,      1.3973,     42.5544,    247.7517,     62.3495,      3.4953,      0.0000,     -0.0316,      0.5954,      0.1398,      5.5648,     11.1295,      1.2351,     28.7294,     57.4589,      0.0192,      0.0005,      0.0156,      0.2012,   7718.7930,-419065.5938,   -923.4439,    549.3282,  25729.3086,
       1,     168,     150,       7,       1,       3,       1,     10.0000,      1.3973,     42.5544,    247.7517,     62.3495,      3.4953,      0.0000,     -0.0315,      0.9044,      0.1389,      5.5648,     11.1295,      1.2277,     28.7294,     57.4589,      0.0192,      0.0007,      0.0156,      0.2012,   7718.7930,-418791.0000,   -923.3994,    549.3471,  25729.3086,
       1,     168,     150,       8,       1,       3,       1,     10.0000,      1.3973,     42.5544,    247.7517,     62.3495,      3.4953,      0.0158,     -0.0158,      0.1265,      0.1388,      5.5648,     11.1295,      1.2264,     28.7294,     57.4589,      0.0192,      0.0005,      0.0028,      0.2012,   7718.7930,-419156.9375,   -923.4780,    549.3220,  25729.3105,
       1,     168,     150,       9,       1,       3,       1,     10.0000,      1.3973,     42.5544,    247.7517,     62.3495,      3.4953,      0.1061,      0.0742,      3.0820,      0.1481,      5.5648,     11.1295,      1.3083,     28.7294,     57.4589,      0.0192,      0.0003,      0.1332,      0.2012,   7718.7935,-418207.2188,   -923.3234,    549.3873,  25729.3086,
       1,     168,     150,      10,       1,       3,       1,     10.0000,      1.3973,     42.5544,    247.7517,     62.3495,      3.4953,      0.1408,      0.1083,      4.8441,      0.1663,      5.5648,     11.1295,      1.4698,     28.7294,     57.4589,      0.0192,      0.0003,      0.1831,      0.2012,   7718.7930,-421852.1875,   -924.0988,    549.1369,  25729.3086,
       1,     168,     150,      11,       1,       3,       1,     10.0000,      1.3973,     42.5544,    247.7517,     62.3495,      3.4953,      0.1853,      0.1521,      7.5195,      0.1874,      5.5648,     11.1295,      1.6564,     28.7294,     57.4589,      0.0192,      0.0004,      0.2479,      0.2012,   7718.7930,-424390.0625,   -924.7047,    548.9628,  25729.3066,
       1,     168,     150,      12,       1,       3,       1,     10.0000,      1.3973,     42.5544,    247.7517,     62.3495,      3.4953,      0.1866,      0.1524,      9.3115,      0.2241,      5.5648,     11.1295,      1.9800,     28.7294,     57.4589,      0.0192,      0.0005,      0.2500,      0.2012,   7718.7925,-427983.8750,   -925.6113,    548.7162,  25729.3086,
       1,     168,     150,      13,       1,       3,       1,     10.0000,      1.3973,     42.5544,    247.7517,     62.3495,      3.4953,      0.1866,      0.1519,     10.0410,      0.2392,      5.5648,     11.1295,      2.1140,     28.7294,     57.4589,      0.0192,      0.0005,      0.2500,      0.2012,   7718.7930,-430554.8125,   -926.3948,    548.5399,  25729.3105,
       1,     168,     150,      14,       1,       3,       1,     10.0000,      1.3973,     42.5544,    247.7517,     62.3495,      3.4953,      0.1834,      0.1483,     13.0932,      0.2549,      5.5648,     11.1295,      2.2521,     28.7294,     57.4589,      0.0192,      0.0007,      0.2451,      0.2012,   7718.7935,-431697.0312,   -926.8383,    548.4616,  25729.3086,
       1,     168,     150,      15,       1,       3,       1,     10.0000,      1.3973,     42.5544,    247.7517,     62.3495,      3.4953,      0.0148,     -0.0173,      0.0828,      0.1526,      5.5648,     11.1295,      1.3484,     28.7294,     57.4589,      0.0192,      0.0013,      0.0008,      0.2012,   7718.7930,-435645.7500,   -927.7409,    548.1909,  25729.3066,
       1,     168,     150,      16,       1,       3,       1,     10.0000,      1.3973,     42.5544,    247.7517,     62.3495,      3.4953,      0.0165,     -0.0147,      0.7666,      0.1309,      5.5648,     11.1295,      1.1564,     28.7294,     57.4589,      0.0192,      0.0022,      0.0042,      0.2012,   7718.7925,-419577.6875,   -910.4795,    549.2920,  25729.3086,
       1,     168,     150,      17,       1,       3,       1,     10.0000,      1.3973,     42.5544,    247.7517,     62.3495,      3.4953,      0.0223,     -0.0086,      3.9031,      0.1229,      5.5648,     11.1295,      1.0857,     28.7294,     57.4589,      0.0192,      0.0038,      0.0126,      0.2012,   7718.7930,-419052.6250,   -910.5977,    549.3292,  25729.3086,
       1,     168,     150,      18,       1,       3,       1,     10.0000,      1.3973,     42.5544,    247.7517,     62.3495,      3.4953,      0.0301,     -0.0007,      8.2399,      0.1221,      5.5648,     11.1295,      1.0790,     28.7294,     57.4589,      0.0192,      0.0043,      0.0234,      0.2012,   7718.7930,-422960.8750,   -911.6429,    549.0609,  25729.3086,
       1,     168,     150,      19,       1,       3,       1,     10.0000,      1.3973,     42.5544,    247.7517,     62.3495,      3.4953,      0.0240,     -0.0070,      6.0032,      0.1249,      5.5648,     11.1295,      1.1035,     28.7294,     57.4589,      0.0192,      0.0050,      0.0147,      0.2012,   7718.7930,-428768.3125,   -913.5035,    548.6622,  25729.3086,
       1,     168,     150,      20,       1,       3,       1,     10.0000,      1.3973,     42.5544,    247.7517,     62.3495,      3.4953,      0.0085,     -0.0226,      1.9997,      0.1267,      5.5648,     11.1295,      1.1194,     28.7294,     57.4589,      0.0192,      0.0016,      0.0156,      0.2012,   7718.7930,-426450.5625,   -913.8156,    548.8214,  25729.3086,
       1,     168,     150,      21,       1,       3,       1,     10.0000,      1.3973,     42.5544,    247.7517,     62.3495,      3.4953,      0.0000,     -0.0312,      0.4194,      0.1288,      5.5648,     11.1295,      1.1377,     28.7294,     57.4589,      0.0192,      0.0003,      0.0156,      0.2012,   7718.7930,-421200.9688,   -913.0311,    549.1815,  25729.3086,
       1,     168,     150,      22,       1,       3,       1,     10.0000,      1.3973,     42.5544,    247.7517,     62.3495,      3.4953,      0.0000,     -0.0312,      0.3088,      0.1291,      5.5648,     11.1295,      1.1412,     28.7294,     57.4589,      0.0192,      0.0002,      0.0156,      0.2012,   7718.7930,-418754.1250,   -912.6074,    549.3496,  25729.3105,
       1,     168,     150,      23,       1,       3,       1,     10.0000,      1.3973,     42.5544,    247.7517,     62.3495,      3.4953,      0.0000,     -0.0312,      0.3121,      0.1303,      5.5648,     11.1295,      1.1517,     28.7294,     57.4589,      0.0192,      0.0002,      0.0156,      0.2012,   7718.7935,-418402.3438,   -912.5459,    549.3738,  25729.3086,
       1,     168,     150,      24,       1,       3,       1,     10.0000,      1.3973,     42.5544,    247.7517,     62.3495,      3.4953,      0.0000,     -0.0313,      0.3157,      0.1317,      5.5648,     11.1295,      1.1635,     28.7294,     57.4589,      0.0192,      0.0002,      0.0156,      0.2012,   7718.7930,-418376.3125,   -912.5435,    549.3756,  25729.3066,
       1,     168,     151,       1,       1,       3,       1,     10.0000,      1.3973,     42.5547,    247.7575,     62.3511,      3.4953,      0.0000,     -0.0312,      0.3135,      0.1309,      5.5661,     11.1323,      1.1564,     28.7178,     57.4356,      0.0192,      0.0002,      0.0156,      0.2012,   7718.7925,-418535.5625,   -912.8356,    549.3777,  25730.4668,
       1,     168,     151,       2,       1,       3,       1,     10.0000,      1.3973,     42.5547,    247.7575,     62.3511,      3.4953,      0.0000,     -0.0311,      0.3042,      0.1275,      5.5661,     11.1323,      1.1262,     28.7178,     57.4356,      0.0192,      0.0002,      0.0156,      0.2012,   7719.1401,-418392.8125,   -912.5550,    549.3875,  25730.4707,
       1,     168,     151,       3,       1,       3,       1,     10.0000,      1.3973,     42.5547,    247.7575,     62.3511,      3.4953,      0.0000,     -0.0312,      0.3117,      0.1302,      5.5661,     11.1323,      1.1506,     28.7178,     57.4356,      0.0192,      0.0002,      0.0156,      0.2012,   7719.1416,-418368.1875,   -912.5513,    549.3892,  25730.4688,
       1,     168,     151,       4,       1,       3,       1,     10.0000,      1.3973,     42.5547,    247.7575,     62.3511,      3.4953,      0.0000,     -0.0312,      0.3117,      0.1302,      5.5661,     11.1323,      1.1506,     28.7178,     57.4356,      0.0192,      0.0002,      0.0156,      0.2012,   7719.1411,-418375.9062,   -912.5546,    549.3887,  25730.4688,
       1,     168,     151,       5,       1,       3,       1,     10.0000,      1.3973,     42.5547,    247.7575,     62.3511,      3.4953,      0.0000,     -0.0311,      0.3070,      0.1285,      5.5661,     11.1323,      1.1355,     28.7178,     57.4356,      0.0192,      0.0002,      0.0156,      0.2012,   7719.1411,-418376.5625,   -912.5564,    549.3887,  25730.4688,
       1,     168,     151,       6,       1,       3,       1,     10.0000,      1.3973,     42.5547,    247.7575,     62.3511,      3.4953,      0.0000,     -0.0311,      0.3063,      0.1282,      5.5661,     11.1323,      1.1331,     28.7178,     57.4356,      0.0192,      0.0002,      0.0156,      0.2012,   7719.1411,-418370.6875,   -912.5569,    549.3891,  25730.4688,
       1,     168,     151,       7,       1,       3,       1,     10.0000,      1.3973,     42.5547,    247.7575,     62.3511,      3.4953,      0.0000,     -0.0312,      0.3092,      0.1293,      5.5661,     11.1323,      1.1424,     28.7178,     57.4356,      0.0192,      0.0002,      0.0156,      0.2012,   7719.1411,-418369.2812,   -912.5580,    549.3892,  25730.4688,
       1,     168,     151,       8,       1,       3,       1,     10.0000,      1.3973,     42.5547,    247.7575,     62.3511,      3.4953,      0.0192,     -0.0120,      0.1627,      0.1303,      5.5661,     11.1323,      1.1517,     28.7178,     57.4356,      0.0192,      0.0002,      0.0081,      0.2012,   7719.1411,-418372.8438,   -912.5604,    549.3889,  25730.4688,
       1,     168,     151,       9,       1,       3,       1,     10.0000,      1.3973,     42.5547,    247.7575,     62.3511,      3.4953,      0.1104,      0.0787,      3.1216,      0.1438,      5.5661,     11.1323,      1.2706,     28.7178,     57.4356,      0.0192,      0.0003,      0.1395,      0.2012,   7719.1411,-418188.4375,   -912.6052,    549.4016,  25730.4707,
       1,     168,     151,      10,       1,       3,       1,     10.0000,      1.3973,     42.5547,    247.7575,     62.3511,      3.4953,      0.1505,      0.1182,      5.0600,      0.1619,      5.5661,     11.1323,      1.4307,     28.7178,     57.4356,      0.0192,      0.0003,      0.1973,      0.2012,   7719.1416,-421902.8125,   -913.6876,    549.1465,  25730.4707,
       1,     168,     151,      11,       1,       3,       1,     10.0000,      1.3973,     42.5547,    247.7575,     62.3511,      3.4953,      0.1829,      0.1493,      8.0222,      0.2007,      5.5661,     11.1323,      1.7735,     28.7178,     57.4356,      0.0192,      0.0004,      0.2445,      0.2012,   7719.1416,-424668.5625,   -914.8298,    548.9567,  25730.4688,
       1,     168,     151,      12,       1,       3,       1,     10.0000,      1.3973,     42.5547,    247.7575,     62.3511,      3.4953,      0.1866,      0.1523,      9.4387,      0.2267,      5.5661,     11.1323,      2.0034,     28.7178,     57.4356,      0.0192,      0.0005,      0.2500,      0.2012,   7719.1411,-428643.5625,   -917.0773,    548.6840,  25730.4668,
       1,     168,     151,      13,       1,       3,       1,     10.0000,      1.3973,     42.5547,    247.7575,     62.3511,      3.4953,      0.1865,      0.1512,     11.2947,      0.2650,      5.5661,     11.1323,      2.3413,     28.7178,     57.4356,      0.0192,      0.0006,      0.2500,      0.2012,   7719.1401,-430773.9688,   -919.5416,    548.5379,  25730.4688,
       1,     168,     151,      14,       1,       3,       1,     10.0000,      1.3973,     42.5547,    247.7575,     62.3511,      3.4953,      0.1867,      0.1514,     13.1006,      0.2632,      5.5661,     11.1323,      2.3255,     28.7178,     57.4356,      0.0192,      0.0006,      0.2500,      0.2012,   7719.1411,-433298.7812,   -922.3159,    548.3648,  25730.4688,
       1,     168,     151,      15,       1,       3,       1,     10.0000,      1.3973,     42.5547,    247.7575,     62.3511,      3.4953,      0.1848,      0.1494,     27.3741,      0.2704,      5.5661,     11.1323,      2.3894,     28.7178,     57.4356,      0.0192,      0.0014,      0.2457,      0.2012,   7719.1411,-435794.6562,   -923.8359,    548.1937,  25730.4688,
       1,     168,     151,      16,       1,       3,       1,     10.0000,      1.3973,     42.5547,    247.7575,     62.3511,      3.4953,      0.1575,      0.1226,     63.1131,      0.2471,      5.5661,     11.1323,      2.1832,     28.7178,     57.4356,      0.0192,      0.0039,      0.2009,      0.2012,   7719.1411,-454011.4688,   -927.9700,    546.9455,  25730.4688,
       1,     168,     151,      17,       1,       3,       1,     10.0000,      1.3973,     42.5547,    247.7575,     62.3511,      3.4953,      0.1341,      0.1003,     72.3041,      0.2077,      5.5661,     11.1323,      1.8357,     28.7178,     57.4356,      0.0192,      0.0054,      0.1655,      0.2012,   7719.1411,-500674.7812,   -937.2248,    543.7567,  25730.4688,
       1,     168,     151,      18,       1,       3,       1,     10.0000,      1.3973,     42.5547,    247.7575,     62.3511,      3.4953,      0.0755,      0.0431,     47.4056,      0.1644,      5.5661,     11.1323,      1.4523,     28.7178,     57.4356,      0.0192,      0.0070,      0.0833,      0.2012,   7719.1411,-516332.6875,   -940.0469,    542.7017,  25730.4688,
       1,     168,     151,      19,       1,       3,       1,     10.0000,      1.3973,     42.5547,    247.7575,     62.3511,      3.4953,      0.1019,      0.0692,     70.5324,      0.1705,      5.5661,     11.1323,      1.5070,     28.7178,     57.4356,      0.0192,      0.0073,      0.1189,      0.2011,   7719.1411,-486234.6562,   -935.0716,    544.7445,  25730.4688,
       1,     168,     151,      20,       1,       3,       1,     10.0000,      1.3973,     42.5547,    247.7575,     62.3511,      3.4953,      0.0210,     -0.0115,      5.4545,      0.1663,      5.5661,     11.1323,      1.4699,     28.7178,     57.4356,      0.0192,      0.0078,      0.0086,      0.2012,   7719.1411,-512839.1250,   -940.5811,    542.9367,  25730.4668,
       1,     168,     151,      21,       1,       3,       1,     10.0000,      1.3973,     42.5547,    247.7575,     62.3511,      3.4953,      0.0000,     -0.0320,      7.6103,      0.1524,      5.5661,     11.1323,      1.3471,     28.7178,     57.4356,      0.0192,      0.0060,      0.0156,      0.2011,   7719.1401,-432968.9375,   -925.9637,    548.3603,  25730.4668,
       1,     168,     151,      22,       1,       3,       1,     10.0000,      1.3973,     42.5547,    247.7575,     62.3511,      3.4953,      0.0000,     -0.0319,      4.7037,      0.1476,      5.5661,     11.1323,      1.3044,     28.7178,     57.4356,      0.0192,      0.0037,      0.0156,      0.2012,   7719.1401,-428876.7500,   -925.2847,    548.6680,  25730.4688,
       1,     168,     151,      23,       1,       3,       1,     10.0000,      1.3973,     42.5547,    247.7575,     62.3511,      3.4953,      0.0000,     -0.0319,      1.2991,      0.1476,      5.5661,     11.1323,      1.3044,     28.7178,     57.4356,      0.0192,      0.0010,      0.0156,      0.2012,   7719.1411,-424823.2188,   -924.6266,    548.9460,  25730.4668,
       1,     168,     151,      24,       1,       3,       1,     10.0000,      1.3973,     42.5547,    247.7575,     62.3511,      3.4953,      0.0000,     -0.0319,      1.7644,      0.1485,      5.5661,     11.1323,      1.3123,     28.7178,     57.4356,      0.0192,      0.0014,      0.0156,      0.2012,   7719.1401,-420179.7500,   -923.7834,    549.2648,  25730.4688,
       1,     168,     152,       1,       1,       3,       1,     10.0000,      1.3973,     42.5551,    247.7634,     62.3525,      3.4953,      0.0000,     -0.0318,      1.5750,      0.1469,      5.5647,     11.1294,      1.2978,     28.7198,     57.4396,      0.0192,      0.0012,      0.0156,      0.2013,   7719.1411,-420520.5000,   -924.1515,    549.2545,  25731.6250,
       1,     168,     152,       2,       1,       3,       1,     10.0000,      1.3973,     42.5551,    247.7634,     62.3525,      3.4953,      0.0000,     -0.0316,      0.6944,      0.1415,      5.5647,     11.1294,      1.2503,     28.7198,     57.4396,      0.0192,      0.0005,      0.0156,      0.2013,   7719.4878,-420157.9375,   -923.8419,    549.2794,  25731.6250,
       1,     168,     152,       3,       1,       3,       1,     10.0000,      1.3973,     42.5551,    247.7634,     62.3525,      3.4953,      0.0000,     -0.0316,      0.4130,      0.1418,      5.5647,     11.1294,      1.2528,     28.7198,     57.4396,      0.0192,      0.0003,      0.0156,      0.2013,   7719.4878,-419016.4062,   -923.6394,    549.3577,  25731.6250,
       1,     168,     152,       4,       1,       3,       1,     10.0000,      1.3973,     42.5551,    247.7634,     62.3525,      3.4953,      0.0000,     -0.0316,      0.6107,      0.1398,      5.5647,     11.1294,      1.2352,     28.7198,     57.4396,      0.0192,      0.0005,      0.0156,      0.2013,   7719.4878,-418562.8438,   -923.5583,    549.3889,  25731.6250,
       1,     168,     152,       5,       1,       3,       1,     10.0000,      1.3973,     42.5551,    247.7634,     62.3525,      3.4953,      0.0000,     -0.0316,      0.4623,      0.1419,      5.5647,     11.1294,      1.2541,     28.7198,     57.4396,      0.0192,      0.0004,      0.0156,      0.2013,   7719.4878,-418772.8125,   -923.6052,    549.3745,  25731.6250,
       1,     168,     152,       6,       1,       3,       1,     10.0000,      1.3973,     42.5551,    247.7634,     62.3525,      3.4953,      0.0000,     -0.0315,      0.3338,      0.1382,      5.5647,     11.1294,      1.2215,     28.7198,     57.4396,      0.0192,      0.0003,      0.0156,      0.2013,   7719.4878,-418603.7812,   -923.5783,    549.3860,  25731.6250,
       1,     168,     152,       7,       1,       3,       1,     10.0000,      1.3973,     42.5551,    247.7634,     62.3525,      3.4953,      0.0000,     -0.0314,      0.3284,      0.1363,      5.5647,     11.1294,      1.2043,     28.7198,     57.4396,      0.0192,      0.0003,      0.0156,      0.2013,   7719.4878,-418427.3438,   -923.5470,    549.3983,  25731.6250,
       1,     168,     152,       8,       1,       3,       1,     10.0000,      1.3973,     42.5551,    247.7634,     62.3525,      3.4953,      0.0191,     -0.0124,      0.1637,      0.1373,      5.5647,     11.1294,      1.2129,     28.7198,     57.4396,      0.0192,      0.0003,      0.0077,      0.2013,   7719.4878,-418405.1250,   -923.5446,    549.3997,  25731.6270,
       1,     168,     152,       9,       1,       3,       1,     10.0000,      1.3973,     42.5551,    247.7634,     62.3525,      3.4953,      0.0801,      0.0483,      2.1728,      0.1458,      5.5647,     11.1294,      1.2887,     28.7198,     57.4396,      0.0192,      0.0003,      0.0955,      0.2013,   7719.4883,-418195.2500,   -923.5137,    549.4141,  25731.6250,
       1,     168,     152,      10,       1,       3,       1,     10.0000,      1.3973,     42.5551,    247.7634,     62.3525,      3.4953,      0.1376,      0.1054,      4.4190,      0.1570,      5.5647,     11.1294,      1.3869,     28.7198,     57.4396,      0.0192,      0.0003,      0.1786,      0.2013,   7719.4878,-420710.2500,   -924.0386,    549.2414,  25731.6230,
       1,     168,     152,      11,       1,       3,       1,     10.0000,      1.3973,     42.5551,    247.7634,     62.3525,      3.4953,      0.1867,      0.1528,      8.6039,      0.2092,      5.5647,     11.1294,      1.8485,     28.7198,     57.4396,      0.0192,      0.0004,      0.2500,      0.2013,   7719.4873,-423760.0625,   -924.6946,    549.0321,  25731.6250,
       1,     168,     152,      12,       1,       3,       1,     10.0000,      1.3973,     42.5551,    247.7634,     62.3525,      3.4953,      0.1866,      0.1520,      9.9181,      0.2367,      5.5647,     11.1294,      2.0915,     28.7198,     57.4396,      0.0192,      0.0005,      0.2500,      0.2013,   7719.4878,-429300.0625,   -925.9695,    548.6519,  25731.6250,
       1,     168,     152,      13,       1,       3,       1,     10.0000,      1.3973,     42.5551,    247.7634,     62.3525,      3.4953,      0.1865,      0.1514,     10.9959,      0.2589,      5.5647,     11.1294,      2.2875,     28.7198,     57.4396,      0.0192,      0.0005,      0.2500,      0.2013,   7719.4878,-431436.9375,   -926.5562,    548.5055,  25731.6250,
       1,     168,     152,      14,       1,       3,       1,     10.0000,      1.3973,     42.5551,    247.7634,     62.3525,      3.4953,      0.1865,      0.1511,     11.5628,      0.2704,      5.5647,     11.1294,      2.3894,     28.7198,     57.4396,      0.0192,      0.0006,      0.2500,      0.2013,   7719.4878,-432980.7500,   -926.9271,    548.3997,  25731.6270,
       1,     168,     152,      15,       1,       3,       1,     10.0000,      1.3973,     42.5551,    247.7634,     62.3525,      3.4953,      0.1869,      0.1511,     18.0001,      0.2852,      5.5647,     11.1294,      2.5198,     28.7198,     57.4396,      0.0192,      0.0009,      0.2500,      0.2013,   7719.4883,-433828.6250,   -927.0618,    548.3415,  25731.6250,
       1,     168,     152,      16,       1,       3,       1,     10.0000,      1.3973,     42.5551,    247.7634,     62.3525,      3.4953,      0.1814,      0.1460,     77.4320,      0.2681,      5.5647,     11.1294,      2.3687,     28.7198,     57.4396,      0.0192,      0.0041,      0.2348,      0.2013,   7719.4878,-442019.6250,   -928.5179,    547.7801,  25731.6250,
       1,     168,     152,      17,       1,       3,       1,     10.0000,      1.3973,     42.5551,    247.7634,     62.3525,      3.4953,      0.0959,      0.0626,     50.6763,      0.1903,      5.5647,     11.1294,      1.6813,     28.7198,     57.4396,      0.0192,      0.0056,      0.1121,      0.2012,   7719.4878,-517678.6250,   -943.0765,    542.5999,  25731.6250,
       1,     168,     152,      18,       1,       3,       1,     10.0000,      1.3973,     42.5551,    247.7634,     62.3525,      3.4953,      0.0203,     -0.0106,      4.5885,      0.1245,      5.5647,     11.1294,      1.1002,     28.7198,     57.4396,      0.0192,      0.0059,      0.0096,      0.2012,   7719.4878,-490504.2500,   -929.5883,    544.4674,  25731.6250,
       1,     168,     152,      19,       1,       3,       1,     10.0000,      1.3973,     42.5551,    247.7634,     62.3525,      3.4953,      0.0323,      0.0013,     14.1369,      0.1264,      5.5647,     11.1294,      1.1171,     28.7198,     57.4396,      0.0192,      0.0068,      0.0257,      0.2012,   7719.4878,-429976.5312,   -913.2112,    548.5900,  25731.6250,
       1,     168,     152,      20,       1,       3,       1,     10.0000,      1.3973,     42.5551,    247.7634,     62.3525,      3.4953,      0.0380,      0.0069,     19.8168,      0.1290,      5.5647,     11.1294,      1.1401,     28.7198,     57.4396,      0.0192,      0.0074,      0.0332,      0.2013,   7719.4878,-436834.3750,   -914.2010,    548.1354,  25731.6250,
       1,     168,     152,      21,       1,       3,       1,     10.0000,      1.3973,     42.5551,    247.7634,     62.3525,      3.4953,      0.0000,     -0.0311,      7.7928,      0.1273,      5.5647,     11.1294,      1.1251,     28.7198,     57.4396,      0.0192,      0.0061,      0.0156,      0.2012,   7719.4878,-444570.8750,   -916.0586,    547.6055,  25731.6230,
       1,     168,     152,      22,       1,       3,       1,     10.0000,      1.3973,     42.5551,    247.7634,     62.3525,      3.4953,      0.0000,     -0.0311,      3.6635,      0.1276,      5.5647,     11.1294,      1.1274,     28.7198,     57.4396,      0.0192,      0.0029,      0.0156,      0.2012,   7719.4873,-430076.3750,   -914.4315,    548.5979,  25731.6250,
       1,     168,     152,      23,       1,       3,       1,     10.0000,      1.3973,     42.5551,    247.7634,     62.3525,      3.4953,      0.0000,     -0.0310,      0.6481,      0.1255,      5.5647,     11.1294,      1.1092,     28.7198,     57.4396,      0.0192,      0.0005,      0.0156,      0.2013,   7719.4878,-423618.7500,   -913.7106,    549.0416,  25731.6270,
       1,     168,     152,      24,       1,       3,       1,     10.0000,      1.3973,     42.5551,    247.7634,     62.3525,      3.4953,      0.0000,     -0.0308,      0.3060,      0.1204,      5.5647,     11.1294,      1.0638,     28.7198,     57.4396,      0.0192,      0.0002,      0.0156,      0.2013,   7719.4883,-419257.4062,   -912.9872,    549.3412,  25731.6250,
       1,     168,     153,       1,       1,       3,       1,     10.0000,      1.3973,     42.5554,    247.7693,     62.3540,      3.4953,      0.0000,     -0.0308,      0.2807,      0.1188,      5.5654,     11.1307,      1.0498,     28.7183,     57.4365,      0.0192,      0.0002,      0.0156,      0.2013,   7719.4878,-418605.4062,   -913.1387,    549.3989,  25732.7852,
       1,     168,     153,       2,       1,       3,       1,     10.0000,      1.3973,     42.5554,    247.7693,     62.3540,      3.4953,      0.0000,     -0.0310,      0.3003,      0.1260,      5.5654,     11.1307,      1.1138,     28.7183,     57.4365,      0.0192,      0.0002,      0.0156,      0.2013,   7719.8359,-418363.3750,   -912.8397,    549.4156,  25732.7832,
       1,     168,     153,       3,       1,       3,       1,     10.0000,      1.3973,     42.5554,    247.7693,     62.3540,      3.4953,      0.0000,     -0.0312,      0.3088,      0.1292,      5.5654,     11.1307,      1.1413,     28.7183,     57.4365,      0.0192,      0.0002,      0.0156,      0.2013,   7719.8354,-418367.3438,   -912.8425,    549.4153,  25732.7832,
       1,     168,     153,       4,       1,       3,       1,     10.0000,      1.3973,     42.5554,    247.7693,     62.3540,      3.4953,      0.0000,     -0.0311,      0.3025,      0.1268,      5.5654,     11.1307,      1.1206,     28.7183,     57.4365,      0.0192,      0.0002,      0.0156,      0.2013,   7719.8354,-418378.5312,   -912.8460,    549.4146,  25732.7852,
       1,     168,     153,       5,       1,       3,       1,     10.0000,      1.3973,     42.5554,    247.7693,     62.3540,      3.4953,      0.0000,     -0.0310,      0.2972,      0.1249,      5.5654,     11.1307,      1.1036,     28.7183,     57.4365,      0.0192,      0.0002,      0.0156,      0.2013,   7719.8359,-418371.0625,   -912.8454,    549.4151,  25732.7832,
       1,     168,     153,       6,       1,       3,       1,     10.0000,      1.3973,     42.5554,    247.7693,     62.3540,      3.4953,      0.0000,     -0.0310,      0.2969,      0.1248,      5.5654,     11.1307,      1.1025,     28.7183,     57.4365,      0.0192,      0.0002,      0.0156,      0.2013,   7719.8354,-418364.0625,   -912.8463,    549.4155,  25732.7852,
       1,     168,     153,       7,       1,       3,       1,     10.0000,      1.3973,     42.5554,    247.7693,     62.3540,      3.4953,      0.0000,     -0.0310,      0.2969,      0.1248,      5.5654,     11.1307,      1.1025,     28.7183,     57.4365,      0.0192,      0.0002,      0.0156,      0.2013,   7719.8359,-418362.7812,   -912.8467,    549.4156,  25732.7852,
       1,     168,     153,       8,       1,       3,       1,     10.0000,      1.3973,     42.5554,    247.7693,     62.3540,      3.4953,      0.0230,     -0.0081,      0.2670,      0.1266,      5.5654,     11.1307,      1.1183,     28.7183,     57.4365,      0.0192,      0.0002,      0.0138,      0.2013,   7719.8359,-418362.6250,   -912.8483,    549.4156,  25732.7852,
       1,     168,     153,       9,       1,       3,       1,     10.0000,      1.3973,     42.5554,    247.7693,     62.3540,      3.4953,      0.0892,      0.0578,      2.2671,      0.1349,      5.5654,     11.1307,      1.1922,     28.7183,     57.4365,      0.0192,      0.0003,      0.1089,      0.2013,   7719.8359,-418324.9688,   -912.8929,    549.4182,  25732.7852,
       1,     168,     153,      10,       1,       3,       1,     10.0000,      1.3973,     42.5554,    247.7693,     62.3540,      3.4953,      0.1007,      0.0692,      2.6900,      0.1384,      5.5654,     11.1307,      1.2228,     28.7183,     57.4365,      0.0192,      0.0003,      0.1256,      0.2013,   7719.8359,-420842.8438,   -913.5566,    549.2453,  25732.7832,
       1,     168,     153,      11,       1,       3,       1,     10.0000,      1.3973,     42.5554,    247.7693,     62.3540,      3.4953,      0.1601,      0.1283,      4.8793,      0.1478,      5.5654,     11.1307,      1.3058,     28.7183,     57.4365,      0.0192,      0.0003,      0.2113,      0.2013,   7719.8354,-421594.3438,   -913.9678,    549.1938,  25732.7852,
       1,     168,     153,      12,       1,       3,       1,     10.0000,      1.3973,     42.5554,    247.7693,     62.3540,      3.4953,      0.1867,      0.1533,      8.0107,      0.1966,      5.5654,     11.1307,      1.7371,     28.7183,     57.4365,      0.0192,      0.0004,      0.2500,      0.2013,   7719.8359,-424418.8125,   -915.1972,    548.9999,  25732.7832,
       1,     168,     153,      13,       1,       3,       1,     10.0000,      1.3973,     42.5554,    247.7693,     62.3540,      3.4953,      0.1867,      0.1526,      8.9819,      0.2172,      5.5654,     11.1307,      1.9189,     28.7183,     57.4365,      0.0192,      0.0004,      0.2500,      0.2013,   7719.8354,-428611.2500,   -917.6124,    548.7122,  25732.7832,
       1,     168,     153,      14,       1,       3,       1,     10.0000,      1.3973,     42.5554,    247.7693,     62.3540,      3.4953,      0.1866,      0.1519,     10.1096,      0.2407,      5.5654,     11.1307,      2.1266,     28.7183,     57.4365,      0.0192,      0.0005,      0.2500,      0.2013,   7719.8354,-430198.6250,   -919.5346,    548.6035,  25732.7852,
       1,     168,     153,      15,       1,       3,       1,     10.0000,      1.3973,     42.5554,    247.7693,     62.3540,      3.4953,      0.0833,      0.0508,      2.6011,      0.1644,      5.5654,     11.1307,      1.4524,     28.7183,     57.4365,      0.0192,      0.0003,      0.0997,      0.2013,   7719.8359,-431757.1250,   -921.2303,    548.4965,  25732.7852,
       1,     168,     153,      16,       1,       3,       1,     10.0000,      1.3973,     42.5554,    247.7693,     62.3540,      3.4953,      0.0874,      0.0557,      4.9143,      0.1442,      5.5654,     11.1307,      1.2745,     28.7183,     57.4365,      0.0192,      0.0006,      0.1059,      0.2013,   7719.8359,-422425.5938,   -910.9753,    549.1363,  25732.7832,
       1,     168,     153,      17,       1,       3,       1,     10.0000,      1.3973,     42.5554,    247.7693,     62.3540,      3.4953,      0.0115,     -0.0200,      3.2939,      0.1380,      5.5654,     11.1307,      1.2191,     28.7183,     57.4365,      0.0192,      0.0026,      0.0156,      0.2013,   7719.8354,-424535.7500,   -911.4503,    548.9918,  25732.7852,
       1,     168,     153,      18,       1,       3,       1,     10.0000,      1.3973,     42.5554,    247.7693,     62.3540,      3.4953,      0.0061,     -0.0250,      3.9047,      0.1271,      5.5654,     11.1307,      1.1229,     28.7183,     57.4365,      0.0192,      0.0031,      0.0156,      0.2013,   7719.8359,-422674.8750,   -911.3326,    549.1195,  25732.7832,
       1,     168,     153,      19,       1,       3,       1,     10.0000,      1.3973,     42.5554,    247.7693,     62.3540,      3.4953,      0.0063,     -0.0245,      5.2878,      0.1224,      5.5654,     11.1307,      1.0813,     28.7183,     57.4365,      0.0192,      0.0042,      0.0156,      0.2013,   7719.8354,-423284.2500,   -911.5231,    549.0778,  25732.7852,
       1,     168,     153,      20,       1,       3,       1,     10.0000,      1.3973,     42.5554,    247.7693,     62.3540,      3.4953,      0.0027,     -0.0281,      2.7761,      0.1213,      5.5654,     11.1307,      1.0714,     28.7183,     57.4365,      0.0192,      0.0022,      0.0156,      0.2013,   7719.8359,-425080.0625,   -911.9529,    548.9545,  25732.7852,
       1,     168,     153,      21,       1,       3,       1,     10.0000,      1.3973,     42.5554,    247.7693,     62.3540,      3.4953,      0.0000,     -0.0307,      0.8696,      0.1177,      5.5654,     11.1307,      1.0401,     28.7183,     57.4365,      0.0192,      0.0007,      0.0156,      0.2013,   7719.8359,-422069.0938,   -911.0833,    549.1611,  25732.7852,
       1,     168,     153,      22,       1,       3,       1,     10.0000,      1.3973,     42.5554,    247.7693,     62.3540,      3.4953,      0.0000,     -0.0309,      0.3909,      0.1229,      5.5654,     11.1307,      1.0857,     28.7183,     57.4365,      0.0192,      0.0003,      0.0156,      0.2013,   7719.8359,-419405.3750,   -910.3370,    549.3440,  25732.7871,
       1,     168,     153,      23,       1,       3,       1,     10.0000,      1.3973,     42.5554,    247.7693,     62.3540,      3.4953,      0.0000,     -0.0310,      0.3000,      0.1259,      5.5654,     11.1307,      1.1126,     28.7183,     57.4365,      0.0192,      0.0002,      0.0156,      0.2013,   7719.8364,-418571.3438,   -910.2067,    549.4013,  25732.7871,
       1,     168,     153,      24,       1,       3,       1,     10.0000,      1.3973,     42.5554,    247.7693,     62.3540,      3.4953,      0.0000,     -0.0310,      0.2972,      0.1249,      5.5654,     11.1307,      1.1036,     28.7183,     57.4365,      0.0192,      0.0002,      0.0156,      0.2013,   7719.8364,-418384.4375,   -910.1754,    549.4141,  25732.7852,
       1,     168,     154,       1,       1,       3,       1,     10.0000,      1.3974,     42.5557,    247.7752,     62.3555,      3.4953,      0.0000,     -0.0309,      0.2921,      0.1230,      5.5665,     11.1330,      1.0869,     28.7069,     57.4139,      0.0192,      0.0002,      0.0156,      0.2013,   7719.8359,-418522.2188,   -910.4622,    549.4179,  25733.9473,
       1,     168,     154,       2,       1,       3,       1,     10.0000,      1.3974,     42.5557,    247.7752,     62.3555,      3.4953,      0.0000,     -0.0309,      0.3031,      0.1219,      5.5665,     11.1330,      1.0769,     28.7069,     57.4139,      0.0192,      0.0002,      0.0156,      0.2013,   7720.1846,-418373.3438,   -910.1819,    549.4282,  25733.9453,
       1,     168,     154,       3,       1,       3,       1,     10.0000,      1.3974,     42.5557,    247.7752,     62.3555,      3.4953,      0.0000,     -0.0309,      0.3122,      0.1218,      5.5665,     11.1330,      1.0758,     28.7069,     57.4139,      0.0192,      0.0002,      0.0156,      0.2013,   7720.1841,-418374.5625,   -910.1860,    549.4281,  25733.9492,
       1,     168,     154,       4,       1,       3,       1,     10.0000,      1.3974,     42.5557,    247.7752,     62.3555,      3.4953,      0.0000,     -0.0309,      0.2914,      0.1219,      5.5665,     11.1330,      1.0769,     28.7069,     57.4139,      0.0192,      0.0002,      0.0156,      0.2013,   7720.1851,-418385.6875,   -910.1920,    549.4273,  25733.9473,
       1,     168,     154,       5,       1,       3,       1,     10.0000,      1.3974,     42.5557,    247.7752,     62.3555,      3.4953,      0.0000,     -0.0309,      0.2887,      0.1218,      5.5665,     11.1330,      1.0758,     28.7069,     57.4139,      0.0192,      0.0002,      0.0156,      0.2013,   7720.1846,-418360.6250,   -910.1899,    549.4290,  25733.9453,
       1,     168,     154,       6,       1,       3,       1,     10.0000,      1.3974,     42.5557,    247.7752,     62.3555,      3.4953,      0.0000,     -0.0308,      0.2820,      0.1193,      5.5665,     11.1330,      1.0541,     28.7069,     57.4139,      0.0192,      0.0002,      0.0156,      0.2013,   7720.1841,-418355.2500,   -910.1906,    549.4294,  25733.9453,
       1,     168,     154,       7,       1,       3,       1,     10.0000,      1.3974,     42.5557,    247.7752,     62.3555,      3.4953,      0.0000,     -0.0308,      0.2827,      0.1195,      5.5665,     11.1330,      1.0562,     28.7069,     57.4139,      0.0192,      0.0002,      0.0156,      0.2013,   7720.1841,-418346.4375,   -910.1904,    549.4301,  25733.9473,
       1,     168,     154,       8,       1,       3,       1,     10.0000,      1.3974,     42.5557,    247.7752,     62.3555,      3.4953,      0.0147,     -0.0161,      0.0414,      0.1203,      5.5665,     11.1330,      1.0627,     28.7069,     57.4139,      0.0192,      0.0002,      0.0023,      0.2013,   7720.1846,-418346.1875,   -910.1910,    549.4300,  25733.9473,
       1,     168,     154,       9,       1,       3,       1,     10.0000,      1.3974,     42.5557,    247.7752,     62.3555,      3.4953,      0.0718,      0.0408,      1.6284,      0.1266,      5.5665,     11.1330,      1.1183,     28.7069,     57.4139,      0.0192,      0.0002,      0.0842,      0.2013,   7720.1846,-418042.2500,   -910.1783,    549.4509,  25733.9473,
       1,     168,     154,      10,       1,       3,       1,     10.0000,      1.3974,     42.5557,    247.7752,     62.3555,      3.4953,      0.1517,      0.1203,      4.1195,      0.1342,      5.5665,     11.1330,      1.1862,     28.7069,     57.4139,      0.0192,      0.0003,      0.1991,      0.2013,   7720.1846,-420016.0625,   -910.8591,    549.3154,  25733.9473,
       1,     168,     154,      11,       1,       3,       1,     10.0000,      1.3974,     42.5557,    247.7752,     62.3555,      3.4953,      0.1742,      0.1418,      5.9549,      0.1622,      5.5665,     11.1330,      1.4337,     28.7069,     57.4139,      0.0192,      0.0003,      0.2317,      0.2013,   7720.1846,-423326.6875,   -911.9803,    549.0880,  25733.9473,
       1,     168,     154,      12,       1,       3,       1,     10.0000,      1.3974,     42.5557,    247.7752,     62.3555,      3.4953,      0.1572,      0.1244,      5.8391,      0.1759,      5.5665,     11.1330,      1.5544,     28.7069,     57.4139,      0.0192,      0.0003,      0.2070,      0.2013,   7720.1846,-425926.8125,   -913.3403,    548.9096,  25733.9473,
       1,     168,     154,      13,       1,       3,       1,     10.0000,      1.3974,     42.5557,    247.7752,     62.3555,      3.4953,      0.1591,      0.1258,      6.4263,      0.1891,      5.5665,     11.1330,      1.6714,     28.7069,     57.4139,      0.0192,      0.0004,      0.2096,      0.2013,   7720.1846,-426005.8438,   -914.2437,    548.9042,  25733.9473,
       1,     168,     154,      14,       1,       3,       1,     10.0000,      1.3974,     42.5557,    247.7752,     62.3555,      3.4953,      0.1865,      0.1525,      8.8539,      0.2146,      5.5665,     11.1330,      1.8965,     28.7069,     57.4139,      0.0192,      0.0004,      0.2498,      0.2013,   7720.1846,-426752.7188,   -915.5383,    548.8529,  25733.9473,
       1,     168,     154,      15,       1,       3,       1,     10.0000,      1.3974,     42.5557,    247.7752,     62.3555,      3.4953,      0.1867,      0.1527,      9.1441,      0.2150,      5.5665,     11.1330,      1.9002,     28.7069,     57.4139,      0.0192,      0.0005,      0.2500,      0.2013,   7720.1846,-429877.5000,   -917.6777,    548.6386,  25733.9473,
       1,     168,     154,      16,       1,       3,       1,     10.0000,      1.3974,     42.5557,    247.7752,     62.3555,      3.4953,      0.1831,      0.1488,     41.0798,      0.2252,      5.5665,     11.1330,      1.9899,     28.7069,     57.4139,      0.0192,      0.0021,      0.2411,      0.2013,   7720.1846,-430513.7188,   -919.1971,    548.5950,  25733.9492,
       1,     168,     154,      17,       1,       3,       1,     10.0000,      1.3974,     42.5557,    247.7752,     62.3555,      3.4953,      0.1408,      0.1067,     43.8244,      0.2195,      5.5665,     11.1330,      1.9398,     28.7069,     57.4139,      0.0192,      0.0030,      0.1786,      0.2013,   7720.1851,-470826.1562,   -927.8387,    545.8306,  25733.9473,
       1,     168,     154,      18,       1,       3,       1,     10.0000,      1.3974,     42.5557,    247.7752,     62.3555,      3.4953,      0.0536,      0.0201,     15.0174,      0.1964,      5.5665,     11.1330,      1.7355,     28.7069,     57.4139,      0.0192,      0.0034,      0.0541,      0.2013,   7720.1846,-477792.9375,   -929.9119,    545.3622,  25733.9473,
       1,     168,     154,      19,       1,       3,       1,     10.0000,      1.3974,     42.5557,    247.7752,     62.3555,      3.4953,      0.0070,     -0.0254,      5.1931,      0.1640,      5.5665,     11.1330,      1.4495,     28.7069,     57.4139,      0.0192,      0.0041,      0.0156,      0.2013,   7720.1846,-442046.3750,   -923.7768,    547.7993,  25733.9492,
       1,     168,     154,      20,       1,       3,       1,     10.0000,      1.3974,     42.5557,    247.7752,     62.3555,      3.4953,      0.0040,     -0.0276,      4.3277,      0.1409,      5.5665,     11.1330,      1.2453,     28.7069,     57.4139,      0.0192,      0.0034,      0.0156,      0.2013,   7720.1851,-426590.2500,   -921.2546,    548.8632,  25733.9473,
       1,     168,     154,      21,       1,       3,       1,     10.0000,      1.3974,     42.5557,    247.7752,     62.3555,      3.4953,      0.0000,     -0.0315,      5.4702,      0.1378,      5.5665,     11.1330,      1.2179,     28.7069,     57.4139,      0.0192,      0.0043,      0.0156,      0.2013,   7720.1846,-424159.2812,   -921.0152,    549.0309,  25733.9473,
       1,     168,     154,      22,       1,       3,       1,     10.0000,      1.3974,     42.5557,    247.7752,     62.3555,      3.4953,      0.0000,     -0.0316,      5.2942,      0.1402,      5.5665,     11.1330,      1.2390,     28.7069,     57.4139,      0.0192,      0.0042,      0.0156,      0.2013,   7720.1846,-425387.8750,   -921.4940,    548.9466,  25733.9473,
       1,     168,     154,      23,       1,       3,       1,     10.0000,      1.3974,     42.5557,    247.7752,     62.3555,      3.4953,      0.0000,     -0.0315,      3.4892,      0.1377,      5.5665,     11.1330,      1.2167,     28.7069,     57.4139,      0.0192,      0.0028,      0.0156,      0.2013,   7720.1846,-425272.3438,   -921.7094,    548.9546,  25733.9473,
       1,     168,     154,      24,       1,       3,       1,     10.0000,      1.3974,     42.5557,    247.7752,     62.3555,      3.4953,      0.0000,     -0.0317,      2.1003,      0.1422,      5.5665,     11.1330,      1.2567,     28.7069,     57.4139,      0.0192,      0.0017,      0.0156,      0.2013,   7720.1846,-422987.0938,   -921.4144,    549.1114,  25733.9473,
       1,     168,     155,       1,       1,       3,       1,     10.0000,      1.3974,     42.5561,    247.7810,     62.3570,      3.4953,      0.0000,     -0.0316,      1.9335,      0.1401,      5.5655,     11.1311,      1.2378,     28.7043,     57.4086,      0.0192,      0.0015,      0.0156,      0.2013,   7720.1846,-421195.1875,   -921.4103,    549.2474,  25735.1094,
       1,     168,     155,       2,       1,       3,       1,     10.0000,      1.3974,     42.5561,    247.7810,     62.3570,      3.4953,      0.0000,     -0.0314,      1.9743,      0.1349,      5.5655,     11.1311,      1.1923,     28.7043,     57.4086,      0.0192,      0.0016,      0.0156,      0.2013,   7720.5332,-420675.9375,   -921.1258,    549.2831,  25735.1094,
       1,     168,     155,       3,       1,       3,       1,     10.0000,      1.3974,     42.5561,    247.7810,     62.3570,      3.4953,      0.0000,     -0.0313,      1.8853,      0.1340,      5.5655,     11.1311,      1.1838,     28.7043,     57.4086,      0.0192,      0.0015,      0.0156,      0.2013,   7720.5332,-420682.5000,   -921.1974,    549.2826,  25735.1094,
       1,     168,     155,       4,       1,       3,       1,     10.0000,      1.3974,     42.5561,    247.7810,     62.3570,      3.4953,      0.0000,     -0.0314,      1.9976,      0.1345,      5.5655,     11.1311,      1.1887,     28.7043,     57.4086,      0.0192,      0.0016,      0.0156,      0.2013,   7720.5332,-420570.9062,   -921.2192,    549.2902,  25735.1094,
       1,     168,     155,       5,       1,       3,       1,     10.0000,      1.3974,     42.5561,    247.7810,     62.3570,      3.4953,      0.0000,     -0.0314,      1.0364,      0.1363,      5.5655,     11.1311,      1.2044,     28.7043,     57.4086,      0.0192,      0.0008,      0.0156,      0.2013,   7720.5332,-420702.9375,   -921.3052,    549.2812,  25735.1074,
       1,     168,     155,       6,       1,       3,       1,     10.0000,      1.3974,     42.5561,    247.7810,     62.3570,      3.4953,      0.0000,     -0.0314,      0.3837,      0.1363,      5.5655,     11.1311,      1.2044,     28.7043,     57.4086,      0.0192,      0.0003,      0.0156,      0.2013,   7720.5327,-419503.0312,   -921.1206,    549.3636,  25735.1074,
       1,     168,     155,       7,       1,       3,       1,     10.0000,      1.3974,     42.5561,    247.7810,     62.3570,      3.4953,      0.0000,     -0.0314,      0.3281,      0.1362,      5.5655,     11.1311,      1.2032,     28.7043,     57.4086,      0.0192,      0.0003,      0.0156,      0.2013,   7720.5327,-418576.6562,   -920.9556,    549.4272,  25735.1074,
       1,     168,     155,       8,       1,       3,       1,     10.0000,      1.3974,     42.5561,    247.7810,     62.3570,      3.4953,      0.0113,     -0.0201,      0.3289,      0.1347,      5.5655,     11.1311,      1.1899,     28.7043,     57.4086,      0.0192,      0.0003,      0.0156,      0.2013,   7720.5327,-418426.3438,   -920.9299,    549.4376,  25735.1074,
       1,     168,     155,       9,       1,       3,       1,     10.0000,      1.3974,     42.5561,    247.7810,     62.3570,      3.4953,      0.1081,      0.0764,      3.8469,      0.1426,      5.5655,     11.1311,      1.2605,     28.7043,     57.4086,      0.0192,      0.0003,      0.1359,      0.2013,   7720.5327,-418414.4062,   -920.9402,    549.4384,  25735.1094,
       1,     168,     155,      10,       1,       3,       1,     10.0000,      1.3974,     42.5561,    247.7810,     62.3570,      3.4953,      0.1507,      0.1182,      5.4595,      0.1679,      5.5655,     11.1311,      1.4833,     28.7043,     57.4086,      0.0192,      0.0003,      0.1975,      0.2013,   7720.5332,-422846.5938,   -921.8931,    549.1340,  25735.1055,
       1,     168,     155,      11,       1,       3,       1,     10.0000,      1.3974,     42.5561,    247.7810,     62.3570,      3.4953,      0.1867,      0.1528,      8.7617,      0.2125,      5.5655,     11.1311,      1.8779,     28.7043,     57.4086,      0.0192,      0.0004,      0.2500,      0.2013,   7720.5317,-425263.2188,   -922.6275,    548.9682,  25735.1074,
       1,     168,     155,      12,       1,       3,       1,     10.0000,      1.3974,     42.5561,    247.7810,     62.3570,      3.4953,      0.1832,      0.1491,      8.8688,      0.2187,      5.5655,     11.1311,      1.9322,     28.7043,     57.4086,      0.0192,      0.0004,      0.2449,      0.2013,   7720.5327,-429633.8750,   -923.9153,    548.6683,  25735.1055,
       1,     168,     155,      13,       1,       3,       1,     10.0000,      1.3974,     42.5561,    247.7810,     62.3570,      3.4953,      0.1379,      0.1059,      4.2912,      0.1526,      5.5655,     11.1311,      1.3486,     28.7043,     57.4086,      0.0192,      0.0003,      0.1791,      0.2013,   7720.5317,-430147.3438,   -914.1745,    548.6331,  25735.1074,
       1,     168,     155,      14,       1,       3,       1,     10.0000,      1.3974,     42.5561,    247.7810,     62.3570,      3.4953,      0.1530,      0.1209,      5.6252,      0.1557,      5.5655,     11.1311,      1.3759,     28.7043,     57.4086,      0.0192,      0.0003,      0.2009,      0.2013,   7720.5327,-424421.7188,   -911.6533,    549.0258,  25735.1074,
       1,     168,     155,      15,       1,       3,       1,     10.0000,      1.3974,     42.5561,    247.7810,     62.3570,      3.4953,      0.1239,      0.0919,     19.1639,      0.1526,      5.5655,     11.1311,      1.3486,     28.7043,     57.4086,      0.0192,      0.0015,      0.1571,      0.2013,   7720.5327,-425608.1875,   -912.0233,    548.9445,  25735.1074,
       1,     168,     155,      16,       1,       3,       1,     10.0000,      1.3974,     42.5561,    247.7810,     62.3570,      3.4953,      0.1203,      0.0883,     42.3691,      0.1535,      5.5655,     11.1311,      1.3567,     28.7043,     57.4086,      0.0192,      0.0035,      0.1491,      0.2013,   7720.5327,-442774.2188,   -915.1309,    547.7666,  25735.1074,
       1,     168,     155,      17,       1,       3,       1,     10.0000,      1.3974,     42.5561,    247.7810,     62.3570,      3.4953,      0.1088,      0.0767,     44.6626,      0.1549,      5.5655,     11.1311,      1.3690,     28.7043,     57.4086,      0.0192,      0.0042,      0.1322,      0.2013,   7720.5327,-473516.2500,   -921.6697,    545.6630,  25735.1094,
       1,     168,     155,      18,       1,       3,       1,     10.0000,      1.3974,     42.5561,    247.7810,     62.3570,      3.4953,      0.0930,      0.0608,     10.2839,      0.1563,      5.5655,     11.1311,      1.3815,     28.7043,     57.4086,      0.0192,      0.0011,      0.1131,      0.2013,   7720.5332,-479074.3438,   -923.7662,    545.2879,  25735.1094,
       1,     168,     155,      19,       1,       3,       1,     10.0000,      1.3974,     42.5561,    247.7810,     62.3570,      3.4953,      0.0932,      0.0609,     11.6730,      0.1616,      5.5655,     11.1311,      1.4280,     28.7043,     57.4086,      0.0192,      0.0013,      0.1132,      0.2013,   7720.5332,-436185.5000,   -916.7296,    548.2114,  25735.1074,
       1,     168,     155,      20,       1,       3,       1,     10.0000,      1.3974,     42.5561,    247.7810,     62.3570,      3.4953,      0.0202,     -0.0119,      0.4819,      0.1546,      5.5655,     11.1311,      1.3663,     28.7043,     57.4086,      0.0192,      0.0007,      0.0085,      0.2013,   7720.5327,-434258.0938,   -916.9000,    548.3513,  25735.1094,
       1,     168,     155,      21,       1,       3,       1,     10.0000,      1.3974,     42.5561,    247.7810,     62.3570,      3.4953,      0.0000,     -0.0318,      0.8240,      0.1461,      5.5655,     11.1311,      1.2914,     28.7043,     57.4086,      0.0192,      0.0006,      0.0156,      0.2013,   7720.5332,-419974.9375,   -914.4778,    549.3303,  25735.1074,
       1,     168,     155,      22,       1,       3,       1,     10.0000,      1.3974,     42.5561,    247.7810,     62.3570,      3.4953,      0.0000,     -0.0319,      1.1740,      0.1491,      5.5655,     11.1311,      1.3177,     28.7043,     57.4086,      0.0192,      0.0009,      0.0156,      0.2013,   7720.5327,-419173.4375,   -914.3642,    549.3862,  25735.1055,
       1,     168,     155,      23,       1,       3,       1,     10.0000,      1.3974,     42.5561,    247.7810,     62.3570,      3.4953,      0.0000,     -0.0318,      0.9762,      0.1467,      5.5655,     11.1311,      1.2966,     28.7043,     57.4086,      0.0192,      0.0008,      0.0156,      0.2013,   7720.5317,-419544.3125,   -914.5042,    549.3608,  25735.1074,
       1,     168,     155,      24,       1,       3,       1,     10.0000,      1.3974,     42.5561,    247.7810,     62.3570,      3.4953,      0.0000,     -0.0317,      1.0474,      0.1426,      5.5655,     11.1311,      1.2605,     28.7043,     57.4086,      0.0192,      0.0008,      0.0156,      0.2013,   7720.5327,-419326.8750,   -914.5246,    549.3757,  25735.1074,
       1,     168,     156,       1,       1,       3,       1,     10.0000,      1.3974,     42.5564,    247.7869,     62.3585,      3.4953,      0.0000,     -0.0316,      0.8925,      0.1401,      5.5658,     11.1316,      1.2378,     28.7017,     57.4033,      0.0192,      0.0007,      0.0156,      0.2014,   7720.5327,-419553.8125,   -914.8966,    549.3732,  25736.2617,
       1,     168,     156,       2,       1,       3,       1,     10.0000,      1.3974,     42.5564,    247.7869,     62.3585,      3.4953,      0.0000,     -0.0316,      0.5068,      0.1399,      5.5658,     11.1316,      1.2366,     28.7017,     57.4033,      0.0192,      0.0004,      0.0156,      0.2014,   7720.8789,-419225.2500,   -914.6346,    549.3957,  25736.2637,
       1,     168,     156,       3,       1,       3,       1,     10.0000,      1.3974,     42.5564,    247.7869,     62.3585,      3.4953,      0.0000,     -0.0315,      0.7592,      0.1394,      5.5658,     11.1316,      1.2316,     28.7017,     57.4033,      0.0192,      0.0006,      0.0156,      0.2014,   7720.8794,-418710.6875,   -914.5615,    549.4311,  25736.2637,
       1,     168,     156,       4,       1,       3,       1,     10.0000,      1.3974,     42.5564,    247.7869,     62.3585,      3.4953,      0.0000,     -0.0315,      0.5586,      0.1381,      5.5658,     11.1316,      1.2204,     28.7017,     57.4033,      0.0192,      0.0004,      0.0156,      0.2014,   7720.8794,-418984.0625,   -914.6485,    549.4122,  25736.2637,
       1,     168,     156,       5,       1,       3,       1,     10.0000,      1.3974,     42.5564,    247.7869,     62.3585,      3.4953,      0.0000,     -0.0314,      0.4025,      0.1367,      5.5658,     11.1316,      1.2081,     28.7017,     57.4033,      0.0192,      0.0003,      0.0156,      0.2014,   7720.8794,-418755.0625,   -914.6284,    549.4279,  25736.2637,
       1,     168,     156,       6,       1,       3,       1,     10.0000,      1.3974,     42.5564,    247.7869,     62.3585,      3.4953,      0.0000,     -0.0314,      0.5563,      0.1355,      5.5658,     11.1316,      1.1971,     28.7017,     57.4033,      0.0192,      0.0004,      0.0156,      0.2014,   7720.8794,-418538.6562,   -914.5972,    549.4429,  25736.2656,
       1,     168,     156,       7,       1,       3,       1,     10.0000,      1.3974,     42.5564,    247.7869,     62.3585,      3.4953,      0.0000,     -0.0314,      0.6389,      0.1355,      5.5658,     11.1316,      1.1971,     28.7017,     57.4033,      0.0192,      0.0005,      0.0156,      0.2014,   7720.8799,-418713.4062,   -914.6472,    549.4308,  25736.2637,
       1,     168,     156,       8,       1,       3,       1,     10.0000,      1.3974,     42.5564,    247.7869,     62.3585,      3.4953,      0.0389,      0.0074,      1.2079,      0.1402,      5.5658,     11.1316,      1.2391,     28.7017,     57.4033,      0.0192,      0.0004,      0.0362,      0.2014,   7720.8794,-418832.7812,   -914.6974,    549.4226,  25736.2637,
       1,     168,     156,       9,       1,       3,       1,     10.0000,      1.3974,     42.5564,    247.7869,     62.3585,      3.4953,      0.1338,      0.1011,      5.7169,      0.1714,      5.5658,     11.1316,      1.5147,     28.7017,     57.4033,      0.0192,      0.0004,      0.1728,      0.2014,   7720.8794,-419560.1562,   -914.9548,    549.3727,  25736.2617,
       1,     168,     156,      10,       1,       3,       1,     10.0000,      1.3974,     42.5564,    247.7869,     62.3585,      3.4953,      0.1738,      0.1403,      8.1771,      0.1984,      5.5658,     11.1316,      1.7528,     28.7017,     57.4033,      0.0192,      0.0004,      0.2311,      0.2014,   7720.8789,-425305.0000,   -916.5037,    548.9782,  25736.2656,
       1,     168,     156,      11,       1,       3,       1,     10.0000,      1.3974,     42.5564,    247.7869,     62.3585,      3.4953,      0.1867,      0.1529,      8.6145,      0.2094,      5.5658,     11.1316,      1.8505,     28.7017,     57.4033,      0.0192,      0.0004,      0.2500,      0.2014,   7720.8799,-428902.3750,   -918.1786,    548.7314,  25736.2637,
       1,     168,     156,      12,       1,       3,       1,     10.0000,      1.3974,     42.5564,    247.7869,     62.3585,      3.4953,      0.1866,      0.1524,      9.2815,      0.2234,      5.5658,     11.1316,      1.9744,     28.7017,     57.4033,      0.0192,      0.0005,      0.2500,      0.2014,   7720.8794,-429765.0000,   -919.5193,    548.6724,  25736.2637,
       1,     168,     156,      13,       1,       3,       1,     10.0000,      1.3974,     42.5564,    247.7869,     62.3585,      3.4953,      0.1867,      0.1518,     12.2918,      0.2490,      5.5658,     11.1316,      2.2005,     28.7017,     57.4033,      0.0192,      0.0006,      0.2500,      0.2014,   7720.8794,-430680.0000,   -920.7794,    548.6096,  25736.2637,
       1,     168,     156,      14,       1,       3,       1,     10.0000,      1.3974,     42.5564,    247.7869,     62.3585,      3.4953,      0.1896,      0.1543,     50.7765,      0.2660,      5.5658,     11.1316,      2.3507,     28.7017,     57.4033,      0.0192,      0.0025,      0.2500,      0.2014,   7720.8794,-434553.0000,   -922.7326,    548.3440,  25736.2656,
       1,     168,     156,      15,       1,       3,       1,     10.0000,      1.3974,     42.5564,    247.7869,     62.3585,      3.4953,      0.1891,      0.1535,     81.7289,      0.2779,      5.5658,     11.1316,      2.4552,     28.7017,     57.4033,      0.0192,      0.0041,      0.2458,      0.2014,   7720.8799,-483392.4688,   -932.9798,    544.9965,  25736.2637,
       1,     168,     156,      16,       1,       3,       1,     10.0000,      1.3974,     42.5564,    247.7869,     62.3585,      3.4953,      0.1816,      0.1458,     96.4440,      0.2855,      5.5658,     11.1316,      2.5225,     28.7017,     57.4033,      0.0192,      0.0051,      0.2330,      0.2013,   7720.8794,-526681.5000,   -942.2744,    542.0576,  25736.2617,
       1,     168,     156,      17,       1,       3,       1,     10.0000,      1.3974,     42.5564,    247.7869,     62.3585,      3.4953,      0.1795,      0.1438,    125.8766,      0.2800,      5.5658,     11.1316,      2.4743,     28.7017,     57.4033,      0.0192,      0.0068,      0.2265,      0.2013,   7720.8789,-548998.1875,   -947.5330,    540.5533,  25736.2617,
       1,     168,     156,      18,       1,       3,       1,     10.0000,      1.3974,     42.5564,    247.7869,     62.3585,      3.4953,      0.1630,      0.1272,    140.0894,      0.2852,      5.5658,     11.1316,      2.5200,     28.7017,     57.4033,      0.0192,      0.0086,      0.2005,      0.2012,   7720.8789,-588079.5625,   -955.9507,    537.9148,  25736.2617,
       1,     168,     156,      19,       1,       3,       1,     10.0000,      1.3974,     42.5564,    247.7869,     62.3585,      3.4953,      0.1369,      0.1014,    124.6354,      0.2728,      5.5658,     11.1316,      2.4106,     28.7017,     57.4033,      0.0192,      0.0094,      0.1634,      0.2012,   7720.8789,-609422.9375,   -961.0475,    536.4861,  25736.2637,
       1,     168,     156,      20,       1,       3,       1,     10.0000,      1.3974,     42.5564,    247.7869,     62.3585,      3.4953,      0.0267,     -0.0074,     10.5753,      0.2197,      5.5658,     11.1316,      1.9418,     28.7017,     57.4033,      0.0192,      0.0090,      0.0144,      0.2011,   7720.8794,-591727.3125,   -958.6625,    537.6746,  25736.2617,
       1,     168,     156,      21,       1,       3,       1,     10.0000,      1.3974,     42.5564,    247.7869,     62.3585,      3.4953,      0.0000,     -0.0331,     11.0426,      0.1847,      5.5658,     11.1316,      1.6321,     28.7017,     57.4033,      0.0192,      0.0087,      0.0156,      0.2012,   7720.8789,-446083.6875,   -931.4935,    547.4646,  25736.2617,
       1,     168,     156,      22,       1,       3,       1,     10.0000,      1.3974,     42.5564,    247.7869,     62.3585,      3.4953,      0.0000,     -0.0327,     10.5790,      0.1735,      5.5658,     11.1316,      1.5330,     28.7017,     57.4033,      0.0192,      0.0083,      0.0156,      0.2013,   7720.8789,-434422.0938,   -929.3833,    548.3523,  25736.2598,
       1,     168,     156,      23,       1,       3,       1,     10.0000,      1.3974,     42.5564,    247.7869,     62.3585,      3.4953,      0.0000,     -0.0324,     10.3565,      0.1636,      5.5658,     11.1316,      1.4452,     28.7017,     57.4033,      0.0192,      0.0082,      0.0156,      0.2014,   7720.8784,-432719.2812,   -929.1194,    548.4697,  25736.2617,
       1,     168,     156,      24,       1,       3,       1,     10.0000,      1.3974,     42.5564,    247.7869,     62.3585,      3.4953,      0.0000,     -0.0321,      9.3340,      0.1542,      5.5658,     11.1316,      1.3622,     28.7017,     57.4033,      0.0192,      0.0074,      0.0156,      0.2014,   7720.8789,-432290.6562,   -929.0823,    548.4991,  25736.2617,
       1,     168,     157,       1,       1,       3,       1,     10.0000,      1.3974,     42.5567,    247.7928,     62.3599,      3.4953,      0.0000,     -0.0318,      6.9083,      0.1466,      5.5650,     11.1300,      1.2954,     28.7102,     57.4204,      0.0192,      0.0054,      0.0156,      0.2014,   7720.8789,-431119.8125,   -929.1702,    548.5923,  25737.4219,
       1,     168,     157,       2,       1,       3,       1,     10.0000,      1.3974,     42.5567,    247.7928,     62.3599,      3.4953,      0.0000,     -0.0317,      4.6480,      0.1438,      5.5650,     11.1300,      1.2708,     28.7102,     57.4204,      0.0192,      0.0037,      0.0156,      0.2014,   7721.2271,-427808.4688,   -928.2783,    548.8194,  25737.4219,
       1,     168,     157,       3,       1,       3,       1,     10.0000,      1.3974,     42.5567,    247.7928,     62.3599,      3.4953,      0.0000,     -0.0317,      3.6759,      0.1441,      5.5650,     11.1300,      1.2734,     28.7102,     57.4204,      0.0192,      0.0029,      0.0156,      0.2014,   7721.2271,-424674.0000,   -927.6861,    549.0345,  25737.4219,
       1,     168,     157,       4,       1,       3,       1,     10.0000,      1.3974,     42.5567,    247.7928,     62.3599,      3.4953,      0.0000,     -0.0316,      3.2705,      0.1409,      5.5650,     11.1300,      1.2454,     28.7102,     57.4204,      0.0192,      0.0026,      0.0156,      0.2014,   7721.2271,-423177.9688,   -927.4012,    549.1372,  25737.4219,
       1,     168,     157,       5,       1,       3,       1,     10.0000,      1.3974,     42.5567,    247.7928,     62.3599,      3.4953,      0.0000,     -0.0315,      2.7855,      0.1391,      5.5650,     11.1300,      1.2291,     28.7102,     57.4204,      0.0192,      0.0022,      0.0156,      0.2014,   7721.2271,-422537.8750,   -927.2774,    549.1812,  25737.4219,
       1,     168,     157,       6,       1,       3,       1,     10.0000,      1.3974,     42.5567,    247.7928,     62.3599,      3.4953,      0.0000,     -0.0315,      1.7683,      0.1370,      5.5650,     11.1300,      1.2106,     28.7102,     57.4204,      0.0192,      0.0014,      0.0156,      0.2014,   7721.2271,-421871.4375,   -927.1485,    549.2269,  25737.4219,
       1,     168,     157,       7,       1,       3,       1,     10.0000,      1.3974,     42.5567,    247.7928,     62.3599,      3.4953,      0.0000,     -0.0313,      1.1306,      0.1337,      5.5650,     11.1300,      1.1815,     28.7102,     57.4204,      0.0192,      0.0009,      0.0156,      0.2014,   7721.2271,-420532.0000,   -926.8945,    549.3188,  25737.4219,
       1,     168,     157,       8,       1,       3,       1,     10.0000,      1.3974,     42.5567,    247.7928,     62.3599,      3.4953,      0.0292,     -0.0022,      1.1563,      0.1347,      5.5650,     11.1300,      1.1899,     28.7102,     57.4204,      0.0192,      0.0006,      0.0223,      0.2014,   7721.2271,-419612.7812,   -926.7233,    549.3819,  25737.4238,
       1,     168,     157,       9,       1,       3,       1,     10.0000,      1.3974,     42.5567,    247.7928,     62.3599,      3.4953,      0.1396,      0.1072,      8.9032,      0.1640,      5.5650,     11.1300,      1.4496,     28.7102,     57.4204,      0.0192,      0.0006,      0.1810,      0.2014,   7721.2275,-419565.5625,   -926.7123,    549.3853,  25737.4219,
       1,     168,     157,      10,       1,       3,       1,     10.0000,      1.3974,     42.5567,    247.7928,     62.3599,      3.4953,      0.1648,      0.1315,      8.8372,      0.1909,      5.5650,     11.1300,      1.6865,     28.7102,     57.4204,      0.0192,      0.0005,      0.2178,      0.2014,   7721.2271,-429321.9688,   -928.5777,    548.7151,  25737.4219,
       1,     168,     157,      11,       1,       3,       1,     10.0000,      1.3974,     42.5567,    247.7928,     62.3599,      3.4953,      0.1867,      0.1527,      9.5751,      0.2174,      5.5650,     11.1300,      1.9210,     28.7102,     57.4204,      0.0192,      0.0005,      0.2500,      0.2014,   7721.2271,-430084.2500,   -928.7204,    548.6634,  25737.4219,
       1,     168,     157,      12,       1,       3,       1,     10.0000,      1.3974,     42.5567,    247.7928,     62.3599,      3.4953,      0.1866,      0.1518,     10.2939,      0.2445,      5.5650,     11.1300,      2.1602,     28.7102,     57.4204,      0.0192,      0.0005,      0.2500,      0.2014,   7721.2271,-431079.2500,   -928.8488,    548.5951,  25737.4219,
       1,     168,     157,      13,       1,       3,       1,     10.0000,      1.3974,     42.5567,    247.7928,     62.3599,      3.4953,      0.1866,      0.1513,     11.1583,      0.2622,      5.5650,     11.1300,      2.3168,     28.7102,     57.4204,      0.0192,      0.0005,      0.2500,      0.2014,   7721.2271,-432071.1562,   -928.9112,    548.5270,  25737.4238,
       1,     168,     157,      14,       1,       3,       1,     10.0000,      1.3974,     42.5567,    247.7928,     62.3599,      3.4953,      0.1888,      0.1530,     41.7256,      0.2871,      5.5650,     11.1300,      2.5372,     28.7102,     57.4204,      0.0192,      0.0021,      0.2500,      0.2014,   7721.2275,-433246.1562,   -928.9797,    548.4465,  25737.4238,
       1,     168,     157,      15,       1,       3,       1,     10.0000,      1.3974,     42.5567,    247.7928,     62.3599,      3.4953,      0.1840,      0.1479,     77.3948,      0.3024,      5.5650,     11.1300,      2.6725,     28.7102,     57.4204,      0.0192,      0.0040,      0.2390,      0.2014,   7721.2275,-471868.0938,   -936.2825,    545.7988,  25737.4219,
       1,     168,     157,      16,       1,       3,       1,     10.0000,      1.3974,     42.5567,    247.7928,     62.3599,      3.4953,      0.1778,      0.1415,    126.1484,      0.3092,      5.5650,     11.1300,      2.7321,     28.7102,     57.4204,      0.0192,      0.0069,      0.2242,      0.2013,   7721.2271,-520199.3125,   -945.5948,    542.5078,  25737.4199,
       1,     168,     157,      17,       1,       3,       1,     10.0000,      1.3974,     42.5567,    247.7928,     62.3599,      3.4953,      0.1749,      0.1388,    162.7530,      0.3013,      5.5650,     11.1300,      2.6622,     28.7102,     57.4204,      0.0192,      0.0093,      0.2157,      0.2013,   7721.2261,-585910.5625,   -958.6090,    538.0616,  25737.4219,
       1,     168,     157,      18,       1,       3,       1,     10.0000,      1.3974,     42.5567,    247.7928,     62.3599,      3.4953,      0.1668,      0.1310,    154.8023,      0.2827,      5.5650,     11.1300,      2.4983,     28.7102,     57.4204,      0.0192,      0.0093,      0.2044,      0.2012,   7721.2271,-637860.8750,   -969.2131,    534.5857,  25737.4219,
       1,     168,     157,      19,       1,       3,       1,     10.0000,      1.3974,     42.5567,    247.7928,     62.3599,      3.4953,      0.1205,      0.0866,     99.4674,      0.2100,      5.5650,     11.1300,      1.8560,     28.7102,     57.4204,      0.0192,      0.0086,      0.1424,      0.2011,   7721.2271,-632303.9375,   -968.7892,    534.9683,  25737.4219,
       1,     168,     157,      20,       1,       3,       1,     10.0000,      1.3974,     42.5567,    247.7928,     62.3599,      3.4953,      0.0433,      0.0113,     28.0277,      0.1545,      5.5650,     11.1300,      1.3650,     28.7102,     57.4204,      0.0192,      0.0088,      0.0390,      0.2011,   7721.2271,-561848.3750,   -937.0240,    539.6798,  25737.2148,
       1,     168,     157,      21,       1,       3,       1,     10.0000,      1.3974,     42.5567,    247.7928,     62.3599,      3.4953,      0.0000,     -0.0317,     11.3991,      0.1427,      5.5650,     11.1300,      1.2606,     28.7102,     57.4204,      0.0192,      0.0090,      0.0156,      0.2012,   7721.1646,-465665.6875,   -920.2060,    546.1890,  25737.4238,
       1,     168,     157,      22,       1,       3,       1,     10.0000,      1.3974,     42.5567,    247.7928,     62.3599,      3.4953,      0.0000,     -0.0315,      9.3299,      0.1384,      5.5650,     11.1300,      1.2229,     28.7102,     57.4204,      0.0192,      0.0074,      0.0156,      0.2014,   7721.2275,-436493.8125,   -916.4223,    548.2202,  25737.4238,
       1,     168,     157,      23,       1,       3,       1,     10.0000,      1.3974,     42.5567,    247.7928,     62.3599,      3.4953,      0.0000,     -0.0315,      8.1924,      0.1392,      5.5650,     11.1300,      1.2304,     28.7102,     57.4204,      0.0192,      0.0065,      0.0156,      0.2014,   7721.2275,-431328.8125,   -913.1608,    548.5778,  25737.4238,
       1,     168,     157,      24,       1,       3,       1,     10.0000,      1.3974,     42.5567,    247.7928,     62.3599,      3.4953,      0.0000,     -0.0315,      4.8800,      0.1374,      5.5650,     11.1300,      1.2143,     28.7102,     57.4204,      0.0192,      0.0038,      0.0156,      0.2014,   7721.2275,-429444.6250,   -913.6660,    548.7072,  25737.4238,
       1,     168,     158,       1,       1,       3,       1,     10.0000,      1.3975,     42.5571,    247.7986,     62.3614,      3.4953,      0.0000,     -0.0313,      0.5293,      0.1322,      5.5655,     11.1310,      1.1684,     28.7183,     57.4367,      0.0192,      0.0004,      0.0156,      0.2014,   7721.2275,-425263.5000,   -913.8123,    549.0070,  25738.5859,
       1,     168,     158,       2,       1,       3,       1,     10.0000,      1.3975,     42.5571,    247.7986,     62.3614,      3.4953,      0.0000,     -0.0312,      0.3340,      0.1294,      5.5655,     11.1310,      1.1438,     28.7183,     57.4367,      0.0192,      0.0003,      0.0156,      0.2014,   7721.5762,-419266.8125,   -912.5225,    549.4186,  25738.5859,
       1,     168,     158,       3,       1,       3,       1,     10.0000,      1.3975,     42.5571,    247.7986,     62.3614,      3.4953,      0.0000,     -0.0311,      0.3060,      0.1281,      5.5655,     11.1310,      1.1322,     28.7183,     57.4367,      0.0192,      0.0002,      0.0156,      0.2014,   7721.5762,-418502.3438,   -912.3902,    549.4712,  25738.5879,
       1,     168,     158,       4,       1,       3,       1,     10.0000,      1.3975,     42.5571,    247.7986,     62.3614,      3.4953,      0.0000,     -0.0313,      0.3165,      0.1320,      5.5655,     11.1310,      1.1660,     28.7183,     57.4367,      0.0192,      0.0002,      0.0156,      0.2014,   7721.5767,-418400.7188,   -912.3733,    549.4783,  25738.5859,
       1,     168,     158,       5,       1,       3,       1,     10.0000,      1.3975,     42.5571,    247.7986,     62.3614,      3.4953,      0.0000,     -0.0312,      0.3085,      0.1290,      5.5655,     11.1310,      1.1403,     28.7183,     57.4367,      0.0192,      0.0002,      0.0156,      0.2014,   7721.5762,-418405.1875,   -912.3760,    549.4779,  25738.5859,
       1,     168,     158,       6,       1,       3,       1,     10.0000,      1.3975,     42.5571,    247.7986,     62.3614,      3.4953,      0.0000,     -0.0312,      0.3467,      0.1288,      5.5655,     11.1310,      1.1380,     28.7183,     57.4367,      0.0192,      0.0003,      0.0156,      0.2014,   7721.5762,-418395.5625,   -912.3758,    549.4786,  25738.5859,
       1,     168,     158,       7,       1,       3,       1,     10.0000,      1.3975,     42.5571,    247.7986,     62.3614,      3.4953,      0.0000,     -0.0313,      0.3488,      0.1329,      5.5655,     11.1310,      1.1744,     28.7183,     57.4367,      0.0192,      0.0003,      0.0156,      0.2014,   7721.5762,-418442.7500,   -912.3898,    549.4753,  25738.5859,
       1,     168,     158,       8,       1,       3,       1,     10.0000,      1.3975,     42.5571,    247.7986,     62.3614,      3.4953,      0.0085,     -0.0228,      0.3161,      0.1318,      5.5655,     11.1310,      1.1649,     28.7183,     57.4367,      0.0192,      0.0002,      0.0156,      0.2014,   7721.5762,-418449.5312,   -912.3957,    549.4749,  25738.5879,
       1,     168,     158,       9,       1,       3,       1,     10.0000,      1.3975,     42.5571,    247.7986,     62.3614,      3.4953,      0.1065,      0.0746,      4.2573,      0.1502,      5.5655,     11.1310,      1.3271,     28.7183,     57.4367,      0.0192,      0.0004,      0.1336,      0.2014,   7721.5767,-418408.6875,   -912.4177,    549.4777,  25738.5859,
       1,     168,     158,      10,       1,       3,       1,     10.0000,      1.3975,     42.5571,    247.7986,     62.3614,      3.4953,      0.1673,      0.1339,      7.7062,      0.1933,      5.5655,     11.1310,      1.7084,     28.7183,     57.4367,      0.0192,      0.0004,      0.2215,      0.2014,   7721.5762,-423370.4062,   -913.8356,    549.1369,  25738.5859,
       1,     168,     158,      11,       1,       3,       1,     10.0000,      1.3975,     42.5571,    247.7986,     62.3614,      3.4953,      0.1867,      0.1526,      8.9627,      0.2168,      5.5655,     11.1310,      1.9154,     28.7183,     57.4367,      0.0192,      0.0004,      0.2500,      0.2014,   7721.5762,-428145.0000,   -916.1658,    548.8093,  25738.5859,
       1,     168,     158,      12,       1,       3,       1,     10.0000,      1.3975,     42.5571,    247.7986,     62.3614,      3.4953,      0.1848,      0.1506,      9.0991,      0.2206,      5.5655,     11.1310,      1.9495,     28.7183,     57.4367,      0.0192,      0.0005,      0.2473,      0.2014,   7721.5762,-430141.2500,   -917.9819,    548.6725,  25738.5859,
       1,     168,     158,      13,       1,       3,       1,     10.0000,      1.3975,     42.5571,    247.7986,     62.3614,      3.4953,      0.1869,      0.1522,     15.0179,      0.2421,      5.5655,     11.1310,      2.1393,     28.7183,     57.4367,      0.0192,      0.0007,      0.2499,      0.2014,   7721.5762,-430485.5312,   -919.3845,    548.6488,  25738.5859,
       1,     168,     158,      14,       1,       3,       1,     10.0000,      1.3975,     42.5571,    247.7986,     62.3614,      3.4953,      0.1887,      0.1540,     36.4044,      0.2402,      5.5655,     11.1310,      2.1227,     28.7183,     57.4367,      0.0192,      0.0018,      0.2500,      0.2014,   7721.5762,-437973.0000,   -922.0257,    548.1353,  25738.5859,
       1,     168,     158,      15,       1,       3,       1,     10.0000,      1.3975,     42.5571,    247.7986,     62.3614,      3.4953,      0.1923,      0.1572,     84.0836,      0.2569,      5.5655,     11.1310,      2.2701,     28.7183,     57.4367,      0.0192,      0.0041,      0.2500,      0.2014,   7721.5762,-465570.4688,   -928.2578,    546.2447,  25738.5859,
       1,     168,     158,      16,       1,       3,       1,     10.0000,      1.3975,     42.5571,    247.7986,     62.3614,      3.4953,      0.1811,      0.1461,     99.1013,      0.2502,      5.5655,     11.1310,      2.2113,     28.7183,     57.4367,      0.0192,      0.0053,      0.2316,      0.2014,   7721.5762,-528069.6875,   -941.2494,    541.9805,  25738.5859,
       1,     168,     158,      17,       1,       3,       1,     10.0000,      1.3975,     42.5571,    247.7986,     62.3614,      3.4953,      0.0216,     -0.0107,      3.1672,      0.1623,      5.5655,     11.1310,      1.4338,     28.7183,     57.4367,      0.0192,      0.0039,      0.0100,      0.2013,   7721.5762,-552457.0000,   -946.9585,    540.3449,  25738.5859,
       1,     168,     158,      18,       1,       3,       1,     10.0000,      1.3975,     42.5571,    247.7986,     62.3614,      3.4953,      0.0066,     -0.0243,      5.1941,      0.1230,      5.5655,     11.1310,      1.0870,     28.7183,     57.4367,      0.0192,      0.0041,      0.0156,      0.2013,   7721.5762,-433437.7500,   -913.3703,    548.3863,  25738.5840,
       1,     168,     158,      19,       1,       3,       1,     10.0000,      1.3975,     42.5571,    247.7986,     62.3614,      3.4953,      0.0327,      0.0017,      9.5346,      0.1254,      5.5655,     11.1310,      1.1082,     28.7183,     57.4367,      0.0192,      0.0044,      0.0269,      0.2014,   7721.5757,-425926.0938,   -912.0586,    548.9612,  25738.5859,
       1,     168,     158,      20,       1,       3,       1,     10.0000,      1.3975,     42.5571,    247.7986,     62.3614,      3.4953,      0.0146,     -0.0165,      0.6389,      0.1280,      5.5655,     11.1310,      1.1310,     28.7183,     57.4367,      0.0192,      0.0049,      0.0016,      0.2014,   7721.5762,-430670.1562,   -913.6887,    548.6360,  25738.5859,
       1,     168,     158,      21,       1,       3,       1,     10.0000,      1.3975,     42.5571,    247.7986,     62.3614,      3.4953,      0.0001,     -0.0309,      5.7238,      0.1238,      5.5655,     11.1310,      1.0937,     28.7183,     57.4367,      0.0192,      0.0045,      0.0156,      0.2014,   7721.5762,-419871.7500,   -911.0911,    549.3768,  25738.5859,
       1,     168,     158,      22,       1,       3,       1,     10.0000,      1.3975,     42.5571,    247.7986,     62.3614,      3.4953,      0.0000,     -0.0308,      2.7142,      0.1194,      5.5655,     11.1310,      1.0553,     28.7183,     57.4367,      0.0192,      0.0021,      0.0156,      0.2014,   7721.5762,-425345.0625,   -912.6450,    549.0013,  25738.5859,
       1,     168,     158,      23,       1,       3,       1,     10.0000,      1.3975,     42.5571,    247.7986,     62.3614,      3.4953,      0.0000,     -0.0309,      0.4197,      0.1230,      5.5655,     11.1310,      1.0870,     28.7183,     57.4367,      0.0192,      0.0003,      0.0156,      0.2014,   7721.5762,-422026.6562,   -912.3542,    549.2292,  25738.5859,
       1,     168,     158,      24,       1,       3,       1,     10.0000,      1.3975,     42.5571,    247.7986,     62.3614,      3.4953,      0.0000,     -0.0309,      0.2901,      0.1223,      5.5655,     11.1310,      1.0803,     28.7183,     57.4367,      0.0192,      0.0002,      0.0156,      0.2014,   7721.5762,-418848.9688,   -911.8090,    549.4474,  25738.5859,
       1,     168,     159,       1,       1,       3,       1,     10.0000,      1.3975,     42.5574,    247.8045,     62.3629,      3.4953,      0.0000,     -0.0308,      0.2860,      0.1208,      5.5660,     11.1319,      1.0672,     28.7153,     57.4307,      0.0192,      0.0002,      0.0156,      0.2014,   7721.5762,-418567.3438,   -912.0222,    549.4797,  25739.7461,
       1,     168,     159,       2,       1,       3,       1,     10.0000,      1.3975,     42.5574,    247.8045,     62.3629,      3.4953,      0.0000,     -0.0309,      0.2881,      0.1215,      5.5660,     11.1319,      1.0738,     28.7153,     57.4307,      0.0192,      0.0002,      0.0156,      0.2014,   7721.9243,-418384.2812,   -911.7349,    549.4923,  25739.7461,
       1,     168,     159,       3,       1,       3,       1,     10.0000,      1.3975,     42.5574,    247.8045,     62.3629,      3.4953,      0.0000,     -0.0309,      0.3005,      0.1226,      5.5660,     11.1319,      1.0837,     28.7153,     57.4307,      0.0192,      0.0002,      0.0156,      0.2014,   7721.9243,-418371.0312,   -911.7340,    549.4933,  25739.7441,
       1,     168,     159,       4,       1,       3,       1,     10.0000,      1.3975,     42.5574,    247.8045,     62.3629,      3.4953,      0.0000,     -0.0308,      0.3204,      0.1205,      5.5660,     11.1319,      1.0650,     28.7153,     57.4307,      0.0192,      0.0003,      0.0156,      0.2014,   7721.9233,-418385.6875,   -911.7395,    549.4923,  25739.7441,
       1,     168,     159,       5,       1,       3,       1,     10.0000,      1.3975,     42.5574,    247.8045,     62.3629,      3.4953,      0.0000,     -0.0308,      0.2850,      0.1204,      5.5660,     11.1319,      1.0640,     28.7153,     57.4307,      0.0192,      0.0002,      0.0156,      0.2014,   7721.9233,-418411.9062,   -911.7499,    549.4904,  25739.7422,
       1,     168,     159,       6,       1,       3,       1,     10.0000,      1.3975,     42.5574,    247.8045,     62.3629,      3.4953,      0.0000,     -0.0308,      0.2827,      0.1195,      5.5660,     11.1319,      1.0564,     28.7153,     57.4307,      0.0192,      0.0002,      0.0156,      0.2014,   7721.9229,-418370.1250,   -911.7448,    549.4933,  25739.7441,
       1,     168,     159,       7,       1,       3,       1,     10.0000,      1.3975,     42.5574,    247.8045,     62.3629,      3.4953,      0.0000,     -0.0308,      0.2834,      0.1198,      5.5660,     11.1319,      1.0585,     28.7153,     57.4307,      0.0192,      0.0002,      0.0156,      0.2014,   7721.9233,-418363.1562,   -911.7444,    549.4938,  25739.7441,
       1,     168,     159,       8,       1,       3,       1,     10.0000,      1.3975,     42.5574,    247.8045,     62.3629,      3.4953,      0.0208,     -0.0101,      0.2036,      0.1231,      5.5660,     11.1319,      1.0881,     28.7153,     57.4307,      0.0192,      0.0002,      0.0109,      0.2014,   7721.9233,-418363.3438,   -911.7457,    549.4938,  25739.7441,
       1,     168,     159,       9,       1,       3,       1,     10.0000,      1.3975,     42.5574,    247.8045,     62.3629,      3.4953,      0.1288,      0.0975,      3.4423,      0.1344,      5.5660,     11.1319,      1.1876,     28.7153,     57.4307,      0.0192,      0.0003,      0.1662,      0.2014,   7721.9233,-418262.8750,   -911.7694,    549.5007,  25739.7461,
       1,     168,     159,      10,       1,       3,       1,     10.0000,      1.3975,     42.5574,    247.8045,     62.3629,      3.4953,      0.1802,      0.1479,      6.0807,      0.1600,      5.5660,     11.1319,      1.4138,     28.7153,     57.4307,      0.0192,      0.0003,      0.2404,      0.2014,   7721.9243,-422333.5938,   -912.9418,    549.2211,  25739.7441,
       1,     168,     159,      11,       1,       3,       1,     10.0000,      1.3975,     42.5574,    247.8045,     62.3629,      3.4953,      0.1804,      0.1472,      7.3126,      0.1877,      5.5660,     11.1319,      1.6584,     28.7153,     57.4307,      0.0192,      0.0004,      0.2407,      0.2014,   7721.9233,-426009.5625,   -914.3903,    548.9688,  25739.7461,
       1,     168,     159,      12,       1,       3,       1,     10.0000,      1.3975,     42.5574,    247.8045,     62.3629,      3.4953,      0.1867,      0.1530,      8.3935,      0.2047,      5.5660,     11.1319,      1.8091,     28.7153,     57.4307,      0.0192,      0.0004,      0.2500,      0.2014,   7721.9243,-427879.3438,   -915.9473,    548.8406,  25739.7461,
       1,     168,     159,      13,       1,       3,       1,     10.0000,      1.3975,     42.5574,    247.8045,     62.3629,      3.4953,      0.1866,      0.1520,      9.9981,      0.2384,      5.5660,     11.1319,      2.1062,     28.7153,     57.4307,      0.0192,      0.0005,      0.2500,      0.2014,   7721.9243,-429402.6562,   -917.4678,    548.7361,  25739.7441,
       1,     168,     159,      14,       1,       3,       1,     10.0000,      1.3975,     42.5574,    247.8045,     62.3629,      3.4953,      0.1866,      0.1519,     10.1111,      0.2407,      5.5660,     11.1319,      2.1269,     28.7153,     57.4307,      0.0192,      0.0005,      0.2500,      0.2014,   7721.9233,-431556.0312,   -919.3326,    548.5884,  25739.7441,
       1,     168,     159,      15,       1,       3,       1,     10.0000,      1.3975,     42.5574,    247.8045,     62.3629,      3.4953,      0.1879,      0.1528,     27.7888,      0.2552,      5.5660,     11.1319,      2.2548,     28.7153,     57.4307,      0.0192,      0.0014,      0.2500,      0.2014,   7721.9233,-431884.5625,   -920.5074,    548.5659,  25739.7441,
       1,     168,     159,      16,       1,       3,       1,     10.0000,      1.3975,     42.5574,    247.8045,     62.3629,      3.4953,      0.1843,      0.1494,     63.1217,      0.2498,      5.5660,     11.1319,      2.2071,     28.7153,     57.4307,      0.0192,      0.0032,      0.2405,      0.2014,   7721.9233,-454184.3125,   -925.7411,    547.0367,  25739.7441,
       1,     168,     159,      17,       1,       3,       1,     10.0000,      1.3975,     42.5574,    247.8045,     62.3629,      3.4953,      0.1717,      0.1369,     72.3395,      0.2442,      5.5660,     11.1319,      2.1582,     28.7153,     57.4307,      0.0192,      0.0040,      0.2208,      0.2014,   7721.9233,-500646.2812,   -935.3266,    543.8618,  25739.7441,
       1,     168,     159,      18,       1,       3,       1,     10.0000,      1.3975,     42.5574,    247.8045,     62.3629,      3.4953,      0.1601,      0.1251,    104.2984,      0.2529,      5.5660,     11.1319,      2.2352,     28.7153,     57.4307,      0.0192,      0.0064,      0.2001,      0.2014,   7721.9233,-516305.1562,   -939.2009,    542.8065,  25739.7441,
       1,     168,     159,      19,       1,       3,       1,     10.0000,      1.3975,     42.5574,    247.8045,     62.3629,      3.4953,      0.1394,      0.1044,     89.9056,      0.2520,      5.5660,     11.1319,      2.2265,     28.7153,     57.4307,      0.0192,      0.0065,      0.1711,      0.2014,   7721.9233,-557961.4375,   -948.0065,    539.9811,  25739.7422,
       1,     168,     159,      20,       1,       3,       1,     10.0000,      1.3975,     42.5574,    247.8045,     62.3629,      3.4953,      0.0739,      0.0401,     44.0807,      0.2090,      5.5660,     11.1319,      1.8470,     28.7153,     57.4307,      0.0192,      0.0068,      0.0803,      0.2013,   7721.9229,-543403.2500,   -946.2473,    540.9711,  25739.7461,
       1,     168,     159,      21,       1,       3,       1,     10.0000,      1.3975,     42.5574,    247.8045,     62.3629,      3.4953,      0.0000,     -0.0329,      7.7539,      0.1805,      5.5660,     11.1319,      1.5954,     28.7153,     57.4307,      0.0192,      0.0061,      0.0156,      0.2013,   7721.9243,-484310.0000,   -935.8431,    544.9680,  25739.7441,
       1,     168,     159,      22,       1,       3,       1,     10.0000,      1.3975,     42.5574,    247.8045,     62.3629,      3.4953,      0.0000,     -0.0322,      7.2696,      0.1587,      5.5660,     11.1319,      1.4026,     28.7153,     57.4307,      0.0192,      0.0057,      0.0156,      0.2014,   7721.9233,-433465.5938,   -926.5800,    548.4464,  25739.7441,
       1,     168,     159,      23,       1,       3,       1,     10.0000,      1.3975,     42.5574,    247.8045,     62.3629,      3.4953,      0.0000,     -0.0321,      7.1877,      0.1543,      5.5660,     11.1319,      1.3637,     28.7153,     57.4307,      0.0192,      0.0057,      0.0156,      0.2014,   7721.9233,-428483.5938,   -925.8020,    548.7990,  25739.7422,
       1,     168,     159,      24,       1,       3,       1,     10.0000,      1.3975,     42.5574,    247.8045,     62.3629,      3.4953,      0.0000,     -0.0320,      7.2901,      0.1529,      5.5660,     11.1319,      1.3514,     28.7153,     57.4307,      0.0192,      0.0057,      0.0156,      0.2014,   7721.9229,-427936.5938,   -925.8027,    548.8367,  25739.7441,
       1,     168,     160,       1,       1,       3,       1,     10.0000,      1.3975,     42.5577,    247.8104,     62.3644,      3.4953,      0.0000,     -0.0319,      4.8402,      0.1481,      5.5657,     11.1313,      1.3086,     28.7246,     57.4492,      0.0192,      0.0038,      0.0156,      0.2015,   7721.9233,-428172.9688,   -926.2363,    548.8334,  25740.9023,
       1,     168,     160,       2,       1,       3,       1,     10.0000,      1.3975,     42.5577,    247.8104,     62.3644,      3.4953,      0.0000,     -0.0318,      3.0397,      0.1456,      5.5657,     11.1313,      1.2864,     28.7246,     57.4492,      0.0192,      0.0024,      0.0156,      0.2015,   7722.2710,-424954.1875,   -925.4544,    549.0543,  25740.9023,
       1,     168,     160,       3,       1,       3,       1,     10.0000,      1.3975,     42.5577,    247.8104,     62.3644,      3.4953,      0.0000,     -0.0316,      1.1673,      0.1400,      5.5657,     11.1313,      1.2367,     28.7246,     57.4492,      0.0192,      0.0009,      0.0156,      0.2015,   7722.2710,-422408.0000,   -925.0251,    549.2291,  25740.9023,
       1,     168,     160,       4,       1,       3,       1,     10.0000,      1.3975,     42.5577,    247.8104,     62.3644,      3.4953,      0.0000,     -0.0315,      1.0548,      0.1373,      5.5657,     11.1313,      1.2131,     28.7246,     57.4492,      0.0192,      0.0008,      0.0156,      0.2015,   7722.2710,-419829.5312,   -924.5570,    549.4061,  25740.9043,
       1,     168,     160,       5,       1,       3,       1,     10.0000,      1.3975,     42.5577,    247.8104,     62.3644,      3.4953,      0.0000,     -0.0315,      0.8024,      0.1388,      5.5657,     11.1313,      1.2267,     28.7246,     57.4492,      0.0192,      0.0006,      0.0156,      0.2015,   7722.2715,-419464.6250,   -924.4988,    549.4312,  25740.9043,
       1,     168,     160,       6,       1,       3,       1,     10.0000,      1.3975,     42.5577,    247.8104,     62.3644,      3.4953,      0.0000,     -0.0315,      0.5656,      0.1366,      5.5657,     11.1313,      1.2070,     28.7246,     57.4492,      0.0192,      0.0004,      0.0156,      0.2015,   7722.2715,-419115.2500,   -924.4418,    549.4552,  25740.9043,
       1,     168,     160,       7,       1,       3,       1,     10.0000,      1.3975,     42.5577,    247.8104,     62.3644,      3.4953,      0.0000,     -0.0314,      0.4390,      0.1363,      5.5657,     11.1313,      1.2046,     28.7246,     57.4492,      0.0192,      0.0003,      0.0156,      0.2015,   7722.2715,-418786.6562,   -924.3854,    549.4778,  25740.9004,
       1,     168,     160,       8,       1,       3,       1,     10.0000,      1.3975,     42.5577,    247.8104,     62.3644,      3.4953,      0.0106,     -0.0209,      0.3727,      0.1385,      5.5657,     11.1313,      1.2242,     28.7246,     57.4492,      0.0192,      0.0003,      0.0156,      0.2015,   7722.2705,-418599.2812,   -924.3544,    549.4906,  25740.9023,
       1,     168,     160,       9,       1,       3,       1,     10.0000,      1.3975,     42.5577,    247.8104,     62.3644,      3.4953,      0.0368,      0.0053,      0.7038,      0.1369,      5.5657,     11.1313,      1.2095,     28.7246,     57.4492,      0.0192,      0.0003,      0.0333,      0.2015,   7722.2710,-418499.2812,   -924.3408,    549.4975,  25740.9023,
       1,     168,     160,      10,       1,       3,       1,     10.0000,      1.3975,     42.5577,    247.8104,     62.3644,      3.4953,      0.0749,      0.0433,      1.9315,      0.1411,      5.5657,     11.1313,      1.2467,     28.7246,     57.4492,      0.0192,      0.0003,      0.0882,      0.2015,   7722.2710,-418907.5938,   -924.4283,    549.4694,  25740.9043,
       1,     168,     160,      11,       1,       3,       1,     10.0000,      1.3975,     42.5577,    247.8104,     62.3644,      3.4953,      0.1109,      0.0789,      3.3003,      0.1505,      5.5657,     11.1313,      1.3299,     28.7246,     57.4492,      0.0192,      0.0003,      0.1399,      0.2015,   7722.2715,-420489.0312,   -924.7502,    549.3608,  25740.9023,
       1,     168,     160,      12,       1,       3,       1,     10.0000,      1.3975,     42.5577,    247.8104,     62.3644,      3.4953,      0.1677,      0.1352,      5.9827,      0.1689,      5.5657,     11.1313,      1.4924,     28.7246,     57.4492,      0.0192,      0.0003,      0.2223,      0.2015,   7722.2710,-422350.0000,   -925.1569,    549.2330,  25740.9043,
       1,     168,     160,      13,       1,       3,       1,     10.0000,      1.3975,     42.5577,    247.8104,     62.3644,      3.4953,      0.1867,      0.1530,      8.4127,      0.2051,      5.5657,     11.1313,      1.8128,     28.7246,     57.4492,      0.0192,      0.0004,      0.2500,      0.2015,   7722.2715,-425889.5000,   -925.9254,    548.9901,  25740.9043,
       1,     168,     160,      14,       1,       3,       1,     10.0000,      1.3975,     42.5577,    247.8104,     62.3644,      3.4953,      0.1866,      0.1519,     10.1683,      0.2419,      5.5657,     11.1313,      2.1373,     28.7246,     57.4492,      0.0192,      0.0005,      0.2500,      0.2015,   7722.2715,-429256.4375,   -926.7200,    548.7590,  25740.9043,
       1,     168,     160,      15,       1,       3,       1,     10.0000,      1.3975,     42.5577,    247.8104,     62.3644,      3.4953,      0.1866,      0.1514,     11.0845,      0.2607,      5.5657,     11.1313,      2.3035,     28.7246,     57.4492,      0.0192,      0.0005,      0.2500,      0.2015,   7722.2715,-431759.0938,   -927.3150,    548.5875,  25740.9043,
       1,     168,     160,      16,       1,       3,       1,     10.0000,      1.3975,     42.5577,    247.8104,     62.3644,      3.4953,      0.1698,      0.1346,     14.7630,      0.2604,      5.5657,     11.1313,      2.3013,     28.7246,     57.4492,      0.0192,      0.0008,      0.2247,      0.2015,   7722.2715,-433129.5938,   -927.6096,    548.4935,  25740.9023,
       1,     168,     160,      17,       1,       3,       1,     10.0000,      1.3975,     42.5577,    247.8104,     62.3644,      3.4953,      0.1339,      0.0993,     27.0417,      0.2370,      5.5657,     11.1313,      2.0940,     28.7246,     57.4492,      0.0192,      0.0020,      0.1702,      0.2015,   7722.2710,-437882.0938,   -928.5334,    548.1676,  25740.9023,
       1,     168,     160,      18,       1,       3,       1,     10.0000,      1.3975,     42.5577,    247.8104,     62.3644,      3.4953,      0.1108,      0.0777,     39.2857,      0.1855,      5.5657,     11.1313,      1.6388,     28.7246,     57.4492,      0.0192,      0.0036,      0.1353,      0.2015,   7722.2710,-453762.0625,   -931.6349,    547.0797,  25740.9004,
       1,     168,     160,      19,       1,       3,       1,     10.0000,      1.3975,     42.5577,    247.8104,     62.3644,      3.4953,      0.0844,      0.0519,     38.3595,      0.1657,      5.5657,     11.1313,      1.4643,     28.7246,     57.4492,      0.0192,      0.0049,      0.0972,      0.2014,   7722.2705,-470565.7188,   -934.9784,    545.9316,  25740.9004,
       1,     168,     160,      20,       1,       3,       1,     10.0000,      1.3975,     42.5577,    247.8104,     62.3644,      3.4953,      0.0209,     -0.0113,      4.3452,      0.1556,      5.5657,     11.1313,      1.3747,     28.7246,     57.4492,      0.0192,      0.0060,      0.0090,      0.2014,   7722.2705,-470850.6875,   -935.1920,    545.9133,  25740.9023,
       1,     168,     160,      21,       1,       3,       1,     10.0000,      1.3975,     42.5577,    247.8104,     62.3644,      3.4953,      0.0000,     -0.0318,      7.6074,      0.1476,      5.5657,     11.1313,      1.3047,     28.7246,     57.4492,      0.0192,      0.0060,      0.0156,      0.2014,   7722.2710,-428000.6875,   -927.0577,    548.8374,  25740.8984,
       1,     168,     160,      22,       1,       3,       1,     10.0000,      1.3975,     42.5577,    247.8104,     62.3644,      3.4953,      0.0000,     -0.0320,      5.5799,      0.1502,      5.5657,     11.1313,      1.3272,     28.7246,     57.4492,      0.0192,      0.0044,      0.0156,      0.2015,   7722.2700,-428435.2500,   -927.1343,    548.8155,  25740.9004,
       1,     168,     160,      23,       1,       3,       1,     10.0000,      1.3975,     42.5577,    247.8104,     62.3644,      3.4953,      0.0000,     -0.0321,      3.3433,      0.1546,      5.5657,     11.1313,      1.3665,     28.7246,     57.4492,      0.0192,      0.0026,      0.0156,      0.2015,   7722.2705,-425908.7500,   -926.6390,    548.9888,  25740.9004,
       1,     168,     160,      24,       1,       3,       1,     10.0000,      1.3975,     42.5577,    247.8104,     62.3644,      3.4953,      0.0000,     -0.0318,      2.0920,      0.1453,      5.5657,     11.1313,      1.2838,     28.7246,     57.4492,      0.0192,      0.0016,      0.0156,      0.2015,   7722.2705,-422873.1875,   -926.0550,    549.1971,  25740.9004,
       1,     168,     161,       1,       1,       3,       1,     10.0000,      1.3975,     42.5581,    247.8163,     62.3658,      3.4953,      0.0000,     -0.0317,      1.7086,      0.1437,      5.5664,     11.1328,      1.2696,     28.7215,     57.4430,      0.0192,      0.0013,      0.0156,      0.2015,   7722.2705,-421190.9688,   -926.0187,    549.3256,  25742.0605,
       1,     168,     161,       2,       1,       3,       1,     10.0000,      1.3975,     42.5581,    247.8163,     62.3658,      3.4953,      0.0000,     -0.0316,      1.6784,      0.1404,      5.5664,     11.1328,      1.2405,     28.7215,     57.4430,      0.0192,      0.0013,      0.0156,      0.2015,   7722.6187,-420408.9062,   -925.5939,    549.3793,  25742.0605,
       1,     168,     161,       3,       1,       3,       1,     10.0000,      1.3975,     42.5581,    247.8163,     62.3658,      3.4953,      0.0000,     -0.0316,      1.2408,      0.1407,      5.5664,     11.1328,      1.2430,     28.7215,     57.4430,      0.0192,      0.0010,      0.0156,      0.2015,   7722.6187,-420303.2812,   -925.5712,    549.3866,  25742.0605,
       1,     168,     161,       4,       1,       3,       1,     10.0000,      1.3975,     42.5581,    247.8163,     62.3658,      3.4953,      0.0000,     -0.0316,      1.0454,      0.1414,      5.5664,     11.1328,      1.2493,     28.7215,     57.4430,      0.0192,      0.0008,      0.0156,      0.2015,   7722.6187,-419743.0938,   -925.4660,    549.4250,  25742.0605,
       1,     168,     161,       5,       1,       3,       1,     10.0000,      1.3975,     42.5581,    247.8163,     62.3658,      3.4953,      0.0000,     -0.0316,      0.7121,      0.1402,      5.5664,     11.1328,      1.2392,     28.7215,     57.4430,      0.0192,      0.0006,      0.0156,      0.2015,   7722.6187,-419448.5938,   -925.4102,    549.4453,  25742.0586,
       1,     168,     161,       6,       1,       3,       1,     10.0000,      1.3975,     42.5581,    247.8163,     62.3658,      3.4953,      0.0000,     -0.0316,      0.4930,      0.1404,      5.5664,     11.1328,      1.2405,     28.7215,     57.4430,      0.0192,      0.0004,      0.0156,      0.2015,   7722.6177,-419003.6562,   -925.3262,    549.4758,  25742.0605,
       1,     168,     161,       7,       1,       3,       1,     10.0000,      1.3975,     42.5581,    247.8163,     62.3658,      3.4953,      0.0000,     -0.0315,      0.6281,      0.1384,      5.5664,     11.1328,      1.2230,     28.7215,     57.4430,      0.0192,      0.0005,      0.0156,      0.2015,   7722.6187,-418689.0000,   -925.2664,    549.4976,  25742.0605,
       1,     168,     161,       8,       1,       3,       1,     10.0000,      1.3975,     42.5581,    247.8163,     62.3658,      3.4953,      0.0264,     -0.0052,      0.4083,      0.1407,      5.5664,     11.1328,      1.2430,     28.7215,     57.4430,      0.0192,      0.0003,      0.0182,      0.2015,   7722.6187,-418831.7812,   -925.2951,    549.4876,  25742.0625,
       1,     168,     161,       9,       1,       3,       1,     10.0000,      1.3975,     42.5581,    247.8163,     62.3658,      3.4953,      0.1167,      0.0848,      3.5087,      0.1508,      5.5664,     11.1328,      1.3326,     28.7215,     57.4430,      0.0192,      0.0003,      0.1484,      0.2015,   7722.6191,-418567.2500,   -925.2408,    549.5059,  25742.0586,
       1,     168,     161,      10,       1,       3,       1,     10.0000,      1.3975,     42.5581,    247.8163,     62.3658,      3.4953,      0.1686,      0.1354,      6.8236,      0.1884,      5.5664,     11.1328,      1.6650,     28.7215,     57.4430,      0.0192,      0.0004,      0.2236,      0.2015,   7722.6177,-422449.2188,   -925.9708,    549.2392,  25742.0605,
       1,     168,     161,      11,       1,       3,       1,     10.0000,      1.3975,     42.5581,    247.8163,     62.3658,      3.4953,      0.1837,      0.1496,      8.8147,      0.2170,      5.5664,     11.1328,      1.9174,     28.7215,     57.4430,      0.0192,      0.0004,      0.2456,      0.2015,   7722.6187,-426959.4375,   -926.7780,    548.9296,  25742.0605,
       1,     168,     161,      12,       1,       3,       1,     10.0000,      1.3975,     42.5581,    247.8163,     62.3658,      3.4953,      0.1866,      0.1520,      9.9874,      0.2381,      5.5664,     11.1328,      2.1043,     28.7215,     57.4430,      0.0192,      0.0005,      0.2500,      0.2015,   7722.6187,-429857.4688,   -927.2510,    548.7308,  25742.0605,
       1,     168,     161,      13,       1,       3,       1,     10.0000,      1.3975,     42.5581,    247.8163,     62.3658,      3.4953,      0.1866,      0.1514,     10.9737,      0.2584,      5.5664,     11.1328,      2.2835,     28.7215,     57.4430,      0.0192,      0.0005,      0.2500,      0.2015,   7722.6187,-431584.9062,   -927.4178,    548.6124,  25742.0625,
       1,     168,     161,      14,       1,       3,       1,     10.0000,      1.3975,     42.5581,    247.8163,     62.3658,      3.4953,      0.1866,      0.1514,     11.9935,      0.2612,      5.5664,     11.1328,      2.3080,     28.7215,     57.4430,      0.0192,      0.0006,      0.2500,      0.2015,   7722.6191,-432976.4688,   -927.4801,    548.5170,  25742.0586,
       1,     168,     161,      15,       1,       3,       1,     10.0000,      1.3975,     42.5581,    247.8163,     62.3658,      3.4953,      0.1883,      0.1529,     59.9940,      0.2676,      5.5664,     11.1328,      2.3646,     28.7215,     57.4430,      0.0192,      0.0030,      0.2469,      0.2015,   7722.6177,-434381.5938,   -927.5509,    548.4206,  25742.0605,
       1,     168,     161,      16,       1,       3,       1,     10.0000,      1.3975,     42.5581,    247.8163,     62.3658,      3.4953,      0.1797,      0.1442,     97.9454,      0.2731,      5.5664,     11.1328,      2.4132,     28.7215,     57.4430,      0.0192,      0.0052,      0.2300,      0.2015,   7722.6187,-494964.0312,   -939.1818,    544.2676,  25742.0605,
       1,     168,     161,      17,       1,       3,       1,     10.0000,      1.3975,     42.5581,    247.8163,     62.3658,      3.4953,      0.0078,     -0.0251,      6.5766,      0.1784,      5.5664,     11.1328,      1.5765,     28.7215,     57.4430,      0.0192,      0.0052,      0.0156,      0.2014,   7722.6187,-548088.0000,   -949.6292,    540.6691,  25742.0605,
       1,     168,     161,      18,       1,       3,       1,     10.0000,      1.3975,     42.5581,    247.8163,     62.3658,      3.4953,      0.0058,     -0.0262,      7.0681,      0.1516,      5.5664,     11.1328,      1.3393,     28.7215,     57.4430,      0.0192,      0.0056,      0.0156,      0.2014,   7722.6187,-437388.6875,   -914.0289,    548.1624,  25742.0625,
       1,     168,     161,      19,       1,       3,       1,     10.0000,      1.3975,     42.5581,    247.8163,     62.3658,      3.4953,      0.0036,     -0.0282,      7.2842,      0.1481,      5.5664,     11.1328,      1.3086,     28.7215,     57.4430,      0.0192,      0.0057,      0.0156,      0.2015,   7722.6191,-428623.7812,   -912.8259,    548.8151,  25742.0625,
       1,     168,     161,      20,       1,       3,       1,     10.0000,      1.3975,     42.5581,    247.8163,     62.3658,      3.4953,      0.0013,     -0.0305,      8.0229,      0.1435,      5.5664,     11.1328,      1.2684,     28.7215,     57.4430,      0.0192,      0.0063,      0.0156,      0.2015,   7722.6191,-428073.9688,   -913.3286,    548.8533,  25742.0625,
       1,     168,     161,      21,       1,       3,       1,     10.0000,      1.3975,     42.5581,    247.8163,     62.3658,      3.4953,      0.0000,     -0.0316,      7.1901,      0.1412,      5.5664,     11.1328,      1.2480,     28.7215,     57.4430,      0.0192,      0.0057,      0.0156,      0.2015,   7722.6191,-428956.1562,   -914.2473,    548.7927,  25742.0645,
       1,     168,     161,      22,       1,       3,       1,     10.0000,      1.3975,     42.5581,    247.8163,     62.3658,      3.4953,      0.0000,     -0.0316,      2.3088,      0.1401,      5.5664,     11.1328,      1.2380,     28.7215,     57.4430,      0.0192,      0.0018,      0.0156,      0.2015,   7722.6196,-427983.4688,   -914.7279,    548.8594,  25742.0625,
       1,     168,     161,      23,       1,       3,       1,     10.0000,      1.3975,     42.5581,    247.8163,     62.3658,      3.4953,      0.0000,     -0.0316,      0.3617,      0.1418,      5.5664,     11.1328,      1.2531,     28.7215,     57.4430,      0.0192,      0.0003,      0.0156,      0.2015,   7722.6191,-421751.7500,   -913.7845,    549.2870,  25742.0625,
       1,     168,     161,      24,       1,       3,       1,     10.0000,      1.3975,     42.5581,    247.8163,     62.3658,      3.4953,      0.0000,     -0.0316,      0.3378,      0.1397,      5.5664,     11.1328,      1.2342,     28.7215,     57.4430,      0.0192,      0.0003,      0.0156,      0.2015,   7722.6191,-418761.1562,   -913.2576,    549.4925,  25742.0625,
       1,     168,     162,       1,       1,       3,       1,     10.0000,      1.3975,     42.5584,    247.8221,     62.3673,      3.4953,      0.0000,     -0.0315,      0.3354,      0.1388,      5.5665,     11.1330,      1.2268,     28.7173,     57.4346,      0.0192,      0.0003,      0.0156,      0.2015,   7722.6191,-418629.0625,   -913.4990,    549.5146,  25743.2246,
       1,     168,     162,       2,       1,       3,       1,     10.0000,      1.3975,     42.5584,    247.8221,     62.3673,      3.4953,      0.0000,     -0.0316,      0.3409,      0.1408,      5.5665,     11.1330,      1.2443,     28.7173,     57.4346,      0.0192,      0.0003,      0.0156,      0.2015,   7722.9678,-418460.8750,   -913.2129,    549.5261,  25743.2246,
       1,     168,     162,       3,       1,       3,       1,     10.0000,      1.3975,     42.5584,    247.8221,     62.3673,      3.4953,      0.0000,     -0.0317,      0.3473,      0.1431,      5.5665,     11.1330,      1.2645,     28.7173,     57.4346,      0.0192,      0.0003,      0.0156,      0.2015,   7722.9678,-418453.3125,   -913.2134,    549.5267,  25743.2246,
       1,     168,     162,       4,       1,       3,       1,     10.0000,      1.3975,     42.5584,    247.8221,     62.3673,      3.4953,      0.0000,     -0.0317,      0.3453,      0.1424,      5.5665,     11.1330,      1.2582,     28.7173,     57.4346,      0.0192,      0.0003,      0.0156,      0.2015,   7722.9678,-418460.5625,   -913.2161,    549.5262,  25743.2246,
       1,     168,     162,       5,       1,       3,       1,     10.0000,      1.3975,     42.5584,    247.8221,     62.3673,      3.4953,      0.0000,     -0.0317,      0.3449,      0.1422,      5.5665,     11.1330,      1.2569,     28.7173,     57.4346,      0.0192,      0.0003,      0.0156,      0.2015,   7722.9678,-418458.6562,   -913.2177,    549.5263,  25743.2227,
       1,     168,     162,       6,       1,       3,       1,     10.0000,      1.3975,     42.5584,    247.8221,     62.3673,      3.4953,      0.0000,     -0.0315,      0.3362,      0.1391,      5.5665,     11.1330,      1.2293,     28.7173,     57.4346,      0.0192,      0.0003,      0.0156,      0.2015,   7722.9673,-418458.2188,   -913.2198,    549.5264,  25743.2246,
       1,     168,     162,       7,       1,       3,       1,     10.0000,      1.3975,     42.5584,    247.8221,     62.3673,      3.4953,      0.0000,     -0.0315,      0.3297,      0.1367,      5.5665,     11.1330,      1.2083,     28.7173,     57.4346,      0.0192,      0.0003,      0.0156,      0.2015,   7722.9678,-418447.0000,   -913.2191,    549.5272,  25743.2246,
       1,     168,     162,       8,       1,       3,       1,     10.0000,      1.3975,     42.5584,    247.8221,     62.3673,      3.4953,      0.0112,     -0.0203,      0.3274,      0.1359,      5.5665,     11.1330,      1.2010,     28.7173,     57.4346,      0.0192,      0.0003,      0.0156,      0.2015,   7722.9678,-418437.7812,   -913.2191,    549.5278,  25743.2246,
       1,     168,     162,       9,       1,       3,       1,     10.0000,      1.3975,     42.5584,    247.8221,     62.3673,      3.4953,      0.0654,      0.0337,      1.6452,      0.1424,      5.5665,     11.1330,      1.2582,     28.7173,     57.4346,      0.0192,      0.0003,      0.0743,      0.2015,   7722.9678,-418434.1562,   -913.2640,    549.5280,  25743.2246,
       1,     168,     162,      10,       1,       3,       1,     10.0000,      1.3975,     42.5584,    247.8221,     62.3673,      3.4953,      0.1332,      0.1011,      4.1836,      0.1545,      5.5665,     11.1330,      1.3651,     28.7173,     57.4346,      0.0192,      0.0003,      0.1722,      0.2015,   7722.9678,-420093.1875,   -913.8528,    549.4141,  25743.2227,
       1,     168,     162,      11,       1,       3,       1,     10.0000,      1.3975,     42.5584,    247.8221,     62.3673,      3.4953,      0.1682,      0.1355,      6.0908,      0.1711,      5.5665,     11.1330,      1.5119,     28.7173,     57.4346,      0.0192,      0.0003,      0.2229,      0.2015,   7722.9673,-423433.0938,   -914.9246,    549.1847,  25743.2246,
       1,     168,     162,      12,       1,       3,       1,     10.0000,      1.3975,     42.5584,    247.8221,     62.3673,      3.4953,      0.1769,      0.1436,      7.1968,      0.1886,      5.5665,     11.1330,      1.6667,     28.7173,     57.4346,      0.0192,      0.0004,      0.2355,      0.2015,   7722.9678,-426123.6562,   -916.0958,    549.0001,  25743.2246,
       1,     168,     162,      13,       1,       3,       1,     10.0000,      1.3975,     42.5584,    247.8221,     62.3673,      3.4953,      0.1711,      0.1375,      7.4298,      0.2002,      5.5665,     11.1330,      1.7687,     28.7173,     57.4346,      0.0192,      0.0004,      0.2271,      0.2015,   7722.9678,-427748.9375,   -917.2054,    548.8885,  25743.2246,
       1,     168,     162,      14,       1,       3,       1,     10.0000,      1.3975,     42.5584,    247.8221,     62.3673,      3.4953,      0.1408,      0.1079,      5.2657,      0.1789,      5.5665,     11.1330,      1.5813,     28.7173,     57.4346,      0.0192,      0.0004,      0.1831,      0.2015,   7722.9678,-428182.9062,   -918.0736,    548.8587,  25743.2266,
       1,     168,     162,      15,       1,       3,       1,     10.0000,      1.3975,     42.5584,    247.8221,     62.3673,      3.4953,      0.1115,      0.0790,      4.6946,      0.1651,      5.5665,     11.1330,      1.4585,     28.7173,     57.4346,      0.0192,      0.0004,      0.1405,      0.2015,   7722.9683,-425495.0312,   -917.9630,    549.0432,  25743.2246,
       1,     168,     162,      16,       1,       3,       1,     10.0000,      1.3975,     42.5584,    247.8221,     62.3673,      3.4953,      0.1372,      0.1044,     18.1337,      0.1739,      5.5665,     11.1330,      1.5363,     28.7173,     57.4346,      0.0192,      0.0013,      0.1763,      0.2015,   7722.9678,-424543.7500,   -918.0876,    549.1085,  25743.2246,
       1,     168,     162,      17,       1,       3,       1,     10.0000,      1.3975,     42.5584,    247.8221,     62.3673,      3.4953,      0.1006,      0.0680,     22.8090,      0.1706,      5.5665,     11.1330,      1.5074,     28.7173,     57.4346,      0.0192,      0.0023,      0.1225,      0.2015,   7722.9678,-441384.8438,   -921.6626,    547.9526,  25743.2246,
       1,     168,     162,      18,       1,       3,       1,     10.0000,      1.3975,     42.5584,    247.8221,     62.3673,      3.4953,      0.1117,      0.0788,     37.7165,      0.1791,      5.5665,     11.1330,      1.5828,     28.7173,     57.4346,      0.0192,      0.0034,      0.1368,      0.2015,   7722.9678,-448732.7188,   -923.4632,    547.4505,  25743.2246,
       1,     168,     162,      19,       1,       3,       1,     10.0000,      1.3975,     42.5584,    247.8221,     62.3673,      3.4953,      0.0696,      0.0369,     16.3468,      0.1728,      5.5665,     11.1330,      1.5271,     28.7173,     57.4346,      0.0192,      0.0026,      0.0779,      0.2015,   7722.9678,-468145.5625,   -927.6465,    546.1223,  25743.2246,
       1,     168,     162,      20,       1,       3,       1,     10.0000,      1.3975,     42.5584,    247.8221,     62.3673,      3.4953,      0.0166,     -0.0157,      0.4671,      0.1608,      5.5665,     11.1330,      1.4211,     28.7173,     57.4346,      0.0192,      0.0019,      0.0030,      0.2015,   7722.9678,-442897.8125,   -923.4404,    547.8474,  25743.2246,
       1,     168,     162,      21,       1,       3,       1,     10.0000,      1.3975,     42.5584,    247.8221,     62.3673,      3.4953,      0.0000,     -0.0318,      2.5376,      0.1466,      5.5665,     11.1330,      1.2955,     28.7173,     57.4346,      0.0192,      0.0020,      0.0156,      0.2015,   7722.9678,-420723.5625,   -919.5521,    549.3687,  25743.2266,
       1,     168,     162,      22,       1,       3,       1,     10.0000,      1.3975,     42.5584,    247.8221,     62.3673,      3.4953,      0.0000,     -0.0318,      2.3285,      0.1469,      5.5665,     11.1330,      1.2982,     28.7173,     57.4346,      0.0192,      0.0018,      0.0156,      0.2015,   7722.9683,-421417.3125,   -919.8151,    549.3231,  25743.2266,
       1,     168,     162,      23,       1,       3,       1,     10.0000,      1.3975,     42.5584,    247.8221,     62.3673,      3.4953,      0.0000,     -0.0317,      2.5849,      0.1444,      5.5665,     11.1330,      1.2761,     28.7173,     57.4346,      0.0192,      0.0020,      0.0156,      0.2015,   7722.9683,-421211.4375,   -919.9062,    549.3373,  25743.2266,
       1,     168,     162,      24,       1,       3,       1,     10.0000,      1.3975,     42.5584,    247.8221,     62.3673,      3.4953,      0.0000,     -0.0316,      2.2445,      0.1412,      5.5665,     11.1330,      1.2480,     28.7173,     57.4346,      0.0192,      0.0018,      0.0156,      0.2015,   7722.9683,-421516.3438,   -920.1032,    549.3163,  25743.2246,
       1,     168,     163,       1,       1,       3,       1,     10.0000,      1.3976,     42.5588,    247.8280,     62.3688,      3.4953,      0.0000,     -0.0317,      1.3345,      0.1424,      5.5667,     11.1334,      1.2582,     28.7127,     57.4254,      0.0192,      0.0011,      0.0156,      0.2015,   7722.9678,-421270.5625,   -920.4409,    549.3463,  25744.3848,
       1,     168,     163,       2,       1,       3,       1,     10.0000,      1.3976,     42.5588,    247.8280,     62.3688,      3.4953,      0.0000,     -0.0315,      0.5878,      0.1391,      5.5667,     11.1334,      1.2293,     28.7127,     57.4254,      0.0192,      0.0005,      0.0156,      0.2015,   7723.3159,-419950.1250,   -919.9980,    549.4370,  25744.3867,
       1,     168,     163,       3,       1,       3,       1,     10.0000,      1.3976,     42.5588,    247.8280,     62.3688,      3.4953,      0.0000,     -0.0313,      0.4087,      0.1339,      5.5667,     11.1334,      1.1829,     28.7127,     57.4254,      0.0192,      0.0003,      0.0156,      0.2016,   7723.3164,-418895.3750,   -919.8226,    549.5094,  25744.3848,
       1,     168,     163,       4,       1,       3,       1,     10.0000,      1.3976,     42.5588,    247.8280,     62.3688,      3.4953,      0.0000,     -0.0313,      0.3851,      0.1335,      5.5667,     11.1334,      1.1793,     28.7127,     57.4254,      0.0192,      0.0003,      0.0156,      0.2016,   7723.3159,-418579.0625,   -919.7723,    549.5311,  25744.3848,
       1,     168,     163,       5,       1,       3,       1,     10.0000,      1.3976,     42.5588,    247.8280,     62.3688,      3.4953,      0.0000,     -0.0314,      0.3359,      0.1354,      5.5667,     11.1334,      1.1961,     28.7127,     57.4254,      0.0192,      0.0003,      0.0156,      0.2016,   7723.3159,-418522.0312,   -919.7673,    549.5351,  25744.3848,
       1,     168,     163,       6,       1,       3,       1,     10.0000,      1.3976,     42.5588,    247.8280,     62.3688,      3.4953,      0.0000,     -0.0313,      0.3202,      0.1333,      5.5667,     11.1334,      1.1781,     28.7127,     57.4254,      0.0192,      0.0003,      0.0156,      0.2016,   7723.3159,-418455.0000,   -919.7573,    549.5396,  25744.3848,
       1,     168,     163,       7,       1,       3,       1,     10.0000,      1.3976,     42.5588,    247.8280,     62.3688,      3.4953,      0.0000,     -0.0313,      0.3210,      0.1336,      5.5667,     11.1334,      1.1805,     28.7127,     57.4254,      0.0192,      0.0003,      0.0156,      0.2016,   7723.3159,-418429.6875,   -919.7541,    549.5414,  25744.3848,
       1,     168,     163,       8,       1,       3,       1,     10.0000,      1.3976,     42.5588,    247.8280,     62.3688,      3.4953,      0.0220,     -0.0093,      0.2504,      0.1344,      5.5667,     11.1334,      1.1877,     28.7127,     57.4254,      0.0192,      0.0003,      0.0121,      0.2016,   7723.3159,-418428.3438,   -919.7555,    549.5414,  25744.3867,
       1,     168,     163,       9,       1,       3,       1,     10.0000,      1.3976,     42.5588,    247.8280,     62.3688,      3.4953,      0.0390,      0.0074,      0.7814,      0.1390,      5.5667,     11.1334,      1.2280,     28.7127,     57.4254,      0.0192,      0.0003,      0.0363,      0.2016,   7723.3164,-418339.0312,   -919.7630,    549.5475,  25744.3848,
       1,     168,     163,      10,       1,       3,       1,     10.0000,      1.3976,     42.5588,    247.8280,     62.3688,      3.4953,      0.1682,      0.1360,      5.5834,      0.1586,      5.5667,     11.1334,      1.4013,     28.7127,     57.4254,      0.0192,      0.0003,      0.2230,      0.2016,   7723.3159,-419000.3125,   -910.2988,    549.5021,  25744.3867,
       1,     168,     163,      11,       1,       3,       1,     10.0000,      1.3976,     42.5588,    247.8280,     62.3688,      3.4953,      0.1819,      0.1480,      9.6978,      0.2109,      5.5667,     11.1334,      1.8636,     28.7127,     57.4254,      0.0192,      0.0005,      0.2428,      0.2016,   7723.3164,-425102.8750,   -912.4313,    549.0831,  25744.3828,
       1,     168,     163,      12,       1,       3,       1,     10.0000,      1.3976,     42.5588,    247.8280,     62.3688,      3.4953,      0.1866,      0.1528,     10.4370,      0.2080,      5.5667,     11.1334,      1.8381,     28.7127,     57.4254,      0.0192,      0.0005,      0.2495,      0.2015,   7723.3149,-430812.0000,   -915.2302,    548.6913,  25744.3848,
       1,     168,     163,      13,       1,       3,       1,     10.0000,      1.3976,     42.5588,    247.8280,     62.3688,      3.4953,      0.1867,      0.1523,      9.4733,      0.2275,      5.5667,     11.1334,      2.0099,     28.7127,     57.4254,      0.0192,      0.0005,      0.2500,      0.2015,   7723.3159,-432236.3438,   -917.1147,    548.5938,  25744.3828,
       1,     168,     163,      14,       1,       3,       1,     10.0000,      1.3976,     42.5588,    247.8280,     62.3688,      3.4953,      0.1866,      0.1516,     11.0331,      0.2537,      5.5667,     11.1334,      2.2419,     28.7127,     57.4254,      0.0192,      0.0005,      0.2500,      0.2015,   7723.3149,-431145.9062,   -918.6815,    548.6686,  25744.3848,
       1,     168,     163,      15,       1,       3,       1,     10.0000,      1.3976,     42.5588,    247.8280,     62.3688,      3.4953,      0.1878,      0.1526,     25.7881,      0.2577,      5.5667,     11.1334,      2.2770,     28.7127,     57.4254,      0.0192,      0.0013,      0.2500,      0.2015,   7723.3159,-433015.6250,   -920.7919,    548.5403,  25744.3828,
       1,     168,     163,      16,       1,       3,       1,     10.0000,      1.3976,     42.5588,    247.8280,     62.3688,      3.4953,      0.1735,      0.1390,     89.4485,      0.2333,      5.5667,     11.1334,      2.0616,     28.7127,     57.4254,      0.0192,      0.0050,      0.2214,      0.2015,   7723.3149,-451757.8750,   -925.2759,    547.2552,  25744.3848,
       1,     168,     163,      17,       1,       3,       1,     10.0000,      1.3976,     42.5588,    247.8280,     62.3688,      3.4953,      0.1263,      0.0926,     66.4499,      0.2058,      5.5667,     11.1334,      1.8183,     28.7127,     57.4254,      0.0192,      0.0053,      0.1547,      0.2015,   7723.3159,-533568.5000,   -941.3079,    541.6603,  25744.3867,
       1,     168,     163,      18,       1,       3,       1,     10.0000,      1.3976,     42.5588,    247.8280,     62.3688,      3.4953,      0.1284,      0.0950,     83.4986,      0.1961,      5.5667,     11.1334,      1.7324,     28.7127,     57.4254,      0.0192,      0.0066,      0.1559,      0.2014,   7723.3164,-511701.0625,   -938.1418,    543.1694,  25744.3848,
       1,     168,     163,      19,       1,       3,       1,     10.0000,      1.3976,     42.5588,    247.8280,     62.3688,      3.4953,      0.0638,      0.0308,     38.3906,      0.1813,      5.5667,     11.1334,      1.6019,     28.7127,     57.4254,      0.0192,      0.0071,      0.0667,      0.2015,   7723.3159,-531284.5625,   -942.6698,    541.8418,  25744.3848,
       1,     168,     163,      20,       1,       3,       1,     10.0000,      1.3976,     42.5588,    247.8280,     62.3688,      3.4953,      0.0328,      0.0001,     13.7479,      0.1723,      5.5667,     11.1334,      1.5226,     28.7127,     57.4254,      0.0192,      0.0069,      0.0246,      0.2014,   7723.3159,-476083.7500,   -933.0416,    545.5823,  25744.3848,
       1,     168,     163,      21,       1,       3,       1,     10.0000,      1.3976,     42.5588,    247.8280,     62.3688,      3.4953,      0.0000,     -0.0324,      7.0942,      0.1631,      5.5667,     11.1334,      1.4412,     28.7127,     57.4254,      0.0192,      0.0056,      0.0156,      0.2015,   7723.3159,-440318.2812,   -926.7572,    548.0343,  25744.3828,
       1,     168,     163,      22,       1,       3,       1,     10.0000,      1.3976,     42.5588,    247.8280,     62.3688,      3.4953,      0.0000,     -0.0324,      5.7202,      0.1646,      5.5667,     11.1334,      1.4542,     28.7127,     57.4254,      0.0192,      0.0045,      0.0156,      0.2015,   7723.3149,-428854.2500,   -924.8417,    548.8252,  25744.3867,
       1,     168,     163,      23,       1,       3,       1,     10.0000,      1.3976,     42.5588,    247.8280,     62.3688,      3.4953,      0.0000,     -0.0323,      4.5484,      0.1615,      5.5667,     11.1334,      1.4268,     28.7127,     57.4254,      0.0192,      0.0036,      0.0156,      0.2015,   7723.3164,-426127.8750,   -924.4802,    549.0128,  25744.3867,
       1,     168,     163,      24,       1,       3,       1,     10.0000,      1.3976,     42.5588,    247.8280,     62.3688,      3.4953,      0.0000,     -0.0322,      3.1796,      0.1578,      5.5667,     11.1334,      1.3943,     28.7127,     57.4254,      0.0192,      0.0025,      0.0156,      0.2015,   7723.3164,-424416.2188,   -924.2688,    549.1303,  25744.3848,
       1,     168,     164,       1,       1,       3,       1,     10.0000,      1.3976,     42.5591,    247.8339,     62.3703,      3.4953,      0.0000,     -0.0321,      2.2564,      0.1547,      5.5670,     11.1340,      1.3666,     28.7145,     57.4289,      0.0192,      0.0018,      0.0156,      0.2016,   7723.3159,-422700.8438,   -924.2981,    549.2610,  25745.5430,
       1,     168,     164,       2,       1,       3,       1,     10.0000,      1.3976,     42.5591,    247.8339,     62.3703,      3.4953,      0.0000,     -0.0321,      1.7515,      0.1534,      5.5670,     11.1340,      1.3556,     28.7145,     57.4289,      0.0192,      0.0014,      0.0156,      0.2016,   7723.6631,-421237.0000,   -923.7902,    549.3616,  25745.5430,
       1,     168,     164,       3,       1,       3,       1,     10.0000,      1.3976,     42.5591,    247.8339,     62.3703,      3.4953,      0.0000,     -0.0318,      1.8053,      0.1459,      5.5670,     11.1340,      1.2891,     28.7145,     57.4289,      0.0192,      0.0014,      0.0156,      0.2016,   7723.6631,-420474.7812,   -923.6768,    549.4139,  25745.5430,
       1,     168,     164,       4,       1,       3,       1,     10.0000,      1.3976,     42.5591,    247.8339,     62.3703,      3.4953,      0.0000,     -0.0315,      0.8419,      0.1391,      5.5670,     11.1340,      1.2293,     28.7145,     57.4289,      0.0192,      0.0007,      0.0156,      0.2016,   7723.6631,-420476.6250,   -923.6982,    549.4138,  25745.5430,
       1,     168,     164,       5,       1,       3,       1,     10.0000,      1.3976,     42.5591,    247.8339,     62.3703,      3.4953,      0.0000,     -0.0315,      0.4107,      0.1377,      5.5670,     11.1340,      1.2169,     28.7145,     57.4289,      0.0192,      0.0003,      0.0156,      0.2016,   7723.6631,-419264.0000,   -923.4877,    549.4972,  25745.5430,
       1,     168,     164,       6,       1,       3,       1,     10.0000,      1.3976,     42.5591,    247.8339,     62.3703,      3.4953,      0.0000,     -0.0316,      0.3382,      0.1398,      5.5670,     11.1340,      1.2356,     28.7145,     57.4289,      0.0192,      0.0003,      0.0156,      0.2016,   7723.6631,-418616.1250,   -923.3702,    549.5417,  25745.5430,
       1,     168,     164,       7,       1,       3,       1,     10.0000,      1.3976,     42.5591,    247.8339,     62.3703,      3.4953,      0.0000,     -0.0316,      0.3401,      0.1405,      5.5670,     11.1340,      1.2418,     28.7145,     57.4289,      0.0192,      0.0003,      0.0156,      0.2016,   7723.6631,-418468.8438,   -923.3444,    549.5518,  25745.5410,
       1,     168,     164,       8,       1,       3,       1,     10.0000,      1.3976,     42.5591,    247.8339,     62.3703,      3.4953,      0.0129,     -0.0188,      0.3546,      0.1457,      5.5670,     11.1340,      1.2878,     28.7145,     57.4289,      0.0192,      0.0003,      0.0156,      0.2016,   7723.6626,-418458.9688,   -923.3452,    549.5524,  25745.5430,
       1,     168,     164,       9,       1,       3,       1,     10.0000,      1.3976,     42.5591,    247.8339,     62.3703,      3.4953,      0.1170,      0.0848,      4.7027,      0.1573,      5.5670,     11.1340,      1.3901,     28.7145,     57.4289,      0.0192,      0.0004,      0.1486,      0.2016,   7723.6631,-418476.0000,   -923.3588,    549.5513,  25745.5430,
       1,     168,     164,      10,       1,       3,       1,     10.0000,      1.3976,     42.5591,    247.8339,     62.3703,      3.4953,      0.1633,      0.1303,     12.1209,      0.1838,      5.5670,     11.1340,      1.6244,     28.7145,     57.4289,      0.0192,      0.0007,      0.2152,      0.2016,   7723.6631,-423951.0000,   -924.4726,    549.1752,  25745.5449,
       1,     168,     164,      11,       1,       3,       1,     10.0000,      1.3976,     42.5591,    247.8339,     62.3703,      3.4953,      0.1826,      0.1487,     18.9433,      0.2117,      5.5670,     11.1340,      1.8710,     28.7145,     57.4289,      0.0192,      0.0010,      0.2427,      0.2016,   7723.6636,-433763.7500,   -926.5024,    548.5017,  25745.5410,
       1,     168,     164,      12,       1,       3,       1,     10.0000,      1.3976,     42.5591,    247.8339,     62.3703,      3.4953,      0.1872,      0.1528,     16.7118,      0.2292,      5.5670,     11.1340,      2.0257,     28.7145,     57.4289,      0.0192,      0.0008,      0.2500,      0.2016,   7723.6626,-443203.6562,   -928.5602,    547.8549,  25745.5449,
       1,     168,     164,      13,       1,       3,       1,     10.0000,      1.3976,     42.5591,    247.8339,     62.3703,      3.4953,      0.1867,      0.1518,     10.9609,      0.2476,      5.5670,     11.1340,      2.1881,     28.7145,     57.4289,      0.0192,      0.0005,      0.2500,      0.2016,   7723.6636,-441208.9062,   -928.4343,    547.9919,  25745.5430,
       1,     168,     164,      14,       1,       3,       1,     10.0000,      1.3976,     42.5591,    247.8339,     62.3703,      3.4953,      0.1869,      0.1518,     14.3590,      0.2572,      5.5670,     11.1340,      2.2726,     28.7145,     57.4289,      0.0192,      0.0007,      0.2500,      0.2016,   7723.6631,-433794.5312,   -927.2062,    548.4997,  25745.5430,
       1,     168,     164,      15,       1,       3,       1,     10.0000,      1.3976,     42.5591,    247.8339,     62.3703,      3.4953,      0.1890,      0.1538,     67.8117,      0.2602,      5.5670,     11.1340,      2.2993,     28.7145,     57.4289,      0.0192,      0.0034,      0.2470,      0.2016,   7723.6631,-437433.6562,   -928.0339,    548.2505,  25745.5430,
       1,     168,     164,      16,       1,       3,       1,     10.0000,      1.3976,     42.5591,    247.8339,     62.3703,      3.4953,      0.0605,      0.0282,     22.1741,      0.1618,      5.5670,     11.1340,      1.4297,     28.7145,     57.4289,      0.0192,      0.0042,      0.0643,      0.2016,   7723.6631,-505055.2500,   -941.0179,    543.6164,  25745.5430,
       1,     168,     164,      17,       1,       3,       1,     10.0000,      1.3976,     42.5591,    247.8339,     62.3703,      3.4953,      0.0994,      0.0668,     50.5391,      0.1689,      5.5670,     11.1340,      1.4925,     28.7145,     57.4289,      0.0192,      0.0053,      0.1175,      0.2015,   7723.6631,-453421.5938,   -917.0639,    547.1445,  25745.5430,
       1,     168,     164,      18,       1,       3,       1,     10.0000,      1.3976,     42.5591,    247.8339,     62.3703,      3.4953,      0.0610,      0.0286,     30.4807,      0.1624,      5.5670,     11.1340,      1.4354,     28.7145,     57.4289,      0.0192,      0.0059,      0.0640,      0.2015,   7723.6631,-484709.4062,   -923.9503,    545.0161,  25745.5449,
       1,     168,     164,      19,       1,       3,       1,     10.0000,      1.3976,     42.5591,    247.8339,     62.3703,      3.4953,      0.0820,      0.0493,     46.2053,      0.1735,      5.5670,     11.1340,      1.5333,     28.7145,     57.4289,      0.0192,      0.0061,      0.0926,      0.2015,   7723.6636,-462130.3125,   -919.0806,    546.5585,  25745.5430,
       1,     168,     164,      20,       1,       3,       1,     10.0000,      1.3976,     42.5591,    247.8339,     62.3703,      3.4953,      0.0104,     -0.0223,      8.1602,      0.1746,      5.5670,     11.1340,      1.5425,     28.7145,     57.4289,      0.0192,      0.0064,      0.0156,      0.2015,   7723.6631,-479993.4375,   -923.5908,    545.3403,  25745.5430,
       1,     168,     164,      21,       1,       3,       1,     10.0000,      1.3976,     42.5591,    247.8339,     62.3703,      3.4953,      0.0000,     -0.0328,      2.0375,      0.1744,      5.5670,     11.1340,      1.5409,     28.7145,     57.4289,      0.0192,      0.0016,      0.0156,      0.2015,   7723.6631,-433598.1250,   -916.2747,    548.5042,  25745.5430,
       1,     168,     164,      22,       1,       3,       1,     10.0000,      1.3976,     42.5591,    247.8339,     62.3703,      3.4953,      0.0000,     -0.0328,      1.2492,      0.1767,      5.5670,     11.1340,      1.5610,     28.7145,     57.4289,      0.0192,      0.0010,      0.0156,      0.2016,   7723.6631,-421913.5938,   -914.3874,    549.3146,  25745.5430,
       1,     168,     164,      23,       1,       3,       1,     10.0000,      1.3976,     42.5591,    247.8339,     62.3703,      3.4953,      0.0000,     -0.0326,      1.2422,      0.1697,      5.5670,     11.1340,      1.5000,     28.7145,     57.4289,      0.0192,      0.0010,      0.0156,      0.2016,   7723.6631,-419901.5938,   -914.1185,    549.4533,  25745.5430,
       1,     168,     164,      24,       1,       3,       1,     10.0000,      1.3976,     42.5591,    247.8339,     62.3703,      3.4953,      0.0000,     -0.0325,      1.2971,      0.1656,      5.5670,     11.1340,      1.4630,     28.7145,     57.4289,      0.0192,      0.0010,      0.0156,      0.2016,   7723.6631,-419718.1250,   -914.1657,    549.4659,  25745.5430,
       1,     168,     165,       1,       1,       3,       1,     10.0000,      1.3976,     42.5594,    247.8397,     62.3717,      3.4953,      0.0000,     -0.0326,      0.9543,      0.1681,      5.5668,     11.1336,      1.4851,     28.7125,     57.4251,      0.0192,      0.0008,      0.0156,      0.2016,   7723.6631,-419928.0000,   -914.5635,    549.4646,  25746.7031,
       1,     168,     165,       2,       1,       3,       1,     10.0000,      1.3976,     42.5594,    247.8397,     62.3717,      3.4953,      0.0000,     -0.0324,      1.2871,      0.1634,      5.5668,     11.1336,      1.4441,     28.7125,     57.4251,      0.0192,      0.0010,      0.0156,      0.2016,   7724.0112,-419360.9062,   -914.2687,    549.5035,  25746.7031,
       1,     168,     165,       3,       1,       3,       1,     10.0000,      1.3976,     42.5594,    247.8397,     62.3717,      3.4953,      0.0000,     -0.0323,      1.9536,      0.1616,      5.5668,     11.1336,      1.4283,     28.7125,     57.4251,      0.0192,      0.0015,      0.0156,      0.2016,   7724.0112,-419730.8750,   -914.4311,    549.4781,  25746.7031,
       1,     168,     165,       4,       1,       3,       1,     10.0000,      1.3976,     42.5594,    247.8397,     62.3717,      3.4953,      0.0000,     -0.0323,      1.7580,      0.1615,      5.5668,     11.1336,      1.4269,     28.7125,     57.4251,      0.0192,      0.0014,      0.0156,      0.2016,   7724.0112,-420601.7812,   -914.7566,    549.4183,  25746.7031,
       1,     168,     165,       5,       1,       3,       1,     10.0000,      1.3976,     42.5594,    247.8397,     62.3717,      3.4953,      0.0000,     -0.0322,      1.4184,      0.1580,      5.5668,     11.1336,      1.3957,     28.7125,     57.4251,      0.0192,      0.0011,      0.0156,      0.2016,   7724.0112,-420430.9062,   -914.8683,    549.4300,  25746.7012,
       1,     168,     165,       6,       1,       3,       1,     10.0000,      1.3976,     42.5594,    247.8397,     62.3717,      3.4953,      0.0000,     -0.0320,      1.4486,      0.1505,      5.5668,     11.1336,      1.3300,     28.7125,     57.4251,      0.0192,      0.0011,      0.0156,      0.2016,   7724.0107,-419989.0938,   -914.8945,    549.4604,  25746.7031,
       1,     168,     165,       7,       1,       3,       1,     10.0000,      1.3976,     42.5594,    247.8397,     62.3717,      3.4953,      0.0000,     -0.0318,      1.3121,      0.1456,      5.5668,     11.1336,      1.2865,     28.7125,     57.4251,      0.0192,      0.0010,      0.0156,      0.2016,   7724.0112,-419988.4062,   -914.9779,    549.4604,  25746.7012,
       1,     168,     165,       8,       1,       3,       1,     10.0000,      1.3976,     42.5594,    247.8397,     62.3717,      3.4953,      0.0185,     -0.0133,      0.4805,      0.1486,      5.5668,     11.1336,      1.3127,     28.7125,     57.4251,      0.0192,      0.0009,      0.0064,      0.2016,   7724.0107,-419817.0000,   -915.0410,    549.4722,  25746.7051,
       1,     168,     165,       9,       1,       3,       1,     10.0000,      1.3976,     42.5594,    247.8397,     62.3717,      3.4953,      0.1290,      0.0962,     12.1581,      0.1744,      5.5668,     11.1336,      1.5410,     28.7125,     57.4251,      0.0192,      0.0009,      0.1650,      0.2016,   7724.0117,-418754.8438,   -914.9650,    549.5452,  25746.7031,
       1,     168,     165,      10,       1,       3,       1,     10.0000,      1.3976,     42.5594,    247.8397,     62.3717,      3.4953,      0.1678,      0.1333,     17.7192,      0.2333,      5.5668,     11.1336,      2.0617,     28.7125,     57.4251,      0.0192,      0.0010,      0.2213,      0.2016,   7724.0112,-433361.8438,   -918.1266,    548.5417,  25746.7051,
       1,     168,     165,      11,       1,       3,       1,     10.0000,      1.3976,     42.5594,    247.8397,     62.3717,      3.4953,      0.1806,      0.1455,     11.0922,      0.2584,      5.5668,     11.1336,      2.2838,     28.7125,     57.4251,      0.0192,      0.0006,      0.2411,      0.2016,   7724.0117,-441628.0938,   -920.8544,    547.9759,  25746.7031,
       1,     168,     165,      12,       1,       3,       1,     10.0000,      1.3976,     42.5594,    247.8397,     62.3717,      3.4953,      0.1729,      0.1380,      9.5706,      0.2469,      5.5668,     11.1336,      2.1818,     28.7125,     57.4251,      0.0192,      0.0005,      0.2298,      0.2016,   7724.0112,-433997.6562,   -921.0304,    548.4988,  25746.7051,
       1,     168,     165,      13,       1,       3,       1,     10.0000,      1.3976,     42.5594,    247.8397,     62.3717,      3.4953,      0.1773,      0.1422,     10.1979,      0.2547,      5.5668,     11.1336,      2.2507,     28.7125,     57.4251,      0.0192,      0.0005,      0.2362,      0.2016,   7724.0117,-431423.2812,   -921.4062,    548.6755,  25746.7051,
       1,     168,     165,      14,       1,       3,       1,     10.0000,      1.3976,     42.5594,    247.8397,     62.3717,      3.4953,      0.1821,      0.1480,     22.5119,      0.2211,      5.5668,     11.1336,      1.9537,     28.7125,     57.4251,      0.0192,      0.0011,      0.2417,      0.2016,   7724.0117,-431990.5312,   -922.3840,    548.6367,  25746.7031,
       1,     168,     165,      15,       1,       3,       1,     10.0000,      1.3976,     42.5594,    247.8397,     62.3717,      3.4953,      0.1590,      0.1255,     85.1598,      0.1980,      5.5668,     11.1336,      1.7497,     28.7125,     57.4251,      0.0192,      0.0052,      0.2005,      0.2016,   7724.0112,-447542.2812,   -925.8009,    547.5701,  25746.7012,
       1,     168,     165,      16,       1,       3,       1,     10.0000,      1.3976,     42.5594,    247.8397,     62.3717,      3.4953,      0.0408,      0.0080,     17.7947,      0.1739,      5.5668,     11.1336,      1.5364,     28.7125,     57.4251,      0.0192,      0.0061,      0.0357,      0.2016,   7724.0107,-527777.1250,   -941.4523,    542.0794,  25746.7051,
       1,     168,     165,      17,       1,       3,       1,     10.0000,      1.3976,     42.5594,    247.8397,     62.3717,      3.4953,      0.0129,     -0.0188,      5.8439,      0.1418,      5.5668,     11.1336,      1.2532,     28.7125,     57.4251,      0.0192,      0.0046,      0.0156,      0.2015,   7724.0117,-449841.9688,   -927.5784,    547.3878,  25746.7031,
       1,     168,     165,      18,       1,       3,       1,     10.0000,      1.3976,     42.5594,    247.8397,     62.3717,      3.4953,      0.0143,     -0.0173,      0.2179,      0.1411,      5.5668,     11.1336,      1.2469,     28.7125,     57.4251,      0.0192,      0.0049,      0.0006,      0.2016,   7724.0112,-428128.6875,   -923.8357,    548.8995,  25746.7051,
       1,     168,     165,      19,       1,       3,       1,     10.0000,      1.3976,     42.5594,    247.8397,     62.3717,      3.4953,      0.0173,     -0.0144,      1.6187,      0.1437,      5.5668,     11.1336,      1.2698,     28.7125,     57.4251,      0.0192,      0.0043,      0.0046,      0.2016,   7724.0117,-419144.6875,   -916.4789,    549.5179,  25746.7031,
       1,     168,     165,      20,       1,       3,       1,     10.0000,      1.3976,     42.5594,    247.8397,     62.3717,      3.4953,      0.0088,     -0.0229,      4.9871,      0.1449,      5.5668,     11.1336,      1.2800,     28.7125,     57.4251,      0.0192,      0.0039,      0.0156,      0.2016,   7724.0112,-420130.0312,   -914.7335,    549.4507,  25746.7031,
       1,     168,     165,      21,       1,       3,       1,     10.0000,      1.3976,     42.5594,    247.8397,     62.3717,      3.4953,      0.0000,     -0.0317,      3.2458,      0.1425,      5.5668,     11.1336,      1.2595,     28.7125,     57.4251,      0.0192,      0.0026,      0.0156,      0.2016,   7724.0112,-424454.6250,   -915.8843,    549.1536,  25746.7012,
       1,     168,     165,      22,       1,       3,       1,     10.0000,      1.3976,     42.5594,    247.8397,     62.3717,      3.4953,      0.0000,     -0.0316,      1.4378,      0.1400,      5.5668,     11.1336,      1.2368,     28.7125,     57.4251,      0.0192,      0.0011,      0.0156,      0.2016,   7724.0107,-422637.1562,   -915.8459,    549.2785,  25746.7031,
       1,     168,     165,      23,       1,       3,       1,     10.0000,      1.3976,     42.5594,    247.8397,     62.3717,      3.4953,      0.0000,     -0.0315,      1.0861,      0.1366,      5.5668,     11.1336,      1.2072,     28.7125,     57.4251,      0.0192,      0.0009,      0.0156,      0.2016,   7724.0112,-420203.8125,   -915.5137,    549.4456,  25746.7012,
       1,     168,     165,      24,       1,       3,       1,     10.0000,      1.3976,     42.5594,    247.8397,     62.3717,      3.4953,      0.0000,     -0.0315,      0.4805,      0.1374,      5.5668,     11.1336,      1.2145,     28.7125,     57.4251,      0.0192,      0.0004,      0.0156,      0.2016,   7724.0107,-419551.0000,   -915.4774,    549.4904,  25746.7031,
       1,     168,     166,       1,       1,       3,       1,     10.0000,      1.3976,     42.5598,    247.8456,     62.3733,      3.4953,      0.0000,     -0.0316,      0.3589,      0.1408,      5.5673,     11.1347,      1.2444,     28.7044,     57.4088,      0.0192,      0.0003,      0.0156,      0.2016,   7724.0112,-418888.5938,   -915.6382,    549.5490,  25747.8613,
       1,     168,     166,       2,       1,       3,       1,     10.0000,      1.3976,     42.5598,    247.8456,     62.3733,      3.4953,      0.0000,     -0.0316,      0.3803,      0.1394,      5.5673,     11.1347,      1.2319,     28.7044,     57.4088,      0.0192,      0.0003,      0.0156,      0.2016,   7724.3589,-418524.9062,   -915.3174,    549.5740,  25747.8633,
       1,     168,     166,       3,       1,       3,       1,     10.0000,      1.3976,     42.5598,    247.8456,     62.3733,      3.4953,      0.0000,     -0.0316,      0.3875,      0.1401,      5.5673,     11.1347,      1.2381,     28.7044,     57.4088,      0.0192,      0.0003,      0.0156,      0.2016,   7724.3594,-418520.1250,   -915.3209,    549.5743,  25747.8633,
       1,     168,     166,       4,       1,       3,       1,     10.0000,      1.3976,     42.5598,    247.8456,     62.3733,      3.4953,      0.0000,     -0.0315,      0.5112,      0.1383,      5.5673,     11.1347,      1.2219,     28.7044,     57.4088,      0.0192,      0.0004,      0.0156,      0.2016,   7724.3594,-418528.6562,   -915.3286,    549.5737,  25747.8613,
       1,     168,     166,       5,       1,       3,       1,     10.0000,      1.3976,     42.5598,    247.8456,     62.3733,      3.4953,      0.0000,     -0.0314,      0.6992,      0.1350,      5.5673,     11.1347,      1.1926,     28.7044,     57.4088,      0.0192,      0.0006,      0.0156,      0.2016,   7724.3589,-418685.5000,   -915.3752,    549.5629,  25747.8633,
       1,     168,     166,       6,       1,       3,       1,     10.0000,      1.3976,     42.5598,    247.8456,     62.3733,      3.4953,      0.0000,     -0.0312,      0.5465,      0.1296,      5.5673,     11.1347,      1.1451,     28.7044,     57.4088,      0.0192,      0.0004,      0.0156,      0.2016,   7724.3594,-418935.3750,   -915.4604,    549.5458,  25747.8633,
       1,     168,     166,       7,       1,       3,       1,     10.0000,      1.3976,     42.5598,    247.8456,     62.3733,      3.4953,      0.0000,     -0.0313,      0.4073,      0.1318,      5.5673,     11.1347,      1.1651,     28.7044,     57.4088,      0.0192,      0.0003,      0.0156,      0.2016,   7724.3594,-418764.7500,   -915.4506,    549.5575,  25747.8633,
       1,     168,     166,       8,       1,       3,       1,     10.0000,      1.3976,     42.5598,    247.8456,     62.3733,      3.4953,      0.0091,     -0.0224,      0.3433,      0.1380,      5.5673,     11.1347,      1.2195,     28.7044,     57.4088,      0.0192,      0.0003,      0.0156,      0.2016,   7724.3594,-418574.8438,   -915.4253,    549.5706,  25747.8633,
       1,     168,     166,       9,       1,       3,       1,     10.0000,      1.3976,     42.5598,    247.8456,     62.3733,      3.4953,      0.0856,      0.0537,      2.6195,      0.1490,      5.5673,     11.1347,      1.3167,     28.7044,     57.4088,      0.0192,      0.0003,      0.1033,      0.2016,   7724.3594,-418477.8750,   -912.7403,    549.5773,  25747.8633,
       1,     168,     166,      10,       1,       3,       1,     10.0000,      1.3976,     42.5598,    247.8456,     62.3733,      3.4953,      0.1006,      0.0682,      3.4072,      0.1651,      5.5673,     11.1347,      1.4587,     28.7044,     57.4088,      0.0192,      0.0003,      0.1248,      0.2016,   7724.3594,-421334.0938,   -913.6820,    549.3810,  25747.8633,
       1,     168,     166,      11,       1,       3,       1,     10.0000,      1.3976,     42.5598,    247.8456,     62.3733,      3.4953,      0.1707,      0.1381,      8.3489,      0.1694,      5.5673,     11.1347,      1.4971,     28.7044,     57.4088,      0.0192,      0.0005,      0.2263,      0.2016,   7724.3594,-422572.6562,   -914.2892,    549.2960,  25747.8633,
       1,     168,     166,      12,       1,       3,       1,     10.0000,      1.3976,     42.5598,    247.8456,     62.3733,      3.4953,      0.1754,      0.1423,     17.5006,      0.1851,      5.5673,     11.1347,      1.6358,     28.7044,     57.4088,      0.0192,      0.0009,      0.2322,      0.2016,   7724.3594,-428899.2188,   -916.4153,    548.8615,  25747.8633,
       1,     168,     166,      13,       1,       3,       1,     10.0000,      1.3976,     42.5598,    247.8456,     62.3733,      3.4953,      0.0360,      0.0023,      2.2181,      0.2022,      5.5673,     11.1347,      1.7864,     28.7044,     57.4088,      0.0192,      0.0009,      0.0295,      0.2016,   7724.3594,-440966.3125,   -919.6103,    548.0338,  25747.8633,
       1,     168,     166,      14,       1,       3,       1,     10.0000,      1.3976,     42.5598,    247.8456,     62.3733,      3.4953,      0.0030,     -0.0305,      1.4040,      0.2002,      5.5673,     11.1347,      1.7688,     28.7044,     57.4088,      0.0192,      0.0011,      0.0156,      0.2016,   7724.3594,-422770.2188,   -916.5166,    549.2810,  25747.8633,
       1,     168,     166,      15,       1,       3,       1,     10.0000,      1.3976,     42.5598,    247.8456,     62.3733,      3.4953,      0.1489,      0.1149,     33.7061,      0.2138,      5.5673,     11.1347,      1.8896,     28.7044,     57.4088,      0.0192,      0.0022,      0.1915,      0.2016,   7724.3594,-420177.2812,   -916.1547,    549.4604,  25747.8633,
       1,     168,     166,      16,       1,       3,       1,     10.0000,      1.3976,     42.5598,    247.8456,     62.3733,      3.4953,      0.1214,      0.0899,     29.3291,      0.1387,      5.5673,     11.1347,      1.2257,     28.7044,     57.4088,      0.0192,      0.0024,      0.1523,      0.2016,   7724.3594,-460606.1875,   -924.2719,    546.6838,  25747.8613,
       1,     168,     166,      17,       1,       3,       1,     10.0000,      1.3976,     42.5598,    247.8456,     62.3733,      3.4953,      0.0097,     -0.0207,      3.5154,      0.1098,      5.5673,     11.1347,      0.9704,     28.7044,     57.4088,      0.0192,      0.0028,      0.0156,      0.2016,   7724.3589,-458606.7188,   -917.9888,    546.8274,  25747.8613,
       1,     168,     166,      18,       1,       3,       1,     10.0000,      1.3976,     42.5598,    247.8456,     62.3733,      3.4953,      0.0045,     -0.0256,      3.8370,      0.1044,      5.5673,     11.1347,      0.9227,     28.7044,     57.4088,      0.0192,      0.0030,      0.0156,      0.2016,   7724.3589,-425918.7188,   -911.9377,    549.0617,  25747.8613,
       1,     168,     166,      19,       1,       3,       1,     10.0000,      1.3976,     42.5598,    247.8456,     62.3733,      3.4953,      0.0066,     -0.0233,      3.6632,      0.0992,      5.5673,     11.1347,      0.8762,     28.7044,     57.4088,      0.0192,      0.0029,      0.0156,      0.2016,   7724.3589,-423515.8438,   -911.5970,    549.2312,  25747.8633,
       1,     168,     166,      20,       1,       3,       1,     10.0000,      1.3976,     42.5598,    247.8456,     62.3733,      3.4953,      0.0034,     -0.0265,      3.9900,      0.0992,      5.5673,     11.1347,      0.8762,     28.7044,     57.4088,      0.0192,      0.0031,      0.0156,      0.2016,   7724.3594,-423083.4375,   -911.5019,    549.2609,  25747.8633,
       1,     168,     166,      21,       1,       3,       1,     10.0000,      1.3976,     42.5598,    247.8456,     62.3733,      3.4953,      0.0000,     -0.0300,      1.1875,      0.1006,      5.5673,     11.1347,      0.8890,     28.7044,     57.4088,      0.0192,      0.0009,      0.0156,      0.2016,   7724.3594,-423457.3750,   -911.5499,    549.2352,  25747.8633,
       1,     168,     166,      22,       1,       3,       1,     10.0000,      1.3976,     42.5598,    247.8456,     62.3733,      3.4953,      0.0000,     -0.0300,      0.2358,      0.1020,      5.5673,     11.1347,      0.9010,     28.7044,     57.4088,      0.0192,      0.0002,      0.0156,      0.2016,   7724.3594,-419962.3750,   -910.4640,    549.4752,  25747.8633,
       1,     168,     166,      23,       1,       3,       1,     10.0000,      1.3976,     42.5598,    247.8456,     62.3733,      3.4953,      0.0000,     -0.0302,      0.2443,      0.1052,      5.5673,     11.1347,      0.9294,     28.7044,     57.4088,      0.0192,      0.0002,      0.0156,      0.2016,   7724.3594,-418462.7188,   -910.2017,    549.5783,  25747.8633,
       1,     168,     166,      24,       1,       3,       1,     10.0000,      1.3976,     42.5598,    247.8456,     62.3733,      3.4953,      0.0000,     -0.0302,      0.2434,      0.1048,      5.5673,     11.1347,      0.9265,     28.7044,     57.4088,      0.0192,      0.0002,      0.0156,      0.2016,   7724.3594,-418343.5000,   -910.1819,    549.5865,  25747.8613,
       1,     168,     167,       1,       1,       3,       1,     10.0000,      1.3977,     42.5601,    247.8515,     62.3747,      3.4953,      0.0000,     -0.0302,      0.2449,      0.1054,      5.5683,     11.1365,      0.9313,     28.6869,     57.3737,      0.0192,      0.0002,      0.0156,      0.2017,   7724.3589,-418489.1250,   -910.4690,    549.5898,  25749.0234,
       1,     168,     167,       2,       1,       3,       1,     10.0000,      1.3977,     42.5601,    247.8515,     62.3747,      3.4953,      0.0000,     -0.0302,      0.2446,      0.1053,      5.5683,     11.1365,      0.9303,     28.6869,     57.3737,      0.0192,      0.0002,      0.0156,      0.2017,   7724.7075,-418349.3125,   -910.1903,    549.5994,  25749.0234,
       1,     168,     167,       3,       1,       3,       1,     10.0000,      1.3977,     42.5601,    247.8515,     62.3747,      3.4953,      0.0000,     -0.0304,      0.2566,      0.1098,      5.5683,     11.1365,      0.9704,     28.6869,     57.3737,      0.0192,      0.0002,      0.0156,      0.2017,   7724.7075,-418336.8750,   -910.1891,    549.6002,  25749.0215,
       1,     168,     167,       4,       1,       3,       1,     10.0000,      1.3977,     42.5601,    247.8515,     62.3747,      3.4953,      0.0000,     -0.0303,      0.2519,      0.1080,      5.5683,     11.1365,      0.9546,     28.6869,     57.3737,      0.0192,      0.0002,      0.0156,      0.2017,   7724.7065,-418351.1875,   -910.1932,    549.5992,  25749.0195,
       1,     168,     167,       5,       1,       3,       1,     10.0000,      1.3977,     42.5601,    247.8515,     62.3747,      3.4953,      0.0000,     -0.0303,      0.2507,      0.1076,      5.5683,     11.1365,      0.9507,     28.6869,     57.3737,      0.0192,      0.0002,      0.0156,      0.2017,   7724.7061,-418346.6250,   -910.1938,    549.5995,  25749.0195,
       1,     168,     167,       6,       1,       3,       1,     10.0000,      1.3977,     42.5601,    247.8515,     62.3747,      3.4953,      0.0000,     -0.0302,      0.2478,      0.1065,      5.5683,     11.1365,      0.9409,     28.6869,     57.3737,      0.0192,      0.0002,      0.0156,      0.2017,   7724.7061,-418344.6875,   -910.1948,    549.5997,  25749.0215,
       1,     168,     167,       7,       1,       3,       1,     10.0000,      1.3977,     42.5601,    247.8515,     62.3747,      3.4953,      0.0000,     -0.0302,      0.3295,      0.1069,      5.5683,     11.1365,      0.9448,     28.6869,     57.3737,      0.0192,      0.0003,      0.0156,      0.2017,   7724.7065,-418340.7188,   -910.1948,    549.6000,  25749.0215,
       1,     168,     167,       8,       1,       3,       1,     10.0000,      1.3977,     42.5601,    247.8515,     62.3747,      3.4953,      0.0160,     -0.0142,      0.1953,      0.1058,      5.5683,     11.1365,      0.9351,     28.6869,     57.3737,      0.0192,      0.0005,      0.0048,      0.2017,   7724.7065,-418443.0625,   -910.2255,    549.5928,  25749.0195,
       1,     168,     167,       9,       1,       3,       1,     10.0000,      1.3977,     42.5601,    247.8515,     62.3747,      3.4953,      0.0819,      0.0514,      2.6735,      0.1121,      5.5683,     11.1365,      0.9906,     28.6869,     57.3737,      0.0192,      0.0003,      0.0989,      0.2017,   7724.7061,-418283.5000,   -910.2972,    549.6039,  25749.0215,
       1,     168,     167,      10,       1,       3,       1,     10.0000,      1.3977,     42.5601,    247.8515,     62.3747,      3.4953,      0.1732,      0.1418,      4.9316,      0.1366,      5.5683,     11.1365,      1.2072,     28.6869,     57.3737,      0.0192,      0.0003,      0.2301,      0.2017,   7724.7065,-421387.8750,   -911.1113,    549.3906,  25749.0195,
       1,     168,     167,      11,       1,       3,       1,     10.0000,      1.3977,     42.5601,    247.8515,     62.3747,      3.4953,      0.1868,      0.1541,      6.9411,      0.1735,      5.5683,     11.1365,      1.5334,     28.6869,     57.3737,      0.0192,      0.0003,      0.2500,      0.2017,   7724.7061,-424498.2812,   -912.6131,    549.1770,  25749.0215,
       1,     168,     167,      12,       1,       3,       1,     10.0000,      1.3977,     42.5601,    247.8515,     62.3747,      3.4953,      0.1868,      0.1535,      8.3726,      0.1938,      5.5683,     11.1365,      1.7121,     28.6869,     57.3737,      0.0192,      0.0004,      0.2500,      0.2017,   7724.7065,-427296.0312,   -914.6900,    548.9850,  25749.0215,
       1,     168,     167,      13,       1,       3,       1,     10.0000,      1.3977,     42.5601,    247.8515,     62.3747,      3.4953,      0.1867,      0.1527,      8.9646,      0.2168,      5.5683,     11.1365,      1.9158,     28.6869,     57.3737,      0.0192,      0.0004,      0.2500,      0.2016,   7724.7065,-429339.4375,   -917.0886,    548.8448,  25749.0215,
       1,     168,     167,      14,       1,       3,       1,     10.0000,      1.3977,     42.5601,    247.8515,     62.3747,      3.4953,      0.1867,      0.1521,     10.0329,      0.2368,      5.5683,     11.1365,      2.0923,     28.6869,     57.3737,      0.0192,      0.0005,      0.2500,      0.2016,   7724.7065,-430261.0312,   -918.9586,    548.7816,  25749.0195,
       1,     168,     167,      15,       1,       3,       1,     10.0000,      1.3977,     42.5601,    247.8515,     62.3747,      3.4953,      0.1890,      0.1545,     39.4101,      0.2340,      5.5683,     11.1365,      2.0679,     28.6869,     57.3737,      0.0192,      0.0019,      0.2500,      0.2016,   7724.7061,-431685.4062,   -921.2256,    548.6840,  25749.0195,
       1,     168,     167,      16,       1,       3,       1,     10.0000,      1.3977,     42.5601,    247.8515,     62.3747,      3.4953,      0.1875,      0.1530,     91.9953,      0.2340,      5.5683,     11.1365,      2.0679,     28.6869,     57.3737,      0.0192,      0.0047,      0.2418,      0.2016,   7724.7061,-468783.5938,   -929.2767,    546.1395,  25749.0215,
       1,     168,     167,      17,       1,       3,       1,     10.0000,      1.3977,     42.5601,    247.8515,     62.3747,      3.4953,      0.1417,      0.1080,     85.6371,      0.2050,      5.5683,     11.1365,      1.8113,     28.6869,     57.3737,      0.0192,      0.0060,      0.1750,      0.2016,   7724.7065,-538225.3125,   -943.1772,    541.4048,  25749.0215,
       1,     168,     167,      18,       1,       3,       1,     10.0000,      1.3977,     42.5601,    247.8515,     62.3747,      3.4953,      0.1392,      0.1056,     87.9675,      0.2030,      5.5683,     11.1365,      1.7935,     28.6869,     57.3737,      0.0192,      0.0063,      0.1711,      0.2015,   7724.7065,-536247.6875,   -943.7157,    541.5591,  25749.0215,
       1,     168,     167,      19,       1,       3,       1,     10.0000,      1.3977,     42.5601,    247.8515,     62.3747,      3.4953,      0.1302,      0.0967,     86.8251,      0.1996,      5.5683,     11.1365,      1.7637,     28.6869,     57.3737,      0.0192,      0.0068,      0.1581,      0.2015,   7724.7065,-538989.4375,   -945.0910,    541.3735,  25749.0234,
       1,     168,     167,      20,       1,       3,       1,     10.0000,      1.3977,     42.5601,    247.8515,     62.3747,      3.4953,      0.0399,      0.0067,     18.4834,      0.1883,      5.5683,     11.1365,      1.6636,     28.6869,     57.3737,      0.0192,      0.0067,      0.0338,      0.2015,   7724.7075,-537785.0000,   -945.6813,    541.4551,  25749.0215,
       1,     168,     167,      21,       1,       3,       1,     10.0000,      1.3977,     42.5601,    247.8515,     62.3747,      3.4953,      0.0001,     -0.0329,      8.4071,      0.1806,      5.5683,     11.1365,      1.5957,     28.6869,     57.3737,      0.0192,      0.0066,      0.0156,      0.2015,   7724.7065,-451522.2812,   -930.0162,    547.2936,  25749.0195,
       1,     168,     167,      22,       1,       3,       1,     10.0000,      1.3977,     42.5601,    247.8515,     62.3747,      3.4953,      0.0000,     -0.0327,      6.0582,      0.1723,      5.5683,     11.1365,      1.5227,     28.6869,     57.3737,      0.0192,      0.0048,      0.0156,      0.2016,   7724.7061,-431510.9688,   -926.4877,    548.6942,  25749.0195,
       1,     168,     167,      23,       1,       3,       1,     10.0000,      1.3977,     42.5601,    247.8515,     62.3747,      3.4953,      0.0000,     -0.0326,      5.3329,      0.1687,      5.5683,     11.1365,      1.4911,     28.6869,     57.3737,      0.0192,      0.0042,      0.0156,      0.2016,   7724.7061,-426792.8750,   -925.7236,    549.0195,  25749.0215,
       1,     168,     167,      24,       1,       3,       1,     10.0000,      1.3977,     42.5601,    247.8515,     62.3747,      3.4953,      0.0000,     -0.0323,      4.9356,      0.1596,      5.5683,     11.1365,      1.4099,     28.6869,     57.3737,      0.0192,      0.0039,      0.0156,      0.2016,   7724.7065,-425470.4375,   -925.5660,    549.1103,  25749.0195,
       1,     168,     168,       1,       1,       3,       1,     10.0000,      1.3977,     42.5604,    247.8573,     62.3762,      3.4953,      0.0000,     -0.0321,      4.3770,      0.1544,      5.5668,     11.1336,      1.3640,     28.6929,     57.3858,      0.0192,      0.0035,      0.0156,      0.2017,   7724.7061,-425011.3125,   -925.8216,    549.1547,  25750.1777,
       1,     168,     168,       2,       1,       3,       1,     10.0000,      1.3977,     42.5604,    247.8573,     62.3762,      3.4953,      0.0000,     -0.0320,      3.7507,      0.1525,      5.5668,     11.1336,      1.3476,     28.6929,     57.3858,      0.0192,      0.0030,      0.0156,      0.2017,   7725.0537,-424115.5000,   -925.4221,    549.2162,  25750.1758,
       1,     168,     168,       3,       1,       3,       1,     10.0000,      1.3977,     42.5604,    247.8573,     62.3762,      3.4953,      0.0000,     -0.0320,      3.3140,      0.1524,      5.5668,     11.1336,      1.3463,     28.6929,     57.3858,      0.0192,      0.0026,      0.0156,      0.2017,   7725.0532,-423250.2188,   -925.2964,    549.2756,  25750.1797,
       1,     168,     168,       4,       1,       3,       1,     10.0000,      1.3977,     42.5604,    247.8573,     62.3762,      3.4953,      0.0000,     -0.0319,      3.0736,      0.1496,      5.5668,     11.1336,      1.3221,     28.6929,     57.3858,      0.0192,      0.0024,      0.0156,      0.2017,   7725.0542,-422625.6250,   -925.2108,    549.3185,  25750.1777,
       1,     168,     168,       5,       1,       3,       1,     10.0000,      1.3977,     42.5604,    247.8573,     62.3762,      3.4953,      0.0000,     -0.0319,      2.4130,      0.1477,      5.5668,     11.1336,      1.3049,     28.6929,     57.3858,      0.0192,      0.0019,      0.0156,      0.2017,   7725.0537,-422269.2188,   -925.1729,    549.3430,  25750.1777,
       1,     168,     168,       6,       1,       3,       1,     10.0000,      1.3977,     42.5604,    247.8573,     62.3762,      3.4953,      0.0000,     -0.0318,      1.3404,      0.1471,      5.5668,     11.1336,      1.2997,     28.6929,     57.3858,      0.0192,      0.0011,      0.0156,      0.2017,   7725.0537,-421407.3750,   -925.0388,    549.4022,  25750.1758,
       1,     168,     168,       7,       1,       3,       1,     10.0000,      1.3977,     42.5604,    247.8573,     62.3762,      3.4953,      0.0000,     -0.0317,      0.6523,      0.1444,      5.5668,     11.1336,      1.2763,     28.6929,     57.3858,      0.0192,      0.0005,      0.0156,      0.2017,   7725.0532,-419983.3125,   -924.7876,    549.4999,  25750.1777,
       1,     168,     168,       8,       1,       3,       1,     10.0000,      1.3977,     42.5604,    247.8573,     62.3762,      3.4953,      0.0375,      0.0058,      1.3211,      0.1427,      5.5668,     11.1336,      1.2609,     28.6929,     57.3858,      0.0192,      0.0005,      0.0340,      0.2017,   7725.0537,-418994.3125,   -924.6077,    549.5679,  25750.1797,
       1,     168,     168,       9,       1,       3,       1,     10.0000,      1.3977,     42.5604,    247.8573,     62.3762,      3.4953,      0.1389,      0.1060,      5.2922,      0.1811,      5.5668,     11.1336,      1.6005,     28.6929,     57.3858,      0.0192,      0.0004,      0.1803,      0.2017,   7725.0542,-419750.1250,   -924.7696,    549.5159,  25750.1777,
       1,     168,     168,      10,       1,       3,       1,     10.0000,      1.3977,     42.5604,    247.8573,     62.3762,      3.4953,      0.1476,      0.1144,      7.1972,      0.1875,      5.5668,     11.1336,      1.6571,     28.6929,     57.3858,      0.0192,      0.0005,      0.1927,      0.2017,   7725.0537,-424812.4062,   -925.7914,    549.1682,  25750.1758,
       1,     168,     168,      11,       1,       3,       1,     10.0000,      1.3977,     42.5604,    247.8573,     62.3762,      3.4953,      0.1841,      0.1506,      8.1494,      0.1970,      5.5668,     11.1336,      1.7412,     28.6929,     57.3858,      0.0192,      0.0004,      0.2460,      0.2017,   7725.0532,-427647.5312,   -926.3912,    548.9738,  25750.1777,
       1,     168,     168,      12,       1,       3,       1,     10.0000,      1.3977,     42.5604,    247.8573,     62.3762,      3.4953,      0.1867,      0.1526,      9.0462,      0.2185,      5.5668,     11.1336,      1.9309,     28.6929,     57.3858,      0.0192,      0.0004,      0.2500,      0.2017,   7725.0537,-429090.5000,   -926.7435,    548.8748,  25750.1777,
       1,     168,     168,      13,       1,       3,       1,     10.0000,      1.3977,     42.5604,    247.8573,     62.3762,      3.4953,      0.1867,      0.1521,     10.2104,      0.2359,      5.5668,     11.1336,      2.0842,     28.6929,     57.3858,      0.0192,      0.0005,      0.2500,      0.2017,   7725.0537,-430343.5625,   -927.0485,    548.7888,  25750.1777,
       1,     168,     168,      14,       1,       3,       1,     10.0000,      1.3977,     42.5604,    247.8573,     62.3762,      3.4953,      0.1680,      0.1340,     49.7306,      0.2170,      5.5668,     11.1336,      1.9177,     28.6929,     57.3858,      0.0192,      0.0028,      0.2178,      0.2017,   7725.0537,-431917.0625,   -927.3697,    548.6808,  25750.1797,
       1,     168,     168,      15,       1,       3,       1,     10.0000,      1.3977,     42.5604,    247.8573,     62.3762,      3.4953,      0.0835,      0.0509,     20.7304,      0.1694,      5.5668,     11.1336,      1.4971,     28.6929,     57.3858,      0.0192,      0.0026,      0.0978,      0.2017,   7725.0542,-481788.5312,   -932.7205,    545.2604,  25750.1777,
       1,     168,     168,      16,       1,       3,       1,     10.0000,      1.3977,     42.5604,    247.8573,     62.3762,      3.4953,      0.1179,      0.0855,     35.4248,      0.1646,      5.5668,     11.1336,      1.4544,     28.6929,     57.3858,      0.0192,      0.0030,      0.1463,      0.2016,   7725.0537,-449599.7812,   -916.2578,    547.4650,  25750.1777,
       1,     168,     168,      17,       1,       3,       1,     10.0000,      1.3977,     42.5604,    247.8573,     62.3762,      3.4953,      0.1426,      0.1097,     62.5912,      0.1784,      5.5668,     11.1336,      1.5768,     28.6929,     57.3858,      0.0192,      0.0043,      0.1790,      0.2017,   7725.0537,-465323.3125,   -920.0361,    546.3934,  25750.1777,
       1,     168,     168,      18,       1,       3,       1,     10.0000,      1.3977,     42.5604,    247.8573,     62.3762,      3.4953,      0.0804,      0.0476,     38.1603,      0.1747,      5.5668,     11.1336,      1.5442,     28.6929,     57.3858,      0.0192,      0.0051,      0.0912,      0.2016,   7725.0537,-500882.5000,   -927.8056,    543.9658,  25750.1797,
       1,     168,     168,      19,       1,       3,       1,     10.0000,      1.3977,     42.5604,    247.8573,     62.3762,      3.4953,      0.0650,      0.0322,     23.3794,      0.1774,      5.5668,     11.1336,      1.5674,     28.6929,     57.3858,      0.0192,      0.0041,      0.0704,      0.2016,   7725.0542,-473183.2188,   -923.9869,    545.8546,  25750.1758,
       1,     168,     168,      20,       1,       3,       1,     10.0000,      1.3977,     42.5604,    247.8573,     62.3762,      3.4953,      0.0135,     -0.0191,      1.5618,      0.1718,      5.5668,     11.1336,      1.5182,     28.6929,     57.3858,      0.0192,      0.0012,      0.0156,      0.2016,   7725.0532,-452188.6875,   -921.0166,    547.2905,  25750.1777,
       1,     168,     168,      21,       1,       3,       1,     10.0000,      1.3977,     42.5604,    247.8573,     62.3762,      3.4953,      0.0000,     -0.0322,      1.0449,      0.1567,      5.5668,     11.1336,      1.3847,     28.6929,     57.3858,      0.0192,      0.0008,      0.0156,      0.2017,   7725.0537,-422914.8125,   -911.0536,    549.2950,  25750.1777,
       1,     168,     168,      22,       1,       3,       1,     10.0000,      1.3977,     42.5604,    247.8573,     62.3762,      3.4953,      0.0000,     -0.0320,      2.0181,      0.1531,      5.5668,     11.1336,      1.3530,     28.6929,     57.3858,      0.0192,      0.0016,      0.0156,      0.2017,   7725.0537,-419746.1562,   -910.3954,    549.5162,  25750.1758,
       1,     168,     168,      23,       1,       3,       1,     10.0000,      1.3977,     42.5604,    247.8573,     62.3762,      3.4953,      0.0000,     -0.0316,      1.9898,      0.1396,      5.5668,     11.1336,      1.2332,     28.6929,     57.3858,      0.0192,      0.0016,      0.0156,      0.2017,   7725.0532,-420692.5312,   -910.6842,    549.4513,  25750.1777,
       1,     168,     168,      24,       1,       3,       1,     10.0000,      1.3977,     42.5604,    247.8573,     62.3762,      3.4953,      0.0000,     -0.0315,      2.0951,      0.1372,      5.5668,     11.1336,      1.2121,     28.6929,     57.3858,      0.0192,      0.0017,      0.0156,      0.2017,   7725.0537,-420738.4688,   -910.9465,    549.4481,  25750.1777,
       1,     168,     169,       1,       1,       3,       1,     10.0000,      1.3977,     42.5608,    247.8632,     62.3777,      3.4953,      0.0000,     -0.0313,      1.7962,      0.1321,      5.5671,     11.1343,      1.1675,     28.6915,     57.3831,      0.0192,      0.0014,      0.0156,      0.2017,   7725.0537,-421031.0312,   -911.5078,    549.4411,  25751.3359,
       1,     168,     169,       2,       1,       3,       1,     10.0000,      1.3977,     42.5608,    247.8632,     62.3777,      3.4953,      0.0000,     -0.0312,      0.5143,      0.1295,      5.5671,     11.1343,      1.1441,     28.6915,     57.3831,      0.0192,      0.0004,      0.0156,      0.2017,   7725.4009,-420526.8438,   -911.3481,    549.4756,  25751.3359,
       1,     168,     169,       3,       1,       3,       1,     10.0000,      1.3977,     42.5608,    247.8632,     62.3777,      3.4953,      0.0000,     -0.0313,      0.5542,      0.1329,      5.5671,     11.1343,      1.1747,     28.6915,     57.3831,      0.0192,      0.0004,      0.0156,      0.2017,   7725.4009,-418870.5625,   -911.0724,    549.5894,  25751.3359,
       1,     168,     169,       4,       1,       3,       1,     10.0000,      1.3977,     42.5608,    247.8632,     62.3777,      3.4953,      0.0000,     -0.0314,      1.0355,      0.1348,      5.5671,     11.1343,      1.1915,     28.6915,     57.3831,      0.0192,      0.0008,      0.0156,      0.2017,   7725.4009,-418777.6875,   -911.0817,    549.5958,  25751.3379,
       1,     168,     169,       5,       1,       3,       1,     10.0000,      1.3977,     42.5608,    247.8632,     62.3777,      3.4953,      0.0000,     -0.0314,      0.5245,      0.1357,      5.5671,     11.1343,      1.1987,     28.6915,     57.3831,      0.0192,      0.0004,      0.0156,      0.2017,   7725.4019,-419374.7188,   -911.2343,    549.5549,  25751.3359,
       1,     168,     169,       6,       1,       3,       1,     10.0000,      1.3977,     42.5608,    247.8632,     62.3777,      3.4953,      0.0000,     -0.0315,      0.6758,      0.1383,      5.5671,     11.1343,      1.2220,     28.6915,     57.3831,      0.0192,      0.0005,      0.0156,      0.2017,   7725.4009,-418783.7188,   -911.1575,    549.5954,  25751.3359,
       1,     168,     169,       7,       1,       3,       1,     10.0000,      1.3977,     42.5608,    247.8632,     62.3777,      3.4953,      0.0000,     -0.0316,      0.3969,      0.1415,      5.5671,     11.1343,      1.2508,     28.6915,     57.3831,      0.0192,      0.0003,      0.0156,      0.2017,   7725.4009,-418923.1250,   -911.2249,    549.5858,  25751.3359,
       1,     168,     169,       8,       1,       3,       1,     10.0000,      1.3977,     42.5608,    247.8632,     62.3777,      3.4953,      0.0025,     -0.0292,      0.3477,      0.1433,      5.5671,     11.1343,      1.2660,     28.6915,     57.3831,      0.0192,      0.0003,      0.0156,      0.2017,   7725.4009,-418584.2188,   -911.1739,    549.6091,  25751.3359,
       1,     168,     169,       9,       1,       3,       1,     10.0000,      1.3977,     42.5608,    247.8632,     62.3777,      3.4953,      0.0545,      0.0232,      1.2283,      0.1351,      5.5671,     11.1343,      1.1939,     28.6915,     57.3831,      0.0192,      0.0003,      0.0589,      0.2017,   7725.4009,-418493.1250,   -910.0945,    549.6154,  25751.3340,
       1,     168,     169,      10,       1,       3,       1,     10.0000,      1.3977,     42.5608,    247.8632,     62.3777,      3.4953,      0.1143,      0.0825,      3.2761,      0.1450,      5.5671,     11.1343,      1.2815,     28.6915,     57.3831,      0.0192,      0.0003,      0.1449,      0.2017,   7725.4004,-419593.1875,   -910.4362,    549.5399,  25751.3359,
       1,     168,     169,      11,       1,       3,       1,     10.0000,      1.3977,     42.5608,    247.8632,     62.3777,      3.4953,      0.1402,      0.1080,      4.4963,      0.1565,      5.5671,     11.1343,      1.3833,     28.6915,     57.3831,      0.0192,      0.0003,      0.1822,      0.2017,   7725.4009,-422264.4062,   -911.2550,    549.3563,  25751.3359,
       1,     168,     169,      12,       1,       3,       1,     10.0000,      1.3977,     42.5608,    247.8632,     62.3777,      3.4953,      0.1713,      0.1386,      6.2858,      0.1728,      5.5671,     11.1343,      1.5274,     28.6915,     57.3831,      0.0192,      0.0003,      0.2274,      0.2017,   7725.4009,-424030.7188,   -912.2903,    549.2350,  25751.3340,
       1,     168,     169,      13,       1,       3,       1,     10.0000,      1.3977,     42.5608,    247.8632,     62.3777,      3.4953,      0.1867,      0.1529,      8.6955,      0.2111,      5.5671,     11.1343,      1.8657,     28.6915,     57.3831,      0.0192,      0.0004,      0.2500,      0.2017,   7725.4004,-426434.9688,   -913.7620,    549.0700,  25751.3359,
       1,     168,     169,      14,       1,       3,       1,     10.0000,      1.3977,     42.5608,    247.8632,     62.3777,      3.4953,      0.1867,      0.1526,      9.0976,      0.2196,      5.5671,     11.1343,      1.9405,     28.6915,     57.3831,      0.0192,      0.0004,      0.2500,      0.2017,   7725.4009,-429674.5000,   -916.9648,    548.8477,  25751.3359,
       1,     168,     169,      15,       1,       3,       1,     10.0000,      1.3977,     42.5608,    247.8632,     62.3777,      3.4953,      0.1868,      0.1521,     11.3654,      0.2389,      5.5671,     11.1343,      2.1108,     28.6915,     57.3831,      0.0192,      0.0006,      0.2500,      0.2017,   7725.4009,-430460.4375,   -918.7598,    548.7938,  25751.3340,
       1,     168,     169,      16,       1,       3,       1,     10.0000,      1.3977,     42.5608,    247.8632,     62.3777,      3.4953,      0.1577,      0.1235,     15.5521,      0.2237,      5.5671,     11.1343,      1.9770,     28.6915,     57.3831,      0.0192,      0.0009,      0.2066,      0.2017,   7725.4004,-433382.0312,   -920.9035,    548.5934,  25751.3359,
       1,     168,     169,      17,       1,       3,       1,     10.0000,      1.3977,     42.5608,    247.8632,     62.3777,      3.4953,      0.0335,      0.0008,      3.4050,      0.1718,      5.5671,     11.1343,      1.5182,     28.6915,     57.3831,      0.0192,      0.0016,      0.0268,      0.2017,   7725.4009,-438902.7812,   -922.4140,    548.2149,  25751.3359,
       1,     168,     169,      18,       1,       3,       1,     10.0000,      1.3977,     42.5608,    247.8632,     62.3777,      3.4953,      0.0209,     -0.0115,      2.4593,      0.1638,      5.5671,     11.1343,      1.4471,     28.6915,     57.3831,      0.0192,      0.0034,      0.0089,      0.2017,   7725.4009,-424092.9688,   -911.3780,    549.2299,  25751.3359,
       1,     168,     169,      19,       1,       3,       1,     10.0000,      1.3977,     42.5608,    247.8632,     62.3777,      3.4953,      0.0321,     -0.0001,      8.0636,      0.1580,      5.5671,     11.1343,      1.3959,     28.6915,     57.3831,      0.0192,      0.0040,      0.0248,      0.2017,   7725.4009,-421627.0000,   -911.5412,    549.4001,  25751.3359,
       1,     168,     169,      20,       1,       3,       1,     10.0000,      1.3977,     42.5608,    247.8632,     62.3777,      3.4953,      0.0194,     -0.0127,      3.1101,      0.1539,      5.5671,     11.1343,      1.3599,     28.6915,     57.3831,      0.0192,      0.0054,      0.0070,      0.2017,   7725.4009,-428463.7812,   -912.6026,    548.9306,  25751.3340,
       1,     168,     169,      21,       1,       3,       1,     10.0000,      1.3977,     42.5608,    247.8632,     62.3777,      3.4953,      0.0001,     -0.0322,      5.1862,      0.1578,      5.5671,     11.1343,      1.3945,     28.6915,     57.3831,      0.0192,      0.0041,      0.0156,      0.2017,   7725.4004,-422822.2812,   -912.4880,    549.3179,  25751.3379,
       1,     168,     169,      22,       1,       3,       1,     10.0000,      1.3977,     42.5608,    247.8632,     62.3777,      3.4953,      0.0000,     -0.0323,      1.6593,      0.1594,      5.5671,     11.1343,      1.4085,     28.6915,     57.3831,      0.0192,      0.0013,      0.0156,      0.2017,   7725.4019,-424946.5938,   -913.4445,    549.1721,  25751.3359,
       1,     168,     169,      23,       1,       3,       1,     10.0000,      1.3977,     42.5608,    247.8632,     62.3777,      3.4953,      0.0000,     -0.0321,      0.6263,      0.1548,      5.5671,     11.1343,      1.3681,     28.6915,     57.3831,      0.0192,      0.0005,      0.0156,      0.2017,   7725.4009,-420693.0312,   -912.8301,    549.4642,  25751.3359,
       1,     168,     169,      24,       1,       3,       1,     10.0000,      1.3977,     42.5608,    247.8632,     62.3777,      3.4953,      0.0000,     -0.0320,      0.7283,      0.1527,      5.5671,     11.1343,      1.3490,     28.6915,     57.3831,      0.0192,      0.0006,      0.0156,      0.2017,   7725.4009,-419025.8438,   -912.5609,    549.5787,  25751.3379,
       1,     168,     170,       1,       1,       3,       1,     10.0000,      1.3977,     42.5611,    247.8690,     62.3792,      3.4953,      0.0000,     -0.0318,      1.2958,      0.1471,      5.5681,     11.1361,      1.2997,     28.6842,     57.3685,      0.0192,      0.0010,      0.0156,      0.2017,   7725.4019,-419166.2812,   -912.8796,    549.5822,  25752.4961,
       1,     168,     170,       2,       1,       3,       1,     10.0000,      1.3977,     42.5611,    247.8690,     62.3792,      3.4953,      0.0000,     -0.0319,      0.8952,      0.1495,      5.5681,     11.1361,      1.3208,     28.6842,     57.3685,      0.0192,      0.0007,      0.0156,      0.2017,   7725.7490,-419738.8438,   -912.8162,    549.5429,  25752.4941,
       1,     168,     170,       3,       1,       3,       1,     10.0000,      1.3977,     42.5611,    247.8690,     62.3792,      3.4953,      0.0000,     -0.0316,      0.9753,      0.1417,      5.5681,     11.1361,      1.2521,     28.6842,     57.3685,      0.0192,      0.0008,      0.0156,      0.2017,   7725.7485,-419284.6562,   -912.7980,    549.5741,  25752.4961,
       1,     168,     170,       4,       1,       3,       1,     10.0000,      1.3977,     42.5611,    247.8690,     62.3792,      3.4953,      0.0000,     -0.0314,      0.8929,      0.1352,      5.5681,     11.1361,      1.1951,     28.6842,     57.3685,      0.0192,      0.0007,      0.0156,      0.2017,   7725.7490,-419345.8125,   -912.8705,    549.5698,  25752.4941,
       1,     168,     170,       5,       1,       3,       1,     10.0000,      1.3977,     42.5611,    247.8690,     62.3792,      3.4953,      0.0000,     -0.0313,      0.7677,      0.1331,      5.5681,     11.1361,      1.1759,     28.6842,     57.3685,      0.0192,      0.0006,      0.0156,      0.2017,   7725.7485,-419247.9375,   -912.9200,    549.5766,  25752.4961,
       1,     168,     170,       6,       1,       3,       1,     10.0000,      1.3977,     42.5611,    247.8690,     62.3792,      3.4953,      0.0000,     -0.0313,      0.3183,      0.1317,      5.5681,     11.1361,      1.1640,     28.6842,     57.3685,      0.0192,      0.0003,      0.0156,      0.2017,   7725.7490,-419081.4688,   -912.9380,    549.5880,  25752.4980,
       1,     168,     170,       7,       1,       3,       1,     10.0000,      1.3977,     42.5611,    247.8690,     62.3792,      3.4953,      0.0000,     -0.0314,      0.3419,      0.1366,      5.5681,     11.1361,      1.2073,     28.6842,     57.3685,      0.0192,      0.0003,      0.0156,      0.2017,   7725.7495,-418501.6875,   -912.8365,    549.6279,  25752.4941,
       1,     168,     170,       8,       1,       3,       1,     10.0000,      1.3977,     42.5611,    247.8690,     62.3792,      3.4953,      0.0274,     -0.0041,      0.4190,      0.1376,      5.5681,     11.1361,      1.2159,     28.6842,     57.3685,      0.0192,      0.0003,      0.0197,      0.2017,   7725.7485,-418481.7812,   -912.8365,    549.6293,  25752.4941,
       1,     168,     170,       9,       1,       3,       1,     10.0000,      1.3977,     42.5611,    247.8690,     62.3792,      3.4953,      0.1361,      0.1041,      4.1657,      0.1507,      5.5681,     11.1361,      1.3315,     28.6842,     57.3685,      0.0192,      0.0003,      0.1764,      0.2017,   7725.7485,-418576.9062,   -912.9371,    549.6227,  25752.4980,
       1,     168,     170,      10,       1,       3,       1,     10.0000,      1.3977,     42.5611,    247.8690,     62.3792,      3.4953,      0.1823,      0.1490,      7.6193,      0.1926,      5.5681,     11.1361,      1.7021,     28.6842,     57.3685,      0.0192,      0.0004,      0.2434,      0.2017,   7725.7495,-423297.9062,   -914.3553,    549.2984,  25752.4961,
       1,     168,     170,      11,       1,       3,       1,     10.0000,      1.3977,     42.5611,    247.8690,     62.3792,      3.4953,      0.1847,      0.1506,      8.8680,      0.2170,      5.5681,     11.1361,      1.9178,     28.6842,     57.3685,      0.0192,      0.0004,      0.2470,      0.2017,   7725.7490,-428050.9688,   -916.4557,    548.9721,  25752.4961,
       1,     168,     170,      12,       1,       3,       1,     10.0000,      1.3977,     42.5611,    247.8690,     62.3792,      3.4953,      0.1867,      0.1526,      9.0466,      0.2185,      5.5681,     11.1361,      1.9310,     28.6842,     57.3685,      0.0192,      0.0004,      0.2500,      0.2017,   7725.7490,-430032.7500,   -918.3383,    548.8362,  25752.4980,
       1,     168,     170,      13,       1,       3,       1,     10.0000,      1.3977,     42.5611,    247.8690,     62.3792,      3.4953,      0.1867,      0.1519,     10.1707,      0.2419,      5.5681,     11.1361,      2.1378,     28.6842,     57.3685,      0.0192,      0.0005,      0.2500,      0.2017,   7725.7495,-430428.2812,   -919.5554,    548.8091,  25752.4961,
       1,     168,     170,      14,       1,       3,       1,     10.0000,      1.3977,     42.5611,    247.8690,     62.3792,      3.4953,      0.1827,      0.1484,     10.7068,      0.2240,      5.5681,     11.1361,      1.9790,     28.6842,     57.3685,      0.0192,      0.0005,      0.2439,      0.2017,   7725.7490,-431876.9688,   -921.2460,    548.7097,  25752.4961,
       1,     168,     170,      15,       1,       3,       1,     10.0000,      1.3977,     42.5611,    247.8690,     62.3792,      3.4953,      0.1237,      0.0918,     24.4066,      0.1489,      5.5681,     11.1361,      1.3155,     28.6842,     57.3685,      0.0192,      0.0019,      0.1561,      0.2017,   7725.7490,-432676.6562,   -921.9896,    548.6549,  25752.4961,
       1,     168,     170,      16,       1,       3,       1,     10.0000,      1.3977,     42.5611,    247.8690,     62.3792,      3.4953,      0.0807,      0.0484,     27.3746,      0.1591,      5.5681,     11.1361,      1.4057,     28.6842,     57.3685,      0.0192,      0.0036,      0.0931,      0.2017,   7725.7490,-449982.6875,   -925.5143,    547.4680,  25752.4961,
       1,     168,     170,      17,       1,       3,       1,     10.0000,      1.3977,     42.5611,    247.8690,     62.3792,      3.4953,      0.0569,      0.0248,     19.3185,      0.1534,      5.5681,     11.1361,      1.3558,     28.6842,     57.3685,      0.0192,      0.0040,      0.0596,      0.2017,   7725.7490,-455215.5938,   -926.8906,    547.1111,  25752.4961,
       1,     168,     170,      18,       1,       3,       1,     10.0000,      1.3977,     42.5611,    247.8690,     62.3792,      3.4953,      0.1003,      0.0681,     45.9558,      0.1578,      5.5681,     11.1361,      1.3945,     28.6842,     57.3685,      0.0192,      0.0047,      0.1196,      0.2017,   7725.7490,-445526.0312,   -925.4969,    547.7739,  25752.4961,
       1,     168,     170,      19,       1,       3,       1,     10.0000,      1.3977,     42.5611,    247.8690,     62.3792,      3.4953,      0.0765,      0.0443,     28.7535,      0.1581,      5.5681,     11.1361,      1.3973,     28.6842,     57.3685,      0.0192,      0.0041,      0.0870,      0.2017,   7725.7490,-478212.8750,   -932.0518,    545.5362,  25752.4961,
       1,     168,     170,      20,       1,       3,       1,     10.0000,      1.3977,     42.5611,    247.8690,     62.3792,      3.4953,      0.0223,     -0.0098,      1.6518,      0.1548,      5.5681,     11.1361,      1.3682,     28.6842,     57.3685,      0.0192,      0.0018,      0.0114,      0.2017,   7725.7490,-459385.9375,   -929.0038,    546.8246,  25752.4961,
       1,     168,     170,      21,       1,       3,       1,     10.0000,      1.3977,     42.5611,    247.8690,     62.3792,      3.4953,      0.0000,     -0.0319,      1.7853,      0.1478,      5.5681,     11.1361,      1.3063,     28.6842,     57.3685,      0.0192,      0.0014,      0.0156,      0.2017,   7725.7490,-423649.5938,   -922.5352,    549.2688,  25752.4961,
       1,     168,     170,      22,       1,       3,       1,     10.0000,      1.3977,     42.5611,    247.8690,     62.3792,      3.4953,      0.0000,     -0.0319,      1.0714,      0.1483,      5.5681,     11.1361,      1.3102,     28.6842,     57.3685,      0.0192,      0.0008,      0.0156,      0.2017,   7725.7490,-420748.8125,   -922.0439,    549.4734,  25752.4941,
       1,     168,     170,      23,       1,       3,       1,     10.0000,      1.3977,     42.5611,    247.8690,     62.3792,      3.4953,      0.0000,     -0.0319,      1.4137,      0.1501,      5.5681,     11.1361,      1.3262,     28.6842,     57.3685,      0.0192,      0.0011,      0.0156,      0.2017,   7725.7485,-419593.6875,   -921.8564,    549.5529,  25752.4961,
       1,     168,     170,      24,       1,       3,       1,     10.0000,      1.3977,     42.5611,    247.8690,     62.3792,      3.4953,      0.0000,     -0.0321,      1.8821,      0.1548,      5.5681,     11.1361,      1.3682,     28.6842,     57.3685,      0.0192,      0.0015,      0.0156,      0.2017,   7725.7490,-419924.0938,   -921.9387,    549.5302,  25752.4961,
       1,     168,     171,       1,       1,       3,       1,     10.0000,      1.3977,     42.5614,    247.8749,     62.3806,      3.4953,      0.0000,     -0.0324,      1.3343,      0.1643,      5.5677,     11.1355,      1.4516,     28.6828,     57.3656,      0.0192,      0.0011,      0.0156,      0.2018,   7725.7490,-420697.8750,   -922.4095,    549.4899,  25753.6543,
       1,     168,     171,       2,       1,       3,       1,     10.0000,      1.3977,     42.5614,    247.8749,     62.3806,      3.4953,      0.0000,     -0.0322,      0.9336,      0.1573,      5.5677,     11.1355,      1.3903,     28.6828,     57.3656,      0.0192,      0.0007,      0.0156,      0.2018,   7726.0967,-419922.3438,   -922.0316,    549.5433,  25753.6523,
       1,     168,     171,       3,       1,       3,       1,     10.0000,      1.3977,     42.5614,    247.8749,     62.3806,      3.4953,      0.0000,     -0.0320,      0.7147,      0.1533,      5.5677,     11.1355,      1.3545,     28.6828,     57.3656,      0.0192,      0.0006,      0.0156,      0.2018,   7726.0962,-419351.5938,   -921.9469,    549.5825,  25753.6523,
       1,     168,     171,       4,       1,       3,       1,     10.0000,      1.3977,     42.5614,    247.8749,     62.3806,      3.4953,      0.0000,     -0.0319,      0.5569,      0.1483,      5.5677,     11.1355,      1.3103,     28.6828,     57.3656,      0.0192,      0.0004,      0.0156,      0.2018,   7726.0962,-419026.9688,   -921.8984,    549.6047,  25753.6523,
       1,     168,     171,       5,       1,       3,       1,     10.0000,      1.3977,     42.5614,    247.8749,     62.3806,      3.4953,      0.0000,     -0.0318,      0.3780,      0.1475,      5.5677,     11.1355,      1.3037,     28.6828,     57.3656,      0.0192,      0.0003,      0.0156,      0.2018,   7726.0962,-418800.6250,   -921.8645,    549.6204,  25753.6523,
       1,     168,     171,       6,       1,       3,       1,     10.0000,      1.3977,     42.5614,    247.8749,     62.3806,      3.4953,      0.0000,     -0.0318,      0.7360,      0.1458,      5.5677,     11.1355,      1.2880,     28.6828,     57.3656,      0.0192,      0.0006,      0.0156,      0.2018,   7726.0962,-418555.9062,   -921.8220,    549.6372,  25753.6504,
       1,     168,     171,       7,       1,       3,       1,     10.0000,      1.3977,     42.5614,    247.8749,     62.3806,      3.4953,      0.0000,     -0.0318,      0.4021,      0.1450,      5.5677,     11.1355,      1.2815,     28.6828,     57.3656,      0.0192,      0.0003,      0.0156,      0.2018,   7726.0952,-418985.1875,   -921.9146,    549.6077,  25753.6523,
       1,     168,     171,       8,       1,       3,       1,     10.0000,      1.3977,     42.5614,    247.8749,     62.3806,      3.4953,      0.0340,      0.0023,      0.6434,      0.1427,      5.5677,     11.1355,      1.2610,     28.6828,     57.3656,      0.0192,      0.0003,      0.0290,      0.2018,   7726.0962,-418602.1250,   -921.8463,    549.6340,  25753.6523,
       1,     168,     171,       9,       1,       3,       1,     10.0000,      1.3977,     42.5614,    247.8749,     62.3806,      3.4953,      0.1494,      0.1169,      5.2070,      0.1673,      5.5677,     11.1355,      1.4779,     28.6828,     57.3656,      0.0192,      0.0003,      0.1956,      0.2018,   7726.0962,-418872.5312,   -921.9260,    549.6154,  25753.6523,
       1,     168,     171,      10,       1,       3,       1,     10.0000,      1.3977,     42.5614,    247.8749,     62.3806,      3.4953,      0.1787,      0.1452,      7.6890,      0.1978,      5.5677,     11.1355,      1.7482,     28.6828,     57.3656,      0.0192,      0.0004,      0.2382,      0.2018,   7726.0962,-424636.0312,   -923.2175,    549.2194,  25753.6504,
       1,     168,     171,      11,       1,       3,       1,     10.0000,      1.3977,     42.5614,    247.8749,     62.3806,      3.4953,      0.1867,      0.1522,      9.7237,      0.2327,      5.5677,     11.1355,      2.0560,     28.6828,     57.3656,      0.0192,      0.0005,      0.2500,      0.2018,   7726.0952,-428256.7188,   -924.1675,    548.9710,  25753.6523,
       1,     168,     171,      12,       1,       3,       1,     10.0000,      1.3977,     42.5614,    247.8749,     62.3806,      3.4953,      0.1710,      0.1368,      8.4491,      0.2240,      5.5677,     11.1355,      1.9790,     28.6828,     57.3656,      0.0192,      0.0005,      0.2270,      0.2018,   7726.0962,-431128.8125,   -925.1725,    548.7739,  25753.6543,
       1,     168,     171,      13,       1,       3,       1,     10.0000,      1.3977,     42.5614,    247.8749,     62.3806,      3.4953,      0.0101,     -0.0200,      0.2409,      0.1039,      5.5677,     11.1355,      0.9180,     28.6828,     57.3656,      0.0192,      0.0002,      0.0156,      0.2018,   7726.0967,-429773.0625,   -913.0522,    548.8669,  25753.6523,
       1,     168,     171,      14,       1,       3,       1,     10.0000,      1.3977,     42.5614,    247.8749,     62.3806,      3.4953,      0.0262,     -0.0040,      0.5226,      0.1062,      5.5677,     11.1355,      0.9381,     28.6828,     57.3656,      0.0192,      0.0003,      0.0194,      0.2018,   7726.0962,-419330.5625,   -910.2553,    549.5835,  25753.6504,
       1,     168,     171,      15,       1,       3,       1,     10.0000,      1.3977,     42.5614,    247.8749,     62.3806,      3.4953,      0.0991,      0.0685,     16.2913,      0.1144,      5.5677,     11.1355,      1.0112,     28.6828,     57.3656,      0.0192,      0.0016,      0.1220,      0.2018,   7726.0952,-418784.2188,   -910.2469,    549.6214,  25753.6543,
       1,     168,     171,      16,       1,       3,       1,     10.0000,      1.3977,     42.5614,    247.8749,     62.3806,      3.4953,      0.1409,      0.1098,     46.8591,      0.1291,      5.5677,     11.1355,      1.1406,     28.6828,     57.3656,      0.0192,      0.0032,      0.1786,      0.2018,   7726.0967,-438569.9062,   -914.3406,    548.2621,  25753.6523,
       1,     168,     171,      17,       1,       3,       1,     10.0000,      1.3977,     42.5614,    247.8749,     62.3806,      3.4953,      0.1575,      0.1258,     64.8711,      0.1459,      5.5677,     11.1355,      1.2893,     28.6828,     57.3656,      0.0192,      0.0040,      0.2005,      0.2017,   7726.0962,-478743.3438,   -922.8193,    545.5106,  25753.6523,
       1,     168,     171,      18,       1,       3,       1,     10.0000,      1.3977,     42.5614,    247.8749,     62.3806,      3.4953,      0.1415,      0.1094,     14.8612,      0.1534,      5.5677,     11.1355,      1.3559,     28.6828,     57.3656,      0.0192,      0.0010,      0.1829,      0.2017,   7726.0962,-504902.0625,   -929.1232,    543.7338,  25753.6523,
       1,     168,     171,      19,       1,       3,       1,     10.0000,      1.3977,     42.5614,    247.8749,     62.3806,      3.4953,      0.0970,      0.0649,      6.5008,      0.1541,      5.5677,     11.1355,      1.3613,     28.6828,     57.3656,      0.0192,      0.0007,      0.1193,      0.2017,   7726.0962,-444170.4062,   -919.0308,    547.8644,  25753.6523,
       1,     168,     171,      20,       1,       3,       1,     10.0000,      1.3977,     42.5614,    247.8749,     62.3806,      3.4953,      0.0216,     -0.0103,      0.4714,      0.1486,      5.5677,     11.1355,      1.3129,     28.6828,     57.3656,      0.0192,      0.0005,      0.0108,      0.2017,   7726.0962,-428465.9375,   -916.6141,    548.9556,  25753.6523,
       1,     168,     171,      21,       1,       3,       1,     10.0000,      1.3977,     42.5614,    247.8749,     62.3806,      3.4953,      0.0000,     -0.0316,      1.1915,      0.1401,      5.5677,     11.1355,      1.2383,     28.6828,     57.3656,      0.0192,      0.0009,      0.0156,      0.2018,   7726.0962,-419509.0938,   -915.1086,    549.5714,  25753.6543,
       1,     168,     171,      22,       1,       3,       1,     10.0000,      1.3977,     42.5614,    247.8749,     62.3806,      3.4953,      0.0000,     -0.0316,      2.0678,      0.1410,      5.5677,     11.1355,      1.2458,     28.6828,     57.3656,      0.0192,      0.0016,      0.0156,      0.2018,   7726.0967,-419640.3438,   -915.2083,    549.5626,  25753.6523,
       1,     168,     171,      23,       1,       3,       1,     10.0000,      1.3977,     42.5614,    247.8749,     62.3806,      3.4953,      0.0000,     -0.0317,      1.9225,      0.1430,      5.5677,     11.1355,      1.2635,     28.6828,     57.3656,      0.0192,      0.0015,      0.0156,      0.2018,   7726.0962,-420753.9062,   -915.5810,    549.4861,  25753.6523,
       1,     168,     171,      24,       1,       3,       1,     10.0000,      1.3977,     42.5614,    247.8749,     62.3806,      3.4953,      0.0000,     -0.0316,      1.8474,      0.1404,      5.5677,     11.1355,      1.2408,     28.6828,     57.3656,      0.0192,      0.0015,      0.0156,      0.2018,   7726.0962,-420667.3125,   -915.7179,    549.4921,  25753.6543,
       1,     168,     172,       1,       1,       3,       1,     10.0000,      1.3978,     42.5618,    247.8808,     62.3821,      3.4953,      0.0000,     -0.0315,      1.2224,      0.1390,      5.5678,     11.1356,      1.2283,     28.6783,     57.3567,      0.0192,      0.0010,      0.0156,      0.2018,   7726.0967,-420721.0312,   -916.0757,    549.5015,  25754.8066,
       1,     168,     172,       2,       1,       3,       1,     10.0000,      1.3978,     42.5618,    247.8808,     62.3821,      3.4953,      0.0000,     -0.0318,      0.8593,      0.1453,      5.5678,     11.1356,      1.2841,     28.6783,     57.3567,      0.0192,      0.0007,      0.0156,      0.2018,   7726.4424,-419786.9688,   -915.7253,    549.5656,  25754.8066,
       1,     168,     172,       3,       1,       3,       1,     10.0000,      1.3978,     42.5618,    247.8808,     62.3821,      3.4953,      0.0000,     -0.0316,      0.9203,      0.1420,      5.5678,     11.1356,      1.2547,     28.6783,     57.3567,      0.0192,      0.0007,      0.0156,      0.2018,   7726.4424,-419249.5625,   -915.6822,    549.6025,  25754.8105,
       1,     168,     172,       4,       1,       3,       1,     10.0000,      1.3978,     42.5618,    247.8808,     62.3821,      3.4953,      0.0000,     -0.0315,      0.9416,      0.1373,      5.5678,     11.1356,      1.2135,     28.6783,     57.3567,      0.0192,      0.0007,      0.0156,      0.2018,   7726.4434,-419279.4375,   -915.7405,    549.6004,  25754.8086,
       1,     168,     172,       5,       1,       3,       1,     10.0000,      1.3978,     42.5618,    247.8808,     62.3821,      3.4953,      0.0000,     -0.0314,      0.4706,      0.1368,      5.5678,     11.1356,      1.2086,     28.6783,     57.3567,      0.0192,      0.0004,      0.0156,      0.2018,   7726.4429,-419309.0312,   -915.7961,    549.5984,  25754.8086,
       1,     168,     172,       6,       1,       3,       1,     10.0000,      1.3978,     42.5618,    247.8808,     62.3821,      3.4953,      0.0000,     -0.0314,      0.4884,      0.1361,      5.5678,     11.1356,      1.2025,     28.6783,     57.3567,      0.0192,      0.0004,      0.0156,      0.2018,   7726.4429,-418719.2188,   -915.7012,    549.6390,  25754.8066,
       1,     168,     172,       7,       1,       3,       1,     10.0000,      1.3978,     42.5618,    247.8808,     62.3821,      3.4953,      0.0000,     -0.0314,      0.8790,      0.1359,      5.5678,     11.1356,      1.2012,     28.6783,     57.3567,      0.0192,      0.0007,      0.0156,      0.2018,   7726.4424,-418690.8125,   -915.7137,    549.6409,  25754.8086,
       1,     168,     172,       8,       1,       3,       1,     10.0000,      1.3978,     42.5618,    247.8808,     62.3821,      3.4953,      0.0107,     -0.0210,      0.6651,      0.1418,      5.5678,     11.1356,      1.2534,     28.6783,     57.3567,      0.0192,      0.0005,      0.0156,      0.2018,   7726.4429,-419179.3438,   -915.8492,    549.6073,  25754.8066,
       1,     168,     172,       9,       1,       3,       1,     10.0000,      1.3978,     42.5618,    247.8808,     62.3821,      3.4953,      0.0720,      0.0402,      2.3143,      0.1452,      5.5678,     11.1356,      1.2828,     28.6783,     57.3567,      0.0192,      0.0003,      0.0837,      0.2018,   7726.4424,-418952.9062,   -915.8624,    549.6229,  25754.8066,
       1,     168,     172,      10,       1,       3,       1,     10.0000,      1.3978,     42.5618,    247.8808,     62.3821,      3.4953,      0.1526,      0.1203,      7.1193,      0.1586,      5.5678,     11.1356,      1.4016,     28.6783,     57.3567,      0.0192,      0.0004,      0.2000,      0.2018,   7726.4424,-421007.5000,   -916.4385,    549.4818,  25754.8086,
       1,     168,     172,      11,       1,       3,       1,     10.0000,      1.3978,     42.5618,    247.8808,     62.3821,      3.4953,      0.1756,      0.1426,      7.7183,      0.1806,      5.5678,     11.1356,      1.5959,     28.6783,     57.3567,      0.0192,      0.0004,      0.2335,      0.2018,   7726.4429,-427227.8438,   -918.1452,    549.0545,  25754.8086,
       1,     168,     172,      12,       1,       3,       1,     10.0000,      1.3978,     42.5618,    247.8808,     62.3821,      3.4953,      0.1711,      0.1378,      7.0693,      0.1917,      5.5678,     11.1356,      1.6938,     28.6783,     57.3567,      0.0192,      0.0004,      0.2271,      0.2018,   7726.4429,-428519.0938,   -919.2335,    548.9661,  25754.8105,
       1,     168,     172,      13,       1,       3,       1,     10.0000,      1.3978,     42.5618,    247.8808,     62.3821,      3.4953,      0.1868,      0.1530,      8.6334,      0.2076,      5.5678,     11.1356,      1.8348,     28.6783,     57.3567,      0.0192,      0.0004,      0.2500,      0.2018,   7726.4434,-427813.8438,   -919.9039,    549.0145,  25754.8086,
       1,     168,     172,      14,       1,       3,       1,     10.0000,      1.3978,     42.5618,    247.8808,     62.3821,      3.4953,      0.1873,      0.1533,     15.6994,      0.2156,      5.5678,     11.1356,      1.9047,     28.6783,     57.3567,      0.0192,      0.0008,      0.2500,      0.2018,   7726.4429,-429720.3125,   -921.1282,    548.8836,  25754.8086,
       1,     168,     172,      15,       1,       3,       1,     10.0000,      1.3978,     42.5618,    247.8808,     62.3821,      3.4953,      0.1685,      0.1344,     31.0629,      0.2200,      5.5678,     11.1356,      1.9444,     28.6783,     57.3567,      0.0192,      0.0017,      0.2207,      0.2018,   7726.4429,-438773.0312,   -923.6922,    548.2625,  25754.8066,
       1,     168,     172,      16,       1,       3,       1,     10.0000,      1.3978,     42.5618,    247.8808,     62.3821,      3.4953,      0.0463,      0.0138,      8.9158,      0.1683,      5.5678,     11.1356,      1.4868,     28.6783,     57.3567,      0.0192,      0.0024,      0.0450,      0.2018,   7726.4424,-458883.3438,   -920.1262,    546.8846,  25754.8086,
       1,     168,     172,      17,       1,       3,       1,     10.0000,      1.3978,     42.5618,    247.8808,     62.3821,      3.4953,      0.1161,      0.0839,     32.1078,      0.1573,      5.5678,     11.1356,      1.3904,     28.6783,     57.3567,      0.0192,      0.0027,      0.1440,      0.2018,   7726.4429,-432752.8438,   -913.1053,    548.6727,  25754.8086,
       1,     168,     172,      18,       1,       3,       1,     10.0000,      1.3978,     42.5618,    247.8808,     62.3821,      3.4953,      0.1082,      0.0759,     36.5879,      0.1615,      5.5678,     11.1356,      1.4271,     28.6783,     57.3567,      0.0192,      0.0034,      0.1321,      0.2018,   7726.4429,-459679.0000,   -918.4293,    546.8289,  25754.8086,
       1,     168,     172,      19,       1,       3,       1,     10.0000,      1.3978,     42.5618,    247.8808,     62.3821,      3.4953,      0.0606,      0.0283,     19.8427,      0.1591,      5.5678,     11.1356,      1.4058,     28.6783,     57.3567,      0.0192,      0.0038,      0.0647,      0.2018,   7726.4429,-467645.3750,   -920.8541,    546.2874,  25754.8086,
       1,     168,     172,      20,       1,       3,       1,     10.0000,      1.3978,     42.5618,    247.8808,     62.3821,      3.4953,      0.0080,     -0.0240,      4.9659,      0.1533,      5.5678,     11.1356,      1.3545,     28.6783,     57.3567,      0.0192,      0.0039,      0.0156,      0.2017,   7726.4429,-447254.3125,   -918.0090,    547.6802,  25754.8086,
       1,     168,     172,      21,       1,       3,       1,     10.0000,      1.3978,     42.5618,    247.8808,     62.3821,      3.4953,      0.0000,     -0.0318,      1.0246,      0.1469,      5.5678,     11.1356,      1.2985,     28.6783,     57.3567,      0.0192,      0.0008,      0.0156,      0.2018,   7726.4429,-426784.1250,   -912.1812,    549.0833,  25754.8086,
       1,     168,     172,      22,       1,       3,       1,     10.0000,      1.3978,     42.5618,    247.8808,     62.3821,      3.4953,      0.0000,     -0.0318,      0.3716,      0.1462,      5.5678,     11.1356,      1.2919,     28.6783,     57.3567,      0.0192,      0.0003,      0.0156,      0.2018,   7726.4429,-420063.4688,   -911.0875,    549.5464,  25754.8086,
       1,     168,     172,      23,       1,       3,       1,     10.0000,      1.3978,     42.5618,    247.8808,     62.3821,      3.4953,      0.0000,     -0.0318,      0.6052,      0.1450,      5.5678,     11.1356,      1.2816,     28.6783,     57.3567,      0.0192,      0.0005,      0.0156,      0.2018,   7726.4429,-418660.0000,   -910.1180,    549.6430,  25754.8086,
       1,     168,     172,      24,       1,       3,       1,     10.0000,      1.3978,     42.5618,    247.8808,     62.3821,      3.4953,      0.0000,     -0.0318,      1.1009,      0.1456,      5.5678,     11.1356,      1.2867,     28.6783,     57.3567,      0.0192,      0.0009,      0.0156,      0.2018,   7726.4429,-418832.4062,   -910.1825,    549.6312,  25754.8086,
       1,     168,     173,       1,       1,       3,       1,     10.0000,      1.3978,     42.5621,    247.8866,     62.3836,      3.4953,      0.0000,     -0.0317,      1.0978,      0.1429,      5.5680,     11.1361,      1.2623,     28.6749,     57.3499,      0.0192,      0.0009,      0.0156,      0.2018,   7726.4429,-419626.6250,   -910.6251,    549.5896,  25755.9668,
       1,     168,     173,       2,       1,       3,       1,     10.0000,      1.3978,     42.5621,    247.8866,     62.3836,      3.4953,      0.0000,     -0.0316,      0.7403,      0.1414,      5.5680,     11.1361,      1.2496,     28.6749,     57.3499,      0.0192,      0.0006,      0.0156,      0.2018,   7726.7905,-419538.1250,   -910.4388,    549.5956,  25755.9668,
       1,     168,     173,       3,       1,       3,       1,     10.0000,      1.3978,     42.5621,    247.8866,     62.3836,      3.4953,      0.0000,     -0.0315,      0.7964,      0.1391,      5.5680,     11.1361,      1.2296,     28.6749,     57.3499,      0.0192,      0.0006,      0.0156,      0.2018,   7726.7905,-419081.0625,   -910.4033,    549.6271,  25755.9688,
       1,     168,     173,       4,       1,       3,       1,     10.0000,      1.3978,     42.5621,    247.8866,     62.3836,      3.4953,      0.0000,     -0.0314,      0.7418,      0.1361,      5.5680,     11.1361,      1.2025,     28.6749,     57.3499,      0.0192,      0.0006,      0.0156,      0.2018,   7726.7910,-419111.8125,   -910.4651,    549.6250,  25755.9668,
       1,     168,     173,       5,       1,       3,       1,     10.0000,      1.3978,     42.5621,    247.8866,     62.3836,      3.4953,      0.0000,     -0.0311,      0.5497,      0.1279,      5.5680,     11.1361,      1.1303,     28.6749,     57.3499,      0.0192,      0.0004,      0.0156,      0.2018,   7726.7905,-419046.0000,   -910.5012,    549.6295,  25755.9668,
       1,     168,     173,       6,       1,       3,       1,     10.0000,      1.3978,     42.5621,    247.8866,     62.3836,      3.4953,      0.0000,     -0.0309,      0.4596,      0.1229,      5.5680,     11.1361,      1.0863,     28.6749,     57.3499,      0.0192,      0.0004,      0.0156,      0.2018,   7726.7905,-418798.8125,   -910.4828,    549.6465,  25755.9648,
       1,     168,     173,       7,       1,       3,       1,     10.0000,      1.3978,     42.5621,    247.8866,     62.3836,      3.4953,      0.0000,     -0.0308,      0.5013,      0.1208,      5.5680,     11.1361,      1.0676,     28.6749,     57.3499,      0.0192,      0.0004,      0.0156,      0.2018,   7726.7896,-418664.3125,   -910.4828,    549.6557,  25755.9668,
       1,     168,     173,       8,       1,       3,       1,     10.0000,      1.3978,     42.5621,    247.8866,     62.3836,      3.4953,      0.0259,     -0.0049,      0.5608,      0.1218,      5.5680,     11.1361,      1.0763,     28.6749,     57.3499,      0.0192,      0.0004,      0.0183,      0.2018,   7726.7905,-418705.0000,   -910.5192,    549.6529,  25755.9688,
       1,     168,     173,       9,       1,       3,       1,     10.0000,      1.3978,     42.5621,    247.8866,     62.3836,      3.4953,      0.1232,      0.0914,      3.5618,      0.1449,      5.5680,     11.1361,      1.2803,     28.6749,     57.3499,      0.0192,      0.0003,      0.1578,      0.2018,   7726.7910,-418783.1875,   -910.6788,    549.6476,  25755.9668,
       1,     168,     173,      10,       1,       3,       1,     10.0000,      1.3978,     42.5621,    247.8866,     62.3836,      3.4953,      0.1297,      0.0976,      4.2016,      0.1553,      5.5680,     11.1361,      1.3724,     28.6749,     57.3499,      0.0192,      0.0003,      0.1671,      0.2018,   7726.7905,-422563.7188,   -911.9948,    549.3878,  25755.9668,
       1,     168,     173,      11,       1,       3,       1,     10.0000,      1.3978,     42.5621,    247.8866,     62.3836,      3.4953,      0.1647,      0.1322,      7.4819,      0.1688,      5.5680,     11.1361,      1.4913,     28.6749,     57.3499,      0.0192,      0.0004,      0.2177,      0.2018,   7726.7905,-423695.2500,   -912.6116,    549.3102,  25755.9668,
       1,     168,     173,      12,       1,       3,       1,     10.0000,      1.3978,     42.5621,    247.8866,     62.3836,      3.4953,      0.1752,      0.1421,     13.1308,      0.1859,      5.5680,     11.1361,      1.6425,     28.6749,     57.3499,      0.0192,      0.0007,      0.2324,      0.2018,   7726.7905,-427918.0938,   -914.1697,    549.0203,  25755.9688,
       1,     168,     173,      13,       1,       3,       1,     10.0000,      1.3978,     42.5621,    247.8866,     62.3836,      3.4953,      0.1837,      0.1502,      8.0641,      0.1998,      5.5680,     11.1361,      1.7656,     28.6749,     57.3499,      0.0192,      0.0004,      0.2455,      0.2018,   7726.7910,-435387.1250,   -916.7573,    548.5078,  25755.9688,
       1,     168,     173,      14,       1,       3,       1,     10.0000,      1.3978,     42.5621,    247.8866,     62.3836,      3.4953,      0.1877,      0.1536,     21.7548,      0.2188,      5.5680,     11.1361,      1.9330,     28.6749,     57.3499,      0.0192,      0.0011,      0.2500,      0.2018,   7726.7910,-429659.6562,   -917.1130,    548.9007,  25755.9668,
       1,     168,     173,      15,       1,       3,       1,     10.0000,      1.3978,     42.5621,    247.8866,     62.3836,      3.4953,      0.1852,      0.1510,     34.2452,      0.2227,      5.5680,     11.1361,      1.9675,     28.6749,     57.3499,      0.0192,      0.0017,      0.2449,      0.2018,   7726.7905,-446384.1875,   -921.7605,    547.7533,  25755.9668,
       1,     168,     173,      16,       1,       3,       1,     10.0000,      1.3978,     42.5621,    247.8866,     62.3836,      3.4953,      0.1141,      0.0808,     24.4616,      0.1915,      5.5680,     11.1361,      1.6921,     28.6749,     57.3499,      0.0192,      0.0021,      0.1417,      0.2018,   7726.7905,-463543.9062,   -926.3689,    546.5795,  25755.9668,
       1,     168,     173,      17,       1,       3,       1,     10.0000,      1.3978,     42.5621,    247.8866,     62.3836,      3.4953,      0.1343,      0.1015,     42.2621,      0.1755,      5.5680,     11.1361,      1.5505,     28.6749,     57.3499,      0.0192,      0.0031,      0.1692,      0.2018,   7726.7905,-452714.8750,   -924.9368,    547.3207,  25755.9668,
       1,     168,     173,      18,       1,       3,       1,     10.0000,      1.3978,     42.5621,    247.8866,     62.3836,      3.4953,      0.0683,      0.0361,     19.6371,      0.1580,      5.5680,     11.1361,      1.3960,     28.6749,     57.3499,      0.0192,      0.0032,      0.0760,      0.2018,   7726.7905,-474176.5000,   -929.4998,    545.8529,  25755.9668,
       1,     168,     173,      19,       1,       3,       1,     10.0000,      1.3978,     42.5621,    247.8866,     62.3836,      3.4953,      0.0472,      0.0156,     14.6174,      0.1397,      5.5680,     11.1361,      1.2346,     28.6749,     57.3499,      0.0192,      0.0039,      0.0466,      0.2018,   7726.7905,-447557.3750,   -915.9451,    547.6711,  25755.9648,
       1,     168,     173,      20,       1,       3,       1,     10.0000,      1.3978,     42.5621,    247.8866,     62.3836,      3.4953,      0.0078,     -0.0235,      5.3164,      0.1339,      5.5680,     11.1361,      1.1831,     28.6749,     57.3499,      0.0192,      0.0042,      0.0156,      0.2018,   7726.7896,-438955.6562,   -915.2380,    548.2630,  25755.9668,
       1,     168,     173,      21,       1,       3,       1,     10.0000,      1.3978,     42.5621,    247.8866,     62.3836,      3.4953,      0.0000,     -0.0312,      2.9785,      0.1312,      5.5680,     11.1361,      1.1594,     28.6749,     57.3499,      0.0192,      0.0023,      0.0156,      0.2018,   7726.7905,-426511.2812,   -913.4126,    549.1161,  25755.9648,
       1,     168,     173,      22,       1,       3,       1,     10.0000,      1.3978,     42.5621,    247.8866,     62.3836,      3.4953,      0.0000,     -0.0313,      2.2726,      0.1317,      5.5680,     11.1361,      1.1641,     28.6749,     57.3499,      0.0192,      0.0018,      0.0156,      0.2018,   7726.7896,-422498.7500,   -912.8934,    549.3923,  25755.9668,
       1,     168,     173,      23,       1,       3,       1,     10.0000,      1.3978,     42.5621,    247.8866,     62.3836,      3.4953,      0.0000,     -0.0312,      1.3938,      0.1311,      5.5680,     11.1361,      1.1582,     28.6749,     57.3499,      0.0192,      0.0011,      0.0156,      0.2018,   7726.7905,-421263.5625,   -912.8212,    549.4772,  25755.9688,
       1,     168,     173,      24,       1,       3,       1,     10.0000,      1.3978,     42.5621,    247.8866,     62.3836,      3.4953,      0.0000,     -0.0312,      0.7649,      0.1304,      5.5680,     11.1361,      1.1523,     28.6749,     57.3499,      0.0192,      0.0006,      0.0156,      0.2018,   7726.7910,-420051.5938,   -912.7002,    549.5604,  25755.9668,
       1,     168,     174,       1,       1,       3,       1,     10.0000,      1.3978,     42.5624,    247.8925,     62.3851,      3.4953,      0.0000,     -0.0314,      0.4776,      0.1351,      5.5680,     11.1361,      1.1940,     28.6738,     57.3475,      0.0192,      0.0004,      0.0156,      0.2018,   7726.7905,-419312.5312,   -912.8499,    549.6243,  25757.1289,
       1,     168,     174,       2,       1,       3,       1,     10.0000,      1.3978,     42.5624,    247.8925,     62.3851,      3.4953,      0.0000,     -0.0313,      0.4607,      0.1331,      5.5680,     11.1361,      1.1760,     28.6738,     57.3475,      0.0192,      0.0004,      0.0156,      0.2018,   7727.1392,-418733.8125,   -912.4986,    549.6640,  25757.1250,
       1,     168,     174,       3,       1,       3,       1,     10.0000,      1.3978,     42.5624,    247.8925,     62.3851,      3.4953,      0.0000,     -0.0312,      0.7067,      0.1311,      5.5680,     11.1361,      1.1582,     28.6738,     57.3475,      0.0192,      0.0006,      0.0156,      0.2018,   7727.1377,-418662.9688,   -912.4946,    549.6689,  25757.1270,
       1,     168,     174,       4,       1,       3,       1,     10.0000,      1.3978,     42.5624,    247.8925,     62.3851,      3.4953,      0.0000,     -0.0312,      0.9329,      0.1316,      5.5680,     11.1361,      1.1629,     28.6738,     57.3475,      0.0192,      0.0007,      0.0156,      0.2018,   7727.1382,-418965.9688,   -912.5758,    549.6480,  25757.1289,
       1,     168,     174,       5,       1,       3,       1,     10.0000,      1.3978,     42.5624,    247.8925,     62.3851,      3.4953,      0.0000,     -0.0313,      0.7095,      0.1334,      5.5680,     11.1361,      1.1784,     28.6738,     57.3475,      0.0192,      0.0006,      0.0156,      0.2018,   7727.1392,-419276.4688,   -912.6901,    549.6268,  25757.1270,
       1,     168,     174,       6,       1,       3,       1,     10.0000,      1.3978,     42.5624,    247.8925,     62.3851,      3.4953,      0.0000,     -0.0312,      0.3405,      0.1300,      5.5680,     11.1361,      1.1488,     28.6738,     57.3475,      0.0192,      0.0003,      0.0156,      0.2018,   7727.1382,-419022.4688,   -912.6850,    549.6442,  25757.1270,
       1,     168,     174,       7,       1,       3,       1,     10.0000,      1.3978,     42.5624,    247.8925,     62.3851,      3.4953,      0.0000,     -0.0312,      0.3133,      0.1308,      5.5680,     11.1361,      1.1559,     28.6738,     57.3475,      0.0192,      0.0002,      0.0156,      0.2018,   7727.1382,-418536.5312,   -912.6033,    549.6776,  25757.1289,
       1,     168,     174,       8,       1,       3,       1,     10.0000,      1.3978,     42.5624,    247.8925,     62.3851,      3.4953,      0.0145,     -0.0169,      0.0242,      0.1338,      5.5680,     11.1361,      1.1820,     28.6738,     57.3475,      0.0192,      0.0003,      0.0012,      0.2018,   7727.1392,-418460.2500,   -912.5911,    549.6827,  25757.1250,
       1,     168,     174,       9,       1,       3,       1,     10.0000,      1.3978,     42.5624,    247.8925,     62.3851,      3.4953,      0.1337,      0.1019,      3.9838,      0.1474,      5.5680,     11.1361,      1.3025,     28.6738,     57.3475,      0.0192,      0.0003,      0.1730,      0.2018,   7727.1377,-418090.6562,   -912.5734,    549.7083,  25757.1270,
       1,     168,     174,      10,       1,       3,       1,     10.0000,      1.3978,     42.5624,    247.8925,     62.3851,      3.4953,      0.1476,      0.1151,      5.0641,      0.1653,      5.5680,     11.1361,      1.4604,     28.6738,     57.3475,      0.0192,      0.0003,      0.1929,      0.2018,   7727.1382,-423036.9375,   -914.1827,    549.3683,  25757.1289,
       1,     168,     174,      11,       1,       3,       1,     10.0000,      1.3978,     42.5624,    247.8925,     62.3851,      3.4953,      0.1834,      0.1503,      7.3881,      0.1864,      5.5680,     11.1361,      1.6475,     28.6738,     57.3475,      0.0192,      0.0004,      0.2451,      0.2018,   7727.1392,-424822.7188,   -915.2534,    549.2458,  25757.1270,
       1,     168,     174,      12,       1,       3,       1,     10.0000,      1.3978,     42.5624,    247.8925,     62.3851,      3.4953,      0.1867,      0.1526,      9.0885,      0.2194,      5.5680,     11.1361,      1.9388,     28.6738,     57.3475,      0.0192,      0.0004,      0.2500,      0.2018,   7727.1382,-427899.2812,   -916.9471,    549.0345,  25757.1270,
       1,     168,     174,      13,       1,       3,       1,     10.0000,      1.3978,     42.5624,    247.8925,     62.3851,      3.4953,      0.1867,      0.1525,      9.2644,      0.2231,      5.5680,     11.1361,      1.9714,     28.6738,     57.3475,      0.0192,      0.0005,      0.2500,      0.2018,   7727.1382,-430303.3438,   -919.2100,    548.8696,  25757.1270,
       1,     168,     174,      14,       1,       3,       1,     10.0000,      1.3978,     42.5624,    247.8925,     62.3851,      3.4953,      0.1868,      0.1523,     10.9510,      0.2341,      5.5680,     11.1361,      2.0682,     28.6738,     57.3475,      0.0192,      0.0005,      0.2500,      0.2018,   7727.1382,-430732.1875,   -920.6324,    548.8402,  25757.1270,
       1,     168,     174,      15,       1,       3,       1,     10.0000,      1.3978,     42.5624,    247.8925,     62.3851,      3.4953,      0.1884,      0.1540,     30.9006,      0.2286,      5.5680,     11.1361,      2.0203,     28.6738,     57.3475,      0.0192,      0.0015,      0.2500,      0.2018,   7727.1382,-432890.1562,   -922.0554,    548.6922,  25757.1270,
       1,     168,     174,      16,       1,       3,       1,     10.0000,      1.3978,     42.5624,    247.8925,     62.3851,      3.4953,      0.1634,      0.1295,     52.8094,      0.2126,      5.5680,     11.1361,      1.8788,     28.6738,     57.3475,      0.0192,      0.0031,      0.2106,      0.2018,   7727.1382,-458165.0625,   -927.4527,    546.9587,  25757.1270,
       1,     168,     174,      17,       1,       3,       1,     10.0000,      1.3978,     42.5624,    247.8925,     62.3851,      3.4953,      0.0218,     -0.0110,      3.6012,      0.1765,      5.5680,     11.1361,      1.5598,     28.6738,     57.3475,      0.0192,      0.0046,      0.0095,      0.2018,   7727.1382,-487916.3750,   -933.5793,    544.9274,  25757.1289,
       1,     168,     174,      18,       1,       3,       1,     10.0000,      1.3978,     42.5624,    247.8925,     62.3851,      3.4953,      0.0237,     -0.0085,      4.9120,      0.1591,      5.5680,     11.1361,      1.4059,     28.6738,     57.3475,      0.0192,      0.0047,      0.0129,      0.2018,   7727.1392,-428551.4062,   -912.6312,    548.9748,  25757.1270,
       1,     168,     174,      19,       1,       3,       1,     10.0000,      1.3978,     42.5624,    247.8925,     62.3851,      3.4953,      0.0336,      0.0013,     11.3954,      0.1613,      5.5680,     11.1361,      1.4257,     28.6738,     57.3475,      0.0192,      0.0053,      0.0265,      0.2018,   7727.1382,-425126.6250,   -912.0738,    549.2249,  25757.1250,
       1,     168,     174,      20,       1,       3,       1,     10.0000,      1.3978,     42.5624,    247.8925,     62.3851,      3.4953,      0.0109,     -0.0215,      6.2409,      0.1638,      5.5680,     11.1361,      1.4473,     28.6738,     57.3475,      0.0192,      0.0049,      0.0156,      0.2018,   7727.1377,-432964.8438,   -914.3259,    548.6868,  25757.1270,
       1,     168,     174,      21,       1,       3,       1,     10.0000,      1.3978,     42.5624,    247.8925,     62.3851,      3.4953,      0.0001,     -0.0323,      5.3032,      0.1628,      5.5680,     11.1361,      1.4386,     28.6738,     57.3475,      0.0192,      0.0042,      0.0156,      0.2018,   7727.1382,-427159.7500,   -914.0311,    549.0852,  25757.1270,
       1,     168,     174,      22,       1,       3,       1,     10.0000,      1.3978,     42.5624,    247.8925,     62.3851,      3.4953,      0.0000,     -0.0323,      2.7084,      0.1609,      5.5680,     11.1361,      1.4215,     28.6738,     57.3475,      0.0192,      0.0021,      0.0156,      0.2018,   7727.1382,-425479.6875,   -914.2808,    549.2007,  25757.1270,
       1,     168,     174,      23,       1,       3,       1,     10.0000,      1.3978,     42.5624,    247.8925,     62.3851,      3.4953,      0.0000,     -0.0324,      1.0055,      0.1630,      5.5680,     11.1361,      1.4401,     28.6738,     57.3475,      0.0192,      0.0008,      0.0156,      0.2018,   7727.1382,-422071.5000,   -913.8666,    549.4346,  25757.1289,
       1,     168,     174,      24,       1,       3,       1,     10.0000,      1.3978,     42.5624,    247.8925,     62.3851,      3.4953,      0.0000,     -0.0324,      0.9548,      0.1646,      5.5680,     11.1361,      1.4546,     28.6738,     57.3475,      0.0192,      0.0008,      0.0156,      0.2018,   7727.1392,-419635.9688,   -913.4914,    549.6020,  25757.1270,
       1,     168,     175,       1,       1,       3,       1,     10.0000,      1.3978,     42.5628,    247.8984,     62.3866,      3.4953,      0.0000,     -0.0319,      1.1982,      0.1483,      5.5685,     11.1370,      1.3104,     28.6707,     57.3414,      0.0192,      0.0009,      0.0156,      0.2019,   7727.1382,-419518.1875,   -910.9839,    549.6232,  25758.2832,
       1,     168,     175,       2,       1,       3,       1,     10.0000,      1.3978,     42.5628,    247.8984,     62.3866,      3.4953,      0.0000,     -0.0317,      1.3368,      0.1446,      5.5685,     11.1370,      1.2778,     28.6707,     57.3414,      0.0192,      0.0011,      0.0156,      0.2019,   7727.4854,-419660.8438,   -910.8594,    549.6134,  25758.2832,
       1,     168,     175,       3,       1,       3,       1,     10.0000,      1.3978,     42.5628,    247.8984,     62.3866,      3.4953,      0.0000,     -0.0313,      1.1096,      0.1339,      5.5685,     11.1370,      1.1832,     28.6707,     57.3414,      0.0192,      0.0009,      0.0156,      0.2019,   7727.4854,-419847.4062,   -910.9734,    549.6006,  25758.2852,
       1,     168,     175,       4,       1,       3,       1,     10.0000,      1.3978,     42.5628,    247.8984,     62.3866,      3.4953,      0.0000,     -0.0316,      1.2956,      0.1404,      5.5685,     11.1370,      1.2409,     28.6707,     57.3414,      0.0192,      0.0010,      0.0156,      0.2019,   7727.4858,-419577.6250,   -910.3967,    549.6191,  25758.2852,
       1,     168,     175,       5,       1,       3,       1,     10.0000,      1.3978,     42.5628,    247.8984,     62.3866,      3.4953,      0.0000,     -0.0317,      1.4900,      0.1439,      5.5685,     11.1370,      1.2713,     28.6707,     57.3414,      0.0192,      0.0012,      0.0156,      0.2019,   7727.4858,-419788.2500,   -910.5648,    549.6047,  25758.2852,
       1,     168,     175,       6,       1,       3,       1,     10.0000,      1.3978,     42.5628,    247.8984,     62.3866,      3.4953,      0.0000,     -0.0316,      1.8105,      0.1409,      5.5685,     11.1370,      1.2447,     28.6707,     57.3414,      0.0192,      0.0014,      0.0156,      0.2019,   7727.4858,-420050.7812,   -910.7077,    549.5866,  25758.2832,
       1,     168,     175,       7,       1,       3,       1,     10.0000,      1.3978,     42.5628,    247.8984,     62.3866,      3.4953,      0.0000,     -0.0316,      1.0699,      0.1403,      5.5685,     11.1370,      1.2396,     28.6707,     57.3414,      0.0192,      0.0008,      0.0156,      0.2019,   7727.4854,-420476.6562,   -910.9466,    549.5573,  25758.2852,
       1,     168,     175,       8,       1,       3,       1,     10.0000,      1.3978,     42.5628,    247.8984,     62.3866,      3.4953,      0.0217,     -0.0099,      0.3085,      0.1409,      5.5685,     11.1370,      1.2447,     28.6707,     57.3414,      0.0192,      0.0003,      0.0112,      0.2019,   7727.4858,-419582.1875,   -910.8831,    549.6188,  25758.2852,
       1,     168,     175,       9,       1,       3,       1,     10.0000,      1.3978,     42.5628,    247.8984,     62.3866,      3.4953,      0.1349,      0.1027,      5.0810,      0.1561,      5.5685,     11.1370,      1.3794,     28.6707,     57.3414,      0.0192,      0.0004,      0.1745,      0.2019,   7727.4858,-418547.7188,   -910.7841,    549.6899,  25758.2852,
       1,     168,     175,      10,       1,       3,       1,     10.0000,      1.3978,     42.5628,    247.8984,     62.3866,      3.4953,      0.1757,      0.1424,      7.1515,      0.1889,      5.5685,     11.1370,      1.6689,     28.6707,     57.3414,      0.0192,      0.0004,      0.2337,      0.2019,   7727.4858,-424458.2188,   -912.4722,    549.2838,  25758.2852,
       1,     168,     175,      11,       1,       3,       1,     10.0000,      1.3978,     42.5628,    247.8984,     62.3866,      3.4953,      0.1819,      0.1483,      8.1124,      0.2038,      5.5685,     11.1370,      1.8009,     28.6707,     57.3414,      0.0192,      0.0004,      0.2429,      0.2019,   7727.4858,-427572.4062,   -914.2841,    549.0701,  25758.2852,
       1,     168,     175,      12,       1,       3,       1,     10.0000,      1.3978,     42.5628,    247.8984,     62.3866,      3.4953,      0.1802,      0.1463,      8.4111,      0.2122,      5.5685,     11.1370,      1.8751,     28.6707,     57.3414,      0.0192,      0.0004,      0.2404,      0.2019,   7727.4858,-429049.3125,   -915.6180,    548.9688,  25758.2852,
       1,     168,     175,      13,       1,       3,       1,     10.0000,      1.3978,     42.5628,    247.8984,     62.3866,      3.4953,      0.1740,      0.1399,      8.4585,      0.2205,      5.5685,     11.1370,      1.9484,     28.6707,     57.3414,      0.0192,      0.0004,      0.2314,      0.2019,   7727.4858,-429552.4375,   -916.5950,    548.9343,  25758.2832,
       1,     168,     175,      14,       1,       3,       1,     10.0000,      1.3978,     42.5628,    247.8984,     62.3866,      3.4953,      0.1776,      0.1457,      5.5659,      0.1502,      5.5685,     11.1370,      1.3277,     28.6707,     57.3414,      0.0192,      0.0003,      0.2365,      0.2019,   7727.4854,-429655.5938,   -913.1669,    548.9272,  25758.2852,
       1,     168,     175,      15,       1,       3,       1,     10.0000,      1.3978,     42.5628,    247.8984,     62.3866,      3.4953,      0.1892,      0.1553,     39.1944,      0.2116,      5.5685,     11.1370,      1.8696,     28.6707,     57.3414,      0.0192,      0.0019,      0.2500,      0.2019,   7727.4858,-426027.1875,   -912.0963,    549.1761,  25758.2832,
       1,     168,     175,      16,       1,       3,       1,     10.0000,      1.3978,     42.5628,    247.8984,     62.3866,      3.4953,      0.1843,      0.1498,     62.7630,      0.2338,      5.5685,     11.1370,      2.0663,     28.6707,     57.3414,      0.0192,      0.0032,      0.2403,      0.2019,   7727.4854,-467996.1875,   -922.0499,    546.2952,  25758.2852,
       1,     168,     175,      17,       1,       3,       1,     10.0000,      1.3978,     42.5628,    247.8984,     62.3866,      3.4953,      0.1016,      0.0683,     30.9535,      0.1926,      5.5685,     11.1370,      1.7023,     28.6707,     57.3414,      0.0192,      0.0031,      0.1226,      0.2018,   7727.4858,-501290.5000,   -930.1637,    544.0291,  25758.2852,
       1,     168,     175,      18,       1,       3,       1,     10.0000,      1.3978,     42.5628,    247.8984,     62.3866,      3.4953,      0.0110,     -0.0209,      3.8983,      0.1475,      5.5685,     11.1370,      1.3038,     28.6707,     57.3414,      0.0192,      0.0031,      0.0156,      0.2018,   7727.4858,-464121.7188,   -919.0356,    546.5614,  25758.2852,
       1,     168,     175,      19,       1,       3,       1,     10.0000,      1.3978,     42.5628,    247.8984,     62.3866,      3.4953,      0.0452,      0.0135,      5.2267,      0.1450,      5.5685,     11.1370,      1.2816,     28.6707,     57.3414,      0.0192,      0.0014,      0.0446,      0.2018,   7727.4858,-426898.9375,   -912.1749,    549.1104,  25758.2852,
       1,     168,     175,      20,       1,       3,       1,     10.0000,      1.3978,     42.5628,    247.8984,     62.3866,      3.4953,      0.0306,     -0.0018,      6.7715,      0.1638,      5.5685,     11.1370,      1.4473,     28.6707,     57.3414,      0.0192,      0.0037,      0.0225,      0.2019,   7727.4858,-425370.3438,   -911.6428,    549.2214,  25758.2852,
       1,     168,     175,      21,       1,       3,       1,     10.0000,      1.3978,     42.5628,    247.8984,     62.3866,      3.4953,      0.0001,     -0.0324,      4.7579,      0.1679,      5.5685,     11.1370,      1.4840,     28.6707,     57.3414,      0.0192,      0.0038,      0.0156,      0.2019,   7727.4858,-427173.0625,   -912.6197,    549.0975,  25758.2852,
       1,     168,     175,      22,       1,       3,       1,     10.0000,      1.3978,     42.5628,    247.8984,     62.3866,      3.4953,      0.0000,     -0.0323,      2.8568,      0.1605,      5.5685,     11.1370,      1.4186,     28.6707,     57.3414,      0.0192,      0.0023,      0.0156,      0.2019,   7727.4858,-424797.0625,   -912.7499,    549.2606,  25758.2852,
       1,     168,     175,      23,       1,       3,       1,     10.0000,      1.3978,     42.5628,    247.8984,     62.3866,      3.4953,      0.0000,     -0.0322,      1.5443,      0.1583,      5.5685,     11.1370,      1.3989,     28.6707,     57.3414,      0.0192,      0.0012,      0.0156,      0.2019,   7727.4858,-422201.8125,   -911.0763,    549.4388,  25758.2852,
       1,     168,     175,      24,       1,       3,       1,     10.0000,      1.3978,     42.5628,    247.8984,     62.3866,      3.4953,      0.0000,     -0.0322,      1.3839,      0.1589,      5.5685,     11.1370,      1.4045,     28.6707,     57.3414,      0.0192,      0.0011,      0.0156,      0.2019,   7727.4858,-420327.5000,   -910.8853,    549.5676,  25758.2852,
       1,     168,     176,       1,       1,       3,       1,     10.0000,      1.3979,     42.5631,    247.9042,     62.3880,      3.4953,      0.0000,     -0.0321,      1.2923,      0.1549,      5.5679,     11.1357,      1.3683,     28.6707,     57.3414,      0.0192,      0.0010,      0.0156,      0.2019,   7727.4858,-420120.1562,   -911.2329,    549.5949,  25759.4453,
       1,     168,     176,       2,       1,       3,       1,     10.0000,      1.3979,     42.5631,    247.9042,     62.3880,      3.4953,      0.0000,     -0.0319,      0.9123,      0.1503,      5.5679,     11.1357,      1.3277,     28.6707,     57.3414,      0.0192,      0.0007,      0.0156,      0.2019,   7727.8340,-419833.3750,   -911.0134,    549.6146,  25759.4453,
       1,     168,     176,       3,       1,       3,       1,     10.0000,      1.3979,     42.5631,    247.9042,     62.3880,      3.4953,      0.0000,     -0.0320,      0.4550,      0.1528,      5.5679,     11.1357,      1.3506,     28.6707,     57.3414,      0.0192,      0.0004,      0.0156,      0.2019,   7727.8340,-419330.9688,   -910.9655,    549.6490,  25759.4434,
       1,     168,     176,       4,       1,       3,       1,     10.0000,      1.3979,     42.5631,    247.9042,     62.3880,      3.4953,      0.0000,     -0.0322,      0.5884,      0.1586,      5.5679,     11.1357,      1.4017,     28.6707,     57.3414,      0.0192,      0.0005,      0.0156,      0.2019,   7727.8335,-418712.9688,   -910.8706,    549.6915,  25759.4434,
       1,     168,     176,       5,       1,       3,       1,     10.0000,      1.3979,     42.5631,    247.9042,     62.3880,      3.4953,      0.0000,     -0.0323,      0.6336,      0.1612,      5.5679,     11.1357,      1.4244,     28.6707,     57.3414,      0.0192,      0.0005,      0.0156,      0.2019,   7727.8335,-418827.2500,   -910.9210,    549.6837,  25759.4453,
       1,     168,     176,       6,       1,       3,       1,     10.0000,      1.3979,     42.5631,    247.9042,     62.3880,      3.4953,      0.0000,     -0.0323,      0.4417,      0.1601,      5.5679,     11.1357,      1.4144,     28.6707,     57.3414,      0.0192,      0.0003,      0.0156,      0.2019,   7727.8340,-418893.6250,   -910.9696,    549.6791,  25759.4453,
       1,     168,     176,       7,       1,       3,       1,     10.0000,      1.3979,     42.5631,    247.9042,     62.3880,      3.4953,      0.0000,     -0.0323,      0.3948,      0.1601,      5.5679,     11.1357,      1.4144,     28.6707,     57.3414,      0.0192,      0.0003,      0.0156,      0.2019,   7727.8340,-418658.2812,   -910.9366,    549.6954,  25759.4414,
       1,     168,     176,       8,       1,       3,       1,     10.0000,      1.3979,     42.5631,    247.9042,     62.3880,      3.4953,      0.0238,     -0.0082,      0.3402,      0.1519,      5.5679,     11.1357,      1.3425,     28.6707,     57.3414,      0.0192,      0.0003,      0.0138,      0.2019,   7727.8325,-418579.4375,   -910.9256,    549.7008,  25759.4434,
       1,     168,     176,       9,       1,       3,       1,     10.0000,      1.3979,     42.5631,    247.9042,     62.3880,      3.4953,      0.1086,      0.0762,      6.2871,      0.1643,      5.5679,     11.1357,      1.4517,     28.6707,     57.3414,      0.0192,      0.0006,      0.1361,      0.2019,   7727.8335,-418503.6250,   -911.0244,    549.7059,  25759.4434,
       1,     168,     176,      10,       1,       3,       1,     10.0000,      1.3979,     42.5631,    247.9042,     62.3880,      3.4953,      0.1539,      0.1205,     15.0628,      0.1923,      5.5679,     11.1357,      1.6990,     28.6707,     57.3414,      0.0192,      0.0009,      0.2009,      0.2019,   7727.8335,-425972.6875,   -912.9685,    549.1927,  25759.4414,
       1,     168,     176,      11,       1,       3,       1,     10.0000,      1.3979,     42.5631,    247.9042,     62.3880,      3.4953,      0.1854,      0.1511,     19.9423,      0.2242,      5.5679,     11.1357,      1.9812,     28.6707,     57.3414,      0.0192,      0.0010,      0.2467,      0.2019,   7727.8325,-437651.1875,   -916.0197,    548.3912,  25759.4434,
       1,     168,     176,      12,       1,       3,       1,     10.0000,      1.3979,     42.5631,    247.9042,     62.3880,      3.4953,      0.1861,      0.1514,     19.7752,      0.2436,      5.5679,     11.1357,      2.1528,     28.6707,     57.3414,      0.0192,      0.0010,      0.2481,      0.2019,   7727.8335,-444795.5938,   -918.9337,    547.9021,  25759.4453,
       1,     168,     176,      13,       1,       3,       1,     10.0000,      1.3979,     42.5631,    247.9042,     62.3880,      3.4953,      0.1867,      0.1515,     11.7286,      0.2618,      5.5679,     11.1357,      2.3133,     28.6707,     57.3414,      0.0192,      0.0006,      0.2500,      0.2019,   7727.8340,-445201.4688,   -920.8547,    547.8746,  25759.4434,
       1,     168,     176,      14,       1,       3,       1,     10.0000,      1.3979,     42.5631,    247.9042,     62.3880,      3.4953,      0.1774,      0.1422,     15.8206,      0.2613,      5.5679,     11.1357,      2.3089,     28.6707,     57.3414,      0.0192,      0.0008,      0.2358,      0.2019,   7727.8335,-435117.4688,   -920.7099,    548.5651,  25759.4453,
       1,     168,     176,      15,       1,       3,       1,     10.0000,      1.3979,     42.5631,    247.9042,     62.3880,      3.4953,      0.0614,      0.0294,     11.7231,      0.1515,      5.5679,     11.1357,      1.3384,     28.6707,     57.3414,      0.0192,      0.0021,      0.0671,      0.2019,   7727.8340,-439394.0312,   -916.1448,    548.2723,  25759.4434,
       1,     168,     176,      16,       1,       3,       1,     10.0000,      1.3979,     42.5631,    247.9042,     62.3880,      3.4953,      0.0608,      0.0294,     19.3733,      0.1355,      5.5679,     11.1357,      1.1977,     28.6707,     57.3414,      0.0192,      0.0036,      0.0659,      0.2019,   7727.8335,-434610.5000,   -913.4645,    548.6002,  25759.4453,
       1,     168,     176,      17,       1,       3,       1,     10.0000,      1.3979,     42.5631,    247.9042,     62.3880,      3.4953,      0.0631,      0.0319,     22.2571,      0.1295,      5.5679,     11.1357,      1.1442,     28.6707,     57.3414,      0.0192,      0.0040,      0.0690,      0.2019,   7727.8340,-443816.7812,   -915.9380,    547.9690,  25759.4434,
       1,     168,     176,      18,       1,       3,       1,     10.0000,      1.3979,     42.5631,    247.9042,     62.3880,      3.4953,      0.0758,      0.0444,     32.8932,      0.1336,      5.5679,     11.1357,      1.1808,     28.6707,     57.3414,      0.0192,      0.0047,      0.0860,      0.2019,   7727.8335,-448238.4688,   -917.5961,    547.6665,  25759.4453,
       1,     168,     176,      19,       1,       3,       1,     10.0000,      1.3979,     42.5631,    247.9042,     62.3880,      3.4953,      0.0734,      0.0420,     30.1852,      0.1361,      5.5679,     11.1357,      1.2026,     28.6707,     57.3414,      0.0192,      0.0045,      0.0829,      0.2019,   7727.8340,-461995.0625,   -920.8820,    546.7248,  25759.4453,
       1,     168,     176,      20,       1,       3,       1,     10.0000,      1.3979,     42.5631,    247.9042,     62.3880,      3.4953,      0.0186,     -0.0126,      0.6078,      0.1308,      5.5679,     11.1357,      1.1559,     28.6707,     57.3414,      0.0192,      0.0010,      0.0073,      0.2019,   7727.8340,-459776.9375,   -921.2359,    546.8772,  25759.4453,
       1,     168,     176,      21,       1,       3,       1,     10.0000,      1.3979,     42.5631,    247.9042,     62.3880,      3.4953,      0.0001,     -0.0311,      0.5701,      0.1282,      5.5679,     11.1357,      1.1327,     28.6707,     57.3414,      0.0192,      0.0004,      0.0156,      0.2019,   7727.8340,-422382.3438,   -914.7212,    549.4335,  25759.4434,
       1,     168,     176,      22,       1,       3,       1,     10.0000,      1.3979,     42.5631,    247.9042,     62.3880,      3.4953,      0.0000,     -0.0310,      0.4874,      0.1241,      5.5679,     11.1357,      1.0964,     28.6707,     57.3414,      0.0192,      0.0004,      0.0156,      0.2019,   7727.8335,-419128.6562,   -914.1691,    549.6630,  25759.4434,
       1,     168,     176,      23,       1,       3,       1,     10.0000,      1.3979,     42.5631,    247.9042,     62.3880,      3.4953,      0.0000,     -0.0307,      0.4806,      0.1190,      5.5679,     11.1357,      1.0514,     28.6707,     57.3414,      0.0192,      0.0004,      0.0156,      0.2019,   7727.8335,-418736.1875,   -911.3549,    549.6899,  25759.4414,
       1,     168,     176,      24,       1,       3,       1,     10.0000,      1.3979,     42.5631,    247.9042,     62.3880,      3.4953,      0.0000,     -0.0307,      0.6829,      0.1181,      5.5679,     11.1357,      1.0439,     28.6707,     57.3414,      0.0192,      0.0005,      0.0156,      0.2019,   7727.8325,-418694.0625,   -911.3721,    549.6929,  25759.4453,
       1,     168,     177,       1,       1,       3,       1,     10.0000,      1.3979,     42.5634,    247.9101,     62.3895,      3.4953,      0.0000,     -0.0310,      0.6706,      0.1257,      5.5690,     11.1380,      1.1110,     28.6651,     57.3303,      0.0192,      0.0005,      0.0156,      0.2019,   7727.8340,-419100.0312,   -911.7623,    549.6780,  25760.5996,
       1,     168,     177,       2,       1,       3,       1,     10.0000,      1.3979,     42.5634,    247.9101,     62.3895,      3.4953,      0.0000,     -0.0309,      0.7602,      0.1221,      5.5690,     11.1380,      1.0786,     28.6651,     57.3303,      0.0192,      0.0006,      0.0156,      0.2019,   7728.1802,-418966.8750,   -911.5376,    549.6871,  25760.5977,
       1,     168,     177,       3,       1,       3,       1,     10.0000,      1.3979,     42.5634,    247.9101,     62.3895,      3.4953,      0.0000,     -0.0307,      0.3797,      0.1179,      5.5690,     11.1380,      1.0418,     28.6651,     57.3303,      0.0192,      0.0003,      0.0156,      0.2019,   7728.1797,-419068.3125,   -911.6143,    549.6802,  25760.5977,
       1,     168,     177,       4,       1,       3,       1,     10.0000,      1.3979,     42.5634,    247.9101,     62.3895,      3.4953,      0.0000,     -0.0308,      0.3537,      0.1200,      5.5690,     11.1380,      1.0601,     28.6651,     57.3303,      0.0192,      0.0003,      0.0156,      0.2019,   7728.1797,-418598.7812,   -911.5454,    549.7124,  25760.5996,
       1,     168,     177,       5,       1,       3,       1,     10.0000,      1.3979,     42.5634,    247.9101,     62.3895,      3.4953,      0.0000,     -0.0307,      0.4712,      0.1171,      5.5690,     11.1380,      1.0344,     28.6651,     57.3303,      0.0192,      0.0004,      0.0156,      0.2019,   7728.1802,-418525.3438,   -911.5396,    549.7175,  25760.5977,
       1,     168,     177,       6,       1,       3,       1,     10.0000,      1.3979,     42.5634,    247.9101,     62.3895,      3.4953,      0.0000,     -0.0307,      0.2783,      0.1179,      5.5690,     11.1380,      1.0418,     28.6651,     57.3303,      0.0192,      0.0002,      0.0156,      0.2019,   7728.1797,-418666.7500,   -911.5939,    549.7078,  25760.5977,
       1,     168,     177,       7,       1,       3,       1,     10.0000,      1.3979,     42.5634,    247.9101,     62.3895,      3.4953,      0.0000,     -0.0307,      0.2766,      0.1173,      5.5690,     11.1380,      1.0365,     28.6651,     57.3303,      0.0192,      0.0002,      0.0156,      0.2019,   7728.1797,-418436.5938,   -911.5541,    549.7236,  25760.5977,
       1,     168,     177,       8,       1,       3,       1,     10.0000,      1.3979,     42.5634,    247.9101,     62.3895,      3.4953,      0.0117,     -0.0189,      0.3384,      0.1149,      5.5690,     11.1380,      1.0155,     28.6651,     57.3303,      0.0192,      0.0003,      0.0156,      0.2019,   7728.1797,-418414.6562,   -911.5512,    549.7250,  25760.5977,
       1,     168,     177,       9,       1,       3,       1,     10.0000,      1.3979,     42.5634,    247.9101,     62.3895,      3.4953,      0.0817,      0.0509,      1.8303,      0.1222,      5.5690,     11.1380,      1.0797,     28.6651,     57.3303,      0.0192,      0.0002,      0.0985,      0.2019,   7728.1797,-418490.4375,   -911.5991,    549.7198,  25760.5977,
       1,     168,     177,      10,       1,       3,       1,     10.0000,      1.3979,     42.5634,    247.9101,     62.3895,      3.4953,      0.1604,      0.1289,      4.5460,      0.1387,      5.5690,     11.1380,      1.2260,     28.6651,     57.3303,      0.0192,      0.0003,      0.2116,      0.2019,   7728.1797,-420372.0938,   -912.1801,    549.5906,  25760.5957,
       1,     168,     177,      11,       1,       3,       1,     10.0000,      1.3979,     42.5634,    247.9101,     62.3895,      3.4953,      0.1847,      0.1524,      6.3402,      0.1622,      5.5690,     11.1380,      1.4330,     28.6651,     57.3303,      0.0192,      0.0003,      0.2468,      0.2019,   7728.1792,-423948.3750,   -913.5425,    549.3450,  25760.5957,
       1,     168,     177,      12,       1,       3,       1,     10.0000,      1.3979,     42.5634,    247.9101,     62.3895,      3.4953,      0.1864,      0.1533,      7.4074,      0.1841,      5.5690,     11.1380,      1.6265,     28.6651,     57.3303,      0.0192,      0.0004,      0.2493,      0.2019,   7728.1792,-426512.3750,   -915.1311,    549.1688,  25760.5977,
       1,     168,     177,      13,       1,       3,       1,     10.0000,      1.3979,     42.5634,    247.9101,     62.3895,      3.4953,      0.1803,      0.1466,      9.9741,      0.2046,      5.5690,     11.1380,      1.8081,     28.6651,     57.3303,      0.0192,      0.0005,      0.2402,      0.2019,   7728.1797,-428075.2812,   -916.5529,    549.0616,  25760.5977,
       1,     168,     177,      14,       1,       3,       1,     10.0000,      1.3979,     42.5634,    247.9101,     62.3895,      3.4953,      0.1868,      0.1526,     10.2753,      0.2229,      5.5690,     11.1380,      1.9696,     28.6651,     57.3303,      0.0192,      0.0005,      0.2500,      0.2019,   7728.1797,-431436.5312,   -918.8292,    548.8310,  25760.5977,
       1,     168,     177,      15,       1,       3,       1,     10.0000,      1.3979,     42.5634,    247.9101,     62.3895,      3.4953,      0.1809,      0.1467,     28.1450,      0.2220,      5.5690,     11.1380,      1.9619,     28.6651,     57.3303,      0.0192,      0.0014,      0.2392,      0.2019,   7728.1797,-432105.4375,   -920.9736,    548.7852,  25760.5977,
       1,     168,     177,      16,       1,       3,       1,     10.0000,      1.3979,     42.5634,    247.9101,     62.3895,      3.4953,      0.1910,      0.1565,     64.9007,      0.2316,      5.5690,     11.1380,      2.0463,     28.6651,     57.3303,      0.0192,      0.0032,      0.2499,      0.2019,   7728.1797,-454627.5625,   -926.2322,    547.2401,  25760.5977,
       1,     168,     177,      17,       1,       3,       1,     10.0000,      1.3979,     42.5634,    247.9101,     62.3895,      3.4953,      0.1715,      0.1370,     71.7768,      0.2345,      5.5690,     11.1380,      2.0724,     28.6651,     57.3303,      0.0192,      0.0040,      0.2204,      0.2019,   7728.1797,-502798.7812,   -936.5515,    543.9471,  25760.5977,
       1,     168,     177,      18,       1,       3,       1,     10.0000,      1.3979,     42.5634,    247.9101,     62.3895,      3.4953,      0.1267,      0.0925,     63.7798,      0.2238,      5.5690,     11.1380,      1.9773,     28.6651,     57.3303,      0.0192,      0.0050,      0.1553,      0.2018,   7728.1797,-515628.0938,   -940.0047,    543.0847,  25760.5996,
       1,     168,     177,      19,       1,       3,       1,     10.0000,      1.3979,     42.5634,    247.9101,     62.3895,      3.4953,      0.0420,      0.0089,     16.9478,      0.1874,      5.5690,     11.1380,      1.6558,     28.6651,     57.3303,      0.0192,      0.0056,      0.0372,      0.2018,   7728.1802,-506654.5000,   -939.0572,    543.6946,  25760.5957,
       1,     168,     177,      20,       1,       3,       1,     10.0000,      1.3979,     42.5634,    247.9101,     62.3895,      3.4953,      0.0236,     -0.0089,      5.2154,      0.1666,      5.5690,     11.1380,      1.4722,     28.6651,     57.3303,      0.0192,      0.0052,      0.0124,      0.2018,   7728.1792,-446942.6562,   -928.3613,    547.7531,  25760.5957,
       1,     168,     177,      21,       1,       3,       1,     10.0000,      1.3979,     42.5634,    247.9101,     62.3895,      3.4953,      0.0001,     -0.0324,      6.8703,      0.1673,      5.5690,     11.1380,      1.4781,     28.6651,     57.3303,      0.0192,      0.0054,      0.0156,      0.2019,   7728.1792,-427098.2812,   -924.8893,    549.1271,  25760.5977,
       1,     168,     177,      22,       1,       3,       1,     10.0000,      1.3979,     42.5634,    247.9101,     62.3895,      3.4953,      0.0000,     -0.0325,      7.2349,      0.1658,      5.5690,     11.1380,      1.4649,     28.6651,     57.3303,      0.0192,      0.0057,      0.0156,      0.2019,   7728.1797,-427452.6562,   -925.1189,    549.1044,  25760.5996,
       1,     168,     177,      23,       1,       3,       1,     10.0000,      1.3979,     42.5634,    247.9101,     62.3895,      3.4953,      0.0000,     -0.0323,      6.6423,      0.1599,      5.5690,     11.1380,      1.4130,     28.6651,     57.3303,      0.0192,      0.0052,      0.0156,      0.2019,   7728.1802,-427939.1250,   -925.3837,    549.0710,  25760.5977,
       1,     168,     177,      24,       1,       3,       1,     10.0000,      1.3979,     42.5634,    247.9101,     62.3895,      3.4953,      0.0000,     -0.0320,      3.7104,      0.1530,      5.5690,     11.1380,      1.3520,     28.6651,     57.3303,      0.0192,      0.0029,      0.0156,      0.2019,   7728.1797,-427236.5312,   -925.4010,    549.1192,  25760.5977,
       1,     168,     178,       1,       1,       3,       1,     10.0000,      1.3979,     42.5638,    247.9160,     62.3910,      3.4953,      0.0000,     -0.0318,      1.5060,      0.1464,      5.5681,     11.1362,      1.2934,     28.6682,     57.3364,      0.0192,      0.0012,      0.0156,      0.2019,   7728.1797,-423646.2500,   -925.0723,    549.3787,  25761.7598,
       1,     168,     178,       2,       1,       3,       1,     10.0000,      1.3979,     42.5638,    247.9160,     62.3910,      3.4953,      0.0000,     -0.0318,      2.1461,      0.1462,      5.5681,     11.1362,      1.2921,     28.6682,     57.3364,      0.0192,      0.0017,      0.0156,      0.2019,   7728.5283,-420412.1250,   -924.2155,    549.6008,  25761.7578,
       1,     168,     178,       3,       1,       3,       1,     10.0000,      1.3979,     42.5638,    247.9160,     62.3910,      3.4953,      0.0000,     -0.0318,      2.1752,      0.1465,      5.5681,     11.1362,      1.2947,     28.6682,     57.3364,      0.0192,      0.0017,      0.0156,      0.2019,   7728.5278,-420937.5938,   -924.3354,    549.5647,  25761.7578,
       1,     168,     178,       4,       1,       3,       1,     10.0000,      1.3979,     42.5638,    247.9160,     62.3910,      3.4953,      0.0000,     -0.0319,      1.8646,      0.1482,      5.5681,     11.1362,      1.3092,     28.6682,     57.3364,      0.0192,      0.0015,      0.0156,      0.2019,   7728.5278,-421019.6250,   -924.3817,    549.5591,  25761.7578,
       1,     168,     178,       5,       1,       3,       1,     10.0000,      1.3979,     42.5638,    247.9160,     62.3910,      3.4953,      0.0000,     -0.0318,      1.7143,      0.1462,      5.5681,     11.1362,      1.2921,     28.6682,     57.3364,      0.0192,      0.0014,      0.0156,      0.2019,   7728.5278,-420636.3125,   -924.3357,    549.5854,  25761.7559,
       1,     168,     178,       6,       1,       3,       1,     10.0000,      1.3979,     42.5638,    247.9160,     62.3910,      3.4953,      0.0000,     -0.0317,      1.0225,      0.1442,      5.5681,     11.1362,      1.2740,     28.6682,     57.3364,      0.0192,      0.0008,      0.0156,      0.2019,   7728.5269,-420414.5312,   -924.3181,    549.6007,  25761.7578,
       1,     168,     178,       7,       1,       3,       1,     10.0000,      1.3979,     42.5638,    247.9160,     62.3910,      3.4953,      0.0000,     -0.0316,      0.5351,      0.1422,      5.5681,     11.1362,      1.2561,     28.6682,     57.3364,      0.0192,      0.0004,      0.0156,      0.2019,   7728.5278,-419525.5625,   -924.1633,    549.6617,  25761.7578,
       1,     168,     178,       8,       1,       3,       1,     10.0000,      1.3979,     42.5638,    247.9160,     62.3910,      3.4953,      0.0179,     -0.0137,      0.1319,      0.1433,      5.5681,     11.1362,      1.2663,     28.6682,     57.3364,      0.0192,      0.0003,      0.0057,      0.2019,   7728.5278,-418836.3750,   -924.0391,    549.7091,  25761.7578,
       1,     168,     178,       9,       1,       3,       1,     10.0000,      1.3979,     42.5638,    247.9160,     62.3910,      3.4953,      0.0790,      0.0470,      2.9766,      0.1522,      5.5681,     11.1362,      1.3452,     28.6682,     57.3364,      0.0192,      0.0004,      0.0936,      0.2019,   7728.5278,-418270.1562,   -923.9422,    549.7480,  25761.7578,
       1,     168,     178,      10,       1,       3,       1,     10.0000,      1.3979,     42.5638,    247.9160,     62.3910,      3.4953,      0.1361,      0.1037,      5.7080,      0.1636,      5.5681,     11.1362,      1.4460,     28.6682,     57.3364,      0.0192,      0.0004,      0.1761,      0.2019,   7728.5278,-421796.2500,   -924.6455,    549.5057,  25761.7578,
       1,     168,     178,      11,       1,       3,       1,     10.0000,      1.3979,     42.5638,    247.9160,     62.3910,      3.4953,      0.1505,      0.1178,      5.4926,      0.1741,      5.5681,     11.1362,      1.5384,     28.6682,     57.3364,      0.0192,      0.0003,      0.1971,      0.2019,   7728.5278,-425533.7500,   -925.4332,    549.2490,  25761.7598,
       1,     168,     178,      12,       1,       3,       1,     10.0000,      1.3979,     42.5638,    247.9160,     62.3910,      3.4953,      0.1831,      0.1500,      7.3989,      0.1870,      5.5681,     11.1362,      1.6525,     28.6682,     57.3364,      0.0192,      0.0004,      0.2446,      0.2019,   7728.5283,-425585.6562,   -925.5352,    549.2455,  25761.7559,
       1,     168,     178,      13,       1,       3,       1,     10.0000,      1.3979,     42.5638,    247.9160,     62.3910,      3.4953,      0.1868,      0.1531,      8.3498,      0.2038,      5.5681,     11.1362,      1.8011,     28.6682,     57.3364,      0.0192,      0.0004,      0.2500,      0.2019,   7728.5269,-427986.4062,   -926.1116,    549.0807,  25761.7559,
       1,     168,     178,      14,       1,       3,       1,     10.0000,      1.3979,     42.5638,    247.9160,     62.3910,      3.4953,      0.1829,      0.1491,     10.1964,      0.2087,      5.5681,     11.1362,      1.8442,     28.6682,     57.3364,      0.0192,      0.0005,      0.2442,      0.2019,   7728.5269,-429388.9375,   -926.5024,    548.9845,  25761.7578,
       1,     168,     178,      15,       1,       3,       1,     10.0000,      1.3979,     42.5638,    247.9160,     62.3910,      3.4953,      0.1749,      0.1411,     23.7792,      0.2089,      5.5681,     11.1362,      1.8460,     28.6682,     57.3364,      0.0192,      0.0013,      0.2308,      0.2019,   7728.5278,-431830.7188,   -927.0607,    548.8170,  25761.7578,
       1,     168,     178,      16,       1,       3,       1,     10.0000,      1.3979,     42.5638,    247.9160,     62.3910,      3.4953,      0.1692,      0.1354,     38.5878,      0.2103,      5.5681,     11.1362,      1.8587,     28.6682,     57.3364,      0.0192,      0.0021,      0.2207,      0.2019,   7728.5278,-449114.7188,   -930.4567,    547.6312,  25761.7578,
       1,     168,     178,      17,       1,       3,       1,     10.0000,      1.3979,     42.5638,    247.9160,     62.3910,      3.4953,      0.1523,      0.1187,     42.0881,      0.2016,      5.5681,     11.1362,      1.7816,     28.6682,     57.3364,      0.0192,      0.0026,      0.1955,      0.2019,   7728.5278,-469228.0000,   -934.4525,    546.2556,  25761.7598,
       1,     168,     178,      18,       1,       3,       1,     10.0000,      1.3979,     42.5638,    247.9160,     62.3910,      3.4953,      0.1053,      0.0721,     38.2185,      0.1893,      5.5681,     11.1362,      1.6723,     28.6682,     57.3364,      0.0192,      0.0037,      0.1272,      0.2019,   7728.5283,-475366.7812,   -935.8290,    545.8382,  25761.7578,
       1,     168,     178,      19,       1,       3,       1,     10.0000,      1.3979,     42.5638,    247.9160,     62.3910,      3.4953,      0.1014,      0.0683,     38.4469,      0.1837,      5.5681,     11.1362,      1.6233,     28.6682,     57.3364,      0.0192,      0.0039,      0.1215,      0.2019,   7728.5278,-471026.5312,   -935.2049,    546.1345,  25761.7578,
       1,     168,     178,      20,       1,       3,       1,     10.0000,      1.3979,     42.5638,    247.9160,     62.3910,      3.4953,      0.0253,     -0.0075,      4.4842,      0.1758,      5.5681,     11.1362,      1.5538,     28.6682,     57.3364,      0.0192,      0.0038,      0.0146,      0.2019,   7728.5278,-470940.3750,   -935.3754,    546.1405,  25761.7539,
       1,     168,     178,      21,       1,       3,       1,     10.0000,      1.3979,     42.5638,    247.9160,     62.3910,      3.4953,      0.0001,     -0.0324,      4.5328,      0.1651,      5.5681,     11.1362,      1.4591,     28.6682,     57.3364,      0.0192,      0.0036,      0.0156,      0.2019,   7728.5264,-428218.0000,   -927.3006,    549.0570,  25761.7559,
       1,     168,     178,      22,       1,       3,       1,     10.0000,      1.3979,     42.5638,    247.9160,     62.3910,      3.4953,      0.0000,     -0.0322,      3.8925,      0.1578,      5.5681,     11.1362,      1.3948,     28.6682,     57.3364,      0.0192,      0.0031,      0.0156,      0.2019,   7728.5269,-424621.0938,   -926.6223,    549.3117,  25761.7559,
       1,     168,     178,      23,       1,       3,       1,     10.0000,      1.3979,     42.5638,    247.9160,     62.3910,      3.4953,      0.0000,     -0.0321,      3.0843,      0.1536,      5.5681,     11.1362,      1.3575,     28.6682,     57.3364,      0.0192,      0.0024,      0.0156,      0.2019,   7728.5269,-423496.2500,   -926.4094,    549.3890,  25761.7559,
       1,     168,     178,      24,       1,       3,       1,     10.0000,      1.3979,     42.5638,    247.9160,     62.3910,      3.4953,      0.0000,     -0.0320,      2.5488,      0.1522,      5.5681,     11.1362,      1.3452,     28.6682,     57.3364,      0.0192,      0.0020,      0.0156,      0.2019,   7728.5269,-422383.2500,   -926.1965,    549.4654,  25761.7539,
       1,     168,     179,       1,       1,       3,       1,     10.0000,      1.3979,     42.5641,    247.9218,     62.3925,      3.4953,      0.0000,     -0.0320,      2.0656,      0.1507,      5.5682,     11.1363,      1.3318,     28.6696,     57.3393,      0.0192,      0.0016,      0.0156,      0.2020,   7728.5264,-421770.2812,   -926.3591,    549.5205,  25762.9160,
       1,     168,     179,       2,       1,       3,       1,     10.0000,      1.3979,     42.5641,    247.9218,     62.3925,      3.4953,      0.0000,     -0.0319,      1.3920,      0.1485,      5.5682,     11.1363,      1.3118,     28.6696,     57.3393,      0.0192,      0.0011,      0.0156,      0.2020,   7728.8750,-420956.2500,   -925.9276,    549.5764,  25762.9141,
       1,     168,     179,       3,       1,       3,       1,     10.0000,      1.3979,     42.5641,    247.9218,     62.3925,      3.4953,      0.0000,     -0.0317,      1.0197,      0.1427,      5.5682,     11.1363,      1.2612,     28.6696,     57.3393,      0.0192,      0.0008,      0.0156,      0.2020,   7728.8745,-420039.7812,   -922.7719,    549.6393,  25762.9121,
       1,     168,     179,       4,       1,       3,       1,     10.0000,      1.3979,     42.5641,    247.9218,     62.3925,      3.4953,      0.0000,     -0.0316,      0.8227,      0.1399,      5.5682,     11.1363,      1.2360,     28.6696,     57.3393,      0.0192,      0.0006,      0.0156,      0.2020,   7728.8740,-419493.1875,   -922.7120,    549.6769,  25762.9160,
       1,     168,     179,       5,       1,       3,       1,     10.0000,      1.3979,     42.5641,    247.9218,     62.3925,      3.4953,      0.0000,     -0.0315,      0.9746,      0.1373,      5.5682,     11.1363,      1.2137,     28.6696,     57.3393,      0.0192,      0.0008,      0.0156,      0.2020,   7728.8750,-419197.9062,   -922.6873,    549.6972,  25762.9141,
       1,     168,     179,       6,       1,       3,       1,     10.0000,      1.3979,     42.5641,    247.9218,     62.3925,      3.4953,      0.0000,     -0.0315,      1.2457,      0.1379,      5.5682,     11.1363,      1.2186,     28.6696,     57.3393,      0.0192,      0.0010,      0.0156,      0.2020,   7728.8745,-419363.4062,   -922.7575,    549.6859,  25762.9121,
       1,     168,     179,       7,       1,       3,       1,     10.0000,      1.3979,     42.5641,    247.9218,     62.3925,      3.4953,      0.0000,     -0.0316,      0.7227,      0.1397,      5.5682,     11.1363,      1.2347,     28.6696,     57.3393,      0.0192,      0.0006,      0.0156,      0.2020,   7728.8740,-419718.6875,   -922.8796,    549.6614,  25762.9141,
       1,     168,     179,       8,       1,       3,       1,     10.0000,      1.3979,     42.5641,    247.9218,     62.3925,      3.4953,      0.0081,     -0.0234,      0.3481,      0.1397,      5.5682,     11.1363,      1.2347,     28.6696,     57.3393,      0.0192,      0.0003,      0.0156,      0.2020,   7728.8745,-419091.9062,   -922.7854,    549.7045,  25762.9141,
       1,     168,     179,       9,       1,       3,       1,     10.0000,      1.3979,     42.5641,    247.9218,     62.3925,      3.4953,      0.0222,     -0.0094,      0.3128,      0.1407,      5.5682,     11.1363,      1.2435,     28.6696,     57.3393,      0.0192,      0.0003,      0.0121,      0.2020,   7728.8745,-418566.9375,   -922.7020,    549.7405,  25762.9141,
       1,     168,     179,      10,       1,       3,       1,     10.0000,      1.3979,     42.5641,    247.9218,     62.3925,      3.4953,      0.1098,      0.0778,      4.3638,      0.1504,      5.5682,     11.1363,      1.3291,     28.6696,     57.3393,      0.0192,      0.0004,      0.1382,      0.2020,   7728.8745,-418477.3438,   -922.7338,    549.7467,  25762.9141,
       1,     168,     179,      11,       1,       3,       1,     10.0000,      1.3979,     42.5641,    247.9218,     62.3925,      3.4953,      0.1485,      0.1159,      8.8460,      0.1715,      5.5682,     11.1363,      1.5156,     28.6696,     57.3393,      0.0192,      0.0006,      0.1938,      0.2020,   7728.8745,-423560.1250,   -923.9342,    549.3975,  25762.9141,
       1,     168,     179,      12,       1,       3,       1,     10.0000,      1.3979,     42.5641,    247.9218,     62.3925,      3.4953,      0.1818,      0.1487,     10.2181,      0.1874,      5.5682,     11.1363,      1.6559,     28.6696,     57.3393,      0.0192,      0.0005,      0.2423,      0.2020,   7728.8745,-429631.7812,   -925.3981,    548.9806,  25762.9121,
       1,     168,     179,      13,       1,       3,       1,     10.0000,      1.3979,     42.5641,    247.9218,     62.3925,      3.4953,      0.1870,      0.1533,     11.3787,      0.2060,      5.5682,     11.1363,      1.8207,     28.6696,     57.3393,      0.0192,      0.0006,      0.2500,      0.2020,   7728.8740,-431881.0000,   -926.2836,    548.8264,  25762.9160,
       1,     168,     179,      14,       1,       3,       1,     10.0000,      1.3979,     42.5641,    247.9218,     62.3925,      3.4953,      0.1506,      0.1176,      9.7301,      0.1832,      5.5682,     11.1363,      1.6185,     28.6696,     57.3393,      0.0192,      0.0006,      0.1967,      0.2020,   7728.8750,-433533.0938,   -927.0996,    548.7131,  25762.9141,
       1,     168,     179,      15,       1,       3,       1,     10.0000,      1.3979,     42.5641,    247.9218,     62.3925,      3.4953,      0.1877,      0.1544,     18.1031,      0.1904,      5.5682,     11.1363,      1.6823,     28.6696,     57.3393,      0.0192,      0.0009,      0.2500,      0.2020,   7728.8745,-431603.6875,   -918.3336,    548.8454,  25762.9141,
       1,     168,     179,      16,       1,       3,       1,     10.0000,      1.3979,     42.5641,    247.9218,     62.3925,      3.4953,      0.1817,      0.1482,     36.7893,      0.1963,      5.5682,     11.1363,      1.7348,     28.6696,     57.3393,      0.0192,      0.0019,      0.2391,      0.2020,   7728.8745,-441960.7188,   -921.6991,    548.1349,  25762.9141,
       1,     168,     179,      17,       1,       3,       1,     10.0000,      1.3979,     42.5641,    247.9218,     62.3925,      3.4953,      0.1701,      0.1367,     46.9605,      0.1950,      5.5682,     11.1363,      1.7228,     28.6696,     57.3393,      0.0192,      0.0026,      0.2210,      0.2020,   7728.8745,-466344.2188,   -927.2548,    546.4647,  25762.9141,
       1,     168,     179,      18,       1,       3,       1,     10.0000,      1.3979,     42.5641,    247.9218,     62.3925,      3.4953,      0.1365,      0.1032,     46.0733,      0.1908,      5.5682,     11.1363,      1.6857,     28.6696,     57.3393,      0.0192,      0.0033,      0.1719,      0.2019,   7728.8745,-481242.5312,   -931.0806,    545.4495,  25762.9121,
       1,     168,     179,      19,       1,       3,       1,     10.0000,      1.3979,     42.5641,    247.9218,     62.3925,      3.4953,      0.0874,      0.0544,     15.6100,      0.1803,      5.5682,     11.1363,      1.5930,     28.6696,     57.3393,      0.0192,      0.0018,      0.1038,      0.2019,   7728.8740,-481409.4062,   -932.0287,    545.4391,  25762.9141,
       1,     168,     179,      20,       1,       3,       1,     10.0000,      1.3979,     42.5641,    247.9218,     62.3925,      3.4953,      0.0286,     -0.0041,      3.0749,      0.1736,      5.5682,     11.1363,      1.5338,     28.6696,     57.3393,      0.0192,      0.0019,      0.0196,      0.2019,   7728.8745,-443106.4688,   -925.4443,    548.0505,  25762.9141,
       1,     168,     179,      21,       1,       3,       1,     10.0000,      1.3979,     42.5641,    247.9218,     62.3925,      3.4953,      0.0000,     -0.0325,      3.4380,      0.1688,      5.5682,     11.1363,      1.4916,     28.6696,     57.3393,      0.0192,      0.0027,      0.0156,      0.2019,   7728.8745,-424070.5625,   -922.1813,    549.3610,  25762.9141,
       1,     168,     179,      22,       1,       3,       1,     10.0000,      1.3979,     42.5641,    247.9218,     62.3925,      3.4953,      0.0000,     -0.0325,      3.8641,      0.1665,      5.5682,     11.1363,      1.4708,     28.6696,     57.3393,      0.0192,      0.0030,      0.0156,      0.2020,   7728.8745,-422881.5938,   -922.1612,    549.4442,  25762.9141,
       1,     168,     179,      23,       1,       3,       1,     10.0000,      1.3979,     42.5641,    247.9218,     62.3925,      3.4953,      0.0000,     -0.0324,      3.3709,      0.1646,      5.5682,     11.1363,      1.4547,     28.6696,     57.3393,      0.0192,      0.0027,      0.0156,      0.2020,   7728.8745,-423312.5625,   -922.4919,    549.4146,  25762.9121,
       1,     168,     179,      24,       1,       3,       1,     10.0000,      1.3979,     42.5641,    247.9218,     62.3925,      3.4953,      0.0000,     -0.0323,      2.7170,      0.1604,      5.5682,     11.1363,      1.4174,     28.6696,     57.3393,      0.0192,      0.0021,      0.0156,      0.2020,   7728.8740,-422730.3438,   -922.5739,    549.4545,  25762.9160,
       1,     168,     180,       1,       1,       3,       1,     10.0000,      1.3979,     42.5645,    247.9277,     62.3939,      3.4953,      0.0000,     -0.0323,      2.6910,      0.1615,      5.5688,     11.1376,      1.4274,     28.6695,     57.3390,      0.0192,      0.0021,      0.0156,      0.2020,   7728.8750,-422013.6250,   -922.8272,    549.5167,  25764.0703,
       1,     168,     180,       2,       1,       3,       1,     10.0000,      1.3979,     42.5645,    247.9277,     62.3939,      3.4953,      0.0000,     -0.0323,      2.0973,      0.1619,      5.5688,     11.1376,      1.4302,     28.6695,     57.3390,      0.0192,      0.0017,      0.0156,      0.2020,   7729.2212,-421766.2812,   -922.6520,    549.5338,  25764.0703,
       1,     168,     180,       3,       1,       3,       1,     10.0000,      1.3979,     42.5645,    247.9277,     62.3939,      3.4953,      0.0000,     -0.0324,      1.3948,      0.1636,      5.5688,     11.1376,      1.4461,     28.6695,     57.3390,      0.0192,      0.0011,      0.0156,      0.2020,   7729.2212,-420998.8750,   -922.6097,    549.5864,  25764.0723,
       1,     168,     180,       4,       1,       3,       1,     10.0000,      1.3979,     42.5645,    247.9277,     62.3939,      3.4953,      0.0000,     -0.0325,      1.1652,      0.1661,      5.5688,     11.1376,      1.4679,     28.6695,     57.3390,      0.0192,      0.0009,      0.0156,      0.2020,   7729.2222,-420049.7812,   -922.4935,    549.6516,  25764.0742,
       1,     168,     180,       5,       1,       3,       1,     10.0000,      1.3979,     42.5645,    247.9277,     62.3939,      3.4953,      0.0000,     -0.0324,      0.9303,      0.1630,      5.5688,     11.1376,      1.4403,     28.6695,     57.3390,      0.0192,      0.0007,      0.0156,      0.2020,   7729.2227,-419679.1875,   -922.4797,    549.6771,  25764.0742,
       1,     168,     180,       6,       1,       3,       1,     10.0000,      1.3979,     42.5645,    247.9277,     62.3939,      3.4953,      0.0000,     -0.0321,      0.7720,      0.1541,      5.5688,     11.1376,      1.3616,     28.6695,     57.3390,      0.0192,      0.0006,      0.0156,      0.2020,   7729.2227,-419352.0938,   -922.4421,    549.6996,  25764.0742,
       1,     168,     180,       7,       1,       3,       1,     10.0000,      1.3979,     42.5645,    247.9277,     62.3939,      3.4953,      0.0000,     -0.0320,      0.5636,      0.1532,      5.5688,     11.1376,      1.3534,     28.6695,     57.3390,      0.0192,      0.0004,      0.0156,      0.2020,   7729.2227,-419124.9375,   -922.4229,    549.7152,  25764.0723,
       1,     168,     180,       8,       1,       3,       1,     10.0000,      1.3979,     42.5645,    247.9277,     62.3939,      3.4953,      0.0312,     -0.0009,      0.8507,      0.1549,      5.5688,     11.1376,      1.3685,     28.6695,     57.3390,      0.0192,      0.0004,      0.0245,      0.2020,   7729.2222,-418843.6250,   -922.3833,    549.7346,  25764.0723,
       1,     168,     180,       9,       1,       3,       1,     10.0000,      1.3979,     42.5645,    247.9277,     62.3939,      3.4953,      0.0923,      0.0598,      4.8774,      0.1690,      5.5688,     11.1376,      1.4931,     28.6695,     57.3390,      0.0192,      0.0005,      0.1125,      0.2020,   7729.2222,-419180.0000,   -922.5271,    549.7114,  25764.0723,
       1,     168,     180,      10,       1,       3,       1,     10.0000,      1.3979,     42.5645,    247.9277,     62.3939,      3.4953,      0.1353,      0.1022,      7.2166,      0.1854,      5.5688,     11.1376,      1.6379,     28.6695,     57.3390,      0.0192,      0.0005,      0.1746,      0.2020,   7729.2222,-424268.4375,   -923.7639,    549.3618,  25764.0703,
       1,     168,     180,      11,       1,       3,       1,     10.0000,      1.3979,     42.5645,    247.9277,     62.3939,      3.4953,      0.1724,      0.1387,      7.8154,      0.2077,      5.5688,     11.1376,      1.8352,     28.6695,     57.3390,      0.0192,      0.0004,      0.2290,      0.2020,   7729.2212,-427647.5625,   -924.8834,    549.1298,  25764.0723,
       1,     168,     180,      12,       1,       3,       1,     10.0000,      1.3979,     42.5645,    247.9277,     62.3939,      3.4953,      0.1867,      0.1521,     10.0256,      0.2389,      5.5688,     11.1376,      2.1114,     28.6695,     57.3390,      0.0192,      0.0005,      0.2500,      0.2020,   7729.2222,-428691.4062,   -925.8066,    549.0583,  25764.0723,
       1,     168,     180,      13,       1,       3,       1,     10.0000,      1.3979,     42.5645,    247.9277,     62.3939,      3.4953,      0.1868,      0.1520,     11.4627,      0.2463,      5.5688,     11.1376,      2.1762,     28.6695,     57.3390,      0.0192,      0.0006,      0.2500,      0.2020,   7729.2222,-431558.7188,   -927.2967,    548.8615,  25764.0723,
       1,     168,     180,      14,       1,       3,       1,     10.0000,      1.3979,     42.5645,    247.9277,     62.3939,      3.4953,      0.1547,      0.1202,     11.8434,      0.2343,      5.5688,     11.1376,      2.0706,     28.6695,     57.3390,      0.0192,      0.0007,      0.2026,      0.2020,   7729.2222,-433612.1875,   -928.3503,    548.7206,  25764.0723,
       1,     168,     180,      15,       1,       3,       1,     10.0000,      1.3979,     42.5645,    247.9277,     62.3939,      3.4953,      0.1620,      0.1282,     24.1578,      0.2110,      5.5688,     11.1376,      1.8643,     28.6695,     57.3390,      0.0192,      0.0014,      0.2119,      0.2020,   7729.2222,-434267.7812,   -928.7578,    548.6757,  25764.0723,
       1,     168,     180,      16,       1,       3,       1,     10.0000,      1.3979,     42.5645,    247.9277,     62.3939,      3.4953,      0.1579,      0.1242,     53.8929,      0.2052,      5.5688,     11.1376,      1.8136,     28.6695,     57.3390,      0.0192,      0.0033,      0.2024,      0.2020,   7729.2222,-449800.0938,   -931.9673,    547.6104,  25764.0723,
       1,     168,     180,      17,       1,       3,       1,     10.0000,      1.3979,     42.5645,    247.9277,     62.3939,      3.4953,      0.1554,      0.1214,     78.1004,      0.2156,      5.5688,     11.1376,      1.9051,     28.6695,     57.3390,      0.0192,      0.0049,      0.1960,      0.2020,   7729.2222,-488519.5938,   -939.7268,    544.9610,  25764.0723,
       1,     168,     180,      18,       1,       3,       1,     10.0000,      1.3979,     42.5645,    247.9277,     62.3939,      3.4953,      0.1392,      0.1053,     77.2786,      0.2116,      5.5688,     11.1376,      1.8698,     28.6695,     57.3390,      0.0192,      0.0055,      0.1722,      0.2019,   7729.2222,-522319.0938,   -946.7311,    542.6649,  25764.0742,
       1,     168,     180,      19,       1,       3,       1,     10.0000,      1.3979,     42.5645,    247.9277,     62.3939,      3.4953,      0.1126,      0.0789,     49.0128,      0.2077,      5.5688,     11.1376,      1.8352,     28.6695,     57.3390,      0.0192,      0.0044,      0.1365,      0.2019,   7729.2227,-524198.7812,   -947.7159,    542.5424,  25764.0723,
       1,     168,     180,      20,       1,       3,       1,     10.0000,      1.3979,     42.5645,    247.9277,     62.3939,      3.4953,      0.0234,     -0.0101,      3.4657,      0.1996,      5.5688,     11.1376,      1.7642,     28.6695,     57.3390,      0.0192,      0.0038,      0.0111,      0.2019,   7729.2222,-488782.6562,   -941.4395,    544.9442,  25764.0703,
       1,     168,     180,      21,       1,       3,       1,     10.0000,      1.3979,     42.5645,    247.9277,     62.3939,      3.4953,      0.0001,     -0.0332,      4.4160,      0.1921,      5.5688,     11.1376,      1.6974,     28.6695,     57.3390,      0.0192,      0.0035,      0.0156,      0.2019,   7729.2212,-428468.6562,   -930.1292,    549.0579,  25764.0703,
       1,     168,     180,      22,       1,       3,       1,     10.0000,      1.3979,     42.5645,    247.9277,     62.3939,      3.4953,      0.0000,     -0.0332,      4.4970,      0.1874,      5.5688,     11.1376,      1.6559,     28.6695,     57.3390,      0.0192,      0.0035,      0.0156,      0.2020,   7729.2212,-424510.1562,   -929.4498,    549.3452,  25764.0703,
       1,     168,     180,      23,       1,       3,       1,     10.0000,      1.3979,     42.5645,    247.9277,     62.3939,      3.4953,      0.0000,     -0.0330,      4.0824,      0.1828,      5.5688,     11.1376,      1.6153,     28.6695,     57.3390,      0.0192,      0.0032,      0.0156,      0.2020,   7729.2212,-424251.0000,   -929.4677,    549.3630,  25764.0703,
       1,     168,     180,      24,       1,       3,       1,     10.0000,      1.3979,     42.5645,    247.9277,     62.3939,      3.4953,      0.0000,     -0.0329,      3.9006,      0.1778,      5.5688,     11.1376,      1.5710,     28.6695,     57.3390,      0.0192,      0.0031,      0.0156,      0.2020,   7729.2212,-423707.5938,   -929.4206,    549.4004,  25764.0723,
       1,     168,     181,       1,       1,       3,       1,     10.0000,      1.3980,     42.5648,    247.9335,     62.3954,      3.4953,      0.0000,     -0.0329,      3.4381,      0.1797,      5.5688,     11.1377,      1.5883,     28.6717,     57.3433,      0.0192,      0.0027,      0.0156,      0.2020,   7729.2222,-423587.5000,   -929.7263,    549.4217,  25765.2285,
       1,     168,     181,       2,       1,       3,       1,     10.0000,      1.3980,     42.5648,    247.9335,     62.3954,      3.4953,      0.0000,     -0.0328,      2.9893,      0.1764,      5.5688,     11.1377,      1.5585,     28.6717,     57.3433,      0.0192,      0.0024,      0.0156,      0.2020,   7729.5688,-422842.9062,   -929.3497,    549.4728,  25765.2266,
       1,     168,     181,       3,       1,       3,       1,     10.0000,      1.3980,     42.5648,    247.9335,     62.3954,      3.4953,      0.0000,     -0.0328,      2.8639,      0.1743,      5.5688,     11.1377,      1.5400,     28.6717,     57.3433,      0.0192,      0.0023,      0.0156,      0.2020,   7729.5684,-422214.9688,   -929.2618,    549.5159,  25765.2246,
       1,     168,     181,       4,       1,       3,       1,     10.0000,      1.3980,     42.5648,    247.9335,     62.3954,      3.4953,      0.0000,     -0.0327,      2.3153,      0.1724,      5.5688,     11.1377,      1.5232,     28.6717,     57.3433,      0.0192,      0.0018,      0.0156,      0.2020,   7729.5679,-422003.6250,   -929.2508,    549.5305,  25765.2266,
       1,     168,     181,       5,       1,       3,       1,     10.0000,      1.3980,     42.5648,    247.9335,     62.3954,      3.4953,      0.0000,     -0.0327,      2.0371,      0.1715,      5.5688,     11.1377,      1.5156,     28.6717,     57.3433,      0.0192,      0.0016,      0.0156,      0.2020,   7729.5684,-421295.8438,   -929.1365,    549.5792,  25765.2266,
       1,     168,     181,       6,       1,       3,       1,     10.0000,      1.3980,     42.5648,    247.9335,     62.3954,      3.4953,      0.0000,     -0.0326,      1.7647,      0.1693,      5.5688,     11.1377,      1.4961,     28.6717,     57.3433,      0.0192,      0.0014,      0.0156,      0.2020,   7729.5684,-420885.0938,   -929.0758,    549.6072,  25765.2266,
       1,     168,     181,       7,       1,       3,       1,     10.0000,      1.3980,     42.5648,    247.9335,     62.3954,      3.4953,      0.0000,     -0.0322,      1.6904,      0.1591,      5.5688,     11.1377,      1.4061,     28.6717,     57.3433,      0.0192,      0.0013,      0.0156,      0.2020,   7729.5684,-420507.6250,   -929.0182,    549.6332,  25765.2266,
       1,     168,     181,       8,       1,       3,       1,     10.0000,      1.3980,     42.5648,    247.9335,     62.3954,      3.4953,      0.0293,     -0.0029,      2.2977,      0.1583,      5.5688,     11.1377,      1.3991,     28.6717,     57.3433,      0.0192,      0.0013,      0.0213,      0.2020,   7729.5684,-420381.6562,   -929.0070,    549.6419,  25765.2266,
       1,     168,     181,       9,       1,       3,       1,     10.0000,      1.3980,     42.5648,    247.9335,     62.3954,      3.4953,      0.1097,      0.0768,     17.3376,      0.1792,      5.5688,     11.1377,      1.5836,     28.6717,     57.3433,      0.0192,      0.0016,      0.1362,      0.2020,   7729.5684,-421133.7500,   -929.1673,    549.5902,  25765.2246,
       1,     168,     181,      10,       1,       3,       1,     10.0000,      1.3980,     42.5648,    247.9335,     62.3954,      3.4953,      0.1587,      0.1249,     30.2927,      0.2077,      5.5688,     11.1377,      1.8352,     28.6717,     57.3433,      0.0192,      0.0018,      0.2062,      0.2020,   7729.5679,-440094.0000,   -932.8810,    548.2877,  25765.2246,
       1,     168,     181,      11,       1,       3,       1,     10.0000,      1.3980,     42.5648,    247.9335,     62.3954,      3.4953,      0.1753,      0.1413,     35.3437,      0.2156,      5.5688,     11.1377,      1.9051,     28.6717,     57.3433,      0.0192,      0.0019,      0.2301,      0.2020,   7729.5679,-458014.8125,   -936.4660,    547.0610,  25765.2266,
       1,     168,     181,      12,       1,       3,       1,     10.0000,      1.3980,     42.5648,    247.9335,     62.3954,      3.4953,      0.1711,      0.1367,     29.7258,      0.2287,      5.5688,     11.1377,      2.0206,     28.6717,     57.3433,      0.0192,      0.0016,      0.2246,      0.2020,   7729.5684,-465910.1562,   -938.1531,    546.5225,  25765.2246,
       1,     168,     181,      13,       1,       3,       1,     10.0000,      1.3980,     42.5648,    247.9335,     62.3954,      3.4953,      0.1883,      0.1535,     31.6083,      0.2484,      5.5688,     11.1377,      2.1954,     28.6717,     57.3433,      0.0192,      0.0016,      0.2500,      0.2020,   7729.5679,-459527.0312,   -937.0641,    546.9588,  25765.2266,
       1,     168,     181,      14,       1,       3,       1,     10.0000,      1.3980,     42.5648,    247.9335,     62.3954,      3.4953,      0.1886,      0.1537,     57.8407,      0.2489,      5.5688,     11.1377,      2.1996,     28.6717,     57.3433,      0.0192,      0.0029,      0.2473,      0.2020,   7729.5684,-461343.5312,   -937.5021,    546.8347,  25765.2285,
       1,     168,     181,      15,       1,       3,       1,     10.0000,      1.3980,     42.5648,    247.9335,     62.3954,      3.4953,      0.1926,      0.1583,     84.6216,      0.2264,      5.5688,     11.1377,      2.0009,     28.6717,     57.3433,      0.0192,      0.0042,      0.2500,      0.2020,   7729.5688,-494475.7188,   -944.1974,    544.5701,  25765.2266,
       1,     168,     181,      16,       1,       3,       1,     10.0000,      1.3980,     42.5648,    247.9335,     62.3954,      3.4953,      0.1806,      0.1460,     80.3655,      0.2357,      5.5688,     11.1377,      2.0828,     28.6717,     57.3433,      0.0192,      0.0042,      0.2328,      0.2020,   7729.5684,-531024.5625,   -951.5630,    542.0869,  25765.2266,
       1,     168,     181,      17,       1,       3,       1,     10.0000,      1.3980,     42.5648,    247.9335,     62.3954,      3.4953,      0.1516,      0.1174,     66.8854,      0.2205,      5.5688,     11.1377,      1.9487,     28.6717,     57.3433,      0.0192,      0.0043,      0.1916,      0.2019,   7729.5684,-528822.7500,   -951.6377,    542.2416,  25765.2266,
       1,     168,     181,      18,       1,       3,       1,     10.0000,      1.3980,     42.5648,    247.9335,     62.3954,      3.4953,      0.0991,      0.0657,     46.5350,      0.1952,      5.5688,     11.1377,      1.7246,     28.6717,     57.3433,      0.0192,      0.0049,      0.1171,      0.2019,   7729.5684,-511663.1875,   -948.7335,    543.4048,  25765.2285,
       1,     168,     181,      19,       1,       3,       1,     10.0000,      1.3980,     42.5648,    247.9335,     62.3954,      3.4953,      0.0927,      0.0592,     41.8708,      0.1961,      5.5688,     11.1377,      1.7331,     28.6717,     57.3433,      0.0192,      0.0048,      0.1082,      0.2019,   7729.5688,-484590.4688,   -943.7823,    545.2450,  25765.2266,
       1,     168,     181,      20,       1,       3,       1,     10.0000,      1.3980,     42.5648,    247.9335,     62.3954,      3.4953,      0.0285,     -0.0049,      5.0570,      0.1929,      5.5688,     11.1377,      1.7042,     28.6717,     57.3433,      0.0192,      0.0034,      0.0185,      0.2020,   7729.5684,-476406.0312,   -942.4094,    545.8058,  25765.2246,
       1,     168,     181,      21,       1,       3,       1,     10.0000,      1.3980,     42.5648,    247.9335,     62.3954,      3.4953,      0.0001,     -0.0330,      5.1720,      0.1850,      5.5688,     11.1377,      1.6347,     28.6717,     57.3433,      0.0192,      0.0041,      0.0156,      0.2020,   7729.5679,-429411.1875,   -933.3583,    549.0125,  25765.2246,
       1,     168,     181,      22,       1,       3,       1,     10.0000,      1.3980,     42.5648,    247.9335,     62.3954,      3.4953,      0.0000,     -0.0330,      4.8631,      0.1810,      5.5688,     11.1377,      1.5994,     28.6717,     57.3433,      0.0192,      0.0038,      0.0156,      0.2020,   7729.5679,-425536.1875,   -932.6105,    549.2878,  25765.2246,
       1,     168,     181,      23,       1,       3,       1,     10.0000,      1.3980,     42.5648,    247.9335,     62.3954,      3.4953,      0.0000,     -0.0329,      2.9466,      0.1805,      5.5688,     11.1377,      1.5946,     28.6717,     57.3433,      0.0192,      0.0023,      0.0156,      0.2020,   7729.5679,-424802.1562,   -932.4653,    549.3383,  25765.2246,
       1,     168,     181,      24,       1,       3,       1,     10.0000,      1.3980,     42.5648,    247.9335,     62.3954,      3.4953,      0.0000,     -0.0329,      2.6615,      0.1792,      5.5688,     11.1377,      1.5836,     28.6717,     57.3433,      0.0192,      0.0021,      0.0156,      0.2020,   7729.5679,-422330.8125,   -931.9844,    549.5079,  25765.2246,
       1,     168,     182,       1,       1,       3,       1,     10.0000,      1.3980,     42.5651,    247.9394,     62.3969,      3.4953,      0.0000,     -0.0329,      2.7876,      0.1789,      5.5688,     11.1376,      1.5805,     28.6750,     57.3501,      0.0192,      0.0022,      0.0156,      0.2020,   7729.5679,-421915.0938,   -932.1863,    549.5496,  25766.3828,
       1,     168,     182,       2,       1,       3,       1,     10.0000,      1.3980,     42.5651,    247.9394,     62.3969,      3.4953,      0.0000,     -0.0328,      2.2790,      0.1760,      5.5688,     11.1376,      1.5555,     28.6750,     57.3501,      0.0192,      0.0018,      0.0156,      0.2020,   7729.9150,-421884.2188,   -931.8970,    549.5516,  25766.3828,
       1,     168,     182,       3,       1,       3,       1,     10.0000,      1.3980,     42.5651,    247.9394,     62.3969,      3.4953,      0.0000,     -0.0328,      1.9142,      0.1760,      5.5688,     11.1376,      1.5555,     28.6750,     57.3501,      0.0192,      0.0015,      0.0156,      0.2020,   7729.9150,-421242.7500,   -931.7701,    549.5956,  25766.3828,
       1,     168,     182,       4,       1,       3,       1,     10.0000,      1.3980,     42.5651,    247.9394,     62.3969,      3.4953,      0.0000,     -0.0328,      1.7253,      0.1753,      5.5688,     11.1376,      1.5493,     28.6750,     57.3501,      0.0192,      0.0014,      0.0156,      0.2020,   7729.9150,-420729.1562,   -931.6681,    549.6310,  25766.3828,
       1,     168,     182,       5,       1,       3,       1,     10.0000,      1.3980,     42.5651,    247.9394,     62.3969,      3.4953,      0.0000,     -0.0328,      1.6283,      0.1769,      5.5688,     11.1376,      1.5632,     28.6750,     57.3501,      0.0192,      0.0013,      0.0156,      0.2020,   7729.9150,-420447.5312,   -931.6115,    549.6504,  25766.3809,
       1,     168,     182,       6,       1,       3,       1,     10.0000,      1.3980,     42.5651,    247.9394,     62.3969,      3.4953,      0.0000,     -0.0326,      1.4281,      0.1707,      5.5688,     11.1376,      1.5081,     28.6750,     57.3501,      0.0192,      0.0011,      0.0156,      0.2020,   7729.9146,-420301.6562,   -931.5818,    549.6604,  25766.3848,
       1,     168,     182,       7,       1,       3,       1,     10.0000,      1.3980,     42.5651,    247.9394,     62.3969,      3.4953,      0.0000,     -0.0327,      1.2553,      0.1726,      5.5688,     11.1376,      1.5248,     28.6750,     57.3501,      0.0192,      0.0010,      0.0156,      0.2020,   7729.9155,-420037.0000,   -931.5276,    549.6785,  25766.3809,
       1,     168,     182,       8,       1,       3,       1,     10.0000,      1.3980,     42.5651,    247.9394,     62.3969,      3.4953,      0.0182,     -0.0144,      0.4112,      0.1717,      5.5688,     11.1376,      1.5172,     28.6750,     57.3501,      0.0192,      0.0010,      0.0049,      0.2020,   7729.9146,-419797.7812,   -931.4808,    549.6950,  25766.3828,
       1,     168,     182,       9,       1,       3,       1,     10.0000,      1.3980,     42.5651,    247.9394,     62.3969,      3.4953,      0.1146,      0.0814,     11.9634,      0.1887,      5.5688,     11.1376,      1.6675,     28.6750,     57.3501,      0.0192,      0.0010,      0.1438,      0.2020,   7729.9150,-418716.3750,   -931.2627,    549.7693,  25766.3828,
       1,     168,     182,      10,       1,       3,       1,     10.0000,      1.3980,     42.5651,    247.9394,     62.3969,      3.4953,      0.1697,      0.1357,     23.0462,      0.2150,      5.5688,     11.1376,      1.8996,     28.6750,     57.3501,      0.0192,      0.0013,      0.2232,      0.2020,   7729.9150,-433134.0938,   -934.0881,    548.7784,  25766.3828,
       1,     168,     182,      11,       1,       3,       1,     10.0000,      1.3980,     42.5651,    247.9394,     62.3969,      3.4953,      0.1861,      0.1517,     22.0826,      0.2314,      5.5688,     11.1376,      2.0445,     28.6750,     57.3501,      0.0192,      0.0011,      0.2477,      0.2020,   7729.9150,-448305.4375,   -937.0803,    547.7386,  25766.3809,
       1,     168,     182,      12,       1,       3,       1,     10.0000,      1.3980,     42.5651,    247.9394,     62.3969,      3.4953,      0.1888,      0.1540,     36.6265,      0.2437,      5.5688,     11.1376,      2.1531,     28.6750,     57.3501,      0.0192,      0.0018,      0.2500,      0.2020,   7729.9146,-448404.4688,   -937.1165,    547.7328,  25766.3828,
       1,     168,     182,      13,       1,       3,       1,     10.0000,      1.3980,     42.5651,    247.9394,     62.3969,      3.4953,      0.1885,      0.1535,     34.6225,      0.2543,      5.5688,     11.1376,      2.2473,     28.6750,     57.3501,      0.0192,      0.0017,      0.2500,      0.2020,   7729.9150,-466688.4688,   -940.7259,    546.4810,  25766.3828,
       1,     168,     182,      14,       1,       3,       1,     10.0000,      1.3980,     42.5651,    247.9394,     62.3969,      3.4953,      0.1348,      0.1012,     27.6509,      0.2012,      5.5688,     11.1376,      1.7783,     28.6750,     57.3501,      0.0192,      0.0020,      0.1715,      0.2020,   7729.9150,-465748.7188,   -940.5729,    546.5466,  25766.3848,
       1,     168,     182,      15,       1,       3,       1,     10.0000,      1.3980,     42.5651,    247.9394,     62.3969,      3.4953,      0.1914,      0.1566,     70.3697,      0.2446,      5.5688,     11.1376,      2.1615,     28.6750,     57.3501,      0.0192,      0.0035,      0.2500,      0.2020,   7729.9155,-456902.3750,   -923.9326,    547.1510,  25766.2793,
       1,     168,     182,      16,       1,       3,       1,     10.0000,      1.3980,     42.5651,    247.9394,     62.3969,      3.4953,      0.0709,      0.0380,     23.0129,      0.1764,      5.5688,     11.1376,      1.5586,     28.6750,     57.3501,      0.0192,      0.0036,      0.0789,      0.2020,   7729.8843,-509844.8438,   -936.1158,    543.5304,  25766.3848,
       1,     168,     182,      17,       1,       3,       1,     10.0000,      1.3980,     42.5651,    247.9394,     62.3969,      3.4953,      0.1588,      0.1268,     67.6373,      0.1506,      5.5688,     11.1376,      1.3306,     28.6750,     57.3501,      0.0192,      0.0041,      0.2019,      0.2020,   7729.9155,-454856.1562,   -917.4022,    547.2784,  25766.3887,
       1,     168,     182,      18,       1,       3,       1,     10.0000,      1.3980,     42.5651,    247.9394,     62.3969,      3.4953,      0.1873,      0.1532,    111.0852,      0.2175,      5.5688,     11.1376,      1.9221,     28.6750,     57.3501,      0.0192,      0.0057,      0.2390,      0.2020,   7729.9170,-506236.0312,   -927.1643,    543.7764,  25766.2578,
       1,     168,     182,      19,       1,       3,       1,     10.0000,      1.3980,     42.5651,    247.9394,     62.3969,      3.4953,      0.1531,      0.1188,     51.1756,      0.2271,      5.5688,     11.1376,      2.0068,     28.6750,     57.3501,      0.0192,      0.0032,      0.1956,      0.2020,   7729.8774,-565340.3750,   -940.3945,    539.7702,  25766.3887,
       1,     168,     182,      20,       1,       3,       1,     10.0000,      1.3980,     42.5651,    247.9394,     62.3969,      3.4953,      0.0168,     -0.0152,      1.1838,      0.1518,      5.5688,     11.1376,      1.3413,     28.6750,     57.3501,      0.0192,      0.0041,      0.0036,      0.2019,   7729.9170,-495010.6875,   -926.3499,    544.5302,  25766.3906,
       1,     168,     182,      21,       1,       3,       1,     10.0000,      1.3980,     42.5651,    247.9394,     62.3969,      3.4953,      0.0000,     -0.0313,      2.5472,      0.1320,      5.5688,     11.1376,      1.1667,     28.6750,     57.3501,      0.0192,      0.0020,      0.0156,      0.2020,   7729.9175,-426150.9688,   -912.2095,    549.2382,  25766.3887,
       1,     168,     182,      22,       1,       3,       1,     10.0000,      1.3980,     42.5651,    247.9394,     62.3969,      3.4953,      0.0000,     -0.0315,      0.7698,      0.1389,      5.5688,     11.1376,      1.2274,     28.6750,     57.3501,      0.0192,      0.0006,      0.0156,      0.2020,   7729.9170,-421972.8438,   -911.7766,    549.5455,  25766.3906,
       1,     168,     182,      23,       1,       3,       1,     10.0000,      1.3980,     42.5651,    247.9394,     62.3969,      3.4953,      0.0000,     -0.0315,      3.1990,      0.1392,      5.5688,     11.1376,      1.2298,     28.6750,     57.3501,      0.0192,      0.0025,      0.0156,      0.2020,   7729.9175,-419353.7188,   -911.3732,    549.7255,  25766.3887,
       1,     168,     182,      24,       1,       3,       1,     10.0000,      1.3980,     42.5651,    247.9394,     62.3969,      3.4953,      0.0000,     -0.0314,      3.6220,      0.1365,      5.5688,     11.1376,      1.2064,     28.6750,     57.3501,      0.0192,      0.0029,      0.0156,      0.2020,   7729.9170,-422179.5000,   -912.2304,    549.5313,  25766.3887,
       1,     168,     183,       1,       1,       3,       1,     10.0000,      1.3980,     42.5655,    247.9452,     62.3984,      3.4953,      0.0000,     -0.0315,      1.3642,      0.1368,      5.5686,     11.1372,      1.2089,     28.6790,     57.3580,      0.0192,      0.0011,      0.0156,      0.2021,   7729.9170,-423110.5312,   -911.6780,    549.4803,  25767.5469,
       1,     168,     183,       2,       1,       3,       1,     10.0000,      1.3980,     42.5655,    247.9452,     62.3984,      3.4953,      0.0000,     -0.0314,      0.6248,      0.1357,      5.5686,     11.1372,      1.1991,     28.6790,     57.3580,      0.0192,      0.0005,      0.0156,      0.2021,   7730.2642,-420201.6875,   -910.5446,    549.6801,  25767.5469,
       1,     168,     183,       3,       1,       3,       1,     10.0000,      1.3980,     42.5655,    247.9452,     62.3984,      3.4953,      0.0000,     -0.0316,      0.5092,      0.1399,      5.5686,     11.1372,      1.2361,     28.6790,     57.3580,      0.0192,      0.0004,      0.0156,      0.2021,   7730.2642,-419022.1562,   -910.3826,    549.7612,  25767.5449,
       1,     168,     183,       4,       1,       3,       1,     10.0000,      1.3980,     42.5655,    247.9452,     62.3984,      3.4953,      0.0000,     -0.0315,      0.3364,      0.1392,      5.5686,     11.1372,      1.2299,     28.6790,     57.3580,      0.0192,      0.0003,      0.0156,      0.2021,   7730.2637,-418775.2812,   -910.3612,    549.7782,  25767.5469,
       1,     168,     183,       5,       1,       3,       1,     10.0000,      1.3980,     42.5655,    247.9452,     62.3984,      3.4953,      0.0000,     -0.0314,      0.3294,      0.1367,      5.5686,     11.1372,      1.2077,     28.6790,     57.3580,      0.0192,      0.0003,      0.0156,      0.2021,   7730.2642,-418536.6250,   -910.3206,    549.7946,  25767.5469,
       1,     168,     183,       6,       1,       3,       1,     10.0000,      1.3980,     42.5655,    247.9452,     62.3984,      3.4953,      0.0000,     -0.0313,      0.3208,      0.1335,      5.5686,     11.1372,      1.1798,     28.6790,     57.3580,      0.0192,      0.0003,      0.0156,      0.2021,   7730.2642,-418507.4062,   -910.3170,    549.7965,  25767.5469,
       1,     168,     183,       7,       1,       3,       1,     10.0000,      1.3980,     42.5655,    247.9452,     62.3984,      3.4953,      0.0000,     -0.0307,      0.2770,      0.1174,      5.5686,     11.1372,      1.0377,     28.6790,     57.3580,      0.0192,      0.0002,      0.0156,      0.2021,   7730.2642,-418494.0625,   -910.0801,    549.7975,  25767.5488,
       1,     168,     183,       8,       1,       3,       1,     10.0000,      1.3980,     42.5655,    247.9452,     62.3984,      3.4953,      0.0016,     -0.0290,      0.3243,      0.1140,      5.5686,     11.1372,      1.0073,     28.6790,     57.3580,      0.0192,      0.0003,      0.0156,      0.2021,   7730.2651,-418437.4062,   -910.0692,    549.8014,  25767.5469,
       1,     168,     183,       9,       1,       3,       1,     10.0000,      1.3980,     42.5655,    247.9452,     62.3984,      3.4953,      0.0089,     -0.0215,      0.2610,      0.1115,      5.5686,     11.1372,      0.9849,     28.6790,     57.3580,      0.0192,      0.0002,      0.0156,      0.2021,   7730.2642,-418492.3438,   -910.0918,    549.7976,  25767.5469,
       1,     168,     183,      10,       1,       3,       1,     10.0000,      1.3980,     42.5655,    247.9452,     62.3984,      3.4953,      0.0154,     -0.0152,      0.0605,      0.1143,      5.5686,     11.1372,      1.0104,     28.6790,     57.3580,      0.0192,      0.0002,      0.0035,      0.2021,   7730.2642,-418417.5938,   -910.0944,    549.8027,  25767.5469,
       1,     168,     183,      11,       1,       3,       1,     10.0000,      1.3980,     42.5655,    247.9452,     62.3984,      3.4953,      0.0720,      0.0413,      1.5085,      0.1179,      5.5686,     11.1372,      1.0420,     28.6790,     57.3580,      0.0192,      0.0002,      0.0846,      0.2021,   7730.2642,-418159.3438,   -910.0817,    549.8205,  25767.5469,
       1,     168,     183,      12,       1,       3,       1,     10.0000,      1.3980,     42.5655,    247.9452,     62.3984,      3.4953,      0.1441,      0.1130,      4.4399,      0.1287,      5.5686,     11.1372,      1.1375,     28.6790,     57.3580,      0.0192,      0.0003,      0.1880,      0.2021,   7730.2642,-419955.6875,   -910.6254,    549.6971,  25767.5469,
       1,     168,     183,      13,       1,       3,       1,     10.0000,      1.3980,     42.5655,    247.9452,     62.3984,      3.4953,      0.1754,      0.1436,     11.7663,      0.1461,      5.5686,     11.1372,      1.2910,     28.6790,     57.3580,      0.0192,      0.0006,      0.2324,      0.2021,   7730.2642,-423792.5000,   -912.0236,    549.4333,  25767.5469,
       1,     168,     183,      14,       1,       3,       1,     10.0000,      1.3980,     42.5655,    247.9452,     62.3984,      3.4953,      0.1869,      0.1542,      6.9981,      0.1738,      5.5686,     11.1372,      1.5355,     28.6790,     57.3580,      0.0192,      0.0003,      0.2500,      0.2021,   7730.2642,-433326.5000,   -914.8060,    548.7787,  25767.5488,
       1,     168,     183,      15,       1,       3,       1,     10.0000,      1.3980,     42.5655,    247.9452,     62.3984,      3.4953,      0.1772,      0.1442,      6.8494,      0.1805,      5.5686,     11.1372,      1.5947,     28.6790,     57.3580,      0.0192,      0.0004,      0.2359,      0.2021,   7730.2651,-428159.5938,   -915.9083,    549.1335,  25767.5469,
       1,     168,     183,      16,       1,       3,       1,     10.0000,      1.3980,     42.5655,    247.9452,     62.3984,      3.4953,      0.1761,      0.1429,      7.1381,      0.1882,      5.5686,     11.1372,      1.6626,     28.6790,     57.3580,      0.0192,      0.0004,      0.2343,      0.2021,   7730.2642,-427527.3750,   -917.1717,    549.1770,  25767.5469,
       1,     168,     183,      17,       1,       3,       1,     10.0000,      1.3980,     42.5655,    247.9452,     62.3984,      3.4953,      0.1871,      0.1536,     10.8338,      0.1971,      5.5686,     11.1372,      1.7418,     28.6790,     57.3580,      0.0192,      0.0005,      0.2500,      0.2021,   7730.2642,-427835.3438,   -918.2578,    549.1559,  25767.5488,
       1,     168,     183,      18,       1,       3,       1,     10.0000,      1.3980,     42.5655,    247.9452,     62.3984,      3.4953,      0.1567,      0.1234,     25.1130,      0.1900,      5.5686,     11.1372,      1.6792,     28.6790,     57.3580,      0.0192,      0.0015,      0.2039,      0.2021,   7730.2651,-432503.9375,   -920.1760,    548.8354,  25767.5469,
       1,     168,     183,      19,       1,       3,       1,     10.0000,      1.3980,     42.5655,    247.9452,     62.3984,      3.4953,      0.0311,     -0.0012,      7.6629,      0.1599,      5.5686,     11.1372,      1.4132,     28.6790,     57.3580,      0.0192,      0.0041,      0.0232,      0.2021,   7730.2642,-450845.1562,   -924.1459,    547.5771,  25767.5469,
       1,     168,     183,      20,       1,       3,       1,     10.0000,      1.3980,     42.5655,    247.9452,     62.3984,      3.4953,      0.0021,     -0.0296,      4.1729,      0.1425,      5.5686,     11.1372,      1.2588,     28.6790,     57.3580,      0.0192,      0.0033,      0.0156,      0.2020,   7730.2642,-430503.1562,   -920.8514,    548.9709,  25767.5449,
       1,     168,     183,      21,       1,       3,       1,     10.0000,      1.3980,     42.5655,    247.9452,     62.3984,      3.4953,      0.0000,     -0.0314,      4.1275,      0.1367,      5.5686,     11.1372,      1.2077,     28.6790,     57.3580,      0.0192,      0.0033,      0.0156,      0.2021,   7730.2637,-424369.5312,   -911.5767,    549.3937,  25767.5469,
       1,     168,     183,      22,       1,       3,       1,     10.0000,      1.3980,     42.5655,    247.9452,     62.3984,      3.4953,      0.0000,     -0.0316,      4.7646,      0.1413,      5.5686,     11.1372,      1.2487,     28.6790,     57.3580,      0.0192,      0.0038,      0.0156,      0.2021,   7730.2642,-423781.4688,   -911.5469,    549.4342,  25767.5469,
       1,     168,     183,      23,       1,       3,       1,     10.0000,      1.3980,     42.5655,    247.9452,     62.3984,      3.4953,      0.0000,     -0.0315,      4.2060,      0.1393,      5.5686,     11.1372,      1.2311,     28.6790,     57.3580,      0.0192,      0.0033,      0.0156,      0.2021,   7730.2642,-424530.8125,   -912.2090,    549.3828,  25767.5469,
       1,     168,     183,      24,       1,       3,       1,     10.0000,      1.3980,     42.5655,    247.9452,     62.3984,      3.4953,      0.0000,     -0.0315,      2.6275,      0.1382,      5.5686,     11.1372,      1.2212,     28.6790,     57.3580,      0.0192,      0.0021,      0.0156,      0.2021,   7730.2642,-423893.8750,   -912.5636,    549.4265,  25767.5469,
       1,     168,     184,       1,       1,       3,       1,     10.0000,      1.3980,     42.5658,    247.9511,     62.3998,      3.4953,      0.0000,     -0.0316,      1.1741,      0.1406,      5.5696,     11.1392,      1.2424,     28.6727,     57.3455,      0.0192,      0.0009,      0.0156,      0.2021,   7730.2642,-422011.7500,   -912.7523,    549.5688,  25768.7051,
       1,     168,     184,       2,       1,       3,       1,     10.0000,      1.3980,     42.5658,    247.9511,     62.3998,      3.4953,      0.0000,     -0.0316,      0.9728,      0.1422,      5.5696,     11.1392,      1.2563,     28.6727,     57.3455,      0.0192,      0.0008,      0.0156,      0.2021,   7730.6118,-419870.8750,   -912.2138,    549.7159,  25768.7070,
       1,     168,     184,       3,       1,       3,       1,     10.0000,      1.3980,     42.5658,    247.9511,     62.3998,      3.4953,      0.0000,     -0.0316,      0.4493,      0.1419,      5.5696,     11.1392,      1.2538,     28.6727,     57.3455,      0.0192,      0.0004,      0.0156,      0.2021,   7730.6123,-419433.1875,   -912.2137,    549.7459,  25768.7051,
       1,     168,     184,       4,       1,       3,       1,     10.0000,      1.3980,     42.5658,    247.9511,     62.3998,      3.4953,      0.0000,     -0.0316,      0.3834,      0.1405,      5.5696,     11.1392,      1.2411,     28.6727,     57.3455,      0.0192,      0.0003,      0.0156,      0.2021,   7730.6118,-418738.1875,   -912.1050,    549.7938,  25768.7051,
       1,     168,     184,       5,       1,       3,       1,     10.0000,      1.3980,     42.5658,    247.9511,     62.3998,      3.4953,      0.0000,     -0.0315,      0.3991,      0.1381,      5.5696,     11.1392,      1.2200,     28.6727,     57.3455,      0.0192,      0.0003,      0.0156,      0.2021,   7730.6118,-418595.2812,   -912.0861,    549.8035,  25768.7051,
       1,     168,     184,       6,       1,       3,       1,     10.0000,      1.3980,     42.5658,    247.9511,     62.3998,      3.4953,      0.0000,     -0.0314,      0.4032,      0.1353,      5.5696,     11.1392,      1.1955,     28.6727,     57.3455,      0.0192,      0.0003,      0.0156,      0.2021,   7730.6118,-418602.7812,   -912.0955,    549.8031,  25768.7070,
       1,     168,     184,       7,       1,       3,       1,     10.0000,      1.3980,     42.5658,    247.9511,     62.3998,      3.4953,      0.0000,     -0.0314,      0.3794,      0.1357,      5.5696,     11.1392,      1.1992,     28.6727,     57.3455,      0.0192,      0.0003,      0.0156,      0.2021,   7730.6123,-418608.2500,   -912.1060,    549.8027,  25768.7051,
       1,     168,     184,       8,       1,       3,       1,     10.0000,      1.3980,     42.5658,    247.9511,     62.3998,      3.4953,      0.0005,     -0.0308,      0.3241,      0.1347,      5.5696,     11.1392,      1.1907,     28.6727,     57.3455,      0.0192,      0.0003,      0.0156,      0.2021,   7730.6118,-418579.1562,   -912.1077,    549.8047,  25768.7051,
       1,     168,     184,       9,       1,       3,       1,     10.0000,      1.3980,     42.5658,    247.9511,     62.3998,      3.4953,      0.0072,     -0.0231,      0.2502,      0.1074,      5.5696,     11.1392,      0.9491,     28.6727,     57.3455,      0.0192,      0.0002,      0.0156,      0.2021,   7730.6118,-418507.2188,   -910.0826,    549.8096,  25768.7051,
       1,     168,     184,      10,       1,       3,       1,     10.0000,      1.3980,     42.5658,    247.9511,     62.3998,      3.4953,      0.0309,      0.0006,      0.4246,      0.1089,      5.5696,     11.1392,      0.9619,     28.6727,     57.3455,      0.0192,      0.0002,      0.0261,      0.2021,   7730.6118,-418408.2812,   -910.0859,    549.8165,  25768.7051,
       1,     168,     184,      11,       1,       3,       1,     10.0000,      1.3980,     42.5658,    247.9511,     62.3998,      3.4953,      0.0907,      0.0601,      1.9104,      0.1138,      5.5696,     11.1392,      1.0053,     28.6727,     57.3455,      0.0192,      0.0002,      0.1115,      0.2021,   7730.6118,-418618.5938,   -910.2061,    549.8019,  25768.7051,
       1,     168,     184,      12,       1,       3,       1,     10.0000,      1.3980,     42.5658,    247.9511,     62.3998,      3.4953,      0.1502,      0.1192,      3.7315,      0.1243,      5.5696,     11.1392,      1.0988,     28.6727,     57.3455,      0.0192,      0.0002,      0.1969,      0.2021,   7730.6118,-420502.7500,   -910.7665,    549.6725,  25768.7051,
       1,     168,     184,      13,       1,       3,       1,     10.0000,      1.3980,     42.5658,    247.9511,     62.3998,      3.4953,      0.1798,      0.1480,      5.7930,      0.1473,      5.5696,     11.1392,      1.3015,     28.6727,     57.3455,      0.0192,      0.0003,      0.2395,      0.2021,   7730.6118,-422952.4062,   -911.8281,    549.5042,  25768.7031,
       1,     168,     184,      14,       1,       3,       1,     10.0000,      1.3980,     42.5658,    247.9511,     62.3998,      3.4953,      0.1743,      0.1423,      5.6547,      0.1532,      5.5696,     11.1392,      1.3536,     28.6727,     57.3455,      0.0192,      0.0003,      0.2317,      0.2021,   7730.6113,-425753.2500,   -913.6562,    549.3118,  25768.7070,
       1,     168,     184,      15,       1,       3,       1,     10.0000,      1.3980,     42.5658,    247.9511,     62.3998,      3.4953,      0.1469,      0.1148,      4.6350,      0.1536,      5.5696,     11.1392,      1.3576,     28.6727,     57.3455,      0.0192,      0.0003,      0.1920,      0.2021,   7730.6123,-425820.8125,   -912.1136,    549.3073,  25768.7051,
       1,     168,     184,      16,       1,       3,       1,     10.0000,      1.3980,     42.5658,    247.9511,     62.3998,      3.4953,      0.1633,      0.1308,      5.7221,      0.1668,      5.5696,     11.1392,      1.4740,     28.6727,     57.3455,      0.0192,      0.0003,      0.2157,      0.2021,   7730.6118,-424545.9688,   -912.6682,    549.3947,  25768.7070,
       1,     168,     184,      17,       1,       3,       1,     10.0000,      1.3980,     42.5658,    247.9511,     62.3998,      3.4953,      0.1556,      0.1233,      5.2919,      0.1612,      5.5696,     11.1392,      1.4246,     28.6727,     57.3455,      0.0192,      0.0003,      0.2045,      0.2021,   7730.6123,-425801.2500,   -913.7755,    549.3086,  25768.7051,
       1,     168,     184,      18,       1,       3,       1,     10.0000,      1.3980,     42.5658,    247.9511,     62.3998,      3.4953,      0.1240,      0.0917,     12.6031,      0.1622,      5.5696,     11.1392,      1.4332,     28.6727,     57.3455,      0.0192,      0.0010,      0.1577,      0.2021,   7730.6118,-425369.4062,   -914.6710,    549.3383,  25768.7051,
       1,     168,     184,      19,       1,       3,       1,     10.0000,      1.3980,     42.5658,    247.9511,     62.3998,      3.4953,      0.0845,      0.0525,     13.5285,      0.1512,      5.5696,     11.1392,      1.3360,     28.6727,     57.3455,      0.0192,      0.0017,      0.1004,      0.2021,   7730.6118,-434514.5312,   -916.9849,    548.7102,  25768.7051,
       1,     168,     184,      20,       1,       3,       1,     10.0000,      1.3980,     42.5658,    247.9511,     62.3998,      3.4953,      0.0171,     -0.0145,      0.7575,      0.1389,      5.5696,     11.1392,      1.2274,     28.6727,     57.3455,      0.0192,      0.0020,      0.0046,      0.2021,   7730.6118,-436466.8750,   -917.7906,    548.5767,  25768.7051,
       1,     168,     184,      21,       1,       3,       1,     10.0000,      1.3980,     42.5658,    247.9511,     62.3998,      3.4953,      0.0000,     -0.0315,      3.4737,      0.1379,      5.5696,     11.1392,      1.2188,     28.6727,     57.3455,      0.0192,      0.0027,      0.0156,      0.2021,   7730.6118,-420592.5312,   -915.2142,    549.6652,  25768.7051,
       1,     168,     184,      22,       1,       3,       1,     10.0000,      1.3980,     42.5658,    247.9511,     62.3998,      3.4953,      0.0000,     -0.0315,      3.4566,      0.1389,      5.5696,     11.1392,      1.2274,     28.6727,     57.3455,      0.0192,      0.0027,      0.0156,      0.2021,   7730.6118,-422637.8750,   -915.8096,    549.5258,  25768.7051,
       1,     168,     184,      23,       1,       3,       1,     10.0000,      1.3980,     42.5658,    247.9511,     62.3998,      3.4953,      0.0000,     -0.0315,      3.0959,      0.1382,      5.5696,     11.1392,      1.2212,     28.6727,     57.3455,      0.0192,      0.0024,      0.0156,      0.2021,   7730.6118,-422791.3750,   -916.0964,    549.5153,  25768.7051,
       1,     168,     184,      24,       1,       3,       1,     10.0000,      1.3980,     42.5658,    247.9511,     62.3998,      3.4953,      0.0000,     -0.0314,      2.0938,      0.1356,      5.5696,     11.1392,      1.1979,     28.6727,     57.3455,      0.0192,      0.0017,      0.0156,      0.2021,   7730.6118,-422351.7812,   -916.2798,    549.5455,  25768.7051,
       1,     168,     185,       1,       1,       3,       1,     10.0000,      1.3981,     42.5661,    247.9570,     62.4013,      3.4953,      0.0000,     -0.0313,      1.2694,      0.1326,      5.5700,     11.1399,      1.1715,     28.6663,     57.3326,      0.0192,      0.0010,      0.0156,      0.2021,   7730.6118,-421210.9375,   -916.5040,    549.6368,  25769.8594,
       1,     168,     185,       2,       1,       3,       1,     10.0000,      1.3981,     42.5661,    247.9570,     62.4013,      3.4953,      0.0000,     -0.0312,      0.9465,      0.1314,      5.5700,     11.1399,      1.1609,     28.6663,     57.3326,      0.0192,      0.0007,      0.0156,      0.2021,   7730.9580,-419924.5625,   -916.0844,    549.7253,  25769.8613,
       1,     168,     185,       3,       1,       3,       1,     10.0000,      1.3981,     42.5661,    247.9570,     62.4013,      3.4953,      0.0000,     -0.0312,      0.9095,      0.1304,      5.5700,     11.1399,      1.1527,     28.6663,     57.3326,      0.0192,      0.0007,      0.0156,      0.2021,   7730.9585,-419407.6562,   -916.0438,    549.7608,  25769.8613,
       1,     168,     185,       4,       1,       3,       1,     10.0000,      1.3981,     42.5661,    247.9570,     62.4013,      3.4953,      0.0000,     -0.0312,      0.8549,      0.1303,      5.5700,     11.1399,      1.1515,     28.6663,     57.3326,      0.0192,      0.0007,      0.0156,      0.2021,   7730.9585,-419316.6562,   -916.0824,    549.7670,  25769.8613,
       1,     168,     185,       5,       1,       3,       1,     10.0000,      1.3981,     42.5661,    247.9570,     62.4013,      3.4953,      0.0000,     -0.0312,      0.6253,      0.1298,      5.5700,     11.1399,      1.1468,     28.6663,     57.3326,      0.0192,      0.0005,      0.0156,      0.2021,   7730.9585,-419240.4062,   -916.1192,    549.7723,  25769.8613,
       1,     168,     185,       6,       1,       3,       1,     10.0000,      1.3981,     42.5661,    247.9570,     62.4013,      3.4953,      0.0000,     -0.0312,      0.5836,      0.1310,      5.5700,     11.1399,      1.1574,     28.6663,     57.3326,      0.0192,      0.0005,      0.0156,      0.2021,   7730.9585,-418945.3125,   -916.0963,    549.7925,  25769.8594,
       1,     168,     185,       7,       1,       3,       1,     10.0000,      1.3981,     42.5661,    247.9570,     62.4013,      3.4953,      0.0000,     -0.0312,      0.6516,      0.1314,      5.5700,     11.1399,      1.1609,     28.6663,     57.3326,      0.0192,      0.0005,      0.0156,      0.2021,   7730.9580,-418867.8125,   -916.1071,    549.7979,  25769.8613,
       1,     168,     185,       8,       1,       3,       1,     10.0000,      1.3981,     42.5661,    247.9570,     62.4013,      3.4953,      0.0094,     -0.0219,      0.6531,      0.1323,      5.5700,     11.1399,      1.1692,     28.6663,     57.3326,      0.0192,      0.0005,      0.0156,      0.2021,   7730.9585,-418946.2188,   -910.1972,    549.7925,  25769.8613,
       1,     168,     185,       9,       1,       3,       1,     10.0000,      1.3981,     42.5661,    247.9570,     62.4013,      3.4953,      0.0734,      0.0420,      3.8738,      0.1367,      5.5700,     11.1399,      1.2077,     28.6663,     57.3326,      0.0192,      0.0006,      0.0858,      0.2021,   7730.9585,-418954.8750,   -910.2733,    549.7919,  25769.8613,
       1,     168,     185,      10,       1,       3,       1,     10.0000,      1.3981,     42.5661,    247.9570,     62.4013,      3.4953,      0.1216,      0.0896,      6.1681,      0.1526,      5.5700,     11.1399,      1.3482,     28.6663,     57.3326,      0.0192,      0.0005,      0.1551,      0.2021,   7730.9585,-422999.8750,   -911.2883,    549.5139,  25769.8613,
       1,     168,     185,      11,       1,       3,       1,     10.0000,      1.3981,     42.5661,    247.9570,     62.4013,      3.4953,      0.1691,      0.1365,     10.0232,      0.1719,      5.5700,     11.1399,      1.5188,     28.6663,     57.3326,      0.0192,      0.0006,      0.2237,      0.2021,   7730.9585,-426230.2812,   -912.4585,    549.2921,  25769.8633,
       1,     168,     185,      12,       1,       3,       1,     10.0000,      1.3981,     42.5661,    247.9570,     62.4013,      3.4953,      0.1650,      0.1322,      8.5166,      0.1769,      5.5700,     11.1399,      1.5633,     28.6663,     57.3326,      0.0192,      0.0005,      0.2179,      0.2021,   7730.9595,-431350.0000,   -914.4269,    548.9406,  25769.8594,
       1,     168,     185,      13,       1,       3,       1,     10.0000,      1.3981,     42.5661,    247.9570,     62.4013,      3.4953,      0.1635,      0.1307,      6.1314,      0.1769,      5.5700,     11.1399,      1.5633,     28.6663,     57.3326,      0.0192,      0.0003,      0.2160,      0.2021,   7730.9580,-429900.1250,   -915.0801,    549.0403,  25769.8613,
       1,     168,     185,      14,       1,       3,       1,     10.0000,      1.3981,     42.5661,    247.9570,     62.4013,      3.4953,      0.1623,      0.1290,      7.3006,      0.1908,      5.5700,     11.1399,      1.6859,     28.6663,     57.3326,      0.0192,      0.0004,      0.2141,      0.2021,   7730.9585,-426779.1875,   -915.2858,    549.2545,  25769.8594,
       1,     168,     185,      15,       1,       3,       1,     10.0000,      1.3981,     42.5661,    247.9570,     62.4013,      3.4953,      0.1879,      0.1543,     21.7240,      0.2029,      5.5700,     11.1399,      1.7925,     28.6663,     57.3326,      0.0192,      0.0011,      0.2500,      0.2021,   7730.9580,-427978.6250,   -916.2778,    549.1722,  25769.8594,
       1,     168,     185,      16,       1,       3,       1,     10.0000,      1.3981,     42.5661,    247.9570,     62.4013,      3.4953,      0.1779,      0.1444,     39.1905,      0.1969,      5.5700,     11.1399,      1.7402,     28.6663,     57.3326,      0.0192,      0.0021,      0.2333,      0.2021,   7730.9580,-446195.5312,   -920.9371,    547.9216,  25769.8613,
       1,     168,     185,      17,       1,       3,       1,     10.0000,      1.3981,     42.5661,    247.9570,     62.4013,      3.4953,      0.1454,      0.1127,     35.5666,      0.1714,      5.5700,     11.1399,      1.5143,     28.6663,     57.3326,      0.0192,      0.0023,      0.1861,      0.2021,   7730.9585,-469711.3438,   -926.2643,    546.3124,  25769.8594,
       1,     168,     185,      18,       1,       3,       1,     10.0000,      1.3981,     42.5661,    247.9570,     62.4013,      3.4953,      0.1375,      0.1050,     29.7194,      0.1661,      5.5700,     11.1399,      1.4681,     28.6663,     57.3326,      0.0192,      0.0021,      0.1754,      0.2021,   7730.9580,-467187.9062,   -926.5109,    546.4871,  25769.8594,
       1,     168,     185,      19,       1,       3,       1,     10.0000,      1.3981,     42.5661,    247.9570,     62.4013,      3.4953,      0.1145,      0.0821,     29.0317,      0.1651,      5.5700,     11.1399,      1.4593,     28.6663,     57.3326,      0.0192,      0.0025,      0.1420,      0.2021,   7730.9580,-459620.4688,   -925.7241,    547.0041,  25769.8613,
       1,     168,     185,      20,       1,       3,       1,     10.0000,      1.3981,     42.5661,    247.9570,     62.4013,      3.4953,      0.0037,     -0.0281,      3.4985,      0.1457,      5.5700,     11.1399,      1.2871,     28.6663,     57.3326,      0.0192,      0.0028,      0.0156,      0.2021,   7730.9585,-458105.6562,   -917.9095,    547.1079,  25769.8613,
       1,     168,     185,      21,       1,       3,       1,     10.0000,      1.3981,     42.5661,    247.9570,     62.4013,      3.4953,      0.0000,     -0.0315,      3.2921,      0.1378,      5.5700,     11.1399,      1.2175,     28.6663,     57.3326,      0.0192,      0.0026,      0.0156,      0.2021,   7730.9585,-425894.7500,   -911.8786,    549.3108,  25769.8633,
       1,     168,     185,      22,       1,       3,       1,     10.0000,      1.3981,     42.5661,    247.9570,     62.4013,      3.4953,      0.0000,     -0.0316,      2.3450,      0.1422,      5.5700,     11.1399,      1.2563,     28.6663,     57.3326,      0.0192,      0.0018,      0.0156,      0.2021,   7730.9595,-422873.6250,   -911.2969,    549.5227,  25769.8613,
       1,     168,     185,      23,       1,       3,       1,     10.0000,      1.3981,     42.5661,    247.9570,     62.4013,      3.4953,      0.0000,     -0.0317,      2.3858,      0.1449,      5.5700,     11.1399,      1.2807,     28.6663,     57.3326,      0.0192,      0.0019,      0.0156,      0.2021,   7730.9585,-421418.3438,   -911.3262,    549.6227,  25769.8613,
       1,     168,     185,      24,       1,       3,       1,     10.0000,      1.3981,     42.5661,    247.9570,     62.4013,      3.4953,      0.0000,     -0.0317,      2.2765,      0.1435,      5.5700,     11.1399,      1.2678,     28.6663,     57.3326,      0.0192,      0.0018,      0.0156,      0.2021,   7730.9585,-421343.9688,   -911.5491,    549.6277,  25769.8613,
       1,     168,     186,       1,       1,       3,       1,     10.0000,      1.3981,     42.5665,    247.9628,     62.4028,      3.4953,      0.0000,     -0.0317,      0.7263,      0.1429,      5.5694,     11.1388,      1.2627,     28.6672,     57.3343,      0.0192,      0.0006,      0.0156,      0.2021,   7730.9585,-421356.2188,   -912.0800,    549.6399,  25771.0195,
       1,     168,     186,       2,       1,       3,       1,     10.0000,      1.3981,     42.5665,    247.9628,     62.4028,      3.4953,      0.0000,     -0.0317,      0.3479,      0.1433,      5.5694,     11.1388,      1.2665,     28.6672,     57.3343,      0.0192,      0.0003,      0.0156,      0.2022,   7731.3062,-419257.5625,   -911.5026,    549.7841,  25771.0195,
       1,     168,     186,       3,       1,       3,       1,     10.0000,      1.3981,     42.5665,    247.9628,     62.4028,      3.4953,      0.0000,     -0.0318,      0.3548,      0.1458,      5.5694,     11.1388,      1.2885,     28.6672,     57.3343,      0.0192,      0.0003,      0.0156,      0.2022,   7731.3062,-418601.4688,   -910.0974,    549.8291,  25771.0176,
       1,     168,     186,       4,       1,       3,       1,     10.0000,      1.3981,     42.5665,    247.9628,     62.4028,      3.4953,      0.0000,     -0.0317,      0.3475,      0.1432,      5.5694,     11.1388,      1.2653,     28.6672,     57.3343,      0.0192,      0.0003,      0.0156,      0.2022,   7731.3057,-418553.7812,   -910.0891,    549.8325,  25771.0195,
       1,     168,     186,       5,       1,       3,       1,     10.0000,      1.3981,     42.5665,    247.9628,     62.4028,      3.4953,      0.0000,     -0.0317,      0.3491,      0.1438,      5.5694,     11.1388,      1.2704,     28.6672,     57.3343,      0.0192,      0.0003,      0.0156,      0.2022,   7731.3062,-418540.2500,   -910.0863,    549.8334,  25771.0176,
       1,     168,     186,       6,       1,       3,       1,     10.0000,      1.3981,     42.5665,    247.9628,     62.4028,      3.4953,      0.0000,     -0.0318,      0.3589,      0.1473,      5.5694,     11.1388,      1.3015,     28.6672,     57.3343,      0.0192,      0.0003,      0.0156,      0.2022,   7731.3057,-418541.1875,   -910.0886,    549.8334,  25771.0176,
       1,     168,     186,       7,       1,       3,       1,     10.0000,      1.3981,     42.5665,    247.9628,     62.4028,      3.4953,      0.0000,     -0.0319,      0.3669,      0.1501,      5.5694,     11.1388,      1.3267,     28.6672,     57.3343,      0.0192,      0.0003,      0.0156,      0.2022,   7731.3057,-418553.5625,   -910.0928,    549.8325,  25771.0215,
       1,     168,     186,       8,       1,       3,       1,     10.0000,      1.3981,     42.5665,    247.9628,     62.4028,      3.4953,      0.0059,     -0.0261,      0.3711,      0.1517,      5.5694,     11.1388,      1.3401,     28.6672,     57.3343,      0.0192,      0.0003,      0.0156,      0.2022,   7731.3066,-418564.3750,   -910.0903,    549.8318,  25771.0195,
       1,     168,     186,       9,       1,       3,       1,     10.0000,      1.3981,     42.5665,    247.9628,     62.4028,      3.4953,      0.0413,      0.0094,      0.9351,      0.1509,      5.5694,     11.1388,      1.3334,     28.6672,     57.3343,      0.0192,      0.0003,      0.0393,      0.2022,   7731.3062,-418570.7188,   -910.1082,    549.8313,  25771.0195,
       1,     168,     186,      10,       1,       3,       1,     10.0000,      1.3981,     42.5665,    247.9628,     62.4028,      3.4953,      0.0699,      0.0380,      1.9293,      0.1506,      5.5694,     11.1388,      1.3307,     28.6672,     57.3343,      0.0192,      0.0003,      0.0806,      0.2022,   7731.3062,-419279.4375,   -910.3430,    549.7826,  25771.0195,
       1,     168,     186,      11,       1,       3,       1,     10.0000,      1.3981,     42.5665,    247.9628,     62.4028,      3.4953,      0.1236,      0.0913,      3.9795,      0.1593,      5.5694,     11.1388,      1.4077,     28.6672,     57.3343,      0.0192,      0.0003,      0.1581,      0.2022,   7731.3062,-420588.9062,   -910.6374,    549.6926,  25771.0195,
       1,     168,     186,      12,       1,       3,       1,     10.0000,      1.3981,     42.5665,    247.9628,     62.4028,      3.4953,      0.0467,      0.0153,      1.0229,      0.1371,      5.5694,     11.1388,      1.2114,     28.6672,     57.3343,      0.0192,      0.0003,      0.0475,      0.2022,   7731.3062,-423276.0312,   -911.5607,    549.5080,  25771.0176,
       1,     168,     186,      13,       1,       3,       1,     10.0000,      1.3981,     42.5665,    247.9628,     62.4028,      3.4953,      0.1500,      0.1188,      5.7837,      0.1306,      5.5694,     11.1388,      1.1539,     28.6672,     57.3343,      0.0192,      0.0004,      0.1963,      0.2021,   7731.3057,-419795.7188,   -910.4199,    549.7471,  25771.0195,
       1,     168,     186,      14,       1,       3,       1,     10.0000,      1.3981,     42.5665,    247.9628,     62.4028,      3.4953,      0.1870,      0.1540,      9.0620,      0.1832,      5.5694,     11.1388,      1.6188,     28.6672,     57.3343,      0.0192,      0.0004,      0.2500,      0.2022,   7731.3062,-425472.9062,   -912.3477,    549.3569,  25771.0195,
       1,     168,     186,      15,       1,       3,       1,     10.0000,      1.3981,     42.5665,    247.9628,     62.4028,      3.4953,      0.1870,      0.1534,     10.0701,      0.2007,      5.5694,     11.1388,      1.7732,     28.6672,     57.3343,      0.0192,      0.0005,      0.2500,      0.2021,   7731.3062,-430079.5312,   -915.6058,    549.0408,  25771.0215,
       1,     168,     186,      16,       1,       3,       1,     10.0000,      1.3981,     42.5665,    247.9628,     62.4028,      3.4953,      0.1609,      0.1275,      9.7595,      0.1960,      5.5694,     11.1388,      1.7316,     28.6672,     57.3343,      0.0192,      0.0006,      0.2118,      0.2021,   7731.3066,-431742.5625,   -917.2459,    548.9267,  25771.0195,
       1,     168,     186,      17,       1,       3,       1,     10.0000,      1.3981,     42.5665,    247.9628,     62.4028,      3.4953,      0.0129,     -0.0182,      0.4599,      0.1278,      5.5694,     11.1388,      1.1295,     28.6672,     57.3343,      0.0192,      0.0004,      0.0156,      0.2021,   7731.3062,-431496.1875,   -913.2291,    548.9437,  25771.0195,
       1,     168,     186,      18,       1,       3,       1,     10.0000,      1.3981,     42.5665,    247.9628,     62.4028,      3.4953,      0.0245,     -0.0065,      0.3065,      0.1251,      5.5694,     11.1388,      1.1056,     28.6672,     57.3343,      0.0192,      0.0002,      0.0161,      0.2021,   7731.3062,-419796.6250,   -910.3667,    549.7465,  25771.0215,
       1,     168,     186,      19,       1,       3,       1,     10.0000,      1.3981,     42.5665,    247.9628,     62.4028,      3.4953,      0.0209,     -0.0104,      1.4796,      0.1320,      5.5694,     11.1388,      1.1668,     28.6672,     57.3343,      0.0192,      0.0018,      0.0103,      0.2022,   7731.3066,-418596.5000,   -910.2471,    549.8296,  25771.0176,
       1,     168,     186,      20,       1,       3,       1,     10.0000,      1.3981,     42.5665,    247.9628,     62.4028,      3.4953,      0.0042,     -0.0273,      3.0547,      0.1364,      5.5694,     11.1388,      1.2053,     28.6672,     57.3343,      0.0192,      0.0024,      0.0156,      0.2022,   7731.3057,-419965.4688,   -910.8003,    549.7355,  25771.0195,
       1,     168,     186,      21,       1,       3,       1,     10.0000,      1.3981,     42.5665,    247.9628,     62.4028,      3.4953,      0.0000,     -0.0314,      2.6271,      0.1356,      5.5694,     11.1388,      1.1980,     28.6672,     57.3343,      0.0192,      0.0021,      0.0156,      0.2022,   7731.3062,-422061.1250,   -911.5339,    549.5915,  25771.0215,
       1,     168,     186,      22,       1,       3,       1,     10.0000,      1.3981,     42.5665,    247.9628,     62.4028,      3.4953,      0.0000,     -0.0314,      0.3643,      0.1365,      5.5694,     11.1388,      1.2065,     28.6672,     57.3343,      0.0192,      0.0003,      0.0156,      0.2021,   7731.3066,-421704.8750,   -911.7111,    549.6160,  25771.0195,
       1,     168,     186,      23,       1,       3,       1,     10.0000,      1.3981,     42.5665,    247.9628,     62.4028,      3.4953,      0.0000,     -0.0315,      0.6026,      0.1383,      5.5694,     11.1388,      1.2225,     28.6672,     57.3343,      0.0192,      0.0005,      0.0156,      0.2021,   7731.3062,-418833.0938,   -911.2094,    549.8132,  25771.0215,
       1,     168,     186,      24,       1,       3,       1,     10.0000,      1.3981,     42.5665,    247.9628,     62.4028,      3.4953,      0.0000,     -0.0318,      0.3835,      0.1458,      5.5694,     11.1388,      1.2885,     28.6672,     57.3343,      0.0192,      0.0003,      0.0156,      0.2022,   7731.3066,-418884.5312,   -911.2420,    549.8098,  25771.0195,
       1,     168,     187,       1,       1,       3,       1,     10.0000,      1.3981,     42.5668,    247.9687,     62.4043,      3.4953,      0.0000,     -0.0321,      0.4568,      0.1543,      5.5706,     11.1411,      1.3632,     28.6534,     57.3068,      0.0192,      0.0004,      0.0156,      0.2022,   7731.3062,-418770.3750,   -911.4883,    549.8307,  25772.1777,
       1,     168,     187,       2,       1,       3,       1,     10.0000,      1.3981,     42.5668,    247.9687,     62.4043,      3.4953,      0.0000,     -0.0321,      0.3780,      0.1541,      5.5706,     11.1411,      1.3618,     28.6534,     57.3068,      0.0192,      0.0003,      0.0156,      0.2022,   7731.6538,-418699.2188,   -911.2333,    549.8357,  25772.1777,
       1,     168,     187,       3,       1,       3,       1,     10.0000,      1.3981,     42.5668,    247.9687,     62.4043,      3.4953,      0.0000,     -0.0320,      0.3952,      0.1507,      5.5706,     11.1411,      1.3320,     28.6534,     57.3068,      0.0192,      0.0003,      0.0156,      0.2022,   7731.6538,-418593.9688,   -911.2167,    549.8429,  25772.1777,
       1,     168,     187,       4,       1,       3,       1,     10.0000,      1.3981,     42.5668,    247.9687,     62.4043,      3.4953,      0.0000,     -0.0317,      0.3914,      0.1432,      5.5706,     11.1411,      1.2653,     28.6534,     57.3068,      0.0192,      0.0003,      0.0156,      0.2022,   7731.6538,-418606.5312,   -911.2241,    549.8420,  25772.1777,
       1,     168,     187,       5,       1,       3,       1,     10.0000,      1.3981,     42.5668,    247.9687,     62.4043,      3.4953,      0.0000,     -0.0318,      0.4476,      0.1463,      5.5706,     11.1411,      1.2924,     28.6534,     57.3068,      0.0192,      0.0004,      0.0156,      0.2022,   7731.6538,-418602.9688,   -911.2310,    549.8423,  25772.1777,
       1,     168,     187,       6,       1,       3,       1,     10.0000,      1.3981,     42.5668,    247.9687,     62.4043,      3.4953,      0.0000,     -0.0317,      0.9930,      0.1430,      5.5706,     11.1411,      1.2640,     28.6534,     57.3068,      0.0192,      0.0008,      0.0156,      0.2022,   7731.6538,-418673.0938,   -911.2552,    549.8374,  25772.1758,
       1,     168,     187,       7,       1,       3,       1,     10.0000,      1.3981,     42.5668,    247.9687,     62.4043,      3.4953,      0.0000,     -0.0314,      0.9841,      0.1372,      5.5706,     11.1411,      1.2127,     28.6534,     57.3068,      0.0192,      0.0008,      0.0156,      0.2022,   7731.6528,-419364.0938,   -911.4549,    549.7899,  25772.1777,
       1,     168,     187,       8,       1,       3,       1,     10.0000,      1.3981,     42.5668,    247.9687,     62.4043,      3.4953,      0.0126,     -0.0188,      0.6698,      0.1363,      5.5706,     11.1411,      1.2041,     28.6534,     57.3068,      0.0192,      0.0005,      0.0156,      0.2022,   7731.6538,-419412.2500,   -911.5380,    549.7866,  25772.1758,
       1,     168,     187,       9,       1,       3,       1,     10.0000,      1.3981,     42.5668,    247.9687,     62.4043,      3.4953,      0.0827,      0.0510,      2.8142,      0.1438,      5.5706,     11.1411,      1.2704,     28.6534,     57.3068,      0.0192,      0.0003,      0.0992,      0.2022,   7731.6528,-419022.1250,   -911.5482,    549.8135,  25772.1777,
       1,     168,     187,      10,       1,       3,       1,     10.0000,      1.3981,     42.5668,    247.9687,     62.4043,      3.4953,      0.1045,      0.0723,      6.3168,      0.1584,      5.5706,     11.1411,      1.3993,     28.6534,     57.3068,      0.0192,      0.0006,      0.1301,      0.2022,   7731.6538,-421680.2500,   -912.3051,    549.6307,  25772.1797,
       1,     168,     187,      11,       1,       3,       1,     10.0000,      1.3981,     42.5668,    247.9687,     62.4043,      3.4953,      0.1807,      0.1477,      8.9021,      0.1803,      5.5706,     11.1411,      1.5933,     28.6534,     57.3068,      0.0192,      0.0005,      0.2407,      0.2022,   7731.6543,-426306.8438,   -913.6993,    549.3129,  25772.1777,
       1,     168,     187,      12,       1,       3,       1,     10.0000,      1.3981,     42.5668,    247.9687,     62.4043,      3.4953,      0.1869,      0.1530,      9.2211,      0.2102,      5.5706,     11.1411,      1.8573,     28.6534,     57.3068,      0.0192,      0.0005,      0.2500,      0.2022,   7731.6538,-429952.1562,   -915.5139,    549.0627,  25772.1777,
       1,     168,     187,      13,       1,       3,       1,     10.0000,      1.3981,     42.5668,    247.9687,     62.4043,      3.4953,      0.1868,      0.1532,      8.3610,      0.2041,      5.5706,     11.1411,      1.8032,     28.6534,     57.3068,      0.0192,      0.0004,      0.2500,      0.2022,   7731.6538,-430667.0312,   -917.6180,    549.0137,  25772.1777,
       1,     168,     187,      14,       1,       3,       1,     10.0000,      1.3981,     42.5668,    247.9687,     62.4043,      3.4953,      0.1689,      0.1359,      7.7133,      0.1839,      5.5706,     11.1411,      1.6252,     28.6534,     57.3068,      0.0192,      0.0004,      0.2237,      0.2022,   7731.6538,-429648.8438,   -918.5627,    549.0836,  25772.1777,
       1,     168,     187,      15,       1,       3,       1,     10.0000,      1.3981,     42.5668,    247.9687,     62.4043,      3.4953,      0.1150,      0.0827,     10.0467,      0.1599,      5.5706,     11.1411,      1.4134,     28.6534,     57.3068,      0.0192,      0.0009,      0.1449,      0.2022,   7731.6538,-428747.7188,   -912.7603,    549.1454,  25772.1777,
       1,     168,     187,      16,       1,       3,       1,     10.0000,      1.3981,     42.5668,    247.9687,     62.4043,      3.4953,      0.1661,      0.1335,     29.6452,      0.1692,      5.5706,     11.1411,      1.4948,     28.6534,     57.3068,      0.0192,      0.0017,      0.2170,      0.2022,   7731.6538,-431599.7812,   -913.7736,    548.9496,  25772.1777,
       1,     168,     187,      17,       1,       3,       1,     10.0000,      1.3981,     42.5668,    247.9687,     62.4043,      3.4953,      0.1889,      0.1558,     66.3150,      0.1867,      5.5706,     11.1411,      1.6496,     28.6534,     57.3068,      0.0192,      0.0033,      0.2462,      0.2022,   7731.6538,-456453.9062,   -919.3497,    547.2442,  25772.1777,
       1,     168,     187,      18,       1,       3,       1,     10.0000,      1.3981,     42.5668,    247.9687,     62.4043,      3.4953,      0.1697,      0.1363,     62.4805,      0.1946,      5.5706,     11.1411,      1.7197,     28.6534,     57.3068,      0.0192,      0.0035,      0.2185,      0.2021,   7731.6538,-504663.3438,   -929.7659,    543.9491,  25772.1777,
       1,     168,     187,      19,       1,       3,       1,     10.0000,      1.3981,     42.5668,    247.9687,     62.4043,      3.4953,      0.1450,      0.1118,     35.3232,      0.1912,      5.5706,     11.1411,      1.6893,     28.6534,     57.3068,      0.0192,      0.0023,      0.1856,      0.2021,   7731.6538,-504017.4688,   -931.1542,    544.0029,  25772.1777,
       1,     168,     187,      20,       1,       3,       1,     10.0000,      1.3981,     42.5668,    247.9687,     62.4043,      3.4953,      0.0357,      0.0030,      2.0591,      0.1715,      5.5706,     11.1411,      1.5159,     28.6534,     57.3068,      0.0192,      0.0008,      0.0301,      0.2021,   7731.6538,-469812.9375,   -925.8994,    546.3289,  25772.1797,
       1,     168,     187,      21,       1,       3,       1,     10.0000,      1.3981,     42.5668,    247.9687,     62.4043,      3.4953,      0.0001,     -0.0322,      1.7013,      0.1609,      5.5706,     11.1411,      1.4219,     28.6534,     57.3068,      0.0192,      0.0013,      0.0156,      0.2021,   7731.6543,-425097.5625,   -918.0020,    549.3875,  25772.1797,
       1,     168,     187,      22,       1,       3,       1,     10.0000,      1.3981,     42.5668,    247.9687,     62.4043,      3.4953,      0.0000,     -0.0323,      3.1494,      0.1616,      5.5706,     11.1411,      1.4276,     28.6534,     57.3068,      0.0192,      0.0025,      0.0156,      0.2022,   7731.6543,-420817.8125,   -917.3395,    549.6901,  25772.1758,
       1,     168,     187,      23,       1,       3,       1,     10.0000,      1.3981,     42.5668,    247.9687,     62.4043,      3.4953,      0.0000,     -0.0324,      4.1007,      0.1624,      5.5706,     11.1411,      1.4348,     28.6534,     57.3068,      0.0192,      0.0032,      0.0156,      0.2022,   7731.6528,-422256.2500,   -917.8468,    549.5912,  25772.1777,
       1,     168,     187,      24,       1,       3,       1,     10.0000,      1.3981,     42.5668,    247.9687,     62.4043,      3.4953,      0.0000,     -0.0323,      3.9086,      0.1606,      5.5706,     11.1411,      1.4190,     28.6534,     57.3068,      0.0192,      0.0031,      0.0156,      0.2022,   7731.6538,-423574.4062,   -918.4174,    549.5006,  25772.1777,
       1,     168,     188,       1,       1,       3,       1,     10.0000,      1.3981,     42.5671,    247.9745,     62.4058,      3.4953,      0.0000,     -0.0324,      2.5265,      0.1630,      5.5693,     11.1387,      1.4406,     28.6568,     57.3135,      0.0192,      0.0020,      0.0156,      0.2022,   7731.6538,-423602.5938,   -918.9766,    549.5118,  25773.3359,
       1,     168,     188,       2,       1,       3,       1,     10.0000,      1.3981,     42.5671,    247.9745,     62.4058,      3.4953,      0.0000,     -0.0323,      1.4842,      0.1616,      5.5693,     11.1387,      1.4276,     28.6568,     57.3135,      0.0192,      0.0012,      0.0156,      0.2022,   7732.0010,-421716.8125,   -918.5615,    549.6413,  25773.3359,
       1,     168,     188,       3,       1,       3,       1,     10.0000,      1.3981,     42.5671,    247.9745,     62.4058,      3.4953,      0.0000,     -0.0323,      1.7112,      0.1608,      5.5693,     11.1387,      1.4205,     28.6568,     57.3135,      0.0192,      0.0013,      0.0156,      0.2022,   7732.0010,-420245.8750,   -918.3866,    549.7424,  25773.3359,
       1,     168,     188,       4,       1,       3,       1,     10.0000,      1.3981,     42.5671,    247.9745,     62.4058,      3.4953,      0.0000,     -0.0322,      1.2238,      0.1584,      5.5693,     11.1387,      1.3993,     28.6568,     57.3135,      0.0192,      0.0010,      0.0156,      0.2022,   7732.0010,-420403.9688,   -918.5226,    549.7316,  25773.3340,
       1,     168,     188,       5,       1,       3,       1,     10.0000,      1.3981,     42.5671,    247.9745,     62.4058,      3.4953,      0.0000,     -0.0321,      0.8251,      0.1563,      5.5693,     11.1387,      1.3812,     28.6568,     57.3135,      0.0192,      0.0007,      0.0156,      0.2022,   7732.0005,-419805.8750,   -918.4783,    549.7726,  25773.3359,
       1,     168,     188,       6,       1,       3,       1,     10.0000,      1.3981,     42.5671,    247.9745,     62.4058,      3.4953,      0.0000,     -0.0321,      0.7072,      0.1547,      5.5693,     11.1387,      1.3674,     28.6568,     57.3135,      0.0192,      0.0006,      0.0156,      0.2022,   7732.0010,-419253.7188,   -918.4159,    549.8105,  25773.3379,
       1,     168,     188,       7,       1,       3,       1,     10.0000,      1.3981,     42.5671,    247.9745,     62.4058,      3.4953,      0.0000,     -0.0322,      0.7672,      0.1574,      5.5693,     11.1387,      1.3909,     28.6568,     57.3135,      0.0192,      0.0006,      0.0156,      0.2022,   7732.0015,-419057.6250,   -918.4066,    549.8240,  25773.3340,
       1,     168,     188,       8,       1,       3,       1,     10.0000,      1.3981,     42.5671,    247.9745,     62.4058,      3.4953,      0.0038,     -0.0284,      0.6372,      0.1577,      5.5693,     11.1387,      1.3937,     28.6568,     57.3135,      0.0192,      0.0005,      0.0156,      0.2022,   7732.0005,-419116.6875,   -918.4510,    549.8199,  25773.3379,
       1,     168,     188,       9,       1,       3,       1,     10.0000,      1.3981,     42.5671,    247.9745,     62.4058,      3.4953,      0.0456,      0.0134,      1.4215,      0.1593,      5.5693,     11.1387,      1.4077,     28.6568,     57.3135,      0.0192,      0.0004,      0.0451,      0.2022,   7732.0015,-418958.0000,   -918.4481,    549.8309,  25773.3340,
       1,     168,     188,      10,       1,       3,       1,     10.0000,      1.3981,     42.5671,    247.9745,     62.4058,      3.4953,      0.0632,      0.0307,      1.9524,      0.1645,      5.5693,     11.1387,      1.4536,     28.6568,     57.3135,      0.0192,      0.0003,      0.0704,      0.2022,   7732.0005,-419929.3438,   -918.7057,    549.7641,  25773.3340,
       1,     168,     188,      11,       1,       3,       1,     10.0000,      1.3981,     42.5671,    247.9745,     62.4058,      3.4953,      0.1380,      0.1055,      4.6936,      0.1652,      5.5693,     11.1387,      1.4594,     28.6568,     57.3135,      0.0192,      0.0003,      0.1789,      0.2022,   7732.0005,-420679.5625,   -914.7055,    549.7126,  25773.3359,
       1,     168,     188,      12,       1,       3,       1,     10.0000,      1.3981,     42.5671,    247.9745,     62.4058,      3.4953,      0.1869,      0.1530,      8.9120,      0.2092,      5.5693,     11.1387,      1.8482,     28.6568,     57.3135,      0.0192,      0.0004,      0.2500,      0.2022,   7732.0010,-424185.0000,   -913.2675,    549.4717,  25773.3359,
       1,     168,     188,      13,       1,       3,       1,     10.0000,      1.3981,     42.5671,    247.9745,     62.4058,      3.4953,      0.1868,      0.1523,     10.3337,      0.2328,      5.5693,     11.1387,      2.0568,     28.6568,     57.3135,      0.0192,      0.0005,      0.2500,      0.2022,   7732.0010,-429782.9688,   -916.5742,    549.0872,  25773.3379,
       1,     168,     188,      14,       1,       3,       1,     10.0000,      1.3981,     42.5671,    247.9745,     62.4058,      3.4953,      0.1785,      0.1444,      9.3549,      0.2184,      5.5693,     11.1387,      1.9299,     28.6568,     57.3135,      0.0192,      0.0005,      0.2378,      0.2022,   7732.0015,-432050.6250,   -919.4058,    548.9318,  25773.3359,
       1,     168,     188,      15,       1,       3,       1,     10.0000,      1.3981,     42.5671,    247.9745,     62.4058,      3.4953,      0.1870,      0.1528,     11.3946,      0.2227,      5.5693,     11.1387,      1.9682,     28.6568,     57.3135,      0.0192,      0.0006,      0.2500,      0.2022,   7732.0010,-431017.5625,   -913.5527,    549.0027,  25773.3359,
       1,     168,     188,      16,       1,       3,       1,     10.0000,      1.3981,     42.5671,    247.9745,     62.4058,      3.4953,      0.0768,      0.0436,      3.0061,      0.1901,      5.5693,     11.1387,      1.6794,     28.6568,     57.3135,      0.0192,      0.0004,      0.0896,      0.2022,   7732.0010,-433489.0625,   -915.9778,    548.8330,  25773.3359,
       1,     168,     188,      17,       1,       3,       1,     10.0000,      1.3981,     42.5671,    247.9745,     62.4058,      3.4953,      0.0093,     -0.0225,      3.2944,      0.1483,      5.5693,     11.1387,      1.3108,     28.6568,     57.3135,      0.0192,      0.0026,      0.0156,      0.2022,   7732.0010,-423170.5625,   -911.1122,    549.5410,  25773.3359,
       1,     168,     188,      18,       1,       3,       1,     10.0000,      1.3981,     42.5671,    247.9745,     62.4058,      3.4953,      0.0200,     -0.0117,      2.7216,      0.1433,      5.5693,     11.1387,      1.2666,     28.6568,     57.3135,      0.0192,      0.0040,      0.0084,      0.2022,   7732.0010,-422644.1875,   -911.2948,    549.5776,  25773.3359,
       1,     168,     188,      19,       1,       3,       1,     10.0000,      1.3981,     42.5671,    247.9745,     62.4058,      3.4953,      0.0498,      0.0174,     12.7548,      0.1642,      5.5693,     11.1387,      1.4507,     28.6568,     57.3135,      0.0192,      0.0032,      0.0497,      0.2022,   7732.0010,-421879.0938,   -911.3710,    549.6301,  25773.3379,
       1,     168,     188,      20,       1,       3,       1,     10.0000,      1.3981,     42.5671,    247.9745,     62.4058,      3.4953,      0.0299,     -0.0027,      5.4752,      0.1697,      5.5693,     11.1387,      1.4993,     28.6568,     57.3135,      0.0192,      0.0031,      0.0214,      0.2022,   7732.0015,-434407.2812,   -914.2230,    548.7694,  25773.3379,
       1,     168,     188,      21,       1,       3,       1,     10.0000,      1.3981,     42.5671,    247.9745,     62.4058,      3.4953,      0.0001,     -0.0324,      1.5662,      0.1670,      5.5693,     11.1387,      1.4756,     28.6568,     57.3135,      0.0192,      0.0012,      0.0156,      0.2022,   7732.0015,-426350.0000,   -913.3016,    549.3228,  25773.3340,
       1,     168,     188,      22,       1,       3,       1,     10.0000,      1.3981,     42.5671,    247.9745,     62.4058,      3.4953,      0.0000,     -0.0325,      0.4787,      0.1658,      5.5693,     11.1387,      1.4653,     28.6568,     57.3135,      0.0192,      0.0004,      0.0156,      0.2022,   7732.0005,-420748.5625,   -912.4538,    549.7077,  25773.3359,
       1,     168,     188,      23,       1,       3,       1,     10.0000,      1.3981,     42.5671,    247.9745,     62.4058,      3.4953,      0.0000,     -0.0325,      0.4130,      0.1655,      5.5693,     11.1387,      1.4623,     28.6568,     57.3135,      0.0192,      0.0003,      0.0156,      0.2022,   7732.0010,-418900.4062,   -912.1368,    549.8348,  25773.3340,
       1,     168,     188,      24,       1,       3,       1,     10.0000,      1.3981,     42.5671,    247.9745,     62.4058,      3.4953,      0.0000,     -0.0323,      0.4027,      0.1609,      5.5693,     11.1387,      1.4219,     28.6568,     57.3135,      0.0192,      0.0003,      0.0156,      0.2022,   7732.0005,-418658.4375,   -912.0966,    549.8515,  25773.3359,
       1,     168,     189,       1,       1,       3,       1,     10.0000,      1.3981,     42.5675,    247.9804,     62.4073,      3.4953,      0.0000,     -0.0322,      0.4101,      0.1587,      5.5706,     11.1413,      1.4021,     28.6461,     57.2921,      0.0192,      0.0003,      0.0156,      0.2022,   7732.0010,-418780.3125,   -912.3809,    549.8561,  25774.4941,
       1,     168,     189,       2,       1,       3,       1,     10.0000,      1.3981,     42.5675,    247.9804,     62.4073,      3.4953,      0.0000,     -0.0321,      0.4032,      0.1563,      5.5706,     11.1413,      1.3812,     28.6461,     57.2921,      0.0192,      0.0003,      0.0156,      0.2022,   7732.3486,-418646.8438,   -912.1052,    549.8653,  25774.4922,
       1,     168,     189,       3,       1,       3,       1,     10.0000,      1.3981,     42.5675,    247.9804,     62.4073,      3.4953,      0.0000,     -0.0322,      0.5490,      0.1592,      5.5706,     11.1413,      1.4064,     28.6461,     57.2921,      0.0192,      0.0004,      0.0156,      0.2022,   7732.3481,-418626.9062,   -912.1056,    549.8667,  25774.4922,
       1,     168,     189,       4,       1,       3,       1,     10.0000,      1.3981,     42.5675,    247.9804,     62.4073,      3.4953,      0.0000,     -0.0322,      0.5974,      0.1588,      5.5706,     11.1413,      1.4036,     28.6461,     57.2921,      0.0192,      0.0005,      0.0156,      0.2022,   7732.3481,-418808.0625,   -912.1564,    549.8542,  25774.4922,
       1,     168,     189,       5,       1,       3,       1,     10.0000,      1.3981,     42.5675,    247.9804,     62.4073,      3.4953,      0.0000,     -0.0321,      0.4535,      0.1558,      5.5706,     11.1413,      1.3770,     28.6461,     57.2921,      0.0192,      0.0004,      0.0156,      0.2022,   7732.3481,-418884.5938,   -912.1954,    549.8490,  25774.4922,
       1,     168,     189,       6,       1,       3,       1,     10.0000,      1.3981,     42.5675,    247.9804,     62.4073,      3.4953,      0.0000,     -0.0320,      0.3741,      0.1527,      5.5706,     11.1413,      1.3496,     28.6461,     57.2921,      0.0192,      0.0003,      0.0156,      0.2022,   7732.3481,-418710.4375,   -912.1713,    549.8609,  25774.4922,
       1,     168,     189,       7,       1,       3,       1,     10.0000,      1.3981,     42.5675,    247.9804,     62.4073,      3.4953,      0.0000,     -0.0319,      0.3639,      0.1491,      5.5706,     11.1413,      1.3174,     28.6461,     57.2921,      0.0192,      0.0003,      0.0156,      0.2022,   7732.3481,-418595.9375,   -912.1527,    549.8688,  25774.4902,
       1,     168,     189,       8,       1,       3,       1,     10.0000,      1.3981,     42.5675,    247.9804,     62.4073,      3.4953,      0.0060,     -0.0258,      0.3597,      0.1476,      5.5706,     11.1413,      1.3042,     28.6461,     57.2921,      0.0192,      0.0003,      0.0156,      0.2022,   7732.3472,-418573.5000,   -912.1511,    549.8703,  25774.4922,
       1,     168,     189,       9,       1,       3,       1,     10.0000,      1.3981,     42.5675,    247.9804,     62.4073,      3.4953,      0.0362,      0.0043,      0.7518,      0.1508,      5.5706,     11.1413,      1.3321,     28.6461,     57.2921,      0.0192,      0.0003,      0.0318,      0.2022,   7732.3481,-418566.0625,   -912.1680,    549.8708,  25774.4941,
       1,     168,     189,      10,       1,       3,       1,     10.0000,      1.3981,     42.5675,    247.9804,     62.4073,      3.4953,      0.0503,      0.0182,      1.2862,      0.1568,      5.5706,     11.1413,      1.3854,     28.6461,     57.2921,      0.0192,      0.0003,      0.0520,      0.2022,   7732.3486,-419057.2188,   -912.3715,    549.8370,  25774.4902,
       1,     168,     189,      11,       1,       3,       1,     10.0000,      1.3981,     42.5675,    247.9804,     62.4073,      3.4953,      0.1192,      0.0869,      3.8624,      0.1609,      5.5706,     11.1413,      1.4220,     28.6461,     57.2921,      0.0192,      0.0003,      0.1517,      0.2022,   7732.3472,-419771.0000,   -912.7082,    549.7880,  25774.4902,
       1,     168,     189,      12,       1,       3,       1,     10.0000,      1.3981,     42.5675,    247.9804,     62.4073,      3.4953,      0.1563,      0.1234,      5.9589,      0.1792,      5.5706,     11.1413,      1.5839,     28.6461,     57.2921,      0.0192,      0.0004,      0.2055,      0.2022,   7732.3472,-423065.8750,   -913.7321,    549.5616,  25774.4941,
       1,     168,     189,      13,       1,       3,       1,     10.0000,      1.3981,     42.5675,    247.9804,     62.4073,      3.4953,      0.1570,      0.1238,      6.4961,      0.1884,      5.5706,     11.1413,      1.6645,     28.6461,     57.2921,      0.0192,      0.0004,      0.2064,      0.2022,   7732.3486,-425981.1250,   -914.9879,    549.3614,  25774.4922,
       1,     168,     189,      14,       1,       3,       1,     10.0000,      1.3981,     42.5675,    247.9804,     62.4073,      3.4953,      0.1217,      0.0888,      4.8645,      0.1807,      5.5706,     11.1413,      1.5965,     28.6461,     57.2921,      0.0192,      0.0004,      0.1551,      0.2022,   7732.3481,-426906.9375,   -915.9175,    549.2979,  25774.4922,
       1,     168,     189,      15,       1,       3,       1,     10.0000,      1.3981,     42.5675,    247.9804,     62.4073,      3.4953,      0.1499,      0.1168,      5.9497,      0.1874,      5.5706,     11.1413,      1.6563,     28.6461,     57.2921,      0.0192,      0.0004,      0.1962,      0.2022,   7732.3481,-424938.7812,   -915.9906,    549.4329,  25774.4941,
       1,     168,     189,      16,       1,       3,       1,     10.0000,      1.3981,     42.5675,    247.9804,     62.4073,      3.4953,      0.1659,      0.1325,      7.0535,      0.1971,      5.5706,     11.1413,      1.7420,     28.6461,     57.2921,      0.0192,      0.0004,      0.2194,      0.2022,   7732.3486,-426131.1562,   -916.9012,    549.3511,  25774.4922,
       1,     168,     189,      17,       1,       3,       1,     10.0000,      1.3981,     42.5675,    247.9804,     62.4073,      3.4953,      0.1524,      0.1190,     22.4314,      0.1950,      5.5706,     11.1413,      1.7232,     28.6461,     57.2921,      0.0192,      0.0014,      0.1978,      0.2022,   7732.3481,-427619.5312,   -917.9610,    549.2489,  25774.4922,
       1,     168,     189,      18,       1,       3,       1,     10.0000,      1.3981,     42.5675,    247.9804,     62.4073,      3.4953,      0.1236,      0.0905,     27.0613,      0.1850,      5.5706,     11.1413,      1.6350,     28.6461,     57.2921,      0.0192,      0.0021,      0.1552,      0.2022,   7732.3481,-447050.8125,   -922.1874,    547.9148,  25774.4922,
       1,     168,     189,      19,       1,       3,       1,     10.0000,      1.3981,     42.5675,    247.9804,     62.4073,      3.4953,      0.0959,      0.0630,     14.4354,      0.1787,      5.5706,     11.1413,      1.5791,     28.6461,     57.2921,      0.0192,      0.0015,      0.1164,      0.2022,   7732.3481,-454543.5312,   -924.0938,    547.4033,  25774.4902,
       1,     168,     189,      20,       1,       3,       1,     10.0000,      1.3981,     42.5675,    247.9804,     62.4073,      3.4953,      0.0288,     -0.0039,      3.2246,      0.1722,      5.5706,     11.1413,      1.5220,     28.6461,     57.2921,      0.0192,      0.0020,      0.0200,      0.2022,   7732.3472,-439332.7188,   -921.6819,    548.4443,  25774.4922,
       1,     168,     189,      21,       1,       3,       1,     10.0000,      1.3981,     42.5675,    247.9804,     62.4073,      3.4953,      0.0001,     -0.0323,      3.4772,      0.1642,      5.5706,     11.1413,      1.4507,     28.6461,     57.2921,      0.0192,      0.0027,      0.0156,      0.2022,   7732.3481,-423950.6875,   -919.0964,    549.4998,  25774.4922,
       1,     168,     189,      22,       1,       3,       1,     10.0000,      1.3981,     42.5675,    247.9804,     62.4073,      3.4953,      0.0000,     -0.0324,      3.0945,      0.1627,      5.5706,     11.1413,      1.4377,     28.6461,     57.2921,      0.0192,      0.0024,      0.0156,      0.2022,   7732.3481,-422943.8438,   -919.1051,    549.5700,  25774.4922,
       1,     168,     189,      23,       1,       3,       1,     10.0000,      1.3981,     42.5675,    247.9804,     62.4073,      3.4953,      0.0000,     -0.0323,      2.5328,      0.1612,      5.5706,     11.1413,      1.4248,     28.6461,     57.2921,      0.0192,      0.0020,      0.0156,      0.2022,   7732.3481,-422375.4062,   -919.1138,    549.6091,  25774.4922,
       1,     168,     189,      24,       1,       3,       1,     10.0000,      1.3981,     42.5675,    247.9804,     62.4073,      3.4953,      0.0000,     -0.0322,      2.3428,      0.1592,      5.5706,     11.1413,      1.4064,     28.6461,     57.2921,      0.0192,      0.0018,      0.0156,      0.2022,   7732.3481,-421621.3125,   -919.1335,    549.6609,  25774.4902,
       1,     168,     190,       1,       1,       3,       1,     10.0000,      1.3982,     42.5678,    247.9862,     62.4087,      3.4953,      0.0000,     -0.0320,      1.8321,      0.1534,      5.5704,     11.1408,      1.3551,     28.6400,     57.2799,      0.0192,      0.0014,      0.0156,      0.2023,   7732.3472,-421473.5000,   -919.4899,    549.6841,  25775.6426,
       1,     168,     190,       2,       1,       3,       1,     10.0000,      1.3982,     42.5678,    247.9862,     62.4087,      3.4953,      0.0000,     -0.0320,      1.3079,      0.1530,      5.5704,     11.1408,      1.3524,     28.6400,     57.2799,      0.0192,      0.0010,      0.0156,      0.2023,   7732.6929,-420667.3750,   -919.1442,    549.7396,  25775.6426,
       1,     168,     190,       3,       1,       3,       1,     10.0000,      1.3982,     42.5678,    247.9862,     62.4087,      3.4953,      0.0000,     -0.0319,      1.0655,      0.1491,      5.5704,     11.1408,      1.3175,     28.6400,     57.2799,      0.0192,      0.0008,      0.0156,      0.2023,   7732.6929,-419939.9375,   -919.0537,    549.7896,  25775.6445,
       1,     168,     190,       4,       1,       3,       1,     10.0000,      1.3982,     42.5678,    247.9862,     62.4087,      3.4953,      0.0000,     -0.0319,      0.6829,      0.1494,      5.5704,     11.1408,      1.3201,     28.6400,     57.2799,      0.0192,      0.0005,      0.0156,      0.2023,   7732.6938,-419572.6875,   -919.0147,    549.8148,  25775.6445,
       1,     168,     190,       5,       1,       3,       1,     10.0000,      1.3982,     42.5678,    247.9862,     62.4087,      3.4953,      0.0000,     -0.0320,      0.5348,      0.1518,      5.5704,     11.1408,      1.3416,     28.6400,     57.2799,      0.0192,      0.0004,      0.0156,      0.2023,   7732.6938,-419060.7812,   -918.9343,    549.8499,  25775.6426,
       1,     168,     190,       6,       1,       3,       1,     10.0000,      1.3982,     42.5678,    247.9862,     62.4087,      3.4953,      0.0000,     -0.0320,      0.3707,      0.1515,      5.5704,     11.1408,      1.3389,     28.6400,     57.2799,      0.0192,      0.0003,      0.0156,      0.2023,   7732.6929,-418831.1562,   -918.9009,    549.8657,  25775.6426,
       1,     168,     190,       7,       1,       3,       1,     10.0000,      1.3982,     42.5678,    247.9862,     62.4087,      3.4953,      0.0000,     -0.0320,      0.3746,      0.1529,      5.5704,     11.1408,      1.3510,     28.6400,     57.2799,      0.0192,      0.0003,      0.0156,      0.2023,   7732.6929,-418605.3750,   -918.8616,    549.8812,  25775.6445,
       1,     168,     190,       8,       1,       3,       1,     10.0000,      1.3982,     42.5678,    247.9862,     62.4087,      3.4953,      0.0116,     -0.0204,      0.3724,      0.1521,      5.5704,     11.1408,      1.3443,     28.6400,     57.2799,      0.0192,      0.0003,      0.0156,      0.2023,   7732.6938,-418590.5312,   -918.8602,    549.8823,  25775.6426,
       1,     168,     190,       9,       1,       3,       1,     10.0000,      1.3982,     42.5678,    247.9862,     62.4087,      3.4953,      0.0998,      0.0674,      3.1869,      0.1627,      5.5704,     11.1408,      1.4377,     28.6400,     57.2799,      0.0192,      0.0003,      0.1236,      0.2023,   7732.6929,-418586.8438,   -918.8842,    549.8825,  25775.6426,
       1,     168,     190,      10,       1,       3,       1,     10.0000,      1.3982,     42.5678,    247.9862,     62.4087,      3.4953,      0.1247,      0.0920,      4.4585,      0.1745,      5.5704,     11.1408,      1.5419,     28.6400,     57.2799,      0.0192,      0.0003,      0.1596,      0.2023,   7732.6929,-422118.5000,   -919.8038,    549.6398,  25775.6465,
       1,     168,     190,      11,       1,       3,       1,     10.0000,      1.3982,     42.5678,    247.9862,     62.4087,      3.4953,      0.1634,      0.1301,      6.7030,      0.1914,      5.5704,     11.1408,      1.6911,     28.6400,     57.2799,      0.0192,      0.0004,      0.2158,      0.2023,   7732.6943,-424018.5938,   -920.4051,    549.5093,  25775.6426,
       1,     168,     190,      12,       1,       3,       1,     10.0000,      1.3982,     42.5678,    247.9862,     62.4087,      3.4953,      0.1751,      0.1416,      7.5274,      0.1981,      5.5704,     11.1408,      1.7507,     28.6400,     57.2799,      0.0192,      0.0004,      0.2329,      0.2023,   7732.6929,-426999.6875,   -921.3991,    549.3045,  25775.6445,
       1,     168,     190,      13,       1,       3,       1,     10.0000,      1.3982,     42.5678,    247.9862,     62.4087,      3.4953,      0.1868,      0.1530,      8.5824,      0.2088,      5.5704,     11.1408,      1.8447,     28.6400,     57.2799,      0.0192,      0.0004,      0.2500,      0.2022,   7732.6938,-428291.2812,   -922.1700,    549.2159,  25775.6445,
       1,     168,     190,      14,       1,       3,       1,     10.0000,      1.3982,     42.5678,    247.9862,     62.4087,      3.4953,      0.1871,      0.1531,     11.9756,      0.2140,      5.5704,     11.1408,      1.8906,     28.6400,     57.2799,      0.0192,      0.0006,      0.2500,      0.2022,   7732.6938,-429726.7500,   -922.9205,    549.1173,  25775.6426,
       1,     168,     190,      15,       1,       3,       1,     10.0000,      1.3982,     42.5678,    247.9862,     62.4087,      3.4953,      0.1864,      0.1523,     30.2867,      0.2195,      5.5704,     11.1408,      1.9395,     28.6400,     57.2799,      0.0192,      0.0015,      0.2470,      0.2022,   7732.6929,-434109.7812,   -924.2464,    548.8165,  25775.6445,
       1,     168,     190,      16,       1,       3,       1,     10.0000,      1.3982,     42.5678,    247.9862,     62.4087,      3.4953,      0.1727,      0.1389,     45.6883,      0.2106,      5.5704,     11.1408,      1.8611,     28.6400,     57.2799,      0.0192,      0.0025,      0.2250,      0.2022,   7732.6938,-457471.6562,   -929.1099,    547.2139,  25775.6445,
       1,     168,     190,      17,       1,       3,       1,     10.0000,      1.3982,     42.5678,    247.9862,     62.4087,      3.4953,      0.1630,      0.1294,     47.1261,      0.2011,      5.5704,     11.1408,      1.7769,     28.6400,     57.2799,      0.0192,      0.0028,      0.2105,      0.2022,   7732.6938,-478829.5312,   -933.5864,    545.7552,  25775.6445,
       1,     168,     190,      18,       1,       3,       1,     10.0000,      1.3982,     42.5678,    247.9862,     62.4087,      3.4953,      0.1548,      0.1213,     69.1039,      0.2005,      5.5704,     11.1408,      1.7716,     28.6400,     57.2799,      0.0192,      0.0043,      0.1961,      0.2022,   7732.6938,-482475.8438,   -934.7358,    545.5085,  25775.6445,
       1,     168,     190,      19,       1,       3,       1,     10.0000,      1.3982,     42.5678,    247.9862,     62.4087,      3.4953,      0.1210,      0.0877,     58.1096,      0.1920,      5.5704,     11.1408,      1.6962,     28.6400,     57.2799,      0.0192,      0.0048,      0.1478,      0.2022,   7732.6938,-510393.8125,   -940.5129,    543.6049,  25775.6445,
       1,     168,     190,      20,       1,       3,       1,     10.0000,      1.3982,     42.5678,    247.9862,     62.4087,      3.4953,      0.0248,     -0.0080,      4.7409,      0.1762,      5.5704,     11.1408,      1.5573,     28.6400,     57.2799,      0.0192,      0.0042,      0.0138,      0.2022,   7732.6938,-498986.9688,   -938.8835,    544.3833,  25775.6426,
       1,     168,     190,      21,       1,       3,       1,     10.0000,      1.3982,     42.5678,    247.9862,     62.4087,      3.4953,      0.0001,     -0.0323,      4.0414,      0.1634,      5.5704,     11.1408,      1.4435,     28.6400,     57.2799,      0.0192,      0.0032,      0.0156,      0.2022,   7732.6929,-430950.1875,   -926.3248,    549.0136,  25775.6445,
       1,     168,     190,      22,       1,       3,       1,     10.0000,      1.3982,     42.5678,    247.9862,     62.4087,      3.4953,      0.0000,     -0.0323,      3.7401,      0.1619,      5.5704,     11.1408,      1.4306,     28.6400,     57.2799,      0.0192,      0.0029,      0.0156,      0.2022,   7732.6938,-424281.0312,   -925.1461,    549.4910,  25775.6445,
       1,     168,     190,      23,       1,       3,       1,     10.0000,      1.3982,     42.5678,    247.9862,     62.4087,      3.4953,      0.0000,     -0.0323,      3.6354,      0.1616,      5.5704,     11.1408,      1.4277,     28.6400,     57.2799,      0.0192,      0.0029,      0.0156,      0.2023,   7732.6938,-423303.9062,   -925.0195,    549.5583,  25775.6426,
       1,     168,     190,      24,       1,       3,       1,     10.0000,      1.3982,     42.5678,    247.9862,     62.4087,      3.4953,      0.0000,     -0.0323,      3.2658,      0.1624,      5.5704,     11.1408,      1.4349,     28.6400,     57.2799,      0.0192,      0.0026,      0.0156,      0.2023,   7732.6929,-423088.2812,   -925.0269,    549.5732,  25775.6465,
       1,     168,     191,       1,       1,       3,       1,     10.0000,      1.3982,     42.5681,    247.9921,     62.4102,      3.4953,      0.0000,     -0.0323,      2.1973,      0.1595,      5.5696,     11.1392,      1.4093,     28.6439,     57.2878,      0.0192,      0.0017,      0.0156,      0.2023,   7732.6943,-422760.5000,   -925.2848,    549.6086,  25776.8008,
       1,     168,     191,       2,       1,       3,       1,     10.0000,      1.3982,     42.5681,    247.9921,     62.4102,      3.4953,      0.0000,     -0.0321,      1.4970,      0.1558,      5.5696,     11.1392,      1.3771,     28.6439,     57.2878,      0.0192,      0.0012,      0.0156,      0.2023,   7733.0405,-421238.9062,   -924.7588,    549.7131,  25776.8008,
       1,     168,     191,       3,       1,       3,       1,     10.0000,      1.3982,     42.5681,    247.9921,     62.4102,      3.4953,      0.0000,     -0.0320,      1.1923,      0.1521,      5.5696,     11.1392,      1.3443,     28.6439,     57.2878,      0.0192,      0.0009,      0.0156,      0.2023,   7733.0405,-420228.8438,   -923.6108,    549.7825,  25776.8008,
       1,     168,     191,       4,       1,       3,       1,     10.0000,      1.3982,     42.5681,    247.9921,     62.4102,      3.4953,      0.0000,     -0.0319,      1.1122,      0.1499,      5.5696,     11.1392,      1.3242,     28.6439,     57.2878,      0.0192,      0.0009,      0.0156,      0.2023,   7733.0405,-419759.4688,   -922.6860,    549.8148,  25776.8027,
       1,     168,     191,       5,       1,       3,       1,     10.0000,      1.3982,     42.5681,    247.9921,     62.4102,      3.4953,      0.0000,     -0.0318,      1.0603,      0.1463,      5.5696,     11.1392,      1.2925,     28.6439,     57.2878,      0.0192,      0.0008,      0.0156,      0.2023,   7733.0410,-419618.3438,   -922.6907,    549.8245,  25776.8008,
       1,     168,     191,       6,       1,       3,       1,     10.0000,      1.3982,     42.5681,    247.9921,     62.4102,      3.4953,      0.0000,     -0.0316,      0.7412,      0.1422,      5.5696,     11.1392,      1.2565,     28.6439,     57.2878,      0.0192,      0.0006,      0.0156,      0.2023,   7733.0405,-419541.1875,   -910.3295,    549.8298,  25776.7988,
       1,     168,     191,       7,       1,       3,       1,     10.0000,      1.3982,     42.5681,    247.9921,     62.4102,      3.4953,      0.0000,     -0.0316,      0.5790,      0.1422,      5.5696,     11.1392,      1.2565,     28.6439,     57.2878,      0.0192,      0.0005,      0.0156,      0.2023,   7733.0400,-419134.3750,   -910.3091,    549.8578,  25776.8008,
       1,     168,     191,       8,       1,       3,       1,     10.0000,      1.3982,     42.5681,    247.9921,     62.4102,      3.4953,      0.0124,     -0.0192,      0.3613,      0.1399,      5.5696,     11.1392,      1.2363,     28.6439,     57.2878,      0.0192,      0.0003,      0.0156,      0.2023,   7733.0405,-418895.4688,   -910.2989,    549.8741,  25776.8008,
       1,     168,     191,       9,       1,       3,       1,     10.0000,      1.3982,     42.5681,    247.9921,     62.4102,      3.4953,      0.1127,      0.0806,      3.4512,      0.1532,      5.5696,     11.1392,      1.3538,     28.6439,     57.2878,      0.0192,      0.0003,      0.1424,      0.2023,   7733.0405,-418601.8750,   -910.2890,    549.8944,  25776.7988,
       1,     168,     191,      10,       1,       3,       1,     10.0000,      1.3982,     42.5681,    247.9921,     62.4102,      3.4953,      0.1758,      0.1423,      7.5077,      0.1970,      5.5696,     11.1392,      1.7404,     28.6439,     57.2878,      0.0192,      0.0004,      0.2338,      0.2023,   7733.0400,-422453.6562,   -911.3264,    549.6296,  25776.8008,
       1,     168,     191,      11,       1,       3,       1,     10.0000,      1.3982,     42.5681,    247.9921,     62.4102,      3.4953,      0.1821,      0.1483,      8.3945,      0.2098,      5.5696,     11.1392,      1.8538,     28.6439,     57.2878,      0.0192,      0.0004,      0.2431,      0.2023,   7733.0405,-427876.2188,   -913.5745,    549.2571,  25776.7988,
       1,     168,     191,      12,       1,       3,       1,     10.0000,      1.3982,     42.5681,    247.9921,     62.4102,      3.4953,      0.1788,      0.1451,      8.2670,      0.2043,      5.5696,     11.1392,      1.8052,     28.6439,     57.2878,      0.0192,      0.0004,      0.2382,      0.2023,   7733.0400,-429457.0938,   -915.2490,    549.1486,  25776.8008,
       1,     168,     191,      13,       1,       3,       1,     10.0000,      1.3982,     42.5681,    247.9921,     62.4102,      3.4953,      0.1868,      0.1525,      9.3733,      0.2254,      5.5696,     11.1392,      1.9916,     28.6439,     57.2878,      0.0192,      0.0005,      0.2500,      0.2023,   7733.0405,-429433.1250,   -916.1703,    549.1504,  25776.7988,
       1,     168,     191,      14,       1,       3,       1,     10.0000,      1.3982,     42.5681,    247.9921,     62.4102,      3.4953,      0.1872,      0.1530,     14.2006,      0.2238,      5.5696,     11.1392,      1.9780,     28.6439,     57.2878,      0.0192,      0.0007,      0.2500,      0.2023,   7733.0400,-430819.4375,   -917.7687,    549.0552,  25776.8008,
       1,     168,     191,      15,       1,       3,       1,     10.0000,      1.3982,     42.5681,    247.9921,     62.4102,      3.4953,      0.1604,      0.1270,     42.6909,      0.1964,      5.5696,     11.1392,      1.7353,     28.6439,     57.2878,      0.0192,      0.0025,      0.2073,      0.2023,   7733.0405,-436997.1250,   -919.8026,    548.6312,  25776.8008,
       1,     168,     191,      16,       1,       3,       1,     10.0000,      1.3982,     42.5681,    247.9921,     62.4102,      3.4953,      0.1121,      0.0791,     31.9820,      0.1810,      5.5696,     11.1392,      1.5998,     28.6439,     57.2878,      0.0192,      0.0029,      0.1379,      0.2023,   7733.0405,-473288.4375,   -925.0930,    546.1425,  25776.8008,
       1,     168,     191,      17,       1,       3,       1,     10.0000,      1.3982,     42.5681,    247.9921,     62.4102,      3.4953,      0.1361,      0.1033,     36.3740,      0.1782,      5.5696,     11.1392,      1.5745,     28.6439,     57.2878,      0.0192,      0.0026,      0.1725,      0.2022,   7733.0405,-462981.0312,   -923.9644,    546.8518,  25776.8008,
       1,     168,     191,      18,       1,       3,       1,     10.0000,      1.3982,     42.5681,    247.9921,     62.4102,      3.4953,      0.1197,      0.0867,     44.1097,      0.1803,      5.5696,     11.1392,      1.5934,     28.6439,     57.2878,      0.0192,      0.0037,      0.1476,      0.2022,   7733.0405,-467603.5625,   -925.5699,    546.5364,  25776.8008,
       1,     168,     191,      19,       1,       3,       1,     10.0000,      1.3982,     42.5681,    247.9921,     62.4102,      3.4953,      0.0725,      0.0396,     24.3424,      0.1800,      5.5696,     11.1392,      1.5902,     28.6439,     57.2878,      0.0192,      0.0037,      0.0810,      0.2022,   7733.0405,-477714.3750,   -928.2314,    545.8457,  25776.8027,
       1,     168,     191,      20,       1,       3,       1,     10.0000,      1.3982,     42.5681,    247.9921,     62.4102,      3.4953,      0.0185,     -0.0142,      1.0000,      0.1726,      5.5696,     11.1392,      1.5251,     28.6439,     57.2878,      0.0192,      0.0023,      0.0052,      0.2022,   7733.0410,-453759.5312,   -924.4901,    547.4806,  25776.7988,
       1,     168,     191,      21,       1,       3,       1,     10.0000,      1.3982,     42.5681,    247.9921,     62.4102,      3.4953,      0.0001,     -0.0326,      1.9102,      0.1704,      5.5696,     11.1392,      1.5054,     28.6439,     57.2878,      0.0192,      0.0015,      0.0156,      0.2023,   7733.0400,-422402.1250,   -919.0364,    549.6290,  25776.8008,
       1,     168,     191,      22,       1,       3,       1,     10.0000,      1.3982,     42.5681,    247.9921,     62.4102,      3.4953,      0.0000,     -0.0326,      1.6942,      0.1714,      5.5696,     11.1392,      1.5145,     28.6439,     57.2878,      0.0192,      0.0013,      0.0156,      0.2023,   7733.0405,-420852.9062,   -918.8621,    549.7396,  25776.8027,
       1,     168,     191,      23,       1,       3,       1,     10.0000,      1.3982,     42.5681,    247.9921,     62.4102,      3.4953,      0.0000,     -0.0326,      2.0519,      0.1702,      5.5696,     11.1392,      1.5039,     28.6439,     57.2878,      0.0192,      0.0016,      0.0156,      0.2023,   7733.0410,-420442.9688,   -918.8867,    549.7678,  25776.7988,
       1,     168,     191,      24,       1,       3,       1,     10.0000,      1.3982,     42.5681,    247.9921,     62.4102,      3.4953,      0.0000,     -0.0326,      2.0720,      0.1705,      5.5696,     11.1392,      1.5069,     28.6439,     57.2878,      0.0192,      0.0016,      0.0156,      0.2023,   7733.0400,-420856.8750,   -919.0952,    549.7394,  25776.8008,
       1,     168,     192,       1,       1,       3,       1,     10.0000,      1.3982,     42.5685,    247.9980,     62.4117,      3.4953,      0.0000,     -0.0327,      1.7402,      0.1742,      5.5702,     11.1405,      1.5389,     28.6450,     57.2900,      0.0192,      0.0014,      0.0156,      0.2023,   7733.0405,-421073.3438,   -919.5364,    549.7375,  25777.9590,
       1,     168,     192,       2,       1,       3,       1,     10.0000,      1.3982,     42.5685,    247.9980,     62.4117,      3.4953,      0.0000,     -0.0328,      1.2878,      0.1752,      5.5702,     11.1405,      1.5481,     28.6450,     57.2900,      0.0192,      0.0010,      0.0156,      0.2023,   7733.3882,-420522.4375,   -919.2782,    549.7753,  25777.9570,
       1,     168,     192,       3,       1,       3,       1,     10.0000,      1.3982,     42.5685,    247.9980,     62.4117,      3.4953,      0.0000,     -0.0327,      0.9540,      0.1723,      5.5702,     11.1405,      1.5221,     28.6450,     57.2900,      0.0192,      0.0008,      0.0156,      0.2023,   7733.3872,-419907.7500,   -919.2364,    549.8176,  25777.9570,
       1,     168,     192,       4,       1,       3,       1,     10.0000,      1.3982,     42.5685,    247.9980,     62.4117,      3.4953,      0.0000,     -0.0326,      1.0672,      0.1707,      5.5702,     11.1405,      1.5085,     28.6450,     57.2900,      0.0192,      0.0008,      0.0156,      0.2023,   7733.3872,-419435.7500,   -919.1936,    549.8500,  25777.9590,
       1,     168,     192,       5,       1,       3,       1,     10.0000,      1.3982,     42.5685,    247.9980,     62.4117,      3.4953,      0.0000,     -0.0325,      1.0188,      0.1662,      5.5702,     11.1405,      1.4683,     28.6450,     57.2900,      0.0192,      0.0008,      0.0156,      0.2023,   7733.3882,-419536.9688,   -919.2651,    549.8431,  25777.9590,
       1,     168,     192,       6,       1,       3,       1,     10.0000,      1.3982,     42.5685,    247.9980,     62.4117,      3.4953,      0.0000,     -0.0325,      1.1302,      0.1680,      5.5702,     11.1405,      1.4846,     28.6450,     57.2900,      0.0192,      0.0009,      0.0156,      0.2023,   7733.3882,-419484.9375,   -919.3044,    549.8466,  25777.9570,
       1,     168,     192,       7,       1,       3,       1,     10.0000,      1.3982,     42.5685,    247.9980,     62.4117,      3.4953,      0.0000,     -0.0324,      1.3910,      0.1630,      5.5702,     11.1405,      1.4407,     28.6450,     57.2900,      0.0192,      0.0011,      0.0156,      0.2023,   7733.3872,-419620.4375,   -919.3844,    549.8373,  25777.9590,
       1,     168,     192,       8,       1,       3,       1,     10.0000,      1.3982,     42.5685,    247.9980,     62.4117,      3.4953,      0.0196,     -0.0126,      0.6070,      0.1600,      5.5702,     11.1405,      1.4135,     28.6450,     57.2900,      0.0192,      0.0010,      0.0074,      0.2023,   7733.3882,-419959.1562,   -919.5118,    549.8141,  25777.9570,
       1,     168,     192,       9,       1,       3,       1,     10.0000,      1.3982,     42.5685,    247.9980,     62.4117,      3.4953,      0.1304,      0.0974,     14.3876,      0.1814,      5.5702,     11.1405,      1.6030,     28.6450,     57.2900,      0.0192,      0.0011,      0.1666,      0.2023,   7733.3872,-419004.9062,   -919.4232,    549.8796,  25777.9590,
       1,     168,     192,      10,       1,       3,       1,     10.0000,      1.3982,     42.5685,    247.9980,     62.4117,      3.4953,      0.1708,      0.1374,     18.3378,      0.1956,      5.5702,     11.1405,      1.7284,     28.6450,     57.2900,      0.0192,      0.0010,      0.2252,      0.2023,   7733.3882,-436212.0625,   -922.8495,    548.6970,  25777.9590,
       1,     168,     192,      11,       1,       3,       1,     10.0000,      1.3982,     42.5685,    247.9980,     62.4117,      3.4953,      0.1828,      0.1488,     23.3035,      0.2157,      5.5702,     11.1405,      1.9056,     28.6450,     57.2900,      0.0192,      0.0012,      0.2424,      0.2023,   7733.3882,-442656.3750,   -924.4716,    548.2562,  25777.9570,
       1,     168,     192,      12,       1,       3,       1,     10.0000,      1.3982,     42.5685,    247.9980,     62.4117,      3.4953,      0.1840,      0.1500,     16.0975,      0.2169,      5.5702,     11.1405,      1.9169,     28.6450,     57.2900,      0.0192,      0.0008,      0.2450,      0.2023,   7733.3872,-449442.7188,   -926.3054,    547.7913,  25777.9590,
       1,     168,     192,      13,       1,       3,       1,     10.0000,      1.3982,     42.5685,    247.9980,     62.4117,      3.4953,      0.1870,      0.1527,     12.2658,      0.2278,      5.5702,     11.1405,      2.0132,     28.6450,     57.2900,      0.0192,      0.0006,      0.2500,      0.2023,   7733.3882,-440982.2812,   -925.2601,    548.3708,  25777.9609,
       1,     168,     192,      14,       1,       3,       1,     10.0000,      1.3982,     42.5685,    247.9980,     62.4117,      3.4953,      0.1892,      0.1549,     39.4947,      0.2258,      5.5702,     11.1405,      1.9956,     28.6450,     57.2900,      0.0192,      0.0019,      0.2500,      0.2023,   7733.3887,-435445.5625,   -924.7556,    548.7507,  25777.9609,
       1,     168,     192,      15,       1,       3,       1,     10.0000,      1.3982,     42.5685,    247.9980,     62.4117,      3.4953,      0.1890,      0.1547,     60.6811,      0.2281,      5.5702,     11.1405,      2.0152,     28.6450,     57.2900,      0.0192,      0.0030,      0.2473,      0.2023,   7733.3887,-469139.2188,   -931.6338,    546.4396,  25777.9590,
       1,     168,     192,      16,       1,       3,       1,     10.0000,      1.3982,     42.5685,    247.9980,     62.4117,      3.4953,      0.1794,      0.1451,     75.3118,      0.2274,      5.5702,     11.1405,      2.0093,     28.6450,     57.2900,      0.0192,      0.0040,      0.2315,      0.2023,   7733.3882,-498655.1250,   -937.8872,    544.4284,  25777.9590,
       1,     168,     192,      17,       1,       3,       1,     10.0000,      1.3982,     42.5685,    247.9980,     62.4117,      3.4953,      0.1730,      0.1390,     70.8251,      0.2138,      5.5702,     11.1405,      1.8889,     28.6450,     57.2900,      0.0192,      0.0039,      0.2225,      0.2022,   7733.3882,-519575.6562,   -942.5575,    543.0084,  25777.9590,
       1,     168,     192,      18,       1,       3,       1,     10.0000,      1.3982,     42.5685,    247.9980,     62.4117,      3.4953,      0.1742,      0.1404,     75.8044,      0.2075,      5.5702,     11.1405,      1.8339,     28.6450,     57.2900,      0.0192,      0.0042,      0.2237,      0.2022,   7733.3882,-515735.8750,   -942.5046,    543.2709,  25777.9570,
       1,     168,     192,      19,       1,       3,       1,     10.0000,      1.3982,     42.5685,    247.9980,     62.4117,      3.4953,      0.1196,      0.0860,     47.7213,      0.2029,      5.5702,     11.1405,      1.7928,     28.6450,     57.2900,      0.0192,      0.0040,      0.1469,      0.2022,   7733.3872,-521660.5000,   -943.6185,    542.8685,  25777.9590,
       1,     168,     192,      20,       1,       3,       1,     10.0000,      1.3982,     42.5685,    247.9980,     62.4117,      3.4953,      0.0498,      0.0165,     15.1926,      0.1916,      5.5702,     11.1405,      1.6929,     28.6450,     57.2900,      0.0192,      0.0038,      0.0486,      0.2022,   7733.3882,-486880.3125,   -937.6122,    545.2289,  25777.9570,
       1,     168,     192,      21,       1,       3,       1,     10.0000,      1.3982,     42.5685,    247.9980,     62.4117,      3.4953,      0.0003,     -0.0324,      4.3654,      0.1738,      5.5702,     11.1405,      1.5358,     28.6450,     57.2900,      0.0192,      0.0034,      0.0156,      0.2022,   7733.3872,-443057.1250,   -924.8729,    548.2207,  25777.9570,
       1,     168,     192,      22,       1,       3,       1,     10.0000,      1.3982,     42.5685,    247.9980,     62.4117,      3.4953,      0.0000,     -0.0327,      3.7077,      0.1728,      5.5702,     11.1405,      1.5267,     28.6450,     57.2900,      0.0192,      0.0029,      0.0156,      0.2023,   7733.3872,-425718.6875,   -922.0455,    549.4171,  25777.9570,
       1,     168,     192,      23,       1,       3,       1,     10.0000,      1.3982,     42.5685,    247.9980,     62.4117,      3.4953,      0.0000,     -0.0327,      3.3014,      0.1733,      5.5702,     11.1405,      1.5312,     28.6450,     57.2900,      0.0192,      0.0026,      0.0156,      0.2023,   7733.3872,-423393.4688,   -921.8818,    549.5780,  25777.9590,
       1,     168,     192,      24,       1,       3,       1,     10.0000,      1.3982,     42.5685,    247.9980,     62.4117,      3.4953,      0.0000,     -0.0327,      3.3784,      0.1721,      5.5702,     11.1405,      1.5206,     28.6450,     57.2900,      0.0192,      0.0027,      0.0156,      0.2023,   7733.3882,-422681.5000,   -921.9835,    549.6270,  25777.9570,
       1,     168,     193,       1,       1,       3,       1,     10.0000,      1.3982,     42.5688,    248.0038,     62.4131,      3.4953,      0.0000,     -0.0325,      2.5235,      0.1673,      5.5699,     11.1398,      1.4787,     28.6530,     57.3060,      0.0192,      0.0020,      0.0156,      0.2023,   7733.3872,-422872.0625,   -922.5118,    549.6269,  25779.1113,
       1,     168,     193,       2,       1,       3,       1,     10.0000,      1.3982,     42.5688,    248.0038,     62.4131,      3.4953,      0.0000,     -0.0324,      1.2266,      0.1645,      5.5699,     11.1398,      1.4538,     28.6530,     57.3060,      0.0192,      0.0010,      0.0156,      0.2023,   7733.7339,-421663.3750,   -922.1785,    549.7099,  25779.1152,
       1,     168,     193,       3,       1,       3,       1,     10.0000,      1.3982,     42.5688,    248.0038,     62.4131,      3.4953,      0.0000,     -0.0321,      1.0410,      0.1549,      5.5699,     11.1398,      1.3689,     28.6530,     57.3060,      0.0192,      0.0008,      0.0156,      0.2023,   7733.7349,-419931.8125,   -921.9102,    549.8289,  25779.1133,
       1,     168,     193,       4,       1,       3,       1,     10.0000,      1.3982,     42.5688,    248.0038,     62.4131,      3.4953,      0.0000,     -0.0319,      1.0559,      0.1493,      5.5699,     11.1398,      1.3189,     28.6530,     57.3060,      0.0192,      0.0008,      0.0156,      0.2023,   7733.7344,-419549.8125,   -921.8852,    549.8552,  25779.1133,
       1,     168,     193,       5,       1,       3,       1,     10.0000,      1.3982,     42.5688,    248.0038,     62.4131,      3.4953,      0.0000,     -0.0318,      1.0709,      0.1458,      5.5699,     11.1398,      1.2887,     28.6530,     57.3060,      0.0192,      0.0008,      0.0156,      0.2023,   7733.7344,-419535.5000,   -921.9329,    549.8562,  25779.1133,
       1,     168,     193,       6,       1,       3,       1,     10.0000,      1.3982,     42.5688,    248.0038,     62.4131,      3.4953,      0.0000,     -0.0319,      0.6713,      0.1485,      5.5699,     11.1398,      1.3123,     28.6530,     57.3060,      0.0192,      0.0005,      0.0156,      0.2023,   7733.7344,-419553.1875,   -921.9906,    549.8550,  25779.1133,
       1,     168,     193,       7,       1,       3,       1,     10.0000,      1.3982,     42.5688,    248.0038,     62.4131,      3.4953,      0.0000,     -0.0317,      0.4582,      0.1447,      5.5699,     11.1398,      1.2783,     28.6530,     57.3060,      0.0192,      0.0004,      0.0156,      0.2023,   7733.7344,-419053.3750,   -921.9233,    549.8893,  25779.1113,
       1,     168,     193,       8,       1,       3,       1,     10.0000,      1.3982,     42.5688,    248.0038,     62.4131,      3.4953,      0.0128,     -0.0188,      0.3479,      0.1434,      5.5699,     11.1398,      1.2668,     28.6530,     57.3060,      0.0192,      0.0003,      0.0156,      0.2023,   7733.7339,-418743.2188,   -921.8729,    549.9106,  25779.1133,
       1,     168,     193,       9,       1,       3,       1,     10.0000,      1.3982,     42.5688,    248.0038,     62.4131,      3.4953,      0.1176,      0.0854,      4.6895,      0.1579,      5.5699,     11.1398,      1.3953,     28.6530,     57.3060,      0.0192,      0.0004,      0.1493,      0.2023,   7733.7344,-418577.8750,   -921.8687,    549.9220,  25779.1152,
       1,     168,     193,      10,       1,       3,       1,     10.0000,      1.3982,     42.5688,    248.0038,     62.4131,      3.4953,      0.1449,      0.1121,      9.7419,      0.1771,      5.5699,     11.1398,      1.5652,     28.6530,     57.3060,      0.0192,      0.0006,      0.1884,      0.2023,   7733.7349,-424009.8438,   -923.0945,    549.5486,  25779.1152,
       1,     168,     193,      11,       1,       3,       1,     10.0000,      1.3982,     42.5688,    248.0038,     62.4131,      3.4953,      0.0859,      0.0534,      7.6203,      0.1677,      5.5699,     11.1398,      1.4817,     28.6530,     57.3060,      0.0192,      0.0009,      0.1028,      0.2023,   7733.7349,-430817.1875,   -924.7433,    549.0812,  25779.1152,
       1,     168,     193,      12,       1,       3,       1,     10.0000,      1.3982,     42.5688,    248.0038,     62.4131,      3.4953,      0.0871,      0.0546,      3.7734,      0.1667,      5.5699,     11.1398,      1.4728,     28.6530,     57.3060,      0.0192,      0.0004,      0.1050,      0.2023,   7733.7349,-428742.2812,   -924.5822,    549.2237,  25779.1133,
       1,     168,     193,      13,       1,       3,       1,     10.0000,      1.3982,     42.5688,    248.0038,     62.4131,      3.4953,      0.1142,      0.0816,      3.9242,      0.1704,      5.5699,     11.1398,      1.5055,     28.6530,     57.3060,      0.0192,      0.0003,      0.1444,      0.2023,   7733.7344,-423737.0625,   -923.8459,    549.5674,  25779.1133,
       1,     168,     193,      14,       1,       3,       1,     10.0000,      1.3982,     42.5688,    248.0038,     62.4131,      3.4953,      0.1482,      0.1153,     12.5322,      0.1800,      5.5699,     11.1398,      1.5903,     28.6530,     57.3060,      0.0192,      0.0008,      0.1929,      0.2023,   7733.7344,-423495.0625,   -924.0205,    549.5841,  25779.1133,
       1,     168,     193,      15,       1,       3,       1,     10.0000,      1.3982,     42.5688,    248.0038,     62.4131,      3.4953,      0.1649,      0.1318,     34.0054,      0.1843,      5.5699,     11.1398,      1.6287,     28.6530,     57.3060,      0.0192,      0.0019,      0.2147,      0.2023,   7733.7344,-434273.3750,   -926.3564,    548.8436,  25779.1152,
       1,     168,     193,      16,       1,       3,       1,     10.0000,      1.3982,     42.5688,    248.0038,     62.4131,      3.4953,      0.1798,      0.1465,     31.0582,      0.1910,      5.5699,     11.1398,      1.6879,     28.6530,     57.3060,      0.0192,      0.0016,      0.2369,      0.2023,   7733.7349,-462147.3125,   -932.0596,    546.9318,  25779.1133,
       1,     168,     193,      17,       1,       3,       1,     10.0000,      1.3982,     42.5688,    248.0038,     62.4131,      3.4953,      0.1890,      0.1552,     35.1625,      0.2075,      5.5699,     11.1398,      1.8339,     28.6530,     57.3060,      0.0192,      0.0017,      0.2500,      0.2023,   7733.7344,-460857.0312,   -932.3970,    547.0234,  25779.1133,
       1,     168,     193,      18,       1,       3,       1,     10.0000,      1.3982,     42.5688,    248.0038,     62.4131,      3.4953,      0.1609,      0.1272,     31.2725,      0.2031,      5.5699,     11.1398,      1.7946,     28.6530,     57.3060,      0.0192,      0.0018,      0.2092,      0.2023,   7733.7344,-465893.7500,   -934.0221,    546.6790,  25779.1152,
       1,     168,     193,      19,       1,       3,       1,     10.0000,      1.3982,     42.5688,    248.0038,     62.4131,      3.4953,      0.1045,      0.0713,     19.2959,      0.1882,      5.5699,     11.1398,      1.6630,     28.6530,     57.3060,      0.0192,      0.0019,      0.1282,      0.2023,   7733.7349,-461443.8125,   -933.5999,    546.9832,  25779.1133,
       1,     168,     193,      20,       1,       3,       1,     10.0000,      1.3982,     42.5688,    248.0038,     62.4131,      3.4953,      0.0486,      0.0156,      8.5518,      0.1805,      5.5699,     11.1398,      1.5951,     28.6530,     57.3060,      0.0192,      0.0022,      0.0479,      0.2023,   7733.7344,-446027.5625,   -930.9382,    548.0372,  25779.1133,
       1,     168,     193,      21,       1,       3,       1,     10.0000,      1.3982,     42.5688,    248.0038,     62.4131,      3.4953,      0.0001,     -0.0324,      2.9898,      0.1653,      5.5699,     11.1398,      1.4611,     28.6530,     57.3060,      0.0192,      0.0024,      0.0156,      0.2023,   7733.7344,-431220.6250,   -928.2956,    549.0527,  25779.1152,
       1,     168,     193,      22,       1,       3,       1,     10.0000,      1.3982,     42.5688,    248.0038,     62.4131,      3.4953,      0.0000,     -0.0323,      4.5060,      0.1598,      5.5699,     11.1398,      1.4122,     28.6530,     57.3060,      0.0192,      0.0036,      0.0156,      0.2023,   7733.7349,-422968.1875,   -926.0358,    549.6200,  25779.1133,
       1,     168,     193,      23,       1,       3,       1,     10.0000,      1.3982,     42.5688,    248.0038,     62.4131,      3.4953,      0.0000,     -0.0323,      4.4180,      0.1603,      5.5699,     11.1398,      1.4164,     28.6530,     57.3060,      0.0192,      0.0035,      0.0156,      0.2023,   7733.7344,-424158.9688,   -926.3942,    549.5385,  25779.1113,
       1,     168,     193,      24,       1,       3,       1,     10.0000,      1.3982,     42.5688,    248.0038,     62.4131,      3.4953,      0.0000,     -0.0322,      3.0909,      0.1568,      5.5699,     11.1398,      1.3855,     28.6530,     57.3060,      0.0192,      0.0024,      0.0156,      0.2023,   7733.7339,-424151.0312,   -926.5250,    549.5391,  25779.1133,
       1,     168,     194,       1,       1,       3,       1,     10.0000,      1.3983,     42.5691,    248.0096,     62.4146,      3.4953,      0.0000,     -0.0321,      2.6368,      0.1552,      5.5704,     11.1409,      1.3717,     28.6518,     57.3037,      0.0192,      0.0021,      0.0156,      0.2024,   7733.7344,-422640.2812,   -926.6155,    549.6556,  25780.2695,
       1,     168,     194,       2,       1,       3,       1,     10.0000,      1.3983,     42.5691,    248.0096,     62.4146,      3.4953,      0.0000,     -0.0320,      1.1691,      0.1528,      5.5704,     11.1409,      1.3498,     28.6518,     57.3037,      0.0192,      0.0009,      0.0156,      0.2024,   7734.0811,-421787.9375,   -926.2627,    549.7142,  25780.2695,
       1,     168,     194,       3,       1,       3,       1,     10.0000,      1.3983,     42.5691,    248.0096,     62.4146,      3.4953,      0.0000,     -0.0320,      0.6642,      0.1514,      5.5704,     11.1409,      1.3376,     28.6518,     57.3037,      0.0192,      0.0005,      0.0156,      0.2024,   7734.0811,-419873.3125,   -924.9983,    549.8458,  25780.2695,
       1,     168,     194,       4,       1,       3,       1,     10.0000,      1.3983,     42.5691,    248.0096,     62.4146,      3.4953,      0.0000,     -0.0318,      0.6898,      0.1466,      5.5704,     11.1409,      1.2952,     28.6518,     57.3037,      0.0192,      0.0005,      0.0156,      0.2024,   7734.0811,-419074.9375,   -910.2099,    549.9006,  25780.2715,
       1,     168,     194,       5,       1,       3,       1,     10.0000,      1.3983,     42.5691,    248.0096,     62.4146,      3.4953,      0.0000,     -0.0314,      0.5673,      0.1351,      5.5704,     11.1409,      1.1934,     28.6518,     57.3037,      0.0192,      0.0004,      0.0156,      0.2024,   7734.0815,-419038.1250,   -910.2108,    549.9032,  25780.2715,
       1,     168,     194,       6,       1,       3,       1,     10.0000,      1.3983,     42.5691,    248.0096,     62.4146,      3.4953,      0.0000,     -0.0314,      0.5123,      0.1351,      5.5704,     11.1409,      1.1934,     28.6518,     57.3037,      0.0192,      0.0004,      0.0156,      0.2024,   7734.0815,-418881.2500,   -910.1799,    549.9140,  25780.2734,
       1,     168,     194,       7,       1,       3,       1,     10.0000,      1.3983,     42.5691,    248.0096,     62.4146,      3.4953,      0.0000,     -0.0311,      0.3502,      0.1292,      5.5704,     11.1409,      1.1412,     28.6518,     57.3037,      0.0192,      0.0003,      0.0156,      0.2024,   7734.0825,-418798.3750,   -910.1439,    549.9197,  25780.2715,
       1,     168,     194,       8,       1,       3,       1,     10.0000,      1.3983,     42.5691,    248.0096,     62.4146,      3.4953,      0.0005,     -0.0299,      0.2592,      0.1108,      5.5704,     11.1409,      0.9791,     28.6518,     57.3037,      0.0192,      0.0002,      0.0156,      0.2024,   7734.0815,-418588.2188,   -910.0966,    549.9341,  25780.2715,
       1,     168,     194,       9,       1,       3,       1,     10.0000,      1.3983,     42.5691,    248.0096,     62.4146,      3.4953,      0.0111,     -0.0193,      0.2574,      0.1101,      5.5704,     11.1409,      0.9730,     28.6518,     57.3037,      0.0192,      0.0002,      0.0156,      0.2024,   7734.0815,-418456.0312,   -910.0681,    549.9432,  25780.2695,
       1,     168,     194,      10,       1,       3,       1,     10.0000,      1.3983,     42.5691,    248.0096,     62.4146,      3.4953,      0.0981,      0.0675,      2.6741,      0.1160,      5.5704,     11.1409,      1.0253,     28.6518,     57.3037,      0.0192,      0.0003,      0.1221,      0.2024,   7734.0811,-418442.5000,   -910.0918,    549.9442,  25780.2734,
       1,     168,     194,      11,       1,       3,       1,     10.0000,      1.3983,     42.5691,    248.0096,     62.4146,      3.4953,      0.1699,      0.1388,      4.5245,      0.1299,      5.5704,     11.1409,      1.1482,     28.6518,     57.3037,      0.0192,      0.0002,      0.2252,      0.2024,   7734.0825,-421472.1562,   -911.0085,    549.7359,  25780.2715,
       1,     168,     194,      12,       1,       3,       1,     10.0000,      1.3983,     42.5691,    248.0096,     62.4146,      3.4953,      0.1701,      0.1382,      5.1869,      0.1473,      5.5704,     11.1409,      1.3018,     28.6518,     57.3037,      0.0192,      0.0003,      0.2254,      0.2024,   7734.0815,-424054.8750,   -912.3335,    549.5584,  25780.2695,
       1,     168,     194,      13,       1,       3,       1,     10.0000,      1.3983,     42.5691,    248.0096,     62.4146,      3.4953,      0.1870,      0.1543,      6.8587,      0.1717,      5.5704,     11.1409,      1.5176,     28.6518,     57.3037,      0.0192,      0.0003,      0.2500,      0.2024,   7734.0811,-425108.7188,   -913.3539,    549.4861,  25780.2734,
       1,     168,     194,      14,       1,       3,       1,     10.0000,      1.3983,     42.5691,    248.0096,     62.4146,      3.4953,      0.1869,      0.1538,      7.5149,      0.1860,      5.5704,     11.1409,      1.6434,     28.6518,     57.3037,      0.0192,      0.0004,      0.2500,      0.2024,   7734.0825,-427296.1875,   -915.2599,    549.3358,  25780.2715,
       1,     168,     194,      15,       1,       3,       1,     10.0000,      1.3983,     42.5691,    248.0096,     62.4146,      3.4953,      0.1775,      0.1446,      6.7949,      0.1789,      5.5704,     11.1409,      1.5809,     28.6518,     57.3037,      0.0192,      0.0004,      0.2363,      0.2024,   7734.0815,-428308.4062,   -916.5400,    549.2664,  25780.2734,
       1,     168,     194,      16,       1,       3,       1,     10.0000,      1.3983,     42.5691,    248.0096,     62.4146,      3.4953,      0.1754,      0.1425,     10.6450,      0.1796,      5.5704,     11.1409,      1.5872,     28.6518,     57.3037,      0.0192,      0.0006,      0.2328,      0.2024,   7734.0825,-427491.8750,   -917.1877,    549.3224,  25780.2715,
       1,     168,     194,      17,       1,       3,       1,     10.0000,      1.3983,     42.5691,    248.0096,     62.4146,      3.4953,      0.1770,      0.1443,     26.2396,      0.1742,      5.5704,     11.1409,      1.5390,     28.6518,     57.3037,      0.0192,      0.0014,      0.2333,      0.2024,   7734.0815,-432251.7812,   -918.7697,    548.9956,  25780.2734,
       1,     168,     194,      18,       1,       3,       1,     10.0000,      1.3983,     42.5691,    248.0096,     62.4146,      3.4953,      0.1526,      0.1200,     38.8142,      0.1694,      5.5704,     11.1409,      1.4966,     28.6518,     57.3037,      0.0192,      0.0024,      0.1962,      0.2023,   7734.0825,-452226.4062,   -923.1699,    547.6249,  25780.2715,
       1,     168,     194,      19,       1,       3,       1,     10.0000,      1.3983,     42.5691,    248.0096,     62.4146,      3.4953,      0.1147,      0.0823,     35.8810,      0.1635,      5.5704,     11.1409,      1.4451,     28.6518,     57.3037,      0.0192,      0.0031,      0.1414,      0.2023,   7734.0815,-469732.1875,   -927.1166,    546.4283,  25780.2715,
       1,     168,     194,      20,       1,       3,       1,     10.0000,      1.3983,     42.5691,    248.0096,     62.4146,      3.4953,      0.0184,     -0.0134,      1.6889,      0.1453,      5.5704,     11.1409,      1.2835,     28.6518,     57.3037,      0.0192,      0.0034,      0.0061,      0.2023,   7734.0815,-467557.8125,   -927.3596,    546.5781,  25780.2734,
       1,     168,     194,      21,       1,       3,       1,     10.0000,      1.3983,     42.5691,    248.0096,     62.4146,      3.4953,      0.0001,     -0.0315,      4.5939,      0.1394,      5.5704,     11.1409,      1.2314,     28.6518,     57.3037,      0.0192,      0.0036,      0.0156,      0.2023,   7734.0825,-424449.9062,   -915.8618,    549.5234,  25780.2695,
       1,     168,     194,      22,       1,       3,       1,     10.0000,      1.3983,     42.5691,    248.0096,     62.4146,      3.4953,      0.0000,     -0.0314,      4.4453,      0.1366,      5.5704,     11.1409,      1.2068,     28.6518,     57.3037,      0.0192,      0.0035,      0.0156,      0.2024,   7734.0811,-424408.7500,   -916.2228,    549.5341,  25780.2715,
       1,     168,     194,      23,       1,       3,       1,     10.0000,      1.3983,     42.5691,    248.0096,     62.4146,      3.4953,      0.0000,     -0.0317,      4.1382,      0.1431,      5.5704,     11.1409,      1.2642,     28.6518,     57.3037,      0.0192,      0.0033,      0.0156,      0.2024,   7734.0815,-424208.7500,   -916.4825,    549.5479,  25780.2715,
       1,     168,     194,      24,       1,       3,       1,     10.0000,      1.3983,     42.5691,    248.0096,     62.4146,      3.4953,      0.0000,     -0.0319,      3.3824,      0.1482,      5.5704,     11.1409,      1.3097,     28.6518,     57.3037,      0.0192,      0.0027,      0.0156,      0.2024,   7734.0815,-423806.2500,   -916.7014,    549.5756,  25780.2734,
       1,     168,     195,       1,       1,       3,       1,     10.0000,      1.3983,     42.5695,    248.0155,     62.4161,      3.4953,      0.0000,     -0.0317,      1.6362,      0.1437,      5.5702,     11.1404,      1.2694,     28.6530,     57.3060,      0.0192,      0.0013,      0.0156,      0.2024,   7734.0825,-422978.1875,   -917.0726,    549.6454,  25781.4277,
       1,     168,     195,       2,       1,       3,       1,     10.0000,      1.3983,     42.5695,    248.0155,     62.4161,      3.4953,      0.0000,     -0.0316,      1.2263,      0.1424,      5.5702,     11.1404,      1.2579,     28.6530,     57.3060,      0.0192,      0.0010,      0.0156,      0.2024,   7734.4287,-420563.9688,   -916.4844,    549.8113,  25781.4277,
       1,     168,     195,       3,       1,       3,       1,     10.0000,      1.3983,     42.5695,    248.0155,     62.4161,      3.4953,      0.0000,     -0.0316,      1.2991,      0.1409,      5.5702,     11.1404,      1.2452,     28.6530,     57.3060,      0.0192,      0.0010,      0.0156,      0.2024,   7734.4287,-419841.8125,   -916.4364,    549.8609,  25781.4238,
       1,     168,     195,       4,       1,       3,       1,     10.0000,      1.3983,     42.5695,    248.0155,     62.4161,      3.4953,      0.0000,     -0.0315,      1.6067,      0.1378,      5.5702,     11.1404,      1.2178,     28.6530,     57.3060,      0.0192,      0.0013,      0.0156,      0.2024,   7734.4272,-419871.4062,   -916.5353,    549.8588,  25781.4258,
       1,     168,     195,       5,       1,       3,       1,     10.0000,      1.3983,     42.5695,    248.0155,     62.4161,      3.4953,      0.0000,     -0.0314,      1.5543,      0.1360,      5.5702,     11.1404,      1.2019,     28.6530,     57.3060,      0.0192,      0.0012,      0.0156,      0.2024,   7734.4282,-420259.4375,   -916.7082,    549.8322,  25781.4258,
       1,     168,     195,       6,       1,       3,       1,     10.0000,      1.3983,     42.5695,    248.0155,     62.4161,      3.4953,      0.0000,     -0.0315,      1.1746,      0.1382,      5.5702,     11.1404,      1.2215,     28.6530,     57.3060,      0.0192,      0.0009,      0.0156,      0.2024,   7734.4282,-420227.1250,   -916.7996,    549.8345,  25781.4277,
       1,     168,     195,       7,       1,       3,       1,     10.0000,      1.3983,     42.5695,    248.0155,     62.4161,      3.4953,      0.0000,     -0.0314,      1.0341,      0.1363,      5.5702,     11.1404,      1.2043,     28.6530,     57.3060,      0.0192,      0.0008,      0.0156,      0.2024,   7734.4287,-419747.8125,   -916.7744,    549.8674,  25781.4258,
       1,     168,     195,       8,       1,       3,       1,     10.0000,      1.3983,     42.5695,    248.0155,     62.4161,      3.4953,      0.0107,     -0.0208,      0.9148,      0.1380,      5.5702,     11.1404,      1.2191,     28.6530,     57.3060,      0.0192,      0.0007,      0.0156,      0.2024,   7734.4282,-419530.6250,   -916.7849,    549.8823,  25781.4258,
       1,     168,     195,       9,       1,       3,       1,     10.0000,      1.3983,     42.5695,    248.0155,     62.4161,      3.4953,      0.0972,      0.0654,      6.0416,      0.1484,      5.5702,     11.1404,      1.3110,     28.6530,     57.3060,      0.0192,      0.0006,      0.1198,      0.2024,   7734.4282,-419362.1250,   -916.8256,    549.8938,  25781.4258,
       1,     168,     195,      10,       1,       3,       1,     10.0000,      1.3983,     42.5695,    248.0155,     62.4161,      3.4953,      0.1500,      0.1174,      8.9103,      0.1694,      5.5702,     11.1404,      1.4966,     28.6530,     57.3060,      0.0192,      0.0006,      0.1959,      0.2024,   7734.4282,-425777.8125,   -918.2597,    549.4529,  25781.4258,
       1,     168,     195,      11,       1,       3,       1,     10.0000,      1.3983,     42.5695,    248.0155,     62.4161,      3.4953,      0.1523,      0.1196,     10.0128,      0.1745,      5.5702,     11.1404,      1.5421,     28.6530,     57.3060,      0.0192,      0.0006,      0.1991,      0.2024,   7734.4282,-429929.5625,   -919.5838,    549.1679,  25781.4277,
       1,     168,     195,      12,       1,       3,       1,     10.0000,      1.3983,     42.5695,    248.0155,     62.4161,      3.4953,      0.1807,      0.1475,      9.1172,      0.1901,      5.5702,     11.1404,      1.6796,     28.6530,     57.3060,      0.0192,      0.0005,      0.2408,      0.2024,   7734.4287,-431669.9688,   -920.4433,    549.0485,  25781.4258,
       1,     168,     195,      13,       1,       3,       1,     10.0000,      1.3983,     42.5695,    248.0155,     62.4161,      3.4953,      0.1839,      0.1502,      9.1739,      0.2063,      5.5702,     11.1404,      1.8232,     28.6530,     57.3060,      0.0192,      0.0005,      0.2455,      0.2024,   7734.4282,-430696.6875,   -921.0411,    549.1153,  25781.4258,
       1,     168,     195,      14,       1,       3,       1,     10.0000,      1.3983,     42.5695,    248.0155,     62.4161,      3.4953,      0.1783,      0.1445,     18.2520,      0.2071,      5.5702,     11.1404,      1.8304,     28.6530,     57.3060,      0.0192,      0.0009,      0.2363,      0.2024,   7734.4282,-430683.9688,   -921.8899,    549.1163,  25781.4258,
       1,     168,     195,      15,       1,       3,       1,     10.0000,      1.3983,     42.5695,    248.0155,     62.4161,      3.4953,      0.1620,      0.1292,     34.0526,      0.1768,      5.5702,     11.1404,      1.5622,     28.6530,     57.3060,      0.0192,      0.0020,      0.2105,      0.2024,   7734.4282,-442070.1875,   -924.7000,    548.3347,  25781.4258,
       1,     168,     195,      16,       1,       3,       1,     10.0000,      1.3983,     42.5695,    248.0155,     62.4161,      3.4953,      0.1900,      0.1567,     47.2137,      0.1931,      5.5702,     11.1404,      1.7065,     28.6530,     57.3060,      0.0192,      0.0023,      0.2500,      0.2024,   7734.4282,-462876.1562,   -919.0217,    546.9091,  25781.4258,
       1,     168,     195,      17,       1,       3,       1,     10.0000,      1.3983,     42.5695,    248.0155,     62.4161,      3.4953,      0.1771,      0.1436,     61.0380,      0.1993,      5.5702,     11.1404,      1.7613,     28.6530,     57.3060,      0.0192,      0.0033,      0.2296,      0.2023,   7734.4282,-481188.4688,   -924.0966,    545.6591,  25781.4258,
       1,     168,     195,      18,       1,       3,       1,     10.0000,      1.3983,     42.5695,    248.0155,     62.4161,      3.4953,      0.1496,      0.1163,     58.3047,      0.1924,      5.5702,     11.1404,      1.6997,     28.6530,     57.3060,      0.0192,      0.0038,      0.1897,      0.2023,   7734.4282,-500119.0312,   -929.0923,    544.3693,  25781.4258,
       1,     168,     195,      19,       1,       3,       1,     10.0000,      1.3983,     42.5695,    248.0155,     62.4161,      3.4953,      0.0941,      0.0611,     33.0870,      0.1803,      5.5702,     11.1404,      1.5936,     28.6530,     57.3060,      0.0192,      0.0036,      0.1115,      0.2023,   7734.4282,-498315.9375,   -930.0013,    544.4935,  25781.4258,
       1,     168,     195,      20,       1,       3,       1,     10.0000,      1.3983,     42.5695,    248.0155,     62.4161,      3.4953,      0.0189,     -0.0139,      0.6897,      0.1733,      5.5702,     11.1404,      1.5313,     28.6530,     57.3060,      0.0192,      0.0015,      0.0057,      0.2023,   7734.4282,-466493.8438,   -925.0797,    546.6594,  25781.4277,
       1,     168,     195,      21,       1,       3,       1,     10.0000,      1.3983,     42.5695,    248.0155,     62.4161,      3.4953,      0.0001,     -0.0325,      3.0706,      0.1697,      5.5702,     11.1404,      1.4996,     28.6530,     57.3060,      0.0192,      0.0024,      0.0156,      0.2023,   7734.4287,-423112.6562,   -917.4441,    549.6281,  25781.4238,
       1,     168,     195,      22,       1,       3,       1,     10.0000,      1.3983,     42.5695,    248.0155,     62.4161,      3.4953,      0.0000,     -0.0325,      3.6250,      0.1677,      5.5702,     11.1404,      1.4817,     28.6530,     57.3060,      0.0192,      0.0029,      0.0156,      0.2024,   7734.4272,-422385.3125,   -917.5659,    549.6861,  25781.4258,
       1,     168,     195,      23,       1,       3,       1,     10.0000,      1.3983,     42.5695,    248.0155,     62.4161,      3.4953,      0.0000,     -0.0324,      3.4070,      0.1644,      5.5702,     11.1404,      1.4524,     28.6530,     57.3060,      0.0192,      0.0027,      0.0156,      0.2024,   7734.4282,-423007.5312,   -917.9387,    549.6433,  25781.4258,
       1,     168,     195,      24,       1,       3,       1,     10.0000,      1.3983,     42.5695,    248.0155,     62.4161,      3.4953,      0.0000,     -0.0322,      2.4534,      0.1571,      5.5702,     11.1404,      1.3883,     28.6530,     57.3060,      0.0192,      0.0019,      0.0156,      0.2024,   7734.4282,-422787.9062,   -918.1497,    549.6585,  25781.4258,
       1,     168,     196,       1,       1,       3,       1,     10.0000,      1.3983,     42.5698,    248.0213,     62.4176,      3.4953,      0.0000,     -0.0320,      1.6034,      0.1512,      5.5707,     11.1415,      1.3364,     28.6565,     57.3130,      0.0192,      0.0013,      0.0156,      0.2024,   7734.4282,-421728.7500,   -918.3891,    549.7443,  25782.5840,
       1,     168,     196,       2,       1,       3,       1,     10.0000,      1.3983,     42.5698,    248.0213,     62.4176,      3.4953,      0.0000,     -0.0318,      1.5042,      0.1472,      5.5707,     11.1415,      1.3005,     28.6565,     57.3130,      0.0192,      0.0012,      0.0156,      0.2024,   7734.7754,-420418.2812,   -917.9702,    549.8343,  25782.5840,
       1,     168,     196,       3,       1,       3,       1,     10.0000,      1.3983,     42.5698,    248.0213,     62.4176,      3.4953,      0.0000,     -0.0317,      1.0587,      0.1432,      5.5707,     11.1415,      1.2656,     28.6565,     57.3130,      0.0192,      0.0008,      0.0156,      0.2024,   7734.7754,-420180.9688,   -918.0010,    549.8506,  25782.5820,
       1,     168,     196,       4,       1,       3,       1,     10.0000,      1.3983,     42.5698,    248.0213,     62.4176,      3.4953,      0.0000,     -0.0316,      1.3990,      0.1416,      5.5707,     11.1415,      1.2516,     28.6565,     57.3130,      0.0192,      0.0011,      0.0156,      0.2024,   7734.7749,-419602.1250,   -917.9262,    549.8904,  25782.5840,
       1,     168,     196,       5,       1,       3,       1,     10.0000,      1.3983,     42.5698,    248.0213,     62.4176,      3.4953,      0.0000,     -0.0316,      1.3322,      0.1398,      5.5707,     11.1415,      1.2352,     28.6565,     57.3130,      0.0192,      0.0010,      0.0156,      0.2024,   7734.7754,-419978.7500,   -918.0533,    549.8645,  25782.5859,
       1,     168,     196,       6,       1,       3,       1,     10.0000,      1.3983,     42.5698,    248.0213,     62.4176,      3.4953,      0.0000,     -0.0316,      1.0103,      0.1415,      5.5707,     11.1415,      1.2503,     28.6565,     57.3130,      0.0192,      0.0008,      0.0156,      0.2024,   7734.7759,-419927.2188,   -918.0994,    549.8680,  25782.5840,
       1,     168,     196,       7,       1,       3,       1,     10.0000,      1.3983,     42.5698,    248.0213,     62.4176,      3.4953,      0.0000,     -0.0317,      0.6205,      0.1429,      5.5707,     11.1415,      1.2630,     28.6565,     57.3130,      0.0192,      0.0005,      0.0156,      0.2024,   7734.7754,-419519.3125,   -918.0777,    549.8961,  25782.5840,
       1,     168,     196,       8,       1,       3,       1,     10.0000,      1.3983,     42.5698,    248.0213,     62.4176,      3.4953,      0.0084,     -0.0235,      0.3590,      0.1473,      5.5707,     11.1415,      1.3018,     28.6565,     57.3130,      0.0192,      0.0003,      0.0156,      0.2024,   7734.7754,-418995.2500,   -918.0071,    549.9321,  25782.5820,
       1,     168,     196,       9,       1,       3,       1,     10.0000,      1.3983,     42.5698,    248.0213,     62.4176,      3.4953,      0.1051,      0.0727,      3.5232,      0.1627,      5.5707,     11.1415,      1.4379,     28.6565,     57.3130,      0.0192,      0.0003,      0.1312,      0.2024,   7734.7749,-418622.4375,   -917.9534,    549.9577,  25782.5840,
       1,     168,     196,      10,       1,       3,       1,     10.0000,      1.3983,     42.5698,    248.0213,     62.4176,      3.4953,      0.1270,      0.0942,      4.8138,      0.1771,      5.5707,     11.1415,      1.5653,     28.6565,     57.3130,      0.0192,      0.0004,      0.1629,      0.2024,   7734.7754,-422558.0625,   -918.8421,    549.6872,  25782.5859,
       1,     168,     196,      11,       1,       3,       1,     10.0000,      1.3983,     42.5698,    248.0213,     62.4176,      3.4953,      0.1628,      0.1299,      8.6749,      0.1787,      5.5707,     11.1415,      1.5794,     28.6565,     57.3130,      0.0192,      0.0005,      0.2146,      0.2024,   7734.7759,-424515.8438,   -919.4795,    549.5527,  25782.5820,
       1,     168,     196,      12,       1,       3,       1,     10.0000,      1.3983,     42.5698,    248.0213,     62.4176,      3.4953,      0.1873,      0.1540,     13.0833,      0.1931,      5.5707,     11.1415,      1.7065,     28.6565,     57.3130,      0.0192,      0.0006,      0.2500,      0.2024,   7734.7749,-429527.4062,   -920.8593,    549.2085,  25782.5820,
       1,     168,     196,      13,       1,       3,       1,     10.0000,      1.3983,     42.5698,    248.0213,     62.4176,      3.4953,      0.1873,      0.1536,     13.3368,      0.2045,      5.5707,     11.1415,      1.8072,     28.6565,     57.3130,      0.0192,      0.0007,      0.2500,      0.2024,   7734.7749,-435488.5625,   -922.7274,    548.7993,  25782.5859,
       1,     168,     196,      14,       1,       3,       1,     10.0000,      1.3983,     42.5698,    248.0213,     62.4176,      3.4953,      0.1865,      0.1532,     24.5318,      0.1916,      5.5707,     11.1415,      1.6931,     28.6565,     57.3130,      0.0192,      0.0012,      0.2474,      0.2024,   7734.7759,-436319.8438,   -923.8685,    548.7425,  25782.5820,
       1,     168,     196,      15,       1,       3,       1,     10.0000,      1.3983,     42.5698,    248.0213,     62.4176,      3.4953,      0.1676,      0.1344,     32.3642,      0.1869,      5.5707,     11.1415,      1.6516,     28.6565,     57.3130,      0.0192,      0.0018,      0.2188,      0.2024,   7734.7749,-450434.2188,   -927.0859,    547.7743,  25782.5840,
       1,     168,     196,      16,       1,       3,       1,     10.0000,      1.3983,     42.5698,    248.0213,     62.4176,      3.4953,      0.1478,      0.1149,     28.7507,      0.1793,      5.5707,     11.1415,      1.5841,     28.6565,     57.3130,      0.0192,      0.0019,      0.1904,      0.2024,   7734.7754,-461478.0000,   -929.6915,    547.0190,  25782.5859,
       1,     168,     196,      17,       1,       3,       1,     10.0000,      1.3983,     42.5698,    248.0213,     62.4176,      3.4953,      0.1476,      0.1146,     43.6482,      0.1809,      5.5707,     11.1415,      1.5984,     28.6565,     57.3130,      0.0192,      0.0028,      0.1883,      0.2024,   7734.7759,-457893.9062,   -929.4632,    547.2646,  25782.5840,
       1,     168,     196,      18,       1,       3,       1,     10.0000,      1.3983,     42.5698,    248.0213,     62.4176,      3.4953,      0.1273,      0.0945,     51.8974,      0.1749,      5.5707,     11.1415,      1.5452,     28.6565,     57.3130,      0.0192,      0.0040,      0.1578,      0.2024,   7734.7754,-476278.0625,   -933.3821,    546.0070,  25782.5840,
       1,     168,     196,      19,       1,       3,       1,     10.0000,      1.3983,     42.5698,    248.0213,     62.4176,      3.4953,      0.0708,      0.0384,     21.7618,      0.1627,      5.5707,     11.1415,      1.4379,     28.6565,     57.3130,      0.0192,      0.0034,      0.0793,      0.2024,   7734.7754,-488216.7188,   -936.1440,    545.1936,  25782.5820,
       1,     168,     196,      20,       1,       3,       1,     10.0000,      1.3983,     42.5698,    248.0213,     62.4176,      3.4953,      0.0187,     -0.0133,      1.4736,      0.1512,      5.5707,     11.1415,      1.3364,     28.6565,     57.3130,      0.0192,      0.0029,      0.0064,      0.2023,   7734.7749,-451412.7188,   -929.6026,    547.7024,  25782.5840,
       1,     168,     196,      21,       1,       3,       1,     10.0000,      1.3983,     42.5698,    248.0213,     62.4176,      3.4953,      0.0000,     -0.0315,      3.0071,      0.1385,      5.5707,     11.1415,      1.2240,     28.6565,     57.3130,      0.0192,      0.0024,      0.0156,      0.2024,   7734.7754,-422812.2188,   -923.5646,    549.6663,  25782.5840,
       1,     168,     196,      22,       1,       3,       1,     10.0000,      1.3983,     42.5698,    248.0213,     62.4176,      3.4953,      0.0000,     -0.0314,      2.4218,      0.1349,      5.5707,     11.1415,      1.1922,     28.6565,     57.3130,      0.0192,      0.0019,      0.0156,      0.2024,   7734.7754,-422276.4375,   -921.0494,    549.7066,  25782.5840,
       1,     168,     196,      23,       1,       3,       1,     10.0000,      1.3983,     42.5698,    248.0213,     62.4176,      3.4953,      0.0000,     -0.0314,      2.1726,      0.1352,      5.5707,     11.1415,      1.1946,     28.6565,     57.3130,      0.0192,      0.0017,      0.0156,      0.2024,   7734.7754,-421491.8438,   -919.2651,    549.7606,  25782.5840,
       1,     168,     196,      24,       1,       3,       1,     10.0000,      1.3983,     42.5698,    248.0213,     62.4176,      3.4953,      0.0000,     -0.0315,      1.8166,      0.1373,      5.5707,     11.1415,      1.2129,     28.6565,     57.3130,      0.0192,      0.0014,      0.0156,      0.2024,   7734.7754,-421111.6250,   -919.3609,    549.7867,  25782.5840,
       1,     168,     197,       1,       1,       3,       1,     10.0000,      1.3983,     42.5702,    248.0272,     62.4190,      3.4953,      0.0000,     -0.0315,      1.4822,      0.1374,      5.5705,     11.1409,      1.2142,     28.6575,     57.3150,      0.0192,      0.0012,      0.0156,      0.2024,   7734.7754,-420788.2812,   -919.6989,    549.8218,  25783.7441,
       1,     168,     197,       2,       1,       3,       1,     10.0000,      1.3983,     42.5702,    248.0272,     62.4190,      3.4953,      0.0000,     -0.0315,      0.7586,      0.1375,      5.5705,     11.1409,      1.2154,     28.6575,     57.3150,      0.0192,      0.0006,      0.0156,      0.2024,   7735.1235,-420187.9062,   -919.4206,    549.8630,  25783.7441,
       1,     168,     197,       3,       1,       3,       1,     10.0000,      1.3983,     42.5702,    248.0272,     62.4190,      3.4953,      0.0000,     -0.0315,      0.3992,      0.1389,      5.5705,     11.1409,      1.2278,     28.6575,     57.3150,      0.0192,      0.0003,      0.0156,      0.2024,   7735.1235,-419228.7812,   -919.2834,    549.9290,  25783.7402,
       1,     168,     197,       4,       1,       3,       1,     10.0000,      1.3983,     42.5702,    248.0272,     62.4190,      3.4953,      0.0000,     -0.0315,      0.3499,      0.1377,      5.5705,     11.1409,      1.2167,     28.6575,     57.3150,      0.0192,      0.0003,      0.0156,      0.2024,   7735.1226,-418696.0312,   -919.1934,    549.9656,  25783.7422,
       1,     168,     197,       5,       1,       3,       1,     10.0000,      1.3983,     42.5702,    248.0272,     62.4190,      3.4953,      0.0000,     -0.0309,      0.4270,      0.1238,      5.5705,     11.1409,      1.0935,     28.6575,     57.3150,      0.0192,      0.0003,      0.0156,      0.2024,   7735.1230,-418587.9688,   -919.1760,    549.9730,  25783.7422,
       1,     168,     197,       6,       1,       3,       1,     10.0000,      1.3983,     42.5702,    248.0272,     62.4190,      3.4953,      0.0000,     -0.0310,      0.4734,      0.1241,      5.5705,     11.1409,      1.0969,     28.6575,     57.3150,      0.0192,      0.0004,      0.0156,      0.2024,   7735.1230,-418675.2812,   -919.2042,    549.9670,  25783.7422,
       1,     168,     197,       7,       1,       3,       1,     10.0000,      1.3983,     42.5702,    248.0272,     62.4190,      3.4953,      0.0000,     -0.0310,      0.3572,      0.1250,      5.5705,     11.1409,      1.1047,     28.6575,     57.3150,      0.0192,      0.0003,      0.0156,      0.2024,   7735.1230,-418740.9062,   -919.2316,    549.9625,  25783.7422,
       1,     168,     197,       8,       1,       3,       1,     10.0000,      1.3983,     42.5702,    248.0272,     62.4190,      3.4953,      0.0126,     -0.0183,      0.3077,      0.1244,      5.5705,     11.1409,      1.0991,     28.6575,     57.3150,      0.0192,      0.0002,      0.0156,      0.2024,   7735.1230,-418601.0312,   -919.2119,    549.9722,  25783.7402,
       1,     168,     197,       9,       1,       3,       1,     10.0000,      1.3983,     42.5702,    248.0272,     62.4190,      3.4953,      0.0806,      0.0494,      3.0687,      0.1306,      5.5705,     11.1409,      1.1542,     28.6575,     57.3150,      0.0192,      0.0004,      0.0964,      0.2024,   7735.1226,-418527.1562,   -919.2260,    549.9772,  25783.7422,
       1,     168,     197,      10,       1,       3,       1,     10.0000,      1.3983,     42.5702,    248.0272,     62.4190,      3.4953,      0.1620,      0.1297,      5.8503,      0.1598,      5.5705,     11.1409,      1.4123,     28.6575,     57.3150,      0.0192,      0.0003,      0.2136,      0.2024,   7735.1230,-421982.4062,   -920.0295,    549.7397,  25783.7402,
       1,     168,     197,      11,       1,       3,       1,     10.0000,      1.3983,     42.5702,    248.0272,     62.4190,      3.4953,      0.1849,      0.1517,      9.7524,      0.1886,      5.5705,     11.1409,      1.6665,     28.6575,     57.3150,      0.0192,      0.0005,      0.2468,      0.2024,   7735.1226,-425768.7188,   -921.2576,    549.4795,  25783.7422,
       1,     168,     197,      12,       1,       3,       1,     10.0000,      1.3983,     42.5702,    248.0272,     62.4190,      3.4953,      0.1870,      0.1534,      8.8525,      0.1995,      5.5705,     11.1409,      1.7632,     28.6575,     57.3150,      0.0192,      0.0004,      0.2500,      0.2024,   7735.1230,-430987.9688,   -923.1850,    549.1211,  25783.7422,
       1,     168,     197,      13,       1,       3,       1,     10.0000,      1.3983,     42.5702,    248.0272,     62.4190,      3.4953,      0.1869,      0.1529,     10.0064,      0.2155,      5.5705,     11.1409,      1.9040,     28.6575,     57.3150,      0.0192,      0.0005,      0.2500,      0.2024,   7735.1230,-430309.3125,   -923.9858,    549.1678,  25783.7422,
       1,     168,     197,      14,       1,       3,       1,     10.0000,      1.3983,     42.5702,    248.0272,     62.4190,      3.4953,      0.1869,      0.1524,     11.1700,      0.2351,      5.5705,     11.1409,      2.0775,     28.6575,     57.3150,      0.0192,      0.0005,      0.2500,      0.2024,   7735.1230,-431697.7500,   -925.1791,    549.0725,  25783.7422,
       1,     168,     197,      15,       1,       3,       1,     10.0000,      1.3983,     42.5702,    248.0272,     62.4190,      3.4953,      0.1893,      0.1551,     40.9946,      0.2232,      5.5705,     11.1409,      1.9725,     28.6575,     57.3150,      0.0192,      0.0020,      0.2500,      0.2024,   7735.1230,-433276.7188,   -926.2872,    548.9641,  25783.7441,
       1,     168,     197,      16,       1,       3,       1,     10.0000,      1.3983,     42.5702,    248.0272,     62.4190,      3.4953,      0.1587,      0.1253,     55.6294,      0.1949,      5.5705,     11.1409,      1.7218,     28.6575,     57.3150,      0.0192,      0.0034,      0.2032,      0.2024,   7735.1235,-470816.9375,   -933.9070,    546.3881,  25783.7422,
       1,     168,     197,      17,       1,       3,       1,     10.0000,      1.3983,     42.5702,    248.0272,     62.4190,      3.4953,      0.0936,      0.0610,     33.2056,      0.1699,      5.5705,     11.1409,      1.5012,     28.6575,     57.3150,      0.0192,      0.0037,      0.1109,      0.2024,   7735.1230,-492429.8125,   -938.4589,    544.9180,  25783.7441,
       1,     168,     197,      18,       1,       3,       1,     10.0000,      1.3983,     42.5702,    248.0272,     62.4190,      3.4953,      0.1419,      0.1090,     70.8169,      0.1782,      5.5705,     11.1409,      1.5747,     28.6575,     57.3150,      0.0192,      0.0049,      0.1769,      0.2024,   7735.1235,-466137.2500,   -933.8729,    546.7109,  25783.7402,
       1,     168,     197,      19,       1,       3,       1,     10.0000,      1.3983,     42.5702,    248.0272,     62.4190,      3.4953,      0.0386,      0.0062,     15.7786,      0.1626,      5.5705,     11.1409,      1.4365,     28.6575,     57.3150,      0.0192,      0.0059,      0.0331,      0.2024,   7735.1226,-511079.0000,   -942.8551,    543.6427,  25783.7402,
       1,     168,     197,      20,       1,       3,       1,     10.0000,      1.3983,     42.5702,    248.0272,     62.4190,      3.4953,      0.0114,     -0.0206,      5.7245,      0.1537,      5.5705,     11.1409,      1.3581,     28.6575,     57.3150,      0.0192,      0.0045,      0.0156,      0.2023,   7735.1226,-445854.7188,   -930.8464,    548.0836,  25783.7402,
       1,     168,     197,      21,       1,       3,       1,     10.0000,      1.3983,     42.5702,    248.0272,     62.4190,      3.4953,      0.0000,     -0.0319,      4.1879,      0.1503,      5.5705,     11.1409,      1.3283,     28.6575,     57.3150,      0.0192,      0.0033,      0.0156,      0.2024,   7735.1226,-427686.7812,   -927.0732,    549.3464,  25783.7402,
       1,     168,     197,      22,       1,       3,       1,     10.0000,      1.3983,     42.5702,    248.0272,     62.4190,      3.4953,      0.0000,     -0.0305,      2.2868,      0.1126,      5.5705,     11.1409,      0.9953,     28.6575,     57.3150,      0.0192,      0.0018,      0.0156,      0.2024,   7735.1226,-424177.5000,   -911.4986,    549.5889,  25783.7441,
       1,     168,     197,      23,       1,       3,       1,     10.0000,      1.3983,     42.5702,    248.0272,     62.4190,      3.4953,      0.0000,     -0.0306,      2.7629,      0.1150,      5.5705,     11.1409,      1.0160,     28.6575,     57.3150,      0.0192,      0.0022,      0.0156,      0.2024,   7735.1235,-421488.6875,   -910.9432,    549.7736,  25783.7441,
       1,     168,     197,      24,       1,       3,       1,     10.0000,      1.3983,     42.5702,    248.0272,     62.4190,      3.4953,      0.0000,     -0.0307,      1.7408,      0.1180,      5.5705,     11.1409,      1.0423,     28.6575,     57.3150,      0.0192,      0.0014,      0.0156,      0.2024,   7735.1235,-421854.2188,   -911.0421,    549.7485,  25783.7422,
       1,     168,     198,       1,       1,       3,       1,     10.0000,      1.3983,     42.5705,    248.0331,     62.4205,      3.4953,      0.0000,     -0.0309,      1.2159,      0.1233,      5.5710,     11.1420,      1.0891,     28.6585,     57.3170,      0.0192,      0.0010,      0.0156,      0.2025,   7735.1230,-420759.9688,   -910.9293,    549.8367,  25784.9004,
       1,     168,     198,       2,       1,       3,       1,     10.0000,      1.3983,     42.5705,    248.0331,     62.4205,      3.4953,      0.0000,     -0.0311,      0.8812,      0.1266,      5.5710,     11.1420,      1.1184,     28.6585,     57.3170,      0.0192,      0.0007,      0.0156,      0.2025,   7735.4702,-419854.5312,   -910.6555,    549.8990,  25784.8984,
       1,     168,     198,       3,       1,       3,       1,     10.0000,      1.3983,     42.5705,    248.0331,     62.4205,      3.4953,      0.0000,     -0.0310,      0.4355,      0.1263,      5.5710,     11.1420,      1.1161,     28.6585,     57.3170,      0.0192,      0.0003,      0.0156,      0.2025,   7735.4697,-419356.9688,   -910.6588,    549.9332,  25784.8984,
       1,     168,     198,       4,       1,       3,       1,     10.0000,      1.3983,     42.5705,    248.0331,     62.4205,      3.4953,      0.0000,     -0.0311,      0.3081,      0.1289,      5.5710,     11.1420,      1.1390,     28.6585,     57.3170,      0.0192,      0.0002,      0.0156,      0.2025,   7735.4697,-418755.2812,   -910.1387,    549.9746,  25784.9023,
       1,     168,     198,       5,       1,       3,       1,     10.0000,      1.3983,     42.5705,    248.0331,     62.4205,      3.4953,      0.0000,     -0.0313,      0.3194,      0.1330,      5.5710,     11.1420,      1.1755,     28.6585,     57.3170,      0.0192,      0.0003,      0.0156,      0.2025,   7735.4712,-418543.3125,   -910.1023,    549.9891,  25784.8984,
       1,     168,     198,       6,       1,       3,       1,     10.0000,      1.3983,     42.5705,    248.0331,     62.4205,      3.4953,      0.0000,     -0.0314,      0.3250,      0.1351,      5.5710,     11.1420,      1.1935,     28.6585,     57.3170,      0.0192,      0.0003,      0.0156,      0.2025,   7735.4697,-418539.5938,   -910.1039,    549.9894,  25784.9023,
       1,     168,     198,       7,       1,       3,       1,     10.0000,      1.3983,     42.5705,    248.0331,     62.4205,      3.4953,      0.0000,     -0.0312,      0.3106,      0.1298,      5.5710,     11.1420,      1.1472,     28.6585,     57.3170,      0.0192,      0.0002,      0.0156,      0.2025,   7735.4712,-418546.0000,   -910.1059,    549.9890,  25784.9004,
       1,     168,     198,       8,       1,       3,       1,     10.0000,      1.3983,     42.5705,    248.0331,     62.4205,      3.4953,      0.0062,     -0.0250,      0.3088,      0.1292,      5.5710,     11.1420,      1.1414,     28.6585,     57.3170,      0.0192,      0.0002,      0.0156,      0.2025,   7735.4702,-418528.6562,   -910.1047,    549.9902,  25784.9023,
       1,     168,     198,       9,       1,       3,       1,     10.0000,      1.3983,     42.5705,    248.0331,     62.4205,      3.4953,      0.0981,      0.0665,      2.6707,      0.1415,      5.5710,     11.1420,      1.2504,     28.6585,     57.3170,      0.0192,      0.0003,      0.1215,      0.2025,   7735.4712,-418524.6562,   -910.1207,    549.9904,  25784.9004,
       1,     168,     198,      10,       1,       3,       1,     10.0000,      1.3983,     42.5705,    248.0331,     62.4205,      3.4953,      0.1340,      0.1018,      4.3145,      0.1579,      5.5710,     11.1420,      1.3954,     28.6585,     57.3170,      0.0192,      0.0003,      0.1732,      0.2025,   7735.4702,-421485.8750,   -911.1553,    549.7868,  25784.9004,
       1,     168,     198,      11,       1,       3,       1,     10.0000,      1.3983,     42.5705,    248.0331,     62.4205,      3.4953,      0.1507,      0.1183,      5.1738,      0.1650,      5.5710,     11.1420,      1.4583,     28.6585,     57.3170,      0.0192,      0.0003,      0.1974,      0.2025,   7735.4702,-423802.0000,   -912.2408,    549.6276,  25784.9004,
       1,     168,     198,      12,       1,       3,       1,     10.0000,      1.3983,     42.5705,    248.0331,     62.4205,      3.4953,      0.1853,      0.1518,      9.9351,      0.1982,      5.5710,     11.1420,      1.7511,     28.6585,     57.3170,      0.0192,      0.0005,      0.2474,      0.2025,   7735.4702,-425079.0625,   -913.2026,    549.5400,  25784.9004,
       1,     168,     198,      13,       1,       3,       1,     10.0000,      1.3983,     42.5705,    248.0331,     62.4205,      3.4953,      0.1872,      0.1530,     13.8694,      0.2219,      5.5710,     11.1420,      1.9609,     28.6585,     57.3170,      0.0192,      0.0007,      0.2500,      0.2025,   7735.4702,-431159.0000,   -916.0485,    549.1223,  25784.9004,
       1,     168,     198,      14,       1,       3,       1,     10.0000,      1.3983,     42.5705,    248.0331,     62.4205,      3.4953,      0.1880,      0.1536,     25.2985,      0.2312,      5.5710,     11.1420,      2.0433,     28.6585,     57.3170,      0.0192,      0.0012,      0.2500,      0.2025,   7735.4702,-436616.5312,   -919.3920,    548.7479,  25784.8984,
       1,     168,     198,      15,       1,       3,       1,     10.0000,      1.3983,     42.5705,    248.0331,     62.4205,      3.4953,      0.0904,      0.0577,     10.9130,      0.1721,      5.5710,     11.1420,      1.5208,     28.6585,     57.3170,      0.0192,      0.0012,      0.1089,      0.2025,   7735.4697,-451419.6250,   -923.9501,    547.7326,  25784.9004,
       1,     168,     198,      16,       1,       3,       1,     10.0000,      1.3983,     42.5705,    248.0331,     62.4205,      3.4953,      0.0433,      0.0121,      5.0045,      0.1307,      5.5710,     11.1420,      1.1554,     28.6585,     57.3170,      0.0192,      0.0015,      0.0424,      0.2024,   7735.4702,-434652.0312,   -914.3925,    548.8817,  25784.9004,
       1,     168,     198,      17,       1,       3,       1,     10.0000,      1.3983,     42.5705,    248.0331,     62.4205,      3.4953,      0.1108,      0.0792,     32.1019,      0.1406,      5.5710,     11.1420,      1.2428,     28.6585,     57.3170,      0.0192,      0.0029,      0.1365,      0.2025,   7735.4702,-425802.0000,   -911.7106,    549.4900,  25784.9004,
       1,     168,     198,      18,       1,       3,       1,     10.0000,      1.3983,     42.5705,    248.0331,     62.4205,      3.4953,      0.1305,      0.0985,     57.3785,      0.1534,      5.5710,     11.1420,      1.3554,     28.6585,     57.3170,      0.0192,      0.0044,      0.1621,      0.2025,   7735.4702,-459015.6250,   -918.1507,    547.2090,  25784.9004,
       1,     168,     198,      19,       1,       3,       1,     10.0000,      1.3983,     42.5705,    248.0331,     62.4205,      3.4953,      0.0874,      0.0554,     40.7205,      0.1514,      5.5710,     11.1420,      1.3378,     28.6585,     57.3170,      0.0192,      0.0049,      0.1015,      0.2024,   7735.4702,-493597.3125,   -925.6618,    544.8483,  25784.9004,
       1,     168,     198,      20,       1,       3,       1,     10.0000,      1.3983,     42.5705,    248.0331,     62.4205,      3.4953,      0.0191,     -0.0126,      1.1611,      0.1460,      5.5710,     11.1420,      1.2901,     28.6585,     57.3170,      0.0192,      0.0020,      0.0072,      0.2024,   7735.4702,-475670.6250,   -923.6527,    546.0743,  25784.9023,
       1,     168,     198,      21,       1,       3,       1,     10.0000,      1.3983,     42.5705,    248.0331,     62.4205,      3.4953,      0.0001,     -0.0316,      0.3511,      0.1426,      5.5710,     11.1420,      1.2605,     28.6585,     57.3170,      0.0192,      0.0003,      0.0156,      0.2024,   7735.4712,-424490.2188,   -914.8422,    549.5693,  25784.9004,
       1,     168,     198,      22,       1,       3,       1,     10.0000,      1.3983,     42.5705,    248.0331,     62.4205,      3.4953,      0.0000,     -0.0318,      0.6447,      0.1464,      5.5710,     11.1420,      1.2940,     28.6585,     57.3170,      0.0192,      0.0005,      0.0156,      0.2025,   7735.4702,-419105.4688,   -913.8839,    549.9504,  25784.9004,
       1,     168,     198,      23,       1,       3,       1,     10.0000,      1.3983,     42.5705,    248.0331,     62.4205,      3.4953,      0.0000,     -0.0318,      0.7972,      0.1454,      5.5710,     11.1420,      1.2849,     28.6585,     57.3170,      0.0192,      0.0006,      0.0156,      0.2025,   7735.4702,-418995.8750,   -913.8967,    549.9580,  25784.9004,
       1,     168,     198,      24,       1,       3,       1,     10.0000,      1.3983,     42.5705,    248.0331,     62.4205,      3.4953,      0.0000,     -0.0315,      0.8202,      0.1388,      5.5710,     11.1420,      1.2266,     28.6585,     57.3170,      0.0192,      0.0006,      0.0156,      0.2025,   7735.4702,-419177.5000,   -913.9811,    549.9456,  25784.9004,
       1,     168,     199,       1,       1,       3,       1,     10.0000,      1.3984,     42.5708,    248.0389,     62.4220,      3.4953,      0.0000,     -0.0315,      0.6525,      0.1394,      5.5716,     11.1431,      1.2316,     28.6545,     57.3090,      0.0192,      0.0005,      0.0156,      0.2025,   7735.4702,-419377.7188,   -914.3329,    549.9448,  25786.0566,
       1,     168,     199,       2,       1,       3,       1,     10.0000,      1.3984,     42.5708,    248.0389,     62.4220,      3.4953,      0.0000,     -0.0316,      0.3886,      0.1405,      5.5716,     11.1431,      1.2416,     28.6545,     57.3090,      0.0192,      0.0003,      0.0156,      0.2025,   7735.8174,-419031.8438,   -914.0439,    549.9686,  25786.0566,
       1,     168,     199,       3,       1,       3,       1,     10.0000,      1.3984,     42.5708,    248.0389,     62.4220,      3.4953,      0.0000,     -0.0316,      0.4649,      0.1404,      5.5716,     11.1431,      1.2403,     28.6545,     57.3090,      0.0192,      0.0004,      0.0156,      0.2025,   7735.8174,-418671.2812,   -913.9864,    549.9934,  25786.0566,
       1,     168,     199,       4,       1,       3,       1,     10.0000,      1.3984,     42.5708,    248.0389,     62.4220,      3.4953,      0.0000,     -0.0316,      0.5467,      0.1418,      5.5716,     11.1431,      1.2529,     28.6545,     57.3090,      0.0192,      0.0004,      0.0156,      0.2025,   7735.8174,-418735.7188,   -914.0100,    549.9890,  25786.0547,
       1,     168,     199,       5,       1,       3,       1,     10.0000,      1.3984,     42.5708,    248.0389,     62.4220,      3.4953,      0.0000,     -0.0315,      0.5787,      0.1394,      5.5716,     11.1431,      1.2316,     28.6545,     57.3090,      0.0192,      0.0005,      0.0156,      0.2025,   7735.8169,-418844.0312,   -914.0511,    549.9815,  25786.0566,
       1,     168,     199,       6,       1,       3,       1,     10.0000,      1.3984,     42.5708,    248.0389,     62.4220,      3.4953,      0.0000,     -0.0313,      1.0565,      0.1325,      5.5716,     11.1431,      1.1707,     28.6545,     57.3090,      0.0192,      0.0008,      0.0156,      0.2025,   7735.8174,-418893.2500,   -914.0903,    549.9781,  25786.0566,
       1,     168,     199,       7,       1,       3,       1,     10.0000,      1.3984,     42.5708,    248.0389,     62.4220,      3.4953,      0.0000,     -0.0312,      1.2258,      0.1309,      5.5716,     11.1431,      1.1566,     28.6545,     57.3090,      0.0192,      0.0010,      0.0156,      0.2025,   7735.8174,-419496.5625,   -914.2846,    549.9366,  25786.0566,
       1,     168,     199,       8,       1,       3,       1,     10.0000,      1.3984,     42.5708,    248.0389,     62.4220,      3.4953,      0.0010,     -0.0303,      0.6160,      0.1329,      5.5716,     11.1431,      1.1743,     28.6545,     57.3090,      0.0192,      0.0005,      0.0156,      0.2025,   7735.8174,-419760.8125,   -914.4174,    549.9185,  25786.0586,
       1,     168,     199,       9,       1,       3,       1,     10.0000,      1.3984,     42.5708,    248.0389,     62.4220,      3.4953,      0.0111,     -0.0203,      0.6147,      0.1376,      5.5716,     11.1431,      1.2155,     28.6545,     57.3090,      0.0192,      0.0005,      0.0156,      0.2025,   7735.8179,-419018.8750,   -911.5704,    549.9694,  25786.0586,
       1,     168,     199,      10,       1,       3,       1,     10.0000,      1.3984,     42.5708,    248.0389,     62.4220,      3.4953,      0.0826,      0.0508,      3.1057,      0.1463,      5.5716,     11.1431,      1.2928,     28.6545,     57.3090,      0.0192,      0.0004,      0.0989,      0.2025,   7735.8179,-418953.4062,   -910.2238,    549.9740,  25786.0566,
       1,     168,     199,      11,       1,       3,       1,     10.0000,      1.3984,     42.5708,    248.0389,     62.4220,      3.4953,      0.0795,      0.0476,      2.1853,      0.1470,      5.5716,     11.1431,      1.2993,     28.6545,     57.3090,      0.0192,      0.0003,      0.0945,      0.2025,   7735.8174,-422070.5312,   -911.1026,    549.7596,  25786.0566,
       1,     168,     199,      12,       1,       3,       1,     10.0000,      1.3984,     42.5708,    248.0389,     62.4220,      3.4953,      0.1871,      0.1556,      5.3553,      0.1384,      5.5716,     11.1431,      1.2229,     28.6545,     57.3090,      0.0192,      0.0003,      0.2500,      0.2025,   7735.8174,-421185.5938,   -910.7702,    549.8206,  25786.0566,
       1,     168,     199,      13,       1,       3,       1,     10.0000,      1.3984,     42.5708,    248.0389,     62.4220,      3.4953,      0.1870,      0.1546,      6.7698,      0.1649,      5.5716,     11.1431,      1.4569,     28.6545,     57.3090,      0.0192,      0.0003,      0.2500,      0.2025,   7735.8174,-425083.1875,   -912.3908,    549.5527,  25786.0566,
       1,     168,     199,      14,       1,       3,       1,     10.0000,      1.3984,     42.5708,    248.0389,     62.4220,      3.4953,      0.1870,      0.1542,      6.9543,      0.1738,      5.5716,     11.1431,      1.5361,     28.6545,     57.3090,      0.0192,      0.0003,      0.2500,      0.2025,   7735.8174,-427192.4062,   -914.4186,    549.4078,  25786.0566,
       1,     168,     199,      15,       1,       3,       1,     10.0000,      1.3984,     42.5708,    248.0389,     62.4220,      3.4953,      0.1400,      0.1075,      5.0096,      0.1655,      5.5716,     11.1431,      1.4627,     28.6545,     57.3090,      0.0192,      0.0003,      0.1818,      0.2025,   7735.8174,-427605.6250,   -915.8424,    549.3795,  25786.0566,
       1,     168,     199,      16,       1,       3,       1,     10.0000,      1.3984,     42.5708,    248.0389,     62.4220,      3.4953,      0.0265,     -0.0052,      0.5687,      0.1435,      5.5716,     11.1431,      1.2682,     28.6545,     57.3090,      0.0192,      0.0004,      0.0181,      0.2025,   7735.8174,-425202.9375,   -915.9338,    549.5445,  25786.0566,
       1,     168,     199,      17,       1,       3,       1,     10.0000,      1.3984,     42.5708,    248.0389,     62.4220,      3.4953,      0.0477,      0.0163,      1.5281,      0.1342,      5.5716,     11.1431,      1.1863,     28.6545,     57.3090,      0.0192,      0.0004,      0.0489,      0.2025,   7735.8174,-419428.5312,   -910.3398,    549.9412,  25786.0586,
       1,     168,     199,      18,       1,       3,       1,     10.0000,      1.3984,     42.5708,    248.0389,     62.4220,      3.4953,      0.0855,      0.0541,     17.6124,      0.1374,      5.5716,     11.1431,      1.2143,     28.6545,     57.3090,      0.0192,      0.0021,      0.1017,      0.2025,   7735.8179,-420133.8438,   -910.5200,    549.8928,  25786.0566,
       1,     168,     199,      19,       1,       3,       1,     10.0000,      1.3984,     42.5708,    248.0389,     62.4220,      3.4953,      0.0469,      0.0155,      9.6015,      0.1366,      5.5716,     11.1431,      1.2069,     28.6545,     57.3090,      0.0192,      0.0025,      0.0468,      0.2025,   7735.8174,-440358.0625,   -914.5660,    548.5027,  25786.0566,
       1,     168,     199,      20,       1,       3,       1,     10.0000,      1.3984,     42.5708,    248.0389,     62.4220,      3.4953,      0.0131,     -0.0183,      2.5973,      0.1362,      5.5716,     11.1431,      1.2032,     28.6545,     57.3090,      0.0192,      0.0020,      0.0156,      0.2025,   7735.8174,-432059.7188,   -913.6440,    549.0734,  25786.0566,
       1,     168,     199,      21,       1,       3,       1,     10.0000,      1.3984,     42.5708,    248.0389,     62.4220,      3.4953,      0.0001,     -0.0314,      1.3432,      0.1363,      5.5716,     11.1431,      1.2045,     28.6545,     57.3090,      0.0192,      0.0011,      0.0156,      0.2025,   7735.8174,-422561.9375,   -912.2642,    549.7255,  25786.0566,
       1,     168,     199,      22,       1,       3,       1,     10.0000,      1.3984,     42.5708,    248.0389,     62.4220,      3.4953,      0.0000,     -0.0315,      0.4109,      0.1370,      5.5716,     11.1431,      1.2106,     28.6545,     57.3090,      0.0192,      0.0003,      0.0156,      0.2025,   7735.8174,-420172.5625,   -911.9657,    549.8902,  25786.0566,
       1,     168,     199,      23,       1,       3,       1,     10.0000,      1.3984,     42.5708,    248.0389,     62.4220,      3.4953,      0.0000,     -0.0315,      0.3747,      0.1392,      5.5716,     11.1431,      1.2303,     28.6545,     57.3090,      0.0192,      0.0003,      0.0156,      0.2025,   7735.8174,-418797.4688,   -911.7323,    549.9847,  25786.0566,
       1,     168,     199,      24,       1,       3,       1,     10.0000,      1.3984,     42.5708,    248.0389,     62.4220,      3.4953,      0.0000,     -0.0313,      0.7236,      0.1326,      5.5716,     11.1431,      1.1719,     28.6545,     57.3090,      0.0192,      0.0006,      0.0156,      0.2025,   7735.8174,-418633.5938,   -911.7097,    549.9960,  25786.0566,
       1,     168,     200,       1,       1,       3,       1,     10.0000,      1.3984,     42.5712,    248.0448,     62.4235,      3.4953,      0.0000,     -0.0311,      0.4258,      0.1277,      5.5721,     11.1443,      1.1287,     28.6423,     57.2846,      0.0192,      0.0003,      0.0156,      0.2025,   7735.8174,-419212.6875,   -912.1254,    549.9692,  25787.2129,
       1,     168,     200,       2,       1,       3,       1,     10.0000,      1.3984,     42.5712,    248.0448,     62.4235,      3.4953,      0.0000,     -0.0311,      0.3046,      0.1276,      5.5721,     11.1443,      1.1276,     28.6423,     57.2846,      0.0192,      0.0002,      0.0156,      0.2025,   7736.1641,-418736.3125,   -911.8013,    550.0020,  25787.2129,
       1,     168,     200,       3,       1,       3,       1,     10.0000,      1.3984,     42.5712,    248.0448,     62.4235,      3.4953,      0.0000,     -0.0311,      0.3108,      0.1281,      5.5721,     11.1443,      1.1322,     28.6423,     57.2846,      0.0192,      0.0002,      0.0156,      0.2025,   7736.1641,-418543.3750,   -911.7684,    550.0152,  25787.2109,
       1,     168,     200,       4,       1,       3,       1,     10.0000,      1.3984,     42.5712,    248.0448,     62.4235,      3.4953,      0.0000,     -0.0310,      0.4197,      0.1252,      5.5721,     11.1443,      1.1060,     28.6423,     57.2846,      0.0192,      0.0003,      0.0156,      0.2025,   7736.1636,-418534.7812,   -911.7696,    550.0159,  25787.2129,
       1,     168,     200,       5,       1,       3,       1,     10.0000,      1.3984,     42.5712,    248.0448,     62.4235,      3.4953,      0.0000,     -0.0310,      0.2962,      0.1245,      5.5721,     11.1443,      1.1003,     28.6423,     57.2846,      0.0192,      0.0002,      0.0156,      0.2025,   7736.1641,-418670.2812,   -911.8110,    550.0065,  25787.2129,
       1,     168,     200,       6,       1,       3,       1,     10.0000,      1.3984,     42.5712,    248.0448,     62.4235,      3.4953,      0.0000,     -0.0308,      0.2860,      0.1208,      5.5721,     11.1443,      1.0672,     28.6423,     57.2846,      0.0192,      0.0002,      0.0156,      0.2025,   7736.1641,-418527.2188,   -911.7871,    550.0164,  25787.2129,
       1,     168,     200,       7,       1,       3,       1,     10.0000,      1.3984,     42.5712,    248.0448,     62.4235,      3.4953,      0.0000,     -0.0307,      0.2794,      0.1183,      5.5721,     11.1443,      1.0456,     28.6423,     57.2846,      0.0192,      0.0002,      0.0156,      0.2025,   7736.1641,-418502.0625,   -911.7842,    550.0181,  25787.2109,
       1,     168,     200,       8,       1,       3,       1,     10.0000,      1.3984,     42.5712,    248.0448,     62.4235,      3.4953,      0.0109,     -0.0198,      0.3592,      0.1172,      5.5721,     11.1443,      1.0360,     28.6423,     57.2846,      0.0192,      0.0003,      0.0156,      0.2025,   7736.1636,-418491.8125,   -911.7838,    550.0187,  25787.2129,
       1,     168,     200,       9,       1,       3,       1,     10.0000,      1.3984,     42.5712,    248.0448,     62.4235,      3.4953,      0.1236,      0.0922,      4.4347,      0.1373,      5.5721,     11.1443,      1.2131,     28.6423,     57.2846,      0.0192,      0.0003,      0.1583,      0.2025,   7736.1641,-418590.9062,   -911.8406,    550.0120,  25787.2129,
       1,     168,     200,      10,       1,       3,       1,     10.0000,      1.3984,     42.5712,    248.0448,     62.4235,      3.4953,      0.1580,      0.1253,      8.0935,      0.1723,      5.5721,     11.1443,      1.5224,     28.6423,     57.2846,      0.0192,      0.0005,      0.2076,      0.2025,   7736.1641,-423707.5938,   -913.3928,    549.6602,  25787.2129,
       1,     168,     200,      11,       1,       3,       1,     10.0000,      1.3984,     42.5712,    248.0448,     62.4235,      3.4953,      0.1728,      0.1401,      6.3142,      0.1723,      5.5721,     11.1443,      1.5224,     28.6423,     57.2846,      0.0192,      0.0003,      0.2293,      0.2025,   7736.1641,-428735.3438,   -915.3135,    549.3148,  25787.2129,
       1,     168,     200,      12,       1,       3,       1,     10.0000,      1.3984,     42.5712,    248.0448,     62.4235,      3.4953,      0.1844,      0.1515,      7.0322,      0.1779,      5.5721,     11.1443,      1.5717,     28.6423,     57.2846,      0.0192,      0.0004,      0.2462,      0.2025,   7736.1641,-426938.0312,   -916.0416,    549.4384,  25787.2148,
       1,     168,     200,      13,       1,       3,       1,     10.0000,      1.3984,     42.5712,    248.0448,     62.4235,      3.4953,      0.1869,      0.1535,      8.0015,      0.1964,      5.5721,     11.1443,      1.7356,     28.6423,     57.2846,      0.0192,      0.0004,      0.2500,      0.2025,   7736.1646,-427682.7500,   -917.2833,    549.3873,  25787.2109,
       1,     168,     200,      14,       1,       3,       1,     10.0000,      1.3984,     42.5712,    248.0448,     62.4235,      3.4953,      0.1849,      0.1515,     24.5760,      0.1974,      5.5721,     11.1443,      1.7442,     28.6423,     57.2846,      0.0192,      0.0012,      0.2452,      0.2025,   7736.1636,-428962.4688,   -918.8849,    549.2994,  25787.2129,
       1,     168,     200,      15,       1,       3,       1,     10.0000,      1.3984,     42.5712,    248.0448,     62.4235,      3.4953,      0.1807,      0.1472,     61.8867,      0.1958,      5.5721,     11.1443,      1.7305,     28.6423,     57.2846,      0.0192,      0.0032,      0.2346,      0.2025,   7736.1641,-449850.5938,   -923.5812,    547.8652,  25787.2148,
       1,     168,     200,      16,       1,       3,       1,     10.0000,      1.3984,     42.5712,    248.0448,     62.4235,      3.4953,      0.1607,      0.1274,     50.8129,      0.1922,      5.5721,     11.1443,      1.6983,     28.6423,     57.2846,      0.0192,      0.0030,      0.2067,      0.2025,   7736.1646,-498441.1562,   -933.5007,    544.5394,  25787.2129,
       1,     168,     200,      17,       1,       3,       1,     10.0000,      1.3984,     42.5712,    248.0448,     62.4235,      3.4953,      0.0303,     -0.0017,      5.0382,      0.1514,      5.5721,     11.1443,      1.3378,     28.6423,     57.2846,      0.0192,      0.0027,      0.0227,      0.2024,   7736.1641,-488748.8750,   -930.9175,    545.2092,  25787.2109,
       1,     168,     200,      18,       1,       3,       1,     10.0000,      1.3984,     42.5712,    248.0448,     62.4235,      3.4953,      0.0254,     -0.0060,      4.7465,      0.1358,      5.5721,     11.1443,      1.1996,     28.6423,     57.2846,      0.0192,      0.0036,      0.0164,      0.2025,   7736.1636,-430470.5000,   -912.7019,    549.1814,  25787.2129,
       1,     168,     200,      19,       1,       3,       1,     10.0000,      1.3984,     42.5712,    248.0448,     62.4235,      3.4953,      0.0206,     -0.0106,      2.7860,      0.1305,      5.5721,     11.1443,      1.1531,     28.6423,     57.2846,      0.0192,      0.0035,      0.0099,      0.2025,   7736.1641,-425139.9688,   -911.9063,    549.5618,  25787.2148,
       1,     168,     200,      20,       1,       3,       1,     10.0000,      1.3984,     42.5712,    248.0448,     62.4235,      3.4953,      0.0060,     -0.0252,      4.7332,      0.1304,      5.5721,     11.1443,      1.1519,     28.6423,     57.2846,      0.0192,      0.0037,      0.0156,      0.2025,   7736.1646,-422205.2188,   -911.3588,    549.7635,  25787.2129,
       1,     168,     200,      21,       1,       3,       1,     10.0000,      1.3984,     42.5712,    248.0448,     62.4235,      3.4953,      0.0000,     -0.0311,      4.2639,      0.1284,      5.5721,     11.1443,      1.1345,     28.6423,     57.2846,      0.0192,      0.0034,      0.0156,      0.2025,   7736.1641,-424393.3750,   -911.7520,    549.6131,  25787.2129,
       1,     168,     200,      22,       1,       3,       1,     10.0000,      1.3984,     42.5712,    248.0448,     62.4235,      3.4953,      0.0000,     -0.0310,      1.0519,      0.1254,      5.5721,     11.1443,      1.1082,     28.6423,     57.2846,      0.0192,      0.0008,      0.0156,      0.2025,   7736.1641,-423993.8438,   -912.1943,    549.6407,  25787.2109,
       1,     168,     200,      23,       1,       3,       1,     10.0000,      1.3984,     42.5712,    248.0448,     62.4235,      3.4953,      0.0000,     -0.0309,      0.2938,      0.1236,      5.5721,     11.1443,      1.0925,     28.6423,     57.2846,      0.0192,      0.0002,      0.0156,      0.2025,   7736.1636,-419933.1250,   -911.5823,    549.9196,  25787.2148,
       1,     168,     200,      24,       1,       3,       1,     10.0000,      1.3984,     42.5712,    248.0448,     62.4235,      3.4953,      0.0000,     -0.0309,      0.2931,      0.1225,      5.5721,     11.1443,      1.0825,     28.6423,     57.2846,      0.0192,      0.0002,      0.0156,      0.2025,   7736.1646,-418632.6562,   -911.3525,    550.0091,  25787.2129,
       1,     168,     201,       1,       1,       3,       1,     10.0000,      1.3984,     42.5715,    248.0506,     62.4249,      3.4953,      0.0000,     -0.0309,      0.2924,      0.1223,      5.5715,     11.1431,      1.0803,     28.6388,     57.2775,      0.0192,      0.0002,      0.0156,      0.2025,   7736.1641,-418676.0938,   -911.6226,    550.0192,  25788.3691,
       1,     168,     201,       2,       1,       3,       1,     10.0000,      1.3984,     42.5715,    248.0506,     62.4249,      3.4953,      0.0000,     -0.0308,      0.2850,      0.1204,      5.5715,     11.1431,      1.0639,     28.6388,     57.2775,      0.0192,      0.0002,      0.0156,      0.2025,   7736.5112,-418526.0625,   -911.3433,    550.0295,  25788.3711,
       1,     168,     201,       3,       1,       3,       1,     10.0000,      1.3984,     42.5715,    248.0506,     62.4249,      3.4953,      0.0000,     -0.0307,      0.2778,      0.1177,      5.5715,     11.1431,      1.0403,     28.6388,     57.2775,      0.0192,      0.0002,      0.0156,      0.2025,   7736.5117,-418503.5625,   -911.3399,    550.0311,  25788.3711,
       1,     168,     201,       4,       1,       3,       1,     10.0000,      1.3984,     42.5715,    248.0506,     62.4249,      3.4953,      0.0000,     -0.0306,      0.2710,      0.1152,      5.5715,     11.1431,      1.0181,     28.6388,     57.2775,      0.0192,      0.0002,      0.0156,      0.2025,   7736.5117,-418492.5000,   -911.3392,    550.0318,  25788.3711,
       1,     168,     201,       5,       1,       3,       1,     10.0000,      1.3984,     42.5715,    248.0506,     62.4249,      3.4953,      0.0000,     -0.0306,      0.2698,      0.1147,      5.5715,     11.1431,      1.0140,     28.6388,     57.2775,      0.0192,      0.0002,      0.0156,      0.2025,   7736.5117,-418483.1250,   -911.3390,    550.0324,  25788.3711,
       1,     168,     201,       6,       1,       3,       1,     10.0000,      1.3984,     42.5715,    248.0506,     62.4249,      3.4953,      0.0000,     -0.0306,      0.2740,      0.1146,      5.5715,     11.1431,      1.0129,     28.6388,     57.2775,      0.0192,      0.0002,      0.0156,      0.2025,   7736.5117,-418480.8125,   -911.3399,    550.0326,  25788.3711,
       1,     168,     201,       7,       1,       3,       1,     10.0000,      1.3984,     42.5715,    248.0506,     62.4249,      3.4953,      0.0000,     -0.0306,      0.2978,      0.1166,      5.5715,     11.1431,      1.0307,     28.6388,     57.2775,      0.0192,      0.0002,      0.0156,      0.2025,   7736.5117,-418485.8125,   -911.3426,    550.0322,  25788.3711,
       1,     168,     201,       8,       1,       3,       1,     10.0000,      1.3984,     42.5715,    248.0506,     62.4249,      3.4953,      0.0155,     -0.0153,      0.0619,      0.1204,      5.5715,     11.1431,      1.0639,     28.6388,     57.2775,      0.0192,      0.0002,      0.0034,      0.2025,   7736.5117,-418516.0938,   -911.3519,    550.0302,  25788.3711,
       1,     168,     201,       9,       1,       3,       1,     10.0000,      1.3984,     42.5715,    248.0506,     62.4249,      3.4953,      0.1349,      0.1030,      4.0937,      0.1497,      5.5715,     11.1431,      1.3231,     28.6388,     57.2775,      0.0192,      0.0003,      0.1746,      0.2025,   7736.5117,-418223.1250,   -911.3471,    550.0503,  25788.3711,
       1,     168,     201,      10,       1,       3,       1,     10.0000,      1.3984,     42.5715,    248.0506,     62.4249,      3.4953,      0.1763,      0.1435,      6.6678,      0.1772,      5.5715,     11.1431,      1.5655,     28.6388,     57.2775,      0.0192,      0.0003,      0.2345,      0.2025,   7736.5117,-423250.7812,   -912.9091,    549.7046,  25788.3711,
       1,     168,     201,      11,       1,       3,       1,     10.0000,      1.3984,     42.5715,    248.0506,     62.4249,      3.4953,      0.1869,      0.1536,      7.8663,      0.1935,      5.5715,     11.1431,      1.7101,     28.6388,     57.2775,      0.0192,      0.0004,      0.2500,      0.2025,   7736.5117,-426910.5938,   -915.0466,    549.4533,  25788.3691,
       1,     168,     201,      12,       1,       3,       1,     10.0000,      1.3984,     42.5715,    248.0506,     62.4249,      3.4953,      0.1869,      0.1536,      7.8396,      0.1930,      5.5715,     11.1431,      1.7050,     28.6388,     57.2775,      0.0192,      0.0004,      0.2500,      0.2025,   7736.5112,-428728.3438,   -916.9105,    549.3285,  25788.3711,
       1,     168,     201,      13,       1,       3,       1,     10.0000,      1.3984,     42.5715,    248.0506,     62.4249,      3.4953,      0.1869,      0.1531,      8.5847,      0.2088,      5.5715,     11.1431,      1.8452,     28.6388,     57.2775,      0.0192,      0.0004,      0.2500,      0.2025,   7736.5117,-428851.0312,   -918.0297,    549.3201,  25788.3730,
       1,     168,     201,      14,       1,       3,       1,     10.0000,      1.3984,     42.5715,    248.0506,     62.4249,      3.4953,      0.1885,      0.1543,     30.3246,      0.2246,      5.5715,     11.1431,      1.9843,     28.6388,     57.2775,      0.0192,      0.0015,      0.2500,      0.2025,   7736.5122,-429795.2812,   -919.5423,    549.2552,  25788.3711,
       1,     168,     201,      15,       1,       3,       1,     10.0000,      1.3984,     42.5715,    248.0506,     62.4249,      3.4953,      0.1912,      0.1570,     65.1955,      0.2243,      5.5715,     11.1431,      1.9823,     28.6388,     57.2775,      0.0192,      0.0032,      0.2500,      0.2025,   7736.5117,-457127.4375,   -925.8804,    547.3787,  25788.3711,
       1,     168,     201,      16,       1,       3,       1,     10.0000,      1.3984,     42.5715,    248.0506,     62.4249,      3.4953,      0.1930,      0.1586,     88.4212,      0.2290,      5.5715,     11.1431,      2.0235,     28.6388,     57.2775,      0.0192,      0.0043,      0.2500,      0.2025,   7736.5117,-503216.3125,   -935.6396,    544.2284,  25788.3711,
       1,     168,     201,      17,       1,       3,       1,     10.0000,      1.3984,     42.5715,    248.0506,     62.4249,      3.4953,      0.0751,      0.0420,     26.7449,      0.1849,      5.5715,     11.1431,      1.6339,     28.6388,     57.2775,      0.0192,      0.0039,      0.0844,      0.2025,   7736.5117,-536344.8125,   -943.0887,    541.9838,  25788.3711,
       1,     168,     201,      18,       1,       3,       1,     10.0000,      1.3984,     42.5715,    248.0506,     62.4249,      3.4953,      0.0288,     -0.0033,      6.7414,      0.1549,      5.5715,     11.1431,      1.3692,     28.6388,     57.2775,      0.0192,      0.0041,      0.0202,      0.2024,   7736.5117,-461752.8750,   -925.4467,    547.0418,  25788.3711,
       1,     168,     201,      19,       1,       3,       1,     10.0000,      1.3984,     42.5715,    248.0506,     62.4249,      3.4953,      0.0235,     -0.0085,      4.8551,      0.1509,      5.5715,     11.1431,      1.3338,     28.6388,     57.2775,      0.0192,      0.0046,      0.0129,      0.2025,   7736.5117,-430336.9375,   -918.1801,    549.2137,  25788.3711,
       1,     168,     201,      20,       1,       3,       1,     10.0000,      1.3984,     42.5715,    248.0506,     62.4249,      3.4953,      0.0076,     -0.0243,      5.9866,      0.1506,      5.5715,     11.1431,      1.3311,     28.6388,     57.2775,      0.0192,      0.0047,      0.0156,      0.2025,   7736.5117,-425253.9375,   -917.7121,    549.5670,  25788.3711,
       1,     168,     201,      21,       1,       3,       1,     10.0000,      1.3984,     42.5715,    248.0506,     62.4249,      3.4953,      0.0001,     -0.0319,      6.3274,      0.1513,      5.5715,     11.1431,      1.3365,     28.6388,     57.2775,      0.0192,      0.0050,      0.0156,      0.2025,   7736.5117,-426229.3438,   -912.1826,    549.5001,  25788.3730,
       1,     168,     201,      22,       1,       3,       1,     10.0000,      1.3984,     42.5715,    248.0506,     62.4249,      3.4953,      0.0000,     -0.0321,      4.2344,      0.1548,      5.5715,     11.1431,      1.3678,     28.6388,     57.2775,      0.0192,      0.0033,      0.0156,      0.2025,   7736.5122,-426740.1250,   -913.0762,    549.4651,  25788.3711,
       1,     168,     201,      23,       1,       3,       1,     10.0000,      1.3984,     42.5715,    248.0506,     62.4249,      3.4953,      0.0000,     -0.0321,      1.4409,      0.1556,      5.5715,     11.1431,      1.3747,     28.6388,     57.2775,      0.0192,      0.0011,      0.0156,      0.2025,   7736.5117,-424160.8750,   -913.1282,    549.6422,  25788.3730,
       1,     168,     201,      24,       1,       3,       1,     10.0000,      1.3984,     42.5715,    248.0506,     62.4249,      3.4953,      0.0000,     -0.0321,      0.7413,      0.1545,      5.5715,     11.1431,      1.3650,     28.6388,     57.2775,      0.0192,      0.0006,      0.0156,      0.2025,   7736.5122,-420437.2812,   -910.5389,    549.8980,  25788.3711,
       1,     168,     202,       1,       1,       3,       1,     10.0000,      1.3984,     42.5718,    248.0565,     62.4264,      3.4953,      0.0000,     -0.0321,      0.5705,      0.1559,      5.5714,     11.1428,      1.3775,     28.6387,     57.2774,      0.0192,      0.0004,      0.0156,      0.2026,   7736.5117,-419395.9375,   -910.6660,    549.9827,  25789.5273,
       1,     168,     202,       2,       1,       3,       1,     10.0000,      1.3984,     42.5718,    248.0565,     62.4264,      3.4953,      0.0000,     -0.0320,      0.4403,      0.1516,      5.5714,     11.1428,      1.3392,     28.6387,     57.2774,      0.0192,      0.0003,      0.0156,      0.2026,   7736.8584,-418939.1250,   -910.3621,    550.0141,  25789.5254,
       1,     168,     202,       3,       1,       3,       1,     10.0000,      1.3984,     42.5718,    248.0565,     62.4264,      3.4953,      0.0000,     -0.0319,      0.5246,      0.1481,      5.5714,     11.1428,      1.3086,     28.6387,     57.2774,      0.0192,      0.0004,      0.0156,      0.2026,   7736.8579,-418737.0312,   -910.3389,    550.0280,  25789.5273,
       1,     168,     202,       4,       1,       3,       1,     10.0000,      1.3984,     42.5718,    248.0565,     62.4264,      3.4953,      0.0000,     -0.0319,      0.5244,      0.1503,      5.5714,     11.1428,      1.3285,     28.6387,     57.2774,      0.0192,      0.0004,      0.0156,      0.2026,   7736.8584,-418824.8750,   -910.3776,    550.0220,  25789.5234,
       1,     168,     202,       5,       1,       3,       1,     10.0000,      1.3984,     42.5718,    248.0565,     62.4264,      3.4953,      0.0000,     -0.0321,      0.4550,      0.1537,      5.5714,     11.1428,      1.3582,     28.6387,     57.2774,      0.0192,      0.0004,      0.0156,      0.2026,   7736.8574,-418832.7500,   -910.4043,    550.0214,  25789.5254,
       1,     168,     202,       6,       1,       3,       1,     10.0000,      1.3984,     42.5718,    248.0565,     62.4264,      3.4953,      0.0000,     -0.0319,      0.5873,      0.1508,      5.5714,     11.1428,      1.3325,     28.6387,     57.2774,      0.0192,      0.0005,      0.0156,      0.2026,   7736.8579,-418746.2500,   -910.4025,    550.0273,  25789.5273,
       1,     168,     202,       7,       1,       3,       1,     10.0000,      1.3984,     42.5718,    248.0565,     62.4264,      3.4953,      0.0000,     -0.0319,      0.5974,      0.1506,      5.5714,     11.1428,      1.3312,     28.6387,     57.2774,      0.0192,      0.0005,      0.0156,      0.2026,   7736.8584,-418904.1875,   -910.4631,    550.0165,  25789.5254,
       1,     168,     202,       8,       1,       3,       1,     10.0000,      1.3984,     42.5718,    248.0565,     62.4264,      3.4953,      0.0205,     -0.0112,      0.2344,      0.1428,      5.5714,     11.1428,      1.2619,     28.6387,     57.2774,      0.0192,      0.0003,      0.0094,      0.2026,   7736.8579,-418930.8438,   -910.5034,    550.0147,  25789.5254,
       1,     168,     202,       9,       1,       3,       1,     10.0000,      1.3984,     42.5718,    248.0565,     62.4264,      3.4953,      0.1337,      0.1011,      7.0529,      0.1687,      5.5714,     11.1428,      1.4909,     28.6387,     57.2774,      0.0192,      0.0005,      0.1723,      0.2026,   7736.8579,-418478.2188,   -910.5043,    550.0458,  25789.5254,
       1,     168,     202,      10,       1,       3,       1,     10.0000,      1.3984,     42.5718,    248.0565,     62.4264,      3.4953,      0.1768,      0.1437,     15.8520,      0.1858,      5.5714,     11.1428,      1.6420,     28.6387,     57.2774,      0.0192,      0.0008,      0.2341,      0.2026,   7736.8579,-426983.6562,   -912.5760,    549.4610,  25789.5254,
       1,     168,     202,      11,       1,       3,       1,     10.0000,      1.3984,     42.5718,    248.0565,     62.4264,      3.4953,      0.1875,      0.1538,     16.0462,      0.2068,      5.5714,     11.1428,      1.8271,     28.6387,     57.2774,      0.0192,      0.0008,      0.2500,      0.2026,   7736.8579,-438745.0000,   -915.6492,    548.6535,  25789.5234,
       1,     168,     202,      12,       1,       3,       1,     10.0000,      1.3984,     42.5718,    248.0565,     62.4264,      3.4953,      0.1877,      0.1533,     20.3090,      0.2306,      5.5714,     11.1428,      2.0375,     28.6387,     57.2774,      0.0192,      0.0010,      0.2500,      0.2026,   7736.8574,-440002.4688,   -917.2463,    548.5679,  25789.5254,
       1,     168,     202,      13,       1,       3,       1,     10.0000,      1.3984,     42.5718,    248.0565,     62.4264,      3.4953,      0.1869,      0.1524,     10.1821,      0.2319,      5.5714,     11.1428,      2.0495,     28.6387,     57.2774,      0.0192,      0.0005,      0.2500,      0.2026,   7736.8579,-445453.1250,   -920.2651,    548.1941,  25789.5254,
       1,     168,     202,      14,       1,       3,       1,     10.0000,      1.3984,     42.5718,    248.0565,     62.4264,      3.4953,      0.1745,      0.1403,     41.8366,      0.2226,      5.5714,     11.1428,      1.9669,     28.6387,     57.2774,      0.0192,      0.0023,      0.2281,      0.2025,   7736.8579,-433227.3125,   -919.5176,    549.0320,  25789.5254,
       1,     168,     202,      15,       1,       3,       1,     10.0000,      1.3984,     42.5718,    248.0565,     62.4264,      3.4953,      0.1872,      0.1531,     74.7159,      0.2211,      5.5714,     11.1428,      1.9534,     28.6387,     57.2774,      0.0192,      0.0038,      0.2430,      0.2026,   7736.8579,-471852.5938,   -927.4670,    546.3818,  25789.5273,
       1,     168,     202,      16,       1,       3,       1,     10.0000,      1.3984,     42.5718,    248.0565,     62.4264,      3.4953,      0.1891,      0.1550,    100.2967,      0.2204,      5.5714,     11.1428,      1.9477,     28.6387,     57.2774,      0.0192,      0.0051,      0.2429,      0.2025,   7736.8584,-516426.9062,   -936.9917,    543.3438,  25789.5234,
       1,     168,     202,      17,       1,       3,       1,     10.0000,      1.3984,     42.5718,    248.0565,     62.4264,      3.4953,      0.1796,      0.1466,    101.8843,      0.1809,      5.5714,     11.1428,      1.5986,     28.6387,     57.2774,      0.0192,      0.0055,      0.2284,      0.2025,   7736.8574,-552376.3750,   -938.9077,    540.9107,  25789.5254,
       1,     168,     202,      18,       1,       3,       1,     10.0000,      1.3984,     42.5718,    248.0565,     62.4264,      3.4953,      0.1493,      0.1163,     80.6412,      0.1836,      5.5714,     11.1428,      1.6226,     28.6387,     57.2774,      0.0192,      0.0053,      0.1866,      0.2024,   7736.8579,-557460.0625,   -936.9583,    540.5724,  25789.3184,
       1,     168,     202,      19,       1,       3,       1,     10.0000,      1.3984,     42.5718,    248.0565,     62.4264,      3.4953,      0.0988,      0.0660,     43.6909,      0.1747,      5.5714,     11.1428,      1.5439,     28.6387,     57.2774,      0.0192,      0.0046,      0.1172,      0.2024,   7736.7959,-531236.0000,   -931.9003,    542.3445,  25789.3574,
       1,     168,     202,      20,       1,       3,       1,     10.0000,      1.3984,     42.5718,    248.0565,     62.4264,      3.4953,      0.0328,     -0.0000,      8.6533,      0.1770,      5.5714,     11.1428,      1.5640,     28.6387,     57.2774,      0.0192,      0.0043,      0.0250,      0.2025,   7736.8076,-482609.0938,   -924.5079,    545.6440,  25789.5254,
       1,     168,     202,      21,       1,       3,       1,     10.0000,      1.3984,     42.5718,    248.0565,     62.4264,      3.4953,      0.0002,     -0.0324,      5.4139,      0.1714,      5.5714,     11.1428,      1.5149,     28.6387,     57.2774,      0.0192,      0.0043,      0.0156,      0.2025,   7736.8579,-434498.4688,   -916.6795,    548.9355,  25789.5273,
       1,     168,     202,      22,       1,       3,       1,     10.0000,      1.3984,     42.5718,    248.0565,     62.4264,      3.4953,      0.0000,     -0.0325,      2.9712,      0.1680,      5.5714,     11.1428,      1.4849,     28.6387,     57.2774,      0.0192,      0.0023,      0.0156,      0.2026,   7736.8584,-426321.3125,   -915.8710,    549.5065,  25789.5254,
       1,     168,     202,      23,       1,       3,       1,     10.0000,      1.3984,     42.5718,    248.0565,     62.4264,      3.4953,      0.0000,     -0.0325,      3.9329,      0.1655,      5.5714,     11.1428,      1.4628,     28.6387,     57.2774,      0.0192,      0.0031,      0.0156,      0.2026,   7736.8579,-422544.7812,   -915.5147,    549.7662,  25789.5254,
       1,     168,     202,      24,       1,       3,       1,     10.0000,      1.3984,     42.5718,    248.0565,     62.4264,      3.4953,      0.0000,     -0.0325,      2.9886,      0.1669,      5.5714,     11.1428,      1.4746,     28.6387,     57.2774,      0.0192,      0.0024,      0.0156,      0.2026,   7736.8579,-423424.4688,   -916.0930,    549.7058,  25789.5254,
       1,     168,     203,       1,       1,       3,       1,     10.0000,      1.3984,     42.5722,    248.0623,     62.4279,      3.4953,      0.0000,     -0.0325,      3.5524,      0.1675,      5.5713,     11.1426,      1.4805,     28.6459,     57.2917,      0.0192,      0.0028,      0.0156,      0.2026,   7736.8579,-422471.8125,   -916.4838,    549.7841,  25790.6816,
       1,     168,     203,       2,       1,       3,       1,     10.0000,      1.3984,     42.5722,    248.0623,     62.4279,      3.4953,      0.0000,     -0.0326,      2.8758,      0.1689,      5.5713,     11.1426,      1.4924,     28.6459,     57.2917,      0.0192,      0.0023,      0.0156,      0.2026,   7737.2046,-422943.6562,   -916.6410,    549.7517,  25790.6797,
       1,     168,     203,       3,       1,       3,       1,     10.0000,      1.3984,     42.5722,    248.0623,     62.4279,      3.4953,      0.0000,     -0.0322,      2.5174,      0.1575,      5.5713,     11.1426,      1.3914,     28.6459,     57.2917,      0.0192,      0.0020,      0.0156,      0.2026,   7737.2041,-422136.8438,   -916.7584,    549.8073,  25790.6797,
       1,     168,     203,       4,       1,       3,       1,     10.0000,      1.3984,     42.5722,    248.0623,     62.4279,      3.4953,      0.0000,     -0.0320,      2.2297,      0.1511,      5.5713,     11.1426,      1.3352,     28.6459,     57.2917,      0.0192,      0.0018,      0.0156,      0.2026,   7737.2041,-421618.0938,   -916.8760,    549.8428,  25790.6816,
       1,     168,     203,       5,       1,       3,       1,     10.0000,      1.3984,     42.5722,    248.0623,     62.4279,      3.4953,      0.0000,     -0.0322,      2.2815,      0.1579,      5.5713,     11.1426,      1.3956,     28.6459,     57.2917,      0.0192,      0.0018,      0.0156,      0.2026,   7737.2046,-421212.6562,   -916.9637,    549.8707,  25790.6836,
       1,     168,     203,       6,       1,       3,       1,     10.0000,      1.3984,     42.5722,    248.0623,     62.4279,      3.4953,      0.0000,     -0.0321,      2.1105,      0.1560,      5.5713,     11.1426,      1.3789,     28.6459,     57.2917,      0.0192,      0.0017,      0.0156,      0.2026,   7737.2056,-421242.4688,   -917.1572,    549.8687,  25790.6816,
       1,     168,     203,       7,       1,       3,       1,     10.0000,      1.3984,     42.5722,    248.0623,     62.4279,      3.4953,      0.0000,     -0.0321,      2.2542,      0.1557,      5.5713,     11.1426,      1.3761,     28.6459,     57.2917,      0.0192,      0.0018,      0.0156,      0.2026,   7737.2046,-421030.8125,   -917.2900,    549.8832,  25790.6816,
       1,     168,     203,       8,       1,       3,       1,     10.0000,      1.3984,     42.5722,    248.0623,     62.4279,      3.4953,      0.0166,     -0.0155,      0.4022,      0.1573,      5.5713,     11.1426,      1.3900,     28.6459,     57.2917,      0.0192,      0.0015,      0.0032,      0.2026,   7737.2046,-421192.8750,   -917.4926,    549.8721,  25790.6816,
       1,     168,     203,       9,       1,       3,       1,     10.0000,      1.3984,     42.5722,    248.0623,     62.4279,      3.4953,      0.1070,      0.0745,     10.2831,      0.1670,      5.5713,     11.1426,      1.4761,     28.6459,     57.2917,      0.0192,      0.0009,      0.1332,      0.2026,   7737.2046,-418886.2188,   -917.2414,    550.0307,  25790.6797,
       1,     168,     203,      10,       1,       3,       1,     10.0000,      1.3984,     42.5722,    248.0623,     62.4279,      3.4953,      0.1581,      0.1254,     19.2602,      0.1732,      5.5713,     11.1426,      1.5301,     28.6459,     57.2917,      0.0192,      0.0011,      0.2064,      0.2026,   7737.2041,-431068.3125,   -919.7160,    549.1931,  25790.6836,
       1,     168,     203,      11,       1,       3,       1,     10.0000,      1.3984,     42.5722,    248.0623,     62.4279,      3.4953,      0.1801,      0.1470,     20.6684,      0.1875,      5.5713,     11.1426,      1.6568,     28.6459,     57.2917,      0.0192,      0.0011,      0.2385,      0.2026,   7737.2056,-443369.0938,   -922.4171,    548.3492,  25790.6836,
       1,     168,     203,      12,       1,       3,       1,     10.0000,      1.3984,     42.5722,    248.0623,     62.4279,      3.4953,      0.1867,      0.1531,     28.6714,      0.2017,      5.5713,     11.1426,      1.7827,     28.6459,     57.2917,      0.0192,      0.0014,      0.2473,      0.2026,   7737.2056,-446193.9062,   -923.5954,    548.1563,  25790.6816,
       1,     168,     203,      13,       1,       3,       1,     10.0000,      1.3984,     42.5722,    248.0623,     62.4279,      3.4953,      0.1885,      0.1544,     30.1533,      0.2198,      5.5713,     11.1426,      1.9420,     28.6459,     57.2917,      0.0192,      0.0015,      0.2500,      0.2026,   7737.2046,-456467.7500,   -926.2172,    547.4524,  25790.6797,
       1,     168,     203,      14,       1,       3,       1,     10.0000,      1.3984,     42.5722,    248.0623,     62.4279,      3.4953,      0.1895,      0.1552,     43.1389,      0.2263,      5.5713,     11.1426,      2.0000,     28.6459,     57.2917,      0.0192,      0.0021,      0.2500,      0.2026,   7737.2041,-459210.6250,   -927.6120,    547.2651,  25790.6836,
       1,     168,     203,      15,       1,       3,       1,     10.0000,      1.3984,     42.5722,    248.0623,     62.4279,      3.4953,      0.1495,      0.1157,     51.9759,      0.2086,      5.5713,     11.1426,      1.8434,     28.6459,     57.2917,      0.0192,      0.0034,      0.1902,      0.2026,   7737.2056,-475725.7812,   -931.5332,    546.1354,  25790.6816,
       1,     168,     203,      16,       1,       3,       1,     10.0000,      1.3984,     42.5722,    248.0623,     62.4279,      3.4953,      0.0234,     -0.0081,      3.1198,      0.1369,      5.5713,     11.1426,      1.2095,     28.6459,     57.2917,      0.0192,      0.0028,      0.0136,      0.2025,   7737.2046,-488230.4062,   -934.4882,    545.2830,  25790.6797,
       1,     168,     203,      17,       1,       3,       1,     10.0000,      1.3984,     42.5722,    248.0623,     62.4279,      3.4953,      0.0179,     -0.0125,      1.4815,      0.1108,      5.5713,     11.1426,      0.9793,     28.6459,     57.2917,      0.0192,      0.0026,      0.0071,      0.2025,   7737.2041,-428025.5625,   -912.2730,    549.3871,  25790.6797,
       1,     168,     203,      18,       1,       3,       1,     10.0000,      1.3984,     42.5722,    248.0623,     62.4279,      3.4953,      0.0270,     -0.0035,      5.2404,      0.1131,      5.5713,     11.1426,      0.9996,     28.6459,     57.2917,      0.0192,      0.0033,      0.0197,      0.2026,   7737.2041,-420846.3125,   -910.9674,    549.8957,  25790.6816,
       1,     168,     203,      19,       1,       3,       1,     10.0000,      1.3984,     42.5722,    248.0623,     62.4279,      3.4953,      0.0345,      0.0039,      9.2680,      0.1151,      5.5713,     11.1426,      1.0171,     28.6459,     57.2917,      0.0192,      0.0038,      0.0298,      0.2026,   7737.2046,-424918.8750,   -912.3417,    549.6160,  25790.6816,
       1,     168,     203,      20,       1,       3,       1,     10.0000,      1.3984,     42.5722,    248.0623,     62.4279,      3.4953,      0.0154,     -0.0152,      0.8662,      0.1144,      5.5713,     11.1426,      1.0109,     28.6459,     57.2917,      0.0192,      0.0031,      0.0034,      0.2026,   7737.2046,-430316.5625,   -913.9929,    549.2452,  25790.6836,
       1,     168,     203,      21,       1,       3,       1,     10.0000,      1.3984,     42.5722,    248.0623,     62.4279,      3.4953,      0.0001,     -0.0306,      2.9874,      0.1162,      5.5713,     11.1426,      1.0266,     28.6459,     57.2917,      0.0192,      0.0024,      0.0156,      0.2026,   7737.2056,-420252.4062,   -912.6945,    549.9363,  25790.6816,
       1,     168,     203,      22,       1,       3,       1,     10.0000,      1.3984,     42.5722,    248.0623,     62.4279,      3.4953,      0.0000,     -0.0306,      1.0596,      0.1144,      5.5713,     11.1426,      1.0109,     28.6459,     57.2917,      0.0192,      0.0008,      0.0156,      0.2026,   7737.2046,-422044.9375,   -913.2990,    549.8135,  25790.6836,
       1,     168,     203,      23,       1,       3,       1,     10.0000,      1.3984,     42.5722,    248.0623,     62.4279,      3.4953,      0.0000,     -0.0306,      1.0515,      0.1156,      5.5713,     11.1426,      1.0213,     28.6459,     57.2917,      0.0192,      0.0008,      0.0156,      0.2026,   7737.2056,-419782.9688,   -912.9821,    549.9690,  25790.6816,
       1,     168,     203,      24,       1,       3,       1,     10.0000,      1.3984,     42.5722,    248.0623,     62.4279,      3.4953,      0.0000,     -0.0307,      0.8279,      0.1168,      5.5713,     11.1426,      1.0318,     28.6459,     57.2917,      0.0192,      0.0007,      0.0156,      0.2026,   7737.2046,-419578.3750,   -913.0226,    549.9831,  25790.6816,
       1,     168,     204,       1,       1,       3,       1,     10.0000,      1.3985,     42.5725,    248.0682,     62.4294,      3.4953,      0.0000,     -0.0308,      0.3699,      0.1199,      5.5720,     11.1441,      1.0597,     28.6384,     57.2769,      0.0192,      0.0003,      0.0156,      0.2026,   7737.2046,-419435.9062,   -913.3080,    550.0059,  25791.8359,
       1,     168,     204,       2,       1,       3,       1,     10.0000,      1.3985,     42.5725,    248.0682,     62.4294,      3.4953,      0.0000,     -0.0308,      0.5657,      0.1205,      5.5720,     11.1441,      1.0651,     28.6384,     57.2769,      0.0192,      0.0004,      0.0156,      0.2026,   7737.5513,-418697.2188,   -912.9310,    550.0566,  25791.8359,
       1,     168,     204,       3,       1,       3,       1,     10.0000,      1.3985,     42.5725,    248.0682,     62.4294,      3.4953,      0.0000,     -0.0308,      0.8288,      0.1199,      5.5720,     11.1441,      1.0597,     28.6384,     57.2769,      0.0192,      0.0007,      0.0156,      0.2026,   7737.5513,-418878.9688,   -912.9941,    550.0441,  25791.8359,
       1,     168,     204,       4,       1,       3,       1,     10.0000,      1.3985,     42.5725,    248.0682,     62.4294,      3.4953,      0.0000,     -0.0308,      0.5774,      0.1205,      5.5720,     11.1441,      1.0651,     28.6384,     57.2769,      0.0192,      0.0005,      0.0156,      0.2026,   7737.5513,-419224.1875,   -913.1027,    550.0204,  25791.8359,
       1,     168,     204,       5,       1,       3,       1,     10.0000,      1.3985,     42.5725,    248.0682,     62.4294,      3.4953,      0.0000,     -0.0307,      0.6978,      0.1188,      5.5720,     11.1441,      1.0500,     28.6384,     57.2769,      0.0192,      0.0005,      0.0156,      0.2026,   7737.5513,-418939.0312,   -910.2354,    550.0400,  25791.8379,
       1,     168,     204,       6,       1,       3,       1,     10.0000,      1.3985,     42.5725,    248.0682,     62.4294,      3.4953,      0.0000,     -0.0308,      0.7463,      0.1212,      5.5720,     11.1441,      1.0705,     28.6384,     57.2769,      0.0192,      0.0006,      0.0156,      0.2026,   7737.5518,-419064.9688,   -910.3148,    550.0314,  25791.8359,
       1,     168,     204,       7,       1,       3,       1,     10.0000,      1.3985,     42.5725,    248.0682,     62.4294,      3.4953,      0.0000,     -0.0309,      0.6063,      0.1235,      5.5720,     11.1441,      1.0915,     28.6384,     57.2769,      0.0192,      0.0005,      0.0156,      0.2026,   7737.5513,-419136.9375,   -910.3934,    550.0264,  25791.8340,
       1,     168,     204,       8,       1,       3,       1,     10.0000,      1.3985,     42.5725,    248.0682,     62.4294,      3.4953,      0.0074,     -0.0233,      0.3861,      0.1185,      5.5720,     11.1441,      1.0467,     28.6384,     57.2769,      0.0192,      0.0003,      0.0156,      0.2026,   7737.5503,-418967.8125,   -910.3947,    550.0380,  25791.8359,
       1,     168,     204,       9,       1,       3,       1,     10.0000,      1.3985,     42.5725,    248.0682,     62.4294,      3.4953,      0.0681,      0.0373,      1.7817,      0.1219,      5.5720,     11.1441,      1.0771,     28.6384,     57.2769,      0.0192,      0.0003,      0.0788,      0.2026,   7737.5513,-418677.3125,   -910.3798,    550.0580,  25791.8359,
       1,     168,     204,      10,       1,       3,       1,     10.0000,      1.3985,     42.5725,    248.0682,     62.4294,      3.4953,      0.1443,      0.1125,      4.5941,      0.1459,      5.5720,     11.1441,      1.2890,     28.6384,     57.2769,      0.0192,      0.0003,      0.1881,      0.2026,   7737.5513,-420400.5938,   -910.8847,    549.9395,  25791.8340,
       1,     168,     204,      11,       1,       3,       1,     10.0000,      1.3985,     42.5725,    248.0682,     62.4294,      3.4953,      0.1747,      0.1420,     10.2829,      0.1725,      5.5720,     11.1441,      1.5240,     28.6384,     57.2769,      0.0192,      0.0005,      0.2316,      0.2026,   7737.5503,-424072.8438,   -912.4037,    549.6871,  25791.8340,
       1,     168,     204,      12,       1,       3,       1,     10.0000,      1.3985,     42.5725,    248.0682,     62.4294,      3.4953,      0.1851,      0.1519,     13.7173,      0.1884,      5.5720,     11.1441,      1.6651,     28.6384,     57.2769,      0.0192,      0.0007,      0.2465,      0.2026,   7737.5503,-431517.0000,   -915.1101,    549.1757,  25791.8379,
       1,     168,     204,      13,       1,       3,       1,     10.0000,      1.3985,     42.5725,    248.0682,     62.4294,      3.4953,      0.1870,      0.1535,      9.1561,      0.1996,      5.5720,     11.1441,      1.7635,     28.6384,     57.2769,      0.0192,      0.0005,      0.2500,      0.2026,   7737.5518,-436461.6250,   -917.4493,    548.8364,  25791.8359,
       1,     168,     204,      14,       1,       3,       1,     10.0000,      1.3985,     42.5725,    248.0682,     62.4294,      3.4953,      0.1869,      0.1532,      8.4693,      0.2064,      5.5720,     11.1441,      1.8236,     28.6384,     57.2769,      0.0192,      0.0004,      0.2500,      0.2026,   7737.5513,-431171.4688,   -917.8875,    549.1995,  25791.8359,
       1,     168,     204,      15,       1,       3,       1,     10.0000,      1.3985,     42.5725,    248.0682,     62.4294,      3.4953,      0.1890,      0.1550,     36.3711,      0.2166,      5.5720,     11.1441,      1.9137,     28.6384,     57.2769,      0.0192,      0.0018,      0.2500,      0.2026,   7737.5513,-429855.8125,   -918.6590,    549.2899,  25791.8359,
       1,     168,     204,      16,       1,       3,       1,     10.0000,      1.3985,     42.5725,    248.0682,     62.4294,      3.4953,      0.1817,      0.1478,     62.5805,      0.2115,      5.5720,     11.1441,      1.8691,     28.6384,     57.2769,      0.0192,      0.0033,      0.2362,      0.2026,   7737.5513,-464704.2500,   -926.4598,    546.8972,  25791.8379,
       1,     168,     204,      17,       1,       3,       1,     10.0000,      1.3985,     42.5725,    248.0682,     62.4294,      3.4953,      0.1872,      0.1535,     74.2992,      0.2041,      5.5720,     11.1441,      1.8039,     28.6384,     57.2769,      0.0192,      0.0038,      0.2428,      0.2026,   7737.5518,-500575.1875,   -934.2104,    544.4502,  25791.8359,
       1,     168,     204,      18,       1,       3,       1,     10.0000,      1.3985,     42.5725,    248.0682,     62.4294,      3.4953,      0.1361,      0.1033,     52.7958,      0.1751,      5.5720,     11.1441,      1.5470,     28.6384,     57.2769,      0.0192,      0.0038,      0.1705,      0.2025,   7737.5513,-518365.3750,   -938.6825,    543.2449,  25791.8379,
       1,     168,     204,      19,       1,       3,       1,     10.0000,      1.3985,     42.5725,    248.0682,     62.4294,      3.4953,      0.0962,      0.0635,     37.4181,      0.1720,      5.5720,     11.1441,      1.5195,     28.6384,     57.2769,      0.0192,      0.0040,      0.1142,      0.2025,   7737.5518,-492907.6250,   -934.7284,    544.9750,  25791.8359,
       1,     168,     204,      20,       1,       3,       1,     10.0000,      1.3985,     42.5725,    248.0682,     62.4294,      3.4953,      0.0193,     -0.0130,      2.3242,      0.1611,      5.5720,     11.1441,      1.4239,     28.6384,     57.2769,      0.0192,      0.0043,      0.0067,      0.2026,   7737.5513,-471444.4062,   -931.3038,    546.4398,  25791.8340,
       1,     168,     204,      21,       1,       3,       1,     10.0000,      1.3985,     42.5725,    248.0682,     62.4294,      3.4953,      0.0001,     -0.0319,      4.4483,      0.1517,      5.5720,     11.1441,      1.3407,     28.6384,     57.2769,      0.0192,      0.0035,      0.0156,      0.2026,   7737.5503,-425604.0000,   -923.1082,    549.5729,  25791.8359,
       1,     168,     204,      22,       1,       3,       1,     10.0000,      1.3985,     42.5725,    248.0682,     62.4294,      3.4953,      0.0000,     -0.0318,      4.1534,      0.1463,      5.5720,     11.1441,      1.2929,     28.6384,     57.2769,      0.0192,      0.0033,      0.0156,      0.2026,   7737.5513,-424349.4375,   -923.0364,    549.6681,  25791.8359,
       1,     168,     204,      23,       1,       3,       1,     10.0000,      1.3985,     42.5725,    248.0682,     62.4294,      3.4953,      0.0000,     -0.0317,      3.2663,      0.1437,      5.5720,     11.1441,      1.2696,     28.6384,     57.2769,      0.0192,      0.0026,      0.0156,      0.2026,   7737.5513,-423860.7812,   -923.0968,    549.7018,  25791.8340,
       1,     168,     204,      24,       1,       3,       1,     10.0000,      1.3985,     42.5725,    248.0682,     62.4294,      3.4953,      0.0000,     -0.0317,      3.1368,      0.1430,      5.5720,     11.1441,      1.2633,     28.6384,     57.2769,      0.0192,      0.0025,      0.0156,      0.2026,   7737.5503,-422707.1875,   -922.9992,    549.7810,  25791.8359,
       1,     168,     205,       1,       1,       3,       1,     10.0000,      1.3985,     42.5728,    248.0740,     62.4308,      3.4953,      0.0000,     -0.0317,      2.9515,      0.1428,      5.5716,     11.1432,      1.2620,     28.6426,     57.2851,      0.0192,      0.0023,      0.0156,      0.2026,   7737.5513,-422600.8125,   -923.3597,    549.8013,  25792.9922,
       1,     168,     205,       2,       1,       3,       1,     10.0000,      1.3985,     42.5728,    248.0740,     62.4308,      3.4953,      0.0000,     -0.0316,      2.2228,      0.1408,      5.5716,     11.1432,      1.2443,     28.6426,     57.2851,      0.0192,      0.0018,      0.0156,      0.2026,   7737.8979,-422206.7188,   -923.1080,    549.8283,  25792.9922,
       1,     168,     205,       3,       1,       3,       1,     10.0000,      1.3985,     42.5728,    248.0740,     62.4308,      3.4953,      0.0000,     -0.0316,      1.7430,      0.1398,      5.5716,     11.1432,      1.2355,     28.6426,     57.2851,      0.0192,      0.0014,      0.0156,      0.2026,   7737.8979,-421260.0000,   -922.9966,    549.8934,  25792.9922,
       1,     168,     205,       4,       1,       3,       1,     10.0000,      1.3985,     42.5728,    248.0740,     62.4308,      3.4953,      0.0000,     -0.0314,      1.4365,      0.1354,      5.5716,     11.1432,      1.1961,     28.6426,     57.2851,      0.0192,      0.0011,      0.0156,      0.2026,   7737.8979,-420577.4062,   -922.9212,    549.9403,  25792.9941,
       1,     168,     205,       5,       1,       3,       1,     10.0000,      1.3985,     42.5728,    248.0740,     62.4308,      3.4953,      0.0000,     -0.0313,      1.2125,      0.1329,      5.5716,     11.1432,      1.1745,     28.6426,     57.2851,      0.0192,      0.0010,      0.0156,      0.2026,   7737.8984,-420134.5000,   -922.8787,    549.9708,  25792.9922,
       1,     168,     205,       6,       1,       3,       1,     10.0000,      1.3985,     42.5728,    248.0740,     62.4308,      3.4953,      0.0000,     -0.0313,      0.9818,      0.1324,      5.5716,     11.1432,      1.1697,     28.6426,     57.2851,      0.0192,      0.0008,      0.0156,      0.2026,   7737.8979,-419815.9688,   -922.8518,    549.9927,  25792.9922,
       1,     168,     205,       7,       1,       3,       1,     10.0000,      1.3985,     42.5728,    248.0740,     62.4308,      3.4953,      0.0000,     -0.0313,      0.7478,      0.1325,      5.5716,     11.1432,      1.1709,     28.6426,     57.2851,      0.0192,      0.0006,      0.0156,      0.2026,   7737.8979,-419499.4375,   -922.8166,    550.0145,  25792.9922,
       1,     168,     205,       8,       1,       3,       1,     10.0000,      1.3985,     42.5728,    248.0740,     62.4308,      3.4953,      0.0168,     -0.0145,      0.2151,      0.1324,      5.5716,     11.1432,      1.1697,     28.6426,     57.2851,      0.0192,      0.0006,      0.0045,      0.2026,   7737.8979,-419179.0938,   -922.7725,    550.0365,  25792.9922,
       1,     168,     205,       9,       1,       3,       1,     10.0000,      1.3985,     42.5728,    248.0740,     62.4308,      3.4953,      0.1204,      0.0881,      6.0974,      0.1586,      5.5716,     11.1432,      1.4013,     28.6426,     57.2851,      0.0192,      0.0005,      0.1531,      0.2026,   7737.8979,-418484.1562,   -922.6683,    550.0843,  25792.9941,
       1,     168,     205,      10,       1,       3,       1,     10.0000,      1.3985,     42.5728,    248.0740,     62.4308,      3.4953,      0.1711,      0.1380,      9.9812,      0.1871,      5.5716,     11.1432,      1.6536,     28.6426,     57.2851,      0.0192,      0.0005,      0.2266,      0.2026,   7737.8984,-425792.6562,   -924.1957,    549.5817,  25792.9922,
       1,     168,     205,      11,       1,       3,       1,     10.0000,      1.3985,     42.5728,    248.0740,     62.4308,      3.4953,      0.1825,      0.1492,     10.1865,      0.1914,      5.5716,     11.1432,      1.6917,     28.6426,     57.2851,      0.0192,      0.0005,      0.2432,      0.2026,   7737.8979,-431288.7812,   -925.5561,    549.2044,  25792.9941,
       1,     168,     205,      12,       1,       3,       1,     10.0000,      1.3985,     42.5728,    248.0740,     62.4308,      3.4953,      0.1872,      0.1540,     10.5746,      0.1898,      5.5716,     11.1432,      1.6767,     28.6426,     57.2851,      0.0192,      0.0005,      0.2500,      0.2026,   7737.8984,-432018.9688,   -925.9538,    549.1544,  25792.9922,
       1,     168,     205,      13,       1,       3,       1,     10.0000,      1.3985,     42.5728,    248.0740,     62.4308,      3.4953,      0.1870,      0.1531,      9.7442,      0.2103,      5.5716,     11.1432,      1.8581,     28.6426,     57.2851,      0.0192,      0.0005,      0.2500,      0.2026,   7737.8979,-432568.0312,   -926.2809,    549.1167,  25792.9922,
       1,     168,     205,      14,       1,       3,       1,     10.0000,      1.3985,     42.5728,    248.0740,     62.4308,      3.4953,      0.1824,      0.1486,     39.9541,      0.2105,      5.5716,     11.1432,      1.8599,     28.6426,     57.2851,      0.0192,      0.0020,      0.2398,      0.2026,   7737.8979,-431574.7812,   -926.3325,    549.1849,  25792.9902,
       1,     168,     205,      15,       1,       3,       1,     10.0000,      1.3985,     42.5728,    248.0740,     62.4308,      3.4953,      0.1519,      0.1183,     54.1380,      0.1992,      5.5716,     11.1432,      1.7600,     28.6426,     57.2851,      0.0192,      0.0034,      0.1933,      0.2026,   7737.8975,-469339.9062,   -933.7334,    546.5923,  25792.9902,
       1,     168,     205,      16,       1,       3,       1,     10.0000,      1.3985,     42.5728,    248.0740,     62.4308,      3.4953,      0.0402,      0.0079,      9.6235,      0.1628,      5.5716,     11.1432,      1.4383,     28.6426,     57.2851,      0.0192,      0.0033,      0.0362,      0.2026,   7737.8975,-490386.8438,   -938.0441,    545.1604,  25792.9922,
       1,     168,     205,      17,       1,       3,       1,     10.0000,      1.3985,     42.5728,    248.0740,     62.4308,      3.4953,      0.0266,     -0.0051,      3.9430,      0.1453,      5.5716,     11.1432,      1.2838,     28.6426,     57.2851,      0.0192,      0.0027,      0.0178,      0.2026,   7737.8979,-436369.5000,   -927.3271,    548.8433,  25792.9922,
       1,     168,     205,      18,       1,       3,       1,     10.0000,      1.3985,     42.5728,    248.0740,     62.4308,      3.4953,      0.0740,      0.0423,     25.5546,      0.1449,      5.5716,     11.1432,      1.2800,     28.6426,     57.2851,      0.0192,      0.0037,      0.0839,      0.2026,   7737.8979,-424648.5938,   -911.5916,    549.6599,  25792.9902,
       1,     168,     205,      19,       1,       3,       1,     10.0000,      1.3985,     42.5728,    248.0740,     62.4308,      3.4953,      0.1274,      0.0951,     50.7331,      0.1594,      5.5716,     11.1432,      1.4083,     28.6426,     57.2851,      0.0192,      0.0039,      0.1582,      0.2026,   7737.8975,-450700.8438,   -916.6214,    547.8705,  25792.9922,
       1,     168,     205,      20,       1,       3,       1,     10.0000,      1.3985,     42.5728,    248.0740,     62.4308,      3.4953,      0.0303,     -0.0018,      6.3867,      0.1565,      5.5716,     11.1432,      1.3831,     28.6426,     57.2851,      0.0192,      0.0035,      0.0224,      0.2026,   7737.8979,-484505.5312,   -923.0636,    545.5584,  25792.9922,
       1,     168,     205,      21,       1,       3,       1,     10.0000,      1.3985,     42.5728,    248.0740,     62.4308,      3.4953,      0.0001,     -0.0318,      1.6471,      0.1493,      5.5716,     11.1432,      1.3193,     28.6426,     57.2851,      0.0192,      0.0013,      0.0156,      0.2026,   7737.8979,-431814.6250,   -914.2661,    549.1565,  25792.9922,
       1,     168,     205,      22,       1,       3,       1,     10.0000,      1.3985,     42.5728,    248.0740,     62.4308,      3.4953,      0.0000,     -0.0317,      0.5318,      0.1427,      5.5716,     11.1432,      1.2607,     28.6426,     57.2851,      0.0192,      0.0004,      0.0156,      0.2026,   7737.8979,-421379.9688,   -912.5927,    549.8847,  25792.9922,
       1,     168,     205,      23,       1,       3,       1,     10.0000,      1.3985,     42.5728,    248.0740,     62.4308,      3.4953,      0.0000,     -0.0315,      0.3342,      0.1384,      5.5716,     11.1432,      1.2231,     28.6426,     57.2851,      0.0192,      0.0003,      0.0156,      0.2026,   7737.8979,-419071.0000,   -912.2081,    550.0439,  25792.9922,
       1,     168,     205,      24,       1,       3,       1,     10.0000,      1.3985,     42.5728,    248.0740,     62.4308,      3.4953,      0.0000,     -0.0315,      0.3845,      0.1391,      5.5716,     11.1432,      1.2293,     28.6426,     57.2851,      0.0192,      0.0003,      0.0156,      0.2026,   7737.8979,-418624.0938,   -912.1299,    550.0746,  25792.9941,
       1,     168,     206,       1,       1,       3,       1,     10.0000,      1.3985,     42.5732,    248.0799,     62.4323,      3.4953,      0.0000,     -0.0314,      0.5340,      0.1369,      5.5722,     11.1445,      1.2095,     28.6401,     57.2802,      0.0192,      0.0004,      0.0156,      0.2027,   7737.8984,-418804.2188,   -912.4297,    550.0751,  25794.1504,
       1,     168,     206,       2,       1,       3,       1,     10.0000,      1.3985,     42.5732,    248.0799,     62.4323,      3.4953,      0.0000,     -0.0315,      1.4567,      0.1387,      5.5722,     11.1445,      1.2256,     28.6401,     57.2802,      0.0192,      0.0011,      0.0156,      0.2027,   7738.2456,-418854.2812,   -912.2043,    550.0717,  25794.1504,
       1,     168,     206,       3,       1,       3,       1,     10.0000,      1.3985,     42.5732,    248.0799,     62.4323,      3.4953,      0.0000,     -0.0316,      0.5304,      0.1401,      5.5722,     11.1445,      1.2380,     28.6401,     57.2802,      0.0192,      0.0004,      0.0156,      0.2027,   7738.2456,-420014.2188,   -912.5283,    549.9919,  25794.1504,
       1,     168,     206,       4,       1,       3,       1,     10.0000,      1.3985,     42.5732,    248.0799,     62.4323,      3.4953,      0.0000,     -0.0317,      0.5080,      0.1433,      5.5722,     11.1445,      1.2659,     28.6401,     57.2802,      0.0192,      0.0004,      0.0156,      0.2027,   7738.2456,-418953.9688,   -912.3563,    550.0648,  25794.1504,
       1,     168,     206,       5,       1,       3,       1,     10.0000,      1.3985,     42.5732,    248.0799,     62.4323,      3.4953,      0.0000,     -0.0317,      0.6985,      0.1443,      5.5722,     11.1445,      1.2748,     28.6401,     57.2802,      0.0192,      0.0006,      0.0156,      0.2027,   7738.2456,-418834.6250,   -910.1427,    550.0731,  25794.1504,
       1,     168,     206,       6,       1,       3,       1,     10.0000,      1.3985,     42.5732,    248.0799,     62.4323,      3.4953,      0.0000,     -0.0317,      0.4946,      0.1431,      5.5722,     11.1445,      1.2646,     28.6401,     57.2802,      0.0192,      0.0004,      0.0156,      0.2027,   7738.2456,-419062.8750,   -910.2213,    550.0574,  25794.1504,
       1,     168,     206,       7,       1,       3,       1,     10.0000,      1.3985,     42.5732,    248.0799,     62.4323,      3.4953,      0.0000,     -0.0316,      0.7100,      0.1421,      5.5722,     11.1445,      1.2557,     28.6401,     57.2802,      0.0192,      0.0006,      0.0156,      0.2027,   7738.2456,-418827.1250,   -910.1985,    550.0735,  25794.1484,
       1,     168,     206,       8,       1,       3,       1,     10.0000,      1.3985,     42.5732,    248.0799,     62.4323,      3.4953,      0.0040,     -0.0276,      0.3847,      0.1427,      5.5722,     11.1445,      1.2608,     28.6401,     57.2802,      0.0192,      0.0003,      0.0156,      0.2027,   7738.2446,-419076.8125,   -910.2927,    550.0564,  25794.1504,
       1,     168,     206,       9,       1,       3,       1,     10.0000,      1.3985,     42.5732,    248.0799,     62.4323,      3.4953,      0.0267,     -0.0049,      0.4116,      0.1434,      5.5722,     11.1445,      1.2671,     28.6401,     57.2802,      0.0192,      0.0003,      0.0184,      0.2027,   7738.2456,-418690.8125,   -910.2449,    550.0829,  25794.1504,
       1,     168,     206,      10,       1,       3,       1,     10.0000,      1.3985,     42.5732,    248.0799,     62.4323,      3.4953,      0.0697,      0.0379,      1.8320,      0.1460,      5.5722,     11.1445,      1.2904,     28.6401,     57.2802,      0.0192,      0.0003,      0.0804,      0.2027,   7738.2456,-418691.1250,   -910.3468,    550.0829,  25794.1504,
       1,     168,     206,      11,       1,       3,       1,     10.0000,      1.3985,     42.5732,    248.0799,     62.4323,      3.4953,      0.1554,      0.1230,      5.6616,      0.1646,      5.5722,     11.1445,      1.4542,     28.6401,     57.2802,      0.0192,      0.0003,      0.2041,      0.2027,   7738.2456,-420470.2188,   -910.9090,    549.9606,  25794.1504,
       1,     168,     206,      12,       1,       3,       1,     10.0000,      1.3985,     42.5732,    248.0799,     62.4323,      3.4953,      0.1755,      0.1424,      7.8439,      0.1846,      5.5722,     11.1445,      1.6308,     28.6401,     57.2802,      0.0192,      0.0004,      0.2331,      0.2027,   7738.2456,-425420.4375,   -912.7789,    549.6204,  25794.1504,
       1,     168,     206,      13,       1,       3,       1,     10.0000,      1.3985,     42.5732,    248.0799,     62.4323,      3.4953,      0.1828,      0.1497,      8.7071,      0.1862,      5.5722,     11.1445,      1.6455,     28.6401,     57.2802,      0.0192,      0.0004,      0.2438,      0.2027,   7738.2456,-428580.4375,   -914.7188,    549.4033,  25794.1484,
       1,     168,     206,      14,       1,       3,       1,     10.0000,      1.3985,     42.5732,    248.0799,     62.4323,      3.4953,      0.1757,      0.1427,      8.0535,      0.1849,      5.5722,     11.1445,      1.6341,     28.6401,     57.2802,      0.0192,      0.0004,      0.2335,      0.2027,   7738.2446,-429934.0625,   -916.0610,    549.3104,  25794.1504,
       1,     168,     206,      15,       1,       3,       1,     10.0000,      1.3985,     42.5732,    248.0799,     62.4323,      3.4953,      0.1871,      0.1534,     10.7885,      0.2056,      5.5722,     11.1445,      1.8165,     28.6401,     57.2802,      0.0192,      0.0005,      0.2500,      0.2027,   7738.2456,-429231.5938,   -916.8173,    549.3586,  25794.1504,
       1,     168,     206,      16,       1,       3,       1,     10.0000,      1.3985,     42.5732,    248.0799,     62.4323,      3.4953,      0.1474,      0.1151,     19.0139,      0.1600,      5.5722,     11.1445,      1.4140,     28.6401,     57.2802,      0.0192,      0.0012,      0.1909,      0.2027,   7738.2456,-432597.4062,   -919.1669,    549.1276,  25794.1484,
       1,     168,     206,      17,       1,       3,       1,     10.0000,      1.3985,     42.5732,    248.0799,     62.4323,      3.4953,      0.1624,      0.1306,     38.1742,      0.1471,      5.5722,     11.1445,      1.2995,     28.6401,     57.2802,      0.0192,      0.0022,      0.2104,      0.2027,   7738.2446,-443191.7812,   -915.1808,    548.4004,  25794.1504,
       1,     168,     206,      18,       1,       3,       1,     10.0000,      1.3985,     42.5732,    248.0799,     62.4323,      3.4953,      0.0858,      0.0537,     21.5085,      0.1573,      5.5722,     11.1445,      1.3901,     28.6401,     57.2802,      0.0192,      0.0026,      0.1013,      0.2027,   7738.2456,-468111.8750,   -920.2015,    546.6926,  25794.1484,
       1,     168,     206,      19,       1,       3,       1,     10.0000,      1.3985,     42.5732,    248.0799,     62.4323,      3.4953,      0.0510,      0.0190,     11.9990,      0.1517,      5.5722,     11.1445,      1.3407,     28.6401,     57.2802,      0.0192,      0.0028,      0.0519,      0.2026,   7738.2446,-449371.7500,   -916.2791,    547.9759,  25794.1504,
       1,     168,     206,      20,       1,       3,       1,     10.0000,      1.3985,     42.5732,    248.0799,     62.4323,      3.4953,      0.0277,     -0.0041,      5.9005,      0.1460,      5.5722,     11.1445,      1.2904,     28.6401,     57.2802,      0.0192,      0.0038,      0.0191,      0.2026,   7738.2456,-435846.5625,   -914.4589,    548.9038,  25794.1484,
       1,     168,     206,      21,       1,       3,       1,     10.0000,      1.3985,     42.5732,    248.0799,     62.4323,      3.4953,      0.0003,     -0.0314,      3.6007,      0.1437,      5.5722,     11.1445,      1.2697,     28.6401,     57.2802,      0.0192,      0.0028,      0.0156,      0.2027,   7738.2446,-427043.7500,   -913.5128,    549.5085,  25794.1504,
       1,     168,     206,      22,       1,       3,       1,     10.0000,      1.3985,     42.5732,    248.0799,     62.4323,      3.4953,      0.0000,     -0.0317,      2.0159,      0.1433,      5.5722,     11.1445,      1.2659,     28.6401,     57.2802,      0.0192,      0.0016,      0.0156,      0.2027,   7738.2456,-423405.2500,   -911.3413,    549.7589,  25794.1504,
       1,     168,     206,      23,       1,       3,       1,     10.0000,      1.3985,     42.5732,    248.0799,     62.4323,      3.4953,      0.0000,     -0.0315,      1.1462,      0.1386,      5.5722,     11.1445,      1.2243,     28.6401,     57.2802,      0.0192,      0.0009,      0.0156,      0.2027,   7738.2456,-421106.6562,   -910.7485,    549.9169,  25794.1484,
       1,     168,     206,      24,       1,       3,       1,     10.0000,      1.3985,     42.5732,    248.0799,     62.4323,      3.4953,      0.0000,     -0.0314,      0.5340,      0.1348,      5.5722,     11.1445,      1.1913,     28.6401,     57.2802,      0.0192,      0.0004,      0.0156,      0.2027,   7738.2446,-419819.5000,   -910.4144,    550.0054,  25794.1504,
       1,     168,     207,       1,       1,       3,       1,     10.0000,      1.3985,     42.5735,    248.0857,     62.4338,      3.4953,      0.0000,     -0.0314,      0.6050,      0.1370,      5.5729,     11.1458,      1.2108,     28.6366,     57.2732,      0.0192,      0.0005,      0.0156,      0.2027,   7738.2456,-419097.3438,   -910.5779,    550.0681,  25795.3066,
       1,     168,     207,       2,       1,       3,       1,     10.0000,      1.3985,     42.5735,    248.0857,     62.4338,      3.4953,      0.0000,     -0.0314,      0.5967,      0.1362,      5.5729,     11.1458,      1.2035,     28.6366,     57.2732,      0.0192,      0.0005,      0.0156,      0.2027,   7738.5923,-418971.1562,   -910.3416,    550.0767,  25795.3066,
       1,     168,     207,       3,       1,       3,       1,     10.0000,      1.3985,     42.5735,    248.0857,     62.4338,      3.4953,      0.0000,     -0.0312,      0.5538,      0.1296,      5.5729,     11.1458,      1.1451,     28.6366,     57.2732,      0.0192,      0.0004,      0.0156,      0.2027,   7738.5923,-418950.0000,   -910.3741,    550.0782,  25795.3066,
       1,     168,     207,       4,       1,       3,       1,     10.0000,      1.3985,     42.5735,    248.0857,     62.4338,      3.4953,      0.0000,     -0.0310,      0.3271,      0.1262,      5.5729,     11.1458,      1.1152,     28.6366,     57.2732,      0.0192,      0.0003,      0.0156,      0.2027,   7738.5923,-418894.4062,   -910.3983,    550.0821,  25795.3066,
       1,     168,     207,       5,       1,       3,       1,     10.0000,      1.3985,     42.5735,    248.0857,     62.4338,      3.4953,      0.0000,     -0.0311,      0.3961,      0.1291,      5.5729,     11.1458,      1.1404,     28.6366,     57.2732,      0.0192,      0.0003,      0.0156,      0.2027,   7738.5923,-418605.6562,   -910.3521,    550.1019,  25795.3086,
       1,     168,     207,       6,       1,       3,       1,     10.0000,      1.3985,     42.5735,    248.0857,     62.4338,      3.4953,      0.0000,     -0.0312,      0.5187,      0.1293,      5.5729,     11.1458,      1.1428,     28.6366,     57.2732,      0.0192,      0.0004,      0.0156,      0.2027,   7738.5928,-418667.0000,   -910.3704,    550.0977,  25795.3086,
       1,     168,     207,       7,       1,       3,       1,     10.0000,      1.3985,     42.5735,    248.0857,     62.4338,      3.4953,      0.0000,     -0.0312,      0.3404,      0.1317,      5.5729,     11.1458,      1.1638,     28.6366,     57.2732,      0.0192,      0.0003,      0.0156,      0.2027,   7738.5928,-418825.8438,   -910.1427,    550.0867,  25795.3066,
       1,     168,     207,       8,       1,       3,       1,     10.0000,      1.3985,     42.5735,    248.0857,     62.4338,      3.4953,      0.0059,     -0.0254,      0.3143,      0.1312,      5.5729,     11.1458,      1.1591,     28.6366,     57.2732,      0.0192,      0.0002,      0.0156,      0.2027,   7738.5923,-418616.4375,   -910.1102,    550.1012,  25795.3066,
       1,     168,     207,       9,       1,       3,       1,     10.0000,      1.3985,     42.5735,    248.0857,     62.4338,      3.4953,      0.0288,     -0.0025,      0.4479,      0.1331,      5.5729,     11.1458,      1.1757,     28.6366,     57.2732,      0.0192,      0.0003,      0.0219,      0.2027,   7738.5923,-418565.6875,   -910.1196,    550.1047,  25795.3047,
       1,     168,     207,      10,       1,       3,       1,     10.0000,      1.3985,     42.5735,    248.0857,     62.4338,      3.4953,      0.0283,     -0.0030,      0.4346,      0.1333,      5.5729,     11.1458,      1.1781,     28.6366,     57.2732,      0.0192,      0.0003,      0.0212,      0.2027,   7738.5918,-418728.9375,   -910.2260,    550.0934,  25795.3066,
       1,     168,     207,      11,       1,       3,       1,     10.0000,      1.3985,     42.5735,    248.0857,     62.4338,      3.4953,      0.0244,     -0.0067,      0.3118,      0.1293,      5.5729,     11.1458,      1.1428,     28.6366,     57.2732,      0.0192,      0.0002,      0.0157,      0.2027,   7738.5923,-418726.0625,   -910.1753,    550.0936,  25795.3047,
       1,     168,     207,      12,       1,       3,       1,     10.0000,      1.3985,     42.5735,    248.0857,     62.4338,      3.4953,      0.0362,      0.0050,      0.6644,      0.1325,      5.5729,     11.1458,      1.1710,     28.6366,     57.2732,      0.0192,      0.0003,      0.0326,      0.2027,   7738.5918,-418572.4062,   -910.2102,    550.1042,  25795.3047,
       1,     168,     207,      13,       1,       3,       1,     10.0000,      1.3985,     42.5735,    248.0857,     62.4338,      3.4953,      0.1316,      0.1001,      3.6384,      0.1384,      5.5729,     11.1458,      1.2231,     28.6366,     57.2732,      0.0192,      0.0003,      0.1698,      0.2027,   7738.5918,-419000.7188,   -910.4347,    550.0747,  25795.3066,
       1,     168,     207,      14,       1,       3,       1,     10.0000,      1.3985,     42.5735,    248.0857,     62.4338,      3.4953,      0.1871,      0.1550,      6.0538,      0.1540,      5.5729,     11.1458,      1.3611,     28.6366,     57.2732,      0.0192,      0.0003,      0.2500,      0.2027,   7738.5923,-422761.9062,   -911.7123,    549.8161,  25795.3066,
       1,     168,     207,      15,       1,       3,       1,     10.0000,      1.3985,     42.5735,    248.0857,     62.4338,      3.4953,      0.1871,      0.1547,      6.4564,      0.1629,      5.5729,     11.1458,      1.4398,     28.6366,     57.2732,      0.0192,      0.0003,      0.2500,      0.2027,   7738.5923,-426111.1250,   -913.5718,    549.5860,  25795.3066,
       1,     168,     207,      16,       1,       3,       1,     10.0000,      1.3985,     42.5735,    248.0857,     62.4338,      3.4953,      0.1870,      0.1544,      6.7827,      0.1701,      5.5729,     11.1458,      1.5030,     28.6366,     57.2732,      0.0192,      0.0003,      0.2500,      0.2027,   7738.5923,-426903.7812,   -914.8466,    549.5316,  25795.3066,
       1,     168,     207,      17,       1,       3,       1,     10.0000,      1.3985,     42.5735,    248.0857,     62.4338,      3.4953,      0.1744,      0.1417,      6.3933,      0.1727,      5.5729,     11.1458,      1.5257,     28.6366,     57.2732,      0.0192,      0.0003,      0.2316,      0.2027,   7738.5923,-427380.5938,   -916.0834,    549.4988,  25795.3066,
       1,     168,     207,      18,       1,       3,       1,     10.0000,      1.3985,     42.5735,    248.0857,     62.4338,      3.4953,      0.1547,      0.1219,      6.8590,      0.1786,      5.5729,     11.1458,      1.5782,     28.6366,     57.2732,      0.0192,      0.0004,      0.2030,      0.2027,   7738.5923,-426933.8125,   -916.8076,    549.5295,  25795.3086,
       1,     168,     207,      19,       1,       3,       1,     10.0000,      1.3985,     42.5735,    248.0857,     62.4338,      3.4953,      0.1074,      0.0747,     19.8698,      0.1739,      5.5729,     11.1458,      1.5364,     28.6366,     57.2732,      0.0192,      0.0018,      0.1326,      0.2027,   7738.5928,-427478.5938,   -917.4581,    549.4921,  25795.3047,
       1,     168,     207,      20,       1,       3,       1,     10.0000,      1.3985,     42.5735,    248.0857,     62.4338,      3.4953,      0.0251,     -0.0072,      2.7527,      0.1629,      5.5729,     11.1458,      1.4398,     28.6366,     57.2732,      0.0192,      0.0022,      0.0150,      0.2027,   7738.5918,-443822.5312,   -920.8601,    548.3694,  25795.3066,
       1,     168,     207,      21,       1,       3,       1,     10.0000,      1.3985,     42.5735,    248.0857,     62.4338,      3.4953,      0.0002,     -0.0319,      3.2746,      0.1539,      5.5729,     11.1458,      1.3598,     28.6366,     57.2732,      0.0192,      0.0026,      0.0156,      0.2027,   7738.5923,-423786.6875,   -917.5132,    549.7440,  25795.3047,
       1,     168,     207,      22,       1,       3,       1,     10.0000,      1.3985,     42.5735,    248.0857,     62.4338,      3.4953,      0.0000,     -0.0320,      3.3697,      0.1528,      5.5729,     11.1458,      1.3502,     28.6366,     57.2732,      0.0192,      0.0027,      0.0156,      0.2027,   7738.5918,-422720.9375,   -917.5775,    549.8190,  25795.3086,
       1,     168,     207,      23,       1,       3,       1,     10.0000,      1.3985,     42.5735,    248.0857,     62.4338,      3.4953,      0.0000,     -0.0321,      3.0648,      0.1543,      5.5729,     11.1458,      1.3639,     28.6366,     57.2732,      0.0192,      0.0024,      0.0156,      0.2027,   7738.5928,-422745.5938,   -917.8226,    549.8173,  25795.3047,
       1,     168,     207,      24,       1,       3,       1,     10.0000,      1.3985,     42.5735,    248.0857,     62.4338,      3.4953,      0.0000,     -0.0321,      2.7966,      0.1550,      5.5729,     11.1458,      1.3694,     28.6366,     57.2732,      0.0192,      0.0022,      0.0156,      0.2027,   7738.5918,-422366.4062,   -917.9487,    549.8434,  25795.3066,
       1,     168,     208,       1,       1,       3,       1,     10.0000,      1.3986,     42.5738,    248.0916,     62.4353,      3.4953,      0.0000,     -0.0321,      2.0771,      0.1542,      5.5724,     11.1449,      1.3625,     28.6288,     57.2576,      0.0192,      0.0016,      0.0156,      0.2027,   7738.5923,-422152.9375,   -918.3261,    549.8711,  25796.4609,
       1,     168,     208,       2,       1,       3,       1,     10.0000,      1.3986,     42.5738,    248.0916,     62.4353,      3.4953,      0.0000,     -0.0319,      1.1534,      0.1487,      5.5724,     11.1449,      1.3141,     28.6288,     57.2576,      0.0192,      0.0009,      0.0156,      0.2027,   7738.9385,-421080.8438,   -917.9848,    549.9448,  25796.4609,
       1,     168,     208,       3,       1,       3,       1,     10.0000,      1.3986,     42.5738,    248.0916,     62.4353,      3.4953,      0.0000,     -0.0319,      0.9794,      0.1493,      5.5724,     11.1449,      1.3194,     28.6288,     57.2576,      0.0192,      0.0008,      0.0156,      0.2027,   7738.9385,-419831.9062,   -917.8215,    550.0306,  25796.4609,
       1,     168,     208,       4,       1,       3,       1,     10.0000,      1.3986,     42.5738,    248.0916,     62.4353,      3.4953,      0.0000,     -0.0319,      0.9131,      0.1493,      5.5724,     11.1449,      1.3194,     28.6288,     57.2576,      0.0192,      0.0007,      0.0156,      0.2027,   7738.9385,-419506.4062,   -917.8098,    550.0530,  25796.4609,
       1,     168,     208,       5,       1,       3,       1,     10.0000,      1.3986,     42.5738,    248.0916,     62.4353,      3.4953,      0.0000,     -0.0317,      0.9275,      0.1449,      5.5724,     11.1449,      1.2801,     28.6288,     57.2576,      0.0192,      0.0007,      0.0156,      0.2027,   7738.9385,-419395.5000,   -915.9170,    550.0607,  25796.4609,
       1,     168,     208,       6,       1,       3,       1,     10.0000,      1.3986,     42.5738,    248.0916,     62.4353,      3.4953,      0.0000,     -0.0317,      0.8274,      0.1430,      5.5724,     11.1449,      1.2634,     28.6288,     57.2576,      0.0192,      0.0007,      0.0156,      0.2027,   7738.9385,-419403.8750,   -910.3060,    550.0601,  25796.4629,
       1,     168,     208,       7,       1,       3,       1,     10.0000,      1.3986,     42.5738,    248.0916,     62.4353,      3.4953,      0.0000,     -0.0317,      0.6273,      0.1440,      5.5724,     11.1449,      1.2723,     28.6288,     57.2576,      0.0192,      0.0005,      0.0156,      0.2027,   7738.9390,-419278.9375,   -910.3464,    550.0687,  25796.4609,
       1,     168,     208,       8,       1,       3,       1,     10.0000,      1.3986,     42.5738,    248.0916,     62.4353,      3.4953,      0.0104,     -0.0213,      0.5588,      0.1437,      5.5724,     11.1449,      1.2698,     28.6288,     57.2576,      0.0192,      0.0004,      0.0156,      0.2027,   7738.9385,-419017.8750,   -910.3432,    550.0865,  25796.4609,
       1,     168,     208,       9,       1,       3,       1,     10.0000,      1.3986,     42.5738,    248.0916,     62.4353,      3.4953,      0.1276,      0.0949,      7.2657,      0.1728,      5.5724,     11.1449,      1.5272,     28.6288,     57.2576,      0.0192,      0.0005,      0.1633,      0.2027,   7738.9385,-418909.7188,   -910.3832,    550.0940,  25796.4629,
       1,     168,     208,      10,       1,       3,       1,     10.0000,      1.3986,     42.5738,    248.0916,     62.4353,      3.4953,      0.1510,      0.1179,      6.7286,      0.1857,      5.5724,     11.1449,      1.6406,     28.6288,     57.2576,      0.0192,      0.0004,      0.1976,      0.2027,   7738.9390,-427298.7188,   -912.5933,    549.5172,  25796.4609,
       1,     168,     208,      11,       1,       3,       1,     10.0000,      1.3986,     42.5738,    248.0916,     62.4353,      3.4953,      0.1844,      0.1508,      8.2435,      0.2042,      5.5724,     11.1449,      1.8041,     28.6288,     57.2576,      0.0192,      0.0004,      0.2464,      0.2027,   7738.9385,-427349.5625,   -913.7018,    549.5140,  25796.4629,
       1,     168,     208,      12,       1,       3,       1,     10.0000,      1.3986,     42.5738,    248.0916,     62.4353,      3.4953,      0.1869,      0.1527,      9.8849,      0.2226,      5.5724,     11.1449,      1.9672,     28.6288,     57.2576,      0.0192,      0.0005,      0.2500,      0.2027,   7738.9390,-429250.3438,   -915.5225,    549.3834,  25796.4629,
       1,     168,     208,      13,       1,       3,       1,     10.0000,      1.3986,     42.5738,    248.0916,     62.4353,      3.4953,      0.1869,      0.1522,     10.8238,      0.2426,      5.5724,     11.1449,      2.1439,     28.6288,     57.2576,      0.0192,      0.0005,      0.2500,      0.2027,   7738.9390,-431469.6562,   -918.1616,    549.2310,  25796.4609,
       1,     168,     208,      14,       1,       3,       1,     10.0000,      1.3986,     42.5738,    248.0916,     62.4353,      3.4953,      0.1887,      0.1539,     33.5802,      0.2426,      5.5724,     11.1449,      2.1439,     28.6288,     57.2576,      0.0192,      0.0017,      0.2500,      0.2027,   7738.9385,-432837.0625,   -920.0610,    549.1372,  25796.4609,
       1,     168,     208,      15,       1,       3,       1,     10.0000,      1.3986,     42.5738,    248.0916,     62.4353,      3.4953,      0.1896,      0.1550,     45.6707,      0.2393,      5.5724,     11.1449,      2.1148,     28.6288,     57.2576,      0.0192,      0.0022,      0.2500,      0.2027,   7738.9385,-461456.6875,   -926.5320,    547.1727,  25796.4609,
       1,     168,     208,      16,       1,       3,       1,     10.0000,      1.3986,     42.5738,    248.0916,     62.4353,      3.4953,      0.1913,      0.1568,     67.4050,      0.2349,      5.5724,     11.1449,      2.0760,     28.6288,     57.2576,      0.0192,      0.0033,      0.2500,      0.2027,   7738.9385,-479077.4062,   -930.7855,    545.9710,  25796.4609,
       1,     168,     208,      17,       1,       3,       1,     10.0000,      1.3986,     42.5738,    248.0916,     62.4353,      3.4953,      0.1814,      0.1472,     89.1990,      0.2257,      5.5724,     11.1449,      1.9944,     28.6288,     57.2576,      0.0192,      0.0047,      0.2328,      0.2027,   7738.9385,-507830.8125,   -937.1597,    544.0100,  25796.4609,
       1,     168,     208,      18,       1,       3,       1,     10.0000,      1.3986,     42.5738,    248.0916,     62.4353,      3.4953,      0.1564,      0.1225,    101.2031,      0.2124,      5.5724,     11.1449,      1.8766,     28.6288,     57.2576,      0.0192,      0.0064,      0.1947,      0.2026,   7738.9385,-537634.8125,   -943.7079,    541.9868,  25796.4609,
       1,     168,     208,      19,       1,       3,       1,     10.0000,      1.3986,     42.5738,    248.0916,     62.4353,      3.4953,      0.0865,      0.0529,     44.4656,      0.1994,      5.5724,     11.1449,      1.7619,     28.6288,     57.2576,      0.0192,      0.0055,      0.0987,      0.2026,   7738.9385,-555257.0000,   -948.0058,    540.7968,  25796.4629,
       1,     168,     208,      20,       1,       3,       1,     10.0000,      1.3986,     42.5738,    248.0916,     62.4353,      3.4953,      0.0144,     -0.0187,      7.2124,      0.1853,      5.5724,     11.1449,      1.6374,     28.6288,     57.2576,      0.0192,      0.0057,      0.0156,      0.2026,   7738.9390,-485566.7500,   -935.6413,    545.5090,  25796.4609,
       1,     168,     208,      21,       1,       3,       1,     10.0000,      1.3986,     42.5738,    248.0916,     62.4353,      3.4953,      0.0001,     -0.0328,      6.5564,      0.1775,      5.5724,     11.1449,      1.5689,     28.6288,     57.2576,      0.0192,      0.0052,      0.0156,      0.2027,   7738.9385,-432964.1250,   -926.1172,    549.1165,  25796.4609,
       1,     168,     208,      22,       1,       3,       1,     10.0000,      1.3986,     42.5738,    248.0916,     62.4353,      3.4953,      0.0000,     -0.0328,      5.6730,      0.1751,      5.5724,     11.1449,      1.5472,     28.6288,     57.2576,      0.0192,      0.0045,      0.0156,      0.2027,   7738.9385,-427635.7500,   -925.3065,    549.4943,  25796.4629,
       1,     168,     208,      23,       1,       3,       1,     10.0000,      1.3986,     42.5738,    248.0916,     62.4353,      3.4953,      0.0000,     -0.0328,      4.9918,      0.1749,      5.5724,     11.1449,      1.5456,     28.6288,     57.2576,      0.0192,      0.0039,      0.0156,      0.2027,   7738.9390,-426055.8125,   -925.1539,    549.6028,  25796.4609,
       1,     168,     208,      24,       1,       3,       1,     10.0000,      1.3986,     42.5738,    248.0916,     62.4353,      3.4953,      0.0000,     -0.0326,      3.8481,      0.1701,      5.5724,     11.1449,      1.5030,     28.6288,     57.2576,      0.0192,      0.0030,      0.0156,      0.2027,   7738.9385,-425067.0312,   -925.0850,    549.6708,  25796.4629,
       1,     168,     209,       1,       1,       3,       1,     10.0000,      1.3986,     42.5742,    248.0974,     62.4367,      3.4953,      0.0000,     -0.0326,      2.8220,      0.1699,      5.5720,     11.1440,      1.5016,     28.6347,     57.2694,      0.0192,      0.0022,      0.0156,      0.2027,   7738.9390,-423704.1250,   -925.1808,    549.7773,  25797.6152,
       1,     168,     209,       2,       1,       3,       1,     10.0000,      1.3986,     42.5742,    248.0974,     62.4367,      3.4953,      0.0000,     -0.0325,      2.2612,      0.1677,      5.5720,     11.1440,      1.4822,     28.6347,     57.2694,      0.0192,      0.0018,      0.0156,      0.2027,   7739.2847,-422149.6250,   -924.6727,    549.8842,  25797.6152,
       1,     168,     209,       3,       1,       3,       1,     10.0000,      1.3986,     42.5742,    248.0974,     62.4367,      3.4953,      0.0000,     -0.0323,      1.9309,      0.1602,      5.5720,     11.1440,      1.4155,     28.6347,     57.2694,      0.0192,      0.0015,      0.0156,      0.2027,   7739.2847,-421313.5312,   -924.5541,    549.9417,  25797.6152,
       1,     168,     209,       4,       1,       3,       1,     10.0000,      1.3986,     42.5742,    248.0974,     62.4367,      3.4953,      0.0000,     -0.0320,      1.9017,      0.1520,      5.5720,     11.1440,      1.3435,     28.6347,     57.2694,      0.0192,      0.0015,      0.0156,      0.2027,   7739.2847,-420828.0312,   -924.4957,    549.9750,  25797.6152,
       1,     168,     209,       5,       1,       3,       1,     10.0000,      1.3986,     42.5742,    248.0974,     62.4367,      3.4953,      0.0000,     -0.0321,      1.8042,      0.1545,      5.5720,     11.1440,      1.3653,     28.6347,     57.2694,      0.0192,      0.0014,      0.0156,      0.2027,   7739.2847,-420749.7500,   -924.5131,    549.9805,  25797.6152,
       1,     168,     209,       6,       1,       3,       1,     10.0000,      1.3986,     42.5742,    248.0974,     62.4367,      3.4953,      0.0000,     -0.0320,      1.6779,      0.1522,      5.5720,     11.1440,      1.3449,     28.6347,     57.2694,      0.0192,      0.0013,      0.0156,      0.2027,   7739.2847,-420620.8438,   -924.5186,    549.9893,  25797.6172,
       1,     168,     209,       7,       1,       3,       1,     10.0000,      1.3986,     42.5742,    248.0974,     62.4367,      3.4953,      0.0000,     -0.0317,      1.4170,      0.1441,      5.5720,     11.1440,      1.2736,     28.6347,     57.2694,      0.0192,      0.0011,      0.0156,      0.2027,   7739.2856,-420451.4688,   -924.5114,    550.0009,  25797.6152,
       1,     168,     209,       8,       1,       3,       1,     10.0000,      1.3986,     42.5742,    248.0974,     62.4367,      3.4953,      0.0174,     -0.0142,      0.2974,      0.1436,      5.5720,     11.1440,      1.2685,     28.6347,     57.2694,      0.0192,      0.0007,      0.0050,      0.2027,   7739.2847,-420110.4375,   -924.4672,    550.0244,  25797.6152,
       1,     168,     209,       9,       1,       3,       1,     10.0000,      1.3986,     42.5742,    248.0974,     62.4367,      3.4953,      0.1061,      0.0739,      5.1948,      0.1589,      5.5720,     11.1440,      1.4042,     28.6347,     57.2694,      0.0192,      0.0005,      0.1325,      0.2028,   7739.2847,-418679.1562,   -924.2121,    550.1228,  25797.6152,
       1,     168,     209,      10,       1,       3,       1,     10.0000,      1.3986,     42.5742,    248.0974,     62.4367,      3.4953,      0.1471,      0.1141,     12.4975,      0.1813,      5.5720,     11.1440,      1.6020,     28.6347,     57.2694,      0.0192,      0.0008,      0.1912,      0.2028,   7739.2847,-424687.9375,   -925.4012,    549.7097,  25797.6152,
       1,     168,     209,      11,       1,       3,       1,     10.0000,      1.3986,     42.5742,    248.0974,     62.4367,      3.4953,      0.1815,      0.1476,     17.1511,      0.2109,      5.5720,     11.1440,      1.8638,     28.6347,     57.2694,      0.0192,      0.0009,      0.2411,      0.2027,   7739.2847,-434349.9688,   -927.3342,    549.0458,  25797.6152,
       1,     168,     209,      12,       1,       3,       1,     10.0000,      1.3986,     42.5742,    248.0974,     62.4367,      3.4953,      0.1871,      0.1529,     11.8838,      0.2228,      5.5720,     11.1440,      1.9692,     28.6347,     57.2694,      0.0192,      0.0006,      0.2500,      0.2027,   7739.2847,-441010.3125,   -928.7938,    548.5891,  25797.6152,
       1,     168,     209,      13,       1,       3,       1,     10.0000,      1.3986,     42.5742,    248.0974,     62.4367,      3.4953,      0.1870,      0.1522,     12.2998,      0.2460,      5.5720,     11.1440,      2.1734,     28.6347,     57.2694,      0.0192,      0.0006,      0.2500,      0.2027,   7739.2847,-434986.0938,   -927.8013,    549.0024,  25797.6152,
       1,     168,     209,      14,       1,       3,       1,     10.0000,      1.3986,     42.5742,    248.0974,     62.4367,      3.4953,      0.1498,      0.1165,     15.0677,      0.1917,      5.5720,     11.1440,      1.6936,     28.6347,     57.2694,      0.0192,      0.0010,      0.1948,      0.2027,   7739.2847,-434989.1562,   -927.8782,    549.0024,  25797.6172,
       1,     168,     209,      15,       1,       3,       1,     10.0000,      1.3986,     42.5742,    248.0974,     62.4367,      3.4953,      0.0316,      0.0005,      2.5806,      0.1280,      5.5720,     11.1440,      1.1312,     28.6347,     57.2694,      0.0192,      0.0012,      0.0259,      0.2027,   7739.2856,-438455.4688,   -914.1791,    548.7645,  25797.6152,
       1,     168,     209,      16,       1,       3,       1,     10.0000,      1.3986,     42.5742,    248.0974,     62.4367,      3.4953,      0.0435,      0.0123,     10.2632,      0.1305,      5.5720,     11.1440,      1.1533,     28.6347,     57.2694,      0.0192,      0.0030,      0.0421,      0.2027,   7739.2847,-423114.5938,   -911.7329,    549.8169,  25797.6152,
       1,     168,     209,      17,       1,       3,       1,     10.0000,      1.3986,     42.5742,    248.0974,     62.4367,      3.4953,      0.1047,      0.0730,     44.8097,      0.1457,      5.5720,     11.1440,      1.2879,     28.6347,     57.2694,      0.0192,      0.0044,      0.1262,      0.2027,   7739.2847,-431417.6875,   -913.8237,    549.2472,  25797.6152,
       1,     168,     209,      18,       1,       3,       1,     10.0000,      1.3986,     42.5742,    248.0974,     62.4367,      3.4953,      0.1331,      0.1006,     69.7431,      0.1669,      5.5720,     11.1440,      1.4748,     28.6347,     57.2694,      0.0192,      0.0052,      0.1643,      0.2027,   7739.2847,-475395.0000,   -922.7020,    546.2282,  25797.6172,
       1,     168,     209,      19,       1,       3,       1,     10.0000,      1.3986,     42.5742,    248.0974,     62.4367,      3.4953,      0.0871,      0.0542,     25.0050,      0.1779,      5.5720,     11.1440,      1.5720,     28.6347,     57.2694,      0.0192,      0.0030,      0.1022,      0.2027,   7739.2856,-510443.8750,   -930.4595,    543.8435,  25797.6133,
       1,     168,     209,      20,       1,       3,       1,     10.0000,      1.3986,     42.5742,    248.0974,     62.4367,      3.4953,      0.0125,     -0.0202,      1.5899,      0.1734,      5.5720,     11.1440,      1.5318,     28.6347,     57.2694,      0.0192,      0.0013,      0.0156,      0.2027,   7739.2842,-457363.3750,   -921.6891,    547.4570,  25797.6133,
       1,     168,     209,      21,       1,       3,       1,     10.0000,      1.3986,     42.5742,    248.0974,     62.4367,      3.4953,      0.0000,     -0.0326,      0.8145,      0.1720,      5.5720,     11.1440,      1.5197,     28.6347,     57.2694,      0.0192,      0.0006,      0.0156,      0.2027,   7739.2842,-423507.1562,   -915.7911,    549.7859,  25797.6152,
       1,     168,     209,      22,       1,       3,       1,     10.0000,      1.3986,     42.5742,    248.0974,     62.4367,      3.4953,      0.0000,     -0.0327,      1.2177,      0.1715,      5.5720,     11.1440,      1.5151,     28.6347,     57.2694,      0.0192,      0.0010,      0.0156,      0.2027,   7739.2847,-419625.1250,   -915.1419,    550.0577,  25797.6152,
       1,     168,     209,      23,       1,       3,       1,     10.0000,      1.3986,     42.5742,    248.0974,     62.4367,      3.4953,      0.0000,     -0.0326,      1.7551,      0.1687,      5.5720,     11.1440,      1.4911,     28.6347,     57.2694,      0.0192,      0.0014,      0.0156,      0.2028,   7739.2847,-419789.8125,   -915.2627,    550.0464,  25797.6152,
       1,     168,     209,      24,       1,       3,       1,     10.0000,      1.3986,     42.5742,    248.0974,     62.4367,      3.4953,      0.0000,     -0.0325,      2.1172,      0.1659,      5.5720,     11.1440,      1.4660,     28.6347,     57.2694,      0.0192,      0.0017,      0.0156,      0.2028,   7739.2847,-420476.7188,   -915.5372,    549.9992,  25797.6152,
       1,     168,     210,       1,       1,       3,       1,     10.0000,      1.3986,     42.5745,    248.1033,     62.4382,      3.4953,      0.0000,     -0.0325,      2.1034,      0.1669,      5.5728,     11.1457,      1.4749,     28.6293,     57.2586,      0.0192,      0.0017,      0.0156,      0.2028,   7739.2847,-421145.0000,   -916.1064,    549.9662,  25798.7734,
       1,     168,     210,       2,       1,       3,       1,     10.0000,      1.3986,     42.5745,    248.1033,     62.4382,      3.4953,      0.0000,     -0.0325,      2.0298,      0.1659,      5.5728,     11.1457,      1.4660,     28.6293,     57.2586,      0.0192,      0.0016,      0.0156,      0.2028,   7739.6323,-421032.3125,   -916.0145,    549.9740,  25798.7715,
       1,     168,     210,       3,       1,       3,       1,     10.0000,      1.3986,     42.5745,    248.1033,     62.4382,      3.4953,      0.0000,     -0.0325,      1.9522,      0.1661,      5.5728,     11.1457,      1.4675,     28.6293,     57.2586,      0.0192,      0.0015,      0.0156,      0.2028,   7739.6318,-420930.5625,   -916.1740,    549.9810,  25798.7715,
       1,     168,     210,       4,       1,       3,       1,     10.0000,      1.3986,     42.5745,    248.1033,     62.4382,      3.4953,      0.0000,     -0.0322,      1.5700,      0.1576,      5.5728,     11.1457,      1.3930,     28.6293,     57.2586,      0.0192,      0.0012,      0.0156,      0.2028,   7739.6318,-420824.6875,   -916.3251,    549.9883,  25798.7734,
       1,     168,     210,       5,       1,       3,       1,     10.0000,      1.3986,     42.5745,    248.1033,     62.4382,      3.4953,      0.0000,     -0.0319,      1.2634,      0.1502,      5.5728,     11.1457,      1.3274,     28.6293,     57.2586,      0.0192,      0.0010,      0.0156,      0.2028,   7739.6323,-420336.8438,   -916.3372,    550.0218,  25798.7734,
       1,     168,     210,       6,       1,       3,       1,     10.0000,      1.3986,     42.5745,    248.1033,     62.4382,      3.4953,      0.0000,     -0.0318,      1.2120,      0.1471,      5.5728,     11.1457,      1.2996,     28.6293,     57.2586,      0.0192,      0.0010,      0.0156,      0.2028,   7739.6323,-419911.0938,   -916.3341,    550.0511,  25798.7734,
       1,     168,     210,       7,       1,       3,       1,     10.0000,      1.3986,     42.5745,    248.1033,     62.4382,      3.4953,      0.0000,     -0.0316,      0.9988,      0.1413,      5.5728,     11.1457,      1.2482,     28.6293,     57.2586,      0.0192,      0.0008,      0.0156,      0.2028,   7739.6323,-419810.0312,   -916.3997,    550.0580,  25798.7754,
       1,     168,     210,       8,       1,       3,       1,     10.0000,      1.3986,     42.5745,    248.1033,     62.4382,      3.4953,      0.0046,     -0.0271,      1.0584,      0.1423,      5.5728,     11.1457,      1.2571,     28.6293,     57.2586,      0.0192,      0.0008,      0.0156,      0.2028,   7739.6328,-419534.2812,   -916.3862,    550.0770,  25798.7715,
       1,     168,     210,       9,       1,       3,       1,     10.0000,      1.3986,     42.5745,    248.1033,     62.4382,      3.4953,      0.0735,      0.0418,      3.1038,      0.1453,      5.5728,     11.1457,      1.2840,     28.6293,     57.2586,      0.0192,      0.0004,      0.0858,      0.2028,   7739.6318,-419585.5312,   -916.4766,    550.0735,  25798.7754,
       1,     168,     210,      10,       1,       3,       1,     10.0000,      1.3986,     42.5745,    248.1033,     62.4382,      3.4953,      0.1659,      0.1331,      6.1422,      0.1749,      5.5728,     11.1457,      1.5457,     28.6293,     57.2586,      0.0192,      0.0003,      0.2192,      0.2028,   7739.6328,-422150.1562,   -917.1010,    549.8971,  25798.7715,
       1,     168,     210,      11,       1,       3,       1,     10.0000,      1.3986,     42.5745,    248.1033,     62.4382,      3.4953,      0.1660,      0.1327,      6.8769,      0.1928,      5.5728,     11.1457,      1.7037,     28.6293,     57.2586,      0.0192,      0.0004,      0.2195,      0.2028,   7739.6318,-426175.5312,   -918.3651,    549.6204,  25798.7734,
       1,     168,     210,      12,       1,       3,       1,     10.0000,      1.3986,     42.5745,    248.1033,     62.4382,      3.4953,      0.1604,      0.1271,      6.6507,      0.1936,      5.5728,     11.1457,      1.7105,     28.6293,     57.2586,      0.0192,      0.0004,      0.2113,      0.2028,   7739.6323,-427441.8750,   -919.2181,    549.5335,  25798.7754,
       1,     168,     210,      13,       1,       3,       1,     10.0000,      1.3986,     42.5745,    248.1033,     62.4382,      3.4953,      0.1869,      0.1530,      8.7433,      0.2122,      5.5728,     11.1457,      1.8749,     28.6293,     57.2586,      0.0192,      0.0004,      0.2500,      0.2028,   7739.6328,-427267.2812,   -919.7676,    549.5455,  25798.7715,
       1,     168,     210,      14,       1,       3,       1,     10.0000,      1.3986,     42.5745,    248.1033,     62.4382,      3.4953,      0.1870,      0.1530,      9.6092,      0.2149,      5.5728,     11.1457,      1.8990,     28.6293,     57.2586,      0.0192,      0.0005,      0.2500,      0.2028,   7739.6318,-429872.8125,   -921.1557,    549.3665,  25798.7715,
       1,     168,     210,      15,       1,       3,       1,     10.0000,      1.3986,     42.5745,    248.1033,     62.4382,      3.4953,      0.1892,      0.1552,     37.3529,      0.2147,      5.5728,     11.1457,      1.8971,     28.6293,     57.2586,      0.0192,      0.0018,      0.2500,      0.2028,   7739.6318,-431181.2188,   -922.1692,    549.2767,  25798.7754,
       1,     168,     210,      16,       1,       3,       1,     10.0000,      1.3986,     42.5745,    248.1033,     62.4382,      3.4953,      0.1858,      0.1522,     55.3642,      0.2030,      5.5728,     11.1457,      1.7936,     28.6293,     57.2586,      0.0192,      0.0028,      0.2429,      0.2028,   7739.6328,-466032.9375,   -929.5576,    546.8838,  25798.7734,
       1,     168,     210,      17,       1,       3,       1,     10.0000,      1.3986,     42.5745,    248.1033,     62.4382,      3.4953,      0.1471,      0.1143,     39.6478,      0.1761,      5.5728,     11.1457,      1.5565,     28.6293,     57.2586,      0.0192,      0.0026,      0.1881,      0.2027,   7739.6323,-491608.9688,   -935.0998,    545.1406,  25798.7754,
       1,     168,     210,      18,       1,       3,       1,     10.0000,      1.3986,     42.5745,    248.1033,     62.4382,      3.4953,      0.1580,      0.1250,     59.6456,      0.1822,      5.5728,     11.1457,      1.6101,     28.6293,     57.2586,      0.0192,      0.0036,      0.2017,      0.2027,   7739.6328,-474108.5312,   -932.3945,    546.3359,  25798.7734,
       1,     168,     210,      19,       1,       3,       1,     10.0000,      1.3986,     42.5745,    248.1033,     62.4382,      3.4953,      0.1142,      0.0814,     43.1330,      0.1767,      5.5728,     11.1457,      1.5612,     28.6293,     57.2586,      0.0192,      0.0038,      0.1397,      0.2027,   7739.6323,-497664.4062,   -937.4218,    544.7286,  25798.7754,
       1,     168,     210,      20,       1,       3,       1,     10.0000,      1.3986,     42.5745,    248.1033,     62.4382,      3.4953,      0.0320,     -0.0004,      7.7845,      0.1644,      5.5728,     11.1457,      1.4529,     28.6293,     57.2586,      0.0192,      0.0039,      0.0244,      0.2027,   7739.6328,-478993.7812,   -934.4296,    546.0023,  25798.7734,
       1,     168,     210,      21,       1,       3,       1,     10.0000,      1.3986,     42.5745,    248.1033,     62.4382,      3.4953,      0.0001,     -0.0321,      4.3829,      0.1576,      5.5728,     11.1457,      1.3930,     28.6293,     57.2586,      0.0192,      0.0035,      0.0156,      0.2027,   7739.6323,-433100.6875,   -925.2527,    549.1359,  25798.7734,
       1,     168,     210,      22,       1,       3,       1,     10.0000,      1.3986,     42.5745,    248.1033,     62.4382,      3.4953,      0.0000,     -0.0321,      2.9793,      0.1559,      5.5728,     11.1457,      1.3777,     28.6293,     57.2586,      0.0192,      0.0023,      0.0156,      0.2028,   7739.6323,-424925.7188,   -923.8889,    549.7061,  25798.7715,
       1,     168,     210,      23,       1,       3,       1,     10.0000,      1.3986,     42.5745,    248.1033,     62.4382,      3.4953,      0.0000,     -0.0321,      3.6484,      0.1558,      5.5728,     11.1457,      1.3763,     28.6293,     57.2586,      0.0192,      0.0029,      0.0156,      0.2028,   7739.6318,-422454.7812,   -923.5078,    549.8762,  25798.7734,
       1,     168,     210,      24,       1,       3,       1,     10.0000,      1.3986,     42.5745,    248.1033,     62.4382,      3.4953,      0.0000,     -0.0321,      3.5770,      0.1561,      5.5728,     11.1457,      1.3791,     28.6293,     57.2586,      0.0192,      0.0028,      0.0156,      0.2028,   7739.6323,-423079.3438,   -923.7278,    549.8333,  25798.7715,
       1,     168,     211,       1,       1,       3,       1,     10.0000,      1.3986,     42.5748,    248.1091,     62.4397,      3.4953,      0.0000,     -0.0320,      2.8807,      0.1524,      5.5721,     11.1443,      1.3463,     28.6333,     57.2665,      0.0192,      0.0023,      0.0156,      0.2028,   7739.6318,-423199.1562,   -924.1229,    549.8380,  25799.9316,
       1,     168,     211,       2,       1,       3,       1,     10.0000,      1.3986,     42.5748,    248.1091,     62.4397,      3.4953,      0.0000,     -0.0318,      2.2829,      0.1465,      5.5721,     11.1443,      1.2944,     28.6333,     57.2665,      0.0192,      0.0018,      0.0156,      0.2028,   7739.9800,-422184.5938,   -923.7623,    549.9078,  25799.9297,
       1,     168,     211,       3,       1,       3,       1,     10.0000,      1.3986,     42.5748,    248.1091,     62.4397,      3.4953,      0.0000,     -0.0318,      1.8622,      0.1475,      5.5721,     11.1443,      1.3036,     28.6333,     57.2665,      0.0192,      0.0015,      0.0156,      0.2028,   7739.9790,-421349.0625,   -923.6661,    549.9652,  25799.9277,
       1,     168,     211,       4,       1,       3,       1,     10.0000,      1.3986,     42.5748,    248.1091,     62.4397,      3.4953,      0.0000,     -0.0318,      1.9615,      0.1455,      5.5721,     11.1443,      1.2853,     28.6333,     57.2665,      0.0192,      0.0015,      0.0156,      0.2028,   7739.9785,-420750.6562,   -923.6075,    550.0063,  25799.9297,
       1,     168,     211,       5,       1,       3,       1,     10.0000,      1.3986,     42.5748,    248.1091,     62.4397,      3.4953,      0.0000,     -0.0317,      2.2093,      0.1444,      5.5721,     11.1443,      1.2763,     28.6333,     57.2665,      0.0192,      0.0017,      0.0156,      0.2028,   7739.9790,-420823.2500,   -923.6785,    550.0013,  25799.9297,
       1,     168,     211,       6,       1,       3,       1,     10.0000,      1.3986,     42.5748,    248.1091,     62.4397,      3.4953,      0.0000,     -0.0318,      1.7053,      0.1460,      5.5721,     11.1443,      1.2905,     28.6333,     57.2665,      0.0192,      0.0013,      0.0156,      0.2028,   7739.9790,-421139.7812,   -923.8000,    549.9796,  25799.9316,
       1,     168,     211,       7,       1,       3,       1,     10.0000,      1.3986,     42.5748,    248.1091,     62.4397,      3.4953,      0.0000,     -0.0318,      1.1744,      0.1469,      5.5721,     11.1443,      1.2984,     28.6333,     57.2665,      0.0192,      0.0009,      0.0156,      0.2028,   7739.9800,-420535.9375,   -923.7325,    550.0211,  25799.9297,
       1,     168,     211,       8,       1,       3,       1,     10.0000,      1.3986,     42.5748,    248.1091,     62.4397,      3.4953,      0.0140,     -0.0179,      1.0605,      0.1472,      5.5721,     11.1443,      1.3010,     28.6333,     57.2665,      0.0192,      0.0008,      0.0156,      0.2028,   7739.9790,-419819.5312,   -923.6272,    550.0703,  25799.9297,
       1,     168,     211,       9,       1,       3,       1,     10.0000,      1.3986,     42.5748,    248.1091,     62.4397,      3.4953,      0.0881,      0.0559,      7.4427,      0.1572,      5.5721,     11.1443,      1.3889,     28.6333,     57.2665,      0.0192,      0.0009,      0.1061,      0.2028,   7739.9790,-419615.3438,   -923.6221,    550.0844,  25799.9297,
       1,     168,     211,      10,       1,       3,       1,     10.0000,      1.3986,     42.5748,    248.1091,     62.4397,      3.4953,      0.1541,      0.1212,     11.0472,      0.1795,      5.5721,     11.1443,      1.5863,     28.6333,     57.2665,      0.0192,      0.0007,      0.2016,      0.2028,   7739.9790,-427586.9375,   -925.2312,    549.5363,  25799.9297,
       1,     168,     211,      11,       1,       3,       1,     10.0000,      1.3986,     42.5748,    248.1091,     62.4397,      3.4953,      0.1421,      0.1090,      8.7572,      0.1831,      5.5721,     11.1443,      1.6181,     28.6333,     57.2665,      0.0192,      0.0006,      0.1842,      0.2028,   7739.9790,-432786.4375,   -926.4322,    549.1794,  25799.9297,
       1,     168,     211,      12,       1,       3,       1,     10.0000,      1.3986,     42.5748,    248.1091,     62.4397,      3.4953,      0.1768,      0.1435,      8.9301,      0.1926,      5.5721,     11.1443,      1.7021,     28.6333,     57.2665,      0.0192,      0.0005,      0.2350,      0.2028,   7739.9790,-430366.5625,   -926.1760,    549.3456,  25799.9297,
       1,     168,     211,      13,       1,       3,       1,     10.0000,      1.3986,     42.5748,    248.1091,     62.4397,      3.4953,      0.1871,      0.1531,     11.1728,      0.2166,      5.5721,     11.1443,      1.9140,     28.6333,     57.2665,      0.0192,      0.0005,      0.2500,      0.2028,   7739.9790,-430374.7188,   -920.0333,    549.3450,  25799.9297,
       1,     168,     211,      14,       1,       3,       1,     10.0000,      1.3986,     42.5748,    248.1091,     62.4397,      3.4953,      0.0772,      0.0450,      6.0318,      0.1573,      5.5721,     11.1443,      1.3903,     28.6333,     57.2665,      0.0192,      0.0008,      0.0905,      0.2028,   7739.9790,-433183.3438,   -914.7981,    549.1522,  25799.9297,
       1,     168,     211,      15,       1,       3,       1,     10.0000,      1.3986,     42.5748,    248.1091,     62.4397,      3.4953,      0.0935,      0.0620,     15.2359,      0.1405,      5.5721,     11.1443,      1.2419,     28.6333,     57.2665,      0.0192,      0.0016,      0.1135,      0.2028,   7739.9790,-426988.3125,   -911.8752,    549.5775,  25799.9277,
       1,     168,     211,      16,       1,       3,       1,     10.0000,      1.3986,     42.5748,    248.1091,     62.4397,      3.4953,      0.1737,      0.1413,     37.7490,      0.1644,      5.5721,     11.1443,      1.4529,     28.6333,     57.2665,      0.0192,      0.0020,      0.2269,      0.2028,   7739.9785,-437978.9375,   -914.4044,    548.8226,  25799.9297,
       1,     168,     211,      17,       1,       3,       1,     10.0000,      1.3986,     42.5748,    248.1091,     62.4397,      3.4953,      0.1859,      0.1525,     52.6510,      0.1945,      5.5721,     11.1443,      1.7190,     28.6333,     57.2665,      0.0192,      0.0027,      0.2433,      0.2028,   7739.9790,-467114.8438,   -921.0089,    546.8243,  25799.9297,
       1,     168,     211,      18,       1,       3,       1,     10.0000,      1.3986,     42.5748,    248.1091,     62.4397,      3.4953,      0.1564,      0.1231,     59.6828,      0.1898,      5.5721,     11.1443,      1.6770,     28.6333,     57.2665,      0.0192,      0.0037,      0.1993,      0.2028,   7739.9790,-488295.8438,   -926.5633,    545.3802,  25799.9277,
       1,     168,     211,      19,       1,       3,       1,     10.0000,      1.3986,     42.5748,    248.1091,     62.4397,      3.4953,      0.1174,      0.0843,     10.0247,      0.1828,      5.5721,     11.1443,      1.6149,     28.6333,     57.2665,      0.0192,      0.0008,      0.1480,      0.2027,   7739.9785,-498926.3750,   -929.7722,    544.6573,  25799.9297,
       1,     168,     211,      20,       1,       3,       1,     10.0000,      1.3986,     42.5748,    248.1091,     62.4397,      3.4953,      0.0226,     -0.0101,      0.4328,      0.1706,      5.5721,     11.1443,      1.5077,     28.6333,     57.2665,      0.0192,      0.0005,      0.0113,      0.2027,   7739.9790,-437600.9375,   -919.1478,    548.8331,  25799.9297,
       1,     168,     211,      21,       1,       3,       1,     10.0000,      1.3986,     42.5748,    248.1091,     62.4397,      3.4953,      0.0001,     -0.0324,      1.0967,      0.1654,      5.5721,     11.1443,      1.4617,     28.6333,     57.2665,      0.0192,      0.0009,      0.0156,      0.2028,   7739.9790,-420376.8750,   -916.1146,    550.0307,  25799.9297,
       1,     168,     211,      22,       1,       3,       1,     10.0000,      1.3986,     42.5748,    248.1091,     62.4397,      3.4953,      0.0000,     -0.0323,      2.4948,      0.1618,      5.5721,     11.1443,      1.4298,     28.6333,     57.2665,      0.0192,      0.0020,      0.0156,      0.2028,   7739.9790,-419710.2500,   -916.0645,    550.0778,  25799.9297,
       1,     168,     211,      23,       1,       3,       1,     10.0000,      1.3986,     42.5748,    248.1091,     62.4397,      3.4953,      0.0000,     -0.0322,      2.7549,      0.1576,      5.5721,     11.1443,      1.3931,     28.6333,     57.2665,      0.0192,      0.0022,      0.0156,      0.2028,   7739.9790,-421401.3438,   -916.5702,    549.9616,  25799.9297,
       1,     168,     211,      24,       1,       3,       1,     10.0000,      1.3986,     42.5748,    248.1091,     62.4397,      3.4953,      0.0000,     -0.0321,      2.4090,      0.1554,      5.5721,     11.1443,      1.3736,     28.6333,     57.2665,      0.0192,      0.0019,      0.0156,      0.2028,   7739.9790,-421872.5000,   -916.8889,    549.9292,  25799.9297,
       1,     168,     212,       1,       1,       3,       1,     10.0000,      1.3986,     42.5752,    248.1149,     62.4412,      3.4953,      0.0000,     -0.0320,      1.7688,      0.1528,      5.5730,     11.1460,      1.3504,     28.6329,     57.2658,      0.0192,      0.0014,      0.0156,      0.2028,   7739.9790,-421635.3438,   -917.2588,    549.9585,  25801.0859,
       1,     168,     212,       2,       1,       3,       1,     10.0000,      1.3986,     42.5752,    248.1149,     62.4412,      3.4953,      0.0000,     -0.0321,      1.5870,      0.1562,      5.5730,     11.1460,      1.3806,     28.6329,     57.2658,      0.0192,      0.0013,      0.0156,      0.2028,   7740.3262,-420660.9062,   -916.9236,    550.0255,  25801.0859,
       1,     168,     212,       3,       1,       3,       1,     10.0000,      1.3986,     42.5752,    248.1149,     62.4412,      3.4953,      0.0000,     -0.0320,      1.4011,      0.1533,      5.5730,     11.1460,      1.3545,     28.6329,     57.2658,      0.0192,      0.0011,      0.0156,      0.2028,   7740.3262,-420349.5938,   -916.9846,    550.0469,  25801.0840,
       1,     168,     212,       4,       1,       3,       1,     10.0000,      1.3986,     42.5752,    248.1149,     62.4412,      3.4953,      0.0000,     -0.0320,      1.4802,      0.1519,      5.5730,     11.1460,      1.3423,     28.6329,     57.2658,      0.0192,      0.0012,      0.0156,      0.2028,   7740.3257,-420090.2188,   -917.0209,    550.0647,  25801.0859,
       1,     168,     212,       5,       1,       3,       1,     10.0000,      1.3986,     42.5752,    248.1149,     62.4412,      3.4953,      0.0000,     -0.0320,      1.4267,      0.1511,      5.5730,     11.1460,      1.3355,     28.6329,     57.2658,      0.0192,      0.0011,      0.0156,      0.2028,   7740.3262,-420166.7500,   -917.1116,    550.0595,  25801.0859,
       1,     168,     212,       6,       1,       3,       1,     10.0000,      1.3986,     42.5752,    248.1149,     62.4412,      3.4953,      0.0000,     -0.0318,      0.9429,      0.1463,      5.5730,     11.1460,      1.2932,     28.6329,     57.2658,      0.0192,      0.0007,      0.0156,      0.2028,   7740.3262,-420106.2500,   -917.1862,    550.0636,  25801.0859,
       1,     168,     212,       7,       1,       3,       1,     10.0000,      1.3986,     42.5752,    248.1149,     62.4412,      3.4953,      0.0000,     -0.0315,      0.6317,      0.1393,      5.5730,     11.1460,      1.2307,     28.6329,     57.2658,      0.0192,      0.0005,      0.0156,      0.2028,   7740.3262,-419495.6562,   -912.1509,    550.1056,  25801.0859,
       1,     168,     212,       8,       1,       3,       1,     10.0000,      1.3986,     42.5752,    248.1149,     62.4412,      3.4953,      0.0074,     -0.0239,      0.6006,      0.1321,      5.5730,     11.1460,      1.1675,     28.6329,     57.2658,      0.0192,      0.0005,      0.0156,      0.2028,   7740.3262,-419053.5625,   -912.1066,    550.1360,  25801.0859,
       1,     168,     212,       9,       1,       3,       1,     10.0000,      1.3986,     42.5752,    248.1149,     62.4412,      3.4953,      0.0715,      0.0400,      3.0219,      0.1372,      5.5730,     11.1460,      1.2122,     28.6329,     57.2658,      0.0192,      0.0004,      0.0830,      0.2028,   7740.3262,-418976.4688,   -912.1506,    550.1412,  25801.0859,
       1,     168,     212,      10,       1,       3,       1,     10.0000,      1.3986,     42.5752,    248.1149,     62.4412,      3.4953,      0.0953,      0.0639,      4.7653,      0.1379,      5.5730,     11.1460,      1.2183,     28.6329,     57.2658,      0.0192,      0.0005,      0.1173,      0.2028,   7740.3262,-422000.6562,   -912.9790,    549.9333,  25801.0859,
       1,     168,     212,      11,       1,       3,       1,     10.0000,      1.3986,     42.5752,    248.1149,     62.4412,      3.4953,      0.0864,      0.0547,      3.8469,      0.1418,      5.5730,     11.1460,      1.2533,     28.6329,     57.2658,      0.0192,      0.0005,      0.1043,      0.2028,   7740.3262,-424443.0625,   -913.7280,    549.7655,  25801.0840,
       1,     168,     212,      12,       1,       3,       1,     10.0000,      1.3986,     42.5752,    248.1149,     62.4412,      3.4953,      0.1301,      0.0982,      3.8890,      0.1484,      5.5730,     11.1460,      1.3115,     28.6329,     57.2658,      0.0192,      0.0003,      0.1676,      0.2028,   7740.3257,-423503.8750,   -911.3973,    549.8300,  25801.0859,
       1,     168,     212,      13,       1,       3,       1,     10.0000,      1.3986,     42.5752,    248.1149,     62.4412,      3.4953,      0.1717,      0.1392,      6.0390,      0.1667,      5.5730,     11.1460,      1.4734,     28.6329,     57.2658,      0.0192,      0.0003,      0.2277,      0.2028,   7740.3262,-423475.5625,   -911.9607,    549.8320,  25801.0879,
       1,     168,     212,      14,       1,       3,       1,     10.0000,      1.3986,     42.5752,    248.1149,     62.4412,      3.4953,      0.1513,      0.1188,      5.2796,      0.1674,      5.5730,     11.1460,      1.4794,     28.6329,     57.2658,      0.0192,      0.0003,      0.1982,      0.2028,   7740.3267,-426163.9688,   -913.4838,    549.6473,  25801.0859,
       1,     168,     212,      15,       1,       3,       1,     10.0000,      1.3986,     42.5752,    248.1149,     62.4412,      3.4953,      0.1483,      0.1158,      7.6578,      0.1667,      5.5730,     11.1460,      1.4734,     28.6329,     57.2658,      0.0192,      0.0005,      0.1935,      0.2028,   7740.3262,-425445.1250,   -913.9731,    549.6966,  25801.0859,
       1,     168,     212,      16,       1,       3,       1,     10.0000,      1.3986,     42.5752,    248.1149,     62.4412,      3.4953,      0.0668,      0.0346,      3.9794,      0.1584,      5.5730,     11.1460,      1.4001,     28.6329,     57.2658,      0.0192,      0.0006,      0.0756,      0.2028,   7740.3262,-428360.3125,   -915.0289,    549.4963,  25801.0859,
       1,     168,     212,      17,       1,       3,       1,     10.0000,      1.3986,     42.5752,    248.1149,     62.4412,      3.4953,      0.0106,     -0.0203,      1.2464,      0.1225,      5.5730,     11.1460,      1.0828,     28.6329,     57.2658,      0.0192,      0.0010,      0.0156,      0.2028,   7740.3262,-424006.4062,   -914.5436,    549.7954,  25801.0859,
       1,     168,     212,      18,       1,       3,       1,     10.0000,      1.3986,     42.5752,    248.1149,     62.4412,      3.4953,      0.0131,     -0.0173,      0.0563,      0.1094,      5.5730,     11.1460,      0.9665,     28.6329,     57.2658,      0.0192,      0.0016,      0.0004,      0.2028,   7740.3262,-420211.0625,   -910.5430,    550.0563,  25801.0859,
       1,     168,     212,      19,       1,       3,       1,     10.0000,      1.3986,     42.5752,    248.1149,     62.4412,      3.4953,      0.0114,     -0.0191,      2.0229,      0.1144,      5.5730,     11.1460,      1.0111,     28.6329,     57.2658,      0.0192,      0.0016,      0.0156,      0.2028,   7740.3262,-418395.0312,   -910.3416,    550.1813,  25801.0879,
       1,     168,     212,      20,       1,       3,       1,     10.0000,      1.3986,     42.5752,    248.1149,     62.4412,      3.4953,      0.0042,     -0.0264,      1.7059,      0.1151,      5.5730,     11.1460,      1.0174,     28.6329,     57.2658,      0.0192,      0.0013,      0.0156,      0.2028,   7740.3267,-420699.6875,   -911.0281,    550.0228,  25801.0859,
       1,     168,     212,      21,       1,       3,       1,     10.0000,      1.3986,     42.5752,    248.1149,     62.4412,      3.4953,      0.0000,     -0.0306,      1.2852,      0.1157,      5.5730,     11.1460,      1.0226,     28.6329,     57.2658,      0.0192,      0.0010,      0.0156,      0.2028,   7740.3262,-420501.7500,   -910.6026,    550.0364,  25801.0859,
       1,     168,     212,      22,       1,       3,       1,     10.0000,      1.3986,     42.5752,    248.1149,     62.4412,      3.4953,      0.0000,     -0.0308,      1.0775,      0.1202,      5.5730,     11.1460,      1.0620,     28.6329,     57.2658,      0.0192,      0.0008,      0.0156,      0.2028,   7740.3262,-419958.1875,   -910.6510,    550.0738,  25801.0859,
       1,     168,     212,      23,       1,       3,       1,     10.0000,      1.3986,     42.5752,    248.1149,     62.4412,      3.4953,      0.0000,     -0.0309,      0.2898,      0.1222,      5.5730,     11.1460,      1.0795,     28.6329,     57.2658,      0.0192,      0.0002,      0.0156,      0.2028,   7740.3262,-419651.3438,   -910.6917,    550.0949,  25801.0879,
       1,     168,     212,      24,       1,       3,       1,     10.0000,      1.3986,     42.5752,    248.1149,     62.4412,      3.4953,      0.0000,     -0.0309,      0.2911,      0.1227,      5.5730,     11.1460,      1.0839,     28.6329,     57.2658,      0.0192,      0.0002,      0.0156,      0.2028,   7740.3267,-418638.5312,   -910.0882,    550.1645,  25801.0840,
       1,     168,     213,       1,       1,       3,       1,     10.0000,      1.3987,     42.5755,    248.1208,     62.4426,      3.4953,      0.0000,     -0.0309,      0.2935,      0.1227,      5.5741,     11.1481,      1.0840,     28.6177,     57.2353,      0.0192,      0.0002,      0.0156,      0.2029,   7740.3257,-418709.2188,   -910.3594,    550.1727,  25802.2402,
       1,     168,     213,       2,       1,       3,       1,     10.0000,      1.3987,     42.5755,    248.1208,     62.4426,      3.4953,      0.0000,     -0.0308,      0.2891,      0.1202,      5.5741,     11.1481,      1.0621,     28.6177,     57.2353,      0.0192,      0.0002,      0.0156,      0.2029,   7740.6724,-418565.5625,   -910.0755,    550.1826,  25802.2422,
       1,     168,     213,       3,       1,       3,       1,     10.0000,      1.3987,     42.5755,    248.1208,     62.4426,      3.4953,      0.0000,     -0.0309,      0.3553,      0.1228,      5.5741,     11.1481,      1.0851,     28.6177,     57.2353,      0.0192,      0.0003,      0.0156,      0.2029,   7740.6729,-418547.2812,   -910.0718,    550.1840,  25802.2383,
       1,     168,     213,       4,       1,       3,       1,     10.0000,      1.3987,     42.5755,    248.1208,     62.4426,      3.4953,      0.0000,     -0.0310,      0.3331,      0.1249,      5.5741,     11.1481,      1.1040,     28.6177,     57.2353,      0.0192,      0.0003,      0.0156,      0.2029,   7740.6719,-418628.9062,   -910.0977,    550.1783,  25802.2402,
       1,     168,     213,       5,       1,       3,       1,     10.0000,      1.3987,     42.5755,    248.1208,     62.4426,      3.4953,      0.0000,     -0.0309,      0.2928,      0.1233,      5.5741,     11.1481,      1.0895,     28.6177,     57.2353,      0.0192,      0.0002,      0.0156,      0.2029,   7740.6724,-418608.0938,   -910.0869,    550.1797,  25802.2402,
       1,     168,     213,       6,       1,       3,       1,     10.0000,      1.3987,     42.5755,    248.1208,     62.4426,      3.4953,      0.0000,     -0.0309,      0.2952,      0.1242,      5.5741,     11.1481,      1.0973,     28.6177,     57.2353,      0.0192,      0.0002,      0.0156,      0.2029,   7740.6724,-418555.9375,   -910.0791,    550.1832,  25802.2383,
       1,     168,     213,       7,       1,       3,       1,     10.0000,      1.3987,     42.5755,    248.1208,     62.4426,      3.4953,      0.0000,     -0.0310,      0.3022,      0.1267,      5.5741,     11.1481,      1.1199,     28.6177,     57.2353,      0.0192,      0.0002,      0.0156,      0.2029,   7740.6719,-418554.7188,   -910.0807,    550.1834,  25802.2402,
       1,     168,     213,       8,       1,       3,       1,     10.0000,      1.3987,     42.5755,    248.1208,     62.4426,      3.4953,      0.0022,     -0.0289,      0.3092,      0.1284,      5.5741,     11.1481,      1.1348,     28.6177,     57.2353,      0.0192,      0.0002,      0.0156,      0.2029,   7740.6724,-418563.0000,   -910.0834,    550.1828,  25802.2422,
       1,     168,     213,       9,       1,       3,       1,     10.0000,      1.3987,     42.5755,    248.1208,     62.4426,      3.4953,      0.0235,     -0.0076,      0.2861,      0.1280,      5.5741,     11.1481,      1.1313,     28.6177,     57.2353,      0.0192,      0.0002,      0.0145,      0.2029,   7740.6729,-418572.2500,   -910.0844,    550.1822,  25802.2422,
       1,     168,     213,      10,       1,       3,       1,     10.0000,      1.3987,     42.5755,    248.1208,     62.4426,      3.4953,      0.0404,      0.0091,      0.7966,      0.1340,      5.5741,     11.1481,      1.1843,     28.6177,     57.2353,      0.0192,      0.0003,      0.0386,      0.2029,   7740.6729,-418544.0000,   -910.1741,    550.1841,  25802.2402,
       1,     168,     213,      11,       1,       3,       1,     10.0000,      1.3987,     42.5755,    248.1208,     62.4426,      3.4953,      0.1343,      0.1025,      4.3374,      0.1471,      5.5741,     11.1481,      1.2997,     28.6177,     57.2353,      0.0192,      0.0003,      0.1736,      0.2029,   7740.6724,-419180.9688,   -910.4298,    550.1403,  25802.2402,
       1,     168,     213,      12,       1,       3,       1,     10.0000,      1.3987,     42.5755,    248.1208,     62.4426,      3.4953,      0.1871,      0.1545,      7.9179,      0.1708,      5.5741,     11.1481,      1.5092,     28.6177,     57.2353,      0.0192,      0.0004,      0.2500,      0.2029,   7740.6724,-423667.0312,   -911.8243,    549.8318,  25802.2402,
       1,     168,     213,      13,       1,       3,       1,     10.0000,      1.3987,     42.5755,    248.1208,     62.4426,      3.4953,      0.1870,      0.1538,      8.3606,      0.1915,      5.5741,     11.1481,      1.6921,     28.6177,     57.2353,      0.0192,      0.0004,      0.2500,      0.2029,   7740.6724,-428534.6250,   -914.0893,    549.4973,  25802.2402,
       1,     168,     213,      14,       1,       3,       1,     10.0000,      1.3987,     42.5755,    248.1208,     62.4426,      3.4953,      0.1833,      0.1501,      7.4910,      0.1890,      5.5741,     11.1481,      1.6704,     28.6177,     57.2353,      0.0192,      0.0004,      0.2446,      0.2028,   7740.6724,-429507.7500,   -915.5554,    549.4306,  25802.2422,
       1,     168,     213,      15,       1,       3,       1,     10.0000,      1.3987,     42.5755,    248.1208,     62.4426,      3.4953,      0.1870,      0.1533,      9.4573,      0.2066,      5.5741,     11.1481,      1.8258,     28.6177,     57.2353,      0.0192,      0.0005,      0.2500,      0.2028,   7740.6729,-428502.4062,   -916.3676,    549.4996,  25802.2402,
       1,     168,     213,      16,       1,       3,       1,     10.0000,      1.3987,     42.5755,    248.1208,     62.4426,      3.4953,      0.1880,      0.1544,     22.1493,      0.2048,      5.5741,     11.1481,      1.8097,     28.6177,     57.2353,      0.0192,      0.0011,      0.2500,      0.2028,   7740.6724,-430877.4688,   -917.8843,    549.3365,  25802.2402,
       1,     168,     213,      17,       1,       3,       1,     10.0000,      1.3987,     42.5755,    248.1208,     62.4426,      3.4953,      0.1221,      0.0891,     28.1274,      0.1817,      5.5741,     11.1481,      1.6054,     28.6177,     57.2353,      0.0192,      0.0023,      0.1528,      0.2028,   7740.6724,-446968.4062,   -921.9431,    548.2317,  25802.2422,
       1,     168,     213,      18,       1,       3,       1,     10.0000,      1.3987,     42.5755,    248.1208,     62.4426,      3.4953,      0.1624,      0.1293,     55.4976,      0.1855,      5.5741,     11.1481,      1.6392,     28.6177,     57.2353,      0.0192,      0.0033,      0.2085,      0.2028,   7740.6729,-455839.0312,   -924.1179,    547.6249,  25802.2422,
       1,     168,     213,      19,       1,       3,       1,     10.0000,      1.3987,     42.5755,    248.1208,     62.4426,      3.4953,      0.1318,      0.0988,     43.8270,      0.1813,      5.5741,     11.1481,      1.6022,     28.6177,     57.2353,      0.0192,      0.0033,      0.1652,      0.2028,   7740.6729,-490872.6875,   -931.4368,    545.2271,  25802.2402,
       1,     168,     213,      20,       1,       3,       1,     10.0000,      1.3987,     42.5755,    248.1208,     62.4426,      3.4953,      0.0291,     -0.0034,      6.5268,      0.1693,      5.5741,     11.1481,      1.4957,     28.6177,     57.2353,      0.0192,      0.0040,      0.0202,      0.2028,   7740.6724,-479273.9688,   -930.0517,    546.0228,  25802.2402,
       1,     168,     213,      21,       1,       3,       1,     10.0000,      1.3987,     42.5755,    248.1208,     62.4426,      3.4953,      0.0000,     -0.0323,      4.4768,      0.1634,      5.5741,     11.1481,      1.4443,     28.6177,     57.2353,      0.0192,      0.0035,      0.0156,      0.2028,   7740.6724,-431552.0938,   -921.7175,    549.2805,  25802.2402,
       1,     168,     213,      22,       1,       3,       1,     10.0000,      1.3987,     42.5755,    248.1208,     62.4426,      3.4953,      0.0000,     -0.0323,      3.3297,      0.1615,      5.5741,     11.1481,      1.4270,     28.6177,     57.2353,      0.0192,      0.0026,      0.0156,      0.2028,   7740.6724,-424917.8750,   -920.7437,    549.7458,  25802.2402,
       1,     168,     213,      23,       1,       3,       1,     10.0000,      1.3987,     42.5755,    248.1208,     62.4426,      3.4953,      0.0000,     -0.0323,      3.4742,      0.1623,      5.5741,     11.1481,      1.4342,     28.6177,     57.2353,      0.0192,      0.0027,      0.0156,      0.2029,   7740.6724,-422899.7188,   -920.5494,    549.8846,  25802.2422,
       1,     168,     213,      24,       1,       3,       1,     10.0000,      1.3987,     42.5755,    248.1208,     62.4426,      3.4953,      0.0000,     -0.0323,      3.3117,      0.1604,      5.5741,     11.1481,      1.4171,     28.6177,     57.2353,      0.0192,      0.0026,      0.0156,      0.2029,   7740.6729,-422906.5625,   -920.7324,    549.8842,  25802.2383,
       1,     168,     214,       1,       1,       3,       1,     10.0000,      1.3987,     42.5758,    248.1266,     62.4441,      3.4953,      0.0000,     -0.0323,      2.5800,      0.1607,      5.5731,     11.1462,      1.4199,     28.6172,     57.2344,      0.0192,      0.0020,      0.0156,      0.2029,   7740.6719,-422859.3125,   -919.6801,    549.9004,  25803.3945,
       1,     168,     214,       2,       1,       3,       1,     10.0000,      1.3987,     42.5758,    248.1266,     62.4441,      3.4953,      0.0000,     -0.0323,      2.1346,      0.1610,      5.5731,     11.1462,      1.4228,     28.6172,     57.2344,      0.0192,      0.0017,      0.0156,      0.2029,   7741.0186,-421786.9375,   -919.3779,    549.9742,  25803.3945,
       1,     168,     214,       3,       1,       3,       1,     10.0000,      1.3987,     42.5758,    248.1266,     62.4441,      3.4953,      0.0000,     -0.0324,      1.9109,      0.1635,      5.5731,     11.1462,      1.4443,     28.6172,     57.2344,      0.0192,      0.0015,      0.0156,      0.2029,   7741.0186,-421137.2812,   -919.3893,    550.0188,  25803.3945,
       1,     168,     214,       4,       1,       3,       1,     10.0000,      1.3987,     42.5758,    248.1266,     62.4441,      3.4953,      0.0000,     -0.0323,      1.7981,      0.1609,      5.5731,     11.1462,      1.4214,     28.6172,     57.2344,      0.0192,      0.0014,      0.0156,      0.2029,   7741.0186,-420801.5938,   -919.4257,    550.0419,  25803.3945,
       1,     168,     214,       5,       1,       3,       1,     10.0000,      1.3987,     42.5758,    248.1266,     62.4441,      3.4953,      0.0000,     -0.0322,      1.1888,      0.1570,      5.5731,     11.1462,      1.3876,     28.6172,     57.2344,      0.0192,      0.0009,      0.0156,      0.2029,   7741.0186,-420631.3750,   -919.4900,    550.0536,  25803.3926,
       1,     168,     214,       6,       1,       3,       1,     10.0000,      1.3987,     42.5758,    248.1266,     62.4441,      3.4953,      0.0000,     -0.0320,      0.8714,      0.1528,      5.5731,     11.1462,      1.3504,     28.6172,     57.2344,      0.0192,      0.0007,      0.0156,      0.2029,   7741.0181,-419854.5938,   -919.3977,    550.1070,  25803.3945,
       1,     168,     214,       7,       1,       3,       1,     10.0000,      1.3987,     42.5758,    248.1266,     62.4441,      3.4953,      0.0000,     -0.0319,      0.6009,      0.1487,      5.5731,     11.1462,      1.3142,     28.6172,     57.2344,      0.0192,      0.0005,      0.0156,      0.2029,   7741.0186,-419390.3750,   -919.3381,    550.1389,  25803.3945,
       1,     168,     214,       8,       1,       3,       1,     10.0000,      1.3987,     42.5758,    248.1266,     62.4441,      3.4953,      0.0020,     -0.0299,      0.9605,      0.1487,      5.5731,     11.1462,      1.3142,     28.6172,     57.2344,      0.0192,      0.0008,      0.0156,      0.2029,   7741.0186,-419011.8750,   -919.2855,    550.1650,  25803.3945,
       1,     168,     214,       9,       1,       3,       1,     10.0000,      1.3987,     42.5758,    248.1266,     62.4441,      3.4953,      0.0348,      0.0030,      1.7598,      0.1489,      5.5731,     11.1462,      1.3156,     28.6172,     57.2344,      0.0192,      0.0007,      0.0298,      0.2029,   7741.0186,-419429.2188,   -919.4064,    550.1362,  25803.3965,
       1,     168,     214,      10,       1,       3,       1,     10.0000,      1.3987,     42.5758,    248.1266,     62.4441,      3.4953,      0.0743,      0.0424,      4.5202,      0.1514,      5.5731,     11.1462,      1.3383,     28.6172,     57.2344,      0.0192,      0.0006,      0.0866,      0.2029,   7741.0190,-420465.0938,   -917.9799,    550.0650,  25803.3926,
       1,     168,     214,      11,       1,       3,       1,     10.0000,      1.3987,     42.5758,    248.1266,     62.4441,      3.4953,      0.1103,      0.0780,      5.0405,      0.1605,      5.5731,     11.1462,      1.4185,     28.6172,     57.2344,      0.0192,      0.0004,      0.1385,      0.2029,   7741.0181,-424009.0938,   -918.8350,    549.8214,  25803.3945,
       1,     168,     214,      12,       1,       3,       1,     10.0000,      1.3987,     42.5758,    248.1266,     62.4441,      3.4953,      0.1612,      0.1289,      5.5563,      0.1609,      5.5731,     11.1462,      1.4214,     28.6172,     57.2344,      0.0192,      0.0003,      0.2124,      0.2029,   7741.0186,-424965.0312,   -919.2849,    549.7557,  25803.3945,
       1,     168,     214,      13,       1,       3,       1,     10.0000,      1.3987,     42.5758,    248.1266,     62.4441,      3.4953,      0.1870,      0.1535,      8.1416,      0.1994,      5.5731,     11.1462,      1.7621,     28.6172,     57.2344,      0.0192,      0.0004,      0.2500,      0.2029,   7741.0186,-425692.7188,   -919.8932,    549.7057,  25803.3945,
       1,     168,     214,      14,       1,       3,       1,     10.0000,      1.3987,     42.5758,    248.1266,     62.4441,      3.4953,      0.1869,      0.1531,      8.7047,      0.2114,      5.5731,     11.1462,      1.8677,     28.6172,     57.2344,      0.0192,      0.0004,      0.2500,      0.2029,   7741.0186,-428990.7500,   -921.7810,    549.4791,  25803.3926,
       1,     168,     214,      15,       1,       3,       1,     10.0000,      1.3987,     42.5758,    248.1266,     62.4441,      3.4953,      0.1617,      0.1282,      6.8149,      0.1963,      5.5731,     11.1462,      1.7345,     28.6172,     57.2344,      0.0192,      0.0004,      0.2131,      0.2029,   7741.0181,-429979.3750,   -922.8929,    549.4113,  25803.3945,
       1,     168,     214,      16,       1,       3,       1,     10.0000,      1.3987,     42.5758,    248.1266,     62.4441,      3.4953,      0.1677,      0.1345,     18.0258,      0.1905,      5.5731,     11.1462,      1.6837,     28.6172,     57.2344,      0.0192,      0.0010,      0.2207,      0.2029,   7741.0186,-427699.0312,   -922.8422,    549.5679,  25803.3945,
       1,     168,     214,      17,       1,       3,       1,     10.0000,      1.3987,     42.5758,    248.1266,     62.4441,      3.4953,      0.1838,      0.1505,     34.1054,      0.1907,      5.5731,     11.1462,      1.6854,     28.6172,     57.2344,      0.0192,      0.0017,      0.2422,      0.2029,   7741.0186,-441533.3125,   -925.7584,    548.6175,  25803.3965,
       1,     168,     214,      18,       1,       3,       1,     10.0000,      1.3987,     42.5758,    248.1266,     62.4441,      3.4953,      0.1722,      0.1389,     81.6568,      0.1905,      5.5731,     11.1462,      1.6837,     28.6172,     57.2344,      0.0192,      0.0046,      0.2198,      0.2029,   7741.0190,-462852.5312,   -930.2490,    547.1564,  25803.3945,
       1,     168,     214,      19,       1,       3,       1,     10.0000,      1.3987,     42.5758,    248.1266,     62.4441,      3.4953,      0.0958,      0.0630,     40.4793,      0.1755,      5.5731,     11.1462,      1.5505,     28.6172,     57.2344,      0.0192,      0.0044,      0.1132,      0.2028,   7741.0186,-524230.1875,   -942.4716,    542.9604,  25803.3965,
       1,     168,     214,      20,       1,       3,       1,     10.0000,      1.3987,     42.5758,    248.1266,     62.4441,      3.4953,      0.0082,     -0.0242,      4.1891,      0.1633,      5.5731,     11.1462,      1.4429,     28.6172,     57.2344,      0.0192,      0.0033,      0.0156,      0.2028,   7741.0190,-477931.4688,   -934.3237,    546.1187,  25803.3945,
       1,     168,     214,      21,       1,       3,       1,     10.0000,      1.3987,     42.5758,    248.1266,     62.4441,      3.4953,      0.0000,     -0.0321,      3.3113,      0.1551,      5.5731,     11.1462,      1.3710,     28.6172,     57.2344,      0.0192,      0.0026,      0.0156,      0.2028,   7741.0186,-428522.5000,   -925.2675,    549.5008,  25803.3945,
       1,     168,     214,      22,       1,       3,       1,     10.0000,      1.3987,     42.5758,    248.1266,     62.4441,      3.4953,      0.0000,     -0.0317,      3.0264,      0.1449,      5.5731,     11.1462,      1.2802,     28.6172,     57.2344,      0.0192,      0.0024,      0.0156,      0.2029,   7741.0186,-423202.1562,   -924.3697,    549.8767,  25803.3945,
       1,     168,     214,      23,       1,       3,       1,     10.0000,      1.3987,     42.5758,    248.1266,     62.4441,      3.4953,      0.0000,     -0.0317,      3.3791,      0.1444,      5.5731,     11.1462,      1.2764,     28.6172,     57.2344,      0.0192,      0.0027,      0.0156,      0.2029,   7741.0186,-422375.2188,   -924.2878,    549.9337,  25803.3945,
       1,     168,     214,      24,       1,       3,       1,     10.0000,      1.3987,     42.5758,    248.1266,     62.4441,      3.4953,      0.0000,     -0.0315,      2.7602,      0.1390,      5.5731,     11.1462,      1.2283,     28.6172,     57.2344,      0.0192,      0.0022,      0.0156,      0.2029,   7741.0186,-422745.2500,   -919.7670,    549.9083,  25803.3945,
       1,     168,     215,       1,       1,       3,       1,     10.0000,      1.3987,     42.5762,    248.1325,     62.4456,      3.4953,      0.0000,     -0.0315,      2.3419,      0.1377,      5.5734,     11.1468,      1.2172,     28.6158,     57.2315,      0.0192,      0.0018,      0.0156,      0.2029,   7741.0186,-422158.0000,   -915.4757,    549.9616,  25804.5527,
       1,     168,     215,       2,       1,       3,       1,     10.0000,      1.3987,     42.5762,    248.1325,     62.4456,      3.4953,      0.0000,     -0.0316,      1.4579,      0.1423,      5.5734,     11.1468,      1.2572,     28.6158,     57.2315,      0.0192,      0.0011,      0.0156,      0.2029,   7741.3662,-421431.1562,   -915.2157,    550.0116,  25804.5527,
       1,     168,     215,       3,       1,       3,       1,     10.0000,      1.3987,     42.5762,    248.1325,     62.4456,      3.4953,      0.0000,     -0.0317,      0.9823,      0.1449,      5.5734,     11.1468,      1.2803,     28.6158,     57.2315,      0.0192,      0.0008,      0.0156,      0.2029,   7741.3662,-420262.4062,   -915.1389,    550.0919,  25804.5527,
       1,     168,     215,       4,       1,       3,       1,     10.0000,      1.3987,     42.5762,    248.1325,     62.4456,      3.4953,      0.0000,     -0.0317,      0.6083,      0.1444,      5.5734,     11.1468,      1.2764,     28.6158,     57.2315,      0.0192,      0.0005,      0.0156,      0.2029,   7741.3662,-419566.9375,   -915.0590,    550.1398,  25804.5527,
       1,     168,     215,       5,       1,       3,       1,     10.0000,      1.3987,     42.5762,    248.1325,     62.4456,      3.4953,      0.0000,     -0.0316,      0.3433,      0.1417,      5.5734,     11.1468,      1.2521,     28.6158,     57.2315,      0.0192,      0.0003,      0.0156,      0.2029,   7741.3662,-419039.0000,   -910.1752,    550.1760,  25804.5527,
       1,     168,     215,       6,       1,       3,       1,     10.0000,      1.3987,     42.5762,    248.1325,     62.4456,      3.4953,      0.0000,     -0.0317,      0.3473,      0.1431,      5.5734,     11.1468,      1.2649,     28.6158,     57.2315,      0.0192,      0.0003,      0.0156,      0.2029,   7741.3662,-418662.1562,   -910.1105,    550.2020,  25804.5527,
       1,     168,     215,       7,       1,       3,       1,     10.0000,      1.3987,     42.5762,    248.1325,     62.4456,      3.4953,      0.0000,     -0.0316,      0.3453,      0.1424,      5.5734,     11.1468,      1.2585,     28.6158,     57.2315,      0.0192,      0.0003,      0.0156,      0.2029,   7741.3662,-418634.7188,   -910.1074,    550.2039,  25804.5527,
       1,     168,     215,       8,       1,       3,       1,     10.0000,      1.3987,     42.5762,    248.1325,     62.4456,      3.4953,      0.0052,     -0.0263,      0.3305,      0.1370,      5.5734,     11.1468,      1.2110,     28.6158,     57.2315,      0.0192,      0.0003,      0.0156,      0.2029,   7741.3662,-418629.7500,   -910.1083,    550.2042,  25804.5508,
       1,     168,     215,       9,       1,       3,       1,     10.0000,      1.3987,     42.5762,    248.1325,     62.4456,      3.4953,      0.0397,      0.0083,      0.7880,      0.1362,      5.5734,     11.1468,      1.2037,     28.6158,     57.2315,      0.0192,      0.0003,      0.0375,      0.2029,   7741.3657,-418611.2188,   -910.0943,    550.2055,  25804.5527,
       1,     168,     215,      10,       1,       3,       1,     10.0000,      1.3987,     42.5762,    248.1325,     62.4456,      3.4953,      0.1638,      0.1318,      5.2266,      0.1538,      5.5734,     11.1468,      1.3586,     28.6158,     57.2315,      0.0192,      0.0003,      0.2163,      0.2029,   7741.3662,-419181.6875,   -910.3010,    550.1663,  25804.5527,
       1,     168,     215,      11,       1,       3,       1,     10.0000,      1.3987,     42.5762,    248.1325,     62.4456,      3.4953,      0.1870,      0.1538,      7.6569,      0.1890,      5.5734,     11.1468,      1.6705,     28.6158,     57.2315,      0.0192,      0.0004,      0.2500,      0.2029,   7741.3662,-424784.3125,   -912.2616,    549.7809,  25804.5508,
       1,     168,     215,      12,       1,       3,       1,     10.0000,      1.3987,     42.5762,    248.1325,     62.4456,      3.4953,      0.1810,      0.1478,      7.3987,      0.1892,      5.5734,     11.1468,      1.6721,     28.6158,     57.2315,      0.0192,      0.0004,      0.2413,      0.2029,   7741.3657,-428308.1250,   -914.5079,    549.5389,  25804.5527,
       1,     168,     215,      13,       1,       3,       1,     10.0000,      1.3987,     42.5762,    248.1325,     62.4456,      3.4953,      0.1870,      0.1538,      7.6569,      0.1890,      5.5734,     11.1468,      1.6705,     28.6158,     57.2315,      0.0192,      0.0004,      0.2500,      0.2029,   7741.3662,-428287.6250,   -915.6068,    549.5403,  25804.5527,
       1,     168,     215,      14,       1,       3,       1,     10.0000,      1.3987,     42.5762,    248.1325,     62.4456,      3.4953,      0.1869,      0.1530,      8.7840,      0.2130,      5.5734,     11.1468,      1.8825,     28.6158,     57.2315,      0.0192,      0.0004,      0.2500,      0.2029,   7741.3662,-428609.0312,   -916.9232,    549.5184,  25804.5527,
       1,     168,     215,      15,       1,       3,       1,     10.0000,      1.3987,     42.5762,    248.1325,     62.4456,      3.4953,      0.1878,      0.1536,     20.2342,      0.2224,      5.5734,     11.1468,      1.9656,     28.6158,     57.2315,      0.0192,      0.0010,      0.2500,      0.2029,   7741.3662,-430046.9688,   -918.6811,    549.4196,  25804.5527,
       1,     168,     215,      16,       1,       3,       1,     10.0000,      1.3987,     42.5762,    248.1325,     62.4456,      3.4953,      0.1911,      0.1568,     62.7793,      0.2255,      5.5734,     11.1468,      1.9927,     28.6158,     57.2315,      0.0192,      0.0031,      0.2500,      0.2029,   7741.3662,-444499.4375,   -922.6089,    548.4270,  25804.5547,
       1,     168,     215,      17,       1,       3,       1,     10.0000,      1.3987,     42.5762,    248.1325,     62.4456,      3.4953,      0.1836,      0.1496,     62.7658,      0.2173,      5.5734,     11.1468,      1.9198,     28.6158,     57.2315,      0.0192,      0.0032,      0.2389,      0.2029,   7741.3667,-498995.9375,   -933.9574,    544.6920,  25804.5527,
       1,     168,     215,      18,       1,       3,       1,     10.0000,      1.3987,     42.5762,    248.1325,     62.4456,      3.4953,      0.1506,      0.1171,     44.2320,      0.2004,      5.5734,     11.1468,      1.7709,     28.6158,     57.2315,      0.0192,      0.0028,      0.1926,      0.2028,   7741.3662,-503694.0625,   -935.8904,    544.3848,  25804.5508,
       1,     168,     215,      19,       1,       3,       1,     10.0000,      1.3987,     42.5762,    248.1325,     62.4456,      3.4953,      0.1128,      0.0796,     48.0087,      0.1881,      5.5734,     11.1468,      1.6622,     28.6158,     57.2315,      0.0192,      0.0043,      0.1370,      0.2028,   7741.3657,-480862.2812,   -932.3520,    545.9385,  25804.5508,
       1,     168,     215,      20,       1,       3,       1,     10.0000,      1.3987,     42.5762,    248.1325,     62.4456,      3.4953,      0.0269,     -0.0058,      6.7937,      0.1737,      5.5734,     11.1468,      1.5351,     28.6158,     57.2315,      0.0192,      0.0050,      0.0167,      0.2029,   7741.3657,-483642.0625,   -933.4606,    545.7511,  25804.5527,
       1,     168,     215,      21,       1,       3,       1,     10.0000,      1.3987,     42.5762,    248.1325,     62.4456,      3.4953,      0.0001,     -0.0322,      6.3599,      0.1599,      5.5734,     11.1468,      1.4129,     28.6158,     57.2315,      0.0192,      0.0050,      0.0156,      0.2028,   7741.3662,-432259.8125,   -924.2601,    549.2563,  25804.5547,
       1,     168,     215,      22,       1,       3,       1,     10.0000,      1.3987,     42.5762,    248.1325,     62.4456,      3.4953,      0.0000,     -0.0321,      5.9060,      0.1556,      5.5734,     11.1468,      1.3751,     28.6158,     57.2315,      0.0192,      0.0047,      0.0156,      0.2029,   7741.3667,-427341.2500,   -923.5629,    549.6053,  25804.5547,
       1,     168,     215,      23,       1,       3,       1,     10.0000,      1.3987,     42.5762,    248.1325,     62.4456,      3.4953,      0.0000,     -0.0322,      5.0648,      0.1567,      5.5734,     11.1468,      1.3848,     28.6158,     57.2315,      0.0192,      0.0040,      0.0156,      0.2029,   7741.3667,-426336.5312,   -923.5428,    549.6744,  25804.5527,
       1,     168,     215,      24,       1,       3,       1,     10.0000,      1.3987,     42.5762,    248.1325,     62.4456,      3.4953,      0.0000,     -0.0322,      4.1648,      0.1570,      5.5734,     11.1468,      1.3876,     28.6158,     57.2315,      0.0192,      0.0033,      0.0156,      0.2029,   7741.3662,-425197.5938,   -923.4539,    549.7527,  25804.5527,
       1,     168,     216,       1,       1,       3,       1,     10.0000,      1.3987,     42.5765,    248.1384,     62.4471,      3.4953,      0.0000,     -0.0319,      3.2184,      0.1489,      5.5731,     11.1462,      1.3156,     28.6206,     57.2412,      0.0192,      0.0025,      0.0156,      0.2029,   7741.3662,-424128.6250,   -923.6443,    549.8392,  25805.7090,
       1,     168,     216,       2,       1,       3,       1,     10.0000,      1.3987,     42.5765,    248.1384,     62.4471,      3.4953,      0.0000,     -0.0317,      2.3266,      0.1452,      5.5731,     11.1462,      1.2829,     28.6206,     57.2412,      0.0192,      0.0018,      0.0156,      0.2029,   7741.7129,-422699.7188,   -923.1765,    549.9373,  25805.7090,
       1,     168,     216,       3,       1,       3,       1,     10.0000,      1.3987,     42.5765,    248.1384,     62.4471,      3.4953,      0.0000,     -0.0316,      1.7776,      0.1414,      5.5731,     11.1462,      1.2496,     28.6206,     57.2412,      0.0192,      0.0014,      0.0156,      0.2029,   7741.7129,-421461.1250,   -923.0042,    550.0225,  25805.7070,
       1,     168,     216,       4,       1,       3,       1,     10.0000,      1.3987,     42.5765,    248.1384,     62.4471,      3.4953,      0.0000,     -0.0315,      1.6174,      0.1397,      5.5731,     11.1462,      1.2346,     28.6206,     57.2412,      0.0192,      0.0013,      0.0156,      0.2029,   7741.7124,-420667.9688,   -922.8887,    550.0770,  25805.7090,
       1,     168,     216,       5,       1,       3,       1,     10.0000,      1.3987,     42.5765,    248.1384,     62.4471,      3.4953,      0.0000,     -0.0315,      1.4894,      0.1373,      5.5731,     11.1462,      1.2135,     28.6206,     57.2412,      0.0192,      0.0012,      0.0156,      0.2029,   7741.7129,-420399.0312,   -922.8658,    550.0955,  25805.7090,
       1,     168,     216,       6,       1,       3,       1,     10.0000,      1.3987,     42.5765,    248.1384,     62.4471,      3.4953,      0.0000,     -0.0315,      0.5856,      0.1399,      5.5731,     11.1462,      1.2358,     28.6206,     57.2412,      0.0192,      0.0005,      0.0156,      0.2029,   7741.7129,-420215.9062,   -922.8634,    550.1081,  25805.7090,
       1,     168,     216,       7,       1,       3,       1,     10.0000,      1.3987,     42.5765,    248.1384,     62.4471,      3.4953,      0.0000,     -0.0315,      0.3406,      0.1389,      5.5731,     11.1462,      1.2271,     28.6206,     57.2412,      0.0192,      0.0003,      0.0156,      0.2029,   7741.7129,-419069.4375,   -922.6600,    550.1870,  25805.7090,
       1,     168,     216,       8,       1,       3,       1,     10.0000,      1.3987,     42.5765,    248.1384,     62.4471,      3.4953,      0.0074,     -0.0240,      0.3263,      0.1355,      5.5731,     11.1462,      1.1976,     28.6206,     57.2412,      0.0192,      0.0003,      0.0156,      0.2029,   7741.7129,-418664.1250,   -922.5864,    550.2148,  25805.7090,
       1,     168,     216,       9,       1,       3,       1,     10.0000,      1.3987,     42.5765,    248.1384,     62.4471,      3.4953,      0.0354,      0.0038,      0.6795,      0.1410,      5.5731,     11.1462,      1.2459,     28.6206,     57.2412,      0.0192,      0.0003,      0.0311,      0.2029,   7741.7129,-418611.5000,   -922.5834,    550.2184,  25805.7090,
       1,     168,     216,      10,       1,       3,       1,     10.0000,      1.3987,     42.5765,    248.1384,     62.4471,      3.4953,      0.0822,      0.0506,      2.1673,      0.1416,      5.5731,     11.1462,      1.2509,     28.6206,     57.2412,      0.0192,      0.0003,      0.0986,      0.2029,   7741.7129,-419048.9688,   -922.6956,    550.1884,  25805.7109,
       1,     168,     216,      11,       1,       3,       1,     10.0000,      1.3987,     42.5765,    248.1384,     62.4471,      3.4953,      0.1338,      0.1020,      3.9902,      0.1477,      5.5731,     11.1462,      1.3051,     28.6206,     57.2412,      0.0192,      0.0003,      0.1729,      0.2029,   7741.7134,-420947.5625,   -922.2874,    550.0577,  25805.7090,
       1,     168,     216,      12,       1,       3,       1,     10.0000,      1.3987,     42.5765,    248.1384,     62.4471,      3.4953,      0.1478,      0.1157,      4.7051,      0.1548,      5.5731,     11.1462,      1.3683,     28.6206,     57.2412,      0.0192,      0.0003,      0.1931,      0.2029,   7741.7129,-423391.7812,   -922.9052,    549.8898,  25805.7109,
       1,     168,     216,      13,       1,       3,       1,     10.0000,      1.3987,     42.5765,    248.1384,     62.4471,      3.4953,      0.1579,      0.1254,      5.4957,      0.1664,      5.5731,     11.1462,      1.4706,     28.6206,     57.2412,      0.0192,      0.0003,      0.2077,      0.2029,   7741.7134,-424496.2500,   -923.2765,    549.8138,  25805.7090,
       1,     168,     216,      14,       1,       3,       1,     10.0000,      1.3987,     42.5765,    248.1384,     62.4471,      3.4953,      0.1605,      0.1280,      5.6398,      0.1676,      5.5731,     11.1462,      1.4810,     28.6206,     57.2412,      0.0192,      0.0003,      0.2114,      0.2029,   7741.7129,-425580.5938,   -923.7278,    549.7393,  25805.7090,
       1,     168,     216,      15,       1,       3,       1,     10.0000,      1.3987,     42.5765,    248.1384,     62.4471,      3.4953,      0.1753,      0.1425,      6.6013,      0.1767,      5.5731,     11.1462,      1.5614,     28.6206,     57.2412,      0.0192,      0.0003,      0.2329,      0.2029,   7741.7129,-425854.2500,   -923.9957,    549.7206,  25805.7090,
       1,     168,     216,      16,       1,       3,       1,     10.0000,      1.3987,     42.5765,    248.1384,     62.4471,      3.4953,      0.1683,      0.1353,     12.3151,      0.1833,      5.5731,     11.1462,      1.6199,     28.6206,     57.2412,      0.0192,      0.0007,      0.2221,      0.2029,   7741.7129,-427080.6562,   -924.4864,    549.6363,  25805.7090,
       1,     168,     216,      17,       1,       3,       1,     10.0000,      1.3987,     42.5765,    248.1384,     62.4471,      3.4953,      0.1507,      0.1178,     20.8396,      0.1799,      5.5731,     11.1462,      1.5896,     28.6206,     57.2412,      0.0192,      0.0013,      0.1954,      0.2029,   7741.7129,-434335.1562,   -926.1228,    549.1378,  25805.7070,
       1,     168,     216,      18,       1,       3,       1,     10.0000,      1.3987,     42.5765,    248.1384,     62.4471,      3.4953,      0.1249,      0.0921,     24.3268,      0.1772,      5.5731,     11.1462,      1.5661,     28.6206,     57.2412,      0.0192,      0.0019,      0.1574,      0.2029,   7741.7124,-445626.7500,   -928.5081,    548.3630,  25805.7090,
       1,     168,     216,      19,       1,       3,       1,     10.0000,      1.3987,     42.5765,    248.1384,     62.4471,      3.4953,      0.0519,      0.0193,      7.6318,      0.1679,      5.5731,     11.1462,      1.4839,     28.6206,     57.2412,      0.0192,      0.0018,      0.0531,      0.2029,   7741.7129,-450962.4062,   -929.7426,    547.9978,  25805.7070,
       1,     168,     216,      20,       1,       3,       1,     10.0000,      1.3987,     42.5765,    248.1384,     62.4471,      3.4953,      0.0174,     -0.0147,      1.1099,      0.1536,      5.5731,     11.1462,      1.3573,     28.6206,     57.2412,      0.0192,      0.0032,      0.0043,      0.2029,   7741.7124,-430524.6875,   -926.0109,    549.3979,  25805.7090,
       1,     168,     216,      21,       1,       3,       1,     10.0000,      1.3987,     42.5765,    248.1384,     62.4471,      3.4953,      0.0000,     -0.0320,      4.7780,      0.1515,      5.5731,     11.1462,      1.3383,     28.6206,     57.2412,      0.0192,      0.0038,      0.0156,      0.2029,   7741.7129,-420613.5000,   -924.1992,    550.0804,  25805.7090,
       1,     168,     216,      22,       1,       3,       1,     10.0000,      1.3987,     42.5765,    248.1384,     62.4471,      3.4953,      0.0000,     -0.0319,      4.1631,      0.1489,      5.5731,     11.1462,      1.3156,     28.6206,     57.2412,      0.0192,      0.0033,      0.0156,      0.2029,   7741.7129,-424348.9688,   -924.9692,    549.8239,  25805.7090,
       1,     168,     216,      23,       1,       3,       1,     10.0000,      1.3987,     42.5765,    248.1384,     62.4471,      3.4953,      0.0000,     -0.0318,      3.2792,      0.1465,      5.5731,     11.1462,      1.2946,     28.6206,     57.2412,      0.0192,      0.0026,      0.0156,      0.2029,   7741.7129,-423900.7500,   -924.9328,    549.8549,  25805.7090,
       1,     168,     216,      24,       1,       3,       1,     10.0000,      1.3987,     42.5765,    248.1384,     62.4471,      3.4953,      0.0000,     -0.0318,      1.8111,      0.1477,      5.5731,     11.1462,      1.3051,     28.6206,     57.2412,      0.0192,      0.0014,      0.0156,      0.2029,   7741.7129,-422756.0938,   -924.7584,    549.9334,  25805.7090,
       1,     168,     217,       1,       1,       3,       1,     10.0000,      1.3988,     42.5768,    248.1442,     62.4485,      3.4953,      0.0000,     -0.0318,      1.1787,      0.1459,      5.5735,     11.1470,      1.2894,     28.6161,     57.2322,      0.0192,      0.0009,      0.0156,      0.2030,   7741.7129,-420976.2812,   -924.7206,    550.0687,  25806.8652,
       1,     168,     217,       2,       1,       3,       1,     10.0000,      1.3988,     42.5768,    248.1442,     62.4485,      3.4953,      0.0000,     -0.0317,      1.2804,      0.1427,      5.5735,     11.1470,      1.2611,     28.6161,     57.2322,      0.0192,      0.0010,      0.0156,      0.2030,   7742.0601,-419879.6250,   -924.2598,    550.1442,  25806.8652,
       1,     168,     217,       3,       1,       3,       1,     10.0000,      1.3988,     42.5768,    248.1442,     62.4485,      3.4953,      0.0000,     -0.0315,      1.0839,      0.1383,      5.5735,     11.1470,      1.2222,     28.6161,     57.2322,      0.0192,      0.0009,      0.0156,      0.2030,   7742.0601,-419912.5000,   -924.2810,    550.1419,  25806.8672,
       1,     168,     217,       4,       1,       3,       1,     10.0000,      1.3988,     42.5768,    248.1442,     62.4485,      3.4953,      0.0000,     -0.0314,      0.9076,      0.1361,      5.5735,     11.1470,      1.2025,     28.6161,     57.2322,      0.0192,      0.0007,      0.0156,      0.2030,   7742.0605,-419669.3750,   -924.2466,    550.1587,  25806.8633,
       1,     168,     217,       5,       1,       3,       1,     10.0000,      1.3988,     42.5768,    248.1442,     62.4485,      3.4953,      0.0000,     -0.0313,      1.0973,      0.1327,      5.5735,     11.1470,      1.1724,     28.6161,     57.2322,      0.0192,      0.0009,      0.0156,      0.2030,   7742.0591,-419428.0625,   -924.2105,    550.1752,  25806.8652,
       1,     168,     217,       6,       1,       3,       1,     10.0000,      1.3988,     42.5768,    248.1442,     62.4485,      3.4953,      0.0000,     -0.0313,      1.1708,      0.1329,      5.5735,     11.1470,      1.1748,     28.6161,     57.2322,      0.0192,      0.0009,      0.0156,      0.2030,   7742.0601,-419644.5312,   -924.2625,    550.1603,  25806.8672,
       1,     168,     217,       7,       1,       3,       1,     10.0000,      1.3988,     42.5768,    248.1442,     62.4485,      3.4953,      0.0000,     -0.0313,      0.8395,      0.1325,      5.5735,     11.1470,      1.1712,     28.6161,     57.2322,      0.0192,      0.0007,      0.0156,      0.2030,   7742.0605,-419754.9062,   -924.2945,    550.1528,  25806.8652,
       1,     168,     217,       8,       1,       3,       1,     10.0000,      1.3988,     42.5768,    248.1442,     62.4485,      3.4953,      0.0088,     -0.0225,      0.5519,      0.1329,      5.5735,     11.1470,      1.1748,     28.6161,     57.2322,      0.0192,      0.0004,      0.0156,      0.2030,   7742.0601,-419350.0938,   -924.2264,    550.1805,  25806.8652,
       1,     168,     217,       9,       1,       3,       1,     10.0000,      1.3988,     42.5768,    248.1442,     62.4485,      3.4953,      0.0677,      0.0362,      1.9088,      0.1371,      5.5735,     11.1470,      1.2111,     28.6161,     57.2322,      0.0192,      0.0003,      0.0777,      0.2030,   7742.0601,-418955.5938,   -924.1598,    550.2077,  25806.8672,
       1,     168,     217,      10,       1,       3,       1,     10.0000,      1.3988,     42.5768,    248.1442,     62.4485,      3.4953,      0.1581,      0.1260,      5.0718,      0.1550,      5.5735,     11.1470,      1.3697,     28.6161,     57.2322,      0.0192,      0.0003,      0.2080,      0.2030,   7742.0605,-420618.8750,   -924.5052,    550.0933,  25806.8652,
       1,     168,     217,      11,       1,       3,       1,     10.0000,      1.3988,     42.5768,    248.1442,     62.4485,      3.4953,      0.1870,      0.1538,      7.6138,      0.1881,      5.5735,     11.1470,      1.6623,     28.6161,     57.2322,      0.0192,      0.0004,      0.2500,      0.2030,   7742.0601,-424718.8438,   -925.3687,    549.8114,  25806.8652,
       1,     168,     217,      12,       1,       3,       1,     10.0000,      1.3988,     42.5768,    248.1442,     62.4485,      3.4953,      0.1870,      0.1534,      8.1885,      0.2004,      5.5735,     11.1470,      1.7710,     28.6161,     57.2322,      0.0192,      0.0004,      0.2500,      0.2030,   7742.0601,-428251.6250,   -926.1382,    549.5686,  25806.8672,
       1,     168,     217,      13,       1,       3,       1,     10.0000,      1.3988,     42.5768,    248.1442,     62.4485,      3.4953,      0.1869,      0.1528,      9.1906,      0.2216,      5.5735,     11.1470,      1.9580,     28.6161,     57.2322,      0.0192,      0.0005,      0.2500,      0.2030,   7742.0605,-429274.4688,   -926.4078,    549.4985,  25806.8633,
       1,     168,     217,      14,       1,       3,       1,     10.0000,      1.3988,     42.5768,    248.1442,     62.4485,      3.4953,      0.1869,      0.1524,      9.7124,      0.2325,      5.5735,     11.1470,      2.0542,     28.6161,     57.2322,      0.0192,      0.0005,      0.2500,      0.2030,   7742.0591,-430616.2188,   -926.6970,    549.4063,  25806.8672,
       1,     168,     217,      15,       1,       3,       1,     10.0000,      1.3988,     42.5768,    248.1442,     62.4485,      3.4953,      0.1882,      0.1535,     27.4599,      0.2436,      5.5735,     11.1470,      2.1528,     28.6161,     57.2322,      0.0192,      0.0013,      0.2500,      0.2029,   7742.0605,-431384.0625,   -926.8384,    549.3536,  25806.8652,
       1,     168,     217,      16,       1,       3,       1,     10.0000,      1.3988,     42.5768,    248.1442,     62.4485,      3.4953,      0.1919,      0.1568,     75.2193,      0.2553,      5.5735,     11.1470,      2.2557,     28.6161,     57.2322,      0.0192,      0.0037,      0.2500,      0.2029,   7742.0601,-453654.4062,   -931.0898,    547.8243,  25806.8652,
       1,     168,     217,      17,       1,       3,       1,     10.0000,      1.3988,     42.5768,    248.1442,     62.4485,      3.4953,      0.1838,      0.1488,     88.1731,      0.2528,      5.5735,     11.1470,      2.2339,     28.6161,     57.2322,      0.0192,      0.0046,      0.2365,      0.2029,   7742.0601,-515346.3438,   -943.0408,    543.6019,  25806.8652,
       1,     168,     217,      18,       1,       3,       1,     10.0000,      1.3988,     42.5768,    248.1442,     62.4485,      3.4953,      0.1674,      0.1325,    102.1894,      0.2479,      5.5735,     11.1470,      2.1908,     28.6161,     57.2322,      0.0192,      0.0060,      0.2107,      0.2029,   7742.0601,-536912.6250,   -947.4758,    542.1526,  25806.8652,
       1,     168,     217,      19,       1,       3,       1,     10.0000,      1.3988,     42.5768,    248.1442,     62.4485,      3.4953,      0.1189,      0.0845,     72.3821,      0.2304,      5.5735,     11.1470,      2.0362,     28.6161,     57.2322,      0.0192,      0.0062,      0.1426,      0.2028,   7742.0601,-556310.2500,   -951.5923,    540.8400,  25806.8633,
       1,     168,     217,      20,       1,       3,       1,     10.0000,      1.3988,     42.5768,    248.1442,     62.4485,      3.4953,      0.0252,     -0.0083,      6.8622,      0.2002,      5.5735,     11.1470,      1.7692,     28.6161,     57.2322,      0.0192,      0.0064,      0.0133,      0.2028,   7742.0591,-520608.7188,   -945.0692,    543.2553,  25806.8613,
       1,     168,     217,      21,       1,       3,       1,     10.0000,      1.3988,     42.5768,    248.1442,     62.4485,      3.4953,      0.0001,     -0.0324,      8.0180,      0.1664,      5.5735,     11.1470,      1.4707,     28.6161,     57.2322,      0.0192,      0.0063,      0.0156,      0.2029,   7742.0586,-435483.0938,   -928.7254,    549.0413,  25806.8613,
       1,     168,     217,      22,       1,       3,       1,     10.0000,      1.3988,     42.5768,    248.1442,     62.4485,      3.4953,      0.0000,     -0.0320,      7.9628,      0.1519,      5.5735,     11.1470,      1.3424,     28.6161,     57.2322,      0.0192,      0.0063,      0.0156,      0.2029,   7742.0586,-429721.8125,   -927.5813,    549.4677,  25806.8633,
       1,     168,     217,      23,       1,       3,       1,     10.0000,      1.3988,     42.5768,    248.1442,     62.4485,      3.4953,      0.0000,     -0.0319,      7.9576,      0.1499,      5.5735,     11.1470,      1.3250,     28.6161,     57.2322,      0.0192,      0.0063,      0.0156,      0.2030,   7742.0591,-429118.7812,   -927.4052,    549.5092,  25806.8633,
       1,     168,     217,      24,       1,       3,       1,     10.0000,      1.3988,     42.5768,    248.1442,     62.4485,      3.4953,      0.0000,     -0.0320,      6.8319,      0.1513,      5.5735,     11.1470,      1.3370,     28.6161,     57.2322,      0.0192,      0.0054,      0.0156,      0.2030,   7742.0591,-429060.3125,   -927.3303,    549.5132,  25806.8633,
       1,     168,     218,       1,       1,       3,       1,     10.0000,      1.3988,     42.5772,    248.1500,     62.4500,      3.4953,      0.0000,     -0.0319,      5.6160,      0.1489,      5.5731,     11.1461,      1.3157,     28.6222,     57.2444,      0.0192,      0.0044,      0.0156,      0.2030,   7742.0591,-427801.4062,   -927.3705,    549.6126,  25808.0195,
       1,     168,     218,       2,       1,       3,       1,     10.0000,      1.3988,     42.5772,    248.1500,     62.4500,      3.4953,      0.0000,     -0.0317,      3.2208,      0.1445,      5.5731,     11.1461,      1.2765,     28.6222,     57.2444,      0.0192,      0.0025,      0.0156,      0.2030,   7742.4062,-426019.5312,   -926.7207,    549.7350,  25808.0195,
       1,     168,     218,       3,       1,       3,       1,     10.0000,      1.3988,     42.5772,    248.1500,     62.4500,      3.4953,      0.0000,     -0.0317,      2.4199,      0.1449,      5.5731,     11.1461,      1.2804,     28.6222,     57.2444,      0.0192,      0.0019,      0.0156,      0.2030,   7742.4062,-422870.4375,   -926.0869,    549.9515,  25808.0195,
       1,     168,     218,       4,       1,       3,       1,     10.0000,      1.3988,     42.5772,    248.1500,     62.4500,      3.4953,      0.0000,     -0.0316,      2.6227,      0.1400,      5.5731,     11.1461,      1.2371,     28.6222,     57.2444,      0.0192,      0.0021,      0.0156,      0.2030,   7742.4062,-421597.6875,   -925.8246,    550.0389,  25808.0176,
       1,     168,     218,       5,       1,       3,       1,     10.0000,      1.3988,     42.5772,    248.1500,     62.4500,      3.4953,      0.0000,     -0.0312,      1.7206,      0.1319,      5.5731,     11.1461,      1.1653,     28.6222,     57.2444,      0.0192,      0.0014,      0.0156,      0.2030,   7742.4058,-421742.1562,   -925.8298,    550.0290,  25808.0176,
       1,     168,     218,       6,       1,       3,       1,     10.0000,      1.3988,     42.5772,    248.1500,     62.4500,      3.4953,      0.0000,     -0.0315,      0.7217,      0.1372,      5.5731,     11.1461,      1.2123,     28.6222,     57.2444,      0.0192,      0.0006,      0.0156,      0.2030,   7742.4058,-420626.3438,   -925.6020,    550.1058,  25808.0176,
       1,     168,     218,       7,       1,       3,       1,     10.0000,      1.3988,     42.5772,    248.1500,     62.4500,      3.4953,      0.0000,     -0.0314,      0.5643,      0.1362,      5.5731,     11.1461,      1.2038,     28.6222,     57.2444,      0.0192,      0.0004,      0.0156,      0.2030,   7742.4058,-419280.9062,   -925.3425,    550.1983,  25808.0176,
       1,     168,     218,       8,       1,       3,       1,     10.0000,      1.3988,     42.5772,    248.1500,     62.4500,      3.4953,      0.0058,     -0.0256,      0.5960,      0.1347,      5.5731,     11.1461,      1.1904,     28.6222,     57.2444,      0.0192,      0.0005,      0.0156,      0.2030,   7742.4058,-418968.2188,   -925.2818,    550.2198,  25808.0176,
       1,     168,     218,       9,       1,       3,       1,     10.0000,      1.3988,     42.5772,    248.1500,     62.4500,      3.4953,      0.0878,      0.0562,      2.3664,      0.1410,      5.5731,     11.1461,      1.2459,     28.6222,     57.2444,      0.0192,      0.0003,      0.1065,      0.2030,   7742.4058,-418981.0000,   -925.2819,    550.2189,  25808.0176,
       1,     168,     218,      10,       1,       3,       1,     10.0000,      1.3988,     42.5772,    248.1500,     62.4500,      3.4953,      0.1729,      0.1400,      7.0300,      0.1799,      5.5731,     11.1461,      1.5897,     28.6222,     57.2444,      0.0192,      0.0004,      0.2294,      0.2030,   7742.4058,-421196.4688,   -925.6877,    550.0666,  25808.0176,
       1,     168,     218,      11,       1,       3,       1,     10.0000,      1.3988,     42.5772,    248.1500,     62.4500,      3.4953,      0.1870,      0.1534,      8.1980,      0.2006,      5.5731,     11.1461,      1.7728,     28.6222,     57.2444,      0.0192,      0.0004,      0.2500,      0.2030,   7742.4058,-427220.1562,   -926.7458,    549.6523,  25808.0176,
       1,     168,     218,      12,       1,       3,       1,     10.0000,      1.3988,     42.5772,    248.1500,     62.4500,      3.4953,      0.1869,      0.1525,      9.6255,      0.2307,      5.5731,     11.1461,      2.0383,     28.6222,     57.2444,      0.0192,      0.0005,      0.2500,      0.2030,   7742.4058,-429199.8125,   -926.9836,    549.5165,  25808.0176,
       1,     168,     218,      13,       1,       3,       1,     10.0000,      1.3988,     42.5772,    248.1500,     62.4500,      3.4953,      0.1868,      0.1517,     10.9885,      0.2588,      5.5731,     11.1461,      2.2866,     28.6222,     57.2444,      0.0192,      0.0005,      0.2500,      0.2030,   7742.4058,-431155.5000,   -927.1100,    549.3821,  25808.0176,
       1,     168,     218,      14,       1,       3,       1,     10.0000,      1.3988,     42.5772,    248.1500,     62.4500,      3.4953,      0.1869,      0.1515,     12.4305,      0.2674,      5.5731,     11.1461,      2.3632,     28.6222,     57.2444,      0.0192,      0.0006,      0.2500,      0.2030,   7742.4058,-433028.7188,   -927.1002,    549.2535,  25808.0176,
       1,     168,     218,      15,       1,       3,       1,     10.0000,      1.3988,     42.5772,    248.1500,     62.4500,      3.4953,      0.1891,      0.1535,     60.9047,      0.2810,      5.5731,     11.1461,      2.4827,     28.6222,     57.2444,      0.0192,      0.0030,      0.2479,      0.2030,   7742.4058,-434993.6875,   -927.1119,    549.1187,  25808.0176,
       1,     168,     218,      16,       1,       3,       1,     10.0000,      1.3988,     42.5772,    248.1500,     62.4500,      3.4953,      0.1863,      0.1513,     91.1012,      0.2521,      5.5731,     11.1461,      2.2274,     28.6222,     57.2444,      0.0192,      0.0047,      0.2399,      0.2030,   7742.4058,-495805.4062,   -938.7341,    544.9446,  25808.0176,
       1,     168,     218,      17,       1,       3,       1,     10.0000,      1.3988,     42.5772,    248.1500,     62.4500,      3.4953,      0.1892,      0.1545,    140.1032,      0.2420,      5.5731,     11.1461,      2.1382,     28.6222,     57.2444,      0.0192,      0.0072,      0.2386,      0.2029,   7742.4058,-538884.5000,   -947.3317,    542.0259,  25808.0176,
       1,     168,     218,      18,       1,       3,       1,     10.0000,      1.3988,     42.5772,    248.1500,     62.4500,      3.4953,      0.1599,      0.1257,    132.5004,      0.2246,      5.5731,     11.1461,      1.9851,     28.6222,     57.2444,      0.0192,      0.0083,      0.1962,      0.2029,   7742.4058,-603982.1250,   -960.4616,    537.6232,  25808.0195,
       1,     168,     218,      19,       1,       3,       1,     10.0000,      1.3988,     42.5772,    248.1500,     62.4500,      3.4953,      0.0437,      0.0103,     23.4994,      0.1957,      5.5731,     11.1461,      1.7295,     28.6222,     57.2444,      0.0192,      0.0075,      0.0387,      0.2028,   7742.4062,-600070.7500,   -960.2510,    537.9039,  25808.0176,
       1,     168,     218,      20,       1,       3,       1,     10.0000,      1.3988,     42.5772,    248.1500,     62.4500,      3.4953,      0.0156,     -0.0176,      0.2445,      0.1891,      5.5731,     11.1461,      1.6706,     28.6222,     57.2444,      0.0192,      0.0078,      0.0004,      0.2028,   7742.4058,-462985.6562,   -933.5442,    547.1213,  25808.0156,
       1,     168,     218,      21,       1,       3,       1,     10.0000,      1.3988,     42.5772,    248.1500,     62.4500,      3.4953,      0.0001,     -0.0329,      8.0276,      0.1821,      5.5731,     11.1461,      1.6088,     28.6222,     57.2444,      0.0192,      0.0063,      0.0156,      0.2029,   7742.4048,-422408.6250,   -925.4615,    549.9758,  25808.0156,
       1,     168,     218,      22,       1,       3,       1,     10.0000,      1.3988,     42.5772,    248.1500,     62.4500,      3.4953,      0.0000,     -0.0328,      6.4367,      0.1760,      5.5731,     11.1461,      1.5552,     28.6222,     57.2444,      0.0192,      0.0051,      0.0156,      0.2030,   7742.4048,-428581.9062,   -926.5980,    549.5588,  25808.0176,
       1,     168,     218,      23,       1,       3,       1,     10.0000,      1.3988,     42.5772,    248.1500,     62.4500,      3.4953,      0.0000,     -0.0326,      6.1929,      0.1701,      5.5731,     11.1461,      1.5034,     28.6222,     57.2444,      0.0192,      0.0049,      0.0156,      0.2030,   7742.4058,-427113.6250,   -926.2498,    549.6600,  25808.0176,
       1,     168,     218,      24,       1,       3,       1,     10.0000,      1.3988,     42.5772,    248.1500,     62.4500,      3.4953,      0.0000,     -0.0326,      4.0513,      0.1688,      5.5731,     11.1461,      1.4914,     28.6222,     57.2444,      0.0192,      0.0032,      0.0156,      0.2030,   7742.4058,-426682.0938,   -926.1136,    549.6895,  25808.0137,
       1,     168,     219,       1,       1,       3,       1,     10.0000,      1.3988,     42.5775,    248.1559,     62.4515,      3.4953,      0.0000,     -0.0323,      3.7299,      0.1602,      5.5731,     11.1462,      1.4159,     28.6266,     57.2532,      0.0192,      0.0029,      0.0156,      0.2030,   7742.4043,-424121.7188,   -925.8687,    549.8784,  25809.1719,
       1,     168,     219,       2,       1,       3,       1,     10.0000,      1.3988,     42.5775,    248.1559,     62.4515,      3.4953,      0.0000,     -0.0320,      3.0008,      0.1515,      5.5731,     11.1462,      1.3384,     28.6266,     57.2532,      0.0192,      0.0024,      0.0156,      0.2030,   7742.7520,-423346.6875,   -925.4095,    549.9316,  25809.1719,
       1,     168,     219,       3,       1,       3,       1,     10.0000,      1.3988,     42.5775,    248.1559,     62.4515,      3.4953,      0.0000,     -0.0318,      2.9583,      0.1468,      5.5731,     11.1462,      1.2973,     28.6266,     57.2532,      0.0192,      0.0023,      0.0156,      0.2030,   7742.7520,-422368.1250,   -925.2142,    549.9989,  25809.1719,
       1,     168,     219,       4,       1,       3,       1,     10.0000,      1.3988,     42.5775,    248.1559,     62.4515,      3.4953,      0.0000,     -0.0318,      2.5795,      0.1470,      5.5731,     11.1462,      1.2986,     28.6266,     57.2532,      0.0192,      0.0020,      0.0156,      0.2030,   7742.7520,-422230.8438,   -925.1740,    550.0084,  25809.1719,
       1,     168,     219,       5,       1,       3,       1,     10.0000,      1.3988,     42.5775,    248.1559,     62.4515,      3.4953,      0.0000,     -0.0317,      2.2461,      0.1445,      5.5731,     11.1462,      1.2765,     28.6266,     57.2532,      0.0192,      0.0018,      0.0156,      0.2030,   7742.7520,-421745.3125,   -925.0643,    550.0417,  25809.1719,
       1,     168,     219,       6,       1,       3,       1,     10.0000,      1.3988,     42.5775,    248.1559,     62.4515,      3.4953,      0.0000,     -0.0316,      1.3409,      0.1410,      5.5731,     11.1462,      1.2459,     28.6266,     57.2532,      0.0192,      0.0011,      0.0156,      0.2030,   7742.7520,-421286.5938,   -924.9671,    550.0733,  25809.1719,
       1,     168,     219,       7,       1,       3,       1,     10.0000,      1.3988,     42.5775,    248.1559,     62.4515,      3.4953,      0.0000,     -0.0314,      0.9744,      0.1364,      5.5731,     11.1462,      1.2050,     28.6266,     57.2532,      0.0192,      0.0008,      0.0156,      0.2030,   7742.7520,-420115.0312,   -924.7325,    550.1539,  25809.1719,
       1,     168,     219,       8,       1,       3,       1,     10.0000,      1.3988,     42.5775,    248.1559,     62.4515,      3.4953,      0.0076,     -0.0238,      1.1547,      0.1343,      5.5731,     11.1462,      1.1868,     28.6266,     57.2532,      0.0192,      0.0009,      0.0156,      0.2030,   7742.7520,-419555.9688,   -924.6230,    550.1923,  25809.1719,
       1,     168,     219,       9,       1,       3,       1,     10.0000,      1.3988,     42.5775,    248.1559,     62.4515,      3.4953,      0.0781,      0.0462,      7.6257,      0.1490,      5.5731,     11.1462,      1.3170,     28.6266,     57.2532,      0.0192,      0.0010,      0.0918,      0.2030,   7742.7520,-419733.4375,   -924.6515,    550.1802,  25809.1719,
       1,     168,     219,      10,       1,       3,       1,     10.0000,      1.3988,     42.5775,    248.1559,     62.4515,      3.4953,      0.1483,      0.1156,      9.6081,      0.1710,      5.5731,     11.1462,      1.5110,     28.6266,     57.2532,      0.0192,      0.0006,      0.1932,      0.2030,   7742.7520,-427841.1250,   -926.2399,    549.6225,  25809.1699,
       1,     168,     219,      11,       1,       3,       1,     10.0000,      1.3988,     42.5775,    248.1559,     62.4515,      3.4953,      0.1756,      0.1421,      8.7722,      0.1985,      5.5731,     11.1462,      1.7536,     28.6266,     57.2532,      0.0192,      0.0005,      0.2333,      0.2030,   7742.7515,-431019.0938,   -926.8167,    549.4044,  25809.1738,
       1,     168,     219,      12,       1,       3,       1,     10.0000,      1.3988,     42.5775,    248.1559,     62.4515,      3.4953,      0.1827,      0.1493,      7.7885,      0.1961,      5.5731,     11.1462,      1.7330,     28.6266,     57.2532,      0.0192,      0.0004,      0.2438,      0.2030,   7742.7524,-430246.0312,   -926.5903,    549.4576,  25809.1738,
       1,     168,     219,      13,       1,       3,       1,     10.0000,      1.3988,     42.5775,    248.1559,     62.4515,      3.4953,      0.1633,      0.1307,      8.0964,      0.1686,      5.5731,     11.1462,      1.4900,     28.6266,     57.2532,      0.0192,      0.0005,      0.2152,      0.2030,   7742.7524,-428949.1250,   -926.2834,    549.5467,  25809.1719,
       1,     168,     219,      14,       1,       3,       1,     10.0000,      1.3988,     42.5775,    248.1559,     62.4515,      3.4953,      0.1895,      0.1563,     39.4006,      0.1892,      5.5731,     11.1462,      1.6723,     28.6266,     57.2532,      0.0192,      0.0019,      0.2500,      0.2030,   7742.7520,-429222.9375,   -926.8689,    549.5278,  25809.1719,
       1,     168,     219,      15,       1,       3,       1,     10.0000,      1.3988,     42.5775,    248.1559,     62.4515,      3.4953,      0.1891,      0.1552,     36.3662,      0.2122,      5.5731,     11.1462,      1.8752,     28.6266,     57.2532,      0.0192,      0.0018,      0.2500,      0.2030,   7742.7520,-468401.0938,   -934.5586,    546.8367,  25809.1699,
       1,     168,     219,      16,       1,       3,       1,     10.0000,      1.3988,     42.5775,    248.1559,     62.4515,      3.4953,      0.1908,      0.1563,     58.8450,      0.2309,      5.5731,     11.1462,      2.0403,     28.6266,     57.2532,      0.0192,      0.0029,      0.2500,      0.2030,   7742.7515,-467988.1562,   -934.4401,    546.8715,  25809.1699,
       1,     168,     219,      17,       1,       3,       1,     10.0000,      1.3988,     42.5775,    248.1559,     62.4515,      3.4953,      0.1827,      0.1484,     63.7464,      0.2244,      5.5731,     11.1462,      1.9832,     28.6266,     57.2532,      0.0192,      0.0033,      0.2375,      0.2030,   7742.7515,-496076.5625,   -940.0393,    544.9514,  25809.1719,
       1,     168,     219,      18,       1,       3,       1,     10.0000,      1.3988,     42.5775,    248.1559,     62.4515,      3.4953,      0.1547,      0.1211,     33.3394,      0.2018,      5.5731,     11.1462,      1.7833,     28.6266,     57.2532,      0.0192,      0.0020,      0.1998,      0.2029,   7742.7520,-504631.7500,   -941.8975,    544.3719,  25809.1719,
       1,     168,     219,      19,       1,       3,       1,     10.0000,      1.3988,     42.5775,    248.1559,     62.4515,      3.4953,      0.0939,      0.0609,     23.6369,      0.1824,      5.5731,     11.1462,      1.6120,     28.6266,     57.2532,      0.0192,      0.0026,      0.1121,      0.2029,   7742.7520,-467285.6250,   -934.6466,    546.9136,  25809.1719,
       1,     168,     219,      20,       1,       3,       1,     10.0000,      1.3988,     42.5775,    248.1559,     62.4515,      3.4953,      0.0283,     -0.0044,      6.6652,      0.1737,      5.5731,     11.1462,      1.5353,     28.6266,     57.2532,      0.0192,      0.0044,      0.0188,      0.2030,   7742.7520,-451960.9375,   -931.6836,    547.9672,  25809.1719,
       1,     168,     219,      21,       1,       3,       1,     10.0000,      1.3988,     42.5775,    248.1559,     62.4515,      3.4953,      0.0000,     -0.0326,      5.6636,      0.1701,      5.5731,     11.1462,      1.5034,     28.6266,     57.2532,      0.0192,      0.0045,      0.0156,      0.2030,   7742.7520,-429406.7188,   -927.1946,    549.5131,  25809.1719,
       1,     168,     219,      22,       1,       3,       1,     10.0000,      1.3988,     42.5775,    248.1559,     62.4515,      3.4953,      0.0000,     -0.0327,      5.3332,      0.1717,      5.5731,     11.1462,      1.5170,     28.6266,     57.2532,      0.0192,      0.0042,      0.0156,      0.2030,   7742.7520,-426222.1562,   -926.5269,    549.7339,  25809.1738,
       1,     168,     219,      23,       1,       3,       1,     10.0000,      1.3988,     42.5775,    248.1559,     62.4515,      3.4953,      0.0000,     -0.0326,      4.1374,      0.1708,      5.5731,     11.1462,      1.5095,     28.6266,     57.2532,      0.0192,      0.0033,      0.0156,      0.2030,   7742.7524,-425532.4062,   -926.3535,    549.7814,  25809.1699,
       1,     168,     219,      24,       1,       3,       1,     10.0000,      1.3988,     42.5775,    248.1559,     62.4515,      3.4953,      0.0000,     -0.0328,      3.0004,      0.1755,      5.5731,     11.1462,      1.5506,     28.6266,     57.2532,      0.0192,      0.0024,      0.0156,      0.2030,   7742.7515,-423977.7500,   -926.0193,    549.8882,  25809.1699,
       1,     168,     220,       1,       1,       3,       1,     10.0000,      1.3988,     42.5778,    248.1617,     62.4529,      3.4953,      0.0000,     -0.0327,      2.3833,      0.1734,      5.5736,     11.1473,      1.5322,     28.6310,     57.2619,      0.0192,      0.0019,      0.0156,      0.2030,   7742.7515,-422577.5938,   -926.0119,    549.9974,  25810.3281,
       1,     168,     220,       2,       1,       3,       1,     10.0000,      1.3988,     42.5778,    248.1617,     62.4529,      3.4953,      0.0000,     -0.0327,      2.0030,      0.1719,      5.5736,     11.1473,      1.5186,     28.6310,     57.2619,      0.0192,      0.0016,      0.0156,      0.2030,   7743.0986,-421532.5312,   -925.5067,    550.0693,  25810.3281,
       1,     168,     220,       3,       1,       3,       1,     10.0000,      1.3988,     42.5778,    248.1617,     62.4529,      3.4953,      0.0000,     -0.0326,      1.6378,      0.1695,      5.5736,     11.1473,      1.4975,     28.6310,     57.2619,      0.0192,      0.0013,      0.0156,      0.2030,   7743.0986,-420967.1562,   -925.3849,    550.1082,  25810.3281,
       1,     168,     220,       4,       1,       3,       1,     10.0000,      1.3988,     42.5778,    248.1617,     62.4529,      3.4953,      0.0000,     -0.0326,      1.4258,      0.1685,      5.5736,     11.1473,      1.4885,     28.6310,     57.2619,      0.0192,      0.0011,      0.0156,      0.2030,   7743.0986,-420461.9062,   -925.2775,    550.1429,  25810.3281,
       1,     168,     220,       5,       1,       3,       1,     10.0000,      1.3988,     42.5778,    248.1617,     62.4529,      3.4953,      0.0000,     -0.0326,      1.3195,      0.1683,      5.5736,     11.1473,      1.4870,     28.6310,     57.2619,      0.0192,      0.0010,      0.0156,      0.2030,   7743.0986,-420153.3125,   -925.2092,    550.1641,  25810.3301,
       1,     168,     220,       6,       1,       3,       1,     10.0000,      1.3988,     42.5778,    248.1617,     62.4529,      3.4953,      0.0000,     -0.0326,      1.0665,      0.1700,      5.5736,     11.1473,      1.5020,     28.6310,     57.2619,      0.0192,      0.0008,      0.0156,      0.2030,   7743.0991,-419993.6875,   -925.1704,    550.1751,  25810.3262,
       1,     168,     220,       7,       1,       3,       1,     10.0000,      1.3988,     42.5778,    248.1617,     62.4529,      3.4953,      0.0000,     -0.0326,      1.2972,      0.1698,      5.5736,     11.1473,      1.5005,     28.6310,     57.2619,      0.0192,      0.0010,      0.0156,      0.2030,   7743.0981,-419663.8750,   -925.1014,    550.1978,  25810.3281,
       1,     168,     220,       8,       1,       3,       1,     10.0000,      1.3988,     42.5778,    248.1617,     62.4529,      3.4953,      0.0105,     -0.0220,      1.0650,      0.1674,      5.5736,     11.1473,      1.4796,     28.6310,     57.2619,      0.0192,      0.0008,      0.0156,      0.2030,   7743.0986,-419923.8125,   -925.1466,    550.1799,  25810.3281,
       1,     168,     220,       9,       1,       3,       1,     10.0000,      1.3988,     42.5778,    248.1617,     62.4529,      3.4953,      0.0942,      0.0614,      7.7902,      0.1751,      5.5736,     11.1473,      1.5476,     28.6310,     57.2619,      0.0192,      0.0008,      0.1146,      0.2030,   7743.0986,-419655.8438,   -925.0871,    550.1984,  25810.3281,
       1,     168,     220,      10,       1,       3,       1,     10.0000,      1.3988,     42.5778,    248.1617,     62.4529,      3.4953,      0.1520,      0.1188,     16.5119,      0.1889,      5.5736,     11.1473,      1.6690,     28.6310,     57.2619,      0.0192,      0.0010,      0.1978,      0.2030,   7743.0986,-428042.4375,   -926.7499,    549.6216,  25810.3281,
       1,     168,     220,      11,       1,       3,       1,     10.0000,      1.3988,     42.5778,    248.1617,     62.4529,      3.4953,      0.1801,      0.1460,     27.0024,      0.2175,      5.5736,     11.1473,      1.9219,     28.6310,     57.2619,      0.0192,      0.0014,      0.2378,      0.2030,   7743.0986,-439671.7188,   -929.0450,    548.8229,  25810.3281,
       1,     168,     220,      12,       1,       3,       1,     10.0000,      1.3988,     42.5778,    248.1617,     62.4529,      3.4953,      0.1777,      0.1438,     32.3610,      0.2124,      5.5736,     11.1473,      1.8771,     28.6310,     57.2619,      0.0192,      0.0017,      0.2337,      0.2030,   7743.0986,-453794.2188,   -931.7667,    547.8546,  25810.3281,
       1,     168,     220,      13,       1,       3,       1,     10.0000,      1.3988,     42.5778,    248.1617,     62.4529,      3.4953,      0.1887,      0.1543,     32.1532,      0.2311,      5.5736,     11.1473,      2.0423,     28.6310,     57.2619,      0.0192,      0.0016,      0.2500,      0.2030,   7743.0986,-461712.7500,   -933.3456,    547.3132,  25810.3281,
       1,     168,     220,      14,       1,       3,       1,     10.0000,      1.3988,     42.5778,    248.1617,     62.4529,      3.4953,      0.1893,      0.1548,     40.1250,      0.2348,      5.5736,     11.1473,      2.0745,     28.6310,     57.2619,      0.0192,      0.0020,      0.2500,      0.2030,   7743.0986,-462131.9062,   -933.4055,    547.2848,  25810.3262,
       1,     168,     220,      15,       1,       3,       1,     10.0000,      1.3988,     42.5778,    248.1617,     62.4529,      3.4953,      0.1398,      0.1059,     31.5648,      0.2122,      5.5736,     11.1473,      1.8753,     28.6310,     57.2619,      0.0192,      0.0022,      0.1781,      0.2030,   7743.0981,-472142.3750,   -935.3885,    546.6000,  25810.3262,
       1,     168,     220,      16,       1,       3,       1,     10.0000,      1.3988,     42.5778,    248.1617,     62.4529,      3.4953,      0.0490,      0.0161,     15.4325,      0.1776,      5.5736,     11.1473,      1.5693,     28.6310,     57.2619,      0.0192,      0.0040,      0.0478,      0.2030,   7743.0981,-462289.8125,   -934.5189,    547.2736,  25810.3262,
       1,     168,     220,      17,       1,       3,       1,     10.0000,      1.3988,     42.5778,    248.1617,     62.4529,      3.4953,      0.0538,      0.0213,     14.5018,      0.1690,      5.5736,     11.1473,      1.4930,     28.6310,     57.2619,      0.0192,      0.0032,      0.0552,      0.2030,   7743.0981,-441260.1875,   -930.9011,    548.7126,  25810.3281,
       1,     168,     220,      18,       1,       3,       1,     10.0000,      1.3988,     42.5778,    248.1617,     62.4529,      3.4953,      0.0156,     -0.0169,      0.4557,      0.1650,      5.5736,     11.1473,      1.4576,     28.6310,     57.2619,      0.0192,      0.0044,      0.0013,      0.2030,   7743.0986,-438296.2500,   -930.3157,    548.9178,  25810.3281,
       1,     168,     220,      19,       1,       3,       1,     10.0000,      1.3988,     42.5778,    248.1617,     62.4529,      3.4953,      0.0524,      0.0200,     21.1969,      0.1636,      5.5736,     11.1473,      1.4460,     28.6310,     57.2619,      0.0192,      0.0050,      0.0525,      0.2030,   7743.0986,-420470.6875,   -929.0089,    550.1409,  25810.3281,
       1,     168,     220,      20,       1,       3,       1,     10.0000,      1.3988,     42.5778,    248.1617,     62.4529,      3.4953,      0.0212,     -0.0112,      1.9429,      0.1627,      5.5736,     11.1473,      1.4373,     28.6310,     57.2619,      0.0192,      0.0025,      0.0094,      0.2030,   7743.0986,-444878.9375,   -933.8223,    548.4638,  25810.3281,
       1,     168,     220,      21,       1,       3,       1,     10.0000,      1.3988,     42.5778,    248.1617,     62.4529,      3.4953,      0.0000,     -0.0321,      1.6099,      0.1556,      5.5736,     11.1473,      1.3753,     28.6310,     57.2619,      0.0192,      0.0013,      0.0156,      0.2030,   7743.0986,-422897.4688,   -929.4382,    549.9734,  25810.3301,
       1,     168,     220,      22,       1,       3,       1,     10.0000,      1.3988,     42.5778,    248.1617,     62.4529,      3.4953,      0.0000,     -0.0322,      1.9248,      0.1578,      5.5736,     11.1473,      1.3947,     28.6310,     57.2619,      0.0192,      0.0015,      0.0156,      0.2030,   7743.0991,-420595.3125,   -928.9699,    550.1337,  25810.3262,
       1,     168,     220,      23,       1,       3,       1,     10.0000,      1.3988,     42.5778,    248.1617,     62.4529,      3.4953,      0.0000,     -0.0321,      0.9314,      0.1541,      5.5736,     11.1473,      1.3615,     28.6310,     57.2619,      0.0192,      0.0007,      0.0156,      0.2030,   7743.0981,-420788.9375,   -928.9978,    550.1204,  25810.3281,
       1,     168,     220,      24,       1,       3,       1,     10.0000,      1.3988,     42.5778,    248.1617,     62.4529,      3.4953,      0.0000,     -0.0321,      0.5980,      0.1560,      5.5736,     11.1473,      1.3781,     28.6310,     57.2619,      0.0192,      0.0005,      0.0156,      0.2030,   7743.0986,-419563.2188,   -928.7515,    550.2047,  25810.3281,
       1,     168,     221,       1,       1,       3,       1,     10.0000,      1.3988,     42.5782,    248.1676,     62.4544,      3.4953,      0.0000,     -0.0321,      1.1019,      0.1561,      5.5745,     11.1489,      1.3795,     28.6237,     57.2475,      0.0192,      0.0009,      0.0156,      0.2031,   7743.0986,-419196.4688,   -928.9660,    550.2430,  25811.4844,
       1,     168,     221,       2,       1,       3,       1,     10.0000,      1.3988,     42.5782,    248.1676,     62.4544,      3.4953,      0.0000,     -0.0320,      0.8230,      0.1516,      5.5745,     11.1489,      1.3398,     28.6237,     57.2475,      0.0192,      0.0006,      0.0156,      0.2031,   7743.4458,-419642.2500,   -928.7639,    550.2123,  25811.4824,
       1,     168,     221,       3,       1,       3,       1,     10.0000,      1.3988,     42.5782,    248.1676,     62.4544,      3.4953,      0.0000,     -0.0319,      1.0674,      0.1485,      5.5745,     11.1489,      1.3118,     28.6237,     57.2475,      0.0192,      0.0008,      0.0156,      0.2031,   7743.4448,-419332.0938,   -928.6989,    550.2336,  25811.4824,
       1,     168,     221,       4,       1,       3,       1,     10.0000,      1.3988,     42.5782,    248.1676,     62.4544,      3.4953,      0.0000,     -0.0317,      0.7617,      0.1433,      5.5745,     11.1489,      1.2663,     28.6237,     57.2475,      0.0192,      0.0006,      0.0156,      0.2031,   7743.4448,-419611.0000,   -929.3192,    550.2145,  25811.4844,
       1,     168,     221,       5,       1,       3,       1,     10.0000,      1.3988,     42.5782,    248.1676,     62.4544,      3.4953,      0.0000,     -0.0316,      0.7899,      0.1410,      5.5745,     11.1489,      1.2460,     28.6237,     57.2475,      0.0192,      0.0006,      0.0156,      0.2031,   7743.4458,-419252.5938,   -929.2443,    550.2391,  25811.4824,
       1,     168,     221,       6,       1,       3,       1,     10.0000,      1.3988,     42.5782,    248.1676,     62.4544,      3.4953,      0.0000,     -0.0316,      0.8263,      0.1406,      5.5745,     11.1489,      1.2422,     28.6237,     57.2475,      0.0192,      0.0007,      0.0156,      0.2031,   7743.4448,-419257.0938,   -929.2438,    550.2388,  25811.4844,
       1,     168,     221,       7,       1,       3,       1,     10.0000,      1.3988,     42.5782,    248.1676,     62.4544,      3.4953,      0.0000,     -0.0315,      0.5301,      0.1393,      5.5745,     11.1489,      1.2310,     28.6237,     57.2475,      0.0192,      0.0004,      0.0156,      0.2031,   7743.4458,-419302.9062,   -929.2496,    550.2357,  25811.4863,
       1,     168,     221,       8,       1,       3,       1,     10.0000,      1.3988,     42.5782,    248.1676,     62.4544,      3.4953,      0.0091,     -0.0224,      0.3317,      0.1375,      5.5745,     11.1489,      1.2149,     28.6237,     57.2475,      0.0192,      0.0003,      0.0156,      0.2031,   7743.4463,-418936.2188,   -929.1762,    550.2609,  25811.4844,
       1,     168,     221,       9,       1,       3,       1,     10.0000,      1.3988,     42.5782,    248.1676,     62.4544,      3.4953,      0.1102,      0.0782,      3.3080,      0.1519,      5.5745,     11.1489,      1.3425,     28.6237,     57.2475,      0.0192,      0.0003,      0.1388,      0.2031,   7743.4458,-418656.8438,   -929.1188,    550.2801,  25811.4844,
       1,     168,     221,      10,       1,       3,       1,     10.0000,      1.3988,     42.5782,    248.1676,     62.4544,      3.4953,      0.1432,      0.1106,      6.2931,      0.1722,      5.5745,     11.1489,      1.5216,     28.6237,     57.2475,      0.0192,      0.0004,      0.1862,      0.2031,   7743.4458,-422354.1250,   -929.8204,    550.0258,  25811.4844,
       1,     168,     221,      11,       1,       3,       1,     10.0000,      1.3988,     42.5782,    248.1676,     62.4544,      3.4953,      0.1585,      0.1251,      8.4997,      0.1938,      5.5745,     11.1489,      1.7126,     28.6237,     57.2475,      0.0192,      0.0005,      0.2082,      0.2031,   7743.4458,-426404.6875,   -930.5801,    549.7474,  25811.4844,
       1,     168,     221,      12,       1,       3,       1,     10.0000,      1.3988,     42.5782,    248.1676,     62.4544,      3.4953,      0.1807,      0.1471,      9.1060,      0.2016,      5.5745,     11.1489,      1.7817,     28.6237,     57.2475,      0.0192,      0.0005,      0.2406,      0.2031,   7743.4458,-429512.1875,   -931.0472,    549.5339,  25811.4844,
       1,     168,     221,      13,       1,       3,       1,     10.0000,      1.3988,     42.5782,    248.1676,     62.4544,      3.4953,      0.1870,      0.1522,     12.0695,      0.2448,      5.5745,     11.1489,      2.1635,     28.6237,     57.2475,      0.0192,      0.0006,      0.2500,      0.2031,   7743.4458,-430537.5000,   -931.1068,    549.4634,  25811.4844,
       1,     168,     221,      14,       1,       3,       1,     10.0000,      1.3988,     42.5782,    248.1676,     62.4544,      3.4953,      0.1877,      0.1530,     20.9240,      0.2418,      5.5745,     11.1489,      2.1362,     28.6237,     57.2475,      0.0192,      0.0010,      0.2500,      0.2031,   7743.4458,-434331.4688,   -931.4200,    549.2029,  25811.4844,
       1,     168,     221,      15,       1,       3,       1,     10.0000,      1.3988,     42.5782,    248.1676,     62.4544,      3.4953,      0.1892,      0.1541,     41.8394,      0.2598,      5.5745,     11.1489,      2.2957,     28.6237,     57.2475,      0.0192,      0.0021,      0.2500,      0.2031,   7743.4458,-445730.7500,   -933.5080,    548.4203,  25811.4863,
       1,     168,     221,      16,       1,       3,       1,     10.0000,      1.3988,     42.5782,    248.1676,     62.4544,      3.4953,      0.1918,      0.1567,     75.0605,      0.2595,      5.5745,     11.1489,      2.2934,     28.6237,     57.2475,      0.0192,      0.0037,      0.2500,      0.2030,   7743.4463,-472871.9688,   -938.7541,    546.5604,  25811.4844,
       1,     168,     221,      17,       1,       3,       1,     10.0000,      1.3988,     42.5782,    248.1676,     62.4544,      3.4953,      0.1894,      0.1543,     81.8353,      0.2546,      5.5745,     11.1489,      2.2493,     28.6237,     57.2475,      0.0192,      0.0041,      0.2455,      0.2030,   7743.4458,-516779.1250,   -947.5175,    543.5638,  25811.4844,
       1,     168,     221,      18,       1,       3,       1,     10.0000,      1.3988,     42.5782,    248.1676,     62.4544,      3.4953,      0.1815,      0.1469,    113.3976,      0.2357,      5.5745,     11.1489,      2.0827,     28.6237,     57.2475,      0.0192,      0.0061,      0.2301,      0.2030,   7743.4458,-529046.3750,   -950.1339,    542.7385,  25811.4824,
       1,     168,     221,      19,       1,       3,       1,     10.0000,      1.3988,     42.5782,    248.1676,     62.4544,      3.4953,      0.1193,      0.0858,     60.7661,      0.2012,      5.5745,     11.1489,      1.7782,     28.6237,     57.2475,      0.0192,      0.0052,      0.1449,      0.2030,   7743.4448,-569617.0625,   -958.5723,    539.9867,  25811.4824,
       1,     168,     221,      20,       1,       3,       1,     10.0000,      1.3988,     42.5782,    248.1676,     62.4544,      3.4953,      0.0326,     -0.0007,     12.6417,      0.1910,      5.5745,     11.1489,      1.6874,     28.6237,     57.2475,      0.0192,      0.0065,      0.0237,      0.2029,   7743.4448,-507151.7812,   -946.3992,    544.2100,  25811.4824,
       1,     168,     221,      21,       1,       3,       1,     10.0000,      1.3988,     42.5782,    248.1676,     62.4544,      3.4953,      0.0000,     -0.0331,      7.6975,      0.1865,      5.5745,     11.1489,      1.6477,     28.6237,     57.2475,      0.0192,      0.0061,      0.0156,      0.2030,   7743.4448,-441602.3125,   -933.3154,    548.6856,  25811.4824,
       1,     168,     221,      22,       1,       3,       1,     10.0000,      1.3988,     42.5782,    248.1676,     62.4544,      3.4953,      0.0000,     -0.0330,      6.5185,      0.1826,      5.5745,     11.1489,      1.6137,     28.6237,     57.2475,      0.0192,      0.0051,      0.0156,      0.2030,   7743.4448,-429836.9375,   -930.9016,    549.5110,  25811.4824,
       1,     168,     221,      23,       1,       3,       1,     10.0000,      1.3988,     42.5782,    248.1676,     62.4544,      3.4953,      0.0000,     -0.0329,      5.8100,      0.1806,      5.5745,     11.1489,      1.5961,     28.6237,     57.2475,      0.0192,      0.0046,      0.0156,      0.2031,   7743.4448,-427330.6875,   -930.3469,    549.6838,  25811.4824,
       1,     168,     221,      24,       1,       3,       1,     10.0000,      1.3988,     42.5782,    248.1676,     62.4544,      3.4953,      0.0000,     -0.0329,      4.2628,      0.1805,      5.5745,     11.1489,      1.5945,     28.6237,     57.2475,      0.0192,      0.0034,      0.0156,      0.2031,   7743.4448,-426228.6250,   -930.0803,    549.7595,  25811.4824,
       1,     168,     222,       1,       1,       3,       1,     10.0000,      1.3989,     42.5785,    248.1734,     62.4559,      3.4953,      0.0000,     -0.0328,      3.3512,      0.1774,      5.5738,     11.1477,      1.5678,     28.6302,     57.2603,      0.0192,      0.0026,      0.0156,      0.2031,   7743.4448,-424354.1562,   -929.9619,    549.9013,  25812.6367,
       1,     168,     222,       2,       1,       3,       1,     10.0000,      1.3989,     42.5785,    248.1734,     62.4559,      3.4953,      0.0000,     -0.0328,      2.7995,      0.1755,      5.5738,     11.1477,      1.5508,     28.6302,     57.2603,      0.0192,      0.0022,      0.0156,      0.2031,   7743.7915,-422900.8750,   -929.3582,    550.0012,  25812.6387,
       1,     168,     222,       3,       1,       3,       1,     10.0000,      1.3989,     42.5785,    248.1734,     62.4559,      3.4953,      0.0000,     -0.0328,      2.2849,      0.1753,      5.5738,     11.1477,      1.5492,     28.6302,     57.2603,      0.0192,      0.0018,      0.0156,      0.2031,   7743.7920,-422086.1562,   -929.1748,    550.0573,  25812.6406,
       1,     168,     222,       4,       1,       3,       1,     10.0000,      1.3989,     42.5785,    248.1734,     62.4559,      3.4953,      0.0000,     -0.0326,      1.9487,      0.1708,      5.5738,     11.1477,      1.5096,     28.6302,     57.2603,      0.0192,      0.0015,      0.0156,      0.2031,   7743.7925,-421372.5312,   -929.0162,    550.1063,  25812.6387,
       1,     168,     222,       5,       1,       3,       1,     10.0000,      1.3989,     42.5785,    248.1734,     62.4559,      3.4953,      0.0000,     -0.0325,      1.6935,      0.1658,      5.5738,     11.1477,      1.4650,     28.6302,     57.2603,      0.0192,      0.0013,      0.0156,      0.2031,   7743.7920,-420891.0312,   -928.9077,    550.1393,  25812.6387,
       1,     168,     222,       6,       1,       3,       1,     10.0000,      1.3989,     42.5785,    248.1734,     62.4559,      3.4953,      0.0000,     -0.0323,      1.2592,      0.1606,      5.5738,     11.1477,      1.4188,     28.6302,     57.2603,      0.0192,      0.0010,      0.0156,      0.2031,   7743.7920,-420530.6875,   -928.8260,    550.1642,  25812.6406,
       1,     168,     222,       7,       1,       3,       1,     10.0000,      1.3989,     42.5785,    248.1734,     62.4559,      3.4953,      0.0000,     -0.0321,      1.0727,      0.1542,      5.5738,     11.1477,      1.3630,     28.6302,     57.2603,      0.0192,      0.0008,      0.0156,      0.2031,   7743.7925,-419956.4688,   -928.7095,    550.2037,  25812.6387,
       1,     168,     222,       8,       1,       3,       1,     10.0000,      1.3989,     42.5785,    248.1734,     62.4559,      3.4953,      0.0174,     -0.0146,      0.2737,      0.1510,      5.5738,     11.1477,      1.3345,     28.6302,     57.2603,      0.0192,      0.0007,      0.0045,      0.2031,   7743.7920,-419674.1250,   -928.6496,    550.2231,  25812.6406,
       1,     168,     222,       9,       1,       3,       1,     10.0000,      1.3989,     42.5785,    248.1734,     62.4559,      3.4953,      0.1320,      0.0992,      6.0663,      0.1751,      5.5738,     11.1477,      1.5477,     28.6302,     57.2603,      0.0192,      0.0004,      0.1699,      0.2031,   7743.7925,-418650.7500,   -928.4314,    550.2935,  25812.6367,
       1,     168,     222,      10,       1,       3,       1,     10.0000,      1.3989,     42.5785,    248.1734,     62.4559,      3.4953,      0.1762,      0.1421,     11.3255,      0.2210,      5.5738,     11.1477,      1.9525,     28.6302,     57.2603,      0.0192,      0.0006,      0.2340,      0.2031,   7743.7915,-425804.7500,   -929.8205,    549.8014,  25812.6406,
       1,     168,     222,      11,       1,       3,       1,     10.0000,      1.3989,     42.5785,    248.1734,     62.4559,      3.4953,      0.1870,      0.1524,     10.5455,      0.2359,      5.5738,     11.1477,      2.0848,     28.6302,     57.2603,      0.0192,      0.0005,      0.2500,      0.2031,   7743.7925,-432995.5000,   -931.1716,    549.3074,  25812.6367,
       1,     168,     222,      12,       1,       3,       1,     10.0000,      1.3989,     42.5785,    248.1734,     62.4559,      3.4953,      0.1869,      0.1517,     11.2740,      0.2598,      5.5738,     11.1477,      2.2957,     28.6302,     57.2603,      0.0192,      0.0006,      0.2500,      0.2031,   7743.7915,-432638.8438,   -930.9607,    549.3321,  25812.6406,
       1,     168,     222,      13,       1,       3,       1,     10.0000,      1.3989,     42.5785,    248.1734,     62.4559,      3.4953,      0.1868,      0.1514,     11.4791,      0.2688,      5.5738,     11.1477,      2.3749,     28.6302,     57.2603,      0.0192,      0.0006,      0.2500,      0.2031,   7743.7925,-433518.5000,   -930.9042,    549.2717,  25812.6387,
       1,     168,     222,      14,       1,       3,       1,     10.0000,      1.3989,     42.5785,    248.1734,     62.4559,      3.4953,      0.1673,      0.1327,     25.2426,      0.2406,      5.5738,     11.1477,      2.1259,     28.6302,     57.2603,      0.0192,      0.0014,      0.2194,      0.2031,   7743.7920,-433850.6875,   -930.8043,    549.2490,  25812.6387,
       1,     168,     222,      15,       1,       3,       1,     10.0000,      1.3989,     42.5785,    248.1734,     62.4559,      3.4953,      0.1310,      0.0982,     52.2257,      0.1776,      5.5738,     11.1477,      1.5694,     28.6302,     57.2603,      0.0192,      0.0039,      0.1631,      0.2031,   7743.7920,-451089.2812,   -938.6949,    548.0654,  25812.6406,
       1,     168,     222,      16,       1,       3,       1,     10.0000,      1.3989,     42.5785,    248.1734,     62.4559,      3.4953,      0.1289,      0.0953,     70.3593,      0.2018,      5.5738,     11.1477,      1.7835,     28.6302,     57.2603,      0.0192,      0.0055,      0.1579,      0.2031,   7743.7925,-486321.8750,   -947.4781,    545.6530,  25812.6387,
       1,     168,     222,      17,       1,       3,       1,     10.0000,      1.3989,     42.5785,    248.1734,     62.4559,      3.4953,      0.0652,      0.0317,     35.9283,      0.2012,      5.5738,     11.1477,      1.7782,     28.6302,     57.2603,      0.0192,      0.0064,      0.0685,      0.2030,   7743.7920,-512050.8750,   -952.4374,    543.9034,  25812.6367,
       1,     168,     222,      18,       1,       3,       1,     10.0000,      1.3989,     42.5785,    248.1734,     62.4559,      3.4953,      0.0376,      0.0046,     15.3267,      0.1832,      5.5738,     11.1477,      1.6185,     28.6302,     57.2603,      0.0192,      0.0061,      0.0310,      0.2030,   7743.7915,-471152.6562,   -943.2933,    546.6868,  25812.6348,
       1,     168,     222,      19,       1,       3,       1,     10.0000,      1.3989,     42.5785,    248.1734,     62.4559,      3.4953,      0.0148,     -0.0176,      0.0888,      0.1651,      5.5738,     11.1477,      1.4591,     28.6302,     57.2603,      0.0192,      0.0043,      0.0003,      0.2030,   7743.7905,-441894.0625,   -936.9397,    548.6933,  25812.6348,
       1,     168,     222,      20,       1,       3,       1,     10.0000,      1.3989,     42.5785,    248.1734,     62.4559,      3.4953,      0.0094,     -0.0228,      2.3933,      0.1571,      5.5738,     11.1477,      1.3878,     28.6302,     57.2603,      0.0192,      0.0019,      0.0156,      0.2031,   7743.7905,-420330.5312,   -933.0529,    550.1760,  25812.6348,
       1,     168,     222,      21,       1,       3,       1,     10.0000,      1.3989,     42.5785,    248.1734,     62.4559,      3.4953,      0.0000,     -0.0322,      2.6989,      0.1590,      5.5738,     11.1477,      1.4046,     28.6302,     57.2603,      0.0192,      0.0021,      0.0156,      0.2031,   7743.7905,-421360.1562,   -933.3542,    550.1071,  25812.6367,
       1,     168,     222,      22,       1,       3,       1,     10.0000,      1.3989,     42.5785,    248.1734,     62.4559,      3.4953,      0.0000,     -0.0324,      2.1441,      0.1623,      5.5738,     11.1477,      1.4345,     28.6302,     57.2603,      0.0192,      0.0017,      0.0156,      0.2031,   7743.7915,-421828.0312,   -933.5453,    550.0750,  25812.6367,
       1,     168,     222,      23,       1,       3,       1,     10.0000,      1.3989,     42.5785,    248.1734,     62.4559,      3.4953,      0.0000,     -0.0323,      1.3913,      0.1622,      5.5738,     11.1477,      1.4331,     28.6302,     57.2603,      0.0192,      0.0011,      0.0156,      0.2031,   7743.7915,-421174.5312,   -933.5007,    550.1199,  25812.6367,
       1,     168,     222,      24,       1,       3,       1,     10.0000,      1.3989,     42.5785,    248.1734,     62.4559,      3.4953,      0.0000,     -0.0323,      1.0792,      0.1610,      5.5738,     11.1477,      1.4231,     28.6302,     57.2603,      0.0192,      0.0008,      0.0156,      0.2031,   7743.7915,-420177.4062,   -933.3492,    550.1885,  25812.6348,
       1,     168,     223,       1,       1,       3,       1,     10.0000,      1.3989,     42.5788,    248.1793,     62.4574,      3.4953,      0.0000,     -0.0322,      0.6846,      0.1586,      5.5746,     11.1493,      1.4019,     28.6257,     57.2515,      0.0192,      0.0005,      0.0156,      0.2031,   7743.7905,-419856.8438,   -933.5955,    550.2235,  25813.7930,
       1,     168,     223,       2,       1,       3,       1,     10.0000,      1.3989,     42.5788,    248.1793,     62.4574,      3.4953,      0.0000,     -0.0323,      0.6737,      0.1601,      5.5746,     11.1493,      1.4146,     28.6257,     57.2515,      0.0192,      0.0005,      0.0156,      0.2031,   7744.1382,-419183.2500,   -933.2020,    550.2698,  25813.7910,
       1,     168,     223,       3,       1,       3,       1,     10.0000,      1.3989,     42.5788,    248.1793,     62.4574,      3.4953,      0.0000,     -0.0322,      0.8316,      0.1590,      5.5746,     11.1493,      1.4047,     28.6257,     57.2515,      0.0192,      0.0007,      0.0156,      0.2031,   7744.1377,-419111.8750,   -933.2002,    550.2748,  25813.7910,
       1,     168,     223,       4,       1,       3,       1,     10.0000,      1.3989,     42.5788,    248.1793,     62.4574,      3.4953,      0.0000,     -0.0321,      1.1267,      0.1547,      5.5746,     11.1493,      1.3671,     28.6257,     57.2515,      0.0192,      0.0009,      0.0156,      0.2031,   7744.1377,-419303.1250,   -933.2568,    550.2617,  25813.7910,
       1,     168,     223,       5,       1,       3,       1,     10.0000,      1.3989,     42.5788,    248.1793,     62.4574,      3.4953,      0.0000,     -0.0320,      1.1986,      0.1527,      5.5746,     11.1493,      1.3494,     28.6257,     57.2515,      0.0192,      0.0009,      0.0156,      0.2031,   7744.1377,-419688.2812,   -933.3654,    550.2351,  25813.7891,
       1,     168,     223,       6,       1,       3,       1,     10.0000,      1.3989,     42.5788,    248.1793,     62.4574,      3.4953,      0.0000,     -0.0317,      0.8742,      0.1430,      5.5746,     11.1493,      1.2638,     28.6257,     57.2515,      0.0192,      0.0007,      0.0156,      0.2031,   7744.1372,-419811.5312,   -910.3942,    550.2266,  25813.8008,
       1,     168,     223,       7,       1,       3,       1,     10.0000,      1.3989,     42.5788,    248.1793,     62.4574,      3.4953,      0.0000,     -0.0316,      0.7028,      0.1410,      5.5746,     11.1493,      1.2461,     28.6257,     57.2515,      0.0192,      0.0006,      0.0156,      0.2031,   7744.1406,-419415.5312,   -910.3827,    550.2539,  25813.7988,
       1,     168,     223,       8,       1,       3,       1,     10.0000,      1.3989,     42.5788,    248.1793,     62.4574,      3.4953,      0.0066,     -0.0244,      0.5616,      0.1260,      5.5746,     11.1493,      1.1133,     28.6257,     57.2515,      0.0192,      0.0004,      0.0156,      0.2031,   7744.1401,-419167.2188,   -910.2266,    550.2709,  25813.7988,
       1,     168,     223,       9,       1,       3,       1,     10.0000,      1.3989,     42.5788,    248.1793,     62.4574,      3.4953,      0.0759,      0.0449,      2.9833,      0.1260,      5.5746,     11.1493,      1.1133,     28.6257,     57.2515,      0.0192,      0.0004,      0.0898,      0.2031,   7744.1401,-418969.4688,   -910.2484,    550.2845,  25813.7988,
       1,     168,     223,      10,       1,       3,       1,     10.0000,      1.3989,     42.5788,    248.1793,     62.4574,      3.4953,      0.1397,      0.1081,      6.7268,      0.1416,      5.5746,     11.1493,      1.2511,     28.6257,     57.2515,      0.0192,      0.0005,      0.1811,      0.2031,   7744.1401,-421979.5938,   -911.0795,    550.0775,  25813.7988,
       1,     168,     223,      11,       1,       3,       1,     10.0000,      1.3989,     42.5788,    248.1793,     62.4574,      3.4953,      0.1625,      0.1301,      5.6277,      0.1653,      5.5746,     11.1493,      1.4606,     28.6257,     57.2515,      0.0192,      0.0003,      0.2144,      0.2031,   7744.1401,-426918.0938,   -912.6603,    549.7379,  25813.8008,
       1,     168,     223,      12,       1,       3,       1,     10.0000,      1.3989,     42.5788,    248.1793,     62.4574,      3.4953,      0.1801,      0.1472,      6.9819,      0.1808,      5.5746,     11.1493,      1.5978,     28.6257,     57.2515,      0.0192,      0.0004,      0.2399,      0.2031,   7744.1406,-425968.6875,   -913.6652,    549.8033,  25813.7988,
       1,     168,     223,      13,       1,       3,       1,     10.0000,      1.3989,     42.5788,    248.1793,     62.4574,      3.4953,      0.1638,      0.1307,     11.2402,      0.1861,      5.5746,     11.1493,      1.6445,     28.6257,     57.2515,      0.0192,      0.0006,      0.2156,      0.2031,   7744.1401,-427579.9688,   -915.0254,    549.6926,  25813.7988,
       1,     168,     223,      14,       1,       3,       1,     10.0000,      1.3989,     42.5788,    248.1793,     62.4574,      3.4953,      0.1685,      0.1350,     13.9409,      0.1993,      5.5746,     11.1493,      1.7608,     28.6257,     57.2515,      0.0192,      0.0008,      0.2222,      0.2031,   7744.1401,-433042.0000,   -917.0317,    549.3173,  25813.7969,
       1,     168,     223,      15,       1,       3,       1,     10.0000,      1.3989,     42.5788,    248.1793,     62.4574,      3.4953,      0.1796,      0.1460,     28.3504,      0.2006,      5.5746,     11.1493,      1.7730,     28.6257,     57.2515,      0.0192,      0.0015,      0.2368,      0.2031,   7744.1392,-436888.3438,   -919.1689,    549.0533,  25813.7988,
       1,     168,     223,      16,       1,       3,       1,     10.0000,      1.3989,     42.5788,    248.1793,     62.4574,      3.4953,      0.1754,      0.1419,     49.7917,      0.2006,      5.5746,     11.1493,      1.7730,     28.6257,     57.2515,      0.0192,      0.0027,      0.2283,      0.2031,   7744.1401,-455235.1875,   -923.6615,    547.7942,  25813.7988,
       1,     168,     223,      17,       1,       3,       1,     10.0000,      1.3989,     42.5788,    248.1793,     62.4574,      3.4953,      0.1521,      0.1190,     48.6364,      0.1868,      5.5746,     11.1493,      1.6510,     28.6257,     57.2515,      0.0192,      0.0031,      0.1942,      0.2031,   7744.1401,-483630.1562,   -929.9442,    545.8513,  25813.7988,
       1,     168,     223,      18,       1,       3,       1,     10.0000,      1.3989,     42.5788,    248.1793,     62.4574,      3.4953,      0.1465,      0.1136,     50.2045,      0.1801,      5.5746,     11.1493,      1.5914,     28.6257,     57.2515,      0.0192,      0.0033,      0.1859,      0.2031,   7744.1401,-484628.3750,   -930.9661,    545.7866,  25813.7988,
       1,     168,     223,      19,       1,       3,       1,     10.0000,      1.3989,     42.5788,    248.1793,     62.4574,      3.4953,      0.0932,      0.0605,     34.7593,      0.1707,      5.5746,     11.1493,      1.5081,     28.6257,     57.2515,      0.0192,      0.0039,      0.1101,      0.2031,   7744.1401,-486671.5938,   -932.1213,    545.6472,  25813.7988,
       1,     168,     223,      20,       1,       3,       1,     10.0000,      1.3989,     42.5788,    248.1793,     62.4574,      3.4953,      0.0159,     -0.0164,      0.5807,      0.1614,      5.5746,     11.1493,      1.4260,     28.6257,     57.2515,      0.0192,      0.0037,      0.0020,      0.2031,   7744.1401,-467520.8125,   -929.1851,    546.9534,  25813.7988,
       1,     168,     223,      21,       1,       3,       1,     10.0000,      1.3989,     42.5788,    248.1793,     62.4574,      3.4953,      0.0000,     -0.0322,      4.9442,      0.1594,      5.5746,     11.1493,      1.4089,     28.6257,     57.2515,      0.0192,      0.0039,      0.0156,      0.2031,   7744.1401,-423130.6562,   -921.2934,    549.9900,  25813.7988,
       1,     168,     223,      22,       1,       3,       1,     10.0000,      1.3989,     42.5788,    248.1793,     62.4574,      3.4953,      0.0000,     -0.0323,      3.7420,      0.1612,      5.5746,     11.1493,      1.4245,     28.6257,     57.2515,      0.0192,      0.0029,      0.0156,      0.2031,   7744.1401,-424799.0938,   -921.8402,    549.8837,  25813.7988,
       1,     168,     223,      23,       1,       3,       1,     10.0000,      1.3989,     42.5788,    248.1793,     62.4574,      3.4953,      0.0000,     -0.0324,      3.5357,      0.1635,      5.5746,     11.1493,      1.4446,     28.6257,     57.2515,      0.0192,      0.0028,      0.0156,      0.2031,   7744.1401,-423429.2812,   -921.7723,    549.9778,  25813.7988,
       1,     168,     223,      24,       1,       3,       1,     10.0000,      1.3989,     42.5788,    248.1793,     62.4574,      3.4953,      0.0000,     -0.0323,      2.9854,      0.1606,      5.5746,     11.1493,      1.4188,     28.6257,     57.2515,      0.0192,      0.0024,      0.0156,      0.2031,   7744.1401,-423053.7188,   -921.8677,    550.0037,  25813.7988,
       1,     168,     224,       1,       1,       3,       1,     10.0000,      1.3989,     42.5792,    248.1851,     62.4588,      3.4953,      0.0000,     -0.0322,      2.5354,      0.1571,      5.5740,     11.1479,      1.3879,     28.6271,     57.2542,      0.0192,      0.0020,      0.0156,      0.2031,   7744.1401,-422488.6250,   -922.1646,    550.0555,  25814.9551,
       1,     168,     224,       2,       1,       3,       1,     10.0000,      1.3989,     42.5792,    248.1851,     62.4588,      3.4953,      0.0000,     -0.0320,      2.0546,      0.1512,      5.5740,     11.1479,      1.3359,     28.6271,     57.2542,      0.0192,      0.0016,      0.0156,      0.2031,   7744.4868,-421724.8750,   -921.8576,    550.1080,  25814.9531,
       1,     168,     224,       3,       1,       3,       1,     10.0000,      1.3989,     42.5792,    248.1851,     62.4588,      3.4953,      0.0000,     -0.0320,      1.9211,      0.1512,      5.5740,     11.1479,      1.3359,     28.6271,     57.2542,      0.0192,      0.0015,      0.0156,      0.2031,   7744.4863,-421058.4688,   -921.7924,    550.1538,  25814.9551,
       1,     168,     224,       4,       1,       3,       1,     10.0000,      1.3989,     42.5792,    248.1851,     62.4588,      3.4953,      0.0000,     -0.0321,      2.3505,      0.1558,      5.5740,     11.1479,      1.3768,     28.6271,     57.2542,      0.0192,      0.0019,      0.0156,      0.2031,   7744.4868,-420834.1875,   -921.8154,    550.1693,  25814.9531,
       1,     168,     224,       5,       1,       3,       1,     10.0000,      1.3989,     42.5792,    248.1851,     62.4588,      3.4953,      0.0000,     -0.0319,      2.4409,      0.1501,      5.5740,     11.1479,      1.3265,     28.6271,     57.2542,      0.0192,      0.0019,      0.0156,      0.2031,   7744.4863,-421351.7188,   -921.9822,    550.1337,  25814.9531,
       1,     168,     224,       6,       1,       3,       1,     10.0000,      1.3989,     42.5792,    248.1851,     62.4588,      3.4953,      0.0000,     -0.0319,      2.1668,      0.1488,      5.5740,     11.1479,      1.3145,     28.6271,     57.2542,      0.0192,      0.0017,      0.0156,      0.2031,   7744.4863,-421509.1875,   -922.0823,    550.1229,  25814.9551,
       1,     168,     224,       7,       1,       3,       1,     10.0000,      1.3989,     42.5792,    248.1851,     62.4588,      3.4953,      0.0000,     -0.0318,      1.7962,      0.1459,      5.5740,     11.1479,      1.2896,     28.6271,     57.2542,      0.0192,      0.0014,      0.0156,      0.2031,   7744.4868,-421180.0000,   -922.0948,    550.1454,  25814.9551,
       1,     168,     224,       8,       1,       3,       1,     10.0000,      1.3989,     42.5792,    248.1851,     62.4588,      3.4953,      0.0055,     -0.0262,      1.6931,      0.1436,      5.5740,     11.1479,      1.2690,     28.6271,     57.2542,      0.0192,      0.0013,      0.0156,      0.2031,   7744.4868,-420688.5000,   -922.0601,    550.1793,  25814.9531,
       1,     168,     224,       9,       1,       3,       1,     10.0000,      1.3989,     42.5792,    248.1851,     62.4588,      3.4953,      0.0360,      0.0041,      3.1709,      0.1495,      5.5740,     11.1479,      1.3212,     28.6271,     57.2542,      0.0192,      0.0012,      0.0312,      0.2031,   7744.4863,-420517.5625,   -922.0941,    550.1910,  25814.9551,
       1,     168,     224,      10,       1,       3,       1,     10.0000,      1.3989,     42.5792,    248.1851,     62.4588,      3.4953,      0.1119,      0.0797,      8.4341,      0.1579,      5.5740,     11.1479,      1.3949,     28.6271,     57.2542,      0.0192,      0.0007,      0.1405,      0.2031,   7744.4868,-422349.7812,   -922.5202,    550.0651,  25814.9531,
       1,     168,     224,      11,       1,       3,       1,     10.0000,      1.3989,     42.5792,    248.1851,     62.4588,      3.4953,      0.1145,      0.0820,     11.4540,      0.1653,      5.5740,     11.1479,      1.4607,     28.6271,     57.2542,      0.0192,      0.0010,      0.1438,      0.2031,   7744.4863,-429086.0312,   -923.9228,    549.6019,  25814.9551,
       1,     168,     224,      12,       1,       3,       1,     10.0000,      1.3989,     42.5792,    248.1851,     62.4588,      3.4953,      0.1636,      0.1309,     15.4681,      0.1727,      5.5740,     11.1479,      1.5263,     28.6271,     57.2542,      0.0192,      0.0009,      0.2147,      0.2031,   7744.4868,-433440.2500,   -924.9312,    549.3029,  25814.9551,
       1,     168,     224,      13,       1,       3,       1,     10.0000,      1.3989,     42.5792,    248.1851,     62.4588,      3.4953,      0.1736,      0.1408,      9.7589,      0.1767,      5.5740,     11.1479,      1.5617,     28.6271,     57.2542,      0.0192,      0.0005,      0.2301,      0.2031,   7744.4868,-438832.4688,   -926.2402,    548.9327,  25814.9551,
       1,     168,     224,      14,       1,       3,       1,     10.0000,      1.3989,     42.5792,    248.1851,     62.4588,      3.4953,      0.1793,      0.1462,     16.4270,      0.1867,      5.5740,     11.1479,      1.6494,     28.6271,     57.2542,      0.0192,      0.0008,      0.2376,      0.2031,   7744.4868,-432158.1250,   -925.2474,    549.3909,  25814.9551,
       1,     168,     224,      15,       1,       3,       1,     10.0000,      1.3989,     42.5792,    248.1851,     62.4588,      3.4953,      0.1826,      0.1495,     27.3353,      0.1863,      5.5740,     11.1479,      1.6462,     28.6271,     57.2542,      0.0192,      0.0014,      0.2412,      0.2031,   7744.4868,-439920.9375,   -927.0240,    548.8580,  25814.9551,
       1,     168,     224,      16,       1,       3,       1,     10.0000,      1.3989,     42.5792,    248.1851,     62.4588,      3.4953,      0.1746,      0.1416,     32.2805,      0.1841,      5.5740,     11.1479,      1.6267,     28.6271,     57.2542,      0.0192,      0.0017,      0.2290,      0.2031,   7744.4868,-454226.0312,   -930.0523,    547.8768,  25814.9531,
       1,     168,     224,      17,       1,       3,       1,     10.0000,      1.3989,     42.5792,    248.1851,     62.4588,      3.4953,      0.1718,      0.1387,     40.1880,      0.1848,      5.5740,     11.1479,      1.6331,     28.6271,     57.2542,      0.0192,      0.0022,      0.2239,      0.2031,   7744.4863,-461640.3438,   -931.7760,    547.3699,  25814.9551,
       1,     168,     224,      18,       1,       3,       1,     10.0000,      1.3989,     42.5792,    248.1851,     62.4588,      3.4953,      0.1488,      0.1158,     36.9278,      0.1821,      5.5740,     11.1479,      1.6090,     28.6271,     57.2542,      0.0192,      0.0024,      0.1908,      0.2031,   7744.4868,-472165.1250,   -934.1074,    546.6500,  25814.9531,
       1,     168,     224,      19,       1,       3,       1,     10.0000,      1.3989,     42.5792,    248.1851,     62.4588,      3.4953,      0.0954,      0.0627,     29.4962,      0.1739,      5.5740,     11.1479,      1.5370,     28.6271,     57.2542,      0.0192,      0.0032,      0.1139,      0.2031,   7744.4863,-468990.9688,   -933.8100,    546.8673,  25814.9570,
       1,     168,     224,      20,       1,       3,       1,     10.0000,      1.3989,     42.5792,    248.1851,     62.4588,      3.4953,      0.0158,     -0.0166,      0.4020,      0.1648,      5.5740,     11.1479,      1.4563,     28.6271,     57.2542,      0.0192,      0.0030,      0.0017,      0.2031,   7744.4873,-459422.8750,   -932.2370,    547.5215,  25814.9531,
       1,     168,     224,      21,       1,       3,       1,     10.0000,      1.3989,     42.5792,    248.1851,     62.4588,      3.4953,      0.0000,     -0.0322,      3.4015,      0.1594,      5.5740,     11.1479,      1.4089,     28.6271,     57.2542,      0.0192,      0.0027,      0.0156,      0.2031,   7744.4863,-422218.8438,   -925.2791,    550.0681,  25814.9551,
       1,     168,     224,      22,       1,       3,       1,     10.0000,      1.3989,     42.5792,    248.1851,     62.4588,      3.4953,      0.0000,     -0.0321,      3.8689,      0.1564,      5.5740,     11.1479,      1.3823,     28.6271,     57.2542,      0.0192,      0.0030,      0.0156,      0.2031,   7744.4868,-422791.6250,   -925.4257,    550.0346,  25814.9531,
       1,     168,     224,      23,       1,       3,       1,     10.0000,      1.3989,     42.5792,    248.1851,     62.4588,      3.4953,      0.0000,     -0.0321,      3.9084,      0.1553,      5.5740,     11.1479,      1.3727,     28.6271,     57.2542,      0.0192,      0.0031,      0.0156,      0.2031,   7744.4863,-423417.9688,   -925.5873,    549.9916,  25814.9531,
       1,     168,     224,      24,       1,       3,       1,     10.0000,      1.3989,     42.5792,    248.1851,     62.4588,      3.4953,      0.0000,     -0.0320,      3.3028,      0.1524,      5.5740,     11.1479,      1.3467,     28.6271,     57.2542,      0.0192,      0.0026,      0.0156,      0.2031,   7744.4863,-423521.0625,   -925.6489,    549.9845,  25814.9551,
       1,     168,     225,       1,       1,       3,       1,     10.0000,      1.3989,     42.5795,    248.1910,     62.4603,      3.4953,      0.0000,     -0.0319,      2.6093,      0.1504,      5.5743,     11.1486,      1.3292,     28.6264,     57.2527,      0.0192,      0.0021,      0.0156,      0.2032,   7744.4868,-422927.8750,   -925.8464,    550.0381,  25816.1152,
       1,     168,     225,       2,       1,       3,       1,     10.0000,      1.3989,     42.5795,    248.1910,     62.4603,      3.4953,      0.0000,     -0.0313,      2.0853,      0.1326,      5.5743,     11.1486,      1.1715,     28.6264,     57.2527,      0.0192,      0.0016,      0.0156,      0.2032,   7744.8350,-421857.2500,   -925.1581,    550.1117,  25816.1152,
       1,     168,     225,       3,       1,       3,       1,     10.0000,      1.3989,     42.5795,    248.1910,     62.4603,      3.4953,      0.0000,     -0.0311,      1.5743,      0.1272,      5.5743,     11.1486,      1.1236,     28.6264,     57.2527,      0.0192,      0.0012,      0.0156,      0.2032,   7744.8350,-421110.4062,   -920.0054,    550.1631,  25816.1152,
       1,     168,     225,       4,       1,       3,       1,     10.0000,      1.3989,     42.5795,    248.1910,     62.4603,      3.4953,      0.0000,     -0.0311,      1.6704,      0.1285,      5.5743,     11.1486,      1.1351,     28.6264,     57.2527,      0.0192,      0.0013,      0.0156,      0.2032,   7744.8350,-420407.5312,   -919.9904,    550.2115,  25816.1133,
       1,     168,     225,       5,       1,       3,       1,     10.0000,      1.3989,     42.5795,    248.1910,     62.4603,      3.4953,      0.0000,     -0.0311,      1.5550,      0.1286,      5.5743,     11.1486,      1.1363,     28.6264,     57.2527,      0.0192,      0.0012,      0.0156,      0.2032,   7744.8345,-420467.5312,   -920.1125,    550.2073,  25816.1133,
       1,     168,     225,       6,       1,       3,       1,     10.0000,      1.3989,     42.5795,    248.1910,     62.4603,      3.4953,      0.0000,     -0.0312,      1.2021,      0.1310,      5.5743,     11.1486,      1.1573,     28.6264,     57.2527,      0.0192,      0.0009,      0.0156,      0.2032,   7744.8345,-420328.5625,   -920.1479,    550.2169,  25816.1133,
       1,     168,     225,       7,       1,       3,       1,     10.0000,      1.3989,     42.5795,    248.1910,     62.4603,      3.4953,      0.0000,     -0.0310,      0.4765,      0.1243,      5.5743,     11.1486,      1.0987,     28.6264,     57.2527,      0.0192,      0.0004,      0.0156,      0.2032,   7744.8345,-419875.5625,   -920.1170,    550.2481,  25816.1133,
       1,     168,     225,       8,       1,       3,       1,     10.0000,      1.3989,     42.5795,    248.1910,     62.4603,      3.4953,      0.0066,     -0.0243,      0.2878,      0.1215,      5.5743,     11.1486,      1.0733,     28.6264,     57.2527,      0.0192,      0.0002,      0.0156,      0.2032,   7744.8345,-418929.7812,   -919.9578,    550.3131,  25816.1133,
       1,     168,     225,       9,       1,       3,       1,     10.0000,      1.3989,     42.5795,    248.1910,     62.4603,      3.4953,      0.0967,      0.0655,      2.3934,      0.1303,      5.5743,     11.1486,      1.1514,     28.6264,     57.2527,      0.0192,      0.0002,      0.1197,      0.2032,   7744.8345,-418612.7500,   -919.9117,    550.3349,  25816.1113,
       1,     168,     225,      10,       1,       3,       1,     10.0000,      1.3989,     42.5795,    248.1910,     62.4603,      3.4953,      0.1583,      0.1257,      5.5667,      0.1680,      5.5743,     11.1486,      1.4842,     28.6264,     57.2527,      0.0192,      0.0003,      0.2082,      0.2032,   7744.8335,-421217.0312,   -920.6044,    550.1558,  25816.1133,
       1,     168,     225,      11,       1,       3,       1,     10.0000,      1.3989,     42.5795,    248.1910,     62.4603,      3.4953,      0.1444,      0.1120,      4.8713,      0.1633,      5.5743,     11.1486,      1.4433,     28.6264,     57.2527,      0.0192,      0.0003,      0.1881,      0.2032,   7744.8345,-425406.5000,   -921.8996,    549.8677,  25816.1113,
       1,     168,     225,      12,       1,       3,       1,     10.0000,      1.3989,     42.5795,    248.1910,     62.4603,      3.4953,      0.1777,      0.1446,      7.0553,      0.1848,      5.5743,     11.1486,      1.6332,     28.6264,     57.2527,      0.0192,      0.0004,      0.2364,      0.2032,   7744.8335,-424897.9062,   -922.2769,    549.9027,  25816.1133,
       1,     168,     225,      13,       1,       3,       1,     10.0000,      1.3989,     42.5795,    248.1910,     62.4603,      3.4953,      0.1850,      0.1518,      7.4542,      0.1867,      5.5743,     11.1486,      1.6495,     28.6264,     57.2527,      0.0192,      0.0004,      0.2470,      0.2032,   7744.8345,-427583.3125,   -923.5027,    549.7181,  25816.1133,
       1,     168,     225,      14,       1,       3,       1,     10.0000,      1.3989,     42.5795,    248.1910,     62.4603,      3.4953,      0.1874,      0.1539,     12.1418,      0.1956,      5.5743,     11.1486,      1.7281,     28.6264,     57.2527,      0.0192,      0.0006,      0.2500,      0.2032,   7744.8345,-428312.9062,   -924.2183,    549.6680,  25816.1133,
       1,     168,     225,      15,       1,       3,       1,     10.0000,      1.3989,     42.5795,    248.1910,     62.4603,      3.4953,      0.1807,      0.1474,     47.8568,      0.1931,      5.5743,     11.1486,      1.7060,     28.6264,     57.2527,      0.0192,      0.0025,      0.2361,      0.2032,   7744.8345,-434234.3438,   -925.9229,    549.2612,  25816.1113,
       1,     168,     225,      16,       1,       3,       1,     10.0000,      1.3989,     42.5795,    248.1910,     62.4603,      3.4953,      0.1843,      0.1509,     38.9689,      0.1963,      5.5743,     11.1486,      1.7349,     28.6264,     57.2527,      0.0192,      0.0020,      0.2425,      0.2032,   7744.8335,-479386.4688,   -934.9625,    546.1613,  25816.1113,
       1,     168,     225,      17,       1,       3,       1,     10.0000,      1.3989,     42.5795,    248.1910,     62.4603,      3.4953,      0.1767,      0.1433,     59.3945,      0.1971,      5.5743,     11.1486,      1.7418,     28.6264,     57.2527,      0.0192,      0.0032,      0.2290,      0.2031,   7744.8335,-472169.5312,   -934.2023,    546.6627,  25816.1133,
       1,     168,     225,      18,       1,       3,       1,     10.0000,      1.3989,     42.5795,    248.1910,     62.4603,      3.4953,      0.1329,      0.0996,     42.2095,      0.1923,      5.5743,     11.1486,      1.6993,     28.6264,     57.2527,      0.0192,      0.0031,      0.1670,      0.2031,   7744.8345,-497086.5938,   -939.5146,    544.9603,  25816.1113,
       1,     168,     225,      19,       1,       3,       1,     10.0000,      1.3989,     42.5795,    248.1910,     62.4603,      3.4953,      0.1030,      0.0700,     34.7037,      0.1819,      5.5743,     11.1486,      1.6074,     28.6264,     57.2527,      0.0192,      0.0034,      0.1242,      0.2031,   7744.8335,-477728.0938,   -936.3028,    546.2816,  25816.1094,
       1,     168,     225,      20,       1,       3,       1,     10.0000,      1.3989,     42.5795,    248.1910,     62.4603,      3.4953,      0.0297,     -0.0029,      5.6447,      0.1715,      5.5743,     11.1486,      1.5157,     28.6264,     57.2527,      0.0192,      0.0033,      0.0210,      0.2031,   7744.8330,-466683.9688,   -934.5610,    547.0374,  25816.1113,
       1,     168,     225,      21,       1,       3,       1,     10.0000,      1.3989,     42.5795,    248.1910,     62.4603,      3.4953,      0.0000,     -0.0324,      4.2532,      0.1660,      5.5743,     11.1486,      1.4666,     28.6264,     57.2527,      0.0192,      0.0033,      0.0156,      0.2031,   7744.8335,-429396.2812,   -927.6772,    549.5876,  25816.1113,
       1,     168,     225,      22,       1,       3,       1,     10.0000,      1.3989,     42.5795,    248.1910,     62.4603,      3.4953,      0.0000,     -0.0323,      4.8715,      0.1615,      5.5743,     11.1486,      1.4275,     28.6264,     57.2527,      0.0192,      0.0038,      0.0156,      0.2032,   7744.8335,-424475.3438,   -926.8447,    549.9316,  25816.1113,
       1,     168,     225,      23,       1,       3,       1,     10.0000,      1.3989,     42.5795,    248.1910,     62.4603,      3.4953,      0.0000,     -0.0322,      4.1739,      0.1571,      5.5743,     11.1486,      1.3879,     28.6264,     57.2527,      0.0192,      0.0033,      0.0156,      0.2032,   7744.8335,-424818.0312,   -927.0055,    549.9082,  25816.1133,
       1,     168,     225,      24,       1,       3,       1,     10.0000,      1.3989,     42.5795,    248.1910,     62.4603,      3.4953,      0.0000,     -0.0321,      3.8396,      0.1543,      5.5743,     11.1486,      1.3631,     28.6264,     57.2527,      0.0192,      0.0030,      0.0156,      0.2032,   7744.8345,-423975.5000,   -926.9150,    549.9661,  25816.1133,
       1,     168,     226,       1,       1,       3,       1,     10.0000,      1.3990,     42.5799,    248.1968,     62.4618,      3.4953,      0.0000,     -0.0320,      2.9904,      0.1521,      5.5742,     11.1485,      1.3440,     28.6304,     57.2608,      0.0192,      0.0024,      0.0156,      0.2032,   7744.8345,-423640.1562,   -927.1832,    550.0021,  25817.2695,
       1,     168,     226,       2,       1,       3,       1,     10.0000,      1.3990,     42.5799,    248.1968,     62.4618,      3.4953,      0.0000,     -0.0320,      2.0575,      0.1515,      5.5742,     11.1485,      1.3386,     28.6304,     57.2608,      0.0192,      0.0016,      0.0156,      0.2032,   7745.1812,-422397.4375,   -926.7247,    550.0876,  25817.2676,
       1,     168,     226,       3,       1,       3,       1,     10.0000,      1.3990,     42.5799,    248.1968,     62.4618,      3.4953,      0.0000,     -0.0319,      1.6476,      0.1483,      5.5742,     11.1485,      1.3106,     28.6304,     57.2608,      0.0192,      0.0013,      0.0156,      0.2032,   7745.1807,-421125.2188,   -926.5151,    550.1750,  25817.2676,
       1,     168,     226,       4,       1,       3,       1,     10.0000,      1.3990,     42.5799,    248.1968,     62.4618,      3.4953,      0.0000,     -0.0318,      1.2259,      0.1455,      5.5742,     11.1485,      1.2858,     28.6304,     57.2608,      0.0192,      0.0010,      0.0156,      0.2032,   7745.1807,-420503.7500,   -926.4183,    550.2179,  25817.2676,
       1,     168,     226,       5,       1,       3,       1,     10.0000,      1.3990,     42.5799,    248.1968,     62.4618,      3.4953,      0.0000,     -0.0318,      0.9570,      0.1455,      5.5742,     11.1485,      1.2858,     28.6304,     57.2608,      0.0192,      0.0008,      0.0156,      0.2032,   7745.1807,-419923.1875,   -926.3200,    550.2578,  25817.2676,
       1,     168,     226,       6,       1,       3,       1,     10.0000,      1.3990,     42.5799,    248.1968,     62.4618,      3.4953,      0.0000,     -0.0318,      0.6835,      0.1457,      5.5742,     11.1485,      1.2871,     28.6304,     57.2608,      0.0192,      0.0005,      0.0156,      0.2032,   7745.1807,-419537.3125,   -926.2580,    550.2842,  25817.2676,
       1,     168,     226,       7,       1,       3,       1,     10.0000,      1.3990,     42.5799,    248.1968,     62.4618,      3.4953,      0.0000,     -0.0318,      0.5460,      0.1452,      5.5742,     11.1485,      1.2832,     28.6304,     57.2608,      0.0192,      0.0004,      0.0156,      0.2032,   7745.1807,-419162.4688,   -926.1937,    550.3101,  25817.2676,
       1,     168,     226,       8,       1,       3,       1,     10.0000,      1.3990,     42.5799,    248.1968,     62.4618,      3.4953,      0.0061,     -0.0256,      0.4933,      0.1427,      5.5742,     11.1485,      1.2614,     28.6304,     57.2608,      0.0192,      0.0004,      0.0156,      0.2032,   7745.1807,-418958.5312,   -926.1593,    550.3242,  25817.2676,
       1,     168,     226,       9,       1,       3,       1,     10.0000,      1.3990,     42.5799,    248.1968,     62.4618,      3.4953,      0.1235,      0.0910,      4.5291,      0.1678,      5.5742,     11.1485,      1.4828,     28.6304,     57.2608,      0.0192,      0.0004,      0.1577,      0.2032,   7745.1807,-418875.0312,   -926.1494,    550.3298,  25817.2676,
       1,     168,     226,      10,       1,       3,       1,     10.0000,      1.3990,     42.5799,    248.1968,     62.4618,      3.4953,      0.1673,      0.1337,      8.3885,      0.2011,      5.5742,     11.1485,      1.7766,     28.6304,     57.2608,      0.0192,      0.0005,      0.2211,      0.2032,   7745.1807,-423910.7812,   -927.1794,    549.9835,  25817.2676,
       1,     168,     226,      11,       1,       3,       1,     10.0000,      1.3990,     42.5799,    248.1968,     62.4618,      3.4953,      0.1871,      0.1533,     10.2241,      0.2085,      5.5742,     11.1485,      1.8426,     28.6304,     57.2608,      0.0192,      0.0005,      0.2500,      0.2032,   7745.1807,-429166.7188,   -928.3038,    549.6222,  25817.2676,
       1,     168,     226,      12,       1,       3,       1,     10.0000,      1.3990,     42.5799,    248.1968,     62.4618,      3.4953,      0.1870,      0.1527,      9.7168,      0.2247,      5.5742,     11.1485,      1.9855,     28.6304,     57.2608,      0.0192,      0.0005,      0.2500,      0.2032,   7745.1807,-431912.5938,   -928.9601,    549.4337,  25817.2676,
       1,     168,     226,      13,       1,       3,       1,     10.0000,      1.3990,     42.5799,    248.1968,     62.4618,      3.4953,      0.1869,      0.1525,      9.6599,      0.2314,      5.5742,     11.1485,      2.0446,     28.6304,     57.2608,      0.0192,      0.0005,      0.2500,      0.2032,   7745.1807,-431514.3750,   -929.0042,    549.4611,  25817.2676,
       1,     168,     226,      14,       1,       3,       1,     10.0000,      1.3990,     42.5799,    248.1968,     62.4618,      3.4953,      0.1889,      0.1543,     34.8879,      0.2355,      5.5742,     11.1485,      2.0809,     28.6304,     57.2608,      0.0192,      0.0017,      0.2500,      0.2032,   7745.1807,-431409.0000,   -929.0505,    549.4683,  25817.2676,
       1,     168,     226,      15,       1,       3,       1,     10.0000,      1.3990,     42.5799,    248.1968,     62.4618,      3.4953,      0.1919,      0.1573,     73.9682,      0.2369,      5.5742,     11.1485,      2.0931,     28.6304,     57.2608,      0.0192,      0.0036,      0.2500,      0.2032,   7745.1807,-462929.3438,   -935.2164,    547.3034,  25817.2695,
       1,     168,     226,      16,       1,       3,       1,     10.0000,      1.3990,     42.5799,    248.1968,     62.4618,      3.4953,      0.1848,      0.1503,     88.1286,      0.2312,      5.5742,     11.1485,      2.0426,     28.6304,     57.2608,      0.0192,      0.0046,      0.2378,      0.2032,   7745.1812,-514511.3438,   -945.3915,    543.7788,  25817.2695,
       1,     168,     226,      17,       1,       3,       1,     10.0000,      1.3990,     42.5799,    248.1968,     62.4618,      3.4953,      0.0380,      0.0050,     12.6227,      0.1839,      5.5742,     11.1485,      1.6251,     28.6304,     57.2608,      0.0192,      0.0049,      0.0319,      0.2031,   7745.1812,-536680.0625,   -950.0393,    542.2832,  25817.2695,
       1,     168,     226,      18,       1,       3,       1,     10.0000,      1.3990,     42.5799,    248.1968,     62.4618,      3.4953,      0.0156,     -0.0171,      0.4010,      0.1714,      5.5742,     11.1485,      1.5142,     28.6304,     57.2608,      0.0192,      0.0048,      0.0010,      0.2031,   7745.1812,-444050.4062,   -932.3151,    548.5641,  25817.2656,
       1,     168,     226,      19,       1,       3,       1,     10.0000,      1.3990,     42.5799,    248.1968,     62.4618,      3.4953,      0.0095,     -0.0229,      6.0780,      0.1627,      5.5742,     11.1485,      1.4375,     28.6304,     57.2608,      0.0192,      0.0048,      0.0156,      0.2032,   7745.1802,-420956.4375,   -928.0447,    550.1843,  25817.2676,
       1,     168,     226,      20,       1,       3,       1,     10.0000,      1.3990,     42.5799,    248.1968,     62.4618,      3.4953,      0.0094,     -0.0228,      6.3372,      0.1582,      5.5742,     11.1485,      1.3977,     28.6304,     57.2608,      0.0192,      0.0050,      0.0156,      0.2032,   7745.1807,-426028.3750,   -929.0134,    549.8378,  25817.2695,
       1,     168,     226,      21,       1,       3,       1,     10.0000,      1.3990,     42.5799,    248.1968,     62.4618,      3.4953,      0.0000,     -0.0322,      5.9215,      0.1588,      5.5742,     11.1485,      1.4034,     28.6304,     57.2608,      0.0192,      0.0047,      0.0156,      0.2032,   7745.1812,-426785.1562,   -929.1502,    549.7859,  25817.2695,
       1,     168,     226,      22,       1,       3,       1,     10.0000,      1.3990,     42.5799,    248.1968,     62.4618,      3.4953,      0.0000,     -0.0321,      3.2403,      0.1563,      5.5742,     11.1485,      1.3810,     28.6304,     57.2608,      0.0192,      0.0026,      0.0156,      0.2032,   7745.1812,-426330.4375,   -929.0538,    549.8172,  25817.2656,
       1,     168,     226,      23,       1,       3,       1,     10.0000,      1.3990,     42.5799,    248.1968,     62.4618,      3.4953,      0.0000,     -0.0321,      2.2864,      0.1546,      5.5742,     11.1485,      1.3658,     28.6304,     57.2608,      0.0192,      0.0018,      0.0156,      0.2032,   7745.1802,-422941.3125,   -928.3962,    550.0501,  25817.2676,
       1,     168,     226,      24,       1,       3,       1,     10.0000,      1.3990,     42.5799,    248.1968,     62.4618,      3.4953,      0.0000,     -0.0322,      1.3168,      0.1574,      5.5742,     11.1485,      1.3908,     28.6304,     57.2608,      0.0192,      0.0010,      0.0156,      0.2032,   7745.1807,-421458.0312,   -928.1074,    550.1521,  25817.2656,
       1,     168,     227,       1,       1,       3,       1,     10.0000,      1.3990,     42.5802,    248.2027,     62.4632,      3.4953,      0.0000,     -0.0323,      0.5456,      0.1606,      5.5750,     11.1500,      1.4190,     28.6275,     57.2551,      0.0192,      0.0004,      0.0156,      0.2032,   7745.1802,-420274.6875,   -928.1620,    550.2466,  25818.4238,
       1,     168,     227,       2,       1,       3,       1,     10.0000,      1.3990,     42.5802,    248.2027,     62.4632,      3.4953,      0.0000,     -0.0322,      0.4538,      0.1577,      5.5750,     11.1500,      1.3936,     28.6275,     57.2551,      0.0192,      0.0004,      0.0156,      0.2032,   7745.5273,-419056.2812,   -927.6523,    550.3305,  25818.4238,
       1,     168,     227,       3,       1,       3,       1,     10.0000,      1.3990,     42.5802,    248.2027,     62.4632,      3.4953,      0.0000,     -0.0321,      0.3797,      0.1547,      5.5750,     11.1500,      1.3672,     28.6275,     57.2551,      0.0192,      0.0003,      0.0156,      0.2032,   7745.5273,-418836.7188,   -927.6116,    550.3455,  25818.4238,
       1,     168,     227,       4,       1,       3,       1,     10.0000,      1.3990,     42.5802,    248.2027,     62.4632,      3.4953,      0.0000,     -0.0320,      0.3848,      0.1527,      5.5750,     11.1500,      1.3495,     28.6275,     57.2551,      0.0192,      0.0003,      0.0156,      0.2032,   7745.5273,-418725.3750,   -927.5920,    550.3531,  25818.4238,
       1,     168,     227,       5,       1,       3,       1,     10.0000,      1.3990,     42.5802,    248.2027,     62.4632,      3.4953,      0.0000,     -0.0316,      0.3618,      0.1419,      5.5750,     11.1500,      1.2538,     28.6275,     57.2551,      0.0192,      0.0003,      0.0156,      0.2032,   7745.5273,-418722.2812,   -927.5929,    550.3535,  25818.4238,
       1,     168,     227,       6,       1,       3,       1,     10.0000,      1.3990,     42.5802,    248.2027,     62.4632,      3.4953,      0.0000,     -0.0317,      0.3763,      0.1433,      5.5750,     11.1500,      1.2665,     28.6275,     57.2551,      0.0192,      0.0003,      0.0156,      0.2032,   7745.5273,-418693.1875,   -927.5889,    550.3555,  25818.4258,
       1,     168,     227,       7,       1,       3,       1,     10.0000,      1.3990,     42.5802,    248.2027,     62.4632,      3.4953,      0.0000,     -0.0314,      0.3302,      0.1369,      5.5750,     11.1500,      1.2101,     28.6275,     57.2551,      0.0192,      0.0003,      0.0156,      0.2032,   7745.5278,-418708.5625,   -927.7837,    550.3544,  25818.4238,
       1,     168,     227,       8,       1,       3,       1,     10.0000,      1.3990,     42.5802,    248.2027,     62.4632,      3.4953,      0.0029,     -0.0278,      0.2822,      0.1194,      5.5750,     11.1500,      1.0548,     28.6275,     57.2551,      0.0192,      0.0002,      0.0156,      0.2032,   7745.5273,-418652.4688,   -910.0826,    550.3583,  25818.4258,
       1,     168,     227,       9,       1,       3,       1,     10.0000,      1.3990,     42.5802,    248.2027,     62.4632,      3.4953,      0.0663,      0.0354,      1.4313,      0.1235,      5.5750,     11.1500,      1.0910,     28.6275,     57.2551,      0.0192,      0.0002,      0.0761,      0.2032,   7745.5278,-418587.4375,   -910.0793,    550.3627,  25818.4238,
       1,     168,     227,      10,       1,       3,       1,     10.0000,      1.3990,     42.5802,    248.2027,     62.4632,      3.4953,      0.0763,      0.0450,      1.8639,      0.1341,      5.5750,     11.1500,      1.1847,     28.6275,     57.2551,      0.0192,      0.0003,      0.0902,      0.2032,   7745.5273,-420017.8438,   -910.5691,    550.2643,  25818.4219,
       1,     168,     227,      11,       1,       3,       1,     10.0000,      1.3990,     42.5802,    248.2027,     62.4632,      3.4953,      0.1429,      0.1109,      4.4180,      0.1515,      5.5750,     11.1500,      1.3387,     28.6275,     57.2551,      0.0192,      0.0003,      0.1860,      0.2032,   7745.5269,-420681.6875,   -910.7254,    550.2187,  25818.4238,
       1,     168,     227,      12,       1,       3,       1,     10.0000,      1.3990,     42.5802,    248.2027,     62.4632,      3.4953,      0.1776,      0.1449,      7.1910,      0.1731,      5.5750,     11.1500,      1.5294,     28.6275,     57.2551,      0.0192,      0.0004,      0.2361,      0.2032,   7745.5273,-423929.4375,   -911.9678,    549.9953,  25818.4238,
       1,     168,     227,      13,       1,       3,       1,     10.0000,      1.3990,     42.5802,    248.2027,     62.4632,      3.4953,      0.1871,      0.1538,      7.7204,      0.1904,      5.5750,     11.1500,      1.6826,     28.6275,     57.2551,      0.0192,      0.0004,      0.2500,      0.2032,   7745.5273,-427673.5625,   -913.9161,    549.7380,  25818.4238,
       1,     168,     227,      14,       1,       3,       1,     10.0000,      1.3990,     42.5802,    248.2027,     62.4632,      3.4953,      0.1871,      0.1532,      9.6973,      0.2104,      5.5750,     11.1500,      1.8591,     28.6275,     57.2551,      0.0192,      0.0005,      0.2500,      0.2032,   7745.5273,-428656.8438,   -915.4939,    549.6705,  25818.4258,
       1,     168,     227,      15,       1,       3,       1,     10.0000,      1.3990,     42.5802,    248.2027,     62.4632,      3.4953,      0.1874,      0.1534,     13.9664,      0.2156,      5.5750,     11.1500,      1.9053,     28.6275,     57.2551,      0.0192,      0.0007,      0.2500,      0.2032,   7745.5278,-431211.3125,   -917.5322,    549.4949,  25818.4238,
       1,     168,     227,      16,       1,       3,       1,     10.0000,      1.3990,     42.5802,    248.2027,     62.4632,      3.4953,      0.1017,      0.0687,      7.1214,      0.1819,      5.5750,     11.1500,      1.6075,     28.6275,     57.2551,      0.0192,      0.0007,      0.1254,      0.2032,   7745.5273,-436765.8125,   -919.8465,    549.1134,  25818.4238,
       1,     168,     227,      17,       1,       3,       1,     10.0000,      1.3990,     42.5802,    248.2027,     62.4632,      3.4953,      0.0150,     -0.0164,      0.2580,      0.1358,      5.5750,     11.1500,      1.2004,     28.6275,     57.2551,      0.0192,      0.0017,      0.0018,      0.2032,   7745.5273,-428688.7812,   -912.2455,    549.6680,  25818.4238,
       1,     168,     227,      18,       1,       3,       1,     10.0000,      1.3990,     42.5802,    248.2027,     62.4632,      3.4953,      0.0400,      0.0087,      7.1142,      0.1337,      5.5750,     11.1500,      1.1811,     28.6275,     57.2551,      0.0192,      0.0023,      0.0372,      0.2032,   7745.5273,-419419.3438,   -910.5212,    550.3051,  25818.4238,
       1,     168,     227,      19,       1,       3,       1,     10.0000,      1.3990,     42.5802,    248.2027,     62.4632,      3.4953,      0.0426,      0.0112,     11.2012,      0.1367,      5.5750,     11.1500,      1.2077,     28.6275,     57.2551,      0.0192,      0.0034,      0.0404,      0.2032,   7745.5273,-427190.0625,   -912.3365,    549.7709,  25818.4238,
       1,     168,     227,      20,       1,       3,       1,     10.0000,      1.3990,     42.5802,    248.2027,     62.4632,      3.4953,      0.0115,     -0.0199,      4.1749,      0.1371,      5.5750,     11.1500,      1.2114,     28.6275,     57.2551,      0.0192,      0.0033,      0.0156,      0.2032,   7745.5273,-432965.0625,   -913.8340,    549.3743,  25818.4238,
       1,     168,     227,      21,       1,       3,       1,     10.0000,      1.3990,     42.5802,    248.2027,     62.4632,      3.4953,      0.0000,     -0.0315,      2.2236,      0.1392,      5.5750,     11.1500,      1.2299,     28.6275,     57.2551,      0.0192,      0.0018,      0.0156,      0.2032,   7745.5273,-424680.6875,   -912.6799,    549.9434,  25818.4238,
       1,     168,     227,      22,       1,       3,       1,     10.0000,      1.3990,     42.5802,    248.2027,     62.4632,      3.4953,      0.0000,     -0.0317,      0.6258,      0.1449,      5.5750,     11.1500,      1.2806,     28.6275,     57.2551,      0.0192,      0.0005,      0.0156,      0.2032,   7745.5273,-421531.7500,   -912.3126,    550.1602,  25818.4238,
       1,     168,     227,      23,       1,       3,       1,     10.0000,      1.3990,     42.5802,    248.2027,     62.4632,      3.4953,      0.0000,     -0.0318,      0.4407,      0.1465,      5.5750,     11.1500,      1.2949,     28.6275,     57.2551,      0.0192,      0.0003,      0.0156,      0.2032,   7745.5273,-419264.4688,   -911.9344,    550.3162,  25818.4219,
       1,     168,     227,      24,       1,       3,       1,     10.0000,      1.3990,     42.5802,    248.2027,     62.4632,      3.4953,      0.0000,     -0.0318,      0.4866,      0.1454,      5.5750,     11.1500,      1.2845,     28.6275,     57.2551,      0.0192,      0.0004,      0.0156,      0.2032,   7745.5269,-418838.6250,   -911.8678,    550.3454,  25818.4238,
       1,     168,     228,       1,       1,       3,       1,     10.0000,      1.3990,     42.5805,    248.2085,     62.4647,      3.4953,      0.0000,     -0.0318,      0.4324,      0.1464,      5.5755,     11.1511,      1.2936,     28.6187,     57.2374,      0.0192,      0.0003,      0.0156,      0.2032,   7745.5273,-419014.4688,   -912.1739,    550.3463,  25819.5781,
       1,     168,     228,       2,       1,       3,       1,     10.0000,      1.3990,     42.5805,    248.2085,     62.4647,      3.4953,      0.0000,     -0.0318,      0.3631,      0.1479,      5.5755,     11.1511,      1.3067,     28.6187,     57.2374,      0.0192,      0.0003,      0.0156,      0.2032,   7745.8735,-418809.3438,   -911.8940,    550.3604,  25819.5762,
       1,     168,     228,       3,       1,       3,       1,     10.0000,      1.3990,     42.5805,    248.2085,     62.4647,      3.4953,      0.0000,     -0.0317,      0.4208,      0.1443,      5.5755,     11.1511,      1.2755,     28.6187,     57.2374,      0.0192,      0.0003,      0.0156,      0.2032,   7745.8730,-418705.6562,   -911.8784,    550.3676,  25819.5781,
       1,     168,     228,       4,       1,       3,       1,     10.0000,      1.3990,     42.5805,    248.2085,     62.4647,      3.4953,      0.0000,     -0.0316,      0.3446,      0.1422,      5.5755,     11.1511,      1.2563,     28.6187,     57.2374,      0.0192,      0.0003,      0.0156,      0.2032,   7745.8735,-418768.4062,   -911.8986,    550.3633,  25819.5781,
       1,     168,     228,       5,       1,       3,       1,     10.0000,      1.3990,     42.5805,    248.2085,     62.4647,      3.4953,      0.0000,     -0.0316,      0.3889,      0.1406,      5.5755,     11.1511,      1.2424,     28.6187,     57.2374,      0.0192,      0.0003,      0.0156,      0.2032,   7745.8735,-418678.5625,   -910.0869,    550.3694,  25819.5762,
       1,     168,     228,       6,       1,       3,       1,     10.0000,      1.3990,     42.5805,    248.2085,     62.4647,      3.4953,      0.0000,     -0.0316,      0.4433,      0.1400,      5.5755,     11.1511,      1.2374,     28.6187,     57.2374,      0.0192,      0.0003,      0.0156,      0.2032,   7745.8730,-418726.5312,   -910.1012,    550.3661,  25819.5781,
       1,     168,     228,       7,       1,       3,       1,     10.0000,      1.3990,     42.5805,    248.2085,     62.4647,      3.4953,      0.0000,     -0.0315,      0.4729,      0.1382,      5.5755,     11.1511,      1.2212,     28.6187,     57.2374,      0.0192,      0.0004,      0.0156,      0.2032,   7745.8735,-418798.3125,   -910.1272,    550.3612,  25819.5781,
       1,     168,     228,       8,       1,       3,       1,     10.0000,      1.3990,     42.5805,    248.2085,     62.4647,      3.4953,      0.0026,     -0.0288,      0.3671,      0.1375,      5.5755,     11.1511,      1.2151,     28.6187,     57.2374,      0.0192,      0.0003,      0.0156,      0.2032,   7745.8735,-418841.4375,   -910.1484,    550.3582,  25819.5781,
       1,     168,     228,       9,       1,       3,       1,     10.0000,      1.3990,     42.5805,    248.2085,     62.4647,      3.4953,      0.0342,      0.0030,      0.5962,      0.1304,      5.5755,     11.1511,      1.1527,     28.6187,     57.2374,      0.0192,      0.0002,      0.0298,      0.2032,   7745.8735,-418712.9688,   -910.1416,    550.3670,  25819.5781,
       1,     168,     228,      10,       1,       3,       1,     10.0000,      1.3990,     42.5805,    248.2085,     62.4647,      3.4953,      0.1251,      0.0938,      3.3105,      0.1339,      5.5755,     11.1511,      1.1835,     28.6187,     57.2374,      0.0192,      0.0003,      0.1605,      0.2032,   7745.8735,-418988.2500,   -910.2953,    550.3481,  25819.5781,
       1,     168,     228,      11,       1,       3,       1,     10.0000,      1.3990,     42.5805,    248.2085,     62.4647,      3.4953,      0.1753,      0.1429,      6.1283,      0.1656,      5.5755,     11.1511,      1.4637,     28.6187,     57.2374,      0.0192,      0.0003,      0.2329,      0.2032,   7745.8735,-422402.7188,   -911.2726,    550.1133,  25819.5781,
       1,     168,     228,      12,       1,       3,       1,     10.0000,      1.3990,     42.5805,    248.2085,     62.4647,      3.4953,      0.1863,      0.1533,      7.2252,      0.1805,      5.5755,     11.1511,      1.5948,     28.6187,     57.2374,      0.0192,      0.0004,      0.2488,      0.2032,   7745.8735,-426216.4688,   -913.3636,    549.8511,  25819.5801,
       1,     168,     228,      13,       1,       3,       1,     10.0000,      1.3990,     42.5805,    248.2085,     62.4647,      3.4953,      0.1870,      0.1533,      8.4741,      0.2065,      5.5755,     11.1511,      1.8246,     28.6187,     57.2374,      0.0192,      0.0004,      0.2500,      0.2032,   7745.8745,-427914.5000,   -915.0395,    549.7344,  25819.5801,
       1,     168,     228,      14,       1,       3,       1,     10.0000,      1.3990,     42.5805,    248.2085,     62.4647,      3.4953,      0.1875,      0.1533,     15.5644,      0.2208,      5.5755,     11.1511,      1.9508,     28.6187,     57.2374,      0.0192,      0.0008,      0.2500,      0.2032,   7745.8745,-429620.7500,   -917.2080,    549.6171,  25819.5781,
       1,     168,     228,      15,       1,       3,       1,     10.0000,      1.3990,     42.5805,    248.2085,     62.4647,      3.4953,      0.1858,      0.1519,     32.4188,      0.2148,      5.5755,     11.1511,      1.8979,     28.6187,     57.2374,      0.0192,      0.0016,      0.2456,      0.2032,   7745.8735,-438626.5000,   -920.3906,    548.9984,  25819.5762,
       1,     168,     228,      16,       1,       3,       1,     10.0000,      1.3990,     42.5805,    248.2085,     62.4647,      3.4953,      0.1692,      0.1355,     61.9529,      0.2065,      5.5755,     11.1511,      1.8246,     28.6187,     57.2374,      0.0192,      0.0035,      0.2178,      0.2032,   7745.8730,-460462.5312,   -925.4882,    547.5003,  25819.5781,
       1,     168,     228,      17,       1,       3,       1,     10.0000,      1.3990,     42.5805,    248.2085,     62.4647,      3.4953,      0.0930,      0.0605,     30.2794,      0.1680,      5.5755,     11.1511,      1.4844,     28.6187,     57.2374,      0.0192,      0.0034,      0.1103,      0.2032,   7745.8735,-499259.2500,   -926.0929,    544.8472,  25819.5781,
       1,     168,     228,      18,       1,       3,       1,     10.0000,      1.3990,     42.5805,    248.2085,     62.4647,      3.4953,      0.1492,      0.1163,     60.8433,      0.1798,      5.5755,     11.1511,      1.5885,     28.6187,     57.2374,      0.0192,      0.0040,      0.1886,      0.2032,   7745.8735,-462984.5312,   -918.8819,    547.3241,  25819.5781,
       1,     168,     228,      19,       1,       3,       1,     10.0000,      1.3990,     42.5805,    248.2085,     62.4647,      3.4953,      0.0845,      0.0518,     34.3461,      0.1740,      5.5755,     11.1511,      1.5371,     28.6187,     57.2374,      0.0192,      0.0043,      0.0975,      0.2032,   7745.8735,-498094.3750,   -926.6463,    544.9277,  25819.5781,
       1,     168,     228,      20,       1,       3,       1,     10.0000,      1.3990,     42.5805,    248.2085,     62.4647,      3.4953,      0.0254,     -0.0071,      4.7849,      0.1680,      5.5755,     11.1511,      1.4844,     28.6187,     57.2374,      0.0192,      0.0039,      0.0150,      0.2032,   7745.8735,-467970.4062,   -922.2946,    546.9849,  25819.5781,
       1,     168,     228,      21,       1,       3,       1,     10.0000,      1.3990,     42.5805,    248.2085,     62.4647,      3.4953,      0.0000,     -0.0324,      4.3638,      0.1627,      5.5755,     11.1511,      1.4376,     28.6187,     57.2374,      0.0192,      0.0034,      0.0156,      0.2032,   7745.8735,-428440.2500,   -915.8621,    549.6916,  25819.5781,
       1,     168,     228,      22,       1,       3,       1,     10.0000,      1.3990,     42.5805,    248.2085,     62.4647,      3.4953,      0.0000,     -0.0324,      1.3835,      0.1627,      5.5755,     11.1511,      1.4376,     28.6187,     57.2374,      0.0192,      0.0011,      0.0156,      0.2032,   7745.8735,-424538.9375,   -915.6401,    549.9664,  25819.5781,
       1,     168,     228,      23,       1,       3,       1,     10.0000,      1.3990,     42.5805,    248.2085,     62.4647,      3.4953,      0.0000,     -0.0324,      2.6228,      0.1633,      5.5755,     11.1511,      1.4434,     28.6187,     57.2374,      0.0192,      0.0021,      0.0156,      0.2032,   7745.8735,-420472.1875,   -915.0210,    550.2460,  25819.5781,
       1,     168,     228,      24,       1,       3,       1,     10.0000,      1.3990,     42.5805,    248.2085,     62.4647,      3.4953,      0.0000,     -0.0323,      2.9743,      0.1601,      5.5755,     11.1511,      1.4147,     28.6187,     57.2374,      0.0192,      0.0023,      0.0156,      0.2032,   7745.8735,-421671.2500,   -915.4462,    550.1636,  25819.5801,
       1,     168,     229,       1,       1,       3,       1,     10.0000,      1.3990,     42.5809,    248.2144,     62.4662,      3.4953,      0.0000,     -0.0320,      2.5358,      0.1524,      5.5750,     11.1501,      1.3468,     28.6188,     57.2375,      0.0192,      0.0020,      0.0156,      0.2033,   7745.8745,-422368.2188,   -916.1072,    550.1287,  25820.7344,
       1,     168,     229,       2,       1,       3,       1,     10.0000,      1.3990,     42.5809,    248.2144,     62.4662,      3.4953,      0.0000,     -0.0319,      2.0002,      0.1482,      5.5750,     11.1501,      1.3094,     28.6188,     57.2375,      0.0192,      0.0016,      0.0156,      0.2033,   7746.2207,-421727.9062,   -915.9572,    550.1727,  25820.7324,
       1,     168,     229,       3,       1,       3,       1,     10.0000,      1.3990,     42.5809,    248.2144,     62.4662,      3.4953,      0.0000,     -0.0318,      1.3899,      0.1458,      5.5750,     11.1501,      1.2885,     28.6188,     57.2375,      0.0192,      0.0011,      0.0156,      0.2033,   7746.2202,-421003.9375,   -915.9959,    550.2225,  25820.7344,
       1,     168,     229,       4,       1,       3,       1,     10.0000,      1.3990,     42.5809,    248.2144,     62.4662,      3.4953,      0.0000,     -0.0318,      1.6025,      0.1463,      5.5750,     11.1501,      1.2924,     28.6188,     57.2375,      0.0192,      0.0013,      0.0156,      0.2033,   7746.2207,-420179.3438,   -915.9551,    550.2792,  25820.7344,
       1,     168,     229,       5,       1,       3,       1,     10.0000,      1.3990,     42.5809,    248.2144,     62.4662,      3.4953,      0.0000,     -0.0317,      1.5834,      0.1435,      5.5750,     11.1501,      1.2678,     28.6188,     57.2375,      0.0192,      0.0012,      0.0156,      0.2033,   7746.2207,-420373.9375,   -916.1234,    550.2658,  25820.7344,
       1,     168,     229,       6,       1,       3,       1,     10.0000,      1.3990,     42.5809,    248.2144,     62.4662,      3.4953,      0.0000,     -0.0316,      0.9816,      0.1423,      5.5750,     11.1501,      1.2576,     28.6188,     57.2375,      0.0192,      0.0008,      0.0156,      0.2033,   7746.2207,-420366.8438,   -916.2364,    550.2663,  25820.7344,
       1,     168,     229,       7,       1,       3,       1,     10.0000,      1.3990,     42.5809,    248.2144,     62.4662,      3.4953,      0.0000,     -0.0315,      0.6678,      0.1388,      5.5750,     11.1501,      1.2262,     28.6188,     57.2375,      0.0192,      0.0005,      0.0156,      0.2033,   7746.2207,-419614.5000,   -910.3433,    550.3180,  25820.7344,
       1,     168,     229,       8,       1,       3,       1,     10.0000,      1.3990,     42.5809,    248.2144,     62.4662,      3.4953,      0.0048,     -0.0267,      0.6457,      0.1371,      5.5750,     11.1501,      1.2114,     28.6188,     57.2375,      0.0192,      0.0005,      0.0156,      0.2033,   7746.2207,-419157.9375,   -910.2145,    550.3494,  25820.7344,
       1,     168,     229,       9,       1,       3,       1,     10.0000,      1.3990,     42.5809,    248.2144,     62.4662,      3.4953,      0.0327,      0.0012,      0.9492,      0.1392,      5.5750,     11.1501,      1.2300,     28.6188,     57.2375,      0.0192,      0.0004,      0.0272,      0.2033,   7746.2207,-419091.0625,   -910.2585,    550.3540,  25820.7344,
       1,     168,     229,      10,       1,       3,       1,     10.0000,      1.3990,     42.5809,    248.2144,     62.4662,      3.4953,      0.1515,      0.1193,      6.5232,      0.1576,      5.5750,     11.1501,      1.3922,     28.6188,     57.2375,      0.0192,      0.0004,      0.1982,      0.2033,   7746.2207,-419464.5625,   -910.4484,    550.3284,  25820.7344,
       1,     168,     229,      11,       1,       3,       1,     10.0000,      1.3990,     42.5809,    248.2144,     62.4662,      3.4953,      0.1410,      0.1086,      4.9681,      0.1642,      5.5750,     11.1501,      1.4506,     28.6188,     57.2375,      0.0192,      0.0003,      0.1832,      0.2033,   7746.2207,-426459.1250,   -912.2312,    549.8472,  25820.7344,
       1,     168,     229,      12,       1,       3,       1,     10.0000,      1.3990,     42.5809,    248.2144,     62.4662,      3.4953,      0.1661,      0.1335,      5.9301,      0.1695,      5.5750,     11.1501,      1.4978,     28.6188,     57.2375,      0.0192,      0.0003,      0.2195,      0.2033,   7746.2207,-425118.0000,   -912.5869,    549.9396,  25820.7344,
       1,     168,     229,      13,       1,       3,       1,     10.0000,      1.3990,     42.5809,    248.2144,     62.4662,      3.4953,      0.1517,      0.1190,      5.5047,      0.1733,      5.5750,     11.1501,      1.5310,     28.6188,     57.2375,      0.0192,      0.0003,      0.1987,      0.2033,   7746.2207,-426204.2188,   -913.7236,    549.8649,  25820.7324,
       1,     168,     229,      14,       1,       3,       1,     10.0000,      1.3990,     42.5809,    248.2144,     62.4662,      3.4953,      0.1745,      0.1415,      7.4995,      0.1830,      5.5750,     11.1501,      1.6172,     28.6188,     57.2375,      0.0192,      0.0004,      0.2316,      0.2033,   7746.2202,-425766.3438,   -914.2438,    549.8950,  25820.7344,
       1,     168,     229,      15,       1,       3,       1,     10.0000,      1.3990,     42.5809,    248.2144,     62.4662,      3.4953,      0.1690,      0.1359,     16.7203,      0.1872,      5.5750,     11.1501,      1.6545,     28.6188,     57.2375,      0.0192,      0.0009,      0.2226,      0.2033,   7746.2207,-428220.5938,   -915.5627,    549.7263,  25820.7344,
       1,     168,     229,      16,       1,       3,       1,     10.0000,      1.3990,     42.5809,    248.2144,     62.4662,      3.4953,      0.1876,      0.1542,     30.8763,      0.1956,      5.5750,     11.1501,      1.7282,     28.6188,     57.2375,      0.0192,      0.0015,      0.2481,      0.2033,   7746.2207,-439950.6562,   -918.5882,    548.9203,  25820.7344,
       1,     168,     229,      17,       1,       3,       1,     10.0000,      1.3990,     42.5809,    248.2144,     62.4662,      3.4953,      0.1623,      0.1291,     33.2102,      0.1887,      5.5750,     11.1501,      1.6677,     28.6188,     57.2375,      0.0192,      0.0019,      0.2108,      0.2033,   7746.2207,-458647.1562,   -923.2571,    547.6381,  25820.7363,
       1,     168,     229,      18,       1,       3,       1,     10.0000,      1.3990,     42.5809,    248.2144,     62.4662,      3.4953,      0.1267,      0.0938,     26.7166,      0.1792,      5.5750,     11.1501,      1.5838,     28.6188,     57.2375,      0.0192,      0.0021,      0.1597,      0.2032,   7746.2212,-463171.5000,   -924.9584,    547.3298,  25820.7344,
       1,     168,     229,      19,       1,       3,       1,     10.0000,      1.3990,     42.5809,    248.2144,     62.4662,      3.4953,      0.0754,      0.0428,     19.4424,      0.1709,      5.5750,     11.1501,      1.5098,     28.6188,     57.2375,      0.0192,      0.0028,      0.0860,      0.2032,   7746.2207,-455441.5625,   -924.1389,    547.8588,  25820.7324,
       1,     168,     229,      20,       1,       3,       1,     10.0000,      1.3990,     42.5809,    248.2144,     62.4662,      3.4953,      0.0145,     -0.0179,      3.3701,      0.1638,      5.5750,     11.1501,      1.4477,     28.6188,     57.2375,      0.0192,      0.0027,      0.0156,      0.2032,   7746.2202,-445688.5312,   -922.8246,    548.5269,  25820.7324,
       1,     168,     229,      21,       1,       3,       1,     10.0000,      1.3990,     42.5809,    248.2144,     62.4662,      3.4953,      0.0000,     -0.0323,      3.7771,      0.1606,      5.5750,     11.1501,      1.4190,     28.6188,     57.2375,      0.0192,      0.0030,      0.0156,      0.2032,   7746.2202,-424769.3438,   -919.2457,    549.9616,  25820.7344,
       1,     168,     229,      22,       1,       3,       1,     10.0000,      1.3990,     42.5809,    248.2144,     62.4662,      3.4953,      0.0000,     -0.0322,      3.4660,      0.1574,      5.5750,     11.1501,      1.3908,     28.6188,     57.2375,      0.0192,      0.0027,      0.0156,      0.2033,   7746.2207,-423487.2812,   -919.2157,    550.0517,  25820.7344,
       1,     168,     229,      23,       1,       3,       1,     10.0000,      1.3990,     42.5809,    248.2144,     62.4662,      3.4953,      0.0000,     -0.0323,      2.8334,      0.1596,      5.5750,     11.1501,      1.4105,     28.6188,     57.2375,      0.0192,      0.0022,      0.0156,      0.2033,   7746.2207,-422986.0312,   -919.3216,    550.0861,  25820.7324,
       1,     168,     229,      24,       1,       3,       1,     10.0000,      1.3990,     42.5809,    248.2144,     62.4662,      3.4953,      0.0000,     -0.0323,      2.4746,      0.1609,      5.5750,     11.1501,      1.4219,     28.6188,     57.2375,      0.0192,      0.0019,      0.0156,      0.2033,   7746.2202,-422152.9375,   -919.3262,    550.1434,  25820.7324,
       1,     168,     230,       1,       1,       3,       1,     10.0000,      1.3990,     42.5812,    248.2202,     62.4677,      3.4953,      0.0000,     -0.0324,      2.0486,      0.1632,      5.5752,     11.1504,      1.4420,     28.6177,     57.2353,      0.0192,      0.0016,      0.0156,      0.2033,   7746.2202,-421788.7188,   -919.6553,    550.1815,  25821.8945,
       1,     168,     230,       2,       1,       3,       1,     10.0000,      1.3990,     42.5812,    248.2202,     62.4677,      3.4953,      0.0000,     -0.0324,      1.6173,      0.1630,      5.5752,     11.1504,      1.4405,     28.6177,     57.2353,      0.0192,      0.0013,      0.0156,      0.2033,   7746.5688,-421072.0625,   -919.3746,    550.2308,  25821.8926,
       1,     168,     230,       3,       1,       3,       1,     10.0000,      1.3990,     42.5812,    248.2202,     62.4677,      3.4953,      0.0000,     -0.0323,      1.4695,      0.1622,      5.5752,     11.1504,      1.4334,     28.6177,     57.2353,      0.0192,      0.0012,      0.0156,      0.2033,   7746.5679,-420472.1250,   -919.3453,    550.2722,  25821.8906,
       1,     168,     230,       4,       1,       3,       1,     10.0000,      1.3990,     42.5812,    248.2202,     62.4677,      3.4953,      0.0000,     -0.0323,      1.3551,      0.1617,      5.5752,     11.1504,      1.4290,     28.6177,     57.2353,      0.0192,      0.0011,      0.0156,      0.2033,   7746.5674,-420235.9688,   -919.3668,    550.2884,  25821.8926,
       1,     168,     230,       5,       1,       3,       1,     10.0000,      1.3990,     42.5812,    248.2202,     62.4677,      3.4953,      0.0000,     -0.0323,      1.3771,      0.1599,      5.5752,     11.1504,      1.4134,     28.6177,     57.2353,      0.0192,      0.0011,      0.0156,      0.2033,   7746.5679,-420072.6250,   -919.3941,    550.2996,  25821.8926,
       1,     168,     230,       6,       1,       3,       1,     10.0000,      1.3990,     42.5812,    248.2202,     62.4677,      3.4953,      0.0000,     -0.0321,      1.2882,      0.1563,      5.5752,     11.1504,      1.3811,     28.6177,     57.2353,      0.0192,      0.0010,      0.0156,      0.2033,   7746.5679,-420086.0938,   -919.4613,    550.2986,  25821.8926,
       1,     168,     230,       7,       1,       3,       1,     10.0000,      1.3990,     42.5812,    248.2202,     62.4677,      3.4953,      0.0000,     -0.0321,      1.1874,      0.1563,      5.5752,     11.1504,      1.3811,     28.6177,     57.2353,      0.0192,      0.0009,      0.0156,      0.2033,   7746.5679,-419976.2188,   -919.5002,    550.3062,  25821.8906,
       1,     168,     230,       8,       1,       3,       1,     10.0000,      1.3990,     42.5812,    248.2202,     62.4677,      3.4953,      0.0063,     -0.0257,      1.3462,      0.1535,      5.5752,     11.1504,      1.3564,     28.6177,     57.2353,      0.0192,      0.0011,      0.0156,      0.2033,   7746.5674,-419841.0938,   -919.5197,    550.3155,  25821.8926,
       1,     168,     230,       9,       1,       3,       1,     10.0000,      1.3990,     42.5812,    248.2202,     62.4677,      3.4953,      0.0608,      0.0287,      5.4380,      0.1547,      5.5752,     11.1504,      1.3673,     28.6177,     57.2353,      0.0192,      0.0010,      0.0668,      0.2033,   7746.5679,-420027.5938,   -919.6249,    550.3026,  25821.8926,
       1,     168,     230,      10,       1,       3,       1,     10.0000,      1.3990,     42.5812,    248.2202,     62.4677,      3.4953,      0.1273,      0.0948,     11.2613,      0.1663,      5.5752,     11.1504,      1.4697,     28.6177,     57.2353,      0.0192,      0.0009,      0.1624,      0.2033,   7746.5679,-425154.3438,   -920.7111,    549.9500,  25821.8906,
       1,     168,     230,      11,       1,       3,       1,     10.0000,      1.3990,     42.5812,    248.2202,     62.4677,      3.4953,      0.1584,      0.1253,     11.1822,      0.1874,      5.5752,     11.1504,      1.6562,     28.6177,     57.2353,      0.0192,      0.0007,      0.2078,      0.2033,   7746.5674,-432868.7812,   -922.4218,    549.4198,  25821.8926,
       1,     168,     230,      12,       1,       3,       1,     10.0000,      1.3990,     42.5812,    248.2202,     62.4677,      3.4953,      0.1874,      0.1534,     13.7309,      0.2152,      5.5752,     11.1504,      1.9017,     28.6177,     57.2353,      0.0192,      0.0007,      0.2500,      0.2033,   7746.5679,-433432.8750,   -922.9613,    549.3813,  25821.8906,
       1,     168,     230,      13,       1,       3,       1,     10.0000,      1.3990,     42.5812,    248.2202,     62.4677,      3.4953,      0.1871,      0.1526,     11.2186,      0.2339,      5.5752,     11.1504,      2.0669,     28.6177,     57.2353,      0.0192,      0.0006,      0.2500,      0.2033,   7746.5674,-436665.1875,   -924.3677,    549.1594,  25821.8926,
       1,     168,     230,      14,       1,       3,       1,     10.0000,      1.3990,     42.5812,    248.2202,     62.4677,      3.4953,      0.1870,      0.1525,     12.7769,      0.2344,      5.5752,     11.1504,      2.0710,     28.6177,     57.2353,      0.0192,      0.0006,      0.2497,      0.2033,   7746.5679,-433803.8125,   -924.5269,    549.3558,  25821.8945,
       1,     168,     230,      15,       1,       3,       1,     10.0000,      1.3990,     42.5812,    248.2202,     62.4677,      3.4953,      0.1888,      0.1542,     33.4223,      0.2374,      5.5752,     11.1504,      2.0974,     28.6177,     57.2353,      0.0192,      0.0016,      0.2500,      0.2033,   7746.5688,-435504.8438,   -925.2766,    549.2390,  25821.8926,
       1,     168,     230,      16,       1,       3,       1,     10.0000,      1.3990,     42.5812,    248.2202,     62.4677,      3.4953,      0.1904,      0.1560,     53.7918,      0.2319,      5.5752,     11.1504,      2.0488,     28.6177,     57.2353,      0.0192,      0.0026,      0.2500,      0.2033,   7746.5679,-461442.4688,   -930.6035,    547.4583,  25821.8926,
       1,     168,     230,      17,       1,       3,       1,     10.0000,      1.3990,     42.5812,    248.2202,     62.4677,      3.4953,      0.1819,      0.1478,     71.2307,      0.2197,      5.5752,     11.1504,      1.9414,     28.6177,     57.2353,      0.0192,      0.0037,      0.2354,      0.2033,   7746.5679,-489132.4375,   -936.3269,    545.5663,  25821.8926,
       1,     168,     230,      18,       1,       3,       1,     10.0000,      1.3990,     42.5812,    248.2202,     62.4677,      3.4953,      0.1644,      0.1305,     82.1939,      0.2146,      5.5752,     11.1504,      1.8961,     28.6177,     57.2353,      0.0192,      0.0048,      0.2085,      0.2032,   7746.5679,-513314.4375,   -941.4557,    543.9205,  25821.8926,
       1,     168,     230,      19,       1,       3,       1,     10.0000,      1.3990,     42.5812,    248.2202,     62.4677,      3.4953,      0.1095,      0.0762,     42.1193,      0.1933,      5.5752,     11.1504,      1.7079,     28.6177,     57.2353,      0.0192,      0.0039,      0.1327,      0.2032,   7746.5679,-529099.8125,   -945.0452,    542.8497,  25821.8926,
       1,     168,     230,      20,       1,       3,       1,     10.0000,      1.3990,     42.5812,    248.2202,     62.4677,      3.4953,      0.0222,     -0.0109,      3.4519,      0.1878,      5.5752,     11.1504,      1.6595,     28.6177,     57.2353,      0.0192,      0.0043,      0.0097,      0.2032,   7746.5679,-480314.7500,   -936.2210,    546.1611,  25821.8906,
       1,     168,     230,      21,       1,       3,       1,     10.0000,      1.3990,     42.5812,    248.2202,     62.4677,      3.4953,      0.0000,     -0.0330,      5.3979,      0.1827,      5.5752,     11.1504,      1.6140,     28.6177,     57.2353,      0.0192,      0.0042,      0.0156,      0.2032,   7746.5674,-427834.4375,   -926.4293,    549.7540,  25821.8926,
       1,     168,     230,      22,       1,       3,       1,     10.0000,      1.3990,     42.5812,    248.2202,     62.4677,      3.4953,      0.0000,     -0.0330,      4.9766,      0.1821,      5.5752,     11.1504,      1.6092,     28.6177,     57.2353,      0.0192,      0.0039,      0.0156,      0.2033,   7746.5679,-425789.7188,   -926.1114,    549.9064,  25821.8926,
       1,     168,     230,      23,       1,       3,       1,     10.0000,      1.3990,     42.5812,    248.2202,     62.4677,      3.4953,      0.0000,     -0.0329,      4.7051,      0.1796,      5.5752,     11.1504,      1.5870,     28.6177,     57.2353,      0.0192,      0.0037,      0.0156,      0.2033,   7746.5679,-425073.1562,   -926.0308,    549.9558,  25821.8926,
       1,     168,     230,      24,       1,       3,       1,     10.0000,      1.3990,     42.5812,    248.2202,     62.4677,      3.4953,      0.0000,     -0.0328,      3.5210,      0.1769,      5.5752,     11.1504,      1.5635,     28.6177,     57.2353,      0.0192,      0.0028,      0.0156,      0.2033,   7746.5679,-424672.2500,   -926.0013,    549.9833,  25821.8926,
       1,     168,     231,       1,       1,       3,       1,     10.0000,      1.3991,     42.5815,    248.2261,     62.4691,      3.4953,      0.0000,     -0.0328,      3.1499,      0.1755,      5.5748,     11.1497,      1.5511,     28.6214,     57.2428,      0.0192,      0.0025,      0.0156,      0.2033,   7746.5679,-423313.8125,   -926.0520,    550.0895,  25823.0508,
       1,     168,     231,       2,       1,       3,       1,     10.0000,      1.3991,     42.5815,    248.2261,     62.4691,      3.4953,      0.0000,     -0.0328,      2.6388,      0.1766,      5.5748,     11.1497,      1.5604,     28.6214,     57.2428,      0.0192,      0.0021,      0.0156,      0.2033,   7746.9155,-422581.0312,   -925.6669,    550.1400,  25823.0488,
       1,     168,     231,       3,       1,       3,       1,     10.0000,      1.3991,     42.5815,    248.2261,     62.4691,      3.4953,      0.0000,     -0.0328,      2.5039,      0.1754,      5.5748,     11.1497,      1.5495,     28.6214,     57.2428,      0.0192,      0.0020,      0.0156,      0.2033,   7746.9150,-421880.0000,   -925.5547,    550.1882,  25823.0488,
       1,     168,     231,       4,       1,       3,       1,     10.0000,      1.3991,     42.5815,    248.2261,     62.4691,      3.4953,      0.0000,     -0.0326,      2.0266,      0.1702,      5.5748,     11.1497,      1.5039,     28.6214,     57.2428,      0.0192,      0.0016,      0.0156,      0.2033,   7746.9150,-421651.3750,   -925.5295,    550.2039,  25823.0469,
       1,     168,     231,       5,       1,       3,       1,     10.0000,      1.3991,     42.5815,    248.2261,     62.4691,      3.4953,      0.0000,     -0.0325,      1.5997,      0.1657,      5.5748,     11.1497,      1.4638,     28.6214,     57.2428,      0.0192,      0.0013,      0.0156,      0.2033,   7746.9146,-421035.8750,   -925.4269,    550.2462,  25823.0488,
       1,     168,     231,       6,       1,       3,       1,     10.0000,      1.3991,     42.5815,    248.2261,     62.4691,      3.4953,      0.0000,     -0.0325,      1.3434,      0.1680,      5.5748,     11.1497,      1.4845,     28.6214,     57.2428,      0.0192,      0.0011,      0.0156,      0.2033,   7746.9150,-420449.5625,   -925.3257,    550.2865,  25823.0469,
       1,     168,     231,       7,       1,       3,       1,     10.0000,      1.3991,     42.5815,    248.2261,     62.4691,      3.4953,      0.0000,     -0.0325,      1.3094,      0.1657,      5.5748,     11.1497,      1.4638,     28.6214,     57.2428,      0.0192,      0.0010,      0.0156,      0.2033,   7746.9146,-420079.3438,   -925.2642,    550.3120,  25823.0488,
       1,     168,     231,       8,       1,       3,       1,     10.0000,      1.3991,     42.5815,    248.2261,     62.4691,      3.4953,      0.0103,     -0.0219,      1.4010,      0.1577,      5.5748,     11.1497,      1.3937,     28.6214,     57.2428,      0.0192,      0.0011,      0.0156,      0.2033,   7746.9150,-420005.0312,   -925.2574,    550.3171,  25823.0488,
       1,     168,     231,       9,       1,       3,       1,     10.0000,      1.3991,     42.5815,    248.2261,     62.4691,      3.4953,      0.0953,      0.0626,     11.1490,      0.1728,      5.5748,     11.1497,      1.5265,     28.6214,     57.2428,      0.0192,      0.0012,      0.1158,      0.2033,   7746.9150,-420113.0312,   -925.2858,    550.3096,  25823.0488,
       1,     168,     231,      10,       1,       3,       1,     10.0000,      1.3991,     42.5815,    248.2261,     62.4691,      3.4953,      0.1514,      0.1178,     18.7216,      0.2001,      5.5748,     11.1497,      1.7681,     28.6214,     57.2428,      0.0192,      0.0012,      0.1966,      0.2033,   7746.9150,-432295.8438,   -927.6538,    549.4717,  25823.0508,
       1,     168,     231,      11,       1,       3,       1,     10.0000,      1.3991,     42.5815,    248.2261,     62.4691,      3.4953,      0.1770,      0.1429,     28.9894,      0.2186,      5.5748,     11.1497,      1.9319,     28.6214,     57.2428,      0.0192,      0.0015,      0.2330,      0.2033,   7746.9155,-442801.9375,   -929.7365,    548.7507,  25823.0508,
       1,     168,     231,      12,       1,       3,       1,     10.0000,      1.3991,     42.5815,    248.2261,     62.4691,      3.4953,      0.1712,      0.1367,     21.9207,      0.2325,      5.5748,     11.1497,      2.0549,     28.6214,     57.2428,      0.0192,      0.0012,      0.2254,      0.2033,   7746.9155,-456531.1875,   -932.4636,    547.8094,  25823.0488,
       1,     168,     231,      13,       1,       3,       1,     10.0000,      1.3991,     42.5815,    248.2261,     62.4691,      3.4953,      0.1658,      0.1315,     10.8019,      0.2254,      5.5748,     11.1497,      1.9915,     28.6214,     57.2428,      0.0192,      0.0006,      0.2187,      0.2033,   7746.9150,-448878.6875,   -931.0535,    548.3342,  25823.0508,
       1,     168,     231,      14,       1,       3,       1,     10.0000,      1.3991,     42.5815,    248.2261,     62.4691,      3.4953,      0.1584,      0.1245,     29.1105,      0.2144,      5.5748,     11.1497,      1.8943,     28.6214,     57.2428,      0.0192,      0.0017,      0.2057,      0.2033,   7746.9155,-434330.6250,   -928.2866,    549.3316,  25823.0469,
       1,     168,     231,      15,       1,       3,       1,     10.0000,      1.3991,     42.5815,    248.2261,     62.4691,      3.4953,      0.1530,      0.1192,     50.3087,      0.2085,      5.5748,     11.1497,      1.8428,     28.6214,     57.2428,      0.0192,      0.0032,      0.1953,      0.2033,   7746.9146,-455954.5312,   -931.7818,    547.8477,  25823.0449,
       1,     168,     231,      16,       1,       3,       1,     10.0000,      1.3991,     42.5815,    248.2261,     62.4691,      3.4953,      0.1686,      0.1345,     79.3123,      0.2188,      5.5748,     11.1497,      1.9338,     28.6214,     57.2428,      0.0192,      0.0045,      0.2149,      0.2033,   7746.9136,-484301.3438,   -937.6013,    545.9084,  25823.0469,
       1,     168,     231,      17,       1,       3,       1,     10.0000,      1.3991,     42.5815,    248.2261,     62.4691,      3.4953,      0.1687,      0.1341,     91.8561,      0.2399,      5.5748,     11.1497,      2.1201,     28.6214,     57.2428,      0.0192,      0.0053,      0.2138,      0.2033,   7746.9146,-522993.1562,   -945.5765,    543.2717,  25823.0469,
       1,     168,     231,      18,       1,       3,       1,     10.0000,      1.3991,     42.5815,    248.2261,     62.4691,      3.4953,      0.1649,      0.1301,     76.7001,      0.2461,      5.5748,     11.1497,      2.1745,     28.6214,     57.2428,      0.0192,      0.0045,      0.2099,      0.2032,   7746.9146,-542009.6875,   -949.9516,    541.9866,  25823.0469,
       1,     168,     231,      19,       1,       3,       1,     10.0000,      1.3991,     42.5815,    248.2261,     62.4691,      3.4953,      0.1145,      0.0803,     32.6350,      0.2230,      5.5748,     11.1497,      1.9702,     28.6214,     57.2428,      0.0192,      0.0028,      0.1408,      0.2032,   7746.9146,-524670.3750,   -947.2679,    543.1628,  25823.0469,
       1,     168,     231,      20,       1,       3,       1,     10.0000,      1.3991,     42.5815,    248.2261,     62.4691,      3.4953,      0.0159,     -0.0175,      0.1466,      0.1952,      5.5748,     11.1497,      1.7249,     28.6214,     57.2428,      0.0192,      0.0027,      0.0007,      0.2032,   7746.9146,-468072.4375,   -936.7352,    547.0068,  25823.0469,
       1,     168,     231,      21,       1,       3,       1,     10.0000,      1.3991,     42.5815,    248.2261,     62.4691,      3.4953,      0.0000,     -0.0331,      4.1868,      0.1843,      5.5748,     11.1497,      1.6285,     28.6214,     57.2428,      0.0192,      0.0033,      0.0156,      0.2033,   7746.9146,-422670.2500,   -928.1008,    550.1249,  25823.0469,
       1,     168,     231,      22,       1,       3,       1,     10.0000,      1.3991,     42.5815,    248.2261,     62.4691,      3.4953,      0.0000,     -0.0331,      5.6968,      0.1847,      5.5748,     11.1497,      1.6318,     28.6214,     57.2428,      0.0192,      0.0045,      0.0156,      0.2033,   7746.9146,-423832.2188,   -928.3514,    550.0539,  25823.0449,
       1,     168,     231,      23,       1,       3,       1,     10.0000,      1.3991,     42.5815,    248.2261,     62.4691,      3.4953,      0.0000,     -0.0329,      5.8034,      0.1801,      5.5748,     11.1497,      1.5917,     28.6214,     57.2428,      0.0192,      0.0046,      0.0156,      0.2033,   7746.9136,-425807.0312,   -928.7625,    549.9182,  25823.0469,
       1,     168,     231,      24,       1,       3,       1,     10.0000,      1.3991,     42.5815,    248.2261,     62.4691,      3.4953,      0.0000,     -0.0328,      4.3604,      0.1745,      5.5748,     11.1497,      1.5418,     28.6214,     57.2428,      0.0192,      0.0034,      0.0156,      0.2033,   7746.9146,-426109.5312,   -928.8474,    549.8973,  25823.0469,
       1,     168,     232,       1,       1,       3,       1,     10.0000,      1.3991,     42.5819,    248.2319,     62.4706,      3.4953,      0.0000,     -0.0325,      2.4009,      0.1663,      5.5755,     11.1510,      1.4697,     28.6236,     57.2472,      0.0192,      0.0019,      0.0156,      0.2033,   7746.9146,-424488.3125,   -928.8332,    550.0219,  25824.2031,
       1,     168,     232,       2,       1,       3,       1,     10.0000,      1.3991,     42.5819,    248.2319,     62.4706,      3.4953,      0.0000,     -0.0322,      1.9294,      0.1587,      5.5755,     11.1510,      1.4022,     28.6236,     57.2472,      0.0192,      0.0015,      0.0156,      0.2033,   7747.2612,-421749.3438,   -928.0427,    550.2101,  25824.2031,
       1,     168,     232,       3,       1,       3,       1,     10.0000,      1.3991,     42.5819,    248.2319,     62.4706,      3.4953,      0.0000,     -0.0321,      2.0775,      0.1554,      5.5755,     11.1510,      1.3729,     28.6236,     57.2472,      0.0192,      0.0016,      0.0156,      0.2033,   7747.2612,-420925.4062,   -927.8924,    550.2668,  25824.2031,
       1,     168,     232,       4,       1,       3,       1,     10.0000,      1.3991,     42.5819,    248.2319,     62.4706,      3.4953,      0.0000,     -0.0322,      2.0006,      0.1574,      5.5755,     11.1510,      1.3909,     28.6236,     57.2472,      0.0192,      0.0016,      0.0156,      0.2033,   7747.2612,-421039.6562,   -927.9216,    550.2590,  25824.2031,
       1,     168,     232,       5,       1,       3,       1,     10.0000,      1.3991,     42.5819,    248.2319,     62.4706,      3.4953,      0.0000,     -0.0322,      1.5943,      0.1576,      5.5755,     11.1510,      1.3923,     28.6236,     57.2472,      0.0192,      0.0013,      0.0156,      0.2033,   7747.2612,-420953.4062,   -927.9111,    550.2649,  25824.2031,
       1,     168,     232,       6,       1,       3,       1,     10.0000,      1.3991,     42.5819,    248.2319,     62.4706,      3.4953,      0.0000,     -0.0321,      1.0592,      0.1547,      5.5755,     11.1510,      1.3674,     28.6236,     57.2472,      0.0192,      0.0008,      0.0156,      0.2033,   7747.2612,-420438.6562,   -927.8174,    550.3003,  25824.2051,
       1,     168,     232,       7,       1,       3,       1,     10.0000,      1.3991,     42.5819,    248.2319,     62.4706,      3.4953,      0.0000,     -0.0318,      0.6130,      0.1477,      5.5755,     11.1510,      1.3056,     28.6236,     57.2472,      0.0192,      0.0005,      0.0156,      0.2033,   7747.2617,-419725.9688,   -927.6836,    550.3493,  25824.2051,
       1,     168,     232,       8,       1,       3,       1,     10.0000,      1.3991,     42.5819,    248.2319,     62.4706,      3.4953,      0.0016,     -0.0302,      0.5693,      0.1480,      5.5755,     11.1510,      1.3082,     28.6236,     57.2472,      0.0192,      0.0004,      0.0156,      0.2033,   7747.2617,-419107.6250,   -927.5722,    550.3918,  25824.2051,
       1,     168,     232,       9,       1,       3,       1,     10.0000,      1.3991,     42.5819,    248.2319,     62.4706,      3.4953,      0.0368,      0.0048,      1.6098,      0.1505,      5.5755,     11.1510,      1.3294,     28.6236,     57.2472,      0.0192,      0.0006,      0.0325,      0.2033,   7747.2617,-418999.9375,   -927.5548,    550.3993,  25824.2031,
       1,     168,     232,      10,       1,       3,       1,     10.0000,      1.3991,     42.5819,    248.2319,     62.4706,      3.4953,      0.1095,      0.0771,      5.6514,      0.1635,      5.5755,     11.1510,      1.4449,     28.6236,     57.2472,      0.0192,      0.0005,      0.1373,      0.2034,   7747.2612,-420290.1562,   -927.8129,    550.3105,  25824.2031,
       1,     168,     232,      11,       1,       3,       1,     10.0000,      1.3991,     42.5819,    248.2319,     62.4706,      3.4953,      0.1685,      0.1353,      7.0062,      0.1912,      5.5755,     11.1510,      1.6895,     28.6236,     57.2472,      0.0192,      0.0004,      0.2230,      0.2033,   7747.2612,-425447.7188,   -928.8334,    549.9557,  25824.2031,
       1,     168,     232,      12,       1,       3,       1,     10.0000,      1.3991,     42.5819,    248.2319,     62.4706,      3.4953,      0.1730,      0.1394,      7.6807,      0.2031,      5.5755,     11.1510,      1.7945,     28.6236,     57.2472,      0.0192,      0.0004,      0.2296,      0.2033,   7747.2612,-427582.8750,   -929.2819,    549.8091,  25824.2051,
       1,     168,     232,      13,       1,       3,       1,     10.0000,      1.3991,     42.5819,    248.2319,     62.4706,      3.4953,      0.1576,      0.1246,      6.0352,      0.1810,      5.5755,     11.1510,      1.5997,     28.6236,     57.2472,      0.0192,      0.0004,      0.2071,      0.2033,   7747.2617,-428608.0938,   -929.5072,    549.7386,  25824.2051,
       1,     168,     232,      14,       1,       3,       1,     10.0000,      1.3991,     42.5819,    248.2319,     62.4706,      3.4953,      0.1844,      0.1514,      7.8610,      0.1838,      5.5755,     11.1510,      1.6237,     28.6236,     57.2472,      0.0192,      0.0004,      0.2461,      0.2033,   7747.2617,-426641.1562,   -929.1508,    549.8738,  25824.2031,
       1,     168,     232,      15,       1,       3,       1,     10.0000,      1.3991,     42.5819,    248.2319,     62.4706,      3.4953,      0.1866,      0.1534,     12.1647,      0.1887,      5.5755,     11.1510,      1.6678,     28.6236,     57.2472,      0.0192,      0.0006,      0.2488,      0.2033,   7747.2612,-428752.7812,   -929.5735,    549.7287,  25824.2012,
       1,     168,     232,      16,       1,       3,       1,     10.0000,      1.3991,     42.5819,    248.2319,     62.4706,      3.4953,      0.1849,      0.1517,     34.3383,      0.1889,      5.5755,     11.1510,      1.6695,     28.6236,     57.2472,      0.0192,      0.0017,      0.2438,      0.2033,   7747.2607,-434308.8125,   -930.6675,    549.3469,  25824.2031,
       1,     168,     232,      17,       1,       3,       1,     10.0000,      1.3991,     42.5819,    248.2319,     62.4706,      3.4953,      0.1610,      0.1276,     45.9397,      0.1960,      5.5755,     11.1510,      1.7318,     28.6236,     57.2472,      0.0192,      0.0027,      0.2076,      0.2033,   7747.2612,-462479.3438,   -936.1983,    547.4125,  25824.2012,
       1,     168,     232,      18,       1,       3,       1,     10.0000,      1.3991,     42.5819,    248.2319,     62.4706,      3.4953,      0.0869,      0.0541,     19.6646,      0.1768,      5.5755,     11.1510,      1.5620,     28.6236,     57.2472,      0.0192,      0.0024,      0.1025,      0.2033,   7747.2607,-479401.2188,   -939.6295,    546.2581,  25824.2051,
       1,     168,     232,      19,       1,       3,       1,     10.0000,      1.3991,     42.5819,    248.2319,     62.4706,      3.4953,      0.0548,      0.0223,      9.5967,      0.1678,      5.5755,     11.1510,      1.4830,     28.6236,     57.2472,      0.0192,      0.0021,      0.0572,      0.2033,   7747.2617,-448011.6250,   -933.8475,    548.4026,  25824.2031,
       1,     168,     232,      20,       1,       3,       1,     10.0000,      1.3991,     42.5819,    248.2319,     62.4706,      3.4953,      0.0152,     -0.0171,      0.1746,      0.1616,      5.5755,     11.1510,      1.4277,     28.6236,     57.2472,      0.0192,      0.0023,      0.0009,      0.2033,   7747.2612,-432757.5312,   -930.9798,    549.4525,  25824.2031,
       1,     168,     232,      21,       1,       3,       1,     10.0000,      1.3991,     42.5819,    248.2319,     62.4706,      3.4953,      0.0000,     -0.0322,      3.3773,      0.1587,      5.5755,     11.1510,      1.4022,     28.6236,     57.2472,      0.0192,      0.0027,      0.0156,      0.2033,   7747.2612,-419679.5000,   -928.4744,    550.3518,  25824.2031,
       1,     168,     232,      22,       1,       3,       1,     10.0000,      1.3991,     42.5819,    248.2319,     62.4706,      3.4953,      0.0000,     -0.0324,      3.9130,      0.1624,      5.5755,     11.1510,      1.4349,     28.6236,     57.2472,      0.0192,      0.0031,      0.0156,      0.2033,   7747.2612,-422556.4688,   -929.0418,    550.1546,  25824.2031,
       1,     168,     232,      23,       1,       3,       1,     10.0000,      1.3991,     42.5819,    248.2319,     62.4706,      3.4953,      0.0000,     -0.0325,      2.0634,      0.1665,      5.5755,     11.1510,      1.4712,     28.6236,     57.2472,      0.0192,      0.0016,      0.0156,      0.2033,   7747.2612,-423471.8438,   -929.2338,    550.0917,  25824.2012,
       1,     168,     232,      24,       1,       3,       1,     10.0000,      1.3991,     42.5819,    248.2319,     62.4706,      3.4953,      0.0000,     -0.0322,      1.8581,      0.1584,      5.5755,     11.1510,      1.3993,     28.6236,     57.2472,      0.0192,      0.0015,      0.0156,      0.2033,   7747.2607,-421240.9375,   -928.8137,    550.2451,  25824.2031,
       1,     168,     233,       1,       1,       3,       1,     10.0000,      1.3991,     42.5822,    248.2377,     62.4721,      3.4953,      0.0000,     -0.0320,      1.7195,      0.1517,      5.5757,     11.1515,      1.3402,     28.6214,     57.2428,      0.0192,      0.0014,      0.0156,      0.2034,   7747.2612,-420947.6875,   -910.9023,    550.2782,  25825.3574,
       1,     168,     233,       2,       1,       3,       1,     10.0000,      1.3991,     42.5822,    248.2377,     62.4721,      3.4953,      0.0000,     -0.0319,      1.2233,      0.1502,      5.5757,     11.1515,      1.3268,     28.6214,     57.2428,      0.0192,      0.0010,      0.0156,      0.2034,   7747.6074,-420597.0625,   -910.7715,    550.3022,  25825.3555,
       1,     168,     233,       3,       1,       3,       1,     10.0000,      1.3991,     42.5822,    248.2377,     62.4721,      3.4953,      0.0000,     -0.0320,      1.1595,      0.1520,      5.5757,     11.1515,      1.3429,     28.6214,     57.2428,      0.0192,      0.0009,      0.0156,      0.2034,   7747.6069,-419947.8438,   -910.7672,    550.3470,  25825.3574,
       1,     168,     233,       4,       1,       3,       1,     10.0000,      1.3991,     42.5822,    248.2377,     62.4721,      3.4953,      0.0000,     -0.0318,      1.4272,      0.1470,      5.5757,     11.1515,      1.2990,     28.6214,     57.2428,      0.0192,      0.0011,      0.0156,      0.2034,   7747.6074,-419811.9688,   -910.3969,    550.3563,  25825.3574,
       1,     168,     233,       5,       1,       3,       1,     10.0000,      1.3991,     42.5822,    248.2377,     62.4721,      3.4953,      0.0000,     -0.0317,      0.7522,      0.1435,      5.5757,     11.1515,      1.2679,     28.6214,     57.2428,      0.0192,      0.0006,      0.0156,      0.2034,   7747.6074,-420134.5312,   -910.4943,    550.3341,  25825.3574,
       1,     168,     233,       6,       1,       3,       1,     10.0000,      1.3991,     42.5822,    248.2377,     62.4721,      3.4953,      0.0000,     -0.0317,      0.3649,      0.1448,      5.5757,     11.1515,      1.2795,     28.6214,     57.2428,      0.0192,      0.0003,      0.0156,      0.2034,   7747.6074,-419319.5938,   -910.4050,    550.3901,  25825.3574,
       1,     168,     233,       7,       1,       3,       1,     10.0000,      1.3991,     42.5822,    248.2377,     62.4721,      3.4953,      0.0000,     -0.0318,      0.3531,      0.1452,      5.5757,     11.1515,      1.2834,     28.6214,     57.2428,      0.0192,      0.0003,      0.0156,      0.2034,   7747.6074,-418766.1250,   -910.3104,    550.4283,  25825.3574,
       1,     168,     233,       8,       1,       3,       1,     10.0000,      1.3991,     42.5822,    248.2377,     62.4721,      3.4953,      0.0034,     -0.0284,      0.3515,      0.1447,      5.5757,     11.1515,      1.2782,     28.6214,     57.2428,      0.0192,      0.0003,      0.0156,      0.2034,   7747.6074,-418703.7188,   -910.3013,    550.4325,  25825.3574,
       1,     168,     233,       9,       1,       3,       1,     10.0000,      1.3991,     42.5822,    248.2377,     62.4721,      3.4953,      0.0120,     -0.0197,      0.3487,      0.1436,      5.5757,     11.1515,      1.2692,     28.6214,     57.2428,      0.0192,      0.0003,      0.0156,      0.2034,   7747.6074,-418696.4062,   -910.0970,    550.4330,  25825.3555,
       1,     168,     233,      10,       1,       3,       1,     10.0000,      1.3991,     42.5822,    248.2377,     62.4721,      3.4953,      0.0421,      0.0105,      0.8873,      0.1408,      5.5757,     11.1515,      1.2438,     28.6214,     57.2428,      0.0192,      0.0003,      0.0406,      0.2034,   7747.6069,-418692.5625,   -910.1218,    550.4333,  25825.3555,
       1,     168,     233,      11,       1,       3,       1,     10.0000,      1.3991,     42.5822,    248.2377,     62.4721,      3.4953,      0.0554,      0.0237,      1.3253,      0.1426,      5.5757,     11.1515,      1.2603,     28.6214,     57.2428,      0.0192,      0.0003,      0.0598,      0.2034,   7747.6069,-419364.7188,   -910.3657,    550.3871,  25825.3594,
       1,     168,     233,      12,       1,       3,       1,     10.0000,      1.3991,     42.5822,    248.2377,     62.4721,      3.4953,      0.0843,      0.0523,      2.4020,      0.1514,      5.5757,     11.1515,      1.3375,     28.6214,     57.2428,      0.0192,      0.0003,      0.1012,      0.2034,   7747.6079,-419968.7188,   -910.5702,    550.3455,  25825.3574,
       1,     168,     233,      13,       1,       3,       1,     10.0000,      1.3991,     42.5822,    248.2377,     62.4721,      3.4953,      0.0716,      0.0396,      1.9796,      0.1521,      5.5757,     11.1515,      1.3443,     28.6214,     57.2428,      0.0192,      0.0003,      0.0829,      0.2034,   7747.6074,-421365.1562,   -911.1420,    550.2495,  25825.3594,
       1,     168,     233,      14,       1,       3,       1,     10.0000,      1.3991,     42.5822,    248.2377,     62.4721,      3.4953,      0.0710,      0.0393,      1.8436,      0.1441,      5.5757,     11.1515,      1.2731,     28.6214,     57.2428,      0.0192,      0.0003,      0.0822,      0.2034,   7747.6079,-420957.4688,   -911.2761,    550.2775,  25825.3594,
       1,     168,     233,      15,       1,       3,       1,     10.0000,      1.3991,     42.5822,    248.2377,     62.4721,      3.4953,      0.1578,      0.1257,      5.0554,      0.1549,      5.5757,     11.1515,      1.3688,     28.6214,     57.2428,      0.0192,      0.0003,      0.2074,      0.2034,   7747.6079,-420752.6250,   -910.6920,    550.2916,  25825.3555,
       1,     168,     233,      16,       1,       3,       1,     10.0000,      1.3991,     42.5822,    248.2377,     62.4721,      3.4953,      0.1388,      0.1066,      4.5350,      0.1595,      5.5757,     11.1515,      1.4092,     28.6214,     57.2428,      0.0192,      0.0003,      0.1800,      0.2034,   7747.6069,-424745.6875,   -912.3464,    550.0169,  25825.3574,
       1,     168,     233,      17,       1,       3,       1,     10.0000,      1.3991,     42.5822,    248.2377,     62.4721,      3.4953,      0.1351,      0.1029,      4.6862,      0.1588,      5.5757,     11.1515,      1.4036,     28.6214,     57.2428,      0.0192,      0.0003,      0.1746,      0.2034,   7747.6074,-424438.6875,   -912.9280,    550.0381,  25825.3574,
       1,     168,     233,      18,       1,       3,       1,     10.0000,      1.3991,     42.5822,    248.2377,     62.4721,      3.4953,      0.1232,      0.0908,      6.0044,      0.1663,      5.5757,     11.1515,      1.4698,     28.6214,     57.2428,      0.0192,      0.0005,      0.1571,      0.2034,   7747.6074,-424601.0625,   -911.7680,    550.0269,  25825.3555,
       1,     168,     233,      19,       1,       3,       1,     10.0000,      1.3991,     42.5822,    248.2377,     62.4721,      3.4953,      0.0786,      0.0463,      2.6381,      0.1617,      5.5757,     11.1515,      1.4291,     28.6214,     57.2428,      0.0192,      0.0003,      0.0927,      0.2034,   7747.6069,-426261.2500,   -912.7253,    549.9128,  25825.3555,
       1,     168,     233,      20,       1,       3,       1,     10.0000,      1.3991,     42.5822,    248.2377,     62.4721,      3.4953,      0.0217,     -0.0103,      0.5710,      0.1532,      5.5757,     11.1515,      1.3538,     28.6214,     57.2428,      0.0192,      0.0007,      0.0107,      0.2034,   7747.6069,-422200.5625,   -912.2872,    550.1920,  25825.3555,
       1,     168,     233,      21,       1,       3,       1,     10.0000,      1.3991,     42.5822,    248.2377,     62.4721,      3.4953,      0.0000,     -0.0317,      1.2390,      0.1451,      5.5757,     11.1515,      1.2821,     28.6214,     57.2428,      0.0192,      0.0010,      0.0156,      0.2034,   7747.6069,-419271.0312,   -911.8844,    550.3934,  25825.3555,
       1,     168,     233,      22,       1,       3,       1,     10.0000,      1.3991,     42.5822,    248.2377,     62.4721,      3.4953,      0.0000,     -0.0317,      0.9900,      0.1429,      5.5757,     11.1515,      1.2628,     28.6214,     57.2428,      0.0192,      0.0008,      0.0156,      0.2034,   7747.6069,-419853.5625,   -912.0810,    550.3535,  25825.3574,
       1,     168,     233,      23,       1,       3,       1,     10.0000,      1.3991,     42.5822,    248.2377,     62.4721,      3.4953,      0.0000,     -0.0317,      1.1122,      0.1435,      5.5757,     11.1515,      1.2679,     28.6214,     57.2428,      0.0192,      0.0009,      0.0156,      0.2034,   7747.6074,-419592.2500,   -912.1006,    550.3715,  25825.3574,
       1,     168,     233,      24,       1,       3,       1,     10.0000,      1.3991,     42.5822,    248.2377,     62.4721,      3.4953,      0.0000,     -0.0315,      1.1895,      0.1393,      5.5757,     11.1515,      1.2313,     28.6214,     57.2428,      0.0192,      0.0009,      0.0156,      0.2034,   7747.6074,-419722.4062,   -912.2139,    550.3625,  25825.3574,
       1,     168,     234,       1,       1,       3,       1,     10.0000,      1.3991,     42.5825,    248.2436,     62.4736,      3.4953,      0.0000,     -0.0316,      0.9473,      0.1412,      5.5768,     11.1536,      1.2476,     28.6067,     57.2134,      0.0192,      0.0007,      0.0156,      0.2034,   7747.6074,-419985.8750,   -912.6196,    550.3575,  25826.5156,
       1,     168,     234,       2,       1,       3,       1,     10.0000,      1.3991,     42.5825,    248.2436,     62.4736,      3.4953,      0.0000,     -0.0317,      0.7072,      0.1451,      5.5768,     11.1536,      1.2821,     28.6067,     57.2134,      0.0192,      0.0006,      0.0156,      0.2034,   7747.9551,-419553.1250,   -912.3500,    550.3872,  25826.5156,
       1,     168,     234,       3,       1,       3,       1,     10.0000,      1.3991,     42.5825,    248.2436,     62.4736,      3.4953,      0.0000,     -0.0318,      0.3896,      0.1470,      5.5768,     11.1536,      1.2991,     28.6067,     57.2134,      0.0192,      0.0003,      0.0156,      0.2034,   7747.9551,-419216.4062,   -912.3201,    550.4104,  25826.5156,
       1,     168,     234,       4,       1,       3,       1,     10.0000,      1.3991,     42.5825,    248.2436,     62.4736,      3.4953,      0.0000,     -0.0319,      0.5097,      0.1484,      5.5768,     11.1536,      1.3109,     28.6067,     57.2134,      0.0192,      0.0004,      0.0156,      0.2034,   7747.9551,-418790.9062,   -912.2493,    550.4397,  25826.5137,
       1,     168,     234,       5,       1,       3,       1,     10.0000,      1.3991,     42.5825,    248.2436,     62.4736,      3.4953,      0.0000,     -0.0318,      0.3970,      0.1478,      5.5768,     11.1536,      1.3056,     28.6067,     57.2134,      0.0192,      0.0003,      0.0156,      0.2034,   7747.9546,-418904.6250,   -912.2885,    550.4318,  25826.5176,
       1,     168,     234,       6,       1,       3,       1,     10.0000,      1.3991,     42.5825,    248.2436,     62.4736,      3.4953,      0.0000,     -0.0318,      0.3796,      0.1463,      5.5768,     11.1536,      1.2925,     28.6067,     57.2134,      0.0192,      0.0003,      0.0156,      0.2034,   7747.9556,-418773.2188,   -910.1050,    550.4409,  25826.5156,
       1,     168,     234,       7,       1,       3,       1,     10.0000,      1.3991,     42.5825,    248.2436,     62.4736,      3.4953,      0.0000,     -0.0317,      0.3923,      0.1435,      5.5768,     11.1536,      1.2680,     28.6067,     57.2134,      0.0192,      0.0003,      0.0156,      0.2034,   7747.9551,-418740.3750,   -910.0977,    550.4431,  25826.5137,
       1,     168,     234,       8,       1,       3,       1,     10.0000,      1.3991,     42.5825,    248.2436,     62.4736,      3.4953,      0.0022,     -0.0293,      0.3766,      0.1399,      5.5768,     11.1536,      1.2363,     28.6067,     57.2134,      0.0192,      0.0003,      0.0156,      0.2034,   7747.9546,-418753.8125,   -910.1031,    550.4423,  25826.5156,
       1,     168,     234,       9,       1,       3,       1,     10.0000,      1.3991,     42.5825,    248.2436,     62.4736,      3.4953,      0.0290,     -0.0025,      0.7937,      0.1398,      5.5768,     11.1536,      1.2351,     28.6067,     57.2134,      0.0192,      0.0004,      0.0218,      0.2034,   7747.9551,-418734.9375,   -910.1132,    550.4435,  25826.5156,
       1,     168,     234,      10,       1,       3,       1,     10.0000,      1.3991,     42.5825,    248.2436,     62.4736,      3.4953,      0.0979,      0.0660,      4.2801,      0.1487,      5.5768,     11.1536,      1.3135,     28.6067,     57.2134,      0.0192,      0.0004,      0.1207,      0.2034,   7747.9551,-419254.0000,   -910.3314,    550.4078,  25826.5156,
       1,     168,     234,      11,       1,       3,       1,     10.0000,      1.3991,     42.5825,    248.2436,     62.4736,      3.4953,      0.1500,      0.1177,      5.4553,      0.1603,      5.5768,     11.1536,      1.4164,     28.6067,     57.2134,      0.0192,      0.0003,      0.1961,      0.2034,   7747.9551,-423650.8750,   -911.5255,    550.1053,  25826.5156,
       1,     168,     234,      12,       1,       3,       1,     10.0000,      1.3991,     42.5825,    248.2436,     62.4736,      3.4953,      0.1570,      0.1242,      5.8763,      0.1775,      5.5768,     11.1536,      1.5683,     28.6067,     57.2134,      0.0192,      0.0003,      0.2063,      0.2034,   7747.9551,-425495.8750,   -912.5540,    549.9785,  25826.5156,
       1,     168,     234,      13,       1,       3,       1,     10.0000,      1.3991,     42.5825,    248.2436,     62.4736,      3.4953,      0.1745,      0.1414,      6.9291,      0.1852,      5.5768,     11.1536,      1.6368,     28.6067,     57.2134,      0.0192,      0.0004,      0.2316,      0.2034,   7747.9551,-426179.9688,   -913.4571,    549.9315,  25826.5176,
       1,     168,     234,      14,       1,       3,       1,     10.0000,      1.3991,     42.5825,    248.2436,     62.4736,      3.4953,      0.1870,      0.1532,      8.7144,      0.2094,      5.5768,     11.1536,      1.8502,     28.6067,     57.2134,      0.0192,      0.0004,      0.2500,      0.2034,   7747.9556,-427552.9062,   -914.6991,    549.8371,  25826.5156,
       1,     168,     234,      15,       1,       3,       1,     10.0000,      1.3991,     42.5825,    248.2436,     62.4736,      3.4953,      0.1872,      0.1535,     15.7346,      0.2065,      5.5768,     11.1536,      1.8249,     28.6067,     57.2134,      0.0192,      0.0008,      0.2494,      0.2034,   7747.9551,-429899.9375,   -916.4869,    549.6758,  25826.5156,
       1,     168,     234,      16,       1,       3,       1,     10.0000,      1.3991,     42.5825,    248.2436,     62.4736,      3.4953,      0.1884,      0.1543,     26.1878,      0.2178,      5.5768,     11.1536,      1.9245,     28.6067,     57.2134,      0.0192,      0.0013,      0.2500,      0.2034,   7747.9551,-438866.5938,   -919.2434,    549.0598,  25826.5156,
       1,     168,     234,      17,       1,       3,       1,     10.0000,      1.3991,     42.5825,    248.2436,     62.4736,      3.4953,      0.1895,      0.1554,     40.1634,      0.2184,      5.5768,     11.1536,      1.9301,     28.6067,     57.2134,      0.0192,      0.0020,      0.2500,      0.2034,   7747.9551,-452690.0938,   -923.2025,    548.1113,  25826.5156,
       1,     168,     234,      18,       1,       3,       1,     10.0000,      1.3991,     42.5825,    248.2436,     62.4736,      3.4953,      0.1496,      0.1161,     34.9722,      0.1983,      5.5768,     11.1536,      1.7525,     28.6067,     57.2134,      0.0192,      0.0022,      0.1920,      0.2034,   7747.9551,-471332.7500,   -927.8231,    546.8349,  25826.5137,
       1,     168,     234,      19,       1,       3,       1,     10.0000,      1.3991,     42.5825,    248.2436,     62.4736,      3.4953,      0.0380,      0.0052,      9.1264,      0.1787,      5.5768,     11.1536,      1.5792,     28.6067,     57.2134,      0.0192,      0.0035,      0.0325,      0.2034,   7747.9546,-466448.4688,   -927.6260,    547.1702,  25826.5156,
       1,     168,     234,      20,       1,       3,       1,     10.0000,      1.3991,     42.5825,    248.2436,     62.4736,      3.4953,      0.0111,     -0.0217,      4.0214,      0.1742,      5.5768,     11.1536,      1.5389,     28.6067,     57.2134,      0.0192,      0.0032,      0.0156,      0.2034,   7747.9551,-433740.8125,   -921.9972,    549.4073,  25826.5156,
       1,     168,     234,      21,       1,       3,       1,     10.0000,      1.3991,     42.5825,    248.2436,     62.4736,      3.4953,      0.0000,     -0.0326,      4.3976,      0.1692,      5.5768,     11.1536,      1.4950,     28.6067,     57.2134,      0.0192,      0.0035,      0.0156,      0.2034,   7747.9551,-424577.0312,   -920.5533,    550.0414,  25826.5156,
       1,     168,     234,      22,       1,       3,       1,     10.0000,      1.3991,     42.5825,    248.2436,     62.4736,      3.4953,      0.0000,     -0.0325,      4.3611,      0.1670,      5.5768,     11.1536,      1.4757,     28.6067,     57.2134,      0.0192,      0.0034,      0.0156,      0.2034,   7747.9551,-424255.2188,   -920.7182,    550.0638,  25826.5156,
       1,     168,     234,      23,       1,       3,       1,     10.0000,      1.3991,     42.5825,    248.2436,     62.4736,      3.4953,      0.0000,     -0.0324,      2.7909,      0.1653,      5.5768,     11.1536,      1.4610,     28.6067,     57.2134,      0.0192,      0.0022,      0.0156,      0.2034,   7747.9551,-424181.7812,   -920.8902,    550.0688,  25826.5156,
       1,     168,     234,      24,       1,       3,       1,     10.0000,      1.3991,     42.5825,    248.2436,     62.4736,      3.4953,      0.0000,     -0.0324,      1.8780,      0.1642,      5.5768,     11.1536,      1.4508,     28.6067,     57.2134,      0.0192,      0.0015,      0.0156,      0.2034,   7747.9551,-422215.0312,   -919.1848,    550.2041,  25826.5176,
       1,     168,     235,       1,       1,       3,       1,     10.0000,      1.3992,     42.5829,    248.2494,     62.4750,      3.4953,      0.0000,     -0.0323,      1.6904,      0.1601,      5.5756,     11.1511,      1.4150,     28.6055,     57.2109,      0.0192,      0.0013,      0.0156,      0.2034,   7747.9556,-421061.3750,   -919.3071,    550.2965,  25827.6699,
       1,     168,     235,       2,       1,       3,       1,     10.0000,      1.3992,     42.5829,    248.2494,     62.4750,      3.4953,      0.0000,     -0.0323,      1.3727,      0.1614,      5.5756,     11.1511,      1.4264,     28.6055,     57.2109,      0.0192,      0.0011,      0.0156,      0.2034,   7748.3013,-420575.9375,   -919.0302,    550.3299,  25827.6699,
       1,     168,     235,       3,       1,       3,       1,     10.0000,      1.3992,     42.5829,    248.2494,     62.4750,      3.4953,      0.0000,     -0.0322,      1.3213,      0.1585,      5.5756,     11.1511,      1.4009,     28.6055,     57.2109,      0.0192,      0.0010,      0.0156,      0.2034,   7748.3013,-420137.6875,   -919.0179,    550.3600,  25827.6699,
       1,     168,     235,       4,       1,       3,       1,     10.0000,      1.3992,     42.5829,    248.2494,     62.4750,      3.4953,      0.0000,     -0.0322,      1.4888,      0.1577,      5.5756,     11.1511,      1.3938,     28.6055,     57.2109,      0.0192,      0.0012,      0.0156,      0.2034,   7748.3013,-420035.9688,   -919.0591,    550.3670,  25827.6699,
       1,     168,     235,       5,       1,       3,       1,     10.0000,      1.3992,     42.5829,    248.2494,     62.4750,      3.4953,      0.0000,     -0.0321,      1.2844,      0.1557,      5.5756,     11.1511,      1.3758,     28.6055,     57.2109,      0.0192,      0.0010,      0.0156,      0.2034,   7748.3013,-420236.2812,   -919.1744,    550.3533,  25827.6699,
       1,     168,     235,       6,       1,       3,       1,     10.0000,      1.3992,     42.5829,    248.2494,     62.4750,      3.4953,      0.0000,     -0.0321,      0.9754,      0.1548,      5.5756,     11.1511,      1.3675,     28.6055,     57.2109,      0.0192,      0.0008,      0.0156,      0.2034,   7748.3013,-419998.3438,   -919.1747,    550.3696,  25827.6719,
       1,     168,     235,       7,       1,       3,       1,     10.0000,      1.3992,     42.5829,    248.2494,     62.4750,      3.4953,      0.0000,     -0.0322,      1.0528,      0.1571,      5.5756,     11.1511,      1.3883,     28.6055,     57.2109,      0.0192,      0.0008,      0.0156,      0.2034,   7748.3018,-419591.9375,   -919.1331,    550.3975,  25827.6699,
       1,     168,     235,       8,       1,       3,       1,     10.0000,      1.3992,     42.5829,    248.2494,     62.4750,      3.4953,      0.0137,     -0.0186,      0.5240,      0.1616,      5.5756,     11.1511,      1.4278,     28.6055,     57.2109,      0.0192,      0.0004,      0.0156,      0.2034,   7748.3013,-419654.0625,   -919.1863,    550.3933,  25827.6699,
       1,     168,     235,       9,       1,       3,       1,     10.0000,      1.3992,     42.5829,    248.2494,     62.4750,      3.4953,      0.1111,      0.0783,      5.4376,      0.1766,      5.5756,     11.1511,      1.5605,     28.6055,     57.2109,      0.0192,      0.0005,      0.1394,      0.2034,   7748.3013,-418999.0938,   -919.0974,    550.4383,  25827.6699,
       1,     168,     235,      10,       1,       3,       1,     10.0000,      1.3992,     42.5829,    248.2494,     62.4750,      3.4953,      0.1657,      0.1322,      8.3187,      0.2005,      5.5756,     11.1511,      1.7717,     28.6055,     57.2109,      0.0192,      0.0005,      0.2188,      0.2034,   7748.3013,-425076.2188,   -920.4746,    550.0203,  25827.6699,
       1,     168,     235,      11,       1,       3,       1,     10.0000,      1.3992,     42.5829,    248.2494,     62.4750,      3.4953,      0.1846,      0.1505,     10.4699,      0.2193,      5.5756,     11.1511,      1.9378,     28.6055,     57.2109,      0.0192,      0.0005,      0.2464,      0.2034,   7748.3013,-429195.0625,   -921.6696,    549.7372,  25827.6699,
       1,     168,     235,      12,       1,       3,       1,     10.0000,      1.3992,     42.5829,    248.2494,     62.4750,      3.4953,      0.1870,      0.1525,      9.6838,      0.2319,      5.5756,     11.1511,      2.0491,     28.6055,     57.2109,      0.0192,      0.0005,      0.2500,      0.2034,   7748.3013,-432234.0938,   -922.7905,    549.5285,  25827.6719,
       1,     168,     235,      13,       1,       3,       1,     10.0000,      1.3992,     42.5829,    248.2494,     62.4750,      3.4953,      0.1870,      0.1524,     10.3734,      0.2381,      5.5756,     11.1511,      2.1038,     28.6055,     57.2109,      0.0192,      0.0005,      0.2500,      0.2034,   7748.3018,-431513.3438,   -923.2579,    549.5781,  25827.6680,
       1,     168,     235,      14,       1,       3,       1,     10.0000,      1.3992,     42.5829,    248.2494,     62.4750,      3.4953,      0.1815,      0.1469,     27.3981,      0.2388,      5.5756,     11.1511,      2.1100,     28.6055,     57.2109,      0.0192,      0.0014,      0.2400,      0.2034,   7748.3008,-432312.6875,   -923.9242,    549.5231,  25827.6699,
       1,     168,     235,      15,       1,       3,       1,     10.0000,      1.3992,     42.5829,    248.2494,     62.4750,      3.4953,      0.1474,      0.1143,     34.8777,      0.1867,      5.5756,     11.1511,      1.6499,     28.6055,     57.2109,      0.0192,      0.0023,      0.1889,      0.2034,   7748.3013,-453635.7500,   -917.5740,    548.0584,  25827.6680,
       1,     168,     235,      16,       1,       3,       1,     10.0000,      1.3992,     42.5829,    248.2494,     62.4750,      3.4953,      0.1818,      0.1478,     68.3651,      0.2189,      5.5756,     11.1511,      1.9340,     28.6055,     57.2109,      0.0192,      0.0036,      0.2356,      0.2034,   7748.3008,-464811.3125,   -919.4168,    547.2947,  25827.6699,
       1,     168,     235,      17,       1,       3,       1,     10.0000,      1.3992,     42.5829,    248.2494,     62.4750,      3.4953,      0.0168,     -0.0154,      1.0457,      0.1584,      5.5756,     11.1511,      1.3994,     28.6055,     57.2109,      0.0192,      0.0039,      0.0033,      0.2034,   7748.3013,-507595.5312,   -927.9249,    544.3683,  25827.6699,
       1,     168,     235,      18,       1,       3,       1,     10.0000,      1.3992,     42.5829,    248.2494,     62.4750,      3.4953,      0.0082,     -0.0228,      4.4211,      0.1236,      5.5756,     11.1511,      1.0923,     28.6055,     57.2109,      0.0192,      0.0035,      0.0156,      0.2033,   7748.3013,-427140.0625,   -912.3483,    549.8508,  25827.6699,
       1,     168,     235,      19,       1,       3,       1,     10.0000,      1.3992,     42.5829,    248.2494,     62.4750,      3.4953,      0.0072,     -0.0240,      4.4370,      0.1309,      5.5756,     11.1511,      1.1564,     28.6055,     57.2109,      0.0192,      0.0035,      0.0156,      0.2034,   7748.3013,-424541.2188,   -911.7070,    550.0572,  25827.6699,
       1,     168,     235,      20,       1,       3,       1,     10.0000,      1.3992,     42.5829,    248.2494,     62.4750,      3.4953,      0.0008,     -0.0307,      1.1777,      0.1395,      5.5756,     11.1511,      1.2326,     28.6055,     57.2109,      0.0192,      0.0009,      0.0156,      0.2034,   7748.3013,-424303.3438,   -911.6741,    550.0735,  25827.6680,
       1,     168,     235,      21,       1,       3,       1,     10.0000,      1.3992,     42.5829,    248.2494,     62.4750,      3.4953,      0.0000,     -0.0313,      2.7049,      0.1344,      5.5756,     11.1511,      1.1873,     28.6055,     57.2109,      0.0192,      0.0021,      0.0156,      0.2034,   7748.3008,-420214.3438,   -910.4745,    550.3547,  25827.6699,
       1,     168,     235,      22,       1,       3,       1,     10.0000,      1.3992,     42.5829,    248.2494,     62.4750,      3.4953,      0.0000,     -0.0311,      0.8208,      0.1284,      5.5756,     11.1511,      1.1342,     28.6055,     57.2109,      0.0192,      0.0006,      0.0156,      0.2034,   7748.3013,-421769.6562,   -910.9602,    550.2477,  25827.6680,
       1,     168,     235,      23,       1,       3,       1,     10.0000,      1.3992,     42.5829,    248.2494,     62.4750,      3.4953,      0.0000,     -0.0311,      1.1288,      0.1284,      5.5756,     11.1511,      1.1342,     28.6055,     57.2109,      0.0192,      0.0009,      0.0156,      0.2034,   7748.3008,-419551.5000,   -910.6212,    550.4004,  25827.6699,
       1,     168,     235,      24,       1,       3,       1,     10.0000,      1.3992,     42.5829,    248.2494,     62.4750,      3.4953,      0.0000,     -0.0314,      0.4844,      0.1349,      5.5756,     11.1511,      1.1921,     28.6055,     57.2109,      0.0192,      0.0004,      0.0156,      0.2034,   7748.3013,-419745.2812,   -910.7680,    550.3870,  25827.6699,
       1,     168,     236,       1,       1,       3,       1,     10.0000,      1.3992,     42.5832,    248.2552,     62.4765,      3.4953,      0.0000,     -0.0315,      0.3345,      0.1385,      5.5763,     11.1526,      1.2240,     28.6002,     57.2005,      0.0192,      0.0003,      0.0156,      0.2035,   7748.3013,-419112.5625,   -910.4400,    550.4434,  25828.8203,
       1,     168,     236,       2,       1,       3,       1,     10.0000,      1.3992,     42.5832,    248.2552,     62.4765,      3.4953,      0.0000,     -0.0315,      0.3337,      0.1382,      5.5763,     11.1526,      1.2215,     28.6002,     57.2005,      0.0192,      0.0003,      0.0156,      0.2035,   7748.6465,-418719.4375,   -910.1204,    550.4705,  25828.8223,
       1,     168,     236,       3,       1,       3,       1,     10.0000,      1.3992,     42.5832,    248.2552,     62.4765,      3.4953,      0.0000,     -0.0315,      0.3329,      0.1380,      5.5763,     11.1526,      1.2190,     28.6002,     57.2005,      0.0192,      0.0003,      0.0156,      0.2035,   7748.6470,-418684.4375,   -910.1154,    550.4730,  25828.8242,
       1,     168,     236,       4,       1,       3,       1,     10.0000,      1.3992,     42.5832,    248.2552,     62.4765,      3.4953,      0.0000,     -0.0316,      0.3431,      0.1416,      5.5763,     11.1526,      1.2515,     28.6002,     57.2005,      0.0192,      0.0003,      0.0156,      0.2035,   7748.6475,-418680.2500,   -910.1159,    550.4732,  25828.8223,
       1,     168,     236,       5,       1,       3,       1,     10.0000,      1.3992,     42.5832,    248.2552,     62.4765,      3.4953,      0.0000,     -0.0317,      0.3532,      0.1452,      5.5763,     11.1526,      1.2835,     28.6002,     57.2005,      0.0192,      0.0003,      0.0156,      0.2035,   7748.6470,-418692.8438,   -910.1201,    550.4724,  25828.8242,
       1,     168,     236,       6,       1,       3,       1,     10.0000,      1.3992,     42.5832,    248.2552,     62.4765,      3.4953,      0.0000,     -0.0316,      0.3474,      0.1413,      5.5763,     11.1526,      1.2490,     28.6002,     57.2005,      0.0192,      0.0003,      0.0156,      0.2035,   7748.6475,-418706.2188,   -910.1238,    550.4714,  25828.8223,
       1,     168,     236,       7,       1,       3,       1,     10.0000,      1.3992,     42.5832,    248.2552,     62.4765,      3.4953,      0.0000,     -0.0316,      0.3423,      0.1413,      5.5763,     11.1526,      1.2490,     28.6002,     57.2005,      0.0192,      0.0003,      0.0156,      0.2035,   7748.6470,-418700.4062,   -910.1254,    550.4718,  25828.8242,
       1,     168,     236,       8,       1,       3,       1,     10.0000,      1.3992,     42.5832,    248.2552,     62.4765,      3.4953,      0.0007,     -0.0310,      0.4246,      0.1431,      5.5763,     11.1526,      1.2642,     28.6002,     57.2005,      0.0192,      0.0003,      0.0156,      0.2035,   7748.6475,-418693.4375,   -910.1254,    550.4724,  25828.8223,
       1,     168,     236,       9,       1,       3,       1,     10.0000,      1.3992,     42.5832,    248.2552,     62.4765,      3.4953,      0.0106,     -0.0213,      0.5737,      0.1493,      5.5763,     11.1526,      1.3189,     28.6002,     57.2005,      0.0192,      0.0005,      0.0156,      0.2035,   7748.6470,-418795.7188,   -910.1582,    550.4653,  25828.8242,
       1,     168,     236,      10,       1,       3,       1,     10.0000,      1.3992,     42.5832,    248.2552,     62.4765,      3.4953,      0.0509,      0.0190,      1.8640,      0.1499,      5.5763,     11.1526,      1.3242,     28.6002,     57.2005,      0.0192,      0.0004,      0.0529,      0.2035,   7748.6475,-418990.3125,   -910.1948,    550.4518,  25828.8223,
       1,     168,     236,      11,       1,       3,       1,     10.0000,      1.3992,     42.5832,    248.2552,     62.4765,      3.4953,      0.0982,      0.0661,      3.9527,      0.1554,      5.5763,     11.1526,      1.3730,     28.6002,     57.2005,      0.0192,      0.0004,      0.1211,      0.2035,   7748.6470,-420617.6250,   -910.6433,    550.3399,  25828.8242,
       1,     168,     236,      12,       1,       3,       1,     10.0000,      1.3992,     42.5832,    248.2552,     62.4765,      3.4953,      0.1562,      0.1238,      5.6843,      0.1635,      5.5763,     11.1526,      1.4451,     28.6002,     57.2005,      0.0192,      0.0003,      0.2050,      0.2035,   7748.6475,-423364.1250,   -911.5392,    550.1510,  25828.8242,
       1,     168,     236,      13,       1,       3,       1,     10.0000,      1.3992,     42.5832,    248.2552,     62.4765,      3.4953,      0.1872,      0.1542,      8.1442,      0.1830,      5.5763,     11.1526,      1.6175,     28.6002,     57.2005,      0.0192,      0.0004,      0.2500,      0.2035,   7748.6475,-425761.2812,   -912.6719,    549.9862,  25828.8242,
       1,     168,     236,      14,       1,       3,       1,     10.0000,      1.3992,     42.5832,    248.2552,     62.4765,      3.4953,      0.1550,      0.1221,     12.2694,      0.1778,      5.5763,     11.1526,      1.5715,     28.6002,     57.2005,      0.0192,      0.0007,      0.2026,      0.2034,   7748.6475,-429037.5000,   -914.5433,    549.7610,  25828.8242,
       1,     168,     236,      15,       1,       3,       1,     10.0000,      1.3992,     42.5832,    248.2552,     62.4765,      3.4953,      0.1791,      0.1461,     12.7165,      0.1832,      5.5763,     11.1526,      1.6191,     28.6002,     57.2005,      0.0192,      0.0007,      0.2377,      0.2034,   7748.6475,-434468.0000,   -916.2075,    549.3878,  25828.8242,
       1,     168,     236,      16,       1,       3,       1,     10.0000,      1.3992,     42.5832,    248.2552,     62.4765,      3.4953,      0.1581,      0.1251,     14.3254,      0.1803,      5.5763,     11.1526,      1.5935,     28.6002,     57.2005,      0.0192,      0.0009,      0.2068,      0.2034,   7748.6475,-435492.5625,   -917.2637,    549.3176,  25828.8223,
       1,     168,     236,      17,       1,       3,       1,     10.0000,      1.3992,     42.5832,    248.2552,     62.4765,      3.4953,      0.1749,      0.1416,     30.5970,      0.1906,      5.5763,     11.1526,      1.6846,     28.6002,     57.2005,      0.0192,      0.0016,      0.2295,      0.2034,   7748.6470,-437589.0625,   -918.2605,    549.1736,  25828.8242,
       1,     168,     236,      18,       1,       3,       1,     10.0000,      1.3992,     42.5832,    248.2552,     62.4765,      3.4953,      0.1482,      0.1153,     41.5234,      0.1775,      5.5763,     11.1526,      1.5684,     28.6002,     57.2005,      0.0192,      0.0027,      0.1893,      0.2034,   7748.6475,-458082.0938,   -922.9385,    547.7668,  25828.8223,
       1,     168,     236,      19,       1,       3,       1,     10.0000,      1.3992,     42.5832,    248.2552,     62.4765,      3.4953,      0.0935,      0.0607,     24.1718,      0.1763,      5.5763,     11.1526,      1.5575,     28.6002,     57.2005,      0.0192,      0.0027,      0.1116,      0.2034,   7748.6470,-473489.2500,   -926.5764,    546.7137,  25828.8223,
       1,     168,     236,      20,       1,       3,       1,     10.0000,      1.3992,     42.5832,    248.2552,     62.4765,      3.4953,      0.0101,     -0.0223,      3.3821,      0.1653,      5.5763,     11.1526,      1.4611,     28.6002,     57.2005,      0.0192,      0.0027,      0.0156,      0.2034,   7748.6470,-453136.3750,   -923.4341,    548.1057,  25828.8262,
       1,     168,     236,      21,       1,       3,       1,     10.0000,      1.3992,     42.5832,    248.2552,     62.4765,      3.4953,      0.0000,     -0.0324,      3.1983,      0.1629,      5.5763,     11.1526,      1.4393,     28.6002,     57.2005,      0.0192,      0.0025,      0.0156,      0.2034,   7748.6479,-425437.3125,   -918.6757,    550.0052,  25828.8223,
       1,     168,     236,      22,       1,       3,       1,     10.0000,      1.3992,     42.5832,    248.2552,     62.4765,      3.4953,      0.0000,     -0.0324,      3.7002,      0.1653,      5.5763,     11.1526,      1.4611,     28.6002,     57.2005,      0.0192,      0.0029,      0.0156,      0.2034,   7748.6470,-422840.5312,   -916.4022,    550.1870,  25828.8242,
       1,     168,     236,      23,       1,       3,       1,     10.0000,      1.3992,     42.5832,    248.2552,     62.4765,      3.4953,      0.0000,     -0.0325,      2.8116,      0.1682,      5.5763,     11.1526,      1.4861,     28.6002,     57.2005,      0.0192,      0.0022,      0.0156,      0.2035,   7748.6475,-423239.9375,   -916.8132,    550.1595,  25828.8242,
       1,     168,     236,      24,       1,       3,       1,     10.0000,      1.3992,     42.5832,    248.2552,     62.4765,      3.4953,      0.0000,     -0.0325,      2.9496,      0.1673,      5.5763,     11.1526,      1.4787,     28.6002,     57.2005,      0.0192,      0.0023,      0.0156,      0.2035,   7748.6475,-422165.0625,   -916.8687,    550.2335,  25828.8242,
       1,     168,     237,       1,       1,       3,       1,     10.0000,      1.3992,     42.5835,    248.2611,     62.4780,      3.4953,      0.0000,     -0.0326,      2.2706,      0.1706,      5.5763,     11.1525,      1.5071,     28.5958,     57.1915,      0.0192,      0.0018,      0.0156,      0.2035,   7748.6475,-422399.8438,   -917.4338,    550.2303,  25829.9766,
       1,     168,     237,       2,       1,       3,       1,     10.0000,      1.3992,     42.5835,    248.2611,     62.4780,      3.4953,      0.0000,     -0.0327,      1.3864,      0.1736,      5.5763,     11.1525,      1.5344,     28.5958,     57.1915,      0.0192,      0.0011,      0.0156,      0.2035,   7748.9932,-421420.4062,   -917.1880,    550.2977,  25829.9805,
       1,     168,     237,       3,       1,       3,       1,     10.0000,      1.3992,     42.5835,    248.2611,     62.4780,      3.4953,      0.0000,     -0.0327,      1.0822,      0.1719,      5.5763,     11.1525,      1.5192,     28.5958,     57.1915,      0.0192,      0.0009,      0.0156,      0.2035,   7748.9946,-420232.4688,   -917.0691,    550.3794,  25829.9785,
       1,     168,     237,       4,       1,       3,       1,     10.0000,      1.3992,     42.5835,    248.2611,     62.4780,      3.4953,      0.0000,     -0.0326,      0.9397,      0.1704,      5.5763,     11.1525,      1.5056,     28.5958,     57.1915,      0.0192,      0.0007,      0.0156,      0.2035,   7748.9937,-419751.1875,   -917.0493,    550.4125,  25829.9785,
       1,     168,     237,       5,       1,       3,       1,     10.0000,      1.3992,     42.5835,    248.2611,     62.4780,      3.4953,      0.0000,     -0.0326,      0.9540,      0.1704,      5.5763,     11.1525,      1.5056,     28.5958,     57.1915,      0.0192,      0.0008,      0.0156,      0.2035,   7748.9937,-419532.0312,   -917.0621,    550.4276,  25829.9766,
       1,     168,     237,       6,       1,       3,       1,     10.0000,      1.3992,     42.5835,    248.2611,     62.4780,      3.4953,      0.0000,     -0.0324,      1.1857,      0.1652,      5.5763,     11.1525,      1.4597,     28.5958,     57.1915,      0.0192,      0.0009,      0.0156,      0.2035,   7748.9932,-419531.2188,   -917.1153,    550.4276,  25829.9766,
       1,     168,     237,       7,       1,       3,       1,     10.0000,      1.3992,     42.5835,    248.2611,     62.4780,      3.4953,      0.0000,     -0.0323,      1.2420,      0.1600,      5.5763,     11.1525,      1.4136,     28.5958,     57.1915,      0.0192,      0.0010,      0.0156,      0.2035,   7748.9932,-419820.3125,   -917.2391,    550.4077,  25829.9785,
       1,     168,     237,       8,       1,       3,       1,     10.0000,      1.3992,     42.5835,    248.2611,     62.4780,      3.4953,      0.0104,     -0.0218,      1.4187,      0.1579,      5.5763,     11.1525,      1.3953,     28.5958,     57.1915,      0.0192,      0.0011,      0.0156,      0.2035,   7748.9937,-419915.2812,   -917.3320,    550.4012,  25829.9805,
       1,     168,     237,       9,       1,       3,       1,     10.0000,      1.3992,     42.5835,    248.2611,     62.4780,      3.4953,      0.0920,      0.0594,     10.2962,      0.1714,      5.5763,     11.1525,      1.5146,     28.5958,     57.1915,      0.0192,      0.0011,      0.1112,      0.2035,   7748.9946,-420143.5625,   -917.4831,    550.3855,  25829.9785,
       1,     168,     237,      10,       1,       3,       1,     10.0000,      1.3992,     42.5835,    248.2611,     62.4780,      3.4953,      0.1575,      0.1240,     22.2407,      0.1997,      5.5763,     11.1525,      1.7648,     28.5958,     57.1915,      0.0192,      0.0013,      0.2051,      0.2035,   7748.9937,-431242.0312,   -919.8335,    549.6219,  25829.9785,
       1,     168,     237,      11,       1,       3,       1,     10.0000,      1.3992,     42.5835,    248.2611,     62.4780,      3.4953,      0.1823,      0.1478,     28.5543,      0.2328,      5.5763,     11.1525,      2.0572,     28.5958,     57.1915,      0.0192,      0.0015,      0.2409,      0.2035,   7748.9937,-447104.5625,   -923.5449,    548.5327,  25829.9785,
       1,     168,     237,      12,       1,       3,       1,     10.0000,      1.3992,     42.5835,    248.2611,     62.4780,      3.4953,      0.1818,      0.1474,     21.9110,      0.2308,      5.5763,     11.1525,      2.0392,     28.5958,     57.1915,      0.0192,      0.0011,      0.2409,      0.2035,   7748.9937,-456349.7188,   -926.6564,    547.8998,  25829.9785,
       1,     168,     237,      13,       1,       3,       1,     10.0000,      1.3992,     42.5835,    248.2611,     62.4780,      3.4953,      0.1835,      0.1491,     23.4019,      0.2301,      5.5763,     11.1525,      2.0332,     28.5958,     57.1915,      0.0192,      0.0012,      0.2432,      0.2034,   7748.9937,-448847.0938,   -926.3309,    548.4141,  25829.9766,
       1,     168,     237,      14,       1,       3,       1,     10.0000,      1.3992,     42.5835,    248.2611,     62.4780,      3.4953,      0.1892,      0.1546,     38.5553,      0.2393,      5.5763,     11.1525,      2.1142,     28.5958,     57.1915,      0.0192,      0.0019,      0.2500,      0.2035,   7748.9932,-450065.9062,   -927.3354,    548.3307,  25829.9785,
       1,     168,     237,      15,       1,       3,       1,     10.0000,      1.3992,     42.5835,    248.2611,     62.4780,      3.4953,      0.1752,      0.1409,     61.2818,      0.2265,      5.5763,     11.1525,      2.0016,     28.5958,     57.1915,      0.0192,      0.0033,      0.2267,      0.2035,   7748.9937,-469088.6875,   -931.7056,    547.0270,  25829.9785,
       1,     168,     237,      16,       1,       3,       1,     10.0000,      1.3992,     42.5835,    248.2611,     62.4780,      3.4953,      0.1842,      0.1506,     94.0131,      0.2005,      5.5763,     11.1525,      1.7718,     28.5958,     57.1915,      0.0192,      0.0049,      0.2359,      0.2034,   7748.9937,-499104.6250,   -937.0366,    544.9760,  25829.9785,
       1,     168,     237,      17,       1,       3,       1,     10.0000,      1.3992,     42.5835,    248.2611,     62.4780,      3.4953,      0.1746,      0.1408,     96.6332,      0.2092,      5.5763,     11.1525,      1.8486,     28.5958,     57.1915,      0.0192,      0.0054,      0.2216,      0.2034,   7748.9937,-542578.5625,   -945.0334,    542.0183,  25829.9785,
       1,     168,     237,      18,       1,       3,       1,     10.0000,      1.3992,     42.5835,    248.2611,     62.4780,      3.4953,      0.1537,      0.1200,     77.3048,      0.2035,      5.5763,     11.1525,      1.7982,     28.5958,     57.1915,      0.0192,      0.0049,      0.1932,      0.2033,   7748.9937,-549592.3750,   -947.4711,    541.5511,  25829.9805,
       1,     168,     237,      19,       1,       3,       1,     10.0000,      1.3992,     42.5835,    248.2611,     62.4780,      3.4953,      0.0429,      0.0100,     14.9020,      0.1816,      5.5763,     11.1525,      1.6047,     28.5958,     57.1915,      0.0192,      0.0047,      0.0389,      0.2033,   7748.9946,-526013.0000,   -943.9470,    543.1475,  25829.9785,
       1,     168,     237,      20,       1,       3,       1,     10.0000,      1.3992,     42.5835,    248.2611,     62.4780,      3.4953,      0.0086,     -0.0239,      4.8513,      0.1670,      5.5763,     11.1525,      1.4758,     28.5958,     57.1915,      0.0192,      0.0038,      0.0156,      0.2034,   7748.9937,-446005.5312,   -929.3459,    548.5818,  25829.9785,
       1,     168,     237,      21,       1,       3,       1,     10.0000,      1.3992,     42.5835,    248.2611,     62.4780,      3.4953,      0.0000,     -0.0322,      2.8024,      0.1584,      5.5763,     11.1525,      1.3995,     28.5958,     57.1915,      0.0192,      0.0022,      0.0156,      0.2035,   7748.9937,-426697.0312,   -925.8738,    549.9332,  25829.9766,
       1,     168,     237,      22,       1,       3,       1,     10.0000,      1.3992,     42.5835,    248.2611,     62.4780,      3.4953,      0.0000,     -0.0320,      4.0066,      0.1529,      5.5763,     11.1525,      1.3512,     28.5958,     57.1915,      0.0192,      0.0032,      0.0156,      0.2035,   7748.9932,-422454.9688,   -925.1619,    550.2264,  25829.9766,
       1,     168,     237,      23,       1,       3,       1,     10.0000,      1.3992,     42.5835,    248.2611,     62.4780,      3.4953,      0.0000,     -0.0319,      3.9931,      0.1488,      5.5763,     11.1525,      1.3150,     28.5958,     57.1915,      0.0192,      0.0031,      0.0156,      0.2035,   7748.9932,-423591.8125,   -923.5210,    550.1483,  25829.9766,
       1,     168,     237,      24,       1,       3,       1,     10.0000,      1.3992,     42.5835,    248.2611,     62.4780,      3.4953,      0.0000,     -0.0318,      2.6542,      0.1479,      5.5763,     11.1525,      1.3070,     28.5958,     57.1915,      0.0192,      0.0021,      0.0156,      0.2035,   7748.9932,-423672.5000,   -922.3156,    550.1428,  25829.9766,
       1,     168,     238,       1,       1,       3,       1,     10.0000,      1.3992,     42.5839,    248.2669,     62.4795,      3.4953,      0.0000,     -0.0317,      1.5107,      0.1448,      5.5759,     11.1519,      1.2797,     28.5987,     57.1974,      0.0192,      0.0012,      0.0156,      0.2035,   7748.9932,-422163.2188,   -922.4723,    550.2596,  25831.1289,
       1,     168,     238,       2,       1,       3,       1,     10.0000,      1.3992,     42.5839,    248.2669,     62.4795,      3.4953,      0.0000,     -0.0316,      1.3741,      0.1421,      5.5759,     11.1519,      1.2554,     28.5987,     57.1974,      0.0192,      0.0011,      0.0156,      0.2035,   7749.3389,-420454.5000,   -921.9795,    550.3771,  25831.1289,
       1,     168,     238,       3,       1,       3,       1,     10.0000,      1.3992,     42.5839,    248.2669,     62.4795,      3.4953,      0.0000,     -0.0317,      1.0524,      0.1448,      5.5759,     11.1519,      1.2797,     28.5987,     57.1974,      0.0192,      0.0008,      0.0156,      0.2035,   7749.3389,-420137.5625,   -921.9939,    550.3989,  25831.1289,
       1,     168,     238,       4,       1,       3,       1,     10.0000,      1.3992,     42.5839,    248.2669,     62.4795,      3.4953,      0.0000,     -0.0317,      0.4301,      0.1448,      5.5759,     11.1519,      1.2797,     28.5987,     57.1974,      0.0192,      0.0003,      0.0156,      0.2035,   7749.3389,-419708.8750,   -921.9628,    550.4284,  25831.1270,
       1,     168,     238,       5,       1,       3,       1,     10.0000,      1.3992,     42.5839,    248.2669,     62.4795,      3.4953,      0.0000,     -0.0317,      0.4801,      0.1426,      5.5759,     11.1519,      1.2604,     28.5987,     57.1974,      0.0192,      0.0004,      0.0156,      0.2035,   7749.3384,-418895.6875,   -910.1318,    550.4844,  25831.1309,
       1,     168,     238,       6,       1,       3,       1,     10.0000,      1.3992,     42.5839,    248.2669,     62.4795,      3.4953,      0.0000,     -0.0319,      0.5567,      0.1482,      5.5759,     11.1519,      1.3097,     28.5987,     57.1974,      0.0192,      0.0004,      0.0156,      0.2035,   7749.3394,-418887.7812,   -910.1364,    550.4849,  25831.1309,
       1,     168,     238,       7,       1,       3,       1,     10.0000,      1.3992,     42.5839,    248.2669,     62.4795,      3.4953,      0.0000,     -0.0318,      0.4713,      0.1463,      5.5759,     11.1519,      1.2926,     28.5987,     57.1974,      0.0192,      0.0004,      0.0156,      0.2035,   7749.3394,-418982.7188,   -910.1829,    550.4783,  25831.1309,
       1,     168,     238,       8,       1,       3,       1,     10.0000,      1.3992,     42.5839,    248.2669,     62.4795,      3.4953,      0.0119,     -0.0200,      0.5037,      0.1497,      5.5759,     11.1519,      1.3230,     28.5987,     57.1974,      0.0192,      0.0004,      0.0156,      0.2035,   7749.3394,-418884.2812,   -910.1842,    550.4851,  25831.1328,
       1,     168,     238,       9,       1,       3,       1,     10.0000,      1.3992,     42.5839,    248.2669,     62.4795,      3.4953,      0.1288,      0.0967,      5.0142,      0.1543,      5.5759,     11.1519,      1.3635,     28.5987,     57.1974,      0.0192,      0.0004,      0.1653,      0.2035,   7749.3403,-418916.0625,   -910.2423,    550.4830,  25831.1309,
       1,     168,     238,      10,       1,       3,       1,     10.0000,      1.3992,     42.5839,    248.2669,     62.4795,      3.4953,      0.1768,      0.1437,      7.4027,      0.1875,      5.5759,     11.1519,      1.6565,     28.5987,     57.1974,      0.0192,      0.0004,      0.2350,      0.2035,   7749.3394,-424546.9688,   -911.6431,    550.0955,  25831.1309,
       1,     168,     238,      11,       1,       3,       1,     10.0000,      1.3992,     42.5839,    248.2669,     62.4795,      3.4953,      0.1661,      0.1329,      7.8349,      0.1901,      5.5759,     11.1519,      1.6797,     28.5987,     57.1974,      0.0192,      0.0004,      0.2194,      0.2035,   7749.3394,-428011.3125,   -913.2642,    549.8574,  25831.1309,
       1,     168,     238,      12,       1,       3,       1,     10.0000,      1.3992,     42.5839,    248.2669,     62.4795,      3.4953,      0.1818,      0.1487,      9.5492,      0.1856,      5.5759,     11.1519,      1.6402,     28.5987,     57.1974,      0.0192,      0.0005,      0.2421,      0.2035,   7749.3394,-428847.9375,   -914.1343,    549.8000,  25831.1309,
       1,     168,     238,      13,       1,       3,       1,     10.0000,      1.3992,     42.5839,    248.2669,     62.4795,      3.4953,      0.1877,      0.1541,     16.0967,      0.2023,      5.5759,     11.1519,      1.7877,     28.5987,     57.1974,      0.0192,      0.0008,      0.2500,      0.2035,   7749.3394,-431059.0938,   -913.2260,    549.6480,  25831.1309,
       1,     168,     238,      14,       1,       3,       1,     10.0000,      1.3992,     42.5839,    248.2669,     62.4795,      3.4953,      0.1708,      0.1371,     31.8575,      0.2043,      5.5759,     11.1519,      1.8054,     28.5987,     57.1974,      0.0192,      0.0018,      0.2234,      0.2035,   7749.3394,-439420.0000,   -915.4467,    549.0735,  25831.1289,
       1,     168,     238,      15,       1,       3,       1,     10.0000,      1.3992,     42.5839,    248.2669,     62.4795,      3.4953,      0.1164,      0.0837,     26.6725,      0.1754,      5.5759,     11.1519,      1.5498,     28.5987,     57.1974,      0.0192,      0.0023,      0.1448,      0.2035,   7749.3389,-459810.0938,   -920.3307,    547.6744,  25831.1309,
       1,     168,     238,      16,       1,       3,       1,     10.0000,      1.3992,     42.5839,    248.2669,     62.4795,      3.4953,      0.0702,      0.0382,     14.1788,      0.1511,      5.5759,     11.1519,      1.3350,     28.5987,     57.1974,      0.0192,      0.0022,      0.0794,      0.2035,   7749.3394,-455088.7500,   -917.3668,    547.9994,  25831.1289,
       1,     168,     238,      17,       1,       3,       1,     10.0000,      1.3992,     42.5839,    248.2669,     62.4795,      3.4953,      0.0126,     -0.0190,      3.3151,      0.1404,      5.5759,     11.1519,      1.2402,     28.5987,     57.1974,      0.0192,      0.0026,      0.0156,      0.2035,   7749.3389,-439085.2812,   -914.2945,    549.0958,  25831.1309,
       1,     168,     238,      18,       1,       3,       1,     10.0000,      1.3992,     42.5839,    248.2669,     62.4795,      3.4953,      0.0306,     -0.0007,      5.7275,      0.1338,      5.5759,     11.1519,      1.1826,     28.5987,     57.1974,      0.0192,      0.0030,      0.0238,      0.2035,   7749.3394,-424157.2812,   -911.5286,    550.1215,  25831.1309,
       1,     168,     238,      19,       1,       3,       1,     10.0000,      1.3992,     42.5839,    248.2669,     62.4795,      3.4953,      0.0191,     -0.0124,      2.3996,      0.1394,      5.5759,     11.1519,      1.2315,     28.5987,     57.1974,      0.0192,      0.0040,      0.0074,      0.2035,   7749.3394,-425888.4688,   -911.9509,    550.0034,  25831.1328,
       1,     168,     238,      20,       1,       3,       1,     10.0000,      1.3992,     42.5839,    248.2669,     62.4795,      3.4953,      0.0062,     -0.0252,      2.2369,      0.1364,      5.5759,     11.1519,      1.2056,     28.5987,     57.1974,      0.0192,      0.0018,      0.0156,      0.2035,   7749.3403,-421882.8750,   -911.3272,    550.2787,  25831.1309,
       1,     168,     238,      21,       1,       3,       1,     10.0000,      1.3992,     42.5839,    248.2669,     62.4795,      3.4953,      0.0000,     -0.0314,      0.6925,      0.1368,      5.5759,     11.1519,      1.2092,     28.5987,     57.1974,      0.0192,      0.0005,      0.0156,      0.2035,   7749.3394,-421336.4062,   -911.4867,    550.3164,  25831.1309,
       1,     168,     238,      22,       1,       3,       1,     10.0000,      1.3992,     42.5839,    248.2669,     62.4795,      3.4953,      0.0000,     -0.0314,      0.4317,      0.1356,      5.5759,     11.1519,      1.1983,     28.5987,     57.1974,      0.0192,      0.0003,      0.0156,      0.2035,   7749.3394,-419362.4375,   -910.2470,    550.4522,  25831.1328,
       1,     168,     238,      23,       1,       3,       1,     10.0000,      1.3992,     42.5839,    248.2669,     62.4795,      3.4953,      0.0000,     -0.0314,      0.5133,      0.1353,      5.5759,     11.1519,      1.1958,     28.5987,     57.1974,      0.0192,      0.0004,      0.0156,      0.2035,   7749.3403,-418867.1875,   -910.1719,    550.4863,  25831.1309,
       1,     168,     238,      24,       1,       3,       1,     10.0000,      1.3992,     42.5839,    248.2669,     62.4795,      3.4953,      0.0000,     -0.0314,      0.4444,      0.1364,      5.5759,     11.1519,      1.2056,     28.5987,     57.1974,      0.0192,      0.0003,      0.0156,      0.2035,   7749.3394,-418926.9062,   -910.2024,    550.4822,  25831.1309,
       1,     168,     239,       1,       1,       3,       1,     10.0000,      1.3992,     42.5842,    248.2728,     62.4809,      3.4953,      0.0000,     -0.0314,      0.4704,      0.1367,      5.5767,     11.1534,      1.2080,     28.5908,     57.1817,      0.0192,      0.0004,      0.0156,      0.2035,   7749.3394,-419001.3125,   -910.4839,    550.4901,  25832.2852,
       1,     168,     239,       2,       1,       3,       1,     10.0000,      1.3992,     42.5842,    248.2728,     62.4809,      3.4953,      0.0000,     -0.0314,      0.5830,      0.1359,      5.5767,     11.1534,      1.2007,     28.5908,     57.1817,      0.0192,      0.0005,      0.0156,      0.2035,   7749.6860,-418887.7500,   -910.2197,    550.4979,  25832.2832,
       1,     168,     239,       3,       1,       3,       1,     10.0000,      1.3992,     42.5842,    248.2728,     62.4809,      3.4953,      0.0000,     -0.0314,      0.5364,      0.1368,      5.5767,     11.1534,      1.2093,     28.5908,     57.1817,      0.0192,      0.0004,      0.0156,      0.2035,   7749.6851,-419018.8125,   -910.2815,    550.4890,  25832.2832,
       1,     168,     239,       4,       1,       3,       1,     10.0000,      1.3992,     42.5842,    248.2728,     62.4809,      3.4953,      0.0000,     -0.0313,      0.5679,      0.1326,      5.5767,     11.1534,      1.1718,     28.5908,     57.1817,      0.0192,      0.0004,      0.0156,      0.2035,   7749.6851,-418971.8125,   -910.3047,    550.4922,  25832.2852,
       1,     168,     239,       5,       1,       3,       1,     10.0000,      1.3992,     42.5842,    248.2728,     62.4809,      3.4953,      0.0000,     -0.0312,      0.4298,      0.1297,      5.5767,     11.1534,      1.1459,     28.5908,     57.1817,      0.0192,      0.0003,      0.0156,      0.2035,   7749.6860,-419006.7812,   -910.3421,    550.4897,  25832.2852,
       1,     168,     239,       6,       1,       3,       1,     10.0000,      1.3992,     42.5842,    248.2728,     62.4809,      3.4953,      0.0000,     -0.0311,      0.3083,      0.1281,      5.5767,     11.1534,      1.1320,     28.5908,     57.1817,      0.0192,      0.0002,      0.0156,      0.2035,   7749.6860,-418837.4062,   -910.3299,    550.5014,  25832.2832,
       1,     168,     239,       7,       1,       3,       1,     10.0000,      1.3992,     42.5842,    248.2728,     62.4809,      3.4953,      0.0000,     -0.0310,      0.2968,      0.1248,      5.5767,     11.1534,      1.1025,     28.5908,     57.1817,      0.0192,      0.0002,      0.0156,      0.2035,   7749.6851,-418671.7500,   -910.3030,    550.5128,  25832.2852,
       1,     168,     239,       8,       1,       3,       1,     10.0000,      1.3992,     42.5842,    248.2728,     62.4809,      3.4953,      0.0095,     -0.0214,      0.2954,      0.1243,      5.5767,     11.1534,      1.0980,     28.5908,     57.1817,      0.0192,      0.0002,      0.0156,      0.2035,   7749.6860,-418642.7812,   -910.2986,    550.5147,  25832.2832,
       1,     168,     239,       9,       1,       3,       1,     10.0000,      1.3992,     42.5842,    248.2728,     62.4809,      3.4953,      0.1289,      0.0976,      3.4685,      0.1355,      5.5767,     11.1534,      1.1971,     28.5908,     57.1817,      0.0192,      0.0003,      0.1659,      0.2035,   7749.6851,-418639.0000,   -910.3382,    550.5150,  25832.2832,
       1,     168,     239,      10,       1,       3,       1,     10.0000,      1.3992,     42.5842,    248.2728,     62.4809,      3.4953,      0.1682,      0.1357,      5.8888,      0.1665,      5.5767,     11.1534,      1.4714,     28.5908,     57.1817,      0.0192,      0.0003,      0.2224,      0.2035,   7749.6851,-422597.4062,   -911.5491,    550.2426,  25832.2852,
       1,     168,     239,      11,       1,       3,       1,     10.0000,      1.3992,     42.5842,    248.2728,     62.4809,      3.4953,      0.1871,      0.1542,      7.2782,      0.1809,      5.5767,     11.1534,      1.5984,     28.5908,     57.1817,      0.0192,      0.0004,      0.2500,      0.2035,   7749.6860,-425956.8750,   -913.5385,    550.0117,  25832.2812,
       1,     168,     239,      12,       1,       3,       1,     10.0000,      1.3992,     42.5842,    248.2728,     62.4809,      3.4953,      0.1871,      0.1535,      8.2957,      0.2027,      5.5767,     11.1534,      1.7912,     28.5908,     57.1817,      0.0192,      0.0004,      0.2500,      0.2035,   7749.6846,-427979.3125,   -915.3243,    549.8726,  25832.2832,
       1,     168,     239,      13,       1,       3,       1,     10.0000,      1.3992,     42.5842,    248.2728,     62.4809,      3.4953,      0.1474,      0.1152,      4.7966,      0.1581,      5.5767,     11.1534,      1.3968,     28.5908,     57.1817,      0.0192,      0.0003,      0.1923,      0.2035,   7749.6851,-429422.3438,   -917.3571,    549.7734,  25832.2832,
       1,     168,     239,      14,       1,       3,       1,     10.0000,      1.3992,     42.5842,    248.2728,     62.4809,      3.4953,      0.1251,      0.0934,      3.5998,      0.1442,      5.5767,     11.1534,      1.2745,     28.5908,     57.1817,      0.0192,      0.0003,      0.1603,      0.2035,   7749.6851,-425179.9375,   -916.8915,    550.0650,  25832.2852,
       1,     168,     239,      15,       1,       3,       1,     10.0000,      1.3992,     42.5842,    248.2728,     62.4809,      3.4953,      0.1037,      0.0723,     12.9681,      0.1346,      5.5767,     11.1534,      1.1898,     28.5908,     57.1817,      0.0192,      0.0012,      0.1284,      0.2035,   7749.6860,-423322.6250,   -911.7365,    550.1928,  25832.2832,
       1,     168,     239,      16,       1,       3,       1,     10.0000,      1.3992,     42.5842,    248.2728,     62.4809,      3.4953,      0.1296,      0.0981,     25.2803,      0.1396,      5.5767,     11.1534,      1.2340,     28.5908,     57.1817,      0.0192,      0.0019,      0.1644,      0.2035,   7749.6851,-434852.1875,   -913.4998,    549.3999,  25832.2832,
       1,     168,     239,      17,       1,       3,       1,     10.0000,      1.3992,     42.5842,    248.2728,     62.4809,      3.4953,      0.1218,      0.0902,     39.6380,      0.1424,      5.5767,     11.1534,      1.2579,     28.5908,     57.1817,      0.0192,      0.0032,      0.1515,      0.2035,   7749.6851,-451207.5312,   -916.7283,    548.2773,  25832.2832,
       1,     168,     239,      18,       1,       3,       1,     10.0000,      1.3992,     42.5842,    248.2728,     62.4809,      3.4953,      0.1120,      0.0802,     25.1634,      0.1458,      5.5767,     11.1534,      1.2888,     28.5908,     57.1817,      0.0192,      0.0022,      0.1388,      0.2035,   7749.6851,-470533.6875,   -921.2490,    546.9539,  25832.2832,
       1,     168,     239,      19,       1,       3,       1,     10.0000,      1.3992,     42.5842,    248.2728,     62.4809,      3.4953,      0.0544,      0.0229,      8.4915,      0.1378,      5.5767,     11.1534,      1.2179,     28.5908,     57.1817,      0.0192,      0.0018,      0.0577,      0.2035,   7749.6851,-454119.9688,   -919.1385,    548.0777,  25832.2832,
       1,     168,     239,      20,       1,       3,       1,     10.0000,      1.3992,     42.5842,    248.2728,     62.4809,      3.4953,      0.0065,     -0.0248,      0.8742,      0.1321,      5.5767,     11.1534,      1.1671,     28.5908,     57.1817,      0.0192,      0.0007,      0.0156,      0.2035,   7749.6851,-431905.1562,   -915.5751,    549.6008,  25832.2852,
       1,     168,     239,      21,       1,       3,       1,     10.0000,      1.3992,     42.5842,    248.2728,     62.4809,      3.4953,      0.0000,     -0.0311,      0.7371,      0.1276,      5.5767,     11.1534,      1.1274,     28.5908,     57.1817,      0.0192,      0.0006,      0.0156,      0.2035,   7749.6860,-420500.4062,   -913.6197,    550.3864,  25832.2852,
       1,     168,     239,      22,       1,       3,       1,     10.0000,      1.3992,     42.5842,    248.2728,     62.4809,      3.4953,      0.0000,     -0.0311,      0.8735,      0.1282,      5.5767,     11.1534,      1.1332,     28.5908,     57.1817,      0.0192,      0.0007,      0.0156,      0.2035,   7749.6860,-419349.8438,   -913.4632,    550.4661,  25832.2832,
       1,     168,     239,      23,       1,       3,       1,     10.0000,      1.3992,     42.5842,    248.2728,     62.4809,      3.4953,      0.0000,     -0.0311,      1.2286,      0.1288,      5.5767,     11.1534,      1.1378,     28.5908,     57.1817,      0.0192,      0.0010,      0.0156,      0.2035,   7749.6851,-419421.0000,   -913.5452,    550.4613,  25832.2832,
       1,     168,     239,      24,       1,       3,       1,     10.0000,      1.3992,     42.5842,    248.2728,     62.4809,      3.4953,      0.0000,     -0.0312,      0.8424,      0.1302,      5.5767,     11.1534,      1.1506,     28.5908,     57.1817,      0.0192,      0.0007,      0.0156,      0.2035,   7749.6851,-419869.9688,   -913.7282,    550.4304,  25832.2832,
       1,     168,     240,       1,       1,       3,       1,     10.0000,      1.3993,     42.5845,    248.2786,     62.4824,      3.4953,      0.0000,     -0.0312,      0.3715,      0.1306,      5.5769,     11.1537,      1.1542,     28.5883,     57.1767,      0.0192,      0.0003,      0.0156,      0.2036,   7749.6851,-419581.9688,   -913.9803,    550.4631,  25833.4414,
       1,     168,     240,       2,       1,       3,       1,     10.0000,      1.3993,     42.5845,    248.2786,     62.4824,      3.4953,      0.0000,     -0.0311,      0.3190,      0.1276,      5.5769,     11.1537,      1.1275,     28.5883,     57.1767,      0.0192,      0.0003,      0.0156,      0.2036,   7750.0327,-418817.0312,   -913.5915,    550.5158,  25833.4395,
       1,     168,     240,       3,       1,       3,       1,     10.0000,      1.3993,     42.5845,    248.2786,     62.4824,      3.4953,      0.0000,     -0.0310,      0.4298,      0.1260,      5.5769,     11.1537,      1.1138,     28.5883,     57.1767,      0.0192,      0.0003,      0.0156,      0.2036,   7750.0322,-418686.0312,   -913.5716,    550.5248,  25833.4395,
       1,     168,     240,       4,       1,       3,       1,     10.0000,      1.3993,     42.5845,    248.2786,     62.4824,      3.4953,      0.0000,     -0.0310,      0.3261,      0.1250,      5.5769,     11.1537,      1.1047,     28.5883,     57.1767,      0.0192,      0.0003,      0.0156,      0.2036,   7750.0322,-418812.9688,   -913.6078,    550.5160,  25833.4395,
       1,     168,     240,       5,       1,       3,       1,     10.0000,      1.3993,     42.5845,    248.2786,     62.4824,      3.4953,      0.0000,     -0.0310,      0.2992,      0.1257,      5.5769,     11.1537,      1.1104,     28.5883,     57.1767,      0.0192,      0.0002,      0.0156,      0.2036,   7750.0322,-418694.6562,   -910.7495,    550.5242,  25833.4375,
       1,     168,     240,       6,       1,       3,       1,     10.0000,      1.3993,     42.5845,    248.2786,     62.4824,      3.4953,      0.0000,     -0.0310,      0.2985,      0.1254,      5.5769,     11.1537,      1.1081,     28.5883,     57.1767,      0.0192,      0.0002,      0.0156,      0.2036,   7750.0317,-418651.2500,   -910.7432,    550.5272,  25833.4414,
       1,     168,     240,       7,       1,       3,       1,     10.0000,      1.3993,     42.5845,    248.2786,     62.4824,      3.4953,      0.0000,     -0.0312,      0.3098,      0.1296,      5.5769,     11.1537,      1.1448,     28.5883,     57.1767,      0.0192,      0.0002,      0.0156,      0.2036,   7750.0327,-418645.9688,   -910.7419,    550.5275,  25833.4395,
       1,     168,     240,       8,       1,       3,       1,     10.0000,      1.3993,     42.5845,    248.2786,     62.4824,      3.4953,      0.0039,     -0.0273,      0.3124,      0.1305,      5.5769,     11.1537,      1.1530,     28.5883,     57.1767,      0.0192,      0.0002,      0.0156,      0.2036,   7750.0322,-418660.0000,   -910.7454,    550.5266,  25833.4395,
       1,     168,     240,       9,       1,       3,       1,     10.0000,      1.3993,     42.5845,    248.2786,     62.4824,      3.4953,      0.0461,      0.0150,      0.9379,      0.1303,      5.5769,     11.1537,      1.1518,     28.5883,     57.1767,      0.0192,      0.0002,      0.0469,      0.2036,   7750.0322,-418664.2500,   -910.0898,    550.5262,  25833.4414,
       1,     168,     240,      10,       1,       3,       1,     10.0000,      1.3993,     42.5845,    248.2786,     62.4824,      3.4953,      0.1872,      0.1549,      6.3292,      0.1601,      5.5769,     11.1537,      1.4151,     28.5883,     57.1767,      0.0192,      0.0003,      0.2500,      0.2036,   7750.0327,-419444.8438,   -910.4155,    550.4726,  25833.4395,
       1,     168,     240,      11,       1,       3,       1,     10.0000,      1.3993,     42.5845,    248.2786,     62.4824,      3.4953,      0.1730,      0.1406,      5.9436,      0.1634,      5.5769,     11.1537,      1.4438,     28.5883,     57.1767,      0.0192,      0.0003,      0.2294,      0.2036,   7750.0322,-426237.4688,   -913.0625,    550.0051,  25833.4395,
       1,     168,     240,      12,       1,       3,       1,     10.0000,      1.3993,     42.5845,    248.2786,     62.4824,      3.4953,      0.1872,      0.1545,      6.9055,      0.1728,      5.5769,     11.1537,      1.5269,     28.5883,     57.1767,      0.0192,      0.0003,      0.2500,      0.2036,   7750.0322,-426340.0312,   -913.9999,    549.9984,  25833.4414,
       1,     168,     240,      13,       1,       3,       1,     10.0000,      1.3993,     42.5845,    248.2786,     62.4824,      3.4953,      0.1871,      0.1540,      7.5060,      0.1858,      5.5769,     11.1537,      1.6419,     28.5883,     57.1767,      0.0192,      0.0004,      0.2500,      0.2036,   7750.0327,-427548.4375,   -915.7000,    549.9152,  25833.4395,
       1,     168,     240,      14,       1,       3,       1,     10.0000,      1.3993,     42.5845,    248.2786,     62.4824,      3.4953,      0.1871,      0.1535,      8.2209,      0.2011,      5.5769,     11.1537,      1.7772,     28.5883,     57.1767,      0.0192,      0.0004,      0.2500,      0.2036,   7750.0322,-428401.5000,   -917.2838,    549.8566,  25833.4375,
       1,     168,     240,      15,       1,       3,       1,     10.0000,      1.3993,     42.5845,    248.2786,     62.4824,      3.4953,      0.1847,      0.1508,     38.9796,      0.2127,      5.5769,     11.1537,      1.8799,     28.5883,     57.1767,      0.0192,      0.0020,      0.2430,      0.2036,   7750.0317,-429367.0938,   -918.9490,    549.7903,  25833.4414,
       1,     168,     240,      16,       1,       3,       1,     10.0000,      1.3993,     42.5845,    248.2786,     62.4824,      3.4953,      0.1906,      0.1564,     55.2464,      0.2234,      5.5769,     11.1537,      1.9745,     28.5883,     57.1767,      0.0192,      0.0027,      0.2500,      0.2035,   7750.0327,-467825.6250,   -927.1029,    547.1473,  25833.4414,
       1,     168,     240,      17,       1,       3,       1,     10.0000,      1.3993,     42.5845,    248.2786,     62.4824,      3.4953,      0.1908,      0.1561,     69.5380,      0.2419,      5.5769,     11.1537,      2.1372,     28.5883,     57.1767,      0.0192,      0.0034,      0.2488,      0.2035,   7750.0327,-491447.7500,   -932.8962,    545.5380,  25833.4395,
       1,     168,     240,      18,       1,       3,       1,     10.0000,      1.3993,     42.5845,    248.2786,     62.4824,      3.4953,      0.1770,      0.1425,     80.4649,      0.2347,      5.5769,     11.1537,      2.0735,     28.5883,     57.1767,      0.0192,      0.0043,      0.2272,      0.2035,   7750.0322,-511316.3438,   -938.0627,    544.1854,  25833.4395,
       1,     168,     240,      19,       1,       3,       1,     10.0000,      1.3993,     42.5845,    248.2786,     62.4824,      3.4953,      0.1380,      0.1035,     77.2775,      0.2358,      5.5769,     11.1537,      2.0836,     28.5883,     57.1767,      0.0192,      0.0056,      0.1702,      0.2035,   7750.0322,-526667.6875,   -941.9388,    543.1429,  25833.4395,
       1,     168,     240,      20,       1,       3,       1,     10.0000,      1.3993,     42.5845,    248.2786,     62.4824,      3.4953,      0.0396,      0.0062,     14.7472,      0.1954,      5.5769,     11.1537,      1.7270,     28.5883,     57.1767,      0.0192,      0.0054,      0.0336,      0.2034,   7750.0322,-523997.8438,   -942.2707,    543.3251,  25833.4414,
       1,     168,     240,      21,       1,       3,       1,     10.0000,      1.3993,     42.5845,    248.2786,     62.4824,      3.4953,      0.0000,     -0.0325,      5.8554,      0.1679,      5.5769,     11.1537,      1.4833,     28.5883,     57.1767,      0.0192,      0.0046,      0.0156,      0.2035,   7750.0327,-445638.9062,   -927.9962,    548.6469,  25833.4395,
       1,     168,     240,      22,       1,       3,       1,     10.0000,      1.3993,     42.5845,    248.2786,     62.4824,      3.4953,      0.0000,     -0.0322,      7.3534,      0.1574,      5.5769,     11.1537,      1.3912,     28.5883,     57.1767,      0.0192,      0.0058,      0.0156,      0.2035,   7750.0322,-427923.5312,   -924.8437,    549.8881,  25833.4395,
       1,     168,     240,      23,       1,       3,       1,     10.0000,      1.3993,     42.5845,    248.2786,     62.4824,      3.4953,      0.0000,     -0.0319,      6.8749,      0.1488,      5.5769,     11.1537,      1.3150,     28.5883,     57.1767,      0.0192,      0.0054,      0.0156,      0.2036,   7750.0322,-428244.9688,   -925.0741,    549.8674,  25833.4395,
       1,     168,     240,      24,       1,       3,       1,     10.0000,      1.3993,     42.5845,    248.2786,     62.4824,      3.4953,      0.0000,     -0.0315,      6.8478,      0.1378,      5.5769,     11.1537,      1.2179,     28.5883,     57.1767,      0.0192,      0.0054,      0.0156,      0.2036,   7750.0322,-427673.8750,   -925.1260,    549.9066,  25833.4375,
       1,     168,     241,       1,       1,       3,       1,     10.0000,      1.3993,     42.5849,    248.2844,     62.4838,      3.4953,      0.0000,     -0.0315,      5.3785,      0.1391,      5.5759,     11.1517,      1.2291,     28.5954,     57.1909,      0.0192,      0.0042,      0.0156,      0.2036,   7750.0317,-427745.5625,   -925.5413,    549.9146,  25834.5918,
       1,     168,     241,       2,       1,       3,       1,     10.0000,      1.3993,     42.5849,    248.2844,     62.4838,      3.4953,      0.0000,     -0.0316,      3.4885,      0.1419,      5.5759,     11.1517,      1.2542,     28.5954,     57.1909,      0.0192,      0.0027,      0.0156,      0.2036,   7750.3779,-425766.5312,   -924.9655,    550.0507,  25834.5918,
       1,     168,     241,       3,       1,       3,       1,     10.0000,      1.3993,     42.5849,    248.2844,     62.4838,      3.4953,      0.0000,     -0.0316,      2.4273,      0.1405,      5.5759,     11.1517,      1.2416,     28.5954,     57.1909,      0.0192,      0.0019,      0.0156,      0.2036,   7750.3779,-423238.9688,   -924.5500,    550.2244,  25834.5938,
       1,     168,     241,       4,       1,       3,       1,     10.0000,      1.3993,     42.5849,    248.2844,     62.4838,      3.4953,      0.0000,     -0.0316,      1.5829,      0.1408,      5.5759,     11.1517,      1.2441,     28.5954,     57.1909,      0.0192,      0.0012,      0.0156,      0.2036,   7750.3784,-421698.3438,   -924.3054,    550.3304,  25834.5938,
       1,     168,     241,       5,       1,       3,       1,     10.0000,      1.3993,     42.5849,    248.2844,     62.4838,      3.4953,      0.0000,     -0.0315,      0.7493,      0.1382,      5.5759,     11.1517,      1.2216,     28.5954,     57.1909,      0.0192,      0.0006,      0.0156,      0.2036,   7750.3784,-420512.9062,   -924.1104,    550.4120,  25834.5957,
       1,     168,     241,       6,       1,       3,       1,     10.0000,      1.3993,     42.5849,    248.2844,     62.4838,      3.4953,      0.0000,     -0.0313,      0.4154,      0.1321,      5.5759,     11.1517,      1.1671,     28.5954,     57.1909,      0.0192,      0.0003,      0.0156,      0.2036,   7750.3789,-419371.0625,   -923.9044,    550.4905,  25834.5957,
       1,     168,     241,       7,       1,       3,       1,     10.0000,      1.3993,     42.5849,    248.2844,     62.4838,      3.4953,      0.0000,     -0.0313,      0.6067,      0.1330,      5.5759,     11.1517,      1.1755,     28.5954,     57.1909,      0.0192,      0.0005,      0.0156,      0.2036,   7750.3789,-418856.6875,   -923.8105,    550.5259,  25834.5938,
       1,     168,     241,       8,       1,       3,       1,     10.0000,      1.3993,     42.5849,    248.2844,     62.4838,      3.4953,      0.0178,     -0.0135,      0.1427,      0.1336,      5.5759,     11.1517,      1.1802,     28.5954,     57.1909,      0.0192,      0.0003,      0.0059,      0.2036,   7750.3784,-419051.2812,   -923.8544,    550.5126,  25834.5938,
       1,     168,     241,       9,       1,       3,       1,     10.0000,      1.3993,     42.5849,    248.2844,     62.4838,      3.4953,      0.1417,      0.1091,      5.0380,      0.1714,      5.5759,     11.1517,      1.5148,     28.5954,     57.1909,      0.0192,      0.0003,      0.1841,      0.2036,   7750.3784,-418489.1875,   -923.7556,    550.5512,  25834.5938,
       1,     168,     241,      10,       1,       3,       1,     10.0000,      1.3993,     42.5849,    248.2844,     62.4838,      3.4953,      0.1788,      0.1452,      8.0151,      0.2053,      5.5759,     11.1517,      1.8144,     28.5954,     57.1909,      0.0192,      0.0004,      0.2380,      0.2036,   7750.3784,-424546.9688,   -924.9932,    550.1343,  25834.5938,
       1,     168,     241,      11,       1,       3,       1,     10.0000,      1.3993,     42.5849,    248.2844,     62.4838,      3.4953,      0.1870,      0.1528,      9.2791,      0.2235,      5.5759,     11.1517,      1.9745,     28.5954,     57.1909,      0.0192,      0.0005,      0.2500,      0.2036,   7750.3784,-428781.0312,   -925.9790,    549.8433,  25834.5918,
       1,     168,     241,      12,       1,       3,       1,     10.0000,      1.3993,     42.5849,    248.2844,     62.4838,      3.4953,      0.1873,      0.1528,     13.9981,      0.2351,      5.5759,     11.1517,      2.0776,     28.5954,     57.1909,      0.0192,      0.0007,      0.2500,      0.2036,   7750.3779,-430721.4062,   -926.5184,    549.7101,  25834.5938,
       1,     168,     241,      13,       1,       3,       1,     10.0000,      1.3993,     42.5849,    248.2844,     62.4838,      3.4953,      0.1871,      0.1520,     12.2143,      0.2542,      5.5759,     11.1517,      2.2460,     28.5954,     57.1909,      0.0192,      0.0006,      0.2500,      0.2036,   7750.3784,-436774.6562,   -927.7971,    549.2941,  25834.5918,
       1,     168,     241,      14,       1,       3,       1,     10.0000,      1.3993,     42.5849,    248.2844,     62.4838,      3.4953,      0.1904,      0.1551,     59.6406,      0.2653,      5.5759,     11.1517,      2.3440,     28.5954,     57.1909,      0.0192,      0.0029,      0.2495,      0.2036,   7750.3779,-435068.9062,   -927.5110,    549.4114,  25834.5938,
       1,     168,     241,      15,       1,       3,       1,     10.0000,      1.3993,     42.5849,    248.2844,     62.4838,      3.4953,      0.1762,      0.1420,     91.0213,      0.2252,      5.5759,     11.1517,      1.9901,     28.5954,     57.1909,      0.0192,      0.0050,      0.2248,      0.2036,   7750.3784,-494091.9062,   -938.9276,    545.3579,  25834.5918,
       1,     168,     241,      16,       1,       3,       1,     10.0000,      1.3993,     42.5849,    248.2844,     62.4838,      3.4953,      0.1652,      0.1318,     92.4493,      0.1960,      5.5759,     11.1517,      1.7322,     28.5954,     57.1909,      0.0192,      0.0055,      0.2083,      0.2035,   7750.3779,-538378.1250,   -947.7681,    542.3538,  25834.5938,
       1,     168,     241,      17,       1,       3,       1,     10.0000,      1.3993,     42.5849,    248.2844,     62.4838,      3.4953,      0.1928,      0.1588,    138.5884,      0.2130,      5.5759,     11.1517,      1.8818,     28.5954,     57.1909,      0.0192,      0.0070,      0.2435,      0.2035,   7750.3784,-543955.5000,   -949.2668,    541.9839,  25834.5957,
       1,     168,     241,      18,       1,       3,       1,     10.0000,      1.3993,     42.5849,    248.2844,     62.4838,      3.4953,      0.1615,      0.1274,    139.3626,      0.2193,      5.5759,     11.1517,      1.9381,     28.5954,     57.1909,      0.0192,      0.0087,      0.1976,      0.2035,   7750.3789,-602083.2500,   -961.0079,    538.0461,  25834.5918,
       1,     168,     241,      19,       1,       3,       1,     10.0000,      1.3993,     42.5849,    248.2844,     62.4838,      3.4953,      0.1150,      0.0813,     92.9341,      0.2068,      5.5759,     11.1517,      1.8270,     28.5954,     57.1909,      0.0192,      0.0085,      0.1348,      0.2034,   7750.3779,-608067.9375,   -962.8141,    537.6579,  25834.5918,
       1,     168,     241,      20,       1,       3,       1,     10.0000,      1.3993,     42.5849,    248.2844,     62.4838,      3.4953,      0.0133,     -0.0200,      7.0171,      0.1903,      5.5759,     11.1517,      1.6815,     28.5954,     57.1909,      0.0192,      0.0055,      0.0156,      0.2034,   7750.3779,-550474.6250,   -952.1639,    541.5287,  25834.5898,
       1,     168,     241,      21,       1,       3,       1,     10.0000,      1.3993,     42.5849,    248.2844,     62.4838,      3.4953,      0.0000,     -0.0327,      4.0593,      0.1745,      5.5759,     11.1517,      1.5422,     28.5954,     57.1909,      0.0192,      0.0032,      0.0156,      0.2034,   7750.3774,-438217.7500,   -930.5045,    549.1415,  25834.5918,
       1,     168,     241,      22,       1,       3,       1,     10.0000,      1.3993,     42.5849,    248.2844,     62.4838,      3.4953,      0.0000,     -0.0326,      5.6086,      0.1701,      5.5759,     11.1517,      1.5027,     28.5954,     57.1909,      0.0192,      0.0044,      0.0156,      0.2036,   7750.3779,-425084.4375,   -927.9404,    550.0967,  25834.5918,
       1,     168,     241,      23,       1,       3,       1,     10.0000,      1.3993,     42.5849,    248.2844,     62.4838,      3.4953,      0.0000,     -0.0322,      5.0297,      0.1568,      5.5759,     11.1517,      1.3857,     28.5954,     57.1909,      0.0192,      0.0040,      0.0156,      0.2036,   7750.3779,-425826.3438,   -928.0446,    550.0466,  25834.5918,
       1,     168,     241,      24,       1,       3,       1,     10.0000,      1.3993,     42.5849,    248.2844,     62.4838,      3.4953,      0.0000,     -0.0321,      4.4315,      0.1559,      5.5759,     11.1517,      1.3773,     28.5954,     57.1909,      0.0192,      0.0035,      0.0156,      0.2036,   7750.3779,-425166.6562,   -927.8910,    550.0919,  25834.5918,
       1,     168,     242,       1,       1,       3,       1,     10.0000,      1.3993,     42.5852,    248.2903,     62.4853,      3.4953,      0.0000,     -0.0320,      3.3439,      0.1526,      5.5760,     11.1520,      1.3486,     28.6029,     57.2058,      0.0192,      0.0026,      0.0156,      0.2036,   7750.3779,-424518.4375,   -928.0205,    550.1493,  25835.7461,
       1,     168,     242,       2,       1,       3,       1,     10.0000,      1.3993,     42.5852,    248.2903,     62.4853,      3.4953,      0.0000,     -0.0320,      2.6386,      0.1520,      5.5760,     11.1520,      1.3432,     28.6029,     57.2058,      0.0192,      0.0021,      0.0156,      0.2036,   7750.7241,-422954.1562,   -927.4281,    550.2569,  25835.7441,
       1,     168,     242,       3,       1,       3,       1,     10.0000,      1.3993,     42.5852,    248.2903,     62.4853,      3.4953,      0.0000,     -0.0319,      2.4294,      0.1493,      5.5760,     11.1520,      1.3191,     28.6029,     57.2058,      0.0192,      0.0019,      0.0156,      0.2036,   7750.7236,-421940.4062,   -927.2208,    550.3267,  25835.7461,
       1,     168,     242,       4,       1,       3,       1,     10.0000,      1.3993,     42.5852,    248.2903,     62.4853,      3.4953,      0.0000,     -0.0317,      1.4908,      0.1442,      5.5760,     11.1520,      1.2746,     28.6029,     57.2058,      0.0192,      0.0012,      0.0156,      0.2036,   7750.7241,-421592.1875,   -927.1376,    550.3505,  25835.7441,
       1,     168,     242,       5,       1,       3,       1,     10.0000,      1.3993,     42.5852,    248.2903,     62.4853,      3.4953,      0.0000,     -0.0317,      1.5097,      0.1447,      5.5760,     11.1520,      1.2785,     28.6029,     57.2058,      0.0192,      0.0012,      0.0156,      0.2036,   7750.7236,-420392.0625,   -926.8981,    550.4331,  25835.7461,
       1,     168,     242,       6,       1,       3,       1,     10.0000,      1.3993,     42.5852,    248.2903,     62.4853,      3.4953,      0.0000,     -0.0317,      0.9529,      0.1432,      5.5760,     11.1520,      1.2657,     28.6029,     57.2058,      0.0192,      0.0008,      0.0156,      0.2036,   7750.7241,-420312.4375,   -926.8800,    550.4387,  25835.7461,
       1,     168,     242,       7,       1,       3,       1,     10.0000,      1.3993,     42.5852,    248.2903,     62.4853,      3.4953,      0.0000,     -0.0316,      0.5271,      0.1421,      5.5760,     11.1520,      1.2555,     28.6029,     57.2058,      0.0192,      0.0004,      0.0156,      0.2036,   7750.7241,-419611.0312,   -926.7418,    550.4868,  25835.7461,
       1,     168,     242,       8,       1,       3,       1,     10.0000,      1.3993,     42.5852,    248.2903,     62.4853,      3.4953,      0.0124,     -0.0192,      0.3439,      0.1419,      5.5760,     11.1520,      1.2542,     28.6029,     57.2058,      0.0192,      0.0003,      0.0156,      0.2036,   7750.7241,-419020.0625,   -926.6278,    550.5276,  25835.7461,
       1,     168,     242,       9,       1,       3,       1,     10.0000,      1.3993,     42.5852,    248.2903,     62.4853,      3.4953,      0.0708,      0.0390,      1.8408,      0.1444,      5.5760,     11.1520,      1.2759,     28.6029,     57.2058,      0.0192,      0.0003,      0.0819,      0.2036,   7750.7241,-418740.6250,   -926.5672,    550.5468,  25835.7461,
       1,     168,     242,      10,       1,       3,       1,     10.0000,      1.3993,     42.5852,    248.2903,     62.4853,      3.4953,      0.1558,      0.1235,      5.2937,      0.1632,      5.5760,     11.1520,      1.4424,     28.6029,     57.2058,      0.0192,      0.0003,      0.2046,      0.2036,   7750.7241,-420583.5312,   -926.9138,    550.4199,  25835.7480,
       1,     168,     242,      11,       1,       3,       1,     10.0000,      1.3993,     42.5852,    248.2903,     62.4853,      3.4953,      0.1871,      0.1540,      7.5837,      0.1875,      5.5760,     11.1520,      1.6567,     28.6029,     57.2058,      0.0192,      0.0004,      0.2500,      0.2036,   7750.7246,-425048.0938,   -927.7326,    550.1128,  25835.7461,
       1,     168,     242,      12,       1,       3,       1,     10.0000,      1.3993,     42.5852,    248.2903,     62.4853,      3.4953,      0.1871,      0.1534,      8.4004,      0.2049,      5.5760,     11.1520,      1.8109,     28.6029,     57.2058,      0.0192,      0.0004,      0.2500,      0.2036,   7750.7241,-428287.8438,   -928.2531,    549.8901,  25835.7461,
       1,     168,     242,      13,       1,       3,       1,     10.0000,      1.3993,     42.5852,    248.2903,     62.4853,      3.4953,      0.1870,      0.1528,      9.3424,      0.2248,      5.5760,     11.1520,      1.9862,     28.6029,     57.2058,      0.0192,      0.0005,      0.2500,      0.2036,   7750.7241,-429584.4688,   -928.3407,    549.8010,  25835.7480,
       1,     168,     242,      14,       1,       3,       1,     10.0000,      1.3993,     42.5852,    248.2903,     62.4853,      3.4953,      0.1872,      0.1523,     13.2835,      0.2483,      5.5760,     11.1520,      2.1943,     28.6029,     57.2058,      0.0192,      0.0007,      0.2500,      0.2036,   7750.7246,-430870.5000,   -928.3999,    549.7127,  25835.7461,
       1,     168,     242,      15,       1,       3,       1,     10.0000,      1.3993,     42.5852,    248.2903,     62.4853,      3.4953,      0.1901,      0.1550,     51.5040,      0.2574,      5.5760,     11.1520,      2.2746,     28.6029,     57.2058,      0.0192,      0.0025,      0.2500,      0.2036,   7750.7241,-435897.0312,   -929.1647,    549.3672,  25835.7480,
       1,     168,     242,      16,       1,       3,       1,     10.0000,      1.3993,     42.5852,    248.2903,     62.4853,      3.4953,      0.1931,      0.1583,     88.4186,      0.2452,      5.5760,     11.1520,      2.1667,     28.6029,     57.2058,      0.0192,      0.0043,      0.2500,      0.2036,   7750.7246,-484007.5625,   -938.4833,    546.0636,  25835.7461,
       1,     168,     242,      17,       1,       3,       1,     10.0000,      1.3993,     42.5852,    248.2903,     62.4853,      3.4953,      0.1075,      0.0739,     57.8491,      0.1995,      5.5760,     11.1520,      1.7633,     28.6029,     57.2058,      0.0192,      0.0056,      0.1278,      0.2035,   7750.7241,-534241.6875,   -948.4473,    542.6447,  25835.7441,
       1,     168,     242,      18,       1,       3,       1,     10.0000,      1.3993,     42.5852,    248.2903,     62.4853,      3.4953,      0.0308,     -0.0011,      9.3390,      0.1496,      5.5760,     11.1520,      1.3217,     28.6029,     57.2058,      0.0192,      0.0050,      0.0230,      0.2035,   7750.7236,-500364.4688,   -942.0247,    544.9532,  25835.7441,
       1,     168,     242,      19,       1,       3,       1,     10.0000,      1.3993,     42.5852,    248.2903,     62.4853,      3.4953,      0.0306,     -0.0010,     11.2107,      0.1401,      5.5760,     11.1520,      1.2378,     28.6029,     57.2058,      0.0192,      0.0060,      0.0229,      0.2035,   7750.7236,-436898.1875,   -929.5770,    549.2814,  25835.7441,
       1,     168,     242,      20,       1,       3,       1,     10.0000,      1.3993,     42.5852,    248.2903,     62.4853,      3.4953,      0.0136,     -0.0178,      8.6549,      0.1349,      5.5760,     11.1520,      1.1923,     28.6029,     57.2058,      0.0192,      0.0068,      0.0156,      0.2036,   7750.7236,-433850.1250,   -928.9045,    549.5079,  25835.7422,
       1,     168,     242,      21,       1,       3,       1,     10.0000,      1.3993,     42.5852,    248.2903,     62.4853,      3.4953,      0.0000,     -0.0313,      7.1496,      0.1328,      5.5760,     11.1520,      1.1731,     28.6029,     57.2058,      0.0192,      0.0056,      0.0156,      0.2036,   7750.7231,-430379.4062,   -928.1522,    549.7463,  25835.7422,
       1,     168,     242,      22,       1,       3,       1,     10.0000,      1.3993,     42.5852,    248.2903,     62.4853,      3.4953,      0.0000,     -0.0313,      4.8652,      0.1342,      5.5760,     11.1520,      1.1863,     28.6029,     57.2058,      0.0192,      0.0038,      0.0156,      0.2036,   7750.7231,-428204.2500,   -927.6519,    549.8959,  25835.7441,
       1,     168,     242,      23,       1,       3,       1,     10.0000,      1.3993,     42.5852,    248.2903,     62.4853,      3.4953,      0.0000,     -0.0315,      2.4859,      0.1373,      5.5760,     11.1520,      1.2130,     28.6029,     57.2058,      0.0192,      0.0020,      0.0156,      0.2036,   7750.7236,-425167.9062,   -927.0067,    550.1047,  25835.7461,
       1,     168,     242,      24,       1,       3,       1,     10.0000,      1.3993,     42.5852,    248.2903,     62.4853,      3.4953,      0.0000,     -0.0314,      1.1718,      0.1362,      5.5760,     11.1520,      1.2032,     28.6029,     57.2058,      0.0192,      0.0009,      0.0156,      0.2036,   7750.7241,-421939.6250,   -926.3597,    550.3266,  25835.7441,
       1,     168,     243,       1,       1,       3,       1,     10.0000,      1.3993,     42.5855,    248.2961,     62.4868,      3.4953,      0.0000,     -0.0314,      0.3290,      0.1356,      5.5763,     11.1526,      1.1984,     28.6016,     57.2032,      0.0192,      0.0003,      0.0156,      0.2036,   7750.7236,-420178.7188,   -926.2914,    550.4606,  25836.8965,
       1,     168,     243,       2,       1,       3,       1,     10.0000,      1.3993,     42.5855,    248.2961,     62.4868,      3.4953,      0.0000,     -0.0314,      0.3761,      0.1363,      5.5763,     11.1526,      1.2045,     28.6016,     57.2032,      0.0192,      0.0003,      0.0156,      0.2036,   7751.0693,-418824.6875,   -925.7460,    550.5539,  25836.8965,
       1,     168,     243,       3,       1,       3,       1,     10.0000,      1.3993,     42.5855,    248.2961,     62.4868,      3.4953,      0.0000,     -0.0313,      0.3227,      0.1343,      5.5763,     11.1526,      1.1863,     28.6016,     57.2032,      0.0192,      0.0003,      0.0156,      0.2036,   7751.0693,-418767.1562,   -928.3646,    550.5579,  25836.8945,
       1,     168,     243,       4,       1,       3,       1,     10.0000,      1.3993,     42.5855,    248.2961,     62.4868,      3.4953,      0.0000,     -0.0312,      0.3160,      0.1318,      5.5763,     11.1526,      1.1648,     28.6016,     57.2032,      0.0192,      0.0002,      0.0156,      0.2036,   7751.0688,-418695.9688,   -928.7347,    550.5627,  25836.8984,
       1,     168,     243,       5,       1,       3,       1,     10.0000,      1.3993,     42.5855,    248.2961,     62.4868,      3.4953,      0.0000,     -0.0312,      0.3124,      0.1305,      5.5763,     11.1526,      1.1531,     28.6016,     57.2032,      0.0192,      0.0002,      0.0156,      0.2036,   7751.0698,-418681.0000,   -928.7320,    550.5638,  25836.8965,
       1,     168,     243,       6,       1,       3,       1,     10.0000,      1.3993,     42.5855,    248.2961,     62.4868,      3.4953,      0.0000,     -0.0313,      0.3201,      0.1333,      5.5763,     11.1526,      1.1779,     28.6016,     57.2032,      0.0192,      0.0003,      0.0156,      0.2036,   7751.0693,-418675.3750,   -928.7326,    550.5641,  25836.8965,
       1,     168,     243,       7,       1,       3,       1,     10.0000,      1.3993,     42.5855,    248.2961,     62.4868,      3.4953,      0.0000,     -0.0312,      0.3153,      0.1316,      5.5763,     11.1526,      1.1625,     28.6016,     57.2032,      0.0192,      0.0002,      0.0156,      0.2036,   7751.0693,-418684.4688,   -928.7360,    550.5635,  25836.8965,
       1,     168,     243,       8,       1,       3,       1,     10.0000,      1.3993,     42.5855,    248.2961,     62.4868,      3.4953,      0.0138,     -0.0174,      0.0078,      0.1313,      5.5763,     11.1526,      1.1601,     28.6016,     57.2032,      0.0192,      0.0002,      0.0004,      0.2036,   7751.0693,-418679.3438,   -928.7361,    550.5638,  25836.8965,
       1,     168,     243,       9,       1,       3,       1,     10.0000,      1.3993,     42.5855,    248.2961,     62.4868,      3.4953,      0.1187,      0.0872,      3.2456,      0.1387,      5.5763,     11.1526,      1.2254,     28.6016,     57.2032,      0.0192,      0.0003,      0.1512,      0.2036,   7751.0693,-418295.4688,   -928.6591,    550.5903,  25836.8965,
       1,     168,     243,      10,       1,       3,       1,     10.0000,      1.3993,     42.5855,    248.2961,     62.4868,      3.4953,      0.1675,      0.1352,      5.5986,      0.1600,      5.5763,     11.1526,      1.4138,     28.6016,     57.2032,      0.0192,      0.0003,      0.2214,      0.2036,   7751.0693,-422299.9062,   -929.4176,    550.3147,  25836.8965,
       1,     168,     243,      11,       1,       3,       1,     10.0000,      1.3993,     42.5855,    248.2961,     62.4868,      3.4953,      0.1871,      0.1537,      7.9914,      0.1962,      5.5763,     11.1526,      1.7339,     28.6016,     57.2032,      0.0192,      0.0004,      0.2500,      0.2036,   7751.0693,-425578.2500,   -930.0011,    550.0892,  25836.8965,
       1,     168,     243,      12,       1,       3,       1,     10.0000,      1.3993,     42.5855,    248.2961,     62.4868,      3.4953,      0.1871,      0.1532,      8.7107,      0.2115,      5.5763,     11.1526,      1.8689,     28.6016,     57.2032,      0.0192,      0.0004,      0.2500,      0.2036,   7751.0693,-428843.8125,   -930.4874,    549.8647,  25836.8984,
       1,     168,     243,      13,       1,       3,       1,     10.0000,      1.3993,     42.5855,    248.2961,     62.4868,      3.4953,      0.1870,      0.1529,      9.1651,      0.2211,      5.5763,     11.1526,      1.9534,     28.6016,     57.2032,      0.0192,      0.0005,      0.2500,      0.2036,   7751.0698,-430020.7812,   -930.5532,    549.7839,  25836.8945,
       1,     168,     243,      14,       1,       3,       1,     10.0000,      1.3993,     42.5855,    248.2961,     62.4868,      3.4953,      0.1871,      0.1531,      8.8197,      0.2138,      5.5763,     11.1526,      1.8893,     28.6016,     57.2032,      0.0192,      0.0004,      0.2500,      0.2036,   7751.0688,-430689.0312,   -931.3068,    549.7380,  25836.8965,
       1,     168,     243,      15,       1,       3,       1,     10.0000,      1.3993,     42.5855,    248.2961,     62.4868,      3.4953,      0.1882,      0.1536,     25.4722,      0.2370,      5.5763,     11.1526,      2.0940,     28.6016,     57.2032,      0.0192,      0.0013,      0.2500,      0.2036,   7751.0693,-430315.0625,   -931.1105,    549.7637,  25836.8984,
       1,     168,     243,      16,       1,       3,       1,     10.0000,      1.3993,     42.5855,    248.2961,     62.4868,      3.4953,      0.1874,      0.1527,     69.6402,      0.2395,      5.5763,     11.1526,      2.1166,     28.6016,     57.2032,      0.0192,      0.0035,      0.2437,      0.2036,   7751.0698,-451052.3750,   -935.0695,    548.3386,  25836.8945,
       1,     168,     243,      17,       1,       3,       1,     10.0000,      1.3993,     42.5855,    248.2961,     62.4868,      3.4953,      0.1399,      0.1059,     68.1563,      0.2153,      5.5763,     11.1526,      1.9023,     28.6016,     57.2032,      0.0192,      0.0048,      0.1740,      0.2036,   7751.0688,-507940.4062,   -946.2771,    544.4412,  25836.8965,
       1,     168,     243,      18,       1,       3,       1,     10.0000,      1.3993,     42.5855,    248.2961,     62.4868,      3.4953,      0.1370,      0.1034,     65.7471,      0.2013,      5.5763,     11.1526,      1.7791,     28.6016,     57.2032,      0.0192,      0.0047,      0.1701,      0.2035,   7751.0693,-510994.9062,   -947.0955,    544.2472,  25836.8945,
       1,     168,     243,      19,       1,       3,       1,     10.0000,      1.3993,     42.5855,    248.2961,     62.4868,      3.4953,      0.1363,      0.1025,     63.8108,      0.2070,      5.5763,     11.1526,      1.8289,     28.6016,     57.2032,      0.0192,      0.0046,      0.1692,      0.2035,   7751.0688,-508230.5625,   -946.7742,    544.4352,  25836.8965,
       1,     168,     243,      20,       1,       3,       1,     10.0000,      1.3993,     42.5855,    248.2961,     62.4868,      3.4953,      0.0151,     -0.0178,      0.0158,      0.1804,      5.5763,     11.1526,      1.5938,     28.6016,     57.2032,      0.0192,      0.0055,      0.0000,      0.2035,   7751.0693,-505576.3125,   -946.4584,    544.6160,  25836.8945,
       1,     168,     243,      21,       1,       3,       1,     10.0000,      1.3993,     42.5855,    248.2961,     62.4868,      3.4953,      0.0000,     -0.0324,      6.6951,      0.1645,      5.5763,     11.1526,      1.4540,     28.6016,     57.2032,      0.0192,      0.0053,      0.0156,      0.2036,   7751.0688,-425691.9688,   -930.7408,    550.0543,  25836.8965,
       1,     168,     243,      22,       1,       3,       1,     10.0000,      1.3993,     42.5855,    248.2961,     62.4868,      3.4953,      0.0000,     -0.0322,      5.3557,      0.1578,      5.5763,     11.1526,      1.3941,     28.6016,     57.2032,      0.0192,      0.0042,      0.0156,      0.2036,   7751.0693,-427270.6875,   -931.0021,    549.9729,  25836.8965,
       1,     168,     243,      23,       1,       3,       1,     10.0000,      1.3993,     42.5855,    248.2961,     62.4868,      3.4953,      0.0000,     -0.0320,      5.4973,      0.1509,      5.5763,     11.1526,      1.3338,     28.6016,     57.2032,      0.0192,      0.0043,      0.0156,      0.2036,   7751.0693,-425701.8125,   -930.6470,    550.0808,  25836.8965,
       1,     168,     243,      24,       1,       3,       1,     10.0000,      1.3993,     42.5855,    248.2961,     62.4868,      3.4953,      0.0000,     -0.0318,      5.5692,      0.1476,      5.5763,     11.1526,      1.3046,     28.6016,     57.2032,      0.0192,      0.0044,      0.0156,      0.2036,   7751.0693,-425743.7812,   -930.6154,    550.0779,  25836.8965,
       1,     168,     244,       1,       1,       3,       1,     10.0000,      1.3993,     42.5859,    248.3020,     62.4883,      3.4953,      0.0000,     -0.0318,      4.5232,      0.1459,      5.5766,     11.1532,      1.2889,     28.6077,     57.2154,      0.0192,      0.0036,      0.0156,      0.2037,   7751.0693,-425991.6250,   -930.9066,    550.0738,  25838.0508,
       1,     168,     244,       2,       1,       3,       1,     10.0000,      1.3993,     42.5859,    248.3020,     62.4883,      3.4953,      0.0000,     -0.0317,      3.0780,      0.1450,      5.5766,     11.1532,      1.2811,     28.6077,     57.2154,      0.0192,      0.0024,      0.0156,      0.2037,   7751.4155,-424556.2188,   -930.3061,    550.1724,  25838.0547,
       1,     168,     244,       3,       1,       3,       1,     10.0000,      1.3993,     42.5859,    248.3020,     62.4883,      3.4953,      0.0000,     -0.0317,      2.2220,      0.1441,      5.5766,     11.1532,      1.2734,     28.6077,     57.2154,      0.0192,      0.0017,      0.0156,      0.2037,   7751.4165,-422630.6875,   -929.9052,    550.3049,  25838.0508,
       1,     168,     244,       4,       1,       3,       1,     10.0000,      1.3993,     42.5859,    248.3020,     62.4883,      3.4953,      0.0000,     -0.0316,      1.3867,      0.1417,      5.5766,     11.1532,      1.2517,     28.6077,     57.2154,      0.0192,      0.0011,      0.0156,      0.2037,   7751.4155,-421398.5312,   -929.6486,    550.3897,  25838.0508,
       1,     168,     244,       5,       1,       3,       1,     10.0000,      1.3993,     42.5859,    248.3020,     62.4883,      3.4953,      0.0000,     -0.0316,      0.9931,      0.1407,      5.5766,     11.1532,      1.2429,     28.6077,     57.2154,      0.0192,      0.0008,      0.0156,      0.2037,   7751.4155,-420251.1875,   -929.4186,    550.4686,  25838.0527,
       1,     168,     244,       6,       1,       3,       1,     10.0000,      1.3993,     42.5859,    248.3020,     62.4883,      3.4953,      0.0000,     -0.0315,      0.7856,      0.1395,      5.5766,     11.1532,      1.2329,     28.6077,     57.2154,      0.0192,      0.0006,      0.0156,      0.2037,   7751.4160,-419661.8125,   -929.2991,    550.5092,  25838.0508,
       1,     168,     244,       7,       1,       3,       1,     10.0000,      1.3993,     42.5859,    248.3020,     62.4883,      3.4953,      0.0000,     -0.0315,      0.7013,      0.1377,      5.5766,     11.1532,      1.2168,     28.6077,     57.2154,      0.0192,      0.0006,      0.0156,      0.2037,   7751.4155,-419352.6562,   -929.2360,    550.5304,  25838.0508,
       1,     168,     244,       8,       1,       3,       1,     10.0000,      1.3993,     42.5859,    248.3020,     62.4883,      3.4953,      0.0058,     -0.0256,      0.6037,      0.1360,      5.5766,     11.1532,      1.2021,     28.6077,     57.2154,      0.0192,      0.0005,      0.0156,      0.2037,   7751.4155,-419221.0938,   -929.2080,    550.5395,  25838.0508,
       1,     168,     244,       9,       1,       3,       1,     10.0000,      1.3993,     42.5859,    248.3020,     62.4883,      3.4953,      0.0819,      0.0502,      3.0153,      0.1444,      5.5766,     11.1532,      1.2760,     28.6077,     57.2154,      0.0192,      0.0004,      0.0978,      0.2037,   7751.4155,-419088.1250,   -929.1782,    550.5487,  25838.0508,
       1,     168,     244,      10,       1,       3,       1,     10.0000,      1.3993,     42.5859,    248.3020,     62.4883,      3.4953,      0.1338,      0.1017,      5.0173,      0.1567,      5.5766,     11.1532,      1.3844,     28.6077,     57.2154,      0.0192,      0.0004,      0.1727,      0.2037,   7751.4155,-422083.5625,   -929.7344,    550.3425,  25838.0488,
       1,     168,     244,      11,       1,       3,       1,     10.0000,      1.3993,     42.5859,    248.3020,     62.4883,      3.4953,      0.1619,      0.1294,      6.5297,      0.1674,      5.5766,     11.1532,      1.4790,     28.6077,     57.2154,      0.0192,      0.0004,      0.2132,      0.2037,   7751.4150,-424837.5625,   -930.2242,    550.1531,  25838.0488,
       1,     168,     244,      12,       1,       3,       1,     10.0000,      1.3993,     42.5859,    248.3020,     62.4883,      3.4953,      0.1565,      0.1237,      8.5509,      0.1744,      5.5766,     11.1532,      1.5408,     28.6077,     57.2154,      0.0192,      0.0005,      0.2051,      0.2037,   7751.4150,-426959.7188,   -930.5801,    550.0072,  25838.0527,
       1,     168,     244,      13,       1,       3,       1,     10.0000,      1.3993,     42.5859,    248.3020,     62.4883,      3.4953,      0.1881,      0.1544,     21.9286,      0.2064,      5.5766,     11.1532,      1.8235,     28.6077,     57.2154,      0.0192,      0.0011,      0.2500,      0.2037,   7751.4160,-429661.5938,   -931.0540,    549.8214,  25838.0527,
       1,     168,     244,      14,       1,       3,       1,     10.0000,      1.3993,     42.5859,    248.3020,     62.4883,      3.4953,      0.1860,      0.1523,     23.8006,      0.2035,      5.5766,     11.1532,      1.7985,     28.6077,     57.2154,      0.0192,      0.0012,      0.2466,      0.2037,   7751.4160,-446576.4688,   -934.2518,    548.6590,  25838.0508,
       1,     168,     244,      15,       1,       3,       1,     10.0000,      1.3993,     42.5859,    248.3020,     62.4883,      3.4953,      0.1261,      0.0933,     20.2936,      0.1735,      5.5766,     11.1532,      1.5331,     28.6077,     57.2154,      0.0192,      0.0016,      0.1595,      0.2036,   7751.4155,-450365.1250,   -934.9484,    548.4004,  25838.0508,
       1,     168,     244,      16,       1,       3,       1,     10.0000,      1.3993,     42.5859,    248.3020,     62.4883,      3.4953,      0.1855,      0.1528,     37.0983,      0.1713,      5.5766,     11.1532,      1.5134,     28.6077,     57.2154,      0.0192,      0.0019,      0.2440,      0.2036,   7751.4155,-446313.5000,   -934.1664,    548.6781,  25838.0508,
       1,     168,     244,      17,       1,       3,       1,     10.0000,      1.3993,     42.5859,    248.3020,     62.4883,      3.4953,      0.1893,      0.1563,     43.3857,      0.1833,      5.5766,     11.1532,      1.6194,     28.6077,     57.2154,      0.0192,      0.0021,      0.2490,      0.2036,   7751.4155,-466928.4375,   -938.2459,    547.2643,  25838.0508,
       1,     168,     244,      18,       1,       3,       1,     10.0000,      1.3993,     42.5859,    248.3020,     62.4883,      3.4953,      0.1136,      0.0805,     44.6051,      0.1864,      5.5766,     11.1532,      1.6469,     28.6077,     57.2154,      0.0192,      0.0040,      0.1384,      0.2036,   7751.4155,-476544.1562,   -940.1725,    546.6083,  25838.0527,
       1,     168,     244,      19,       1,       3,       1,     10.0000,      1.3993,     42.5859,    248.3020,     62.4883,      3.4953,      0.0329,      0.0006,      7.8661,      0.1590,      5.5766,     11.1532,      1.4054,     28.6077,     57.2154,      0.0192,      0.0037,      0.0258,      0.2036,   7751.4160,-478887.3438,   -940.7335,    546.4486,  25838.0508,
       1,     168,     244,      20,       1,       3,       1,     10.0000,      1.3993,     42.5859,    248.3020,     62.4883,      3.4953,      0.0072,     -0.0248,      2.7887,      0.1500,      5.5766,     11.1532,      1.3258,     28.6077,     57.2154,      0.0192,      0.0022,      0.0156,      0.2036,   7751.4155,-433237.9062,   -932.2455,    549.5668,  25838.0508,
       1,     168,     244,      21,       1,       3,       1,     10.0000,      1.3993,     42.5859,    248.3020,     62.4883,      3.4953,      0.0000,     -0.0318,      2.6204,      0.1479,      5.5766,     11.1532,      1.3072,     28.6077,     57.2154,      0.0192,      0.0021,      0.0156,      0.2037,   7751.4155,-423025.0938,   -930.2033,    550.2773,  25838.0488,
       1,     168,     244,      22,       1,       3,       1,     10.0000,      1.3993,     42.5859,    248.3020,     62.4883,      3.4953,      0.0000,     -0.0319,      3.7910,      0.1481,      5.5766,     11.1532,      1.3086,     28.6077,     57.2154,      0.0192,      0.0030,      0.0156,      0.2037,   7751.4150,-421930.0000,   -929.9640,    550.3531,  25838.0508,
       1,     168,     244,      23,       1,       3,       1,     10.0000,      1.3993,     42.5859,    248.3020,     62.4883,      3.4953,      0.0000,     -0.0317,      3.5961,      0.1438,      5.5766,     11.1532,      1.2708,     28.6077,     57.2154,      0.0192,      0.0028,      0.0156,      0.2037,   7751.4155,-423294.8125,   -930.2032,    550.2593,  25838.0488,
       1,     168,     244,      24,       1,       3,       1,     10.0000,      1.3993,     42.5859,    248.3020,     62.4883,      3.4953,      0.0000,     -0.0316,      1.0919,      0.1422,      5.5766,     11.1532,      1.2568,     28.6077,     57.2154,      0.0192,      0.0009,      0.0156,      0.2037,   7751.4150,-423169.1250,   -930.1510,    550.2678,  25838.0508,
       1,     168,     245,       1,       1,       3,       1,     10.0000,      1.3994,     42.5862,    248.3078,     62.4897,      3.4953,      0.0000,     -0.0315,      0.7048,      0.1391,      5.5771,     11.1541,      1.2292,     28.6070,     57.2139,      0.0192,      0.0006,      0.0156,      0.2037,   7751.4155,-420191.1875,   -929.8425,    550.4858,  25839.2090,
       1,     168,     245,       2,       1,       3,       1,     10.0000,      1.3994,     42.5862,    248.3078,     62.4897,      3.4953,      0.0000,     -0.0315,      0.6694,      0.1385,      5.5771,     11.1541,      1.2242,     28.6070,     57.2139,      0.0192,      0.0005,      0.0156,      0.2037,   7751.7632,-419300.2188,   -929.3793,    550.5471,  25839.2070,
       1,     168,     245,       3,       1,       3,       1,     10.0000,      1.3994,     42.5862,    248.3078,     62.4897,      3.4953,      0.0000,     -0.0316,      0.7315,      0.1400,      5.5771,     11.1541,      1.2367,     28.6070,     57.2139,      0.0192,      0.0006,      0.0156,      0.2037,   7751.7622,-419179.9062,   -929.3539,    550.5554,  25839.2070,
       1,     168,     245,       4,       1,       3,       1,     10.0000,      1.3994,     42.5862,    248.3078,     62.4897,      3.4953,      0.0000,     -0.0315,      0.4673,      0.1373,      5.5771,     11.1541,      1.2131,     28.6070,     57.2139,      0.0192,      0.0004,      0.0156,      0.2037,   7751.7622,-419246.7812,   -929.3648,    550.5508,  25839.2070,
       1,     168,     245,       5,       1,       3,       1,     10.0000,      1.3994,     42.5862,    248.3078,     62.4897,      3.4953,      0.0000,     -0.0313,      0.3591,      0.1322,      5.5771,     11.1541,      1.1684,     28.6070,     57.2139,      0.0192,      0.0003,      0.0156,      0.2037,   7751.7622,-418923.2812,   -929.3007,    550.5731,  25839.2090,
       1,     168,     245,       6,       1,       3,       1,     10.0000,      1.3994,     42.5862,    248.3078,     62.4897,      3.4953,      0.0000,     -0.0312,      0.4018,      0.1309,      5.5771,     11.1541,      1.1566,     28.6070,     57.2139,      0.0192,      0.0003,      0.0156,      0.2037,   7751.7632,-418760.4062,   -929.2686,    550.5842,  25839.2090,
       1,     168,     245,       7,       1,       3,       1,     10.0000,      1.3994,     42.5862,    248.3078,     62.4897,      3.4953,      0.0000,     -0.0312,      0.4424,      0.1313,      5.5771,     11.1541,      1.1602,     28.6070,     57.2139,      0.0192,      0.0003,      0.0156,      0.2037,   7751.7632,-418799.6875,   -929.2770,    550.5815,  25839.2109,
       1,     168,     245,       8,       1,       3,       1,     10.0000,      1.3994,     42.5862,    248.3078,     62.4897,      3.4953,      0.0093,     -0.0219,      0.4641,      0.1312,      5.5771,     11.1541,      1.1590,     28.6070,     57.2139,      0.0192,      0.0004,      0.0156,      0.2037,   7751.7637,-418853.5625,   -929.2874,    550.5778,  25839.2090,
       1,     168,     245,       9,       1,       3,       1,     10.0000,      1.3994,     42.5862,    248.3078,     62.4897,      3.4953,      0.0381,      0.0067,      1.1615,      0.1371,      5.5771,     11.1541,      1.2119,     28.6070,     57.2139,      0.0192,      0.0004,      0.0350,      0.2037,   7751.7632,-418885.4375,   -929.2892,    550.5756,  25839.2109,
       1,     168,     245,      10,       1,       3,       1,     10.0000,      1.3994,     42.5862,    248.3078,     62.4897,      3.4953,      0.0544,      0.0230,      2.6234,      0.1370,      5.5771,     11.1541,      1.2107,     28.6070,     57.2139,      0.0192,      0.0006,      0.0584,      0.2037,   7751.7637,-419757.4375,   -929.4498,    550.5157,  25839.2090,
       1,     168,     245,      11,       1,       3,       1,     10.0000,      1.3994,     42.5862,    248.3078,     62.4897,      3.4953,      0.1394,      0.1077,     10.7263,      0.1456,      5.5771,     11.1541,      1.2864,     28.6070,     57.2139,      0.0192,      0.0007,      0.1802,      0.2037,   7751.7632,-421654.9688,   -930.3707,    550.3851,  25839.2090,
       1,     168,     245,      12,       1,       3,       1,     10.0000,      1.3994,     42.5862,    248.3078,     62.4897,      3.4953,      0.1878,      0.1547,     16.0430,      0.1869,      5.5771,     11.1541,      1.6519,     28.6070,     57.2139,      0.0192,      0.0008,      0.2500,      0.2037,   7751.7632,-431920.2188,   -932.3737,    549.6788,  25839.2090,
       1,     168,     245,      13,       1,       3,       1,     10.0000,      1.3994,     42.5862,    248.3078,     62.4897,      3.4953,      0.1876,      0.1535,     15.8032,      0.2187,      5.5771,     11.1541,      1.9325,     28.6070,     57.2139,      0.0192,      0.0008,      0.2500,      0.2037,   7751.7632,-439431.9062,   -933.7335,    549.1631,  25839.2090,
       1,     168,     245,      14,       1,       3,       1,     10.0000,      1.3994,     42.5862,    248.3078,     62.4897,      3.4953,      0.1880,      0.1546,     18.7360,      0.1958,      5.5771,     11.1541,      1.7306,     28.6070,     57.2139,      0.0192,      0.0009,      0.2500,      0.2037,   7751.7632,-439776.7500,   -933.6453,    549.1397,  25839.2070,
       1,     168,     245,      15,       1,       3,       1,     10.0000,      1.3994,     42.5862,    248.3078,     62.4897,      3.4953,      0.1878,      0.1539,     17.2822,      0.2111,      5.5771,     11.1541,      1.8654,     28.6070,     57.2139,      0.0192,      0.0008,      0.2500,      0.2037,   7751.7622,-443463.6875,   -934.2839,    548.8866,  25839.2090,
       1,     168,     245,      16,       1,       3,       1,     10.0000,      1.3994,     42.5862,    248.3078,     62.4897,      3.4953,      0.1773,      0.1435,     18.9490,      0.2105,      5.5771,     11.1541,      1.8599,     28.6070,     57.2139,      0.0192,      0.0010,      0.2345,      0.2037,   7751.7632,-441966.5000,   -933.8410,    548.9894,  25839.2109,
       1,     168,     245,      17,       1,       3,       1,     10.0000,      1.3994,     42.5862,    248.3078,     62.4897,      3.4953,      0.1713,      0.1377,     61.6748,      0.2015,      5.5771,     11.1541,      1.7809,     28.6070,     57.2139,      0.0192,      0.0034,      0.2207,      0.2037,   7751.7637,-443916.6562,   -934.1707,    548.8556,  25839.2090,
       1,     168,     245,      18,       1,       3,       1,     10.0000,      1.3994,     42.5862,    248.3078,     62.4897,      3.4953,      0.1493,      0.1160,     82.5572,      0.1932,      5.5771,     11.1541,      1.7068,     28.6070,     57.2139,      0.0192,      0.0054,      0.1862,      0.2037,   7751.7632,-497370.8438,   -944.8909,    545.1884,  25839.2090,
       1,     168,     245,      19,       1,       3,       1,     10.0000,      1.3994,     42.5862,    248.3078,     62.4897,      3.4953,      0.0912,      0.0586,     33.3920,      0.1684,      5.5771,     11.1541,      1.4879,     28.6070,     57.2139,      0.0192,      0.0038,      0.1073,      0.2036,   7751.7632,-528048.0625,   -951.2204,    543.1099,  25839.2070,
       1,     168,     245,      20,       1,       3,       1,     10.0000,      1.3994,     42.5862,    248.3078,     62.4897,      3.4953,      0.0234,     -0.0090,      4.3841,      0.1623,      5.5771,     11.1541,      1.4339,     28.6070,     57.2139,      0.0192,      0.0044,      0.0123,      0.2036,   7751.7622,-469268.9062,   -939.6430,    547.1044,  25839.2070,
       1,     168,     245,      21,       1,       3,       1,     10.0000,      1.3994,     42.5862,    248.3078,     62.4897,      3.4953,      0.0000,     -0.0321,      5.4476,      0.1539,      5.5771,     11.1541,      1.3596,     28.6070,     57.2139,      0.0192,      0.0043,      0.0156,      0.2036,   7751.7622,-428096.5312,   -931.3949,    549.9348,  25839.2070,
       1,     168,     245,      22,       1,       3,       1,     10.0000,      1.3994,     42.5862,    248.3078,     62.4897,      3.4953,      0.0000,     -0.0319,      5.2894,      0.1497,      5.5771,     11.1541,      1.3232,     28.6070,     57.2139,      0.0192,      0.0042,      0.0156,      0.2037,   7751.7622,-425900.8438,   -930.9111,    550.0930,  25839.2070,
       1,     168,     245,      23,       1,       3,       1,     10.0000,      1.3994,     42.5862,    248.3078,     62.4897,      3.4953,      0.0000,     -0.0317,      4.4810,      0.1427,      5.5771,     11.1541,      1.2606,     28.6070,     57.2139,      0.0192,      0.0035,      0.0156,      0.2037,   7751.7622,-425506.1875,   -930.7894,    550.1202,  25839.2070,
       1,     168,     245,      24,       1,       3,       1,     10.0000,      1.3994,     42.5862,    248.3078,     62.4897,      3.4953,      0.0000,     -0.0317,      2.6243,      0.1428,      5.5771,     11.1541,      1.2619,     28.6070,     57.2139,      0.0192,      0.0021,      0.0156,      0.2037,   7751.7622,-424464.3750,   -930.5540,    550.1918,  25839.2070,
       1,     168,     246,       1,       1,       3,       1,     10.0000,      1.3994,     42.5865,    248.3136,     62.4912,      3.4953,      0.0000,     -0.0316,      2.7558,      0.1404,      5.5771,     11.1541,      1.2405,     28.6071,     57.2141,      0.0192,      0.0022,      0.0156,      0.2037,   7751.7622,-422215.2188,   -930.3740,    550.3594,  25840.3633,
       1,     168,     246,       2,       1,       3,       1,     10.0000,      1.3994,     42.5865,    248.3136,     62.4912,      3.4953,      0.0000,     -0.0316,      1.8801,      0.1405,      5.5771,     11.1541,      1.2417,     28.6071,     57.2141,      0.0192,      0.0015,      0.0156,      0.2037,   7752.1094,-422033.7812,   -930.0326,    550.3719,  25840.3613,
       1,     168,     246,       3,       1,       3,       1,     10.0000,      1.3994,     42.5865,    248.3136,     62.4912,      3.4953,      0.0000,     -0.0315,      1.3753,      0.1383,      5.5771,     11.1541,      1.2218,     28.6071,     57.2141,      0.0192,      0.0011,      0.0156,      0.2037,   7752.1089,-420926.6250,   -929.7991,    550.4481,  25840.3633,
       1,     168,     246,       4,       1,       3,       1,     10.0000,      1.3994,     42.5865,    248.3136,     62.4912,      3.4953,      0.0000,     -0.0314,      0.8749,      0.1351,      5.5771,     11.1541,      1.1936,     28.6071,     57.2141,      0.0192,      0.0007,      0.0156,      0.2037,   7752.1094,-420202.1875,   -929.6440,    550.4980,  25840.3633,
       1,     168,     246,       5,       1,       3,       1,     10.0000,      1.3994,     42.5865,    248.3136,     62.4912,      3.4953,      0.0000,     -0.0313,      0.7047,      0.1322,      5.5771,     11.1541,      1.1685,     28.6071,     57.2141,      0.0192,      0.0006,      0.0156,      0.2037,   7752.1094,-419516.2188,   -929.5025,    550.5452,  25840.3633,
       1,     168,     246,       6,       1,       3,       1,     10.0000,      1.3994,     42.5865,    248.3136,     62.4912,      3.4953,      0.0000,     -0.0312,      0.4583,      0.1309,      5.5771,     11.1541,      1.1567,     28.6071,     57.2141,      0.0192,      0.0004,      0.0156,      0.2037,   7752.1094,-419245.2188,   -929.4454,    550.5638,  25840.3633,
       1,     168,     246,       7,       1,       3,       1,     10.0000,      1.3994,     42.5865,    248.3136,     62.4912,      3.4953,      0.0000,     -0.0312,      0.6074,      0.1308,      5.5771,     11.1541,      1.1555,     28.6071,     57.2141,      0.0192,      0.0005,      0.0156,      0.2037,   7752.1094,-418914.8125,   -929.3792,    550.5865,  25840.3633,
       1,     168,     246,       8,       1,       3,       1,     10.0000,      1.3994,     42.5865,    248.3136,     62.4912,      3.4953,      0.0138,     -0.0175,      0.0105,      0.1322,      5.5771,     11.1541,      1.1685,     28.6071,     57.2141,      0.0192,      0.0004,      0.0003,      0.2037,   7752.1094,-419072.3750,   -929.4086,    550.5757,  25840.3633,
       1,     168,     246,       9,       1,       3,       1,     10.0000,      1.3994,     42.5865,    248.3136,     62.4912,      3.4953,      0.1358,      0.1037,      5.1239,      0.1539,      5.5771,     11.1541,      1.3596,     28.6071,     57.2141,      0.0192,      0.0004,      0.1755,      0.2037,   7752.1094,-418341.7500,   -929.2545,    550.6260,  25840.3633,
       1,     168,     246,      10,       1,       3,       1,     10.0000,      1.3994,     42.5865,    248.3136,     62.4912,      3.4953,      0.1739,      0.1412,      6.4023,      0.1735,      5.5771,     11.1541,      1.5332,     28.6071,     57.2141,      0.0192,      0.0003,      0.2307,      0.2037,   7752.1094,-424653.3125,   -930.4744,    550.1916,  25840.3613,
       1,     168,     246,      11,       1,       3,       1,     10.0000,      1.3994,     42.5865,    248.3136,     62.4912,      3.4953,      0.1871,      0.1538,      7.8658,      0.1935,      5.5771,     11.1541,      1.7102,     28.6071,     57.2141,      0.0192,      0.0004,      0.2500,      0.2037,   7752.1089,-426789.1562,   -930.8085,    550.0449,  25840.3613,
       1,     168,     246,      12,       1,       3,       1,     10.0000,      1.3994,     42.5865,    248.3136,     62.4912,      3.4953,      0.1871,      0.1528,     10.0144,      0.2275,      5.5771,     11.1541,      2.0099,     28.6071,     57.2141,      0.0192,      0.0005,      0.2500,      0.2037,   7752.1089,-428796.7812,   -931.0569,    549.9069,  25840.3613,
       1,     168,     246,      13,       1,       3,       1,     10.0000,      1.3994,     42.5865,    248.3136,     62.4912,      3.4953,      0.1870,      0.1524,     10.7629,      0.2414,      5.5771,     11.1541,      2.1333,     28.6071,     57.2141,      0.0192,      0.0005,      0.2500,      0.2037,   7752.1089,-431647.7812,   -931.3110,    549.7109,  25840.3633,
       1,     168,     246,      14,       1,       3,       1,     10.0000,      1.3994,     42.5865,    248.3136,     62.4912,      3.4953,      0.1891,      0.1540,     37.9409,      0.2574,      5.5771,     11.1541,      2.2748,     28.6071,     57.2141,      0.0192,      0.0019,      0.2500,      0.2037,   7752.1094,-432825.2500,   -931.2881,    549.6300,  25840.3652,
       1,     168,     246,      15,       1,       3,       1,     10.0000,      1.3994,     42.5865,    248.3136,     62.4912,      3.4953,      0.1911,      0.1561,     63.3291,      0.2520,      5.5771,     11.1541,      2.2267,     28.6071,     57.2141,      0.0192,      0.0031,      0.2500,      0.2037,   7752.1099,-466812.3438,   -937.9676,    547.2949,  25840.3633,
       1,     168,     246,      16,       1,       3,       1,     10.0000,      1.3994,     42.5865,    248.3136,     62.4912,      3.4953,      0.1651,      0.1308,     70.6484,      0.2255,      5.5771,     11.1541,      1.9922,     28.6071,     57.2141,      0.0192,      0.0041,      0.2107,      0.2037,   7752.1094,-501409.2188,   -944.9338,    544.9330,  25840.3613,
       1,     168,     246,      17,       1,       3,       1,     10.0000,      1.3994,     42.5865,    248.3136,     62.4912,      3.4953,      0.0255,     -0.0057,      5.5014,      0.1296,      5.5771,     11.1541,      1.1450,     28.6071,     57.2141,      0.0192,      0.0041,      0.0166,      0.2036,   7752.1089,-513512.9062,   -947.5687,    544.1137,  25840.3652,
       1,     168,     246,      18,       1,       3,       1,     10.0000,      1.3994,     42.5865,    248.3136,     62.4912,      3.4953,      0.0163,     -0.0147,      1.7898,      0.1253,      5.5771,     11.1541,      1.1071,     28.6071,     57.2141,      0.0192,      0.0054,      0.0041,      0.2036,   7752.1099,-433215.0000,   -931.4780,    549.5757,  25840.3633,
       1,     168,     246,      19,       1,       3,       1,     10.0000,      1.3994,     42.5865,    248.3136,     62.4912,      3.4953,      0.0069,     -0.0240,      7.0954,      0.1240,      5.5771,     11.1541,      1.0959,     28.6071,     57.2141,      0.0192,      0.0056,      0.0156,      0.2037,   7752.1094,-421805.8125,   -931.3651,    550.3870,  25840.3633,
       1,     168,     246,      20,       1,       3,       1,     10.0000,      1.3994,     42.5865,    248.3136,     62.4912,      3.4953,      0.0040,     -0.0269,      6.4828,      0.1239,      5.5771,     11.1541,      1.0948,     28.6071,     57.2141,      0.0192,      0.0051,      0.0156,      0.2037,   7752.1094,-427409.2500,   -932.9924,    550.0021,  25840.3633,
       1,     168,     246,      21,       1,       3,       1,     10.0000,      1.3994,     42.5865,    248.3136,     62.4912,      3.4953,      0.0000,     -0.0309,      5.5262,      0.1224,      5.5771,     11.1541,      1.0815,     28.6071,     57.2141,      0.0192,      0.0043,      0.0156,      0.2037,   7752.1094,-427125.7500,   -932.8906,    550.0217,  25840.3633,
       1,     168,     246,      22,       1,       3,       1,     10.0000,      1.3994,     42.5865,    248.3136,     62.4912,      3.4953,      0.0000,     -0.0309,      1.3796,      0.1226,      5.5771,     11.1541,      1.0837,     28.6071,     57.2141,      0.0192,      0.0011,      0.0156,      0.2037,   7752.1094,-425908.6875,   -932.6179,    550.1054,  25840.3633,
       1,     168,     246,      23,       1,       3,       1,     10.0000,      1.3994,     42.5865,    248.3136,     62.4912,      3.4953,      0.0000,     -0.0310,      0.5746,      0.1250,      5.5771,     11.1541,      1.1049,     28.6071,     57.2141,      0.0192,      0.0005,      0.0156,      0.2037,   7752.1094,-420634.6562,   -931.5586,    550.4681,  25840.3652,
       1,     168,     246,      24,       1,       3,       1,     10.0000,      1.3994,     42.5865,    248.3136,     62.4912,      3.4953,      0.0000,     -0.0310,      0.3955,      0.1258,      5.5771,     11.1541,      1.1117,     28.6071,     57.2141,      0.0192,      0.0003,      0.0156,      0.2037,   7752.1099,-419178.9375,   -931.2666,    550.5684,  25840.3652,
       1,     168,     247,       1,       1,       3,       1,     10.0000,      1.3994,     42.5869,    248.3195,     62.4927,      3.4953,      0.0000,     -0.0310,      0.2993,      0.1257,      5.5775,     11.1550,      1.1106,     28.6043,     57.2085,      0.0192,      0.0002,      0.0156,      0.2037,   7752.1099,-418985.8438,   -931.5172,    550.5946,  25841.5195,
       1,     168,     247,       2,       1,       3,       1,     10.0000,      1.3994,     42.5869,    248.3195,     62.4927,      3.4953,      0.0000,     -0.0309,      0.2924,      0.1231,      5.5775,     11.1550,      1.0882,     28.6043,     57.2085,      0.0192,      0.0002,      0.0156,      0.2037,   7752.4561,-418697.0938,   -931.1741,    550.6145,  25841.5156,
       1,     168,     247,       3,       1,       3,       1,     10.0000,      1.3994,     42.5869,    248.3195,     62.4927,      3.4953,      0.0000,     -0.0309,      0.2927,      0.1233,      5.5775,     11.1550,      1.0893,     28.6043,     57.2085,      0.0192,      0.0002,      0.0156,      0.2037,   7752.4551,-418664.0625,   -931.1694,    550.6168,  25841.5176,
       1,     168,     247,       4,       1,       3,       1,     10.0000,      1.3994,     42.5869,    248.3195,     62.4927,      3.4953,      0.0000,     -0.0309,      0.2948,      0.1240,      5.5775,     11.1550,      1.0960,     28.6043,     57.2085,      0.0192,      0.0002,      0.0156,      0.2037,   7752.4556,-418661.5312,   -931.1694,    550.6169,  25841.5156,
       1,     168,     247,       5,       1,       3,       1,     10.0000,      1.3994,     42.5869,    248.3195,     62.4927,      3.4953,      0.0000,     -0.0311,      0.3060,      0.1281,      5.5775,     11.1550,      1.1323,     28.6043,     57.2085,      0.0192,      0.0002,      0.0156,      0.2037,   7752.4551,-418663.9688,   -931.1713,    550.6167,  25841.5176,
       1,     168,     247,       6,       1,       3,       1,     10.0000,      1.3994,     42.5869,    248.3195,     62.4927,      3.4953,      0.0000,     -0.0311,      0.3060,      0.1281,      5.5775,     11.1550,      1.1323,     28.6043,     57.2085,      0.0192,      0.0002,      0.0156,      0.2037,   7752.4556,-418678.0938,   -931.1747,    550.6158,  25841.5195,
       1,     168,     247,       7,       1,       3,       1,     10.0000,      1.3994,     42.5869,    248.3195,     62.4927,      3.4953,      0.0000,     -0.0312,      0.3110,      0.1300,      5.5775,     11.1550,      1.1485,     28.6043,     57.2085,      0.0192,      0.0002,      0.0156,      0.2037,   7752.4561,-418678.9375,   -931.1754,    550.6157,  25841.5195,
       1,     168,     247,       8,       1,       3,       1,     10.0000,      1.3994,     42.5869,    248.3195,     62.4927,      3.4953,      0.0102,     -0.0210,      0.3175,      0.1324,      5.5775,     11.1550,      1.1697,     28.6043,     57.2085,      0.0192,      0.0002,      0.0156,      0.2037,   7752.4561,-418685.3750,   -931.1776,    550.6153,  25841.5176,
       1,     168,     247,       9,       1,       3,       1,     10.0000,      1.3994,     42.5869,    248.3195,     62.4927,      3.4953,      0.0505,      0.0191,      1.1103,      0.1359,      5.5775,     11.1550,      1.2009,     28.6043,     57.2085,      0.0192,      0.0003,      0.0529,      0.2037,   7752.4556,-418694.2812,   -931.1743,    550.6147,  25841.5195,
       1,     168,     247,      10,       1,       3,       1,     10.0000,      1.3994,     42.5869,    248.3195,     62.4927,      3.4953,      0.1670,      0.1351,      5.0951,      0.1478,      5.5775,     11.1550,      1.3060,     28.6043,     57.2085,      0.0192,      0.0003,      0.2206,      0.2037,   7752.4561,-419682.9375,   -931.3474,    550.5467,  25841.5156,
       1,     168,     247,      11,       1,       3,       1,     10.0000,      1.3994,     42.5869,    248.3195,     62.4927,      3.4953,      0.1749,      0.1418,      6.9887,      0.1862,      5.5775,     11.1550,      1.6454,     28.6043,     57.2085,      0.0192,      0.0004,      0.2322,      0.2037,   7752.4551,-424734.9375,   -932.1839,    550.1989,  25841.5176,
       1,     168,     247,      12,       1,       3,       1,     10.0000,      1.3994,     42.5869,    248.3195,     62.4927,      3.4953,      0.1871,      0.1533,      8.4971,      0.2070,      5.5775,     11.1550,      1.8291,     28.6043,     57.2085,      0.0192,      0.0004,      0.2500,      0.2037,   7752.4556,-427528.9062,   -932.5766,    550.0070,  25841.5176,
       1,     168,     247,      13,       1,       3,       1,     10.0000,      1.3994,     42.5869,    248.3195,     62.4927,      3.4953,      0.1871,      0.1529,      9.1971,      0.2217,      5.5775,     11.1550,      1.9594,     28.6043,     57.2085,      0.0192,      0.0005,      0.2500,      0.2037,   7752.4556,-429648.7812,   -932.7871,    549.8612,  25841.5176,
       1,     168,     247,      14,       1,       3,       1,     10.0000,      1.3994,     42.5869,    248.3195,     62.4927,      3.4953,      0.1870,      0.1525,      9.8958,      0.2363,      5.5775,     11.1550,      2.0881,     28.6043,     57.2085,      0.0192,      0.0005,      0.2500,      0.2037,   7752.4556,-430703.1250,   -932.7788,    549.7888,  25841.5176,
       1,     168,     247,      15,       1,       3,       1,     10.0000,      1.3994,     42.5869,    248.3195,     62.4927,      3.4953,      0.1870,      0.1520,     10.6806,      0.2525,      5.5775,     11.1550,      2.2311,     28.6043,     57.2085,      0.0192,      0.0005,      0.2500,      0.2037,   7752.4556,-431664.5625,   -932.7656,    549.7227,  25841.5176,
       1,     168,     247,      16,       1,       3,       1,     10.0000,      1.3994,     42.5869,    248.3195,     62.4927,      3.4953,      0.1821,      0.1479,     51.0284,      0.2233,      5.5775,     11.1550,      1.9729,     28.6043,     57.2085,      0.0192,      0.0026,      0.2380,      0.2037,   7752.4556,-432725.5000,   -932.7725,    549.6498,  25841.5176,
       1,     168,     247,      17,       1,       3,       1,     10.0000,      1.3994,     42.5869,    248.3195,     62.4927,      3.4953,      0.0877,      0.0542,     34.1666,      0.1970,      5.5775,     11.1550,      1.7410,     28.6043,     57.2085,      0.0192,      0.0041,      0.1016,      0.2037,   7752.4556,-483117.0938,   -942.9513,    546.1876,  25841.5195,
       1,     168,     247,      18,       1,       3,       1,     10.0000,      1.3994,     42.5869,    248.3195,     62.4927,      3.4953,      0.1141,      0.0807,     56.1081,      0.1984,      5.5775,     11.1550,      1.7531,     28.6043,     57.2085,      0.0192,      0.0050,      0.1378,      0.2037,   7752.4561,-466426.9688,   -939.6810,    547.3380,  25841.5156,
       1,     168,     247,      19,       1,       3,       1,     10.0000,      1.3994,     42.5869,    248.3195,     62.4927,      3.4953,      0.1162,      0.0827,     65.7387,      0.2006,      5.5775,     11.1550,      1.7722,     28.6043,     57.2085,      0.0192,      0.0058,      0.1397,      0.2037,   7752.4551,-492357.8438,   -945.0281,    545.5650,  25841.5156,
       1,     168,     247,      20,       1,       3,       1,     10.0000,      1.3994,     42.5869,    248.3195,     62.4927,      3.4953,      0.0162,     -0.0169,      0.7247,      0.1858,      5.5775,     11.1550,      1.6422,     28.6043,     57.2085,      0.0192,      0.0065,      0.0014,      0.2037,   7752.4551,-506599.9062,   -948.0776,    544.5967,  25841.5156,
       1,     168,     247,      21,       1,       3,       1,     10.0000,      1.3994,     42.5869,    248.3195,     62.4927,      3.4953,      0.0000,     -0.0329,      6.3316,      0.1790,      5.5775,     11.1550,      1.5813,     28.6043,     57.2085,      0.0192,      0.0050,      0.0156,      0.2037,   7752.4551,-426673.2188,   -931.9403,    550.0385,  25841.5156,
       1,     168,     247,      22,       1,       3,       1,     10.0000,      1.3994,     42.5869,    248.3195,     62.4927,      3.4953,      0.0000,     -0.0328,      5.1969,      0.1749,      5.5775,     11.1550,      1.5455,     28.6043,     57.2085,      0.0192,      0.0041,      0.0156,      0.2037,   7752.4551,-426910.0312,   -931.9394,    550.0494,  25841.5156,
       1,     168,     247,      23,       1,       3,       1,     10.0000,      1.3994,     42.5869,    248.3195,     62.4927,      3.4953,      0.0000,     -0.0322,      4.7039,      0.1592,      5.5775,     11.1550,      1.4069,     28.6043,     57.2085,      0.0192,      0.0037,      0.0156,      0.2037,   7752.4551,-425481.9375,   -935.5453,    550.1477,  25841.5137,
       1,     168,     247,      24,       1,       3,       1,     10.0000,      1.3994,     42.5869,    248.3195,     62.4927,      3.4953,      0.0000,     -0.0321,      4.4551,      0.1542,      5.5775,     11.1550,      1.3624,     28.6043,     57.2085,      0.0192,      0.0035,      0.0156,      0.2037,   7752.4546,-424745.2812,   -936.6142,    550.1984,  25841.5156,
       1,     168,     248,       1,       1,       3,       1,     10.0000,      1.3994,     42.5872,    248.3253,     62.4941,      3.4953,      0.0000,     -0.0321,      3.3107,      0.1554,      5.5774,     11.1548,      1.3734,     28.6057,     57.2115,      0.0192,      0.0026,      0.0156,      0.2038,   7752.4551,-424525.9375,   -937.0299,    550.2264,  25842.6680,
       1,     168,     248,       2,       1,       3,       1,     10.0000,      1.3994,     42.5872,    248.3253,     62.4941,      3.4953,      0.0000,     -0.0320,      2.8851,      0.1526,      5.5774,     11.1548,      1.3488,     28.6057,     57.2115,      0.0192,      0.0023,      0.0156,      0.2038,   7752.8008,-422928.6875,   -936.4726,    550.3362,  25842.6660,
       1,     168,     248,       3,       1,       3,       1,     10.0000,      1.3994,     42.5872,    248.3253,     62.4941,      3.4953,      0.0000,     -0.0318,      2.3253,      0.1465,      5.5774,     11.1548,      1.2943,     28.6057,     57.2115,      0.0192,      0.0018,      0.0156,      0.2038,   7752.8003,-422261.5938,   -936.3745,    550.3822,  25842.6680,
       1,     168,     248,       4,       1,       3,       1,     10.0000,      1.3994,     42.5872,    248.3253,     62.4941,      3.4953,      0.0000,     -0.0317,      0.9498,      0.1441,      5.5774,     11.1548,      1.2735,     28.6057,     57.2115,      0.0192,      0.0007,      0.0156,      0.2038,   7752.8008,-421506.3438,   -936.2488,    550.4341,  25842.6699,
       1,     168,     248,       5,       1,       3,       1,     10.0000,      1.3994,     42.5872,    248.3253,     62.4941,      3.4953,      0.0000,     -0.0318,      0.6408,      0.1454,      5.5774,     11.1548,      1.2851,     28.6057,     57.2115,      0.0192,      0.0005,      0.0156,      0.2038,   7752.8013,-419727.1875,   -935.9070,    550.5566,  25842.6699,
       1,     168,     248,       6,       1,       3,       1,     10.0000,      1.3994,     42.5872,    248.3253,     62.4941,      3.4953,      0.0000,     -0.0318,      0.4707,      0.1453,      5.5774,     11.1548,      1.2839,     28.6057,     57.2115,      0.0192,      0.0004,      0.0156,      0.2038,   7752.8013,-419189.4688,   -935.8057,    550.5936,  25842.6699,
       1,     168,     248,       7,       1,       3,       1,     10.0000,      1.3994,     42.5872,    248.3253,     62.4941,      3.4953,      0.0000,     -0.0317,      0.4284,      0.1443,      5.5774,     11.1548,      1.2748,     28.6057,     57.2115,      0.0192,      0.0003,      0.0156,      0.2038,   7752.8013,-418931.2500,   -935.7568,    550.6114,  25842.6680,
       1,     168,     248,       8,       1,       3,       1,     10.0000,      1.3994,     42.5872,    248.3253,     62.4941,      3.4953,      0.0230,     -0.0088,      0.4284,      0.1449,      5.5774,     11.1548,      1.2800,     28.6057,     57.2115,      0.0192,      0.0004,      0.0129,      0.2038,   7752.8008,-418856.5312,   -935.7444,    550.6165,  25842.6699,
       1,     168,     248,       9,       1,       3,       1,     10.0000,      1.3994,     42.5872,    248.3253,     62.4941,      3.4953,      0.1293,      0.0970,      4.9262,      0.1624,      5.5774,     11.1548,      1.4354,     28.6057,     57.2115,      0.0192,      0.0004,      0.1661,      0.2038,   7752.8013,-418850.0000,   -935.7507,    550.6169,  25842.6680,
       1,     168,     248,      10,       1,       3,       1,     10.0000,      1.3994,     42.5872,    248.3253,     62.4941,      3.4953,      0.1628,      0.1297,      8.6347,      0.1868,      5.5774,     11.1548,      1.6504,     28.6057,     57.2115,      0.0192,      0.0005,      0.2144,      0.2038,   7752.8008,-424455.1562,   -936.9041,    550.2311,  25842.6680,
       1,     168,     248,      11,       1,       3,       1,     10.0000,      1.3994,     42.5872,    248.3253,     62.4941,      3.4953,      0.1773,      0.1439,      7.8085,      0.1951,      5.5774,     11.1548,      1.7239,     28.6057,     57.2115,      0.0192,      0.0004,      0.2356,      0.2038,   7752.8008,-429558.5000,   -937.9985,    549.8803,  25842.6699,
       1,     168,     248,      12,       1,       3,       1,     10.0000,      1.3994,     42.5872,    248.3253,     62.4941,      3.4953,      0.1803,      0.1475,      6.8484,      0.1777,      5.5774,     11.1548,      1.5704,     28.6057,     57.2115,      0.0192,      0.0004,      0.2401,      0.2038,   7752.8013,-428966.2188,   -937.9462,    549.9211,  25842.6699,
       1,     168,     248,      13,       1,       3,       1,     10.0000,      1.3994,     42.5872,    248.3253,     62.4941,      3.4953,      0.1871,      0.1537,      7.9832,      0.1961,      5.5774,     11.1548,      1.7324,     28.6057,     57.2115,      0.0192,      0.0004,      0.2500,      0.2038,   7752.8013,-427718.6562,   -937.7461,    550.0069,  25842.6680,
       1,     168,     248,      14,       1,       3,       1,     10.0000,      1.3994,     42.5872,    248.3253,     62.4941,      3.4953,      0.1872,      0.1536,      9.5992,      0.2024,      5.5774,     11.1548,      1.7881,     28.6057,     57.2115,      0.0192,      0.0005,      0.2500,      0.2038,   7752.8008,-429026.3750,   -938.0434,    549.9170,  25842.6680,
       1,     168,     248,      15,       1,       3,       1,     10.0000,      1.3994,     42.5872,    248.3253,     62.4941,      3.4953,      0.1157,      0.0827,     18.5082,      0.1815,      5.5774,     11.1548,      1.6035,     28.6057,     57.2115,      0.0192,      0.0016,      0.1444,      0.2038,   7752.8008,-431152.6562,   -938.4865,    549.7708,  25842.6660,
       1,     168,     248,      16,       1,       3,       1,     10.0000,      1.3994,     42.5872,    248.3253,     62.4941,      3.4953,      0.1549,      0.1216,     50.6481,      0.1920,      5.5774,     11.1548,      1.6968,     28.6057,     57.2115,      0.0192,      0.0031,      0.1980,      0.2038,   7752.8003,-442440.3438,   -940.7839,    548.9951,  25842.6660,
       1,     168,     248,      17,       1,       3,       1,     10.0000,      1.3994,     42.5872,    248.3253,     62.4941,      3.4953,      0.1520,      0.1185,     47.3388,      0.2002,      5.5774,     11.1548,      1.7688,     28.6057,     57.2115,      0.0192,      0.0030,      0.1941,      0.2037,   7752.8003,-483478.3125,   -949.0943,    546.1794,  25842.6680,
       1,     168,     248,      18,       1,       3,       1,     10.0000,      1.3994,     42.5872,    248.3253,     62.4941,      3.4953,      0.1317,      0.0989,     50.4712,      0.1746,      5.5774,     11.1548,      1.5425,     28.6057,     57.2115,      0.0192,      0.0038,      0.1642,      0.2037,   7752.8008,-482883.0625,   -949.1703,    546.2274,  25842.6680,
       1,     168,     248,      19,       1,       3,       1,     10.0000,      1.3994,     42.5872,    248.3253,     62.4941,      3.4953,      0.0891,      0.0565,     27.8571,      0.1699,      5.5774,     11.1548,      1.5015,     28.6057,     57.2115,      0.0192,      0.0033,      0.1049,      0.2037,   7752.8008,-486730.6875,   -948.8277,    545.9646,  25842.6680,
       1,     168,     248,      20,       1,       3,       1,     10.0000,      1.3994,     42.5872,    248.3253,     62.4941,      3.4953,      0.0174,     -0.0151,      0.6700,      0.1644,      5.5774,     11.1548,      1.4527,     28.6057,     57.2115,      0.0192,      0.0021,      0.0039,      0.2037,   7752.8008,-458847.7188,   -943.7004,    547.8676,  25842.6660,
       1,     168,     248,      21,       1,       3,       1,     10.0000,      1.3994,     42.5872,    248.3253,     62.4941,      3.4953,      0.0000,     -0.0323,      2.9014,      0.1607,      5.5774,     11.1548,      1.4197,     28.6057,     57.2115,      0.0192,      0.0023,      0.0156,      0.2037,   7752.8003,-422571.1250,   -936.6978,    550.3552,  25842.6680,
       1,     168,     248,      22,       1,       3,       1,     10.0000,      1.3994,     42.5872,    248.3253,     62.4941,      3.4953,      0.0000,     -0.0322,      4.0982,      0.1594,      5.5774,     11.1548,      1.4083,     28.6057,     57.2115,      0.0192,      0.0032,      0.0156,      0.2038,   7752.8008,-422258.0312,   -936.6984,    550.3824,  25842.6660,
       1,     168,     248,      23,       1,       3,       1,     10.0000,      1.3994,     42.5872,    248.3253,     62.4941,      3.4953,      0.0000,     -0.0323,      2.7455,      0.1603,      5.5774,     11.1548,      1.4168,     28.6057,     57.2115,      0.0192,      0.0022,      0.0156,      0.2038,   7752.8003,-423715.8750,   -937.0744,    550.2822,  25842.6641,
       1,     168,     248,      24,       1,       3,       1,     10.0000,      1.3994,     42.5872,    248.3253,     62.4941,      3.4953,      0.0000,     -0.0322,      2.3576,      0.1570,      5.5774,     11.1548,      1.3873,     28.6057,     57.2115,      0.0192,      0.0019,      0.0156,      0.2038,   7752.7993,-422155.2812,   -936.8242,    550.3895,  25842.6660,
       1,     168,     249,       1,       1,       3,       1,     10.0000,      1.3995,     42.5875,    248.3311,     62.4956,      3.4953,      0.0000,     -0.0322,      1.9985,      0.1568,      5.5777,     11.1554,      1.3859,     28.6083,     57.2166,      0.0192,      0.0016,      0.0156,      0.2038,   7752.8003,-421693.0000,   -937.0567,    550.4343,  25843.8223,
       1,     168,     249,       2,       1,       3,       1,     10.0000,      1.3995,     42.5875,    248.3311,     62.4956,      3.4953,      0.0000,     -0.0321,      1.7067,      0.1551,      5.5777,     11.1554,      1.3707,     28.6083,     57.2166,      0.0192,      0.0013,      0.0156,      0.2038,   7753.1470,-421053.2188,   -936.6812,    550.4783,  25843.8242,
       1,     168,     249,       3,       1,       3,       1,     10.0000,      1.3995,     42.5875,    248.3311,     62.4956,      3.4953,      0.0000,     -0.0322,      1.4410,      0.1579,      5.5777,     11.1554,      1.3957,     28.6083,     57.2166,      0.0192,      0.0011,      0.0156,      0.2038,   7753.1475,-420634.4688,   -936.6259,    550.5071,  25843.8223,
       1,     168,     249,       4,       1,       3,       1,     10.0000,      1.3995,     42.5875,    248.3311,     62.4956,      3.4953,      0.0000,     -0.0321,      1.6726,      0.1553,      5.5777,     11.1554,      1.3721,     28.6083,     57.2166,      0.0192,      0.0013,      0.0156,      0.2038,   7753.1470,-420267.7500,   -936.5779,    550.5323,  25843.8223,
       1,     168,     249,       5,       1,       3,       1,     10.0000,      1.3995,     42.5875,    248.3311,     62.4956,      3.4953,      0.0000,     -0.0317,      1.4199,      0.1449,      5.5777,     11.1554,      1.2800,     28.6083,     57.2166,      0.0192,      0.0011,      0.0156,      0.2038,   7753.1470,-420524.9062,   -933.6361,    550.5147,  25843.8223,
       1,     168,     249,       6,       1,       3,       1,     10.0000,      1.3995,     42.5875,    248.3311,     62.4956,      3.4953,      0.0000,     -0.0312,      0.7026,      0.1296,      5.5777,     11.1554,      1.1450,     28.6083,     57.2166,      0.0192,      0.0006,      0.0156,      0.2038,   7753.1470,-420231.9062,   -910.4875,    550.5349,  25843.8320,
       1,     168,     249,       7,       1,       3,       1,     10.0000,      1.3995,     42.5875,    248.3311,     62.4956,      3.4953,      0.0000,     -0.0310,      0.3760,      0.1242,      5.5777,     11.1554,      1.0971,     28.6083,     57.2166,      0.0192,      0.0003,      0.0156,      0.2038,   7753.1499,-419311.8750,   -910.3848,    550.5981,  25843.8320,
       1,     168,     249,       8,       1,       3,       1,     10.0000,      1.3995,     42.5875,    248.3311,     62.4956,      3.4953,      0.0083,     -0.0225,      0.6729,      0.1199,      5.5777,     11.1554,      1.0597,     28.6083,     57.2166,      0.0192,      0.0005,      0.0156,      0.2038,   7753.1499,-418825.9688,   -910.1095,    550.6316,  25843.8301,
       1,     168,     249,       9,       1,       3,       1,     10.0000,      1.3995,     42.5875,    248.3311,     62.4956,      3.4953,      0.0757,      0.0446,      3.6604,      0.1268,      5.5777,     11.1554,      1.1208,     28.6083,     57.2166,      0.0192,      0.0005,      0.0893,      0.2038,   7753.1494,-419154.3750,   -910.2451,    550.6089,  25843.8320,
       1,     168,     249,      10,       1,       3,       1,     10.0000,      1.3995,     42.5875,    248.3311,     62.4956,      3.4953,      0.1173,      0.0859,      3.1140,      0.1354,      5.5777,     11.1554,      1.1961,     28.6083,     57.2166,      0.0192,      0.0003,      0.1491,      0.2038,   7753.1499,-422905.3438,   -911.2191,    550.3508,  25843.8340,
       1,     168,     249,      11,       1,       3,       1,     10.0000,      1.3995,     42.5875,    248.3311,     62.4956,      3.4953,      0.1338,      0.1023,      3.6600,      0.1370,      5.5777,     11.1554,      1.2108,     28.6083,     57.2166,      0.0192,      0.0003,      0.1728,      0.2038,   7753.1504,-422545.7812,   -911.4868,    550.3756,  25843.8320,
       1,     168,     249,      12,       1,       3,       1,     10.0000,      1.3995,     42.5875,    248.3311,     62.4956,      3.4953,      0.1568,      0.1248,      4.8673,      0.1508,      5.5777,     11.1554,      1.3327,     28.6083,     57.2166,      0.0192,      0.0003,      0.2060,      0.2038,   7753.1499,-423195.7500,   -912.1490,    550.3309,  25843.8320,
       1,     168,     249,      13,       1,       3,       1,     10.0000,      1.3995,     42.5875,    248.3311,     62.4956,      3.4953,      0.1771,      0.1444,      7.9228,      0.1744,      5.5777,     11.1554,      1.5409,     28.6083,     57.2166,      0.0192,      0.0004,      0.2352,      0.2038,   7753.1499,-424756.0000,   -911.8813,    550.2235,  25843.8301,
       1,     168,     249,      14,       1,       3,       1,     10.0000,      1.3995,     42.5875,    248.3311,     62.4956,      3.4953,      0.1871,      0.1537,      8.0289,      0.1970,      5.5777,     11.1554,      1.7411,     28.6083,     57.2166,      0.0192,      0.0004,      0.2500,      0.2038,   7753.1494,-428698.0000,   -913.9729,    549.9524,  25843.8320,
       1,     168,     249,      15,       1,       3,       1,     10.0000,      1.3995,     42.5875,    248.3311,     62.4956,      3.4953,      0.1871,      0.1528,      9.9603,      0.2264,      5.5777,     11.1554,      2.0002,     28.6083,     57.2166,      0.0192,      0.0005,      0.2500,      0.2038,   7753.1499,-429168.2188,   -915.9310,    549.9202,  25843.8301,
       1,     168,     249,      16,       1,       3,       1,     10.0000,      1.3995,     42.5875,    248.3311,     62.4956,      3.4953,      0.1529,      0.1191,     12.1420,      0.2105,      5.5777,     11.1554,      1.8600,     28.6083,     57.2166,      0.0192,      0.0007,      0.1995,      0.2038,   7753.1494,-431615.6562,   -918.9107,    549.7519,  25843.8320,
       1,     168,     249,      17,       1,       3,       1,     10.0000,      1.3995,     42.5875,    248.3311,     62.4956,      3.4953,      0.1772,      0.1431,     33.6552,      0.2170,      5.5777,     11.1554,      1.9176,     28.6083,     57.2166,      0.0192,      0.0018,      0.2326,      0.2038,   7753.1499,-434544.5938,   -920.2258,    549.5507,  25843.8320,
       1,     168,     249,      18,       1,       3,       1,     10.0000,      1.3995,     42.5875,    248.3311,     62.4956,      3.4953,      0.1672,      0.1337,     46.4626,      0.1986,      5.5777,     11.1554,      1.7549,     28.6083,     57.2166,      0.0192,      0.0026,      0.2164,      0.2038,   7753.1499,-461609.9062,   -926.3309,    547.6915,  25843.8320,
       1,     168,     249,      19,       1,       3,       1,     10.0000,      1.3995,     42.5875,    248.3311,     62.4956,      3.4953,      0.1009,      0.0680,     34.2808,      0.1813,      5.5777,     11.1554,      1.6020,     28.6083,     57.2166,      0.0192,      0.0035,      0.1212,      0.2038,   7753.1499,-479906.9062,   -930.4633,    546.4421,  25843.8320,
       1,     168,     249,      20,       1,       3,       1,     10.0000,      1.3995,     42.5875,    248.3311,     62.4956,      3.4953,      0.0162,     -0.0162,      0.8434,      0.1647,      5.5777,     11.1554,      1.4557,     28.6083,     57.2166,      0.0192,      0.0048,      0.0022,      0.2037,   7753.1499,-466278.1562,   -928.5028,    547.3743,  25843.8320,
       1,     168,     249,      21,       1,       3,       1,     10.0000,      1.3995,     42.5875,    248.3311,     62.4956,      3.4953,      0.0000,     -0.0322,      4.7904,      0.1568,      5.5777,     11.1554,      1.3859,     28.6083,     57.2166,      0.0192,      0.0038,      0.0156,      0.2037,   7753.1499,-423416.9688,   -920.9443,    550.3078,  25843.8320,
       1,     168,     249,      22,       1,       3,       1,     10.0000,      1.3995,     42.5875,    248.3311,     62.4956,      3.4953,      0.0000,     -0.0319,      4.6282,      0.1483,      5.5777,     11.1554,      1.3100,     28.6083,     57.2166,      0.0192,      0.0036,      0.0156,      0.2038,   7753.1499,-424689.0938,   -921.4046,    550.2281,  25843.8320,
       1,     168,     249,      23,       1,       3,       1,     10.0000,      1.3995,     42.5875,    248.3311,     62.4956,      3.4953,      0.0000,     -0.0318,      3.7268,      0.1472,      5.5777,     11.1554,      1.3008,     28.6083,     57.2166,      0.0192,      0.0029,      0.0156,      0.2038,   7753.1499,-424586.2188,   -921.5869,    550.2353,  25843.8301,
       1,     168,     249,      24,       1,       3,       1,     10.0000,      1.3995,     42.5875,    248.3311,     62.4956,      3.4953,      0.0000,     -0.0318,      3.2529,      0.1466,      5.5777,     11.1554,      1.2956,     28.6083,     57.2166,      0.0192,      0.0026,      0.0156,      0.2038,   7753.1494,-423454.0312,   -921.4799,    550.3130,  25843.8320,
       1,     168,     250,       1,       1,       3,       1,     10.0000,      1.3995,     42.5879,    248.3370,     62.4971,      3.4953,      0.0000,     -0.0317,      2.6110,      0.1438,      5.5772,     11.1545,      1.2710,     28.6097,     57.2194,      0.0192,      0.0021,      0.0156,      0.2038,   7753.1499,-422921.3125,   -921.7570,    550.3626,  25844.9902,
       1,     168,     250,       2,       1,       3,       1,     10.0000,      1.3995,     42.5879,    248.3370,     62.4971,      3.4953,      0.0000,     -0.0315,      1.9949,      0.1381,      5.5772,     11.1545,      1.2206,     28.6097,     57.2194,      0.0192,      0.0016,      0.0156,      0.2038,   7753.4976,-421923.2500,   -921.4045,    550.4313,  25844.9902,
       1,     168,     250,       3,       1,       3,       1,     10.0000,      1.3995,     42.5879,    248.3370,     62.4971,      3.4953,      0.0000,     -0.0313,      1.1756,      0.1325,      5.5772,     11.1545,      1.1710,     28.6097,     57.2194,      0.0192,      0.0009,      0.0156,      0.2038,   7753.4976,-421070.0625,   -921.3104,    550.4900,  25844.9902,
       1,     168,     250,       4,       1,       3,       1,     10.0000,      1.3995,     42.5879,    248.3370,     62.4971,      3.4953,      0.0000,     -0.0313,      0.6556,      0.1335,      5.5772,     11.1545,      1.1793,     28.6097,     57.2194,      0.0192,      0.0005,      0.0156,      0.2038,   7753.4976,-419975.9688,   -921.1304,    550.5652,  25844.9922,
       1,     168,     250,       5,       1,       3,       1,     10.0000,      1.3995,     42.5879,    248.3370,     62.4971,      3.4953,      0.0000,     -0.0314,      0.3558,      0.1354,      5.5772,     11.1545,      1.1962,     28.6097,     57.2194,      0.0192,      0.0003,      0.0156,      0.2038,   7753.4980,-419233.9062,   -921.0050,    550.6164,  25844.9922,
       1,     168,     250,       6,       1,       3,       1,     10.0000,      1.3995,     42.5879,    248.3370,     62.4971,      3.4953,      0.0000,     -0.0313,      0.5573,      0.1331,      5.5772,     11.1545,      1.1757,     28.6097,     57.2194,      0.0192,      0.0004,      0.0156,      0.2038,   7753.4980,-418796.6562,   -920.9269,    550.6464,  25844.9922,
       1,     168,     250,       7,       1,       3,       1,     10.0000,      1.3995,     42.5879,    248.3370,     62.4971,      3.4953,      0.0000,     -0.0313,      0.7085,      0.1320,      5.5772,     11.1545,      1.1662,     28.6097,     57.2194,      0.0192,      0.0006,      0.0156,      0.2038,   7753.4980,-419010.2500,   -920.9742,    550.6318,  25844.9902,
       1,     168,     250,       8,       1,       3,       1,     10.0000,      1.3995,     42.5879,    248.3370,     62.4971,      3.4953,      0.0142,     -0.0171,      0.0260,      0.1332,      5.5772,     11.1545,      1.1769,     28.6097,     57.2194,      0.0192,      0.0004,      0.0008,      0.2038,   7753.4976,-419217.3125,   -921.0275,    550.6175,  25844.9902,
       1,     168,     250,       9,       1,       3,       1,     10.0000,      1.3995,     42.5879,    248.3370,     62.4971,      3.4953,      0.1125,      0.0807,      5.1445,      0.1463,      5.5772,     11.1545,      1.2930,     28.6097,     57.2194,      0.0192,      0.0004,      0.1419,      0.2038,   7753.4976,-418384.7188,   -920.8941,    550.6748,  25844.9902,
       1,     168,     250,      10,       1,       3,       1,     10.0000,      1.3995,     42.5879,    248.3370,     62.4971,      3.4953,      0.1453,      0.1126,      5.7743,      0.1725,      5.5772,     11.1545,      1.5242,     28.6097,     57.2194,      0.0192,      0.0004,      0.1892,      0.2038,   7753.4976,-424690.8750,   -922.3019,    550.2407,  25844.9902,
       1,     168,     250,      11,       1,       3,       1,     10.0000,      1.3995,     42.5879,    248.3370,     62.4971,      3.4953,      0.1870,      0.1537,      7.8521,      0.1934,      5.5772,     11.1545,      1.7087,     28.6097,     57.2194,      0.0192,      0.0004,      0.2498,      0.2038,   7753.4976,-426016.9375,   -922.8194,    550.1497,  25844.9922,
       1,     168,     250,      12,       1,       3,       1,     10.0000,      1.3995,     42.5879,    248.3370,     62.4971,      3.4953,      0.1871,      0.1531,      8.9013,      0.2155,      5.5772,     11.1545,      1.9045,     28.6097,     57.2194,      0.0192,      0.0004,      0.2500,      0.2038,   7753.4980,-428719.1875,   -923.7898,    549.9638,  25844.9902,
       1,     168,     250,      13,       1,       3,       1,     10.0000,      1.3995,     42.5879,    248.3370,     62.4971,      3.4953,      0.1870,      0.1526,      9.6219,      0.2306,      5.5772,     11.1545,      2.0378,     28.6097,     57.2194,      0.0192,      0.0005,      0.2500,      0.2038,   7753.4976,-430258.8750,   -924.5392,    549.8580,  25844.9902,
       1,     168,     250,      14,       1,       3,       1,     10.0000,      1.3995,     42.5879,    248.3370,     62.4971,      3.4953,      0.1876,      0.1530,     17.5858,      0.2382,      5.5772,     11.1545,      2.1046,     28.6097,     57.2194,      0.0192,      0.0009,      0.2500,      0.2038,   7753.4976,-431288.7812,   -925.1193,    549.7872,  25844.9922,
       1,     168,     250,      15,       1,       3,       1,     10.0000,      1.3995,     42.5879,    248.3370,     62.4971,      3.4953,      0.1903,      0.1555,     52.1950,      0.2462,      5.5772,     11.1545,      2.1755,     28.6097,     57.2194,      0.0192,      0.0026,      0.2500,      0.2038,   7753.4980,-441301.3438,   -927.3260,    549.0992,  25844.9902,
       1,     168,     250,      16,       1,       3,       1,     10.0000,      1.3995,     42.5879,    248.3370,     62.4971,      3.4953,      0.1920,      0.1572,     75.0827,      0.2467,      5.5772,     11.1545,      2.1798,     28.6097,     57.2194,      0.0192,      0.0037,      0.2500,      0.2038,   7753.4976,-485297.4688,   -936.0203,    546.0798,  25844.9902,
       1,     168,     250,      17,       1,       3,       1,     10.0000,      1.3995,     42.5879,    248.3370,     62.4971,      3.4953,      0.1670,      0.1328,     94.7219,      0.2224,      5.5772,     11.1545,      1.9653,     28.6097,     57.2194,      0.0192,      0.0055,      0.2108,      0.2038,   7753.4976,-517632.5000,   -942.5966,    543.8809,  25844.9902,
       1,     168,     250,      18,       1,       3,       1,     10.0000,      1.3995,     42.5879,    248.3370,     62.4971,      3.4953,      0.0061,     -0.0261,      6.4833,      0.1586,      5.5772,     11.1545,      1.4013,     28.6097,     57.2194,      0.0192,      0.0051,      0.0156,      0.2037,   7753.4976,-544905.4375,   -948.2953,    542.0312,  25844.9922,
       1,     168,     250,      19,       1,       3,       1,     10.0000,      1.3995,     42.5879,    248.3370,     62.4971,      3.4953,      0.0022,     -0.0290,      5.4123,      0.1312,      5.5772,     11.1545,      1.1591,     28.6097,     57.2194,      0.0192,      0.0043,      0.0156,      0.2037,   7753.4980,-437079.7812,   -927.4388,    549.3399,  25844.9883,
       1,     168,     250,      20,       1,       3,       1,     10.0000,      1.3995,     42.5879,    248.3370,     62.4971,      3.4953,      0.0004,     -0.0307,      5.5726,      0.1297,      5.5772,     11.1545,      1.1462,     28.6097,     57.2194,      0.0192,      0.0044,      0.0156,      0.2038,   7753.4966,-426688.2812,   -912.0839,    550.1030,  25844.9902,
       1,     168,     250,      21,       1,       3,       1,     10.0000,      1.3995,     42.5879,    248.3370,     62.4971,      3.4953,      0.0000,     -0.0310,      5.6002,      0.1256,      5.5772,     11.1545,      1.1095,     28.6097,     57.2194,      0.0192,      0.0044,      0.0156,      0.2038,   7753.4976,-425937.1562,   -911.9739,    550.1552,  25844.9883,
       1,     168,     250,      22,       1,       3,       1,     10.0000,      1.3995,     42.5879,    248.3370,     62.4971,      3.4953,      0.0000,     -0.0310,      4.6498,      0.1245,      5.5772,     11.1545,      1.1005,     28.6097,     57.2194,      0.0192,      0.0037,      0.0156,      0.2038,   7753.4966,-425906.7812,   -911.6274,    550.1573,  25844.9922,
       1,     168,     250,      23,       1,       3,       1,     10.0000,      1.3995,     42.5879,    248.3370,     62.4971,      3.4953,      0.0000,     -0.0311,      2.2415,      0.1268,      5.5772,     11.1545,      1.1209,     28.6097,     57.2194,      0.0192,      0.0018,      0.0156,      0.2038,   7753.4980,-424719.2812,   -911.6126,    550.2390,  25844.9902,
       1,     168,     250,      24,       1,       3,       1,     10.0000,      1.3995,     42.5879,    248.3370,     62.4971,      3.4953,      0.0000,     -0.0310,      0.4082,      0.1245,      5.5772,     11.1545,      1.1005,     28.6097,     57.2194,      0.0192,      0.0003,      0.0156,      0.2038,   7753.4976,-421617.0000,   -910.8705,    550.4523,  25844.9902,
       1,     168,     251,       1,       1,       3,       1,     10.0000,      1.3995,     42.5882,    248.3428,     62.4986,      3.4953,      0.0000,     -0.0310,      0.3017,      0.1266,      5.5779,     11.1558,      1.1186,     28.6092,     57.2183,      0.0192,      0.0002,      0.0156,      0.2038,   7753.4976,-419222.0000,   -910.7206,    550.6302,  25846.1445,
       1,     168,     251,       2,       1,       3,       1,     10.0000,      1.3995,     42.5882,    248.3428,     62.4986,      3.4953,      0.0000,     -0.0312,      0.3110,      0.1300,      5.5779,     11.1558,      1.1486,     28.6092,     57.2183,      0.0192,      0.0002,      0.0156,      0.2038,   7753.8438,-418731.7188,   -910.3821,    550.6639,  25846.1445,
       1,     168,     251,       3,       1,       3,       1,     10.0000,      1.3995,     42.5882,    248.3428,     62.4986,      3.4953,      0.0000,     -0.0312,      0.3092,      0.1293,      5.5779,     11.1558,      1.1428,     28.6092,     57.2183,      0.0192,      0.0002,      0.0156,      0.2038,   7753.8438,-418701.2500,   -910.3783,    550.6660,  25846.1426,
       1,     168,     251,       4,       1,       3,       1,     10.0000,      1.3995,     42.5882,    248.3428,     62.4986,      3.4953,      0.0000,     -0.0313,      0.3205,      0.1335,      5.5779,     11.1558,      1.1793,     28.6092,     57.2183,      0.0192,      0.0003,      0.0156,      0.2038,   7753.8433,-418696.6562,   -910.3792,    550.6663,  25846.1465,
       1,     168,     251,       5,       1,       3,       1,     10.0000,      1.3995,     42.5882,    248.3428,     62.4986,      3.4953,      0.0000,     -0.0313,      0.3191,      0.1329,      5.5779,     11.1558,      1.1746,     28.6092,     57.2183,      0.0192,      0.0003,      0.0156,      0.2038,   7753.8442,-418709.7500,   -910.3821,    550.6653,  25846.1445,
       1,     168,     251,       6,       1,       3,       1,     10.0000,      1.3995,     42.5882,    248.3428,     62.4986,      3.4953,      0.0000,     -0.0312,      0.3143,      0.1312,      5.5779,     11.1558,      1.1592,     28.6092,     57.2183,      0.0192,      0.0002,      0.0156,      0.2038,   7753.8438,-418709.4688,   -910.3842,    550.6654,  25846.1445,
       1,     168,     251,       7,       1,       3,       1,     10.0000,      1.3995,     42.5882,    248.3428,     62.4986,      3.4953,      0.0000,     -0.0310,      0.2983,      0.1253,      5.5779,     11.1558,      1.1073,     28.6092,     57.2183,      0.0192,      0.0002,      0.0156,      0.2038,   7753.8438,-418703.4062,   -910.3846,    550.6658,  25846.1465,
       1,     168,     251,       8,       1,       3,       1,     10.0000,      1.3995,     42.5882,    248.3428,     62.4986,      3.4953,      0.0114,     -0.0196,      0.2962,      0.1245,      5.5779,     11.1558,      1.1005,     28.6092,     57.2183,      0.0192,      0.0002,      0.0156,      0.2038,   7753.8442,-418682.5938,   -910.3817,    550.6672,  25846.1445,
       1,     168,     251,       9,       1,       3,       1,     10.0000,      1.3995,     42.5882,    248.3428,     62.4986,      3.4953,      0.0941,      0.0628,      2.3729,      0.1332,      5.5779,     11.1558,      1.1769,     28.6092,     57.2183,      0.0192,      0.0003,      0.1158,      0.2038,   7753.8438,-418678.6250,   -910.4066,    550.6675,  25846.1445,
       1,     168,     251,      10,       1,       3,       1,     10.0000,      1.3995,     42.5882,    248.3428,     62.4986,      3.4953,      0.1527,      0.1207,      4.8095,      0.1531,      5.5779,     11.1558,      1.3530,     28.6092,     57.2183,      0.0192,      0.0003,      0.2000,      0.2038,   7753.8438,-421265.5625,   -911.1981,    550.4894,  25846.1465,
       1,     168,     251,      11,       1,       3,       1,     10.0000,      1.3995,     42.5882,    248.3428,     62.4986,      3.4953,      0.1806,      0.1476,      7.0909,      0.1829,      5.5779,     11.1558,      1.6164,     28.6092,     57.2183,      0.0192,      0.0004,      0.2405,      0.2038,   7753.8442,-424522.7812,   -912.4275,    550.2654,  25846.1465,
       1,     168,     251,      12,       1,       3,       1,     10.0000,      1.3995,     42.5882,    248.3428,     62.4986,      3.4953,      0.1846,      0.1510,      8.2728,      0.2038,      5.5779,     11.1558,      1.8006,     28.6092,     57.2183,      0.0192,      0.0004,      0.2463,      0.2038,   7753.8442,-427644.6250,   -914.3250,    550.0507,  25846.1465,
       1,     168,     251,      13,       1,       3,       1,     10.0000,      1.3995,     42.5882,    248.3428,     62.4986,      3.4953,      0.1872,      0.1531,     10.0629,      0.2177,      5.5779,     11.1558,      1.9233,     28.6092,     57.2183,      0.0192,      0.0005,      0.2500,      0.2038,   7753.8442,-429384.9688,   -916.5576,    549.9310,  25846.1445,
       1,     168,     251,      14,       1,       3,       1,     10.0000,      1.3995,     42.5882,    248.3428,     62.4986,      3.4953,      0.1874,      0.1526,     15.6606,      0.2469,      5.5779,     11.1558,      2.1819,     28.6092,     57.2183,      0.0192,      0.0008,      0.2500,      0.2038,   7753.8438,-431765.0000,   -918.8440,    549.7675,  25846.1426,
       1,     168,     251,      15,       1,       3,       1,     10.0000,      1.3995,     42.5882,    248.3428,     62.4986,      3.4953,      0.1856,      0.1509,     27.5897,      0.2407,      5.5779,     11.1558,      2.1273,     28.6092,     57.2183,      0.0192,      0.0014,      0.2459,      0.2038,   7753.8433,-438944.3438,   -922.0801,    549.2741,  25846.1445,
       1,     168,     251,      16,       1,       3,       1,     10.0000,      1.3995,     42.5882,    248.3428,     62.4986,      3.4953,      0.1489,      0.1152,     42.7188,      0.2050,      5.5779,     11.1558,      1.8113,     28.6092,     57.2183,      0.0192,      0.0028,      0.1900,      0.2038,   7753.8438,-454425.8750,   -925.9871,    548.2114,  25846.1465,
       1,     168,     251,      17,       1,       3,       1,     10.0000,      1.3995,     42.5882,    248.3428,     62.4986,      3.4953,      0.0110,     -0.0209,      3.8853,      0.1495,      5.5779,     11.1558,      1.3207,     28.6092,     57.2183,      0.0192,      0.0031,      0.0156,      0.2038,   7753.8442,-474611.8750,   -928.8715,    546.8292,  25846.1445,
       1,     168,     251,      18,       1,       3,       1,     10.0000,      1.3995,     42.5882,    248.3428,     62.4986,      3.4953,      0.0114,     -0.0197,      4.1113,      0.1285,      5.5779,     11.1558,      1.1358,     28.6092,     57.2183,      0.0192,      0.0032,      0.0156,      0.2038,   7753.8438,-427922.8125,   -912.2402,    550.0223,  25846.1426,
       1,     168,     251,      19,       1,       3,       1,     10.0000,      1.3995,     42.5882,    248.3428,     62.4986,      3.4953,      0.0070,     -0.0238,      5.5175,      0.1224,      5.5779,     11.1558,      1.0816,     28.6092,     57.2183,      0.0192,      0.0043,      0.0156,      0.2038,   7753.8433,-424235.5625,   -911.7012,    550.2852,  25846.1426,
       1,     168,     251,      20,       1,       3,       1,     10.0000,      1.3995,     42.5882,    248.3428,     62.4986,      3.4953,      0.0032,     -0.0277,      6.1509,      0.1249,      5.5779,     11.1558,      1.1039,     28.6092,     57.2183,      0.0192,      0.0048,      0.0156,      0.2038,   7753.8433,-425660.0625,   -912.0239,    550.1872,  25846.1445,
       1,     168,     251,      21,       1,       3,       1,     10.0000,      1.3995,     42.5882,    248.3428,     62.4986,      3.4953,      0.0000,     -0.0310,      3.6152,      0.1257,      5.5779,     11.1558,      1.1107,     28.6092,     57.2183,      0.0192,      0.0028,      0.0156,      0.2038,   7753.8438,-426571.1875,   -911.9865,    550.1245,  25846.1445,
       1,     168,     251,      22,       1,       3,       1,     10.0000,      1.3995,     42.5882,    248.3428,     62.4986,      3.4953,      0.0000,     -0.0312,      0.7790,      0.1302,      5.5779,     11.1558,      1.1509,     28.6092,     57.2183,      0.0192,      0.0006,      0.0156,      0.2038,   7753.8438,-423490.0625,   -911.2214,    550.3364,  25846.1426,
       1,     168,     251,      23,       1,       3,       1,     10.0000,      1.3995,     42.5882,    248.3428,     62.4986,      3.4953,      0.0000,     -0.0314,      0.3262,      0.1355,      5.5779,     11.1558,      1.1974,     28.6092,     57.2183,      0.0192,      0.0003,      0.0156,      0.2038,   7753.8433,-419692.5312,   -910.3063,    550.5977,  25846.1445,
       1,     168,     251,      24,       1,       3,       1,     10.0000,      1.3995,     42.5882,    248.3428,     62.4986,      3.4953,      0.0000,     -0.0314,      0.3254,      0.1352,      5.5779,     11.1558,      1.1950,     28.6092,     57.2183,      0.0192,      0.0003,      0.0156,      0.2038,   7753.8438,-418802.6562,   -910.0962,    550.6591,  25846.1445,
       1,     168,     252,       1,       1,       3,       1,     10.0000,      1.3995,     42.5885,    248.3487,     62.5000,      3.4953,      0.0000,     -0.0314,      0.3281,      0.1362,      5.5785,     11.1570,      1.2035,     28.6035,     57.2071,      0.0192,      0.0003,      0.0156,      0.2039,   7753.8438,-418880.4062,   -910.3695,    550.6667,  25847.2969,
       1,     168,     252,       2,       1,       3,       1,     10.0000,      1.3995,     42.5885,    248.3487,     62.5000,      3.4953,      0.0000,     -0.0314,      0.3247,      0.1350,      5.5785,     11.1570,      1.1926,     28.6035,     57.2071,      0.0192,      0.0003,      0.0156,      0.2039,   7754.1895,-418738.4062,   -910.0945,    550.6765,  25847.2988,
       1,     168,     252,       3,       1,       3,       1,     10.0000,      1.3995,     42.5885,    248.3487,     62.5000,      3.4953,      0.0000,     -0.0315,      0.3315,      0.1374,      5.5785,     11.1570,      1.2145,     28.6035,     57.2071,      0.0192,      0.0003,      0.0156,      0.2039,   7754.1899,-418721.7188,   -910.0806,    550.6776,  25847.2969,
       1,     168,     252,       4,       1,       3,       1,     10.0000,      1.3995,     42.5885,    248.3487,     62.5000,      3.4953,      0.0000,     -0.0314,      0.3292,      0.1366,      5.5785,     11.1570,      1.2072,     28.6035,     57.2071,      0.0192,      0.0003,      0.0156,      0.2039,   7754.1895,-418729.1250,   -910.0843,    550.6771,  25847.2988,
       1,     168,     252,       5,       1,       3,       1,     10.0000,      1.3995,     42.5885,    248.3487,     62.5000,      3.4953,      0.0000,     -0.0315,      0.3319,      0.1376,      5.5785,     11.1570,      1.2158,     28.6035,     57.2071,      0.0192,      0.0003,      0.0156,      0.2039,   7754.1899,-418726.4688,   -910.0848,    550.6772,  25847.2969,
       1,     168,     252,       6,       1,       3,       1,     10.0000,      1.3995,     42.5885,    248.3487,     62.5000,      3.4953,      0.0000,     -0.0315,      0.3338,      0.1383,      5.5785,     11.1570,      1.2219,     28.6035,     57.2071,      0.0192,      0.0003,      0.0156,      0.2039,   7754.1895,-418730.0625,   -910.0881,    550.6770,  25847.2988,
       1,     168,     252,       7,       1,       3,       1,     10.0000,      1.3995,     42.5885,    248.3487,     62.5000,      3.4953,      0.0000,     -0.0315,      0.3358,      0.1390,      5.5785,     11.1570,      1.2281,     28.6035,     57.2071,      0.0192,      0.0003,      0.0156,      0.2039,   7754.1899,-418732.4688,   -910.0894,    550.6769,  25847.2969,
       1,     168,     252,       8,       1,       3,       1,     10.0000,      1.3995,     42.5885,    248.3487,     62.5000,      3.4953,      0.0060,     -0.0256,      0.3424,      0.1414,      5.5785,     11.1570,      1.2494,     28.6035,     57.2071,      0.0192,      0.0003,      0.0156,      0.2039,   7754.1895,-418735.2812,   -910.0926,    550.6767,  25847.2988,
       1,     168,     252,       9,       1,       3,       1,     10.0000,      1.3995,     42.5885,    248.3487,     62.5000,      3.4953,      0.0467,      0.0150,      1.0630,      0.1447,      5.5785,     11.1570,      1.2788,     28.6035,     57.2071,      0.0192,      0.0003,      0.0472,      0.2039,   7754.1899,-418743.5625,   -910.1216,    550.6761,  25847.2988,
       1,     168,     252,      10,       1,       3,       1,     10.0000,      1.3995,     42.5885,    248.3487,     62.5000,      3.4953,      0.1617,      0.1296,      5.1802,      0.1547,      5.5785,     11.1570,      1.3667,     28.6035,     57.2071,      0.0192,      0.0003,      0.2130,      0.2039,   7754.1899,-419641.8438,   -910.5322,    550.6143,  25847.2988,
       1,     168,     252,      11,       1,       3,       1,     10.0000,      1.3995,     42.5885,    248.3487,     62.5000,      3.4953,      0.1826,      0.1495,      7.3264,      0.1862,      5.5785,     11.1570,      1.6456,     28.6035,     57.2071,      0.0192,      0.0004,      0.2434,      0.2039,   7754.1899,-424847.5625,   -912.4559,    550.2559,  25847.3008,
       1,     168,     252,      12,       1,       3,       1,     10.0000,      1.3995,     42.5885,    248.3487,     62.5000,      3.4953,      0.1431,      0.1100,      5.5907,      0.1860,      5.5785,     11.1570,      1.6440,     28.6035,     57.2071,      0.0192,      0.0004,      0.1859,      0.2039,   7754.1904,-427968.0625,   -914.3173,    550.0414,  25847.2988,
       1,     168,     252,      13,       1,       3,       1,     10.0000,      1.3995,     42.5885,    248.3487,     62.5000,      3.4953,      0.1737,      0.1410,      6.4318,      0.1744,      5.5785,     11.1570,      1.5411,     28.6035,     57.2071,      0.0192,      0.0003,      0.2304,      0.2039,   7754.1899,-426073.1562,   -912.1431,    550.1718,  25847.2988,
       1,     168,     252,      14,       1,       3,       1,     10.0000,      1.3995,     42.5885,    248.3487,     62.5000,      3.4953,      0.1872,      0.1539,      7.6898,      0.1898,      5.5785,     11.1570,      1.6769,     28.6035,     57.2071,      0.0192,      0.0004,      0.2500,      0.2039,   7754.1899,-426958.5312,   -912.5359,    550.1109,  25847.2988,
       1,     168,     252,      15,       1,       3,       1,     10.0000,      1.3995,     42.5885,    248.3487,     62.5000,      3.4953,      0.1873,      0.1539,     10.3067,      0.1957,      5.5785,     11.1570,      1.7292,     28.6035,     57.2071,      0.0192,      0.0005,      0.2500,      0.2039,   7754.1899,-428601.7812,   -914.3775,    549.9980,  25847.2988,
       1,     168,     252,      16,       1,       3,       1,     10.0000,      1.3995,     42.5885,    248.3487,     62.5000,      3.4953,      0.1842,      0.1508,     37.2820,      0.1951,      5.5785,     11.1570,      1.7241,     28.6035,     57.2071,      0.0192,      0.0019,      0.2423,      0.2039,   7754.1899,-432002.7500,   -916.5534,    549.7641,  25847.2969,
       1,     168,     252,      17,       1,       3,       1,     10.0000,      1.3995,     42.5885,    248.3487,     62.5000,      3.4953,      0.1158,      0.0829,     20.0884,      0.1811,      5.5785,     11.1570,      1.6005,     28.6035,     57.2071,      0.0192,      0.0017,      0.1445,      0.2039,   7754.1895,-465904.0312,   -923.9661,    547.4344,  25847.2988,
       1,     168,     252,      18,       1,       3,       1,     10.0000,      1.3995,     42.5885,    248.3487,     62.5000,      3.4953,      0.0982,      0.0655,      7.8391,      0.1737,      5.5785,     11.1570,      1.5349,     28.6035,     57.2071,      0.0192,      0.0008,      0.1204,      0.2038,   7754.1899,-447387.8750,   -921.1683,    548.7065,  25847.2969,
       1,     168,     252,      19,       1,       3,       1,     10.0000,      1.3995,     42.5885,    248.3487,     62.5000,      3.4953,      0.1291,      0.0963,     27.3329,      0.1770,      5.5785,     11.1570,      1.5643,     28.6035,     57.2071,      0.0192,      0.0021,      0.1631,      0.2038,   7754.1895,-430537.3125,   -918.4045,    549.8637,  25847.2969,
       1,     168,     252,      20,       1,       3,       1,     10.0000,      1.3995,     42.5885,    248.3487,     62.5000,      3.4953,      0.0107,     -0.0216,      3.5832,      0.1615,      5.5785,     11.1570,      1.4269,     28.6035,     57.2071,      0.0192,      0.0028,      0.0156,      0.2039,   7754.1895,-453383.6250,   -923.1271,    548.2946,  25847.2988,
       1,     168,     252,      21,       1,       3,       1,     10.0000,      1.3995,     42.5885,    248.3487,     62.5000,      3.4953,      0.0000,     -0.0321,      3.3393,      0.1559,      5.5785,     11.1570,      1.3777,     28.6035,     57.2071,      0.0192,      0.0026,      0.0156,      0.2038,   7754.1899,-425745.0938,   -918.4050,    550.1912,  25847.3008,
       1,     168,     252,      22,       1,       3,       1,     10.0000,      1.3995,     42.5885,    248.3487,     62.5000,      3.4953,      0.0000,     -0.0321,      2.7551,      0.1544,      5.5785,     11.1570,      1.3639,     28.6035,     57.2071,      0.0192,      0.0022,      0.0156,      0.2039,   7754.1904,-423081.5000,   -918.1450,    550.3775,  25847.2988,
       1,     168,     252,      23,       1,       3,       1,     10.0000,      1.3995,     42.5885,    248.3487,     62.5000,      3.4953,      0.0000,     -0.0322,      2.7520,      0.1573,      5.5785,     11.1570,      1.3902,     28.6035,     57.2071,      0.0192,      0.0022,      0.0156,      0.2039,   7754.1899,-422121.8438,   -918.1170,    550.4436,  25847.2988,
       1,     168,     252,      24,       1,       3,       1,     10.0000,      1.3995,     42.5885,    248.3487,     62.5000,      3.4953,      0.0000,     -0.0320,      2.8099,      0.1522,      5.5785,     11.1570,      1.3449,     28.6035,     57.2071,      0.0192,      0.0022,      0.0156,      0.2039,   7754.1899,-422035.5625,   -918.2832,    550.4495,  25847.2988,
       1,     168,     253,       1,       1,       3,       1,     10.0000,      1.3995,     42.5889,    248.3545,     62.5015,      3.4953,      0.0000,     -0.0318,      2.0691,      0.1471,      5.5779,     11.1559,      1.2996,     28.6041,     57.2083,      0.0192,      0.0016,      0.0156,      0.2039,   7754.1899,-422254.8750,   -918.7352,    550.4474,  25848.4512,
       1,     168,     253,       2,       1,       3,       1,     10.0000,      1.3995,     42.5889,    248.3545,     62.5015,      3.4953,      0.0000,     -0.0318,      1.7793,      0.1455,      5.5779,     11.1559,      1.2853,     28.6041,     57.2083,      0.0192,      0.0014,      0.0156,      0.2039,   7754.5356,-421198.8125,   -918.3806,    550.5200,  25848.4492,
       1,     168,     253,       3,       1,       3,       1,     10.0000,      1.3995,     42.5889,    248.3545,     62.5015,      3.4953,      0.0000,     -0.0318,      1.7481,      0.1477,      5.5779,     11.1559,      1.3049,     28.6041,     57.2083,      0.0192,      0.0014,      0.0156,      0.2039,   7754.5352,-420747.5625,   -918.3708,    550.5511,  25848.4512,
       1,     168,     253,       4,       1,       3,       1,     10.0000,      1.3995,     42.5889,    248.3545,     62.5015,      3.4953,      0.0000,     -0.0317,      1.6660,      0.1434,      5.5779,     11.1559,      1.2673,     28.6041,     57.2083,      0.0192,      0.0013,      0.0156,      0.2039,   7754.5356,-420669.8750,   -918.4534,    550.5564,  25848.4512,
       1,     168,     253,       5,       1,       3,       1,     10.0000,      1.3995,     42.5889,    248.3545,     62.5015,      3.4953,      0.0000,     -0.0316,      1.2604,      0.1420,      5.5779,     11.1559,      1.2545,     28.6041,     57.2083,      0.0192,      0.0010,      0.0156,      0.2039,   7754.5356,-420560.9688,   -916.6435,    550.5639,  25848.4512,
       1,     168,     253,       6,       1,       3,       1,     10.0000,      1.3995,     42.5889,    248.3545,     62.5015,      3.4953,      0.0000,     -0.0315,      0.7578,      0.1396,      5.5779,     11.1559,      1.2332,     28.6041,     57.2083,      0.0192,      0.0006,      0.0156,      0.2039,   7754.5356,-420046.3750,   -916.6260,    550.5994,  25848.4512,
       1,     168,     253,       7,       1,       3,       1,     10.0000,      1.3995,     42.5889,    248.3545,     62.5015,      3.4953,      0.0000,     -0.0313,      0.5335,      0.1327,      5.5779,     11.1559,      1.1722,     28.6041,     57.2083,      0.0192,      0.0004,      0.0156,      0.2039,   7754.5356,-419376.1562,   -914.2558,    550.6454,  25848.4531,
       1,     168,     253,       8,       1,       3,       1,     10.0000,      1.3995,     42.5889,    248.3545,     62.5015,      3.4953,      0.0110,     -0.0203,      0.4686,      0.1332,      5.5779,     11.1559,      1.1770,     28.6041,     57.2083,      0.0192,      0.0004,      0.0156,      0.2039,   7754.5361,-419039.3125,   -914.2186,    550.6687,  25848.4512,
       1,     168,     253,       9,       1,       3,       1,     10.0000,      1.3995,     42.5889,    248.3545,     62.5015,      3.4953,      0.0774,      0.0457,      2.7918,      0.1424,      5.5779,     11.1559,      1.2583,     28.6041,     57.2083,      0.0192,      0.0004,      0.0914,      0.2039,   7754.5356,-418929.5938,   -914.2437,    550.6762,  25848.4512,
       1,     168,     253,      10,       1,       3,       1,     10.0000,      1.3995,     42.5889,    248.3545,     62.5015,      3.4953,      0.1614,      0.1289,      6.4670,      0.1664,      5.5779,     11.1559,      1.4705,     28.6041,     57.2083,      0.0192,      0.0004,      0.2125,      0.2039,   7754.5356,-421813.9688,   -915.0012,    550.4777,  25848.4531,
       1,     168,     253,      11,       1,       3,       1,     10.0000,      1.3995,     42.5889,    248.3545,     62.5015,      3.4953,      0.1872,      0.1541,      8.3660,      0.1866,      5.5779,     11.1559,      1.6489,     28.6041,     57.2083,      0.0192,      0.0004,      0.2500,      0.2039,   7754.5361,-426639.0625,   -916.6083,    550.1457,  25848.4512,
       1,     168,     253,      12,       1,       3,       1,     10.0000,      1.3995,     42.5889,    248.3545,     62.5015,      3.4953,      0.1871,      0.1536,      8.1862,      0.2004,      5.5779,     11.1559,      1.7707,     28.6041,     57.2083,      0.0192,      0.0004,      0.2500,      0.2039,   7754.5356,-429418.5625,   -918.1816,    549.9547,  25848.4531,
       1,     168,     253,      13,       1,       3,       1,     10.0000,      1.3995,     42.5889,    248.3545,     62.5015,      3.4953,      0.1871,      0.1531,      9.5968,      0.2179,      5.5779,     11.1559,      1.9253,     28.6041,     57.2083,      0.0192,      0.0005,      0.2500,      0.2039,   7754.5361,-429432.5000,   -919.2291,    549.9538,  25848.4512,
       1,     168,     253,      14,       1,       3,       1,     10.0000,      1.3995,     42.5889,    248.3545,     62.5015,      3.4953,      0.1874,      0.1534,     13.4181,      0.2170,      5.5779,     11.1559,      1.9178,     28.6041,     57.2083,      0.0192,      0.0007,      0.2500,      0.2039,   7754.5356,-431191.0000,   -920.7054,    549.8328,  25848.4512,
       1,     168,     253,      15,       1,       3,       1,     10.0000,      1.3995,     42.5889,    248.3545,     62.5015,      3.4953,      0.1796,      0.1457,     37.2130,      0.2120,      5.5779,     11.1559,      1.8731,     28.6041,     57.2083,      0.0192,      0.0019,      0.2357,      0.2039,   7754.5356,-436102.2188,   -922.4858,    549.4953,  25848.4512,
       1,     168,     253,      16,       1,       3,       1,     10.0000,      1.3995,     42.5889,    248.3545,     62.5015,      3.4953,      0.1882,      0.1541,     60.5502,      0.2194,      5.5779,     11.1559,      1.9386,     28.6041,     57.2083,      0.0192,      0.0030,      0.2458,      0.2039,   7754.5356,-466168.2500,   -928.8091,    547.4303,  25848.4512,
       1,     168,     253,      17,       1,       3,       1,     10.0000,      1.3995,     42.5889,    248.3545,     62.5015,      3.4953,      0.1833,      0.1494,     66.2803,      0.2145,      5.5779,     11.1559,      1.8953,     28.6041,     57.2083,      0.0192,      0.0034,      0.2379,      0.2039,   7754.5356,-497840.6562,   -935.7068,    545.2669,  25848.4512,
       1,     168,     253,      18,       1,       3,       1,     10.0000,      1.3995,     42.5889,    248.3545,     62.5015,      3.4953,      0.1473,      0.1138,     57.6855,      0.1972,      5.5779,     11.1559,      1.7430,     28.6041,     57.2083,      0.0192,      0.0038,      0.1860,      0.2038,   7754.5356,-507701.2188,   -938.4705,    544.5990,  25848.4512,
       1,     168,     253,      19,       1,       3,       1,     10.0000,      1.3995,     42.5889,    248.3545,     62.5015,      3.4953,      0.0551,      0.0220,     16.4672,      0.1837,      5.5779,     11.1559,      1.6229,     28.6041,     57.2083,      0.0192,      0.0036,      0.0563,      0.2038,   7754.5356,-497819.6562,   -937.3033,    545.2721,  25848.4512,
       1,     168,     253,      20,       1,       3,       1,     10.0000,      1.3995,     42.5889,    248.3545,     62.5015,      3.4953,      0.0061,     -0.0267,      4.3421,      0.1749,      5.5779,     11.1559,      1.5457,     28.6041,     57.2083,      0.0192,      0.0034,      0.0156,      0.2038,   7754.5356,-445576.8438,   -927.8585,    548.8334,  25848.4492,
       1,     168,     253,      21,       1,       3,       1,     10.0000,      1.3995,     42.5889,    248.3545,     62.5015,      3.4953,      0.0000,     -0.0326,      4.7725,      0.1684,      5.5779,     11.1559,      1.4882,     28.6041,     57.2083,      0.0192,      0.0038,      0.0156,      0.2039,   7754.5352,-426039.4062,   -924.3491,    550.1854,  25848.4512,
       1,     168,     253,      22,       1,       3,       1,     10.0000,      1.3995,     42.5889,    248.3545,     62.5015,      3.4953,      0.0000,     -0.0323,      4.4719,      0.1618,      5.5779,     11.1559,      1.4298,     28.6041,     57.2083,      0.0192,      0.0035,      0.0156,      0.2039,   7754.5356,-424892.7500,   -924.2643,    550.2659,  25848.4512,
       1,     168,     253,      23,       1,       3,       1,     10.0000,      1.3995,     42.5889,    248.3545,     62.5015,      3.4953,      0.0000,     -0.0323,      3.8002,      0.1613,      5.5779,     11.1559,      1.4255,     28.6041,     57.2083,      0.0192,      0.0030,      0.0156,      0.2039,   7754.5356,-424418.0312,   -924.2676,    550.2986,  25848.4512,
       1,     168,     253,      24,       1,       3,       1,     10.0000,      1.3995,     42.5889,    248.3545,     62.5015,      3.4953,      0.0000,     -0.0324,      3.0421,      0.1626,      5.5779,     11.1559,      1.4370,     28.6041,     57.2083,      0.0192,      0.0024,      0.0156,      0.2039,   7754.5356,-423540.5000,   -924.1830,    550.3589,  25848.4512,
       1,     168,     254,       1,       1,       3,       1,     10.0000,      1.3996,     42.5892,    248.3603,     62.5030,      3.4953,      0.0000,     -0.0322,      2.4307,      0.1588,      5.5779,     11.1559,      1.4029,     28.6078,     57.2157,      0.0192,      0.0019,      0.0156,      0.2039,   7754.5356,-422675.9062,   -924.3684,    550.4313,  25849.6074,
       1,     168,     254,       2,       1,       3,       1,     10.0000,      1.3996,     42.5892,    248.3603,     62.5030,      3.4953,      0.0000,     -0.0322,      1.9496,      0.1581,      5.5779,     11.1559,      1.3973,     28.6078,     57.2157,      0.0192,      0.0015,      0.0156,      0.2039,   7754.8823,-421687.9688,   -923.9644,    550.4993,  25849.6094,
       1,     168,     254,       3,       1,       3,       1,     10.0000,      1.3996,     42.5892,    248.3603,     62.5030,      3.4953,      0.0000,     -0.0321,      1.6406,      0.1550,      5.5779,     11.1559,      1.3695,     28.6078,     57.2157,      0.0192,      0.0013,      0.0156,      0.2039,   7754.8833,-421003.9375,   -923.8682,    550.5464,  25849.6074,
       1,     168,     254,       4,       1,       3,       1,     10.0000,      1.3996,     42.5892,    248.3603,     62.5030,      3.4953,      0.0000,     -0.0320,      1.5630,      0.1533,      5.5779,     11.1559,      1.3544,     28.6078,     57.2157,      0.0192,      0.0012,      0.0156,      0.2039,   7754.8823,-420560.6875,   -923.8103,    550.5769,  25849.6055,
       1,     168,     254,       5,       1,       3,       1,     10.0000,      1.3996,     42.5892,    248.3603,     62.5030,      3.4953,      0.0000,     -0.0320,      1.5520,      0.1525,      5.5779,     11.1559,      1.3476,     28.6078,     57.2157,      0.0192,      0.0012,      0.0156,      0.2039,   7754.8818,-420426.1562,   -923.8162,    550.5861,  25849.6055,
       1,     168,     254,       6,       1,       3,       1,     10.0000,      1.3996,     42.5892,    248.3603,     62.5030,      3.4953,      0.0000,     -0.0317,      0.8078,      0.1443,      5.5779,     11.1559,      1.2750,     28.6078,     57.2157,      0.0192,      0.0006,      0.0156,      0.2039,   7754.8818,-420401.0312,   -923.8477,    550.5880,  25849.6094,
       1,     168,     254,       7,       1,       3,       1,     10.0000,      1.3996,     42.5892,    248.3603,     62.5030,      3.4953,      0.0000,     -0.0314,      0.7288,      0.1348,      5.5779,     11.1559,      1.1914,     28.6078,     57.2157,      0.0192,      0.0006,      0.0156,      0.2039,   7754.8833,-419471.5938,   -910.2653,    550.6519,  25849.6074,
       1,     168,     254,       8,       1,       3,       1,     10.0000,      1.3996,     42.5892,    248.3603,     62.5030,      3.4953,      0.0101,     -0.0213,      0.3610,      0.1346,      5.5779,     11.1559,      1.1890,     28.6078,     57.2157,      0.0192,      0.0003,      0.0156,      0.2039,   7754.8823,-419293.7188,   -910.2818,    550.6642,  25849.6074,
       1,     168,     254,       9,       1,       3,       1,     10.0000,      1.3996,     42.5892,    248.3603,     62.5030,      3.4953,      0.1032,      0.0713,      2.9891,      0.1487,      5.5779,     11.1559,      1.3142,     28.6078,     57.2157,      0.0192,      0.0003,      0.1285,      0.2039,   7754.8823,-418820.2812,   -910.2361,    550.6967,  25849.6055,
       1,     168,     254,      10,       1,       3,       1,     10.0000,      1.3996,     42.5892,    248.3603,     62.5030,      3.4953,      0.1776,      0.1449,      6.4683,      0.1716,      5.5779,     11.1559,      1.5167,     28.6078,     57.2157,      0.0192,      0.0003,      0.2360,      0.2039,   7754.8818,-422052.9375,   -911.1672,    550.4742,  25849.6074,
       1,     168,     254,      11,       1,       3,       1,     10.0000,      1.3996,     42.5892,    248.3603,     62.5030,      3.4953,      0.1771,      0.1439,      7.7242,      0.1903,      5.5779,     11.1559,      1.6820,     28.6078,     57.2157,      0.0192,      0.0004,      0.2353,      0.2039,   7754.8823,-426663.2188,   -912.8541,    550.1570,  25849.6055,
       1,     168,     254,      12,       1,       3,       1,     10.0000,      1.3996,     42.5892,    248.3603,     62.5030,      3.4953,      0.1871,      0.1530,      9.0543,      0.2187,      5.5779,     11.1559,      1.9329,     28.6078,     57.2157,      0.0192,      0.0004,      0.2500,      0.2039,   7754.8818,-428623.0938,   -914.1794,    550.0223,  25849.6074,
       1,     168,     254,      13,       1,       3,       1,     10.0000,      1.3996,     42.5892,    248.3603,     62.5030,      3.4953,      0.1870,      0.1523,     10.2367,      0.2434,      5.5779,     11.1559,      2.1504,     28.6078,     57.2157,      0.0192,      0.0005,      0.2500,      0.2039,   7754.8823,-430447.3750,   -916.3938,    549.8969,  25849.6074,
       1,     168,     254,      14,       1,       3,       1,     10.0000,      1.3996,     42.5892,    248.3603,     62.5030,      3.4953,      0.1870,      0.1522,     10.4105,      0.2469,      5.5779,     11.1559,      2.1821,     28.6078,     57.2157,      0.0192,      0.0005,      0.2500,      0.2039,   7754.8823,-432076.5000,   -918.8550,    549.7849,  25849.6074,
       1,     168,     254,      15,       1,       3,       1,     10.0000,      1.3996,     42.5892,    248.3603,     62.5030,      3.4953,      0.1882,      0.1535,     25.0178,      0.2415,      5.5779,     11.1559,      2.1337,     28.6078,     57.2157,      0.0192,      0.0012,      0.2500,      0.2039,   7754.8823,-432432.6875,   -920.4935,    549.7604,  25849.6094,
       1,     168,     254,      16,       1,       3,       1,     10.0000,      1.3996,     42.5892,    248.3603,     62.5030,      3.4953,      0.1401,      0.1067,     32.7722,      0.1949,      5.5779,     11.1559,      1.7224,     28.6078,     57.2157,      0.0192,      0.0023,      0.1783,      0.2039,   7754.8833,-450658.4688,   -925.0703,    548.5081,  25849.6094,
       1,     168,     254,      17,       1,       3,       1,     10.0000,      1.3996,     42.5892,    248.3603,     62.5030,      3.4953,      0.0270,     -0.0047,      4.6364,      0.1443,      5.5779,     11.1559,      1.2750,     28.6078,     57.2157,      0.0192,      0.0031,      0.0183,      0.2039,   7754.8833,-461884.7500,   -919.1663,    547.7397,  25849.6074,
       1,     168,     254,      18,       1,       3,       1,     10.0000,      1.3996,     42.5892,    248.3603,     62.5030,      3.4953,      0.0221,     -0.0096,      4.1360,      0.1447,      5.5779,     11.1559,      1.2789,     28.6078,     57.2157,      0.0192,      0.0045,      0.0113,      0.2039,   7754.8823,-427782.8438,   -912.2569,    550.0751,  25849.6074,
       1,     168,     254,      19,       1,       3,       1,     10.0000,      1.3996,     42.5892,    248.3603,     62.5030,      3.4953,      0.0339,      0.0019,     10.7018,      0.1505,      5.5779,     11.1559,      1.3301,     28.6078,     57.2157,      0.0192,      0.0048,      0.0272,      0.2039,   7754.8823,-424255.5938,   -911.6987,    550.3226,  25849.6074,
       1,     168,     254,      20,       1,       3,       1,     10.0000,      1.3996,     42.5892,    248.3603,     62.5030,      3.4953,      0.0065,     -0.0254,      5.2984,      0.1498,      5.5779,     11.1559,      1.3235,     28.6078,     57.2157,      0.0192,      0.0042,      0.0156,      0.2039,   7754.8823,-432124.9688,   -913.8912,    549.7814,  25849.6055,
       1,     168,     254,      21,       1,       3,       1,     10.0000,      1.3996,     42.5892,    248.3603,     62.5030,      3.4953,      0.0000,     -0.0318,      2.8762,      0.1465,      5.5779,     11.1559,      1.2944,     28.6078,     57.2157,      0.0192,      0.0023,      0.0156,      0.2039,   7754.8818,-426069.5000,   -913.4843,    550.1978,  25849.6074,
       1,     168,     254,      22,       1,       3,       1,     10.0000,      1.3996,     42.5892,    248.3603,     62.5030,      3.4953,      0.0000,     -0.0318,      0.9869,      0.1462,      5.5779,     11.1559,      1.2918,     28.6078,     57.2157,      0.0192,      0.0008,      0.0156,      0.2039,   7754.8823,-422533.7188,   -913.1637,    550.4410,  25849.6094,
       1,     168,     254,      23,       1,       3,       1,     10.0000,      1.3996,     42.5892,    248.3603,     62.5030,      3.4953,      0.0000,     -0.0317,      0.3525,      0.1450,      5.5779,     11.1559,      1.2814,     28.6078,     57.2157,      0.0192,      0.0003,      0.0156,      0.2039,   7754.8833,-419877.5625,   -912.7599,    550.6240,  25849.6055,
       1,     168,     254,      24,       1,       3,       1,     10.0000,      1.3996,     42.5892,    248.3603,     62.5030,      3.4953,      0.0000,     -0.0318,      0.4085,      0.1455,      5.5779,     11.1559,      1.2853,     28.6078,     57.2157,      0.0192,      0.0003,      0.0156,      0.2039,   7754.8818,-418859.9688,   -912.5807,    550.6940,  25849.6055,
       1,     168,     255,       1,       1,       3,       1,     10.0000,      1.3996,     42.5895,    248.3662,     62.5044,      3.4953,      0.0000,     -0.0316,      0.5407,      0.1423,      5.5785,     11.1569,      1.2571,     28.6039,     57.2079,      0.0192,      0.0004,      0.0156,      0.2039,   7754.8818,-418997.9062,   -912.8714,    550.6974,  25850.7637,
       1,     168,     255,       2,       1,       3,       1,     10.0000,      1.3996,     42.5895,    248.3662,     62.5044,      3.4953,      0.0000,     -0.0316,      0.7958,      0.1423,      5.5785,     11.1569,      1.2571,     28.6039,     57.2079,      0.0192,      0.0006,      0.0156,      0.2039,   7755.2295,-419021.7188,   -912.6345,    550.6958,  25850.7617,
       1,     168,     255,       3,       1,       3,       1,     10.0000,      1.3996,     42.5895,    248.3662,     62.5044,      3.4953,      0.0000,     -0.0316,      0.8720,      0.1400,      5.5785,     11.1569,      1.2370,     28.6039,     57.2079,      0.0192,      0.0007,      0.0156,      0.2039,   7755.2290,-419341.5938,   -912.7247,    550.6737,  25850.7637,
       1,     168,     255,       4,       1,       3,       1,     10.0000,      1.3996,     42.5895,    248.3662,     62.5044,      3.4953,      0.0000,     -0.0316,      0.9191,      0.1407,      5.5785,     11.1569,      1.2432,     28.6039,     57.2079,      0.0192,      0.0007,      0.0156,      0.2039,   7755.2295,-419463.8438,   -912.8119,    550.6653,  25850.7637,
       1,     168,     255,       5,       1,       3,       1,     10.0000,      1.3996,     42.5895,    248.3662,     62.5044,      3.4953,      0.0000,     -0.0316,      0.7259,      0.1398,      5.5785,     11.1569,      1.2357,     28.6039,     57.2079,      0.0192,      0.0006,      0.0156,      0.2039,   7755.2295,-419533.0000,   -912.9011,    550.6606,  25850.7656,
       1,     168,     255,       6,       1,       3,       1,     10.0000,      1.3996,     42.5895,    248.3662,     62.5044,      3.4953,      0.0000,     -0.0316,      0.3385,      0.1400,      5.5785,     11.1569,      1.2370,     28.6039,     57.2079,      0.0192,      0.0003,      0.0156,      0.2039,   7755.2300,-419298.0625,   -912.9049,    550.6768,  25850.7637,
       1,     168,     255,       7,       1,       3,       1,     10.0000,      1.3996,     42.5895,    248.3662,     62.5044,      3.4953,      0.0000,     -0.0315,      0.3369,      0.1394,      5.5785,     11.1569,      1.2320,     28.6039,     57.2079,      0.0192,      0.0003,      0.0156,      0.2039,   7755.2295,-418795.6875,   -912.8169,    550.7113,  25850.7637,
       1,     168,     255,       8,       1,       3,       1,     10.0000,      1.3996,     42.5895,    248.3662,     62.5044,      3.4953,      0.0183,     -0.0132,      0.1399,      0.1391,      5.5785,     11.1569,      1.2295,     28.6039,     57.2079,      0.0192,      0.0003,      0.0065,      0.2039,   7755.2295,-418750.7188,   -912.8105,    550.7144,  25850.7637,
       1,     168,     255,       9,       1,       3,       1,     10.0000,      1.3996,     42.5895,    248.3662,     62.5044,      3.4953,      0.1262,      0.0941,      3.9460,      0.1551,      5.5785,     11.1569,      1.3709,     28.6039,     57.2079,      0.0192,      0.0003,      0.1616,      0.2039,   7755.2295,-418501.5312,   -910.1008,    550.7316,  25850.7637,
       1,     168,     255,      10,       1,       3,       1,     10.0000,      1.3996,     42.5895,    248.3662,     62.5044,      3.4953,      0.1533,      0.1207,      5.5050,      0.1717,      5.5785,     11.1569,      1.5168,     28.6039,     57.2079,      0.0192,      0.0003,      0.2008,      0.2039,   7755.2295,-423219.5625,   -911.4591,    550.4067,  25850.7637,
       1,     168,     255,      11,       1,       3,       1,     10.0000,      1.3996,     42.5895,    248.3662,     62.5044,      3.4953,      0.1743,      0.1411,      7.1722,      0.1911,      5.5785,     11.1569,      1.6887,     28.6039,     57.2079,      0.0192,      0.0004,      0.2313,      0.2039,   7755.2295,-425565.8438,   -912.8594,    550.2454,  25850.7637,
       1,     168,     255,      12,       1,       3,       1,     10.0000,      1.3996,     42.5895,    248.3662,     62.5044,      3.4953,      0.1871,      0.1532,      8.6934,      0.2111,      5.5785,     11.1569,      1.8658,     28.6039,     57.2079,      0.0192,      0.0004,      0.2500,      0.2039,   7755.2295,-427843.0625,   -914.6465,    550.0888,  25850.7617,
       1,     168,     255,      13,       1,       3,       1,     10.0000,      1.3996,     42.5895,    248.3662,     62.5044,      3.4953,      0.1871,      0.1527,      9.5907,      0.2300,      5.5785,     11.1569,      2.0321,     28.6039,     57.2079,      0.0192,      0.0005,      0.2500,      0.2039,   7755.2290,-429932.8750,   -916.5923,    549.9451,  25850.7656,
       1,     168,     255,      14,       1,       3,       1,     10.0000,      1.3996,     42.5895,    248.3662,     62.5044,      3.4953,      0.1880,      0.1541,     19.4334,      0.2120,      5.5785,     11.1569,      1.8731,     28.6039,     57.2079,      0.0192,      0.0010,      0.2500,      0.2039,   7755.2300,-431229.1875,   -918.4997,    549.8560,  25850.7656,
       1,     168,     255,      15,       1,       3,       1,     10.0000,      1.3996,     42.5895,    248.3662,     62.5044,      3.4953,      0.1899,      0.1565,     41.8970,      0.1938,      5.5785,     11.1569,      1.7123,     28.6039,     57.2079,      0.0192,      0.0021,      0.2500,      0.2039,   7755.2300,-443599.0000,   -921.8348,    549.0059,  25850.7617,
       1,     168,     255,      16,       1,       3,       1,     10.0000,      1.3996,     42.5895,    248.3662,     62.5044,      3.4953,      0.1168,      0.0840,     36.8986,      0.1742,      5.5785,     11.1569,      1.5396,     28.6039,     57.2079,      0.0192,      0.0031,      0.1440,      0.2039,   7755.2290,-472643.2500,   -928.1859,    547.0134,  25850.7637,
       1,     168,     255,      17,       1,       3,       1,     10.0000,      1.3996,     42.5895,    248.3662,     62.5044,      3.4953,      0.0182,     -0.0137,      1.7472,      0.1511,      5.5785,     11.1569,      1.3355,     28.6039,     57.2079,      0.0192,      0.0038,      0.0056,      0.2039,   7755.2295,-468908.2812,   -919.9659,    547.2723,  25850.6855,
       1,     168,     255,      18,       1,       3,       1,     10.0000,      1.3996,     42.5895,    248.3662,     62.5044,      3.4953,      0.0347,      0.0028,     10.1852,      0.1510,      5.5785,     11.1569,      1.3342,     28.6039,     57.2079,      0.0192,      0.0044,      0.0285,      0.2039,   7755.2061,-424789.3438,   -911.8259,    550.2905,  25850.7637,
       1,     168,     255,      19,       1,       3,       1,     10.0000,      1.3996,     42.5895,    248.3662,     62.5044,      3.4953,      0.0411,      0.0091,      9.7087,      0.1517,      5.5785,     11.1569,      1.3409,     28.6039,     57.2079,      0.0192,      0.0032,      0.0378,      0.2039,   7755.2295,-431539.0625,   -912.9773,    549.8345,  25850.7656,
       1,     168,     255,      20,       1,       3,       1,     10.0000,      1.3996,     42.5895,    248.3662,     62.5044,      3.4953,      0.0064,     -0.0255,      3.1693,      0.1495,      5.5785,     11.1569,      1.3208,     28.6039,     57.2079,      0.0192,      0.0025,      0.0156,      0.2039,   7755.2300,-431513.9062,   -913.5131,    549.8365,  25850.7637,
       1,     168,     255,      21,       1,       3,       1,     10.0000,      1.3996,     42.5895,    248.3662,     62.5044,      3.4953,      0.0000,     -0.0318,      2.4427,      0.1466,      5.5785,     11.1569,      1.2958,     28.6039,     57.2079,      0.0192,      0.0019,      0.0156,      0.2039,   7755.2295,-423367.1562,   -912.4062,    550.3965,  25850.7637,
       1,     168,     255,      22,       1,       3,       1,     10.0000,      1.3996,     42.5895,    248.3662,     62.5044,      3.4953,      0.0000,     -0.0317,      0.5831,      0.1433,      5.5785,     11.1569,      1.2660,     28.6039,     57.2079,      0.0192,      0.0005,      0.0156,      0.2039,   7755.2295,-421765.0000,   -912.3680,    550.5070,  25850.7637,
       1,     168,     255,      23,       1,       3,       1,     10.0000,      1.3996,     42.5895,    248.3662,     62.5044,      3.4953,      0.0000,     -0.0316,      0.3464,      0.1410,      5.5785,     11.1569,      1.2457,     28.6039,     57.2079,      0.0192,      0.0003,      0.0156,      0.2039,   7755.2295,-419311.6875,   -911.9565,    550.6758,  25850.7656,
       1,     168,     255,      24,       1,       3,       1,     10.0000,      1.3996,     42.5895,    248.3662,     62.5044,      3.4953,      0.0000,     -0.0316,      0.5100,      0.1401,      5.5785,     11.1569,      1.2382,     28.6039,     57.2079,      0.0192,      0.0004,      0.0156,      0.2039,   7755.2300,-418806.5000,   -911.8682,    550.7106,  25850.7617,
       1,     168,     256,       1,       1,       3,       1,     10.0000,      1.3996,     42.5899,    248.3720,     62.5059,      3.4953,      0.0000,     -0.0315,      0.5804,      0.1391,      5.5784,     11.1569,      1.2295,     28.6000,     57.2000,      0.0192,      0.0005,      0.0156,      0.2040,   7755.2290,-419122.5000,   -912.2029,    550.7018,  25851.9180,
       1,     168,     256,       2,       1,       3,       1,     10.0000,      1.3996,     42.5899,    248.3720,     62.5059,      3.4953,      0.0000,     -0.0314,      0.4526,      0.1366,      5.5784,     11.1569,      1.2073,     28.6000,     57.2000,      0.0192,      0.0004,      0.0156,      0.2040,   7755.5757,-419084.7188,   -911.9727,    550.7044,  25851.9180,
       1,     168,     256,       3,       1,       3,       1,     10.0000,      1.3996,     42.5899,    248.3720,     62.5059,      3.4953,      0.0000,     -0.0314,      0.3270,      0.1358,      5.5784,     11.1569,      1.2000,     28.6000,     57.2000,      0.0192,      0.0003,      0.0156,      0.2040,   7755.5757,-418922.3750,   -911.9539,    550.7156,  25851.9180,
       1,     168,     256,       4,       1,       3,       1,     10.0000,      1.3996,     42.5899,    248.3720,     62.5059,      3.4953,      0.0000,     -0.0313,      0.3217,      0.1339,      5.5784,     11.1569,      1.1831,     28.6000,     57.2000,      0.0192,      0.0003,      0.0156,      0.2040,   7755.5757,-418752.1250,   -911.9251,    550.7274,  25851.9160,
       1,     168,     256,       5,       1,       3,       1,     10.0000,      1.3996,     42.5899,    248.3720,     62.5059,      3.4953,      0.0000,     -0.0313,      0.3169,      0.1321,      5.5784,     11.1569,      1.1676,     28.6000,     57.2000,      0.0192,      0.0002,      0.0156,      0.2040,   7755.5752,-418730.9375,   -911.9233,    550.7287,  25851.9160,
       1,     168,     256,       6,       1,       3,       1,     10.0000,      1.3996,     42.5899,    248.3720,     62.5059,      3.4953,      0.0000,     -0.0311,      0.3067,      0.1284,      5.5784,     11.1569,      1.1348,     28.6000,     57.2000,      0.0192,      0.0002,      0.0156,      0.2040,   7755.5752,-418723.2812,   -911.9235,    550.7292,  25851.9180,
       1,     168,     256,       7,       1,       3,       1,     10.0000,      1.3996,     42.5899,    248.3720,     62.5059,      3.4953,      0.0000,     -0.0311,      0.3042,      0.1275,      5.5784,     11.1569,      1.1267,     28.6000,     57.2000,      0.0192,      0.0002,      0.0156,      0.2040,   7755.5757,-418709.8750,   -911.9222,    550.7302,  25851.9199,
       1,     168,     256,       8,       1,       3,       1,     10.0000,      1.3996,     42.5899,    248.3720,     62.5059,      3.4953,      0.0203,     -0.0108,      0.1930,      0.1286,      5.5784,     11.1569,      1.1360,     28.6000,     57.2000,      0.0192,      0.0002,      0.0098,      0.2040,   7755.5762,-418705.1562,   -911.9221,    550.7305,  25851.9180,
       1,     168,     256,       9,       1,       3,       1,     10.0000,      1.3996,     42.5899,    248.3720,     62.5059,      3.4953,      0.1080,      0.0765,      2.9026,      0.1383,      5.5784,     11.1569,      1.2221,     28.6000,     57.2000,      0.0192,      0.0003,      0.1356,      0.2040,   7755.5757,-418566.6875,   -911.9409,    550.7401,  25851.9180,
       1,     168,     256,      10,       1,       3,       1,     10.0000,      1.3996,     42.5899,    248.3720,     62.5059,      3.4953,      0.1703,      0.1380,      5.7420,      0.1610,      5.5784,     11.1569,      1.4228,     28.6000,     57.2000,      0.0192,      0.0003,      0.2254,      0.2040,   7755.5757,-421928.4062,   -912.9568,    550.5086,  25851.9180,
       1,     168,     256,      11,       1,       3,       1,     10.0000,      1.3996,     42.5899,    248.3720,     62.5059,      3.4953,      0.1872,      0.1538,      7.8945,      0.1942,      5.5784,     11.1569,      1.7157,     28.6000,     57.2000,      0.0192,      0.0004,      0.2500,      0.2040,   7755.5757,-425752.3438,   -914.3915,    550.2455,  25851.9180,
       1,     168,     256,      12,       1,       3,       1,     10.0000,      1.3996,     42.5899,    248.3720,     62.5059,      3.4953,      0.1823,      0.1484,      8.5655,      0.2137,      5.5784,     11.1569,      1.8880,     28.6000,     57.2000,      0.0192,      0.0004,      0.2430,      0.2040,   7755.5757,-428760.4688,   -916.4892,    550.0388,  25851.9160,
       1,     168,     256,      13,       1,       3,       1,     10.0000,      1.3996,     42.5899,    248.3720,     62.5059,      3.4953,      0.1590,      0.1255,      6.7975,      0.1992,      5.5784,     11.1569,      1.7604,     28.6000,     57.2000,      0.0192,      0.0004,      0.2090,      0.2040,   7755.5752,-429853.8125,   -918.4357,    549.9636,  25851.9199,
       1,     168,     256,      14,       1,       3,       1,     10.0000,      1.3996,     42.5899,    248.3720,     62.5059,      3.4953,      0.1280,      0.0956,      4.2683,      0.1639,      5.5784,     11.1569,      1.4487,     28.6000,     57.2000,      0.0192,      0.0003,      0.1641,      0.2040,   7755.5762,-427745.2188,   -918.7734,    550.1085,  25851.9199,
       1,     168,     256,      15,       1,       3,       1,     10.0000,      1.3996,     42.5899,    248.3720,     62.5059,      3.4953,      0.0859,      0.0538,      7.7807,      0.1524,      5.5784,     11.1569,      1.3464,     28.6000,     57.2000,      0.0192,      0.0009,      0.1028,      0.2040,   7755.5762,-424415.1875,   -911.5833,    550.3376,  25851.9180,
       1,     168,     256,      16,       1,       3,       1,     10.0000,      1.3996,     42.5899,    248.3720,     62.5059,      3.4953,      0.0125,     -0.0185,      3.0673,      0.1256,      5.5784,     11.1569,      1.1097,     28.6000,     57.2000,      0.0192,      0.0024,      0.0156,      0.2040,   7755.5757,-428504.0000,   -912.2130,    550.0563,  25851.9180,
       1,     168,     256,      17,       1,       3,       1,     10.0000,      1.3996,     42.5899,    248.3720,     62.5059,      3.4953,      0.0270,     -0.0038,      5.0777,      0.1202,      5.5784,     11.1569,      1.0620,     28.6000,     57.2000,      0.0192,      0.0032,      0.0193,      0.2040,   7755.5757,-422985.0625,   -911.2365,    550.4359,  25851.9199,
       1,     168,     256,      18,       1,       3,       1,     10.0000,      1.3996,     42.5899,    248.3720,     62.5059,      3.4953,      0.0298,     -0.0011,      5.1297,      0.1224,      5.5784,     11.1569,      1.0817,     28.6000,     57.2000,      0.0192,      0.0027,      0.0231,      0.2040,   7755.5762,-425015.3750,   -911.6197,    550.2963,  25851.9180,
       1,     168,     256,      19,       1,       3,       1,     10.0000,      1.3996,     42.5899,    248.3720,     62.5059,      3.4953,      0.0095,     -0.0214,      1.6451,      0.1246,      5.5784,     11.1569,      1.1007,     28.6000,     57.2000,      0.0192,      0.0013,      0.0156,      0.2040,   7755.5757,-425254.4688,   -912.1487,    550.2799,  25851.9180,
       1,     168,     256,      20,       1,       3,       1,     10.0000,      1.3996,     42.5899,    248.3720,     62.5059,      3.4953,      0.0018,     -0.0291,      0.5591,      0.1235,      5.5784,     11.1569,      1.0917,     28.6000,     57.2000,      0.0192,      0.0004,      0.0156,      0.2040,   7755.5757,-420935.7812,   -911.5122,    550.5769,  25851.9199,
       1,     168,     256,      21,       1,       3,       1,     10.0000,      1.3996,     42.5899,    248.3720,     62.5059,      3.4953,      0.0000,     -0.0309,      0.3102,      0.1219,      5.5784,     11.1569,      1.0773,     28.6000,     57.2000,      0.0192,      0.0002,      0.0156,      0.2040,   7755.5762,-419213.3750,   -911.2378,    550.6955,  25851.9180,
       1,     168,     256,      22,       1,       3,       1,     10.0000,      1.3996,     42.5899,    248.3720,     62.5059,      3.4953,      0.0000,     -0.0309,      0.2901,      0.1223,      5.5784,     11.1569,      1.0806,     28.6000,     57.2000,      0.0192,      0.0002,      0.0156,      0.2040,   7755.5757,-418756.2812,   -910.0866,    550.7271,  25851.9180,
       1,     168,     256,      23,       1,       3,       1,     10.0000,      1.3996,     42.5899,    248.3720,     62.5059,      3.4953,      0.0000,     -0.0308,      0.2870,      0.1212,      5.5784,     11.1569,      1.0708,     28.6000,     57.2000,      0.0192,      0.0002,      0.0156,      0.2040,   7755.5757,-418691.8438,   -910.0766,    550.7315,  25851.9180,
       1,     168,     256,      24,       1,       3,       1,     10.0000,      1.3996,     42.5899,    248.3720,     62.5059,      3.4953,      0.0000,     -0.0307,      0.2804,      0.1187,      5.5784,     11.1569,      1.0491,     28.6000,     57.2000,      0.0192,      0.0002,      0.0156,      0.2040,   7755.5757,-418682.5625,   -910.0766,    550.7321,  25851.9160,
       1,     168,     257,       1,       1,       3,       1,     10.0000,      1.3996,     42.5902,    248.3779,     62.5074,      3.4953,      0.0000,     -0.0307,      0.2759,      0.1170,      5.5796,     11.1591,      1.0342,     28.5886,     57.1772,      0.0192,      0.0002,      0.0156,      0.2040,   7755.5752,-418829.1250,   -910.3624,    550.7352,  25853.0723,
       1,     168,     257,       2,       1,       3,       1,     10.0000,      1.3996,     42.5902,    248.3779,     62.5074,      3.4953,      0.0000,     -0.0306,      0.2746,      0.1166,      5.5796,     11.1591,      1.0300,     28.5886,     57.1772,      0.0192,      0.0002,      0.0156,      0.2040,   7755.9219,-418683.1562,   -910.0848,    550.7451,  25853.0703,
       1,     168,     257,       3,       1,       3,       1,     10.0000,      1.3996,     42.5902,    248.3779,     62.5074,      3.4953,      0.0000,     -0.0307,      0.2794,      0.1184,      5.5796,     11.1591,      1.0459,     28.5886,     57.1772,      0.0192,      0.0002,      0.0156,      0.2040,   7755.9214,-418669.5312,   -910.0848,    550.7461,  25853.0723,
       1,     168,     257,       4,       1,       3,       1,     10.0000,      1.3996,     42.5902,    248.3779,     62.5074,      3.4953,      0.0000,     -0.0307,      0.2785,      0.1180,      5.5796,     11.1591,      1.0427,     28.5886,     57.1772,      0.0192,      0.0002,      0.0156,      0.2040,   7755.9219,-418674.0312,   -910.0862,    550.7458,  25853.0703,
       1,     168,     257,       5,       1,       3,       1,     10.0000,      1.3996,     42.5902,    248.3779,     62.5074,      3.4953,      0.0000,     -0.0306,      0.2736,      0.1162,      5.5796,     11.1591,      1.0268,     28.5886,     57.1772,      0.0192,      0.0002,      0.0156,      0.2040,   7755.9214,-418673.4375,   -910.0881,    550.7458,  25853.0684,
       1,     168,     257,       6,       1,       3,       1,     10.0000,      1.3996,     42.5902,    248.3779,     62.5074,      3.4953,      0.0000,     -0.0307,      0.2817,      0.1192,      5.5796,     11.1591,      1.0534,     28.5886,     57.1772,      0.0192,      0.0002,      0.0156,      0.2040,   7755.9209,-418667.5625,   -910.0887,    550.7462,  25853.0703,
       1,     168,     257,       7,       1,       3,       1,     10.0000,      1.3996,     42.5902,    248.3779,     62.5074,      3.4953,      0.0000,     -0.0307,      0.2804,      0.1187,      5.5796,     11.1591,      1.0491,     28.5886,     57.1772,      0.0192,      0.0002,      0.0156,      0.2040,   7755.9214,-418677.0312,   -910.0914,    550.7455,  25853.0723,
       1,     168,     257,       8,       1,       3,       1,     10.0000,      1.3996,     42.5902,    248.3779,     62.5074,      3.4953,      0.0136,     -0.0172,      0.0094,      0.1204,      5.5796,     11.1591,      1.0642,     28.5886,     57.1772,      0.0192,      0.0002,      0.0005,      0.2040,   7755.9219,-418675.9062,   -910.0919,    550.7456,  25853.0723,
       1,     168,     257,       9,       1,       3,       1,     10.0000,      1.3996,     42.5902,    248.3779,     62.5074,      3.4953,      0.1419,      0.1106,      3.8198,      0.1343,      5.5796,     11.1591,      1.1867,     28.5886,     57.1772,      0.0192,      0.0003,      0.1846,      0.2040,   7755.9219,-418338.4375,   -910.0814,    550.7689,  25853.0723,
       1,     168,     257,      10,       1,       3,       1,     10.0000,      1.3996,     42.5902,    248.3779,     62.5074,      3.4953,      0.1856,      0.1532,      6.4244,      0.1636,      5.5796,     11.1591,      1.4458,     28.5886,     57.1772,      0.0192,      0.0003,      0.2476,      0.2040,   7755.9219,-423053.1562,   -911.4876,    550.4443,  25853.0723,
       1,     168,     257,      11,       1,       3,       1,     10.0000,      1.3996,     42.5902,    248.3779,     62.5074,      3.4953,      0.1872,      0.1540,      7.6558,      0.1890,      5.5796,     11.1591,      1.6705,     28.5886,     57.1772,      0.0192,      0.0004,      0.2500,      0.2040,   7755.9219,-426700.2500,   -913.2184,    550.1934,  25853.0723,
       1,     168,     257,      12,       1,       3,       1,     10.0000,      1.3996,     42.5902,    248.3779,     62.5074,      3.4953,      0.1872,      0.1536,      8.2056,      0.2008,      5.5796,     11.1591,      1.7744,     28.5886,     57.1772,      0.0192,      0.0004,      0.2500,      0.2040,   7755.9219,-428545.9375,   -915.4177,    550.0665,  25853.0723,
       1,     168,     257,      13,       1,       3,       1,     10.0000,      1.3996,     42.5902,    248.3779,     62.5074,      3.4953,      0.1871,      0.1528,      9.3668,      0.2253,      5.5796,     11.1591,      1.9908,     28.5886,     57.1772,      0.0192,      0.0005,      0.2500,      0.2040,   7755.9219,-429388.6875,   -917.5733,    550.0087,  25853.0742,
       1,     168,     257,      14,       1,       3,       1,     10.0000,      1.3996,     42.5902,    248.3779,     62.5074,      3.4953,      0.1874,      0.1530,     14.2691,      0.2331,      5.5796,     11.1591,      2.0602,     28.5886,     57.1772,      0.0192,      0.0007,      0.2500,      0.2040,   7755.9224,-430906.4688,   -919.7108,    549.9043,  25853.0742,
       1,     168,     257,      15,       1,       3,       1,     10.0000,      1.3996,     42.5902,    248.3779,     62.5074,      3.4953,      0.1906,      0.1558,     56.0973,      0.2467,      5.5796,     11.1591,      2.1801,     28.5886,     57.1772,      0.0192,      0.0028,      0.2500,      0.2040,   7755.9224,-437140.7188,   -922.3654,    549.4758,  25853.0723,
       1,     168,     257,      16,       1,       3,       1,     10.0000,      1.3996,     42.5902,    248.3779,     62.5074,      3.4953,      0.1682,      0.1336,     71.4806,      0.2387,      5.5796,     11.1591,      2.1090,     28.5886,     57.1772,      0.0192,      0.0041,      0.2152,      0.2040,   7755.9219,-489763.1562,   -933.7813,    545.8616,  25853.0723,
       1,     168,     257,      17,       1,       3,       1,     10.0000,      1.3996,     42.5902,    248.3779,     62.5074,      3.4953,      0.0956,      0.0623,     43.7186,      0.1924,      5.5796,     11.1591,      1.7005,     28.5886,     57.1772,      0.0192,      0.0048,      0.1121,      0.2039,   7755.9219,-513470.5938,   -939.0568,    544.2559,  25853.0723,
       1,     168,     257,      18,       1,       3,       1,     10.0000,      1.3996,     42.5902,    248.3779,     62.5074,      3.4953,      0.0236,     -0.0079,      5.8653,      0.1404,      5.5796,     11.1591,      1.2408,     28.5886,     57.1772,      0.0192,      0.0054,      0.0134,      0.2039,   7755.9219,-480875.0000,   -932.5602,    546.4757,  25853.0703,
       1,     168,     257,      19,       1,       3,       1,     10.0000,      1.3996,     42.5902,    248.3779,     62.5074,      3.4953,      0.0182,     -0.0132,      2.5213,      0.1368,      5.5796,     11.1591,      1.2085,     28.5886,     57.1772,      0.0192,      0.0051,      0.0061,      0.2039,   7755.9214,-430935.7188,   -923.6656,    549.8916,  25853.0742,
       1,     168,     257,      20,       1,       3,       1,     10.0000,      1.3996,     42.5902,    248.3779,     62.5074,      3.4953,      0.0043,     -0.0272,      7.5572,      0.1394,      5.5796,     11.1591,      1.2320,     28.5886,     57.1772,      0.0192,      0.0059,      0.0156,      0.2040,   7755.9224,-422528.4688,   -922.2979,    550.4802,  25853.0723,
       1,     168,     257,      21,       1,       3,       1,     10.0000,      1.3996,     42.5902,    248.3779,     62.5074,      3.4953,      0.0000,     -0.0316,      7.5424,      0.1401,      5.5796,     11.1591,      1.2383,     28.5886,     57.1772,      0.0192,      0.0059,      0.0156,      0.2040,   7755.9219,-428066.0000,   -923.5251,    550.0994,  25853.0723,
       1,     168,     257,      22,       1,       3,       1,     10.0000,      1.3996,     42.5902,    248.3779,     62.5074,      3.4953,      0.0000,     -0.0315,      4.2769,      0.1394,      5.5796,     11.1591,      1.2320,     28.5886,     57.1772,      0.0192,      0.0034,      0.0156,      0.2040,   7755.9219,-428521.9375,   -923.8220,    550.0682,  25853.0742,
       1,     168,     257,      23,       1,       3,       1,     10.0000,      1.3996,     42.5902,    248.3779,     62.5074,      3.4953,      0.0000,     -0.0315,      1.5795,      0.1384,      5.5796,     11.1591,      1.2233,     28.5886,     57.1772,      0.0192,      0.0012,      0.0156,      0.2040,   7755.9224,-424494.6250,   -923.2106,    550.3451,  25853.0723,
       1,     168,     257,      24,       1,       3,       1,     10.0000,      1.3996,     42.5902,    248.3779,     62.5074,      3.4953,      0.0000,     -0.0315,      1.7434,      0.1375,      5.5796,     11.1591,      1.2147,     28.5886,     57.1772,      0.0192,      0.0014,      0.0156,      0.2040,   7755.9219,-420791.7812,   -922.5632,    550.6000,  25853.0723,
       1,     168,     258,       1,       1,       3,       1,     10.0000,      1.3997,     42.5905,    248.3837,     62.5089,      3.4953,      0.0000,     -0.0314,      1.5063,      0.1353,      5.5790,     11.1580,      1.1952,     28.5884,     57.1768,      0.0192,      0.0012,      0.0156,      0.2040,   7755.9219,-420833.5000,   -922.8786,    550.6102,  25854.2246,
       1,     168,     258,       2,       1,       3,       1,     10.0000,      1.3997,     42.5905,    248.3837,     62.5089,      3.4953,      0.0000,     -0.0313,      1.3202,      0.1327,      5.5790,     11.1580,      1.1724,     28.5884,     57.1768,      0.0192,      0.0010,      0.0156,      0.2040,   7756.2676,-420389.6875,   -922.5566,    550.6407,  25854.2246,
       1,     168,     258,       3,       1,       3,       1,     10.0000,      1.3997,     42.5905,    248.3837,     62.5089,      3.4953,      0.0000,     -0.0314,      0.8466,      0.1369,      5.5790,     11.1580,      1.2098,     28.5884,     57.1768,      0.0192,      0.0007,      0.0156,      0.2040,   7756.2676,-420120.0625,   -922.5251,    550.6593,  25854.2246,
       1,     168,     258,       4,       1,       3,       1,     10.0000,      1.3997,     42.5905,    248.3837,     62.5089,      3.4953,      0.0000,     -0.0312,      0.7124,      0.1317,      5.5790,     11.1580,      1.1641,     28.5884,     57.1768,      0.0192,      0.0006,      0.0156,      0.2040,   7756.2676,-419507.3125,   -922.4260,    550.7015,  25854.2246,
       1,     168,     258,       5,       1,       3,       1,     10.0000,      1.3997,     42.5905,    248.3837,     62.5089,      3.4953,      0.0000,     -0.0312,      0.4357,      0.1300,      5.5790,     11.1580,      1.1488,     28.5884,     57.1768,      0.0192,      0.0003,      0.0156,      0.2040,   7756.2676,-419287.7812,   -922.3948,    550.7166,  25854.2246,
       1,     168,     258,       6,       1,       3,       1,     10.0000,      1.3997,     42.5905,    248.3837,     62.5089,      3.4953,      0.0000,     -0.0311,      0.3370,      0.1288,      5.5790,     11.1580,      1.1383,     28.5884,     57.1768,      0.0192,      0.0003,      0.0156,      0.2040,   7756.2676,-418924.4688,   -922.3306,    550.7415,  25854.2246,
       1,     168,     258,       7,       1,       3,       1,     10.0000,      1.3997,     42.5905,    248.3837,     62.5089,      3.4953,      0.0000,     -0.0310,      0.3018,      0.1266,      5.5790,     11.1580,      1.1188,     28.5884,     57.1768,      0.0192,      0.0002,      0.0156,      0.2040,   7756.2676,-418770.6562,   -922.3043,    550.7522,  25854.2246,
       1,     168,     258,       8,       1,       3,       1,     10.0000,      1.3997,     42.5905,    248.3837,     62.5089,      3.4953,      0.0110,     -0.0201,      0.3057,      0.1280,      5.5790,     11.1580,      1.1314,     28.5884,     57.1768,      0.0192,      0.0002,      0.0156,      0.2040,   7756.2676,-418713.5000,   -922.2953,    550.7560,  25854.2246,
       1,     168,     258,       9,       1,       3,       1,     10.0000,      1.3997,     42.5905,    248.3837,     62.5089,      3.4953,      0.1442,      0.1123,      4.3553,      0.1484,      5.5790,     11.1580,      1.3116,     28.5884,     57.1768,      0.0192,      0.0003,      0.1877,      0.2040,   7756.2676,-418713.6250,   -922.3022,    550.7561,  25854.2246,
       1,     168,     258,      10,       1,       3,       1,     10.0000,      1.3997,     42.5905,    248.3837,     62.5089,      3.4953,      0.1803,      0.1470,      7.4833,      0.1921,      5.5790,     11.1580,      1.6972,     28.5884,     57.1768,      0.0192,      0.0004,      0.2400,      0.2040,   7756.2676,-423754.5312,   -923.3623,    550.4091,  25854.2246,
       1,     168,     258,      11,       1,       3,       1,     10.0000,      1.3997,     42.5905,    248.3837,     62.5089,      3.4953,      0.1871,      0.1537,      7.9164,      0.1948,      5.5790,     11.1580,      1.7209,     28.5884,     57.1768,      0.0192,      0.0004,      0.2498,      0.2040,   7756.2676,-428080.8125,   -924.4773,    550.1115,  25854.2266,
       1,     168,     258,      12,       1,       3,       1,     10.0000,      1.3997,     42.5905,    248.3837,     62.5089,      3.4953,      0.1871,      0.1530,      9.1167,      0.2201,      5.5790,     11.1580,      1.9445,     28.5884,     57.1768,      0.0192,      0.0004,      0.2500,      0.2040,   7756.2681,-428990.4375,   -924.9304,    550.0490,  25854.2246,
       1,     168,     258,      13,       1,       3,       1,     10.0000,      1.3997,     42.5905,    248.3837,     62.5089,      3.4953,      0.1871,      0.1524,     10.1234,      0.2410,      5.5790,     11.1580,      2.1298,     28.5884,     57.1768,      0.0192,      0.0005,      0.2500,      0.2040,   7756.2676,-430562.9688,   -925.5604,    549.9410,  25854.2246,
       1,     168,     258,      14,       1,       3,       1,     10.0000,      1.3997,     42.5905,    248.3837,     62.5089,      3.4953,      0.1878,      0.1530,     20.0013,      0.2446,      5.5790,     11.1580,      2.1611,     28.5884,     57.1768,      0.0192,      0.0010,      0.2500,      0.2040,   7756.2676,-431950.8750,   -926.0621,    549.8455,  25854.2246,
       1,     168,     258,      15,       1,       3,       1,     10.0000,      1.3997,     42.5905,    248.3837,     62.5089,      3.4953,      0.1918,      0.1570,     72.0262,      0.2465,      5.5790,     11.1580,      2.1780,     28.5884,     57.1768,      0.0192,      0.0035,      0.2500,      0.2040,   7756.2676,-444368.1250,   -928.5312,    548.9921,  25854.2246,
       1,     168,     258,      16,       1,       3,       1,     10.0000,      1.3997,     42.5905,    248.3837,     62.5089,      3.4953,      0.1874,      0.1527,     82.6458,      0.2431,      5.5790,     11.1580,      2.1485,     28.5884,     57.1768,      0.0192,      0.0042,      0.2423,      0.2040,   7756.2676,-510217.9062,   -941.3575,    544.4738,  25854.2246,
       1,     168,     258,      17,       1,       3,       1,     10.0000,      1.3997,     42.5905,    248.3837,     62.5089,      3.4953,      0.1840,      0.1495,    117.3467,      0.2368,      5.5790,     11.1580,      2.0927,     28.5884,     57.1768,      0.0192,      0.0062,      0.2332,      0.2039,   7756.2676,-529139.1875,   -945.3560,    543.2047,  25854.2246,
       1,     168,     258,      18,       1,       3,       1,     10.0000,      1.3997,     42.5905,    248.3837,     62.5089,      3.4953,      0.1195,      0.0856,     80.9340,      0.2114,      5.5790,     11.1580,      1.8678,     28.5884,     57.1768,      0.0192,      0.0070,      0.1425,      0.2039,   7756.2676,-574003.5000,   -954.4719,    540.1599,  25854.2246,
       1,     168,     258,      19,       1,       3,       1,     10.0000,      1.3997,     42.5905,    248.3837,     62.5089,      3.4953,      0.0359,      0.0026,     14.4134,      0.1906,      5.5790,     11.1580,      1.6838,     28.5884,     57.1768,      0.0192,      0.0063,      0.0283,      0.2039,   7756.2676,-532419.7500,   -946.9394,    542.9761,  25854.2246,
       1,     168,     258,      20,       1,       3,       1,     10.0000,      1.3997,     42.5905,    248.3837,     62.5089,      3.4953,      0.0067,     -0.0264,      8.0663,      0.1857,      5.5790,     11.1580,      1.6409,     28.5884,     57.1768,      0.0192,      0.0063,      0.0156,      0.2039,   7756.2676,-445938.2188,   -930.4194,    548.8531,  25854.2246,
       1,     168,     258,      21,       1,       3,       1,     10.0000,      1.3997,     42.5905,    248.3837,     62.5089,      3.4953,      0.0000,     -0.0329,      7.3401,      0.1808,      5.5790,     11.1580,      1.5975,     28.5884,     57.1768,      0.0192,      0.0058,      0.0156,      0.2040,   7756.2676,-430743.5625,   -927.4651,    549.9274,  25854.2246,
       1,     168,     258,      22,       1,       3,       1,     10.0000,      1.3997,     42.5905,    248.3837,     62.5089,      3.4953,      0.0000,     -0.0328,      6.6275,      0.1767,      5.5790,     11.1580,      1.5614,     28.5884,     57.1768,      0.0192,      0.0052,      0.0156,      0.2040,   7756.2676,-428502.4062,   -926.9987,    550.0826,  25854.2246,
       1,     168,     258,      23,       1,       3,       1,     10.0000,      1.3997,     42.5905,    248.3837,     62.5089,      3.4953,      0.0000,     -0.0326,      5.7025,      0.1708,      5.5790,     11.1580,      1.5093,     28.5884,     57.1768,      0.0192,      0.0045,      0.0156,      0.2040,   7756.2676,-427422.0625,   -926.7546,    550.1569,  25854.2246,
       1,     168,     258,      24,       1,       3,       1,     10.0000,      1.3997,     42.5905,    248.3837,     62.5089,      3.4953,      0.0000,     -0.0324,      4.2522,      0.1635,      5.5790,     11.1580,      1.4444,     28.5884,     57.1768,      0.0192,      0.0033,      0.0156,      0.2040,   7756.2676,-426177.9062,   -926.4860,    550.2424,  25854.2227,
       1,     168,     259,       1,       1,       3,       1,     10.0000,      1.3997,     42.5909,    248.3895,     62.5103,      3.4953,      0.0000,     -0.0324,      3.4033,      0.1631,      5.5785,     11.1571,      1.4415,     28.5933,     57.1866,      0.0192,      0.0027,      0.0156,      0.2040,   7756.2671,-424420.2188,   -926.4170,    550.3762,  25855.3750,
       1,     168,     259,       2,       1,       3,       1,     10.0000,      1.3997,     42.5909,    248.3895,     62.5103,      3.4953,      0.0000,     -0.0323,      2.6687,      0.1604,      5.5785,     11.1571,      1.4172,     28.5933,     57.1866,      0.0192,      0.0021,      0.0156,      0.2040,   7756.6128,-423061.2812,   -925.8740,    550.4696,  25855.3750,
       1,     168,     259,       3,       1,       3,       1,     10.0000,      1.3997,     42.5909,    248.3895,     62.5103,      3.4953,      0.0000,     -0.0322,      2.5583,      0.1574,      5.5785,     11.1571,      1.3904,     28.5933,     57.1866,      0.0192,      0.0020,      0.0156,      0.2040,   7756.6128,-422030.7188,   -925.6707,    550.5406,  25855.3730,
       1,     168,     259,       4,       1,       3,       1,     10.0000,      1.3997,     42.5909,    248.3895,     62.5103,      3.4953,      0.0000,     -0.0321,      2.1214,      0.1542,      5.5785,     11.1571,      1.3628,     28.5933,     57.1866,      0.0192,      0.0017,      0.0156,      0.2040,   7756.6123,-421805.0938,   -925.6190,    550.5561,  25855.3770,
       1,     168,     259,       5,       1,       3,       1,     10.0000,      1.3997,     42.5909,    248.3895,     62.5103,      3.4953,      0.0000,     -0.0318,      1.8065,      0.1471,      5.5785,     11.1571,      1.2998,     28.5933,     57.1866,      0.0192,      0.0014,      0.0156,      0.2040,   7756.6133,-421241.2812,   -925.5007,    550.5949,  25855.3750,
       1,     168,     259,       6,       1,       3,       1,     10.0000,      1.3997,     42.5909,    248.3895,     62.5103,      3.4953,      0.0000,     -0.0317,      1.6701,      0.1452,      5.5785,     11.1571,      1.2829,     28.5933,     57.1866,      0.0192,      0.0013,      0.0156,      0.2041,   7756.6128,-420801.4375,   -925.4101,    550.6251,  25855.3750,
       1,     168,     259,       7,       1,       3,       1,     10.0000,      1.3997,     42.5909,    248.3895,     62.5103,      3.4953,      0.0000,     -0.0315,      1.0287,      0.1375,      5.5785,     11.1571,      1.2147,     28.5933,     57.1866,      0.0192,      0.0008,      0.0156,      0.2041,   7756.6128,-420594.0000,   -925.3597,    550.6394,  25855.3730,
       1,     168,     259,       8,       1,       3,       1,     10.0000,      1.3997,     42.5909,    248.3895,     62.5103,      3.4953,      0.0065,     -0.0246,      1.0339,      0.1287,      5.5785,     11.1571,      1.1372,     28.5933,     57.1866,      0.0192,      0.0008,      0.0156,      0.2041,   7756.6123,-419778.0938,   -925.1980,    550.6956,  25855.3750,
       1,     168,     259,       9,       1,       3,       1,     10.0000,      1.3997,     42.5909,    248.3895,     62.5103,      3.4953,      0.0256,     -0.0053,      1.3461,      0.1239,      5.5785,     11.1571,      1.0951,     28.5933,     57.1866,      0.0192,      0.0009,      0.0175,      0.2041,   7756.6128,-419714.4688,   -925.1791,    550.7000,  25855.3750,
       1,     168,     259,      10,       1,       3,       1,     10.0000,      1.3997,     42.5909,    248.3895,     62.5103,      3.4953,      0.0516,      0.0207,      2.3041,      0.1228,      5.5785,     11.1571,      1.0851,     28.5933,     57.1866,      0.0192,      0.0005,      0.0548,      0.2041,   7756.6128,-420097.4688,   -925.2415,    550.6736,  25855.3750,
       1,     168,     259,      11,       1,       3,       1,     10.0000,      1.3997,     42.5909,    248.3895,     62.5103,      3.4953,      0.0310,     -0.0000,      0.7184,      0.1265,      5.5785,     11.1571,      1.1177,     28.5933,     57.1866,      0.0192,      0.0003,      0.0253,      0.2041,   7756.6128,-421322.8750,   -925.4735,    550.5892,  25855.3750,
       1,     168,     259,      12,       1,       3,       1,     10.0000,      1.3997,     42.5909,    248.3895,     62.5103,      3.4953,      0.1205,      0.0898,      8.9464,      0.1180,      5.5785,     11.1571,      1.0428,     28.5933,     57.1866,      0.0192,      0.0007,      0.1532,      0.2041,   7756.6128,-419454.1250,   -925.1092,    550.7179,  25855.3730,
       1,     168,     259,      13,       1,       3,       1,     10.0000,      1.3997,     42.5909,    248.3895,     62.5103,      3.4953,      0.1343,      0.1033,      8.2489,      0.1258,      5.5785,     11.1571,      1.1120,     28.5933,     57.1866,      0.0192,      0.0006,      0.1731,      0.2041,   7756.6123,-429535.3125,   -927.7477,    550.0239,  25855.3750,
       1,     168,     259,      14,       1,       3,       1,     10.0000,      1.3997,     42.5909,    248.3895,     62.5103,      3.4953,      0.1414,      0.1101,     11.4571,      0.1346,      5.5785,     11.1571,      1.1892,     28.5933,     57.1866,      0.0192,      0.0008,      0.1829,      0.2040,   7756.6128,-429531.6562,   -927.7556,    550.0245,  25855.3750,
       1,     168,     259,      15,       1,       3,       1,     10.0000,      1.3997,     42.5909,    248.3895,     62.5103,      3.4953,      0.1168,      0.0854,      9.4371,      0.1346,      5.5785,     11.1571,      1.1892,     28.5933,     57.1866,      0.0192,      0.0008,      0.1477,      0.2040,   7756.6128,-433524.6875,   -928.5336,    549.7501,  25855.3750,
       1,     168,     259,      16,       1,       3,       1,     10.0000,      1.3997,     42.5909,    248.3895,     62.5103,      3.4953,      0.1057,      0.0745,      8.1805,      0.1312,      5.5785,     11.1571,      1.1594,     28.5933,     57.1866,      0.0192,      0.0008,      0.1318,      0.2040,   7756.6128,-431352.0000,   -928.3726,    549.8994,  25855.3750,
       1,     168,     259,      17,       1,       3,       1,     10.0000,      1.3997,     42.5909,    248.3895,     62.5103,      3.4953,      0.1318,      0.1003,      6.0647,      0.1365,      5.5785,     11.1571,      1.2062,     28.5933,     57.1866,      0.0192,      0.0004,      0.1696,      0.2040,   7756.6128,-429601.6250,   -928.0565,    550.0198,  25855.3750,
       1,     168,     259,      18,       1,       3,       1,     10.0000,      1.3997,     42.5909,    248.3895,     62.5103,      3.4953,      0.1244,      0.0927,     10.9698,      0.1452,      5.5785,     11.1571,      1.2829,     28.5933,     57.1866,      0.0192,      0.0009,      0.1584,      0.2040,   7756.6128,-426817.9688,   -927.5253,    550.2112,  25855.3750,
       1,     168,     259,      19,       1,       3,       1,     10.0000,      1.3997,     42.5909,    248.3895,     62.5103,      3.4953,      0.0645,      0.0328,      8.5456,      0.1437,      5.5785,     11.1571,      1.2700,     28.5933,     57.1866,      0.0192,      0.0015,      0.0721,      0.2040,   7756.6128,-432685.4062,   -928.6662,    549.8077,  25855.3770,
       1,     168,     259,      20,       1,       3,       1,     10.0000,      1.3997,     42.5909,    248.3895,     62.5103,      3.4953,      0.0069,     -0.0244,      1.5368,      0.1313,      5.5785,     11.1571,      1.1605,     28.5933,     57.1866,      0.0192,      0.0012,      0.0156,      0.2040,   7756.6133,-430170.0625,   -928.1987,    549.9807,  25855.3770,
       1,     168,     259,      21,       1,       3,       1,     10.0000,      1.3997,     42.5909,    248.3895,     62.5103,      3.4953,      0.0000,     -0.0311,      0.8847,      0.1290,      5.5785,     11.1571,      1.1395,     28.5933,     57.1866,      0.0192,      0.0007,      0.0156,      0.2040,   7756.6133,-421229.5000,   -926.4820,    550.5954,  25855.3750,
       1,     168,     259,      22,       1,       3,       1,     10.0000,      1.3997,     42.5909,    248.3895,     62.5103,      3.4953,      0.0000,     -0.0310,      1.0278,      0.1257,      5.5785,     11.1571,      1.1109,     28.5933,     57.1866,      0.0192,      0.0008,      0.0156,      0.2041,   7756.6128,-419653.4688,   -926.3784,    550.7042,  25855.3730,
       1,     168,     259,      23,       1,       3,       1,     10.0000,      1.3997,     42.5909,    248.3895,     62.5103,      3.4953,      0.0000,     -0.0310,      1.5595,      0.1246,      5.5785,     11.1571,      1.1007,     28.5933,     57.1866,      0.0192,      0.0012,      0.0156,      0.2041,   7756.6123,-419696.4062,   -926.3902,    550.7012,  25855.3750,
       1,     168,     259,      24,       1,       3,       1,     10.0000,      1.3997,     42.5909,    248.3895,     62.5103,      3.4953,      0.0000,     -0.0309,      1.4422,      0.1231,      5.5785,     11.1571,      1.0874,     28.5933,     57.1866,      0.0192,      0.0011,      0.0156,      0.2041,   7756.6128,-420361.5938,   -926.5222,    550.6555,  25855.3750,
       1,     168,     260,       1,       1,       3,       1,     10.0000,      1.3997,     42.5912,    248.3953,     62.5118,      3.4953,      0.0000,     -0.0311,      0.5950,      0.1283,      5.5798,     11.1596,      1.1338,     28.5805,     57.1610,      0.0192,      0.0005,      0.0156,      0.2041,   7756.6128,-420427.4688,   -926.8182,    550.6640,  25856.5293,
       1,     168,     260,       2,       1,       3,       1,     10.0000,      1.3997,     42.5912,    248.3953,     62.5118,      3.4953,      0.0000,     -0.0309,      0.4837,      0.1237,      5.5798,     11.1596,      1.0929,     28.5805,     57.1610,      0.0192,      0.0004,      0.0156,      0.2041,   7756.9590,-419226.4375,   -926.3170,    550.7466,  25856.5273,
       1,     168,     260,       3,       1,       3,       1,     10.0000,      1.3997,     42.5912,    248.3953,     62.5118,      3.4953,      0.0000,     -0.0307,      0.3812,      0.1184,      5.5798,     11.1596,      1.0460,     28.5805,     57.1610,      0.0192,      0.0003,      0.0156,      0.2041,   7756.9585,-418985.4375,   -926.2733,    550.7632,  25856.5293,
       1,     168,     260,       4,       1,       3,       1,     10.0000,      1.3997,     42.5912,    248.3953,     62.5118,      3.4953,      0.0000,     -0.0306,      0.2789,      0.1164,      5.5798,     11.1596,      1.0290,     28.5805,     57.1610,      0.0192,      0.0002,      0.0156,      0.2041,   7756.9590,-418836.8438,   -926.2454,    550.7734,  25856.5293,
       1,     168,     260,       5,       1,       3,       1,     10.0000,      1.3997,     42.5912,    248.3953,     62.5118,      3.4953,      0.0000,     -0.0306,      0.4363,      0.1156,      5.5798,     11.1596,      1.0216,     28.5805,     57.1610,      0.0192,      0.0003,      0.0156,      0.2041,   7756.9590,-418696.7188,   -926.2200,    550.7831,  25856.5293,
       1,     168,     260,       6,       1,       3,       1,     10.0000,      1.3997,     42.5912,    248.3953,     62.5118,      3.4953,      0.0000,     -0.0305,      0.2990,      0.1139,      5.5798,     11.1596,      1.0061,     28.5805,     57.1610,      0.0192,      0.0002,      0.0156,      0.2041,   7756.9590,-418880.6250,   -926.2564,    550.7704,  25856.5293,
       1,     168,     260,       7,       1,       3,       1,     10.0000,      1.3997,     42.5912,    248.3953,     62.5118,      3.4953,      0.0000,     -0.0304,      0.2611,      0.1115,      5.5798,     11.1596,      0.9856,     28.5805,     57.1610,      0.0192,      0.0002,      0.0156,      0.2041,   7756.9590,-418725.5938,   -926.2280,    550.7811,  25856.5293,
       1,     168,     260,       8,       1,       3,       1,     10.0000,      1.3997,     42.5912,    248.3953,     62.5118,      3.4953,      0.0319,      0.0015,      0.4516,      0.1105,      5.5798,     11.1596,      0.9766,     28.5805,     57.1610,      0.0192,      0.0002,      0.0273,      0.2041,   7756.9590,-418665.1250,   -926.2177,    550.7852,  25856.5273,
       1,     168,     260,       9,       1,       3,       1,     10.0000,      1.3997,     42.5912,    248.3953,     62.5118,      3.4953,      0.1429,      0.1117,      3.6905,      0.1295,      5.5798,     11.1596,      1.1442,     28.5805,     57.1610,      0.0192,      0.0002,      0.1859,      0.2041,   7756.9585,-418897.4375,   -926.2621,    550.7693,  25856.5293,
       1,     168,     260,      10,       1,       3,       1,     10.0000,      1.3997,     42.5912,    248.3953,     62.5118,      3.4953,      0.1843,      0.1518,      6.4763,      0.1659,      5.5798,     11.1596,      1.4663,     28.5805,     57.1610,      0.0192,      0.0003,      0.2456,      0.2041,   7756.9590,-422947.7188,   -927.0357,    550.4904,  25856.5312,
       1,     168,     260,      11,       1,       3,       1,     10.0000,      1.3997,     42.5912,    248.3953,     62.5118,      3.4953,      0.1872,      0.1542,      7.3737,      0.1830,      5.5798,     11.1596,      1.6168,     28.5805,     57.1610,      0.0192,      0.0004,      0.2500,      0.2041,   7756.9595,-426762.0000,   -927.7355,    550.2280,  25856.5312,
       1,     168,     260,      12,       1,       3,       1,     10.0000,      1.3997,     42.5912,    248.3953,     62.5118,      3.4953,      0.1871,      0.1533,      8.6357,      0.2099,      5.5798,     11.1596,      1.8550,     28.5805,     57.1610,      0.0192,      0.0004,      0.2500,      0.2041,   7756.9595,-428205.6875,   -927.9472,    550.1288,  25856.5273,
       1,     168,     260,      13,       1,       3,       1,     10.0000,      1.3997,     42.5912,    248.3953,     62.5118,      3.4953,      0.1871,      0.1529,      9.3043,      0.2240,      5.5798,     11.1596,      1.9793,     28.5805,     57.1610,      0.0192,      0.0005,      0.2500,      0.2041,   7756.9585,-429900.5312,   -928.1422,    550.0122,  25856.5293,
       1,     168,     260,      14,       1,       3,       1,     10.0000,      1.3997,     42.5912,    248.3953,     62.5118,      3.4953,      0.1879,      0.1532,     21.1834,      0.2429,      5.5798,     11.1596,      2.1465,     28.5805,     57.1610,      0.0192,      0.0010,      0.2500,      0.2041,   7756.9590,-430877.6875,   -928.1398,    549.9451,  25856.5312,
       1,     168,     260,      15,       1,       3,       1,     10.0000,      1.3997,     42.5912,    248.3953,     62.5118,      3.4953,      0.1919,      0.1570,     72.9177,      0.2499,      5.5798,     11.1596,      2.2080,     28.5805,     57.1610,      0.0192,      0.0036,      0.2500,      0.2041,   7756.9595,-445747.2188,   -930.7767,    548.9229,  25856.5293,
       1,     168,     260,      16,       1,       3,       1,     10.0000,      1.3997,     42.5912,    248.3953,     62.5118,      3.4953,      0.1942,      0.1596,    118.7484,      0.2396,      5.5798,     11.1596,      2.1174,     28.5805,     57.1610,      0.0192,      0.0059,      0.2481,      0.2041,   7756.9590,-511432.0625,   -943.5206,    544.4169,  25856.5312,
       1,     168,     260,      17,       1,       3,       1,     10.0000,      1.3997,     42.5912,    248.3953,     62.5118,      3.4953,      0.1912,      0.1567,    150.7819,      0.2336,      5.5798,     11.1596,      2.0644,     28.5805,     57.1610,      0.0192,      0.0077,      0.2399,      0.2040,   7756.9595,-574216.0000,   -956.0378,    540.1627,  25856.5293,
       1,     168,     260,      18,       1,       3,       1,     10.0000,      1.3997,     42.5912,    248.3953,     62.5118,      3.4953,      0.1237,      0.0901,    102.2429,      0.2032,      5.5798,     11.1596,      1.7957,     28.5805,     57.1610,      0.0192,      0.0086,      0.1464,      0.2039,   7756.9590,-619566.6250,   -965.4052,    537.1172,  25856.5293,
       1,     168,     260,      19,       1,       3,       1,     10.0000,      1.3997,     42.5912,    248.3953,     62.5118,      3.4953,      0.0551,      0.0220,     38.1730,      0.1848,      5.5798,     11.1596,      1.6329,     28.5805,     57.1610,      0.0192,      0.0087,      0.0538,      0.2038,   7756.9590,-562842.3750,   -954.7991,    540.9342,  25856.5293,
       1,     168,     260,      20,       1,       3,       1,     10.0000,      1.3997,     42.5912,    248.3953,     62.5118,      3.4953,      0.0081,     -0.0246,     10.9894,      0.1725,      5.5798,     11.1596,      1.5245,     28.5805,     57.1610,      0.0192,      0.0086,      0.0156,      0.2039,   7756.9590,-478124.9062,   -938.3389,    546.6761,  25856.5273,
       1,     168,     260,      21,       1,       3,       1,     10.0000,      1.3997,     42.5912,    248.3953,     62.5118,      3.4953,      0.0000,     -0.0325,      9.1683,      0.1678,      5.5798,     11.1596,      1.4825,     28.5805,     57.1610,      0.0192,      0.0072,      0.0156,      0.2040,   7756.9585,-437122.9062,   -930.2129,    549.5085,  25856.5273,
       1,     168,     260,      22,       1,       3,       1,     10.0000,      1.3997,     42.5912,    248.3953,     62.5118,      3.4953,      0.0000,     -0.0325,      8.8276,      0.1658,      5.5798,     11.1596,      1.4648,     28.5805,     57.1610,      0.0192,      0.0069,      0.0156,      0.2041,   7756.9585,-431335.9062,   -928.9811,    549.9135,  25856.5273,
       1,     168,     260,      23,       1,       3,       1,     10.0000,      1.3997,     42.5912,    248.3953,     62.5118,      3.4953,      0.0000,     -0.0323,      7.0819,      0.1609,      5.5798,     11.1596,      1.4215,     28.5805,     57.1610,      0.0192,      0.0056,      0.0156,      0.2041,   7756.9585,-430407.6250,   -928.7040,    549.9774,  25856.5254,
       1,     168,     260,      24,       1,       3,       1,     10.0000,      1.3997,     42.5912,    248.3953,     62.5118,      3.4953,      0.0000,     -0.0320,      4.9891,      0.1525,      5.5798,     11.1596,      1.3478,     28.5805,     57.1610,      0.0192,      0.0039,      0.0156,      0.2041,   7756.9580,-428155.3125,   -928.1907,    550.1323,  25856.5273,
       1,     168,     261,       1,       1,       3,       1,     10.0000,      1.3997,     42.5915,    248.4012,     62.5132,      3.4953,      0.0000,     -0.0320,      4.1890,      0.1512,      5.5787,     11.1574,      1.3357,     28.5871,     57.1741,      0.0192,      0.0033,      0.0156,      0.2041,   7756.9585,-425511.8125,   -927.9053,    550.3270,  25857.6836,
       1,     168,     261,       2,       1,       3,       1,     10.0000,      1.3997,     42.5915,    248.4012,     62.5132,      3.4953,      0.0000,     -0.0318,      3.7250,      0.1474,      5.5787,     11.1574,      1.3025,     28.5871,     57.1741,      0.0192,      0.0029,      0.0156,      0.2041,   7757.3052,-424137.4375,   -927.3162,    550.4215,  25857.6855,
       1,     168,     261,       3,       1,       3,       1,     10.0000,      1.3997,     42.5915,    248.4012,     62.5132,      3.4953,      0.0000,     -0.0316,      3.3431,      0.1411,      5.5787,     11.1574,      1.2472,     28.5871,     57.1741,      0.0192,      0.0026,      0.0156,      0.2041,   7757.3062,-423442.0938,   -927.1550,    550.4694,  25857.6855,
       1,     168,     261,       4,       1,       3,       1,     10.0000,      1.3997,     42.5915,    248.4012,     62.5132,      3.4953,      0.0000,     -0.0316,      2.6173,      0.1416,      5.5787,     11.1574,      1.2510,     28.5871,     57.1741,      0.0192,      0.0021,      0.0156,      0.2041,   7757.3062,-422907.3438,   -927.0366,    550.5062,  25857.6836,
       1,     168,     261,       5,       1,       3,       1,     10.0000,      1.3997,     42.5915,    248.4012,     62.5132,      3.4953,      0.0000,     -0.0316,      1.3021,      0.1413,      5.5787,     11.1574,      1.2484,     28.5871,     57.1741,      0.0192,      0.0010,      0.0156,      0.2041,   7757.3052,-421958.4062,   -926.8505,    550.5715,  25857.6855,
       1,     168,     261,       6,       1,       3,       1,     10.0000,      1.3997,     42.5915,    248.4012,     62.5132,      3.4953,      0.0000,     -0.0315,      1.1704,      0.1383,      5.5787,     11.1574,      1.2222,     28.5871,     57.1741,      0.0192,      0.0009,      0.0156,      0.2041,   7757.3062,-420240.3750,   -926.5128,    550.6897,  25857.6836,
       1,     168,     261,       7,       1,       3,       1,     10.0000,      1.3997,     42.5915,    248.4012,     62.5132,      3.4953,      0.0000,     -0.0315,      0.8544,      0.1375,      5.5787,     11.1574,      1.2148,     28.5871,     57.1741,      0.0192,      0.0007,      0.0156,      0.2041,   7757.3052,-419929.5312,   -926.4500,    550.7111,  25857.6836,
       1,     168,     261,       8,       1,       3,       1,     10.0000,      1.3997,     42.5915,    248.4012,     62.5132,      3.4953,      0.0199,     -0.0116,      0.2308,      0.1379,      5.5787,     11.1574,      1.2185,     28.5871,     57.1741,      0.0192,      0.0003,      0.0088,      0.2041,   7757.3052,-419509.7188,   -926.3673,    550.7401,  25857.6816,
       1,     168,     261,       9,       1,       3,       1,     10.0000,      1.3997,     42.5915,    248.4012,     62.5132,      3.4953,      0.1235,      0.0912,      4.0578,      0.1605,      5.5787,     11.1574,      1.4187,     28.5871,     57.1741,      0.0192,      0.0003,      0.1576,      0.2041,   7757.3047,-418698.0312,   -926.2001,    550.7960,  25857.6816,
       1,     168,     261,      10,       1,       3,       1,     10.0000,      1.3997,     42.5915,    248.4012,     62.5132,      3.4953,      0.1777,      0.1440,      7.9221,      0.2046,      5.5787,     11.1574,      1.8081,     28.5871,     57.1741,      0.0192,      0.0004,      0.2362,      0.2041,   7757.3047,-423390.5625,   -927.0795,    550.4728,  25857.6855,
       1,     168,     261,      11,       1,       3,       1,     10.0000,      1.3997,     42.5915,    248.4012,     62.5132,      3.4953,      0.1871,      0.1531,      8.9642,      0.2169,      5.5787,     11.1574,      1.9162,     28.5871,     57.1741,      0.0192,      0.0004,      0.2500,      0.2041,   7757.3062,-428601.4062,   -927.9652,    550.1144,  25857.6836,
       1,     168,     261,      12,       1,       3,       1,     10.0000,      1.3997,     42.5915,    248.4012,     62.5132,      3.4953,      0.1871,      0.1526,      9.7334,      0.2329,      5.5787,     11.1574,      2.0584,     28.5871,     57.1741,      0.0192,      0.0005,      0.2500,      0.2041,   7757.3052,-430344.9375,   -928.1525,    549.9946,  25857.6836,
       1,     168,     261,      13,       1,       3,       1,     10.0000,      1.3997,     42.5915,    248.4012,     62.5132,      3.4953,      0.1872,      0.1525,     11.3985,      0.2417,      5.5787,     11.1574,      2.1362,     28.5871,     57.1741,      0.0192,      0.0006,      0.2500,      0.2041,   7757.3052,-431451.3125,   -928.1746,    549.9185,  25857.6836,
       1,     168,     261,      14,       1,       3,       1,     10.0000,      1.3997,     42.5915,    248.4012,     62.5132,      3.4953,      0.1892,      0.1543,     38.8564,      0.2516,      5.5787,     11.1574,      2.2232,     28.5871,     57.1741,      0.0192,      0.0019,      0.2500,      0.2041,   7757.3052,-433618.5625,   -928.4310,    549.7696,  25857.6855,
       1,     168,     261,      15,       1,       3,       1,     10.0000,      1.3997,     42.5915,    248.4012,     62.5132,      3.4953,      0.1933,      0.1584,     90.8527,      0.2494,      5.5787,     11.1574,      2.2038,     28.5871,     57.1741,      0.0192,      0.0045,      0.2500,      0.2041,   7757.3062,-467978.7188,   -935.1375,    547.4083,  25857.6836,
       1,     168,     261,      16,       1,       3,       1,     10.0000,      1.3997,     42.5915,    248.4012,     62.5132,      3.4953,      0.1668,      0.1333,     73.6689,      0.1979,      5.5787,     11.1574,      1.7485,     28.5871,     57.1741,      0.0192,      0.0043,      0.2126,      0.2041,   7757.3052,-535681.8750,   -948.6667,    542.7808,  25857.6836,
       1,     168,     261,      17,       1,       3,       1,     10.0000,      1.3997,     42.5915,    248.4012,     62.5132,      3.4953,      0.0560,      0.0243,     18.1784,      0.1456,      5.5787,     11.1574,      1.2868,     28.5871,     57.1741,      0.0192,      0.0038,      0.0586,      0.2040,   7757.3052,-520094.7500,   -932.5136,    543.8578,  25857.5137,
       1,     168,     261,      18,       1,       3,       1,     10.0000,      1.3997,     42.5915,    248.4012,     62.5132,      3.4953,      0.0745,      0.0425,     30.5879,      0.1550,      5.5787,     11.1574,      1.3697,     28.5871,     57.1741,      0.0192,      0.0045,      0.0837,      0.2040,   7757.2544,-449608.2188,   -920.8035,    548.6506,  25857.6836,
       1,     168,     261,      19,       1,       3,       1,     10.0000,      1.3997,     42.5915,    248.4012,     62.5132,      3.4953,      0.0428,      0.0104,     16.5273,      0.1625,      5.5787,     11.1574,      1.4358,     28.5871,     57.1741,      0.0192,      0.0052,      0.0390,      0.2041,   7757.3052,-459086.0312,   -923.4748,    548.0219,  25857.6836,
       1,     168,     261,      20,       1,       3,       1,     10.0000,      1.3997,     42.5915,    248.4012,     62.5132,      3.4953,      0.0046,     -0.0278,      6.6257,      0.1630,      5.5787,     11.1574,      1.4402,     28.5871,     57.1741,      0.0192,      0.0052,      0.0156,      0.2041,   7757.3052,-442364.0625,   -921.3593,    549.1677,  25857.6855,
       1,     168,     261,      21,       1,       3,       1,     10.0000,      1.3997,     42.5915,    248.4012,     62.5132,      3.4953,      0.0000,     -0.0323,      4.0848,      0.1604,      5.5787,     11.1574,      1.4173,     28.5871,     57.1741,      0.0192,      0.0032,      0.0156,      0.2041,   7757.3062,-428612.0938,   -919.5431,    550.1130,  25857.6855,
       1,     168,     261,      22,       1,       3,       1,     10.0000,      1.3997,     42.5915,    248.4012,     62.5132,      3.4953,      0.0000,     -0.0321,      0.5724,      0.1556,      5.5787,     11.1574,      1.3752,     28.5871,     57.1741,      0.0192,      0.0005,      0.0156,      0.2041,   7757.3062,-424273.9062,   -914.3305,    550.4120,  25857.6875,
       1,     168,     261,      23,       1,       3,       1,     10.0000,      1.3997,     42.5915,    248.4012,     62.5132,      3.4953,      0.0000,     -0.0323,      0.7834,      0.1612,      5.5787,     11.1574,      1.4244,     28.5871,     57.1741,      0.0192,      0.0006,      0.0156,      0.2041,   7757.3066,-419530.3750,   -913.5149,    550.7385,  25857.6875,
       1,     168,     261,      24,       1,       3,       1,     10.0000,      1.3997,     42.5915,    248.4012,     62.5132,      3.4953,      0.0000,     -0.0325,      0.6587,      0.1664,      5.5787,     11.1574,      1.4707,     28.5871,     57.1741,      0.0192,      0.0005,      0.0156,      0.2041,   7757.3066,-419386.9375,   -913.5435,    550.7485,  25857.6875,
       1,     168,     262,       1,       1,       3,       1,     10.0000,      1.3997,     42.5919,    248.4070,     62.5148,      3.4953,      0.0000,     -0.0324,      0.7446,      0.1646,      5.5792,     11.1584,      1.4547,     28.5872,     57.1743,      0.0192,      0.0006,      0.0156,      0.2041,   7757.3066,-419374.0938,   -913.8357,    550.7623,  25858.8418,
       1,     168,     262,       2,       1,       3,       1,     10.0000,      1.3997,     42.5919,    248.4070,     62.5148,      3.4953,      0.0000,     -0.0323,      0.5921,      0.1620,      5.5792,     11.1584,      1.4316,     28.5872,     57.1743,      0.0192,      0.0005,      0.0156,      0.2041,   7757.6528,-419327.9375,   -913.6204,    550.7654,  25858.8418,
       1,     168,     262,       3,       1,       3,       1,     10.0000,      1.3997,     42.5919,    248.4070,     62.5148,      3.4953,      0.0000,     -0.0325,      0.4269,      0.1664,      5.5792,     11.1584,      1.4708,     28.5872,     57.1743,      0.0192,      0.0003,      0.0156,      0.2041,   7757.6528,-419134.3125,   -913.6170,    550.7788,  25858.8418,
       1,     168,     262,       4,       1,       3,       1,     10.0000,      1.3997,     42.5919,    248.4070,     62.5148,      3.4953,      0.0000,     -0.0324,      0.4071,      0.1635,      5.5792,     11.1584,      1.4445,     28.5872,     57.1743,      0.0192,      0.0003,      0.0156,      0.2041,   7757.6528,-418912.1250,   -913.5828,    550.7941,  25858.8398,
       1,     168,     262,       5,       1,       3,       1,     10.0000,      1.3997,     42.5919,    248.4070,     62.5148,      3.4953,      0.0000,     -0.0321,      0.4225,      0.1564,      5.5792,     11.1584,      1.3822,     28.5872,     57.1743,      0.0192,      0.0003,      0.0156,      0.2041,   7757.6523,-418868.6562,   -913.5787,    550.7971,  25858.8398,
       1,     168,     262,       6,       1,       3,       1,     10.0000,      1.3997,     42.5919,    248.4070,     62.5148,      3.4953,      0.0000,     -0.0322,      0.4364,      0.1583,      5.5792,     11.1584,      1.3989,     28.5872,     57.1743,      0.0192,      0.0003,      0.0156,      0.2041,   7757.6523,-418884.0625,   -913.5891,    550.7960,  25858.8398,
       1,     168,     262,       7,       1,       3,       1,     10.0000,      1.3997,     42.5919,    248.4070,     62.5148,      3.4953,      0.0000,     -0.0319,      0.3827,      0.1492,      5.5792,     11.1584,      1.3184,     28.5872,     57.1743,      0.0192,      0.0003,      0.0156,      0.2041,   7757.6523,-418902.6562,   -913.6012,    550.7947,  25858.8398,
       1,     168,     262,       8,       1,       3,       1,     10.0000,      1.3997,     42.5919,    248.4070,     62.5148,      3.4953,      0.0151,     -0.0168,      0.0643,      0.1498,      5.5792,     11.1584,      1.3237,     28.5872,     57.1743,      0.0192,      0.0006,      0.0013,      0.2041,   7757.6523,-418837.4375,   -913.5935,    550.7992,  25858.8398,
       1,     168,     262,       9,       1,       3,       1,     10.0000,      1.3997,     42.5919,    248.4070,     62.5148,      3.4953,      0.1100,      0.0776,      7.6458,      0.1643,      5.5792,     11.1584,      1.4518,     28.5872,     57.1743,      0.0192,      0.0007,      0.1376,      0.2041,   7757.6523,-418435.6875,   -913.6268,    550.8268,  25858.8398,
       1,     168,     262,      10,       1,       3,       1,     10.0000,      1.3997,     42.5919,    248.4070,     62.5148,      3.4953,      0.1721,      0.1383,     11.2677,      0.2099,      5.5792,     11.1584,      1.8551,     28.5872,     57.1743,      0.0192,      0.0006,      0.2277,      0.2041,   7757.6523,-427834.3438,   -916.0334,    550.1797,  25858.8418,
       1,     168,     262,      11,       1,       3,       1,     10.0000,      1.3997,     42.5919,    248.4070,     62.5148,      3.4953,      0.1876,      0.1533,     16.1415,      0.2280,      5.5792,     11.1584,      2.0146,     28.5872,     57.1743,      0.0192,      0.0008,      0.2500,      0.2041,   7757.6528,-433147.3125,   -918.6464,    549.8148,  25858.8398,
       1,     168,     262,      12,       1,       3,       1,     10.0000,      1.3997,     42.5919,    248.4070,     62.5148,      3.4953,      0.1871,      0.1522,     10.6329,      0.2492,      5.5792,     11.1584,      2.2017,     28.5872,     57.1743,      0.0192,      0.0005,      0.2500,      0.2041,   7757.6523,-439667.3125,   -921.8065,    549.3668,  25858.8379,
       1,     168,     262,      13,       1,       3,       1,     10.0000,      1.3997,     42.5919,    248.4070,     62.5148,      3.4953,      0.1750,      0.1414,      7.8103,      0.2050,      5.5792,     11.1584,      1.8118,     28.5872,     57.1743,      0.0192,      0.0004,      0.2323,      0.2041,   7757.6519,-433369.9375,   -923.0323,    549.7994,  25858.8379,
       1,     168,     262,      14,       1,       3,       1,     10.0000,      1.3997,     42.5919,    248.4070,     62.5148,      3.4953,      0.1873,      0.1538,     10.1044,      0.1985,      5.5792,     11.1584,      1.7537,     28.5872,     57.1743,      0.0192,      0.0005,      0.2500,      0.2041,   7757.6519,-429318.7500,   -912.9070,    550.0780,  25858.8418,
       1,     168,     262,      15,       1,       3,       1,     10.0000,      1.3997,     42.5919,    248.4070,     62.5148,      3.4953,      0.1897,      0.1553,     57.2455,      0.2307,      5.5792,     11.1584,      2.0384,     28.5872,     57.1743,      0.0192,      0.0028,      0.2484,      0.2041,   7757.6528,-431826.3438,   -915.3077,    549.9056,  25858.8418,
       1,     168,     262,      16,       1,       3,       1,     10.0000,      1.3997,     42.5919,    248.4070,     62.5148,      3.4953,      0.1355,      0.1021,     50.9125,      0.1929,      5.5792,     11.1584,      1.7041,     28.5872,     57.1743,      0.0192,      0.0037,      0.1695,      0.2041,   7757.6528,-490705.7812,   -925.1264,    545.8584,  25858.8398,
       1,     168,     262,      17,       1,       3,       1,     10.0000,      1.3997,     42.5919,    248.4070,     62.5148,      3.4953,      0.1043,      0.0708,     54.7512,      0.1987,      5.5792,     11.1584,      1.7554,     28.5872,     57.1743,      0.0192,      0.0054,      0.1235,      0.2041,   7757.6523,-487896.0312,   -923.7191,    546.0649,  25858.7676,
       1,     168,     262,      18,       1,       3,       1,     10.0000,      1.3997,     42.5919,    248.4070,     62.5148,      3.4953,      0.0928,      0.0598,     33.5914,      0.1812,      5.5792,     11.1584,      1.6008,     28.5872,     57.1743,      0.0192,      0.0038,      0.1093,      0.2041,   7757.6304,-492427.4375,   -924.6142,    545.7557,  25858.7285,
       1,     168,     262,      19,       1,       3,       1,     10.0000,      1.3997,     42.5919,    248.4070,     62.5148,      3.4953,      0.0904,      0.0572,     22.4981,      0.1872,      5.5792,     11.1584,      1.6542,     28.5872,     57.1743,      0.0192,      0.0026,      0.1070,      0.2041,   7757.6187,-466462.4688,   -920.9882,    547.5271,  25858.8438,
       1,     168,     262,      20,       1,       3,       1,     10.0000,      1.3997,     42.5919,    248.4070,     62.5148,      3.4953,      0.0092,     -0.0239,      4.0818,      0.1844,      5.5792,     11.1584,      1.6297,     28.5872,     57.1743,      0.0192,      0.0032,      0.0156,      0.2041,   7757.6533,-450429.0312,   -918.7851,    548.6273,  25858.8438,
       1,     168,     262,      21,       1,       3,       1,     10.0000,      1.3997,     42.5919,    248.4070,     62.5148,      3.4953,      0.0000,     -0.0328,      1.7604,      0.1772,      5.5792,     11.1584,      1.5662,     28.5872,     57.1743,      0.0192,      0.0014,      0.0156,      0.2041,   7757.6533,-426134.2188,   -914.9224,    550.2946,  25858.8418,
       1,     168,     262,      22,       1,       3,       1,     10.0000,      1.3997,     42.5919,    248.4070,     62.5148,      3.4953,      0.0000,     -0.0329,      2.6456,      0.1778,      5.5792,     11.1584,      1.5709,     28.5872,     57.1743,      0.0192,      0.0021,      0.0156,      0.2041,   7757.6528,-421173.7812,   -914.1913,    550.6382,  25858.8418,
       1,     168,     262,      23,       1,       3,       1,     10.0000,      1.3997,     42.5919,    248.4070,     62.5148,      3.4953,      0.0000,     -0.0328,      1.2179,      0.1772,      5.5792,     11.1584,      1.5662,     28.5872,     57.1743,      0.0192,      0.0010,      0.0156,      0.2041,   7757.6528,-421847.6562,   -914.5844,    550.5920,  25858.8438,
       1,     168,     262,      24,       1,       3,       1,     10.0000,      1.3997,     42.5919,    248.4070,     62.5148,      3.4953,      0.0000,     -0.0329,      1.8473,      0.1787,      5.5792,     11.1584,      1.5787,     28.5872,     57.1743,      0.0192,      0.0015,      0.0156,      0.2041,   7757.6533,-420128.3125,   -914.3730,    550.7103,  25858.8438,
       1,     168,     263,       1,       1,       3,       1,     10.0000,      1.3998,     42.5922,    248.4128,     62.5162,      3.4953,      0.0000,     -0.0330,      2.4317,      0.1839,      5.5791,     11.1581,      1.6249,     28.5880,     57.1760,      0.0192,      0.0019,      0.0156,      0.2042,   7757.6533,-420919.1562,   -914.9543,    550.6689,  25859.9980,
       1,     168,     263,       2,       1,       3,       1,     10.0000,      1.3998,     42.5922,    248.4128,     62.5162,      3.4953,      0.0000,     -0.0328,      1.7806,      0.1776,      5.5791,     11.1581,      1.5693,     28.5880,     57.1760,      0.0192,      0.0014,      0.0156,      0.2042,   7757.9995,-421561.6875,   -915.0507,    550.6246,  25859.9980,
       1,     168,     263,       3,       1,       3,       1,     10.0000,      1.3998,     42.5922,    248.4128,     62.5162,      3.4953,      0.0000,     -0.0327,      1.6970,      0.1741,      5.5791,     11.1581,      1.5384,     28.5880,     57.1760,      0.0192,      0.0013,      0.0156,      0.2042,   7757.9995,-420806.7500,   -915.0607,    550.6766,  25859.9961,
       1,     168,     263,       4,       1,       3,       1,     10.0000,      1.3998,     42.5922,    248.4128,     62.5162,      3.4953,      0.0000,     -0.0325,      1.4247,      0.1678,      5.5791,     11.1581,      1.4826,     28.5880,     57.1760,      0.0192,      0.0011,      0.0156,      0.2042,   7757.9990,-420638.2188,   -915.1691,    550.6882,  25859.9941,
       1,     168,     263,       5,       1,       3,       1,     10.0000,      1.3998,     42.5922,    248.4128,     62.5162,      3.4953,      0.0000,     -0.0324,      1.4413,      0.1638,      5.5791,     11.1581,      1.4474,     28.5880,     57.1760,      0.0192,      0.0011,      0.0156,      0.2042,   7757.9985,-420285.3750,   -915.2245,    550.7125,  25859.9961,
       1,     168,     263,       6,       1,       3,       1,     10.0000,      1.3998,     42.5922,    248.4128,     62.5162,      3.4953,      0.0000,     -0.0321,      1.5968,      0.1545,      5.5791,     11.1581,      1.3657,     28.5880,     57.1760,      0.0192,      0.0013,      0.0156,      0.2042,   7757.9990,-420275.4688,   -915.3195,    550.7132,  25859.9961,
       1,     168,     263,       7,       1,       3,       1,     10.0000,      1.3998,     42.5922,    248.4128,     62.5162,      3.4953,      0.0000,     -0.0319,      1.1815,      0.1503,      5.5791,     11.1581,      1.3277,     28.5880,     57.1760,      0.0192,      0.0009,      0.0156,      0.2042,   7757.9990,-420468.0625,   -915.4506,    550.7000,  25859.9961,
       1,     168,     263,       8,       1,       3,       1,     10.0000,      1.3998,     42.5922,    248.4128,     62.5162,      3.4953,      0.0021,     -0.0294,      1.5713,      0.1393,      5.5791,     11.1581,      1.2309,     28.5880,     57.1760,      0.0192,      0.0012,      0.0156,      0.2042,   7757.9990,-419967.8750,   -915.4401,    550.7344,  25859.9961,
       1,     168,     263,       9,       1,       3,       1,     10.0000,      1.3998,     42.5922,    248.4128,     62.5162,      3.4953,      0.0203,     -0.0111,      0.7221,      0.1358,      5.5791,     11.1581,      1.2002,     28.5880,     57.1760,      0.0192,      0.0009,      0.0094,      0.2042,   7757.9990,-420409.9062,   -915.6200,    550.7039,  25859.9941,
       1,     168,     263,      10,       1,       3,       1,     10.0000,      1.3998,     42.5922,    248.4128,     62.5162,      3.4953,      0.0235,     -0.0079,      0.4780,      0.1357,      5.5791,     11.1581,      1.1990,     28.5880,     57.1760,      0.0192,      0.0004,      0.0140,      0.2042,   7757.9985,-419391.6250,   -915.5622,    550.7740,  25859.9941,
       1,     168,     263,      11,       1,       3,       1,     10.0000,      1.3998,     42.5922,    248.4128,     62.5162,      3.4953,      0.0914,      0.0597,      2.4898,      0.1434,      5.5791,     11.1581,      1.2676,     28.5880,     57.1760,      0.0192,      0.0003,      0.1116,      0.2042,   7757.9985,-419000.9062,   -915.5749,    550.8010,  25859.9961,
       1,     168,     263,      12,       1,       3,       1,     10.0000,      1.3998,     42.5922,    248.4128,     62.5162,      3.4953,      0.1054,      0.0733,     13.0352,      0.1553,      5.5791,     11.1581,      1.3725,     28.5880,     57.1760,      0.0192,      0.0012,      0.1304,      0.2042,   7757.9990,-421469.8125,   -916.2668,    550.6310,  25859.9961,
       1,     168,     263,      13,       1,       3,       1,     10.0000,      1.3998,     42.5922,    248.4128,     62.5162,      3.4953,      0.0720,      0.0401,     10.1715,      0.1494,      5.5791,     11.1581,      1.3197,     28.5880,     57.1760,      0.0192,      0.0015,      0.0826,      0.2042,   7757.9990,-434801.0000,   -919.1225,    549.7134,  25859.9961,
       1,     168,     263,      14,       1,       3,       1,     10.0000,      1.3998,     42.5922,    248.4128,     62.5162,      3.4953,      0.0843,      0.0528,     10.4689,      0.1399,      5.5791,     11.1581,      1.2359,     28.5880,     57.1760,      0.0192,      0.0013,      0.1005,      0.2041,   7757.9990,-432381.0938,   -919.0074,    549.8804,  25859.9961,
       1,     168,     263,      15,       1,       3,       1,     10.0000,      1.3998,     42.5922,    248.4128,     62.5162,      3.4953,      0.1588,      0.1267,     28.2955,      0.1550,      5.5791,     11.1581,      1.3698,     28.5880,     57.1760,      0.0192,      0.0017,      0.2060,      0.2041,   7757.9990,-432543.2812,   -917.0945,    549.8694,  25859.9961,
       1,     168,     263,      16,       1,       3,       1,     10.0000,      1.3998,     42.5922,    248.4128,     62.5162,      3.4953,      0.1392,      0.1070,     26.7107,      0.1585,      5.5791,     11.1581,      1.4004,     28.5880,     57.1760,      0.0192,      0.0018,      0.1779,      0.2041,   7757.9990,-454739.0000,   -922.1421,    548.3438,  25859.9961,
       1,     168,     263,      17,       1,       3,       1,     10.0000,      1.3998,     42.5922,    248.4128,     62.5162,      3.4953,      0.1307,      0.0986,     17.7472,      0.1574,      5.5791,     11.1581,      1.3906,     28.5880,     57.1760,      0.0192,      0.0013,      0.1666,      0.2041,   7757.9990,-454671.1875,   -922.8655,    548.3505,  25859.9961,
       1,     168,     263,      18,       1,       3,       1,     10.0000,      1.3998,     42.5922,    248.4128,     62.5162,      3.4953,      0.1080,      0.0760,     14.8456,      0.1539,      5.5791,     11.1581,      1.3602,     28.5880,     57.1760,      0.0192,      0.0014,      0.1341,      0.2041,   7757.9990,-443505.6250,   -921.4232,    549.1158,  25859.9961,
       1,     168,     263,      19,       1,       3,       1,     10.0000,      1.3998,     42.5922,    248.4128,     62.5162,      3.4953,      0.0537,      0.0218,      6.5648,      0.1507,      5.5791,     11.1581,      1.3317,     28.5880,     57.1760,      0.0192,      0.0014,      0.0565,      0.2041,   7757.9990,-438941.7500,   -921.0136,    549.4296,  25859.9941,
       1,     168,     263,      20,       1,       3,       1,     10.0000,      1.3998,     42.5922,    248.4128,     62.5162,      3.4953,      0.0052,     -0.0267,      2.7995,      0.1498,      5.5791,     11.1581,      1.3237,     28.5880,     57.1760,      0.0192,      0.0022,      0.0156,      0.2041,   7757.9985,-428246.3125,   -919.3203,    550.1642,  25859.9961,
       1,     168,     263,      21,       1,       3,       1,     10.0000,      1.3998,     42.5922,    248.4128,     62.5162,      3.4953,      0.0000,     -0.0320,      1.9710,      0.1513,      5.5791,     11.1581,      1.3371,     28.5880,     57.1760,      0.0192,      0.0016,      0.0156,      0.2041,   7757.9990,-422647.3125,   -918.5073,    550.5499,  25859.9961,
       1,     168,     263,      22,       1,       3,       1,     10.0000,      1.3998,     42.5922,    248.4128,     62.5162,      3.4953,      0.0000,     -0.0320,      2.2100,      0.1512,      5.5791,     11.1581,      1.3358,     28.5880,     57.1760,      0.0192,      0.0017,      0.0156,      0.2042,   7757.9990,-421136.7500,   -918.3256,    550.6539,  25859.9961,
       1,     168,     263,      23,       1,       3,       1,     10.0000,      1.3998,     42.5922,    248.4128,     62.5162,      3.4953,      0.0000,     -0.0319,      1.9081,      0.1503,      5.5791,     11.1581,      1.3277,     28.5880,     57.1760,      0.0192,      0.0015,      0.0156,      0.2042,   7757.9990,-421304.6875,   -918.4686,    550.6423,  25859.9961,
       1,     168,     263,      24,       1,       3,       1,     10.0000,      1.3998,     42.5922,    248.4128,     62.5162,      3.4953,      0.0000,     -0.0317,      1.5450,      0.1452,      5.5791,     11.1581,      1.2830,     28.5880,     57.1760,      0.0192,      0.0012,      0.0156,      0.2042,   7757.9990,-420943.5938,   -918.5153,    550.6672,  25859.9941,
       1,     168,     264,       1,       1,       3,       1,     10.0000,      1.3998,     42.5925,    248.4187,     62.5177,      3.4953,      0.0000,     -0.0316,      1.2219,      0.1416,      5.5806,     11.1611,      1.2511,     28.5733,     57.1465,      0.0192,      0.0010,      0.0156,      0.2042,   7757.9985,-420615.9375,   -918.8141,    550.7028,  25861.1445,
       1,     168,     264,       2,       1,       3,       1,     10.0000,      1.3998,     42.5925,    248.4187,     62.5177,      3.4953,      0.0000,     -0.0315,      1.1300,      0.1392,      5.5806,     11.1611,      1.2297,     28.5733,     57.1465,      0.0192,      0.0009,      0.0156,      0.2042,   7758.3438,-420034.1875,   -918.5114,    550.7429,  25861.1484,
       1,     168,     264,       3,       1,       3,       1,     10.0000,      1.3998,     42.5925,    248.4187,     62.5177,      3.4953,      0.0000,     -0.0314,      1.0629,      0.1347,      5.5806,     11.1611,      1.1905,     28.5733,     57.1465,      0.0192,      0.0008,      0.0156,      0.2042,   7758.3447,-419869.4688,   -918.5430,    550.7541,  25861.1465,
       1,     168,     264,       4,       1,       3,       1,     10.0000,      1.3998,     42.5925,    248.4187,     62.5177,      3.4953,      0.0000,     -0.0313,      1.0638,      0.1336,      5.5806,     11.1611,      1.1809,     28.5733,     57.1465,      0.0192,      0.0008,      0.0156,      0.2042,   7758.3442,-419772.1250,   -918.5617,    550.7608,  25861.1484,
       1,     168,     264,       5,       1,       3,       1,     10.0000,      1.3998,     42.5925,    248.4187,     62.5177,      3.4953,      0.0000,     -0.0312,      0.9042,      0.1312,      5.5806,     11.1611,      1.1595,     28.5733,     57.1465,      0.0192,      0.0007,      0.0156,      0.2042,   7758.3447,-419764.7500,   -918.6019,    550.7614,  25861.1465,
       1,     168,     264,       6,       1,       3,       1,     10.0000,      1.3998,     42.5925,    248.4187,     62.5177,      3.4953,      0.0000,     -0.0312,      0.6560,      0.1312,      5.5806,     11.1611,      1.1595,     28.5733,     57.1465,      0.0192,      0.0005,      0.0156,      0.2042,   7758.3442,-419565.7500,   -918.5934,    550.7750,  25861.1465,
       1,     168,     264,       7,       1,       3,       1,     10.0000,      1.3998,     42.5925,    248.4187,     62.5177,      3.4953,      0.0000,     -0.0311,      0.4347,      0.1290,      5.5806,     11.1611,      1.1396,     28.5733,     57.1465,      0.0192,      0.0003,      0.0156,      0.2042,   7758.3442,-419240.0000,   -918.5607,    550.7975,  25861.1465,
       1,     168,     264,       8,       1,       3,       1,     10.0000,      1.3998,     42.5925,    248.4187,     62.5177,      3.4953,      0.0110,     -0.0200,      0.3772,      0.1269,      5.5806,     11.1611,      1.1212,     28.5733,     57.1465,      0.0192,      0.0003,      0.0156,      0.2042,   7758.3442,-418936.7812,   -918.5149,    550.8183,  25861.1465,
       1,     168,     264,       9,       1,       3,       1,     10.0000,      1.3998,     42.5925,    248.4187,     62.5177,      3.4953,      0.0621,      0.0308,      1.4867,      0.1335,      5.5806,     11.1611,      1.1797,     28.5733,     57.1465,      0.0192,      0.0003,      0.0696,      0.2042,   7758.3442,-418839.3438,   -918.5272,    550.8250,  25861.1465,
       1,     168,     264,      10,       1,       3,       1,     10.0000,      1.3998,     42.5925,    248.4187,     62.5177,      3.4953,      0.1020,      0.0701,      2.9792,      0.1501,      5.5806,     11.1611,      1.3264,     28.5733,     57.1465,      0.0192,      0.0003,      0.1267,      0.2042,   7758.3442,-420211.0625,   -918.9470,    550.7306,  25861.1484,
       1,     168,     264,      11,       1,       3,       1,     10.0000,      1.3998,     42.5925,    248.4187,     62.5177,      3.4953,      0.1515,      0.1192,      5.0895,      0.1622,      5.5806,     11.1611,      1.4331,     28.5733,     57.1465,      0.0192,      0.0003,      0.1982,      0.2042,   7758.3447,-422184.9688,   -919.5742,    550.5947,  25861.1465,
       1,     168,     264,      12,       1,       3,       1,     10.0000,      1.3998,     42.5925,    248.4187,     62.5177,      3.4953,      0.1663,      0.1337,      5.9947,      0.1710,      5.5806,     11.1611,      1.5111,     28.5733,     57.1465,      0.0192,      0.0003,      0.2196,      0.2042,   7758.3442,-424979.3125,   -920.4039,    550.4023,  25861.1465,
       1,     168,     264,      13,       1,       3,       1,     10.0000,      1.3998,     42.5925,    248.4187,     62.5177,      3.4953,      0.1868,      0.1537,      9.0853,      0.1843,      5.5806,     11.1611,      1.6282,     28.5733,     57.1465,      0.0192,      0.0004,      0.2491,      0.2042,   7758.3442,-426344.9062,   -921.0743,    550.3085,  25861.1484,
       1,     168,     264,      14,       1,       3,       1,     10.0000,      1.3998,     42.5925,    248.4187,     62.5177,      3.4953,      0.1880,      0.1548,     17.7322,      0.1906,      5.5806,     11.1611,      1.6840,     28.5733,     57.1465,      0.0192,      0.0009,      0.2500,      0.2042,   7758.3447,-430306.4062,   -922.4920,    550.0360,  25861.1465,
       1,     168,     264,      15,       1,       3,       1,     10.0000,      1.3998,     42.5925,    248.4187,     62.5177,      3.4953,      0.1882,      0.1548,     21.2540,      0.1967,      5.5806,     11.1611,      1.7382,     28.5733,     57.1465,      0.0192,      0.0010,      0.2500,      0.2042,   7758.3442,-441403.7188,   -925.2647,    549.2730,  25861.1445,
       1,     168,     264,      16,       1,       3,       1,     10.0000,      1.3998,     42.5925,    248.4187,     62.5177,      3.4953,      0.1892,      0.1554,     35.1098,      0.2099,      5.5806,     11.1611,      1.8552,     28.5733,     57.1465,      0.0192,      0.0017,      0.2500,      0.2042,   7758.3438,-446737.5000,   -926.9653,    548.9074,  25861.1445,
       1,     168,     264,      17,       1,       3,       1,     10.0000,      1.3998,     42.5925,    248.4187,     62.5177,      3.4953,      0.1709,      0.1372,     38.1379,      0.2061,      5.5806,     11.1611,      1.8208,     28.5733,     57.1465,      0.0192,      0.0021,      0.2228,      0.2042,   7758.3438,-464435.6875,   -930.9759,    547.6932,  25861.1445,
       1,     168,     264,      18,       1,       3,       1,     10.0000,      1.3998,     42.5925,    248.4187,     62.5177,      3.4953,      0.1436,      0.1103,     43.9688,      0.1934,      5.5806,     11.1611,      1.7093,     28.5733,     57.1465,      0.0192,      0.0030,      0.1821,      0.2041,   7758.3438,-469721.4375,   -932.4978,    547.3326,  25861.1484,
       1,     168,     264,      19,       1,       3,       1,     10.0000,      1.3998,     42.5925,    248.4187,     62.5177,      3.4953,      0.0912,      0.0582,     33.5943,      0.1815,      5.5806,     11.1611,      1.6041,     28.5733,     57.1465,      0.0192,      0.0039,      0.1070,      0.2041,   7758.3447,-477429.7812,   -934.4012,    546.8054,  25861.1484,
       1,     168,     264,      20,       1,       3,       1,     10.0000,      1.3998,     42.5925,    248.4187,     62.5177,      3.4953,      0.0102,     -0.0224,      4.8871,      0.1681,      5.5806,     11.1611,      1.4856,     28.5733,     57.1465,      0.0192,      0.0038,      0.0156,      0.2041,   7758.3447,-465172.2500,   -932.4568,    547.6434,  25861.1465,
       1,     168,     264,      21,       1,       3,       1,     10.0000,      1.3998,     42.5925,    248.4187,     62.5177,      3.4953,      0.0000,     -0.0321,      5.1727,      0.1564,      5.5806,     11.1611,      1.3822,     28.5733,     57.1465,      0.0192,      0.0041,      0.0156,      0.2041,   7758.3442,-428393.8125,   -925.6911,    550.1618,  25861.1484,
       1,     168,     264,      22,       1,       3,       1,     10.0000,      1.3998,     42.5925,    248.4187,     62.5177,      3.4953,      0.0000,     -0.0319,      4.9628,      0.1500,      5.5806,     11.1611,      1.3251,     28.5733,     57.1465,      0.0192,      0.0039,      0.0156,      0.2042,   7758.3447,-425621.5000,   -925.2858,    550.3583,  25861.1465,
       1,     168,     264,      23,       1,       3,       1,     10.0000,      1.3998,     42.5925,    248.4187,     62.5177,      3.4953,      0.0000,     -0.0319,      4.7545,      0.1507,      5.5806,     11.1611,      1.3318,     28.5733,     57.1465,      0.0192,      0.0037,      0.0156,      0.2042,   7758.3442,-425116.0000,   -925.2713,    550.3930,  25861.1465,
       1,     168,     264,      24,       1,       3,       1,     10.0000,      1.3998,     42.5925,    248.4187,     62.5177,      3.4953,      0.0000,     -0.0321,      4.8133,      0.1541,      5.5806,     11.1611,      1.3616,     28.5733,     57.1465,      0.0192,      0.0038,      0.0156,      0.2042,   7758.3442,-424813.7188,   -925.3091,    550.4138,  25861.1484,
       1,     168,     265,       1,       1,       3,       1,     10.0000,      1.3998,     42.5929,    248.4245,     62.5191,      3.4953,      0.0000,     -0.0319,      4.0222,      0.1491,      5.5796,     11.1593,      1.3171,     28.5747,     57.1493,      0.0192,      0.0032,      0.0156,      0.2042,   7758.3447,-425015.3750,   -925.7076,    550.4130,  25862.3008,
       1,     168,     265,       2,       1,       3,       1,     10.0000,      1.3998,     42.5929,    248.4245,     62.5191,      3.4953,      0.0000,     -0.0319,      2.7951,      0.1497,      5.5796,     11.1593,      1.3225,     28.5747,     57.1493,      0.0192,      0.0022,      0.0156,      0.2042,   7758.6904,-423896.3438,   -925.2945,    550.4901,  25862.2988,
       1,     168,     265,       3,       1,       3,       1,     10.0000,      1.3998,     42.5929,    248.4245,     62.5191,      3.4953,      0.0000,     -0.0319,      2.3019,      0.1485,      5.5796,     11.1593,      1.3118,     28.5747,     57.1493,      0.0192,      0.0018,      0.0156,      0.2042,   7758.6899,-422274.5625,   -925.0360,    550.6016,  25862.3027,
       1,     168,     265,       4,       1,       3,       1,     10.0000,      1.3998,     42.5929,    248.4245,     62.5191,      3.4953,      0.0000,     -0.0318,      2.2962,      0.1474,      5.5796,     11.1593,      1.3026,     28.5747,     57.1493,      0.0192,      0.0018,      0.0156,      0.2042,   7758.6909,-421521.7812,   -924.9303,    550.6535,  25862.3008,
       1,     168,     265,       5,       1,       3,       1,     10.0000,      1.3998,     42.5929,    248.4245,     62.5191,      3.4953,      0.0000,     -0.0319,      2.6305,      0.1492,      5.5796,     11.1593,      1.3185,     28.5747,     57.1493,      0.0192,      0.0021,      0.0156,      0.2042,   7758.6904,-421450.4062,   -924.9531,    550.6584,  25862.3008,
       1,     168,     265,       6,       1,       3,       1,     10.0000,      1.3998,     42.5929,    248.4245,     62.5191,      3.4953,      0.0000,     -0.0318,      1.6190,      0.1470,      5.5796,     11.1593,      1.2987,     28.5747,     57.1493,      0.0192,      0.0013,      0.0156,      0.2042,   7758.6904,-421860.1250,   -925.0687,    550.6302,  25862.3008,
       1,     168,     265,       7,       1,       3,       1,     10.0000,      1.3998,     42.5929,    248.4245,     62.5191,      3.4953,      0.0000,     -0.0317,      1.5904,      0.1443,      5.5796,     11.1593,      1.2753,     28.5747,     57.1493,      0.0192,      0.0013,      0.0156,      0.2042,   7758.6904,-420637.0312,   -924.8621,    550.7144,  25862.2988,
       1,     168,     265,       8,       1,       3,       1,     10.0000,      1.3998,     42.5929,    248.4245,     62.5191,      3.4953,      0.0091,     -0.0227,      1.5208,      0.1458,      5.5796,     11.1593,      1.2883,     28.5747,     57.1493,      0.0192,      0.0012,      0.0156,      0.2042,   7758.6899,-420497.0938,   -924.8608,    550.7241,  25862.3008,
       1,     168,     265,       9,       1,       3,       1,     10.0000,      1.3998,     42.5929,    248.4245,     62.5191,      3.4953,      0.0691,      0.0371,      5.1321,      0.1510,      5.5796,     11.1593,      1.3345,     28.5747,     57.1493,      0.0192,      0.0008,      0.0789,      0.2042,   7758.6904,-420398.1250,   -924.8660,    550.7308,  25862.3008,
       1,     168,     265,      10,       1,       3,       1,     10.0000,      1.3998,     42.5929,    248.4245,     62.5191,      3.4953,      0.0998,      0.0677,      8.0595,      0.1530,      5.5796,     11.1593,      1.3521,     28.5747,     57.1493,      0.0192,      0.0008,      0.1229,      0.2042,   7758.6904,-424881.4375,   -924.6591,    550.4221,  25862.2988,
       1,     168,     265,      11,       1,       3,       1,     10.0000,      1.3998,     42.5929,    248.4245,     62.5191,      3.4953,      0.1008,      0.0686,      7.8208,      0.1575,      5.5796,     11.1593,      1.3920,     28.5747,     57.1493,      0.0192,      0.0008,      0.1243,      0.2042,   7758.6899,-428907.4375,   -925.5697,    550.1453,  25862.3008,
       1,     168,     265,      12,       1,       3,       1,     10.0000,      1.3998,     42.5929,    248.4245,     62.5191,      3.4953,      0.0353,      0.0042,      1.1432,      0.1274,      5.5796,     11.1593,      1.1258,     28.5747,     57.1493,      0.0192,      0.0004,      0.0313,      0.2042,   7758.6904,-428954.5938,   -925.7178,    550.1421,  25862.3008,
       1,     168,     265,      13,       1,       3,       1,     10.0000,      1.3998,     42.5929,    248.4245,     62.5191,      3.4953,      0.0138,     -0.0163,      0.0681,      0.1044,      5.5796,     11.1593,      0.9229,     28.5747,     57.1493,      0.0192,      0.0005,      0.0017,      0.2042,   7758.6904,-420652.0000,   -910.5272,    550.7130,  25862.3008,
       1,     168,     265,      14,       1,       3,       1,     10.0000,      1.3998,     42.5929,    248.4245,     62.5191,      3.4953,      0.0172,     -0.0130,      0.3249,      0.1069,      5.5796,     11.1593,      0.9451,     28.5747,     57.1493,      0.0192,      0.0006,      0.0064,      0.2042,   7758.6904,-418605.0312,   -910.1426,    550.8542,  25862.3008,
       1,     168,     265,      15,       1,       3,       1,     10.0000,      1.3998,     42.5929,    248.4245,     62.5191,      3.4953,      0.0381,      0.0079,      1.3857,      0.1082,      5.5796,     11.1593,      0.9558,     28.5747,     57.1493,      0.0192,      0.0005,      0.0362,      0.2042,   7758.6904,-418748.7188,   -910.1966,    550.8444,  25862.3008,
       1,     168,     265,      16,       1,       3,       1,     10.0000,      1.3998,     42.5929,    248.4245,     62.5191,      3.4953,      0.0411,      0.0107,      2.3193,      0.1113,      5.5796,     11.1593,      0.9837,     28.5747,     57.1493,      0.0192,      0.0007,      0.0403,      0.2042,   7758.6904,-420080.4375,   -910.4529,    550.7527,  25862.3008,
       1,     168,     265,      17,       1,       3,       1,     10.0000,      1.3998,     42.5929,    248.4245,     62.5191,      3.4953,      0.0388,      0.0084,      1.8950,      0.1109,      5.5796,     11.1593,      0.9797,     28.5747,     57.1493,      0.0192,      0.0006,      0.0370,      0.2042,   7758.6904,-421355.7500,   -910.7408,    550.6649,  25862.2988,
       1,     168,     265,      18,       1,       3,       1,     10.0000,      1.3998,     42.5929,    248.4245,     62.5191,      3.4953,      0.0328,      0.0024,      0.4748,      0.1111,      5.5796,     11.1593,      0.9817,     28.5747,     57.1493,      0.0192,      0.0002,      0.0285,      0.2042,   7758.6899,-420937.4688,   -910.6547,    550.6937,  25862.3027,
       1,     168,     265,      19,       1,       3,       1,     10.0000,      1.3998,     42.5929,    248.4245,     62.5191,      3.4953,      0.0205,     -0.0098,      0.1817,      0.1098,      5.5796,     11.1593,      0.9707,     28.5747,     57.1493,      0.0192,      0.0002,      0.0110,      0.2042,   7758.6909,-419134.5625,   -910.2142,    550.8177,  25862.2988,
       1,     168,     265,      20,       1,       3,       1,     10.0000,      1.3998,     42.5929,    248.4245,     62.5191,      3.4953,      0.0021,     -0.0283,      0.2603,      0.1112,      5.5796,     11.1593,      0.9827,     28.5747,     57.1493,      0.0192,      0.0002,      0.0156,      0.2042,   7758.6899,-418616.2812,   -910.1599,    550.8535,  25862.3027,
       1,     168,     265,      21,       1,       3,       1,     10.0000,      1.3998,     42.5929,    248.4245,     62.5191,      3.4953,      0.0000,     -0.0304,      0.2587,      0.1106,      5.5796,     11.1593,      0.9777,     28.5747,     57.1493,      0.0192,      0.0002,      0.0156,      0.2042,   7758.6909,-418669.0938,   -910.1752,    550.8498,  25862.3027,
       1,     168,     265,      22,       1,       3,       1,     10.0000,      1.3998,     42.5929,    248.4245,     62.5191,      3.4953,      0.0000,     -0.0303,      0.2527,      0.1084,      5.5796,     11.1593,      0.9578,     28.5747,     57.1493,      0.0192,      0.0002,      0.0156,      0.2042,   7758.6909,-418671.8125,   -910.1768,    550.8497,  25862.3008,
       1,     168,     265,      23,       1,       3,       1,     10.0000,      1.3998,     42.5929,    248.4245,     62.5191,      3.4953,      0.0000,     -0.0304,      0.2695,      0.1105,      5.5796,     11.1593,      0.9767,     28.5747,     57.1493,      0.0192,      0.0002,      0.0156,      0.2042,   7758.6904,-418664.7188,   -910.1769,    550.8502,  25862.3008,
       1,     168,     265,      24,       1,       3,       1,     10.0000,      1.3998,     42.5929,    248.4245,     62.5191,      3.4953,      0.0000,     -0.0305,      0.2664,      0.1135,      5.5796,     11.1593,      1.0031,     28.5747,     57.1493,      0.0192,      0.0002,      0.0156,      0.2042,   7758.6904,-418685.0000,   -910.1835,    550.8488,  25862.2988,
       1,     168,     266,       1,       1,       3,       1,     10.0000,      1.3998,     42.5932,    248.4303,     62.5207,      3.4953,      0.0000,     -0.0302,      0.2483,      0.1067,      5.5816,     11.1632,      0.9431,     28.5487,     57.0974,      0.0192,      0.0002,      0.0156,      0.2042,   7758.6899,-418838.4062,   -910.4706,    550.8513,  25863.4531,
       1,     168,     266,       2,       1,       3,       1,     10.0000,      1.3998,     42.5932,    248.4303,     62.5207,      3.4953,      0.0000,     -0.0301,      0.2403,      0.1037,      5.5816,     11.1632,      0.9163,     28.5487,     57.0974,      0.0192,      0.0002,      0.0156,      0.2042,   7759.0361,-418676.5625,   -910.1903,    550.8624,  25863.4551,
       1,     168,     266,       3,       1,       3,       1,     10.0000,      1.3998,     42.5932,    248.4303,     62.5207,      3.4953,      0.0000,     -0.0302,      0.2492,      0.1071,      5.5816,     11.1632,      0.9460,     28.5487,     57.0974,      0.0192,      0.0002,      0.0156,      0.2042,   7759.0366,-418652.5625,   -910.0600,    550.8641,  25863.4570,
       1,     168,     266,       4,       1,       3,       1,     10.0000,      1.3998,     42.5932,    248.4303,     62.5207,      3.4953,      0.0000,     -0.0302,      0.2507,      0.1076,      5.5816,     11.1632,      0.9509,     28.5487,     57.0974,      0.0192,      0.0002,      0.0156,      0.2042,   7759.0376,-418661.4375,   -910.0624,    550.8635,  25863.4570,
       1,     168,     266,       5,       1,       3,       1,     10.0000,      1.3998,     42.5932,    248.4303,     62.5207,      3.4953,      0.0000,     -0.0302,      0.2507,      0.1076,      5.5816,     11.1632,      0.9509,     28.5487,     57.0974,      0.0192,      0.0002,      0.0156,      0.2042,   7759.0376,-418664.0000,   -910.0643,    550.8633,  25863.4551,
       1,     168,     266,       6,       1,       3,       1,     10.0000,      1.3998,     42.5932,    248.4303,     62.5207,      3.4953,      0.0000,     -0.0302,      0.2472,      0.1063,      5.5816,     11.1632,      0.9393,     28.5487,     57.0974,      0.0192,      0.0002,      0.0156,      0.2042,   7759.0366,-418664.4375,   -910.0660,    550.8633,  25863.4551,
       1,     168,     266,       7,       1,       3,       1,     10.0000,      1.3998,     42.5932,    248.4303,     62.5207,      3.4953,      0.0000,     -0.0301,      0.2736,      0.1049,      5.5816,     11.1632,      0.9268,     28.5487,     57.0974,      0.0192,      0.0002,      0.0156,      0.2042,   7759.0366,-418660.0625,   -910.0665,    550.8635,  25863.4531,
       1,     168,     266,       8,       1,       3,       1,     10.0000,      1.3998,     42.5932,    248.4303,     62.5207,      3.4953,      0.0070,     -0.0233,      0.2556,      0.1078,      5.5816,     11.1632,      0.9529,     28.5487,     57.0974,      0.0192,      0.0002,      0.0156,      0.2042,   7759.0361,-418692.7812,   -910.0778,    550.8613,  25863.4531,
       1,     168,     266,       9,       1,       3,       1,     10.0000,      1.3998,     42.5932,    248.4303,     62.5207,      3.4953,      0.0667,      0.0362,      1.3023,      0.1126,      5.5816,     11.1632,      0.9949,     28.5487,     57.0974,      0.0192,      0.0002,      0.0770,      0.2042,   7759.0361,-418673.1875,   -910.0897,    550.8626,  25863.4551,
       1,     168,     266,      10,       1,       3,       1,     10.0000,      1.3998,     42.5932,    248.4303,     62.5207,      3.4953,      0.1417,      0.1107,      3.5164,      0.1251,      5.5816,     11.1632,      1.1054,     28.5487,     57.0974,      0.0192,      0.0002,      0.1843,      0.2042,   7759.0366,-419973.0312,   -910.5008,    550.7732,  25863.4531,
       1,     168,     266,      11,       1,       3,       1,     10.0000,      1.3998,     42.5932,    248.4303,     62.5207,      3.4953,      0.1655,      0.1335,      5.2309,      0.1526,      5.5816,     11.1632,      1.3480,     28.5487,     57.0974,      0.0192,      0.0003,      0.2185,      0.2042,   7759.0361,-422838.1562,   -911.4970,    550.5759,  25863.4531,
       1,     168,     266,      12,       1,       3,       1,     10.0000,      1.3998,     42.5932,    248.4303,     62.5207,      3.4953,      0.1854,      0.1524,      7.3370,      0.1839,      5.5816,     11.1632,      1.6250,     28.5487,     57.0974,      0.0192,      0.0004,      0.2473,      0.2042,   7759.0361,-425215.8125,   -913.0573,    550.4124,  25863.4531,
       1,     168,     266,      13,       1,       3,       1,     10.0000,      1.3998,     42.5932,    248.4303,     62.5207,      3.4953,      0.1842,      0.1506,      8.2702,      0.2053,      5.5816,     11.1632,      1.8137,     28.5487,     57.0974,      0.0192,      0.0004,      0.2457,      0.2042,   7759.0361,-428038.7500,   -915.6734,    550.2181,  25863.4551,
       1,     168,     266,      14,       1,       3,       1,     10.0000,      1.3998,     42.5932,    248.4303,     62.5207,      3.4953,      0.1872,      0.1535,      8.3671,      0.2042,      5.5816,     11.1632,      1.8048,     28.5487,     57.0974,      0.0192,      0.0004,      0.2500,      0.2042,   7759.0366,-429440.9688,   -917.7333,    550.1216,  25863.4570,
       1,     168,     266,      15,       1,       3,       1,     10.0000,      1.3998,     42.5932,    248.4303,     62.5207,      3.4953,      0.1875,      0.1532,     15.0974,      0.2305,      5.5816,     11.1632,      2.0366,     28.5487,     57.0974,      0.0192,      0.0007,      0.2500,      0.2042,   7759.0376,-429681.4688,   -919.2500,    550.1052,  25863.4531,
       1,     168,     266,      16,       1,       3,       1,     10.0000,      1.3998,     42.5932,    248.4303,     62.5207,      3.4953,      0.1887,      0.1546,     45.7229,      0.2203,      5.5816,     11.1632,      1.9468,     28.5487,     57.0974,      0.0192,      0.0023,      0.2481,      0.2042,   7759.0361,-438073.5938,   -922.6956,    549.5281,  25863.4531,
       1,     168,     266,      17,       1,       3,       1,     10.0000,      1.3998,     42.5932,    248.4303,     62.5207,      3.4953,      0.1866,      0.1524,     86.4990,      0.2245,      5.5816,     11.1632,      1.9834,     28.5487,     57.0974,      0.0192,      0.0044,      0.2403,      0.2042,   7759.0361,-476889.7500,   -931.1876,    546.8621,  25863.4531,
       1,     168,     266,      18,       1,       3,       1,     10.0000,      1.3998,     42.5932,    248.4303,     62.5207,      3.4953,      0.1731,      0.1389,    119.4438,      0.2253,      5.5816,     11.1632,      1.9912,     28.5487,     57.0974,      0.0192,      0.0068,      0.2168,      0.2042,   7759.0361,-530979.7500,   -942.5704,    543.1710,  25863.4551,
       1,     168,     266,      19,       1,       3,       1,     10.0000,      1.3998,     42.5932,    248.4303,     62.5207,      3.4953,      0.1037,      0.0700,     59.4101,      0.2036,      5.5816,     11.1632,      1.7995,     28.5487,     57.0974,      0.0192,      0.0060,      0.1219,      0.2041,   7759.0366,-576666.4375,   -952.2637,    540.0815,  25863.4551,
       1,     168,     266,      20,       1,       3,       1,     10.0000,      1.3998,     42.5932,    248.4303,     62.5207,      3.4953,      0.0036,     -0.0291,      8.6544,      0.1739,      5.5816,     11.1632,      1.5370,     28.5487,     57.0974,      0.0192,      0.0068,      0.0156,      0.2041,   7759.0366,-505729.1250,   -939.5956,    544.8793,  25863.4531,
       1,     168,     266,      21,       1,       3,       1,     10.0000,      1.3998,     42.5932,    248.4303,     62.5207,      3.4953,      0.0000,     -0.0323,      7.1538,      0.1619,      5.5816,     11.1632,      1.4303,     28.5487,     57.0974,      0.0192,      0.0056,      0.0156,      0.2041,   7759.0361,-436540.5938,   -926.8588,    549.6131,  25863.4551,
       1,     168,     266,      22,       1,       3,       1,     10.0000,      1.3998,     42.5932,    248.4303,     62.5207,      3.4953,      0.0000,     -0.0321,      7.0061,      0.1558,      5.5816,     11.1632,      1.3768,     28.5487,     57.0974,      0.0192,      0.0055,      0.0156,      0.2042,   7759.0366,-428804.9062,   -925.5500,    550.1652,  25863.4570,
       1,     168,     266,      23,       1,       3,       1,     10.0000,      1.3998,     42.5932,    248.4303,     62.5207,      3.4953,      0.0000,     -0.0319,      7.7235,      0.1512,      5.5816,     11.1632,      1.3359,     28.5487,     57.0974,      0.0192,      0.0061,      0.0156,      0.2042,   7759.0376,-427934.5312,   -925.5049,    550.2253,  25863.4551,
       1,     168,     266,      24,       1,       3,       1,     10.0000,      1.3998,     42.5932,    248.4303,     62.5207,      3.4953,      0.0000,     -0.0319,      7.6269,      0.1500,      5.5816,     11.1632,      1.3252,     28.5487,     57.0974,      0.0192,      0.0060,      0.0156,      0.2042,   7759.0366,-428752.1250,   -925.7748,    550.1691,  25863.4551,
       1,     168,     267,       1,       1,       3,       1,     10.0000,      1.3999,     42.5935,    248.4362,     62.5221,      3.4953,      0.0000,     -0.0318,      4.4936,      0.1471,      5.5793,     11.1585,      1.3001,     28.5531,     57.1063,      0.0192,      0.0035,      0.0156,      0.2043,   7759.0366,-428855.5625,   -926.1643,    550.1750,  25864.6074,
       1,     168,     267,       2,       1,       3,       1,     10.0000,      1.3999,     42.5935,    248.4362,     62.5221,      3.4953,      0.0000,     -0.0317,      3.1803,      0.1439,      5.5793,     11.1585,      1.2715,     28.5531,     57.1063,      0.0192,      0.0025,      0.0156,      0.2043,   7759.3823,-424815.7188,   -925.1791,    550.4528,  25864.6074,
       1,     168,     267,       3,       1,       3,       1,     10.0000,      1.3999,     42.5935,    248.4362,     62.5221,      3.4953,      0.0000,     -0.0316,      2.3139,      0.1420,      5.5793,     11.1585,      1.2549,     28.5531,     57.1063,      0.0192,      0.0018,      0.0156,      0.2043,   7759.3823,-422837.0938,   -924.8409,    550.5890,  25864.6074,
       1,     168,     267,       4,       1,       3,       1,     10.0000,      1.3999,     42.5935,    248.4362,     62.5221,      3.4953,      0.0000,     -0.0315,      1.5774,      0.1385,      5.5793,     11.1585,      1.2236,     28.5531,     57.1063,      0.0192,      0.0012,      0.0156,      0.2043,   7759.3823,-421590.2500,   -924.6291,    550.6748,  25864.6074,
       1,     168,     267,       5,       1,       3,       1,     10.0000,      1.3999,     42.5935,    248.4362,     62.5221,      3.4953,      0.0000,     -0.0314,      1.3830,      0.1365,      5.5793,     11.1585,      1.2064,     28.5531,     57.1063,      0.0192,      0.0011,      0.0156,      0.2043,   7759.3823,-420567.6250,   -924.4497,    550.7452,  25864.6074,
       1,     168,     267,       6,       1,       3,       1,     10.0000,      1.3999,     42.5935,    248.4362,     62.5221,      3.4953,      0.0000,     -0.0314,      1.2874,      0.1354,      5.5793,     11.1585,      1.1966,     28.5531,     57.1063,      0.0192,      0.0010,      0.0156,      0.2043,   7759.3823,-420238.4688,   -924.3993,    550.7678,  25864.6074,
       1,     168,     267,       7,       1,       3,       1,     10.0000,      1.3999,     42.5935,    248.4362,     62.5221,      3.4953,      0.0000,     -0.0312,      0.8252,      0.1302,      5.5793,     11.1585,      1.1502,     28.5531,     57.1063,      0.0192,      0.0006,      0.0156,      0.2043,   7759.3823,-420091.2812,   -924.3820,    550.7780,  25864.6074,
       1,     168,     267,       8,       1,       3,       1,     10.0000,      1.3999,     42.5935,    248.4362,     62.5221,      3.4953,      0.0190,     -0.0122,      0.2981,      0.1303,      5.5793,     11.1585,      1.1514,     28.5531,     57.1063,      0.0192,      0.0005,      0.0078,      0.2043,   7759.3823,-419504.0000,   -924.2772,    550.8184,  25864.6074,
       1,     168,     267,       9,       1,       3,       1,     10.0000,      1.3999,     42.5935,    248.4362,     62.5221,      3.4953,      0.0885,      0.0567,      4.2688,      0.1465,      5.5793,     11.1585,      1.2948,     28.5531,     57.1063,      0.0192,      0.0005,      0.1071,      0.2043,   7759.3823,-418798.2500,   -924.1489,    550.8670,  25864.6055,
       1,     168,     267,      10,       1,       3,       1,     10.0000,      1.3999,     42.5935,    248.4362,     62.5221,      3.4953,      0.1578,      0.1254,      9.5628,      0.1617,      5.5793,     11.1585,      1.4289,     28.5531,     57.1063,      0.0192,      0.0006,      0.2067,      0.2043,   7759.3818,-423675.4062,   -925.1031,    550.5311,  25864.6055,
       1,     168,     267,      11,       1,       3,       1,     10.0000,      1.3999,     42.5935,    248.4362,     62.5221,      3.4953,      0.1881,      0.1548,     19.0826,      0.1921,      5.5793,     11.1585,      1.6976,     28.5531,     57.1063,      0.0192,      0.0009,      0.2500,      0.2043,   7759.3818,-430676.8438,   -926.5029,    550.0495,  25864.6074,
       1,     168,     267,      12,       1,       3,       1,     10.0000,      1.3999,     42.5935,    248.4362,     62.5221,      3.4953,      0.1883,      0.1544,     23.2236,      0.2141,      5.5793,     11.1585,      1.8922,     28.5531,     57.1063,      0.0192,      0.0011,      0.2500,      0.2043,   7759.3823,-443115.9688,   -928.9871,    549.1944,  25864.6074,
       1,     168,     267,      13,       1,       3,       1,     10.0000,      1.3999,     42.5935,    248.4362,     62.5221,      3.4953,      0.1720,      0.1380,     12.7007,      0.2173,      5.5793,     11.1585,      1.9203,     28.5531,     57.1063,      0.0192,      0.0007,      0.2274,      0.2042,   7759.3823,-449332.7500,   -930.2704,    548.7683,  25864.6094,
       1,     168,     267,      14,       1,       3,       1,     10.0000,      1.3999,     42.5935,    248.4362,     62.5221,      3.4953,      0.1865,      0.1520,     23.2271,      0.2348,      5.5793,     11.1585,      2.0748,     28.5531,     57.1063,      0.0192,      0.0012,      0.2475,      0.2042,   7759.3833,-436772.7500,   -927.9013,    549.6301,  25864.6074,
       1,     168,     267,      15,       1,       3,       1,     10.0000,      1.3999,     42.5935,    248.4362,     62.5221,      3.4953,      0.1906,      0.1558,     55.9182,      0.2477,      5.5793,     11.1585,      2.1891,     28.5531,     57.1063,      0.0192,      0.0027,      0.2500,      0.2042,   7759.3823,-448793.8750,   -930.2034,    548.8049,  25864.6074,
       1,     168,     267,      16,       1,       3,       1,     10.0000,      1.3999,     42.5935,    248.4362,     62.5221,      3.4953,      0.1930,      0.1581,     87.3360,      0.2526,      5.5793,     11.1585,      2.2321,     28.5531,     57.1063,      0.0192,      0.0043,      0.2500,      0.2042,   7759.3823,-490491.0625,   -938.2912,    545.9449,  25864.6055,
       1,     168,     267,      17,       1,       3,       1,     10.0000,      1.3999,     42.5935,    248.4362,     62.5221,      3.4953,      0.1262,      0.0929,     58.2287,      0.1925,      5.5793,     11.1585,      1.7009,     28.5531,     57.1063,      0.0192,      0.0046,      0.1551,      0.2042,   7759.3818,-533183.3750,   -946.7416,    543.0390,  25864.6074,
       1,     168,     267,      18,       1,       3,       1,     10.0000,      1.3999,     42.5935,    248.4362,     62.5221,      3.4953,      0.0909,      0.0581,     39.4791,      0.1764,      5.5793,     11.1585,      1.5586,     28.5531,     57.1063,      0.0192,      0.0046,      0.1059,      0.2041,   7759.3823,-500581.0938,   -940.5065,    545.2598,  25864.6055,
       1,     168,     267,      19,       1,       3,       1,     10.0000,      1.3999,     42.5935,    248.4362,     62.5221,      3.4953,      0.0557,      0.0228,     25.0973,      0.1785,      5.5793,     11.1585,      1.5773,     28.5531,     57.1063,      0.0192,      0.0055,      0.0563,      0.2042,   7759.3818,-474464.0625,   -935.9488,    547.0443,  25864.6074,
       1,     168,     267,      20,       1,       3,       1,     10.0000,      1.3999,     42.5935,    248.4362,     62.5221,      3.4953,      0.0109,     -0.0218,      8.1980,      0.1722,      5.5793,     11.1585,      1.5217,     28.5531,     57.1063,      0.0192,      0.0064,      0.0156,      0.2042,   7759.3823,-454341.3750,   -932.4088,    548.4233,  25864.6055,
       1,     168,     267,      21,       1,       3,       1,     10.0000,      1.3999,     42.5935,    248.4362,     62.5221,      3.4953,      0.0000,     -0.0326,      7.5270,      0.1698,      5.5793,     11.1585,      1.5006,     28.5531,     57.1063,      0.0192,      0.0059,      0.0156,      0.2042,   7759.3818,-431599.9688,   -928.2569,    549.9839,  25864.6055,
       1,     168,     267,      22,       1,       3,       1,     10.0000,      1.3999,     42.5935,    248.4362,     62.5221,      3.4953,      0.0000,     -0.0325,      3.6028,      0.1670,      5.5793,     11.1585,      1.4754,     28.5531,     57.1063,      0.0192,      0.0028,      0.0156,      0.2042,   7759.3818,-428826.1562,   -927.8527,    550.1769,  25864.6055,
       1,     168,     267,      23,       1,       3,       1,     10.0000,      1.3999,     42.5935,    248.4362,     62.5221,      3.4953,      0.0000,     -0.0324,      2.1692,      0.1656,      5.5793,     11.1585,      1.4636,     28.5531,     57.1063,      0.0192,      0.0017,      0.0156,      0.2043,   7759.3818,-423705.6562,   -926.9288,    550.5292,  25864.6055,
       1,     168,     267,      24,       1,       3,       1,     10.0000,      1.3999,     42.5935,    248.4362,     62.5221,      3.4953,      0.0000,     -0.0324,      2.3371,      0.1635,      5.5793,     11.1585,      1.4447,     28.5531,     57.1063,      0.0192,      0.0018,      0.0156,      0.2043,   7759.3818,-421484.8125,   -926.1882,    550.6820,  25864.6055,
       1,     168,     268,       1,       1,       3,       1,     10.0000,      1.3999,     42.5939,    248.4420,     62.5236,      3.4953,      0.0000,     -0.0323,      2.3886,      0.1614,      5.5802,     11.1604,      1.4260,     28.5548,     57.1095,      0.0192,      0.0019,      0.0156,      0.2043,   7759.3818,-421657.8750,   -926.5379,    550.6829,  25865.7578,
       1,     168,     268,       2,       1,       3,       1,     10.0000,      1.3999,     42.5939,    248.4420,     62.5236,      3.4953,      0.0000,     -0.0321,      2.1196,      0.1569,      5.5802,     11.1604,      1.3865,     28.5548,     57.1095,      0.0192,      0.0017,      0.0156,      0.2043,   7759.7275,-421585.0312,   -926.2958,    550.6880,  25865.7598,
       1,     168,     268,       3,       1,       3,       1,     10.0000,      1.3999,     42.5939,    248.4420,     62.5236,      3.4953,      0.0000,     -0.0321,      1.8731,      0.1546,      5.5802,     11.1604,      1.3658,     28.5548,     57.1095,      0.0192,      0.0015,      0.0156,      0.2043,   7759.7280,-421244.0312,   -926.2621,    550.7114,  25865.7578,
       1,     168,     268,       4,       1,       3,       1,     10.0000,      1.3999,     42.5939,    248.4420,     62.5236,      3.4953,      0.0000,     -0.0320,      1.7589,      0.1532,      5.5802,     11.1604,      1.3535,     28.5548,     57.1095,      0.0192,      0.0014,      0.0156,      0.2043,   7759.7275,-420908.5000,   -926.2220,    550.7346,  25865.7578,
       1,     168,     268,       5,       1,       3,       1,     10.0000,      1.3999,     42.5939,    248.4420,     62.5236,      3.4953,      0.0000,     -0.0320,      1.5500,      0.1515,      5.5802,     11.1604,      1.3386,     28.5548,     57.1095,      0.0192,      0.0012,      0.0156,      0.2043,   7759.7275,-420737.8438,   -926.2149,    550.7463,  25865.7578,
       1,     168,     268,       6,       1,       3,       1,     10.0000,      1.3999,     42.5939,    248.4420,     62.5236,      3.4953,      0.0000,     -0.0320,      0.9264,      0.1519,      5.5802,     11.1604,      1.3427,     28.5548,     57.1095,      0.0192,      0.0007,      0.0156,      0.2043,   7759.7275,-420463.5000,   -926.1796,    550.7652,  25865.7598,
       1,     168,     268,       7,       1,       3,       1,     10.0000,      1.3999,     42.5939,    248.4420,     62.5236,      3.4953,      0.0000,     -0.0318,      0.4735,      0.1470,      5.5802,     11.1604,      1.2988,     28.5548,     57.1095,      0.0192,      0.0004,      0.0156,      0.2043,   7759.7280,-419664.4375,   -926.0385,    550.8201,  25865.7598,
       1,     168,     268,       8,       1,       3,       1,     10.0000,      1.3999,     42.5939,    248.4420,     62.5236,      3.4953,      0.0143,     -0.0176,      0.0044,      0.1501,      5.5802,     11.1604,      1.3266,     28.5548,     57.1095,      0.0192,      0.0003,      0.0002,      0.2043,   7759.7280,-419033.1250,   -925.9221,    550.8636,  25865.7578,
       1,     168,     268,       9,       1,       3,       1,     10.0000,      1.3999,     42.5939,    248.4420,     62.5236,      3.4953,      0.1243,      0.0916,      4.4309,      0.1745,      5.5802,     11.1604,      1.5416,     28.5548,     57.1095,      0.0192,      0.0003,      0.1587,      0.2043,   7759.7275,-418395.8125,   -925.8063,    550.9075,  25865.7559,
       1,     168,     268,      10,       1,       3,       1,     10.0000,      1.3999,     42.5939,    248.4420,     62.5236,      3.4953,      0.1640,      0.1305,      6.9442,      0.1971,      5.5802,     11.1604,      1.7418,     28.5548,     57.1095,      0.0192,      0.0004,      0.2161,      0.2043,   7759.7271,-423845.0625,   -926.9262,    550.5323,  25865.7598,
       1,     168,     268,      11,       1,       3,       1,     10.0000,      1.3999,     42.5939,    248.4420,     62.5236,      3.4953,      0.1742,      0.1406,      7.5493,      0.2001,      5.5802,     11.1604,      1.7679,     28.5548,     57.1095,      0.0192,      0.0004,      0.2310,      0.2043,   7759.7280,-427436.6562,   -927.7242,    550.2853,  25865.7578,
       1,     168,     268,      12,       1,       3,       1,     10.0000,      1.3999,     42.5939,    248.4420,     62.5236,      3.4953,      0.1776,      0.1441,      9.0901,      0.2001,      5.5802,     11.1604,      1.7679,     28.5548,     57.1095,      0.0192,      0.0005,      0.2359,      0.2043,   7759.7275,-428496.5000,   -928.0393,    550.2124,  25865.7578,
       1,     168,     268,      13,       1,       3,       1,     10.0000,      1.3999,     42.5939,    248.4420,     62.5236,      3.4953,      0.1878,      0.1546,     14.6242,      0.1882,      5.5802,     11.1604,      1.6626,     28.5548,     57.1095,      0.0192,      0.0007,      0.2500,      0.2043,   7759.7275,-430503.3125,   -913.0432,    550.0743,  25865.7598,
       1,     168,     268,      14,       1,       3,       1,     10.0000,      1.3999,     42.5939,    248.4420,     62.5236,      3.4953,      0.1867,      0.1535,     32.8417,      0.1891,      5.5802,     11.1604,      1.6709,     28.5548,     57.1095,      0.0192,      0.0016,      0.2463,      0.2043,   7759.7280,-437556.7812,   -916.1932,    549.5894,  25865.7617,
       1,     168,     268,      15,       1,       3,       1,     10.0000,      1.3999,     42.5939,    248.4420,     62.5236,      3.4953,      0.1910,      0.1576,     56.6950,      0.1981,      5.5802,     11.1604,      1.7505,     28.5548,     57.1095,      0.0192,      0.0028,      0.2500,      0.2043,   7759.7290,-460816.8438,   -921.6868,    547.9917,  25865.7598,
       1,     168,     268,      16,       1,       3,       1,     10.0000,      1.3999,     42.5939,    248.4420,     62.5236,      3.4953,      0.1150,      0.0826,     31.3150,      0.1640,      5.5802,     11.1604,      1.4491,     28.5548,     57.1095,      0.0192,      0.0027,      0.1421,      0.2042,   7759.7280,-492487.7812,   -925.5306,    545.8246,  25865.7598,
       1,     168,     268,      17,       1,       3,       1,     10.0000,      1.3999,     42.5939,    248.4420,     62.5236,      3.4953,      0.0186,     -0.0123,      1.5753,      0.1232,      5.5802,     11.1604,      1.0887,     28.5548,     57.1095,      0.0192,      0.0026,      0.0074,      0.2042,   7759.7280,-463610.9062,   -918.9745,    547.7991,  25865.7598,
       1,     168,     268,      18,       1,       3,       1,     10.0000,      1.3999,     42.5939,    248.4420,     62.5236,      3.4953,      0.0185,     -0.0127,      1.3430,      0.1308,      5.5802,     11.1604,      1.1561,     28.5548,     57.1095,      0.0192,      0.0024,      0.0069,      0.2042,   7759.7280,-424152.0625,   -911.5720,    550.5046,  25865.7598,
       1,     168,     268,      19,       1,       3,       1,     10.0000,      1.3999,     42.5939,    248.4420,     62.5236,      3.4953,      0.0145,     -0.0171,      0.1505,      0.1407,      5.5802,     11.1604,      1.2436,     28.5548,     57.1095,      0.0192,      0.0022,      0.0008,      0.2043,   7759.7280,-420506.4062,   -910.8459,    550.7622,  25865.7598,
       1,     168,     268,      20,       1,       3,       1,     10.0000,      1.3999,     42.5939,    248.4420,     62.5236,      3.4953,      0.0011,     -0.0307,      2.7031,      0.1462,      5.5802,     11.1604,      1.2923,     28.5548,     57.1095,      0.0192,      0.0021,      0.0156,      0.2043,   7759.7280,-418703.3750,   -910.8794,    550.8864,  25865.7598,
       1,     168,     268,      21,       1,       3,       1,     10.0000,      1.3999,     42.5939,    248.4420,     62.5236,      3.4953,      0.0000,     -0.0318,      1.3038,      0.1470,      5.5802,     11.1604,      1.2988,     28.5548,     57.1095,      0.0192,      0.0010,      0.0156,      0.2043,   7759.7280,-421722.8125,   -910.9475,    550.6785,  25865.7598,
       1,     168,     268,      22,       1,       3,       1,     10.0000,      1.3999,     42.5939,    248.4420,     62.5236,      3.4953,      0.0000,     -0.0317,      0.6299,      0.1446,      5.5802,     11.1604,      1.2780,     28.5548,     57.1095,      0.0192,      0.0005,      0.0156,      0.2043,   7759.7280,-420241.5000,   -910.8124,    550.7804,  25865.7598,
       1,     168,     268,      23,       1,       3,       1,     10.0000,      1.3999,     42.5939,    248.4420,     62.5236,      3.4953,      0.0000,     -0.0316,      0.3536,      0.1417,      5.5802,     11.1604,      1.2524,     28.5548,     57.1095,      0.0192,      0.0003,      0.0156,      0.2043,   7759.7280,-419276.8438,   -910.1989,    550.8468,  25865.7617,
       1,     168,     268,      24,       1,       3,       1,     10.0000,      1.3999,     42.5939,    248.4420,     62.5236,      3.4953,      0.0000,     -0.0315,      0.3363,      0.1392,      5.5802,     11.1604,      1.2298,     28.5548,     57.1095,      0.0192,      0.0003,      0.0156,      0.2043,   7759.7290,-418850.4375,   -910.1256,    550.8762,  25865.7598,
       1,     168,     269,       1,       1,       3,       1,     10.0000,      1.3999,     42.5942,    248.4478,     62.5250,      3.4953,      0.0000,     -0.0314,      0.3274,      0.1360,      5.5801,     11.1601,      1.2016,     28.5494,     57.0988,      0.0192,      0.0003,      0.0156,      0.2043,   7759.7280,-418947.5625,   -910.4025,    550.8826,  25866.9102,
       1,     168,     269,       2,       1,       3,       1,     10.0000,      1.3999,     42.5942,    248.4478,     62.5250,      3.4953,      0.0000,     -0.0312,      0.3159,      0.1318,      5.5801,     11.1601,      1.1644,     28.5494,     57.0988,      0.0192,      0.0002,      0.0156,      0.2043,   7760.0732,-418792.9688,   -910.1251,    550.8932,  25866.9121,
       1,     168,     269,       3,       1,       3,       1,     10.0000,      1.3999,     42.5942,    248.4478,     62.5250,      3.4953,      0.0000,     -0.0311,      0.3072,      0.1286,      5.5801,     11.1601,      1.1363,     28.5494,     57.0988,      0.0192,      0.0002,      0.0156,      0.2043,   7760.0737,-418765.1875,   -910.1209,    550.8952,  25866.9121,
       1,     168,     269,       4,       1,       3,       1,     10.0000,      1.3999,     42.5942,    248.4478,     62.5250,      3.4953,      0.0000,     -0.0311,      0.3065,      0.1283,      5.5801,     11.1601,      1.1340,     28.5494,     57.0988,      0.0192,      0.0002,      0.0156,      0.2043,   7760.0737,-418751.9062,   -910.1201,    550.8961,  25866.9121,
       1,     168,     269,       5,       1,       3,       1,     10.0000,      1.3999,     42.5942,    248.4478,     62.5250,      3.4953,      0.0000,     -0.0311,      0.3047,      0.1277,      5.5801,     11.1601,      1.1282,     28.5494,     57.0988,      0.0192,      0.0002,      0.0156,      0.2043,   7760.0737,-418749.9062,   -910.1212,    550.8962,  25866.9121,
       1,     168,     269,       6,       1,       3,       1,     10.0000,      1.3999,     42.5942,    248.4478,     62.5250,      3.4953,      0.0000,     -0.0311,      0.3086,      0.1291,      5.5801,     11.1601,      1.1409,     28.5494,     57.0988,      0.0192,      0.0002,      0.0156,      0.2043,   7760.0737,-418747.5938,   -910.1221,    550.8964,  25866.9121,
       1,     168,     269,       7,       1,       3,       1,     10.0000,      1.3999,     42.5942,    248.4478,     62.5250,      3.4953,      0.0000,     -0.0310,      0.2980,      0.1252,      5.5801,     11.1601,      1.1066,     28.5494,     57.0988,      0.0192,      0.0002,      0.0156,      0.2043,   7760.0737,-418752.0938,   -910.1243,    550.8961,  25866.9102,
       1,     168,     269,       8,       1,       3,       1,     10.0000,      1.3999,     42.5942,    248.4478,     62.5250,      3.4953,      0.0104,     -0.0207,      0.3068,      0.1285,      5.5801,     11.1601,      1.1351,     28.5494,     57.0988,      0.0192,      0.0002,      0.0156,      0.2043,   7760.0732,-418739.7812,   -910.1245,    550.8969,  25866.9121,
       1,     168,     269,       9,       1,       3,       1,     10.0000,      1.3999,     42.5942,    248.4478,     62.5250,      3.4953,      0.0734,      0.0422,      1.7695,      0.1327,      5.5801,     11.1601,      1.1727,     28.5494,     57.0988,      0.0192,      0.0003,      0.0860,      0.2043,   7760.0737,-418749.2812,   -910.1678,    550.8962,  25866.9121,
       1,     168,     269,      10,       1,       3,       1,     10.0000,      1.3999,     42.5942,    248.4478,     62.5250,      3.4953,      0.1483,      0.1163,      4.7501,      0.1521,      5.5801,     11.1601,      1.3441,     28.5494,     57.0988,      0.0192,      0.0003,      0.1935,      0.2043,   7760.0737,-420568.5000,   -910.8085,    550.7709,  25866.9102,
       1,     168,     269,      11,       1,       3,       1,     10.0000,      1.3999,     42.5942,    248.4478,     62.5250,      3.4953,      0.1701,      0.1373,      6.4689,      0.1789,      5.5801,     11.1601,      1.5805,     28.5494,     57.0988,      0.0192,      0.0004,      0.2251,      0.2043,   7760.0732,-424430.1562,   -912.2515,    550.5051,  25866.9121,
       1,     168,     269,      12,       1,       3,       1,     10.0000,      1.3999,     42.5942,    248.4478,     62.5250,      3.4953,      0.1799,      0.1467,      7.4338,      0.1914,      5.5801,     11.1601,      1.6909,     28.5494,     57.0988,      0.0192,      0.0004,      0.2394,      0.2043,   7760.0737,-426897.4375,   -913.8553,    550.3353,  25866.9121,
       1,     168,     269,      13,       1,       3,       1,     10.0000,      1.3999,     42.5942,    248.4478,     62.5250,      3.4953,      0.1872,      0.1534,      8.6894,      0.2100,      5.5801,     11.1601,      1.8554,     28.5494,     57.0988,      0.0192,      0.0004,      0.2500,      0.2043,   7760.0737,-428308.2812,   -913.2448,    550.2383,  25866.9121,
       1,     168,     269,      14,       1,       3,       1,     10.0000,      1.3999,     42.5942,    248.4478,     62.5250,      3.4953,      0.1872,      0.1529,      9.8997,      0.2251,      5.5801,     11.1601,      1.9894,     28.5494,     57.0988,      0.0192,      0.0005,      0.2500,      0.2043,   7760.0737,-429990.1875,   -915.8019,    550.1227,  25866.9121,
       1,     168,     269,      15,       1,       3,       1,     10.0000,      1.3999,     42.5942,    248.4478,     62.5250,      3.4953,      0.1882,      0.1536,     23.9142,      0.2397,      5.5801,     11.1601,      2.1179,     28.5494,     57.0988,      0.0192,      0.0012,      0.2500,      0.2043,   7760.0737,-431638.9062,   -917.6662,    550.0093,  25866.9141,
       1,     168,     269,      16,       1,       3,       1,     10.0000,      1.3999,     42.5942,    248.4478,     62.5250,      3.4953,      0.1905,      0.1563,     51.9957,      0.2243,      5.5801,     11.1601,      1.9816,     28.5494,     57.0988,      0.0192,      0.0026,      0.2500,      0.2043,   7760.0747,-449205.6562,   -922.6038,    548.8016,  25866.9121,
       1,     168,     269,      17,       1,       3,       1,     10.0000,      1.3999,     42.5942,    248.4478,     62.5250,      3.4953,      0.0505,      0.0178,     10.3708,      0.1733,      5.5801,     11.1601,      1.5310,     28.5494,     57.0988,      0.0192,      0.0025,      0.0506,      0.2043,   7760.0737,-485637.6562,   -930.5713,    546.3037,  25866.9121,
       1,     168,     269,      18,       1,       3,       1,     10.0000,      1.3999,     42.5942,    248.4478,     62.5250,      3.4953,      0.0115,     -0.0202,      3.7383,      0.1439,      5.5801,     11.1601,      1.2716,     28.5494,     57.0988,      0.0192,      0.0029,      0.0156,      0.2042,   7760.0737,-436965.1875,   -913.8681,    549.6331,  25866.9121,
       1,     168,     269,      19,       1,       3,       1,     10.0000,      1.3999,     42.5942,    248.4478,     62.5250,      3.4953,      0.0033,     -0.0283,      4.9226,      0.1407,      5.5801,     11.1601,      1.2436,     28.5494,     57.0988,      0.0192,      0.0039,      0.0156,      0.2043,   7760.0737,-424586.2188,   -911.5621,    550.4938,  25866.9121,
       1,     168,     269,      20,       1,       3,       1,     10.0000,      1.3999,     42.5942,    248.4478,     62.5250,      3.4953,      0.0009,     -0.0306,      5.9927,      0.1392,      5.5801,     11.1601,      1.2299,     28.5494,     57.0988,      0.0192,      0.0047,      0.0156,      0.2043,   7760.0737,-424989.1250,   -911.7941,    550.4667,  25866.9141,
       1,     168,     269,      21,       1,       3,       1,     10.0000,      1.3999,     42.5942,    248.4478,     62.5250,      3.4953,      0.0000,     -0.0314,      4.4771,      0.1374,      5.5801,     11.1601,      1.2138,     28.5494,     57.0988,      0.0192,      0.0035,      0.0156,      0.2043,   7760.0747,-426352.9688,   -912.2739,    550.3729,  25866.9121,
       1,     168,     269,      22,       1,       3,       1,     10.0000,      1.3999,     42.5942,    248.4478,     62.5250,      3.4953,      0.0000,     -0.0313,      1.8350,      0.1324,      5.5801,     11.1601,      1.1703,     28.5494,     57.0988,      0.0192,      0.0014,      0.0156,      0.2043,   7760.0737,-424585.5625,   -912.4797,    550.4944,  25866.9141,
       1,     168,     269,      23,       1,       3,       1,     10.0000,      1.3999,     42.5942,    248.4478,     62.5250,      3.4953,      0.0000,     -0.0312,      0.3126,      0.1306,      5.5801,     11.1601,      1.1538,     28.5494,     57.0988,      0.0192,      0.0002,      0.0156,      0.2043,   7760.0747,-421149.2812,   -912.0056,    550.7310,  25866.9121,
       1,     168,     269,      24,       1,       3,       1,     10.0000,      1.3999,     42.5942,    248.4478,     62.5250,      3.4953,      0.0000,     -0.0313,      0.3207,      0.1335,      5.5801,     11.1601,      1.1798,     28.5494,     57.0988,      0.0192,      0.0003,      0.0156,      0.2043,   7760.0737,-418962.7500,   -911.6175,    550.8815,  25866.9102,
       1,     168,     270,       1,       1,       3,       1,     10.0000,      1.3999,     42.5945,    248.4536,     62.5265,      3.4953,      0.0000,     -0.0313,      0.3240,      0.1347,      5.5807,     11.1613,      1.1907,     28.5447,     57.0894,      0.0192,      0.0003,      0.0156,      0.2043,   7760.0732,-418940.4062,   -911.8738,    550.8960,  25868.0605,
       1,     168,     270,       2,       1,       3,       1,     10.0000,      1.3999,     42.5945,    248.4536,     62.5265,      3.4953,      0.0000,     -0.0312,      0.3137,      0.1310,      5.5807,     11.1613,      1.1573,     28.5447,     57.0894,      0.0192,      0.0002,      0.0156,      0.2043,   7760.4185,-418791.1875,   -911.5961,    550.9062,  25868.0605,
       1,     168,     270,       3,       1,       3,       1,     10.0000,      1.3999,     42.5945,    248.4536,     62.5265,      3.4953,      0.0000,     -0.0312,      0.3133,      0.1308,      5.5807,     11.1613,      1.1561,     28.5447,     57.0894,      0.0192,      0.0002,      0.0156,      0.2043,   7760.4185,-418765.5625,   -911.5931,    550.9081,  25868.0586,
       1,     168,     270,       4,       1,       3,       1,     10.0000,      1.3999,     42.5945,    248.4536,     62.5265,      3.4953,      0.0000,     -0.0312,      0.3137,      0.1310,      5.5807,     11.1613,      1.1573,     28.5447,     57.0894,      0.0192,      0.0002,      0.0156,      0.2043,   7760.4180,-418763.0312,   -911.5945,    550.9083,  25868.0586,
       1,     168,     270,       5,       1,       3,       1,     10.0000,      1.3999,     42.5945,    248.4536,     62.5265,      3.4953,      0.0000,     -0.0313,      0.3203,      0.1334,      5.5807,     11.1613,      1.1787,     28.5447,     57.0894,      0.0192,      0.0003,      0.0156,      0.2043,   7760.4180,-418763.3125,   -911.5964,    550.9083,  25868.0605,
       1,     168,     270,       6,       1,       3,       1,     10.0000,      1.3999,     42.5945,    248.4536,     62.5265,      3.4953,      0.0000,     -0.0313,      0.3181,      0.1326,      5.5807,     11.1613,      1.1715,     28.5447,     57.0894,      0.0192,      0.0003,      0.0156,      0.2043,   7760.4185,-418771.3438,   -911.5989,    550.9077,  25868.0625,
       1,     168,     270,       7,       1,       3,       1,     10.0000,      1.3999,     42.5945,    248.4536,     62.5265,      3.4953,      0.0000,     -0.0312,      0.3140,      0.1311,      5.5807,     11.1613,      1.1585,     28.5447,     57.0894,      0.0192,      0.0002,      0.0156,      0.2043,   7760.4189,-418768.9062,   -911.5993,    550.9078,  25868.0605,
       1,     168,     270,       8,       1,       3,       1,     10.0000,      1.3999,     42.5945,    248.4536,     62.5265,      3.4953,      0.0077,     -0.0234,      0.3115,      0.1302,      5.5807,     11.1613,      1.1503,     28.5447,     57.0894,      0.0192,      0.0002,      0.0156,      0.2043,   7760.4185,-418764.1875,   -911.6009,    550.9082,  25868.0586,
       1,     168,     270,       9,       1,       3,       1,     10.0000,      1.3999,     42.5945,    248.4536,     62.5265,      3.4953,      0.1160,      0.0844,      3.2174,      0.1410,      5.5807,     11.1613,      1.2462,     28.5447,     57.0894,      0.0192,      0.0003,      0.1470,      0.2043,   7760.4180,-418760.5938,   -911.6286,    550.9083,  25868.0586,
       1,     168,     270,      10,       1,       3,       1,     10.0000,      1.3999,     42.5945,    248.4536,     62.5265,      3.4953,      0.1608,      0.1282,      5.6752,      0.1685,      5.5807,     11.1613,      1.4888,     28.5447,     57.0894,      0.0192,      0.0003,      0.2115,      0.2043,   7760.4180,-422372.6250,   -912.7316,    550.6597,  25868.0605,
       1,     168,     270,      11,       1,       3,       1,     10.0000,      1.3999,     42.5945,    248.4536,     62.5265,      3.4953,      0.1717,      0.1385,      6.9721,      0.1893,      5.5807,     11.1613,      1.6726,     28.5447,     57.0894,      0.0192,      0.0004,      0.2273,      0.2043,   7760.4185,-425736.9375,   -914.3614,    550.4282,  25868.0605,
       1,     168,     270,      12,       1,       3,       1,     10.0000,      1.3999,     42.5945,    248.4536,     62.5265,      3.4953,      0.1872,      0.1531,      9.0782,      0.2193,      5.5807,     11.1613,      1.9375,     28.5447,     57.0894,      0.0192,      0.0004,      0.2500,      0.2043,   7760.4185,-427637.1562,   -915.9683,    550.2974,  25868.0586,
       1,     168,     270,      13,       1,       3,       1,     10.0000,      1.3999,     42.5945,    248.4536,     62.5265,      3.4953,      0.1839,      0.1498,      8.8928,      0.2190,      5.5807,     11.1613,      1.9356,     28.5447,     57.0894,      0.0192,      0.0004,      0.2452,      0.2043,   7760.4180,-430418.2500,   -918.4109,    550.1061,  25868.0605,
       1,     168,     270,      14,       1,       3,       1,     10.0000,      1.3999,     42.5945,    248.4536,     62.5265,      3.4953,      0.1519,      0.1189,      5.9136,      0.1845,      5.5807,     11.1613,      1.6300,     28.5447,     57.0894,      0.0192,      0.0004,      0.1986,      0.2043,   7760.4185,-430425.5312,   -919.4232,    550.1057,  25868.0605,
       1,     168,     270,      15,       1,       3,       1,     10.0000,      1.3999,     42.5945,    248.4536,     62.5265,      3.4953,      0.1309,      0.0980,     12.7507,      0.1796,      5.5807,     11.1613,      1.5869,     28.5447,     57.0894,      0.0192,      0.0009,      0.1673,      0.2043,   7760.4185,-426722.1562,   -919.1495,    550.3604,  25868.0605,
       1,     168,     270,      16,       1,       3,       1,     10.0000,      1.3999,     42.5945,    248.4536,     62.5265,      3.4953,      0.0804,      0.0478,     15.5345,      0.1705,      5.5807,     11.1613,      1.5067,     28.5447,     57.0894,      0.0192,      0.0020,      0.0936,      0.2043,   7760.4185,-434905.2812,   -920.9861,    549.7974,  25868.0605,
       1,     168,     270,      17,       1,       3,       1,     10.0000,      1.3999,     42.5945,    248.4536,     62.5265,      3.4953,      0.1041,      0.0720,     36.9690,      0.1560,      5.5807,     11.1613,      1.3783,     28.5447,     57.0894,      0.0192,      0.0036,      0.1258,      0.2043,   7760.4185,-439067.3125,   -920.2938,    549.5117,  25868.0605,
       1,     168,     270,      18,       1,       3,       1,     10.0000,      1.3999,     42.5945,    248.4536,     62.5265,      3.4953,      0.1198,      0.0874,     49.7805,      0.1655,      5.5807,     11.1613,      1.4622,     28.5447,     57.0894,      0.0192,      0.0042,      0.1470,      0.2043,   7760.4185,-466074.7188,   -925.9152,    547.6566,  25868.0605,
       1,     168,     270,      19,       1,       3,       1,     10.0000,      1.3999,     42.5945,    248.4536,     62.5265,      3.4953,      0.0805,      0.0481,     20.5411,      0.1660,      5.5807,     11.1613,      1.4666,     28.5447,     57.0894,      0.0192,      0.0027,      0.0932,      0.2043,   7760.4185,-484327.8125,   -930.1024,    546.4102,  25868.0605,
       1,     168,     270,      20,       1,       3,       1,     10.0000,      1.3999,     42.5945,    248.4536,     62.5265,      3.4953,      0.0044,     -0.0277,      2.6914,      0.1544,      5.5807,     11.1613,      1.3645,     28.5447,     57.0894,      0.0192,      0.0021,      0.0156,      0.2043,   7760.4185,-449504.9375,   -924.1921,    548.7901,  25868.0625,
       1,     168,     270,      21,       1,       3,       1,     10.0000,      1.3999,     42.5945,    248.4536,     62.5265,      3.4953,      0.0000,     -0.0318,      1.9057,      0.1479,      5.5807,     11.1613,      1.3067,     28.5447,     57.0894,      0.0192,      0.0015,      0.0156,      0.2043,   7760.4189,-424348.6875,   -919.6965,    550.5209,  25868.0586,
       1,     168,     270,      22,       1,       3,       1,     10.0000,      1.3999,     42.5945,    248.4536,     62.5265,      3.4953,      0.0000,     -0.0317,      0.8355,      0.1446,      5.5807,     11.1613,      1.2780,     28.5447,     57.0894,      0.0192,      0.0007,      0.0156,      0.2043,   7760.4180,-421223.6875,   -919.2042,    550.7388,  25868.0625,
       1,     168,     270,      23,       1,       3,       1,     10.0000,      1.3999,     42.5945,    248.4536,     62.5265,      3.4953,      0.0000,     -0.0317,      1.6009,      0.1457,      5.5807,     11.1613,      1.2871,     28.5447,     57.0894,      0.0192,      0.0013,      0.0156,      0.2043,   7760.4189,-419622.0000,   -918.9389,    550.8490,  25868.0605,
       1,     168,     270,      24,       1,       3,       1,     10.0000,      1.3999,     42.5945,    248.4536,     62.5265,      3.4953,      0.0000,     -0.0317,      1.5697,      0.1433,      5.5807,     11.1613,      1.2665,     28.5447,     57.0894,      0.0192,      0.0012,      0.0156,      0.2043,   7760.4185,-420436.8125,   -919.1561,    550.7930,  25868.0605,
       1,     168,     271,       1,       1,       3,       1,     10.0000,      1.3999,     42.5949,    248.4594,     62.5280,      3.4953,      0.0000,     -0.0315,      0.6149,      0.1382,      5.5805,     11.1609,      1.2212,     28.5423,     57.0845,      0.0192,      0.0005,      0.0156,      0.2044,   7760.4185,-420622.0000,   -919.4995,    550.7931,  25869.2129,
       1,     168,     271,       2,       1,       3,       1,     10.0000,      1.3999,     42.5949,    248.4594,     62.5280,      3.4953,      0.0000,     -0.0315,      0.8130,      0.1378,      5.5805,     11.1609,      1.2175,     28.5423,     57.0845,      0.0192,      0.0006,      0.0156,      0.2044,   7760.7642,-419299.3125,   -919.0104,    550.8842,  25869.2129,
       1,     168,     271,       3,       1,       3,       1,     10.0000,      1.3999,     42.5949,    248.4594,     62.5280,      3.4953,      0.0000,     -0.0314,      0.7911,      0.1358,      5.5805,     11.1609,      1.2004,     28.5423,     57.0845,      0.0192,      0.0006,      0.0156,      0.2044,   7760.7642,-419432.4688,   -919.0520,    550.8750,  25869.2109,
       1,     168,     271,       4,       1,       3,       1,     10.0000,      1.3999,     42.5949,    248.4594,     62.5280,      3.4953,      0.0000,     -0.0313,      0.3919,      0.1333,      5.5805,     11.1609,      1.1775,     28.5423,     57.0845,      0.0192,      0.0003,      0.0156,      0.2044,   7760.7637,-419416.9375,   -919.0725,    550.8760,  25869.2129,
       1,     168,     271,       5,       1,       3,       1,     10.0000,      1.3999,     42.5949,    248.4594,     62.5280,      3.4953,      0.0000,     -0.0312,      0.3137,      0.1310,      5.5805,     11.1609,      1.1573,     28.5423,     57.0845,      0.0192,      0.0002,      0.0156,      0.2044,   7760.7642,-418919.0938,   -918.9863,    550.9104,  25869.2109,
       1,     168,     271,       6,       1,       3,       1,     10.0000,      1.3999,     42.5949,    248.4594,     62.5280,      3.4953,      0.0000,     -0.0313,      0.3773,      0.1342,      5.5805,     11.1609,      1.1859,     28.5423,     57.0845,      0.0192,      0.0003,      0.0156,      0.2044,   7760.7637,-418779.5312,   -918.9631,    550.9199,  25869.2129,
       1,     168,     271,       7,       1,       3,       1,     10.0000,      1.3999,     42.5949,    248.4594,     62.5280,      3.4953,      0.0000,     -0.0313,      0.3665,      0.1348,      5.5805,     11.1609,      1.1907,     28.5423,     57.0845,      0.0192,      0.0003,      0.0156,      0.2044,   7760.7642,-418846.4688,   -918.9782,    550.9154,  25869.2129,
       1,     168,     271,       8,       1,       3,       1,     10.0000,      1.3999,     42.5949,    248.4594,     62.5280,      3.4953,      0.0058,     -0.0256,      0.3278,      0.1361,      5.5805,     11.1609,      1.2028,     28.5423,     57.0845,      0.0192,      0.0003,      0.0156,      0.2044,   7760.7642,-418838.5625,   -918.9803,    550.9158,  25869.2148,
       1,     168,     271,       9,       1,       3,       1,     10.0000,      1.3999,     42.5949,    248.4594,     62.5280,      3.4953,      0.0913,      0.0595,      2.5379,      0.1461,      5.5805,     11.1609,      1.2910,     28.5423,     57.0845,      0.0192,      0.0003,      0.1114,      0.2044,   7760.7646,-418789.7812,   -918.9844,    550.9193,  25869.2148,
       1,     168,     271,      10,       1,       3,       1,     10.0000,      1.3999,     42.5949,    248.4594,     62.5280,      3.4953,      0.1316,      0.0992,      4.4558,      0.1656,      5.5805,     11.1609,      1.4637,     28.5423,     57.0845,      0.0192,      0.0003,      0.1693,      0.2044,   7760.7646,-421532.4688,   -919.6255,    550.7303,  25869.2129,
       1,     168,     271,      11,       1,       3,       1,     10.0000,      1.3999,     42.5949,    248.4594,     62.5280,      3.4953,      0.1604,      0.1274,      6.2532,      0.1837,      5.5805,     11.1609,      1.6236,     28.5423,     57.0845,      0.0192,      0.0004,      0.2110,      0.2044,   7760.7642,-424151.3750,   -920.4543,    550.5501,  25869.2148,
       1,     168,     271,      12,       1,       3,       1,     10.0000,      1.3999,     42.5949,    248.4594,     62.5280,      3.4953,      0.1849,      0.1513,      8.1627,      0.2023,      5.5805,     11.1609,      1.7873,     28.5423,     57.0845,      0.0192,      0.0004,      0.2466,      0.2044,   7760.7646,-426609.4375,   -921.3881,    550.3810,  25869.2129,
       1,     168,     271,      13,       1,       3,       1,     10.0000,      1.3999,     42.5949,    248.4594,     62.5280,      3.4953,      0.1844,      0.1507,      8.3158,      0.2061,      5.5805,     11.1609,      1.8211,     28.5423,     57.0845,      0.0192,      0.0004,      0.2459,      0.2044,   7760.7642,-429193.4688,   -922.5787,    550.2032,  25869.2129,
       1,     168,     271,      14,       1,       3,       1,     10.0000,      1.3999,     42.5949,    248.4594,     62.5280,      3.4953,      0.1872,      0.1534,      9.0113,      0.2102,      5.5805,     11.1609,      1.8573,     28.5423,     57.0845,      0.0192,      0.0004,      0.2500,      0.2044,   7760.7642,-429604.9375,   -923.2020,    550.1750,  25869.2129,
       1,     168,     271,      15,       1,       3,       1,     10.0000,      1.3999,     42.5949,    248.4594,     62.5280,      3.4953,      0.1852,      0.1514,     26.3993,      0.2092,      5.5805,     11.1609,      1.8482,     28.5423,     57.0845,      0.0192,      0.0013,      0.2450,      0.2044,   7760.7642,-430504.5938,   -923.8821,    550.1131,  25869.2129,
       1,     168,     271,      16,       1,       3,       1,     10.0000,      1.3999,     42.5949,    248.4594,     62.5280,      3.4953,      0.1114,      0.0792,     24.5296,      0.1595,      5.5805,     11.1609,      1.4091,     28.5423,     57.0845,      0.0192,      0.0022,      0.1378,      0.2044,   7760.7642,-452196.6875,   -917.3986,    548.6215,  25869.2129,
       1,     168,     271,      17,       1,       3,       1,     10.0000,      1.3999,     42.5949,    248.4594,     62.5280,      3.4953,      0.1223,      0.0902,     36.4169,      0.1566,      5.5805,     11.1609,      1.3839,     28.5423,     57.0845,      0.0192,      0.0029,      0.1523,      0.2043,   7760.7642,-451731.9375,   -916.7505,    548.6553,  25869.2129,
       1,     168,     271,      18,       1,       3,       1,     10.0000,      1.3999,     42.5949,    248.4594,     62.5280,      3.4953,      0.1018,      0.0695,     30.1781,      0.1609,      5.5805,     11.1609,      1.4219,     28.5423,     57.0845,      0.0192,      0.0030,      0.1232,      0.2043,   7760.7642,-466471.5312,   -919.5895,    547.6445,  25869.2129,
       1,     168,     271,      19,       1,       3,       1,     10.0000,      1.3999,     42.5949,    248.4594,     62.5280,      3.4953,      0.0786,      0.0463,     24.1289,      0.1607,      5.5805,     11.1609,      1.4204,     28.5423,     57.0845,      0.0192,      0.0033,      0.0901,      0.2043,   7760.7642,-459973.3438,   -919.3287,    548.0903,  25869.2129,
       1,     168,     271,      20,       1,       3,       1,     10.0000,      1.3999,     42.5949,    248.4594,     62.5280,      3.4953,      0.0052,     -0.0268,      4.2761,      0.1529,      5.5805,     11.1609,      1.3509,     28.5423,     57.0845,      0.0192,      0.0034,      0.0156,      0.2043,   7760.7642,-451895.0312,   -918.6579,    548.6439,  25869.2148,
       1,     168,     271,      21,       1,       3,       1,     10.0000,      1.3999,     42.5949,    248.4594,     62.5280,      3.4953,      0.0000,     -0.0319,      1.0154,      0.1510,      5.5805,     11.1609,      1.3347,     28.5423,     57.0845,      0.0192,      0.0008,      0.0156,      0.2043,   7760.7646,-426518.7812,   -914.5203,    550.3845,  25869.2129,
       1,     168,     271,      22,       1,       3,       1,     10.0000,      1.3999,     42.5949,    248.4594,     62.5280,      3.4953,      0.0000,     -0.0320,      0.4788,      0.1527,      5.5805,     11.1609,      1.3495,     28.5423,     57.0845,      0.0192,      0.0004,      0.0156,      0.2044,   7760.7642,-420304.9688,   -913.4799,    550.8148,  25869.2129,
       1,     168,     271,      23,       1,       3,       1,     10.0000,      1.3999,     42.5949,    248.4594,     62.5280,      3.4953,      0.0000,     -0.0320,      0.9153,      0.1524,      5.5805,     11.1609,      1.3468,     28.5423,     57.0845,      0.0192,      0.0007,      0.0156,      0.2044,   7760.7642,-419103.1562,   -913.2780,    550.8976,  25869.2129,
       1,     168,     271,      24,       1,       3,       1,     10.0000,      1.3999,     42.5949,    248.4594,     62.5280,      3.4953,      0.0000,     -0.0319,      1.3481,      0.1497,      5.5805,     11.1609,      1.3226,     28.5423,     57.0845,      0.0192,      0.0011,      0.0156,      0.2044,   7760.7642,-419542.8125,   -913.4104,    550.8674,  25869.2109,
       1,     168,     272,       1,       1,       3,       1,     10.0000,      1.4000,     42.5952,    248.4653,     62.5295,      3.4953,      0.0000,     -0.0318,      0.8490,      0.1480,      5.5804,     11.1608,      1.3081,     28.5411,     57.0823,      0.0192,      0.0007,      0.0156,      0.2044,   7760.7637,-420273.5000,   -913.8885,    550.8300,  25870.3672,
       1,     168,     272,       2,       1,       3,       1,     10.0000,      1.4000,     42.5952,    248.4653,     62.5295,      3.4953,      0.0000,     -0.0318,      1.1769,      0.1468,      5.5804,     11.1608,      1.2976,     28.5411,     57.0823,      0.0192,      0.0009,      0.0156,      0.2044,   7761.1104,-419563.3438,   -913.5449,    550.8789,  25870.3672,
       1,     168,     272,       3,       1,       3,       1,     10.0000,      1.4000,     42.5952,    248.4653,     62.5295,      3.4953,      0.0000,     -0.0318,      1.2876,      0.1461,      5.5804,     11.1608,      1.2911,     28.5411,     57.0823,      0.0192,      0.0010,      0.0156,      0.2044,   7761.1104,-419910.1562,   -913.6631,    550.8551,  25870.3672,
       1,     168,     272,       4,       1,       3,       1,     10.0000,      1.4000,     42.5952,    248.4653,     62.5295,      3.4953,      0.0000,     -0.0317,      1.2267,      0.1444,      5.5804,     11.1608,      1.2755,     28.5411,     57.0823,      0.0192,      0.0010,      0.0156,      0.2044,   7761.1104,-420077.2812,   -910.4293,    550.8436,  25870.3652,
       1,     168,     272,       5,       1,       3,       1,     10.0000,      1.4000,     42.5952,    248.4653,     62.5295,      3.4953,      0.0000,     -0.0316,      0.9604,      0.1422,      5.5804,     11.1608,      1.2564,     28.5411,     57.0823,      0.0192,      0.0008,      0.0156,      0.2044,   7761.1099,-420016.1250,   -910.4039,    550.8477,  25870.3652,
       1,     168,     272,       6,       1,       3,       1,     10.0000,      1.4000,     42.5952,    248.4653,     62.5295,      3.4953,      0.0000,     -0.0316,      0.6024,      0.1429,      5.5804,     11.1608,      1.2627,     28.5411,     57.0823,      0.0192,      0.0005,      0.0156,      0.2044,   7761.1099,-419680.0000,   -910.4353,    550.8709,  25870.3672,
       1,     168,     272,       7,       1,       3,       1,     10.0000,      1.4000,     42.5952,    248.4653,     62.5295,      3.4953,      0.0000,     -0.0317,      0.5030,      0.1441,      5.5804,     11.1608,      1.2730,     28.5411,     57.0823,      0.0192,      0.0004,      0.0156,      0.2044,   7761.1104,-419206.1562,   -910.3832,    550.9036,  25870.3672,
       1,     168,     272,       8,       1,       3,       1,     10.0000,      1.4000,     42.5952,    248.4653,     62.5295,      3.4953,      0.0105,     -0.0212,      0.4939,      0.1452,      5.5804,     11.1608,      1.2833,     28.5411,     57.0823,      0.0192,      0.0004,      0.0156,      0.2044,   7761.1104,-419042.0000,   -910.3718,    550.9149,  25870.3691,
       1,     168,     272,       9,       1,       3,       1,     10.0000,      1.4000,     42.5952,    248.4653,     62.5295,      3.4953,      0.1131,      0.0809,      3.6051,      0.1599,      5.5804,     11.1608,      1.4134,     28.5411,     57.0823,      0.0192,      0.0003,      0.1426,      0.2044,   7761.1108,-419016.4688,   -910.4247,    550.9166,  25870.3672,
       1,     168,     272,      10,       1,       3,       1,     10.0000,      1.4000,     42.5952,    248.4653,     62.5295,      3.4953,      0.1696,      0.1361,      7.2568,      0.1983,      5.5804,     11.1608,      1.7524,     28.5411,     57.0823,      0.0192,      0.0004,      0.2243,      0.2044,   7761.1104,-422880.9062,   -911.3967,    550.6505,  25870.3691,
       1,     168,     272,      11,       1,       3,       1,     10.0000,      1.4000,     42.5952,    248.4653,     62.5295,      3.4953,      0.1670,      0.1332,      7.6108,      0.2098,      5.5804,     11.1608,      1.8537,     28.5411,     57.0823,      0.0192,      0.0004,      0.2205,      0.2044,   7761.1108,-427750.0000,   -913.7015,    550.3154,  25870.3652,
       1,     168,     272,      12,       1,       3,       1,     10.0000,      1.4000,     42.5952,    248.4653,     62.5295,      3.4953,      0.1872,      0.1535,      8.4637,      0.2063,      5.5804,     11.1608,      1.8229,     28.5411,     57.0823,      0.0192,      0.0004,      0.2500,      0.2044,   7761.1099,-428607.1875,   -915.1906,    550.2565,  25870.3652,
       1,     168,     272,      13,       1,       3,       1,     10.0000,      1.4000,     42.5952,    248.4653,     62.5295,      3.4953,      0.1233,      0.0917,      3.4501,      0.1402,      5.5804,     11.1608,      1.2387,     28.5411,     57.0823,      0.0192,      0.0003,      0.1576,      0.2044,   7761.1099,-429740.4375,   -916.9720,    550.1786,  25870.3672,
       1,     168,     272,      14,       1,       3,       1,     10.0000,      1.4000,     42.5952,    248.4653,     62.5295,      3.4953,      0.0565,      0.0259,      2.6969,      0.1151,      5.5804,     11.1608,      1.0167,     28.5411,     57.0823,      0.0192,      0.0005,      0.0621,      0.2044,   7761.1104,-423605.5000,   -911.2177,    550.6005,  25870.3672,
       1,     168,     272,      15,       1,       3,       1,     10.0000,      1.4000,     42.5952,    248.4653,     62.5295,      3.4953,      0.1743,      0.1431,     38.5665,      0.1303,      5.5804,     11.1608,      1.1515,     28.5411,     57.0823,      0.0192,      0.0021,      0.2271,      0.2044,   7761.1104,-422145.2188,   -910.8859,    550.7012,  25870.3672,
       1,     168,     272,      16,       1,       3,       1,     10.0000,      1.4000,     42.5952,    248.4653,     62.5295,      3.4953,      0.1730,      0.1409,     49.3354,      0.1541,      5.5804,     11.1608,      1.3618,     28.5411,     57.0823,      0.0192,      0.0027,      0.2241,      0.2044,   7761.1104,-466599.0938,   -920.3127,    547.6411,  25870.3672,
       1,     168,     272,      17,       1,       3,       1,     10.0000,      1.4000,     42.5952,    248.4653,     62.5295,      3.4953,      0.1720,      0.1400,     51.8925,      0.1532,      5.5804,     11.1608,      1.3536,     28.5411,     57.0823,      0.0192,      0.0029,      0.2225,      0.2043,   7761.1104,-483816.2812,   -924.9268,    546.4709,  25870.3652,
       1,     168,     272,      18,       1,       3,       1,     10.0000,      1.4000,     42.5952,    248.4653,     62.5295,      3.4953,      0.1528,      0.1208,     25.2440,      0.1521,      5.5804,     11.1608,      1.3441,     28.5411,     57.0823,      0.0192,      0.0016,      0.1977,      0.2043,   7761.1099,-488459.6250,   -927.1545,    546.1550,  25870.3691,
       1,     168,     272,      19,       1,       3,       1,     10.0000,      1.4000,     42.5952,    248.4653,     62.5295,      3.4953,      0.0628,      0.0311,      2.2067,      0.1441,      5.5804,     11.1608,      1.2730,     28.5411,     57.0823,      0.0192,      0.0004,      0.0703,      0.2043,   7761.1108,-455702.3750,   -922.1014,    548.3914,  25870.3672,
       1,     168,     272,      20,       1,       3,       1,     10.0000,      1.4000,     42.5952,    248.4653,     62.5295,      3.4953,      0.0059,     -0.0256,      1.1796,      0.1370,      5.5804,     11.1608,      1.2102,     28.5411,     57.0823,      0.0192,      0.0009,      0.0156,      0.2044,   7761.1104,-424276.9062,   -916.6144,    550.5502,  25870.3691,
       1,     168,     272,      21,       1,       3,       1,     10.0000,      1.4000,     42.5952,    248.4653,     62.5295,      3.4953,      0.0000,     -0.0312,      2.3154,      0.1312,      5.5804,     11.1608,      1.1597,     28.5411,     57.0823,      0.0192,      0.0018,      0.0156,      0.2044,   7761.1108,-420321.6875,   -915.9918,    550.8266,  25870.3652,
       1,     168,     272,      22,       1,       3,       1,     10.0000,      1.4000,     42.5952,    248.4653,     62.5295,      3.4953,      0.0000,     -0.0313,      2.3722,      0.1327,      5.5804,     11.1608,      1.1728,     28.5411,     57.0823,      0.0192,      0.0019,      0.0156,      0.2044,   7761.1099,-421390.1562,   -916.3768,    550.7531,  25870.3672,
       1,     168,     272,      23,       1,       3,       1,     10.0000,      1.4000,     42.5952,    248.4653,     62.5295,      3.4953,      0.0000,     -0.0312,      2.9538,      0.1320,      5.5804,     11.1608,      1.1668,     28.5411,     57.0823,      0.0192,      0.0023,      0.0156,      0.2044,   7761.1104,-421551.9688,   -916.5550,    550.7420,  25870.3672,
       1,     168,     272,      24,       1,       3,       1,     10.0000,      1.4000,     42.5952,    248.4653,     62.5295,      3.4953,      0.0000,     -0.0313,      1.6305,      0.1337,      5.5804,     11.1608,      1.1811,     28.5411,     57.0823,      0.0192,      0.0013,      0.0156,      0.2044,   7761.1104,-422288.5625,   -916.9109,    550.6912,  25870.3672,
       1,     168,     273,       1,       1,       3,       1,     10.0000,      1.4000,     42.5955,    248.4711,     62.5309,      3.4953,      0.0000,     -0.0312,      0.8997,      0.1299,      5.5809,     11.1618,      1.1480,     28.5406,     57.0812,      0.0192,      0.0007,      0.0156,      0.2044,   7761.1104,-420861.7812,   -917.0382,    550.8026,  25871.5195,
       1,     168,     273,       2,       1,       3,       1,     10.0000,      1.4000,     42.5955,    248.4711,     62.5309,      3.4953,      0.0000,     -0.0312,      0.7954,      0.1306,      5.5809,     11.1618,      1.1539,     28.5406,     57.0812,      0.0192,      0.0006,      0.0156,      0.2044,   7761.4561,-419679.4375,   -916.6131,    550.8839,  25871.5195,
       1,     168,     273,       3,       1,       3,       1,     10.0000,      1.4000,     42.5955,    248.4711,     62.5309,      3.4953,      0.0000,     -0.0314,      0.8564,      0.1359,      5.5809,     11.1618,      1.2005,     28.5406,     57.0812,      0.0192,      0.0007,      0.0156,      0.2044,   7761.4561,-419448.8438,   -916.6079,    550.8998,  25871.5195,
       1,     168,     273,       4,       1,       3,       1,     10.0000,      1.4000,     42.5955,    248.4711,     62.5309,      3.4953,      0.0000,     -0.0314,      0.7165,      0.1360,      5.5809,     11.1618,      1.2017,     28.5406,     57.0812,      0.0192,      0.0006,      0.0156,      0.2044,   7761.4561,-419504.8125,   -916.6558,    550.8960,  25871.5195,
       1,     168,     273,       5,       1,       3,       1,     10.0000,      1.4000,     42.5955,    248.4711,     62.5309,      3.4953,      0.0000,     -0.0314,      0.8739,      0.1368,      5.5809,     11.1618,      1.2090,     28.5406,     57.0812,      0.0192,      0.0007,      0.0156,      0.2044,   7761.4561,-419335.8125,   -916.6616,    550.9076,  25871.5195,
       1,     168,     273,       6,       1,       3,       1,     10.0000,      1.4000,     42.5955,    248.4711,     62.5309,      3.4953,      0.0000,     -0.0315,      0.7307,      0.1398,      5.5809,     11.1618,      1.2350,     28.5406,     57.0812,      0.0192,      0.0006,      0.0156,      0.2044,   7761.4561,-419516.8750,   -916.7441,    550.8951,  25871.5195,
       1,     168,     273,       7,       1,       3,       1,     10.0000,      1.4000,     42.5955,    248.4711,     62.5309,      3.4953,      0.0000,     -0.0316,      0.5204,      0.1416,      5.5809,     11.1618,      1.2513,     28.5406,     57.0812,      0.0192,      0.0004,      0.0156,      0.2044,   7761.4561,-419354.5625,   -916.7551,    550.9063,  25871.5176,
       1,     168,     273,       8,       1,       3,       1,     10.0000,      1.4000,     42.5955,    248.4711,     62.5309,      3.4953,      0.0073,     -0.0242,      0.5094,      0.1385,      5.5809,     11.1618,      1.2238,     28.5406,     57.0812,      0.0192,      0.0004,      0.0156,      0.2044,   7761.4556,-419079.4062,   -916.7225,    550.9252,  25871.5195,
       1,     168,     273,       9,       1,       3,       1,     10.0000,      1.4000,     42.5955,    248.4711,     62.5309,      3.4953,      0.1043,      0.0724,      5.5694,      0.1494,      5.5809,     11.1618,      1.3200,     28.5406,     57.0812,      0.0192,      0.0005,      0.1297,      0.2044,   7761.4561,-419042.0938,   -910.1686,    550.9278,  25871.5195,
       1,     168,     273,      10,       1,       3,       1,     10.0000,      1.4000,     42.5955,    248.4711,     62.5309,      3.4953,      0.1549,      0.1219,     13.3885,      0.1841,      5.5809,     11.1618,      1.6269,     28.5406,     57.0812,      0.0192,      0.0008,      0.2021,      0.2044,   7761.4561,-425326.4375,   -911.6972,    550.4951,  25871.5215,
       1,     168,     273,      11,       1,       3,       1,     10.0000,      1.4000,     42.5955,    248.4711,     62.5309,      3.4953,      0.1881,      0.1547,     18.2048,      0.1954,      5.5809,     11.1618,      1.7266,     28.5406,     57.0812,      0.0192,      0.0009,      0.2500,      0.2044,   7761.4565,-435581.3750,   -914.4692,    549.7896,  25871.5215,
       1,     168,     273,      12,       1,       3,       1,     10.0000,      1.4000,     42.5955,    248.4711,     62.5309,      3.4953,      0.1879,      0.1542,     16.9499,      0.2057,      5.5809,     11.1618,      1.8176,     28.5406,     57.0812,      0.0192,      0.0008,      0.2500,      0.2044,   7761.4565,-442445.6250,   -917.3439,    549.3183,  25871.5195,
       1,     168,     273,      13,       1,       3,       1,     10.0000,      1.4000,     42.5955,    248.4711,     62.5309,      3.4953,      0.1873,      0.1534,     10.8157,      0.2159,      5.5809,     11.1618,      1.9074,     28.5406,     57.0812,      0.0192,      0.0005,      0.2500,      0.2044,   7761.4561,-441472.6562,   -918.5264,    549.3853,  25871.5195,
       1,     168,     273,      14,       1,       3,       1,     10.0000,      1.4000,     42.5955,    248.4711,     62.5309,      3.4953,      0.1872,      0.1530,      9.4150,      0.2241,      5.5809,     11.1618,      1.9799,     28.5406,     57.0812,      0.0192,      0.0005,      0.2500,      0.2044,   7761.4561,-433764.5312,   -918.4578,    549.9147,  25871.5195,
       1,     168,     273,      15,       1,       3,       1,     10.0000,      1.4000,     42.5955,    248.4711,     62.5309,      3.4953,      0.1896,      0.1557,     39.8205,      0.2137,      5.5809,     11.1618,      1.8887,     28.5406,     57.0812,      0.0192,      0.0020,      0.2500,      0.2044,   7761.4561,-431365.5312,   -919.1127,    550.0798,  25871.5195,
       1,     168,     273,      16,       1,       3,       1,     10.0000,      1.4000,     42.5955,    248.4711,     62.5309,      3.4953,      0.1161,      0.0826,     31.1947,      0.1997,      5.5809,     11.1618,      1.7646,     28.5406,     57.0812,      0.0192,      0.0027,      0.1434,      0.2044,   7761.4561,-468948.8438,   -927.0474,    547.4956,  25871.5176,
       1,     168,     273,      17,       1,       3,       1,     10.0000,      1.4000,     42.5955,    248.4711,     62.5309,      3.4953,      0.1057,      0.0723,     31.8330,      0.1937,      5.5809,     11.1618,      1.7113,     28.5406,     57.0812,      0.0192,      0.0030,      0.1281,      0.2044,   7761.4556,-461451.5938,   -926.2349,    548.0148,  25871.5195,
       1,     168,     273,      18,       1,       3,       1,     10.0000,      1.4000,     42.5955,    248.4711,     62.5309,      3.4953,      0.1125,      0.0792,     38.7699,      0.1921,      5.5809,     11.1618,      1.6978,     28.5406,     57.0812,      0.0192,      0.0035,      0.1373,      0.2044,   7761.4561,-461598.4688,   -926.8074,    548.0049,  25871.5195,
       1,     168,     273,      19,       1,       3,       1,     10.0000,      1.4000,     42.5955,    248.4711,     62.5309,      3.4953,      0.0676,      0.0344,     21.6464,      0.1919,      5.5809,     11.1618,      1.6961,     28.5406,     57.0812,      0.0192,      0.0036,      0.0738,      0.2044,   7761.4561,-470235.8750,   -929.0024,    547.4133,  25871.5176,
       1,     168,     273,      20,       1,       3,       1,     10.0000,      1.4000,     42.5955,    248.4711,     62.5309,      3.4953,      0.0066,     -0.0263,      3.2876,      0.1810,      5.5809,     11.1618,      1.5997,     28.5406,     57.0812,      0.0192,      0.0026,      0.0156,      0.2044,   7761.4556,-449680.2188,   -925.6691,    548.8201,  25871.5195,
       1,     168,     273,      21,       1,       3,       1,     10.0000,      1.4000,     42.5955,    248.4711,     62.5309,      3.4953,      0.0000,     -0.0327,      2.9298,      0.1722,      5.5809,     11.1618,      1.5220,     28.5406,     57.0812,      0.0192,      0.0023,      0.0156,      0.2044,   7761.4561,-425108.0000,   -921.3293,    550.5078,  25871.5195,
       1,     168,     273,      22,       1,       3,       1,     10.0000,      1.4000,     42.5955,    248.4711,     62.5309,      3.4953,      0.0000,     -0.0325,      2.4862,      0.1688,      5.5809,     11.1618,      1.4919,     28.5406,     57.0812,      0.0192,      0.0020,      0.0156,      0.2044,   7761.4561,-422568.5938,   -921.0168,    550.6850,  25871.5176,
       1,     168,     273,      23,       1,       3,       1,     10.0000,      1.4000,     42.5955,    248.4711,     62.5309,      3.4953,      0.0000,     -0.0326,      2.3640,      0.1692,      5.5809,     11.1618,      1.4949,     28.5406,     57.0812,      0.0192,      0.0019,      0.0156,      0.2044,   7761.4556,-421797.2188,   -920.9960,    550.7381,  25871.5195,
       1,     168,     273,      24,       1,       3,       1,     10.0000,      1.4000,     42.5955,    248.4711,     62.5309,      3.4953,      0.0000,     -0.0326,      2.9271,      0.1690,      5.5809,     11.1618,      1.4934,     28.5406,     57.0812,      0.0192,      0.0023,      0.0156,      0.2044,   7761.4561,-421579.1562,   -921.0736,    550.7531,  25871.5215,
       1,     168,     274,       1,       1,       3,       1,     10.0000,      1.4000,     42.5959,    248.4769,     62.5324,      3.4953,      0.0000,     -0.0324,      2.5516,      0.1650,      5.5806,     11.1611,      1.4580,     28.5408,     57.0815,      0.0192,      0.0020,      0.0156,      0.2044,   7761.4565,-422414.2500,   -921.6436,    550.7086,  25872.6738,
       1,     168,     274,       2,       1,       3,       1,     10.0000,      1.4000,     42.5959,    248.4769,     62.5324,      3.4953,      0.0000,     -0.0324,      2.3271,      0.1630,      5.5806,     11.1611,      1.4406,     28.5408,     57.0815,      0.0192,      0.0018,      0.0156,      0.2044,   7761.8022,-421867.2188,   -921.4067,    550.7462,  25872.6719,
       1,     168,     274,       3,       1,       3,       1,     10.0000,      1.4000,     42.5959,    248.4769,     62.5324,      3.4953,      0.0000,     -0.0323,      2.6136,      0.1619,      5.5806,     11.1611,      1.4305,     28.5408,     57.0815,      0.0192,      0.0021,      0.0156,      0.2044,   7761.8018,-421542.0000,   -921.4582,    550.7686,  25872.6719,
       1,     168,     274,       4,       1,       3,       1,     10.0000,      1.4000,     42.5959,    248.4769,     62.5324,      3.4953,      0.0000,     -0.0324,      2.0117,      0.1643,      5.5806,     11.1611,      1.4522,     28.5408,     57.0815,      0.0192,      0.0016,      0.0156,      0.2044,   7761.8018,-421869.9688,   -921.6382,    550.7460,  25872.6719,
       1,     168,     274,       5,       1,       3,       1,     10.0000,      1.4000,     42.5959,    248.4769,     62.5324,      3.4953,      0.0000,     -0.0323,      1.6588,      0.1603,      5.5806,     11.1611,      1.4163,     28.5408,     57.0815,      0.0192,      0.0013,      0.0156,      0.2044,   7761.8018,-421150.1875,   -921.5872,    550.7955,  25872.6699,
       1,     168,     274,       6,       1,       3,       1,     10.0000,      1.4000,     42.5959,    248.4769,     62.5324,      3.4953,      0.0000,     -0.0321,      1.5086,      0.1558,      5.5806,     11.1611,      1.3770,     28.5408,     57.0815,      0.0192,      0.0012,      0.0156,      0.2044,   7761.8013,-420650.3125,   -921.5526,    550.8300,  25872.6719,
       1,     168,     274,       7,       1,       3,       1,     10.0000,      1.4000,     42.5959,    248.4769,     62.5324,      3.4953,      0.0000,     -0.0321,      1.4836,      0.1561,      5.5806,     11.1611,      1.3798,     28.5408,     57.0815,      0.0192,      0.0012,      0.0156,      0.2044,   7761.8018,-420420.7812,   -921.5605,    550.8458,  25872.6719,
       1,     168,     274,       8,       1,       3,       1,     10.0000,      1.4000,     42.5959,    248.4769,     62.5324,      3.4953,      0.0488,      0.0171,      3.8309,      0.1444,      5.5806,     11.1611,      1.2756,     28.5408,     57.0815,      0.0192,      0.0009,      0.0498,      0.2044,   7761.8018,-420370.0312,   -921.5858,    550.8492,  25872.6719,
       1,     168,     274,       9,       1,       3,       1,     10.0000,      1.4000,     42.5959,    248.4769,     62.5324,      3.4953,      0.1300,      0.0980,     13.9337,      0.1537,      5.5806,     11.1611,      1.3578,     28.5408,     57.0815,      0.0192,      0.0010,      0.1660,      0.2044,   7761.8018,-423282.2812,   -921.0369,    550.6488,  25872.6719,
       1,     168,     274,      10,       1,       3,       1,     10.0000,      1.4000,     42.5959,    248.4769,     62.5324,      3.4953,      0.1486,      0.1166,     11.6327,      0.1535,      5.5806,     11.1611,      1.3564,     28.5408,     57.0815,      0.0192,      0.0007,      0.1931,      0.2044,   7761.8018,-436084.3750,   -920.3156,    549.7676,  25872.6738,
       1,     168,     274,      11,       1,       3,       1,     10.0000,      1.4000,     42.5959,    248.4769,     62.5324,      3.4953,      0.1221,      0.0907,      5.2963,      0.1367,      5.5806,     11.1611,      1.2078,     28.5408,     57.0815,      0.0192,      0.0004,      0.1557,      0.2044,   7761.8022,-434321.4375,   -913.4469,    549.8895,  25872.6699,
       1,     168,     274,      12,       1,       3,       1,     10.0000,      1.4000,     42.5959,    248.4769,     62.5324,      3.4953,      0.1540,      0.1222,      6.5836,      0.1460,      5.5806,     11.1611,      1.2898,     28.5408,     57.0815,      0.0192,      0.0004,      0.2016,      0.2044,   7761.8013,-426295.8438,   -912.4234,    550.4411,  25872.6719,
       1,     168,     274,      13,       1,       3,       1,     10.0000,      1.4000,     42.5959,    248.4769,     62.5324,      3.4953,      0.1874,      0.1547,      7.5348,      0.1724,      5.5806,     11.1611,      1.5235,     28.5408,     57.0815,      0.0192,      0.0004,      0.2500,      0.2044,   7761.8018,-427209.9688,   -913.2424,    550.3785,  25872.6719,
       1,     168,     274,      14,       1,       3,       1,     10.0000,      1.4000,     42.5959,    248.4769,     62.5324,      3.4953,      0.1887,      0.1556,     25.1318,      0.1852,      5.5806,     11.1611,      1.6367,     28.5408,     57.0815,      0.0192,      0.0012,      0.2500,      0.2044,   7761.8018,-428469.8438,   -915.0254,    550.2918,  25872.6719,
       1,     168,     274,      15,       1,       3,       1,     10.0000,      1.4000,     42.5959,    248.4769,     62.5324,      3.4953,      0.1884,      0.1551,     22.4428,      0.1933,      5.5806,     11.1611,      1.7080,     28.5408,     57.0815,      0.0192,      0.0011,      0.2500,      0.2044,   7761.8018,-450444.0312,   -921.1683,    548.7803,  25872.6719,
       1,     168,     274,      16,       1,       3,       1,     10.0000,      1.4000,     42.5959,    248.4769,     62.5324,      3.4953,      0.1389,      0.1068,      4.5922,      0.1574,      5.5806,     11.1611,      1.3909,     28.5408,     57.0815,      0.0192,      0.0003,      0.1799,      0.2044,   7761.8018,-448985.6875,   -922.2509,    548.8824,  25872.6719,
       1,     168,     274,      17,       1,       3,       1,     10.0000,      1.4000,     42.5959,    248.4769,     62.5324,      3.4953,      0.0302,     -0.0015,      0.5974,      0.1423,      5.5806,     11.1611,      1.2577,     28.5408,     57.0815,      0.0192,      0.0003,      0.0233,      0.2044,   7761.8018,-426670.4688,   -911.9390,    550.4135,  25872.6699,
       1,     168,     274,      18,       1,       3,       1,     10.0000,      1.4000,     42.5959,    248.4769,     62.5324,      3.4953,      0.0251,     -0.0063,      2.0129,      0.1356,      5.5806,     11.1611,      1.1981,     28.5408,     57.0815,      0.0192,      0.0015,      0.0161,      0.2044,   7761.8013,-419806.0000,   -910.3545,    550.8879,  25872.6719,
       1,     168,     274,      19,       1,       3,       1,     10.0000,      1.4000,     42.5959,    248.4769,     62.5324,      3.4953,      0.0219,     -0.0095,      2.1759,      0.1357,      5.5806,     11.1611,      1.1993,     28.5408,     57.0815,      0.0192,      0.0023,      0.0115,      0.2044,   7761.8018,-420975.4375,   -910.7624,    550.8076,  25872.6719,
       1,     168,     274,      20,       1,       3,       1,     10.0000,      1.4000,     42.5959,    248.4769,     62.5324,      3.4953,      0.0008,     -0.0307,      3.2184,      0.1379,      5.5806,     11.1611,      1.2189,     28.5408,     57.0815,      0.0192,      0.0025,      0.0156,      0.2044,   7761.8018,-421277.7500,   -911.2505,    550.7868,  25872.6719,
       1,     168,     274,      21,       1,       3,       1,     10.0000,      1.4000,     42.5959,    248.4769,     62.5324,      3.4953,      0.0000,     -0.0313,      1.1582,      0.1329,      5.5806,     11.1611,      1.1740,     28.5408,     57.0815,      0.0192,      0.0009,      0.0156,      0.2044,   7761.8018,-422598.8750,   -911.1700,    550.6959,  25872.6738,
       1,     168,     274,      22,       1,       3,       1,     10.0000,      1.4000,     42.5959,    248.4769,     62.5324,      3.4953,      0.0000,     -0.0311,      0.3065,      0.1283,      5.5806,     11.1611,      1.1341,     28.5408,     57.0815,      0.0192,      0.0002,      0.0156,      0.2044,   7761.8022,-420151.5938,   -910.4446,    550.8643,  25872.6719,
       1,     168,     274,      23,       1,       3,       1,     10.0000,      1.4000,     42.5959,    248.4769,     62.5324,      3.4953,      0.0000,     -0.0311,      0.3065,      0.1283,      5.5806,     11.1611,      1.1341,     28.5408,     57.0815,      0.0192,      0.0002,      0.0156,      0.2044,   7761.8018,-418884.5625,   -910.0975,    550.9515,  25872.6699,
       1,     168,     274,      24,       1,       3,       1,     10.0000,      1.4000,     42.5959,    248.4769,     62.5324,      3.4953,      0.0000,     -0.0311,      0.3040,      0.1274,      5.5806,     11.1611,      1.1261,     28.5408,     57.0815,      0.0192,      0.0002,      0.0156,      0.2044,   7761.8013,-418776.3438,   -910.0781,    550.9590,  25872.6719,
       1,     168,     275,       1,       1,       3,       1,     10.0000,      1.4000,     42.5962,    248.4827,     62.5339,      3.4953,      0.0000,     -0.0309,      0.2950,      0.1241,      5.5812,     11.1624,      1.0967,     28.5357,     57.0713,      0.0192,      0.0002,      0.0156,      0.2045,   7761.8018,-418918.5625,   -910.3618,    550.9622,  25873.8223,
       1,     168,     275,       2,       1,       3,       1,     10.0000,      1.4000,     42.5962,    248.4827,     62.5339,      3.4953,      0.0000,     -0.0309,      0.2915,      0.1228,      5.5812,     11.1624,      1.0855,     28.5357,     57.0713,      0.0192,      0.0002,      0.0156,      0.2045,   7762.1470,-418767.7500,   -910.0853,    550.9725,  25873.8242,
       1,     168,     275,       3,       1,       3,       1,     10.0000,      1.4000,     42.5962,    248.4827,     62.5339,      3.4953,      0.0000,     -0.0310,      0.2991,      0.1256,      5.5812,     11.1624,      1.1102,     28.5357,     57.0713,      0.0192,      0.0002,      0.0156,      0.2045,   7762.1475,-418750.5312,   -910.0723,    550.9736,  25873.8242,
       1,     168,     275,       4,       1,       3,       1,     10.0000,      1.4000,     42.5962,    248.4827,     62.5339,      3.4953,      0.0000,     -0.0310,      0.2988,      0.1255,      5.5812,     11.1624,      1.1090,     28.5357,     57.0713,      0.0192,      0.0002,      0.0156,      0.2045,   7762.1475,-418758.5312,   -910.0754,    550.9731,  25873.8242,
       1,     168,     275,       5,       1,       3,       1,     10.0000,      1.4000,     42.5962,    248.4827,     62.5339,      3.4953,      0.0000,     -0.0309,      0.2950,      0.1241,      5.5812,     11.1624,      1.0967,     28.5357,     57.0713,      0.0192,      0.0002,      0.0156,      0.2045,   7762.1475,-418758.7188,   -910.0771,    550.9731,  25873.8242,
       1,     168,     275,       6,       1,       3,       1,     10.0000,      1.4000,     42.5962,    248.4827,     62.5339,      3.4953,      0.0000,     -0.0309,      0.2946,      0.1240,      5.5812,     11.1624,      1.0956,     28.5357,     57.0713,      0.0192,      0.0002,      0.0156,      0.2045,   7762.1475,-418754.0000,   -910.0731,    550.9734,  25873.8242,
       1,     168,     275,       7,       1,       3,       1,     10.0000,      1.4000,     42.5962,    248.4827,     62.5339,      3.4953,      0.0000,     -0.0309,      0.2950,      0.1241,      5.5812,     11.1624,      1.0967,     28.5357,     57.0713,      0.0192,      0.0002,      0.0156,      0.2045,   7762.1475,-418753.1250,   -910.0744,    550.9735,  25873.8242,
       1,     168,     275,       8,       1,       3,       1,     10.0000,      1.4000,     42.5962,    248.4827,     62.5339,      3.4953,      0.0083,     -0.0226,      0.2943,      0.1239,      5.5812,     11.1624,      1.0944,     28.5357,     57.0713,      0.0192,      0.0002,      0.0156,      0.2045,   7762.1475,-418753.5000,   -910.0761,    550.9734,  25873.8242,
       1,     168,     275,       9,       1,       3,       1,     10.0000,      1.4000,     42.5962,    248.4827,     62.5339,      3.4953,      0.0519,      0.0207,      1.0929,      0.1294,      5.5812,     11.1624,      1.1434,     28.5357,     57.0713,      0.0192,      0.0002,      0.0551,      0.2045,   7762.1475,-418752.6875,   -910.1016,    550.9736,  25873.8262,
       1,     168,     275,      10,       1,       3,       1,     10.0000,      1.4000,     42.5962,    248.4827,     62.5339,      3.4953,      0.1464,      0.1147,      4.3192,      0.1452,      5.5812,     11.1624,      1.2834,     28.5357,     57.0713,      0.0192,      0.0003,      0.1908,      0.2045,   7762.1479,-419744.3125,   -910.4157,    550.9053,  25873.8242,
       1,     168,     275,      11,       1,       3,       1,     10.0000,      1.4000,     42.5962,    248.4827,     62.5339,      3.4953,      0.1873,      0.1544,      7.1934,      0.1791,      5.5812,     11.1624,      1.5823,     28.5357,     57.0713,      0.0192,      0.0004,      0.2500,      0.2045,   7762.1475,-423837.6875,   -911.8369,    550.6234,  25873.8242,
       1,     168,     275,      12,       1,       3,       1,     10.0000,      1.4000,     42.5962,    248.4827,     62.5339,      3.4953,      0.1872,      0.1538,      8.0156,      0.1968,      5.5812,     11.1624,      1.7387,     28.5357,     57.0713,      0.0192,      0.0004,      0.2500,      0.2045,   7762.1475,-427759.0000,   -914.0854,    550.3536,  25873.8242,
       1,     168,     275,      13,       1,       3,       1,     10.0000,      1.4000,     42.5962,    248.4827,     62.5339,      3.4953,      0.1872,      0.1538,      8.0888,      0.1983,      5.5812,     11.1624,      1.7525,     28.5357,     57.0713,      0.0192,      0.0004,      0.2500,      0.2045,   7762.1475,-429115.9688,   -915.8387,    550.2603,  25873.8242,
       1,     168,     275,      14,       1,       3,       1,     10.0000,      1.4000,     42.5962,    248.4827,     62.5339,      3.4953,      0.1851,      0.1526,      6.6146,      0.1683,      5.5812,     11.1624,      1.4875,     28.5357,     57.0713,      0.0192,      0.0003,      0.2468,      0.2045,   7762.1475,-429322.8750,   -917.4102,    550.2460,  25873.8242,
       1,     168,     275,      15,       1,       3,       1,     10.0000,      1.4000,     42.5962,    248.4827,     62.5339,      3.4953,      0.0887,      0.0574,      5.2207,      0.1338,      5.5812,     11.1624,      1.1824,     28.5357,     57.0713,      0.0192,      0.0006,      0.1076,      0.2045,   7762.1475,-427508.8750,   -912.5327,    550.3708,  25873.8262,
       1,     168,     275,      16,       1,       3,       1,     10.0000,      1.4000,     42.5962,    248.4827,     62.5339,      3.4953,      0.1374,      0.1059,     28.7727,      0.1385,      5.5812,     11.1624,      1.2238,     28.5357,     57.0713,      0.0192,      0.0020,      0.1750,      0.2045,   7762.1479,-425621.6562,   -911.6257,    550.5007,  25873.8223,
       1,     168,     275,      17,       1,       3,       1,     10.0000,      1.4000,     42.5962,    248.4827,     62.5339,      3.4953,      0.1564,      0.1241,     46.1191,      0.1639,      5.5812,     11.1624,      1.4479,     28.5357,     57.0713,      0.0192,      0.0028,      0.2006,      0.2045,   7762.1470,-454722.5000,   -917.6960,    548.4982,  25873.8242,
       1,     168,     275,      18,       1,       3,       1,     10.0000,      1.4000,     42.5962,    248.4827,     62.5339,      3.4953,      0.1204,      0.0877,     41.1201,      0.1748,      5.5812,     11.1624,      1.5450,     28.5357,     57.0713,      0.0192,      0.0034,      0.1487,      0.2044,   7762.1475,-478780.8125,   -923.4502,    546.8523,  25873.8242,
       1,     168,     275,      19,       1,       3,       1,     10.0000,      1.4000,     42.5962,    248.4827,     62.5339,      3.4953,      0.0896,      0.0569,     22.4496,      0.1731,      5.5812,     11.1624,      1.5296,     28.5357,     57.0713,      0.0192,      0.0026,      0.1061,      0.2044,   7762.1475,-474621.0312,   -923.8111,    547.1390,  25873.8242,
       1,     168,     275,      20,       1,       3,       1,     10.0000,      1.4000,     42.5962,    248.4827,     62.5339,      3.4953,      0.0047,     -0.0275,      0.5453,      0.1580,      5.5812,     11.1624,      1.3966,     28.5357,     57.0713,      0.0192,      0.0004,      0.0156,      0.2044,   7762.1475,-451050.0000,   -920.2493,    548.7513,  25873.8242,
       1,     168,     275,      21,       1,       3,       1,     10.0000,      1.4000,     42.5962,    248.4827,     62.5339,      3.4953,      0.0000,     -0.0321,      1.1196,      0.1568,      5.5812,     11.1624,      1.3854,     28.5357,     57.0713,      0.0192,      0.0009,      0.0156,      0.2044,   7762.1475,-421821.0312,   -915.0145,    550.7585,  25873.8242,
       1,     168,     275,      22,       1,       3,       1,     10.0000,      1.4000,     42.5962,    248.4827,     62.5339,      3.4953,      0.0000,     -0.0319,      1.8940,      0.1511,      5.5812,     11.1624,      1.3348,     28.5357,     57.0713,      0.0192,      0.0015,      0.0156,      0.2045,   7762.1475,-420044.9688,   -914.7654,    550.8845,  25873.8242,
       1,     168,     275,      23,       1,       3,       1,     10.0000,      1.4000,     42.5962,    248.4827,     62.5339,      3.4953,      0.0000,     -0.0317,      1.9391,      0.1441,      5.5812,     11.1624,      1.2731,     28.5357,     57.0713,      0.0192,      0.0015,      0.0156,      0.2045,   7762.1475,-420850.6250,   -915.0668,    550.8292,  25873.8242,
       1,     168,     275,      24,       1,       3,       1,     10.0000,      1.4000,     42.5962,    248.4827,     62.5339,      3.4953,      0.0000,     -0.0316,      2.1580,      0.1426,      5.5812,     11.1624,      1.2603,     28.5357,     57.0713,      0.0192,      0.0017,      0.0156,      0.2045,   7762.1475,-420975.3750,   -915.2553,    550.8205,  25873.8223,
       1,     168,     276,       1,       1,       3,       1,     10.0000,      1.4000,     42.5965,    248.4886,     62.5353,      3.4953,      0.0000,     -0.0315,      1.5325,      0.1392,      5.5809,     11.1619,      1.2301,     28.5347,     57.0695,      0.0192,      0.0012,      0.0156,      0.2045,   7762.1470,-421412.4375,   -915.7389,    550.8034,  25874.9727,
       1,     168,     276,       2,       1,       3,       1,     10.0000,      1.4000,     42.5965,    248.4886,     62.5353,      3.4953,      0.0000,     -0.0314,      1.3753,      0.1361,      5.5809,     11.1619,      1.2030,     28.5347,     57.0695,      0.0192,      0.0011,      0.0156,      0.2045,   7762.4922,-420521.1875,   -915.4379,    550.8647,  25874.9727,
       1,     168,     276,       3,       1,       3,       1,     10.0000,      1.4000,     42.5965,    248.4886,     62.5353,      3.4953,      0.0000,     -0.0314,      1.2554,      0.1359,      5.5809,     11.1619,      1.2005,     28.5347,     57.0695,      0.0192,      0.0010,      0.0156,      0.2045,   7762.4922,-420249.9375,   -915.4891,    550.8834,  25874.9746,
       1,     168,     276,       4,       1,       3,       1,     10.0000,      1.4000,     42.5965,    248.4886,     62.5353,      3.4953,      0.0000,     -0.0314,      0.3273,      0.1350,      5.5809,     11.1619,      1.1933,     28.5347,     57.0695,      0.0192,      0.0003,      0.0156,      0.2045,   7762.4927,-420077.2500,   -915.5499,    550.8953,  25874.9727,
       1,     168,     276,       5,       1,       3,       1,     10.0000,      1.4000,     42.5965,    248.4886,     62.5353,      3.4953,      0.0000,     -0.0311,      0.3062,      0.1282,      5.5809,     11.1619,      1.1330,     28.5347,     57.0695,      0.0192,      0.0002,      0.0156,      0.2045,   7762.4922,-418910.1250,   -915.3411,    550.9756,  25874.9727,
       1,     168,     276,       6,       1,       3,       1,     10.0000,      1.4000,     42.5965,    248.4886,     62.5353,      3.4953,      0.0000,     -0.0310,      0.2998,      0.1259,      5.5809,     11.1619,      1.1125,     28.5347,     57.0695,      0.0192,      0.0002,      0.0156,      0.2045,   7762.4922,-418784.0000,   -915.3200,    550.9844,  25874.9727,
       1,     168,     276,       7,       1,       3,       1,     10.0000,      1.4000,     42.5965,    248.4886,     62.5353,      3.4953,      0.0000,     -0.0309,      0.2939,      0.1237,      5.5809,     11.1619,      1.0933,     28.5347,     57.0695,      0.0192,      0.0002,      0.0156,      0.2045,   7762.4922,-418765.3125,   -915.3178,    550.9857,  25874.9727,
       1,     168,     276,       8,       1,       3,       1,     10.0000,      1.4000,     42.5965,    248.4886,     62.5353,      3.4953,      0.0088,     -0.0222,      0.2977,      0.1251,      5.5809,     11.1619,      1.1057,     28.5347,     57.0695,      0.0192,      0.0002,      0.0156,      0.2045,   7762.4922,-418756.3125,   -915.3176,    550.9863,  25874.9727,
       1,     168,     276,       9,       1,       3,       1,     10.0000,      1.4000,     42.5965,    248.4886,     62.5353,      3.4953,      0.1394,      0.1079,      3.9534,      0.1409,      5.5809,     11.1619,      1.2451,     28.5347,     57.0695,      0.0192,      0.0003,      0.1808,      0.2045,   7762.4922,-418760.3438,   -915.3395,    550.9860,  25874.9707,
       1,     168,     276,      10,       1,       3,       1,     10.0000,      1.4000,     42.5965,    248.4886,     62.5353,      3.4953,      0.1838,      0.1513,      6.4957,      0.1668,      5.5809,     11.1619,      1.4742,     28.5347,     57.0695,      0.0192,      0.0003,      0.2449,      0.2045,   7762.4917,-423301.6875,   -916.5379,    550.6732,  25874.9727,
       1,     168,     276,      11,       1,       3,       1,     10.0000,      1.4000,     42.5965,    248.4886,     62.5353,      3.4953,      0.1873,      0.1540,      7.7469,      0.1910,      5.5809,     11.1619,      1.6879,     28.5347,     57.0695,      0.0192,      0.0004,      0.2500,      0.2045,   7762.4922,-426848.4375,   -917.9620,    550.4291,  25874.9727,
       1,     168,     276,      12,       1,       3,       1,     10.0000,      1.4000,     42.5965,    248.4886,     62.5353,      3.4953,      0.1820,      0.1483,      8.2458,      0.2071,      5.5809,     11.1619,      1.8303,     28.5347,     57.0695,      0.0192,      0.0004,      0.2424,      0.2045,   7762.4922,-428706.2500,   -919.3653,    550.3014,  25874.9727,
       1,     168,     276,      13,       1,       3,       1,     10.0000,      1.4000,     42.5965,    248.4886,     62.5353,      3.4953,      0.1871,      0.1524,     10.1847,      0.2423,      5.5809,     11.1619,      2.1411,     28.5347,     57.0695,      0.0192,      0.0005,      0.2500,      0.2045,   7762.4922,-429484.9062,   -920.5137,    550.2479,  25874.9727,
       1,     168,     276,      14,       1,       3,       1,     10.0000,      1.4000,     42.5965,    248.4886,     62.5353,      3.4953,      0.1877,      0.1529,     17.7607,      0.2459,      5.5809,     11.1619,      2.1726,     28.5347,     57.0695,      0.0192,      0.0009,      0.2500,      0.2045,   7762.4922,-431960.1875,   -922.5381,    550.0776,  25874.9727,
       1,     168,     276,      15,       1,       3,       1,     10.0000,      1.4000,     42.5965,    248.4886,     62.5353,      3.4953,      0.1804,      0.1460,     56.4538,      0.2328,      5.5809,     11.1619,      2.0571,     28.5347,     57.0695,      0.0192,      0.0030,      0.2347,      0.2045,   7762.4922,-441584.1562,   -925.3618,    549.4159,  25874.9707,
       1,     168,     276,      16,       1,       3,       1,     10.0000,      1.4000,     42.5965,    248.4886,     62.5353,      3.4953,      0.1935,      0.1587,     91.8498,      0.2463,      5.5809,     11.1619,      2.1768,     28.5347,     57.0695,      0.0192,      0.0045,      0.2500,      0.2045,   7762.4917,-490487.0312,   -935.3459,    546.0578,  25874.9727,
       1,     168,     276,      17,       1,       3,       1,     10.0000,      1.4000,     42.5965,    248.4886,     62.5353,      3.4953,      0.1868,      0.1521,    116.6840,      0.2437,      5.5809,     11.1619,      2.1536,     28.5347,     57.0695,      0.0192,      0.0060,      0.2374,      0.2044,   7762.4922,-538705.4375,   -945.5432,    542.7767,  25874.9746,
       1,     168,     276,      18,       1,       3,       1,     10.0000,      1.4000,     42.5965,    248.4886,     62.5353,      3.4953,      0.0883,      0.0545,     61.8944,      0.2104,      5.5809,     11.1619,      1.8594,     28.5347,     57.0695,      0.0192,      0.0077,      0.0990,      0.2044,   7762.4927,-573736.7500,   -953.2164,    540.4099,  25874.9746,
       1,     168,     276,      19,       1,       3,       1,     10.0000,      1.4000,     42.5965,    248.4886,     62.5353,      3.4953,      0.0646,      0.0318,     38.2253,      0.1778,      5.5809,     11.1619,      1.5714,     28.5347,     57.0695,      0.0192,      0.0069,      0.0679,      0.2043,   7762.4927,-508501.6562,   -941.4709,    544.8217,  25874.9727,
       1,     168,     276,      20,       1,       3,       1,     10.0000,      1.4000,     42.5965,    248.4886,     62.5353,      3.4953,      0.0071,     -0.0250,      7.5268,      0.1554,      5.5809,     11.1619,      1.3730,     28.5347,     57.0695,      0.0192,      0.0059,      0.0156,      0.2044,   7762.4922,-473561.0625,   -935.2252,    547.2193,  25874.9746,
       1,     168,     276,      21,       1,       3,       1,     10.0000,      1.4000,     42.5965,    248.4886,     62.5353,      3.4953,      0.0000,     -0.0317,      8.1953,      0.1438,      5.5809,     11.1619,      1.2705,     28.5347,     57.0695,      0.0192,      0.0064,      0.0156,      0.2044,   7762.4927,-432413.9375,   -927.5547,    550.0391,  25874.9727,
       1,     168,     276,      22,       1,       3,       1,     10.0000,      1.4000,     42.5965,    248.4886,     62.5353,      3.4953,      0.0000,     -0.0316,      8.3381,      0.1405,      5.5809,     11.1619,      1.2413,     28.5347,     57.0695,      0.0192,      0.0066,      0.0156,      0.2045,   7762.4922,-429748.0625,   -927.1497,    550.2297,  25874.9727,
       1,     168,     276,      23,       1,       3,       1,     10.0000,      1.4000,     42.5965,    248.4886,     62.5353,      3.4953,      0.0000,     -0.0315,      6.5027,      0.1378,      5.5809,     11.1619,      1.2177,     28.5347,     57.0695,      0.0192,      0.0051,      0.0156,      0.2045,   7762.4922,-429688.5312,   -927.2199,    550.2338,  25874.9707,
       1,     168,     276,      24,       1,       3,       1,     10.0000,      1.4000,     42.5965,    248.4886,     62.5353,      3.4953,      0.0000,     -0.0313,      3.2615,      0.1344,      5.5809,     11.1619,      1.1872,     28.5347,     57.0695,      0.0192,      0.0026,      0.0156,      0.2045,   7762.4917,-427403.4375,   -926.8367,    550.3910,  25874.9727,
       1,     168,     277,       1,       1,       3,       1,     10.0000,      1.4001,     42.5969,    248.4944,     62.5368,      3.4953,      0.0000,     -0.0312,      2.5843,      0.1298,      5.5808,     11.1616,      1.1470,     28.5395,     57.0790,      0.0192,      0.0020,      0.0156,      0.2045,   7762.4922,-423335.4062,   -926.3584,    550.6838,  25876.1250,
       1,     168,     277,       2,       1,       3,       1,     10.0000,      1.4001,     42.5969,    248.4944,     62.5368,      3.4953,      0.0000,     -0.0310,      1.4565,      0.1265,      5.5808,     11.1616,      1.1182,     28.5395,     57.0790,      0.0192,      0.0011,      0.0156,      0.2045,   7762.8379,-421994.7188,   -925.8481,    550.7761,  25876.1250,
       1,     168,     277,       3,       1,       3,       1,     10.0000,      1.4001,     42.5969,    248.4944,     62.5368,      3.4953,      0.0000,     -0.0309,      0.9761,      0.1242,      5.5808,     11.1616,      1.0978,     28.5395,     57.0790,      0.0192,      0.0008,      0.0156,      0.2045,   7762.8379,-420479.2500,   -925.5674,    550.8804,  25876.1250,
       1,     168,     277,       4,       1,       3,       1,     10.0000,      1.4001,     42.5969,    248.4944,     62.5368,      3.4953,      0.0000,     -0.0309,      0.8051,      0.1239,      5.5808,     11.1616,      1.0945,     28.5395,     57.0790,      0.0192,      0.0006,      0.0156,      0.2045,   7762.8379,-419753.0000,   -925.4341,    550.9304,  25876.1270,
       1,     168,     277,       5,       1,       3,       1,     10.0000,      1.4001,     42.5969,    248.4944,     62.5368,      3.4953,      0.0000,     -0.0310,      0.5435,      0.1256,      5.5808,     11.1616,      1.1102,     28.5395,     57.0790,      0.0192,      0.0004,      0.0156,      0.2045,   7762.8384,-419478.4375,   -925.3854,    550.9494,  25876.1250,
       1,     168,     277,       6,       1,       3,       1,     10.0000,      1.4001,     42.5969,    248.4944,     62.5368,      3.4953,      0.0000,     -0.0309,      0.3027,      0.1226,      5.5808,     11.1616,      1.0834,     28.5395,     57.0790,      0.0192,      0.0002,      0.0156,      0.2045,   7762.8379,-419130.1250,   -925.3221,    550.9734,  25876.1250,
       1,     168,     277,       7,       1,       3,       1,     10.0000,      1.4001,     42.5969,    248.4944,     62.5368,      3.4953,      0.0000,     -0.0308,      0.2855,      0.1206,      5.5808,     11.1616,      1.0658,     28.5395,     57.0790,      0.0192,      0.0002,      0.0156,      0.2045,   7762.8379,-418801.2500,   -925.2609,    550.9961,  25876.1250,
       1,     168,     277,       8,       1,       3,       1,     10.0000,      1.4001,     42.5969,    248.4944,     62.5368,      3.4953,      0.0158,     -0.0151,      0.0665,      0.1235,      5.5808,     11.1616,      1.0911,     28.5395,     57.0790,      0.0192,      0.0002,      0.0035,      0.2045,   7762.8379,-418751.6875,   -925.2529,    550.9995,  25876.1250,
       1,     168,     277,       9,       1,       3,       1,     10.0000,      1.4001,     42.5969,    248.4944,     62.5368,      3.4953,      0.1353,      0.1041,      3.5027,      0.1305,      5.5808,     11.1616,      1.1528,     28.5395,     57.0790,      0.0192,      0.0002,      0.1750,      0.2045,   7762.8379,-418475.4062,   -925.2006,    551.0184,  25876.1250,
       1,     168,     277,      10,       1,       3,       1,     10.0000,      1.4001,     42.5969,    248.4944,     62.5368,      3.4953,      0.1862,      0.1539,      6.3566,      0.1617,      5.5808,     11.1616,      1.4292,     28.5395,     57.0790,      0.0192,      0.0003,      0.2483,      0.2045,   7762.8379,-422719.6875,   -926.0272,    550.7261,  25876.1250,
       1,     168,     277,      11,       1,       3,       1,     10.0000,      1.4001,     42.5969,    248.4944,     62.5368,      3.4953,      0.1873,      0.1540,      7.8358,      0.1929,      5.5808,     11.1616,      1.7047,     28.5395,     57.0790,      0.0192,      0.0004,      0.2500,      0.2045,   7762.8379,-426627.7812,   -926.7953,    550.4572,  25876.1230,
       1,     168,     277,      12,       1,       3,       1,     10.0000,      1.4001,     42.5969,    248.4944,     62.5368,      3.4953,      0.1872,      0.1529,      9.4454,      0.2270,      5.5808,     11.1616,      2.0054,     28.5395,     57.0790,      0.0192,      0.0005,      0.2500,      0.2045,   7762.8374,-428799.6562,   -927.2032,    550.3078,  25876.1250,
       1,     168,     277,      13,       1,       3,       1,     10.0000,      1.4001,     42.5969,    248.4944,     62.5368,      3.4953,      0.1872,      0.1528,      9.5956,      0.2301,      5.5808,     11.1616,      2.0331,     28.5395,     57.0790,      0.0192,      0.0005,      0.2500,      0.2045,   7762.8379,-430984.5312,   -927.5186,    550.1576,  25876.1250,
       1,     168,     277,      14,       1,       3,       1,     10.0000,      1.4001,     42.5969,    248.4944,     62.5368,      3.4953,      0.1871,      0.1525,     10.0594,      0.2386,      5.5808,     11.1616,      2.1080,     28.5395,     57.0790,      0.0192,      0.0005,      0.2500,      0.2045,   7762.8379,-431357.8750,   -927.4735,    550.1319,  25876.1250,
       1,     168,     277,      15,       1,       3,       1,     10.0000,      1.4001,     42.5969,    248.4944,     62.5368,      3.4953,      0.1903,      0.1549,     53.3936,      0.2725,      5.5808,     11.1616,      2.4081,     28.5395,     57.0790,      0.0192,      0.0026,      0.2500,      0.2045,   7762.8379,-431965.9375,   -927.4845,    550.0901,  25876.1250,
       1,     168,     277,      16,       1,       3,       1,     10.0000,      1.4001,     42.5969,    248.4944,     62.5368,      3.4953,      0.1343,      0.1004,     62.3401,      0.2131,      5.5808,     11.1616,      1.8834,     28.5395,     57.0790,      0.0192,      0.0046,      0.1663,      0.2045,   7762.8379,-485849.7500,   -937.8702,    546.3849,  25876.1250,
       1,     168,     277,      17,       1,       3,       1,     10.0000,      1.4001,     42.5969,    248.4944,     62.5368,      3.4953,      0.0221,     -0.0094,      4.8084,      0.1372,      5.5808,     11.1616,      1.2128,     28.5395,     57.0790,      0.0192,      0.0052,      0.0114,      0.2045,   7762.8379,-501610.1562,   -941.1307,    545.3210,  25876.1250,
       1,     168,     277,      18,       1,       3,       1,     10.0000,      1.4001,     42.5969,    248.4944,     62.5368,      3.4953,      0.0811,      0.0501,     38.6463,      0.1256,      5.5808,     11.1616,      1.1102,     28.5395,     57.0790,      0.0192,      0.0051,      0.0930,      0.2044,   7762.8379,-431397.0312,   -913.0665,    550.1081,  25876.1230,
       1,     168,     277,      19,       1,       3,       1,     10.0000,      1.4001,     42.5969,    248.4944,     62.5368,      3.4953,      0.0485,      0.0174,     20.0184,      0.1267,      5.5808,     11.1616,      1.1193,     28.5395,     57.0790,      0.0192,      0.0051,      0.0481,      0.2045,   7762.8374,-467507.7500,   -919.9048,    547.6462,  25876.1230,
       1,     168,     277,      20,       1,       3,       1,     10.0000,      1.4001,     42.5969,    248.4944,     62.5368,      3.4953,      0.0031,     -0.0280,      8.2941,      0.1285,      5.5808,     11.1616,      1.1354,     28.5395,     57.0790,      0.0192,      0.0065,      0.0156,      0.2045,   7762.8374,-447429.1562,   -917.2632,    549.0261,  25876.1250,
       1,     168,     277,      21,       1,       3,       1,     10.0000,      1.4001,     42.5969,    248.4944,     62.5368,      3.4953,      0.0000,     -0.0310,      5.2884,      0.1258,      5.5808,     11.1616,      1.1113,     28.5395,     57.0790,      0.0192,      0.0042,      0.0156,      0.2045,   7762.8379,-431146.0625,   -915.1755,    550.1453,  25876.1250,
       1,     168,     277,      22,       1,       3,       1,     10.0000,      1.4001,     42.5969,    248.4944,     62.5368,      3.4953,      0.0000,     -0.0310,      1.1211,      0.1260,      5.5808,     11.1616,      1.1136,     28.5395,     57.0790,      0.0192,      0.0009,      0.0156,      0.2045,   7762.8379,-426022.5000,   -914.7971,    550.4988,  25876.1250,
       1,     168,     277,      23,       1,       3,       1,     10.0000,      1.4001,     42.5969,    248.4944,     62.5368,      3.4953,      0.0000,     -0.0310,      0.5623,      0.1262,      5.5808,     11.1616,      1.1148,     28.5395,     57.0790,      0.0192,      0.0004,      0.0156,      0.2045,   7762.8379,-420407.0000,   -913.8749,    550.8853,  25876.1270,
       1,     168,     277,      24,       1,       3,       1,     10.0000,      1.4001,     42.5969,    248.4944,     62.5368,      3.4953,      0.0000,     -0.0311,      0.3215,      0.1285,      5.5808,     11.1616,      1.1354,     28.5395,     57.0790,      0.0192,      0.0003,      0.0156,      0.2045,   7762.8384,-419232.9375,   -913.6943,    550.9663,  25876.1270,
       1,     168,     278,       1,       1,       3,       1,     10.0000,      1.4001,     42.5972,    248.5002,     62.5383,      3.4953,      0.0000,     -0.0311,      0.3327,      0.1290,      5.5812,     11.1624,      1.1400,     28.5389,     57.0778,      0.0192,      0.0003,      0.0156,      0.2045,   7762.8384,-418987.9062,   -913.9137,    550.9962,  25877.2773,
       1,     168,     278,       2,       1,       3,       1,     10.0000,      1.4001,     42.5972,    248.5002,     62.5383,      3.4953,      0.0000,     -0.0312,      0.5479,      0.1299,      5.5812,     11.1624,      1.1482,     28.5389,     57.0778,      0.0192,      0.0004,      0.0156,      0.2045,   7763.1836,-418829.2188,   -913.6348,    551.0071,  25877.2773,
       1,     168,     278,       3,       1,       3,       1,     10.0000,      1.4001,     42.5972,    248.5002,     62.5383,      3.4953,      0.0000,     -0.0310,      0.5567,      0.1272,      5.5812,     11.1624,      1.1239,     28.5389,     57.0778,      0.0192,      0.0004,      0.0156,      0.2045,   7763.1836,-419082.8438,   -913.6987,    550.9896,  25877.2773,
       1,     168,     278,       4,       1,       3,       1,     10.0000,      1.4001,     42.5972,    248.5002,     62.5383,      3.4953,      0.0000,     -0.0310,      0.3561,      0.1271,      5.5812,     11.1624,      1.1227,     28.5389,     57.0778,      0.0192,      0.0003,      0.0156,      0.2045,   7763.1836,-419115.5938,   -913.7272,    550.9874,  25877.2793,
       1,     168,     278,       5,       1,       3,       1,     10.0000,      1.4001,     42.5972,    248.5002,     62.5383,      3.4953,      0.0000,     -0.0310,      0.3160,      0.1265,      5.5812,     11.1624,      1.1182,     28.5389,     57.0778,      0.0192,      0.0002,      0.0156,      0.2045,   7763.1841,-418868.9375,   -913.6897,    551.0043,  25877.2793,
       1,     168,     278,       6,       1,       3,       1,     10.0000,      1.4001,     42.5972,    248.5002,     62.5383,      3.4953,      0.0000,     -0.0310,      0.3009,      0.1263,      5.5812,     11.1624,      1.1159,     28.5389,     57.0778,      0.0192,      0.0002,      0.0156,      0.2045,   7763.1841,-418798.2500,   -913.6801,    551.0092,  25877.2773,
       1,     168,     278,       7,       1,       3,       1,     10.0000,      1.4001,     42.5972,    248.5002,     62.5383,      3.4953,      0.0000,     -0.0310,      0.2984,      0.1254,      5.5812,     11.1624,      1.1080,     28.5389,     57.0778,      0.0192,      0.0002,      0.0156,      0.2045,   7763.1836,-418773.5312,   -913.6775,    551.0109,  25877.2773,
       1,     168,     278,       8,       1,       3,       1,     10.0000,      1.4001,     42.5972,    248.5002,     62.5383,      3.4953,      0.0221,     -0.0088,      0.2391,      0.1240,      5.5812,     11.1624,      1.0956,     28.5389,     57.0778,      0.0192,      0.0002,      0.0127,      0.2045,   7763.1836,-418768.4375,   -913.6778,    551.0112,  25877.2793,
       1,     168,     278,       9,       1,       3,       1,     10.0000,      1.4001,     42.5972,    248.5002,     62.5383,      3.4953,      0.1386,      0.1071,      3.8789,      0.1394,      5.5812,     11.1624,      1.2314,     28.5389,     57.0778,      0.0192,      0.0003,      0.1797,      0.2045,   7763.1841,-418694.1562,   -913.7172,    551.0164,  25877.2793,
       1,     168,     278,      10,       1,       3,       1,     10.0000,      1.4001,     42.5972,    248.5002,     62.5383,      3.4953,      0.1839,      0.1513,      6.6188,      0.1695,      5.5812,     11.1624,      1.4980,     28.5389,     57.0778,      0.0192,      0.0003,      0.2449,      0.2045,   7763.1841,-423207.7812,   -914.9370,    550.7055,  25877.2773,
       1,     168,     278,      11,       1,       3,       1,     10.0000,      1.4001,     42.5972,    248.5002,     62.5383,      3.4953,      0.1873,      0.1542,      7.5041,      0.1858,      5.5812,     11.1624,      1.6417,     28.5389,     57.0778,      0.0192,      0.0004,      0.2500,      0.2045,   7763.1836,-426997.0625,   -916.6665,    550.4447,  25877.2773,
       1,     168,     278,      12,       1,       3,       1,     10.0000,      1.4001,     42.5972,    248.5002,     62.5383,      3.4953,      0.1872,      0.1535,      8.4457,      0.2059,      5.5812,     11.1624,      1.8196,     28.5389,     57.0778,      0.0192,      0.0004,      0.2500,      0.2045,   7763.1836,-428420.7500,   -918.1361,    550.3468,  25877.2773,
       1,     168,     278,      13,       1,       3,       1,     10.0000,      1.4001,     42.5972,    248.5002,     62.5383,      3.4953,      0.1872,      0.1527,      9.6826,      0.2319,      5.5812,     11.1624,      2.0491,     28.5389,     57.0778,      0.0192,      0.0005,      0.2500,      0.2045,   7763.1836,-429711.9375,   -919.7398,    550.2581,  25877.2754,
       1,     168,     278,      14,       1,       3,       1,     10.0000,      1.4001,     42.5972,    248.5002,     62.5383,      3.4953,      0.1879,      0.1527,     20.7473,      0.2599,      5.5812,     11.1624,      2.2965,     28.5389,     57.0778,      0.0192,      0.0010,      0.2500,      0.2045,   7763.1831,-431358.7188,   -921.4773,    550.1448,  25877.2773,
       1,     168,     278,      15,       1,       3,       1,     10.0000,      1.4001,     42.5972,    248.5002,     62.5383,      3.4953,      0.1914,      0.1559,     67.7072,      0.2749,      5.5812,     11.1624,      2.4292,     28.5389,     57.0778,      0.0192,      0.0033,      0.2500,      0.2045,   7763.1836,-445242.7812,   -925.7147,    549.1900,  25877.2773,
       1,     168,     278,      16,       1,       3,       1,     10.0000,      1.4001,     42.5972,    248.5002,     62.5383,      3.4953,      0.1598,      0.1250,     66.9893,      0.2466,      5.5812,     11.1624,      2.1791,     28.5389,     57.0778,      0.0192,      0.0040,      0.2033,      0.2045,   7763.1836,-504771.7188,   -938.1252,    545.1042,  25877.2754,
       1,     168,     278,      17,       1,       3,       1,     10.0000,      1.4001,     42.5972,    248.5002,     62.5383,      3.4953,      0.1212,      0.0885,     50.0524,      0.1724,      5.5812,     11.1624,      1.5237,     28.5389,     57.0778,      0.0192,      0.0041,      0.1488,      0.2045,   7763.1831,-509002.3750,   -939.5740,    544.8311,  25877.2773,
       1,     168,     278,      18,       1,       3,       1,     10.0000,      1.4001,     42.5972,    248.5002,     62.5383,      3.4953,      0.1345,      0.1015,     83.2719,      0.1832,      5.5812,     11.1624,      1.6191,     28.5389,     57.0778,      0.0192,      0.0062,      0.1643,      0.2045,   7763.1836,-488281.9688,   -936.1469,    546.2424,  25877.2754,
       1,     168,     278,      19,       1,       3,       1,     10.0000,      1.4001,     42.5972,    248.5002,     62.5383,      3.4953,      0.0469,      0.0139,     27.5928,      0.1840,      5.5812,     11.1624,      1.6255,     28.5389,     57.0778,      0.0192,      0.0079,      0.0431,      0.2045,   7763.1831,-527819.4375,   -944.2291,    543.5446,  25877.2793,
       1,     168,     278,      20,       1,       3,       1,     10.0000,      1.4001,     42.5972,    248.5002,     62.5383,      3.4953,      0.0022,     -0.0305,     10.2140,      0.1714,      5.5812,     11.1624,      1.5146,     28.5389,     57.0778,      0.0192,      0.0080,      0.0156,      0.2044,   7763.1841,-461945.1875,   -932.1366,    548.0269,  25877.2793,
       1,     168,     278,      21,       1,       3,       1,     10.0000,      1.4001,     42.5972,    248.5002,     62.5383,      3.4953,      0.0000,     -0.0323,      7.5655,      0.1617,      5.5812,     11.1624,      1.4292,     28.5389,     57.0778,      0.0192,      0.0059,      0.0156,      0.2045,   7763.1841,-434787.9375,   -927.1661,    549.9058,  25877.2773,
       1,     168,     278,      22,       1,       3,       1,     10.0000,      1.4001,     42.5972,    248.5002,     62.5383,      3.4953,      0.0000,     -0.0322,      2.3997,      0.1576,      5.5812,     11.1624,      1.3925,     28.5389,     57.0778,      0.0192,      0.0019,      0.0156,      0.2045,   7763.1836,-429166.6250,   -926.2012,    550.2953,  25877.2793,
       1,     168,     278,      23,       1,       3,       1,     10.0000,      1.4001,     42.5972,    248.5002,     62.5383,      3.4953,      0.0000,     -0.0321,      2.5404,      0.1544,      5.5812,     11.1624,      1.3648,     28.5389,     57.0778,      0.0192,      0.0020,      0.0156,      0.2045,   7763.1841,-422266.2500,   -924.9208,    550.7702,  25877.2773,
       1,     168,     278,      24,       1,       3,       1,     10.0000,      1.4001,     42.5972,    248.5002,     62.5383,      3.4953,      0.0000,     -0.0319,      2.6232,      0.1506,      5.5812,     11.1624,      1.3309,     28.5389,     57.0778,      0.0192,      0.0021,      0.0156,      0.2045,   7763.1836,-421851.6250,   -924.8687,    550.7990,  25877.2773,
       1,     168,     279,       1,       1,       3,       1,     10.0000,      1.4001,     42.5975,    248.5060,     62.5397,      3.4953,      0.0000,     -0.0317,      2.0953,      0.1457,      5.5810,     11.1620,      1.2874,     28.5425,     57.0850,      0.0192,      0.0016,      0.0156,      0.2046,   7763.1836,-422073.2188,   -925.2117,    550.7965,  25878.4336,
       1,     168,     279,       2,       1,       3,       1,     10.0000,      1.4001,     42.5975,    248.5060,     62.5397,      3.4953,      0.0000,     -0.0316,      1.7425,      0.1426,      5.5810,     11.1620,      1.2604,     28.5425,     57.0850,      0.0192,      0.0014,      0.0156,      0.2046,   7763.5303,-421284.6250,   -924.8120,    550.8508,  25878.4316,
       1,     168,     279,       3,       1,       3,       1,     10.0000,      1.4001,     42.5975,    248.5060,     62.5397,      3.4953,      0.0000,     -0.0316,      1.4439,      0.1413,      5.5810,     11.1620,      1.2490,     28.5425,     57.0850,      0.0192,      0.0011,      0.0156,      0.2046,   7763.5298,-420779.2500,   -924.7319,    550.8856,  25878.4316,
       1,     168,     279,       4,       1,       3,       1,     10.0000,      1.4001,     42.5975,    248.5060,     62.5397,      3.4953,      0.0000,     -0.0316,      1.2950,      0.1413,      5.5810,     11.1620,      1.2490,     28.5425,     57.0850,      0.0192,      0.0010,      0.0156,      0.2046,   7763.5298,-420365.2188,   -924.6653,    550.9141,  25878.4336,
       1,     168,     279,       5,       1,       3,       1,     10.0000,      1.4001,     42.5975,    248.5060,     62.5397,      3.4953,      0.0000,     -0.0314,      1.0882,      0.1364,      5.5810,     11.1620,      1.2055,     28.5425,     57.0850,      0.0192,      0.0009,      0.0156,      0.2046,   7763.5303,-420144.7188,   -924.6333,    550.9294,  25878.4316,
       1,     168,     279,       6,       1,       3,       1,     10.0000,      1.4001,     42.5975,    248.5060,     62.5397,      3.4953,      0.0000,     -0.0314,      0.7543,      0.1366,      5.5810,     11.1620,      1.2067,     28.5425,     57.0850,      0.0192,      0.0006,      0.0156,      0.2046,   7763.5298,-419869.1875,   -924.5888,    550.9483,  25878.4316,
       1,     168,     279,       7,       1,       3,       1,     10.0000,      1.4001,     42.5975,    248.5060,     62.5397,      3.4953,      0.0000,     -0.0314,      0.4718,      0.1371,      5.5810,     11.1620,      1.2116,     28.5425,     57.0850,      0.0192,      0.0004,      0.0156,      0.2046,   7763.5298,-419431.1250,   -924.5109,    550.9785,  25878.4316,
       1,     168,     279,       8,       1,       3,       1,     10.0000,      1.4001,     42.5975,    248.5060,     62.5397,      3.4953,      0.0215,     -0.0098,      0.2731,      0.1333,      5.5810,     11.1620,      1.1777,     28.5425,     57.0850,      0.0192,      0.0003,      0.0112,      0.2046,   7763.5298,-419042.8438,   -924.4403,    551.0052,  25878.4316,
       1,     168,     279,       9,       1,       3,       1,     10.0000,      1.4001,     42.5975,    248.5060,     62.5397,      3.4953,      0.0746,      0.0431,      2.1544,      0.1391,      5.5810,     11.1620,      1.2289,     28.5425,     57.0850,      0.0192,      0.0003,      0.0875,      0.2046,   7763.5298,-418762.8125,   -924.3913,    551.0245,  25878.4316,
       1,     168,     279,      10,       1,       3,       1,     10.0000,      1.4001,     42.5975,    248.5060,     62.5397,      3.4953,      0.1572,      0.1249,      5.2281,      0.1603,      5.5810,     11.1620,      1.4164,     28.5425,     57.0850,      0.0192,      0.0003,      0.2063,      0.2046,   7763.5298,-421075.0312,   -924.8509,    550.8652,  25878.4336,
       1,     168,     279,      11,       1,       3,       1,     10.0000,      1.4001,     42.5975,    248.5060,     62.5397,      3.4953,      0.1873,      0.1539,      7.8629,      0.1935,      5.5810,     11.1620,      1.7099,     28.5425,     57.0850,      0.0192,      0.0004,      0.2500,      0.2046,   7763.5303,-425089.5000,   -925.6658,    550.5889,  25878.4316,
       1,     168,     279,      12,       1,       3,       1,     10.0000,      1.4001,     42.5975,    248.5060,     62.5397,      3.4953,      0.1872,      0.1530,      9.2560,      0.2230,      5.5810,     11.1620,      1.9705,     28.5425,     57.0850,      0.0192,      0.0005,      0.2500,      0.2046,   7763.5298,-428704.9688,   -926.4186,    550.3401,  25878.4316,
       1,     168,     279,      13,       1,       3,       1,     10.0000,      1.4001,     42.5975,    248.5060,     62.5397,      3.4953,      0.1871,      0.1524,     10.2083,      0.2428,      5.5810,     11.1620,      2.1454,     28.5425,     57.0850,      0.0192,      0.0005,      0.2500,      0.2046,   7763.5298,-430744.1562,   -926.8307,    550.1998,  25878.4316,
       1,     168,     279,      14,       1,       3,       1,     10.0000,      1.4001,     42.5975,    248.5060,     62.5397,      3.4953,      0.1872,      0.1521,     12.6998,      0.2579,      5.5810,     11.1620,      2.2788,     28.5425,     57.0850,      0.0192,      0.0006,      0.2500,      0.2046,   7763.5298,-432101.1875,   -927.0455,    550.1066,  25878.4336,
       1,     168,     279,      15,       1,       3,       1,     10.0000,      1.4001,     42.5975,    248.5060,     62.5397,      3.4953,      0.1894,      0.1541,     41.0074,      0.2673,      5.5810,     11.1620,      2.3621,     28.5425,     57.0850,      0.0192,      0.0020,      0.2500,      0.2046,   7763.5303,-435311.2812,   -927.5574,    549.8859,  25878.4336,
       1,     168,     279,      16,       1,       3,       1,     10.0000,      1.4001,     42.5975,    248.5060,     62.5397,      3.4953,      0.1905,      0.1553,     85.4026,      0.2614,      5.5810,     11.1620,      2.3100,     28.5425,     57.0850,      0.0192,      0.0043,      0.2465,      0.2046,   7763.5303,-470744.1562,   -934.3713,    547.4504,  25878.4297,
       1,     168,     279,      17,       1,       3,       1,     10.0000,      1.4001,     42.5975,    248.5060,     62.5397,      3.4953,      0.1694,      0.1346,     92.3291,      0.2476,      5.5810,     11.1620,      2.1876,     28.5425,     57.0850,      0.0192,      0.0053,      0.2145,      0.2045,   7763.5293,-528954.1250,   -945.7961,    543.4724,  25878.4316,
       1,     168,     279,      18,       1,       3,       1,     10.0000,      1.4001,     42.5975,    248.5060,     62.5397,      3.4953,      0.0718,      0.0390,     33.5379,      0.1763,      5.5810,     11.1620,      1.5575,     28.5425,     57.0850,      0.0192,      0.0052,      0.0788,      0.2045,   7763.5298,-542568.0000,   -948.7589,    542.5620,  25878.4316,
       1,     168,     279,      19,       1,       3,       1,     10.0000,      1.4001,     42.5975,    248.5060,     62.5397,      3.4953,      0.0643,      0.0316,     33.9383,      0.1750,      5.5810,     11.1620,      1.5467,     28.5425,     57.0850,      0.0192,      0.0061,      0.0679,      0.2044,   7763.5298,-470570.2500,   -935.0067,    547.4457,  25878.4297,
       1,     168,     279,      20,       1,       3,       1,     10.0000,      1.4001,     42.5975,    248.5060,     62.5397,      3.4953,      0.0032,     -0.0295,      8.2041,      0.1754,      5.5810,     11.1620,      1.5497,     28.5425,     57.0850,      0.0192,      0.0065,      0.0156,      0.2045,   7763.5293,-465006.7812,   -934.0303,    547.8483,  25878.4297,
       1,     168,     279,      21,       1,       3,       1,     10.0000,      1.4001,     42.5975,    248.5060,     62.5397,      3.4953,      0.0000,     -0.0325,      7.8503,      0.1663,      5.5810,     11.1620,      1.4699,     28.5425,     57.0850,      0.0192,      0.0062,      0.0156,      0.2045,   7763.5293,-432529.1562,   -927.7027,    550.0726,  25878.4297,
       1,     168,     279,      22,       1,       3,       1,     10.0000,      1.4001,     42.5975,    248.5060,     62.5397,      3.4953,      0.0000,     -0.0321,      7.3938,      0.1570,      5.5810,     11.1620,      1.3869,     28.5425,     57.0850,      0.0192,      0.0058,      0.0156,      0.2046,   7763.5293,-429330.8750,   -927.0364,    550.2971,  25878.4297,
       1,     168,     279,      23,       1,       3,       1,     10.0000,      1.4001,     42.5975,    248.5060,     62.5397,      3.4953,      0.0000,     -0.0319,      2.6651,      0.1512,      5.5810,     11.1620,      1.3363,     28.5425,     57.0850,      0.0192,      0.0021,      0.0156,      0.2046,   7763.5293,-428485.2188,   -926.8373,    550.3553,  25878.4297,
       1,     168,     279,      24,       1,       3,       1,     10.0000,      1.4001,     42.5975,    248.5060,     62.5397,      3.4953,      0.0000,     -0.0319,      2.2654,      0.1511,      5.5810,     11.1620,      1.3349,     28.5425,     57.0850,      0.0192,      0.0018,      0.0156,      0.2046,   7763.5293,-422540.2188,   -925.6677,    550.7642,  25878.4316,
       1,     168,     280,       1,       1,       3,       1,     10.0000,      1.4001,     42.5979,    248.5119,     62.5412,      3.4953,      0.0000,     -0.0319,      3.3053,      0.1508,      5.5815,     11.1629,      1.3323,     28.5445,     57.0891,      0.0192,      0.0026,      0.0156,      0.2046,   7763.5298,-421690.5312,   -925.7752,    550.8358,  25879.5820,
       1,     168,     280,       2,       1,       3,       1,     10.0000,      1.4001,     42.5979,    248.5119,     62.5412,      3.4953,      0.0000,     -0.0318,      2.6016,      0.1458,      5.5815,     11.1629,      1.2887,     28.5445,     57.0891,      0.0192,      0.0020,      0.0156,      0.2046,   7763.8750,-422757.1562,   -925.6916,    550.7623,  25879.5820,
       1,     168,     280,       3,       1,       3,       1,     10.0000,      1.4001,     42.5979,    248.5119,     62.5412,      3.4953,      0.0000,     -0.0317,      1.7757,      0.1441,      5.5815,     11.1629,      1.2732,     28.5445,     57.0891,      0.0192,      0.0014,      0.0156,      0.2046,   7763.8750,-421974.8125,   -925.5230,    550.8163,  25879.5820,
       1,     168,     280,       4,       1,       3,       1,     10.0000,      1.4001,     42.5979,    248.5119,     62.5412,      3.4953,      0.0000,     -0.0315,      0.8974,      0.1399,      5.5815,     11.1629,      1.2364,     28.5445,     57.0891,      0.0192,      0.0007,      0.0156,      0.2046,   7763.8750,-420882.2500,   -925.3013,    550.8914,  25879.5820,
       1,     168,     280,       5,       1,       3,       1,     10.0000,      1.4001,     42.5979,    248.5119,     62.5412,      3.4953,      0.0000,     -0.0314,      0.7348,      0.1367,      5.5815,     11.1629,      1.2080,     28.5445,     57.0891,      0.0192,      0.0006,      0.0156,      0.2046,   7763.8750,-419698.4375,   -925.0687,    550.9730,  25879.5840,
       1,     168,     280,       6,       1,       3,       1,     10.0000,      1.4001,     42.5979,    248.5119,     62.5412,      3.4953,      0.0000,     -0.0315,      0.6285,      0.1391,      5.5815,     11.1629,      1.2289,     28.5445,     57.0891,      0.0192,      0.0005,      0.0156,      0.2046,   7763.8755,-419395.2500,   -925.0082,    550.9939,  25879.5820,
       1,     168,     280,       7,       1,       3,       1,     10.0000,      1.4001,     42.5979,    248.5119,     62.5412,      3.4953,      0.0000,     -0.0315,      0.3848,      0.1384,      5.5815,     11.1629,      1.2227,     28.5445,     57.0891,      0.0192,      0.0003,      0.0156,      0.2046,   7763.8750,-419237.3750,   -924.9786,    551.0048,  25879.5820,
       1,     168,     280,       8,       1,       3,       1,     10.0000,      1.4001,     42.5979,    248.5119,     62.5412,      3.4953,      0.0224,     -0.0090,      0.2665,      0.1370,      5.5815,     11.1629,      1.2104,     28.5445,     57.0891,      0.0192,      0.0003,      0.0124,      0.2046,   7763.8750,-418921.2812,   -924.9183,    551.0266,  25879.5840,
       1,     168,     280,       9,       1,       3,       1,     10.0000,      1.4001,     42.5979,    248.5119,     62.5412,      3.4953,      0.1380,      0.1058,      4.4736,      0.1587,      5.5815,     11.1629,      1.4023,     28.5445,     57.0891,      0.0192,      0.0003,      0.1786,      0.2046,   7763.8755,-418747.2812,   -924.8796,    551.0386,  25879.5820,
       1,     168,     280,      10,       1,       3,       1,     10.0000,      1.4001,     42.5979,    248.5119,     62.5412,      3.4953,      0.1779,      0.1444,      7.7626,      0.2009,      5.5815,     11.1629,      1.7754,     28.5445,     57.0891,      0.0192,      0.0004,      0.2364,      0.2046,   7763.8750,-423955.8438,   -925.8567,    550.6797,  25879.5801,
       1,     168,     280,      11,       1,       3,       1,     10.0000,      1.4001,     42.5979,    248.5119,     62.5412,      3.4953,      0.1872,      0.1532,      8.9076,      0.2157,      5.5815,     11.1629,      1.9058,     28.5445,     57.0891,      0.0192,      0.0004,      0.2500,      0.2046,   7763.8745,-428485.7812,   -926.5418,    550.3680,  25879.5820,
       1,     168,     280,      12,       1,       3,       1,     10.0000,      1.4001,     42.5979,    248.5119,     62.5412,      3.4953,      0.1872,      0.1530,      9.2981,      0.2239,      5.5815,     11.1629,      1.9783,     28.5445,     57.0891,      0.0192,      0.0005,      0.2500,      0.2046,   7763.8750,-430294.6562,   -926.5977,    550.2437,  25879.5840,
       1,     168,     280,      13,       1,       3,       1,     10.0000,      1.4001,     42.5979,    248.5119,     62.5412,      3.4953,      0.1871,      0.1520,     10.9432,      0.2579,      5.5815,     11.1629,      2.2789,     28.5445,     57.0891,      0.0192,      0.0005,      0.2500,      0.2046,   7763.8755,-430933.9375,   -926.4709,    550.1997,  25879.5840,
       1,     168,     280,      14,       1,       3,       1,     10.0000,      1.4001,     42.5979,    248.5119,     62.5412,      3.4953,      0.1885,      0.1535,     27.6659,      0.2510,      5.5815,     11.1629,      2.2177,     28.5445,     57.0891,      0.0192,      0.0014,      0.2500,      0.2046,   7763.8755,-433031.4688,   -926.4368,    550.0555,  25879.5820,
       1,     168,     280,      15,       1,       3,       1,     10.0000,      1.4001,     42.5979,    248.5119,     62.5412,      3.4953,      0.1110,      0.0778,     37.3643,      0.1878,      5.5815,     11.1629,      1.6598,     28.5445,     57.0891,      0.0192,      0.0034,      0.1352,      0.2046,   7763.8750,-453977.6562,   -930.3966,    548.6154,  25879.5820,
       1,     168,     280,      16,       1,       3,       1,     10.0000,      1.4001,     42.5979,    248.5119,     62.5412,      3.4953,      0.1418,      0.1095,     55.9561,      0.1603,      5.5815,     11.1629,      1.4165,     28.5445,     57.0891,      0.0192,      0.0039,      0.1782,      0.2046,   7763.8750,-467819.3125,   -933.1913,    547.6680,  25879.5840,
       1,     168,     280,      17,       1,       3,       1,     10.0000,      1.4001,     42.5979,    248.5119,     62.5412,      3.4953,      0.1869,      0.1537,    108.6384,      0.1905,      5.5815,     11.1629,      1.6830,     28.5445,     57.0891,      0.0192,      0.0056,      0.2379,      0.2046,   7763.8755,-492099.9688,   -938.0912,    546.0065,  25879.5840,
       1,     168,     280,      18,       1,       3,       1,     10.0000,      1.4001,     42.5979,    248.5119,     62.5412,      3.4953,      0.1718,      0.1376,    134.0643,      0.2259,      5.5815,     11.1629,      1.9958,     28.5445,     57.0891,      0.0192,      0.0077,      0.2132,      0.2045,   7763.8755,-559657.1250,   -951.5660,    541.3983,  25879.5820,
       1,     168,     280,      19,       1,       3,       1,     10.0000,      1.4001,     42.5979,    248.5119,     62.5412,      3.4953,      0.0559,      0.0224,     31.4410,      0.1976,      5.5815,     11.1629,      1.7458,     28.5445,     57.0891,      0.0192,      0.0070,      0.0553,      0.2044,   7763.8750,-597106.8125,   -959.3434,    538.8832,  25879.5820,
       1,     168,     280,      20,       1,       3,       1,     10.0000,      1.4001,     42.5979,    248.5119,     62.5412,      3.4953,      0.0026,     -0.0301,      3.7307,      0.1718,      5.5815,     11.1629,      1.5177,     28.5445,     57.0891,      0.0192,      0.0029,      0.0156,      0.2044,   7763.8750,-472514.6875,   -935.0506,    547.2816,  25879.5840,
       1,     168,     280,      21,       1,       3,       1,     10.0000,      1.4001,     42.5979,    248.5119,     62.5412,      3.4953,      0.0000,     -0.0323,      2.3493,      0.1616,      5.5815,     11.1629,      1.4279,     28.5445,     57.0891,      0.0192,      0.0018,      0.0156,      0.2045,   7763.8755,-427689.2500,   -926.2352,    550.4139,  25879.5801,
       1,     168,     280,      22,       1,       3,       1,     10.0000,      1.4001,     42.5979,    248.5119,     62.5412,      3.4953,      0.0000,     -0.0322,      4.1426,      0.1595,      5.5815,     11.1629,      1.4094,     28.5445,     57.0891,      0.0192,      0.0033,      0.0156,      0.2046,   7763.8745,-422094.0938,   -925.1250,    550.8079,  25879.5801,
       1,     168,     280,      23,       1,       3,       1,     10.0000,      1.4001,     42.5979,    248.5119,     62.5412,      3.4953,      0.0000,     -0.0318,      5.6355,      0.1475,      5.5815,     11.1629,      1.3031,     28.5445,     57.0891,      0.0192,      0.0044,      0.0156,      0.2046,   7763.8745,-423831.6562,   -925.4485,    550.6884,  25879.5820,
       1,     168,     280,      24,       1,       3,       1,     10.0000,      1.4001,     42.5979,    248.5119,     62.5412,      3.4953,      0.0000,     -0.0316,      4.0920,      0.1428,      5.5815,     11.1629,      1.2617,     28.5445,     57.0891,      0.0192,      0.0032,      0.0156,      0.2046,   7763.8750,-425833.5938,   -925.8038,    550.5507,  25879.5781,
       1,     168,     281,       1,       1,       3,       1,     10.0000,      1.4002,     42.5982,    248.5176,     62.5426,      3.4953,      0.0000,     -0.0314,      2.6742,      0.1362,      5.5814,     11.1627,      1.2031,     28.5482,     57.0964,      0.0192,      0.0021,      0.0156,      0.2046,   7763.8735,-424242.5938,   -925.7482,    550.6730,  25880.7324,
       1,     168,     281,       2,       1,       3,       1,     10.0000,      1.4002,     42.5982,    248.5176,     62.5426,      3.4953,      0.0000,     -0.0312,      1.4215,      0.1317,      5.5814,     11.1627,      1.1635,     28.5482,     57.0964,      0.0192,      0.0011,      0.0156,      0.2046,   7764.2202,-422194.5312,   -925.0471,    550.8140,  25880.7324,
       1,     168,     281,       3,       1,       3,       1,     10.0000,      1.4002,     42.5982,    248.5176,     62.5426,      3.4953,      0.0000,     -0.0312,      1.3732,      0.1311,      5.5814,     11.1627,      1.1588,     28.5482,     57.0964,      0.0192,      0.0011,      0.0156,      0.2046,   7764.2202,-420464.2188,   -924.6952,    550.9332,  25880.7324,
       1,     168,     281,       4,       1,       3,       1,     10.0000,      1.4002,     42.5982,    248.5176,     62.5426,      3.4953,      0.0000,     -0.0311,      0.5347,      0.1284,      5.5814,     11.1627,      1.1343,     28.5482,     57.0964,      0.0192,      0.0004,      0.0156,      0.2046,   7764.2202,-420256.2812,   -924.6476,    550.9475,  25880.7324,
       1,     168,     281,       5,       1,       3,       1,     10.0000,      1.4002,     42.5982,    248.5176,     62.5426,      3.4953,      0.0000,     -0.0311,      0.3838,      0.1282,      5.5814,     11.1627,      1.1332,     28.5482,     57.0964,      0.0192,      0.0003,      0.0156,      0.2046,   7764.2202,-419197.5312,   -924.4385,    551.0204,  25880.7324,
       1,     168,     281,       6,       1,       3,       1,     10.0000,      1.4002,     42.5982,    248.5176,     62.5426,      3.4953,      0.0000,     -0.0311,      0.3065,      0.1275,      5.5814,     11.1627,      1.1263,     28.5482,     57.0964,      0.0192,      0.0002,      0.0156,      0.2046,   7764.2202,-418919.8125,   -924.3840,    551.0396,  25880.7324,
       1,     168,     281,       7,       1,       3,       1,     10.0000,      1.4002,     42.5982,    248.5176,     62.5426,      3.4953,      0.0000,     -0.0310,      0.3020,      0.1267,      5.5814,     11.1627,      1.1194,     28.5482,     57.0964,      0.0192,      0.0002,      0.0156,      0.2046,   7764.2202,-418800.0000,   -924.3613,    551.0477,  25880.7324,
       1,     168,     281,       8,       1,       3,       1,     10.0000,      1.4002,     42.5982,    248.5176,     62.5426,      3.4953,      0.0136,     -0.0174,      0.0058,      0.1271,      5.5814,     11.1627,      1.1228,     28.5482,     57.0964,      0.0192,      0.0002,      0.0003,      0.2046,   7764.2202,-418784.2188,   -924.3597,    551.0489,  25880.7324,
       1,     168,     281,       9,       1,       3,       1,     10.0000,      1.4002,     42.5982,    248.5176,     62.5426,      3.4953,      0.1169,      0.0853,      3.2546,      0.1414,      5.5814,     11.1627,      1.2490,     28.5482,     57.0964,      0.0192,      0.0003,      0.1483,      0.2046,   7764.2202,-418415.1562,   -924.2807,    551.0743,  25880.7305,
       1,     168,     281,      10,       1,       3,       1,     10.0000,      1.4002,     42.5982,    248.5176,     62.5426,      3.4953,      0.1668,      0.1339,      6.4552,      0.1820,      5.5814,     11.1627,      1.6079,     28.5482,     57.0964,      0.0192,      0.0004,      0.2203,      0.2046,   7764.2192,-422416.9062,   -925.0233,    550.7986,  25880.7344,
       1,     168,     281,      11,       1,       3,       1,     10.0000,      1.4002,     42.5982,    248.5176,     62.5426,      3.4953,      0.1867,      0.1530,      8.3980,      0.2055,      5.5814,     11.1627,      1.8161,     28.5482,     57.0964,      0.0192,      0.0004,      0.2491,      0.2046,   7764.2207,-426732.4375,   -925.7072,    550.5016,  25880.7344,
       1,     168,     281,      12,       1,       3,       1,     10.0000,      1.4002,     42.5982,    248.5176,     62.5426,      3.4953,      0.1872,      0.1532,      8.9989,      0.2176,      5.5814,     11.1627,      1.9228,     28.5482,     57.0964,      0.0192,      0.0004,      0.2500,      0.2046,   7764.2207,-429513.5000,   -926.0396,    550.3103,  25880.7324,
       1,     168,     281,      13,       1,       3,       1,     10.0000,      1.4002,     42.5982,    248.5176,     62.5426,      3.4953,      0.1871,      0.1523,     10.3588,      0.2459,      5.5814,     11.1627,      2.1729,     28.5482,     57.0964,      0.0192,      0.0005,      0.2500,      0.2046,   7764.2202,-430497.3750,   -926.0713,    550.2426,  25880.7305,
       1,     168,     281,      14,       1,       3,       1,     10.0000,      1.4002,     42.5982,    248.5176,     62.5426,      3.4953,      0.1606,      0.1274,     13.0082,      0.1916,      5.5814,     11.1627,      1.6931,     28.5482,     57.0964,      0.0192,      0.0008,      0.2105,      0.2046,   7764.2192,-432270.2500,   -926.1123,    550.1207,  25880.7324,
       1,     168,     281,      15,       1,       3,       1,     10.0000,      1.4002,     42.5982,    248.5176,     62.5426,      3.4953,      0.0630,      0.0313,     12.3830,      0.1442,      5.5814,     11.1627,      1.2745,     28.5482,     57.0964,      0.0192,      0.0022,      0.0694,      0.2046,   7764.2202,-435711.3438,   -927.8900,    549.8841,  25880.7324,
       1,     168,     281,      16,       1,       3,       1,     10.0000,      1.4002,     42.5982,    248.5176,     62.5426,      3.4953,      0.0743,      0.0428,     22.6652,      0.1382,      5.5814,     11.1627,      1.2215,     28.5482,     57.0964,      0.0192,      0.0033,      0.0846,      0.2046,   7764.2202,-435229.0000,   -931.9335,    549.9174,  25880.7324,
       1,     168,     281,      17,       1,       3,       1,     10.0000,      1.4002,     42.5982,    248.5176,     62.5426,      3.4953,      0.0724,      0.0406,     29.1021,      0.1461,      5.5814,     11.1627,      1.2913,     28.5482,     57.0964,      0.0192,      0.0044,      0.0809,      0.2046,   7764.2202,-447955.3438,   -934.1540,    549.0425,  25880.7305,
       1,     168,     281,      18,       1,       3,       1,     10.0000,      1.4002,     42.5982,    248.5176,     62.5426,      3.4953,      0.0913,      0.0594,     50.0700,      0.1496,      5.5814,     11.1627,      1.3216,     28.5482,     57.0964,      0.0192,      0.0058,      0.1059,      0.2046,   7764.2192,-457038.7812,   -932.0373,    548.4199,  25880.7324,
       1,     168,     281,      19,       1,       3,       1,     10.0000,      1.4002,     42.5982,    248.5176,     62.5426,      3.4953,      0.0336,      0.0018,      6.3741,      0.1487,      5.5814,     11.1627,      1.3137,     28.5482,     57.0964,      0.0192,      0.0029,      0.0274,      0.2046,   7764.2202,-483858.5312,   -936.0667,    546.5816,  25880.7324,
       1,     168,     281,      20,       1,       3,       1,     10.0000,      1.4002,     42.5982,    248.5176,     62.5426,      3.4953,      0.0008,     -0.0308,      1.0190,      0.1402,      5.5814,     11.1627,      1.2390,     28.5482,     57.0964,      0.0192,      0.0008,      0.0156,      0.2046,   7764.2202,-431856.9375,   -926.6923,    550.1376,  25880.7324,
       1,     168,     281,      21,       1,       3,       1,     10.0000,      1.4002,     42.5982,    248.5176,     62.5426,      3.4953,      0.0000,     -0.0310,      0.3594,      0.1266,      5.5814,     11.1627,      1.1183,     28.5482,     57.0964,      0.0192,      0.0003,      0.0156,      0.2046,   7764.2202,-420803.6875,   -920.1077,    550.9092,  25880.7305,
       1,     168,     281,      22,       1,       3,       1,     10.0000,      1.4002,     42.5982,    248.5176,     62.5426,      3.4953,      0.0000,     -0.0309,      0.4048,      0.1235,      5.5814,     11.1627,      1.0912,     28.5482,     57.0964,      0.0192,      0.0003,      0.0156,      0.2046,   7764.2192,-419027.5625,   -919.7849,    551.0321,  25880.7324,
       1,     168,     281,      23,       1,       3,       1,     10.0000,      1.4002,     42.5982,    248.5176,     62.5426,      3.4953,      0.0000,     -0.0309,      0.5424,      0.1241,      5.5814,     11.1627,      1.0968,     28.5482,     57.0964,      0.0192,      0.0004,      0.0156,      0.2046,   7764.2202,-418931.2500,   -919.7724,    551.0388,  25880.7324,
       1,     168,     281,      24,       1,       3,       1,     10.0000,      1.4002,     42.5982,    248.5176,     62.5426,      3.4953,      0.0000,     -0.0309,      0.3886,      0.1244,      5.5814,     11.1627,      1.0991,     28.5482,     57.0964,      0.0192,      0.0003,      0.0156,      0.2046,   7764.2202,-419093.9062,   -919.8181,    551.0276,  25880.7305,
       1,     168,     282,       1,       1,       3,       1,     10.0000,      1.4002,     42.5985,    248.5235,     62.5441,      3.4953,      0.0000,     -0.0310,      0.2978,      0.1251,      5.5817,     11.1633,      1.1058,     28.5424,     57.0848,      0.0192,      0.0002,      0.0156,      0.2046,   7764.2192,-419071.5312,   -920.0881,    551.0418,  25881.8867,
       1,     168,     282,       2,       1,       3,       1,     10.0000,      1.4002,     42.5985,    248.5235,     62.5441,      3.4953,      0.0000,     -0.0310,      0.3087,      0.1248,      5.5817,     11.1633,      1.1025,     28.5424,     57.0848,      0.0192,      0.0002,      0.0156,      0.2046,   7764.5664,-418805.0625,   -919.7757,    551.0602,  25881.8848,
       1,     168,     282,       3,       1,       3,       1,     10.0000,      1.4002,     42.5985,    248.5235,     62.5441,      3.4953,      0.0000,     -0.0310,      0.2971,      0.1249,      5.5817,     11.1633,      1.1036,     28.5424,     57.0848,      0.0192,      0.0002,      0.0156,      0.2046,   7764.5659,-418795.8750,   -919.7764,    551.0609,  25881.8848,
       1,     168,     282,       4,       1,       3,       1,     10.0000,      1.4002,     42.5985,    248.5235,     62.5441,      3.4953,      0.0000,     -0.0310,      0.3002,      0.1260,      5.5817,     11.1633,      1.1137,     28.5424,     57.0848,      0.0192,      0.0002,      0.0156,      0.2046,   7764.5659,-418780.6875,   -919.7743,    551.0620,  25881.8848,
       1,     168,     282,       5,       1,       3,       1,     10.0000,      1.4002,     42.5985,    248.5235,     62.5441,      3.4953,      0.0000,     -0.0310,      0.2988,      0.1255,      5.5817,     11.1633,      1.1092,     28.5424,     57.0848,      0.0192,      0.0002,      0.0156,      0.2046,   7764.5659,-418783.2812,   -919.7754,    551.0617,  25881.8848,
       1,     168,     282,       6,       1,       3,       1,     10.0000,      1.4002,     42.5985,    248.5235,     62.5441,      3.4953,      0.0000,     -0.0310,      0.3002,      0.1260,      5.5817,     11.1633,      1.1137,     28.5424,     57.0848,      0.0192,      0.0002,      0.0156,      0.2046,   7764.5659,-418781.9062,   -919.7758,    551.0619,  25881.8848,
       1,     168,     282,       7,       1,       3,       1,     10.0000,      1.4002,     42.5985,    248.5235,     62.5441,      3.4953,      0.0000,     -0.0311,      0.3034,      0.1272,      5.5817,     11.1633,      1.1240,     28.5424,     57.0848,      0.0192,      0.0002,      0.0156,      0.2046,   7764.5659,-418783.3438,   -919.7767,    551.0617,  25881.8848,
       1,     168,     282,       8,       1,       3,       1,     10.0000,      1.4002,     42.5985,    248.5235,     62.5441,      3.4953,      0.0207,     -0.0104,      0.2256,      0.1282,      5.5817,     11.1633,      1.1332,     28.5424,     57.0848,      0.0192,      0.0003,      0.0103,      0.2046,   7764.5659,-418787.5312,   -919.7783,    551.0615,  25881.8828,
       1,     168,     282,       9,       1,       3,       1,     10.0000,      1.4002,     42.5985,    248.5235,     62.5441,      3.4953,      0.1136,      0.0821,      3.2833,      0.1366,      5.5817,     11.1633,      1.2068,     28.5424,     57.0848,      0.0192,      0.0003,      0.1436,      0.2046,   7764.5649,-418691.4062,   -919.8129,    551.0681,  25881.8848,
       1,     168,     282,      10,       1,       3,       1,     10.0000,      1.4002,     42.5985,    248.5235,     62.5441,      3.4953,      0.1452,      0.1131,      5.2965,      0.1542,      5.5817,     11.1633,      1.3622,     28.5424,     57.0848,      0.0192,      0.0003,      0.1889,      0.2046,   7764.5659,-422478.5938,   -920.8182,    550.8072,  25881.8848,
       1,     168,     282,      11,       1,       3,       1,     10.0000,      1.4002,     42.5985,    248.5235,     62.5441,      3.4953,      0.1874,      0.1546,      7.3124,      0.1756,      5.5817,     11.1633,      1.5514,     28.5424,     57.0848,      0.0192,      0.0004,      0.2500,      0.2046,   7764.5659,-425301.5625,   -921.9486,    550.6129,  25881.8867,
       1,     168,     282,      12,       1,       3,       1,     10.0000,      1.4002,     42.5985,    248.5235,     62.5441,      3.4953,      0.1813,      0.1482,      7.2463,      0.1849,      5.5817,     11.1633,      1.6337,     28.5424,     57.0848,      0.0192,      0.0004,      0.2412,      0.2046,   7764.5664,-428045.2812,   -923.6677,    550.4241,  25881.8867,
       1,     168,     282,      13,       1,       3,       1,     10.0000,      1.4002,     42.5985,    248.5235,     62.5441,      3.4953,      0.1214,      0.0897,      3.5407,      0.1466,      5.5817,     11.1633,      1.2953,     28.5424,     57.0848,      0.0192,      0.0003,      0.1548,      0.2046,   7764.5664,-428197.7188,   -922.2427,    550.4136,  25881.8848,
       1,     168,     282,      14,       1,       3,       1,     10.0000,      1.4002,     42.5985,    248.5235,     62.5441,      3.4953,      0.1270,      0.0954,      4.8840,      0.1406,      5.5817,     11.1633,      1.2428,     28.5424,     57.0848,      0.0192,      0.0004,      0.1627,      0.2046,   7764.5659,-423610.5625,   -911.3931,    550.7292,  25881.8867,
       1,     168,     282,      15,       1,       3,       1,     10.0000,      1.4002,     42.5985,    248.5235,     62.5441,      3.4953,      0.0993,      0.0678,      9.7441,      0.1394,      5.5817,     11.1633,      1.2315,     28.5424,     57.0848,      0.0192,      0.0010,      0.1222,      0.2046,   7764.5664,-424886.0625,   -911.6658,    550.6415,  25881.8887,
       1,     168,     282,      16,       1,       3,       1,     10.0000,      1.4002,     42.5985,    248.5235,     62.5441,      3.4953,      0.0863,      0.0547,     16.9216,      0.1416,      5.5817,     11.1633,      1.2516,     28.5424,     57.0848,      0.0192,      0.0020,      0.1026,      0.2046,   7764.5669,-431027.9375,   -912.7775,    550.2187,  25881.8867,
       1,     168,     282,      17,       1,       3,       1,     10.0000,      1.4002,     42.5985,    248.5235,     62.5441,      3.4953,      0.0997,      0.0679,     23.4638,      0.1450,      5.5817,     11.1633,      1.2810,     28.5424,     57.0848,      0.0192,      0.0024,      0.1210,      0.2046,   7764.5664,-440464.6562,   -915.1104,    549.5699,  25881.8867,
       1,     168,     282,      18,       1,       3,       1,     10.0000,      1.4002,     42.5985,    248.5235,     62.5441,      3.4953,      0.0816,      0.0496,      5.8307,      0.1503,      5.5817,     11.1633,      1.3283,     28.5424,     57.0848,      0.0192,      0.0007,      0.0968,      0.2046,   7764.5664,-449394.7188,   -917.4948,    548.9569,  25881.8848,
       1,     168,     282,      19,       1,       3,       1,     10.0000,      1.4002,     42.5985,    248.5235,     62.5441,      3.4953,      0.0475,      0.0156,      1.1334,      0.1506,      5.5817,     11.1633,      1.3310,     28.5424,     57.0848,      0.0192,      0.0003,      0.0480,      0.2046,   7764.5659,-428260.3125,   -914.1358,    550.4074,  25881.8867,
       1,     168,     282,      20,       1,       3,       1,     10.0000,      1.4002,     42.5985,    248.5235,     62.5441,      3.4953,      0.0037,     -0.0279,      0.3427,      0.1415,      5.5817,     11.1633,      1.2503,     28.5424,     57.0848,      0.0192,      0.0003,      0.0156,      0.2046,   7764.5664,-420629.5312,   -913.0325,    550.9343,  25881.8867,
       1,     168,     282,      21,       1,       3,       1,     10.0000,      1.4002,     42.5985,    248.5235,     62.5441,      3.4953,      0.0000,     -0.0314,      0.3317,      0.1375,      5.5817,     11.1633,      1.2154,     28.5424,     57.0848,      0.0192,      0.0003,      0.0156,      0.2046,   7764.5664,-418994.1562,   -912.7599,    551.0472,  25881.8887,
       1,     168,     282,      22,       1,       3,       1,     10.0000,      1.4002,     42.5985,    248.5235,     62.5441,      3.4953,      0.0000,     -0.0314,      0.3561,      0.1355,      5.5817,     11.1633,      1.1971,     28.5424,     57.0848,      0.0192,      0.0003,      0.0156,      0.2046,   7764.5669,-418840.1875,   -912.7332,    551.0579,  25881.8887,
       1,     168,     282,      23,       1,       3,       1,     10.0000,      1.4002,     42.5985,    248.5235,     62.5441,      3.4953,      0.0000,     -0.0313,      0.4725,      0.1329,      5.5817,     11.1633,      1.1742,     28.5424,     57.0848,      0.0192,      0.0004,      0.0156,      0.2046,   7764.5669,-418857.1875,   -912.7405,    551.0567,  25881.8848,
       1,     168,     282,      24,       1,       3,       1,     10.0000,      1.4002,     42.5985,    248.5235,     62.5441,      3.4953,      0.0000,     -0.0313,      0.4463,      0.1325,      5.5817,     11.1633,      1.1706,     28.5424,     57.0848,      0.0192,      0.0004,      0.0156,      0.2046,   7764.5659,-419003.5312,   -912.7842,    551.0465,  25881.8867,
       1,     168,     283,       1,       1,       3,       1,     10.0000,      1.4002,     42.5989,    248.5293,     62.5456,      3.4953,      0.0000,     -0.0313,      0.3451,      0.1342,      5.5828,     11.1656,      1.1862,     28.5358,     57.0717,      0.0192,      0.0003,      0.0156,      0.2047,   7764.5664,-419138.1250,   -913.0829,    551.0504,  25883.0371,
       1,     168,     283,       2,       1,       3,       1,     10.0000,      1.4002,     42.5989,    248.5293,     62.5456,      3.4953,      0.0000,     -0.0313,      0.3200,      0.1333,      5.5828,     11.1656,      1.1778,     28.5358,     57.0717,      0.0192,      0.0003,      0.0156,      0.2047,   7764.9116,-418872.0625,   -912.7850,    551.0686,  25883.0371,
       1,     168,     283,       3,       1,       3,       1,     10.0000,      1.4002,     42.5989,    248.5293,     62.5456,      3.4953,      0.0000,     -0.0311,      0.3139,      0.1293,      5.5828,     11.1656,      1.1425,     28.5358,     57.0717,      0.0192,      0.0002,      0.0156,      0.2047,   7764.9116,-418818.3438,   -912.7767,    551.0724,  25883.0371,
       1,     168,     283,       4,       1,       3,       1,     10.0000,      1.4002,     42.5989,    248.5293,     62.5456,      3.4953,      0.0000,     -0.0311,      0.3102,      0.1297,      5.5828,     11.1656,      1.1460,     28.5358,     57.0717,      0.0192,      0.0002,      0.0156,      0.2047,   7764.9116,-418806.0938,   -912.7767,    551.0732,  25883.0371,
       1,     168,     283,       5,       1,       3,       1,     10.0000,      1.4002,     42.5989,    248.5293,     62.5456,      3.4953,      0.0000,     -0.0311,      0.3059,      0.1281,      5.5828,     11.1656,      1.1321,     28.5358,     57.0717,      0.0192,      0.0002,      0.0156,      0.2047,   7764.9116,-418800.4062,   -912.7770,    551.0735,  25883.0371,
       1,     168,     283,       6,       1,       3,       1,     10.0000,      1.4002,     42.5989,    248.5293,     62.5456,      3.4953,      0.0000,     -0.0311,      0.3037,      0.1273,      5.5828,     11.1656,      1.1252,     28.5358,     57.0717,      0.0192,      0.0002,      0.0156,      0.2047,   7764.9116,-418794.5625,   -912.7776,    551.0740,  25883.0371,
       1,     168,     283,       7,       1,       3,       1,     10.0000,      1.4002,     42.5989,    248.5293,     62.5456,      3.4953,      0.0000,     -0.0310,      0.2999,      0.1259,      5.5828,     11.1656,      1.1126,     28.5358,     57.0717,      0.0192,      0.0002,      0.0156,      0.2047,   7764.9116,-418791.4688,   -912.7784,    551.0742,  25883.0371,
       1,     168,     283,       8,       1,       3,       1,     10.0000,      1.4002,     42.5989,    248.5293,     62.5456,      3.4953,      0.0134,     -0.0175,      0.0015,      0.1239,      5.5828,     11.1656,      1.0946,     28.5358,     57.0717,      0.0192,      0.0002,      0.0001,      0.2047,   7764.9116,-418786.3438,   -912.7791,    551.0746,  25883.0391,
       1,     168,     283,       9,       1,       3,       1,     10.0000,      1.4002,     42.5989,    248.5293,     62.5456,      3.4953,      0.0783,      0.0471,      1.8634,      0.1305,      5.5828,     11.1656,      1.1530,     28.5358,     57.0717,      0.0192,      0.0002,      0.0931,      0.2047,   7764.9121,-418415.3438,   -912.7527,    551.1001,  25883.0371,
       1,     168,     283,      10,       1,       3,       1,     10.0000,      1.4002,     42.5989,    248.5293,     62.5456,      3.4953,      0.1673,      0.1353,      5.3058,      0.1529,      5.5828,     11.1656,      1.3513,     28.5358,     57.0717,      0.0192,      0.0003,      0.2210,      0.2047,   7764.9116,-420694.7500,   -913.5372,    550.9431,  25883.0371,
       1,     168,     283,      11,       1,       3,       1,     10.0000,      1.4002,     42.5989,    248.5293,     62.5456,      3.4953,      0.1873,      0.1543,      7.4199,      0.1840,      5.5828,     11.1656,      1.6257,     28.5358,     57.0717,      0.0192,      0.0004,      0.2500,      0.2047,   7764.9116,-425162.3438,   -915.3831,    550.6355,  25883.0371,
       1,     168,     283,      12,       1,       3,       1,     10.0000,      1.4002,     42.5989,    248.5293,     62.5456,      3.4953,      0.1873,      0.1540,      7.7836,      0.1918,      5.5828,     11.1656,      1.6948,     28.5358,     57.0717,      0.0192,      0.0004,      0.2500,      0.2047,   7764.9116,-428168.4688,   -917.5303,    550.4286,  25883.0352,
       1,     168,     283,      13,       1,       3,       1,     10.0000,      1.4002,     42.5989,    248.5293,     62.5456,      3.4953,      0.1872,      0.1533,      8.8380,      0.2142,      5.5828,     11.1656,      1.8929,     28.5358,     57.0717,      0.0192,      0.0004,      0.2500,      0.2047,   7764.9106,-428877.2188,   -918.8508,    550.3799,  25883.0391,
       1,     168,     283,      14,       1,       3,       1,     10.0000,      1.4002,     42.5989,    248.5293,     62.5456,      3.4953,      0.1845,      0.1504,      9.0391,      0.2215,      5.5828,     11.1656,      1.9572,     28.5358,     57.0717,      0.0192,      0.0005,      0.2461,      0.2047,   7764.9121,-430245.9375,   -920.4761,    550.2858,  25883.0352,
       1,     168,     283,      15,       1,       3,       1,     10.0000,      1.4002,     42.5989,    248.5293,     62.5456,      3.4953,      0.1883,      0.1536,     24.8716,      0.2431,      5.5828,     11.1656,      2.1477,     28.5358,     57.0717,      0.0192,      0.0012,      0.2500,      0.2047,   7764.9106,-430613.0938,   -921.6069,    550.2605,  25883.0391,
       1,     168,     283,      16,       1,       3,       1,     10.0000,      1.4002,     42.5989,    248.5293,     62.5456,      3.4953,      0.1915,      0.1568,     65.0422,      0.2400,      5.5828,     11.1656,      2.1206,     28.5358,     57.0717,      0.0192,      0.0032,      0.2500,      0.2047,   7764.9121,-450297.6250,   -926.3041,    548.9066,  25883.0371,
       1,     168,     283,      17,       1,       3,       1,     10.0000,      1.4002,     42.5989,    248.5293,     62.5456,      3.4953,      0.1624,      0.1285,     56.9388,      0.2115,      5.5828,     11.1656,      1.8688,     28.5358,     57.0717,      0.0192,      0.0034,      0.2081,      0.2046,   7764.9116,-501863.5312,   -936.8707,    545.3701,  25883.0371,
       1,     168,     283,      18,       1,       3,       1,     10.0000,      1.4002,     42.5989,    248.5293,     62.5456,      3.4953,      0.0075,     -0.0243,      4.2952,      0.1469,      5.5828,     11.1656,      1.2979,     28.5358,     57.0717,      0.0192,      0.0034,      0.0156,      0.2046,   7764.9116,-496222.4062,   -925.2252,    545.7661,  25882.9219,
       1,     168,     283,      19,       1,       3,       1,     10.0000,      1.4002,     42.5989,    248.5293,     62.5456,      3.4953,      0.0059,     -0.0257,      5.1816,      0.1405,      5.5828,     11.1656,      1.2415,     28.5358,     57.0717,      0.0192,      0.0041,      0.0156,      0.2046,   7764.8770,-430328.5312,   -912.7348,    550.2615,  25883.0371,
       1,     168,     283,      20,       1,       3,       1,     10.0000,      1.4002,     42.5989,    248.5293,     62.5456,      3.4953,      0.0003,     -0.0311,      7.0661,      0.1377,      5.5828,     11.1656,      1.2167,     28.5358,     57.0717,      0.0192,      0.0056,      0.0156,      0.2047,   7764.9116,-425854.3125,   -911.7761,    550.5878,  25883.0371,
       1,     168,     283,      21,       1,       3,       1,     10.0000,      1.4002,     42.5989,    248.5293,     62.5456,      3.4953,      0.0000,     -0.0315,      7.2172,      0.1397,      5.5828,     11.1656,      1.2340,     28.5358,     57.0717,      0.0192,      0.0057,      0.0156,      0.2047,   7764.9116,-427788.6250,   -912.1946,    550.4548,  25883.0391,
       1,     168,     283,      22,       1,       3,       1,     10.0000,      1.4002,     42.5989,    248.5293,     62.5456,      3.4953,      0.0000,     -0.0315,      4.8481,      0.1382,      5.5828,     11.1656,      1.2216,     28.5358,     57.0717,      0.0192,      0.0038,      0.0156,      0.2047,   7764.9121,-428141.1562,   -913.2133,    550.4305,  25883.0371,
       1,     168,     283,      23,       1,       3,       1,     10.0000,      1.4002,     42.5989,    248.5293,     62.5456,      3.4953,      0.0000,     -0.0315,      0.3625,      0.1377,      5.5828,     11.1656,      1.2167,     28.5358,     57.0717,      0.0192,      0.0003,      0.0156,      0.2047,   7764.9116,-425230.6562,   -913.1093,    550.6308,  25883.0371,
       1,     168,     283,      24,       1,       3,       1,     10.0000,      1.4002,     42.5989,    248.5293,     62.5456,      3.4953,      0.0000,     -0.0315,      0.3344,      0.1385,      5.5828,     11.1656,      1.2241,     28.5358,     57.0717,      0.0192,      0.0003,      0.0156,      0.2047,   7764.9116,-419414.2500,   -912.0739,    551.0311,  25883.0371,
       1,     168,     284,       1,       1,       3,       1,     10.0000,      1.4002,     42.5992,    248.5351,     62.5471,      3.4953,      0.0000,     -0.0313,      0.3234,      0.1345,      5.5820,     11.1639,      1.1887,     28.5349,     57.0698,      0.0192,      0.0003,      0.0156,      0.2047,   7764.9116,-419037.5000,   -910.3766,    551.0702,  25884.1875,
       1,     168,     284,       2,       1,       3,       1,     10.0000,      1.4002,     42.5992,    248.5351,     62.5471,      3.4953,      0.0000,     -0.0313,      0.3189,      0.1329,      5.5820,     11.1639,      1.1743,     28.5349,     57.0698,      0.0192,      0.0003,      0.0156,      0.2047,   7765.2563,-418839.7188,   -910.0920,    551.0838,  25884.1875,
       1,     168,     284,       3,       1,       3,       1,     10.0000,      1.4002,     42.5992,    248.5351,     62.5471,      3.4953,      0.0000,     -0.0312,      0.3127,      0.1306,      5.5820,     11.1639,      1.1542,     28.5349,     57.0698,      0.0192,      0.0002,      0.0156,      0.2047,   7765.2563,-418817.3125,   -910.0896,    551.0854,  25884.1895,
       1,     168,     284,       4,       1,       3,       1,     10.0000,      1.4002,     42.5992,    248.5351,     62.5471,      3.4953,      0.0000,     -0.0311,      0.3045,      0.1276,      5.5820,     11.1639,      1.1275,     28.5349,     57.0698,      0.0192,      0.0002,      0.0156,      0.2047,   7765.2573,-418807.3750,   -910.0892,    551.0861,  25884.1875,
       1,     168,     284,       5,       1,       3,       1,     10.0000,      1.4002,     42.5992,    248.5351,     62.5471,      3.4953,      0.0000,     -0.0310,      0.3030,      0.1271,      5.5820,     11.1639,      1.1229,     28.5349,     57.0698,      0.0192,      0.0002,      0.0156,      0.2047,   7765.2563,-418796.4688,   -910.0759,    551.0869,  25884.1895,
       1,     168,     284,       6,       1,       3,       1,     10.0000,      1.4002,     42.5992,    248.5351,     62.5471,      3.4953,      0.0000,     -0.0310,      0.3034,      0.1272,      5.5820,     11.1639,      1.1241,     28.5349,     57.0698,      0.0192,      0.0002,      0.0156,      0.2047,   7765.2573,-418793.6875,   -910.0765,    551.0870,  25884.1875,
       1,     168,     284,       7,       1,       3,       1,     10.0000,      1.4002,     42.5992,    248.5351,     62.5471,      3.4953,      0.0000,     -0.0310,      0.3016,      0.1266,      5.5820,     11.1639,      1.1183,     28.5349,     57.0698,      0.0192,      0.0002,      0.0156,      0.2047,   7765.2563,-418794.0000,   -910.0787,    551.0870,  25884.1895,
       1,     168,     284,       8,       1,       3,       1,     10.0000,      1.4002,     42.5992,    248.5351,     62.5471,      3.4953,      0.0129,     -0.0181,      0.2978,      0.1252,      5.5820,     11.1639,      1.1059,     28.5349,     57.0698,      0.0192,      0.0002,      0.0156,      0.2047,   7765.2573,-418791.7812,   -910.0795,    551.0872,  25884.1914,
       1,     168,     284,       9,       1,       3,       1,     10.0000,      1.4002,     42.5992,    248.5351,     62.5471,      3.4953,      0.0711,      0.0400,      1.6526,      0.1302,      5.5820,     11.1639,      1.1507,     28.5349,     57.0698,      0.0192,      0.0002,      0.0827,      0.2047,   7765.2578,-418786.5625,   -910.1266,    551.0875,  25884.1895,
       1,     168,     284,      10,       1,       3,       1,     10.0000,      1.4002,     42.5992,    248.5351,     62.5471,      3.4953,      0.1837,      0.1517,      5.9358,      0.1543,      5.5820,     11.1639,      1.3636,     28.5349,     57.0698,      0.0192,      0.0003,      0.2447,      0.2047,   7765.2573,-420467.5938,   -910.6885,    550.9717,  25884.1914,
       1,     168,     284,      11,       1,       3,       1,     10.0000,      1.4002,     42.5992,    248.5351,     62.5471,      3.4953,      0.1874,      0.1546,      7.0404,      0.1758,      5.5820,     11.1639,      1.5530,     28.5349,     57.0698,      0.0192,      0.0003,      0.2500,      0.2047,   7765.2578,-425926.5938,   -912.8049,    550.5957,  25884.1895,
       1,     168,     284,      12,       1,       3,       1,     10.0000,      1.4002,     42.5992,    248.5351,     62.5471,      3.4953,      0.1873,      0.1543,      7.4032,      0.1836,      5.5820,     11.1639,      1.6225,     28.5349,     57.0698,      0.0192,      0.0004,      0.2500,      0.2047,   7765.2573,-427764.7812,   -914.3735,    550.4694,  25884.1914,
       1,     168,     284,      13,       1,       3,       1,     10.0000,      1.4002,     42.5992,    248.5351,     62.5471,      3.4953,      0.1872,      0.1533,      8.8482,      0.2144,      5.5820,     11.1639,      1.8948,     28.5349,     57.0698,      0.0192,      0.0004,      0.2500,      0.2047,   7765.2578,-428371.6562,   -915.7759,    550.4276,  25884.1895,
       1,     168,     284,      14,       1,       3,       1,     10.0000,      1.4002,     42.5992,    248.5351,     62.5471,      3.4953,      0.1872,      0.1529,      9.4150,      0.2263,      5.5820,     11.1639,      1.9999,     28.5349,     57.0698,      0.0192,      0.0005,      0.2500,      0.2047,   7765.2573,-430217.2812,   -918.5562,    550.3007,  25884.1895,
       1,     168,     284,      15,       1,       3,       1,     10.0000,      1.4002,     42.5992,    248.5351,     62.5471,      3.4953,      0.1882,      0.1538,     22.2340,      0.2306,      5.5820,     11.1639,      2.0374,     28.5349,     57.0698,      0.0192,      0.0011,      0.2500,      0.2047,   7765.2573,-431078.5312,   -920.2764,    550.2415,  25884.1895,
       1,     168,     284,      16,       1,       3,       1,     10.0000,      1.4002,     42.5992,    248.5351,     62.5471,      3.4953,      0.1656,      0.1311,     43.0983,      0.2349,      5.5820,     11.1639,      2.0756,     28.5349,     57.0698,      0.0192,      0.0025,      0.2144,      0.2047,   7765.2573,-447063.0000,   -924.3126,    549.1420,  25884.1895,
       1,     168,     284,      17,       1,       3,       1,     10.0000,      1.4002,     42.5992,    248.5351,     62.5471,      3.4953,      0.0473,      0.0139,      9.6543,      0.1951,      5.5820,     11.1639,      1.7236,     28.5349,     57.0698,      0.0192,      0.0026,      0.0454,      0.2047,   7765.2573,-474334.0938,   -930.1919,    547.2712,  25884.1895,
       1,     168,     284,      18,       1,       3,       1,     10.0000,      1.4002,     42.5992,    248.5351,     62.5471,      3.4953,      0.0066,     -0.0247,      4.0278,      0.1349,      5.5820,     11.1639,      1.1923,     28.5349,     57.0698,      0.0192,      0.0032,      0.0156,      0.2047,   7765.2573,-435130.7500,   -913.5057,    549.9562,  25884.1895,
       1,     168,     284,      19,       1,       3,       1,     10.0000,      1.4002,     42.5992,    248.5351,     62.5471,      3.4953,      0.0134,     -0.0177,      4.9869,      0.1296,      5.5820,     11.1639,      1.1448,     28.5349,     57.0698,      0.0192,      0.0039,      0.0156,      0.2047,   7765.2573,-424819.1562,   -911.6846,    550.6716,  25884.1875,
       1,     168,     284,      20,       1,       3,       1,     10.0000,      1.4002,     42.5992,    248.5351,     62.5471,      3.4953,      0.0006,     -0.0304,      5.1569,      0.1264,      5.5820,     11.1639,      1.1172,     28.5349,     57.0698,      0.0192,      0.0041,      0.0156,      0.2047,   7765.2563,-425122.0625,   -911.9224,    550.6513,  25884.1895,
       1,     168,     284,      21,       1,       3,       1,     10.0000,      1.4002,     42.5992,    248.5351,     62.5471,      3.4953,      0.0000,     -0.0310,      5.2944,      0.1268,      5.5820,     11.1639,      1.1206,     28.5349,     57.0698,      0.0192,      0.0042,      0.0156,      0.2047,   7765.2573,-425358.1250,   -912.3583,    550.6350,  25884.1875,
       1,     168,     284,      22,       1,       3,       1,     10.0000,      1.4002,     42.5992,    248.5351,     62.5471,      3.4953,      0.0000,     -0.0312,      3.5502,      0.1314,      5.5820,     11.1639,      1.1612,     28.5349,     57.0698,      0.0192,      0.0028,      0.0156,      0.2047,   7765.2563,-425549.1562,   -912.8434,    550.6219,  25884.1895,
       1,     168,     284,      23,       1,       3,       1,     10.0000,      1.4002,     42.5992,    248.5351,     62.5471,      3.4953,      0.0000,     -0.0313,      0.3750,      0.1334,      5.5820,     11.1639,      1.1790,     28.5349,     57.0698,      0.0192,      0.0003,      0.0156,      0.2047,   7765.2573,-423400.5625,   -911.1172,    550.7698,  25884.1895,
       1,     168,     284,      24,       1,       3,       1,     10.0000,      1.4002,     42.5992,    248.5351,     62.5471,      3.4953,      0.0000,     -0.0314,      0.3249,      0.1351,      5.5820,     11.1639,      1.1935,     28.5349,     57.0698,      0.0192,      0.0003,      0.0156,      0.2047,   7765.2573,-419276.3750,   -910.3908,    551.0537,  25884.1895,
       1,     168,     285,       1,       1,       3,       1,     10.0000,      1.4002,     42.5995,    248.5409,     62.5485,      3.4953,      0.0000,     -0.0313,      0.3520,      0.1349,      5.5825,     11.1650,      1.1923,     28.5312,     57.0623,      0.0192,      0.0003,      0.0156,      0.2047,   7765.2573,-419016.7812,   -910.6039,    551.0846,  25885.3457,
       1,     168,     285,       2,       1,       3,       1,     10.0000,      1.4002,     42.5995,    248.5409,     62.5485,      3.4953,      0.0000,     -0.0314,      0.3287,      0.1364,      5.5825,     11.1650,      1.2057,     28.5312,     57.0623,      0.0192,      0.0003,      0.0156,      0.2047,   7765.6040,-418876.0000,   -910.3310,    551.0942,  25885.3418,
       1,     168,     285,       3,       1,       3,       1,     10.0000,      1.4002,     42.5995,    248.5409,     62.5485,      3.4953,      0.0000,     -0.0313,      0.3242,      0.1348,      5.5825,     11.1650,      1.1911,     28.5312,     57.0623,      0.0192,      0.0003,      0.0156,      0.2047,   7765.6030,-418835.4688,   -910.3260,    551.0971,  25885.3418,
       1,     168,     285,       4,       1,       3,       1,     10.0000,      1.4002,     42.5995,    248.5409,     62.5485,      3.4953,      0.0000,     -0.0313,      0.3234,      0.1345,      5.5825,     11.1650,      1.1887,     28.5312,     57.0623,      0.0192,      0.0003,      0.0156,      0.2047,   7765.6030,-418826.2500,   -910.3259,    551.0977,  25885.3438,
       1,     168,     285,       5,       1,       3,       1,     10.0000,      1.4002,     42.5995,    248.5409,     62.5485,      3.4953,      0.0000,     -0.0313,      0.3189,      0.1329,      5.5825,     11.1650,      1.1743,     28.5312,     57.0623,      0.0192,      0.0003,      0.0156,      0.2047,   7765.6035,-418824.4062,   -910.3266,    551.0978,  25885.3438,
       1,     168,     285,       6,       1,       3,       1,     10.0000,      1.4002,     42.5995,    248.5409,     62.5485,      3.4953,      0.0000,     -0.0313,      0.3204,      0.1334,      5.5825,     11.1650,      1.1791,     28.5312,     57.0623,      0.0192,      0.0003,      0.0156,      0.2047,   7765.6035,-418818.6875,   -910.3273,    551.0983,  25885.3438,
       1,     168,     285,       7,       1,       3,       1,     10.0000,      1.4002,     42.5995,    248.5409,     62.5485,      3.4953,      0.0000,     -0.0313,      0.3223,      0.1341,      5.5825,     11.1650,      1.1851,     28.5312,     57.0623,      0.0192,      0.0003,      0.0156,      0.2047,   7765.6035,-418820.0000,   -910.3290,    551.0981,  25885.3438,
       1,     168,     285,       8,       1,       3,       1,     10.0000,      1.4002,     42.5995,    248.5409,     62.5485,      3.4953,      0.0098,     -0.0215,      0.3219,      0.1340,      5.5825,     11.1650,      1.1839,     28.5312,     57.0623,      0.0192,      0.0003,      0.0156,      0.2047,   7765.6035,-418822.5000,   -910.3309,    551.0980,  25885.3438,
       1,     168,     285,       9,       1,       3,       1,     10.0000,      1.4002,     42.5995,    248.5409,     62.5485,      3.4953,      0.1227,      0.0910,      3.5410,      0.1451,      5.5825,     11.1650,      1.2824,     28.5312,     57.0623,      0.0192,      0.0003,      0.1566,      0.2047,   7765.6035,-418822.1250,   -910.3826,    551.0980,  25885.3418,
       1,     168,     285,      10,       1,       3,       1,     10.0000,      1.4002,     42.5995,    248.5409,     62.5485,      3.4953,      0.1702,      0.1377,      6.0570,      0.1689,      5.5825,     11.1650,      1.4923,     28.5312,     57.0623,      0.0192,      0.0003,      0.2252,      0.2047,   7765.6030,-422816.7812,   -911.6042,    550.8228,  25885.3457,
       1,     168,     285,      11,       1,       3,       1,     10.0000,      1.4002,     42.5995,    248.5409,     62.5485,      3.4953,      0.1702,      0.1372,      6.6429,      0.1831,      5.5825,     11.1650,      1.6177,     28.5312,     57.0623,      0.0192,      0.0004,      0.2251,      0.2047,   7765.6040,-426280.1562,   -913.3235,    550.5844,  25885.3438,
       1,     168,     285,      12,       1,       3,       1,     10.0000,      1.4002,     42.5995,    248.5409,     62.5485,      3.4953,      0.1794,      0.1456,      8.0947,      0.2068,      5.5825,     11.1650,      1.8271,     28.5312,     57.0623,      0.0192,      0.0004,      0.2385,      0.2047,   7765.6035,-427303.4688,   -914.5608,    550.5141,  25885.3438,
       1,     168,     285,      13,       1,       3,       1,     10.0000,      1.4002,     42.5995,    248.5409,     62.5485,      3.4953,      0.1853,      0.1518,      8.1459,      0.2015,      5.5825,     11.1650,      1.7808,     28.5312,     57.0623,      0.0192,      0.0004,      0.2472,      0.2047,   7765.6035,-429192.3750,   -916.5436,    550.3840,  25885.3438,
       1,     168,     285,      14,       1,       3,       1,     10.0000,      1.4002,     42.5995,    248.5409,     62.5485,      3.4953,      0.1872,      0.1534,      8.7489,      0.2123,      5.5825,     11.1650,      1.8763,     28.5312,     57.0623,      0.0192,      0.0004,      0.2500,      0.2047,   7765.6035,-429417.5000,   -917.7828,    550.3686,  25885.3438,
       1,     168,     285,      15,       1,       3,       1,     10.0000,      1.4002,     42.5995,    248.5409,     62.5485,      3.4953,      0.1868,      0.1530,     38.1974,      0.2086,      5.5825,     11.1650,      1.8434,     28.5312,     57.0623,      0.0192,      0.0019,      0.2459,      0.2047,   7765.6035,-430185.0000,   -919.0821,    550.3158,  25885.3438,
       1,     168,     285,      16,       1,       3,       1,     10.0000,      1.4002,     42.5995,    248.5409,     62.5485,      3.4953,      0.1362,      0.1029,     35.3192,      0.1897,      5.5825,     11.1650,      1.6766,     28.5312,     57.0623,      0.0192,      0.0025,      0.1722,      0.2047,   7765.6035,-466797.4375,   -926.8274,    547.7972,  25885.3438,
       1,     168,     285,      17,       1,       3,       1,     10.0000,      1.4002,     42.5995,    248.5409,     62.5485,      3.4953,      0.0235,     -0.0088,      3.1750,      0.1594,      5.5825,     11.1650,      1.4081,     28.5312,     57.0623,      0.0192,      0.0031,      0.0127,      0.2047,   7765.6035,-466365.3438,   -925.6095,    547.8326,  25885.3438,
       1,     168,     285,      18,       1,       3,       1,     10.0000,      1.4002,     42.5995,    248.5409,     62.5485,      3.4953,      0.0209,     -0.0108,      2.1734,      0.1454,      5.5825,     11.1650,      1.2850,     28.5312,     57.0623,      0.0192,      0.0028,      0.0097,      0.2047,   7765.6035,-426407.5938,   -911.9167,    550.5688,  25885.3438,
       1,     168,     285,      19,       1,       3,       1,     10.0000,      1.4002,     42.5995,    248.5409,     62.5485,      3.4953,      0.0033,     -0.0280,      3.8530,      0.1332,      5.5825,     11.1650,      1.1767,     28.5312,     57.0623,      0.0192,      0.0030,      0.0156,      0.2047,   7765.6035,-421776.2500,   -911.0606,    550.8945,  25885.3457,
       1,     168,     285,      20,       1,       3,       1,     10.0000,      1.4002,     42.5995,    248.5409,     62.5485,      3.4953,      0.0001,     -0.0307,      3.8544,      0.1197,      5.5825,     11.1650,      1.0573,     28.5312,     57.0623,      0.0192,      0.0030,      0.0156,      0.2047,   7765.6040,-423456.2812,   -911.4845,    550.7789,  25885.3418,
       1,     168,     285,      21,       1,       3,       1,     10.0000,      1.4002,     42.5995,    248.5409,     62.5485,      3.4953,      0.0000,     -0.0312,      3.1038,      0.1302,      5.5825,     11.1650,      1.1507,     28.5312,     57.0623,      0.0192,      0.0024,      0.0156,      0.2047,   7765.6030,-423601.8750,   -911.4832,    550.7689,  25885.3418,
       1,     168,     285,      22,       1,       3,       1,     10.0000,      1.4002,     42.5995,    248.5409,     62.5485,      3.4953,      0.0000,     -0.0311,      0.8983,      0.1279,      5.5825,     11.1650,      1.1298,     28.5312,     57.0623,      0.0192,      0.0007,      0.0156,      0.2047,   7765.6030,-422682.7812,   -911.1317,    550.8321,  25885.3438,
       1,     168,     285,      23,       1,       3,       1,     10.0000,      1.4002,     42.5995,    248.5409,     62.5485,      3.4953,      0.0000,     -0.0313,      0.3178,      0.1325,      5.5825,     11.1650,      1.1707,     28.5312,     57.0623,      0.0192,      0.0002,      0.0156,      0.2047,   7765.6035,-419867.3438,   -910.6993,    551.0259,  25885.3438,
       1,     168,     285,      24,       1,       3,       1,     10.0000,      1.4002,     42.5995,    248.5409,     62.5485,      3.4953,      0.0000,     -0.0312,      0.3113,      0.1301,      5.5825,     11.1650,      1.1495,     28.5312,     57.0623,      0.0192,      0.0002,      0.0156,      0.2047,   7765.6035,-418906.5625,   -910.5300,    551.0922,  25885.3438,
       1,     168,     286,       1,       1,       3,       1,     10.0000,      1.4003,     42.5999,    248.5468,     62.5500,      3.4953,      0.0000,     -0.0311,      0.3102,      0.1297,      5.5826,     11.1651,      1.1460,     28.5263,     57.0525,      0.0192,      0.0002,      0.0156,      0.2048,   7765.6035,-418970.6875,   -910.8003,    551.1006,  25886.4980,
       1,     168,     286,       2,       1,       3,       1,     10.0000,      1.4003,     42.5999,    248.5468,     62.5500,      3.4953,      0.0000,     -0.0310,      0.3023,      0.1268,      5.5826,     11.1651,      1.1207,     28.5263,     57.0525,      0.0192,      0.0002,      0.0156,      0.2048,   7765.9497,-418823.1250,   -910.5228,    551.1108,  25886.4961,
       1,     168,     286,       3,       1,       3,       1,     10.0000,      1.4003,     42.5999,    248.5468,     62.5500,      3.4953,      0.0000,     -0.0311,      0.3059,      0.1281,      5.5826,     11.1651,      1.1321,     28.5263,     57.0525,      0.0192,      0.0002,      0.0156,      0.2048,   7765.9492,-418800.9062,   -910.5207,    551.1123,  25886.4961,
       1,     168,     286,       4,       1,       3,       1,     10.0000,      1.4003,     42.5999,    248.5468,     62.5500,      3.4953,      0.0000,     -0.0310,      0.3016,      0.1266,      5.5826,     11.1651,      1.1184,     28.5263,     57.0525,      0.0192,      0.0002,      0.0156,      0.2048,   7765.9492,-418803.5312,   -910.5226,    551.1122,  25886.4961,
       1,     168,     286,       5,       1,       3,       1,     10.0000,      1.4003,     42.5999,    248.5468,     62.5500,      3.4953,      0.0000,     -0.0310,      0.3030,      0.1271,      5.5826,     11.1651,      1.1230,     28.5263,     57.0525,      0.0192,      0.0002,      0.0156,      0.2048,   7765.9492,-418798.3750,   -910.0747,    551.1125,  25886.4941,
       1,     168,     286,       6,       1,       3,       1,     10.0000,      1.4003,     42.5999,    248.5468,     62.5500,      3.4953,      0.0000,     -0.0311,      0.3041,      0.1275,      5.5826,     11.1651,      1.1264,     28.5263,     57.0525,      0.0192,      0.0002,      0.0156,      0.2048,   7765.9487,-418799.9062,   -910.0769,    551.1125,  25886.4941,
       1,     168,     286,       7,       1,       3,       1,     10.0000,      1.4003,     42.5999,    248.5468,     62.5500,      3.4953,      0.0000,     -0.0310,      0.3006,      0.1262,      5.5826,     11.1651,      1.1150,     28.5263,     57.0525,      0.0192,      0.0002,      0.0156,      0.2048,   7765.9487,-418801.2500,   -910.0788,    551.1123,  25886.4941,
       1,     168,     286,       8,       1,       3,       1,     10.0000,      1.4003,     42.5999,    248.5468,     62.5500,      3.4953,      0.0116,     -0.0193,      0.2964,      0.1246,      5.5826,     11.1651,      1.1014,     28.5263,     57.0525,      0.0192,      0.0002,      0.0156,      0.2048,   7765.9487,-418797.1250,   -910.0796,    551.1127,  25886.4980,
       1,     168,     286,       9,       1,       3,       1,     10.0000,      1.4003,     42.5999,    248.5468,     62.5500,      3.4953,      0.1088,      0.0776,      2.7604,      0.1313,      5.5826,     11.1651,      1.1601,     28.5263,     57.0525,      0.0192,      0.0002,      0.1369,      0.2048,   7765.9497,-418791.1250,   -910.1201,    551.1130,  25886.4961,
       1,     168,     286,      10,       1,       3,       1,     10.0000,      1.4003,     42.5999,    248.5468,     62.5500,      3.4953,      0.1477,      0.1161,      4.2529,      0.1421,      5.5826,     11.1651,      1.2555,     28.5263,     57.0525,      0.0192,      0.0003,      0.1927,      0.2048,   7765.9492,-421848.0000,   -911.0076,    550.9025,  25886.4961,
       1,     168,     286,      11,       1,       3,       1,     10.0000,      1.4003,     42.5999,    248.5468,     62.5500,      3.4953,      0.1790,      0.1463,      6.5087,      0.1714,      5.5826,     11.1651,      1.5148,     28.5263,     57.0525,      0.0192,      0.0003,      0.2378,      0.2048,   7765.9492,-423961.1250,   -912.0641,    550.7570,  25886.4980,
       1,     168,     286,      12,       1,       3,       1,     10.0000,      1.4003,     42.5999,    248.5468,     62.5500,      3.4953,      0.1707,      0.1377,      6.6431,      0.1825,      5.5826,     11.1651,      1.6129,     28.5263,     57.0525,      0.0192,      0.0004,      0.2259,      0.2047,   7765.9497,-426940.5000,   -914.0256,    550.5519,  25886.4961,
       1,     168,     286,      13,       1,       3,       1,     10.0000,      1.4003,     42.5999,    248.5468,     62.5500,      3.4953,      0.1873,      0.1539,      7.9904,      0.1962,      5.5826,     11.1651,      1.7340,     28.5263,     57.0525,      0.0192,      0.0004,      0.2500,      0.2047,   7765.9492,-427362.0000,   -915.0185,    550.5229,  25886.4961,
       1,     168,     286,      14,       1,       3,       1,     10.0000,      1.4003,     42.5999,    248.5468,     62.5500,      3.4953,      0.1873,      0.1534,      8.7491,      0.2123,      5.5826,     11.1651,      1.8764,     28.5263,     57.0525,      0.0192,      0.0004,      0.2500,      0.2047,   7765.9492,-429069.7812,   -916.8412,    550.4054,  25886.4961,
       1,     168,     286,      15,       1,       3,       1,     10.0000,      1.4003,     42.5999,    248.5468,     62.5500,      3.4953,      0.1365,      0.1036,      5.7269,      0.1770,      5.5826,     11.1651,      1.5640,     28.5263,     57.0525,      0.0192,      0.0004,      0.1761,      0.2047,   7765.9492,-430157.1875,   -918.4604,    550.3306,  25886.4961,
       1,     168,     286,      16,       1,       3,       1,     10.0000,      1.4003,     42.5999,    248.5468,     62.5500,      3.4953,      0.1178,      0.0854,     23.3578,      0.1649,      5.5826,     11.1651,      1.4570,     28.5263,     57.0525,      0.0192,      0.0019,      0.1471,      0.2047,   7765.9492,-426499.8750,   -911.9873,    550.5822,  25886.4961,
       1,     168,     286,      17,       1,       3,       1,     10.0000,      1.4003,     42.5999,    248.5468,     62.5500,      3.4953,      0.0459,      0.0138,     10.0735,      0.1551,      5.5826,     11.1651,      1.3705,     28.5263,     57.0525,      0.0192,      0.0028,      0.0445,      0.2047,   7765.9492,-448064.5312,   -916.5710,    549.0981,  25886.4980,
       1,     168,     286,      18,       1,       3,       1,     10.0000,      1.4003,     42.5999,    248.5468,     62.5500,      3.4953,      0.0175,     -0.0142,      1.2797,      0.1448,      5.5826,     11.1651,      1.2798,     28.5263,     57.0525,      0.0192,      0.0032,      0.0049,      0.2047,   7765.9497,-433422.6562,   -913.2601,    550.1051,  25886.4941,
       1,     168,     286,      19,       1,       3,       1,     10.0000,      1.4003,     42.5999,    248.5468,     62.5500,      3.4953,      0.0046,     -0.0269,      4.7778,      0.1398,      5.5826,     11.1651,      1.2354,     28.5263,     57.0525,      0.0192,      0.0038,      0.0156,      0.2047,   7765.9487,-421260.9062,   -910.9703,    550.9423,  25886.4961,
       1,     168,     286,      20,       1,       3,       1,     10.0000,      1.4003,     42.5999,    248.5468,     62.5500,      3.4953,      0.0003,     -0.0311,      2.3190,      0.1356,      5.5826,     11.1651,      1.1984,     28.5263,     57.0525,      0.0192,      0.0018,      0.0156,      0.2048,   7765.9492,-424562.8750,   -911.5858,    550.7156,  25886.4941,
       1,     168,     286,      21,       1,       3,       1,     10.0000,      1.4003,     42.5999,    248.5468,     62.5500,      3.4953,      0.0000,     -0.0313,      1.9078,      0.1330,      5.5826,     11.1651,      1.1755,     28.5263,     57.0525,      0.0192,      0.0015,      0.0156,      0.2047,   7765.9487,-421793.6875,   -910.8087,    550.9062,  25886.4961,
       1,     168,     286,      22,       1,       3,       1,     10.0000,      1.4003,     42.5999,    248.5468,     62.5500,      3.4953,      0.0000,     -0.0313,      1.8386,      0.1336,      5.5826,     11.1651,      1.1803,     28.5263,     57.0525,      0.0192,      0.0014,      0.0156,      0.2048,   7765.9492,-421046.7812,   -910.6046,    550.9577,  25886.4961,
       1,     168,     286,      23,       1,       3,       1,     10.0000,      1.4003,     42.5999,    248.5468,     62.5500,      3.4953,      0.0000,     -0.0313,      0.7095,      0.1344,      5.5826,     11.1651,      1.1875,     28.5263,     57.0525,      0.0192,      0.0006,      0.0156,      0.2048,   7765.9492,-420896.9688,   -910.7250,    550.9680,  25886.4980,
       1,     168,     286,      24,       1,       3,       1,     10.0000,      1.4003,     42.5999,    248.5468,     62.5500,      3.4953,      0.0000,     -0.0312,      0.4022,      0.1310,      5.5826,     11.1651,      1.1577,     28.5263,     57.0525,      0.0192,      0.0003,      0.0156,      0.2048,   7765.9497,-419483.0312,   -910.2342,    551.0654,  25886.4961,
       1,     168,     287,       1,       1,       3,       1,     10.0000,      1.4003,     42.6002,    248.5526,     62.5515,      3.4953,      0.0000,     -0.0311,      0.3080,      0.1289,      5.5832,     11.1663,      1.1391,     28.5196,     57.0391,      0.0192,      0.0002,      0.0156,      0.2048,   7765.9492,-419135.9375,   -910.4443,    551.1024,  25887.6484,
       1,     168,     287,       2,       1,       3,       1,     10.0000,      1.4003,     42.6002,    248.5526,     62.5515,      3.4953,      0.0000,     -0.0310,      0.3027,      0.1270,      5.5832,     11.1663,      1.1218,     28.5196,     57.0391,      0.0192,      0.0002,      0.0156,      0.2048,   7766.2949,-418837.6250,   -910.1408,    551.1229,  25887.6465,
       1,     168,     287,       3,       1,       3,       1,     10.0000,      1.4003,     42.6002,    248.5526,     62.5515,      3.4953,      0.0000,     -0.0309,      0.2927,      0.1233,      5.5832,     11.1663,      1.0892,     28.5196,     57.0391,      0.0192,      0.0002,      0.0156,      0.2048,   7766.2944,-418805.6875,   -910.1371,    551.1251,  25887.6484,
       1,     168,     287,       4,       1,       3,       1,     10.0000,      1.4003,     42.6002,    248.5526,     62.5515,      3.4953,      0.0000,     -0.0308,      0.2899,      0.1223,      5.5832,     11.1663,      1.0803,     28.5196,     57.0391,      0.0192,      0.0002,      0.0156,      0.2048,   7766.2949,-418790.3438,   -910.1354,    551.1262,  25887.6484,
       1,     168,     287,       5,       1,       3,       1,     10.0000,      1.4003,     42.6002,    248.5526,     62.5515,      3.4953,      0.0000,     -0.0310,      0.2999,      0.1259,      5.5832,     11.1663,      1.1127,     28.5196,     57.0391,      0.0192,      0.0002,      0.0156,      0.2048,   7766.2949,-418785.7188,   -910.1361,    551.1266,  25887.6484,
       1,     168,     287,       6,       1,       3,       1,     10.0000,      1.4003,     42.6002,    248.5526,     62.5515,      3.4953,      0.0000,     -0.0310,      0.3009,      0.1263,      5.5832,     11.1663,      1.1161,     28.5196,     57.0391,      0.0192,      0.0002,      0.0156,      0.2048,   7766.2949,-418797.5000,   -910.1394,    551.1257,  25887.6504,
       1,     168,     287,       7,       1,       3,       1,     10.0000,      1.4003,     42.6002,    248.5526,     62.5515,      3.4953,      0.0000,     -0.0310,      0.3006,      0.1262,      5.5832,     11.1663,      1.1150,     28.5196,     57.0391,      0.0192,      0.0002,      0.0156,      0.2048,   7766.2954,-418799.5625,   -910.1405,    551.1255,  25887.6484,
       1,     168,     287,       8,       1,       3,       1,     10.0000,      1.4003,     42.6002,    248.5526,     62.5515,      3.4953,      0.0085,     -0.0225,      0.3006,      0.1262,      5.5832,     11.1663,      1.1150,     28.5196,     57.0391,      0.0192,      0.0002,      0.0156,      0.2048,   7766.2949,-418799.6250,   -910.1426,    551.1255,  25887.6484,
       1,     168,     287,       9,       1,       3,       1,     10.0000,      1.4003,     42.6002,    248.5526,     62.5515,      3.4953,      0.0869,      0.0557,      2.1591,      0.1332,      5.5832,     11.1663,      1.1767,     28.5196,     57.0391,      0.0192,      0.0003,      0.1054,      0.2048,   7766.2949,-418799.6250,   -910.1670,    551.1255,  25887.6484,
       1,     168,     287,      10,       1,       3,       1,     10.0000,      1.4003,     42.6002,    248.5526,     62.5515,      3.4953,      0.1658,      0.1337,      5.3996,      0.1567,      5.5832,     11.1663,      1.3844,     28.5196,     57.0391,      0.0192,      0.0003,      0.2188,      0.2048,   7766.2949,-421105.1875,   -910.8447,    550.9667,  25887.6484,
       1,     168,     287,      11,       1,       3,       1,     10.0000,      1.4003,     42.6002,    248.5526,     62.5515,      3.4953,      0.1783,      0.1453,      7.0385,      0.1842,      5.5832,     11.1663,      1.6275,     28.5196,     57.0391,      0.0192,      0.0004,      0.2369,      0.2048,   7766.2949,-425322.4375,   -912.4061,    550.6763,  25887.6484,
       1,     168,     287,      12,       1,       3,       1,     10.0000,      1.4003,     42.6002,    248.5526,     62.5515,      3.4953,      0.1830,      0.1497,      7.6591,      0.1933,      5.5832,     11.1663,      1.7085,     28.5196,     57.0391,      0.0192,      0.0004,      0.2437,      0.2048,   7766.2949,-427716.3438,   -914.3960,    550.5117,  25887.6465,
       1,     168,     287,      13,       1,       3,       1,     10.0000,      1.4003,     42.6002,    248.5526,     62.5515,      3.4953,      0.1873,      0.1533,      8.8288,      0.2140,      5.5832,     11.1663,      1.8912,     28.5196,     57.0391,      0.0192,      0.0004,      0.2500,      0.2048,   7766.2944,-428690.8125,   -916.0692,    550.4446,  25887.6504,
       1,     168,     287,      14,       1,       3,       1,     10.0000,      1.4003,     42.6002,    248.5526,     62.5515,      3.4953,      0.1875,      0.1532,     13.1980,      0.2270,      5.5832,     11.1663,      2.0059,     28.5196,     57.0391,      0.0192,      0.0006,      0.2500,      0.2048,   7766.2954,-430224.9062,   -918.4329,    550.3390,  25887.6484,
       1,     168,     287,      15,       1,       3,       1,     10.0000,      1.4003,     42.6002,    248.5526,     62.5515,      3.4953,      0.1883,      0.1542,     32.7891,      0.2202,      5.5832,     11.1663,      1.9459,     28.5196,     57.0391,      0.0192,      0.0016,      0.2489,      0.2048,   7766.2949,-435777.4062,   -921.2531,    549.9570,  25887.6484,
       1,     168,     287,      16,       1,       3,       1,     10.0000,      1.4003,     42.6002,    248.5526,     62.5515,      3.4953,      0.1866,      0.1524,     69.3878,      0.2244,      5.5832,     11.1663,      1.9825,     28.5196,     57.0391,      0.0192,      0.0035,      0.2422,      0.2048,   7766.2949,-460561.5938,   -926.9884,    548.2534,  25887.6484,
       1,     168,     287,      17,       1,       3,       1,     10.0000,      1.4003,     42.6002,    248.5526,     62.5515,      3.4953,      0.1798,      0.1455,     76.5747,      0.2283,      5.5832,     11.1663,      2.0177,     28.5196,     57.0391,      0.0192,      0.0041,      0.2315,      0.2047,   7766.2949,-508114.0938,   -937.0378,    544.9972,  25887.6484,
       1,     168,     287,      18,       1,       3,       1,     10.0000,      1.4003,     42.6002,    248.5526,     62.5515,      3.4953,      0.1354,      0.1018,     68.5864,      0.2017,      5.5832,     11.1663,      1.7827,     28.5196,     57.0391,      0.0192,      0.0050,      0.1672,      0.2047,   7766.2949,-521119.1875,   -940.5802,    544.1208,  25887.6484,
       1,     168,     287,      19,       1,       3,       1,     10.0000,      1.4003,     42.6002,    248.5526,     62.5515,      3.4953,      0.0703,      0.0369,     32.5316,      0.1941,      5.5832,     11.1663,      1.7153,     28.5196,     57.0391,      0.0192,      0.0052,      0.0763,      0.2047,   7766.2949,-512290.8438,   -939.6749,    544.7220,  25887.6504,
       1,     168,     287,      20,       1,       3,       1,     10.0000,      1.4003,     42.6002,    248.5526,     62.5515,      3.4953,      0.0026,     -0.0301,      5.9243,      0.1726,      5.5832,     11.1663,      1.5255,     28.5196,     57.0391,      0.0192,      0.0047,      0.0156,      0.2047,   7766.2954,-466748.7188,   -931.5917,    547.8234,  25887.6465,
       1,     168,     287,      21,       1,       3,       1,     10.0000,      1.4003,     42.6002,    248.5526,     62.5515,      3.4953,      0.0000,     -0.0325,      6.7014,      0.1664,      5.5832,     11.1663,      1.4702,     28.5196,     57.0391,      0.0192,      0.0053,      0.0156,      0.2047,   7766.2944,-429868.3438,   -924.8789,    550.3577,  25887.6504,
       1,     168,     287,      22,       1,       3,       1,     10.0000,      1.4003,     42.6002,    248.5526,     62.5515,      3.4953,      0.0000,     -0.0324,      6.5663,      0.1639,      5.5832,     11.1663,      1.4483,     28.5196,     57.0391,      0.0192,      0.0052,      0.0156,      0.2048,   7766.2954,-427693.1875,   -924.6609,    550.5132,  25887.6465,
       1,     168,     287,      23,       1,       3,       1,     10.0000,      1.4003,     42.6002,    248.5526,     62.5515,      3.4953,      0.0000,     -0.0322,      4.2452,      0.1598,      5.5832,     11.1663,      1.4124,     28.5196,     57.0391,      0.0192,      0.0033,      0.0156,      0.2048,   7766.2944,-427333.1875,   -924.7644,    550.5380,  25887.6484,
       1,     168,     287,      24,       1,       3,       1,     10.0000,      1.4003,     42.6002,    248.5526,     62.5515,      3.4953,      0.0000,     -0.0319,      3.8575,      0.1513,      5.5832,     11.1663,      1.3365,     28.5196,     57.0391,      0.0192,      0.0030,      0.0156,      0.2048,   7766.2949,-424422.3125,   -924.3187,    550.7383,  25887.6484,
       1,     168,     288,       1,       1,       3,       1,     10.0000,      1.4003,     42.6005,    248.5584,     62.5529,      3.4953,      0.0000,     -0.0316,      3.5335,      0.1408,      5.5823,     11.1646,      1.2442,     28.5234,     57.0468,      0.0192,      0.0028,      0.0156,      0.2048,   7766.2949,-423846.6875,   -924.5646,    550.7908,  25888.8008,
       1,     168,     288,       2,       1,       3,       1,     10.0000,      1.4003,     42.6005,    248.5584,     62.5529,      3.4953,      0.0000,     -0.0313,      3.3484,      0.1349,      5.5823,     11.1646,      1.1924,     28.5234,     57.0468,      0.0192,      0.0026,      0.0156,      0.2048,   7766.6406,-423243.8125,   -924.2444,    550.8323,  25888.8008,
       1,     168,     288,       3,       1,       3,       1,     10.0000,      1.4003,     42.6005,    248.5584,     62.5529,      3.4953,      0.0000,     -0.0314,      3.5976,      0.1355,      5.5823,     11.1646,      1.1972,     28.5234,     57.0468,      0.0192,      0.0028,      0.0156,      0.2048,   7766.6406,-422962.7500,   -924.2481,    550.8516,  25888.8008,
       1,     168,     288,       4,       1,       3,       1,     10.0000,      1.4003,     42.6005,    248.5584,     62.5529,      3.4953,      0.0000,     -0.0314,      3.5300,      0.1370,      5.5823,     11.1646,      1.2107,     28.5234,     57.0468,      0.0192,      0.0028,      0.0156,      0.2048,   7766.6406,-423247.9062,   -924.3634,    550.8320,  25888.8008,
       1,     168,     288,       5,       1,       3,       1,     10.0000,      1.4003,     42.6005,    248.5584,     62.5529,      3.4953,      0.0000,     -0.0314,      2.3434,      0.1369,      5.5823,     11.1646,      1.2094,     28.5234,     57.0468,      0.0192,      0.0018,      0.0156,      0.2048,   7766.6406,-423188.4688,   -924.3921,    550.8361,  25888.8008,
       1,     168,     288,       6,       1,       3,       1,     10.0000,      1.4003,     42.6005,    248.5584,     62.5529,      3.4953,      0.0000,     -0.0315,      1.6936,      0.1387,      5.5823,     11.1646,      1.2255,     28.5234,     57.0468,      0.0192,      0.0013,      0.0156,      0.2048,   7766.6406,-421711.2812,   -924.1429,    550.9379,  25888.7988,
       1,     168,     288,       7,       1,       3,       1,     10.0000,      1.4003,     42.6005,    248.5584,     62.5529,      3.4953,      0.0000,     -0.0314,      1.5516,      0.1362,      5.5823,     11.1646,      1.2033,     28.5234,     57.0468,      0.0192,      0.0012,      0.0156,      0.2048,   7766.6401,-420779.3125,   -923.9901,    551.0020,  25888.8008,
       1,     168,     288,       8,       1,       3,       1,     10.0000,      1.4003,     42.6005,    248.5584,     62.5529,      3.4953,      0.0065,     -0.0247,      1.2750,      0.1329,      5.5823,     11.1646,      1.1744,     28.5234,     57.0468,      0.0192,      0.0010,      0.0156,      0.2048,   7766.6406,-420523.3438,   -923.9572,    551.0196,  25888.8008,
       1,     168,     288,       9,       1,       3,       1,     10.0000,      1.4003,     42.6005,    248.5584,     62.5529,      3.4953,      0.0984,      0.0667,      2.7773,      0.1446,      5.5823,     11.1646,      1.2773,     28.5234,     57.0468,      0.0192,      0.0003,      0.1216,      0.2048,   7766.6406,-420158.4062,   -923.9064,    551.0447,  25888.8008,
       1,     168,     288,      10,       1,       3,       1,     10.0000,      1.4003,     42.6005,    248.5584,     62.5529,      3.4953,      0.1640,      0.1314,      5.8477,      0.1697,      5.5823,     11.1646,      1.4999,     28.5234,     57.0468,      0.0192,      0.0003,      0.2161,      0.2048,   7766.6406,-421990.7812,   -924.2985,    550.9186,  25888.8008,
       1,     168,     288,      11,       1,       3,       1,     10.0000,      1.4003,     42.6005,    248.5584,     62.5529,      3.4953,      0.1747,      0.1415,      7.1976,      0.1914,      5.5823,     11.1646,      1.6917,     28.5234,     57.0468,      0.0192,      0.0004,      0.2317,      0.2048,   7766.6406,-425955.9062,   -925.1589,    550.6455,  25888.8027,
       1,     168,     288,      12,       1,       3,       1,     10.0000,      1.4003,     42.6005,    248.5584,     62.5529,      3.4953,      0.1873,      0.1534,      8.7100,      0.2115,      5.5823,     11.1646,      1.8691,     28.5234,     57.0468,      0.0192,      0.0004,      0.2500,      0.2048,   7766.6411,-427969.3750,   -925.6772,    550.5070,  25888.8027,
       1,     168,     288,      13,       1,       3,       1,     10.0000,      1.4003,     42.6005,    248.5584,     62.5529,      3.4953,      0.1872,      0.1529,      9.5765,      0.2297,      5.5823,     11.1646,      2.0297,     28.5234,     57.0468,      0.0192,      0.0005,      0.2500,      0.2048,   7766.6411,-430017.4062,   -926.2081,    550.3660,  25888.7988,
       1,     168,     288,      14,       1,       3,       1,     10.0000,      1.4003,     42.6005,    248.5584,     62.5529,      3.4953,      0.1875,      0.1530,     13.8316,      0.2361,      5.5823,     11.1646,      2.0860,     28.5234,     57.0468,      0.0192,      0.0007,      0.2500,      0.2048,   7766.6401,-431268.0312,   -926.5289,    550.2800,  25888.8008,
       1,     168,     288,      15,       1,       3,       1,     10.0000,      1.4003,     42.6005,    248.5584,     62.5529,      3.4953,      0.1898,      0.1554,     42.0676,      0.2308,      5.5823,     11.1646,      2.0396,     28.5234,     57.0468,      0.0192,      0.0021,      0.2500,      0.2048,   7766.6406,-436653.3750,   -927.5919,    549.9096,  25888.8008,
       1,     168,     288,      16,       1,       3,       1,     10.0000,      1.4003,     42.6005,    248.5584,     62.5529,      3.4953,      0.1803,      0.1464,     63.6206,      0.2140,      5.5823,     11.1646,      1.8913,     28.5234,     57.0468,      0.0192,      0.0033,      0.2335,      0.2048,   7766.6406,-472146.6562,   -934.5164,    547.4700,  25888.8027,
       1,     168,     288,      17,       1,       3,       1,     10.0000,      1.4003,     42.6005,    248.5584,     62.5529,      3.4953,      0.1804,      0.1464,     88.0094,      0.2145,      5.5823,     11.1646,      1.8950,     28.5234,     57.0468,      0.0192,      0.0047,      0.2308,      0.2048,   7766.6411,-501945.0312,   -940.4870,    545.4362,  25888.8008,
       1,     168,     288,      18,       1,       3,       1,     10.0000,      1.4003,     42.6005,    248.5584,     62.5529,      3.4953,      0.1644,      0.1308,    107.3074,      0.2033,      5.5823,     11.1646,      1.7968,     28.5234,     57.0468,      0.0192,      0.0064,      0.2052,      0.2047,   7766.6406,-534777.5000,   -947.1707,    543.2015,  25888.7988,
       1,     168,     288,      19,       1,       3,       1,     10.0000,      1.4003,     42.6005,    248.5584,     62.5529,      3.4953,      0.0988,      0.0655,     58.2428,      0.1918,      5.5823,     11.1646,      1.6950,     28.5234,     57.0468,      0.0192,      0.0062,      0.1151,      0.2047,   7766.6401,-561561.1250,   -952.8136,    541.3874,  25888.7988,
       1,     168,     288,      20,       1,       3,       1,     10.0000,      1.4003,     42.6005,    248.5584,     62.5529,      3.4953,      0.0038,     -0.0291,      6.6016,      0.1816,      5.5823,     11.1646,      1.6050,     28.5234,     57.0468,      0.0192,      0.0052,      0.0156,      0.2046,   7766.6401,-502848.5000,   -941.7951,    545.3636,  25888.7988,
       1,     168,     288,      21,       1,       3,       1,     10.0000,      1.4003,     42.6005,    248.5584,     62.5529,      3.4953,      0.0000,     -0.0328,      5.2485,      0.1777,      5.5823,     11.1646,      1.5703,     28.5234,     57.0468,      0.0192,      0.0041,      0.0156,      0.2047,   7766.6401,-433762.8125,   -928.4686,    550.0879,  25888.7988,
       1,     168,     288,      22,       1,       3,       1,     10.0000,      1.4003,     42.6005,    248.5584,     62.5529,      3.4953,      0.0000,     -0.0325,      5.5575,      0.1665,      5.5823,     11.1646,      1.4717,     28.5234,     57.0468,      0.0192,      0.0044,      0.0156,      0.2048,   7766.6401,-426243.5312,   -926.9887,    550.6255,  25888.7988,
       1,     168,     288,      23,       1,       3,       1,     10.0000,      1.4003,     42.6005,    248.5584,     62.5529,      3.4953,      0.0000,     -0.0322,      5.0116,      0.1594,      5.5823,     11.1646,      1.4082,     28.5234,     57.0468,      0.0192,      0.0039,      0.0156,      0.2048,   7766.6401,-425960.0625,   -926.9071,    550.6453,  25888.7988,
       1,     168,     288,      24,       1,       3,       1,     10.0000,      1.4003,     42.6005,    248.5584,     62.5529,      3.4953,      0.0000,     -0.0323,      4.2089,      0.1611,      5.5823,     11.1646,      1.4238,     28.5234,     57.0468,      0.0192,      0.0033,      0.0156,      0.2048,   7766.6401,-425258.3750,   -926.7642,    550.6936,  25888.7988,
       1,     168,     289,       1,       1,       3,       1,     10.0000,      1.4003,     42.6009,    248.5642,     62.5544,      3.4953,      0.0000,     -0.0324,      3.5178,      0.1641,      5.5823,     11.1647,      1.4498,     28.5288,     57.0576,      0.0192,      0.0028,      0.0156,      0.2048,   7766.6401,-424356.3125,   -926.8508,    550.7686,  25889.9492,
       1,     168,     289,       2,       1,       3,       1,     10.0000,      1.4003,     42.6009,    248.5642,     62.5544,      3.4953,      0.0000,     -0.0324,      3.4847,      0.1639,      5.5823,     11.1647,      1.4483,     28.5288,     57.0576,      0.0192,      0.0027,      0.0156,      0.2048,   7766.9849,-423270.5312,   -926.3514,    550.8433,  25889.9473,
       1,     168,     289,       3,       1,       3,       1,     10.0000,      1.4003,     42.6009,    248.5642,     62.5544,      3.4953,      0.0000,     -0.0323,      2.0176,      0.1611,      5.5823,     11.1647,      1.4239,     28.5288,     57.0576,      0.0192,      0.0016,      0.0156,      0.2048,   7766.9844,-423137.0938,   -926.3140,    550.8525,  25889.9492,
       1,     168,     289,       4,       1,       3,       1,     10.0000,      1.4003,     42.6009,    248.5642,     62.5544,      3.4953,      0.0000,     -0.0322,      1.2333,      0.1599,      5.5823,     11.1647,      1.4125,     28.5288,     57.0576,      0.0192,      0.0010,      0.0156,      0.2048,   7766.9849,-421305.6562,   -925.9551,    550.9786,  25889.9492,
       1,     168,     289,       5,       1,       3,       1,     10.0000,      1.4003,     42.6009,    248.5642,     62.5544,      3.4953,      0.0000,     -0.0320,      1.5751,      0.1534,      5.5823,     11.1647,      1.3555,     28.5288,     57.0576,      0.0192,      0.0012,      0.0156,      0.2048,   7766.9849,-420176.5000,   -925.7318,    551.0564,  25889.9492,
       1,     168,     289,       6,       1,       3,       1,     10.0000,      1.4003,     42.6009,    248.5642,     62.5544,      3.4953,      0.0000,     -0.0317,      1.3846,      0.1457,      5.5823,     11.1647,      1.2877,     28.5288,     57.0576,      0.0192,      0.0011,      0.0156,      0.2048,   7766.9849,-420503.9375,   -925.7902,    551.0339,  25889.9473,
       1,     168,     289,       7,       1,       3,       1,     10.0000,      1.4003,     42.6009,    248.5642,     62.5544,      3.4953,      0.0000,     -0.0317,      0.8128,      0.1431,      5.5823,     11.1647,      1.2645,     28.5288,     57.0576,      0.0192,      0.0006,      0.0156,      0.2048,   7766.9844,-420295.9688,   -925.7464,    551.0482,  25889.9512,
       1,     168,     289,       8,       1,       3,       1,     10.0000,      1.4003,     42.6009,    248.5642,     62.5544,      3.4953,      0.0170,     -0.0146,      0.1421,      0.1408,      5.5823,     11.1647,      1.2442,     28.5288,     57.0576,      0.0192,      0.0004,      0.0044,      0.2048,   7766.9858,-419568.3750,   -925.6026,    551.0983,  25889.9492,
       1,     168,     289,       9,       1,       3,       1,     10.0000,      1.4003,     42.6009,    248.5642,     62.5544,      3.4953,      0.1282,      0.0963,      8.3757,      0.1517,      5.5823,     11.1647,      1.3406,     28.5288,     57.0576,      0.0192,      0.0006,      0.1640,      0.2048,   7766.9849,-418674.6562,   -925.4246,    551.1599,  25889.9473,
       1,     168,     289,      10,       1,       3,       1,     10.0000,      1.4003,     42.6009,    248.5642,     62.5544,      3.4953,      0.1826,      0.1488,     21.6527,      0.2095,      5.5823,     11.1647,      1.8508,     28.5288,     57.0576,      0.0192,      0.0011,      0.2416,      0.2048,   7766.9844,-428810.4375,   -927.3827,    550.4616,  25889.9492,
       1,     168,     289,      11,       1,       3,       1,     10.0000,      1.4003,     42.6009,    248.5642,     62.5544,      3.4953,      0.1659,      0.1326,      9.8939,      0.1934,      5.5823,     11.1647,      1.7086,     28.5288,     57.0576,      0.0192,      0.0006,      0.2185,      0.2048,   7766.9849,-446146.3750,   -930.6487,    549.2692,  25889.9492,
       1,     168,     289,      12,       1,       3,       1,     10.0000,      1.4003,     42.6009,    248.5642,     62.5544,      3.4953,      0.1875,      0.1534,     12.7008,      0.2202,      5.5823,     11.1647,      1.9460,     28.5288,     57.0576,      0.0192,      0.0006,      0.2500,      0.2048,   7766.9849,-433039.6562,   -928.0355,    550.1703,  25889.9473,
       1,     168,     289,      13,       1,       3,       1,     10.0000,      1.4003,     42.6009,    248.5642,     62.5544,      3.4953,      0.1872,      0.1526,     10.1848,      0.2377,      5.5823,     11.1647,      2.1003,     28.5288,     57.0576,      0.0192,      0.0005,      0.2500,      0.2048,   7766.9844,-435404.3125,   -928.2532,    550.0085,  25889.9473,
       1,     168,     289,      14,       1,       3,       1,     10.0000,      1.4003,     42.6009,    248.5642,     62.5544,      3.4953,      0.1894,      0.1545,     38.3479,      0.2486,      5.5823,     11.1647,      2.1967,     28.5288,     57.0576,      0.0192,      0.0019,      0.2500,      0.2048,   7766.9844,-432484.0625,   -927.4194,    550.2094,  25889.9492,
       1,     168,     289,      15,       1,       3,       1,     10.0000,      1.4003,     42.6009,    248.5642,     62.5544,      3.4953,      0.1948,      0.1602,    120.7456,      0.2403,      5.5823,     11.1647,      2.1230,     28.5288,     57.0576,      0.0192,      0.0060,      0.2485,      0.2048,   7766.9849,-467170.6562,   -934.0358,    547.8237,  25889.9473,
       1,     168,     289,      16,       1,       3,       1,     10.0000,      1.4003,     42.6009,    248.5642,     62.5544,      3.4953,      0.1934,      0.1585,     91.4141,      0.2503,      5.5823,     11.1647,      2.2117,     28.5288,     57.0576,      0.0192,      0.0045,      0.2500,      0.2048,   7766.9844,-572412.5000,   -954.8187,    540.6221,  25889.9492,
       1,     168,     289,      17,       1,       3,       1,     10.0000,      1.4003,     42.6009,    248.5642,     62.5544,      3.4953,      0.0481,      0.0149,     16.0694,      0.1901,      5.5823,     11.1647,      1.6800,     28.5288,     57.0576,      0.0192,      0.0043,      0.0460,      0.2047,   7766.9849,-545047.8125,   -949.7221,    542.5184,  25889.9512,
       1,     168,     289,      18,       1,       3,       1,     10.0000,      1.4003,     42.6009,    248.5642,     62.5544,      3.4953,      0.0070,     -0.0250,      5.8785,      0.1529,      5.5823,     11.1647,      1.3515,     28.5288,     57.0576,      0.0192,      0.0046,      0.0156,      0.2047,   7766.9858,-449044.2500,   -929.3121,    549.0322,  25889.9492,
       1,     168,     289,      19,       1,       3,       1,     10.0000,      1.4003,     42.6009,    248.5642,     62.5544,      3.4953,      0.0079,     -0.0242,      6.4647,      0.1551,      5.5823,     11.1647,      1.3706,     28.5288,     57.0576,      0.0192,      0.0051,      0.0156,      0.2048,   7766.9849,-428351.0000,   -916.4627,    550.4916,  25889.9492,
       1,     168,     289,      20,       1,       3,       1,     10.0000,      1.4003,     42.6009,    248.5642,     62.5544,      3.4953,      0.0010,     -0.0309,      5.4982,      0.1507,      5.5823,     11.1647,      1.3312,     28.5288,     57.0576,      0.0192,      0.0043,      0.0156,      0.2048,   7766.9849,-427269.3750,   -917.0114,    550.5681,  25889.9492,
       1,     168,     289,      21,       1,       3,       1,     10.0000,      1.4003,     42.6009,    248.5642,     62.5544,      3.4953,      0.0000,     -0.0318,      5.8804,      0.1459,      5.5823,     11.1647,      1.2890,     28.5288,     57.0576,      0.0192,      0.0046,      0.0156,      0.2048,   7766.9849,-425975.7500,   -917.4380,    550.6570,  25889.9492,
       1,     168,     289,      22,       1,       3,       1,     10.0000,      1.4003,     42.6009,    248.5642,     62.5544,      3.4953,      0.0000,     -0.0317,      3.2037,      0.1437,      5.5823,     11.1647,      1.2696,     28.5288,     57.0576,      0.0192,      0.0025,      0.0156,      0.2048,   7766.9849,-426339.3438,   -918.1255,    550.6321,  25889.9492,
       1,     168,     289,      23,       1,       3,       1,     10.0000,      1.4003,     42.6009,    248.5642,     62.5544,      3.4953,      0.0000,     -0.0316,      0.3868,      0.1425,      5.5823,     11.1647,      1.2594,     28.5288,     57.0576,      0.0192,      0.0003,      0.0156,      0.2048,   7766.9849,-423050.1875,   -917.8339,    550.8585,  25889.9473,
       1,     168,     289,      24,       1,       3,       1,     10.0000,      1.4003,     42.6009,    248.5642,     62.5544,      3.4953,      0.0000,     -0.0316,      0.3581,      0.1415,      5.5823,     11.1647,      1.2505,     28.5288,     57.0576,      0.0192,      0.0003,      0.0156,      0.2048,   7766.9844,-419275.9375,   -917.1516,    551.1185,  25889.9473,
       1,     168,     290,       1,       1,       3,       1,     10.0000,      1.4004,     42.6012,    248.5701,     62.5559,      3.4953,      0.0000,     -0.0315,      0.3349,      0.1387,      5.5827,     11.1655,      1.2255,     28.5263,     57.0527,      0.0192,      0.0003,      0.0156,      0.2049,   7766.9844,-419072.5000,   -917.3802,    551.1454,  25891.0996,
       1,     168,     290,       2,       1,       3,       1,     10.0000,      1.4004,     42.6012,    248.5701,     62.5559,      3.4953,      0.0000,     -0.0315,      0.3322,      0.1377,      5.5827,     11.1655,      1.2169,     28.5263,     57.0527,      0.0192,      0.0003,      0.0156,      0.2049,   7767.3301,-418874.6875,   -917.0861,    551.1590,  25891.0996,
       1,     168,     290,       3,       1,       3,       1,     10.0000,      1.4004,     42.6012,    248.5701,     62.5559,      3.4953,      0.0000,     -0.0316,      0.3400,      0.1405,      5.5827,     11.1655,      1.2417,     28.5263,     57.0527,      0.0192,      0.0003,      0.0156,      0.2049,   7767.3301,-418854.4375,   -917.0839,    551.1603,  25891.1016,
       1,     168,     290,       4,       1,       3,       1,     10.0000,      1.4004,     42.6012,    248.5701,     62.5559,      3.4953,      0.0000,     -0.0316,      0.3423,      0.1414,      5.5827,     11.1655,      1.2493,     28.5263,     57.0527,      0.0192,      0.0003,      0.0156,      0.2049,   7767.3306,-418862.0938,   -917.0860,    551.1599,  25891.0996,
       1,     168,     290,       5,       1,       3,       1,     10.0000,      1.4004,     42.6012,    248.5701,     62.5559,      3.4953,      0.0000,     -0.0315,      0.3380,      0.1398,      5.5827,     11.1655,      1.2355,     28.5263,     57.0527,      0.0192,      0.0003,      0.0156,      0.2049,   7767.3301,-418866.0000,   -917.0886,    551.1596,  25891.0996,
       1,     168,     290,       6,       1,       3,       1,     10.0000,      1.4004,     42.6012,    248.5701,     62.5559,      3.4953,      0.0000,     -0.0314,      0.3265,      0.1356,      5.5827,     11.1655,      1.1985,     28.5263,     57.0527,      0.0192,      0.0003,      0.0156,      0.2049,   7767.3301,-418860.9375,   -917.0890,    551.1600,  25891.0996,
       1,     168,     290,       7,       1,       3,       1,     10.0000,      1.4004,     42.6012,    248.5701,     62.5559,      3.4953,      0.0000,     -0.0314,      0.3253,      0.1352,      5.5827,     11.1655,      1.1949,     28.5263,     57.0527,      0.0192,      0.0003,      0.0156,      0.2049,   7767.3301,-418846.1875,   -917.0875,    551.1609,  25891.0996,
       1,     168,     290,       8,       1,       3,       1,     10.0000,      1.4004,     42.6012,    248.5701,     62.5559,      3.4953,      0.0042,     -0.0272,      0.3330,      0.1380,      5.5827,     11.1655,      1.2193,     28.5263,     57.0527,      0.0192,      0.0003,      0.0156,      0.2049,   7767.3301,-418843.5312,   -917.0882,    551.1611,  25891.0977,
       1,     168,     290,       9,       1,       3,       1,     10.0000,      1.4004,     42.6012,    248.5701,     62.5559,      3.4953,      0.0087,     -0.0228,      0.3364,      0.1393,      5.5827,     11.1655,      1.2305,     28.5263,     57.0527,      0.0192,      0.0003,      0.0156,      0.2049,   7767.3296,-418852.9375,   -917.1069,    551.1605,  25891.0996,
       1,     168,     290,      10,       1,       3,       1,     10.0000,      1.4004,     42.6012,    248.5701,     62.5559,      3.4953,      0.0153,     -0.0163,      0.0425,      0.1424,      5.5827,     11.1655,      1.2582,     28.5263,     57.0527,      0.0192,      0.0003,      0.0019,      0.2049,   7767.3301,-418857.9688,   -917.1440,    551.1602,  25891.1016,
       1,     168,     290,      11,       1,       3,       1,     10.0000,      1.4004,     42.6012,    248.5701,     62.5559,      3.4953,      0.0445,      0.0128,      0.9860,      0.1444,      5.5827,     11.1655,      1.2761,     28.5263,     57.0527,      0.0192,      0.0003,      0.0439,      0.2049,   7767.3306,-418493.3750,   -910.1812,    551.1852,  25891.1016,
       1,     168,     290,      12,       1,       3,       1,     10.0000,      1.4004,     42.6012,    248.5701,     62.5559,      3.4953,      0.0377,      0.0062,      0.7343,      0.1383,      5.5827,     11.1655,      1.2218,     28.5263,     57.0527,      0.0192,      0.0003,      0.0343,      0.2049,   7767.3306,-419632.4375,   -910.4163,    551.1068,  25891.1016,
       1,     168,     290,      13,       1,       3,       1,     10.0000,      1.4004,     42.6012,    248.5701,     62.5559,      3.4953,      0.1098,      0.0785,      2.8513,      0.1340,      5.5827,     11.1655,      1.1840,     28.5263,     57.0527,      0.0192,      0.0003,      0.1382,      0.2049,   7767.3306,-419417.5000,   -910.4901,    551.1216,  25891.1016,
       1,     168,     290,      14,       1,       3,       1,     10.0000,      1.4004,     42.6012,    248.5701,     62.5559,      3.4953,      0.1446,      0.1131,      4.0795,      0.1398,      5.5827,     11.1655,      1.2355,     28.5263,     57.0527,      0.0192,      0.0003,      0.1883,      0.2049,   7767.3306,-422024.5000,   -911.2585,    550.9420,  25891.1035,
       1,     168,     290,      15,       1,       3,       1,     10.0000,      1.4004,     42.6012,    248.5701,     62.5559,      3.4953,      0.1359,      0.1042,      3.9522,      0.1446,      5.5827,     11.1655,      1.2774,     28.5263,     57.0527,      0.0192,      0.0003,      0.1756,      0.2049,   7767.3315,-423770.3438,   -912.1362,    550.8218,  25891.1016,
       1,     168,     290,      16,       1,       3,       1,     10.0000,      1.4004,     42.6012,    248.5701,     62.5559,      3.4953,      0.1688,      0.1366,      5.5572,      0.1579,      5.5827,     11.1655,      1.3956,     28.5263,     57.0527,      0.0192,      0.0003,      0.2231,      0.2049,   7767.3306,-423761.6562,   -912.7834,    550.8224,  25891.1016,
       1,     168,     290,      17,       1,       3,       1,     10.0000,      1.4004,     42.6012,    248.5701,     62.5559,      3.4953,      0.1510,      0.1186,      5.1173,      0.1636,      5.5827,     11.1655,      1.4455,     28.5263,     57.0527,      0.0192,      0.0003,      0.1973,      0.2049,   7767.3306,-425751.5625,   -914.1738,    550.6855,  25891.1016,
       1,     168,     290,      18,       1,       3,       1,     10.0000,      1.4004,     42.6012,    248.5701,     62.5559,      3.4953,      0.1147,      0.0825,      3.6883,      0.1591,      5.5827,     11.1655,      1.4055,     28.5263,     57.0527,      0.0192,      0.0003,      0.1448,      0.2049,   7767.3306,-425375.6875,   -914.8397,    550.7112,  25891.0996,
       1,     168,     290,      19,       1,       3,       1,     10.0000,      1.4004,     42.6012,    248.5701,     62.5559,      3.4953,      0.0366,      0.0045,      1.4567,      0.1546,      5.5827,     11.1655,      1.3665,     28.5263,     57.0527,      0.0192,      0.0006,      0.0320,      0.2049,   7767.3301,-423571.9062,   -914.9149,    550.8354,  25891.1035,
       1,     168,     290,      20,       1,       3,       1,     10.0000,      1.4004,     42.6012,    248.5701,     62.5559,      3.4953,      0.0008,     -0.0310,      1.1257,      0.1475,      5.5827,     11.1655,      1.3034,     28.5263,     57.0527,      0.0192,      0.0009,      0.0156,      0.2049,   7767.3315,-420649.7188,   -914.5380,    551.0367,  25891.1016,
       1,     168,     290,      21,       1,       3,       1,     10.0000,      1.4004,     42.6012,    248.5701,     62.5559,      3.4953,      0.0000,     -0.0316,      2.3286,      0.1424,      5.5827,     11.1655,      1.2582,     28.5263,     57.0527,      0.0192,      0.0018,      0.0156,      0.2049,   7767.3306,-419989.8438,   -914.4872,    551.0822,  25891.1016,
       1,     168,     290,      22,       1,       3,       1,     10.0000,      1.4004,     42.6012,    248.5701,     62.5559,      3.4953,      0.0000,     -0.0315,      2.6388,      0.1377,      5.5827,     11.1655,      1.2169,     28.5263,     57.0527,      0.0192,      0.0021,      0.0156,      0.2049,   7767.3306,-421425.1875,   -914.9344,    550.9833,  25891.1035,
       1,     168,     290,      23,       1,       3,       1,     10.0000,      1.4004,     42.6012,    248.5701,     62.5559,      3.4953,      0.0000,     -0.0315,      1.6959,      0.1393,      5.5827,     11.1655,      1.2305,     28.5263,     57.0527,      0.0192,      0.0013,      0.0156,      0.2049,   7767.3315,-421932.2500,   -915.2346,    550.9484,  25891.0996,
       1,     168,     290,      24,       1,       3,       1,     10.0000,      1.4004,     42.6012,    248.5701,     62.5559,      3.4953,      0.0000,     -0.0313,      1.2168,      0.1349,      5.5827,     11.1655,      1.1924,     28.5263,     57.0527,      0.0192,      0.0010,      0.0156,      0.2049,   7767.3301,-420806.8438,   -915.1752,    551.0259,  25891.1016,
       1,     168,     291,       1,       1,       3,       1,     10.0000,      1.4004,     42.6015,    248.5759,     62.5574,      3.4953,      0.0000,     -0.0312,      0.8924,      0.1304,      5.5842,     11.1683,      1.1520,     28.5112,     57.0224,      0.0192,      0.0007,      0.0156,      0.2049,   7767.3306,-420270.9688,   -915.4199,    551.0758,  25892.2559,
       1,     168,     291,       2,       1,       3,       1,     10.0000,      1.4004,     42.6015,    248.5759,     62.5574,      3.4953,      0.0000,     -0.0312,      0.5883,      0.1321,      5.5842,     11.1683,      1.1673,     28.5112,     57.0224,      0.0192,      0.0005,      0.0156,      0.2049,   7767.6772,-419671.0312,   -915.1002,    551.1172,  25892.2559,
       1,     168,     291,       3,       1,       3,       1,     10.0000,      1.4004,     42.6015,    248.5759,     62.5574,      3.4953,      0.0000,     -0.0312,      0.3781,      0.1304,      5.5842,     11.1683,      1.1520,     28.5112,     57.0224,      0.0192,      0.0003,      0.0156,      0.2049,   7767.6772,-419242.5312,   -915.0449,    551.1467,  25892.2559,
       1,     168,     291,       4,       1,       3,       1,     10.0000,      1.4004,     42.6015,    248.5759,     62.5574,      3.4953,      0.0000,     -0.0311,      1.1247,      0.1288,      5.5842,     11.1683,      1.1380,     28.5112,     57.0224,      0.0192,      0.0009,      0.0156,      0.2049,   7767.6772,-418945.4688,   -914.9981,    551.1672,  25892.2559,
       1,     168,     291,       5,       1,       3,       1,     10.0000,      1.4004,     42.6015,    248.5759,     62.5574,      3.4953,      0.0000,     -0.0311,      0.8690,      0.1292,      5.5842,     11.1683,      1.1415,     28.5112,     57.0224,      0.0192,      0.0007,      0.0156,      0.2049,   7767.6772,-419845.6875,   -915.2350,    551.1051,  25892.2559,
       1,     168,     291,       6,       1,       3,       1,     10.0000,      1.4004,     42.6015,    248.5759,     62.5574,      3.4953,      0.0000,     -0.0310,      0.5905,      0.1266,      5.5842,     11.1683,      1.1185,     28.5112,     57.0224,      0.0192,      0.0005,      0.0156,      0.2049,   7767.6772,-419605.6875,   -915.2430,    551.1217,  25892.2559,
       1,     168,     291,       7,       1,       3,       1,     10.0000,      1.4004,     42.6015,    248.5759,     62.5574,      3.4953,      0.0000,     -0.0310,      0.8902,      0.1259,      5.5842,     11.1683,      1.1128,     28.5112,     57.0224,      0.0192,      0.0007,      0.0156,      0.2049,   7767.6772,-419239.7188,   -915.2020,    551.1469,  25892.2539,
       1,     168,     291,       8,       1,       3,       1,     10.0000,      1.4004,     42.6015,    248.5759,     62.5574,      3.4953,      0.0050,     -0.0261,      0.3618,      0.1274,      5.5842,     11.1683,      1.1254,     28.5112,     57.0224,      0.0192,      0.0003,      0.0156,      0.2049,   7767.6763,-419580.3125,   -915.3190,    551.1234,  25892.2559,
       1,     168,     291,       9,       1,       3,       1,     10.0000,      1.4004,     42.6015,    248.5759,     62.5574,      3.4953,      0.0697,      0.0385,      1.6520,      0.1322,      5.5842,     11.1683,      1.1685,     28.5112,     57.0224,      0.0192,      0.0003,      0.0806,      0.2049,   7767.6772,-418953.9375,   -915.2252,    551.1666,  25892.2559,
       1,     168,     291,      10,       1,       3,       1,     10.0000,      1.4004,     42.6015,    248.5759,     62.5574,      3.4953,      0.1782,      0.1458,      7.4574,      0.1637,      5.5842,     11.1683,      1.4469,     28.5112,     57.0224,      0.0192,      0.0004,      0.2365,      0.2049,   7767.6772,-420500.3125,   -915.6719,    551.0601,  25892.2578,
       1,     168,     291,      11,       1,       3,       1,     10.0000,      1.4004,     42.6015,    248.5759,     62.5574,      3.4953,      0.1874,      0.1539,      9.1760,      0.1990,      5.5842,     11.1683,      1.7584,     28.5112,     57.0224,      0.0192,      0.0005,      0.2500,      0.2049,   7767.6777,-427830.9062,   -917.7490,    550.5551,  25892.2559,
       1,     168,     291,      12,       1,       3,       1,     10.0000,      1.4004,     42.6015,    248.5759,     62.5574,      3.4953,      0.1873,      0.1531,      9.6241,      0.2239,      5.5842,     11.1683,      1.9788,     28.5112,     57.0224,      0.0192,      0.0005,      0.2500,      0.2049,   7767.6772,-430589.1875,   -919.6053,    550.3656,  25892.2559,
       1,     168,     291,      13,       1,       3,       1,     10.0000,      1.4004,     42.6015,    248.5759,     62.5574,      3.4953,      0.1872,      0.1526,      9.9507,      0.2375,      5.5842,     11.1683,      2.0984,     28.5112,     57.0224,      0.0192,      0.0005,      0.2500,      0.2049,   7767.6772,-431380.0000,   -921.2913,    550.3112,  25892.2559,
       1,     168,     291,      14,       1,       3,       1,     10.0000,      1.4004,     42.6015,    248.5759,     62.5574,      3.4953,      0.1873,      0.1527,     11.3861,      0.2393,      5.5842,     11.1683,      2.1148,     28.5112,     57.0224,      0.0192,      0.0006,      0.2500,      0.2049,   7767.6772,-431852.6250,   -922.8702,    550.2787,  25892.2559,
       1,     168,     291,      15,       1,       3,       1,     10.0000,      1.4004,     42.6015,    248.5759,     62.5574,      3.4953,      0.1907,      0.1561,     55.4506,      0.2407,      5.5842,     11.1683,      2.1273,     28.5112,     57.0224,      0.0192,      0.0027,      0.2500,      0.2049,   7767.6772,-433673.0312,   -923.9464,    550.1534,  25892.2559,
       1,     168,     291,      16,       1,       3,       1,     10.0000,      1.4004,     42.6015,    248.5759,     62.5574,      3.4953,      0.1766,      0.1440,     74.4094,      0.1713,      5.5842,     11.1683,      1.5135,     28.5112,     57.0224,      0.0192,      0.0040,      0.2265,      0.2049,   7767.6772,-488478.7500,   -934.9679,    546.3845,  25892.2559,
       1,     168,     291,      17,       1,       3,       1,     10.0000,      1.4004,     42.6015,    248.5759,     62.5574,      3.4953,      0.1060,      0.0738,     51.3758,      0.1594,      5.5842,     11.1683,      1.4083,     28.5112,     57.0224,      0.0192,      0.0050,      0.1267,      0.2048,   7767.6772,-516722.2500,   -940.9346,    544.4684,  25892.2578,
       1,     168,     291,      18,       1,       3,       1,     10.0000,      1.4004,     42.6015,    248.5759,     62.5574,      3.4953,      0.0098,     -0.0216,      6.5164,      0.1366,      5.5842,     11.1683,      1.2071,     28.5112,     57.0224,      0.0192,      0.0051,      0.0156,      0.2048,   7767.6777,-490516.7812,   -936.4736,    546.2552,  25892.2559,
       1,     168,     291,      19,       1,       3,       1,     10.0000,      1.4004,     42.6015,    248.5759,     62.5574,      3.4953,      0.0017,     -0.0296,      6.4613,      0.1355,      5.5842,     11.1683,      1.1973,     28.5112,     57.0224,      0.0192,      0.0051,      0.0156,      0.2048,   7767.6772,-432609.3125,   -913.2899,    550.2122,  25892.2559,
       1,     168,     291,      20,       1,       3,       1,     10.0000,      1.4004,     42.6015,    248.5759,     62.5574,      3.4953,      0.0001,     -0.0311,      6.8700,      0.1325,      5.5842,     11.1683,      1.1709,     28.5112,     57.0224,      0.0192,      0.0054,      0.0156,      0.2049,   7767.6772,-427647.8438,   -912.0385,    550.5679,  25892.2578,
       1,     168,     291,      21,       1,       3,       1,     10.0000,      1.4004,     42.6015,    248.5759,     62.5574,      3.4953,      0.0000,     -0.0311,      2.6766,      0.1287,      5.5842,     11.1683,      1.1369,     28.5112,     57.0224,      0.0192,      0.0021,      0.0156,      0.2049,   7767.6777,-427713.3750,   -912.5918,    550.5634,  25892.2559,
       1,     168,     291,      22,       1,       3,       1,     10.0000,      1.4004,     42.6015,    248.5759,     62.5574,      3.4953,      0.0000,     -0.0311,      2.2371,      0.1283,      5.5842,     11.1683,      1.1334,     28.5112,     57.0224,      0.0192,      0.0018,      0.0156,      0.2049,   7767.6772,-422518.8125,   -911.0562,    550.9210,  25892.2559,
       1,     168,     291,      23,       1,       3,       1,     10.0000,      1.4004,     42.6015,    248.5759,     62.5574,      3.4953,      0.0000,     -0.0310,      0.5750,      0.1263,      5.5842,     11.1683,      1.1163,     28.5112,     57.0224,      0.0192,      0.0005,      0.0156,      0.2049,   7767.6772,-421530.4375,   -910.8393,    550.9891,  25892.2559,
       1,     168,     291,      24,       1,       3,       1,     10.0000,      1.4004,     42.6015,    248.5759,     62.5574,      3.4953,      0.0000,     -0.0310,      0.2985,      0.1254,      5.5842,     11.1683,      1.1083,     28.5112,     57.0224,      0.0192,      0.0002,      0.0156,      0.2049,   7767.6772,-419384.8750,   -910.4807,    551.1368,  25892.2578,
       1,     168,     292,       1,       1,       3,       1,     10.0000,      1.4004,     42.6019,    248.5817,     62.5588,      3.4953,      0.0000,     -0.0311,      0.3063,      0.1283,      5.5833,     11.1666,      1.1335,     28.5085,     57.0171,      0.0192,      0.0002,      0.0156,      0.2049,   7767.6777,-419013.2188,   -910.3663,    551.1755,  25893.4023,
       1,     168,     292,       2,       1,       3,       1,     10.0000,      1.4004,     42.6019,    248.5817,     62.5588,      3.4953,      0.0000,     -0.0312,      0.3117,      0.1302,      5.5833,     11.1666,      1.1509,     28.5085,     57.0171,      0.0192,      0.0002,      0.0156,      0.2049,   7768.0210,-418840.0000,   -910.0875,    551.1874,  25893.4062,
       1,     168,     292,       3,       1,       3,       1,     10.0000,      1.4004,     42.6019,    248.5817,     62.5588,      3.4953,      0.0000,     -0.0311,      0.3095,      0.1295,      5.5833,     11.1666,      1.1439,     28.5085,     57.0171,      0.0192,      0.0002,      0.0156,      0.2049,   7768.0220,-418831.5312,   -910.0867,    551.1880,  25893.4062,
       1,     168,     292,       4,       1,       3,       1,     10.0000,      1.4004,     42.6019,    248.5817,     62.5588,      3.4953,      0.0000,     -0.0311,      0.3066,      0.1284,      5.5833,     11.1666,      1.1346,     28.5085,     57.0171,      0.0192,      0.0002,      0.0156,      0.2049,   7768.0220,-418828.1250,   -910.0878,    551.1883,  25893.4062,
       1,     168,     292,       5,       1,       3,       1,     10.0000,      1.4004,     42.6019,    248.5817,     62.5588,      3.4953,      0.0000,     -0.0311,      0.3066,      0.1284,      5.5833,     11.1666,      1.1346,     28.5085,     57.0171,      0.0192,      0.0002,      0.0156,      0.2049,   7768.0220,-418824.2500,   -910.0886,    551.1885,  25893.4062,
       1,     168,     292,       6,       1,       3,       1,     10.0000,      1.4004,     42.6019,    248.5817,     62.5588,      3.4953,      0.0000,     -0.0310,      0.3006,      0.1262,      5.5833,     11.1666,      1.1151,     28.5085,     57.0171,      0.0192,      0.0002,      0.0156,      0.2049,   7768.0220,-418824.0000,   -910.0901,    551.1886,  25893.4043,
       1,     168,     292,       7,       1,       3,       1,     10.0000,      1.4004,     42.6019,    248.5817,     62.5588,      3.4953,      0.0000,     -0.0311,      0.3088,      0.1292,      5.5833,     11.1666,      1.1415,     28.5085,     57.0171,      0.0192,      0.0002,      0.0156,      0.2049,   7768.0215,-418816.6562,   -910.0907,    551.1891,  25893.4082,
       1,     168,     292,       8,       1,       3,       1,     10.0000,      1.4004,     42.6019,    248.5817,     62.5588,      3.4953,      0.0118,     -0.0193,      0.3074,      0.1287,      5.5833,     11.1666,      1.1369,     28.5085,     57.0171,      0.0192,      0.0002,      0.0156,      0.2049,   7768.0229,-418825.7812,   -910.0932,    551.1885,  25893.4062,
       1,     168,     292,       9,       1,       3,       1,     10.0000,      1.4004,     42.6019,    248.5817,     62.5588,      3.4953,      0.0833,      0.0523,      1.9416,      0.1267,      5.5833,     11.1666,      1.1197,     28.5085,     57.0171,      0.0192,      0.0002,      0.1003,      0.2049,   7768.0220,-418824.9375,   -910.1398,    551.1885,  25893.4082,
       1,     168,     292,      10,       1,       3,       1,     10.0000,      1.4004,     42.6019,    248.5817,     62.5588,      3.4953,      0.1176,      0.0864,      2.9864,      0.1302,      5.5833,     11.1666,      1.1509,     28.5085,     57.0171,      0.0192,      0.0002,      0.1495,      0.2049,   7768.0229,-420850.9688,   -910.7628,    551.0490,  25893.4043,
       1,     168,     292,      11,       1,       3,       1,     10.0000,      1.4004,     42.6019,    248.5817,     62.5588,      3.4953,      0.1626,      0.1309,      4.8934,      0.1465,      5.5833,     11.1666,      1.2943,     28.5085,     57.0171,      0.0192,      0.0003,      0.2141,      0.2049,   7768.0215,-422319.6875,   -911.3901,    550.9478,  25893.4043,
       1,     168,     292,      12,       1,       3,       1,     10.0000,      1.4004,     42.6019,    248.5817,     62.5588,      3.4953,      0.1874,      0.1547,      6.8903,      0.1725,      5.5833,     11.1666,      1.5242,     28.5085,     57.0171,      0.0192,      0.0003,      0.2500,      0.2049,   7768.0215,-424809.5938,   -912.7172,    550.7762,  25893.4062,
       1,     168,     292,      13,       1,       3,       1,     10.0000,      1.4004,     42.6019,    248.5817,     62.5588,      3.4953,      0.1874,      0.1542,      7.7521,      0.1870,      5.5833,     11.1666,      1.6521,     28.5085,     57.0171,      0.0192,      0.0004,      0.2500,      0.2049,   7768.0220,-427498.1875,   -914.6500,    550.5912,  25893.4062,
       1,     168,     292,      14,       1,       3,       1,     10.0000,      1.4004,     42.6019,    248.5817,     62.5588,      3.4953,      0.1877,      0.1539,     14.3823,      0.2113,      5.5833,     11.1666,      1.8674,     28.5085,     57.0171,      0.0192,      0.0007,      0.2500,      0.2049,   7768.0220,-428796.5625,   -916.5068,    550.5020,  25893.4062,
       1,     168,     292,      15,       1,       3,       1,     10.0000,      1.4004,     42.6019,    248.5817,     62.5588,      3.4953,      0.1846,      0.1506,     14.9997,      0.2196,      5.5833,     11.1666,      1.9404,     28.5085,     57.0171,      0.0192,      0.0007,      0.2455,      0.2049,   7768.0220,-437128.6562,   -920.3273,    549.9286,  25893.4062,
       1,     168,     292,      16,       1,       3,       1,     10.0000,      1.4004,     42.6019,    248.5817,     62.5588,      3.4953,      0.1859,      0.1513,     31.8081,      0.2391,      5.5833,     11.1666,      2.1128,     28.5085,     57.0171,      0.0192,      0.0016,      0.2455,      0.2049,   7768.0220,-438606.2500,   -921.8409,    549.8273,  25893.4043,
       1,     168,     292,      17,       1,       3,       1,     10.0000,      1.4004,     42.6019,    248.5817,     62.5588,      3.4953,      0.1580,      0.1244,     52.3911,      0.2018,      5.5833,     11.1666,      1.7829,     28.5085,     57.0171,      0.0192,      0.0032,      0.2021,      0.2049,   7768.0215,-459577.6250,   -927.1607,    548.3860,  25893.4062,
       1,     168,     292,      18,       1,       3,       1,     10.0000,      1.4004,     42.6019,    248.5817,     62.5588,      3.4953,      0.0551,      0.0227,     16.6704,      0.1649,      5.5833,     11.1666,      1.4572,     28.5085,     57.0171,      0.0192,      0.0036,      0.0568,      0.2049,   7768.0220,-486905.7188,   -932.9563,    546.5145,  25893.4062,
       1,     168,     292,      19,       1,       3,       1,     10.0000,      1.4004,     42.6019,    248.5817,     62.5588,      3.4953,      0.0253,     -0.0067,      5.6362,      0.1550,      5.5833,     11.1666,      1.3693,     28.5085,     57.0171,      0.0192,      0.0045,      0.0152,      0.2048,   7768.0220,-444908.9062,   -924.2815,    549.3867,  25893.4043,
       1,     168,     292,      20,       1,       3,       1,     10.0000,      1.4004,     42.6019,    248.5817,     62.5588,      3.4953,      0.0017,     -0.0301,      5.5905,      0.1477,      5.5833,     11.1666,      1.3048,     28.5085,     57.0171,      0.0192,      0.0044,      0.0156,      0.2049,   7768.0215,-427665.6250,   -921.4537,    550.5785,  25893.4043,
       1,     168,     292,      21,       1,       3,       1,     10.0000,      1.4004,     42.6019,    248.5817,     62.5588,      3.4953,      0.0000,     -0.0315,      6.7526,      0.1404,      5.5833,     11.1666,      1.2405,     28.5085,     57.0171,      0.0192,      0.0053,      0.0156,      0.2049,   7768.0215,-426132.0625,   -921.4596,    550.6852,  25893.4062,
       1,     168,     292,      22,       1,       3,       1,     10.0000,      1.4004,     42.6019,    248.5817,     62.5588,      3.4953,      0.0000,     -0.0315,      4.0891,      0.1393,      5.5833,     11.1666,      1.2305,     28.5085,     57.0171,      0.0192,      0.0032,      0.0156,      0.2049,   7768.0220,-427440.4375,   -922.0486,    550.5952,  25893.4062,
       1,     168,     292,      23,       1,       3,       1,     10.0000,      1.4004,     42.6019,    248.5817,     62.5588,      3.4953,      0.0000,     -0.0313,      1.5642,      0.1350,      5.5833,     11.1666,      1.1925,     28.5085,     57.0171,      0.0192,      0.0012,      0.0156,      0.2049,   7768.0220,-424249.4375,   -921.6619,    550.8148,  25893.4062,
       1,     168,     292,      24,       1,       3,       1,     10.0000,      1.4004,     42.6019,    248.5817,     62.5588,      3.4953,      0.0000,     -0.0312,      0.8310,      0.1313,      5.5833,     11.1666,      1.1603,     28.5085,     57.0171,      0.0192,      0.0007,      0.0156,      0.2049,   7768.0220,-420846.5625,   -921.0969,    551.0493,  25893.4043,
       1,     168,     293,       1,       1,       3,       1,     10.0000,      1.4004,     42.6022,    248.5875,     62.5603,      3.4953,      0.0000,     -0.0312,      0.5482,      0.1306,      5.5831,     11.1662,      1.1544,     28.5075,     57.0150,      0.0192,      0.0004,      0.0156,      0.2049,   7768.0215,-419801.0938,   -921.1959,    551.1340,  25894.5566,
       1,     168,     293,       2,       1,       3,       1,     10.0000,      1.4004,     42.6022,    248.5875,     62.5603,      3.4953,      0.0000,     -0.0311,      0.3144,      0.1295,      5.5831,     11.1662,      1.1439,     28.5075,     57.0150,      0.0192,      0.0002,      0.0156,      0.2049,   7768.3672,-419209.7500,   -920.8366,    551.1748,  25894.5566,
       1,     168,     293,       3,       1,       3,       1,     10.0000,      1.4004,     42.6022,    248.5875,     62.5603,      3.4953,      0.0000,     -0.0310,      0.3010,      0.1263,      5.5831,     11.1662,      1.1163,     28.5075,     57.0150,      0.0192,      0.0002,      0.0156,      0.2049,   7768.3672,-418869.3750,   -920.7755,    551.1982,  25894.5566,
       1,     168,     293,       4,       1,       3,       1,     10.0000,      1.4004,     42.6022,    248.5875,     62.5603,      3.4953,      0.0000,     -0.0310,      0.5034,      0.1258,      5.5831,     11.1662,      1.1118,     28.5075,     57.0150,      0.0192,      0.0004,      0.0156,      0.2049,   7768.3672,-418823.7188,   -920.7686,    551.2014,  25894.5566,
       1,     168,     293,       5,       1,       3,       1,     10.0000,      1.4004,     42.6022,    248.5875,     62.5603,      3.4953,      0.0000,     -0.0311,      0.5507,      0.1275,      5.5831,     11.1662,      1.1266,     28.5075,     57.0150,      0.0192,      0.0004,      0.0156,      0.2049,   7768.3672,-419070.7500,   -920.8238,    551.1844,  25894.5586,
       1,     168,     293,       6,       1,       3,       1,     10.0000,      1.4004,     42.6022,    248.5875,     62.5603,      3.4953,      0.0000,     -0.0312,      0.6365,      0.1318,      5.5831,     11.1662,      1.1650,     28.5075,     57.0150,      0.0192,      0.0005,      0.0156,      0.2049,   7768.3677,-419150.0625,   -920.8502,    551.1789,  25894.5566,
       1,     168,     293,       7,       1,       3,       1,     10.0000,      1.4004,     42.6022,    248.5875,     62.5603,      3.4953,      0.0000,     -0.0315,      0.8132,      0.1394,      5.5831,     11.1662,      1.2318,     28.5075,     57.0150,      0.0192,      0.0006,      0.0156,      0.2049,   7768.3672,-419263.6875,   -920.8881,    551.1711,  25894.5566,
       1,     168,     293,       8,       1,       3,       1,     10.0000,      1.4004,     42.6022,    248.5875,     62.5603,      3.4953,      0.0130,     -0.0183,      0.6448,      0.1356,      5.5831,     11.1662,      1.1986,     28.5075,     57.0150,      0.0192,      0.0005,      0.0156,      0.2049,   7768.3672,-419492.4062,   -920.9556,    551.1553,  25894.5566,
       1,     168,     293,       9,       1,       3,       1,     10.0000,      1.4004,     42.6022,    248.5875,     62.5603,      3.4953,      0.1103,      0.0786,      4.5473,      0.1444,      5.5831,     11.1662,      1.2762,     28.5075,     57.0150,      0.0192,      0.0004,      0.1385,      0.2049,   7768.3672,-419303.2188,   -920.9475,    551.1684,  25894.5566,
       1,     168,     293,      10,       1,       3,       1,     10.0000,      1.4004,     42.6022,    248.5875,     62.5603,      3.4953,      0.1709,      0.1386,      7.4379,      0.1618,      5.5831,     11.1662,      1.4297,     28.5075,     57.0150,      0.0192,      0.0004,      0.2259,      0.2049,   7768.3672,-424124.7188,   -921.9619,    550.8361,  25894.5547,
       1,     168,     293,      11,       1,       3,       1,     10.0000,      1.4004,     42.6022,    248.5875,     62.5603,      3.4953,      0.1875,      0.1541,     10.0073,      0.1957,      5.5831,     11.1662,      1.7291,     28.5075,     57.0150,      0.0192,      0.0005,      0.2500,      0.2049,   7768.3667,-428120.8438,   -922.9600,    550.5612,  25894.5566,
       1,     168,     293,      12,       1,       3,       1,     10.0000,      1.4004,     42.6022,    248.5875,     62.5603,      3.4953,      0.1882,      0.1546,     25.4766,      0.2028,      5.5831,     11.1662,      1.7917,     28.5075,     57.0150,      0.0192,      0.0013,      0.2493,      0.2049,   7768.3672,-431647.4688,   -924.1223,    550.3185,  25894.5566,
       1,     168,     293,      13,       1,       3,       1,     10.0000,      1.4004,     42.6022,    248.5875,     62.5603,      3.4953,      0.1832,      0.1496,     27.0399,      0.2030,      5.5831,     11.1662,      1.7935,     28.5075,     57.0150,      0.0192,      0.0014,      0.2418,      0.2049,   7768.3672,-451128.9375,   -928.1964,    548.9784,  25894.5586,
       1,     168,     293,      14,       1,       3,       1,     10.0000,      1.4004,     42.6022,    248.5875,     62.5603,      3.4953,      0.1881,      0.1544,     31.5647,      0.2068,      5.5831,     11.1662,      1.8274,     28.5075,     57.0150,      0.0192,      0.0016,      0.2485,      0.2049,   7768.3677,-454734.1562,   -929.2676,    548.7327,  25894.5547,
       1,     168,     293,      15,       1,       3,       1,     10.0000,      1.4004,     42.6022,    248.5875,     62.5603,      3.4953,      0.1822,      0.1483,     51.0211,      0.2107,      5.5831,     11.1662,      1.8619,     28.5075,     57.0150,      0.0192,      0.0026,      0.2376,      0.2049,   7768.3667,-460652.1875,   -930.7984,    548.3268,  25894.5566,
       1,     168,     293,      16,       1,       3,       1,     10.0000,      1.4004,     42.6022,    248.5875,     62.5603,      3.4953,      0.1883,      0.1541,     89.6366,      0.2231,      5.5831,     11.1662,      1.9711,     28.5075,     57.0150,      0.0192,      0.0045,      0.2423,      0.2049,   7768.3672,-485291.0938,   -935.9414,    546.6381,  25894.5566,
       1,     168,     293,      17,       1,       3,       1,     10.0000,      1.4004,     42.6022,    248.5875,     62.5603,      3.4953,      0.1515,      0.1179,     77.9578,      0.2054,      5.5831,     11.1662,      1.8149,     28.5075,     57.0150,      0.0192,      0.0050,      0.1897,      0.2049,   7768.3672,-535315.1250,   -946.1421,    543.2226,  25894.5547,
       1,     168,     293,      18,       1,       3,       1,     10.0000,      1.4004,     42.6022,    248.5875,     62.5603,      3.4953,      0.1276,      0.0943,     58.4377,      0.1930,      5.5831,     11.1662,      1.7053,     28.5075,     57.0150,      0.0192,      0.0046,      0.1570,      0.2048,   7768.3667,-525097.7500,   -944.7617,    543.9271,  25894.5586,
       1,     168,     293,      19,       1,       3,       1,     10.0000,      1.4004,     42.6022,    248.5875,     62.5603,      3.4953,      0.0619,      0.0291,     23.8448,      0.1777,      5.5831,     11.1662,      1.5705,     28.5075,     57.0150,      0.0192,      0.0045,      0.0655,      0.2048,   7768.3677,-499979.0625,   -940.3911,    545.6353,  25894.5566,
       1,     168,     293,      20,       1,       3,       1,     10.0000,      1.4004,     42.6022,    248.5875,     62.5603,      3.4953,      0.0013,     -0.0308,      4.9250,      0.1564,      5.5831,     11.1662,      1.3818,     28.5075,     57.0150,      0.0192,      0.0039,      0.0156,      0.2049,   7768.3672,-454915.6250,   -931.9913,    548.7116,  25894.5566,
       1,     168,     293,      21,       1,       3,       1,     10.0000,      1.4004,     42.6022,    248.5875,     62.5603,      3.4953,      0.0000,     -0.0319,      5.3320,      0.1504,      5.5831,     11.1662,      1.3287,     28.5075,     57.0150,      0.0192,      0.0042,      0.0156,      0.2049,   7768.3672,-427636.3125,   -926.8333,    550.5913,  25894.5566,
       1,     168,     293,      22,       1,       3,       1,     10.0000,      1.4004,     42.6022,    248.5875,     62.5603,      3.4953,      0.0000,     -0.0319,      4.4567,      0.1490,      5.5831,     11.1662,      1.3167,     28.5075,     57.0150,      0.0192,      0.0035,      0.0156,      0.2049,   7768.3672,-425813.4062,   -926.5168,    550.7200,  25894.5586,
       1,     168,     293,      23,       1,       3,       1,     10.0000,      1.4004,     42.6022,    248.5875,     62.5603,      3.4953,      0.0000,     -0.0317,      3.8003,      0.1438,      5.5831,     11.1662,      1.2710,     28.5075,     57.0150,      0.0192,      0.0030,      0.0156,      0.2049,   7768.3677,-424568.1562,   -926.3009,    550.8057,  25894.5586,
       1,     168,     293,      24,       1,       3,       1,     10.0000,      1.4004,     42.6022,    248.5875,     62.5603,      3.4953,      0.0000,     -0.0316,      3.0119,      0.1431,      5.5831,     11.1662,      1.2646,     28.5075,     57.0150,      0.0192,      0.0024,      0.0156,      0.2049,   7768.3677,-423648.3125,   -926.1426,    550.8691,  25894.5566,
       1,     168,     294,       1,       1,       3,       1,     10.0000,      1.4004,     42.6025,    248.5933,     62.5617,      3.4953,      0.0000,     -0.0315,      1.8796,      0.1404,      5.5830,     11.1660,      1.2406,     28.5113,     57.0226,      0.0192,      0.0015,      0.0156,      0.2050,   7768.3672,-422746.5000,   -926.2595,    550.9440,  25895.7109,
       1,     168,     294,       2,       1,       3,       1,     10.0000,      1.4004,     42.6025,    248.5933,     62.5617,      3.4953,      0.0000,     -0.0315,      1.7068,      0.1381,      5.5830,     11.1660,      1.2207,     28.5113,     57.0226,      0.0192,      0.0013,      0.0156,      0.2050,   7768.7134,-421114.1250,   -925.6844,    551.0564,  25895.7090,
       1,     168,     294,       3,       1,       3,       1,     10.0000,      1.4004,     42.6025,    248.5933,     62.5617,      3.4953,      0.0000,     -0.0314,      1.4731,      0.1367,      5.5830,     11.1660,      1.2084,     28.5113,     57.0226,      0.0192,      0.0012,      0.0156,      0.2050,   7768.7129,-420760.7500,   -925.6243,    551.0808,  25895.7090,
       1,     168,     294,       4,       1,       3,       1,     10.0000,      1.4004,     42.6025,    248.5933,     62.5617,      3.4953,      0.0000,     -0.0314,      0.9457,      0.1356,      5.5830,     11.1660,      1.1986,     28.5113,     57.0226,      0.0192,      0.0007,      0.0156,      0.2050,   7768.7129,-420440.8438,   -925.5688,    551.1028,  25895.7090,
       1,     168,     294,       5,       1,       3,       1,     10.0000,      1.4004,     42.6025,    248.5933,     62.5617,      3.4953,      0.0000,     -0.0313,      0.8138,      0.1348,      5.5830,     11.1660,      1.1913,     28.5113,     57.0226,      0.0192,      0.0006,      0.0156,      0.2050,   7768.7129,-419759.7812,   -925.4424,    551.1498,  25895.7090,
       1,     168,     294,       6,       1,       3,       1,     10.0000,      1.4004,     42.6025,    248.5933,     62.5617,      3.4953,      0.0000,     -0.0313,      0.6328,      0.1345,      5.5830,     11.1660,      1.1889,     28.5113,     57.0226,      0.0192,      0.0005,      0.0156,      0.2050,   7768.7129,-419538.1250,   -925.4033,    551.1650,  25895.7090,
       1,     168,     294,       7,       1,       3,       1,     10.0000,      1.4004,     42.6025,    248.5933,     62.5617,      3.4953,      0.0000,     -0.0313,      0.4692,      0.1327,      5.5830,     11.1660,      1.1722,     28.5113,     57.0226,      0.0192,      0.0004,      0.0156,      0.2050,   7768.7129,-419294.9688,   -925.3598,    551.1818,  25895.7090,
       1,     168,     294,       8,       1,       3,       1,     10.0000,      1.4004,     42.6025,    248.5933,     62.5617,      3.4953,      0.0069,     -0.0243,      0.3196,      0.1322,      5.5830,     11.1660,      1.1686,     28.5113,     57.0226,      0.0192,      0.0003,      0.0156,      0.2050,   7768.7129,-419071.3438,   -925.3190,    551.1972,  25895.7109,
       1,     168,     294,       9,       1,       3,       1,     10.0000,      1.4004,     42.6025,    248.5933,     62.5617,      3.4953,      0.1262,      0.0943,      3.7743,      0.1493,      5.5830,     11.1660,      1.3194,     28.5113,     57.0226,      0.0192,      0.0003,      0.1616,      0.2050,   7768.7134,-418866.6250,   -925.2806,    551.2113,  25895.7090,
       1,     168,     294,      10,       1,       3,       1,     10.0000,      1.4004,     42.6025,    248.5933,     62.5617,      3.4953,      0.1763,      0.1438,      6.2870,      0.1687,      5.5830,     11.1660,      1.4911,     28.5113,     57.0226,      0.0192,      0.0003,      0.2339,      0.2050,   7768.7129,-423131.4062,   -926.1057,    550.9174,  25895.7090,
       1,     168,     294,      11,       1,       3,       1,     10.0000,      1.4004,     42.6025,    248.5933,     62.5617,      3.4953,      0.1873,      0.1537,      8.3536,      0.2040,      5.5830,     11.1660,      1.8024,     28.5113,     57.0226,      0.0192,      0.0004,      0.2500,      0.2050,   7768.7129,-426610.8125,   -926.7798,    550.6779,  25895.7090,
       1,     168,     294,      12,       1,       3,       1,     10.0000,      1.4004,     42.6025,    248.5933,     62.5617,      3.4953,      0.1873,      0.1531,      9.2593,      0.2231,      5.5830,     11.1660,      1.9712,     28.5113,     57.0226,      0.0192,      0.0005,      0.2500,      0.2050,   7768.7129,-429469.7188,   -927.2988,    550.4811,  25895.7090,
       1,     168,     294,      13,       1,       3,       1,     10.0000,      1.4004,     42.6025,    248.5933,     62.5617,      3.4953,      0.1692,      0.1354,      7.7046,      0.2095,      5.5830,     11.1660,      1.8510,     28.5113,     57.0226,      0.0192,      0.0004,      0.2236,      0.2050,   7768.7129,-430836.5938,   -927.5056,    550.3871,  25895.7070,
       1,     168,     294,      14,       1,       3,       1,     10.0000,      1.4004,     42.6025,    248.5933,     62.5617,      3.4953,      0.1883,      0.1543,     22.3488,      0.2181,      5.5830,     11.1660,      1.9272,     28.5113,     57.0226,      0.0192,      0.0011,      0.2500,      0.2050,   7768.7124,-429026.1875,   -927.1293,    550.5117,  25895.7070,
       1,     168,     294,      15,       1,       3,       1,     10.0000,      1.4004,     42.6025,    248.5933,     62.5617,      3.4953,      0.1906,      0.1561,     53.2808,      0.2373,      5.5830,     11.1660,      2.0965,     28.5113,     57.0226,      0.0192,      0.0026,      0.2500,      0.2050,   7768.7124,-447026.1875,   -930.5237,    549.2730,  25895.7070,
       1,     168,     294,      16,       1,       3,       1,     10.0000,      1.4004,     42.6025,    248.5933,     62.5617,      3.4953,      0.1916,      0.1568,     95.8836,      0.2498,      5.5830,     11.1660,      2.2076,     28.5113,     57.0226,      0.0192,      0.0048,      0.2468,      0.2049,   7768.7124,-486922.8750,   -938.2933,    546.5352,  25895.7051,
       1,     168,     294,      17,       1,       3,       1,     10.0000,      1.4004,     42.6025,    248.5933,     62.5617,      3.4953,      0.1601,      0.1259,     90.9265,      0.2248,      5.5830,     11.1660,      1.9867,     28.5113,     57.0226,      0.0192,      0.0056,      0.2008,      0.2049,   7768.7119,-543201.4375,   -949.4417,    542.6973,  25895.7070,
       1,     168,     294,      18,       1,       3,       1,     10.0000,      1.4004,     42.6025,    248.5933,     62.5617,      3.4953,      0.0833,      0.0502,     32.8630,      0.1890,      5.5830,     11.1660,      1.6703,     28.5113,     57.0226,      0.0192,      0.0042,      0.0954,      0.2048,   7768.7124,-541866.3125,   -949.5400,    542.8013,  25895.7070,
       1,     168,     294,      19,       1,       3,       1,     10.0000,      1.4004,     42.6025,    248.5933,     62.5617,      3.4953,      0.0183,     -0.0145,      1.6062,      0.1747,      5.5830,     11.1660,      1.5441,     28.5113,     57.0226,      0.0192,      0.0042,      0.0047,      0.2048,   7768.7124,-469628.6562,   -935.6617,    547.7026,  25895.7070,
       1,     168,     294,      20,       1,       3,       1,     10.0000,      1.4004,     42.6025,    248.5933,     62.5617,      3.4953,      0.0012,     -0.0312,      6.1937,      0.1651,      5.5830,     11.1660,      1.4587,     28.5113,     57.0226,      0.0192,      0.0049,      0.0156,      0.2049,   7768.7124,-424784.2188,   -926.9015,    550.7949,  25895.7070,
       1,     168,     294,      21,       1,       3,       1,     10.0000,      1.4004,     42.6025,    248.5933,     62.5617,      3.4953,      0.0000,     -0.0321,      6.6737,      0.1569,      5.5830,     11.1660,      1.3860,     28.5113,     57.0226,      0.0192,      0.0052,      0.0156,      0.2050,   7768.7124,-426647.4062,   -927.2171,    550.6754,  25895.7070,
       1,     168,     294,      22,       1,       3,       1,     10.0000,      1.4004,     42.6025,    248.5933,     62.5617,      3.4953,      0.0000,     -0.0320,      5.6374,      0.1516,      5.5830,     11.1660,      1.3394,     28.5113,     57.0226,      0.0192,      0.0044,      0.0156,      0.2050,   7768.7124,-427390.6562,   -927.3228,    550.6243,  25895.7070,
       1,     168,     294,      23,       1,       3,       1,     10.0000,      1.4004,     42.6025,    248.5933,     62.5617,      3.4953,      0.0000,     -0.0319,      3.5942,      0.1498,      5.5830,     11.1660,      1.3234,     28.5113,     57.0226,      0.0192,      0.0028,      0.0156,      0.2050,   7768.7124,-426169.3750,   -927.0576,    550.7084,  25895.7070,
       1,     168,     294,      24,       1,       3,       1,     10.0000,      1.4004,     42.6025,    248.5933,     62.5617,      3.4953,      0.0000,     -0.0319,      3.2284,      0.1510,      5.5830,     11.1660,      1.3341,     28.5113,     57.0226,      0.0192,      0.0025,      0.0156,      0.2050,   7768.7124,-423532.1250,   -926.5294,    550.8898,  25895.7051,
       1,     168,     295,       1,       1,       3,       1,     10.0000,      1.4005,     42.6028,    248.5991,     62.5632,      3.4953,      0.0000,     -0.0318,      2.8321,      0.1481,      5.5833,     11.1666,      1.3088,     28.5133,     57.0267,      0.0192,      0.0022,      0.0156,      0.2050,   7768.7119,-423008.0000,   -926.6877,    550.9390,  25896.8574,
       1,     168,     295,       2,       1,       3,       1,     10.0000,      1.4005,     42.6028,    248.5991,     62.5632,      3.4953,      0.0000,     -0.0318,      1.5147,      0.1481,      5.5833,     11.1666,      1.3088,     28.5133,     57.0267,      0.0192,      0.0012,      0.0156,      0.2050,   7769.0576,-422320.0625,   -926.2612,    550.9864,  25896.8594,
       1,     168,     295,       3,       1,       3,       1,     10.0000,      1.4005,     42.6028,    248.5991,     62.5632,      3.4953,      0.0000,     -0.0317,      0.7233,      0.1452,      5.5833,     11.1666,      1.2827,     28.5133,     57.0267,      0.0192,      0.0006,      0.0156,      0.2050,   7769.0581,-420628.3125,   -925.9236,    551.1028,  25896.8574,
       1,     168,     295,       4,       1,       3,       1,     10.0000,      1.4005,     42.6028,    248.5991,     62.5632,      3.4953,      0.0000,     -0.0316,      0.5546,      0.1418,      5.5833,     11.1666,      1.2532,     28.5133,     57.0267,      0.0192,      0.0004,      0.0156,      0.2050,   7769.0576,-419503.2500,   -925.7040,    551.1804,  25896.8574,
       1,     168,     295,       5,       1,       3,       1,     10.0000,      1.4005,     42.6028,    248.5991,     62.5632,      3.4953,      0.0000,     -0.0316,      0.5948,      0.1423,      5.5833,     11.1666,      1.2570,     28.5133,     57.0267,      0.0192,      0.0005,      0.0156,      0.2050,   7769.0576,-419198.0000,   -925.6451,    551.2014,  25896.8594,
       1,     168,     295,       6,       1,       3,       1,     10.0000,      1.4005,     42.6028,    248.5991,     62.5632,      3.4953,      0.0000,     -0.0315,      0.4005,      0.1386,      5.5833,     11.1666,      1.2244,     28.5133,     57.0267,      0.0192,      0.0003,      0.0156,      0.2050,   7769.0581,-419221.7188,   -925.6495,    551.1998,  25896.8574,
       1,     168,     295,       7,       1,       3,       1,     10.0000,      1.4005,     42.6028,    248.5991,     62.5632,      3.4953,      0.0000,     -0.0315,      0.3634,      0.1380,      5.5833,     11.1666,      1.2195,     28.5133,     57.0267,      0.0192,      0.0003,      0.0156,      0.2050,   7769.0576,-418983.0000,   -925.6045,    551.2162,  25896.8574,
       1,     168,     295,       8,       1,       3,       1,     10.0000,      1.4005,     42.6028,    248.5991,     62.5632,      3.4953,      0.0297,     -0.0018,      0.4838,      0.1370,      5.5833,     11.1666,      1.2109,     28.5133,     57.0267,      0.0192,      0.0003,      0.0229,      0.2050,   7769.0576,-418916.5938,   -925.5926,    551.2208,  25896.8574,
       1,     168,     295,       9,       1,       3,       1,     10.0000,      1.4005,     42.6028,    248.5991,     62.5632,      3.4953,      0.1283,      0.0962,      4.0204,      0.1553,      5.5833,     11.1666,      1.3722,     28.5133,     57.0267,      0.0192,      0.0003,      0.1645,      0.2050,   7769.0576,-419060.3125,   -925.6126,    551.2109,  25896.8574,
       1,     168,     295,      10,       1,       3,       1,     10.0000,      1.4005,     42.6028,    248.5991,     62.5632,      3.4953,      0.1793,      0.1458,      7.6251,      0.1965,      5.5833,     11.1666,      1.7361,     28.5133,     57.0267,      0.0192,      0.0004,      0.2382,      0.2050,   7769.0576,-423455.6562,   -926.4298,    550.9081,  25896.8574,
       1,     168,     295,      11,       1,       3,       1,     10.0000,      1.4005,     42.6028,    248.5991,     62.5632,      3.4953,      0.1873,      0.1533,      8.9917,      0.2175,      5.5833,     11.1666,      1.9215,     28.5133,     57.0267,      0.0192,      0.0004,      0.2500,      0.2050,   7769.0576,-428299.0938,   -927.2410,    550.5746,  25896.8594,
       1,     168,     295,      12,       1,       3,       1,     10.0000,      1.4005,     42.6028,    248.5991,     62.5632,      3.4953,      0.1872,      0.1527,      9.9293,      0.2370,      5.5833,     11.1666,      2.0945,     28.5133,     57.0267,      0.0192,      0.0005,      0.2500,      0.2050,   7769.0581,-430406.5625,   -927.3724,    550.4296,  25896.8574,
       1,     168,     295,      13,       1,       3,       1,     10.0000,      1.4005,     42.6028,    248.5991,     62.5632,      3.4953,      0.1836,      0.1491,      9.6288,      0.2352,      5.5833,     11.1666,      2.0782,     28.5133,     57.0267,      0.0192,      0.0005,      0.2446,      0.2050,   7769.0576,-431748.8438,   -927.3614,    550.3374,  25896.8555,
       1,     168,     295,      14,       1,       3,       1,     10.0000,      1.4005,     42.6028,    248.5991,     62.5632,      3.4953,      0.1157,      0.0825,      9.5906,      0.1898,      5.5833,     11.1666,      1.6769,     28.5133,     57.0267,      0.0192,      0.0008,      0.1453,      0.2050,   7769.0571,-431491.1250,   -927.1169,    550.3550,  25896.8574,
       1,     168,     295,      15,       1,       3,       1,     10.0000,      1.4005,     42.6028,    248.5991,     62.5632,      3.4953,      0.1265,      0.0940,     40.4713,      0.1691,      5.5833,     11.1666,      1.4941,     28.5133,     57.0267,      0.0192,      0.0031,      0.1577,      0.2050,   7769.0576,-431421.5312,   -912.6962,    550.3599,  25896.8555,
       1,     168,     295,      16,       1,       3,       1,     10.0000,      1.4005,     42.6028,    248.5991,     62.5632,      3.4953,      0.1274,      0.0946,     54.8975,      0.1758,      5.5833,     11.1666,      1.5534,     28.5133,     57.0267,      0.0192,      0.0043,      0.1572,      0.2050,   7769.0571,-469695.8125,   -920.6246,    547.7268,  25896.8555,
       1,     168,     295,      17,       1,       3,       1,     10.0000,      1.4005,     42.6028,    248.5991,     62.5632,      3.4953,      0.1190,      0.0861,     64.0427,      0.1818,      5.5833,     11.1666,      1.6069,     28.5133,     57.0267,      0.0192,      0.0055,      0.1440,      0.2049,   7769.0571,-490870.6250,   -925.7646,    546.2833,  25896.8574,
       1,     168,     295,      18,       1,       3,       1,     10.0000,      1.4005,     42.6028,    248.5991,     62.5632,      3.4953,      0.1105,      0.0775,     55.2652,      0.1826,      5.5833,     11.1666,      1.6133,     28.5133,     57.0267,      0.0192,      0.0051,      0.1325,      0.2049,   7769.0576,-504017.2812,   -929.5243,    545.3875,  25896.8574,
       1,     168,     295,      19,       1,       3,       1,     10.0000,      1.4005,     42.6028,    248.5991,     62.5632,      3.4953,      0.0538,      0.0210,     10.6976,      0.1763,      5.5833,     11.1666,      1.5581,     28.5133,     57.0267,      0.0192,      0.0024,      0.0552,      0.2049,   7769.0576,-494242.9688,   -928.9783,    546.0546,  25896.8574,
       1,     168,     295,      20,       1,       3,       1,     10.0000,      1.4005,     42.6028,    248.5991,     62.5632,      3.4953,      0.0006,     -0.0316,      1.8562,      0.1597,      5.5833,     11.1666,      1.4113,     28.5133,     57.0267,      0.0192,      0.0015,      0.0156,      0.2049,   7769.0576,-438113.5938,   -919.2325,    549.8862,  25896.8574,
       1,     168,     295,      21,       1,       3,       1,     10.0000,      1.4005,     42.6028,    248.5991,     62.5632,      3.4953,      0.0000,     -0.0319,      1.4768,      0.1487,      5.5833,     11.1666,      1.3141,     28.5133,     57.0267,      0.0192,      0.0012,      0.0156,      0.2050,   7769.0576,-422414.2812,   -916.5159,    550.9788,  25896.8574,
       1,     168,     295,      22,       1,       3,       1,     10.0000,      1.4005,     42.6028,    248.5991,     62.5632,      3.4953,      0.0000,     -0.0318,      1.7288,      0.1478,      5.5833,     11.1666,      1.3062,     28.5133,     57.0267,      0.0192,      0.0014,      0.0156,      0.2050,   7769.0576,-420590.9375,   -916.3120,    551.1054,  25896.8574,
       1,     168,     295,      23,       1,       3,       1,     10.0000,      1.4005,     42.6028,    248.5991,     62.5632,      3.4953,      0.0000,     -0.0314,      1.9089,      0.1368,      5.5833,     11.1666,      1.2084,     28.5133,     57.0267,      0.0192,      0.0015,      0.0156,      0.2050,   7769.0576,-420746.3125,   -916.4708,    551.0948,  25896.8594,
       1,     168,     295,      24,       1,       3,       1,     10.0000,      1.4005,     42.6028,    248.5991,     62.5632,      3.4953,      0.0000,     -0.0313,      1.2482,      0.1344,      5.5833,     11.1666,      1.1878,     28.5133,     57.0267,      0.0192,      0.0010,      0.0156,      0.2050,   7769.0581,-420982.5000,   -916.6825,    551.0785,  25896.8574,
       1,     168,     296,       1,       1,       3,       1,     10.0000,      1.4005,     42.6032,    248.6050,     62.5647,      3.4953,      0.0000,     -0.0314,      0.5015,      0.1355,      5.5835,     11.1670,      1.1975,     28.5120,     57.0240,      0.0192,      0.0004,      0.0156,      0.2050,   7769.0576,-420338.4688,   -916.9190,    551.1357,  25898.0098,
       1,     168,     296,       2,       1,       3,       1,     10.0000,      1.4005,     42.6032,    248.6050,     62.5647,      3.4953,      0.0000,     -0.0314,      0.6770,      0.1373,      5.5835,     11.1670,      1.2133,     28.5120,     57.0240,      0.0192,      0.0005,      0.0156,      0.2050,   7769.4033,-419206.5000,   -916.4663,    551.2137,  25898.0098,
       1,     168,     296,       3,       1,       3,       1,     10.0000,      1.4005,     42.6032,    248.6050,     62.5647,      3.4953,      0.0000,     -0.0315,      1.1071,      0.1387,      5.5835,     11.1670,      1.2257,     28.5120,     57.0240,      0.0192,      0.0009,      0.0156,      0.2050,   7769.4033,-419327.2812,   -916.5078,    551.2054,  25898.0117,
       1,     168,     296,       4,       1,       3,       1,     10.0000,      1.4005,     42.6032,    248.6050,     62.5647,      3.4953,      0.0000,     -0.0315,      0.3658,      0.1388,      5.5835,     11.1670,      1.2269,     28.5120,     57.0240,      0.0192,      0.0003,      0.0156,      0.2050,   7769.4038,-419870.3750,   -916.6451,    551.1679,  25898.0098,
       1,     168,     296,       5,       1,       3,       1,     10.0000,      1.4005,     42.6032,    248.6050,     62.5647,      3.4953,      0.0000,     -0.0315,      0.3353,      0.1388,      5.5835,     11.1670,      1.2269,     28.5120,     57.0240,      0.0192,      0.0003,      0.0156,      0.2050,   7769.4033,-418998.3750,   -916.4907,    551.2280,  25898.0098,
       1,     168,     296,       6,       1,       3,       1,     10.0000,      1.4005,     42.6032,    248.6050,     62.5647,      3.4953,      0.0000,     -0.0314,      0.3292,      0.1366,      5.5835,     11.1670,      1.2072,     28.5120,     57.0240,      0.0192,      0.0003,      0.0156,      0.2050,   7769.4033,-418886.0938,   -916.4721,    551.2358,  25898.0117,
       1,     168,     296,       7,       1,       3,       1,     10.0000,      1.4005,     42.6032,    248.6050,     62.5647,      3.4953,      0.0000,     -0.0314,      0.3318,      0.1376,      5.5835,     11.1670,      1.2158,     28.5120,     57.0240,      0.0192,      0.0003,      0.0156,      0.2050,   7769.4038,-418868.7188,   -916.4701,    551.2370,  25898.0098,
       1,     168,     296,       8,       1,       3,       1,     10.0000,      1.4005,     42.6032,    248.6050,     62.5647,      3.4953,      0.0095,     -0.0219,      0.3254,      0.1352,      5.5835,     11.1670,      1.1950,     28.5120,     57.0240,      0.0192,      0.0003,      0.0156,      0.2050,   7769.4033,-418870.7188,   -916.4725,    551.2369,  25898.0098,
       1,     168,     296,       9,       1,       3,       1,     10.0000,      1.4005,     42.6032,    248.6050,     62.5647,      3.4953,      0.1047,      0.0731,      2.8752,      0.1417,      5.5835,     11.1670,      1.2520,     28.5120,     57.0240,      0.0192,      0.0003,      0.1307,      0.2050,   7769.4033,-418862.8438,   -916.4889,    551.2374,  25898.0078,
       1,     168,     296,      10,       1,       3,       1,     10.0000,      1.4005,     42.6032,    248.6050,     62.5647,      3.4953,      0.1765,      0.1434,      7.1483,      0.1885,      5.5835,     11.1670,      1.6654,     28.5120,     57.0240,      0.0192,      0.0004,      0.2343,      0.2050,   7769.4028,-422022.3125,   -917.3112,    551.0197,  25898.0098,
       1,     168,     296,      11,       1,       3,       1,     10.0000,      1.4005,     42.6032,    248.6050,     62.5647,      3.4953,      0.1622,      0.1288,      6.7595,      0.1947,      5.5835,     11.1670,      1.7207,     28.5120,     57.0240,      0.0192,      0.0004,      0.2134,      0.2050,   7769.4033,-427587.5625,   -919.4256,    550.6364,  25898.0078,
       1,     168,     296,      12,       1,       3,       1,     10.0000,      1.4005,     42.6032,    248.6050,     62.5647,      3.4953,      0.1860,      0.1525,      8.1313,      0.2006,      5.5835,     11.1670,      1.7725,     28.5120,     57.0240,      0.0192,      0.0004,      0.2481,      0.2050,   7769.4028,-427581.4062,   -920.2354,    550.6370,  25898.0098,
       1,     168,     296,      13,       1,       3,       1,     10.0000,      1.4005,     42.6032,    248.6050,     62.5647,      3.4953,      0.1873,      0.1534,      8.7809,      0.2130,      5.5835,     11.1670,      1.8823,     28.5120,     57.0240,      0.0192,      0.0004,      0.2500,      0.2050,   7769.4033,-429280.4688,   -921.4498,    550.5200,  25898.0098,
       1,     168,     296,      14,       1,       3,       1,     10.0000,      1.4005,     42.6032,    248.6050,     62.5647,      3.4953,      0.1874,      0.1534,      9.5348,      0.2134,      5.5835,     11.1670,      1.8861,     28.5120,     57.0240,      0.0192,      0.0005,      0.2500,      0.2050,   7769.4033,-430230.7500,   -922.5345,    550.4547,  25898.0078,
       1,     168,     296,      15,       1,       3,       1,     10.0000,      1.4005,     42.6032,    248.6050,     62.5647,      3.4953,      0.0933,      0.0606,     21.8370,      0.1735,      5.5835,     11.1670,      1.5334,     28.5120,     57.0240,      0.0192,      0.0024,      0.1115,      0.2050,   7769.4028,-431246.5938,   -923.3037,    550.3847,  25898.0117,
       1,     168,     296,      16,       1,       3,       1,     10.0000,      1.4005,     42.6032,    248.6050,     62.5647,      3.4953,      0.0294,     -0.0018,      4.1253,      0.1304,      5.5835,     11.1670,      1.1521,     28.5120,     57.0240,      0.0192,      0.0023,      0.0223,      0.2050,   7769.4038,-446580.8125,   -915.6937,    549.3297,  25898.0098,
       1,     168,     296,      17,       1,       3,       1,     10.0000,      1.4005,     42.6032,    248.6050,     62.5647,      3.4953,      0.1154,      0.0839,     28.5753,      0.1381,      5.5835,     11.1670,      1.2207,     28.5120,     57.0240,      0.0192,      0.0024,      0.1432,      0.2050,   7769.4033,-425934.0625,   -911.8183,    550.7485,  25898.0098,
       1,     168,     296,      18,       1,       3,       1,     10.0000,      1.4005,     42.6032,    248.6050,     62.5647,      3.4953,      0.1146,      0.0826,     42.4647,      0.1533,      5.5835,     11.1670,      1.3544,     28.5120,     57.0240,      0.0192,      0.0037,      0.1403,      0.2050,   7769.4033,-454479.6875,   -917.7388,    548.7852,  25898.0098,
       1,     168,     296,      19,       1,       3,       1,     10.0000,      1.4005,     42.6032,    248.6050,     62.5647,      3.4953,      0.0474,      0.0155,     14.3091,      0.1499,      5.5835,     11.1670,      1.3248,     28.5120,     57.0240,      0.0192,      0.0038,      0.0464,      0.2050,   7769.4033,-474143.6562,   -922.3600,    547.4398,  25898.0117,
       1,     168,     296,      20,       1,       3,       1,     10.0000,      1.4005,     42.6032,    248.6050,     62.5647,      3.4953,      0.0012,     -0.0303,      1.9681,      0.1405,      5.5835,     11.1670,      1.2419,     28.5120,     57.0240,      0.0192,      0.0015,      0.0156,      0.2050,   7769.4038,-440899.0312,   -917.0915,    549.7164,  25898.0098,
       1,     168,     296,      21,       1,       3,       1,     10.0000,      1.4005,     42.6032,    248.6050,     62.5647,      3.4953,      0.0000,     -0.0316,      0.3531,      0.1415,      5.5835,     11.1670,      1.2507,     28.5120,     57.0240,      0.0192,      0.0003,      0.0156,      0.2050,   7769.4033,-422781.4688,   -913.9636,    550.9660,  25898.0098,
       1,     168,     296,      22,       1,       3,       1,     10.0000,      1.4005,     42.6032,    248.6050,     62.5647,      3.4953,      0.0000,     -0.0317,      0.6326,      0.1440,      5.5835,     11.1670,      1.2724,     28.5120,     57.0240,      0.0192,      0.0005,      0.0156,      0.2050,   7769.4033,-419232.7812,   -913.3276,    551.2119,  25898.0098,
       1,     168,     296,      23,       1,       3,       1,     10.0000,      1.4005,     42.6032,    248.6050,     62.5647,      3.4953,      0.0000,     -0.0315,      0.9908,      0.1393,      5.5835,     11.1670,      1.2306,     28.5120,     57.0240,      0.0192,      0.0008,      0.0156,      0.2050,   7769.4033,-419274.5625,   -913.3718,    551.2090,  25898.0117,
       1,     168,     296,      24,       1,       3,       1,     10.0000,      1.4005,     42.6032,    248.6050,     62.5647,      3.4953,      0.0000,     -0.0315,      1.2703,      0.1396,      5.5835,     11.1670,      1.2331,     28.5120,     57.0240,      0.0192,      0.0010,      0.0156,      0.2050,   7769.4038,-419721.8750,   -910.3123,    551.1782,  25898.0098,
       1,     168,     297,       1,       1,       3,       1,     10.0000,      1.4005,     42.6035,    248.6108,     62.5661,      3.4953,      0.0000,     -0.0315,      0.6671,      0.1386,      5.5842,     11.1683,      1.2245,     28.5076,     57.0152,      0.0192,      0.0005,      0.0156,      0.2050,   7769.4033,-420260.7500,   -910.7231,    551.1541,  25899.1602,
       1,     168,     297,       2,       1,       3,       1,     10.0000,      1.4005,     42.6035,    248.6108,     62.5661,      3.4953,      0.0000,     -0.0315,      0.3687,      0.1398,      5.5842,     11.1683,      1.2357,     28.5076,     57.0152,      0.0192,      0.0003,      0.0156,      0.2050,   7769.7485,-419407.9375,   -910.3666,    551.2128,  25899.1621,
       1,     168,     297,       3,       1,       3,       1,     10.0000,      1.4005,     42.6035,    248.6108,     62.5661,      3.4953,      0.0000,     -0.0314,      0.6582,      0.1370,      5.5842,     11.1683,      1.2109,     28.5076,     57.0152,      0.0192,      0.0005,      0.0156,      0.2050,   7769.7490,-418965.0625,   -910.2933,    551.2433,  25899.1602,
       1,     168,     297,       4,       1,       3,       1,     10.0000,      1.4005,     42.6035,    248.6108,     62.5661,      3.4953,      0.0000,     -0.0314,      0.6254,      0.1358,      5.5842,     11.1683,      1.1999,     28.5076,     57.0152,      0.0192,      0.0005,      0.0156,      0.2050,   7769.7485,-419286.2812,   -910.3936,    551.2212,  25899.1582,
       1,     168,     297,       5,       1,       3,       1,     10.0000,      1.4005,     42.6035,    248.6108,     62.5661,      3.4953,      0.0000,     -0.0313,      0.3809,      0.1337,      5.5842,     11.1683,      1.1818,     28.5076,     57.0152,      0.0192,      0.0003,      0.0156,      0.2050,   7769.7476,-419273.2188,   -910.4300,    551.2221,  25899.1621,
       1,     168,     297,       6,       1,       3,       1,     10.0000,      1.4005,     42.6035,    248.6108,     62.5661,      3.4953,      0.0000,     -0.0314,      1.0390,      0.1370,      5.5842,     11.1683,      1.2109,     28.5076,     57.0152,      0.0192,      0.0008,      0.0156,      0.2050,   7769.7490,-418968.7812,   -910.3848,    551.2430,  25899.1621,
       1,     168,     297,       7,       1,       3,       1,     10.0000,      1.4005,     42.6035,    248.6108,     62.5661,      3.4953,      0.0000,     -0.0313,      0.4973,      0.1336,      5.5842,     11.1683,      1.1806,     28.5076,     57.0152,      0.0192,      0.0004,      0.0156,      0.2050,   7769.7490,-419758.1875,   -910.6231,    551.1887,  25899.1602,
       1,     168,     297,       8,       1,       3,       1,     10.0000,      1.4005,     42.6035,    248.6108,     62.5661,      3.4953,      0.0086,     -0.0228,      0.4837,      0.1369,      5.5842,     11.1683,      1.2097,     28.5076,     57.0152,      0.0192,      0.0004,      0.0156,      0.2050,   7769.7485,-419154.5938,   -910.5424,    551.2302,  25899.1621,
       1,     168,     297,       9,       1,       3,       1,     10.0000,      1.4005,     42.6035,    248.6108,     62.5661,      3.4953,      0.0513,      0.0197,      1.6458,      0.1427,      5.5842,     11.1683,      1.2609,     28.5076,     57.0152,      0.0192,      0.0004,      0.0537,      0.2050,   7769.7490,-419086.0625,   -910.5764,    551.2350,  25899.1582,
       1,     168,     297,      10,       1,       3,       1,     10.0000,      1.4005,     42.6035,    248.6108,     62.5661,      3.4953,      0.0765,      0.0446,      2.2270,      0.1487,      5.5842,     11.1683,      1.3142,     28.5076,     57.0152,      0.0192,      0.0003,      0.0899,      0.2050,   7769.7476,-420520.4688,   -911.0064,    551.1362,  25899.1582,
       1,     168,     297,      11,       1,       3,       1,     10.0000,      1.4005,     42.6035,    248.6108,     62.5661,      3.4953,      0.1244,      0.0925,      3.7727,      0.1495,      5.5842,     11.1683,      1.3208,     28.5076,     57.0152,      0.0192,      0.0003,      0.1590,      0.2050,   7769.7476,-421363.1562,   -911.3513,    551.0781,  25899.1602,
       1,     168,     297,      12,       1,       3,       1,     10.0000,      1.4005,     42.6035,    248.6108,     62.5661,      3.4953,      0.1873,      0.1548,      6.7073,      0.1686,      5.5842,     11.1683,      1.4897,     28.5076,     57.0152,      0.0192,      0.0003,      0.2498,      0.2050,   7769.7485,-423350.2812,   -912.0804,    550.9412,  25899.1582,
       1,     168,     297,      13,       1,       3,       1,     10.0000,      1.4005,     42.6035,    248.6108,     62.5661,      3.4953,      0.1874,      0.1544,      7.3717,      0.1829,      5.5842,     11.1683,      1.6166,     28.5076,     57.0152,      0.0192,      0.0004,      0.2500,      0.2050,   7769.7476,-427156.5625,   -913.7670,    550.6791,  25899.1621,
       1,     168,     297,      14,       1,       3,       1,     10.0000,      1.4005,     42.6035,    248.6108,     62.5661,      3.4953,      0.1874,      0.1542,      8.8697,      0.1919,      5.5842,     11.1683,      1.6954,     28.5076,     57.0152,      0.0192,      0.0004,      0.2500,      0.2050,   7769.7490,-428304.5938,   -915.3240,    550.6001,  25899.1602,
       1,     168,     297,      15,       1,       3,       1,     10.0000,      1.4005,     42.6035,    248.6108,     62.5661,      3.4953,      0.0594,      0.0270,      2.6309,      0.1623,      5.5842,     11.1683,      1.4342,     28.5076,     57.0152,      0.0192,      0.0005,      0.0646,      0.2050,   7769.7485,-430259.0938,   -916.8918,    550.4656,  25899.1602,
       1,     168,     297,      16,       1,       3,       1,     10.0000,      1.4005,     42.6035,    248.6108,     62.5661,      3.4953,      0.1244,      0.0923,      9.0480,      0.1542,      5.5842,     11.1683,      1.3626,     28.5076,     57.0152,      0.0192,      0.0007,      0.1583,      0.2050,   7769.7485,-422694.2188,   -910.9988,    550.9862,  25899.1602,
       1,     168,     297,      17,       1,       3,       1,     10.0000,      1.4005,     42.6035,    248.6108,     62.5661,      3.4953,      0.0617,      0.0295,      9.4598,      0.1588,      5.5842,     11.1683,      1.4029,     28.5076,     57.0152,      0.0192,      0.0017,      0.0673,      0.2050,   7769.7485,-430001.0312,   -913.0052,    550.4832,  25899.1621,
       1,     168,     297,      18,       1,       3,       1,     10.0000,      1.4005,     42.6035,    248.6108,     62.5661,      3.4953,      0.0696,      0.0377,     15.5240,      0.1504,      5.5842,     11.1683,      1.3288,     28.5076,     57.0152,      0.0192,      0.0024,      0.0784,      0.2050,   7769.7490,-431135.2812,   -912.7572,    550.4054,  25899.1602,
       1,     168,     297,      19,       1,       3,       1,     10.0000,      1.4005,     42.6035,    248.6108,     62.5661,      3.4953,      0.0447,      0.0127,     10.0327,      0.1513,      5.5842,     11.1683,      1.3368,     28.5076,     57.0152,      0.0192,      0.0029,      0.0429,      0.2050,   7769.7485,-438747.3438,   -914.2539,    549.8817,  25899.1602,
       1,     168,     297,      20,       1,       3,       1,     10.0000,      1.4005,     42.6035,    248.6108,     62.5661,      3.4953,      0.0016,     -0.0303,      1.3555,      0.1492,      5.5842,     11.1683,      1.3181,     28.5076,     57.0152,      0.0192,      0.0011,      0.0156,      0.2050,   7769.7485,-432591.1875,   -913.7270,    550.3051,  25899.1582,
       1,     168,     297,      21,       1,       3,       1,     10.0000,      1.4005,     42.6035,    248.6108,     62.5661,      3.4953,      0.0000,     -0.0319,      0.3644,      0.1493,      5.5842,     11.1683,      1.3195,     28.5076,     57.0152,      0.0192,      0.0003,      0.0156,      0.2050,   7769.7476,-421312.5312,   -911.8400,    551.0811,  25899.1602,
       1,     168,     297,      22,       1,       3,       1,     10.0000,      1.4005,     42.6035,    248.6108,     62.5661,      3.4953,      0.0000,     -0.0319,      0.3687,      0.1508,      5.5842,     11.1683,      1.3328,     28.5076,     57.0152,      0.0192,      0.0003,      0.0156,      0.2050,   7769.7485,-419123.2812,   -911.4497,    551.2324,  25899.1602,
       1,     168,     297,      23,       1,       3,       1,     10.0000,      1.4005,     42.6035,    248.6108,     62.5661,      3.4953,      0.0000,     -0.0319,      0.5026,      0.1510,      5.5842,     11.1683,      1.3342,     28.5076,     57.0152,      0.0192,      0.0004,      0.0156,      0.2050,   7769.7485,-418940.9375,   -911.4188,    551.2449,  25899.1602,
       1,     168,     297,      24,       1,       3,       1,     10.0000,      1.4005,     42.6035,    248.6108,     62.5661,      3.4953,      0.0000,     -0.0319,      0.5512,      0.1489,      5.5842,     11.1683,      1.3155,     28.5076,     57.0152,      0.0192,      0.0004,      0.0156,      0.2050,   7769.7485,-419091.4375,   -911.4611,    551.2346,  25899.1602,
       1,     168,     298,       1,       1,       3,       1,     10.0000,      1.4005,     42.6038,    248.6166,     62.5676,      3.4953,      0.0000,     -0.0316,      0.5752,      0.1418,      5.5844,     11.1689,      1.2533,     28.4975,     56.9951,      0.0192,      0.0005,      0.0156,      0.2051,   7769.7485,-419319.0312,   -910.4302,    551.2320,  25900.3105,
       1,     168,     298,       2,       1,       3,       1,     10.0000,      1.4005,     42.6038,    248.6166,     62.5676,      3.4953,      0.0000,     -0.0314,      0.6861,      0.1365,      5.5844,     11.1689,      1.2060,     28.4975,     56.9951,      0.0192,      0.0005,      0.0156,      0.2051,   7770.0933,-419216.6875,   -910.1761,    551.2391,  25900.3125,
       1,     168,     298,       3,       1,       3,       1,     10.0000,      1.4005,     42.6038,    248.6166,     62.5676,      3.4953,      0.0000,     -0.0310,      0.5376,      0.1260,      5.5844,     11.1689,      1.1130,     28.4975,     56.9951,      0.0192,      0.0004,      0.0156,      0.2051,   7770.0942,-419345.0625,   -910.2452,    551.2302,  25900.3105,
       1,     168,     298,       4,       1,       3,       1,     10.0000,      1.4005,     42.6038,    248.6166,     62.5676,      3.4953,      0.0000,     -0.0311,      0.8378,      0.1297,      5.5844,     11.1689,      1.1464,     28.4975,     56.9951,      0.0192,      0.0007,      0.0156,      0.2051,   7770.0933,-419172.2812,   -910.2521,    551.2421,  25900.3125,
       1,     168,     298,       5,       1,       3,       1,     10.0000,      1.4005,     42.6038,    248.6166,     62.5676,      3.4953,      0.0000,     -0.0312,      0.9004,      0.1319,      5.5844,     11.1689,      1.1652,     28.4975,     56.9951,      0.0192,      0.0007,      0.0156,      0.2051,   7770.0942,-419529.2500,   -910.3832,    551.2175,  25900.3125,
       1,     168,     298,       6,       1,       3,       1,     10.0000,      1.4005,     42.6038,    248.6166,     62.5676,      3.4953,      0.0000,     -0.0311,      0.3609,      0.1287,      5.5844,     11.1689,      1.1371,     28.4975,     56.9951,      0.0192,      0.0003,      0.0156,      0.2051,   7770.0942,-419637.3750,   -910.4703,    551.2100,  25900.3125,
       1,     168,     298,       7,       1,       3,       1,     10.0000,      1.4005,     42.6038,    248.6166,     62.5676,      3.4953,      0.0000,     -0.0312,      0.3121,      0.1304,      5.5844,     11.1689,      1.1522,     28.4975,     56.9951,      0.0192,      0.0002,      0.0156,      0.2051,   7770.0942,-418978.1562,   -910.3618,    551.2555,  25900.3125,
       1,     168,     298,       8,       1,       3,       1,     10.0000,      1.4005,     42.6038,    248.6166,     62.5676,      3.4953,      0.0085,     -0.0229,      0.3284,      0.1363,      5.5844,     11.1689,      1.2048,     28.4975,     56.9951,      0.0192,      0.0003,      0.0156,      0.2051,   7770.0942,-418861.3438,   -910.0790,    551.2635,  25900.3086,
       1,     168,     298,       9,       1,       3,       1,     10.0000,      1.4005,     42.6038,    248.6166,     62.5676,      3.4953,      0.0475,      0.0160,      1.0328,      0.1379,      5.5844,     11.1689,      1.2183,     28.4975,     56.9951,      0.0192,      0.0003,      0.0484,      0.2051,   7770.0928,-418872.0000,   -910.1147,    551.2627,  25900.3145,
       1,     168,     298,      10,       1,       3,       1,     10.0000,      1.4005,     42.6038,    248.6166,     62.5676,      3.4953,      0.1255,      0.0937,      3.7253,      0.1484,      5.5844,     11.1689,      1.3115,     28.4975,     56.9951,      0.0192,      0.0003,      0.1606,      0.2051,   7770.0947,-419745.1875,   -910.4107,    551.2026,  25900.3125,
       1,     168,     298,      11,       1,       3,       1,     10.0000,      1.4005,     42.6038,    248.6166,     62.5676,      3.4953,      0.1869,      0.1536,      7.7464,      0.1915,      5.5844,     11.1689,      1.6921,     28.4975,     56.9951,      0.0192,      0.0004,      0.2493,      0.2051,   7770.0942,-423155.8125,   -911.4600,    550.9677,  25900.3125,
       1,     168,     298,      12,       1,       3,       1,     10.0000,      1.4005,     42.6038,    248.6166,     62.5676,      3.4953,      0.1873,      0.1532,      9.1150,      0.2201,      5.5844,     11.1689,      1.9445,     28.4975,     56.9951,      0.0192,      0.0004,      0.2500,      0.2051,   7770.0942,-428429.1875,   -914.3521,    550.6045,  25900.3125,
       1,     168,     298,      13,       1,       3,       1,     10.0000,      1.4005,     42.6038,    248.6166,     62.5676,      3.4953,      0.1873,      0.1528,      9.7200,      0.2327,      5.5844,     11.1689,      2.0561,     28.4975,     56.9951,      0.0192,      0.0005,      0.2500,      0.2051,   7770.0942,-430575.4375,   -917.1906,    550.4568,  25900.3125,
       1,     168,     298,      14,       1,       3,       1,     10.0000,      1.4005,     42.6038,    248.6166,     62.5676,      3.4953,      0.1873,      0.1531,      9.2915,      0.2238,      5.5844,     11.1689,      1.9772,     28.4975,     56.9951,      0.0192,      0.0005,      0.2500,      0.2051,   7770.0942,-431508.1562,   -918.9279,    550.3927,  25900.3125,
       1,     168,     298,      15,       1,       3,       1,     10.0000,      1.4005,     42.6038,    248.6166,     62.5676,      3.4953,      0.1846,      0.1506,     10.9430,      0.2168,      5.5844,     11.1689,      1.9160,     28.4975,     56.9951,      0.0192,      0.0005,      0.2458,      0.2051,   7770.0942,-431056.7500,   -919.6554,    550.4237,  25900.3105,
       1,     168,     298,      16,       1,       3,       1,     10.0000,      1.4005,     42.6038,    248.6166,     62.5676,      3.4953,      0.1753,      0.1414,     50.5249,      0.2145,      5.5844,     11.1689,      1.8954,     28.4975,     56.9951,      0.0192,      0.0027,      0.2276,      0.2051,   7770.0933,-433064.8438,   -920.7264,    550.2856,  25900.3125,
       1,     168,     298,      17,       1,       3,       1,     10.0000,      1.4005,     42.6038,    248.6166,     62.5676,      3.4953,      0.1805,      0.1466,     76.3472,      0.2149,      5.5844,     11.1689,      1.8992,     28.4975,     56.9951,      0.0192,      0.0040,      0.2323,      0.2051,   7770.0942,-482285.8750,   -930.6389,    546.8999,  25900.3145,
       1,     168,     298,      18,       1,       3,       1,     10.0000,      1.4005,     42.6038,    248.6166,     62.5676,      3.4953,      0.1565,      0.1230,     76.1753,      0.2016,      5.5844,     11.1689,      1.7814,     28.4975,     56.9951,      0.0192,      0.0047,      0.1972,      0.2050,   7770.0947,-518533.2812,   -938.4406,    544.4324,  25900.3125,
       1,     168,     298,      19,       1,       3,       1,     10.0000,      1.4005,     42.6038,    248.6166,     62.5676,      3.4953,      0.0704,      0.0375,     25.4496,      0.1797,      5.5844,     11.1689,      1.5879,     28.4975,     56.9951,      0.0192,      0.0040,      0.0775,      0.2050,   7770.0942,-521407.3125,   -939.9555,    544.2423,  25900.3145,
       1,     168,     298,      20,       1,       3,       1,     10.0000,      1.4005,     42.6038,    248.6166,     62.5676,      3.4953,      0.0010,     -0.0314,      4.9016,      0.1661,      5.5844,     11.1689,      1.4676,     28.4975,     56.9951,      0.0192,      0.0039,      0.0156,      0.2050,   7770.0947,-458700.5000,   -928.7616,    548.5083,  25900.3105,
       1,     168,     298,      21,       1,       3,       1,     10.0000,      1.4005,     42.6038,    248.6166,     62.5676,      3.4953,      0.0000,     -0.0322,      4.7093,      0.1592,      5.5844,     11.1689,      1.4072,     28.4975,     56.9951,      0.0192,      0.0037,      0.0156,      0.2050,   7770.0933,-427948.2188,   -923.2398,    550.6336,  25900.3125,
       1,     168,     298,      22,       1,       3,       1,     10.0000,      1.4005,     42.6038,    248.6166,     62.5676,      3.4953,      0.0000,     -0.0321,      4.3150,      0.1564,      5.5844,     11.1689,      1.3820,     28.4975,     56.9951,      0.0192,      0.0034,      0.0156,      0.2051,   7770.0942,-425080.0938,   -922.8763,    550.8351,  25900.3145,
       1,     168,     298,      23,       1,       3,       1,     10.0000,      1.4005,     42.6038,    248.6166,     62.5676,      3.4953,      0.0000,     -0.0322,      3.7620,      0.1577,      5.5844,     11.1689,      1.3931,     28.4975,     56.9951,      0.0192,      0.0030,      0.0156,      0.2051,   7770.0947,-424341.7188,   -922.8773,    550.8860,  25900.3125,
       1,     168,     298,      24,       1,       3,       1,     10.0000,      1.4005,     42.6038,    248.6166,     62.5676,      3.4953,      0.0000,     -0.0321,      2.6320,      0.1570,      5.5844,     11.1689,      1.3875,     28.4975,     56.9951,      0.0192,      0.0021,      0.0156,      0.2051,   7770.0942,-423593.4688,   -922.8556,    550.9374,  25900.3125,
       1,     168,     299,       1,       1,       3,       1,     10.0000,      1.4006,     42.6042,    248.6224,     62.5691,      3.4953,      0.0000,     -0.0316,      1.8018,      0.1408,      5.5837,     11.1675,      1.2445,     28.4999,     56.9997,      0.0192,      0.0014,      0.0156,      0.2051,   7770.0942,-422283.5625,   -922.9684,    551.0405,  25901.4629,
       1,     168,     299,       2,       1,       3,       1,     10.0000,      1.4006,     42.6042,    248.6224,     62.5691,      3.4953,      0.0000,     -0.0315,      1.6038,      0.1401,      5.5837,     11.1675,      1.2382,     28.4999,     56.9997,      0.0192,      0.0013,      0.0156,      0.2051,   7770.4390,-420991.9375,   -922.4908,    551.1295,  25901.4629,
       1,     168,     299,       3,       1,       3,       1,     10.0000,      1.4006,     42.6042,    248.6224,     62.5691,      3.4953,      0.0000,     -0.0318,      1.2514,      0.1474,      5.5837,     11.1675,      1.3023,     28.4999,     56.9997,      0.0192,      0.0010,      0.0156,      0.2051,   7770.4390,-420636.4375,   -922.4515,    551.1540,  25901.4648,
       1,     168,     299,       4,       1,       3,       1,     10.0000,      1.4006,     42.6042,    248.6224,     62.5691,      3.4953,      0.0000,     -0.0318,      0.8585,      0.1472,      5.5837,     11.1675,      1.3010,     28.4999,     56.9997,      0.0192,      0.0007,      0.0156,      0.2051,   7770.4399,-420169.0938,   -922.3945,    551.1862,  25901.4609,
       1,     168,     299,       5,       1,       3,       1,     10.0000,      1.4006,     42.6042,    248.6224,     62.5691,      3.4953,      0.0000,     -0.0317,      2.1985,      0.1440,      5.5837,     11.1675,      1.2725,     28.4999,     56.9997,      0.0192,      0.0017,      0.0156,      0.2051,   7770.4385,-419643.0312,   -922.3167,    551.2225,  25901.4629,
       1,     168,     299,       6,       1,       3,       1,     10.0000,      1.4006,     42.6042,    248.6224,     62.5691,      3.4953,      0.0000,     -0.0315,      1.2911,      0.1389,      5.5837,     11.1675,      1.2270,     28.4999,     56.9997,      0.0192,      0.0010,      0.0156,      0.2051,   7770.4390,-421257.9688,   -922.6723,    551.1112,  25901.4629,
       1,     168,     299,       7,       1,       3,       1,     10.0000,      1.4006,     42.6042,    248.6224,     62.5691,      3.4953,      0.0000,     -0.0316,      1.7080,      0.1413,      5.5837,     11.1675,      1.2483,     28.4999,     56.9997,      0.0192,      0.0013,      0.0156,      0.2051,   7770.4390,-420271.5938,   -922.5113,    551.1791,  25901.4609,
       1,     168,     299,       8,       1,       3,       1,     10.0000,      1.4006,     42.6042,    248.6224,     62.5691,      3.4953,      0.0207,     -0.0107,      0.4132,      0.1368,      5.5837,     11.1675,      1.2085,     28.4999,     56.9997,      0.0192,      0.0005,      0.0100,      0.2051,   7770.4385,-420704.1875,   -922.6418,    551.1493,  25901.4629,
       1,     168,     299,       9,       1,       3,       1,     10.0000,      1.4006,     42.6042,    248.6224,     62.5691,      3.4953,      0.1096,      0.0777,      8.1400,      0.1498,      5.5837,     11.1675,      1.3235,     28.4999,     56.9997,      0.0192,      0.0007,      0.1371,      0.2051,   7770.4390,-419136.9688,   -922.3762,    551.2573,  25901.4629,
       1,     168,     299,      10,       1,       3,       1,     10.0000,      1.4006,     42.6042,    248.6224,     62.5691,      3.4953,      0.1666,      0.1338,     10.3164,      0.1756,      5.5837,     11.1675,      1.5520,     28.4999,     56.9997,      0.0192,      0.0006,      0.2193,      0.2051,   7770.4390,-428575.0938,   -924.2866,    550.6070,  25901.4648,
       1,     168,     299,      11,       1,       3,       1,     10.0000,      1.4006,     42.6042,    248.6224,     62.5691,      3.4953,      0.1874,      0.1538,      8.3784,      0.2002,      5.5837,     11.1675,      1.7691,     28.4999,     56.9997,      0.0192,      0.0004,      0.2500,      0.2051,   7770.4399,-432077.7500,   -925.2294,    550.3662,  25901.4648,
       1,     168,     299,      12,       1,       3,       1,     10.0000,      1.4006,     42.6042,    248.6224,     62.5691,      3.4953,      0.1878,      0.1538,     14.8484,      0.2162,      5.5837,     11.1675,      1.9104,     28.4999,     56.9997,      0.0192,      0.0007,      0.2500,      0.2051,   7770.4399,-429975.1875,   -925.1607,    550.5110,  25901.4609,
       1,     168,     299,      13,       1,       3,       1,     10.0000,      1.4006,     42.6042,    248.6224,     62.5691,      3.4953,      0.1880,      0.1538,     19.0364,      0.2251,      5.5837,     11.1675,      1.9889,     28.4999,     56.9997,      0.0192,      0.0009,      0.2500,      0.2051,   7770.4385,-437812.5312,   -927.0421,    549.9717,  25901.4609,
       1,     168,     299,      14,       1,       3,       1,     10.0000,      1.4006,     42.6042,    248.6224,     62.5691,      3.4953,      0.1887,      0.1545,     27.8831,      0.2260,      5.5837,     11.1675,      1.9967,     28.4999,     56.9997,      0.0192,      0.0014,      0.2500,      0.2051,   7770.4385,-443671.3438,   -928.4561,    549.5692,  25901.4629,
       1,     168,     299,      15,       1,       3,       1,     10.0000,      1.4006,     42.6042,    248.6224,     62.5691,      3.4953,      0.1881,      0.1546,     51.8229,      0.2012,      5.5837,     11.1675,      1.7779,     28.4999,     56.9997,      0.0192,      0.0026,      0.2461,      0.2051,   7770.4390,-455133.8438,   -930.9026,    548.7819,  25901.4629,
       1,     168,     299,      16,       1,       3,       1,     10.0000,      1.4006,     42.6042,    248.6224,     62.5691,      3.4953,      0.1847,      0.1519,     73.4427,      0.1769,      5.5837,     11.1675,      1.5629,     28.4999,     56.9997,      0.0192,      0.0038,      0.2384,      0.2051,   7770.4390,-485784.5000,   -937.0571,    546.6799,  25901.4629,
       1,     168,     299,      17,       1,       3,       1,     10.0000,      1.4006,     42.6042,    248.6224,     62.5691,      3.4953,      0.1941,      0.1613,     94.6186,      0.1772,      5.5837,     11.1675,      1.5660,     28.4999,     56.9997,      0.0192,      0.0046,      0.2497,      0.2050,   7770.4390,-515214.5000,   -943.0897,    544.6728,  25901.4648,
       1,     168,     299,      18,       1,       3,       1,     10.0000,      1.4006,     42.6042,    248.6224,     62.5691,      3.4953,      0.1744,      0.1417,     92.0589,      0.1753,      5.5837,     11.1675,      1.5489,     28.4999,     56.9997,      0.0192,      0.0051,      0.2213,      0.2050,   7770.4399,-543994.2500,   -949.1227,    542.7170,  25901.4629,
       1,     168,     299,      19,       1,       3,       1,     10.0000,      1.4006,     42.6042,    248.6224,     62.5691,      3.4953,      0.0789,      0.0468,     34.2866,      0.1555,      5.5837,     11.1675,      1.3737,     28.4999,     56.9997,      0.0192,      0.0047,      0.0895,      0.2050,   7770.4390,-543270.0000,   -949.5063,    542.7697,  25901.4629,
       1,     168,     299,      20,       1,       3,       1,     10.0000,      1.4006,     42.6042,    248.6224,     62.5691,      3.4953,      0.0013,     -0.0303,      4.5483,      0.1404,      5.5837,     11.1675,      1.2407,     28.4999,     56.9997,      0.0192,      0.0036,      0.0156,      0.2050,   7770.4390,-471498.9688,   -935.9587,    547.6390,  25901.4609,
       1,     168,     299,      21,       1,       3,       1,     10.0000,      1.4006,     42.6042,    248.6224,     62.5691,      3.4953,      0.0000,     -0.0313,      4.1712,      0.1346,      5.5837,     11.1675,      1.1891,     28.4999,     56.9997,      0.0192,      0.0033,      0.0156,      0.2050,   7770.4385,-428600.9375,   -927.7448,    550.5975,  25901.4629,
       1,     168,     299,      22,       1,       3,       1,     10.0000,      1.4006,     42.6042,    248.6224,     62.5691,      3.4953,      0.0000,     -0.0311,      4.1123,      0.1295,      5.5837,     11.1675,      1.1441,     28.4999,     56.9997,      0.0192,      0.0032,      0.0156,      0.2051,   7770.4390,-424476.0312,   -926.9559,    550.8894,  25901.4590,
       1,     168,     299,      23,       1,       3,       1,     10.0000,      1.4006,     42.6042,    248.6224,     62.5691,      3.4953,      0.0000,     -0.0312,      3.6342,      0.1325,      5.5837,     11.1675,      1.1711,     28.4999,     56.9997,      0.0192,      0.0029,      0.0156,      0.2051,   7770.4380,-424041.9062,   -926.8698,    550.9194,  25901.4609,
       1,     168,     299,      24,       1,       3,       1,     10.0000,      1.4006,     42.6042,    248.6224,     62.5691,      3.4953,      0.0000,     -0.0311,      2.5563,      0.1299,      5.5837,     11.1675,      1.1476,     28.4999,     56.9997,      0.0192,      0.0020,      0.0156,      0.2051,   7770.4385,-423412.1875,   -926.7474,    550.9627,  25901.4609,
       1,     168,     300,       1,       1,       3,       1,     10.0000,      1.4006,     42.6045,    248.6282,     62.5705,      3.4953,      0.0000,     -0.0311,      1.3602,      0.1278,      5.5836,     11.1673,      1.1291,     28.5066,     57.0132,      0.0192,      0.0011,      0.0156,      0.2051,   7770.4385,-422177.0938,   -926.7856,    551.0607,  25902.6094,
       1,     168,     300,       2,       1,       3,       1,     10.0000,      1.4006,     42.6045,    248.6282,     62.5705,      3.4953,      0.0000,     -0.0309,      1.0456,      0.1243,      5.5836,     11.1673,      1.0984,     28.5066,     57.0132,      0.0192,      0.0008,      0.0156,      0.2051,   7770.7832,-420438.9062,   -926.1796,    551.1804,  25902.6113,
       1,     168,     300,       3,       1,       3,       1,     10.0000,      1.4006,     42.6045,    248.6282,     62.5705,      3.4953,      0.0000,     -0.0309,      0.6926,      0.1242,      5.5836,     11.1673,      1.0973,     28.5066,     57.0132,      0.0192,      0.0005,      0.0156,      0.2051,   7770.7837,-419900.7812,   -926.0786,    551.2175,  25902.6113,
       1,     168,     300,       4,       1,       3,       1,     10.0000,      1.4006,     42.6045,    248.6282,     62.5705,      3.4953,      0.0000,     -0.0310,      1.2851,      0.1255,      5.5836,     11.1673,      1.1086,     28.5066,     57.0132,      0.0192,      0.0010,      0.0156,      0.2051,   7770.7837,-419417.5312,   -925.9862,    551.2508,  25902.6113,
       1,     168,     300,       5,       1,       3,       1,     10.0000,      1.4006,     42.6045,    248.6282,     62.5705,      3.4953,      0.0000,     -0.0311,      0.9122,      0.1282,      5.5836,     11.1673,      1.1325,     28.5066,     57.0132,      0.0192,      0.0007,      0.0156,      0.2051,   7770.7837,-420110.1875,   -926.1225,    551.2031,  25902.6113,
       1,     168,     300,       6,       1,       3,       1,     10.0000,      1.4006,     42.6045,    248.6282,     62.5705,      3.4953,      0.0000,     -0.0312,      0.4517,      0.1304,      5.5836,     11.1673,      1.1523,     28.5066,     57.0132,      0.0192,      0.0004,      0.0156,      0.2051,   7770.7837,-419707.3750,   -926.0472,    551.2308,  25902.6113,
       1,     168,     300,       7,       1,       3,       1,     10.0000,      1.4006,     42.6045,    248.6282,     62.5705,      3.4953,      0.0000,     -0.0308,      0.2977,      0.1217,      5.5836,     11.1673,      1.0751,     28.5066,     57.0132,      0.0192,      0.0002,      0.0156,      0.2051,   7770.7837,-419102.6250,   -925.9321,    551.2725,  25902.6113,
       1,     168,     300,       8,       1,       3,       1,     10.0000,      1.4006,     42.6045,    248.6282,     62.5705,      3.4953,      0.0061,     -0.0248,      0.3757,      0.1241,      5.5836,     11.1673,      1.0962,     28.5066,     57.0132,      0.0192,      0.0003,      0.0156,      0.2051,   7770.7837,-418860.3750,   -925.8865,    551.2893,  25902.6113,
       1,     168,     300,       9,       1,       3,       1,     10.0000,      1.4006,     42.6045,    248.6282,     62.5705,      3.4953,      0.1113,      0.0797,      4.2467,      0.1420,      5.5836,     11.1673,      1.2546,     28.5066,     57.0132,      0.0192,      0.0004,      0.1401,      0.2051,   7770.7837,-418936.0312,   -925.9012,    551.2840,  25902.6133,
       1,     168,     300,      10,       1,       3,       1,     10.0000,      1.4006,     42.6045,    248.6282,     62.5705,      3.4953,      0.1371,      0.1048,      6.7131,      0.1612,      5.5836,     11.1673,      1.4242,     28.5066,     57.0132,      0.0192,      0.0005,      0.1769,      0.2051,   7770.7842,-423737.0938,   -926.8135,    550.9532,  25902.6113,
       1,     168,     300,      11,       1,       3,       1,     10.0000,      1.4006,     42.6045,    248.6282,     62.5705,      3.4953,      0.1737,      0.1414,     30.1685,      0.1636,      5.5836,     11.1673,      1.4458,     28.5066,     57.0132,      0.0192,      0.0016,      0.2273,      0.2051,   7770.7837,-427202.7188,   -927.4733,    550.7146,  25902.6113,
       1,     168,     300,      12,       1,       3,       1,     10.0000,      1.4006,     42.6045,    248.6282,     62.5705,      3.4953,      0.1836,      0.1511,     22.7749,      0.1686,      5.5836,     11.1673,      1.4898,     28.5066,     57.0132,      0.0192,      0.0012,      0.2426,      0.2051,   7770.7837,-456555.0938,   -933.2017,    548.6940,  25902.6113,
       1,     168,     300,      13,       1,       3,       1,     10.0000,      1.4006,     42.6045,    248.6282,     62.5705,      3.4953,      0.1882,      0.1559,     15.1968,      0.1620,      5.5836,     11.1673,      1.4314,     28.5066,     57.0132,      0.0192,      0.0007,      0.2500,      0.2051,   7770.7837,-449905.2188,   -931.9614,    549.1539,  25902.6113,
       1,     168,     300,      14,       1,       3,       1,     10.0000,      1.4006,     42.6045,    248.6282,     62.5705,      3.4953,      0.1663,      0.1343,     24.5426,      0.1527,      5.5836,     11.1673,      1.3491,     28.5066,     57.0132,      0.0192,      0.0014,      0.2171,      0.2051,   7770.7837,-439943.8125,   -930.0336,    549.8378,  25902.6133,
       1,     168,     300,      15,       1,       3,       1,     10.0000,      1.4006,     42.6045,    248.6282,     62.5705,      3.4953,      0.1154,      0.0840,     27.6920,      0.1377,      5.5836,     11.1673,      1.2171,     28.5066,     57.0132,      0.0192,      0.0024,      0.1433,      0.2051,   7770.7842,-450675.5312,   -932.1417,    549.1007,  25902.6113,
       1,     168,     300,      16,       1,       3,       1,     10.0000,      1.4006,     42.6045,    248.6282,     62.5705,      3.4953,      0.0845,      0.0534,     18.1051,      0.1287,      5.5836,     11.1673,      1.1371,     28.5066,     57.0132,      0.0192,      0.0022,      0.1001,      0.2051,   7770.7837,-455494.0938,   -933.4646,    548.7704,  25902.6113,
       1,     168,     300,      17,       1,       3,       1,     10.0000,      1.4006,     42.6045,    248.6282,     62.5705,      3.4953,      0.0976,      0.0667,     23.3717,      0.1257,      5.5836,     11.1673,      1.1108,     28.5066,     57.0132,      0.0192,      0.0024,      0.1185,      0.2051,   7770.7837,-444023.0312,   -931.5345,    549.5574,  25902.6094,
       1,     168,     300,      18,       1,       3,       1,     10.0000,      1.4006,     42.6045,    248.6282,     62.5705,      3.4953,      0.0598,      0.0287,     13.8246,      0.1288,      5.5836,     11.1673,      1.1383,     28.5066,     57.0132,      0.0192,      0.0026,      0.0650,      0.2051,   7770.7832,-449573.5312,   -932.6951,    549.1767,  25902.6113,
       1,     168,     300,      19,       1,       3,       1,     10.0000,      1.4006,     42.6045,    248.6282,     62.5705,      3.4953,      0.0204,     -0.0105,      1.6300,      0.1248,      5.5836,     11.1673,      1.1029,     28.5066,     57.0132,      0.0192,      0.0020,      0.0100,      0.2051,   7770.7837,-438215.0938,   -930.5469,    549.9565,  25902.6094,
       1,     168,     300,      20,       1,       3,       1,     10.0000,      1.4006,     42.6045,    248.6282,     62.5705,      3.4953,      0.0008,     -0.0299,      1.2255,      0.1190,      5.5836,     11.1673,      1.0513,     28.5066,     57.0132,      0.0192,      0.0010,      0.0156,      0.2051,   7770.7832,-422139.6875,   -927.4340,    551.0621,  25902.6094,
       1,     168,     300,      21,       1,       3,       1,     10.0000,      1.4006,     42.6045,    248.6282,     62.5705,      3.4953,      0.0000,     -0.0307,      0.5467,      0.1175,      5.5836,     11.1673,      1.0384,     28.5066,     57.0132,      0.0192,      0.0004,      0.0156,      0.2051,   7770.7832,-420270.3438,   -927.0737,    551.1921,  25902.6113,
       1,     168,     300,      22,       1,       3,       1,     10.0000,      1.4006,     42.6045,    248.6282,     62.5705,      3.4953,      0.0000,     -0.0306,      0.3340,      0.1173,      5.5836,     11.1673,      1.0363,     28.5066,     57.0132,      0.0192,      0.0003,      0.0156,      0.2051,   7770.7837,-419268.3125,   -926.8812,    551.2611,  25902.6113,
       1,     168,     300,      23,       1,       3,       1,     10.0000,      1.4006,     42.6045,    248.6282,     62.5705,      3.4953,      0.0000,     -0.0307,      0.4522,      0.1175,      5.5836,     11.1673,      1.0384,     28.5066,     57.0132,      0.0192,      0.0004,      0.0156,      0.2051,   7770.7837,-418919.3438,   -926.8149,    551.2852,  25902.6113,
       1,     168,     300,      24,       1,       3,       1,     10.0000,      1.4006,     42.6045,    248.6282,     62.5705,      3.4953,      0.0000,     -0.0306,      0.3252,      0.1174,      5.5836,     11.1673,      1.0374,     28.5066,     57.0132,      0.0192,      0.0003,      0.0156,      0.2051,   7770.7837,-419036.0312,   -926.8384,    551.2772,  25902.6113,
       1,     168,     301,       1,       1,       3,       1,     10.0000,      1.4006,     42.6048,    248.6340,     62.5720,      3.4953,      0.0000,     -0.0306,      0.2730,      0.1160,      5.5847,     11.1694,      1.0247,     28.5010,     57.0019,      0.0192,      0.0002,      0.0156,      0.2051,   7770.7837,-419042.7812,   -927.1185,    551.2897,  25903.7617,
       1,     168,     301,       2,       1,       3,       1,     10.0000,      1.4006,     42.6048,    248.6340,     62.5720,      3.4953,      0.0000,     -0.0306,      0.2710,      0.1153,      5.5847,     11.1694,      1.0184,     28.5010,     57.0019,      0.0192,      0.0002,      0.0156,      0.2051,   7771.1289,-418827.3750,   -926.8055,    551.3045,  25903.7617,
       1,     168,     301,       3,       1,       3,       1,     10.0000,      1.4006,     42.6048,    248.6340,     62.5720,      3.4953,      0.0000,     -0.0306,      0.3176,      0.1156,      5.5847,     11.1694,      1.0216,     28.5010,     57.0019,      0.0192,      0.0002,      0.0156,      0.2051,   7771.1289,-418806.6562,   -926.8025,    551.3059,  25903.7598,
       1,     168,     301,       4,       1,       3,       1,     10.0000,      1.4006,     42.6048,    248.6340,     62.5720,      3.4953,      0.0000,     -0.0306,      0.3587,      0.1163,      5.5847,     11.1694,      1.0279,     28.5010,     57.0019,      0.0192,      0.0003,      0.0156,      0.2051,   7771.1284,-418862.7188,   -926.9882,    551.3020,  25903.7598,
       1,     168,     301,       5,       1,       3,       1,     10.0000,      1.4006,     42.6048,    248.6340,     62.5720,      3.4953,      0.0000,     -0.0305,      0.2860,      0.1149,      5.5847,     11.1694,      1.0153,     28.5010,     57.0019,      0.0192,      0.0002,      0.0156,      0.2051,   7771.1284,-418918.4688,   -927.0001,    551.2982,  25903.7617,
       1,     168,     301,       6,       1,       3,       1,     10.0000,      1.4006,     42.6048,    248.6340,     62.5720,      3.4953,      0.0000,     -0.0305,      0.2654,      0.1131,      5.5847,     11.1694,      0.9998,     28.5010,     57.0019,      0.0192,      0.0002,      0.0156,      0.2051,   7771.1289,-418832.9375,   -926.9846,    551.3041,  25903.7598,
       1,     168,     301,       7,       1,       3,       1,     10.0000,      1.4006,     42.6048,    248.6340,     62.5720,      3.4953,      0.0000,     -0.0304,      0.2629,      0.1122,      5.5847,     11.1694,      0.9916,     28.5010,     57.0019,      0.0192,      0.0002,      0.0156,      0.2051,   7771.1284,-418800.3750,   -926.9800,    551.3064,  25903.7617,
       1,     168,     301,       8,       1,       3,       1,     10.0000,      1.4006,     42.6048,    248.6340,     62.5720,      3.4953,      0.0261,     -0.0044,      0.3247,      0.1147,      5.5847,     11.1694,      1.0132,     28.5010,     57.0019,      0.0192,      0.0002,      0.0188,      0.2051,   7771.1289,-418794.2500,   -926.9799,    551.3068,  25903.7617,
       1,     168,     301,       9,       1,       3,       1,     10.0000,      1.4006,     42.6048,    248.6340,     62.5720,      3.4953,      0.1388,      0.1075,      3.7430,      0.1350,      5.5847,     11.1694,      1.1927,     28.5010,     57.0019,      0.0192,      0.0003,      0.1799,      0.2051,   7771.1289,-418870.2812,   -926.9943,    551.3016,  25903.7637,
       1,     168,     301,      10,       1,       3,       1,     10.0000,      1.4006,     42.6048,    248.6340,     62.5720,      3.4953,      0.1837,      0.1512,      6.4010,      0.1649,      5.5847,     11.1694,      1.4575,     28.5010,     57.0019,      0.0192,      0.0003,      0.2445,      0.2051,   7771.1294,-423109.8438,   -927.8125,    551.0093,  25903.7598,
       1,     168,     301,      11,       1,       3,       1,     10.0000,      1.4006,     42.6048,    248.6340,     62.5720,      3.4953,      0.1874,      0.1545,      7.2224,      0.1797,      5.5847,     11.1694,      1.5880,     28.5010,     57.0019,      0.0192,      0.0004,      0.2500,      0.2051,   7771.1284,-426764.9062,   -928.5059,    550.7577,  25903.7617,
       1,     168,     301,      12,       1,       3,       1,     10.0000,      1.4006,     42.6048,    248.6340,     62.5720,      3.4953,      0.1873,      0.1535,      8.6146,      0.2095,      5.5847,     11.1694,      1.8513,     28.5010,     57.0019,      0.0192,      0.0004,      0.2500,      0.2051,   7771.1289,-428093.9062,   -928.7212,    550.6663,  25903.7637,
       1,     168,     301,      13,       1,       3,       1,     10.0000,      1.4006,     42.6048,    248.6340,     62.5720,      3.4953,      0.1873,      0.1531,      9.3133,      0.2242,      5.5847,     11.1694,      1.9812,     28.5010,     57.0019,      0.0192,      0.0005,      0.2500,      0.2051,   7771.1294,-429931.3125,   -928.9540,    550.5397,  25903.7637,
       1,     168,     301,      14,       1,       3,       1,     10.0000,      1.4006,     42.6048,    248.6340,     62.5720,      3.4953,      0.1823,      0.1486,     23.4016,      0.2030,      5.5847,     11.1694,      1.7938,     28.5010,     57.0019,      0.0192,      0.0012,      0.2408,      0.2051,   7771.1294,-430953.6875,   -928.9675,    550.4695,  25903.7637,
       1,     168,     301,      15,       1,       3,       1,     10.0000,      1.4006,     42.6048,    248.6340,     62.5720,      3.4953,      0.1710,      0.1377,     46.8289,      0.1930,      5.5847,     11.1694,      1.7057,     28.5010,     57.0019,      0.0192,      0.0026,      0.2216,      0.2051,   7771.1294,-448492.3438,   -932.3480,    549.2627,  25903.7617,
       1,     168,     301,      16,       1,       3,       1,     10.0000,      1.4006,     42.6048,    248.6340,     62.5720,      3.4953,      0.1484,      0.1161,     44.8435,      0.1635,      5.5847,     11.1694,      1.4444,     28.5010,     57.0019,      0.0192,      0.0029,      0.1889,      0.2051,   7771.1289,-479019.0625,   -938.4041,    547.1681,  25903.7637,
       1,     168,     301,      17,       1,       3,       1,     10.0000,      1.4006,     42.6048,    248.6340,     62.5720,      3.4953,      0.0663,      0.0342,     25.4960,      0.1559,      5.5847,     11.1694,      1.3779,     28.5010,     57.0019,      0.0192,      0.0043,      0.0722,      0.2051,   7771.1294,-479167.1562,   -938.5828,    547.1619,  25903.7617,
       1,     168,     301,      18,       1,       3,       1,     10.0000,      1.4006,     42.6048,    248.6340,     62.5720,      3.4953,      0.0346,      0.0028,     11.8535,      0.1474,      5.5847,     11.1694,      1.3024,     28.5010,     57.0019,      0.0192,      0.0051,      0.0283,      0.2051,   7771.1289,-455191.6875,   -934.3549,    548.8017,  25903.7617,
       1,     168,     301,      19,       1,       3,       1,     10.0000,      1.4006,     42.6048,    248.6340,     62.5720,      3.4953,      0.0093,     -0.0222,      4.6477,      0.1384,      5.5847,     11.1694,      1.2233,     28.5010,     57.0019,      0.0192,      0.0037,      0.0156,      0.2051,   7771.1289,-436253.5312,   -930.9883,    550.1033,  25903.7598,
       1,     168,     301,      20,       1,       3,       1,     10.0000,      1.4006,     42.6048,    248.6340,     62.5720,      3.4953,      0.0001,     -0.0308,      4.0909,      0.1252,      5.5847,     11.1694,      1.1063,     28.5010,     57.0019,      0.0192,      0.0032,      0.0156,      0.2051,   7771.1284,-425715.1250,   -928.9185,    550.8295,  25903.7617,
       1,     168,     301,      21,       1,       3,       1,     10.0000,      1.4006,     42.6048,    248.6340,     62.5720,      3.4953,      0.0000,     -0.0308,      2.0277,      0.1212,      5.5847,     11.1694,      1.0708,     28.5010,     57.0019,      0.0192,      0.0016,      0.0156,      0.2051,   7771.1289,-424126.0625,   -929.0059,    550.9394,  25903.7637,
       1,     168,     301,      22,       1,       3,       1,     10.0000,      1.4006,     42.6048,    248.6340,     62.5720,      3.4953,      0.0000,     -0.0307,      1.2785,      0.1198,      5.5847,     11.1694,      1.0588,     28.5010,     57.0019,      0.0192,      0.0010,      0.0156,      0.2051,   7771.1294,-421434.1875,   -927.9938,    551.1248,  25903.7617,
       1,     168,     301,      23,       1,       3,       1,     10.0000,      1.4006,     42.6048,    248.6340,     62.5720,      3.4953,      0.0000,     -0.0308,      0.4725,      0.1206,      5.5847,     11.1694,      1.0653,     28.5010,     57.0019,      0.0192,      0.0004,      0.0156,      0.2051,   7771.1289,-420276.8750,   -927.7955,    551.2045,  25903.7617,
       1,     168,     301,      24,       1,       3,       1,     10.0000,      1.4006,     42.6048,    248.6340,     62.5720,      3.4953,      0.0000,     -0.0308,      0.9617,      0.1218,      5.5847,     11.1694,      1.0763,     28.5010,     57.0019,      0.0192,      0.0008,      0.0156,      0.2051,   7771.1289,-419179.8750,   -927.5900,    551.2802,  25903.7637,
       1,     168,     302,       1,       1,       3,       1,     10.0000,      1.4006,     42.6052,    248.6398,     62.5735,      3.4953,      0.0000,     -0.0308,      0.5479,      0.1213,      5.5844,     11.1689,      1.0719,     28.4995,     56.9989,      0.0192,      0.0004,      0.0156,      0.2052,   7771.1294,-419845.9375,   -928.0047,    551.2471,  25904.9102,
       1,     168,     302,       2,       1,       3,       1,     10.0000,      1.4006,     42.6052,    248.6398,     62.5735,      3.4953,      0.0000,     -0.0310,      0.2976,      0.1251,      5.5844,     11.1689,      1.1052,     28.4995,     56.9989,      0.0192,      0.0002,      0.0156,      0.2052,   7771.4731,-419239.5938,   -927.6263,    551.2889,  25904.9102,
       1,     168,     302,       3,       1,       3,       1,     10.0000,      1.4006,     42.6052,    248.6398,     62.5735,      3.4953,      0.0000,     -0.0309,      0.2934,      0.1236,      5.5844,     11.1689,      1.0918,     28.4995,     56.9989,      0.0192,      0.0002,      0.0156,      0.2052,   7771.4731,-418877.7812,   -927.5587,    551.3138,  25904.9102,
       1,     168,     302,       4,       1,       3,       1,     10.0000,      1.4006,     42.6052,    248.6398,     62.5735,      3.4953,      0.0000,     -0.0309,      0.2948,      0.1241,      5.5844,     11.1689,      1.0962,     28.4995,     56.9989,      0.0192,      0.0002,      0.0156,      0.2052,   7771.4731,-418841.7812,   -927.5530,    551.3163,  25904.9102,
       1,     168,     302,       5,       1,       3,       1,     10.0000,      1.4006,     42.6052,    248.6398,     62.5735,      3.4953,      0.0000,     -0.0308,      0.2894,      0.1221,      5.5844,     11.1689,      1.0785,     28.4995,     56.9989,      0.0192,      0.0002,      0.0156,      0.2052,   7771.4731,-418840.5312,   -927.5541,    551.3165,  25904.9102,
       1,     168,     302,       6,       1,       3,       1,     10.0000,      1.4006,     42.6052,    248.6398,     62.5735,      3.4953,      0.0000,     -0.0309,      0.2965,      0.1247,      5.5844,     11.1689,      1.1018,     28.4995,     56.9989,      0.0192,      0.0002,      0.0156,      0.2052,   7771.4731,-418833.5625,   -927.5541,    551.3169,  25904.9102,
       1,     168,     302,       7,       1,       3,       1,     10.0000,      1.4006,     42.6052,    248.6398,     62.5735,      3.4953,      0.0000,     -0.0309,      0.2941,      0.1238,      5.5844,     11.1689,      1.0940,     28.4995,     56.9989,      0.0192,      0.0002,      0.0156,      0.2052,   7771.4731,-418841.9375,   -927.5571,    551.3164,  25904.9102,
       1,     168,     302,       8,       1,       3,       1,     10.0000,      1.4006,     42.6052,    248.6398,     62.5735,      3.4953,      0.0184,     -0.0125,      0.1375,      0.1237,      5.5844,     11.1689,      1.0929,     28.4995,     56.9989,      0.0192,      0.0002,      0.0073,      0.2052,   7771.4731,-418839.5312,   -927.5577,    551.3165,  25904.9102,
       1,     168,     302,       9,       1,       3,       1,     10.0000,      1.4006,     42.6052,    248.6398,     62.5735,      3.4953,      0.1451,      0.1133,      4.3400,      0.1472,      5.5844,     11.1689,      1.3011,     28.4995,     56.9989,      0.0192,      0.0003,      0.1888,      0.2052,   7771.4731,-418645.4375,   -927.5275,    551.3299,  25904.9121,
       1,     168,     302,      10,       1,       3,       1,     10.0000,      1.4006,     42.6052,    248.6398,     62.5735,      3.4953,      0.1793,      0.1464,      6.9387,      0.1810,      5.5844,     11.1689,      1.5992,     28.4995,     56.9989,      0.0192,      0.0004,      0.2383,      0.2052,   7771.4741,-423832.6562,   -928.6357,    550.9724,  25904.9082,
       1,     168,     302,      11,       1,       3,       1,     10.0000,      1.4006,     42.6052,    248.6398,     62.5735,      3.4953,      0.1874,      0.1544,      7.4487,      0.1846,      5.5844,     11.1689,      1.6313,     28.4995,     56.9989,      0.0192,      0.0004,      0.2500,      0.2052,   7771.4727,-427494.6875,   -929.5011,    550.7203,  25904.9102,
       1,     168,     302,      12,       1,       3,       1,     10.0000,      1.4006,     42.6052,    248.6398,     62.5735,      3.4953,      0.1873,      0.1537,      8.4123,      0.2052,      5.5844,     11.1689,      1.8135,     28.4995,     56.9989,      0.0192,      0.0004,      0.2500,      0.2052,   7771.4731,-428438.4375,   -929.8347,    550.6554,  25904.9102,
       1,     168,     302,      13,       1,       3,       1,     10.0000,      1.4006,     42.6052,    248.6398,     62.5735,      3.4953,      0.1872,      0.1526,     10.1111,      0.2408,      5.5844,     11.1689,      2.1278,     28.4995,     56.9989,      0.0192,      0.0005,      0.2500,      0.2052,   7771.4731,-429712.2812,   -930.2380,    550.5676,  25904.9102,
       1,     168,     302,      14,       1,       3,       1,     10.0000,      1.4006,     42.6052,    248.6398,     62.5735,      3.4953,      0.1833,      0.1490,     23.1089,      0.2284,      5.5844,     11.1689,      2.0184,     28.4995,     56.9989,      0.0192,      0.0012,      0.2426,      0.2052,   7771.4731,-431925.2188,   -930.7335,    550.4154,  25904.9082,
       1,     168,     302,      15,       1,       3,       1,     10.0000,      1.4006,     42.6052,    248.6398,     62.5735,      3.4953,      0.1913,      0.1568,     64.5639,      0.2345,      5.5844,     11.1689,      2.0725,     28.4995,     56.9989,      0.0192,      0.0032,      0.2496,      0.2052,   7771.4727,-448213.0938,   -933.9409,    549.2948,  25904.9102,
       1,     168,     302,      16,       1,       3,       1,     10.0000,      1.4006,     42.6052,    248.6398,     62.5735,      3.4953,      0.1139,      0.0798,     38.7552,      0.2199,      5.5844,     11.1689,      1.9427,     28.4995,     56.9989,      0.0192,      0.0034,      0.1389,      0.2051,   7771.4731,-500962.7812,   -944.3620,    545.6741,  25904.9102,
       1,     168,     302,      17,       1,       3,       1,     10.0000,      1.4006,     42.6052,    248.6398,     62.5735,      3.4953,      0.0988,      0.0650,     46.7695,      0.2087,      5.5844,     11.1689,      1.8441,     28.4995,     56.9989,      0.0192,      0.0049,      0.1160,      0.2051,   7771.4731,-473487.0312,   -939.1813,    547.5601,  25904.9102,
       1,     168,     302,      18,       1,       3,       1,     10.0000,      1.4006,     42.6052,    248.6398,     62.5735,      3.4953,      0.0472,      0.0144,     24.5243,      0.1772,      5.5844,     11.1689,      1.5661,     28.4995,     56.9989,      0.0192,      0.0068,      0.0440,      0.2051,   7771.4731,-481078.9375,   -940.8388,    547.0437,  25904.9102,
       1,     168,     302,      19,       1,       3,       1,     10.0000,      1.4006,     42.6052,    248.6398,     62.5735,      3.4953,      0.0066,     -0.0245,      5.8043,      0.1291,      5.5844,     11.1689,      1.1407,     28.4995,     56.9989,      0.0192,      0.0046,      0.0156,      0.2051,   7771.4731,-454148.5000,   -917.3701,    548.8854,  25904.9121,
       1,     168,     302,      20,       1,       3,       1,     10.0000,      1.4006,     42.6052,    248.6398,     62.5735,      3.4953,      0.0005,     -0.0305,      5.9672,      0.1274,      5.5844,     11.1689,      1.1257,     28.4995,     56.9989,      0.0192,      0.0047,      0.0156,      0.2051,   7771.4741,-428671.5938,   -912.6860,    550.6365,  25904.9121,
       1,     168,     302,      21,       1,       3,       1,     10.0000,      1.4006,     42.6052,    248.6398,     62.5735,      3.4953,      0.0000,     -0.0312,      5.0694,      0.1317,      5.5844,     11.1689,      1.1641,     28.4995,     56.9989,      0.0192,      0.0040,      0.0156,      0.2052,   7771.4741,-426707.0000,   -913.0633,    550.7745,  25904.9102,
       1,     168,     302,      22,       1,       3,       1,     10.0000,      1.4006,     42.6052,    248.6398,     62.5735,      3.4953,      0.0000,     -0.0313,      4.4638,      0.1338,      5.5844,     11.1689,      1.1819,     28.4995,     56.9989,      0.0192,      0.0035,      0.0156,      0.2052,   7771.4731,-425424.5000,   -913.3063,    550.8629,  25904.9141,
       1,     168,     302,      23,       1,       3,       1,     10.0000,      1.4006,     42.6052,    248.6398,     62.5735,      3.4953,      0.0000,     -0.0313,      2.8078,      0.1338,      5.5844,     11.1689,      1.1819,     28.4995,     56.9989,      0.0192,      0.0022,      0.0156,      0.2052,   7771.4746,-424564.4688,   -913.5860,    550.9221,  25904.9102,
       1,     168,     302,      24,       1,       3,       1,     10.0000,      1.4006,     42.6052,    248.6398,     62.5735,      3.4953,      0.0000,     -0.0314,      0.3703,      0.1369,      5.5844,     11.1689,      1.2098,     28.4995,     56.9989,      0.0192,      0.0003,      0.0156,      0.2052,   7771.4731,-422440.7188,   -913.4449,    551.0683,  25904.9121,
       1,     168,     303,       1,       1,       3,       1,     10.0000,      1.4006,     42.6055,    248.6456,     62.5749,      3.4953,      0.0000,     -0.0314,      0.3277,      0.1361,      5.5843,     11.1686,      1.2025,     28.4983,     56.9965,      0.0192,      0.0003,      0.0156,      0.2052,   7771.4741,-419394.8750,   -913.1612,    551.2911,  25906.0605,
       1,     168,     303,       2,       1,       3,       1,     10.0000,      1.4006,     42.6055,    248.6456,     62.5749,      3.4953,      0.0000,     -0.0313,      0.3235,      0.1346,      5.5843,     11.1686,      1.1892,     28.4983,     56.9965,      0.0192,      0.0003,      0.0156,      0.2052,   7771.8184,-418931.0000,   -910.0888,    551.3232,  25906.0605,
       1,     168,     303,       3,       1,       3,       1,     10.0000,      1.4006,     42.6055,    248.6456,     62.5749,      3.4953,      0.0000,     -0.0312,      0.3172,      0.1323,      5.5843,     11.1686,      1.1688,     28.4983,     56.9965,      0.0192,      0.0002,      0.0156,      0.2052,   7771.8184,-418886.1875,   -910.0826,    551.3262,  25906.0625,
       1,     168,     303,       4,       1,       3,       1,     10.0000,      1.4006,     42.6055,    248.6456,     62.5749,      3.4953,      0.0000,     -0.0311,      0.3096,      0.1295,      5.5843,     11.1686,      1.1442,     28.4983,     56.9965,      0.0192,      0.0002,      0.0156,      0.2052,   7771.8188,-418874.4062,   -910.0818,    551.3271,  25906.0586,
       1,     168,     303,       5,       1,       3,       1,     10.0000,      1.4006,     42.6055,    248.6456,     62.5749,      3.4953,      0.0000,     -0.0312,      0.3154,      0.1316,      5.5843,     11.1686,      1.1629,     28.4983,     56.9965,      0.0192,      0.0002,      0.0156,      0.2052,   7771.8179,-418864.1875,   -910.0824,    551.3278,  25906.0586,
       1,     168,     303,       6,       1,       3,       1,     10.0000,      1.4006,     42.6055,    248.6456,     62.5749,      3.4953,      0.0000,     -0.0312,      0.3154,      0.1316,      5.5843,     11.1686,      1.1629,     28.4983,     56.9965,      0.0192,      0.0002,      0.0156,      0.2052,   7771.8179,-418870.5625,   -910.0851,    551.3273,  25906.0586,
       1,     168,     303,       7,       1,       3,       1,     10.0000,      1.4006,     42.6055,    248.6456,     62.5749,      3.4953,      0.0000,     -0.0312,      0.3161,      0.1319,      5.5843,     11.1686,      1.1653,     28.4983,     56.9965,      0.0192,      0.0002,      0.0156,      0.2052,   7771.8179,-418871.0938,   -910.0869,    551.3273,  25906.0605,
       1,     168,     303,       8,       1,       3,       1,     10.0000,      1.4006,     42.6055,    248.6456,     62.5749,      3.4953,      0.0217,     -0.0095,      0.2349,      0.1317,      5.5843,     11.1686,      1.1641,     28.4983,     56.9965,      0.0192,      0.0002,      0.0116,      0.2052,   7771.8184,-418871.8438,   -910.0882,    551.3273,  25906.0566,
       1,     168,     303,       9,       1,       3,       1,     10.0000,      1.4006,     42.6055,    248.6456,     62.5749,      3.4953,      0.0467,      0.0153,      0.9888,      0.1353,      5.5843,     11.1686,      1.1952,     28.4983,     56.9965,      0.0192,      0.0003,      0.0474,      0.2052,   7771.8174,-418771.8750,   -910.1848,    551.3341,  25906.0605,
       1,     168,     303,      10,       1,       3,       1,     10.0000,      1.4006,     42.6055,    248.6456,     62.5749,      3.4953,      0.1130,      0.0814,      3.1386,      0.1417,      5.5843,     11.1686,      1.2522,     28.4983,     56.9965,      0.0192,      0.0003,      0.1426,      0.2052,   7771.8184,-419696.4062,   -910.5033,    551.2704,  25906.0586,
       1,     168,     303,      11,       1,       3,       1,     10.0000,      1.4006,     42.6055,    248.6456,     62.5749,      3.4953,      0.1671,      0.1349,      5.5271,      0.1588,      5.5843,     11.1686,      1.4031,     28.4983,     56.9965,      0.0192,      0.0003,      0.2205,      0.2052,   7771.8179,-422437.3125,   -911.4686,    551.0815,  25906.0605,
       1,     168,     303,      12,       1,       3,       1,     10.0000,      1.4006,     42.6055,    248.6456,     62.5749,      3.4953,      0.1769,      0.1440,      6.8303,      0.1808,      5.5843,     11.1686,      1.5976,     28.4983,     56.9965,      0.0192,      0.0004,      0.2348,      0.2052,   7771.8184,-425628.9062,   -912.9908,    550.8618,  25906.0605,
       1,     168,     303,      13,       1,       3,       1,     10.0000,      1.4006,     42.6055,    248.6456,     62.5749,      3.4953,      0.1842,      0.1509,      7.6511,      0.1921,      5.5843,     11.1686,      1.6973,     28.4983,     56.9965,      0.0192,      0.0004,      0.2454,      0.2052,   7771.8184,-427514.9375,   -914.6705,    550.7319,  25906.0605,
       1,     168,     303,      14,       1,       3,       1,     10.0000,      1.4006,     42.6055,    248.6456,     62.5749,      3.4953,      0.1874,      0.1538,      8.2237,      0.2012,      5.5843,     11.1686,      1.7781,     28.4983,     56.9965,      0.0192,      0.0004,      0.2500,      0.2052,   7771.8184,-428692.3438,   -916.2047,    550.6509,  25906.0605,
       1,     168,     303,      15,       1,       3,       1,     10.0000,      1.4006,     42.6055,    248.6456,     62.5749,      3.4953,      0.1873,      0.1534,      8.7823,      0.2131,      5.5843,     11.1686,      1.8826,     28.4983,     56.9965,      0.0192,      0.0004,      0.2500,      0.2052,   7771.8184,-429501.8438,   -917.6186,    550.5952,  25906.0605,
       1,     168,     303,      16,       1,       3,       1,     10.0000,      1.4006,     42.6055,    248.6456,     62.5749,      3.4953,      0.0959,      0.0632,     10.0276,      0.1753,      5.5843,     11.1686,      1.5491,     28.4983,     56.9965,      0.0192,      0.0011,      0.1166,      0.2052,   7771.8184,-430262.6250,   -918.8719,    550.5428,  25906.0605,
       1,     168,     303,      17,       1,       3,       1,     10.0000,      1.4006,     42.6055,    248.6456,     62.5749,      3.4953,      0.0588,      0.0268,     10.2347,      0.1512,      5.5843,     11.1686,      1.3357,     28.4983,     56.9965,      0.0192,      0.0020,      0.0632,      0.2052,   7771.8184,-431869.6562,   -912.8637,    550.4323,  25906.0586,
       1,     168,     303,      18,       1,       3,       1,     10.0000,      1.4006,     42.6055,    248.6456,     62.5749,      3.4953,      0.0592,      0.0277,     13.7709,      0.1416,      5.5843,     11.1686,      1.2509,     28.4983,     56.9965,      0.0192,      0.0026,      0.0638,      0.2052,   7771.8179,-432263.2812,   -912.9704,    550.4051,  25906.0625,
       1,     168,     303,      19,       1,       3,       1,     10.0000,      1.4006,     42.6055,    248.6456,     62.5749,      3.4953,      0.0351,      0.0037,      7.5807,      0.1371,      5.5843,     11.1686,      1.2111,     28.4983,     56.9965,      0.0192,      0.0031,      0.0299,      0.2052,   7771.8188,-436676.0938,   -913.8741,    550.1015,  25906.0605,
       1,     168,     303,      20,       1,       3,       1,     10.0000,      1.4006,     42.6055,    248.6456,     62.5749,      3.4953,      0.0009,     -0.0303,      5.1155,      0.1316,      5.5843,     11.1686,      1.1629,     28.4983,     56.9965,      0.0192,      0.0040,      0.0156,      0.2052,   7771.8184,-429385.9375,   -913.2086,    550.6029,  25906.0605,
       1,     168,     303,      21,       1,       3,       1,     10.0000,      1.4006,     42.6055,    248.6456,     62.5749,      3.4953,      0.0000,     -0.0312,      2.0280,      0.1324,      5.5843,     11.1686,      1.1700,     28.4983,     56.9965,      0.0192,      0.0016,      0.0156,      0.2052,   7771.8184,-425712.0938,   -913.2166,    550.8560,  25906.0625,
       1,     168,     303,      22,       1,       3,       1,     10.0000,      1.4006,     42.6055,    248.6456,     62.5749,      3.4953,      0.0000,     -0.0313,      0.4638,      0.1347,      5.5843,     11.1686,      1.1904,     28.4983,     56.9965,      0.0192,      0.0004,      0.0156,      0.2052,   7771.8188,-421574.9688,   -912.7002,    551.1409,  25906.0605,
       1,     168,     303,      23,       1,       3,       1,     10.0000,      1.4006,     42.6055,    248.6456,     62.5749,      3.4953,      0.0000,     -0.0312,      0.3273,      0.1315,      5.5843,     11.1686,      1.1617,     28.4983,     56.9965,      0.0192,      0.0003,      0.0156,      0.2052,   7771.8184,-419285.4062,   -912.2999,    551.2987,  25906.0605,
       1,     168,     303,      24,       1,       3,       1,     10.0000,      1.4006,     42.6055,    248.6456,     62.5749,      3.4953,      0.0000,     -0.0310,      0.3011,      0.1264,      5.5843,     11.1686,      1.1166,     28.4983,     56.9965,      0.0192,      0.0002,      0.0156,      0.2052,   7771.8184,-418921.1875,   -912.2369,    551.3239,  25906.0625,
       1,     168,     304,       1,       1,       3,       1,     10.0000,      1.4007,     42.6058,    248.6514,     62.5764,      3.4953,      0.0000,     -0.0309,      0.2962,      0.1246,      5.5853,     11.1706,      1.1008,     28.4920,     56.9840,      0.0192,      0.0002,      0.0156,      0.2052,   7771.8188,-419011.3750,   -912.5125,    551.3304,  25907.2129,
       1,     168,     304,       2,       1,       3,       1,     10.0000,      1.4007,     42.6058,    248.6514,     62.5764,      3.4953,      0.0000,     -0.0309,      0.2935,      0.1236,      5.5853,     11.1706,      1.0918,     28.4920,     56.9840,      0.0192,      0.0002,      0.0156,      0.2052,   7772.1641,-418862.0000,   -912.2340,    551.3408,  25907.2109,
       1,     168,     304,       3,       1,       3,       1,     10.0000,      1.4007,     42.6058,    248.6514,     62.5764,      3.4953,      0.0000,     -0.0309,      0.2941,      0.1238,      5.5853,     11.1706,      1.0941,     28.4920,     56.9840,      0.0192,      0.0002,      0.0156,      0.2052,   7772.1636,-418845.9062,   -912.2328,    551.3419,  25907.2129,
       1,     168,     304,       4,       1,       3,       1,     10.0000,      1.4007,     42.6058,    248.6514,     62.5764,      3.4953,      0.0000,     -0.0310,      0.2983,      0.1253,      5.5853,     11.1706,      1.1075,     28.4920,     56.9840,      0.0192,      0.0002,      0.0156,      0.2052,   7772.1641,-418845.2812,   -912.2337,    551.3419,  25907.2090,
       1,     168,     304,       5,       1,       3,       1,     10.0000,      1.4007,     42.6058,    248.6514,     62.5764,      3.4953,      0.0000,     -0.0309,      0.2941,      0.1238,      5.5853,     11.1706,      1.0941,     28.4920,     56.9840,      0.0192,      0.0002,      0.0156,      0.2052,   7772.1631,-418850.7188,   -912.2367,    551.3416,  25907.2109,
       1,     168,     304,       6,       1,       3,       1,     10.0000,      1.4007,     42.6058,    248.6514,     62.5764,      3.4953,      0.0000,     -0.0308,      0.2857,      0.1207,      5.5853,     11.1706,      1.0665,     28.4920,     56.9840,      0.0192,      0.0002,      0.0156,      0.2052,   7772.1636,-418845.8438,   -912.2370,    551.3419,  25907.2129,
       1,     168,     304,       7,       1,       3,       1,     10.0000,      1.4007,     42.6058,    248.6514,     62.5764,      3.4953,      0.0000,     -0.0307,      0.2827,      0.1196,      5.5853,     11.1706,      1.0567,     28.4920,     56.9840,      0.0192,      0.0002,      0.0156,      0.2052,   7772.1641,-418834.8438,   -912.2361,    551.3427,  25907.2109,
       1,     168,     304,       8,       1,       3,       1,     10.0000,      1.4007,     42.6058,    248.6514,     62.5764,      3.4953,      0.0071,     -0.0235,      0.2798,      0.1185,      5.5853,     11.1706,      1.0471,     28.4920,     56.9840,      0.0192,      0.0002,      0.0156,      0.2052,   7772.1636,-418830.3750,   -912.2368,    551.3430,  25907.2129,
       1,     168,     304,       9,       1,       3,       1,     10.0000,      1.4007,     42.6058,    248.6514,     62.5764,      3.4953,      0.0925,      0.0616,      2.1349,      0.1236,      5.5853,     11.1706,      1.0918,     28.4920,     56.9840,      0.0192,      0.0002,      0.1135,      0.2052,   7772.1641,-418826.1250,   -912.2514,    551.3433,  25907.2109,
       1,     168,     304,      10,       1,       3,       1,     10.0000,      1.4007,     42.6058,    248.6514,     62.5764,      3.4953,      0.1790,      0.1470,      5.6638,      0.1519,      5.5853,     11.1706,      1.3425,     28.4920,     56.9840,      0.0192,      0.0003,      0.2377,      0.2052,   7772.1636,-421122.8438,   -912.9253,    551.1850,  25907.2129,
       1,     168,     304,      11,       1,       3,       1,     10.0000,      1.4007,     42.6058,    248.6514,     62.5764,      3.4953,      0.1874,      0.1541,      7.8318,      0.1928,      5.5853,     11.1706,      1.7041,     28.4920,     56.9840,      0.0192,      0.0004,      0.2500,      0.2052,   7772.1641,-425687.7812,   -914.8293,    550.8705,  25907.2109,
       1,     168,     304,      12,       1,       3,       1,     10.0000,      1.4007,     42.6058,    248.6514,     62.5764,      3.4953,      0.1815,      0.1478,      8.0868,      0.2044,      5.5853,     11.1706,      1.8064,     28.4920,     56.9840,      0.0192,      0.0004,      0.2414,      0.2052,   7772.1636,-428762.0000,   -916.9882,    550.6588,  25907.2109,
       1,     168,     304,      13,       1,       3,       1,     10.0000,      1.4007,     42.6058,    248.6514,     62.5764,      3.4953,      0.1873,      0.1533,      8.9631,      0.2169,      5.5853,     11.1706,      1.9163,     28.4920,     56.9840,      0.0192,      0.0004,      0.2500,      0.2052,   7772.1636,-429340.0312,   -918.5901,    550.6191,  25907.2109,
       1,     168,     304,      14,       1,       3,       1,     10.0000,      1.4007,     42.6058,    248.6514,     62.5764,      3.4953,      0.1854,      0.1510,      9.5820,      0.2320,      5.5853,     11.1706,      2.0504,     28.4920,     56.9840,      0.0192,      0.0005,      0.2473,      0.2052,   7772.1636,-430474.2812,   -920.4131,    550.5410,  25907.2109,
       1,     168,     304,      15,       1,       3,       1,     10.0000,      1.4007,     42.6058,    248.6514,     62.5764,      3.4953,      0.1886,      0.1541,     26.4405,      0.2334,      5.5853,     11.1706,      2.0624,     28.4920,     56.9840,      0.0192,      0.0013,      0.2500,      0.2052,   7772.1636,-431337.4688,   -921.5283,    550.4818,  25907.2109,
       1,     168,     304,      16,       1,       3,       1,     10.0000,      1.4007,     42.6058,    248.6514,     62.5764,      3.4953,      0.1581,      0.1251,     54.5607,      0.1835,      5.5853,     11.1706,      1.6216,     28.4920,     56.9840,      0.0192,      0.0033,      0.2019,      0.2052,   7772.1636,-452286.5938,   -918.0247,    549.0401,  25907.2109,
       1,     168,     304,      17,       1,       3,       1,     10.0000,      1.4007,     42.6058,    248.6514,     62.5764,      3.4953,      0.0438,      0.0112,     12.8932,      0.1701,      5.5853,     11.1706,      1.5034,     28.4920,     56.9840,      0.0192,      0.0039,      0.0406,      0.2052,   7772.1636,-488909.4375,   -924.0369,    546.5287,  25907.2109,
       1,     168,     304,      18,       1,       3,       1,     10.0000,      1.4007,     42.6058,    248.6514,     62.5764,      3.4953,      0.0484,      0.0162,     16.7946,      0.1606,      5.5853,     11.1706,      1.4187,     28.4920,     56.9840,      0.0192,      0.0044,      0.0472,      0.2052,   7772.1636,-440399.5625,   -914.6805,    549.8483,  25907.2129,
       1,     168,     304,      19,       1,       3,       1,     10.0000,      1.4007,     42.6058,    248.6514,     62.5764,      3.4953,      0.0077,     -0.0244,      6.2619,      0.1553,      5.5853,     11.1706,      1.3725,     28.4920,     56.9840,      0.0192,      0.0049,      0.0156,      0.2052,   7772.1641,-441127.6875,   -915.6704,    549.8085,  25907.2090,
       1,     168,     304,      20,       1,       3,       1,     10.0000,      1.4007,     42.6058,    248.6514,     62.5764,      3.4953,      0.0000,     -0.0310,      5.8842,      0.1275,      5.5853,     11.1706,      1.1269,     28.4920,     56.9840,      0.0192,      0.0046,      0.0156,      0.2052,   7772.1631,-428133.0938,   -912.4862,    550.7015,  25907.2109,
       1,     168,     304,      21,       1,       3,       1,     10.0000,      1.4007,     42.6058,    248.6514,     62.5764,      3.4953,      0.0000,     -0.0310,      2.1118,      0.1257,      5.5853,     11.1706,      1.1109,     28.4920,     56.9840,      0.0192,      0.0017,      0.0156,      0.2052,   7772.1636,-426559.7188,   -912.3760,    550.8105,  25907.2109,
       1,     168,     304,      22,       1,       3,       1,     10.0000,      1.4007,     42.6058,    248.6514,     62.5764,      3.4953,      0.0000,     -0.0312,      1.7660,      0.1303,      5.5853,     11.1706,      1.1512,     28.4920,     56.9840,      0.0192,      0.0014,      0.0156,      0.2052,   7772.1636,-421753.7812,   -910.8494,    551.1414,  25907.2109,
       1,     168,     304,      23,       1,       3,       1,     10.0000,      1.4007,     42.6058,    248.6514,     62.5764,      3.4953,      0.0000,     -0.0311,      1.0813,      0.1292,      5.5853,     11.1706,      1.1419,     28.4920,     56.9840,      0.0192,      0.0008,      0.0156,      0.2052,   7772.1636,-420915.9688,   -910.9041,    551.1992,  25907.2129,
       1,     168,     304,      24,       1,       3,       1,     10.0000,      1.4007,     42.6058,    248.6514,     62.5764,      3.4953,      0.0000,     -0.0311,      0.8471,      0.1287,      5.5853,     11.1706,      1.1372,     28.4920,     56.9840,      0.0192,      0.0007,      0.0156,      0.2052,   7772.1641,-419996.4062,   -910.8419,    551.2626,  25907.2109,
       1,     168,     305,       1,       1,       3,       1,     10.0000,      1.4007,     42.6062,    248.6572,     62.5779,      3.4953,      0.0000,     -0.0311,      0.3293,      0.1287,      5.5847,     11.1694,      1.1373,     28.4890,     56.9779,      0.0192,      0.0003,      0.0156,      0.2052,   7772.1636,-419782.5312,   -911.1052,    551.2902,  25908.3633,
       1,     168,     305,       2,       1,       3,       1,     10.0000,      1.4007,     42.6062,    248.6572,     62.5779,      3.4953,      0.0000,     -0.0310,      0.3028,      0.1270,      5.5847,     11.1694,      1.1223,     28.4890,     56.9779,      0.0192,      0.0002,      0.0156,      0.2052,   7772.5093,-418971.8125,   -910.7106,    551.3461,  25908.3613,
       1,     168,     305,       3,       1,       3,       1,     10.0000,      1.4007,     42.6062,    248.6572,     62.5779,      3.4953,      0.0000,     -0.0311,      0.3046,      0.1277,      5.5847,     11.1694,      1.1280,     28.4890,     56.9779,      0.0192,      0.0002,      0.0156,      0.2052,   7772.5088,-418870.0312,   -910.6944,    551.3531,  25908.3613,
       1,     168,     305,       4,       1,       3,       1,     10.0000,      1.4007,     42.6062,    248.6572,     62.5779,      3.4953,      0.0000,     -0.0310,      0.3028,      0.1270,      5.5847,     11.1694,      1.1223,     28.4890,     56.9779,      0.0192,      0.0002,      0.0156,      0.2052,   7772.5088,-418863.5000,   -910.6945,    551.3535,  25908.3633,
       1,     168,     305,       5,       1,       3,       1,     10.0000,      1.4007,     42.6062,    248.6572,     62.5779,      3.4953,      0.0000,     -0.0311,      0.3078,      0.1288,      5.5847,     11.1694,      1.1384,     28.4890,     56.9779,      0.0192,      0.0002,      0.0156,      0.2052,   7772.5093,-418860.6875,   -910.6954,    551.3537,  25908.3613,
       1,     168,     305,       6,       1,       3,       1,     10.0000,      1.4007,     42.6062,    248.6572,     62.5779,      3.4953,      0.0000,     -0.0311,      0.3046,      0.1277,      5.5847,     11.1694,      1.1280,     28.4890,     56.9779,      0.0192,      0.0002,      0.0156,      0.2052,   7772.5088,-418866.7500,   -910.6981,    551.3533,  25908.3613,
       1,     168,     305,       7,       1,       3,       1,     10.0000,      1.4007,     42.6062,    248.6572,     62.5779,      3.4953,      0.0000,     -0.0311,      0.3053,      0.1279,      5.5847,     11.1694,      1.1303,     28.4890,     56.9779,      0.0192,      0.0002,      0.0156,      0.2052,   7772.5088,-418863.2188,   -910.6990,    551.3535,  25908.3633,
       1,     168,     305,       8,       1,       3,       1,     10.0000,      1.4007,     42.6062,    248.6572,     62.5779,      3.4953,      0.0146,     -0.0164,      0.0334,      0.1269,      5.5847,     11.1694,      1.1212,     28.4890,     56.9779,      0.0192,      0.0002,      0.0017,      0.2052,   7772.5093,-418863.7500,   -910.0756,    551.3536,  25908.3633,
       1,     168,     305,       9,       1,       3,       1,     10.0000,      1.4007,     42.6062,    248.6572,     62.5779,      3.4953,      0.0968,      0.0656,      2.4453,      0.1330,      5.5847,     11.1694,      1.1748,     28.4890,     56.9779,      0.0192,      0.0003,      0.1195,      0.2052,   7772.5093,-418526.9688,   -910.0683,    551.3767,  25908.3633,
       1,     168,     305,      10,       1,       3,       1,     10.0000,      1.4007,     42.6062,    248.6572,     62.5779,      3.4953,      0.1755,      0.1429,      6.3352,      0.1707,      5.5847,     11.1694,      1.5080,     28.4890,     56.9779,      0.0192,      0.0003,      0.2327,      0.2052,   7772.5093,-421484.1562,   -910.9838,    551.1729,  25908.3613,
       1,     168,     305,      11,       1,       3,       1,     10.0000,      1.4007,     42.6062,    248.6572,     62.5779,      3.4953,      0.1874,      0.1539,      8.0486,      0.1975,      5.5847,     11.1694,      1.7451,     28.4890,     56.9779,      0.0192,      0.0004,      0.2500,      0.2052,   7772.5088,-426552.2188,   -913.1592,    550.8238,  25908.3613,
       1,     168,     305,      12,       1,       3,       1,     10.0000,      1.4007,     42.6062,    248.6572,     62.5779,      3.4953,      0.1873,      0.1534,      8.8226,      0.2139,      5.5847,     11.1694,      1.8902,     28.4890,     56.9779,      0.0192,      0.0004,      0.2500,      0.2052,   7772.5088,-429106.1875,   -915.2137,    550.6481,  25908.3633,
       1,     168,     305,      13,       1,       3,       1,     10.0000,      1.4007,     42.6062,    248.6572,     62.5779,      3.4953,      0.1833,      0.1501,      7.5153,      0.1900,      5.5847,     11.1694,      1.6790,     28.4890,     56.9779,      0.0192,      0.0004,      0.2440,      0.2052,   7772.5093,-430281.9375,   -917.1404,    550.5671,  25908.3613,
       1,     168,     305,      14,       1,       3,       1,     10.0000,      1.4007,     42.6062,    248.6572,     62.5779,      3.4953,      0.1876,      0.1556,      6.3577,      0.1522,      5.5847,     11.1694,      1.3452,     28.4890,     56.9779,      0.0192,      0.0003,      0.2500,      0.2052,   7772.5088,-428763.7500,   -915.3257,    550.6717,  25908.3652,
       1,     168,     305,      15,       1,       3,       1,     10.0000,      1.4007,     42.6062,    248.6572,     62.5779,      3.4953,      0.1899,      0.1575,     36.1166,      0.1620,      5.5847,     11.1694,      1.4316,     28.4890,     56.9779,      0.0192,      0.0018,      0.2500,      0.2052,   7772.5098,-427200.4688,   -915.7540,    550.7792,  25908.3633,
       1,     168,     305,      16,       1,       3,       1,     10.0000,      1.4007,     42.6062,    248.6572,     62.5779,      3.4953,      0.1803,      0.1479,     56.8200,      0.1671,      5.5847,     11.1694,      1.4767,     28.4890,     56.9779,      0.0192,      0.0030,      0.2339,      0.2052,   7772.5093,-463911.4688,   -923.6906,    548.2518,  25908.3633,
       1,     168,     305,      17,       1,       3,       1,     10.0000,      1.4007,     42.6062,    248.6572,     62.5779,      3.4953,      0.1005,      0.0683,     36.5321,      0.1577,      5.5847,     11.1694,      1.3933,     28.4890,     56.9779,      0.0192,      0.0037,      0.1204,      0.2052,   7772.5093,-492702.5938,   -930.2310,    546.2845,  25908.3633,
       1,     168,     305,      18,       1,       3,       1,     10.0000,      1.4007,     42.6062,    248.6572,     62.5779,      3.4953,      0.0768,      0.0446,     21.9145,      0.1586,      5.5847,     11.1694,      1.4017,     28.4890,     56.9779,      0.0192,      0.0031,      0.0878,      0.2052,   7772.5093,-470012.3438,   -926.8231,    547.8375,  25908.3633,
       1,     168,     305,      19,       1,       3,       1,     10.0000,      1.4007,     42.6062,    248.6572,     62.5779,      3.4953,      0.0283,     -0.0038,      2.6352,      0.1572,      5.5847,     11.1694,      1.3891,     28.4890,     56.9779,      0.0192,      0.0016,      0.0199,      0.2052,   7772.5093,-449976.5000,   -923.6604,    549.2117,  25908.3652,
       1,     168,     305,      20,       1,       3,       1,     10.0000,      1.4007,     42.6062,    248.6572,     62.5779,      3.4953,      0.0007,     -0.0313,      2.6934,      0.1509,      5.5847,     11.1694,      1.3331,     28.4890,     56.9779,      0.0192,      0.0021,      0.0156,      0.2052,   7772.5098,-424396.3750,   -919.1558,    550.9695,  25908.3633,
       1,     168,     305,      21,       1,       3,       1,     10.0000,      1.4007,     42.6062,    248.6572,     62.5779,      3.4953,      0.0000,     -0.0317,      3.2192,      0.1456,      5.5847,     11.1694,      1.2869,     28.4890,     56.9779,      0.0192,      0.0025,      0.0156,      0.2052,   7772.5093,-422295.4062,   -917.0096,    551.1171,  25908.3633,
       1,     168,     305,      22,       1,       3,       1,     10.0000,      1.4007,     42.6062,    248.6572,     62.5779,      3.4953,      0.0000,     -0.0316,      1.9751,      0.1410,      5.5847,     11.1694,      1.2459,     28.4890,     56.9779,      0.0192,      0.0016,      0.0156,      0.2052,   7772.5093,-422763.7812,   -915.0335,    551.0848,  25908.3633,
       1,     168,     305,      23,       1,       3,       1,     10.0000,      1.4007,     42.6062,    248.6572,     62.5779,      3.4953,      0.0000,     -0.0314,      1.1385,      0.1372,      5.5847,     11.1694,      1.2124,     28.4890,     56.9779,      0.0192,      0.0009,      0.0156,      0.2052,   7772.5093,-421263.5312,   -914.8858,    551.1882,  25908.3633,
       1,     168,     305,      24,       1,       3,       1,     10.0000,      1.4007,     42.6062,    248.6572,     62.5779,      3.4953,      0.0000,     -0.0313,      1.0182,      0.1343,      5.5847,     11.1694,      1.1868,     28.4890,     56.9779,      0.0192,      0.0008,      0.0156,      0.2052,   7772.5093,-420099.7812,   -911.9714,    551.2684,  25908.3613,
       1,     168,     306,       1,       1,       3,       1,     10.0000,      1.4007,     42.6065,    248.6631,     62.5793,      3.4953,      0.0000,     -0.0313,      0.8784,      0.1328,      5.5848,     11.1697,      1.1737,     28.4895,     56.9789,      0.0192,      0.0007,      0.0156,      0.2053,   7772.5088,-420006.1250,   -912.2612,    551.2877,  25909.5156,
       1,     168,     306,       2,       1,       3,       1,     10.0000,      1.4007,     42.6065,    248.6631,     62.5793,      3.4953,      0.0000,     -0.0312,      0.4061,      0.1315,      5.5848,     11.1697,      1.1618,     28.4895,     56.9789,      0.0192,      0.0003,      0.0156,      0.2053,   7772.8550,-419673.0938,   -912.0060,    551.3107,  25909.5156,
       1,     168,     306,       3,       1,       3,       1,     10.0000,      1.4007,     42.6065,    248.6631,     62.5793,      3.4953,      0.0000,     -0.0312,      0.3165,      0.1320,      5.5848,     11.1697,      1.1666,     28.4895,     56.9789,      0.0192,      0.0002,      0.0156,      0.2053,   7772.8550,-419060.0312,   -911.9080,    551.3529,  25909.5137,
       1,     168,     306,       4,       1,       3,       1,     10.0000,      1.4007,     42.6065,    248.6631,     62.5793,      3.4953,      0.0000,     -0.0313,      0.3213,      0.1338,      5.5848,     11.1697,      1.1820,     28.4895,     56.9789,      0.0192,      0.0003,      0.0156,      0.2053,   7772.8545,-418897.2188,   -911.8803,    551.3641,  25909.5137,
       1,     168,     306,       5,       1,       3,       1,     10.0000,      1.4007,     42.6065,    248.6631,     62.5793,      3.4953,      0.0000,     -0.0312,      0.3161,      0.1319,      5.5848,     11.1697,      1.1654,     28.4895,     56.9789,      0.0192,      0.0002,      0.0156,      0.2053,   7772.8545,-418889.3750,   -911.8798,    551.3646,  25909.5137,
       1,     168,     306,       6,       1,       3,       1,     10.0000,      1.4007,     42.6065,    248.6631,     62.5793,      3.4953,      0.0000,     -0.0313,      0.3198,      0.1332,      5.5848,     11.1697,      1.1773,     28.4895,     56.9789,      0.0192,      0.0003,      0.0156,      0.2053,   7772.8545,-418882.3438,   -911.8793,    551.3652,  25909.5137,
       1,     168,     306,       7,       1,       3,       1,     10.0000,      1.4007,     42.6065,    248.6631,     62.5793,      3.4953,      0.0000,     -0.0312,      0.3172,      0.1323,      5.5848,     11.1697,      1.1689,     28.4895,     56.9789,      0.0192,      0.0002,      0.0156,      0.2053,   7772.8545,-418886.1562,   -911.8809,    551.3649,  25909.5137,
       1,     168,     306,       8,       1,       3,       1,     10.0000,      1.4007,     42.6065,    248.6631,     62.5793,      3.4953,      0.0085,     -0.0227,      0.3161,      0.1319,      5.5848,     11.1697,      1.1654,     28.4895,     56.9789,      0.0192,      0.0002,      0.0156,      0.2053,   7772.8545,-418883.3750,   -911.8812,    551.3651,  25909.5137,
       1,     168,     306,       9,       1,       3,       1,     10.0000,      1.4007,     42.6065,    248.6631,     62.5793,      3.4953,      0.1091,      0.0775,      3.0003,      0.1411,      5.5848,     11.1697,      1.2472,     28.4895,     56.9789,      0.0192,      0.0003,      0.1370,      0.2053,   7772.8545,-418881.8125,   -911.9135,    551.3652,  25909.5137,
       1,     168,     306,      10,       1,       3,       1,     10.0000,      1.4007,     42.6065,    248.6631,     62.5793,      3.4953,      0.0753,      0.0437,      1.9615,      0.1429,      5.5848,     11.1697,      1.2624,     28.4895,     56.9789,      0.0192,      0.0003,      0.0883,      0.2053,   7772.8545,-422203.9375,   -912.9460,    551.1362,  25909.5137,
       1,     168,     306,      11,       1,       3,       1,     10.0000,      1.4007,     42.6065,    248.6631,     62.5793,      3.4953,      0.1802,      0.1479,      6.1854,      0.1630,      5.5848,     11.1697,      1.4402,     28.4895,     56.9789,      0.0192,      0.0003,      0.2395,      0.2053,   7772.8545,-421201.6875,   -913.0086,    551.2053,  25909.5156,
       1,     168,     306,      12,       1,       3,       1,     10.0000,      1.4007,     42.6065,    248.6631,     62.5793,      3.4953,      0.1874,      0.1542,      7.6298,      0.1885,      5.5848,     11.1697,      1.6658,     28.4895,     56.9789,      0.0192,      0.0004,      0.2500,      0.2053,   7772.8550,-426344.2812,   -915.2102,    550.8510,  25909.5137,
       1,     168,     306,      13,       1,       3,       1,     10.0000,      1.4007,     42.6065,    248.6631,     62.5793,      3.4953,      0.1694,      0.1361,      7.1191,      0.1954,      5.5848,     11.1697,      1.7262,     28.4895,     56.9789,      0.0192,      0.0004,      0.2239,      0.2053,   7772.8545,-428571.4688,   -916.9126,    550.6978,  25909.5156,
       1,     168,     306,      14,       1,       3,       1,     10.0000,      1.4007,     42.6065,    248.6631,     62.5793,      3.4953,      0.1520,      0.1188,      7.6305,      0.1883,      5.5848,     11.1697,      1.6641,     28.4895,     56.9789,      0.0192,      0.0005,      0.1983,      0.2053,   7772.8550,-428128.6875,   -917.9557,    550.7282,  25909.5137,
       1,     168,     306,      15,       1,       3,       1,     10.0000,      1.4007,     42.6065,    248.6631,     62.5793,      3.4953,      0.0736,      0.0416,      5.1624,      0.1535,      5.5848,     11.1697,      1.3561,     28.4895,     56.9789,      0.0192,      0.0007,      0.0852,      0.2053,   7772.8545,-428724.5312,   -916.4525,    550.6872,  25909.5156,
       1,     168,     306,      16,       1,       3,       1,     10.0000,      1.4007,     42.6065,    248.6631,     62.5793,      3.4953,      0.0862,      0.0546,     15.5342,      0.1404,      5.5848,     11.1697,      1.2409,     28.4895,     56.9789,      0.0192,      0.0019,      0.1025,      0.2053,   7772.8550,-425719.5938,   -911.5845,    550.8941,  25909.5137,
       1,     168,     306,      17,       1,       3,       1,     10.0000,      1.4007,     42.6065,    248.6631,     62.5793,      3.4953,      0.0227,     -0.0086,      2.7482,      0.1323,      5.5848,     11.1697,      1.1689,     28.4895,     56.9789,      0.0192,      0.0027,      0.0127,      0.2053,   7772.8545,-438303.1250,   -914.1315,    550.0276,  25909.5137,
       1,     168,     306,      18,       1,       3,       1,     10.0000,      1.4007,     42.6065,    248.6631,     62.5793,      3.4953,      0.0123,     -0.0184,      3.2606,      0.1179,      5.5848,     11.1697,      1.0418,     28.4895,     56.9789,      0.0192,      0.0026,      0.0156,      0.2053,   7772.8545,-423546.9062,   -911.3896,    551.0428,  25909.5156,
       1,     168,     306,      19,       1,       3,       1,     10.0000,      1.4007,     42.6065,    248.6631,     62.5793,      3.4953,      0.0067,     -0.0239,      2.8546,      0.1172,      5.5848,     11.1697,      1.0354,     28.4895,     56.9789,      0.0192,      0.0022,      0.0156,      0.2053,   7772.8550,-422925.1250,   -911.2664,    551.0866,  25909.5117,
       1,     168,     306,      20,       1,       3,       1,     10.0000,      1.4007,     42.6065,    248.6631,     62.5793,      3.4953,      0.0001,     -0.0306,      0.8190,      0.1172,      5.5848,     11.1697,      1.0354,     28.4895,     56.9789,      0.0192,      0.0006,      0.0156,      0.2053,   7772.8540,-422368.7812,   -911.0863,    551.1249,  25909.5137,
       1,     168,     306,      21,       1,       3,       1,     10.0000,      1.4007,     42.6065,    248.6631,     62.5793,      3.4953,      0.0000,     -0.0307,      0.5695,      0.1180,      5.5848,     11.1697,      1.0428,     28.4895,     56.9789,      0.0192,      0.0004,      0.0156,      0.2053,   7772.8545,-419801.3750,   -910.3173,    551.3018,  25909.5137,
       1,     168,     306,      22,       1,       3,       1,     10.0000,      1.4007,     42.6065,    248.6631,     62.5793,      3.4953,      0.0000,     -0.0307,      0.2847,      0.1195,      5.5848,     11.1697,      1.0557,     28.4895,     56.9789,      0.0192,      0.0002,      0.0156,      0.2053,   7772.8545,-419273.6875,   -910.1813,    551.3381,  25909.5137,
       1,     168,     306,      23,       1,       3,       1,     10.0000,      1.4007,     42.6065,    248.6631,     62.5793,      3.4953,      0.0000,     -0.0308,      0.2844,      0.1202,      5.5848,     11.1697,      1.0622,     28.4895,     56.9789,      0.0192,      0.0002,      0.0156,      0.2053,   7772.8545,-418876.1875,   -910.1122,    551.3655,  25909.5117,
       1,     168,     306,      24,       1,       3,       1,     10.0000,      1.4007,     42.6065,    248.6631,     62.5793,      3.4953,      0.0000,     -0.0307,      0.2807,      0.1189,      5.5848,     11.1697,      1.0503,     28.4895,     56.9789,      0.0192,      0.0002,      0.0156,      0.2053,   7772.8540,-418842.0312,   -910.1076,    551.3679,  25909.5137,
       1,     168,     307,       1,       1,       3,       1,     10.0000,      1.4007,     42.6068,    248.6689,     62.5808,      3.4953,      0.0000,     -0.0307,      0.2821,      0.1194,      5.5862,     11.1725,      1.0547,     28.4772,     56.9545,      0.0192,      0.0002,      0.0156,      0.2053,   7772.8545,-418988.8750,   -910.3915,    551.3710,  25910.6602,
       1,     168,     307,       2,       1,       3,       1,     10.0000,      1.4007,     42.6068,    248.6689,     62.5808,      3.4953,      0.0000,     -0.0307,      0.2817,      0.1192,      5.5862,     11.1725,      1.0536,     28.4772,     56.9545,      0.0192,      0.0002,      0.0156,      0.2053,   7773.1982,-418851.7812,   -910.1177,    551.3804,  25910.6621,
       1,     168,     307,       3,       1,       3,       1,     10.0000,      1.4007,     42.6068,    248.6689,     62.5808,      3.4953,      0.0000,     -0.0307,      0.2794,      0.1184,      5.5862,     11.1725,      1.0461,     28.4772,     56.9545,      0.0192,      0.0002,      0.0156,      0.2053,   7773.1987,-418839.5625,   -910.1166,    551.3812,  25910.6621,
       1,     168,     307,       4,       1,       3,       1,     10.0000,      1.4007,     42.6068,    248.6689,     62.5808,      3.4953,      0.0000,     -0.0306,      0.2772,      0.1175,      5.5862,     11.1725,      1.0386,     28.4772,     56.9545,      0.0192,      0.0002,      0.0156,      0.2053,   7773.1987,-418835.6875,   -910.1171,    551.3815,  25910.6621,
       1,     168,     307,       5,       1,       3,       1,     10.0000,      1.4007,     42.6068,    248.6689,     62.5808,      3.4953,      0.0000,     -0.0307,      0.2831,      0.1197,      5.5862,     11.1725,      1.0579,     28.4772,     56.9545,      0.0192,      0.0002,      0.0156,      0.2053,   7773.1987,-418832.5000,   -910.1178,    551.3817,  25910.6621,
       1,     168,     307,       6,       1,       3,       1,     10.0000,      1.4007,     42.6068,    248.6689,     62.5808,      3.4953,      0.0000,     -0.0307,      0.2814,      0.1191,      5.5862,     11.1725,      1.0525,     28.4772,     56.9545,      0.0192,      0.0002,      0.0156,      0.2053,   7773.1987,-418839.5312,   -910.1205,    551.3812,  25910.6641,
       1,     168,     307,       7,       1,       3,       1,     10.0000,      1.4007,     42.6068,    248.6689,     62.5808,      3.4953,      0.0000,     -0.0308,      0.2850,      0.1205,      5.5862,     11.1725,      1.0644,     28.4772,     56.9545,      0.0192,      0.0002,      0.0156,      0.2053,   7773.1997,-418837.7812,   -910.1206,    551.3813,  25910.6641,
       1,     168,     307,       8,       1,       3,       1,     10.0000,      1.4007,     42.6068,    248.6689,     62.5808,      3.4953,      0.0022,     -0.0287,      0.2887,      0.1218,      5.5862,     11.1725,      1.0764,     28.4772,     56.9545,      0.0192,      0.0002,      0.0156,      0.2053,   7773.1997,-418842.0938,   -910.1227,    551.3810,  25910.6641,
       1,     168,     307,       9,       1,       3,       1,     10.0000,      1.4007,     42.6068,    248.6689,     62.5808,      3.4953,      0.0855,      0.0545,      1.9936,      0.1262,      5.5862,     11.1725,      1.1155,     28.4772,     56.9545,      0.0192,      0.0002,      0.1034,      0.2053,   7773.1997,-418847.0938,   -910.1298,    551.3807,  25910.6621,
       1,     168,     307,      10,       1,       3,       1,     10.0000,      1.4007,     42.6068,    248.6689,     62.5808,      3.4953,      0.1845,      0.1522,      6.3015,      0.1620,      5.5862,     11.1725,      1.4316,     28.4772,     56.9545,      0.0192,      0.0003,      0.2457,      0.2053,   7773.1987,-420957.7500,   -910.7175,    551.2353,  25910.6621,
       1,     168,     307,      11,       1,       3,       1,     10.0000,      1.4007,     42.6068,    248.6689,     62.5808,      3.4953,      0.1874,      0.1538,      8.3373,      0.2036,      5.5862,     11.1725,      1.7994,     28.4772,     56.9545,      0.0192,      0.0004,      0.2500,      0.2053,   7773.1987,-426469.6875,   -913.0485,    550.8555,  25910.6621,
       1,     168,     307,      12,       1,       3,       1,     10.0000,      1.4007,     42.6068,    248.6689,     62.5808,      3.4953,      0.1873,      0.1535,      8.6647,      0.2106,      5.5862,     11.1725,      1.8607,     28.4772,     56.9545,      0.0192,      0.0004,      0.2500,      0.2053,   7773.1987,-429459.9375,   -916.0256,    550.6497,  25910.6621,
       1,     168,     307,      13,       1,       3,       1,     10.0000,      1.4007,     42.6068,    248.6689,     62.5808,      3.4953,      0.1873,      0.1532,      9.2412,      0.2227,      5.5862,     11.1725,      1.9679,     28.4772,     56.9545,      0.0192,      0.0005,      0.2500,      0.2053,   7773.1987,-430120.1250,   -918.0586,    550.6043,  25910.6621,
       1,     168,     307,      14,       1,       3,       1,     10.0000,      1.4007,     42.6068,    248.6689,     62.5808,      3.4953,      0.1873,      0.1534,      8.9032,      0.2156,      5.5862,     11.1725,      1.9052,     28.4772,     56.9545,      0.0192,      0.0004,      0.2500,      0.2053,   7773.1987,-430890.0000,   -919.7073,    550.5513,  25910.6621,
       1,     168,     307,      15,       1,       3,       1,     10.0000,      1.4007,     42.6068,    248.6689,     62.5808,      3.4953,      0.1897,      0.1551,     41.3459,      0.2408,      5.5862,     11.1725,      2.1281,     28.4772,     56.9545,      0.0192,      0.0020,      0.2500,      0.2053,   7773.1987,-430537.2188,   -920.5577,    550.5756,  25910.6621,
       1,     168,     307,      16,       1,       3,       1,     10.0000,      1.4007,     42.6068,    248.6689,     62.5808,      3.4953,      0.1855,      0.1512,     92.8840,      0.2314,      5.5862,     11.1725,      2.0445,     28.4772,     56.9545,      0.0192,      0.0048,      0.2379,      0.2053,   7773.1987,-470666.1875,   -929.4854,    547.8138,  25910.6602,
       1,     168,     307,      17,       1,       3,       1,     10.0000,      1.4007,     42.6068,    248.6689,     62.5808,      3.4953,      0.1647,      0.1315,     84.7931,      0.1878,      5.5862,     11.1725,      1.6592,     28.4772,     56.9545,      0.0192,      0.0050,      0.2080,      0.2052,   7773.1982,-537938.5000,   -943.1932,    543.2142,  25910.6621,
       1,     168,     307,      18,       1,       3,       1,     10.0000,      1.4007,     42.6068,    248.6689,     62.5808,      3.4953,      0.0830,      0.0507,     37.8723,      0.1615,      5.5862,     11.1725,      1.4273,     28.4772,     56.9545,      0.0192,      0.0049,      0.0949,      0.2052,   7773.1987,-533675.1250,   -943.3291,    543.5229,  25910.6602,
       1,     168,     307,      19,       1,       3,       1,     10.0000,      1.4007,     42.6068,    248.6689,     62.5808,      3.4953,      0.0286,     -0.0024,      6.3907,      0.1277,      5.5862,     11.1725,      1.1281,     28.4772,     56.9545,      0.0192,      0.0037,      0.0211,      0.2052,   7773.1982,-475117.0000,   -921.2410,    547.5015,  25910.6621,
       1,     168,     307,      20,       1,       3,       1,     10.0000,      1.4007,     42.6068,    248.6689,     62.5808,      3.4953,      0.0010,     -0.0299,      6.4059,      0.1250,      5.5862,     11.1725,      1.1042,     28.4772,     56.9545,      0.0192,      0.0050,      0.0156,      0.2052,   7773.1987,-431194.3750,   -912.9254,    550.5220,  25910.6621,
       1,     168,     307,      21,       1,       3,       1,     10.0000,      1.4007,     42.6068,    248.6689,     62.5808,      3.4953,      0.0000,     -0.0310,      5.7144,      0.1259,      5.5862,     11.1725,      1.1121,     28.4772,     56.9545,      0.0192,      0.0045,      0.0156,      0.2053,   7773.1987,-427482.1875,   -912.8492,    550.7858,  25910.6621,
       1,     168,     307,      22,       1,       3,       1,     10.0000,      1.4007,     42.6068,    248.6689,     62.5808,      3.4953,      0.0000,     -0.0310,      3.4179,      0.1262,      5.5862,     11.1725,      1.1155,     28.4772,     56.9545,      0.0192,      0.0027,      0.0156,      0.2053,   7773.1987,-426299.5625,   -913.0772,    550.8673,  25910.6621,
       1,     168,     307,      23,       1,       3,       1,     10.0000,      1.4007,     42.6068,    248.6689,     62.5808,      3.4953,      0.0000,     -0.0309,      1.8464,      0.1248,      5.5862,     11.1725,      1.1031,     28.4772,     56.9545,      0.0192,      0.0015,      0.0156,      0.2053,   7773.1987,-423356.2500,   -912.8695,    551.0700,  25910.6621,
       1,     168,     307,      24,       1,       3,       1,     10.0000,      1.4007,     42.6068,    248.6689,     62.5808,      3.4953,      0.0000,     -0.0310,      0.5166,      0.1261,      5.5862,     11.1725,      1.1144,     28.4772,     56.9545,      0.0192,      0.0004,      0.0156,      0.2053,   7773.1987,-421160.2812,   -912.6917,    551.2213,  25910.6602,
       1,     168,     308,       1,       1,       3,       1,     10.0000,      1.4007,     42.6072,    248.6747,     62.5822,      3.4953,      0.0000,     -0.0310,      0.3036,      0.1273,      5.5844,     11.1688,      1.1247,     28.4792,     56.9585,      0.0192,      0.0002,      0.0156,      0.2053,   7773.1982,-419481.1562,   -910.4708,    551.3498,  25911.8125,
       1,     168,     308,       2,       1,       3,       1,     10.0000,      1.4007,     42.6072,    248.6747,     62.5822,      3.4953,      0.0000,     -0.0310,      0.3014,      0.1265,      5.5844,     11.1688,      1.1178,     28.4792,     56.9585,      0.0192,      0.0002,      0.0156,      0.2053,   7773.5439,-418923.0000,   -910.1212,    551.3882,  25911.8125,
       1,     168,     308,       3,       1,       3,       1,     10.0000,      1.4007,     42.6072,    248.6747,     62.5822,      3.4953,      0.0000,     -0.0310,      0.3018,      0.1266,      5.5844,     11.1688,      1.1190,     28.4792,     56.9585,      0.0192,      0.0002,      0.0156,      0.2053,   7773.5439,-418872.8125,   -910.1135,    551.3917,  25911.8125,
       1,     168,     308,       4,       1,       3,       1,     10.0000,      1.4007,     42.6072,    248.6747,     62.5822,      3.4953,      0.0000,     -0.0310,      0.2983,      0.1253,      5.5844,     11.1688,      1.1076,     28.4792,     56.9585,      0.0192,      0.0002,      0.0156,      0.2053,   7773.5439,-418868.8750,   -910.0745,    551.3919,  25911.8105,
       1,     168,     308,       5,       1,       3,       1,     10.0000,      1.4007,     42.6072,    248.6747,     62.5822,      3.4953,      0.0000,     -0.0310,      0.3021,      0.1268,      5.5844,     11.1688,      1.1201,     28.4792,     56.9585,      0.0192,      0.0002,      0.0156,      0.2053,   7773.5435,-418864.7188,   -910.0744,    551.3923,  25911.8105,
       1,     168,     308,       6,       1,       3,       1,     10.0000,      1.4007,     42.6072,    248.6747,     62.5822,      3.4953,      0.0000,     -0.0311,      0.3078,      0.1288,      5.5844,     11.1688,      1.1385,     28.4792,     56.9585,      0.0192,      0.0002,      0.0156,      0.2053,   7773.5435,-418869.0312,   -910.0770,    551.3920,  25911.8105,
       1,     168,     308,       7,       1,       3,       1,     10.0000,      1.4007,     42.6072,    248.6747,     62.5822,      3.4953,      0.0000,     -0.0310,      0.2990,      0.1256,      5.5844,     11.1688,      1.1099,     28.4792,     56.9585,      0.0192,      0.0002,      0.0156,      0.2053,   7773.5435,-418876.4062,   -910.0799,    551.3915,  25911.8125,
       1,     168,     308,       8,       1,       3,       1,     10.0000,      1.4007,     42.6072,    248.6747,     62.5822,      3.4953,      0.0141,     -0.0169,      0.0193,      0.1247,      5.5844,     11.1688,      1.1020,     28.4792,     56.9585,      0.0192,      0.0002,      0.0010,      0.2053,   7773.5439,-418865.7500,   -910.0789,    551.3922,  25911.8105,
       1,     168,     308,       9,       1,       3,       1,     10.0000,      1.4007,     42.6072,    248.6747,     62.5822,      3.4953,      0.1305,      0.0992,      3.4793,      0.1345,      5.5844,     11.1688,      1.1881,     28.4792,     56.9585,      0.0192,      0.0003,      0.1679,      0.2053,   7773.5435,-418519.1250,   -910.0590,    551.4161,  25911.8125,
       1,     168,     308,      10,       1,       3,       1,     10.0000,      1.4007,     42.6072,    248.6747,     62.5822,      3.4953,      0.1674,      0.1353,      5.4762,      0.1572,      5.5844,     11.1688,      1.3892,     28.4792,     56.9585,      0.0192,      0.0003,      0.2210,      0.2053,   7773.5439,-422770.8750,   -911.3521,    551.1230,  25911.8105,
       1,     168,     308,      11,       1,       3,       1,     10.0000,      1.4007,     42.6072,    248.6747,     62.5822,      3.4953,      0.1774,      0.1444,      6.8714,      0.1814,      5.5844,     11.1688,      1.6026,     28.4792,     56.9585,      0.0192,      0.0004,      0.2354,      0.2053,   7773.5435,-425605.3438,   -912.8256,    550.9279,  25911.8125,
       1,     168,     308,      12,       1,       3,       1,     10.0000,      1.4007,     42.6072,    248.6747,     62.5822,      3.4953,      0.1874,      0.1540,      8.0401,      0.1973,      5.5844,     11.1688,      1.7435,     28.4792,     56.9585,      0.0192,      0.0004,      0.2500,      0.2053,   7773.5439,-427573.3750,   -914.3091,    550.7923,  25911.8125,
       1,     168,     308,      13,       1,       3,       1,     10.0000,      1.4007,     42.6072,    248.6747,     62.5822,      3.4953,      0.1873,      0.1534,      8.8933,      0.2154,      5.5844,     11.1688,      1.9033,     28.4792,     56.9585,      0.0192,      0.0004,      0.2500,      0.2053,   7773.5439,-429187.6562,   -916.4256,    550.6812,  25911.8145,
       1,     168,     308,      14,       1,       3,       1,     10.0000,      1.4007,     42.6072,    248.6747,     62.5822,      3.4953,      0.1873,      0.1531,      9.3568,      0.2251,      5.5844,     11.1688,      1.9893,     28.4792,     56.9585,      0.0192,      0.0005,      0.2500,      0.2053,   7773.5444,-430381.0000,   -918.7333,    550.5990,  25911.8125,
       1,     168,     308,      15,       1,       3,       1,     10.0000,      1.4007,     42.6072,    248.6747,     62.5822,      3.4953,      0.1887,      0.1549,     25.5526,      0.2104,      5.5844,     11.1688,      1.8589,     28.4792,     56.9585,      0.0192,      0.0013,      0.2500,      0.2053,   7773.5439,-431056.7812,   -920.1575,    550.5526,  25911.8125,
       1,     168,     308,      16,       1,       3,       1,     10.0000,      1.4007,     42.6072,    248.6747,     62.5822,      3.4953,      0.1878,      0.1543,     55.6550,      0.1971,      5.5844,     11.1688,      1.7418,     28.4792,     56.9585,      0.0192,      0.0028,      0.2451,      0.2053,   7773.5439,-451159.8750,   -924.9016,    549.1691,  25911.8145,
       1,     168,     308,      17,       1,       3,       1,     10.0000,      1.4007,     42.6072,    248.6747,     62.5822,      3.4953,      0.1764,      0.1427,     64.5754,      0.2034,      5.5844,     11.1688,      1.7977,     28.4792,     56.9585,      0.0192,      0.0035,      0.2274,      0.2053,   7773.5444,-490146.3750,   -933.0876,    546.4945,  25911.8105,
       1,     168,     308,      18,       1,       3,       1,     10.0000,      1.4007,     42.6072,    248.6747,     62.5822,      3.4953,      0.0638,      0.0312,     24.5321,      0.1717,      5.5844,     11.1688,      1.5171,     28.4792,     56.9585,      0.0192,      0.0044,      0.0683,      0.2053,   7773.5435,-504531.5625,   -936.6356,    545.5184,  25911.8105,
       1,     168,     308,      19,       1,       3,       1,     10.0000,      1.4007,     42.6072,    248.6747,     62.5822,      3.4953,      0.0191,     -0.0130,      2.5233,      0.1556,      5.5844,     11.1688,      1.3754,     28.4792,     56.9585,      0.0192,      0.0047,      0.0065,      0.2052,   7773.5435,-456131.3125,   -917.6694,    548.8196,  25911.8125,
       1,     168,     308,      20,       1,       3,       1,     10.0000,      1.4007,     42.6072,    248.6747,     62.5822,      3.4953,      0.0005,     -0.0311,      4.9100,      0.1439,      5.5844,     11.1688,      1.2715,     28.4792,     56.9585,      0.0192,      0.0039,      0.0156,      0.2053,   7773.5439,-424796.7500,   -911.6647,    550.9793,  25911.8125,
       1,     168,     308,      21,       1,       3,       1,     10.0000,      1.4007,     42.6072,    248.6747,     62.5822,      3.4953,      0.0000,     -0.0315,      3.6120,      0.1392,      5.5844,     11.1688,      1.2298,     28.4792,     56.9585,      0.0192,      0.0028,      0.0156,      0.2053,   7773.5439,-425082.2812,   -911.8201,    550.9639,  25911.8145,
       1,     168,     308,      22,       1,       3,       1,     10.0000,      1.4007,     42.6072,    248.6747,     62.5822,      3.4953,      0.0000,     -0.0314,      4.1363,      0.1362,      5.5844,     11.1688,      1.2039,     28.4792,     56.9585,      0.0192,      0.0033,      0.0156,      0.2053,   7773.5444,-423494.8125,   -911.3646,    551.0732,  25911.8125,
       1,     168,     308,      23,       1,       3,       1,     10.0000,      1.4007,     42.6072,    248.6747,     62.5822,      3.4953,      0.0000,     -0.0311,      1.5138,      0.1294,      5.5844,     11.1688,      1.1431,     28.4792,     56.9585,      0.0192,      0.0012,      0.0156,      0.2053,   7773.5439,-424008.5625,   -911.4061,    551.0378,  25911.8105,
       1,     168,     308,      24,       1,       3,       1,     10.0000,      1.4007,     42.6072,    248.6747,     62.5822,      3.4953,      0.0000,     -0.0312,      0.3147,      0.1314,      5.5844,     11.1688,      1.1607,     28.4792,     56.9585,      0.0192,      0.0002,      0.0156,      0.2053,   7773.5435,-420806.9688,   -910.9714,    551.2584,  25911.8125,
       1,     168,     309,       1,       1,       3,       1,     10.0000,      1.4008,     42.6075,    248.6805,     62.5838,      3.4953,      0.0000,     -0.0313,      0.4267,      0.1341,      5.5853,     11.1705,      1.1845,     28.4817,     56.9634,      0.0192,      0.0003,      0.0156,      0.2053,   7773.5439,-419204.2188,   -910.9434,    551.3818,  25912.9648,
       1,     168,     309,       2,       1,       3,       1,     10.0000,      1.4008,     42.6075,    248.6805,     62.5838,      3.4953,      0.0000,     -0.0313,      0.3255,      0.1353,      5.5853,     11.1705,      1.1954,     28.4817,     56.9634,      0.0192,      0.0003,      0.0156,      0.2053,   7773.8896,-419054.4062,   -910.1157,    551.3920,  25912.9629,
       1,     168,     309,       3,       1,       3,       1,     10.0000,      1.4008,     42.6075,    248.6805,     62.5838,      3.4953,      0.0000,     -0.0314,      0.3262,      0.1356,      5.5853,     11.1705,      1.1978,     28.4817,     56.9634,      0.0192,      0.0003,      0.0156,      0.2053,   7773.8892,-418916.6875,   -910.0932,    551.4016,  25912.9629,
       1,     168,     309,       4,       1,       3,       1,     10.0000,      1.4008,     42.6075,    248.6805,     62.5838,      3.4953,      0.0000,     -0.0314,      0.3262,      0.1356,      5.5853,     11.1705,      1.1978,     28.4817,     56.9634,      0.0192,      0.0003,      0.0156,      0.2053,   7773.8892,-418905.8750,   -910.0929,    551.4023,  25912.9648,
       1,     168,     309,       5,       1,       3,       1,     10.0000,      1.4008,     42.6075,    248.6805,     62.5838,      3.4953,      0.0000,     -0.0312,      0.3118,      0.1303,      5.5853,     11.1705,      1.1513,     28.4817,     56.9634,      0.0192,      0.0002,      0.0156,      0.2053,   7773.8896,-418904.7500,   -910.0939,    551.4025,  25912.9629,
       1,     168,     309,       6,       1,       3,       1,     10.0000,      1.4008,     42.6075,    248.6805,     62.5838,      3.4953,      0.0000,     -0.0310,      0.3015,      0.1265,      5.5853,     11.1705,      1.1179,     28.4817,     56.9634,      0.0192,      0.0002,      0.0156,      0.2053,   7773.8892,-418886.9062,   -910.0927,    551.4037,  25912.9629,
       1,     168,     309,       7,       1,       3,       1,     10.0000,      1.4008,     42.6075,    248.6805,     62.5838,      3.4953,      0.0000,     -0.0311,      0.3071,      0.1286,      5.5853,     11.1705,      1.1362,     28.4817,     56.9634,      0.0192,      0.0002,      0.0156,      0.2053,   7773.8892,-418872.5938,   -910.0916,    551.4047,  25912.9629,
       1,     168,     309,       8,       1,       3,       1,     10.0000,      1.4008,     42.6075,    248.6805,     62.5838,      3.4953,      0.0200,     -0.0112,      0.1863,      0.1326,      5.5853,     11.1705,      1.1714,     28.4817,     56.9634,      0.0192,      0.0002,      0.0091,      0.2053,   7773.8892,-418878.4062,   -910.0939,    551.4042,  25912.9629,
       1,     168,     309,       9,       1,       3,       1,     10.0000,      1.4008,     42.6075,    248.6805,     62.5838,      3.4953,      0.1328,      0.1009,      4.0901,      0.1524,      5.5853,     11.1705,      1.3467,     28.4817,     56.9634,      0.0192,      0.0003,      0.1710,      0.2053,   7773.8892,-418729.4375,   -910.1624,    551.4146,  25912.9629,
       1,     168,     309,      10,       1,       3,       1,     10.0000,      1.4008,     42.6075,    248.6805,     62.5838,      3.4953,      0.1328,      0.1004,      4.5322,      0.1668,      5.5853,     11.1705,      1.4739,     28.4817,     56.9634,      0.0192,      0.0003,      0.1709,      0.2053,   7773.8892,-423546.9688,   -911.9576,    551.0824,  25912.9629,
       1,     168,     309,      11,       1,       3,       1,     10.0000,      1.4008,     42.6075,    248.6805,     62.5838,      3.4953,      0.1874,      0.1538,      8.3282,      0.2034,      5.5853,     11.1705,      1.7977,     28.4817,     56.9634,      0.0192,      0.0004,      0.2500,      0.2053,   7773.8892,-424505.2812,   -912.7622,    551.0165,  25912.9629,
       1,     168,     309,      12,       1,       3,       1,     10.0000,      1.4008,     42.6075,    248.6805,     62.5838,      3.4953,      0.1873,      0.1531,      9.3045,      0.2240,      5.5853,     11.1705,      1.9796,     28.4817,     56.9634,      0.0192,      0.0005,      0.2500,      0.2053,   7773.8892,-429284.2188,   -916.0396,    550.6874,  25912.9648,
       1,     168,     309,      13,       1,       3,       1,     10.0000,      1.4008,     42.6075,    248.6805,     62.5838,      3.4953,      0.1873,      0.1528,      9.8325,      0.2350,      5.5853,     11.1705,      2.0768,     28.4817,     56.9634,      0.0192,      0.0005,      0.2500,      0.2053,   7773.8896,-430899.8438,   -919.1396,    550.5763,  25912.9629,
       1,     168,     309,      14,       1,       3,       1,     10.0000,      1.4008,     42.6075,    248.6805,     62.5838,      3.4953,      0.1880,      0.1541,     17.1651,      0.2131,      5.5853,     11.1705,      1.8829,     28.4817,     56.9634,      0.0192,      0.0008,      0.2500,      0.2053,   7773.8892,-431691.0625,   -920.9108,    550.5218,  25912.9629,
       1,     168,     309,      15,       1,       3,       1,     10.0000,      1.4008,     42.6075,    248.6805,     62.5838,      3.4953,      0.1419,      0.1100,     19.8815,      0.1506,      5.5853,     11.1705,      1.3305,     28.4817,     56.9634,      0.0192,      0.0013,      0.1823,      0.2053,   7773.8892,-440833.2188,   -923.3787,    549.8926,  25912.9629,
       1,     168,     309,      16,       1,       3,       1,     10.0000,      1.4008,     42.6075,    248.6805,     62.5838,      3.4953,      0.1886,      0.1559,     65.6380,      0.1732,      5.5853,     11.1705,      1.5309,     28.4817,     56.9634,      0.0192,      0.0033,      0.2449,      0.2053,   7773.8892,-444975.3438,   -915.3885,    549.6083,  25912.9648,
       1,     168,     309,      17,       1,       3,       1,     10.0000,      1.4008,     42.6075,    248.6805,     62.5838,      3.4953,      0.1395,      0.1075,     56.9811,      0.1526,      5.5853,     11.1705,      1.3480,     28.4817,     56.9634,      0.0192,      0.0040,      0.1746,      0.2053,   7773.8896,-501965.7500,   -927.6370,    545.6931,  25912.9629,
       1,     168,     309,      18,       1,       3,       1,     10.0000,      1.4008,     42.6075,    248.6805,     62.5838,      3.4953,      0.0626,      0.0310,     26.3828,      0.1406,      5.5853,     11.1705,      1.2423,     28.4817,     56.9634,      0.0192,      0.0048,      0.0672,      0.2053,   7773.8892,-496130.5938,   -925.2642,    546.1050,  25912.8457,
       1,     168,     309,      19,       1,       3,       1,     10.0000,      1.4008,     42.6075,    248.6805,     62.5838,      3.4953,      0.0293,     -0.0024,      6.6013,      0.1432,      5.5853,     11.1705,      1.2651,     28.4817,     56.9634,      0.0192,      0.0038,      0.0213,      0.2053,   7773.8540,-457727.6250,   -918.1079,    548.7267,  25912.9609,
       1,     168,     309,      20,       1,       3,       1,     10.0000,      1.4008,     42.6075,    248.6805,     62.5838,      3.4953,      0.0006,     -0.0308,      1.5516,      0.1381,      5.5853,     11.1705,      1.2199,     28.4817,     56.9634,      0.0192,      0.0012,      0.0156,      0.2053,   7773.8887,-429978.4375,   -913.7368,    550.6364,  25912.9629,
       1,     168,     309,      21,       1,       3,       1,     10.0000,      1.4008,     42.6075,    248.6805,     62.5838,      3.4953,      0.0000,     -0.0314,      2.1718,      0.1378,      5.5853,     11.1705,      1.2174,     28.4817,     56.9634,      0.0192,      0.0017,      0.0156,      0.2053,   7773.8892,-421368.6562,   -912.3172,    551.2322,  25912.9629,
       1,     168,     309,      22,       1,       3,       1,     10.0000,      1.4008,     42.6075,    248.6805,     62.5838,      3.4953,      0.0000,     -0.0314,      1.6092,      0.1374,      5.5853,     11.1705,      1.2137,     28.4817,     56.9634,      0.0192,      0.0013,      0.0156,      0.2053,   7773.8892,-421399.0938,   -912.4916,    551.2305,  25912.9629,
       1,     168,     309,      23,       1,       3,       1,     10.0000,      1.4008,     42.6075,    248.6805,     62.5838,      3.4953,      0.0000,     -0.0314,      0.9889,      0.1371,      5.5853,     11.1705,      1.2112,     28.4817,     56.9634,      0.0192,      0.0008,      0.0156,      0.2053,   7773.8892,-420705.1250,   -912.5419,    551.2784,  25912.9629,
       1,     168,     309,      24,       1,       3,       1,     10.0000,      1.4008,     42.6075,    248.6805,     62.5838,      3.4953,      0.0000,     -0.0313,      0.5667,      0.1349,      5.5853,     11.1705,      1.1918,     28.4817,     56.9634,      0.0192,      0.0004,      0.0156,      0.2053,   7773.8892,-419878.2188,   -912.4722,    551.3353,  25912.9609,
       1,     168,     310,       1,       1,       3,       1,     10.0000,      1.4008,     42.6078,    248.6863,     62.5851,      3.4953,      0.0000,     -0.0313,      0.5152,      0.1351,      5.5852,     11.1704,      1.1942,     28.4818,     56.9635,      0.0192,      0.0004,      0.0156,      0.2054,   7773.8887,-419439.6875,   -912.6789,    551.3785,  25914.1113,
       1,     168,     310,       2,       1,       3,       1,     10.0000,      1.4008,     42.6078,    248.6863,     62.5851,      3.4953,      0.0000,     -0.0313,      0.5512,      0.1341,      5.5852,     11.1704,      1.1846,     28.4818,     56.9635,      0.0192,      0.0004,      0.0156,      0.2054,   7774.2339,-419187.2500,   -912.4006,    551.3959,  25914.1113,
       1,     168,     310,       3,       1,       3,       1,     10.0000,      1.4008,     42.6078,    248.6863,     62.5851,      3.4953,      0.0000,     -0.0312,      0.3605,      0.1327,      5.5852,     11.1704,      1.1726,     28.4818,     56.9635,      0.0192,      0.0003,      0.0156,      0.2054,   7774.2339,-419210.0938,   -912.4321,    551.3943,  25914.1113,
       1,     168,     310,       4,       1,       3,       1,     10.0000,      1.4008,     42.6078,    248.6863,     62.5851,      3.4953,      0.0000,     -0.0312,      0.3150,      0.1306,      5.5852,     11.1704,      1.1537,     28.4818,     56.9635,      0.0192,      0.0002,      0.0156,      0.2054,   7774.2339,-418976.1562,   -912.3941,    551.4104,  25914.1133,
       1,     168,     310,       5,       1,       3,       1,     10.0000,      1.4008,     42.6078,    248.6863,     62.5851,      3.4953,      0.0000,     -0.0312,      0.3270,      0.1314,      5.5852,     11.1704,      1.1608,     28.4818,     56.9635,      0.0192,      0.0003,      0.0156,      0.2054,   7774.2344,-418899.7188,   -912.3815,    551.4156,  25914.1113,
       1,     168,     310,       6,       1,       3,       1,     10.0000,      1.4008,     42.6078,    248.6863,     62.5851,      3.4953,      0.0000,     -0.0313,      0.3202,      0.1334,      5.5852,     11.1704,      1.1786,     28.4818,     56.9635,      0.0192,      0.0003,      0.0156,      0.2054,   7774.2339,-418908.3125,   -912.3859,    551.4151,  25914.1113,
       1,     168,     310,       7,       1,       3,       1,     10.0000,      1.4008,     42.6078,    248.6863,     62.5851,      3.4953,      0.0000,     -0.0313,      0.3223,      0.1332,      5.5852,     11.1704,      1.1774,     28.4818,     56.9635,      0.0192,      0.0003,      0.0156,      0.2054,   7774.2339,-418900.5938,   -912.3862,    551.4156,  25914.1113,
       1,     168,     310,       8,       1,       3,       1,     10.0000,      1.4008,     42.6078,    248.6863,     62.5851,      3.4953,      0.0055,     -0.0258,      0.3202,      0.1334,      5.5852,     11.1704,      1.1786,     28.4818,     56.9635,      0.0192,      0.0003,      0.0156,      0.2054,   7774.2339,-418902.5938,   -912.3881,    551.4155,  25914.1113,
       1,     168,     310,       9,       1,       3,       1,     10.0000,      1.4008,     42.6078,    248.6863,     62.5851,      3.4953,      0.0989,      0.0673,      2.7019,      0.1422,      5.5852,     11.1704,      1.2562,     28.4818,     56.9635,      0.0192,      0.0003,      0.1224,      0.2054,   7774.2339,-418900.1562,   -912.4163,    551.4156,  25914.1113,
       1,     168,     310,      10,       1,       3,       1,     10.0000,      1.4008,     42.6078,    248.6863,     62.5851,      3.4953,      0.1503,      0.1176,      5.4702,      0.1743,      5.5852,     11.1704,      1.5401,     28.4818,     56.9635,      0.0192,      0.0003,      0.1961,      0.2054,   7774.2339,-421846.5312,   -913.3346,    551.2126,  25914.1133,
       1,     168,     310,      11,       1,       3,       1,     10.0000,      1.4008,     42.6078,    248.6863,     62.5851,      3.4953,      0.1368,      0.1044,      4.5844,      0.1637,      5.5852,     11.1704,      1.4461,     28.4818,     56.9635,      0.0192,      0.0003,      0.1767,      0.2054,   7774.2344,-425522.7500,   -914.8114,    550.9593,  25914.1113,
       1,     168,     310,      12,       1,       3,       1,     10.0000,      1.4008,     42.6078,    248.6863,     62.5851,      3.4953,      0.1869,      0.1535,      8.0375,      0.1977,      5.5852,     11.1704,      1.7470,     28.4818,     56.9635,      0.0192,      0.0004,      0.2493,      0.2054,   7774.2339,-424740.5625,   -915.1663,    551.0132,  25914.1113,
       1,     168,     310,      13,       1,       3,       1,     10.0000,      1.4008,     42.6078,    248.6863,     62.5851,      3.4953,      0.1874,      0.1538,      8.3473,      0.2039,      5.5852,     11.1704,      1.8013,     28.4818,     56.9635,      0.0192,      0.0004,      0.2500,      0.2054,   7774.2339,-428946.2812,   -917.5954,    550.7236,  25914.1113,
       1,     168,     310,      14,       1,       3,       1,     10.0000,      1.4008,     42.6078,    248.6863,     62.5851,      3.4953,      0.1873,      0.1532,      9.4992,      0.2236,      5.5852,     11.1704,      1.9758,     28.4818,     56.9635,      0.0192,      0.0005,      0.2500,      0.2054,   7774.2339,-429688.3438,   -919.0769,    550.6725,  25914.1113,
       1,     168,     310,      15,       1,       3,       1,     10.0000,      1.4008,     42.6078,    248.6863,     62.5851,      3.4953,      0.1891,      0.1548,     32.4355,      0.2285,      5.5852,     11.1704,      2.0188,     28.4818,     56.9635,      0.0192,      0.0016,      0.2500,      0.2054,   7774.2339,-431177.0000,   -920.5153,    550.5701,  25914.1113,
       1,     168,     310,      16,       1,       3,       1,     10.0000,      1.4008,     42.6078,    248.6863,     62.5851,      3.4953,      0.1883,      0.1550,     18.6694,      0.1931,      5.5852,     11.1704,      1.7060,     28.4818,     56.9635,      0.0192,      0.0009,      0.2500,      0.2054,   7774.2339,-459685.6250,   -926.7559,    548.6080,  25914.1113,
       1,     168,     310,      17,       1,       3,       1,     10.0000,      1.4008,     42.6078,    248.6863,     62.5851,      3.4953,      0.1885,      0.1554,     73.2508,      0.1869,      5.5852,     11.1704,      1.6511,     28.4818,     56.9635,      0.0192,      0.0037,      0.2440,      0.2053,   7774.2339,-445081.9688,   -924.6419,    549.6130,  25914.1113,
       1,     168,     310,      18,       1,       3,       1,     10.0000,      1.4008,     42.6078,    248.6863,     62.5851,      3.4953,      0.1444,      0.1116,     53.0126,      0.1743,      5.5852,     11.1704,      1.5401,     28.4818,     56.9635,      0.0192,      0.0036,      0.1820,      0.2054,   7774.2339,-511391.5312,   -937.9157,    545.0584,  25914.1113,
       1,     168,     310,      19,       1,       3,       1,     10.0000,      1.4008,     42.6078,    248.6863,     62.5851,      3.4953,      0.0826,      0.0499,     34.2868,      0.1719,      5.5852,     11.1704,      1.5187,     28.4818,     56.9635,      0.0192,      0.0045,      0.0944,      0.2053,   7774.2339,-492012.8750,   -934.9758,    546.3975,  25914.1113,
       1,     168,     310,      20,       1,       3,       1,     10.0000,      1.4008,     42.6078,    248.6863,     62.5851,      3.4953,      0.0013,     -0.0310,      6.2331,      0.1619,      5.5852,     11.1704,      1.4303,     28.4818,     56.9635,      0.0192,      0.0049,      0.0156,      0.2053,   7774.2339,-467156.1562,   -930.8160,    548.0968,  25914.1094,
       1,     168,     310,      21,       1,       3,       1,     10.0000,      1.4008,     42.6078,    248.6863,     62.5851,      3.4953,      0.0000,     -0.0323,      4.1470,      0.1615,      5.5852,     11.1704,      1.4274,     28.4818,     56.9635,      0.0192,      0.0033,      0.0156,      0.2053,   7774.2329,-430317.4375,   -924.1713,    550.6234,  25914.1113,
       1,     168,     310,      22,       1,       3,       1,     10.0000,      1.4008,     42.6078,    248.6863,     62.5851,      3.4953,      0.0000,     -0.0318,      4.9160,      0.1488,      5.5852,     11.1704,      1.3146,     28.4818,     56.9635,      0.0192,      0.0039,      0.0156,      0.2054,   7774.2339,-424614.8438,   -923.2465,    551.0217,  25914.1133,
       1,     168,     310,      23,       1,       3,       1,     10.0000,      1.4008,     42.6078,    248.6863,     62.5851,      3.4953,      0.0000,     -0.0313,      3.4112,      0.1332,      5.5852,     11.1704,      1.1774,     28.4818,     56.9635,      0.0192,      0.0027,      0.0156,      0.2054,   7774.2344,-425073.3125,   -923.5037,    550.9903,  25914.1113,
       1,     168,     310,      24,       1,       3,       1,     10.0000,      1.4008,     42.6078,    248.6863,     62.5851,      3.4953,      0.0000,     -0.0310,      3.0656,      0.1260,      5.5852,     11.1704,      1.1133,     28.4818,     56.9635,      0.0192,      0.0024,      0.0156,      0.2054,   7774.2339,-423250.5312,   -911.2421,    551.1158,  25914.1094,
       1,     168,     311,       1,       1,       3,       1,     10.0000,      1.4008,     42.6082,    248.6921,     62.5867,      3.4953,      0.0000,     -0.0310,      2.1077,      0.1273,      5.5851,     11.1701,      1.1248,     28.4856,     56.9712,      0.0192,      0.0017,      0.0156,      0.2054,   7774.2329,-422821.4062,   -911.4537,    551.1581,  25915.2617,
       1,     168,     311,       2,       1,       3,       1,     10.0000,      1.4008,     42.6082,    248.6921,     62.5867,      3.4953,      0.0000,     -0.0308,      2.0281,      0.1218,      5.5851,     11.1701,      1.0765,     28.4856,     56.9712,      0.0192,      0.0016,      0.0156,      0.2054,   7774.5786,-421448.3750,   -910.8168,    551.2527,  25915.2617,
       1,     168,     311,       3,       1,       3,       1,     10.0000,      1.4008,     42.6082,    248.6921,     62.5867,      3.4953,      0.0000,     -0.0305,      1.0966,      0.1138,      5.5851,     11.1701,      1.0052,     28.4856,     56.9712,      0.0192,      0.0009,      0.0156,      0.2054,   7774.5786,-421232.8750,   -910.7715,    551.2676,  25915.2617,
       1,     168,     311,       4,       1,       3,       1,     10.0000,      1.4008,     42.6082,    248.6921,     62.5867,      3.4953,      0.0000,     -0.0308,      0.7077,      0.1203,      5.5851,     11.1701,      1.0634,     28.4856,     56.9712,      0.0192,      0.0006,      0.0156,      0.2054,   7774.5786,-420062.0938,   -910.6807,    551.3483,  25915.2598,
       1,     168,     311,       5,       1,       3,       1,     10.0000,      1.4008,     42.6082,    248.6921,     62.5867,      3.4953,      0.0000,     -0.0309,      0.4353,      0.1227,      5.5851,     11.1701,      1.0842,     28.4856,     56.9712,      0.0192,      0.0003,      0.0156,      0.2054,   7774.5781,-419481.4062,   -910.6353,    551.3883,  25915.2637,
       1,     168,     311,       6,       1,       3,       1,     10.0000,      1.4008,     42.6082,    248.6921,     62.5867,      3.4953,      0.0000,     -0.0308,      0.3455,      0.1203,      5.5851,     11.1701,      1.0634,     28.4856,     56.9712,      0.0192,      0.0003,      0.0156,      0.2054,   7774.5796,-419094.5938,   -910.5833,    551.4150,  25915.2598,
       1,     168,     311,       7,       1,       3,       1,     10.0000,      1.4008,     42.6082,    248.6921,     62.5867,      3.4953,      0.0000,     -0.0307,      0.2986,      0.1178,      5.5851,     11.1701,      1.0408,     28.4856,     56.9712,      0.0192,      0.0002,      0.0156,      0.2054,   7774.5781,-418950.8125,   -910.5684,    551.4249,  25915.2617,
       1,     168,     311,       8,       1,       3,       1,     10.0000,      1.4008,     42.6082,    248.6921,     62.5867,      3.4953,      0.0164,     -0.0143,      0.0845,      0.1205,      5.5851,     11.1701,      1.0645,     28.4856,     56.9712,      0.0192,      0.0002,      0.0046,      0.2054,   7774.5786,-418880.4375,   -910.5596,    551.4297,  25915.2617,
       1,     168,     311,       9,       1,       3,       1,     10.0000,      1.4008,     42.6082,    248.6921,     62.5867,      3.4953,      0.1372,      0.1054,      5.0633,      0.1457,      5.5851,     11.1701,      1.2870,     28.4856,     56.9712,      0.0192,      0.0004,      0.1772,      0.2054,   7774.5786,-418609.5000,   -910.5554,    551.4484,  25915.2617,
       1,     168,     311,      10,       1,       3,       1,     10.0000,      1.4008,     42.6082,    248.6921,     62.5867,      3.4953,      0.1579,      0.1254,      5.7844,      0.1656,      5.5851,     11.1701,      1.4636,     28.4856,     56.9712,      0.0192,      0.0003,      0.2071,      0.2054,   7774.5786,-424745.4688,   -912.3348,    551.0255,  25915.2617,
       1,     168,     311,      11,       1,       3,       1,     10.0000,      1.4008,     42.6082,    248.6921,     62.5867,      3.4953,      0.1876,      0.1550,      8.9483,      0.1729,      5.5851,     11.1701,      1.5279,     28.4856,     56.9712,      0.0192,      0.0004,      0.2500,      0.2054,   7774.5786,-426161.1250,   -913.5304,    550.9281,  25915.2617,
       1,     168,     311,      12,       1,       3,       1,     10.0000,      1.4008,     42.6082,    248.6921,     62.5867,      3.4953,      0.1884,      0.1555,     18.7627,      0.1794,      5.5851,     11.1701,      1.5852,     28.4856,     56.9712,      0.0192,      0.0009,      0.2500,      0.2054,   7774.5786,-430196.0000,   -915.3820,    550.6502,  25915.2617,
       1,     168,     311,      13,       1,       3,       1,     10.0000,      1.4008,     42.6082,    248.6921,     62.5867,      3.4953,      0.1807,      0.1483,     14.9730,      0.1638,      5.5851,     11.1701,      1.4476,     28.4856,     56.9712,      0.0192,      0.0008,      0.2391,      0.2054,   7774.5786,-442683.1250,   -918.9736,    549.7908,  25915.2617,
       1,     168,     311,      14,       1,       3,       1,     10.0000,      1.4008,     42.6082,    248.6921,     62.5867,      3.4953,      0.1897,      0.1580,     32.1143,      0.1457,      5.5851,     11.1701,      1.2870,     28.4856,     56.9712,      0.0192,      0.0016,      0.2500,      0.2054,   7774.5786,-439058.8438,   -919.1657,    550.0406,  25915.2617,
       1,     168,     311,      15,       1,       3,       1,     10.0000,      1.4008,     42.6082,    248.6921,     62.5867,      3.4953,      0.1692,      0.1377,     44.5112,      0.1383,      5.5851,     11.1701,      1.2224,     28.4856,     56.9712,      0.0192,      0.0025,      0.2189,      0.2054,   7774.5786,-459960.5312,   -923.9838,    548.6035,  25915.2637,
       1,     168,     311,      16,       1,       3,       1,     10.0000,      1.4008,     42.6082,    248.6921,     62.5867,      3.4953,      0.1672,      0.1356,     51.6510,      0.1440,      5.5851,     11.1701,      1.2728,     28.4856,     56.9712,      0.0192,      0.0029,      0.2153,      0.2054,   7774.5796,-477090.0000,   -927.9863,    547.4308,  25915.2617,
       1,     168,     311,      17,       1,       3,       1,     10.0000,      1.4008,     42.6082,    248.6921,     62.5867,      3.4953,      0.1306,      0.0990,     41.0332,      0.1405,      5.5851,     11.1701,      1.2411,     28.4856,     56.9712,      0.0192,      0.0031,      0.1636,      0.2053,   7774.5786,-487388.1250,   -930.8268,    546.7274,  25915.2617,
       1,     168,     311,      18,       1,       3,       1,     10.0000,      1.4008,     42.6082,    248.6921,     62.5867,      3.4953,      0.1342,      0.1025,     40.5168,      0.1440,      5.5851,     11.1701,      1.2728,     28.4856,     56.9712,      0.0192,      0.0029,      0.1689,      0.2053,   7774.5786,-475114.8438,   -929.2824,    547.5665,  25915.2617,
       1,     168,     311,      19,       1,       3,       1,     10.0000,      1.4008,     42.6082,    248.6921,     62.5867,      3.4953,      0.0407,      0.0092,      4.8772,      0.1406,      5.5851,     11.1701,      1.2423,     28.4856,     56.9712,      0.0192,      0.0016,      0.0381,      0.2053,   7774.5786,-473434.2500,   -929.6448,    547.6822,  25915.2617,
       1,     168,     311,      20,       1,       3,       1,     10.0000,      1.4008,     42.6082,    248.6921,     62.5867,      3.4953,      0.0003,     -0.0310,      2.2095,      0.1354,      5.5851,     11.1701,      1.1967,     28.4856,     56.9712,      0.0192,      0.0017,      0.0156,      0.2054,   7774.5786,-429166.8125,   -921.6600,    550.7128,  25915.2617,
       1,     168,     311,      21,       1,       3,       1,     10.0000,      1.4008,     42.6082,    248.6921,     62.5867,      3.4953,      0.0000,     -0.0313,      2.3595,      0.1328,      5.5851,     11.1701,      1.1738,     28.4856,     56.9712,      0.0192,      0.0019,      0.0156,      0.2054,   7774.5786,-422125.0938,   -920.4652,    551.2059,  25915.2637,
       1,     168,     311,      22,       1,       3,       1,     10.0000,      1.4008,     42.6082,    248.6921,     62.5867,      3.4953,      0.0000,     -0.0312,      1.7147,      0.1311,      5.5851,     11.1701,      1.1584,     28.4856,     56.9712,      0.0192,      0.0013,      0.0156,      0.2054,   7774.5796,-421700.5625,   -920.5104,    551.2354,  25915.2598,
       1,     168,     311,      23,       1,       3,       1,     10.0000,      1.4008,     42.6082,    248.6921,     62.5867,      3.4953,      0.0000,     -0.0312,      1.8145,      0.1320,      5.5851,     11.1701,      1.1667,     28.4856,     56.9712,      0.0192,      0.0014,      0.0156,      0.2054,   7774.5781,-420866.8750,   -920.4285,    551.2928,  25915.2598,
       1,     168,     311,      24,       1,       3,       1,     10.0000,      1.4008,     42.6082,    248.6921,     62.5867,      3.4953,      0.0000,     -0.0312,      1.4480,      0.1303,      5.5851,     11.1701,      1.1514,     28.4856,     56.9712,      0.0192,      0.0011,      0.0156,      0.2054,   7774.5781,-420919.1875,   -920.5159,    551.2892,  25915.2637,
       1,     168,     312,       1,       1,       3,       1,     10.0000,      1.4008,     42.6085,    248.6979,     62.5881,      3.4953,      0.0000,     -0.0310,      1.1377,      0.1274,      5.5853,     11.1707,      1.1259,     28.4885,     56.9771,      0.0192,      0.0009,      0.0156,      0.2054,   7774.5796,-420623.9062,   -920.7731,    551.3225,  25916.4141,
       1,     168,     312,       2,       1,       3,       1,     10.0000,      1.4008,     42.6085,    248.6979,     62.5881,      3.4953,      0.0000,     -0.0310,      1.0162,      0.1265,      5.5853,     11.1707,      1.1179,     28.4885,     56.9771,      0.0192,      0.0008,      0.0156,      0.2054,   7774.9243,-420063.4062,   -920.4446,    551.3611,  25916.4121,
       1,     168,     312,       3,       1,       3,       1,     10.0000,      1.4008,     42.6085,    248.6979,     62.5881,      3.4953,      0.0000,     -0.0311,      0.9527,      0.1285,      5.5853,     11.1707,      1.1351,     28.4885,     56.9771,      0.0192,      0.0007,      0.0156,      0.2054,   7774.9238,-419865.8438,   -920.4386,    551.3747,  25916.4141,
       1,     168,     312,       4,       1,       3,       1,     10.0000,      1.4008,     42.6085,    248.6979,     62.5881,      3.4953,      0.0000,     -0.0313,      1.2190,      0.1334,      5.5853,     11.1707,      1.1786,     28.4885,     56.9771,      0.0192,      0.0010,      0.0156,      0.2054,   7774.9243,-419770.0938,   -920.4437,    551.3813,  25916.4121,
       1,     168,     312,       5,       1,       3,       1,     10.0000,      1.4008,     42.6085,    248.6979,     62.5881,      3.4953,      0.0000,     -0.0314,      1.0957,      0.1364,      5.5853,     11.1707,      1.2052,     28.4885,     56.9771,      0.0192,      0.0009,      0.0156,      0.2054,   7774.9238,-420091.5312,   -920.5444,    551.3592,  25916.4121,
       1,     168,     312,       6,       1,       3,       1,     10.0000,      1.4008,     42.6085,    248.6979,     62.5881,      3.4953,      0.0000,     -0.0314,      0.9275,      0.1360,      5.5853,     11.1707,      1.2016,     28.4885,     56.9771,      0.0192,      0.0007,      0.0156,      0.2054,   7774.9238,-419966.5625,   -920.5585,    551.3679,  25916.4121,
       1,     168,     312,       7,       1,       3,       1,     10.0000,      1.4008,     42.6085,    248.6979,     62.5881,      3.4953,      0.0000,     -0.0312,      0.9466,      0.1322,      5.5853,     11.1707,      1.1679,     28.4885,     56.9771,      0.0192,      0.0007,      0.0156,      0.2054,   7774.9238,-419747.7500,   -920.5540,    551.3829,  25916.4102,
       1,     168,     312,       8,       1,       3,       1,     10.0000,      1.4008,     42.6085,    248.6979,     62.5881,      3.4953,      0.0184,     -0.0128,      0.3177,      0.1300,      5.5853,     11.1707,      1.1491,     28.4885,     56.9771,      0.0192,      0.0006,      0.0069,      0.2054,   7774.9233,-419752.9375,   -919.0935,    551.3825,  25916.4102,
       1,     168,     312,       9,       1,       3,       1,     10.0000,      1.4008,     42.6085,    248.6979,     62.5881,      3.4953,      0.0781,      0.0466,      7.8625,      0.1388,      5.5853,     11.1707,      1.2261,     28.4885,     56.9771,      0.0192,      0.0010,      0.0918,      0.2054,   7774.9233,-418975.5312,   -919.0038,    551.4362,  25916.4102,
       1,     168,     312,      10,       1,       3,       1,     10.0000,      1.4008,     42.6085,    248.6979,     62.5881,      3.4953,      0.1661,      0.1344,     20.4827,      0.1439,      5.5853,     11.1707,      1.2716,     28.4885,     56.9771,      0.0192,      0.0012,      0.2173,      0.2054,   7774.9233,-428241.4062,   -912.1036,    550.7974,  25916.4121,
       1,     168,     312,      11,       1,       3,       1,     10.0000,      1.4008,     42.6085,    248.6979,     62.5881,      3.4953,      0.1615,      0.1299,     20.5170,      0.1425,      5.5853,     11.1707,      1.2588,     28.4885,     56.9771,      0.0192,      0.0012,      0.2106,      0.2054,   7774.9238,-444644.4062,   -915.6868,    549.6685,  25916.4121,
       1,     168,     312,      12,       1,       3,       1,     10.0000,      1.4008,     42.6085,    248.6979,     62.5881,      3.4953,      0.0195,     -0.0116,      0.5445,      0.1295,      5.5853,     11.1707,      1.1444,     28.4885,     56.9771,      0.0192,      0.0008,      0.0086,      0.2054,   7774.9238,-446086.8750,   -915.7020,    549.5705,  25916.4102,
       1,     168,     312,      13,       1,       3,       1,     10.0000,      1.4008,     42.6085,    248.6979,     62.5881,      3.4953,      0.0089,     -0.0220,      0.5655,      0.1257,      5.5853,     11.1707,      1.1111,     28.4885,     56.9771,      0.0192,      0.0004,      0.0156,      0.2054,   7774.9233,-421494.4688,   -910.6959,    551.2599,  25916.4121,
       1,     168,     312,      14,       1,       3,       1,     10.0000,      1.4008,     42.6085,    248.6979,     62.5881,      3.4953,      0.0240,     -0.0069,      0.9224,      0.1233,      5.5853,     11.1707,      1.0898,     28.4885,     56.9771,      0.0192,      0.0007,      0.0152,      0.2054,   7774.9238,-419433.5312,   -910.2348,    551.4045,  25916.4102,
       1,     168,     312,      15,       1,       3,       1,     10.0000,      1.4008,     42.6085,    248.6979,     62.5881,      3.4953,      0.0089,     -0.0218,      0.4482,      0.1190,      5.5853,     11.1707,      1.0515,     28.4885,     56.9771,      0.0192,      0.0004,      0.0156,      0.2054,   7774.9233,-419696.3438,   -910.3728,    551.3864,  25916.4121,
       1,     168,     312,      16,       1,       3,       1,     10.0000,      1.4008,     42.6085,    248.6979,     62.5881,      3.4953,      0.0196,     -0.0112,      0.2377,      0.1216,      5.5853,     11.1707,      1.0744,     28.4885,     56.9771,      0.0192,      0.0003,      0.0091,      0.2054,   7774.9238,-419131.9688,   -910.1711,    551.4253,  25916.4102,
       1,     168,     312,      17,       1,       3,       1,     10.0000,      1.4008,     42.6085,    248.6979,     62.5881,      3.4953,      0.0086,     -0.0221,      0.2814,      0.1191,      5.5853,     11.1707,      1.0526,     28.4885,     56.9771,      0.0192,      0.0002,      0.0156,      0.2054,   7774.9233,-418823.6875,   -910.1278,    551.4466,  25916.4121,
       1,     168,     312,      18,       1,       3,       1,     10.0000,      1.4008,     42.6085,    248.6979,     62.5881,      3.4953,      0.0158,     -0.0146,      0.0703,      0.1126,      5.5853,     11.1707,      0.9950,     28.4885,     56.9771,      0.0192,      0.0002,      0.0042,      0.2054,   7774.9238,-418851.1562,   -910.0899,    551.4446,  25916.4121,
       1,     168,     312,      19,       1,       3,       1,     10.0000,      1.4008,     42.6085,    248.6979,     62.5881,      3.4953,      0.0148,     -0.0156,      0.0469,      0.1116,      5.5853,     11.1707,      0.9858,     28.4885,     56.9771,      0.0192,      0.0002,      0.0028,      0.2054,   7774.9238,-418592.5000,   -910.0538,    551.4625,  25916.4121,
       1,     168,     312,      20,       1,       3,       1,     10.0000,      1.4008,     42.6085,    248.6979,     62.5881,      3.4953,      0.0005,     -0.0297,      0.2527,      0.1084,      5.5853,     11.1707,      0.9578,     28.4885,     56.9771,      0.0192,      0.0002,      0.0156,      0.2054,   7774.9238,-418541.4375,   -910.0501,    551.4660,  25916.4121,
       1,     168,     312,      21,       1,       3,       1,     10.0000,      1.4008,     42.6085,    248.6979,     62.5881,      3.4953,      0.0000,     -0.0303,      0.2557,      0.1095,      5.5853,     11.1707,      0.9678,     28.4885,     56.9771,      0.0192,      0.0002,      0.0156,      0.2054,   7774.9238,-418791.6875,   -910.0984,    551.4487,  25916.4102,
       1,     168,     312,      22,       1,       3,       1,     10.0000,      1.4008,     42.6085,    248.6979,     62.5881,      3.4953,      0.0000,     -0.0304,      0.2642,      0.1127,      5.5853,     11.1707,      0.9960,     28.4885,     56.9771,      0.0192,      0.0002,      0.0156,      0.2054,   7774.9233,-418816.9375,   -910.1046,    551.4471,  25916.4121,
       1,     168,     312,      23,       1,       3,       1,     10.0000,      1.4008,     42.6085,    248.6979,     62.5881,      3.4953,      0.0000,     -0.0305,      0.2699,      0.1148,      5.5853,     11.1707,      1.0145,     28.4885,     56.9771,      0.0192,      0.0002,      0.0156,      0.2054,   7774.9238,-418829.2812,   -910.1076,    551.4462,  25916.4121,
       1,     168,     312,      24,       1,       3,       1,     10.0000,      1.4008,     42.6085,    248.6979,     62.5881,      3.4953,      0.0000,     -0.0304,      0.2803,      0.1112,      5.5853,     11.1707,      0.9828,     28.4885,     56.9771,      0.0192,      0.0002,      0.0156,      0.2054,   7774.9238,-418837.4062,   -910.1105,    551.4456,  25916.4121,
       1,     168,     313,       1,       1,       3,       1,     10.0000,      1.4009,     42.6088,    248.7037,     62.5896,      3.4953,      0.0000,     -0.0305,      0.2689,      0.1145,      5.5876,     11.1752,      1.0114,     28.4634,     56.9267,      0.0192,      0.0002,      0.0156,      0.2055,   7774.9238,-419005.5625,   -910.4002,    551.4470,  25917.5625,
       1,     168,     313,       2,       1,       3,       1,     10.0000,      1.4009,     42.6088,    248.7037,     62.5896,      3.4953,      0.0000,     -0.0306,      0.2721,      0.1156,      5.5876,     11.1752,      1.0219,     28.4634,     56.9267,      0.0192,      0.0002,      0.0156,      0.2055,   7775.2690,-418854.5000,   -910.1235,    551.4575,  25917.5645,
       1,     168,     313,       3,       1,       3,       1,     10.0000,      1.4009,     42.6088,    248.7037,     62.5896,      3.4953,      0.0000,     -0.0305,      0.4449,      0.1148,      5.5876,     11.1752,      1.0146,     28.4634,     56.9267,      0.0192,      0.0003,      0.0156,      0.2055,   7775.2695,-418845.0312,   -910.1224,    551.4581,  25917.5625,
       1,     168,     313,       4,       1,       3,       1,     10.0000,      1.4009,     42.6088,    248.7037,     62.5896,      3.4953,      0.0000,     -0.0306,      0.8313,      0.1156,      5.5876,     11.1752,      1.0219,     28.4634,     56.9267,      0.0192,      0.0007,      0.0156,      0.2055,   7775.2690,-419058.4375,   -910.1721,    551.4434,  25917.5645,
       1,     168,     313,       5,       1,       3,       1,     10.0000,      1.4009,     42.6088,    248.7037,     62.5896,      3.4953,      0.0000,     -0.0305,      0.3248,      0.1149,      5.5876,     11.1752,      1.0156,     28.4634,     56.9267,      0.0192,      0.0003,      0.0156,      0.2055,   7775.2695,-419554.1562,   -910.2662,    551.4092,  25917.5625,
       1,     168,     313,       6,       1,       3,       1,     10.0000,      1.4009,     42.6088,    248.7037,     62.5896,      3.4953,      0.0000,     -0.0303,      0.4118,      0.1105,      5.5876,     11.1752,      0.9768,     28.4634,     56.9267,      0.0192,      0.0003,      0.0156,      0.2055,   7775.2690,-418970.3125,   -910.1703,    551.4495,  25917.5645,
       1,     168,     313,       7,       1,       3,       1,     10.0000,      1.4009,     42.6088,    248.7037,     62.5896,      3.4953,      0.0000,     -0.0304,      0.2621,      0.1119,      5.5876,     11.1752,      0.9889,     28.4634,     56.9267,      0.0192,      0.0002,      0.0156,      0.2055,   7775.2695,-419027.7188,   -910.1999,    551.4455,  25917.5625,
       1,     168,     313,       8,       1,       3,       1,     10.0000,      1.4009,     42.6088,    248.7037,     62.5896,      3.4953,      0.0056,     -0.0249,      0.2699,      0.1148,      5.5876,     11.1752,      1.0146,     28.4634,     56.9267,      0.0192,      0.0002,      0.0156,      0.2055,   7775.2690,-418847.9375,   -910.1697,    551.4579,  25917.5605,
       1,     168,     313,       9,       1,       3,       1,     10.0000,      1.4009,     42.6088,    248.7037,     62.5896,      3.4953,      0.1090,      0.0779,      2.7296,      0.1299,      5.5876,     11.1752,      1.1479,     28.4634,     56.9267,      0.0192,      0.0002,      0.1370,      0.2055,   7775.2686,-418842.3125,   -910.1843,    551.4583,  25917.5625,
       1,     168,     313,      10,       1,       3,       1,     10.0000,      1.4009,     42.6088,    248.7037,     62.5896,      3.4953,      0.1797,      0.1469,      7.5553,      0.1783,      5.5876,     11.1752,      1.5759,     28.4634,     56.9267,      0.0192,      0.0004,      0.2387,      0.2055,   7775.2690,-421883.8125,   -911.1131,    551.2487,  25917.5625,
       1,     168,     313,      11,       1,       3,       1,     10.0000,      1.4009,     42.6088,    248.7037,     62.5896,      3.4953,      0.1844,      0.1515,      7.1388,      0.1807,      5.5876,     11.1752,      1.5964,     28.4634,     56.9267,      0.0192,      0.0004,      0.2456,      0.2054,   7775.2690,-428111.7812,   -913.9941,    550.8196,  25917.5625,
       1,     168,     313,      12,       1,       3,       1,     10.0000,      1.4009,     42.6088,    248.7037,     62.5896,      3.4953,      0.1874,      0.1541,      7.8246,      0.1927,      5.5876,     11.1752,      1.7028,     28.4634,     56.9267,      0.0192,      0.0004,      0.2500,      0.2054,   7775.2690,-428127.6875,   -913.4951,    550.8187,  25917.5625,
       1,     168,     313,      13,       1,       3,       1,     10.0000,      1.4009,     42.6088,    248.7037,     62.5896,      3.4953,      0.1874,      0.1535,      9.2355,      0.2127,      5.5876,     11.1752,      1.8794,     28.4634,     56.9267,      0.0192,      0.0005,      0.2500,      0.2054,   7775.2690,-428977.0625,   -915.5619,    550.7601,  25917.5645,
       1,     168,     313,      14,       1,       3,       1,     10.0000,      1.4009,     42.6088,    248.7037,     62.5896,      3.4953,      0.1886,      0.1548,     24.7199,      0.2121,      5.5876,     11.1752,      1.8738,     28.4634,     56.9267,      0.0192,      0.0012,      0.2500,      0.2054,   7775.2695,-430794.4062,   -917.6484,    550.6351,  25917.5625,
       1,     168,     313,      15,       1,       3,       1,     10.0000,      1.4009,     42.6088,    248.7037,     62.5896,      3.4953,      0.1927,      0.1588,     77.5360,      0.2156,      5.5876,     11.1752,      1.9054,     28.4634,     56.9267,      0.0192,      0.0038,      0.2500,      0.2054,   7775.2690,-450103.4688,   -922.7969,    549.3060,  25917.5625,
       1,     168,     313,      16,       1,       3,       1,     10.0000,      1.4009,     42.6088,    248.7037,     62.5896,      3.4953,      0.1923,      0.1585,     71.1661,      0.2083,      5.5876,     11.1752,      1.8409,     28.4634,     56.9267,      0.0192,      0.0035,      0.2500,      0.2054,   7775.2690,-517103.2500,   -936.8011,    544.7072,  25917.5605,
       1,     168,     313,      17,       1,       3,       1,     10.0000,      1.4009,     42.6088,    248.7037,     62.5896,      3.4953,      0.1887,      0.1550,     83.6019,      0.2037,      5.5876,     11.1752,      1.7997,     28.4634,     56.9267,      0.0192,      0.0042,      0.2432,      0.2054,   7775.2686,-514965.2812,   -937.7100,    544.8720,  25917.5625,
       1,     168,     313,      18,       1,       3,       1,     10.0000,      1.4009,     42.6088,    248.7037,     62.5896,      3.4953,      0.1677,      0.1342,     92.0294,      0.1987,      5.5876,     11.1752,      1.7558,     28.4634,     56.9267,      0.0192,      0.0053,      0.2116,      0.2054,   7775.2690,-530162.1875,   -941.7318,    543.8369,  25917.5645,
       1,     168,     313,      19,       1,       3,       1,     10.0000,      1.4009,     42.6088,    248.7037,     62.5896,      3.4953,      0.0538,      0.0211,     22.5258,      0.1731,      5.5876,     11.1752,      1.5295,     28.4634,     56.9267,      0.0192,      0.0051,      0.0539,      0.2053,   7775.2695,-541895.3750,   -945.0099,    543.0403,  25917.5625,
       1,     168,     313,      20,       1,       3,       1,     10.0000,      1.4009,     42.6088,    248.7037,     62.5896,      3.4953,      0.0009,     -0.0312,      7.6015,      0.1566,      5.5876,     11.1752,      1.3838,     28.4634,     56.9267,      0.0192,      0.0060,      0.0156,      0.2053,   7775.2690,-456769.9375,   -929.5430,    548.8192,  25917.5625,
       1,     168,     313,      21,       1,       3,       1,     10.0000,      1.4009,     42.6088,    248.7037,     62.5896,      3.4953,      0.0000,     -0.0319,      6.6239,      0.1501,      5.5876,     11.1752,      1.3266,     28.4634,     56.9267,      0.0192,      0.0052,      0.0156,      0.2054,   7775.2690,-431172.3438,   -925.0040,    550.6061,  25917.5625,
       1,     168,     313,      22,       1,       3,       1,     10.0000,      1.4009,     42.6088,    248.7037,     62.5896,      3.4953,      0.0000,     -0.0318,      6.3078,      0.1474,      5.5876,     11.1752,      1.3028,     28.4634,     56.9267,      0.0192,      0.0050,      0.0156,      0.2054,   7775.2690,-427754.9688,   -924.5364,    550.8442,  25917.5645,
       1,     168,     313,      23,       1,       3,       1,     10.0000,      1.4009,     42.6088,    248.7037,     62.5896,      3.4953,      0.0000,     -0.0315,      5.9958,      0.1405,      5.5876,     11.1752,      1.2411,     28.4634,     56.9267,      0.0192,      0.0047,      0.0156,      0.2054,   7775.2695,-427068.9375,   -924.5548,    550.8916,  25917.5625,
       1,     168,     313,      24,       1,       3,       1,     10.0000,      1.4009,     42.6088,    248.7037,     62.5896,      3.4953,      0.0000,     -0.0316,      4.3961,      0.1419,      5.5876,     11.1752,      1.2538,     28.4634,     56.9267,      0.0192,      0.0035,      0.0156,      0.2054,   7775.2690,-426624.8125,   -924.5875,    550.9221,  25917.5645,
       1,     168,     314,       1,       1,       3,       1,     10.0000,      1.4009,     42.6092,    248.7095,     62.5910,      3.4953,      0.0000,     -0.0316,      3.0218,      0.1430,      5.5852,     11.1705,      1.2640,     28.4693,     56.9385,      0.0192,      0.0024,      0.0156,      0.2055,   7775.2695,-424761.6875,   -924.5822,    551.0633,  25918.7129,
       1,     168,     314,       2,       1,       3,       1,     10.0000,      1.4009,     42.6092,    248.7095,     62.5910,      3.4953,      0.0000,     -0.0314,      2.2015,      0.1372,      5.5852,     11.1705,      1.2126,     28.4693,     56.9385,      0.0192,      0.0017,      0.0156,      0.2055,   7775.6143,-422752.1562,   -924.0068,    551.2018,  25918.7129,
       1,     168,     314,       3,       1,       3,       1,     10.0000,      1.4009,     42.6092,    248.7095,     62.5910,      3.4953,      0.0000,     -0.0312,      1.7885,      0.1308,      5.5852,     11.1705,      1.1562,     28.4693,     56.9385,      0.0192,      0.0014,      0.0156,      0.2055,   7775.6143,-421566.5312,   -923.8234,    551.2835,  25918.7148,
       1,     168,     314,       4,       1,       3,       1,     10.0000,      1.4009,     42.6092,    248.7095,     62.5910,      3.4953,      0.0000,     -0.0309,      1.3424,      0.1245,      5.5852,     11.1705,      1.0999,     28.4693,     56.9385,      0.0192,      0.0011,      0.0156,      0.2055,   7775.6147,-420954.4375,   -923.7457,    551.3256,  25918.7148,
       1,     168,     314,       5,       1,       3,       1,     10.0000,      1.4009,     42.6092,    248.7095,     62.5910,      3.4953,      0.0000,     -0.0310,      1.1409,      0.1254,      5.5852,     11.1705,      1.1078,     28.4693,     56.9385,      0.0192,      0.0009,      0.0156,      0.2055,   7775.6147,-420350.6875,   -923.6574,    551.3672,  25918.7129,
       1,     168,     314,       6,       1,       3,       1,     10.0000,      1.4009,     42.6092,    248.7095,     62.5910,      3.4953,      0.0000,     -0.0309,      1.1462,      0.1247,      5.5852,     11.1705,      1.1022,     28.4693,     56.9385,      0.0192,      0.0009,      0.0156,      0.2055,   7775.6143,-420050.2500,   -923.6240,    551.3880,  25918.7129,
       1,     168,     314,       7,       1,       3,       1,     10.0000,      1.4009,     42.6092,    248.7095,     62.5910,      3.4953,      0.0000,     -0.0309,      0.7847,      0.1250,      5.5852,     11.1705,      1.1044,     28.4693,     56.9385,      0.0192,      0.0006,      0.0156,      0.2055,   7775.6143,-420031.0938,   -923.6417,    551.3893,  25918.7129,
       1,     168,     314,       8,       1,       3,       1,     10.0000,      1.4009,     42.6092,    248.7095,     62.5910,      3.4953,      0.0132,     -0.0179,      0.4152,      0.1312,      5.5852,     11.1705,      1.1597,     28.4693,     56.9385,      0.0192,      0.0003,      0.0156,      0.2055,   7775.6143,-419582.5312,   -923.5732,    551.4202,  25918.7129,
       1,     168,     314,       9,       1,       3,       1,     10.0000,      1.4009,     42.6092,    248.7095,     62.5910,      3.4953,      0.1316,      0.0993,      4.7874,      0.1601,      5.5852,     11.1705,      1.4148,     28.4693,     56.9385,      0.0192,      0.0003,      0.1691,      0.2055,   7775.6143,-419087.2188,   -923.4904,    551.4543,  25918.7129,
       1,     168,     314,      10,       1,       3,       1,     10.0000,      1.4009,     42.6092,    248.7095,     62.5910,      3.4953,      0.1758,      0.1426,      7.8150,      0.1901,      5.5852,     11.1705,      1.6793,     28.4693,     56.9385,      0.0192,      0.0004,      0.2330,      0.2055,   7775.6143,-424451.9062,   -924.6516,    551.0845,  25918.7129,
       1,     168,     314,      11,       1,       3,       1,     10.0000,      1.4009,     42.6092,    248.7095,     62.5910,      3.4953,      0.1875,      0.1540,      8.5987,      0.1985,      5.5852,     11.1705,      1.7541,     28.4693,     56.9385,      0.0192,      0.0004,      0.2500,      0.2055,   7775.6143,-428653.7812,   -925.6997,    550.7952,  25918.7129,
       1,     168,     314,      12,       1,       3,       1,     10.0000,      1.4009,     42.6092,    248.7095,     62.5910,      3.4953,      0.1879,      0.1541,     15.2219,      0.2106,      5.5852,     11.1705,      1.8610,     28.4693,     56.9385,      0.0192,      0.0007,      0.2500,      0.2055,   7775.6143,-429981.1250,   -926.1967,    550.7039,  25918.7129,
       1,     168,     314,      13,       1,       3,       1,     10.0000,      1.4009,     42.6092,    248.7095,     62.5910,      3.4953,      0.1882,      0.1541,     20.3721,      0.2227,      5.5852,     11.1705,      1.9682,     28.4693,     56.9385,      0.0192,      0.0010,      0.2500,      0.2055,   7775.6143,-438285.8125,   -928.0184,    550.1323,  25918.7129,
       1,     168,     314,      14,       1,       3,       1,     10.0000,      1.4009,     42.6092,    248.7095,     62.5910,      3.4953,      0.1911,      0.1569,     57.3437,      0.2245,      5.5852,     11.1705,      1.9837,     28.4693,     56.9385,      0.0192,      0.0028,      0.2500,      0.2055,   7775.6143,-445364.6250,   -929.5898,    549.6458,  25918.7109,
       1,     168,     314,      15,       1,       3,       1,     10.0000,      1.4009,     42.6092,    248.7095,     62.5910,      3.4953,      0.1934,      0.1591,     87.4476,      0.2283,      5.5852,     11.1705,      2.0170,     28.4693,     56.9385,      0.0192,      0.0043,      0.2500,      0.2055,   7775.6138,-491705.3438,   -938.7878,    546.4621,  25918.7129,
       1,     168,     314,      16,       1,       3,       1,     10.0000,      1.4009,     42.6092,    248.7095,     62.5910,      3.4953,      0.1936,      0.1593,     89.6334,      0.2287,      5.5852,     11.1705,      2.0210,     28.4693,     56.9385,      0.0192,      0.0044,      0.2500,      0.2054,   7775.6143,-532940.3750,   -947.1597,    543.6547,  25918.7129,
       1,     168,     314,      17,       1,       3,       1,     10.0000,      1.4009,     42.6092,    248.7095,     62.5910,      3.4953,      0.1848,      0.1507,    104.7005,      0.2219,      5.5852,     11.1705,      1.9605,     28.4693,     56.9385,      0.0192,      0.0055,      0.2353,      0.2054,   7775.6143,-539160.0625,   -948.8313,    543.2391,  25918.7129,
       1,     168,     314,      18,       1,       3,       1,     10.0000,      1.4009,     42.6092,    248.7095,     62.5910,      3.4953,      0.1596,      0.1260,     94.1606,      0.2029,      5.5852,     11.1705,      1.7926,     28.4693,     56.9385,      0.0192,      0.0058,      0.1995,      0.2054,   7775.6143,-558346.0000,   -953.0487,    541.9365,  25918.7129,
       1,     168,     314,      19,       1,       3,       1,     10.0000,      1.4009,     42.6092,    248.7095,     62.5910,      3.4953,      0.0752,      0.0421,     42.6533,      0.1848,      5.5852,     11.1705,      1.6333,     28.4693,     56.9385,      0.0192,      0.0063,      0.0824,      0.2053,   7775.6143,-546916.8125,   -951.3223,    542.7123,  25918.7129,
       1,     168,     314,      20,       1,       3,       1,     10.0000,      1.4009,     42.6092,    248.7095,     62.5910,      3.4953,      0.0009,     -0.0318,      8.2727,      0.1726,      5.5852,     11.1705,      1.5249,     28.4693,     56.9385,      0.0192,      0.0065,      0.0156,      0.2053,   7775.6143,-482126.4688,   -938.9991,    547.1082,  25918.7109,
       1,     168,     314,      21,       1,       3,       1,     10.0000,      1.4009,     42.6092,    248.7095,     62.5910,      3.4953,      0.0000,     -0.0325,      8.5869,      0.1675,      5.5852,     11.1705,      1.4799,     28.4693,     56.9385,      0.0192,      0.0067,      0.0156,      0.2054,   7775.6138,-434129.8125,   -929.6832,    550.4084,  25918.7109,
       1,     168,     314,      22,       1,       3,       1,     10.0000,      1.4009,     42.6092,    248.7095,     62.5910,      3.4953,      0.0000,     -0.0324,      7.5243,      0.1653,      5.5852,     11.1705,      1.4608,     28.4693,     56.9385,      0.0192,      0.0059,      0.0156,      0.2055,   7775.6138,-430445.4688,   -928.9255,    550.6719,  25918.7129,
       1,     168,     314,      23,       1,       3,       1,     10.0000,      1.4009,     42.6092,    248.7095,     62.5910,      3.4953,      0.0000,     -0.0323,      5.8692,      0.1624,      5.5852,     11.1705,      1.4347,     28.4693,     56.9385,      0.0192,      0.0046,      0.0156,      0.2055,   7775.6143,-428804.8750,   -928.5641,    550.7849,  25918.7129,
       1,     168,     314,      24,       1,       3,       1,     10.0000,      1.4009,     42.6092,    248.7095,     62.5910,      3.4953,      0.0000,     -0.0323,      4.4868,      0.1622,      5.5852,     11.1705,      1.4333,     28.4693,     56.9385,      0.0192,      0.0035,      0.0156,      0.2055,   7775.6143,-426617.9688,   -928.1080,    550.9354,  25918.7129,
       1,     168,     315,       1,       1,       3,       1,     10.0000,      1.4009,     42.6095,    248.7153,     62.5925,      3.4953,      0.0000,     -0.0322,      3.7031,      0.1603,      5.5860,     11.1720,      1.4162,     28.4763,     56.9526,      0.0192,      0.0029,      0.0156,      0.2055,   7775.6143,-424875.5625,   -928.0266,    551.0683,  25919.8613,
       1,     168,     315,       2,       1,       3,       1,     10.0000,      1.4009,     42.6095,    248.7153,     62.5925,      3.4953,      0.0000,     -0.0322,      3.3739,      0.1603,      5.5860,     11.1720,      1.4162,     28.4763,     56.9526,      0.0192,      0.0027,      0.0156,      0.2055,   7775.9585,-423606.8438,   -927.4877,    551.1557,  25919.8613,
       1,     168,     315,       3,       1,       3,       1,     10.0000,      1.4009,     42.6095,    248.7153,     62.5925,      3.4953,      0.0000,     -0.0322,      2.9642,      0.1576,      5.5860,     11.1720,      1.3923,     28.4763,     56.9526,      0.0192,      0.0023,      0.0156,      0.2055,   7775.9585,-423091.8125,   -927.3694,    551.1912,  25919.8613,
       1,     168,     315,       4,       1,       3,       1,     10.0000,      1.4009,     42.6095,    248.7153,     62.5925,      3.4953,      0.0000,     -0.0322,      2.8566,      0.1577,      5.5860,     11.1720,      1.3937,     28.4763,     56.9526,      0.0192,      0.0022,      0.0156,      0.2055,   7775.9585,-422541.2500,   -927.2465,    551.2291,  25919.8594,
       1,     168,     315,       5,       1,       3,       1,     10.0000,      1.4009,     42.6095,    248.7153,     62.5925,      3.4953,      0.0000,     -0.0321,      2.7512,      0.1550,      5.5860,     11.1720,      1.3701,     28.4763,     56.9526,      0.0192,      0.0022,      0.0156,      0.2055,   7775.9580,-422361.6562,   -927.1997,    551.2415,  25919.8613,
       1,     168,     315,       6,       1,       3,       1,     10.0000,      1.4009,     42.6095,    248.7153,     62.5925,      3.4953,      0.0000,     -0.0318,      2.7952,      0.1464,      5.5860,     11.1720,      1.2937,     28.4763,     56.9526,      0.0192,      0.0022,      0.0156,      0.2055,   7775.9585,-422215.6250,   -927.1558,    551.2516,  25919.8633,
       1,     168,     315,       7,       1,       3,       1,     10.0000,      1.4009,     42.6095,    248.7153,     62.5925,      3.4953,      0.0000,     -0.0318,      2.3558,      0.1470,      5.5860,     11.1720,      1.2989,     28.4763,     56.9526,      0.0192,      0.0019,      0.0156,      0.2055,   7775.9595,-422257.3750,   -927.1532,    551.2487,  25919.8613,
       1,     168,     315,       8,       1,       3,       1,     10.0000,      1.4009,     42.6095,    248.7153,     62.5925,      3.4953,      0.0082,     -0.0236,      2.2648,      0.1468,      5.5860,     11.1720,      1.2976,     28.4763,     56.9526,      0.0192,      0.0018,      0.0156,      0.2055,   7775.9585,-421717.7812,   -927.0399,    551.2858,  25919.8633,
       1,     168,     315,       9,       1,       3,       1,     10.0000,      1.4009,     42.6095,    248.7153,     62.5925,      3.4953,      0.0387,      0.0068,      4.8884,      0.1524,      5.5860,     11.1720,      1.3469,     28.4763,     56.9526,      0.0192,      0.0017,      0.0348,      0.2055,   7775.9595,-421559.2500,   -926.9960,    551.2968,  25919.8594,
       1,     168,     315,      10,       1,       3,       1,     10.0000,      1.4009,     42.6095,    248.7153,     62.5925,      3.4953,      0.1516,      0.1193,     27.2376,      0.1620,      5.5860,     11.1720,      1.4319,     28.4763,     56.9526,      0.0192,      0.0017,      0.1955,      0.2055,   7775.9580,-424790.3125,   -927.6167,    551.0741,  25919.8633,
       1,     168,     315,      11,       1,       3,       1,     10.0000,      1.4009,     42.6095,    248.7153,     62.5925,      3.4953,      0.1868,      0.1532,     22.7391,      0.2047,      5.5860,     11.1720,      1.8086,     28.4763,     56.9526,      0.0192,      0.0011,      0.2475,      0.2055,   7775.9595,-452701.8750,   -933.4733,    549.1514,  25919.8613,
       1,     168,     315,      12,       1,       3,       1,     10.0000,      1.4009,     42.6095,    248.7153,     62.5925,      3.4953,      0.1882,      0.1545,     18.5480,      0.2071,      5.5860,     11.1720,      1.8302,     28.4763,     56.9526,      0.0192,      0.0009,      0.2500,      0.2055,   7775.9585,-449523.4375,   -932.8192,    549.3730,  25919.8633,
       1,     168,     315,      13,       1,       3,       1,     10.0000,      1.4009,     42.6095,    248.7153,     62.5925,      3.4953,      0.1876,      0.1537,     11.7246,      0.2123,      5.5860,     11.1720,      1.8758,     28.4763,     56.9526,      0.0192,      0.0006,      0.2500,      0.2055,   7775.9595,-444064.2812,   -931.6902,    549.7479,  25919.8633,
       1,     168,     315,      14,       1,       3,       1,     10.0000,      1.4009,     42.6095,    248.7153,     62.5925,      3.4953,      0.1713,      0.1391,     16.5057,      0.1576,      5.5860,     11.1720,      1.3923,     28.4763,     56.9526,      0.0192,      0.0009,      0.2252,      0.2055,   7775.9595,-435160.1250,   -929.8475,    550.3600,  25919.8613,
       1,     168,     315,      15,       1,       3,       1,     10.0000,      1.4009,     42.6095,    248.7153,     62.5925,      3.4953,      0.1116,      0.0807,     13.2285,      0.1246,      5.5860,     11.1720,      1.1011,     28.4763,     56.9526,      0.0192,      0.0012,      0.1397,      0.2055,   7775.9585,-440316.2500,   -914.4712,    550.0056,  25919.8613,
       1,     168,     315,      16,       1,       3,       1,     10.0000,      1.4009,     42.6095,    248.7153,     62.5925,      3.4953,      0.1714,      0.1397,     50.5098,      0.1449,      5.5860,     11.1720,      1.2807,     28.4763,     56.9526,      0.0192,      0.0028,      0.2214,      0.2055,   7775.9585,-436701.6250,   -913.7405,    550.2542,  25919.8633,
       1,     168,     315,      17,       1,       3,       1,     10.0000,      1.4009,     42.6095,    248.7153,     62.5925,      3.4953,      0.1797,      0.1472,     61.5254,      0.1678,      5.5860,     11.1720,      1.4829,     28.4763,     56.9526,      0.0192,      0.0032,      0.2324,      0.2055,   7775.9595,-482503.2188,   -923.4254,    547.1040,  25919.8633,
       1,     168,     315,      18,       1,       3,       1,     10.0000,      1.4009,     42.6095,    248.7153,     62.5925,      3.4953,      0.1360,      0.1036,     48.0531,      0.1647,      5.5860,     11.1720,      1.4550,     28.4763,     56.9526,      0.0192,      0.0035,      0.1704,      0.2054,   7775.9595,-500059.2500,   -928.2539,    545.9124,  25919.8613,
       1,     168,     315,      19,       1,       3,       1,     10.0000,      1.4009,     42.6095,    248.7153,     62.5925,      3.4953,      0.0451,      0.0129,      5.8539,      0.1609,      5.5860,     11.1720,      1.4219,     28.4763,     56.9526,      0.0192,      0.0016,      0.0437,      0.2054,   7775.9585,-484864.7812,   -926.6267,    546.9504,  25919.8652,
       1,     168,     315,      20,       1,       3,       1,     10.0000,      1.4009,     42.6095,    248.7153,     62.5925,      3.4953,      0.0027,     -0.0294,      0.7996,      0.1554,      5.5860,     11.1720,      1.3728,     28.4763,     56.9526,      0.0192,      0.0006,      0.0156,      0.2054,   7775.9600,-431346.5000,   -917.2493,    550.6105,  25919.8652,
       1,     168,     315,      21,       1,       3,       1,     10.0000,      1.4009,     42.6095,    248.7153,     62.5925,      3.4953,      0.0000,     -0.0321,      0.9283,      0.1561,      5.5860,     11.1720,      1.3797,     28.4763,     56.9526,      0.0192,      0.0007,      0.0156,      0.2055,   7775.9600,-420581.6875,   -915.3497,    551.3636,  25919.8652,
       1,     168,     315,      22,       1,       3,       1,     10.0000,      1.4009,     42.6095,    248.7153,     62.5925,      3.4953,      0.0000,     -0.0323,      2.3131,      0.1612,      5.5860,     11.1720,      1.4247,     28.4763,     56.9526,      0.0192,      0.0018,      0.0156,      0.2055,   7775.9600,-419810.1250,   -915.2645,    551.4173,  25919.8633,
       1,     168,     315,      23,       1,       3,       1,     10.0000,      1.4009,     42.6095,    248.7153,     62.5925,      3.4953,      0.0000,     -0.0321,      1.5159,      0.1549,      5.5860,     11.1720,      1.3687,     28.4763,     56.9526,      0.0192,      0.0012,      0.0156,      0.2055,   7775.9595,-421456.2500,   -910.7557,    551.3039,  25919.8613,
       1,     168,     315,      24,       1,       3,       1,     10.0000,      1.4009,     42.6095,    248.7153,     62.5925,      3.4953,      0.0000,     -0.0320,      1.2517,      0.1538,      5.5860,     11.1720,      1.3591,     28.4763,     56.9526,      0.0192,      0.0010,      0.0156,      0.2055,   7775.9585,-420610.9688,   -910.7371,    551.3622,  25919.8633,
       1,     168,     316,       1,       1,       3,       1,     10.0000,      1.4009,     42.6098,    248.7211,     62.5939,      3.4953,      0.0000,     -0.0319,      0.9203,      0.1512,      5.5859,     11.1719,      1.3361,     28.4757,     56.9514,      0.0192,      0.0007,      0.0156,      0.2055,   7775.9595,-420366.0312,   -910.7040,    551.3918,  25921.0137,
       1,     168,     316,       2,       1,       3,       1,     10.0000,      1.4009,     42.6098,    248.7211,     62.5939,      3.4953,      0.0000,     -0.0318,      1.1132,      0.1476,      5.5859,     11.1719,      1.3042,     28.4757,     56.9514,      0.0192,      0.0009,      0.0156,      0.2055,   7776.3042,-419784.4062,   -910.3072,    551.4320,  25921.0137,
       1,     168,     316,       3,       1,       3,       1,     10.0000,      1.4009,     42.6098,    248.7211,     62.5939,      3.4953,      0.0000,     -0.0316,      1.1119,      0.1412,      5.5859,     11.1719,      1.2475,     28.4757,     56.9514,      0.0192,      0.0009,      0.0156,      0.2055,   7776.3042,-419973.1875,   -910.4387,    551.4189,  25921.0137,
       1,     168,     316,       4,       1,       3,       1,     10.0000,      1.4009,     42.6098,    248.7211,     62.5939,      3.4953,      0.0000,     -0.0314,      0.4049,      0.1367,      5.5859,     11.1719,      1.2078,     28.4757,     56.9514,      0.0192,      0.0003,      0.0156,      0.2055,   7776.3042,-419987.7812,   -910.5366,    551.4180,  25921.0137,
       1,     168,     316,       5,       1,       3,       1,     10.0000,      1.4009,     42.6098,    248.7211,     62.5939,      3.4953,      0.0000,     -0.0313,      0.4471,      0.1342,      5.5859,     11.1719,      1.1859,     28.4757,     56.9514,      0.0192,      0.0004,      0.0156,      0.2055,   7776.3042,-419114.8750,   -910.3915,    551.4781,  25921.0137,
       1,     168,     316,       6,       1,       3,       1,     10.0000,      1.4009,     42.6098,    248.7211,     62.5939,      3.4953,      0.0000,     -0.0314,      0.3259,      0.1354,      5.5859,     11.1719,      1.1968,     28.4757,     56.9514,      0.0192,      0.0003,      0.0156,      0.2055,   7776.3042,-419092.6875,   -910.4073,    551.4797,  25921.0137,
       1,     168,     316,       7,       1,       3,       1,     10.0000,      1.4009,     42.6098,    248.7211,     62.5939,      3.4953,      0.0000,     -0.0314,      0.3305,      0.1371,      5.5859,     11.1719,      1.2114,     28.4757,     56.9514,      0.0192,      0.0003,      0.0156,      0.2055,   7776.3042,-418940.8125,   -910.3817,    551.4901,  25921.0137,
       1,     168,     316,       8,       1,       3,       1,     10.0000,      1.4009,     42.6098,    248.7211,     62.5939,      3.4953,      0.0072,     -0.0242,      0.3320,      0.1377,      5.5859,     11.1719,      1.2164,     28.4757,     56.9514,      0.0192,      0.0003,      0.0156,      0.2055,   7776.3042,-418933.7188,   -910.3821,    551.4907,  25921.0117,
       1,     168,     316,       9,       1,       3,       1,     10.0000,      1.4009,     42.6098,    248.7211,     62.5939,      3.4953,      0.0477,      0.0161,      1.0735,      0.1423,      5.5859,     11.1719,      1.2577,     28.4757,     56.9514,      0.0192,      0.0003,      0.0486,      0.2055,   7776.3037,-418934.9688,   -910.4077,    551.4905,  25921.0137,
       1,     168,     316,      10,       1,       3,       1,     10.0000,      1.4009,     42.6098,    248.7211,     62.5939,      3.4953,      0.1120,      0.0802,      3.2404,      0.1471,      5.5859,     11.1719,      1.3002,     28.4757,     56.9514,      0.0192,      0.0003,      0.1411,      0.2055,   7776.3042,-419851.8125,   -910.7031,    551.4274,  25921.0156,
       1,     168,     316,      11,       1,       3,       1,     10.0000,      1.4009,     42.6098,    248.7211,     62.5939,      3.4953,      0.1538,      0.1216,      5.0936,      0.1601,      5.5859,     11.1719,      1.4148,     28.4757,     56.9514,      0.0192,      0.0003,      0.2013,      0.2055,   7776.3052,-422608.7500,   -911.5702,    551.2373,  25921.0137,
       1,     168,     316,      12,       1,       3,       1,     10.0000,      1.4009,     42.6098,    248.7211,     62.5939,      3.4953,      0.1875,      0.1544,      7.5023,      0.1858,      5.5859,     11.1719,      1.6415,     28.4757,     56.9514,      0.0192,      0.0004,      0.2500,      0.2055,   7776.3042,-425135.3750,   -912.6733,    551.0633,  25921.0137,
       1,     168,     316,      13,       1,       3,       1,     10.0000,      1.4009,     42.6098,    248.7211,     62.5939,      3.4953,      0.1523,      0.1195,      5.6983,      0.1784,      5.5859,     11.1719,      1.5760,     28.4757,     56.9514,      0.0192,      0.0004,      0.1990,      0.2055,   7776.3042,-428328.8125,   -914.6057,    550.8434,  25921.0117,
       1,     168,     316,      14,       1,       3,       1,     10.0000,      1.4009,     42.6098,    248.7211,     62.5939,      3.4953,      0.1876,      0.1554,      6.1963,      0.1572,      5.5859,     11.1719,      1.3895,     28.4757,     56.9514,      0.0192,      0.0003,      0.2500,      0.2055,   7776.3037,-426370.4688,   -914.9355,    550.9782,  25921.0137,
       1,     168,     316,      15,       1,       3,       1,     10.0000,      1.4009,     42.6098,    248.7211,     62.5939,      3.4953,      0.1171,      0.0856,      4.9652,      0.1399,      5.5859,     11.1719,      1.2362,     28.4757,     56.9514,      0.0192,      0.0004,      0.1484,      0.2055,   7776.3042,-426819.2812,   -915.7881,    550.9473,  25921.0137,
       1,     168,     316,      16,       1,       3,       1,     10.0000,      1.4009,     42.6098,    248.7211,     62.5939,      3.4953,      0.0060,     -0.0252,      1.1408,      0.1316,      5.5859,     11.1719,      1.1633,     28.4757,     56.9514,      0.0192,      0.0009,      0.0156,      0.2055,   7776.3042,-425335.2812,   -911.5752,    551.0496,  25921.0137,
       1,     168,     316,      17,       1,       3,       1,     10.0000,      1.4009,     42.6098,    248.7211,     62.5939,      3.4953,      0.0038,     -0.0272,      2.4194,      0.1261,      5.5859,     11.1719,      1.1146,     28.4757,     56.9514,      0.0192,      0.0019,      0.0156,      0.2055,   7776.3042,-420480.1250,   -910.4847,    551.3840,  25921.0137,
       1,     168,     316,      18,       1,       3,       1,     10.0000,      1.4009,     42.6098,    248.7211,     62.5939,      3.4953,      0.0073,     -0.0235,      2.0796,      0.1222,      5.5859,     11.1719,      1.0800,     28.4757,     56.9514,      0.0192,      0.0016,      0.0156,      0.2055,   7776.3042,-421647.5938,   -910.8884,    551.3036,  25921.0137,
       1,     168,     316,      19,       1,       3,       1,     10.0000,      1.4009,     42.6098,    248.7211,     62.5939,      3.4953,      0.0058,     -0.0250,      1.7588,      0.1220,      5.5859,     11.1719,      1.0777,     28.4757,     56.9514,      0.0192,      0.0014,      0.0156,      0.2055,   7776.3042,-421326.9062,   -910.8006,    551.3257,  25921.0137,
       1,     168,     316,      20,       1,       3,       1,     10.0000,      1.4009,     42.6098,    248.7211,     62.5939,      3.4953,      0.0002,     -0.0306,      0.9208,      0.1196,      5.5859,     11.1719,      1.0570,     28.4757,     56.9514,      0.0192,      0.0007,      0.0156,      0.2055,   7776.3042,-420902.9375,   -910.6328,    551.3549,  25921.0117,
       1,     168,     316,      21,       1,       3,       1,     10.0000,      1.4009,     42.6098,    248.7211,     62.5939,      3.4953,      0.0000,     -0.0308,      0.2948,      0.1206,      5.5859,     11.1719,      1.0657,     28.4757,     56.9514,      0.0192,      0.0002,      0.0156,      0.2055,   7776.3037,-419830.9062,   -910.5334,    551.4288,  25921.0137,
       1,     168,     316,      22,       1,       3,       1,     10.0000,      1.4009,     42.6098,    248.7211,     62.5939,      3.4953,      0.0000,     -0.0309,      0.2973,      0.1250,      5.5859,     11.1719,      1.1045,     28.4757,     56.9514,      0.0192,      0.0002,      0.0156,      0.2055,   7776.3042,-418965.3750,   -910.3812,    551.4885,  25921.0137,
       1,     168,     316,      23,       1,       3,       1,     10.0000,      1.4009,     42.6098,    248.7211,     62.5939,      3.4953,      0.0000,     -0.0309,      0.2970,      0.1249,      5.5859,     11.1719,      1.1033,     28.4757,     56.9514,      0.0192,      0.0002,      0.0156,      0.2055,   7776.3042,-418894.7500,   -910.3698,    551.4933,  25921.0137,
       1,     168,     316,      24,       1,       3,       1,     10.0000,      1.4009,     42.6098,    248.7211,     62.5939,      3.4953,      0.0000,     -0.0309,      0.2942,      0.1238,      5.5859,     11.1719,      1.0944,     28.4757,     56.9514,      0.0192,      0.0002,      0.0156,      0.2055,   7776.3042,-418888.3438,   -910.3701,    551.4938,  25921.0137,
       1,     168,     317,       1,       1,       3,       1,     10.0000,      1.4009,     42.6101,    248.7270,     62.5955,      3.4953,      0.0000,     -0.0309,      0.2963,      0.1246,      5.5874,     11.1749,      1.1011,     28.4612,     56.9224,      0.0192,      0.0002,      0.0156,      0.2056,   7776.3042,-419038.3438,   -910.6547,    551.4964,  25922.1621,
       1,     168,     317,       2,       1,       3,       1,     10.0000,      1.4009,     42.6101,    248.7270,     62.5955,      3.4953,      0.0000,     -0.0311,      0.3068,      0.1285,      5.5874,     11.1749,      1.1353,     28.4612,     56.9224,      0.0192,      0.0002,      0.0156,      0.2056,   7776.6489,-418902.6250,   -910.3806,    551.5058,  25922.1621,
       1,     168,     317,       3,       1,       3,       1,     10.0000,      1.4009,     42.6101,    248.7270,     62.5955,      3.4953,      0.0000,     -0.0312,      0.3133,      0.1309,      5.5874,     11.1749,      1.1562,     28.4612,     56.9224,      0.0192,      0.0002,      0.0156,      0.2056,   7776.6489,-418904.0312,   -910.3822,    551.5057,  25922.1621,
       1,     168,     317,       4,       1,       3,       1,     10.0000,      1.4009,     42.6101,    248.7270,     62.5955,      3.4953,      0.0000,     -0.0312,      0.3188,      0.1329,      5.5874,     11.1749,      1.1740,     28.4612,     56.9224,      0.0192,      0.0003,      0.0156,      0.2056,   7776.6489,-418912.1562,   -910.3853,    551.5051,  25922.1621,
       1,     168,     317,       5,       1,       3,       1,     10.0000,      1.4009,     42.6101,    248.7270,     62.5955,      3.4953,      0.0000,     -0.0312,      0.3144,      0.1312,      5.5874,     11.1749,      1.1598,     28.4612,     56.9224,      0.0192,      0.0002,      0.0156,      0.2056,   7776.6489,-418919.6875,   -910.3881,    551.5046,  25922.1621,
       1,     168,     317,       6,       1,       3,       1,     10.0000,      1.4009,     42.6101,    248.7270,     62.5955,      3.4953,      0.0000,     -0.0313,      0.3240,      0.1348,      5.5874,     11.1749,      1.1908,     28.4612,     56.9224,      0.0192,      0.0003,      0.0156,      0.2056,   7776.6489,-418914.8125,   -910.3889,    551.5049,  25922.1621,
       1,     168,     317,       7,       1,       3,       1,     10.0000,      1.4009,     42.6101,    248.7270,     62.5955,      3.4953,      0.0000,     -0.0315,      0.3363,      0.1392,      5.5874,     11.1749,      1.2300,     28.4612,     56.9224,      0.0192,      0.0003,      0.0156,      0.2056,   7776.6489,-418926.3438,   -910.3925,    551.5042,  25922.1621,
       1,     168,     317,       8,       1,       3,       1,     10.0000,      1.4009,     42.6101,    248.7270,     62.5955,      3.4953,      0.0028,     -0.0288,      0.3437,      0.1419,      5.5874,     11.1749,      1.2539,     28.4612,     56.9224,      0.0192,      0.0003,      0.0156,      0.2056,   7776.6489,-418942.4375,   -910.3970,    551.5031,  25922.1621,
       1,     168,     317,       9,       1,       3,       1,     10.0000,      1.4009,     42.6101,    248.7270,     62.5955,      3.4953,      0.0451,      0.0135,      0.9958,      0.1431,      5.5874,     11.1749,      1.2640,     28.4612,     56.9224,      0.0192,      0.0003,      0.0448,      0.2056,   7776.6489,-418953.0625,   -910.4075,    551.5023,  25922.1621,
       1,     168,     317,      10,       1,       3,       1,     10.0000,      1.4009,     42.6101,    248.7270,     62.5955,      3.4953,      0.1014,      0.0697,      2.8545,      0.1455,      5.5874,     11.1749,      1.2859,     28.4612,     56.9224,      0.0192,      0.0003,      0.1259,      0.2056,   7776.6489,-419760.0000,   -910.6677,    551.4467,  25922.1602,
       1,     168,     317,      11,       1,       3,       1,     10.0000,      1.4009,     42.6101,    248.7270,     62.5955,      3.4953,      0.0325,      0.0009,      0.5839,      0.1409,      5.5874,     11.1749,      1.2450,     28.4612,     56.9224,      0.0192,      0.0003,      0.0267,      0.2056,   7776.6484,-422126.7812,   -911.3389,    551.2835,  25922.1641,
       1,     168,     317,      12,       1,       3,       1,     10.0000,      1.4009,     42.6101,    248.7270,     62.5955,      3.4953,      0.0844,      0.0528,      2.2111,      0.1406,      5.5874,     11.1749,      1.2425,     28.4612,     56.9224,      0.0192,      0.0003,      0.1014,      0.2056,   7776.6494,-419521.0938,   -910.2737,    551.4631,  25922.1621,
       1,     168,     317,      13,       1,       3,       1,     10.0000,      1.4009,     42.6101,    248.7270,     62.5955,      3.4953,      0.1348,      0.1033,      3.8033,      0.1409,      5.5874,     11.1749,      1.2450,     28.4612,     56.9224,      0.0192,      0.0003,      0.1740,      0.2056,   7776.6489,-421310.7812,   -910.8903,    551.3398,  25922.1621,
       1,     168,     317,      14,       1,       3,       1,     10.0000,      1.4009,     42.6101,    248.7270,     62.5955,      3.4953,      0.1253,      0.0937,      4.0470,      0.1423,      5.5874,     11.1749,      1.2577,     28.4612,     56.9224,      0.0192,      0.0003,      0.1603,      0.2056,   7776.6489,-423431.6875,   -911.3737,    551.1936,  25922.1621,
       1,     168,     317,      15,       1,       3,       1,     10.0000,      1.4009,     42.6101,    248.7270,     62.5955,      3.4953,      0.1644,      0.1328,      7.0052,      0.1439,      5.5874,     11.1749,      1.2717,     28.4612,     56.9224,      0.0192,      0.0004,      0.2163,      0.2056,   7776.6489,-423913.7188,   -911.5009,    551.1604,  25922.1641,
       1,     168,     317,      16,       1,       3,       1,     10.0000,      1.4009,     42.6101,    248.7270,     62.5955,      3.4953,      0.1498,      0.1179,      5.0822,      0.1489,      5.5874,     11.1749,      1.3161,     28.4612,     56.9224,      0.0192,      0.0003,      0.1954,      0.2056,   7776.6494,-427611.8125,   -912.4269,    550.9056,  25922.1621,
       1,     168,     317,      17,       1,       3,       1,     10.0000,      1.4009,     42.6101,    248.7270,     62.5955,      3.4953,      0.1316,      0.0996,      4.1040,      0.1543,      5.5874,     11.1749,      1.3633,     28.4612,     56.9224,      0.0192,      0.0003,      0.1692,      0.2055,   7776.6489,-425549.6250,   -912.1431,    551.0477,  25922.1602,
       1,     168,     317,      18,       1,       3,       1,     10.0000,      1.4009,     42.6101,    248.7270,     62.5955,      3.4953,      0.0453,      0.0136,      1.0188,      0.1451,      5.5874,     11.1749,      1.2820,     28.4612,     56.9224,      0.0192,      0.0003,      0.0451,      0.2056,   7776.6484,-424164.7500,   -912.4712,    551.1431,  25922.1602,
       1,     168,     317,      19,       1,       3,       1,     10.0000,      1.4009,     42.6101,    248.7270,     62.5955,      3.4953,      0.0233,     -0.0081,      0.4795,      0.1367,      5.5874,     11.1749,      1.2078,     28.4612,     56.9224,      0.0192,      0.0004,      0.0136,      0.2056,   7776.6484,-420232.6250,   -910.4361,    551.4141,  25922.1621,
       1,     168,     317,      20,       1,       3,       1,     10.0000,      1.4009,     42.6101,    248.7270,     62.5955,      3.4953,      0.0005,     -0.0308,      0.5784,      0.1327,      5.5874,     11.1749,      1.1728,     28.4612,     56.9224,      0.0192,      0.0005,      0.0156,      0.2056,   7776.6489,-419230.9062,   -910.3566,    551.4831,  25922.1621,
       1,     168,     317,      21,       1,       3,       1,     10.0000,      1.4009,     42.6101,    248.7270,     62.5955,      3.4953,      0.0000,     -0.0311,      0.7477,      0.1298,      5.5874,     11.1749,      1.1469,     28.4612,     56.9224,      0.0192,      0.0006,      0.0156,      0.2056,   7776.6489,-419267.7812,   -910.4020,    551.4806,  25922.1641,
       1,     168,     317,      22,       1,       3,       1,     10.0000,      1.4009,     42.6101,    248.7270,     62.5955,      3.4953,      0.0000,     -0.0312,      0.8681,      0.1309,      5.5874,     11.1749,      1.1562,     28.4612,     56.9224,      0.0192,      0.0007,      0.0156,      0.2056,   7776.6494,-419480.0312,   -910.4921,    551.4659,  25922.1602,
       1,     168,     317,      23,       1,       3,       1,     10.0000,      1.4009,     42.6101,    248.7270,     62.5955,      3.4953,      0.0000,     -0.0311,      0.3727,      0.1294,      5.5874,     11.1749,      1.1434,     28.4612,     56.9224,      0.0192,      0.0003,      0.0156,      0.2056,   7776.6484,-419647.2812,   -910.5699,    551.4544,  25922.1621,
       1,     168,     317,      24,       1,       3,       1,     10.0000,      1.4009,     42.6101,    248.7270,     62.5955,      3.4953,      0.0000,     -0.0309,      0.2966,      0.1247,      5.5874,     11.1749,      1.1022,     28.4612,     56.9224,      0.0192,      0.0002,      0.0156,      0.2056,   7776.6489,-419049.0312,   -910.4728,    551.4957,  25922.1621,
       1,     168,     318,       1,       1,       3,       1,     10.0000,      1.4010,     42.6105,    248.7328,     62.5969,      3.4953,      0.0000,     -0.0310,      0.2998,      0.1259,      5.5873,     11.1746,      1.1124,     28.4478,     56.8956,      0.0192,      0.0002,      0.0156,      0.2056,   7776.6489,-419058.1250,   -910.7324,    551.5082,  25923.3105,
       1,     168,     318,       2,       1,       3,       1,     10.0000,      1.4010,     42.6105,    248.7328,     62.5969,      3.4953,      0.0000,     -0.0309,      0.2970,      0.1249,      5.5873,     11.1746,      1.1034,     28.4478,     56.8956,      0.0192,      0.0002,      0.0156,      0.2056,   7776.9937,-418911.5000,   -910.4561,    551.5183,  25923.3086,
       1,     168,     318,       3,       1,       3,       1,     10.0000,      1.4010,     42.6105,    248.7328,     62.5969,      3.4953,      0.0000,     -0.0309,      0.2980,      0.1253,      5.5873,     11.1746,      1.1068,     28.4478,     56.8956,      0.0192,      0.0002,      0.0156,      0.2056,   7776.9927,-418895.6875,   -910.4554,    551.5193,  25923.3105,
       1,     168,     318,       4,       1,       3,       1,     10.0000,      1.4010,     42.6105,    248.7328,     62.5969,      3.4953,      0.0000,     -0.0310,      0.3019,      0.1267,      5.5873,     11.1746,      1.1192,     28.4478,     56.8956,      0.0192,      0.0002,      0.0156,      0.2056,   7776.9937,-418895.4688,   -910.4563,    551.5193,  25923.3086,
       1,     168,     318,       5,       1,       3,       1,     10.0000,      1.4010,     42.6105,    248.7328,     62.5969,      3.4953,      0.0000,     -0.0311,      0.3072,      0.1286,      5.5873,     11.1746,      1.1365,     28.4478,     56.8956,      0.0192,      0.0002,      0.0156,      0.2056,   7776.9927,-418900.4375,   -910.4590,    551.5190,  25923.3105,
       1,     168,     318,       6,       1,       3,       1,     10.0000,      1.4010,     42.6105,    248.7328,     62.5969,      3.4953,      0.0000,     -0.0311,      0.3598,      0.1291,      5.5873,     11.1746,      1.1411,     28.4478,     56.8956,      0.0192,      0.0003,      0.0156,      0.2056,   7776.9937,-418907.1562,   -910.4611,    551.5186,  25923.3086,
       1,     168,     318,       7,       1,       3,       1,     10.0000,      1.4010,     42.6105,    248.7328,     62.5969,      3.4953,      0.0000,     -0.0311,      0.3075,      0.1287,      5.5873,     11.1746,      1.1376,     28.4478,     56.8956,      0.0192,      0.0002,      0.0156,      0.2056,   7776.9927,-418972.9375,   -910.4821,    551.5140,  25923.3125,
       1,     168,     318,       8,       1,       3,       1,     10.0000,      1.4010,     42.6105,    248.7328,     62.5969,      3.4953,      0.0077,     -0.0234,      0.3086,      0.1291,      5.5873,     11.1746,      1.1411,     28.4478,     56.8956,      0.0192,      0.0002,      0.0156,      0.2056,   7776.9941,-418913.4375,   -910.4722,    551.5181,  25923.3125,
       1,     168,     318,       9,       1,       3,       1,     10.0000,      1.4010,     42.6105,    248.7328,     62.5969,      3.4953,      0.1324,      0.1004,      4.1371,      0.1544,      5.5873,     11.1746,      1.3647,     28.4478,     56.8956,      0.0192,      0.0003,      0.1704,      0.2056,   7776.9941,-418909.7500,   -910.5063,    551.5184,  25923.3105,
       1,     168,     318,      10,       1,       3,       1,     10.0000,      1.4010,     42.6105,    248.7328,     62.5969,      3.4953,      0.1690,      0.1361,      6.5341,      0.1818,      5.5873,     11.1746,      1.6061,     28.4478,     56.8956,      0.0192,      0.0004,      0.2233,      0.2056,   7776.9937,-423641.9375,   -912.1702,    551.1921,  25923.3125,
       1,     168,     318,      11,       1,       3,       1,     10.0000,      1.4010,     42.6105,    248.7328,     62.5969,      3.4953,      0.1875,      0.1543,      7.6146,      0.1882,      5.5873,     11.1746,      1.6629,     28.4478,     56.8956,      0.0192,      0.0004,      0.2500,      0.2056,   7776.9941,-427008.0000,   -914.0997,    550.9603,  25923.3105,
       1,     168,     318,      12,       1,       3,       1,     10.0000,      1.4010,     42.6105,    248.7328,     62.5969,      3.4953,      0.1874,      0.1538,      8.3394,      0.2037,      5.5873,     11.1746,      1.7999,     28.4478,     56.8956,      0.0192,      0.0004,      0.2500,      0.2056,   7776.9937,-428630.8750,   -915.7991,    550.8485,  25923.3105,
       1,     168,     318,      13,       1,       3,       1,     10.0000,      1.4010,     42.6105,    248.7328,     62.5969,      3.4953,      0.1874,      0.1536,      8.7190,      0.2106,      5.5873,     11.1746,      1.8612,     28.4478,     56.8956,      0.0192,      0.0004,      0.2500,      0.2056,   7776.9937,-429665.1562,   -917.4366,    550.7773,  25923.3105,
       1,     168,     318,      14,       1,       3,       1,     10.0000,      1.4010,     42.6105,    248.7328,     62.5969,      3.4953,      0.1897,      0.1559,     38.3603,      0.2125,      5.5873,     11.1746,      1.8778,     28.4478,     56.8956,      0.0192,      0.0019,      0.2500,      0.2056,   7776.9937,-430222.5312,   -918.8821,    550.7391,  25923.3125,
       1,     168,     318,      15,       1,       3,       1,     10.0000,      1.4010,     42.6105,    248.7328,     62.5969,      3.4953,      0.1824,      0.1488,     61.9462,      0.2027,      5.5873,     11.1746,      1.7910,     28.4478,     56.8956,      0.0192,      0.0032,      0.2365,      0.2056,   7776.9941,-466913.3750,   -926.8447,    548.2131,  25923.3105,
       1,     168,     318,      16,       1,       3,       1,     10.0000,      1.4010,     42.6105,    248.7328,     62.5969,      3.4953,      0.1838,      0.1504,     64.9416,      0.1941,      5.5873,     11.1746,      1.7148,     28.4478,     56.8956,      0.0192,      0.0033,      0.2381,      0.2055,   7776.9937,-499226.3125,   -933.9571,    546.0046,  25923.3105,
       1,     168,     318,      17,       1,       3,       1,     10.0000,      1.4010,     42.6105,    248.7328,     62.5969,      3.4953,      0.1674,      0.1341,     72.7723,      0.1929,      5.5873,     11.1746,      1.7046,     28.4478,     56.8956,      0.0192,      0.0042,      0.2133,      0.2055,   7776.9937,-505684.2500,   -936.2296,    545.5682,  25923.3125,
       1,     168,     318,      18,       1,       3,       1,     10.0000,      1.4010,     42.6105,    248.7328,     62.5969,      3.4953,      0.0773,      0.0446,     31.8526,      0.1750,      5.5873,     11.1746,      1.5465,     28.4478,     56.8956,      0.0192,      0.0045,      0.0870,      0.2055,   7776.9941,-515918.7188,   -939.0970,    544.8705,  25923.3105,
       1,     168,     318,      19,       1,       3,       1,     10.0000,      1.4010,     42.6105,    248.7328,     62.5969,      3.4953,      0.0302,     -0.0022,      7.9231,      0.1672,      5.5873,     11.1746,      1.4771,     28.4478,     56.8956,      0.0192,      0.0045,      0.0216,      0.2055,   7776.9937,-466135.9688,   -930.3409,    548.2616,  25923.3105,
       1,     168,     318,      20,       1,       3,       1,     10.0000,      1.4010,     42.6105,    248.7328,     62.5969,      3.4953,      0.0011,     -0.0312,      5.0248,      0.1622,      5.5873,     11.1746,      1.4334,     28.4478,     56.8956,      0.0192,      0.0039,      0.0156,      0.2055,   7776.9937,-432344.6875,   -924.3184,    550.5881,  25923.3105,
       1,     168,     318,      21,       1,       3,       1,     10.0000,      1.4010,     42.6105,    248.7328,     62.5969,      3.4953,      0.0000,     -0.0323,      4.5448,      0.1611,      5.5873,     11.1746,      1.4234,     28.4478,     56.8956,      0.0192,      0.0036,      0.0156,      0.2056,   7776.9937,-425889.5000,   -923.2723,    551.0372,  25923.3105,
       1,     168,     318,      22,       1,       3,       1,     10.0000,      1.4010,     42.6105,    248.7328,     62.5969,      3.4953,      0.0000,     -0.0322,      4.7699,      0.1580,      5.5873,     11.1746,      1.3966,     28.4478,     56.8956,      0.0192,      0.0037,      0.0156,      0.2056,   7776.9937,-424741.0312,   -923.1946,    551.1165,  25923.3086,
       1,     168,     318,      23,       1,       3,       1,     10.0000,      1.4010,     42.6105,    248.7328,     62.5969,      3.4953,      0.0000,     -0.0320,      3.7144,      0.1537,      5.5873,     11.1746,      1.3578,     28.4478,     56.8956,      0.0192,      0.0029,      0.0156,      0.2056,   7776.9927,-424921.3438,   -923.3441,    551.1041,  25923.3086,
       1,     168,     318,      24,       1,       3,       1,     10.0000,      1.4010,     42.6105,    248.7328,     62.5969,      3.4953,      0.0000,     -0.0320,      3.2289,      0.1529,      5.5873,     11.1746,      1.3510,     28.4478,     56.8956,      0.0192,      0.0025,      0.0156,      0.2056,   7776.9927,-423631.9062,   -923.2076,    551.1929,  25923.3105,
       1,     168,     319,       1,       1,       3,       1,     10.0000,      1.4010,     42.6108,    248.7386,     62.5984,      3.4953,      0.0000,     -0.0319,      2.6702,      0.1509,      5.5865,     11.1730,      1.3335,     28.4505,     56.9009,      0.0192,      0.0021,      0.0156,      0.2056,   7776.9937,-423075.0000,   -923.4739,    551.2441,  25924.4590,
       1,     168,     319,       2,       1,       3,       1,     10.0000,      1.4010,     42.6108,    248.7386,     62.5984,      3.4953,      0.0000,     -0.0318,      2.7451,      0.1489,      5.5865,     11.1730,      1.3162,     28.4505,     56.9009,      0.0192,      0.0022,      0.0156,      0.2056,   7777.3379,-422186.1875,   -923.1268,    551.3054,  25924.4609,
       1,     168,     319,       3,       1,       3,       1,     10.0000,      1.4010,     42.6108,    248.7386,     62.5984,      3.4953,      0.0000,     -0.0317,      2.5597,      0.1451,      5.5865,     11.1730,      1.2821,     28.4505,     56.9009,      0.0192,      0.0020,      0.0156,      0.2056,   7777.3384,-422202.8438,   -923.1951,    551.3043,  25924.4590,
       1,     168,     319,       4,       1,       3,       1,     10.0000,      1.4010,     42.6108,    248.7386,     62.5984,      3.4953,      0.0000,     -0.0316,      2.0807,      0.1433,      5.5865,     11.1730,      1.2667,     28.4505,     56.9009,      0.0192,      0.0016,      0.0156,      0.2056,   7777.3379,-421975.1875,   -923.2299,    551.3199,  25924.4570,
       1,     168,     319,       5,       1,       3,       1,     10.0000,      1.4010,     42.6108,    248.7386,     62.5984,      3.4953,      0.0000,     -0.0316,      1.7729,      0.1416,      5.5865,     11.1730,      1.2514,     28.4505,     56.9009,      0.0192,      0.0014,      0.0156,      0.2056,   7777.3374,-421364.1562,   -923.1788,    551.3621,  25924.4590,
       1,     168,     319,       6,       1,       3,       1,     10.0000,      1.4010,     42.6108,    248.7386,     62.5984,      3.4953,      0.0000,     -0.0314,      1.5577,      0.1375,      5.5865,     11.1730,      1.2152,     28.4505,     56.9009,      0.0192,      0.0012,      0.0156,      0.2056,   7777.3379,-420931.2812,   -923.1370,    551.3918,  25924.4590,
       1,     168,     319,       7,       1,       3,       1,     10.0000,      1.4010,     42.6108,    248.7386,     62.5984,      3.4953,      0.0000,     -0.0313,      1.3051,      0.1350,      5.5865,     11.1730,      1.1932,     28.4505,     56.9009,      0.0192,      0.0010,      0.0156,      0.2056,   7777.3379,-420628.5312,   -923.1141,    551.4127,  25924.4609,
       1,     168,     319,       8,       1,       3,       1,     10.0000,      1.4010,     42.6108,    248.7386,     62.5984,      3.4953,      0.0067,     -0.0246,      0.9430,      0.1329,      5.5865,     11.1730,      1.1740,     28.4505,     56.9009,      0.0192,      0.0007,      0.0156,      0.2056,   7777.3384,-420290.4375,   -923.0787,    551.4361,  25924.4590,
       1,     168,     319,       9,       1,       3,       1,     10.0000,      1.4010,     42.6108,    248.7386,     62.5984,      3.4953,      0.0628,      0.0313,      3.6078,      0.1388,      5.5865,     11.1730,      1.2263,     28.4505,     56.9009,      0.0192,      0.0006,      0.0701,      0.2056,   7777.3379,-419814.1875,   -923.0136,    551.4689,  25924.4590,
       1,     168,     319,      10,       1,       3,       1,     10.0000,      1.4010,     42.6108,    248.7386,     62.5984,      3.4953,      0.1189,      0.0869,      7.8013,      0.1532,      5.5865,     11.1730,      1.3538,     28.4505,     56.9009,      0.0192,      0.0006,      0.1504,      0.2056,   7777.3379,-423067.1562,   -923.6906,    551.2447,  25924.4590,
       1,     168,     319,      11,       1,       3,       1,     10.0000,      1.4010,     42.6108,    248.7386,     62.5984,      3.4953,      0.0773,      0.0456,      2.4164,      0.1438,      5.5865,     11.1730,      1.2705,     28.4505,     56.9009,      0.0192,      0.0003,      0.0911,      0.2056,   7777.3379,-428527.3438,   -924.8379,    550.8684,  25924.4590,
       1,     168,     319,      12,       1,       3,       1,     10.0000,      1.4010,     42.6108,    248.7386,     62.5984,      3.4953,      0.1512,      0.1196,      5.4092,      0.1439,      5.5865,     11.1730,      1.2718,     28.4505,     56.9009,      0.0192,      0.0003,      0.1975,      0.2056,   7777.3379,-422336.6875,   -920.4733,    551.2949,  25924.4590,
       1,     168,     319,      13,       1,       3,       1,     10.0000,      1.4010,     42.6108,    248.7386,     62.5984,      3.4953,      0.1791,      0.1469,     10.3403,      0.1588,      5.5865,     11.1730,      1.4036,     28.4505,     56.9009,      0.0192,      0.0005,      0.2372,      0.2056,   7777.3379,-425508.7500,   -921.3910,    551.0764,  25924.4570,
       1,     168,     319,      14,       1,       3,       1,     10.0000,      1.4010,     42.6108,    248.7386,     62.5984,      3.4953,      0.1590,      0.1267,     11.9919,      0.1640,      5.5865,     11.1730,      1.4493,     28.4505,     56.9009,      0.0192,      0.0007,      0.2080,      0.2056,   7777.3374,-431874.1875,   -923.1422,    550.6380,  25924.4590,
       1,     168,     319,      15,       1,       3,       1,     10.0000,      1.4010,     42.6108,    248.7386,     62.5984,      3.4953,      0.1573,      0.1249,     24.7678,      0.1677,      5.5865,     11.1730,      1.4816,     28.4505,     56.9009,      0.0192,      0.0015,      0.2041,      0.2056,   7777.3379,-434457.8750,   -924.0241,    550.4603,  25924.4609,
       1,     168,     319,      16,       1,       3,       1,     10.0000,      1.4010,     42.6108,    248.7386,     62.5984,      3.4953,      0.1499,      0.1175,     13.6958,      0.1650,      5.5865,     11.1730,      1.4581,     28.4505,     56.9009,      0.0192,      0.0009,      0.1946,      0.2056,   7777.3384,-450470.7188,   -927.4608,    549.3586,  25924.4590,
       1,     168,     319,      17,       1,       3,       1,     10.0000,      1.4010,     42.6108,    248.7386,     62.5984,      3.4953,      0.1591,      0.1267,     13.1189,      0.1653,      5.5865,     11.1730,      1.4610,     28.4505,     56.9009,      0.0192,      0.0008,      0.2079,      0.2056,   7777.3379,-438146.4375,   -925.4362,    550.2059,  25924.4609,
       1,     168,     319,      18,       1,       3,       1,     10.0000,      1.4010,     42.6108,    248.7386,     62.5984,      3.4953,      0.0921,      0.0600,     15.7148,      0.1563,      5.5865,     11.1730,      1.3813,     28.4505,     56.9009,      0.0192,      0.0017,      0.1106,      0.2056,   7777.3384,-436385.3750,   -925.4231,    550.3277,  25924.4590,
       1,     168,     319,      19,       1,       3,       1,     10.0000,      1.4010,     42.6108,    248.7386,     62.5984,      3.4953,      0.0166,     -0.0151,      0.6009,      0.1452,      5.5865,     11.1730,      1.2834,     28.4505,     56.9009,      0.0192,      0.0021,      0.0036,      0.2056,   7777.3379,-439443.9688,   -926.2385,    550.1173,  25924.4590,
       1,     168,     319,      20,       1,       3,       1,     10.0000,      1.4010,     42.6108,    248.7386,     62.5984,      3.4953,      0.0004,     -0.0312,      1.9382,      0.1403,      5.5865,     11.1730,      1.2401,     28.4505,     56.9009,      0.0192,      0.0015,      0.0156,      0.2056,   7777.3379,-421019.5938,   -922.8998,    551.3843,  25924.4609,
       1,     168,     319,      21,       1,       3,       1,     10.0000,      1.4010,     42.6108,    248.7386,     62.5984,      3.4953,      0.0000,     -0.0315,      2.2753,      0.1393,      5.5865,     11.1730,      1.2313,     28.4505,     56.9009,      0.0192,      0.0018,      0.0156,      0.2056,   7777.3384,-421107.9688,   -922.9830,    551.3797,  25924.4590,
       1,     168,     319,      22,       1,       3,       1,     10.0000,      1.4010,     42.6108,    248.7386,     62.5984,      3.4953,      0.0000,     -0.0315,      2.4052,      0.1393,      5.5865,     11.1730,      1.2313,     28.4505,     56.9009,      0.0192,      0.0019,      0.0156,      0.2056,   7777.3379,-421530.5000,   -923.1409,    551.3506,  25924.4590,
       1,     168,     319,      23,       1,       3,       1,     10.0000,      1.4010,     42.6108,    248.7386,     62.5984,      3.4953,      0.0000,     -0.0312,      2.1015,      0.1323,      5.5865,     11.1730,      1.1693,     28.4505,     56.9009,      0.0192,      0.0017,      0.0156,      0.2056,   7777.3379,-421727.0312,   -923.2545,    551.3370,  25924.4590,
       1,     168,     319,      24,       1,       3,       1,     10.0000,      1.4010,     42.6108,    248.7386,     62.5984,      3.4953,      0.0000,     -0.0314,      1.5385,      0.1377,      5.5865,     11.1730,      1.2164,     28.4505,     56.9009,      0.0192,      0.0012,      0.0156,      0.2056,   7777.3379,-421368.5312,   -923.2293,    551.3617,  25924.4590,
       1,     168,     320,       1,       1,       3,       1,     10.0000,      1.4010,     42.6111,    248.7444,     62.5998,      3.4953,      0.0000,     -0.0314,      1.3686,      0.1372,      5.5870,     11.1740,      1.2128,     28.4441,     56.8882,      0.0192,      0.0011,      0.0156,      0.2056,   7777.3379,-420795.9062,   -923.4333,    551.4142,  25925.6074,
       1,     168,     320,       2,       1,       3,       1,     10.0000,      1.4010,     42.6111,    248.7444,     62.5998,      3.4953,      0.0000,     -0.0311,      1.2994,      0.1301,      5.5870,     11.1740,      1.1493,     28.4441,     56.8882,      0.0192,      0.0010,      0.0156,      0.2056,   7777.6826,-420385.9375,   -923.1298,    551.4424,  25925.6055,
       1,     168,     320,       3,       1,       3,       1,     10.0000,      1.4010,     42.6111,    248.7444,     62.5998,      3.4953,      0.0000,     -0.0311,      1.0142,      0.1294,      5.5870,     11.1740,      1.1435,     28.4441,     56.8882,      0.0192,      0.0008,      0.0156,      0.2056,   7777.6821,-420265.7812,   -923.1422,    551.4507,  25925.6055,
       1,     168,     320,       4,       1,       3,       1,     10.0000,      1.4010,     42.6111,    248.7444,     62.5998,      3.4953,      0.0000,     -0.0311,      0.3679,      0.1294,      5.5870,     11.1740,      1.1435,     28.4441,     56.8882,      0.0192,      0.0003,      0.0156,      0.2056,   7777.6821,-419903.0312,   -923.1030,    551.4756,  25925.6055,
       1,     168,     320,       5,       1,       3,       1,     10.0000,      1.4010,     42.6111,    248.7444,     62.5998,      3.4953,      0.0000,     -0.0312,      0.7417,      0.1306,      5.5870,     11.1740,      1.1540,     28.4441,     56.8882,      0.0192,      0.0006,      0.0156,      0.2056,   7777.6821,-419073.5000,   -922.9509,    551.5329,  25925.6035,
       1,     168,     320,       6,       1,       3,       1,     10.0000,      1.4010,     42.6111,    248.7444,     62.5998,      3.4953,      0.0000,     -0.0311,      0.6730,      0.1284,      5.5870,     11.1740,      1.1342,     28.4441,     56.8882,      0.0192,      0.0005,      0.0156,      0.2056,   7777.6812,-419465.0625,   -918.8301,    551.5059,  25925.6055,
       1,     168,     320,       7,       1,       3,       1,     10.0000,      1.4010,     42.6111,    248.7444,     62.5998,      3.4953,      0.0000,     -0.0309,      0.3061,      0.1239,      5.5870,     11.1740,      1.0945,     28.4441,     56.8882,      0.0192,      0.0002,      0.0156,      0.2056,   7777.6821,-419413.2500,   -916.6738,    551.5095,  25925.6035,
       1,     168,     320,       8,       1,       3,       1,     10.0000,      1.4010,     42.6111,    248.7444,     62.5998,      3.4953,      0.0031,     -0.0277,      0.2908,      0.1226,      5.5870,     11.1740,      1.0834,     28.4441,     56.8882,      0.0192,      0.0002,      0.0156,      0.2056,   7777.6812,-418955.7812,   -913.9498,    551.5410,  25925.6055,
       1,     168,     320,       9,       1,       3,       1,     10.0000,      1.4010,     42.6111,    248.7444,     62.5998,      3.4953,      0.0293,     -0.0017,      0.4366,      0.1255,      5.5870,     11.1740,      1.1091,     28.4441,     56.8882,      0.0192,      0.0002,      0.0228,      0.2056,   7777.6821,-418897.5625,   -910.1259,    551.5450,  25925.6055,
       1,     168,     320,      10,       1,       3,       1,     10.0000,      1.4010,     42.6111,    248.7444,     62.5998,      3.4953,      0.0938,      0.0627,      2.2893,      0.1297,      5.5870,     11.1740,      1.1458,     28.4441,     56.8882,      0.0192,      0.0002,      0.1152,      0.2056,   7777.6821,-419072.7812,   -910.1847,    551.5329,  25925.6055,
       1,     168,     320,      11,       1,       3,       1,     10.0000,      1.4010,     42.6111,    248.7444,     62.5998,      3.4953,      0.1147,      0.0834,      3.0281,      0.1353,      5.5870,     11.1740,      1.1957,     28.4441,     56.8882,      0.0192,      0.0003,      0.1451,      0.2056,   7777.6821,-421377.1562,   -910.8807,    551.3740,  25925.6035,
       1,     168,     320,      12,       1,       3,       1,     10.0000,      1.4010,     42.6111,    248.7444,     62.5998,      3.4953,      0.1061,      0.0748,      2.7426,      0.1341,      5.5870,     11.1740,      1.1848,     28.4441,     56.8882,      0.0192,      0.0003,      0.1328,      0.2056,   7777.6812,-422486.8438,   -911.2104,    551.2975,  25925.6035,
       1,     168,     320,      13,       1,       3,       1,     10.0000,      1.4010,     42.6111,    248.7444,     62.5998,      3.4953,      0.1291,      0.0976,      3.6019,      0.1402,      5.5870,     11.1740,      1.2388,     28.4441,     56.8882,      0.0192,      0.0003,      0.1657,      0.2056,   7777.6812,-422228.6250,   -911.0150,    551.3154,  25925.6055,
       1,     168,     320,      14,       1,       3,       1,     10.0000,      1.4010,     42.6111,    248.7444,     62.5998,      3.4953,      0.1652,      0.1333,      5.1522,      0.1511,      5.5870,     11.1740,      1.3349,     28.4441,     56.8882,      0.0192,      0.0003,      0.2176,      0.2056,   7777.6821,-423268.1250,   -911.7589,    551.2438,  25925.6055,
       1,     168,     320,      15,       1,       3,       1,     10.0000,      1.4010,     42.6111,    248.7444,     62.5998,      3.4953,      0.1387,      0.1067,      4.2928,      0.1524,      5.5870,     11.1740,      1.3470,     28.4441,     56.8882,      0.0192,      0.0003,      0.1795,      0.2056,   7777.6821,-425272.5625,   -911.9470,    551.1057,  25925.6055,
       1,     168,     320,      16,       1,       3,       1,     10.0000,      1.4010,     42.6111,    248.7444,     62.5998,      3.4953,      0.0492,      0.0176,      1.1258,      0.1429,      5.5870,     11.1740,      1.2629,     28.4441,     56.8882,      0.0192,      0.0003,      0.0507,      0.2056,   7777.6821,-424381.2188,   -911.6441,    551.1671,  25925.6074,
       1,     168,     320,      17,       1,       3,       1,     10.0000,      1.4010,     42.6111,    248.7444,     62.5998,      3.4953,      0.1026,      0.0711,      2.7071,      0.1372,      5.5870,     11.1740,      1.2128,     28.4441,     56.8882,      0.0192,      0.0003,      0.1276,      0.2056,   7777.6826,-420391.1875,   -910.5760,    551.4420,  25925.6055,
       1,     168,     320,      18,       1,       3,       1,     10.0000,      1.4010,     42.6111,    248.7444,     62.5998,      3.4953,      0.1163,      0.0846,      3.8318,      0.1455,      5.5870,     11.1740,      1.2860,     28.4441,     56.8882,      0.0192,      0.0003,      0.1472,      0.2056,   7777.6821,-422005.9062,   -911.1168,    551.3307,  25925.6055,
       1,     168,     320,      19,       1,       3,       1,     10.0000,      1.4010,     42.6111,    248.7444,     62.5998,      3.4953,      0.0405,      0.0090,      2.2436,      0.1413,      5.5870,     11.1740,      1.2489,     28.4441,     56.8882,      0.0192,      0.0007,      0.0381,      0.2056,   7777.6821,-423533.2812,   -912.0662,    551.2255,  25925.6035,
       1,     168,     320,      20,       1,       3,       1,     10.0000,      1.4010,     42.6111,    248.7444,     62.5998,      3.4953,      0.0005,     -0.0308,      1.1540,      0.1341,      5.5870,     11.1740,      1.1848,     28.4441,     56.8882,      0.0192,      0.0009,      0.0156,      0.2056,   7777.6812,-421700.9688,   -911.9863,    551.3517,  25925.6055,
       1,     168,     320,      21,       1,       3,       1,     10.0000,      1.4010,     42.6111,    248.7444,     62.5998,      3.4953,      0.0000,     -0.0312,      0.4234,      0.1307,      5.5870,     11.1740,      1.1551,     28.4441,     56.8882,      0.0192,      0.0003,      0.0156,      0.2056,   7777.6821,-420198.1562,   -911.8177,    551.4553,  25925.6055,
       1,     168,     320,      22,       1,       3,       1,     10.0000,      1.4010,     42.6111,    248.7444,     62.5998,      3.4953,      0.0000,     -0.0311,      0.3068,      0.1285,      5.5870,     11.1740,      1.1353,     28.4441,     56.8882,      0.0192,      0.0002,      0.0156,      0.2056,   7777.6821,-419167.1875,   -911.6489,    551.5264,  25925.6055,
       1,     168,     320,      23,       1,       3,       1,     10.0000,      1.4010,     42.6111,    248.7444,     62.5998,      3.4953,      0.0000,     -0.0310,      0.5713,      0.1272,      5.5870,     11.1740,      1.1239,     28.4441,     56.8882,      0.0192,      0.0004,      0.0156,      0.2056,   7777.6821,-418935.3750,   -911.6086,    551.5424,  25925.6055,
       1,     168,     320,      24,       1,       3,       1,     10.0000,      1.4010,     42.6111,    248.7444,     62.5998,      3.4953,      0.0000,     -0.0309,      0.4109,      0.1254,      5.5870,     11.1740,      1.1079,     28.4441,     56.8882,      0.0192,      0.0003,      0.0156,      0.2056,   7777.6821,-419242.2812,   -911.7020,    551.5212,  25925.6074,
       1,     168,     321,       1,       1,       3,       1,     10.0000,      1.4010,     42.6115,    248.7502,     62.6013,      3.4953,      0.0000,     -0.0310,      0.2994,      0.1258,      5.5873,     11.1747,      1.1114,     28.4321,     56.8642,      0.0192,      0.0002,      0.0156,      0.2057,   7777.6826,-419224.4688,   -911.9721,    551.5355,  25926.7559,
       1,     168,     321,       2,       1,       3,       1,     10.0000,      1.4010,     42.6115,    248.7502,     62.6013,      3.4953,      0.0000,     -0.0309,      0.2946,      0.1240,      5.5873,     11.1747,      1.0956,     28.4321,     56.8642,      0.0192,      0.0002,      0.0156,      0.2057,   7778.0269,-418934.0000,   -911.6693,    551.5555,  25926.7539,
       1,     168,     321,       3,       1,       3,       1,     10.0000,      1.4010,     42.6115,    248.7502,     62.6013,      3.4953,      0.0000,     -0.0308,      0.2898,      0.1222,      5.5873,     11.1747,      1.0801,     28.4321,     56.8642,      0.0192,      0.0002,      0.0156,      0.2057,   7778.0264,-418903.5938,   -911.6661,    551.5575,  25926.7559,
       1,     168,     321,       4,       1,       3,       1,     10.0000,      1.4010,     42.6115,    248.7502,     62.6013,      3.4953,      0.0000,     -0.0309,      0.2956,      0.1244,      5.5873,     11.1747,      1.0990,     28.4321,     56.8642,      0.0192,      0.0002,      0.0156,      0.2057,   7778.0269,-418894.8750,   -910.0717,    551.5581,  25926.7559,
       1,     168,     321,       5,       1,       3,       1,     10.0000,      1.4010,     42.6115,    248.7502,     62.6013,      3.4953,      0.0000,     -0.0309,      0.2936,      0.1236,      5.5873,     11.1747,      1.0923,     28.4321,     56.8642,      0.0192,      0.0002,      0.0156,      0.2057,   7778.0269,-418901.2812,   -910.0745,    551.5577,  25926.7559,
       1,     168,     321,       6,       1,       3,       1,     10.0000,      1.4010,     42.6115,    248.7502,     62.6013,      3.4953,      0.0000,     -0.0309,      0.2963,      0.1246,      5.5873,     11.1747,      1.1012,     28.4321,     56.8642,      0.0192,      0.0002,      0.0156,      0.2057,   7778.0269,-418899.3125,   -910.0756,    551.5579,  25926.7559,
       1,     168,     321,       7,       1,       3,       1,     10.0000,      1.4010,     42.6115,    248.7502,     62.6013,      3.4953,      0.0000,     -0.0309,      0.2939,      0.1237,      5.5873,     11.1747,      1.0934,     28.4321,     56.8642,      0.0192,      0.0002,      0.0156,      0.2057,   7778.0269,-418902.5312,   -910.0781,    551.5577,  25926.7539,
       1,     168,     321,       8,       1,       3,       1,     10.0000,      1.4010,     42.6115,    248.7502,     62.6013,      3.4953,      0.0100,     -0.0208,      0.2908,      0.1226,      5.5873,     11.1747,      1.0834,     28.4321,     56.8642,      0.0192,      0.0002,      0.0156,      0.2057,   7778.0264,-418900.0312,   -910.0797,    551.5578,  25926.7578,
       1,     168,     321,       9,       1,       3,       1,     10.0000,      1.4010,     42.6115,    248.7502,     62.6013,      3.4953,      0.0713,      0.0402,      1.6273,      0.1282,      5.5873,     11.1747,      1.1331,     28.4321,     56.8642,      0.0192,      0.0002,      0.0829,      0.2057,   7778.0278,-418895.5625,   -910.1365,    551.5581,  25926.7559,
       1,     168,     321,      10,       1,       3,       1,     10.0000,      1.4010,     42.6115,    248.7502,     62.6013,      3.4953,      0.0900,      0.0587,      2.2643,      0.1341,      5.5873,     11.1747,      1.1849,     28.4321,     56.8642,      0.0192,      0.0003,      0.1096,      0.2057,   7778.0269,-420546.7812,   -910.7225,    551.4443,  25926.7578,
       1,     168,     321,      11,       1,       3,       1,     10.0000,      1.4010,     42.6115,    248.7502,     62.6013,      3.4953,      0.1054,      0.0741,      2.7411,      0.1349,      5.5873,     11.1747,      1.1921,     28.4321,     56.8642,      0.0192,      0.0003,      0.1318,      0.2057,   7778.0278,-421474.3438,   -910.8768,    551.3804,  25926.7539,
       1,     168,     321,      12,       1,       3,       1,     10.0000,      1.4010,     42.6115,    248.7502,     62.6013,      3.4953,      0.1707,      0.1389,      5.2493,      0.1488,      5.5873,     11.1747,      1.3149,     28.4321,     56.8642,      0.0192,      0.0003,      0.2256,      0.2057,   7778.0264,-422142.9688,   -911.1519,    551.3342,  25926.7539,
       1,     168,     321,      13,       1,       3,       1,     10.0000,      1.4010,     42.6115,    248.7502,     62.6013,      3.4953,      0.1875,      0.1548,      7.0545,      0.1761,      5.5873,     11.1747,      1.5559,     28.4321,     56.8642,      0.0192,      0.0003,      0.2500,      0.2057,   7778.0264,-425299.3750,   -912.5931,    551.1168,  25926.7559,
       1,     168,     321,      14,       1,       3,       1,     10.0000,      1.4010,     42.6115,    248.7502,     62.6013,      3.4953,      0.1875,      0.1544,      7.5374,      0.1865,      5.5873,     11.1747,      1.6483,     28.4321,     56.8642,      0.0192,      0.0004,      0.2500,      0.2057,   7778.0269,-427798.5938,   -914.8474,    550.9446,  25926.7578,
       1,     168,     321,      15,       1,       3,       1,     10.0000,      1.4010,     42.6115,    248.7502,     62.6013,      3.4953,      0.1338,      0.1019,      4.0623,      0.1505,      5.5873,     11.1747,      1.3295,     28.4321,     56.8642,      0.0192,      0.0003,      0.1724,      0.2057,   7778.0278,-428607.9375,   -913.8669,    550.8889,  25926.7559,
       1,     168,     321,      16,       1,       3,       1,     10.0000,      1.4010,     42.6115,    248.7502,     62.6013,      3.4953,      0.1767,      0.1447,      5.6474,      0.1535,      5.5873,     11.1747,      1.3566,     28.4321,     56.8642,      0.0192,      0.0003,      0.2342,      0.2057,   7778.0269,-424382.6250,   -911.5143,    551.1799,  25926.7578,
       1,     168,     321,      17,       1,       3,       1,     10.0000,      1.4010,     42.6115,    248.7502,     62.6013,      3.4953,      0.1173,      0.0854,      9.5612,      0.1506,      5.5873,     11.1747,      1.3309,     28.4321,     56.8642,      0.0192,      0.0008,      0.1480,      0.2057,   7778.0278,-425981.6250,   -912.6320,    551.0698,  25926.7559,
       1,     168,     321,      18,       1,       3,       1,     10.0000,      1.4010,     42.6115,    248.7502,     62.6013,      3.4953,      0.0188,     -0.0122,      1.4242,      0.1281,      5.5873,     11.1747,      1.1319,     28.4321,     56.8642,      0.0192,      0.0023,      0.0075,      0.2057,   7778.0269,-430954.3125,   -912.7355,    550.7273,  25926.7559,
       1,     168,     321,      19,       1,       3,       1,     10.0000,      1.4010,     42.6115,    248.7502,     62.6013,      3.4953,      0.0157,     -0.0150,      0.7971,      0.1183,      5.5873,     11.1747,      1.0453,     28.4321,     56.8642,      0.0192,      0.0028,      0.0035,      0.2056,   7778.0269,-421321.9375,   -910.9625,    551.3904,  25926.7559,
       1,     168,     321,      20,       1,       3,       1,     10.0000,      1.4010,     42.6115,    248.7502,     62.6013,      3.4953,      0.0004,     -0.0301,      1.0193,      0.1147,      5.5873,     11.1747,      1.0137,     28.4321,     56.8642,      0.0192,      0.0008,      0.0156,      0.2057,   7778.0269,-419728.0938,   -910.7535,    551.5007,  25926.7559,
       1,     168,     321,      21,       1,       3,       1,     10.0000,      1.4010,     42.6115,    248.7502,     62.6013,      3.4953,      0.0000,     -0.0305,      0.9245,      0.1152,      5.5873,     11.1747,      1.0179,     28.4321,     56.8642,      0.0192,      0.0007,      0.0156,      0.2057,   7778.0269,-419866.4375,   -910.3459,    551.4911,  25926.7559,
       1,     168,     321,      22,       1,       3,       1,     10.0000,      1.4010,     42.6115,    248.7502,     62.6013,      3.4953,      0.0000,     -0.0306,      0.8049,      0.1171,      5.5873,     11.1747,      1.0347,     28.4321,     56.8642,      0.0192,      0.0006,      0.0156,      0.2057,   7778.0269,-419761.1250,   -910.3677,    551.4984,  25926.7539,
       1,     168,     321,      23,       1,       3,       1,     10.0000,      1.4010,     42.6115,    248.7502,     62.6013,      3.4953,      0.0000,     -0.0307,      0.3031,      0.1194,      5.5873,     11.1747,      1.0550,     28.4321,     56.8642,      0.0192,      0.0002,      0.0156,      0.2057,   7778.0264,-419604.6250,   -910.3857,    551.5092,  25926.7539,
       1,     168,     321,      24,       1,       3,       1,     10.0000,      1.4010,     42.6115,    248.7502,     62.6013,      3.4953,      0.0000,     -0.0306,      0.2786,      0.1181,      5.5873,     11.1747,      1.0432,     28.4321,     56.8642,      0.0192,      0.0002,      0.0156,      0.2057,   7778.0264,-418971.2812,   -910.2763,    551.5529,  25926.7559,
       1,     168,     322,       1,       1,       3,       1,     10.0000,      1.4011,     42.6118,    248.7560,     62.6028,      3.4953,      0.0000,     -0.0306,      0.2747,      0.1166,      5.5875,     11.1749,      1.0305,     28.4249,     56.8499,      0.0192,      0.0002,      0.0156,      0.2057,   7778.0269,-419040.6250,   -910.5455,    551.5610,  25927.9043,
       1,     168,     322,       2,       1,       3,       1,     10.0000,      1.4011,     42.6118,    248.7560,     62.6028,      3.4953,      0.0000,     -0.0306,      0.2766,      0.1173,      5.5875,     11.1749,      1.0368,     28.4249,     56.8499,      0.0192,      0.0002,      0.0156,      0.2057,   7778.3716,-418890.7500,   -910.0706,    551.5713,  25927.9062,
       1,     168,     322,       3,       1,       3,       1,     10.0000,      1.4011,     42.6118,    248.7560,     62.6028,      3.4953,      0.0000,     -0.0306,      0.2786,      0.1181,      5.5875,     11.1749,      1.0432,     28.4249,     56.8499,      0.0192,      0.0002,      0.0156,      0.2057,   7778.3721,-418880.2188,   -910.0696,    551.5721,  25927.9062,
       1,     168,     322,       4,       1,       3,       1,     10.0000,      1.4011,     42.6118,    248.7560,     62.6028,      3.4953,      0.0000,     -0.0306,      0.2779,      0.1178,      5.5875,     11.1749,      1.0411,     28.4249,     56.8499,      0.0192,      0.0002,      0.0156,      0.2057,   7778.3721,-418881.6562,   -910.0715,    551.5720,  25927.9043,
       1,     168,     322,       5,       1,       3,       1,     10.0000,      1.4011,     42.6118,    248.7560,     62.6028,      3.4953,      0.0000,     -0.0306,      0.2734,      0.1161,      5.5875,     11.1749,      1.0263,     28.4249,     56.8499,      0.0192,      0.0002,      0.0156,      0.2057,   7778.3716,-418881.2188,   -910.0732,    551.5721,  25927.9043,
       1,     168,     322,       6,       1,       3,       1,     10.0000,      1.4011,     42.6118,    248.7560,     62.6028,      3.4953,      0.0000,     -0.0305,      0.2709,      0.1152,      5.5875,     11.1749,      1.0179,     28.4249,     56.8499,      0.0192,      0.0002,      0.0156,      0.2057,   7778.3716,-418875.5000,   -910.0735,    551.5724,  25927.9043,
       1,     168,     322,       7,       1,       3,       1,     10.0000,      1.4011,     42.6118,    248.7560,     62.6028,      3.4953,      0.0000,     -0.0304,      0.2624,      0.1120,      5.5875,     11.1749,      0.9901,     28.4249,     56.8499,      0.0192,      0.0002,      0.0156,      0.2057,   7778.3716,-418871.9688,   -910.0743,    551.5726,  25927.9043,
       1,     168,     322,       8,       1,       3,       1,     10.0000,      1.4011,     42.6118,    248.7560,     62.6028,      3.4953,      0.0125,     -0.0179,      0.2658,      0.1133,      5.5875,     11.1749,      1.0013,     28.4249,     56.8499,      0.0192,      0.0002,      0.0156,      0.2057,   7778.3716,-418861.2812,   -910.0738,    551.5734,  25927.9043,
       1,     168,     322,       9,       1,       3,       1,     10.0000,      1.4011,     42.6118,    248.7560,     62.6028,      3.4953,      0.0485,      0.0177,      0.9320,      0.1216,      5.5875,     11.1749,      1.0746,     28.4249,     56.8499,      0.0192,      0.0002,      0.0505,      0.2057,   7778.3716,-418864.5000,   -910.1301,    551.5732,  25927.9043,
       1,     168,     322,      10,       1,       3,       1,     10.0000,      1.4011,     42.6118,    248.7560,     62.6028,      3.4953,      0.1447,      0.1134,      3.8919,      0.1342,      5.5875,     11.1749,      1.1861,     28.4249,     56.8499,      0.0192,      0.0003,      0.1882,      0.2057,   7778.3716,-419687.8438,   -910.4383,    551.5164,  25927.9043,
       1,     168,     322,      11,       1,       3,       1,     10.0000,      1.4011,     42.6118,    248.7560,     62.6028,      3.4953,      0.1862,      0.1541,      6.0336,      0.1548,      5.5875,     11.1749,      1.3675,     28.4249,     56.8499,      0.0192,      0.0003,      0.2479,      0.2057,   7778.3716,-423414.7812,   -911.9410,    551.2594,  25927.9023,
       1,     168,     322,      12,       1,       3,       1,     10.0000,      1.4011,     42.6118,    248.7560,     62.6028,      3.4953,      0.1875,      0.1550,      6.7545,      0.1695,      5.5875,     11.1749,      1.4981,     28.4249,     56.8499,      0.0192,      0.0003,      0.2500,      0.2057,   7778.3711,-426378.8125,   -913.5117,    551.0552,  25927.9023,
       1,     168,     322,      13,       1,       3,       1,     10.0000,      1.4011,     42.6118,    248.7560,     62.6028,      3.4953,      0.1875,      0.1543,      7.7113,      0.1903,      5.5875,     11.1749,      1.6813,     28.4249,     56.8499,      0.0192,      0.0004,      0.2500,      0.2057,   7778.3711,-427521.9688,   -914.9340,    550.9766,  25927.9043,
       1,     168,     322,      14,       1,       3,       1,     10.0000,      1.4011,     42.6118,    248.7560,     62.6028,      3.4953,      0.1847,      0.1515,      7.6047,      0.1907,      5.5875,     11.1749,      1.6847,     28.4249,     56.8499,      0.0192,      0.0004,      0.2460,      0.2057,   7778.3716,-428801.2812,   -916.7288,    550.8885,  25927.9043,
       1,     168,     322,      15,       1,       3,       1,     10.0000,      1.4011,     42.6118,    248.7560,     62.6028,      3.4953,      0.1878,      0.1544,     12.3621,      0.1976,      5.5875,     11.1749,      1.7458,     28.4249,     56.8499,      0.0192,      0.0006,      0.2500,      0.2057,   7778.3716,-428778.5000,   -918.0987,    550.8900,  25927.9023,
       1,     168,     322,      16,       1,       3,       1,     10.0000,      1.4011,     42.6118,    248.7560,     62.6028,      3.4953,      0.1594,      0.1264,     33.7864,      0.1851,      5.5875,     11.1749,      1.6353,     28.4249,     56.8499,      0.0192,      0.0020,      0.2061,      0.2057,   7778.3711,-434655.1875,   -920.3004,    550.4854,  25927.9043,
       1,     168,     322,      17,       1,       3,       1,     10.0000,      1.4011,     42.6118,    248.7560,     62.6028,      3.4953,      0.0567,      0.0250,     11.3936,      0.1454,      5.5875,     11.1749,      1.2848,     28.4249,     56.8499,      0.0192,      0.0023,      0.0603,      0.2057,   7778.3716,-461630.5312,   -924.2070,    548.6293,  25927.9043,
       1,     168,     322,      18,       1,       3,       1,     10.0000,      1.4011,     42.6118,    248.7560,     62.6028,      3.4953,      0.0341,      0.0030,      8.0921,      0.1297,      5.5875,     11.1749,      1.1458,     28.4249,     56.8499,      0.0192,      0.0035,      0.0287,      0.2056,   7778.3716,-436250.9062,   -919.9521,    550.3729,  25927.9062,
       1,     168,     322,      19,       1,       3,       1,     10.0000,      1.4011,     42.6118,    248.7560,     62.6028,      3.4953,      0.0082,     -0.0226,      4.1945,      0.1210,      5.5875,     11.1749,      1.0691,     28.4249,     56.8499,      0.0192,      0.0033,      0.0156,      0.2057,   7778.3721,-430017.7812,   -919.2535,    550.8045,  25927.9043,
       1,     168,     322,      20,       1,       3,       1,     10.0000,      1.4011,     42.6118,    248.7560,     62.6028,      3.4953,      0.0008,     -0.0299,      4.7076,      0.1196,      5.5875,     11.1749,      1.0572,     28.4249,     56.8499,      0.0192,      0.0037,      0.0156,      0.2057,   7778.3716,-424668.3750,   -916.6316,    551.1730,  25927.9043,
       1,     168,     322,      21,       1,       3,       1,     10.0000,      1.4011,     42.6118,    248.7560,     62.6028,      3.4953,      0.0000,     -0.0307,      3.9195,      0.1205,      5.5875,     11.1749,      1.0648,     28.4249,     56.8499,      0.0192,      0.0031,      0.0156,      0.2057,   7778.3716,-424847.1562,   -917.0849,    551.1608,  25927.9043,
       1,     168,     322,      22,       1,       3,       1,     10.0000,      1.4011,     42.6118,    248.7560,     62.6028,      3.4953,      0.0000,     -0.0309,      1.0193,      0.1231,      5.5875,     11.1749,      1.0878,     28.4249,     56.8499,      0.0192,      0.0008,      0.0156,      0.2057,   7778.3716,-423888.4062,   -917.1792,    551.2269,  25927.9043,
       1,     168,     322,      23,       1,       3,       1,     10.0000,      1.4011,     42.6118,    248.7560,     62.6028,      3.4953,      0.0000,     -0.0308,      0.3229,      0.1222,      5.5875,     11.1749,      1.0801,     28.4249,     56.8499,      0.0192,      0.0003,      0.0156,      0.2057,   7778.3716,-420223.4375,   -916.5816,    551.4794,  25927.9062,
       1,     168,     322,      24,       1,       3,       1,     10.0000,      1.4011,     42.6118,    248.7560,     62.6028,      3.4953,      0.0000,     -0.0307,      0.2825,      0.1195,      5.5875,     11.1749,      1.0561,     28.4249,     56.8499,      0.0192,      0.0002,      0.0156,      0.2057,   7778.3721,-419050.7812,   -911.3506,    551.5602,  25927.9043,
       1,     168,     323,       1,       1,       3,       1,     10.0000,      1.4011,     42.6121,    248.7618,     62.6042,      3.4953,      0.0000,     -0.0307,      0.2835,      0.1199,      5.5873,     11.1747,      1.0594,     28.4206,     56.8412,      0.0192,      0.0002,      0.0156,      0.2057,   7778.3716,-419055.2500,   -910.3560,    551.5729,  25929.0508,
       1,     168,     323,       2,       1,       3,       1,     10.0000,      1.4011,     42.6121,    248.7618,     62.6042,      3.4953,      0.0000,     -0.0307,      0.2845,      0.1203,      5.5873,     11.1747,      1.0626,     28.4206,     56.8412,      0.0192,      0.0002,      0.0156,      0.2057,   7778.7153,-418905.8438,   -910.0807,    551.5832,  25929.0547,
       1,     168,     323,       3,       1,       3,       1,     10.0000,      1.4011,     42.6121,    248.7618,     62.6042,      3.4953,      0.0000,     -0.0307,      0.2855,      0.1206,      5.5873,     11.1747,      1.0659,     28.4206,     56.8412,      0.0192,      0.0002,      0.0156,      0.2057,   7778.7168,-418894.1250,   -910.0795,    551.5840,  25929.0508,
       1,     168,     323,       4,       1,       3,       1,     10.0000,      1.4011,     42.6121,    248.7618,     62.6042,      3.4953,      0.0000,     -0.0307,      0.2809,      0.1189,      5.5873,     11.1747,      1.0507,     28.4206,     56.8412,      0.0192,      0.0002,      0.0156,      0.2057,   7778.7153,-418894.6250,   -910.0814,    551.5840,  25929.0508,
       1,     168,     323,       5,       1,       3,       1,     10.0000,      1.4011,     42.6121,    248.7618,     62.6042,      3.4953,      0.0000,     -0.0306,      0.2744,      0.1165,      5.5873,     11.1747,      1.0295,     28.4206,     56.8412,      0.0192,      0.0002,      0.0156,      0.2057,   7778.7153,-418888.9062,   -910.0820,    551.5844,  25929.0527,
       1,     168,     323,       6,       1,       3,       1,     10.0000,      1.4011,     42.6121,    248.7618,     62.6042,      3.4953,      0.0000,     -0.0306,      0.2776,      0.1177,      5.5873,     11.1747,      1.0401,     28.4206,     56.8412,      0.0192,      0.0002,      0.0156,      0.2057,   7778.7163,-418880.3438,   -910.0816,    551.5850,  25929.0508,
       1,     168,     323,       7,       1,       3,       1,     10.0000,      1.4011,     42.6121,    248.7618,     62.6042,      3.4953,      0.0000,     -0.0307,      0.2828,      0.1196,      5.5873,     11.1747,      1.0572,     28.4206,     56.8412,      0.0192,      0.0002,      0.0156,      0.2057,   7778.7153,-418883.6562,   -910.0688,    551.5848,  25929.0527,
       1,     168,     323,       8,       1,       3,       1,     10.0000,      1.4011,     42.6121,    248.7618,     62.6042,      3.4953,      0.0133,     -0.0174,      0.0026,      0.1198,      5.5873,     11.1747,      1.0583,     28.4206,     56.8412,      0.0192,      0.0002,      0.0001,      0.2057,   7778.7163,-418890.3125,   -910.0710,    551.5843,  25929.0527,
       1,     168,     323,       9,       1,       3,       1,     10.0000,      1.4011,     42.6121,    248.7618,     62.6042,      3.4953,      0.0747,      0.0437,      1.6750,      0.1250,      5.5873,     11.1747,      1.1046,     28.4206,     56.8412,      0.0192,      0.0002,      0.0879,      0.2057,   7778.7163,-418544.6562,   -910.0447,    551.6081,  25929.0527,
       1,     168,     323,      10,       1,       3,       1,     10.0000,      1.4011,     42.6121,    248.7618,     62.6042,      3.4953,      0.1323,      0.1009,      3.6388,      0.1363,      5.5873,     11.1747,      1.2043,     28.4206,     56.8412,      0.0192,      0.0003,      0.1703,      0.2057,   7778.7163,-420581.2812,   -910.6306,    551.4677,  25929.0527,
       1,     168,     323,      11,       1,       3,       1,     10.0000,      1.4011,     42.6121,    248.7618,     62.6042,      3.4953,      0.1531,      0.1212,      4.7188,      0.1505,      5.5873,     11.1747,      1.3296,     28.4206,     56.8412,      0.0192,      0.0003,      0.2002,      0.2057,   7778.7163,-423180.6250,   -911.6135,    551.2885,  25929.0547,
       1,     168,     323,      12,       1,       3,       1,     10.0000,      1.4011,     42.6121,    248.7618,     62.6042,      3.4953,      0.1875,      0.1548,      7.0549,      0.1761,      5.5873,     11.1747,      1.5560,     28.4206,     56.8412,      0.0192,      0.0003,      0.2500,      0.2057,   7778.7168,-424736.0938,   -912.6757,    551.1813,  25929.0527,
       1,     168,     323,      13,       1,       3,       1,     10.0000,      1.4011,     42.6121,    248.7618,     62.6042,      3.4953,      0.1874,      0.1537,      8.5123,      0.2074,      5.5873,     11.1747,      1.8323,     28.4206,     56.8412,      0.0192,      0.0004,      0.2500,      0.2057,   7778.7163,-427754.8125,   -915.0417,    550.9734,  25929.0527,
       1,     168,     323,      14,       1,       3,       1,     10.0000,      1.4011,     42.6121,    248.7618,     62.6042,      3.4953,      0.1874,      0.1533,      9.1410,      0.2206,      5.5873,     11.1747,      1.9494,     28.4206,     56.8412,      0.0192,      0.0004,      0.2500,      0.2057,   7778.7163,-429812.5625,   -917.4859,    550.8317,  25929.0527,
       1,     168,     323,      15,       1,       3,       1,     10.0000,      1.4011,     42.6121,    248.7618,     62.6042,      3.4953,      0.1874,      0.1532,     10.1068,      0.2250,      5.5873,     11.1747,      1.9880,     28.4206,     56.8412,      0.0192,      0.0005,      0.2500,      0.2057,   7778.7163,-430764.5000,   -919.6593,    550.7662,  25929.0527,
       1,     168,     323,      16,       1,       3,       1,     10.0000,      1.4011,     42.6121,    248.7618,     62.6042,      3.4953,      0.1883,      0.1540,     21.0744,      0.2283,      5.5873,     11.1747,      2.0175,     28.4206,     56.8412,      0.0192,      0.0010,      0.2500,      0.2057,   7778.7163,-432038.8125,   -921.2788,    550.6785,  25929.0508,
       1,     168,     323,      17,       1,       3,       1,     10.0000,      1.4011,     42.6121,    248.7618,     62.6042,      3.4953,      0.1721,      0.1382,     49.0895,      0.2155,      5.5873,     11.1747,      1.9040,     28.4206,     56.8412,      0.0192,      0.0027,      0.2230,      0.2057,   7778.7153,-445698.4375,   -924.7766,    549.7382,  25929.0527,
       1,     168,     323,      18,       1,       3,       1,     10.0000,      1.4011,     42.6121,    248.7618,     62.6042,      3.4953,      0.1273,      0.0941,     60.9626,      0.1903,      5.5873,     11.1747,      1.6814,     28.4206,     56.8412,      0.0192,      0.0048,      0.1562,      0.2057,   7778.7163,-481483.7188,   -932.1666,    547.2799,  25929.0508,
       1,     168,     323,      19,       1,       3,       1,     10.0000,      1.4011,     42.6121,    248.7618,     62.6042,      3.4953,      0.0094,     -0.0228,      6.4711,      0.1608,      5.5873,     11.1747,      1.4207,     28.4206,     56.8412,      0.0192,      0.0051,      0.0156,      0.2057,   7778.7153,-499220.9375,   -936.1588,    546.0721,  25929.0527,
       1,     168,     323,      20,       1,       3,       1,     10.0000,      1.4011,     42.6121,    248.7618,     62.6042,      3.4953,      0.0001,     -0.0311,      5.8226,      0.1317,      5.5873,     11.1747,      1.1635,     28.4206,     56.8412,      0.0192,      0.0046,      0.0156,      0.2056,   7778.7163,-433327.9688,   -924.1500,    550.5711,  25929.0527,
       1,     168,     323,      21,       1,       3,       1,     10.0000,      1.4011,     42.6121,    248.7618,     62.6042,      3.4953,      0.0000,     -0.0309,      6.0403,      0.1250,      5.5873,     11.1747,      1.1046,     28.4206,     56.8412,      0.0192,      0.0047,      0.0156,      0.2057,   7778.7163,-426986.5000,   -912.2971,    551.0262,  25929.0527,
       1,     168,     323,      22,       1,       3,       1,     10.0000,      1.4011,     42.6121,    248.7618,     62.6042,      3.4953,      0.0000,     -0.0310,      5.1859,      0.1269,      5.5873,     11.1747,      1.1216,     28.4206,     56.8412,      0.0192,      0.0041,      0.0156,      0.2057,   7778.7163,-426693.1875,   -912.0471,    551.0466,  25929.0527,
       1,     168,     323,      23,       1,       3,       1,     10.0000,      1.4011,     42.6121,    248.7618,     62.6042,      3.4953,      0.0000,     -0.0312,      3.7752,      0.1310,      5.5873,     11.1747,      1.1576,     28.4206,     56.8412,      0.0192,      0.0030,      0.0156,      0.2057,   7778.7163,-425612.3750,   -912.4413,    551.1210,  25929.0547,
       1,     168,     323,      24,       1,       3,       1,     10.0000,      1.4011,     42.6121,    248.7618,     62.6042,      3.4953,      0.0000,     -0.0311,      2.6588,      0.1307,      5.5873,     11.1747,      1.1552,     28.4206,     56.8412,      0.0192,      0.0021,      0.0156,      0.2057,   7778.7168,-423777.5000,   -912.4850,    551.2475,  25929.0527,
       1,     168,     324,       1,       1,       3,       1,     10.0000,      1.4011,     42.6125,    248.7676,     62.6057,      3.4953,      0.0000,     -0.0311,      0.8551,      0.1284,      5.5872,     11.1744,      1.1343,     28.4214,     56.8429,      0.0192,      0.0007,      0.0156,      0.2057,   7778.7163,-422395.6250,   -912.6719,    551.3555,  25930.1992,
       1,     168,     324,       2,       1,       3,       1,     10.0000,      1.4011,     42.6125,    248.7676,     62.6057,      3.4953,      0.0000,     -0.0310,      0.3012,      0.1264,      5.5872,     11.1744,      1.1171,     28.4214,     56.8429,      0.0192,      0.0002,      0.0156,      0.2057,   7779.0601,-419899.4062,   -912.0266,    551.5276,  25930.2012,
       1,     168,     324,       3,       1,       3,       1,     10.0000,      1.4011,     42.6125,    248.7676,     62.6057,      3.4953,      0.0000,     -0.0310,      0.2991,      0.1257,      5.5872,     11.1744,      1.1103,     28.4214,     56.8429,      0.0192,      0.0002,      0.0156,      0.2057,   7779.0605,-419002.4375,   -911.8665,    551.5895,  25930.2031,
       1,     168,     324,       4,       1,       3,       1,     10.0000,      1.4011,     42.6125,    248.7676,     62.6057,      3.4953,      0.0000,     -0.0310,      0.3019,      0.1267,      5.5872,     11.1744,      1.1194,     28.4214,     56.8429,      0.0192,      0.0002,      0.0156,      0.2057,   7779.0610,-418923.1250,   -911.8532,    551.5950,  25930.2012,
       1,     168,     324,       5,       1,       3,       1,     10.0000,      1.4011,     42.6125,    248.7676,     62.6057,      3.4953,      0.0000,     -0.0310,      0.3054,      0.1280,      5.5872,     11.1744,      1.1308,     28.4214,     56.8429,      0.0192,      0.0002,      0.0156,      0.2057,   7779.0605,-418920.1875,   -911.8547,    551.5952,  25930.2012,
       1,     168,     324,       6,       1,       3,       1,     10.0000,      1.4011,     42.6125,    248.7676,     62.6057,      3.4953,      0.0000,     -0.0310,      0.3026,      0.1269,      5.5872,     11.1744,      1.1217,     28.4214,     56.8429,      0.0192,      0.0002,      0.0156,      0.2057,   7779.0605,-418924.1875,   -911.8568,    551.5949,  25930.2012,
       1,     168,     324,       7,       1,       3,       1,     10.0000,      1.4011,     42.6125,    248.7676,     62.6057,      3.4953,      0.0000,     -0.0309,      0.2988,      0.1255,      5.5872,     11.1744,      1.1092,     28.4214,     56.8429,      0.0192,      0.0002,      0.0156,      0.2057,   7779.0605,-418921.0938,   -911.8577,    551.5951,  25930.2012,
       1,     168,     324,       8,       1,       3,       1,     10.0000,      1.4011,     42.6125,    248.7676,     62.6057,      3.4953,      0.0084,     -0.0225,      0.2988,      0.1255,      5.5872,     11.1744,      1.1092,     28.4214,     56.8429,      0.0192,      0.0002,      0.0156,      0.2057,   7779.0605,-418916.0625,   -911.8583,    551.5954,  25930.2012,
       1,     168,     324,       9,       1,       3,       1,     10.0000,      1.4011,     42.6125,    248.7676,     62.6057,      3.4953,      0.0493,      0.0182,      1.0206,      0.1297,      5.5872,     11.1744,      1.1459,     28.4214,     56.8429,      0.0192,      0.0002,      0.0513,      0.2057,   7779.0605,-418915.7500,   -911.8930,    551.5955,  25930.2012,
       1,     168,     324,      10,       1,       3,       1,     10.0000,      1.4011,     42.6125,    248.7676,     62.6057,      3.4953,      0.1246,      0.0931,      3.3895,      0.1377,      5.5872,     11.1744,      1.2166,     28.4214,     56.8429,      0.0192,      0.0003,      0.1592,      0.2057,   7779.0605,-419807.2188,   -912.3082,    551.5339,  25930.2012,
       1,     168,     324,      11,       1,       3,       1,     10.0000,      1.4011,     42.6125,    248.7676,     62.6057,      3.4953,      0.1744,      0.1425,      5.4792,      0.1514,      5.5872,     11.1744,      1.3377,     28.4214,     56.8429,      0.0192,      0.0003,      0.2309,      0.2057,   7779.0605,-422809.2812,   -913.2830,    551.3270,  25930.2012,
       1,     168,     324,      12,       1,       3,       1,     10.0000,      1.4011,     42.6125,    248.7676,     62.6057,      3.4953,      0.1793,      0.1465,      6.6790,      0.1752,      5.5872,     11.1744,      1.5483,     28.4214,     56.8429,      0.0192,      0.0003,      0.2380,      0.2057,   7779.0605,-425646.2812,   -914.5265,    551.1315,  25930.2031,
       1,     168,     324,      13,       1,       3,       1,     10.0000,      1.4011,     42.6125,    248.7676,     62.6057,      3.4953,      0.1638,      0.1311,      6.8933,      0.1752,      5.5872,     11.1744,      1.5483,     28.4214,     56.8429,      0.0192,      0.0004,      0.2155,      0.2057,   7779.0610,-427369.6250,   -916.0628,    551.0129,  25930.2012,
       1,     168,     324,      14,       1,       3,       1,     10.0000,      1.4011,     42.6125,    248.7676,     62.6057,      3.4953,      0.1484,      0.1157,      8.3335,      0.1759,      5.5872,     11.1744,      1.5545,     28.4214,     56.8429,      0.0192,      0.0005,      0.1930,      0.2057,   7779.0605,-427781.4375,   -916.9487,    550.9845,  25930.2012,
       1,     168,     324,      15,       1,       3,       1,     10.0000,      1.4011,     42.6125,    248.7676,     62.6057,      3.4953,      0.1535,      0.1207,      8.1548,      0.1807,      5.5872,     11.1744,      1.5968,     28.4214,     56.8429,      0.0192,      0.0005,      0.2005,      0.2057,   7779.0605,-429595.5938,   -917.8778,    550.8596,  25930.1992,
       1,     168,     324,      16,       1,       3,       1,     10.0000,      1.4011,     42.6125,    248.7676,     62.6057,      3.4953,      0.1398,      0.1070,     21.0845,      0.1777,      5.5872,     11.1744,      1.5700,     28.4214,     56.8429,      0.0192,      0.0014,      0.1790,      0.2057,   7779.0601,-429529.4688,   -918.6019,    550.8641,  25930.2012,
       1,     168,     324,      17,       1,       3,       1,     10.0000,      1.4011,     42.6125,    248.7676,     62.6057,      3.4953,      0.1659,      0.1328,     49.4365,      0.1849,      5.5872,     11.1744,      1.6337,     28.4214,     56.8429,      0.0192,      0.0028,      0.2137,      0.2057,   7779.0605,-445496.4688,   -922.2589,    549.7647,  25930.2012,
       1,     168,     324,      18,       1,       3,       1,     10.0000,      1.4011,     42.6125,    248.7676,     62.6057,      3.4953,      0.0601,      0.0278,     13.2747,      0.1634,      5.5872,     11.1744,      1.4437,     28.4214,     56.8429,      0.0192,      0.0025,      0.0645,      0.2057,   7779.0605,-481891.2500,   -930.0073,    547.2647,  25930.2012,
       1,     168,     324,      19,       1,       3,       1,     10.0000,      1.4011,     42.6125,    248.7676,     62.6057,      3.4953,      0.0137,     -0.0174,      0.0444,      0.1280,      5.5872,     11.1744,      1.1308,     28.4214,     56.8429,      0.0192,      0.0020,      0.0003,      0.2057,   7779.0605,-440291.3750,   -914.4772,    550.1161,  25930.2012,
       1,     168,     324,      20,       1,       3,       1,     10.0000,      1.4011,     42.6125,    248.7676,     62.6057,      3.4953,      0.0001,     -0.0306,      2.4206,      0.1193,      5.5872,     11.1744,      1.0540,     28.4214,     56.8429,      0.0192,      0.0019,      0.0156,      0.2057,   7779.0605,-420426.6875,   -910.7282,    551.4895,  25930.2031,
       1,     168,     324,      21,       1,       3,       1,     10.0000,      1.4011,     42.6125,    248.7676,     62.6057,      3.4953,      0.0000,     -0.0306,      2.0760,      0.1163,      5.5872,     11.1744,      1.0274,     28.4214,     56.8429,      0.0192,      0.0016,      0.0156,      0.2057,   7779.0610,-421667.0938,   -910.8934,    551.4058,  25930.1992,
       1,     168,     324,      22,       1,       3,       1,     10.0000,      1.4011,     42.6125,    248.7676,     62.6057,      3.4953,      0.0000,     -0.0307,      2.4532,      0.1193,      5.5872,     11.1744,      1.0540,     28.4214,     56.8429,      0.0192,      0.0019,      0.0156,      0.2057,   7779.0601,-421345.3438,   -910.6368,    551.4280,  25930.1992,
       1,     168,     324,      23,       1,       3,       1,     10.0000,      1.4011,     42.6125,    248.7676,     62.6057,      3.4953,      0.0000,     -0.0308,      1.4001,      0.1210,      5.5872,     11.1744,      1.0692,     28.4214,     56.8429,      0.0192,      0.0011,      0.0156,      0.2057,   7779.0601,-421783.8750,   -910.8183,    551.3978,  25930.2031,
       1,     168,     324,      24,       1,       3,       1,     10.0000,      1.4011,     42.6125,    248.7676,     62.6057,      3.4953,      0.0000,     -0.0308,      0.2882,      0.1216,      5.5872,     11.1744,      1.0747,     28.4214,     56.8429,      0.0192,      0.0002,      0.0156,      0.2057,   7779.0610,-420519.8438,   -910.7244,    551.4849,  25930.2012,
       1,     168,     325,       1,       1,       3,       1,     10.0000,      1.4011,     42.6128,    248.7733,     62.6072,      3.4953,      0.0000,     -0.0308,      0.2895,      0.1221,      5.5877,     11.1754,      1.0791,     28.4165,     56.8331,      0.0192,      0.0002,      0.0156,      0.2058,   7779.0605,-419192.9375,   -910.7455,    551.5893,  25931.3496,
       1,     168,     325,       2,       1,       3,       1,     10.0000,      1.4011,     42.6128,    248.7733,     62.6072,      3.4953,      0.0000,     -0.0307,      0.2845,      0.1203,      5.5877,     11.1754,      1.0627,     28.4165,     56.8331,      0.0192,      0.0002,      0.0156,      0.2058,   7779.4053,-418930.5000,   -910.0755,    551.6073,  25931.3496,
       1,     168,     325,       3,       1,       3,       1,     10.0000,      1.4011,     42.6128,    248.7733,     62.6072,      3.4953,      0.0000,     -0.0308,      0.2858,      0.1208,      5.5877,     11.1754,      1.0670,     28.4165,     56.8331,      0.0192,      0.0002,      0.0156,      0.2058,   7779.4053,-418902.0625,   -910.0719,    551.6093,  25931.3457,
       1,     168,     325,       4,       1,       3,       1,     10.0000,      1.4011,     42.6128,    248.7733,     62.6072,      3.4953,      0.0000,     -0.0307,      0.2812,      0.1190,      5.5877,     11.1754,      1.0519,     28.4165,     56.8331,      0.0192,      0.0002,      0.0156,      0.2058,   7779.4038,-418901.8125,   -910.0713,    551.6094,  25931.3496,
       1,     168,     325,       5,       1,       3,       1,     10.0000,      1.4011,     42.6128,    248.7733,     62.6072,      3.4953,      0.0000,     -0.0307,      0.2792,      0.1183,      5.5877,     11.1754,      1.0454,     28.4165,     56.8331,      0.0192,      0.0002,      0.0156,      0.2058,   7779.4053,-418895.4688,   -910.0707,    551.6098,  25931.3477,
       1,     168,     325,       6,       1,       3,       1,     10.0000,      1.4011,     42.6128,    248.7733,     62.6072,      3.4953,      0.0000,     -0.0307,      0.2838,      0.1200,      5.5877,     11.1754,      1.0605,     28.4165,     56.8331,      0.0192,      0.0002,      0.0156,      0.2058,   7779.4048,-418892.8750,   -910.0723,    551.6100,  25931.3496,
       1,     168,     325,       7,       1,       3,       1,     10.0000,      1.4011,     42.6128,    248.7733,     62.6072,      3.4953,      0.0000,     -0.0307,      0.2835,      0.1199,      5.5877,     11.1754,      1.0594,     28.4165,     56.8331,      0.0192,      0.0002,      0.0156,      0.2058,   7779.4053,-418897.9688,   -910.0740,    551.6096,  25931.3496,
       1,     168,     325,       8,       1,       3,       1,     10.0000,      1.4011,     42.6128,    248.7733,     62.6072,      3.4953,      0.0053,     -0.0254,      0.2812,      0.1190,      5.5877,     11.1754,      1.0519,     28.4165,     56.8331,      0.0192,      0.0002,      0.0156,      0.2058,   7779.4053,-418898.0312,   -910.0756,    551.6096,  25931.3477,
       1,     168,     325,       9,       1,       3,       1,     10.0000,      1.4011,     42.6128,    248.7733,     62.6072,      3.4953,      0.0832,      0.0524,      1.8634,      0.1224,      5.5877,     11.1754,      1.0813,     28.4165,     56.8331,      0.0192,      0.0002,      0.1002,      0.2058,   7779.4048,-418895.5312,   -910.0934,    551.6098,  25931.3496,
       1,     168,     325,      10,       1,       3,       1,     10.0000,      1.4011,     42.6128,    248.7733,     62.6072,      3.4953,      0.1583,      0.1268,      4.4934,      0.1396,      5.5877,     11.1754,      1.2340,     28.4165,     56.8331,      0.0192,      0.0003,      0.2077,      0.2058,   7779.4053,-420849.0312,   -910.6461,    551.4750,  25931.3496,
       1,     168,     325,      11,       1,       3,       1,     10.0000,      1.4011,     42.6128,    248.7733,     62.6072,      3.4953,      0.1756,      0.1437,      5.5463,      0.1520,      5.5877,     11.1754,      1.3431,     28.4165,     56.8331,      0.0192,      0.0003,      0.2327,      0.2058,   7779.4053,-424263.7188,   -911.8530,    551.2397,  25931.3477,
       1,     168,     325,      12,       1,       3,       1,     10.0000,      1.4011,     42.6128,    248.7733,     62.6072,      3.4953,      0.1744,      0.1417,      6.4891,      0.1754,      5.5877,     11.1754,      1.5499,     28.4165,     56.8331,      0.0192,      0.0003,      0.2310,      0.2058,   7779.4048,-425855.3125,   -912.2170,    551.1301,  25931.3496,
       1,     168,     325,      13,       1,       3,       1,     10.0000,      1.4011,     42.6128,    248.7733,     62.6072,      3.4953,      0.1875,      0.1543,      7.6419,      0.1888,      5.5877,     11.1754,      1.6682,     28.4165,     56.8331,      0.0192,      0.0004,      0.2500,      0.2058,   7779.4053,-427155.0000,   -912.6774,    551.0405,  25931.3516,
       1,     168,     325,      14,       1,       3,       1,     10.0000,      1.4011,     42.6128,    248.7733,     62.6072,      3.4953,      0.1855,      0.1523,      7.6405,      0.1907,      5.5877,     11.1754,      1.6848,     28.4165,     56.8331,      0.0192,      0.0004,      0.2471,      0.2058,   7779.4058,-428689.3438,   -914.6125,    550.9349,  25931.3496,
       1,     168,     325,      15,       1,       3,       1,     10.0000,      1.4011,     42.6128,    248.7733,     62.6072,      3.4953,      0.1626,      0.1306,     14.0051,      0.1535,      5.5877,     11.1754,      1.3567,     28.4165,     56.8331,      0.0192,      0.0008,      0.2129,      0.2058,   7779.4053,-428818.3438,   -915.6237,    550.9260,  25931.3516,
       1,     168,     325,      16,       1,       3,       1,     10.0000,      1.4011,     42.6128,    248.7733,     62.6072,      3.4953,      0.0641,      0.0326,      7.5076,      0.1411,      5.5877,     11.1754,      1.2465,     28.4165,     56.8331,      0.0192,      0.0013,      0.0715,      0.2058,   7779.4058,-436690.7812,   -915.1027,    550.3839,  25931.3496,
       1,     168,     325,      17,       1,       3,       1,     10.0000,      1.4011,     42.6128,    248.7733,     62.6072,      3.4953,      0.0886,      0.0575,     19.1585,      0.1298,      5.5877,     11.1754,      1.1471,     28.4165,     56.8331,      0.0192,      0.0022,      0.1058,      0.2057,   7779.4053,-429334.7812,   -912.3246,    550.8903,  25931.3516,
       1,     168,     325,      18,       1,       3,       1,     10.0000,      1.4011,     42.6128,    248.7733,     62.6072,      3.4953,      0.1366,      0.1053,     36.9231,      0.1362,      5.5877,     11.1754,      1.2031,     28.4165,     56.8331,      0.0192,      0.0026,      0.1728,      0.2058,   7779.4058,-443100.5000,   -915.0599,    549.9426,  25931.3516,
       1,     168,     325,      19,       1,       3,       1,     10.0000,      1.4011,     42.6128,    248.7733,     62.6072,      3.4953,      0.0609,      0.0293,     16.5633,      0.1419,      5.5877,     11.1754,      1.2541,     28.4165,     56.8331,      0.0192,      0.0031,      0.0658,      0.2057,   7779.4058,-466221.2188,   -920.2118,    548.3539,  25931.3496,
       1,     168,     325,      20,       1,       3,       1,     10.0000,      1.4011,     42.6128,    248.7733,     62.6072,      3.4953,      0.0007,     -0.0303,      1.9917,      0.1277,      5.5877,     11.1754,      1.1286,     28.4165,     56.8331,      0.0192,      0.0016,      0.0156,      0.2057,   7779.4053,-443029.7812,   -915.0798,    549.9459,  25931.3477,
       1,     168,     325,      21,       1,       3,       1,     10.0000,      1.4011,     42.6128,    248.7733,     62.6072,      3.4953,      0.0000,     -0.0309,      0.7013,      0.1250,      5.5877,     11.1754,      1.1047,     28.4165,     56.8331,      0.0192,      0.0006,      0.0156,      0.2057,   7779.4048,-423061.1875,   -911.0578,    551.3209,  25931.3496,
       1,     168,     325,      22,       1,       3,       1,     10.0000,      1.4011,     42.6128,    248.7733,     62.6072,      3.4953,      0.0000,     -0.0310,      0.3016,      0.1266,      5.5877,     11.1754,      1.1183,     28.4165,     56.8331,      0.0192,      0.0002,      0.0156,      0.2058,   7779.4053,-419770.5938,   -910.5004,    551.5494,  25931.3496,
       1,     168,     325,      23,       1,       3,       1,     10.0000,      1.4011,     42.6128,    248.7733,     62.6072,      3.4953,      0.0000,     -0.0308,      0.2912,      0.1227,      5.5877,     11.1754,      1.0846,     28.4165,     56.8331,      0.0192,      0.0002,      0.0156,      0.2058,   7779.4053,-418994.6562,   -910.3634,    551.6030,  25931.3496,
       1,     168,     325,      24,       1,       3,       1,     10.0000,      1.4011,     42.6128,    248.7733,     62.6072,      3.4953,      0.0000,     -0.0307,      0.3191,      0.1193,      5.5877,     11.1754,      1.0540,     28.4165,     56.8331,      0.0192,      0.0003,      0.0156,      0.2058,   7779.4053,-418915.7500,   -910.0728,    551.6084,  25931.3477,
       1,     168,     326,       1,       1,       3,       1,     10.0000,      1.4011,     42.6131,    248.7792,     62.6086,      3.4953,      0.0000,     -0.0306,      0.3040,      0.1181,      5.5872,     11.1745,      1.0433,     28.4143,     56.8285,      0.0192,      0.0002,      0.0156,      0.2058,   7779.4048,-419097.2188,   -910.3669,    551.6087,  25932.4922,
       1,     168,     326,       2,       1,       3,       1,     10.0000,      1.4011,     42.6131,    248.7792,     62.6086,      3.4953,      0.0000,     -0.0306,      0.2770,      0.1175,      5.5872,     11.1745,      1.0380,     28.4143,     56.8285,      0.0192,      0.0002,      0.0156,      0.2058,   7779.7480,-418943.7188,   -910.0823,    551.6193,  25932.4961,
       1,     168,     326,       3,       1,       3,       1,     10.0000,      1.4011,     42.6131,    248.7792,     62.6086,      3.4953,      0.0000,     -0.0306,      0.2738,      0.1163,      5.5872,     11.1745,      1.0274,     28.4143,     56.8285,      0.0192,      0.0002,      0.0156,      0.2058,   7779.7490,-418896.7500,   -910.0687,    551.6225,  25932.4941,
       1,     168,     326,       4,       1,       3,       1,     10.0000,      1.4011,     42.6131,    248.7792,     62.6086,      3.4953,      0.0000,     -0.0305,      0.2693,      0.1146,      5.5872,     11.1745,      1.0128,     28.4143,     56.8285,      0.0192,      0.0002,      0.0156,      0.2058,   7779.7485,-418889.0938,   -910.0681,    551.6230,  25932.4922,
       1,     168,     326,       5,       1,       3,       1,     10.0000,      1.4011,     42.6131,    248.7792,     62.6086,      3.4953,      0.0000,     -0.0305,      0.2696,      0.1147,      5.5872,     11.1745,      1.0138,     28.4143,     56.8285,      0.0192,      0.0002,      0.0156,      0.2058,   7779.7480,-418883.2188,   -910.0673,    551.6235,  25932.4941,
       1,     168,     326,       6,       1,       3,       1,     10.0000,      1.4011,     42.6131,    248.7792,     62.6086,      3.4953,      0.0000,     -0.0305,      0.2703,      0.1150,      5.5872,     11.1745,      1.0159,     28.4143,     56.8285,      0.0192,      0.0002,      0.0156,      0.2058,   7779.7485,-418882.8125,   -910.0669,    551.6234,  25932.4922,
       1,     168,     326,       7,       1,       3,       1,     10.0000,      1.4011,     42.6131,    248.7792,     62.6086,      3.4953,      0.0000,     -0.0305,      0.2712,      0.1153,      5.5872,     11.1745,      1.0190,     28.4143,     56.8285,      0.0192,      0.0002,      0.0156,      0.2058,   7779.7480,-418883.8750,   -910.0674,    551.6234,  25932.4941,
       1,     168,     326,       8,       1,       3,       1,     10.0000,      1.4011,     42.6131,    248.7792,     62.6086,      3.4953,      0.0013,     -0.0293,      0.2734,      0.1162,      5.5872,     11.1745,      1.0264,     28.4143,     56.8285,      0.0192,      0.0002,      0.0156,      0.2058,   7779.7485,-418884.8750,   -910.0673,    551.6234,  25932.4941,
       1,     168,     326,       9,       1,       3,       1,     10.0000,      1.4011,     42.6131,    248.7792,     62.6086,      3.4953,      0.0081,     -0.0223,      0.2665,      0.1136,      5.5872,     11.1745,      1.0035,     28.4143,     56.8285,      0.0192,      0.0002,      0.0156,      0.2058,   7779.7485,-418887.6875,   -910.0703,    551.6231,  25932.4941,
       1,     168,     326,      10,       1,       3,       1,     10.0000,      1.4011,     42.6131,    248.7792,     62.6086,      3.4953,      0.0236,     -0.0068,      0.2594,      0.1128,      5.5872,     11.1745,      0.9963,     28.4143,     56.8285,      0.0192,      0.0002,      0.0153,      0.2058,   7779.7485,-418879.4062,   -910.0807,    551.6237,  25932.4941,
       1,     168,     326,      11,       1,       3,       1,     10.0000,      1.4011,     42.6131,    248.7792,     62.6086,      3.4953,      0.1076,      0.0769,      2.4167,      0.1182,      5.5872,     11.1745,      1.0444,     28.4143,     56.8285,      0.0192,      0.0002,      0.1352,      0.2058,   7779.7485,-418869.8438,   -910.1088,    551.6244,  25932.4941,
       1,     168,     326,      12,       1,       3,       1,     10.0000,      1.4011,     42.6131,    248.7792,     62.6086,      3.4953,      0.1366,      0.1055,      3.5165,      0.1298,      5.5872,     11.1745,      1.1471,     28.4143,     56.8285,      0.0192,      0.0002,      0.1767,      0.2058,   7779.7485,-421533.0312,   -910.8422,    551.4407,  25932.4961,
       1,     168,     326,      13,       1,       3,       1,     10.0000,      1.4011,     42.6131,    248.7792,     62.6086,      3.4953,      0.1243,      0.0932,      3.2124,      0.1315,      5.5872,     11.1745,      1.1624,     28.4143,     56.8285,      0.0192,      0.0002,      0.1590,      0.2058,   7779.7490,-423117.8438,   -911.2826,    551.3315,  25932.4941,
       1,     168,     326,      14,       1,       3,       1,     10.0000,      1.4011,     42.6131,    248.7792,     62.6086,      3.4953,      0.0727,      0.0419,      1.5793,      0.1220,      5.5872,     11.1745,      1.0780,     28.4143,     56.8285,      0.0192,      0.0002,      0.0852,      0.2058,   7779.7485,-422877.4375,   -911.1215,    551.3481,  25932.4922,
       1,     168,     326,      15,       1,       3,       1,     10.0000,      1.4011,     42.6131,    248.7792,     62.6086,      3.4953,      0.0820,      0.0512,      1.8039,      0.1208,      5.5872,     11.1745,      1.0670,     28.4143,     56.8285,      0.0192,      0.0002,      0.0985,      0.2058,   7779.7480,-420840.5000,   -910.5452,    551.4885,  25932.4941,
       1,     168,     326,      16,       1,       3,       1,     10.0000,      1.4011,     42.6131,    248.7792,     62.6086,      3.4953,      0.0715,      0.0408,      1.5373,      0.1213,      5.5872,     11.1745,      1.0714,     28.4143,     56.8285,      0.0192,      0.0002,      0.0835,      0.2058,   7779.7485,-420944.3125,   -910.5828,    551.4813,  25932.4941,
       1,     168,     326,      17,       1,       3,       1,     10.0000,      1.4011,     42.6131,    248.7792,     62.6086,      3.4953,      0.0618,      0.0310,      1.9621,      0.1201,      5.5872,     11.1745,      1.0616,     28.4143,     56.8285,      0.0192,      0.0003,      0.0695,      0.2058,   7779.7485,-420623.8750,   -910.5145,    551.5034,  25932.4922,
       1,     168,     326,      18,       1,       3,       1,     10.0000,      1.4011,     42.6131,    248.7792,     62.6086,      3.4953,      0.0256,     -0.0050,      0.4095,      0.1169,      5.5872,     11.1745,      1.0327,     28.4143,     56.8285,      0.0192,      0.0003,      0.0180,      0.2058,   7779.7480,-421121.3125,   -910.6122,    551.4691,  25932.4941,
       1,     168,     326,      19,       1,       3,       1,     10.0000,      1.4011,     42.6131,    248.7792,     62.6086,      3.4953,      0.0059,     -0.0247,      0.2750,      0.1168,      5.5872,     11.1745,      1.0316,     28.4143,     56.8285,      0.0192,      0.0002,      0.0156,      0.2058,   7779.7485,-419246.1250,   -910.1942,    551.5983,  25932.4941,
       1,     168,     326,      20,       1,       3,       1,     10.0000,      1.4011,     42.6131,    248.7792,     62.6086,      3.4953,      0.0001,     -0.0305,      0.2709,      0.1152,      5.5872,     11.1745,      1.0180,     28.4143,     56.8285,      0.0192,      0.0002,      0.0156,      0.2058,   7779.7485,-418920.5625,   -910.0848,    551.6208,  25932.4961,
       1,     168,     326,      21,       1,       3,       1,     10.0000,      1.4011,     42.6131,    248.7792,     62.6086,      3.4953,      0.0000,     -0.0305,      0.2684,      0.1143,      5.5872,     11.1745,      1.0097,     28.4143,     56.8285,      0.0192,      0.0002,      0.0156,      0.2058,   7779.7490,-418887.2188,   -910.0673,    551.6231,  25932.4941,
       1,     168,     326,      22,       1,       3,       1,     10.0000,      1.4011,     42.6131,    248.7792,     62.6086,      3.4953,      0.0000,     -0.0303,      0.2555,      0.1094,      5.5872,     11.1745,      0.9671,     28.4143,     56.8285,      0.0192,      0.0002,      0.0156,      0.2058,   7779.7485,-418881.7812,   -910.0667,    551.6236,  25932.4922,
       1,     168,     326,      23,       1,       3,       1,     10.0000,      1.4011,     42.6131,    248.7792,     62.6086,      3.4953,      0.0000,     -0.0301,      0.2469,      0.1062,      5.5872,     11.1745,      0.9386,     28.4143,     56.8285,      0.0192,      0.0002,      0.0156,      0.2058,   7779.7480,-418865.4375,   -910.0641,    551.6247,  25932.4941,
       1,     168,     326,      24,       1,       3,       1,     10.0000,      1.4011,     42.6131,    248.7792,     62.6086,      3.4953,      0.0000,     -0.0301,      0.2441,      0.1051,      5.5872,     11.1745,      0.9290,     28.4143,     56.8285,      0.0192,      0.0002,      0.0156,      0.2058,   7779.7485,-418853.3125,   -910.0615,    551.6255,  25932.4941,
       1,     168,     327,       1,       1,       3,       1,     10.0000,      1.4012,     42.6135,    248.7849,     62.6101,      3.4953,      0.0000,     -0.0300,      0.2418,      0.1043,      5.5893,     11.1785,      0.9214,     28.3936,     56.7872,      0.0192,      0.0002,      0.0156,      0.2058,   7779.7485,-419002.5938,   -910.3437,    551.6282,  25933.6406,
       1,     168,     327,       2,       1,       3,       1,     10.0000,      1.4012,     42.6135,    248.7849,     62.6101,      3.4953,      0.0000,     -0.0304,      0.2609,      0.1115,      5.5893,     11.1785,      0.9851,     28.3936,     56.7872,      0.0192,      0.0002,      0.0156,      0.2058,   7780.0923,-418861.4375,   -910.0621,    551.6380,  25933.6387,
       1,     168,     327,       3,       1,       3,       1,     10.0000,      1.4012,     42.6135,    248.7849,     62.6101,      3.4953,      0.0000,     -0.0307,      0.2839,      0.1200,      5.5893,     11.1785,      1.0606,     28.3936,     56.7872,      0.0192,      0.0002,      0.0156,      0.2058,   7780.0918,-418873.4688,   -910.0651,    551.6372,  25933.6406,
       1,     168,     327,       4,       1,       3,       1,     10.0000,      1.4012,     42.6135,    248.7849,     62.6101,      3.4953,      0.0000,     -0.0310,      0.3030,      0.1271,      5.5893,     11.1785,      1.1229,     28.3936,     56.7872,      0.0192,      0.0002,      0.0156,      0.2058,   7780.0923,-418902.4062,   -910.0697,    551.6352,  25933.6426,
       1,     168,     327,       5,       1,       3,       1,     10.0000,      1.4012,     42.6135,    248.7849,     62.6101,      3.4953,      0.0000,     -0.0309,      0.2964,      0.1246,      5.5893,     11.1785,      1.1014,     28.3936,     56.7872,      0.0192,      0.0002,      0.0156,      0.2058,   7780.0933,-418928.2500,   -910.0740,    551.6334,  25933.6406,
       1,     168,     327,       6,       1,       3,       1,     10.0000,      1.4012,     42.6135,    248.7849,     62.6101,      3.4953,      0.0000,     -0.0310,      0.3026,      0.1269,      5.5893,     11.1785,      1.1217,     28.3936,     56.7872,      0.0192,      0.0002,      0.0156,      0.2058,   7780.0923,-418922.4688,   -910.0733,    551.6338,  25933.6406,
       1,     168,     327,       7,       1,       3,       1,     10.0000,      1.4012,     42.6135,    248.7849,     62.6101,      3.4953,      0.0000,     -0.0310,      0.3040,      0.1275,      5.5893,     11.1785,      1.1263,     28.3936,     56.7872,      0.0192,      0.0002,      0.0156,      0.2058,   7780.0923,-418929.7500,   -910.0746,    551.6333,  25933.6387,
       1,     168,     327,       8,       1,       3,       1,     10.0000,      1.4012,     42.6135,    248.7849,     62.6101,      3.4953,      0.0002,     -0.0309,      0.3055,      0.1280,      5.5893,     11.1785,      1.1309,     28.3936,     56.7872,      0.0192,      0.0002,      0.0156,      0.2058,   7780.0918,-418932.4375,   -910.0759,    551.6331,  25933.6406,
       1,     168,     327,       9,       1,       3,       1,     10.0000,      1.4012,     42.6135,    248.7849,     62.6101,      3.4953,      0.0064,     -0.0246,      0.3016,      0.1266,      5.5893,     11.1785,      1.1183,     28.3936,     56.7872,      0.0192,      0.0002,      0.0156,      0.2058,   7780.0923,-418934.1250,   -910.0759,    551.6330,  25933.6406,
       1,     168,     327,      10,       1,       3,       1,     10.0000,      1.4012,     42.6135,    248.7849,     62.6101,      3.4953,      0.0095,     -0.0208,      0.2612,      0.1116,      5.5893,     11.1785,      0.9862,     28.3936,     56.7872,      0.0192,      0.0002,      0.0156,      0.2058,   7780.0923,-418929.4688,   -910.0871,    551.6334,  25933.6406,
       1,     168,     327,      11,       1,       3,       1,     10.0000,      1.4012,     42.6135,    248.7849,     62.6101,      3.4953,      0.0473,      0.0173,      0.7566,      0.1030,      5.5893,     11.1785,      0.9101,     28.3936,     56.7872,      0.0192,      0.0002,      0.0495,      0.2058,   7780.0923,-418879.1875,   -910.0807,    551.6368,  25933.6406,
       1,     168,     327,      12,       1,       3,       1,     10.0000,      1.4012,     42.6135,    248.7849,     62.6101,      3.4953,      0.0834,      0.0533,      1.6079,      0.1068,      5.5893,     11.1785,      0.9435,     28.3936,     56.7872,      0.0192,      0.0002,      0.1010,      0.2058,   7780.0923,-419486.6875,   -910.2425,    551.5949,  25933.6406,
       1,     168,     327,      13,       1,       3,       1,     10.0000,      1.4012,     42.6135,    248.7849,     62.6101,      3.4953,      0.1107,      0.0804,      2.3043,      0.1100,      5.5893,     11.1785,      0.9721,     28.3936,     56.7872,      0.0192,      0.0002,      0.1399,      0.2058,   7780.0923,-420589.4375,   -910.5012,    551.5189,  25933.6406,
       1,     168,     327,      14,       1,       3,       1,     10.0000,      1.4012,     42.6135,    248.7849,     62.6101,      3.4953,      0.1305,      0.1000,      2.8870,      0.1142,      5.5893,     11.1785,      1.0087,     28.3936,     56.7872,      0.0192,      0.0002,      0.1680,      0.2058,   7780.0923,-421543.2500,   -910.7382,    551.4531,  25933.6406,
       1,     168,     327,      15,       1,       3,       1,     10.0000,      1.4012,     42.6135,    248.7849,     62.6101,      3.4953,      0.0990,      0.0686,      2.1169,      0.1143,      5.5893,     11.1785,      1.0097,     28.3936,     56.7872,      0.0192,      0.0002,      0.1230,      0.2058,   7780.0923,-422344.0625,   -910.9484,    551.3979,  25933.6406,
       1,     168,     327,      16,       1,       3,       1,     10.0000,      1.4012,     42.6135,    248.7849,     62.6101,      3.4953,      0.0805,      0.0500,      1.6621,      0.1144,      5.5893,     11.1785,      1.0107,     28.3936,     56.7872,      0.0192,      0.0002,      0.0965,      0.2058,   7780.0923,-421461.1875,   -910.7056,    551.4587,  25933.6406,
       1,     168,     327,      17,       1,       3,       1,     10.0000,      1.4012,     42.6135,    248.7849,     62.6101,      3.4953,      0.1126,      0.0821,      2.4684,      0.1150,      5.5893,     11.1785,      1.0159,     28.3936,     56.7872,      0.0192,      0.0002,      0.1425,      0.2058,   7780.0923,-420824.5312,   -910.5586,    551.5026,  25933.6406,
       1,     168,     327,      18,       1,       3,       1,     10.0000,      1.4012,     42.6135,    248.7849,     62.6101,      3.4953,      0.0523,      0.0219,      0.9514,      0.1124,      5.5893,     11.1785,      0.9933,     28.3936,     56.7872,      0.0192,      0.0002,      0.0564,      0.2058,   7780.0923,-421765.9375,   -910.7971,    551.4378,  25933.6387,
       1,     168,     327,      19,       1,       3,       1,     10.0000,      1.4012,     42.6135,    248.7849,     62.6101,      3.4953,      0.0202,     -0.0101,      0.1749,      0.1106,      5.5893,     11.1785,      0.9771,     28.3936,     56.7872,      0.0192,      0.0002,      0.0106,      0.2058,   7780.0918,-419973.2188,   -910.3517,    551.5613,  25933.6387,
       1,     168,     327,      20,       1,       3,       1,     10.0000,      1.4012,     42.6135,    248.7849,     62.6101,      3.4953,      0.0005,     -0.0298,      0.2579,      0.1103,      5.5893,     11.1785,      0.9751,     28.3936,     56.7872,      0.0192,      0.0002,      0.0156,      0.2058,   7780.0918,-418861.8125,   -910.0974,    551.6380,  25933.6406,
       1,     168,     327,      21,       1,       3,       1,     10.0000,      1.4012,     42.6135,    248.7849,     62.6101,      3.4953,      0.0000,     -0.0304,      0.2616,      0.1117,      5.5893,     11.1785,      0.9872,     28.3936,     56.7872,      0.0192,      0.0002,      0.0156,      0.2058,   7780.0923,-418869.3438,   -910.1002,    551.6375,  25933.6406,
       1,     168,     327,      22,       1,       3,       1,     10.0000,      1.4012,     42.6135,    248.7849,     62.6101,      3.4953,      0.0000,     -0.0304,      0.2694,      0.1130,      5.5893,     11.1785,      0.9984,     28.3936,     56.7872,      0.0192,      0.0002,      0.0156,      0.2058,   7780.0923,-418874.4688,   -910.0646,    551.6371,  25933.6406,
       1,     168,     327,      23,       1,       3,       1,     10.0000,      1.4012,     42.6135,    248.7849,     62.6101,      3.4953,      0.0000,     -0.0303,      0.2594,      0.1109,      5.5893,     11.1785,      0.9801,     28.3936,     56.7872,      0.0192,      0.0002,      0.0156,      0.2058,   7780.0923,-418884.6250,   -910.0673,    551.6364,  25933.6406,
       1,     168,     327,      24,       1,       3,       1,     10.0000,      1.4012,     42.6135,    248.7849,     62.6101,      3.4953,      0.0000,     -0.0304,      0.2634,      0.1124,      5.5893,     11.1785,      0.9933,     28.3936,     56.7872,      0.0192,      0.0002,      0.0156,      0.2058,   7780.0923,-418873.1250,   -910.0643,    551.6372,  25933.6426,
       1,     168,     328,       1,       1,       3,       1,     10.0000,      1.4012,     42.6138,    248.7907,     62.6116,      3.4953,      0.0000,     -0.0304,      0.2628,      0.1122,      5.5890,     11.1780,      0.9913,     28.3737,     56.7473,      0.0192,      0.0002,      0.0156,      0.2058,   7780.0933,-419030.5312,   -910.3475,    551.6393,  25934.7852,
       1,     168,     328,       2,       1,       3,       1,     10.0000,      1.4012,     42.6138,    248.7907,     62.6116,      3.4953,      0.0000,     -0.0303,      0.2597,      0.1110,      5.5890,     11.1780,      0.9811,     28.3737,     56.7473,      0.0192,      0.0002,      0.0156,      0.2058,   7780.4360,-418892.8125,   -910.0752,    551.6489,  25934.7871,
       1,     168,     328,       3,       1,       3,       1,     10.0000,      1.4012,     42.6138,    248.7907,     62.6116,      3.4953,      0.0000,     -0.0303,      0.2558,      0.1096,      5.5890,     11.1780,      0.9681,     28.3737,     56.7473,      0.0192,      0.0002,      0.0156,      0.2058,   7780.4365,-418877.0938,   -910.0735,    551.6499,  25934.7871,
       1,     168,     328,       4,       1,       3,       1,     10.0000,      1.4012,     42.6138,    248.7907,     62.6116,      3.4953,      0.0000,     -0.0302,      0.2510,      0.1078,      5.5890,     11.1780,      0.9523,     28.3737,     56.7473,      0.0192,      0.0002,      0.0156,      0.2058,   7780.4365,-418871.0000,   -910.0738,    551.6503,  25934.7871,
       1,     168,     328,       5,       1,       3,       1,     10.0000,      1.4012,     42.6138,    248.7907,     62.6116,      3.4953,      0.0000,     -0.0302,      0.2499,      0.1073,      5.5890,     11.1780,      0.9484,     28.3737,     56.7473,      0.0192,      0.0002,      0.0156,      0.2058,   7780.4365,-418864.5625,   -910.0622,    551.6508,  25934.7852,
       1,     168,     328,       6,       1,       3,       1,     10.0000,      1.4012,     42.6138,    248.7907,     62.6116,      3.4953,      0.0000,     -0.0301,      0.2472,      0.1063,      5.5890,     11.1780,      0.9396,     28.3737,     56.7473,      0.0192,      0.0002,      0.0156,      0.2058,   7780.4360,-418862.7500,   -910.0635,    551.6509,  25934.7871,
       1,     168,     328,       7,       1,       3,       1,     10.0000,      1.4012,     42.6138,    248.7907,     62.6116,      3.4953,      0.0000,     -0.0301,      0.2435,      0.1049,      5.5890,     11.1780,      0.9271,     28.3737,     56.7473,      0.0192,      0.0002,      0.0156,      0.2058,   7780.4365,-418859.1562,   -910.0640,    551.6511,  25934.7871,
       1,     168,     328,       8,       1,       3,       1,     10.0000,      1.4012,     42.6138,    248.7907,     62.6116,      3.4953,      0.0082,     -0.0220,      0.2464,      0.1060,      5.5890,     11.1780,      0.9367,     28.3737,     56.7473,      0.0192,      0.0002,      0.0156,      0.2058,   7780.4365,-418854.2812,   -910.0643,    551.6515,  25934.7852,
       1,     168,     328,       9,       1,       3,       1,     10.0000,      1.4012,     42.6138,    248.7907,     62.6116,      3.4953,      0.0456,      0.0153,      0.7756,      0.1107,      5.5890,     11.1780,      0.9781,     28.3737,     56.7473,      0.0192,      0.0002,      0.0468,      0.2058,   7780.4360,-418857.5000,   -910.0908,    551.6512,  25934.7891,
       1,     168,     328,      10,       1,       3,       1,     10.0000,      1.4012,     42.6138,    248.7907,     62.6116,      3.4953,      0.0883,      0.0576,      1.9339,      0.1188,      5.5890,     11.1780,      1.0498,     28.3737,     56.7473,      0.0192,      0.0002,      0.1075,      0.2058,   7780.4370,-419510.9062,   -910.3276,    551.6062,  25934.7891,
       1,     168,     328,      11,       1,       3,       1,     10.0000,      1.4012,     42.6138,    248.7907,     62.6116,      3.4953,      0.1270,      0.0961,      3.1573,      0.1268,      5.5890,     11.1780,      1.1206,     28.3737,     56.7473,      0.0192,      0.0002,      0.1629,      0.2058,   7780.4370,-420996.4688,   -910.8851,    551.5037,  25934.7871,
       1,     168,     328,      12,       1,       3,       1,     10.0000,      1.4012,     42.6138,    248.7907,     62.6116,      3.4953,      0.1667,      0.1355,      4.4417,      0.1316,      5.5890,     11.1780,      1.1624,     28.3737,     56.7473,      0.0192,      0.0002,      0.2198,      0.2058,   7780.4365,-422633.7188,   -911.4418,    551.3909,  25934.7871,
       1,     168,     328,      13,       1,       3,       1,     10.0000,      1.4012,     42.6138,    248.7907,     62.6116,      3.4953,      0.1631,      0.1316,      4.6485,      0.1398,      5.5890,     11.1780,      1.2353,     28.3737,     56.7473,      0.0192,      0.0003,      0.2146,      0.2058,   7780.4365,-424358.7812,   -912.0173,    551.2720,  25934.7891,
       1,     168,     328,      14,       1,       3,       1,     10.0000,      1.4012,     42.6138,    248.7907,     62.6116,      3.4953,      0.1687,      0.1373,      4.7860,      0.1388,      5.5890,     11.1780,      1.2266,     28.3737,     56.7473,      0.0192,      0.0003,      0.2227,      0.2058,   7780.4370,-424760.7500,   -912.8898,    551.2443,  25934.7891,
       1,     168,     328,      15,       1,       3,       1,     10.0000,      1.4012,     42.6138,    248.7907,     62.6116,      3.4953,      0.1851,      0.1532,      7.8558,      0.1528,      5.5890,     11.1780,      1.3500,     28.3737,     56.7473,      0.0192,      0.0004,      0.2462,      0.2058,   7780.4370,-424964.8438,   -911.9449,    551.2303,  25934.7871,
       1,     168,     328,      16,       1,       3,       1,     10.0000,      1.4012,     42.6138,    248.7907,     62.6116,      3.4953,      0.1246,      0.0930,      8.1010,      0.1424,      5.5890,     11.1780,      1.2580,     28.3737,     56.7473,      0.0192,      0.0006,      0.1587,      0.2058,   7780.4365,-428772.5938,   -912.8875,    550.9679,  25934.7852,
       1,     168,     328,      17,       1,       3,       1,     10.0000,      1.4012,     42.6138,    248.7907,     62.6116,      3.4953,      0.1236,      0.0919,      7.2711,      0.1459,      5.5890,     11.1780,      1.2889,     28.3737,     56.7473,      0.0192,      0.0006,      0.1573,      0.2058,   7780.4360,-429399.8125,   -912.6424,    550.9247,  25934.7871,
       1,     168,     328,      18,       1,       3,       1,     10.0000,      1.4012,     42.6138,    248.7907,     62.6116,      3.4953,      0.0506,      0.0195,      2.3467,      0.1305,      5.5890,     11.1780,      1.1530,     28.3737,     56.7473,      0.0192,      0.0005,      0.0531,      0.2058,   7780.4365,-428428.2500,   -913.0266,    550.9917,  25934.7871,
       1,     168,     328,      19,       1,       3,       1,     10.0000,      1.4012,     42.6138,    248.7907,     62.6116,      3.4953,      0.0107,     -0.0202,      0.6557,      0.1239,      5.5890,     11.1780,      1.0947,     28.3737,     56.7473,      0.0192,      0.0005,      0.0156,      0.2058,   7780.4365,-422265.0000,   -910.8897,    551.4162,  25934.7871,
       1,     168,     328,      20,       1,       3,       1,     10.0000,      1.4012,     42.6138,    248.7907,     62.6116,      3.4953,      0.0002,     -0.0306,      1.4873,      0.1219,      5.5890,     11.1780,      1.0770,     28.3737,     56.7473,      0.0192,      0.0012,      0.0156,      0.2058,   7780.4365,-419653.1562,   -910.2838,    551.5964,  25934.7871,
       1,     168,     328,      21,       1,       3,       1,     10.0000,      1.4012,     42.6138,    248.7907,     62.6116,      3.4953,      0.0000,     -0.0306,      0.4305,      0.1186,      5.5890,     11.1780,      1.0476,     28.3737,     56.7473,      0.0192,      0.0003,      0.0156,      0.2058,   7780.4365,-420457.5000,   -910.4630,    551.5409,  25934.7852,
       1,     168,     328,      22,       1,       3,       1,     10.0000,      1.4012,     42.6138,    248.7907,     62.6116,      3.4953,      0.0000,     -0.0305,      0.7451,      0.1149,      5.5890,     11.1780,      1.0149,     28.3737,     56.7473,      0.0192,      0.0006,      0.0156,      0.2058,   7780.4360,-419221.3750,   -910.1501,    551.6262,  25934.7852,
       1,     168,     328,      23,       1,       3,       1,     10.0000,      1.4012,     42.6138,    248.7907,     62.6116,      3.4953,      0.0000,     -0.0306,      0.3151,      0.1171,      5.5890,     11.1780,      1.0349,     28.3737,     56.7473,      0.0192,      0.0002,      0.0156,      0.2058,   7780.4360,-419504.6250,   -910.2448,    551.6066,  25934.7891,
       1,     168,     328,      24,       1,       3,       1,     10.0000,      1.4012,     42.6138,    248.7907,     62.6116,      3.4953,      0.0000,     -0.0306,      0.2789,      0.1182,      5.5890,     11.1780,      1.0444,     28.3737,     56.7473,      0.0192,      0.0002,      0.0156,      0.2058,   7780.4370,-418997.4375,   -910.1607,    551.6416,  25934.7891,
       1,     168,     329,       1,       1,       3,       1,     10.0000,      1.4012,     42.6141,    248.7965,     62.6131,      3.4953,      0.0000,     -0.0307,      0.2816,      0.1192,      5.5884,     11.1768,      1.0530,     28.3663,     56.7325,      0.0192,      0.0002,      0.0156,      0.2059,   7780.4370,-419063.1875,   -910.4293,    551.6500,  25935.9336,
       1,     168,     329,       2,       1,       3,       1,     10.0000,      1.4012,     42.6141,    248.7965,     62.6131,      3.4953,      0.0000,     -0.0307,      0.2829,      0.1197,      5.5884,     11.1768,      1.0574,     28.3663,     56.7325,      0.0192,      0.0002,      0.0156,      0.2059,   7780.7803,-418921.5000,   -910.0720,    551.6598,  25935.9336,
       1,     168,     329,       3,       1,       3,       1,     10.0000,      1.4012,     42.6141,    248.7965,     62.6131,      3.4953,      0.0000,     -0.0306,      0.2796,      0.1184,      5.5884,     11.1768,      1.0466,     28.3663,     56.7325,      0.0192,      0.0002,      0.0156,      0.2059,   7780.7803,-418911.0312,   -910.0717,    551.6605,  25935.9336,
       1,     168,     329,       4,       1,       3,       1,     10.0000,      1.4012,     42.6141,    248.7965,     62.6131,      3.4953,      0.0000,     -0.0306,      0.2773,      0.1176,      5.5884,     11.1768,      1.0391,     28.3663,     56.7325,      0.0192,      0.0002,      0.0156,      0.2059,   7780.7803,-418906.2188,   -910.0723,    551.6608,  25935.9355,
       1,     168,     329,       5,       1,       3,       1,     10.0000,      1.4012,     42.6141,    248.7965,     62.6131,      3.4953,      0.0000,     -0.0306,      0.2741,      0.1164,      5.5884,     11.1768,      1.0285,     28.3663,     56.7325,      0.0192,      0.0002,      0.0156,      0.2059,   7780.7808,-418902.7188,   -910.0727,    551.6610,  25935.9355,
       1,     168,     329,       6,       1,       3,       1,     10.0000,      1.4012,     42.6141,    248.7965,     62.6131,      3.4953,      0.0000,     -0.0305,      0.2715,      0.1155,      5.5884,     11.1768,      1.0202,     28.3663,     56.7325,      0.0192,      0.0002,      0.0156,      0.2059,   7780.7808,-418898.5000,   -910.0734,    551.6613,  25935.9336,
       1,     168,     329,       7,       1,       3,       1,     10.0000,      1.4012,     42.6141,    248.7965,     62.6131,      3.4953,      0.0000,     -0.0305,      0.2738,      0.1163,      5.5884,     11.1768,      1.0275,     28.3663,     56.7325,      0.0192,      0.0002,      0.0156,      0.2059,   7780.7803,-418895.1875,   -910.0746,    551.6616,  25935.9316,
       1,     168,     329,       8,       1,       3,       1,     10.0000,      1.4012,     42.6141,    248.7965,     62.6131,      3.4953,      0.0058,     -0.0247,      0.2722,      0.1157,      5.5884,     11.1768,      1.0222,     28.3663,     56.7325,      0.0192,      0.0002,      0.0156,      0.2059,   7780.7798,-418897.8438,   -910.0768,    551.6614,  25935.9316,
       1,     168,     329,       9,       1,       3,       1,     10.0000,      1.4012,     42.6141,    248.7965,     62.6131,      3.4953,      0.0959,      0.0649,      2.3024,      0.1273,      5.5884,     11.1768,      1.1252,     28.3663,     56.7325,      0.0192,      0.0002,      0.1183,      0.2059,   7780.7798,-418896.0000,   -910.1024,    551.6616,  25935.9355,
       1,     168,     329,      10,       1,       3,       1,     10.0000,      1.4012,     42.6141,    248.7965,     62.6131,      3.4953,      0.1519,      0.1200,      4.7702,      0.1531,      5.5884,     11.1768,      1.3527,     28.3663,     56.7325,      0.0192,      0.0003,      0.1985,      0.2059,   7780.7808,-421401.7812,   -910.9351,    551.4888,  25935.9355,
       1,     168,     329,      11,       1,       3,       1,     10.0000,      1.4012,     42.6141,    248.7965,     62.6131,      3.4953,      0.1876,      0.1549,      6.9836,      0.1745,      5.5884,     11.1768,      1.5423,     28.3663,     56.7325,      0.0192,      0.0003,      0.2500,      0.2059,   7780.7808,-424661.5625,   -912.4857,    551.2640,  25935.9336,
       1,     168,     329,      12,       1,       3,       1,     10.0000,      1.4012,     42.6141,    248.7965,     62.6131,      3.4953,      0.1875,      0.1543,      7.8008,      0.1922,      5.5884,     11.1768,      1.6983,     28.3663,     56.7325,      0.0192,      0.0004,      0.2500,      0.2059,   7780.7803,-427671.9375,   -914.5356,    551.0567,  25935.9336,
       1,     168,     329,      13,       1,       3,       1,     10.0000,      1.4012,     42.6141,    248.7965,     62.6131,      3.4953,      0.1875,      0.1539,      8.3038,      0.2029,      5.5884,     11.1768,      1.7932,     28.3663,     56.7325,      0.0192,      0.0004,      0.2500,      0.2059,   7780.7803,-428936.9688,   -916.3642,    550.9695,  25935.9336,
       1,     168,     329,      14,       1,       3,       1,     10.0000,      1.4012,     42.6141,    248.7965,     62.6131,      3.4953,      0.1877,      0.1538,     12.8781,      0.2159,      5.5884,     11.1768,      1.9080,     28.3663,     56.7325,      0.0192,      0.0006,      0.2500,      0.2059,   7780.7803,-429665.7188,   -918.0075,    550.9194,  25935.9336,
       1,     168,     329,      15,       1,       3,       1,     10.0000,      1.4012,     42.6141,    248.7965,     62.6131,      3.4953,      0.1897,      0.1557,     37.4319,      0.2172,      5.5884,     11.1768,      1.9193,     28.3663,     56.7325,      0.0192,      0.0018,      0.2500,      0.2059,   7780.7803,-435375.2500,   -920.7043,    550.5261,  25935.9336,
       1,     168,     329,      16,       1,       3,       1,     10.0000,      1.4012,     42.6141,    248.7965,     62.6131,      3.4953,      0.1913,      0.1568,     59.6183,      0.2361,      5.5884,     11.1768,      2.0859,     28.3663,     56.7325,      0.0192,      0.0029,      0.2500,      0.2059,   7780.7803,-466179.0938,   -927.6240,    548.4065,  25935.9336,
       1,     168,     329,      17,       1,       3,       1,     10.0000,      1.4012,     42.6141,    248.7965,     62.6131,      3.4953,      0.1771,      0.1428,     71.7820,      0.2290,      5.5884,     11.1768,      2.0237,     28.3663,     56.7325,      0.0192,      0.0039,      0.2278,      0.2058,   7780.7803,-496215.7500,   -934.9156,    546.3516,  25935.9355,
       1,     168,     329,      18,       1,       3,       1,     10.0000,      1.4012,     42.6141,    248.7965,     62.6131,      3.4953,      0.1411,      0.1074,     57.9923,      0.2060,      5.5884,     11.1768,      1.8200,     28.3663,     56.7325,      0.0192,      0.0040,      0.1765,      0.2058,   7780.7808,-513803.7812,   -939.1746,    545.1542,  25935.9336,
       1,     168,     329,      19,       1,       3,       1,     10.0000,      1.4012,     42.6141,    248.7965,     62.6131,      3.4953,      0.0346,      0.0018,      9.6283,      0.1768,      5.5884,     11.1768,      1.5624,     28.3663,     56.7325,      0.0192,      0.0043,      0.0273,      0.2058,   7780.7803,-498247.4375,   -936.9261,    546.2156,  25935.9336,
       1,     168,     329,      20,       1,       3,       1,     10.0000,      1.4012,     42.6141,    248.7965,     62.6131,      3.4953,      0.0005,     -0.0315,      5.5682,      0.1567,      5.5884,     11.1768,      1.3844,     28.3663,     56.7325,      0.0192,      0.0044,      0.0156,      0.2058,   7780.7803,-437156.5938,   -925.7145,    550.3878,  25935.9336,
       1,     168,     329,      21,       1,       3,       1,     10.0000,      1.4012,     42.6141,    248.7965,     62.6131,      3.4953,      0.0000,     -0.0317,      6.6562,      0.1463,      5.5884,     11.1768,      1.2928,     28.3663,     56.7325,      0.0192,      0.0052,      0.0156,      0.2058,   7780.7803,-427006.2188,   -923.9766,    551.1021,  25935.9355,
       1,     168,     329,      22,       1,       3,       1,     10.0000,      1.4012,     42.6141,    248.7965,     62.6131,      3.4953,      0.0000,     -0.0315,      6.3770,      0.1405,      5.5884,     11.1768,      1.2416,     28.3663,     56.7325,      0.0192,      0.0050,      0.0156,      0.2059,   7780.7808,-427467.5625,   -924.2249,    551.0708,  25935.9336,
       1,     168,     329,      23,       1,       3,       1,     10.0000,      1.4012,     42.6141,    248.7965,     62.6131,      3.4953,      0.0000,     -0.0314,      5.0176,      0.1383,      5.5884,     11.1768,      1.2217,     28.3663,     56.7325,      0.0192,      0.0039,      0.0156,      0.2059,   7780.7803,-427161.6875,   -924.2625,    551.0919,  25935.9336,
       1,     168,     329,      24,       1,       3,       1,     10.0000,      1.4012,     42.6141,    248.7965,     62.6131,      3.4953,      0.0000,     -0.0313,      3.3166,      0.1351,      5.5884,     11.1768,      1.1935,     28.3663,     56.7325,      0.0192,      0.0026,      0.0156,      0.2059,   7780.7803,-425457.3750,   -924.0005,    551.2092,  25935.9316,
       1,     168,     330,       1,       1,       3,       1,     10.0000,      1.4012,     42.6144,    248.8023,     62.6145,      3.4953,      0.0000,     -0.0311,      2.1384,      0.1312,      5.5876,     11.1752,      1.1589,     28.3699,     56.7398,      0.0192,      0.0017,      0.0156,      0.2059,   7780.7798,-423366.0000,   -923.9223,    551.3662,  25937.0820,
       1,     168,     330,       2,       1,       3,       1,     10.0000,      1.4012,     42.6144,    248.8023,     62.6145,      3.4953,      0.0000,     -0.0312,      1.1887,      0.1314,      5.5876,     11.1752,      1.1613,     28.3699,     56.7398,      0.0192,      0.0009,      0.0156,      0.2059,   7781.1250,-421582.5000,   -923.3679,    551.4891,  25937.0820,
       1,     168,     330,       3,       1,       3,       1,     10.0000,      1.4012,     42.6144,    248.8023,     62.6145,      3.4953,      0.0000,     -0.0311,      0.7022,      0.1294,      5.5876,     11.1752,      1.1437,     28.3699,     56.7398,      0.0192,      0.0006,      0.0156,      0.2059,   7781.1250,-420258.5938,   -923.1441,    551.5804,  25937.0820,
       1,     168,     330,       4,       1,       3,       1,     10.0000,      1.4012,     42.6144,    248.8023,     62.6145,      3.4953,      0.0000,     -0.0311,      0.3692,      0.1290,      5.5876,     11.1752,      1.1402,     28.3699,     56.7398,      0.0192,      0.0003,      0.0156,      0.2059,   7781.1250,-419545.3125,   -923.0217,    551.6295,  25937.0820,
       1,     168,     330,       5,       1,       3,       1,     10.0000,      1.4012,     42.6144,    248.8023,     62.6145,      3.4953,      0.0000,     -0.0310,      0.3044,      0.1276,      5.5876,     11.1752,      1.1276,     28.3699,     56.7398,      0.0192,      0.0002,      0.0156,      0.2059,   7781.1250,-419073.7188,   -922.9360,    551.6621,  25937.0840,
       1,     168,     330,       6,       1,       3,       1,     10.0000,      1.4012,     42.6144,    248.8023,     62.6145,      3.4953,      0.0000,     -0.0310,      0.3020,      0.1267,      5.5876,     11.1752,      1.1195,     28.3699,     56.7398,      0.0192,      0.0002,      0.0156,      0.2059,   7781.1255,-418953.0938,   -922.9142,    551.6703,  25937.0820,
       1,     168,     330,       7,       1,       3,       1,     10.0000,      1.4012,     42.6144,    248.8023,     62.6145,      3.4953,      0.0000,     -0.0309,      0.2947,      0.1240,      5.5876,     11.1752,      1.0958,     28.3699,     56.7398,      0.0192,      0.0002,      0.0156,      0.2059,   7781.1250,-418940.2812,   -922.9140,    551.6713,  25937.0801,
       1,     168,     330,       8,       1,       3,       1,     10.0000,      1.4012,     42.6144,    248.8023,     62.6145,      3.4953,      0.0036,     -0.0271,      0.2842,      0.1202,      5.5876,     11.1752,      1.0617,     28.3699,     56.7398,      0.0192,      0.0002,      0.0156,      0.2059,   7781.1245,-418930.2812,   -922.9141,    551.6719,  25937.0820,
       1,     168,     330,       9,       1,       3,       1,     10.0000,      1.4012,     42.6144,    248.8023,     62.6145,      3.4953,      0.0611,      0.0303,      1.2841,      0.1233,      5.5876,     11.1752,      1.0892,     28.3699,     56.7398,      0.0192,      0.0002,      0.0685,      0.2059,   7781.1250,-418916.5312,   -922.9139,    551.6729,  25937.0820,
       1,     168,     330,      10,       1,       3,       1,     10.0000,      1.4012,     42.6144,    248.8023,     62.6145,      3.4953,      0.1354,      0.1040,      3.7602,      0.1390,      5.5876,     11.1752,      1.2279,     28.3699,     56.7398,      0.0192,      0.0003,      0.1748,      0.2059,   7781.1250,-420149.4062,   -923.1996,    551.5880,  25937.0801,
       1,     168,     330,      11,       1,       3,       1,     10.0000,      1.4012,     42.6144,    248.8023,     62.6145,      3.4953,      0.1488,      0.1170,      4.5093,      0.1487,      5.5876,     11.1752,      1.3138,     28.3699,     56.7398,      0.0192,      0.0003,      0.1940,      0.2059,   7781.1245,-423310.7812,   -923.8975,    551.3700,  25937.0840,
       1,     168,     330,      12,       1,       3,       1,     10.0000,      1.4012,     42.6144,    248.8023,     62.6145,      3.4953,      0.1708,      0.1383,      6.0013,      0.1672,      5.5876,     11.1752,      1.4775,     28.3699,     56.7398,      0.0192,      0.0003,      0.2257,      0.2059,   7781.1255,-424504.0625,   -924.2335,    551.2877,  25937.0840,
       1,     168,     330,      13,       1,       3,       1,     10.0000,      1.4012,     42.6144,    248.8023,     62.6145,      3.4953,      0.1825,      0.1493,      7.5123,      0.1909,      5.5876,     11.1752,      1.6866,     28.3699,     56.7398,      0.0192,      0.0004,      0.2427,      0.2059,   7781.1255,-426447.5312,   -924.7876,    551.1539,  25937.0820,
       1,     168,     330,      14,       1,       3,       1,     10.0000,      1.4012,     42.6144,    248.8023,     62.6145,      3.4953,      0.1657,      0.1324,      6.8816,      0.1939,      5.5876,     11.1752,      1.7136,     28.3699,     56.7398,      0.0192,      0.0004,      0.2183,      0.2059,   7781.1250,-428478.3750,   -925.3760,    551.0139,  25937.0820,
       1,     168,     330,      15,       1,       3,       1,     10.0000,      1.4012,     42.6144,    248.8023,     62.6145,      3.4953,      0.1787,      0.1448,     10.0418,      0.2136,      5.5876,     11.1752,      1.8875,     28.3699,     56.7398,      0.0192,      0.0005,      0.2370,      0.2059,   7781.1250,-427872.6562,   -925.3892,    551.0557,  25937.0801,
       1,     168,     330,      16,       1,       3,       1,     10.0000,      1.4012,     42.6144,    248.8023,     62.6145,      3.4953,      0.1607,      0.1272,     22.8800,      0.2013,      5.5876,     11.1752,      1.7792,     28.3699,     56.7398,      0.0192,      0.0013,      0.2092,      0.2059,   7781.1245,-431722.4688,   -926.2584,    550.7904,  25937.0801,
       1,     168,     330,      17,       1,       3,       1,     10.0000,      1.4012,     42.6144,    248.8023,     62.6145,      3.4953,      0.1577,      0.1243,     38.2465,      0.1976,      5.5876,     11.1752,      1.7461,     28.3699,     56.7398,      0.0192,      0.0023,      0.2030,      0.2059,   7781.1245,-447899.4375,   -929.4854,    549.6768,  25937.0840,
       1,     168,     330,      18,       1,       3,       1,     10.0000,      1.4012,     42.6144,    248.8023,     62.6145,      3.4953,      0.1364,      0.1033,     43.1765,      0.1855,      5.5876,     11.1752,      1.6388,     28.3699,     56.7398,      0.0192,      0.0031,      0.1714,      0.2059,   7781.1255,-468252.3750,   -933.5811,    548.2794,  25937.0820,
       1,     168,     330,      19,       1,       3,       1,     10.0000,      1.4012,     42.6144,    248.8023,     62.6145,      3.4953,      0.0403,      0.0078,      8.4467,      0.1687,      5.5876,     11.1752,      1.4909,     28.3699,     56.7398,      0.0192,      0.0029,      0.0361,      0.2058,   7781.1250,-476074.8438,   -935.3120,    547.7451,  25937.0840,
       1,     168,     330,      20,       1,       3,       1,     10.0000,      1.4012,     42.6144,    248.8023,     62.6145,      3.4953,      0.0010,     -0.0310,      4.5216,      0.1554,      5.5876,     11.1752,      1.3733,     28.3699,     56.7398,      0.0192,      0.0036,      0.0156,      0.2058,   7781.1255,-433833.3750,   -927.2885,    550.6376,  25937.0801,
       1,     168,     330,      21,       1,       3,       1,     10.0000,      1.4012,     42.6144,    248.8023,     62.6145,      3.4953,      0.0000,     -0.0319,      3.7158,      0.1520,      5.5876,     11.1752,      1.3433,     28.3699,     56.7398,      0.0192,      0.0029,      0.0156,      0.2059,   7781.1245,-425423.8750,   -925.6992,    551.2240,  25937.0820,
       1,     168,     330,      22,       1,       3,       1,     10.0000,      1.4012,     42.6144,    248.8023,     62.6145,      3.4953,      0.0000,     -0.0317,      3.3314,      0.1456,      5.5876,     11.1752,      1.2863,     28.3699,     56.7398,      0.0192,      0.0026,      0.0156,      0.2059,   7781.1250,-423705.2812,   -925.3856,    551.3428,  25937.0801,
       1,     168,     330,      23,       1,       3,       1,     10.0000,      1.4012,     42.6144,    248.8023,     62.6145,      3.4953,      0.0000,     -0.0316,      2.6896,      0.1444,      5.5876,     11.1752,      1.2760,     28.3699,     56.7398,      0.0192,      0.0021,      0.0156,      0.2059,   7781.1245,-423084.2812,   -925.2790,    551.3856,  25937.0820,
       1,     168,     330,      24,       1,       3,       1,     10.0000,      1.4012,     42.6144,    248.8023,     62.6145,      3.4953,      0.0000,     -0.0316,      1.9677,      0.1445,      5.5876,     11.1752,      1.2773,     28.3699,     56.7398,      0.0192,      0.0015,      0.0156,      0.2059,   7781.1250,-422239.0938,   -925.1246,    551.4438,  25937.0820,
       1,     168,     331,       1,       1,       3,       1,     10.0000,      1.4012,     42.6148,    248.8081,     62.6160,      3.4953,      0.0000,     -0.0316,      1.6085,      0.1419,      5.5877,     11.1754,      1.2543,     28.3688,     56.7376,      0.0192,      0.0013,      0.0156,      0.2059,   7781.1250,-421429.1875,   -918.8795,    551.5125,  25938.2285,
       1,     168,     331,       2,       1,       3,       1,     10.0000,      1.4012,     42.6148,    248.8081,     62.6160,      3.4953,      0.0000,     -0.0315,      1.1692,      0.1392,      5.5877,     11.1754,      1.2304,     28.3688,     56.7376,      0.0192,      0.0009,      0.0156,      0.2059,   7781.4688,-420766.4688,   -918.6021,    551.5582,  25938.2266,
       1,     168,     331,       3,       1,       3,       1,     10.0000,      1.4012,     42.6148,    248.8081,     62.6160,      3.4953,      0.0000,     -0.0314,      0.9285,      0.1376,      5.5877,     11.1754,      1.2156,     28.3688,     56.7376,      0.0192,      0.0007,      0.0156,      0.2059,   7781.4683,-420167.9375,   -918.5361,    551.5995,  25938.2285,
       1,     168,     331,       4,       1,       3,       1,     10.0000,      1.4012,     42.6148,    248.8081,     62.6160,      3.4953,      0.0000,     -0.0313,      0.5756,      0.1352,      5.5877,     11.1754,      1.1948,     28.3688,     56.7376,      0.0192,      0.0005,      0.0156,      0.2059,   7781.4688,-419819.7500,   -910.2984,    551.6235,  25938.2305,
       1,     168,     331,       5,       1,       3,       1,     10.0000,      1.4012,     42.6148,    248.8081,     62.6160,      3.4953,      0.0000,     -0.0311,      0.3112,      0.1301,      5.5877,     11.1754,      1.1496,     28.3688,     56.7376,      0.0192,      0.0002,      0.0156,      0.2059,   7781.4692,-419354.2188,   -910.1728,    551.6556,  25938.2285,
       1,     168,     331,       6,       1,       3,       1,     10.0000,      1.4012,     42.6148,    248.8081,     62.6160,      3.4953,      0.0000,     -0.0311,      0.3083,      0.1290,      5.5877,     11.1754,      1.1403,     28.3688,     56.7376,      0.0192,      0.0002,      0.0156,      0.2059,   7781.4688,-418988.7500,   -910.0830,    551.6808,  25938.2285,
       1,     168,     331,       7,       1,       3,       1,     10.0000,      1.4012,     42.6148,    248.8081,     62.6160,      3.4953,      0.0000,     -0.0309,      0.3070,      0.1250,      5.5877,     11.1754,      1.1048,     28.3688,     56.7376,      0.0192,      0.0002,      0.0156,      0.2059,   7781.4688,-418954.0938,   -910.0767,    551.6832,  25938.2285,
       1,     168,     331,       8,       1,       3,       1,     10.0000,      1.4012,     42.6148,    248.8081,     62.6160,      3.4953,      0.0011,     -0.0297,      0.2967,      0.1248,      5.5877,     11.1754,      1.1026,     28.3688,     56.7376,      0.0192,      0.0002,      0.0156,      0.2059,   7781.4688,-418949.4688,   -910.0770,    551.6835,  25938.2266,
       1,     168,     331,       9,       1,       3,       1,     10.0000,      1.4012,     42.6148,    248.8081,     62.6160,      3.4953,      0.0100,     -0.0208,      0.2936,      0.1236,      5.5877,     11.1754,      1.0925,     28.3688,     56.7376,      0.0192,      0.0002,      0.0156,      0.2059,   7781.4683,-418936.5938,   -910.0767,    551.6843,  25938.2285,
       1,     168,     331,      10,       1,       3,       1,     10.0000,      1.4012,     42.6148,    248.8081,     62.6160,      3.4953,      0.0952,      0.0642,      2.2663,      0.1266,      5.5877,     11.1754,      1.1184,     28.3688,     56.7376,      0.0192,      0.0002,      0.1172,      0.2059,   7781.4688,-418931.5312,   -910.1017,    551.6847,  25938.2285,
       1,     168,     331,      11,       1,       3,       1,     10.0000,      1.4012,     42.6148,    248.8081,     62.6160,      3.4953,      0.1876,      0.1555,      6.2558,      0.1586,      5.5877,     11.1754,      1.4012,     28.3688,     56.7376,      0.0192,      0.0003,      0.2500,      0.2059,   7781.4688,-421365.7500,   -910.9890,    551.5169,  25938.2285,
       1,     168,     331,      12,       1,       3,       1,     10.0000,      1.4012,     42.6148,    248.8081,     62.6160,      3.4953,      0.1875,      0.1547,      7.1782,      0.1788,      5.5877,     11.1754,      1.5797,     28.3688,     56.7376,      0.0192,      0.0004,      0.2500,      0.2059,   7781.4688,-426496.7500,   -913.4220,    551.1631,  25938.2305,
       1,     168,     331,      13,       1,       3,       1,     10.0000,      1.4012,     42.6148,    248.8081,     62.6160,      3.4953,      0.1846,      0.1515,      7.4193,      0.1868,      5.5877,     11.1754,      1.6503,     28.3688,     56.7376,      0.0192,      0.0004,      0.2457,      0.2059,   7781.4692,-428071.8438,   -915.3747,    551.0547,  25938.2266,
       1,     168,     331,      14,       1,       3,       1,     10.0000,      1.4012,     42.6148,    248.8081,     62.6160,      3.4953,      0.1509,      0.1183,      5.4334,      0.1726,      5.5877,     11.1754,      1.5255,     28.3688,     56.7376,      0.0192,      0.0003,      0.1970,      0.2059,   7781.4683,-428503.9062,   -916.8390,    551.0250,  25938.2285,
       1,     168,     331,      15,       1,       3,       1,     10.0000,      1.4012,     42.6148,    248.8081,     62.6160,      3.4953,      0.1701,      0.1369,      6.8922,      0.1894,      5.5877,     11.1754,      1.6734,     28.3688,     56.7376,      0.0192,      0.0004,      0.2247,      0.2059,   7781.4688,-426089.1562,   -914.5786,    551.1914,  25938.2285,
       1,     168,     331,      16,       1,       3,       1,     10.0000,      1.4012,     42.6148,    248.8081,     62.6160,      3.4953,      0.1753,      0.1419,     23.4472,      0.1990,      5.5877,     11.1754,      1.7583,     28.3688,     56.7376,      0.0192,      0.0012,      0.2305,      0.2059,   7781.4688,-427684.3125,   -915.9114,    551.0815,  25938.2285,
       1,     168,     331,      17,       1,       3,       1,     10.0000,      1.4012,     42.6148,    248.8081,     62.6160,      3.4953,      0.1473,      0.1142,     31.5256,      0.1849,      5.5877,     11.1754,      1.6340,     28.3688,     56.7376,      0.0192,      0.0020,      0.1886,      0.2059,   7781.4688,-448254.2812,   -920.6843,    549.6644,  25938.2285,
       1,     168,     331,      18,       1,       3,       1,     10.0000,      1.4012,     42.6148,    248.8081,     62.6160,      3.4953,      0.0838,      0.0512,     17.2597,      0.1718,      5.5877,     11.1754,      1.5180,     28.3688,     56.7376,      0.0192,      0.0022,      0.0981,      0.2059,   7781.4688,-459982.9062,   -923.6454,    548.8605,  25938.2285,
       1,     168,     331,      19,       1,       3,       1,     10.0000,      1.4012,     42.6148,    248.8081,     62.6160,      3.4953,      0.0242,     -0.0081,      2.0815,      0.1628,      5.5877,     11.1754,      1.4382,     28.3688,     56.7376,      0.0192,      0.0019,      0.0137,      0.2059,   7781.4688,-443361.4375,   -921.0717,    550.0015,  25938.2285,
       1,     168,     331,      20,       1,       3,       1,     10.0000,      1.4012,     42.6148,    248.8081,     62.6160,      3.4953,      0.0008,     -0.0312,      2.9197,      0.1542,      5.5877,     11.1754,      1.3623,     28.3688,     56.7376,      0.0192,      0.0023,      0.0156,      0.2059,   7781.4688,-423213.4375,   -917.5660,    551.3878,  25938.2285,
       1,     168,     331,      21,       1,       3,       1,     10.0000,      1.4012,     42.6148,    248.8081,     62.6160,      3.4953,      0.0000,     -0.0317,      3.8388,      0.1454,      5.5877,     11.1754,      1.2850,     28.3688,     56.7376,      0.0192,      0.0030,      0.0156,      0.2059,   7781.4688,-422538.5312,   -917.6170,    551.4360,  25938.2285,
       1,     168,     331,      22,       1,       3,       1,     10.0000,      1.4012,     42.6148,    248.8081,     62.6160,      3.4953,      0.0000,     -0.0314,      2.9963,      0.1390,      5.5877,     11.1754,      1.2279,     28.3688,     56.7376,      0.0192,      0.0024,      0.0156,      0.2059,   7781.4688,-423613.5625,   -918.0908,    551.3620,  25938.2285,
       1,     168,     331,      23,       1,       3,       1,     10.0000,      1.4012,     42.6148,    248.8081,     62.6160,      3.4953,      0.0000,     -0.0313,      2.3579,      0.1363,      5.5877,     11.1754,      1.2045,     28.3688,     56.7376,      0.0192,      0.0019,      0.0156,      0.2059,   7781.4688,-422665.0938,   -913.6396,    551.4274,  25938.2266,
       1,     168,     331,      24,       1,       3,       1,     10.0000,      1.4012,     42.6148,    248.8081,     62.6160,      3.4953,      0.0000,     -0.0312,      1.4337,      0.1322,      5.5877,     11.1754,      1.1684,     28.3688,     56.7376,      0.0192,      0.0011,      0.0156,      0.2059,   7781.4683,-421796.6250,   -911.0539,    551.4872,  25938.2285,
       1,     168,     332,       1,       1,       3,       1,     10.0000,      1.4013,     42.6151,    248.8139,     62.6174,      3.4953,      0.0000,     -0.0311,      1.3605,      0.1310,      5.5883,     11.1766,      1.1578,     28.3647,     56.7293,      0.0192,      0.0011,      0.0156,      0.2059,   7781.4688,-420735.2500,   -911.2597,    551.5732,  25939.3711,
       1,     168,     332,       2,       1,       3,       1,     10.0000,      1.4013,     42.6151,    248.8139,     62.6174,      3.4953,      0.0000,     -0.0312,      0.6119,      0.1318,      5.5883,     11.1766,      1.1649,     28.3647,     56.7293,      0.0192,      0.0005,      0.0156,      0.2059,   7781.8115,-420404.3750,   -911.1050,    551.5960,  25939.3730,
       1,     168,     332,       3,       1,       3,       1,     10.0000,      1.4013,     42.6151,    248.8139,     62.6174,      3.4953,      0.0000,     -0.0312,      0.3152,      0.1316,      5.5883,     11.1766,      1.1625,     28.3647,     56.7293,      0.0192,      0.0002,      0.0156,      0.2059,   7781.8120,-419452.2500,   -910.9781,    551.6617,  25939.3730,
       1,     168,     332,       4,       1,       3,       1,     10.0000,      1.4013,     42.6151,    248.8139,     62.6174,      3.4953,      0.0000,     -0.0311,      0.3138,      0.1310,      5.5883,     11.1766,      1.1578,     28.3647,     56.7293,      0.0192,      0.0002,      0.0156,      0.2059,   7781.8120,-419005.1875,   -910.0858,    551.6925,  25939.3730,
       1,     168,     332,       5,       1,       3,       1,     10.0000,      1.4013,     42.6151,    248.8139,     62.6174,      3.4953,      0.0000,     -0.0310,      0.3044,      0.1276,      5.5883,     11.1766,      1.1276,     28.3647,     56.7293,      0.0192,      0.0002,      0.0156,      0.2059,   7781.8120,-418965.2812,   -910.0785,    551.6953,  25939.3730,
       1,     168,     332,       6,       1,       3,       1,     10.0000,      1.4013,     42.6151,    248.8139,     62.6174,      3.4953,      0.0000,     -0.0310,      0.3044,      0.1276,      5.5883,     11.1766,      1.1276,     28.3647,     56.7293,      0.0192,      0.0002,      0.0156,      0.2059,   7781.8120,-418950.3750,   -910.0757,    551.6963,  25939.3730,
       1,     168,     332,       7,       1,       3,       1,     10.0000,      1.4013,     42.6151,    248.8139,     62.6174,      3.4953,      0.0000,     -0.0311,      0.3109,      0.1300,      5.5883,     11.1766,      1.1484,     28.3647,     56.7293,      0.0192,      0.0002,      0.0156,      0.2059,   7781.8120,-418949.0938,   -910.0755,    551.6964,  25939.3730,
       1,     168,     332,       8,       1,       3,       1,     10.0000,      1.4013,     42.6151,    248.8139,     62.6174,      3.4953,      0.0034,     -0.0276,      0.3098,      0.1296,      5.5883,     11.1766,      1.1449,     28.3647,     56.7293,      0.0192,      0.0002,      0.0156,      0.2059,   7781.8120,-418956.9688,   -910.0770,    551.6959,  25939.3730,
       1,     168,     332,       9,       1,       3,       1,     10.0000,      1.4013,     42.6151,    248.8139,     62.6174,      3.4953,      0.0632,      0.0321,      1.4398,      0.1316,      5.5883,     11.1766,      1.1625,     28.3647,     56.7293,      0.0192,      0.0002,      0.0712,      0.2059,   7781.8120,-418956.2500,   -910.0877,    551.6959,  25939.3750,
       1,     168,     332,      10,       1,       3,       1,     10.0000,      1.4013,     42.6151,    248.8139,     62.6174,      3.4953,      0.1388,      0.1073,      3.8919,      0.1398,      5.5883,     11.1766,      1.2354,     28.3647,     56.7293,      0.0192,      0.0003,      0.1797,      0.2059,   7781.8130,-420350.3750,   -910.6139,    551.5997,  25939.3730,
       1,     168,     332,      11,       1,       3,       1,     10.0000,      1.4013,     42.6151,    248.8139,     62.6174,      3.4953,      0.1738,      0.1413,      6.2317,      0.1699,      5.5883,     11.1766,      1.5014,     28.3647,     56.7293,      0.0192,      0.0003,      0.2301,      0.2059,   7781.8120,-423495.3750,   -911.6859,    551.3830,  25939.3730,
       1,     168,     332,      12,       1,       3,       1,     10.0000,      1.4013,     42.6151,    248.8139,     62.6174,      3.4953,      0.1870,      0.1540,      7.4218,      0.1846,      5.5883,     11.1766,      1.6308,     28.3647,     56.7293,      0.0192,      0.0004,      0.2492,      0.2059,   7781.8120,-426650.5938,   -913.4918,    551.1655,  25939.3730,
       1,     168,     332,      13,       1,       3,       1,     10.0000,      1.4013,     42.6151,    248.8139,     62.6174,      3.4953,      0.1849,      0.1515,      7.9863,      0.1988,      5.5883,     11.1766,      1.7566,     28.3647,     56.7293,      0.0192,      0.0004,      0.2462,      0.2059,   7781.8120,-428387.9062,   -915.1569,    551.0458,  25939.3730,
       1,     168,     332,      14,       1,       3,       1,     10.0000,      1.4013,     42.6151,    248.8139,     62.6174,      3.4953,      0.1854,      0.1519,      8.1477,      0.2018,      5.5883,     11.1766,      1.7828,     28.3647,     56.7293,      0.0192,      0.0004,      0.2470,      0.2059,   7781.8120,-429232.3125,   -916.6818,    550.9876,  25939.3750,
       1,     168,     332,      15,       1,       3,       1,     10.0000,      1.4013,     42.6151,    248.8139,     62.6174,      3.4953,      0.1841,      0.1506,      7.9836,      0.1996,      5.5883,     11.1766,      1.7635,     28.3647,     56.7293,      0.0192,      0.0004,      0.2450,      0.2059,   7781.8130,-429502.9688,   -917.9723,    550.9690,  25939.3730,
       1,     168,     332,      16,       1,       3,       1,     10.0000,      1.4013,     42.6151,    248.8139,     62.6174,      3.4953,      0.1901,      0.1563,     41.6703,      0.2107,      5.5883,     11.1766,      1.8618,     28.3647,     56.7293,      0.0192,      0.0020,      0.2500,      0.2059,   7781.8120,-429323.9375,   -918.9921,    550.9814,  25939.3711,
       1,     168,     332,      17,       1,       3,       1,     10.0000,      1.4013,     42.6151,    248.8139,     62.6174,      3.4953,      0.1828,      0.1494,     60.0981,      0.1980,      5.5883,     11.1766,      1.7496,     28.3647,     56.7293,      0.0192,      0.0031,      0.2372,      0.2059,   7781.8115,-470885.1250,   -928.0689,    548.1189,  25939.3730,
       1,     168,     332,      18,       1,       3,       1,     10.0000,      1.4013,     42.6151,    248.8139,     62.6174,      3.4953,      0.1315,      0.0987,     47.7259,      0.1788,      5.5883,     11.1766,      1.5797,     28.3647,     56.7293,      0.0192,      0.0036,      0.1638,      0.2059,   7781.8120,-497196.0625,   -934.0089,    546.3237,  25939.3750,
       1,     168,     332,      19,       1,       3,       1,     10.0000,      1.4013,     42.6151,    248.8139,     62.6174,      3.4953,      0.0251,     -0.0072,      4.0400,      0.1621,      5.5883,     11.1766,      1.4325,     28.3647,     56.7293,      0.0192,      0.0033,      0.0148,      0.2059,   7781.8130,-484141.7188,   -932.2886,    547.2181,  25939.3750,
       1,     168,     332,      20,       1,       3,       1,     10.0000,      1.4013,     42.6151,    248.8139,     62.6174,      3.4953,      0.0005,     -0.0315,      4.0445,      0.1543,      5.5883,     11.1766,      1.3637,     28.3647,     56.7293,      0.0192,      0.0032,      0.0156,      0.2059,   7781.8130,-429072.0625,   -922.2983,    550.9857,  25939.3730,
       1,     168,     332,      21,       1,       3,       1,     10.0000,      1.4013,     42.6151,    248.8139,     62.6174,      3.4953,      0.0000,     -0.0319,      4.7297,      0.1508,      5.5883,     11.1766,      1.3326,     28.3647,     56.7293,      0.0192,      0.0037,      0.0156,      0.2059,   7781.8120,-424441.5000,   -921.5637,    551.3176,  25939.3730,
       1,     168,     332,      22,       1,       3,       1,     10.0000,      1.4013,     42.6151,    248.8139,     62.6174,      3.4953,      0.0000,     -0.0318,      4.0580,      0.1479,      5.5883,     11.1766,      1.3073,     28.3647,     56.7293,      0.0192,      0.0032,      0.0156,      0.2059,   7781.8120,-424877.7188,   -921.7973,    551.2877,  25939.3711,
       1,     168,     332,      23,       1,       3,       1,     10.0000,      1.4013,     42.6151,    248.8139,     62.6174,      3.4953,      0.0000,     -0.0318,      2.9569,      0.1475,      5.5883,     11.1766,      1.3034,     28.3647,     56.7293,      0.0192,      0.0023,      0.0156,      0.2059,   7781.8115,-424085.8125,   -921.7661,    551.3422,  25939.3730,
       1,     168,     332,      24,       1,       3,       1,     10.0000,      1.4013,     42.6151,    248.8139,     62.6174,      3.4953,      0.0000,     -0.0316,      1.8156,      0.1441,      5.5883,     11.1766,      1.2735,     28.3647,     56.7293,      0.0192,      0.0014,      0.0156,      0.2059,   7781.8120,-422659.3438,   -921.6273,    551.4405,  25939.3750,
       1,     168,     333,       1,       1,       3,       1,     10.0000,      1.4013,     42.6154,    248.8197,     62.6189,      3.4953,      0.0000,     -0.0315,      1.1558,      0.1404,      5.5886,     11.1772,      1.2405,     28.3662,     56.7323,      0.0192,      0.0009,      0.0156,      0.2060,   7781.8130,-421282.5625,   -910.9437,    551.5483,  25940.5195,
       1,     168,     333,       2,       1,       3,       1,     10.0000,      1.4013,     42.6154,    248.8197,     62.6189,      3.4953,      0.0000,     -0.0315,      0.8127,      0.1393,      5.5886,     11.1772,      1.2305,     28.3662,     56.7323,      0.0192,      0.0006,      0.0156,      0.2060,   7782.1562,-420200.8750,   -910.6122,    551.6230,  25940.5195,
       1,     168,     333,       3,       1,       3,       1,     10.0000,      1.4013,     42.6154,    248.8197,     62.6189,      3.4953,      0.0000,     -0.0310,      0.5251,      0.1277,      5.5886,     11.1772,      1.1288,     28.3662,     56.7323,      0.0192,      0.0004,      0.0156,      0.2060,   7782.1562,-419685.2812,   -910.2427,    551.6585,  25940.5195,
       1,     168,     333,       4,       1,       3,       1,     10.0000,      1.4013,     42.6154,    248.8197,     62.6189,      3.4953,      0.0000,     -0.0311,      0.4727,      0.1301,      5.5886,     11.1772,      1.1496,     28.3662,     56.7323,      0.0192,      0.0004,      0.0156,      0.2060,   7782.1562,-419286.5938,   -910.1671,    551.6860,  25940.5195,
       1,     168,     333,       5,       1,       3,       1,     10.0000,      1.4013,     42.6154,    248.8197,     62.6189,      3.4953,      0.0000,     -0.0311,      0.3094,      0.1294,      5.5886,     11.1772,      1.1438,     28.3662,     56.7323,      0.0192,      0.0002,      0.0156,      0.2060,   7782.1562,-419188.1562,   -910.1695,    551.6928,  25940.5195,
       1,     168,     333,       6,       1,       3,       1,     10.0000,      1.4013,     42.6154,    248.8197,     62.6189,      3.4953,      0.0000,     -0.0310,      0.3055,      0.1280,      5.5886,     11.1772,      1.1311,     28.3662,     56.7323,      0.0192,      0.0002,      0.0156,      0.2060,   7782.1562,-418978.2188,   -910.0800,    551.7073,  25940.5195,
       1,     168,     333,       7,       1,       3,       1,     10.0000,      1.4013,     42.6154,    248.8197,     62.6189,      3.4953,      0.0000,     -0.0310,      0.3066,      0.1284,      5.5886,     11.1772,      1.1345,     28.3662,     56.7323,      0.0192,      0.0002,      0.0156,      0.2060,   7782.1562,-418955.5625,   -910.0759,    551.7089,  25940.5195,
       1,     168,     333,       8,       1,       3,       1,     10.0000,      1.4013,     42.6154,    248.8197,     62.6189,      3.4953,      0.0050,     -0.0260,      0.3069,      0.1285,      5.5886,     11.1772,      1.1357,     28.3662,     56.7323,      0.0192,      0.0002,      0.0156,      0.2060,   7782.1562,-418954.9062,   -910.0773,    551.7089,  25940.5176,
       1,     168,     333,       9,       1,       3,       1,     10.0000,      1.4013,     42.6154,    248.8197,     62.6189,      3.4953,      0.0688,      0.0376,      1.6281,      0.1336,      5.5886,     11.1772,      1.1804,     28.3662,     56.7323,      0.0192,      0.0003,      0.0792,      0.2060,   7782.1558,-418955.6250,   -910.0977,    551.7088,  25940.5195,
       1,     168,     333,      10,       1,       3,       1,     10.0000,      1.4013,     42.6154,    248.8197,     62.6189,      3.4953,      0.0960,      0.0645,      2.5580,      0.1398,      5.5886,     11.1772,      1.2355,     28.3662,     56.7323,      0.0192,      0.0003,      0.1181,      0.2060,   7782.1562,-420585.5625,   -910.6683,    551.5964,  25940.5195,
       1,     168,     333,      11,       1,       3,       1,     10.0000,      1.4013,     42.6154,    248.8197,     62.6189,      3.4953,      0.1728,      0.1405,      5.8388,      0.1615,      5.5886,     11.1772,      1.4268,     28.3662,     56.7323,      0.0192,      0.0003,      0.2285,      0.2060,   7782.1562,-421871.6562,   -911.2102,    551.5078,  25940.5195,
       1,     168,     333,      12,       1,       3,       1,     10.0000,      1.4013,     42.6154,    248.8197,     62.6189,      3.4953,      0.1424,      0.1098,      5.0984,      0.1728,      5.5886,     11.1772,      1.5271,     28.3662,     56.7323,      0.0192,      0.0003,      0.1846,      0.2060,   7782.1562,-426029.4062,   -912.9083,    551.2211,  25940.5215,
       1,     168,     333,      13,       1,       3,       1,     10.0000,      1.4013,     42.6154,    248.8197,     62.6189,      3.4953,      0.1849,      0.1522,      6.8361,      0.1737,      5.5886,     11.1772,      1.5348,     28.3662,     56.7323,      0.0192,      0.0003,      0.2461,      0.2060,   7782.1567,-425469.4062,   -911.9537,    551.2598,  25940.5195,
       1,     168,     333,      14,       1,       3,       1,     10.0000,      1.4013,     42.6154,    248.8197,     62.6189,      3.4953,      0.1869,      0.1539,      7.4523,      0.1853,      5.5886,     11.1772,      1.6373,     28.3662,     56.7323,      0.0192,      0.0004,      0.2491,      0.2060,   7782.1562,-427566.2500,   -913.8802,    551.1153,  25940.5215,
       1,     168,     333,      15,       1,       3,       1,     10.0000,      1.4013,     42.6154,    248.8197,     62.6189,      3.4953,      0.1665,      0.1336,      6.3521,      0.1800,      5.5886,     11.1772,      1.5908,     28.3662,     56.7323,      0.0192,      0.0004,      0.2195,      0.2060,   7782.1567,-428504.8125,   -915.4713,    551.0507,  25940.5195,
       1,     168,     333,      16,       1,       3,       1,     10.0000,      1.4013,     42.6154,    248.8197,     62.6189,      3.4953,      0.1316,      0.0990,     15.5043,      0.1727,      5.5886,     11.1772,      1.5256,     28.3662,     56.7323,      0.0192,      0.0011,      0.1678,      0.2060,   7782.1562,-427227.1875,   -915.9758,    551.1387,  25940.5215,
       1,     168,     333,      17,       1,       3,       1,     10.0000,      1.4013,     42.6154,    248.8197,     62.6189,      3.4953,      0.0401,      0.0084,      4.9010,      0.1451,      5.5886,     11.1772,      1.2825,     28.3662,     56.7323,      0.0192,      0.0016,      0.0370,      0.2060,   7782.1567,-438412.3750,   -918.5510,    550.3681,  25940.5195,
       1,     168,     333,      18,       1,       3,       1,     10.0000,      1.4013,     42.6154,    248.8197,     62.6189,      3.4953,      0.0253,     -0.0061,      1.5705,      0.1380,      5.5886,     11.1772,      1.2193,     28.3662,     56.7323,      0.0192,      0.0012,      0.0164,      0.2060,   7782.1562,-426278.2188,   -911.7437,    551.2034,  25940.5195,
       1,     168,     333,      19,       1,       3,       1,     10.0000,      1.4013,     42.6154,    248.8197,     62.6189,      3.4953,      0.0079,     -0.0232,      2.3763,      0.1309,      5.5886,     11.1772,      1.1567,     28.3662,     56.7323,      0.0192,      0.0019,      0.0156,      0.2060,   7782.1562,-421138.0312,   -910.7009,    551.5582,  25940.5215,
       1,     168,     333,      20,       1,       3,       1,     10.0000,      1.4013,     42.6154,    248.8197,     62.6189,      3.4953,      0.0002,     -0.0310,      2.5256,      0.1318,      5.5886,     11.1772,      1.1649,     28.3662,     56.7323,      0.0192,      0.0020,      0.0156,      0.2060,   7782.1567,-421694.4062,   -910.8401,    551.5200,  25940.5176,
       1,     168,     333,      21,       1,       3,       1,     10.0000,      1.4013,     42.6154,    248.8197,     62.6189,      3.4953,      0.0000,     -0.0312,      1.8180,      0.1326,      5.5886,     11.1772,      1.1720,     28.3662,     56.7323,      0.0192,      0.0014,      0.0156,      0.2060,   7782.1558,-421926.4375,   -910.8641,    551.5040,  25940.5195,
       1,     168,     333,      22,       1,       3,       1,     10.0000,      1.4013,     42.6154,    248.8197,     62.6189,      3.4953,      0.0000,     -0.0312,      0.4431,      0.1322,      5.5886,     11.1772,      1.1685,     28.3662,     56.7323,      0.0192,      0.0003,      0.0156,      0.2060,   7782.1562,-421072.5938,   -910.5861,    551.5629,  25940.5195,
       1,     168,     333,      23,       1,       3,       1,     10.0000,      1.4013,     42.6154,    248.8197,     62.6189,      3.4953,      0.0000,     -0.0312,      0.3200,      0.1333,      5.5886,     11.1772,      1.1780,     28.3662,     56.7323,      0.0192,      0.0003,      0.0156,      0.2060,   7782.1562,-419303.4062,   -910.2858,    551.6848,  25940.5195,
       1,     168,     333,      24,       1,       3,       1,     10.0000,      1.4013,     42.6154,    248.8197,     62.6189,      3.4953,      0.0000,     -0.0311,      0.3120,      0.1304,      5.5886,     11.1772,      1.1520,     28.3662,     56.7323,      0.0192,      0.0002,      0.0156,      0.2060,   7782.1562,-419001.1562,   -910.2334,    551.7056,  25940.5195,
       1,     168,     334,       1,       1,       3,       1,     10.0000,      1.4013,     42.6158,    248.8255,     62.6203,      3.4953,      0.0000,     -0.0311,      0.3087,      0.1292,      5.5887,     11.1774,      1.1415,     28.3574,     56.7148,      0.0192,      0.0002,      0.0156,      0.2060,   7782.1562,-419118.8750,   -910.3602,    551.7105,  25941.6621,
       1,     168,     334,       2,       1,       3,       1,     10.0000,      1.4013,     42.6158,    248.8255,     62.6203,      3.4953,      0.0000,     -0.0311,      0.3098,      0.1296,      5.5887,     11.1774,      1.1450,     28.3574,     56.7148,      0.0192,      0.0002,      0.0156,      0.2060,   7782.4990,-418974.5000,   -910.0870,    551.7205,  25941.6641,
       1,     168,     334,       3,       1,       3,       1,     10.0000,      1.4013,     42.6158,    248.8255,     62.6203,      3.4953,      0.0000,     -0.0310,      0.3062,      0.1283,      5.5887,     11.1774,      1.1334,     28.3574,     56.7148,      0.0192,      0.0002,      0.0156,      0.2060,   7782.4995,-418963.4062,   -910.0863,    551.7212,  25941.6641,
       1,     168,     334,       4,       1,       3,       1,     10.0000,      1.4013,     42.6158,    248.8255,     62.6203,      3.4953,      0.0000,     -0.0312,      0.3153,      0.1316,      5.5887,     11.1774,      1.1626,     28.3574,     56.7148,      0.0192,      0.0002,      0.0156,      0.2060,   7782.4995,-418957.9688,   -910.0867,    551.7215,  25941.6641,
       1,     168,     334,       5,       1,       3,       1,     10.0000,      1.4013,     42.6158,    248.8255,     62.6203,      3.4953,      0.0000,     -0.0312,      0.3171,      0.1322,      5.5887,     11.1774,      1.1685,     28.3574,     56.7148,      0.0192,      0.0002,      0.0156,      0.2060,   7782.4995,-418968.7500,   -910.0903,    551.7208,  25941.6621,
       1,     168,     334,       6,       1,       3,       1,     10.0000,      1.4013,     42.6158,    248.8255,     62.6203,      3.4953,      0.0000,     -0.0312,      0.3193,      0.1330,      5.5887,     11.1774,      1.1756,     28.3574,     56.7148,      0.0192,      0.0003,      0.0156,      0.2060,   7782.4990,-418972.0938,   -910.0928,    551.7206,  25941.6641,
       1,     168,     334,       7,       1,       3,       1,     10.0000,      1.4013,     42.6158,    248.8255,     62.6203,      3.4953,      0.0000,     -0.0312,      0.3200,      0.1333,      5.5887,     11.1774,      1.1780,     28.3574,     56.7148,      0.0192,      0.0003,      0.0156,      0.2060,   7782.4995,-418974.9062,   -910.0788,    551.7204,  25941.6621,
       1,     168,     334,       8,       1,       3,       1,     10.0000,      1.4013,     42.6158,    248.8255,     62.6203,      3.4953,      0.0013,     -0.0299,      0.3178,      0.1325,      5.5887,     11.1774,      1.1709,     28.3574,     56.7148,      0.0192,      0.0002,      0.0156,      0.2060,   7782.4990,-418976.2188,   -910.0810,    551.7203,  25941.6641,
       1,     168,     334,       9,       1,       3,       1,     10.0000,      1.4013,     42.6158,    248.8255,     62.6203,      3.4953,      0.0180,     -0.0133,      0.1273,      0.1344,      5.5887,     11.1774,      1.1876,     28.3574,     56.7148,      0.0192,      0.0003,      0.0061,      0.2060,   7782.4995,-418973.4688,   -910.0888,    551.7205,  25941.6621,
       1,     168,     334,      10,       1,       3,       1,     10.0000,      1.4013,     42.6158,    248.8255,     62.6203,      3.4953,      0.1060,      0.0746,      2.8812,      0.1402,      5.5887,     11.1774,      1.2392,     28.3574,     56.7148,      0.0192,      0.0003,      0.1325,      0.2060,   7782.4990,-418738.2812,   -910.1513,    551.7367,  25941.6660,
       1,     168,     334,      11,       1,       3,       1,     10.0000,      1.4013,     42.6158,    248.8255,     62.6203,      3.4953,      0.1827,      0.1499,      6.9354,      0.1779,      5.5887,     11.1774,      1.5720,     28.3574,     56.7148,      0.0192,      0.0003,      0.2429,      0.2060,   7782.5000,-422115.6250,   -911.2021,    551.5038,  25941.6641,
       1,     168,     334,      12,       1,       3,       1,     10.0000,      1.4013,     42.6158,    248.8255,     62.6203,      3.4953,      0.1600,      0.1272,      6.0454,      0.1791,      5.5887,     11.1774,      1.5829,     28.3574,     56.7148,      0.0192,      0.0004,      0.2101,      0.2060,   7782.4995,-427405.3125,   -914.0477,    551.1392,  25941.6641,
       1,     168,     334,      13,       1,       3,       1,     10.0000,      1.4013,     42.6158,    248.8255,     62.6203,      3.4953,      0.1875,      0.1540,      8.2204,      0.2012,      5.5887,     11.1774,      1.7776,     28.3574,     56.7148,      0.0192,      0.0004,      0.2500,      0.2060,   7782.4995,-426757.2500,   -914.9529,    551.1839,  25941.6660,
       1,     168,     334,      14,       1,       3,       1,     10.0000,      1.4013,     42.6158,    248.8255,     62.6203,      3.4953,      0.1874,      0.1534,      9.0509,      0.2187,      5.5887,     11.1774,      1.9328,     28.3574,     56.7148,      0.0192,      0.0004,      0.2500,      0.2060,   7782.5000,-429385.5625,   -917.1094,    551.0028,  25941.6641,
       1,     168,     334,      15,       1,       3,       1,     10.0000,      1.4013,     42.6158,    248.8255,     62.6203,      3.4953,      0.1874,      0.1534,      9.0713,      0.2192,      5.5887,     11.1774,      1.9366,     28.3574,     56.7148,      0.0192,      0.0004,      0.2500,      0.2060,   7782.4995,-430634.1250,   -919.0491,    550.9169,  25941.6621,
       1,     168,     334,      16,       1,       3,       1,     10.0000,      1.4013,     42.6158,    248.8255,     62.6203,      3.4953,      0.1906,      0.1564,     49.5746,      0.2259,      5.5887,     11.1774,      1.9963,     28.3574,     56.7148,      0.0192,      0.0024,      0.2500,      0.2060,   7782.4990,-430765.5312,   -920.3017,    550.9078,  25941.6660,
       1,     168,     334,      17,       1,       3,       1,     10.0000,      1.4013,     42.6158,    248.8255,     62.6203,      3.4953,      0.1901,      0.1566,     45.5344,      0.2016,      5.5887,     11.1774,      1.7811,     28.3574,     56.7148,      0.0192,      0.0022,      0.2495,      0.2060,   7782.5000,-480755.3438,   -930.8661,    547.4653,  25941.6621,
       1,     168,     334,      18,       1,       3,       1,     10.0000,      1.4013,     42.6158,    248.8255,     62.6203,      3.4953,      0.1580,      0.1247,     57.8631,      0.1941,      5.5887,     11.1774,      1.7154,     28.3574,     56.7148,      0.0192,      0.0035,      0.2012,      0.2059,   7782.4990,-480044.1562,   -931.5721,    547.5248,  25941.6641,
       1,     168,     334,      19,       1,       3,       1,     10.0000,      1.4013,     42.6158,    248.8255,     62.6203,      3.4953,      0.0477,      0.0150,     16.9587,      0.1756,      5.5887,     11.1774,      1.5517,     28.3574,     56.7148,      0.0192,      0.0046,      0.0456,      0.2059,   7782.4995,-495194.3125,   -933.8486,    546.4879,  25941.6621,
       1,     168,     334,      20,       1,       3,       1,     10.0000,      1.4013,     42.6158,    248.8255,     62.6203,      3.4953,      0.0007,     -0.0313,      5.1459,      0.1551,      5.5887,     11.1774,      1.3707,     28.3574,     56.7148,      0.0192,      0.0040,      0.0156,      0.2059,   7782.4990,-445959.5312,   -925.1765,    549.8522,  25941.6641,
       1,     168,     334,      21,       1,       3,       1,     10.0000,      1.4013,     42.6158,    248.8255,     62.6203,      3.4953,      0.0000,     -0.0318,      5.2261,      0.1477,      5.5887,     11.1774,      1.3047,     28.3574,     56.7148,      0.0192,      0.0041,      0.0156,      0.2060,   7782.4995,-427234.1250,   -912.1168,    551.1495,  25941.6641,
       1,     168,     334,      22,       1,       3,       1,     10.0000,      1.4013,     42.6158,    248.8255,     62.6203,      3.4953,      0.0000,     -0.0317,      3.2459,      0.1454,      5.5887,     11.1774,      1.2851,     28.3574,     56.7148,      0.0192,      0.0025,      0.0156,      0.2060,   7782.4995,-425733.5625,   -911.9294,    551.2545,  25941.6660,
       1,     168,     334,      23,       1,       3,       1,     10.0000,      1.4013,     42.6158,    248.8255,     62.6203,      3.4953,      0.0000,     -0.0313,      3.1522,      0.1358,      5.5887,     11.1774,      1.1997,     28.3574,     56.7148,      0.0192,      0.0025,      0.0156,      0.2060,   7782.5000,-423160.6562,   -911.1696,    551.4318,  25941.6621,
       1,     168,     334,      24,       1,       3,       1,     10.0000,      1.4013,     42.6158,    248.8255,     62.6203,      3.4953,      0.0000,     -0.0313,      2.3361,      0.1366,      5.5887,     11.1774,      1.2071,     28.3574,     56.7148,      0.0192,      0.0018,      0.0156,      0.2060,   7782.4990,-422826.6250,   -911.1423,    551.4548,  25941.6641,
       1,     168,     335,       1,       1,       3,       1,     10.0000,      1.4013,     42.6161,    248.8312,     62.6218,      3.4953,      0.0000,     -0.0312,      0.8637,      0.1333,      5.5883,     11.1767,      1.1781,     28.3581,     56.7161,      0.0192,      0.0007,      0.0156,      0.2060,   7782.4995,-421944.1250,   -911.4688,    551.5285,  25942.8086,
       1,     168,     335,       2,       1,       3,       1,     10.0000,      1.4013,     42.6161,    248.8312,     62.6218,      3.4953,      0.0000,     -0.0311,      0.3123,      0.1305,      5.5883,     11.1767,      1.1532,     28.3581,     56.7161,      0.0192,      0.0002,      0.0156,      0.2060,   7782.8428,-419902.2500,   -910.9276,    551.6693,  25942.8105,
       1,     168,     335,       3,       1,       3,       1,     10.0000,      1.4013,     42.6161,    248.8312,     62.6218,      3.4953,      0.0000,     -0.0310,      0.3066,      0.1284,      5.5883,     11.1767,      1.1346,     28.3581,     56.7161,      0.0192,      0.0002,      0.0156,      0.2060,   7782.8433,-419048.2188,   -910.7757,    551.7283,  25942.8086,
       1,     168,     335,       4,       1,       3,       1,     10.0000,      1.4013,     42.6161,    248.8312,     62.6218,      3.4953,      0.0000,     -0.0311,      0.3091,      0.1293,      5.5883,     11.1767,      1.1427,     28.3581,     56.7161,      0.0192,      0.0002,      0.0156,      0.2060,   7782.8428,-418968.6250,   -910.7634,    551.7338,  25942.8066,
       1,     168,     335,       5,       1,       3,       1,     10.0000,      1.4013,     42.6161,    248.8312,     62.6218,      3.4953,      0.0000,     -0.0312,      0.3171,      0.1322,      5.5883,     11.1767,      1.1685,     28.3581,     56.7161,      0.0192,      0.0002,      0.0156,      0.2060,   7782.8423,-418965.0312,   -910.0768,    551.7339,  25942.8086,
       1,     168,     335,       6,       1,       3,       1,     10.0000,      1.4013,     42.6161,    248.8312,     62.6218,      3.4953,      0.0000,     -0.0312,      0.3149,      0.1314,      5.5883,     11.1767,      1.1614,     28.3581,     56.7161,      0.0192,      0.0002,      0.0156,      0.2060,   7782.8428,-418974.5625,   -910.0781,    551.7333,  25942.8086,
       1,     168,     335,       7,       1,       3,       1,     10.0000,      1.4013,     42.6161,    248.8312,     62.6218,      3.4953,      0.0000,     -0.0312,      0.3171,      0.1322,      5.5883,     11.1767,      1.1685,     28.3581,     56.7161,      0.0192,      0.0002,      0.0156,      0.2060,   7782.8428,-418972.5938,   -910.0778,    551.7335,  25942.8086,
       1,     168,     335,       8,       1,       3,       1,     10.0000,      1.4013,     42.6161,    248.8312,     62.6218,      3.4953,      0.0022,     -0.0291,      0.3208,      0.1336,      5.5883,     11.1767,      1.1805,     28.3581,     56.7161,      0.0192,      0.0003,      0.0156,      0.2060,   7782.8428,-418975.1562,   -910.0782,    551.7333,  25942.8086,
       1,     168,     335,       9,       1,       3,       1,     10.0000,      1.4013,     42.6161,    248.8312,     62.6218,      3.4953,      0.0143,     -0.0171,      0.0157,      0.1363,      5.5883,     11.1767,      1.2046,     28.3581,     56.7161,      0.0192,      0.0003,      0.0007,      0.2060,   7782.8428,-418979.9062,   -910.0890,    551.7329,  25942.8086,
       1,     168,     335,      10,       1,       3,       1,     10.0000,      1.4013,     42.6161,    248.8312,     62.6218,      3.4953,      0.0817,      0.0503,      2.0582,      0.1366,      5.5883,     11.1767,      1.2071,     28.3581,     56.7161,      0.0192,      0.0003,      0.0976,      0.2060,   7782.8428,-418604.0312,   -910.0852,    551.7589,  25942.8086,
       1,     168,     335,      11,       1,       3,       1,     10.0000,      1.4013,     42.6161,    248.8312,     62.6218,      3.4953,      0.1153,      0.0837,      3.2061,      0.1417,      5.5883,     11.1767,      1.2519,     28.3581,     56.7161,      0.0192,      0.0003,      0.1458,      0.2060,   7782.8428,-421091.6875,   -910.7394,    551.5873,  25942.8086,
       1,     168,     335,      12,       1,       3,       1,     10.0000,      1.4013,     42.6161,    248.8312,     62.6218,      3.4953,      0.1797,      0.1475,      6.1238,      0.1621,      5.5883,     11.1767,      1.4326,     28.3581,     56.7161,      0.0192,      0.0003,      0.2386,      0.2060,   7782.8428,-422719.4688,   -911.4508,    551.4750,  25942.8086,
       1,     168,     335,      13,       1,       3,       1,     10.0000,      1.4013,     42.6161,    248.8312,     62.6218,      3.4953,      0.1778,      0.1447,      7.2630,      0.1900,      5.5883,     11.1767,      1.6785,     28.3581,     56.7161,      0.0192,      0.0004,      0.2359,      0.2060,   7782.8428,-426457.4375,   -913.2565,    551.2174,  25942.8105,
       1,     168,     335,      14,       1,       3,       1,     10.0000,      1.4013,     42.6161,    248.8312,     62.6218,      3.4953,      0.1842,      0.1509,      7.7645,      0.1947,      5.5883,     11.1767,      1.7206,     28.3581,     56.7161,      0.0192,      0.0004,      0.2451,      0.2060,   7782.8433,-428180.6875,   -915.4903,    551.0988,  25942.8105,
       1,     168,     335,      15,       1,       3,       1,     10.0000,      1.4013,     42.6161,    248.8312,     62.6218,      3.4953,      0.1615,      0.1285,      6.2256,      0.1822,      5.5883,     11.1767,      1.6100,     28.3581,     56.7161,      0.0192,      0.0004,      0.2122,      0.2060,   7782.8433,-428945.8125,   -917.1633,    551.0461,  25942.8086,
       1,     168,     335,      16,       1,       3,       1,     10.0000,      1.4013,     42.6161,    248.8312,     62.6218,      3.4953,      0.1677,      0.1346,      6.7945,      0.1896,      5.5883,     11.1767,      1.6752,     28.3581,     56.7161,      0.0192,      0.0004,      0.2212,      0.2060,   7782.8428,-427112.5625,   -917.5273,    551.1724,  25942.8105,
       1,     168,     335,      17,       1,       3,       1,     10.0000,      1.4013,     42.6161,    248.8312,     62.6218,      3.4953,      0.1019,      0.0689,      9.1682,      0.1868,      5.5883,     11.1767,      1.6504,     28.3581,     56.7161,      0.0192,      0.0009,      0.1251,      0.2060,   7782.8433,-427658.3438,   -918.4085,    551.1348,  25942.8086,
       1,     168,     335,      18,       1,       3,       1,     10.0000,      1.4013,     42.6161,    248.8312,     62.6218,      3.4953,      0.1051,      0.0724,     24.4346,      0.1760,      5.5883,     11.1767,      1.5549,     28.3581,     56.7161,      0.0192,      0.0023,      0.1282,      0.2060,   7782.8428,-430633.3750,   -919.3680,    550.9297,  25942.8086,
       1,     168,     335,      19,       1,       3,       1,     10.0000,      1.4013,     42.6161,    248.8312,     62.6218,      3.4953,      0.0236,     -0.0084,      2.5181,      0.1559,      5.5883,     11.1767,      1.3776,     28.3581,     56.7161,      0.0192,      0.0024,      0.0131,      0.2060,   7782.8428,-449722.3438,   -923.3671,    549.6153,  25942.8086,
       1,     168,     335,      20,       1,       3,       1,     10.0000,      1.4013,     42.6161,    248.8312,     62.6218,      3.4953,      0.0007,     -0.0310,      2.4857,      0.1487,      5.5883,     11.1767,      1.3140,     28.3581,     56.7161,      0.0192,      0.0020,      0.0156,      0.2060,   7782.8428,-424300.6562,   -918.9258,    551.3633,  25942.8066,
       1,     168,     335,      21,       1,       3,       1,     10.0000,      1.4013,     42.6161,    248.8312,     62.6218,      3.4953,      0.0000,     -0.0317,      2.7231,      0.1465,      5.5883,     11.1767,      1.2943,     28.3581,     56.7161,      0.0192,      0.0021,      0.0156,      0.2060,   7782.8423,-422107.1875,   -918.6830,    551.5172,  25942.8086,
       1,     168,     335,      22,       1,       3,       1,     10.0000,      1.4013,     42.6161,    248.8312,     62.6218,      3.4953,      0.0000,     -0.0317,      2.3340,      0.1447,      5.5883,     11.1767,      1.2787,     28.3581,     56.7161,      0.0192,      0.0018,      0.0156,      0.2060,   7782.8428,-422209.9688,   -918.8451,    551.5103,  25942.8086,
       1,     168,     335,      23,       1,       3,       1,     10.0000,      1.4013,     42.6161,    248.8312,     62.6218,      3.4953,      0.0000,     -0.0315,      1.6305,      0.1405,      5.5883,     11.1767,      1.2418,     28.3581,     56.7161,      0.0192,      0.0013,      0.0156,      0.2060,   7782.8428,-421738.6562,   -918.8360,    551.5427,  25942.8086,
       1,     168,     335,      24,       1,       3,       1,     10.0000,      1.4013,     42.6161,    248.8312,     62.6218,      3.4953,      0.0000,     -0.0315,      1.1004,      0.1405,      5.5883,     11.1767,      1.2418,     28.3581,     56.7161,      0.0192,      0.0009,      0.0156,      0.2060,   7782.8428,-420830.6562,   -918.7399,    551.6053,  25942.8066,
       1,     168,     336,       1,       1,       3,       1,     10.0000,      1.4014,     42.6164,    248.8370,     62.6233,      3.4953,      0.0000,     -0.0314,      0.4594,      0.1387,      5.5889,     11.1779,      1.2256,     28.3514,     56.7027,      0.0192,      0.0004,      0.0156,      0.2060,   7782.8423,-420252.9062,   -918.9509,    551.6579,  25943.9551,
       1,     168,     336,       2,       1,       3,       1,     10.0000,      1.4014,     42.6164,    248.8370,     62.6233,      3.4953,      0.0000,     -0.0314,      0.4284,      0.1386,      5.5889,     11.1779,      1.2243,     28.3514,     56.7027,      0.0192,      0.0003,      0.0156,      0.2060,   7783.1870,-419262.1875,   -918.5186,    551.7263,  25943.9531,
       1,     168,     336,       3,       1,       3,       1,     10.0000,      1.4014,     42.6164,    248.8370,     62.6233,      3.4953,      0.0000,     -0.0314,      0.3349,      0.1387,      5.5889,     11.1779,      1.2256,     28.3514,     56.7027,      0.0192,      0.0003,      0.0156,      0.2060,   7783.1860,-419140.0312,   -918.5034,    551.7347,  25943.9531,
       1,     168,     336,       4,       1,       3,       1,     10.0000,      1.4014,     42.6164,    248.8370,     62.6233,      3.4953,      0.0000,     -0.0314,      0.3322,      0.1377,      5.5889,     11.1779,      1.2169,     28.3514,     56.7027,      0.0192,      0.0003,      0.0156,      0.2060,   7783.1860,-419014.2812,   -918.4820,    551.7433,  25943.9531,
       1,     168,     336,       5,       1,       3,       1,     10.0000,      1.4014,     42.6164,    248.8370,     62.6233,      3.4953,      0.0000,     -0.0313,      0.3283,      0.1363,      5.5889,     11.1779,      1.2047,     28.3514,     56.7027,      0.0192,      0.0003,      0.0156,      0.2060,   7783.1860,-419000.2812,   -918.4811,    551.7443,  25943.9531,
       1,     168,     336,       6,       1,       3,       1,     10.0000,      1.4014,     42.6164,    248.8370,     62.6233,      3.4953,      0.0000,     -0.0312,      0.3219,      0.1340,      5.5889,     11.1779,      1.1841,     28.3514,     56.7027,      0.0192,      0.0003,      0.0156,      0.2060,   7783.1860,-418994.3750,   -918.4819,    551.7448,  25943.9531,
       1,     168,     336,       7,       1,       3,       1,     10.0000,      1.4014,     42.6164,    248.8370,     62.6233,      3.4953,      0.0000,     -0.0312,      0.3167,      0.1321,      5.5889,     11.1779,      1.1674,     28.3514,     56.7027,      0.0192,      0.0002,      0.0156,      0.2060,   7783.1860,-418985.9375,   -918.4818,    551.7454,  25943.9531,
       1,     168,     336,       8,       1,       3,       1,     10.0000,      1.4014,     42.6164,    248.8370,     62.6233,      3.4953,      0.0140,     -0.0172,      0.0100,      0.1324,      5.5889,     11.1779,      1.1697,     28.3514,     56.7027,      0.0192,      0.0002,      0.0005,      0.2060,   7783.1860,-418978.7500,   -918.4821,    551.7458,  25943.9551,
       1,     168,     336,       9,       1,       3,       1,     10.0000,      1.4014,     42.6164,    248.8370,     62.6233,      3.4953,      0.1279,      0.0962,      3.7306,      0.1460,      5.5889,     11.1779,      1.2904,     28.3514,     56.7027,      0.0192,      0.0003,      0.1638,      0.2060,   7783.1870,-418599.4062,   -918.4431,    551.7720,  25943.9531,
       1,     168,     336,      10,       1,       3,       1,     10.0000,      1.4014,     42.6164,    248.8370,     62.6233,      3.4953,      0.1526,      0.1202,      5.1810,      0.1639,      5.5889,     11.1779,      1.4485,     28.3514,     56.7027,      0.0192,      0.0003,      0.1993,      0.2060,   7783.1860,-423156.7500,   -919.5121,    551.4576,  25943.9512,
       1,     168,     336,      11,       1,       3,       1,     10.0000,      1.4014,     42.6164,    248.8370,     62.6233,      3.4953,      0.1522,      0.1195,      5.5012,      0.1732,      5.5889,     11.1779,      1.5303,     28.3514,     56.7027,      0.0192,      0.0003,      0.1987,      0.2060,   7783.1855,-425334.0000,   -920.2196,    551.3077,  25943.9551,
       1,     168,     336,      12,       1,       3,       1,     10.0000,      1.4014,     42.6164,    248.8370,     62.6233,      3.4953,      0.1768,      0.1441,      6.6308,      0.1765,      5.5889,     11.1779,      1.5596,     28.3514,     56.7027,      0.0192,      0.0003,      0.2344,      0.2060,   7783.1870,-425913.3438,   -914.8372,    551.2678,  25943.9531,
       1,     168,     336,      13,       1,       3,       1,     10.0000,      1.4014,     42.6164,    248.8370,     62.6233,      3.4953,      0.1522,      0.1200,      5.0324,      0.1602,      5.5889,     11.1779,      1.4155,     28.3514,     56.7027,      0.0192,      0.0003,      0.1988,      0.2060,   7783.1860,-427356.5312,   -913.9767,    551.1684,  25943.9531,
       1,     168,     336,      14,       1,       3,       1,     10.0000,      1.4014,     42.6164,    248.8370,     62.6233,      3.4953,      0.1547,      0.1229,      6.6391,      0.1468,      5.5889,     11.1779,      1.2969,     28.3514,     56.7027,      0.0192,      0.0004,      0.2022,      0.2060,   7783.1860,-425507.4062,   -911.8574,    551.2957,  25943.9531,
       1,     168,     336,      15,       1,       3,       1,     10.0000,      1.4014,     42.6164,    248.8370,     62.6233,      3.4953,      0.1556,      0.1236,     21.7238,      0.1539,      5.5889,     11.1779,      1.3598,     28.3514,     56.7027,      0.0192,      0.0013,      0.2018,      0.2060,   7783.1860,-427332.3125,   -912.1073,    551.1699,  25943.9531,
       1,     168,     336,      16,       1,       3,       1,     10.0000,      1.4014,     42.6164,    248.8370,     62.6233,      3.4953,      0.1391,      0.1069,     26.6676,      0.1600,      5.5889,     11.1779,      1.4141,     28.3514,     56.7027,      0.0192,      0.0018,      0.1773,      0.2060,   7783.1860,-446095.9062,   -916.3780,    549.8772,  25943.9531,
       1,     168,     336,      17,       1,       3,       1,     10.0000,      1.4014,     42.6164,    248.8370,     62.6233,      3.4953,      0.1280,      0.0957,     15.9102,      0.1633,      5.5889,     11.1779,      1.4427,     28.3514,     56.7027,      0.0192,      0.0012,      0.1624,      0.2060,   7783.1860,-453795.3750,   -918.6863,    549.3495,  25943.9531,
       1,     168,     336,      18,       1,       3,       1,     10.0000,      1.4014,     42.6164,    248.8370,     62.6233,      3.4953,      0.1086,      0.0763,     11.4382,      0.1641,      5.5889,     11.1779,      1.4499,     28.3514,     56.7027,      0.0192,      0.0010,      0.1349,      0.2060,   7783.1860,-441172.5312,   -917.0461,    550.2166,  25943.9551,
       1,     168,     336,      19,       1,       3,       1,     10.0000,      1.4014,     42.6164,    248.8370,     62.6233,      3.4953,      0.0601,      0.0281,      3.1781,      0.1559,      5.5889,     11.1779,      1.3776,     28.3514,     56.7027,      0.0192,      0.0006,      0.0658,      0.2060,   7783.1870,-434584.1875,   -916.3219,    550.6703,  25943.9512,
       1,     168,     336,      20,       1,       3,       1,     10.0000,      1.4014,     42.6164,    248.8370,     62.6233,      3.4953,      0.0014,     -0.0304,      0.8076,      0.1499,      5.5889,     11.1779,      1.3247,     28.3514,     56.7027,      0.0192,      0.0006,      0.0156,      0.2060,   7783.1855,-423834.1875,   -914.5897,    551.4106,  25943.9531,
       1,     168,     336,      21,       1,       3,       1,     10.0000,      1.4014,     42.6164,    248.8370,     62.6233,      3.4953,      0.0000,     -0.0317,      0.8466,      0.1469,      5.5889,     11.1779,      1.2982,     28.3514,     56.7027,      0.0192,      0.0007,      0.0156,      0.2060,   7783.1860,-419997.0000,   -913.9426,    551.6755,  25943.9531,
       1,     168,     336,      22,       1,       3,       1,     10.0000,      1.4014,     42.6164,    248.8370,     62.6233,      3.4953,      0.0000,     -0.0317,      1.0435,      0.1474,      5.5889,     11.1779,      1.3022,     28.3514,     56.7027,      0.0192,      0.0008,      0.0156,      0.2060,   7783.1860,-419718.5312,   -913.9459,    551.6948,  25943.9531,
       1,     168,     336,      23,       1,       3,       1,     10.0000,      1.4014,     42.6164,    248.8370,     62.6233,      3.4953,      0.0000,     -0.0317,      1.0164,      0.1472,      5.5889,     11.1779,      1.3008,     28.3514,     56.7027,      0.0192,      0.0008,      0.0156,      0.2060,   7783.1860,-419937.5938,   -914.0559,    551.6797,  25943.9531,
       1,     168,     336,      24,       1,       3,       1,     10.0000,      1.4014,     42.6164,    248.8370,     62.6233,      3.4953,      0.0000,     -0.0316,      0.7606,      0.1424,      5.5889,     11.1779,      1.2582,     28.3514,     56.7027,      0.0192,      0.0006,      0.0156,      0.2060,   7783.1860,-419922.8438,   -910.3390,    551.6807,  25943.9531,
       1,     168,     337,       1,       1,       3,       1,     10.0000,      1.4014,     42.6168,    248.8428,     62.6247,      3.4953,      0.0000,     -0.0315,      0.4694,      0.1410,      5.5887,     11.1775,      1.2456,     28.3498,     56.6996,      0.0192,      0.0004,      0.0156,      0.2061,   7783.1860,-419759.0000,   -910.6221,    551.7049,  25945.0996,
       1,     168,     337,       2,       1,       3,       1,     10.0000,      1.4014,     42.6168,    248.8428,     62.6247,      3.4953,      0.0000,     -0.0315,      0.4224,      0.1415,      5.5887,     11.1775,      1.2507,     28.3498,     56.6996,      0.0192,      0.0003,      0.0156,      0.2061,   7783.5303,-419235.3125,   -910.2973,    551.7410,  25945.0996,
       1,     168,     337,       3,       1,       3,       1,     10.0000,      1.4014,     42.6168,    248.8428,     62.6247,      3.4953,      0.0000,     -0.0316,      0.3967,      0.1433,      5.5887,     11.1775,      1.2659,     28.3498,     56.6996,      0.0192,      0.0003,      0.0156,      0.2061,   7783.5303,-419132.9062,   -910.2905,    551.7480,  25945.0977,
       1,     168,     337,       4,       1,       3,       1,     10.0000,      1.4014,     42.6168,    248.8428,     62.6247,      3.4953,      0.0000,     -0.0316,      0.4149,      0.1441,      5.5887,     11.1775,      1.2736,     28.3498,     56.6996,      0.0192,      0.0003,      0.0156,      0.2061,   7783.5298,-419092.8438,   -910.2917,    551.7508,  25945.0977,
       1,     168,     337,       5,       1,       3,       1,     10.0000,      1.4014,     42.6168,    248.8428,     62.6247,      3.4953,      0.0000,     -0.0316,      0.3467,      0.1430,      5.5887,     11.1775,      1.2634,     28.3498,     56.6996,      0.0192,      0.0003,      0.0156,      0.2061,   7783.5298,-419111.8438,   -910.3057,    551.7495,  25945.0977,
       1,     168,     337,       6,       1,       3,       1,     10.0000,      1.4014,     42.6168,    248.8428,     62.6247,      3.4953,      0.0000,     -0.0315,      0.3396,      0.1404,      5.5887,     11.1775,      1.2406,     28.3498,     56.6996,      0.0192,      0.0003,      0.0156,      0.2061,   7783.5298,-419029.4375,   -910.2927,    551.7552,  25945.0977,
       1,     168,     337,       7,       1,       3,       1,     10.0000,      1.4014,     42.6168,    248.8428,     62.6247,      3.4953,      0.0000,     -0.0314,      0.3314,      0.1374,      5.5887,     11.1775,      1.2145,     28.3498,     56.6996,      0.0192,      0.0003,      0.0156,      0.2061,   7783.5298,-419013.5000,   -910.2913,    551.7563,  25945.0977,
       1,     168,     337,       8,       1,       3,       1,     10.0000,      1.4014,     42.6168,    248.8428,     62.6247,      3.4953,      0.0125,     -0.0190,      0.3372,      0.1395,      5.5887,     11.1775,      1.2331,     28.3498,     56.6996,      0.0192,      0.0003,      0.0156,      0.2061,   7783.5298,-419002.1250,   -910.2909,    551.7570,  25945.0977,
       1,     168,     337,       9,       1,       3,       1,     10.0000,      1.4014,     42.6168,    248.8428,     62.6247,      3.4953,      0.0727,      0.0413,      2.3004,      0.1397,      5.5887,     11.1775,      1.2343,     28.3498,     56.6996,      0.0192,      0.0003,      0.0846,      0.2061,   7783.5298,-419008.4062,   -910.1171,    551.7567,  25945.0977,
       1,     168,     337,      10,       1,       3,       1,     10.0000,      1.4014,     42.6168,    248.8428,     62.6247,      3.4953,      0.1324,      0.1003,      5.6159,      0.1556,      5.5887,     11.1775,      1.3749,     28.3498,     56.6996,      0.0192,      0.0004,      0.1700,      0.2061,   7783.5298,-421430.0312,   -910.7188,    551.5895,  25945.0957,
       1,     168,     337,      11,       1,       3,       1,     10.0000,      1.4014,     42.6168,    248.8428,     62.6247,      3.4953,      0.1877,      0.1548,      8.3878,      0.1793,      5.5887,     11.1775,      1.5846,     28.3498,     56.6996,      0.0192,      0.0004,      0.2500,      0.2061,   7783.5288,-425725.5312,   -912.0035,    551.2934,  25945.0996,
       1,     168,     337,      12,       1,       3,       1,     10.0000,      1.4014,     42.6168,    248.8428,     62.6247,      3.4953,      0.1879,      0.1546,     13.2838,      0.1963,      5.5887,     11.1775,      1.7343,     28.3498,     56.6996,      0.0192,      0.0007,      0.2500,      0.2061,   7783.5303,-429509.4375,   -914.0530,    551.0328,  25945.0977,
       1,     168,     337,      13,       1,       3,       1,     10.0000,      1.4014,     42.6168,    248.8428,     62.6247,      3.4953,      0.1883,      0.1549,     18.1672,      0.1974,      5.5887,     11.1775,      1.7447,     28.3498,     56.6996,      0.0192,      0.0009,      0.2500,      0.2061,   7783.5298,-435870.7500,   -916.7084,    550.5948,  25945.0977,
       1,     168,     337,      14,       1,       3,       1,     10.0000,      1.4014,     42.6168,    248.8428,     62.6247,      3.4953,      0.1884,      0.1546,     21.1090,      0.2126,      5.5887,     11.1775,      1.8786,     28.3498,     56.6996,      0.0192,      0.0010,      0.2500,      0.2061,   7783.5298,-442435.8750,   -919.1763,    550.1430,  25945.0957,
       1,     168,     337,      15,       1,       3,       1,     10.0000,      1.4014,     42.6168,    248.8428,     62.6247,      3.4953,      0.1865,      0.1531,     38.9148,      0.1961,      5.5887,     11.1775,      1.7326,     28.3498,     56.6996,      0.0192,      0.0019,      0.2449,      0.2061,   7783.5288,-446623.6875,   -921.3981,    549.8553,  25945.0977,
       1,     168,     337,      16,       1,       3,       1,     10.0000,      1.4014,     42.6168,    248.8428,     62.6247,      3.4953,      0.1743,      0.1412,     55.8039,      0.1894,      5.5887,     11.1775,      1.6736,     28.3498,     56.6996,      0.0192,      0.0030,      0.2252,      0.2060,   7783.5298,-468947.8125,   -926.5559,    548.3209,  25945.0996,
       1,     168,     337,      17,       1,       3,       1,     10.0000,      1.4014,     42.6168,    248.8428,     62.6247,      3.4953,      0.1759,      0.1428,     76.5031,      0.1870,      5.5887,     11.1775,      1.6522,     28.3498,     56.6996,      0.0192,      0.0042,      0.2251,      0.2060,   7783.5303,-491693.3438,   -931.7932,    546.7640,  25945.0977,
       1,     168,     337,      18,       1,       3,       1,     10.0000,      1.4014,     42.6168,    248.8428,     62.6247,      3.4953,      0.1213,      0.0886,     62.8858,      0.1742,      5.5887,     11.1775,      1.5395,     28.3498,     56.6996,      0.0192,      0.0052,      0.1473,      0.2060,   7783.5298,-519182.5000,   -938.0837,    544.8876,  25945.0977,
       1,     168,     337,      19,       1,       3,       1,     10.0000,      1.4014,     42.6168,    248.8428,     62.6247,      3.4953,      0.0620,      0.0297,     30.4871,      0.1626,      5.5887,     11.1775,      1.4369,     28.3498,     56.6996,      0.0192,      0.0057,      0.0652,      0.2060,   7783.5298,-504698.9375,   -936.3104,    545.8772,  25945.0977,
       1,     168,     337,      20,       1,       3,       1,     10.0000,      1.4014,     42.6168,    248.8428,     62.6247,      3.4953,      0.0013,     -0.0307,      6.0289,      0.1540,      5.5887,     11.1775,      1.3612,     28.3498,     56.6996,      0.0192,      0.0047,      0.0156,      0.2060,   7783.5298,-463462.4375,   -929.2662,    548.6919,  25945.0977,
       1,     168,     337,      21,       1,       3,       1,     10.0000,      1.4014,     42.6168,    248.8428,     62.6247,      3.4953,      0.0000,     -0.0317,      5.3154,      0.1475,      5.5887,     11.1775,      1.3035,     28.3498,     56.6996,      0.0192,      0.0042,      0.0156,      0.2060,   7783.5298,-429804.9062,   -923.3076,    551.0076,  25945.0957,
       1,     168,     337,      22,       1,       3,       1,     10.0000,      1.4014,     42.6168,    248.8428,     62.6247,      3.4953,      0.0000,     -0.0316,      5.2520,      0.1447,      5.5887,     11.1775,      1.2788,     28.3498,     56.6996,      0.0192,      0.0041,      0.0156,      0.2061,   7783.5288,-426072.9062,   -922.8408,    551.2695,  25945.0977,
       1,     168,     337,      23,       1,       3,       1,     10.0000,      1.4014,     42.6168,    248.8428,     62.6247,      3.4953,      0.0000,     -0.0315,      4.5502,      0.1418,      5.5887,     11.1775,      1.2532,     28.3498,     56.6996,      0.0192,      0.0036,      0.0156,      0.2061,   7783.5298,-425671.5000,   -922.9833,    551.2972,  25945.0977,
       1,     168,     337,      24,       1,       3,       1,     10.0000,      1.4014,     42.6168,    248.8428,     62.6247,      3.4953,      0.0000,     -0.0313,      2.9620,      0.1363,      5.5887,     11.1775,      1.2047,     28.3498,     56.6996,      0.0192,      0.0023,      0.0156,      0.2061,   7783.5298,-424771.6875,   -922.9824,    551.3593,  25945.0977,
       1,     168,     338,       1,       1,       3,       1,     10.0000,      1.4014,     42.6171,    248.8485,     62.6262,      3.4953,      0.0000,     -0.0312,      2.3473,      0.1339,      5.5885,     11.1770,      1.1829,     28.3522,     56.7045,      0.0193,      0.0018,      0.0156,      0.2061,   7783.5298,-422888.8125,   -922.9731,    551.5018,  25946.2402,
       1,     168,     338,       2,       1,       3,       1,     10.0000,      1.4014,     42.6171,    248.8485,     62.6262,      3.4953,      0.0000,     -0.0313,      1.8786,      0.1348,      5.5885,     11.1770,      1.1914,     28.3522,     56.7045,      0.0193,      0.0015,      0.0156,      0.2061,   7783.8726,-421820.8125,   -922.5695,    551.5754,  25946.2402,
       1,     168,     338,       3,       1,       3,       1,     10.0000,      1.4014,     42.6171,    248.8485,     62.6262,      3.4953,      0.0000,     -0.0312,      1.5613,      0.1321,      5.5885,     11.1770,      1.1674,     28.3522,     56.7045,      0.0193,      0.0012,      0.0156,      0.2061,   7783.8726,-421151.9688,   -922.5020,    551.6216,  25946.2402,
       1,     168,     338,       4,       1,       3,       1,     10.0000,      1.4014,     42.6171,    248.8485,     62.6262,      3.4953,      0.0000,     -0.0311,      1.4685,      0.1295,      5.5885,     11.1770,      1.1439,     28.3522,     56.7045,      0.0193,      0.0012,      0.0156,      0.2061,   7783.8726,-420703.6875,   -922.4645,    551.6525,  25946.2422,
       1,     168,     338,       5,       1,       3,       1,     10.0000,      1.4014,     42.6171,    248.8485,     62.6262,      3.4953,      0.0000,     -0.0309,      1.2140,      0.1242,      5.5885,     11.1770,      1.0972,     28.3522,     56.7045,      0.0193,      0.0010,      0.0156,      0.2061,   7783.8730,-420550.7812,   -922.4728,    551.6631,  25946.2383,
       1,     168,     338,       6,       1,       3,       1,     10.0000,      1.4014,     42.6171,    248.8485,     62.6262,      3.4953,      0.0000,     -0.0308,      0.8626,      0.1230,      5.5885,     11.1770,      1.0871,     28.3522,     56.7045,      0.0193,      0.0007,      0.0156,      0.2061,   7783.8716,-420224.5000,   -922.4349,    551.6855,  25946.2402,
       1,     168,     338,       7,       1,       3,       1,     10.0000,      1.4014,     42.6171,    248.8485,     62.6262,      3.4953,      0.0000,     -0.0308,      0.7372,      0.1235,      5.5885,     11.1770,      1.0916,     28.3522,     56.7045,      0.0193,      0.0006,      0.0156,      0.2061,   7783.8726,-419763.2812,   -922.3708,    551.7173,  25946.2402,
       1,     168,     338,       8,       1,       3,       1,     10.0000,      1.4014,     42.6171,    248.8485,     62.6262,      3.4953,      0.0082,     -0.0225,      0.4606,      0.1212,      5.5885,     11.1770,      1.0706,     28.3522,     56.7045,      0.0193,      0.0004,      0.0156,      0.2061,   7783.8726,-419569.4375,   -922.3535,    551.7308,  25946.2402,
       1,     168,     338,       9,       1,       3,       1,     10.0000,      1.4014,     42.6171,    248.8485,     62.6262,      3.4953,      0.1275,      0.0960,      3.7601,      0.1410,      5.5885,     11.1770,      1.2456,     28.3522,     56.7045,      0.0193,      0.0003,      0.1633,      0.2061,   7783.8726,-419211.6875,   -922.3019,    551.7554,  25946.2422,
       1,     168,     338,      10,       1,       3,       1,     10.0000,      1.4014,     42.6171,    248.8485,     62.6262,      3.4953,      0.1704,      0.1373,      6.8351,      0.1877,      5.5885,     11.1770,      1.6588,     28.3522,     56.7045,      0.0193,      0.0004,      0.2251,      0.2061,   7783.8730,-423249.9062,   -923.2277,    551.4769,  25946.2402,
       1,     168,     338,      11,       1,       3,       1,     10.0000,      1.4014,     42.6171,    248.8485,     62.6262,      3.4953,      0.1876,      0.1545,      7.6495,      0.1879,      5.5885,     11.1770,      1.6604,     28.3522,     56.7045,      0.0193,      0.0004,      0.2500,      0.2061,   7783.8726,-427386.0312,   -924.3726,    551.1918,  25946.2383,
       1,     168,     338,      12,       1,       3,       1,     10.0000,      1.4014,     42.6171,    248.8485,     62.6262,      3.4953,      0.1875,      0.1542,      8.3184,      0.1969,      5.5885,     11.1770,      1.7395,     28.3522,     56.7045,      0.0193,      0.0004,      0.2500,      0.2061,   7783.8716,-428742.5312,   -924.9790,    551.0984,  25946.2402,
       1,     168,     338,      13,       1,       3,       1,     10.0000,      1.4014,     42.6171,    248.8485,     62.6262,      3.4953,      0.1875,      0.1536,      8.7995,      0.2134,      5.5885,     11.1770,      1.8860,     28.3522,     56.7045,      0.0193,      0.0004,      0.2500,      0.2061,   7783.8726,-429682.4375,   -925.4979,    551.0337,  25946.2402,
       1,     168,     338,      14,       1,       3,       1,     10.0000,      1.4014,     42.6171,    248.8485,     62.6262,      3.4953,      0.1889,      0.1551,     27.0956,      0.2128,      5.5885,     11.1770,      1.8805,     28.3522,     56.7045,      0.0193,      0.0013,      0.2500,      0.2061,   7783.8726,-430355.7500,   -925.9777,    550.9873,  25946.2383,
       1,     168,     338,      15,       1,       3,       1,     10.0000,      1.4014,     42.6171,    248.8485,     62.6262,      3.4953,      0.1930,      0.1589,     79.3327,      0.2196,      5.5885,     11.1770,      1.9405,     28.3522,     56.7045,      0.0193,      0.0039,      0.2500,      0.2061,   7783.8716,-452979.0000,   -930.6075,    549.4292,  25946.2383,
       1,     168,     338,      16,       1,       3,       1,     10.0000,      1.4014,     42.6171,    248.8485,     62.6262,      3.4953,      0.1944,      0.1604,     98.2046,      0.2194,      5.5885,     11.1770,      1.9386,     28.3522,     56.7045,      0.0193,      0.0048,      0.2500,      0.2061,   7783.8716,-519355.9062,   -943.8077,    544.8727,  25946.2402,
       1,     168,     338,      17,       1,       3,       1,     10.0000,      1.4014,     42.6171,    248.8485,     62.6262,      3.4953,      0.1869,      0.1533,    108.6894,      0.2056,      5.5885,     11.1770,      1.8168,     28.3522,     56.7045,      0.0193,      0.0056,      0.2376,      0.2060,   7783.8726,-548346.4375,   -949.9485,    542.9170,  25946.2383,
       1,     168,     338,      18,       1,       3,       1,     10.0000,      1.4014,     42.6171,    248.8485,     62.6262,      3.4953,      0.1525,      0.1194,     88.6472,      0.1868,      5.5885,     11.1770,      1.6506,     28.3522,     56.7045,      0.0193,      0.0057,      0.1896,      0.2060,   7783.8716,-563744.4375,   -953.5204,    541.8756,  25946.2383,
       1,     168,     338,      19,       1,       3,       1,     10.0000,      1.4014,     42.6171,    248.8485,     62.6262,      3.4953,      0.0715,      0.0389,     34.8521,      0.1710,      5.5885,     11.1770,      1.5106,     28.3522,     56.7045,      0.0193,      0.0055,      0.0782,      0.2059,   7783.8716,-540276.0000,   -949.5023,    543.4662,  25946.2422,
       1,     168,     338,      20,       1,       3,       1,     10.0000,      1.4014,     42.6171,    248.8485,     62.6262,      3.4953,      0.0021,     -0.0299,      7.0212,      0.1564,      5.5885,     11.1770,      1.3819,     28.3522,     56.7045,      0.0193,      0.0055,      0.0156,      0.2060,   7783.8730,-471834.0000,   -936.4877,    548.1180,  25946.2402,
       1,     168,     338,      21,       1,       3,       1,     10.0000,      1.4014,     42.6171,    248.8485,     62.6262,      3.4953,      0.0000,     -0.0317,      6.5524,      0.1474,      5.5885,     11.1770,      1.3022,     28.3522,     56.7045,      0.0193,      0.0051,      0.0156,      0.2060,   7783.8726,-431752.3125,   -928.7424,    550.8842,  25946.2402,
       1,     168,     338,      22,       1,       3,       1,     10.0000,      1.4014,     42.6171,    248.8485,     62.6262,      3.4953,      0.0000,     -0.0314,      5.5541,      0.1376,      5.5885,     11.1770,      1.2158,     28.3522,     56.7045,      0.0193,      0.0044,      0.0156,      0.2061,   7783.8726,-427768.7500,   -927.9647,    551.1655,  25946.2402,
       1,     168,     338,      23,       1,       3,       1,     10.0000,      1.4014,     42.6171,    248.8485,     62.6262,      3.4953,      0.0000,     -0.0313,      4.1636,      0.1356,      5.5885,     11.1770,      1.1986,     28.3522,     56.7045,      0.0193,      0.0033,      0.0156,      0.2061,   7783.8726,-426190.5312,   -927.6673,    551.2742,  25946.2422,
       1,     168,     338,      24,       1,       3,       1,     10.0000,      1.4014,     42.6171,    248.8485,     62.6262,      3.4953,      0.0000,     -0.0313,      3.4859,      0.1346,      5.5885,     11.1770,      1.1889,     28.3522,     56.7045,      0.0193,      0.0027,      0.0156,      0.2061,   7783.8730,-424341.1562,   -927.3158,    551.4017,  25946.2402,
       1,     168,     339,       1,       1,       3,       1,     10.0000,      1.4014,     42.6174,    248.8543,     62.6276,      3.4953,      0.0000,     -0.0312,      2.4411,      0.1332,      5.5881,     11.1762,      1.1770,     28.3588,     56.7175,      0.0193,      0.0019,      0.0156,      0.2061,   7783.8726,-423500.5938,   -927.4309,    551.4723,  25947.3828,
       1,     168,     339,       2,       1,       3,       1,     10.0000,      1.4014,     42.6174,    248.8543,     62.6276,      3.4953,      0.0000,     -0.0312,      1.8906,      0.1337,      5.5881,     11.1762,      1.1818,     28.3588,     56.7175,      0.0193,      0.0015,      0.0156,      0.2061,   7784.2153,-421991.0625,   -926.8646,    551.5765,  25947.3848,
       1,     168,     339,       3,       1,       3,       1,     10.0000,      1.4014,     42.6174,    248.8543,     62.6276,      3.4953,      0.0000,     -0.0312,      0.9713,      0.1317,      5.5881,     11.1762,      1.1639,     28.3588,     56.7175,      0.0193,      0.0008,      0.0156,      0.2061,   7784.2158,-421183.4062,   -926.7046,    551.6321,  25947.3828,
       1,     168,     339,       4,       1,       3,       1,     10.0000,      1.4014,     42.6174,    248.8543,     62.6276,      3.4953,      0.0000,     -0.0311,      0.3502,      0.1292,      5.5881,     11.1762,      1.1416,     28.3588,     56.7175,      0.0193,      0.0003,      0.0156,      0.2061,   7784.2153,-419981.5625,   -926.4713,    551.7150,  25947.3848,
       1,     168,     339,       5,       1,       3,       1,     10.0000,      1.4014,     42.6174,    248.8543,     62.6276,      3.4953,      0.0000,     -0.0310,      0.3017,      0.1266,      5.5881,     11.1762,      1.1186,     28.3588,     56.7175,      0.0193,      0.0002,      0.0156,      0.2061,   7784.2158,-419113.2188,   -926.3037,    551.7748,  25947.3828,
       1,     168,     339,       6,       1,       3,       1,     10.0000,      1.4014,     42.6174,    248.8543,     62.6276,      3.4953,      0.0000,     -0.0309,      0.2985,      0.1254,      5.5881,     11.1762,      1.1084,     28.3588,     56.7175,      0.0193,      0.0002,      0.0156,      0.2061,   7784.2153,-418979.8125,   -926.2797,    551.7841,  25947.3828,
       1,     168,     339,       7,       1,       3,       1,     10.0000,      1.4014,     42.6174,    248.8543,     62.6276,      3.4953,      0.0000,     -0.0309,      0.2989,      0.1256,      5.5881,     11.1762,      1.1096,     28.3588,     56.7175,      0.0193,      0.0002,      0.0156,      0.2061,   7784.2153,-418964.4688,   -926.2780,    551.7851,  25947.3848,
       1,     168,     339,       8,       1,       3,       1,     10.0000,      1.4014,     42.6174,    248.8543,     62.6276,      3.4953,      0.0040,     -0.0268,      0.2940,      0.1238,      5.5881,     11.1762,      1.0938,     28.3588,     56.7175,      0.0193,      0.0002,      0.0156,      0.2061,   7784.2158,-418963.5312,   -926.2788,    551.7852,  25947.3828,
       1,     168,     339,       9,       1,       3,       1,     10.0000,      1.4014,     42.6174,    248.8543,     62.6276,      3.4953,      0.1034,      0.0724,      2.5379,      0.1285,      5.5881,     11.1762,      1.1358,     28.3588,     56.7175,      0.0193,      0.0002,      0.1290,      0.2061,   7784.2153,-418957.6875,   -926.2781,    551.7856,  25947.3809,
       1,     168,     339,      10,       1,       3,       1,     10.0000,      1.4014,     42.6174,    248.8543,     62.6276,      3.4953,      0.1677,      0.1358,      5.2572,      0.1516,      5.5881,     11.1762,      1.3395,     28.3588,     56.7175,      0.0193,      0.0003,      0.2212,      0.2061,   7784.2144,-421724.1875,   -926.7915,    551.5948,  25947.3828,
       1,     168,     339,      11,       1,       3,       1,     10.0000,      1.4014,     42.6174,    248.8543,     62.6276,      3.4953,      0.1875,      0.1544,      7.6881,      0.1898,      5.5881,     11.1762,      1.6770,     28.3588,     56.7175,      0.0193,      0.0004,      0.2500,      0.2061,   7784.2153,-425312.3125,   -927.4484,    551.3475,  25947.3828,
       1,     168,     339,      12,       1,       3,       1,     10.0000,      1.4014,     42.6174,    248.8543,     62.6276,      3.4953,      0.1875,      0.1538,      8.5059,      0.2072,      5.5881,     11.1762,      1.8312,     28.3588,     56.7175,      0.0193,      0.0004,      0.2500,      0.2061,   7784.2153,-428614.9688,   -927.9854,    551.1198,  25947.3828,
       1,     168,     339,      13,       1,       3,       1,     10.0000,      1.4014,     42.6174,    248.8543,     62.6276,      3.4953,      0.1874,      0.1532,      9.4912,      0.2280,      5.5881,     11.1762,      2.0143,     28.3588,     56.7175,      0.0193,      0.0005,      0.2500,      0.2061,   7784.2153,-429904.4688,   -928.0652,    551.0311,  25947.3848,
       1,     168,     339,      14,       1,       3,       1,     10.0000,      1.4014,     42.6174,    248.8543,     62.6276,      3.4953,      0.1875,      0.1534,      9.0929,      0.2196,      5.5881,     11.1762,      1.9406,     28.3588,     56.7175,      0.0193,      0.0004,      0.2500,      0.2061,   7784.2158,-431228.8438,   -928.0778,    550.9399,  25947.3828,
       1,     168,     339,      15,       1,       3,       1,     10.0000,      1.4014,     42.6174,    248.8543,     62.6276,      3.4953,      0.1886,      0.1547,     23.8139,      0.2160,      5.5881,     11.1762,      1.9085,     28.3588,     56.7175,      0.0193,      0.0012,      0.2500,      0.2061,   7784.2153,-430850.3750,   -927.8809,    550.9659,  25947.3828,
       1,     168,     339,      16,       1,       3,       1,     10.0000,      1.4014,     42.6174,    248.8543,     62.6276,      3.4953,      0.1384,      0.1049,     52.1785,      0.2010,      5.5881,     11.1762,      1.7760,     28.3588,     56.7175,      0.0193,      0.0037,      0.1732,      0.2061,   7784.2153,-448972.7188,   -931.2868,    549.7179,  25947.3809,
       1,     168,     339,      17,       1,       3,       1,     10.0000,      1.4014,     42.6174,    248.8543,     62.6276,      3.4953,      0.1081,      0.0759,     46.6821,      0.1599,      5.5881,     11.1762,      1.4127,     28.3588,     56.7175,      0.0193,      0.0044,      0.1301,      0.2061,   7784.2144,-485505.7812,   -938.5562,    547.2089,  25947.3848,
       1,     168,     339,      18,       1,       3,       1,     10.0000,      1.4014,     42.6174,    248.8543,     62.6276,      3.4953,      0.0868,      0.0547,     40.7682,      0.1567,      5.5881,     11.1762,      1.3847,     28.3588,     56.7175,      0.0193,      0.0050,      0.1000,      0.2061,   7784.2158,-481836.0938,   -937.9780,    547.4656,  25947.3809,
       1,     168,     339,      19,       1,       3,       1,     10.0000,      1.4014,     42.6174,    248.8543,     62.6276,      3.4953,      0.0194,     -0.0125,      2.7439,      0.1522,      5.5881,     11.1762,      1.3449,     28.3588,     56.7175,      0.0193,      0.0047,      0.0072,      0.2061,   7784.2144,-474220.1250,   -936.5953,    547.9869,  25947.3828,
       1,     168,     339,      20,       1,       3,       1,     10.0000,      1.4014,     42.6174,    248.8543,     62.6276,      3.4953,      0.0008,     -0.0311,      5.6189,      0.1527,      5.5881,     11.1762,      1.3490,     28.3588,     56.7175,      0.0193,      0.0044,      0.0156,      0.2061,   7784.2153,-426652.0000,   -927.2062,    551.2454,  25947.3828,
       1,     168,     339,      21,       1,       3,       1,     10.0000,      1.4014,     42.6174,    248.8543,     62.6276,      3.4953,      0.0000,     -0.0318,      4.6041,      0.1489,      5.5881,     11.1762,      1.3154,     28.3588,     56.7175,      0.0193,      0.0036,      0.0156,      0.2061,   7784.2153,-426189.4375,   -927.0662,    551.2870,  25947.3828,
       1,     168,     339,      22,       1,       3,       1,     10.0000,      1.4014,     42.6174,    248.8543,     62.6276,      3.4953,      0.0000,     -0.0315,      2.2657,      0.1405,      5.5881,     11.1762,      1.2419,     28.3588,     56.7175,      0.0193,      0.0018,      0.0156,      0.2061,   7784.2153,-424886.7188,   -926.7762,    551.3768,  25947.3828,
       1,     168,     339,      23,       1,       3,       1,     10.0000,      1.4014,     42.6174,    248.8543,     62.6276,      3.4953,      0.0000,     -0.0316,      2.4909,      0.1438,      5.5881,     11.1762,      1.2711,     28.3588,     56.7175,      0.0193,      0.0020,      0.0156,      0.2061,   7784.2153,-421892.3750,   -926.1819,    551.5832,  25947.3809,
       1,     168,     339,      24,       1,       3,       1,     10.0000,      1.4014,     42.6174,    248.8543,     62.6276,      3.4953,      0.0000,     -0.0315,      1.8933,      0.1413,      5.5881,     11.1762,      1.2482,     28.3588,     56.7175,      0.0193,      0.0015,      0.0156,      0.2061,   7784.2144,-421916.0000,   -926.1688,    551.5817,  25947.3809,
       1,     168,     340,       1,       1,       3,       1,     10.0000,      1.4014,     42.6177,    248.8601,     62.6291,      3.4953,      0.0000,     -0.0313,      1.7051,      0.1344,      5.5893,     11.1785,      1.1878,     28.3583,     56.7166,      0.0193,      0.0013,      0.0156,      0.2061,   7784.2144,-421333.8750,   -926.3232,    551.6346,  25948.5254,
       1,     168,     340,       2,       1,       3,       1,     10.0000,      1.4014,     42.6177,    248.8601,     62.6291,      3.4953,      0.0000,     -0.0312,      2.0503,      0.1321,      5.5893,     11.1785,      1.1675,     28.3583,     56.7166,      0.0193,      0.0016,      0.0156,      0.2061,   7784.5581,-420901.9062,   -925.9512,    551.6644,  25948.5254,
       1,     168,     340,       3,       1,       3,       1,     10.0000,      1.4014,     42.6177,    248.8601,     62.6291,      3.4953,      0.0000,     -0.0313,      1.2523,      0.1350,      5.5893,     11.1785,      1.1926,     28.3583,     56.7166,      0.0193,      0.0010,      0.0156,      0.2061,   7784.5581,-421290.8125,   -926.0168,    551.6376,  25948.5254,
       1,     168,     340,       4,       1,       3,       1,     10.0000,      1.4014,     42.6177,    248.8601,     62.6291,      3.4953,      0.0000,     -0.0311,      0.6383,      0.1293,      5.5893,     11.1785,      1.1428,     28.3583,     56.7166,      0.0193,      0.0005,      0.0156,      0.2061,   7784.5581,-420339.9375,   -925.8224,    551.7031,  25948.5254,
       1,     168,     340,       5,       1,       3,       1,     10.0000,      1.4014,     42.6177,    248.8601,     62.6291,      3.4953,      0.0000,     -0.0310,      0.3066,      0.1284,      5.5893,     11.1785,      1.1347,     28.3583,     56.7166,      0.0193,      0.0002,      0.0156,      0.2061,   7784.5581,-419502.2500,   -925.6573,    551.7609,  25948.5273,
       1,     168,     340,       6,       1,       3,       1,     10.0000,      1.4014,     42.6177,    248.8601,     62.6291,      3.4953,      0.0000,     -0.0311,      0.3084,      0.1291,      5.5893,     11.1785,      1.1405,     28.3583,     56.7166,      0.0193,      0.0002,      0.0156,      0.2061,   7784.5586,-419021.8750,   -925.5637,    551.7941,  25948.5254,
       1,     168,     340,       7,       1,       3,       1,     10.0000,      1.4014,     42.6177,    248.8601,     62.6291,      3.4953,      0.0000,     -0.0310,      0.3020,      0.1267,      5.5893,     11.1785,      1.1198,     28.3583,     56.7166,      0.0193,      0.0002,      0.0156,      0.2061,   7784.5581,-418983.3750,   -925.5579,    551.7967,  25948.5234,
       1,     168,     340,       8,       1,       3,       1,     10.0000,      1.4014,     42.6177,    248.8601,     62.6291,      3.4953,      0.0043,     -0.0268,      0.3073,      0.1287,      5.5893,     11.1785,      1.1370,     28.3583,     56.7166,      0.0193,      0.0002,      0.0156,      0.2061,   7784.5571,-418972.6250,   -925.5579,    551.7974,  25948.5234,
       1,     168,     340,       9,       1,       3,       1,     10.0000,      1.4014,     42.6177,    248.8601,     62.6291,      3.4953,      0.0914,      0.0601,      2.3453,      0.1362,      5.5893,     11.1785,      1.2036,     28.3583,     56.7166,      0.0193,      0.0003,      0.1116,      0.2061,   7784.5571,-418978.3125,   -925.5578,    551.7971,  25948.5254,
       1,     168,     340,      10,       1,       3,       1,     10.0000,      1.4014,     42.6177,    248.8601,     62.6291,      3.4953,      0.1529,      0.1206,      5.1225,      0.1620,      5.5893,     11.1785,      1.4313,     28.3583,     56.7166,      0.0193,      0.0003,      0.1998,      0.2061,   7784.5581,-421490.8438,   -925.9938,    551.6238,  25948.5254,
       1,     168,     340,      11,       1,       3,       1,     10.0000,      1.4014,     42.6177,    248.8601,     62.6291,      3.4953,      0.1847,      0.1516,      7.4485,      0.1874,      5.5893,     11.1785,      1.6556,     28.3583,     56.7166,      0.0193,      0.0004,      0.2458,      0.2061,   7784.5581,-425128.5938,   -926.5988,    551.3729,  25948.5254,
       1,     168,     340,      12,       1,       3,       1,     10.0000,      1.4014,     42.6177,    248.8601,     62.6291,      3.4953,      0.1875,      0.1542,      7.9913,      0.1963,      5.5893,     11.1785,      1.7345,     28.3583,     56.7166,      0.0193,      0.0004,      0.2500,      0.2061,   7784.5581,-428306.0938,   -927.0980,    551.1540,  25948.5254,
       1,     168,     340,      13,       1,       3,       1,     10.0000,      1.4014,     42.6177,    248.8601,     62.6291,      3.4953,      0.1875,      0.1539,      8.4197,      0.2054,      5.5893,     11.1785,      1.8151,     28.3583,     56.7166,      0.0193,      0.0004,      0.2500,      0.2061,   7784.5581,-429245.5938,   -927.1483,    551.0894,  25948.5254,
       1,     168,     340,      14,       1,       3,       1,     10.0000,      1.4014,     42.6177,    248.8601,     62.6291,      3.4953,      0.1875,      0.1537,      8.7107,      0.2116,      5.5893,     11.1785,      1.8695,     28.3583,     56.7166,      0.0193,      0.0004,      0.2500,      0.2061,   7784.5581,-429853.4688,   -927.1465,    551.0474,  25948.5234,
       1,     168,     340,      15,       1,       3,       1,     10.0000,      1.4014,     42.6177,    248.8601,     62.6291,      3.4953,      0.1888,      0.1553,     24.3199,      0.2016,      5.5893,     11.1785,      1.7814,     28.3583,     56.7166,      0.0193,      0.0012,      0.2500,      0.2061,   7784.5571,-430264.4062,   -927.1276,    551.0191,  25948.5254,
       1,     168,     340,      16,       1,       3,       1,     10.0000,      1.4014,     42.6177,    248.8601,     62.6291,      3.4953,      0.1852,      0.1518,     56.3412,      0.1978,      5.5893,     11.1785,      1.7482,     28.3583,     56.7166,      0.0193,      0.0029,      0.2410,      0.2061,   7784.5581,-449546.3125,   -930.8865,    549.6910,  25948.5254,
       1,     168,     340,      17,       1,       3,       1,     10.0000,      1.4014,     42.6177,    248.8601,     62.6291,      3.4953,      0.1312,      0.0985,     45.4170,      0.1770,      5.5893,     11.1785,      1.5644,     28.3583,     56.7166,      0.0193,      0.0034,      0.1637,      0.2061,   7784.5581,-490684.5938,   -939.1208,    546.8660,  25948.5254,
       1,     168,     340,      18,       1,       3,       1,     10.0000,      1.4014,     42.6177,    248.8601,     62.6291,      3.4953,      0.0614,      0.0289,     21.2792,      0.1708,      5.5893,     11.1785,      1.5092,     28.3583,     56.7166,      0.0193,      0.0040,      0.0652,      0.2061,   7784.5581,-480711.0000,   -937.2921,    547.5550,  25948.5254,
       1,     168,     340,      19,       1,       3,       1,     10.0000,      1.4014,     42.6177,    248.8601,     62.6291,      3.4953,      0.0433,      0.0108,     15.6005,      0.1688,      5.5893,     11.1785,      1.4912,     28.3583,     56.7166,      0.0193,      0.0048,      0.0396,      0.2061,   7784.5581,-450072.1875,   -931.2709,    549.6525,  25948.5273,
       1,     168,     340,      20,       1,       3,       1,     10.0000,      1.4014,     42.6177,    248.8601,     62.6291,      3.4953,      0.0012,     -0.0309,      4.8718,      0.1597,      5.5893,     11.1785,      1.4114,     28.3583,     56.7166,      0.0193,      0.0038,      0.0156,      0.2061,   7784.5586,-440481.4688,   -929.3522,    550.3155,  25948.5254,
       1,     168,     340,      21,       1,       3,       1,     10.0000,      1.4014,     42.6177,    248.8601,     62.6291,      3.4953,      0.0000,     -0.0320,      5.0452,      0.1548,      5.5893,     11.1785,      1.3681,     28.3583,     56.7166,      0.0193,      0.0040,      0.0156,      0.2061,   7784.5581,-426432.2188,   -926.5354,    551.2823,  25948.5234,
       1,     168,     340,      22,       1,       3,       1,     10.0000,      1.4014,     42.6177,    248.8601,     62.6291,      3.4953,      0.0000,     -0.0318,      3.8394,      0.1483,      5.5893,     11.1785,      1.3102,     28.3583,     56.7166,      0.0193,      0.0030,      0.0156,      0.2061,   7784.5571,-425454.9688,   -926.3168,    551.3505,  25948.5254,
       1,     168,     340,      23,       1,       3,       1,     10.0000,      1.4014,     42.6177,    248.8601,     62.6291,      3.4953,      0.0000,     -0.0315,      2.6996,      0.1408,      5.5893,     11.1785,      1.2444,     28.3583,     56.7166,      0.0193,      0.0021,      0.0156,      0.2061,   7784.5581,-423883.6875,   -925.9860,    551.4588,  25948.5254,
       1,     168,     340,      24,       1,       3,       1,     10.0000,      1.4014,     42.6177,    248.8601,     62.6291,      3.4953,      0.0000,     -0.0313,      2.8989,      0.1347,      5.5893,     11.1785,      1.1902,     28.3583,     56.7166,      0.0193,      0.0023,      0.0156,      0.2061,   7784.5581,-422344.9062,   -925.6612,    551.5649,  25948.5273,
       1,     168,     341,       1,       1,       3,       1,     10.0000,      1.4015,     42.6181,    248.8659,     62.6305,      3.4953,      0.0000,     -0.0311,      2.6102,      0.1300,      5.5887,     11.1774,      1.1487,     28.3586,     56.7172,      0.0193,      0.0020,      0.0156,      0.2062,   7784.5586,-422612.3438,   -925.9768,    551.5593,  25949.6680,
       1,     168,     341,       2,       1,       3,       1,     10.0000,      1.4015,     42.6181,    248.8659,     62.6305,      3.4953,      0.0000,     -0.0311,      1.8860,      0.1297,      5.5887,     11.1774,      1.1463,     28.3586,     56.7172,      0.0193,      0.0015,      0.0156,      0.2062,   7784.9009,-422129.4375,   -925.5937,    551.5925,  25949.6680,
       1,     168,     341,       3,       1,       3,       1,     10.0000,      1.4015,     42.6181,    248.8659,     62.6305,      3.4953,      0.0000,     -0.0313,      0.9360,      0.1343,      5.5887,     11.1774,      1.1866,     28.3586,     56.7172,      0.0193,      0.0007,      0.0156,      0.2062,   7784.9009,-421195.6250,   -925.4020,    551.6569,  25949.6680,
       1,     168,     341,       4,       1,       3,       1,     10.0000,      1.4015,     42.6181,    248.8659,     62.6305,      3.4953,      0.0000,     -0.0313,      0.3331,      0.1344,      5.5887,     11.1774,      1.1878,     28.3586,     56.7172,      0.0193,      0.0003,      0.0156,      0.2062,   7784.9009,-419945.2188,   -925.1511,    551.7432,  25949.6680,
       1,     168,     341,       5,       1,       3,       1,     10.0000,      1.4015,     42.6181,    248.8659,     62.6305,      3.4953,      0.0000,     -0.0312,      0.3157,      0.1317,      5.5887,     11.1774,      1.1640,     28.3586,     56.7172,      0.0193,      0.0002,      0.0156,      0.2062,   7784.9009,-419095.5625,   -924.9836,    551.8018,  25949.6680,
       1,     168,     341,       6,       1,       3,       1,     10.0000,      1.4015,     42.6181,    248.8659,     62.6305,      3.4953,      0.0000,     -0.0311,      0.3106,      0.1299,      5.5887,     11.1774,      1.1475,     28.3586,     56.7172,      0.0193,      0.0002,      0.0156,      0.2062,   7784.9009,-419001.9375,   -924.9666,    551.8082,  25949.6699,
       1,     168,     341,       7,       1,       3,       1,     10.0000,      1.4015,     42.6181,    248.8659,     62.6305,      3.4953,      0.0000,     -0.0311,      0.3142,      0.1312,      5.5887,     11.1774,      1.1592,     28.3586,     56.7172,      0.0193,      0.0002,      0.0156,      0.2062,   7784.9014,-418987.3125,   -924.9641,    551.8092,  25949.6680,
       1,     168,     341,       8,       1,       3,       1,     10.0000,      1.4015,     42.6181,    248.8659,     62.6305,      3.4953,      0.0044,     -0.0268,      0.3168,      0.1321,      5.5887,     11.1774,      1.1675,     28.3586,     56.7172,      0.0193,      0.0002,      0.0156,      0.2062,   7784.9009,-418990.9688,   -924.9669,    551.8090,  25949.6680,
       1,     168,     341,       9,       1,       3,       1,     10.0000,      1.4015,     42.6181,    248.8659,     62.6305,      3.4953,      0.1132,      0.0815,      3.2224,      0.1450,      5.5887,     11.1774,      1.2815,     28.3586,     56.7172,      0.0193,      0.0003,      0.1427,      0.2062,   7784.9009,-418994.3438,   -924.9677,    551.8088,  25949.6680,
       1,     168,     341,      10,       1,       3,       1,     10.0000,      1.4015,     42.6181,    248.8659,     62.6305,      3.4953,      0.1702,      0.1367,      7.3336,      0.1998,      5.5887,     11.1774,      1.7656,     28.3586,     56.7172,      0.0193,      0.0004,      0.2248,      0.2062,   7784.9009,-422576.5312,   -925.6456,    551.5617,  25949.6680,
       1,     168,     341,      11,       1,       3,       1,     10.0000,      1.4015,     42.6181,    248.8659,     62.6305,      3.4953,      0.1783,      0.1449,      7.5093,      0.1951,      5.5887,     11.1774,      1.7242,     28.3586,     56.7172,      0.0193,      0.0004,      0.2365,      0.2062,   7784.9009,-427949.5312,   -926.5703,    551.1913,  25949.6680,
       1,     168,     341,      12,       1,       3,       1,     10.0000,      1.4015,     42.6181,    248.8659,     62.6305,      3.4953,      0.1876,      0.1540,      9.5176,      0.2048,      5.5887,     11.1774,      1.8097,     28.3586,     56.7172,      0.0193,      0.0005,      0.2500,      0.2062,   7784.9009,-428623.0938,   -926.5182,    551.1450,  25949.6680,
       1,     168,     341,      13,       1,       3,       1,     10.0000,      1.4015,     42.6181,    248.8659,     62.6305,      3.4953,      0.1773,      0.1440,      8.8370,      0.1946,      5.5887,     11.1774,      1.7191,     28.3586,     56.7172,      0.0193,      0.0005,      0.2350,      0.2062,   7784.9009,-431156.4062,   -926.8574,    550.9705,  25949.6680,
       1,     168,     341,      14,       1,       3,       1,     10.0000,      1.4015,     42.6181,    248.8659,     62.6305,      3.4953,      0.1334,      0.1005,     17.0722,      0.1806,      5.5887,     11.1774,      1.5959,     28.3586,     56.7172,      0.0193,      0.0012,      0.1701,      0.2062,   7784.9009,-430532.4375,   -926.6845,    551.0134,  25949.6680,
       1,     168,     341,      15,       1,       3,       1,     10.0000,      1.4015,     42.6181,    248.8659,     62.6305,      3.4953,      0.1923,      0.1591,     85.8024,      0.1919,      5.5887,     11.1774,      1.6955,     28.3586,     56.7172,      0.0193,      0.0042,      0.2480,      0.2062,   7784.9009,-440632.9688,   -928.7036,    550.3177,  25949.6680,
       1,     168,     341,      16,       1,       3,       1,     10.0000,      1.4015,     42.6181,    248.8659,     62.6305,      3.4953,      0.1857,      0.1520,     73.4629,      0.2093,      5.5887,     11.1774,      1.8494,     28.3586,     56.7172,      0.0193,      0.0037,      0.2400,      0.2062,   7784.9009,-526244.8125,   -945.8813,    544.4290,  25949.6699,
       1,     168,     341,      17,       1,       3,       1,     10.0000,      1.4015,     42.6181,    248.8659,     62.6305,      3.4953,      0.1780,      0.1442,     77.0140,      0.2120,      5.5887,     11.1774,      1.8732,     28.3586,     56.7172,      0.0193,      0.0041,      0.2283,      0.2061,   7784.9014,-518362.5312,   -944.4904,    544.9969,  25949.6680,
       1,     168,     341,      18,       1,       3,       1,     10.0000,      1.4015,     42.6181,    248.8659,     62.6305,      3.4953,      0.1645,      0.1310,     66.4153,      0.2034,      5.5887,     11.1774,      1.7973,     28.3586,     56.7172,      0.0193,      0.0039,      0.2098,      0.2061,   7784.9009,-522041.6875,   -945.4450,    544.7465,  25949.6699,
       1,     168,     341,      19,       1,       3,       1,     10.0000,      1.4015,     42.6181,    248.8659,     62.6305,      3.4953,      0.0630,      0.0301,     17.9559,      0.1826,      5.5887,     11.1774,      1.6134,     28.3586,     56.7172,      0.0193,      0.0033,      0.0675,      0.2061,   7784.9014,-509266.7812,   -943.1293,    545.6164,  25949.6680,
       1,     168,     341,      20,       1,       3,       1,     10.0000,      1.4015,     42.6181,    248.8659,     62.6305,      3.4953,      0.0013,     -0.0308,      4.8777,      0.1573,      5.5887,     11.1774,      1.3903,     28.3586,     56.7172,      0.0193,      0.0038,      0.0156,      0.2061,   7784.9009,-448369.5000,   -936.0992,    549.7704,  25949.6680,
       1,     168,     341,      21,       1,       3,       1,     10.0000,      1.4015,     42.6181,    248.8659,     62.6305,      3.4953,      0.0000,     -0.0321,      5.7899,      0.1580,      5.5887,     11.1774,      1.3959,     28.3586,     56.7172,      0.0193,      0.0045,      0.0156,      0.2061,   7784.9009,-427128.6875,   -930.0617,    551.2460,  25949.6680,
       1,     168,     341,      22,       1,       3,       1,     10.0000,      1.4015,     42.6181,    248.8659,     62.6305,      3.4953,      0.0000,     -0.0321,      5.9834,      0.1561,      5.5887,     11.1774,      1.3792,     28.3586,     56.7172,      0.0193,      0.0047,      0.0156,      0.2062,   7784.9009,-426435.7812,   -930.1935,    551.2957,  25949.6680,
       1,     168,     341,      23,       1,       3,       1,     10.0000,      1.4015,     42.6181,    248.8659,     62.6305,      3.4953,      0.0000,     -0.0320,      5.2258,      0.1545,      5.5887,     11.1774,      1.3654,     28.3586,     56.7172,      0.0193,      0.0041,      0.0156,      0.2062,   7784.9009,-426613.1250,   -930.4639,    551.2834,  25949.6680,
       1,     168,     341,      24,       1,       3,       1,     10.0000,      1.4015,     42.6181,    248.8659,     62.6305,      3.4953,      0.0000,     -0.0319,      3.3208,      0.1518,      5.5887,     11.1774,      1.3409,     28.3586,     56.7172,      0.0193,      0.0026,      0.0156,      0.2062,   7784.9009,-425694.1875,   -929.4476,    551.3469,  25949.6699,
       1,     168,     342,       1,       1,       3,       1,     10.0000,      1.4015,     42.6184,    248.8717,     62.6320,      3.4953,      0.0000,     -0.0315,      0.8326,      0.1413,      5.5889,     11.1778,      1.2483,     28.3624,     56.7249,      0.0193,      0.0007,      0.0156,      0.2062,   7784.9014,-423419.7812,   -929.4119,    551.5163,  25950.8125,
       1,     168,     342,       2,       1,       3,       1,     10.0000,      1.4015,     42.6184,    248.8717,     62.6320,      3.4953,      0.0000,     -0.0313,      0.8497,      0.1350,      5.5889,     11.1778,      1.1927,     28.3624,     56.7249,      0.0193,      0.0007,      0.0156,      0.2062,   7785.2441,-420009.2812,   -928.5184,    551.7515,  25950.8125,
       1,     168,     342,       3,       1,       3,       1,     10.0000,      1.4015,     42.6184,    248.8717,     62.6320,      3.4953,      0.0000,     -0.0311,      0.7200,      0.1301,      5.5889,     11.1778,      1.1499,     28.3624,     56.7249,      0.0193,      0.0006,      0.0156,      0.2062,   7785.2441,-419740.6250,   -928.4964,    551.7700,  25950.8105,
       1,     168,     342,       4,       1,       3,       1,     10.0000,      1.4015,     42.6184,    248.8717,     62.6320,      3.4953,      0.0000,     -0.0311,      0.6243,      0.1295,      5.5889,     11.1778,      1.1440,     28.3624,     56.7249,      0.0193,      0.0005,      0.0156,      0.2062,   7785.2437,-419558.2188,   -928.4847,    551.7826,  25950.8105,
       1,     168,     342,       5,       1,       3,       1,     10.0000,      1.4015,     42.6184,    248.8717,     62.6320,      3.4953,      0.0000,     -0.0311,      0.4428,      0.1292,      5.5889,     11.1778,      1.1417,     28.3624,     56.7249,      0.0193,      0.0003,      0.0156,      0.2062,   7785.2437,-419424.6875,   -928.4771,    551.7918,  25950.8105,
       1,     168,     342,       6,       1,       3,       1,     10.0000,      1.4015,     42.6184,    248.8717,     62.6320,      3.4953,      0.0000,     -0.0310,      0.5194,      0.1269,      5.5889,     11.1778,      1.1210,     28.3624,     56.7249,      0.0193,      0.0004,      0.0156,      0.2062,   7785.2437,-419189.6562,   -928.4391,    551.8080,  25950.8105,
       1,     168,     342,       7,       1,       3,       1,     10.0000,      1.4015,     42.6184,    248.8717,     62.6320,      3.4953,      0.0000,     -0.0306,      0.4259,      0.1166,      5.5889,     11.1778,      1.0299,     28.3624,     56.7249,      0.0193,      0.0003,      0.0156,      0.2062,   7785.2437,-419264.0312,   -910.1560,    551.8029,  25950.8145,
       1,     168,     342,       8,       1,       3,       1,     10.0000,      1.4015,     42.6184,    248.8717,     62.6320,      3.4953,      0.0132,     -0.0175,      0.0014,      0.1201,      5.5889,     11.1778,      1.0609,     28.3624,     56.7249,      0.0193,      0.0002,      0.0001,      0.2062,   7785.2446,-419154.6250,   -910.1300,    551.8104,  25950.8145,
       1,     168,     342,       9,       1,       3,       1,     10.0000,      1.4015,     42.6184,    248.8717,     62.6320,      3.4953,      0.1291,      0.0979,      3.9374,      0.1320,      5.5889,     11.1778,      1.1663,     28.3624,     56.7249,      0.0193,      0.0003,      0.1657,      0.2062,   7785.2446,-418622.0312,   -910.0762,    551.8472,  25950.8164,
       1,     168,     342,      10,       1,       3,       1,     10.0000,      1.4015,     42.6184,    248.8717,     62.6320,      3.4953,      0.1672,      0.1353,      7.1114,      0.1505,      5.5889,     11.1778,      1.3302,     28.3624,     56.7249,      0.0193,      0.0004,      0.2202,      0.2062,   7785.2451,-423428.0938,   -911.4344,    551.5156,  25950.8145,
       1,     168,     342,      11,       1,       3,       1,     10.0000,      1.4015,     42.6184,    248.8717,     62.6320,      3.4953,      0.1808,      0.1483,      7.4333,      0.1710,      5.5889,     11.1778,      1.5108,     28.3624,     56.7249,      0.0193,      0.0004,      0.2401,      0.2062,   7785.2446,-427749.6875,   -912.9875,    551.2179,  25950.8164,
       1,     168,     342,      12,       1,       3,       1,     10.0000,      1.4015,     42.6184,    248.8717,     62.6320,      3.4953,      0.1811,      0.1485,      6.5681,      0.1711,      5.5889,     11.1778,      1.5123,     28.3624,     56.7249,      0.0193,      0.0003,      0.2405,      0.2062,   7785.2451,-428513.6250,   -914.2726,    551.1653,  25950.8145,
       1,     168,     342,      13,       1,       3,       1,     10.0000,      1.4015,     42.6184,    248.8717,     62.6320,      3.4953,      0.1876,      0.1545,      7.5584,      0.1870,      5.5889,     11.1778,      1.6524,     28.3624,     56.7249,      0.0193,      0.0004,      0.2500,      0.2062,   7785.2446,-427512.0312,   -915.1913,    551.2343,  25950.8164,
       1,     168,     342,      14,       1,       3,       1,     10.0000,      1.4015,     42.6184,    248.8717,     62.6320,      3.4953,      0.1370,      0.1045,      5.4488,      0.1694,      5.5889,     11.1778,      1.4973,     28.3624,     56.7249,      0.0193,      0.0004,      0.1766,      0.2062,   7785.2451,-428647.5312,   -916.6600,    551.1560,  25950.8164,
       1,     168,     342,      15,       1,       3,       1,     10.0000,      1.4015,     42.6184,    248.8717,     62.6320,      3.4953,      0.1043,      0.0728,     11.9528,      0.1391,      5.5889,     11.1778,      1.2295,     28.3624,     56.7249,      0.0193,      0.0011,      0.1289,      0.2062,   7785.2451,-426143.4062,   -911.8135,    551.3285,  25950.8164,
       1,     168,     342,      16,       1,       3,       1,     10.0000,      1.4015,     42.6184,    248.8717,     62.6320,      3.4953,      0.1243,      0.0926,     27.3511,      0.1456,      5.5889,     11.1778,      1.2867,     28.3624,     56.7249,      0.0193,      0.0021,      0.1559,      0.2062,   7785.2451,-433948.4375,   -913.2640,    550.7907,  25950.8184,
       1,     168,     342,      17,       1,       3,       1,     10.0000,      1.4015,     42.6184,    248.8717,     62.6320,      3.4953,      0.1324,      0.1004,     30.3487,      0.1531,      5.5889,     11.1778,      1.3531,     28.3624,     56.7249,      0.0193,      0.0022,      0.1672,      0.2062,   7785.2456,-453595.8750,   -917.6446,    549.4383,  25950.8164,
       1,     168,     342,      18,       1,       3,       1,     10.0000,      1.4015,     42.6184,    248.8717,     62.6320,      3.4953,      0.1324,      0.1004,     40.1059,      0.1551,      5.5889,     11.1778,      1.3709,     28.3624,     56.7249,      0.0193,      0.0030,      0.1662,      0.2062,   7785.2451,-458965.4062,   -919.5981,    549.0712,  25950.8164,
       1,     168,     342,      19,       1,       3,       1,     10.0000,      1.4015,     42.6184,    248.8717,     62.6320,      3.4953,      0.0728,      0.0409,     14.6474,      0.1521,      5.5889,     11.1778,      1.3436,     28.3624,     56.7249,      0.0193,      0.0022,      0.0829,      0.2062,   7785.2451,-471452.8438,   -922.8774,    548.2142,  25950.8184,
       1,     168,     342,      20,       1,       3,       1,     10.0000,      1.4015,     42.6184,    248.8717,     62.6320,      3.4953,      0.0016,     -0.0301,      0.3540,      0.1456,      5.5889,     11.1778,      1.2867,     28.3624,     56.7249,      0.0193,      0.0003,      0.0156,      0.2062,   7785.2456,-441109.4062,   -917.9133,    550.2942,  25950.8164,
       1,     168,     342,      21,       1,       3,       1,     10.0000,      1.4015,     42.6184,    248.8717,     62.6320,      3.4953,      0.0000,     -0.0316,      0.4936,      0.1436,      5.5889,     11.1778,      1.2686,     28.3624,     56.7249,      0.0193,      0.0004,      0.0156,      0.2062,   7785.2451,-420923.5000,   -914.2636,    551.6867,  25950.8164,
       1,     168,     342,      22,       1,       3,       1,     10.0000,      1.4015,     42.6184,    248.8717,     62.6320,      3.4953,      0.0000,     -0.0316,      1.0218,      0.1434,      5.5889,     11.1778,      1.2673,     28.3624,     56.7249,      0.0193,      0.0008,      0.0156,      0.2062,   7785.2451,-419381.0938,   -914.0012,    551.7948,  25950.8184,
       1,     168,     342,      23,       1,       3,       1,     10.0000,      1.4015,     42.6184,    248.8717,     62.6320,      3.4953,      0.0000,     -0.0316,      1.3627,      0.1440,      5.5889,     11.1778,      1.2725,     28.3624,     56.7249,      0.0193,      0.0011,      0.0156,      0.2062,   7785.2456,-419898.7188,   -914.1604,    551.7591,  25950.8184,
       1,     168,     342,      24,       1,       3,       1,     10.0000,      1.4015,     42.6184,    248.8717,     62.6320,      3.4953,      0.0000,     -0.0314,      1.2488,      0.1386,      5.5889,     11.1778,      1.2245,     28.3624,     56.7249,      0.0193,      0.0010,      0.0156,      0.2062,   7785.2456,-420362.9375,   -914.3362,    551.7271,  25950.8184,
       1,     168,     343,       1,       1,       3,       1,     10.0000,      1.4015,     42.6187,    248.8774,     62.6335,      3.4953,      0.0000,     -0.0313,      1.3060,      0.1362,      5.5897,     11.1794,      1.2036,     28.3620,     56.7241,      0.0193,      0.0010,      0.0156,      0.2062,   7785.2456,-420415.1250,   -914.7079,    551.7364,  25951.9609,
       1,     168,     343,       2,       1,       3,       1,     10.0000,      1.4015,     42.6187,    248.8774,     62.6335,      3.4953,      0.0000,     -0.0313,      1.5290,      0.1358,      5.5897,     11.1794,      1.2000,     28.3620,     56.7241,      0.0193,      0.0012,      0.0156,      0.2062,   7785.5884,-420339.9375,   -914.5385,    551.7416,  25951.9609,
       1,     168,     343,       3,       1,       3,       1,     10.0000,      1.4015,     42.6187,    248.8774,     62.6335,      3.4953,      0.0000,     -0.0313,      1.1357,      0.1351,      5.5897,     11.1794,      1.1939,     28.3620,     56.7241,      0.0193,      0.0009,      0.0156,      0.2062,   7785.5884,-420608.3125,   -914.6985,    551.7230,  25951.9609,
       1,     168,     343,       4,       1,       3,       1,     10.0000,      1.4015,     42.6187,    248.8774,     62.6335,      3.4953,      0.0000,     -0.0312,      1.0618,      0.1324,      5.5897,     11.1794,      1.1699,     28.3620,     56.7241,      0.0193,      0.0008,      0.0156,      0.2062,   7785.5884,-420146.5312,   -914.6994,    551.7549,  25951.9609,
       1,     168,     343,       5,       1,       3,       1,     10.0000,      1.4015,     42.6187,    248.8774,     62.6335,      3.4953,      0.0000,     -0.0311,      0.6273,      0.1296,      5.5897,     11.1794,      1.1452,     28.3620,     56.7241,      0.0193,      0.0005,      0.0156,      0.2062,   7785.5884,-420016.0625,   -914.7366,    551.7639,  25951.9609,
       1,     168,     343,       6,       1,       3,       1,     10.0000,      1.4015,     42.6187,    248.8774,     62.6335,      3.4953,      0.0000,     -0.0312,      0.4837,      0.1325,      5.5897,     11.1794,      1.1711,     28.3620,     56.7241,      0.0193,      0.0004,      0.0156,      0.2062,   7785.5884,-419469.5312,   -914.6655,    551.8016,  25951.9609,
       1,     168,     343,       7,       1,       3,       1,     10.0000,      1.4015,     42.6187,    248.8774,     62.6335,      3.4953,      0.0000,     -0.0312,      0.5016,      0.1313,      5.5897,     11.1794,      1.1605,     28.3620,     56.7241,      0.0193,      0.0004,      0.0156,      0.2062,   7785.5884,-419246.0000,   -914.6436,    551.8170,  25951.9609,
       1,     168,     343,       8,       1,       3,       1,     10.0000,      1.4015,     42.6187,    248.8774,     62.6335,      3.4953,      0.0057,     -0.0253,      0.6030,      0.1273,      5.5897,     11.1794,      1.1245,     28.3620,     56.7241,      0.0193,      0.0005,      0.0156,      0.2062,   7785.5884,-419249.1250,   -910.1473,    551.8168,  25951.9609,
       1,     168,     343,       9,       1,       3,       1,     10.0000,      1.4015,     42.6187,    248.8774,     62.6335,      3.4953,      0.0750,      0.0439,      2.4848,      0.1307,      5.5897,     11.1794,      1.1546,     28.3620,     56.7241,      0.0193,      0.0003,      0.0880,      0.2062,   7785.5884,-419374.2188,   -910.2256,    551.8082,  25951.9609,
       1,     168,     343,      10,       1,       3,       1,     10.0000,      1.4015,     42.6187,    248.8774,     62.6335,      3.4953,      0.1222,      0.0907,      3.4487,      0.1416,      5.5897,     11.1794,      1.2508,     28.3620,     56.7241,      0.0193,      0.0003,      0.1558,      0.2062,   7785.5884,-421704.1875,   -910.9551,    551.6474,  25951.9629,
       1,     168,     343,      11,       1,       3,       1,     10.0000,      1.4015,     42.6187,    248.8774,     62.6335,      3.4953,      0.1769,      0.1444,     12.3835,      0.1700,      5.5897,     11.1794,      1.5018,     28.3620,     56.7241,      0.0193,      0.0006,      0.2338,      0.2062,   7785.5894,-423089.9688,   -911.8492,    551.5519,  25951.9609,
       1,     168,     343,      12,       1,       3,       1,     10.0000,      1.4015,     42.6187,    248.8774,     62.6335,      3.4953,      0.1879,      0.1545,     11.9915,      0.1955,      5.5897,     11.1794,      1.7277,     28.3620,     56.7241,      0.0193,      0.0006,      0.2500,      0.2062,   7785.5884,-434220.5625,   -915.1167,    550.7845,  25951.9609,
       1,     168,     343,      13,       1,       3,       1,     10.0000,      1.4015,     42.6187,    248.8774,     62.6335,      3.4953,      0.1759,      0.1429,      6.9522,      0.1848,      5.5897,     11.1794,      1.6328,     28.3620,     56.7241,      0.0193,      0.0004,      0.2331,      0.2062,   7785.5884,-434684.4688,   -917.2047,    550.7531,  25951.9629,
       1,     168,     343,      14,       1,       3,       1,     10.0000,      1.4015,     42.6187,    248.8774,     62.6335,      3.4953,      0.1639,      0.1316,      7.4454,      0.1628,      5.5897,     11.1794,      1.4386,     28.3620,     56.7241,      0.0193,      0.0004,      0.2154,      0.2062,   7785.5894,-428510.8125,   -916.8256,    551.1782,  25951.9609,
       1,     168,     343,      15,       1,       3,       1,     10.0000,      1.4015,     42.6187,    248.8774,     62.6335,      3.4953,      0.1889,      0.1559,     23.3057,      0.1822,      5.5897,     11.1794,      1.6103,     28.3620,     56.7241,      0.0193,      0.0011,      0.2500,      0.2062,   7785.5884,-428595.1250,   -917.3356,    551.1725,  25951.9609,
       1,     168,     343,      16,       1,       3,       1,     10.0000,      1.4015,     42.6187,    248.8774,     62.6335,      3.4953,      0.1823,      0.1499,     52.0373,      0.1673,      5.5897,     11.1794,      1.4780,     28.3620,     56.7241,      0.0193,      0.0027,      0.2370,      0.2062,   7785.5884,-448151.9062,   -921.9360,    549.8251,  25951.9609,
       1,     168,     343,      17,       1,       3,       1,     10.0000,      1.4015,     42.6187,    248.8774,     62.6335,      3.4953,      0.1379,      0.1057,     46.7473,      0.1599,      5.5897,     11.1794,      1.4129,     28.3620,     56.7241,      0.0193,      0.0033,      0.1732,      0.2062,   7785.5884,-485242.5000,   -929.8349,    547.2776,  25951.9609,
       1,     168,     343,      18,       1,       3,       1,     10.0000,      1.4015,     42.6187,    248.8774,     62.6335,      3.4953,      0.0955,      0.0636,     26.2024,      0.1527,      5.5897,     11.1794,      1.3491,     28.3620,     56.7241,      0.0193,      0.0028,      0.1144,      0.2062,   7785.5884,-481877.6250,   -930.0293,    547.5137,  25951.9629,
       1,     168,     343,      19,       1,       3,       1,     10.0000,      1.4015,     42.6187,    248.8774,     62.6335,      3.4953,      0.0450,      0.0133,      5.2460,      0.1462,      5.5897,     11.1794,      1.2919,     28.3620,     56.7241,      0.0193,      0.0015,      0.0440,      0.2062,   7785.5894,-456240.9375,   -925.8076,    549.2682,  25951.9609,
       1,     168,     343,      20,       1,       3,       1,     10.0000,      1.4015,     42.6187,    248.8774,     62.6335,      3.4953,      0.0020,     -0.0294,      3.2455,      0.1376,      5.5897,     11.1794,      1.2159,     28.3620,     56.7241,      0.0193,      0.0025,      0.0156,      0.2062,   7785.5884,-428235.2188,   -920.8238,    551.1939,  25951.9609,
       1,     168,     343,      21,       1,       3,       1,     10.0000,      1.4015,     42.6187,    248.8774,     62.6335,      3.4953,      0.0000,     -0.0315,      2.2684,      0.1391,      5.5897,     11.1794,      1.2295,     28.3620,     56.7241,      0.0193,      0.0018,      0.0156,      0.2062,   7785.5884,-423398.9375,   -920.0680,    551.5305,  25951.9609,
       1,     168,     343,      22,       1,       3,       1,     10.0000,      1.4015,     42.6187,    248.8774,     62.6335,      3.4953,      0.0000,     -0.0314,      2.0360,      0.1370,      5.5897,     11.1794,      1.2110,     28.3620,     56.7241,      0.0193,      0.0016,      0.0156,      0.2062,   7785.5884,-421779.7500,   -919.8659,    551.6422,  25951.9609,
       1,     168,     343,      23,       1,       3,       1,     10.0000,      1.4015,     42.6187,    248.8774,     62.6335,      3.4953,      0.0000,     -0.0313,      1.9988,      0.1364,      5.5897,     11.1794,      1.2049,     28.3620,     56.7241,      0.0193,      0.0016,      0.0156,      0.2062,   7785.5884,-421355.6250,   -919.8800,    551.6714,  25951.9609,
       1,     168,     343,      24,       1,       3,       1,     10.0000,      1.4015,     42.6187,    248.8774,     62.6335,      3.4953,      0.0000,     -0.0312,      1.3152,      0.1336,      5.5897,     11.1794,      1.1807,     28.3620,     56.7241,      0.0193,      0.0010,      0.0156,      0.2062,   7785.5884,-421273.8125,   -919.9683,    551.6771,  25951.9609,
       1,     168,     344,       1,       1,       3,       1,     10.0000,      1.4015,     42.6191,    248.8832,     62.6349,      3.4953,      0.0000,     -0.0313,      0.9666,      0.1362,      5.5892,     11.1784,      1.2037,     28.3614,     56.7228,      0.0193,      0.0008,      0.0156,      0.2062,   7785.5884,-420577.1250,   -920.1563,    551.7380,  25953.1055,
       1,     168,     344,       2,       1,       3,       1,     10.0000,      1.4015,     42.6191,    248.8832,     62.6349,      3.4953,      0.0000,     -0.0314,      0.8043,      0.1380,      5.5892,     11.1784,      1.2196,     28.3614,     56.7228,      0.0193,      0.0006,      0.0156,      0.2063,   7785.9321,-419938.0625,   -919.8164,    551.7820,  25953.1055,
       1,     168,     344,       3,       1,       3,       1,     10.0000,      1.4015,     42.6191,    248.8832,     62.6349,      3.4953,      0.0000,     -0.0312,      0.7095,      0.1321,      5.5892,     11.1784,      1.1676,     28.3614,     56.7228,      0.0193,      0.0006,      0.0156,      0.2063,   7785.9321,-419683.6250,   -918.1957,    551.7996,  25953.1055,
       1,     168,     344,       4,       1,       3,       1,     10.0000,      1.4015,     42.6191,    248.8832,     62.6349,      3.4953,      0.0000,     -0.0311,      0.3749,      0.1309,      5.5892,     11.1784,      1.1570,     28.3614,     56.7228,      0.0193,      0.0003,      0.0156,      0.2063,   7785.9321,-419545.1250,   -910.2273,    551.8091,  25953.1055,
       1,     168,     344,       5,       1,       3,       1,     10.0000,      1.4015,     42.6191,    248.8832,     62.6349,      3.4953,      0.0000,     -0.0312,      0.3211,      0.1328,      5.5892,     11.1784,      1.1735,     28.3614,     56.7228,      0.0193,      0.0003,      0.0156,      0.2063,   7785.9321,-419121.0938,   -910.1073,    551.8384,  25953.1035,
       1,     168,     344,       6,       1,       3,       1,     10.0000,      1.4015,     42.6191,    248.8832,     62.6349,      3.4953,      0.0000,     -0.0313,      0.3242,      0.1348,      5.5892,     11.1784,      1.1915,     28.3614,     56.7228,      0.0193,      0.0003,      0.0156,      0.2063,   7785.9312,-419019.1250,   -910.0916,    551.8455,  25953.1055,
       1,     168,     344,       7,       1,       3,       1,     10.0000,      1.4015,     42.6191,    248.8832,     62.6349,      3.4953,      0.0000,     -0.0313,      0.3246,      0.1350,      5.5892,     11.1784,      1.1927,     28.3614,     56.7228,      0.0193,      0.0003,      0.0156,      0.2063,   7785.9321,-419013.8750,   -910.0914,    551.8458,  25953.1055,
       1,     168,     344,       8,       1,       3,       1,     10.0000,      1.4015,     42.6191,    248.8832,     62.6349,      3.4953,      0.0064,     -0.0247,      0.3074,      0.1287,      5.5892,     11.1784,      1.1371,     28.3614,     56.7228,      0.0193,      0.0002,      0.0156,      0.2063,   7785.9321,-419013.9375,   -910.0931,    551.8458,  25953.1055,
       1,     168,     344,       9,       1,       3,       1,     10.0000,      1.4015,     42.6191,    248.8832,     62.6349,      3.4953,      0.1432,      0.1116,      4.0986,      0.1420,      5.5892,     11.1784,      1.2547,     28.3614,     56.7228,      0.0193,      0.0003,      0.1859,      0.2063,   7785.9321,-418992.6875,   -910.0911,    551.8473,  25953.1055,
       1,     168,     344,      10,       1,       3,       1,     10.0000,      1.4015,     42.6191,    248.8832,     62.6349,      3.4953,      0.1692,      0.1369,      5.7744,      0.1631,      5.5892,     11.1784,      1.4415,     28.3614,     56.7228,      0.0193,      0.0003,      0.2234,      0.2063,   7785.9321,-423662.8750,   -911.5397,    551.5251,  25953.1035,
       1,     168,     344,      11,       1,       3,       1,     10.0000,      1.4015,     42.6191,    248.8832,     62.6349,      3.4953,      0.1751,      0.1424,      6.4800,      0.1746,      5.5892,     11.1784,      1.5428,     28.3614,     56.7228,      0.0193,      0.0003,      0.2319,      0.2062,   7785.9312,-426125.7500,   -912.3420,    551.3555,  25953.1055,
       1,     168,     344,      12,       1,       3,       1,     10.0000,      1.4015,     42.6191,    248.8832,     62.6349,      3.4953,      0.1445,      0.1123,      4.7462,      0.1601,      5.5892,     11.1784,      1.4143,     28.3614,     56.7228,      0.0193,      0.0003,      0.1877,      0.2062,   7785.9321,-427204.1250,   -913.6150,    551.2811,  25953.1035,
       1,     168,     344,      13,       1,       3,       1,     10.0000,      1.4015,     42.6191,    248.8832,     62.6349,      3.4953,      0.1508,      0.1190,      4.6253,      0.1501,      5.5892,     11.1784,      1.3262,     28.3614,     56.7228,      0.0193,      0.0003,      0.1969,      0.2062,   7785.9312,-425159.2812,   -911.7377,    551.4220,  25953.1055,
       1,     168,     344,      14,       1,       3,       1,     10.0000,      1.4015,     42.6191,    248.8832,     62.6349,      3.4953,      0.1830,      0.1507,     10.5877,      0.1618,      5.5892,     11.1784,      1.4300,     28.3614,     56.7228,      0.0193,      0.0005,      0.2427,      0.2062,   7785.9321,-424836.3438,   -912.2036,    551.4443,  25953.1074,
       1,     168,     344,      15,       1,       3,       1,     10.0000,      1.4015,     42.6191,    248.8832,     62.6349,      3.4953,      0.1891,      0.1564,     25.2252,      0.1751,      5.5892,     11.1784,      1.5475,     28.3614,     56.7228,      0.0193,      0.0012,      0.2500,      0.2062,   7785.9326,-432156.7500,   -914.7541,    550.9398,  25953.1055,
       1,     168,     344,      16,       1,       3,       1,     10.0000,      1.4015,     42.6191,    248.8832,     62.6349,      3.4953,      0.1539,      0.1215,     31.4688,      0.1664,      5.5892,     11.1784,      1.4706,     28.3614,     56.7228,      0.0193,      0.0019,      0.1982,      0.2062,   7785.9321,-450820.7188,   -919.6934,    549.6546,  25953.1074,
       1,     168,     344,      17,       1,       3,       1,     10.0000,      1.4015,     42.6191,    248.8832,     62.6349,      3.4953,      0.1585,      0.1260,     18.6114,      0.1689,      5.5892,     11.1784,      1.4929,     28.3614,     56.7228,      0.0193,      0.0011,      0.2063,      0.2062,   7785.9326,-460106.7812,   -922.2563,    549.0181,  25953.1035,
       1,     168,     344,      18,       1,       3,       1,     10.0000,      1.4015,     42.6191,    248.8832,     62.6349,      3.4953,      0.1502,      0.1177,      9.5635,      0.1693,      5.5892,     11.1784,      1.4958,     28.3614,     56.7228,      0.0193,      0.0006,      0.1954,      0.2062,   7785.9312,-445040.5938,   -920.2917,    550.0524,  25953.1055,
       1,     168,     344,      19,       1,       3,       1,     10.0000,      1.4015,     42.6191,    248.8832,     62.6349,      3.4953,      0.0322,      0.0004,      2.4715,      0.1484,      5.5892,     11.1784,      1.3116,     28.3614,     56.7228,      0.0193,      0.0012,      0.0257,      0.2062,   7785.9321,-432610.7500,   -918.5347,    550.9080,  25953.1074,
       1,     168,     344,      20,       1,       3,       1,     10.0000,      1.4015,     42.6191,    248.8832,     62.6349,      3.4953,      0.0009,     -0.0308,      2.8028,      0.1459,      5.5892,     11.1784,      1.2893,     28.3614,     56.7228,      0.0193,      0.0022,      0.0156,      0.2062,   7785.9326,-422814.7500,   -916.9149,    551.5833,  25953.1055,
       1,     168,     344,      21,       1,       3,       1,     10.0000,      1.4015,     42.6191,    248.8832,     62.6349,      3.4953,      0.0000,     -0.0317,      1.8982,      0.1461,      5.5892,     11.1784,      1.2906,     28.3614,     56.7228,      0.0193,      0.0015,      0.0156,      0.2062,   7785.9321,-422391.3750,   -917.0481,    551.6129,  25953.1035,
       1,     168,     344,      22,       1,       3,       1,     10.0000,      1.4015,     42.6191,    248.8832,     62.6349,      3.4953,      0.0000,     -0.0317,      1.8287,      0.1468,      5.5892,     11.1784,      1.2972,     28.3614,     56.7228,      0.0193,      0.0014,      0.0156,      0.2062,   7785.9312,-421240.5625,   -916.9791,    551.6922,  25953.1055,
       1,     168,     344,      23,       1,       3,       1,     10.0000,      1.4015,     42.6191,    248.8832,     62.6349,      3.4953,      0.0000,     -0.0315,      2.1755,      0.1400,      5.5892,     11.1784,      1.2370,     28.3614,     56.7228,      0.0193,      0.0017,      0.0156,      0.2062,   7785.9321,-421056.7188,   -917.0694,    551.7049,  25953.1055,
       1,     168,     344,      24,       1,       3,       1,     10.0000,      1.4015,     42.6191,    248.8832,     62.6349,      3.4953,      0.0000,     -0.0308,      0.9207,      0.1224,      5.5892,     11.1784,      1.0818,     28.3614,     56.7228,      0.0193,      0.0007,      0.0156,      0.2062,   7785.9321,-421468.5625,   -910.7546,    551.6765,  25953.1055,
       1,     168,     345,       1,       1,       3,       1,     10.0000,      1.4016,     42.6194,    248.8890,     62.6364,      3.4953,      0.0000,     -0.0306,      0.5749,      0.1176,      5.5899,     11.1797,      1.0395,     28.3633,     56.7265,      0.0193,      0.0005,      0.0156,      0.2063,   7785.9321,-420110.6250,   -910.6278,    551.7831,  25954.2500,
       1,     168,     345,       2,       1,       3,       1,     10.0000,      1.4016,     42.6194,    248.8890,     62.6364,      3.4953,      0.0000,     -0.0305,      0.6281,      0.1156,      5.5899,     11.1797,      1.0216,     28.3633,     56.7265,      0.0193,      0.0005,      0.0156,      0.2063,   7786.2754,-419418.5938,   -910.1976,    551.8307,  25954.2500,
       1,     168,     345,       3,       1,       3,       1,     10.0000,      1.4016,     42.6194,    248.8890,     62.6364,      3.4953,      0.0000,     -0.0306,      0.6475,      0.1179,      5.5899,     11.1797,      1.0416,     28.3633,     56.7265,      0.0193,      0.0005,      0.0156,      0.2063,   7786.2754,-419425.3750,   -910.2012,    551.8303,  25954.2500,
       1,     168,     345,       4,       1,       3,       1,     10.0000,      1.4016,     42.6194,    248.8890,     62.6364,      3.4953,      0.0000,     -0.0305,      0.6743,      0.1162,      5.5899,     11.1797,      1.0268,     28.3633,     56.7265,      0.0193,      0.0005,      0.0156,      0.2063,   7786.2754,-419449.8438,   -910.2602,    551.8286,  25954.2500,
       1,     168,     345,       5,       1,       3,       1,     10.0000,      1.4016,     42.6194,    248.8890,     62.6364,      3.4953,      0.0000,     -0.0305,      0.3206,      0.1158,      5.5899,     11.1797,      1.0237,     28.3633,     56.7265,      0.0193,      0.0003,      0.0156,      0.2063,   7786.2754,-419484.8750,   -910.3223,    551.8262,  25954.2500,
       1,     168,     345,       6,       1,       3,       1,     10.0000,      1.4016,     42.6194,    248.8890,     62.6364,      3.4953,      0.0000,     -0.0306,      0.2774,      0.1176,      5.5899,     11.1797,      1.0395,     28.3633,     56.7265,      0.0193,      0.0002,      0.0156,      0.2063,   7786.2754,-419052.0938,   -910.2525,    551.8560,  25954.2480,
       1,     168,     345,       7,       1,       3,       1,     10.0000,      1.4016,     42.6194,    248.8890,     62.6364,      3.4953,      0.0000,     -0.0305,      0.2691,      0.1146,      5.5899,     11.1797,      1.0122,     28.3633,     56.7265,      0.0193,      0.0002,      0.0156,      0.2063,   7786.2749,-418962.5938,   -910.2385,    551.8622,  25954.2520,
       1,     168,     345,       8,       1,       3,       1,     10.0000,      1.4016,     42.6194,    248.8890,     62.6364,      3.4953,      0.0013,     -0.0292,      0.2752,      0.1168,      5.5899,     11.1797,      1.0321,     28.3633,     56.7265,      0.0193,      0.0002,      0.0156,      0.2063,   7786.2759,-418944.0312,   -910.2355,    551.8635,  25954.2500,
       1,     168,     345,       9,       1,       3,       1,     10.0000,      1.4016,     42.6194,    248.8890,     62.6364,      3.4953,      0.0606,      0.0300,      1.2119,      0.1180,      5.5899,     11.1797,      1.0427,     28.3633,     56.7265,      0.0193,      0.0002,      0.0679,      0.2063,   7786.2754,-418950.1562,   -910.2415,    551.8630,  25954.2500,
       1,     168,     345,      10,       1,       3,       1,     10.0000,      1.4016,     42.6194,    248.8890,     62.6364,      3.4953,      0.0805,      0.0496,      1.8132,      0.1238,      5.5899,     11.1797,      1.0940,     28.3633,     56.7265,      0.0193,      0.0002,      0.0962,      0.2063,   7786.2754,-420104.9062,   -910.6100,    551.7833,  25954.2500,
       1,     168,     345,      11,       1,       3,       1,     10.0000,      1.4016,     42.6194,    248.8890,     62.6364,      3.4953,      0.1325,      0.1013,      3.4408,      0.1313,      5.5899,     11.1797,      1.1605,     28.3633,     56.7265,      0.0193,      0.0002,      0.1706,      0.2063,   7786.2754,-420944.0000,   -910.7036,    551.7255,  25954.2500,
       1,     168,     345,      12,       1,       3,       1,     10.0000,      1.4016,     42.6194,    248.8890,     62.6364,      3.4953,      0.1828,      0.1509,      5.7737,      0.1516,      5.5899,     11.1797,      1.3397,     28.3633,     56.7265,      0.0193,      0.0003,      0.2429,      0.2063,   7786.2754,-423020.8125,   -911.5284,    551.5823,  25954.2500,
       1,     168,     345,      13,       1,       3,       1,     10.0000,      1.4016,     42.6194,    248.8890,     62.6364,      3.4953,      0.1742,      0.1421,      5.6454,      0.1556,      5.5899,     11.1797,      1.3752,     28.3633,     56.7265,      0.0193,      0.0003,      0.2305,      0.2063,   7786.2754,-426072.0000,   -913.0623,    551.3719,  25954.2500,
       1,     168,     345,      14,       1,       3,       1,     10.0000,      1.4016,     42.6194,    248.8890,     62.6364,      3.4953,      0.1627,      0.1306,      5.2821,      0.1567,      5.5899,     11.1797,      1.3849,     28.3633,     56.7265,      0.0193,      0.0003,      0.2139,      0.2063,   7786.2754,-426173.3438,   -913.8669,    551.3650,  25954.2500,
       1,     168,     345,      15,       1,       3,       1,     10.0000,      1.4016,     42.6194,    248.8890,     62.6364,      3.4953,      0.1789,      0.1467,      6.2467,      0.1609,      5.5899,     11.1797,      1.4215,     28.3633,     56.7265,      0.0193,      0.0003,      0.2373,      0.2063,   7786.2754,-425734.0938,   -914.5476,    551.3953,  25954.2520,
       1,     168,     345,      16,       1,       3,       1,     10.0000,      1.4016,     42.6194,    248.8890,     62.6364,      3.4953,      0.1240,      0.0923,      3.6469,      0.1475,      5.5899,     11.1797,      1.3037,     28.3633,     56.7265,      0.0193,      0.0003,      0.1583,      0.2063,   7786.2759,-426885.3750,   -915.6113,    551.3160,  25954.2500,
       1,     168,     345,      17,       1,       3,       1,     10.0000,      1.4016,     42.6194,    248.8890,     62.6364,      3.4953,      0.1481,      0.1165,     15.5674,      0.1456,      5.5899,     11.1797,      1.2868,     28.3633,     56.7265,      0.0193,      0.0010,      0.1917,      0.2063,   7786.2754,-423779.5312,   -915.3876,    551.5300,  25954.2500,
       1,     168,     345,      18,       1,       3,       1,     10.0000,      1.4016,     42.6194,    248.8890,     62.6364,      3.4953,      0.1002,      0.0686,     14.8770,      0.1426,      5.5899,     11.1797,      1.2598,     28.3633,     56.7265,      0.0193,      0.0015,      0.1226,      0.2063,   7786.2754,-438204.7812,   -918.5899,    550.5356,  25954.2500,
       1,     168,     345,      19,       1,       3,       1,     10.0000,      1.4016,     42.6194,    248.8890,     62.6364,      3.4953,      0.0251,     -0.0062,      2.1198,      0.1344,      5.5899,     11.1797,      1.1879,     28.3633,     56.7265,      0.0193,      0.0016,      0.0162,      0.2063,   7786.2754,-438581.6875,   -919.0939,    550.5104,  25954.2500,
       1,     168,     345,      20,       1,       3,       1,     10.0000,      1.4016,     42.6194,    248.8890,     62.6364,      3.4953,      0.0013,     -0.0299,      2.2974,      0.1311,      5.5899,     11.1797,      1.1582,     28.3633,     56.7265,      0.0193,      0.0018,      0.0156,      0.2063,   7786.2754,-422889.3438,   -916.4395,    551.5903,  25954.2500,
       1,     168,     345,      21,       1,       3,       1,     10.0000,      1.4016,     42.6194,    248.8890,     62.6364,      3.4953,      0.0000,     -0.0312,      1.7095,      0.1329,      5.5899,     11.1797,      1.1748,     28.3633,     56.7265,      0.0193,      0.0013,      0.0156,      0.2063,   7786.2754,-421778.5312,   -916.4164,    551.6680,  25954.2500,
       1,     168,     345,      22,       1,       3,       1,     10.0000,      1.4016,     42.6194,    248.8890,     62.6364,      3.4953,      0.0000,     -0.0312,      1.8170,      0.1315,      5.5899,     11.1797,      1.1617,     28.3633,     56.7265,      0.0193,      0.0014,      0.0156,      0.2063,   7786.2754,-420958.4688,   -916.3648,    551.7245,  25954.2500,
       1,     168,     345,      23,       1,       3,       1,     10.0000,      1.4016,     42.6194,    248.8890,     62.6364,      3.4953,      0.0000,     -0.0313,      1.3054,      0.1354,      5.5899,     11.1797,      1.1964,     28.3633,     56.7265,      0.0193,      0.0010,      0.0156,      0.2063,   7786.2754,-421021.2812,   -916.4629,    551.7202,  25954.2500,
       1,     168,     345,      24,       1,       3,       1,     10.0000,      1.4016,     42.6194,    248.8890,     62.6364,      3.4953,      0.0000,     -0.0313,      0.5870,      0.1343,      5.5899,     11.1797,      1.1867,     28.3633,     56.7265,      0.0193,      0.0005,      0.0156,      0.2063,   7786.2754,-420396.0938,   -916.4167,    551.7633,  25954.2480,
       1,     168,     346,       1,       1,       3,       1,     10.0000,      1.4016,     42.6197,    248.8948,     62.6378,      3.4953,      0.0000,     -0.0312,      0.4970,      0.1328,      5.5900,     11.1800,      1.1736,     28.3583,     56.7166,      0.0193,      0.0004,      0.0156,      0.2063,   7786.2749,-419611.2812,   -916.5555,    551.8303,  25955.3945,
       1,     168,     346,       2,       1,       3,       1,     10.0000,      1.4016,     42.6197,    248.8948,     62.6378,      3.4953,      0.0000,     -0.0310,      0.7728,      0.1274,      5.5900,     11.1800,      1.1257,     28.3583,     56.7166,      0.0193,      0.0006,      0.0156,      0.2063,   7786.6187,-419283.1250,   -916.2568,    551.8529,  25955.3945,
       1,     168,     346,       3,       1,       3,       1,     10.0000,      1.4016,     42.6197,    248.8948,     62.6378,      3.4953,      0.0000,     -0.0309,      0.5904,      0.1242,      5.5900,     11.1800,      1.0974,     28.3583,     56.7166,      0.0193,      0.0005,      0.0156,      0.2063,   7786.6187,-419594.9375,   -916.3604,    551.8314,  25955.3945,
       1,     168,     346,       4,       1,       3,       1,     10.0000,      1.4016,     42.6197,    248.8948,     62.6378,      3.4953,      0.0000,     -0.0309,      0.7375,      0.1251,      5.5900,     11.1800,      1.1052,     28.3583,     56.7166,      0.0193,      0.0006,      0.0156,      0.2063,   7786.6187,-419396.7812,   -916.3543,    551.8450,  25955.3945,
       1,     168,     346,       5,       1,       3,       1,     10.0000,      1.4016,     42.6197,    248.8948,     62.6378,      3.4953,      0.0000,     -0.0308,      0.6658,      0.1224,      5.5900,     11.1800,      1.0818,     28.3583,     56.7166,      0.0193,      0.0005,      0.0156,      0.2063,   7786.6187,-419561.2188,   -916.4292,    551.8337,  25955.3965,
       1,     168,     346,       6,       1,       3,       1,     10.0000,      1.4016,     42.6197,    248.8948,     62.6378,      3.4953,      0.0000,     -0.0307,      0.3617,      0.1211,      5.5900,     11.1800,      1.0697,     28.3583,     56.7166,      0.0193,      0.0003,      0.0156,      0.2063,   7786.6191,-419486.5625,   -916.4514,    551.8389,  25955.3926,
       1,     168,     346,       7,       1,       3,       1,     10.0000,      1.4016,     42.6197,    248.8948,     62.6378,      3.4953,      0.0000,     -0.0306,      0.2827,      0.1179,      5.5900,     11.1800,      1.0417,     28.3583,     56.7166,      0.0193,      0.0002,      0.0156,      0.2063,   7786.6182,-419106.1562,   -916.3909,    551.8651,  25955.3945,
       1,     168,     346,       8,       1,       3,       1,     10.0000,      1.4016,     42.6197,    248.8948,     62.6378,      3.4953,      0.0046,     -0.0259,      0.2701,      0.1149,      5.5900,     11.1800,      1.0153,     28.3583,     56.7166,      0.0193,      0.0002,      0.0156,      0.2063,   7786.6187,-418976.1250,   -916.3681,    551.8740,  25955.3945,
       1,     168,     346,       9,       1,       3,       1,     10.0000,      1.4016,     42.6197,    248.8948,     62.6378,      3.4953,      0.1176,      0.0865,      2.9235,      0.1280,      5.5900,     11.1800,      1.1314,     28.3583,     56.7166,      0.0193,      0.0002,      0.1492,      0.2063,   7786.6187,-418949.6250,   -916.3771,    551.8759,  25955.3926,
       1,     168,     346,      10,       1,       3,       1,     10.0000,      1.4016,     42.6197,    248.8948,     62.6378,      3.4953,      0.1747,      0.1419,      6.7127,      0.1804,      5.5900,     11.1800,      1.5944,     28.3583,     56.7166,      0.0193,      0.0004,      0.2313,      0.2063,   7786.6182,-422216.7188,   -917.4409,    551.6505,  25955.3945,
       1,     168,     346,      11,       1,       3,       1,     10.0000,      1.4016,     42.6197,    248.8948,     62.6378,      3.4953,      0.1861,      0.1529,      7.7034,      0.1915,      5.5900,     11.1800,      1.6923,     28.3583,     56.7166,      0.0193,      0.0004,      0.2479,      0.2063,   7786.6187,-427162.7812,   -919.3113,    551.3094,  25955.3945,
       1,     168,     346,      12,       1,       3,       1,     10.0000,      1.4016,     42.6197,    248.8948,     62.6378,      3.4953,      0.1866,      0.1533,      7.7852,      0.1928,      5.5900,     11.1800,      1.7041,     28.3583,     56.7166,      0.0193,      0.0004,      0.2485,      0.2063,   7786.6187,-428803.9688,   -920.5608,    551.1965,  25955.3945,
       1,     168,     346,      13,       1,       3,       1,     10.0000,      1.4016,     42.6197,    248.8948,     62.6378,      3.4953,      0.1875,      0.1538,      8.5847,      0.2089,      5.5900,     11.1800,      1.8460,     28.3583,     56.7166,      0.0193,      0.0004,      0.2500,      0.2063,   7786.6187,-429043.9688,   -921.3963,    551.1799,  25955.3945,
       1,     168,     346,      14,       1,       3,       1,     10.0000,      1.4016,     42.6197,    248.8948,     62.6378,      3.4953,      0.1893,      0.1553,     31.0689,      0.2152,      5.5900,     11.1800,      1.9013,     28.3583,     56.7166,      0.0193,      0.0015,      0.2500,      0.2063,   7786.6187,-430049.6250,   -922.4332,    551.1107,  25955.3945,
       1,     168,     346,      15,       1,       3,       1,     10.0000,      1.4016,     42.6197,    248.8948,     62.6378,      3.4953,      0.1882,      0.1542,     86.7810,      0.2162,      5.5900,     11.1800,      1.9107,     28.3583,     56.7166,      0.0193,      0.0044,      0.2420,      0.2063,   7786.6187,-457840.2500,   -928.5037,    549.1963,  25955.3945,
       1,     168,     346,      16,       1,       3,       1,     10.0000,      1.4016,     42.6197,    248.8948,     62.6378,      3.4953,      0.1884,      0.1544,    103.0349,      0.2207,      5.5900,     11.1800,      1.9505,     28.3583,     56.7166,      0.0193,      0.0052,      0.2406,      0.2063,   7786.6187,-528885.9375,   -942.8360,    544.3223,  25955.3926,
       1,     168,     346,      17,       1,       3,       1,     10.0000,      1.4016,     42.6197,    248.8948,     62.6378,      3.4953,      0.1610,      0.1276,     82.1824,      0.1979,      5.5900,     11.1800,      1.7485,     28.3583,     56.7166,      0.0193,      0.0050,      0.2028,      0.2062,   7786.6182,-555025.5625,   -948.7787,    542.5654,  25955.3926,
       1,     168,     346,      18,       1,       3,       1,     10.0000,      1.4016,     42.6197,    248.8948,     62.6378,      3.4953,      0.1124,      0.0795,     57.2425,      0.1819,      5.5900,     11.1800,      1.6072,     28.3583,     56.7166,      0.0193,      0.0052,      0.1350,      0.2062,   7786.6182,-531474.6875,   -945.0479,    544.1654,  25955.3945,
       1,     168,     346,      19,       1,       3,       1,     10.0000,      1.4016,     42.6197,    248.8948,     62.6378,      3.4953,      0.0460,      0.0142,     16.4708,      0.1487,      5.5900,     11.1800,      1.3143,     28.3583,     56.7166,      0.0193,      0.0046,      0.0441,      0.2062,   7786.6187,-498707.6250,   -939.3199,    546.3966,  25955.3965,
       1,     168,     346,      20,       1,       3,       1,     10.0000,      1.4016,     42.6197,    248.8948,     62.6378,      3.4953,      0.0007,     -0.0303,      5.6823,      0.1261,      5.5900,     11.1800,      1.1143,     28.3583,     56.7166,      0.0193,      0.0045,      0.0156,      0.2062,   7786.6191,-445655.4688,   -917.2150,    550.0246,  25955.3926,
       1,     168,     346,      21,       1,       3,       1,     10.0000,      1.4016,     42.6197,    248.8948,     62.6378,      3.4953,      0.0000,     -0.0308,      5.6255,      0.1231,      5.5900,     11.1800,      1.0873,     28.3583,     56.7166,      0.0193,      0.0044,      0.0156,      0.2063,   7786.6182,-427896.1562,   -914.6794,    551.2577,  25955.3965,
       1,     168,     346,      22,       1,       3,       1,     10.0000,      1.4016,     42.6197,    248.8948,     62.6378,      3.4953,      0.0000,     -0.0309,      4.1072,      0.1253,      5.5900,     11.1800,      1.1075,     28.3583,     56.7166,      0.0193,      0.0032,      0.0156,      0.2063,   7786.6191,-426307.2500,   -914.9769,    551.3685,  25955.3945,
       1,     168,     346,      23,       1,       3,       1,     10.0000,      1.4016,     42.6197,    248.8948,     62.6378,      3.4953,      0.0000,     -0.0310,      3.6060,      0.1269,      5.5900,     11.1800,      1.1211,     28.3583,     56.7166,      0.0193,      0.0028,      0.0156,      0.2063,   7786.6187,-424300.0000,   -915.0261,    551.5069,  25955.3945,
       1,     168,     346,      24,       1,       3,       1,     10.0000,      1.4016,     42.6197,    248.8948,     62.6378,      3.4953,      0.0000,     -0.0310,      1.4120,      0.1266,      5.5900,     11.1800,      1.1188,     28.3583,     56.7166,      0.0193,      0.0011,      0.0156,      0.2063,   7786.6187,-423512.0000,   -915.1199,    551.5613,  25955.3945,
       1,     168,     347,       1,       1,       3,       1,     10.0000,      1.4016,     42.6201,    248.9005,     62.6393,      3.4953,      0.0000,     -0.0311,      0.3379,      0.1300,      5.5896,     11.1792,      1.1488,     28.3622,     56.7244,      0.0193,      0.0003,      0.0156,      0.2063,   7786.6187,-420894.8125,   -914.9628,    551.7545,  25956.5391,
       1,     168,     347,       2,       1,       3,       1,     10.0000,      1.4016,     42.6201,    248.9005,     62.6393,      3.4953,      0.0000,     -0.0311,      0.3132,      0.1308,      5.5896,     11.1792,      1.1559,     28.3622,     56.7244,      0.0193,      0.0002,      0.0156,      0.2063,   7786.9619,-419199.0938,   -914.4036,    551.8715,  25956.5371,
       1,     168,     347,       3,       1,       3,       1,     10.0000,      1.4016,     42.6201,    248.9005,     62.6393,      3.4953,      0.0000,     -0.0310,      0.3028,      0.1270,      5.5896,     11.1792,      1.1223,     28.3622,     56.7244,      0.0193,      0.0002,      0.0156,      0.2063,   7786.9614,-419024.7188,   -914.3738,    551.8835,  25956.5391,
       1,     168,     347,       4,       1,       3,       1,     10.0000,      1.4016,     42.6201,    248.9005,     62.6393,      3.4953,      0.0000,     -0.0309,      0.2975,      0.1251,      5.5896,     11.1792,      1.1053,     28.3622,     56.7244,      0.0193,      0.0002,      0.0156,      0.2063,   7786.9619,-418996.8125,   -914.3695,    551.8854,  25956.5391,
       1,     168,     347,       5,       1,       3,       1,     10.0000,      1.4016,     42.6201,    248.9005,     62.6393,      3.4953,      0.0000,     -0.0310,      0.3007,      0.1262,      5.5896,     11.1792,      1.1154,     28.3622,     56.7244,      0.0193,      0.0002,      0.0156,      0.2063,   7786.9619,-418988.1562,   -914.3693,    551.8860,  25956.5391,
       1,     168,     347,       6,       1,       3,       1,     10.0000,      1.4016,     42.6201,    248.9005,     62.6393,      3.4953,      0.0000,     -0.0310,      0.3021,      0.1267,      5.5896,     11.1792,      1.1200,     28.3622,     56.7244,      0.0193,      0.0002,      0.0156,      0.2063,   7786.9619,-418991.1562,   -914.3713,    551.8858,  25956.5391,
       1,     168,     347,       7,       1,       3,       1,     10.0000,      1.4016,     42.6201,    248.9005,     62.6393,      3.4953,      0.0000,     -0.0310,      0.3021,      0.1267,      5.5896,     11.1792,      1.1200,     28.3622,     56.7244,      0.0193,      0.0002,      0.0156,      0.2063,   7786.9619,-418993.1875,   -914.3731,    551.8857,  25956.5391,
       1,     168,     347,       8,       1,       3,       1,     10.0000,      1.4016,     42.6201,    248.9005,     62.6393,      3.4953,      0.0027,     -0.0282,      0.2982,      0.1253,      5.5896,     11.1792,      1.1075,     28.3622,     56.7244,      0.0193,      0.0002,      0.0156,      0.2063,   7786.9619,-418993.3438,   -914.3743,    551.8857,  25956.5391,
       1,     168,     347,       9,       1,       3,       1,     10.0000,      1.4016,     42.6201,    248.9005,     62.6393,      3.4953,      0.1112,      0.0801,      2.8155,      0.1309,      5.5896,     11.1792,      1.1570,     28.3622,     56.7244,      0.0193,      0.0002,      0.1401,      0.2063,   7786.9619,-418988.6250,   -914.3810,    551.8860,  25956.5391,
       1,     168,     347,      10,       1,       3,       1,     10.0000,      1.4016,     42.6201,    248.9005,     62.6393,      3.4953,      0.1597,      0.1272,      5.6190,      0.1685,      5.5896,     11.1792,      1.4885,     28.3622,     56.7244,      0.0193,      0.0003,      0.2095,      0.2063,   7786.9619,-422089.0625,   -915.2688,    551.6721,  25956.5391,
       1,     168,     347,      11,       1,       3,       1,     10.0000,      1.4016,     42.6201,    248.9005,     62.6393,      3.4953,      0.1754,      0.1429,      6.2302,      0.1685,      5.5896,     11.1792,      1.4885,     28.3622,     56.7244,      0.0193,      0.0003,      0.2323,      0.2063,   7786.9619,-425806.5000,   -917.0494,    551.4158,  25956.5391,
       1,     168,     347,      12,       1,       3,       1,     10.0000,      1.4016,     42.6201,    248.9005,     62.6393,      3.4953,      0.1876,      0.1540,      8.2322,      0.2014,      5.5896,     11.1792,      1.7799,     28.3622,     56.7244,      0.0193,      0.0004,      0.2500,      0.2063,   7786.9619,-426875.4062,   -918.1805,    551.3422,  25956.5391,
       1,     168,     347,      13,       1,       3,       1,     10.0000,      1.4016,     42.6201,    248.9005,     62.6393,      3.4953,      0.1875,      0.1537,      8.7517,      0.2124,      5.5896,     11.1792,      1.8772,     28.3622,     56.7244,      0.0193,      0.0004,      0.2500,      0.2063,   7786.9619,-429432.6875,   -920.5062,    551.1660,  25956.5410,
       1,     168,     347,      14,       1,       3,       1,     10.0000,      1.4016,     42.6201,    248.9005,     62.6393,      3.4953,      0.1875,      0.1533,     10.2452,      0.2278,      5.5896,     11.1792,      2.0127,     28.3622,     56.7244,      0.0193,      0.0005,      0.2500,      0.2063,   7786.9624,-430289.7812,   -921.9338,    551.1069,  25956.5391,
       1,     168,     347,      15,       1,       3,       1,     10.0000,      1.4016,     42.6201,    248.9005,     62.6393,      3.4953,      0.1902,      0.1558,     44.0737,      0.2330,      5.5896,     11.1792,      2.0585,     28.3622,     56.7244,      0.0193,      0.0022,      0.2500,      0.2063,   7786.9619,-432202.7812,   -923.5742,    550.9752,  25956.5391,
       1,     168,     347,      16,       1,       3,       1,     10.0000,      1.4016,     42.6201,    248.9005,     62.6393,      3.4953,      0.1895,      0.1557,     42.3802,      0.2124,      5.5896,     11.1792,      1.8772,     28.3622,     56.7244,      0.0193,      0.0021,      0.2490,      0.2063,   7786.9619,-474045.7188,   -932.5917,    548.0933,  25956.5391,
       1,     168,     347,      17,       1,       3,       1,     10.0000,      1.4016,     42.6201,    248.9005,     62.6393,      3.4953,      0.1877,      0.1539,     74.3445,      0.2102,      5.5896,     11.1792,      1.8570,     28.3622,     56.7244,      0.0193,      0.0038,      0.2427,      0.2063,   7786.9619,-475529.8125,   -933.6034,    547.9992,  25956.5410,
       1,     168,     347,      18,       1,       3,       1,     10.0000,      1.4016,     42.6201,    248.9005,     62.6393,      3.4953,      0.1272,      0.0941,     52.2021,      0.1879,      5.5896,     11.1792,      1.6608,     28.3622,     56.7244,      0.0193,      0.0041,      0.1569,      0.2063,   7786.9624,-515054.7500,   -941.8966,    545.2918,  25956.5391,
       1,     168,     347,      19,       1,       3,       1,     10.0000,      1.4016,     42.6201,    248.9005,     62.6393,      3.4953,      0.0447,      0.0122,     18.3082,      0.1708,      5.5896,     11.1792,      1.5095,     28.3622,     56.7244,      0.0193,      0.0054,      0.0413,      0.2062,   7786.9619,-491106.2188,   -937.8917,    546.9308,  25956.5371,
       1,     168,     347,      20,       1,       3,       1,     10.0000,      1.4016,     42.6201,    248.9005,     62.6393,      3.4953,      0.0011,     -0.0313,      6.4285,      0.1640,      5.5896,     11.1792,      1.4488,     28.3622,     56.7244,      0.0193,      0.0050,      0.0156,      0.2063,   7786.9614,-447281.4375,   -929.8881,    549.9294,  25956.5371,
       1,     168,     347,      21,       1,       3,       1,     10.0000,      1.4016,     42.6201,    248.9005,     62.6393,      3.4953,      0.0000,     -0.0321,      4.8479,      0.1585,      5.5896,     11.1792,      1.4003,     28.3622,     56.7244,      0.0193,      0.0038,      0.0156,      0.2063,   7786.9614,-428950.1562,   -926.5612,    551.1978,  25956.5391,
       1,     168,     347,      22,       1,       3,       1,     10.0000,      1.4016,     42.6201,    248.9005,     62.6393,      3.4953,      0.0000,     -0.0320,      4.9593,      0.1549,      5.5896,     11.1792,      1.3683,     28.3622,     56.7244,      0.0193,      0.0039,      0.0156,      0.2063,   7786.9619,-425441.0938,   -925.4039,    551.4410,  25956.5371,
       1,     168,     347,      23,       1,       3,       1,     10.0000,      1.4016,     42.6201,    248.9005,     62.6393,      3.4953,      0.0000,     -0.0320,      3.7915,      0.1544,      5.5896,     11.1792,      1.3642,     28.3622,     56.7244,      0.0193,      0.0030,      0.0156,      0.2063,   7786.9614,-425278.8125,   -925.4995,    551.4523,  25956.5371,
       1,     168,     347,      24,       1,       3,       1,     10.0000,      1.4016,     42.6201,    248.9005,     62.6393,      3.4953,      0.0000,     -0.0318,      2.4237,      0.1498,      5.5896,     11.1792,      1.3237,     28.3622,     56.7244,      0.0193,      0.0019,      0.0156,      0.2063,   7786.9614,-423826.1562,   -925.3211,    551.5524,  25956.5391,
       1,     168,     348,       1,       1,       3,       1,     10.0000,      1.4016,     42.6204,    248.9063,     62.6407,      3.4953,      0.0000,     -0.0317,      1.7868,      0.1468,      5.5900,     11.1799,      1.2973,     28.3661,     56.7322,      0.0193,      0.0014,      0.0156,      0.2064,   7786.9619,-422170.6562,   -925.3333,    551.6793,  25957.6836,
       1,     168,     348,       2,       1,       3,       1,     10.0000,      1.4016,     42.6204,    248.9063,     62.6407,      3.4953,      0.0000,     -0.0317,      1.2140,      0.1468,      5.5900,     11.1799,      1.2973,     28.3661,     56.7322,      0.0193,      0.0010,      0.0156,      0.2064,   7787.3052,-421095.2188,   -910.5856,    551.7535,  25957.6855,
       1,     168,     348,       3,       1,       3,       1,     10.0000,      1.4016,     42.6204,    248.9063,     62.6407,      3.4953,      0.0000,     -0.0317,      0.8021,      0.1470,      5.5900,     11.1799,      1.2986,     28.3661,     56.7322,      0.0193,      0.0006,      0.0156,      0.2064,   7787.3062,-420298.0938,   -910.4941,    551.8085,  25957.6855,
       1,     168,     348,       4,       1,       3,       1,     10.0000,      1.4016,     42.6204,    248.9063,     62.6407,      3.4953,      0.0000,     -0.0316,      0.4682,      0.1437,      5.5900,     11.1799,      1.2701,     28.3661,     56.7322,      0.0193,      0.0004,      0.0156,      0.2064,   7787.3062,-419723.0625,   -910.4263,    551.8481,  25957.6855,
       1,     168,     348,       5,       1,       3,       1,     10.0000,      1.4016,     42.6204,    248.9063,     62.6407,      3.4953,      0.0000,     -0.0316,      0.3488,      0.1437,      5.5900,     11.1799,      1.2701,     28.3661,     56.7322,      0.0193,      0.0003,      0.0156,      0.2064,   7787.3062,-419262.8125,   -910.3582,    551.8798,  25957.6875,
       1,     168,     348,       6,       1,       3,       1,     10.0000,      1.4016,     42.6204,    248.9063,     62.6407,      3.4953,      0.0000,     -0.0316,      0.3444,      0.1421,      5.5900,     11.1799,      1.2560,     28.3661,     56.7322,      0.0193,      0.0003,      0.0156,      0.2064,   7787.3066,-419076.6250,   -910.3263,    551.8927,  25957.6855,
       1,     168,     348,       7,       1,       3,       1,     10.0000,      1.4016,     42.6204,    248.9063,     62.6407,      3.4953,      0.0000,     -0.0314,      0.3338,      0.1383,      5.5900,     11.1799,      1.2222,     28.3661,     56.7322,      0.0193,      0.0003,      0.0156,      0.2064,   7787.3062,-419055.5312,   -910.3246,    551.8942,  25957.6875,
       1,     168,     348,       8,       1,       3,       1,     10.0000,      1.4016,     42.6204,    248.9063,     62.6407,      3.4953,      0.0027,     -0.0286,      0.3299,      0.1369,      5.5900,     11.1799,      1.2099,     28.3661,     56.7322,      0.0193,      0.0003,      0.0156,      0.2064,   7787.3066,-419040.4375,   -910.3229,    551.8953,  25957.6855,
       1,     168,     348,       9,       1,       3,       1,     10.0000,      1.4016,     42.6204,    248.9063,     62.6407,      3.4953,      0.0577,      0.0262,      1.3678,      0.1401,      5.5900,     11.1799,      1.2384,     28.3661,     56.7322,      0.0193,      0.0003,      0.0630,      0.2064,   7787.3062,-419034.5625,   -910.3308,    551.8956,  25957.6855,
       1,     168,     348,      10,       1,       3,       1,     10.0000,      1.4016,     42.6204,    248.9063,     62.6407,      3.4953,      0.0401,      0.0087,      0.8154,      0.1394,      5.5900,     11.1799,      1.2321,     28.3661,     56.7322,      0.0193,      0.0003,      0.0378,      0.2064,   7787.3062,-420312.5312,   -910.6964,    551.8074,  25957.6855,
       1,     168,     348,      11,       1,       3,       1,     10.0000,      1.4016,     42.6204,    248.9063,     62.6407,      3.4953,      0.1693,      0.1375,      5.1961,      0.1487,      5.5900,     11.1799,      1.3144,     28.3661,     56.7322,      0.0193,      0.0003,      0.2234,      0.2064,   7787.3062,-419740.6875,   -910.3126,    551.8469,  25957.6875,
       1,     168,     348,      12,       1,       3,       1,     10.0000,      1.4016,     42.6204,    248.9063,     62.6407,      3.4953,      0.1669,      0.1340,      6.4042,      0.1810,      5.5900,     11.1799,      1.5993,     28.3661,     56.7322,      0.0193,      0.0004,      0.2199,      0.2064,   7787.3066,-425087.7500,   -911.9609,    551.4780,  25957.6855,
       1,     168,     348,      13,       1,       3,       1,     10.0000,      1.4016,     42.6204,    248.9063,     62.6407,      3.4953,      0.1833,      0.1503,      7.2125,      0.1835,      5.5900,     11.1799,      1.6217,     28.3661,     56.7322,      0.0193,      0.0004,      0.2437,      0.2063,   7787.3062,-427030.8750,   -913.7424,    551.3443,  25957.6875,
       1,     168,     348,      14,       1,       3,       1,     10.0000,      1.4016,     42.6204,    248.9063,     62.6407,      3.4953,      0.1768,      0.1433,      7.6888,      0.2008,      5.5900,     11.1799,      1.7747,     28.3661,     56.7322,      0.0193,      0.0004,      0.2343,      0.2063,   7787.3066,-428191.1875,   -915.0691,    551.2643,  25957.6875,
       1,     168,     348,      15,       1,       3,       1,     10.0000,      1.4016,     42.6204,    248.9063,     62.6407,      3.4953,      0.1864,      0.1527,      8.5092,      0.2085,      5.5900,     11.1799,      1.8424,     28.3661,     56.7322,      0.0193,      0.0004,      0.2484,      0.2063,   7787.3066,-428876.4688,   -916.4451,    551.2170,  25957.6855,
       1,     168,     348,      16,       1,       3,       1,     10.0000,      1.4016,     42.6204,    248.9063,     62.6407,      3.4953,      0.1762,      0.1426,     16.5474,      0.2032,      5.5900,     11.1799,      1.7958,     28.3661,     56.7322,      0.0193,      0.0009,      0.2324,      0.2063,   7787.3062,-429945.7188,   -917.8676,    551.1434,  25957.6875,
       1,     168,     348,      17,       1,       3,       1,     10.0000,      1.4016,     42.6204,    248.9063,     62.6407,      3.4953,      0.1261,      0.0933,     31.5784,      0.1799,      5.5900,     11.1799,      1.5898,     28.3661,     56.7322,      0.0193,      0.0025,      0.1578,      0.2063,   7787.3066,-439938.5938,   -918.4187,    550.4550,  25957.6875,
       1,     168,     348,      18,       1,       3,       1,     10.0000,      1.4016,     42.6204,    248.9063,     62.6407,      3.4953,      0.1316,      0.0989,     33.2969,      0.1744,      5.5900,     11.1799,      1.5414,     28.3661,     56.7322,      0.0193,      0.0025,      0.1656,      0.2063,   7787.3066,-459308.0938,   -922.7427,    549.1227,  25957.6855,
       1,     168,     348,      19,       1,       3,       1,     10.0000,      1.4016,     42.6204,    248.9063,     62.6407,      3.4953,      0.0344,      0.0021,      7.4706,      0.1635,      5.5900,     11.1799,      1.4445,     28.3661,     56.7322,      0.0193,      0.0033,      0.0278,      0.2063,   7787.3062,-463073.4375,   -924.1844,    548.8658,  25957.6855,
       1,     168,     348,      20,       1,       3,       1,     10.0000,      1.4016,     42.6204,    248.9063,     62.6407,      3.4953,      0.0011,     -0.0309,      4.0457,      0.1549,      5.5900,     11.1799,      1.3684,     28.3661,     56.7322,      0.0193,      0.0032,      0.0156,      0.2063,   7787.3062,-431559.3125,   -918.8352,    551.0280,  25957.6855,
       1,     168,     348,      21,       1,       3,       1,     10.0000,      1.4016,     42.6204,    248.9063,     62.6407,      3.4953,      0.0000,     -0.0319,      3.9369,      0.1525,      5.5900,     11.1799,      1.3479,     28.3661,     56.7322,      0.0193,      0.0031,      0.0156,      0.2063,   7787.3062,-424679.7500,   -917.8561,    551.5061,  25957.6855,
       1,     168,     348,      22,       1,       3,       1,     10.0000,      1.4016,     42.6204,    248.9063,     62.6407,      3.4953,      0.0000,     -0.0318,      2.4003,      0.1493,      5.5900,     11.1799,      1.3197,     28.3661,     56.7322,      0.0193,      0.0019,      0.0156,      0.2064,   7787.3062,-423957.0000,   -917.9976,    551.5562,  25957.6855,
       1,     168,     348,      23,       1,       3,       1,     10.0000,      1.4016,     42.6204,    248.9063,     62.6407,      3.4953,      0.0000,     -0.0318,      2.3408,      0.1495,      5.5900,     11.1799,      1.3210,     28.3661,     56.7322,      0.0193,      0.0018,      0.0156,      0.2064,   7787.3062,-422002.4688,   -917.8083,    551.6909,  25957.6855,
       1,     168,     348,      24,       1,       3,       1,     10.0000,      1.4016,     42.6204,    248.9063,     62.6407,      3.4953,      0.0000,     -0.0317,      1.6309,      0.1464,      5.5900,     11.1799,      1.2934,     28.3661,     56.7322,      0.0193,      0.0013,      0.0156,      0.2064,   7787.3062,-421763.1875,   -917.9117,    551.7074,  25957.6855,
       1,     168,     349,       1,       1,       3,       1,     10.0000,      1.4016,     42.6207,    248.9121,     62.6422,      3.4953,      0.0000,     -0.0318,      1.1175,      0.1488,      5.5903,     11.1805,      1.3144,     28.3626,     56.7252,      0.0193,      0.0009,      0.0156,      0.2064,   7787.3062,-421021.2188,   -918.0993,    551.7714,  25958.8301,
       1,     168,     349,       2,       1,       3,       1,     10.0000,      1.4016,     42.6207,    248.9121,     62.6422,      3.4953,      0.0000,     -0.0317,      0.9956,      0.1458,      5.5903,     11.1805,      1.2882,     28.3626,     56.7252,      0.0193,      0.0008,      0.0156,      0.2064,   7787.6494,-420175.6562,   -917.7384,    551.8296,  25958.8301,
       1,     168,     349,       3,       1,       3,       1,     10.0000,      1.4016,     42.6207,    248.9121,     62.6422,      3.4953,      0.0000,     -0.0316,      0.8035,      0.1433,      5.5903,     11.1805,      1.2663,     28.3626,     56.7252,      0.0193,      0.0006,      0.0156,      0.2064,   7787.6494,-419953.8750,   -917.7436,    551.8450,  25958.8301,
       1,     168,     349,       4,       1,       3,       1,     10.0000,      1.4016,     42.6207,    248.9121,     62.6422,      3.4953,      0.0000,     -0.0315,      0.8547,      0.1400,      5.5903,     11.1805,      1.2372,     28.3626,     56.7252,      0.0193,      0.0007,      0.0156,      0.2064,   7787.6494,-419698.3125,   -917.7251,    551.8625,  25958.8301,
       1,     168,     349,       5,       1,       3,       1,     10.0000,      1.4016,     42.6207,    248.9121,     62.6422,      3.4953,      0.0000,     -0.0314,      0.4031,      0.1369,      5.5903,     11.1805,      1.2099,     28.3626,     56.7252,      0.0193,      0.0003,      0.0156,      0.2064,   7787.6494,-419739.6875,   -917.7725,    551.8597,  25958.8301,
       1,     168,     349,       6,       1,       3,       1,     10.0000,      1.4016,     42.6207,    248.9121,     62.6422,      3.4953,      0.0000,     -0.0312,      0.4856,      0.1331,      5.5903,     11.1805,      1.1760,     28.3626,     56.7252,      0.0193,      0.0004,      0.0156,      0.2064,   7787.6494,-419187.0000,   -917.6775,    551.8979,  25958.8281,
       1,     168,     349,       7,       1,       3,       1,     10.0000,      1.4016,     42.6207,    248.9121,     62.6422,      3.4953,      0.0000,     -0.0314,      0.4326,      0.1375,      5.5903,     11.1805,      1.2148,     28.3626,     56.7252,      0.0193,      0.0003,      0.0156,      0.2064,   7787.6489,-419241.7812,   -917.6964,    551.8941,  25958.8301,
       1,     168,     349,       8,       1,       3,       1,     10.0000,      1.4016,     42.6207,    248.9121,     62.6422,      3.4953,      0.0024,     -0.0288,      0.3473,      0.1342,      5.5903,     11.1805,      1.1856,     28.3626,     56.7252,      0.0193,      0.0003,      0.0156,      0.2064,   7787.6494,-419181.0625,   -917.6943,    551.8983,  25958.8301,
       1,     168,     349,       9,       1,       3,       1,     10.0000,      1.4016,     42.6207,    248.9121,     62.6422,      3.4953,      0.0282,     -0.0032,      0.4366,      0.1369,      5.5903,     11.1805,      1.2099,     28.3626,     56.7252,      0.0193,      0.0003,      0.0206,      0.2064,   7787.6494,-419070.7812,   -917.6829,    551.9059,  25958.8281,
       1,     168,     349,      10,       1,       3,       1,     10.0000,      1.4016,     42.6207,    248.9121,     62.6422,      3.4953,      0.1171,      0.0852,      3.5024,      0.1509,      5.5903,     11.1805,      1.3331,     28.3626,     56.7252,      0.0193,      0.0003,      0.1482,      0.2064,   7787.6489,-419171.6250,   -917.7596,    551.8990,  25958.8301,
       1,     168,     349,      11,       1,       3,       1,     10.0000,      1.4016,     42.6207,    248.9121,     62.6422,      3.4953,      0.1623,      0.1298,      5.7599,      0.1695,      5.5903,     11.1805,      1.4975,     28.3626,     56.7252,      0.0193,      0.0003,      0.2133,      0.2064,   7787.6494,-422955.7500,   -918.6828,    551.6379,  25958.8281,
       1,     168,     349,      12,       1,       3,       1,     10.0000,      1.4016,     42.6207,    248.9121,     62.6422,      3.4953,      0.1811,      0.1481,      7.1916,      0.1852,      5.5903,     11.1805,      1.6363,     28.3626,     56.7252,      0.0193,      0.0004,      0.2406,      0.2064,   7787.6489,-426058.1875,   -919.7098,    551.4240,  25958.8320,
       1,     168,     349,      13,       1,       3,       1,     10.0000,      1.4016,     42.6207,    248.9121,     62.6422,      3.4953,      0.1875,      0.1539,      8.4311,      0.2057,      5.5903,     11.1805,      1.8172,     28.3626,     56.7252,      0.0193,      0.0004,      0.2500,      0.2064,   7787.6499,-428084.5625,   -920.7031,    551.2844,  25958.8281,
       1,     168,     349,      14,       1,       3,       1,     10.0000,      1.4016,     42.6207,    248.9121,     62.6422,      3.4953,      0.1850,      0.1511,      8.7809,      0.2158,      5.5903,     11.1805,      1.9070,     28.3626,     56.7252,      0.0193,      0.0004,      0.2463,      0.2064,   7787.6489,-429783.9688,   -921.8672,    551.1673,  25958.8301,
       1,     168,     349,      15,       1,       3,       1,     10.0000,      1.4016,     42.6207,    248.9121,     62.6422,      3.4953,      0.1761,      0.1422,     14.6689,      0.2156,      5.5903,     11.1805,      1.9052,     28.3626,     56.7252,      0.0193,      0.0008,      0.2327,      0.2064,   7787.6494,-430359.0312,   -922.5597,    551.1277,  25958.8320,
       1,     168,     349,      16,       1,       3,       1,     10.0000,      1.4016,     42.6207,    248.9121,     62.6422,      3.4953,      0.1871,      0.1533,     32.0128,      0.2137,      5.5903,     11.1805,      1.8884,     28.3626,     56.7252,      0.0193,      0.0016,      0.2468,      0.2064,   7787.6499,-437660.2500,   -924.3937,    550.6247,  25958.8301,
       1,     168,     349,      17,       1,       3,       1,     10.0000,      1.4016,     42.6207,    248.9121,     62.6422,      3.4953,      0.1727,      0.1391,     46.2152,      0.2018,      5.5903,     11.1805,      1.7835,     28.3626,     56.7252,      0.0193,      0.0025,      0.2239,      0.2064,   7787.6494,-459647.3125,   -929.0829,    549.1116,  25958.8301,
       1,     168,     349,      18,       1,       3,       1,     10.0000,      1.4016,     42.6207,    248.9121,     62.6422,      3.4953,      0.1498,      0.1166,     54.4149,      0.1934,      5.5903,     11.1805,      1.7093,     28.3626,     56.7252,      0.0193,      0.0035,      0.1896,      0.2063,   7787.6494,-479020.0625,   -933.2693,    547.7839,  25958.8301,
       1,     168,     349,      19,       1,       3,       1,     10.0000,      1.4016,     42.6207,    248.9121,     62.6422,      3.4953,      0.0644,      0.0315,     22.1608,      0.1826,      5.5903,     11.1805,      1.6137,     28.3626,     56.7252,      0.0193,      0.0039,      0.0691,      0.2063,   7787.6494,-490771.5000,   -936.0355,    546.9808,  25958.8281,
       1,     168,     349,      20,       1,       3,       1,     10.0000,      1.4016,     42.6207,    248.9121,     62.6422,      3.4953,      0.0022,     -0.0304,      3.9444,      0.1720,      5.5903,     11.1805,      1.5201,     28.3626,     56.7252,      0.0193,      0.0031,      0.0156,      0.2063,   7787.6489,-452000.5312,   -929.0424,    549.6324,  25958.8301,
       1,     168,     349,      21,       1,       3,       1,     10.0000,      1.4016,     42.6207,    248.9121,     62.6422,      3.4953,      0.0000,     -0.0324,      3.9375,      0.1665,      5.5903,     11.1805,      1.4708,     28.3626,     56.7252,      0.0193,      0.0031,      0.0156,      0.2064,   7787.6494,-426289.3438,   -924.3158,    551.4052,  25958.8301,
       1,     168,     349,      22,       1,       3,       1,     10.0000,      1.4016,     42.6207,    248.9121,     62.6422,      3.4953,      0.0000,     -0.0323,      3.3976,      0.1640,      5.5903,     11.1805,      1.4489,     28.3626,     56.7252,      0.0193,      0.0027,      0.0156,      0.2064,   7787.6494,-424099.9375,   -924.0055,    551.5590,  25958.8281,
       1,     168,     349,      23,       1,       3,       1,     10.0000,      1.4016,     42.6207,    248.9121,     62.6422,      3.4953,      0.0000,     -0.0321,      2.9670,      0.1582,      5.5903,     11.1805,      1.3976,     28.3626,     56.7252,      0.0193,      0.0023,      0.0156,      0.2064,   7787.6489,-423245.5938,   -923.9290,    551.6179,  25958.8301,
       1,     168,     349,      24,       1,       3,       1,     10.0000,      1.4016,     42.6207,    248.9121,     62.6422,      3.4953,      0.0000,     -0.0319,      2.4965,      0.1525,      5.5903,     11.1805,      1.3479,     28.3626,     56.7252,      0.0193,      0.0020,      0.0156,      0.2064,   7787.6494,-422642.7188,   -923.8841,    551.6595,  25958.8301,
       1,     168,     350,       1,       1,       3,       1,     10.0000,      1.4017,     42.6210,    248.9179,     62.6436,      3.4953,      0.0000,     -0.0319,      1.9094,      0.1509,      5.5905,     11.1810,      1.3331,     28.3630,     56.7261,      0.0193,      0.0015,      0.0156,      0.2064,   7787.6494,-422164.7500,   -924.1188,    551.7054,  25959.9727,
       1,     168,     350,       2,       1,       3,       1,     10.0000,      1.4017,     42.6210,    248.9179,     62.6436,      3.4953,      0.0000,     -0.0317,      1.3954,      0.1468,      5.5905,     11.1810,      1.2973,     28.3630,     56.7261,      0.0193,      0.0011,      0.0156,      0.2064,   7787.9922,-421251.0000,   -923.7241,    551.7684,  25959.9727,
       1,     168,     350,       3,       1,       3,       1,     10.0000,      1.4017,     42.6210,    248.9179,     62.6436,      3.4953,      0.0000,     -0.0317,      1.4852,      0.1465,      5.5905,     11.1810,      1.2947,     28.3630,     56.7261,      0.0193,      0.0012,      0.0156,      0.2064,   7787.9922,-420540.3438,   -923.6166,    551.8174,  25959.9766,
       1,     168,     350,       4,       1,       3,       1,     10.0000,      1.4017,     42.6210,    248.9179,     62.6436,      3.4953,      0.0000,     -0.0317,      1.2182,      0.1462,      5.5905,     11.1810,      1.2921,     28.3630,     56.7261,      0.0193,      0.0010,      0.0156,      0.2064,   7787.9932,-420590.0938,   -923.6545,    551.8140,  25959.9746,
       1,     168,     350,       5,       1,       3,       1,     10.0000,      1.4017,     42.6210,    248.9179,     62.6436,      3.4953,      0.0000,     -0.0315,      0.6830,      0.1393,      5.5905,     11.1810,      1.2310,     28.3630,     56.7261,      0.0193,      0.0005,      0.0156,      0.2064,   7787.9927,-420265.7188,   -923.6158,    551.8364,  25959.9746,
       1,     168,     350,       6,       1,       3,       1,     10.0000,      1.4017,     42.6210,    248.9179,     62.6436,      3.4953,      0.0000,     -0.0312,      0.9201,      0.1336,      5.5905,     11.1810,      1.1809,     28.3630,     56.7261,      0.0193,      0.0007,      0.0156,      0.2064,   7787.9927,-419579.1562,   -923.4954,    551.8837,  25959.9766,
       1,     168,     350,       7,       1,       3,       1,     10.0000,      1.4017,     42.6210,    248.9179,     62.6436,      3.4953,      0.0000,     -0.0310,      0.5591,      0.1271,      5.5905,     11.1810,      1.1235,     28.3630,     56.7261,      0.0193,      0.0004,      0.0156,      0.2064,   7787.9932,-419812.5938,   -923.5513,    551.8677,  25959.9746,
       1,     168,     350,       8,       1,       3,       1,     10.0000,      1.4017,     42.6210,    248.9179,     62.6436,      3.4953,      0.0029,     -0.0282,      0.7263,      0.1288,      5.5905,     11.1810,      1.1385,     28.3630,     56.7261,      0.0193,      0.0006,      0.0156,      0.2064,   7787.9927,-419387.9688,   -923.4774,    551.8969,  25959.9746,
       1,     168,     350,       9,       1,       3,       1,     10.0000,      1.4017,     42.6210,    248.9179,     62.6436,      3.4953,      0.0663,      0.0349,      6.5252,      0.1386,      5.5905,     11.1810,      1.2247,     28.3630,     56.7261,      0.0193,      0.0011,      0.0748,      0.2064,   7787.9927,-419557.8438,   -923.5207,    551.8852,  25959.9746,
       1,     168,     350,      10,       1,       3,       1,     10.0000,      1.4017,     42.6210,    248.9179,     62.6436,      3.4953,      0.1314,      0.0992,     11.2634,      0.1620,      5.5905,     11.1810,      1.4316,     28.3630,     56.7261,      0.0193,      0.0008,      0.1680,      0.2064,   7787.9927,-426713.3438,   -924.9554,    551.3915,  25959.9746,
       1,     168,     350,      11,       1,       3,       1,     10.0000,      1.4017,     42.6210,    248.9179,     62.6436,      3.4953,      0.1766,      0.1437,     10.2077,      0.1806,      5.5905,     11.1810,      1.5962,     28.3630,     56.7261,      0.0193,      0.0005,      0.2336,      0.2064,   7787.9927,-433157.2812,   -926.3037,    550.9476,  25959.9727,
       1,     168,     350,      12,       1,       3,       1,     10.0000,      1.4017,     42.6210,    248.9179,     62.6436,      3.4953,      0.1844,      0.1512,     12.0644,      0.1934,      5.5905,     11.1810,      1.7093,     28.3630,     56.7261,      0.0193,      0.0006,      0.2449,      0.2064,   7787.9922,-432404.7188,   -926.3056,    550.9996,  25959.9746,
       1,     168,     350,      13,       1,       3,       1,     10.0000,      1.4017,     42.6210,    248.9179,     62.6436,      3.4953,      0.1796,      0.1463,     17.4612,      0.1940,      5.5905,     11.1810,      1.7144,     28.3630,     56.7261,      0.0193,      0.0009,      0.2372,      0.2064,   7787.9927,-434627.1875,   -926.8810,    550.8466,  25959.9746,
       1,     168,     350,      14,       1,       3,       1,     10.0000,      1.4017,     42.6210,    248.9179,     62.6436,      3.4953,      0.1866,      0.1532,     28.6430,      0.1969,      5.5905,     11.1810,      1.7400,     28.3630,     56.7261,      0.0193,      0.0014,      0.2462,      0.2064,   7787.9927,-441463.1875,   -928.3402,    550.3759,  25959.9727,
       1,     168,     350,      15,       1,       3,       1,     10.0000,      1.4017,     42.6210,    248.9179,     62.6436,      3.4953,      0.1903,      0.1568,     48.6697,      0.2014,      5.5905,     11.1810,      1.7800,     28.3630,     56.7261,      0.0193,      0.0024,      0.2493,      0.2064,   7787.9922,-455818.4375,   -931.2990,    549.3885,  25959.9727,
       1,     168,     350,      16,       1,       3,       1,     10.0000,      1.4017,     42.6210,    248.9179,     62.6436,      3.4953,      0.1761,      0.1428,     53.7813,      0.1938,      5.5905,     11.1810,      1.7127,     28.3630,     56.7261,      0.0193,      0.0029,      0.2279,      0.2064,   7787.9922,-481713.3438,   -936.5690,    547.6111,  25959.9746,
       1,     168,     350,      17,       1,       3,       1,     10.0000,      1.4017,     42.6210,    248.9179,     62.6436,      3.4953,      0.1572,      0.1241,     53.1781,      0.1887,      5.5905,     11.1810,      1.6675,     28.3630,     56.7261,      0.0193,      0.0032,      0.2005,      0.2063,   7787.9927,-490215.1562,   -938.5332,    547.0320,  25959.9746,
       1,     168,     350,      18,       1,       3,       1,     10.0000,      1.4017,     42.6210,    248.9179,     62.6436,      3.4953,      0.1286,      0.0957,     44.3351,      0.1817,      5.5905,     11.1810,      1.6057,     28.3630,     56.7261,      0.0193,      0.0034,      0.1599,      0.2063,   7787.9927,-490188.7812,   -938.8497,    547.0342,  25959.9746,
       1,     168,     350,      19,       1,       3,       1,     10.0000,      1.4017,     42.6210,    248.9179,     62.6436,      3.4953,      0.0539,      0.0214,     14.6139,      0.1676,      5.5905,     11.1810,      1.4812,     28.3630,     56.7261,      0.0193,      0.0032,      0.0551,      0.2063,   7787.9927,-479284.8438,   -937.0195,    547.7797,  25959.9746,
       1,     168,     350,      20,       1,       3,       1,     10.0000,      1.4017,     42.6210,    248.9179,     62.6436,      3.4953,      0.0022,     -0.0300,      4.2376,      0.1602,      5.5905,     11.1810,      1.4159,     28.3630,     56.7261,      0.0193,      0.0033,      0.0156,      0.2064,   7787.9927,-441730.8125,   -929.8964,    550.3516,  25959.9707,
       1,     168,     350,      21,       1,       3,       1,     10.0000,      1.4017,     42.6210,    248.9179,     62.6436,      3.4953,      0.0000,     -0.0322,      3.8508,      0.1615,      5.5905,     11.1810,      1.4273,     28.3630,     56.7261,      0.0193,      0.0030,      0.0156,      0.2064,   7787.9917,-425784.8438,   -926.8508,    551.4547,  25959.9727,
       1,     168,     350,      22,       1,       3,       1,     10.0000,      1.4017,     42.6210,    248.9179,     62.6436,      3.4953,      0.0000,     -0.0324,      3.8644,      0.1648,      5.5905,     11.1810,      1.4562,     28.3630,     56.7261,      0.0193,      0.0030,      0.0156,      0.2064,   7787.9922,-423950.6875,   -926.5098,    551.5822,  25959.9727,
       1,     168,     350,      23,       1,       3,       1,     10.0000,      1.4017,     42.6210,    248.9179,     62.6436,      3.4953,      0.0000,     -0.0324,      3.3228,      0.1660,      5.5905,     11.1810,      1.4664,     28.3630,     56.7261,      0.0193,      0.0026,      0.0156,      0.2064,   7787.9922,-423810.3438,   -926.4925,    551.5919,  25959.9746,
       1,     168,     350,      24,       1,       3,       1,     10.0000,      1.4017,     42.6210,    248.9179,     62.6436,      3.4953,      0.0000,     -0.0323,      2.5778,      0.1641,      5.5905,     11.1810,      1.4504,     28.3630,     56.7261,      0.0193,      0.0020,      0.0156,      0.2064,   7787.9927,-423131.0312,   -926.3676,    551.6388,  25959.9746,
       1,     168,     351,       1,       1,       3,       1,     10.0000,      1.4017,     42.6214,    248.9237,     62.6451,      3.4953,      0.0000,     -0.0324,      2.2613,      0.1663,      5.5902,     11.1804,      1.4694,     28.3640,     56.7279,      0.0193,      0.0018,      0.0156,      0.2064,   7787.9927,-422308.8438,   -926.4882,    551.7082,  25961.1191,
       1,     168,     351,       2,       1,       3,       1,     10.0000,      1.4017,     42.6214,    248.9237,     62.6451,      3.4953,      0.0000,     -0.0322,      1.7141,      0.1609,      5.5902,     11.1804,      1.4217,     28.3640,     56.7279,      0.0193,      0.0013,      0.0156,      0.2064,   7788.3359,-421699.3438,   -926.1049,    551.7503,  25961.1191,
       1,     168,     351,       3,       1,       3,       1,     10.0000,      1.4017,     42.6214,    248.9237,     62.6451,      3.4953,      0.0000,     -0.0318,      1.6306,      0.1494,      5.5902,     11.1804,      1.3198,     28.3640,     56.7279,      0.0193,      0.0013,      0.0156,      0.2064,   7788.3359,-420973.5625,   -925.9673,    551.8003,  25961.1191,
       1,     168,     351,       4,       1,       3,       1,     10.0000,      1.4017,     42.6214,    248.9237,     62.6451,      3.4953,      0.0000,     -0.0316,      1.5393,      0.1433,      5.5902,     11.1804,      1.2663,     28.3640,     56.7279,      0.0193,      0.0012,      0.0156,      0.2064,   7788.3359,-420809.4062,   -925.9383,    551.8118,  25961.1191,
       1,     168,     351,       5,       1,       3,       1,     10.0000,      1.4017,     42.6214,    248.9237,     62.6451,      3.4953,      0.0000,     -0.0316,      1.3181,      0.1432,      5.5902,     11.1804,      1.2650,     28.3640,     56.7279,      0.0193,      0.0010,      0.0156,      0.2064,   7788.3359,-420682.8125,   -925.9164,    551.8204,  25961.1191,
       1,     168,     351,       6,       1,       3,       1,     10.0000,      1.4017,     42.6214,    248.9237,     62.6451,      3.4953,      0.0000,     -0.0317,      1.5523,      0.1453,      5.5902,     11.1804,      1.2843,     28.3640,     56.7279,      0.0193,      0.0012,      0.0156,      0.2064,   7788.3359,-420399.7188,   -925.8637,    551.8399,  25961.1191,
       1,     168,     351,       7,       1,       3,       1,     10.0000,      1.4017,     42.6214,    248.9237,     62.6451,      3.4953,      0.0000,     -0.0316,      1.2330,      0.1420,      5.5902,     11.1804,      1.2549,     28.3640,     56.7279,      0.0193,      0.0010,      0.0156,      0.2064,   7788.3359,-420664.1562,   -925.9161,    551.8217,  25961.1191,
       1,     168,     351,       8,       1,       3,       1,     10.0000,      1.4017,     42.6214,    248.9237,     62.6451,      3.4953,      0.0016,     -0.0299,      0.8334,      0.1414,      5.5902,     11.1804,      1.2498,     28.3640,     56.7279,      0.0193,      0.0007,      0.0156,      0.2064,   7788.3359,-420293.4062,   -925.8461,    551.8473,  25961.1211,
       1,     168,     351,       9,       1,       3,       1,     10.0000,      1.4017,     42.6214,    248.9237,     62.6451,      3.4953,      0.0285,     -0.0034,      1.3691,      0.1504,      5.5902,     11.1804,      1.3291,     28.3640,     56.7279,      0.0193,      0.0008,      0.0204,      0.2064,   7788.3364,-419769.5312,   -925.7457,    551.8834,  25961.1211,
       1,     168,     351,      10,       1,       3,       1,     10.0000,      1.4017,     42.6214,    248.9237,     62.6451,      3.4953,      0.1317,      0.0992,     13.2205,      0.1680,      5.5902,     11.1804,      1.4842,     28.3640,     56.7279,      0.0193,      0.0010,      0.1680,      0.2064,   7788.3364,-420384.5625,   -925.8647,    551.8409,  25961.1191,
       1,     168,     351,      11,       1,       3,       1,     10.0000,      1.4017,     42.6214,    248.9237,     62.6451,      3.4953,      0.1651,      0.1322,     19.4915,      0.1812,      5.5902,     11.1804,      1.6010,     28.3640,     56.7279,      0.0193,      0.0011,      0.2158,      0.2064,   7788.3359,-435030.2500,   -928.7379,    550.8307,  25961.1191,
       1,     168,     351,      12,       1,       3,       1,     10.0000,      1.4017,     42.6214,    248.9237,     62.6451,      3.4953,      0.1885,      0.1548,     21.4147,      0.2106,      5.5902,     11.1804,      1.8608,     28.3640,     56.7279,      0.0193,      0.0010,      0.2500,      0.2064,   7788.3359,-443999.7812,   -930.5248,    550.2141,  25961.1191,
       1,     168,     351,      13,       1,       3,       1,     10.0000,      1.4017,     42.6214,    248.9237,     62.6451,      3.4953,      0.1883,      0.1543,     19.1086,      0.2173,      5.5902,     11.1804,      1.9203,     28.3640,     56.7279,      0.0193,      0.0009,      0.2500,      0.2064,   7788.3359,-447129.5000,   -931.1370,    549.9991,  25961.1191,
       1,     168,     351,      14,       1,       3,       1,     10.0000,      1.4017,     42.6214,    248.9237,     62.6451,      3.4953,      0.1834,      0.1493,     27.3197,      0.2223,      5.5902,     11.1804,      1.9641,     28.3640,     56.7279,      0.0193,      0.0014,      0.2419,      0.2064,   7788.3359,-444553.9688,   -930.6473,    550.1763,  25961.1211,
       1,     168,     351,      15,       1,       3,       1,     10.0000,      1.4017,     42.6214,    248.9237,     62.6451,      3.4953,      0.1901,      0.1558,     45.2414,      0.2287,      5.5902,     11.1804,      2.0207,     28.3640,     56.7279,      0.0193,      0.0022,      0.2497,      0.2064,   7788.3364,-454449.3125,   -932.6116,    549.4957,  25961.1191,
       1,     168,     351,      16,       1,       3,       1,     10.0000,      1.4017,     42.6214,    248.9237,     62.6451,      3.4953,      0.1399,      0.1061,     38.6311,      0.2125,      5.5902,     11.1804,      1.8773,     28.3640,     56.7279,      0.0193,      0.0027,      0.1769,      0.2064,   7788.3359,-477368.4062,   -937.1719,    547.9219,  25961.1211,
       1,     168,     351,      17,       1,       3,       1,     10.0000,      1.4017,     42.6214,    248.9237,     62.6451,      3.4953,      0.1559,      0.1221,     73.8793,      0.2102,      5.5902,     11.1804,      1.8571,     28.3640,     56.7279,      0.0193,      0.0046,      0.1963,      0.2064,   7788.3364,-471170.0000,   -936.0895,    548.3487,  25961.1191,
       1,     168,     351,      18,       1,       3,       1,     10.0000,      1.4017,     42.6214,    248.9237,     62.6451,      3.4953,      0.0971,      0.0638,     44.4256,      0.1954,      5.5902,     11.1804,      1.7263,     28.3640,     56.7279,      0.0193,      0.0048,      0.1139,      0.2064,   7788.3359,-514077.5938,   -944.7100,    545.4078,  25961.1191,
       1,     168,     351,      19,       1,       3,       1,     10.0000,      1.4017,     42.6214,    248.9237,     62.6451,      3.4953,      0.0572,      0.0242,     24.0311,      0.1872,      5.5902,     11.1804,      1.6543,     28.3640,     56.7279,      0.0193,      0.0050,      0.0583,      0.2063,   7788.3359,-481415.6875,   -938.5040,    547.6425,  25961.1172,
       1,     168,     351,      20,       1,       3,       1,     10.0000,      1.4017,     42.6214,    248.9237,     62.6451,      3.4953,      0.0029,     -0.0297,      6.7886,      0.1739,      5.5902,     11.1804,      1.5369,     28.3640,     56.7279,      0.0193,      0.0053,      0.0156,      0.2064,   7788.3354,-453522.1250,   -933.1021,    549.5565,  25961.1211,
       1,     168,     351,      21,       1,       3,       1,     10.0000,      1.4017,     42.6214,    248.9237,     62.6451,      3.4953,      0.0000,     -0.0324,      5.6222,      0.1648,      5.5902,     11.1804,      1.4562,     28.3640,     56.7279,      0.0193,      0.0044,      0.0156,      0.2064,   7788.3364,-429921.9688,   -928.4409,    551.1810,  25961.1191,
       1,     168,     351,      22,       1,       3,       1,     10.0000,      1.4017,     42.6214,    248.9237,     62.6451,      3.4953,      0.0000,     -0.0321,      5.1707,      0.1563,      5.5902,     11.1804,      1.3809,     28.3640,     56.7279,      0.0193,      0.0041,      0.0156,      0.2064,   7788.3359,-426487.2500,   -927.7448,    551.4201,  25961.1191,
       1,     168,     351,      23,       1,       3,       1,     10.0000,      1.4017,     42.6214,    248.9237,     62.6451,      3.4953,      0.0000,     -0.0318,      4.4408,      0.1486,      5.5902,     11.1804,      1.3132,     28.3640,     56.7279,      0.0193,      0.0035,      0.0156,      0.2064,   7788.3359,-425636.8125,   -927.5488,    551.4788,  25961.1191,
       1,     168,     351,      24,       1,       3,       1,     10.0000,      1.4017,     42.6214,    248.9237,     62.6451,      3.4953,      0.0000,     -0.0317,      3.8459,      0.1453,      5.5902,     11.1804,      1.2843,     28.3640,     56.7279,      0.0193,      0.0030,      0.0156,      0.2064,   7788.3359,-424665.5625,   -927.3358,    551.5457,  25961.1211,
       1,     168,     352,       1,       1,       3,       1,     10.0000,      1.4017,     42.6217,    248.9294,     62.6465,      3.4953,      0.0000,     -0.0315,      3.4883,      0.1406,      5.5906,     11.1812,      1.2423,     28.3622,     56.7243,      0.0193,      0.0027,      0.0156,      0.2065,   7788.3364,-424002.8125,   -927.4671,    551.6042,  25962.2617,
       1,     168,     352,       2,       1,       3,       1,     10.0000,      1.4017,     42.6217,    248.9294,     62.6465,      3.4953,      0.0000,     -0.0319,      2.4625,      0.1504,      5.5906,     11.1812,      1.3292,     28.3622,     56.7243,      0.0193,      0.0019,      0.0156,      0.2065,   7788.6787,-423356.6250,   -927.0430,    551.6489,  25962.2617,
       1,     168,     352,       3,       1,       3,       1,     10.0000,      1.4017,     42.6217,    248.9294,     62.6465,      3.4953,      0.0000,     -0.0317,      1.5733,      0.1454,      5.5906,     11.1812,      1.2844,     28.3622,     56.7243,      0.0193,      0.0012,      0.0156,      0.2065,   7788.6787,-422038.6562,   -926.7633,    551.7397,  25962.2598,
       1,     168,     352,       4,       1,       3,       1,     10.0000,      1.4017,     42.6217,    248.9294,     62.6465,      3.4953,      0.0000,     -0.0315,      1.2895,      0.1393,      5.5906,     11.1812,      1.2310,     28.3622,     56.7243,      0.0193,      0.0010,      0.0156,      0.2065,   7788.6782,-420832.1875,   -926.5164,    551.8230,  25962.2617,
       1,     168,     352,       5,       1,       3,       1,     10.0000,      1.4017,     42.6217,    248.9294,     62.6465,      3.4953,      0.0000,     -0.0311,      0.7245,      0.1311,      5.5906,     11.1812,      1.1584,     28.3622,     56.7243,      0.0193,      0.0006,      0.0156,      0.2065,   7788.6787,-420380.0000,   -926.4189,    551.8541,  25962.2617,
       1,     168,     352,       6,       1,       3,       1,     10.0000,      1.4017,     42.6217,    248.9294,     62.6465,      3.4953,      0.0000,     -0.0311,      0.6717,      0.1308,      5.5906,     11.1812,      1.1560,     28.3622,     56.7243,      0.0193,      0.0005,      0.0156,      0.2065,   7788.6787,-419646.0000,   -926.2740,    551.9047,  25962.2617,
       1,     168,     352,       7,       1,       3,       1,     10.0000,      1.4017,     42.6217,    248.9294,     62.6465,      3.4953,      0.0000,     -0.0309,      1.9219,      0.1256,      5.5906,     11.1812,      1.1099,     28.3622,     56.7243,      0.0193,      0.0015,      0.0156,      0.2065,   7788.6787,-419518.7812,   -926.2487,    551.9135,  25962.2617,
       1,     168,     352,       8,       1,       3,       1,     10.0000,      1.4017,     42.6217,    248.9294,     62.6465,      3.4953,      0.0028,     -0.0283,      2.1834,      0.1286,      5.5906,     11.1812,      1.1362,     28.3622,     56.7243,      0.0193,      0.0017,      0.0156,      0.2065,   7788.6787,-421047.1562,   -926.5447,    551.8081,  25962.2617,
       1,     168,     352,       9,       1,       3,       1,     10.0000,      1.4017,     42.6217,    248.9294,     62.6465,      3.4953,      0.0970,      0.0652,     15.2485,      0.1468,      5.5906,     11.1812,      1.2974,     28.3622,     56.7243,      0.0193,      0.0016,      0.1179,      0.2065,   7788.6787,-421498.9688,   -926.6170,    551.7769,  25962.2617,
       1,     168,     352,      10,       1,       3,       1,     10.0000,      1.4017,     42.6217,    248.9294,     62.6465,      3.4953,      0.1679,      0.1353,     20.8978,      0.1720,      5.5906,     11.1812,      1.5202,     28.3622,     56.7243,      0.0193,      0.0012,      0.2196,      0.2065,   7788.6787,-437623.1250,   -929.8063,    550.6649,  25962.2617,
       1,     168,     352,      11,       1,       3,       1,     10.0000,      1.4017,     42.6217,    248.9294,     62.6465,      3.4953,      0.1884,      0.1551,     24.1516,      0.1952,      5.5906,     11.1812,      1.7247,     28.3622,     56.7243,      0.0193,      0.0012,      0.2493,      0.2064,   7788.6787,-445952.2500,   -931.4588,    550.0926,  25962.2617,
       1,     168,     352,      12,       1,       3,       1,     10.0000,      1.4017,     42.6217,    248.9294,     62.6465,      3.4953,      0.1879,      0.1539,     13.4492,      0.2175,      5.5906,     11.1812,      1.9222,     28.3622,     56.7243,      0.0193,      0.0007,      0.2500,      0.2064,   7788.6787,-450665.7812,   -932.3834,    549.7687,  25962.2617,
       1,     168,     352,      13,       1,       3,       1,     10.0000,      1.4017,     42.6217,    248.9294,     62.6465,      3.4953,      0.1882,      0.1538,     18.0159,      0.2298,      5.5906,     11.1812,      2.0307,     28.3622,     56.7243,      0.0193,      0.0009,      0.2500,      0.2064,   7788.6787,-437883.1250,   -929.7599,    550.6474,  25962.2598,
       1,     168,     352,      14,       1,       3,       1,     10.0000,      1.4017,     42.6217,    248.9294,     62.6465,      3.4953,      0.1900,      0.1554,     43.2347,      0.2427,      5.5906,     11.1812,      2.1449,     28.3622,     56.7243,      0.0193,      0.0021,      0.2500,      0.2064,   7788.6782,-442424.9375,   -930.5514,    550.3355,  25962.2617,
       1,     168,     352,      15,       1,       3,       1,     10.0000,      1.4017,     42.6217,    248.9294,     62.6465,      3.4953,      0.1924,      0.1577,     73.5925,      0.2446,      5.5906,     11.1812,      2.1617,     28.3622,     56.7243,      0.0193,      0.0036,      0.2500,      0.2064,   7788.6787,-473868.2188,   -936.7233,    548.1725,  25962.2598,
       1,     168,     352,      16,       1,       3,       1,     10.0000,      1.4017,     42.6217,    248.9294,     62.6465,      3.4953,      0.1907,      0.1562,    113.7391,      0.2380,      5.5906,     11.1812,      2.1034,     28.3622,     56.7243,      0.0193,      0.0057,      0.2429,      0.2064,   7788.6782,-513951.8438,   -944.7208,    545.4302,  25962.2637,
       1,     168,     352,      17,       1,       3,       1,     10.0000,      1.4017,     42.6217,    248.9294,     62.6465,      3.4953,      0.1831,      0.1489,    115.4091,      0.2254,      5.5906,     11.1812,      1.9913,     28.3622,     56.7243,      0.0193,      0.0061,      0.2313,      0.2064,   7788.6792,-566857.3125,   -955.4818,    541.8300,  25962.2617,
       1,     168,     352,      18,       1,       3,       1,     10.0000,      1.4017,     42.6217,    248.9294,     62.6465,      3.4953,      0.1611,      0.1273,    116.1161,      0.2106,      5.5906,     11.1812,      1.8608,     28.3622,     56.7243,      0.0193,      0.0071,      0.1990,      0.2063,   7788.6787,-573422.5000,   -957.1832,    541.3972,  25962.2637,
       1,     168,     352,      19,       1,       3,       1,     10.0000,      1.4017,     42.6217,    248.9294,     62.6465,      3.4953,      0.0380,      0.0051,     19.0024,      0.1823,      5.5906,     11.1812,      1.6106,     28.3622,     56.7243,      0.0193,      0.0075,      0.0311,      0.2063,   7788.6792,-574835.7500,   -957.9154,    541.3018,  25962.2617,
       1,     168,     352,      20,       1,       3,       1,     10.0000,      1.4017,     42.6217,    248.9294,     62.6465,      3.4953,      0.0027,     -0.0298,      8.8560,      0.1693,      5.5906,     11.1812,      1.4961,     28.3622,     56.7243,      0.0193,      0.0070,      0.0156,      0.2063,   7788.6787,-455101.5000,   -934.1587,    549.4033,  25962.2617,
       1,     168,     352,      21,       1,       3,       1,     10.0000,      1.4017,     42.6217,    248.9294,     62.6465,      3.4953,      0.0000,     -0.0324,      8.2807,      0.1646,      5.5906,     11.1812,      1.4548,     28.3622,     56.7243,      0.0193,      0.0065,      0.0156,      0.2064,   7788.6787,-432674.8438,   -929.6111,    551.0043,  25962.2617,
       1,     168,     352,      22,       1,       3,       1,     10.0000,      1.4017,     42.6217,    248.9294,     62.6465,      3.4953,      0.0000,     -0.0321,      6.9632,      0.1572,      5.5906,     11.1812,      1.3893,     28.3622,     56.7243,      0.0193,      0.0055,      0.0156,      0.2064,   7788.6787,-429996.5000,   -928.9901,    551.1911,  25962.2617,
       1,     168,     352,      23,       1,       3,       1,     10.0000,      1.4017,     42.6217,    248.9294,     62.6465,      3.4953,      0.0000,     -0.0319,      5.9153,      0.1513,      5.5906,     11.1812,      1.3372,     28.3622,     56.7243,      0.0193,      0.0046,      0.0156,      0.2064,   7788.6787,-428144.1250,   -928.5498,    551.3188,  25962.2617,
       1,     168,     352,      24,       1,       3,       1,     10.0000,      1.4017,     42.6217,    248.9294,     62.6465,      3.4953,      0.0000,     -0.0316,      4.0394,      0.1442,      5.5906,     11.1812,      1.2741,     28.3622,     56.7243,      0.0193,      0.0032,      0.0156,      0.2065,   7788.6787,-426696.3750,   -928.2010,    551.4186,  25962.2598,
       1,     168,     353,       1,       1,       3,       1,     10.0000,      1.4017,     42.6220,    248.9352,     62.6480,      3.4953,      0.0000,     -0.0315,      3.1001,      0.1403,      5.5903,     11.1806,      1.2398,     28.3668,     56.7335,      0.0193,      0.0024,      0.0156,      0.2065,   7788.6782,-424416.5000,   -927.9904,    551.5884,  25963.4062,
       1,     168,     353,       2,       1,       3,       1,     10.0000,      1.4017,     42.6220,    248.9352,     62.6480,      3.4953,      0.0000,     -0.0316,      2.8208,      0.1440,      5.5903,     11.1806,      1.2728,     28.3668,     56.7335,      0.0193,      0.0022,      0.0156,      0.2065,   7789.0220,-422916.4062,   -927.3862,    551.6920,  25963.4082,
       1,     168,     353,       3,       1,       3,       1,     10.0000,      1.4017,     42.6220,    248.9352,     62.6480,      3.4953,      0.0000,     -0.0314,      2.2097,      0.1365,      5.5903,     11.1806,      1.2064,     28.3668,     56.7335,      0.0193,      0.0017,      0.0156,      0.2065,   7789.0229,-422444.8125,   -927.2695,    551.7245,  25963.4082,
       1,     168,     353,       4,       1,       3,       1,     10.0000,      1.4017,     42.6220,    248.9352,     62.6480,      3.4953,      0.0000,     -0.0313,      1.5804,      0.1350,      5.5903,     11.1806,      1.1930,     28.3668,     56.7335,      0.0193,      0.0012,      0.0156,      0.2065,   7789.0229,-421652.3125,   -927.0997,    551.7791,  25963.4062,
       1,     168,     353,       5,       1,       3,       1,     10.0000,      1.4017,     42.6220,    248.9352,     62.6480,      3.4953,      0.0000,     -0.0311,      0.9731,      0.1303,      5.5903,     11.1806,      1.1513,     28.3668,     56.7335,      0.0193,      0.0008,      0.0156,      0.2065,   7789.0220,-420810.7500,   -926.9235,    551.8371,  25963.4082,
       1,     168,     353,       6,       1,       3,       1,     10.0000,      1.4017,     42.6220,    248.9352,     62.6480,      3.4953,      0.0000,     -0.0309,      0.9187,      0.1250,      5.5903,     11.1806,      1.1043,     28.3668,     56.7335,      0.0193,      0.0007,      0.0156,      0.2065,   7789.0229,-419991.5000,   -926.7593,    551.8937,  25963.4082,
       1,     168,     353,       7,       1,       3,       1,     10.0000,      1.4017,     42.6220,    248.9352,     62.6480,      3.4953,      0.0000,     -0.0307,      0.8936,      0.1210,      5.5903,     11.1806,      1.0688,     28.3668,     56.7335,      0.0193,      0.0007,      0.0156,      0.2065,   7789.0229,-419854.7812,   -926.7320,    551.9031,  25963.4082,
       1,     168,     353,       8,       1,       3,       1,     10.0000,      1.4017,     42.6220,    248.9352,     62.6480,      3.4953,      0.0034,     -0.0273,      0.3868,      0.1201,      5.5903,     11.1806,      1.0612,     28.3668,     56.7335,      0.0193,      0.0003,      0.0156,      0.2065,   7789.0229,-419812.2500,   -926.7219,    551.9060,  25963.4082,
       1,     168,     353,       9,       1,       3,       1,     10.0000,      1.4017,     42.6220,    248.9352,     62.6480,      3.4953,      0.0988,      0.0672,      4.0787,      0.1436,      5.5903,     11.1806,      1.2689,     28.3668,     56.7335,      0.0193,      0.0004,      0.1218,      0.2065,   7789.0229,-419184.8125,   -926.5952,    551.9493,  25963.4082,
       1,     168,     353,      10,       1,       3,       1,     10.0000,      1.4017,     42.6220,    248.9352,     62.6480,      3.4953,      0.1630,      0.1299,      6.4706,      0.1869,      5.5903,     11.1806,      1.6511,     28.3668,     56.7335,      0.0193,      0.0004,      0.2142,      0.2065,   7789.0229,-423676.4688,   -927.4518,    551.6395,  25963.4102,
       1,     168,     353,      11,       1,       3,       1,     10.0000,      1.4017,     42.6220,    248.9352,     62.6480,      3.4953,      0.1872,      0.1536,      8.3840,      0.2051,      5.5903,     11.1806,      1.8120,     28.3668,     56.7335,      0.0193,      0.0004,      0.2494,      0.2065,   7789.0234,-427002.5312,   -927.9954,    551.4102,  25963.4062,
       1,     168,     353,      12,       1,       3,       1,     10.0000,      1.4017,     42.6220,    248.9352,     62.6480,      3.4953,      0.1875,      0.1535,      9.0039,      0.2178,      5.5903,     11.1806,      1.9241,     28.3668,     56.7335,      0.0193,      0.0004,      0.2500,      0.2065,   7789.0220,-429641.1250,   -928.3275,    551.2284,  25963.4062,
       1,     168,     353,      13,       1,       3,       1,     10.0000,      1.4017,     42.6220,    248.9352,     62.6480,      3.4953,      0.1880,      0.1537,     15.4661,      0.2285,      5.5903,     11.1806,      2.0189,     28.3668,     56.7335,      0.0193,      0.0008,      0.2500,      0.2065,   7789.0220,-430628.3125,   -928.3670,    551.1603,  25963.4082,
       1,     168,     353,      14,       1,       3,       1,     10.0000,      1.4017,     42.6220,    248.9352,     62.6480,      3.4953,      0.1908,      0.1561,     52.4826,      0.2418,      5.5903,     11.1806,      2.1366,     28.3668,     56.7335,      0.0193,      0.0026,      0.2500,      0.2065,   7789.0229,-438668.2812,   -929.8196,    550.6064,  25963.4082,
       1,     168,     353,      15,       1,       3,       1,     10.0000,      1.4017,     42.6220,    248.9352,     62.6480,      3.4953,      0.1850,      0.1507,     93.3586,      0.2309,      5.5903,     11.1806,      2.0407,     28.3668,     56.7335,      0.0193,      0.0048,      0.2368,      0.2065,   7789.0229,-484932.1562,   -939.0784,    547.4226,  25963.4082,
       1,     168,     353,      16,       1,       3,       1,     10.0000,      1.4017,     42.6220,    248.9352,     62.6480,      3.4953,      0.1903,      0.1557,    109.6160,      0.2397,      5.5903,     11.1806,      2.1179,     28.3668,     56.7335,      0.0193,      0.0055,      0.2427,      0.2064,   7789.0229,-539248.1875,   -950.2115,    543.7150,  25963.4062,
       1,     168,     353,      17,       1,       3,       1,     10.0000,      1.4017,     42.6220,    248.9352,     62.6480,      3.4953,      0.1811,      0.1467,    118.8473,      0.2357,      5.5903,     11.1806,      2.0830,     28.3668,     56.7335,      0.0193,      0.0064,      0.2282,      0.2064,   7789.0220,-563921.6875,   -955.5117,    542.0507,  25963.4062,
       1,     168,     353,      18,       1,       3,       1,     10.0000,      1.4017,     42.6220,    248.9352,     62.6480,      3.4953,      0.1604,      0.1264,    111.6245,      0.2165,      5.5903,     11.1806,      1.9128,     28.3668,     56.7335,      0.0193,      0.0069,      0.1986,      0.2063,   7789.0220,-577389.8750,   -958.6666,    541.1407,  25963.4082,
       1,     168,     353,      19,       1,       3,       1,     10.0000,      1.4017,     42.6220,    248.9352,     62.6480,      3.4953,      0.0853,      0.0519,     49.8760,      0.1954,      5.5903,     11.1806,      1.7264,     28.3668,     56.7335,      0.0193,      0.0064,      0.0960,      0.2063,   7789.0229,-569614.1875,   -957.5693,    541.6674,  25963.4062,
       1,     168,     353,      20,       1,       3,       1,     10.0000,      1.4017,     42.6220,    248.9352,     62.6480,      3.4953,      0.0034,     -0.0292,      7.5112,      0.1736,      5.5903,     11.1806,      1.5340,     28.3668,     56.7335,      0.0193,      0.0059,      0.0156,      0.2063,   7789.0220,-492765.2188,   -942.3018,    546.8709,  25963.4082,
       1,     168,     353,      21,       1,       3,       1,     10.0000,      1.4017,     42.6220,    248.9352,     62.6480,      3.4953,      0.0000,     -0.0322,      7.2684,      0.1614,      5.5903,     11.1806,      1.4260,     28.3668,     56.7335,      0.0193,      0.0057,      0.0156,      0.2064,   7789.0229,-434141.2188,   -930.4381,    550.9035,  25963.4043,
       1,     168,     353,      22,       1,       3,       1,     10.0000,      1.4017,     42.6220,    248.9352,     62.6480,      3.4953,      0.0000,     -0.0319,      7.1049,      0.1515,      5.5903,     11.1806,      1.3386,     28.3668,     56.7335,      0.0193,      0.0056,      0.0156,      0.2065,   7789.0215,-428891.7812,   -929.3175,    551.2799,  25963.4082,
       1,     168,     353,      23,       1,       3,       1,     10.0000,      1.4017,     42.6220,    248.9352,     62.6480,      3.4953,      0.0000,     -0.0319,      6.3024,      0.1503,      5.5903,     11.1806,      1.3279,     28.3668,     56.7335,      0.0193,      0.0049,      0.0156,      0.2065,   7789.0229,-428226.5000,   -929.1264,    551.3259,  25963.4023,
       1,     168,     353,      24,       1,       3,       1,     10.0000,      1.4017,     42.6220,    248.9352,     62.6480,      3.4953,      0.0000,     -0.0320,      4.9498,      0.1532,      5.5903,     11.1806,      1.3535,     28.3668,     56.7335,      0.0193,      0.0039,      0.0156,      0.2065,   7789.0210,-427182.5938,   -928.8690,    551.3978,  25963.4043,
       1,     168,     354,       1,       1,       3,       1,     10.0000,      1.4017,     42.6224,    248.9410,     62.6494,      3.4953,      0.0000,     -0.0322,      3.8691,      0.1591,      5.5903,     11.1806,      1.4062,     28.3722,     56.7444,      0.0193,      0.0030,      0.0156,      0.2065,   7789.0215,-425580.7188,   -928.7927,    551.5209,  25964.5469,
       1,     168,     354,       2,       1,       3,       1,     10.0000,      1.4017,     42.6224,    248.9410,     62.6494,      3.4953,      0.0000,     -0.0323,      3.1639,      0.1624,      5.5903,     11.1806,      1.4346,     28.3722,     56.7444,      0.0193,      0.0025,      0.0156,      0.2065,   7789.3643,-423964.6562,   -928.1523,    551.6324,  25964.5488,
       1,     168,     354,       3,       1,       3,       1,     10.0000,      1.4017,     42.6224,    248.9410,     62.6494,      3.4953,      0.0000,     -0.0323,      2.6364,      0.1615,      5.5903,     11.1806,      1.4275,     28.3722,     56.7444,      0.0193,      0.0021,      0.0156,      0.2065,   7789.3647,-422959.1562,   -927.9238,    551.7017,  25964.5488,
       1,     168,     354,       4,       1,       3,       1,     10.0000,      1.4017,     42.6224,    248.9410,     62.6494,      3.4953,      0.0000,     -0.0321,      2.0214,      0.1577,      5.5903,     11.1806,      1.3935,     28.3722,     56.7444,      0.0193,      0.0016,      0.0156,      0.2065,   7789.3647,-422224.5625,   -927.7553,    551.7524,  25964.5488,
       1,     168,     354,       5,       1,       3,       1,     10.0000,      1.4017,     42.6224,    248.9410,     62.6494,      3.4953,      0.0000,     -0.0320,      1.7696,      0.1550,      5.5903,     11.1806,      1.3699,     28.3722,     56.7444,      0.0193,      0.0014,      0.0156,      0.2065,   7789.3647,-421404.9688,   -927.5752,    551.8089,  25964.5508,
       1,     168,     354,       6,       1,       3,       1,     10.0000,      1.4017,     42.6224,    248.9410,     62.6494,      3.4953,      0.0000,     -0.0320,      2.0201,      0.1536,      5.5903,     11.1806,      1.3576,     28.3722,     56.7444,      0.0193,      0.0016,      0.0156,      0.2065,   7789.3657,-421025.2500,   -927.4862,    551.8351,  25964.5469,
       1,     168,     354,       7,       1,       3,       1,     10.0000,      1.4017,     42.6224,    248.9410,     62.6494,      3.4953,      0.0000,     -0.0317,      2.2113,      0.1467,      5.5903,     11.1806,      1.2962,     28.3722,     56.7444,      0.0193,      0.0017,      0.0156,      0.2065,   7789.3643,-421301.8438,   -927.5304,    551.8160,  25964.5488,
       1,     168,     354,       8,       1,       3,       1,     10.0000,      1.4017,     42.6224,    248.9410,     62.6494,      3.4953,      0.0035,     -0.0279,      2.1843,      0.1396,      5.5903,     11.1806,      1.2336,     28.3722,     56.7444,      0.0193,      0.0017,      0.0156,      0.2065,   7789.3647,-421560.5312,   -927.5695,    551.7982,  25964.5488,
       1,     168,     354,       9,       1,       3,       1,     10.0000,      1.4017,     42.6224,    248.9410,     62.6494,      3.4953,      0.1038,      0.0718,     18.3820,      0.1541,      5.5903,     11.1806,      1.3617,     28.3722,     56.7444,      0.0193,      0.0018,      0.1272,      0.2065,   7789.3647,-421549.2812,   -927.5548,    551.7990,  25964.5488,
       1,     168,     354,      10,       1,       3,       1,     10.0000,      1.4017,     42.6224,    248.9410,     62.6494,      3.4953,      0.1649,      0.1321,     34.2581,      0.1807,      5.5903,     11.1806,      1.5963,     28.3722,     56.7444,      0.0193,      0.0020,      0.2139,      0.2065,   7789.3647,-441486.4062,   -931.6211,    550.4238,  25964.5488,
       1,     168,     354,      11,       1,       3,       1,     10.0000,      1.4017,     42.6224,    248.9410,     62.6494,      3.4953,      0.1878,      0.1543,     35.7197,      0.1977,      5.5903,     11.1806,      1.7471,     28.3722,     56.7444,      0.0193,      0.0018,      0.2471,      0.2065,   7789.3647,-462731.1562,   -935.9913,    548.9637,  25964.5488,
       1,     168,     354,      12,       1,       3,       1,     10.0000,      1.4017,     42.6224,    248.9410,     62.6494,      3.4953,      0.1893,      0.1553,     31.3658,      0.2184,      5.5903,     11.1806,      1.9299,     28.3722,     56.7444,      0.0193,      0.0015,      0.2500,      0.2065,   7789.3647,-466336.0000,   -936.7850,    548.7184,  25964.5469,
       1,     168,     354,      13,       1,       3,       1,     10.0000,      1.4017,     42.6224,    248.9410,     62.6494,      3.4953,      0.1883,      0.1542,     19.6916,      0.2230,      5.5903,     11.1806,      1.9701,     28.3722,     56.7444,      0.0193,      0.0010,      0.2500,      0.2065,   7789.3643,-461276.4062,   -935.7863,    549.0655,  25964.5488,
       1,     168,     354,      14,       1,       3,       1,     10.0000,      1.4017,     42.6224,    248.9410,     62.6494,      3.4953,      0.1882,      0.1543,     46.4847,      0.2146,      5.5903,     11.1806,      1.8960,     28.3722,     56.7444,      0.0193,      0.0023,      0.2467,      0.2065,   7789.3647,-446469.5312,   -932.7651,    550.0818,  25964.5508,
       1,     168,     354,      15,       1,       3,       1,     10.0000,      1.4017,     42.6224,    248.9410,     62.6494,      3.4953,      0.1935,      0.1597,     84.4996,      0.2108,      5.5903,     11.1806,      1.8628,     28.3722,     56.7444,      0.0193,      0.0041,      0.2500,      0.2065,   7789.3657,-478209.1562,   -939.2994,    547.9003,  25964.5508,
       1,     168,     354,      16,       1,       3,       1,     10.0000,      1.4017,     42.6224,    248.9410,     62.6494,      3.4953,      0.1892,      0.1552,    103.8609,      0.2167,      5.5903,     11.1806,      1.9148,     28.3722,     56.7444,      0.0193,      0.0053,      0.2415,      0.2065,   7789.3657,-527742.6875,   -949.5934,    544.5122,  25964.5488,
       1,     168,     354,      17,       1,       3,       1,     10.0000,      1.4017,     42.6224,    248.9410,     62.6494,      3.4953,      0.1795,      0.1457,    110.6850,      0.2114,      5.5903,     11.1806,      1.8683,     28.3722,     56.7444,      0.0193,      0.0060,      0.2266,      0.2064,   7789.3647,-555831.8750,   -955.6714,    542.6108,  25964.5488,
       1,     168,     354,      18,       1,       3,       1,     10.0000,      1.4017,     42.6224,    248.9410,     62.6494,      3.4953,      0.1481,      0.1145,    100.8526,      0.2037,      5.5903,     11.1806,      1.7996,     28.3722,     56.7444,      0.0193,      0.0068,      0.1818,      0.2064,   7789.3647,-566621.6250,   -958.3182,    541.8823,  25964.5469,
       1,     168,     354,      19,       1,       3,       1,     10.0000,      1.4017,     42.6224,    248.9410,     62.6494,      3.4953,      0.0759,      0.0429,     38.9725,      0.1865,      5.5903,     11.1806,      1.6479,     28.3722,     56.7444,      0.0193,      0.0057,      0.0839,      0.2063,   7789.3643,-555401.0625,   -956.4754,    542.6428,  25964.5469,
       1,     168,     354,      20,       1,       3,       1,     10.0000,      1.4017,     42.6224,    248.9410,     62.6494,      3.4953,      0.0039,     -0.0286,      5.7522,      0.1685,      5.5903,     11.1806,      1.4887,     28.3722,     56.7444,      0.0193,      0.0045,      0.0156,      0.2064,   7789.3643,-478126.9375,   -940.8965,    547.8848,  25964.5449,
       1,     168,     354,      21,       1,       3,       1,     10.0000,      1.4017,     42.6224,    248.9410,     62.6494,      3.4953,      0.0000,     -0.0321,      6.0443,      0.1572,      5.5903,     11.1806,      1.3893,     28.3722,     56.7444,      0.0193,      0.0047,      0.0156,      0.2065,   7789.3638,-430749.6875,   -931.2006,    551.1549,  25964.5469,
       1,     168,     354,      22,       1,       3,       1,     10.0000,      1.4017,     42.6224,    248.9410,     62.6494,      3.4953,      0.0000,     -0.0320,      5.7339,      0.1541,      5.5903,     11.1806,      1.3617,     28.3722,     56.7444,      0.0193,      0.0045,      0.0156,      0.2065,   7789.3643,-427093.0312,   -930.4140,    551.4167,  25964.5469,
       1,     168,     354,      23,       1,       3,       1,     10.0000,      1.4017,     42.6224,    248.9410,     62.6494,      3.4953,      0.0000,     -0.0321,      5.6471,      0.1566,      5.5903,     11.1806,      1.3838,     28.3722,     56.7444,      0.0193,      0.0044,      0.0156,      0.2065,   7789.3643,-426388.5625,   -930.2363,    551.4653,  25964.5449,
       1,     168,     354,      24,       1,       3,       1,     10.0000,      1.4017,     42.6224,    248.9410,     62.6494,      3.4953,      0.0000,     -0.0318,      4.4148,      0.1488,      5.5903,     11.1806,      1.3146,     28.3722,     56.7444,      0.0193,      0.0035,      0.0156,      0.2065,   7789.3638,-426222.0938,   -930.1714,    551.4767,  25964.5469,
       1,     168,     355,       1,       1,       3,       1,     10.0000,      1.4018,     42.6227,    248.9468,     62.6509,      3.4953,      0.0000,     -0.0319,      3.7297,      0.1500,      5.5908,     11.1817,      1.3252,     28.3774,     56.7549,      0.0193,      0.0029,      0.0156,      0.2065,   7789.3643,-424843.5625,   -930.1554,    551.5847,  25965.6934,
       1,     168,     355,       2,       1,       3,       1,     10.0000,      1.4018,     42.6227,    248.9468,     62.6509,      3.4953,      0.0000,     -0.0318,      3.0870,      0.1477,      5.5908,     11.1817,      1.3054,     28.3774,     56.7549,      0.0193,      0.0024,      0.0156,      0.2065,   7789.7085,-423732.8438,   -929.6222,    551.6613,  25965.6934,
       1,     168,     355,       3,       1,       3,       1,     10.0000,      1.4018,     42.6227,    248.9468,     62.6509,      3.4953,      0.0000,     -0.0315,      2.8853,      0.1403,      5.5908,     11.1817,      1.2398,     28.3774,     56.7549,      0.0193,      0.0023,      0.0156,      0.2065,   7789.7085,-422847.5625,   -929.4259,    551.7223,  25965.6934,
       1,     168,     355,       4,       1,       3,       1,     10.0000,      1.4018,     42.6227,    248.9468,     62.6509,      3.4953,      0.0000,     -0.0318,      3.4386,      0.1474,      5.5908,     11.1817,      1.3027,     28.3774,     56.7549,      0.0193,      0.0027,      0.0156,      0.2065,   7789.7085,-422524.1250,   -929.3480,    551.7446,  25965.6934,
       1,     168,     355,       5,       1,       3,       1,     10.0000,      1.4018,     42.6227,    248.9468,     62.6509,      3.4953,      0.0000,     -0.0317,      2.9613,      0.1458,      5.5908,     11.1817,      1.2884,     28.3774,     56.7549,      0.0193,      0.0023,      0.0156,      0.2065,   7789.7085,-423177.6562,   -929.4651,    551.6996,  25965.6934,
       1,     168,     355,       6,       1,       3,       1,     10.0000,      1.4018,     42.6227,    248.9468,     62.6509,      3.4953,      0.0000,     -0.0316,      3.2351,      0.1438,      5.5908,     11.1817,      1.2703,     28.3774,     56.7549,      0.0193,      0.0025,      0.0156,      0.2065,   7789.7085,-422645.5625,   -929.3408,    551.7363,  25965.6934,
       1,     168,     355,       7,       1,       3,       1,     10.0000,      1.4018,     42.6227,    248.9468,     62.6509,      3.4953,      0.0000,     -0.0316,      3.2728,      0.1433,      5.5908,     11.1817,      1.2664,     28.3774,     56.7549,      0.0193,      0.0026,      0.0156,      0.2065,   7789.7085,-422937.4375,   -929.3845,    551.7161,  25965.6934,
       1,     168,     355,       8,       1,       3,       1,     10.0000,      1.4018,     42.6227,    248.9468,     62.6509,      3.4953,      0.0024,     -0.0293,      2.9521,      0.1455,      5.5908,     11.1817,      1.2858,     28.3774,     56.7549,      0.0193,      0.0023,      0.0156,      0.2065,   7789.7085,-423008.7500,   -929.3834,    551.7112,  25965.6953,
       1,     168,     355,       9,       1,       3,       1,     10.0000,      1.4018,     42.6227,    248.9468,     62.6509,      3.4953,      0.0676,      0.0358,     16.6540,      0.1488,      5.5908,     11.1817,      1.3146,     28.3774,     56.7549,      0.0193,      0.0027,      0.0753,      0.2065,   7789.7090,-422619.6562,   -929.2883,    551.7380,  25965.6934,
       1,     168,     355,      10,       1,       3,       1,     10.0000,      1.4018,     42.6227,    248.9468,     62.6509,      3.4953,      0.1673,      0.1344,     48.5352,      0.1798,      5.5908,     11.1817,      1.5885,     28.3774,     56.7549,      0.0193,      0.0028,      0.2156,      0.2065,   7789.7085,-439451.2188,   -932.7647,    550.5771,  25965.6934,
       1,     168,     355,      11,       1,       3,       1,     10.0000,      1.4018,     42.6227,    248.9468,     62.6509,      3.4953,      0.1655,      0.1324,     42.3730,      0.1871,      5.5908,     11.1817,      1.6529,     28.3774,     56.7549,      0.0193,      0.0024,      0.2138,      0.2065,   7789.7085,-480131.9688,   -941.2070,    547.7787,  25965.6934,
       1,     168,     355,      12,       1,       3,       1,     10.0000,      1.4018,     42.6227,    248.9468,     62.6509,      3.4953,      0.1682,      0.1352,     42.5788,      0.1832,      5.5908,     11.1817,      1.6187,     28.3774,     56.7549,      0.0193,      0.0024,      0.2176,      0.2065,   7789.7085,-476007.9375,   -940.4863,    548.0682,  25965.6934,
       1,     168,     355,      13,       1,       3,       1,     10.0000,      1.4018,     42.6227,    248.9468,     62.6509,      3.4953,      0.1907,      0.1569,     49.0358,      0.2108,      5.5908,     11.1817,      1.8628,     28.3774,     56.7549,      0.0193,      0.0024,      0.2500,      0.2065,   7789.7085,-475903.8125,   -940.5869,    548.0754,  25965.6895,
       1,     168,     355,      14,       1,       3,       1,     10.0000,      1.4018,     42.6227,    248.9468,     62.6509,      3.4953,      0.1909,      0.1567,     52.0273,      0.2249,      5.5908,     11.1817,      1.9876,     28.3774,     56.7549,      0.0193,      0.0025,      0.2500,      0.2065,   7789.7070,-483848.7188,   -942.3364,    547.5311,  25965.6914,
       1,     168,     355,      15,       1,       3,       1,     10.0000,      1.4018,     42.6227,    248.9468,     62.6509,      3.4953,      0.1944,      0.1602,     97.5896,      0.2254,      5.5908,     11.1817,      1.9915,     28.3774,     56.7549,      0.0193,      0.0048,      0.2500,      0.2065,   7789.7075,-488207.0938,   -943.3716,    547.2330,  25965.6914,
       1,     168,     355,      16,       1,       3,       1,     10.0000,      1.4018,     42.6227,    248.9468,     62.6509,      3.4953,      0.1930,      0.1587,    117.5602,      0.2263,      5.5908,     11.1817,      1.9993,     28.3774,     56.7549,      0.0193,      0.0059,      0.2456,      0.2065,   7789.7075,-544708.1875,   -955.2911,    543.3682,  25965.6914,
       1,     168,     355,      17,       1,       3,       1,     10.0000,      1.4018,     42.6227,    248.9468,     62.6509,      3.4953,      0.1621,      0.1285,     86.0117,      0.2047,      5.5908,     11.1817,      1.8085,     28.3774,     56.7549,      0.0193,      0.0052,      0.2040,      0.2064,   7789.7075,-574155.6875,   -961.8025,    541.3818,  25965.6914,
       1,     168,     355,      18,       1,       3,       1,     10.0000,      1.4018,     42.6227,    248.9468,     62.6509,      3.4953,      0.1497,      0.1165,     97.1981,      0.1923,      5.5908,     11.1817,      1.6994,     28.3774,     56.7549,      0.0193,      0.0064,      0.1846,      0.2064,   7789.7075,-537718.1875,   -954.7156,    543.8513,  25965.6914,
       1,     168,     355,      19,       1,       3,       1,     10.0000,      1.4018,     42.6227,    248.9468,     62.6509,      3.4953,      0.0820,      0.0491,     53.4130,      0.1812,      5.5908,     11.1817,      1.6011,     28.3774,     56.7549,      0.0193,      0.0072,      0.0911,      0.2064,   7789.7075,-548445.3125,   -957.3385,    543.1276,  25965.6895,
       1,     168,     355,      20,       1,       3,       1,     10.0000,      1.4018,     42.6227,    248.9468,     62.6509,      3.4953,      0.0039,     -0.0285,      9.0399,      0.1653,      5.5908,     11.1817,      1.4608,     28.3774,     56.7549,      0.0193,      0.0071,      0.0156,      0.2064,   7789.7070,-495351.9688,   -946.6187,    546.7327,  25965.6914,
       1,     168,     355,      21,       1,       3,       1,     10.0000,      1.4018,     42.6227,    248.9468,     62.6509,      3.4953,      0.0000,     -0.0320,      8.9033,      0.1552,      5.5908,     11.1817,      1.3713,     28.3774,     56.7549,      0.0193,      0.0070,      0.0156,      0.2065,   7789.7075,-436228.6250,   -934.3999,    550.7852,  25965.6895,
       1,     168,     355,      22,       1,       3,       1,     10.0000,      1.4018,     42.6227,    248.9468,     62.6509,      3.4953,      0.0000,     -0.0320,      7.0831,      0.1529,      5.5908,     11.1817,      1.3508,     28.3774,     56.7549,      0.0193,      0.0056,      0.0156,      0.2065,   7789.7070,-431085.6250,   -933.3033,    551.1544,  25965.6895,
       1,     168,     355,      23,       1,       3,       1,     10.0000,      1.4018,     42.6227,    248.9468,     62.6509,      3.4953,      0.0000,     -0.0314,      5.4538,      0.1367,      5.5908,     11.1817,      1.2076,     28.3774,     56.7549,      0.0193,      0.0043,      0.0156,      0.2065,   7789.7070,-428390.5938,   -932.7194,    551.3401,  25965.6895,
       1,     168,     355,      24,       1,       3,       1,     10.0000,      1.4018,     42.6227,    248.9468,     62.6509,      3.4953,      0.0000,     -0.0313,      5.4390,      0.1345,      5.5908,     11.1817,      1.1882,     28.3774,     56.7549,      0.0193,      0.0043,      0.0156,      0.2065,   7789.7070,-426156.4062,   -932.2410,    551.4941,  25965.6875,
       1,     168,     356,       1,       1,       3,       1,     10.0000,      1.4018,     42.6230,    248.9526,     62.6523,      3.4953,      0.0000,     -0.0311,      4.5638,      0.1294,      5.5909,     11.1819,      1.1433,     28.3808,     56.7616,      0.0193,      0.0036,      0.0156,      0.2066,   7789.7065,-426101.3125,   -932.5114,    551.5107,  25966.8379,
       1,     168,     356,       2,       1,       3,       1,     10.0000,      1.4018,     42.6230,    248.9526,     62.6523,      3.4953,      0.0000,     -0.0310,      3.7563,      0.1270,      5.5909,     11.1819,      1.1225,     28.3808,     56.7616,      0.0193,      0.0029,      0.0156,      0.2066,   7790.0518,-424868.6562,   -931.9578,    551.5956,  25966.8340,
       1,     168,     356,       3,       1,       3,       1,     10.0000,      1.4018,     42.6230,    248.9526,     62.6523,      3.4953,      0.0000,     -0.0308,      3.6936,      0.1218,      5.5909,     11.1819,      1.0766,     28.3808,     56.7616,      0.0193,      0.0029,      0.0156,      0.2066,   7790.0503,-423770.8125,   -931.7207,    551.6714,  25966.8359,
       1,     168,     356,       4,       1,       3,       1,     10.0000,      1.4018,     42.6230,    248.9526,     62.6523,      3.4953,      0.0000,     -0.0308,      2.3412,      0.1212,      5.5909,     11.1819,      1.0711,     28.3808,     56.7616,      0.0193,      0.0018,      0.0156,      0.2066,   7790.0513,-423600.0938,   -931.6771,    551.6832,  25966.8359,
       1,     168,     356,       5,       1,       3,       1,     10.0000,      1.4018,     42.6230,    248.9526,     62.6523,      3.4953,      0.0000,     -0.0307,      2.2937,      0.1191,      5.5909,     11.1819,      1.0526,     28.3808,     56.7616,      0.0193,      0.0018,      0.0156,      0.2066,   7790.0513,-421921.2188,   -931.3243,    551.7989,  25966.8359,
       1,     168,     356,       6,       1,       3,       1,     10.0000,      1.4018,     42.6230,    248.9526,     62.6523,      3.4953,      0.0000,     -0.0306,      1.5795,      0.1183,      5.5909,     11.1819,      1.0451,     28.3808,     56.7616,      0.0193,      0.0012,      0.0156,      0.2066,   7790.0513,-421720.4688,   -931.2771,    551.8129,  25966.8359,
       1,     168,     356,       7,       1,       3,       1,     10.0000,      1.4018,     42.6230,    248.9526,     62.6523,      3.4953,      0.0000,     -0.0306,      1.2278,      0.1183,      5.5909,     11.1819,      1.0451,     28.3808,     56.7616,      0.0193,      0.0010,      0.0156,      0.2066,   7790.0513,-420824.3125,   -931.0876,    551.8746,  25966.8359,
       1,     168,     356,       8,       1,       3,       1,     10.0000,      1.4018,     42.6230,    248.9526,     62.6523,      3.4953,      0.0031,     -0.0276,      0.4014,      0.1189,      5.5909,     11.1819,      1.0505,     28.3808,     56.7616,      0.0193,      0.0003,      0.0156,      0.2066,   7790.0513,-420315.5000,   -930.9801,    551.9097,  25966.8359,
       1,     168,     356,       9,       1,       3,       1,     10.0000,      1.4018,     42.6230,    248.9526,     62.6523,      3.4953,      0.0658,      0.0346,      2.1268,      0.1302,      5.5909,     11.1819,      1.1502,     28.3808,     56.7616,      0.0193,      0.0003,      0.0748,      0.2066,   7790.0513,-419255.3750,   -930.7587,    551.9829,  25966.8359,
       1,     168,     356,      10,       1,       3,       1,     10.0000,      1.4018,     42.6230,    248.9526,     62.6523,      3.4953,      0.1626,      0.1300,      5.9267,      0.1734,      5.5909,     11.1819,      1.5325,     28.3808,     56.7616,      0.0193,      0.0003,      0.2137,      0.2066,   7790.0513,-421288.4688,   -931.1702,    551.8426,  25966.8359,
       1,     168,     356,      11,       1,       3,       1,     10.0000,      1.4018,     42.6230,    248.9526,     62.6523,      3.4953,      0.1863,      0.1530,      7.7273,      0.1919,      5.5909,     11.1819,      1.6960,     28.3808,     56.7616,      0.0193,      0.0004,      0.2481,      0.2066,   7790.0513,-426137.4375,   -932.1203,    551.5081,  25966.8359,
       1,     168,     356,      12,       1,       3,       1,     10.0000,      1.4018,     42.6230,    248.9526,     62.6523,      3.4953,      0.1876,      0.1537,      9.3679,      0.2154,      5.5909,     11.1819,      1.9036,     28.3808,     56.7616,      0.0193,      0.0005,      0.2500,      0.2066,   7790.0513,-428765.4688,   -932.6310,    551.3271,  25966.8379,
       1,     168,     356,      13,       1,       3,       1,     10.0000,      1.4018,     42.6230,    248.9526,     62.6523,      3.4953,      0.1876,      0.1535,      9.8438,      0.2219,      5.5909,     11.1819,      1.9605,     28.3808,     56.7616,      0.0193,      0.0005,      0.2500,      0.2066,   7790.0518,-431007.4062,   -933.0313,    551.1725,  25966.8359,
       1,     168,     356,      14,       1,       3,       1,     10.0000,      1.4018,     42.6230,    248.9526,     62.6523,      3.4953,      0.1876,      0.1531,     10.9454,      0.2362,      5.5909,     11.1819,      2.0873,     28.3808,     56.7616,      0.0193,      0.0005,      0.2500,      0.2066,   7790.0513,-431783.6562,   -933.1390,    551.1192,  25966.8340,
       1,     168,     356,      15,       1,       3,       1,     10.0000,      1.4018,     42.6230,    248.9526,     62.6523,      3.4953,      0.1911,      0.1567,     62.1665,      0.2321,      5.5909,     11.1819,      2.0509,     28.3808,     56.7616,      0.0193,      0.0031,      0.2492,      0.2066,   7790.0503,-433205.4062,   -933.3838,    551.0211,  25966.8340,
       1,     168,     356,      16,       1,       3,       1,     10.0000,      1.4018,     42.6230,    248.9526,     62.6523,      3.4953,      0.1881,      0.1537,     98.8433,      0.2337,      5.5909,     11.1819,      2.0649,     28.3808,     56.7616,      0.0193,      0.0050,      0.2407,      0.2065,   7790.0503,-496371.0000,   -946.6313,    546.6705,  25966.8359,
       1,     168,     356,      17,       1,       3,       1,     10.0000,      1.4018,     42.6230,    248.9526,     62.6523,      3.4953,      0.1847,      0.1504,    117.2776,      0.2272,      5.5909,     11.1819,      2.0072,     28.3808,     56.7616,      0.0193,      0.0062,      0.2335,      0.2065,   7790.0513,-546959.9375,   -957.4612,    543.2307,  25966.8340,
       1,     168,     356,      18,       1,       3,       1,     10.0000,      1.4018,     42.6230,    248.9526,     62.6523,      3.4953,      0.1620,      0.1281,    106.2032,      0.2167,      5.5909,     11.1819,      1.9149,     28.3808,     56.7616,      0.0193,      0.0065,      0.2015,      0.2064,   7790.0503,-573980.5625,   -963.5608,    541.4067,  25966.8340,
       1,     168,     356,      19,       1,       3,       1,     10.0000,      1.4018,     42.6230,    248.9526,     62.6523,      3.4953,      0.0902,      0.0569,     56.9659,      0.1927,      5.5909,     11.1819,      1.7028,     28.3808,     56.7616,      0.0193,      0.0068,      0.1024,      0.2064,   7790.0503,-562599.9375,   -961.6997,    542.1799,  25966.8320,
       1,     168,     356,      20,       1,       3,       1,     10.0000,      1.4018,     42.6230,    248.9526,     62.6523,      3.4953,      0.0025,     -0.0300,      8.1868,      0.1697,      5.5909,     11.1819,      1.4993,     28.3808,     56.7616,      0.0193,      0.0064,      0.0156,      0.2064,   7790.0498,-500910.8125,   -949.1647,    546.3613,  25966.8340,
       1,     168,     356,      21,       1,       3,       1,     10.0000,      1.4018,     42.6230,    248.9526,     62.6523,      3.4953,      0.0000,     -0.0320,      8.1819,      0.1538,      5.5909,     11.1819,      1.3590,     28.3808,     56.7616,      0.0193,      0.0064,      0.0156,      0.2065,   7790.0503,-435648.9062,   -935.5922,    550.8346,  25966.8320,
       1,     168,     356,      22,       1,       3,       1,     10.0000,      1.4018,     42.6230,    248.9526,     62.6523,      3.4953,      0.0000,     -0.0319,      8.8500,      0.1504,      5.5909,     11.1819,      1.3293,     28.3808,     56.7616,      0.0193,      0.0069,      0.0156,      0.2065,   7790.0498,-430154.7188,   -934.4303,    551.2312,  25966.8320,
       1,     168,     356,      23,       1,       3,       1,     10.0000,      1.4018,     42.6230,    248.9526,     62.6523,      3.4953,      0.0000,     -0.0319,      9.1447,      0.1498,      5.5909,     11.1819,      1.3239,     28.3808,     56.7616,      0.0193,      0.0072,      0.0156,      0.2066,   7790.0498,-430488.6875,   -934.4868,    551.2083,  25966.8320,
       1,     168,     356,      24,       1,       3,       1,     10.0000,      1.4018,     42.6230,    248.9526,     62.6523,      3.4953,      0.0000,     -0.0314,      7.6316,      0.1385,      5.5909,     11.1819,      1.2237,     28.3808,     56.7616,      0.0193,      0.0060,      0.0156,      0.2066,   7790.0498,-430879.7812,   -934.5553,    551.1814,  25966.8320,
       1,     168,     357,       1,       1,       3,       1,     10.0000,      1.4018,     42.6234,    248.9584,     62.6538,      3.4953,      0.0000,     -0.0310,      6.0956,      0.1282,      5.5906,     11.1811,      1.1329,     28.3858,     56.7716,      0.0193,      0.0048,      0.0156,      0.2066,   7790.0498,-429202.5625,   -934.4888,    551.3097,  25967.9766,
       1,     168,     357,       2,       1,       3,       1,     10.0000,      1.4018,     42.6234,    248.9584,     62.6538,      3.4953,      0.0000,     -0.0307,      4.2562,      0.1195,      5.5906,     11.1811,      1.0559,     28.3858,     56.7716,      0.0193,      0.0033,      0.0156,      0.2066,   7790.3931,-427019.9062,   -933.7353,    551.4601,  25967.9785,
       1,     168,     357,       3,       1,       3,       1,     10.0000,      1.4018,     42.6234,    248.9584,     62.6538,      3.4953,      0.0000,     -0.0308,      3.2130,      0.1220,      5.5906,     11.1811,      1.0777,     28.3858,     56.7716,      0.0193,      0.0025,      0.0156,      0.2066,   7790.3940,-424570.9688,   -933.2167,    551.6290,  25967.9785,
       1,     168,     357,       4,       1,       3,       1,     10.0000,      1.4018,     42.6234,    248.9584,     62.6538,      3.4953,      0.0000,     -0.0307,      3.1829,      0.1184,      5.5906,     11.1811,      1.0462,     28.3858,     56.7716,      0.0193,      0.0025,      0.0156,      0.2066,   7790.3940,-423079.5000,   -932.9012,    551.7319,  25967.9785,
       1,     168,     357,       5,       1,       3,       1,     10.0000,      1.4018,     42.6234,    248.9584,     62.6538,      3.4953,      0.0000,     -0.0308,      2.1655,      0.1208,      5.5906,     11.1811,      1.0678,     28.3858,     56.7716,      0.0193,      0.0017,      0.0156,      0.2066,   7790.3940,-422915.7188,   -932.8646,    551.7431,  25967.9785,
       1,     168,     357,       6,       1,       3,       1,     10.0000,      1.4018,     42.6234,    248.9584,     62.6538,      3.4953,      0.0000,     -0.0309,      1.4351,      0.1250,      5.5906,     11.1811,      1.1044,     28.3858,     56.7716,      0.0193,      0.0011,      0.0156,      0.2066,   7790.3940,-421650.0000,   -932.5970,    551.8304,  25967.9766,
       1,     168,     357,       7,       1,       3,       1,     10.0000,      1.4018,     42.6234,    248.9584,     62.6538,      3.4953,      0.0000,     -0.0309,      0.7857,      0.1237,      5.5906,     11.1811,      1.0932,     28.3858,     56.7716,      0.0193,      0.0006,      0.0156,      0.2066,   7790.3931,-420644.0312,   -932.3850,    551.8998,  25967.9785,
       1,     168,     357,       8,       1,       3,       1,     10.0000,      1.4018,     42.6234,    248.9584,     62.6538,      3.4953,      0.0088,     -0.0219,      1.2684,      0.1206,      5.5906,     11.1811,      1.0656,     28.3858,     56.7716,      0.0193,      0.0010,      0.0156,      0.2066,   7790.3940,-419759.2812,   -932.4810,    551.9609,  25967.9785,
       1,     168,     357,       9,       1,       3,       1,     10.0000,      1.4018,     42.6234,    248.9584,     62.6538,      3.4953,      0.1216,      0.0904,      7.0558,      0.1323,      5.5906,     11.1811,      1.1691,     28.3858,     56.7716,      0.0193,      0.0006,      0.1544,      0.2066,   7790.3940,-420278.1250,   -932.5881,    551.9251,  25967.9785,
       1,     168,     357,      10,       1,       3,       1,     10.0000,      1.4018,     42.6234,    248.9584,     62.6538,      3.4953,      0.1298,      0.0981,      7.8560,      0.1467,      5.5906,     11.1811,      1.2962,     28.3858,     56.7716,      0.0193,      0.0006,      0.1661,      0.2066,   7790.3940,-427443.3125,   -934.0928,    551.4307,  25967.9785,
       1,     168,     357,      11,       1,       3,       1,     10.0000,      1.4018,     42.6234,    248.9584,     62.6538,      3.4953,      0.1791,      0.1466,     12.4954,      0.1685,      5.5906,     11.1811,      1.4888,     28.3858,     56.7716,      0.0193,      0.0006,      0.2368,      0.2066,   7790.3940,-429036.9688,   -934.4243,    551.3212,  25967.9766,
       1,     168,     357,      12,       1,       3,       1,     10.0000,      1.4018,     42.6234,    248.9584,     62.6538,      3.4953,      0.1790,      0.1461,      6.8369,      0.1792,      5.5906,     11.1811,      1.5838,     28.3858,     56.7716,      0.0193,      0.0004,      0.2374,      0.2066,   7790.3931,-434881.5312,   -935.6375,    550.9183,  25967.9805,
       1,     168,     357,      13,       1,       3,       1,     10.0000,      1.4018,     42.6234,    248.9584,     62.6538,      3.4953,      0.1876,      0.1544,      7.7263,      0.1906,      5.5906,     11.1811,      1.6844,     28.3858,     56.7716,      0.0193,      0.0004,      0.2500,      0.2066,   7790.3945,-428413.3438,   -934.2592,    551.3640,  25967.9785,
       1,     168,     357,      14,       1,       3,       1,     10.0000,      1.4018,     42.6234,    248.9584,     62.6538,      3.4953,      0.1882,      0.1554,     16.1244,      0.1785,      5.5906,     11.1811,      1.5775,     28.3858,     56.7716,      0.0193,      0.0008,      0.2497,      0.2066,   7790.3940,-428959.6250,   -934.3464,    551.3265,  25967.9785,
       1,     168,     357,      15,       1,       3,       1,     10.0000,      1.4018,     42.6234,    248.9584,     62.6538,      3.4953,      0.1889,      0.1563,     22.6386,      0.1726,      5.5906,     11.1811,      1.5249,     28.3858,     56.7716,      0.0193,      0.0011,      0.2500,      0.2066,   7790.3940,-439340.5938,   -936.5330,    550.6111,  25967.9766,
       1,     168,     357,      16,       1,       3,       1,     10.0000,      1.4018,     42.6234,    248.9584,     62.6538,      3.4953,      0.1819,      0.1491,     48.0475,      0.1762,      5.5906,     11.1811,      1.5572,     28.3858,     56.7716,      0.0193,      0.0025,      0.2369,      0.2066,   7790.3931,-448240.6562,   -938.4262,    549.9990,  25967.9805,
       1,     168,     357,      17,       1,       3,       1,     10.0000,      1.4018,     42.6234,    248.9584,     62.6538,      3.4953,      0.1375,      0.1055,     43.2379,      0.1558,      5.5906,     11.1811,      1.3769,     28.3858,     56.7716,      0.0193,      0.0031,      0.1731,      0.2066,   7790.3945,-480272.4062,   -945.2326,    547.7971,  25967.9785,
       1,     168,     357,      18,       1,       3,       1,     10.0000,      1.4018,     42.6234,    248.9584,     62.6538,      3.4953,      0.1482,      0.1159,     54.7182,      0.1624,      5.5906,     11.1811,      1.4347,     28.3858,     56.7716,      0.0193,      0.0036,      0.1872,      0.2065,   7790.3940,-477075.2812,   -944.7051,    548.0205,  25967.9785,
       1,     168,     357,      19,       1,       3,       1,     10.0000,      1.4018,     42.6234,    248.9584,     62.6538,      3.4953,      0.0559,      0.0241,     13.4673,      0.1485,      5.5906,     11.1811,      1.3120,     28.3858,     56.7716,      0.0193,      0.0028,      0.0587,      0.2065,   7790.3940,-490937.2188,   -947.7802,    547.0709,  25967.9766,
       1,     168,     357,      20,       1,       3,       1,     10.0000,      1.4018,     42.6234,    248.9584,     62.6538,      3.4953,      0.0020,     -0.0295,      3.7893,      0.1395,      5.5906,     11.1811,      1.2324,     28.3858,     56.7716,      0.0193,      0.0030,      0.0156,      0.2065,   7790.3931,-441301.8750,   -937.4513,    550.4659,  25967.9785,
       1,     168,     357,      21,       1,       3,       1,     10.0000,      1.4018,     42.6234,    248.9584,     62.6538,      3.4953,      0.0000,     -0.0313,      3.7520,      0.1347,      5.5906,     11.1811,      1.1907,     28.3858,     56.7716,      0.0193,      0.0029,      0.0156,      0.2066,   7790.3940,-425218.8438,   -934.0656,    551.5832,  25967.9785,
       1,     168,     357,      22,       1,       3,       1,     10.0000,      1.4018,     42.6234,    248.9584,     62.6538,      3.4953,      0.0000,     -0.0311,      3.5333,      0.1303,      5.5906,     11.1811,      1.1514,     28.3858,     56.7716,      0.0193,      0.0028,      0.0156,      0.2066,   7790.3940,-423799.0938,   -933.7618,    551.6823,  25967.9766,
       1,     168,     357,      23,       1,       3,       1,     10.0000,      1.4018,     42.6234,    248.9584,     62.6538,      3.4953,      0.0000,     -0.0311,      3.1408,      0.1296,      5.5906,     11.1811,      1.1456,     28.3858,     56.7716,      0.0193,      0.0025,      0.0156,      0.2066,   7790.3931,-423408.3750,   -933.6761,    551.7092,  25967.9766,
       1,     168,     357,      24,       1,       3,       1,     10.0000,      1.4018,     42.6234,    248.9584,     62.6538,      3.4953,      0.0000,     -0.0311,      2.1344,      0.1303,      5.5906,     11.1811,      1.1514,     28.3858,     56.7716,      0.0193,      0.0017,      0.0156,      0.2066,   7790.3931,-422892.2500,   -933.5637,    551.7448,  25967.9785,
       1,     168,     358,       1,       1,       3,       1,     10.0000,      1.4018,     42.6237,    248.9641,     62.6552,      3.4953,      0.0000,     -0.0311,      1.5837,      0.1298,      5.5910,     11.1820,      1.1468,     28.3890,     56.7779,      0.0193,      0.0012,      0.0156,      0.2066,   7790.3940,-421763.0000,   -933.6187,    551.8354,  25969.1250,
       1,     168,     358,       2,       1,       3,       1,     10.0000,      1.4018,     42.6237,    248.9641,     62.6552,      3.4953,      0.0000,     -0.0310,      1.5007,      0.1263,      5.5910,     11.1820,      1.1157,     28.3890,     56.7779,      0.0193,      0.0012,      0.0156,      0.2066,   7790.7378,-420839.0938,   -933.7028,    551.8992,  25969.1250,
       1,     168,     358,       3,       1,       3,       1,     10.0000,      1.4018,     42.6237,    248.9641,     62.6552,      3.4953,      0.0000,     -0.0309,      0.9383,      0.1242,      5.5910,     11.1820,      1.0977,     28.3890,     56.7779,      0.0193,      0.0007,      0.0156,      0.2066,   7790.7378,-420658.5312,   -933.6620,    551.9116,  25969.1250,
       1,     168,     358,       4,       1,       3,       1,     10.0000,      1.4018,     42.6237,    248.9641,     62.6552,      3.4953,      0.0000,     -0.0308,      0.7396,      0.1216,      5.5910,     11.1820,      1.0744,     28.3890,     56.7779,      0.0193,      0.0006,      0.0156,      0.2066,   7790.7378,-419951.3125,   -933.5117,    551.9604,  25969.1250,
       1,     168,     358,       5,       1,       3,       1,     10.0000,      1.4018,     42.6237,    248.9641,     62.6552,      3.4953,      0.0000,     -0.0306,      0.8302,      0.1179,      5.5910,     11.1820,      1.0420,     28.3890,     56.7779,      0.0193,      0.0007,      0.0156,      0.2066,   7790.7378,-419646.8125,   -933.4464,    551.9814,  25969.1250,
       1,     168,     358,       6,       1,       3,       1,     10.0000,      1.4018,     42.6237,    248.9641,     62.6552,      3.4953,      0.0000,     -0.0307,      0.6018,      0.1185,      5.5910,     11.1820,      1.0473,     28.3890,     56.7779,      0.0193,      0.0005,      0.0156,      0.2066,   7790.7378,-419732.4062,   -933.4636,    551.9755,  25969.1250,
       1,     168,     358,       7,       1,       3,       1,     10.0000,      1.4018,     42.6237,    248.9641,     62.6552,      3.4953,      0.0000,     -0.0307,      0.2857,      0.1190,      5.5910,     11.1820,      1.0516,     28.3890,     56.7779,      0.0193,      0.0002,      0.0156,      0.2066,   7790.7378,-419458.6875,   -933.4053,    551.9944,  25969.1250,
       1,     168,     358,       8,       1,       3,       1,     10.0000,      1.4018,     42.6237,    248.9641,     62.6552,      3.4953,      0.0031,     -0.0276,      0.2808,      0.1189,      5.5910,     11.1820,      1.0505,     28.3890,     56.7779,      0.0193,      0.0002,      0.0156,      0.2066,   7790.7378,-419046.5938,   -933.3188,    552.0229,  25969.1270,
       1,     168,     358,       9,       1,       3,       1,     10.0000,      1.4018,     42.6237,    248.9641,     62.6552,      3.4953,      0.0760,      0.0451,      1.6686,      0.1223,      5.5910,     11.1820,      1.0810,     28.3890,     56.7779,      0.0193,      0.0002,      0.0897,      0.2066,   7790.7383,-419005.2500,   -933.3100,    552.0257,  25969.1230,
       1,     168,     358,      10,       1,       3,       1,     10.0000,      1.4018,     42.6237,    248.9641,     62.6552,      3.4953,      0.1718,      0.1400,      5.2932,      0.1491,      5.5910,     11.1820,      1.3173,     28.3890,     56.7779,      0.0193,      0.0003,      0.2270,      0.2066,   7790.7373,-420709.7812,   -933.6682,    551.9081,  25969.1250,
       1,     168,     358,      11,       1,       3,       1,     10.0000,      1.4018,     42.6237,    248.9641,     62.6552,      3.4953,      0.1829,      0.1506,      6.3508,      0.1647,      5.5910,     11.1820,      1.4550,     28.3890,     56.7779,      0.0193,      0.0003,      0.2431,      0.2066,   7790.7378,-425313.5938,   -934.9490,    551.5905,  25969.1250,
       1,     168,     358,      12,       1,       3,       1,     10.0000,      1.4018,     42.6237,    248.9641,     62.6552,      3.4953,      0.1877,      0.1549,      7.1500,      0.1782,      5.5910,     11.1820,      1.5744,     28.3890,     56.7779,      0.0193,      0.0004,      0.2500,      0.2066,   7790.7378,-427006.0000,   -935.2741,    551.4739,  25969.1250,
       1,     168,     358,      13,       1,       3,       1,     10.0000,      1.4018,     42.6237,    248.9641,     62.6552,      3.4953,      0.1876,      0.1545,      7.6739,      0.1895,      5.5910,     11.1820,      1.6744,     28.3890,     56.7779,      0.0193,      0.0004,      0.2500,      0.2066,   7790.7378,-428132.7812,   -935.4662,    551.3962,  25969.1250,
       1,     168,     358,      14,       1,       3,       1,     10.0000,      1.4018,     42.6237,    248.9641,     62.6552,      3.4953,      0.1877,      0.1540,     10.1415,      0.2090,      5.5910,     11.1820,      1.8465,     28.3890,     56.7779,      0.0193,      0.0005,      0.2500,      0.2066,   7790.7378,-428873.0625,   -935.5717,    551.3452,  25969.1250,
       1,     168,     358,      15,       1,       3,       1,     10.0000,      1.4018,     42.6237,    248.9641,     62.6552,      3.4953,      0.1902,      0.1567,     42.0174,      0.2033,      5.5910,     11.1820,      1.7962,     28.3890,     56.7779,      0.0193,      0.0021,      0.2500,      0.2066,   7790.7378,-431972.2188,   -936.1635,    551.1317,  25969.1250,
       1,     168,     358,      16,       1,       3,       1,     10.0000,      1.4018,     42.6237,    248.9641,     62.6552,      3.4953,      0.1919,      0.1585,     62.1368,      0.1956,      5.5910,     11.1820,      1.7283,     28.3890,     56.7779,      0.0193,      0.0030,      0.2500,      0.2066,   7790.7378,-471459.4688,   -944.5057,    548.4114,  25969.1250,
       1,     168,     358,      17,       1,       3,       1,     10.0000,      1.4018,     42.6237,    248.9641,     62.6552,      3.4953,      0.1888,      0.1557,     77.0750,      0.1886,      5.5910,     11.1820,      1.6661,     28.3890,     56.7779,      0.0193,      0.0039,      0.2438,      0.2066,   7790.7378,-499597.8438,   -950.5628,    546.4892,  25969.1250,
       1,     168,     358,      18,       1,       3,       1,     10.0000,      1.4018,     42.6237,    248.9641,     62.6552,      3.4953,      0.1612,      0.1285,     74.8953,      0.1757,      5.5910,     11.1820,      1.5526,     28.3890,     56.7779,      0.0193,      0.0045,      0.2038,      0.2065,   7790.7378,-520381.1562,   -955.1842,    545.0728,  25969.1250,
       1,     168,     358,      19,       1,       3,       1,     10.0000,      1.4018,     42.6237,    248.9641,     62.6552,      3.4953,      0.0265,     -0.0052,      6.8507,      0.1451,      5.5910,     11.1820,      1.2820,     28.3890,     56.7779,      0.0193,      0.0049,      0.0171,      0.2065,   7790.7378,-519454.2500,   -955.2918,    545.1378,  25969.1250,
       1,     168,     358,      20,       1,       3,       1,     10.0000,      1.4018,     42.6237,    248.9641,     62.6552,      3.4953,      0.0024,     -0.0287,      5.2495,      0.1294,      5.5910,     11.1820,      1.1433,     28.3890,     56.7779,      0.0193,      0.0041,      0.0156,      0.2065,   7790.7378,-435531.2812,   -938.7556,    550.8564,  25969.1230,
       1,     168,     358,      21,       1,       3,       1,     10.0000,      1.4018,     42.6237,    248.9641,     62.6552,      3.4953,      0.0000,     -0.0307,      4.7354,      0.1190,      5.5910,     11.1820,      1.0516,     28.3890,     56.7779,      0.0193,      0.0037,      0.0156,      0.2066,   7790.7373,-426554.3750,   -936.8459,    551.5046,  25969.1250,
       1,     168,     358,      22,       1,       3,       1,     10.0000,      1.4018,     42.6237,    248.9641,     62.6552,      3.4953,      0.0000,     -0.0305,      4.3188,      0.1152,      5.5910,     11.1820,      1.0177,     28.3890,     56.7779,      0.0193,      0.0034,      0.0156,      0.2066,   7790.7378,-425124.0312,   -936.5286,    551.6036,  25969.1250,
       1,     168,     358,      23,       1,       3,       1,     10.0000,      1.4018,     42.6237,    248.9641,     62.6552,      3.4953,      0.0000,     -0.0305,      3.4352,      0.1144,      5.5910,     11.1820,      1.0104,     28.3890,     56.7779,      0.0193,      0.0027,      0.0156,      0.2066,   7790.7378,-424489.5312,   -936.3793,    551.6474,  25969.1250,
       1,     168,     358,      24,       1,       3,       1,     10.0000,      1.4018,     42.6237,    248.9641,     62.6552,      3.4953,      0.0000,     -0.0306,      1.3004,      0.1172,      5.5910,     11.1820,      1.0356,     28.3890,     56.7779,      0.0193,      0.0010,      0.0156,      0.2066,   7790.7378,-423348.5312,   -936.1288,    551.7261,  25969.1250,
       1,     168,     359,       1,       1,       3,       1,     10.0000,      1.4019,     42.6240,    248.9699,     62.6567,      3.4953,      0.0000,     -0.0307,      0.7855,      0.1200,      5.5910,     11.1821,      1.0603,     28.3933,     56.7867,      0.0193,      0.0006,      0.0156,      0.2066,   7790.7378,-420778.2500,   -935.8788,    551.9161,  25970.2715,
       1,     168,     359,       2,       1,       3,       1,     10.0000,      1.4019,     42.6240,    248.9699,     62.6567,      3.4953,      0.0000,     -0.0308,      0.5345,      0.1209,      5.5910,     11.1821,      1.0679,     28.3933,     56.7867,      0.0193,      0.0004,      0.0156,      0.2066,   7791.0815,-419776.1875,   -935.3705,    551.9852,  25970.2676,
       1,     168,     359,       3,       1,       3,       1,     10.0000,      1.4019,     42.6240,    248.9699,     62.6567,      3.4953,      0.0000,     -0.0308,      0.4045,      0.1212,      5.5910,     11.1821,      1.0711,     28.3933,     56.7867,      0.0193,      0.0003,      0.0156,      0.2066,   7791.0806,-419383.0000,   -935.2885,    552.0124,  25970.2695,
       1,     168,     359,       4,       1,       3,       1,     10.0000,      1.4019,     42.6240,    248.9699,     62.6567,      3.4953,      0.0000,     -0.0307,      0.4069,      0.1191,      5.5910,     11.1821,      1.0527,     28.3933,     56.7867,      0.0193,      0.0003,      0.0156,      0.2066,   7791.0811,-419189.4688,   -935.2471,    552.0257,  25970.2695,
       1,     168,     359,       5,       1,       3,       1,     10.0000,      1.4019,     42.6240,    248.9699,     62.6567,      3.4953,      0.0000,     -0.0307,      0.5082,      0.1183,      5.5910,     11.1821,      1.0452,     28.3933,     56.7867,      0.0193,      0.0004,      0.0156,      0.2066,   7791.0811,-419176.1250,   -935.2443,    552.0267,  25970.2715,
       1,     168,     359,       6,       1,       3,       1,     10.0000,      1.4019,     42.6240,    248.9699,     62.6567,      3.4953,      0.0000,     -0.0307,      0.3678,      0.1193,      5.5910,     11.1821,      1.0538,     28.3933,     56.7867,      0.0193,      0.0003,      0.0156,      0.2066,   7791.0815,-419299.2188,   -935.2690,    552.0182,  25970.2695,
       1,     168,     359,       7,       1,       3,       1,     10.0000,      1.4019,     42.6240,    248.9699,     62.6567,      3.4953,      0.0000,     -0.0308,      0.3665,      0.1211,      5.5910,     11.1821,      1.0701,     28.3933,     56.7867,      0.0193,      0.0003,      0.0156,      0.2066,   7791.0811,-419137.2812,   -935.2357,    552.0294,  25970.2695,
       1,     168,     359,       8,       1,       3,       1,     10.0000,      1.4019,     42.6240,    248.9699,     62.6567,      3.4953,      0.0024,     -0.0283,      0.5283,      0.1199,      5.5910,     11.1821,      1.0592,     28.3933,     56.7867,      0.0193,      0.0004,      0.0156,      0.2066,   7791.0811,-419121.9375,   -935.2327,    552.0304,  25970.2695,
       1,     168,     359,       9,       1,       3,       1,     10.0000,      1.4019,     42.6240,    248.9699,     62.6567,      3.4953,      0.0691,      0.0380,      2.2036,      0.1281,      5.5910,     11.1821,      1.1318,     28.3933,     56.7867,      0.0193,      0.0003,      0.0796,      0.2066,   7791.0811,-419319.6875,   -935.2738,    552.0168,  25970.2676,
       1,     168,     359,      10,       1,       3,       1,     10.0000,      1.4019,     42.6240,    248.9699,     62.6567,      3.4953,      0.1637,      0.1313,      5.5856,      0.1637,      5.5910,     11.1821,      1.4463,     28.3933,     56.7867,      0.0193,      0.0003,      0.2153,      0.2066,   7791.0806,-421397.5000,   -935.7094,    551.8734,  25970.2695,
       1,     168,     359,      11,       1,       3,       1,     10.0000,      1.4019,     42.6240,    248.9699,     62.6567,      3.4953,      0.1781,      0.1454,      6.5845,      0.1743,      5.5910,     11.1821,      1.5403,     28.3933,     56.7867,      0.0193,      0.0003,      0.2361,      0.2066,   7791.0811,-425734.1875,   -936.5909,    551.5742,  25970.2695,
       1,     168,     359,      12,       1,       3,       1,     10.0000,      1.4019,     42.6240,    248.9699,     62.6567,      3.4953,      0.1877,      0.1546,      8.0647,      0.1874,      5.5910,     11.1821,      1.6563,     28.3933,     56.7867,      0.0193,      0.0004,      0.2500,      0.2066,   7791.0811,-427331.5000,   -936.8912,    551.4642,  25970.2695,
       1,     168,     359,      13,       1,       3,       1,     10.0000,      1.4019,     42.6240,    248.9699,     62.6567,      3.4953,      0.1876,      0.1541,      8.7128,      0.2009,      5.5910,     11.1821,      1.7751,     28.3933,     56.7867,      0.0193,      0.0004,      0.2500,      0.2066,   7791.0811,-429288.0625,   -937.2521,    551.3293,  25970.2695,
       1,     168,     359,      14,       1,       3,       1,     10.0000,      1.4019,     42.6240,    248.9699,     62.6567,      3.4953,      0.1882,      0.1546,     16.6125,      0.2045,      5.5910,     11.1821,      1.8069,     28.3933,     56.7867,      0.0193,      0.0008,      0.2500,      0.2066,   7791.0811,-430251.4375,   -937.4009,    551.2629,  25970.2695,
       1,     168,     359,      15,       1,       3,       1,     10.0000,      1.4019,     42.6240,    248.9699,     62.6567,      3.4953,      0.1802,      0.1472,     49.9953,      0.1841,      5.5910,     11.1821,      1.6270,     28.3933,     56.7867,      0.0193,      0.0026,      0.2342,      0.2066,   7791.0811,-440052.7188,   -939.4429,    550.5876,  25970.2695,
       1,     168,     359,      16,       1,       3,       1,     10.0000,      1.4019,     42.6240,    248.9699,     62.6567,      3.4953,      0.1898,      0.1567,     66.6617,      0.1887,      5.5910,     11.1821,      1.6678,     28.3933,     56.7867,      0.0193,      0.0033,      0.2464,      0.2066,   7791.0811,-481963.6562,   -948.3660,    547.7036,  25970.2715,
       1,     168,     359,      17,       1,       3,       1,     10.0000,      1.4019,     42.6240,    248.9699,     62.6567,      3.4953,      0.1682,      0.1354,     65.1507,      0.1792,      5.5910,     11.1821,      1.5839,     28.3933,     56.7867,      0.0193,      0.0037,      0.2151,      0.2066,   7791.0815,-506056.5938,   -953.6243,    546.0616,  25970.2695,
       1,     168,     359,      18,       1,       3,       1,     10.0000,      1.4019,     42.6240,    248.9699,     62.6567,      3.4953,      0.1212,      0.0888,     48.0126,      0.1627,      5.5910,     11.1821,      1.4377,     28.3933,     56.7867,      0.0193,      0.0040,      0.1488,      0.2066,   7791.0811,-506231.7812,   -955.4607,    546.0522,  25970.2715,
       1,     168,     359,      19,       1,       3,       1,     10.0000,      1.4019,     42.6240,    248.9699,     62.6567,      3.4953,      0.0558,      0.0239,     18.2435,      0.1506,      5.5910,     11.1821,      1.3307,     28.3933,     56.7867,      0.0193,      0.0039,      0.0579,      0.2066,   7791.0815,-485132.9688,   -951.6475,    547.4922,  25970.2695,
       1,     168,     359,      20,       1,       3,       1,     10.0000,      1.4019,     42.6240,    248.9699,     62.6567,      3.4953,      0.0072,     -0.0246,      3.4682,      0.1483,      5.5910,     11.1821,      1.3108,     28.3933,     56.7867,      0.0193,      0.0027,      0.0156,      0.2066,   7791.0811,-446698.9688,   -944.0824,    550.1245,  25970.2676,
       1,     168,     359,      21,       1,       3,       1,     10.0000,      1.4019,     42.6240,    248.9699,     62.6567,      3.4953,      0.0000,     -0.0316,      3.6094,      0.1436,      5.5910,     11.1821,      1.2691,     28.3933,     56.7867,      0.0193,      0.0028,      0.0156,      0.2066,   7791.0806,-425279.5000,   -939.5433,    551.6036,  25970.2695,
       1,     168,     359,      22,       1,       3,       1,     10.0000,      1.4019,     42.6240,    248.9699,     62.6567,      3.4953,      0.0000,     -0.0316,      2.6283,      0.1415,      5.5910,     11.1821,      1.2500,     28.3933,     56.7867,      0.0193,      0.0021,      0.0156,      0.2066,   7791.0811,-423635.1875,   -939.1703,    551.7191,  25970.2715,
       1,     168,     359,      23,       1,       3,       1,     10.0000,      1.4019,     42.6240,    248.9699,     62.6567,      3.4953,      0.0000,     -0.0315,      1.5816,      0.1405,      5.5910,     11.1821,      1.2412,     28.3933,     56.7867,      0.0193,      0.0012,      0.0156,      0.2066,   7791.0815,-422285.7188,   -938.8660,    551.8121,  25970.2695,
       1,     168,     359,      24,       1,       3,       1,     10.0000,      1.4019,     42.6240,    248.9699,     62.6567,      3.4953,      0.0000,     -0.0316,      1.1173,      0.1416,      5.5910,     11.1821,      1.2513,     28.3933,     56.7867,      0.0193,      0.0009,      0.0156,      0.2066,   7791.0811,-420883.9375,   -939.0658,    551.9088,  25970.2676,
       1,     168,     360,       1,       1,       3,       1,     10.0000,      1.4019,     42.6243,    248.9757,     62.6582,      3.4953,      0.0000,     -0.0316,      0.8072,      0.1413,      5.5915,     11.1830,      1.2488,     28.3962,     56.7924,      0.0193,      0.0006,      0.0156,      0.2067,   7791.0806,-420347.1562,   -939.7726,    551.9587,  25971.4141,
       1,     168,     360,       2,       1,       3,       1,     10.0000,      1.4019,     42.6243,    248.9757,     62.6582,      3.4953,      0.0000,     -0.0315,      0.6033,      0.1398,      5.5915,     11.1830,      1.2350,     28.3962,     56.7924,      0.0193,      0.0005,      0.0156,      0.2067,   7791.4243,-419769.8438,   -940.4687,    551.9985,  25971.4160,
       1,     168,     360,       3,       1,       3,       1,     10.0000,      1.4019,     42.6243,    248.9757,     62.6582,      3.4953,      0.0000,     -0.0315,      0.5762,      0.1393,      5.5915,     11.1830,      1.2312,     28.3962,     56.7924,      0.0193,      0.0005,      0.0156,      0.2067,   7791.4253,-419469.6250,   -941.5673,    552.0193,  25971.4141,
       1,     168,     360,       4,       1,       3,       1,     10.0000,      1.4019,     42.6243,    248.9757,     62.6582,      3.4953,      0.0000,     -0.0316,      0.3784,      0.1432,      5.5915,     11.1830,      1.2653,     28.3962,     56.7924,      0.0193,      0.0003,      0.0156,      0.2067,   7791.4243,-419411.0625,   -941.5536,    552.0233,  25971.4141,
       1,     168,     360,       5,       1,       3,       1,     10.0000,      1.4019,     42.6243,    248.9757,     62.6582,      3.4953,      0.0000,     -0.0315,      0.3397,      0.1405,      5.5915,     11.1830,      1.2412,     28.3962,     56.7924,      0.0193,      0.0003,      0.0156,      0.2067,   7791.4243,-419162.9062,   -941.5018,    552.0404,  25971.4141,
       1,     168,     360,       6,       1,       3,       1,     10.0000,      1.4019,     42.6243,    248.9757,     62.6582,      3.4953,      0.0000,     -0.0315,      0.3362,      0.1392,      5.5915,     11.1830,      1.2300,     28.3962,     56.7924,      0.0193,      0.0003,      0.0156,      0.2067,   7791.4243,-419094.2500,   -941.4882,    552.0452,  25971.4141,
       1,     168,     360,       7,       1,       3,       1,     10.0000,      1.4019,     42.6243,    248.9757,     62.6582,      3.4953,      0.0000,     -0.0315,      0.3370,      0.1395,      5.5915,     11.1830,      1.2325,     28.3962,     56.7924,      0.0193,      0.0003,      0.0156,      0.2067,   7791.4243,-419084.0938,   -941.4870,    552.0458,  25971.4141,
       1,     168,     360,       8,       1,       3,       1,     10.0000,      1.4019,     42.6243,    248.9757,     62.6582,      3.4953,      0.0012,     -0.0302,      0.3289,      0.1365,      5.5915,     11.1830,      1.2066,     28.3962,     56.7924,      0.0193,      0.0003,      0.0156,      0.2067,   7791.4243,-419084.2812,   -941.4877,    552.0459,  25971.4160,
       1,     168,     360,       9,       1,       3,       1,     10.0000,      1.4019,     42.6243,    248.9757,     62.6582,      3.4953,      0.0665,      0.0350,      1.6350,      0.1396,      5.5915,     11.1830,      1.2337,     28.3962,     56.7924,      0.0193,      0.0003,      0.0756,      0.2067,   7791.4253,-419073.8750,   -941.4849,    552.0466,  25971.4141,
       1,     168,     360,      10,       1,       3,       1,     10.0000,      1.4019,     42.6243,    248.9757,     62.6582,      3.4953,      0.1631,      0.1303,      6.0964,      0.1773,      5.5915,     11.1830,      1.5666,     28.3962,     56.7924,      0.0193,      0.0003,      0.2144,      0.2067,   7791.4243,-420679.9688,   -941.8023,    551.9359,  25971.4141,
       1,     168,     360,      11,       1,       3,       1,     10.0000,      1.4019,     42.6243,    248.9757,     62.6582,      3.4953,      0.1870,      0.1533,      8.6089,      0.2100,      5.5915,     11.1830,      1.8557,     28.3962,     56.7924,      0.0193,      0.0004,      0.2492,      0.2067,   7791.4243,-426303.9062,   -942.8936,    551.5477,  25971.4160,
       1,     168,     360,      12,       1,       3,       1,     10.0000,      1.4019,     42.6243,    248.9757,     62.6582,      3.4953,      0.1869,      0.1531,      8.6223,      0.2104,      5.5915,     11.1830,      1.8594,     28.3962,     56.7924,      0.0193,      0.0004,      0.2490,      0.2067,   7791.4253,-429872.0312,   -943.4747,    551.3019,  25971.4160,
       1,     168,     360,      13,       1,       3,       1,     10.0000,      1.4019,     42.6243,    248.9757,     62.6582,      3.4953,      0.1875,      0.1533,      9.4105,      0.2263,      5.5915,     11.1830,      1.9995,     28.3962,     56.7924,      0.0193,      0.0005,      0.2500,      0.2067,   7791.4253,-430191.2500,   -943.3964,    551.2800,  25971.4141,
       1,     168,     360,      14,       1,       3,       1,     10.0000,      1.4019,     42.6243,    248.9757,     62.6582,      3.4953,      0.1826,      0.1487,      9.8074,      0.2144,      5.5915,     11.1830,      1.8944,     28.3962,     56.7924,      0.0193,      0.0005,      0.2426,      0.2067,   7791.4243,-431188.0938,   -943.3860,    551.2112,  25971.4121,
       1,     168,     360,      15,       1,       3,       1,     10.0000,      1.4019,     42.6243,    248.9757,     62.6582,      3.4953,      0.0923,      0.0605,     13.5019,      0.1467,      5.5915,     11.1830,      1.2963,     28.3962,     56.7924,      0.0193,      0.0015,      0.1112,      0.2067,   7791.4238,-431761.2188,   -944.5473,    551.1718,  25971.4141,
       1,     168,     360,      16,       1,       3,       1,     10.0000,      1.4019,     42.6243,    248.9757,     62.6582,      3.4953,      0.1106,      0.0791,     33.5808,      0.1395,      5.5915,     11.1830,      1.2325,     28.3962,     56.7924,      0.0193,      0.0030,      0.1355,      0.2067,   7791.4243,-436354.6562,   -913.5071,    550.8553,  25971.4082,
       1,     168,     360,      17,       1,       3,       1,     10.0000,      1.4019,     42.6243,    248.9757,     62.6582,      3.4953,      0.1650,      0.1326,     66.9749,      0.1675,      5.5915,     11.1830,      1.4800,     28.3962,     56.7924,      0.0193,      0.0039,      0.2102,      0.2066,   7791.4229,-461448.6562,   -918.6625,    549.1275,  25971.4336,
       1,     168,     360,      18,       1,       3,       1,     10.0000,      1.4019,     42.6243,    248.9757,     62.6582,      3.4953,      0.1335,      0.1009,     64.7685,      0.1707,      5.5915,     11.1830,      1.5084,     28.3962,     56.7924,      0.0193,      0.0048,      0.1647,      0.2066,   7791.4302,-504680.7500,   -928.3148,    546.1627,  25971.4336,
       1,     168,     360,      19,       1,       3,       1,     10.0000,      1.4019,     42.6243,    248.9757,     62.6582,      3.4953,      0.0661,      0.0341,     20.2823,      0.1526,      5.5915,     11.1830,      1.3483,     28.3962,     56.7924,      0.0193,      0.0034,      0.0725,      0.2066,   7791.4302,-505642.4688,   -929.9270,    546.1051,  25971.4355,
       1,     168,     360,      20,       1,       3,       1,     10.0000,      1.4019,     42.6243,    248.9757,     62.6582,      3.4953,      0.0043,     -0.0274,      1.1372,      0.1449,      5.5915,     11.1830,      1.2807,     28.3962,     56.7924,      0.0193,      0.0009,      0.0156,      0.2066,   7791.4312,-450923.8438,   -920.6956,    549.8403,  25971.4336,
       1,     168,     360,      21,       1,       3,       1,     10.0000,      1.4019,     42.6243,    248.9757,     62.6582,      3.4953,      0.0000,     -0.0316,      0.5616,      0.1416,      5.5915,     11.1830,      1.2513,     28.3962,     56.7924,      0.0193,      0.0004,      0.0156,      0.2066,   7791.4302,-422775.3438,   -915.6662,    551.7878,  25971.4355,
       1,     168,     360,      22,       1,       3,       1,     10.0000,      1.4019,     42.6243,    248.9757,     62.6582,      3.4953,      0.0000,     -0.0315,      1.4259,      0.1402,      5.5915,     11.1830,      1.2387,     28.3962,     56.7924,      0.0193,      0.0011,      0.0156,      0.2067,   7791.4312,-419675.3750,   -915.1259,    552.0051,  25971.4336,
       1,     168,     360,      23,       1,       3,       1,     10.0000,      1.4019,     42.6243,    248.9757,     62.6582,      3.4953,      0.0000,     -0.0315,      1.5867,      0.1392,      5.5915,     11.1830,      1.2300,     28.3962,     56.7924,      0.0193,      0.0012,      0.0156,      0.2067,   7791.4302,-420471.4688,   -915.3869,    551.9501,  25971.4336,
       1,     168,     360,      24,       1,       3,       1,     10.0000,      1.4019,     42.6243,    248.9757,     62.6582,      3.4953,      0.0000,     -0.0315,      1.1113,      0.1406,      5.5915,     11.1830,      1.2425,     28.3962,     56.7924,      0.0193,      0.0009,      0.0156,      0.2067,   7791.4302,-420736.8438,   -915.5706,    551.9318,  25971.4336,
       1,     168,     361,       1,       1,       3,       1,     10.0000,      1.4019,     42.6247,    248.9815,     62.6596,      3.4953,      0.0000,     -0.0316,      0.7829,      0.1416,      5.5913,     11.1826,      1.2514,     28.3950,     56.7900,      0.0193,      0.0006,      0.0156,      0.2067,   7791.4302,-420327.7500,   -915.8378,    551.9729,  25972.5820,
       1,     168,     361,       2,       1,       3,       1,     10.0000,      1.4019,     42.6247,    248.9815,     62.6596,      3.4953,      0.0000,     -0.0316,      0.9041,      0.1422,      5.5913,     11.1826,      1.2564,     28.3950,     56.7900,      0.0193,      0.0007,      0.0156,      0.2067,   7791.7749,-419738.3125,   -915.5248,    552.0136,  25972.5801,
       1,     168,     361,       3,       1,       3,       1,     10.0000,      1.4019,     42.6247,    248.9815,     62.6596,      3.4953,      0.0000,     -0.0316,      0.8842,      0.1423,      5.5913,     11.1826,      1.2577,     28.3950,     56.7900,      0.0193,      0.0007,      0.0156,      0.2067,   7791.7744,-419837.7812,   -915.6052,    552.0067,  25972.5801,
       1,     168,     361,       4,       1,       3,       1,     10.0000,      1.4019,     42.6247,    248.9815,     62.6596,      3.4953,      0.0000,     -0.0316,      0.5808,      0.1426,      5.5913,     11.1826,      1.2602,     28.3950,     56.7900,      0.0193,      0.0005,      0.0156,      0.2067,   7791.7744,-419821.7188,   -915.6589,    552.0078,  25972.5801,
       1,     168,     361,       5,       1,       3,       1,     10.0000,      1.4019,     42.6247,    248.9815,     62.6596,      3.4953,      0.0000,     -0.0316,      0.5415,      0.1439,      5.5913,     11.1826,      1.2717,     28.3950,     56.7900,      0.0193,      0.0004,      0.0156,      0.2067,   7791.7744,-419447.3125,   -915.6146,    552.0336,  25972.5801,
       1,     168,     361,       6,       1,       3,       1,     10.0000,      1.4019,     42.6247,    248.9815,     62.6596,      3.4953,      0.0000,     -0.0316,      0.4664,      0.1432,      5.5913,     11.1826,      1.2653,     28.3950,     56.7900,      0.0193,      0.0004,      0.0156,      0.2067,   7791.7744,-419367.1562,   -913.0818,    552.0392,  25972.5820,
       1,     168,     361,       7,       1,       3,       1,     10.0000,      1.4019,     42.6247,    248.9815,     62.6596,      3.4953,      0.0000,     -0.0314,      0.3289,      0.1365,      5.5913,     11.1826,      1.2066,     28.3950,     56.7900,      0.0193,      0.0003,      0.0156,      0.2067,   7791.7749,-419267.6250,   -913.0765,    552.0460,  25972.5801,
       1,     168,     361,       8,       1,       3,       1,     10.0000,      1.4019,     42.6247,    248.9815,     62.6596,      3.4953,      0.0023,     -0.0290,      0.3206,      0.1335,      5.5913,     11.1826,      1.1800,     28.3950,     56.7900,      0.0193,      0.0003,      0.0156,      0.2067,   7791.7744,-419090.4688,   -913.0463,    552.0583,  25972.5781,
       1,     168,     361,       9,       1,       3,       1,     10.0000,      1.4019,     42.6247,    248.9815,     62.6596,      3.4953,      0.0532,      0.0218,      1.2020,      0.1374,      5.5913,     11.1826,      1.2139,     28.3950,     56.7900,      0.0193,      0.0003,      0.0566,      0.2067,   7791.7739,-419065.3438,   -913.0521,    552.0600,  25972.5781,
       1,     168,     361,      10,       1,       3,       1,     10.0000,      1.4019,     42.6247,    248.9815,     62.6596,      3.4953,      0.1441,      0.1118,      4.8179,      0.1627,      5.5913,     11.1826,      1.4378,     28.3950,     56.7900,      0.0193,      0.0003,      0.1870,      0.2067,   7791.7739,-420147.1875,   -913.4346,    551.9854,  25972.5801,
       1,     168,     361,      11,       1,       3,       1,     10.0000,      1.4019,     42.6247,    248.9815,     62.6596,      3.4953,      0.1509,      0.1181,      5.5242,      0.1754,      5.5913,     11.1826,      1.5496,     28.3950,     56.7900,      0.0193,      0.0003,      0.1967,      0.2067,   7791.7744,-424686.0625,   -915.0289,    551.6722,  25972.5801,
       1,     168,     361,      12,       1,       3,       1,     10.0000,      1.4019,     42.6247,    248.9815,     62.6596,      3.4953,      0.1841,      0.1509,      9.1555,      0.1880,      5.5913,     11.1826,      1.6613,     28.3950,     56.7900,      0.0193,      0.0005,      0.2446,      0.2067,   7791.7744,-425940.2188,   -915.9423,    551.5858,  25972.5801,
       1,     168,     361,      13,       1,       3,       1,     10.0000,      1.4019,     42.6247,    248.9815,     62.6596,      3.4953,      0.1876,      0.1542,      8.2241,      0.1991,      5.5913,     11.1826,      1.7595,     28.3950,     56.7900,      0.0193,      0.0004,      0.2500,      0.2067,   7791.7744,-430512.9688,   -917.5462,    551.2705,  25972.5801,
       1,     168,     361,      14,       1,       3,       1,     10.0000,      1.4019,     42.6247,    248.9815,     62.6596,      3.4953,      0.1587,      0.1253,      8.1560,      0.1958,      5.5913,     11.1826,      1.7302,     28.3950,     56.7900,      0.0193,      0.0005,      0.2078,      0.2067,   7791.7744,-429755.4688,   -918.3973,    551.3228,  25972.5801,
       1,     168,     361,      15,       1,       3,       1,     10.0000,      1.4019,     42.6247,    248.9815,     62.6596,      3.4953,      0.1211,      0.0879,     25.0004,      0.1891,      5.5913,     11.1826,      1.6712,     28.3950,     56.7900,      0.0193,      0.0020,      0.1510,      0.2067,   7791.7744,-429607.2812,   -918.8426,    551.3330,  25972.5801,
       1,     168,     361,      16,       1,       3,       1,     10.0000,      1.4019,     42.6247,    248.9815,     62.6596,      3.4953,      0.1204,      0.0875,     29.1176,      0.1809,      5.5913,     11.1826,      1.5982,     28.3950,     56.7900,      0.0193,      0.0024,      0.1496,      0.2067,   7791.7744,-450314.2812,   -923.1932,    549.9059,  25972.5820,
       1,     168,     361,      17,       1,       3,       1,     10.0000,      1.4019,     42.6247,    248.9815,     62.6596,      3.4953,      0.0992,      0.0664,     28.8362,      0.1768,      5.5913,     11.1826,      1.5620,     28.3950,     56.7900,      0.0193,      0.0030,      0.1190,      0.2067,   7791.7749,-457140.7812,   -925.0281,    549.4385,  25972.5801,
       1,     168,     361,      18,       1,       3,       1,     10.0000,      1.4019,     42.6247,    248.9815,     62.6596,      3.4953,      0.1041,      0.0713,     34.2497,      0.1777,      5.5913,     11.1826,      1.5698,     28.3950,     56.7900,      0.0193,      0.0033,      0.1255,      0.2067,   7791.7744,-457371.2500,   -925.6514,    549.4229,  25972.5801,
       1,     168,     361,      19,       1,       3,       1,     10.0000,      1.4019,     42.6247,    248.9815,     62.6596,      3.4953,      0.0525,      0.0201,     15.2842,      0.1648,      5.5913,     11.1826,      1.4566,     28.3950,     56.7900,      0.0193,      0.0035,      0.0531,      0.2067,   7791.7744,-464052.2500,   -927.5260,    548.9641,  25972.5781,
       1,     168,     361,      20,       1,       3,       1,     10.0000,      1.4019,     42.6247,    248.9815,     62.6596,      3.4953,      0.0028,     -0.0291,      3.7690,      0.1489,      5.5913,     11.1826,      1.3161,     28.3950,     56.7900,      0.0193,      0.0030,      0.0156,      0.2066,   7791.7739,-441278.0938,   -923.7332,    550.5270,  25972.5781,
       1,     168,     361,      21,       1,       3,       1,     10.0000,      1.4019,     42.6247,    248.9815,     62.6596,      3.4953,      0.0000,     -0.0319,      4.5709,      0.1515,      5.5913,     11.1826,      1.3388,     28.3950,     56.7900,      0.0193,      0.0036,      0.0156,      0.2067,   7791.7739,-425189.0625,   -920.9489,    551.6365,  25972.5781,
       1,     168,     361,      22,       1,       3,       1,     10.0000,      1.4019,     42.6247,    248.9815,     62.6596,      3.4953,      0.0000,     -0.0321,      3.5839,      0.1557,      5.5913,     11.1826,      1.3757,     28.3950,     56.7900,      0.0193,      0.0028,      0.0156,      0.2067,   7791.7739,-424811.7500,   -921.0944,    551.6636,  25972.5801,
       1,     168,     361,      23,       1,       3,       1,     10.0000,      1.4019,     42.6247,    248.9815,     62.6596,      3.4953,      0.0000,     -0.0320,      3.1458,      0.1551,      5.5913,     11.1826,      1.3702,     28.3950,     56.7900,      0.0193,      0.0025,      0.0156,      0.2067,   7791.7744,-423564.2188,   -921.0657,    551.7496,  25972.5781,
       1,     168,     361,      24,       1,       3,       1,     10.0000,      1.4019,     42.6247,    248.9815,     62.6596,      3.4953,      0.0000,     -0.0322,      3.1297,      0.1608,      5.5913,     11.1826,      1.4206,     28.3950,     56.7900,      0.0193,      0.0025,      0.0156,      0.2067,   7791.7739,-422919.6562,   -921.1232,    551.7940,  25972.5820,
       1,     168,     362,       1,       1,       3,       1,     10.0000,      1.4019,     42.6250,    248.9873,     62.6611,      3.4953,      0.0000,     -0.0319,      1.7128,      0.1520,      5.5925,     11.1850,      1.3429,     28.3898,     56.7795,      0.0193,      0.0013,      0.0156,      0.2067,   7791.7749,-422997.8438,   -921.5925,    551.8015,  25973.7266,
       1,     168,     362,       2,       1,       3,       1,     10.0000,      1.4019,     42.6250,    248.9873,     62.6611,      3.4953,      0.0000,     -0.0319,      2.3299,      0.1497,      5.5925,     11.1850,      1.3228,     28.3898,     56.7795,      0.0193,      0.0018,      0.0156,      0.2067,   7792.1182,-421111.6562,   -921.0706,    551.9316,  25973.7266,
       1,     168,     362,       3,       1,       3,       1,     10.0000,      1.4019,     42.6250,    248.9873,     62.6611,      3.4953,      0.0000,     -0.0318,      2.5606,      0.1485,      5.5925,     11.1850,      1.3122,     28.3898,     56.7795,      0.0193,      0.0020,      0.0156,      0.2067,   7792.1182,-421710.4688,   -921.3148,    551.8903,  25973.7285,
       1,     168,     362,       4,       1,       3,       1,     10.0000,      1.4019,     42.6250,    248.9873,     62.6611,      3.4953,      0.0000,     -0.0315,      2.0235,      0.1406,      5.5925,     11.1850,      1.2426,     28.3898,     56.7795,      0.0193,      0.0016,      0.0156,      0.2067,   7792.1187,-422044.7188,   -921.5167,    551.8673,  25973.7246,
       1,     168,     362,       5,       1,       3,       1,     10.0000,      1.4019,     42.6250,    248.9873,     62.6611,      3.4953,      0.0000,     -0.0316,      2.6021,      0.1425,      5.5925,     11.1850,      1.2590,     28.3898,     56.7795,      0.0193,      0.0020,      0.0156,      0.2067,   7792.1177,-421413.0312,   -921.4916,    551.9109,  25973.7266,
       1,     168,     362,       6,       1,       3,       1,     10.0000,      1.4019,     42.6250,    248.9873,     62.6611,      3.4953,      0.0000,     -0.0314,      2.0094,      0.1374,      5.5925,     11.1850,      1.2140,     28.3898,     56.7795,      0.0193,      0.0016,      0.0156,      0.2067,   7792.1182,-422070.7500,   -921.7518,    551.8655,  25973.7266,
       1,     168,     362,       7,       1,       3,       1,     10.0000,      1.4019,     42.6250,    248.9873,     62.6611,      3.4953,      0.0000,     -0.0313,      2.1212,      0.1334,      5.5925,     11.1850,      1.1788,     28.3898,     56.7795,      0.0193,      0.0017,      0.0156,      0.2067,   7792.1182,-421397.6875,   -921.7076,    551.9119,  25973.7266,
       1,     168,     362,       8,       1,       3,       1,     10.0000,      1.4019,     42.6250,    248.9873,     62.6611,      3.4953,      0.0006,     -0.0309,      2.4293,      0.1405,      5.5925,     11.1850,      1.2413,     28.3898,     56.7795,      0.0193,      0.0019,      0.0156,      0.2067,   7792.1182,-421478.1562,   -921.7975,    551.9064,  25973.7266,
       1,     168,     362,       9,       1,       3,       1,     10.0000,      1.4019,     42.6250,    248.9873,     62.6611,      3.4953,      0.0411,      0.0094,      4.8667,      0.1452,      5.5925,     11.1850,      1.2834,     28.3898,     56.7795,      0.0193,      0.0015,      0.0385,      0.2067,   7792.1182,-421863.8125,   -921.9786,    551.8798,  25973.7246,
       1,     168,     362,      10,       1,       3,       1,     10.0000,      1.4019,     42.6250,    248.9873,     62.6611,      3.4953,      0.1469,      0.1147,     31.5187,      0.1595,      5.5925,     11.1850,      1.4092,     28.3898,     56.7795,      0.0193,      0.0021,      0.1879,      0.2067,   7792.1177,-424894.1562,   -922.6844,    551.6707,  25973.7266,
       1,     168,     362,      11,       1,       3,       1,     10.0000,      1.4019,     42.6250,    248.9873,     62.6611,      3.4953,      0.1812,      0.1480,     38.9819,      0.1888,      5.5925,     11.1850,      1.6679,     28.3898,     56.7795,      0.0193,      0.0020,      0.2370,      0.2067,   7792.1182,-457928.8750,   -929.3316,    549.3927,  25973.7246,
       1,     168,     362,      12,       1,       3,       1,     10.0000,      1.4019,     42.6250,    248.9873,     62.6611,      3.4953,      0.1894,      0.1558,     31.3374,      0.2053,      5.5925,     11.1850,      1.8142,     28.3898,     56.7795,      0.0193,      0.0015,      0.2500,      0.2067,   7792.1177,-469925.7812,   -932.2029,    548.5735,  25973.7285,
       1,     168,     362,      13,       1,       3,       1,     10.0000,      1.4019,     42.6250,    248.9873,     62.6611,      3.4953,      0.1887,      0.1552,     34.8366,      0.2005,      5.5925,     11.1850,      1.7717,     28.3898,     56.7795,      0.0193,      0.0017,      0.2485,      0.2067,   7792.1187,-461529.1250,   -931.1981,    549.1499,  25973.7266,
       1,     168,     362,      14,       1,       3,       1,     10.0000,      1.4019,     42.6250,    248.9873,     62.6611,      3.4953,      0.1900,      0.1561,     40.3348,      0.2155,      5.5925,     11.1850,      1.9039,     28.3898,     56.7795,      0.0193,      0.0020,      0.2500,      0.2067,   7792.1182,-465124.7812,   -932.3797,    548.9034,  25973.7285,
       1,     168,     362,      15,       1,       3,       1,     10.0000,      1.4019,     42.6250,    248.9873,     62.6611,      3.4953,      0.1913,      0.1572,     56.8827,      0.2223,      5.5925,     11.1850,      1.9646,     28.3898,     56.7795,      0.0193,      0.0028,      0.2500,      0.2067,   7792.1187,-472194.4688,   -934.2786,    548.4184,  25973.7266,
       1,     168,     362,      16,       1,       3,       1,     10.0000,      1.4019,     42.6250,    248.9873,     62.6611,      3.4953,      0.1889,      0.1549,     96.3494,      0.2180,      5.5925,     11.1850,      1.9264,     28.3898,     56.7795,      0.0193,      0.0049,      0.2420,      0.2067,   7792.1182,-493158.8750,   -938.8814,    546.9814,  25973.7266,
       1,     168,     362,      17,       1,       3,       1,     10.0000,      1.4019,     42.6250,    248.9873,     62.6611,      3.4953,      0.1718,      0.1382,    105.8806,      0.2011,      5.5925,     11.1850,      1.7770,     28.3898,     56.7795,      0.0193,      0.0060,      0.2157,      0.2066,   7792.1182,-543524.5625,   -949.2850,    543.5397,  25973.7246,
       1,     168,     362,      18,       1,       3,       1,     10.0000,      1.4019,     42.6250,    248.9873,     62.6611,      3.4953,      0.1358,      0.1028,     81.4328,      0.1847,      5.5925,     11.1850,      1.6319,     28.3898,     56.7795,      0.0193,      0.0060,      0.1661,      0.2066,   7792.1177,-559556.3125,   -953.1342,    542.4612,  25973.7246,
       1,     168,     362,      19,       1,       3,       1,     10.0000,      1.4019,     42.6250,    248.9873,     62.6611,      3.4953,      0.0722,      0.0396,     43.4582,      0.1705,      5.5925,     11.1850,      1.5070,     28.3898,     56.7795,      0.0193,      0.0068,      0.0783,      0.2066,   7792.1177,-530771.0625,   -948.2029,    544.4141,  25973.7246,
       1,     168,     362,      20,       1,       3,       1,     10.0000,      1.4019,     42.6250,    248.9873,     62.6611,      3.4953,      0.0046,     -0.0277,      8.5933,      0.1626,      5.5925,     11.1850,      1.4363,     28.3898,     56.7795,      0.0193,      0.0067,      0.0156,      0.2066,   7792.1177,-481572.4375,   -939.0708,    547.7657,  25973.7266,
       1,     168,     362,      21,       1,       3,       1,     10.0000,      1.4019,     42.6250,    248.9873,     62.6611,      3.4953,      0.0000,     -0.0322,      8.0631,      0.1595,      5.5925,     11.1850,      1.4092,     28.3898,     56.7795,      0.0193,      0.0063,      0.0156,      0.2067,   7792.1182,-434529.3438,   -930.0851,    550.9971,  25973.7246,
       1,     168,     362,      22,       1,       3,       1,     10.0000,      1.4019,     42.6250,    248.9873,     62.6611,      3.4953,      0.0000,     -0.0322,      7.7474,      0.1585,      5.5925,     11.1850,      1.4008,     28.3898,     56.7795,      0.0193,      0.0061,      0.0156,      0.2067,   7792.1177,-429911.2500,   -929.2435,    551.3248,  25973.7246,
       1,     168,     362,      23,       1,       3,       1,     10.0000,      1.4019,     42.6250,    248.9873,     62.6611,      3.4953,      0.0000,     -0.0322,      6.9061,      0.1600,      5.5925,     11.1850,      1.4135,     28.3898,     56.7795,      0.0193,      0.0054,      0.0156,      0.2067,   7792.1177,-429119.7812,   -929.1237,    551.3794,  25973.7246,
       1,     168,     362,      24,       1,       3,       1,     10.0000,      1.4019,     42.6250,    248.9873,     62.6611,      3.4953,      0.0000,     -0.0322,      4.9930,      0.1609,      5.5925,     11.1850,      1.4220,     28.3898,     56.7795,      0.0193,      0.0039,      0.0156,      0.2067,   7792.1177,-428018.0312,   -928.9296,    551.4554,  25973.7246,
       1,     168,     363,       1,       1,       3,       1,     10.0000,      1.4019,     42.6253,    248.9931,     62.6625,      3.4953,      0.0000,     -0.0323,      4.3886,      0.1614,      5.5920,     11.1840,      1.4263,     28.3922,     56.7844,      0.0193,      0.0034,      0.0156,      0.2067,   7792.1177,-425724.2500,   -928.7688,    551.6264,  25974.8711,
       1,     168,     363,       2,       1,       3,       1,     10.0000,      1.4019,     42.6253,    248.9931,     62.6625,      3.4953,      0.0000,     -0.0322,      3.8106,      0.1600,      5.5920,     11.1840,      1.4135,     28.3922,     56.7844,      0.0193,      0.0030,      0.0156,      0.2067,   7792.4614,-424636.0000,   -928.2906,    551.7014,  25974.8711,
       1,     168,     363,       3,       1,       3,       1,     10.0000,      1.4019,     42.6253,    248.9931,     62.6625,      3.4953,      0.0000,     -0.0321,      3.3751,      0.1555,      5.5920,     11.1840,      1.3744,     28.3922,     56.7844,      0.0193,      0.0026,      0.0156,      0.2067,   7792.4614,-423833.0000,   -928.1356,    551.7568,  25974.8711,
       1,     168,     363,       4,       1,       3,       1,     10.0000,      1.4019,     42.6253,    248.9931,     62.6625,      3.4953,      0.0000,     -0.0314,      2.8966,      0.1379,      5.5920,     11.1840,      1.2189,     28.3922,     56.7844,      0.0193,      0.0023,      0.0156,      0.2067,   7792.4614,-423229.3438,   -928.0179,    551.7984,  25974.8711,
       1,     168,     363,       5,       1,       3,       1,     10.0000,      1.4019,     42.6253,    248.9931,     62.6625,      3.4953,      0.0000,     -0.0314,      2.7330,      0.1382,      5.5920,     11.1840,      1.2214,     28.3922,     56.7844,      0.0193,      0.0021,      0.0156,      0.2067,   7792.4614,-422589.8750,   -927.8911,    551.8426,  25974.8711,
       1,     168,     363,       6,       1,       3,       1,     10.0000,      1.4019,     42.6253,    248.9931,     62.6625,      3.4953,      0.0000,     -0.0314,      2.4956,      0.1372,      5.5920,     11.1840,      1.2128,     28.3922,     56.7844,      0.0193,      0.0020,      0.0156,      0.2067,   7792.4614,-422334.4062,   -927.8392,    551.8602,  25974.8711,
       1,     168,     363,       7,       1,       3,       1,     10.0000,      1.4019,     42.6253,    248.9931,     62.6625,      3.4953,      0.0000,     -0.0314,      2.3929,      0.1371,      5.5920,     11.1840,      1.2115,     28.3922,     56.7844,      0.0193,      0.0019,      0.0156,      0.2067,   7792.4614,-422020.6875,   -927.7761,    551.8818,  25974.8691,
       1,     168,     363,       8,       1,       3,       1,     10.0000,      1.4019,     42.6253,    248.9931,     62.6625,      3.4953,      0.0014,     -0.0300,      1.8516,      0.1381,      5.5920,     11.1840,      1.2202,     28.3922,     56.7844,      0.0193,      0.0015,      0.0156,      0.2067,   7792.4609,-421868.0938,   -927.7439,    551.8924,  25974.8711,
       1,     168,     363,       9,       1,       3,       1,     10.0000,      1.4019,     42.6253,    248.9931,     62.6625,      3.4953,      0.0846,      0.0529,      6.3477,      0.1452,      5.5920,     11.1840,      1.2834,     28.3922,     56.7844,      0.0193,      0.0008,      0.1011,      0.2067,   7792.4614,-421189.2812,   -927.6092,    551.9392,  25974.8711,
       1,     168,     363,      10,       1,       3,       1,     10.0000,      1.4019,     42.6253,    248.9931,     62.6625,      3.4953,      0.1640,      0.1312,     16.4495,      0.1749,      5.5920,     11.1840,      1.5451,     28.3922,     56.7844,      0.0193,      0.0009,      0.2144,      0.2067,   7792.4614,-426660.2812,   -928.6907,    551.5617,  25974.8730,
       1,     168,     363,      11,       1,       3,       1,     10.0000,      1.4019,     42.6253,    248.9931,     62.6625,      3.4953,      0.1861,      0.1524,     19.4469,      0.2063,      5.5920,     11.1840,      1.8232,     28.3922,     56.7844,      0.0193,      0.0010,      0.2465,      0.2067,   7792.4624,-439546.8438,   -931.2279,    550.6734,  25974.8711,
       1,     168,     363,      12,       1,       3,       1,     10.0000,      1.4019,     42.6253,    248.9931,     62.6625,      3.4953,      0.1885,      0.1544,     20.9235,      0.2208,      5.5920,     11.1840,      1.9512,     28.3922,     56.7844,      0.0193,      0.0010,      0.2500,      0.2067,   7792.4614,-444328.4062,   -932.1452,    550.3450,  25974.8730,
       1,     168,     363,      13,       1,       3,       1,     10.0000,      1.4019,     42.6253,    248.9931,     62.6625,      3.4953,      0.1890,      0.1548,     27.6323,      0.2261,      5.5920,     11.1840,      1.9977,     28.3922,     56.7844,      0.0193,      0.0014,      0.2500,      0.2067,   7792.4624,-446548.8750,   -932.5330,    550.1924,  25974.8711,
       1,     168,     363,      14,       1,       3,       1,     10.0000,      1.4019,     42.6253,    248.9931,     62.6625,      3.4953,      0.1899,      0.1556,     38.7015,      0.2261,      5.5920,     11.1840,      1.9977,     28.3922,     56.7844,      0.0193,      0.0019,      0.2500,      0.2067,   7792.4614,-454989.5000,   -934.1616,    549.6119,  25974.8730,
       1,     168,     363,      15,       1,       3,       1,     10.0000,      1.4019,     42.6253,    248.9931,     62.6625,      3.4953,      0.1929,      0.1589,     77.3624,      0.2191,      5.5920,     11.1840,      1.9360,     28.3922,     56.7844,      0.0193,      0.0038,      0.2500,      0.2067,   7792.4624,-469322.5938,   -936.9882,    548.6274,  25974.8730,
       1,     168,     363,      16,       1,       3,       1,     10.0000,      1.4019,     42.6253,    248.9931,     62.6625,      3.4953,      0.1955,      0.1616,    117.8275,      0.2136,      5.5920,     11.1840,      1.8871,     28.3922,     56.7844,      0.0193,      0.0058,      0.2490,      0.2067,   7792.4624,-518110.2812,   -946.7690,    545.2826,  25974.8691,
       1,     168,     363,      17,       1,       3,       1,     10.0000,      1.4019,     42.6253,    248.9931,     62.6625,      3.4953,      0.1871,      0.1534,    127.2112,      0.2071,      5.5920,     11.1840,      1.8304,     28.3922,     56.7844,      0.0193,      0.0066,      0.2357,      0.2066,   7792.4609,-572096.2500,   -957.7833,    541.6131,  25974.8691,
       1,     168,     363,      18,       1,       3,       1,     10.0000,      1.4019,     42.6253,    248.9931,     62.6625,      3.4953,      0.1637,      0.1303,    107.5982,      0.1970,      5.5920,     11.1840,      1.7405,     28.3922,     56.7844,      0.0193,      0.0065,      0.2037,      0.2066,   7792.4609,-588250.2500,   -961.4705,    540.5317,  25974.8711,
       1,     168,     363,      19,       1,       3,       1,     10.0000,      1.4019,     42.6253,    248.9931,     62.6625,      3.4953,      0.1014,      0.0685,     56.9329,      0.1836,      5.5920,     11.1840,      1.6223,     28.3922,     56.7844,      0.0193,      0.0059,      0.1189,      0.2065,   7792.4614,-565423.0000,   -957.4223,    542.0751,  25974.8691,
       1,     168,     363,      20,       1,       3,       1,     10.0000,      1.4019,     42.6253,    248.9931,     62.6625,      3.4953,      0.0066,     -0.0260,      6.9707,      0.1705,      5.5920,     11.1840,      1.5070,     28.3922,     56.7844,      0.0193,      0.0055,      0.0156,      0.2066,   7792.4609,-501062.0312,   -944.9088,    546.4384,  25974.8691,
       1,     168,     363,      21,       1,       3,       1,     10.0000,      1.4019,     42.6253,    248.9931,     62.6625,      3.4953,      0.0000,     -0.0322,      6.0715,      0.1587,      5.5920,     11.1840,      1.4022,     28.3922,     56.7844,      0.0193,      0.0048,      0.0156,      0.2067,   7792.4609,-434172.9375,   -931.5908,    551.0248,  25974.8691,
       1,     168,     363,      22,       1,       3,       1,     10.0000,      1.4019,     42.6253,    248.9931,     62.6625,      3.4953,      0.0000,     -0.0319,      5.7233,      0.1517,      5.5920,     11.1840,      1.3402,     28.3922,     56.7844,      0.0193,      0.0045,      0.0156,      0.2067,   7792.4609,-427445.4688,   -930.1859,    551.5075,  25974.8711,
       1,     168,     363,      23,       1,       3,       1,     10.0000,      1.4019,     42.6253,    248.9931,     62.6625,      3.4953,      0.0000,     -0.0319,      4.8529,      0.1508,      5.5920,     11.1840,      1.3322,     28.3922,     56.7844,      0.0193,      0.0038,      0.0156,      0.2067,   7792.4614,-426423.5938,   -929.9174,    551.5782,  25974.8691,
       1,     168,     363,      24,       1,       3,       1,     10.0000,      1.4019,     42.6253,    248.9931,     62.6625,      3.4953,      0.0000,     -0.0317,      3.8349,      0.1444,      5.5920,     11.1840,      1.2757,     28.3922,     56.7844,      0.0193,      0.0030,      0.0156,      0.2067,   7792.4609,-425266.5312,   -929.6329,    551.6580,  25974.8672,
       1,     168,     364,       1,       1,       3,       1,     10.0000,      1.4020,     42.6257,    248.9989,     62.6640,      3.4953,      0.0000,     -0.0317,      3.1046,      0.1448,      5.5916,     11.1832,      1.2796,     28.3983,     56.7966,      0.0193,      0.0024,      0.0156,      0.2068,   7792.4604,-424069.3750,   -929.6338,    551.7533,  25976.0156,
       1,     168,     364,       2,       1,       3,       1,     10.0000,      1.4020,     42.6257,    248.9989,     62.6640,      3.4953,      0.0000,     -0.0319,      2.8291,      0.1514,      5.5916,     11.1832,      1.3376,     28.3983,     56.7966,      0.0193,      0.0022,      0.0156,      0.2068,   7792.8052,-422919.5312,   -929.0911,    551.8326,  25976.0156,
       1,     168,     364,       3,       1,       3,       1,     10.0000,      1.4020,     42.6257,    248.9989,     62.6640,      3.4953,      0.0000,     -0.0319,      2.3924,      0.1511,      5.5916,     11.1832,      1.3349,     28.3983,     56.7966,      0.0193,      0.0019,      0.0156,      0.2068,   7792.8052,-422483.2500,   -928.9729,    551.8627,  25976.0137,
       1,     168,     364,       4,       1,       3,       1,     10.0000,      1.4020,     42.6257,    248.9989,     62.6640,      3.4953,      0.0000,     -0.0318,      2.4924,      0.1493,      5.5916,     11.1832,      1.3189,     28.3983,     56.7966,      0.0193,      0.0020,      0.0156,      0.2068,   7792.8042,-421909.5000,   -928.8334,    551.9022,  25976.0156,
       1,     168,     364,       5,       1,       3,       1,     10.0000,      1.4020,     42.6257,    248.9989,     62.6640,      3.4953,      0.0000,     -0.0318,      2.1612,      0.1485,      5.5916,     11.1832,      1.3122,     28.3983,     56.7966,      0.0193,      0.0017,      0.0156,      0.2068,   7792.8052,-421983.6562,   -928.8215,    551.8971,  25976.0176,
       1,     168,     364,       6,       1,       3,       1,     10.0000,      1.4020,     42.6257,    248.9989,     62.6640,      3.4953,      0.0000,     -0.0316,      2.1203,      0.1434,      5.5916,     11.1832,      1.2667,     28.3983,     56.7966,      0.0193,      0.0017,      0.0156,      0.2068,   7792.8057,-421582.4375,   -928.7183,    551.9248,  25976.0176,
       1,     168,     364,       7,       1,       3,       1,     10.0000,      1.4020,     42.6257,    248.9989,     62.6640,      3.4953,      0.0000,     -0.0313,      2.9951,      0.1342,      5.5916,     11.1832,      1.1861,     28.3983,     56.7966,      0.0193,      0.0024,      0.0156,      0.2068,   7792.8057,-421498.0000,   -928.6802,    551.9306,  25976.0156,
       1,     168,     364,       8,       1,       3,       1,     10.0000,      1.4020,     42.6257,    248.9989,     62.6640,      3.4953,      0.0021,     -0.0292,      3.1129,      0.1348,      5.5916,     11.1832,      1.1909,     28.3983,     56.7966,      0.0193,      0.0024,      0.0156,      0.2068,   7792.8052,-422566.7500,   -928.8625,    551.8569,  25976.0137,
       1,     168,     364,       9,       1,       3,       1,     10.0000,      1.4020,     42.6257,    248.9989,     62.6640,      3.4953,      0.0860,      0.0545,     18.8943,      0.1418,      5.5916,     11.1832,      1.2527,     28.3983,     56.7966,      0.0193,      0.0023,      0.1017,      0.2068,   7792.8042,-422802.5312,   -928.8742,    551.8406,  25976.0156,
       1,     168,     364,      10,       1,       3,       1,     10.0000,      1.4020,     42.6257,    248.9989,     62.6640,      3.4953,      0.1656,      0.1332,     41.1801,      0.1657,      5.5916,     11.1832,      1.4640,     28.3983,     56.7966,      0.0193,      0.0024,      0.2139,      0.2068,   7792.8052,-442225.7188,   -932.7684,    550.5009,  25976.0156,
       1,     168,     364,      11,       1,       3,       1,     10.0000,      1.4020,     42.6257,    248.9989,     62.6640,      3.4953,      0.1849,      0.1519,     42.1867,      0.1834,      5.5916,     11.1832,      1.6207,     28.3983,     56.7966,      0.0193,      0.0021,      0.2420,      0.2067,   7792.8052,-471285.6250,   -938.6465,    548.5028,  25976.0156,
       1,     168,     364,      12,       1,       3,       1,     10.0000,      1.4020,     42.6257,    248.9989,     62.6640,      3.4953,      0.1890,      0.1558,     25.0681,      0.1912,      5.5916,     11.1832,      1.6897,     28.3983,     56.7966,      0.0193,      0.0012,      0.2500,      0.2067,   7792.8052,-474993.3750,   -939.4700,    548.2521,  25976.0156,
       1,     168,     364,      13,       1,       3,       1,     10.0000,      1.4020,     42.6257,    248.9989,     62.6640,      3.4953,      0.1895,      0.1560,     32.2318,      0.2011,      5.5916,     11.1832,      1.7771,     28.3983,     56.7966,      0.0193,      0.0016,      0.2500,      0.2067,   7792.8052,-454239.1875,   -935.3394,    549.6746,  25976.0137,
       1,     168,     364,      14,       1,       3,       1,     10.0000,      1.4020,     42.6257,    248.9989,     62.6640,      3.4953,      0.1904,      0.1567,     44.1569,      0.2063,      5.5916,     11.1832,      1.8233,     28.3983,     56.7966,      0.0193,      0.0022,      0.2500,      0.2067,   7792.8042,-461300.6562,   -936.7535,    549.1912,  25976.0156,
       1,     168,     364,      15,       1,       3,       1,     10.0000,      1.4020,     42.6257,    248.9989,     62.6640,      3.4953,      0.1925,      0.1589,     70.3274,      0.2031,      5.5916,     11.1832,      1.7947,     28.3983,     56.7966,      0.0193,      0.0034,      0.2500,      0.2067,   7792.8052,-476566.7812,   -939.8307,    548.1434,  25976.0137,
       1,     168,     364,      16,       1,       3,       1,     10.0000,      1.4020,     42.6257,    248.9989,     62.6640,      3.4953,      0.1944,      0.1609,     94.3875,      0.1997,      5.5916,     11.1832,      1.7648,     28.3983,     56.7966,      0.0193,      0.0046,      0.2500,      0.2067,   7792.8042,-510063.8125,   -946.6731,    545.8492,  25976.0117,
       1,     168,     364,      17,       1,       3,       1,     10.0000,      1.4020,     42.6257,    248.9989,     62.6640,      3.4953,      0.1885,      0.1552,     95.8671,      0.1937,      5.5916,     11.1832,      1.7116,     28.3983,     56.7966,      0.0193,      0.0049,      0.2412,      0.2067,   7792.8037,-542530.6875,   -953.4470,    543.6388,  25976.0137,
       1,     168,     364,      18,       1,       3,       1,     10.0000,      1.4020,     42.6257,    248.9989,     62.6640,      3.4953,      0.1652,      0.1321,    100.6086,      0.1849,      5.5916,     11.1832,      1.6336,     28.3983,     56.7966,      0.0193,      0.0060,      0.2066,      0.2066,   7792.8042,-547104.0625,   -954.6966,    543.3325,  25976.0156,
       1,     168,     364,      19,       1,       3,       1,     10.0000,      1.4020,     42.6257,    248.9989,     62.6640,      3.4953,      0.0990,      0.0663,     55.0926,      0.1743,      5.5916,     11.1832,      1.5405,     28.3983,     56.7966,      0.0193,      0.0058,      0.1157,      0.2066,   7792.8052,-553325.6250,   -956.3196,    542.9100,  25976.0156,
       1,     168,     364,      20,       1,       3,       1,     10.0000,      1.4020,     42.6257,    248.9989,     62.6640,      3.4953,      0.0066,     -0.0258,      6.9406,      0.1649,      5.5916,     11.1832,      1.4567,     28.3983,     56.7966,      0.0193,      0.0054,      0.0156,      0.2066,   7792.8052,-497776.2812,   -945.3320,    546.6800,  25976.0137,
       1,     168,     364,      21,       1,       3,       1,     10.0000,      1.4020,     42.6257,    248.9989,     62.6640,      3.4953,      0.0000,     -0.0323,      6.8671,      0.1611,      5.5916,     11.1832,      1.4235,     28.3983,     56.7966,      0.0193,      0.0054,      0.0156,      0.2067,   7792.8042,-433857.6562,   -932.3915,    551.0610,  25976.0117,
       1,     168,     364,      22,       1,       3,       1,     10.0000,      1.4020,     42.6257,    248.9989,     62.6640,      3.4953,      0.0000,     -0.0321,      6.2838,      0.1573,      5.5916,     11.1832,      1.3897,     28.3983,     56.7966,      0.0193,      0.0049,      0.0156,      0.2068,   7792.8037,-428397.5000,   -931.2123,    551.4547,  25976.0117,
       1,     168,     364,      23,       1,       3,       1,     10.0000,      1.4020,     42.6257,    248.9989,     62.6640,      3.4953,      0.0000,     -0.0316,      5.4149,      0.1431,      5.5916,     11.1832,      1.2641,     28.3983,     56.7966,      0.0193,      0.0042,      0.0156,      0.2068,   7792.8037,-427196.0938,   -930.8998,    551.5377,  25976.0117,
       1,     168,     364,      24,       1,       3,       1,     10.0000,      1.4020,     42.6257,    248.9989,     62.6640,      3.4953,      0.0000,     -0.0311,      4.4174,      0.1291,      5.5916,     11.1832,      1.1411,     28.3983,     56.7966,      0.0193,      0.0035,      0.0156,      0.2068,   7792.8037,-426025.7188,   -911.7921,    551.6183,  25976.0195,
       1,     168,     365,       1,       1,       3,       1,     10.0000,      1.4020,     42.6260,    249.0046,     62.6654,      3.4953,      0.0000,     -0.0313,      3.9077,      0.1352,      5.5919,     11.1838,      1.1945,     28.4047,     56.8093,      0.0193,      0.0031,      0.0156,      0.2068,   7792.8062,-424851.3750,   -912.0518,    551.7121,  25977.1621,
       1,     168,     365,       2,       1,       3,       1,     10.0000,      1.4020,     42.6260,    249.0046,     62.6654,      3.4953,      0.0000,     -0.0315,      3.6226,      0.1406,      5.5919,     11.1838,      1.2426,     28.4047,     56.8093,      0.0193,      0.0028,      0.0156,      0.2068,   7793.1489,-423975.1875,   -912.2022,    551.7725,  25977.1621,
       1,     168,     365,       3,       1,       3,       1,     10.0000,      1.4020,     42.6260,    249.0046,     62.6654,      3.4953,      0.0000,     -0.0314,      2.9333,      0.1371,      5.5919,     11.1838,      1.2116,     28.4047,     56.8093,      0.0193,      0.0023,      0.0156,      0.2068,   7793.1489,-423550.3750,   -911.4289,    551.8018,  25977.1602,
       1,     168,     365,       4,       1,       3,       1,     10.0000,      1.4020,     42.6260,    249.0046,     62.6654,      3.4953,      0.0000,     -0.0314,      1.8022,      0.1380,      5.5919,     11.1838,      1.2190,     28.4047,     56.8093,      0.0193,      0.0014,      0.0156,      0.2068,   7793.1484,-422667.1250,   -911.6987,    551.8627,  25977.1602,
       1,     168,     365,       5,       1,       3,       1,     10.0000,      1.4020,     42.6260,    249.0046,     62.6654,      3.4953,      0.0000,     -0.0315,      0.5817,      0.1388,      5.5919,     11.1838,      1.2264,     28.4047,     56.8093,      0.0193,      0.0005,      0.0156,      0.2068,   7793.1484,-421201.7812,   -911.6705,    551.9638,  25977.1641,
       1,     168,     365,       6,       1,       3,       1,     10.0000,      1.4020,     42.6260,    249.0046,     62.6654,      3.4953,      0.0000,     -0.0313,      0.7395,      0.1333,      5.5919,     11.1838,      1.1777,     28.4047,     56.8093,      0.0193,      0.0006,      0.0156,      0.2068,   7793.1494,-419576.6562,   -911.4159,    552.0759,  25977.1621,
       1,     168,     365,       7,       1,       3,       1,     10.0000,      1.4020,     42.6260,    249.0046,     62.6654,      3.4953,      0.0000,     -0.0309,      1.1101,      0.1246,      5.5919,     11.1838,      1.1012,     28.4047,     56.8093,      0.0193,      0.0009,      0.0156,      0.2068,   7793.1489,-419632.9375,   -911.4907,    552.0720,  25977.1621,
       1,     168,     365,       8,       1,       3,       1,     10.0000,      1.4020,     42.6260,    249.0046,     62.6654,      3.4953,      0.0006,     -0.0303,      1.2139,      0.1262,      5.5919,     11.1838,      1.1148,     28.4047,     56.8093,      0.0193,      0.0010,      0.0156,      0.2068,   7793.1489,-420093.3125,   -911.6904,    552.0403,  25977.1621,
       1,     168,     365,       9,       1,       3,       1,     10.0000,      1.4020,     42.6260,    249.0046,     62.6654,      3.4953,      0.0384,      0.0072,      2.6874,      0.1334,      5.5919,     11.1838,      1.1789,     28.4047,     56.8093,      0.0193,      0.0009,      0.0353,      0.2068,   7793.1489,-420259.9375,   -911.8462,    552.0288,  25977.1621,
       1,     168,     365,      10,       1,       3,       1,     10.0000,      1.4020,     42.6260,    249.0046,     62.6654,      3.4953,      0.1441,      0.1121,     18.4816,      0.1524,      5.5919,     11.1838,      1.3471,     28.4047,     56.8093,      0.0193,      0.0012,      0.1854,      0.2068,   7793.1489,-422085.5000,   -912.3835,    551.9028,  25977.1621,
       1,     168,     365,      11,       1,       3,       1,     10.0000,      1.4020,     42.6260,    249.0046,     62.6654,      3.4953,      0.1800,      0.1471,     21.5171,      0.1802,      5.5919,     11.1838,      1.5920,     28.4047,     56.8093,      0.0193,      0.0011,      0.2372,      0.2068,   7793.1489,-441657.1562,   -916.5822,    550.5527,  25977.1621,
       1,     168,     365,      12,       1,       3,       1,     10.0000,      1.4020,     42.6260,    249.0046,     62.6654,      3.4953,      0.1852,      0.1521,     10.3856,      0.1867,      5.5919,     11.1838,      1.6500,     28.4047,     56.8093,      0.0193,      0.0005,      0.2460,      0.2068,   7793.1489,-447054.0000,   -918.5196,    550.1829,  25977.1641,
       1,     168,     365,      13,       1,       3,       1,     10.0000,      1.4020,     42.6260,    249.0046,     62.6654,      3.4953,      0.1879,      0.1544,     10.8732,      0.1987,      5.5919,     11.1838,      1.7562,     28.4047,     56.8093,      0.0193,      0.0005,      0.2500,      0.2068,   7793.1494,-433819.8750,   -916.8166,    551.0932,  25977.1641,
       1,     168,     365,      14,       1,       3,       1,     10.0000,      1.4020,     42.6260,    249.0046,     62.6654,      3.4953,      0.1886,      0.1550,     21.3049,      0.2049,      5.5919,     11.1838,      1.8108,     28.4047,     56.8093,      0.0193,      0.0010,      0.2500,      0.2068,   7793.1494,-433300.0625,   -917.6155,    551.1297,  25977.1621,
       1,     168,     365,      15,       1,       3,       1,     10.0000,      1.4020,     42.6260,    249.0046,     62.6654,      3.4953,      0.1756,      0.1423,     36.1231,      0.1958,      5.5919,     11.1838,      1.7303,     28.4047,     56.8093,      0.0193,      0.0019,      0.2292,      0.2068,   7793.1489,-446081.8125,   -921.0240,    550.2491,  25977.1602,
       1,     168,     365,      16,       1,       3,       1,     10.0000,      1.4020,     42.6260,    249.0046,     62.6654,      3.4953,      0.1836,      0.1502,     62.8805,      0.1945,      5.5919,     11.1838,      1.7184,     28.4047,     56.8093,      0.0193,      0.0032,      0.2377,      0.2068,   7793.1484,-465390.2500,   -925.4647,    548.9218,  25977.1621,
       1,     168,     365,      17,       1,       3,       1,     10.0000,      1.4020,     42.6260,    249.0046,     62.6654,      3.4953,      0.1867,      0.1530,     84.5426,      0.2061,      5.5919,     11.1838,      1.8215,     28.4047,     56.8093,      0.0193,      0.0043,      0.2400,      0.2068,   7793.1489,-499943.8438,   -932.9740,    546.5526,  25977.1621,
       1,     168,     365,      18,       1,       3,       1,     10.0000,      1.4020,     42.6260,    249.0046,     62.6654,      3.4953,      0.1597,      0.1262,     75.8319,      0.2001,      5.5919,     11.1838,      1.7684,     28.4047,     56.8093,      0.0193,      0.0046,      0.2015,      0.2067,   7793.1489,-529541.0000,   -939.9166,    544.5355,  25977.1602,
       1,     168,     365,      19,       1,       3,       1,     10.0000,      1.4020,     42.6260,    249.0046,     62.6654,      3.4953,      0.1017,      0.0686,     46.8067,      0.1849,      5.5919,     11.1838,      1.6337,     28.4047,     56.8093,      0.0193,      0.0048,      0.1204,      0.2067,   7793.1484,-521321.1875,   -939.4804,    545.0988,  25977.1621,
       1,     168,     365,      20,       1,       3,       1,     10.0000,      1.4020,     42.6260,    249.0046,     62.6654,      3.4953,      0.0047,     -0.0278,      5.5341,      0.1700,      5.5919,     11.1838,      1.5026,     28.4047,     56.8093,      0.0193,      0.0043,      0.0156,      0.2067,   7793.1489,-484887.3125,   -933.4272,    547.5816,  25977.1621,
       1,     168,     365,      21,       1,       3,       1,     10.0000,      1.4020,     42.6260,    249.0046,     62.6654,      3.4953,      0.0000,     -0.0322,      5.2178,      0.1592,      5.5919,     11.1838,      1.4065,     28.4047,     56.8093,      0.0193,      0.0041,      0.0156,      0.2067,   7793.1489,-431040.7188,   -923.7152,    551.2729,  25977.1602,
       1,     168,     365,      22,       1,       3,       1,     10.0000,      1.4020,     42.6260,    249.0046,     62.6654,      3.4953,      0.0000,     -0.0321,      6.4608,      0.1565,      5.5919,     11.1838,      1.3827,     28.4047,     56.8093,      0.0193,      0.0051,      0.0156,      0.2068,   7793.1484,-426125.9375,   -923.0814,    551.6240,  25977.1641,
       1,     168,     365,      23,       1,       3,       1,     10.0000,      1.4020,     42.6260,    249.0046,     62.6654,      3.4953,      0.0000,     -0.0319,      5.7596,      0.1502,      5.5919,     11.1838,      1.3269,     28.4047,     56.8093,      0.0193,      0.0045,      0.0156,      0.2068,   7793.1494,-427222.1250,   -923.6182,    551.5486,  25977.1602,
       1,     168,     365,      24,       1,       3,       1,     10.0000,      1.4020,     42.6260,    249.0046,     62.6654,      3.4953,      0.0000,     -0.0318,      4.6643,      0.1473,      5.5919,     11.1838,      1.3017,     28.4047,     56.8093,      0.0193,      0.0037,      0.0156,      0.2068,   7793.1484,-426453.2188,   -923.7387,    551.6016,  25977.1621,
       1,     168,     366,       1,       1,       3,       1,     10.0000,      1.4020,     42.6263,    249.0104,     62.6669,      3.4953,      0.0000,     -0.0317,      3.5523,      0.1453,      5.5918,     11.1835,      1.2835,     28.4081,     56.8162,      0.0193,      0.0028,      0.0156,      0.2068,   7793.1489,-425193.6875,   -923.9619,    551.7012,  25978.3086,
       1,     168,     366,       2,       1,       3,       1,     10.0000,      1.4020,     42.6263,    249.0104,     62.6669,      3.4953,      0.0000,     -0.0315,      2.5873,      0.1398,      5.5918,     11.1835,      1.2352,     28.4081,     56.8162,      0.0193,      0.0020,      0.0156,      0.2068,   7793.4927,-423569.8125,   -923.5285,    551.8133,  25978.3086,
       1,     168,     366,       3,       1,       3,       1,     10.0000,      1.4020,     42.6263,    249.0104,     62.6669,      3.4953,      0.0000,     -0.0315,      2.0975,      0.1391,      5.5918,     11.1835,      1.2289,     28.4081,     56.8162,      0.0193,      0.0016,      0.0156,      0.2068,   7793.4927,-422245.7812,   -923.3585,    551.9046,  25978.3086,
       1,     168,     366,       4,       1,       3,       1,     10.0000,      1.4020,     42.6263,    249.0104,     62.6669,      3.4953,      0.0000,     -0.0314,      1.6814,      0.1366,      5.5918,     11.1835,      1.2067,     28.4081,     56.8162,      0.0193,      0.0013,      0.0156,      0.2068,   7793.4927,-421531.5000,   -923.2911,    551.9539,  25978.3086,
       1,     168,     366,       5,       1,       3,       1,     10.0000,      1.4020,     42.6263,    249.0104,     62.6669,      3.4953,      0.0000,     -0.0311,      1.5553,      0.1305,      5.5918,     11.1835,      1.1529,     28.4081,     56.8162,      0.0193,      0.0012,      0.0156,      0.2068,   7793.4927,-420959.4375,   -923.2258,    551.9933,  25978.3086,
       1,     168,     366,       6,       1,       3,       1,     10.0000,      1.4020,     42.6263,    249.0104,     62.6669,      3.4953,      0.0000,     -0.0311,      1.2910,      0.1302,      5.5918,     11.1835,      1.1505,     28.4081,     56.8162,      0.0193,      0.0010,      0.0156,      0.2068,   7793.4927,-420755.8750,   -923.2211,    552.0074,  25978.3086,
       1,     168,     366,       7,       1,       3,       1,     10.0000,      1.4020,     42.6263,    249.0104,     62.6669,      3.4953,      0.0000,     -0.0311,      0.9811,      0.1295,      5.5918,     11.1835,      1.1447,     28.4081,     56.8162,      0.0193,      0.0008,      0.0156,      0.2068,   7793.4927,-420413.6875,   -923.1945,    552.0310,  25978.3105,
       1,     168,     366,       8,       1,       3,       1,     10.0000,      1.4020,     42.6263,    249.0104,     62.6669,      3.4953,      0.0013,     -0.0298,      0.9255,      0.1288,      5.5918,     11.1835,      1.1377,     28.4081,     56.8162,      0.0193,      0.0007,      0.0156,      0.2068,   7793.4937,-420003.6250,   -923.1434,    552.0593,  25978.3086,
       1,     168,     366,       9,       1,       3,       1,     10.0000,      1.4020,     42.6263,    249.0104,     62.6669,      3.4953,      0.0658,      0.0345,      4.7449,      0.1340,      5.5918,     11.1835,      1.1837,     28.4081,     56.8162,      0.0193,      0.0008,      0.0745,      0.2068,   7793.4927,-419900.5000,   -923.1484,    552.0663,  25978.3086,
       1,     168,     366,      10,       1,       3,       1,     10.0000,      1.4020,     42.6263,    249.0104,     62.6669,      3.4953,      0.1357,      0.1035,      8.0852,      0.1585,      5.5918,     11.1835,      1.4009,     28.4081,     56.8162,      0.0193,      0.0006,      0.1745,      0.2068,   7793.4927,-424586.6875,   -924.1144,    551.7430,  25978.3105,
       1,     168,     366,      11,       1,       3,       1,     10.0000,      1.4020,     42.6263,    249.0104,     62.6669,      3.4953,      0.1691,      0.1359,     11.3751,      0.1890,      5.5918,     11.1835,      1.6698,     28.4081,     56.8162,      0.0193,      0.0006,      0.2225,      0.2068,   7793.4937,-429090.2500,   -925.1509,    551.4325,  25978.3105,
       1,     168,     366,      12,       1,       3,       1,     10.0000,      1.4020,     42.6263,    249.0104,     62.6669,      3.4953,      0.1876,      0.1540,     20.9942,      0.2027,      5.5918,     11.1835,      1.7913,     28.4081,     56.8162,      0.0193,      0.0010,      0.2485,      0.2068,   7793.4937,-433516.6562,   -926.2911,    551.1275,  25978.3086,
       1,     168,     366,      13,       1,       3,       1,     10.0000,      1.4020,     42.6263,    249.0104,     62.6669,      3.4953,      0.1877,      0.1535,     10.7666,      0.2252,      5.5918,     11.1835,      1.9900,     28.4081,     56.8162,      0.0193,      0.0005,      0.2500,      0.2068,   7793.4927,-445718.0625,   -929.0192,    550.2870,  25978.3086,
       1,     168,     366,      14,       1,       3,       1,     10.0000,      1.4020,     42.6263,    249.0104,     62.6669,      3.4953,      0.1876,      0.1532,      9.9339,      0.2303,      5.5918,     11.1835,      2.0353,     28.4081,     56.8162,      0.0193,      0.0005,      0.2500,      0.2068,   7793.4927,-434177.5625,   -927.1365,    551.0815,  25978.3086,
       1,     168,     366,      15,       1,       3,       1,     10.0000,      1.4020,     42.6263,    249.0104,     62.6669,      3.4953,      0.1896,      0.1549,     36.3535,      0.2419,      5.5918,     11.1835,      2.1372,     28.4081,     56.8162,      0.0193,      0.0018,      0.2500,      0.2068,   7793.4927,-432176.9688,   -926.9382,    551.2198,  25978.3105,
       1,     168,     366,      16,       1,       3,       1,     10.0000,      1.4020,     42.6263,    249.0104,     62.6669,      3.4953,      0.1880,      0.1535,     79.6972,      0.2381,      5.5918,     11.1835,      2.1041,     28.4081,     56.8162,      0.0193,      0.0040,      0.2427,      0.2068,   7793.4937,-464486.6562,   -933.4354,    548.9937,  25978.3086,
       1,     168,     366,      17,       1,       3,       1,     10.0000,      1.4020,     42.6263,    249.0104,     62.6669,      3.4953,      0.1776,      0.1435,     94.6884,      0.2221,      5.5918,     11.1835,      1.9629,     28.4081,     56.8162,      0.0193,      0.0051,      0.2256,      0.2068,   7793.4927,-520548.3438,   -944.6867,    545.1510,  25978.3086,
       1,     168,     366,      18,       1,       3,       1,     10.0000,      1.4020,     42.6263,    249.0104,     62.6669,      3.4953,      0.1378,      0.1043,     79.0984,      0.1997,      5.5918,     11.1835,      1.7649,     28.4081,     56.8162,      0.0193,      0.0057,      0.1692,      0.2067,   7793.4927,-543778.6875,   -949.7303,    543.5814,  25978.3086,
       1,     168,     366,      19,       1,       3,       1,     10.0000,      1.4020,     42.6263,    249.0104,     62.6669,      3.4953,      0.0621,      0.0291,     31.3073,      0.1825,      5.5918,     11.1835,      1.6127,     28.4081,     56.8162,      0.0193,      0.0059,      0.0646,      0.2067,   7793.4927,-526531.8750,   -946.8950,    544.7555,  25978.3066,
       1,     168,     366,      20,       1,       3,       1,     10.0000,      1.4020,     42.6263,    249.0104,     62.6669,      3.4953,      0.0110,     -0.0215,      8.3207,      0.1704,      5.5918,     11.1835,      1.5056,     28.4081,     56.8162,      0.0193,      0.0065,      0.0156,      0.2067,   7793.4922,-466238.6875,   -935.4636,    548.8624,  25978.3086,
       1,     168,     366,      21,       1,       3,       1,     10.0000,      1.4020,     42.6263,    249.0104,     62.6669,      3.4953,      0.0000,     -0.0322,      7.8327,      0.1600,      5.5918,     11.1835,      1.4136,     28.4081,     56.8162,      0.0193,      0.0061,      0.0156,      0.2068,   7793.4927,-432917.8750,   -929.0507,    551.1640,  25978.3047,
       1,     168,     366,      22,       1,       3,       1,     10.0000,      1.4020,     42.6263,    249.0104,     62.6669,      3.4953,      0.0000,     -0.0321,      6.1828,      0.1573,      5.5918,     11.1835,      1.3897,     28.4081,     56.8162,      0.0193,      0.0049,      0.0156,      0.2068,   7793.4917,-429492.8438,   -928.3928,    551.4048,  25978.3086,
       1,     168,     366,      23,       1,       3,       1,     10.0000,      1.4020,     42.6263,    249.0104,     62.6669,      3.4953,      0.0000,     -0.0321,      4.6656,      0.1565,      5.5918,     11.1835,      1.3828,     28.4081,     56.8162,      0.0193,      0.0037,      0.0156,      0.2068,   7793.4927,-427167.9062,   -927.9369,    551.5651,  25978.3047,
       1,     168,     366,      24,       1,       3,       1,     10.0000,      1.4020,     42.6263,    249.0104,     62.6669,      3.4953,      0.0000,     -0.0321,      3.6771,      0.1555,      5.5918,     11.1835,      1.3745,     28.4081,     56.8162,      0.0193,      0.0029,      0.0156,      0.2068,   7793.4917,-425106.2188,   -927.5314,    551.7073,  25978.3047,
       1,     169,       1,       1,       1,       3,       1,     10.0000,      1.4020,     42.6267,    249.0162,     62.6683,      3.4953,      0.0000,     -0.0150,      3.1021,      0.1552,      5.5922,     11.1843,      1.3717,     28.4106,     56.8211,      0.0193,      0.0024,      0.0156,      0.2027,   7785.1870,-418539.7500,   -926.5056,    551.5179,  25951.7734,
       1,     169,       1,       2,       1,       3,       1,     10.0000,      1.4020,     42.6267,    249.0162,     62.6683,      3.4953,      0.0000,     -0.0149,      2.5537,      0.1514,      5.5922,     11.1843,      1.3377,     28.4106,     56.8211,      0.0193,      0.0020,      0.0156,      0.2027,   7785.5322,-422525.6875,   -926.9865,    551.2432,  25951.7754,
       1,     169,       1,       3,       1,       3,       1,     10.0000,      1.4020,     42.6267,    249.0162,     62.6683,      3.4953,      0.0000,     -0.0147,      2.3785,      0.1466,      5.5922,     11.1843,      1.2952,     28.4106,     56.8211,      0.0193,      0.0019,      0.0156,      0.2027,   7785.5327,-422182.8750,   -926.9150,    551.2669,  25951.7734,
       1,     169,       1,       4,       1,       3,       1,     10.0000,      1.4020,     42.6267,    249.0162,     62.6683,      3.4953,      0.0000,     -0.0147,      2.1678,      0.1450,      5.5922,     11.1843,      1.2809,     28.4106,     56.8211,      0.0193,      0.0017,      0.0156,      0.2027,   7785.5322,-421934.0625,   -926.8629,    551.2841,  25951.7734,
       1,     169,       1,       5,       1,       3,       1,     10.0000,      1.4020,     42.6267,    249.0162,     62.6683,      3.4953,      0.0000,     -0.0148,      2.0598,      0.1490,      5.5922,     11.1843,      1.3163,     28.4106,     56.8211,      0.0193,      0.0016,      0.0156,      0.2027,   7785.5322,-421648.8438,   -926.8031,    551.3037,  25951.7734,
       1,     169,       1,       6,       1,       3,       1,     10.0000,      1.4020,     42.6267,    249.0162,     62.6683,      3.4953,      0.0000,     -0.0148,      2.0444,      0.1476,      5.5922,     11.1843,      1.3044,     28.4106,     56.8211,      0.0193,      0.0016,      0.0156,      0.2027,   7785.5322,-421488.9688,   -926.7673,    551.3147,  25951.7734,
       1,     169,       1,       7,       1,       3,       1,     10.0000,      1.4020,     42.6267,    249.0162,     62.6683,      3.4953,      0.0000,     -0.0145,      1.5419,      0.1396,      5.5922,     11.1843,      1.2339,     28.4106,     56.8211,      0.0193,      0.0012,      0.0156,      0.2027,   7785.5322,-421455.9062,   -926.7563,    551.3170,  25951.7715,
       1,     169,       1,       8,       1,       3,       1,     10.0000,      1.4020,     42.6267,    249.0162,     62.6683,      3.4953,      0.0007,     -0.0139,      1.2590,      0.1416,      5.5922,     11.1843,      1.2515,     28.4106,     56.8211,      0.0193,      0.0010,      0.0156,      0.2027,   7785.5317,-420824.2500,   -926.6345,    551.3605,  25951.7734,
       1,     169,       1,       9,       1,       3,       1,     10.0000,      1.4020,     42.6267,    249.0162,     62.6683,      3.4953,      0.0446,      0.0299,      4.0971,      0.1479,      5.5922,     11.1843,      1.3070,     28.4106,     56.8211,      0.0193,      0.0012,      0.0435,      0.2027,   7785.5322,-420415.2500,   -926.5544,    551.3887,  25951.7734,
       1,     169,       1,      10,       1,       3,       1,     10.0000,      1.4020,     42.6267,    249.0162,     62.6683,      3.4953,      0.1442,      0.1292,     17.7471,      0.1545,      5.5922,     11.1843,      1.3649,     28.4106,     56.8211,      0.0193,      0.0012,      0.1856,      0.2027,   7785.5322,-423933.2812,   -927.2300,    551.1462,  25951.7734,
       1,     169,       1,      11,       1,       3,       1,     10.0000,      1.4020,     42.6267,    249.0162,     62.6683,      3.4953,      0.1884,      0.1726,     27.1930,      0.1805,      5.5922,     11.1843,      1.5952,     28.4106,     56.8211,      0.0193,      0.0013,      0.2488,      0.2027,   7785.5322,-441327.7188,   -930.6022,    549.9479,  25951.7734,
       1,     169,       1,      12,       1,       3,       1,     10.0000,      1.4020,     42.6267,    249.0162,     62.6683,      3.4953,      0.1889,      0.1721,     25.7650,      0.2142,      5.5922,     11.1843,      1.8929,     28.4106,     56.8211,      0.0193,      0.0013,      0.2500,      0.2027,   7785.5322,-454661.5000,   -933.2081,    549.0326,  25951.7734,
       1,     169,       1,      13,       1,       3,       1,     10.0000,      1.4020,     42.6267,    249.0162,     62.6683,      3.4953,      0.1890,      0.1720,     27.1703,      0.2195,      5.5922,     11.1843,      1.9400,     28.4106,     56.8211,      0.0193,      0.0013,      0.2500,      0.2027,   7785.5322,-454022.1250,   -933.1104,    549.0772,  25951.7734,
       1,     169,       1,      14,       1,       3,       1,     10.0000,      1.4020,     42.6267,    249.0162,     62.6683,      3.4953,      0.1893,      0.1720,     31.8783,      0.2303,      5.5922,     11.1843,      2.0354,     28.4106,     56.8211,      0.0193,      0.0016,      0.2500,      0.2027,   7785.5322,-455726.4062,   -933.4711,    548.9603,  25951.7734,
       1,     169,       1,      15,       1,       3,       1,     10.0000,      1.4020,     42.6267,    249.0162,     62.6683,      3.4953,      0.1897,      0.1721,     36.9953,      0.2386,      5.5922,     11.1843,      2.1083,     28.4106,     56.8211,      0.0193,      0.0018,      0.2500,      0.2027,   7785.5322,-461770.6250,   -934.6563,    548.5455,  25951.7754,
       1,     169,       1,      16,       1,       3,       1,     10.0000,      1.4020,     42.6267,    249.0162,     62.6683,      3.4953,      0.1921,      0.1747,     77.5399,      0.2299,      5.5922,     11.1843,      2.0314,     28.4106,     56.8211,      0.0193,      0.0038,      0.2488,      0.2027,   7785.5327,-468701.7500,   -936.0051,    548.0705,  25951.7754,
       1,     169,       1,      17,       1,       3,       1,     10.0000,      1.4020,     42.6267,    249.0162,     62.6683,      3.4953,      0.1812,      0.1641,     96.9930,      0.2217,      5.5922,     11.1843,      1.9591,     28.4106,     56.8211,      0.0193,      0.0051,      0.2306,      0.2027,   7785.5327,-520096.8438,   -946.1140,    544.5497,  25951.7715,
       1,     169,       1,      18,       1,       3,       1,     10.0000,      1.4020,     42.6267,    249.0162,     62.6683,      3.4953,      0.1557,      0.1388,     95.3164,      0.2161,      5.5922,     11.1843,      1.9097,     28.4106,     56.8211,      0.0193,      0.0060,      0.1934,      0.2026,   7785.5317,-548944.5625,   -952.0179,    542.5974,  25951.7754,
       1,     169,       1,      19,       1,       3,       1,     10.0000,      1.4020,     42.6267,    249.0162,     62.6683,      3.4953,      0.0803,      0.0640,     45.4789,      0.1960,      5.5922,     11.1843,      1.7321,     28.4106,     56.8211,      0.0193,      0.0062,      0.0893,      0.2026,   7785.5327,-549316.2500,   -952.4593,    542.5756,  25951.7734,
       1,     169,       1,      20,       1,       3,       1,     10.0000,      1.4020,     42.6267,    249.0162,     62.6683,      3.4953,      0.0060,     -0.0097,      7.9376,      0.1757,      5.5922,     11.1843,      1.5529,     28.4106,     56.8211,      0.0193,      0.0062,      0.0156,      0.2026,   7785.5322,-486822.5000,   -940.5026,    546.8140,  25951.7715,
       1,     169,       1,      21,       1,       3,       1,     10.0000,      1.4020,     42.6267,    249.0162,     62.6683,      3.4953,      0.0000,     -0.0152,      6.6276,      0.1606,      5.5922,     11.1843,      1.4193,     28.4106,     56.8211,      0.0193,      0.0052,      0.0156,      0.2027,   7785.5317,-434459.9688,   -930.2773,    550.4097,  25951.7734,
       1,     169,       1,      22,       1,       3,       1,     10.0000,      1.4020,     42.6267,    249.0162,     62.6683,      3.4953,      0.0000,     -0.0149,      5.8101,      0.1509,      5.5922,     11.1843,      1.3336,     28.4106,     56.8211,      0.0193,      0.0046,      0.0156,      0.2027,   7785.5322,-428327.7812,   -929.0273,    550.8434,  25951.7715,
       1,     169,       1,      23,       1,       3,       1,     10.0000,      1.4020,     42.6267,    249.0162,     62.6683,      3.4953,      0.0000,     -0.0151,      5.6409,      0.1562,      5.5922,     11.1843,      1.3800,     28.4106,     56.8211,      0.0193,      0.0044,      0.0156,      0.2027,   7785.5317,-426761.1875,   -928.6837,    550.9515,  25951.7715,
       1,     169,       1,      24,       1,       3,       1,     10.0000,      1.4020,     42.6267,    249.0162,     62.6683,      3.4953,      0.0000,     -0.0148,      4.7477,      0.1479,      5.5922,     11.1843,      1.3070,     28.4106,     56.8211,      0.0193,      0.0037,      0.0156,      0.2027,   7785.5317,-426414.0312,   -928.5649,    550.9754,  25951.7715,
       1,     169,       2,       1,       1,       3,       1,     10.0000,      1.4021,     42.6270,    249.0220,     62.6698,      3.4953,      0.0000,     -0.0319,      3.6764,      0.1506,      5.5918,     11.1837,      1.3310,     28.4242,     56.8485,      0.0193,      0.0029,      0.0156,      0.2027,   7785.5317,-426237.4688,   -928.7695,    551.6543,  25952.9199,
       1,     169,       2,       2,       1,       3,       1,     10.0000,      1.4021,     42.6270,    249.0220,     62.6698,      3.4953,      0.0000,     -0.0318,      2.3439,      0.1470,      5.5918,     11.1837,      1.2992,     28.4242,     56.8485,      0.0193,      0.0018,      0.0156,      0.2027,   7785.8765,-423912.1250,   -928.0078,    551.8151,  25952.9180,
       1,     169,       2,       3,       1,       3,       1,     10.0000,      1.4021,     42.6270,    249.0220,     62.6698,      3.4953,      0.0000,     -0.0315,      1.7208,      0.1391,      5.5918,     11.1837,      1.2290,     28.4242,     56.8485,      0.0193,      0.0014,      0.0156,      0.2027,   7785.8755,-422043.0312,   -927.6301,    551.9440,  25952.9180,
       1,     169,       2,       4,       1,       3,       1,     10.0000,      1.4021,     42.6270,    249.0220,     62.6698,      3.4953,      0.0000,     -0.0313,      2.5100,      0.1345,      5.5918,     11.1837,      1.1886,     28.4242,     56.8485,      0.0193,      0.0020,      0.0156,      0.2027,   7785.8755,-421101.6250,   -927.4362,    552.0090,  25952.9180,
       1,     169,       2,       5,       1,       3,       1,     10.0000,      1.4021,     42.6270,    249.0220,     62.6698,      3.4953,      0.0000,     -0.0314,      2.0419,      0.1381,      5.5918,     11.1837,      1.2203,     28.4242,     56.8485,      0.0193,      0.0016,      0.0156,      0.2027,   7785.8755,-422008.0938,   -927.5978,    551.9465,  25952.9160,
       1,     169,       2,       6,       1,       3,       1,     10.0000,      1.4021,     42.6270,    249.0220,     62.6698,      3.4953,      0.0000,     -0.0315,      2.3312,      0.1388,      5.5918,     11.1837,      1.2265,     28.4242,     56.8485,      0.0193,      0.0018,      0.0156,      0.2027,   7785.8750,-421500.7188,   -927.4854,    551.9815,  25952.9180,
       1,     169,       2,       7,       1,       3,       1,     10.0000,      1.4021,     42.6270,    249.0220,     62.6698,      3.4953,      0.0000,     -0.0314,      1.1495,      0.1381,      5.5918,     11.1837,      1.2203,     28.4242,     56.8485,      0.0193,      0.0009,      0.0156,      0.2027,   7785.8755,-421818.7812,   -927.5264,    551.9595,  25952.9180,
       1,     169,       2,       8,       1,       3,       1,     10.0000,      1.4021,     42.6270,    249.0220,     62.6698,      3.4953,      0.0025,     -0.0289,      0.7224,      0.1373,      5.5918,     11.1837,      1.2129,     28.4242,     56.8485,      0.0193,      0.0006,      0.0156,      0.2027,   7785.8755,-420367.0938,   -927.2376,    552.0597,  25952.9199,
       1,     169,       2,       9,       1,       3,       1,     10.0000,      1.4021,     42.6270,    249.0220,     62.6698,      3.4953,      0.0725,      0.0408,      2.9319,      0.1448,      5.5918,     11.1837,      1.2797,     28.4242,     56.8485,      0.0193,      0.0004,      0.0840,      0.2027,   7785.8765,-419706.9375,   -927.1052,    552.1053,  25952.9180,
       1,     169,       2,      10,       1,       3,       1,     10.0000,      1.4021,     42.6270,    249.0220,     62.6698,      3.4953,      0.1430,      0.1108,      9.7666,      0.1603,      5.5918,     11.1837,      1.4165,     28.4242,     56.8485,      0.0193,      0.0006,      0.1849,      0.2027,   7785.8755,-422415.6562,   -927.6260,    551.9183,  25952.9180,
       1,     169,       2,      11,       1,       3,       1,     10.0000,      1.4021,     42.6270,    249.0220,     62.6698,      3.4953,      0.1837,      0.1507,     14.1097,      0.1827,      5.5918,     11.1837,      1.6144,     28.4242,     56.8485,      0.0193,      0.0007,      0.2434,      0.2027,   7785.8755,-431205.1250,   -929.3306,    551.3120,  25952.9180,
       1,     169,       2,      12,       1,       3,       1,     10.0000,      1.4021,     42.6270,    249.0220,     62.6698,      3.4953,      0.1884,      0.1551,     17.7963,      0.1958,      5.5918,     11.1837,      1.7304,     28.4242,     56.8485,      0.0193,      0.0009,      0.2500,      0.2027,   7785.8755,-437402.2812,   -930.4899,    550.8852,  25952.9160,
       1,     169,       2,      13,       1,       3,       1,     10.0000,      1.4021,     42.6270,    249.0220,     62.6698,      3.4953,      0.1884,      0.1545,     18.1583,      0.2109,      5.5918,     11.1837,      1.8634,     28.4242,     56.8485,      0.0193,      0.0009,      0.2500,      0.2027,   7785.8750,-442553.1875,   -931.4446,    550.5307,  25952.9180,
       1,     169,       2,      14,       1,       3,       1,     10.0000,      1.4021,     42.6270,    249.0220,     62.6698,      3.4953,      0.1897,      0.1555,     35.8428,      0.2239,      5.5918,     11.1837,      1.9784,     28.4242,     56.8485,      0.0193,      0.0018,      0.2500,      0.2027,   7785.8755,-443450.7812,   -931.5617,    550.4691,  25952.9199,
       1,     169,       2,      15,       1,       3,       1,     10.0000,      1.4021,     42.6270,    249.0220,     62.6698,      3.4953,      0.1813,      0.1472,     57.4613,      0.2191,      5.5918,     11.1837,      1.9362,     28.4242,     56.8485,      0.0193,      0.0030,      0.2352,      0.2027,   7785.8765,-465671.4688,   -935.8910,    548.9401,  25952.9199,
       1,     169,       2,      16,       1,       3,       1,     10.0000,      1.4021,     42.6270,    249.0220,     62.6698,      3.4953,      0.1865,      0.1524,     78.9055,      0.2224,      5.5918,     11.1837,      1.9649,     28.4242,     56.8485,      0.0193,      0.0040,      0.2404,      0.2027,   7785.8765,-494672.0312,   -941.6616,    546.9522,  25952.9180,
       1,     169,       2,      17,       1,       3,       1,     10.0000,      1.4021,     42.6270,    249.0220,     62.6698,      3.4953,      0.1783,      0.1445,     95.5883,      0.2098,      5.5918,     11.1837,      1.8542,     28.4242,     56.8485,      0.0193,      0.0052,      0.2264,      0.2027,   7785.8755,-524050.3438,   -947.5908,    544.9473,  25952.9180,
       1,     169,       2,      18,       1,       3,       1,     10.0000,      1.4021,     42.6270,    249.0220,     62.6698,      3.4953,      0.1654,      0.1322,     94.7943,      0.1893,      5.5918,     11.1837,      1.6731,     28.4242,     56.8485,      0.0193,      0.0056,      0.2076,      0.2026,   7785.8755,-547500.3750,   -952.4804,    543.3536,  25952.9180,
       1,     169,       2,      19,       1,       3,       1,     10.0000,      1.4021,     42.6270,    249.0220,     62.6698,      3.4953,      0.0904,      0.0574,     50.6498,      0.1807,      5.5918,     11.1837,      1.5969,     28.4242,     56.8485,      0.0193,      0.0060,      0.1036,      0.2026,   7785.8755,-548523.8750,   -953.0245,    543.2864,  25952.9199,
       1,     169,       2,      20,       1,       3,       1,     10.0000,      1.4021,     42.6270,    249.0220,     62.6698,      3.4953,      0.0064,     -0.0260,      6.6503,      0.1669,      5.5918,     11.1837,      1.4744,     28.4242,     56.8485,      0.0193,      0.0052,      0.0156,      0.2026,   7785.8765,-493241.9375,   -942.3649,    547.0406,  25952.9160,
       1,     169,       2,      21,       1,       3,       1,     10.0000,      1.4021,     42.6270,    249.0220,     62.6698,      3.4953,      0.0000,     -0.0322,      6.0726,      0.1605,      5.5918,     11.1837,      1.4180,     28.4242,     56.8485,      0.0193,      0.0048,      0.0156,      0.2027,   7785.8750,-433396.0000,   -930.5708,    551.1459,  25952.9160,
       1,     169,       2,      22,       1,       3,       1,     10.0000,      1.4021,     42.6270,    249.0220,     62.6698,      3.4953,      0.0000,     -0.0322,      5.4744,      0.1579,      5.5918,     11.1837,      1.3954,     28.4242,     56.8485,      0.0193,      0.0043,      0.0156,      0.2027,   7785.8750,-427548.5312,   -929.3536,    551.5641,  25952.9160,
       1,     169,       2,      23,       1,       3,       1,     10.0000,      1.4021,     42.6270,    249.0220,     62.6698,      3.4953,      0.0000,     -0.0321,      4.4384,      0.1552,      5.5918,     11.1837,      1.3718,     28.4242,     56.8485,      0.0193,      0.0035,      0.0156,      0.2027,   7785.8750,-426276.1250,   -929.0411,    551.6521,  25952.9160,
       1,     169,       2,      24,       1,       3,       1,     10.0000,      1.4021,     42.6270,    249.0220,     62.6698,      3.4953,      0.0000,     -0.0320,      4.1134,      0.1529,      5.5918,     11.1837,      1.3512,     28.4242,     56.8485,      0.0193,      0.0032,      0.0156,      0.2027,   7785.8750,-424869.0938,   -928.7161,    551.7491,  25952.9180,
       1,     169,       3,       1,       1,       3,       1,     10.0000,      1.4021,     42.6273,    249.0278,     62.6712,      3.4953,      0.0000,     -0.0319,      3.3056,      0.1506,      5.5926,     11.1851,      1.3310,     28.4286,     56.8571,      0.0193,      0.0026,      0.0156,      0.2028,   7785.8755,-424493.6562,   -928.8839,    551.7878,  25954.0645,
       1,     169,       3,       2,       1,       3,       1,     10.0000,      1.4021,     42.6273,    249.0278,     62.6712,      3.4953,      0.0000,     -0.0319,      3.0707,      0.1500,      5.5926,     11.1851,      1.3257,     28.4286,     56.8571,      0.0193,      0.0024,      0.0156,      0.2028,   7786.2197,-423299.5938,   -928.3333,    551.8701,  25954.0645,
       1,     169,       3,       3,       1,       3,       1,     10.0000,      1.4021,     42.6273,    249.0278,     62.6712,      3.4953,      0.0000,     -0.0319,      2.5834,      0.1509,      5.5926,     11.1851,      1.3337,     28.4286,     56.8571,      0.0193,      0.0020,      0.0156,      0.2028,   7786.2197,-422902.6250,   -928.2231,    551.8975,  25954.0645,
       1,     169,       3,       4,       1,       3,       1,     10.0000,      1.4021,     42.6273,    249.0278,     62.6712,      3.4953,      0.0000,     -0.0319,      2.2457,      0.1511,      5.5926,     11.1851,      1.3350,     28.4286,     56.8571,      0.0193,      0.0018,      0.0156,      0.2028,   7786.2197,-422258.2812,   -928.0701,    551.9419,  25954.0664,
       1,     169,       3,       5,       1,       3,       1,     10.0000,      1.4021,     42.6273,    249.0278,     62.6712,      3.4953,      0.0000,     -0.0318,      1.9520,      0.1470,      5.5926,     11.1851,      1.2992,     28.4286,     56.8571,      0.0193,      0.0015,      0.0156,      0.2028,   7786.2202,-421779.7812,   -927.9542,    551.9749,  25954.0645,
       1,     169,       3,       6,       1,       3,       1,     10.0000,      1.4021,     42.6273,    249.0278,     62.6712,      3.4953,      0.0000,     -0.0316,      1.6188,      0.1422,      5.5926,     11.1851,      1.2567,     28.4286,     56.8571,      0.0193,      0.0013,      0.0156,      0.2028,   7786.2197,-421371.0938,   -927.8569,    552.0031,  25954.0645,
       1,     169,       3,       7,       1,       3,       1,     10.0000,      1.4021,     42.6273,    249.0278,     62.6712,      3.4953,      0.0000,     -0.0316,      1.7701,      0.1409,      5.5926,     11.1851,      1.2453,     28.4286,     56.8571,      0.0193,      0.0014,      0.0156,      0.2028,   7786.2197,-420918.7812,   -927.7546,    552.0343,  25954.0645,
       1,     169,       3,       8,       1,       3,       1,     10.0000,      1.4021,     42.6273,    249.0278,     62.6712,      3.4953,      0.0018,     -0.0298,      1.8936,      0.1424,      5.5926,     11.1851,      1.2579,     28.4286,     56.8571,      0.0193,      0.0015,      0.0156,      0.2028,   7786.2197,-421069.1250,   -927.7694,    552.0240,  25954.0645,
       1,     169,       3,       9,       1,       3,       1,     10.0000,      1.4021,     42.6273,    249.0278,     62.6712,      3.4953,      0.0578,      0.0259,      7.7857,      0.1512,      5.5926,     11.1851,      1.3364,     28.4286,     56.8571,      0.0193,      0.0015,      0.0620,      0.2028,   7786.2197,-421236.5312,   -927.7851,    552.0125,  25954.0664,
       1,     169,       3,      10,       1,       3,       1,     10.0000,      1.4021,     42.6273,    249.0278,     62.6712,      3.4953,      0.1508,      0.1184,     22.9826,      0.1652,      5.5926,     11.1851,      1.4598,     28.4286,     56.8571,      0.0193,      0.0014,      0.1945,      0.2028,   7786.2202,-428625.4062,   -929.2354,    551.5026,  25954.0645,
       1,     169,       3,      11,       1,       3,       1,     10.0000,      1.4021,     42.6273,    249.0278,     62.6712,      3.4953,      0.1877,      0.1552,     26.2892,      0.1674,      5.5926,     11.1851,      1.4789,     28.4286,     56.8571,      0.0193,      0.0013,      0.2477,      0.2028,   7786.2197,-448286.6562,   -933.1343,    550.1475,  25954.0645,
       1,     169,       3,      12,       1,       3,       1,     10.0000,      1.4021,     42.6273,    249.0278,     62.6712,      3.4953,      0.1889,      0.1555,     23.8192,      0.1962,      5.5926,     11.1851,      1.7339,     28.4286,     56.8571,      0.0193,      0.0012,      0.2500,      0.2027,   7786.2197,-454127.8125,   -934.2826,    549.7474,  25954.0645,
       1,     169,       3,      13,       1,       3,       1,     10.0000,      1.4021,     42.6273,    249.0278,     62.6712,      3.4953,      0.1889,      0.1554,     23.7012,      0.1982,      5.5926,     11.1851,      1.7511,     28.4286,     56.8571,      0.0193,      0.0012,      0.2500,      0.2027,   7786.2197,-451536.9062,   -933.7403,    549.9255,  25954.0625,
       1,     169,       3,      14,       1,       3,       1,     10.0000,      1.4021,     42.6273,    249.0278,     62.6712,      3.4953,      0.1899,      0.1563,     37.0599,      0.2047,      5.5926,     11.1851,      1.8091,     28.4286,     56.8571,      0.0193,      0.0018,      0.2500,      0.2027,   7786.2192,-451165.9375,   -933.6174,    549.9511,  25954.0645,
       1,     169,       3,      15,       1,       3,       1,     10.0000,      1.4021,     42.6273,    249.0278,     62.6712,      3.4953,      0.1915,      0.1577,     57.4334,      0.2094,      5.5926,     11.1851,      1.8506,     28.4286,     56.8571,      0.0193,      0.0028,      0.2500,      0.2027,   7786.2197,-467860.6250,   -936.9255,    548.8034,  25954.0645,
       1,     169,       3,      16,       1,       3,       1,     10.0000,      1.4021,     42.6273,    249.0278,     62.6712,      3.4953,      0.1913,      0.1577,     54.7836,      0.2039,      5.5926,     11.1851,      1.8020,     28.4286,     56.8571,      0.0193,      0.0027,      0.2500,      0.2027,   7786.2197,-494820.0312,   -942.3276,    546.9552,  25954.0645,
       1,     169,       3,      17,       1,       3,       1,     10.0000,      1.4021,     42.6273,    249.0278,     62.6712,      3.4953,      0.1862,      0.1526,     79.1718,      0.2027,      5.5926,     11.1851,      1.7914,     28.4286,     56.8571,      0.0193,      0.0040,      0.2397,      0.2027,   7786.2197,-493829.2500,   -942.2472,    547.0261,  25954.0625,
       1,     169,       3,      18,       1,       3,       1,     10.0000,      1.4021,     42.6273,    249.0278,     62.6712,      3.4953,      0.1630,      0.1298,     67.9515,      0.1899,      5.5926,     11.1851,      1.6782,     28.4286,     56.8571,      0.0193,      0.0040,      0.2071,      0.2027,   7786.2192,-524297.6875,   -948.5010,    544.9427,  25954.0664,
       1,     169,       3,      19,       1,       3,       1,     10.0000,      1.4021,     42.6273,    249.0278,     62.6712,      3.4953,      0.0725,      0.0400,     29.8962,      0.1689,      5.5926,     11.1851,      1.4922,     28.4286,     56.8571,      0.0193,      0.0046,      0.0803,      0.2027,   7786.2202,-512865.3750,   -946.4741,    545.7254,  25954.0645,
       1,     169,       3,      20,       1,       3,       1,     10.0000,      1.4021,     42.6273,    249.0278,     62.6712,      3.4953,      0.0056,     -0.0265,      5.6203,      0.1574,      5.5926,     11.1851,      1.3912,     28.4286,     56.8571,      0.0193,      0.0044,      0.0156,      0.2027,   7786.2197,-464183.4375,   -936.9164,    549.0469,  25954.0605,
       1,     169,       3,      21,       1,       3,       1,     10.0000,      1.4021,     42.6273,    249.0278,     62.6712,      3.4953,      0.0000,     -0.0319,      5.6297,      0.1493,      5.5926,     11.1851,      1.3190,     28.4286,     56.8571,      0.0193,      0.0044,      0.0156,      0.2027,   7786.2183,-429623.3125,   -930.0203,    551.4288,  25954.0625,
       1,     169,       3,      22,       1,       3,       1,     10.0000,      1.4021,     42.6273,    249.0278,     62.6712,      3.4953,      0.0000,     -0.0317,      5.8321,      0.1456,      5.5926,     11.1851,      1.2862,     28.4286,     56.8571,      0.0193,      0.0046,      0.0156,      0.2028,   7786.2192,-426658.0938,   -929.3846,    551.6384,  25954.0625,
       1,     169,       3,      23,       1,       3,       1,     10.0000,      1.4021,     42.6273,    249.0278,     62.6712,      3.4953,      0.0000,     -0.0317,      5.5236,      0.1456,      5.5926,     11.1851,      1.2862,     28.4286,     56.8571,      0.0193,      0.0043,      0.0156,      0.2028,   7786.2192,-426649.0625,   -929.3344,    551.6390,  25954.0645,
       1,     169,       3,      24,       1,       3,       1,     10.0000,      1.4021,     42.6273,    249.0278,     62.6712,      3.4953,      0.0000,     -0.0317,      4.0462,      0.1444,      5.5926,     11.1851,      1.2758,     28.4286,     56.8571,      0.0193,      0.0032,      0.0156,      0.2028,   7786.2197,-426261.9062,   -929.2106,    551.6658,  25954.0625,
       1,     169,       4,       1,       1,       3,       1,     10.0000,      1.4021,     42.6277,    249.0336,     62.6727,      3.4953,      0.0000,     -0.0316,      2.9828,      0.1424,      5.5926,     11.1852,      1.2580,     28.4329,     56.8659,      0.0193,      0.0023,      0.0156,      0.2028,   7786.2192,-424532.6250,   -929.1208,    551.7979,  25955.2129,
       1,     169,       4,       2,       1,       3,       1,     10.0000,      1.4021,     42.6277,    249.0336,     62.6727,      3.4953,      0.0000,     -0.0315,      2.4088,      0.1398,      5.5926,     11.1852,      1.2353,     28.4329,     56.8659,      0.0193,      0.0019,      0.0156,      0.2028,   7786.5640,-422901.4688,   -928.4869,    551.9105,  25955.2129,
       1,     169,       4,       3,       1,       3,       1,     10.0000,      1.4021,     42.6277,    249.0336,     62.6727,      3.4953,      0.0000,     -0.0314,      2.0972,      0.1356,      5.5926,     11.1852,      1.1983,     28.4329,     56.8659,      0.0193,      0.0016,      0.0156,      0.2028,   7786.5640,-422042.2188,   -928.2974,    551.9697,  25955.2109,
       1,     169,       4,       4,       1,       3,       1,     10.0000,      1.4021,     42.6277,    249.0336,     62.6727,      3.4953,      0.0000,     -0.0312,      2.2238,      0.1323,      5.5926,     11.1852,      1.1695,     28.4329,     56.8659,      0.0193,      0.0017,      0.0156,      0.2028,   7786.5635,-421578.2812,   -928.1907,    552.0018,  25955.2090,
       1,     169,       4,       5,       1,       3,       1,     10.0000,      1.4021,     42.6277,    249.0336,     62.6727,      3.4953,      0.0000,     -0.0311,      2.4251,      0.1298,      5.5926,     11.1852,      1.1471,     28.4329,     56.8659,      0.0193,      0.0019,      0.0156,      0.2028,   7786.5630,-421696.7500,   -928.2007,    551.9936,  25955.2109,
       1,     169,       4,       6,       1,       3,       1,     10.0000,      1.4021,     42.6277,    249.0336,     62.6727,      3.4953,      0.0000,     -0.0312,      2.4949,      0.1321,      5.5926,     11.1852,      1.1671,     28.4329,     56.8659,      0.0193,      0.0020,      0.0156,      0.2028,   7786.5635,-421958.7500,   -928.2370,    551.9755,  25955.2090,
       1,     169,       4,       7,       1,       3,       1,     10.0000,      1.4021,     42.6277,    249.0336,     62.6727,      3.4953,      0.0000,     -0.0312,      2.1629,      0.1322,      5.5926,     11.1852,      1.1683,     28.4329,     56.8659,      0.0193,      0.0017,      0.0156,      0.2028,   7786.5630,-422068.9688,   -928.2417,    551.9679,  25955.2090,
       1,     169,       4,       8,       1,       3,       1,     10.0000,      1.4021,     42.6277,    249.0336,     62.6727,      3.4953,      0.0014,     -0.0300,      1.9789,      0.1351,      5.5926,     11.1852,      1.1935,     28.4329,     56.8659,      0.0193,      0.0016,      0.0156,      0.2028,   7786.5630,-421663.0625,   -928.1454,    551.9959,  25955.2109,
       1,     169,       4,       9,       1,       3,       1,     10.0000,      1.4021,     42.6277,    249.0336,     62.6727,      3.4953,      0.0598,      0.0283,      6.5790,      0.1401,      5.5926,     11.1852,      1.2378,     28.4329,     56.8659,      0.0193,      0.0012,      0.0653,      0.2028,   7786.5635,-421397.4062,   -928.0775,    552.0142,  25955.2109,
       1,     169,       4,      10,       1,       3,       1,     10.0000,      1.4021,     42.6277,    249.0336,     62.6727,      3.4953,      0.1435,      0.1112,     12.8464,      0.1636,      5.5926,     11.1852,      1.4453,     28.4329,     56.8659,      0.0193,      0.0008,      0.1852,      0.2028,   7786.5635,-427131.3125,   -929.2168,    551.6185,  25955.2109,
       1,     169,       4,      11,       1,       3,       1,     10.0000,      1.4021,     42.6277,    249.0336,     62.6727,      3.4953,      0.1833,      0.1505,     15.5555,      0.1770,      5.5926,     11.1852,      1.5639,     28.4329,     56.8659,      0.0193,      0.0008,      0.2427,      0.2028,   7786.5635,-435470.7188,   -930.8815,    551.0436,  25955.2109,
       1,     169,       4,      12,       1,       3,       1,     10.0000,      1.4021,     42.6277,    249.0336,     62.6727,      3.4953,      0.1785,      0.1454,     17.8012,      0.1856,      5.5926,     11.1852,      1.6404,     28.4329,     56.8659,      0.0193,      0.0009,      0.2354,      0.2028,   7786.5635,-439582.3125,   -931.6862,    550.7608,  25955.2109,
       1,     169,       4,      13,       1,       3,       1,     10.0000,      1.4021,     42.6277,    249.0336,     62.6727,      3.4953,      0.1889,      0.1554,     24.0819,      0.1996,      5.5926,     11.1852,      1.7633,     28.4329,     56.8659,      0.0193,      0.0012,      0.2500,      0.2028,   7786.5635,-442747.9375,   -932.3087,    550.5430,  25955.2109,
       1,     169,       4,      14,       1,       3,       1,     10.0000,      1.4021,     42.6277,    249.0336,     62.6727,      3.4953,      0.1893,      0.1557,     29.0467,      0.2035,      5.5926,     11.1852,      1.7985,     28.4329,     56.8659,      0.0193,      0.0014,      0.2500,      0.2028,   7786.5635,-450883.4062,   -933.9067,    549.9832,  25955.2109,
       1,     169,       4,      15,       1,       3,       1,     10.0000,      1.4021,     42.6277,    249.0336,     62.6727,      3.4953,      0.1914,      0.1577,     56.6956,      0.2074,      5.5926,     11.1852,      1.8325,     28.4329,     56.8659,      0.0193,      0.0028,      0.2500,      0.2028,   7786.5635,-457801.5312,   -935.2747,    549.5078,  25955.2109,
       1,     169,       4,      16,       1,       3,       1,     10.0000,      1.4021,     42.6277,    249.0336,     62.6727,      3.4953,      0.1867,      0.1534,     75.3803,      0.1928,      5.5926,     11.1852,      1.7033,     28.4329,     56.8659,      0.0193,      0.0038,      0.2408,      0.2028,   7786.5635,-493017.6250,   -942.4025,    547.0891,  25955.2109,
       1,     169,       4,      17,       1,       3,       1,     10.0000,      1.4021,     42.6277,    249.0336,     62.6727,      3.4953,      0.1849,      0.1517,     86.3944,      0.1907,      5.5926,     11.1852,      1.6849,     28.4329,     56.8659,      0.0193,      0.0045,      0.2369,      0.2027,   7786.5635,-519474.7500,   -947.9088,    545.2851,  25955.2129,
       1,     169,       4,      18,       1,       3,       1,     10.0000,      1.4021,     42.6277,    249.0336,     62.6727,      3.4953,      0.1628,      0.1299,     89.2797,      0.1809,      5.5926,     11.1852,      1.5985,     28.4329,     56.8659,      0.0193,      0.0053,      0.2044,      0.2027,   7786.5640,-535557.1875,   -951.4257,    544.1918,  25955.2109,
       1,     169,       4,      19,       1,       3,       1,     10.0000,      1.4021,     42.6277,    249.0336,     62.6727,      3.4953,      0.0929,      0.0604,     47.3775,      0.1670,      5.5926,     11.1852,      1.4760,     28.4329,     56.8659,      0.0193,      0.0054,      0.1078,      0.2027,   7786.5635,-540557.1875,   -952.7790,    543.8528,  25955.2090,
       1,     169,       4,      20,       1,       3,       1,     10.0000,      1.4021,     42.6277,    249.0336,     62.6727,      3.4953,      0.0059,     -0.0263,      6.5871,      0.1571,      5.5926,     11.1852,      1.3885,     28.4329,     56.8659,      0.0193,      0.0052,      0.0156,      0.2027,   7786.5630,-488451.0938,   -942.5624,    547.3952,  25955.2109,
       1,     169,       4,      21,       1,       3,       1,     10.0000,      1.4021,     42.6277,    249.0336,     62.6727,      3.4953,      0.0000,     -0.0319,      6.0078,      0.1494,      5.5926,     11.1852,      1.3204,     28.4329,     56.8659,      0.0193,      0.0047,      0.0156,      0.2027,   7786.5635,-432910.0312,   -931.4296,    551.2072,  25955.2109,
       1,     169,       4,      22,       1,       3,       1,     10.0000,      1.4021,     42.6277,    249.0336,     62.6727,      3.4953,      0.0000,     -0.0317,      5.8731,      0.1461,      5.5926,     11.1852,      1.2914,     28.4329,     56.8659,      0.0193,      0.0046,      0.0156,      0.2028,   7786.5635,-427426.8750,   -930.2891,    551.5981,  25955.2090,
       1,     169,       4,      23,       1,       3,       1,     10.0000,      1.4021,     42.6277,    249.0336,     62.6727,      3.4953,      0.0000,     -0.0318,      5.1057,      0.1463,      5.5926,     11.1852,      1.2927,     28.4329,     56.8659,      0.0193,      0.0040,      0.0156,      0.2028,   7786.5630,-426769.1875,   -930.1207,    551.6437,  25955.2090,
       1,     169,       4,      24,       1,       3,       1,     10.0000,      1.4021,     42.6277,    249.0336,     62.6727,      3.4953,      0.0000,     -0.0318,      4.3174,      0.1476,      5.5926,     11.1852,      1.3045,     28.4329,     56.8659,      0.0193,      0.0034,      0.0156,      0.2028,   7786.5630,-425751.6562,   -929.8842,    551.7139,  25955.2090,
       1,     169,       5,       1,       1,       3,       1,     10.0000,      1.4021,     42.6280,    249.0394,     62.6741,      3.4953,      0.0000,     -0.0318,      3.6247,      0.1487,      5.5932,     11.1863,      1.3138,     28.4372,     56.8745,      0.0193,      0.0028,      0.0156,      0.2028,   7786.5630,-424830.8125,   -929.9636,    551.7903,  25956.3574,
       1,     169,       5,       2,       1,       3,       1,     10.0000,      1.4021,     42.6280,    249.0394,     62.6741,      3.4953,      0.0000,     -0.0318,      3.0227,      0.1464,      5.5932,     11.1863,      1.2941,     28.4372,     56.8745,      0.0193,      0.0024,      0.0156,      0.2028,   7786.9077,-423733.3125,   -929.4330,    551.8660,  25956.3594,
       1,     169,       5,       3,       1,       3,       1,     10.0000,      1.4021,     42.6280,    249.0394,     62.6741,      3.4953,      0.0000,     -0.0317,      2.7406,      0.1457,      5.5932,     11.1863,      1.2875,     28.4372,     56.8745,      0.0193,      0.0022,      0.0156,      0.2028,   7786.9082,-422885.1875,   -929.2447,    551.9245,  25956.3594,
       1,     169,       5,       4,       1,       3,       1,     10.0000,      1.4021,     42.6280,    249.0394,     62.6741,      3.4953,      0.0000,     -0.0317,      2.6868,      0.1441,      5.5932,     11.1863,      1.2733,     28.4372,     56.8745,      0.0193,      0.0021,      0.0156,      0.2028,   7786.9082,-422459.0000,   -929.1436,    551.9540,  25956.3594,
       1,     169,       5,       5,       1,       3,       1,     10.0000,      1.4021,     42.6280,    249.0394,     62.6741,      3.4953,      0.0000,     -0.0317,      2.7000,      0.1445,      5.5932,     11.1863,      1.2772,     28.4372,     56.8745,      0.0193,      0.0021,      0.0156,      0.2028,   7786.9082,-422354.7500,   -929.1078,    551.9611,  25956.3594,
       1,     169,       5,       6,       1,       3,       1,     10.0000,      1.4021,     42.6280,    249.0394,     62.6741,      3.4953,      0.0000,     -0.0315,      2.7064,      0.1405,      5.5932,     11.1863,      1.2416,     28.4372,     56.8745,      0.0193,      0.0021,      0.0156,      0.2028,   7786.9082,-422362.3125,   -929.0947,    551.9606,  25956.3574,
       1,     169,       5,       7,       1,       3,       1,     10.0000,      1.4021,     42.6280,    249.0394,     62.6741,      3.4953,      0.0000,     -0.0314,      2.4465,      0.1367,      5.5932,     11.1863,      1.2081,     28.4372,     56.8745,      0.0193,      0.0019,      0.0156,      0.2028,   7786.9077,-422371.1875,   -929.0834,    551.9600,  25956.3574,
       1,     169,       5,       8,       1,       3,       1,     10.0000,      1.4021,     42.6280,    249.0394,     62.6741,      3.4953,      0.0014,     -0.0300,      2.5348,      0.1376,      5.5932,     11.1863,      1.2155,     28.4372,     56.8745,      0.0193,      0.0020,      0.0156,      0.2028,   7786.9077,-422046.7188,   -929.0051,    551.9824,  25956.3594,
       1,     169,       5,       9,       1,       3,       1,     10.0000,      1.4021,     42.6280,    249.0394,     62.6741,      3.4953,      0.0693,      0.0376,     12.6917,      0.1459,      5.5932,     11.1863,      1.2888,     28.4372,     56.8745,      0.0193,      0.0020,      0.0782,      0.2028,   7786.9082,-422128.9375,   -929.0079,    551.9766,  25956.3613,
       1,     169,       5,      10,       1,       3,       1,     10.0000,      1.4021,     42.6280,    249.0394,     62.6741,      3.4953,      0.1554,      0.1229,     32.9087,      0.1665,      5.5932,     11.1863,      1.4716,     28.4372,     56.8745,      0.0193,      0.0020,      0.2000,      0.2028,   7786.9087,-434845.4375,   -931.5780,    551.0993,  25956.3594,
       1,     169,       5,      11,       1,       3,       1,     10.0000,      1.4021,     42.6280,    249.0394,     62.6741,      3.4953,      0.1839,      0.1509,     37.2212,      0.1834,      5.5932,     11.1863,      1.6210,     28.4372,     56.8745,      0.0193,      0.0019,      0.2411,      0.2028,   7786.9082,-461247.6562,   -936.9449,    549.2812,  25956.3613,
       1,     169,       5,      12,       1,       3,       1,     10.0000,      1.4021,     42.6280,    249.0394,     62.6741,      3.4953,      0.1898,      0.1562,     34.9217,      0.2015,      5.5932,     11.1863,      1.7809,     28.4372,     56.8745,      0.0193,      0.0017,      0.2500,      0.2028,   7786.9087,-468931.5938,   -938.5682,    548.7567,  25956.3594,
       1,     169,       5,      13,       1,       3,       1,     10.0000,      1.4021,     42.6280,    249.0394,     62.6741,      3.4953,      0.1860,      0.1522,     34.4695,      0.2128,      5.5932,     11.1863,      1.8801,     28.4372,     56.8745,      0.0193,      0.0017,      0.2447,      0.2028,   7786.9082,-466711.0625,   -938.1868,    548.9092,  25956.3594,
       1,     169,       5,      14,       1,       3,       1,     10.0000,      1.4021,     42.6280,    249.0394,     62.6741,      3.4953,      0.1897,      0.1557,     49.3480,      0.2200,      5.5932,     11.1863,      1.9439,     28.4372,     56.8745,      0.0193,      0.0024,      0.2485,      0.2028,   7786.9082,-465953.5000,   -938.1077,    548.9612,  25956.3574,
       1,     169,       5,      15,       1,       3,       1,     10.0000,      1.4021,     42.6280,    249.0394,     62.6741,      3.4953,      0.1872,      0.1532,     66.9730,      0.2155,      5.5932,     11.1863,      1.9043,     28.4372,     56.8745,      0.0193,      0.0034,      0.2427,      0.2028,   7786.9077,-484518.0625,   -941.9594,    547.6873,  25956.3555,
       1,     169,       5,      16,       1,       3,       1,     10.0000,      1.4021,     42.6280,    249.0394,     62.6741,      3.4953,      0.1869,      0.1531,     86.3497,      0.2117,      5.5932,     11.1863,      1.8708,     28.4372,     56.8745,      0.0193,      0.0044,      0.2401,      0.2028,   7786.9067,-508196.4688,   -946.9313,    546.0677,  25956.3574,
       1,     169,       5,      17,       1,       3,       1,     10.0000,      1.4021,     42.6280,    249.0394,     62.6741,      3.4953,      0.1823,      0.1486,    104.6954,      0.2052,      5.5932,     11.1863,      1.8128,     28.4372,     56.8745,      0.0193,      0.0055,      0.2311,      0.2027,   7786.9077,-534516.6875,   -952.5344,    544.2734,  25956.3594,
       1,     169,       5,      18,       1,       3,       1,     10.0000,      1.4021,     42.6280,    249.0394,     62.6741,      3.4953,      0.1610,      0.1276,    101.5035,      0.1957,      5.5932,     11.1863,      1.7288,     28.4372,     56.8745,      0.0193,      0.0062,      0.2004,      0.2027,   7786.9082,-559782.3125,   -958.0354,    542.5576,  25956.3574,
       1,     169,       5,      19,       1,       3,       1,     10.0000,      1.4021,     42.6280,    249.0394,     62.6741,      3.4953,      0.1187,      0.0858,     72.3676,      0.1807,      5.5932,     11.1863,      1.5970,     28.4372,     56.8745,      0.0193,      0.0062,      0.1423,      0.2027,   7786.9077,-557956.6250,   -958.1116,    542.6840,  25956.3574,
       1,     169,       5,      20,       1,       3,       1,     10.0000,      1.4021,     42.6280,    249.0394,     62.6741,      3.4953,      0.0098,     -0.0225,      7.3903,      0.1629,      5.5932,     11.1863,      1.4395,     28.4372,     56.8745,      0.0193,      0.0058,      0.0156,      0.2027,   7786.9077,-521260.8438,   -951.0338,    545.1733,  25956.3574,
       1,     169,       5,      21,       1,       3,       1,     10.0000,      1.4021,     42.6280,    249.0394,     62.6741,      3.4953,      0.0000,     -0.0320,      6.9162,      0.1522,      5.5932,     11.1863,      1.3445,     28.4372,     56.8745,      0.0193,      0.0054,      0.0156,      0.2027,   7786.9077,-436696.0625,   -933.9588,    550.9419,  25956.3574,
       1,     169,       5,      22,       1,       3,       1,     10.0000,      1.4021,     42.6280,    249.0394,     62.6741,      3.4953,      0.0000,     -0.0318,      6.4882,      0.1485,      5.5932,     11.1863,      1.3124,     28.4372,     56.8745,      0.0193,      0.0051,      0.0156,      0.2028,   7786.9077,-428914.0000,   -932.3480,    551.5084,  25956.3574,
       1,     169,       5,      23,       1,       3,       1,     10.0000,      1.4021,     42.6280,    249.0394,     62.6741,      3.4953,      0.0000,     -0.0318,      5.9316,      0.1466,      5.5932,     11.1863,      1.2954,     28.4372,     56.8745,      0.0193,      0.0047,      0.0156,      0.2028,   7786.9077,-427669.5625,   -932.0679,    551.5945,  25956.3574,
       1,     169,       5,      24,       1,       3,       1,     10.0000,      1.4021,     42.6280,    249.0394,     62.6741,      3.4953,      0.0000,     -0.0317,      5.1525,      0.1456,      5.5932,     11.1863,      1.2862,     28.4372,     56.8745,      0.0193,      0.0040,      0.0156,      0.2028,   7786.9077,-426865.2812,   -931.8811,    551.6500,  25956.3574,
       1,     169,       6,       1,       1,       3,       1,     10.0000,      1.4021,     42.6283,    249.0452,     62.6756,      3.4953,      0.0000,     -0.0317,      3.7209,      0.1445,      5.5926,     11.1853,      1.2772,     28.4426,     56.8853,      0.0193,      0.0029,      0.0156,      0.2028,   7786.9077,-425973.6875,   -931.9727,    551.7242,  25957.5039,
       1,     169,       6,       2,       1,       3,       1,     10.0000,      1.4021,     42.6283,    249.0452,     62.6756,      3.4953,      0.0000,     -0.0317,      3.2999,      0.1443,      5.5926,     11.1853,      1.2746,     28.4426,     56.8853,      0.0193,      0.0026,      0.0156,      0.2028,   7787.2515,-423955.0312,   -931.2575,    551.8633,  25957.5039,
       1,     169,       6,       3,       1,       3,       1,     10.0000,      1.4021,     42.6283,    249.0452,     62.6756,      3.4953,      0.0000,     -0.0316,      2.7562,      0.1408,      5.5926,     11.1853,      1.2441,     28.4426,     56.8853,      0.0193,      0.0022,      0.0156,      0.2028,   7787.2515,-423254.1250,   -931.1028,    551.9117,  25957.5039,
       1,     169,       6,       4,       1,       3,       1,     10.0000,      1.4021,     42.6283,    249.0452,     62.6756,      3.4953,      0.0000,     -0.0315,      2.6849,      0.1388,      5.5926,     11.1853,      1.2266,     28.4426,     56.8853,      0.0193,      0.0021,      0.0156,      0.2028,   7787.2515,-422513.3438,   -930.9426,    551.9629,  25957.5039,
       1,     169,       6,       5,       1,       3,       1,     10.0000,      1.4021,     42.6283,    249.0452,     62.6756,      3.4953,      0.0000,     -0.0314,      2.6201,      0.1377,      5.5926,     11.1853,      1.2167,     28.4426,     56.8853,      0.0193,      0.0021,      0.0156,      0.2028,   7787.2515,-422360.0938,   -930.9024,    551.9734,  25957.5039,
       1,     169,       6,       6,       1,       3,       1,     10.0000,      1.4021,     42.6283,    249.0452,     62.6756,      3.4953,      0.0000,     -0.0314,      2.3799,      0.1373,      5.5926,     11.1853,      1.2130,     28.4426,     56.8853,      0.0193,      0.0019,      0.0156,      0.2028,   7787.2515,-422265.8125,   -930.8743,    551.9799,  25957.5020,
       1,     169,       6,       7,       1,       3,       1,     10.0000,      1.4021,     42.6283,    249.0452,     62.6756,      3.4953,      0.0000,     -0.0312,      2.2219,      0.1326,      5.5926,     11.1853,      1.1719,     28.4426,     56.8853,      0.0193,      0.0017,      0.0156,      0.2028,   7787.2510,-421957.4688,   -930.8043,    552.0012,  25957.5039,
       1,     169,       6,       8,       1,       3,       1,     10.0000,      1.4021,     42.6283,    249.0452,     62.6756,      3.4953,      0.0014,     -0.0298,      1.8899,      0.1321,      5.5926,     11.1853,      1.1672,     28.4426,     56.8853,      0.0193,      0.0015,      0.0156,      0.2028,   7787.2515,-421732.9375,   -930.7505,    552.0167,  25957.5039,
       1,     169,       6,       9,       1,       3,       1,     10.0000,      1.4021,     42.6283,    249.0452,     62.6756,      3.4953,      0.0704,      0.0390,      9.1228,      0.1385,      5.5926,     11.1853,      1.2241,     28.4426,     56.8853,      0.0193,      0.0014,      0.0804,      0.2029,   7787.2515,-421298.0000,   -930.6556,    552.0467,  25957.5039,
       1,     169,       6,      10,       1,       3,       1,     10.0000,      1.4021,     42.6283,    249.0452,     62.6756,      3.4953,      0.1592,      0.1269,     20.1353,      0.1624,      5.5926,     11.1853,      1.4352,     28.4426,     56.8853,      0.0193,      0.0012,      0.2071,      0.2029,   7787.2515,-430309.9062,   -932.4999,    551.4248,  25957.5039,
       1,     169,       6,      11,       1,       3,       1,     10.0000,      1.4021,     42.6283,    249.0452,     62.6756,      3.4953,      0.1885,      0.1556,     30.1185,      0.1807,      5.5926,     11.1853,      1.5970,     28.4426,     56.8853,      0.0193,      0.0015,      0.2485,      0.2028,   7787.2515,-444869.0000,   -935.4882,    550.4217,  25957.5059,
       1,     169,       6,      12,       1,       3,       1,     10.0000,      1.4021,     42.6283,    249.0452,     62.6756,      3.4953,      0.1889,      0.1556,     23.8608,      0.1951,      5.5926,     11.1853,      1.7238,     28.4426,     56.8853,      0.0193,      0.0012,      0.2500,      0.2028,   7787.2520,-458621.6250,   -938.3270,    549.4763,  25957.5039,
       1,     169,       6,      13,       1,       3,       1,     10.0000,      1.4021,     42.6283,    249.0452,     62.6756,      3.4953,      0.1894,      0.1558,     30.0233,      0.2017,      5.5926,     11.1853,      1.7827,     28.4426,     56.8853,      0.0193,      0.0015,      0.2500,      0.2028,   7787.2515,-451975.0312,   -937.0088,    549.9337,  25957.5039,
       1,     169,       6,      14,       1,       3,       1,     10.0000,      1.4021,     42.6283,    249.0452,     62.6756,      3.4953,      0.1899,      0.1563,     36.1407,      0.2027,      5.5926,     11.1853,      1.7915,     28.4426,     56.8853,      0.0193,      0.0018,      0.2500,      0.2028,   7787.2515,-459115.5312,   -938.5004,    549.4431,  25957.5039,
       1,     169,       6,      15,       1,       3,       1,     10.0000,      1.4021,     42.6283,    249.0452,     62.6756,      3.4953,      0.1920,      0.1582,     64.2986,      0.2103,      5.5926,     11.1853,      1.8580,     28.4426,     56.8853,      0.0193,      0.0031,      0.2500,      0.2028,   7787.2515,-467389.1250,   -940.2564,    548.8750,  25957.5039,
       1,     169,       6,      16,       1,       3,       1,     10.0000,      1.4021,     42.6283,    249.0452,     62.6756,      3.4953,      0.1915,      0.1578,     84.4548,      0.2058,      5.5926,     11.1853,      1.8182,     28.4426,     56.8853,      0.0193,      0.0042,      0.2469,      0.2028,   7787.2515,-503356.2188,   -947.7329,    546.4076,  25957.5020,
       1,     169,       6,      17,       1,       3,       1,     10.0000,      1.4021,     42.6283,    249.0452,     62.6756,      3.4953,      0.1861,      0.1528,     96.0759,      0.1939,      5.5926,     11.1853,      1.7136,     28.4426,     56.8853,      0.0193,      0.0049,      0.2376,      0.2028,   7787.2510,-531718.6875,   -953.7982,    544.4760,  25957.5039,
       1,     169,       6,      18,       1,       3,       1,     10.0000,      1.4021,     42.6283,    249.0452,     62.6756,      3.4953,      0.1644,      0.1314,     87.8034,      0.1831,      5.5926,     11.1853,      1.6178,     28.4426,     56.8853,      0.0193,      0.0052,      0.2070,      0.2027,   7787.2515,-548725.4375,   -957.6463,    543.3219,  25957.5039,
       1,     169,       6,      19,       1,       3,       1,     10.0000,      1.4021,     42.6283,    249.0452,     62.6756,      3.4953,      0.1023,      0.0697,     51.6560,      0.1730,      5.5926,     11.1853,      1.5285,     28.4426,     56.8853,      0.0193,      0.0052,      0.1210,      0.2027,   7787.2515,-539816.1250,   -956.2250,    543.9282,  25957.5039,
       1,     169,       6,      20,       1,       3,       1,     10.0000,      1.4021,     42.6283,    249.0452,     62.6756,      3.4953,      0.0075,     -0.0249,      7.2088,      0.1637,      5.5926,     11.1853,      1.4468,     28.4426,     56.8853,      0.0193,      0.0057,      0.0156,      0.2027,   7787.2515,-493741.5938,   -947.0800,    547.0612,  25957.5020,
       1,     169,       6,      21,       1,       3,       1,     10.0000,      1.4021,     42.6283,    249.0452,     62.6756,      3.4953,      0.0000,     -0.0322,      6.8698,      0.1578,      5.5926,     11.1853,      1.3941,     28.4426,     56.8853,      0.0193,      0.0054,      0.0156,      0.2028,   7787.2510,-434139.8125,   -934.9307,    551.1460,  25957.5020,
       1,     169,       6,      22,       1,       3,       1,     10.0000,      1.4021,     42.6283,    249.0452,     62.6756,      3.4953,      0.0000,     -0.0321,      6.0706,      0.1548,      5.5926,     11.1853,      1.3678,     28.4426,     56.8853,      0.0193,      0.0048,      0.0156,      0.2028,   7787.2510,-428618.9688,   -933.7817,    551.5416,  25957.5000,
       1,     169,       6,      23,       1,       3,       1,     10.0000,      1.4021,     42.6283,    249.0452,     62.6756,      3.4953,      0.0000,     -0.0321,      5.5896,      0.1551,      5.5926,     11.1853,      1.3705,     28.4426,     56.8853,      0.0193,      0.0044,      0.0156,      0.2028,   7787.2505,-427124.1875,   -933.4608,    551.6448,  25957.5000,
       1,     169,       6,      24,       1,       3,       1,     10.0000,      1.4021,     42.6283,    249.0452,     62.6756,      3.4953,      0.0000,     -0.0320,      4.3635,      0.1519,      5.5926,     11.1853,      1.3419,     28.4426,     56.8853,      0.0193,      0.0034,      0.0156,      0.2028,   7787.2505,-426393.0312,   -933.2971,    551.6953,  25957.5039,
       1,     169,       7,       1,       1,       3,       1,     10.0000,      1.4022,     42.6286,    249.0510,     62.6771,      3.4953,      0.0000,     -0.0319,      3.4374,      0.1494,      5.5930,     11.1860,      1.3205,     28.4484,     56.8969,      0.0193,      0.0027,      0.0156,      0.2029,   7787.2515,-424948.1250,   -933.2845,    551.8077,  25958.6504,
       1,     169,       7,       2,       1,       3,       1,     10.0000,      1.4022,     42.6286,    249.0510,     62.6771,      3.4953,      0.0000,     -0.0318,      2.7285,      0.1475,      5.5930,     11.1860,      1.3033,     28.4484,     56.8969,      0.0193,      0.0021,      0.0156,      0.2029,   7787.5952,-423514.5312,   -932.6897,    551.9066,  25958.6504,
       1,     169,       7,       3,       1,       3,       1,     10.0000,      1.4022,     42.6286,    249.0510,     62.6771,      3.4953,      0.0000,     -0.0318,      2.3205,      0.1485,      5.5930,     11.1860,      1.3125,     28.4484,     56.8969,      0.0193,      0.0018,      0.0156,      0.2029,   7787.5952,-422503.8750,   -932.4761,    551.9763,  25958.6504,
       1,     169,       7,       4,       1,       3,       1,     10.0000,      1.4022,     42.6286,    249.0510,     62.6771,      3.4953,      0.0000,     -0.0319,      2.0828,      0.1511,      5.5930,     11.1860,      1.3352,     28.4484,     56.8969,      0.0193,      0.0016,      0.0156,      0.2029,   7787.5952,-421906.2500,   -932.3488,    552.0175,  25958.6504,
       1,     169,       7,       5,       1,       3,       1,     10.0000,      1.4022,     42.6286,    249.0510,     62.6771,      3.4953,      0.0000,     -0.0319,      1.8463,      0.1506,      5.5930,     11.1860,      1.3311,     28.4484,     56.8969,      0.0193,      0.0014,      0.0156,      0.2029,   7787.5952,-421557.3125,   -932.2729,    552.0416,  25958.6504,
       1,     169,       7,       6,       1,       3,       1,     10.0000,      1.4022,     42.6286,    249.0510,     62.6771,      3.4953,      0.0000,     -0.0319,      1.7324,      0.1494,      5.5930,     11.1860,      1.3205,     28.4484,     56.8969,      0.0193,      0.0014,      0.0156,      0.2029,   7787.5952,-421231.4375,   -932.2026,    552.0641,  25958.6504,
       1,     169,       7,       7,       1,       3,       1,     10.0000,      1.4022,     42.6286,    249.0510,     62.6771,      3.4953,      0.0000,     -0.0318,      1.4688,      0.1482,      5.5930,     11.1860,      1.3099,     28.4484,     56.8969,      0.0193,      0.0012,      0.0156,      0.2029,   7787.5952,-421060.6250,   -932.1646,    552.0758,  25958.6504,
       1,     169,       7,       8,       1,       3,       1,     10.0000,      1.4022,     42.6286,    249.0510,     62.6771,      3.4953,      0.0012,     -0.0305,      1.3395,      0.1463,      5.5930,     11.1860,      1.2928,     28.4484,     56.8969,      0.0193,      0.0011,      0.0156,      0.2029,   7787.5952,-420716.3125,   -932.0913,    552.0996,  25958.6484,
       1,     169,       7,       9,       1,       3,       1,     10.0000,      1.4022,     42.6286,    249.0510,     62.6771,      3.4953,      0.0565,      0.0245,      5.7362,      0.1532,      5.5930,     11.1860,      1.3541,     28.4484,     56.8969,      0.0193,      0.0012,      0.0603,      0.2029,   7787.5947,-420525.0000,   -932.0504,    552.1129,  25958.6504,
       1,     169,       7,      10,       1,       3,       1,     10.0000,      1.4022,     42.6286,    249.0510,     62.6771,      3.4953,      0.1526,      0.1202,     17.7707,      0.1632,      5.5930,     11.1860,      1.4425,     28.4484,     56.8969,      0.0193,      0.0011,      0.1977,      0.2029,   7787.5952,-426008.4375,   -933.1785,    551.7344,  25958.6523,
       1,     169,       7,      11,       1,       3,       1,     10.0000,      1.4022,     42.6286,    249.0510,     62.6771,      3.4953,      0.1876,      0.1553,     20.7304,      0.1613,      5.5930,     11.1860,      1.4252,     28.4484,     56.8969,      0.0193,      0.0010,      0.2481,      0.2029,   7787.5962,-441537.9688,   -936.3781,    550.6635,  25958.6504,
       1,     169,       7,      12,       1,       3,       1,     10.0000,      1.4022,     42.6286,    249.0510,     62.6771,      3.4953,      0.1887,      0.1557,     19.1577,      0.1829,      5.5930,     11.1860,      1.6162,     28.4484,     56.8969,      0.0193,      0.0009,      0.2500,      0.2029,   7787.5952,-446584.6875,   -939.2957,    550.3171,  25958.6504,
       1,     169,       7,      13,       1,       3,       1,     10.0000,      1.4022,     42.6286,    249.0510,     62.6771,      3.4953,      0.1887,      0.1552,     20.6233,      0.1974,      5.5930,     11.1860,      1.7444,     28.4484,     56.8969,      0.0193,      0.0010,      0.2500,      0.2029,   7787.5952,-445050.7188,   -938.9399,    550.4227,  25958.6523,
       1,     169,       7,      14,       1,       3,       1,     10.0000,      1.4022,     42.6286,    249.0510,     62.6771,      3.4953,      0.1890,      0.1553,     25.5615,      0.2050,      5.5930,     11.1860,      1.8111,     28.4484,     56.8969,      0.0193,      0.0013,      0.2500,      0.2029,   7787.5962,-446752.1562,   -939.2706,    550.3057,  25958.6484,
       1,     169,       7,      15,       1,       3,       1,     10.0000,      1.4022,     42.6286,    249.0510,     62.6771,      3.4953,      0.1896,      0.1559,     32.5252,      0.2054,      5.5930,     11.1860,      1.8147,     28.4484,     56.8969,      0.0193,      0.0016,      0.2500,      0.2029,   7787.5947,-453079.3125,   -940.5496,    549.8705,  25958.6504,
       1,     169,       7,      16,       1,       3,       1,     10.0000,      1.4022,     42.6286,    249.0510,     62.6771,      3.4953,      0.1891,      0.1557,     26.0669,      0.1972,      5.5930,     11.1860,      1.7427,     28.4484,     56.8969,      0.0193,      0.0013,      0.2500,      0.2028,   7787.5952,-462340.5625,   -942.4650,    549.2341,  25958.6504,
       1,     169,       7,      17,       1,       3,       1,     10.0000,      1.4022,     42.6286,    249.0510,     62.6771,      3.4953,      0.1898,      0.1567,     50.7768,      0.1868,      5.5930,     11.1860,      1.6503,     28.4484,     56.8969,      0.0193,      0.0025,      0.2481,      0.2028,   7787.5952,-455055.0938,   -940.9872,    549.7346,  25958.6504,
       1,     169,       7,      18,       1,       3,       1,     10.0000,      1.4022,     42.6286,    249.0510,     62.6771,      3.4953,      0.1663,      0.1335,     55.5987,      0.1761,      5.5930,     11.1860,      1.5562,     28.4484,     56.8969,      0.0193,      0.0032,      0.2133,      0.2028,   7787.5952,-485355.3438,   -947.2895,    547.6528,  25958.6523,
       1,     169,       7,      19,       1,       3,       1,     10.0000,      1.4022,     42.6286,    249.0510,     62.6771,      3.4953,      0.0954,      0.0631,     31.8149,      0.1623,      5.5930,     11.1860,      1.4338,     28.4484,     56.8969,      0.0193,      0.0034,      0.1134,      0.2028,   7787.5962,-494013.8125,   -949.2266,    547.0640,  25958.6484,
       1,     169,       7,      20,       1,       3,       1,     10.0000,      1.4022,     42.6286,    249.0510,     62.6771,      3.4953,      0.0062,     -0.0259,      4.1784,      0.1542,      5.5930,     11.1860,      1.3623,     28.4484,     56.8969,      0.0193,      0.0033,      0.0156,      0.2028,   7787.5947,-464969.3125,   -943.3898,    549.0505,  25958.6465,
       1,     169,       7,      21,       1,       3,       1,     10.0000,      1.4022,     42.6286,    249.0510,     62.6771,      3.4953,      0.0000,     -0.0320,      3.8350,      0.1522,      5.5930,     11.1860,      1.3446,     28.4484,     56.8969,      0.0193,      0.0030,      0.0156,      0.2028,   7787.5942,-427885.4375,   -935.7772,    551.5992,  25958.6484,
       1,     169,       7,      22,       1,       3,       1,     10.0000,      1.4022,     42.6286,    249.0510,     62.6771,      3.4953,      0.0000,     -0.0320,      3.6553,      0.1534,      5.5930,     11.1860,      1.3555,     28.4484,     56.8969,      0.0193,      0.0029,      0.0156,      0.2029,   7787.5947,-424272.9062,   -935.0170,    551.8542,  25958.6484,
       1,     169,       7,      23,       1,       3,       1,     10.0000,      1.4022,     42.6286,    249.0510,     62.6771,      3.4953,      0.0000,     -0.0320,      3.7699,      0.1542,      5.5930,     11.1860,      1.3623,     28.4484,     56.8969,      0.0193,      0.0030,      0.0156,      0.2029,   7787.5947,-423729.0312,   -934.8911,    551.8917,  25958.6484,
       1,     169,       7,      24,       1,       3,       1,     10.0000,      1.4022,     42.6286,    249.0510,     62.6771,      3.4953,      0.0000,     -0.0319,      2.8714,      0.1500,      5.5930,     11.1860,      1.3258,     28.4484,     56.8969,      0.0193,      0.0023,      0.0156,      0.2029,   7787.5947,-423825.5312,   -935.3066,    551.8851,  25958.6484,
       1,     169,       8,       1,       1,       3,       1,     10.0000,      1.4022,     42.6290,    249.0567,     62.6785,      3.4953,      0.0000,     -0.0320,      2.2809,      0.1522,      5.5929,     11.1858,      1.3446,     28.4534,     56.9067,      0.0193,      0.0018,      0.0156,      0.2029,   7787.5947,-422862.8125,   -935.3919,    551.9642,  25959.7949,
       1,     169,       8,       2,       1,       3,       1,     10.0000,      1.4022,     42.6290,    249.0567,     62.6785,      3.4953,      0.0000,     -0.0320,      1.8635,      0.1517,      5.5929,     11.1858,      1.3406,     28.4534,     56.9067,      0.0193,      0.0015,      0.0156,      0.2029,   7787.9390,-421890.6875,   -934.8879,    552.0314,  25959.7969,
       1,     169,       8,       3,       1,       3,       1,     10.0000,      1.4022,     42.6290,    249.0567,     62.6785,      3.4953,      0.0000,     -0.0319,      1.4200,      0.1503,      5.5929,     11.1858,      1.3285,     28.4534,     56.9067,      0.0193,      0.0011,      0.0156,      0.2029,   7787.9395,-421284.5000,   -934.7546,    552.0732,  25959.7969,
       1,     169,       8,       4,       1,       3,       1,     10.0000,      1.4022,     42.6290,    249.0567,     62.6785,      3.4953,      0.0000,     -0.0319,      1.3847,      0.1506,      5.5929,     11.1858,      1.3312,     28.4534,     56.9067,      0.0193,      0.0011,      0.0156,      0.2029,   7787.9395,-420677.3125,   -934.6240,    552.1151,  25959.7969,
       1,     169,       8,       5,       1,       3,       1,     10.0000,      1.4022,     42.6290,    249.0567,     62.6785,      3.4953,      0.0000,     -0.0319,      0.7582,      0.1514,      5.5929,     11.1858,      1.3379,     28.4534,     56.9067,      0.0193,      0.0006,      0.0156,      0.2029,   7787.9395,-420580.8750,   -934.5991,    552.1218,  25959.7969,
       1,     169,       8,       6,       1,       3,       1,     10.0000,      1.4022,     42.6290,    249.0567,     62.6785,      3.4953,      0.0000,     -0.0319,      0.6997,      0.1502,      5.5929,     11.1858,      1.3272,     28.4534,     56.9067,      0.0193,      0.0005,      0.0156,      0.2029,   7787.9395,-419788.8125,   -934.4341,    552.1765,  25959.7988,
       1,     169,       8,       7,       1,       3,       1,     10.0000,      1.4022,     42.6290,    249.0567,     62.6785,      3.4953,      0.0000,     -0.0320,      1.1508,      0.1522,      5.5929,     11.1858,      1.3446,     28.4534,     56.9067,      0.0193,      0.0009,      0.0156,      0.2029,   7787.9399,-419646.9688,   -934.4028,    552.1862,  25959.7969,
       1,     169,       8,       8,       1,       3,       1,     10.0000,      1.4022,     42.6290,    249.0567,     62.6785,      3.4953,      0.0013,     -0.0307,      0.9433,      0.1531,      5.5929,     11.1858,      1.3528,     28.4534,     56.9067,      0.0193,      0.0007,      0.0156,      0.2029,   7787.9395,-420199.2500,   -934.5135,    552.1481,  25959.7969,
       1,     169,       8,       9,       1,       3,       1,     10.0000,      1.4022,     42.6290,    249.0567,     62.6785,      3.4953,      0.0363,      0.0041,      1.7854,      0.1587,      5.5929,     11.1858,      1.4026,     28.4534,     56.9067,      0.0193,      0.0007,      0.0313,      0.2029,   7787.9395,-419987.3438,   -934.4671,    552.1627,  25959.7969,
       1,     169,       8,      10,       1,       3,       1,     10.0000,      1.4022,     42.6290,    249.0567,     62.6785,      3.4953,      0.1496,      0.1168,     12.6900,      0.1740,      5.5929,     11.1858,      1.5378,     28.4534,     56.9067,      0.0193,      0.0008,      0.1939,      0.2029,   7787.9395,-421022.4375,   -934.6768,    552.0913,  25959.7949,
       1,     169,       8,      11,       1,       3,       1,     10.0000,      1.4022,     42.6290,    249.0567,     62.6785,      3.4953,      0.1839,      0.1506,     17.8984,      0.1926,      5.5929,     11.1858,      1.7018,     28.4534,     56.9067,      0.0193,      0.0009,      0.2433,      0.2029,   7787.9390,-434751.9062,   -937.5109,    551.1437,  25959.7969,
       1,     169,       8,      12,       1,       3,       1,     10.0000,      1.4022,     42.6290,    249.0567,     62.6785,      3.4953,      0.1890,      0.1557,     24.3173,      0.1926,      5.5929,     11.1858,      1.7018,     28.4534,     56.9067,      0.0193,      0.0012,      0.2500,      0.2029,   7787.9395,-442455.2500,   -939.0939,    550.6139,  25959.7969,
       1,     169,       8,      13,       1,       3,       1,     10.0000,      1.4022,     42.6290,    249.0567,     62.6785,      3.4953,      0.1891,      0.1555,     26.7514,      0.2046,      5.5929,     11.1858,      1.8076,     28.4534,     56.9067,      0.0193,      0.0013,      0.2500,      0.2029,   7787.9395,-451150.8438,   -940.8864,    550.0157,  25959.7988,
       1,     169,       8,      14,       1,       3,       1,     10.0000,      1.4022,     42.6290,    249.0567,     62.6785,      3.4953,      0.1874,      0.1534,     34.7773,      0.2166,      5.5929,     11.1858,      1.9138,     28.4534,     56.9067,      0.0193,      0.0017,      0.2467,      0.2029,   7787.9399,-454946.7188,   -941.6899,    549.7551,  25959.7969,
       1,     169,       8,      15,       1,       3,       1,     10.0000,      1.4022,     42.6290,    249.0567,     62.6785,      3.4953,      0.1912,      0.1573,     53.5462,      0.2128,      5.5929,     11.1858,      1.8802,     28.4534,     56.9067,      0.0193,      0.0026,      0.2500,      0.2029,   7787.9395,-465318.0625,   -943.8806,    549.0424,  25959.7969,
       1,     169,       8,      16,       1,       3,       1,     10.0000,      1.4022,     42.6290,    249.0567,     62.6785,      3.4953,      0.1932,      0.1594,     79.9062,      0.2101,      5.5929,     11.1858,      1.8563,     28.4534,     56.9067,      0.0193,      0.0039,      0.2500,      0.2029,   7787.9395,-489705.0938,   -949.0116,    547.3691,  25959.7930,
       1,     169,       8,      17,       1,       3,       1,     10.0000,      1.4022,     42.6290,    249.0567,     62.6785,      3.4953,      0.1815,      0.1479,     74.5165,      0.2008,      5.5929,     11.1858,      1.7740,     28.4534,     56.9067,      0.0193,      0.0039,      0.2334,      0.2028,   7787.9380,-524818.0625,   -956.4648,    544.9692,  25959.7949,
       1,     169,       8,      18,       1,       3,       1,     10.0000,      1.4022,     42.6290,    249.0567,     62.6785,      3.4953,      0.1458,      0.1123,     65.6268,      0.2014,      5.5929,     11.1858,      1.7792,     28.4534,     56.9067,      0.0193,      0.0044,      0.1824,      0.2028,   7787.9390,-521098.3750,   -955.9856,    545.2278,  25959.7949,
       1,     169,       8,      19,       1,       3,       1,     10.0000,      1.4022,     42.6290,    249.0567,     62.6785,      3.4953,      0.0433,      0.0099,     16.4507,      0.1966,      5.5929,     11.1858,      1.7375,     28.4534,     56.9067,      0.0193,      0.0052,      0.0385,      0.2028,   7787.9390,-509635.6875,   -953.8908,    546.0092,  25959.7949,
       1,     169,       8,      20,       1,       3,       1,     10.0000,      1.4022,     42.6290,    249.0567,     62.6785,      3.4953,      0.0040,     -0.0289,      6.2499,      0.1795,      5.5929,     11.1858,      1.5860,     28.4534,     56.9067,      0.0193,      0.0049,      0.0156,      0.2028,   7787.9390,-447057.7188,   -941.0703,    550.2808,  25959.7930,
       1,     169,       8,      21,       1,       3,       1,     10.0000,      1.4022,     42.6290,    249.0567,     62.6785,      3.4953,      0.0000,     -0.0324,      5.5577,      0.1649,      5.5929,     11.1858,      1.4570,     28.4534,     56.9067,      0.0193,      0.0044,      0.0156,      0.2029,   7787.9380,-428960.8125,   -937.3079,    551.5422,  25959.7949,
       1,     169,       8,      22,       1,       3,       1,     10.0000,      1.4022,     42.6290,    249.0567,     62.6785,      3.4953,      0.0000,     -0.0324,      4.9731,      0.1652,      5.5929,     11.1858,      1.4599,     28.4534,     56.9067,      0.0193,      0.0039,      0.0156,      0.2029,   7787.9390,-426517.6562,   -936.7820,    551.7121,  25959.7949,
       1,     169,       8,      23,       1,       3,       1,     10.0000,      1.4022,     42.6290,    249.0567,     62.6785,      3.4953,      0.0000,     -0.0323,      5.4916,      0.1624,      5.5929,     11.1858,      1.4353,     28.4534,     56.9067,      0.0193,      0.0043,      0.0156,      0.2029,   7787.9390,-425573.8438,   -936.5682,    551.7773,  25959.7930,
       1,     169,       8,      24,       1,       3,       1,     10.0000,      1.4022,     42.6290,    249.0567,     62.6785,      3.4953,      0.0000,     -0.0324,      5.9086,      0.1647,      5.5929,     11.1858,      1.4556,     28.4534,     56.9067,      0.0193,      0.0046,      0.0156,      0.2029,   7787.9380,-426141.0938,   -936.6669,    551.7382,  25959.7969,
       1,     169,       9,       1,       1,       3,       1,     10.0000,      1.4022,     42.6293,    249.0626,     62.6799,      3.4953,      0.0000,     -0.0323,      5.1143,      0.1621,      5.5934,     11.1868,      1.4325,     28.4555,     56.9111,      0.0193,      0.0040,      0.0156,      0.2029,   7787.9395,-426864.0000,   -937.0918,    551.7012,  25960.9414,
       1,     169,       9,       2,       1,       3,       1,     10.0000,      1.4022,     42.6293,    249.0626,     62.6799,      3.4953,      0.0000,     -0.0322,      3.9222,      0.1600,      5.5934,     11.1868,      1.4139,     28.4555,     56.9111,      0.0193,      0.0031,      0.0156,      0.2029,   7788.2827,-425782.5625,   -936.5557,    551.7758,  25960.9414,
       1,     169,       9,       3,       1,       3,       1,     10.0000,      1.4022,     42.6293,    249.0626,     62.6799,      3.4953,      0.0000,     -0.0321,      3.9195,      0.1559,      5.5934,     11.1868,      1.3775,     28.4555,     56.9111,      0.0193,      0.0031,      0.0156,      0.2029,   7788.2827,-424198.1875,   -936.2128,    551.8849,  25960.9414,
       1,     169,       9,       4,       1,       3,       1,     10.0000,      1.4022,     42.6293,    249.0626,     62.6799,      3.4953,      0.0000,     -0.0322,      3.7806,      0.1589,      5.5934,     11.1868,      1.4040,     28.4555,     56.9111,      0.0193,      0.0030,      0.0156,      0.2029,   7788.2827,-424058.2500,   -936.1700,    551.8947,  25960.9414,
       1,     169,       9,       5,       1,       3,       1,     10.0000,      1.4022,     42.6293,    249.0626,     62.6799,      3.4953,      0.0000,     -0.0322,      4.2541,      0.1594,      5.5934,     11.1868,      1.4083,     28.4555,     56.9111,      0.0193,      0.0033,      0.0156,      0.2029,   7788.2827,-423872.4062,   -936.1179,    551.9075,  25960.9414,
       1,     169,       9,       6,       1,       3,       1,     10.0000,      1.4022,     42.6293,    249.0626,     62.6799,      3.4953,      0.0000,     -0.0322,      4.3258,      0.1587,      5.5934,     11.1868,      1.4026,     28.4555,     56.9111,      0.0193,      0.0034,      0.0156,      0.2029,   7788.2827,-424448.6250,   -936.2220,    551.8677,  25960.9395,
       1,     169,       9,       7,       1,       3,       1,     10.0000,      1.4022,     42.6293,    249.0626,     62.6799,      3.4953,      0.0000,     -0.0321,      3.7845,      0.1568,      5.5934,     11.1868,      1.3858,     28.4555,     56.9111,      0.0193,      0.0030,      0.0156,      0.2029,   7788.2822,-424588.1250,   -936.2358,    551.8581,  25960.9414,
       1,     169,       9,       8,       1,       3,       1,     10.0000,      1.4022,     42.6293,    249.0626,     62.6799,      3.4953,      0.0011,     -0.0310,      3.2086,      0.1567,      5.5934,     11.1868,      1.3844,     28.4555,     56.9111,      0.0193,      0.0025,      0.0156,      0.2029,   7788.2827,-423922.9062,   -936.0840,    551.9039,  25960.9414,
       1,     169,       9,       9,       1,       3,       1,     10.0000,      1.4022,     42.6293,    249.0626,     62.6799,      3.4953,      0.0626,      0.0304,     15.8238,      0.1583,      5.5934,     11.1868,      1.3984,     28.4555,     56.9111,      0.0193,      0.0029,      0.0678,      0.2029,   7788.2827,-423145.3125,   -935.9119,    551.9577,  25960.9414,
       1,     169,       9,      10,       1,       3,       1,     10.0000,      1.4022,     42.6293,    249.0626,     62.6799,      3.4953,      0.1540,      0.1215,     51.7101,      0.1661,      5.5934,     11.1868,      1.4673,     28.4555,     56.9111,      0.0193,      0.0032,      0.1959,      0.2029,   7788.2827,-438856.3438,   -939.1826,    550.8737,  25960.9414,
       1,     169,       9,      11,       1,       3,       1,     10.0000,      1.4022,     42.6293,    249.0626,     62.6799,      3.4953,      0.1827,      0.1499,     75.8573,      0.1754,      5.5934,     11.1868,      1.5501,     28.4555,     56.9111,      0.0193,      0.0040,      0.2348,      0.2029,   7788.2827,-485109.5625,   -948.8620,    547.6898,  25960.9414,
       1,     169,       9,      12,       1,       3,       1,     10.0000,      1.4022,     42.6293,    249.0626,     62.6799,      3.4953,      0.1943,      0.1609,     92.2534,      0.1951,      5.5934,     11.1868,      1.7239,     28.4555,     56.9111,      0.0193,      0.0045,      0.2500,      0.2029,   7788.2827,-519350.2188,   -956.1767,    545.3548,  25960.9434,
       1,     169,       9,      13,       1,       3,       1,     10.0000,      1.4022,     42.6293,    249.0626,     62.6799,      3.4953,      0.1945,      0.1608,     95.3058,      0.2052,      5.5934,     11.1868,      1.8130,     28.4555,     56.9111,      0.0193,      0.0047,      0.2500,      0.2028,   7788.2832,-542836.0625,   -961.3702,    543.7588,  25960.9414,
       1,     169,       9,      14,       1,       3,       1,     10.0000,      1.4022,     42.6293,    249.0626,     62.6799,      3.4953,      0.1944,      0.1606,     94.3598,      0.2086,      5.5934,     11.1868,      1.8436,     28.4555,     56.9111,      0.0193,      0.0046,      0.2500,      0.2028,   7788.2827,-548680.6875,   -962.9669,    543.3639,  25960.9434,
       1,     169,       9,      15,       1,       3,       1,     10.0000,      1.4022,     42.6293,    249.0626,     62.6799,      3.4953,      0.1953,      0.1617,    105.3992,      0.2030,      5.5934,     11.1868,      1.7934,     28.4555,     56.9111,      0.0193,      0.0052,      0.2500,      0.2028,   7788.2832,-547994.6250,   -963.2180,    543.4106,  25960.9395,
       1,     169,       9,      16,       1,       3,       1,     10.0000,      1.4022,     42.6293,    249.0626,     62.6799,      3.4953,      0.1927,      0.1594,    107.9240,      0.1911,      5.5934,     11.1868,      1.6884,     28.4555,     56.9111,      0.0193,      0.0054,      0.2458,      0.2028,   7788.2822,-561769.9375,   -966.5105,    542.4749,  25960.9375,
       1,     169,       9,      17,       1,       3,       1,     10.0000,      1.4022,     42.6293,    249.0626,     62.6799,      3.4953,      0.1850,      0.1519,    121.2534,      0.1862,      5.5934,     11.1868,      1.6454,     28.4555,     56.9111,      0.0193,      0.0064,      0.2331,      0.2028,   7788.2817,-566121.3125,   -967.8892,    542.1807,  25960.9414,
       1,     169,       9,      18,       1,       3,       1,     10.0000,      1.4022,     42.6293,    249.0626,     62.6799,      3.4953,      0.1579,      0.1248,    117.9372,      0.1835,      5.5934,     11.1868,      1.6211,     28.4555,     56.9111,      0.0193,      0.0074,      0.1940,      0.2028,   7788.2827,-583203.0000,   -971.9740,    541.0230,  25960.9395,
       1,     169,       9,      19,       1,       3,       1,     10.0000,      1.4022,     42.6293,    249.0626,     62.6799,      3.4953,      0.1010,      0.0685,     63.5508,      0.1656,      5.5934,     11.1868,      1.4629,     28.4555,     56.9111,      0.0193,      0.0066,      0.1177,      0.2027,   7788.2822,-580517.0000,   -971.9645,    541.2059,  25960.9375,
       1,     169,       9,      20,       1,       3,       1,     10.0000,      1.4022,     42.6293,    249.0626,     62.6799,      3.4953,      0.0064,     -0.0259,      7.7843,      0.1613,      5.5934,     11.1868,      1.4253,     28.4555,     56.9111,      0.0193,      0.0061,      0.0156,      0.2027,   7788.2817,-512091.7500,   -958.0402,    545.8350,  25960.9355,
       1,     169,       9,      21,       1,       3,       1,     10.0000,      1.4022,     42.6293,    249.0626,     62.6799,      3.4953,      0.0000,     -0.0321,      6.4035,      0.1567,      5.5934,     11.1868,      1.3844,     28.4555,     56.9111,      0.0193,      0.0050,      0.0156,      0.2028,   7788.2808,-436436.8125,   -942.2726,    551.0167,  25960.9355,
       1,     169,       9,      22,       1,       3,       1,     10.0000,      1.4022,     42.6293,    249.0626,     62.6799,      3.4953,      0.0000,     -0.0321,      5.9833,      0.1546,      5.5934,     11.1868,      1.3665,     28.4555,     56.9111,      0.0193,      0.0047,      0.0156,      0.2029,   7788.2808,-428251.9375,   -940.5384,    551.6051,  25960.9375,
       1,     169,       9,      23,       1,       3,       1,     10.0000,      1.4022,     42.6293,    249.0626,     62.6799,      3.4953,      0.0000,     -0.0320,      5.8331,      0.1519,      5.5934,     11.1868,      1.3420,     28.4555,     56.9111,      0.0193,      0.0046,      0.0156,      0.2029,   7788.2817,-426990.0625,   -940.2581,    551.6924,  25960.9375,
       1,     169,       9,      24,       1,       3,       1,     10.0000,      1.4022,     42.6293,    249.0626,     62.6799,      3.4953,      0.0000,     -0.0318,      4.3681,      0.1476,      5.5934,     11.1868,      1.3047,     28.4555,     56.9111,      0.0193,      0.0034,      0.0156,      0.2029,   7788.2817,-426692.8750,   -940.1816,    551.7130,  25960.9375,
       1,     169,      10,       1,       1,       3,       1,     10.0000,      1.4022,     42.6296,    249.0684,     62.6814,      3.4953,      0.0000,     -0.0316,      4.0804,      0.1428,      5.5932,     11.1865,      1.2620,     28.4609,     56.9217,      0.0193,      0.0032,      0.0156,      0.2029,   7788.2817,-424987.7188,   -940.1149,    551.8433,  25962.0879,
       1,     169,      10,       2,       1,       3,       1,     10.0000,      1.4022,     42.6296,    249.0684,     62.6814,      3.4953,      0.0000,     -0.0313,      3.8263,      0.1341,      5.5932,     11.1865,      1.1852,     28.4609,     56.9217,      0.0193,      0.0030,      0.0156,      0.2030,   7788.6265,-424330.0625,   -939.6671,    551.8886,  25962.0859,
       1,     169,      10,       3,       1,       3,       1,     10.0000,      1.4022,     42.6296,    249.0684,     62.6814,      3.4953,      0.0000,     -0.0314,      3.8106,      0.1363,      5.5932,     11.1865,      1.2046,     28.4609,     56.9217,      0.0193,      0.0030,      0.0156,      0.2030,   7788.6260,-423955.7812,   -939.5804,    551.9144,  25962.0859,
       1,     169,      10,       4,       1,       3,       1,     10.0000,      1.4022,     42.6296,    249.0684,     62.6814,      3.4953,      0.0000,     -0.0315,      3.4773,      0.1383,      5.5932,     11.1865,      1.2218,     28.4609,     56.9217,      0.0193,      0.0027,      0.0156,      0.2030,   7788.6260,-423903.8438,   -939.5608,    551.9181,  25962.0840,
       1,     169,      10,       5,       1,       3,       1,     10.0000,      1.4022,     42.6296,    249.0684,     62.6814,      3.4953,      0.0000,     -0.0316,      3.2535,      0.1418,      5.5932,     11.1865,      1.2531,     28.4609,     56.9217,      0.0193,      0.0026,      0.0156,      0.2030,   7788.6255,-423482.5312,   -939.4648,    551.9471,  25962.0840,
       1,     169,      10,       6,       1,       3,       1,     10.0000,      1.4022,     42.6296,    249.0684,     62.6814,      3.4953,      0.0000,     -0.0316,      3.0512,      0.1428,      5.5932,     11.1865,      1.2620,     28.4609,     56.9217,      0.0193,      0.0024,      0.0156,      0.2030,   7788.6255,-423166.4375,   -939.3912,    551.9689,  25962.0840,
       1,     169,      10,       7,       1,       3,       1,     10.0000,      1.4022,     42.6296,    249.0684,     62.6814,      3.4953,      0.0000,     -0.0317,      3.0441,      0.1446,      5.5932,     11.1865,      1.2773,     28.4609,     56.9217,      0.0193,      0.0024,      0.0156,      0.2030,   7788.6255,-422886.0938,   -939.3257,    551.9883,  25962.0840,
       1,     169,      10,       8,       1,       3,       1,     10.0000,      1.4022,     42.6296,    249.0684,     62.6814,      3.4953,      0.0009,     -0.0298,      2.5683,      0.1198,      5.5932,     11.1865,      1.0585,     28.4609,     56.9217,      0.0193,      0.0020,      0.0156,      0.2030,   7788.6255,-422853.0625,   -941.0989,    551.9905,  25962.0840,
       1,     169,      10,       9,       1,       3,       1,     10.0000,      1.4022,     42.6296,    249.0684,     62.6814,      3.4953,      0.0665,      0.0357,     11.3583,      0.1225,      5.5932,     11.1865,      1.0826,     28.4609,     56.9217,      0.0193,      0.0019,      0.0751,      0.2030,   7788.6255,-422255.2188,   -941.4022,    552.0319,  25962.0859,
       1,     169,      10,      10,       1,       3,       1,     10.0000,      1.4022,     42.6296,    249.0684,     62.6814,      3.4953,      0.1742,      0.1422,     39.6829,      0.1533,      5.5932,     11.1865,      1.3542,     28.4609,     56.9217,      0.0193,      0.0021,      0.2264,      0.2030,   7788.6260,-433195.8750,   -943.6988,    551.2769,  25962.0820,
       1,     169,      10,      11,       1,       3,       1,     10.0000,      1.4022,     42.6296,    249.0684,     62.6814,      3.4953,      0.1842,      0.1516,     46.2397,      0.1703,      5.5932,     11.1865,      1.5045,     28.4609,     56.9217,      0.0193,      0.0024,      0.2403,      0.2029,   7788.6250,-469569.5625,   -951.3666,    548.7709,  25962.0820,
       1,     169,      10,      12,       1,       3,       1,     10.0000,      1.4022,     42.6296,    249.0684,     62.6814,      3.4953,      0.1840,      0.1509,     59.3279,      0.1849,      5.5932,     11.1865,      1.6341,     28.4609,     56.9217,      0.0193,      0.0030,      0.2386,      0.2029,   7788.6250,-480925.8125,   -953.8311,    547.9976,  25962.0840,
       1,     169,      10,      13,       1,       3,       1,     10.0000,      1.4022,     42.6296,    249.0684,     62.6814,      3.4953,      0.1884,      0.1553,     15.5217,      0.1857,      5.5932,     11.1865,      1.6406,     28.4609,     56.9217,      0.0193,      0.0008,      0.2500,      0.2029,   7788.6255,-498279.4688,   -957.6008,    546.8094,  25962.0840,
       1,     169,      10,      14,       1,       3,       1,     10.0000,      1.4022,     42.6296,    249.0684,     62.6814,      3.4953,      0.1885,      0.1551,     18.3229,      0.1949,      5.5932,     11.1865,      1.7222,     28.4609,     56.9217,      0.0193,      0.0009,      0.2500,      0.2029,   7788.6255,-444929.8438,   -946.9097,    550.4572,  25962.0840,
       1,     169,      10,      15,       1,       3,       1,     10.0000,      1.4022,     42.6296,    249.0684,     62.6814,      3.4953,      0.1915,      0.1583,     56.1825,      0.1911,      5.5932,     11.1865,      1.6885,     28.4609,     56.9217,      0.0193,      0.0028,      0.2500,      0.2029,   7788.6255,-443879.7500,   -946.6489,    550.5417,  25962.0840,
       1,     169,      10,      16,       1,       3,       1,     10.0000,      1.4022,     42.6296,    249.0684,     62.6814,      3.4953,      0.1932,      0.1598,     78.0681,      0.1966,      5.5932,     11.1865,      1.7376,     28.4609,     56.9217,      0.0193,      0.0038,      0.2500,      0.2029,   7788.6255,-491135.0938,   -956.6300,    547.2897,  25962.0840,
       1,     169,      10,      17,       1,       3,       1,     10.0000,      1.4022,     42.6296,    249.0684,     62.6814,      3.4953,      0.1740,      0.1405,     85.9671,      0.1980,      5.5932,     11.1865,      1.7497,     28.4609,     56.9217,      0.0193,      0.0048,      0.2211,      0.2029,   7788.6255,-522631.2188,   -963.4301,    545.1445,  25962.0840,
       1,     169,      10,      18,       1,       3,       1,     10.0000,      1.4022,     42.6296,    249.0684,     62.6814,      3.4953,      0.1647,      0.1315,     83.1467,      0.1898,      5.5932,     11.1865,      1.6768,     28.4609,     56.9217,      0.0193,      0.0049,      0.2079,      0.2029,   7788.6255,-535233.7500,   -966.3681,    544.2899,  25962.0820,
       1,     169,      10,      19,       1,       3,       1,     10.0000,      1.4022,     42.6296,    249.0684,     62.6814,      3.4953,      0.1080,      0.0751,     60.6675,      0.1806,      5.5932,     11.1865,      1.5956,     28.4609,     56.9217,      0.0193,      0.0058,      0.1280,      0.2028,   7788.6250,-532780.6875,   -966.1666,    544.4575,  25962.0840,
       1,     169,      10,      20,       1,       3,       1,     10.0000,      1.4022,     42.6296,    249.0684,     62.6814,      3.4953,      0.0080,     -0.0244,      7.6375,      0.1644,      5.5932,     11.1865,      1.4527,     28.4609,     56.9217,      0.0193,      0.0060,      0.0156,      0.2028,   7788.6255,-504409.0625,   -960.4387,    546.3884,  25962.0840,
       1,     169,      10,      21,       1,       3,       1,     10.0000,      1.4022,     42.6296,    249.0684,     62.6814,      3.4953,      0.0000,     -0.0320,      7.8667,      0.1523,      5.5932,     11.1865,      1.3461,     28.4609,     56.9217,      0.0193,      0.0062,      0.0156,      0.2029,   7788.6255,-435582.0625,   -945.9642,    551.0927,  25962.0840,
       1,     169,      10,      22,       1,       3,       1,     10.0000,      1.4022,     42.6296,    249.0684,     62.6814,      3.4953,      0.0000,     -0.0317,      8.1147,      0.1448,      5.5932,     11.1865,      1.2799,     28.4609,     56.9217,      0.0193,      0.0064,      0.0156,      0.2029,   7788.6255,-430004.7812,   -944.7413,    551.4971,  25962.0840,
       1,     169,      10,      23,       1,       3,       1,     10.0000,      1.4022,     42.6296,    249.0684,     62.6814,      3.4953,      0.0000,     -0.0317,      8.1373,      0.1434,      5.5932,     11.1865,      1.2671,     28.4609,     56.9217,      0.0193,      0.0064,      0.0156,      0.2029,   7788.6255,-429809.0625,   -944.6545,    551.5108,  25962.0820,
       1,     169,      10,      24,       1,       3,       1,     10.0000,      1.4022,     42.6296,    249.0684,     62.6814,      3.4953,      0.0000,     -0.0317,      7.4585,      0.1440,      5.5932,     11.1865,      1.2722,     28.4609,     56.9217,      0.0193,      0.0059,      0.0156,      0.2029,   7788.6250,-429820.5312,   -944.6138,    551.5101,  25962.0820,
       1,     169,      11,       1,       1,       3,       1,     10.0000,      1.4022,     42.6300,    249.0742,     62.6829,      3.4953,      0.0000,     -0.0316,      6.1521,      0.1417,      5.5937,     11.1875,      1.2518,     28.4666,     56.9332,      0.0193,      0.0048,      0.0156,      0.2030,   7788.6250,-429125.3125,   -944.7308,    551.5708,  25963.2324,
       1,     169,      11,       2,       1,       3,       1,     10.0000,      1.4022,     42.6300,    249.0742,     62.6829,      3.4953,      0.0000,     -0.0317,      4.8536,      0.1435,      5.5937,     11.1875,      1.2684,     28.4666,     56.9332,      0.0193,      0.0038,      0.0156,      0.2030,   7788.9702,-427280.7500,   -944.0054,    551.6981,  25963.2324,
       1,     169,      11,       3,       1,       3,       1,     10.0000,      1.4022,     42.6300,    249.0742,     62.6829,      3.4953,      0.0000,     -0.0316,      4.2436,      0.1404,      5.5937,     11.1875,      1.2405,     28.4666,     56.9332,      0.0193,      0.0033,      0.0156,      0.2030,   7788.9702,-425497.7500,   -943.6027,    551.8210,  25963.2324,
       1,     169,      11,       4,       1,       3,       1,     10.0000,      1.4022,     42.6300,    249.0742,     62.6829,      3.4953,      0.0000,     -0.0315,      4.0947,      0.1397,      5.5937,     11.1875,      1.2342,     28.4666,     56.9332,      0.0193,      0.0032,      0.0156,      0.2030,   7788.9702,-424581.1562,   -943.3870,    551.8842,  25963.2324,
       1,     169,      11,       5,       1,       3,       1,     10.0000,      1.4022,     42.6300,    249.0742,     62.6829,      3.4953,      0.0000,     -0.0315,      3.8446,      0.1397,      5.5937,     11.1875,      1.2342,     28.4666,     56.9332,      0.0193,      0.0030,      0.0156,      0.2030,   7788.9702,-424316.0000,   -943.3103,    551.9026,  25963.2324,
       1,     169,      11,       6,       1,       3,       1,     10.0000,      1.4022,     42.6300,    249.0742,     62.6829,      3.4953,      0.0000,     -0.0313,      3.5033,      0.1336,      5.5937,     11.1875,      1.1804,     28.4666,     56.9332,      0.0193,      0.0027,      0.0156,      0.2030,   7788.9702,-423980.2500,   -943.2200,    551.9257,  25963.2324,
       1,     169,      11,       7,       1,       3,       1,     10.0000,      1.4022,     42.6300,    249.0742,     62.6829,      3.4953,      0.0000,     -0.0313,      3.2759,      0.1330,      5.5937,     11.1875,      1.1756,     28.4666,     56.9332,      0.0193,      0.0026,      0.0156,      0.2030,   7788.9702,-423524.4688,   -943.1063,    551.9572,  25963.2344,
       1,     169,      11,       8,       1,       3,       1,     10.0000,      1.4022,     42.6300,    249.0742,     62.6829,      3.4953,      0.0011,     -0.0302,      2.7339,      0.1333,      5.5937,     11.1875,      1.1780,     28.4666,     56.9332,      0.0193,      0.0021,      0.0156,      0.2030,   7788.9707,-423200.5625,   -943.0211,    551.9795,  25963.2324,
       1,     169,      11,       9,       1,       3,       1,     10.0000,      1.4022,     42.6300,    249.0742,     62.6829,      3.4953,      0.0686,      0.0372,     11.8724,      0.1378,      5.5937,     11.1875,      1.2181,     28.4666,     56.9332,      0.0193,      0.0019,      0.0775,      0.2030,   7788.9702,-422495.1250,   -942.8599,    552.0281,  25963.2324,
       1,     169,      11,      10,       1,       3,       1,     10.0000,      1.4022,     42.6300,    249.0742,     62.6829,      3.4953,      0.1564,      0.1241,     46.1106,      0.1615,      5.5937,     11.1875,      1.4268,     28.4666,     56.9332,      0.0193,      0.0028,      0.1999,      0.2030,   7788.9702,-433861.3750,   -945.2720,    551.2439,  25963.2324,
       1,     169,      11,      11,       1,       3,       1,     10.0000,      1.4022,     42.6300,    249.0742,     62.6829,      3.4953,      0.1847,      0.1518,     55.7905,      0.1799,      5.5937,     11.1875,      1.5893,     28.4666,     56.9332,      0.0193,      0.0028,      0.2401,      0.2030,   7788.9702,-477662.9062,   -954.6053,    548.2263,  25963.2324,
       1,     169,      11,      12,       1,       3,       1,     10.0000,      1.4022,     42.6300,    249.0742,     62.6829,      3.4953,      0.1917,      0.1585,     58.9163,      0.1915,      5.5937,     11.1875,      1.6918,     28.4666,     56.9332,      0.0193,      0.0029,      0.2500,      0.2029,   7788.9702,-493574.7188,   -958.0963,    547.1442,  25963.2305,
       1,     169,      11,      13,       1,       3,       1,     10.0000,      1.4022,     42.6300,    249.0742,     62.6829,      3.4953,      0.1922,      0.1583,     67.0889,      0.2134,      5.5937,     11.1875,      1.8859,     28.4666,     56.9332,      0.0193,      0.0033,      0.2500,      0.2029,   7788.9692,-498849.2188,   -959.3688,    546.7845,  25963.2305,
       1,     169,      11,      14,       1,       3,       1,     10.0000,      1.4022,     42.6300,    249.0742,     62.6829,      3.4953,      0.1914,      0.1577,     66.7811,      0.2052,      5.5937,     11.1875,      1.8130,     28.4666,     56.9332,      0.0193,      0.0033,      0.2488,      0.2029,   7788.9692,-509532.7500,   -961.8162,    546.0543,  25963.2305,
       1,     169,      11,      15,       1,       3,       1,     10.0000,      1.4022,     42.6300,    249.0742,     62.6829,      3.4953,      0.1939,      0.1601,     87.7660,      0.2074,      5.5937,     11.1875,      1.8328,     28.4666,     56.9332,      0.0193,      0.0043,      0.2500,      0.2029,   7788.9692,-510067.2188,   -962.1464,    546.0184,  25963.2305,
       1,     169,      11,      16,       1,       3,       1,     10.0000,      1.4022,     42.6300,    249.0742,     62.6829,      3.4953,      0.1959,      0.1623,    113.5748,      0.2032,      5.5937,     11.1875,      1.7952,     28.4666,     56.9332,      0.0193,      0.0056,      0.2500,      0.2029,   7788.9692,-536387.5000,   -967.9848,    544.2219,  25963.2305,
       1,     169,      11,      17,       1,       3,       1,     10.0000,      1.4022,     42.6300,    249.0742,     62.6829,      3.4953,      0.1873,      0.1538,    123.2961,      0.2004,      5.5937,     11.1875,      1.7706,     28.4666,     56.9332,      0.0193,      0.0064,      0.2363,      0.2029,   7788.9692,-570987.5625,   -975.7171,    541.8712,  25963.2305,
       1,     169,      11,      18,       1,       3,       1,     10.0000,      1.4022,     42.6300,    249.0742,     62.6829,      3.4953,      0.1608,      0.1274,    124.7292,      0.1947,      5.5937,     11.1875,      1.7206,     28.4666,     56.9332,      0.0193,      0.0077,      0.1975,      0.2028,   7788.9692,-586157.5625,   -979.4443,    540.8487,  25963.2285,
       1,     169,      11,      19,       1,       3,       1,     10.0000,      1.4022,     42.6300,    249.0742,     62.6829,      3.4953,      0.0898,      0.0571,     55.0252,      0.1744,      5.5937,     11.1875,      1.5409,     28.4666,     56.9332,      0.0193,      0.0066,      0.1024,      0.2028,   7788.9688,-589254.6875,   -980.6567,    540.6403,  25963.2285,
       1,     169,      11,      20,       1,       3,       1,     10.0000,      1.4022,     42.6300,    249.0742,     62.6829,      3.4953,      0.0074,     -0.0246,      8.0766,      0.1553,      5.5937,     11.1875,      1.3720,     28.4666,     56.9332,      0.0193,      0.0063,      0.0156,      0.2028,   7788.9688,-502127.8125,   -962.4592,    546.5283,  25963.2285,
       1,     169,      11,      21,       1,       3,       1,     10.0000,      1.4022,     42.6300,    249.0742,     62.6829,      3.4953,      0.0000,     -0.0320,      7.9493,      0.1517,      5.5937,     11.1875,      1.3407,     28.4666,     56.9332,      0.0193,      0.0062,      0.0156,      0.2029,   7788.9688,-435975.6562,   -948.3919,    551.0797,  25963.2285,
       1,     169,      11,      22,       1,       3,       1,     10.0000,      1.4022,     42.6300,    249.0742,     62.6829,      3.4953,      0.0000,     -0.0318,      7.6342,      0.1474,      5.5937,     11.1875,      1.3021,     28.4666,     56.9332,      0.0193,      0.0060,      0.0156,      0.2030,   7788.9688,-430142.8750,   -947.1185,    551.5005,  25963.2305,
       1,     169,      11,      23,       1,       3,       1,     10.0000,      1.4022,     42.6300,    249.0742,     62.6829,      3.4953,      0.0000,     -0.0315,      7.7827,      0.1385,      5.5937,     11.1875,      1.2243,     28.4666,     56.9332,      0.0193,      0.0061,      0.0156,      0.2030,   7788.9692,-429222.3125,   -946.8966,    551.5642,  25963.2266,
       1,     169,      11,      24,       1,       3,       1,     10.0000,      1.4022,     42.6300,    249.0742,     62.6829,      3.4953,      0.0000,     -0.0313,      6.4030,      0.1345,      5.5937,     11.1875,      1.1888,     28.4666,     56.9332,      0.0193,      0.0050,      0.0156,      0.2030,   7788.9683,-429328.5625,   -946.8968,    551.5568,  25963.2246,
       1,     169,      12,       1,       1,       3,       1,     10.0000,      1.4023,     42.6303,    249.0800,     62.6843,      3.4953,      0.0000,     -0.0315,      4.5259,      0.1395,      5.5933,     11.1866,      1.2330,     28.4721,     56.9442,      0.0193,      0.0036,      0.0156,      0.2030,   7788.9678,-427765.6562,   -946.8509,    551.6774,  25964.3770,
       1,     169,      12,       2,       1,       3,       1,     10.0000,      1.4023,     42.6303,    249.0800,     62.6843,      3.4953,      0.0000,     -0.0316,      4.2809,      0.1415,      5.5933,     11.1866,      1.2506,     28.4721,     56.9442,      0.0193,      0.0034,      0.0156,      0.2030,   7789.3135,-425132.4688,   -945.9661,    551.8589,  25964.3770,
       1,     169,      12,       3,       1,       3,       1,     10.0000,      1.4023,     42.6303,    249.0800,     62.6843,      3.4953,      0.0000,     -0.0314,      3.8761,      0.1369,      5.5933,     11.1866,      1.2095,     28.4721,     56.9442,      0.0193,      0.0030,      0.0156,      0.2030,   7789.3135,-424599.1250,   -945.8384,    551.8958,  25964.3770,
       1,     169,      12,       4,       1,       3,       1,     10.0000,      1.4023,     42.6303,    249.0800,     62.6843,      3.4953,      0.0000,     -0.0313,      3.3147,      0.1335,      5.5933,     11.1866,      1.1792,     28.4721,     56.9442,      0.0193,      0.0026,      0.0156,      0.2030,   7789.3135,-424046.9688,   -945.7087,    551.9340,  25964.3770,
       1,     169,      12,       5,       1,       3,       1,     10.0000,      1.4023,     42.6303,    249.0800,     62.6843,      3.4953,      0.0000,     -0.0313,      3.2100,      0.1336,      5.5933,     11.1866,      1.1804,     28.4721,     56.9442,      0.0193,      0.0025,      0.0156,      0.2030,   7789.3135,-423297.2812,   -945.5388,    551.9857,  25964.3770,
       1,     169,      12,       6,       1,       3,       1,     10.0000,      1.4023,     42.6303,    249.0800,     62.6843,      3.4953,      0.0000,     -0.0312,      3.6841,      0.1310,      5.5933,     11.1866,      1.1579,     28.4721,     56.9442,      0.0193,      0.0029,      0.0156,      0.2030,   7789.3135,-423101.6562,   -945.4882,    551.9991,  25964.3750,
       1,     169,      12,       7,       1,       3,       1,     10.0000,      1.4023,     42.6303,    249.0800,     62.6843,      3.4953,      0.0000,     -0.0311,      3.5927,      0.1289,      5.5933,     11.1866,      1.1392,     28.4721,     56.9442,      0.0193,      0.0028,      0.0156,      0.2030,   7789.3130,-423677.9375,   -945.6023,    551.9594,  25964.3789,
       1,     169,      12,       8,       1,       3,       1,     10.0000,      1.4023,     42.6303,    249.0800,     62.6843,      3.4953,      0.0008,     -0.0303,      3.0713,      0.1267,      5.5933,     11.1866,      1.1197,     28.4721,     56.9442,      0.0193,      0.0024,      0.0156,      0.2030,   7789.3140,-423612.9062,   -945.5793,    551.9639,  25964.3770,
       1,     169,      12,       9,       1,       3,       1,     10.0000,      1.4023,     42.6303,    249.0800,     62.6843,      3.4953,      0.0754,      0.0439,     17.3218,      0.1369,      5.5933,     11.1866,      1.2095,     28.4721,     56.9442,      0.0193,      0.0024,      0.0866,      0.2030,   7789.3135,-422955.5938,   -945.4320,    552.0092,  25964.3770,
       1,     169,      12,      10,       1,       3,       1,     10.0000,      1.4023,     42.6303,    249.0800,     62.6843,      3.4953,      0.1557,      0.1233,     39.2383,      0.1631,      5.5933,     11.1866,      1.4412,     28.4721,     56.9442,      0.0193,      0.0024,      0.1997,      0.2030,   7789.3135,-440716.0312,   -949.2560,    550.7837,  25964.3770,
       1,     169,      12,      11,       1,       3,       1,     10.0000,      1.4023,     42.6303,    249.0800,     62.6843,      3.4953,      0.1839,      0.1507,     47.2850,      0.1879,      5.5933,     11.1866,      1.6603,     28.4721,     56.9442,      0.0193,      0.0024,      0.2399,      0.2030,   7789.3135,-469661.0000,   -955.5163,    548.7922,  25964.3770,
       1,     169,      12,      12,       1,       3,       1,     10.0000,      1.4023,     42.6303,    249.0800,     62.6843,      3.4953,      0.1905,      0.1568,     44.7163,      0.2066,      5.5933,     11.1866,      1.8256,     28.4721,     56.9442,      0.0193,      0.0022,      0.2500,      0.2030,   7789.3135,-482231.0000,   -958.2948,    547.9335,  25964.3770,
       1,     169,      12,      13,       1,       3,       1,     10.0000,      1.4023,     42.6303,    249.0800,     62.6843,      3.4953,      0.1915,      0.1573,     58.5958,      0.2244,      5.5933,     11.1866,      1.9828,     28.4721,     56.9442,      0.0193,      0.0029,      0.2500,      0.2029,   7789.3135,-480095.5000,   -957.9324,    548.0805,  25964.3770,
       1,     169,      12,      14,       1,       3,       1,     10.0000,      1.4023,     42.6303,    249.0800,     62.6843,      3.4953,      0.1926,      0.1581,     78.5847,      0.2345,      5.5933,     11.1866,      2.0721,     28.4721,     56.9442,      0.0193,      0.0039,      0.2494,      0.2030,   7789.3135,-497279.2188,   -961.7302,    546.9032,  25964.3770,
       1,     169,      12,      15,       1,       3,       1,     10.0000,      1.4023,     42.6303,    249.0800,     62.6843,      3.4953,      0.1953,      0.1608,    107.9344,      0.2334,      5.5933,     11.1866,      2.0620,     28.4721,     56.9442,      0.0193,      0.0053,      0.2500,      0.2029,   7789.3135,-523780.8750,   -967.6227,    545.0928,  25964.3730,
       1,     169,      12,      16,       1,       3,       1,     10.0000,      1.4023,     42.6303,    249.0800,     62.6843,      3.4953,      0.1905,      0.1564,    114.9338,      0.2190,      5.5933,     11.1866,      1.9347,     28.4721,     56.9442,      0.0193,      0.0058,      0.2420,      0.2029,   7789.3120,-562819.3125,   -976.3445,    542.4359,  25964.3770,
       1,     169,      12,      17,       1,       3,       1,     10.0000,      1.4023,     42.6303,    249.0800,     62.6843,      3.4953,      0.1876,      0.1539,    131.7018,      0.2068,      5.5933,     11.1866,      1.8274,     28.4721,     56.9442,      0.0193,      0.0068,      0.2358,      0.2028,   7789.3135,-574960.5625,   -979.4204,    541.6191,  25964.3770,
       1,     169,      12,      18,       1,       3,       1,     10.0000,      1.4023,     42.6303,    249.0800,     62.6843,      3.4953,      0.1692,      0.1360,    126.5348,      0.1905,      5.5933,     11.1866,      1.6835,     28.4721,     56.9442,      0.0193,      0.0074,      0.2095,      0.2028,   7789.3135,-597012.4375,   -984.7133,    540.1267,  25964.3730,
       1,     169,      12,      19,       1,       3,       1,     10.0000,      1.4023,     42.6303,    249.0800,     62.6843,      3.4953,      0.1019,      0.0695,     70.6951,      0.1644,      5.5933,     11.1866,      1.4528,     28.4721,     56.9442,      0.0193,      0.0073,      0.1182,      0.2028,   7789.3120,-592436.1875,   -984.3286,    540.4378,  25964.3750,
       1,     169,      12,      20,       1,       3,       1,     10.0000,      1.4023,     42.6303,    249.0800,     62.6843,      3.4953,      0.0081,     -0.0240,      8.9492,      0.1567,      5.5933,     11.1866,      1.3845,     28.4721,     56.9442,      0.0193,      0.0070,      0.0156,      0.2028,   7789.3130,-522035.0625,   -969.5869,    545.1938,  25964.3750,
       1,     169,      12,      21,       1,       3,       1,     10.0000,      1.4023,     42.6303,    249.0800,     62.6843,      3.4953,      0.0000,     -0.0320,      7.4893,      0.1533,      5.5933,     11.1866,      1.3543,     28.4721,     56.9442,      0.0193,      0.0059,      0.0156,      0.2029,   7789.3130,-438742.4688,   -951.7040,    550.8911,  25964.3750,
       1,     169,      12,      22,       1,       3,       1,     10.0000,      1.4023,     42.6303,    249.0800,     62.6843,      3.4953,      0.0000,     -0.0319,      6.8199,      0.1508,      5.5933,     11.1866,      1.3326,     28.4721,     56.9442,      0.0193,      0.0054,      0.0156,      0.2030,   7789.3130,-429821.2500,   -949.7617,    551.5353,  25964.3730,
       1,     169,      12,      23,       1,       3,       1,     10.0000,      1.4023,     42.6303,    249.0800,     62.6843,      3.4953,      0.0000,     -0.0316,      6.0263,      0.1414,      5.5933,     11.1866,      1.2493,     28.4721,     56.9442,      0.0193,      0.0047,      0.0156,      0.2030,   7789.3120,-428179.1875,   -949.3951,    551.6489,  25964.3730,
       1,     169,      12,      24,       1,       3,       1,     10.0000,      1.4023,     42.6303,    249.0800,     62.6843,      3.4953,      0.0000,     -0.0315,      4.4496,      0.1397,      5.5933,     11.1866,      1.2342,     28.4721,     56.9442,      0.0193,      0.0035,      0.0156,      0.2030,   7789.3120,-427044.7812,   -949.1395,    551.7271,  25964.3730,
       1,     169,      13,       1,       1,       3,       1,     10.0000,      1.4023,     42.6306,    249.0858,     62.6858,      3.4953,      0.0000,     -0.0314,      3.5653,      0.1356,      5.5939,     11.1877,      1.1986,     28.4781,     56.9563,      0.0193,      0.0028,      0.0156,      0.2030,   7789.3120,-425128.7812,   -949.0278,    551.8719,  25965.5254,
       1,     169,      13,       2,       1,       3,       1,     10.0000,      1.4023,     42.6306,    249.0858,     62.6858,      3.4953,      0.0000,     -0.0312,      3.7557,      0.1305,      5.5939,     11.1877,      1.1532,     28.4781,     56.9563,      0.0193,      0.0029,      0.0156,      0.2030,   7789.6577,-423706.8125,   -948.4028,    551.9700,  25965.5254,
       1,     169,      13,       3,       1,       3,       1,     10.0000,      1.4023,     42.6306,    249.0858,     62.6858,      3.4953,      0.0000,     -0.0312,      3.7035,      0.1317,      5.5939,     11.1877,      1.1638,     28.4781,     56.9563,      0.0193,      0.0029,      0.0156,      0.2030,   7789.6577,-423822.1875,   -948.4229,    551.9622,  25965.5254,
       1,     169,      13,       4,       1,       3,       1,     10.0000,      1.4023,     42.6306,    249.0858,     62.6858,      3.4953,      0.0000,     -0.0314,      2.9136,      0.1355,      5.5939,     11.1877,      1.1973,     28.4781,     56.9563,      0.0193,      0.0023,      0.0156,      0.2030,   7789.6577,-423766.8750,   -948.4056,    551.9659,  25965.5254,
       1,     169,      13,       5,       1,       3,       1,     10.0000,      1.4023,     42.6306,    249.0858,     62.6858,      3.4953,      0.0000,     -0.0309,      3.2746,      0.1240,      5.5939,     11.1877,      1.0960,     28.4781,     56.9563,      0.0193,      0.0026,      0.0156,      0.2030,   7789.6577,-422774.5625,   -948.4517,    552.0344,  25965.5254,
       1,     169,      13,       6,       1,       3,       1,     10.0000,      1.4023,     42.6306,    249.0858,     62.6858,      3.4953,      0.0000,     -0.0310,      2.8120,      0.1259,      5.5939,     11.1877,      1.1129,     28.4781,     56.9563,      0.0193,      0.0022,      0.0156,      0.2030,   7789.6577,-423140.1875,   -948.5273,    552.0092,  25965.5254,
       1,     169,      13,       7,       1,       3,       1,     10.0000,      1.4023,     42.6306,    249.0858,     62.6858,      3.4953,      0.0000,     -0.0312,      2.5873,      0.1316,      5.5939,     11.1877,      1.1626,     28.4781,     56.9563,      0.0193,      0.0020,      0.0156,      0.2030,   7789.6577,-422593.4062,   -948.4033,    552.0469,  25965.5254,
       1,     169,      13,       8,       1,       3,       1,     10.0000,      1.4023,     42.6306,    249.0858,     62.6858,      3.4953,      0.0006,     -0.0307,      2.4773,      0.1326,      5.5939,     11.1877,      1.1721,     28.4781,     56.9563,      0.0193,      0.0019,      0.0156,      0.2030,   7789.6577,-422265.4375,   -948.3271,    552.0696,  25965.5254,
       1,     169,      13,       9,       1,       3,       1,     10.0000,      1.4023,     42.6306,    249.0858,     62.6858,      3.4953,      0.0277,     -0.0037,      2.5714,      0.1369,      5.5939,     11.1877,      1.2095,     28.4781,     56.9563,      0.0193,      0.0016,      0.0197,      0.2030,   7789.6577,-422099.6250,   -948.2863,    552.0811,  25965.5254,
       1,     169,      13,      10,       1,       3,       1,     10.0000,      1.4023,     42.6306,    249.0858,     62.6858,      3.4953,      0.1157,      0.0835,     11.4121,      0.1600,      5.5939,     11.1877,      1.4141,     28.4781,     56.9563,      0.0193,      0.0010,      0.1451,      0.2030,   7789.6577,-422202.8438,   -948.3047,    552.0739,  25965.5254,
       1,     169,      13,      11,       1,       3,       1,     10.0000,      1.4023,     42.6306,    249.0858,     62.6858,      3.4953,      0.1659,      0.1329,     25.5079,      0.1820,      5.5939,     11.1877,      1.6084,     28.4781,     56.9563,      0.0193,      0.0014,      0.2161,      0.2030,   7789.6577,-433263.8125,   -950.7150,    551.3106,  25965.5254,
       1,     169,      13,      12,       1,       3,       1,     10.0000,      1.4023,     42.6306,    249.0858,     62.6858,      3.4953,      0.1885,      0.1550,     41.6135,      0.1990,      5.5939,     11.1877,      1.7585,     28.4781,     56.9563,      0.0193,      0.0021,      0.2473,      0.2030,   7789.6577,-451843.8750,   -954.7711,    550.0307,  25965.5254,
       1,     169,      13,      13,       1,       3,       1,     10.0000,      1.4023,     42.6306,    249.0858,     62.6858,      3.4953,      0.1907,      0.1571,     46.6865,      0.2028,      5.5939,     11.1877,      1.7918,     28.4781,     56.9563,      0.0193,      0.0023,      0.2500,      0.2030,   7789.6577,-473591.6875,   -959.5430,    548.5369,  25965.5254,
       1,     169,      13,      14,       1,       3,       1,     10.0000,      1.4023,     42.6306,    249.0858,     62.6858,      3.4953,      0.1894,      0.1554,     54.7411,      0.2168,      5.5939,     11.1877,      1.9159,     28.4781,     56.9563,      0.0193,      0.0027,      0.2473,      0.2030,   7789.6577,-481814.9688,   -961.4130,    547.9751,  25965.5234,
       1,     169,      13,      15,       1,       3,       1,     10.0000,      1.4023,     42.6306,    249.0858,     62.6858,      3.4953,      0.1932,      0.1596,     78.6656,      0.2020,      5.5939,     11.1877,      1.7847,     28.4781,     56.9563,      0.0193,      0.0039,      0.2500,      0.2030,   7789.6572,-492599.3750,   -963.8821,    547.2366,  25965.5234,
       1,     169,      13,      16,       1,       3,       1,     10.0000,      1.4023,     42.6306,    249.0858,     62.6858,      3.4953,      0.1948,      0.1617,     97.3596,      0.1853,      5.5939,     11.1877,      1.6374,     28.4781,     56.9563,      0.0193,      0.0048,      0.2500,      0.2030,   7789.6572,-523468.1875,   -970.7813,    545.1255,  25965.5215,
       1,     169,      13,      17,       1,       3,       1,     10.0000,      1.4023,     42.6306,    249.0858,     62.6858,      3.4953,      0.1904,      0.1574,    111.0974,      0.1846,      5.5939,     11.1877,      1.6309,     28.4781,     56.9563,      0.0193,      0.0056,      0.2420,      0.2029,   7789.6567,-549540.0000,   -976.7681,    543.3531,  25965.5215,
       1,     169,      13,      18,       1,       3,       1,     10.0000,      1.4023,     42.6306,    249.0858,     62.6858,      3.4953,      0.1695,      0.1365,    104.5868,      0.1838,      5.5939,     11.1877,      1.6245,     28.4781,     56.9563,      0.0193,      0.0060,      0.2124,      0.2029,   7789.6567,-568991.7500,   -981.4245,    542.0349,  25965.5234,
       1,     169,      13,      19,       1,       3,       1,     10.0000,      1.4023,     42.6306,    249.0858,     62.6858,      3.4953,      0.0915,      0.0587,     54.4993,      0.1784,      5.5939,     11.1877,      1.5767,     28.4781,     56.9563,      0.0193,      0.0064,      0.1048,      0.2029,   7789.6572,-562505.8750,   -980.4877,    542.4758,  25965.5234,
       1,     169,      13,      20,       1,       3,       1,     10.0000,      1.4023,     42.6306,    249.0858,     62.6858,      3.4953,      0.0074,     -0.0249,      7.2078,      0.1633,      5.5939,     11.1877,      1.4427,     28.4781,     56.9563,      0.0193,      0.0057,      0.0156,      0.2029,   7789.6572,-499194.0938,   -967.0440,    546.7692,  25965.5234,
       1,     169,      13,      21,       1,       3,       1,     10.0000,      1.4023,     42.6306,    249.0858,     62.6858,      3.4953,      0.0000,     -0.0321,      6.4676,      0.1545,      5.5939,     11.1877,      1.3652,     28.4781,     56.9563,      0.0193,      0.0051,      0.0156,      0.2030,   7789.6572,-434623.4062,   -953.0414,    551.1994,  25965.5195,
       1,     169,      13,      22,       1,       3,       1,     10.0000,      1.4023,     42.6306,    249.0858,     62.6858,      3.4953,      0.0000,     -0.0318,      6.3686,      0.1463,      5.5939,     11.1877,      1.2930,     28.4781,     56.9563,      0.0193,      0.0050,      0.0156,      0.2030,   7789.6562,-428176.9375,   -951.6263,    551.6616,  25965.5195,
       1,     169,      13,      23,       1,       3,       1,     10.0000,      1.4023,     42.6306,    249.0858,     62.6858,      3.4953,      0.0000,     -0.0317,      6.4770,      0.1430,      5.5939,     11.1877,      1.2633,     28.4781,     56.9563,      0.0193,      0.0051,      0.0156,      0.2030,   7789.6562,-427475.3750,   -951.4642,    551.7101,  25965.5195,
       1,     169,      13,      24,       1,       3,       1,     10.0000,      1.4023,     42.6306,    249.0858,     62.6858,      3.4953,      0.0000,     -0.0316,      6.1627,      0.1422,      5.5939,     11.1877,      1.2569,     28.4781,     56.9563,      0.0193,      0.0048,      0.0156,      0.2030,   7789.6562,-427550.0625,   -951.4719,    551.7050,  25965.5195,
       1,     169,      14,       1,       1,       3,       1,     10.0000,      1.4023,     42.6310,    249.0916,     62.6872,      3.4953,      0.0000,     -0.0314,      5.0428,      0.1366,      5.5938,     11.1875,      1.2071,     28.4813,     56.9626,      0.0193,      0.0040,      0.0156,      0.2031,   7789.6562,-427316.5625,   -951.7260,    551.7339,  25966.6699,
       1,     169,      14,       2,       1,       3,       1,     10.0000,      1.4023,     42.6310,    249.0916,     62.6872,      3.4953,      0.0000,     -0.0313,      4.2253,      0.1325,      5.5938,     11.1875,      1.1709,     28.4813,     56.9626,      0.0193,      0.0033,      0.0156,      0.2031,   7790.0015,-425745.5625,   -951.0635,    551.8423,  25966.6699,
       1,     169,      14,       3,       1,       3,       1,     10.0000,      1.4023,     42.6310,    249.0916,     62.6872,      3.4953,      0.0000,     -0.0312,      3.3614,      0.1314,      5.5938,     11.1875,      1.1615,     28.4813,     56.9626,      0.0193,      0.0026,      0.0156,      0.2031,   7790.0015,-424588.1875,   -950.8051,    551.9221,  25966.6699,
       1,     169,      14,       4,       1,       3,       1,     10.0000,      1.4023,     42.6310,    249.0916,     62.6872,      3.4953,      0.0000,     -0.0312,      3.3390,      0.1316,      5.5938,     11.1875,      1.1626,     28.4813,     56.9626,      0.0193,      0.0026,      0.0156,      0.2031,   7790.0015,-423408.4375,   -950.5431,    552.0035,  25966.6699,
       1,     169,      14,       5,       1,       3,       1,     10.0000,      1.4023,     42.6310,    249.0916,     62.6872,      3.4953,      0.0000,     -0.0312,      3.6751,      0.1300,      5.5938,     11.1875,      1.1486,     28.4813,     56.9626,      0.0193,      0.0029,      0.0156,      0.2031,   7790.0015,-423278.7188,   -950.5109,    552.0125,  25966.6699,
       1,     169,      14,       6,       1,       3,       1,     10.0000,      1.4023,     42.6310,    249.0916,     62.6872,      3.4953,      0.0000,     -0.0311,      3.4987,      0.1283,      5.5938,     11.1875,      1.1335,     28.4813,     56.9626,      0.0193,      0.0027,      0.0156,      0.2031,   7790.0015,-423687.5312,   -950.5961,    551.9843,  25966.6699,
       1,     169,      14,       7,       1,       3,       1,     10.0000,      1.4023,     42.6310,    249.0916,     62.6872,      3.4953,      0.0000,     -0.0309,      3.6078,      0.1242,      5.5938,     11.1875,      1.0971,     28.4813,     56.9626,      0.0193,      0.0028,      0.0156,      0.2031,   7790.0015,-423502.3750,   -950.5519,    551.9971,  25966.6699,
       1,     169,      14,       8,       1,       3,       1,     10.0000,      1.4023,     42.6310,    249.0916,     62.6872,      3.4953,      0.0012,     -0.0299,      3.7609,      0.1287,      5.5938,     11.1875,      1.1369,     28.4813,     56.9626,      0.0193,      0.0030,      0.0156,      0.2031,   7790.0015,-423622.7188,   -950.5754,    551.9888,  25966.6699,
       1,     169,      14,       9,       1,       3,       1,     10.0000,      1.4023,     42.6310,    249.0916,     62.6872,      3.4953,      0.1009,      0.0698,     31.7038,      0.1288,      5.5938,     11.1875,      1.1381,     28.4813,     56.9626,      0.0193,      0.0032,      0.1219,      0.2031,   7790.0015,-423824.4375,   -950.6154,    551.9749,  25966.6699,
       1,     169,      14,      10,       1,       3,       1,     10.0000,      1.4023,     42.6310,    249.0916,     62.6872,      3.4953,      0.1607,      0.1286,     57.7079,      0.1542,      5.5938,     11.1875,      1.3625,     28.4813,     56.9626,      0.0193,      0.0034,      0.2048,      0.2031,   7790.0015,-458770.7188,   -958.2999,    549.5637,  25966.6699,
       1,     169,      14,      11,       1,       3,       1,     10.0000,      1.4023,     42.6310,    249.0916,     62.6872,      3.4953,      0.1715,      0.1390,     60.0351,      0.1666,      5.5938,     11.1875,      1.4719,     28.4813,     56.9626,      0.0193,      0.0033,      0.2203,      0.2030,   7790.0015,-494320.5312,   -966.1727,    547.1268,  25966.6699,
       1,     169,      14,      12,       1,       3,       1,     10.0000,      1.4023,     42.6310,    249.0916,     62.6872,      3.4953,      0.1921,      0.1590,     63.3275,      0.1873,      5.5938,     11.1875,      1.6555,     28.4813,     56.9626,      0.0193,      0.0031,      0.2500,      0.2030,   7790.0015,-500301.1250,   -967.6600,    546.7231,  25966.6680,
       1,     169,      14,      13,       1,       3,       1,     10.0000,      1.4023,     42.6310,    249.0916,     62.6872,      3.4953,      0.1933,      0.1596,     79.5259,      0.2048,      5.5938,     11.1875,      1.8096,     28.4813,     56.9626,      0.0193,      0.0039,      0.2500,      0.2030,   7790.0005,-504929.4375,   -968.8737,    546.4070,  25966.6660,
       1,     169,      14,      14,       1,       3,       1,     10.0000,      1.4023,     42.6310,    249.0916,     62.6872,      3.4953,      0.1934,      0.1596,     81.9969,      0.2101,      5.5938,     11.1875,      1.8566,     28.4813,     56.9626,      0.0193,      0.0040,      0.2500,      0.2030,   7790.0000,-525600.6875,   -973.6391,    544.9952,  25966.6699,
       1,     169,      14,      15,       1,       3,       1,     10.0000,      1.4023,     42.6310,    249.0916,     62.6872,      3.4953,      0.1966,      0.1626,    124.0698,      0.2162,      5.5938,     11.1875,      1.9103,     28.4813,     56.9626,      0.0193,      0.0061,      0.2500,      0.2030,   7790.0015,-530475.4375,   -975.0049,    544.6650,  25966.6680,
       1,     169,      14,      16,       1,       3,       1,     10.0000,      1.4023,     42.6310,    249.0916,     62.6872,      3.4953,      0.1952,      0.1612,    128.3019,      0.2141,      5.5938,     11.1875,      1.8916,     28.4813,     56.9626,      0.0193,      0.0063,      0.2474,      0.2029,   7790.0005,-583570.0000,   -987.0415,    541.0502,  25966.6660,
       1,     169,      14,      17,       1,       3,       1,     10.0000,      1.4023,     42.6310,    249.0916,     62.6872,      3.4953,      0.1871,      0.1534,    162.4259,      0.2056,      5.5938,     11.1875,      1.8168,     28.4813,     56.9626,      0.0193,      0.0086,      0.2316,      0.2029,   7790.0000,-593474.5625,   -989.7726,    540.3923,  25966.6660,
       1,     169,      14,      18,       1,       3,       1,     10.0000,      1.4023,     42.6310,    249.0916,     62.6872,      3.4953,      0.1440,      0.1106,    142.4151,      0.1957,      5.5938,     11.1875,      1.7292,     28.4813,     56.9626,      0.0193,      0.0102,      0.1711,      0.2029,   7790.0000,-637083.0000,  -1000.0281,    537.4470,  25966.6660,
       1,     169,      14,      19,       1,       3,       1,     10.0000,      1.4023,     42.6310,    249.0916,     62.6872,      3.4953,      0.0796,      0.0467,     73.8857,      0.1774,      5.5938,     11.1875,      1.5674,     28.4813,     56.9626,      0.0193,      0.0106,      0.0853,      0.2028,   7790.0000,-615759.5625,   -996.0892,    538.8876,  25966.6660,
       1,     169,      14,      20,       1,       3,       1,     10.0000,      1.4023,     42.6310,    249.0916,     62.6872,      3.4953,      0.0055,     -0.0267,     12.9946,      0.1591,      5.5938,     11.1875,      1.4056,     28.4813,     56.9626,      0.0193,      0.0102,      0.0156,      0.2028,   7790.0000,-527992.2500,   -977.2782,    544.8016,  25966.6660,
       1,     169,      14,      21,       1,       3,       1,     10.0000,      1.4023,     42.6310,    249.0916,     62.6872,      3.4953,      0.0000,     -0.0318,     12.2452,      0.1472,      5.5938,     11.1875,      1.3009,     28.4813,     56.9626,      0.0193,      0.0096,      0.0156,      0.2029,   7790.0000,-444328.1875,   -958.9522,    550.5317,  25966.6680,
       1,     169,      14,      22,       1,       3,       1,     10.0000,      1.4023,     42.6310,    249.0916,     62.6872,      3.4953,      0.0000,     -0.0318,     11.9465,      0.1475,      5.5938,     11.1875,      1.3035,     28.4813,     56.9626,      0.0193,      0.0094,      0.0156,      0.2030,   7790.0005,-436253.3438,   -957.1650,    551.1177,  25966.6660,
       1,     169,      14,      23,       1,       3,       1,     10.0000,      1.4023,     42.6310,    249.0916,     62.6872,      3.4953,      0.0000,     -0.0318,     11.4800,      0.1471,      5.5938,     11.1875,      1.2996,     28.4813,     56.9626,      0.0193,      0.0090,      0.0156,      0.2030,   7790.0000,-435147.4062,   -956.9175,    551.1942,  25966.6660,
       1,     169,      14,      24,       1,       3,       1,     10.0000,      1.4023,     42.6310,    249.0916,     62.6872,      3.4953,      0.0000,     -0.0318,      9.4993,      0.1459,      5.5938,     11.1875,      1.2891,     28.4813,     56.9626,      0.0193,      0.0075,      0.0156,      0.2030,   7790.0000,-434468.4688,   -956.7634,    551.2409,  25966.6621,
       1,     169,      15,       1,       1,       3,       1,     10.0000,      1.4023,     42.6313,    249.0974,     62.6887,      3.4953,      0.0000,     -0.0319,      8.0728,      0.1484,      5.5940,     11.1880,      1.3114,     28.4869,     56.9737,      0.0193,      0.0063,      0.0156,      0.2031,   7789.9990,-432086.3750,   -956.5510,    551.4178,  25967.8145,
       1,     169,      15,       2,       1,       3,       1,     10.0000,      1.4023,     42.6313,    249.0974,     62.6887,      3.4953,      0.0000,     -0.0317,      5.6630,      0.1443,      5.5940,     11.1880,      1.2749,     28.4869,     56.9737,      0.0193,      0.0044,      0.0156,      0.2031,   7790.3447,-429946.9688,   -955.7570,    551.5654,  25967.8145,
       1,     169,      15,       3,       1,       3,       1,     10.0000,      1.4023,     42.6313,    249.0974,     62.6887,      3.4953,      0.0000,     -0.0316,      4.9230,      0.1405,      5.5940,     11.1880,      1.2418,     28.4869,     56.9737,      0.0193,      0.0039,      0.0156,      0.2031,   7790.3447,-426750.2812,   -955.0458,    551.7858,  25967.8145,
       1,     169,      15,       4,       1,       3,       1,     10.0000,      1.4023,     42.6313,    249.0974,     62.6887,      3.4953,      0.0000,     -0.0315,      4.5753,      0.1379,      5.5940,     11.1880,      1.2182,     28.4869,     56.9737,      0.0193,      0.0036,      0.0156,      0.2031,   7790.3447,-425549.8125,   -954.7781,    551.8686,  25967.8145,
       1,     169,      15,       5,       1,       3,       1,     10.0000,      1.4023,     42.6313,    249.0974,     62.6887,      3.4953,      0.0000,     -0.0314,      4.3184,      0.1358,      5.5940,     11.1880,      1.1998,     28.4869,     56.9737,      0.0193,      0.0034,      0.0156,      0.2031,   7790.3447,-425011.6562,   -954.6575,    551.9057,  25967.8145,
       1,     169,      15,       6,       1,       3,       1,     10.0000,      1.4023,     42.6313,    249.0974,     62.6887,      3.4953,      0.0000,     -0.0314,      4.3728,      0.1366,      5.5940,     11.1880,      1.2071,     28.4869,     56.9737,      0.0193,      0.0034,      0.0156,      0.2031,   7790.3447,-424644.1875,   -954.5750,    551.9310,  25967.8145,
       1,     169,      15,       7,       1,       3,       1,     10.0000,      1.4023,     42.6313,    249.0974,     62.6887,      3.4953,      0.0000,     -0.0313,      4.2185,      0.1344,      5.5940,     11.1880,      1.1877,     28.4869,     56.9737,      0.0193,      0.0033,      0.0156,      0.2031,   7790.3447,-424680.5000,   -954.5819,    551.9286,  25967.8145,
       1,     169,      15,       8,       1,       3,       1,     10.0000,      1.4023,     42.6313,    249.0974,     62.6887,      3.4953,      0.0010,     -0.0301,      3.8487,      0.1293,      5.5940,     11.1880,      1.1428,     28.4869,     56.9737,      0.0193,      0.0030,      0.0156,      0.2031,   7790.3447,-424490.6875,   -954.5391,    551.9417,  25967.8145,
       1,     169,      15,       9,       1,       3,       1,     10.0000,      1.4023,     42.6313,    249.0974,     62.6887,      3.4953,      0.0624,      0.0311,     16.9996,      0.1335,      5.5940,     11.1880,      1.1793,     28.4869,     56.9737,      0.0193,      0.0031,      0.0681,      0.2031,   7790.3447,-424012.1562,   -954.4322,    551.9746,  25967.8145,
       1,     169,      15,      10,       1,       3,       1,     10.0000,      1.4023,     42.6313,    249.0974,     62.6887,      3.4953,      0.1358,      0.1036,     43.1073,      0.1580,      5.5940,     11.1880,      1.3958,     28.4869,     56.9737,      0.0193,      0.0031,      0.1705,      0.2031,   7790.3447,-440407.8438,   -958.0875,    550.8434,  25967.8145,
       1,     169,      15,      11,       1,       3,       1,     10.0000,      1.4023,     42.6313,    249.0974,     62.6887,      3.4953,      0.1787,      0.1460,     64.8497,      0.1728,      5.5940,     11.1880,      1.5273,     28.4869,     56.9737,      0.0193,      0.0034,      0.2302,      0.2031,   7790.3447,-474463.6562,   -965.7020,    548.4998,  25967.8164,
       1,     169,      15,      12,       1,       3,       1,     10.0000,      1.4023,     42.6313,    249.0974,     62.6887,      3.4953,      0.1925,      0.1596,     66.9165,      0.1786,      5.5940,     11.1880,      1.5784,     28.4869,     56.9737,      0.0193,      0.0033,      0.2500,      0.2030,   7790.3452,-504604.5312,   -972.5112,    546.4381,  25967.8125,
       1,     169,      15,      13,       1,       3,       1,     10.0000,      1.4023,     42.6313,    249.0974,     62.6887,      3.4953,      0.1920,      0.1585,     63.1306,      0.2008,      5.5940,     11.1880,      1.7743,     28.4869,     56.9737,      0.0193,      0.0031,      0.2500,      0.2030,   7790.3442,-509788.7500,   -973.8748,    546.0879,  25967.8125,
       1,     169,      15,      14,       1,       3,       1,     10.0000,      1.4023,     42.6313,    249.0974,     62.6887,      3.4953,      0.1920,      0.1582,     62.8612,      0.2072,      5.5940,     11.1880,      1.8312,     28.4869,     56.9737,      0.0193,      0.0031,      0.2500,      0.2030,   7790.3442,-505491.7188,   -973.1422,    546.3813,  25967.8125,
       1,     169,      15,      15,       1,       3,       1,     10.0000,      1.4023,     42.6313,    249.0974,     62.6887,      3.4953,      0.1941,      0.1604,     90.6933,      0.2066,      5.5940,     11.1880,      1.8258,     28.4869,     56.9737,      0.0193,      0.0044,      0.2500,      0.2030,   7790.3442,-504785.4688,   -973.1946,    546.4296,  25967.8105,
       1,     169,      15,      16,       1,       3,       1,     10.0000,      1.4023,     42.6313,    249.0974,     62.6887,      3.4953,      0.1959,      0.1623,    113.2727,      0.2026,      5.5940,     11.1880,      1.7901,     28.4869,     56.9737,      0.0193,      0.0055,      0.2500,      0.2030,   7790.3433,-539553.8125,   -981.1757,    544.0549,  25967.8105,
       1,     169,      15,      17,       1,       3,       1,     10.0000,      1.4023,     42.6313,    249.0974,     62.6887,      3.4953,      0.1893,      0.1559,    128.7572,      0.1934,      5.5940,     11.1880,      1.7088,     28.4869,     56.9737,      0.0193,      0.0066,      0.2385,      0.2030,   7790.3433,-570828.7500,   -988.5274,    541.9331,  25967.8125,
       1,     169,      15,      18,       1,       3,       1,     10.0000,      1.4023,     42.6313,    249.0974,     62.6887,      3.4953,      0.1689,      0.1360,    130.2787,      0.1799,      5.5940,     11.1880,      1.5894,     28.4869,     56.9737,      0.0193,      0.0076,      0.2086,      0.2029,   7790.3442,-592920.0000,   -993.9701,    540.4406,  25967.8086,
       1,     169,      15,      19,       1,       3,       1,     10.0000,      1.4023,     42.6313,    249.0974,     62.6887,      3.4953,      0.1035,      0.0710,     72.8874,      0.1679,      5.5940,     11.1880,      1.4837,     28.4869,     56.9737,      0.0193,      0.0074,      0.1203,      0.2029,   7790.3428,-596726.8125,   -995.4226,    540.1856,  25967.8086,
       1,     169,      15,      20,       1,       3,       1,     10.0000,      1.4023,     42.6313,    249.0974,     62.6887,      3.4953,      0.0084,     -0.0238,      9.0129,      0.1573,      5.5940,     11.1880,      1.3902,     28.4869,     56.9737,      0.0193,      0.0071,      0.0156,      0.2029,   7790.3428,-525121.1875,   -979.9433,    545.0207,  25967.8086,
       1,     169,      15,      21,       1,       3,       1,     10.0000,      1.4023,     42.6313,    249.0974,     62.6887,      3.4953,      0.0000,     -0.0319,      8.7938,      0.1507,      5.5940,     11.1880,      1.3314,     28.4869,     56.9737,      0.0193,      0.0069,      0.0156,      0.2030,   7790.3428,-439088.4688,   -960.8774,    550.9036,  25967.8086,
       1,     169,      15,      22,       1,       3,       1,     10.0000,      1.4023,     42.6313,    249.0974,     62.6887,      3.4953,      0.0000,     -0.0318,      7.8912,      0.1471,      5.5940,     11.1880,      1.2996,     28.4869,     56.9737,      0.0193,      0.0062,      0.0156,      0.2031,   7790.3428,-431491.5312,   -959.1802,    551.4586,  25967.8086,
       1,     169,      15,      23,       1,       3,       1,     10.0000,      1.4023,     42.6313,    249.0974,     62.6887,      3.4953,      0.0000,     -0.0318,      6.9915,      0.1462,      5.5940,     11.1880,      1.2917,     28.4869,     56.9737,      0.0193,      0.0055,      0.0156,      0.2031,   7790.3428,-429669.5625,   -958.7728,    551.5844,  25967.8086,
       1,     169,      15,      24,       1,       3,       1,     10.0000,      1.4023,     42.6313,    249.0974,     62.6887,      3.4953,      0.0000,     -0.0318,      6.2928,      0.1460,      5.5940,     11.1880,      1.2904,     28.4869,     56.9737,      0.0193,      0.0049,      0.0156,      0.2031,   7790.3428,-428387.6562,   -958.4863,    551.6729,  25967.8086,
       1,     169,      16,       1,       1,       3,       1,     10.0000,      1.4024,     42.6316,    249.1032,     62.6901,      3.4953,      0.0000,     -0.0318,      5.2447,      0.1455,      5.5941,     11.1883,      1.2853,     28.4922,     56.9845,      0.0193,      0.0041,      0.0156,      0.2031,   7790.3428,-427556.6562,   -958.6218,    551.7430,  25968.9570,
       1,     169,      16,       2,       1,       3,       1,     10.0000,      1.4024,     42.6316,    249.1032,     62.6901,      3.4953,      0.0000,     -0.0316,      4.6286,      0.1415,      5.5941,     11.1883,      1.2507,     28.4922,     56.9845,      0.0193,      0.0036,      0.0156,      0.2031,   7790.6875,-426024.2500,   -957.9597,    551.8488,  25968.9570,
       1,     169,      16,       3,       1,       3,       1,     10.0000,      1.4024,     42.6316,    249.1032,     62.6901,      3.4953,      0.0000,     -0.0316,      4.2286,      0.1403,      5.5941,     11.1883,      1.2394,     28.4922,     56.9845,      0.0193,      0.0033,      0.0156,      0.2031,   7790.6875,-425122.1250,   -957.7583,    551.9109,  25968.9570,
       1,     169,      16,       4,       1,       3,       1,     10.0000,      1.4024,     42.6316,    249.1032,     62.6901,      3.4953,      0.0000,     -0.0315,      4.0593,      0.1393,      5.5941,     11.1883,      1.2306,     28.4922,     56.9845,      0.0193,      0.0032,      0.0156,      0.2031,   7790.6875,-424544.4375,   -957.6296,    551.9507,  25968.9570,
       1,     169,      16,       5,       1,       3,       1,     10.0000,      1.4024,     42.6316,    249.1032,     62.6901,      3.4953,      0.0000,     -0.0314,      3.8093,      0.1347,      5.5941,     11.1883,      1.1902,     28.4922,     56.9845,      0.0193,      0.0030,      0.0156,      0.2031,   7790.6875,-424283.1875,   -957.5720,    551.9688,  25968.9570,
       1,     169,      16,       6,       1,       3,       1,     10.0000,      1.4024,     42.6316,    249.1032,     62.6901,      3.4953,      0.0000,     -0.0313,      4.0174,      0.1323,      5.5941,     11.1883,      1.1686,     28.4922,     56.9845,      0.0193,      0.0032,      0.0156,      0.2031,   7790.6875,-423948.0938,   -957.4977,    551.9919,  25968.9570,
       1,     169,      16,       7,       1,       3,       1,     10.0000,      1.4024,     42.6316,    249.1032,     62.6901,      3.4953,      0.0000,     -0.0308,      3.7617,      0.1218,      5.5941,     11.1883,      1.0761,     28.4922,     56.9845,      0.0193,      0.0030,      0.0156,      0.2031,   7790.6875,-424179.3438,   -957.5507,    551.9760,  25968.9570,
       1,     169,      16,       8,       1,       3,       1,     10.0000,      1.4024,     42.6316,    249.1032,     62.6901,      3.4953,      0.0012,     -0.0296,      3.5830,      0.1205,      5.5941,     11.1883,      1.0652,     28.4922,     56.9845,      0.0193,      0.0028,      0.0156,      0.2031,   7790.6875,-423879.6562,   -957.4843,    551.9966,  25968.9570,
       1,     169,      16,       9,       1,       3,       1,     10.0000,      1.4024,     42.6316,    249.1032,     62.6901,      3.4953,      0.0830,      0.0519,     23.6287,      0.1272,      5.5941,     11.1883,      1.1243,     28.4922,     56.9845,      0.0193,      0.0030,      0.0971,      0.2031,   7790.6875,-423630.5938,   -957.4297,    552.0139,  25968.9570,
       1,     169,      16,      10,       1,       3,       1,     10.0000,      1.4024,     42.6316,    249.1032,     62.6901,      3.4953,      0.1600,      0.1279,     48.6204,      0.1558,      5.5941,     11.1883,      1.3764,     28.4922,     56.9845,      0.0193,      0.0029,      0.2048,      0.2031,   7790.6875,-448660.3438,   -963.0699,    550.2868,  25968.9570,
       1,     169,      16,      11,       1,       3,       1,     10.0000,      1.4024,     42.6316,    249.1032,     62.6901,      3.4953,      0.1770,      0.1443,     51.7050,      0.1753,      5.5941,     11.1883,      1.5488,     28.4922,     56.9845,      0.0193,      0.0028,      0.2293,      0.2031,   7790.6875,-482069.5312,   -970.6310,    547.9915,  25968.9570,
       1,     169,      16,      12,       1,       3,       1,     10.0000,      1.4024,     42.6316,    249.1032,     62.6901,      3.4953,      0.1874,      0.1542,     38.0099,      0.1896,      5.5941,     11.1883,      1.6754,     28.4922,     56.9845,      0.0193,      0.0019,      0.2461,      0.2031,   7790.6875,-488814.0312,   -972.2617,    547.5341,  25968.9551,
       1,     169,      16,      13,       1,       3,       1,     10.0000,      1.4024,     42.6316,    249.1032,     62.6901,      3.4953,      0.1903,      0.1568,     41.4636,      0.2008,      5.5941,     11.1883,      1.7743,     28.4922,     56.9845,      0.0193,      0.0020,      0.2500,      0.2030,   7790.6870,-472257.5000,   -968.6688,    548.6675,  25968.9570,
       1,     169,      16,      14,       1,       3,       1,     10.0000,      1.4024,     42.6316,    249.1032,     62.6901,      3.4953,      0.1907,      0.1568,     47.0606,      0.2128,      5.5941,     11.1883,      1.8806,     28.4922,     56.9845,      0.0193,      0.0023,      0.2500,      0.2031,   7790.6875,-475156.1250,   -969.4025,    548.4699,  25968.9570,
       1,     169,      16,      15,       1,       3,       1,     10.0000,      1.4024,     42.6316,    249.1032,     62.6901,      3.4953,      0.1933,      0.1595,     80.0358,      0.2074,      5.5941,     11.1883,      1.8330,     28.4922,     56.9845,      0.0193,      0.0039,      0.2500,      0.2031,   7790.6875,-482404.0625,   -971.1254,    547.9730,  25968.9551,
       1,     169,      16,      16,       1,       3,       1,     10.0000,      1.4024,     42.6316,    249.1032,     62.6901,      3.4953,      0.1952,      0.1615,    104.6438,      0.2058,      5.5941,     11.1883,      1.8186,     28.4922,     56.9845,      0.0193,      0.0051,      0.2500,      0.2031,   7790.6870,-524273.9375,   -980.6917,    545.1053,  25968.9551,
       1,     169,      16,      17,       1,       3,       1,     10.0000,      1.4024,     42.6316,    249.1032,     62.6901,      3.4953,      0.1892,      0.1558,    125.8969,      0.1955,      5.5941,     11.1883,      1.7276,     28.4922,     56.9845,      0.0193,      0.0065,      0.2387,      0.2030,   7790.6870,-558695.7500,   -988.7524,    542.7673,  25968.9551,
       1,     169,      16,      18,       1,       3,       1,     10.0000,      1.4024,     42.6316,    249.1032,     62.6901,      3.4953,      0.1674,      0.1342,    114.4861,      0.1879,      5.5941,     11.1883,      1.6605,     28.4922,     56.9845,      0.0193,      0.0067,      0.2082,      0.2030,   7790.6870,-588275.3125,   -995.8804,    540.7656,  25968.9551,
       1,     169,      16,      19,       1,       3,       1,     10.0000,      1.4024,     42.6316,    249.1032,     62.6901,      3.4953,      0.0900,      0.0571,     60.7876,      0.1774,      5.5941,     11.1883,      1.5675,     28.4922,     56.9845,      0.0193,      0.0073,      0.1019,      0.2029,   7790.6870,-576523.9375,   -993.7972,    541.5636,  25968.9531,
       1,     169,      16,      20,       1,       3,       1,     10.0000,      1.4024,     42.6316,    249.1032,     62.6901,      3.4953,      0.0096,     -0.0227,      8.1295,      0.1615,      5.5941,     11.1883,      1.4270,     28.4922,     56.9845,      0.0193,      0.0064,      0.0156,      0.2029,   7790.6860,-508242.3750,   -978.8445,    546.1865,  25968.9531,
       1,     169,      16,      21,       1,       3,       1,     10.0000,      1.4024,     42.6316,    249.1032,     62.6901,      3.4953,      0.0000,     -0.0318,      7.7084,      0.1459,      5.5941,     11.1883,      1.2892,     28.4922,     56.9845,      0.0193,      0.0060,      0.0156,      0.2030,   7790.6860,-436553.8438,   -962.7992,    551.1007,  25968.9512,
       1,     169,      16,      22,       1,       3,       1,     10.0000,      1.4024,     42.6316,    249.1032,     62.6901,      3.4953,      0.0000,     -0.0314,      6.7830,      0.1359,      5.5941,     11.1883,      1.2011,     28.4922,     56.9845,      0.0193,      0.0053,      0.0156,      0.2031,   7790.6855,-429907.0938,   -961.3025,    551.5807,  25968.9512,
       1,     169,      16,      23,       1,       3,       1,     10.0000,      1.4024,     42.6316,    249.1032,     62.6901,      3.4953,      0.0000,     -0.0311,      6.3240,      0.1284,      5.5941,     11.1883,      1.1347,     28.4922,     56.9845,      0.0193,      0.0050,      0.0156,      0.2031,   7790.6855,-428150.4688,   -960.9088,    551.7021,  25968.9512,
       1,     169,      16,      24,       1,       3,       1,     10.0000,      1.4024,     42.6316,    249.1032,     62.6901,      3.4953,      0.0000,     -0.0309,      5.7673,      0.1227,      5.5941,     11.1883,      1.0838,     28.4922,     56.9845,      0.0193,      0.0045,      0.0156,      0.2031,   7790.6855,-427425.0625,   -960.7481,    551.7521,  25968.9512,
       1,     169,      17,       1,       1,       3,       1,     10.0000,      1.4024,     42.6320,    249.1090,     62.6916,      3.4953,      0.0000,     -0.0307,      4.6048,      0.1180,      5.5943,     11.1886,      1.0426,     28.4981,     56.9963,      0.0193,      0.0036,      0.0156,      0.2031,   7790.6855,-426819.8125,   -960.9380,    551.8066,  25970.1016,
       1,     169,      17,       2,       1,       3,       1,     10.0000,      1.4024,     42.6320,    249.1090,     62.6916,      3.4953,      0.0000,     -0.0307,      3.7973,      0.1171,      5.5943,     11.1886,      1.0351,     28.4981,     56.9963,      0.0193,      0.0030,      0.0156,      0.2031,   7791.0308,-425164.0000,   -960.2437,    551.9208,  25970.1016,
       1,     169,      17,       3,       1,       3,       1,     10.0000,      1.4024,     42.6320,    249.1090,     62.6916,      3.4953,      0.0000,     -0.0307,      3.2905,      0.1191,      5.5943,     11.1886,      1.0522,     28.4981,     56.9963,      0.0193,      0.0026,      0.0156,      0.2031,   7791.0308,-424012.1250,   -959.9854,    552.0003,  25970.1016,
       1,     169,      17,       4,       1,       3,       1,     10.0000,      1.4024,     42.6320,    249.1090,     62.6916,      3.4953,      0.0000,     -0.0306,      2.4287,      0.1162,      5.5943,     11.1886,      1.0267,     28.4981,     56.9963,      0.0193,      0.0019,      0.0156,      0.2031,   7791.0308,-423279.5938,   -959.8217,    552.0508,  25970.1016,
       1,     169,      17,       5,       1,       3,       1,     10.0000,      1.4024,     42.6320,    249.1090,     62.6916,      3.4953,      0.0000,     -0.0306,      1.8630,      0.1162,      5.5943,     11.1886,      1.0267,     28.4981,     56.9963,      0.0193,      0.0015,      0.0156,      0.2031,   7791.0308,-422139.5938,   -959.5652,    552.1295,  25970.1016,
       1,     169,      17,       6,       1,       3,       1,     10.0000,      1.4024,     42.6320,    249.1090,     62.6916,      3.4953,      0.0000,     -0.0305,      1.6136,      0.1134,      5.5943,     11.1886,      1.0017,     28.4981,     56.9963,      0.0193,      0.0013,      0.0156,      0.2031,   7791.0308,-421334.3438,   -959.3843,    552.1851,  25970.1016,
       1,     169,      17,       7,       1,       3,       1,     10.0000,      1.4024,     42.6320,    249.1090,     62.6916,      3.4953,      0.0000,     -0.0306,      1.6100,      0.1156,      5.5943,     11.1886,      1.0214,     28.4981,     56.9963,      0.0193,      0.0013,      0.0156,      0.2031,   7791.0308,-420953.2812,   -959.2994,    552.2114,  25970.1016,
       1,     169,      17,       8,       1,       3,       1,     10.0000,      1.4024,     42.6320,    249.1090,     62.6916,      3.4953,      0.0003,     -0.0302,      1.4607,      0.1139,      5.5943,     11.1886,      1.0069,     28.4981,     56.9963,      0.0193,      0.0011,      0.0156,      0.2031,   7791.0308,-420915.9375,   -959.2918,    552.2141,  25970.1016,
       1,     169,      17,       9,       1,       3,       1,     10.0000,      1.4024,     42.6320,    249.1090,     62.6916,      3.4953,      0.0332,      0.0021,      2.5452,      0.1271,      5.5943,     11.1886,      1.1232,     28.4981,     56.9963,      0.0193,      0.0011,      0.0280,      0.2031,   7791.0308,-420726.1562,   -959.2499,    552.2272,  25970.1016,
       1,     169,      17,      10,       1,       3,       1,     10.0000,      1.4024,     42.6320,    249.1090,     62.6916,      3.4953,      0.1458,      0.1137,     17.7561,      0.1544,      5.5943,     11.1886,      1.3640,     28.4981,     56.9963,      0.0193,      0.0012,      0.1878,      0.2031,   7791.0308,-422064.7500,   -959.5547,    552.1347,  25970.1016,
       1,     169,      17,      11,       1,       3,       1,     10.0000,      1.4024,     42.6320,    249.1090,     62.6916,      3.4953,      0.1681,      0.1354,     15.9434,      0.1751,      5.5943,     11.1886,      1.5473,     28.4981,     56.9963,      0.0193,      0.0009,      0.2204,      0.2031,   7791.0308,-441186.8438,   -963.8992,    550.8150,  25970.1016,
       1,     169,      17,      12,       1,       3,       1,     10.0000,      1.4024,     42.6320,    249.1090,     62.6916,      3.4953,      0.1581,      0.1247,     32.2760,      0.1938,      5.5943,     11.1886,      1.7123,     28.4981,     56.9963,      0.0193,      0.0019,      0.2040,      0.2031,   7791.0308,-440574.3125,   -963.7801,    550.8587,  25970.1016,
       1,     169,      17,      13,       1,       3,       1,     10.0000,      1.4024,     42.6320,    249.1090,     62.6916,      3.4953,      0.1253,      0.0914,     24.7065,      0.2139,      5.5943,     11.1886,      1.8899,     28.4981,     56.9963,      0.0193,      0.0019,      0.1570,      0.2031,   7791.0308,-460933.1250,   -968.4252,    549.4568,  25970.1016,
       1,     169,      17,      14,       1,       3,       1,     10.0000,      1.4024,     42.6320,    249.1090,     62.6916,      3.4953,      0.1670,      0.1329,     50.9664,      0.2201,      5.5943,     11.1886,      1.9445,     28.4981,     56.9963,      0.0193,      0.0029,      0.2150,      0.2031,   7791.0308,-453227.9375,   -966.7343,    549.9878,  25970.0996,
       1,     169,      17,      15,       1,       3,       1,     10.0000,      1.4024,     42.6320,    249.1090,     62.6916,      3.4953,      0.1685,      0.1344,     73.0564,      0.2190,      5.5943,     11.1886,      1.9350,     28.4981,     56.9963,      0.0193,      0.0042,      0.2147,      0.2031,   7791.0303,-485391.1875,   -974.0882,    547.7769,  25970.0996,
       1,     169,      17,      16,       1,       3,       1,     10.0000,      1.4024,     42.6320,    249.1090,     62.6916,      3.4953,      0.1630,      0.1289,     94.2722,      0.2175,      5.5943,     11.1886,      1.9217,     28.4981,     56.9963,      0.0193,      0.0057,      0.2041,      0.2031,   7791.0303,-515799.9375,   -981.1279,    545.6992,  25970.0996,
       1,     169,      17,      17,       1,       3,       1,     10.0000,      1.4024,     42.6320,    249.1090,     62.6916,      3.4953,      0.1786,      0.1449,    119.0644,      0.2062,      5.5943,     11.1886,      1.8223,     28.4981,     56.9963,      0.0193,      0.0065,      0.2241,      0.2030,   7791.0303,-544967.3750,   -988.0170,    543.7136,  25970.0996,
       1,     169,      17,      18,       1,       3,       1,     10.0000,      1.4024,     42.6320,    249.1090,     62.6916,      3.4953,      0.1371,      0.1037,     96.3224,      0.1951,      5.5943,     11.1886,      1.7242,     28.4981,     56.9963,      0.0193,      0.0071,      0.1662,      0.2030,   7791.0303,-578516.6875,   -996.0364,    541.4370,  25970.0957,
       1,     169,      17,      19,       1,       3,       1,     10.0000,      1.4024,     42.6320,    249.1090,     62.6916,      3.4953,      0.0344,      0.0015,     15.1894,      0.1797,      5.5943,     11.1886,      1.5879,     28.4981,     56.9963,      0.0193,      0.0071,      0.0263,      0.2030,   7791.0288,-552922.0000,   -990.7355,    543.1741,  25970.0977,
       1,     169,      17,      20,       1,       3,       1,     10.0000,      1.4024,     42.6320,    249.1090,     62.6916,      3.4953,      0.0064,     -0.0259,      7.9870,      0.1610,      5.5943,     11.1886,      1.4227,     28.4981,     56.9963,      0.0193,      0.0063,      0.0156,      0.2030,   7791.0298,-449142.7188,   -967.4684,    550.2231,  25970.0996,
       1,     169,      17,      21,       1,       3,       1,     10.0000,      1.4024,     42.6320,    249.1090,     62.6916,      3.4953,      0.0000,     -0.0318,      8.0190,      0.1478,      5.5943,     11.1886,      1.3062,     28.4981,     56.9963,      0.0193,      0.0063,      0.0156,      0.2031,   7791.0303,-431368.8750,   -963.4440,    551.4915,  25970.0977,
       1,     169,      17,      22,       1,       3,       1,     10.0000,      1.4024,     42.6320,    249.1090,     62.6916,      3.4953,      0.0000,     -0.0313,      6.6354,      0.1335,      5.5943,     11.1886,      1.1794,     28.4981,     56.9963,      0.0193,      0.0052,      0.0156,      0.2031,   7791.0298,-429825.0312,   -963.0988,    551.5994,  25970.0977,
       1,     169,      17,      23,       1,       3,       1,     10.0000,      1.4024,     42.6320,    249.1090,     62.6916,      3.4953,      0.0000,     -0.0312,      6.0094,      0.1315,      5.5943,     11.1886,      1.1615,     28.4981,     56.9963,      0.0193,      0.0047,      0.0156,      0.2031,   7791.0298,-427961.0312,   -962.6794,    551.7278,  25970.0977,
       1,     169,      17,      24,       1,       3,       1,     10.0000,      1.4024,     42.6320,    249.1090,     62.6916,      3.4953,      0.0000,     -0.0312,      5.3188,      0.1299,      5.5943,     11.1886,      1.1475,     28.4981,     56.9963,      0.0193,      0.0042,      0.0156,      0.2031,   7791.0298,-427018.2812,   -962.4688,    551.7929,  25970.0977,
       1,     169,      18,       1,       1,       3,       1,     10.0000,      1.4024,     42.6323,    249.1148,     62.6930,      3.4953,      0.0000,     -0.0312,      4.3374,      0.1305,      5.5949,     11.1897,      1.1533,     28.4955,     56.9910,      0.0193,      0.0034,      0.0156,      0.2032,   7791.0298,-426226.5938,   -962.6165,    551.8604,  25971.2441,
       1,     169,      18,       2,       1,       3,       1,     10.0000,      1.4024,     42.6323,    249.1148,     62.6930,      3.4953,      0.0000,     -0.0312,      3.9154,      0.1303,      5.5949,     11.1897,      1.1510,     28.4955,     56.9910,      0.0193,      0.0031,      0.0156,      0.2032,   7791.3735,-424781.7500,   -961.9677,    551.9601,  25971.2441,
       1,     169,      18,       3,       1,       3,       1,     10.0000,      1.4024,     42.6323,    249.1148,     62.6930,      3.4953,      0.0000,     -0.0314,      3.0318,      0.1355,      5.5949,     11.1897,      1.1975,     28.4955,     56.9910,      0.0193,      0.0024,      0.0156,      0.2032,   7791.3735,-424129.8125,   -961.8220,    552.0051,  25971.2441,
       1,     169,      18,       4,       1,       3,       1,     10.0000,      1.4024,     42.6323,    249.1148,     62.6930,      3.4953,      0.0000,     -0.0313,      3.1104,      0.1323,      5.5949,     11.1897,      1.1687,     28.4955,     56.9910,      0.0193,      0.0024,      0.0156,      0.2032,   7791.3735,-422969.6875,   -961.5601,    552.0851,  25971.2441,
       1,     169,      18,       5,       1,       3,       1,     10.0000,      1.4024,     42.6323,    249.1148,     62.6930,      3.4953,      0.0000,     -0.0314,      2.6026,      0.1347,      5.5949,     11.1897,      1.1902,     28.4955,     56.9910,      0.0193,      0.0020,      0.0156,      0.2032,   7791.3735,-422967.8125,   -961.5616,    552.0853,  25971.2441,
       1,     169,      18,       6,       1,       3,       1,     10.0000,      1.4024,     42.6323,    249.1148,     62.6930,      3.4953,      0.0000,     -0.0313,      2.7488,      0.1344,      5.5949,     11.1897,      1.1878,     28.4955,     56.9910,      0.0193,      0.0022,      0.0156,      0.2032,   7791.3735,-422333.1875,   -961.4189,    552.1290,  25971.2441,
       1,     169,      18,       7,       1,       3,       1,     10.0000,      1.4024,     42.6323,    249.1148,     62.6930,      3.4953,      0.0000,     -0.0313,      2.7006,      0.1336,      5.5949,     11.1897,      1.1806,     28.4955,     56.9910,      0.0193,      0.0021,      0.0156,      0.2032,   7791.3735,-422461.2812,   -961.4500,    552.1202,  25971.2441,
       1,     169,      18,       8,       1,       3,       1,     10.0000,      1.4024,     42.6323,    249.1148,     62.6930,      3.4953,      0.0006,     -0.0305,      2.8995,      0.1276,      5.5949,     11.1897,      1.1278,     28.4955,     56.9910,      0.0193,      0.0023,      0.0156,      0.2032,   7791.3735,-422412.0312,   -961.4407,    552.1237,  25971.2441,
       1,     169,      18,       9,       1,       3,       1,     10.0000,      1.4024,     42.6323,    249.1148,     62.6930,      3.4953,      0.1023,      0.0711,     21.9468,      0.1319,      5.5949,     11.1897,      1.1651,     28.4955,     56.9910,      0.0193,      0.0021,      0.1250,      0.2032,   7791.3735,-422656.1875,   -961.4982,    552.1068,  25971.2441,
       1,     169,      18,      10,       1,       3,       1,     10.0000,      1.4024,     42.6323,    249.1148,     62.6930,      3.4953,      0.1630,      0.1306,     42.9061,      0.1626,      5.5949,     11.1897,      1.4371,     28.4955,     56.9910,      0.0193,      0.0025,      0.2098,      0.2032,   7791.3735,-446474.7812,   -966.9435,    550.4630,  25971.2441,
       1,     169,      18,      11,       1,       3,       1,     10.0000,      1.4024,     42.6323,    249.1148,     62.6930,      3.4953,      0.1801,      0.1473,     46.7049,      0.1758,      5.5949,     11.1897,      1.5535,     28.4955,     56.9910,      0.0193,      0.0024,      0.2343,      0.2031,   7791.3735,-474730.5625,   -973.4302,    548.5212,  25971.2441,
       1,     169,      18,      12,       1,       3,       1,     10.0000,      1.4024,     42.6323,    249.1148,     62.6930,      3.4953,      0.1908,      0.1573,     46.4147,      0.1957,      5.5949,     11.1897,      1.7294,     28.4955,     56.9910,      0.0193,      0.0023,      0.2500,      0.2031,   7791.3735,-481919.4062,   -975.1622,    548.0317,  25971.2441,
       1,     169,      18,      13,       1,       3,       1,     10.0000,      1.4024,     42.6323,    249.1148,     62.6930,      3.4953,      0.1897,      0.1563,     33.1172,      0.1967,      5.5949,     11.1897,      1.7379,     28.4955,     56.9910,      0.0193,      0.0016,      0.2500,      0.2031,   7791.3735,-482171.0312,   -975.3306,    548.0147,  25971.2441,
       1,     169,      18,      14,       1,       3,       1,     10.0000,      1.4024,     42.6323,    249.1148,     62.6930,      3.4953,      0.1797,      0.1460,     44.5469,      0.2056,      5.5949,     11.1897,      1.8169,     28.4955,     56.9910,      0.0193,      0.0023,      0.2342,      0.2031,   7791.3735,-465563.8750,   -971.6470,    549.1523,  25971.2441,
       1,     169,      18,      15,       1,       3,       1,     10.0000,      1.4024,     42.6323,    249.1148,     62.6930,      3.4953,      0.1937,      0.1599,     84.6939,      0.2085,      5.5949,     11.1897,      1.8422,     28.4955,     56.9910,      0.0193,      0.0041,      0.2500,      0.2031,   7791.3735,-478428.7812,   -974.6613,    548.2704,  25971.2402,
       1,     169,      18,      16,       1,       3,       1,     10.0000,      1.4024,     42.6323,    249.1148,     62.6930,      3.4953,      0.1952,      0.1615,    104.5419,      0.2050,      5.5949,     11.1897,      1.8116,     28.4955,     56.9910,      0.0193,      0.0051,      0.2499,      0.2031,   7791.3726,-529737.4375,   -986.5027,    544.7548,  25971.2422,
       1,     169,      18,      17,       1,       3,       1,     10.0000,      1.4024,     42.6323,    249.1148,     62.6930,      3.4953,      0.1834,      0.1500,    112.0740,      0.1961,      5.5949,     11.1897,      1.7328,     28.4955,     56.9910,      0.0193,      0.0059,      0.2318,      0.2030,   7791.3730,-559019.4375,   -993.5213,    542.7720,  25971.2422,
       1,     169,      18,      18,       1,       3,       1,     10.0000,      1.4024,     42.6323,    249.1148,     62.6930,      3.4953,      0.1572,      0.1242,    102.1406,      0.1833,      5.5949,     11.1897,      1.6198,     28.4955,     56.9910,      0.0193,      0.0064,      0.1948,      0.2030,   7791.3730,-570961.8125,   -996.7068,    541.9654,  25971.2402,
       1,     169,      18,      19,       1,       3,       1,     10.0000,      1.4024,     42.6323,    249.1148,     62.6930,      3.4953,      0.0679,      0.0353,     37.7796,      0.1718,      5.5949,     11.1897,      1.5183,     28.4955,     56.9910,      0.0193,      0.0064,      0.0726,      0.2030,   7791.3726,-559545.1250,   -994.5921,    542.7395,  25971.2402,
       1,     169,      18,      20,       1,       3,       1,     10.0000,      1.4024,     42.6323,    249.1148,     62.6930,      3.4953,      0.0099,     -0.0223,      7.9680,      0.1588,      5.5949,     11.1897,      1.4029,     28.4955,     56.9910,      0.0193,      0.0063,      0.0156,      0.2030,   7791.3726,-477981.2812,   -976.2980,    548.2735,  25971.2422,
       1,     169,      18,      21,       1,       3,       1,     10.0000,      1.4024,     42.6323,    249.1148,     62.6930,      3.4953,      0.0000,     -0.0319,      7.7877,      0.1508,      5.5949,     11.1897,      1.3328,     28.4955,     56.9910,      0.0193,      0.0061,      0.0156,      0.2031,   7791.3730,-433792.8438,   -966.2355,    551.3303,  25971.2383,
       1,     169,      18,      22,       1,       3,       1,     10.0000,      1.4024,     42.6323,    249.1148,     62.6930,      3.4953,      0.0000,     -0.0318,      6.9806,      0.1463,      5.5949,     11.1897,      1.2931,     28.4955,     56.9910,      0.0193,      0.0055,      0.0156,      0.2032,   7791.3716,-429755.9375,   -965.3184,    551.6169,  25971.2383,
       1,     169,      18,      23,       1,       3,       1,     10.0000,      1.4024,     42.6323,    249.1148,     62.6930,      3.4953,      0.0000,     -0.0316,      6.1134,      0.1407,      5.5949,     11.1897,      1.2432,     28.4955,     56.9910,      0.0193,      0.0048,      0.0156,      0.2032,   7791.3716,-428389.1562,   -965.0107,    551.7112,  25971.2383,
       1,     169,      18,      24,       1,       3,       1,     10.0000,      1.4024,     42.6323,    249.1148,     62.6930,      3.4953,      0.0000,     -0.0316,      5.2143,      0.1408,      5.5949,     11.1897,      1.2445,     28.4955,     56.9910,      0.0193,      0.0041,      0.0156,      0.2032,   7791.3716,-427187.7500,   -964.7402,    551.7941,  25971.2383,
       1,     169,      19,       1,       1,       3,       1,     10.0000,      1.4024,     42.6326,    249.1206,     62.6945,      3.4953,      0.0000,     -0.0315,      4.1331,      0.1387,      5.5947,     11.1894,      1.2257,     28.5008,     57.0017,      0.0193,      0.0032,      0.0156,      0.2032,   7791.3716,-426113.8438,   -964.8261,    551.8810,  25972.3887,
       1,     169,      19,       2,       1,       3,       1,     10.0000,      1.4024,     42.6326,    249.1206,     62.6945,      3.4953,      0.0000,     -0.0315,      3.4035,      0.1376,      5.5947,     11.1894,      1.2158,     28.5008,     57.0017,      0.0193,      0.0027,      0.0156,      0.2032,   7791.7168,-424519.5000,   -964.1375,    551.9910,  25972.3887,
       1,     169,      19,       3,       1,       3,       1,     10.0000,      1.4024,     42.6326,    249.1206,     62.6945,      3.4953,      0.0000,     -0.0313,      2.6900,      0.1328,      5.5947,     11.1894,      1.1735,     28.5008,     57.0017,      0.0193,      0.0021,      0.0156,      0.2032,   7791.7168,-423470.5312,   -963.8997,    552.0634,  25972.3887,
       1,     169,      19,       4,       1,       3,       1,     10.0000,      1.4024,     42.6326,    249.1206,     62.6945,      3.4953,      0.0000,     -0.0311,      2.1836,      0.1285,      5.5947,     11.1894,      1.1359,     28.5008,     57.0017,      0.0193,      0.0017,      0.0156,      0.2032,   7791.7168,-422488.7188,   -963.6768,    552.1312,  25972.3887,
       1,     169,      19,       5,       1,       3,       1,     10.0000,      1.4024,     42.6326,    249.1206,     62.6945,      3.4953,      0.0000,     -0.0312,      2.1013,      0.1295,      5.5947,     11.1894,      1.1440,     28.5008,     57.0017,      0.0193,      0.0016,      0.0156,      0.2032,   7791.7168,-421771.5625,   -963.5143,    552.1806,  25972.3887,
       1,     169,      19,       6,       1,       3,       1,     10.0000,      1.4024,     42.6326,    249.1206,     62.6945,      3.4953,      0.0000,     -0.0311,      1.8633,      0.1274,      5.5947,     11.1894,      1.1256,     28.5008,     57.0017,      0.0193,      0.0015,      0.0156,      0.2032,   7791.7168,-421606.8750,   -963.4782,    552.1920,  25972.3887,
       1,     169,      19,       7,       1,       3,       1,     10.0000,      1.4024,     42.6326,    249.1206,     62.6945,      3.4953,      0.0000,     -0.0310,      1.7856,      0.1263,      5.5947,     11.1894,      1.1164,     28.5008,     57.0017,      0.0193,      0.0014,      0.0156,      0.2032,   7791.7168,-421295.4688,   -963.4084,    552.2135,  25972.3887,
       1,     169,      19,       8,       1,       3,       1,     10.0000,      1.4024,     42.6326,    249.1206,     62.6945,      3.4953,      0.0005,     -0.0305,      1.5402,      0.1263,      5.5947,     11.1894,      1.1164,     28.5008,     57.0017,      0.0193,      0.0012,      0.0156,      0.2032,   7791.7168,-421171.5000,   -963.3815,    552.2220,  25972.3887,
       1,     169,      19,       9,       1,       3,       1,     10.0000,      1.4024,     42.6326,    249.1206,     62.6945,      3.4953,      0.0219,     -0.0093,      0.8929,      0.1309,      5.5947,     11.1894,      1.1569,     28.5008,     57.0017,      0.0193,      0.0009,      0.0118,      0.2032,   7791.7168,-420854.2500,   -963.3101,    552.2440,  25972.3887,
       1,     169,      19,      10,       1,       3,       1,     10.0000,      1.4024,     42.6326,    249.1206,     62.6945,      3.4953,      0.1266,      0.0945,     13.6212,      0.1556,      5.5947,     11.1894,      1.3751,     28.5008,     57.0017,      0.0193,      0.0010,      0.1606,      0.2032,   7791.7168,-420018.1562,   -963.1190,    552.3017,  25972.3887,
       1,     169,      19,      11,       1,       3,       1,     10.0000,      1.4024,     42.6326,    249.1206,     62.6945,      3.4953,      0.1672,      0.1346,     23.9106,      0.1693,      5.5947,     11.1894,      1.4958,     28.5008,     57.0017,      0.0193,      0.0013,      0.2182,      0.2032,   7791.7168,-435846.3438,   -966.7623,    551.2089,  25972.3887,
       1,     169,      19,      12,       1,       3,       1,     10.0000,      1.4024,     42.6326,    249.1206,     62.6945,      3.4953,      0.1817,      0.1483,     32.4689,      0.1930,      5.5947,     11.1894,      1.7056,     28.5008,     57.0017,      0.0193,      0.0017,      0.2383,      0.2032,   7791.7168,-450070.5000,   -970.0509,    550.2299,  25972.3887,
       1,     169,      19,      13,       1,       3,       1,     10.0000,      1.4024,     42.6326,    249.1206,     62.6945,      3.4953,      0.1840,      0.1503,     31.4801,      0.2066,      5.5947,     11.1894,      1.8259,     28.5008,     57.0017,      0.0193,      0.0016,      0.2420,      0.2032,   7791.7168,-461992.5625,   -972.8312,    549.4108,  25972.3867,
       1,     169,      19,      14,       1,       3,       1,     10.0000,      1.4024,     42.6326,    249.1206,     62.6945,      3.4953,      0.1884,      0.1544,     37.7019,      0.2141,      5.5947,     11.1894,      1.8918,     28.5008,     57.0017,      0.0193,      0.0019,      0.2477,      0.2032,   7791.7163,-461783.6875,   -972.8441,    549.4258,  25972.3887,
       1,     169,      19,      15,       1,       3,       1,     10.0000,      1.4024,     42.6326,    249.1206,     62.6945,      3.4953,      0.1920,      0.1580,     63.9997,      0.2166,      5.5947,     11.1894,      1.9143,     28.5008,     57.0017,      0.0193,      0.0031,      0.2500,      0.2032,   7791.7168,-469541.7188,   -974.6907,    548.8929,  25972.3867,
       1,     169,      19,      16,       1,       3,       1,     10.0000,      1.4024,     42.6326,    249.1206,     62.6945,      3.4953,      0.1940,      0.1600,     88.8647,      0.2126,      5.5947,     11.1894,      1.8788,     28.5008,     57.0017,      0.0193,      0.0043,      0.2500,      0.2031,   7791.7163,-503085.3125,   -982.4940,    546.5918,  25972.3848,
       1,     169,      19,      17,       1,       3,       1,     10.0000,      1.4024,     42.6326,    249.1206,     62.6945,      3.4953,      0.1854,      0.1516,    122.1580,      0.2073,      5.5947,     11.1894,      1.8314,     28.5008,     57.0017,      0.0193,      0.0064,      0.2337,      0.2031,   7791.7158,-537083.9375,   -990.5299,    544.2737,  25972.3867,
       1,     169,      19,      18,       1,       3,       1,     10.0000,      1.4024,     42.6326,    249.1206,     62.6945,      3.4953,      0.1540,      0.1206,    108.8551,      0.1948,      5.5947,     11.1894,      1.7209,     28.5008,     57.0017,      0.0193,      0.0070,      0.1893,      0.2031,   7791.7163,-581677.9375,  -1001.1614,    541.2446,  25972.3848,
       1,     169,      19,      19,       1,       3,       1,     10.0000,      1.4024,     42.6326,    249.1206,     62.6945,      3.4953,      0.0574,      0.0246,     32.9013,      0.1760,      5.5947,     11.1894,      1.5551,     28.5008,     57.0017,      0.0193,      0.0070,      0.0577,      0.2030,   7791.7158,-568868.3125,   -998.7545,    542.1197,  25972.3887,
       1,     169,      19,      20,       1,       3,       1,     10.0000,      1.4024,     42.6326,    249.1206,     62.6945,      3.4953,      0.0083,     -0.0239,      8.0326,      0.1592,      5.5947,     11.1894,      1.4072,     28.5008,     57.0017,      0.0193,      0.0063,      0.0156,      0.2030,   7791.7168,-472656.3125,   -977.0065,    548.6403,  25972.3848,
       1,     169,      19,      21,       1,       3,       1,     10.0000,      1.4024,     42.6326,    249.1206,     62.6945,      3.4953,      0.0000,     -0.0319,      7.5301,      0.1493,      5.5947,     11.1894,      1.3195,     28.5008,     57.0017,      0.0193,      0.0059,      0.0156,      0.2031,   7791.7158,-433435.1250,   -968.0226,    551.3694,  25972.3848,
       1,     169,      19,      22,       1,       3,       1,     10.0000,      1.4024,     42.6326,    249.1206,     62.6945,      3.4953,      0.0000,     -0.0318,      7.0595,      0.1468,      5.5947,     11.1894,      1.2971,     28.5008,     57.0017,      0.0193,      0.0055,      0.0156,      0.2032,   7791.7158,-429403.4062,   -967.1006,    551.6541,  25972.3848,
       1,     169,      19,      23,       1,       3,       1,     10.0000,      1.4024,     42.6326,    249.1206,     62.6945,      3.4953,      0.0000,     -0.0318,      6.4785,      0.1465,      5.5947,     11.1894,      1.2945,     28.5008,     57.0017,      0.0193,      0.0051,      0.0156,      0.2032,   7791.7158,-428459.7812,   -966.8894,    551.7192,  25972.3848,
       1,     169,      19,      24,       1,       3,       1,     10.0000,      1.4024,     42.6326,    249.1206,     62.6945,      3.4953,      0.0000,     -0.0316,      5.2586,      0.1400,      5.5947,     11.1894,      1.2370,     28.5008,     57.0017,      0.0193,      0.0041,      0.0156,      0.2032,   7791.7158,-427652.4375,   -966.7090,    551.7749,  25972.3848,
       1,     169,      20,       1,       1,       3,       1,     10.0000,      1.4024,     42.6329,    249.1264,     62.6960,      3.4953,      0.0000,     -0.0314,      3.8546,      0.1348,      5.5951,     11.1903,      1.1915,     28.5024,     57.0048,      0.0193,      0.0030,      0.0156,      0.2032,   7791.7158,-426212.0000,   -966.7118,    551.8871,  25973.5371,
       1,     169,      20,       2,       1,       3,       1,     10.0000,      1.4024,     42.6329,    249.1264,     62.6960,      3.4953,      0.0000,     -0.0314,      3.0605,      0.1346,      5.5951,     11.1903,      1.1891,     28.5024,     57.0048,      0.0193,      0.0024,      0.0156,      0.2032,   7792.0615,-424182.9062,   -965.9183,    552.0271,  25973.5371,
       1,     169,      20,       3,       1,       3,       1,     10.0000,      1.4024,     42.6329,    249.1264,     62.6960,      3.4953,      0.0000,     -0.0313,      2.8413,      0.1339,      5.5951,     11.1903,      1.1831,     28.5024,     57.0048,      0.0193,      0.0022,      0.0156,      0.2032,   7792.0615,-423016.0000,   -965.6521,    552.1075,  25973.5352,
       1,     169,      20,       4,       1,       3,       1,     10.0000,      1.4024,     42.6329,    249.1264,     62.6960,      3.4953,      0.0000,     -0.0312,      2.8423,      0.1297,      5.5951,     11.1903,      1.1464,     28.5024,     57.0048,      0.0193,      0.0022,      0.0156,      0.2032,   7792.0610,-422641.9375,   -965.5688,    552.1334,  25973.5352,
       1,     169,      20,       5,       1,       3,       1,     10.0000,      1.4024,     42.6329,    249.1264,     62.6960,      3.4953,      0.0000,     -0.0310,      2.2398,      0.1261,      5.5951,     11.1903,      1.1142,     28.5024,     57.0048,      0.0193,      0.0018,      0.0156,      0.2032,   7792.0610,-422610.9375,   -965.5641,    552.1356,  25973.5352,
       1,     169,      20,       6,       1,       3,       1,     10.0000,      1.4024,     42.6329,    249.1264,     62.6960,      3.4953,      0.0000,     -0.0310,      1.6931,      0.1260,      5.5951,     11.1903,      1.1130,     28.5024,     57.0048,      0.0193,      0.0013,      0.0156,      0.2032,   7792.0610,-421855.5312,   -965.3921,    552.1876,  25973.5352,
       1,     169,      20,       7,       1,       3,       1,     10.0000,      1.4024,     42.6329,    249.1264,     62.6960,      3.4953,      0.0000,     -0.0309,      1.5719,      0.1239,      5.5951,     11.1903,      1.0950,     28.5024,     57.0048,      0.0193,      0.0012,      0.0156,      0.2032,   7792.0610,-421107.6875,   -965.2213,    552.2394,  25973.5352,
       1,     169,      20,       8,       1,       3,       1,     10.0000,      1.4024,     42.6329,    249.1264,     62.6960,      3.4953,      0.0004,     -0.0303,      1.4095,      0.1173,      5.5951,     11.1903,      1.0363,     28.5024,     57.0048,      0.0193,      0.0011,      0.0156,      0.2032,   7792.0610,-420891.7188,   -965.1729,    552.2543,  25973.5352,
       1,     169,      20,       9,       1,       3,       1,     10.0000,      1.4024,     42.6329,    249.1264,     62.6960,      3.4953,      0.0525,      0.0218,      4.9850,      0.1181,      5.5951,     11.1903,      1.0437,     28.5024,     57.0048,      0.0193,      0.0011,      0.0558,      0.2032,   7792.0610,-420670.1562,   -965.1231,    552.2695,  25973.5352,
       1,     169,      20,      10,       1,       3,       1,     10.0000,      1.4024,     42.6329,    249.1264,     62.6960,      3.4953,      0.1445,      0.1127,     17.9526,      0.1478,      5.5951,     11.1903,      1.3063,     28.5024,     57.0048,      0.0193,      0.0012,      0.1860,      0.2032,   7792.0610,-425117.1562,   -966.1540,    551.9625,  25973.5352,
       1,     169,      20,      11,       1,       3,       1,     10.0000,      1.4024,     42.6329,    249.1264,     62.6960,      3.4953,      0.1883,      0.1558,     25.3030,      0.1686,      5.5951,     11.1903,      1.4898,     28.5024,     57.0048,      0.0193,      0.0012,      0.2486,      0.2032,   7792.0610,-441699.3125,   -969.9978,    550.8185,  25973.5352,
       1,     169,      20,      12,       1,       3,       1,     10.0000,      1.4024,     42.6329,    249.1264,     62.6960,      3.4953,      0.1892,      0.1561,     25.9906,      0.1859,      5.5951,     11.1903,      1.6426,     28.5024,     57.0048,      0.0193,      0.0013,      0.2500,      0.2032,   7792.0610,-452315.4375,   -972.4756,    550.0887,  25973.5332,
       1,     169,      20,      13,       1,       3,       1,     10.0000,      1.4024,     42.6329,    249.1264,     62.6960,      3.4953,      0.1885,      0.1547,     18.8162,      0.2079,      5.5951,     11.1903,      1.8368,     28.5024,     57.0048,      0.0193,      0.0009,      0.2500,      0.2032,   7792.0601,-454088.9062,   -972.9256,    549.9673,  25973.5352,
       1,     169,      20,      14,       1,       3,       1,     10.0000,      1.4024,     42.6329,    249.1264,     62.6960,      3.4953,      0.1880,      0.1540,     13.0009,      0.2162,      5.5951,     11.1903,      1.9105,     28.5024,     57.0048,      0.0193,      0.0006,      0.2500,      0.2032,   7792.0610,-445275.2500,   -970.9276,    550.5732,  25973.5352,
       1,     169,      20,      15,       1,       3,       1,     10.0000,      1.4024,     42.6329,    249.1264,     62.6960,      3.4953,      0.1915,      0.1574,     57.6139,      0.2194,      5.5951,     11.1903,      1.9389,     28.5024,     57.0048,      0.0193,      0.0028,      0.2500,      0.2032,   7792.0610,-437251.1562,   -969.0954,    551.1258,  25973.5352,
       1,     169,      20,      16,       1,       3,       1,     10.0000,      1.4024,     42.6329,    249.1264,     62.6960,      3.4953,      0.1937,      0.1597,     85.9202,      0.2173,      5.5951,     11.1903,      1.9200,     28.5024,     57.0048,      0.0193,      0.0042,      0.2500,      0.2032,   7792.0610,-492298.4688,   -981.8618,    547.3338,  25973.5332,
       1,     169,      20,      17,       1,       3,       1,     10.0000,      1.4024,     42.6329,    249.1264,     62.6960,      3.4953,      0.1895,      0.1557,    108.2935,      0.2083,      5.5951,     11.1903,      1.8404,     28.5024,     57.0048,      0.0193,      0.0055,      0.2413,      0.2031,   7792.0601,-532468.8750,   -991.3236,    544.5985,  25973.5332,
       1,     169,      20,      18,       1,       3,       1,     10.0000,      1.4024,     42.6329,    249.1264,     62.6960,      3.4953,      0.1579,      0.1244,    117.7510,      0.1977,      5.5951,     11.1903,      1.7466,     28.5024,     57.0048,      0.0193,      0.0074,      0.1940,      0.2031,   7792.0601,-563918.1250,   -998.9449,    542.4645,  25973.5332,
       1,     169,      20,      19,       1,       3,       1,     10.0000,      1.4024,     42.6329,    249.1264,     62.6960,      3.4953,      0.1072,      0.0743,     80.5739,      0.1788,      5.5951,     11.1903,      1.5801,     28.5024,     57.0048,      0.0193,      0.0079,      0.1246,      0.2031,   7792.0601,-578462.3125,  -1002.7935,    541.4824,  25973.5312,
       1,     169,      20,      20,       1,       3,       1,     10.0000,      1.4024,     42.6329,    249.1264,     62.6960,      3.4953,      0.0112,     -0.0210,      9.7161,      0.1597,      5.5951,     11.1903,      1.4115,     28.5024,     57.0048,      0.0193,      0.0076,      0.0156,      0.2030,   7792.0596,-533156.1250,   -992.8041,    544.5498,  25973.5332,
       1,     169,      20,      21,       1,       3,       1,     10.0000,      1.4024,     42.6329,    249.1264,     62.6960,      3.4953,      0.0000,     -0.0320,      9.2821,      0.1525,      5.5951,     11.1903,      1.3477,     28.5024,     57.0048,      0.0193,      0.0073,      0.0156,      0.2031,   7792.0601,-440637.0938,   -971.6106,    550.8563,  25973.5312,
       1,     169,      20,      22,       1,       3,       1,     10.0000,      1.4024,     42.6329,    249.1264,     62.6960,      3.4953,      0.0000,     -0.0316,      7.6614,      0.1410,      5.5951,     11.1903,      1.2458,     28.5024,     57.0048,      0.0193,      0.0060,      0.0156,      0.2032,   7792.0596,-432251.4688,   -969.6788,    551.4703,  25973.5293,
       1,     169,      20,      23,       1,       3,       1,     10.0000,      1.4024,     42.6329,    249.1264,     62.6960,      3.4953,      0.0000,     -0.0313,      6.4534,      0.1325,      5.5951,     11.1903,      1.1711,     28.5024,     57.0048,      0.0193,      0.0051,      0.0156,      0.2032,   7792.0591,-429460.0000,   -969.0401,    551.6630,  25973.5293,
       1,     169,      20,      24,       1,       3,       1,     10.0000,      1.4024,     42.6329,    249.1264,     62.6960,      3.4953,      0.0000,     -0.0310,      4.9521,      0.1254,      5.5951,     11.1903,      1.1085,     28.5024,     57.0048,      0.0193,      0.0039,      0.0156,      0.2032,   7792.0591,-427710.2188,   -968.6406,    551.7838,  25973.5293,
       1,     169,      21,       1,       1,       3,       1,     10.0000,      1.4025,     42.6333,    249.1322,     62.6974,      3.4953,      0.0000,     -0.0309,      3.6798,      0.1228,      5.5944,     11.1888,      1.0851,     28.5075,     57.0150,      0.0193,      0.0029,      0.0156,      0.2032,   7792.0591,-425836.7500,   -968.5421,    551.9257,  25974.6797,
       1,     169,      21,       2,       1,       3,       1,     10.0000,      1.4025,     42.6333,    249.1322,     62.6974,      3.4953,      0.0000,     -0.0308,      3.0614,      0.1197,      5.5944,     11.1888,      1.0577,     28.5075,     57.0150,      0.0193,      0.0024,      0.0156,      0.2032,   7792.4043,-423935.4375,   -967.7740,    552.0570,  25974.6797,
       1,     169,      21,       3,       1,       3,       1,     10.0000,      1.4025,     42.6333,    249.1322,     62.6974,      3.4953,      0.0000,     -0.0307,      2.4439,      0.1188,      5.5944,     11.1888,      1.0502,     28.5075,     57.0150,      0.0193,      0.0019,      0.0156,      0.2032,   7792.4043,-422999.0312,   -967.5600,    552.1215,  25974.6797,
       1,     169,      21,       4,       1,       3,       1,     10.0000,      1.4025,     42.6333,    249.1322,     62.6974,      3.4953,      0.0000,     -0.0307,      1.8156,      0.1182,      5.5944,     11.1888,      1.0448,     28.5075,     57.0150,      0.0193,      0.0014,      0.0156,      0.2032,   7792.4043,-422147.2188,   -967.3648,    552.1803,  25974.6797,
       1,     169,      21,       5,       1,       3,       1,     10.0000,      1.4025,     42.6333,    249.1322,     62.6974,      3.4953,      0.0000,     -0.0304,      1.1336,      0.1113,      5.5944,     11.1888,      0.9835,     28.5075,     57.0150,      0.0193,      0.0009,      0.0156,      0.2032,   7792.4043,-421289.0625,   -967.1675,    552.2396,  25974.6797,
       1,     169,      21,       6,       1,       3,       1,     10.0000,      1.4025,     42.6333,    249.1322,     62.6974,      3.4953,      0.0000,     -0.0303,      1.1020,      0.1097,      5.5944,     11.1888,      0.9694,     28.5075,     57.0150,      0.0193,      0.0009,      0.0156,      0.2032,   7792.4043,-420363.1875,   -966.9540,    552.3035,  25974.6797,
       1,     169,      21,       7,       1,       3,       1,     10.0000,      1.4025,     42.6333,    249.1322,     62.6974,      3.4953,      0.0000,     -0.0303,      0.5512,      0.1088,      5.5944,     11.1888,      0.9615,     28.5075,     57.0150,      0.0193,      0.0004,      0.0156,      0.2032,   7792.4043,-420243.9375,   -966.9275,    552.3118,  25974.6797,
       1,     169,      21,       8,       1,       3,       1,     10.0000,      1.4025,     42.6333,    249.1322,     62.6974,      3.4953,      0.0004,     -0.0298,      0.4295,      0.1063,      5.5944,     11.1888,      0.9390,     28.5075,     57.0150,      0.0193,      0.0003,      0.0156,      0.2032,   7792.4043,-419545.7812,   -966.7661,    552.3599,  25974.6797,
       1,     169,      21,       9,       1,       3,       1,     10.0000,      1.4025,     42.6333,    249.1322,     62.6974,      3.4953,      0.0658,      0.0355,      3.4562,      0.1090,      5.5944,     11.1888,      0.9635,     28.5075,     57.0150,      0.0193,      0.0006,      0.0754,      0.2032,   7792.4043,-419333.6250,   -966.7175,    552.3746,  25974.6797,
       1,     169,      21,      10,       1,       3,       1,     10.0000,      1.4025,     42.6333,    249.1322,     62.6974,      3.4953,      0.1587,      0.1264,      7.1884,      0.1589,      5.5944,     11.1888,      1.4044,     28.5075,     57.0150,      0.0193,      0.0004,      0.2076,      0.2032,   7792.4043,-423095.2500,   -967.5931,    552.1149,  25974.6797,
       1,     169,      21,      11,       1,       3,       1,     10.0000,      1.4025,     42.6333,    249.1322,     62.6974,      3.4953,      0.1875,      0.1546,     11.5177,      0.1778,      5.5944,     11.1888,      1.5708,     28.5075,     57.0150,      0.0193,      0.0006,      0.2491,      0.2032,   7792.4043,-428081.0625,   -968.7551,    551.7709,  25974.6797,
       1,     169,      21,      12,       1,       3,       1,     10.0000,      1.4025,     42.6333,    249.1322,     62.6974,      3.4953,      0.1698,      0.1368,      7.1208,      0.1841,      5.5944,     11.1888,      1.6264,     28.5075,     57.0150,      0.0193,      0.0004,      0.2239,      0.2032,   7792.4043,-433918.7188,   -970.1192,    551.3683,  25974.6797,
       1,     169,      21,      13,       1,       3,       1,     10.0000,      1.4025,     42.6333,    249.1322,     62.6974,      3.4953,      0.1877,      0.1540,      8.4289,      0.2056,      5.5944,     11.1888,      1.8170,     28.5075,     57.0150,      0.0193,      0.0004,      0.2500,      0.2032,   7792.4043,-428929.5938,   -968.9688,    551.7123,  25974.6797,
       1,     169,      21,      14,       1,       3,       1,     10.0000,      1.4025,     42.6333,    249.1322,     62.6974,      3.4953,      0.1886,      0.1546,     20.2013,      0.2143,      5.5944,     11.1888,      1.8938,     28.5075,     57.0150,      0.0193,      0.0010,      0.2500,      0.2032,   7792.4043,-430133.7500,   -969.2537,    551.6293,  25974.6797,
       1,     169,      21,      15,       1,       3,       1,     10.0000,      1.4025,     42.6333,    249.1322,     62.6974,      3.4953,      0.1934,      0.1591,    102.6953,      0.2262,      5.5944,     11.1888,      1.9988,     28.5075,     57.0150,      0.0193,      0.0051,      0.2477,      0.2032,   7792.4043,-444942.1875,   -972.7106,    550.6083,  25974.6777,
       1,     169,      21,      16,       1,       3,       1,     10.0000,      1.4025,     42.6333,    249.1322,     62.6974,      3.4953,      0.1927,      0.1588,    123.1247,      0.2097,      5.5944,     11.1888,      1.8532,     28.5075,     57.0150,      0.0193,      0.0062,      0.2442,      0.2032,   7792.4038,-549285.4375,   -997.0477,    543.4277,  25974.6777,
       1,     169,      21,      17,       1,       3,       1,     10.0000,      1.4025,     42.6333,    249.1322,     62.6974,      3.4953,      0.1758,      0.1419,    113.7890,      0.2128,      5.5944,     11.1888,      1.8808,     28.5075,     57.0150,      0.0193,      0.0063,      0.2207,      0.2031,   7792.4038,-583965.1250,  -1005.5251,    541.1186,  25974.6758,
       1,     169,      21,      18,       1,       3,       1,     10.0000,      1.4025,     42.6333,    249.1322,     62.6974,      3.4953,      0.1466,      0.1131,    102.4287,      0.2006,      5.5944,     11.1888,      1.7728,     28.5075,     57.0150,      0.0193,      0.0070,      0.1793,      0.2031,   7792.4028,-575210.0000,  -1004.0449,    541.7157,  25974.6797,
       1,     169,      21,      19,       1,       3,       1,     10.0000,      1.4025,     42.6333,    249.1322,     62.6974,      3.4953,      0.0903,      0.0574,     59.8496,      0.1790,      5.5944,     11.1888,      1.5817,     28.5075,     57.0150,      0.0193,      0.0072,      0.1023,      0.2031,   7792.4043,-560230.1875,  -1001.0727,    542.7303,  25974.6777,
       1,     169,      21,      20,       1,       3,       1,     10.0000,      1.4025,     42.6333,    249.1322,     62.6974,      3.4953,      0.0090,     -0.0232,      9.6997,      0.1597,      5.5944,     11.1888,      1.4115,     28.5075,     57.0150,      0.0193,      0.0076,      0.0156,      0.2031,   7792.4038,-505654.0312,   -988.7564,    546.4339,  25974.6777,
       1,     169,      21,      21,       1,       3,       1,     10.0000,      1.4025,     42.6333,    249.1322,     62.6974,      3.4953,      0.0000,     -0.0318,      7.7110,      0.1462,      5.5944,     11.1888,      1.2919,     28.5075,     57.0150,      0.0193,      0.0060,      0.0156,      0.2032,   7792.4038,-438297.3750,   -973.1871,    551.0472,  25974.6758,
       1,     169,      21,      22,       1,       3,       1,     10.0000,      1.4025,     42.6333,    249.1322,     62.6974,      3.4953,      0.0000,     -0.0315,      7.8032,      0.1380,      5.5944,     11.1888,      1.2196,     28.5075,     57.0150,      0.0193,      0.0061,      0.0156,      0.2032,   7792.4028,-430068.4375,   -971.2770,    551.6336,  25974.6758,
       1,     169,      21,      23,       1,       3,       1,     10.0000,      1.4025,     42.6333,    249.1322,     62.6974,      3.4953,      0.0000,     -0.0311,      7.1548,      0.1279,      5.5944,     11.1888,      1.1302,     28.5075,     57.0150,      0.0193,      0.0056,      0.0156,      0.2032,   7792.4028,-429451.0938,   -971.1413,    551.6764,  25974.6758,
       1,     169,      21,      24,       1,       3,       1,     10.0000,      1.4025,     42.6333,    249.1322,     62.6974,      3.4953,      0.0000,     -0.0308,      5.9406,      0.1212,      5.5944,     11.1888,      1.0707,     28.5075,     57.0150,      0.0193,      0.0047,      0.0156,      0.2032,   7792.4028,-428587.8125,   -970.9474,    551.7360,  25974.6758,
       1,     169,      22,       1,       1,       3,       1,     10.0000,      1.4025,     42.6336,    249.1380,     62.6989,      3.4953,      0.0000,     -0.0309,      4.0093,      0.1217,      5.5949,     11.1897,      1.0752,     28.5119,     57.0237,      0.0193,      0.0031,      0.0156,      0.2033,   7792.4028,-427149.8125,   -970.9522,    551.8480,  25975.8281,
       1,     169,      22,       2,       1,       3,       1,     10.0000,      1.4025,     42.6336,    249.1380,     62.6989,      3.4953,      0.0000,     -0.0307,      2.6343,      0.1188,      5.5949,     11.1897,      1.0502,     28.5119,     57.0237,      0.0193,      0.0021,      0.0156,      0.2033,   7792.7485,-424462.8125,   -969.9957,    552.0333,  25975.8281,
       1,     169,      22,       3,       1,       3,       1,     10.0000,      1.4025,     42.6336,    249.1380,     62.6989,      3.4953,      0.0000,     -0.0306,      1.9851,      0.1158,      5.5949,     11.1897,      1.0237,     28.5119,     57.0237,      0.0193,      0.0016,      0.0156,      0.2033,   7792.7485,-422514.2188,   -969.5435,    552.1678,  25975.8281,
       1,     169,      22,       4,       1,       3,       1,     10.0000,      1.4025,     42.6336,    249.1380,     62.6989,      3.4953,      0.0000,     -0.0307,      1.3945,      0.1182,      5.5949,     11.1897,      1.0448,     28.5119,     57.0237,      0.0193,      0.0011,      0.0156,      0.2033,   7792.7485,-421535.6250,   -969.3173,    552.2354,  25975.8281,
       1,     169,      22,       5,       1,       3,       1,     10.0000,      1.4025,     42.6336,    249.1380,     62.6989,      3.4953,      0.0000,     -0.0306,      1.1856,      0.1150,      5.5949,     11.1897,      1.0163,     28.5119,     57.0237,      0.0193,      0.0009,      0.0156,      0.2033,   7792.7485,-420713.5000,   -969.1268,    552.2921,  25975.8281,
       1,     169,      22,       6,       1,       3,       1,     10.0000,      1.4025,     42.6336,    249.1380,     62.6989,      3.4953,      0.0000,     -0.0305,      0.7097,      0.1141,      5.5949,     11.1897,      1.0080,     28.5119,     57.0237,      0.0193,      0.0006,      0.0156,      0.2033,   7792.7485,-420381.8750,   -969.0505,    552.3150,  25975.8281,
       1,     169,      22,       7,       1,       3,       1,     10.0000,      1.4025,     42.6336,    249.1380,     62.6989,      3.4953,      0.0000,     -0.0304,      0.3000,      0.1119,      5.5949,     11.1897,      0.9886,     28.5119,     57.0237,      0.0193,      0.0002,      0.0156,      0.2033,   7792.7485,-419758.9688,   -968.9058,    552.3580,  25975.8281,
       1,     169,      22,       8,       1,       3,       1,     10.0000,      1.4025,     42.6336,    249.1380,     62.6989,      3.4953,      0.0005,     -0.0297,      0.2459,      0.1058,      5.5949,     11.1897,      0.9352,     28.5119,     57.0237,      0.0193,      0.0002,      0.0156,      0.2033,   7792.7485,-419193.6875,   -968.7743,    552.3971,  25975.8281,
       1,     169,      22,       9,       1,       3,       1,     10.0000,      1.4025,     42.6336,    249.1380,     62.6989,      3.4953,      0.0203,     -0.0100,      0.1736,      0.1088,      5.5949,     11.1897,      0.9615,     28.5119,     57.0237,      0.0193,      0.0002,      0.0107,      0.2033,   7792.7485,-419077.2812,   -968.7474,    552.4051,  25975.8281,
       1,     169,      22,      10,       1,       3,       1,     10.0000,      1.4025,     42.6336,    249.1380,     62.6989,      3.4953,      0.0688,      0.0372,      1.7107,      0.1400,      5.5949,     11.1897,      1.2370,     28.5119,     57.0237,      0.0193,      0.0003,      0.0789,      0.2033,   7792.7485,-418977.0625,   -968.7239,    552.4120,  25975.8281,
       1,     169,      22,      11,       1,       3,       1,     10.0000,      1.4025,     42.6336,    249.1380,     62.6989,      3.4953,      0.0789,      0.0469,      2.2298,      0.1527,      5.5949,     11.1897,      1.3491,     28.5119,     57.0237,      0.0193,      0.0003,      0.0931,      0.2033,   7792.7485,-420887.8125,   -969.1713,    552.2801,  25975.8281,
       1,     169,      22,      12,       1,       3,       1,     10.0000,      1.4025,     42.6336,    249.1380,     62.6989,      3.4953,      0.1659,      0.1334,      5.8410,      0.1681,      5.5949,     11.1897,      1.4855,     28.5119,     57.0237,      0.0193,      0.0003,      0.2183,      0.2033,   7792.7485,-421700.8750,   -969.3637,    552.2239,  25975.8281,
       1,     169,      22,      13,       1,       3,       1,     10.0000,      1.4025,     42.6336,    249.1380,     62.6989,      3.4953,      0.1583,      0.1249,      6.5352,      0.1940,      5.5949,     11.1897,      1.7142,     28.5119,     57.0237,      0.0193,      0.0004,      0.2073,      0.2033,   7792.7485,-426280.5312,   -970.4391,    551.9078,  25975.8281,
       1,     169,      22,      14,       1,       3,       1,     10.0000,      1.4025,     42.6336,    249.1380,     62.6989,      3.4953,      0.1877,      0.1540,      8.3815,      0.2046,      5.5949,     11.1897,      1.8082,     28.5119,     57.0237,      0.0193,      0.0004,      0.2500,      0.2033,   7792.7485,-427542.5938,   -970.7406,    551.8209,  25975.8281,
       1,     169,      22,      15,       1,       3,       1,     10.0000,      1.4025,     42.6336,    249.1380,     62.6989,      3.4953,      0.1313,      0.0970,     27.0998,      0.2260,      5.5949,     11.1897,      1.9969,     28.5119,     57.0237,      0.0193,      0.0020,      0.1653,      0.2033,   7792.7485,-429957.0000,   -971.3119,    551.6544,  25975.8281,
       1,     169,      22,      16,       1,       3,       1,     10.0000,      1.4025,     42.6336,    249.1380,     62.6989,      3.4953,      0.1167,      0.0824,     36.8441,      0.2240,      5.5949,     11.1897,      1.9794,     28.5119,     57.0237,      0.0193,      0.0032,      0.1429,      0.2033,   7792.7485,-453543.1875,   -976.8533,    550.0280,  25975.8262,
       1,     169,      22,      17,       1,       3,       1,     10.0000,      1.4025,     42.6336,    249.1380,     62.6989,      3.4953,      0.1168,      0.0829,     51.5958,      0.2122,      5.5949,     11.1897,      1.8753,     28.5119,     57.0237,      0.0193,      0.0045,      0.1415,      0.2032,   7792.7480,-467755.8125,   -980.2303,    549.0532,  25975.8262,
       1,     169,      22,      18,       1,       3,       1,     10.0000,      1.4025,     42.6336,    249.1380,     62.6989,      3.4953,      0.0899,      0.0567,     65.1723,      0.1900,      5.5949,     11.1897,      1.6789,     28.5119,     57.0237,      0.0193,      0.0079,      0.1011,      0.2032,   7792.7480,-487412.2188,   -984.9156,    547.7050,  25975.8262,
       1,     169,      22,      19,       1,       3,       1,     10.0000,      1.4025,     42.6336,    249.1380,     62.6989,      3.4953,      0.0466,      0.0138,     26.1320,      0.1765,      5.5949,     11.1897,      1.5599,     28.5119,     57.0237,      0.0193,      0.0075,      0.0429,      0.2032,   7792.7480,-506076.7500,   -989.4278,    546.4288,  25975.8262,
       1,     169,      22,      20,       1,       3,       1,     10.0000,      1.4025,     42.6336,    249.1380,     62.6989,      3.4953,      0.0077,     -0.0245,      9.0257,      0.1585,      5.5949,     11.1897,      1.4002,     28.5119,     57.0237,      0.0193,      0.0071,      0.0156,      0.2032,   7792.7480,-458867.1562,   -978.5568,    549.6548,  25975.8242,
       1,     169,      22,      21,       1,       3,       1,     10.0000,      1.4025,     42.6336,    249.1380,     62.6989,      3.4953,      0.0000,     -0.0315,      8.1197,      0.1393,      5.5949,     11.1897,      1.2308,     28.5119,     57.0237,      0.0193,      0.0064,      0.0156,      0.2032,   7792.7476,-433465.6875,   -972.6477,    551.4097,  25975.8242,
       1,     169,      22,      22,       1,       3,       1,     10.0000,      1.4025,     42.6336,    249.1380,     62.6989,      3.4953,      0.0000,     -0.0314,      7.0989,      0.1346,      5.5949,     11.1897,      1.1891,     28.5119,     57.0237,      0.0193,      0.0056,      0.0156,      0.2033,   7792.7476,-430144.3438,   -971.8804,    551.6414,  25975.8242,
       1,     169,      22,      23,       1,       3,       1,     10.0000,      1.4025,     42.6336,    249.1380,     62.6989,      3.4953,      0.0000,     -0.0312,      5.9780,      0.1312,      5.5949,     11.1897,      1.1593,     28.5119,     57.0237,      0.0193,      0.0047,      0.0156,      0.2033,   7792.7476,-428579.8750,   -971.5221,    551.7493,  25975.8242,
       1,     169,      22,      24,       1,       3,       1,     10.0000,      1.4025,     42.6336,    249.1380,     62.6989,      3.4953,      0.0000,     -0.0312,      5.5682,      0.1313,      5.5949,     11.1897,      1.1605,     28.5119,     57.0237,      0.0193,      0.0044,      0.0156,      0.2033,   7792.7476,-427045.1250,   -971.1699,    551.8552,  25975.8242,
       1,     169,      23,       1,       1,       3,       1,     10.0000,      1.4025,     42.6339,    249.1438,     62.7004,      3.4953,      0.0000,     -0.0310,      4.1784,      0.1266,      5.5968,     11.1935,      1.1188,     28.5020,     57.0040,      0.0193,      0.0033,      0.0156,      0.2033,   7792.7476,-426554.3438,   -971.3953,    551.9021,  25976.9746,
       1,     169,      23,       2,       1,       3,       1,     10.0000,      1.4025,     42.6339,    249.1438,     62.7004,      3.4953,      0.0000,     -0.0308,      2.6220,      0.1209,      5.5968,     11.1935,      1.0686,     28.5020,     57.0040,      0.0193,      0.0021,      0.0156,      0.2033,   7793.0928,-424625.3750,   -970.6154,    552.0352,  25976.9746,
       1,     169,      23,       3,       1,       3,       1,     10.0000,      1.4025,     42.6339,    249.1438,     62.7004,      3.4953,      0.0000,     -0.0306,      2.0291,      0.1167,      5.5968,     11.1935,      1.0310,     28.5020,     57.0040,      0.0193,      0.0016,      0.0156,      0.2033,   7793.0928,-422515.7500,   -970.1246,    552.1808,  25976.9746,
       1,     169,      23,       4,       1,       3,       1,     10.0000,      1.4025,     42.6339,    249.1438,     62.7004,      3.4953,      0.0000,     -0.0304,      1.5668,      0.1115,      5.5968,     11.1935,      0.9856,     28.5020,     57.0040,      0.0193,      0.0012,      0.0156,      0.2033,   7793.0928,-421593.5312,   -969.9109,    552.2444,  25976.9746,
       1,     169,      23,       5,       1,       3,       1,     10.0000,      1.4025,     42.6339,    249.1438,     62.7004,      3.4953,      0.0000,     -0.0304,      0.9492,      0.1104,      5.5968,     11.1935,      0.9755,     28.5020,     57.0040,      0.0193,      0.0007,      0.0156,      0.2033,   7793.0928,-420936.8438,   -969.7590,    552.2897,  25976.9746,
       1,     169,      23,       6,       1,       3,       1,     10.0000,      1.4025,     42.6339,    249.1438,     62.7004,      3.4953,      0.0000,     -0.0305,      0.8699,      0.1140,      5.5968,     11.1935,      1.0070,     28.5020,     57.0040,      0.0193,      0.0007,      0.0156,      0.2033,   7793.0928,-420109.0625,   -969.5663,    552.3469,  25976.9746,
       1,     169,      23,       7,       1,       3,       1,     10.0000,      1.4025,     42.6339,    249.1438,     62.7004,      3.4953,      0.0000,     -0.0304,      0.4117,      0.1105,      5.5968,     11.1935,      0.9765,     28.5020,     57.0040,      0.0193,      0.0003,      0.0156,      0.2033,   7793.0928,-419938.6250,   -969.5273,    552.3586,  25976.9746,
       1,     169,      23,       8,       1,       3,       1,     10.0000,      1.4025,     42.6339,    249.1438,     62.7004,      3.4953,      0.0005,     -0.0299,      0.3231,      0.1106,      5.5968,     11.1935,      0.9775,     28.5020,     57.0040,      0.0193,      0.0003,      0.0156,      0.2033,   7793.0928,-419351.9688,   -969.3904,    552.3992,  25976.9727,
       1,     169,      23,       9,       1,       3,       1,     10.0000,      1.4025,     42.6339,    249.1438,     62.7004,      3.4953,      0.0734,      0.0428,      1.5668,      0.1149,      5.5968,     11.1935,      1.0153,     28.5020,     57.0040,      0.0193,      0.0002,      0.0862,      0.2033,   7793.0923,-419190.8750,   -969.3536,    552.4103,  25976.9727,
       1,     169,      23,      10,       1,       3,       1,     10.0000,      1.4025,     42.6339,    249.1438,     62.7004,      3.4953,      0.1614,      0.1300,      4.3615,      0.1338,      5.5968,     11.1935,      1.1819,     28.5020,     57.0040,      0.0193,      0.0003,      0.2118,      0.2033,   7793.0923,-420729.8750,   -969.7152,    552.3041,  25976.9727,
       1,     169,      23,      11,       1,       3,       1,     10.0000,      1.4025,     42.6339,    249.1438,     62.7004,      3.4953,      0.1776,      0.1452,      6.1289,      0.1643,      5.5968,     11.1935,      1.4517,     28.5020,     57.0040,      0.0193,      0.0003,      0.2352,      0.2033,   7793.0923,-424351.9375,   -970.5662,    552.0540,  25976.9727,
       1,     169,      23,      12,       1,       3,       1,     10.0000,      1.4025,     42.6339,    249.1438,     62.7004,      3.4953,      0.1878,      0.1548,      7.2871,      0.1812,      5.5968,     11.1935,      1.6008,     28.5020,     57.0040,      0.0193,      0.0004,      0.2500,      0.2033,   7793.0923,-426871.4375,   -971.1610,    551.8802,  25976.9727,
       1,     169,      23,      13,       1,       3,       1,     10.0000,      1.4025,     42.6339,    249.1438,     62.7004,      3.4953,      0.1877,      0.1537,      8.8199,      0.2139,      5.5968,     11.1935,      1.8901,     28.5020,     57.0040,      0.0193,      0.0004,      0.2500,      0.2033,   7793.0923,-428534.8125,   -971.5555,    551.7654,  25976.9727,
       1,     169,      23,      14,       1,       3,       1,     10.0000,      1.4025,     42.6339,    249.1438,     62.7004,      3.4953,      0.1877,      0.1535,      9.2172,      0.2223,      5.5968,     11.1935,      1.9639,     28.5020,     57.0040,      0.0193,      0.0005,      0.2500,      0.2033,   7793.0923,-430592.2188,   -972.0447,    551.6235,  25976.9727,
       1,     169,      23,      15,       1,       3,       1,     10.0000,      1.4025,     42.6339,    249.1438,     62.7004,      3.4953,      0.1786,      0.1438,     14.9449,      0.2448,      5.5968,     11.1935,      2.1635,     28.5020,     57.0040,      0.0193,      0.0008,      0.2362,      0.2033,   7793.0923,-431265.7812,   -972.2098,    551.5771,  25976.9727,
       1,     169,      23,      16,       1,       3,       1,     10.0000,      1.4025,     42.6339,    249.1438,     62.7004,      3.4953,      0.1884,      0.1535,     68.8743,      0.2489,      5.5968,     11.1935,      2.1997,     28.5020,     57.0040,      0.0193,      0.0034,      0.2444,      0.2033,   7793.0923,-438476.5938,   -973.9129,    551.0800,  25976.9727,
       1,     169,      23,      17,       1,       3,       1,     10.0000,      1.4025,     42.6339,    249.1438,     62.7004,      3.4953,      0.1320,      0.0968,     76.4529,      0.2613,      5.5968,     11.1935,      2.3092,     28.5020,     57.0040,      0.0193,      0.0058,      0.1606,      0.2033,   7793.0923,-506452.9062,   -989.9017,    546.3976,  25976.9707,
       1,     169,      23,      18,       1,       3,       1,     10.0000,      1.4025,     42.6339,    249.1438,     62.7004,      3.4953,      0.1425,      0.1088,    100.3634,      0.2065,      5.5968,     11.1935,      1.8243,     28.5020,     57.0040,      0.0193,      0.0071,      0.1735,      0.2032,   7793.0913,-521834.6562,   -993.7298,    545.3669,  25976.9707,
       1,     169,      23,      19,       1,       3,       1,     10.0000,      1.4025,     42.6339,    249.1438,     62.7004,      3.4953,      0.1143,      0.0812,     82.3442,      0.1876,      5.5968,     11.1935,      1.6574,     28.5020,     57.0040,      0.0193,      0.0075,      0.1346,      0.2032,   7793.0913,-553034.4375,  -1001.3543,    543.2410,  25976.9707,
       1,     169,      23,      20,       1,       3,       1,     10.0000,      1.4025,     42.6339,    249.1438,     62.7004,      3.4953,      0.0173,     -0.0154,      1.9770,      0.1706,      5.5968,     11.1935,      1.5079,     28.5020,     57.0040,      0.0193,      0.0074,      0.0033,      0.2031,   7793.0913,-533178.6250,   -997.1017,    544.5934,  25976.9727,
       1,     169,      23,      21,       1,       3,       1,     10.0000,      1.4025,     42.6339,    249.1438,     62.7004,      3.4953,      0.0000,     -0.0320,      9.0404,      0.1522,      5.5968,     11.1935,      1.3451,     28.5020,     57.0040,      0.0193,      0.0071,      0.0156,      0.2032,   7793.0923,-430953.5625,   -973.3440,    551.5540,  25976.9707,
       1,     169,      23,      22,       1,       3,       1,     10.0000,      1.4025,     42.6339,    249.1438,     62.7004,      3.4953,      0.0000,     -0.0318,     10.3154,      0.1462,      5.5968,     11.1935,      1.2920,     28.5020,     57.0040,      0.0193,      0.0081,      0.0156,      0.2033,   7793.0913,-431132.0938,   -973.3981,    551.5864,  25976.9707,
       1,     169,      23,      23,       1,       3,       1,     10.0000,      1.4025,     42.6339,    249.1438,     62.7004,      3.4953,      0.0000,     -0.0319,      6.7750,      0.1499,      5.5968,     11.1935,      1.3250,     28.5020,     57.0040,      0.0193,      0.0053,      0.0156,      0.2033,   7793.0913,-432683.7812,   -973.7739,    551.4794,  25976.9707,
       1,     169,      23,      24,       1,       3,       1,     10.0000,      1.4025,     42.6339,    249.1438,     62.7004,      3.4953,      0.0000,     -0.0316,      5.0751,      0.1423,      5.5968,     11.1935,      1.2572,     28.5020,     57.0040,      0.0193,      0.0040,      0.0156,      0.2033,   7793.0913,-428396.0938,   -972.7745,    551.7750,  25976.9707,
       1,     169,      24,       1,       1,       3,       1,     10.0000,      1.4025,     42.6343,    249.1496,     62.7018,      3.4953,      0.0000,     -0.0314,      3.3934,      0.1366,      5.5950,     11.1901,      1.2074,     28.5057,     57.0113,      0.0193,      0.0027,      0.0156,      0.2033,   7793.0913,-426057.1875,   -972.5666,    551.9491,  25978.1191,
       1,     169,      24,       2,       1,       3,       1,     10.0000,      1.4025,     42.6343,    249.1496,     62.7018,      3.4953,      0.0000,     -0.0312,      2.1974,      0.1304,      5.5950,     11.1901,      1.1523,     28.5057,     57.0113,      0.0193,      0.0017,      0.0156,      0.2033,   7793.4360,-423605.5625,   -971.6606,    552.1183,  25978.1191,
       1,     169,      24,       3,       1,       3,       1,     10.0000,      1.4025,     42.6343,    249.1496,     62.7018,      3.4953,      0.0000,     -0.0310,      1.7244,      0.1250,      5.5950,     11.1901,      1.1041,     28.5057,     57.0113,      0.0193,      0.0014,      0.0156,      0.2033,   7793.4360,-421901.0000,   -971.2626,    552.2360,  25978.1191,
       1,     169,      24,       4,       1,       3,       1,     10.0000,      1.4025,     42.6343,    249.1496,     62.7018,      3.4953,      0.0000,     -0.0308,      1.5974,      0.1204,      5.5950,     11.1901,      1.0643,     28.5057,     57.0113,      0.0193,      0.0013,      0.0156,      0.2033,   7793.4360,-421163.5938,   -971.0914,    552.2869,  25978.1191,
       1,     169,      24,       5,       1,       3,       1,     10.0000,      1.4025,     42.6343,    249.1496,     62.7018,      3.4953,      0.0000,     -0.0308,      1.0133,      0.1202,      5.5950,     11.1901,      1.0621,     28.5057,     57.0113,      0.0193,      0.0008,      0.0156,      0.2033,   7793.4360,-420941.5000,   -971.0408,    552.3022,  25978.1191,
       1,     169,      24,       6,       1,       3,       1,     10.0000,      1.4025,     42.6343,    249.1496,     62.7018,      3.4953,      0.0000,     -0.0307,      0.4151,      0.1181,      5.5950,     11.1901,      1.0438,     28.5057,     57.0113,      0.0193,      0.0003,      0.0156,      0.2033,   7793.4360,-420193.0625,   -970.8663,    552.3539,  25978.1191,
       1,     169,      24,       7,       1,       3,       1,     10.0000,      1.4025,     42.6343,    249.1496,     62.7018,      3.4953,      0.0000,     -0.0306,      0.2847,      0.1153,      5.5950,     11.1901,      1.0185,     28.5057,     57.0113,      0.0193,      0.0002,      0.0156,      0.2033,   7793.4360,-419381.7812,   -970.6763,    552.4099,  25978.1191,
       1,     169,      24,       8,       1,       3,       1,     10.0000,      1.4025,     42.6343,    249.1496,     62.7018,      3.4953,      0.0006,     -0.0299,      0.2641,      0.1127,      5.5950,     11.1901,      0.9957,     28.5057,     57.0113,      0.0193,      0.0002,      0.0156,      0.2033,   7793.4360,-419148.8750,   -970.6217,    552.4260,  25978.1191,
       1,     169,      24,       9,       1,       3,       1,     10.0000,      1.4025,     42.6343,    249.1496,     62.7018,      3.4953,      0.0660,      0.0355,      1.2998,      0.1141,      5.5950,     11.1901,      1.0081,     28.5057,     57.0113,      0.0193,      0.0002,      0.0757,      0.2033,   7793.4360,-419103.2188,   -970.6115,    552.4291,  25978.1191,
       1,     169,      24,      10,       1,       3,       1,     10.0000,      1.4025,     42.6343,    249.1496,     62.7018,      3.4953,      0.1627,      0.1318,      3.9819,      0.1226,      5.5950,     11.1901,      1.0829,     28.5057,     57.0113,      0.0193,      0.0002,      0.2137,      0.2033,   7793.4360,-420392.2500,   -970.9156,    552.3401,  25978.1191,
       1,     169,      24,      11,       1,       3,       1,     10.0000,      1.4025,     42.6343,    249.1496,     62.7018,      3.4953,      0.1879,      0.1558,      6.1008,      0.1552,      5.5950,     11.1901,      1.3711,     28.5057,     57.0113,      0.0193,      0.0003,      0.2500,      0.2033,   7793.4360,-423851.8750,   -971.7326,    552.1013,  25978.1191,
       1,     169,      24,      12,       1,       3,       1,     10.0000,      1.4025,     42.6343,    249.1496,     62.7018,      3.4953,      0.1878,      0.1546,      7.6187,      0.1883,      5.5950,     11.1901,      1.6641,     28.5057,     57.0113,      0.0193,      0.0004,      0.2500,      0.2033,   7793.4360,-426795.7188,   -972.4302,    551.8981,  25978.1191,
       1,     169,      24,      13,       1,       3,       1,     10.0000,      1.4025,     42.6343,    249.1496,     62.7018,      3.4953,      0.1877,      0.1541,      8.2311,      0.2014,      5.5950,     11.1901,      1.7799,     28.5057,     57.0113,      0.0193,      0.0004,      0.2500,      0.2033,   7793.4360,-428944.7188,   -972.9418,    551.7499,  25978.1191,
       1,     169,      24,      14,       1,       3,       1,     10.0000,      1.4025,     42.6343,    249.1496,     62.7018,      3.4953,      0.1877,      0.1536,      9.0524,      0.2188,      5.5950,     11.1901,      1.9334,     28.5057,     57.0113,      0.0193,      0.0004,      0.2500,      0.2033,   7793.4360,-429894.5000,   -973.1724,    551.6844,  25978.1191,
       1,     169,      24,      15,       1,       3,       1,     10.0000,      1.4025,     42.6343,    249.1496,     62.7018,      3.4953,      0.1842,      0.1501,      8.8863,      0.2192,      5.5950,     11.1901,      1.9372,     28.5057,     57.0113,      0.0193,      0.0004,      0.2449,      0.2033,   7793.4360,-431001.9375,   -973.4418,    551.6082,  25978.1191,
       1,     169,      24,      16,       1,       3,       1,     10.0000,      1.4025,     42.6343,    249.1496,     62.7018,      3.4953,      0.1502,      0.1164,     32.4814,      0.2116,      5.5950,     11.1901,      1.8698,     28.5057,     57.0113,      0.0193,      0.0021,      0.1925,      0.2033,   7793.4360,-430889.7500,   -973.4255,    551.6158,  25978.1191,
       1,     169,      24,      17,       1,       3,       1,     10.0000,      1.4025,     42.6343,    249.1496,     62.7018,      3.4953,      0.1226,      0.0890,     59.4114,      0.2006,      5.5950,     11.1901,      1.7729,     28.5057,     57.0113,      0.0193,      0.0049,      0.1491,      0.2033,   7793.4360,-460342.5312,   -980.3862,    549.5850,  25978.1191,
       1,     169,      24,      18,       1,       3,       1,     10.0000,      1.4025,     42.6343,    249.1496,     62.7018,      3.4953,      0.1463,      0.1132,     85.2171,      0.1865,      5.5950,     11.1901,      1.6476,     28.5057,     57.0113,      0.0193,      0.0058,      0.1808,      0.2033,   7793.4360,-496530.0312,   -988.9828,    547.1028,  25978.1172,
       1,     169,      24,      19,       1,       3,       1,     10.0000,      1.4025,     42.6343,    249.1496,     62.7018,      3.4953,      0.0674,      0.0348,     37.2686,      0.1696,      5.5950,     11.1901,      1.4989,     28.5057,     57.0113,      0.0193,      0.0063,      0.0720,      0.2032,   7793.4355,-531907.3125,   -997.5075,    544.6890,  25978.1191,
       1,     169,      24,      20,       1,       3,       1,     10.0000,      1.4025,     42.6343,    249.1496,     62.7018,      3.4953,      0.0123,     -0.0199,      8.3426,      0.1580,      5.5950,     11.1901,      1.3961,     28.5057,     57.0113,      0.0193,      0.0065,      0.0156,      0.2032,   7793.4360,-474989.3438,   -984.3899,    548.5696,  25978.1172,
       1,     169,      24,      21,       1,       3,       1,     10.0000,      1.4025,     42.6343,    249.1496,     62.7018,      3.4953,      0.0000,     -0.0319,      7.7524,      0.1506,      5.5950,     11.1901,      1.3303,     28.5057,     57.0113,      0.0193,      0.0061,      0.0156,      0.2033,   7793.4355,-433999.0000,   -974.7977,    551.3942,  25978.1172,
       1,     169,      24,      22,       1,       3,       1,     10.0000,      1.4025,     42.6343,    249.1496,     62.7018,      3.4953,      0.0000,     -0.0318,      6.9586,      0.1471,      5.5950,     11.1901,      1.2999,     28.5057,     57.0113,      0.0193,      0.0055,      0.0156,      0.2033,   7793.4355,-429741.3750,   -973.8050,    551.6949,  25978.1172,
       1,     169,      24,      23,       1,       3,       1,     10.0000,      1.4025,     42.6343,    249.1496,     62.7018,      3.4953,      0.0000,     -0.0317,      6.0845,      0.1442,      5.5950,     11.1901,      1.2739,     28.5057,     57.0113,      0.0193,      0.0048,      0.0156,      0.2033,   7793.4355,-428374.6250,   -973.4910,    551.7893,  25978.1172,
       1,     169,      24,      24,       1,       3,       1,     10.0000,      1.4025,     42.6343,    249.1496,     62.7018,      3.4953,      0.0000,     -0.0317,      5.1645,      0.1437,      5.5950,     11.1901,      1.2700,     28.5057,     57.0113,      0.0193,      0.0041,      0.0156,      0.2033,   7793.4355,-427165.3750,   -973.2131,    551.8727,  25978.1172,
       1,     169,      25,       1,       1,       3,       1,     10.0000,      1.4026,     42.6346,    249.1554,     62.7033,      3.4953,      0.0000,     -0.0316,      4.2286,      0.1420,      5.5958,     11.1917,      1.2548,     28.5075,     57.0150,      0.0193,      0.0033,      0.0156,      0.2033,   7793.4355,-426065.1562,   -973.2953,    551.9615,  25979.2656,
       1,     169,      25,       2,       1,       3,       1,     10.0000,      1.4026,     42.6346,    249.1554,     62.7033,      3.4953,      0.0000,     -0.0315,      3.5116,      0.1396,      5.5958,     11.1917,      1.2334,     28.5075,     57.0150,      0.0193,      0.0028,      0.0156,      0.2033,   7793.7798,-424651.2812,   -972.6325,    552.0590,  25979.2656,
       1,     169,      25,       3,       1,       3,       1,     10.0000,      1.4026,     42.6346,    249.1554,     62.7033,      3.4953,      0.0000,     -0.0316,      3.6186,      0.1397,      5.5958,     11.1917,      1.2346,     28.5075,     57.0150,      0.0193,      0.0028,      0.0156,      0.2033,   7793.7798,-423634.5938,   -972.3967,    552.1292,  25979.2656,
       1,     169,      25,       4,       1,       3,       1,     10.0000,      1.4026,     42.6346,    249.1554,     62.7033,      3.4953,      0.0000,     -0.0315,      3.4109,      0.1379,      5.5958,     11.1917,      1.2185,     28.5075,     57.0150,      0.0193,      0.0027,      0.0156,      0.2033,   7793.7798,-423680.5312,   -972.4116,    552.1260,  25979.2656,
       1,     169,      25,       5,       1,       3,       1,     10.0000,      1.4026,     42.6346,    249.1554,     62.7033,      3.4953,      0.0000,     -0.0314,      2.9893,      0.1350,      5.5958,     11.1917,      1.1928,     28.5075,     57.0150,      0.0193,      0.0023,      0.0156,      0.2033,   7793.7798,-423425.0938,   -972.3552,    552.1437,  25979.2656,
       1,     169,      25,       6,       1,       3,       1,     10.0000,      1.4026,     42.6346,    249.1554,     62.7033,      3.4953,      0.0000,     -0.0313,      2.4854,      0.1319,      5.5958,     11.1917,      1.1653,     28.5075,     57.0150,      0.0193,      0.0019,      0.0156,      0.2033,   7793.7798,-422876.7500,   -972.2295,    552.1815,  25979.2637,
       1,     169,      25,       7,       1,       3,       1,     10.0000,      1.4026,     42.6346,    249.1554,     62.7033,      3.4953,      0.0000,     -0.0309,      2.4354,      0.1228,      5.5958,     11.1917,      1.0852,     28.5075,     57.0150,      0.0193,      0.0019,      0.0156,      0.2033,   7793.7793,-422200.6250,   -972.0734,    552.2281,  25979.2637,
       1,     169,      25,       8,       1,       3,       1,     10.0000,      1.4026,     42.6346,    249.1554,     62.7033,      3.4953,      0.0011,     -0.0297,      2.6543,      0.1191,      5.5958,     11.1917,      1.0524,     28.5075,     57.0150,      0.0193,      0.0021,      0.0156,      0.2033,   7793.7793,-422080.0000,   -972.0476,    552.2365,  25979.2637,
       1,     169,      25,       9,       1,       3,       1,     10.0000,      1.4026,     42.6346,    249.1554,     62.7033,      3.4953,      0.0733,      0.0423,     16.4530,      0.1253,      5.5958,     11.1917,      1.1075,     28.5075,     57.0150,      0.0193,      0.0024,      0.0840,      0.2033,   7793.7793,-422342.8750,   -972.1125,    552.2184,  25979.2637,
       1,     169,      25,      10,       1,       3,       1,     10.0000,      1.4026,     42.6346,    249.1554,     62.7033,      3.4953,      0.1617,      0.1298,     40.9934,      0.1486,      5.5958,     11.1917,      1.3131,     28.5075,     57.0150,      0.0193,      0.0024,      0.2081,      0.2033,   7793.7793,-439591.1562,   -976.1944,    551.0277,  25979.2637,
       1,     169,      25,      11,       1,       3,       1,     10.0000,      1.4026,     42.6346,    249.1554,     62.7033,      3.4953,      0.1882,      0.1558,     48.4964,      0.1664,      5.5958,     11.1917,      1.4708,     28.5075,     57.0150,      0.0193,      0.0024,      0.2458,      0.2033,   7793.7793,-471723.7188,   -983.8126,    548.8157,  25979.2637,
       1,     169,      25,      12,       1,       3,       1,     10.0000,      1.4026,     42.6346,    249.1554,     62.7033,      3.4953,      0.1894,      0.1563,     26.9891,      0.1826,      5.5958,     11.1917,      1.6137,     28.5075,     57.0150,      0.0193,      0.0013,      0.2500,      0.2033,   7793.7793,-483873.0312,   -986.7690,    547.9868,  25979.2637,
       1,     169,      25,      13,       1,       3,       1,     10.0000,      1.4026,     42.6346,    249.1554,     62.7033,      3.4953,      0.1895,      0.1560,     30.4963,      0.2000,      5.5958,     11.1917,      1.7677,     28.5075,     57.0150,      0.0193,      0.0015,      0.2500,      0.2033,   7793.7793,-458039.8438,   -980.7805,    549.7569,  25979.2637,
       1,     169,      25,      14,       1,       3,       1,     10.0000,      1.4026,     42.6346,    249.1554,     62.7033,      3.4953,      0.1900,      0.1564,     36.1037,      0.1997,      5.5958,     11.1917,      1.7642,     28.5075,     57.0150,      0.0193,      0.0018,      0.2500,      0.2033,   7793.7793,-460208.4688,   -981.3473,    549.6107,  25979.2617,
       1,     169,      25,      15,       1,       3,       1,     10.0000,      1.4026,     42.6346,    249.1554,     62.7033,      3.4953,      0.1842,      0.1512,     61.6364,      0.1826,      5.5958,     11.1917,      1.6137,     28.5075,     57.0150,      0.0193,      0.0032,      0.2386,      0.2033,   7793.7788,-467395.5312,   -983.1063,    549.1169,  25979.2617,
       1,     169,      25,      16,       1,       3,       1,     10.0000,      1.4026,     42.6346,    249.1554,     62.7033,      3.4953,      0.1844,      0.1519,     80.0914,      0.1673,      5.5958,     11.1917,      1.4782,     28.5075,     57.0150,      0.0193,      0.0041,      0.2366,      0.2033,   7793.7788,-499909.2812,   -990.8775,    546.8854,  25979.2598,
       1,     169,      25,      17,       1,       3,       1,     10.0000,      1.4026,     42.6346,    249.1554,     62.7033,      3.4953,      0.1769,      0.1442,    121.3641,      0.1705,      5.5958,     11.1917,      1.5065,     28.5075,     57.0150,      0.0193,      0.0067,      0.2210,      0.2033,   7793.7783,-525782.1875,   -997.1981,    545.1213,  25979.2598,
       1,     169,      25,      18,       1,       3,       1,     10.0000,      1.4026,     42.6346,    249.1554,     62.7033,      3.4953,      0.1344,      0.1016,    104.5768,      0.1778,      5.5958,     11.1917,      1.5709,     28.5075,     57.0150,      0.0193,      0.0079,      0.1614,      0.2032,   7793.7783,-579610.8750,  -1010.2628,    541.4563,  25979.2598,
       1,     169,      25,      19,       1,       3,       1,     10.0000,      1.4026,     42.6346,    249.1554,     62.7033,      3.4953,      0.1048,      0.0721,     72.5382,      0.1712,      5.5958,     11.1917,      1.5125,     28.5075,     57.0150,      0.0193,      0.0073,      0.1221,      0.2032,   7793.7783,-563258.1875,  -1006.9314,    542.5753,  25979.2598,
       1,     169,      25,      20,       1,       3,       1,     10.0000,      1.4026,     42.6346,    249.1554,     62.7033,      3.4953,      0.0134,     -0.0189,      8.0078,      0.1596,      5.5958,     11.1917,      1.4102,     28.5075,     57.0150,      0.0193,      0.0063,      0.0156,      0.2032,   7793.7783,-521759.8125,   -997.5571,    545.3910,  25979.2598,
       1,     169,      25,      21,       1,       3,       1,     10.0000,      1.4026,     42.6346,    249.1554,     62.7033,      3.4953,      0.0000,     -0.0319,      6.2286,      0.1495,      5.5958,     11.1917,      1.3210,     28.5075,     57.0150,      0.0193,      0.0049,      0.0156,      0.2032,   7793.7783,-437543.6875,   -977.8193,    551.1397,  25979.2598,
       1,     169,      25,      22,       1,       3,       1,     10.0000,      1.4026,     42.6346,    249.1554,     62.7033,      3.4953,      0.0000,     -0.0315,      6.6735,      0.1376,      5.5958,     11.1917,      1.2160,     28.5075,     57.0150,      0.0193,      0.0052,      0.0156,      0.2033,   7793.7783,-428174.6562,   -975.6085,    551.8155,  25979.2598,
       1,     169,      25,      23,       1,       3,       1,     10.0000,      1.4026,     42.6346,    249.1554,     62.7033,      3.4953,      0.0000,     -0.0313,      7.0739,      0.1330,      5.5958,     11.1917,      1.1748,     28.5075,     57.0150,      0.0193,      0.0055,      0.0156,      0.2033,   7793.7783,-427886.4688,   -975.5479,    551.8358,  25979.2598,
       1,     169,      25,      24,       1,       3,       1,     10.0000,      1.4026,     42.6346,    249.1554,     62.7033,      3.4953,      0.0000,     -0.0311,      6.7925,      0.1283,      5.5958,     11.1917,      1.1338,     28.5075,     57.0150,      0.0193,      0.0053,      0.0156,      0.2033,   7793.7783,-428360.9375,   -975.6682,    551.8030,  25979.2598,
       1,     169,      26,       1,       1,       3,       1,     10.0000,      1.4026,     42.6349,    249.1612,     62.7047,      3.4953,      0.0000,     -0.0309,      6.6438,      0.1237,      5.5957,     11.1913,      1.0930,     28.5123,     57.0247,      0.0193,      0.0052,      0.0156,      0.2034,   7793.7783,-428203.6875,   -975.9777,    551.8268,  25980.4102,
       1,     169,      26,       2,       1,       3,       1,     10.0000,      1.4026,     42.6349,    249.1612,     62.7047,      3.4953,      0.0000,     -0.0311,      6.1338,      0.1271,      5.5957,     11.1913,      1.1234,     28.5123,     57.0247,      0.0193,      0.0048,      0.0156,      0.2034,   7794.1235,-427853.5625,   -975.5646,    551.8510,  25980.4102,
       1,     169,      26,       3,       1,       3,       1,     10.0000,      1.4026,     42.6349,    249.1612,     62.7047,      3.4953,      0.0000,     -0.0312,      4.7606,      0.1312,      5.5957,     11.1913,      1.1594,     28.5123,     57.0247,      0.0193,      0.0037,      0.0156,      0.2034,   7794.1235,-427186.6562,   -975.4132,    551.8970,  25980.4102,
       1,     169,      26,       4,       1,       3,       1,     10.0000,      1.4026,     42.6349,    249.1612,     62.7047,      3.4953,      0.0000,     -0.0312,      4.3155,      0.1313,      5.5957,     11.1913,      1.1606,     28.5123,     57.0247,      0.0193,      0.0034,      0.0156,      0.2034,   7794.1235,-425415.0312,   -974.9988,    552.0192,  25980.4102,
       1,     169,      26,       5,       1,       3,       1,     10.0000,      1.4026,     42.6349,    249.1612,     62.7047,      3.4953,      0.0000,     -0.0313,      4.0613,      0.1332,      5.5957,     11.1913,      1.1772,     28.5123,     57.0247,      0.0193,      0.0032,      0.0156,      0.2034,   7794.1235,-424706.8750,   -974.8357,    552.0681,  25980.4102,
       1,     169,      26,       6,       1,       3,       1,     10.0000,      1.4026,     42.6349,    249.1612,     62.7047,      3.4953,      0.0000,     -0.0312,      3.7397,      0.1301,      5.5957,     11.1913,      1.1500,     28.5123,     57.0247,      0.0193,      0.0029,      0.0156,      0.2034,   7794.1235,-424328.5000,   -974.7505,    552.0942,  25980.4102,
       1,     169,      26,       7,       1,       3,       1,     10.0000,      1.4026,     42.6349,    249.1612,     62.7047,      3.4953,      0.0000,     -0.0313,      3.7441,      0.1319,      5.5957,     11.1913,      1.1653,     28.5123,     57.0247,      0.0193,      0.0029,      0.0156,      0.2034,   7794.1235,-423894.5000,   -974.6518,    552.1241,  25980.4102,
       1,     169,      26,       8,       1,       3,       1,     10.0000,      1.4026,     42.6349,    249.1612,     62.7047,      3.4953,      0.0006,     -0.0306,      3.8379,      0.1327,      5.5957,     11.1913,      1.1725,     28.5123,     57.0247,      0.0193,      0.0030,      0.0156,      0.2034,   7794.1235,-423862.5625,   -974.6483,    552.1263,  25980.4102,
       1,     169,      26,       9,       1,       3,       1,     10.0000,      1.4026,     42.6349,    249.1612,     62.7047,      3.4953,      0.0279,     -0.0036,      4.6605,      0.1375,      5.5957,     11.1913,      1.2148,     28.5123,     57.0247,      0.0193,      0.0029,      0.0197,      0.2034,   7794.1235,-423976.9062,   -974.6798,    552.1185,  25980.4102,
       1,     169,      26,      10,       1,       3,       1,     10.0000,      1.4026,     42.6349,    249.1612,     62.7047,      3.4953,      0.1314,      0.0992,     40.8088,      0.1575,      5.5957,     11.1913,      1.3920,     28.5123,     57.0247,      0.0193,      0.0030,      0.1644,      0.2034,   7794.1235,-425013.5938,   -974.9307,    552.0469,  25980.4102,
       1,     169,      26,      11,       1,       3,       1,     10.0000,      1.4026,     42.6349,    249.1612,     62.7047,      3.4953,      0.1763,      0.1435,     57.0089,      0.1760,      5.5957,     11.1913,      1.5554,     28.5123,     57.0247,      0.0193,      0.0031,      0.2275,      0.2034,   7794.1235,-470225.2188,   -985.7005,    548.9271,  25980.4082,
       1,     169,      26,      12,       1,       3,       1,     10.0000,      1.4026,     42.6349,    249.1612,     62.7047,      3.4953,      0.1918,      0.1589,     57.5138,      0.1797,      5.5957,     11.1913,      1.5882,     28.5123,     57.0247,      0.0193,      0.0028,      0.2500,      0.2033,   7794.1226,-494378.5000,   -991.5306,    547.2786,  25980.4102,
       1,     169,      26,      13,       1,       3,       1,     10.0000,      1.4026,     42.6349,    249.1612,     62.7047,      3.4953,      0.1920,      0.1591,     59.9362,      0.1787,      5.5957,     11.1913,      1.5788,     28.5123,     57.0247,      0.0193,      0.0029,      0.2500,      0.2033,   7794.1235,-497080.7188,   -992.3408,    547.0962,  25980.4102,
       1,     169,      26,      14,       1,       3,       1,     10.0000,      1.4026,     42.6349,    249.1612,     62.7047,      3.4953,      0.1920,      0.1595,     58.4778,      0.1648,      5.5957,     11.1913,      1.4562,     28.5123,     57.0247,      0.0193,      0.0029,      0.2500,      0.2033,   7794.1235,-500336.7188,   -993.2978,    546.8735,  25980.4062,
       1,     169,      26,      15,       1,       3,       1,     10.0000,      1.4026,     42.6349,    249.1612,     62.7047,      3.4953,      0.1933,      0.1612,     73.8390,      0.1541,      5.5957,     11.1913,      1.3615,     28.5123,     57.0247,      0.0193,      0.0036,      0.2500,      0.2033,   7794.1221,-498794.4062,   -994.5084,    546.9790,  25980.4082,
       1,     169,      26,      16,       1,       3,       1,     10.0000,      1.4026,     42.6349,    249.1612,     62.7047,      3.4953,      0.1941,      0.1614,     86.4952,      0.1731,      5.5957,     11.1913,      1.5292,     28.5123,     57.0247,      0.0193,      0.0042,      0.2500,      0.2033,   7794.1226,-517857.8438,   -999.2206,    545.6756,  25980.4082,
       1,     169,      26,      17,       1,       3,       1,     10.0000,      1.4026,     42.6349,    249.1612,     62.7047,      3.4953,      0.1940,      0.1617,     83.0270,      0.1588,      5.5957,     11.1913,      1.4032,     28.5123,     57.0247,      0.0193,      0.0041,      0.2500,      0.2033,   7794.1226,-535319.6250,  -1003.6375,    544.4861,  25980.4062,
       1,     169,      26,      18,       1,       3,       1,     10.0000,      1.4026,     42.6349,    249.1612,     62.7047,      3.4953,      0.1698,      0.1374,     67.2189,      0.1640,      5.5957,     11.1913,      1.4489,     28.5123,     57.0247,      0.0193,      0.0038,      0.2169,      0.2032,   7794.1221,-532483.6875,  -1003.2944,    544.6804,  25980.4023,
       1,     169,      26,      19,       1,       3,       1,     10.0000,      1.4026,     42.6349,    249.1612,     62.7047,      3.4953,      0.1203,      0.0880,     32.0636,      0.1599,      5.5957,     11.1913,      1.4131,     28.5123,     57.0247,      0.0193,      0.0026,      0.1492,      0.2033,   7794.1211,-512474.1250,   -998.8412,    546.0428,  25980.4023,
       1,     169,      26,      20,       1,       3,       1,     10.0000,      1.4026,     42.6349,    249.1612,     62.7047,      3.4953,      0.0118,     -0.0203,      1.5686,      0.1553,      5.5957,     11.1913,      1.3725,     28.5123,     57.0247,      0.0193,      0.0012,      0.0156,      0.2033,   7794.1211,-466821.7500,   -988.1656,    549.1606,  25980.4043,
       1,     169,      26,      21,       1,       3,       1,     10.0000,      1.4026,     42.6349,    249.1612,     62.7047,      3.4953,      0.0000,     -0.0320,      2.9166,      0.1515,      5.5957,     11.1913,      1.3385,     28.5123,     57.0247,      0.0193,      0.0023,      0.0156,      0.2033,   7794.1216,-424838.5625,   -978.1884,    552.0514,  25980.4023,
       1,     169,      26,      22,       1,       3,       1,     10.0000,      1.4026,     42.6349,    249.1612,     62.7047,      3.4953,      0.0000,     -0.0321,      2.4179,      0.1539,      5.5957,     11.1913,      1.3602,     28.5123,     57.0247,      0.0193,      0.0019,      0.0156,      0.2034,   7794.1211,-422921.4688,   -977.7299,    552.1913,  25980.4023,
       1,     169,      26,      23,       1,       3,       1,     10.0000,      1.4026,     42.6349,    249.1612,     62.7047,      3.4953,      0.0000,     -0.0320,      2.9639,      0.1522,      5.5957,     11.1913,      1.3452,     28.5123,     57.0247,      0.0193,      0.0023,      0.0156,      0.2034,   7794.1211,-422124.2500,   -977.5383,    552.2463,  25980.4023,
       1,     169,      26,      24,       1,       3,       1,     10.0000,      1.4026,     42.6349,    249.1612,     62.7047,      3.4953,      0.0000,     -0.0320,      2.1837,      0.1535,      5.5957,     11.1913,      1.3561,     28.5123,     57.0247,      0.0193,      0.0017,      0.0156,      0.2034,   7794.1211,-422737.1562,   -977.6827,    552.2040,  25980.4023,
       1,     169,      27,       1,       1,       3,       1,     10.0000,      1.4026,     42.6353,    249.1670,     62.7062,      3.4953,      0.0000,     -0.0322,      1.8291,      0.1563,      5.5956,     11.1912,      1.3809,     28.5175,     57.0350,      0.0193,      0.0014,      0.0156,      0.2034,   7794.1211,-421969.9375,   -977.8400,    552.2698,  25981.5566,
       1,     169,      27,       2,       1,       3,       1,     10.0000,      1.4026,     42.6353,    249.1670,     62.7062,      3.4953,      0.0000,     -0.0320,      1.6791,      0.1521,      5.5956,     11.1912,      1.3439,     28.5175,     57.0350,      0.0193,      0.0013,      0.0156,      0.2034,   7794.4673,-421310.0625,   -977.3408,    552.3153,  25981.5566,
       1,     169,      27,       3,       1,       3,       1,     10.0000,      1.4026,     42.6353,    249.1670,     62.7062,      3.4953,      0.0000,     -0.0320,      2.0119,      0.1521,      5.5956,     11.1912,      1.3439,     28.5175,     57.0350,      0.0193,      0.0016,      0.0156,      0.2034,   7794.4673,-421066.0000,   -977.2819,    552.3322,  25981.5566,
       1,     169,      27,       4,       1,       3,       1,     10.0000,      1.4026,     42.6353,    249.1670,     62.7062,      3.4953,      0.0000,     -0.0318,      2.0670,      0.1464,      5.5956,     11.1912,      1.2934,     28.5175,     57.0350,      0.0193,      0.0016,      0.0156,      0.2034,   7794.4673,-421460.3125,   -977.3748,    552.3050,  25981.5566,
       1,     169,      27,       5,       1,       3,       1,     10.0000,      1.4026,     42.6353,    249.1670,     62.7062,      3.4953,      0.0000,     -0.0317,      2.0739,      0.1436,      5.5956,     11.1912,      1.2688,     28.5175,     57.0350,      0.0193,      0.0016,      0.0156,      0.2034,   7794.4673,-421563.0000,   -977.3983,    552.2979,  25981.5566,
       1,     169,      27,       6,       1,       3,       1,     10.0000,      1.4026,     42.6353,    249.1670,     62.7062,      3.4953,      0.0000,     -0.0317,      2.1557,      0.1448,      5.5956,     11.1912,      1.2791,     28.5175,     57.0350,      0.0193,      0.0017,      0.0156,      0.2034,   7794.4673,-421580.3750,   -977.4012,    552.2967,  25981.5566,
       1,     169,      27,       7,       1,       3,       1,     10.0000,      1.4026,     42.6353,    249.1670,     62.7062,      3.4953,      0.0000,     -0.0318,      1.9551,      0.1451,      5.5956,     11.1912,      1.2817,     28.5175,     57.0350,      0.0193,      0.0015,      0.0156,      0.2034,   7794.4673,-421684.0312,   -977.4247,    552.2895,  25981.5566,
       1,     169,      27,       8,       1,       3,       1,     10.0000,      1.4026,     42.6353,    249.1670,     62.7062,      3.4953,      0.0006,     -0.0310,      1.8043,      0.1422,      5.5956,     11.1912,      1.2561,     28.5175,     57.0350,      0.0193,      0.0014,      0.0156,      0.2034,   7794.4673,-421442.6562,   -977.3661,    552.3062,  25981.5566,
       1,     169,      27,       9,       1,       3,       1,     10.0000,      1.4026,     42.6353,    249.1670,     62.7062,      3.4953,      0.0551,      0.0232,      5.6290,      0.1506,      5.5956,     11.1912,      1.3304,     28.5175,     57.0350,      0.0193,      0.0012,      0.0584,      0.2034,   7794.4673,-421233.5625,   -977.3154,    552.3206,  25981.5566,
       1,     169,      27,      10,       1,       3,       1,     10.0000,      1.4026,     42.6353,    249.1670,     62.7062,      3.4953,      0.1489,      0.1163,     17.0040,      0.1676,      5.5956,     11.1912,      1.4812,     28.5175,     57.0350,      0.0193,      0.0011,      0.1923,      0.2034,   7794.4673,-425988.9688,   -978.4529,    551.9922,  25981.5566,
       1,     169,      27,      11,       1,       3,       1,     10.0000,      1.4026,     42.6353,    249.1670,     62.7062,      3.4953,      0.1783,      0.1452,     23.1890,      0.1845,      5.5956,     11.1912,      1.6299,     28.5175,     57.0350,      0.0193,      0.0012,      0.2344,      0.2034,   7794.4673,-440596.5000,   -981.9508,    550.9846,  25981.5586,
       1,     169,      27,      12,       1,       3,       1,     10.0000,      1.4026,     42.6353,    249.1670,     62.7062,      3.4953,      0.1651,      0.1318,     28.1671,      0.1906,      5.5956,     11.1912,      1.6841,     28.5175,     57.0350,      0.0193,      0.0016,      0.2146,      0.2034,   7794.4678,-449577.9375,   -984.1116,    550.3668,  25981.5566,
       1,     169,      27,      13,       1,       3,       1,     10.0000,      1.4026,     42.6353,    249.1670,     62.7062,      3.4953,      0.1893,      0.1559,     27.2974,      0.1946,      5.5956,     11.1912,      1.7195,     28.5175,     57.0350,      0.0193,      0.0013,      0.2500,      0.2034,   7794.4673,-456566.4375,   -985.8141,    549.8865,  25981.5566,
       1,     169,      27,      14,       1,       3,       1,     10.0000,      1.4026,     42.6353,    249.1670,     62.7062,      3.4953,      0.1901,      0.1564,     37.9208,      0.2038,      5.5956,     11.1912,      1.8012,     28.5175,     57.0350,      0.0193,      0.0019,      0.2500,      0.2034,   7794.4673,-456081.5938,   -985.7358,    549.9200,  25981.5547,
       1,     169,      27,      15,       1,       3,       1,     10.0000,      1.4026,     42.6353,    249.1670,     62.7062,      3.4953,      0.1915,      0.1578,     56.9742,      0.2069,      5.5956,     11.1912,      1.8281,     28.5175,     57.0350,      0.0193,      0.0028,      0.2500,      0.2034,   7794.4668,-469305.2500,   -988.9362,    549.0110,  25981.5547,
       1,     169,      27,      16,       1,       3,       1,     10.0000,      1.4026,     42.6353,    249.1670,     62.7062,      3.4953,      0.1929,      0.1594,     73.2071,      0.1991,      5.5956,     11.1912,      1.7591,     28.5175,     57.0350,      0.0193,      0.0036,      0.2500,      0.2034,   7794.4668,-494240.6562,   -994.9708,    547.3005,  25981.5547,
       1,     169,      27,      17,       1,       3,       1,     10.0000,      1.4026,     42.6353,    249.1670,     62.7062,      3.4953,      0.1871,      0.1538,     78.2750,      0.1923,      5.5956,     11.1912,      1.6992,     28.5175,     57.0350,      0.0193,      0.0040,      0.2410,      0.2033,   7794.4668,-516671.5938,  -1000.5052,    545.7686,  25981.5566,
       1,     169,      27,      18,       1,       3,       1,     10.0000,      1.4026,     42.6353,    249.1670,     62.7062,      3.4953,      0.1642,      0.1313,     71.7378,      0.1810,      5.5956,     11.1912,      1.5994,     28.5175,     57.0350,      0.0193,      0.0042,      0.2084,      0.2033,   7794.4673,-524934.1250,  -1002.7438,    545.2071,  25981.5547,
       1,     169,      27,      19,       1,       3,       1,     10.0000,      1.4026,     42.6353,    249.1670,     62.7062,      3.4953,      0.1061,      0.0736,     49.7632,      0.1660,      5.5956,     11.1912,      1.4664,     28.5175,     57.0350,      0.0193,      0.0048,      0.1266,      0.2033,   7794.4668,-517469.8750,  -1001.2510,    545.7160,  25981.5547,
       1,     169,      27,      20,       1,       3,       1,     10.0000,      1.4026,     42.6353,    249.1670,     62.7062,      3.4953,      0.0106,     -0.0215,      5.9830,      0.1527,      5.5956,     11.1912,      1.3493,     28.5175,     57.0350,      0.0193,      0.0047,      0.0156,      0.2033,   7794.4668,-489364.6250,   -994.7662,    547.6334,  25981.5527,
       1,     169,      27,      21,       1,       3,       1,     10.0000,      1.4026,     42.6353,    249.1670,     62.7062,      3.4953,      0.0000,     -0.0317,      5.4894,      0.1437,      5.5956,     11.1912,      1.2701,     28.5175,     57.0350,      0.0193,      0.0043,      0.0156,      0.2033,   7794.4663,-432268.1875,   -984.0002,    551.5453,  25981.5508,
       1,     169,      27,      22,       1,       3,       1,     10.0000,      1.4026,     42.6353,    249.1670,     62.7062,      3.4953,      0.0000,     -0.0318,      5.4668,      0.1471,      5.5956,     11.1912,      1.3000,     28.5175,     57.0350,      0.0193,      0.0043,      0.0156,      0.2034,   7794.4653,-426783.4062,   -982.6570,    551.9374,  25981.5527,
       1,     169,      27,      23,       1,       3,       1,     10.0000,      1.4026,     42.6353,    249.1670,     62.7062,      3.4953,      0.0000,     -0.0320,      4.8518,      0.1512,      5.5956,     11.1912,      1.3358,     28.5175,     57.0350,      0.0193,      0.0038,      0.0156,      0.2034,   7794.4663,-426265.5938,   -982.4992,    551.9733,  25981.5527,
       1,     169,      27,      24,       1,       3,       1,     10.0000,      1.4026,     42.6353,    249.1670,     62.7062,      3.4953,      0.0000,     -0.0321,      3.5521,      0.1544,      5.5956,     11.1912,      1.3643,     28.5175,     57.0350,      0.0193,      0.0028,      0.0156,      0.2034,   7794.4663,-425453.1562,   -982.2762,    552.0294,  25981.5527,
       1,     169,      28,       1,       1,       3,       1,     10.0000,      1.4026,     42.6356,    249.1729,     62.7076,      3.4953,      0.0000,     -0.0321,      2.0915,      0.1549,      5.5955,     11.1911,      1.3685,     28.5218,     57.0435,      0.0193,      0.0016,      0.0156,      0.2034,   7794.4663,-423914.3438,   -982.2297,    552.1484,  25982.7051,
       1,     169,      28,       2,       1,       3,       1,     10.0000,      1.4026,     42.6356,    249.1729,     62.7076,      3.4953,      0.0000,     -0.0320,      1.1495,      0.1519,      5.5955,     11.1911,      1.3426,     28.5218,     57.0435,      0.0193,      0.0009,      0.0156,      0.2034,   7794.8120,-421808.3125,   -981.3740,    552.2938,  25982.7051,
       1,     169,      28,       3,       1,       3,       1,     10.0000,      1.4026,     42.6356,    249.1729,     62.7076,      3.4953,      0.0000,     -0.0318,      1.3047,      0.1470,      5.5955,     11.1911,      1.2987,     28.5218,     57.0435,      0.0193,      0.0010,      0.0156,      0.2034,   7794.8120,-420451.3125,   -981.0445,    552.3875,  25982.7051,
       1,     169,      28,       4,       1,       3,       1,     10.0000,      1.4026,     42.6356,    249.1729,     62.7076,      3.4953,      0.0000,     -0.0317,      1.4450,      0.1442,      5.5955,     11.1911,      1.2740,     28.5218,     57.0435,      0.0193,      0.0011,      0.0156,      0.2034,   7794.8120,-420528.0625,   -981.0572,    552.3822,  25982.7051,
       1,     169,      28,       5,       1,       3,       1,     10.0000,      1.4026,     42.6356,    249.1729,     62.7076,      3.4953,      0.0000,     -0.0316,      1.6280,      0.1417,      5.5955,     11.1911,      1.2523,     28.5218,     57.0435,      0.0193,      0.0013,      0.0156,      0.2034,   7794.8120,-420709.6562,   -981.0940,    552.3696,  25982.7051,
       1,     169,      28,       6,       1,       3,       1,     10.0000,      1.4026,     42.6356,    249.1729,     62.7076,      3.4953,      0.0000,     -0.0316,      1.7101,      0.1399,      5.5955,     11.1911,      1.2360,     28.5218,     57.0435,      0.0193,      0.0013,      0.0156,      0.2034,   7794.8120,-420953.7188,   -981.1443,    552.3528,  25982.7051,
       1,     169,      28,       7,       1,       3,       1,     10.0000,      1.4026,     42.6356,    249.1729,     62.7076,      3.4953,      0.0000,     -0.0314,      1.6065,      0.1357,      5.5955,     11.1911,      1.1990,     28.5218,     57.0435,      0.0193,      0.0013,      0.0156,      0.2034,   7794.8120,-421077.1562,   -981.1660,    552.3442,  25982.7051,
       1,     169,      28,       8,       1,       3,       1,     10.0000,      1.4026,     42.6356,    249.1729,     62.7076,      3.4953,      0.0008,     -0.0307,      1.5235,      0.1379,      5.5955,     11.1911,      1.2186,     28.5218,     57.0435,      0.0193,      0.0012,      0.0156,      0.2034,   7794.8120,-420958.5625,   -981.1299,    552.3525,  25982.7051,
       1,     169,      28,       9,       1,       3,       1,     10.0000,      1.4026,     42.6356,    249.1729,     62.7076,      3.4953,      0.0663,      0.0346,      7.0805,      0.1453,      5.5955,     11.1911,      1.2843,     28.5218,     57.0435,      0.0193,      0.0012,      0.0745,      0.2034,   7794.8120,-420844.6875,   -981.0956,    552.3603,  25982.7051,
       1,     169,      28,      10,       1,       3,       1,     10.0000,      1.4026,     42.6356,    249.1729,     62.7076,      3.4953,      0.1602,      0.1277,     26.6891,      0.1661,      5.5955,     11.1911,      1.4679,     28.5218,     57.0435,      0.0193,      0.0016,      0.2076,      0.2034,   7794.8120,-427769.4688,   -982.7469,    551.8822,  25982.7051,
       1,     169,      28,      11,       1,       3,       1,     10.0000,      1.4026,     42.6356,    249.1729,     62.7076,      3.4953,      0.1879,      0.1550,     32.9703,      0.1803,      5.5955,     11.1911,      1.5931,     28.5218,     57.0435,      0.0193,      0.0016,      0.2472,      0.2034,   7794.8120,-452838.3438,   -988.7460,    550.1530,  25982.7012,
       1,     169,      28,      12,       1,       3,       1,     10.0000,      1.4026,     42.6356,    249.1729,     62.7076,      3.4953,      0.1892,      0.1561,     25.5011,      0.1863,      5.5955,     11.1911,      1.6462,     28.5218,     57.0435,      0.0193,      0.0012,      0.2500,      0.2034,   7794.8105,-462846.1562,   -991.1525,    549.4675,  25982.7031,
       1,     169,      28,      13,       1,       3,       1,     10.0000,      1.4026,     42.6356,    249.1729,     62.7076,      3.4953,      0.1900,      0.1565,     36.0035,      0.1981,      5.5955,     11.1911,      1.7504,     28.5218,     57.0435,      0.0193,      0.0018,      0.2500,      0.2034,   7794.8110,-454377.9688,   -989.1344,    550.0496,  25982.7051,
       1,     169,      28,      14,       1,       3,       1,     10.0000,      1.4026,     42.6356,    249.1729,     62.7076,      3.4953,      0.1908,      0.1571,     46.9177,      0.2049,      5.5955,     11.1911,      1.8102,     28.5218,     57.0435,      0.0193,      0.0023,      0.2500,      0.2034,   7794.8120,-466762.4688,   -992.0974,    549.1984,  25982.7031,
       1,     169,      28,      15,       1,       3,       1,     10.0000,      1.4026,     42.6356,    249.1729,     62.7076,      3.4953,      0.1926,      0.1589,     70.5630,      0.2057,      5.5955,     11.1911,      1.8173,     28.5218,     57.0435,      0.0193,      0.0035,      0.2500,      0.2034,   7794.8110,-481457.8125,   -995.6429,    548.1902,  25982.7031,
       1,     169,      28,      16,       1,       3,       1,     10.0000,      1.4026,     42.6356,    249.1729,     62.7076,      3.4953,      0.1940,      0.1604,     87.6141,      0.2011,      5.5955,     11.1911,      1.7766,     28.5218,     57.0435,      0.0193,      0.0043,      0.2500,      0.2034,   7794.8110,-512255.6562,  -1003.1155,    546.0807,  25982.6992,
       1,     169,      28,      17,       1,       3,       1,     10.0000,      1.4026,     42.6356,    249.1729,     62.7076,      3.4953,      0.1924,      0.1591,    102.8776,      0.1938,      5.5955,     11.1911,      1.7127,     28.5218,     57.0435,      0.0193,      0.0051,      0.2459,      0.2033,   7794.8101,-536218.8750,  -1009.0759,    544.4491,  25982.7012,
       1,     169,      28,      18,       1,       3,       1,     10.0000,      1.4026,     42.6356,    249.1729,     62.7076,      3.4953,      0.1680,      0.1349,     97.4395,      0.1841,      5.5955,     11.1911,      1.6267,     28.5218,     57.0435,      0.0193,      0.0057,      0.2109,      0.2033,   7794.8105,-557358.1250,  -1014.4720,    543.0128,  25982.6992,
       1,     169,      28,      19,       1,       3,       1,     10.0000,      1.4026,     42.6356,    249.1729,     62.7076,      3.4953,      0.1237,      0.0909,     69.7425,      0.1741,      5.5955,     11.1911,      1.5385,     28.5218,     57.0435,      0.0193,      0.0057,      0.1497,      0.2033,   7794.8101,-552374.2500,  -1013.6797,    543.3530,  25982.6992,
       1,     169,      28,      20,       1,       3,       1,     10.0000,      1.4026,     42.6356,    249.1729,     62.7076,      3.4953,      0.0118,     -0.0206,      7.7788,      0.1627,      5.5955,     11.1911,      1.4374,     28.5218,     57.0435,      0.0193,      0.0061,      0.0156,      0.2033,   7794.8101,-517311.2188,  -1005.6095,    545.7346,  25982.6992,
       1,     169,      28,      21,       1,       3,       1,     10.0000,      1.4026,     42.6356,    249.1729,     62.7076,      3.4953,      0.0000,     -0.0322,      7.3662,      0.1575,      5.5955,     11.1911,      1.3920,     28.5218,     57.0435,      0.0193,      0.0058,      0.0156,      0.2033,   7794.8101,-436884.1250,   -986.4069,    551.2263,  25982.6992,
       1,     169,      28,      22,       1,       3,       1,     10.0000,      1.4026,     42.6356,    249.1729,     62.7076,      3.4953,      0.0000,     -0.0321,      7.0520,      0.1550,      5.5955,     11.1911,      1.3698,     28.5218,     57.0435,      0.0193,      0.0055,      0.0156,      0.2034,   7794.8101,-429542.4375,   -984.6094,    551.7598,  25982.6992,
       1,     169,      28,      23,       1,       3,       1,     10.0000,      1.4026,     42.6356,    249.1729,     62.7076,      3.4953,      0.0000,     -0.0322,      6.5673,      0.1583,      5.5955,     11.1911,      1.3990,     28.5218,     57.0435,      0.0193,      0.0052,      0.0156,      0.2034,   7794.8101,-428484.3438,   -984.3246,    551.8331,  25982.6992,
       1,     169,      28,      24,       1,       3,       1,     10.0000,      1.4026,     42.6356,    249.1729,     62.7076,      3.4953,      0.0000,     -0.0321,      6.1612,      0.1553,      5.5955,     11.1911,      1.3726,     28.5218,     57.0435,      0.0193,      0.0048,      0.0156,      0.2034,   7794.8101,-427788.0625,   -984.1293,    551.8812,  25982.6992,
       1,     169,      29,       1,       1,       3,       1,     10.0000,      1.4026,     42.6359,    249.1787,     62.7091,      3.4953,      0.0000,     -0.0320,      5.2877,      0.1530,      5.5961,     11.1923,      1.3521,     28.5284,     57.0568,      0.0193,      0.0041,      0.0156,      0.2034,   7794.8101,-427374.2500,   -984.3492,    551.9224,  25983.8496,
       1,     169,      29,       2,       1,       3,       1,     10.0000,      1.4026,     42.6359,    249.1787,     62.7091,      3.4953,      0.0000,     -0.0320,      4.6493,      0.1530,      5.5961,     11.1923,      1.3521,     28.5284,     57.0568,      0.0193,      0.0036,      0.0156,      0.2034,   7795.1553,-426097.8438,   -983.6777,    552.0106,  25983.8496,
       1,     169,      29,       3,       1,       3,       1,     10.0000,      1.4026,     42.6359,    249.1787,     62.7091,      3.4953,      0.0000,     -0.0319,      4.4333,      0.1498,      5.5961,     11.1923,      1.3238,     28.5284,     57.0568,      0.0193,      0.0035,      0.0156,      0.2034,   7795.1553,-425191.2188,   -983.4413,    552.0731,  25983.8496,
       1,     169,      29,       4,       1,       3,       1,     10.0000,      1.4026,     42.6359,    249.1787,     62.7091,      3.4953,      0.0000,     -0.0318,      5.0781,      0.1473,      5.5961,     11.1923,      1.3013,     28.5284,     57.0568,      0.0193,      0.0040,      0.0156,      0.2034,   7795.1553,-424843.5938,   -983.3410,    552.0971,  25983.8496,
       1,     169,      29,       5,       1,       3,       1,     10.0000,      1.4026,     42.6359,    249.1787,     62.7091,      3.4953,      0.0000,     -0.0318,      4.8143,      0.1462,      5.5961,     11.1923,      1.2922,     28.5284,     57.0568,      0.0193,      0.0038,      0.0156,      0.2034,   7795.1553,-425618.1562,   -983.5087,    552.0436,  25983.8496,
       1,     169,      29,       6,       1,       3,       1,     10.0000,      1.4026,     42.6359,    249.1787,     62.7091,      3.4953,      0.0000,     -0.0319,      4.8992,      0.1482,      5.5961,     11.1923,      1.3092,     28.5284,     57.0568,      0.0193,      0.0038,      0.0156,      0.2034,   7795.1553,-425355.8125,   -983.4275,    552.0618,  25983.8496,
       1,     169,      29,       7,       1,       3,       1,     10.0000,      1.4026,     42.6359,    249.1787,     62.7091,      3.4953,      0.0000,     -0.0319,      4.6311,      0.1489,      5.5961,     11.1923,      1.3158,     28.5284,     57.0568,      0.0193,      0.0036,      0.0156,      0.2034,   7795.1553,-425439.0938,   -983.4298,    552.0560,  25983.8496,
       1,     169,      29,       8,       1,       3,       1,     10.0000,      1.4026,     42.6359,    249.1787,     62.7091,      3.4953,      0.0008,     -0.0311,      4.4948,      0.1482,      5.5961,     11.1923,      1.3092,     28.5284,     57.0568,      0.0193,      0.0035,      0.0156,      0.2034,   7795.1553,-425111.6250,   -983.3345,    552.0786,  25983.8496,
       1,     169,      29,       9,       1,       3,       1,     10.0000,      1.4026,     42.6359,    249.1787,     62.7091,      3.4953,      0.0706,      0.0386,     22.6712,      0.1516,      5.5961,     11.1923,      1.3399,     28.5284,     57.0568,      0.0193,      0.0035,      0.0786,      0.2034,   7795.1553,-424913.4688,   -983.2711,    552.0923,  25983.8496,
       1,     169,      29,      10,       1,       3,       1,     10.0000,      1.4026,     42.6359,    249.1787,     62.7091,      3.4953,      0.1602,      0.1278,     56.2210,      0.1660,      5.5961,     11.1923,      1.4665,     28.5284,     57.0568,      0.0193,      0.0034,      0.2043,      0.2034,   7795.1553,-447577.0625,   -988.7387,    550.5282,  25983.8516,
       1,     169,      29,      11,       1,       3,       1,     10.0000,      1.4026,     42.6359,    249.1787,     62.7091,      3.4953,      0.1892,      0.1565,     71.2641,      0.1722,      5.5961,     11.1923,      1.5217,     28.5284,     57.0568,      0.0193,      0.0036,      0.2445,      0.2034,   7795.1558,-491412.1562,   -999.3546,    547.5139,  25983.8496,
       1,     169,      29,      12,       1,       3,       1,     10.0000,      1.4026,     42.6359,    249.1787,     62.7091,      3.4953,      0.1931,      0.1604,     73.4621,      0.1734,      5.5961,     11.1923,      1.5324,     28.5284,     57.0568,      0.0193,      0.0036,      0.2500,      0.2034,   7795.1553,-513991.8438,  -1004.9532,    545.9768,  25983.8496,
       1,     169,      29,      13,       1,       3,       1,     10.0000,      1.4026,     42.6359,    249.1787,     62.7091,      3.4953,      0.1930,      0.1598,     72.7983,      0.1859,      5.5961,     11.1923,      1.6429,     28.5284,     57.0568,      0.0193,      0.0036,      0.2500,      0.2034,   7795.1553,-518672.5312,  -1006.3091,    545.6594,  25983.8496,
       1,     169,      29,      14,       1,       3,       1,     10.0000,      1.4026,     42.6359,    249.1787,     62.7091,      3.4953,      0.1931,      0.1599,     74.7766,      0.1874,      5.5961,     11.1923,      1.6560,     28.5284,     57.0568,      0.0193,      0.0037,      0.2500,      0.2033,   7795.1553,-518242.3125,  -1006.4476,    545.6889,  25983.8477,
       1,     169,      29,      15,       1,       3,       1,     10.0000,      1.4026,     42.6359,    249.1787,     62.7091,      3.4953,      0.1937,      0.1606,     82.6836,      0.1865,      5.5961,     11.1923,      1.6478,     28.5284,     57.0568,      0.0193,      0.0040,      0.2500,      0.2033,   7795.1548,-520677.5625,  -1007.2751,    545.5228,  25983.8496,
       1,     169,      29,      16,       1,       3,       1,     10.0000,      1.4026,     42.6359,    249.1787,     62.7091,      3.4953,      0.1943,      0.1610,     90.1931,      0.1910,      5.5961,     11.1923,      1.6875,     28.5284,     57.0568,      0.0193,      0.0044,      0.2500,      0.2033,   7795.1553,-530767.0625,  -1009.9700,    544.8348,  25983.8477,
       1,     169,      29,      17,       1,       3,       1,     10.0000,      1.4026,     42.6359,    249.1787,     62.7091,      3.4953,      0.1933,      0.1602,     84.3307,      0.1845,      5.5961,     11.1923,      1.6299,     28.5284,     57.0568,      0.0193,      0.0041,      0.2492,      0.2033,   7795.1548,-541020.0000,  -1012.7604,    544.1370,  25983.8457,
       1,     169,      29,      18,       1,       3,       1,     10.0000,      1.4026,     42.6359,    249.1787,     62.7091,      3.4953,      0.1671,      0.1345,     85.6918,      0.1710,      5.5961,     11.1923,      1.5111,     28.5284,     57.0568,      0.0193,      0.0050,      0.2109,      0.2033,   7795.1538,-534571.9375,  -1011.5381,    544.5760,  25983.8457,
       1,     169,      29,      19,       1,       3,       1,     10.0000,      1.4026,     42.6359,    249.1787,     62.7091,      3.4953,      0.1284,      0.0959,     65.0866,      0.1670,      5.5961,     11.1923,      1.4753,     28.5284,     57.0568,      0.0193,      0.0051,      0.1572,      0.2033,   7795.1538,-535720.4375,  -1012.1433,    544.4980,  25983.8418,
       1,     169,      29,      20,       1,       3,       1,     10.0000,      1.4026,     42.6359,    249.1787,     62.7091,      3.4953,      0.0199,     -0.0124,      2.9100,      0.1601,      5.5961,     11.1923,      1.4146,     28.5284,     57.0568,      0.0193,      0.0048,      0.0074,      0.2033,   7795.1528,-510063.6562,  -1006.2201,    546.2443,  25983.8438,
       1,     169,      29,      21,       1,       3,       1,     10.0000,      1.4026,     42.6359,    249.1787,     62.7091,      3.4953,      0.0000,     -0.0321,      6.4604,      0.1550,      5.5961,     11.1923,      1.3699,     28.5284,     57.0568,      0.0193,      0.0051,      0.0156,      0.2034,   7795.1533,-430187.0625,   -986.9471,    551.7011,  25983.8418,
       1,     169,      29,      22,       1,       3,       1,     10.0000,      1.4026,     42.6359,    249.1787,     62.7091,      3.4953,      0.0000,     -0.0321,      6.0636,      0.1553,      5.5961,     11.1923,      1.3726,     28.5284,     57.0568,      0.0193,      0.0048,      0.0156,      0.2034,   7795.1528,-427838.2812,   -986.3613,    551.8904,  25983.8418,
       1,     169,      29,      23,       1,       3,       1,     10.0000,      1.4026,     42.6359,    249.1787,     62.7091,      3.4953,      0.0000,     -0.0322,      5.2575,      0.1571,      5.5961,     11.1923,      1.3879,     28.5284,     57.0568,      0.0193,      0.0041,      0.0156,      0.2034,   7795.1528,-427106.7188,   -986.1683,    551.9409,  25983.8418,
       1,     169,      29,      24,       1,       3,       1,     10.0000,      1.4026,     42.6359,    249.1787,     62.7091,      3.4953,      0.0000,     -0.0321,      5.1326,      0.1549,      5.5961,     11.1923,      1.3685,     28.5284,     57.0568,      0.0193,      0.0040,      0.0156,      0.2034,   7795.1528,-426037.9062,   -985.8958,    552.0146,  25983.8418,
       1,     169,      30,       1,       1,       3,       1,     10.0000,      1.4027,     42.6363,    249.1845,     62.7105,      3.4953,      0.0000,     -0.0320,      4.6274,      0.1527,      5.5957,     11.1913,      1.3494,     28.5356,     57.0712,      0.0193,      0.0036,      0.0156,      0.2035,   7795.1528,-425943.4375,   -986.2086,    552.0341,  25984.9941,
       1,     169,      30,       2,       1,       3,       1,     10.0000,      1.4027,     42.6363,    249.1845,     62.7105,      3.4953,      0.0000,     -0.0319,      4.2233,      0.1500,      5.5957,     11.1913,      1.3252,     28.5356,     57.0712,      0.0193,      0.0033,      0.0156,      0.2035,   7795.4985,-425153.6875,   -985.6589,    552.0886,  25984.9941,
       1,     169,      30,       3,       1,       3,       1,     10.0000,      1.4027,     42.6363,    249.1845,     62.7105,      3.4953,      0.0000,     -0.0319,      4.2490,      0.1480,      5.5957,     11.1913,      1.3079,     28.5356,     57.0712,      0.0193,      0.0033,      0.0156,      0.2035,   7795.4985,-424581.4062,   -985.5104,    552.1281,  25984.9941,
       1,     169,      30,       4,       1,       3,       1,     10.0000,      1.4027,     42.6363,    249.1845,     62.7105,      3.4953,      0.0000,     -0.0314,      4.0478,      0.1346,      5.5957,     11.1913,      1.1893,     28.5356,     57.0712,      0.0193,      0.0032,      0.0156,      0.2035,   7795.4985,-424564.3438,   -986.1351,    552.1293,  25984.9941,
       1,     169,      30,       5,       1,       3,       1,     10.0000,      1.4027,     42.6363,    249.1845,     62.7105,      3.4953,      0.0000,     -0.0315,      4.2254,      0.1385,      5.5957,     11.1913,      1.2236,     28.5356,     57.0712,      0.0193,      0.0033,      0.0156,      0.2035,   7795.4985,-424311.8438,   -986.0593,    552.1467,  25984.9941,
       1,     169,      30,       6,       1,       3,       1,     10.0000,      1.4027,     42.6363,    249.1845,     62.7105,      3.4953,      0.0000,     -0.0317,      4.2611,      0.1432,      5.5957,     11.1913,      1.2651,     28.5356,     57.0712,      0.0193,      0.0033,      0.0156,      0.2035,   7795.4985,-424511.6250,   -986.0933,    552.1329,  25984.9941,
       1,     169,      30,       7,       1,       3,       1,     10.0000,      1.4027,     42.6363,    249.1845,     62.7105,      3.4953,      0.0000,     -0.0318,      4.1507,      0.1456,      5.5957,     11.1913,      1.2870,     28.5356,     57.0712,      0.0193,      0.0033,      0.0156,      0.2035,   7795.4985,-424573.3750,   -986.0936,    552.1287,  25984.9941,
       1,     169,      30,       8,       1,       3,       1,     10.0000,      1.4027,     42.6363,    249.1845,     62.7105,      3.4953,      0.0007,     -0.0311,      4.0905,      0.1459,      5.5957,     11.1913,      1.2896,     28.5356,     57.0712,      0.0193,      0.0032,      0.0156,      0.2035,   7795.4985,-424440.9375,   -986.0473,    552.1378,  25984.9941,
       1,     169,      30,       9,       1,       3,       1,     10.0000,      1.4027,     42.6363,    249.1845,     62.7105,      3.4953,      0.0653,      0.0335,     12.0980,      0.1461,      5.5957,     11.1913,      1.2909,     28.5356,     57.0712,      0.0193,      0.0020,      0.0724,      0.2035,   7795.4985,-424354.4688,   -986.0123,    552.1438,  25984.9941,
       1,     169,      30,      10,       1,       3,       1,     10.0000,      1.4027,     42.6363,    249.1845,     62.7105,      3.4953,      0.1592,      0.1270,     48.8015,      0.1553,      5.5957,     11.1913,      1.3727,     28.5356,     57.0712,      0.0193,      0.0029,      0.2035,      0.2035,   7795.4985,-434337.4688,   -988.4415,    551.4548,  25984.9941,
       1,     169,      30,      11,       1,       3,       1,     10.0000,      1.4027,     42.6363,    249.1845,     62.7105,      3.4953,      0.1823,      0.1494,     70.9548,      0.1762,      5.5957,     11.1913,      1.5571,     28.5356,     57.0712,      0.0193,      0.0037,      0.2346,      0.2035,   7795.4985,-480998.3125,   -999.8259,    548.2388,  25984.9922,
       1,     169,      30,      12,       1,       3,       1,     10.0000,      1.4027,     42.6363,    249.1845,     62.7105,      3.4953,      0.1939,      0.1609,     84.2735,      0.1810,      5.5957,     11.1913,      1.5995,     28.5356,     57.0712,      0.0193,      0.0041,      0.2500,      0.2034,   7795.4980,-512701.6250,  -1007.6600,    546.0754,  25984.9922,
       1,     169,      30,      13,       1,       3,       1,     10.0000,      1.4027,     42.6363,    249.1845,     62.7105,      3.4953,      0.1945,      0.1612,     92.7828,      0.1906,      5.5957,     11.1913,      1.6842,     28.5356,     57.0712,      0.0193,      0.0045,      0.2500,      0.2034,   7795.4980,-532064.0000,  -1012.6021,    544.7581,  25984.9922,
       1,     169,      30,      14,       1,       3,       1,     10.0000,      1.4027,     42.6363,    249.1845,     62.7105,      3.4953,      0.1944,      0.1609,     91.6509,      0.1952,      5.5957,     11.1913,      1.7247,     28.5356,     57.0712,      0.0193,      0.0045,      0.2500,      0.2034,   7795.4980,-544358.8750,  -1015.9045,    543.9225,  25984.9922,
       1,     169,      30,      15,       1,       3,       1,     10.0000,      1.4027,     42.6363,    249.1845,     62.7105,      3.4953,      0.1947,      0.1612,     95.4357,      0.1952,      5.5957,     11.1913,      1.7247,     28.5356,     57.0712,      0.0193,      0.0047,      0.2500,      0.2033,   7795.4980,-543998.4375,  -1016.1617,    543.9476,  25984.9922,
       1,     169,      30,      16,       1,       3,       1,     10.0000,      1.4027,     42.6363,    249.1845,     62.7105,      3.4953,      0.1970,      0.1636,    125.5469,      0.1958,      5.5957,     11.1913,      1.7299,     28.5356,     57.0712,      0.0193,      0.0061,      0.2500,      0.2033,   7795.4980,-548697.5000,  -1017.6607,    543.6281,  25984.9922,
       1,     169,      30,      17,       1,       3,       1,     10.0000,      1.4027,     42.6363,    249.1845,     62.7105,      3.4953,      0.1927,      0.1594,    130.8593,      0.1904,      5.5957,     11.1913,      1.6826,     28.5356,     57.0712,      0.0193,      0.0066,      0.2431,      0.2033,   7795.4980,-586741.8125,  -1027.3645,    541.0430,  25984.9922,
       1,     169,      30,      18,       1,       3,       1,     10.0000,      1.4027,     42.6363,    249.1845,     62.7105,      3.4953,      0.1630,      0.1299,    114.1785,      0.1843,      5.5957,     11.1913,      1.6284,     28.5356,     57.0712,      0.0193,      0.0069,      0.2018,      0.2033,   7795.4980,-596670.4375,  -1030.3453,    540.3776,  25984.9902,
       1,     169,      30,      19,       1,       3,       1,     10.0000,      1.4027,     42.6363,    249.1845,     62.7105,      3.4953,      0.1204,      0.0880,     73.8334,      0.1645,      5.5957,     11.1913,      1.4534,     28.5356,     57.0712,      0.0193,      0.0062,      0.1446,      0.2033,   7795.4976,-576646.6250,  -1026.0201,    541.7306,  25984.9883,
       1,     169,      30,      20,       1,       3,       1,     10.0000,      1.4027,     42.6363,    249.1845,     62.7105,      3.4953,      0.0126,     -0.0197,      7.9487,      0.1622,      5.5957,     11.1913,      1.4332,     28.5356,     57.0712,      0.0193,      0.0062,      0.0156,      0.2033,   7795.4966,-524476.6250,  -1013.6758,    545.2650,  25984.9902,
       1,     169,      30,      21,       1,       3,       1,     10.0000,      1.4027,     42.6363,    249.1845,     62.7105,      3.4953,      0.0000,     -0.0322,      7.8553,      0.1566,      5.5957,     11.1913,      1.3837,     28.5356,     57.0712,      0.0193,      0.0062,      0.0156,      0.2034,   7795.4976,-437712.9375,   -992.5339,    551.1902,  25984.9863,
       1,     169,      30,      22,       1,       3,       1,     10.0000,      1.4027,     42.6363,    249.1845,     62.7105,      3.4953,      0.0000,     -0.0320,      7.2227,      0.1519,      5.5957,     11.1913,      1.3426,     28.5356,     57.0712,      0.0193,      0.0057,      0.0156,      0.2035,   7795.4961,-430235.0938,   -990.6798,    551.7377,  25984.9863,
       1,     169,      30,      23,       1,       3,       1,     10.0000,      1.4027,     42.6363,    249.1845,     62.7105,      3.4953,      0.0000,     -0.0320,      6.7079,      0.1509,      5.5957,     11.1913,      1.3332,     28.5356,     57.0712,      0.0193,      0.0053,      0.0156,      0.2035,   7795.4961,-428762.7188,   -990.3016,    551.8396,  25984.9863,
       1,     169,      30,      24,       1,       3,       1,     10.0000,      1.4027,     42.6363,    249.1845,     62.7105,      3.4953,      0.0000,     -0.0321,      5.0548,      0.1543,      5.5957,     11.1913,      1.3630,     28.5356,     57.0712,      0.0193,      0.0040,      0.0156,      0.2035,   7795.4961,-427993.2188,   -990.0980,    551.8927,  25984.9863,
       1,     169,      31,       1,       1,       3,       1,     10.0000,      1.4027,     42.6366,    249.1903,     62.7121,      3.4953,      0.0000,     -0.0321,      5.0694,      0.1546,      5.5962,     11.1923,      1.3658,     28.5424,     57.0848,      0.0193,      0.0040,      0.0156,      0.2035,   7795.4961,-426017.3125,   -989.9531,    552.0417,  25986.1367,
       1,     169,      31,       2,       1,       3,       1,     10.0000,      1.4027,     42.6366,    249.1903,     62.7121,      3.4953,      0.0000,     -0.0321,      4.2320,      0.1530,      5.5962,     11.1923,      1.3521,     28.5424,     57.0848,      0.0193,      0.0033,      0.0156,      0.2035,   7795.8413,-425714.6250,   -989.5180,    552.0626,  25986.1367,
       1,     169,      31,       3,       1,       3,       1,     10.0000,      1.4027,     42.6366,    249.1903,     62.7121,      3.4953,      0.0000,     -0.0317,      3.2946,      0.1433,      5.5962,     11.1923,      1.2664,     28.5424,     57.0848,      0.0193,      0.0026,      0.0156,      0.2035,   7795.8413,-424643.8750,   -989.2463,    552.1365,  25986.1367,
       1,     169,      31,       4,       1,       3,       1,     10.0000,      1.4027,     42.6366,    249.1903,     62.7121,      3.4953,      0.0000,     -0.0318,      3.1868,      0.1459,      5.5962,     11.1923,      1.2896,     28.5424,     57.0848,      0.0193,      0.0025,      0.0156,      0.2035,   7795.8413,-423382.2500,   -988.9295,    552.2236,  25986.1367,
       1,     169,      31,       5,       1,       3,       1,     10.0000,      1.4027,     42.6366,    249.1903,     62.7121,      3.4953,      0.0000,     -0.0319,      3.5114,      0.1483,      5.5962,     11.1923,      1.3106,     28.5424,     57.0848,      0.0193,      0.0028,      0.0156,      0.2035,   7795.8413,-423139.1875,   -988.8640,    552.2404,  25986.1367,
       1,     169,      31,       6,       1,       3,       1,     10.0000,      1.4027,     42.6366,    249.1903,     62.7121,      3.4953,      0.0000,     -0.0320,      3.6768,      0.1504,      5.5962,     11.1923,      1.3292,     28.5424,     57.0848,      0.0193,      0.0029,      0.0156,      0.2035,   7795.8413,-423523.0938,   -988.9519,    552.2139,  25986.1367,
       1,     169,      31,       7,       1,       3,       1,     10.0000,      1.4027,     42.6366,    249.1903,     62.7121,      3.4953,      0.0000,     -0.0320,      3.7477,      0.1527,      5.5962,     11.1923,      1.3494,     28.5424,     57.0848,      0.0193,      0.0029,      0.0156,      0.2035,   7795.8413,-423762.5312,   -989.0039,    552.1973,  25986.1367,
       1,     169,      31,       8,       1,       3,       1,     10.0000,      1.4027,     42.6366,    249.1903,     62.7121,      3.4953,      0.0003,     -0.0317,      2.7878,      0.1521,      5.5962,     11.1923,      1.3440,     28.5424,     57.0848,      0.0193,      0.0022,      0.0156,      0.2035,   7795.8413,-423871.6250,   -989.0240,    552.1898,  25986.1348,
       1,     169,      31,       9,       1,       3,       1,     10.0000,      1.4027,     42.6366,    249.1903,     62.7121,      3.4953,      0.0754,      0.0432,     17.6284,      0.1560,      5.5962,     11.1923,      1.3782,     28.5424,     57.0848,      0.0193,      0.0025,      0.0861,      0.2035,   7795.8408,-422683.7188,   -988.7274,    552.2718,  25986.1348,
       1,     169,      31,      10,       1,       3,       1,     10.0000,      1.4027,     42.6366,    249.1903,     62.7121,      3.4953,      0.1410,      0.1087,     38.8104,      0.1611,      5.5962,     11.1923,      1.4232,     28.5424,     57.0848,      0.0193,      0.0027,      0.1785,      0.2035,   7795.8408,-441094.7500,   -993.2698,    551.0009,  25986.1348,
       1,     169,      31,      11,       1,       3,       1,     10.0000,      1.4027,     42.6366,    249.1903,     62.7121,      3.4953,      0.1773,      0.1446,     54.1161,      0.1738,      5.5962,     11.1923,      1.5355,     28.5424,     57.0848,      0.0193,      0.0029,      0.2293,      0.2035,   7795.8408,-469115.0938,  -1000.2020,    549.0724,  25986.1348,
       1,     169,      31,      12,       1,       3,       1,     10.0000,      1.4027,     42.6366,    249.1903,     62.7121,      3.4953,      0.1923,      0.1592,     63.6136,      0.1832,      5.5962,     11.1923,      1.6187,     28.5424,     57.0848,      0.0193,      0.0031,      0.2500,      0.2035,   7795.8408,-490639.2188,  -1005.5796,    547.5984,  25986.1348,
       1,     169,      31,      13,       1,       3,       1,     10.0000,      1.4027,     42.6366,    249.1903,     62.7121,      3.4953,      0.1923,      0.1590,     64.8963,      0.1917,      5.5962,     11.1923,      1.6943,     28.5424,     57.0848,      0.0193,      0.0032,      0.2500,      0.2034,   7795.8408,-504349.5312,  -1009.0955,    546.6620,  25986.1348,
       1,     169,      31,      14,       1,       3,       1,     10.0000,      1.4027,     42.6366,    249.1903,     62.7121,      3.4953,      0.1923,      0.1589,     64.4527,      0.1917,      5.5962,     11.1923,      1.6943,     28.5424,     57.0848,      0.0193,      0.0032,      0.2500,      0.2034,   7795.8408,-507128.0625,  -1009.9656,    546.4728,  25986.1348,
       1,     169,      31,      15,       1,       3,       1,     10.0000,      1.4027,     42.6366,    249.1903,     62.7121,      3.4953,      0.1924,      0.1590,     65.6505,      0.1927,      5.5962,     11.1923,      1.7027,     28.5424,     57.0848,      0.0193,      0.0032,      0.2500,      0.2034,   7795.8408,-506811.6875,  -1010.0853,    546.4946,  25986.1367,
       1,     169,      31,      16,       1,       3,       1,     10.0000,      1.4027,     42.6366,    249.1903,     62.7121,      3.4953,      0.1936,      0.1607,     80.6183,      0.1792,      5.5962,     11.1923,      1.5837,     28.5424,     57.0848,      0.0193,      0.0039,      0.2500,      0.2034,   7795.8413,-508280.2812,  -1010.6429,    546.3942,  25986.1348,
       1,     169,      31,      17,       1,       3,       1,     10.0000,      1.4027,     42.6366,    249.1903,     62.7121,      3.4953,      0.1940,      0.1616,     87.0120,      0.1620,      5.5962,     11.1923,      1.4318,     28.5424,     57.0848,      0.0193,      0.0043,      0.2495,      0.2034,   7795.8408,-527102.5625,  -1015.5075,    545.1086,  25986.1348,
       1,     169,      31,      18,       1,       3,       1,     10.0000,      1.4027,     42.6366,    249.1903,     62.7121,      3.4953,      0.1149,      0.0827,     53.7308,      0.1575,      5.5962,     11.1923,      1.3921,     28.5424,     57.0848,      0.0193,      0.0047,      0.1390,      0.2034,   7795.8408,-536710.8125,  -1018.1765,    544.4556,  25986.1328,
       1,     169,      31,      19,       1,       3,       1,     10.0000,      1.4027,     42.6366,    249.1903,     62.7121,      3.4953,      0.0614,      0.0294,     25.6414,      0.1529,      5.5962,     11.1923,      1.3508,     28.5424,     57.0848,      0.0193,      0.0048,      0.0651,      0.2034,   7795.8403,-495943.8438,  -1008.3930,    547.2303,  25986.1328,
       1,     169,      31,      20,       1,       3,       1,     10.0000,      1.4027,     42.6366,    249.1903,     62.7121,      3.4953,      0.0104,     -0.0217,      6.5489,      0.1561,      5.5962,     11.1923,      1.3796,     28.5424,     57.0848,      0.0193,      0.0051,      0.0156,      0.2034,   7795.8403,-457390.7812,   -998.9769,    549.8746,  25986.1289,
       1,     169,      31,      21,       1,       3,       1,     10.0000,      1.4027,     42.6366,    249.1903,     62.7121,      3.4953,      0.0000,     -0.0322,      5.8349,      0.1580,      5.5962,     11.1923,      1.3963,     28.5424,     57.0848,      0.0193,      0.0046,      0.0156,      0.2035,   7795.8389,-430262.4062,   -992.2712,    551.7457,  25986.1309,
       1,     169,      31,      22,       1,       3,       1,     10.0000,      1.4027,     42.6366,    249.1903,     62.7121,      3.4953,      0.0000,     -0.0322,      3.7156,      0.1568,      5.5962,     11.1923,      1.3852,     28.5424,     57.0848,      0.0193,      0.0029,      0.0156,      0.2035,   7795.8394,-427039.8125,   -991.4656,    551.9711,  25986.1289,
       1,     169,      31,      23,       1,       3,       1,     10.0000,      1.4027,     42.6366,    249.1903,     62.7121,      3.4953,      0.0000,     -0.0321,      3.5454,      0.1550,      5.5962,     11.1923,      1.3699,     28.5424,     57.0848,      0.0193,      0.0028,      0.0156,      0.2035,   7795.8389,-424114.7812,   -990.7375,    552.1730,  25986.1289,
       1,     169,      31,      24,       1,       3,       1,     10.0000,      1.4027,     42.6366,    249.1903,     62.7121,      3.4953,      0.0000,     -0.0320,      2.9890,      0.1527,      5.5962,     11.1923,      1.3494,     28.5424,     57.0848,      0.0193,      0.0023,      0.0156,      0.2035,   7795.8389,-423650.5000,   -990.6183,    552.2050,  25986.1289,
       1,     169,      32,       1,       1,       3,       1,     10.0000,      1.4027,     42.6369,    249.1961,     62.7134,      3.4953,      0.0000,     -0.0321,      2.9103,      0.1540,      5.5964,     11.1928,      1.3604,     28.5456,     57.0913,      0.0193,      0.0023,      0.0156,      0.2035,   7795.8389,-423070.1875,   -990.8254,    552.2581,  25987.2812,
       1,     169,      32,       2,       1,       3,       1,     10.0000,      1.4027,     42.6369,    249.1961,     62.7134,      3.4953,      0.0000,     -0.0321,      3.2860,      0.1540,      5.5964,     11.1928,      1.3604,     28.5456,     57.0913,      0.0193,      0.0026,      0.0156,      0.2035,   7796.1846,-422770.6250,   -990.3947,    552.2787,  25987.2812,
       1,     169,      32,       3,       1,       3,       1,     10.0000,      1.4027,     42.6369,    249.1961,     62.7134,      3.4953,      0.0000,     -0.0321,      3.2472,      0.1535,      5.5964,     11.1928,      1.3563,     28.5456,     57.0913,      0.0193,      0.0025,      0.0156,      0.2035,   7796.1846,-423213.6250,   -990.5008,    552.2481,  25987.2812,
       1,     169,      32,       4,       1,       3,       1,     10.0000,      1.4027,     42.6369,    249.1961,     62.7134,      3.4953,      0.0000,     -0.0321,      2.9719,      0.1552,      5.5964,     11.1928,      1.3713,     28.5456,     57.0913,      0.0193,      0.0023,      0.0156,      0.2035,   7796.1846,-423203.3438,   -990.4946,    552.2488,  25987.2812,
       1,     169,      32,       5,       1,       3,       1,     10.0000,      1.4027,     42.6369,    249.1961,     62.7134,      3.4953,      0.0000,     -0.0321,      2.5085,      0.1538,      5.5964,     11.1928,      1.3590,     28.5456,     57.0913,      0.0193,      0.0020,      0.0156,      0.2035,   7796.1846,-422859.1250,   -990.4066,    552.2726,  25987.2812,
       1,     169,      32,       6,       1,       3,       1,     10.0000,      1.4027,     42.6369,    249.1961,     62.7134,      3.4953,      0.0000,     -0.0320,      2.5137,      0.1513,      5.5964,     11.1928,      1.3373,     28.5456,     57.0913,      0.0193,      0.0020,      0.0156,      0.2035,   7796.1846,-422251.3438,   -990.2537,    552.3146,  25987.2812,
       1,     169,      32,       7,       1,       3,       1,     10.0000,      1.4027,     42.6369,    249.1961,     62.7134,      3.4953,      0.0000,     -0.0320,      3.3062,      0.1504,      5.5964,     11.1928,      1.3292,     28.5456,     57.0913,      0.0193,      0.0026,      0.0156,      0.2035,   7796.1846,-422205.4688,   -990.2400,    552.3177,  25987.2812,
       1,     169,      32,       8,       1,       3,       1,     10.0000,      1.4027,     42.6369,    249.1961,     62.7134,      3.4953,      0.0007,     -0.0311,      3.5508,      0.1485,      5.5964,     11.1928,      1.3119,     28.5456,     57.0913,      0.0193,      0.0028,      0.0156,      0.2035,   7796.1846,-423190.2188,   -990.4804,    552.2498,  25987.2812,
       1,     169,      32,       9,       1,       3,       1,     10.0000,      1.4027,     42.6369,    249.1961,     62.7134,      3.4953,      0.0598,      0.0278,     15.5429,      0.1523,      5.5964,     11.1928,      1.3454,     28.5456,     57.0913,      0.0193,      0.0030,      0.0639,      0.2035,   7796.1846,-423580.0000,   -990.5732,    552.2228,  25987.2812,
       1,     169,      32,      10,       1,       3,       1,     10.0000,      1.4027,     42.6369,    249.1961,     62.7134,      3.4953,      0.1577,      0.1254,     47.3210,      0.1596,      5.5964,     11.1928,      1.4104,     28.5456,     57.0913,      0.0193,      0.0029,      0.2015,      0.2035,   7796.1846,-438571.9062,   -994.2960,    551.1880,  25987.2812,
       1,     169,      32,      11,       1,       3,       1,     10.0000,      1.4027,     42.6369,    249.1961,     62.7134,      3.4953,      0.1588,      0.1261,     47.5496,      0.1736,      5.5964,     11.1928,      1.5340,     28.5456,     57.0913,      0.0193,      0.0029,      0.2032,      0.2035,   7796.1846,-479511.9688,  -1004.4823,    548.3683,  25987.2812,
       1,     169,      32,      12,       1,       3,       1,     10.0000,      1.4027,     42.6369,    249.1961,     62.7134,      3.4953,      0.1752,      0.1419,     51.4132,      0.1937,      5.5964,     11.1928,      1.7112,     28.5456,     57.0913,      0.0193,      0.0028,      0.2267,      0.2035,   7796.1846,-483337.3438,  -1005.5245,    548.1133,  25987.2793,
       1,     169,      32,      13,       1,       3,       1,     10.0000,      1.4027,     42.6369,    249.1961,     62.7134,      3.4953,      0.1652,      0.1318,     45.5422,      0.1952,      5.5964,     11.1928,      1.7248,     28.5456,     57.0913,      0.0193,      0.0026,      0.2128,      0.2035,   7796.1841,-488480.4375,  -1006.9121,    547.7609,  25987.2793,
       1,     169,      32,      14,       1,       3,       1,     10.0000,      1.4027,     42.6369,    249.1961,     62.7134,      3.4953,      0.1896,      0.1564,     55.1928,      0.1871,      5.5964,     11.1928,      1.6529,     28.5456,     57.0913,      0.0193,      0.0027,      0.2471,      0.2035,   7796.1841,-481592.0938,  -1005.3290,    548.2327,  25987.2793,
       1,     169,      32,      15,       1,       3,       1,     10.0000,      1.4027,     42.6369,    249.1961,     62.7134,      3.4953,      0.1926,      0.1591,     68.9129,      0.1964,      5.5964,     11.1928,      1.7351,     28.5456,     57.0913,      0.0193,      0.0034,      0.2500,      0.2035,   7796.1841,-493049.2812,  -1008.2801,    547.4478,  25987.2773,
       1,     169,      32,      16,       1,       3,       1,     10.0000,      1.4027,     42.6369,    249.1961,     62.7134,      3.4953,      0.1939,      0.1609,     84.1617,      0.1819,      5.5964,     11.1928,      1.6075,     28.5456,     57.0913,      0.0193,      0.0041,      0.2500,      0.2035,   7796.1836,-511165.9688,  -1012.9305,    546.2085,  25987.2773,
       1,     169,      32,      17,       1,       3,       1,     10.0000,      1.4027,     42.6369,    249.1961,     62.7134,      3.4953,      0.1871,      0.1541,    104.7608,      0.1792,      5.5964,     11.1928,      1.5837,     28.5456,     57.0913,      0.0193,      0.0054,      0.2377,      0.2034,   7796.1836,-531769.9375,  -1018.2842,    544.8032,  25987.2773,
       1,     169,      32,      18,       1,       3,       1,     10.0000,      1.4027,     42.6369,    249.1961,     62.7134,      3.4953,      0.1712,      0.1381,    105.3579,      0.1821,      5.5964,     11.1928,      1.6091,     28.5456,     57.0913,      0.0193,      0.0060,      0.2146,      0.2034,   7796.1836,-559277.8125,  -1025.4578,    542.9317,  25987.2754,
       1,     169,      32,      19,       1,       3,       1,     10.0000,      1.4027,     42.6369,    249.1961,     62.7134,      3.4953,      0.1106,      0.0779,     51.8272,      0.1726,      5.5964,     11.1928,      1.5249,     28.5456,     57.0913,      0.0193,      0.0048,      0.1329,      0.2034,   7796.1831,-562391.3750,  -1026.6750,    542.7236,  25987.2773,
       1,     169,      32,      20,       1,       3,       1,     10.0000,      1.4027,     42.6369,    249.1961,     62.7134,      3.4953,      0.0129,     -0.0196,      6.5440,      0.1685,      5.5964,     11.1928,      1.4888,     28.5456,     57.0913,      0.0193,      0.0051,      0.0156,      0.2034,   7796.1836,-495737.5312,  -1010.4741,    547.2455,  25987.2754,
       1,     169,      32,      21,       1,       3,       1,     10.0000,      1.4027,     42.6369,    249.1961,     62.7134,      3.4953,      0.0000,     -0.0324,      5.3957,      0.1622,      5.5964,     11.1928,      1.4332,     28.5456,     57.0913,      0.0193,      0.0042,      0.0156,      0.2035,   7796.1831,-433540.5938,   -995.0780,    551.5190,  25987.2754,
       1,     169,      32,      22,       1,       3,       1,     10.0000,      1.4027,     42.6369,    249.1961,     62.7134,      3.4953,      0.0000,     -0.0322,      5.2639,      0.1572,      5.5964,     11.1928,      1.3894,     28.5456,     57.0913,      0.0193,      0.0041,      0.0156,      0.2035,   7796.1831,-426793.5938,   -993.3936,    552.0009,  25987.2754,
       1,     169,      32,      23,       1,       3,       1,     10.0000,      1.4027,     42.6369,    249.1961,     62.7134,      3.4953,      0.0000,     -0.0321,      5.5271,      0.1550,      5.5964,     11.1928,      1.3700,     28.5456,     57.0913,      0.0193,      0.0043,      0.0156,      0.2035,   7796.1831,-426028.1250,   -993.1993,    552.0539,  25987.2754,
       1,     169,      32,      24,       1,       3,       1,     10.0000,      1.4027,     42.6369,    249.1961,     62.7134,      3.4953,      0.0000,     -0.0321,      4.7200,      0.1532,      5.5964,     11.1928,      1.3535,     28.5456,     57.0913,      0.0193,      0.0037,      0.0156,      0.2035,   7796.1831,-426290.2188,   -993.2609,    552.0358,  25987.2754,
       1,     169,      33,       1,       1,       3,       1,     10.0000,      1.4027,     42.6372,    249.2019,     62.7150,      3.4953,      0.0000,     -0.0320,      4.6396,      0.1518,      5.5964,     11.1929,      1.3414,     28.5499,     57.0999,      0.0193,      0.0036,      0.0156,      0.2035,   7796.1831,-425459.1875,   -993.4067,    552.1060,  25988.4258,
       1,     169,      33,       2,       1,       3,       1,     10.0000,      1.4027,     42.6372,    249.2019,     62.7150,      3.4953,      0.0000,     -0.0319,      3.9522,      0.1497,      5.5964,     11.1929,      1.3226,     28.5499,     57.0999,      0.0193,      0.0031,      0.0156,      0.2035,   7796.5278,-425136.4688,   -992.9691,    552.1282,  25988.4258,
       1,     169,      33,       3,       1,       3,       1,     10.0000,      1.4027,     42.6372,    249.2019,     62.7150,      3.4953,      0.0000,     -0.0319,      3.8229,      0.1489,      5.5964,     11.1929,      1.3160,     28.5499,     57.0999,      0.0193,      0.0030,      0.0156,      0.2035,   7796.5278,-424251.5312,   -992.7460,    552.1893,  25988.4258,
       1,     169,      33,       4,       1,       3,       1,     10.0000,      1.4027,     42.6372,    249.2019,     62.7150,      3.4953,      0.0000,     -0.0319,      3.8426,      0.1479,      5.5964,     11.1929,      1.3067,     28.5499,     57.0999,      0.0193,      0.0030,      0.0156,      0.2035,   7796.5278,-424014.0312,   -992.6846,    552.2057,  25988.4258,
       1,     169,      33,       5,       1,       3,       1,     10.0000,      1.4027,     42.6372,    249.2019,     62.7150,      3.4953,      0.0000,     -0.0318,      3.4239,      0.1455,      5.5964,     11.1929,      1.2858,     28.5499,     57.0999,      0.0193,      0.0027,      0.0156,      0.2035,   7796.5278,-424018.1875,   -992.6837,    552.2054,  25988.4258,
       1,     169,      33,       6,       1,       3,       1,     10.0000,      1.4027,     42.6372,    249.2019,     62.7150,      3.4953,      0.0000,     -0.0318,      2.6995,      0.1455,      5.5964,     11.1929,      1.2858,     28.5499,     57.0999,      0.0193,      0.0021,      0.0156,      0.2035,   7796.5278,-423496.2188,   -992.5518,    552.2413,  25988.4258,
       1,     169,      33,       7,       1,       3,       1,     10.0000,      1.4027,     42.6372,    249.2019,     62.7150,      3.4953,      0.0000,     -0.0317,      3.0247,      0.1440,      5.5964,     11.1929,      1.2729,     28.5499,     57.0999,      0.0193,      0.0024,      0.0156,      0.2035,   7796.5278,-422548.0312,   -992.3142,    552.3069,  25988.4258,
       1,     169,      33,       8,       1,       3,       1,     10.0000,      1.4027,     42.6372,    249.2019,     62.7150,      3.4953,      0.0005,     -0.0313,      3.3110,      0.1457,      5.5964,     11.1929,      1.2871,     28.5499,     57.0999,      0.0193,      0.0026,      0.0156,      0.2035,   7796.5278,-422871.8438,   -992.3936,    552.2845,  25988.4258,
       1,     169,      33,       9,       1,       3,       1,     10.0000,      1.4027,     42.6372,    249.2019,     62.7150,      3.4953,      0.0680,      0.0360,     17.3206,      0.1515,      5.5964,     11.1929,      1.3387,     28.5499,     57.0999,      0.0193,      0.0028,      0.0756,      0.2035,   7796.5278,-423256.7812,   -992.4879,    552.2579,  25988.4258,
       1,     169,      33,      10,       1,       3,       1,     10.0000,      1.4027,     42.6372,    249.2019,     62.7150,      3.4953,      0.1532,      0.1209,     40.6884,      0.1607,      5.5964,     11.1929,      1.4204,     28.5499,     57.0999,      0.0193,      0.0025,      0.1958,      0.2035,   7796.5278,-440762.5938,   -996.8690,    551.0496,  25988.4258,
       1,     169,      33,      11,       1,       3,       1,     10.0000,      1.4027,     42.6372,    249.2019,     62.7150,      3.4953,      0.1856,      0.1528,     54.9698,      0.1771,      5.5964,     11.1929,      1.5650,     28.5499,     57.0999,      0.0193,      0.0028,      0.2413,      0.2035,   7796.5278,-471424.6250,  -1004.5597,    548.9388,  25988.4258,
       1,     169,      33,      12,       1,       3,       1,     10.0000,      1.4027,     42.6372,    249.2019,     62.7150,      3.4953,      0.1917,      0.1586,     57.0033,      0.1863,      5.5964,     11.1929,      1.6464,     28.5499,     57.0999,      0.0193,      0.0028,      0.2500,      0.2035,   7796.5278,-491895.2812,  -1009.7545,    547.5381,  25988.4238,
       1,     169,      33,      13,       1,       3,       1,     10.0000,      1.4027,     42.6372,    249.2019,     62.7150,      3.4953,      0.1920,      0.1588,     59.9514,      0.1874,      5.5964,     11.1929,      1.6562,     28.5499,     57.0999,      0.0193,      0.0029,      0.2500,      0.2035,   7796.5273,-496192.3750,  -1010.9730,    547.2458,  25988.4258,
       1,     169,      33,      14,       1,       3,       1,     10.0000,      1.4027,     42.6372,    249.2019,     62.7150,      3.4953,      0.1853,      0.1516,     72.3584,      0.2053,      5.5964,     11.1929,      1.8140,     28.5499,     57.0999,      0.0193,      0.0037,      0.2391,      0.2035,   7796.5278,-500239.6562,  -1012.1480,    546.9691,  25988.4238,
       1,     169,      33,      15,       1,       3,       1,     10.0000,      1.4027,     42.6372,    249.2019,     62.7150,      3.4953,      0.1936,      0.1599,     83.3688,      0.2071,      5.5964,     11.1929,      1.8301,     28.5499,     57.0999,      0.0193,      0.0041,      0.2500,      0.2035,   7796.5273,-516079.1250,  -1016.3008,    545.8862,  25988.4238,
       1,     169,      33,      16,       1,       3,       1,     10.0000,      1.4027,     42.6372,    249.2019,     62.7150,      3.4953,      0.1954,      0.1617,    106.1894,      0.2047,      5.5964,     11.1929,      1.8086,     28.5499,     57.0999,      0.0193,      0.0052,      0.2500,      0.2035,   7796.5273,-531192.4375,  -1020.3379,    544.8560,  25988.4238,
       1,     169,      33,      17,       1,       3,       1,     10.0000,      1.4027,     42.6372,    249.2019,     62.7150,      3.4953,      0.1839,      0.1504,    117.7364,      0.1960,      5.5964,     11.1929,      1.7317,     28.5499,     57.0999,      0.0193,      0.0062,      0.2318,      0.2034,   7796.5273,-560998.9375,  -1028.1340,    542.8269,  25988.4199,
       1,     169,      33,      18,       1,       3,       1,     10.0000,      1.4027,     42.6372,    249.2019,     62.7150,      3.4953,      0.1708,      0.1377,    102.9459,      0.1843,      5.5964,     11.1929,      1.6285,     28.5499,     57.0999,      0.0193,      0.0059,      0.2144,      0.2034,   7796.5264,-577998.6250,  -1032.8593,    541.6772,  25988.4199,
       1,     169,      33,      19,       1,       3,       1,     10.0000,      1.4027,     42.6372,    249.2019,     62.7150,      3.4953,      0.1164,      0.0837,     75.6946,      0.1727,      5.5964,     11.1929,      1.5264,     28.5499,     57.0999,      0.0193,      0.0067,      0.1385,      0.2034,   7796.5264,-560963.5625,  -1029.1057,    542.8318,  25988.4180,
       1,     169,      33,      20,       1,       3,       1,     10.0000,      1.4027,     42.6372,    249.2019,     62.7150,      3.4953,      0.0136,     -0.0187,      8.3088,      0.1612,      5.5964,     11.1929,      1.4247,     28.5499,     57.0999,      0.0193,      0.0065,      0.0156,      0.2034,   7796.5259,-525445.1875,  -1020.6125,    545.2431,  25988.4199,
       1,     169,      33,      21,       1,       3,       1,     10.0000,      1.4027,     42.6372,    249.2019,     62.7150,      3.4953,      0.0000,     -0.0321,      7.7836,      0.1549,      5.5964,     11.1929,      1.3686,     28.5499,     57.0999,      0.0193,      0.0061,      0.0156,      0.2034,   7796.5264,-438242.5000,   -998.8986,    551.1919,  25988.4199,
       1,     169,      33,      22,       1,       3,       1,     10.0000,      1.4027,     42.6372,    249.2019,     62.7150,      3.4953,      0.0000,     -0.0320,      7.2349,      0.1523,      5.5964,     11.1929,      1.3454,     28.5499,     57.0999,      0.0193,      0.0057,      0.0156,      0.2035,   7796.5264,-430199.0000,   -996.8766,    551.7786,  25988.4180,
       1,     169,      33,      23,       1,       3,       1,     10.0000,      1.4027,     42.6372,    249.2019,     62.7150,      3.4953,      0.0000,     -0.0320,      7.0311,      0.1518,      5.5964,     11.1929,      1.3414,     28.5499,     57.0999,      0.0193,      0.0055,      0.0156,      0.2035,   7796.5259,-428783.0625,   -996.5198,    551.8766,  25988.4180,
       1,     169,      33,      24,       1,       3,       1,     10.0000,      1.4027,     42.6372,    249.2019,     62.7150,      3.4953,      0.0000,     -0.0320,      6.2163,      0.1515,      5.5964,     11.1929,      1.3387,     28.5499,     57.0999,      0.0193,      0.0049,      0.0156,      0.2035,   7796.5259,-428406.5000,   -996.4243,    551.9026,  25988.4180,
       1,     169,      34,       1,       1,       3,       1,     10.0000,      1.4027,     42.6376,    249.2077,     62.7163,      3.4953,      0.0000,     -0.0319,      5.2672,      0.1500,      5.5962,     11.1924,      1.3253,     28.5559,     57.1118,      0.0193,      0.0041,      0.0156,      0.2036,   7796.5259,-427511.1562,   -996.5582,    551.9772,  25989.5723,
       1,     169,      34,       2,       1,       3,       1,     10.0000,      1.4027,     42.6376,    249.2077,     62.7163,      3.4953,      0.0000,     -0.0319,      4.7369,      0.1486,      5.5962,     11.1924,      1.3133,     28.5559,     57.1118,      0.0193,      0.0037,      0.0156,      0.2036,   7796.8721,-426099.1875,   -995.8434,    552.0746,  25989.5723,
       1,     169,      34,       3,       1,       3,       1,     10.0000,      1.4027,     42.6376,    249.2077,     62.7163,      3.4953,      0.0000,     -0.0314,      4.3258,      0.1361,      5.5962,     11.1924,      1.2028,     28.5559,     57.1118,      0.0193,      0.0034,      0.0156,      0.2036,   7796.8721,-425316.2188,   -995.6460,    552.1286,  25989.5723,
       1,     169,      34,       4,       1,       3,       1,     10.0000,      1.4027,     42.6376,    249.2077,     62.7163,      3.4953,      0.0000,     -0.0310,      4.1995,      0.1238,      5.5962,     11.1924,      1.0943,     28.5559,     57.1118,      0.0193,      0.0033,      0.0156,      0.2036,   7796.8721,-424736.3125,  -1000.0580,    552.1688,  25989.5723,
       1,     169,      34,       5,       1,       3,       1,     10.0000,      1.4027,     42.6376,    249.2077,     62.7163,      3.4953,      0.0000,     -0.0311,      4.0926,      0.1281,      5.5962,     11.1924,      1.1317,     28.5559,     57.1118,      0.0193,      0.0032,      0.0156,      0.2036,   7796.8721,-424528.5938,  -1003.6167,    552.1830,  25989.5723,
       1,     169,      34,       6,       1,       3,       1,     10.0000,      1.4027,     42.6376,    249.2077,     62.7163,      3.4953,      0.0000,     -0.0310,      4.1294,      0.1245,      5.5962,     11.1924,      1.0999,     28.5559,     57.1118,      0.0193,      0.0032,      0.0156,      0.2036,   7796.8721,-424377.4688,  -1003.5179,    552.1934,  25989.5723,
       1,     169,      34,       7,       1,       3,       1,     10.0000,      1.4027,     42.6376,    249.2077,     62.7163,      3.4953,      0.0000,     -0.0310,      4.0298,      0.1249,      5.5962,     11.1924,      1.1032,     28.5559,     57.1118,      0.0193,      0.0032,      0.0156,      0.2036,   7796.8721,-424410.5625,  -1003.4651,    552.1912,  25989.5742,
       1,     169,      34,       8,       1,       3,       1,     10.0000,      1.4027,     42.6376,    249.2077,     62.7163,      3.4953,      0.0008,     -0.0304,      3.0240,      0.1291,      5.5962,     11.1924,      1.1409,     28.5559,     57.1118,      0.0193,      0.0024,      0.0156,      0.2036,   7796.8726,-424288.7812,  -1003.3739,    552.1996,  25989.5742,
       1,     169,      34,       9,       1,       3,       1,     10.0000,      1.4027,     42.6376,    249.2077,     62.7163,      3.4953,      0.0683,      0.0367,      7.3699,      0.1407,      5.5962,     11.1924,      1.2437,     28.5559,     57.1118,      0.0193,      0.0012,      0.0775,      0.2036,   7796.8726,-423023.8750,  -1003.0150,    552.2869,  25989.5723,
       1,     169,      34,      10,       1,       3,       1,     10.0000,      1.4027,     42.6376,    249.2077,     62.7163,      3.4953,      0.1604,      0.1281,     24.7616,      0.1616,      5.5962,     11.1924,      1.4276,     28.5559,     57.1118,      0.0193,      0.0015,      0.2081,      0.2036,   7796.8721,-428334.9062,  -1004.3214,    551.9202,  25989.5723,
       1,     169,      34,      11,       1,       3,       1,     10.0000,      1.4027,     42.6376,    249.2077,     62.7163,      3.4953,      0.1819,      0.1492,     32.3889,      0.1717,      5.5962,     11.1924,      1.5174,     28.5559,     57.1118,      0.0193,      0.0017,      0.2384,      0.2036,   7796.8721,-450482.2188,  -1009.8198,    550.3925,  25989.5742,
       1,     169,      34,      12,       1,       3,       1,     10.0000,      1.4027,     42.6376,    249.2077,     62.7163,      3.4953,      0.1900,      0.1569,     34.5392,      0.1828,      5.5962,     11.1924,      1.6156,     28.5559,     57.1118,      0.0193,      0.0017,      0.2500,      0.2035,   7796.8726,-461908.5938,  -1012.6430,    549.6084,  25989.5703,
       1,     169,      34,      13,       1,       3,       1,     10.0000,      1.4027,     42.6376,    249.2077,     62.7163,      3.4953,      0.1905,      0.1572,     41.2912,      0.1904,      5.5962,     11.1924,      1.6827,     28.5559,     57.1118,      0.0193,      0.0020,      0.2500,      0.2035,   7796.8716,-465573.2500,  -1013.5267,    549.3572,  25989.5703,
       1,     169,      34,      14,       1,       3,       1,     10.0000,      1.4027,     42.6376,    249.2077,     62.7163,      3.4953,      0.1918,      0.1582,     59.3209,      0.2007,      5.5962,     11.1924,      1.7733,     28.5559,     57.1118,      0.0193,      0.0029,      0.2500,      0.2035,   7796.8716,-474312.9375,  -1015.6661,    548.7571,  25989.5703,
       1,     169,      34,      15,       1,       3,       1,     10.0000,      1.4027,     42.6376,    249.2077,     62.7163,      3.4953,      0.1931,      0.1596,     76.1342,      0.1999,      5.5962,     11.1924,      1.7663,     28.5559,     57.1118,      0.0193,      0.0037,      0.2500,      0.2035,   7796.8716,-497565.2812,  -1021.4595,    547.1624,  25989.5703,
       1,     169,      34,      16,       1,       3,       1,     10.0000,      1.4027,     42.6376,    249.2077,     62.7163,      3.4953,      0.1944,      0.1610,     91.7450,      0.1937,      5.5962,     11.1924,      1.7113,     28.5559,     57.1118,      0.0193,      0.0045,      0.2500,      0.2035,   7796.8716,-520558.1250,  -1027.2753,    545.5921,  25989.5684,
       1,     169,      34,      17,       1,       3,       1,     10.0000,      1.4027,     42.6376,    249.2077,     62.7163,      3.4953,      0.1928,      0.1595,    106.4382,      0.1906,      5.5962,     11.1924,      1.6844,     28.5559,     57.1118,      0.0193,      0.0053,      0.2459,      0.2035,   7796.8706,-542030.9375,  -1032.8042,    544.1299,  25989.5684,
       1,     169,      34,      18,       1,       3,       1,     10.0000,      1.4027,     42.6376,    249.2077,     62.7163,      3.4953,      0.1759,      0.1430,     97.1883,      0.1766,      5.5962,     11.1924,      1.5603,     28.5559,     57.1118,      0.0193,      0.0053,      0.2223,      0.2034,   7796.8706,-562232.1250,  -1038.1257,    542.7579,  25989.5684,
       1,     169,      34,      19,       1,       3,       1,     10.0000,      1.4027,     42.6376,    249.2077,     62.7163,      3.4953,      0.1087,      0.0760,     59.5305,      0.1697,      5.5962,     11.1924,      1.4993,     28.5559,     57.1118,      0.0193,      0.0056,      0.1292,      0.2034,   7796.8706,-552406.8750,  -1035.9921,    543.4262,  25989.5664,
       1,     169,      34,      20,       1,       3,       1,     10.0000,      1.4027,     42.6376,    249.2077,     62.7163,      3.4953,      0.0099,     -0.0225,      7.2438,      0.1606,      5.5962,     11.1924,      1.4190,     28.5559,     57.1118,      0.0193,      0.0057,      0.0156,      0.2034,   7796.8701,-504508.7188,  -1024.2136,    546.6803,  25989.5684,
       1,     169,      34,      21,       1,       3,       1,     10.0000,      1.4027,     42.6376,    249.2077,     62.7163,      3.4953,      0.0000,     -0.0322,      6.6149,      0.1565,      5.5962,     11.1924,      1.3825,     28.5559,     57.1118,      0.0193,      0.0052,      0.0156,      0.2035,   7796.8706,-435150.4688,  -1006.7905,    551.4296,  25989.5664,
       1,     169,      34,      22,       1,       3,       1,     10.0000,      1.4027,     42.6376,    249.2077,     62.7163,      3.4953,      0.0000,     -0.0321,      6.8130,      0.1541,      5.5962,     11.1924,      1.3618,     28.5559,     57.1118,      0.0193,      0.0053,      0.0156,      0.2036,   7796.8701,-428463.2500,  -1005.0262,    551.9113,  25989.5645,
       1,     169,      34,      23,       1,       3,       1,     10.0000,      1.4027,     42.6376,    249.2077,     62.7163,      3.4953,      0.0000,     -0.0321,      5.8373,      0.1538,      5.5962,     11.1924,      1.3591,     28.5559,     57.1118,      0.0193,      0.0046,      0.0156,      0.2036,   7796.8696,-428110.1250,  -1004.8552,    551.9359,  25989.5664,
       1,     169,      34,      24,       1,       3,       1,     10.0000,      1.4027,     42.6376,    249.2077,     62.7163,      3.4953,      0.0000,     -0.0321,      5.5350,      0.1555,      5.5962,     11.1924,      1.3742,     28.5559,     57.1118,      0.0193,      0.0043,      0.0156,      0.2036,   7796.8701,-426862.0938,  -1004.4694,    552.0220,  25989.5664,
       1,     169,      35,       1,       1,       3,       1,     10.0000,      1.4028,     42.6379,    249.2135,     62.7179,      3.4953,      0.0000,     -0.0321,      4.6474,      0.1547,      5.5968,     11.1937,      1.3673,     28.5624,     57.1249,      0.0193,      0.0036,      0.0156,      0.2036,   7796.8701,-426531.0625,  -1004.6821,    552.0576,  25990.7188,
       1,     169,      35,       2,       1,       3,       1,     10.0000,      1.4028,     42.6379,    249.2135,     62.7179,      3.4953,      0.0000,     -0.0321,      4.0321,      0.1544,      5.5968,     11.1937,      1.3646,     28.5624,     57.1249,      0.0193,      0.0032,      0.0156,      0.2036,   7797.2158,-425244.6875,  -1003.9446,    552.1463,  25990.7188,
       1,     169,      35,       3,       1,       3,       1,     10.0000,      1.4028,     42.6379,    249.2135,     62.7179,      3.4953,      0.0000,     -0.0321,      3.6587,      0.1543,      5.5968,     11.1937,      1.3632,     28.5624,     57.1249,      0.0193,      0.0029,      0.0156,      0.2036,   7797.2158,-424366.7812,  -1003.6771,    552.2069,  25990.7188,
       1,     169,      35,       4,       1,       3,       1,     10.0000,      1.4028,     42.6379,    249.2135,     62.7179,      3.4953,      0.0000,     -0.0321,      3.4049,      0.1532,      5.5968,     11.1937,      1.3536,     28.5624,     57.1249,      0.0193,      0.0027,      0.0156,      0.2036,   7797.2158,-423825.5312,  -1003.4991,    552.2443,  25990.7188,
       1,     169,      35,       5,       1,       3,       1,     10.0000,      1.4028,     42.6379,    249.2135,     62.7179,      3.4953,      0.0000,     -0.0321,      3.1880,      0.1549,      5.5968,     11.1937,      1.3687,     28.5624,     57.1249,      0.0193,      0.0025,      0.0156,      0.2036,   7797.2158,-423462.5625,  -1003.3699,    552.2693,  25990.7207,
       1,     169,      35,       6,       1,       3,       1,     10.0000,      1.4028,     42.6379,    249.2135,     62.7179,      3.4953,      0.0000,     -0.0321,      3.2009,      0.1550,      5.5968,     11.1937,      1.3701,     28.5624,     57.1249,      0.0193,      0.0025,      0.0156,      0.2036,   7797.2163,-423160.5938,  -1003.2582,    552.2902,  25990.7188,
       1,     169,      35,       7,       1,       3,       1,     10.0000,      1.4028,     42.6379,    249.2135,     62.7179,      3.4953,      0.0000,     -0.0321,      2.9778,      0.1546,      5.5968,     11.1937,      1.3659,     28.5624,     57.1249,      0.0193,      0.0023,      0.0156,      0.2036,   7797.2158,-423151.0312,  -1003.2209,    552.2909,  25990.7188,
       1,     169,      35,       8,       1,       3,       1,     10.0000,      1.4028,     42.6379,    249.2135,     62.7179,      3.4953,      0.0006,     -0.0315,      2.9116,      0.1554,      5.5968,     11.1937,      1.3728,     28.5624,     57.1249,      0.0193,      0.0023,      0.0156,      0.2036,   7797.2158,-422871.9062,  -1003.1186,    552.3101,  25990.7188,
       1,     169,      35,       9,       1,       3,       1,     10.0000,      1.4028,     42.6379,    249.2135,     62.7179,      3.4953,      0.0588,      0.0265,     10.7844,      0.1582,      5.5968,     11.1937,      1.3979,     28.5624,     57.1249,      0.0193,      0.0021,      0.0628,      0.2036,   7797.2158,-422765.3750,  -1003.0609,    552.3175,  25990.7188,
       1,     169,      35,      10,       1,       3,       1,     10.0000,      1.4028,     42.6379,    249.2135,     62.7179,      3.4953,      0.0931,      0.0608,     21.4034,      0.1588,      5.5968,     11.1937,      1.4035,     28.5624,     57.1249,      0.0193,      0.0024,      0.1111,      0.2036,   7797.2158,-432572.5625,  -1005.5126,    551.6404,  25990.7207,
       1,     169,      35,      11,       1,       3,       1,     10.0000,      1.4028,     42.6379,    249.2135,     62.7179,      3.4953,      0.1815,      0.1492,     44.2937,      0.1595,      5.5968,     11.1937,      1.4091,     28.5624,     57.1249,      0.0193,      0.0023,      0.2363,      0.2036,   7797.2163,-446660.3750,  -1009.0538,    550.6693,  25990.7188,
       1,     169,      35,      12,       1,       3,       1,     10.0000,      1.4028,     42.6379,    249.2135,     62.7179,      3.4953,      0.1910,      0.1588,     45.0458,      0.1574,      5.5968,     11.1937,      1.3909,     28.5624,     57.1249,      0.0193,      0.0022,      0.2500,      0.2036,   7797.2158,-476425.9688,  -1016.5626,    548.6213,  25990.7188,
       1,     169,      35,      13,       1,       3,       1,     10.0000,      1.4028,     42.6379,    249.2135,     62.7179,      3.4953,      0.1910,      0.1583,     47.0968,      0.1743,      5.5968,     11.1937,      1.5403,     28.5624,     57.1249,      0.0193,      0.0023,      0.2500,      0.2036,   7797.2158,-479932.4688,  -1017.4482,    548.3848,  25990.7188,
       1,     169,      35,      14,       1,       3,       1,     10.0000,      1.4028,     42.6379,    249.2135,     62.7179,      3.4953,      0.1913,      0.1577,     52.6716,      0.2003,      5.5968,     11.1937,      1.7698,     28.5624,     57.1249,      0.0193,      0.0026,      0.2500,      0.2035,   7797.2158,-482788.2500,  -1018.1862,    548.1890,  25990.7188,
       1,     169,      35,      15,       1,       3,       1,     10.0000,      1.4028,     42.6379,    249.2135,     62.7179,      3.4953,      0.1812,      0.1476,     55.0678,      0.1985,      5.5968,     11.1937,      1.7542,     28.5624,     57.1249,      0.0193,      0.0029,      0.2350,      0.2035,   7797.2158,-489990.7500,  -1020.0424,    547.6954,  25990.7168,
       1,     169,      35,      16,       1,       3,       1,     10.0000,      1.4028,     42.6379,    249.2135,     62.7179,      3.4953,      0.1672,      0.1339,     67.9335,      0.1914,      5.5968,     11.1937,      1.6911,     28.5624,     57.1249,      0.0193,      0.0039,      0.2131,      0.2035,   7797.2153,-493600.7188,  -1021.0380,    547.4485,  25990.7168,
       1,     169,      35,      17,       1,       3,       1,     10.0000,      1.4028,     42.6379,    249.2135,     62.7179,      3.4953,      0.1540,      0.1206,     57.2122,      0.1925,      5.5968,     11.1937,      1.7012,     28.5624,     57.1249,      0.0193,      0.0036,      0.1951,      0.2035,   7797.2153,-509969.4688,  -1025.2947,    546.3285,  25990.7168,
       1,     169,      35,      18,       1,       3,       1,     10.0000,      1.4028,     42.6379,    249.2135,     62.7179,      3.4953,      0.1205,      0.0871,     43.0811,      0.1939,      5.5968,     11.1937,      1.7130,     28.5624,     57.1249,      0.0193,      0.0036,      0.1479,      0.2035,   7797.2153,-497991.0000,  -1022.4233,    547.1476,  25990.7129,
       1,     169,      35,      19,       1,       3,       1,     10.0000,      1.4028,     42.6379,    249.2135,     62.7179,      3.4953,      0.0546,      0.0216,     18.9269,      0.1800,      5.5968,     11.1937,      1.5902,     28.5624,     57.1249,      0.0193,      0.0042,      0.0552,      0.2035,   7797.2144,-479324.9062,  -1017.8138,    548.4249,  25990.7148,
       1,     169,      35,      20,       1,       3,       1,     10.0000,      1.4028,     42.6379,    249.2135,     62.7179,      3.4953,      0.0097,     -0.0229,      5.7402,      0.1717,      5.5968,     11.1937,      1.5174,     28.5624,     57.1249,      0.0193,      0.0045,      0.0156,      0.2035,   7797.2148,-447584.2188,  -1009.7947,    550.6024,  25990.7148,
       1,     169,      35,      21,       1,       3,       1,     10.0000,      1.4028,     42.6379,    249.2135,     62.7179,      3.4953,      0.0000,     -0.0325,      5.4046,      0.1645,      5.5968,     11.1937,      1.4536,     28.5624,     57.1249,      0.0193,      0.0042,      0.0156,      0.2036,   7797.2148,-428421.3438,  -1004.8875,    551.9255,  25990.7129,
       1,     169,      35,      22,       1,       3,       1,     10.0000,      1.4028,     42.6379,    249.2135,     62.7179,      3.4953,      0.0000,     -0.0323,      5.6076,      0.1609,      5.5968,     11.1937,      1.4219,     28.5624,     57.1249,      0.0193,      0.0044,      0.0156,      0.2036,   7797.2144,-426354.2188,  -1004.3134,    552.0698,  25990.7129,
       1,     169,      35,      23,       1,       3,       1,     10.0000,      1.4028,     42.6379,    249.2135,     62.7179,      3.4953,      0.0000,     -0.0323,      5.4979,      0.1587,      5.5968,     11.1937,      1.4021,     28.5624,     57.1249,      0.0193,      0.0043,      0.0156,      0.2036,   7797.2144,-426427.4688,  -1004.2795,    552.0646,  25990.7129,
       1,     169,      35,      24,       1,       3,       1,     10.0000,      1.4028,     42.6379,    249.2135,     62.7179,      3.4953,      0.0000,     -0.0322,      4.4706,      0.1574,      5.5968,     11.1937,      1.3909,     28.5624,     57.1249,      0.0193,      0.0035,      0.0156,      0.2036,   7797.2144,-426297.1562,  -1004.1974,    552.0737,  25990.7129,
       1,     169,      36,       1,       1,       3,       1,     10.0000,      1.4028,     42.6382,    249.2194,     62.7193,      3.4953,      0.0000,     -0.0322,      4.0430,      0.1579,      5.5969,     11.1938,      1.3951,     28.5620,     57.1241,      0.0193,      0.0032,      0.0156,      0.2036,   7797.2144,-425158.7188,  -1004.2327,    552.1653,  25991.8672,
       1,     169,      36,       2,       1,       3,       1,     10.0000,      1.4028,     42.6382,    249.2194,     62.7193,      3.4953,      0.0000,     -0.0322,      3.3919,      0.1565,      5.5969,     11.1938,      1.3825,     28.5620,     57.1241,      0.0193,      0.0027,      0.0156,      0.2036,   7797.5605,-424376.0000,  -1003.6362,    552.2192,  25991.8672,
       1,     169,      36,       3,       1,       3,       1,     10.0000,      1.4028,     42.6382,    249.2194,     62.7193,      3.4953,      0.0000,     -0.0322,      3.1026,      0.1565,      5.5969,     11.1938,      1.3825,     28.5620,     57.1241,      0.0193,      0.0024,      0.0156,      0.2036,   7797.5605,-423496.9688,  -1003.3843,    552.2799,  25991.8672,
       1,     169,      36,       4,       1,       3,       1,     10.0000,      1.4028,     42.6382,    249.2194,     62.7193,      3.4953,      0.0000,     -0.0323,      2.8059,      0.1593,      5.5969,     11.1938,      1.4077,     28.5620,     57.1241,      0.0193,      0.0022,      0.0156,      0.2036,   7797.5605,-423060.6562,  -1003.2482,    552.3101,  25991.8672,
       1,     169,      36,       5,       1,       3,       1,     10.0000,      1.4028,     42.6382,    249.2194,     62.7193,      3.4953,      0.0000,     -0.0323,      2.7748,      0.1609,      5.5969,     11.1938,      1.4219,     28.5620,     57.1241,      0.0193,      0.0022,      0.0156,      0.2036,   7797.5605,-422653.0938,  -1003.1227,    552.3382,  25991.8672,
       1,     169,      36,       6,       1,       3,       1,     10.0000,      1.4028,     42.6382,    249.2194,     62.7193,      3.4953,      0.0000,     -0.0323,      2.9060,      0.1608,      5.5969,     11.1938,      1.4205,     28.5620,     57.1241,      0.0193,      0.0023,      0.0156,      0.2036,   7797.5605,-422579.1562,  -1003.0820,    552.3433,  25991.8672,
       1,     169,      36,       7,       1,       3,       1,     10.0000,      1.4028,     42.6382,    249.2194,     62.7193,      3.4953,      0.0000,     -0.0323,      2.9301,      0.1593,      5.5969,     11.1938,      1.4077,     28.5620,     57.1241,      0.0193,      0.0023,      0.0156,      0.2036,   7797.5605,-422736.5312,  -1003.0984,    552.3325,  25991.8672,
       1,     169,      36,       8,       1,       3,       1,     10.0000,      1.4028,     42.6382,    249.2194,     62.7193,      3.4953,      0.0009,     -0.0312,      2.8992,      0.1557,      5.5969,     11.1938,      1.3756,     28.5620,     57.1241,      0.0193,      0.0023,      0.0156,      0.2036,   7797.5605,-422779.9375,  -1003.0860,    552.3295,  25991.8672,
       1,     169,      36,       9,       1,       3,       1,     10.0000,      1.4028,     42.6382,    249.2194,     62.7193,      3.4953,      0.0444,      0.0122,      8.1751,      0.1571,      5.5969,     11.1938,      1.3881,     28.5620,     57.1241,      0.0193,      0.0024,      0.0423,      0.2036,   7797.5605,-422745.2188,  -1003.0538,    552.3318,  25991.8672,
       1,     169,      36,      10,       1,       3,       1,     10.0000,      1.4028,     42.6382,    249.2194,     62.7193,      3.4953,      0.1613,      0.1285,     42.8794,      0.1722,      5.5969,     11.1938,      1.5220,     28.5620,     57.1241,      0.0193,      0.0025,      0.2073,      0.2036,   7797.5605,-429319.9062,  -1004.7028,    551.8779,  25991.8672,
       1,     169,      36,      11,       1,       3,       1,     10.0000,      1.4028,     42.6382,    249.2194,     62.7193,      3.4953,      0.1790,      0.1458,     52.0208,      0.1887,      5.5969,     11.1938,      1.6678,     28.5620,     57.1241,      0.0193,      0.0027,      0.2321,      0.2036,   7797.5605,-473157.6875,  -1015.8411,    548.8539,  25991.8672,
       1,     169,      36,      12,       1,       3,       1,     10.0000,      1.4028,     42.6382,    249.2194,     62.7193,      3.4953,      0.1881,      0.1548,     52.4795,      0.1893,      5.5969,     11.1938,      1.6728,     28.5620,     57.1241,      0.0193,      0.0026,      0.2452,      0.2036,   7797.5605,-488356.1875,  -1019.7509,    547.8195,  25991.8652,
       1,     169,      36,      13,       1,       3,       1,     10.0000,      1.4028,     42.6382,    249.2194,     62.7193,      3.4953,      0.1911,      0.1576,     49.8938,      0.1968,      5.5969,     11.1938,      1.7387,     28.5620,     57.1241,      0.0193,      0.0024,      0.2500,      0.2036,   7797.5601,-490225.9688,  -1020.3144,    547.6924,  25991.8672,
       1,     169,      36,      14,       1,       3,       1,     10.0000,      1.4028,     42.6382,    249.2194,     62.7193,      3.4953,      0.1911,      0.1574,     57.2703,      0.2045,      5.5969,     11.1938,      1.8070,     28.5620,     57.1241,      0.0193,      0.0028,      0.2492,      0.2036,   7797.5605,-487158.1250,  -1019.6102,    547.9025,  25991.8652,
       1,     169,      36,      15,       1,       3,       1,     10.0000,      1.4028,     42.6382,    249.2194,     62.7193,      3.4953,      0.1926,      0.1591,     69.0417,      0.1973,      5.5969,     11.1938,      1.7438,     28.5620,     57.1241,      0.0193,      0.0034,      0.2500,      0.2036,   7797.5601,-496100.6875,  -1021.9705,    547.2901,  25991.8633,
       1,     169,      36,      16,       1,       3,       1,     10.0000,      1.4028,     42.6382,    249.2194,     62.7193,      3.4953,      0.1373,      0.1038,     63.3408,      0.1987,      5.5969,     11.1938,      1.7560,     28.5620,     57.1241,      0.0193,      0.0046,      0.1701,      0.2036,   7797.5591,-511561.0938,  -1026.0277,    546.2328,  25991.8633,
       1,     169,      36,      17,       1,       3,       1,     10.0000,      1.4028,     42.6382,    249.2194,     62.7193,      3.4953,      0.1834,      0.1500,     91.0434,      0.1952,      5.5969,     11.1938,      1.7250,     28.5620,     57.1241,      0.0193,      0.0048,      0.2341,      0.2035,   7797.5591,-505772.6562,  -1024.7412,    546.6290,  25991.8633,
       1,     169,      36,      18,       1,       3,       1,     10.0000,      1.4028,     42.6382,    249.2194,     62.7193,      3.4953,      0.0814,      0.0484,     36.1210,      0.1841,      5.5969,     11.1938,      1.6270,     28.5620,     57.1241,      0.0193,      0.0048,      0.0921,      0.2035,   7797.5591,-539856.9375,  -1033.6190,    544.3002,  25991.8633,
       1,     169,      36,      19,       1,       3,       1,     10.0000,      1.4028,     42.6382,    249.2194,     62.7193,      3.4953,      0.0276,     -0.0052,      7.6611,      0.1750,      5.5969,     11.1938,      1.5465,     28.5620,     57.1241,      0.0193,      0.0054,      0.0174,      0.2035,   7797.5591,-474197.0312,  -1017.1147,    548.7725,  25991.8652,
       1,     169,      36,      20,       1,       3,       1,     10.0000,      1.4028,     42.6382,    249.2194,     62.7193,      3.4953,      0.0047,     -0.0279,      6.4487,      0.1678,      5.5969,     11.1938,      1.4830,     28.5620,     57.1241,      0.0193,      0.0051,      0.0156,      0.2036,   7797.5601,-433111.2500,  -1006.6270,    551.6093,  25991.8613,
       1,     169,      36,      21,       1,       3,       1,     10.0000,      1.4028,     42.6382,    249.2194,     62.7193,      3.4953,      0.0000,     -0.0325,      6.5132,      0.1662,      5.5969,     11.1938,      1.4682,     28.5620,     57.1241,      0.0193,      0.0051,      0.0156,      0.2036,   7797.5586,-428069.4375,  -1005.2964,    551.9642,  25991.8613,
       1,     169,      36,      22,       1,       3,       1,     10.0000,      1.4028,     42.6382,    249.2194,     62.7193,      3.4953,      0.0000,     -0.0325,      6.3125,      0.1662,      5.5969,     11.1938,      1.4682,     28.5620,     57.1241,      0.0193,      0.0049,      0.0156,      0.2036,   7797.5586,-427707.3750,  -1005.1603,    551.9893,  25991.8613,
       1,     169,      36,      23,       1,       3,       1,     10.0000,      1.4028,     42.6382,    249.2194,     62.7193,      3.4953,      0.0000,     -0.0325,      5.5502,      0.1672,      5.5969,     11.1938,      1.4771,     28.5620,     57.1241,      0.0193,      0.0044,      0.0156,      0.2036,   7797.5586,-427425.7500,  -1005.0465,    552.0088,  25991.8613,
       1,     169,      36,      24,       1,       3,       1,     10.0000,      1.4028,     42.6382,    249.2194,     62.7193,      3.4953,      0.0000,     -0.0325,      4.7049,      0.1673,      5.5969,     11.1938,      1.4785,     28.5620,     57.1241,      0.0193,      0.0037,      0.0156,      0.2036,   7797.5586,-426451.0312,  -1004.7617,    552.0760,  25991.8613,
       1,     169,      37,       1,       1,       3,       1,     10.0000,      1.4028,     42.6386,    249.2252,     62.7208,      3.4953,      0.0000,     -0.0325,      3.9117,      0.1648,      5.5977,     11.1954,      1.4566,     28.5614,     57.1229,      0.0193,      0.0031,      0.0156,      0.2036,   7797.5586,-425466.5000,  -1004.8454,    552.1569,  25993.0137,
       1,     169,      37,       2,       1,       3,       1,     10.0000,      1.4028,     42.6386,    249.2252,     62.7208,      3.4953,      0.0000,     -0.0323,      3.7001,      0.1592,      5.5977,     11.1954,      1.4064,     28.5614,     57.1229,      0.0193,      0.0029,      0.0156,      0.2036,   7797.9043,-424241.8438,  -1004.1447,    552.2415,  25993.0137,
       1,     169,      37,       3,       1,       3,       1,     10.0000,      1.4028,     42.6386,    249.2252,     62.7208,      3.4953,      0.0000,     -0.0322,      3.3857,      0.1584,      5.5977,     11.1954,      1.3993,     28.5614,     57.1229,      0.0193,      0.0027,      0.0156,      0.2037,   7797.9043,-423872.6562,  -1004.0283,    552.2669,  25993.0137,
       1,     169,      37,       4,       1,       3,       1,     10.0000,      1.4028,     42.6386,    249.2252,     62.7208,      3.4953,      0.0000,     -0.0323,      3.3489,      0.1587,      5.5977,     11.1954,      1.4021,     28.5614,     57.1229,      0.0193,      0.0026,      0.0156,      0.2037,   7797.9043,-423449.0312,  -1003.9000,    552.2961,  25993.0137,
       1,     169,      37,       5,       1,       3,       1,     10.0000,      1.4028,     42.6386,    249.2252,     62.7208,      3.4953,      0.0000,     -0.0323,      3.3020,      0.1609,      5.5977,     11.1954,      1.4220,     28.5614,     57.1229,      0.0193,      0.0026,      0.0156,      0.2037,   7797.9043,-423366.6250,  -1003.8594,    552.3018,  25993.0137,
       1,     169,      37,       6,       1,       3,       1,     10.0000,      1.4028,     42.6386,    249.2252,     62.7208,      3.4953,      0.0000,     -0.0323,      3.1910,      0.1603,      5.5977,     11.1954,      1.4163,     28.5614,     57.1229,      0.0193,      0.0025,      0.0156,      0.2037,   7797.9043,-423301.1875,  -1003.8239,    552.3063,  25993.0137,
       1,     169,      37,       7,       1,       3,       1,     10.0000,      1.4028,     42.6386,    249.2252,     62.7208,      3.4953,      0.0000,     -0.0323,      3.0109,      0.1592,      5.5977,     11.1954,      1.4064,     28.5614,     57.1229,      0.0193,      0.0024,      0.0156,      0.2037,   7797.9043,-423157.0625,  -1003.7689,    552.3163,  25993.0137,
       1,     169,      37,       8,       1,       3,       1,     10.0000,      1.4028,     42.6386,    249.2252,     62.7208,      3.4953,      0.0007,     -0.0315,      2.8260,      0.1587,      5.5977,     11.1954,      1.4021,     28.5614,     57.1229,      0.0193,      0.0022,      0.0156,      0.2037,   7797.9043,-422920.1875,  -1003.6917,    552.3327,  25993.0137,
       1,     169,      37,       9,       1,       3,       1,     10.0000,      1.4028,     42.6386,    249.2252,     62.7208,      3.4953,      0.0342,      0.0019,      5.2298,      0.1608,      5.5977,     11.1954,      1.4205,     28.5614,     57.1229,      0.0193,      0.0023,      0.0278,      0.2037,   7797.9043,-422669.2812,  -1003.6119,    552.3500,  25993.0137,
       1,     169,      37,      10,       1,       3,       1,     10.0000,      1.4028,     42.6386,    249.2252,     62.7208,      3.4953,      0.1176,      0.0847,     32.4581,      0.1773,      5.5977,     11.1954,      1.5667,     28.5614,     57.1229,      0.0193,      0.0027,      0.1451,      0.2037,   7797.9043,-425644.2500,  -1004.3569,    552.1446,  25993.0117,
       1,     169,      37,      11,       1,       3,       1,     10.0000,      1.4028,     42.6386,    249.2252,     62.7208,      3.4953,      0.1725,      0.1396,     50.9265,      0.1787,      5.5977,     11.1954,      1.5792,     28.5614,     57.1229,      0.0193,      0.0028,      0.2227,      0.2036,   7797.9038,-459844.5938,  -1013.1100,    549.7842,  25993.0117,
       1,     169,      37,      12,       1,       3,       1,     10.0000,      1.4028,     42.6386,    249.2252,     62.7208,      3.4953,      0.1915,      0.1580,     54.7796,      0.1977,      5.5977,     11.1954,      1.7473,     28.5614,     57.1229,      0.0193,      0.0027,      0.2500,      0.2036,   7797.9038,-485835.6250,  -1019.7937,    548.0030,  25993.0137,
       1,     169,      37,      13,       1,       3,       1,     10.0000,      1.4028,     42.6386,    249.2252,     62.7208,      3.4953,      0.1917,      0.1580,     58.4056,      0.2041,      5.5977,     11.1954,      1.8034,     28.5614,     57.1229,      0.0193,      0.0029,      0.2500,      0.2036,   7797.9043,-492877.2500,  -1021.6833,    547.5236,  25993.0137,
       1,     169,      37,      14,       1,       3,       1,     10.0000,      1.4028,     42.6386,    249.2252,     62.7208,      3.4953,      0.1849,      0.1510,     58.2486,      0.2123,      5.5977,     11.1954,      1.8759,     28.5614,     57.1229,      0.0193,      0.0030,      0.2401,      0.2036,   7797.9043,-498003.1562,  -1023.1056,    547.1729,  25993.0078,
       1,     169,      37,      15,       1,       3,       1,     10.0000,      1.4028,     42.6386,    249.2252,     62.7208,      3.4953,      0.1921,      0.1583,     75.6351,      0.2084,      5.5977,     11.1954,      1.8412,     28.5614,     57.1229,      0.0193,      0.0037,      0.2487,      0.2036,   7797.9028,-498247.5938,  -1023.3106,    547.1564,  25993.0098,
       1,     169,      37,      16,       1,       3,       1,     10.0000,      1.4028,     42.6386,    249.2252,     62.7208,      3.4953,      0.1793,      0.1457,     73.1347,      0.2003,      5.5977,     11.1954,      1.7699,     28.5614,     57.1229,      0.0193,      0.0039,      0.2302,      0.2036,   7797.9033,-519966.5938,  -1029.0293,    545.6709,  25993.0098,
       1,     169,      37,      17,       1,       3,       1,     10.0000,      1.4028,     42.6386,    249.2252,     62.7208,      3.4953,      0.1576,      0.1242,     78.1561,      0.1944,      5.5977,     11.1954,      1.7182,     28.5614,     57.1229,      0.0193,      0.0048,      0.1980,      0.2036,   7797.9033,-518713.7812,  -1028.9420,    545.7584,  25993.0078,
       1,     169,      37,      18,       1,       3,       1,     10.0000,      1.4028,     42.6386,    249.2252,     62.7208,      3.4953,      0.1496,      0.1166,     77.8174,      0.1823,      5.5977,     11.1954,      1.6109,     28.5614,     57.1229,      0.0193,      0.0051,      0.1864,      0.2036,   7797.9028,-524872.8125,  -1030.7645,    545.3382,  25993.0078,
       1,     169,      37,      19,       1,       3,       1,     10.0000,      1.4028,     42.6386,    249.2252,     62.7208,      3.4953,      0.1073,      0.0745,     57.9169,      0.1750,      5.5977,     11.1954,      1.5465,     28.5614,     57.1229,      0.0193,      0.0056,      0.1272,      0.2035,   7797.9028,-524978.2500,  -1031.0541,    545.3312,  25993.0078,
       1,     169,      37,      20,       1,       3,       1,     10.0000,      1.4028,     42.6386,    249.2252,     62.7208,      3.4953,      0.0097,     -0.0228,      6.6382,      0.1655,      5.5977,     11.1954,      1.4624,     28.5614,     57.1229,      0.0193,      0.0052,      0.0156,      0.2035,   7797.9028,-500140.5938,  -1024.9106,    547.0242,  25993.0078,
       1,     169,      37,      21,       1,       3,       1,     10.0000,      1.4028,     42.6386,    249.2252,     62.7208,      3.4953,      0.0000,     -0.0324,      6.3484,      0.1632,      5.5977,     11.1954,      1.4420,     28.5614,     57.1229,      0.0193,      0.0050,      0.0156,      0.2036,   7797.9028,-434021.9688,  -1008.0023,    551.5479,  25993.0078,
       1,     169,      37,      22,       1,       3,       1,     10.0000,      1.4028,     42.6386,    249.2252,     62.7208,      3.4953,      0.0000,     -0.0324,      5.8571,      0.1629,      5.5977,     11.1954,      1.4392,     28.5614,     57.1229,      0.0193,      0.0046,      0.0156,      0.2036,   7797.9028,-428039.5000,  -1006.4351,    551.9792,  25993.0059,
       1,     169,      37,      23,       1,       3,       1,     10.0000,      1.4028,     42.6386,    249.2252,     62.7208,      3.4953,      0.0000,     -0.0324,      5.1972,      0.1637,      5.5977,     11.1954,      1.4464,     28.5614,     57.1229,      0.0193,      0.0041,      0.0156,      0.2036,   7797.9019,-426889.6250,  -1006.1143,    552.0587,  25993.0059,
       1,     169,      37,      24,       1,       3,       1,     10.0000,      1.4028,     42.6386,    249.2252,     62.7208,      3.4953,      0.0000,     -0.0325,      4.6720,      0.1653,      5.5977,     11.1954,      1.4609,     28.5614,     57.1229,      0.0193,      0.0037,      0.0156,      0.2036,   7797.9019,-425967.9062,  -1005.8546,    552.1223,  25993.0059,
       1,     169,      38,       1,       1,       3,       1,     10.0000,      1.4028,     42.6389,    249.2310,     62.7222,      3.4953,      0.0000,     -0.0325,      4.0762,      0.1662,      5.5973,     11.1946,      1.4683,     28.5632,     57.1264,      0.0193,      0.0032,      0.0156,      0.2037,   7797.9019,-425387.2188,  -1006.0533,    552.1752,  25994.1602,
       1,     169,      38,       2,       1,       3,       1,     10.0000,      1.4028,     42.6389,    249.2310,     62.7222,      3.4953,      0.0000,     -0.0324,      3.7055,      0.1640,      5.5973,     11.1946,      1.4493,     28.5632,     57.1264,      0.0193,      0.0029,      0.0156,      0.2037,   7798.2485,-424443.2188,  -1005.4264,    552.2404,  25994.1602,
       1,     169,      38,       3,       1,       3,       1,     10.0000,      1.4028,     42.6389,    249.2310,     62.7222,      3.4953,      0.0000,     -0.0324,      3.5063,      0.1622,      5.5973,     11.1946,      1.4334,     28.5632,     57.1264,      0.0193,      0.0027,      0.0156,      0.2037,   7798.2485,-423899.8438,  -1005.2717,    552.2779,  25994.1602,
       1,     169,      38,       4,       1,       3,       1,     10.0000,      1.4028,     42.6389,    249.2310,     62.7222,      3.4953,      0.0000,     -0.0323,      3.4561,      0.1596,      5.5973,     11.1946,      1.4106,     28.5632,     57.1264,      0.0193,      0.0027,      0.0156,      0.2037,   7798.2485,-423604.8438,  -1005.1821,    552.2983,  25994.1602,
       1,     169,      38,       5,       1,       3,       1,     10.0000,      1.4028,     42.6389,    249.2310,     62.7222,      3.4953,      0.0000,     -0.0322,      3.4550,      0.1582,      5.5973,     11.1946,      1.3979,     28.5632,     57.1264,      0.0193,      0.0027,      0.0156,      0.2037,   7798.2485,-423516.7188,  -1005.1459,    552.3044,  25994.1602,
       1,     169,      38,       6,       1,       3,       1,     10.0000,      1.4028,     42.6389,    249.2310,     62.7222,      3.4953,      0.0000,     -0.0322,      3.3836,      0.1582,      5.5973,     11.1946,      1.3979,     28.5632,     57.1264,      0.0193,      0.0027,      0.0156,      0.2037,   7798.2485,-423507.9062,  -1005.1304,    552.3050,  25994.1602,
       1,     169,      38,       7,       1,       3,       1,     10.0000,      1.4028,     42.6389,    249.2310,     62.7222,      3.4953,      0.0000,     -0.0322,      3.4137,      0.1557,      5.5973,     11.1946,      1.3757,     28.5632,     57.1264,      0.0193,      0.0027,      0.0156,      0.2037,   7798.2485,-423418.0625,  -1005.0942,    552.3112,  25994.1602,
       1,     169,      38,       8,       1,       3,       1,     10.0000,      1.4028,     42.6389,    249.2310,     62.7222,      3.4953,      0.0006,     -0.0316,      3.4218,      0.1557,      5.5973,     11.1946,      1.3757,     28.5632,     57.1264,      0.0193,      0.0027,      0.0156,      0.2037,   7798.2485,-423447.9375,  -1005.0892,    552.3091,  25994.1602,
       1,     169,      38,       9,       1,       3,       1,     10.0000,      1.4028,     42.6389,    249.2310,     62.7222,      3.4953,      0.0675,      0.0353,     16.2533,      0.1568,      5.5973,     11.1946,      1.3854,     28.5632,     57.1264,      0.0193,      0.0027,      0.0748,      0.2037,   7798.2485,-423460.5938,  -1005.0793,    552.3082,  25994.1602,
       1,     169,      38,      10,       1,       3,       1,     10.0000,      1.4028,     42.6389,    249.2310,     62.7222,      3.4953,      0.1615,      0.1291,     46.6084,      0.1648,      5.5973,     11.1946,      1.4566,     28.5632,     57.1264,      0.0193,      0.0028,      0.2072,      0.2037,   7798.2485,-439455.5625,  -1009.1974,    551.2040,  25994.1621,
       1,     169,      38,      11,       1,       3,       1,     10.0000,      1.4028,     42.6389,    249.2310,     62.7222,      3.4953,      0.1892,      0.1563,     54.1697,      0.1789,      5.5973,     11.1946,      1.5808,     28.5632,     57.1264,      0.0193,      0.0027,      0.2465,      0.2037,   7798.2490,-478679.7500,  -1019.3234,    548.5025,  25994.1602,
       1,     169,      38,      12,       1,       3,       1,     10.0000,      1.4028,     42.6389,    249.2310,     62.7222,      3.4953,      0.1913,      0.1581,     52.2016,      0.1897,      5.5973,     11.1946,      1.6762,     28.5632,     57.1264,      0.0193,      0.0026,      0.2500,      0.2036,   7798.2485,-491500.9688,  -1022.7071,    547.6301,  25994.1582,
       1,     169,      38,      13,       1,       3,       1,     10.0000,      1.4028,     42.6389,    249.2310,     62.7222,      3.4953,      0.1914,      0.1582,     52.5451,      0.1884,      5.5973,     11.1946,      1.6646,     28.5632,     57.1264,      0.0193,      0.0026,      0.2500,      0.2036,   7798.2476,-490139.5625,  -1022.4778,    547.7240,  25994.1582,
       1,     169,      38,      14,       1,       3,       1,     10.0000,      1.4028,     42.6389,    249.2310,     62.7222,      3.4953,      0.1916,      0.1581,     56.2207,      0.1987,      5.5973,     11.1946,      1.7560,     28.5632,     57.1264,      0.0193,      0.0028,      0.2500,      0.2036,   7798.2476,-490450.4375,  -1022.6699,    547.7026,  25994.1562,
       1,     169,      38,      15,       1,       3,       1,     10.0000,      1.4028,     42.6389,    249.2310,     62.7222,      3.4953,      0.1919,      0.1583,     60.0519,      0.1995,      5.5973,     11.1946,      1.7630,     28.5632,     57.1264,      0.0193,      0.0029,      0.2500,      0.2036,   7798.2471,-495063.5000,  -1023.9749,    547.3868,  25994.1562,
       1,     169,      38,      16,       1,       3,       1,     10.0000,      1.4028,     42.6389,    249.2310,     62.7222,      3.4953,      0.1931,      0.1594,     75.4557,      0.2023,      5.5973,     11.1946,      1.7875,     28.5632,     57.1264,      0.0193,      0.0037,      0.2500,      0.2036,   7798.2471,-500240.0312,  -1025.4440,    547.0328,  25994.1562,
       1,     169,      38,      17,       1,       3,       1,     10.0000,      1.4028,     42.6389,    249.2310,     62.7222,      3.4953,      0.1868,      0.1534,     88.8418,      0.1956,      5.5973,     11.1946,      1.7285,     28.5632,     57.1264,      0.0193,      0.0045,      0.2393,      0.2036,   7798.2471,-519906.4062,  -1030.6871,    545.6880,  25994.1523,
       1,     169,      38,      18,       1,       3,       1,     10.0000,      1.4028,     42.6389,    249.2310,     62.7222,      3.4953,      0.1497,      0.1165,     71.4659,      0.1869,      5.5973,     11.1946,      1.6515,     28.5632,     57.1264,      0.0193,      0.0047,      0.1872,      0.2036,   7798.2461,-538307.7500,  -1035.7017,    544.4346,  25994.1543,
       1,     169,      38,      19,       1,       3,       1,     10.0000,      1.4028,     42.6389,    249.2310,     62.7222,      3.4953,      0.1189,      0.0860,     54.9293,      0.1762,      5.5973,     11.1946,      1.5574,     28.5632,     57.1264,      0.0193,      0.0047,      0.1444,      0.2036,   7798.2466,-518190.3750,  -1030.8162,    545.8051,  25994.1523,
       1,     169,      38,      20,       1,       3,       1,     10.0000,      1.4028,     42.6389,    249.2310,     62.7222,      3.4953,      0.0132,     -0.0193,      5.9943,      0.1658,      5.5973,     11.1946,      1.4654,     28.5632,     57.1264,      0.0193,      0.0047,      0.0156,      0.2036,   7798.2461,-495828.8125,  -1025.2610,    547.3325,  25994.1523,
       1,     169,      38,      21,       1,       3,       1,     10.0000,      1.4028,     42.6389,    249.2310,     62.7222,      3.4953,      0.0000,     -0.0324,      6.1168,      0.1624,      5.5973,     11.1946,      1.4349,     28.5632,     57.1264,      0.0193,      0.0048,      0.0156,      0.2036,   7798.2461,-432854.7812,  -1009.0490,    551.6431,  25994.1523,
       1,     169,      38,      22,       1,       3,       1,     10.0000,      1.4028,     42.6389,    249.2310,     62.7222,      3.4953,      0.0000,     -0.0324,      6.0967,      0.1614,      5.5973,     11.1946,      1.4263,     28.5632,     57.1264,      0.0193,      0.0048,      0.0156,      0.2037,   7798.2461,-427651.0938,  -1007.6844,    552.0189,  25994.1523,
       1,     169,      38,      23,       1,       3,       1,     10.0000,      1.4028,     42.6389,    249.2310,     62.7222,      3.4953,      0.0000,     -0.0324,      6.1541,      0.1625,      5.5973,     11.1946,      1.4363,     28.5632,     57.1264,      0.0193,      0.0048,      0.0156,      0.2037,   7798.2461,-427157.5938,  -1007.5390,    552.0530,  25994.1523,
       1,     169,      38,      24,       1,       3,       1,     10.0000,      1.4028,     42.6389,    249.2310,     62.7222,      3.4953,      0.0000,     -0.0324,      5.4501,      0.1624,      5.5973,     11.1946,      1.4349,     28.5632,     57.1264,      0.0193,      0.0043,      0.0156,      0.2037,   7798.2461,-427186.5625,  -1007.5292,    552.0511,  25994.1523,
       1,     169,      39,       1,       1,       3,       1,     10.0000,      1.4029,     42.6392,    249.2368,     62.7237,      3.4953,      0.0000,     -0.0324,      4.6788,      0.1635,      5.5972,     11.1944,      1.4450,     28.5691,     57.1383,      0.0193,      0.0037,      0.0156,      0.2037,   7798.2461,-426464.9375,  -1007.6989,    552.1136,  25995.3066,
       1,     169,      39,       2,       1,       3,       1,     10.0000,      1.4029,     42.6392,    249.2368,     62.7237,      3.4953,      0.0000,     -0.0324,      4.0526,      0.1624,      5.5972,     11.1944,      1.4349,     28.5691,     57.1383,      0.0193,      0.0032,      0.0156,      0.2037,   7798.5923,-425290.5312,  -1007.0134,    552.1948,  25995.3066,
       1,     169,      39,       3,       1,       3,       1,     10.0000,      1.4029,     42.6392,    249.2368,     62.7237,      3.4953,      0.0000,     -0.0323,      3.6771,      0.1596,      5.5972,     11.1944,      1.4107,     28.5691,     57.1383,      0.0193,      0.0029,      0.0156,      0.2037,   7798.5923,-424409.0000,  -1006.7747,    552.2556,  25995.3066,
       1,     169,      39,       4,       1,       3,       1,     10.0000,      1.4029,     42.6392,    249.2368,     62.7237,      3.4953,      0.0000,     -0.0323,      3.6435,      0.1587,      5.5972,     11.1944,      1.4022,     28.5691,     57.1383,      0.0193,      0.0029,      0.0156,      0.2037,   7798.5923,-423865.1250,  -1006.6248,    552.2932,  25995.3066,
       1,     169,      39,       5,       1,       3,       1,     10.0000,      1.4029,     42.6392,    249.2368,     62.7237,      3.4953,      0.0000,     -0.0321,      3.4207,      0.1552,      5.5972,     11.1944,      1.3716,     28.5691,     57.1383,      0.0193,      0.0027,      0.0156,      0.2037,   7798.5923,-423776.5000,  -1006.5931,    552.2993,  25995.3066,
       1,     169,      39,       6,       1,       3,       1,     10.0000,      1.4029,     42.6392,    249.2368,     62.7237,      3.4953,      0.0000,     -0.0320,      3.1097,      0.1517,      5.5972,     11.1944,      1.3402,     28.5691,     57.1383,      0.0193,      0.0024,      0.0156,      0.2037,   7798.5923,-423491.1250,  -1006.5113,    552.3190,  25995.3066,
       1,     169,      39,       7,       1,       3,       1,     10.0000,      1.4029,     42.6392,    249.2368,     62.7237,      3.4953,      0.0000,     -0.0322,      3.1866,      0.1560,      5.5972,     11.1944,      1.3785,     28.5691,     57.1383,      0.0193,      0.0025,      0.0156,      0.2037,   7798.5923,-423079.0000,  -1006.3974,    552.3474,  25995.3066,
       1,     169,      39,       8,       1,       3,       1,     10.0000,      1.4029,     42.6392,    249.2368,     62.7237,      3.4953,      0.0007,     -0.0315,      3.0006,      0.1562,      5.5972,     11.1944,      1.3799,     28.5691,     57.1383,      0.0193,      0.0024,      0.0156,      0.2037,   7798.5923,-423139.5312,  -1006.4059,    552.3433,  25995.3066,
       1,     169,      39,       9,       1,       3,       1,     10.0000,      1.4029,     42.6392,    249.2368,     62.7237,      3.4953,      0.0710,      0.0387,     15.4869,      0.1611,      5.5972,     11.1944,      1.4234,     28.5691,     57.1383,      0.0193,      0.0024,      0.0799,      0.2037,   7798.5923,-422912.7500,  -1006.3400,    552.3589,  25995.3066,
       1,     169,      39,      10,       1,       3,       1,     10.0000,      1.4029,     42.6392,    249.2368,     62.7237,      3.4953,      0.1597,      0.1269,     36.6524,      0.1747,      5.5972,     11.1944,      1.5435,     28.5691,     57.1383,      0.0193,      0.0022,      0.2057,      0.2037,   7798.5923,-438455.0000,  -1010.3740,    551.2858,  25995.3066,
       1,     169,      39,      11,       1,       3,       1,     10.0000,      1.4029,     42.6392,    249.2368,     62.7237,      3.4953,      0.1851,      0.1518,     39.1814,      0.1905,      5.5972,     11.1944,      1.6829,     28.5691,     57.1383,      0.0193,      0.0020,      0.2424,      0.2037,   7798.5923,-466179.5312,  -1017.5840,    549.3762,  25995.3066,
       1,     169,      39,      12,       1,       3,       1,     10.0000,      1.4029,     42.6392,    249.2368,     62.7237,      3.4953,      0.1911,      0.1575,     49.2273,      0.1981,      5.5972,     11.1944,      1.7509,     28.5691,     57.1383,      0.0193,      0.0024,      0.2500,      0.2037,   7798.5923,-471724.4688,  -1019.0676,    548.9988,  25995.3066,
       1,     169,      39,      13,       1,       3,       1,     10.0000,      1.4029,     42.6392,    249.2368,     62.7237,      3.4953,      0.1911,      0.1574,     50.3969,      0.2051,      5.5972,     11.1944,      1.8124,     28.5691,     57.1383,      0.0193,      0.0025,      0.2500,      0.2037,   7798.5923,-484725.9062,  -1022.5003,    548.1068,  25995.3066,
       1,     169,      39,      14,       1,       3,       1,     10.0000,      1.4029,     42.6392,    249.2368,     62.7237,      3.4953,      0.1916,      0.1577,     56.5613,      0.2094,      5.5972,     11.1944,      1.8503,     28.5691,     57.1383,      0.0193,      0.0028,      0.2500,      0.2036,   7798.5923,-487302.6250,  -1023.2650,    547.9309,  25995.3027,
       1,     169,      39,      15,       1,       3,       1,     10.0000,      1.4029,     42.6392,    249.2368,     62.7237,      3.4953,      0.1924,      0.1586,     67.5121,      0.2094,      5.5972,     11.1944,      1.8503,     28.5691,     57.1383,      0.0193,      0.0033,      0.2500,      0.2036,   7798.5913,-495213.3125,  -1025.4304,    547.3891,  25995.3066,
       1,     169,      39,      16,       1,       3,       1,     10.0000,      1.4029,     42.6392,    249.2368,     62.7237,      3.4953,      0.1941,      0.1603,     88.5847,      0.2069,      5.5972,     11.1944,      1.8286,     28.5691,     57.1383,      0.0193,      0.0043,      0.2500,      0.2036,   7798.5923,-509554.9688,  -1029.3030,    546.4081,  25995.3047,
       1,     169,      39,      17,       1,       3,       1,     10.0000,      1.4029,     42.6392,    249.2368,     62.7237,      3.4953,      0.1793,      0.1458,     88.6677,      0.1987,      5.5972,     11.1944,      1.7561,     28.5691,     57.1383,      0.0193,      0.0047,      0.2284,      0.2036,   7798.5918,-537084.4375,  -1036.6785,    544.5286,  25995.3027,
       1,     169,      39,      18,       1,       3,       1,     10.0000,      1.4029,     42.6392,    249.2368,     62.7237,      3.4953,      0.1615,      0.1282,     81.1634,      0.1895,      5.5972,     11.1944,      1.6746,     28.5691,     57.1383,      0.0193,      0.0049,      0.2032,      0.2036,   7798.5913,-539557.0000,  -1037.6552,    544.3635,  25995.3027,
       1,     169,      39,      19,       1,       3,       1,     10.0000,      1.4029,     42.6392,    249.2368,     62.7237,      3.4953,      0.1085,      0.0756,     53.2913,      0.1773,      5.5972,     11.1944,      1.5667,     28.5691,     57.1383,      0.0193,      0.0050,      0.1295,      0.2036,   7798.5913,-530395.4375,  -1035.6136,    544.9870,  25995.3008,
       1,     169,      39,      20,       1,       3,       1,     10.0000,      1.4029,     42.6392,    249.2368,     62.7237,      3.4953,      0.0146,     -0.0181,      6.9301,      0.1699,      5.5972,     11.1944,      1.5010,     28.5691,     57.1383,      0.0193,      0.0054,      0.0156,      0.2036,   7798.5903,-494817.5625,  -1026.6272,    547.4111,  25995.3008,
       1,     169,      39,      21,       1,       3,       1,     10.0000,      1.4029,     42.6392,    249.2368,     62.7237,      3.4953,      0.0000,     -0.0324,      6.9437,      0.1619,      5.5972,     11.1944,      1.4306,     28.5691,     57.1383,      0.0193,      0.0054,      0.0156,      0.2036,   7798.5903,-433943.0000,  -1010.8588,    551.5819,  25995.2988,
       1,     169,      39,      22,       1,       3,       1,     10.0000,      1.4029,     42.6392,    249.2368,     62.7237,      3.4953,      0.0000,     -0.0323,      6.3526,      0.1603,      5.5972,     11.1944,      1.4163,     28.5691,     57.1383,      0.0193,      0.0050,      0.0156,      0.2037,   7798.5898,-428777.1562,  -1009.5026,    551.9540,  25995.2988,
       1,     169,      39,      23,       1,       3,       1,     10.0000,      1.4029,     42.6392,    249.2368,     62.7237,      3.4953,      0.0000,     -0.0323,      6.0231,      0.1603,      5.5972,     11.1944,      1.4163,     28.5691,     57.1383,      0.0193,      0.0047,      0.0156,      0.2037,   7798.5898,-427576.5938,  -1009.1791,    552.0369,  25995.2988,
       1,     169,      39,      24,       1,       3,       1,     10.0000,      1.4029,     42.6392,    249.2368,     62.7237,      3.4953,      0.0000,     -0.0322,      5.0805,      0.1579,      5.5972,     11.1944,      1.3952,     28.5691,     57.1383,      0.0193,      0.0040,      0.0156,      0.2037,   7798.5898,-427062.5625,  -1009.0352,    552.0724,  25995.2988,
       1,     169,      40,       1,       1,       3,       1,     10.0000,      1.4029,     42.6396,    249.2426,     62.7251,      3.4953,      0.0000,     -0.0322,      4.3067,      0.1566,      5.5971,     11.1942,      1.3841,     28.5747,     57.1494,      0.0193,      0.0034,      0.0156,      0.2037,   7798.5898,-425996.9375,  -1009.1220,    552.1588,  25996.4531,
       1,     169,      40,       2,       1,       3,       1,     10.0000,      1.4029,     42.6396,    249.2426,     62.7251,      3.4953,      0.0000,     -0.0322,      3.5273,      0.1560,      5.5971,     11.1942,      1.3785,     28.5747,     57.1494,      0.0193,      0.0028,      0.0156,      0.2037,   7798.9360,-424789.5625,  -1008.4285,    552.2422,  25996.4531,
       1,     169,      40,       3,       1,       3,       1,     10.0000,      1.4029,     42.6396,    249.2426,     62.7251,      3.4953,      0.0000,     -0.0322,      3.3415,      0.1569,      5.5971,     11.1942,      1.3868,     28.5747,     57.1494,      0.0193,      0.0026,      0.0156,      0.2037,   7798.9360,-423714.2812,  -1008.1428,    552.3165,  25996.4531,
       1,     169,      40,       4,       1,       3,       1,     10.0000,      1.4029,     42.6396,    249.2426,     62.7251,      3.4953,      0.0000,     -0.0323,      3.1688,      0.1584,      5.5971,     11.1942,      1.3994,     28.5747,     57.1494,      0.0193,      0.0025,      0.0156,      0.2037,   7798.9360,-423390.2500,  -1008.0536,    552.3388,  25996.4531,
       1,     169,      40,       5,       1,       3,       1,     10.0000,      1.4029,     42.6396,    249.2426,     62.7251,      3.4953,      0.0000,     -0.0322,      2.9098,      0.1574,      5.5971,     11.1942,      1.3910,     28.5747,     57.1494,      0.0193,      0.0023,      0.0156,      0.2037,   7798.9360,-423147.2188,  -1007.9860,    552.3556,  25996.4531,
       1,     169,      40,       6,       1,       3,       1,     10.0000,      1.4029,     42.6396,    249.2426,     62.7251,      3.4953,      0.0000,     -0.0322,      2.6056,      0.1557,      5.5971,     11.1942,      1.3757,     28.5747,     57.1494,      0.0193,      0.0020,      0.0156,      0.2037,   7798.9360,-422803.5312,  -1007.8925,    552.3793,  25996.4531,
       1,     169,      40,       7,       1,       3,       1,     10.0000,      1.4029,     42.6396,    249.2426,     62.7251,      3.4953,      0.0000,     -0.0319,      2.3439,      0.1482,      5.5971,     11.1942,      1.3096,     28.5747,     57.1494,      0.0193,      0.0018,      0.0156,      0.2037,   7798.9360,-422394.7812,  -1007.7828,    552.4075,  25996.4512,
       1,     169,      40,       8,       1,       3,       1,     10.0000,      1.4029,     42.6396,    249.2426,     62.7251,      3.4953,      0.0005,     -0.0313,      2.3086,      0.1469,      5.5971,     11.1942,      1.2977,     28.5747,     57.1494,      0.0193,      0.0018,      0.0156,      0.2037,   7798.9355,-422034.0938,  -1007.6867,    552.4324,  25996.4512,
       1,     169,      40,       9,       1,       3,       1,     10.0000,      1.4029,     42.6396,    249.2426,     62.7251,      3.4953,      0.0627,      0.0308,     10.3460,      0.1491,      5.5971,     11.1942,      1.3175,     28.5747,     57.1494,      0.0193,      0.0018,      0.0688,      0.2037,   7798.9355,-421958.9688,  -1007.6640,    552.4377,  25996.4512,
       1,     169,      40,      10,       1,       3,       1,     10.0000,      1.4029,     42.6396,    249.2426,     62.7251,      3.4953,      0.1503,      0.1176,     29.7703,      0.1721,      5.5971,     11.1942,      1.5206,     28.5747,     57.1494,      0.0193,      0.0019,      0.1928,      0.2037,   7798.9355,-431968.1250,  -1010.2792,    551.7465,  25996.4512,
       1,     169,      40,      11,       1,       3,       1,     10.0000,      1.4029,     42.6396,    249.2426,     62.7251,      3.4953,      0.1904,      0.1573,     39.1936,      0.1829,      5.5971,     11.1942,      1.6158,     28.5747,     57.1494,      0.0193,      0.0019,      0.2500,      0.2037,   7798.9355,-457039.3438,  -1016.8405,    550.0178,  25996.4512,
       1,     169,      40,      12,       1,       3,       1,     10.0000,      1.4029,     42.6396,    249.2426,     62.7251,      3.4953,      0.1900,      0.1567,     34.7186,      0.1897,      5.5971,     11.1942,      1.6763,     28.5747,     57.1494,      0.0193,      0.0017,      0.2500,      0.2037,   7798.9355,-470950.6562,  -1020.5058,    549.0641,  25996.4512,
       1,     169,      40,      13,       1,       3,       1,     10.0000,      1.4029,     42.6396,    249.2426,     62.7251,      3.4953,      0.1895,      0.1558,     29.5241,      0.2027,      5.5971,     11.1942,      1.7911,     28.5747,     57.1494,      0.0193,      0.0014,      0.2500,      0.2037,   7798.9355,-466563.6250,  -1019.4113,    549.3660,  25996.4531,
       1,     169,      40,      14,       1,       3,       1,     10.0000,      1.4029,     42.6396,    249.2426,     62.7251,      3.4953,      0.1895,      0.1556,     31.0033,      0.2125,      5.5971,     11.1942,      1.8779,     28.5747,     57.1494,      0.0193,      0.0015,      0.2500,      0.2037,   7798.9360,-459708.5938,  -1017.6594,    549.8368,  25996.4512,
       1,     169,      40,      15,       1,       3,       1,     10.0000,      1.4029,     42.6396,    249.2426,     62.7251,      3.4953,      0.1912,      0.1573,     57.6708,      0.2134,      5.5971,     11.1942,      1.8853,     28.5747,     57.1494,      0.0193,      0.0028,      0.2494,      0.2037,   7798.9355,-460965.2812,  -1018.0158,    549.7506,  25996.4512,
       1,     169,      40,      16,       1,       3,       1,     10.0000,      1.4029,     42.6396,    249.2426,     62.7251,      3.4953,      0.1929,      0.1590,     73.2177,      0.2096,      5.5971,     11.1942,      1.8522,     28.5747,     57.1494,      0.0193,      0.0036,      0.2500,      0.2037,   7798.9355,-494323.3750,  -1026.7867,    547.4584,  25996.4512,
       1,     169,      40,      17,       1,       3,       1,     10.0000,      1.4029,     42.6396,    249.2426,     62.7251,      3.4953,      0.1915,      0.1579,     83.3433,      0.2011,      5.5971,     11.1942,      1.7771,     28.5747,     57.1494,      0.0193,      0.0041,      0.2467,      0.2037,   7798.9355,-516595.1250,  -1032.7615,    545.9390,  25996.4492,
       1,     169,      40,      18,       1,       3,       1,     10.0000,      1.4029,     42.6396,    249.2426,     62.7251,      3.4953,      0.1791,      0.1457,     94.2574,      0.1933,      5.5971,     11.1942,      1.7081,     28.5747,     57.1494,      0.0193,      0.0051,      0.2274,      0.2036,   7798.9351,-531141.3750,  -1036.8203,    544.9485,  25996.4492,
       1,     169,      40,      19,       1,       3,       1,     10.0000,      1.4029,     42.6396,    249.2426,     62.7251,      3.4953,      0.0983,      0.0652,     49.7335,      0.1845,      5.5971,     11.1942,      1.6304,     28.5747,     57.1494,      0.0193,      0.0053,      0.1150,      0.2036,   7798.9351,-546011.1875,  -1041.0359,    543.9364,  25996.4473,
       1,     169,      40,      20,       1,       3,       1,     10.0000,      1.4029,     42.6396,    249.2426,     62.7251,      3.4953,      0.0118,     -0.0208,      6.7146,      0.1690,      5.5971,     11.1942,      1.4935,     28.5747,     57.1494,      0.0193,      0.0053,      0.0156,      0.2036,   7798.9346,-491697.9688,  -1027.1570,    547.6302,  25996.4453,
       1,     169,      40,      21,       1,       3,       1,     10.0000,      1.4029,     42.6396,    249.2426,     62.7251,      3.4953,      0.0000,     -0.0324,      6.5992,      0.1634,      5.5971,     11.1942,      1.4436,     28.5747,     57.1494,      0.0193,      0.0052,      0.0156,      0.2037,   7798.9341,-433420.8438,  -1011.9857,    551.6321,  25996.4453,
       1,     169,      40,      22,       1,       3,       1,     10.0000,      1.4029,     42.6396,    249.2426,     62.7251,      3.4953,      0.0000,     -0.0324,      6.1808,      0.1619,      5.5971,     11.1942,      1.4306,     28.5747,     57.1494,      0.0193,      0.0048,      0.0156,      0.2037,   7798.9341,-428303.9688,  -1010.6401,    551.9995,  25996.4453,
       1,     169,      40,      23,       1,       3,       1,     10.0000,      1.4029,     42.6396,    249.2426,     62.7251,      3.4953,      0.0000,     -0.0324,      5.9255,      0.1616,      5.5971,     11.1942,      1.4278,     28.5747,     57.1494,      0.0193,      0.0046,      0.0156,      0.2037,   7798.9341,-427324.6250,  -1010.3776,    552.0673,  25996.4453,
       1,     169,      40,      24,       1,       3,       1,     10.0000,      1.4029,     42.6396,    249.2426,     62.7251,      3.4953,      0.0000,     -0.0323,      4.9740,      0.1603,      5.5971,     11.1942,      1.4164,     28.5747,     57.1494,      0.0193,      0.0039,      0.0156,      0.2037,   7798.9341,-426922.0625,  -1010.2667,    552.0950,  25996.4453,
       1,     169,      41,       1,       1,       3,       1,     10.0000,      1.4029,     42.6399,    249.2485,     62.7267,      3.4953,      0.0000,     -0.0323,      4.1656,      0.1606,      5.5979,     11.1957,      1.4192,     28.5804,     57.1608,      0.0193,      0.0033,      0.0156,      0.2038,   7798.9341,-425855.0625,  -1010.3574,    552.1815,  25997.5996,
       1,     169,      41,       2,       1,       3,       1,     10.0000,      1.4029,     42.6399,    249.2485,     62.7267,      3.4953,      0.0000,     -0.0323,      3.7782,      0.1603,      5.5979,     11.1957,      1.4164,     28.5804,     57.1608,      0.0193,      0.0030,      0.0156,      0.2038,   7799.2803,-424604.6875,  -1009.6526,    552.2678,  25997.5996,
       1,     169,      41,       3,       1,       3,       1,     10.0000,      1.4029,     42.6399,    249.2485,     62.7267,      3.4953,      0.0000,     -0.0323,      3.3630,      0.1595,      5.5979,     11.1957,      1.4093,     28.5804,     57.1608,      0.0193,      0.0026,      0.0156,      0.2038,   7799.2803,-424014.3750,  -1009.4948,    552.3086,  25997.5996,
       1,     169,      41,       4,       1,       3,       1,     10.0000,      1.4029,     42.6399,    249.2485,     62.7267,      3.4953,      0.0000,     -0.0322,      3.4118,      0.1581,      5.5979,     11.1957,      1.3966,     28.5804,     57.1608,      0.0193,      0.0027,      0.0156,      0.2038,   7799.2803,-423446.1562,  -1009.3436,    552.3478,  25997.5996,
       1,     169,      41,       5,       1,       3,       1,     10.0000,      1.4029,     42.6399,    249.2485,     62.7267,      3.4953,      0.0000,     -0.0323,      3.2470,      0.1595,      5.5979,     11.1957,      1.4093,     28.5804,     57.1608,      0.0193,      0.0025,      0.0156,      0.2038,   7799.2803,-423458.2500,  -1009.3440,    552.3470,  25997.5996,
       1,     169,      41,       6,       1,       3,       1,     10.0000,      1.4029,     42.6399,    249.2485,     62.7267,      3.4953,      0.0000,     -0.0324,      3.0952,      0.1626,      5.5979,     11.1957,      1.4364,     28.5804,     57.1608,      0.0193,      0.0024,      0.0156,      0.2038,   7799.2803,-423253.8438,  -1009.2880,    552.3611,  25997.5996,
       1,     169,      41,       7,       1,       3,       1,     10.0000,      1.4029,     42.6399,    249.2485,     62.7267,      3.4953,      0.0000,     -0.0324,      3.0015,      0.1617,      5.5979,     11.1957,      1.4292,     28.5804,     57.1608,      0.0193,      0.0024,      0.0156,      0.2038,   7799.2803,-423047.1250,  -1009.2317,    552.3754,  25997.5996,
       1,     169,      41,       8,       1,       3,       1,     10.0000,      1.4029,     42.6399,    249.2485,     62.7267,      3.4953,      0.0009,     -0.0314,      2.7244,      0.1597,      5.5979,     11.1957,      1.4107,     28.5804,     57.1608,      0.0193,      0.0021,      0.0156,      0.2038,   7799.2803,-422912.5312,  -1009.1944,    552.3846,  25997.5996,
       1,     169,      41,       9,       1,       3,       1,     10.0000,      1.4029,     42.6399,    249.2485,     62.7267,      3.4953,      0.0872,      0.0549,     18.8112,      0.1600,      5.5979,     11.1957,      1.4136,     28.5804,     57.1608,      0.0193,      0.0022,      0.1029,      0.2038,   7799.2803,-422555.8438,  -1009.0989,    552.4094,  25997.5977,
       1,     169,      41,      10,       1,       3,       1,     10.0000,      1.4029,     42.6399,    249.2485,     62.7267,      3.4953,      0.1643,      0.1316,     38.4181,      0.1694,      5.5979,     11.1957,      1.4965,     28.5804,     57.1608,      0.0193,      0.0022,      0.2121,      0.2038,   7799.2798,-442569.1875,  -1014.3613,    551.0273,  25997.5977,
       1,     169,      41,      11,       1,       3,       1,     10.0000,      1.4029,     42.6399,    249.2485,     62.7267,      3.4953,      0.1908,      0.1576,     49.0241,      0.1873,      5.5979,     11.1957,      1.6549,     28.5804,     57.1608,      0.0193,      0.0024,      0.2495,      0.2037,   7799.2798,-468732.9062,  -1021.2556,    549.2270,  25997.5977,
       1,     169,      41,      12,       1,       3,       1,     10.0000,      1.4029,     42.6399,    249.2485,     62.7267,      3.4953,      0.1914,      0.1577,     53.5538,      0.2041,      5.5979,     11.1957,      1.8036,     28.5804,     57.1608,      0.0193,      0.0026,      0.2500,      0.2037,   7799.2798,-484210.9062,  -1025.3846,    548.1672,  25997.5957,
       1,     169,      41,      13,       1,       3,       1,     10.0000,      1.4029,     42.6399,    249.2485,     62.7267,      3.4953,      0.1915,      0.1577,     55.9856,      0.2088,      5.5979,     11.1957,      1.8450,     28.5804,     57.1608,      0.0193,      0.0027,      0.2500,      0.2037,   7799.2788,-491188.1562,  -1027.3296,    547.6902,  25997.5977,
       1,     169,      41,      14,       1,       3,       1,     10.0000,      1.4029,     42.6399,    249.2485,     62.7267,      3.4953,      0.1927,      0.1588,     70.5320,      0.2092,      5.5979,     11.1957,      1.8486,     28.5804,     57.1608,      0.0193,      0.0035,      0.2500,      0.2037,   7799.2798,-494818.4375,  -1028.4203,    547.4418,  25997.5957,
       1,     169,      41,      15,       1,       3,       1,     10.0000,      1.4029,     42.6399,    249.2485,     62.7267,      3.4953,      0.1943,      0.1605,     91.7995,      0.2092,      5.5979,     11.1957,      1.8486,     28.5804,     57.1608,      0.0193,      0.0045,      0.2500,      0.2037,   7799.2788,-513274.6250,  -1033.4332,    546.1790,  25997.5977,
       1,     169,      41,      16,       1,       3,       1,     10.0000,      1.4029,     42.6399,    249.2485,     62.7267,      3.4953,      0.1966,      0.1628,    121.0962,      0.2082,      5.5979,     11.1957,      1.8395,     28.5804,     57.1608,      0.0193,      0.0059,      0.2500,      0.2037,   7799.2798,-541396.3750,  -1041.0748,    544.2604,  25997.5977,
       1,     169,      41,      17,       1,       3,       1,     10.0000,      1.4029,     42.6399,    249.2485,     62.7267,      3.4953,      0.1966,      0.1630,    144.6329,      0.2009,      5.5979,     11.1957,      1.7753,     28.5804,     57.1608,      0.0193,      0.0072,      0.2472,      0.2036,   7799.2798,-580385.7500,  -1051.7179,    541.6113,  25997.5977,
       1,     169,      41,      18,       1,       3,       1,     10.0000,      1.4029,     42.6399,    249.2485,     62.7267,      3.4953,      0.1523,      0.1188,    110.2192,      0.1974,      5.5979,     11.1957,      1.7440,     28.5804,     57.1608,      0.0193,      0.0072,      0.1866,      0.2036,   7799.2798,-613143.4375,  -1060.9135,    539.4000,  25997.5938,
       1,     169,      41,      19,       1,       3,       1,     10.0000,      1.4029,     42.6399,    249.2485,     62.7267,      3.4953,      0.1429,      0.1098,     90.0126,      0.1851,      5.5979,     11.1957,      1.6353,     28.5804,     57.1608,      0.0193,      0.0063,      0.1753,      0.2035,   7799.2783,-572947.7500,  -1050.9973,    542.1147,  25997.5918,
       1,     169,      41,      20,       1,       3,       1,     10.0000,      1.4029,     42.6399,    249.2485,     62.7267,      3.4953,      0.0176,     -0.0151,      1.8696,      0.1697,      5.5979,     11.1957,      1.4995,     28.5804,     57.1608,      0.0193,      0.0061,      0.0038,      0.2036,   7799.2778,-544284.6250,  -1043.9366,    544.0639,  25997.5898,
       1,     169,      41,      21,       1,       3,       1,     10.0000,      1.4029,     42.6399,    249.2485,     62.7267,      3.4953,      0.0000,     -0.0324,      7.9941,      0.1626,      5.5979,     11.1957,      1.4364,     28.5804,     57.1608,      0.0193,      0.0063,      0.0156,      0.2036,   7799.2773,-431799.9375,  -1014.4788,    551.7172,  25997.5898,
       1,     169,      41,      22,       1,       3,       1,     10.0000,      1.4029,     42.6399,    249.2485,     62.7267,      3.4953,      0.0000,     -0.0324,      7.4189,      0.1630,      5.5979,     11.1957,      1.4407,     28.5804,     57.1608,      0.0193,      0.0058,      0.0156,      0.2037,   7799.2773,-429955.0938,  -1013.9898,    551.8986,  25997.5898,
       1,     169,      41,      23,       1,       3,       1,     10.0000,      1.4029,     42.6399,    249.2485,     62.7267,      3.4953,      0.0000,     -0.0323,      8.8222,      0.1605,      5.5979,     11.1957,      1.4178,     28.5804,     57.1608,      0.0193,      0.0069,      0.0156,      0.2037,   7799.2773,-429012.2500,  -1013.7375,    551.9637,  25997.5898,
       1,     169,      41,      24,       1,       3,       1,     10.0000,      1.4029,     42.6399,    249.2485,     62.7267,      3.4953,      0.0000,     -0.0322,      7.9671,      0.1565,      5.5979,     11.1957,      1.3827,     28.5804,     57.1608,      0.0193,      0.0062,      0.0156,      0.2038,   7799.2773,-430679.7812,  -1014.1752,    551.8486,  25997.5898,
       1,     169,      42,       1,       1,       3,       1,     10.0000,      1.4029,     42.6402,    249.2543,     62.7280,      3.4953,      0.0000,     -0.0322,      7.0766,      0.1554,      5.5971,     11.1943,      1.3730,     28.5878,     57.1756,      0.0193,      0.0055,      0.0156,      0.2038,   7799.2773,-429910.7812,  -1014.3475,    551.9144,  25998.7441,
       1,     169,      42,       2,       1,       3,       1,     10.0000,      1.4029,     42.6402,    249.2543,     62.7280,      3.4953,      0.0000,     -0.0320,      6.3339,      0.1520,      5.5971,     11.1943,      1.3430,     28.5878,     57.1756,      0.0193,      0.0050,      0.0156,      0.2038,   7799.6235,-428583.8438,  -1013.6168,    552.0060,  25998.7441,
       1,     169,      42,       3,       1,       3,       1,     10.0000,      1.4029,     42.6402,    249.2543,     62.7280,      3.4953,      0.0000,     -0.0319,      6.7909,      0.1490,      5.5971,     11.1943,      1.3162,     28.5878,     57.1756,      0.0193,      0.0053,      0.0156,      0.2038,   7799.6235,-427544.2812,  -1013.3398,    552.0778,  25998.7441,
       1,     169,      42,       4,       1,       3,       1,     10.0000,      1.4029,     42.6402,    249.2543,     62.7280,      3.4953,      0.0000,     -0.0319,      7.2319,      0.1473,      5.5971,     11.1943,      1.3017,     28.5878,     57.1756,      0.0193,      0.0057,      0.0156,      0.2038,   7799.6235,-428024.3438,  -1013.4650,    552.0447,  25998.7441,
       1,     169,      42,       5,       1,       3,       1,     10.0000,      1.4029,     42.6402,    249.2543,     62.7280,      3.4953,      0.0000,     -0.0319,      6.4512,      0.1481,      5.5971,     11.1943,      1.3083,     28.5878,     57.1756,      0.0193,      0.0051,      0.0156,      0.2038,   7799.6235,-428615.0625,  -1013.6193,    552.0039,  25998.7441,
       1,     169,      42,       6,       1,       3,       1,     10.0000,      1.4029,     42.6402,    249.2543,     62.7280,      3.4953,      0.0000,     -0.0318,      6.2876,      0.1457,      5.5971,     11.1943,      1.2874,     28.5878,     57.1756,      0.0193,      0.0049,      0.0156,      0.2038,   7799.6235,-427693.0625,  -1013.3736,    552.0675,  25998.7422,
       1,     169,      42,       7,       1,       3,       1,     10.0000,      1.4029,     42.6402,    249.2543,     62.7280,      3.4953,      0.0000,     -0.0318,      5.9443,      0.1460,      5.5971,     11.1943,      1.2900,     28.5878,     57.1756,      0.0193,      0.0047,      0.0156,      0.2038,   7799.6230,-427410.3438,  -1013.2984,    552.0870,  25998.7422,
       1,     169,      42,       8,       1,       3,       1,     10.0000,      1.4029,     42.6402,    249.2543,     62.7280,      3.4953,      0.0009,     -0.0310,      5.4859,      0.1479,      5.5971,     11.1943,      1.3070,     28.5878,     57.1756,      0.0193,      0.0043,      0.0156,      0.2038,   7799.6230,-426958.3125,  -1013.1776,    552.1182,  25998.7422,
       1,     169,      42,       9,       1,       3,       1,     10.0000,      1.4029,     42.6402,    249.2543,     62.7280,      3.4953,      0.0780,      0.0460,     31.8420,      0.1511,      5.5971,     11.1943,      1.3349,     28.5878,     57.1756,      0.0193,      0.0044,      0.0884,      0.2038,   7799.6230,-426348.3438,  -1013.0151,    552.1603,  25998.7422,
       1,     169,      42,      10,       1,       3,       1,     10.0000,      1.4029,     42.6402,    249.2543,     62.7280,      3.4953,      0.1657,      0.1333,     78.0381,      0.1605,      5.5971,     11.1943,      1.4178,     28.5878,     57.1756,      0.0193,      0.0046,      0.2096,      0.2038,   7799.6230,-459133.3750,  -1021.7221,    549.8975,  25998.7422,
       1,     169,      42,      11,       1,       3,       1,     10.0000,      1.4029,     42.6402,    249.2543,     62.7280,      3.4953,      0.1940,      0.1615,     93.6879,      0.1640,      5.5971,     11.1943,      1.4494,     28.5878,     57.1756,      0.0193,      0.0046,      0.2488,      0.2037,   7799.6230,-519549.3125,  -1037.8086,    545.7493,  25998.7402,
       1,     169,      42,      12,       1,       3,       1,     10.0000,      1.4029,     42.6402,    249.2543,     62.7280,      3.4953,      0.1948,      0.1619,     94.5550,      0.1777,      5.5971,     11.1943,      1.5700,     28.5878,     57.1756,      0.0193,      0.0046,      0.2500,      0.2037,   7799.6226,-544300.8125,  -1044.6428,    544.0764,  25998.7422,
       1,     169,      42,      13,       1,       3,       1,     10.0000,      1.4029,     42.6402,    249.2543,     62.7280,      3.4953,      0.1946,      0.1618,     92.3169,      0.1743,      5.5971,     11.1943,      1.5405,     28.5878,     57.1756,      0.0193,      0.0045,      0.2500,      0.2037,   7799.6230,-547492.0000,  -1045.8669,    543.8619,  25998.7441,
       1,     169,      42,      14,       1,       3,       1,     10.0000,      1.4029,     42.6402,    249.2543,     62.7280,      3.4953,      0.1949,      0.1618,     96.4220,      0.1841,      5.5971,     11.1943,      1.6272,     28.5878,     57.1756,      0.0193,      0.0047,      0.2500,      0.2036,   7799.6235,-544968.2500,  -1045.5868,    544.0336,  25998.7402,
       1,     169,      42,      15,       1,       3,       1,     10.0000,      1.4029,     42.6402,    249.2543,     62.7280,      3.4953,      0.1951,      0.1621,     98.5604,      0.1812,      5.5971,     11.1943,      1.6015,     28.5878,     57.1756,      0.0193,      0.0048,      0.2500,      0.2037,   7799.6226,-549876.5000,  -1047.2803,    543.6998,  25998.7383,
       1,     169,      42,      16,       1,       3,       1,     10.0000,      1.4029,     42.6402,    249.2543,     62.7280,      3.4953,      0.1908,      0.1578,     99.3484,      0.1811,      5.5971,     11.1943,      1.5999,     28.5878,     57.1756,      0.0193,      0.0050,      0.2437,      0.2036,   7799.6216,-552966.9375,  -1048.5105,    543.4899,  25998.7383,
       1,     169,      42,      17,       1,       3,       1,     10.0000,      1.4029,     42.6402,    249.2543,     62.7280,      3.4953,      0.1665,      0.1334,     97.8827,      0.1847,      5.5971,     11.1943,      1.6321,     28.5878,     57.1756,      0.0193,      0.0057,      0.2086,      0.2036,   7799.6216,-554215.3125,  -1049.2657,    543.4052,  25998.7383,
       1,     169,      42,      18,       1,       3,       1,     10.0000,      1.4029,     42.6402,    249.2543,     62.7280,      3.4953,      0.1812,      0.1487,     93.8175,      0.1658,      5.5971,     11.1943,      1.4655,     28.5878,     57.1756,      0.0193,      0.0050,      0.2303,      0.2036,   7799.6216,-552492.1875,  -1049.2333,    543.5221,  25998.7363,
       1,     169,      42,      19,       1,       3,       1,     10.0000,      1.4029,     42.6402,    249.2543,     62.7280,      3.4953,      0.1280,      0.0954,     76.8807,      0.1692,      5.5971,     11.1943,      1.4951,     28.5878,     57.1756,      0.0193,      0.0061,      0.1553,      0.2036,   7799.6211,-547270.1250,  -1048.2552,    543.8769,  25998.7363,
       1,     169,      42,      20,       1,       3,       1,     10.0000,      1.4029,     42.6402,    249.2543,     62.7280,      3.4953,      0.0245,     -0.0078,      6.4973,      0.1605,      5.5971,     11.1943,      1.4178,     28.5878,     57.1756,      0.0193,      0.0058,      0.0137,      0.2036,   7799.6211,-525681.8750,  -1042.8635,    545.3447,  25998.7324,
       1,     169,      42,      21,       1,       3,       1,     10.0000,      1.4029,     42.6402,    249.2543,     62.7280,      3.4953,      0.0000,     -0.0316,      7.2518,      0.1411,      5.5971,     11.1943,      1.2464,     28.5878,     57.1756,      0.0193,      0.0057,      0.0156,      0.2037,   7799.6201,-436014.2188,  -1019.1013,    551.4592,  25998.7344,
       1,     169,      42,      22,       1,       3,       1,     10.0000,      1.4029,     42.6402,    249.2543,     62.7280,      3.4953,      0.0000,     -0.0310,      7.6159,      0.1254,      5.5971,     11.1943,      1.1080,     28.5878,     57.1756,      0.0193,      0.0060,      0.0156,      0.2038,   7799.6206,-429370.6562,  -1017.9114,    551.9515,  25998.7344,
       1,     169,      42,      23,       1,       3,       1,     10.0000,      1.4029,     42.6402,    249.2543,     62.7280,      3.4953,      0.0000,     -0.0311,      5.5987,      0.1268,      5.5971,     11.1943,      1.1204,     28.5878,     57.1756,      0.0193,      0.0044,      0.0156,      0.2038,   7799.6206,-429210.7812,  -1017.8612,    551.9628,  25998.7344,
       1,     169,      42,      24,       1,       3,       1,     10.0000,      1.4029,     42.6402,    249.2543,     62.7280,      3.4953,      0.0000,     -0.0311,      5.8745,      0.1262,      5.5971,     11.1943,      1.1147,     28.5878,     57.1756,      0.0193,      0.0046,      0.0156,      0.2038,   7799.6206,-426683.4062,  -1017.1803,    552.1371,  25998.7344,
       1,     169,      43,       1,       1,       3,       1,     10.0000,      1.4029,     42.6406,    249.2601,     62.7296,      3.4953,      0.0000,     -0.0312,      5.4536,      0.1302,      5.5978,     11.1957,      1.1505,     28.5956,     57.1912,      0.0193,      0.0043,      0.0156,      0.2038,   7799.6206,-426962.6562,  -1018.1306,    552.1306,  25999.8848,
       1,     169,      43,       2,       1,       3,       1,     10.0000,      1.4029,     42.6406,    249.2601,     62.7296,      3.4953,      0.0000,     -0.0312,      4.6467,      0.1306,      5.5978,     11.1957,      1.1540,     28.5956,     57.1912,      0.0193,      0.0036,      0.0156,      0.2038,   7799.9658,-426311.7188,  -1018.5374,    552.1757,  25999.8848,
       1,     169,      43,       3,       1,       3,       1,     10.0000,      1.4029,     42.6406,    249.2601,     62.7296,      3.4953,      0.0000,     -0.0312,      1.9097,      0.1298,      5.5978,     11.1957,      1.1470,     28.5956,     57.1912,      0.0193,      0.0015,      0.0156,      0.2038,   7799.9658,-425250.3750,  -1018.2363,    552.2488,  25999.8848,
       1,     169,      43,       4,       1,       3,       1,     10.0000,      1.4029,     42.6406,    249.2601,     62.7296,      3.4953,      0.0000,     -0.0311,      1.7918,      0.1277,      5.5978,     11.1957,      1.1285,     28.5956,     57.1912,      0.0193,      0.0014,      0.0156,      0.2038,   7799.9658,-421749.5312,  -1017.2940,    552.4905,  25999.8848,
       1,     169,      43,       5,       1,       3,       1,     10.0000,      1.4029,     42.6406,    249.2601,     62.7296,      3.4953,      0.0000,     -0.0311,      1.8643,      0.1274,      5.5978,     11.1957,      1.1262,     28.5956,     57.1912,      0.0193,      0.0015,      0.0156,      0.2038,   7799.9658,-421301.6250,  -1017.1686,    552.5215,  25999.8848,
       1,     169,      43,       6,       1,       3,       1,     10.0000,      1.4029,     42.6406,    249.2601,     62.7296,      3.4953,      0.0000,     -0.0313,      1.8245,      0.1311,      5.5978,     11.1957,      1.1587,     28.5956,     57.1912,      0.0193,      0.0014,      0.0156,      0.2038,   7799.9658,-421353.3750,  -1017.1766,    552.5180,  25999.8848,
       1,     169,      43,       7,       1,       3,       1,     10.0000,      1.4029,     42.6406,    249.2601,     62.7296,      3.4953,      0.0000,     -0.0312,      1.5955,      0.1297,      5.5978,     11.1957,      1.1458,     28.5956,     57.1912,      0.0193,      0.0013,      0.0156,      0.2038,   7799.9658,-421308.1562,  -1017.1589,    552.5211,  25999.8848,
       1,     169,      43,       8,       1,       3,       1,     10.0000,      1.4029,     42.6406,    249.2601,     62.7296,      3.4953,      0.0009,     -0.0303,      2.0963,      0.1288,      5.5978,     11.1957,      1.1377,     28.5956,     57.1912,      0.0193,      0.0016,      0.0156,      0.2038,   7799.9658,-421019.0312,  -1017.0769,    552.5410,  25999.8848,
       1,     169,      43,       9,       1,       3,       1,     10.0000,      1.4029,     42.6406,    249.2601,     62.7296,      3.4953,      0.0819,      0.0506,     14.2508,      0.1331,      5.5978,     11.1957,      1.1765,     28.5956,     57.1912,      0.0193,      0.0018,      0.0964,      0.2038,   7799.9658,-421618.0312,  -1017.2305,    552.4996,  25999.8848,
       1,     169,      43,      10,       1,       3,       1,     10.0000,      1.4029,     42.6406,    249.2601,     62.7296,      3.4953,      0.1633,      0.1308,     37.0931,      0.1632,      5.5978,     11.1957,      1.4422,     28.5956,     57.1912,      0.0193,      0.0022,      0.2108,      0.2038,   7799.9658,-436810.4062,  -1021.2937,    551.4505,  25999.8848,
       1,     169,      43,      11,       1,       3,       1,     10.0000,      1.4029,     42.6406,    249.2601,     62.7296,      3.4953,      0.1895,      0.1565,     51.9401,      0.1795,      5.5978,     11.1957,      1.5857,     28.5956,     57.1912,      0.0193,      0.0026,      0.2472,      0.2038,   7799.9658,-466580.3125,  -1029.2662,    549.3994,  25999.8848,
       1,     169,      43,      12,       1,       3,       1,     10.0000,      1.4029,     42.6406,    249.2601,     62.7296,      3.4953,      0.1912,      0.1578,     50.7653,      0.1954,      5.5978,     11.1957,      1.7270,     28.5956,     57.1912,      0.0193,      0.0025,      0.2500,      0.2038,   7799.9658,-487654.5938,  -1034.9496,    547.9559,  25999.8848,
       1,     169,      43,      13,       1,       3,       1,     10.0000,      1.4029,     42.6406,    249.2601,     62.7296,      3.4953,      0.1911,      0.1573,     49.8533,      0.2055,      5.5978,     11.1957,      1.8162,     28.5956,     57.1912,      0.0193,      0.0024,      0.2500,      0.2037,   7799.9658,-487998.7812,  -1035.1245,    547.9342,  25999.8848,
       1,     169,      43,      14,       1,       3,       1,     10.0000,      1.4029,     42.6406,    249.2601,     62.7296,      3.4953,      0.1917,      0.1577,     59.4807,      0.2168,      5.5978,     11.1957,      1.9153,     28.5956,     57.1912,      0.0193,      0.0029,      0.2500,      0.2037,   7799.9658,-486888.7812,  -1034.9019,    548.0103,  25999.8809,
       1,     169,      43,      15,       1,       3,       1,     10.0000,      1.4029,     42.6406,    249.2601,     62.7296,      3.4953,      0.1946,      0.1607,     96.0355,      0.2113,      5.5978,     11.1957,      1.8670,     28.5956,     57.1912,      0.0193,      0.0047,      0.2500,      0.2037,   7799.9644,-498798.2188,  -1038.1768,    547.1945,  25999.8828,
       1,     169,      43,      16,       1,       3,       1,     10.0000,      1.4029,     42.6406,    249.2601,     62.7296,      3.4953,      0.1978,      0.1639,    137.3504,      0.2130,      5.5978,     11.1957,      1.8817,     28.5956,     57.1912,      0.0193,      0.0067,      0.2500,      0.2037,   7799.9653,-545409.6875,  -1050.8311,    544.0069,  25999.8828,
       1,     169,      43,      17,       1,       3,       1,     10.0000,      1.4029,     42.6406,    249.2601,     62.7296,      3.4953,      0.1919,      0.1581,    146.5864,      0.2053,      5.5978,     11.1957,      1.8144,     28.5956,     57.1912,      0.0193,      0.0075,      0.2402,      0.2037,   7799.9653,-600996.5625,  -1066.1162,    540.2362,  25999.8789,
       1,     169,      43,      18,       1,       3,       1,     10.0000,      1.4029,     42.6406,    249.2601,     62.7296,      3.4953,      0.1773,      0.1440,    137.8444,      0.1897,      5.5978,     11.1957,      1.6764,     28.5956,     57.1912,      0.0193,      0.0077,      0.2199,      0.2036,   7799.9639,-617330.1875,  -1071.1207,    539.1462,  25999.8789,
       1,     169,      43,      19,       1,       3,       1,     10.0000,      1.4029,     42.6406,    249.2601,     62.7296,      3.4953,      0.1294,      0.0966,     94.7612,      0.1759,      5.5978,     11.1957,      1.5544,     28.5956,     57.1912,      0.0193,      0.0075,      0.1552,      0.2036,   7799.9639,-607793.6250,  -1069.2565,    539.7900,  25999.8809,
       1,     169,      43,      20,       1,       3,       1,     10.0000,      1.4029,     42.6406,    249.2601,     62.7296,      3.4953,      0.0114,     -0.0211,      8.5091,      0.1634,      5.5978,     11.1957,      1.4437,     28.5956,     57.1912,      0.0193,      0.0067,      0.0156,      0.2036,   7799.9644,-553146.5000,  -1055.1558,    543.4777,  25999.8789,
       1,     169,      43,      21,       1,       3,       1,     10.0000,      1.4029,     42.6406,    249.2601,     62.7296,      3.4953,      0.0000,     -0.0322,      8.1709,      0.1570,      5.5978,     11.1957,      1.3869,     28.5956,     57.1912,      0.0193,      0.0064,      0.0156,      0.2037,   7799.9639,-440845.8438,  -1025.1581,    551.1193,  25999.8789,
       1,     169,      43,      22,       1,       3,       1,     10.0000,      1.4029,     42.6406,    249.2601,     62.7296,      3.4953,      0.0000,     -0.0321,      7.7797,      0.1529,      5.5978,     11.1957,      1.3512,     28.5956,     57.1912,      0.0193,      0.0061,      0.0156,      0.2038,   7799.9639,-430957.4375,  -1022.4730,    551.8546,  25999.8770,
       1,     169,      43,      23,       1,       3,       1,     10.0000,      1.4029,     42.6406,    249.2601,     62.7296,      3.4953,      0.0000,     -0.0320,      6.8000,      0.1496,      5.5978,     11.1957,      1.3216,     28.5956,     57.1912,      0.0193,      0.0053,      0.0156,      0.2038,   7799.9634,-429554.4375,  -1022.0770,    551.9519,  25999.8770,
       1,     169,      43,      24,       1,       3,       1,     10.0000,      1.4029,     42.6406,    249.2601,     62.7296,      3.4953,      0.0000,     -0.0319,      5.6638,      0.1476,      5.5978,     11.1957,      1.3044,     28.5956,     57.1912,      0.0193,      0.0044,      0.0156,      0.2038,   7799.9634,-428212.6875,  -1021.6998,    552.0444,  25999.8770,
       1,     169,      44,       1,       1,       3,       1,     10.0000,      1.4030,     42.6409,    249.2659,     62.7309,      3.4953,      0.0000,     -0.0319,      4.7136,      0.1473,      5.5974,     11.1947,      1.3018,     28.6031,     57.2063,      0.0193,      0.0037,      0.0156,      0.2038,   7799.9634,-426834.9688,  -1021.7008,    552.1523,  26001.0312,
       1,     169,      44,       2,       1,       3,       1,     10.0000,      1.4030,     42.6409,    249.2659,     62.7309,      3.4953,      0.0000,     -0.0318,      4.1988,      0.1450,      5.5974,     11.1947,      1.2809,     28.6031,     57.2063,      0.0193,      0.0033,      0.0156,      0.2038,   7800.3096,-425381.7500,  -1020.9133,    552.2526,  26001.0312,
       1,     169,      44,       3,       1,       3,       1,     10.0000,      1.4030,     42.6409,    249.2659,     62.7309,      3.4953,      0.0000,     -0.0318,      3.9404,      0.1450,      5.5974,     11.1947,      1.2809,     28.6031,     57.2063,      0.0193,      0.0031,      0.0156,      0.2038,   7800.3096,-424615.4062,  -1020.6978,    552.3055,  26001.0312,
       1,     169,      44,       4,       1,       3,       1,     10.0000,      1.4030,     42.6409,    249.2659,     62.7309,      3.4953,      0.0000,     -0.0317,      3.5852,      0.1424,      5.5974,     11.1947,      1.2579,     28.6031,     57.2063,      0.0193,      0.0028,      0.0156,      0.2038,   7800.3096,-424227.8125,  -1020.5853,    552.3323,  26001.0312,
       1,     169,      44,       5,       1,       3,       1,     10.0000,      1.4030,     42.6409,    249.2659,     62.7309,      3.4953,      0.0000,     -0.0314,      3.2660,      0.1351,      5.5974,     11.1947,      1.1934,     28.6031,     57.2063,      0.0193,      0.0026,      0.0156,      0.2038,   7800.3096,-423751.9062,  -1020.4499,    552.3651,  26001.0312,
       1,     169,      44,       6,       1,       3,       1,     10.0000,      1.4030,     42.6409,    249.2659,     62.7309,      3.4953,      0.0000,     -0.0313,      3.0841,      0.1311,      5.5974,     11.1947,      1.1587,     28.6031,     57.2063,      0.0193,      0.0024,      0.0156,      0.2038,   7800.3096,-423313.3750,  -1020.3253,    552.3954,  26001.0312,
       1,     169,      44,       7,       1,       3,       1,     10.0000,      1.4030,     42.6409,    249.2659,     62.7309,      3.4953,      0.0000,     -0.0311,      3.0322,      0.1269,      5.5974,     11.1947,      1.1216,     28.6031,     57.2063,      0.0193,      0.0024,      0.0156,      0.2038,   7800.3096,-423049.1250,  -1020.2482,    552.4136,  26001.0312,
       1,     169,      44,       8,       1,       3,       1,     10.0000,      1.4030,     42.6409,    249.2659,     62.7309,      3.4953,      0.0003,     -0.0305,      2.9792,      0.1212,      5.5974,     11.1947,      1.0713,     28.6031,     57.2063,      0.0193,      0.0023,      0.0156,      0.2038,   7800.3096,-422961.7188,  -1020.2194,    552.4197,  26001.0312,
       1,     169,      44,       9,       1,       3,       1,     10.0000,      1.4030,     42.6409,    249.2659,     62.7309,      3.4953,      0.0200,     -0.0112,      1.7595,      0.1278,      5.5974,     11.1947,      1.1297,     28.6031,     57.2063,      0.0193,      0.0024,      0.0091,      0.2038,   7800.3096,-422888.1875,  -1020.1945,    552.4247,  26001.0312,
       1,     169,      44,      10,       1,       3,       1,     10.0000,      1.4030,     42.6409,    249.2659,     62.7309,      3.4953,      0.0673,      0.0352,     12.9769,      0.1549,      5.5974,     11.1947,      1.3690,     28.6031,     57.2063,      0.0193,      0.0021,      0.0750,      0.2038,   7800.3096,-421362.6250,  -1019.7745,    552.5301,  26001.0312,
       1,     169,      44,      11,       1,       3,       1,     10.0000,      1.4030,     42.6409,    249.2659,     62.7309,      3.4953,      0.1472,      0.1143,     33.9073,      0.1775,      5.5974,     11.1947,      1.5685,     28.6031,     57.2063,      0.0193,      0.0022,      0.1878,      0.2038,   7800.3096,-435203.0312,  -1023.5193,    551.5742,  26001.0312,
       1,     169,      44,      12,       1,       3,       1,     10.0000,      1.4030,     42.6409,    249.2659,     62.7309,      3.4953,      0.1754,      0.1420,     32.4752,      0.1909,      5.5974,     11.1947,      1.6864,     28.6031,     57.2063,      0.0193,      0.0017,      0.2290,      0.2038,   7800.3096,-462470.5312,  -1030.9115,    549.6951,  26001.0293,
       1,     169,      44,      13,       1,       3,       1,     10.0000,      1.4030,     42.6409,    249.2659,     62.7309,      3.4953,      0.1755,      0.1417,     29.2616,      0.2088,      5.5974,     11.1947,      1.8451,     28.6031,     57.2063,      0.0193,      0.0016,      0.2297,      0.2038,   7800.3091,-463036.9375,  -1031.1040,    549.6593,  26001.0293,
       1,     169,      44,      14,       1,       3,       1,     10.0000,      1.4030,     42.6409,    249.2659,     62.7309,      3.4953,      0.1880,      0.1540,     48.0273,      0.2132,      5.5974,     11.1947,      1.8836,     28.6031,     57.2063,      0.0193,      0.0024,      0.2458,      0.2038,   7800.3091,-459076.5312,  -1030.0702,    549.9315,  26001.0293,
       1,     169,      44,      15,       1,       3,       1,     10.0000,      1.4030,     42.6409,    249.2659,     62.7309,      3.4953,      0.1758,      0.1418,     73.3918,      0.2121,      5.5974,     11.1947,      1.8744,     28.6031,     57.2063,      0.0193,      0.0040,      0.2250,      0.2038,   7800.3091,-482122.9062,  -1036.3475,    548.3473,  26001.0273,
       1,     169,      44,      16,       1,       3,       1,     10.0000,      1.4030,     42.6409,    249.2659,     62.7309,      3.4953,      0.1474,      0.1136,     77.2833,      0.2074,      5.5974,     11.1947,      1.8324,     28.6031,     57.2063,      0.0193,      0.0052,      0.1832,      0.2038,   7800.3086,-515728.4062,  -1045.5461,    546.0461,  26001.0254,
       1,     169,      44,      17,       1,       3,       1,     10.0000,      1.4030,     42.6409,    249.2659,     62.7309,      3.4953,      0.1437,      0.1100,     85.1406,      0.2021,      5.5974,     11.1947,      1.7860,     28.6031,     57.2063,      0.0193,      0.0059,      0.1768,      0.2037,   7800.3081,-523475.4688,  -1047.8777,    545.5222,  26001.0234,
       1,     169,      44,      18,       1,       3,       1,     10.0000,      1.4030,     42.6409,    249.2659,     62.7309,      3.4953,      0.1252,      0.0918,     85.9765,      0.1918,      5.5974,     11.1947,      1.6948,     28.6031,     57.2063,      0.0193,      0.0070,      0.1499,      0.2037,   7800.3071,-533935.8125,  -1050.9858,    544.8091,  26001.0273,
       1,     169,      44,      19,       1,       3,       1,     10.0000,      1.4030,     42.6409,    249.2659,     62.7309,      3.4953,      0.0627,      0.0298,     36.9007,      0.1777,      5.5974,     11.1947,      1.5700,     28.6031,     57.2063,      0.0193,      0.0070,      0.0649,      0.2037,   7800.3086,-535875.5625,  -1051.8242,    544.6775,  26001.0234,
       1,     169,      44,      20,       1,       3,       1,     10.0000,      1.4030,     42.6409,    249.2659,     62.7309,      3.4953,      0.0121,     -0.0204,      8.3525,      0.1634,      5.5974,     11.1947,      1.4437,     28.6031,     57.2063,      0.0193,      0.0065,      0.0156,      0.2037,   7800.3071,-474808.0938,  -1035.5320,    548.8352,  26001.0215,
       1,     169,      44,      21,       1,       3,       1,     10.0000,      1.4030,     42.6409,    249.2659,     62.7309,      3.4953,      0.0000,     -0.0322,      8.0855,      0.1563,      5.5974,     11.1947,      1.3814,     28.6031,     57.2063,      0.0193,      0.0063,      0.0156,      0.2038,   7800.3066,-434041.8125,  -1024.5020,    551.6479,  26001.0234,
       1,     169,      44,      22,       1,       3,       1,     10.0000,      1.4030,     42.6409,    249.2659,     62.7309,      3.4953,      0.0000,     -0.0320,      8.0252,      0.1508,      5.5974,     11.1947,      1.3323,     28.6031,     57.2063,      0.0193,      0.0063,      0.0156,      0.2038,   7800.3071,-430211.3125,  -1023.4510,    551.9193,  26001.0234,
       1,     169,      44,      23,       1,       3,       1,     10.0000,      1.4030,     42.6409,    249.2659,     62.7309,      3.4953,      0.0000,     -0.0318,      7.3819,      0.1463,      5.5974,     11.1947,      1.2926,     28.6031,     57.2063,      0.0193,      0.0058,      0.0156,      0.2038,   7800.3071,-429798.0312,  -1023.3277,    551.9478,  26001.0234,
       1,     169,      44,      24,       1,       3,       1,     10.0000,      1.4030,     42.6409,    249.2659,     62.7309,      3.4953,      0.0000,     -0.0316,      6.2376,      0.1408,      5.5974,     11.1947,      1.2439,     28.6031,     57.2063,      0.0193,      0.0049,      0.0156,      0.2038,   7800.3071,-428961.1562,  -1023.0907,    552.0056,  26001.0234,
       1,     169,      45,       1,       1,       3,       1,     10.0000,      1.4030,     42.6412,    249.2717,     62.7325,      3.4953,      0.0000,     -0.0317,      4.8459,      0.1418,      5.5990,     11.1979,      1.2528,     28.5993,     57.1985,      0.0193,      0.0038,      0.0156,      0.2039,   7800.3071,-427617.4688,  -1023.1064,    552.1112,  26002.1777,
       1,     169,      45,       2,       1,       3,       1,     10.0000,      1.4030,     42.6412,    249.2717,     62.7325,      3.4953,      0.0000,     -0.0315,      4.2170,      0.1367,      5.5990,     11.1979,      1.2080,     28.5993,     57.1985,      0.0193,      0.0033,      0.0156,      0.2039,   7800.6538,-425617.2188,  -1022.1707,    552.2493,  26002.1777,
       1,     169,      45,       3,       1,       3,       1,     10.0000,      1.4030,     42.6412,    249.2717,     62.7325,      3.4953,      0.0000,     -0.0313,      3.5655,      0.1319,      5.5990,     11.1979,      1.1658,     28.5993,     57.1985,      0.0193,      0.0028,      0.0156,      0.2039,   7800.6538,-424661.9375,  -1021.9065,    552.3153,  26002.1777,
       1,     169,      45,       4,       1,       3,       1,     10.0000,      1.4030,     42.6412,    249.2717,     62.7325,      3.4953,      0.0000,     -0.0313,      3.3266,      0.1317,      5.5990,     11.1979,      1.1635,     28.5993,     57.1985,      0.0193,      0.0026,      0.0156,      0.2039,   7800.6538,-423768.2812,  -1021.6599,    552.3770,  26002.1777,
       1,     169,      45,       5,       1,       3,       1,     10.0000,      1.4030,     42.6412,    249.2717,     62.7325,      3.4953,      0.0000,     -0.0309,      2.8049,      0.1214,      5.5990,     11.1979,      1.0724,     28.5993,     57.1985,      0.0193,      0.0022,      0.0156,      0.2039,   7800.6538,-423394.0000,  -1021.5547,    552.4028,  26002.1777,
       1,     169,      45,       6,       1,       3,       1,     10.0000,      1.4030,     42.6412,    249.2717,     62.7325,      3.4953,      0.0000,     -0.0307,      3.1021,      0.1161,      5.5990,     11.1979,      1.0263,     28.5993,     57.1985,      0.0193,      0.0024,      0.0156,      0.2039,   7800.6538,-422712.0625,  -1021.3676,    552.4500,  26002.1777,
       1,     169,      45,       7,       1,       3,       1,     10.0000,      1.4030,     42.6412,    249.2717,     62.7325,      3.4953,      0.0000,     -0.0305,      2.8364,      0.1122,      5.5990,     11.1979,      0.9911,     28.5993,     57.1985,      0.0193,      0.0022,      0.0156,      0.2039,   7800.6538,-423023.4375,  -1021.4499,    552.4284,  26002.1777,
       1,     169,      45,       8,       1,       3,       1,     10.0000,      1.4030,     42.6412,    249.2717,     62.7325,      3.4953,      0.0006,     -0.0301,      2.1788,      0.1148,      5.5990,     11.1979,      1.0148,     28.5993,     57.1985,      0.0193,      0.0017,      0.0156,      0.2039,   7800.6538,-422719.4375,  -1021.3674,    552.4494,  26002.1777,
       1,     169,      45,       9,       1,       3,       1,     10.0000,      1.4030,     42.6412,    249.2717,     62.7325,      3.4953,      0.0199,     -0.0110,      1.2250,      0.1231,      5.5990,     11.1979,      1.0879,     28.5993,     57.1985,      0.0193,      0.0016,      0.0093,      0.2039,   7800.6538,-421874.3438,  -1021.1364,    552.5078,  26002.1777,
       1,     169,      45,      10,       1,       3,       1,     10.0000,      1.4030,     42.6412,    249.2717,     62.7325,      3.4953,      0.0807,      0.0483,     10.2566,      0.1622,      5.5990,     11.1979,      1.4337,     28.5993,     57.1985,      0.0193,      0.0013,      0.0944,      0.2039,   7800.6538,-420613.7500,  -1020.7906,    552.5948,  26002.1777,
       1,     169,      45,      11,       1,       3,       1,     10.0000,      1.4030,     42.6412,    249.2717,     62.7325,      3.4953,      0.1443,      0.1112,     20.8693,      0.1825,      5.5990,     11.1979,      1.6128,     28.5993,     57.1985,      0.0193,      0.0014,      0.1851,      0.2039,   7800.6538,-431752.9688,  -1023.8195,    551.8254,  26002.1777,
       1,     169,      45,      12,       1,       3,       1,     10.0000,      1.4030,     42.6412,    249.2717,     62.7325,      3.4953,      0.1768,      0.1435,     31.5382,      0.1907,      5.5990,     11.1979,      1.6848,     28.5993,     57.1985,      0.0193,      0.0017,      0.2312,      0.2039,   7800.6538,-445931.4688,  -1027.6791,    550.8480,  26002.1777,
       1,     169,      45,      13,       1,       3,       1,     10.0000,      1.4030,     42.6412,    249.2717,     62.7325,      3.4953,      0.1802,      0.1466,     30.8095,      0.2015,      5.5990,     11.1979,      1.7808,     28.5993,     57.1985,      0.0193,      0.0016,      0.2363,      0.2038,   7800.6538,-460443.3750,  -1031.6393,    549.8495,  26002.1797,
       1,     169,      45,      14,       1,       3,       1,     10.0000,      1.4030,     42.6412,    249.2717,     62.7325,      3.4953,      0.1651,      0.1313,     40.8085,      0.2066,      5.5990,     11.1979,      1.8252,     28.5993,     57.1985,      0.0193,      0.0023,      0.2132,      0.2038,   7800.6543,-460782.7812,  -1031.7670,    549.8271,  26002.1797,
       1,     169,      45,      15,       1,       3,       1,     10.0000,      1.4030,     42.6412,    249.2717,     62.7325,      3.4953,      0.1609,      0.1272,     83.2196,      0.2031,      5.5990,     11.1979,      1.7949,     28.5993,     57.1985,      0.0193,      0.0050,      0.2021,      0.2038,   7800.6543,-473270.6562,  -1035.2102,    548.9689,  26002.1758,
       1,     169,      45,      16,       1,       3,       1,     10.0000,      1.4030,     42.6412,    249.2717,     62.7325,      3.4953,      0.1493,      0.1159,    110.2544,      0.1945,      5.5990,     11.1979,      1.7185,     28.5993,     57.1985,      0.0193,      0.0074,      0.1822,      0.2038,   7800.6528,-527203.5000,  -1049.9746,    545.2686,  26002.1758,
       1,     169,      45,      17,       1,       3,       1,     10.0000,      1.4030,     42.6412,    249.2717,     62.7325,      3.4953,      0.1078,      0.0745,     73.8472,      0.1926,      5.5990,     11.1979,      1.7016,     28.5993,     57.1985,      0.0193,      0.0072,      0.1260,      0.2038,   7800.6528,-565588.1250,  -1060.7212,    542.6647,  26002.1738,
       1,     169,      45,      18,       1,       3,       1,     10.0000,      1.4030,     42.6412,    249.2717,     62.7325,      3.4953,      0.0511,      0.0179,     29.1880,      0.1847,      5.5990,     11.1979,      1.6322,     28.5993,     57.1985,      0.0193,      0.0073,      0.0487,      0.2037,   7800.6523,-523436.8438,  -1049.6813,    545.5302,  26002.1738,
       1,     169,      45,      19,       1,       3,       1,     10.0000,      1.4030,     42.6412,    249.2717,     62.7325,      3.4953,      0.0317,     -0.0008,     13.1664,      0.1664,      5.5990,     11.1979,      1.4700,     28.5993,     57.1985,      0.0193,      0.0070,      0.0231,      0.2038,   7800.6523,-464140.7188,  -1033.7556,    549.5813,  26002.1719,
       1,     169,      45,      20,       1,       3,       1,     10.0000,      1.4030,     42.6412,    249.2717,     62.7325,      3.4953,      0.0057,     -0.0265,      8.0125,      0.1562,      5.5990,     11.1979,      1.3800,     28.5993,     57.1985,      0.0193,      0.0063,      0.0156,      0.2038,   7800.6519,-439132.2812,  -1026.9642,    551.3144,  26002.1719,
       1,     169,      45,      21,       1,       3,       1,     10.0000,      1.4030,     42.6412,    249.2717,     62.7325,      3.4953,      0.0000,     -0.0321,      7.3359,      0.1534,      5.5990,     11.1979,      1.3553,     28.5993,     57.1985,      0.0193,      0.0058,      0.0156,      0.2038,   7800.6519,-430554.3750,  -1024.6219,    551.9083,  26002.1719,
       1,     169,      45,      22,       1,       3,       1,     10.0000,      1.4030,     42.6412,    249.2717,     62.7325,      3.4953,      0.0000,     -0.0321,      7.2217,      0.1531,      5.5990,     11.1979,      1.3526,     28.5993,     57.1985,      0.0193,      0.0057,      0.0156,      0.2039,   7800.6519,-428971.9062,  -1024.1853,    552.0178,  26002.1719,
       1,     169,      45,      23,       1,       3,       1,     10.0000,      1.4030,     42.6412,    249.2717,     62.7325,      3.4953,      0.0000,     -0.0319,      6.4775,      0.1472,      5.5990,     11.1979,      1.3005,     28.5993,     57.1985,      0.0193,      0.0051,      0.0156,      0.2039,   7800.6519,-428693.2500,  -1024.1040,    552.0370,  26002.1719,
       1,     169,      45,      24,       1,       3,       1,     10.0000,      1.4030,     42.6412,    249.2717,     62.7325,      3.4953,      0.0000,     -0.0317,      5.2683,      0.1418,      5.5990,     11.1979,      1.2528,     28.5993,     57.1985,      0.0193,      0.0041,      0.0156,      0.2039,   7800.6519,-427742.3750,  -1023.8404,    552.1026,  26002.1699,
       1,     169,      46,       1,       1,       3,       1,     10.0000,      1.4030,     42.6416,    249.2776,     62.7339,      3.4953,      0.0000,     -0.0316,      4.2132,      0.1399,      5.5988,     11.1976,      1.2365,     28.5911,     57.1822,      0.0193,      0.0033,      0.0156,      0.2039,   7800.6514,-426308.4375,  -1023.8362,    552.2146,  26003.3242,
       1,     169,      46,       2,       1,       3,       1,     10.0000,      1.4030,     42.6416,    249.2776,     62.7339,      3.4953,      0.0000,     -0.0315,      3.5741,      0.1384,      5.5988,     11.1976,      1.2228,     28.5911,     57.1822,      0.0193,      0.0028,      0.0156,      0.2039,   7800.9976,-424719.5625,  -1023.0117,    552.3242,  26003.3242,
       1,     169,      46,       3,       1,       3,       1,     10.0000,      1.4030,     42.6416,    249.2776,     62.7339,      3.4953,      0.0000,     -0.0314,      3.5217,      0.1333,      5.5988,     11.1976,      1.1778,     28.5911,     57.1822,      0.0193,      0.0028,      0.0156,      0.2039,   7800.9976,-423787.2812,  -1022.7552,    552.3886,  26003.3242,
       1,     169,      46,       4,       1,       3,       1,     10.0000,      1.4030,     42.6416,    249.2776,     62.7339,      3.4953,      0.0000,     -0.0313,      3.1161,      0.1327,      5.5988,     11.1976,      1.1730,     28.5911,     57.1822,      0.0193,      0.0024,      0.0156,      0.2039,   7800.9976,-423641.7812,  -1022.7137,    552.3987,  26003.3242,
       1,     169,      46,       5,       1,       3,       1,     10.0000,      1.4030,     42.6416,    249.2776,     62.7339,      3.4953,      0.0000,     -0.0314,      2.8599,      0.1346,      5.5988,     11.1976,      1.1898,     28.5911,     57.1822,      0.0193,      0.0022,      0.0156,      0.2039,   7800.9976,-423124.1250,  -1022.5709,    552.4344,  26003.3242,
       1,     169,      46,       6,       1,       3,       1,     10.0000,      1.4030,     42.6416,    249.2776,     62.7339,      3.4953,      0.0000,     -0.0312,      2.5752,      0.1289,      5.5988,     11.1976,      1.1389,     28.5911,     57.1822,      0.0193,      0.0020,      0.0156,      0.2039,   7800.9976,-422760.6562,  -1022.4704,    552.4595,  26003.3242,
       1,     169,      46,       7,       1,       3,       1,     10.0000,      1.4030,     42.6416,    249.2776,     62.7339,      3.4953,      0.0000,     -0.0310,      2.2459,      0.1237,      5.5988,     11.1976,      1.0935,     28.5911,     57.1822,      0.0193,      0.0018,      0.0156,      0.2039,   7800.9976,-422374.8125,  -1022.3639,    552.4862,  26003.3242,
       1,     169,      46,       8,       1,       3,       1,     10.0000,      1.4030,     42.6416,    249.2776,     62.7339,      3.4953,      0.0006,     -0.0302,      1.6811,      0.1175,      5.5988,     11.1976,      1.0380,     28.5911,     57.1822,      0.0193,      0.0013,      0.0156,      0.2039,   7800.9976,-421931.5312,  -1022.2425,    552.5168,  26003.3242,
       1,     169,      46,       9,       1,       3,       1,     10.0000,      1.4030,     42.6416,    249.2776,     62.7339,      3.4953,      0.0377,      0.0068,      4.3977,      0.1212,      5.5988,     11.1976,      1.0714,     28.5911,     57.1822,      0.0193,      0.0016,      0.0345,      0.2039,   7800.9976,-421190.1250,  -1022.0398,    552.5680,  26003.3242,
       1,     169,      46,      10,       1,       3,       1,     10.0000,      1.4030,     42.6416,    249.2776,     62.7339,      3.4953,      0.1688,      0.1368,     34.9885,      0.1518,      5.5988,     11.1976,      1.3418,     28.5911,     57.1822,      0.0193,      0.0020,      0.2190,      0.2039,   7800.9976,-424509.1250,  -1022.9453,    552.3388,  26003.3242,
       1,     169,      46,      11,       1,       3,       1,     10.0000,      1.4030,     42.6416,    249.2776,     62.7339,      3.4953,      0.1879,      0.1551,     33.8321,      0.1731,      5.5988,     11.1976,      1.5300,     28.5911,     57.1822,      0.0193,      0.0017,      0.2469,      0.2039,   7800.9976,-462889.2812,  -1033.4327,    549.6890,  26003.3242,
       1,     169,      46,      12,       1,       3,       1,     10.0000,      1.4030,     42.6416,    249.2776,     62.7339,      3.4953,      0.1899,      0.1565,     33.3907,      0.1920,      5.5988,     11.1976,      1.6966,     28.5911,     57.1822,      0.0193,      0.0016,      0.2500,      0.2038,   7800.9976,-464764.7188,  -1033.9863,    549.5663,  26003.3242,
       1,     169,      46,      13,       1,       3,       1,     10.0000,      1.4030,     42.6416,    249.2776,     62.7339,      3.4953,      0.1892,      0.1556,     25.8536,      0.2021,      5.5988,     11.1976,      1.7861,     28.5911,     57.1822,      0.0193,      0.0013,      0.2500,      0.2038,   7800.9976,-464368.0000,  -1033.9229,    549.5937,  26003.3223,
       1,     169,      46,      14,       1,       3,       1,     10.0000,      1.4030,     42.6416,    249.2776,     62.7339,      3.4953,      0.1901,      0.1563,     37.2306,      0.2072,      5.5988,     11.1976,      1.8307,     28.5911,     57.1822,      0.0193,      0.0018,      0.2500,      0.2038,   7800.9971,-454942.7188,  -1031.3892,    550.2412,  26003.3223,
       1,     169,      46,      15,       1,       3,       1,     10.0000,      1.4030,     42.6416,    249.2776,     62.7339,      3.4953,      0.1928,      0.1590,     72.4130,      0.2090,      5.5988,     11.1976,      1.8470,     28.5911,     57.1822,      0.0193,      0.0035,      0.2500,      0.2039,   7800.9971,-468309.0625,  -1035.0693,    549.3222,  26003.3223,
       1,     169,      46,      16,       1,       3,       1,     10.0000,      1.4030,     42.6416,    249.2776,     62.7339,      3.4953,      0.1935,      0.1597,    107.1152,      0.2060,      5.5988,     11.1976,      1.8199,     28.5911,     57.1822,      0.0193,      0.0053,      0.2470,      0.2038,   7800.9971,-513298.8125,  -1047.4305,    546.2338,  26003.3223,
       1,     169,      46,      17,       1,       3,       1,     10.0000,      1.4030,     42.6416,    249.2776,     62.7339,      3.4953,      0.1935,      0.1599,    135.3122,      0.2013,      5.5988,     11.1976,      1.7791,     28.5911,     57.1822,      0.0193,      0.0068,      0.2438,      0.2038,   7800.9971,-560454.6875,  -1060.5637,    543.0226,  26003.3223,
       1,     169,      46,      18,       1,       3,       1,     10.0000,      1.4030,     42.6416,    249.2776,     62.7339,      3.4953,      0.1755,      0.1422,    137.8882,      0.1905,      5.5988,     11.1976,      1.6832,     28.5911,     57.1822,      0.0193,      0.0078,      0.2172,      0.2037,   7800.9971,-599701.3750,  -1071.7609,    540.3682,  26003.3203,
       1,     169,      46,      19,       1,       3,       1,     10.0000,      1.4030,     42.6416,    249.2776,     62.7339,      3.4953,      0.1237,      0.0909,     91.1463,      0.1758,      5.5988,     11.1976,      1.5530,     28.5911,     57.1822,      0.0193,      0.0076,      0.1473,      0.2037,   7800.9966,-606290.2500,  -1074.2089,    539.9296,  26003.3184,
       1,     169,      46,      20,       1,       3,       1,     10.0000,      1.4030,     42.6416,    249.2776,     62.7339,      3.4953,      0.0272,     -0.0050,      9.5688,      0.1560,      5.5988,     11.1976,      1.3787,     28.5911,     57.1822,      0.0193,      0.0067,      0.0174,      0.2037,   7800.9956,-548469.3125,  -1058.9977,    543.8321,  26003.3184,
       1,     169,      46,      21,       1,       3,       1,     10.0000,      1.4030,     42.6416,    249.2776,     62.7339,      3.4953,      0.0000,     -0.0319,      8.4211,      0.1467,      5.5988,     11.1976,      1.2966,     28.5911,     57.1822,      0.0193,      0.0066,      0.0156,      0.2037,   7800.9956,-441782.9688,  -1030.0266,    551.0987,  26003.3164,
       1,     169,      46,      22,       1,       3,       1,     10.0000,      1.4030,     42.6416,    249.2776,     62.7339,      3.4953,      0.0000,     -0.0318,      7.9998,      0.1458,      5.5988,     11.1976,      1.2888,     28.5911,     57.1822,      0.0193,      0.0063,      0.0156,      0.2039,   7800.9951,-431350.7188,  -1027.1654,    551.8661,  26003.3164,
       1,     169,      46,      23,       1,       3,       1,     10.0000,      1.4030,     42.6416,    249.2776,     62.7339,      3.4953,      0.0000,     -0.0316,      7.1298,      0.1394,      5.5988,     11.1976,      1.2315,     28.5911,     57.1822,      0.0193,      0.0056,      0.0156,      0.2039,   7800.9951,-429870.2812,  -1026.7577,    551.9688,  26003.3164,
       1,     169,      46,      24,       1,       3,       1,     10.0000,      1.4030,     42.6416,    249.2776,     62.7339,      3.4953,      0.0000,     -0.0314,      6.0740,      0.1334,      5.5988,     11.1976,      1.1790,     28.5911,     57.1822,      0.0193,      0.0048,      0.0156,      0.2039,   7800.9951,-428658.9062,  -1026.4237,    552.0523,  26003.3164,
       1,     169,      47,       1,       1,       3,       1,     10.0000,      1.4030,     42.6419,    249.2834,     62.7354,      3.4953,      0.0000,     -0.0311,      5.1316,      0.1276,      5.5986,     11.1971,      1.1274,     28.5979,     57.1958,      0.0193,      0.0040,      0.0156,      0.2039,   7800.9951,-427393.3438,  -1026.4679,    552.1525,  26004.4707,
       1,     169,      47,       2,       1,       3,       1,     10.0000,      1.4030,     42.6419,    249.2834,     62.7354,      3.4953,      0.0000,     -0.0308,      4.0546,      0.1198,      5.5986,     11.1971,      1.0583,     28.5979,     57.1958,      0.0193,      0.0032,      0.0156,      0.2039,   7801.3413,-425959.7812,  -1025.6823,    552.2515,  26004.4688,
       1,     169,      47,       3,       1,       3,       1,     10.0000,      1.4030,     42.6419,    249.2834,     62.7354,      3.4953,      0.0000,     -0.0307,      3.9920,      0.1166,      5.5986,     11.1971,      1.0306,     28.5979,     57.1958,      0.0193,      0.0031,      0.0156,      0.2039,   7801.3408,-424495.4688,  -1025.2804,    552.3525,  26004.4688,
       1,     169,      47,       4,       1,       3,       1,     10.0000,      1.4030,     42.6419,    249.2834,     62.7354,      3.4953,      0.0000,     -0.0306,      3.3425,      0.1138,      5.5986,     11.1971,      1.0055,     28.5979,     57.1958,      0.0193,      0.0026,      0.0156,      0.2039,   7801.3408,-424291.8125,  -1025.2246,    552.3666,  26004.4688,
       1,     169,      47,       5,       1,       3,       1,     10.0000,      1.4030,     42.6419,    249.2834,     62.7354,      3.4953,      0.0000,     -0.0306,      3.3226,      0.1133,      5.5986,     11.1971,      1.0014,     28.5979,     57.1958,      0.0193,      0.0026,      0.0156,      0.2039,   7801.3408,-423465.5312,  -1024.9977,    552.4237,  26004.4688,
       1,     169,      47,       6,       1,       3,       1,     10.0000,      1.4030,     42.6419,    249.2834,     62.7354,      3.4953,      0.0000,     -0.0304,      2.5423,      0.1099,      5.5986,     11.1971,      0.9710,     28.5979,     57.1958,      0.0193,      0.0020,      0.0156,      0.2039,   7801.3408,-423369.5938,  -1024.9712,    552.4303,  26004.4688,
       1,     169,      47,       7,       1,       3,       1,     10.0000,      1.4030,     42.6419,    249.2834,     62.7354,      3.4953,      0.0000,     -0.0305,      1.7340,      0.1110,      5.5986,     11.1971,      0.9811,     28.5979,     57.1958,      0.0193,      0.0014,      0.0156,      0.2039,   7801.3408,-422389.8750,  -1024.7026,    552.4980,  26004.4688,
       1,     169,      47,       8,       1,       3,       1,     10.0000,      1.4030,     42.6419,    249.2834,     62.7354,      3.4953,      0.0005,     -0.0299,      1.0946,      0.1087,      5.5986,     11.1971,      0.9601,     28.5979,     57.1958,      0.0193,      0.0009,      0.0156,      0.2039,   7801.3408,-421299.1250,  -1024.4032,    552.5734,  26004.4688,
       1,     169,      47,       9,       1,       3,       1,     10.0000,      1.4030,     42.6419,    249.2834,     62.7354,      3.4953,      0.0268,     -0.0038,      1.0908,      0.1143,      5.5986,     11.1971,      1.0097,     28.5979,     57.1958,      0.0193,      0.0007,      0.0196,      0.2039,   7801.3408,-420409.1562,  -1024.1588,    552.6348,  26004.4688,
       1,     169,      47,      10,       1,       3,       1,     10.0000,      1.4030,     42.6419,    249.2834,     62.7354,      3.4953,      0.1058,      0.0742,      9.0263,      0.1394,      5.5986,     11.1971,      1.2315,     28.5979,     57.1958,      0.0193,      0.0008,      0.1312,      0.2039,   7801.3408,-420327.9062,  -1024.1362,    552.6404,  26004.4688,
       1,     169,      47,      11,       1,       3,       1,     10.0000,      1.4030,     42.6419,    249.2834,     62.7354,      3.4953,      0.1730,      0.1406,     14.9969,      0.1619,      5.5986,     11.1971,      1.4309,     28.5979,     57.1958,      0.0193,      0.0008,      0.2273,      0.2039,   7801.3408,-430201.1562,  -1026.8547,    551.9584,  26004.4688,
       1,     169,      47,      12,       1,       3,       1,     10.0000,      1.4030,     42.6419,    249.2834,     62.7354,      3.4953,      0.1888,      0.1562,     17.5054,      0.1687,      5.5986,     11.1971,      1.4908,     28.5979,     57.1958,      0.0193,      0.0009,      0.2500,      0.2039,   7801.3408,-438486.3750,  -1029.1403,    551.3871,  26004.4688,
       1,     169,      47,      13,       1,       3,       1,     10.0000,      1.4030,     42.6419,    249.2834,     62.7354,      3.4953,      0.1885,      0.1553,     15.4155,      0.1882,      5.5986,     11.1971,      1.6633,     28.5979,     57.1958,      0.0193,      0.0008,      0.2500,      0.2039,   7801.3408,-442322.9688,  -1030.2042,    551.1230,  26004.4688,
       1,     169,      47,      14,       1,       3,       1,     10.0000,      1.4030,     42.6419,    249.2834,     62.7354,      3.4953,      0.1887,      0.1551,     19.2435,      0.1996,      5.5986,     11.1971,      1.7634,     28.5979,     57.1958,      0.0193,      0.0009,      0.2500,      0.2039,   7801.3408,-440049.4375,  -1029.5847,    551.2797,  26004.4688,
       1,     169,      47,      15,       1,       3,       1,     10.0000,      1.4030,     42.6419,    249.2834,     62.7354,      3.4953,      0.1911,      0.1573,     50.6084,      0.2070,      5.5986,     11.1971,      1.8289,     28.5979,     57.1958,      0.0193,      0.0025,      0.2500,      0.2039,   7801.3408,-444621.4688,  -1030.8541,    550.9647,  26004.4688,
       1,     169,      47,      16,       1,       3,       1,     10.0000,      1.4030,     42.6419,    249.2834,     62.7354,      3.4953,      0.1896,      0.1558,     82.3772,      0.2082,      5.5986,     11.1971,      1.8398,     28.5979,     57.1958,      0.0193,      0.0041,      0.2442,      0.2039,   7801.3408,-484079.8438,  -1041.7455,    548.2471,  26004.4688,
       1,     169,      47,      17,       1,       3,       1,     10.0000,      1.4030,     42.6419,    249.2834,     62.7354,      3.4953,      0.1825,      0.1489,     96.9446,      0.1992,      5.5986,     11.1971,      1.7599,     28.5979,     57.1958,      0.0193,      0.0051,      0.2321,      0.2039,   7801.3408,-527078.3750,  -1053.6951,    545.3071,  26004.4707,
       1,     169,      47,      18,       1,       3,       1,     10.0000,      1.4030,     42.6419,    249.2834,     62.7354,      3.4953,      0.1330,      0.0998,     83.7914,      0.1864,      5.5986,     11.1971,      1.6469,     28.5979,     57.1958,      0.0193,      0.0063,      0.1615,      0.2038,   7801.3413,-548945.8750,  -1060.0155,    543.8245,  26004.4668,
       1,     169,      47,      19,       1,       3,       1,     10.0000,      1.4030,     42.6419,    249.2834,     62.7354,      3.4953,      0.0510,      0.0184,     27.6819,      0.1699,      5.5986,     11.1971,      1.5012,     28.5979,     57.1958,      0.0193,      0.0069,      0.0493,      0.2038,   7801.3403,-534406.0000,  -1056.3989,    544.8149,  26004.4688,
       1,     169,      47,      20,       1,       3,       1,     10.0000,      1.4030,     42.6419,    249.2834,     62.7354,      3.4953,      0.0107,     -0.0214,      9.4104,      0.1543,      5.5986,     11.1971,      1.3636,     28.5979,     57.1958,      0.0193,      0.0074,      0.0156,      0.2038,   7801.3408,-463178.5312,  -1037.0402,    549.6665,  26004.4648,
       1,     169,      47,      21,       1,       3,       1,     10.0000,      1.4030,     42.6419,    249.2834,     62.7354,      3.4953,      0.0000,     -0.0319,      9.5199,      0.1481,      5.5986,     11.1971,      1.3084,     28.5979,     57.1958,      0.0193,      0.0075,      0.0156,      0.2039,   7801.3398,-434381.9375,  -1029.1279,    551.6667,  26004.4648,
       1,     169,      47,      22,       1,       3,       1,     10.0000,      1.4030,     42.6419,    249.2834,     62.7354,      3.4953,      0.0000,     -0.0318,      7.8186,      0.1441,      5.5986,     11.1971,      1.2733,     28.5979,     57.1958,      0.0193,      0.0061,      0.0156,      0.2039,   7801.3398,-432030.1562,  -1028.4817,    551.8326,  26004.4629,
       1,     169,      47,      23,       1,       3,       1,     10.0000,      1.4030,     42.6419,    249.2834,     62.7354,      3.4953,      0.0000,     -0.0315,      7.0964,      0.1384,      5.5986,     11.1971,      1.2228,     28.5979,     57.1958,      0.0193,      0.0056,      0.0156,      0.2039,   7801.3394,-429705.0000,  -1027.8425,    551.9930,  26004.4629,
       1,     169,      47,      24,       1,       3,       1,     10.0000,      1.4030,     42.6419,    249.2834,     62.7354,      3.4953,      0.0000,     -0.0313,      5.7724,      0.1310,      5.5986,     11.1971,      1.1576,     28.5979,     57.1958,      0.0193,      0.0045,      0.0156,      0.2039,   7801.3394,-428605.8438,  -1027.5408,    552.0688,  26004.4629,
       1,     169,      48,       1,       1,       3,       1,     10.0000,      1.4031,     42.6422,    249.2892,     62.7368,      3.4953,      0.0000,     -0.0311,      4.6621,      0.1259,      5.5986,     11.1972,      1.1126,     28.5988,     57.1975,      0.0193,      0.0037,      0.0156,      0.2039,   7801.3394,-427015.9375,  -1027.4967,    552.1915,  26005.6152,
       1,     169,      48,       2,       1,       3,       1,     10.0000,      1.4031,     42.6422,    249.2892,     62.7368,      3.4953,      0.0000,     -0.0311,      3.6484,      0.1257,      5.5986,     11.1972,      1.1104,     28.5988,     57.1975,      0.0193,      0.0029,      0.0156,      0.2039,   7801.6851,-425345.7812,  -1026.6450,    552.3068,  26005.6152,
       1,     169,      48,       3,       1,       3,       1,     10.0000,      1.4031,     42.6422,    249.2892,     62.7368,      3.4953,      0.0000,     -0.0310,      2.9556,      0.1241,      5.5986,     11.1972,      1.0969,     28.5988,     57.1975,      0.0193,      0.0023,      0.0156,      0.2039,   7801.6851,-423940.2500,  -1026.2583,    552.4039,  26005.6152,
       1,     169,      48,       4,       1,       3,       1,     10.0000,      1.4031,     42.6422,    249.2892,     62.7368,      3.4953,      0.0000,     -0.0308,      2.7599,      0.1193,      5.5986,     11.1972,      1.0540,     28.5988,     57.1975,      0.0193,      0.0022,      0.0156,      0.2039,   7801.6851,-422956.9062,  -1025.9882,    552.4718,  26005.6152,
       1,     169,      48,       5,       1,       3,       1,     10.0000,      1.4031,     42.6422,    249.2892,     62.7368,      3.4953,      0.0000,     -0.0307,      2.2151,      0.1159,      5.5986,     11.1972,      1.0243,     28.5988,     57.1975,      0.0193,      0.0017,      0.0156,      0.2039,   7801.6851,-422628.5625,  -1025.8987,    552.4945,  26005.6152,
       1,     169,      48,       6,       1,       3,       1,     10.0000,      1.4031,     42.6422,    249.2892,     62.7368,      3.4953,      0.0000,     -0.0306,      1.8282,      0.1157,      5.5986,     11.1972,      1.0222,     28.5988,     57.1975,      0.0193,      0.0014,      0.0156,      0.2039,   7801.6851,-421922.0938,  -1025.7048,    552.5433,  26005.6152,
       1,     169,      48,       7,       1,       3,       1,     10.0000,      1.4031,     42.6422,    249.2892,     62.7368,      3.4953,      0.0000,     -0.0305,      1.5922,      0.1130,      5.5986,     11.1972,      0.9984,     28.5988,     57.1975,      0.0193,      0.0012,      0.0156,      0.2039,   7801.6851,-421379.7500,  -1025.5564,    552.5807,  26005.6152,
       1,     169,      48,       8,       1,       3,       1,     10.0000,      1.4031,     42.6422,    249.2892,     62.7368,      3.4953,      0.0012,     -0.0293,      1.2623,      0.1134,      5.5986,     11.1972,      1.0025,     28.5988,     57.1975,      0.0193,      0.0010,      0.0156,      0.2039,   7801.6851,-421039.2812,  -1025.4633,    552.6042,  26005.6152,
       1,     169,      48,       9,       1,       3,       1,     10.0000,      1.4031,     42.6422,    249.2892,     62.7368,      3.4953,      0.0592,      0.0283,      4.8145,      0.1217,      5.5986,     11.1972,      1.0758,     28.5988,     57.1975,      0.0193,      0.0009,      0.0653,      0.2039,   7801.6851,-420599.4062,  -1025.3427,    552.6346,  26005.6152,
       1,     169,      48,      10,       1,       3,       1,     10.0000,      1.4031,     42.6422,    249.2892,     62.7368,      3.4953,      0.1558,      0.1238,     11.7721,      0.1508,      5.5986,     11.1972,      1.3324,     28.5988,     57.1975,      0.0193,      0.0007,      0.2029,      0.2039,   7801.6851,-424983.6250,  -1026.5546,    552.3317,  26005.6152,
       1,     169,      48,      11,       1,       3,       1,     10.0000,      1.4031,     42.6422,    249.2892,     62.7368,      3.4953,      0.1870,      0.1549,     13.2260,      0.1554,      5.5986,     11.1972,      1.3732,     28.5988,     57.1975,      0.0193,      0.0007,      0.2478,      0.2039,   7801.6851,-434023.2188,  -1029.0502,    551.7078,  26005.6152,
       1,     169,      48,      12,       1,       3,       1,     10.0000,      1.4031,     42.6422,    249.2892,     62.7368,      3.4953,      0.1884,      0.1552,     13.4069,      0.1844,      5.5986,     11.1972,      1.6290,     28.5988,     57.1975,      0.0193,      0.0007,      0.2500,      0.2039,   7801.6851,-436611.5000,  -1029.7635,    551.5295,  26005.6133,
       1,     169,      48,      13,       1,       3,       1,     10.0000,      1.4031,     42.6422,    249.2892,     62.7368,      3.4953,      0.1890,      0.1556,     21.5698,      0.1922,      5.5986,     11.1972,      1.6983,     28.5988,     57.1975,      0.0193,      0.0011,      0.2500,      0.2039,   7801.6841,-437059.0938,  -1029.8929,    551.4988,  26005.6133,
       1,     169,      48,      14,       1,       3,       1,     10.0000,      1.4031,     42.6422,    249.2892,     62.7368,      3.4953,      0.1801,      0.1466,     34.4269,      0.1978,      5.5986,     11.1972,      1.7478,     28.5988,     57.1975,      0.0193,      0.0018,      0.2357,      0.2039,   7801.6841,-447262.0938,  -1032.7244,    550.7954,  26005.6133,
       1,     169,      48,      15,       1,       3,       1,     10.0000,      1.4031,     42.6422,    249.2892,     62.7368,      3.4953,      0.1878,      0.1543,     56.6487,      0.1988,      5.5986,     11.1972,      1.7564,     28.5988,     57.1975,      0.0193,      0.0028,      0.2444,      0.2039,   7801.6841,-464152.1875,  -1037.4191,    549.6330,  26005.6133,
       1,     169,      48,      16,       1,       3,       1,     10.0000,      1.4031,     42.6422,    249.2892,     62.7368,      3.4953,      0.1580,      0.1245,     54.4181,      0.1978,      5.5986,     11.1972,      1.7478,     28.5988,     57.1975,      0.0193,      0.0033,      0.2013,      0.2039,   7801.6841,-493287.2812,  -1045.5349,    547.6324,  26005.6113,
       1,     169,      48,      17,       1,       3,       1,     10.0000,      1.4031,     42.6422,    249.2892,     62.7368,      3.4953,      0.1641,      0.1307,     97.2644,      0.1939,      5.5986,     11.1972,      1.7135,     28.5988,     57.1975,      0.0193,      0.0058,      0.2052,      0.2039,   7801.6836,-493015.7188,  -1045.6023,    547.6547,  26005.6113,
       1,     169,      48,      18,       1,       3,       1,     10.0000,      1.4031,     42.6422,    249.2892,     62.7368,      3.4953,      0.1277,      0.0946,     76.2193,      0.1833,      5.5986,     11.1972,      1.6194,     28.5988,     57.1975,      0.0193,      0.0060,      0.1547,      0.2039,   7801.6836,-546386.3125,  -1060.5272,    544.0012,  26005.6113,
       1,     169,      48,      19,       1,       3,       1,     10.0000,      1.4031,     42.6422,    249.2892,     62.7368,      3.4953,      0.0793,      0.0467,     45.3765,      0.1682,      5.5986,     11.1972,      1.4864,     28.5988,     57.1975,      0.0193,      0.0063,      0.0882,      0.2038,   7801.6836,-524745.6250,  -1054.9126,    545.4849,  26005.6113,
       1,     169,      48,      20,       1,       3,       1,     10.0000,      1.4031,     42.6422,    249.2892,     62.7368,      3.4953,      0.0121,     -0.0200,      8.4104,      0.1532,      5.5986,     11.1972,      1.3540,     28.5988,     57.1975,      0.0193,      0.0066,      0.0156,      0.2038,   7801.6836,-484426.4688,  -1044.0195,    548.2361,  26005.6094,
       1,     169,      48,      21,       1,       3,       1,     10.0000,      1.4031,     42.6422,    249.2892,     62.7368,      3.4953,      0.0000,     -0.0317,      8.5906,      0.1434,      5.5986,     11.1972,      1.2669,     28.5988,     57.1975,      0.0193,      0.0067,      0.0156,      0.2039,   7801.6831,-434929.1250,  -1030.3867,    551.6351,  26005.6094,
       1,     169,      48,      22,       1,       3,       1,     10.0000,      1.4031,     42.6422,    249.2892,     62.7368,      3.4953,      0.0000,     -0.0317,      8.0604,      0.1424,      5.5986,     11.1972,      1.2580,     28.5988,     57.1975,      0.0193,      0.0063,      0.0156,      0.2039,   7801.6831,-430930.8750,  -1029.2848,    551.9213,  26005.6094,
       1,     169,      48,      23,       1,       3,       1,     10.0000,      1.4031,     42.6422,    249.2892,     62.7368,      3.4953,      0.0000,     -0.0316,      7.4730,      0.1398,      5.5986,     11.1972,      1.2353,     28.5988,     57.1975,      0.0193,      0.0059,      0.0156,      0.2039,   7801.6831,-429914.2500,  -1029.0067,    551.9915,  26005.6094,
       1,     169,      48,      24,       1,       3,       1,     10.0000,      1.4031,     42.6422,    249.2892,     62.7368,      3.4953,      0.0000,     -0.0311,      5.5682,      0.1268,      5.5986,     11.1972,      1.1206,     28.5988,     57.1975,      0.0193,      0.0044,      0.0156,      0.2039,   7801.6831,-429095.4062,  -1028.7830,    552.0480,  26005.6074,
       1,     169,      49,       1,       1,       3,       1,     10.0000,      1.4031,     42.6426,    249.2950,     62.7383,      3.4953,      0.0000,     -0.0311,      4.4810,      0.1263,      5.5988,     11.1975,      1.1161,     28.6012,     57.2025,      0.0193,      0.0035,      0.0156,      0.2040,   7801.6826,-426806.5625,  -1028.5472,    552.2186,  26006.7617,
       1,     169,      49,       2,       1,       3,       1,     10.0000,      1.4031,     42.6426,    249.2950,     62.7383,      3.4953,      0.0000,     -0.0308,      3.4716,      0.1198,      5.5988,     11.1975,      1.0584,     28.6012,     57.2025,      0.0193,      0.0027,      0.0156,      0.2040,   7802.0288,-425105.5312,  -1027.6844,    552.3361,  26006.7617,
       1,     169,      49,       3,       1,       3,       1,     10.0000,      1.4031,     42.6426,    249.2950,     62.7383,      3.4953,      0.0000,     -0.0308,      2.9244,      0.1188,      5.5988,     11.1975,      1.0498,     28.6012,     57.2025,      0.0193,      0.0023,      0.0156,      0.2040,   7802.0288,-423702.8125,  -1027.2979,    552.4330,  26006.7617,
       1,     169,      49,       4,       1,       3,       1,     10.0000,      1.4031,     42.6426,    249.2950,     62.7383,      3.4953,      0.0000,     -0.0308,      3.1104,      0.1187,      5.5988,     11.1975,      1.0487,     28.6012,     57.2025,      0.0193,      0.0024,      0.0156,      0.2040,   7802.0288,-422901.0000,  -1027.0770,    552.4883,  26006.7617,
       1,     169,      49,       5,       1,       3,       1,     10.0000,      1.4031,     42.6426,    249.2950,     62.7383,      3.4953,      0.0000,     -0.0305,      2.3943,      0.1118,      5.5988,     11.1975,      0.9882,     28.6012,     57.2025,      0.0193,      0.0019,      0.0156,      0.2040,   7802.0288,-423063.6562,  -1027.1234,    552.4772,  26006.7617,
       1,     169,      49,       6,       1,       3,       1,     10.0000,      1.4031,     42.6426,    249.2950,     62.7383,      3.4953,      0.0000,     -0.0303,      2.4520,      0.1077,      5.5988,     11.1975,      0.9513,     28.6012,     57.2025,      0.0193,      0.0019,      0.0156,      0.2040,   7802.0288,-422186.0938,  -1026.8818,    552.5378,  26006.7617,
       1,     169,      49,       7,       1,       3,       1,     10.0000,      1.4031,     42.6426,    249.2950,     62.7383,      3.4953,      0.0000,     -0.0303,      2.0587,      0.1084,      5.5988,     11.1975,      0.9582,     28.6012,     57.2025,      0.0193,      0.0016,      0.0156,      0.2040,   7802.0288,-422182.4688,  -1026.8823,    552.5380,  26006.7617,
       1,     169,      49,       8,       1,       3,       1,     10.0000,      1.4031,     42.6426,    249.2950,     62.7383,      3.4953,      0.0010,     -0.0295,      2.0302,      0.1123,      5.5988,     11.1975,      0.9922,     28.6012,     57.2025,      0.0193,      0.0016,      0.0156,      0.2040,   7802.0288,-421692.5312,  -1026.7480,    552.5718,  26006.7617,
       1,     169,      49,       9,       1,       3,       1,     10.0000,      1.4031,     42.6426,    249.2950,     62.7383,      3.4953,      0.0475,      0.0168,      5.3114,      0.1162,      5.5988,     11.1975,      1.0264,     28.6012,     57.2025,      0.0193,      0.0013,      0.0486,      0.2040,   7802.0288,-421614.9688,  -1026.7279,    552.5771,  26006.7617,
       1,     169,      49,      10,       1,       3,       1,     10.0000,      1.4031,     42.6426,    249.2950,     62.7383,      3.4953,      0.1316,      0.0998,     13.0441,      0.1444,      5.5988,     11.1975,      1.2759,     28.6012,     57.2025,      0.0193,      0.0010,      0.1678,      0.2040,   7802.0288,-425692.8750,  -1027.8599,    552.2955,  26006.7617,
       1,     169,      49,      11,       1,       3,       1,     10.0000,      1.4031,     42.6426,    249.2950,     62.7383,      3.4953,      0.1870,      0.1543,     17.4926,      0.1702,      5.5988,     11.1975,      1.5043,     28.6012,     57.2025,      0.0193,      0.0009,      0.2474,      0.2040,   7802.0288,-435669.8125,  -1030.6332,    551.6068,  26006.7617,
       1,     169,      49,      12,       1,       3,       1,     10.0000,      1.4031,     42.6426,    249.2950,     62.7383,      3.4953,      0.1888,      0.1556,     19.7843,      0.1897,      5.5988,     11.1975,      1.6766,     28.6012,     57.2025,      0.0193,      0.0010,      0.2500,      0.2040,   7802.0288,-442067.1562,  -1032.4202,    551.1661,  26006.7617,
       1,     169,      49,      13,       1,       3,       1,     10.0000,      1.4031,     42.6426,    249.2950,     62.7383,      3.4953,      0.1826,      0.1489,     18.8487,      0.2039,      5.5988,     11.1975,      1.8022,     28.6012,     57.2025,      0.0193,      0.0010,      0.2411,      0.2039,   7802.0288,-445470.2812,  -1033.3807,    550.9319,  26006.7598,
       1,     169,      49,      14,       1,       3,       1,     10.0000,      1.4031,     42.6426,    249.2950,     62.7383,      3.4953,      0.1886,      0.1547,     18.5954,      0.2111,      5.5988,     11.1975,      1.8654,     28.6012,     57.2025,      0.0193,      0.0009,      0.2500,      0.2039,   7802.0283,-444597.5000,  -1033.1584,    550.9921,  26006.7598,
       1,     169,      49,      15,       1,       3,       1,     10.0000,      1.4031,     42.6426,    249.2950,     62.7383,      3.4953,      0.1865,      0.1526,     56.0993,      0.2113,      5.5988,     11.1975,      1.8672,     28.6012,     57.2025,      0.0193,      0.0028,      0.2426,      0.2039,   7802.0283,-444207.0312,  -1033.0675,    551.0189,  26006.7598,
       1,     169,      49,      16,       1,       3,       1,     10.0000,      1.4031,     42.6426,    249.2950,     62.7383,      3.4953,      0.1841,      0.1503,     99.2382,      0.2035,      5.5988,     11.1975,      1.7986,     28.6012,     57.2025,      0.0193,      0.0052,      0.2341,      0.2039,   7802.0283,-490873.8438,  -1046.0502,    547.8047,  26006.7598,
       1,     169,      49,      17,       1,       3,       1,     10.0000,      1.4031,     42.6426,    249.2950,     62.7383,      3.4953,      0.1928,      0.1593,    131.0298,      0.1972,      5.5988,     11.1975,      1.7427,     28.6012,     57.2025,      0.0193,      0.0066,      0.2432,      0.2039,   7802.0283,-548660.7500,  -1062.2379,    543.8570,  26006.7578,
       1,     169,      49,      18,       1,       3,       1,     10.0000,      1.4031,     42.6426,    249.2950,     62.7383,      3.4953,      0.1756,      0.1425,    137.7023,      0.1845,      5.5988,     11.1975,      1.6307,     28.6012,     57.2025,      0.0193,      0.0077,      0.2173,      0.2038,   7802.0278,-593296.3750,  -1075.0466,    540.8368,  26006.7578,
       1,     169,      49,      19,       1,       3,       1,     10.0000,      1.4031,     42.6426,    249.2950,     62.7383,      3.4953,      0.1442,      0.1115,    111.9570,      0.1713,      5.5988,     11.1975,      1.5134,     28.6012,     57.2025,      0.0193,      0.0078,      0.1746,      0.2038,   7802.0278,-605456.9375,  -1079.0541,    540.0230,  26006.7578,
       1,     169,      49,      20,       1,       3,       1,     10.0000,      1.4031,     42.6426,    249.2950,     62.7383,      3.4953,      0.0133,     -0.0189,      8.6809,      0.1568,      5.5988,     11.1975,      1.3857,     28.6012,     57.2025,      0.0193,      0.0068,      0.0156,      0.2037,   7802.0278,-574347.6875,  -1071.0726,    542.1237,  26006.7559,
       1,     169,      49,      21,       1,       3,       1,     10.0000,      1.4031,     42.6426,    249.2950,     62.7383,      3.4953,      0.0000,     -0.0319,      7.7474,      0.1472,      5.5988,     11.1975,      1.3006,     28.6012,     57.2025,      0.0193,      0.0061,      0.0156,      0.2038,   7802.0269,-442829.7188,  -1034.8770,    551.0401,  26006.7559,
       1,     169,      49,      22,       1,       3,       1,     10.0000,      1.4031,     42.6426,    249.2950,     62.7383,      3.4953,      0.0000,     -0.0317,      7.4447,      0.1434,      5.5988,     11.1975,      1.2669,     28.6012,     57.2025,      0.0193,      0.0058,      0.0156,      0.2039,   7802.0269,-430639.7500,  -1031.4908,    551.9535,  26006.7539,
       1,     169,      49,      23,       1,       3,       1,     10.0000,      1.4031,     42.6426,    249.2950,     62.7383,      3.4953,      0.0000,     -0.0316,      7.0326,      0.1385,      5.5988,     11.1975,      1.2241,     28.6012,     57.2025,      0.0193,      0.0055,      0.0156,      0.2040,   7802.0264,-429126.2812,  -1031.0741,    552.0587,  26006.7539,
       1,     169,      49,      24,       1,       3,       1,     10.0000,      1.4031,     42.6426,    249.2950,     62.7383,      3.4953,      0.0000,     -0.0314,      6.2555,      0.1341,      5.5988,     11.1975,      1.1851,     28.6012,     57.2025,      0.0193,      0.0049,      0.0156,      0.2040,   7802.0264,-428482.2188,  -1030.8986,    552.1030,  26006.7539,
       1,     169,      50,       1,       1,       3,       1,     10.0000,      1.4031,     42.6429,    249.3008,     62.7397,      3.4953,      0.0000,     -0.0314,      5.4130,      0.1341,      5.5984,     11.1967,      1.1851,     28.6069,     57.2137,      0.0193,      0.0042,      0.0156,      0.2040,   7802.0264,-427613.2812,  -1031.0593,    552.1759,  26007.9121,
       1,     169,      50,       2,       1,       3,       1,     10.0000,      1.4031,     42.6429,    249.3008,     62.7397,      3.4953,      0.0000,     -0.0314,      4.5509,      0.1334,      5.5984,     11.1967,      1.1791,     28.6069,     57.2137,      0.0193,      0.0036,      0.0156,      0.2040,   7802.3740,-426338.0938,  -1030.3088,    552.2639,  26007.9121,
       1,     169,      50,       3,       1,       3,       1,     10.0000,      1.4031,     42.6429,    249.3008,     62.7397,      3.4953,      0.0000,     -0.0314,      4.0342,      0.1338,      5.5984,     11.1967,      1.1827,     28.6069,     57.2137,      0.0193,      0.0032,      0.0156,      0.2040,   7802.3740,-425155.3438,  -1029.9821,    552.3456,  26007.9121,
       1,     169,      50,       4,       1,       3,       1,     10.0000,      1.4031,     42.6429,    249.3008,     62.7397,      3.4953,      0.0000,     -0.0314,      3.4719,      0.1336,      5.5984,     11.1967,      1.1803,     28.6069,     57.2137,      0.0193,      0.0027,      0.0156,      0.2040,   7802.3740,-424410.5312,  -1029.7769,    552.3970,  26007.9121,
       1,     169,      50,       5,       1,       3,       1,     10.0000,      1.4031,     42.6429,    249.3008,     62.7397,      3.4953,      0.0000,     -0.0313,      2.9074,      0.1324,      5.5984,     11.1967,      1.1695,     28.6069,     57.2137,      0.0193,      0.0023,      0.0156,      0.2040,   7802.3740,-423646.6562,  -1029.5660,    552.4498,  26007.9121,
       1,     169,      50,       6,       1,       3,       1,     10.0000,      1.4031,     42.6429,    249.3008,     62.7397,      3.4953,      0.0000,     -0.0312,      2.6682,      0.1298,      5.5984,     11.1967,      1.1472,     28.6069,     57.2137,      0.0193,      0.0021,      0.0156,      0.2040,   7802.3740,-422878.3125,  -1029.3536,    552.5027,  26007.9121,
       1,     169,      50,       7,       1,       3,       1,     10.0000,      1.4031,     42.6429,    249.3008,     62.7397,      3.4953,      0.0000,     -0.0309,      2.2390,      0.1224,      5.5984,     11.1967,      1.0814,     28.6069,     57.2137,      0.0193,      0.0018,      0.0156,      0.2040,   7802.3740,-422514.6562,  -1029.2538,    552.5279,  26007.9121,
       1,     169,      50,       8,       1,       3,       1,     10.0000,      1.4031,     42.6429,    249.3008,     62.7397,      3.4953,      0.0010,     -0.0301,      1.8395,      0.1257,      5.5984,     11.1967,      1.1104,     28.6069,     57.2137,      0.0193,      0.0014,      0.0156,      0.2040,   7802.3740,-421949.1250,  -1029.0975,    552.5670,  26007.9121,
       1,     169,      50,       9,       1,       3,       1,     10.0000,      1.4031,     42.6429,    249.3008,     62.7397,      3.4953,      0.0416,      0.0101,      5.4958,      0.1352,      5.5984,     11.1967,      1.1947,     28.6069,     57.2137,      0.0193,      0.0017,      0.0393,      0.2040,   7802.3740,-421403.1875,  -1028.9465,    552.6047,  26007.9121,
       1,     169,      50,      10,       1,       3,       1,     10.0000,      1.4031,     42.6429,    249.3008,     62.7397,      3.4953,      0.1626,      0.1304,     34.8479,      0.1559,      5.5984,     11.1967,      1.3774,     28.6069,     57.2137,      0.0193,      0.0020,      0.2100,      0.2040,   7802.3740,-425907.0938,  -1030.2069,    552.2936,  26007.9121,
       1,     169,      50,      11,       1,       3,       1,     10.0000,      1.4031,     42.6429,    249.3008,     62.7397,      3.4953,      0.1745,      0.1417,     45.3143,      0.1735,      5.5984,     11.1967,      1.5331,     28.6069,     57.2137,      0.0193,      0.0025,      0.2260,      0.2040,   7802.3740,-462830.0312,  -1040.5382,    549.7447,  26007.9082,
       1,     169,      50,      12,       1,       3,       1,     10.0000,      1.4031,     42.6429,    249.3008,     62.7397,      3.4953,      0.1897,      0.1564,     45.4570,      0.1901,      5.5984,     11.1967,      1.6800,     28.6069,     57.2137,      0.0193,      0.0022,      0.2483,      0.2040,   7802.3726,-479053.6875,  -1045.1279,    548.6357,  26007.9102,
       1,     169,      50,      13,       1,       3,       1,     10.0000,      1.4031,     42.6429,    249.3008,     62.7397,      3.4953,      0.1233,      0.0896,     34.5465,      0.2040,      5.5984,     11.1967,      1.8022,     28.6069,     57.2137,      0.0193,      0.0028,      0.1529,      0.2039,   7802.3735,-480618.5000,  -1045.6544,    548.5294,  26007.9102,
       1,     169,      50,      14,       1,       3,       1,     10.0000,      1.4031,     42.6429,    249.3008,     62.7397,      3.4953,      0.1468,      0.1128,     53.3372,      0.2115,      5.5984,     11.1967,      1.8691,     28.6069,     57.2137,      0.0193,      0.0035,      0.1850,      0.2039,   7802.3735,-467159.5938,  -1041.9847,    549.4523,  26007.9082,
       1,     169,      50,      15,       1,       3,       1,     10.0000,      1.4031,     42.6429,    249.3008,     62.7397,      3.4953,      0.1940,      0.1601,    102.0369,      0.2115,      5.5984,     11.1967,      1.8691,     28.6069,     57.2137,      0.0193,      0.0050,      0.2484,      0.2039,   7802.3726,-489411.9688,  -1048.2770,    547.9247,  26007.9102,
       1,     169,      50,      16,       1,       3,       1,     10.0000,      1.4031,     42.6429,    249.3008,     62.7397,      3.4953,      0.1841,      0.1503,    108.6052,      0.2058,      5.5984,     11.1967,      1.8183,     28.6069,     57.2137,      0.0193,      0.0057,      0.2331,      0.2039,   7802.3735,-552000.6875,  -1065.9226,    543.6401,  26007.9043,
       1,     169,      50,      17,       1,       3,       1,     10.0000,      1.4031,     42.6429,    249.3008,     62.7397,      3.4953,      0.1860,      0.1524,    132.2911,      0.1992,      5.5984,     11.1967,      1.7600,     28.6069,     57.2137,      0.0193,      0.0069,      0.2332,      0.2038,   7802.3716,-565604.1250,  -1070.1483,    542.7324,  26007.9082,
       1,     169,      50,      18,       1,       3,       1,     10.0000,      1.4031,     42.6429,    249.3008,     62.7397,      3.4953,      0.1455,      0.1123,    114.6334,      0.1869,      5.5984,     11.1967,      1.6519,     28.6069,     57.2137,      0.0193,      0.0080,      0.1762,      0.2038,   7802.3726,-596296.5625,  -1079.2460,    540.6509,  26007.9062,
       1,     169,      50,      19,       1,       3,       1,     10.0000,      1.4031,     42.6429,    249.3008,     62.7397,      3.4953,      0.0564,      0.0235,     34.4556,      0.1758,      5.5984,     11.1967,      1.5531,     28.6069,     57.2137,      0.0193,      0.0075,      0.0561,      0.2038,   7802.3721,-576898.1875,  -1074.4387,    541.9659,  26007.9043,
       1,     169,      50,      20,       1,       3,       1,     10.0000,      1.4031,     42.6429,    249.3008,     62.7397,      3.4953,      0.0124,     -0.0200,      9.0115,      0.1639,      5.5984,     11.1967,      1.4483,     28.6069,     57.2137,      0.0193,      0.0071,      0.0156,      0.2038,   7802.3716,-475199.9688,  -1046.3826,    548.8571,  26007.9043,
       1,     169,      50,      21,       1,       3,       1,     10.0000,      1.4031,     42.6429,    249.3008,     62.7397,      3.4953,      0.0000,     -0.0322,      8.6141,      0.1554,      5.5984,     11.1967,      1.3733,     28.6069,     57.2137,      0.0193,      0.0068,      0.0156,      0.2039,   7802.3716,-434943.8438,  -1035.1366,    551.6630,  26007.9023,
       1,     169,      50,      22,       1,       3,       1,     10.0000,      1.4031,     42.6429,    249.3008,     62.7397,      3.4953,      0.0000,     -0.0318,      8.2843,      0.1447,      5.5984,     11.1967,      1.2785,     28.6069,     57.2137,      0.0193,      0.0065,      0.0156,      0.2040,   7802.3711,-430962.5000,  -1034.0270,    551.9447,  26007.9023,
       1,     169,      50,      23,       1,       3,       1,     10.0000,      1.4031,     42.6429,    249.3008,     62.7397,      3.4953,      0.0000,     -0.0316,      7.3066,      0.1387,      5.5984,     11.1967,      1.2254,     28.6069,     57.2137,      0.0193,      0.0057,      0.0156,      0.2040,   7802.3711,-430201.1562,  -1033.8191,    551.9973,  26007.9023,
       1,     169,      50,      24,       1,       3,       1,     10.0000,      1.4031,     42.6429,    249.3008,     62.7397,      3.4953,      0.0000,     -0.0314,      6.7632,      0.1356,      5.5984,     11.1967,      1.1984,     28.6069,     57.2137,      0.0193,      0.0053,      0.0156,      0.2040,   7802.3711,-428918.7500,  -1033.4644,    552.0858,  26007.9023,
       1,     169,      51,       1,       1,       3,       1,     10.0000,      1.4031,     42.6432,    249.3067,     62.7413,      3.4953,      0.0000,     -0.0313,      5.7898,      0.1318,      5.5995,     11.1990,      1.1648,     28.6074,     57.2148,      0.0193,      0.0045,      0.0156,      0.2040,   7802.3711,-428285.3750,  -1033.6919,    552.1425,  26009.0586,
       1,     169,      51,       2,       1,       3,       1,     10.0000,      1.4031,     42.6432,    249.3067,     62.7413,      3.4953,      0.0000,     -0.0312,      6.2910,      0.1294,      5.5995,     11.1990,      1.1437,     28.6074,     57.2148,      0.0193,      0.0049,      0.0156,      0.2040,   7802.7178,-426868.0312,  -1032.8981,    552.2403,  26009.0586,
       1,     169,      51,       3,       1,       3,       1,     10.0000,      1.4031,     42.6432,    249.3067,     62.7413,      3.4953,      0.0000,     -0.0311,      5.0708,      0.1271,      5.5995,     11.1990,      1.1230,     28.6074,     57.2148,      0.0193,      0.0040,      0.0156,      0.2040,   7802.7178,-427370.0312,  -1033.0432,    552.2056,  26009.0586,
       1,     169,      51,       4,       1,       3,       1,     10.0000,      1.4031,     42.6432,    249.3067,     62.7413,      3.4953,      0.0000,     -0.0309,      4.4095,      0.1223,      5.5995,     11.1990,      1.0803,     28.6074,     57.2148,      0.0193,      0.0035,      0.0156,      0.2040,   7802.7178,-425894.4375,  -1032.6327,    552.3075,  26009.0586,
       1,     169,      51,       5,       1,       3,       1,     10.0000,      1.4031,     42.6432,    249.3067,     62.7413,      3.4953,      0.0000,     -0.0308,      3.8521,      0.1181,      5.5995,     11.1990,      1.0434,     28.6074,     57.2148,      0.0193,      0.0030,      0.0156,      0.2040,   7802.7178,-424944.6250,  -1032.3693,    552.3730,  26009.0566,
       1,     169,      51,       6,       1,       3,       1,     10.0000,      1.4031,     42.6432,    249.3067,     62.7413,      3.4953,      0.0000,     -0.0308,      3.2517,      0.1189,      5.5995,     11.1990,      1.0509,     28.6074,     57.2148,      0.0193,      0.0025,      0.0156,      0.2040,   7802.7173,-424169.5625,  -1032.1550,    552.4266,  26009.0566,
       1,     169,      51,       7,       1,       3,       1,     10.0000,      1.4031,     42.6432,    249.3067,     62.7413,      3.4953,      0.0000,     -0.0308,      2.8921,      0.1188,      5.5995,     11.1990,      1.0498,     28.6074,     57.2148,      0.0193,      0.0023,      0.0156,      0.2040,   7802.7173,-423355.5625,  -1031.9286,    552.4828,  26009.0566,
       1,     169,      51,       8,       1,       3,       1,     10.0000,      1.4031,     42.6432,    249.3067,     62.7413,      3.4953,      0.0016,     -0.0289,      2.4569,      0.1136,      5.5995,     11.1990,      1.0036,     28.6074,     57.2148,      0.0193,      0.0019,      0.0156,      0.2040,   7802.7173,-422838.0000,  -1031.7853,    552.5186,  26009.0566,
       1,     169,      51,       9,       1,       3,       1,     10.0000,      1.4031,     42.6432,    249.3067,     62.7413,      3.4953,      0.0554,      0.0245,      7.1430,      0.1215,      5.5995,     11.1990,      1.0737,     28.6074,     57.2148,      0.0193,      0.0015,      0.0595,      0.2040,   7802.7173,-422251.9375,  -1031.6228,    552.5590,  26009.0566,
       1,     169,      51,      10,       1,       3,       1,     10.0000,      1.4031,     42.6432,    249.3067,     62.7413,      3.4953,      0.1624,      0.1304,     35.5368,      0.1508,      5.5995,     11.1990,      1.3325,     28.6074,     57.2148,      0.0193,      0.0021,      0.2097,      0.2040,   7802.7173,-428033.5625,  -1033.2534,    552.1597,  26009.0566,
       1,     169,      51,      11,       1,       3,       1,     10.0000,      1.4031,     42.6432,    249.3067,     62.7413,      3.4953,      0.1738,      0.1411,     46.1409,      0.1718,      5.5995,     11.1990,      1.5180,     28.6074,     57.2148,      0.0193,      0.0025,      0.2250,      0.2040,   7802.7173,-463870.5312,  -1043.3563,    549.6863,  26009.0566,
       1,     169,      51,      12,       1,       3,       1,     10.0000,      1.4031,     42.6432,    249.3067,     62.7413,      3.4953,      0.1905,      0.1577,     38.8292,      0.1739,      5.5995,     11.1990,      1.5362,     28.6074,     57.2148,      0.0193,      0.0019,      0.2500,      0.2040,   7802.7173,-480168.9375,  -1048.0024,    548.5720,  26009.0566,
       1,     169,      51,      13,       1,       3,       1,     10.0000,      1.4031,     42.6432,    249.3067,     62.7413,      3.4953,      0.1899,      0.1566,     33.3289,      0.1903,      5.5995,     11.1990,      1.6817,     28.6074,     57.2148,      0.0193,      0.0016,      0.2500,      0.2040,   7802.7173,-472455.5312,  -1045.9205,    549.1021,  26009.0547,
       1,     169,      51,      14,       1,       3,       1,     10.0000,      1.4031,     42.6432,    249.3067,     62.7413,      3.4953,      0.1911,      0.1575,     49.4397,      0.1994,      5.5995,     11.1990,      1.7618,     28.6074,     57.2148,      0.0193,      0.0024,      0.2500,      0.2040,   7802.7168,-464943.7500,  -1043.8774,    549.6180,  26009.0547,
       1,     169,      51,      15,       1,       3,       1,     10.0000,      1.4031,     42.6432,    249.3067,     62.7413,      3.4953,      0.1946,      0.1613,     93.1018,      0.1913,      5.5995,     11.1990,      1.6901,     28.6074,     57.2148,      0.0193,      0.0046,      0.2500,      0.2040,   7802.7168,-484362.8125,  -1049.4080,    548.2841,  26009.0527,
       1,     169,      51,      16,       1,       3,       1,     10.0000,      1.4031,     42.6432,    249.3067,     62.7413,      3.4953,      0.1969,      0.1634,    122.5368,      0.1953,      5.5995,     11.1990,      1.7256,     28.6074,     57.2148,      0.0193,      0.0060,      0.2500,      0.2040,   7802.7163,-540421.1250,  -1065.3182,    544.4437,  26009.0527,
       1,     169,      51,      17,       1,       3,       1,     10.0000,      1.4031,     42.6432,    249.3067,     62.7413,      3.4953,      0.1944,      0.1609,    143.8311,      0.1972,      5.5995,     11.1990,      1.7427,     28.6074,     57.2148,      0.0193,      0.0072,      0.2441,      0.2039,   7802.7163,-581962.0625,  -1077.3961,    541.6300,  26009.0547,
       1,     169,      51,      18,       1,       3,       1,     10.0000,      1.4031,     42.6432,    249.3067,     62.7413,      3.4953,      0.1800,      0.1467,    148.3471,      0.1892,      5.5995,     11.1990,      1.6717,     28.6074,     57.2148,      0.0193,      0.0082,      0.2225,      0.2038,   7802.7168,-612092.9375,  -1086.4727,    539.5973,  26009.0527,
       1,     169,      51,      19,       1,       3,       1,     10.0000,      1.4031,     42.6432,    249.3067,     62.7413,      3.4953,      0.1358,      0.1030,    110.5366,      0.1744,      5.5995,     11.1990,      1.5409,     28.6074,     57.2148,      0.0193,      0.0083,      0.1626,      0.2038,   7802.7163,-620315.2500,  -1089.5264,    539.0464,  26009.0508,
       1,     169,      51,      20,       1,       3,       1,     10.0000,      1.4031,     42.6432,    249.3067,     62.7413,      3.4953,      0.0153,     -0.0169,      0.7220,      0.1560,      5.5995,     11.1990,      1.3789,     28.6074,     57.2148,      0.0193,      0.0075,      0.0012,      0.2038,   7802.7153,-573809.0625,  -1077.1213,    542.1804,  26009.0508,
       1,     169,      51,      21,       1,       3,       1,     10.0000,      1.4031,     42.6432,    249.3067,     62.7413,      3.4953,      0.0000,     -0.0319,      9.0636,      0.1481,      5.5995,     11.1990,      1.3086,     28.6074,     57.2148,      0.0193,      0.0071,      0.0156,      0.2038,   7802.7153,-432865.5625,  -1037.6425,    551.7416,  26009.0488,
       1,     169,      51,      22,       1,       3,       1,     10.0000,      1.4031,     42.6432,    249.3067,     62.7413,      3.4953,      0.0000,     -0.0318,      8.6235,      0.1448,      5.5995,     11.1990,      1.2799,     28.6074,     57.2148,      0.0193,      0.0068,      0.0156,      0.2040,   7802.7148,-431442.9688,  -1037.2510,    551.9246,  26009.0488,
       1,     169,      51,      23,       1,       3,       1,     10.0000,      1.4031,     42.6432,    249.3067,     62.7413,      3.4953,      0.0000,     -0.0318,      7.9241,      0.1450,      5.5995,     11.1990,      1.2811,     28.6074,     57.2148,      0.0193,      0.0062,      0.0156,      0.2040,   7802.7148,-430667.3438,  -1037.0386,    551.9780,  26009.0469,
       1,     169,      51,      24,       1,       3,       1,     10.0000,      1.4031,     42.6432,    249.3067,     62.7413,      3.4953,      0.0000,     -0.0316,      6.7107,      0.1408,      5.5995,     11.1990,      1.2442,     28.6074,     57.2148,      0.0193,      0.0053,      0.0156,      0.2040,   7802.7144,-429730.4062,  -1036.7804,    552.0427,  26009.0469,
       1,     169,      52,       1,       1,       3,       1,     10.0000,      1.4031,     42.6436,    249.3125,     62.7426,      3.4953,      0.0000,     -0.0313,      5.7893,      0.1329,      5.5987,     11.1973,      1.1744,     28.6143,     57.2287,      0.0193,      0.0045,      0.0156,      0.2040,   7802.7144,-428293.0625,  -1036.7839,    552.1547,  26010.2031,
       1,     169,      52,       2,       1,       3,       1,     10.0000,      1.4031,     42.6436,    249.3125,     62.7426,      3.4953,      0.0000,     -0.0312,      4.9923,      0.1294,      5.5987,     11.1973,      1.1437,     28.6143,     57.2287,      0.0193,      0.0039,      0.0156,      0.2040,   7803.0610,-426871.4375,  -1035.9818,    552.2529,  26010.2031,
       1,     169,      52,       3,       1,       3,       1,     10.0000,      1.4031,     42.6436,    249.3125,     62.7426,      3.4953,      0.0000,     -0.0314,      4.6773,      0.1340,      5.5987,     11.1973,      1.1839,     28.6143,     57.2287,      0.0193,      0.0037,      0.0156,      0.2040,   7803.0610,-425757.2500,  -1035.6704,    552.3298,  26010.2031,
       1,     169,      52,       4,       1,       3,       1,     10.0000,      1.4031,     42.6436,    249.3125,     62.7426,      3.4953,      0.0000,     -0.0312,      4.1269,      0.1304,      5.5987,     11.1973,      1.1519,     28.6143,     57.2287,      0.0193,      0.0032,      0.0156,      0.2040,   7803.0610,-425269.6250,  -1035.5361,    552.3635,  26010.2031,
       1,     169,      52,       5,       1,       3,       1,     10.0000,      1.4031,     42.6436,    249.3125,     62.7426,      3.4953,      0.0000,     -0.0311,      3.2099,      0.1266,      5.5987,     11.1973,      1.1184,     28.6143,     57.2287,      0.0193,      0.0025,      0.0156,      0.2040,   7803.0610,-424542.7500,  -1035.3337,    552.4137,  26010.2031,
       1,     169,      52,       6,       1,       3,       1,     10.0000,      1.4031,     42.6436,    249.3125,     62.7426,      3.4953,      0.0000,     -0.0312,      2.8117,      0.1284,      5.5987,     11.1973,      1.1345,     28.6143,     57.2287,      0.0193,      0.0022,      0.0156,      0.2040,   7803.0610,-423339.1562,  -1034.9955,    552.4968,  26010.2031,
       1,     169,      52,       7,       1,       3,       1,     10.0000,      1.4031,     42.6436,    249.3125,     62.7426,      3.4953,      0.0000,     -0.0312,      2.2209,      0.1288,      5.5987,     11.1973,      1.1379,     28.6143,     57.2287,      0.0193,      0.0017,      0.0156,      0.2040,   7803.0610,-422740.3125,  -1034.8280,    552.5381,  26010.2031,
       1,     169,      52,       8,       1,       3,       1,     10.0000,      1.4031,     42.6436,    249.3125,     62.7426,      3.4953,      0.0012,     -0.0296,      2.3218,      0.1183,      5.5987,     11.1973,      1.0456,     28.6143,     57.2287,      0.0193,      0.0018,      0.0156,      0.2040,   7803.0610,-421953.5625,  -1034.6069,    552.5925,  26010.2031,
       1,     169,      52,       9,       1,       3,       1,     10.0000,      1.4031,     42.6436,    249.3125,     62.7426,      3.4953,      0.0804,      0.0493,     10.7892,      0.1258,      5.5987,     11.1973,      1.1116,     28.6143,     57.2287,      0.0193,      0.0014,      0.0948,      0.2040,   7803.0610,-422011.5625,  -1034.6256,    552.5885,  26010.2031,
       1,     169,      52,      10,       1,       3,       1,     10.0000,      1.4031,     42.6436,    249.3125,     62.7426,      3.4953,      0.1658,      0.1338,     28.5618,      0.1529,      5.5987,     11.1973,      1.3514,     28.6143,     57.2287,      0.0193,      0.0016,      0.2154,      0.2040,   7803.0610,-432553.0312,  -1037.6244,    551.8604,  26010.2031,
       1,     169,      52,      11,       1,       3,       1,     10.0000,      1.4031,     42.6436,    249.3125,     62.7426,      3.4953,      0.1905,      0.1578,     38.5908,      0.1711,      5.5987,     11.1973,      1.5120,     28.6143,     57.2287,      0.0193,      0.0019,      0.2500,      0.2040,   7803.0610,-455579.3750,  -1044.1814,    550.2724,  26010.1992,
       1,     169,      52,      12,       1,       3,       1,     10.0000,      1.4031,     42.6436,    249.3125,     62.7426,      3.4953,      0.1907,      0.1573,     42.7017,      0.1913,      5.5987,     11.1973,      1.6901,     28.6143,     57.2287,      0.0193,      0.0021,      0.2500,      0.2040,   7803.0601,-470049.0000,  -1048.3331,    549.2794,  26010.2012,
       1,     169,      52,      13,       1,       3,       1,     10.0000,      1.4031,     42.6436,    249.3125,     62.7426,      3.4953,      0.1858,      0.1521,     29.8659,      0.2040,      5.5987,     11.1973,      1.8023,     28.6143,     57.2287,      0.0193,      0.0015,      0.2445,      0.2040,   7803.0605,-476408.5625,  -1050.2084,    548.8437,  26010.1992,
       1,     169,      52,      14,       1,       3,       1,     10.0000,      1.4031,     42.6436,    249.3125,     62.7426,      3.4953,      0.1919,      0.1580,     60.4228,      0.2103,      5.5987,     11.1973,      1.8582,     28.6143,     57.2287,      0.0193,      0.0030,      0.2500,      0.2040,   7803.0601,-460968.0938,  -1045.9028,    549.9031,  26010.2012,
       1,     169,      52,      15,       1,       3,       1,     10.0000,      1.4031,     42.6436,    249.3125,     62.7426,      3.4953,      0.1946,      0.1606,     94.8553,      0.2113,      5.5987,     11.1973,      1.8674,     28.6143,     57.2287,      0.0193,      0.0046,      0.2500,      0.2040,   7803.0605,-497692.8125,  -1056.3973,    547.3798,  26010.2012,
       1,     169,      52,      16,       1,       3,       1,     10.0000,      1.4031,     42.6436,    249.3125,     62.7426,      3.4953,      0.1867,      0.1530,    113.0521,      0.2030,      5.5987,     11.1973,      1.7934,     28.6143,     57.2287,      0.0193,      0.0058,      0.2364,      0.2040,   7803.0605,-543752.5000,  -1069.6595,    544.2340,  26010.1992,
       1,     169,      52,      17,       1,       3,       1,     10.0000,      1.4031,     42.6436,    249.3125,     62.7426,      3.4953,      0.1907,      0.1572,    151.9985,      0.1963,      5.5987,     11.1973,      1.7342,     28.6143,     57.2287,      0.0193,      0.0078,      0.2377,      0.2039,   7803.0601,-570403.9375,  -1077.6234,    542.4299,  26010.1973,
       1,     169,      52,      18,       1,       3,       1,     10.0000,      1.4031,     42.6436,    249.3125,     62.7426,      3.4953,      0.1795,      0.1463,    159.2720,      0.1890,      5.5987,     11.1973,      1.6701,     28.6143,     57.2287,      0.0193,      0.0088,      0.2206,      0.2039,   7803.0596,-621260.3125,  -1092.6315,    538.9847,  26010.1973,
       1,     169,      52,      19,       1,       3,       1,     10.0000,      1.4031,     42.6436,    249.3125,     62.7426,      3.4953,      0.1127,      0.0797,    101.0789,      0.1811,      5.5987,     11.1973,      1.6003,     28.6143,     57.2287,      0.0193,      0.0095,      0.1302,      0.2038,   7803.0596,-634729.8750,  -1097.2426,    538.0881,  26010.1953,
       1,     169,      52,      20,       1,       3,       1,     10.0000,      1.4031,     42.6436,    249.3125,     62.7426,      3.4953,      0.0158,     -0.0166,      1.0259,      0.1637,      5.5987,     11.1973,      1.4469,     28.6143,     57.2287,      0.0193,      0.0079,      0.0016,      0.2038,   7803.0591,-563207.3125,  -1077.6350,    542.8995,  26010.1953,
       1,     169,      52,      21,       1,       3,       1,     10.0000,      1.4031,     42.6436,    249.3125,     62.7426,      3.4953,      0.0000,     -0.0320,      8.4582,      0.1522,      5.5987,     11.1973,      1.3447,     28.6143,     57.2287,      0.0193,      0.0066,      0.0156,      0.2039,   7803.0591,-432380.2188,  -1040.6371,    551.7994,  26010.1934,
       1,     169,      52,      22,       1,       3,       1,     10.0000,      1.4031,     42.6436,    249.3125,     62.7426,      3.4953,      0.0000,     -0.0319,      8.3191,      0.1475,      5.5987,     11.1973,      1.3033,     28.6143,     57.2287,      0.0193,      0.0065,      0.0156,      0.2040,   7803.0581,-430636.3438,  -1040.1497,    551.9930,  26010.1934,
       1,     169,      52,      23,       1,       3,       1,     10.0000,      1.4031,     42.6436,    249.3125,     62.7426,      3.4953,      0.0000,     -0.0314,      8.3061,      0.1348,      5.5987,     11.1973,      1.1912,     28.6143,     57.2287,      0.0193,      0.0065,      0.0156,      0.2040,   7803.0581,-430222.1250,  -1040.0391,    552.0217,  26010.1934,
       1,     169,      52,      24,       1,       3,       1,     10.0000,      1.4031,     42.6436,    249.3125,     62.7426,      3.4953,      0.0000,     -0.0313,      8.6954,      0.1313,      5.5987,     11.1973,      1.1601,     28.6143,     57.2287,      0.0193,      0.0068,      0.0156,      0.2040,   7803.0581,-430170.3125,  -1040.0316,    552.0252,  26010.1934,
       1,     169,      53,       1,       1,       3,       1,     10.0000,      1.4032,     42.6439,    249.3183,     62.7442,      3.4953,      0.0000,     -0.0312,      6.3803,      0.1289,      5.5992,     11.1984,      1.1391,     28.6216,     57.2432,      0.0193,      0.0050,      0.0156,      0.2041,   7803.0581,-430803.3750,  -1040.6289,    551.9944,  26011.3477,
       1,     169,      53,       2,       1,       3,       1,     10.0000,      1.4032,     42.6439,    249.3183,     62.7442,      3.4953,      0.0000,     -0.0313,      5.3529,      0.1304,      5.5992,     11.1984,      1.1519,     28.6216,     57.2432,      0.0193,      0.0042,      0.0156,      0.2041,   7803.4048,-427825.4688,  -1039.3761,    552.1999,  26011.3457,
       1,     169,      53,       3,       1,       3,       1,     10.0000,      1.4032,     42.6439,    249.3183,     62.7442,      3.4953,      0.0000,     -0.0311,      4.6698,      0.1259,      5.5992,     11.1984,      1.1128,     28.6216,     57.2432,      0.0193,      0.0037,      0.0156,      0.2041,   7803.4038,-426291.6250,  -1038.9431,    552.3058,  26011.3457,
       1,     169,      53,       4,       1,       3,       1,     10.0000,      1.4032,     42.6439,    249.3183,     62.7442,      3.4953,      0.0000,     -0.0310,      4.0132,      0.1238,      5.5992,     11.1984,      1.0936,     28.6216,     57.2432,      0.0193,      0.0031,      0.0156,      0.2041,   7803.4038,-425309.6562,  -1038.6666,    552.3736,  26011.3457,
       1,     169,      53,       5,       1,       3,       1,     10.0000,      1.4032,     42.6439,    249.3183,     62.7442,      3.4953,      0.0000,     -0.0306,      3.5014,      0.1149,      5.5992,     11.1984,      1.0150,     28.6216,     57.2432,      0.0193,      0.0027,      0.0156,      0.2041,   7803.4038,-424408.2812,  -1038.4126,    552.4358,  26011.3457,
       1,     169,      53,       6,       1,       3,       1,     10.0000,      1.4032,     42.6439,    249.3183,     62.7442,      3.4953,      0.0000,     -0.0304,      3.1968,      0.1099,      5.5992,     11.1984,      0.9712,     28.6216,     57.2432,      0.0193,      0.0025,      0.0156,      0.2041,   7803.4038,-423694.2188,  -1038.2118,    552.4852,  26011.3457,
       1,     169,      53,       7,       1,       3,       1,     10.0000,      1.4032,     42.6439,    249.3183,     62.7442,      3.4953,      0.0000,     -0.0303,      2.9766,      0.1062,      5.5992,     11.1984,      0.9387,     28.6216,     57.2432,      0.0193,      0.0023,      0.0156,      0.2041,   7803.4038,-423253.6250,  -1038.0887,    552.5156,  26011.3457,
       1,     169,      53,       8,       1,       3,       1,     10.0000,      1.4032,     42.6439,    249.3183,     62.7442,      3.4953,      0.0014,     -0.0288,      2.5837,      0.1061,      5.5992,     11.1984,      0.9378,     28.6216,     57.2432,      0.0193,      0.0020,      0.0156,      0.2041,   7803.4038,-422941.8438,  -1038.0024,    552.5372,  26011.3457,
       1,     169,      53,       9,       1,       3,       1,     10.0000,      1.4032,     42.6439,    249.3183,     62.7442,      3.4953,      0.0859,      0.0552,     15.5528,      0.1160,      5.5992,     11.1984,      1.0254,     28.6216,     57.2432,      0.0193,      0.0019,      0.1024,      0.2041,   7803.4038,-422426.1562,  -1037.8575,    552.5728,  26011.3457,
       1,     169,      53,      10,       1,       3,       1,     10.0000,      1.4032,     42.6439,    249.3183,     62.7442,      3.4953,      0.1616,      0.1293,     23.2208,      0.1591,      5.5992,     11.1984,      1.4055,     28.6216,     57.2432,      0.0193,      0.0014,      0.2099,      0.2041,   7803.4038,-438518.3125,  -1042.4762,    551.4612,  26011.3457,
       1,     169,      53,      11,       1,       3,       1,     10.0000,      1.4032,     42.6439,    249.3183,     62.7442,      3.4953,      0.1809,      0.1483,     20.6081,      0.1692,      5.5992,     11.1984,      1.4955,     28.6216,     57.2432,      0.0193,      0.0011,      0.2382,      0.2041,   7803.4038,-449447.1875,  -1045.6266,    550.7090,  26011.3457,
       1,     169,      53,      12,       1,       3,       1,     10.0000,      1.4032,     42.6439,    249.3183,     62.7442,      3.4953,      0.1892,      0.1561,     23.5140,      0.1833,      5.5992,     11.1984,      1.6196,     28.6216,     57.2432,      0.0193,      0.0012,      0.2500,      0.2040,   7803.4038,-447133.5000,  -1044.9897,    550.8688,  26011.3457,
       1,     169,      53,      13,       1,       3,       1,     10.0000,      1.4032,     42.6439,    249.3183,     62.7442,      3.4953,      0.1888,      0.1553,     20.3769,      0.1980,      5.5992,     11.1984,      1.7497,     28.6216,     57.2432,      0.0193,      0.0010,      0.2500,      0.2040,   7803.4038,-450551.1562,  -1045.9944,    550.6335,  26011.3457,
       1,     169,      53,      14,       1,       3,       1,     10.0000,      1.4032,     42.6439,    249.3183,     62.7442,      3.4953,      0.1896,      0.1557,     30.4507,      0.2089,      5.5992,     11.1984,      1.8455,     28.6216,     57.2432,      0.0193,      0.0015,      0.2500,      0.2040,   7803.4038,-446939.7812,  -1044.9845,    550.8821,  26011.3457,
       1,     169,      53,      15,       1,       3,       1,     10.0000,      1.4032,     42.6439,    249.3183,     62.7442,      3.4953,      0.1939,      0.1598,     86.0364,      0.2170,      5.5992,     11.1984,      1.9177,     28.6216,     57.2432,      0.0193,      0.0042,      0.2500,      0.2040,   7803.4038,-459168.5000,  -1048.5173,    550.0400,  26011.3457,
       1,     169,      53,      16,       1,       3,       1,     10.0000,      1.4032,     42.6439,    249.3183,     62.7442,      3.4953,      0.1956,      0.1613,    108.2314,      0.2209,      5.5992,     11.1984,      1.9519,     28.6216,     57.2432,      0.0193,      0.0053,      0.2500,      0.2040,   7803.4038,-529418.1250,  -1068.7229,    545.2107,  26011.3418,
       1,     169,      53,      17,       1,       3,       1,     10.0000,      1.4032,     42.6439,    249.3183,     62.7442,      3.4953,      0.1867,      0.1525,    131.1270,      0.2192,      5.5992,     11.1984,      1.9366,     28.6216,     57.2432,      0.0193,      0.0068,      0.2344,      0.2040,   7803.4028,-563163.6250,  -1078.7090,    542.9321,  26011.3398,
       1,     169,      53,      18,       1,       3,       1,     10.0000,      1.4032,     42.6439,    249.3183,     62.7442,      3.4953,      0.1739,      0.1402,    146.5159,      0.2042,      5.5992,     11.1984,      1.8041,     28.6216,     57.2432,      0.0193,      0.0084,      0.2140,      0.2039,   7803.4023,-594590.7500,  -1088.2106,    540.8041,  26011.3164,
       1,     169,      53,      19,       1,       3,       1,     10.0000,      1.4032,     42.6439,    249.3183,     62.7442,      3.4953,      0.1195,      0.0863,    105.2840,      0.1871,      5.5992,     11.1984,      1.6537,     28.6216,     57.2432,      0.0193,      0.0092,      0.1395,      0.2039,   7803.3950,-616491.3125,  -1095.1516,    539.3276,  26011.2500,
       1,     169,      53,      20,       1,       3,       1,     10.0000,      1.4032,     42.6439,    249.3183,     62.7442,      3.4953,      0.0158,     -0.0168,      0.9803,      0.1657,      5.5992,     11.1984,      1.4644,     28.6216,     57.2432,      0.0193,      0.0085,      0.0014,      0.2038,   7803.3755,-566913.5625,  -1081.6298,    542.6720,  26011.3379,
       1,     169,      53,      21,       1,       3,       1,     10.0000,      1.4032,     42.6439,    249.3183,     62.7442,      3.4953,      0.0000,     -0.0320,     10.4949,      0.1493,      5.5992,     11.1984,      1.3192,     28.6216,     57.2432,      0.0193,      0.0082,      0.0156,      0.2039,   7803.4019,-432621.2500,  -1043.3256,    551.7920,  26011.3379,
       1,     169,      53,      22,       1,       3,       1,     10.0000,      1.4032,     42.6439,    249.3183,     62.7442,      3.4953,      0.0000,     -0.0314,      9.9330,      0.1334,      5.5992,     11.1984,      1.1792,     28.6216,     57.2432,      0.0193,      0.0078,      0.0156,      0.2041,   7803.4019,-433198.8125,  -1043.5056,    551.8292,  26011.3379,
       1,     169,      53,      23,       1,       3,       1,     10.0000,      1.4032,     42.6439,    249.3183,     62.7442,      3.4953,      0.0000,     -0.0314,      8.7324,      0.1343,      5.5992,     11.1984,      1.1864,     28.6216,     57.2432,      0.0193,      0.0068,      0.0156,      0.2041,   7803.4019,-432453.2812,  -1043.3013,    551.8806,  26011.3379,
       1,     169,      53,      24,       1,       3,       1,     10.0000,      1.4032,     42.6439,    249.3183,     62.7442,      3.4953,      0.0000,     -0.0312,      7.1809,      0.1292,      5.5992,     11.1984,      1.1414,     28.6216,     57.2432,      0.0193,      0.0056,      0.0156,      0.2041,   7803.4019,-430895.0625,  -1042.8615,    551.9880,  26011.3379,
       1,     169,      54,       1,       1,       3,       1,     10.0000,      1.4032,     42.6442,    249.3241,     62.7456,      3.4953,      0.0000,     -0.0309,      5.7452,      0.1210,      5.5987,     11.1974,      1.0694,     28.6285,     57.2570,      0.0193,      0.0045,      0.0156,      0.2041,   7803.4019,-428984.1250,  -1042.7303,    552.1328,  26012.4922,
       1,     169,      54,       2,       1,       3,       1,     10.0000,      1.4032,     42.6442,    249.3241,     62.7456,      3.4953,      0.0000,     -0.0309,      4.7210,      0.1213,      5.5987,     11.1974,      1.0716,     28.6285,     57.2570,      0.0193,      0.0037,      0.0156,      0.2041,   7803.7480,-426882.5625,  -1041.7209,    552.2779,  26012.4922,
       1,     169,      54,       3,       1,       3,       1,     10.0000,      1.4032,     42.6442,    249.3241,     62.7456,      3.4953,      0.0000,     -0.0306,      3.4355,      0.1149,      5.5987,     11.1974,      1.0150,     28.6285,     57.2570,      0.0193,      0.0027,      0.0156,      0.2041,   7803.7480,-425427.6250,  -1041.3066,    552.3784,  26012.4922,
       1,     169,      54,       4,       1,       3,       1,     10.0000,      1.4032,     42.6442,    249.3241,     62.7456,      3.4953,      0.0000,     -0.0306,      2.8715,      0.1140,      5.5987,     11.1974,      1.0078,     28.6285,     57.2570,      0.0193,      0.0023,      0.0156,      0.2041,   7803.7480,-423703.3125,  -1040.8130,    552.4974,  26012.4922,
       1,     169,      54,       5,       1,       3,       1,     10.0000,      1.4032,     42.6442,    249.3241,     62.7456,      3.4953,      0.0000,     -0.0305,      1.9828,      0.1121,      5.5987,     11.1974,      0.9903,     28.6285,     57.2570,      0.0193,      0.0016,      0.0156,      0.2041,   7803.7480,-422853.5312,  -1040.5712,    552.5560,  26012.4922,
       1,     169,      54,       6,       1,       3,       1,     10.0000,      1.4032,     42.6442,    249.3241,     62.7456,      3.4953,      0.0000,     -0.0304,      1.4501,      0.1092,      5.5987,     11.1974,      0.9652,     28.6285,     57.2570,      0.0193,      0.0011,      0.0156,      0.2041,   7803.7480,-421674.9375,  -1040.2335,    552.6375,  26012.4922,
       1,     169,      54,       7,       1,       3,       1,     10.0000,      1.4032,     42.6442,    249.3241,     62.7456,      3.4953,      0.0000,     -0.0304,      1.4059,      0.1092,      5.5987,     11.1974,      0.9652,     28.6285,     57.2570,      0.0193,      0.0011,      0.0156,      0.2041,   7803.7480,-420910.8125,  -1040.0149,    552.6902,  26012.4922,
       1,     169,      54,       8,       1,       3,       1,     10.0000,      1.4032,     42.6442,    249.3241,     62.7456,      3.4953,      0.0015,     -0.0288,      1.2882,      0.1068,      5.5987,     11.1974,      0.9436,     28.6285,     57.2570,      0.0193,      0.0010,      0.0156,      0.2041,   7803.7480,-420790.2500,  -1039.9814,    552.6986,  26012.4922,
       1,     169,      54,       9,       1,       3,       1,     10.0000,      1.4032,     42.6442,    249.3241,     62.7456,      3.4953,      0.0622,      0.0317,      5.6481,      0.1124,      5.5987,     11.1974,      0.9934,     28.6285,     57.2570,      0.0193,      0.0010,      0.0697,      0.2041,   7803.7480,-420633.4375,  -1039.9376,    552.7094,  26012.4922,
       1,     169,      54,      10,       1,       3,       1,     10.0000,      1.4032,     42.6442,    249.3241,     62.7456,      3.4953,      0.1666,      0.1350,     18.9096,      0.1393,      5.5987,     11.1974,      1.2305,     28.6285,     57.2570,      0.0193,      0.0011,      0.2176,      0.2041,   7803.7480,-426043.8750,  -1041.5029,    552.3356,  26012.4922,
       1,     169,      54,      11,       1,       3,       1,     10.0000,      1.4032,     42.6442,    249.3241,     62.7456,      3.4953,      0.1843,      0.1513,     26.9467,      0.1783,      5.5987,     11.1974,      1.5751,     28.6285,     57.2570,      0.0193,      0.0014,      0.2424,      0.2041,   7803.7480,-443008.5312,  -1046.4120,    551.1645,  26012.4922,
       1,     169,      54,      12,       1,       3,       1,     10.0000,      1.4032,     42.6442,    249.3241,     62.7456,      3.4953,      0.1893,      0.1558,     26.1690,      0.1957,      5.5987,     11.1974,      1.7291,     28.6285,     57.2570,      0.0193,      0.0013,      0.2500,      0.2041,   7803.7480,-454470.7812,  -1049.7454,    550.3760,  26012.4922,
       1,     169,      54,      13,       1,       3,       1,     10.0000,      1.4032,     42.6442,    249.3241,     62.7456,      3.4953,      0.1890,      0.1546,     24.0964,      0.2253,      5.5987,     11.1974,      1.9906,     28.6285,     57.2570,      0.0193,      0.0012,      0.2500,      0.2041,   7803.7480,-454486.5312,  -1049.7842,    550.3755,  26012.4941,
       1,     169,      54,      14,       1,       3,       1,     10.0000,      1.4032,     42.6442,    249.3241,     62.7456,      3.4953,      0.1894,      0.1545,     31.4247,      0.2450,      5.5987,     11.1974,      2.1651,     28.6285,     57.2570,      0.0193,      0.0015,      0.2500,      0.2041,   7803.7485,-451907.1250,  -1049.0704,    550.5530,  26012.4922,
       1,     169,      54,      15,       1,       3,       1,     10.0000,      1.4032,     42.6442,    249.3241,     62.7456,      3.4953,      0.1931,      0.1580,     79.9715,      0.2540,      5.5987,     11.1974,      2.2445,     28.6285,     57.2570,      0.0193,      0.0039,      0.2500,      0.2041,   7803.7480,-460807.2188,  -1051.6741,    549.9405,  26012.4902,
       1,     169,      54,      16,       1,       3,       1,     10.0000,      1.4032,     42.6442,    249.3241,     62.7456,      3.4953,      0.1902,      0.1554,    130.0457,      0.2436,      5.5987,     11.1974,      2.1525,     28.6285,     57.2570,      0.0193,      0.0066,      0.2400,      0.2041,   7803.7476,-522001.9688,  -1069.4194,    545.7341,  26012.4922,
       1,     169,      54,      17,       1,       3,       1,     10.0000,      1.4032,     42.6442,    249.3241,     62.7456,      3.4953,      0.1809,      0.1465,    151.3086,      0.2282,      5.5987,     11.1974,      2.0161,     28.6285,     57.2570,      0.0193,      0.0083,      0.2238,      0.2040,   7803.7480,-589685.1250,  -1089.2611,    541.1332,  26012.3320,
       1,     169,      54,      18,       1,       3,       1,     10.0000,      1.4032,     42.6442,    249.3241,     62.7456,      3.4953,      0.1664,      0.1325,    158.3065,      0.2091,      5.5987,     11.1974,      1.8473,     28.6285,     57.2570,      0.0193,      0.0096,      0.2017,      0.2039,   7803.6997,-622063.6875,  -1099.2875,    538.9623,  26012.2441,
       1,     169,      54,      19,       1,       3,       1,     10.0000,      1.4032,     42.6442,    249.3241,     62.7456,      3.4953,      0.0975,      0.0642,     81.5678,      0.1881,      5.5987,     11.1974,      1.6619,     28.6285,     57.2570,      0.0193,      0.0091,      0.1102,      0.2038,   7803.6733,-633572.0000,  -1103.4313,    538.1913,  26012.2031,
       1,     169,      54,      20,       1,       3,       1,     10.0000,      1.4032,     42.6442,    249.3241,     62.7456,      3.4953,      0.0142,     -0.0184,     10.9447,      0.1666,      5.5987,     11.1974,      1.4718,     28.6285,     57.2570,      0.0193,      0.0086,      0.0156,      0.2038,   7803.6611,-538760.1875,  -1076.7322,    544.5703,  26012.4043,
       1,     169,      54,      21,       1,       3,       1,     10.0000,      1.4032,     42.6442,    249.3241,     62.7456,      3.4953,      0.0000,     -0.0321,      9.8354,      0.1533,      5.5987,     11.1974,      1.3542,     28.6285,     57.2570,      0.0193,      0.0077,      0.0156,      0.2040,   7803.7217,-442735.0938,  -1049.0746,    551.1447,  26012.4844,
       1,     169,      54,      22,       1,       3,       1,     10.0000,      1.4032,     42.6442,    249.3241,     62.7456,      3.4953,      0.0000,     -0.0320,      9.2489,      0.1501,      5.5987,     11.1974,      1.3259,     28.6285,     57.2570,      0.0193,      0.0072,      0.0156,      0.2041,   7803.7456,-433202.1250,  -1046.2938,    551.8414,  26012.4844,
       1,     169,      54,      23,       1,       3,       1,     10.0000,      1.4032,     42.6442,    249.3241,     62.7456,      3.4953,      0.0000,     -0.0317,      7.3521,      0.1428,      5.5987,     11.1974,      1.2620,     28.6285,     57.2570,      0.0193,      0.0058,      0.0156,      0.2041,   7803.7456,-431605.4375,  -1045.8400,    551.9519,  26012.4844,
       1,     169,      54,      24,       1,       3,       1,     10.0000,      1.4032,     42.6442,    249.3241,     62.7456,      3.4953,      0.0000,     -0.0313,      5.8926,      0.1325,      5.5987,     11.1974,      1.1708,     28.6285,     57.2570,      0.0193,      0.0046,      0.0156,      0.2041,   7803.7456,-429107.8750,  -1045.1228,    552.1243,  26012.4844,
       1,     169,      55,       1,       1,       3,       1,     10.0000,      1.4032,     42.6446,    249.3300,     62.7471,      3.4953,      0.0000,     -0.0311,      4.8666,      0.1272,      5.5994,     11.1988,      1.1242,     28.6342,     57.2684,      0.0193,      0.0038,      0.0156,      0.2041,   7803.7456,-427230.7500,  -1044.9994,    552.2665,  26013.6406,
       1,     169,      55,       2,       1,       3,       1,     10.0000,      1.4032,     42.6446,    249.3300,     62.7471,      3.4953,      0.0000,     -0.0309,      3.6332,      0.1210,      5.5994,     11.1988,      1.0694,     28.6342,     57.2684,      0.0193,      0.0028,      0.0156,      0.2041,   7804.0923,-425642.0625,  -1044.1294,    552.3763,  26013.6406,
       1,     169,      55,       3,       1,       3,       1,     10.0000,      1.4032,     42.6446,    249.3300,     62.7471,      3.4953,      0.0000,     -0.0308,      3.2934,      0.1192,      5.5994,     11.1988,      1.0531,     28.6342,     57.2684,      0.0193,      0.0026,      0.0156,      0.2041,   7804.0923,-423971.0938,  -1043.6481,    552.4916,  26013.6406,
       1,     169,      55,       4,       1,       3,       1,     10.0000,      1.4032,     42.6446,    249.3300,     62.7471,      3.4953,      0.0000,     -0.0308,      2.8124,      0.1197,      5.5994,     11.1988,      1.0575,     28.6342,     57.2684,      0.0193,      0.0022,      0.0156,      0.2041,   7804.0923,-423405.0625,  -1043.4871,    552.5308,  26013.6406,
       1,     169,      55,       5,       1,       3,       1,     10.0000,      1.4032,     42.6446,    249.3300,     62.7471,      3.4953,      0.0000,     -0.0307,      2.0543,      0.1155,      5.5994,     11.1988,      1.0202,     28.6342,     57.2684,      0.0193,      0.0016,      0.0156,      0.2041,   7804.0923,-422757.9688,  -1043.3021,    552.5755,  26013.6406,
       1,     169,      55,       6,       1,       3,       1,     10.0000,      1.4032,     42.6446,    249.3300,     62.7471,      3.4953,      0.0000,     -0.0306,      1.3759,      0.1140,      5.5994,     11.1988,      1.0078,     28.6342,     57.2684,      0.0193,      0.0011,      0.0156,      0.2041,   7804.0923,-421759.2188,  -1043.0143,    552.6443,  26013.6406,
       1,     169,      55,       7,       1,       3,       1,     10.0000,      1.4032,     42.6446,    249.3300,     62.7471,      3.4953,      0.0000,     -0.0306,      1.3275,      0.1131,      5.5994,     11.1988,      0.9995,     28.6342,     57.2684,      0.0193,      0.0010,      0.0156,      0.2041,   7804.0923,-420829.6875,  -1042.7455,    552.7086,  26013.6406,
       1,     169,      55,       8,       1,       3,       1,     10.0000,      1.4032,     42.6446,    249.3300,     62.7471,      3.4953,      0.0018,     -0.0287,      1.3359,      0.1120,      5.5994,     11.1988,      0.9893,     28.6342,     57.2684,      0.0193,      0.0010,      0.0156,      0.2041,   7804.0923,-420689.5938,  -1042.7062,    552.7183,  26013.6406,
       1,     169,      55,       9,       1,       3,       1,     10.0000,      1.4032,     42.6446,    249.3300,     62.7471,      3.4953,      0.0928,      0.0623,      6.0224,      0.1125,      5.5994,     11.1988,      0.9944,     28.6342,     57.2684,      0.0193,      0.0006,      0.1135,      0.2041,   7804.0923,-420687.9688,  -1042.7073,    552.7184,  26013.6406,
       1,     169,      55,      10,       1,       3,       1,     10.0000,      1.4032,     42.6446,    249.3300,     62.7471,      3.4953,      0.1722,      0.1412,     10.0576,      0.1242,      5.5994,     11.1988,      1.0971,     28.6342,     57.2684,      0.0193,      0.0005,      0.2265,      0.2041,   7804.0923,-426517.3438,  -1044.4071,    552.3157,  26013.6406,
       1,     169,      55,      11,       1,       3,       1,     10.0000,      1.4032,     42.6446,    249.3300,     62.7471,      3.4953,      0.1885,      0.1562,     11.6703,      0.1578,      5.5994,     11.1988,      1.3943,     28.6342,     57.2684,      0.0193,      0.0006,      0.2500,      0.2041,   7804.0923,-432038.5312,  -1046.0212,    551.9347,  26013.6406,
       1,     169,      55,      12,       1,       3,       1,     10.0000,      1.4032,     42.6446,    249.3300,     62.7471,      3.4953,      0.1883,      0.1547,     12.6093,      0.1967,      5.5994,     11.1988,      1.7377,     28.6342,     57.2684,      0.0193,      0.0006,      0.2500,      0.2041,   7804.0923,-434519.3750,  -1046.7531,    551.7637,  26013.6406,
       1,     169,      55,      13,       1,       3,       1,     10.0000,      1.4032,     42.6446,    249.3300,     62.7471,      3.4953,      0.1882,      0.1541,     13.9479,      0.2187,      5.5994,     11.1988,      1.9329,     28.6342,     57.2684,      0.0193,      0.0007,      0.2500,      0.2041,   7804.0923,-435900.5312,  -1047.1650,    551.6684,  26013.6406,
       1,     169,      55,      14,       1,       3,       1,     10.0000,      1.4032,     42.6446,    249.3300,     62.7471,      3.4953,      0.1882,      0.1539,     14.0077,      0.2242,      5.5994,     11.1988,      1.9809,     28.6342,     57.2684,      0.0193,      0.0007,      0.2500,      0.2041,   7804.0923,-437684.5625,  -1047.6954,    551.5453,  26013.6406,
       1,     169,      55,      15,       1,       3,       1,     10.0000,      1.4032,     42.6446,    249.3300,     62.7471,      3.4953,      0.1894,      0.1547,     30.9954,      0.2384,      5.5994,     11.1988,      2.1068,     28.6342,     57.2684,      0.0193,      0.0015,      0.2500,      0.2041,   7804.0923,-437912.3438,  -1047.7765,    551.5297,  26013.6406,
       1,     169,      55,      16,       1,       3,       1,     10.0000,      1.4032,     42.6446,    249.3300,     62.7471,      3.4953,      0.1941,      0.1593,     91.1635,      0.2408,      5.5994,     11.1988,      2.1275,     28.6342,     57.2684,      0.0193,      0.0045,      0.2500,      0.2041,   7804.0923,-459068.0625,  -1053.9574,    550.0712,  26013.6406,
       1,     169,      55,      17,       1,       3,       1,     10.0000,      1.4032,     42.6446,    249.3300,     62.7471,      3.4953,      0.1880,      0.1532,    135.5400,      0.2401,      5.5994,     11.1988,      2.1213,     28.6342,     57.2684,      0.0193,      0.0070,      0.2360,      0.2041,   7804.0923,-535774.3750,  -1076.3597,    544.7989,  26013.4688,
       1,     169,      55,      18,       1,       3,       1,     10.0000,      1.4032,     42.6446,    249.3300,     62.7471,      3.4953,      0.1743,      0.1402,    144.3402,      0.2170,      5.5994,     11.1988,      1.9178,     28.6342,     57.2684,      0.0193,      0.0082,      0.2149,      0.2040,   7804.0410,-597739.2500,  -1094.8105,    540.6043,  26013.3145,
       1,     169,      55,      19,       1,       3,       1,     10.0000,      1.4032,     42.6446,    249.3300,     62.7471,      3.4953,      0.1292,      0.0957,     97.4724,      0.1961,      5.5994,     11.1988,      1.7326,     28.6342,     57.2684,      0.0193,      0.0077,      0.1544,      0.2039,   7803.9946,-614060.2500,  -1100.2635,    539.5175,  26013.2656,
       1,     169,      55,      20,       1,       3,       1,     10.0000,      1.4032,     42.6446,    249.3300,     62.7471,      3.4953,      0.0162,     -0.0166,      1.0605,      0.1737,      5.5994,     11.1988,      1.5349,     28.6342,     57.2684,      0.0193,      0.0079,      0.0017,      0.2039,   7803.9800,-556965.5625,  -1084.3198,    543.3689,  26013.3848,
       1,     169,      55,      21,       1,       3,       1,     10.0000,      1.4032,     42.6446,    249.3300,     62.7471,      3.4953,      0.0000,     -0.0323,      9.6683,      0.1597,      5.5994,     11.1988,      1.4112,     28.6342,     57.2684,      0.0193,      0.0076,      0.0156,      0.2040,   7804.0156,-431931.2812,  -1048.1100,    551.8753,  26013.6348,
       1,     169,      55,      22,       1,       3,       1,     10.0000,      1.4032,     42.6446,    249.3300,     62.7471,      3.4953,      0.0000,     -0.0322,      9.4767,      0.1553,      5.5994,     11.1988,      1.3721,     28.6342,     57.2684,      0.0193,      0.0074,      0.0156,      0.2041,   7804.0908,-432103.0625,  -1048.0831,    551.9302,  26013.6348,
       1,     169,      55,      23,       1,       3,       1,     10.0000,      1.4032,     42.6446,    249.3300,     62.7471,      3.4953,      0.0000,     -0.0318,      7.3642,      0.1460,      5.5994,     11.1988,      1.2903,     28.6342,     57.2684,      0.0193,      0.0058,      0.0156,      0.2041,   7804.0908,-431796.4062,  -1048.0043,    551.9515,  26013.6348,
       1,     169,      55,      24,       1,       3,       1,     10.0000,      1.4032,     42.6446,    249.3300,     62.7471,      3.4953,      0.0000,     -0.0315,      5.8379,      0.1372,      5.5994,     11.1988,      1.2119,     28.6342,     57.2684,      0.0193,      0.0046,      0.0156,      0.2041,   7804.0908,-429141.6875,  -1047.2368,    552.1346,  26013.6348,
       1,     169,      56,       1,       1,       3,       1,     10.0000,      1.4032,     42.6449,    249.3358,     62.7485,      3.4953,      0.0000,     -0.0313,      4.2426,      0.1317,      5.5993,     11.1987,      1.1638,     28.6418,     57.2835,      0.0193,      0.0033,      0.0156,      0.2041,   7804.0908,-427168.7188,  -1047.0845,    552.2838,  26014.7891,
       1,     169,      56,       2,       1,       3,       1,     10.0000,      1.4032,     42.6449,    249.3358,     62.7485,      3.4953,      0.0000,     -0.0313,      3.2563,      0.1325,      5.5993,     11.1987,      1.1709,     28.6418,     57.2835,      0.0193,      0.0026,      0.0156,      0.2041,   7804.4370,-424863.5312,  -1045.9995,    552.4430,  26014.7891,
       1,     169,      56,       3,       1,       3,       1,     10.0000,      1.4032,     42.6449,    249.3358,     62.7485,      3.4953,      0.0000,     -0.0312,      2.6012,      0.1283,      5.5993,     11.1987,      1.1334,     28.6418,     57.2835,      0.0193,      0.0020,      0.0156,      0.2041,   7804.4370,-423438.5938,  -1045.5865,    552.5414,  26014.7891,
       1,     169,      56,       4,       1,       3,       1,     10.0000,      1.4032,     42.6449,    249.3358,     62.7485,      3.4953,      0.0000,     -0.0311,      2.1248,      0.1267,      5.5993,     11.1987,      1.1197,     28.6418,     57.2835,      0.0193,      0.0017,      0.0156,      0.2041,   7804.4370,-422501.4062,  -1045.3154,    552.6061,  26014.7891,
       1,     169,      56,       5,       1,       3,       1,     10.0000,      1.4032,     42.6449,    249.3358,     62.7485,      3.4953,      0.0000,     -0.0310,      1.6923,      0.1243,      5.5993,     11.1987,      1.0982,     28.6418,     57.2835,      0.0193,      0.0013,      0.0156,      0.2041,   7804.4370,-421828.3750,  -1045.1212,    552.6526,  26014.7891,
       1,     169,      56,       6,       1,       3,       1,     10.0000,      1.4032,     42.6449,    249.3358,     62.7485,      3.4953,      0.0000,     -0.0311,      1.3644,      0.1250,      5.5993,     11.1987,      1.1049,     28.6418,     57.2835,      0.0193,      0.0011,      0.0156,      0.2041,   7804.4370,-421232.5625,  -1044.9490,    552.6938,  26014.7891,
       1,     169,      56,       7,       1,       3,       1,     10.0000,      1.4032,     42.6449,    249.3358,     62.7485,      3.4953,      0.0000,     -0.0311,      0.9247,      0.1256,      5.5993,     11.1987,      1.1094,     28.6418,     57.2835,      0.0193,      0.0007,      0.0156,      0.2041,   7804.4370,-420773.5625,  -1044.8162,    552.7255,  26014.7891,
       1,     169,      56,       8,       1,       3,       1,     10.0000,      1.4032,     42.6449,    249.3358,     62.7485,      3.4953,      0.0021,     -0.0287,      0.5536,      0.1192,      5.5993,     11.1987,      1.0532,     28.6418,     57.2835,      0.0193,      0.0004,      0.0156,      0.2041,   7804.4370,-420187.2500,  -1044.6458,    552.7661,  26014.7891,
       1,     169,      56,       9,       1,       3,       1,     10.0000,      1.4032,     42.6449,    249.3358,     62.7485,      3.4953,      0.0741,      0.0432,      2.5963,      0.1208,      5.5993,     11.1987,      1.0673,     28.6418,     57.2835,      0.0193,      0.0004,      0.0869,      0.2041,   7804.4370,-419675.2188,  -1044.4968,    552.8013,  26014.7891,
       1,     169,      56,      10,       1,       3,       1,     10.0000,      1.4032,     42.6449,    249.3358,     62.7485,      3.4953,      0.1661,      0.1342,      7.6178,      0.1478,      5.5993,     11.1987,      1.3061,     28.6418,     57.2835,      0.0193,      0.0004,      0.2181,      0.2041,   7804.4370,-422171.9062,  -1045.2285,    552.6288,  26014.7891,
       1,     169,      56,      11,       1,       3,       1,     10.0000,      1.4032,     42.6449,    249.3358,     62.7485,      3.4953,      0.1882,      0.1553,      9.9823,      0.1765,      5.5993,     11.1987,      1.5596,     28.6418,     57.2835,      0.0193,      0.0005,      0.2500,      0.2041,   7804.4370,-428632.0625,  -1047.1238,    552.1826,  26014.7891,
       1,     169,      56,      12,       1,       3,       1,     10.0000,      1.4032,     42.6449,    249.3358,     62.7485,      3.4953,      0.1881,      0.1543,     12.2203,      0.2091,      5.5993,     11.1987,      1.8474,     28.6418,     57.2835,      0.0193,      0.0006,      0.2500,      0.2041,   7804.4370,-432128.9375,  -1048.1565,    551.9414,  26014.7891,
       1,     169,      56,      13,       1,       3,       1,     10.0000,      1.4032,     42.6449,    249.3358,     62.7485,      3.4953,      0.1881,      0.1541,     12.5033,      0.2149,      5.5993,     11.1987,      1.8990,     28.6418,     57.2835,      0.0193,      0.0006,      0.2500,      0.2041,   7804.4370,-435213.1250,  -1049.0699,    551.7288,  26014.7891,
       1,     169,      56,      14,       1,       3,       1,     10.0000,      1.4032,     42.6449,    249.3358,     62.7485,      3.4953,      0.1884,      0.1539,     16.7534,      0.2297,      5.5993,     11.1987,      2.0300,     28.6418,     57.2835,      0.0193,      0.0008,      0.2500,      0.2041,   7804.4370,-435829.9688,  -1049.2634,    551.6862,  26014.7891,
       1,     169,      56,      15,       1,       3,       1,     10.0000,      1.4032,     42.6449,    249.3358,     62.7485,      3.4953,      0.1918,      0.1573,     61.2194,      0.2320,      5.5993,     11.1987,      2.0500,     28.6418,     57.2835,      0.0193,      0.0030,      0.2500,      0.2041,   7804.4370,-441170.1562,  -1050.8428,    551.3180,  26014.7891,
       1,     169,      56,      16,       1,       3,       1,     10.0000,      1.4032,     42.6449,    249.3358,     62.7485,      3.4953,      0.1961,      0.1617,    116.4779,      0.2302,      5.5993,     11.1987,      2.0340,     28.6418,     57.2835,      0.0193,      0.0057,      0.2500,      0.2041,   7804.4370,-496950.0312,  -1067.2191,    547.4740,  26014.6152,
       1,     169,      56,      17,       1,       3,       1,     10.0000,      1.4032,     42.6449,    249.3358,     62.7485,      3.4953,      0.1923,      0.1579,    161.2359,      0.2266,      5.5993,     11.1987,      2.0024,     28.6418,     57.2835,      0.0193,      0.0082,      0.2393,      0.2041,   7804.3848,-570600.0625,  -1089.0203,    542.4472,  26014.4355,
       1,     169,      56,      18,       1,       3,       1,     10.0000,      1.4032,     42.6449,    249.3358,     62.7485,      3.4953,      0.1816,      0.1475,    151.6249,      0.2145,      5.5993,     11.1987,      1.8953,     28.6418,     57.2835,      0.0193,      0.0083,      0.2246,      0.2040,   7804.3311,-632781.1875,  -1107.8254,    538.2539,  26014.2812,
       1,     169,      56,      19,       1,       3,       1,     10.0000,      1.4032,     42.6449,    249.3358,     62.7485,      3.4953,      0.1357,      0.1020,    107.1807,      0.2030,      5.5993,     11.1987,      1.7936,     28.6418,     57.2835,      0.0193,      0.0081,      0.1627,      0.2039,   7804.2847,-626156.0625,  -1106.7507,    538.7159,  26014.2871,
       1,     169,      56,      20,       1,       3,       1,     10.0000,      1.4032,     42.6449,    249.3358,     62.7485,      3.4953,      0.0157,     -0.0172,      0.4953,      0.1788,      5.5993,     11.1987,      1.5799,     28.6418,     57.2835,      0.0193,      0.0068,      0.0009,      0.2039,   7804.2866,-570104.6875,  -1091.0507,    542.4905,  26014.4043,
       1,     169,      56,      21,       1,       3,       1,     10.0000,      1.4032,     42.6449,    249.3358,     62.7485,      3.4953,      0.0000,     -0.0324,      8.2103,      0.1631,      5.5993,     11.1987,      1.4412,     28.6418,     57.2835,      0.0193,      0.0064,      0.0156,      0.2040,   7804.3218,-432338.0000,  -1050.8820,    551.8459,  26014.7812,
       1,     169,      56,      22,       1,       3,       1,     10.0000,      1.4032,     42.6449,    249.3358,     62.7485,      3.4953,      0.0000,     -0.0323,      7.8049,      0.1581,      5.5993,     11.1987,      1.3971,     28.6418,     57.2835,      0.0193,      0.0061,      0.0156,      0.2041,   7804.4346,-430344.5625,  -1050.1704,    552.0646,  26014.7812,
       1,     169,      56,      23,       1,       3,       1,     10.0000,      1.4032,     42.6449,    249.3358,     62.7485,      3.4953,      0.0000,     -0.0319,      7.3893,      0.1463,      5.5993,     11.1987,      1.2930,     28.6418,     57.2835,      0.0193,      0.0058,      0.0156,      0.2041,   7804.4346,-429568.2188,  -1049.9510,    552.1182,  26014.7812,
       1,     169,      56,      24,       1,       3,       1,     10.0000,      1.4032,     42.6449,    249.3358,     62.7485,      3.4953,      0.0000,     -0.0311,      6.4610,      0.1266,      5.5993,     11.1987,      1.1185,     28.6418,     57.2835,      0.0193,      0.0051,      0.0156,      0.2041,   7804.4346,-428984.5000,  -1049.7874,    552.1584,  26014.7812,
       1,     169,      57,       1,       1,       3,       1,     10.0000,      1.4033,     42.6452,    249.3416,     62.7500,      3.4953,      0.0000,     -0.0311,      5.3541,      0.1271,      5.5997,     11.1995,      1.1231,     28.6493,     57.2987,      0.0193,      0.0042,      0.0156,      0.2042,   7804.4346,-427933.2500,  -1049.9061,    552.2439,  26015.9375,
       1,     169,      57,       2,       1,       3,       1,     10.0000,      1.4033,     42.6452,    249.3416,     62.7500,      3.4953,      0.0000,     -0.0313,      4.2885,      0.1324,      5.5997,     11.1995,      1.1697,     28.6493,     57.2987,      0.0193,      0.0034,      0.0156,      0.2042,   7804.7817,-426314.7188,  -1049.0159,    552.3557,  26015.9375,
       1,     169,      57,       3,       1,       3,       1,     10.0000,      1.4033,     42.6452,    249.3416,     62.7500,      3.4953,      0.0000,     -0.0312,      6.2026,      0.1280,      5.5997,     11.1995,      1.1311,     28.6493,     57.2987,      0.0193,      0.0049,      0.0156,      0.2042,   7804.7817,-424850.3125,  -1048.5898,    552.4568,  26015.9375,
       1,     169,      57,       4,       1,       3,       1,     10.0000,      1.4033,     42.6452,    249.3416,     62.7500,      3.4953,      0.0000,     -0.0309,      4.2464,      0.1204,      5.5997,     11.1995,      1.0640,     28.6493,     57.2987,      0.0193,      0.0033,      0.0156,      0.2042,   7804.7817,-427105.0312,  -1049.2604,    552.3010,  26015.9375,
       1,     169,      57,       5,       1,       3,       1,     10.0000,      1.4033,     42.6452,    249.3416,     62.7500,      3.4953,      0.0000,     -0.0308,      3.4727,      0.1192,      5.5997,     11.1995,      1.0532,     28.6493,     57.2987,      0.0193,      0.0027,      0.0156,      0.2042,   7804.7817,-424865.9688,  -1048.6061,    552.4556,  26015.9355,
       1,     169,      57,       6,       1,       3,       1,     10.0000,      1.4033,     42.6452,    249.3416,     62.7500,      3.4953,      0.0000,     -0.0309,      3.1028,      0.1202,      5.5997,     11.1995,      1.0618,     28.6493,     57.2987,      0.0193,      0.0024,      0.0156,      0.2042,   7804.7808,-423711.6875,  -1048.2714,    552.5354,  26015.9355,
       1,     169,      57,       7,       1,       3,       1,     10.0000,      1.4033,     42.6452,    249.3416,     62.7500,      3.4953,      0.0000,     -0.0308,      2.7941,      0.1179,      5.5997,     11.1995,      1.0414,     28.6493,     57.2987,      0.0193,      0.0022,      0.0156,      0.2042,   7804.7808,-423152.4688,  -1048.1100,    552.5741,  26015.9355,
       1,     169,      57,       8,       1,       3,       1,     10.0000,      1.4033,     42.6452,    249.3416,     62.7500,      3.4953,      0.0017,     -0.0289,      2.6678,      0.1141,      5.5997,     11.1995,      1.0078,     28.6493,     57.2987,      0.0193,      0.0021,      0.0156,      0.2042,   7804.7808,-422720.4062,  -1047.9858,    552.6038,  26015.9355,
       1,     169,      57,       9,       1,       3,       1,     10.0000,      1.4033,     42.6452,    249.3416,     62.7500,      3.4953,      0.0753,      0.0443,     12.9985,      0.1247,      5.5997,     11.1995,      1.1016,     28.6493,     57.2987,      0.0193,      0.0018,      0.0873,      0.2042,   7804.7808,-422526.3438,  -1047.9319,    552.6172,  26015.9355,
       1,     169,      57,      10,       1,       3,       1,     10.0000,      1.4033,     42.6452,    249.3416,     62.7500,      3.4953,      0.1581,      0.1258,     32.5384,      0.1592,      5.5997,     11.1995,      1.4070,     28.6493,     57.2987,      0.0193,      0.0020,      0.2038,      0.2042,   7804.7808,-435357.4062,  -1051.7252,    551.7310,  26015.9355,
       1,     169,      57,      11,       1,       3,       1,     10.0000,      1.4033,     42.6452,    249.3416,     62.7500,      3.4953,      0.1437,      0.1108,     22.1626,      0.1767,      5.5997,     11.1995,      1.5612,     28.6493,     57.2987,      0.0193,      0.0015,      0.1841,      0.2042,   7804.7808,-460766.4688,  -1059.2454,    549.9792,  26015.9355,
       1,     169,      57,      12,       1,       3,       1,     10.0000,      1.4033,     42.6452,    249.3416,     62.7500,      3.4953,      0.1859,      0.1523,     19.1311,      0.1996,      5.5997,     11.1995,      1.7638,     28.6493,     57.2987,      0.0193,      0.0010,      0.2459,      0.2041,   7804.7808,-450043.0938,  -1056.1265,    550.7192,  26015.9355,
       1,     169,      57,      13,       1,       3,       1,     10.0000,      1.4033,     42.6452,    249.3416,     62.7500,      3.4953,      0.1888,      0.1545,     21.2361,      0.2220,      5.5997,     11.1995,      1.9616,     28.6493,     57.2987,      0.0193,      0.0010,      0.2500,      0.2041,   7804.7808,-445350.0312,  -1054.7700,    551.0428,  26015.9355,
       1,     169,      57,      14,       1,       3,       1,     10.0000,      1.4033,     42.6452,    249.3416,     62.7500,      3.4953,      0.1898,      0.1554,     35.5010,      0.2293,      5.5997,     11.1995,      2.0261,     28.6493,     57.2987,      0.0193,      0.0017,      0.2500,      0.2042,   7804.7808,-447565.8125,  -1055.4492,    550.8903,  26015.9355,
       1,     169,      57,      15,       1,       3,       1,     10.0000,      1.4033,     42.6452,    249.3416,     62.7500,      3.4953,      0.1741,      0.1394,     76.2326,      0.2377,      5.5997,     11.1995,      2.1008,     28.6493,     57.2987,      0.0193,      0.0042,      0.2223,      0.2041,   7804.7808,-465502.8125,  -1060.7764,    549.6552,  26015.9355,
       1,     169,      57,      16,       1,       3,       1,     10.0000,      1.4033,     42.6452,    249.3416,     62.7500,      3.4953,      0.1914,      0.1568,    106.1982,      0.2318,      5.5997,     11.1995,      2.0480,     28.6493,     57.2987,      0.0193,      0.0053,      0.2442,      0.2041,   7804.7808,-517732.4375,  -1076.2710,    546.0679,  26015.6348,
       1,     169,      57,      17,       1,       3,       1,     10.0000,      1.4033,     42.6452,    249.3416,     62.7500,      3.4953,      0.1941,      0.1599,    130.6749,      0.2203,      5.5997,     11.1995,      1.9463,     28.6493,     57.2987,      0.0193,      0.0065,      0.2453,      0.2041,   7804.6909,-559595.8125,  -1088.9890,    543.2222,  26015.5293,
       1,     169,      57,      18,       1,       3,       1,     10.0000,      1.4033,     42.6452,    249.3416,     62.7500,      3.4953,      0.1775,      0.1437,    139.3749,      0.2048,      5.5997,     11.1995,      1.8096,     28.6493,     57.2987,      0.0193,      0.0077,      0.2200,      0.2040,   7804.6592,-593704.3125,  -1099.5605,    540.9135,  26015.4434,
       1,     169,      57,      19,       1,       3,       1,     10.0000,      1.4033,     42.6452,    249.3416,     62.7500,      3.4953,      0.1270,      0.0937,     97.2136,      0.1900,      5.5997,     11.1995,      1.6786,     28.6493,     57.2987,      0.0193,      0.0079,      0.1513,      0.2040,   7804.6333,-607489.3125,  -1104.2953,    539.9863,  26015.4004,
       1,     169,      57,      20,       1,       3,       1,     10.0000,      1.4033,     42.6452,    249.3416,     62.7500,      3.4953,      0.0225,     -0.0103,      6.5809,      0.1730,      5.5997,     11.1995,      1.5288,     28.6493,     57.2987,      0.0193,      0.0078,      0.0103,      0.2039,   7804.6206,-556081.1875,  -1089.7557,    543.4570,  26015.5137,
       1,     169,      57,      21,       1,       3,       1,     10.0000,      1.4033,     42.6452,    249.3416,     62.7500,      3.4953,      0.0000,     -0.0324,      9.5270,      0.1625,      5.5997,     11.1995,      1.4355,     28.6493,     57.2987,      0.0193,      0.0075,      0.0156,      0.2040,   7804.6543,-438758.7500,  -1055.2954,    551.4382,  26015.9277,
       1,     169,      57,      22,       1,       3,       1,     10.0000,      1.4033,     42.6452,    249.3416,     62.7500,      3.4953,      0.0000,     -0.0323,      8.8819,      0.1578,      5.5997,     11.1995,      1.3944,     28.6493,     57.2987,      0.0193,      0.0070,      0.0156,      0.2042,   7804.7788,-432508.3750,  -1053.3073,    551.9279,  26015.9277,
       1,     169,      57,      23,       1,       3,       1,     10.0000,      1.4033,     42.6452,    249.3416,     62.7500,      3.4953,      0.0000,     -0.0324,      7.8646,      0.1610,      5.5997,     11.1995,      1.4226,     28.6493,     57.2987,      0.0193,      0.0062,      0.0156,      0.2042,   7804.7788,-431096.8438,  -1052.8994,    552.0255,  26015.9277,
       1,     169,      57,      24,       1,       3,       1,     10.0000,      1.4033,     42.6452,    249.3416,     62.7500,      3.4953,      0.0000,     -0.0324,      6.9952,      0.1618,      5.5997,     11.1995,      1.4298,     28.6493,     57.2987,      0.0193,      0.0055,      0.0156,      0.2042,   7804.7788,-429710.0000,  -1052.4974,    552.1212,  26015.9277,
       1,     169,      58,       1,       1,       3,       1,     10.0000,      1.4033,     42.6456,    249.3475,     62.7514,      3.4953,      0.0000,     -0.0323,      5.6487,      0.1586,      5.5993,     11.1987,      1.4014,     28.6548,     57.3095,      0.0193,      0.0044,      0.0156,      0.2042,   7804.7788,-428662.8438,  -1052.6183,    552.2064,  26017.0820,
       1,     169,      58,       2,       1,       3,       1,     10.0000,      1.4033,     42.6456,    249.3475,     62.7514,      3.4953,      0.0000,     -0.0323,      4.7887,      0.1578,      5.5993,     11.1987,      1.3944,     28.6548,     57.3095,      0.0193,      0.0038,      0.0156,      0.2042,   7805.1250,-426747.2500,  -1051.6351,    552.3386,  26017.0820,
       1,     169,      58,       3,       1,       3,       1,     10.0000,      1.4033,     42.6456,    249.3475,     62.7514,      3.4953,      0.0000,     -0.0322,      4.2019,      0.1569,      5.5993,     11.1987,      1.3860,     28.6548,     57.3095,      0.0193,      0.0033,      0.0156,      0.2042,   7805.1250,-425513.3750,  -1051.2749,    552.4238,  26017.0820,
       1,     169,      58,       4,       1,       3,       1,     10.0000,      1.4033,     42.6456,    249.3475,     62.7514,      3.4953,      0.0000,     -0.0322,      4.3621,      0.1545,      5.5993,     11.1987,      1.3653,     28.6548,     57.3095,      0.0193,      0.0034,      0.0156,      0.2042,   7805.1250,-424677.6250,  -1051.0316,    552.4814,  26017.0820,
       1,     169,      58,       5,       1,       3,       1,     10.0000,      1.4033,     42.6456,    249.3475,     62.7514,      3.4953,      0.0000,     -0.0321,      4.1861,      0.1534,      5.5993,     11.1987,      1.3557,     28.6548,     57.3095,      0.0193,      0.0033,      0.0156,      0.2042,   7805.1250,-424805.1875,  -1051.0746,    552.4727,  26017.0820,
       1,     169,      58,       6,       1,       3,       1,     10.0000,      1.4033,     42.6456,    249.3475,     62.7514,      3.4953,      0.0000,     -0.0320,      3.9523,      0.1492,      5.5993,     11.1987,      1.3180,     28.6548,     57.3095,      0.0193,      0.0031,      0.0156,      0.2042,   7805.1250,-424597.2188,  -1051.0176,    552.4871,  26017.0820,
       1,     169,      58,       7,       1,       3,       1,     10.0000,      1.4033,     42.6456,    249.3475,     62.7514,      3.4953,      0.0000,     -0.0320,      3.6356,      0.1496,      5.5993,     11.1987,      1.3220,     28.6548,     57.3095,      0.0193,      0.0028,      0.0156,      0.2042,   7805.1250,-424288.5938,  -1050.9307,    552.5084,  26017.0820,
       1,     169,      58,       8,       1,       3,       1,     10.0000,      1.4033,     42.6456,    249.3475,     62.7514,      3.4953,      0.0015,     -0.0305,      3.7071,      0.1513,      5.5993,     11.1987,      1.3368,     28.6548,     57.3095,      0.0193,      0.0029,      0.0156,      0.2042,   7805.1250,-423868.2500,  -1050.8098,    552.5374,  26017.0820,
       1,     169,      58,       9,       1,       3,       1,     10.0000,      1.4033,     42.6456,    249.3475,     62.7514,      3.4953,      0.0625,      0.0303,     16.0668,      0.1547,      5.5993,     11.1987,      1.3667,     28.6548,     57.3095,      0.0193,      0.0029,      0.0676,      0.2042,   7805.1250,-423921.0312,  -1050.8297,    552.5338,  26017.0820,
       1,     169,      58,      10,       1,       3,       1,     10.0000,      1.4033,     42.6456,    249.3475,     62.7514,      3.4953,      0.1547,      0.1219,     48.1542,      0.1723,      5.5993,     11.1987,      1.5228,     28.6548,     57.3095,      0.0193,      0.0030,      0.1970,      0.2042,   7805.1250,-439295.0938,  -1055.4078,    551.4719,  26017.0820,
       1,     169,      58,      11,       1,       3,       1,     10.0000,      1.4033,     42.6456,    249.3475,     62.7514,      3.4953,      0.1905,      0.1572,     59.6324,      0.1887,      5.5993,     11.1987,      1.6670,     28.6548,     57.3095,      0.0193,      0.0029,      0.2478,      0.2042,   7805.1250,-480528.3438,  -1067.6937,    548.6306,  26017.0820,
       1,     169,      58,      12,       1,       3,       1,     10.0000,      1.4033,     42.6456,    249.3475,     62.7514,      3.4953,      0.1923,      0.1587,     64.1263,      0.1994,      5.5993,     11.1987,      1.7621,     28.6548,     57.3095,      0.0193,      0.0031,      0.2500,      0.2041,   7805.1250,-498370.0000,  -1073.0956,    547.4143,  26016.7695,
       1,     169,      58,      13,       1,       3,       1,     10.0000,      1.4033,     42.6456,    249.3475,     62.7514,      3.4953,      0.1926,      0.1588,     69.5220,      0.2093,      5.5993,     11.1987,      1.8493,     28.6548,     57.3095,      0.0193,      0.0034,      0.2500,      0.2041,   7805.0312,-505523.9062,  -1075.4843,    546.9262,  26016.7480,
       1,     169,      58,      14,       1,       3,       1,     10.0000,      1.4033,     42.6456,    249.3475,     62.7514,      3.4953,      0.1932,      0.1592,     77.4883,      0.2151,      5.5993,     11.1987,      1.9010,     28.6548,     57.3095,      0.0193,      0.0038,      0.2500,      0.2041,   7805.0249,-512855.4062,  -1077.8580,    546.4252,  26016.7246,
       1,     169,      58,      15,       1,       3,       1,     10.0000,      1.4033,     42.6456,    249.3475,     62.7514,      3.4953,      0.1949,      0.1609,     99.5609,      0.2158,      5.5993,     11.1987,      1.9066,     28.6548,     57.3095,      0.0193,      0.0049,      0.2500,      0.2041,   7805.0176,-523405.5625,  -1081.2274,    545.7048,  26016.6973,
       1,     169,      58,      16,       1,       3,       1,     10.0000,      1.4033,     42.6456,    249.3475,     62.7514,      3.4953,      0.1897,      0.1557,    115.3941,      0.2109,      5.5993,     11.1987,      1.8640,     28.6548,     57.3095,      0.0193,      0.0059,      0.2404,      0.2041,   7805.0093,-551802.0000,  -1089.9714,    543.7682,  26016.6230,
       1,     169,      58,      17,       1,       3,       1,     10.0000,      1.4033,     42.6456,    249.3475,     62.7514,      3.4953,      0.1878,      0.1541,    129.6971,      0.2050,      5.5993,     11.1987,      1.8115,     28.6548,     57.3095,      0.0193,      0.0067,      0.2361,      0.2041,   7804.9873,-573978.3125,  -1097.0210,    542.2643,  26016.5645,
       1,     169,      58,      18,       1,       3,       1,     10.0000,      1.4033,     42.6456,    249.3475,     62.7514,      3.4953,      0.1741,      0.1407,    126.5071,      0.1934,      5.5993,     11.1987,      1.7089,     28.6548,     57.3095,      0.0193,      0.0071,      0.2164,      0.2040,   7804.9697,-593712.5000,  -1103.4579,    540.9288,  26016.5098,
       1,     169,      58,      19,       1,       3,       1,     10.0000,      1.4033,     42.6456,    249.3475,     62.7514,      3.4953,      0.1251,      0.0919,     85.8415,      0.1844,      5.5993,     11.1987,      1.6294,     28.6548,     57.3095,      0.0193,      0.0070,      0.1498,      0.2040,   7804.9531,-591432.8125,  -1103.4216,    541.0846,  26016.5078,
       1,     169,      58,      20,       1,       3,       1,     10.0000,      1.4033,     42.6456,    249.3475,     62.7514,      3.4953,      0.0173,     -0.0154,      1.8807,      0.1708,      5.5993,     11.1987,      1.5091,     28.6548,     57.3095,      0.0193,      0.0069,      0.0034,      0.2040,   7804.9526,-540532.3750,  -1088.7949,    544.5272,  26016.6211,
       1,     169,      58,      21,       1,       3,       1,     10.0000,      1.4033,     42.6456,    249.3475,     62.7514,      3.4953,      0.0000,     -0.0325,      8.7578,      0.1639,      5.5993,     11.1987,      1.4485,     28.6548,     57.3095,      0.0193,      0.0069,      0.0156,      0.2041,   7804.9868,-431608.7812,  -1056.4485,    551.9521,  26017.0723,
       1,     169,      58,      22,       1,       3,       1,     10.0000,      1.4033,     42.6456,    249.3475,     62.7514,      3.4953,      0.0000,     -0.0324,      8.4483,      0.1620,      5.5993,     11.1987,      1.4312,     28.6548,     57.3095,      0.0193,      0.0066,      0.0156,      0.2042,   7805.1221,-430931.2188,  -1056.0919,    552.0498,  26017.0723,
       1,     169,      58,      23,       1,       3,       1,     10.0000,      1.4033,     42.6456,    249.3475,     62.7514,      3.4953,      0.0000,     -0.0325,      8.0486,      0.1638,      5.5993,     11.1987,      1.4471,     28.6548,     57.3095,      0.0193,      0.0063,      0.0156,      0.2042,   7805.1221,-430424.7812,  -1055.9504,    552.0847,  26017.0723,
       1,     169,      58,      24,       1,       3,       1,     10.0000,      1.4033,     42.6456,    249.3475,     62.7514,      3.4953,      0.0000,     -0.0325,      7.7486,      0.1638,      5.5993,     11.1987,      1.4471,     28.6548,     57.3095,      0.0193,      0.0061,      0.0156,      0.2042,   7805.1221,-429884.3125,  -1055.7981,    552.1221,  26017.0723,
       1,     169,      59,       1,       1,       3,       1,     10.0000,      1.4033,     42.6459,    249.3533,     62.7530,      3.4953,      0.0000,     -0.0324,      6.2092,      0.1616,      5.5999,     11.1997,      1.4284,     28.6614,     57.3227,      0.0193,      0.0049,      0.0156,      0.2042,   7805.1221,-429618.2500,  -1056.1567,    552.1533,  26018.2324,
       1,     169,      59,       2,       1,       3,       1,     10.0000,      1.4033,     42.6459,    249.3533,     62.7530,      3.4953,      0.0000,     -0.0324,      5.7623,      0.1613,      5.5999,     11.1997,      1.4255,     28.6614,     57.3227,      0.0193,      0.0045,      0.0156,      0.2042,   7805.4702,-427529.3750,  -1055.1110,    552.2974,  26018.2324,
       1,     169,      59,       3,       1,       3,       1,     10.0000,      1.4033,     42.6459,    249.3533,     62.7530,      3.4953,      0.0000,     -0.0324,      5.4283,      0.1605,      5.5999,     11.1997,      1.4184,     28.6614,     57.3227,      0.0193,      0.0043,      0.0156,      0.2042,   7805.4702,-426794.3750,  -1054.8976,    552.3482,  26018.2305,
       1,     169,      59,       4,       1,       3,       1,     10.0000,      1.4033,     42.6459,    249.3533,     62.7530,      3.4953,      0.0000,     -0.0322,      5.1260,      0.1569,      5.5999,     11.1997,      1.3861,     28.6614,     57.3227,      0.0193,      0.0040,      0.0156,      0.2042,   7805.4692,-426316.1250,  -1054.7615,    552.3812,  26018.2305,
       1,     169,      59,       5,       1,       3,       1,     10.0000,      1.4033,     42.6459,    249.3533,     62.7530,      3.4953,      0.0000,     -0.0320,      4.8355,      0.1508,      5.5999,     11.1997,      1.3328,     28.6614,     57.3227,      0.0193,      0.0038,      0.0156,      0.2042,   7805.4692,-425899.0938,  -1054.6427,    552.4100,  26018.2305,
       1,     169,      59,       6,       1,       3,       1,     10.0000,      1.4033,     42.6459,    249.3533,     62.7530,      3.4953,      0.0000,     -0.0322,      4.7884,      0.1548,      5.5999,     11.1997,      1.3681,     28.6614,     57.3227,      0.0193,      0.0038,      0.0156,      0.2042,   7805.4692,-425502.0938,  -1054.5293,    552.4374,  26018.2305,
       1,     169,      59,       7,       1,       3,       1,     10.0000,      1.4033,     42.6459,    249.3533,     62.7530,      3.4953,      0.0000,     -0.0322,      4.6589,      0.1553,      5.5999,     11.1997,      1.3722,     28.6614,     57.3227,      0.0193,      0.0037,      0.0156,      0.2042,   7805.4692,-425409.3750,  -1054.5071,    552.4438,  26018.2305,
       1,     169,      59,       8,       1,       3,       1,     10.0000,      1.4033,     42.6459,    249.3533,     62.7530,      3.4953,      0.0016,     -0.0306,      4.6396,      0.1534,      5.5999,     11.1997,      1.3558,     28.6614,     57.3227,      0.0193,      0.0036,      0.0156,      0.2042,   7805.4692,-425240.3750,  -1054.4618,    552.4555,  26018.2305,
       1,     169,      59,       9,       1,       3,       1,     10.0000,      1.4033,     42.6459,    249.3533,     62.7530,      3.4953,      0.0992,      0.0670,     34.2145,      0.1578,      5.5999,     11.1997,      1.3944,     28.6614,     57.3227,      0.0193,      0.0035,      0.1185,      0.2042,   7805.4692,-425201.9375,  -1054.4559,    552.4581,  26018.2305,
       1,     169,      59,      10,       1,       3,       1,     10.0000,      1.4033,     42.6459,    249.3533,     62.7530,      3.4953,      0.1426,      0.1102,     48.2404,      0.1591,      5.5999,     11.1997,      1.4057,     28.6614,     57.3227,      0.0193,      0.0033,      0.1795,      0.2042,   7805.4692,-461971.8750,  -1065.5010,    549.9189,  26018.2305,
       1,     169,      59,      11,       1,       3,       1,     10.0000,      1.4033,     42.6459,    249.3533,     62.7530,      3.4953,      0.1899,      0.1571,     71.1795,      0.1751,      5.5999,     11.1997,      1.5473,     28.6614,     57.3227,      0.0193,      0.0035,      0.2455,      0.2042,   7805.4692,-482593.4688,  -1071.7424,    548.5072,  26018.2324,
       1,     169,      59,      12,       1,       3,       1,     10.0000,      1.4033,     42.6459,    249.3533,     62.7530,      3.4953,      0.1933,      0.1594,     77.3715,      0.2083,      5.5999,     11.1997,      1.8403,     28.6614,     57.3227,      0.0193,      0.0038,      0.2500,      0.2042,   7805.4702,-512905.0625,  -1080.9432,    546.4308,  26017.8164,
       1,     169,      59,      13,       1,       3,       1,     10.0000,      1.4033,     42.6459,    249.3533,     62.7530,      3.4953,      0.1929,      0.1588,     73.9615,      0.2170,      5.5999,     11.1997,      1.9179,     28.6614,     57.3227,      0.0193,      0.0036,      0.2500,      0.2041,   7805.3452,-523267.7500,  -1084.4215,    545.7269,  26017.7871,
       1,     169,      59,      14,       1,       3,       1,     10.0000,      1.4033,     42.6459,    249.3533,     62.7530,      3.4953,      0.1934,      0.1590,     80.9707,      0.2271,      5.5999,     11.1997,      2.0065,     28.6614,     57.3227,      0.0193,      0.0040,      0.2500,      0.2041,   7805.3364,-519907.8438,  -1083.6902,    545.9565,  26017.7871,
       1,     169,      59,      15,       1,       3,       1,     10.0000,      1.4033,     42.6459,    249.3533,     62.7530,      3.4953,      0.1937,      0.1593,     84.2367,      0.2271,      5.5999,     11.1997,      2.0065,     28.6614,     57.3227,      0.0193,      0.0041,      0.2500,      0.2041,   7805.3364,-528348.0000,  -1086.4828,    545.3806,  26017.7656,
       1,     169,      59,      16,       1,       3,       1,     10.0000,      1.4033,     42.6459,    249.3533,     62.7530,      3.4953,      0.1951,      0.1610,    101.7290,      0.2179,      5.5999,     11.1997,      1.9255,     28.6614,     57.3227,      0.0193,      0.0050,      0.2500,      0.2041,   7805.3301,-533140.6250,  -1088.2269,    545.0541,  26017.7500,
       1,     169,      59,      17,       1,       3,       1,     10.0000,      1.4033,     42.6459,    249.3533,     62.7530,      3.4953,      0.1913,      0.1574,    137.9393,      0.2109,      5.5999,     11.1997,      1.8640,     28.6614,     57.3227,      0.0193,      0.0070,      0.2403,      0.2041,   7805.3252,-555338.0625,  -1095.2374,    543.5419,  26017.6875,
       1,     169,      59,      18,       1,       3,       1,     10.0000,      1.4033,     42.6459,    249.3533,     62.7530,      3.4953,      0.1759,      0.1423,    135.5902,      0.1992,      5.5999,     11.1997,      1.7604,     28.6614,     57.3227,      0.0193,      0.0076,      0.2180,      0.2041,   7805.3066,-602365.5000,  -1109.8663,    540.3489,  26017.5723,
       1,     169,      59,      19,       1,       3,       1,     10.0000,      1.4033,     42.6459,    249.3533,     62.7530,      3.4953,      0.1005,      0.0675,     69.8232,      0.1811,      5.5999,     11.1997,      1.6006,     28.6614,     57.3227,      0.0193,      0.0074,      0.1159,      0.2040,   7805.2720,-603502.1250,  -1110.9146,    540.2814,  26017.5566,
       1,     169,      59,      20,       1,       3,       1,     10.0000,      1.4033,     42.6459,    249.3533,     62.7530,      3.4953,      0.0165,     -0.0162,      1.2526,      0.1723,      5.5999,     11.1997,      1.5228,     28.6614,     57.3227,      0.0193,      0.0069,      0.0022,      0.2040,   7805.2671,-521580.6875,  -1086.8329,    545.8141,  26017.7441,
       1,     169,      59,      21,       1,       3,       1,     10.0000,      1.4033,     42.6459,    249.3533,     62.7530,      3.4953,      0.0000,     -0.0326,      8.1016,      0.1661,      5.5999,     11.1997,      1.4675,     28.6614,     57.3227,      0.0193,      0.0063,      0.0156,      0.2041,   7805.3237,-429264.1875,  -1059.0876,    552.1409,  26018.2188,
       1,     169,      59,      22,       1,       3,       1,     10.0000,      1.4033,     42.6459,    249.3533,     62.7530,      3.4953,      0.0000,     -0.0324,      7.5719,      0.1618,      5.5999,     11.1997,      1.4298,     28.6614,     57.3227,      0.0193,      0.0059,      0.0156,      0.2042,   7805.4658,-429899.5000,  -1059.1145,    552.1339,  26018.2188,
       1,     169,      59,      23,       1,       3,       1,     10.0000,      1.4033,     42.6459,    249.3533,     62.7530,      3.4953,      0.0000,     -0.0322,      6.5885,      0.1550,      5.5999,     11.1997,      1.3695,     28.6614,     57.3227,      0.0193,      0.0052,      0.0156,      0.2042,   7805.4658,-429249.5312,  -1058.9272,    552.1787,  26018.2188,
       1,     169,      59,      24,       1,       3,       1,     10.0000,      1.4033,     42.6459,    249.3533,     62.7530,      3.4953,      0.0000,     -0.0321,      5.4372,      0.1520,      5.5999,     11.1997,      1.3435,     28.6614,     57.3227,      0.0193,      0.0043,      0.0156,      0.2042,   7805.4658,-427970.9062,  -1058.5491,    552.2669,  26018.2188,
       1,     169,      60,       1,       1,       3,       1,     10.0000,      1.4033,     42.6462,    249.3592,     62.7543,      3.4953,      0.0000,     -0.0323,      4.7044,      0.1581,      5.5999,     11.1999,      1.3973,     28.6679,     57.3358,      0.0193,      0.0037,      0.0156,      0.2042,   7805.4658,-426583.4375,  -1058.5679,    552.3757,  26019.3770,
       1,     169,      60,       2,       1,       3,       1,     10.0000,      1.4033,     42.6462,    249.3592,     62.7543,      3.4953,      0.0000,     -0.0322,      4.0721,      0.1550,      5.5999,     11.1999,      1.3695,     28.6679,     57.3358,      0.0193,      0.0032,      0.0156,      0.2042,   7805.8135,-425401.4375,  -1057.7854,    552.4573,  26019.3770,
       1,     169,      60,       3,       1,       3,       1,     10.0000,      1.4033,     42.6462,    249.3592,     62.7543,      3.4953,      0.0000,     -0.0321,      3.8795,      0.1528,      5.5999,     11.1999,      1.3503,     28.6679,     57.3358,      0.0193,      0.0030,      0.0156,      0.2042,   7805.8135,-424513.7500,  -1057.5219,    552.5187,  26019.3770,
       1,     169,      60,       4,       1,       3,       1,     10.0000,      1.4033,     42.6462,    249.3592,     62.7543,      3.4953,      0.0000,     -0.0320,      3.6913,      0.1498,      5.5999,     11.1999,      1.3234,     28.6679,     57.3358,      0.0193,      0.0029,      0.0156,      0.2042,   7805.8135,-424198.0312,  -1057.4313,    552.5405,  26019.3770,
       1,     169,      60,       5,       1,       3,       1,     10.0000,      1.4033,     42.6462,    249.3592,     62.7543,      3.4953,      0.0000,     -0.0320,      3.7196,      0.1504,      5.5999,     11.1999,      1.3288,     28.6679,     57.3358,      0.0193,      0.0029,      0.0156,      0.2042,   7805.8135,-423937.0312,  -1057.3566,    552.5585,  26019.3750,
       1,     169,      60,       6,       1,       3,       1,     10.0000,      1.4033,     42.6462,    249.3592,     62.7543,      3.4953,      0.0000,     -0.0317,      3.9793,      0.1410,      5.5999,     11.1999,      1.2457,     28.6679,     57.3358,      0.0193,      0.0031,      0.0156,      0.2042,   7805.8130,-423950.1250,  -1057.3662,    552.5576,  26019.3750,
       1,     169,      60,       7,       1,       3,       1,     10.0000,      1.4033,     42.6462,    249.3592,     62.7543,      3.4953,      0.0000,     -0.0317,      4.0487,      0.1414,      5.5999,     11.1999,      1.2495,     28.6679,     57.3358,      0.0193,      0.0032,      0.0156,      0.2042,   7805.8130,-424274.1562,  -1057.4688,    552.5352,  26019.3750,
       1,     169,      60,       8,       1,       3,       1,     10.0000,      1.4033,     42.6462,    249.3592,     62.7543,      3.4953,      0.0008,     -0.0309,      4.1108,      0.1423,      5.5999,     11.1999,      1.2571,     28.6679,     57.3358,      0.0193,      0.0032,      0.0156,      0.2042,   7805.8130,-424388.3125,  -1057.5076,    552.5273,  26019.3750,
       1,     169,      60,       9,       1,       3,       1,     10.0000,      1.4033,     42.6462,    249.3592,     62.7543,      3.4953,      0.0391,      0.0072,      9.4732,      0.1493,      5.5999,     11.1999,      1.3194,     28.6679,     57.3358,      0.0193,      0.0033,      0.0349,      0.2042,   7805.8130,-424475.2188,  -1057.5388,    552.5214,  26019.3750,
       1,     169,      60,      10,       1,       3,       1,     10.0000,      1.4033,     42.6462,    249.3592,     62.7543,      3.4953,      0.1249,      0.0922,     46.4561,      0.1713,      5.5999,     11.1999,      1.5137,     28.6679,     57.3358,      0.0193,      0.0037,      0.1541,      0.2042,   7805.8130,-431149.3125,  -1059.5658,    552.0603,  26019.3750,
       1,     169,      60,      11,       1,       3,       1,     10.0000,      1.4033,     42.6462,    249.3592,     62.7543,      3.4953,      0.1646,      0.1313,     54.5023,      0.1904,      5.5999,     11.1999,      1.6821,     28.6679,     57.3358,      0.0193,      0.0032,      0.2107,      0.2042,   7805.8130,-477705.9062,  -1073.6853,    548.8478,  26019.3750,
       1,     169,      60,      12,       1,       3,       1,     10.0000,      1.4033,     42.6462,    249.3592,     62.7543,      3.4953,      0.1625,      0.1289,     56.1086,      0.2000,      5.5999,     11.1999,      1.7674,     28.6679,     57.3358,      0.0193,      0.0033,      0.2075,      0.2042,   7805.8130,-491737.4062,  -1078.0222,    547.8945,  26019.3770,
       1,     169,      60,      13,       1,       3,       1,     10.0000,      1.4033,     42.6462,    249.3592,     62.7543,      3.4953,      0.1700,      0.1361,     58.9301,      0.2114,      5.5999,     11.1999,      1.8677,     28.6679,     57.3358,      0.0193,      0.0033,      0.2182,      0.2042,   7805.8135,-494928.2500,  -1079.1118,    547.6768,  26019.2012,
       1,     169,      60,      14,       1,       3,       1,     10.0000,      1.4033,     42.6462,    249.3592,     62.7543,      3.4953,      0.1651,      0.1312,     61.3382,      0.2087,      5.5999,     11.1999,      1.8440,     28.6679,     57.3358,      0.0193,      0.0036,      0.2108,      0.2042,   7805.7607,-498732.7500,  -1080.4642,    547.4164,  26018.9316,
       1,     169,      60,      15,       1,       3,       1,     10.0000,      1.4033,     42.6462,    249.3592,     62.7543,      3.4953,      0.1780,      0.1440,     90.5228,      0.2158,      5.5999,     11.1999,      1.9067,     28.6679,     57.3358,      0.0193,      0.0049,      0.2263,      0.2042,   7805.6797,-502087.0000,  -1081.7318,    547.1869,  26018.9219,
       1,     169,      60,      16,       1,       3,       1,     10.0000,      1.4033,     42.6462,    249.3592,     62.7543,      3.4953,      0.1513,      0.1174,     88.4172,      0.2093,      5.5999,     11.1999,      1.8494,     28.6679,     57.3358,      0.0193,      0.0058,      0.1876,      0.2042,   7805.6768,-538701.0000,  -1093.0143,    544.6826,  26018.8340,
       1,     169,      60,      17,       1,       3,       1,     10.0000,      1.4033,     42.6462,    249.3592,     62.7543,      3.4953,      0.1803,      0.1465,    116.5614,      0.2036,      5.5999,     11.1999,      1.7991,     28.6679,     57.3358,      0.0193,      0.0063,      0.2265,      0.2041,   7805.6504,-539239.3750,  -1093.5509,    544.6517,  26018.8223,
       1,     169,      60,      18,       1,       3,       1,     10.0000,      1.4033,     42.6462,    249.3592,     62.7543,      3.4953,      0.1433,      0.1099,     99.2275,      0.1907,      5.5999,     11.1999,      1.6854,     28.6679,     57.3358,      0.0193,      0.0069,      0.1746,      0.2041,   7805.6470,-574331.2500,  -1104.5724,    542.2626,  26018.7383,
       1,     169,      60,      19,       1,       3,       1,     10.0000,      1.4033,     42.6462,    249.3592,     62.7543,      3.4953,      0.0954,      0.0630,     53.7526,      0.1602,      5.5999,     11.1999,      1.4156,     28.6679,     57.3358,      0.0193,      0.0059,      0.1107,      0.2041,   7805.6216,-555758.3125,  -1099.4755,    543.5267,  26018.7715,
       1,     169,      60,      20,       1,       3,       1,     10.0000,      1.4033,     42.6462,    249.3592,     62.7543,      3.4953,      0.0152,     -0.0171,      0.5083,      0.1572,      5.5999,     11.1999,      1.3889,     28.6679,     57.3358,      0.0193,      0.0063,      0.0010,      0.2041,   7805.6318,-497513.3125,  -1082.1615,    547.4855,  26018.9062,
       1,     169,      60,      21,       1,       3,       1,     10.0000,      1.4033,     42.6462,    249.3592,     62.7543,      3.4953,      0.0000,     -0.0323,      7.5130,      0.1589,      5.5999,     11.1999,      1.4043,     28.6679,     57.3358,      0.0193,      0.0059,      0.0156,      0.2042,   7805.6724,-426294.7812,  -1060.5551,    552.3738,  26019.3672,
       1,     169,      60,      22,       1,       3,       1,     10.0000,      1.4033,     42.6462,    249.3592,     62.7543,      3.4953,      0.0000,     -0.0322,      7.0361,      0.1562,      5.5999,     11.1999,      1.3805,     28.6679,     57.3358,      0.0193,      0.0055,      0.0156,      0.2042,   7805.8105,-428896.7812,  -1061.1830,    552.2159,  26019.3672,
       1,     169,      60,      23,       1,       3,       1,     10.0000,      1.4033,     42.6462,    249.3592,     62.7543,      3.4953,      0.0000,     -0.0321,      6.3667,      0.1537,      5.5999,     11.1999,      1.3585,     28.6679,     57.3358,      0.0193,      0.0050,      0.0156,      0.2042,   7805.8105,-428500.3438,  -1061.0708,    552.2433,  26019.3672,
       1,     169,      60,      24,       1,       3,       1,     10.0000,      1.4033,     42.6462,    249.3592,     62.7543,      3.4953,      0.0000,     -0.0320,      4.1329,      0.1505,      5.5999,     11.1999,      1.3301,     28.6679,     57.3358,      0.0193,      0.0032,      0.0156,      0.2042,   7805.8105,-427634.0000,  -1060.8149,    552.3032,  26019.3672,
       1,     169,      61,       1,       1,       3,       1,     10.0000,      1.4033,     42.6466,    249.3650,     62.7559,      3.4953,      0.0000,     -0.0320,      3.5703,      0.1504,      5.6009,     11.2017,      1.3288,     28.6675,     57.3350,      0.0193,      0.0028,      0.0156,      0.2043,   7805.8105,-424936.0312,  -1060.4340,    552.5022,  26020.5254,
       1,     169,      61,       2,       1,       3,       1,     10.0000,      1.4033,     42.6466,    249.3650,     62.7559,      3.4953,      0.0000,     -0.0320,      3.6010,      0.1498,      5.6009,     11.2017,      1.3235,     28.6675,     57.3350,      0.0193,      0.0028,      0.0156,      0.2043,   7806.1577,-423853.5625,  -1059.6748,    552.5770,  26020.5234,
       1,     169,      61,       3,       1,       3,       1,     10.0000,      1.4033,     42.6466,    249.3650,     62.7559,      3.4953,      0.0000,     -0.0320,      3.5235,      0.1510,      5.6009,     11.2017,      1.3342,     28.6675,     57.3350,      0.0193,      0.0028,      0.0156,      0.2043,   7806.1572,-423799.0312,  -1059.6636,    552.5808,  26020.5234,
       1,     169,      61,       4,       1,       3,       1,     10.0000,      1.4033,     42.6466,    249.3650,     62.7559,      3.4953,      0.0000,     -0.0320,      3.6684,      0.1507,      5.6009,     11.2017,      1.3315,     28.6675,     57.3350,      0.0193,      0.0029,      0.0156,      0.2043,   7806.1572,-423697.9688,  -1059.6371,    552.5878,  26020.5234,
       1,     169,      61,       5,       1,       3,       1,     10.0000,      1.4033,     42.6466,    249.3650,     62.7559,      3.4953,      0.0000,     -0.0320,      3.4424,      0.1484,      5.6009,     11.2017,      1.3115,     28.6675,     57.3350,      0.0193,      0.0027,      0.0156,      0.2043,   7806.1572,-423869.5000,  -1059.6934,    552.5759,  26020.5234,
       1,     169,      61,       6,       1,       3,       1,     10.0000,      1.4033,     42.6466,    249.3650,     62.7559,      3.4953,      0.0000,     -0.0319,      3.6967,      0.1483,      5.6009,     11.2017,      1.3102,     28.6675,     57.3350,      0.0193,      0.0029,      0.0156,      0.2043,   7806.1572,-423603.2500,  -1059.6166,    552.5943,  26020.5234,
       1,     169,      61,       7,       1,       3,       1,     10.0000,      1.4033,     42.6466,    249.3650,     62.7559,      3.4953,      0.0000,     -0.0319,      3.6388,      0.1481,      5.6009,     11.2017,      1.3089,     28.6675,     57.3350,      0.0193,      0.0029,      0.0156,      0.2043,   7806.1572,-423896.5000,  -1059.7098,    552.5740,  26020.5234,
       1,     169,      61,       8,       1,       3,       1,     10.0000,      1.4033,     42.6466,    249.3650,     62.7559,      3.4953,      0.0014,     -0.0304,      3.5548,      0.1441,      5.6009,     11.2017,      1.2737,     28.6675,     57.3350,      0.0193,      0.0028,      0.0156,      0.2043,   7806.1572,-423849.7188,  -1059.7000,    552.5773,  26020.5234,
       1,     169,      61,       9,       1,       3,       1,     10.0000,      1.4033,     42.6466,    249.3650,     62.7559,      3.4953,      0.0796,      0.0475,     21.4346,      0.1536,      5.6009,     11.2017,      1.3572,     28.6675,     57.3350,      0.0193,      0.0029,      0.0917,      0.2043,   7806.1572,-423741.3438,  -1059.6709,    552.5848,  26020.5234,
       1,     169,      61,      10,       1,       3,       1,     10.0000,      1.4033,     42.6466,    249.3650,     62.7559,      3.4953,      0.1617,      0.1289,     49.0588,      0.1741,      5.6009,     11.2017,      1.5381,     28.6675,     57.3350,      0.0193,      0.0029,      0.2071,      0.2043,   7806.1572,-445957.9062,  -1066.4521,    551.0503,  26020.5234,
       1,     169,      61,      11,       1,       3,       1,     10.0000,      1.4033,     42.6466,    249.3650,     62.7559,      3.4953,      0.1897,      0.1565,     59.8540,      0.1863,      5.6009,     11.2017,      1.6458,     28.6675,     57.3350,      0.0193,      0.0030,      0.2466,      0.2043,   7806.1572,-482220.8438,  -1077.5388,    548.5545,  26020.5234,
       1,     169,      61,      12,       1,       3,       1,     10.0000,      1.4033,     42.6466,    249.3650,     62.7559,      3.4953,      0.1922,      0.1585,     63.7898,      0.2046,      5.6009,     11.2017,      1.8080,     28.6675,     57.3350,      0.0193,      0.0031,      0.2500,      0.2042,   7806.1572,-498774.0312,  -1082.6841,    547.4251,  26020.0469,
       1,     169,      61,      13,       1,       3,       1,     10.0000,      1.4033,     42.6466,    249.3650,     62.7559,      3.4953,      0.1918,      0.1578,     59.3390,      0.2145,      5.6009,     11.2017,      1.8955,     28.6675,     57.3350,      0.0193,      0.0029,      0.2500,      0.2042,   7806.0142,-505141.3125,  -1084.9547,    546.9905,  26020.0273,
       1,     169,      61,      14,       1,       3,       1,     10.0000,      1.4033,     42.6466,    249.3650,     62.7559,      3.4953,      0.1927,      0.1585,     70.3141,      0.2183,      5.6009,     11.2017,      1.9294,     28.6675,     57.3350,      0.0193,      0.0034,      0.2500,      0.2042,   7806.0083,-500147.8750,  -1083.6211,    547.3322,  26020.0371,
       1,     169,      61,      15,       1,       3,       1,     10.0000,      1.4033,     42.6466,    249.3650,     62.7559,      3.4953,      0.1938,      0.1596,     96.4636,      0.2177,      5.6009,     11.2017,      1.9237,     28.6675,     57.3350,      0.0193,      0.0047,      0.2486,      0.2042,   7806.0112,-513378.3125,  -1087.8201,    546.4271,  26020.0000,
       1,     169,      61,      16,       1,       3,       1,     10.0000,      1.4033,     42.6466,    249.3650,     62.7559,      3.4953,      0.1401,      0.1060,     79.5617,      0.2147,      5.6009,     11.2017,      1.8974,     28.6675,     57.3350,      0.0193,      0.0056,      0.1722,      0.2042,   7806.0005,-547066.5625,  -1098.3523,    544.1268,  26019.9160,
       1,     169,      61,      17,       1,       3,       1,     10.0000,      1.4033,     42.6466,    249.3650,     62.7559,      3.4953,      0.1330,      0.0991,     87.5424,      0.2085,      5.6009,     11.2017,      1.8422,     28.6675,     57.3350,      0.0193,      0.0067,      0.1609,      0.2041,   7805.9751,-528921.6250,  -1093.2216,    545.3658,  26019.9531,
       1,     169,      61,      18,       1,       3,       1,     10.0000,      1.4033,     42.6466,    249.3650,     62.7559,      3.4953,      0.1577,      0.1242,    109.4043,      0.1953,      5.6009,     11.2017,      1.7260,     28.6675,     57.3350,      0.0193,      0.0069,      0.1944,      0.2042,   7805.9863,-537301.2500,  -1096.0797,    544.7960,  26019.9297,
       1,     169,      61,      19,       1,       3,       1,     10.0000,      1.4033,     42.6466,    249.3650,     62.7559,      3.4953,      0.1263,      0.0932,     84.6070,      0.1830,      5.6009,     11.2017,      1.6166,     28.6675,     57.3350,      0.0193,      0.0068,      0.1517,      0.2042,   7805.9790,-565243.0000,  -1104.9910,    542.8934,  26019.8574,
       1,     169,      61,      20,       1,       3,       1,     10.0000,      1.4033,     42.6466,    249.3650,     62.7559,      3.4953,      0.0129,     -0.0198,      8.2636,      0.1706,      5.6009,     11.2017,      1.5077,     28.6675,     57.3350,      0.0193,      0.0065,      0.0156,      0.2041,   7805.9575,-536758.2500,  -1096.7649,    544.8298,  26019.9238,
       1,     169,      61,      21,       1,       3,       1,     10.0000,      1.4033,     42.6466,    249.3650,     62.7559,      3.4953,      0.0000,     -0.0325,      7.9946,      0.1648,      5.6009,     11.2017,      1.4559,     28.6675,     57.3350,      0.0193,      0.0063,      0.0156,      0.2042,   7805.9775,-439257.1562,  -1067.1588,    551.4734,  26020.5137,
       1,     169,      61,      22,       1,       3,       1,     10.0000,      1.4033,     42.6466,    249.3650,     62.7559,      3.4953,      0.0000,     -0.0325,      7.6367,      0.1628,      5.6009,     11.2017,      1.4385,     28.6675,     57.3350,      0.0193,      0.0060,      0.0156,      0.2043,   7806.1543,-430634.0312,  -1064.3102,    552.1085,  26020.5117,
       1,     169,      61,      23,       1,       3,       1,     10.0000,      1.4033,     42.6466,    249.3650,     62.7559,      3.4953,      0.0000,     -0.0324,      6.7824,      0.1604,      5.6009,     11.2017,      1.4171,     28.6675,     57.3350,      0.0193,      0.0053,      0.0156,      0.2043,   7806.1538,-429399.8438,  -1063.9424,    552.1941,  26020.5117,
       1,     169,      61,      24,       1,       3,       1,     10.0000,      1.4033,     42.6466,    249.3650,     62.7559,      3.4953,      0.0000,     -0.0323,      6.0594,      0.1578,      5.6009,     11.2017,      1.3945,     28.6675,     57.3350,      0.0193,      0.0047,      0.0156,      0.2043,   7806.1538,-428231.2500,  -1063.5925,    552.2747,  26020.5117,
       1,     169,      62,       1,       1,       3,       1,     10.0000,      1.4034,     42.6469,    249.3708,     62.7573,      3.4953,      0.0000,     -0.0322,      4.8868,      0.1550,      5.6002,     11.2004,      1.3695,     28.6713,     57.3426,      0.0193,      0.0038,      0.0156,      0.2043,   7806.1538,-427385.9062,  -1063.7776,    552.3461,  26021.6680,
       1,     169,      62,       2,       1,       3,       1,     10.0000,      1.4034,     42.6469,    249.3708,     62.7573,      3.4953,      0.0000,     -0.0321,      4.0761,      0.1530,      5.6002,     11.2004,      1.3518,     28.6713,     57.3426,      0.0193,      0.0032,      0.0156,      0.2043,   7806.5005,-425704.1250,  -1062.8325,    552.4623,  26021.6680,
       1,     169,      62,       3,       1,       3,       1,     10.0000,      1.4034,     42.6469,    249.3708,     62.7573,      3.4953,      0.0000,     -0.0321,      3.8733,      0.1536,      5.6002,     11.2004,      1.3572,     28.6713,     57.3426,      0.0193,      0.0030,      0.0156,      0.2043,   7806.5005,-424552.1250,  -1062.4845,    552.5419,  26021.6680,
       1,     169,      62,       4,       1,       3,       1,     10.0000,      1.4034,     42.6469,    249.3708,     62.7573,      3.4953,      0.0000,     -0.0321,      3.7692,      0.1528,      5.6002,     11.2004,      1.3504,     28.6713,     57.3426,      0.0193,      0.0030,      0.0156,      0.2043,   7806.5005,-424201.0312,  -1062.3817,    552.5661,  26021.6680,
       1,     169,      62,       5,       1,       3,       1,     10.0000,      1.4034,     42.6469,    249.3708,     62.7573,      3.4953,      0.0000,     -0.0321,      3.7297,      0.1524,      5.6002,     11.2004,      1.3463,     28.6713,     57.3426,      0.0193,      0.0029,      0.0156,      0.2043,   7806.5005,-424041.6562,  -1062.3369,    552.5771,  26021.6680,
       1,     169,      62,       6,       1,       3,       1,     10.0000,      1.4034,     42.6469,    249.3708,     62.7573,      3.4953,      0.0000,     -0.0320,      3.4502,      0.1495,      5.6002,     11.2004,      1.3208,     28.6713,     57.3426,      0.0193,      0.0027,      0.0156,      0.2043,   7806.5005,-423978.7500,  -1062.3221,    552.5815,  26021.6680,
       1,     169,      62,       7,       1,       3,       1,     10.0000,      1.4034,     42.6469,    249.3708,     62.7573,      3.4953,      0.0000,     -0.0319,      3.3886,      0.1478,      5.6002,     11.2004,      1.3063,     28.6713,     57.3426,      0.0193,      0.0027,      0.0156,      0.2043,   7806.5005,-423625.9375,  -1062.2181,    552.6058,  26021.6660,
       1,     169,      62,       8,       1,       3,       1,     10.0000,      1.4034,     42.6469,    249.3708,     62.7573,      3.4953,      0.0022,     -0.0296,      3.3608,      0.1456,      5.6002,     11.2004,      1.2867,     28.6713,     57.3426,      0.0193,      0.0026,      0.0156,      0.2043,   7806.5000,-423519.3125,  -1062.1901,    552.6132,  26021.6660,
       1,     169,      62,       9,       1,       3,       1,     10.0000,      1.4034,     42.6469,    249.3708,     62.7573,      3.4953,      0.0309,     -0.0012,      5.4323,      0.1521,      5.6002,     11.2004,      1.3436,     28.6713,     57.3426,      0.0193,      0.0028,      0.0233,      0.2043,   7806.5000,-423475.6875,  -1062.1804,    552.6162,  26021.6660,
       1,     169,      62,      10,       1,       3,       1,     10.0000,      1.4034,     42.6469,    249.3708,     62.7573,      3.4953,      0.1269,      0.0941,     34.9261,      0.1730,      5.6002,     11.2004,      1.5290,     28.6713,     57.3426,      0.0193,      0.0027,      0.1582,      0.2043,   7806.5000,-426046.5000,  -1062.9741,    552.4386,  26021.6660,
       1,     169,      62,      11,       1,       3,       1,     10.0000,      1.4034,     42.6469,    249.3708,     62.7573,      3.4953,      0.1826,      0.1491,     51.1164,      0.1959,      5.6002,     11.2004,      1.7312,     28.6713,     57.3426,      0.0193,      0.0026,      0.2373,      0.2043,   7806.5000,-462927.1875,  -1074.3121,    549.8919,  26021.6680,
       1,     169,      62,      12,       1,       3,       1,     10.0000,      1.4034,     42.6469,    249.3708,     62.7573,      3.4953,      0.1915,      0.1576,     54.6079,      0.2083,      5.6002,     11.2004,      1.8404,     28.6713,     57.3426,      0.0193,      0.0027,      0.2500,      0.2043,   7806.5005,-486243.0000,  -1081.5242,    548.2951,  26021.6660,
       1,     169,      62,      13,       1,       3,       1,     10.0000,      1.4034,     42.6469,    249.3708,     62.7573,      3.4953,      0.1914,      0.1575,     53.5116,      0.2097,      5.6002,     11.2004,      1.8532,     28.6713,     57.3426,      0.0193,      0.0026,      0.2500,      0.2042,   7806.5000,-492583.5312,  -1083.5796,    547.8629,  26021.2695,
       1,     169,      62,      14,       1,       3,       1,     10.0000,      1.4034,     42.6469,    249.3708,     62.7573,      3.4953,      0.1883,      0.1543,     60.7318,      0.2133,      5.6002,     11.2004,      1.8844,     28.6713,     57.3426,      0.0193,      0.0030,      0.2447,      0.2042,   7806.3813,-491806.3125,  -1083.6151,    547.9163,  26021.2402,
       1,     169,      62,      15,       1,       3,       1,     10.0000,      1.4034,     42.6469,    249.3708,     62.7573,      3.4953,      0.1942,      0.1604,     89.3960,      0.2066,      5.6002,     11.2004,      1.8260,     28.6713,     57.3426,      0.0193,      0.0044,      0.2500,      0.2042,   7806.3726,-500726.2812,  -1086.4933,    547.3053,  26021.1406,
       1,     169,      62,      16,       1,       3,       1,     10.0000,      1.4034,     42.6469,    249.3708,     62.7573,      3.4953,      0.1966,      0.1631,    118.3353,      0.1949,      5.6002,     11.2004,      1.7226,     28.6713,     57.3426,      0.0193,      0.0058,      0.2500,      0.2042,   7806.3423,-537171.0625,  -1097.9065,    544.8124,  26021.0469,
       1,     169,      62,      17,       1,       3,       1,     10.0000,      1.4034,     42.6469,    249.3708,     62.7573,      3.4953,      0.1933,      0.1600,    134.0331,      0.1877,      5.6002,     11.2004,      1.6590,     28.6713,     57.3426,      0.0193,      0.0067,      0.2434,      0.2042,   7806.3145,-576349.0000,  -1110.3406,    542.1500,  26020.9453,
       1,     169,      62,      18,       1,       3,       1,     10.0000,      1.4034,     42.6469,    249.3708,     62.7573,      3.4953,      0.1648,      0.1313,    110.8720,      0.1944,      5.6002,     11.2004,      1.7175,     28.6713,     57.3426,      0.0193,      0.0066,      0.2045,      0.2041,   7806.2837,-599283.4375,  -1117.9865,    540.6023,  26020.8867,
       1,     169,      62,      19,       1,       3,       1,     10.0000,      1.4034,     42.6469,    249.3708,     62.7573,      3.4953,      0.1354,      0.1020,     88.5362,      0.1923,      5.6002,     11.2004,      1.6989,     28.6713,     57.3426,      0.0193,      0.0066,      0.1643,      0.2041,   7806.2661,-572382.7500,  -1110.3760,    542.4222,  26020.9473,
       1,     169,      62,      20,       1,       3,       1,     10.0000,      1.4034,     42.6469,    249.3708,     62.7573,      3.4953,      0.0154,     -0.0175,      0.2407,      0.1774,      5.6002,     11.2004,      1.5676,     28.6713,     57.3426,      0.0193,      0.0059,      0.0005,      0.2041,   7806.2847,-542256.5000,  -1101.5815,    544.4679,  26021.0117,
       1,     169,      62,      21,       1,       3,       1,     10.0000,      1.4034,     42.6469,    249.3708,     62.7573,      3.4953,      0.0000,     -0.0326,      6.2846,      0.1666,      5.6002,     11.2004,      1.4721,     28.6713,     57.3426,      0.0193,      0.0049,      0.0156,      0.2042,   7806.3037,-429737.2188,  -1067.1218,    552.1297,  26021.6562,
       1,     169,      62,      22,       1,       3,       1,     10.0000,      1.4034,     42.6469,    249.3708,     62.7573,      3.4953,      0.0000,     -0.0324,      5.4543,      0.1607,      5.6002,     11.2004,      1.4199,     28.6713,     57.3426,      0.0193,      0.0043,      0.0156,      0.2043,   7806.4971,-427712.1562,  -1066.2620,    552.3237,  26021.6562,
       1,     169,      62,      23,       1,       3,       1,     10.0000,      1.4034,     42.6469,    249.3708,     62.7573,      3.4953,      0.0000,     -0.0322,      5.7481,      0.1561,      5.6002,     11.2004,      1.3792,     28.6713,     57.3426,      0.0193,      0.0045,      0.0156,      0.2043,   7806.4971,-426439.0312,  -1065.8755,    552.4116,  26021.6562,
       1,     169,      62,      24,       1,       3,       1,     10.0000,      1.4034,     42.6469,    249.3708,     62.7573,      3.4953,      0.0000,     -0.0324,      6.2551,      0.1602,      5.6002,     11.2004,      1.4157,     28.6713,     57.3426,      0.0193,      0.0049,      0.0156,      0.2043,   7806.4971,-426694.8750,  -1065.9612,    552.3939,  26021.6562,
       1,     169,      63,       1,       1,       3,       1,     10.0000,      1.4034,     42.6472,    249.3767,     62.7588,      3.4953,      0.0000,     -0.0323,      5.1653,      0.1596,      5.6006,     11.2012,      1.4100,     28.6763,     57.3526,      0.0193,      0.0040,      0.0156,      0.2043,   7806.4971,-427500.6875,  -1066.6581,    552.3511,  26022.8145,
       1,     169,      63,       2,       1,       3,       1,     10.0000,      1.4034,     42.6472,    249.3767,     62.7588,      3.4953,      0.0000,     -0.0323,      4.4542,      0.1573,      5.6006,     11.2012,      1.3904,     28.6763,     57.3526,      0.0193,      0.0035,      0.0156,      0.2043,   7806.8447,-426063.6875,  -1065.7803,    552.4504,  26022.8125,
       1,     169,      63,       3,       1,       3,       1,     10.0000,      1.4034,     42.6472,    249.3767,     62.7588,      3.4953,      0.0000,     -0.0322,      4.0313,      0.1555,      5.6006,     11.2012,      1.3737,     28.6763,     57.3526,      0.0193,      0.0032,      0.0156,      0.2043,   7806.8442,-425056.9375,  -1065.4758,    552.5200,  26022.8125,
       1,     169,      63,       4,       1,       3,       1,     10.0000,      1.4034,     42.6472,    249.3767,     62.7588,      3.4953,      0.0000,     -0.0323,      3.5188,      0.1569,      5.6006,     11.2012,      1.3862,     28.6763,     57.3526,      0.0193,      0.0028,      0.0156,      0.2043,   7806.8442,-424444.7500,  -1065.2917,    552.5621,  26022.8125,
       1,     169,      63,       5,       1,       3,       1,     10.0000,      1.4034,     42.6472,    249.3767,     62.7588,      3.4953,      0.0000,     -0.0321,      3.8734,      0.1536,      5.6006,     11.2012,      1.3572,     28.6763,     57.3526,      0.0193,      0.0030,      0.0156,      0.2043,   7806.8442,-423755.5000,  -1065.0831,    552.6099,  26022.8125,
       1,     169,      63,       6,       1,       3,       1,     10.0000,      1.4034,     42.6472,    249.3767,     62.7588,      3.4953,      0.0000,     -0.0321,      3.9092,      0.1530,      5.6006,     11.2012,      1.3518,     28.6763,     57.3526,      0.0193,      0.0031,      0.0156,      0.2043,   7806.8442,-424136.7500,  -1065.2052,    552.5835,  26022.8125,
       1,     169,      63,       7,       1,       3,       1,     10.0000,      1.4034,     42.6472,    249.3767,     62.7588,      3.4953,      0.0000,     -0.0320,      3.9739,      0.1493,      5.6006,     11.2012,      1.3195,     28.6763,     57.3526,      0.0193,      0.0031,      0.0156,      0.2043,   7806.8442,-424214.0625,  -1065.2336,    552.5781,  26022.8125,
       1,     169,      63,       8,       1,       3,       1,     10.0000,      1.4034,     42.6472,    249.3767,     62.7588,      3.4953,      0.0022,     -0.0298,      4.0452,      0.1504,      5.6006,     11.2012,      1.3289,     28.6763,     57.3526,      0.0193,      0.0032,      0.0156,      0.2043,   7806.8442,-424301.2188,  -1065.2651,    552.5721,  26022.8125,
       1,     169,      63,       9,       1,       3,       1,     10.0000,      1.4034,     42.6472,    249.3767,     62.7588,      3.4953,      0.0901,      0.0578,     30.7831,      0.1569,      5.6006,     11.2012,      1.3862,     28.6763,     57.3526,      0.0193,      0.0036,      0.1057,      0.2043,   7806.8442,-424397.2188,  -1065.2994,    552.5655,  26022.8125,
       1,     169,      63,      10,       1,       3,       1,     10.0000,      1.4034,     42.6472,    249.3767,     62.7588,      3.4953,      0.1675,      0.1347,     59.8215,      0.1718,      5.6006,     11.2012,      1.5184,     28.6763,     57.3526,      0.0193,      0.0034,      0.2142,      0.2043,   7806.8442,-457635.0000,  -1075.5978,    550.2697,  26022.8125,
       1,     169,      63,      11,       1,       3,       1,     10.0000,      1.4034,     42.6472,    249.3767,     62.7588,      3.4953,      0.1917,      0.1585,     70.0081,      0.1859,      5.6006,     11.2012,      1.6426,     28.6763,     57.3526,      0.0193,      0.0034,      0.2483,      0.2043,   7806.8442,-496606.8125,  -1087.7039,    547.5939,  26022.2656,
       1,     169,      63,      12,       1,       3,       1,     10.0000,      1.4034,     42.6472,    249.3767,     62.7588,      3.4953,      0.1923,      0.1590,     62.9395,      0.1892,      5.6006,     11.2012,      1.6722,     28.6763,     57.3526,      0.0193,      0.0031,      0.2500,      0.2043,   7806.6802,-512695.6562,  -1093.0326,    546.4991,  26022.2227,
       1,     169,      63,      13,       1,       3,       1,     10.0000,      1.4034,     42.6472,    249.3767,     62.7588,      3.4953,      0.1928,      0.1593,     70.4896,      0.1975,      5.6006,     11.2012,      1.7449,     28.6763,     57.3526,      0.0193,      0.0034,      0.2500,      0.2042,   7806.6670,-505275.7812,  -1090.9712,    547.0070,  26022.2402,
       1,     169,      63,      14,       1,       3,       1,     10.0000,      1.4034,     42.6472,    249.3767,     62.7588,      3.4953,      0.1936,      0.1599,     80.7882,      0.2010,      5.6006,     11.2012,      1.7763,     28.6763,     57.3526,      0.0193,      0.0040,      0.2500,      0.2042,   7806.6724,-514033.1875,  -1093.8680,    546.4084,  26022.2148,
       1,     169,      63,      15,       1,       3,       1,     10.0000,      1.4034,     42.6472,    249.3767,     62.7588,      3.4953,      0.1953,      0.1619,    102.0121,      0.1936,      5.6006,     11.2012,      1.7108,     28.6763,     57.3526,      0.0193,      0.0050,      0.2500,      0.2042,   7806.6646,-527602.3125,  -1098.3167,    545.4821,  26022.1777,
       1,     169,      63,      16,       1,       3,       1,     10.0000,      1.4034,     42.6472,    249.3767,     62.7588,      3.4953,      0.1968,      0.1635,    121.0651,      0.1907,      5.6006,     11.2012,      1.6855,     28.6763,     57.3526,      0.0193,      0.0059,      0.2500,      0.2042,   7806.6538,-555187.3750,  -1107.1896,    543.6019,  26022.1035,
       1,     169,      63,      17,       1,       3,       1,     10.0000,      1.4034,     42.6472,    249.3767,     62.7588,      3.4953,      0.1966,      0.1633,    125.5057,      0.1881,      5.6006,     11.2012,      1.6623,     28.6763,     57.3526,      0.0193,      0.0062,      0.2491,      0.2042,   7806.6313,-581291.1875,  -1115.7612,    541.8314,  26022.0391,
       1,     169,      63,      18,       1,       3,       1,     10.0000,      1.4034,     42.6472,    249.3767,     62.7588,      3.4953,      0.1817,      0.1485,    126.4639,      0.1850,      5.6006,     11.2012,      1.6345,     28.6763,     57.3526,      0.0193,      0.0068,      0.2273,      0.2041,   7806.6118,-589068.5625,  -1118.7755,    541.3076,  26022.0117,
       1,     169,      63,      19,       1,       3,       1,     10.0000,      1.4034,     42.6472,    249.3767,     62.7588,      3.4953,      0.1386,      0.1058,     83.8686,      0.1732,      5.6006,     11.2012,      1.5306,     28.6763,     57.3526,      0.0193,      0.0060,      0.1696,      0.2041,   7806.6040,-590927.8750,  -1119.9836,    541.1819,  26022.0020,
       1,     169,      63,      20,       1,       3,       1,     10.0000,      1.4034,     42.6472,    249.3767,     62.7588,      3.4953,      0.0172,     -0.0153,      1.5828,      0.1639,      5.6006,     11.2012,      1.4487,     28.6763,     57.3526,      0.0193,      0.0056,      0.0035,      0.2041,   7806.6011,-538010.3125,  -1104.1071,    544.7618,  26022.1230,
       1,     169,      63,      21,       1,       3,       1,     10.0000,      1.4034,     42.6472,    249.3767,     62.7588,      3.4953,      0.0000,     -0.0323,      6.7203,      0.1599,      5.6006,     11.2012,      1.4129,     28.6763,     57.3526,      0.0193,      0.0053,      0.0156,      0.2042,   7806.6372,-431070.0000,  -1071.0155,    552.0557,  26022.8027,
       1,     169,      63,      22,       1,       3,       1,     10.0000,      1.4034,     42.6472,    249.3767,     62.7588,      3.4953,      0.0000,     -0.0324,      6.7843,      0.1612,      5.6006,     11.2012,      1.4242,     28.6763,     57.3526,      0.0193,      0.0053,      0.0156,      0.2043,   7806.8413,-428364.9062,  -1069.9226,    552.2914,  26022.8027,
       1,     169,      63,      23,       1,       3,       1,     10.0000,      1.4034,     42.6472,    249.3767,     62.7588,      3.4953,      0.0000,     -0.0319,      6.2277,      0.1463,      5.6006,     11.2012,      1.2932,     28.6763,     57.3526,      0.0193,      0.0049,      0.0156,      0.2043,   7806.8413,-428151.5312,  -1069.8641,    552.3062,  26022.8027,
       1,     169,      63,      24,       1,       3,       1,     10.0000,      1.4034,     42.6472,    249.3767,     62.7588,      3.4953,      0.0000,     -0.0319,      5.6902,      0.1477,      5.6006,     11.2012,      1.3050,     28.6763,     57.3526,      0.0193,      0.0045,      0.0156,      0.2043,   7806.8413,-427441.3438,  -1069.6506,    552.3553,  26022.8027,
       1,     169,      64,       1,       1,       3,       1,     10.0000,      1.4034,     42.6475,    249.3825,     62.7602,      3.4953,      0.0000,     -0.0319,      4.6253,      0.1469,      5.6001,     11.2002,      1.2985,     28.6847,     57.3695,      0.0193,      0.0036,      0.0156,      0.2043,   7806.8413,-426866.0625,  -1069.9237,    552.4078,  26023.9609,
       1,     169,      64,       2,       1,       3,       1,     10.0000,      1.4034,     42.6475,    249.3825,     62.7602,      3.4953,      0.0000,     -0.0318,      4.1398,      0.1427,      5.6001,     11.2002,      1.2610,     28.6847,     57.3695,      0.0193,      0.0032,      0.0156,      0.2043,   7807.1885,-425341.8750,  -1069.0099,    552.5131,  26023.9609,
       1,     169,      64,       3,       1,       3,       1,     10.0000,      1.4034,     42.6475,    249.3825,     62.7602,      3.4953,      0.0000,     -0.0318,      4.3239,      0.1431,      5.6001,     11.2002,      1.2648,     28.6847,     57.3695,      0.0193,      0.0034,      0.0156,      0.2044,   7807.1885,-424607.7812,  -1068.8281,    552.5638,  26023.9609,
       1,     169,      64,       4,       1,       3,       1,     10.0000,      1.4034,     42.6475,    249.3825,     62.7602,      3.4953,      0.0000,     -0.0319,      2.6765,      0.1468,      5.6001,     11.2002,      1.2971,     28.6847,     57.3695,      0.0193,      0.0021,      0.0156,      0.2044,   7807.1885,-424773.5000,  -1068.8850,    552.5524,  26023.9609,
       1,     169,      64,       5,       1,       3,       1,     10.0000,      1.4034,     42.6475,    249.3825,     62.7602,      3.4953,      0.0000,     -0.0319,      2.2916,      0.1455,      5.6001,     11.2002,      1.2854,     28.6847,     57.3695,      0.0193,      0.0018,      0.0156,      0.2044,   7807.1885,-422740.5312,  -1068.2545,    552.6927,  26023.9609,
       1,     169,      64,       6,       1,       3,       1,     10.0000,      1.4034,     42.6475,    249.3825,     62.7602,      3.4953,      0.0000,     -0.0318,      2.3073,      0.1447,      5.6001,     11.2002,      1.2789,     28.6847,     57.3695,      0.0193,      0.0018,      0.0156,      0.2044,   7807.1885,-422087.8750,  -1068.0537,    552.7379,  26023.9609,
       1,     169,      64,       7,       1,       3,       1,     10.0000,      1.4034,     42.6475,    249.3825,     62.7602,      3.4953,      0.0000,     -0.0318,      1.9712,      0.1453,      5.6001,     11.2002,      1.2841,     28.6847,     57.3695,      0.0193,      0.0015,      0.0156,      0.2044,   7807.1885,-422051.2812,  -1068.0450,    552.7404,  26023.9609,
       1,     169,      64,       8,       1,       3,       1,     10.0000,      1.4034,     42.6475,    249.3825,     62.7602,      3.4953,      0.0025,     -0.0293,      1.7251,      0.1437,      5.6001,     11.2002,      1.2699,     28.6847,     57.3695,      0.0193,      0.0014,      0.0156,      0.2044,   7807.1885,-421630.5312,  -1067.9161,    552.7695,  26023.9609,
       1,     169,      64,       9,       1,       3,       1,     10.0000,      1.4034,     42.6475,    249.3825,     62.7602,      3.4953,      0.0956,      0.0637,     18.2153,      0.1490,      5.6001,     11.2002,      1.3169,     28.6847,     57.3695,      0.0193,      0.0019,      0.1153,      0.2044,   7807.1885,-421288.5000,  -1067.8116,    552.7931,  26023.9609,
       1,     169,      64,      10,       1,       3,       1,     10.0000,      1.4034,     42.6475,    249.3825,     62.7602,      3.4953,      0.1706,      0.1384,     40.6730,      0.1566,      5.6001,     11.2002,      1.3834,     28.6847,     57.3695,      0.0193,      0.0023,      0.2209,      0.2044,   7807.1885,-441749.6875,  -1074.2109,    551.3793,  26023.9609,
       1,     169,      64,      11,       1,       3,       1,     10.0000,      1.4034,     42.6475,    249.3825,     62.7602,      3.4953,      0.1911,      0.1586,     45.3220,      0.1648,      5.6001,     11.2002,      1.4560,     28.6847,     57.3695,      0.0193,      0.0022,      0.2500,      0.2043,   7807.1885,-471424.9375,  -1083.5101,    549.3358,  26023.9590,
       1,     169,      64,      12,       1,       3,       1,     10.0000,      1.4034,     42.6475,    249.3825,     62.7602,      3.4953,      0.1914,      0.1582,     50.6829,      0.1853,      5.6001,     11.2002,      1.6378,     28.6847,     57.3695,      0.0193,      0.0025,      0.2500,      0.2043,   7807.1880,-479758.6562,  -1086.1846,    548.7673,  26023.9590,
       1,     169,      64,      13,       1,       3,       1,     10.0000,      1.4034,     42.6475,    249.3825,     62.7602,      3.4953,      0.1919,      0.1583,     57.9015,      0.1975,      5.6001,     11.2002,      1.7450,     28.6847,     57.3695,      0.0193,      0.0028,      0.2500,      0.2043,   7807.1880,-487135.5625,  -1088.5811,    548.2616,  26023.9590,
       1,     169,      64,      14,       1,       3,       1,     10.0000,      1.4034,     42.6475,    249.3825,     62.7602,      3.4953,      0.1921,      0.1587,     59.8490,      0.1894,      5.6001,     11.2002,      1.6739,     28.6847,     57.3695,      0.0193,      0.0029,      0.2500,      0.2043,   7807.1880,-496745.6562,  -1091.6959,    547.6031,  26023.4629,
       1,     169,      64,      15,       1,       3,       1,     10.0000,      1.4034,     42.6475,    249.3825,     62.7602,      3.4953,      0.1922,      0.1594,     59.5181,      0.1727,      5.6001,     11.2002,      1.5260,     28.6847,     57.3695,      0.0193,      0.0029,      0.2500,      0.2043,   7807.0391,-500049.8750,  -1093.0621,    547.3774,  26023.4492,
       1,     169,      64,      16,       1,       3,       1,     10.0000,      1.4034,     42.6475,    249.3825,     62.7602,      3.4953,      0.1932,      0.1604,     72.9174,      0.1734,      5.6001,     11.2002,      1.5321,     28.6847,     57.3695,      0.0193,      0.0036,      0.2500,      0.2043,   7807.0352,-499921.9375,  -1097.3029,    547.3862,  26023.9570,
       1,     169,      64,      17,       1,       3,       1,     10.0000,      1.4034,     42.6475,    249.3825,     62.7602,      3.4953,      0.1810,      0.1478,     93.3358,      0.1852,      5.6001,     11.2002,      1.6361,     28.6847,     57.3695,      0.0193,      0.0050,      0.2301,      0.2043,   7807.1875,-516520.9062,  -1102.3872,    546.2504,  26023.9551,
       1,     169,      64,      18,       1,       3,       1,     10.0000,      1.4034,     42.6475,    249.3825,     62.7602,      3.4953,      0.1645,      0.1313,     88.2556,      0.1861,      5.6001,     11.2002,      1.6443,     28.6847,     57.3695,      0.0193,      0.0052,      0.2067,      0.2043,   7807.1870,-543352.8125,  -1110.9681,    544.4196,  26023.9551,
       1,     169,      64,      19,       1,       3,       1,     10.0000,      1.4034,     42.6475,    249.3825,     62.7602,      3.4953,      0.1417,      0.1085,     61.9838,      0.1850,      5.6001,     11.2002,      1.6345,     28.6847,     57.3695,      0.0193,      0.0043,      0.1765,      0.2042,   7807.1870,-539330.6250,  -1110.0294,    544.6963,  26023.9531,
       1,     169,      64,      20,       1,       3,       1,     10.0000,      1.4034,     42.6475,    249.3825,     62.7602,      3.4953,      0.0215,     -0.0114,      2.8176,      0.1751,      5.6001,     11.2002,      1.5475,     28.6847,     57.3695,      0.0193,      0.0038,      0.0091,      0.2042,   7807.1860,-506279.1562,  -1099.9926,    546.9467,  26023.9531,
       1,     169,      64,      21,       1,       3,       1,     10.0000,      1.4034,     42.6475,    249.3825,     62.7602,      3.4953,      0.0000,     -0.0325,      4.3676,      0.1635,      5.6001,     11.2002,      1.4444,     28.6847,     57.3695,      0.0193,      0.0034,      0.0156,      0.2043,   7807.1860,-429855.5312,  -1076.2002,    552.1764,  26023.9512,
       1,     169,      64,      22,       1,       3,       1,     10.0000,      1.4034,     42.6475,    249.3825,     62.7602,      3.4953,      0.0000,     -0.0322,      5.2583,      0.1562,      5.6001,     11.2002,      1.3807,     28.6847,     57.3695,      0.0193,      0.0041,      0.0156,      0.2043,   7807.1855,-425310.3438,  -1074.7572,    552.5152,  26023.9512,
       1,     169,      64,      23,       1,       3,       1,     10.0000,      1.4034,     42.6475,    249.3825,     62.7602,      3.4953,      0.0000,     -0.0322,      5.9117,      0.1539,      5.6001,     11.2002,      1.3600,     28.6847,     57.3695,      0.0193,      0.0046,      0.0156,      0.2044,   7807.1855,-425996.0312,  -1074.9438,    552.4679,  26023.9512,
       1,     169,      64,      24,       1,       3,       1,     10.0000,      1.4034,     42.6475,    249.3825,     62.7602,      3.4953,      0.0000,     -0.0320,      6.0148,      0.1505,      5.6001,     11.2002,      1.3302,     28.6847,     57.3695,      0.0193,      0.0047,      0.0156,      0.2044,   7807.1855,-426866.8438,  -1075.1853,    552.4078,  26023.9512,
       1,     169,      65,       1,       1,       3,       1,     10.0000,      1.4034,     42.6479,    249.3884,     62.7617,      3.4953,      0.0000,     -0.0320,      6.0726,      0.1504,      5.6005,     11.2011,      1.3289,     28.6928,     57.3856,      0.0193,      0.0048,      0.0156,      0.2044,   7807.1855,-427223.3125,  -1075.7122,    552.3960,  26025.1094,
       1,     169,      65,       2,       1,       3,       1,     10.0000,      1.4034,     42.6479,    249.3884,     62.7617,      3.4953,      0.0000,     -0.0320,      4.9901,      0.1505,      5.6005,     11.2011,      1.3303,     28.6928,     57.3856,      0.0193,      0.0039,      0.0156,      0.2044,   7807.5332,-427174.1250,  -1075.2198,    552.3994,  26025.1074,
       1,     169,      65,       3,       1,       3,       1,     10.0000,      1.4034,     42.6479,    249.3884,     62.7617,      3.4953,      0.0000,     -0.0321,      4.6670,      0.1533,      5.6005,     11.2011,      1.3546,     28.6928,     57.3856,      0.0193,      0.0037,      0.0156,      0.2044,   7807.5327,-425825.1875,  -1074.7729,    552.4925,  26025.1074,
       1,     169,      65,       4,       1,       3,       1,     10.0000,      1.4034,     42.6479,    249.3884,     62.7617,      3.4953,      0.0000,     -0.0322,      4.7492,      0.1553,      5.6005,     11.2011,      1.3724,     28.6928,     57.3856,      0.0193,      0.0037,      0.0156,      0.2044,   7807.5327,-425307.9062,  -1074.5881,    552.5282,  26025.1074,
       1,     169,      65,       5,       1,       3,       1,     10.0000,      1.4034,     42.6479,    249.3884,     62.7617,      3.4953,      0.0000,     -0.0321,      4.3435,      0.1536,      5.6005,     11.2011,      1.3573,     28.6928,     57.3856,      0.0193,      0.0034,      0.0156,      0.2044,   7807.5327,-425365.7188,  -1074.5831,    552.5242,  26025.1074,
       1,     169,      65,       6,       1,       3,       1,     10.0000,      1.4034,     42.6479,    249.3884,     62.7617,      3.4953,      0.0000,     -0.0321,      4.2191,      0.1518,      5.6005,     11.2011,      1.3410,     28.6928,     57.3856,      0.0193,      0.0033,      0.0156,      0.2044,   7807.5327,-424866.4688,  -1074.4060,    552.5587,  26025.1074,
       1,     169,      65,       7,       1,       3,       1,     10.0000,      1.4034,     42.6479,    249.3884,     62.7617,      3.4953,      0.0000,     -0.0320,      3.9162,      0.1487,      5.6005,     11.2011,      1.3143,     28.6928,     57.3856,      0.0193,      0.0031,      0.0156,      0.2044,   7807.5327,-424669.0625,  -1074.3241,    552.5723,  26025.1074,
       1,     169,      65,       8,       1,       3,       1,     10.0000,      1.4034,     42.6479,    249.3884,     62.7617,      3.4953,      0.0027,     -0.0292,      3.9733,      0.1459,      5.6005,     11.2011,      1.2893,     28.6928,     57.3856,      0.0193,      0.0031,      0.0156,      0.2044,   7807.5327,-424275.9062,  -1074.1830,    552.5995,  26025.1074,
       1,     169,      65,       9,       1,       3,       1,     10.0000,      1.4034,     42.6479,    249.3884,     62.7617,      3.4953,      0.0937,      0.0615,     29.0635,      0.1536,      5.6005,     11.2011,      1.3573,     28.6928,     57.3856,      0.0193,      0.0032,      0.1112,      0.2044,   7807.5327,-424313.0000,  -1074.1760,    552.5970,  26025.1074,
       1,     169,      65,      10,       1,       3,       1,     10.0000,      1.4034,     42.6479,    249.3884,     62.7617,      3.4953,      0.1683,      0.1356,     57.4844,      0.1703,      5.6005,     11.2011,      1.5049,     28.6928,     57.3856,      0.0193,      0.0033,      0.2156,      0.2044,   7807.5327,-455490.5312,  -1083.9435,    550.4434,  26025.1055,
       1,     169,      65,      11,       1,       3,       1,     10.0000,      1.4034,     42.6479,    249.3884,     62.7617,      3.4953,      0.1898,      0.1565,     70.9280,      0.1865,      5.6005,     11.2011,      1.6476,     28.6928,     57.3856,      0.0193,      0.0035,      0.2453,      0.2044,   7807.5317,-493506.4062,  -1095.8800,    547.8319,  26025.1055,
       1,     169,      65,      12,       1,       3,       1,     10.0000,      1.4034,     42.6479,    249.3884,     62.7617,      3.4953,      0.1929,      0.1593,     71.5666,      0.1989,      5.6005,     11.2011,      1.7571,     28.6928,     57.3856,      0.0193,      0.0035,      0.2500,      0.2043,   7807.5317,-513495.9688,  -1102.2500,    546.4691,  26025.1035,
       1,     169,      65,      13,       1,       3,       1,     10.0000,      1.4034,     42.6479,    249.3884,     62.7617,      3.4953,      0.1927,      0.1586,     70.8654,      0.2164,      5.6005,     11.2011,      1.9126,     28.6928,     57.3856,      0.0193,      0.0035,      0.2500,      0.2043,   7807.5312,-515998.4375,  -1103.2061,    546.2999,  26025.1055,
       1,     169,      65,      14,       1,       3,       1,     10.0000,      1.4034,     42.6479,    249.3884,     62.7617,      3.4953,      0.1940,      0.1598,     87.0188,      0.2175,      5.6005,     11.2011,      1.9220,     28.6928,     57.3856,      0.0193,      0.0043,      0.2500,      0.2043,   7807.5317,-515337.4062,  -1103.1688,    546.3451,  26025.1055,
       1,     169,      65,      15,       1,       3,       1,     10.0000,      1.4034,     42.6479,    249.3884,     62.7617,      3.4953,      0.1954,      0.1614,    104.7490,      0.2131,      5.6005,     11.2011,      1.8827,     28.6928,     57.3856,      0.0193,      0.0051,      0.2500,      0.2043,   7807.5317,-535379.1250,  -1109.6427,    544.9763,  26025.1055,
       1,     169,      65,      16,       1,       3,       1,     10.0000,      1.4034,     42.6479,    249.3884,     62.7617,      3.4953,      0.1972,      0.1633,    127.2719,      0.2087,      5.6005,     11.2011,      1.8442,     28.6928,     57.3856,      0.0193,      0.0062,      0.2500,      0.2043,   7807.5317,-559165.3750,  -1117.4012,    543.3577,  26025.1035,
       1,     169,      65,      17,       1,       3,       1,     10.0000,      1.4034,     42.6479,    249.3884,     62.7617,      3.4953,      0.1951,      0.1615,    131.7456,      0.1967,      5.6005,     11.2011,      1.7381,     28.6928,     57.3856,      0.0193,      0.0065,      0.2463,      0.2042,   7807.5312,-589247.8750,  -1127.2729,    541.3169,  26025.1016,
       1,     169,      65,      18,       1,       3,       1,     10.0000,      1.4034,     42.6479,    249.3884,     62.7617,      3.4953,      0.1783,      0.1449,    133.7785,      0.1930,      5.6005,     11.2011,      1.7058,     28.6928,     57.3856,      0.0193,      0.0074,      0.2217,      0.2042,   7807.5308,-597402.8125,  -1130.4044,    540.7689,  26025.0977,
       1,     169,      65,      19,       1,       3,       1,     10.0000,      1.4034,     42.6479,    249.3884,     62.7617,      3.4953,      0.1349,      0.1019,     99.1973,      0.1812,      5.6005,     11.2011,      1.6008,     28.6928,     57.3856,      0.0193,      0.0075,      0.1625,      0.2042,   7807.5298,-600629.7500,  -1132.0417,    540.5510,  26025.0977,
       1,     169,      65,      20,       1,       3,       1,     10.0000,      1.4034,     42.6479,    249.3884,     62.7617,      3.4953,      0.0191,     -0.0137,      3.2327,      0.1715,      5.6005,     11.2011,      1.5154,     28.6928,     57.3856,      0.0193,      0.0069,      0.0057,      0.2042,   7807.5298,-557817.1250,  -1119.1235,    543.4440,  26025.0977,
       1,     169,      65,      21,       1,       3,       1,     10.0000,      1.4034,     42.6479,    249.3884,     62.7617,      3.4953,      0.0000,     -0.0325,      7.7563,      0.1636,      5.6005,     11.2011,      1.4459,     28.6928,     57.3856,      0.0193,      0.0061,      0.0156,      0.2042,   7807.5298,-434700.1562,  -1080.4984,    551.8151,  26025.0977,
       1,     169,      65,      22,       1,       3,       1,     10.0000,      1.4034,     42.6479,    249.3884,     62.7617,      3.4953,      0.0000,     -0.0323,      6.6115,      0.1591,      5.6005,     11.2011,      1.4059,     28.6928,     57.3856,      0.0193,      0.0052,      0.0156,      0.2044,   7807.5298,-429989.7500,  -1078.9879,    552.2048,  26025.0977,
       1,     169,      65,      23,       1,       3,       1,     10.0000,      1.4034,     42.6479,    249.3884,     62.7617,      3.4953,      0.0000,     -0.0322,      6.2529,      0.1561,      5.6005,     11.2011,      1.3793,     28.6928,     57.3856,      0.0193,      0.0049,      0.0156,      0.2044,   7807.5298,-428082.7812,  -1078.3654,    552.3366,  26025.0977,
       1,     169,      65,      24,       1,       3,       1,     10.0000,      1.4034,     42.6479,    249.3884,     62.7617,      3.4953,      0.0000,     -0.0321,      6.0975,      0.1527,      5.6005,     11.2011,      1.3491,     28.6928,     57.3856,      0.0193,      0.0048,      0.0156,      0.2044,   7807.5298,-427473.4688,  -1078.1539,    552.3787,  26025.0977,
       1,     169,      66,       1,       1,       3,       1,     10.0000,      1.4034,     42.6482,    249.3942,     62.7631,      3.4953,      0.0000,     -0.0320,      5.5883,      0.1496,      5.6005,     11.2010,      1.3223,     28.7011,     57.4023,      0.0193,      0.0044,      0.0156,      0.2044,   7807.5298,-427381.3438,  -1078.5580,    552.3979,  26026.2520,
       1,     169,      66,       2,       1,       3,       1,     10.0000,      1.4034,     42.6482,    249.3942,     62.7631,      3.4953,      0.0000,     -0.0321,      5.2169,      0.1512,      5.6005,     11.2010,      1.3357,     28.7011,     57.4023,      0.0193,      0.0041,      0.0156,      0.2044,   7807.8760,-426589.8125,  -1077.8429,    552.4526,  26026.2520,
       1,     169,      66,       3,       1,       3,       1,     10.0000,      1.4034,     42.6482,    249.3942,     62.7631,      3.4953,      0.0000,     -0.0320,      4.9527,      0.1496,      5.6005,     11.2010,      1.3223,     28.7011,     57.4023,      0.0193,      0.0039,      0.0156,      0.2044,   7807.8760,-426060.4062,  -1077.6608,    552.4892,  26026.2520,
       1,     169,      66,       4,       1,       3,       1,     10.0000,      1.4034,     42.6482,    249.3942,     62.7631,      3.4953,      0.0000,     -0.0320,      4.8786,      0.1507,      5.6005,     11.2010,      1.3316,     28.7011,     57.4023,      0.0193,      0.0038,      0.0156,      0.2044,   7807.8760,-425686.7188,  -1077.5289,    552.5150,  26026.2520,
       1,     169,      66,       5,       1,       3,       1,     10.0000,      1.4034,     42.6482,    249.3942,     62.7631,      3.4953,      0.0000,     -0.0320,      4.3618,      0.1490,      5.6005,     11.2010,      1.3170,     28.7011,     57.4023,      0.0193,      0.0034,      0.0156,      0.2044,   7807.8760,-425562.5312,  -1077.4768,    552.5236,  26026.2520,
       1,     169,      66,       6,       1,       3,       1,     10.0000,      1.4034,     42.6482,    249.3942,     62.7631,      3.4953,      0.0000,     -0.0319,      3.9833,      0.1472,      5.6005,     11.2010,      1.3011,     28.7011,     57.4023,      0.0193,      0.0031,      0.0156,      0.2044,   7807.8760,-424909.8438,  -1077.2588,    552.5687,  26026.2520,
       1,     169,      66,       7,       1,       3,       1,     10.0000,      1.4034,     42.6482,    249.3942,     62.7631,      3.4953,      0.0000,     -0.0318,      3.7894,      0.1442,      5.6005,     11.2010,      1.2739,     28.7011,     57.4023,      0.0193,      0.0030,      0.0156,      0.2044,   7807.8760,-424383.5938,  -1077.0823,    552.6050,  26026.2520,
       1,     169,      66,       8,       1,       3,       1,     10.0000,      1.4034,     42.6482,    249.3942,     62.7631,      3.4953,      0.0027,     -0.0290,      3.4239,      0.1426,      5.6005,     11.2010,      1.2598,     28.7011,     57.4023,      0.0193,      0.0027,      0.0156,      0.2044,   7807.8760,-424097.5625,  -1076.9827,    552.6248,  26026.2520,
       1,     169,      66,       9,       1,       3,       1,     10.0000,      1.4034,     42.6482,    249.3942,     62.7631,      3.4953,      0.0823,      0.0502,     22.6148,      0.1513,      5.6005,     11.2010,      1.3370,     28.7011,     57.4023,      0.0193,      0.0029,      0.0955,      0.2044,   7807.8760,-423619.0000,  -1076.8228,    552.6578,  26026.2520,
       1,     169,      66,      10,       1,       3,       1,     10.0000,      1.4034,     42.6482,    249.3942,     62.7631,      3.4953,      0.1671,      0.1342,     53.4961,      0.1758,      5.6005,     11.2010,      1.5537,     28.7011,     57.4023,      0.0193,      0.0031,      0.2144,      0.2044,   7807.8760,-447419.3750,  -1084.3702,    551.0136,  26026.2520,
       1,     169,      66,      11,       1,       3,       1,     10.0000,      1.4034,     42.6482,    249.3942,     62.7631,      3.4953,      0.1905,      0.1569,     64.7572,      0.1973,      5.6005,     11.2010,      1.7433,     28.7011,     57.4023,      0.0193,      0.0032,      0.2472,      0.2044,   7807.8760,-487846.5312,  -1097.2095,    548.2316,  26026.2500,
       1,     169,      66,      12,       1,       3,       1,     10.0000,      1.4034,     42.6482,    249.3942,     62.7631,      3.4953,      0.1887,      0.1547,     61.9747,      0.2097,      5.6005,     11.2010,      1.8533,     28.7011,     57.4023,      0.0193,      0.0031,      0.2450,      0.2043,   7807.8755,-505331.0312,  -1102.8373,    547.0405,  26026.2500,
       1,     169,      66,      13,       1,       3,       1,     10.0000,      1.4034,     42.6482,    249.3942,     62.7631,      3.4953,      0.1918,      0.1580,     57.6893,      0.2048,      5.6005,     11.2010,      1.8100,     28.7011,     57.4023,      0.0193,      0.0028,      0.2500,      0.2043,   7807.8755,-503360.5625,  -1102.3690,    547.1765,  26026.2461,
       1,     169,      66,      14,       1,       3,       1,     10.0000,      1.4034,     42.6482,    249.3942,     62.7631,      3.4953,      0.1925,      0.1586,     66.6458,      0.2089,      5.6005,     11.2010,      1.8460,     28.7011,     57.4023,      0.0193,      0.0033,      0.2500,      0.2043,   7807.8740,-497860.6562,  -1100.7705,    547.5527,  26026.2480,
       1,     169,      66,      15,       1,       3,       1,     10.0000,      1.4034,     42.6482,    249.3942,     62.7631,      3.4953,      0.1951,      0.1611,    100.7527,      0.2108,      5.6005,     11.2010,      1.8625,     28.7011,     57.4023,      0.0193,      0.0049,      0.2500,      0.2043,   7807.8745,-508529.7812,  -1104.2865,    546.8225,  26026.2441,
       1,     169,      66,      16,       1,       3,       1,     10.0000,      1.4034,     42.6482,    249.3942,     62.7631,      3.4953,      0.1978,      0.1637,    136.1354,      0.2154,      5.6005,     11.2010,      1.9032,     28.7011,     57.4023,      0.0193,      0.0067,      0.2500,      0.2043,   7807.8735,-551870.8125,  -1118.2458,    543.8605,  26026.2441,
       1,     169,      66,      17,       1,       3,       1,     10.0000,      1.4034,     42.6482,    249.3942,     62.7631,      3.4953,      0.1936,      0.1597,    135.4627,      0.2083,      5.6005,     11.2010,      1.8406,     28.7011,     57.4023,      0.0193,      0.0068,      0.2438,      0.2043,   7807.8735,-599645.8125,  -1133.8326,    540.6207,  26026.2461,
       1,     169,      66,      18,       1,       3,       1,     10.0000,      1.4034,     42.6482,    249.3942,     62.7631,      3.4953,      0.1783,      0.1445,    120.0935,      0.2048,      5.6005,     11.2010,      1.8100,     28.7011,     57.4023,      0.0193,      0.0066,      0.2233,      0.2042,   7807.8740,-602914.0625,  -1135.4980,    540.4094,  26026.2441,
       1,     169,      66,      19,       1,       3,       1,     10.0000,      1.4034,     42.6482,    249.3942,     62.7631,      3.4953,      0.1384,      0.1051,     87.1128,      0.1904,      5.6005,     11.2010,      1.6823,     28.7011,     57.4023,      0.0193,      0.0063,      0.1689,      0.2042,   7807.8735,-584033.3125,  -1130.1351,    541.6849,  26026.2422,
       1,     169,      66,      20,       1,       3,       1,     10.0000,      1.4034,     42.6482,    249.3942,     62.7631,      3.4953,      0.0219,     -0.0110,      4.6224,      0.1765,      5.6005,     11.2010,      1.5599,     28.7011,     57.4023,      0.0193,      0.0060,      0.0094,      0.2042,   7807.8730,-541347.0000,  -1117.0555,    544.5767,  26026.2422,
       1,     169,      66,      21,       1,       3,       1,     10.0000,      1.4034,     42.6482,    249.3942,     62.7631,      3.4953,      0.0000,     -0.0325,      7.2148,      0.1649,      5.6005,     11.2010,      1.4575,     28.7011,     57.4023,      0.0193,      0.0057,      0.0156,      0.2043,   7807.8730,-435056.9688,  -1083.3613,    551.8199,  26026.2402,
       1,     169,      66,      22,       1,       3,       1,     10.0000,      1.4034,     42.6482,    249.3942,     62.7631,      3.4953,      0.0000,     -0.0323,      6.5129,      0.1578,      5.6005,     11.2010,      1.3947,     28.7011,     57.4023,      0.0193,      0.0051,      0.0156,      0.2044,   7807.8726,-429330.1250,  -1081.5233,    552.2632,  26026.2402,
       1,     169,      66,      23,       1,       3,       1,     10.0000,      1.4034,     42.6482,    249.3942,     62.7631,      3.4953,      0.0000,     -0.0322,      6.6523,      0.1556,      5.6005,     11.2010,      1.3752,     28.7011,     57.4023,      0.0193,      0.0052,      0.0156,      0.2044,   7807.8726,-427907.1875,  -1081.0582,    552.3616,  26026.2402,
       1,     169,      66,      24,       1,       3,       1,     10.0000,      1.4034,     42.6482,    249.3942,     62.7631,      3.4953,      0.0000,     -0.0321,      5.8880,      0.1531,      5.6005,     11.2010,      1.3532,     28.7011,     57.4023,      0.0193,      0.0046,      0.0156,      0.2044,   7807.8726,-427958.0312,  -1081.0636,    552.3582,  26026.2383,
       1,     169,      67,       1,       1,       3,       1,     10.0000,      1.4035,     42.6485,    249.4000,     62.7647,      3.4953,      0.0000,     -0.0320,      5.1733,      0.1483,      5.6008,     11.2016,      1.3104,     28.7093,     57.4185,      0.0193,      0.0041,      0.0156,      0.2044,   7807.8716,-427166.8750,  -1081.2601,    552.4255,  26027.3984,
       1,     169,      67,       2,       1,       3,       1,     10.0000,      1.4035,     42.6485,    249.4000,     62.7647,      3.4953,      0.0000,     -0.0318,      4.3270,      0.1433,      5.6008,     11.2016,      1.2662,     28.7093,     57.4185,      0.0193,      0.0034,      0.0156,      0.2044,   7808.2197,-426059.2812,  -1080.4419,    552.5020,  26027.3984,
       1,     169,      67,       3,       1,       3,       1,     10.0000,      1.4035,     42.6485,    249.4000,     62.7647,      3.4953,      0.0000,     -0.0318,      4.0004,      0.1426,      5.6008,     11.2016,      1.2598,     28.7093,     57.4185,      0.0193,      0.0031,      0.0156,      0.2044,   7808.2197,-424913.0938,  -1080.0693,    552.5812,  26027.3984,
       1,     169,      67,       4,       1,       3,       1,     10.0000,      1.4035,     42.6485,    249.4000,     62.7647,      3.4953,      0.0000,     -0.0317,      3.6898,      0.1410,      5.6008,     11.2016,      1.2459,     28.7093,     57.4185,      0.0193,      0.0029,      0.0156,      0.2044,   7808.2197,-424409.0000,  -1079.9028,    552.6160,  26027.3984,
       1,     169,      67,       5,       1,       3,       1,     10.0000,      1.4035,     42.6485,    249.4000,     62.7647,      3.4953,      0.0000,     -0.0317,      3.3930,      0.1416,      5.6008,     11.2016,      1.2509,     28.7093,     57.4185,      0.0193,      0.0027,      0.0156,      0.2044,   7808.2197,-423979.7188,  -1079.7607,    552.6456,  26027.3984,
       1,     169,      67,       6,       1,       3,       1,     10.0000,      1.4035,     42.6485,    249.4000,     62.7647,      3.4953,      0.0000,     -0.0317,      3.1907,      0.1397,      5.6008,     11.2016,      1.2346,     28.7093,     57.4185,      0.0193,      0.0025,      0.0156,      0.2044,   7808.2197,-423574.3438,  -1079.6267,    552.6736,  26027.3984,
       1,     169,      67,       7,       1,       3,       1,     10.0000,      1.4035,     42.6485,    249.4000,     62.7647,      3.4953,      0.0000,     -0.0317,      3.0084,      0.1406,      5.6008,     11.2016,      1.2421,     28.7093,     57.4185,      0.0193,      0.0024,      0.0156,      0.2044,   7808.2197,-423288.1875,  -1079.5310,    552.6934,  26027.3984,
       1,     169,      67,       8,       1,       3,       1,     10.0000,      1.4035,     42.6485,    249.4000,     62.7647,      3.4953,      0.0023,     -0.0293,      3.0150,      0.1383,      5.6008,     11.2016,      1.2222,     28.7093,     57.4185,      0.0193,      0.0024,      0.0156,      0.2044,   7808.2197,-423037.2500,  -1079.4473,    552.7108,  26027.3984,
       1,     169,      67,       9,       1,       3,       1,     10.0000,      1.4035,     42.6485,    249.4000,     62.7647,      3.4953,      0.0756,      0.0436,     16.5790,      0.1487,      5.6008,     11.2016,      1.3143,     28.7093,     57.4185,      0.0193,      0.0023,      0.0866,      0.2044,   7808.2197,-423023.8750,  -1079.4387,    552.7117,  26027.3984,
       1,     169,      67,      10,       1,       3,       1,     10.0000,      1.4035,     42.6485,    249.4000,     62.7647,      3.4953,      0.1575,      0.1247,     40.2831,      0.1741,      5.6008,     11.2016,      1.5384,     28.7093,     57.4185,      0.0193,      0.0024,      0.2020,      0.2044,   7808.2197,-439871.5625,  -1084.8363,    551.5477,  26027.3984,
       1,     169,      67,      11,       1,       3,       1,     10.0000,      1.4035,     42.6485,    249.4000,     62.7647,      3.4953,      0.1794,      0.1460,     45.5738,      0.1915,      5.6008,     11.2016,      1.6924,     28.7093,     57.4185,      0.0193,      0.0024,      0.2332,      0.2044,   7808.2197,-470772.5938,  -1094.7513,    549.4186,  26027.3945,
       1,     169,      67,      12,       1,       3,       1,     10.0000,      1.4035,     42.6485,    249.4000,     62.7647,      3.4953,      0.1866,      0.1528,     48.9942,      0.2052,      5.6008,     11.2016,      1.8136,     28.7093,     57.4185,      0.0193,      0.0025,      0.2434,      0.2044,   7808.2188,-480008.2500,  -1097.7661,    548.7883,  26027.3984,
       1,     169,      67,      13,       1,       3,       1,     10.0000,      1.4035,     42.6485,    249.4000,     62.7647,      3.4953,      0.1908,      0.1569,     45.6611,      0.2093,      5.6008,     11.2016,      1.8497,     28.7093,     57.4185,      0.0193,      0.0022,      0.2500,      0.2044,   7808.2197,-485046.5312,  -1099.4521,    548.4431,  26027.3965,
       1,     169,      67,      14,       1,       3,       1,     10.0000,      1.4035,     42.6485,    249.4000,     62.7647,      3.4953,      0.1921,      0.1577,     63.4733,      0.2249,      5.6008,     11.2016,      1.9873,     28.7093,     57.4185,      0.0193,      0.0031,      0.2500,      0.2044,   7808.2192,-481333.5938,  -1098.3439,    548.6977,  26027.3965,
       1,     169,      67,      15,       1,       3,       1,     10.0000,      1.4035,     42.6485,    249.4000,     62.7647,      3.4953,      0.1945,      0.1614,     89.2454,      0.1799,      5.6008,     11.2016,      1.5898,     28.7093,     57.4185,      0.0193,      0.0044,      0.2500,      0.2044,   7808.2192,-503161.0625,  -1105.4156,    547.2007,  26027.3945,
       1,     169,      67,      16,       1,       3,       1,     10.0000,      1.4035,     42.6485,    249.4000,     62.7647,      3.4953,      0.1963,      0.1629,    114.5982,      0.1917,      5.6008,     11.2016,      1.6941,     28.7093,     57.4185,      0.0193,      0.0056,      0.2500,      0.2044,   7808.2188,-537087.0000,  -1117.7292,    544.8823,  26027.3926,
       1,     169,      67,      17,       1,       3,       1,     10.0000,      1.4035,     42.6485,    249.4000,     62.7647,      3.4953,      0.1945,      0.1617,    127.4529,      0.1703,      5.6008,     11.2016,      1.5050,     28.7093,     57.4185,      0.0193,      0.0063,      0.2456,      0.2043,   7808.2183,-571548.3125,  -1129.0774,    542.5399,  26027.3926,
       1,     169,      67,      18,       1,       3,       1,     10.0000,      1.4035,     42.6485,    249.4000,     62.7647,      3.4953,      0.1611,      0.1288,    105.7082,      0.1572,      5.6008,     11.2016,      1.3891,     28.7093,     57.4185,      0.0193,      0.0065,      0.1997,      0.2043,   7808.2183,-590509.1875,  -1136.0242,    541.2591,  26027.3906,
       1,     169,      67,      19,       1,       3,       1,     10.0000,      1.4035,     42.6485,    249.4000,     62.7647,      3.4953,      0.0733,      0.0406,     48.9235,      0.1678,      5.6008,     11.2016,      1.4826,     28.7093,     57.4185,      0.0193,      0.0076,      0.0791,      0.2042,   7808.2173,-565046.0000,  -1128.4070,    542.9834,  26027.3887,
       1,     169,      67,      20,       1,       3,       1,     10.0000,      1.4035,     42.6485,    249.4000,     62.7647,      3.4953,      0.0144,     -0.0179,      5.6251,      0.1597,      5.6008,     11.2016,      1.4116,     28.7093,     57.4185,      0.0193,      0.0044,      0.0156,      0.2043,   7808.2168,-492184.0312,  -1105.3763,    547.9315,  26027.3867,
       1,     169,      67,      21,       1,       3,       1,     10.0000,      1.4035,     42.6485,    249.4000,     62.7647,      3.4953,      0.0000,     -0.0322,      6.0668,      0.1552,      5.6008,     11.2016,      1.3711,     28.7093,     57.4185,      0.0193,      0.0048,      0.0156,      0.2044,   7808.2163,-432189.2500,  -1086.1420,    552.0632,  26027.3887,
       1,     169,      67,      22,       1,       3,       1,     10.0000,      1.4035,     42.6485,    249.4000,     62.7647,      3.4953,      0.0000,     -0.0322,      4.3766,      0.1545,      5.6008,     11.2016,      1.3656,     28.7093,     57.4185,      0.0193,      0.0034,      0.0156,      0.2044,   7808.2168,-427620.4688,  -1084.6494,    552.3941,  26027.3887,
       1,     169,      67,      23,       1,       3,       1,     10.0000,      1.4035,     42.6485,    249.4000,     62.7647,      3.4953,      0.0000,     -0.0321,      3.6360,      0.1524,      5.6008,     11.2016,      1.3465,     28.7093,     57.4185,      0.0193,      0.0028,      0.0156,      0.2044,   7808.2168,-425109.7812,  -1083.8256,    552.5676,  26027.3887,
       1,     169,      67,      24,       1,       3,       1,     10.0000,      1.4035,     42.6485,    249.4000,     62.7647,      3.4953,      0.0000,     -0.0321,      4.7372,      0.1507,      5.6008,     11.2016,      1.3317,     28.7093,     57.4185,      0.0193,      0.0037,      0.0156,      0.2044,   7808.2168,-423974.2500,  -1083.4476,    552.6460,  26027.3887,
       1,     169,      68,       1,       1,       3,       1,     10.0000,      1.4035,     42.6489,    249.4059,     62.7661,      3.4953,      0.0000,     -0.0320,      4.4086,      0.1506,      5.6010,     11.2021,      1.3304,     28.7144,     57.4288,      0.0193,      0.0035,      0.0156,      0.2045,   7808.2168,-425399.0625,  -1084.3503,    552.5605,  26028.5488,
       1,     169,      68,       2,       1,       3,       1,     10.0000,      1.4035,     42.6489,    249.4059,     62.7661,      3.4953,      0.0000,     -0.0320,      4.2848,      0.1486,      5.6010,     11.2021,      1.3131,     28.7144,     57.4288,      0.0193,      0.0034,      0.0156,      0.2045,   7808.5649,-424961.2812,  -1083.7343,    552.5908,  26028.5488,
       1,     169,      68,       3,       1,       3,       1,     10.0000,      1.4035,     42.6489,    249.4059,     62.7661,      3.4953,      0.0000,     -0.0318,      4.1044,      0.1445,      5.6010,     11.2021,      1.2765,     28.7144,     57.4288,      0.0193,      0.0032,      0.0156,      0.2045,   7808.5649,-424769.9062,  -1083.6583,    552.6040,  26028.5488,
       1,     169,      68,       4,       1,       3,       1,     10.0000,      1.4035,     42.6489,    249.4059,     62.7661,      3.4953,      0.0000,     -0.0319,      4.1541,      0.1450,      5.6010,     11.2021,      1.2817,     28.7144,     57.4288,      0.0193,      0.0033,      0.0156,      0.2045,   7808.5649,-424529.4375,  -1083.5674,    552.6205,  26028.5488,
       1,     169,      68,       5,       1,       3,       1,     10.0000,      1.4035,     42.6489,    249.4059,     62.7661,      3.4953,      0.0000,     -0.0319,      4.0758,      0.1453,      5.6010,     11.2021,      1.2842,     28.7144,     57.4288,      0.0193,      0.0032,      0.0156,      0.2045,   7808.5649,-424570.6562,  -1083.5670,    552.6177,  26028.5488,
       1,     169,      68,       6,       1,       3,       1,     10.0000,      1.4035,     42.6489,    249.4059,     62.7661,      3.4953,      0.0000,     -0.0318,      4.0393,      0.1429,      5.6010,     11.2021,      1.2624,     28.7144,     57.4288,      0.0193,      0.0032,      0.0156,      0.2045,   7808.5649,-424476.8750,  -1083.5234,    552.6242,  26028.5488,
       1,     169,      68,       7,       1,       3,       1,     10.0000,      1.4035,     42.6489,    249.4059,     62.7661,      3.4953,      0.0000,     -0.0317,      3.7819,      0.1414,      5.6010,     11.2021,      1.2497,     28.7144,     57.4288,      0.0193,      0.0030,      0.0156,      0.2045,   7808.5649,-424423.5312,  -1083.4932,    552.6279,  26028.5488,
       1,     169,      68,       8,       1,       3,       1,     10.0000,      1.4035,     42.6489,    249.4059,     62.7661,      3.4953,      0.0033,     -0.0284,      3.2691,      0.1400,      5.6010,     11.2021,      1.2371,     28.7144,     57.4288,      0.0193,      0.0026,      0.0156,      0.2045,   7808.5649,-424099.1250,  -1083.3766,    552.6503,  26028.5488,
       1,     169,      68,       9,       1,       3,       1,     10.0000,      1.4035,     42.6489,    249.4059,     62.7661,      3.4953,      0.0963,      0.0644,     24.5132,      0.1465,      5.6010,     11.2021,      1.2946,     28.7144,     57.4288,      0.0193,      0.0026,      0.1156,      0.2045,   7808.5649,-423434.4688,  -1083.1525,    552.6962,  26028.5488,
       1,     169,      68,      10,       1,       3,       1,     10.0000,      1.4035,     42.6489,    249.4059,     62.7661,      3.4953,      0.1670,      0.1343,     47.5445,      0.1674,      5.6010,     11.2021,      1.4796,     28.7144,     57.4288,      0.0193,      0.0027,      0.2148,      0.2045,   7808.5649,-449763.2500,  -1091.6385,    550.8773,  26028.5488,
       1,     169,      68,      11,       1,       3,       1,     10.0000,      1.4035,     42.6489,    249.4059,     62.7661,      3.4953,      0.1896,      0.1564,     54.8922,      0.1868,      5.6010,     11.2021,      1.6510,     28.7144,     57.4288,      0.0193,      0.0027,      0.2469,      0.2044,   7808.5649,-480646.9062,  -1101.6110,    548.7536,  26028.5488,
       1,     169,      68,      12,       1,       3,       1,     10.0000,      1.4035,     42.6489,    249.4059,     62.7661,      3.4953,      0.1916,      0.1581,     53.6938,      0.1934,      5.6010,     11.2021,      1.7093,     28.7144,     57.4288,      0.0193,      0.0026,      0.2500,      0.2044,   7808.5649,-492434.1875,  -1105.4753,    547.9492,  26028.5469,
       1,     169,      68,      13,       1,       3,       1,     10.0000,      1.4035,     42.6489,    249.4059,     62.7661,      3.4953,      0.1915,      0.1581,     53.2973,      0.1934,      5.6010,     11.2021,      1.7093,     28.7144,     57.4288,      0.0193,      0.0026,      0.2500,      0.2044,   7808.5645,-491949.6562,  -1105.4142,    547.9830,  26028.5469,
       1,     169,      68,      14,       1,       3,       1,     10.0000,      1.4035,     42.6489,    249.4059,     62.7661,      3.4953,      0.1920,      0.1580,     60.9851,      0.2118,      5.6010,     11.2021,      1.8718,     28.7144,     57.4288,      0.0193,      0.0030,      0.2500,      0.2044,   7808.5645,-491414.4688,  -1105.3284,    548.0195,  26028.5449,
       1,     169,      68,      15,       1,       3,       1,     10.0000,      1.4035,     42.6489,    249.4059,     62.7661,      3.4953,      0.1937,      0.1594,     84.1534,      0.2249,      5.6010,     11.2021,      1.9873,     28.7144,     57.4288,      0.0193,      0.0041,      0.2500,      0.2044,   7808.5640,-500927.2812,  -1108.4838,    547.3679,  26028.5449,
       1,     169,      68,      16,       1,       3,       1,     10.0000,      1.4035,     42.6489,    249.4059,     62.7661,      3.4953,      0.1960,      0.1617,    113.1310,      0.2229,      5.6010,     11.2021,      1.9699,     28.7144,     57.4288,      0.0193,      0.0055,      0.2500,      0.2044,   7808.5640,-530551.3125,  -1118.1844,    545.3414,  26028.5430,
       1,     169,      68,      17,       1,       3,       1,     10.0000,      1.4035,     42.6489,    249.4059,     62.7661,      3.4953,      0.1924,      0.1583,    110.4551,      0.2143,      5.6010,     11.2021,      1.8940,     28.7144,     57.4288,      0.0193,      0.0055,      0.2450,      0.2043,   7808.5630,-569145.5000,  -1130.9325,    542.7144,  26028.5410,
       1,     169,      68,      18,       1,       3,       1,     10.0000,      1.4035,     42.6489,    249.4059,     62.7661,      3.4953,      0.1776,      0.1440,     90.3544,      0.1981,      5.6010,     11.2021,      1.7503,     28.7144,     57.4288,      0.0193,      0.0049,      0.2255,      0.2043,   7808.5625,-569128.6875,  -1131.3932,    542.7217,  26028.5410,
       1,     169,      68,      19,       1,       3,       1,     10.0000,      1.4035,     42.6489,    249.4059,     62.7661,      3.4953,      0.1391,      0.1059,     77.3036,      0.1844,      5.6010,     11.2021,      1.6298,     28.7144,     57.4288,      0.0193,      0.0055,      0.1711,      0.2043,   7808.5625,-544096.5000,  -1123.7625,    544.4199,  26028.5430,
       1,     169,      68,      20,       1,       3,       1,     10.0000,      1.4035,     42.6489,    249.4059,     62.7661,      3.4953,      0.0205,     -0.0123,      3.7277,      0.1724,      5.6010,     11.2021,      1.5231,     28.7144,     57.4288,      0.0193,      0.0059,      0.0077,      0.2043,   7808.5630,-525726.7500,  -1118.1637,    545.6727,  26028.5391,
       1,     169,      68,      21,       1,       3,       1,     10.0000,      1.4035,     42.6489,    249.4059,     62.7661,      3.4953,      0.0000,     -0.0323,      7.1452,      0.1590,      5.6010,     11.2021,      1.4046,     28.7144,     57.4288,      0.0193,      0.0056,      0.0156,      0.2044,   7808.5620,-432632.5625,  -1088.1827,    552.0240,  26028.5391,
       1,     169,      68,      22,       1,       3,       1,     10.0000,      1.4035,     42.6489,    249.4059,     62.7661,      3.4953,      0.0000,     -0.0320,      6.3572,      0.1490,      5.6010,     11.2021,      1.3170,     28.7144,     57.4288,      0.0193,      0.0050,      0.0156,      0.2044,   7808.5620,-429028.1250,  -1087.0011,    552.3098,  26028.5391,
       1,     169,      68,      23,       1,       3,       1,     10.0000,      1.4035,     42.6489,    249.4059,     62.7661,      3.4953,      0.0000,     -0.0319,      5.9252,      0.1455,      5.6010,     11.2021,      1.2855,     28.7144,     57.4288,      0.0193,      0.0046,      0.0156,      0.2045,   7808.5620,-427694.4375,  -1086.5549,    552.4020,  26028.5371,
       1,     169,      68,      24,       1,       3,       1,     10.0000,      1.4035,     42.6489,    249.4059,     62.7661,      3.4953,      0.0000,     -0.0318,      5.2044,      0.1446,      5.6010,     11.2021,      1.2778,     28.7144,     57.4288,      0.0193,      0.0041,      0.0156,      0.2045,   7808.5615,-427043.4375,  -1086.3315,    552.4470,  26028.5371,
       1,     169,      69,       1,       1,       3,       1,     10.0000,      1.4035,     42.6492,    249.4117,     62.7676,      3.4953,      0.0000,     -0.0317,      4.7476,      0.1417,      5.6011,     11.2022,      1.2522,     28.7228,     57.4457,      0.0193,      0.0037,      0.0156,      0.2045,   7808.5615,-426246.1562,  -1086.5259,    552.5150,  26029.6973,
       1,     169,      69,       2,       1,       3,       1,     10.0000,      1.4035,     42.6492,    249.4117,     62.7676,      3.4953,      0.0000,     -0.0317,      4.4179,      0.1417,      5.6011,     11.2022,      1.2522,     28.7228,     57.4457,      0.0193,      0.0035,      0.0156,      0.2045,   7808.9097,-425458.6875,  -1085.7980,    552.5693,  26029.6973,
       1,     169,      69,       3,       1,       3,       1,     10.0000,      1.4035,     42.6492,    249.4117,     62.7676,      3.4953,      0.0000,     -0.0316,      3.7466,      0.1380,      5.6011,     11.2022,      1.2197,     28.7228,     57.4457,      0.0193,      0.0029,      0.0156,      0.2045,   7808.9097,-424981.6562,  -1085.6348,    552.6022,  26029.6973,
       1,     169,      69,       4,       1,       3,       1,     10.0000,      1.4035,     42.6492,    249.4117,     62.7676,      3.4953,      0.0000,     -0.0315,      3.4130,      0.1364,      5.6011,     11.2022,      1.2050,     28.7228,     57.4457,      0.0193,      0.0027,      0.0156,      0.2045,   7808.9097,-424107.0938,  -1085.3440,    552.6627,  26029.6973,
       1,     169,      69,       5,       1,       3,       1,     10.0000,      1.4035,     42.6492,    249.4117,     62.7676,      3.4953,      0.0000,     -0.0316,      3.5405,      0.1385,      5.6011,     11.2022,      1.2234,     28.7228,     57.4457,      0.0193,      0.0028,      0.0156,      0.2045,   7808.9097,-423617.6875,  -1085.1788,    552.6965,  26029.6973,
       1,     169,      69,       6,       1,       3,       1,     10.0000,      1.4035,     42.6492,    249.4117,     62.7676,      3.4953,      0.0000,     -0.0317,      3.5895,      0.1396,      5.6011,     11.2022,      1.2334,     28.7228,     57.4457,      0.0193,      0.0028,      0.0156,      0.2045,   7808.9097,-423734.0312,  -1085.2098,    552.6885,  26029.6973,
       1,     169,      69,       7,       1,       3,       1,     10.0000,      1.4035,     42.6492,    249.4117,     62.7676,      3.4953,      0.0000,     -0.0318,      3.4888,      0.1426,      5.6011,     11.2022,      1.2599,     28.7228,     57.4457,      0.0193,      0.0027,      0.0156,      0.2045,   7808.9097,-423804.8125,  -1085.2262,    552.6835,  26029.6973,
       1,     169,      69,       8,       1,       3,       1,     10.0000,      1.4035,     42.6492,    249.4117,     62.7676,      3.4953,      0.0025,     -0.0292,      3.3398,      0.1432,      5.6011,     11.2022,      1.2650,     28.7228,     57.4457,      0.0193,      0.0026,      0.0156,      0.2045,   7808.9097,-423685.8750,  -1085.1810,    552.6918,  26029.6973,
       1,     169,      69,       9,       1,       3,       1,     10.0000,      1.4035,     42.6492,    249.4117,     62.7676,      3.4953,      0.0713,      0.0393,     17.0379,      0.1515,      5.6011,     11.2022,      1.3385,     28.7228,     57.4457,      0.0193,      0.0026,      0.0803,      0.2045,   7808.9097,-423490.6250,  -1085.1117,    552.7052,  26029.6973,
       1,     169,      69,      10,       1,       3,       1,     10.0000,      1.4035,     42.6492,    249.4117,     62.7676,      3.4953,      0.1347,      0.1022,     37.7034,      0.1627,      5.6011,     11.2022,      1.4373,     28.7228,     57.4457,      0.0193,      0.0027,      0.1693,      0.2045,   7808.9097,-440485.4688,  -1090.6322,    551.5311,  26029.6973,
       1,     169,      69,      11,       1,       3,       1,     10.0000,      1.4035,     42.6492,    249.4117,     62.7676,      3.4953,      0.1851,      0.1524,     57.6533,      0.1683,      5.6011,     11.2022,      1.4871,     28.7228,     57.4457,      0.0193,      0.0029,      0.2399,      0.2045,   7808.9097,-467617.3750,  -1099.4633,    549.6619,  26029.6973,
       1,     169,      69,      12,       1,       3,       1,     10.0000,      1.4035,     42.6492,    249.4117,     62.7676,      3.4953,      0.1923,      0.1591,     62.6269,      0.1854,      5.6011,     11.2022,      1.6380,     28.7228,     57.4457,      0.0193,      0.0031,      0.2500,      0.2044,   7808.9097,-494741.5625,  -1108.3264,    547.8014,  26029.6934,
       1,     169,      69,      13,       1,       3,       1,     10.0000,      1.4035,     42.6492,    249.4117,     62.7676,      3.4953,      0.1921,      0.1583,     61.1607,      0.2042,      5.6011,     11.2022,      1.8048,     28.7228,     57.4457,      0.0193,      0.0030,      0.2500,      0.2044,   7808.9082,-503251.7188,  -1111.2068,    547.2218,  26029.6934,
       1,     169,      69,      14,       1,       3,       1,     10.0000,      1.4035,     42.6492,    249.4117,     62.7676,      3.4953,      0.1921,      0.1583,     61.4859,      0.2048,      5.6011,     11.2022,      1.8101,     28.7228,     57.4457,      0.0193,      0.0030,      0.2500,      0.2044,   7808.9082,-502153.3438,  -1110.9989,    547.2972,  26029.6914,
       1,     169,      69,      15,       1,       3,       1,     10.0000,      1.4035,     42.6492,    249.4117,     62.7676,      3.4953,      0.1930,      0.1593,     72.8003,      0.2030,      5.6011,     11.2022,      1.7941,     28.7228,     57.4457,      0.0193,      0.0036,      0.2500,      0.2044,   7808.9077,-502463.6875,  -1111.2476,    547.2760,  26029.6895,
       1,     169,      69,      16,       1,       3,       1,     10.0000,      1.4035,     42.6492,    249.4117,     62.7676,      3.4953,      0.1936,      0.1597,     81.2713,      0.2075,      5.6011,     11.2022,      1.8335,     28.7228,     57.4457,      0.0193,      0.0040,      0.2500,      0.2044,   7808.9072,-516558.5312,  -1115.9888,    546.3118,  26029.6914,
       1,     169,      69,      17,       1,       3,       1,     10.0000,      1.4035,     42.6492,    249.4117,     62.7676,      3.4953,      0.1889,      0.1553,     91.4673,      0.1999,      5.6011,     11.2022,      1.7660,     28.7228,     57.4457,      0.0193,      0.0046,      0.2419,      0.2044,   7808.9077,-528300.6250,  -1120.0333,    545.5107,  26029.6914,
       1,     169,      69,      18,       1,       3,       1,     10.0000,      1.4035,     42.6492,    249.4117,     62.7676,      3.4953,      0.1644,      0.1310,     92.4043,      0.1912,      5.6011,     11.2022,      1.6891,     28.7228,     57.4457,      0.0193,      0.0055,      0.2061,      0.2044,   7808.9077,-541987.6250,  -1124.7798,    544.5780,  26029.6895,
       1,     169,      69,      19,       1,       3,       1,     10.0000,      1.4035,     42.6492,    249.4117,     62.7676,      3.4953,      0.1125,      0.0794,     58.8010,      0.1808,      5.6011,     11.2022,      1.5978,     28.7228,     57.4457,      0.0193,      0.0053,      0.1345,      0.2044,   7808.9072,-544324.8750,  -1125.8971,    544.4198,  26029.6895,
       1,     169,      69,      20,       1,       3,       1,     10.0000,      1.4035,     42.6492,    249.4117,     62.7676,      3.4953,      0.0170,     -0.0156,      1.3169,      0.1668,      5.6011,     11.2022,      1.4738,     28.7228,     57.4457,      0.0193,      0.0052,      0.0031,      0.2044,   7808.9072,-502713.8438,  -1112.6696,    547.2515,  26029.6875,
       1,     169,      69,      21,       1,       3,       1,     10.0000,      1.4035,     42.6492,    249.4117,     62.7676,      3.4953,      0.0000,     -0.0324,      6.8410,      0.1615,      5.6011,     11.2022,      1.4273,     28.7228,     57.4457,      0.0193,      0.0054,      0.0156,      0.2044,   7808.9067,-427708.8750,  -1088.3104,    552.3898,  26029.6855,
       1,     169,      69,      22,       1,       3,       1,     10.0000,      1.4035,     42.6492,    249.4117,     62.7676,      3.4953,      0.0000,     -0.0323,      6.6809,      0.1585,      5.6011,     11.2022,      1.4004,     28.7228,     57.4457,      0.0193,      0.0052,      0.0156,      0.2045,   7808.9058,-428215.3125,  -1088.4686,    552.3790,  26029.6855,
       1,     169,      69,      23,       1,       3,       1,     10.0000,      1.4035,     42.6492,    249.4117,     62.7676,      3.4953,      0.0000,     -0.0323,      6.4070,      0.1569,      5.6011,     11.2022,      1.3864,     28.7228,     57.4457,      0.0193,      0.0050,      0.0156,      0.2045,   7808.9058,-428029.9688,  -1088.4001,    552.3918,  26029.6855,
       1,     169,      69,      24,       1,       3,       1,     10.0000,      1.4035,     42.6492,    249.4117,     62.7676,      3.4953,      0.0000,     -0.0322,      5.9832,      0.1556,      5.6011,     11.2022,      1.3753,     28.7228,     57.4457,      0.0193,      0.0047,      0.0156,      0.2045,   7808.9058,-427673.8438,  -1088.2765,    552.4163,  26029.6855,
       1,     169,      70,       1,       1,       3,       1,     10.0000,      1.4035,     42.6495,    249.4176,     62.7690,      3.4953,      0.0000,     -0.0323,      4.8331,      0.1561,      5.6013,     11.2025,      1.3795,     28.7284,     57.4569,      0.0193,      0.0038,      0.0156,      0.2045,   7808.9058,-427270.6250,  -1088.6036,    552.4571,  26030.8438,
       1,     169,      70,       2,       1,       3,       1,     10.0000,      1.4035,     42.6495,    249.4176,     62.7690,      3.4953,      0.0000,     -0.0322,      4.1628,      0.1544,      5.6013,     11.2025,      1.3643,     28.7284,     57.4569,      0.0193,      0.0033,      0.0156,      0.2045,   7809.2534,-425656.1562,  -1087.6072,    552.5686,  26030.8438,
       1,     169,      70,       3,       1,       3,       1,     10.0000,      1.4035,     42.6495,    249.4176,     62.7690,      3.4953,      0.0000,     -0.0322,      3.5513,      0.1552,      5.6013,     11.2025,      1.3712,     28.7284,     57.4569,      0.0193,      0.0028,      0.0156,      0.2045,   7809.2534,-424685.3750,  -1087.2861,    552.6356,  26030.8438,
       1,     169,      70,       4,       1,       3,       1,     10.0000,      1.4035,     42.6495,    249.4176,     62.7690,      3.4953,      0.0000,     -0.0322,      3.4083,      0.1549,      5.6013,     11.2025,      1.3684,     28.7284,     57.4569,      0.0193,      0.0027,      0.0156,      0.2045,   7809.2534,-423842.7188,  -1087.0077,    552.6938,  26030.8418,
       1,     169,      70,       5,       1,       3,       1,     10.0000,      1.4035,     42.6495,    249.4176,     62.7690,      3.4953,      0.0000,     -0.0321,      3.1698,      0.1507,      5.6013,     11.2025,      1.3318,     28.7284,     57.4569,      0.0193,      0.0025,      0.0156,      0.2045,   7809.2529,-423593.1562,  -1086.9237,    552.7111,  26030.8418,
       1,     169,      70,       6,       1,       3,       1,     10.0000,      1.4035,     42.6495,    249.4176,     62.7690,      3.4953,      0.0000,     -0.0319,      3.1545,      0.1464,      5.6013,     11.2025,      1.2934,     28.7284,     57.4569,      0.0193,      0.0025,      0.0156,      0.2045,   7809.2529,-423275.4688,  -1086.8171,    552.7330,  26030.8418,
       1,     169,      70,       7,       1,       3,       1,     10.0000,      1.4035,     42.6495,    249.4176,     62.7690,      3.4953,      0.0000,     -0.0316,      2.8989,      0.1376,      5.6013,     11.2025,      1.2161,     28.7284,     57.4569,      0.0193,      0.0023,      0.0156,      0.2045,   7809.2529,-423229.3125,  -1088.9390,    552.7362,  26030.8418,
       1,     169,      70,       8,       1,       3,       1,     10.0000,      1.4035,     42.6495,    249.4176,     62.7690,      3.4953,      0.0024,     -0.0293,      3.0668,      0.1394,      5.6013,     11.2025,      1.2322,     28.7284,     57.4569,      0.0193,      0.0024,      0.0156,      0.2045,   7809.2529,-422907.9688,  -1089.2972,    552.7584,  26030.8418,
       1,     169,      70,       9,       1,       3,       1,     10.0000,      1.4035,     42.6495,    249.4176,     62.7690,      3.4953,      0.0896,      0.0577,     20.5606,      0.1461,      5.6013,     11.2025,      1.2908,     28.7284,     57.4569,      0.0193,      0.0024,      0.1064,      0.2045,   7809.2529,-423088.8125,  -1089.3385,    552.7459,  26030.8418,
       1,     169,      70,      10,       1,       3,       1,     10.0000,      1.4035,     42.6495,    249.4176,     62.7690,      3.4953,      0.1495,      0.1174,     37.7135,      0.1524,      5.6013,     11.2025,      1.3466,     28.7284,     57.4569,      0.0193,      0.0024,      0.1907,      0.2045,   7809.2529,-444827.0000,  -1096.9291,    551.2440,  26030.8418,
       1,     169,      70,      11,       1,       3,       1,     10.0000,      1.4035,     42.6495,    249.4176,     62.7690,      3.4953,      0.1874,      0.1549,     41.2363,      0.1650,      5.6013,     11.2025,      1.4577,     28.7284,     57.4569,      0.0193,      0.0021,      0.2451,      0.2045,   7809.2529,-468003.3750,  -1109.6132,    549.6490,  26030.8418,
       1,     169,      70,      12,       1,       3,       1,     10.0000,      1.4035,     42.6495,    249.4176,     62.7690,      3.4953,      0.1894,      0.1565,     23.6368,      0.1727,      5.6013,     11.2025,      1.5262,     28.7284,     57.4569,      0.0193,      0.0012,      0.2500,      0.2045,   7809.2529,-474370.0938,  -1115.4867,    549.2139,  26030.8398,
       1,     169,      70,      13,       1,       3,       1,     10.0000,      1.4035,     42.6495,    249.4176,     62.7690,      3.4953,      0.1895,      0.1560,     27.1832,      0.1934,      5.6013,     11.2025,      1.7093,     28.7284,     57.4569,      0.0193,      0.0013,      0.2500,      0.2045,   7809.2524,-453042.5312,  -1108.6880,    550.6782,  26030.8398,
       1,     169,      70,      14,       1,       3,       1,     10.0000,      1.4035,     42.6495,    249.4176,     62.7690,      3.4953,      0.1896,      0.1555,     30.2219,      0.2150,      5.6013,     11.2025,      1.8997,     28.7284,     57.4569,      0.0193,      0.0015,      0.2500,      0.2045,   7809.2524,-455628.3438,  -1109.4805,    550.5022,  26030.8418,
       1,     169,      70,      15,       1,       3,       1,     10.0000,      1.4035,     42.6495,    249.4176,     62.7690,      3.4953,      0.1897,      0.1555,     31.8946,      0.2177,      5.6013,     11.2025,      1.9241,     28.7284,     57.4569,      0.0193,      0.0016,      0.2500,      0.2045,   7809.2529,-459622.0625,  -1110.6998,    550.2274,  26030.8418,
       1,     169,      70,      16,       1,       3,       1,     10.0000,      1.4035,     42.6495,    249.4176,     62.7690,      3.4953,      0.1904,      0.1563,     41.0799,      0.2173,      5.6013,     11.2025,      1.9203,     28.7284,     57.4569,      0.0193,      0.0020,      0.2500,      0.2045,   7809.2529,-462042.4062,  -1111.4182,    550.0610,  26030.8418,
       1,     169,      70,      17,       1,       3,       1,     10.0000,      1.4035,     42.6495,    249.4176,     62.7690,      3.4953,      0.1886,      0.1546,     59.3326,      0.2116,      5.6013,     11.2025,      1.8700,     28.7284,     57.4569,      0.0193,      0.0030,      0.2453,      0.2045,   7809.2529,-473661.9062,  -1115.1123,    549.2621,  26030.8398,
       1,     169,      70,      18,       1,       3,       1,     10.0000,      1.4035,     42.6495,    249.4176,     62.7690,      3.4953,      0.1639,      0.1303,     71.6745,      0.1963,      5.6013,     11.2025,      1.7349,     28.7284,     57.4569,      0.0193,      0.0042,      0.2077,      0.2045,   7809.2524,-497340.5312,  -1122.7638,    547.6370,  26030.8379,
       1,     169,      70,      19,       1,       3,       1,     10.0000,      1.4035,     42.6495,    249.4176,     62.7690,      3.4953,      0.1053,      0.0722,     56.4420,      0.1817,      5.6013,     11.2025,      1.6058,     28.7284,     57.4569,      0.0193,      0.0055,      0.1244,      0.2044,   7809.2515,-514715.4375,  -1128.4917,    546.4501,  26030.8379,
       1,     169,      70,      20,       1,       3,       1,     10.0000,      1.4035,     42.6495,    249.4176,     62.7690,      3.4953,      0.0187,     -0.0140,      2.4890,      0.1671,      5.6013,     11.2025,      1.4768,     28.7284,     57.4569,      0.0193,      0.0057,      0.0054,      0.2044,   7809.2515,-497260.4062,  -1123.0198,    547.6436,  26030.8340,
       1,     169,      70,      21,       1,       3,       1,     10.0000,      1.4035,     42.6495,    249.4176,     62.7690,      3.4953,      0.0000,     -0.0325,      7.8836,      0.1623,      5.6013,     11.2025,      1.4345,     28.7284,     57.4569,      0.0193,      0.0062,      0.0156,      0.2044,   7809.2505,-428701.7812,  -1100.8979,    552.3381,  26030.8359,
       1,     169,      70,      22,       1,       3,       1,     10.0000,      1.4035,     42.6495,    249.4176,     62.7690,      3.4953,      0.0000,     -0.0324,      7.4653,      0.1604,      5.6013,     11.2025,      1.4174,     28.7284,     57.4569,      0.0193,      0.0058,      0.0156,      0.2045,   7809.2510,-429593.0625,  -1101.0670,    552.2967,  26030.8359,
       1,     169,      70,      23,       1,       3,       1,     10.0000,      1.4035,     42.6495,    249.4176,     62.7690,      3.4953,      0.0000,     -0.0323,      6.4080,      0.1577,      5.6013,     11.2025,      1.3934,     28.7284,     57.4569,      0.0193,      0.0050,      0.0156,      0.2045,   7809.2510,-429125.0312,  -1100.8021,    552.3290,  26030.8340,
       1,     169,      70,      24,       1,       3,       1,     10.0000,      1.4035,     42.6495,    249.4176,     62.7690,      3.4953,      0.0000,     -0.0323,      5.4234,      0.1564,      5.6013,     11.2025,      1.3822,     28.7284,     57.4569,      0.0193,      0.0042,      0.0156,      0.2045,   7809.2505,-427772.0000,  -1100.2677,    552.4224,  26030.8359,
       1,     169,      71,       1,       1,       3,       1,     10.0000,      1.4036,     42.6499,    249.4234,     62.7705,      3.4953,      0.0000,     -0.0323,      4.2442,      0.1567,      5.6018,     11.2036,      1.3851,     28.7345,     57.4690,      0.0193,      0.0033,      0.0156,      0.2045,   7809.2510,-426587.0312,  -1100.2645,    552.5172,  26031.9961,
       1,     169,      71,       2,       1,       3,       1,     10.0000,      1.4036,     42.6499,    249.4234,     62.7705,      3.4953,      0.0000,     -0.0323,      3.4046,      0.1569,      5.6018,     11.2036,      1.3864,     28.7345,     57.4690,      0.0193,      0.0027,      0.0156,      0.2045,   7809.5991,-424869.4688,  -1099.1819,    552.6358,  26031.9961,
       1,     169,      71,       3,       1,       3,       1,     10.0000,      1.4036,     42.6499,    249.4234,     62.7705,      3.4953,      0.0000,     -0.0321,      3.1304,      0.1525,      5.6018,     11.2036,      1.3480,     28.7345,     57.4690,      0.0193,      0.0025,      0.0156,      0.2045,   7809.5991,-423679.7500,  -1098.7441,    552.7180,  26031.9941,
       1,     169,      71,       4,       1,       3,       1,     10.0000,      1.4036,     42.6499,    249.4234,     62.7705,      3.4953,      0.0000,     -0.0322,      2.8736,      0.1533,      5.6018,     11.2036,      1.3548,     28.7345,     57.4690,      0.0193,      0.0023,      0.0156,      0.2045,   7809.5986,-423237.3438,  -1098.5540,    552.7486,  26031.9941,
       1,     169,      71,       5,       1,       3,       1,     10.0000,      1.4036,     42.6499,    249.4234,     62.7705,      3.4953,      0.0000,     -0.0321,      2.7419,      0.1518,      5.6018,     11.2036,      1.3412,     28.7345,     57.4690,      0.0193,      0.0021,      0.0156,      0.2045,   7809.5986,-422880.5312,  -1098.3967,    552.7732,  26031.9941,
       1,     169,      71,       6,       1,       3,       1,     10.0000,      1.4036,     42.6499,    249.4234,     62.7705,      3.4953,      0.0000,     -0.0321,      2.5584,      0.1503,      5.6018,     11.2036,      1.3278,     28.7345,     57.4690,      0.0193,      0.0020,      0.0156,      0.2045,   7809.5986,-422686.5312,  -1098.2948,    552.7866,  26031.9941,
       1,     169,      71,       7,       1,       3,       1,     10.0000,      1.4036,     42.6499,    249.4234,     62.7705,      3.4953,      0.0000,     -0.0315,      2.4136,      0.1360,      5.6018,     11.2036,      1.2014,     28.7345,     57.4690,      0.0193,      0.0019,      0.0156,      0.2045,   7809.5986,-422442.0625,  -1098.1791,    552.8036,  26031.9941,
       1,     169,      71,       8,       1,       3,       1,     10.0000,      1.4036,     42.6499,    249.4234,     62.7705,      3.4953,      0.0012,     -0.0301,      2.3122,      0.1313,      5.6018,     11.2036,      1.1607,     28.7345,     57.4690,      0.0193,      0.0018,      0.0156,      0.2045,   7809.5986,-422241.1562,  -1100.2716,    552.8174,  26031.9922,
       1,     169,      71,       9,       1,       3,       1,     10.0000,      1.4036,     42.6499,    249.4234,     62.7705,      3.4953,      0.0368,      0.0052,      4.9822,      0.1369,      5.6018,     11.2036,      1.2100,     28.7345,     57.4690,      0.0193,      0.0019,      0.0324,      0.2045,   7809.5981,-422098.3125,  -1100.2362,    552.8273,  26031.9941,
       1,     169,      71,      10,       1,       3,       1,     10.0000,      1.4036,     42.6499,    249.4234,     62.7705,      3.4953,      0.1075,      0.0753,     20.2945,      0.1535,      5.6018,     11.2036,      1.3561,     28.7345,     57.4690,      0.0193,      0.0019,      0.1320,      0.2045,   7809.5986,-425400.7812,  -1101.3038,    552.5991,  26031.9941,
       1,     169,      71,      11,       1,       3,       1,     10.0000,      1.4036,     42.6499,    249.4234,     62.7705,      3.4953,      0.1434,      0.1105,     28.0743,      0.1743,      5.6018,     11.2036,      1.5400,     28.7345,     57.4690,      0.0193,      0.0019,      0.1828,      0.2045,   7809.5986,-444696.4375,  -1107.5049,    551.2662,  26031.9941,
       1,     169,      71,      12,       1,       3,       1,     10.0000,      1.4036,     42.6499,    249.4234,     62.7705,      3.4953,      0.1773,      0.1440,     24.8772,      0.1870,      5.6018,     11.2036,      1.6527,     28.7345,     57.4690,      0.0193,      0.0013,      0.2325,      0.2045,   7809.5986,-456018.1875,  -1111.0364,    550.4877,  26031.9922,
       1,     169,      71,      13,       1,       3,       1,     10.0000,      1.4036,     42.6499,    249.4234,     62.7705,      3.4953,      0.1892,      0.1557,     24.0386,      0.1963,      5.6018,     11.2036,      1.7349,     28.7345,     57.4690,      0.0193,      0.0012,      0.2500,      0.2045,   7809.5981,-453016.4375,  -1110.1953,    550.6948,  26031.9941,
       1,     169,      71,      14,       1,       3,       1,     10.0000,      1.4036,     42.6499,    249.4234,     62.7705,      3.4953,      0.1893,      0.1553,     26.2183,      0.2123,      5.6018,     11.2036,      1.8756,     28.7345,     57.4690,      0.0193,      0.0013,      0.2500,      0.2045,   7809.5986,-451716.9062,  -1109.8879,    550.7844,  26031.9922,
       1,     169,      71,      15,       1,       3,       1,     10.0000,      1.4036,     42.6499,    249.4234,     62.7705,      3.4953,      0.1901,      0.1562,     36.0112,      0.2089,      5.6018,     11.2036,      1.8463,     28.7345,     57.4690,      0.0193,      0.0018,      0.2500,      0.2045,   7809.5981,-454313.0938,  -1110.8130,    550.6056,  26031.9941,
       1,     169,      71,      16,       1,       3,       1,     10.0000,      1.4036,     42.6499,    249.4234,     62.7705,      3.4953,      0.1920,      0.1584,     59.3319,      0.1981,      5.6018,     11.2036,      1.7505,     28.7345,     57.4690,      0.0193,      0.0029,      0.2500,      0.2045,   7809.5986,-466699.7500,  -1114.8678,    549.7531,  26031.9902,
       1,     169,      71,      17,       1,       3,       1,     10.0000,      1.4036,     42.6499,    249.4234,     62.7705,      3.4953,      0.1842,      0.1511,     72.6291,      0.1837,      5.6018,     11.2036,      1.6235,     28.7345,     57.4690,      0.0193,      0.0037,      0.2371,      0.2045,   7809.5972,-496736.0938,  -1124.6279,    547.6897,  26031.9941,
       1,     169,      71,      18,       1,       3,       1,     10.0000,      1.4036,     42.6499,    249.4234,     62.7705,      3.4953,      0.1556,      0.1226,     74.9807,      0.1790,      5.6018,     11.2036,      1.5820,     28.7345,     57.4690,      0.0193,      0.0047,      0.1952,      0.2045,   7809.5986,-515843.9375,  -1130.9850,    546.3853,  26031.9941,
       1,     169,      71,      19,       1,       3,       1,     10.0000,      1.4036,     42.6499,    249.4234,     62.7705,      3.4953,      0.0916,      0.0587,     49.8473,      0.1753,      5.6018,     11.2036,      1.5493,     28.7345,     57.4690,      0.0193,      0.0058,      0.1053,      0.2044,   7809.5986,-520401.1250,  -1132.7356,    546.0757,  26031.9883,
       1,     169,      71,      20,       1,       3,       1,     10.0000,      1.4036,     42.6499,    249.4234,     62.7705,      3.4953,      0.0079,     -0.0247,      6.9202,      0.1656,      5.6018,     11.2036,      1.4636,     28.7345,     57.4690,      0.0193,      0.0054,      0.0156,      0.2044,   7809.5967,-489538.0625,  -1123.0543,    548.1824,  26031.9922,
       1,     169,      71,      21,       1,       3,       1,     10.0000,      1.4036,     42.6499,    249.4234,     62.7705,      3.4953,      0.0000,     -0.0324,      6.2221,      0.1601,      5.6018,     11.2036,      1.4145,     28.7345,     57.4690,      0.0193,      0.0049,      0.0156,      0.2045,   7809.5981,-433562.1875,  -1105.0857,    552.0222,  26031.9883,
       1,     169,      71,      22,       1,       3,       1,     10.0000,      1.4036,     42.6499,    249.4234,     62.7705,      3.4953,      0.0000,     -0.0324,      5.0562,      0.1598,      5.6018,     11.2036,      1.4117,     28.7345,     57.4690,      0.0193,      0.0040,      0.0156,      0.2045,   7809.5967,-427940.9375,  -1103.2306,    552.4236,  26031.9883,
       1,     169,      71,      23,       1,       3,       1,     10.0000,      1.4036,     42.6499,    249.4234,     62.7705,      3.4953,      0.0000,     -0.0325,      4.6135,      0.1620,      5.6018,     11.2036,      1.4317,     28.7345,     57.4690,      0.0193,      0.0036,      0.0156,      0.2045,   7809.5967,-425994.9375,  -1102.5619,    552.5581,  26031.9883,
       1,     169,      71,      24,       1,       3,       1,     10.0000,      1.4036,     42.6499,    249.4234,     62.7705,      3.4953,      0.0000,     -0.0325,      4.3404,      0.1623,      5.6018,     11.2036,      1.4345,     28.7345,     57.4690,      0.0193,      0.0034,      0.0156,      0.2045,   7809.5967,-425278.1875,  -1102.2897,    552.6076,  26031.9863,
       1,     169,      72,       1,       1,       3,       1,     10.0000,      1.4036,     42.6502,    249.4293,     62.7719,      3.4953,      0.0000,     -0.0324,      3.7463,      0.1611,      5.6015,     11.2031,      1.4231,     28.7357,     57.4715,      0.0193,      0.0029,      0.0156,      0.2046,   7809.5962,-425032.2500,  -1102.6339,    552.6375,  26033.1504,
       1,     169,      72,       2,       1,       3,       1,     10.0000,      1.4036,     42.6502,    249.4293,     62.7719,      3.4953,      0.0000,     -0.0323,      3.1162,      0.1579,      5.6015,     11.2031,      1.3949,     28.7357,     57.4715,      0.0193,      0.0024,      0.0156,      0.2046,   7809.9453,-424121.1875,  -1101.8416,    552.7004,  26033.1504,
       1,     169,      72,       3,       1,       3,       1,     10.0000,      1.4036,     42.6502,    249.4293,     62.7719,      3.4953,      0.0000,     -0.0321,      2.8420,      0.1516,      5.6015,     11.2031,      1.3399,     28.7357,     57.4715,      0.0193,      0.0022,      0.0156,      0.2046,   7809.9453,-423260.9062,  -1101.5325,    552.7599,  26033.1484,
       1,     169,      72,       4,       1,       3,       1,     10.0000,      1.4036,     42.6502,    249.4293,     62.7719,      3.4953,      0.0000,     -0.0321,      2.7389,      0.1504,      5.6015,     11.2031,      1.3291,     28.7357,     57.4715,      0.0193,      0.0021,      0.0156,      0.2046,   7809.9448,-422846.8750,  -1101.3710,    552.7885,  26033.1504,
       1,     169,      72,       5,       1,       3,       1,     10.0000,      1.4036,     42.6502,    249.4293,     62.7719,      3.4953,      0.0000,     -0.0320,      2.6898,      0.1492,      5.6015,     11.2031,      1.3185,     28.7357,     57.4715,      0.0193,      0.0021,      0.0156,      0.2046,   7809.9453,-422683.1562,  -1101.2900,    552.7999,  26033.1504,
       1,     169,      72,       6,       1,       3,       1,     10.0000,      1.4036,     42.6502,    249.4293,     62.7719,      3.4953,      0.0000,     -0.0319,      2.5580,      0.1456,      5.6015,     11.2031,      1.2870,     28.7357,     57.4715,      0.0193,      0.0020,      0.0156,      0.2046,   7809.9453,-422608.1562,  -1101.2379,    552.8051,  26033.1523,
       1,     169,      72,       7,       1,       3,       1,     10.0000,      1.4036,     42.6502,    249.4293,     62.7719,      3.4953,      0.0000,     -0.0318,      2.3280,      0.1437,      5.6015,     11.2031,      1.2702,     28.7357,     57.4715,      0.0193,      0.0018,      0.0156,      0.2046,   7809.9458,-422437.8438,  -1101.1559,    552.8168,  26033.1504,
       1,     169,      72,       8,       1,       3,       1,     10.0000,      1.4036,     42.6502,    249.4293,     62.7719,      3.4953,      0.0042,     -0.0277,      1.8123,      0.1442,      5.6015,     11.2031,      1.2740,     28.7357,     57.4715,      0.0193,      0.0014,      0.0156,      0.2046,   7809.9453,-422137.8125,  -1101.0352,    552.8375,  26033.1504,
       1,     169,      72,       9,       1,       3,       1,     10.0000,      1.4036,     42.6502,    249.4293,     62.7719,      3.4953,      0.1032,      0.0710,     14.8702,      0.1546,      5.6015,     11.2031,      1.3657,     28.7357,     57.4715,      0.0193,      0.0014,      0.1264,      0.2046,   7809.9453,-421472.0938,  -1100.8010,    552.8835,  26033.1504,
       1,     169,      72,      10,       1,       3,       1,     10.0000,      1.4036,     42.6502,    249.4293,     62.7719,      3.4953,      0.1601,      0.1273,     28.2259,      0.1734,      5.6015,     11.2031,      1.5324,     28.7357,     57.4715,      0.0193,      0.0017,      0.2071,      0.2046,   7809.9453,-437625.0625,  -1106.0122,    551.7672,  26033.1484,
       1,     169,      72,      11,       1,       3,       1,     10.0000,      1.4036,     42.6502,    249.4293,     62.7719,      3.4953,      0.1798,      0.1467,     27.5009,      0.1819,      5.6015,     11.2031,      1.6074,     28.7357,     57.4715,      0.0193,      0.0014,      0.2357,      0.2045,   7809.9448,-455597.7188,  -1111.8098,    550.5287,  26033.1484,
       1,     169,      72,      12,       1,       3,       1,     10.0000,      1.4036,     42.6502,    249.4293,     62.7719,      3.4953,      0.1883,      0.1547,     32.3661,      0.1991,      5.6015,     11.2031,      1.7592,     28.7357,     57.4715,      0.0193,      0.0016,      0.2477,      0.2045,   7809.9448,-456239.9062,  -1111.9949,    550.4860,  26033.1484,
       1,     169,      72,      13,       1,       3,       1,     10.0000,      1.4036,     42.6502,    249.4293,     62.7719,      3.4953,      0.1901,      0.1562,     36.5301,      0.2098,      5.6015,     11.2031,      1.8536,     28.7357,     57.4715,      0.0193,      0.0018,      0.2500,      0.2045,   7809.9448,-462335.8438,  -1113.9365,    550.0665,  26033.1484,
       1,     169,      72,      14,       1,       3,       1,     10.0000,      1.4036,     42.6502,    249.4293,     62.7719,      3.4953,      0.1912,      0.1574,     50.1631,      0.2049,      5.6015,     11.2031,      1.8103,     28.7357,     57.4715,      0.0193,      0.0025,      0.2500,      0.2045,   7809.9448,-468030.5312,  -1115.7277,    549.6750,  26033.1465,
       1,     169,      72,      15,       1,       3,       1,     10.0000,      1.4036,     42.6502,    249.4293,     62.7719,      3.4953,      0.1927,      0.1592,     68.3619,      0.1954,      5.6015,     11.2031,      1.7264,     28.7357,     57.4715,      0.0193,      0.0033,      0.2500,      0.2045,   7809.9443,-485454.1875,  -1121.3213,    548.4781,  26033.1465,
       1,     169,      72,      16,       1,       3,       1,     10.0000,      1.4036,     42.6502,    249.4293,     62.7719,      3.4953,      0.1932,      0.1595,     75.1194,      0.2017,      5.6015,     11.2031,      1.7819,     28.7357,     57.4715,      0.0193,      0.0037,      0.2500,      0.2045,   7809.9443,-509562.2500,  -1129.1508,    546.8264,  26033.1445,
       1,     169,      72,      17,       1,       3,       1,     10.0000,      1.4036,     42.6502,    249.4293,     62.7719,      3.4953,      0.1954,      0.1618,    102.3143,      0.1962,      5.6015,     11.2031,      1.7333,     28.7357,     57.4715,      0.0193,      0.0050,      0.2500,      0.2045,   7809.9438,-520029.7812,  -1132.6339,    546.1134,  26033.1445,
       1,     169,      72,      18,       1,       3,       1,     10.0000,      1.4036,     42.6502,    249.4293,     62.7719,      3.4953,      0.1746,      0.1411,     99.7701,      0.1954,      5.6015,     11.2031,      1.7264,     28.7357,     57.4715,      0.0193,      0.0055,      0.2201,      0.2045,   7809.9438,-554733.2500,  -1144.0942,    543.7449,  26033.1445,
       1,     169,      72,      19,       1,       3,       1,     10.0000,      1.4036,     42.6502,    249.4293,     62.7719,      3.4953,      0.1185,      0.0854,     57.2881,      0.1826,      5.6015,     11.2031,      1.6138,     28.7357,     57.4715,      0.0193,      0.0049,      0.1434,      0.2044,   7809.9438,-554548.8750,  -1144.3438,    543.7626,  26033.1426,
       1,     169,      72,      20,       1,       3,       1,     10.0000,      1.4036,     42.6502,    249.4293,     62.7719,      3.4953,      0.0146,     -0.0181,      5.1684,      0.1695,      5.6015,     11.2031,      1.4976,     28.7357,     57.4715,      0.0193,      0.0040,      0.0156,      0.2044,   7809.9429,-501680.1875,  -1127.3568,    547.3561,  26033.1426,
       1,     169,      72,      21,       1,       3,       1,     10.0000,      1.4036,     42.6502,    249.4293,     62.7719,      3.4953,      0.0000,     -0.0324,      5.0606,      0.1593,      5.6015,     11.2031,      1.4075,     28.7357,     57.4715,      0.0193,      0.0040,      0.0156,      0.2045,   7809.9429,-432423.5625,  -1104.7511,    552.1066,  26033.1426,
       1,     169,      72,      22,       1,       3,       1,     10.0000,      1.4036,     42.6502,    249.4293,     62.7719,      3.4953,      0.0000,     -0.0324,      4.5459,      0.1609,      5.6015,     11.2031,      1.4217,     28.7357,     57.4715,      0.0193,      0.0036,      0.0156,      0.2046,   7809.9429,-426412.9688,  -1102.7064,    552.5420,  26033.1426,
       1,     169,      72,      23,       1,       3,       1,     10.0000,      1.4036,     42.6502,    249.4293,     62.7719,      3.4953,      0.0000,     -0.0324,      5.2797,      0.1612,      5.6015,     11.2031,      1.4245,     28.7357,     57.4715,      0.0193,      0.0041,      0.0156,      0.2046,   7809.9429,-425233.5000,  -1102.2490,    552.6236,  26033.1426,
       1,     169,      72,      24,       1,       3,       1,     10.0000,      1.4036,     42.6502,    249.4293,     62.7719,      3.4953,      0.0000,     -0.0323,      4.1476,      0.1588,      5.6015,     11.2031,      1.4033,     28.7357,     57.4715,      0.0193,      0.0032,      0.0156,      0.2046,   7809.9429,-426043.2188,  -1102.4326,    552.5677,  26033.1426,
       1,     169,      73,       1,       1,       3,       1,     10.0000,      1.4036,     42.6505,    249.4351,     62.7735,      3.4953,      0.0000,     -0.0325,      3.2615,      0.1622,      5.6019,     11.2038,      1.4332,     28.7430,     57.4861,      0.0193,      0.0026,      0.0156,      0.2046,   7809.9429,-424861.0000,  -1102.4501,    552.6622,  26034.3008,
       1,     169,      73,       2,       1,       3,       1,     10.0000,      1.4036,     42.6505,    249.4351,     62.7735,      3.4953,      0.0000,     -0.0324,      2.4112,      0.1606,      5.6019,     11.2038,      1.4189,     28.7430,     57.4861,      0.0193,      0.0019,      0.0156,      0.2046,   7810.2905,-423508.2188,  -1101.4897,    552.7557,  26034.3008,
       1,     169,      73,       3,       1,       3,       1,     10.0000,      1.4036,     42.6505,    249.4351,     62.7735,      3.4953,      0.0000,     -0.0324,      2.1479,      0.1606,      5.6019,     11.2038,      1.4189,     28.7430,     57.4861,      0.0193,      0.0017,      0.0156,      0.2046,   7810.2905,-422336.7500,  -1101.0712,    552.8366,  26034.3008,
       1,     169,      73,       4,       1,       3,       1,     10.0000,      1.4036,     42.6505,    249.4351,     62.7735,      3.4953,      0.0000,     -0.0322,      2.1280,      0.1555,      5.6019,     11.2038,      1.3740,     28.7430,     57.4861,      0.0193,      0.0017,      0.0156,      0.2046,   7810.2905,-421909.4375,  -1100.9008,    552.8661,  26034.3008,
       1,     169,      73,       5,       1,       3,       1,     10.0000,      1.4036,     42.6505,    249.4351,     62.7735,      3.4953,      0.0000,     -0.0322,      1.9402,      0.1530,      5.6019,     11.2038,      1.3521,     28.7430,     57.4861,      0.0193,      0.0015,      0.0156,      0.2046,   7810.2905,-421848.1562,  -1100.8499,    552.8705,  26034.3008,
       1,     169,      73,       6,       1,       3,       1,     10.0000,      1.4036,     42.6505,    249.4351,     62.7735,      3.4953,      0.0000,     -0.0321,      2.1986,      0.1503,      5.6019,     11.2038,      1.3278,     28.7430,     57.4861,      0.0193,      0.0017,      0.0156,      0.2046,   7810.2905,-421609.6250,  -1100.7439,    552.8869,  26034.3008,
       1,     169,      73,       7,       1,       3,       1,     10.0000,      1.4036,     42.6505,    249.4351,     62.7735,      3.4953,      0.0000,     -0.0321,      2.3719,      0.1503,      5.6019,     11.2038,      1.3278,     28.7430,     57.4861,      0.0193,      0.0019,      0.0156,      0.2046,   7810.2905,-421909.9375,  -1100.8105,    552.8661,  26034.3008,
       1,     169,      73,       8,       1,       3,       1,     10.0000,      1.4036,     42.6505,    249.4351,     62.7735,      3.4953,      0.0025,     -0.0295,      2.3744,      0.1488,      5.6019,     11.2038,      1.3145,     28.7430,     57.4861,      0.0193,      0.0019,      0.0156,      0.2046,   7810.2905,-422150.8750,  -1100.8556,    552.8495,  26034.3008,
       1,     169,      73,       9,       1,       3,       1,     10.0000,      1.4036,     42.6505,    249.4351,     62.7735,      3.4953,      0.0581,      0.0257,      8.2319,      0.1607,      5.6019,     11.2038,      1.4203,     28.7430,     57.4861,      0.0193,      0.0016,      0.0620,      0.2046,   7810.2905,-422174.5625,  -1100.8284,    552.8478,  26034.3008,
       1,     169,      73,      10,       1,       3,       1,     10.0000,      1.4036,     42.6505,    249.4351,     62.7735,      3.4953,      0.1691,      0.1360,     30.9890,      0.1799,      5.6019,     11.2038,      1.5900,     28.7430,     57.4861,      0.0193,      0.0017,      0.2198,      0.2046,   7810.2905,-429447.4062,  -1103.1814,    552.3453,  26034.3008,
       1,     169,      73,      11,       1,       3,       1,     10.0000,      1.4036,     42.6505,    249.4351,     62.7735,      3.4953,      0.1901,      0.1565,     34.8099,      0.1981,      5.6019,     11.2038,      1.7505,     28.7430,     57.4861,      0.0193,      0.0017,      0.2500,      0.2046,   7810.2905,-458322.6250,  -1112.5978,    550.3518,  26034.3008,
       1,     169,      73,      12,       1,       3,       1,     10.0000,      1.4036,     42.6505,    249.4351,     62.7735,      3.4953,      0.1902,      0.1560,     37.6600,      0.2167,      5.6019,     11.2038,      1.9148,     28.7430,     57.4861,      0.0193,      0.0018,      0.2500,      0.2046,   7810.2905,-465552.8125,  -1114.8790,    549.8581,  26034.2988,
       1,     169,      73,      13,       1,       3,       1,     10.0000,      1.4036,     42.6505,    249.4351,     62.7735,      3.4953,      0.1902,      0.1558,     39.5643,      0.2285,      5.6019,     11.2038,      2.0190,     28.7430,     57.4861,      0.0193,      0.0019,      0.2500,      0.2045,   7810.2900,-469707.8750,  -1116.1320,    549.5726,  26034.2988,
       1,     169,      73,      14,       1,       3,       1,     10.0000,      1.4036,     42.6505,    249.4351,     62.7735,      3.4953,      0.1911,      0.1568,     50.7253,      0.2247,      5.6019,     11.2038,      1.9856,     28.7430,     57.4861,      0.0193,      0.0025,      0.2500,      0.2045,   7810.2900,-472428.9375,  -1116.9099,    549.3857,  26034.2988,
       1,     169,      73,      15,       1,       3,       1,     10.0000,      1.4036,     42.6505,    249.4351,     62.7735,      3.4953,      0.1933,      0.1589,     77.8374,      0.2245,      5.6019,     11.2038,      1.9837,     28.7430,     57.4861,      0.0193,      0.0038,      0.2500,      0.2045,   7810.2900,-486526.0000,  -1121.4506,    548.4177,  26034.2969,
       1,     169,      73,      16,       1,       3,       1,     10.0000,      1.4036,     42.6505,    249.4351,     62.7735,      3.4953,      0.1954,      0.1612,    105.7759,      0.2212,      5.6019,     11.2038,      1.9547,     28.7430,     57.4861,      0.0193,      0.0052,      0.2500,      0.2045,   7810.2896,-521420.3750,  -1132.8977,    546.0266,  26034.2949,
       1,     169,      73,      17,       1,       3,       1,     10.0000,      1.4036,     42.6505,    249.4351,     62.7735,      3.4953,      0.1922,      0.1582,    123.5044,      0.2123,      5.6019,     11.2038,      1.8757,     28.7430,     57.4861,      0.0193,      0.0062,      0.2432,      0.2045,   7810.2886,-559150.1875,  -1145.4440,    543.4565,  26034.2949,
       1,     169,      73,      18,       1,       3,       1,     10.0000,      1.4036,     42.6505,    249.4351,     62.7735,      3.4953,      0.1639,      0.1304,    108.7934,      0.1950,      5.6019,     11.2038,      1.7231,     28.7430,     57.4861,      0.0193,      0.0065,      0.2035,      0.2044,   7810.2886,-584439.1875,  -1154.0853,    541.7446,  26034.2988,
       1,     169,      73,      19,       1,       3,       1,     10.0000,      1.4036,     42.6505,    249.4351,     62.7735,      3.4953,      0.1191,      0.0861,     71.8972,      0.1782,      5.6019,     11.2038,      1.5742,     28.7430,     57.4861,      0.0193,      0.0062,      0.1427,      0.2044,   7810.2900,-568292.7500,  -1149.1874,    542.8408,  26034.2949,
       1,     169,      73,      20,       1,       3,       1,     10.0000,      1.4036,     42.6505,    249.4351,     62.7735,      3.4953,      0.0120,     -0.0207,      7.5404,      0.1700,      5.6019,     11.2038,      1.5022,     28.7430,     57.4861,      0.0193,      0.0059,      0.0156,      0.2044,   7810.2886,-521011.2812,  -1133.9019,    546.0502,  26034.2930,
       1,     169,      73,      21,       1,       3,       1,     10.0000,      1.4036,     42.6505,    249.4351,     62.7735,      3.4953,      0.0000,     -0.0325,      7.0970,      0.1632,      5.6019,     11.2038,      1.4418,     28.7430,     57.4861,      0.0193,      0.0056,      0.0156,      0.2045,   7810.2881,-436999.5000,  -1106.1625,    551.7940,  26034.2930,
       1,     169,      73,      22,       1,       3,       1,     10.0000,      1.4036,     42.6505,    249.4351,     62.7735,      3.4953,      0.0000,     -0.0325,      6.5739,      0.1628,      5.6019,     11.2038,      1.4389,     28.7430,     57.4861,      0.0193,      0.0052,      0.0156,      0.2046,   7810.2881,-429348.1875,  -1103.5265,    552.3521,  26034.2930,
       1,     169,      73,      23,       1,       3,       1,     10.0000,      1.4036,     42.6505,    249.4351,     62.7735,      3.4953,      0.0000,     -0.0324,      6.0617,      0.1614,      5.6019,     11.2038,      1.4260,     28.7430,     57.4861,      0.0193,      0.0047,      0.0156,      0.2046,   7810.2881,-428006.0938,  -1102.9886,    552.4449,  26034.2910,
       1,     169,      73,      24,       1,       3,       1,     10.0000,      1.4036,     42.6505,    249.4351,     62.7735,      3.4953,      0.0000,     -0.0323,      4.9213,      0.1587,      5.6019,     11.2038,      1.4019,     28.7430,     57.4861,      0.0193,      0.0039,      0.0156,      0.2046,   7810.2876,-427255.1250,  -1102.6541,    552.4968,  26034.2910,
       1,     169,      74,       1,       1,       3,       1,     10.0000,      1.4036,     42.6509,    249.4410,     62.7749,      3.4953,      0.0000,     -0.0322,      4.3234,      0.1553,      5.6019,     11.2038,      1.3727,     28.7490,     57.4980,      0.0193,      0.0034,      0.0156,      0.2046,   7810.2876,-425928.8438,  -1102.6184,    552.6014,  26035.4492,
       1,     169,      74,       2,       1,       3,       1,     10.0000,      1.4036,     42.6509,    249.4410,     62.7749,      3.4953,      0.0000,     -0.0321,      3.5947,      0.1519,      5.6019,     11.2038,      1.3427,     28.7490,     57.4980,      0.0193,      0.0028,      0.0156,      0.2046,   7810.6353,-424921.4062,  -1101.7518,    552.6710,  26035.4492,
       1,     169,      74,       3,       1,       3,       1,     10.0000,      1.4036,     42.6509,    249.4410,     62.7749,      3.4953,      0.0000,     -0.0321,      3.4431,      0.1524,      5.6019,     11.2038,      1.3467,     28.7490,     57.4980,      0.0193,      0.0027,      0.0156,      0.2046,   7810.6353,-423930.5312,  -1101.3754,    552.7395,  26035.4492,
       1,     169,      74,       4,       1,       3,       1,     10.0000,      1.4036,     42.6509,    249.4410,     62.7749,      3.4953,      0.0000,     -0.0321,      3.5689,      0.1515,      5.6019,     11.2038,      1.3386,     28.7490,     57.4980,      0.0193,      0.0028,      0.0156,      0.2046,   7810.6353,-423657.3750,  -1101.2391,    552.7584,  26035.4492,
       1,     169,      74,       5,       1,       3,       1,     10.0000,      1.4036,     42.6509,    249.4410,     62.7749,      3.4953,      0.0000,     -0.0322,      3.8098,      0.1535,      5.6019,     11.2038,      1.3562,     28.7490,     57.4980,      0.0193,      0.0030,      0.0156,      0.2046,   7810.6353,-423790.0938,  -1101.2365,    552.7492,  26035.4492,
       1,     169,      74,       6,       1,       3,       1,     10.0000,      1.4036,     42.6509,    249.4410,     62.7749,      3.4953,      0.0000,     -0.0321,      3.1505,      0.1503,      5.6019,     11.2038,      1.3279,     28.7490,     57.4980,      0.0193,      0.0025,      0.0156,      0.2046,   7810.6353,-424100.4062,  -1101.2896,    552.7277,  26035.4492,
       1,     169,      74,       7,       1,       3,       1,     10.0000,      1.4036,     42.6509,    249.4410,     62.7749,      3.4953,      0.0000,     -0.0320,      3.1779,      0.1494,      5.6019,     11.2038,      1.3199,     28.7490,     57.4980,      0.0193,      0.0025,      0.0156,      0.2046,   7810.6353,-423308.7812,  -1100.9862,    552.7825,  26035.4492,
       1,     169,      74,       8,       1,       3,       1,     10.0000,      1.4036,     42.6509,    249.4410,     62.7749,      3.4953,      0.0033,     -0.0287,      3.0019,      0.1489,      5.6019,     11.2038,      1.3159,     28.7490,     57.4980,      0.0193,      0.0024,      0.0156,      0.2046,   7810.6353,-423274.9062,  -1100.9348,    552.7848,  26035.4492,
       1,     169,      74,       9,       1,       3,       1,     10.0000,      1.4036,     42.6509,    249.4410,     62.7749,      3.4953,      0.0806,      0.0486,     17.9079,      0.1494,      5.6019,     11.2038,      1.3199,     28.7490,     57.4980,      0.0193,      0.0023,      0.0936,      0.2046,   7810.6353,-423053.5938,  -1100.8231,    552.8000,  26035.4492,
       1,     169,      74,      10,       1,       3,       1,     10.0000,      1.4036,     42.6509,    249.4410,     62.7749,      3.4953,      0.1603,      0.1274,     48.1933,      0.1734,      5.6019,     11.2038,      1.5325,     28.7490,     57.4980,      0.0193,      0.0029,      0.2051,      0.2046,   7810.6353,-441535.1562,  -1106.9307,    551.5230,  26035.4473,
       1,     169,      74,      11,       1,       3,       1,     10.0000,      1.4036,     42.6509,    249.4410,     62.7749,      3.4953,      0.1857,      0.1524,     58.2132,      0.1858,      5.6019,     11.2038,      1.6414,     28.7490,     57.4980,      0.0193,      0.0030,      0.2408,      0.2046,   7810.6343,-480722.7500,  -1119.9207,    548.8229,  26035.4453,
       1,     169,      74,      12,       1,       3,       1,     10.0000,      1.4036,     42.6509,    249.4410,     62.7749,      3.4953,      0.1921,      0.1583,     60.8882,      0.2029,      5.6019,     11.2038,      1.7926,     28.7490,     57.4980,      0.0193,      0.0030,      0.2500,      0.2046,   7810.6338,-496542.6875,  -1125.1984,    547.7441,  26035.4492,
       1,     169,      74,      13,       1,       3,       1,     10.0000,      1.4036,     42.6509,    249.4410,     62.7749,      3.4953,      0.1921,      0.1582,     61.7954,      0.2087,      5.6019,     11.2038,      1.8446,     28.7490,     57.4980,      0.0193,      0.0030,      0.2500,      0.2045,   7810.6353,-501213.5625,  -1126.8011,    547.4254,  26035.4453,
       1,     169,      74,      14,       1,       3,       1,     10.0000,      1.4036,     42.6509,    249.4410,     62.7749,      3.4953,      0.1915,      0.1586,     51.1205,      0.1755,      5.6019,     11.2038,      1.5509,     28.7490,     57.4980,      0.0193,      0.0025,      0.2500,      0.2045,   7810.6338,-502739.3750,  -1127.3544,    547.3211,  26035.4453,
       1,     169,      74,      15,       1,       3,       1,     10.0000,      1.4036,     42.6509,    249.4410,     62.7749,      3.4953,      0.1943,      0.1602,     90.4511,      0.2156,      5.6019,     11.2038,      1.9055,     28.7490,     57.4980,      0.0193,      0.0044,      0.2500,      0.2045,   7810.6338,-489604.7188,  -1123.0220,    548.2197,  26035.4453,
       1,     169,      74,      16,       1,       3,       1,     10.0000,      1.4036,     42.6509,    249.4410,     62.7749,      3.4953,      0.1960,      0.1620,    111.7003,      0.2100,      5.6019,     11.2038,      1.8555,     28.7490,     57.4980,      0.0193,      0.0055,      0.2500,      0.2046,   7810.6338,-537348.0625,  -1138.9425,    544.9487,  26035.4473,
       1,     169,      74,      17,       1,       3,       1,     10.0000,      1.4036,     42.6509,    249.4410,     62.7749,      3.4953,      0.1939,      0.1603,    133.7917,      0.1983,      5.6019,     11.2038,      1.7523,     28.7490,     57.4980,      0.0193,      0.0067,      0.2444,      0.2045,   7810.6343,-567877.1250,  -1149.3439,    542.8788,  26035.4434,
       1,     169,      74,      18,       1,       3,       1,     10.0000,      1.4036,     42.6509,    249.4410,     62.7749,      3.4953,      0.1785,      0.1454,    124.3686,      0.1823,      5.6019,     11.2038,      1.6107,     28.7490,     57.4980,      0.0193,      0.0068,      0.2229,      0.2045,   7810.6333,-597966.6875,  -1159.7823,    540.8409,  26035.4395,
       1,     169,      74,      19,       1,       3,       1,     10.0000,      1.4036,     42.6509,    249.4410,     62.7749,      3.4953,      0.1326,      0.0996,     61.7200,      0.1766,      5.6019,     11.2038,      1.5602,     28.7490,     57.4980,      0.0193,      0.0046,      0.1634,      0.2044,   7810.6323,-588817.3750,  -1157.2660,    541.4633,  26035.4414,
       1,     169,      74,      20,       1,       3,       1,     10.0000,      1.4036,     42.6509,    249.4410,     62.7749,      3.4953,      0.0183,     -0.0144,      2.9115,      0.1692,      5.6019,     11.2038,      1.4947,     28.7490,     57.4980,      0.0193,      0.0075,      0.0047,      0.2044,   7810.6328,-510070.8125,  -1131.3857,    546.7935,  26035.4414,
       1,     169,      74,      21,       1,       3,       1,     10.0000,      1.4036,     42.6509,    249.4410,     62.7749,      3.4953,      0.0000,     -0.0324,      9.1286,      0.1615,      5.6019,     11.2038,      1.4275,     28.7490,     57.4980,      0.0193,      0.0072,      0.0156,      0.2045,   7810.6328,-430348.8750,  -1104.7186,    552.2687,  26035.4375,
       1,     169,      74,      22,       1,       3,       1,     10.0000,      1.4036,     42.6509,    249.4410,     62.7749,      3.4953,      0.0000,     -0.0324,      8.2049,      0.1598,      5.6019,     11.2038,      1.4118,     28.7490,     57.4980,      0.0193,      0.0064,      0.0156,      0.2046,   7810.6313,-431300.3125,  -1104.9492,    552.2305,  26035.4375,
       1,     169,      74,      23,       1,       3,       1,     10.0000,      1.4036,     42.6509,    249.4410,     62.7749,      3.4953,      0.0000,     -0.0323,      6.8382,      0.1582,      5.6019,     11.2038,      1.3977,     28.7490,     57.4980,      0.0193,      0.0054,      0.0156,      0.2046,   7810.6313,-430200.9688,  -1104.4993,    552.3064,  26035.4375,
       1,     169,      74,      24,       1,       3,       1,     10.0000,      1.4036,     42.6509,    249.4410,     62.7749,      3.4953,      0.0000,     -0.0323,      6.2796,      0.1566,      5.6019,     11.2038,      1.3838,     28.7490,     57.4980,      0.0193,      0.0049,      0.0156,      0.2046,   7810.6313,-428410.4062,  -1103.8329,    552.4300,  26035.4375,
       1,     169,      75,       1,       1,       3,       1,     10.0000,      1.4036,     42.6512,    249.4468,     62.7764,      3.4953,      0.0000,     -0.0322,      5.7590,      0.1530,      5.6018,     11.2035,      1.3522,     28.7566,     57.5133,      0.0193,      0.0045,      0.0156,      0.2046,   7810.6313,-427717.5000,  -1104.0215,    552.4907,  26036.5996,
       1,     169,      75,       2,       1,       3,       1,     10.0000,      1.4036,     42.6512,    249.4468,     62.7764,      3.4953,      0.0000,     -0.0321,      5.0714,      0.1513,      5.6018,     11.2035,      1.3373,     28.7566,     57.5133,      0.0193,      0.0040,      0.0156,      0.2046,   7810.9800,-426859.9062,  -1103.2003,    552.5499,  26036.5996,
       1,     169,      75,       3,       1,       3,       1,     10.0000,      1.4036,     42.6512,    249.4468,     62.7764,      3.4953,      0.0000,     -0.0321,      4.7789,      0.1500,      5.6018,     11.2035,      1.3252,     28.7566,     57.5133,      0.0193,      0.0037,      0.0156,      0.2046,   7810.9800,-425933.1250,  -1102.8439,    552.6140,  26036.5996,
       1,     169,      75,       4,       1,       3,       1,     10.0000,      1.4036,     42.6512,    249.4468,     62.7764,      3.4953,      0.0000,     -0.0320,      4.5787,      0.1497,      5.6018,     11.2035,      1.3226,     28.7566,     57.5133,      0.0193,      0.0036,      0.0156,      0.2046,   7810.9800,-425490.7188,  -1102.6526,    552.6446,  26036.5977,
       1,     169,      75,       5,       1,       3,       1,     10.0000,      1.4036,     42.6512,    249.4468,     62.7764,      3.4953,      0.0000,     -0.0320,      4.3179,      0.1495,      5.6018,     11.2035,      1.3212,     28.7566,     57.5133,      0.0193,      0.0034,      0.0156,      0.2046,   7810.9795,-425204.5000,  -1102.5175,    552.6643,  26036.5977,
       1,     169,      75,       6,       1,       3,       1,     10.0000,      1.4036,     42.6512,    249.4468,     62.7764,      3.4953,      0.0000,     -0.0321,      4.2121,      0.1527,      5.6018,     11.2035,      1.3495,     28.7566,     57.5133,      0.0193,      0.0033,      0.0156,      0.2046,   7810.9795,-424856.3750,  -1102.3627,    552.6884,  26036.5977,
       1,     169,      75,       7,       1,       3,       1,     10.0000,      1.4036,     42.6512,    249.4468,     62.7764,      3.4953,      0.0000,     -0.0321,      4.0272,      0.1513,      5.6018,     11.2035,      1.3373,     28.7566,     57.5133,      0.0193,      0.0032,      0.0156,      0.2046,   7810.9795,-424695.1562,  -1102.2720,    552.6995,  26036.5977,
       1,     169,      75,       8,       1,       3,       1,     10.0000,      1.4036,     42.6512,    249.4468,     62.7764,      3.4953,      0.0038,     -0.0282,      3.9623,      0.1486,      5.6018,     11.2035,      1.3133,     28.7566,     57.5133,      0.0193,      0.0031,      0.0156,      0.2046,   7810.9795,-424451.9688,  -1102.1554,    552.7163,  26036.5977,
       1,     169,      75,       9,       1,       3,       1,     10.0000,      1.4036,     42.6512,    249.4468,     62.7764,      3.4953,      0.1042,      0.0722,     31.6742,      0.1503,      5.6018,     11.2035,      1.3279,     28.7566,     57.5133,      0.0193,      0.0031,      0.1261,      0.2046,   7810.9795,-424350.4375,  -1102.0876,    552.7233,  26036.5977,
       1,     169,      75,      10,       1,       3,       1,     10.0000,      1.4036,     42.6512,    249.4468,     62.7764,      3.4953,      0.1757,      0.1432,     62.7566,      0.1627,      5.6018,     11.2035,      1.4376,     28.7566,     57.5133,      0.0193,      0.0034,      0.2257,      0.2046,   7810.9795,-458732.9062,  -1113.6234,    550.3478,  26036.5977,
       1,     169,      75,      11,       1,       3,       1,     10.0000,      1.4036,     42.6512,    249.4468,     62.7764,      3.4953,      0.1936,      0.1606,     78.0839,      0.1787,      5.6018,     11.2035,      1.5790,     28.7566,     57.5133,      0.0193,      0.0038,      0.2500,      0.2046,   7810.9795,-500287.5938,  -1127.5909,    547.4943,  26036.5977,
       1,     169,      75,      12,       1,       3,       1,     10.0000,      1.4036,     42.6512,    249.4468,     62.7764,      3.4953,      0.1940,      0.1606,     83.6909,      0.1910,      5.6018,     11.2035,      1.6877,     28.7566,     57.5133,      0.0193,      0.0041,      0.2500,      0.2046,   7810.9795,-522901.2500,  -1135.2998,    545.9540,  26036.5977,
       1,     169,      75,      13,       1,       3,       1,     10.0000,      1.4036,     42.6512,    249.4468,     62.7764,      3.4953,      0.1936,      0.1600,     80.1475,      0.1991,      5.6018,     11.2035,      1.7593,     28.7566,     57.5133,      0.0193,      0.0039,      0.2500,      0.2045,   7810.9795,-531799.6875,  -1138.4899,    545.3489,  26036.5957,
       1,     169,      75,      14,       1,       3,       1,     10.0000,      1.4036,     42.6512,    249.4468,     62.7764,      3.4953,      0.1939,      0.1599,     84.9789,      0.2106,      5.6018,     11.2035,      1.8610,     28.7566,     57.5133,      0.0193,      0.0042,      0.2500,      0.2045,   7810.9790,-528153.3750,  -1137.4850,    545.5978,  26036.5957,
       1,     169,      75,      15,       1,       3,       1,     10.0000,      1.4036,     42.6512,    249.4468,     62.7764,      3.4953,      0.1950,      0.1608,     99.4447,      0.2171,      5.6018,     11.2035,      1.9187,     28.7566,     57.5133,      0.0193,      0.0049,      0.2500,      0.2045,   7810.9790,-533847.2500,  -1139.6083,    545.2095,  26036.5938,
       1,     169,      75,      16,       1,       3,       1,     10.0000,      1.4036,     42.6512,    249.4468,     62.7764,      3.4953,      0.1965,      0.1625,    119.1463,      0.2142,      5.6018,     11.2035,      1.8924,     28.7566,     57.5133,      0.0193,      0.0058,      0.2500,      0.2045,   7810.9785,-552316.5625,  -1146.0773,    543.9509,  26036.5938,
       1,     169,      75,      17,       1,       3,       1,     10.0000,      1.4036,     42.6512,    249.4468,     62.7764,      3.4953,      0.1929,      0.1590,    127.2265,      0.2065,      5.6018,     11.2035,      1.8247,     28.7566,     57.5133,      0.0193,      0.0064,      0.2436,      0.2045,   7810.9785,-578397.1250,  -1155.2247,    542.1791,  26036.5918,
       1,     169,      75,      18,       1,       3,       1,     10.0000,      1.4036,     42.6512,    249.4468,     62.7764,      3.4953,      0.1778,      0.1442,    121.1665,      0.1979,      5.6018,     11.2035,      1.7489,     28.7566,     57.5133,      0.0193,      0.0067,      0.2223,      0.2045,   7810.9780,-590684.3125,  -1159.8597,    541.3493,  26036.5879,
       1,     169,      75,      19,       1,       3,       1,     10.0000,      1.4036,     42.6512,    249.4468,     62.7764,      3.4953,      0.1353,      0.1021,     88.9965,      0.1845,      5.6018,     11.2035,      1.6301,     28.7566,     57.5133,      0.0193,      0.0066,      0.1641,      0.2044,   7810.9766,-584192.3125,  -1158.2178,    541.7892,  26036.5918,
       1,     169,      75,      20,       1,       3,       1,     10.0000,      1.4036,     42.6512,    249.4468,     62.7764,      3.4953,      0.0139,     -0.0189,      8.5274,      0.1698,      5.6018,     11.2035,      1.5007,     28.7566,     57.5133,      0.0193,      0.0067,      0.0156,      0.2045,   7810.9780,-543612.1250,  -1144.9711,    544.5377,  26036.5859,
       1,     169,      75,      21,       1,       3,       1,     10.0000,      1.4036,     42.6512,    249.4468,     62.7764,      3.4953,      0.0000,     -0.0324,      7.9784,      0.1598,      5.6018,     11.2035,      1.4119,     28.7566,     57.5133,      0.0193,      0.0063,      0.0156,      0.2045,   7810.9761,-440123.6562,  -1110.1001,    551.5888,  26036.5879,
       1,     169,      75,      22,       1,       3,       1,     10.0000,      1.4036,     42.6512,    249.4468,     62.7764,      3.4953,      0.0000,     -0.0323,      7.6416,      0.1563,      5.6018,     11.2035,      1.3810,     28.7566,     57.5133,      0.0193,      0.0060,      0.0156,      0.2046,   7810.9766,-430735.2812,  -1106.8667,    552.2819,  26036.5879,
       1,     169,      75,      23,       1,       3,       1,     10.0000,      1.4036,     42.6512,    249.4468,     62.7764,      3.4953,      0.0000,     -0.0323,      7.1737,      0.1569,      5.6018,     11.2035,      1.3866,     28.7566,     57.5133,      0.0193,      0.0056,      0.0156,      0.2046,   7810.9766,-429457.0938,  -1106.3866,    552.3705,  26036.5859,
       1,     169,      75,      24,       1,       3,       1,     10.0000,      1.4036,     42.6512,    249.4468,     62.7764,      3.4953,      0.0000,     -0.0322,      6.2274,      0.1547,      5.6018,     11.2035,      1.3672,     28.7566,     57.5133,      0.0193,      0.0049,      0.0156,      0.2046,   7810.9761,-428766.5938,  -1106.1100,    552.4183,  26036.5859,
       1,     169,      76,       1,       1,       3,       1,     10.0000,      1.4037,     42.6515,    249.4527,     62.7778,      3.4953,      0.0000,     -0.0323,      5.4980,      0.1571,      5.6018,     11.2036,      1.3880,     28.7653,     57.5306,      0.0193,      0.0043,      0.0156,      0.2047,   7810.9761,-427687.1250,  -1106.1949,    552.5057,  26037.7500,
       1,     169,      76,       2,       1,       3,       1,     10.0000,      1.4037,     42.6515,    249.4527,     62.7778,      3.4953,      0.0000,     -0.0323,      4.9397,      0.1560,      5.6018,     11.2036,      1.3783,     28.7653,     57.5306,      0.0193,      0.0039,      0.0156,      0.2047,   7811.3252,-426537.1875,  -1105.2875,    552.5851,  26037.7500,
       1,     169,      76,       3,       1,       3,       1,     10.0000,      1.4037,     42.6515,    249.4527,     62.7778,      3.4953,      0.0000,     -0.0323,      4.2008,      0.1574,      5.6018,     11.2036,      1.3908,     28.7653,     57.5306,      0.0193,      0.0033,      0.0156,      0.2047,   7811.3252,-425745.7812,  -1104.9913,    552.6398,  26037.7500,
       1,     169,      76,       4,       1,       3,       1,     10.0000,      1.4037,     42.6515,    249.4527,     62.7778,      3.4953,      0.0000,     -0.0322,      4.1200,      0.1546,      5.6018,     11.2036,      1.3659,     28.7653,     57.5306,      0.0193,      0.0032,      0.0156,      0.2047,   7811.3252,-424760.9688,  -1104.6345,    552.7078,  26037.7500,
       1,     169,      76,       5,       1,       3,       1,     10.0000,      1.4037,     42.6515,    249.4527,     62.7778,      3.4953,      0.0000,     -0.0323,      4.0596,      0.1557,      5.6018,     11.2036,      1.3755,     28.7653,     57.5306,      0.0193,      0.0032,      0.0156,      0.2047,   7811.3252,-424576.3750,  -1104.5497,    552.7206,  26037.7500,
       1,     169,      76,       6,       1,       3,       1,     10.0000,      1.4037,     42.6515,    249.4527,     62.7778,      3.4953,      0.0000,     -0.0321,      4.2677,      0.1500,      5.6018,     11.2036,      1.3253,     28.7653,     57.5306,      0.0193,      0.0033,      0.0156,      0.2047,   7811.3252,-424485.5312,  -1104.4977,    552.7269,  26037.7500,
       1,     169,      76,       7,       1,       3,       1,     10.0000,      1.4037,     42.6515,    249.4527,     62.7778,      3.4953,      0.0000,     -0.0318,      4.1727,      0.1440,      5.6018,     11.2036,      1.2729,     28.7653,     57.5306,      0.0193,      0.0033,      0.0156,      0.2047,   7811.3252,-424736.0000,  -1104.5607,    552.7096,  26037.7500,
       1,     169,      76,       8,       1,       3,       1,     10.0000,      1.4037,     42.6515,    249.4527,     62.7778,      3.4953,      0.0020,     -0.0300,      4.1607,      0.1468,      5.6018,     11.2036,      1.2975,     28.7653,     57.5306,      0.0193,      0.0033,      0.0156,      0.2047,   7811.3252,-424639.6250,  -1104.5065,    552.7162,  26037.7500,
       1,     169,      76,       9,       1,       3,       1,     10.0000,      1.4037,     42.6515,    249.4527,     62.7778,      3.4953,      0.0439,      0.0117,     11.5239,      0.1532,      5.6018,     11.2036,      1.3536,     28.7653,     57.5306,      0.0193,      0.0034,      0.0413,      0.2047,   7811.3252,-424616.4062,  -1104.4771,    552.7178,  26037.7480,
       1,     169,      76,      10,       1,       3,       1,     10.0000,      1.4037,     42.6515,    249.4527,     62.7778,      3.4953,      0.1000,      0.0672,     40.9831,      0.1698,      5.6018,     11.2036,      1.5008,     28.7653,     57.5306,      0.0193,      0.0042,      0.1185,      0.2047,   7811.3247,-433751.4375,  -1107.5653,    552.0867,  26037.7480,
       1,     169,      76,      11,       1,       3,       1,     10.0000,      1.4037,     42.6515,    249.4527,     62.7778,      3.4953,      0.1388,      0.1058,     56.7543,      0.1799,      5.6018,     11.2036,      1.5901,     28.7653,     57.5306,      0.0193,      0.0040,      0.1729,      0.2047,   7811.3247,-471095.8125,  -1120.2635,    549.5099,  26037.7480,
       1,     169,      76,      12,       1,       3,       1,     10.0000,      1.4037,     42.6515,    249.4527,     62.7778,      3.4953,      0.1831,      0.1497,     67.5293,      0.1929,      5.6018,     11.2036,      1.7045,     28.7653,     57.5306,      0.0193,      0.0035,      0.2361,      0.2046,   7811.3247,-493894.6562,  -1128.0629,    547.9499,  26037.7480,
       1,     169,      76,      13,       1,       3,       1,     10.0000,      1.4037,     42.6515,    249.4527,     62.7778,      3.4953,      0.1867,      0.1527,     69.9089,      0.2117,      5.6018,     11.2036,      1.8703,     28.7653,     57.5306,      0.0193,      0.0035,      0.2412,      0.2046,   7811.3247,-509227.7500,  -1133.3827,    546.9019,  26037.7461,
       1,     169,      76,      14,       1,       3,       1,     10.0000,      1.4037,     42.6515,    249.4527,     62.7778,      3.4953,      0.1931,      0.1590,     77.4723,      0.2165,      5.6018,     11.2036,      1.9131,     28.7653,     57.5306,      0.0193,      0.0038,      0.2497,      0.2046,   7811.3242,-513494.9062,  -1134.9989,    546.6112,  26037.7461,
       1,     169,      76,      15,       1,       3,       1,     10.0000,      1.4037,     42.6515,    249.4527,     62.7778,      3.4953,      0.1810,      0.1468,     97.8121,      0.2184,      5.6018,     11.2036,      1.9300,     28.7653,     57.5306,      0.0193,      0.0052,      0.2298,      0.2046,   7811.3242,-523256.1875,  -1138.5054,    545.9443,  26037.7461,
       1,     169,      76,      16,       1,       3,       1,     10.0000,      1.4037,     42.6515,    249.4527,     62.7778,      3.4953,      0.1851,      0.1510,    101.0369,      0.2156,      5.6018,     11.2036,      1.9055,     28.7653,     57.5306,      0.0193,      0.0052,      0.2354,      0.2046,   7811.3242,-549368.3125,  -1147.6487,    544.1627,  26037.7441,
       1,     169,      76,      17,       1,       3,       1,     10.0000,      1.4037,     42.6515,    249.4527,     62.7778,      3.4953,      0.1804,      0.1465,    112.9500,      0.2081,      5.6018,     11.2036,      1.8392,     28.7653,     57.5306,      0.0193,      0.0061,      0.2271,      0.2045,   7811.3237,-555616.7500,  -1150.1404,    543.7407,  26037.7422,
       1,     169,      76,      18,       1,       3,       1,     10.0000,      1.4037,     42.6515,    249.4527,     62.7778,      3.4953,      0.1543,      0.1207,    106.4755,      0.1979,      5.6018,     11.2036,      1.7489,     28.7653,     57.5306,      0.0193,      0.0069,      0.1898,      0.2045,   7811.3228,-570960.0000,  -1155.7843,    542.6980,  26037.7441,
       1,     169,      76,      19,       1,       3,       1,     10.0000,      1.4037,     42.6515,    249.4527,     62.7778,      3.4953,      0.1198,      0.0866,     80.2949,      0.1847,      5.6018,     11.2036,      1.6317,     28.7653,     57.5306,      0.0193,      0.0069,      0.1427,      0.2045,   7811.3237,-564220.4375,  -1153.9543,    543.1561,  26037.7383,
       1,     169,      76,      20,       1,       3,       1,     10.0000,      1.4037,     42.6515,    249.4527,     62.7778,      3.4953,      0.0270,     -0.0057,      8.9128,      0.1688,      5.6018,     11.2036,      1.4918,     28.7653,     57.5306,      0.0193,      0.0065,      0.0167,      0.2045,   7811.3218,-531087.0000,  -1143.0479,    545.4059,  26037.7383,
       1,     169,      76,      21,       1,       3,       1,     10.0000,      1.4037,     42.6515,    249.4527,     62.7778,      3.4953,      0.0000,     -0.0325,      7.9468,      0.1629,      5.6018,     11.2036,      1.4390,     28.7653,     57.5306,      0.0193,      0.0062,      0.0156,      0.2046,   7811.3218,-439552.5938,  -1111.9126,    551.6510,  26037.7383,
       1,     169,      76,      22,       1,       3,       1,     10.0000,      1.4037,     42.6515,    249.4527,     62.7778,      3.4953,      0.0000,     -0.0324,      8.1047,      0.1601,      5.6018,     11.2036,      1.4147,     28.7653,     57.5306,      0.0193,      0.0063,      0.0156,      0.2047,   7811.3218,-430638.0625,  -1108.8330,    552.3016,  26037.7383,
       1,     169,      76,      23,       1,       3,       1,     10.0000,      1.4037,     42.6515,    249.4527,     62.7778,      3.4953,      0.0000,     -0.0323,      7.1838,      0.1571,      5.6018,     11.2036,      1.3880,     28.7653,     57.5306,      0.0193,      0.0056,      0.0156,      0.2047,   7811.3218,-430026.5312,  -1108.5931,    552.3442,  26037.7383,
       1,     169,      76,      24,       1,       3,       1,     10.0000,      1.4037,     42.6515,    249.4527,     62.7778,      3.4953,      0.0000,     -0.0322,      6.1403,      0.1550,      5.6018,     11.2036,      1.3700,     28.7653,     57.5306,      0.0193,      0.0048,      0.0156,      0.2047,   7811.3218,-428830.9375,  -1108.1575,    552.4268,  26037.7383,
       1,     169,      77,       1,       1,       3,       1,     10.0000,      1.4037,     42.6519,    249.4585,     62.7793,      3.4953,      0.0000,     -0.0322,      4.8100,      0.1540,      5.6029,     11.2057,      1.3604,     28.7673,     57.5347,      0.0193,      0.0038,      0.0156,      0.2047,   7811.3218,-427587.6875,  -1108.2004,    552.5256,  26038.8984,
       1,     169,      77,       2,       1,       3,       1,     10.0000,      1.4037,     42.6519,    249.4585,     62.7793,      3.4953,      0.0000,     -0.0323,      4.5841,      0.1571,      5.6029,     11.2057,      1.3880,     28.7673,     57.5347,      0.0193,      0.0036,      0.0156,      0.2047,   7811.6699,-425678.5625,  -1107.0414,    552.6574,  26038.8984,
       1,     169,      77,       3,       1,       3,       1,     10.0000,      1.4037,     42.6519,    249.4585,     62.7793,      3.4953,      0.0000,     -0.0322,      4.4974,      0.1550,      5.6029,     11.2057,      1.3700,     28.7673,     57.5347,      0.0193,      0.0035,      0.0156,      0.2047,   7811.6699,-425234.6875,  -1106.8738,    552.6881,  26038.8984,
       1,     169,      77,       4,       1,       3,       1,     10.0000,      1.4037,     42.6519,    249.4585,     62.7793,      3.4953,      0.0000,     -0.0322,      3.9364,      0.1540,      5.6029,     11.2057,      1.3604,     28.7673,     57.5347,      0.0193,      0.0031,      0.0156,      0.2047,   7811.6699,-425089.0312,  -1106.8091,    552.6982,  26038.8984,
       1,     169,      77,       5,       1,       3,       1,     10.0000,      1.4037,     42.6519,    249.4585,     62.7793,      3.4953,      0.0000,     -0.0321,      3.6936,      0.1523,      5.6029,     11.2057,      1.3455,     28.7673,     57.5347,      0.0193,      0.0029,      0.0156,      0.2047,   7811.6699,-424380.4062,  -1106.5536,    552.7471,  26038.8984,
       1,     169,      77,       6,       1,       3,       1,     10.0000,      1.4037,     42.6519,    249.4585,     62.7793,      3.4953,      0.0000,     -0.0321,      3.8466,      0.1524,      5.6029,     11.2057,      1.3468,     28.7673,     57.5347,      0.0193,      0.0030,      0.0156,      0.2047,   7811.6699,-424018.5000,  -1106.4177,    552.7720,  26038.8984,
       1,     169,      77,       7,       1,       3,       1,     10.0000,      1.4037,     42.6519,    249.4585,     62.7793,      3.4953,      0.0000,     -0.0319,      3.7672,      0.1461,      5.6029,     11.2057,      1.2910,     28.7673,     57.5347,      0.0193,      0.0030,      0.0156,      0.2047,   7811.6699,-424177.4062,  -1106.4601,    552.7612,  26038.8984,
       1,     169,      77,       8,       1,       3,       1,     10.0000,      1.4037,     42.6519,    249.4585,     62.7793,      3.4953,      0.0022,     -0.0295,      3.6288,      0.1427,      5.6029,     11.2057,      1.2614,     28.7673,     57.5347,      0.0193,      0.0028,      0.0156,      0.2047,   7811.6699,-424092.3750,  -1106.4194,    552.7670,  26038.8984,
       1,     169,      77,       9,       1,       3,       1,     10.0000,      1.4037,     42.6519,    249.4585,     62.7793,      3.4953,      0.0691,      0.0370,     17.9219,      0.1512,      5.6029,     11.2057,      1.3360,     28.7673,     57.5347,      0.0193,      0.0028,      0.0770,      0.2047,   7811.6699,-423913.3750,  -1106.3468,    552.7794,  26038.8984,
       1,     169,      77,      10,       1,       3,       1,     10.0000,      1.4037,     42.6519,    249.4585,     62.7793,      3.4953,      0.1404,      0.1073,     43.6957,      0.1819,      5.6029,     11.2057,      1.6076,     28.7673,     57.5347,      0.0193,      0.0030,      0.1767,      0.2047,   7811.6699,-441631.7812,  -1112.4220,    551.5551,  26038.8984,
       1,     169,      77,      11,       1,       3,       1,     10.0000,      1.4037,     42.6519,    249.4585,     62.7793,      3.4953,      0.1912,      0.1576,     65.5701,      0.1985,      5.6029,     11.2057,      1.7542,     28.7673,     57.5347,      0.0193,      0.0032,      0.2481,      0.2047,   7811.6699,-475140.6875,  -1123.9307,    549.2462,  26038.8984,
       1,     169,      77,      12,       1,       3,       1,     10.0000,      1.4037,     42.6519,    249.4585,     62.7793,      3.4953,      0.1921,      0.1580,     62.4143,      0.2165,      5.6029,     11.2057,      1.9131,     28.7673,     57.5347,      0.0193,      0.0031,      0.2500,      0.2046,   7811.6699,-505182.2188,  -1134.2872,    547.1885,  26038.8965,
       1,     169,      77,      13,       1,       3,       1,     10.0000,      1.4037,     42.6519,    249.4585,     62.7793,      3.4953,      0.1851,      0.1507,     57.1129,      0.2274,      5.6029,     11.2057,      2.0093,     28.7673,     57.5347,      0.0193,      0.0029,      0.2405,      0.2046,   7811.6694,-503835.8438,  -1133.9677,    547.2844,  26038.8984,
       1,     169,      77,      14,       1,       3,       1,     10.0000,      1.4037,     42.6519,    249.4585,     62.7793,      3.4953,      0.1326,      0.0979,     48.3409,      0.2372,      5.6029,     11.2057,      2.0956,     28.7673,     57.5347,      0.0193,      0.0036,      0.1646,      0.2046,   7811.6699,-497130.2188,  -1131.8099,    547.7432,  26038.8945,
       1,     169,      77,      15,       1,       3,       1,     10.0000,      1.4037,     42.6519,    249.4585,     62.7793,      3.4953,      0.1662,      0.1315,     92.7694,      0.2344,      5.6029,     11.2057,      2.0712,     28.7673,     57.5347,      0.0193,      0.0054,      0.2087,      0.2046,   7811.6685,-485663.0938,  -1127.9998,    548.5285,  26038.8926,
       1,     169,      77,      16,       1,       3,       1,     10.0000,      1.4037,     42.6519,    249.4585,     62.7793,      3.4953,      0.1909,      0.1564,    132.5320,      0.2254,      5.6029,     11.2057,      1.9916,     28.7673,     57.5347,      0.0193,      0.0067,      0.2403,      0.2046,   7811.6680,-539859.0000,  -1146.7311,    544.8131,  26038.8926,
       1,     169,      77,      17,       1,       3,       1,     10.0000,      1.4037,     42.6519,    249.4585,     62.7793,      3.4953,      0.1771,      0.1430,    135.1971,      0.2123,      5.6029,     11.2057,      1.8758,     28.7673,     57.5347,      0.0193,      0.0075,      0.2197,      0.2046,   7811.6680,-593950.4375,  -1165.6698,    541.1419,  26038.8926,
       1,     169,      77,      18,       1,       3,       1,     10.0000,      1.4037,     42.6519,    249.4585,     62.7793,      3.4953,      0.1285,      0.0948,     99.1156,      0.2019,      5.6029,     11.2057,      1.7839,     28.7673,     57.5347,      0.0193,      0.0079,      0.1531,      0.2045,   7811.6680,-601910.8750,  -1169.0161,    540.6158,  26038.8926,
       1,     169,      77,      19,       1,       3,       1,     10.0000,      1.4037,     42.6519,    249.4585,     62.7793,      3.4953,      0.0838,      0.0504,     65.8701,      0.1889,      5.6029,     11.2057,      1.6694,     28.7673,     57.5347,      0.0193,      0.0088,      0.0919,      0.2045,   7811.6680,-557681.2500,  -1154.4095,    543.6050,  26038.8887,
       1,     169,      77,      20,       1,       3,       1,     10.0000,      1.4037,     42.6519,    249.4585,     62.7793,      3.4953,      0.0161,     -0.0166,      1.2193,      0.1683,      5.6029,     11.2057,      1.4874,     28.7673,     57.5347,      0.0193,      0.0083,      0.0018,      0.2045,   7811.6670,-512599.1250,  -1139.2546,    546.6766,  26038.8906,
       1,     169,      77,      21,       1,       3,       1,     10.0000,      1.4037,     42.6519,    249.4585,     62.7793,      3.4953,      0.0000,     -0.0324,      9.6751,      0.1583,      5.6029,     11.2057,      1.3992,     28.7673,     57.5347,      0.0193,      0.0076,      0.0156,      0.2046,   7811.6675,-428447.4062,  -1110.3154,    552.4357,  26038.8867,
       1,     169,      77,      22,       1,       3,       1,     10.0000,      1.4037,     42.6519,    249.4585,     62.7793,      3.4953,      0.0000,     -0.0321,      8.6701,      0.1518,      5.6029,     11.2057,      1.3414,     28.7673,     57.5347,      0.0193,      0.0068,      0.0156,      0.2047,   7811.6665,-431828.1875,  -1111.4644,    552.2327,  26038.8867,
       1,     169,      77,      23,       1,       3,       1,     10.0000,      1.4037,     42.6519,    249.4585,     62.7793,      3.4953,      0.0000,     -0.0319,      8.3008,      0.1470,      5.6029,     11.2057,      1.2988,     28.7673,     57.5347,      0.0193,      0.0065,      0.0156,      0.2047,   7811.6665,-430833.1250,  -1111.1014,    552.3015,  26038.8867,
       1,     169,      77,      24,       1,       3,       1,     10.0000,      1.4037,     42.6519,    249.4585,     62.7793,      3.4953,      0.0000,     -0.0319,      8.7124,      0.1451,      5.6029,     11.2057,      1.2819,     28.7673,     57.5347,      0.0193,      0.0068,      0.0156,      0.2047,   7811.6665,-430289.5938,  -1110.8962,    552.3389,  26038.8867,
       1,     169,      78,       1,       1,       3,       1,     10.0000,      1.4037,     42.6522,    249.4644,     62.7807,      3.4953,      0.0000,     -0.0319,      7.4561,      0.1445,      5.6023,     11.2047,      1.2768,     28.7686,     57.5371,      0.0193,      0.0058,      0.0156,      0.2047,   7811.6665,-430907.1875,  -1111.5851,    552.3092,  26040.0449,
       1,     169,      78,       2,       1,       3,       1,     10.0000,      1.4037,     42.6522,    249.4644,     62.7807,      3.4953,      0.0000,     -0.0318,      6.3184,      0.1435,      5.6023,     11.2047,      1.2678,     28.7686,     57.5371,      0.0193,      0.0049,      0.0156,      0.2047,   7812.0137,-429249.8438,  -1110.5059,    552.4236,  26040.0449,
       1,     169,      78,       3,       1,       3,       1,     10.0000,      1.4037,     42.6522,    249.4644,     62.7807,      3.4953,      0.0000,     -0.0318,      5.7274,      0.1432,      5.6023,     11.2047,      1.2652,     28.7686,     57.5371,      0.0193,      0.0045,      0.0156,      0.2047,   7812.0137,-427696.3750,  -1109.9574,    552.5310,  26040.0449,
       1,     169,      78,       4,       1,       3,       1,     10.0000,      1.4037,     42.6522,    249.4644,     62.7807,      3.4953,      0.0000,     -0.0319,      5.3360,      0.1446,      5.6023,     11.2047,      1.2781,     28.7686,     57.5371,      0.0193,      0.0042,      0.0156,      0.2047,   7812.0137,-426829.9062,  -1109.6469,    552.5908,  26040.0449,
       1,     169,      78,       5,       1,       3,       1,     10.0000,      1.4037,     42.6522,    249.4644,     62.7807,      3.4953,      0.0000,     -0.0317,      5.2372,      0.1396,      5.6023,     11.2047,      1.2337,     28.7686,     57.5371,      0.0193,      0.0041,      0.0156,      0.2047,   7812.0137,-426269.9688,  -1109.4436,    552.6295,  26040.0449,
       1,     169,      78,       6,       1,       3,       1,     10.0000,      1.4037,     42.6522,    249.4644,     62.7807,      3.4953,      0.0000,     -0.0315,      5.2105,      0.1361,      5.6023,     11.2047,      1.2028,     28.7686,     57.5371,      0.0193,      0.0041,      0.0156,      0.2047,   7812.0137,-426099.5625,  -1109.3750,    552.6412,  26040.0449,
       1,     169,      78,       7,       1,       3,       1,     10.0000,      1.4037,     42.6522,    249.4644,     62.7807,      3.4953,      0.0000,     -0.0313,      4.6709,      0.1296,      5.6023,     11.2047,      1.1456,     28.7686,     57.5371,      0.0193,      0.0037,      0.0156,      0.2047,   7812.0137,-426051.8125,  -1109.3496,    552.6446,  26040.0449,
       1,     169,      78,       8,       1,       3,       1,     10.0000,      1.4037,     42.6522,    249.4644,     62.7807,      3.4953,      0.0092,     -0.0221,      4.6372,      0.1298,      5.6023,     11.2047,      1.1468,     28.7686,     57.5371,      0.0193,      0.0036,      0.0156,      0.2047,   7812.0137,-425378.2188,  -1109.1089,    552.6911,  26040.0449,
       1,     169,      78,       9,       1,       3,       1,     10.0000,      1.4037,     42.6522,    249.4644,     62.7807,      3.4953,      0.1295,      0.0978,     53.4546,      0.1412,      5.6023,     11.2047,      1.2475,     28.7686,     57.5371,      0.0193,      0.0041,      0.1601,      0.2047,   7812.0137,-425278.6250,  -1109.0663,    552.6980,  26040.0449,
       1,     169,      78,      10,       1,       3,       1,     10.0000,      1.4037,     42.6522,    249.4644,     62.7807,      3.4953,      0.1792,      0.1466,     81.6086,      0.1670,      5.6023,     11.2047,      1.4756,     28.7686,     57.5371,      0.0193,      0.0044,      0.2286,      0.2047,   7812.0137,-485832.6875,  -1130.0382,    548.5145,  26040.0449,
       1,     169,      78,      11,       1,       3,       1,     10.0000,      1.4037,     42.6522,    249.4644,     62.7807,      3.4953,      0.1918,      0.1585,     93.6028,      0.1889,      5.6023,     11.2047,      1.6695,     28.7686,     57.5371,      0.0193,      0.0047,      0.2457,      0.2047,   7812.0137,-526023.7500,  -1144.0437,    545.7747,  26040.0449,
       1,     169,      78,      12,       1,       3,       1,     10.0000,      1.4037,     42.6522,    249.4644,     62.7807,      3.4953,      0.1936,      0.1600,     79.4465,      0.1983,      5.6023,     11.2047,      1.7525,     28.7686,     57.5371,      0.0193,      0.0039,      0.2500,      0.2046,   7812.0137,-544361.7500,  -1150.6604,    544.5303,  26040.0410,
       1,     169,      78,      13,       1,       3,       1,     10.0000,      1.4037,     42.6522,    249.4644,     62.7807,      3.4953,      0.1924,      0.1584,     65.8422,      0.2123,      5.6023,     11.2047,      1.8759,     28.7686,     57.5371,      0.0193,      0.0032,      0.2500,      0.2046,   7812.0127,-528329.3750,  -1145.4548,    545.6230,  26040.0410,
       1,     169,      78,      14,       1,       3,       1,     10.0000,      1.4037,     42.6522,    249.4644,     62.7807,      3.4953,      0.1937,      0.1594,     82.6295,      0.2202,      5.6023,     11.2047,      1.9453,     28.7686,     57.5371,      0.0193,      0.0040,      0.2500,      0.2046,   7812.0127,-510058.6875,  -1139.3855,    546.8702,  26040.0410,
       1,     169,      78,      15,       1,       3,       1,     10.0000,      1.4037,     42.6522,    249.4644,     62.7807,      3.4953,      0.1963,      0.1622,    115.5469,      0.2150,      5.6023,     11.2047,      1.9000,     28.7686,     57.5371,      0.0193,      0.0056,      0.2500,      0.2046,   7812.0127,-529355.0000,  -1146.2717,    545.5526,  26040.0391,
       1,     169,      78,      16,       1,       3,       1,     10.0000,      1.4037,     42.6522,    249.4644,     62.7807,      3.4953,      0.1963,      0.1623,    153.1296,      0.2112,      5.6023,     11.2047,      1.8667,     28.7686,     57.5371,      0.0193,      0.0076,      0.2457,      0.2046,   7812.0122,-571908.5625,  -1161.3405,    542.6523,  26040.0371,
       1,     169,      78,      17,       1,       3,       1,     10.0000,      1.4037,     42.6522,    249.4644,     62.7807,      3.4953,      0.1916,      0.1576,    160.7111,      0.2096,      5.6023,     11.2047,      1.8520,     28.7686,     57.5371,      0.0193,      0.0083,      0.2380,      0.2045,   7812.0112,-622297.7500,  -1179.3734,    539.2420,  26040.0371,
       1,     169,      78,      18,       1,       3,       1,     10.0000,      1.4037,     42.6522,    249.4644,     62.7807,      3.4953,      0.1759,      0.1424,    155.3113,      0.1960,      5.6023,     11.2047,      1.7318,     28.7686,     57.5371,      0.0193,      0.0088,      0.2157,      0.2045,   7812.0112,-636065.8750,  -1184.9454,    538.3246,  26040.0352,
       1,     169,      78,      19,       1,       3,       1,     10.0000,      1.4037,     42.6522,    249.4644,     62.7807,      3.4953,      0.1062,      0.0731,     94.4289,      0.1819,      5.6023,     11.2047,      1.6077,     28.7686,     57.5371,      0.0193,      0.0095,      0.1214,      0.2044,   7812.0107,-630510.7500,  -1183.8835,    538.6993,  26040.0352,
       1,     169,      78,      20,       1,       3,       1,     10.0000,      1.4037,     42.6522,    249.4644,     62.7807,      3.4953,      0.0164,     -0.0162,      1.5713,      0.1648,      5.6023,     11.2047,      1.4565,     28.7686,     57.5371,      0.0193,      0.0086,      0.0022,      0.2045,   7812.0107,-554250.6875,  -1158.0459,    543.8345,  26040.0332,
       1,     169,      78,      21,       1,       3,       1,     10.0000,      1.4037,     42.6522,    249.4644,     62.7807,      3.4953,      0.0000,     -0.0323,     10.5932,      0.1557,      5.6023,     11.2047,      1.3756,     28.7686,     57.5371,      0.0193,      0.0083,      0.0156,      0.2046,   7812.0103,-432393.6562,  -1115.7629,    552.1429,  26040.0312,
       1,     169,      78,      22,       1,       3,       1,     10.0000,      1.4037,     42.6522,    249.4644,     62.7807,      3.4953,      0.0000,     -0.0320,     11.1142,      0.1488,      5.6023,     11.2047,      1.3147,     28.7686,     57.5371,      0.0193,      0.0087,      0.0156,      0.2047,   7812.0098,-433350.2188,  -1116.0916,    552.1406,  26040.0312,
       1,     169,      78,      23,       1,       3,       1,     10.0000,      1.4037,     42.6522,    249.4644,     62.7807,      3.4953,      0.0000,     -0.0319,     10.1188,      0.1468,      5.6023,     11.2047,      1.2976,     28.7686,     57.5371,      0.0193,      0.0079,      0.0156,      0.2047,   7812.0098,-433999.4062,  -1116.3090,    552.0958,  26040.0312,
       1,     169,      78,      24,       1,       3,       1,     10.0000,      1.4037,     42.6522,    249.4644,     62.7807,      3.4953,      0.0000,     -0.0315,      8.2567,      0.1357,      5.6023,     11.2047,      1.1992,     28.7686,     57.5371,      0.0193,      0.0065,      0.0156,      0.2047,   7812.0098,-432819.9688,  -1115.8882,    552.1772,  26040.0312,
       1,     169,      79,       1,       1,       3,       1,     10.0000,      1.4037,     42.6525,    249.4702,     62.7823,      3.4953,      0.0000,     -0.0315,      6.3971,      0.1356,      5.6027,     11.2054,      1.1980,     28.7776,     57.5552,      0.0193,      0.0050,      0.0156,      0.2047,   7812.0098,-430562.4688,  -1115.5936,    552.3459,  26041.1934,
       1,     169,      79,       2,       1,       3,       1,     10.0000,      1.4037,     42.6525,    249.4702,     62.7823,      3.4953,      0.0000,     -0.0317,      5.8984,      0.1412,      5.6027,     11.2054,      1.2475,     28.7776,     57.5552,      0.0193,      0.0046,      0.0156,      0.2047,   7812.3584,-427910.2188,  -1114.1617,    552.5291,  26041.1934,
       1,     169,      79,       3,       1,       3,       1,     10.0000,      1.4037,     42.6525,    249.4702,     62.7823,      3.4953,      0.0000,     -0.0314,      5.5518,      0.1333,      5.6027,     11.2054,      1.1775,     28.7776,     57.5552,      0.0193,      0.0043,      0.0156,      0.2047,   7812.3584,-427064.3438,  -1113.8613,    552.5876,  26041.1934,
       1,     169,      79,       4,       1,       3,       1,     10.0000,      1.4037,     42.6525,    249.4702,     62.7823,      3.4953,      0.0000,     -0.0308,      4.5712,      0.1166,      5.6027,     11.2054,      1.0303,     28.7776,     57.5552,      0.0193,      0.0036,      0.0156,      0.2047,   7812.3584,-426561.8750,  -1113.9423,    552.6223,  26041.1934,
       1,     169,      79,       5,       1,       3,       1,     10.0000,      1.4037,     42.6525,    249.4702,     62.7823,      3.4953,      0.0000,     -0.0306,      3.2378,      0.1127,      5.6027,     11.2054,      0.9960,     28.7776,     57.5552,      0.0193,      0.0025,      0.0156,      0.2047,   7812.3584,-425302.2188,  -1113.4962,    552.7093,  26041.1934,
       1,     169,      79,       6,       1,       3,       1,     10.0000,      1.4037,     42.6525,    249.4702,     62.7823,      3.4953,      0.0000,     -0.0306,      3.3638,      0.1128,      5.6027,     11.2054,      0.9970,     28.7776,     57.5552,      0.0193,      0.0026,      0.0156,      0.2047,   7812.3584,-423540.3750,  -1112.8766,    552.8310,  26041.1934,
       1,     169,      79,       7,       1,       3,       1,     10.0000,      1.4037,     42.6525,    249.4702,     62.7823,      3.4953,      0.0000,     -0.0308,      3.6479,      0.1165,      5.6027,     11.2054,      1.0292,     28.7776,     57.5552,      0.0193,      0.0029,      0.0156,      0.2047,   7812.3584,-423545.7500,  -1112.8751,    552.8307,  26041.1934,
       1,     169,      79,       8,       1,       3,       1,     10.0000,      1.4037,     42.6525,    249.4702,     62.7823,      3.4953,      0.0044,     -0.0266,      2.7210,      0.1207,      5.6027,     11.2054,      1.0667,     28.7776,     57.5552,      0.0193,      0.0021,      0.0156,      0.2047,   7812.3584,-423898.4688,  -1112.9950,    552.8062,  26041.1934,
       1,     169,      79,       9,       1,       3,       1,     10.0000,      1.4037,     42.6525,    249.4702,     62.7823,      3.4953,      0.1079,      0.0766,     17.2645,      0.1293,      5.6027,     11.2054,      1.1421,     28.7776,     57.5552,      0.0193,      0.0016,      0.1334,      0.2047,   7812.3584,-422779.1562,  -1112.8870,    552.8837,  26041.1934,
       1,     169,      79,      10,       1,       3,       1,     10.0000,      1.4037,     42.6525,    249.4702,     62.7823,      3.4953,      0.1763,      0.1439,     40.2310,      0.1593,      5.6027,     11.2054,      1.4077,     28.7776,     57.5552,      0.0193,      0.0021,      0.2290,      0.2047,   7812.3584,-440722.7500,  -1119.1757,    551.6436,  26041.1934,
       1,     169,      79,      11,       1,       3,       1,     10.0000,      1.4037,     42.6525,    249.4702,     62.7823,      3.4953,      0.1905,      0.1575,     37.2270,      0.1759,      5.6027,     11.2054,      1.5542,     28.7776,     57.5552,      0.0193,      0.0018,      0.2500,      0.2047,   7812.3584,-470759.8438,  -1129.7180,    549.5737,  26041.1895,
       1,     169,      79,      12,       1,       3,       1,     10.0000,      1.4037,     42.6525,    249.4702,     62.7823,      3.4953,      0.1900,      0.1583,     27.6892,      0.1392,      5.6027,     11.2054,      1.2299,     28.7776,     57.5552,      0.0193,      0.0014,      0.2500,      0.2047,   7812.3569,-469611.9688,  -1129.3536,    549.6564,  26041.1934,
       1,     169,      79,      13,       1,       3,       1,     10.0000,      1.4037,     42.6525,    249.4702,     62.7823,      3.4953,      0.1906,      0.1595,     33.9606,      0.1238,      5.6027,     11.2054,      1.0943,     28.7776,     57.5552,      0.0193,      0.0017,      0.2500,      0.2047,   7812.3584,-457669.8438,  -1133.4451,    550.4770,  26041.1914,
       1,     169,      79,      14,       1,       3,       1,     10.0000,      1.4037,     42.6525,    249.4702,     62.7823,      3.4953,      0.1907,      0.1589,     37.5472,      0.1439,      5.6027,     11.2054,      1.2717,     28.7776,     57.5552,      0.0193,      0.0018,      0.2500,      0.2047,   7812.3579,-464433.4375,  -1135.6625,    550.0121,  26041.1895,
       1,     169,      79,      15,       1,       3,       1,     10.0000,      1.4037,     42.6525,    249.4702,     62.7823,      3.4953,      0.1933,      0.1606,     72.8887,      0.1697,      5.6027,     11.2054,      1.4994,     28.7776,     57.5552,      0.0193,      0.0036,      0.2500,      0.2047,   7812.3569,-469463.6562,  -1137.2657,    549.6665,  26041.1895,
       1,     169,      79,      16,       1,       3,       1,     10.0000,      1.4037,     42.6525,    249.4702,     62.7823,      3.4953,      0.1957,      0.1623,    105.0334,      0.1903,      5.6027,     11.2054,      1.6812,     28.7776,     57.5552,      0.0193,      0.0051,      0.2500,      0.2047,   7812.3569,-513761.8750,  -1152.5680,    546.6230,  26041.1895,
       1,     169,      79,      17,       1,       3,       1,     10.0000,      1.4037,     42.6525,    249.4702,     62.7823,      3.4953,      0.1910,      0.1576,     54.7848,      0.1935,      5.6027,     11.2054,      1.7097,     28.7776,     57.5552,      0.0193,      0.0027,      0.2490,      0.2047,   7812.3569,-557501.0000,  -1167.8716,    543.6428,  26041.1895,
       1,     169,      79,      18,       1,       3,       1,     10.0000,      1.4037,     42.6525,    249.4702,     62.7823,      3.4953,      0.1840,      0.1511,     23.4959,      0.1741,      5.6027,     11.2054,      1.5388,     28.7776,     57.5552,      0.0193,      0.0012,      0.2422,      0.2046,   7812.3569,-498791.5625,  -1147.6505,    547.6406,  26041.1875,
       1,     169,      79,      19,       1,       3,       1,     10.0000,      1.4037,     42.6525,    249.4702,     62.7823,      3.4953,      0.1383,      0.1056,     30.0980,      0.1678,      5.6027,     11.2054,      1.4830,     28.7776,     57.5552,      0.0193,      0.0021,      0.1753,      0.2047,   7812.3564,-454963.6562,  -1132.4100,    550.6556,  26041.1855,
       1,     169,      79,      20,       1,       3,       1,     10.0000,      1.4037,     42.6525,    249.4702,     62.7823,      3.4953,      0.0215,     -0.0109,      2.9939,      0.1592,      5.6027,     11.2054,      1.4063,     28.7776,     57.5552,      0.0193,      0.0038,      0.0097,      0.2047,   7812.3560,-459418.3125,  -1133.9509,    550.3572,  26041.1855,
       1,     169,      79,      21,       1,       3,       1,     10.0000,      1.4037,     42.6525,    249.4702,     62.7823,      3.4953,      0.0000,     -0.0320,      6.3722,      0.1491,      5.6027,     11.2054,      1.3174,     28.7776,     57.5552,      0.0193,      0.0050,      0.0156,      0.2047,   7812.3560,-426151.4688,  -1122.2693,    552.6459,  26041.1836,
       1,     169,      79,      22,       1,       3,       1,     10.0000,      1.4037,     42.6525,    249.4702,     62.7823,      3.4953,      0.0000,     -0.0319,      6.6626,      0.1468,      5.6027,     11.2054,      1.2976,     28.7776,     57.5552,      0.0193,      0.0052,      0.0156,      0.2047,   7812.3555,-427508.1875,  -1122.6531,    552.5569,  26041.1836,
       1,     169,      79,      23,       1,       3,       1,     10.0000,      1.4037,     42.6525,    249.4702,     62.7823,      3.4953,      0.0000,     -0.0319,      5.5395,      0.1455,      5.6027,     11.2054,      1.2859,     28.7776,     57.5552,      0.0193,      0.0043,      0.0156,      0.2047,   7812.3555,-427978.7812,  -1122.7212,    552.5244,  26041.1836,
       1,     169,      79,      24,       1,       3,       1,     10.0000,      1.4037,     42.6525,    249.4702,     62.7823,      3.4953,      0.0000,     -0.0317,      4.6883,      0.1388,      5.6027,     11.2054,      1.2262,     28.7776,     57.5552,      0.0193,      0.0037,      0.0156,      0.2047,   7812.3555,-426626.0938,  -1122.1686,    552.6179,  26041.1836,
       1,     169,      80,       1,       1,       3,       1,     10.0000,      1.4038,     42.6529,    249.4761,     62.7836,      3.4953,      0.0000,     -0.0315,      3.7777,      0.1342,      5.6022,     11.2045,      1.1859,     28.7868,     57.5737,      0.0193,      0.0030,      0.0156,      0.2048,   7812.3555,-425608.5000,  -1122.2476,    552.7011,  26042.3457,
       1,     169,      80,       2,       1,       3,       1,     10.0000,      1.4038,     42.6529,    249.4761,     62.7836,      3.4953,      0.0000,     -0.0313,      2.7716,      0.1291,      5.6022,     11.2045,      1.1410,     28.7868,     57.5737,      0.0193,      0.0022,      0.0156,      0.2048,   7812.7041,-424239.7500,  -1121.2188,    552.7957,  26042.3457,
       1,     169,      80,       3,       1,       3,       1,     10.0000,      1.4038,     42.6529,    249.4761,     62.7836,      3.4953,      0.0000,     -0.0313,      2.8684,      0.1287,      5.6022,     11.2045,      1.1375,     28.7868,     57.5737,      0.0193,      0.0022,      0.0156,      0.2048,   7812.7041,-422874.6250,  -1120.7059,    552.8900,  26042.3457,
       1,     169,      80,       4,       1,       3,       1,     10.0000,      1.4038,     42.6529,    249.4761,     62.7836,      3.4953,      0.0000,     -0.0312,      3.5944,      0.1279,      5.6022,     11.2045,      1.1306,     28.7868,     57.5737,      0.0193,      0.0028,      0.0156,      0.2048,   7812.7041,-422877.5938,  -1120.6700,    552.8898,  26042.3457,
       1,     169,      80,       5,       1,       3,       1,     10.0000,      1.4038,     42.6529,    249.4761,     62.7836,      3.4953,      0.0000,     -0.0313,      3.0724,      0.1289,      5.6022,     11.2045,      1.1387,     28.7868,     57.5737,      0.0193,      0.0024,      0.0156,      0.2048,   7812.7041,-423778.4375,  -1120.9380,    552.8276,  26042.3457,
       1,     169,      80,       6,       1,       3,       1,     10.0000,      1.4038,     42.6529,    249.4761,     62.7836,      3.4953,      0.0000,     -0.0313,      2.6155,      0.1300,      5.6022,     11.2045,      1.1492,     28.7868,     57.5737,      0.0193,      0.0020,      0.0156,      0.2048,   7812.7041,-423208.1562,  -1120.6982,    552.8669,  26042.3457,
       1,     169,      80,       7,       1,       3,       1,     10.0000,      1.4038,     42.6529,    249.4761,     62.7836,      3.4953,      0.0000,     -0.0313,      2.4594,      0.1287,      5.6022,     11.2045,      1.1375,     28.7868,     57.5737,      0.0193,      0.0019,      0.0156,      0.2048,   7812.7041,-422592.5938,  -1120.4496,    552.9095,  26042.3457,
       1,     169,      80,       8,       1,       3,       1,     10.0000,      1.4038,     42.6529,    249.4761,     62.7836,      3.4953,      0.0017,     -0.0291,      2.2340,      0.1172,      5.6022,     11.2045,      1.0356,     28.7868,     57.5737,      0.0193,      0.0018,      0.0156,      0.2048,   7812.7041,-422346.2188,  -1120.3329,    552.9265,  26042.3457,
       1,     169,      80,       9,       1,       3,       1,     10.0000,      1.4038,     42.6529,    249.4761,     62.7836,      3.4953,      0.0328,      0.0012,      4.1164,      0.1364,      5.6022,     11.2045,      1.2053,     28.7868,     57.5737,      0.0193,      0.0019,      0.0268,      0.2048,   7812.7041,-422045.6250,  -1120.2050,    552.9473,  26042.3457,
       1,     169,      80,      10,       1,       3,       1,     10.0000,      1.4038,     42.6529,    249.4761,     62.7836,      3.4953,      0.1324,      0.0998,     34.7481,      0.1652,      5.6022,     11.2045,      1.4595,     28.7868,     57.5737,      0.0193,      0.0026,      0.1662,      0.2048,   7812.7041,-424354.4062,  -1120.9797,    552.7877,  26042.3457,
       1,     169,      80,      11,       1,       3,       1,     10.0000,      1.4038,     42.6529,    249.4761,     62.7836,      3.4953,      0.1649,      0.1315,     50.2336,      0.1899,      5.6022,     11.2045,      1.6779,     28.7868,     57.5737,      0.0193,      0.0029,      0.2116,      0.2048,   7812.7041,-462544.4062,  -1134.3073,    550.1489,  26042.3457,
       1,     169,      80,      12,       1,       3,       1,     10.0000,      1.4038,     42.6529,    249.4761,     62.7836,      3.4953,      0.1922,      0.1580,     63.4498,      0.2180,      5.6022,     11.2045,      1.9264,     28.7868,     57.5737,      0.0193,      0.0031,      0.2500,      0.2047,   7812.7041,-485050.9375,  -1142.1555,    548.6074,  26042.3418,
       1,     169,      80,      13,       1,       3,       1,     10.0000,      1.4038,     42.6529,    249.4761,     62.7836,      3.4953,      0.1905,      0.1558,     42.7408,      0.2339,      5.6022,     11.2045,      2.0673,     28.7868,     57.5737,      0.0193,      0.0021,      0.2500,      0.2047,   7812.7026,-503381.0000,  -1148.5022,    547.3526,  26042.3438,
       1,     169,      80,      14,       1,       3,       1,     10.0000,      1.4038,     42.6529,    249.4761,     62.7836,      3.4953,      0.1926,      0.1580,     70.0943,      0.2330,      5.6022,     11.2045,      2.0592,     28.7868,     57.5737,      0.0193,      0.0034,      0.2500,      0.2047,   7812.7036,-479232.9062,  -1140.0216,    549.0062,  26042.3418,
       1,     169,      80,      15,       1,       3,       1,     10.0000,      1.4038,     42.6529,    249.4761,     62.7836,      3.4953,      0.1957,      0.1609,    110.9561,      0.2411,      5.6022,     11.2045,      2.1308,     28.7868,     57.5737,      0.0193,      0.0054,      0.2500,      0.2047,   7812.7026,-511130.0938,  -1151.1268,    546.8198,  26042.3398,
       1,     169,      80,      16,       1,       3,       1,     10.0000,      1.4038,     42.6529,    249.4761,     62.7836,      3.4953,      0.1956,      0.1608,    148.6658,      0.2383,      5.6022,     11.2045,      2.1060,     28.7868,     57.5737,      0.0193,      0.0074,      0.2455,      0.2047,   7812.7021,-564613.0000,  -1169.9760,    543.1685,  26042.3438,
       1,     169,      80,      17,       1,       3,       1,     10.0000,      1.4038,     42.6529,    249.4761,     62.7836,      3.4953,      0.1887,      0.1538,    163.4782,      0.2411,      5.6022,     11.2045,      2.1308,     28.7868,     57.5737,      0.0193,      0.0085,      0.2337,      0.2046,   7812.7036,-616086.0000,  -1188.3896,    539.6858,  26042.3398,
       1,     169,      80,      18,       1,       3,       1,     10.0000,      1.4038,     42.6529,    249.4761,     62.7836,      3.4953,      0.1748,      0.1406,    150.5717,      0.2187,      5.6022,     11.2045,      1.9321,     28.7868,     57.5737,      0.0193,      0.0086,      0.2147,      0.2045,   7812.7021,-638934.3125,  -1197.0361,    538.1555,  26042.3398,
       1,     169,      80,      19,       1,       3,       1,     10.0000,      1.4038,     42.6529,    249.4761,     62.7836,      3.4953,      0.1391,      0.1055,    110.8969,      0.1974,      5.6022,     11.2045,      1.7439,     28.7868,     57.5737,      0.0193,      0.0081,      0.1672,      0.2045,   7812.7021,-624817.5000,  -1192.8164,    539.1073,  26042.3340,
       1,     169,      80,      20,       1,       3,       1,     10.0000,      1.4038,     42.6529,    249.4761,     62.7836,      3.4953,      0.0192,     -0.0137,      3.7620,      0.1761,      5.6022,     11.2045,      1.5558,     28.7868,     57.5737,      0.0193,      0.0081,      0.0057,      0.2045,   7812.7007,-574242.1875,  -1175.6381,    542.5164,  26042.3359,
       1,     169,      80,      21,       1,       3,       1,     10.0000,      1.4038,     42.6529,    249.4761,     62.7836,      3.4953,      0.0000,     -0.0326,      9.6608,      0.1658,      5.6022,     11.2045,      1.4653,     28.7868,     57.5737,      0.0193,      0.0076,      0.0156,      0.2046,   7812.7012,-436767.7188,  -1127.3059,    551.8499,  26042.3340,
       1,     169,      80,      22,       1,       3,       1,     10.0000,      1.4038,     42.6529,    249.4761,     62.7836,      3.4953,      0.0000,     -0.0325,     10.3076,      0.1617,      5.6022,     11.2045,      1.4291,     28.7868,     57.5737,      0.0193,      0.0081,      0.0156,      0.2048,   7812.7007,-432594.3438,  -1125.7357,    552.2185,  26042.3340,
       1,     169,      80,      23,       1,       3,       1,     10.0000,      1.4038,     42.6529,    249.4761,     62.7836,      3.4953,      0.0000,     -0.0323,      8.8102,      0.1571,      5.6022,     11.2045,      1.3881,     28.7868,     57.5737,      0.0193,      0.0069,      0.0156,      0.2048,   7812.7007,-432939.4062,  -1125.7566,    552.1949,  26042.3340,
       1,     169,      80,      24,       1,       3,       1,     10.0000,      1.4038,     42.6529,    249.4761,     62.7836,      3.4953,      0.0000,     -0.0322,      7.0120,      0.1540,      5.6022,     11.2045,      1.3605,     28.7868,     57.5737,      0.0193,      0.0055,      0.0156,      0.2048,   7812.7007,-431111.1562,  -1125.0245,    552.3210,  26042.3340,
       1,     169,      81,       1,       1,       3,       1,     10.0000,      1.4038,     42.6532,    249.4819,     62.7852,      3.4953,      0.0000,     -0.0322,      5.6978,      0.1530,      5.6029,     11.2058,      1.3524,     28.7920,     57.5841,      0.0193,      0.0045,      0.0156,      0.2048,   7812.7007,-428877.6562,  -1124.6741,    552.4880,  26043.4922,
       1,     169,      81,       2,       1,       3,       1,     10.0000,      1.4038,     42.6532,    249.4819,     62.7852,      3.4953,      0.0000,     -0.0321,      4.9905,      0.1501,      5.6029,     11.2058,      1.3268,     28.7920,     57.5841,      0.0193,      0.0039,      0.0156,      0.2048,   7813.0479,-426905.2188,  -1123.4198,    552.6243,  26043.4922,
       1,     169,      81,       3,       1,       3,       1,     10.0000,      1.4038,     42.6532,    249.4819,     62.7852,      3.4953,      0.0000,     -0.0319,      4.1164,      0.1461,      5.6029,     11.2058,      1.2911,     28.7920,     57.5841,      0.0193,      0.0032,      0.0156,      0.2048,   7813.0479,-425858.9688,  -1123.0048,    552.6965,  26043.4922,
       1,     169,      81,       4,       1,       3,       1,     10.0000,      1.4038,     42.6532,    249.4819,     62.7852,      3.4953,      0.0000,     -0.0318,      3.8363,      0.1426,      5.6029,     11.2058,      1.2602,     28.7920,     57.5841,      0.0193,      0.0030,      0.0156,      0.2048,   7813.0479,-424685.3438,  -1122.5530,    552.7776,  26043.4922,
       1,     169,      81,       5,       1,       3,       1,     10.0000,      1.4038,     42.6532,    249.4819,     62.7852,      3.4953,      0.0000,     -0.0317,      3.4223,      0.1406,      5.6029,     11.2058,      1.2425,     28.7920,     57.5841,      0.0193,      0.0027,      0.0156,      0.2048,   7813.0479,-424237.3125,  -1122.3617,    552.8087,  26043.4922,
       1,     169,      81,       6,       1,       3,       1,     10.0000,      1.4038,     42.6532,    249.4819,     62.7852,      3.4953,      0.0000,     -0.0318,      3.2738,      0.1430,      5.6029,     11.2058,      1.2640,     28.7920,     57.5841,      0.0193,      0.0026,      0.0156,      0.2048,   7813.0479,-423685.4688,  -1122.1376,    552.8468,  26043.4922,
       1,     169,      81,       7,       1,       3,       1,     10.0000,      1.4038,     42.6532,    249.4819,     62.7852,      3.4953,      0.0000,     -0.0318,      3.2507,      0.1422,      5.6029,     11.2058,      1.2564,     28.7920,     57.5841,      0.0193,      0.0025,      0.0156,      0.2048,   7813.0479,-423454.0625,  -1122.0286,    552.8628,  26043.4922,
       1,     169,      81,       8,       1,       3,       1,     10.0000,      1.4038,     42.6532,    249.4819,     62.7852,      3.4953,      0.0062,     -0.0255,      2.9068,      0.1395,      5.6029,     11.2058,      1.2325,     28.7920,     57.5841,      0.0193,      0.0023,      0.0156,      0.2048,   7813.0479,-423405.5312,  -1121.9846,    552.8661,  26043.4922,
       1,     169,      81,       9,       1,       3,       1,     10.0000,      1.4038,     42.6532,    249.4819,     62.7852,      3.4953,      0.1229,      0.0908,     28.4776,      0.1517,      5.6029,     11.2058,      1.3402,     28.7920,     57.5841,      0.0193,      0.0023,      0.1534,      0.2048,   7813.0479,-422975.0000,  -1121.8085,    552.8959,  26043.4922,
       1,     169,      81,      10,       1,       3,       1,     10.0000,      1.4038,     42.6532,    249.4819,     62.7852,      3.4953,      0.1746,      0.1416,     51.4658,      0.1761,      5.6029,     11.2058,      1.5558,     28.7920,     57.5841,      0.0193,      0.0028,      0.2254,      0.2048,   7813.0479,-454648.7812,  -1133.0332,    550.7068,  26043.4922,
       1,     169,      81,      11,       1,       3,       1,     10.0000,      1.4038,     42.6532,    249.4819,     62.7852,      3.4953,      0.1924,      0.1590,     63.5868,      0.1897,      5.6029,     11.2058,      1.6762,     28.7920,     57.5841,      0.0193,      0.0031,      0.2500,      0.2048,   7813.0479,-485895.6250,  -1144.1145,    548.5602,  26043.4922,
       1,     169,      81,      12,       1,       3,       1,     10.0000,      1.4038,     42.6532,    249.4819,     62.7852,      3.4953,      0.1918,      0.1584,     55.1703,      0.1903,      5.6029,     11.2058,      1.6812,     28.7920,     57.5841,      0.0193,      0.0027,      0.2500,      0.2047,   7813.0479,-503620.4375,  -1150.4414,    547.3490,  26043.4883,
       1,     169,      81,      13,       1,       3,       1,     10.0000,      1.4038,     42.6532,    249.4819,     62.7852,      3.4953,      0.1914,      0.1573,     52.0985,      0.2115,      5.6029,     11.2058,      1.8686,     28.7920,     57.5841,      0.0193,      0.0025,      0.2500,      0.2047,   7813.0469,-494683.6875,  -1147.3530,    547.9617,  26043.4883,
       1,     169,      81,      14,       1,       3,       1,     10.0000,      1.4038,     42.6532,    249.4819,     62.7852,      3.4953,      0.1925,      0.1584,     67.3717,      0.2159,      5.6029,     11.2058,      1.9076,     28.7920,     57.5841,      0.0193,      0.0033,      0.2500,      0.2047,   7813.0469,-490106.4062,  -1145.7666,    548.2756,  26043.4883,
       1,     169,      81,      15,       1,       3,       1,     10.0000,      1.4038,     42.6532,    249.4819,     62.7852,      3.4953,      0.1946,      0.1606,     93.6916,      0.2106,      5.6029,     11.2058,      1.8613,     28.7920,     57.5841,      0.0193,      0.0046,      0.2500,      0.2047,   7813.0469,-508674.9688,  -1152.3960,    547.0032,  26043.4883,
       1,     169,      81,      16,       1,       3,       1,     10.0000,      1.4038,     42.6532,    249.4819,     62.7852,      3.4953,      0.1949,      0.1608,    113.8670,      0.2140,      5.6029,     11.2058,      1.8908,     28.7920,     57.5841,      0.0193,      0.0056,      0.2481,      0.2047,   7813.0469,-542947.1250,  -1164.7229,    544.6613,  26043.4844,
       1,     169,      81,      17,       1,       3,       1,     10.0000,      1.4038,     42.6532,    249.4819,     62.7852,      3.4953,      0.1896,      0.1556,    111.9191,      0.2106,      5.6029,     11.2058,      1.8613,     28.7920,     57.5841,      0.0193,      0.0057,      0.2406,      0.2047,   7813.0454,-570953.6250,  -1174.9863,    542.7595,  26043.4844,
       1,     169,      81,      18,       1,       3,       1,     10.0000,      1.4038,     42.6532,    249.4819,     62.7852,      3.4953,      0.1722,      0.1386,    117.5658,      0.1999,      5.6029,     11.2058,      1.7665,     28.7920,     57.5841,      0.0193,      0.0067,      0.2146,      0.2046,   7813.0454,-570927.2500,  -1175.4144,    542.7645,  26043.4824,
       1,     169,      81,      19,       1,       3,       1,     10.0000,      1.4038,     42.6532,    249.4819,     62.7852,      3.4953,      0.1188,      0.0855,     78.1496,      0.1862,      5.6029,     11.2058,      1.6449,     28.7920,     57.5841,      0.0193,      0.0068,      0.1414,      0.2046,   7813.0449,-577940.0000,  -1178.3790,    542.2888,  26043.4863,
       1,     169,      81,      20,       1,       3,       1,     10.0000,      1.4038,     42.6532,    249.4819,     62.7852,      3.4953,      0.0168,     -0.0159,      1.4372,      0.1693,      5.6029,     11.2058,      1.4964,     28.7920,     57.5841,      0.0193,      0.0065,      0.0027,      0.2046,   7813.0464,-529538.5625,  -1161.5592,    545.5699,  26043.4824,
       1,     169,      81,      21,       1,       3,       1,     10.0000,      1.4038,     42.6532,    249.4819,     62.7852,      3.4953,      0.0000,     -0.0324,      9.3903,      0.1604,      5.6029,     11.2058,      1.4177,     28.7920,     57.5841,      0.0193,      0.0074,      0.0156,      0.2047,   7813.0449,-430154.8438,  -1126.2131,    552.3574,  26043.4805,
       1,     169,      81,      22,       1,       3,       1,     10.0000,      1.4038,     42.6532,    249.4819,     62.7852,      3.4953,      0.0000,     -0.0323,      8.7197,      0.1576,      5.6029,     11.2058,      1.3924,     28.7920,     57.5841,      0.0193,      0.0068,      0.0156,      0.2048,   7813.0444,-431648.0938,  -1126.6932,    552.2968,  26043.4805,
       1,     169,      81,      23,       1,       3,       1,     10.0000,      1.4038,     42.6532,    249.4819,     62.7852,      3.4953,      0.0000,     -0.0323,      7.9007,      0.1566,      5.6029,     11.2058,      1.3840,     28.7920,     57.5841,      0.0193,      0.0062,      0.0156,      0.2048,   7813.0444,-430891.6250,  -1126.3717,    552.3489,  26043.4805,
       1,     169,      81,      24,       1,       3,       1,     10.0000,      1.4038,     42.6532,    249.4819,     62.7852,      3.4953,      0.0000,     -0.0323,      6.7365,      0.1560,      5.6029,     11.2058,      1.3784,     28.7920,     57.5841,      0.0193,      0.0053,      0.0156,      0.2048,   7813.0444,-429811.1875,  -1125.9399,    552.4236,  26043.4805,
       1,     169,      82,       1,       1,       3,       1,     10.0000,      1.4038,     42.6536,    249.4878,     62.7866,      3.4953,      0.0000,     -0.0322,      5.4327,      0.1540,      5.6026,     11.2052,      1.3606,     28.8003,     57.6007,      0.0193,      0.0043,      0.0156,      0.2048,   7813.0444,-428428.7188,  -1125.9203,    552.5320,  26044.6445,
       1,     169,      82,       2,       1,       3,       1,     10.0000,      1.4038,     42.6536,    249.4878,     62.7866,      3.4953,      0.0000,     -0.0319,      4.5152,      0.1461,      5.6026,     11.2052,      1.2912,     28.8003,     57.6007,      0.0193,      0.0035,      0.0156,      0.2048,   7813.3936,-426541.3438,  -1124.7045,    552.6624,  26044.6426,
       1,     169,      82,       3,       1,       3,       1,     10.0000,      1.4038,     42.6536,    249.4878,     62.7866,      3.4953,      0.0000,     -0.0318,      4.0847,      0.1433,      5.6026,     11.2052,      1.2666,     28.8003,     57.6007,      0.0193,      0.0032,      0.0156,      0.2048,   7813.3931,-425241.9688,  -1124.2167,    552.7522,  26044.6426,
       1,     169,      82,       4,       1,       3,       1,     10.0000,      1.4038,     42.6536,    249.4878,     62.7866,      3.4953,      0.0000,     -0.0317,      4.0045,      0.1410,      5.6026,     11.2052,      1.2463,     28.8003,     57.6007,      0.0193,      0.0031,      0.0156,      0.2048,   7813.3931,-424596.9688,  -1123.9648,    552.7968,  26044.6426,
       1,     169,      82,       5,       1,       3,       1,     10.0000,      1.4038,     42.6536,    249.4878,     62.7866,      3.4953,      0.0000,     -0.0318,      4.0353,      0.1413,      5.6026,     11.2052,      1.2488,     28.8003,     57.6007,      0.0193,      0.0032,      0.0156,      0.2048,   7813.3931,-424442.0625,  -1123.8889,    552.8074,  26044.6426,
       1,     169,      82,       6,       1,       3,       1,     10.0000,      1.4038,     42.6536,    249.4878,     62.7866,      3.4953,      0.0000,     -0.0317,      3.8171,      0.1408,      5.6026,     11.2052,      1.2438,     28.8003,     57.6007,      0.0193,      0.0030,      0.0156,      0.2048,   7813.3931,-424467.0938,  -1123.8774,    552.8057,  26044.6426,
       1,     169,      82,       7,       1,       3,       1,     10.0000,      1.4038,     42.6536,    249.4878,     62.7866,      3.4953,      0.0000,     -0.0317,      3.4576,      0.1409,      5.6026,     11.2052,      1.2451,     28.8003,     57.6007,      0.0193,      0.0027,      0.0156,      0.2048,   7813.3931,-424198.7812,  -1123.7623,    552.8242,  26044.6426,
       1,     169,      82,       8,       1,       3,       1,     10.0000,      1.4038,     42.6536,    249.4878,     62.7866,      3.4953,      0.0076,     -0.0240,      2.9543,      0.1379,      5.6026,     11.2052,      1.2189,     28.8003,     57.6007,      0.0193,      0.0023,      0.0156,      0.2048,   7813.3931,-423729.9375,  -1123.5775,    552.8566,  26044.6426,
       1,     169,      82,       9,       1,       3,       1,     10.0000,      1.4038,     42.6536,    249.4878,     62.7866,      3.4953,      0.1153,      0.0834,     27.2167,      0.1476,      5.6026,     11.2052,      1.3043,     28.8003,     57.6007,      0.0193,      0.0023,      0.1426,      0.2048,   7813.3931,-423065.6875,  -1123.3250,    552.9026,  26044.6426,
       1,     169,      82,      10,       1,       3,       1,     10.0000,      1.4038,     42.6536,    249.4878,     62.7866,      3.4953,      0.1743,      0.1416,     44.3453,      0.1694,      5.6026,     11.2052,      1.4965,     28.8003,     57.6007,      0.0193,      0.0024,      0.2258,      0.2048,   7813.3931,-453093.3125,  -1134.0757,    550.8273,  26044.6426,
       1,     169,      82,      11,       1,       3,       1,     10.0000,      1.4038,     42.6536,    249.4878,     62.7866,      3.4953,      0.1917,      0.1584,     53.5471,      0.1849,      5.6026,     11.2052,      1.6336,     28.8003,     57.6007,      0.0193,      0.0026,      0.2500,      0.2048,   7813.3931,-476924.7812,  -1142.6191,    549.1902,  26044.6426,
       1,     169,      82,      12,       1,       3,       1,     10.0000,      1.4038,     42.6536,    249.4878,     62.7866,      3.4953,      0.1914,      0.1576,     51.6769,      0.2041,      5.6026,     11.2052,      1.8036,     28.8003,     57.6007,      0.0193,      0.0025,      0.2500,      0.2048,   7813.3931,-490384.4688,  -1147.4791,    548.2687,  26044.6406,
       1,     169,      82,      13,       1,       3,       1,     10.0000,      1.4038,     42.6536,    249.4878,     62.7866,      3.4953,      0.1917,      0.1579,     55.8395,      0.2031,      5.6026,     11.2052,      1.7947,     28.8003,     57.6007,      0.0193,      0.0027,      0.2500,      0.2048,   7813.3926,-489212.6562,  -1147.1143,    548.3498,  26044.6387,
       1,     169,      82,      14,       1,       3,       1,     10.0000,      1.4038,     42.6536,    249.4878,     62.7866,      3.4953,      0.1928,      0.1588,     69.6198,      0.2092,      5.6026,     11.2052,      1.8486,     28.8003,     57.6007,      0.0193,      0.0034,      0.2500,      0.2048,   7813.3921,-494278.5938,  -1148.9926,    548.0026,  26044.6387,
       1,     169,      82,      15,       1,       3,       1,     10.0000,      1.4038,     42.6536,    249.4878,     62.7866,      3.4953,      0.1949,      0.1606,     98.6150,      0.2228,      5.6026,     11.2052,      1.9686,     28.8003,     57.6007,      0.0193,      0.0048,      0.2500,      0.2048,   7813.3921,-511816.8438,  -1155.3693,    546.8014,  26044.6387,
       1,     169,      82,      16,       1,       3,       1,     10.0000,      1.4038,     42.6536,    249.4878,     62.7866,      3.4953,      0.1960,      0.1617,    119.1250,      0.2202,      5.6026,     11.2052,      1.9455,     28.8003,     57.6007,      0.0193,      0.0058,      0.2493,      0.2047,   7813.3921,-549319.8750,  -1168.9922,    544.2393,  26044.6367,
       1,     169,      82,      17,       1,       3,       1,     10.0000,      1.4038,     42.6536,    249.4878,     62.7866,      3.4953,      0.1667,      0.1327,    122.8389,      0.2115,      5.6026,     11.2052,      1.8687,     28.8003,     57.6007,      0.0193,      0.0073,      0.2060,      0.2047,   7813.3911,-578020.2500,  -1179.6497,    542.2927,  26044.6367,
       1,     169,      82,      18,       1,       3,       1,     10.0000,      1.4038,     42.6536,    249.4878,     62.7866,      3.4953,      0.1610,      0.1272,    111.7132,      0.2017,      5.6026,     11.2052,      1.7823,     28.8003,     57.6007,      0.0193,      0.0069,      0.1988,      0.2046,   7813.3911,-585090.2500,  -1182.7054,    541.8171,  26044.6348,
       1,     169,      82,      19,       1,       3,       1,     10.0000,      1.4038,     42.6536,    249.4878,     62.7866,      3.4953,      0.1370,      0.1036,     96.5540,      0.1895,      5.6026,     11.2052,      1.6746,     28.8003,     57.6007,      0.0193,      0.0071,      0.1657,      0.2046,   7813.3906,-571859.0625,  -1178.4993,    542.7134,  26044.6328,
       1,     169,      82,      20,       1,       3,       1,     10.0000,      1.4038,     42.6536,    249.4878,     62.7866,      3.4953,      0.0160,     -0.0168,      0.9553,      0.1714,      5.6026,     11.2052,      1.5145,     28.8003,     57.6007,      0.0193,      0.0077,      0.0015,      0.2047,   7813.3901,-551891.3750,  -1171.7902,    544.0687,  26044.6348,
       1,     169,      82,      21,       1,       3,       1,     10.0000,      1.4038,     42.6536,    249.4878,     62.7866,      3.4953,      0.0000,     -0.0325,      9.5789,      0.1619,      5.6026,     11.2052,      1.4306,     28.8003,     57.6007,      0.0193,      0.0075,      0.0156,      0.2047,   7813.3906,-431415.8125,  -1128.6290,    552.2637,  26044.6309,
       1,     169,      82,      22,       1,       3,       1,     10.0000,      1.4038,     42.6536,    249.4878,     62.7866,      3.4953,      0.0000,     -0.0323,      9.2948,      0.1569,      5.6026,     11.2052,      1.3868,     28.8003,     57.6007,      0.0193,      0.0073,      0.0156,      0.2048,   7813.3896,-432017.5312,  -1128.8163,    552.2842,  26044.6309,
       1,     169,      82,      23,       1,       3,       1,     10.0000,      1.4038,     42.6536,    249.4878,     62.7866,      3.4953,      0.0000,     -0.0322,      8.0360,      0.1526,      5.6026,     11.2052,      1.3483,     28.8003,     57.6007,      0.0193,      0.0063,      0.0156,      0.2048,   7813.3896,-431639.7500,  -1128.6470,    552.3103,  26044.6309,
       1,     169,      82,      24,       1,       3,       1,     10.0000,      1.4038,     42.6536,    249.4878,     62.7866,      3.4953,      0.0000,     -0.0320,      6.9997,      0.1494,      5.6026,     11.2052,      1.3201,     28.8003,     57.6007,      0.0193,      0.0055,      0.0156,      0.2048,   7813.3896,-430046.2812,  -1128.0449,    552.4203,  26044.6309,
       1,     169,      83,       1,       1,       3,       1,     10.0000,      1.4038,     42.6539,    249.4937,     62.7882,      3.4953,      0.0000,     -0.0322,      5.7707,      0.1526,      5.6034,     11.2068,      1.3484,     28.8084,     57.6168,      0.0193,      0.0045,      0.0156,      0.2048,   7813.3896,-428778.8750,  -1128.0812,    552.5208,  26045.7969,
       1,     169,      83,       2,       1,       3,       1,     10.0000,      1.4038,     42.6539,    249.4937,     62.7882,      3.4953,      0.0000,     -0.0322,      4.7291,      0.1524,      5.6034,     11.2068,      1.3470,     28.8084,     57.6168,      0.0193,      0.0037,      0.0156,      0.2048,   7813.7393,-426994.0312,  -1126.9020,    552.6441,  26045.7969,
       1,     169,      83,       3,       1,       3,       1,     10.0000,      1.4038,     42.6539,    249.4937,     62.7882,      3.4953,      0.0000,     -0.0321,      4.8708,      0.1502,      5.6034,     11.2068,      1.3268,     28.8084,     57.6168,      0.0193,      0.0038,      0.0156,      0.2048,   7813.7393,-425549.5000,  -1126.3660,    552.7438,  26045.7949,
       1,     169,      83,       4,       1,       3,       1,     10.0000,      1.4038,     42.6539,    249.4937,     62.7882,      3.4953,      0.0000,     -0.0319,      4.1502,      0.1447,      5.6034,     11.2068,      1.2782,     28.8084,     57.6168,      0.0193,      0.0033,      0.0156,      0.2048,   7813.7388,-425601.8750,  -1126.3715,    552.7402,  26045.7949,
       1,     169,      83,       5,       1,       3,       1,     10.0000,      1.4038,     42.6539,    249.4937,     62.7882,      3.4953,      0.0000,     -0.0319,      3.8970,      0.1451,      5.6034,     11.2068,      1.2821,     28.8084,     57.6168,      0.0193,      0.0031,      0.0156,      0.2048,   7813.7388,-424712.9688,  -1126.0385,    552.8017,  26045.7949,
       1,     169,      83,       6,       1,       3,       1,     10.0000,      1.4038,     42.6539,    249.4937,     62.7882,      3.4953,      0.0000,     -0.0319,      3.9493,      0.1451,      5.6034,     11.2068,      1.2821,     28.8084,     57.6168,      0.0193,      0.0031,      0.0156,      0.2048,   7813.7388,-424322.7188,  -1125.8864,    552.8286,  26045.7949,
       1,     169,      83,       7,       1,       3,       1,     10.0000,      1.4038,     42.6539,    249.4937,     62.7882,      3.4953,      0.0000,     -0.0317,      3.6150,      0.1388,      5.6034,     11.2068,      1.2263,     28.8084,     57.6168,      0.0193,      0.0028,      0.0156,      0.2048,   7813.7388,-424354.1875,  -1125.8865,    552.8264,  26045.7949,
       1,     169,      83,       8,       1,       3,       1,     10.0000,      1.4038,     42.6539,    249.4937,     62.7882,      3.4953,      0.0028,     -0.0288,      3.8650,      0.1364,      5.6034,     11.2068,      1.2054,     28.8084,     57.6168,      0.0193,      0.0030,      0.0156,      0.2048,   7813.7388,-423942.3750,  -1125.7283,    552.8549,  26045.7949,
       1,     169,      83,       9,       1,       3,       1,     10.0000,      1.4038,     42.6539,    249.4937,     62.7882,      3.4953,      0.0384,      0.0064,      8.9628,      0.1497,      5.6034,     11.2068,      1.3228,     28.8084,     57.6168,      0.0193,      0.0032,      0.0338,      0.2048,   7813.7388,-424217.0938,  -1125.8163,    552.8359,  26045.7949,
       1,     169,      83,      10,       1,       3,       1,     10.0000,      1.4038,     42.6539,    249.4937,     62.7882,      3.4953,      0.1298,      0.0968,     39.8276,      0.1777,      5.6034,     11.2068,      1.5699,     28.8084,     57.6168,      0.0193,      0.0030,      0.1618,      0.2048,   7813.7388,-430561.1875,  -1128.0984,    552.3975,  26045.7949,
       1,     169,      83,      11,       1,       3,       1,     10.0000,      1.4038,     42.6539,    249.4937,     62.7882,      3.4953,      0.1564,      0.1227,     47.9041,      0.1993,      5.6034,     11.2068,      1.7614,     28.8084,     57.6168,      0.0193,      0.0029,      0.1995,      0.2048,   7813.7388,-469376.0312,  -1142.1343,    549.7175,  26045.7930,
       1,     169,      83,      12,       1,       3,       1,     10.0000,      1.4038,     42.6539,    249.4937,     62.7882,      3.4953,      0.1912,      0.1571,     50.3465,      0.2142,      5.6034,     11.2068,      1.8928,     28.8084,     57.6168,      0.0193,      0.0025,      0.2500,      0.2048,   7813.7383,-482737.7500,  -1147.0084,    548.8059,  26045.7930,
       1,     169,      83,      13,       1,       3,       1,     10.0000,      1.4038,     42.6539,    249.4937,     62.7882,      3.4953,      0.1860,      0.1515,     52.9638,      0.2292,      5.6034,     11.2068,      2.0254,     28.8084,     57.6168,      0.0193,      0.0027,      0.2423,      0.2048,   7813.7383,-486904.5938,  -1148.5719,    548.5208,  26045.7930,
       1,     169,      83,      14,       1,       3,       1,     10.0000,      1.4038,     42.6539,    249.4937,     62.7882,      3.4953,      0.1927,      0.1582,     70.3782,      0.2276,      5.6034,     11.2068,      2.0115,     28.8084,     57.6168,      0.0193,      0.0034,      0.2500,      0.2048,   7813.7383,-490508.0000,  -1149.9529,    548.2737,  26045.7891,
       1,     169,      83,      15,       1,       3,       1,     10.0000,      1.4038,     42.6539,    249.4937,     62.7882,      3.4953,      0.1956,      0.1613,    107.9981,      0.2239,      5.6034,     11.2068,      1.9783,     28.8084,     57.6168,      0.0193,      0.0053,      0.2500,      0.2048,   7813.7368,-512428.6875,  -1157.9640,    546.7715,  26045.7910,
       1,     169,      83,      16,       1,       3,       1,     10.0000,      1.4038,     42.6539,    249.4937,     62.7882,      3.4953,      0.1984,      0.1644,    142.0126,      0.2098,      5.6034,     11.2068,      1.8541,     28.8084,     57.6168,      0.0193,      0.0069,      0.2500,      0.2048,   7813.7378,-561011.6875,  -1175.7393,    543.4531,  26045.7891,
       1,     169,      83,      17,       1,       3,       1,     10.0000,      1.4038,     42.6539,    249.4937,     62.7882,      3.4953,      0.1955,      0.1617,    160.6750,      0.2031,      5.6034,     11.2068,      1.7947,     28.8084,     57.6168,      0.0193,      0.0081,      0.2436,      0.2047,   7813.7368,-607450.9375,  -1192.9956,    540.3085,  26045.7910,
       1,     169,      83,      18,       1,       3,       1,     10.0000,      1.4038,     42.6539,    249.4937,     62.7882,      3.4953,      0.1803,      0.1468,    155.2383,      0.1935,      5.6034,     11.2068,      1.7099,     28.8084,     57.6168,      0.0193,      0.0085,      0.2220,      0.2046,   7813.7378,-634640.1875,  -1203.5439,    538.4812,  26045.7871,
       1,     169,      83,      19,       1,       3,       1,     10.0000,      1.4038,     42.6539,    249.4937,     62.7882,      3.4953,      0.1400,      0.1069,    110.7828,      0.1816,      5.6034,     11.2068,      1.6047,     28.8084,     57.6168,      0.0193,      0.0080,      0.1685,      0.2046,   7813.7363,-630199.9375,  -1202.7849,    538.7831,  26045.7832,
       1,     169,      83,      20,       1,       3,       1,     10.0000,      1.4038,     42.6539,    249.4937,     62.7882,      3.4953,      0.0146,     -0.0182,      9.2083,      0.1697,      5.6034,     11.2068,      1.4995,     28.8084,     57.6168,      0.0193,      0.0072,      0.0156,      0.2046,   7813.7354,-574513.6875,  -1183.3411,    542.5336,  26045.7832,
       1,     169,      83,      21,       1,       3,       1,     10.0000,      1.4038,     42.6539,    249.4937,     62.7882,      3.4953,      0.0000,     -0.0324,      8.1969,      0.1603,      5.6034,     11.2068,      1.4164,     28.8084,     57.6168,      0.0193,      0.0064,      0.0156,      0.2047,   7813.7354,-443570.0312,  -1136.0718,    551.4269,  26045.7812,
       1,     169,      83,      22,       1,       3,       1,     10.0000,      1.4038,     42.6539,    249.4937,     62.7882,      3.4953,      0.0000,     -0.0323,      7.9606,      0.1576,      5.6034,     11.2068,      1.3924,     28.8084,     57.6168,      0.0193,      0.0062,      0.0156,      0.2048,   7813.7349,-431360.1562,  -1131.6157,    552.3417,  26045.7812,
       1,     169,      83,      23,       1,       3,       1,     10.0000,      1.4038,     42.6539,    249.4937,     62.7882,      3.4953,      0.0000,     -0.0323,      6.9127,      0.1551,      5.6034,     11.2068,      1.3702,     28.8084,     57.6168,      0.0193,      0.0054,      0.0156,      0.2048,   7813.7349,-429933.0938,  -1131.0813,    552.4410,  26045.7812,
       1,     169,      83,      24,       1,       3,       1,     10.0000,      1.4038,     42.6539,    249.4937,     62.7882,      3.4953,      0.0000,     -0.0321,      6.3633,      0.1505,      5.6034,     11.2068,      1.3295,     28.8084,     57.6168,      0.0193,      0.0050,      0.0156,      0.2048,   7813.7349,-428510.5938,  -1130.5508,    552.5393,  26045.7812,
       1,     169,      84,       1,       1,       3,       1,     10.0000,      1.4038,     42.6542,    249.4995,     62.7895,      3.4953,      0.0000,     -0.0318,      5.2370,      0.1419,      5.6031,     11.2063,      1.2540,     28.8133,     57.6266,      0.0193,      0.0041,      0.0156,      0.2049,   7813.7349,-427861.9375,  -1130.8273,    552.5971,  26046.9453,
       1,     169,      84,       2,       1,       3,       1,     10.0000,      1.4038,     42.6542,    249.4995,     62.7895,      3.4953,      0.0000,     -0.0321,      4.6292,      0.1506,      5.6031,     11.2063,      1.3309,     28.8133,     57.6266,      0.0193,      0.0036,      0.0156,      0.2049,   7814.0840,-426257.6875,  -1129.7141,    552.7079,  26046.9434,
       1,     169,      84,       3,       1,       3,       1,     10.0000,      1.4038,     42.6542,    249.4995,     62.7895,      3.4953,      0.0000,     -0.0317,      4.0457,      0.1408,      5.6031,     11.2063,      1.2439,     28.8133,     57.6266,      0.0193,      0.0032,      0.0156,      0.2049,   7814.0835,-425367.1250,  -1129.3837,    552.7695,  26046.9434,
       1,     169,      84,       4,       1,       3,       1,     10.0000,      1.4038,     42.6542,    249.4995,     62.7895,      3.4953,      0.0000,     -0.0316,      3.7870,      0.1366,      5.6031,     11.2063,      1.2066,     28.8133,     57.6266,      0.0193,      0.0030,      0.0156,      0.2049,   7814.0835,-424567.4062,  -1129.0861,    552.8248,  26046.9434,
       1,     169,      84,       5,       1,       3,       1,     10.0000,      1.4038,     42.6542,    249.4995,     62.7895,      3.4953,      0.0000,     -0.0313,      2.8231,      0.1291,      5.6031,     11.2063,      1.1411,     28.8133,     57.6266,      0.0193,      0.0022,      0.0156,      0.2049,   7814.0835,-424178.1250,  -1128.9392,    552.8517,  26046.9434,
       1,     169,      84,       6,       1,       3,       1,     10.0000,      1.4038,     42.6542,    249.4995,     62.7895,      3.4953,      0.0000,     -0.0313,      1.8418,      0.1301,      5.6031,     11.2063,      1.1493,     28.8133,     57.6266,      0.0193,      0.0014,      0.0156,      0.2049,   7814.0835,-422949.8125,  -1128.4875,    552.9365,  26046.9434,
       1,     169,      84,       7,       1,       3,       1,     10.0000,      1.4038,     42.6542,    249.4995,     62.7895,      3.4953,      0.0000,     -0.0314,      2.5443,      0.1310,      5.6031,     11.2063,      1.1575,     28.8133,     57.6266,      0.0193,      0.0020,      0.0156,      0.2049,   7814.0835,-421628.2500,  -1128.0035,    553.0279,  26046.9434,
       1,     169,      84,       8,       1,       3,       1,     10.0000,      1.4038,     42.6542,    249.4995,     62.7895,      3.4953,      0.0070,     -0.0244,      2.1611,      0.1319,      5.6031,     11.2063,      1.1657,     28.8133,     57.6266,      0.0193,      0.0017,      0.0156,      0.2049,   7814.0835,-422385.8125,  -1128.2765,    552.9755,  26046.9434,
       1,     169,      84,       9,       1,       3,       1,     10.0000,      1.4038,     42.6542,    249.4995,     62.7895,      3.4953,      0.1255,      0.0939,     13.6670,      0.1368,      5.6031,     11.2063,      1.2091,     28.8133,     57.6266,      0.0193,      0.0011,      0.1589,      0.2049,   7814.0835,-421975.6250,  -1128.1238,    553.0038,  26046.9434,
       1,     169,      84,      10,       1,       3,       1,     10.0000,      1.4038,     42.6542,    249.4995,     62.7895,      3.4953,      0.1622,      0.1301,     16.0259,      0.1511,      5.6031,     11.2063,      1.3349,     28.8133,     57.6266,      0.0193,      0.0009,      0.2115,      0.2049,   7814.0835,-436203.8438,  -1133.3179,    552.0203,  26046.9434,
       1,     169,      84,      11,       1,       3,       1,     10.0000,      1.4038,     42.6542,    249.4995,     62.7895,      3.4953,      0.1889,      0.1565,     15.0849,      0.1576,      5.6031,     11.2063,      1.3924,     28.8133,     57.6266,      0.0193,      0.0007,      0.2500,      0.2049,   7814.0835,-440350.1250,  -1134.8329,    551.7351,  26046.9434,
       1,     169,      84,      12,       1,       3,       1,     10.0000,      1.4038,     42.6542,    249.4995,     62.7895,      3.4953,      0.1887,      0.1555,     15.0889,      0.1836,      5.6031,     11.2063,      1.6223,     28.8133,     57.6266,      0.0193,      0.0007,      0.2500,      0.2049,   7814.0835,-439537.4688,  -1134.5359,    551.7913,  26046.9434,
       1,     169,      84,      13,       1,       3,       1,     10.0000,      1.4038,     42.6542,    249.4995,     62.7895,      3.4953,      0.1886,      0.1553,     14.8534,      0.1878,      5.6031,     11.2063,      1.6598,     28.8133,     57.6266,      0.0193,      0.0007,      0.2500,      0.2049,   7814.0835,-439472.7188,  -1134.5085,    551.7957,  26046.9434,
       1,     169,      84,      14,       1,       3,       1,     10.0000,      1.4038,     42.6542,    249.4995,     62.7895,      3.4953,      0.1888,      0.1563,     15.3910,      0.1621,      5.6031,     11.2063,      1.4321,     28.8133,     57.6266,      0.0193,      0.0008,      0.2500,      0.2049,   7814.0835,-439175.1562,  -1134.3904,    551.8162,  26046.9434,
       1,     169,      84,      15,       1,       3,       1,     10.0000,      1.4038,     42.6542,    249.4995,     62.7895,      3.4953,      0.1899,      0.1580,     26.7006,      0.1454,      5.6031,     11.2063,      1.2847,     28.8133,     57.6266,      0.0193,      0.0013,      0.2500,      0.2049,   7814.0835,-439816.2812,  -1135.2673,    551.7720,  26046.9434,
       1,     169,      84,      16,       1,       3,       1,     10.0000,      1.4038,     42.6542,    249.4995,     62.7895,      3.4953,      0.1911,      0.1592,     41.5509,      0.1435,      5.6031,     11.2063,      1.2680,     28.8133,     57.6266,      0.0193,      0.0020,      0.2500,      0.2049,   7814.0835,-453894.8438,  -1140.3960,    550.8010,  26046.9414,
       1,     169,      84,      17,       1,       3,       1,     10.0000,      1.4038,     42.6542,    249.4995,     62.7895,      3.4953,      0.1941,      0.1626,     78.8689,      0.1349,      5.6031,     11.2063,      1.1921,     28.8133,     57.6266,      0.0193,      0.0039,      0.2500,      0.2048,   7814.0825,-473520.0625,  -1147.5645,    549.4506,  26046.9434,
       1,     169,      84,      18,       1,       3,       1,     10.0000,      1.4038,     42.6542,    249.4995,     62.7895,      3.4953,      0.1820,      0.1508,     76.8653,      0.1265,      5.6031,     11.2063,      1.1181,     28.8133,     57.6266,      0.0193,      0.0040,      0.2327,      0.2048,   7814.0835,-521498.5625,  -1170.4374,    546.1570,  26046.9375,
       1,     169,      84,      19,       1,       3,       1,     10.0000,      1.4038,     42.6542,    249.4995,     62.7895,      3.4953,      0.1456,      0.1144,     38.1762,      0.1272,      5.6031,     11.2063,      1.1238,     28.8133,     57.6266,      0.0193,      0.0025,      0.1851,      0.2048,   7814.0815,-523137.8750,  -1177.2213,    546.0550,  26046.9414,
       1,     169,      84,      20,       1,       3,       1,     10.0000,      1.4038,     42.6542,    249.4995,     62.7895,      3.4953,      0.0168,     -0.0143,      0.6955,      0.1242,      5.6031,     11.2063,      1.0978,     28.8133,     57.6266,      0.0193,      0.0018,      0.0048,      0.2048,   7814.0825,-475230.0625,  -1005.3278,    549.3251,  26047.6113,
       1,     169,      84,      21,       1,       3,       1,     10.0000,      1.4038,     42.6542,    249.4995,     62.7895,      3.4953,      0.0000,     -0.0315,      1.7223,      0.1334,      5.6031,     11.2063,      1.1788,     28.8133,     57.6266,      0.0193,      0.0013,      0.0156,      0.2048,   7814.2837,-424593.2500,   -986.5620,    552.8118,  26047.6113,
       1,     169,      84,      22,       1,       3,       1,     10.0000,      1.4038,     42.6542,    249.4995,     62.7895,      3.4953,      0.0000,     -0.0317,      1.2975,      0.1385,      5.6031,     11.2063,      1.2239,     28.8133,     57.6266,      0.0193,      0.0010,      0.0156,      0.2049,   7814.2837,-421556.4062,   -986.2444,    553.0328,  26047.6113,
       1,     169,      84,      23,       1,       3,       1,     10.0000,      1.4038,     42.6542,    249.4995,     62.7895,      3.4953,      0.0000,     -0.0318,      0.8357,      0.1429,      5.6031,     11.2063,      1.2629,     28.8133,     57.6266,      0.0193,      0.0007,      0.0156,      0.2049,   7814.2837,-420755.7188,   -986.3193,    553.0881,  26047.6113,
       1,     169,      84,      24,       1,       3,       1,     10.0000,      1.4038,     42.6542,    249.4995,     62.7895,      3.4953,      0.0000,     -0.0318,      0.6326,      0.1426,      5.6031,     11.2063,      1.2603,     28.8133,     57.6266,      0.0193,      0.0005,      0.0156,      0.2049,   7814.2837,-420114.6875,   -986.3040,    553.1325,  26047.6113,
       1,     169,      85,       1,       1,       3,       1,     10.0000,      1.4039,     42.6546,    249.5054,     62.7911,      3.4953,      0.0000,     -0.0318,      0.5751,      0.1418,      5.6029,     11.2059,      1.2527,     28.8227,     57.6453,      0.0193,      0.0005,      0.0156,      0.2049,   7814.2837,-419962.6250,   -986.6786,    553.1558,  26048.7734,
       1,     169,      85,       2,       1,       3,       1,     10.0000,      1.4039,     42.6546,    249.5054,     62.7911,      3.4953,      0.0000,     -0.0318,      0.7536,      0.1413,      5.6029,     11.2059,      1.2489,     28.8227,     57.6453,      0.0193,      0.0006,      0.0156,      0.2049,   7814.6323,-419726.5000,   -986.3707,    553.1721,  26048.7715,
       1,     169,      85,       3,       1,       3,       1,     10.0000,      1.4039,     42.6546,    249.5054,     62.7911,      3.4953,      0.0000,     -0.0317,      1.1756,      0.1389,      5.6029,     11.2059,      1.2276,     28.8227,     57.6453,      0.0193,      0.0009,      0.0156,      0.2049,   7814.6318,-419927.7188,   -986.5196,    553.1582,  26048.7715,
       1,     169,      85,       4,       1,       3,       1,     10.0000,      1.4039,     42.6546,    249.5054,     62.7911,      3.4953,      0.0000,     -0.0316,      1.4174,      0.1375,      5.6029,     11.2059,      1.2153,     28.8227,     57.6453,      0.0193,      0.0011,      0.0156,      0.2049,   7814.6318,-420468.0312,   -986.8331,    553.1208,  26048.7715,
       1,     169,      85,       5,       1,       3,       1,     10.0000,      1.4039,     42.6546,    249.5054,     62.7911,      3.4953,      0.0000,     -0.0316,      1.5124,      0.1364,      5.6029,     11.2059,      1.2055,     28.8227,     57.6453,      0.0193,      0.0012,      0.0156,      0.2049,   7814.6318,-420813.9688,   -987.1664,    553.0969,  26048.7715,
       1,     169,      85,       6,       1,       3,       1,     10.0000,      1.4039,     42.6546,    249.5054,     62.7911,      3.4953,      0.0000,     -0.0316,      1.6273,      0.1360,      5.6029,     11.2059,      1.2018,     28.8227,     57.6453,      0.0193,      0.0013,      0.0156,      0.2049,   7814.6318,-420961.4375,   -984.8392,    553.0868,  26048.7734,
       1,     169,      85,       7,       1,       3,       1,     10.0000,      1.4039,     42.6546,    249.5054,     62.7911,      3.4953,      0.0000,     -0.0316,      1.3603,      0.1363,      5.6029,     11.2059,      1.2042,     28.8227,     57.6453,      0.0193,      0.0011,      0.0156,      0.2049,   7814.6323,-421116.2812,   -985.2100,    553.0760,  26048.7734,
       1,     169,      85,       8,       1,       3,       1,     10.0000,      1.4039,     42.6546,    249.5054,     62.7911,      3.4953,      0.0069,     -0.0248,      1.2441,      0.1370,      5.6029,     11.2059,      1.2103,     28.8227,     57.6453,      0.0193,      0.0010,      0.0156,      0.2049,   7814.6323,-420798.5312,   -985.3777,    553.0980,  26048.7734,
       1,     169,      85,       9,       1,       3,       1,     10.0000,      1.4039,     42.6546,    249.5054,     62.7911,      3.4953,      0.1192,      0.0875,     10.5384,      0.1382,      5.6029,     11.2059,      1.2214,     28.8227,     57.6453,      0.0193,      0.0009,      0.1501,      0.2049,   7814.6323,-420627.3750,   -985.5695,    553.1098,  26048.7734,
       1,     169,      85,      10,       1,       3,       1,     10.0000,      1.4039,     42.6546,    249.5054,     62.7911,      3.4953,      0.1776,      0.1453,     17.5884,      0.1554,      5.6029,     11.2059,      1.3730,     28.8227,     57.6453,      0.0193,      0.0009,      0.2334,      0.2049,   7814.6323,-432132.8125,   -980.8887,    552.3143,  26048.7734,
       1,     169,      85,      11,       1,       3,       1,     10.0000,      1.4039,     42.6546,    249.5054,     62.7911,      3.4953,      0.1892,      0.1565,     19.8071,      0.1668,      5.6029,     11.2059,      1.4743,     28.8227,     57.6453,      0.0193,      0.0010,      0.2500,      0.2049,   7814.6323,-441860.1250,   -984.6332,    551.6434,  26048.7715,
       1,     169,      85,      12,       1,       3,       1,     10.0000,      1.4039,     42.6546,    249.5054,     62.7911,      3.4953,      0.1891,      0.1558,     20.3599,      0.1862,      5.6029,     11.2059,      1.6451,     28.8227,     57.6453,      0.0193,      0.0010,      0.2500,      0.2049,   7814.6318,-445444.4375,   -987.1901,    551.3966,  26048.7695,
       1,     169,      85,      13,       1,       3,       1,     10.0000,      1.4039,     42.6546,    249.5054,     62.7911,      3.4953,      0.1889,      0.1552,     19.5347,      0.1987,      5.6029,     11.2059,      1.7562,     28.8227,     57.6453,      0.0193,      0.0010,      0.2500,      0.2049,   7814.6313,-446436.6250,   -989.5973,    551.3282,  26048.7656,
       1,     169,      85,      14,       1,       3,       1,     10.0000,      1.4039,     42.6546,    249.5054,     62.7911,      3.4953,      0.1888,      0.1548,     18.8928,      0.2109,      5.6029,     11.2059,      1.8633,     28.8227,     57.6453,      0.0193,      0.0009,      0.2500,      0.2049,   7814.6299,-445498.6875,   -991.7701,    551.3929,  26048.7637,
       1,     169,      85,      15,       1,       3,       1,     10.0000,      1.4039,     42.6546,    249.5054,     62.7911,      3.4953,      0.1904,      0.1564,     39.9103,      0.2117,      5.6029,     11.2059,      1.8707,     28.8227,     57.6453,      0.0193,      0.0020,      0.2500,      0.2049,   7814.6294,-444622.5312,   -993.8690,    551.4533,  26048.7578,
       1,     169,      85,      16,       1,       3,       1,     10.0000,      1.4039,     42.6546,    249.5054,     62.7911,      3.4953,      0.1927,      0.1588,     68.8598,      0.2074,      5.6029,     11.2059,      1.8324,     28.8227,     57.6453,      0.0193,      0.0034,      0.2500,      0.2049,   7814.6274,-470608.2812,  -1002.0516,    549.6621,  26048.7539,
       1,     169,      85,      17,       1,       3,       1,     10.0000,      1.4039,     42.6546,    249.5054,     62.7911,      3.4953,      0.1927,      0.1587,     94.2892,      0.2090,      5.6029,     11.2059,      1.8469,     28.8227,     57.6453,      0.0193,      0.0047,      0.2471,      0.2049,   7814.6265,-508748.7812,  -1013.2881,    547.0445,  26048.7461,
       1,     169,      85,      18,       1,       3,       1,     10.0000,      1.4039,     42.6546,    249.5054,     62.7911,      3.4953,      0.1772,      0.1435,     97.2955,      0.2005,      5.6029,     11.2059,      1.7719,     28.8227,     57.6453,      0.0193,      0.0053,      0.2241,      0.2048,   7814.6240,-543584.2500,  -1024.0315,    544.6686,  26048.7324,
       1,     169,      85,      19,       1,       3,       1,     10.0000,      1.4039,     42.6546,    249.5054,     62.7911,      3.4953,      0.1234,      0.0905,     66.0831,      0.1735,      5.6029,     11.2059,      1.5329,     28.8227,     57.6453,      0.0193,      0.0054,      0.1495,      0.2048,   7814.6201,-550300.6875,  -1028.1400,    544.2164,  26048.7148,
       1,     169,      85,      20,       1,       3,       1,     10.0000,      1.4039,     42.6546,    249.5054,     62.7911,      3.4953,      0.0207,     -0.0115,      3.5519,      0.1523,      5.6029,     11.2059,      1.3457,     28.8227,     57.6453,      0.0193,      0.0050,      0.0087,      0.2048,   7814.6147,-512104.9375,  -1008.8236,    546.8151,  26048.6953,
       1,     169,      85,      21,       1,       3,       1,     10.0000,      1.4039,     42.6546,    249.5054,     62.7911,      3.4953,      0.0000,     -0.0321,      6.3688,      0.1511,      5.6029,     11.2059,      1.3349,     28.8227,     57.6453,      0.0193,      0.0050,      0.0156,      0.2048,   7814.6089,-431255.2812,   -987.9151,    552.3474,  26048.6816,
       1,     169,      85,      22,       1,       3,       1,     10.0000,      1.4039,     42.6546,    249.5054,     62.7911,      3.4953,      0.0000,     -0.0321,      6.4516,      0.1502,      5.6029,     11.2059,      1.3269,     28.8227,     57.6453,      0.0193,      0.0051,      0.0156,      0.2049,   7814.6050,-427921.0000,   -988.5273,    552.6058,  26048.6797,
       1,     169,      85,      23,       1,       3,       1,     10.0000,      1.4039,     42.6546,    249.5054,     62.7911,      3.4953,      0.0000,     -0.0321,      6.4129,      0.1518,      5.6029,     11.2059,      1.3417,     28.8227,     57.6453,      0.0193,      0.0050,      0.0156,      0.2049,   7814.6040,-427703.6562,   -989.7388,    552.6208,  26048.6797,
       1,     169,      85,      24,       1,       3,       1,     10.0000,      1.4039,     42.6546,    249.5054,     62.7911,      3.4953,      0.0000,     -0.0322,      4.3959,      0.1524,      5.6029,     11.2059,      1.3471,     28.8227,     57.6453,      0.0193,      0.0034,      0.0156,      0.2049,   7814.6040,-427637.0000,   -990.9484,    552.6254,  26048.6797,
       1,     169,      86,       1,       1,       3,       1,     10.0000,      1.4039,     42.6549,    249.5113,     62.7925,      3.4953,      0.0000,     -0.0322,      2.8505,      0.1523,      5.6034,     11.2069,      1.3457,     28.8312,     57.6623,      0.0193,      0.0022,      0.0156,      0.2049,   7814.6040,-425285.8125,   -991.5256,    552.8009,  26049.8438,
       1,     169,      86,       2,       1,       3,       1,     10.0000,      1.4039,     42.6549,    249.5113,     62.7925,      3.4953,      0.0000,     -0.0320,      2.9471,      0.1490,      5.6034,     11.2069,      1.3163,     28.8312,     57.6623,      0.0193,      0.0023,      0.0156,      0.2049,   7814.9536,-423016.7812,   -991.1609,    552.9577,  26049.8418,
       1,     169,      86,       3,       1,       3,       1,     10.0000,      1.4039,     42.6549,    249.5113,     62.7925,      3.4953,      0.0000,     -0.0318,      2.8678,      0.1419,      5.6034,     11.2069,      1.2540,     28.8312,     57.6623,      0.0193,      0.0022,      0.0156,      0.2049,   7814.9526,-422942.3438,   -991.6128,    552.9629,  26049.8418,
       1,     169,      86,       4,       1,       3,       1,     10.0000,      1.4039,     42.6549,    249.5113,     62.7925,      3.4953,      0.0000,     -0.0315,      2.6746,      0.1353,      5.6034,     11.2069,      1.1957,     28.8312,     57.6623,      0.0193,      0.0021,      0.0156,      0.2049,   7814.9526,-422837.6250,   -991.9901,    552.9702,  26049.8398,
       1,     169,      86,       5,       1,       3,       1,     10.0000,      1.4039,     42.6549,    249.5113,     62.7925,      3.4953,      0.0000,     -0.0314,      2.9788,      0.1313,      5.6034,     11.2069,      1.1599,     28.8312,     57.6623,      0.0193,      0.0023,      0.0156,      0.2049,   7814.9521,-422589.3438,   -992.2866,    552.9872,  26049.8398,
       1,     169,      86,       6,       1,       3,       1,     10.0000,      1.4039,     42.6549,    249.5113,     62.7925,      3.4953,      0.0000,     -0.0312,      2.9086,      0.1267,      5.6034,     11.2069,      1.1193,     28.8312,     57.6623,      0.0193,      0.0023,      0.0156,      0.2049,   7814.9521,-422945.1875,   -992.7682,    552.9627,  26049.8398,
       1,     169,      86,       7,       1,       3,       1,     10.0000,      1.4039,     42.6549,    249.5113,     62.7925,      3.4953,      0.0000,     -0.0312,      2.6330,      0.1268,      5.6034,     11.2069,      1.1205,     28.8312,     57.6623,      0.0193,      0.0021,      0.0156,      0.2049,   7814.9521,-422888.5938,   -993.1943,    552.9667,  26049.8379,
       1,     169,      86,       8,       1,       3,       1,     10.0000,      1.4039,     42.6549,    249.5113,     62.7925,      3.4953,      0.0085,     -0.0226,      1.7543,      0.1245,      5.6034,     11.2069,      1.1001,     28.8312,     57.6623,      0.0193,      0.0014,      0.0156,      0.2049,   7814.9517,-422542.3438,   -993.4957,    552.9906,  26049.8379,
       1,     169,      86,       9,       1,       3,       1,     10.0000,      1.4039,     42.6549,    249.5113,     62.7925,      3.4953,      0.1238,      0.0922,     13.8091,      0.1389,      5.6034,     11.2069,      1.2277,     28.8312,     57.6623,      0.0193,      0.0011,      0.1565,      0.2049,   7814.9517,-421423.6875,   -993.4809,    553.0679,  26049.8379,
       1,     169,      86,      10,       1,       3,       1,     10.0000,      1.4039,     42.6549,    249.5113,     62.7925,      3.4953,      0.1706,      0.1376,     17.7968,      0.1752,      5.6034,     11.2069,      1.5483,     28.8312,     57.6623,      0.0193,      0.0010,      0.2234,      0.2049,   7814.9517,-436267.7812,   -997.6289,    552.0416,  26049.8379,
       1,     169,      86,      11,       1,       3,       1,     10.0000,      1.4039,     42.6549,    249.5113,     62.7925,      3.4953,      0.1892,      0.1557,     22.4865,      0.1941,      5.6034,     11.2069,      1.7151,     28.8312,     57.6623,      0.0193,      0.0011,      0.2500,      0.2049,   7814.9517,-442485.4375,  -1000.2607,    551.6136,  26049.8340,
       1,     169,      86,      12,       1,       3,       1,     10.0000,      1.4039,     42.6549,    249.5113,     62.7925,      3.4953,      0.1898,      0.1561,     31.0570,      0.2013,      5.6034,     11.2069,      1.7790,     28.8312,     57.6623,      0.0193,      0.0015,      0.2500,      0.2049,   7814.9507,-448831.3125,  -1003.3699,    551.1761,  26049.8301,
       1,     169,      86,      13,       1,       3,       1,     10.0000,      1.4039,     42.6549,    249.5113,     62.7925,      3.4953,      0.1896,      0.1553,     29.4688,      0.2200,      5.6034,     11.2069,      1.9438,     28.8312,     57.6623,      0.0193,      0.0014,      0.2500,      0.2049,   7814.9492,-460001.1562,  -1007.5951,    550.4067,  26049.8262,
       1,     169,      86,      14,       1,       3,       1,     10.0000,      1.4039,     42.6549,    249.5113,     62.7925,      3.4953,      0.1917,      0.1573,     56.6196,      0.2221,      5.6034,     11.2069,      1.9630,     28.8312,     57.6623,      0.0193,      0.0028,      0.2500,      0.2049,   7814.9482,-458989.0000,  -1009.0381,    550.4770,  26049.8203,
       1,     169,      86,      15,       1,       3,       1,     10.0000,      1.4039,     42.6549,    249.5113,     62.7925,      3.4953,      0.1847,      0.1504,     96.1992,      0.2191,      5.6034,     11.2069,      1.9362,     28.8312,     57.6623,      0.0193,      0.0050,      0.2353,      0.2049,   7814.9463,-492570.2812,  -1018.7633,    548.1662,  26049.8145,
       1,     169,      86,      16,       1,       3,       1,     10.0000,      1.4039,     42.6549,    249.5113,     62.7925,      3.4953,      0.1845,      0.1502,    114.5880,      0.2224,      5.6034,     11.2069,      1.9649,     28.8312,     57.6623,      0.0193,      0.0060,      0.2330,      0.2049,   7814.9448,-544560.3125,  -1033.2773,    544.6087,  26049.8027,
       1,     169,      86,      17,       1,       3,       1,     10.0000,      1.4039,     42.6549,    249.5113,     62.7925,      3.4953,      0.1604,      0.1262,    109.9186,      0.2155,      5.6034,     11.2069,      1.9041,     28.8312,     57.6623,      0.0193,      0.0068,      0.1982,      0.2048,   7814.9409,-571863.0000,  -1042.3610,    542.7616,  26049.7852,
       1,     169,      86,      18,       1,       3,       1,     10.0000,      1.4039,     42.6549,    249.5113,     62.7925,      3.4953,      0.1388,      0.1051,    100.4562,      0.2023,      5.6034,     11.2069,      1.7878,     28.8312,     57.6623,      0.0193,      0.0073,      0.1679,      0.2048,   7814.9360,-568389.1250,  -1043.8408,    543.0003,  26049.7637,
       1,     169,      86,      19,       1,       3,       1,     10.0000,      1.4039,     42.6549,    249.5113,     62.7925,      3.4953,      0.1156,      0.0821,     85.0356,      0.1951,      5.6034,     11.2069,      1.7236,     28.8312,     57.6623,      0.0193,      0.0076,      0.1359,      0.2048,   7814.9292,-556337.6250,  -1042.9927,    543.8184,  26049.7461,
       1,     169,      86,      20,       1,       3,       1,     10.0000,      1.4039,     42.6549,    249.5113,     62.7925,      3.4953,      0.0184,     -0.0144,      2.7178,      0.1699,      5.6034,     11.2069,      1.5011,     28.8312,     57.6623,      0.0193,      0.0068,      0.0049,      0.2048,   7814.9243,-536162.0625,  -1039.8536,    545.1906,  26049.7266,
       1,     169,      86,      21,       1,       3,       1,     10.0000,      1.4039,     42.6549,    249.5113,     62.7925,      3.4953,      0.0000,     -0.0324,      8.0303,      0.1582,      5.6034,     11.2069,      1.3981,     28.8312,     57.6623,      0.0193,      0.0063,      0.0156,      0.2048,   7814.9185,-432248.2500,  -1015.2673,    552.2739,  26049.7109,
       1,     169,      86,      22,       1,       3,       1,     10.0000,      1.4039,     42.6549,    249.5113,     62.7925,      3.4953,      0.0000,     -0.0323,      7.8055,      0.1574,      5.6034,     11.2069,      1.3911,     28.8312,     57.6623,      0.0193,      0.0061,      0.0156,      0.2049,   7814.9136,-430105.7812,  -1015.1357,    552.4679,  26049.7090,
       1,     169,      86,      23,       1,       3,       1,     10.0000,      1.4039,     42.6549,    249.5113,     62.7925,      3.4953,      0.0000,     -0.0323,      6.9187,      0.1562,      5.6034,     11.2069,      1.3800,     28.8312,     57.6623,      0.0193,      0.0054,      0.0156,      0.2049,   7814.9131,-429586.7500,  -1015.3394,    552.5038,  26049.7090,
       1,     169,      86,      24,       1,       3,       1,     10.0000,      1.4039,     42.6549,    249.5113,     62.7925,      3.4953,      0.0000,     -0.0321,      6.3568,      0.1515,      5.6034,     11.2069,      1.3390,     28.8312,     57.6623,      0.0193,      0.0050,      0.0156,      0.2049,   7814.9131,-428443.0938,  -1015.3271,    552.5828,  26049.7070,
       1,     169,      87,       1,       1,       3,       1,     10.0000,      1.4039,     42.6552,    249.5171,     62.7940,      3.4953,      0.0000,     -0.0319,      5.1571,      0.1458,      5.6035,     11.2069,      1.2887,     28.8374,     57.6747,      0.0193,      0.0040,      0.0156,      0.2049,   7814.9126,-427802.9062,  -1015.7620,    552.6399,  26050.8691,
       1,     169,      87,       2,       1,       3,       1,     10.0000,      1.4039,     42.6552,    249.5171,     62.7940,      3.4953,      0.0000,     -0.0318,      3.8612,      0.1408,      5.6035,     11.2069,      1.2439,     28.8374,     57.6747,      0.0193,      0.0030,      0.0156,      0.2049,   7815.2612,-426109.4375,  -1015.1686,    552.7568,  26050.8672,
       1,     169,      87,       3,       1,       3,       1,     10.0000,      1.4039,     42.6552,    249.5171,     62.7940,      3.4953,      0.0000,     -0.0317,      3.5892,      0.1392,      5.6035,     11.2069,      1.2302,     28.8374,     57.6747,      0.0193,      0.0028,      0.0156,      0.2050,   7815.2603,-424358.6875,  -1014.8606,    552.8779,  26050.8652,
       1,     169,      87,       4,       1,       3,       1,     10.0000,      1.4039,     42.6552,    249.5171,     62.7940,      3.4953,      0.0000,     -0.0313,      3.1947,      0.1298,      5.6035,     11.2069,      1.1470,     28.8374,     57.6747,      0.0193,      0.0025,      0.0156,      0.2050,   7815.2598,-423871.7500,  -1014.8460,    552.9115,  26050.8633,
       1,     169,      87,       5,       1,       3,       1,     10.0000,      1.4039,     42.6552,    249.5171,     62.7940,      3.4953,      0.0000,     -0.0312,      2.7434,      0.1254,      5.6035,     11.2069,      1.1080,     28.8374,     57.6747,      0.0193,      0.0021,      0.0156,      0.2050,   7815.2593,-423341.4375,  -1014.7974,    552.9482,  26050.8633,
       1,     169,      87,       6,       1,       3,       1,     10.0000,      1.4039,     42.6552,    249.5171,     62.7940,      3.4953,      0.0000,     -0.0310,      2.2312,      0.1215,      5.6035,     11.2069,      1.0735,     28.8374,     57.6747,      0.0193,      0.0017,      0.0156,      0.2050,   7815.2593,-422736.5938,  -1014.7148,    552.9900,  26050.8633,
       1,     169,      87,       7,       1,       3,       1,     10.0000,      1.4039,     42.6552,    249.5171,     62.7940,      3.4953,      0.0000,     -0.0309,      1.9793,      0.1183,      5.6035,     11.2069,      1.0453,     28.8374,     57.6747,      0.0193,      0.0016,      0.0156,      0.2050,   7815.2593,-422050.1250,  -1014.6038,    553.0374,  26050.8633,
       1,     169,      87,       8,       1,       3,       1,     10.0000,      1.4039,     42.6552,    249.5171,     62.7940,      3.4953,      0.0060,     -0.0250,      1.9331,      0.1211,      5.6035,     11.2069,      1.0702,     28.8374,     57.6747,      0.0193,      0.0015,      0.0156,      0.2050,   7815.2593,-421679.1250,  -1014.5636,    553.0630,  26050.8633,
       1,     169,      87,       9,       1,       3,       1,     10.0000,      1.4039,     42.6552,    249.5171,     62.7940,      3.4953,      0.0969,      0.0652,      9.6739,      0.1403,      5.6035,     11.2069,      1.2402,     28.8374,     57.6747,      0.0193,      0.0010,      0.1182,      0.2050,   7815.2593,-421590.1562,  -1014.5940,    553.0692,  26050.8613,
       1,     169,      87,      10,       1,       3,       1,     10.0000,      1.4039,     42.6552,    249.5171,     62.7940,      3.4953,      0.1523,      0.1191,     17.9564,      0.1838,      5.6035,     11.2069,      1.6241,     28.8374,     57.6747,      0.0193,      0.0011,      0.1969,      0.2050,   7815.2588,-431175.2500,  -1017.1021,    552.4066,  26050.8613,
       1,     169,      87,      11,       1,       3,       1,     10.0000,      1.4039,     42.6552,    249.5171,     62.7940,      3.4953,      0.1840,      0.1507,     25.3347,      0.1878,      5.6035,     11.2069,      1.6599,     28.8374,     57.6747,      0.0193,      0.0013,      0.2421,      0.2049,   7815.2588,-442262.6562,  -1020.1422,    551.6414,  26050.8594,
       1,     169,      87,      12,       1,       3,       1,     10.0000,      1.4039,     42.6552,    249.5171,     62.7940,      3.4953,      0.1899,      0.1559,     32.4037,      0.2082,      5.6035,     11.2069,      1.8397,     28.8374,     57.6747,      0.0193,      0.0016,      0.2500,      0.2049,   7815.2583,-452358.8750,  -1023.0488,    550.9457,  26050.8555,
       1,     169,      87,      13,       1,       3,       1,     10.0000,      1.4039,     42.6552,    249.5171,     62.7940,      3.4953,      0.1686,      0.1343,     15.9263,      0.2213,      5.6035,     11.2069,      1.9553,     28.8374,     57.6747,      0.0193,      0.0009,      0.2210,      0.2049,   7815.2568,-461987.5312,  -1025.9216,    550.2831,  26050.8496,
       1,     169,      87,      14,       1,       3,       1,     10.0000,      1.4039,     42.6552,    249.5171,     62.7940,      3.4953,      0.1788,      0.1440,     37.3345,      0.2398,      5.6035,     11.2069,      2.1187,     28.8374,     57.6747,      0.0193,      0.0020,      0.2336,      0.2049,   7815.2554,-442381.2188,  -1021.3511,    551.6321,  26050.8438,
       1,     169,      87,      15,       1,       3,       1,     10.0000,      1.4039,     42.6552,    249.5171,     62.7940,      3.4953,      0.1769,      0.1421,     97.9881,      0.2377,      5.6035,     11.2069,      2.1002,     28.8374,     57.6747,      0.0193,      0.0053,      0.2238,      0.2049,   7815.2534,-467247.0312,  -1027.9974,    549.9191,  26050.8398,
       1,     169,      87,      16,       1,       3,       1,     10.0000,      1.4039,     42.6552,    249.5171,     62.7940,      3.4953,      0.1848,      0.1503,    111.3817,      0.2292,      5.6035,     11.2069,      2.0256,     28.8374,     57.6747,      0.0193,      0.0058,      0.2338,      0.2049,   7815.2524,-544592.9375,  -1048.3899,    544.6050,  26050.8340,
       1,     169,      87,      17,       1,       3,       1,     10.0000,      1.4039,     42.6552,    249.5171,     62.7940,      3.4953,      0.1595,      0.1252,    125.8165,      0.2219,      5.6035,     11.2069,      1.9611,     28.8374,     57.6747,      0.0193,      0.0079,      0.1951,      0.2048,   7815.2505,-567903.2500,  -1055.5800,    543.0438,  26050.8184,
       1,     169,      87,      18,       1,       3,       1,     10.0000,      1.4039,     42.6552,    249.5171,     62.7940,      3.4953,      0.1445,      0.1104,    127.3771,      0.2103,      5.6035,     11.2069,      1.8579,     28.8374,     57.6747,      0.0193,      0.0090,      0.1730,      0.2048,   7815.2456,-587797.1875,  -1062.0959,    541.6957,  26050.8008,
       1,     169,      87,      19,       1,       3,       1,     10.0000,      1.4039,     42.6552,    249.5171,     62.7940,      3.4953,      0.0798,      0.0462,     69.7918,      0.1974,      5.6035,     11.2069,      1.7442,     28.8374,     57.6747,      0.0193,      0.0100,      0.0856,      0.2048,   7815.2407,-591438.2500,  -1064.5404,    541.4507,  26050.7793,
       1,     169,      87,      20,       1,       3,       1,     10.0000,      1.4039,     42.6552,    249.5171,     62.7940,      3.4953,      0.0248,     -0.0081,      9.0298,      0.1740,      5.6035,     11.2069,      1.5375,     28.8374,     57.6747,      0.0193,      0.0084,      0.0132,      0.2048,   7815.2339,-520196.9688,  -1047.3621,    546.2725,  26050.7598,
       1,     169,      87,      21,       1,       3,       1,     10.0000,      1.4039,     42.6552,    249.5171,     62.7940,      3.4953,      0.0000,     -0.0325,     10.0906,      0.1629,      5.6035,     11.2069,      1.4394,     28.8374,     57.6747,      0.0193,      0.0079,      0.0156,      0.2049,   7815.2280,-438786.5000,  -1026.7827,    551.8530,  26050.7500,
       1,     169,      87,      22,       1,       3,       1,     10.0000,      1.4039,     42.6552,    249.5171,     62.7940,      3.4953,      0.0000,     -0.0325,     10.4079,      0.1603,      5.6035,     11.2069,      1.4165,     28.8374,     57.6747,      0.0193,      0.0082,      0.0156,      0.2049,   7815.2251,-433213.2188,  -1025.3887,    552.2661,  26050.7441,
       1,     169,      87,      23,       1,       3,       1,     10.0000,      1.4039,     42.6552,    249.5171,     62.7940,      3.4953,      0.0000,     -0.0324,      9.6149,      0.1576,      5.6035,     11.2069,      1.3925,     28.8374,     57.6747,      0.0193,      0.0075,      0.0156,      0.2049,   7815.2236,-433095.1250,  -1025.3629,    552.2745,  26050.7422,
       1,     169,      87,      24,       1,       3,       1,     10.0000,      1.4039,     42.6552,    249.5171,     62.7940,      3.4953,      0.0000,     -0.0322,      8.8580,      0.1537,      5.6035,     11.2069,      1.3580,     28.8374,     57.6747,      0.0193,      0.0069,      0.0156,      0.2049,   7815.2231,-432102.0312,  -1025.1038,    552.3430,  26050.7383,
       1,     169,      88,       1,       1,       3,       1,     10.0000,      1.4039,     42.6556,    249.5230,     62.7954,      3.4953,      0.0000,     -0.0321,      5.8583,      0.1499,      5.6038,     11.2076,      1.3243,     28.8405,     57.6811,      0.0193,      0.0046,      0.0156,      0.2050,   7815.2217,-431233.0938,  -1025.2483,    552.4159,  26051.8984,
       1,     169,      88,       2,       1,       3,       1,     10.0000,      1.4039,     42.6556,    249.5230,     62.7954,      3.4953,      0.0000,     -0.0318,      4.2284,      0.1409,      5.6038,     11.2076,      1.2452,     28.8405,     57.6811,      0.0193,      0.0033,      0.0156,      0.2050,   7815.5698,-427289.5938,  -1023.8757,    552.6882,  26051.8945,
       1,     169,      88,       3,       1,       3,       1,     10.0000,      1.4039,     42.6556,    249.5230,     62.7954,      3.4953,      0.0000,     -0.0314,      3.7990,      0.1313,      5.6038,     11.2076,      1.1599,     28.8405,     57.6811,      0.0193,      0.0030,      0.0156,      0.2050,   7815.5688,-424932.8125,  -1023.2765,    552.8511,  26051.8945,
       1,     169,      88,       4,       1,       3,       1,     10.0000,      1.4039,     42.6556,    249.5230,     62.7954,      3.4953,      0.0000,     -0.0313,      3.4937,      0.1276,      5.6038,     11.2076,      1.1274,     28.8405,     57.6811,      0.0193,      0.0027,      0.0156,      0.2050,   7815.5688,-424198.9062,  -1023.0914,    552.9019,  26051.8945,
       1,     169,      88,       5,       1,       3,       1,     10.0000,      1.4039,     42.6556,    249.5230,     62.7954,      3.4953,      0.0000,     -0.0312,      3.3922,      0.1275,      5.6038,     11.2076,      1.1262,     28.8405,     57.6811,      0.0193,      0.0027,      0.0156,      0.2050,   7815.5688,-423757.7188,  -1022.9833,    552.9324,  26051.8945,
       1,     169,      88,       6,       1,       3,       1,     10.0000,      1.4039,     42.6556,    249.5230,     62.7954,      3.4953,      0.0000,     -0.0311,      3.0867,      0.1227,      5.6038,     11.2076,      1.0845,     28.8405,     57.6811,      0.0193,      0.0024,      0.0156,      0.2050,   7815.5688,-423594.1562,  -1022.9453,    552.9437,  26051.8945,
       1,     169,      88,       7,       1,       3,       1,     10.0000,      1.4039,     42.6556,    249.5230,     62.7954,      3.4953,      0.0000,     -0.0309,      2.1848,      0.1194,      5.6038,     11.2076,      1.0550,     28.8405,     57.6811,      0.0193,      0.0017,      0.0156,      0.2050,   7815.5688,-423201.5625,  -1022.8578,    552.9708,  26051.8906,
       1,     169,      88,       8,       1,       3,       1,     10.0000,      1.4039,     42.6556,    249.5230,     62.7954,      3.4953,      0.0056,     -0.0253,      1.8425,      0.1194,      5.6038,     11.2076,      1.0550,     28.8405,     57.6811,      0.0193,      0.0014,      0.0156,      0.2050,   7815.5674,-422051.0000,  -1022.5839,    553.0504,  26051.8926,
       1,     169,      88,       9,       1,       3,       1,     10.0000,      1.4039,     42.6556,    249.5230,     62.7954,      3.4953,      0.1143,      0.0828,     16.0188,      0.1337,      5.6038,     11.2076,      1.1813,     28.8405,     57.6811,      0.0193,      0.0014,      0.1426,      0.2050,   7815.5679,-421528.0312,  -1022.4584,    553.0865,  26051.8926,
       1,     169,      88,      10,       1,       3,       1,     10.0000,      1.4039,     42.6556,    249.5230,     62.7954,      3.4953,      0.1489,      0.1160,     25.3790,      0.1731,      5.6038,     11.2076,      1.5299,     28.8405,     57.6811,      0.0193,      0.0016,      0.1911,      0.2050,   7815.5679,-439048.6250,  -1027.0588,    551.8752,  26051.8906,
       1,     169,      88,      11,       1,       3,       1,     10.0000,      1.4039,     42.6556,    249.5230,     62.7954,      3.4953,      0.1762,      0.1425,     26.0835,      0.2003,      5.6038,     11.2076,      1.7703,     28.8405,     57.6811,      0.0193,      0.0014,      0.2307,      0.2050,   7815.5674,-452153.7188,  -1030.6169,    550.9725,  26051.8887,
       1,     169,      88,      12,       1,       3,       1,     10.0000,      1.4039,     42.6556,    249.5230,     62.7954,      3.4953,      0.1889,      0.1546,     20.9934,      0.2189,      5.6038,     11.2076,      1.9344,     28.8405,     57.6811,      0.0193,      0.0010,      0.2500,      0.2050,   7815.5669,-454148.9062,  -1031.3086,    550.8358,  26051.8828,
       1,     169,      88,      13,       1,       3,       1,     10.0000,      1.4039,     42.6556,    249.5230,     62.7954,      3.4953,      0.1886,      0.1540,     18.6579,      0.2326,      5.6038,     11.2076,      2.0556,     28.8405,     57.6811,      0.0193,      0.0009,      0.2500,      0.2050,   7815.5649,-448009.5000,  -1029.7886,    551.2586,  26051.8789,
       1,     169,      88,      14,       1,       3,       1,     10.0000,      1.4039,     42.6556,    249.5230,     62.7954,      3.4953,      0.1800,      0.1452,     39.8574,      0.2417,      5.6038,     11.2076,      2.1354,     28.8405,     57.6811,      0.0193,      0.0021,      0.2351,      0.2050,   7815.5640,-444590.4062,  -1028.9355,    551.4943,  26051.8750,
       1,     169,      88,      15,       1,       3,       1,     10.0000,      1.4039,     42.6556,    249.5230,     62.7954,      3.4953,      0.1029,      0.0678,     56.2568,      0.2476,      5.6038,     11.2076,      2.1880,     28.8405,     57.6811,      0.0193,      0.0057,      0.1199,      0.2050,   7815.5630,-470574.6250,  -1035.9576,    549.7031,  26051.8711,
       1,     169,      88,      16,       1,       3,       1,     10.0000,      1.4039,     42.6556,    249.5230,     62.7954,      3.4953,      0.1540,      0.1192,    127.9761,      0.2370,      5.6038,     11.2076,      2.0941,     28.8405,     57.6811,      0.0193,      0.0084,      0.1869,      0.2049,   7815.5615,-493139.9688,  -1042.3047,    548.1554,  26051.8652,
       1,     169,      88,      17,       1,       3,       1,     10.0000,      1.4039,     42.6556,    249.5230,     62.7954,      3.4953,      0.1440,      0.1093,    130.6446,      0.2361,      5.6038,     11.2076,      2.0859,     28.8405,     57.6811,      0.0193,      0.0093,      0.1720,      0.2049,   7815.5601,-584030.3125,  -1067.0490,    541.9299,  26051.8555,
       1,     169,      88,      18,       1,       3,       1,     10.0000,      1.4039,     42.6556,    249.5230,     62.7954,      3.4953,      0.1137,      0.0794,    105.1979,      0.2209,      5.6038,     11.2076,      1.9516,     28.8405,     57.6811,      0.0193,      0.0098,      0.1306,      0.2048,   7815.5571,-595213.6875,  -1071.2351,    541.2075,  26051.8340,
       1,     169,      88,      19,       1,       3,       1,     10.0000,      1.4039,     42.6556,    249.5230,     62.7954,      3.4953,      0.0683,      0.0346,     62.3575,      0.2003,      5.6038,     11.2076,      1.7703,     28.8405,     57.6811,      0.0193,      0.0110,      0.0696,      0.2048,   7815.5503,-564510.1250,  -1064.2627,    543.2851,  26051.8164,
       1,     169,      88,      20,       1,       3,       1,     10.0000,      1.4039,     42.6556,    249.5230,     62.7954,      3.4953,      0.0221,     -0.0108,      7.4925,      0.1752,      5.6038,     11.2076,      1.5483,     28.8405,     57.6811,      0.0193,      0.0097,      0.0095,      0.2048,   7815.5454,-508706.2812,  -1050.1807,    547.0788,  26051.7988,
       1,     169,      88,      21,       1,       3,       1,     10.0000,      1.4039,     42.6556,    249.5230,     62.7954,      3.4953,      0.0000,     -0.0326,     10.8954,      0.1632,      5.6038,     11.2076,      1.4423,     28.8405,     57.6811,      0.0193,      0.0085,      0.0156,      0.2049,   7815.5400,-435918.1562,  -1030.9971,    552.0698,  26051.7891,
       1,     169,      88,      22,       1,       3,       1,     10.0000,      1.4039,     42.6556,    249.5230,     62.7954,      3.4953,      0.0000,     -0.0324,     10.8370,      0.1574,      5.6038,     11.2076,      1.3912,     28.8405,     57.6811,      0.0193,      0.0085,      0.0156,      0.2050,   7815.5371,-433973.7812,  -1030.4365,    552.2267,  26051.7871,
       1,     169,      88,      23,       1,       3,       1,     10.0000,      1.4039,     42.6556,    249.5230,     62.7954,      3.4953,      0.0000,     -0.0322,      8.8094,      0.1525,      5.6038,     11.2076,      1.3472,     28.8405,     57.6811,      0.0193,      0.0069,      0.0156,      0.2050,   7815.5366,-433707.0938,  -1030.3165,    552.2451,  26051.7832,
       1,     169,      88,      24,       1,       3,       1,     10.0000,      1.4039,     42.6556,    249.5230,     62.7954,      3.4953,      0.0000,     -0.0319,      7.9339,      0.1450,      5.6038,     11.2076,      1.2810,     28.8405,     57.6811,      0.0193,      0.0062,      0.0156,      0.2050,   7815.5352,-431171.9062,  -1029.6180,    552.4201,  26051.7793,
       1,     169,      89,       1,       1,       3,       1,     10.0000,      1.4040,     42.6559,    249.5289,     62.7969,      3.4953,      0.0000,     -0.0319,      5.9991,      0.1439,      5.6044,     11.2088,      1.2720,     28.8403,     57.6805,      0.0193,      0.0047,      0.0156,      0.2050,   7815.5342,-430024.7188,  -1029.6813,    552.5124,  26052.9453,
       1,     169,      89,       2,       1,       3,       1,     10.0000,      1.4040,     42.6559,    249.5289,     62.7969,      3.4953,      0.0000,     -0.0319,      4.5928,      0.1441,      5.6044,     11.2088,      1.2733,     28.8403,     57.6805,      0.0193,      0.0036,      0.0156,      0.2050,   7815.8838,-427376.6250,  -1028.5864,    552.6953,  26052.9453,
       1,     169,      89,       3,       1,       3,       1,     10.0000,      1.4040,     42.6559,    249.5289,     62.7969,      3.4953,      0.0000,     -0.0318,      4.0697,      0.1426,      5.6044,     11.2088,      1.2605,     28.8403,     57.6805,      0.0193,      0.0032,      0.0156,      0.2050,   7815.8838,-425407.4688,  -1028.0548,    552.8314,  26052.9434,
       1,     169,      89,       4,       1,       3,       1,     10.0000,      1.4040,     42.6559,    249.5289,     62.7969,      3.4953,      0.0000,     -0.0318,      3.6665,      0.1406,      5.6044,     11.2088,      1.2427,     28.8403,     57.6805,      0.0193,      0.0029,      0.0156,      0.2050,   7815.8833,-424591.1562,  -1027.8292,    552.8878,  26052.9414,
       1,     169,      89,       5,       1,       3,       1,     10.0000,      1.4040,     42.6559,    249.5289,     62.7969,      3.4953,      0.0000,     -0.0317,      2.8622,      0.1382,      5.6044,     11.2088,      1.2215,     28.8403,     57.6805,      0.0193,      0.0022,      0.0156,      0.2050,   7815.8828,-424021.9062,  -1027.6709,    552.9271,  26052.9434,
       1,     169,      89,       6,       1,       3,       1,     10.0000,      1.4040,     42.6559,    249.5289,     62.7969,      3.4953,      0.0000,     -0.0315,      2.4502,      0.1336,      5.6044,     11.2088,      1.1802,     28.8403,     57.6805,      0.0193,      0.0019,      0.0156,      0.2050,   7815.8833,-422976.3750,  -1027.3894,    552.9994,  26052.9375,
       1,     169,      89,       7,       1,       3,       1,     10.0000,      1.4040,     42.6559,    249.5289,     62.7969,      3.4953,      0.0000,     -0.0313,      2.4403,      0.1280,      5.6044,     11.2088,      1.1308,     28.8403,     57.6805,      0.0193,      0.0019,      0.0156,      0.2050,   7815.8813,-422377.0000,  -1027.2302,    553.0408,  26052.9395,
       1,     169,      89,       8,       1,       3,       1,     10.0000,      1.4040,     42.6559,    249.5289,     62.7969,      3.4953,      0.0067,     -0.0245,      2.6316,      0.1276,      5.6044,     11.2088,      1.1274,     28.8403,     57.6805,      0.0193,      0.0021,      0.0156,      0.2050,   7815.8823,-422313.1875,  -1027.2079,    553.0452,  26052.9375,
       1,     169,      89,       9,       1,       3,       1,     10.0000,      1.4040,     42.6559,    249.5289,     62.7969,      3.4953,      0.1191,      0.0872,     26.0685,      0.1438,      5.6044,     11.2088,      1.2707,     28.8403,     57.6805,      0.0193,      0.0021,      0.1482,      0.2050,   7815.8813,-422545.0312,  -1027.2676,    553.0292,  26052.9375,
       1,     169,      89,      10,       1,       3,       1,     10.0000,      1.4040,     42.6559,    249.5289,     62.7969,      3.4953,      0.1751,      0.1422,     36.7606,      0.1735,      5.6044,     11.2088,      1.5330,     28.8403,     57.6805,      0.0193,      0.0020,      0.2277,      0.2050,   7815.8813,-451601.3125,  -1035.1359,    551.0206,  26052.9375,
       1,     169,      89,      11,       1,       3,       1,     10.0000,      1.4040,     42.6559,    249.5289,     62.7969,      3.4953,      0.1901,      0.1566,     33.1344,      0.1911,      5.6044,     11.2088,      1.6882,     28.8403,     57.6805,      0.0193,      0.0016,      0.2500,      0.2050,   7815.8813,-467351.6562,  -1039.5809,    549.9394,  26052.9336,
       1,     169,      89,      12,       1,       3,       1,     10.0000,      1.4040,     42.6559,    249.5289,     62.7969,      3.4953,      0.1901,      0.1561,     35.9143,      0.2123,      5.6044,     11.2088,      1.8764,     28.8403,     57.6805,      0.0193,      0.0018,      0.2500,      0.2050,   7815.8804,-464201.5312,  -1038.9811,    550.1570,  26052.9297,
       1,     169,      89,      13,       1,       3,       1,     10.0000,      1.4040,     42.6559,    249.5289,     62.7969,      3.4953,      0.1901,      0.1555,     36.7835,      0.2304,      5.6044,     11.2088,      2.0356,     28.8403,     57.6805,      0.0193,      0.0018,      0.2500,      0.2050,   7815.8794,-467377.9688,  -1040.0621,    549.9386,  26052.9219,
       1,     169,      89,      14,       1,       3,       1,     10.0000,      1.4040,     42.6559,    249.5289,     62.7969,      3.4953,      0.1912,      0.1566,     51.8638,      0.2331,      5.6044,     11.2088,      2.0596,     28.8403,     57.6805,      0.0193,      0.0025,      0.2500,      0.2050,   7815.8770,-468727.9688,  -1040.6445,    549.8458,  26052.9141,
       1,     169,      89,      15,       1,       3,       1,     10.0000,      1.4040,     42.6559,    249.5289,     62.7969,      3.4953,      0.1943,      0.1594,     91.9124,      0.2410,      5.6044,     11.2088,      2.1292,     28.8403,     57.6805,      0.0193,      0.0045,      0.2500,      0.2050,   7815.8745,-487540.3750,  -1045.9807,    548.5529,  26052.9082,
       1,     169,      89,      16,       1,       3,       1,     10.0000,      1.4040,     42.6559,    249.5289,     62.7969,      3.4953,      0.1965,      0.1617,    124.6232,      0.2377,      5.6044,     11.2088,      2.1003,     28.8403,     57.6805,      0.0193,      0.0061,      0.2495,      0.2049,   7815.8726,-538817.5625,  -1060.3627,    545.0383,  26052.9023,
       1,     169,      89,      17,       1,       3,       1,     10.0000,      1.4040,     42.6559,    249.5289,     62.7969,      3.4953,      0.1900,      0.1558,    162.4949,      0.2187,      5.6044,     11.2088,      1.9325,     28.8403,     57.6805,      0.0193,      0.0084,      0.2356,      0.2049,   7815.8711,-583826.5000,  -1073.4600,    541.9832,  26052.8887,
       1,     169,      89,      18,       1,       3,       1,     10.0000,      1.4040,     42.6559,    249.5289,     62.7969,      3.4953,      0.1765,      0.1425,    153.5325,      0.2078,      5.6044,     11.2088,      1.8362,     28.8403,     57.6805,      0.0193,      0.0087,      0.2167,      0.2048,   7815.8667,-634721.3125,  -1088.6074,    538.5436,  26052.8691,
       1,     169,      89,      19,       1,       3,       1,     10.0000,      1.4040,     42.6559,    249.5289,     62.7969,      3.4953,      0.1358,      0.1022,    101.9762,      0.1972,      5.6044,     11.2088,      1.7426,     28.8403,     57.6805,      0.0193,      0.0076,      0.1633,      0.2047,   7815.8608,-627954.4375,  -1088.2826,    539.0101,  26052.8457,
       1,     169,      89,      20,       1,       3,       1,     10.0000,      1.4040,     42.6559,    249.5289,     62.7969,      3.4953,      0.0255,     -0.0074,      8.7274,      0.1723,      5.6044,     11.2088,      1.5224,     28.8403,     57.6805,      0.0193,      0.0074,      0.0143,      0.2047,   7815.8540,-563277.3125,  -1071.8459,    543.3680,  26052.8262,
       1,     169,      89,      21,       1,       3,       1,     10.0000,      1.4040,     42.6559,    249.5289,     62.7969,      3.4953,      0.0000,     -0.0325,      8.6069,      0.1626,      5.6044,     11.2088,      1.4366,     28.8403,     57.6805,      0.0193,      0.0067,      0.0156,      0.2048,   7815.8481,-442039.8438,  -1039.0374,    551.6202,  26052.8105,
       1,     169,      89,      22,       1,       3,       1,     10.0000,      1.4040,     42.6559,    249.5289,     62.7969,      3.4953,      0.0000,     -0.0325,      7.6971,      0.1608,      5.6044,     11.2088,      1.4208,     28.8403,     57.6805,      0.0193,      0.0060,      0.0156,      0.2050,   7815.8433,-431729.0938,  -1036.2413,    552.3942,  26052.8105,
       1,     169,      89,      23,       1,       3,       1,     10.0000,      1.4040,     42.6559,    249.5289,     62.7969,      3.4953,      0.0000,     -0.0324,      6.9047,      0.1578,      5.6044,     11.2088,      1.3940,     28.8403,     57.6805,      0.0193,      0.0054,      0.0156,      0.2050,   7815.8433,-429642.7812,  -1035.6665,    552.5388,  26052.8066,
       1,     169,      89,      24,       1,       3,       1,     10.0000,      1.4040,     42.6559,    249.5289,     62.7969,      3.4953,      0.0000,     -0.0320,      5.8606,      0.1475,      5.6044,     11.2088,      1.3032,     28.8403,     57.6805,      0.0193,      0.0046,      0.0156,      0.2050,   7815.8423,-428482.3438,  -1035.3464,    552.6189,  26052.8047,
       1,     169,      90,       1,       1,       3,       1,     10.0000,      1.4040,     42.6562,    249.5348,     62.7984,      3.4953,      0.0000,     -0.0319,      4.6669,      0.1435,      5.6039,     11.2079,      1.2682,     28.8492,     57.6983,      0.0193,      0.0037,      0.0156,      0.2050,   7815.8418,-427243.8438,  -1035.4110,    552.7174,  26053.9688,
       1,     169,      90,       2,       1,       3,       1,     10.0000,      1.4040,     42.6562,    249.5348,     62.7984,      3.4953,      0.0000,     -0.0318,      4.0569,      0.1428,      5.6039,     11.2079,      1.2618,     28.8492,     57.6983,      0.0193,      0.0032,      0.0156,      0.2050,   7816.1909,-425506.8438,  -1034.5564,    552.8373,  26053.9668,
       1,     169,      90,       3,       1,       3,       1,     10.0000,      1.4040,     42.6562,    249.5348,     62.7984,      3.4953,      0.0000,     -0.0318,      3.8022,      0.1411,      5.6039,     11.2079,      1.2466,     28.8492,     57.6983,      0.0193,      0.0030,      0.0156,      0.2050,   7816.1904,-424602.6875,  -1034.3229,    552.8999,  26053.9648,
       1,     169,      90,       4,       1,       3,       1,     10.0000,      1.4040,     42.6562,    249.5348,     62.7984,      3.4953,      0.0000,     -0.0317,      3.4134,      0.1404,      5.6039,     11.2079,      1.2403,     28.8492,     57.6983,      0.0193,      0.0027,      0.0156,      0.2050,   7816.1899,-424209.9688,  -1034.2300,    552.9269,  26053.9629,
       1,     169,      90,       5,       1,       3,       1,     10.0000,      1.4040,     42.6562,    249.5348,     62.7984,      3.4953,      0.0000,     -0.0316,      2.7286,      0.1356,      5.6039,     11.2079,      1.1983,     28.8492,     57.6983,      0.0193,      0.0021,      0.0156,      0.2050,   7816.1890,-423694.9688,  -1034.0941,    552.9626,  26053.9629,
       1,     169,      90,       6,       1,       3,       1,     10.0000,      1.4040,     42.6562,    249.5348,     62.7984,      3.4953,      0.0000,     -0.0316,      2.2816,      0.1367,      5.6039,     11.2079,      1.2080,     28.8492,     57.6983,      0.0193,      0.0018,      0.0156,      0.2050,   7816.1890,-422802.5312,  -1033.8640,    553.0242,  26053.9648,
       1,     169,      90,       7,       1,       3,       1,     10.0000,      1.4040,     42.6562,    249.5348,     62.7984,      3.4953,      0.0000,     -0.0315,      1.8674,      0.1351,      5.6039,     11.2079,      1.1934,     28.8492,     57.6983,      0.0193,      0.0015,      0.0156,      0.2050,   7816.1899,-422172.1562,  -1033.6984,    553.0678,  26053.9648,
       1,     169,      90,       8,       1,       3,       1,     10.0000,      1.4040,     42.6562,    249.5348,     62.7984,      3.4953,      0.0091,     -0.0223,      1.5993,      0.1321,      5.6039,     11.2079,      1.1671,     28.8492,     57.6983,      0.0193,      0.0013,      0.0156,      0.2050,   7816.1899,-421605.1250,  -1033.5531,    553.1071,  26053.9629,
       1,     169,      90,       9,       1,       3,       1,     10.0000,      1.4040,     42.6562,    249.5348,     62.7984,      3.4953,      0.1148,      0.0831,     14.1756,      0.1380,      5.6039,     11.2079,      1.2191,     28.8492,     57.6983,      0.0193,      0.0012,      0.1434,      0.2050,   7816.1890,-421224.6250,  -1033.4546,    553.1334,  26053.9629,
       1,     169,      90,      10,       1,       3,       1,     10.0000,      1.4040,     42.6562,    249.5348,     62.7984,      3.4953,      0.1693,      0.1365,     19.5325,      0.1718,      5.6039,     11.2079,      1.5178,     28.8492,     57.6983,      0.0193,      0.0011,      0.2213,      0.2050,   7816.1890,-436770.9688,  -1037.7659,    552.0585,  26053.9629,
       1,     169,      90,      11,       1,       3,       1,     10.0000,      1.4040,     42.6562,    249.5348,     62.7984,      3.4953,      0.1813,      0.1481,     17.0053,      0.1836,      5.6039,     11.2079,      1.6226,     28.8492,     57.6983,      0.0193,      0.0009,      0.2391,      0.2050,   7816.1890,-444742.5000,  -1040.0465,    551.5093,  26053.9609,
       1,     169,      90,      12,       1,       3,       1,     10.0000,      1.4040,     42.6562,    249.5348,     62.7984,      3.4953,      0.1887,      0.1546,     16.9510,      0.2107,      5.6039,     11.2079,      1.8617,     28.8492,     57.6983,      0.0193,      0.0008,      0.2500,      0.2050,   7816.1885,-442292.7188,  -1039.4634,    551.6786,  26053.9570,
       1,     169,      90,      13,       1,       3,       1,     10.0000,      1.4040,     42.6562,    249.5348,     62.7984,      3.4953,      0.1885,      0.1542,     15.4958,      0.2204,      5.6039,     11.2079,      1.9478,     28.8492,     57.6983,      0.0193,      0.0008,      0.2500,      0.2050,   7816.1875,-442015.9688,  -1039.4314,    551.6976,  26053.9531,
       1,     169,      90,      14,       1,       3,       1,     10.0000,      1.4040,     42.6562,    249.5348,     62.7984,      3.4953,      0.1885,      0.1539,     16.5962,      0.2315,      5.6039,     11.2079,      2.0456,     28.8492,     57.6983,      0.0193,      0.0008,      0.2500,      0.2050,   7816.1860,-440189.5938,  -1038.9700,    551.8236,  26053.9512,
       1,     169,      90,      15,       1,       3,       1,     10.0000,      1.4040,     42.6562,    249.5348,     62.7984,      3.4953,      0.1868,      0.1519,     58.4371,      0.2421,      5.6039,     11.2079,      2.1396,     28.8492,     57.6983,      0.0193,      0.0029,      0.2429,      0.2050,   7816.1855,-441396.9688,  -1039.3568,    551.7404,  26053.9492,
       1,     169,      90,      16,       1,       3,       1,     10.0000,      1.4040,     42.6562,    249.5348,     62.7984,      3.4953,      0.1936,      0.1589,     83.0514,      0.2377,      5.6039,     11.2079,      2.1003,     28.8492,     57.6983,      0.0193,      0.0041,      0.2500,      0.2050,   7816.1851,-493346.5000,  -1054.0154,    548.1575,  26053.9453,
       1,     169,      90,      17,       1,       3,       1,     10.0000,      1.4040,     42.6562,    249.5348,     62.7984,      3.4953,      0.1869,      0.1523,    116.1748,      0.2281,      5.6039,     11.2079,      2.0158,     28.8492,     57.6983,      0.0193,      0.0060,      0.2362,      0.2050,   7816.1841,-528345.6250,  -1064.2800,    545.7710,  26053.9375,
       1,     169,      90,      18,       1,       3,       1,     10.0000,      1.4040,     42.6562,    249.5348,     62.7984,      3.4953,      0.1578,      0.1237,    111.7515,      0.2144,      5.6039,     11.2079,      1.8950,     28.8492,     57.6983,      0.0193,      0.0070,      0.1942,      0.2049,   7816.1816,-572433.5625,  -1077.4043,    542.7684,  26053.9258,
       1,     169,      90,      19,       1,       3,       1,     10.0000,      1.4040,     42.6562,    249.5348,     62.7984,      3.4953,      0.0852,      0.0514,     59.1589,      0.2045,      5.6039,     11.2079,      1.8075,     28.8492,     57.6983,      0.0193,      0.0077,      0.0944,      0.2049,   7816.1782,-570723.1250,  -1077.9771,    542.8928,  26053.9121,
       1,     169,      90,      20,       1,       3,       1,     10.0000,      1.4040,     42.6562,    249.5348,     62.7984,      3.4953,      0.0104,     -0.0227,     10.0248,      0.1795,      5.6039,     11.2079,      1.5859,     28.8492,     57.6983,      0.0193,      0.0079,      0.0156,      0.2049,   7816.1738,-505266.0625,  -1060.4822,    547.3348,  26053.9121,
       1,     169,      90,      21,       1,       3,       1,     10.0000,      1.4040,     42.6562,    249.5348,     62.7984,      3.4953,      0.0000,     -0.0328,      9.2014,      0.1694,      5.6039,     11.2079,      1.4968,     28.8492,     57.6983,      0.0193,      0.0072,      0.0156,      0.2050,   7816.1738,-438803.3750,  -1042.1606,    551.9002,  26053.9121,
       1,     169,      90,      22,       1,       3,       1,     10.0000,      1.4040,     42.6562,    249.5348,     62.7984,      3.4953,      0.0000,     -0.0326,      8.0492,      0.1645,      5.6039,     11.2079,      1.4540,     28.8492,     57.6983,      0.0193,      0.0063,      0.0156,      0.2050,   7816.1738,-432143.7500,  -1040.3389,    552.3787,  26053.9141,
       1,     169,      90,      23,       1,       3,       1,     10.0000,      1.4040,     42.6562,    249.5348,     62.7984,      3.4953,      0.0000,     -0.0325,      7.6779,      0.1624,      5.6039,     11.2079,      1.4352,     28.8492,     57.6983,      0.0193,      0.0060,      0.0156,      0.2050,   7816.1743,-430123.2500,  -1039.7990,    552.5184,  26053.9102,
       1,     169,      90,      24,       1,       3,       1,     10.0000,      1.4040,     42.6562,    249.5348,     62.7984,      3.4953,      0.0000,     -0.0325,      7.1422,      0.1616,      5.6039,     11.2079,      1.4280,     28.8492,     57.6983,      0.0193,      0.0056,      0.0156,      0.2050,   7816.1733,-429490.6250,  -1039.6476,    552.5621,  26053.9121,
       1,     169,      91,       1,       1,       3,       1,     10.0000,      1.4040,     42.6566,    249.5406,     62.7999,      3.4953,      0.0000,     -0.0324,      5.3606,      0.1600,      5.6045,     11.2089,      1.4138,     28.8551,     57.7103,      0.0193,      0.0042,      0.0156,      0.2051,   7816.1738,-428926.5000,  -1039.9243,    552.6141,  26055.0742,
       1,     169,      91,       2,       1,       3,       1,     10.0000,      1.4040,     42.6566,    249.5406,     62.7999,      3.4953,      0.0000,     -0.0323,      4.4090,      0.1548,      5.6045,     11.2089,      1.3677,     28.8551,     57.7103,      0.0193,      0.0035,      0.0156,      0.2051,   7816.5225,-426519.3125,  -1038.8883,    552.7803,  26055.0742,
       1,     169,      91,       3,       1,       3,       1,     10.0000,      1.4040,     42.6566,    249.5406,     62.7999,      3.4953,      0.0000,     -0.0323,      3.8724,      0.1543,      5.6045,     11.2089,      1.3636,     28.8551,     57.7103,      0.0193,      0.0030,      0.0156,      0.2051,   7816.5225,-425134.5938,  -1038.5314,    552.8761,  26055.0742,
       1,     169,      91,       4,       1,       3,       1,     10.0000,      1.4040,     42.6566,    249.5406,     62.7999,      3.4953,      0.0000,     -0.0321,      3.8666,      0.1503,      5.6045,     11.2089,      1.3284,     28.8551,     57.7103,      0.0193,      0.0030,      0.0156,      0.2051,   7816.5225,-424351.2188,  -1038.3340,    552.9302,  26055.0762,
       1,     169,      91,       5,       1,       3,       1,     10.0000,      1.4040,     42.6566,    249.5406,     62.7999,      3.4953,      0.0000,     -0.0319,      3.0434,      0.1451,      5.6045,     11.2089,      1.2823,     28.8551,     57.7103,      0.0193,      0.0024,      0.0156,      0.2051,   7816.5229,-424276.6250,  -1038.3282,    552.9354,  26055.0742,
       1,     169,      91,       6,       1,       3,       1,     10.0000,      1.4040,     42.6566,    249.5406,     62.7999,      3.4953,      0.0000,     -0.0317,      2.6465,      0.1401,      5.6045,     11.2089,      1.2378,     28.8551,     57.7103,      0.0193,      0.0021,      0.0156,      0.2051,   7816.5225,-423251.0625,  -1038.0552,    553.0063,  26055.0742,
       1,     169,      91,       7,       1,       3,       1,     10.0000,      1.4040,     42.6566,    249.5406,     62.7999,      3.4953,      0.0000,     -0.0317,      2.1584,      0.1387,      5.6045,     11.2089,      1.2253,     28.8551,     57.7103,      0.0193,      0.0017,      0.0156,      0.2051,   7816.5225,-422671.5625,  -1037.9041,    553.0463,  26055.0742,
       1,     169,      91,       8,       1,       3,       1,     10.0000,      1.4040,     42.6566,    249.5406,     62.7999,      3.4953,      0.0093,     -0.0225,      1.7094,      0.1412,      5.6045,     11.2089,      1.2478,     28.8551,     57.7103,      0.0193,      0.0013,      0.0156,      0.2051,   7816.5225,-422017.3438,  -1037.7310,    553.0916,  26055.0742,
       1,     169,      91,       9,       1,       3,       1,     10.0000,      1.4040,     42.6566,    249.5406,     62.7999,      3.4953,      0.1190,      0.0871,     16.4725,      0.1432,      5.6045,     11.2089,      1.2656,     28.8551,     57.7103,      0.0193,      0.0014,      0.1491,      0.2051,   7816.5225,-421405.2500,  -1037.5667,    553.1340,  26055.0742,
       1,     169,      91,      10,       1,       3,       1,     10.0000,      1.4040,     42.6566,    249.5406,     62.7999,      3.4953,      0.1653,      0.1331,     19.6926,      0.1546,      5.6045,     11.2089,      1.3664,     28.8551,     57.7103,      0.0193,      0.0011,      0.2155,      0.2051,   7816.5225,-439638.4375,  -1042.7498,    551.8733,  26055.0742,
       1,     169,      91,      11,       1,       3,       1,     10.0000,      1.4040,     42.6566,    249.5406,     62.7999,      3.4953,      0.1891,      0.1569,     17.6216,      0.1545,      5.6045,     11.2089,      1.3650,     28.8551,     57.7103,      0.0193,      0.0009,      0.2500,      0.2050,   7816.5225,-445193.0625,  -1044.4318,    551.4915,  26055.0762,
       1,     169,      91,      12,       1,       3,       1,     10.0000,      1.4040,     42.6566,    249.5406,     62.7999,      3.4953,      0.1892,      0.1568,     19.1603,      0.1579,      5.6045,     11.2089,      1.3955,     28.8551,     57.7103,      0.0193,      0.0009,      0.2500,      0.2050,   7816.5229,-443100.4688,  -1052.6752,    551.6358,  26055.0742,
       1,     169,      91,      13,       1,       3,       1,     10.0000,      1.4040,     42.6566,    249.5406,     62.7999,      3.4953,      0.1893,      0.1565,     22.1766,      0.1725,      5.6045,     11.2089,      1.5239,     28.8551,     57.7103,      0.0193,      0.0011,      0.2500,      0.2050,   7816.5225,-444828.2500,  -1053.1788,    551.5167,  26055.0762,
       1,     169,      91,      14,       1,       3,       1,     10.0000,      1.4040,     42.6566,    249.5406,     62.7999,      3.4953,      0.1892,      0.1557,     22.4689,      0.1933,      5.6045,     11.2089,      1.7085,     28.8551,     57.7103,      0.0193,      0.0011,      0.2500,      0.2050,   7816.5229,-448713.0000,  -1054.2164,    551.2490,  26055.0742,
       1,     169,      91,      15,       1,       3,       1,     10.0000,      1.4040,     42.6566,    249.5406,     62.7999,      3.4953,      0.1903,      0.1563,     38.1078,      0.2103,      5.6045,     11.2089,      1.8581,     28.8551,     57.7103,      0.0193,      0.0019,      0.2500,      0.2050,   7816.5225,-449407.8750,  -1054.3806,    551.2012,  26055.0742,
       1,     169,      91,      16,       1,       3,       1,     10.0000,      1.4040,     42.6566,    249.5406,     62.7999,      3.4953,      0.1900,      0.1564,     32.3060,      0.1960,      5.6045,     11.2089,      1.7323,     28.8551,     57.7103,      0.0193,      0.0016,      0.2500,      0.2050,   7816.5225,-468845.5312,  -1059.8357,    549.8618,  26055.0742,
       1,     169,      91,      17,       1,       3,       1,     10.0000,      1.4040,     42.6566,    249.5406,     62.7999,      3.4953,      0.1892,      0.1562,     21.0176,      0.1765,      5.6045,     11.2089,      1.5593,     28.8551,     57.7103,      0.0193,      0.0010,      0.2500,      0.2050,   7816.5225,-463320.6250,  -1058.4528,    550.2432,  26055.0742,
       1,     169,      91,      18,       1,       3,       1,     10.0000,      1.4040,     42.6566,    249.5406,     62.7999,      3.4953,      0.1783,      0.1455,     33.4209,      0.1697,      5.6045,     11.2089,      1.4998,     28.8551,     57.7103,      0.0193,      0.0018,      0.2327,      0.2050,   7816.5225,-448856.4688,  -1054.5026,    551.2383,  26055.0742,
       1,     169,      91,      19,       1,       3,       1,     10.0000,      1.4040,     42.6566,    249.5406,     62.7999,      3.4953,      0.1442,      0.1117,     42.1132,      0.1614,      5.6045,     11.2089,      1.4266,     28.8551,     57.7103,      0.0193,      0.0028,      0.1824,      0.2050,   7816.5225,-462991.8125,  -1058.5935,    550.2651,  26055.0742,
       1,     169,      91,      20,       1,       3,       1,     10.0000,      1.4040,     42.6566,    249.5406,     62.7999,      3.4953,      0.0281,     -0.0044,      5.3864,      0.1605,      5.6045,     11.2089,      1.4181,     28.8551,     57.7103,      0.0193,      0.0035,      0.0190,      0.2050,   7816.5225,-474974.6875,  -1062.1895,    549.4418,  26055.0742,
       1,     169,      91,      21,       1,       3,       1,     10.0000,      1.4040,     42.6566,    249.5406,     62.7999,      3.4953,      0.0000,     -0.0324,      4.5479,      0.1578,      5.6045,     11.2089,      1.3941,     28.8551,     57.7103,      0.0193,      0.0036,      0.0156,      0.2050,   7816.5225,-430472.6250,  -1049.8657,    552.4988,  26055.0742,
       1,     169,      91,      22,       1,       3,       1,     10.0000,      1.4040,     42.6566,    249.5406,     62.7999,      3.4953,      0.0000,     -0.0324,      3.7977,      0.1598,      5.6045,     11.2089,      1.4124,     28.8551,     57.7103,      0.0193,      0.0030,      0.0156,      0.2051,   7816.5225,-425655.3438,  -1048.5144,    552.8400,  26055.0742,
       1,     169,      91,      23,       1,       3,       1,     10.0000,      1.4040,     42.6566,    249.5406,     62.7999,      3.4953,      0.0000,     -0.0324,      2.3822,      0.1582,      5.6045,     11.2089,      1.3983,     28.8551,     57.7103,      0.0193,      0.0019,      0.0156,      0.2051,   7816.5225,-424303.4375,  -1048.1257,    552.9336,  26055.0762,
       1,     169,      91,      24,       1,       3,       1,     10.0000,      1.4040,     42.6566,    249.5406,     62.7999,      3.4953,      0.0000,     -0.0323,      1.8193,      0.1570,      5.6045,     11.2089,      1.3871,     28.8551,     57.7103,      0.0193,      0.0014,      0.0156,      0.2051,   7816.5229,-422433.8750,  -1047.6016,    553.0628,  26055.0742,
       1,     169,      92,       1,       1,       3,       1,     10.0000,      1.4040,     42.6569,    249.5465,     62.8013,      3.4953,      0.0000,     -0.0323,      1.5140,      0.1563,      5.6039,     11.2079,      1.3816,     28.8640,     57.7280,      0.0193,      0.0012,      0.0156,      0.2051,   7816.5225,-421732.1875,  -1047.8125,    553.1243,  26056.2402,
       1,     169,      92,       2,       1,       3,       1,     10.0000,      1.4040,     42.6569,    249.5465,     62.8013,      3.4953,      0.0000,     -0.0323,      1.1600,      0.1565,      5.6039,     11.2079,      1.3830,     28.8640,     57.7280,      0.0193,      0.0009,      0.0156,      0.2051,   7816.8726,-421141.6250,  -1047.2488,    553.1651,  26056.2383,
       1,     169,      92,       3,       1,       3,       1,     10.0000,      1.4040,     42.6569,    249.5465,     62.8013,      3.4953,      0.0000,     -0.0323,      0.9955,      0.1548,      5.6039,     11.2079,      1.3678,     28.8640,     57.7280,      0.0193,      0.0008,      0.0156,      0.2051,   7816.8716,-420652.8438,  -1047.1136,    553.1989,  26056.2402,
       1,     169,      92,       4,       1,       3,       1,     10.0000,      1.4040,     42.6569,    249.5465,     62.8013,      3.4953,      0.0000,     -0.0322,      0.9729,      0.1535,      5.6039,     11.2079,      1.3568,     28.8640,     57.7280,      0.0193,      0.0008,      0.0156,      0.2051,   7816.8726,-420407.1562,  -1047.0458,    553.2159,  26056.2402,
       1,     169,      92,       5,       1,       3,       1,     10.0000,      1.4040,     42.6569,    249.5465,     62.8013,      3.4953,      0.0000,     -0.0321,      0.9523,      0.1490,      5.6039,     11.2079,      1.3164,     28.8640,     57.7280,      0.0193,      0.0007,      0.0156,      0.2051,   7816.8726,-420357.9688,  -1047.0336,    553.2193,  26056.2402,
       1,     169,      92,       6,       1,       3,       1,     10.0000,      1.4040,     42.6569,    249.5465,     62.8013,      3.4953,      0.0000,     -0.0320,      1.0994,      0.1473,      5.6039,     11.2079,      1.3019,     28.8640,     57.7280,      0.0193,      0.0009,      0.0156,      0.2051,   7816.8726,-420328.2812,  -1047.0260,    553.2214,  26056.2402,
       1,     169,      92,       7,       1,       3,       1,     10.0000,      1.4040,     42.6569,    249.5465,     62.8013,      3.4953,      0.0000,     -0.0319,      1.1180,      0.1456,      5.6039,     11.2079,      1.2863,     28.8640,     57.7280,      0.0193,      0.0009,      0.0156,      0.2051,   7816.8726,-420507.8750,  -1047.0743,    553.2089,  26056.2402,
       1,     169,      92,       8,       1,       3,       1,     10.0000,      1.4040,     42.6569,    249.5465,     62.8013,      3.4953,      0.0038,     -0.0282,      1.0114,      0.1476,      5.6039,     11.2079,      1.3046,     28.8640,     57.7280,      0.0193,      0.0008,      0.0156,      0.2051,   7816.8726,-420546.4688,  -1047.0835,    553.2063,  26056.2402,
       1,     169,      92,       9,       1,       3,       1,     10.0000,      1.4040,     42.6569,    249.5465,     62.8013,      3.4953,      0.0928,      0.0606,      5.4851,      0.1525,      5.6039,     11.2079,      1.3473,     28.8640,     57.7280,      0.0193,      0.0006,      0.1125,      0.2051,   7816.8726,-420417.5625,  -1047.0469,    553.2152,  26056.2402,
       1,     169,      92,      10,       1,       3,       1,     10.0000,      1.4040,     42.6569,    249.5465,     62.8013,      3.4953,      0.1551,      0.1224,     11.5974,      0.1672,      5.6039,     11.2079,      1.4775,     28.8640,     57.7280,      0.0193,      0.0007,      0.2016,      0.2051,   7816.8726,-425947.0625,  -1048.5757,    552.8328,  26056.2402,
       1,     169,      92,      11,       1,       3,       1,     10.0000,      1.4040,     42.6569,    249.5465,     62.8013,      3.4953,      0.1717,      0.1379,     17.2059,      0.2015,      5.6039,     11.2079,      1.7810,     28.8640,     57.7280,      0.0193,      0.0009,      0.2252,      0.2051,   7816.8726,-433991.2500,  -1050.7953,    552.2770,  26056.2402,
       1,     169,      92,      12,       1,       3,       1,     10.0000,      1.4040,     42.6569,    249.5465,     62.8013,      3.4953,      0.1582,      0.1240,     16.5014,      0.2166,      5.6039,     11.2079,      1.9138,     28.8640,     57.7280,      0.0193,      0.0010,      0.2056,      0.2051,   7816.8726,-441627.7812,  -1052.8643,    551.7501,  26056.2402,
       1,     169,      92,      13,       1,       3,       1,     10.0000,      1.4040,     42.6569,    249.5465,     62.8013,      3.4953,      0.1594,      0.1251,     15.7531,      0.2191,      5.6039,     11.2079,      1.9365,     28.8640,     57.7280,      0.0193,      0.0009,      0.2074,      0.2051,   7816.8726,-441408.7500,  -1052.8375,    551.7655,  26056.2383,
       1,     169,      92,      14,       1,       3,       1,     10.0000,      1.4040,     42.6569,    249.5465,     62.8013,      3.4953,      0.1584,      0.1234,     20.3007,      0.2455,      5.6039,     11.2079,      2.1691,     28.8640,     57.7280,      0.0193,      0.0012,      0.2055,      0.2051,   7816.8716,-440462.7500,  -1052.6146,    551.8307,  26056.2402,
       1,     169,      92,      15,       1,       3,       1,     10.0000,      1.4040,     42.6569,    249.5465,     62.8013,      3.4953,      0.1846,      0.1496,     38.9202,      0.2457,      5.6039,     11.2079,      2.1713,     28.8640,     57.7280,      0.0193,      0.0020,      0.2419,      0.2051,   7816.8726,-446015.3750,  -1054.2433,    551.4478,  26056.2402,
       1,     169,      92,      16,       1,       3,       1,     10.0000,      1.4040,     42.6569,    249.5465,     62.8013,      3.4953,      0.1935,      0.1596,     78.4379,      0.2054,      5.6039,     11.2079,      1.8147,     28.8640,     57.7280,      0.0193,      0.0038,      0.2500,      0.2051,   7816.8726,-469558.4688,  -1060.9872,    549.8250,  26056.2402,
       1,     169,      92,      17,       1,       3,       1,     10.0000,      1.4040,     42.6569,    249.5465,     62.8013,      3.4953,      0.1855,      0.1523,     81.9603,      0.1816,      5.6039,     11.2079,      1.6050,     28.8640,     57.7280,      0.0193,      0.0042,      0.2376,      0.2050,   7816.8726,-520553.8125,  -1075.6620,    546.3226,  26056.2402,
       1,     169,      92,      18,       1,       3,       1,     10.0000,      1.4040,     42.6569,    249.5465,     62.8013,      3.4953,      0.1391,      0.1058,     67.5572,      0.1856,      5.6039,     11.2079,      1.6405,     28.8640,     57.7280,      0.0193,      0.0048,      0.1720,      0.2050,   7816.8726,-529306.6875,  -1078.6915,    545.7359,  26056.2402,
       1,     169,      92,      19,       1,       3,       1,     10.0000,      1.4040,     42.6569,    249.5465,     62.8013,      3.4953,      0.1304,      0.0973,     66.5047,      0.1791,      5.6039,     11.2079,      1.5828,     28.8640,     57.7280,      0.0193,      0.0051,      0.1596,      0.2050,   7816.8726,-512173.0000,  -1074.4028,    546.9051,  26056.2402,
       1,     169,      92,      20,       1,       3,       1,     10.0000,      1.4040,     42.6569,    249.5465,     62.8013,      3.4953,      0.0191,     -0.0140,      2.2295,      0.1795,      5.6039,     11.2079,      1.5860,     28.8640,     57.7280,      0.0193,      0.0050,      0.0055,      0.2050,   7816.8726,-509410.5000,  -1074.1177,    547.0952,  26056.2402,
       1,     169,      92,      21,       1,       3,       1,     10.0000,      1.4040,     42.6569,    249.5465,     62.8013,      3.4953,      0.0000,     -0.0325,      4.1638,      0.1626,      5.6039,     11.2079,      1.4367,     28.8640,     57.7280,      0.0193,      0.0033,      0.0156,      0.2050,   7816.8726,-429465.0625,  -1051.5887,    552.5624,  26056.2383,
       1,     169,      92,      22,       1,       3,       1,     10.0000,      1.4040,     42.6569,    249.5465,     62.8013,      3.4953,      0.0000,     -0.0324,      2.5379,      0.1597,      5.6039,     11.2079,      1.4110,     28.8640,     57.7280,      0.0193,      0.0020,      0.0156,      0.2051,   7816.8716,-425119.4688,  -1050.3473,    552.8900,  26056.2383,
       1,     169,      92,      23,       1,       3,       1,     10.0000,      1.4040,     42.6569,    249.5465,     62.8013,      3.4953,      0.0000,     -0.0325,      2.7356,      0.1627,      5.6039,     11.2079,      1.4381,     28.8640,     57.7280,      0.0193,      0.0021,      0.0156,      0.2051,   7816.8716,-422700.0000,  -1049.6593,    553.0573,  26056.2402,
       1,     169,      92,      24,       1,       3,       1,     10.0000,      1.4040,     42.6569,    249.5465,     62.8013,      3.4953,      0.0000,     -0.0326,      2.3972,      0.1655,      5.6039,     11.2079,      1.4628,     28.8640,     57.7280,      0.0193,      0.0019,      0.0156,      0.2051,   7816.8726,-422737.4688,  -1049.6562,    553.0547,  26056.2383,
       1,     169,      93,       1,       1,       3,       1,     10.0000,      1.4040,     42.6572,    249.5524,     62.8028,      3.4953,      0.0000,     -0.0326,      2.7493,      0.1647,      5.6047,     11.2094,      1.4555,     28.8672,     57.7344,      0.0193,      0.0022,      0.0156,      0.2051,   7816.8716,-422476.5625,  -1049.9844,    553.0857,  26057.4062,
       1,     169,      93,       2,       1,       3,       1,     10.0000,      1.4040,     42.6572,    249.5524,     62.8028,      3.4953,      0.0000,     -0.0326,      1.7109,      0.1632,      5.6047,     11.2094,      1.4425,     28.8672,     57.7344,      0.0193,      0.0013,      0.0156,      0.2051,   7817.2222,-422737.6875,  -1049.6384,    553.0676,  26057.4043,
       1,     169,      93,       3,       1,       3,       1,     10.0000,      1.4040,     42.6572,    249.5524,     62.8028,      3.4953,      0.0000,     -0.0325,      1.4881,      0.1626,      5.6047,     11.2094,      1.4367,     28.8672,     57.7344,      0.0193,      0.0012,      0.0156,      0.2051,   7817.2217,-421474.5000,  -1049.2769,    553.1550,  26057.4043,
       1,     169,      93,       4,       1,       3,       1,     10.0000,      1.4040,     42.6572,    249.5524,     62.8028,      3.4953,      0.0000,     -0.0325,      1.4650,      0.1600,      5.6047,     11.2094,      1.4139,     28.8672,     57.7344,      0.0193,      0.0011,      0.0156,      0.2051,   7817.2217,-421090.4688,  -1049.1636,    553.1816,  26057.4043,
       1,     169,      93,       5,       1,       3,       1,     10.0000,      1.4040,     42.6572,    249.5524,     62.8028,      3.4953,      0.0000,     -0.0322,      1.7365,      0.1528,      5.6047,     11.2094,      1.3500,     28.8672,     57.7344,      0.0193,      0.0014,      0.0156,      0.2051,   7817.2217,-421028.9375,  -1049.1410,    553.1858,  26057.4062,
       1,     169,      93,       6,       1,       3,       1,     10.0000,      1.4040,     42.6572,    249.5524,     62.8028,      3.4953,      0.0000,     -0.0321,      1.7986,      0.1493,      5.6047,     11.2094,      1.3191,     28.8672,     57.7344,      0.0193,      0.0014,      0.0156,      0.2051,   7817.2222,-421359.5312,  -1049.2266,    553.1630,  26057.4043,
       1,     169,      93,       7,       1,       3,       1,     10.0000,      1.4040,     42.6572,    249.5524,     62.8028,      3.4953,      0.0000,     -0.0320,      1.7565,      0.1459,      5.6047,     11.2094,      1.2889,     28.8672,     57.7344,      0.0193,      0.0014,      0.0156,      0.2051,   7817.2217,-421464.9688,  -1049.2516,    553.1557,  26057.4043,
       1,     169,      93,       8,       1,       3,       1,     10.0000,      1.4040,     42.6572,    249.5524,     62.8028,      3.4953,      0.0135,     -0.0183,      1.6415,      0.1427,      5.6047,     11.2094,      1.2606,     28.8672,     57.7344,      0.0193,      0.0013,      0.0156,      0.2051,   7817.2217,-421421.9062,  -1049.2412,    553.1586,  26057.4043,
       1,     169,      93,       9,       1,       3,       1,     10.0000,      1.4040,     42.6572,    249.5524,     62.8028,      3.4953,      0.0720,      0.0399,      8.5533,      0.1481,      5.6047,     11.2094,      1.3085,     28.8672,     57.7344,      0.0193,      0.0013,      0.0823,      0.2051,   7817.2217,-421275.8750,  -1049.1937,    553.1687,  26057.4043,
       1,     169,      93,      10,       1,       3,       1,     10.0000,      1.4040,     42.6572,    249.5524,     62.8028,      3.4953,      0.1258,      0.0923,     16.3127,      0.1932,      5.6047,     11.2094,      1.7069,     28.8672,     57.7344,      0.0193,      0.0013,      0.1586,      0.2051,   7817.2217,-429822.3125,  -1051.6306,    552.5777,  26057.4023,
       1,     169,      93,      11,       1,       3,       1,     10.0000,      1.4040,     42.6572,    249.5524,     62.8028,      3.4953,      0.1641,      0.1298,     17.1991,      0.2222,      5.6047,     11.2094,      1.9633,     28.8672,     57.7344,      0.0193,      0.0010,      0.2142,      0.2051,   7817.2212,-440165.0625,  -1054.6169,    551.8636,  26057.4043,
       1,     169,      93,      12,       1,       3,       1,     10.0000,      1.4040,     42.6572,    249.5524,     62.8028,      3.4953,      0.1885,      0.1537,     17.5378,      0.2382,      5.6047,     11.2094,      2.1046,     28.8672,     57.7344,      0.0193,      0.0009,      0.2500,      0.2051,   7817.2217,-442148.6562,  -1055.2158,    551.7272,  26057.4043,
       1,     169,      93,      13,       1,       3,       1,     10.0000,      1.4040,     42.6572,    249.5524,     62.8028,      3.4953,      0.1884,      0.1530,     17.9832,      0.2607,      5.6047,     11.2094,      2.3040,     28.8672,     57.7344,      0.0193,      0.0009,      0.2500,      0.2051,   7817.2217,-442737.3438,  -1055.3358,    551.6867,  26057.4043,
       1,     169,      93,      14,       1,       3,       1,     10.0000,      1.4040,     42.6572,    249.5524,     62.8028,      3.4953,      0.1887,      0.1532,     21.0567,      0.2633,      5.6047,     11.2094,      2.3265,     28.8672,     57.7344,      0.0193,      0.0010,      0.2500,      0.2051,   7817.2217,-443339.3125,  -1055.4387,    551.6453,  26057.4043,
       1,     169,      93,      15,       1,       3,       1,     10.0000,      1.4040,     42.6572,    249.5524,     62.8028,      3.4953,      0.1939,      0.1586,     87.2501,      0.2550,      5.6047,     11.2094,      2.2531,     28.8672,     57.7344,      0.0193,      0.0043,      0.2500,      0.2051,   7817.2217,-447197.8438,  -1056.5106,    551.3792,  26057.4043,
       1,     169,      93,      16,       1,       3,       1,     10.0000,      1.4040,     42.6572,    249.5524,     62.8028,      3.4953,      0.1935,      0.1583,    127.7525,      0.2525,      5.6047,     11.2094,      2.2313,     28.8672,     57.7344,      0.0193,      0.0064,      0.2448,      0.2051,   7817.2217,-529527.4375,  -1080.3365,    545.7049,  26057.4043,
       1,     169,      93,      17,       1,       3,       1,     10.0000,      1.4040,     42.6572,    249.5524,     62.8028,      3.4953,      0.1879,      0.1529,    138.8126,      0.2426,      5.6047,     11.2094,      2.1440,     28.8672,     57.7344,      0.0193,      0.0072,      0.2352,      0.2050,   7817.2217,-586884.3750,  -1097.5007,    541.8215,  26057.4043,
       1,     169,      93,      18,       1,       3,       1,     10.0000,      1.4040,     42.6572,    249.5524,     62.8028,      3.4953,      0.1732,      0.1387,    135.8611,      0.2268,      5.6047,     11.2094,      2.0041,     28.8672,     57.7344,      0.0193,      0.0078,      0.2140,      0.2049,   7817.2217,-605516.1250,  -1103.8844,    540.5734,  26057.4043,
       1,     169,      93,      19,       1,       3,       1,     10.0000,      1.4040,     42.6572,    249.5524,     62.8028,      3.4953,      0.1327,      0.0985,    107.7215,      0.2176,      5.6047,     11.2094,      1.9232,     28.8672,     57.7344,      0.0193,      0.0083,      0.1580,      0.2049,   7817.2217,-603427.3750,  -1104.4099,    540.7160,  26057.4023,
       1,     169,      93,      20,       1,       3,       1,     10.0000,      1.4040,     42.6572,    249.5524,     62.8028,      3.4953,      0.0181,     -0.0153,      2.0888,      0.1911,      5.6047,     11.2094,      1.6884,     28.8672,     57.7344,      0.0193,      0.0069,      0.0037,      0.2049,   7817.2212,-568299.8750,  -1095.2562,    543.0901,  26057.4004,
       1,     169,      93,      21,       1,       3,       1,     10.0000,      1.4040,     42.6572,    249.5524,     62.8028,      3.4953,      0.0000,     -0.0330,      7.8436,      0.1751,      5.6047,     11.2094,      1.5470,     28.8672,     57.7344,      0.0193,      0.0061,      0.0156,      0.2049,   7817.2202,-434215.0312,  -1056.7620,    552.1979,  26057.4004,
       1,     169,      93,      22,       1,       3,       1,     10.0000,      1.4040,     42.6572,    249.5524,     62.8028,      3.4953,      0.0000,     -0.0328,      7.3508,      0.1694,      5.6047,     11.2094,      1.4969,     28.8672,     57.7344,      0.0193,      0.0058,      0.0156,      0.2051,   7817.2202,-430147.0000,  -1055.5626,    552.5556,  26057.4004,
       1,     169,      93,      23,       1,       3,       1,     10.0000,      1.4040,     42.6572,    249.5524,     62.8028,      3.4953,      0.0000,     -0.0327,      6.3656,      0.1684,      5.6047,     11.2094,      1.4879,     28.8672,     57.7344,      0.0193,      0.0050,      0.0156,      0.2051,   7817.2202,-429093.5000,  -1055.2281,    552.6284,  26057.4004,
       1,     169,      93,      24,       1,       3,       1,     10.0000,      1.4040,     42.6572,    249.5524,     62.8028,      3.4953,      0.0000,     -0.0328,      6.1128,      0.1706,      5.6047,     11.2094,      1.5074,     28.8672,     57.7344,      0.0193,      0.0048,      0.0156,      0.2051,   7817.2202,-427783.1875,  -1054.8253,    552.7190,  26057.4004,
       1,     169,      94,       1,       1,       3,       1,     10.0000,      1.4041,     42.6576,    249.5582,     62.8043,      3.4953,      0.0000,     -0.0326,      4.0255,      0.1639,      5.6049,     11.2098,      1.4483,     28.8723,     57.7446,      0.0193,      0.0032,      0.0156,      0.2051,   7817.2202,-427512.3438,  -1055.1448,    552.7507,  26058.5645,
       1,     169,      94,       2,       1,       3,       1,     10.0000,      1.4041,     42.6576,    249.5582,     62.8043,      3.4953,      0.0000,     -0.0325,      3.0186,      0.1603,      5.6049,     11.2098,      1.4167,     28.8723,     57.7446,      0.0193,      0.0024,      0.0156,      0.2051,   7817.5698,-424752.2188,  -1053.9271,    552.9413,  26058.5664,
       1,     169,      94,       3,       1,       3,       1,     10.0000,      1.4041,     42.6576,    249.5582,     62.8043,      3.4953,      0.0000,     -0.0325,      2.6954,      0.1602,      5.6049,     11.2098,      1.4153,     28.8723,     57.7446,      0.0193,      0.0021,      0.0156,      0.2051,   7817.5703,-423269.1562,  -1053.4911,    553.0439,  26058.5645,
       1,     169,      94,       4,       1,       3,       1,     10.0000,      1.4041,     42.6576,    249.5582,     62.8043,      3.4953,      0.0000,     -0.0323,      2.5544,      0.1559,      5.6049,     11.2098,      1.3775,     28.8723,     57.7446,      0.0193,      0.0020,      0.0156,      0.2051,   7817.5698,-422742.1562,  -1053.3335,    553.0804,  26058.5645,
       1,     169,      94,       5,       1,       3,       1,     10.0000,      1.4041,     42.6576,    249.5582,     62.8043,      3.4953,      0.0000,     -0.0323,      2.5240,      0.1551,      5.6049,     11.2098,      1.3706,     28.8723,     57.7446,      0.0193,      0.0020,      0.0156,      0.2051,   7817.5698,-422522.2812,  -1053.2660,    553.0955,  26058.5645,
       1,     169,      94,       6,       1,       3,       1,     10.0000,      1.4041,     42.6576,    249.5582,     62.8043,      3.4953,      0.0000,     -0.0322,      2.0384,      0.1534,      5.6049,     11.2098,      1.3555,     28.8723,     57.7446,      0.0193,      0.0016,      0.0156,      0.2051,   7817.5698,-422466.0312,  -1053.2479,    553.0994,  26058.5645,
       1,     169,      94,       7,       1,       3,       1,     10.0000,      1.4041,     42.6576,    249.5582,     62.8043,      3.4953,      0.0000,     -0.0321,      1.7849,      0.1502,      5.6049,     11.2098,      1.3272,     28.8723,     57.7446,      0.0193,      0.0014,      0.0156,      0.2051,   7817.5698,-421859.8750,  -1053.0712,    553.1414,  26058.5645,
       1,     169,      94,       8,       1,       3,       1,     10.0000,      1.4041,     42.6576,    249.5582,     62.8043,      3.4953,      0.0131,     -0.0191,      1.5907,      0.1509,      5.6049,     11.2098,      1.3339,     28.8723,     57.7446,      0.0193,      0.0012,      0.0156,      0.2051,   7817.5698,-421494.1562,  -1052.9658,    553.1667,  26058.5645,
       1,     169,      94,       9,       1,       3,       1,     10.0000,      1.4041,     42.6576,    249.5582,     62.8043,      3.4953,      0.1517,      0.1193,     17.1450,      0.1594,      5.6049,     11.2098,      1.4082,     28.8723,     57.7446,      0.0193,      0.0011,      0.1961,      0.2051,   7817.5698,-421222.3125,  -1052.8835,    553.1855,  26058.5645,
       1,     169,      94,      10,       1,       3,       1,     10.0000,      1.4041,     42.6576,    249.5582,     62.8043,      3.4953,      0.1707,      0.1376,     21.0110,      0.1791,      5.6049,     11.2098,      1.5829,     28.8723,     57.7446,      0.0193,      0.0012,      0.2232,      0.2051,   7817.5698,-440457.8125,  -1058.4694,    551.8553,  26058.5645,
       1,     169,      94,      11,       1,       3,       1,     10.0000,      1.4041,     42.6576,    249.5582,     62.8043,      3.4953,      0.1848,      0.1511,     25.0336,      0.1986,      5.6049,     11.2098,      1.7549,     28.8723,     57.7446,      0.0193,      0.0013,      0.2434,      0.2051,   7817.5698,-446896.7812,  -1060.4121,    551.4127,  26058.5625,
       1,     169,      94,      12,       1,       3,       1,     10.0000,      1.4041,     42.6576,    249.5582,     62.8043,      3.4953,      0.1892,      0.1545,     24.8392,      0.2313,      5.6049,     11.2098,      2.0438,     28.8723,     57.7446,      0.0193,      0.0012,      0.2500,      0.2051,   7817.5688,-452428.7812,  -1062.1132,    551.0317,  26058.5625,
       1,     169,      94,      13,       1,       3,       1,     10.0000,      1.4041,     42.6576,    249.5582,     62.8043,      3.4953,      0.1886,      0.1537,     18.8639,      0.2436,      5.6049,     11.2098,      2.1524,     28.8723,     57.7446,      0.0193,      0.0009,      0.2500,      0.2051,   7817.5688,-452660.8750,  -1062.2506,    551.0157,  26058.5625,
       1,     169,      94,      14,       1,       3,       1,     10.0000,      1.4041,     42.6576,    249.5582,     62.8043,      3.4953,      0.1890,      0.1542,     23.5116,      0.2386,      5.6049,     11.2098,      2.1087,     28.8723,     57.7446,      0.0193,      0.0011,      0.2500,      0.2051,   7817.5688,-445278.8438,  -1060.1227,    551.5243,  26058.5625,
       1,     169,      94,      15,       1,       3,       1,     10.0000,      1.4041,     42.6576,    249.5582,     62.8043,      3.4953,      0.1913,      0.1564,     53.9430,      0.2441,      5.6049,     11.2098,      2.1566,     28.8723,     57.7446,      0.0193,      0.0026,      0.2500,      0.2051,   7817.5688,-450405.1562,  -1061.6466,    551.1711,  26058.5625,
       1,     169,      94,      16,       1,       3,       1,     10.0000,      1.4041,     42.6576,    249.5582,     62.8043,      3.4953,      0.1941,      0.1595,     88.8560,      0.2317,      5.6049,     11.2098,      2.0478,     28.8723,     57.7446,      0.0193,      0.0043,      0.2500,      0.2051,   7817.5688,-488538.6562,  -1072.9752,    548.5439,  26058.5625,
       1,     169,      94,      17,       1,       3,       1,     10.0000,      1.4041,     42.6576,    249.5582,     62.8043,      3.4953,      0.1911,      0.1568,    120.3408,      0.2185,      5.6049,     11.2098,      1.9309,     28.8723,     57.7446,      0.0193,      0.0061,      0.2418,      0.2051,   7817.5688,-535086.1250,  -1087.0511,    545.3585,  26058.5605,
       1,     169,      94,      18,       1,       3,       1,     10.0000,      1.4041,     42.6576,    249.5582,     62.8043,      3.4953,      0.1782,      0.1442,    112.0450,      0.2095,      5.6049,     11.2098,      1.8509,     28.8723,     57.7446,      0.0193,      0.0061,      0.2239,      0.2050,   7817.5684,-578129.2500,  -1100.4406,    542.4335,  26058.5605,
       1,     169,      94,      19,       1,       3,       1,     10.0000,      1.4041,     42.6576,    249.5582,     62.8043,      3.4953,      0.1216,      0.0878,     68.7842,      0.2010,      5.6049,     11.2098,      1.7758,     28.8723,     57.7446,      0.0193,      0.0057,      0.1463,      0.2050,   7817.5684,-571516.0000,  -1099.4293,    542.8897,  26058.5605,
       1,     169,      94,      20,       1,       3,       1,     10.0000,      1.4041,     42.6576,    249.5582,     62.8043,      3.4953,      0.0180,     -0.0154,      1.8966,      0.1886,      5.6049,     11.2098,      1.6668,     28.8723,     57.7446,      0.0193,      0.0063,      0.0037,      0.2050,   7817.5684,-517252.4375,  -1084.1986,    546.5723,  26058.5625,
       1,     169,      94,      21,       1,       3,       1,     10.0000,      1.4041,     42.6576,    249.5582,     62.8043,      3.4953,      0.0000,     -0.0331,      7.2939,      0.1802,      5.6049,     11.2098,      1.5924,     28.8723,     57.7446,      0.0193,      0.0057,      0.0156,      0.2050,   7817.5688,-429730.4375,  -1058.6119,    552.5645,  26058.5605,
       1,     169,      94,      22,       1,       3,       1,     10.0000,      1.4041,     42.6576,    249.5582,     62.8043,      3.4953,      0.0000,     -0.0330,      6.2481,      0.1761,      5.6049,     11.2098,      1.5563,     28.8723,     57.7446,      0.0193,      0.0049,      0.0156,      0.2051,   7817.5684,-429030.3438,  -1058.3994,    552.6458,  26058.5605,
       1,     169,      94,      23,       1,       3,       1,     10.0000,      1.4041,     42.6576,    249.5582,     62.8043,      3.4953,      0.0000,     -0.0329,      5.4385,      0.1745,      5.6049,     11.2098,      1.5424,     28.8723,     57.7446,      0.0193,      0.0043,      0.0156,      0.2051,   7817.5684,-427634.7812,  -1057.9845,    552.7422,  26058.5605,
       1,     169,      94,      24,       1,       3,       1,     10.0000,      1.4041,     42.6576,    249.5582,     62.8043,      3.4953,      0.0000,     -0.0328,      4.9523,      0.1706,      5.6049,     11.2098,      1.5074,     28.8723,     57.7446,      0.0193,      0.0039,      0.0156,      0.2051,   7817.5684,-426512.8125,  -1057.6511,    552.8197,  26058.5605,
       1,     169,      95,       1,       1,       3,       1,     10.0000,      1.4041,     42.6579,    249.5641,     62.8057,      3.4953,      0.0000,     -0.0328,      4.3836,      0.1704,      5.6044,     11.2088,      1.5059,     28.8809,     57.7618,      0.0193,      0.0034,      0.0156,      0.2052,   7817.5684,-425969.5000,  -1057.9171,    552.8702,  26059.7246,
       1,     169,      95,       2,       1,       3,       1,     10.0000,      1.4041,     42.6579,    249.5641,     62.8057,      3.4953,      0.0000,     -0.0328,      3.5546,      0.1692,      5.6044,     11.2088,      1.4954,     28.8809,     57.7618,      0.0193,      0.0028,      0.0156,      0.2052,   7817.9175,-425066.7812,  -1057.2310,    552.9326,  26059.7266,
       1,     169,      95,       3,       1,       3,       1,     10.0000,      1.4041,     42.6579,    249.5641,     62.8057,      3.4953,      0.0000,     -0.0326,      3.0180,      0.1651,      5.6044,     11.2088,      1.4585,     28.8809,     57.7618,      0.0193,      0.0024,      0.0156,      0.2052,   7817.9185,-423962.8438,  -1056.9047,    553.0089,  26059.7266,
       1,     169,      95,       4,       1,       3,       1,     10.0000,      1.4041,     42.6579,    249.5641,     62.8057,      3.4953,      0.0000,     -0.0326,      2.6415,      0.1631,      5.6044,     11.2088,      1.4411,     28.8809,     57.7618,      0.0193,      0.0021,      0.0156,      0.2052,   7817.9185,-423204.0000,  -1056.6819,    553.0614,  26059.7266,
       1,     169,      95,       5,       1,       3,       1,     10.0000,      1.4041,     42.6579,    249.5641,     62.8057,      3.4953,      0.0000,     -0.0325,      2.4026,      0.1597,      5.6044,     11.2088,      1.4111,     28.8809,     57.7618,      0.0193,      0.0019,      0.0156,      0.2052,   7817.9185,-422672.8125,  -1056.5255,    553.0980,  26059.7266,
       1,     169,      95,       6,       1,       3,       1,     10.0000,      1.4041,     42.6579,    249.5641,     62.8057,      3.4953,      0.0000,     -0.0325,      2.5411,      0.1605,      5.6044,     11.2088,      1.4182,     28.8809,     57.7618,      0.0193,      0.0020,      0.0156,      0.2052,   7817.9185,-422331.7188,  -1056.4253,    553.1216,  26059.7266,
       1,     169,      95,       7,       1,       3,       1,     10.0000,      1.4041,     42.6579,    249.5641,     62.8057,      3.4953,      0.0000,     -0.0325,      2.3162,      0.1624,      5.6044,     11.2088,      1.4353,     28.8809,     57.7618,      0.0193,      0.0018,      0.0156,      0.2052,   7817.9185,-422473.9688,  -1056.4669,    553.1118,  26059.7266,
       1,     169,      95,       8,       1,       3,       1,     10.0000,      1.4041,     42.6579,    249.5641,     62.8057,      3.4953,      0.0120,     -0.0206,      2.0741,      0.1654,      5.6044,     11.2088,      1.4615,     28.8809,     57.7618,      0.0193,      0.0016,      0.0156,      0.2052,   7817.9185,-422207.5938,  -1056.3898,    553.1302,  26059.7266,
       1,     169,      95,       9,       1,       3,       1,     10.0000,      1.4041,     42.6579,    249.5641,     62.8057,      3.4953,      0.1284,      0.0954,     22.4988,      0.1746,      5.6044,     11.2088,      1.5424,     28.8809,     57.7618,      0.0193,      0.0017,      0.1616,      0.2052,   7817.9185,-421885.0312,  -1056.2944,    553.1525,  26059.7266,
       1,     169,      95,      10,       1,       3,       1,     10.0000,      1.4041,     42.6579,    249.5641,     62.8057,      3.4953,      0.1732,      0.1395,     35.8031,      0.1974,      5.6044,     11.2088,      1.7445,     28.8809,     57.7618,      0.0193,      0.0019,      0.2252,      0.2052,   7817.9185,-447144.0625,  -1063.8380,    551.4061,  26059.7266,
       1,     169,      95,      11,       1,       3,       1,     10.0000,      1.4041,     42.6579,    249.5641,     62.8057,      3.4953,      0.1744,      0.1403,     39.6178,      0.2145,      5.6044,     11.2088,      1.8952,     28.8809,     57.7618,      0.0193,      0.0021,      0.2266,      0.2051,   7817.9185,-465790.3125,  -1069.5247,    550.1236,  26059.7266,
       1,     169,      95,      12,       1,       3,       1,     10.0000,      1.4041,     42.6579,    249.5641,     62.8057,      3.4953,      0.1913,      0.1565,     53.4695,      0.2382,      5.6044,     11.2088,      2.1047,     28.8809,     57.7618,      0.0193,      0.0026,      0.2499,      0.2051,   7817.9185,-472110.4062,  -1071.6361,    549.6904,  26059.7266,
       1,     169,      95,      13,       1,       3,       1,     10.0000,      1.4041,     42.6579,    249.5641,     62.8057,      3.4953,      0.1921,      0.1572,     62.8735,      0.2412,      5.6044,     11.2088,      2.1316,     28.8809,     57.7618,      0.0193,      0.0031,      0.2500,      0.2051,   7817.9185,-489810.3750,  -1077.1660,    548.4744,  26059.7266,
       1,     169,      95,      14,       1,       3,       1,     10.0000,      1.4041,     42.6579,    249.5641,     62.8057,      3.4953,      0.1931,      0.1584,     75.9610,      0.2338,      5.6044,     11.2088,      2.0660,     28.8809,     57.7618,      0.0193,      0.0037,      0.2500,      0.2051,   7817.9185,-502979.2188,  -1081.4266,    547.5729,  26059.7246,
       1,     169,      95,      15,       1,       3,       1,     10.0000,      1.4041,     42.6579,    249.5641,     62.8057,      3.4953,      0.1947,      0.1596,     97.8916,      0.2493,      5.6044,     11.2088,      2.2034,     28.8809,     57.7618,      0.0193,      0.0048,      0.2500,      0.2051,   7817.9175,-520325.9688,  -1087.0383,    546.3864,  26059.7266,
       1,     169,      95,      16,       1,       3,       1,     10.0000,      1.4041,     42.6579,    249.5641,     62.8057,      3.4953,      0.1941,      0.1591,    123.8451,      0.2462,      5.6044,     11.2088,      2.1756,     28.8809,     57.7618,      0.0193,      0.0061,      0.2461,      0.2051,   7817.9185,-548999.3750,  -1096.1803,    544.4293,  26059.7266,
       1,     169,      95,      17,       1,       3,       1,     10.0000,      1.4041,     42.6579,    249.5641,     62.8057,      3.4953,      0.1891,      0.1543,    146.7323,      0.2370,      5.6044,     11.2088,      2.0944,     28.8809,     57.7618,      0.0193,      0.0076,      0.2361,      0.2050,   7817.9185,-583647.6875,  -1107.3444,    542.0748,  26059.7246,
       1,     169,      95,      18,       1,       3,       1,     10.0000,      1.4041,     42.6579,    249.5641,     62.8057,      3.4953,      0.1738,      0.1395,    124.2273,      0.2213,      5.6044,     11.2088,      1.9557,     28.8809,     57.7618,      0.0193,      0.0070,      0.2162,      0.2050,   7817.9175,-615021.6875,  -1117.7839,    539.9540,  26059.7246,
       1,     169,      95,      19,       1,       3,       1,     10.0000,      1.4041,     42.6579,    249.5641,     62.8057,      3.4953,      0.1361,      0.1023,     83.1562,      0.2026,      5.6044,     11.2088,      1.7899,     28.8809,     57.7618,      0.0193,      0.0061,      0.1658,      0.2049,   7817.9175,-589756.8750,  -1111.3010,    541.6634,  26059.7227,
       1,     169,      95,      20,       1,       3,       1,     10.0000,      1.4041,     42.6579,    249.5641,     62.8057,      3.4953,      0.0188,     -0.0145,      2.6024,      0.1853,      5.6044,     11.2088,      1.6373,     28.8809,     57.7618,      0.0193,      0.0065,      0.0049,      0.2050,   7817.9170,-536623.5000,  -1096.1920,    545.2637,  26059.7246,
       1,     169,      95,      21,       1,       3,       1,     10.0000,      1.4041,     42.6579,    249.5641,     62.8057,      3.4953,      0.0000,     -0.0330,      8.2835,      0.1767,      5.6044,     11.2088,      1.5610,     28.8809,     57.7618,      0.0193,      0.0065,      0.0156,      0.2050,   7817.9175,-432228.3750,  -1065.0662,    552.3911,  26059.7188,
       1,     169,      95,      22,       1,       3,       1,     10.0000,      1.4041,     42.6579,    249.5641,     62.8057,      3.4953,      0.0000,     -0.0329,      7.4686,      0.1737,      5.6044,     11.2088,      1.5348,     28.8809,     57.7618,      0.0193,      0.0058,      0.0156,      0.2052,   7817.9160,-430489.4062,  -1064.5558,    552.5579,  26059.7207,
       1,     169,      95,      23,       1,       3,       1,     10.0000,      1.4041,     42.6579,    249.5641,     62.8057,      3.4953,      0.0000,     -0.0328,      6.4406,      0.1714,      5.6044,     11.2088,      1.5150,     28.8809,     57.7618,      0.0193,      0.0050,      0.0156,      0.2052,   7817.9165,-429273.5938,  -1064.1973,    552.6419,  26059.7207,
       1,     169,      95,      24,       1,       3,       1,     10.0000,      1.4041,     42.6579,    249.5641,     62.8057,      3.4953,      0.0000,     -0.0328,      5.6772,      0.1701,      5.6044,     11.2088,      1.5029,     28.8809,     57.7618,      0.0193,      0.0044,      0.0156,      0.2052,   7817.9165,-427896.6875,  -1063.7910,    552.7370,  26059.7207,
       1,     169,      96,       1,       1,       3,       1,     10.0000,      1.4041,     42.6582,    249.5700,     62.8072,      3.4953,      0.0000,     -0.0328,      5.0246,      0.1692,      5.6049,     11.2099,      1.4955,     28.8892,     57.7784,      0.0193,      0.0039,      0.0156,      0.2052,   7817.9165,-426988.2188,  -1063.9604,    552.8128,  26060.8867,
       1,     169,      96,       2,       1,       3,       1,     10.0000,      1.4041,     42.6582,    249.5700,     62.8072,      3.4953,      0.0000,     -0.0328,      4.1369,      0.1703,      5.6049,     11.2099,      1.5045,     28.8892,     57.7784,      0.0193,      0.0032,      0.0156,      0.2052,   7818.2661,-425950.1875,  -1063.2262,    552.8845,  26060.8867,
       1,     169,      96,       3,       1,       3,       1,     10.0000,      1.4041,     42.6582,    249.5700,     62.8072,      3.4953,      0.0000,     -0.0327,      3.9009,      0.1677,      5.6049,     11.2099,      1.4821,     28.8892,     57.7784,      0.0193,      0.0031,      0.0156,      0.2052,   7818.2661,-424762.3438,  -1062.8748,    552.9666,  26060.8867,
       1,     169,      96,       4,       1,       3,       1,     10.0000,      1.4041,     42.6582,    249.5700,     62.8072,      3.4953,      0.0000,     -0.0326,      3.4352,      0.1651,      5.6049,     11.2099,      1.4586,     28.8892,     57.7784,      0.0193,      0.0027,      0.0156,      0.2052,   7818.2661,-424368.5312,  -1062.7616,    552.9938,  26060.8867,
       1,     169,      96,       5,       1,       3,       1,     10.0000,      1.4041,     42.6582,    249.5700,     62.8072,      3.4953,      0.0000,     -0.0326,      3.1124,      0.1629,      5.6049,     11.2099,      1.4397,     28.8892,     57.7784,      0.0193,      0.0024,      0.0156,      0.2052,   7818.2661,-423758.4062,  -1062.5829,    553.0360,  26060.8887,
       1,     169,      96,       6,       1,       3,       1,     10.0000,      1.4041,     42.6582,    249.5700,     62.8072,      3.4953,      0.0000,     -0.0325,      2.9946,      0.1624,      5.6049,     11.2099,      1.4354,     28.8892,     57.7784,      0.0193,      0.0023,      0.0156,      0.2052,   7818.2671,-423306.3750,  -1062.4513,    553.0672,  26060.8867,
       1,     169,      96,       7,       1,       3,       1,     10.0000,      1.4041,     42.6582,    249.5700,     62.8072,      3.4953,      0.0000,     -0.0326,      2.8644,      0.1628,      5.6049,     11.2099,      1.4383,     28.8892,     57.7784,      0.0193,      0.0022,      0.0156,      0.2052,   7818.2661,-423122.0938,  -1062.4012,    553.0800,  26060.8867,
       1,     169,      96,       8,       1,       3,       1,     10.0000,      1.4041,     42.6582,    249.5700,     62.8072,      3.4953,      0.0139,     -0.0188,      2.7166,      0.1651,      5.6049,     11.2099,      1.4586,     28.8892,     57.7784,      0.0193,      0.0021,      0.0156,      0.2052,   7818.2661,-422945.0312,  -1062.3525,    553.0922,  26060.8887,
       1,     169,      96,       9,       1,       3,       1,     10.0000,      1.4041,     42.6582,    249.5700,     62.8072,      3.4953,      0.1242,      0.0914,     24.6330,      0.1715,      5.6049,     11.2099,      1.5150,     28.8892,     57.7784,      0.0193,      0.0019,      0.1554,      0.2052,   7818.2671,-422746.7188,  -1062.2952,    553.1059,  26060.8887,
       1,     169,      96,      10,       1,       3,       1,     10.0000,      1.4041,     42.6582,    249.5700,     62.8072,      3.4953,      0.1785,      0.1454,     34.5781,      0.1806,      5.6049,     11.2099,      1.5956,     28.8892,     57.7784,      0.0193,      0.0018,      0.2330,      0.2052,   7818.2671,-449860.2500,  -1070.5706,    551.2314,  26060.8867,
       1,     169,      96,      11,       1,       3,       1,     10.0000,      1.4041,     42.6582,    249.5700,     62.8072,      3.4953,      0.1906,      0.1569,     39.4318,      0.1963,      5.6049,     11.2099,      1.7343,     28.8892,     57.7784,      0.0193,      0.0019,      0.2500,      0.2052,   7818.2661,-464504.9062,  -1075.1666,    550.2255,  26060.8867,
       1,     169,      96,      12,       1,       3,       1,     10.0000,      1.4041,     42.6582,    249.5700,     62.8072,      3.4953,      0.1904,      0.1565,     39.0083,      0.2080,      5.6049,     11.2099,      1.8383,     28.8892,     57.7784,      0.0193,      0.0019,      0.2500,      0.2052,   7818.2661,-471767.0000,  -1077.5847,    549.7269,  26060.8867,
       1,     169,      96,      13,       1,       3,       1,     10.0000,      1.4041,     42.6582,    249.5700,     62.8072,      3.4953,      0.1907,      0.1560,     43.8556,      0.2311,      5.6049,     11.2099,      2.0419,     28.8892,     57.7784,      0.0193,      0.0021,      0.2500,      0.2051,   7818.2661,-471861.9375,  -1077.8456,    549.7206,  26060.8848,
       1,     169,      96,      14,       1,       3,       1,     10.0000,      1.4041,     42.6582,    249.5700,     62.8072,      3.4953,      0.1916,      0.1569,     56.7617,      0.2343,      5.6049,     11.2099,      2.0701,     28.8892,     57.7784,      0.0193,      0.0028,      0.2500,      0.2051,   7818.2656,-477874.7188,  -1079.9139,    549.3074,  26060.8848,
       1,     169,      96,      15,       1,       3,       1,     10.0000,      1.4041,     42.6582,    249.5700,     62.8072,      3.4953,      0.1922,      0.1575,     63.0553,      0.2311,      5.6049,     11.2099,      2.0419,     28.8892,     57.7784,      0.0193,      0.0031,      0.2500,      0.2051,   7818.2656,-494378.0625,  -1085.2296,    548.1744,  26060.8848,
       1,     169,      96,      16,       1,       3,       1,     10.0000,      1.4041,     42.6582,    249.5700,     62.8072,      3.4953,      0.1935,      0.1587,     80.4769,      0.2354,      5.6049,     11.2099,      2.0802,     28.8892,     57.7784,      0.0193,      0.0039,      0.2500,      0.2051,   7818.2656,-503588.6875,  -1088.4200,    547.5444,  26060.8848,
       1,     169,      96,      17,       1,       3,       1,     10.0000,      1.4041,     42.6582,    249.5700,     62.8072,      3.4953,      0.1901,      0.1554,     99.3900,      0.2329,      5.6049,     11.2099,      2.0580,     28.8892,     57.7784,      0.0193,      0.0050,      0.2429,      0.2051,   7818.2656,-525966.3750,  -1095.7195,    546.0132,  26060.8828,
       1,     169,      96,      18,       1,       3,       1,     10.0000,      1.4041,     42.6582,    249.5700,     62.8072,      3.4953,      0.1776,      0.1436,    112.4046,      0.2084,      5.6049,     11.2099,      1.8419,     28.8892,     57.7784,      0.0193,      0.0062,      0.2229,      0.2051,   7818.2651,-551330.0625,  -1104.1005,    544.2842,  26060.8809,
       1,     169,      96,      19,       1,       3,       1,     10.0000,      1.4041,     42.6582,    249.5700,     62.8072,      3.4953,      0.0985,      0.0649,     59.6076,      0.1938,      5.6049,     11.2099,      1.7121,     28.8892,     57.7784,      0.0193,      0.0064,      0.1139,      0.2050,   7818.2646,-569641.2500,  -1110.5011,    543.0411,  26060.8828,
       1,     169,      96,      20,       1,       3,       1,     10.0000,      1.4041,     42.6582,    249.5700,     62.8072,      3.4953,      0.0140,     -0.0192,      7.9922,      0.1817,      5.6049,     11.2099,      1.6051,     28.8892,     57.7784,      0.0193,      0.0063,      0.0156,      0.2050,   7818.2651,-505694.5000,  -1091.6329,    547.3833,  26060.8828,
       1,     169,      96,      21,       1,       3,       1,     10.0000,      1.4041,     42.6582,    249.5700,     62.8072,      3.4953,      0.0000,     -0.0330,      7.6931,      0.1768,      5.6049,     11.2099,      1.5626,     28.8892,     57.7784,      0.0193,      0.0060,      0.0156,      0.2051,   7818.2651,-436326.6250,  -1070.6504,    552.1470,  26060.8809,
       1,     169,      96,      22,       1,       3,       1,     10.0000,      1.4041,     42.6582,    249.5700,     62.8072,      3.4953,      0.0000,     -0.0330,      7.6294,      0.1749,      5.6049,     11.2099,      1.5456,     28.8892,     57.7784,      0.0193,      0.0060,      0.0156,      0.2052,   7818.2646,-430078.8438,  -1068.7676,    552.5991,  26060.8809,
       1,     169,      96,      23,       1,       3,       1,     10.0000,      1.4041,     42.6582,    249.5700,     62.8072,      3.4953,      0.0000,     -0.0330,      5.9754,      0.1747,      5.6049,     11.2099,      1.5440,     28.8892,     57.7784,      0.0193,      0.0047,      0.0156,      0.2052,   7818.2646,-429440.2812,  -1068.5872,    552.6434,  26060.8809,
       1,     169,      96,      24,       1,       3,       1,     10.0000,      1.4041,     42.6582,    249.5700,     62.8072,      3.4953,      0.0000,     -0.0330,      5.4067,      0.1746,      5.6049,     11.2099,      1.5425,     28.8892,     57.7784,      0.0193,      0.0042,      0.0156,      0.2052,   7818.2646,-427337.7188,  -1067.9580,    552.7885,  26060.8789,
       1,     169,      97,       1,       1,       3,       1,     10.0000,      1.4041,     42.6586,    249.5759,     62.8087,      3.4953,      0.0000,     -0.0329,      4.2649,      0.1718,      5.6049,     11.2097,      1.5181,     28.8969,     57.7939,      0.0193,      0.0033,      0.0156,      0.2052,   7818.2642,-426608.7500,  -1068.1892,    552.8520,  26062.0469,
       1,     169,      97,       2,       1,       3,       1,     10.0000,      1.4041,     42.6586,    249.5759,     62.8087,      3.4953,      0.0000,     -0.0328,      3.8898,      0.1704,      5.6049,     11.2097,      1.5060,     28.8969,     57.7939,      0.0193,      0.0030,      0.0156,      0.2052,   7818.6143,-424980.2188,  -1067.2646,    552.9645,  26062.0469,
       1,     169,      97,       3,       1,       3,       1,     10.0000,      1.4041,     42.6586,    249.5759,     62.8087,      3.4953,      0.0000,     -0.0328,      3.8217,      0.1701,      5.6049,     11.2097,      1.5030,     28.8969,     57.7939,      0.0193,      0.0030,      0.0156,      0.2052,   7818.6143,-424376.6562,  -1067.0879,    553.0063,  26062.0449,
       1,     169,      97,       4,       1,       3,       1,     10.0000,      1.4041,     42.6586,    249.5759,     62.8087,      3.4953,      0.0000,     -0.0328,      3.6482,      0.1696,      5.6049,     11.2097,      1.4985,     28.8969,     57.7939,      0.0193,      0.0029,      0.0156,      0.2052,   7818.6138,-424240.8750,  -1067.0548,    553.0157,  26062.0469,
       1,     169,      97,       5,       1,       3,       1,     10.0000,      1.4041,     42.6586,    249.5759,     62.8087,      3.4953,      0.0000,     -0.0327,      3.5583,      0.1672,      5.6049,     11.2097,      1.4777,     28.8969,     57.7939,      0.0193,      0.0028,      0.0156,      0.2052,   7818.6143,-424014.2500,  -1066.9924,    553.0313,  26062.0469,
       1,     169,      97,       6,       1,       3,       1,     10.0000,      1.4041,     42.6586,    249.5759,     62.8087,      3.4953,      0.0000,     -0.0326,      3.2418,      0.1628,      5.6049,     11.2097,      1.4383,     28.8969,     57.7939,      0.0193,      0.0025,      0.0156,      0.2052,   7818.6143,-423883.6562,  -1066.9600,    553.0404,  26062.0449,
       1,     169,      97,       7,       1,       3,       1,     10.0000,      1.4041,     42.6586,    249.5759,     62.8087,      3.4953,      0.0000,     -0.0324,      3.0565,      0.1594,      5.6049,     11.2097,      1.4083,     28.8969,     57.7939,      0.0193,      0.0024,      0.0156,      0.2052,   7818.6138,-423480.7812,  -1066.8438,    553.0682,  26062.0469,
       1,     169,      97,       8,       1,       3,       1,     10.0000,      1.4041,     42.6586,    249.5759,     62.8087,      3.4953,      0.0158,     -0.0166,      0.3573,      0.1578,      5.6049,     11.2097,      1.3943,     28.8969,     57.7939,      0.0193,      0.0024,      0.0018,      0.2052,   7818.6143,-423216.8750,  -1066.7690,    553.0864,  26062.0469,
       1,     169,      97,       9,       1,       3,       1,     10.0000,      1.4041,     42.6586,    249.5759,     62.8087,      3.4953,      0.1262,      0.0934,     31.6937,      0.1706,      5.6049,     11.2097,      1.5075,     28.8969,     57.7939,      0.0193,      0.0025,      0.1575,      0.2052,   7818.6143,-419853.2500,  -1065.7324,    553.3190,  26062.0469,
       1,     169,      97,      10,       1,       3,       1,     10.0000,      1.4041,     42.6586,    249.5759,     62.8087,      3.4953,      0.1747,      0.1411,     49.2196,      0.1932,      5.6049,     11.2097,      1.7070,     28.8969,     57.7939,      0.0193,      0.0027,      0.2258,      0.2052,   7818.6143,-458350.6875,  -1077.6462,    550.6564,  26062.0469,
       1,     169,      97,      11,       1,       3,       1,     10.0000,      1.4041,     42.6586,    249.5759,     62.8087,      3.4953,      0.1836,      0.1494,     55.9479,      0.2166,      5.6049,     11.2097,      1.9140,     28.8969,     57.7939,      0.0193,      0.0029,      0.2381,      0.2052,   7818.6143,-483366.0000,  -1085.5713,    548.9409,  26062.0469,
       1,     169,      97,      12,       1,       3,       1,     10.0000,      1.4041,     42.6586,    249.5759,     62.8087,      3.4953,      0.1917,      0.1570,     57.4669,      0.2345,      5.6049,     11.2097,      2.0721,     28.8969,     57.7939,      0.0193,      0.0028,      0.2500,      0.2052,   7818.6143,-493837.4688,  -1089.1343,    548.2250,  26062.0449,
       1,     169,      97,      13,       1,       3,       1,     10.0000,      1.4041,     42.6586,    249.5759,     62.8087,      3.4953,      0.1911,      0.1563,     50.7863,      0.2396,      5.6049,     11.2097,      2.1171,     28.8969,     57.7939,      0.0193,      0.0025,      0.2500,      0.2051,   7818.6138,-496611.1250,  -1090.3700,    548.0355,  26062.0449,
       1,     169,      97,      14,       1,       3,       1,     10.0000,      1.4041,     42.6586,    249.5759,     62.8087,      3.4953,      0.1920,      0.1569,     63.1529,      0.2494,      5.6049,     11.2097,      2.2035,     28.8969,     57.7939,      0.0193,      0.0031,      0.2500,      0.2051,   7818.6138,-488568.9688,  -1088.2561,    548.5864,  26062.0449,
       1,     169,      97,      15,       1,       3,       1,     10.0000,      1.4041,     42.6586,    249.5759,     62.8087,      3.4953,      0.1947,      0.1596,     97.4742,      0.2481,      5.6049,     11.2097,      2.1928,     28.8969,     57.7939,      0.0193,      0.0048,      0.2500,      0.2052,   7818.6138,-503205.7812,  -1093.1407,    547.5829,  26062.0410,
       1,     169,      97,      16,       1,       3,       1,     10.0000,      1.4041,     42.6586,    249.5759,     62.8087,      3.4953,      0.1958,      0.1610,    129.6777,      0.2366,      5.6049,     11.2097,      2.0904,     28.8969,     57.7939,      0.0193,      0.0064,      0.2478,      0.2051,   7818.6128,-546989.7500,  -1107.2020,    544.5869,  26062.0430,
       1,     169,      97,      17,       1,       3,       1,     10.0000,      1.4041,     42.6586,    249.5759,     62.8087,      3.4953,      0.1893,      0.1549,    135.3268,      0.2231,      5.6049,     11.2097,      1.9712,     28.8969,     57.7939,      0.0193,      0.0070,      0.2376,      0.2051,   7818.6133,-590683.6250,  -1121.5310,    541.6208,  26062.0430,
       1,     169,      97,      18,       1,       3,       1,     10.0000,      1.4041,     42.6586,    249.5759,     62.8087,      3.4953,      0.1570,      0.1230,    109.6921,      0.2074,      5.6049,     11.2097,      1.8329,     28.8969,     57.7939,      0.0193,      0.0069,      0.1933,      0.2050,   7818.6133,-601435.0625,  -1125.8578,    540.9009,  26062.0391,
       1,     169,      97,      19,       1,       3,       1,     10.0000,      1.4041,     42.6586,    249.5759,     62.8087,      3.4953,      0.0904,      0.0568,     58.7340,      0.1943,      5.6049,     11.2097,      1.7172,     28.8969,     57.7939,      0.0193,      0.0070,      0.1022,      0.2050,   7818.6118,-570523.6875,  -1117.2223,    542.9915,  26062.0410,
       1,     169,      97,      20,       1,       3,       1,     10.0000,      1.4041,     42.6586,    249.5759,     62.8087,      3.4953,      0.0160,     -0.0172,      0.6417,      0.1822,      5.6049,     11.2097,      1.6100,     28.8969,     57.7939,      0.0193,      0.0069,      0.0011,      0.2050,   7818.6128,-504682.0000,  -1097.4000,    547.4644,  26062.0391,
       1,     169,      97,      21,       1,       3,       1,     10.0000,      1.4041,     42.6586,    249.5759,     62.8087,      3.4953,      0.0000,     -0.0330,      8.4450,      0.1760,      5.6049,     11.2097,      1.5549,     28.8969,     57.7939,      0.0193,      0.0066,      0.0156,      0.2051,   7818.6118,-427135.8125,  -1073.4509,    552.7896,  26062.0391,
       1,     169,      97,      22,       1,       3,       1,     10.0000,      1.4041,     42.6586,    249.5759,     62.8087,      3.4953,      0.0000,     -0.0329,      7.6885,      0.1739,      5.6049,     11.2097,      1.5364,     28.8969,     57.7939,      0.0193,      0.0060,      0.0156,      0.2052,   7818.6118,-430232.6250,  -1074.4307,    552.6016,  26062.0391,
       1,     169,      97,      23,       1,       3,       1,     10.0000,      1.4041,     42.6586,    249.5759,     62.8087,      3.4953,      0.0000,     -0.0329,      6.7642,      0.1727,      5.6049,     11.2097,      1.5257,     28.8969,     57.7939,      0.0193,      0.0053,      0.0156,      0.2052,   7818.6118,-429529.1250,  -1074.2286,    552.6503,  26062.0391,
       1,     169,      97,      24,       1,       3,       1,     10.0000,      1.4041,     42.6586,    249.5759,     62.8087,      3.4953,      0.0000,     -0.0328,      6.0932,      0.1711,      5.6049,     11.2097,      1.5120,     28.8969,     57.7939,      0.0193,      0.0048,      0.0156,      0.2052,   7818.6118,-428324.6250,  -1073.8691,    552.7335,  26062.0371,
       1,     169,      98,       1,       1,       3,       1,     10.0000,      1.4042,     42.6589,    249.5818,     62.8102,      3.4953,      0.0000,     -0.0328,      5.0456,      0.1711,      5.6051,     11.2103,      1.5121,     28.9039,     57.8078,      0.0193,      0.0040,      0.0156,      0.2052,   7818.6113,-427546.0938,  -1074.0916,    552.8002,  26063.2090,
       1,     169,      98,       2,       1,       3,       1,     10.0000,      1.4042,     42.6589,    249.5818,     62.8102,      3.4953,      0.0000,     -0.0327,      4.6180,      0.1679,      5.6051,     11.2103,      1.4836,     28.9039,     57.8078,      0.0193,      0.0036,      0.0156,      0.2052,   7818.9629,-426029.7500,  -1073.1841,    552.9049,  26063.2070,
       1,     169,      98,       3,       1,       3,       1,     10.0000,      1.4042,     42.6589,    249.5818,     62.8102,      3.4953,      0.0000,     -0.0327,      4.3480,      0.1669,      5.6051,     11.2103,      1.4748,     28.9039,     57.8078,      0.0193,      0.0034,      0.0156,      0.2052,   7818.9624,-425371.3125,  -1072.9896,    552.9505,  26063.2070,
       1,     169,      98,       4,       1,       3,       1,     10.0000,      1.4042,     42.6589,    249.5818,     62.8102,      3.4953,      0.0000,     -0.0326,      4.4020,      0.1646,      5.6051,     11.2103,      1.4543,     28.9039,     57.8078,      0.0193,      0.0034,      0.0156,      0.2052,   7818.9624,-424980.6250,  -1072.8770,    552.9775,  26063.2051,
       1,     169,      98,       5,       1,       3,       1,     10.0000,      1.4042,     42.6589,    249.5818,     62.8102,      3.4953,      0.0000,     -0.0326,      4.3739,      0.1638,      5.6051,     11.2103,      1.4470,     28.9039,     57.8078,      0.0193,      0.0034,      0.0156,      0.2052,   7818.9619,-425014.2188,  -1072.8966,    552.9752,  26063.2090,
       1,     169,      98,       6,       1,       3,       1,     10.0000,      1.4042,     42.6589,    249.5818,     62.8102,      3.4953,      0.0000,     -0.0326,      4.5107,      0.1624,      5.6051,     11.2103,      1.4355,     28.9039,     57.8078,      0.0193,      0.0035,      0.0156,      0.2052,   7818.9629,-424981.8750,  -1072.8937,    552.9774,  26063.2070,
       1,     169,      98,       7,       1,       3,       1,     10.0000,      1.4042,     42.6589,    249.5818,     62.8102,      3.4953,      0.0000,     -0.0326,      4.6485,      0.1634,      5.6051,     11.2103,      1.4441,     28.9039,     57.8078,      0.0193,      0.0036,      0.0156,      0.2052,   7818.9624,-425148.6875,  -1072.9561,    552.9659,  26063.2070,
       1,     169,      98,       8,       1,       3,       1,     10.0000,      1.4042,     42.6589,    249.5818,     62.8102,      3.4953,      0.0074,     -0.0251,      4.8801,      0.1615,      5.6051,     11.2103,      1.4268,     28.9039,     57.8078,      0.0193,      0.0038,      0.0156,      0.2052,   7818.9624,-425333.5000,  -1073.0228,    552.9531,  26063.2070,
       1,     169,      98,       9,       1,       3,       1,     10.0000,      1.4042,     42.6589,    249.5818,     62.8102,      3.4953,      0.1146,      0.0818,     43.6087,      0.1698,      5.6051,     11.2103,      1.5000,     28.9039,     57.8078,      0.0193,      0.0038,      0.1394,      0.2052,   7818.9624,-425635.9688,  -1073.1271,    552.9322,  26063.2070,
       1,     169,      98,      10,       1,       3,       1,     10.0000,      1.4042,     42.6589,    249.5818,     62.8102,      3.4953,      0.1748,      0.1414,     75.6109,      0.1872,      5.6051,     11.2103,      1.6538,     28.9039,     57.8078,      0.0193,      0.0041,      0.2229,      0.2052,   7818.9624,-473594.6875,  -1088.2501,    549.6175,  26063.2070,
       1,     169,      98,      11,       1,       3,       1,     10.0000,      1.4042,     42.6589,    249.5818,     62.8102,      3.4953,      0.1802,      0.1466,     78.9677,      0.1943,      5.6051,     11.2103,      1.7173,     28.9039,     57.8078,      0.0193,      0.0042,      0.2304,      0.2052,   7818.9624,-517359.1250,  -1102.2996,    546.6207,  26063.2090,
       1,     169,      98,      12,       1,       3,       1,     10.0000,      1.4042,     42.6589,    249.5818,     62.8102,      3.4953,      0.1870,      0.1531,     84.9078,      0.2036,      5.6051,     11.2103,      1.7989,     28.9039,     57.8078,      0.0193,      0.0043,      0.2397,      0.2051,   7818.9629,-525265.1875,  -1105.3164,    546.0886,  26063.2070,
       1,     169,      98,      13,       1,       3,       1,     10.0000,      1.4042,     42.6589,    249.5818,     62.8102,      3.4953,      0.1944,      0.1603,     89.8765,      0.2109,      5.6051,     11.2103,      1.8639,     28.9039,     57.8078,      0.0193,      0.0044,      0.2500,      0.2051,   7818.9624,-533292.9375,  -1108.4250,    545.5410,  26063.2070,
       1,     169,      98,      14,       1,       3,       1,     10.0000,      1.4042,     42.6589,    249.5818,     62.8102,      3.4953,      0.1948,      0.1606,     94.9527,      0.2145,      5.6051,     11.2103,      1.8953,     28.9039,     57.8078,      0.0193,      0.0046,      0.2500,      0.2051,   7818.9624,-540137.0625,  -1111.1978,    545.0744,  26063.2051,
       1,     169,      98,      15,       1,       3,       1,     10.0000,      1.4042,     42.6589,    249.5818,     62.8102,      3.4953,      0.1970,      0.1627,    123.7333,      0.2181,      5.6051,     11.2103,      1.9273,     28.9039,     57.8078,      0.0193,      0.0060,      0.2500,      0.2051,   7818.9619,-547014.6250,  -1114.0211,    544.6061,  26063.2031,
       1,     169,      98,      16,       1,       3,       1,     10.0000,      1.4042,     42.6589,    249.5818,     62.8102,      3.4953,      0.1968,      0.1626,    128.7023,      0.2155,      5.6051,     11.2103,      1.9047,     28.9039,     57.8078,      0.0193,      0.0063,      0.2491,      0.2051,   7818.9614,-583288.5000,  -1126.2216,    542.1368,  26063.2031,
       1,     169,      98,      17,       1,       3,       1,     10.0000,      1.4042,     42.6589,    249.5818,     62.8102,      3.4953,      0.1769,      0.1431,    115.0045,      0.2014,      5.6051,     11.2103,      1.7795,     28.9039,     57.8078,      0.0193,      0.0063,      0.2215,      0.2051,   7818.9614,-592563.5000,  -1130.0624,    541.5140,  26063.2031,
       1,     169,      98,      18,       1,       3,       1,     10.0000,      1.4042,     42.6589,    249.5818,     62.8102,      3.4953,      0.1778,      0.1442,    121.5068,      0.1974,      5.6051,     11.2103,      1.7447,     28.9039,     57.8078,      0.0193,      0.0067,      0.2222,      0.2050,   7818.9614,-576349.7500,  -1125.8495,    542.6118,  26063.2012,
       1,     169,      98,      19,       1,       3,       1,     10.0000,      1.4042,     42.6589,    249.5818,     62.8102,      3.4953,      0.1253,      0.0919,     84.8838,      0.1885,      5.6051,     11.2103,      1.6653,     28.9039,     57.8078,      0.0193,      0.0069,      0.1500,      0.2051,   7818.9604,-583038.3125,  -1128.8494,    542.1592,  26063.1992,
       1,     169,      98,      20,       1,       3,       1,     10.0000,      1.4042,     42.6589,    249.5818,     62.8102,      3.4953,      0.0233,     -0.0096,      6.5923,      0.1740,      5.6051,     11.2103,      1.5379,     28.9039,     57.8078,      0.0193,      0.0071,      0.0114,      0.2051,   7818.9600,-538168.0000,  -1115.3673,    545.2003,  26063.1992,
       1,     169,      98,      21,       1,       3,       1,     10.0000,      1.4042,     42.6589,    249.5818,     62.8102,      3.4953,      0.0000,     -0.0327,      8.4533,      0.1676,      5.6051,     11.2103,      1.4807,     28.9039,     57.8078,      0.0193,      0.0066,      0.0156,      0.2051,   7818.9600,-437307.9688,  -1083.6190,    552.0825,  26063.1992,
       1,     169,      98,      22,       1,       3,       1,     10.0000,      1.4042,     42.6589,    249.5818,     62.8102,      3.4953,      0.0000,     -0.0326,      7.6035,      0.1651,      5.6051,     11.2103,      1.4586,     28.9039,     57.8078,      0.0193,      0.0060,      0.0156,      0.2052,   7818.9600,-431137.2500,  -1081.6824,    552.5519,  26063.1973,
       1,     169,      98,      23,       1,       3,       1,     10.0000,      1.4042,     42.6589,    249.5818,     62.8102,      3.4953,      0.0000,     -0.0326,      7.2445,      0.1644,      5.6051,     11.2103,      1.4528,     28.9039,     57.8078,      0.0193,      0.0057,      0.0156,      0.2052,   7818.9595,-429504.5625,  -1081.1776,    552.6649,  26063.1992,
       1,     169,      98,      24,       1,       3,       1,     10.0000,      1.4042,     42.6589,    249.5818,     62.8102,      3.4953,      0.0000,     -0.0326,      6.5764,      0.1628,      5.6051,     11.2103,      1.4383,     28.9039,     57.8078,      0.0193,      0.0051,      0.0156,      0.2052,   7818.9600,-428920.0938,  -1081.0031,    552.7053,  26063.1992,
       1,     169,      99,       1,       1,       3,       1,     10.0000,      1.4042,     42.6592,    249.5876,     62.8116,      3.4953,      0.0000,     -0.0325,      5.3484,      0.1602,      5.6051,     11.2102,      1.4155,     28.9119,     57.8237,      0.0193,      0.0042,      0.0156,      0.2053,   7818.9600,-428197.7188,  -1081.2430,    552.7681,  26064.3691,
       1,     169,      99,       2,       1,       3,       1,     10.0000,      1.4042,     42.6592,    249.5876,     62.8116,      3.4953,      0.0000,     -0.0323,      4.5362,      0.1562,      5.6051,     11.2102,      1.3804,     28.9119,     57.8237,      0.0193,      0.0036,      0.0156,      0.2053,   7819.3110,-426463.3125,  -1080.2437,    552.8880,  26064.3672,
       1,     169,      99,       3,       1,       3,       1,     10.0000,      1.4042,     42.6592,    249.5876,     62.8116,      3.4953,      0.0000,     -0.0322,      4.3565,      0.1517,      5.6051,     11.2102,      1.3407,     28.9119,     57.8237,      0.0193,      0.0034,      0.0156,      0.2053,   7819.3105,-425310.0312,  -1079.8829,    552.9677,  26064.3672,
       1,     169,      99,       4,       1,       3,       1,     10.0000,      1.4042,     42.6592,    249.5876,     62.8116,      3.4953,      0.0000,     -0.0321,      4.5998,      0.1483,      5.6051,     11.2102,      1.3100,     28.9119,     57.8237,      0.0193,      0.0036,      0.0156,      0.2053,   7819.3105,-424988.9375,  -1079.7864,    552.9899,  26064.3672,
       1,     169,      99,       5,       1,       3,       1,     10.0000,      1.4042,     42.6592,    249.5876,     62.8116,      3.4953,      0.0000,     -0.0319,      4.3000,      0.1443,      5.6051,     11.2102,      1.2748,     28.9119,     57.8237,      0.0193,      0.0034,      0.0156,      0.2053,   7819.3105,-425262.5625,  -1079.8802,    552.9709,  26064.3672,
       1,     169,      99,       6,       1,       3,       1,     10.0000,      1.4042,     42.6592,    249.5876,     62.8116,      3.4953,      0.0000,     -0.0319,      4.3735,      0.1447,      5.6051,     11.2102,      1.2787,     28.9119,     57.8237,      0.0193,      0.0034,      0.0156,      0.2053,   7819.3105,-424915.0000,  -1079.7753,    552.9950,  26064.3652,
       1,     169,      99,       7,       1,       3,       1,     10.0000,      1.4042,     42.6592,    249.5876,     62.8116,      3.4953,      0.0000,     -0.0319,      4.2239,      0.1434,      5.6051,     11.2102,      1.2671,     28.9119,     57.8237,      0.0193,      0.0033,      0.0156,      0.2053,   7819.3101,-424976.5625,  -1079.8022,    552.9908,  26064.3652,
       1,     169,      99,       8,       1,       3,       1,     10.0000,      1.4042,     42.6592,    249.5876,     62.8116,      3.4953,      0.0110,     -0.0206,      3.7752,      0.1373,      5.6051,     11.2102,      1.2132,     28.9119,     57.8237,      0.0193,      0.0030,      0.0156,      0.2053,   7819.3101,-424796.6562,  -1079.7505,    553.0032,  26064.3652,
       1,     169,      99,       9,       1,       3,       1,     10.0000,      1.4042,     42.6592,    249.5876,     62.8116,      3.4953,      0.1246,      0.0922,     38.0093,      0.1578,      5.6051,     11.2102,      1.3943,     28.9119,     57.8237,      0.0193,      0.0030,      0.1546,      0.2053,   7819.3101,-424226.0312,  -1079.5737,    553.0426,  26064.3652,
       1,     169,      99,      10,       1,       3,       1,     10.0000,      1.4042,     42.6592,    249.5876,     62.8116,      3.4953,      0.1750,      0.1418,     58.6864,      0.1806,      5.6051,     11.2102,      1.5957,     28.9119,     57.8237,      0.0193,      0.0032,      0.2250,      0.2053,   7819.3101,-466541.4688,  -1093.1807,    550.1174,  26064.3652,
       1,     169,      99,      11,       1,       3,       1,     10.0000,      1.4042,     42.6592,    249.5876,     62.8116,      3.4953,      0.1893,      0.1559,     66.3733,      0.1905,      5.6051,     11.2102,      1.6836,     28.9119,     57.8237,      0.0193,      0.0033,      0.2451,      0.2052,   7819.3101,-495785.0938,  -1102.7810,    548.1142,  26064.3672,
       1,     169,      99,      12,       1,       3,       1,     10.0000,      1.4042,     42.6592,    249.5876,     62.8116,      3.4953,      0.1844,      0.1507,     61.9284,      0.2008,      5.6051,     11.2102,      1.7743,     28.9119,     57.8237,      0.0193,      0.0032,      0.2386,      0.2052,   7819.3105,-507803.9062,  -1107.0165,    547.2943,  26064.3633,
       1,     169,      99,      13,       1,       3,       1,     10.0000,      1.4042,     42.6592,    249.5876,     62.8116,      3.4953,      0.1922,      0.1580,     61.4154,      0.2134,      5.6051,     11.2102,      1.8861,     28.9119,     57.8237,      0.0193,      0.0030,      0.2500,      0.2052,   7819.3091,-503319.2188,  -1106.0116,    547.6017,  26064.3633,
       1,     169,      99,      14,       1,       3,       1,     10.0000,      1.4042,     42.6592,    249.5876,     62.8116,      3.4953,      0.1946,      0.1603,     93.6359,      0.2203,      5.6051,     11.2102,      1.9463,     28.9119,     57.8237,      0.0193,      0.0046,      0.2500,      0.2052,   7819.3091,-502300.9062,  -1106.0913,    547.6715,  26064.3613,
       1,     169,      99,      15,       1,       3,       1,     10.0000,      1.4042,     42.6592,    249.5876,     62.8116,      3.4953,      0.1985,      0.1641,    144.1529,      0.2224,      5.6051,     11.2102,      1.9655,     28.9119,     57.8237,      0.0193,      0.0070,      0.2500,      0.2052,   7819.3086,-542133.3750,  -1119.3540,    544.9446,  26064.3613,
       1,     169,      99,      16,       1,       3,       1,     10.0000,      1.4042,     42.6592,    249.5876,     62.8116,      3.4953,      0.1966,      0.1622,    155.8499,      0.2244,      5.6051,     11.2102,      1.9829,     28.9119,     57.8237,      0.0193,      0.0077,      0.2460,      0.2051,   7819.3086,-608177.7500,  -1141.3202,    540.4526,  26064.3613,
       1,     169,      99,      17,       1,       3,       1,     10.0000,      1.4042,     42.6592,    249.5876,     62.8116,      3.4953,      0.1915,      0.1574,    150.9310,      0.2126,      5.6051,     11.2102,      1.8787,     28.9119,     57.8237,      0.0193,      0.0077,      0.2389,      0.2050,   7819.3086,-628378.4375,  -1148.8636,    539.1064,  26064.3594,
       1,     169,      99,      18,       1,       3,       1,     10.0000,      1.4042,     42.6592,    249.5876,     62.8116,      3.4953,      0.1716,      0.1378,    142.9729,      0.2026,      5.6051,     11.2102,      1.7901,     28.9119,     57.8237,      0.0193,      0.0083,      0.2107,      0.2050,   7819.3081,-623977.4375,  -1148.5826,    539.4045,  26064.3594,
       1,     169,      99,      19,       1,       3,       1,     10.0000,      1.4042,     42.6592,    249.5876,     62.8116,      3.4953,      0.1227,      0.0894,    111.4003,      0.1857,      5.6051,     11.2102,      1.6407,     28.9119,     57.8237,      0.0193,      0.0095,      0.1433,      0.2050,   7819.3081,-613720.0000,  -1146.3707,    540.0963,  26064.3594,
       1,     169,      99,      20,       1,       3,       1,     10.0000,      1.4042,     42.6592,    249.5876,     62.8116,      3.4953,      0.0165,     -0.0164,      1.5142,      0.1715,      5.6051,     11.2102,      1.5151,     28.9119,     57.8237,      0.0193,      0.0087,      0.0021,      0.2050,   7819.3081,-573656.0625,  -1134.3490,    542.8015,  26064.3594,
       1,     169,      99,      21,       1,       3,       1,     10.0000,      1.4042,     42.6592,    249.5876,     62.8116,      3.4953,      0.0000,     -0.0325,     11.0953,      0.1615,      5.6051,     11.2102,      1.4269,     28.9119,     57.8237,      0.0193,      0.0087,      0.0156,      0.2051,   7819.3081,-433961.8125,  -1089.4468,    552.2866,  26064.3555,
       1,     169,      99,      22,       1,       3,       1,     10.0000,      1.4042,     42.6592,    249.5876,     62.8116,      3.4953,      0.0000,     -0.0324,      9.8019,      0.1578,      5.6051,     11.2102,      1.3943,     28.9119,     57.8237,      0.0193,      0.0077,      0.0156,      0.2053,   7819.3071,-434173.5312,  -1089.5421,    552.3554,  26064.3555,
       1,     169,      99,      23,       1,       3,       1,     10.0000,      1.4042,     42.6592,    249.5876,     62.8116,      3.4953,      0.0000,     -0.0324,     10.1801,      0.1565,      5.6051,     11.2102,      1.3832,     28.9119,     57.8237,      0.0193,      0.0080,      0.0156,      0.2053,   7819.3071,-432487.5312,  -1089.0128,    552.4718,  26064.3555,
       1,     169,      99,      24,       1,       3,       1,     10.0000,      1.4042,     42.6592,    249.5876,     62.8116,      3.4953,      0.0000,     -0.0323,      8.0207,      0.1553,      5.6051,     11.2102,      1.3721,     28.9119,     57.8237,      0.0193,      0.0063,      0.0156,      0.2053,   7819.3071,-432811.5000,  -1089.1370,    552.4494,  26064.3555,
       1,     169,     100,       1,       1,       3,       1,     10.0000,      1.4042,     42.6596,    249.5935,     62.8131,      3.4953,      0.0000,     -0.0320,      7.6475,      0.1469,      5.6052,     11.2103,      1.2982,     28.9204,     57.8408,      0.0193,      0.0060,      0.0156,      0.2053,   7819.3071,-430320.6875,  -1088.8099,    552.6343,  26065.5215,
       1,     169,     100,       2,       1,       3,       1,     10.0000,      1.4042,     42.6596,    249.5935,     62.8131,      3.4953,      0.0000,     -0.0319,      6.1800,      0.1446,      5.6052,     11.2103,      1.2775,     28.9204,     57.8408,      0.0193,      0.0048,      0.0156,      0.2053,   7819.6567,-429493.5312,  -1088.0905,    552.6914,  26065.5215,
       1,     169,     100,       3,       1,       3,       1,     10.0000,      1.4042,     42.6596,    249.5935,     62.8131,      3.4953,      0.0000,     -0.0319,      5.8092,      0.1434,      5.6052,     11.2103,      1.2672,     28.9204,     57.8408,      0.0193,      0.0045,      0.0156,      0.2053,   7819.6567,-427607.0312,  -1087.4877,    552.8218,  26065.5195,
       1,     169,     100,       4,       1,       3,       1,     10.0000,      1.4042,     42.6596,    249.5935,     62.8131,      3.4953,      0.0000,     -0.0319,      5.4083,      0.1422,      5.6052,     11.2103,      1.2570,     28.9204,     57.8408,      0.0193,      0.0042,      0.0156,      0.2053,   7819.6562,-426986.9688,  -1087.2960,    552.8647,  26065.5195,
       1,     169,     100,       5,       1,       3,       1,     10.0000,      1.4042,     42.6596,    249.5935,     62.8131,      3.4953,      0.0000,     -0.0318,      4.8655,      0.1400,      5.6052,     11.2103,      1.2368,     28.9204,     57.8408,      0.0193,      0.0038,      0.0156,      0.2053,   7819.6562,-426437.8125,  -1087.1266,    552.9026,  26065.5195,
       1,     169,     100,       6,       1,       3,       1,     10.0000,      1.4042,     42.6596,    249.5935,     62.8131,      3.4953,      0.0000,     -0.0314,      3.4512,      0.1308,      5.6052,     11.2103,      1.1556,     28.9204,     57.8408,      0.0193,      0.0027,      0.0156,      0.2053,   7819.6562,-425719.1250,  -1086.9008,    552.9523,  26065.5195,
       1,     169,     100,       7,       1,       3,       1,     10.0000,      1.4042,     42.6596,    249.5935,     62.8131,      3.4953,      0.0000,     -0.0314,      4.1289,      0.1304,      5.6052,     11.2103,      1.1520,     28.9204,     57.8408,      0.0193,      0.0032,      0.0156,      0.2053,   7819.6562,-423907.7812,  -1086.3169,    553.0776,  26065.5195,
       1,     169,     100,       8,       1,       3,       1,     10.0000,      1.4042,     42.6596,    249.5935,     62.8131,      3.4953,      0.0123,     -0.0190,      3.4552,      0.1281,      5.6052,     11.2103,      1.1323,     28.9204,     57.8408,      0.0193,      0.0027,      0.0156,      0.2053,   7819.6562,-424591.2188,  -1086.5457,    553.0303,  26065.5195,
       1,     169,     100,       9,       1,       3,       1,     10.0000,      1.4042,     42.6596,    249.5935,     62.8131,      3.4953,      0.0662,      0.0340,     15.5492,      0.1519,      5.6052,     11.2103,      1.3421,     28.9204,     57.8408,      0.0193,      0.0026,      0.0730,      0.2053,   7819.6562,-423816.1562,  -1086.2988,    553.0839,  26065.5195,
       1,     169,     100,      10,       1,       3,       1,     10.0000,      1.4042,     42.6596,    249.5935,     62.8131,      3.4953,      0.1714,      0.1384,     44.6860,      0.1749,      5.6052,     11.2103,      1.5457,     28.9204,     57.8408,      0.0193,      0.0025,      0.2214,      0.2053,   7819.6562,-438714.2188,  -1091.1871,    552.0539,  26065.5195,
       1,     169,     100,      11,       1,       3,       1,     10.0000,      1.4042,     42.6596,    249.5935,     62.8131,      3.4953,      0.1892,      0.1558,     45.3393,      0.1902,      5.6052,     11.2103,      1.6803,     28.9204,     57.8408,      0.0193,      0.0022,      0.2473,      0.2053,   7819.6562,-476050.8438,  -1103.4673,    549.4784,  26065.5215,
       1,     169,     100,      12,       1,       3,       1,     10.0000,      1.4042,     42.6596,    249.5935,     62.8131,      3.4953,      0.1909,      0.1570,     44.6762,      0.2058,      5.6052,     11.2103,      1.8186,     28.9204,     57.8408,      0.0193,      0.0022,      0.2500,      0.2052,   7819.6567,-480065.3438,  -1105.0171,    549.2086,  26065.5176,
       1,     169,     100,      13,       1,       3,       1,     10.0000,      1.4042,     42.6596,    249.5935,     62.8131,      3.4953,      0.1907,      0.1565,     42.4950,      0.2160,      5.6052,     11.2103,      1.9085,     28.9204,     57.8408,      0.0193,      0.0021,      0.2500,      0.2052,   7819.6558,-479580.0000,  -1105.1168,    549.2421,  26065.5156,
       1,     169,     100,      14,       1,       3,       1,     10.0000,      1.4042,     42.6596,    249.5935,     62.8131,      3.4953,      0.1935,      0.1591,     79.3799,      0.2224,      5.6052,     11.2103,      1.9655,     28.9204,     57.8408,      0.0193,      0.0039,      0.2500,      0.2052,   7819.6548,-476837.4375,  -1104.4698,    549.4303,  26065.5156,
       1,     169,     100,      15,       1,       3,       1,     10.0000,      1.4042,     42.6596,    249.5935,     62.8131,      3.4953,      0.1953,      0.1608,    103.1838,      0.2264,      5.6052,     11.2103,      2.0005,     28.9204,     57.8408,      0.0193,      0.0050,      0.2500,      0.2052,   7819.6548,-522278.3125,  -1119.6360,    546.3094,  26065.5156,
       1,     169,     100,      16,       1,       3,       1,     10.0000,      1.4042,     42.6596,    249.5935,     62.8131,      3.4953,      0.1943,      0.1600,    123.8189,      0.2190,      5.6052,     11.2103,      1.9349,     28.9204,     57.8408,      0.0193,      0.0061,      0.2461,      0.2052,   7819.6548,-555678.2500,  -1131.0978,    544.0375,  26065.5156,
       1,     169,     100,      17,       1,       3,       1,     10.0000,      1.4042,     42.6596,    249.5935,     62.8131,      3.4953,      0.1783,      0.1442,    131.4624,      0.2130,      5.6052,     11.2103,      1.8824,     28.9204,     57.8408,      0.0193,      0.0072,      0.2218,      0.2051,   7819.6548,-584112.9375,  -1141.1334,    542.1086,  26065.5156,
       1,     169,     100,      18,       1,       3,       1,     10.0000,      1.4042,     42.6596,    249.5935,     62.8131,      3.4953,      0.1692,      0.1353,    129.1451,      0.2054,      5.6052,     11.2103,      1.8150,     28.9204,     57.8408,      0.0193,      0.0076,      0.2088,      0.2051,   7819.6548,-596022.6250,  -1145.9038,    541.3049,  26065.5156,
       1,     169,     100,      19,       1,       3,       1,     10.0000,      1.4042,     42.6596,    249.5935,     62.8131,      3.4953,      0.1174,      0.0840,     83.7495,      0.1853,      5.6052,     11.2103,      1.6375,     28.9204,     57.8408,      0.0193,      0.0074,      0.1386,      0.2051,   7819.6548,-594160.0000,  -1146.2054,    541.4315,  26065.5137,
       1,     169,     100,      20,       1,       3,       1,     10.0000,      1.4042,     42.6596,    249.5935,     62.8131,      3.4953,      0.0129,     -0.0200,      9.7277,      0.1725,      5.6052,     11.2103,      1.5243,     28.9204,     57.8408,      0.0193,      0.0076,      0.0156,      0.2051,   7819.6543,-537679.0625,  -1128.3965,    545.2542,  26065.5117,
       1,     169,     100,      21,       1,       3,       1,     10.0000,      1.4042,     42.6596,    249.5935,     62.8131,      3.4953,      0.0000,     -0.0326,      9.6067,      0.1644,      5.6052,     11.2103,      1.4529,     28.9204,     57.8408,      0.0193,      0.0075,      0.0156,      0.2052,   7819.6538,-441164.0000,  -1096.9277,    551.8458,  26065.5098,
       1,     169,     100,      22,       1,       3,       1,     10.0000,      1.4042,     42.6596,    249.5935,     62.8131,      3.4953,      0.0000,     -0.0326,      9.8124,      0.1623,      5.6052,     11.2103,      1.4341,     28.9204,     57.8408,      0.0193,      0.0077,      0.0156,      0.2053,   7819.6533,-432895.2188,  -1094.2284,    552.4562,  26065.5098,
       1,     169,     100,      23,       1,       3,       1,     10.0000,      1.4042,     42.6596,    249.5935,     62.8131,      3.4953,      0.0000,     -0.0325,      9.0591,      0.1610,      5.6052,     11.2103,      1.4226,     28.9204,     57.8408,      0.0193,      0.0071,      0.0156,      0.2053,   7819.6533,-432394.3438,  -1094.0815,    552.4911,  26065.5098,
       1,     169,     100,      24,       1,       3,       1,     10.0000,      1.4042,     42.6596,    249.5935,     62.8131,      3.4953,      0.0000,     -0.0325,      6.9011,      0.1592,      5.6052,     11.2103,      1.4070,     28.9204,     57.8408,      0.0193,      0.0054,      0.0156,      0.2053,   7819.6533,-431418.9375,  -1093.7770,    552.5584,  26065.5098,
       1,     169,     101,       1,       1,       3,       1,     10.0000,      1.4042,     42.6599,    249.5994,     62.8146,      3.4953,      0.0000,     -0.0323,      5.4510,      0.1551,      5.6055,     11.2110,      1.3708,     28.9268,     57.8537,      0.0193,      0.0043,      0.0156,      0.2053,   7819.6533,-428819.9375,  -1093.4077,    552.7510,  26066.6797,
       1,     169,     101,       2,       1,       3,       1,     10.0000,      1.4042,     42.6599,    249.5994,     62.8146,      3.4953,      0.0000,     -0.0322,      4.5523,      0.1516,      5.6055,     11.2110,      1.3395,     28.9268,     57.8537,      0.0193,      0.0036,      0.0156,      0.2053,   7820.0044,-426650.6562,  -1092.2280,    552.9009,  26066.6777,
       1,     169,     101,       3,       1,       3,       1,     10.0000,      1.4042,     42.6599,    249.5994,     62.8146,      3.4953,      0.0000,     -0.0320,      4.1970,      0.1460,      5.6055,     11.2110,      1.2904,     28.9268,     57.8537,      0.0193,      0.0033,      0.0156,      0.2053,   7820.0034,-425353.3438,  -1091.8075,    552.9905,  26066.6777,
       1,     169,     101,       4,       1,       3,       1,     10.0000,      1.4042,     42.6599,    249.5994,     62.8146,      3.4953,      0.0000,     -0.0319,      3.9592,      0.1441,      5.6055,     11.2110,      1.2736,     28.9268,     57.8537,      0.0193,      0.0031,      0.0156,      0.2053,   7820.0034,-424802.8438,  -1091.6323,    553.0286,  26066.6777,
       1,     169,     101,       5,       1,       3,       1,     10.0000,      1.4042,     42.6599,    249.5994,     62.8146,      3.4953,      0.0000,     -0.0319,      3.6822,      0.1431,      5.6055,     11.2110,      1.2646,     28.9268,     57.8537,      0.0193,      0.0029,      0.0156,      0.2053,   7820.0034,-424461.4688,  -1091.5253,    553.0522,  26066.6777,
       1,     169,     101,       6,       1,       3,       1,     10.0000,      1.4042,     42.6599,    249.5994,     62.8146,      3.4953,      0.0000,     -0.0316,      3.1674,      0.1361,      5.6055,     11.2110,      1.2022,     28.9268,     57.8537,      0.0193,      0.0025,      0.0156,      0.2053,   7820.0034,-424089.6562,  -1091.4082,    553.0779,  26066.6777,
       1,     169,     101,       7,       1,       3,       1,     10.0000,      1.4042,     42.6599,    249.5994,     62.8146,      3.4953,      0.0000,     -0.0316,      2.9389,      0.1354,      5.6055,     11.2110,      1.1962,     28.9268,     57.8537,      0.0193,      0.0023,      0.0156,      0.2053,   7820.0034,-423421.0625,  -1091.1917,    553.1242,  26066.6777,
       1,     169,     101,       8,       1,       3,       1,     10.0000,      1.4042,     42.6599,    249.5994,     62.8146,      3.4953,      0.0221,     -0.0096,      2.0096,      0.1380,      5.6055,     11.2110,      1.2194,     28.9268,     57.8537,      0.0193,      0.0021,      0.0116,      0.2053,   7820.0034,-423080.9062,  -1091.0839,    553.1476,  26066.6777,
       1,     169,     101,       9,       1,       3,       1,     10.0000,      1.4042,     42.6599,    249.5994,     62.8146,      3.4953,      0.1194,      0.0870,     28.8877,      0.1584,      5.6055,     11.2110,      1.4000,     28.9268,     57.8537,      0.0193,      0.0024,      0.1481,      0.2053,   7820.0034,-421902.2812,  -1090.6963,    553.2292,  26066.6777,
       1,     169,     101,      10,       1,       3,       1,     10.0000,      1.4042,     42.6599,    249.5994,     62.8146,      3.4953,      0.1244,      0.0912,     34.4720,      0.1793,      5.6055,     11.2110,      1.5847,     28.9268,     57.8537,      0.0193,      0.0027,      0.1544,      0.2053,   7820.0034,-455053.6875,  -1101.7183,    550.9366,  26066.6777,
       1,     169,     101,      11,       1,       3,       1,     10.0000,      1.4042,     42.6599,    249.5994,     62.8146,      3.4953,      0.1909,      0.1573,     43.6876,      0.1944,      5.6055,     11.2110,      1.7174,     28.9268,     57.8537,      0.0193,      0.0021,      0.2500,      0.2053,   7820.0034,-464813.7500,  -1105.0712,    550.2692,  26066.6738,
       1,     169,     101,      12,       1,       3,       1,     10.0000,      1.4042,     42.6599,    249.5994,     62.8146,      3.4953,      0.1685,      0.1345,     35.2306,      0.2079,      5.6055,     11.2110,      1.8367,     28.9268,     57.8537,      0.0193,      0.0020,      0.2184,      0.2053,   7820.0024,-477051.1875,  -1109.3026,    549.4279,  26066.6758,
       1,     169,     101,      13,       1,       3,       1,     10.0000,      1.4042,     42.6599,    249.5994,     62.8146,      3.4953,      0.1911,      0.1568,     48.6235,      0.2211,      5.6055,     11.2110,      1.9541,     28.9268,     57.8537,      0.0193,      0.0024,      0.2500,      0.2053,   7820.0029,-467625.7188,  -1106.3894,    550.0759,  26066.6738,
       1,     169,     101,      14,       1,       3,       1,     10.0000,      1.4042,     42.6599,    249.5994,     62.8146,      3.4953,      0.1935,      0.1590,     79.0682,      0.2253,      5.6055,     11.2110,      1.9908,     28.9268,     57.8537,      0.0193,      0.0039,      0.2500,      0.2053,   7820.0024,-483402.1250,  -1111.8152,    548.9915,  26066.6758,
       1,     169,     101,      15,       1,       3,       1,     10.0000,      1.4042,     42.6599,    249.5994,     62.8146,      3.4953,      0.1964,      0.1618,    117.3713,      0.2298,      5.6055,     11.2110,      2.0302,     28.9268,     57.8537,      0.0193,      0.0057,      0.2500,      0.2053,   7820.0029,-522449.9688,  -1125.0735,    546.3129,  26066.6777,
       1,     169,     101,      16,       1,       3,       1,     10.0000,      1.4042,     42.6599,    249.5994,     62.8146,      3.4953,      0.1909,      0.1564,    137.7383,      0.2277,      5.6055,     11.2110,      2.0124,     28.9268,     57.8537,      0.0193,      0.0070,      0.2397,      0.2052,   7820.0034,-573256.8125,  -1142.4741,    542.8499,  26066.6738,
       1,     169,     101,      17,       1,       3,       1,     10.0000,      1.4042,     42.6599,    249.5994,     62.8146,      3.4953,      0.1879,      0.1535,    151.4604,      0.2222,      5.6055,     11.2110,      1.9637,     28.9268,     57.8537,      0.0193,      0.0079,      0.2336,      0.2051,   7820.0024,-602870.4375,  -1153.1152,    540.8514,  26066.6719,
       1,     169,     101,      18,       1,       3,       1,     10.0000,      1.4042,     42.6599,    249.5994,     62.8146,      3.4953,      0.1609,      0.1270,    130.3562,      0.2060,      5.6055,     11.2110,      1.8205,     28.9268,     57.8537,      0.0193,      0.0081,      0.1966,      0.2051,   7820.0020,-622418.6875,  -1160.5914,    539.5334,  26066.6719,
       1,     169,     101,      19,       1,       3,       1,     10.0000,      1.4042,     42.6599,    249.5994,     62.8146,      3.4953,      0.0953,      0.0618,     69.2339,      0.1924,      5.6055,     11.2110,      1.7005,     28.9268,     57.8537,      0.0193,      0.0078,      0.1082,      0.2051,   7820.0020,-597893.0000,  -1153.4259,    541.1891,  26066.6680,
       1,     169,     101,      20,       1,       3,       1,     10.0000,      1.4042,     42.6599,    249.5994,     62.8146,      3.4953,      0.0120,     -0.0210,      9.6045,      0.1763,      5.6055,     11.2110,      1.5581,     28.9268,     57.8537,      0.0193,      0.0075,      0.0156,      0.2051,   7820.0005,-519979.0000,  -1128.1550,    546.4624,  26066.6680,
       1,     169,     101,      21,       1,       3,       1,     10.0000,      1.4042,     42.6599,    249.5994,     62.8146,      3.4953,      0.0000,     -0.0328,      9.4617,      0.1706,      5.6055,     11.2110,      1.5077,     28.9268,     57.8537,      0.0193,      0.0074,      0.0156,      0.2052,   7820.0005,-439546.5000,  -1101.5259,    551.9824,  26066.6680,
       1,     169,     101,      22,       1,       3,       1,     10.0000,      1.4042,     42.6599,    249.5994,     62.8146,      3.4953,      0.0000,     -0.0328,      9.6044,      0.1694,      5.6055,     11.2110,      1.4972,     28.9268,     57.8537,      0.0193,      0.0075,      0.0156,      0.2053,   7820.0005,-432565.6875,  -1099.2135,    552.4919,  26066.6680,
       1,     169,     101,      23,       1,       3,       1,     10.0000,      1.4042,     42.6599,    249.5994,     62.8146,      3.4953,      0.0000,     -0.0327,      8.5325,      0.1657,      5.6055,     11.2110,      1.4646,     28.9268,     57.8537,      0.0193,      0.0067,      0.0156,      0.2053,   7820.0005,-432111.7188,  -1099.0790,    552.5236,  26066.6680,
       1,     169,     101,      24,       1,       3,       1,     10.0000,      1.4042,     42.6599,    249.5994,     62.8146,      3.4953,      0.0000,     -0.0327,      7.3256,      0.1654,      5.6055,     11.2110,      1.4617,     28.9268,     57.8537,      0.0193,      0.0057,      0.0156,      0.2053,   7820.0005,-430746.1562,  -1098.6370,    552.6179,  26066.6680,
       1,     169,     102,       1,       1,       3,       1,     10.0000,      1.4042,     42.6602,    249.6053,     62.8161,      3.4953,      0.0000,     -0.0326,      5.8669,      0.1633,      5.6057,     11.2113,      1.4428,     28.9325,     57.8649,      0.0193,      0.0046,      0.0156,      0.2053,   7820.0005,-429290.5938,  -1098.6436,    552.7314,  26067.8340,
       1,     169,     102,       2,       1,       3,       1,     10.0000,      1.4042,     42.6602,    249.6053,     62.8161,      3.4953,      0.0000,     -0.0324,      5.0532,      0.1565,      5.6057,     11.2113,      1.3833,     28.9325,     57.8649,      0.0193,      0.0040,      0.0156,      0.2053,   7820.3506,-427209.1250,  -1097.4777,    552.8752,  26067.8340,
       1,     169,     102,       3,       1,       3,       1,     10.0000,      1.4042,     42.6602,    249.6053,     62.8161,      3.4953,      0.0000,     -0.0322,      4.6971,      0.1516,      5.6057,     11.2113,      1.3395,     28.9325,     57.8649,      0.0193,      0.0037,      0.0156,      0.2053,   7820.3506,-426024.6875,  -1097.0883,    552.9572,  26067.8340,
       1,     169,     102,       4,       1,       3,       1,     10.0000,      1.4042,     42.6602,    249.6053,     62.8161,      3.4953,      0.0000,     -0.0321,      4.4568,      0.1501,      5.6057,     11.2113,      1.3261,     28.9325,     57.8649,      0.0193,      0.0035,      0.0156,      0.2053,   7820.3506,-425482.7812,  -1096.9132,    552.9946,  26067.8340,
       1,     169,     102,       5,       1,       3,       1,     10.0000,      1.4042,     42.6602,    249.6053,     62.8161,      3.4953,      0.0000,     -0.0320,      4.3964,      0.1460,      5.6057,     11.2113,      1.2905,     28.9325,     57.8649,      0.0193,      0.0034,      0.0156,      0.2053,   7820.3506,-425139.2188,  -1096.8043,    553.0184,  26067.8340,
       1,     169,     102,       6,       1,       3,       1,     10.0000,      1.4042,     42.6602,    249.6053,     62.8161,      3.4953,      0.0000,     -0.0319,      4.2273,      0.1441,      5.6057,     11.2113,      1.2736,     28.9325,     57.8649,      0.0193,      0.0033,      0.0156,      0.2053,   7820.3506,-425035.0938,  -1096.7755,    553.0256,  26067.8340,
       1,     169,     102,       7,       1,       3,       1,     10.0000,      1.4042,     42.6602,    249.6053,     62.8161,      3.4953,      0.0000,     -0.0318,      3.8627,      0.1405,      5.6057,     11.2113,      1.2419,     28.9325,     57.8649,      0.0193,      0.0030,      0.0156,      0.2053,   7820.3506,-424817.0312,  -1096.7080,    553.0407,  26067.8340,
       1,     169,     102,       8,       1,       3,       1,     10.0000,      1.4042,     42.6602,    249.6053,     62.8161,      3.4953,      0.0122,     -0.0197,      3.3814,      0.1413,      5.6057,     11.2113,      1.2482,     28.9325,     57.8649,      0.0193,      0.0026,      0.0156,      0.2053,   7820.3506,-424347.2188,  -1096.5558,    553.0731,  26067.8340,
       1,     169,     102,       9,       1,       3,       1,     10.0000,      1.4042,     42.6602,    249.6053,     62.8161,      3.4953,      0.1125,      0.0801,     30.5447,      0.1570,      5.6057,     11.2113,      1.3875,     28.9325,     57.8649,      0.0193,      0.0027,      0.1380,      0.2053,   7820.3506,-423711.7500,  -1096.3470,    553.1171,  26067.8340,
       1,     169,     102,      10,       1,       3,       1,     10.0000,      1.4042,     42.6602,    249.6053,     62.8161,      3.4953,      0.1700,      0.1368,     51.8402,      0.1810,      5.6057,     11.2113,      1.5990,     28.9325,     57.8649,      0.0193,      0.0029,      0.2186,      0.2053,   7820.3506,-457259.3125,  -1107.6609,    550.7976,  26067.8359,
       1,     169,     102,      11,       1,       3,       1,     10.0000,      1.4042,     42.6602,    249.6053,     62.8161,      3.4953,      0.1886,      0.1550,     59.7866,      0.1938,      5.6057,     11.2113,      1.7123,     28.9325,     57.8649,      0.0193,      0.0030,      0.2448,      0.2053,   7820.3511,-486497.0000,  -1117.6201,    548.7894,  26067.8359,
       1,     169,     102,      12,       1,       3,       1,     10.0000,      1.4042,     42.6602,    249.6053,     62.8161,      3.4953,      0.1886,      0.1543,     60.3555,      0.2173,      5.6057,     11.2113,      1.9199,     28.9325,     57.8649,      0.0193,      0.0030,      0.2449,      0.2053,   7820.3511,-498836.1250,  -1122.0344,    547.9467,  26067.8320,
       1,     169,     102,      13,       1,       3,       1,     10.0000,      1.4042,     42.6602,    249.6053,     62.8161,      3.4953,      0.1922,      0.1574,     66.0524,      0.2378,      5.6057,     11.2113,      2.1009,     28.9325,     57.8649,      0.0193,      0.0032,      0.2497,      0.2053,   7820.3501,-500590.5000,  -1122.9462,    547.8271,  26067.8301,
       1,     169,     102,      14,       1,       3,       1,     10.0000,      1.4042,     42.6602,    249.6053,     62.8161,      3.4953,      0.1717,      0.1371,     69.9658,      0.2289,      5.6057,     11.2113,      2.0223,     28.9325,     57.8649,      0.0193,      0.0039,      0.2193,      0.2053,   7820.3491,-507794.9688,  -1125.7092,    547.3339,  26067.8320,
       1,     169,     102,      15,       1,       3,       1,     10.0000,      1.4042,     42.6602,    249.6053,     62.8161,      3.4953,      0.1848,      0.1502,    104.4405,      0.2313,      5.6057,     11.2113,      2.0442,     28.9325,     57.8649,      0.0193,      0.0054,      0.2345,      0.2053,   7820.3501,-513256.5625,  -1127.9233,    546.9604,  26067.8301,
       1,     169,     102,      16,       1,       3,       1,     10.0000,      1.4042,     42.6602,    249.6053,     62.8161,      3.4953,      0.1912,      0.1569,    134.6865,      0.2192,      5.6057,     11.2113,      1.9369,     28.9325,     57.8649,      0.0193,      0.0068,      0.2404,      0.2053,   7820.3491,-556426.3750,  -1142.9326,    544.0089,  26067.8281,
       1,     169,     102,      17,       1,       3,       1,     10.0000,      1.4042,     42.6602,    249.6053,     62.8161,      3.4953,      0.1821,      0.1478,    155.6758,      0.2160,      5.6057,     11.2113,      1.9086,     28.9325,     57.8649,      0.0193,      0.0085,      0.2246,      0.2052,   7820.3486,-597622.6875,  -1157.5272,    541.2156,  26067.8281,
       1,     169,     102,      18,       1,       3,       1,     10.0000,      1.4042,     42.6602,    249.6053,     62.8161,      3.4953,      0.1372,      0.1033,    120.5132,      0.2036,      5.6057,     11.2113,      1.7991,     28.9325,     57.8649,      0.0193,      0.0090,      0.1632,      0.2051,   7820.3486,-627183.3750,  -1168.4401,    539.2228,  26067.8262,
       1,     169,     102,      19,       1,       3,       1,     10.0000,      1.4042,     42.6602,    249.6053,     62.8161,      3.4953,      0.1150,      0.0815,     88.3280,      0.1926,      5.6057,     11.2113,      1.7022,     28.9325,     57.8649,      0.0193,      0.0080,      0.1347,      0.2051,   7820.3481,-586066.8125,  -1155.5153,    541.9979,  26067.8262,
       1,     169,     102,      20,       1,       3,       1,     10.0000,      1.4042,     42.6602,    249.6053,     62.8161,      3.4953,      0.0124,     -0.0206,     10.0252,      0.1774,      5.6057,     11.2113,      1.5675,     28.9325,     57.8649,      0.0193,      0.0078,      0.0156,      0.2052,   7820.3481,-542665.5625,  -1141.5464,    544.9454,  26067.8242,
       1,     169,     102,      21,       1,       3,       1,     10.0000,      1.4042,     42.6602,    249.6053,     62.8161,      3.4953,      0.0000,     -0.0328,      8.9829,      0.1699,      5.6057,     11.2113,      1.5017,     28.9325,     57.8649,      0.0193,      0.0070,      0.0156,      0.2052,   7820.3477,-441946.6562,  -1107.7023,    551.8143,  26067.8242,
       1,     169,     102,      22,       1,       3,       1,     10.0000,      1.4042,     42.6602,    249.6053,     62.8161,      3.4953,      0.0000,     -0.0327,      8.6014,      0.1666,      5.6057,     11.2113,      1.4720,     28.9325,     57.8649,      0.0193,      0.0067,      0.0156,      0.2053,   7820.3477,-432200.0000,  -1104.4159,    552.5301,  26067.8223,
       1,     169,     102,      23,       1,       3,       1,     10.0000,      1.4042,     42.6602,    249.6053,     62.8161,      3.4953,      0.0000,     -0.0326,      7.7759,      0.1634,      5.6057,     11.2113,      1.4442,     28.9325,     57.8649,      0.0193,      0.0061,      0.0156,      0.2053,   7820.3472,-430842.6875,  -1103.9691,    552.6242,  26067.8223,
       1,     169,     102,      24,       1,       3,       1,     10.0000,      1.4042,     42.6602,    249.6053,     62.8161,      3.4953,      0.0000,     -0.0325,      6.9774,      0.1605,      5.6057,     11.2113,      1.4184,     28.9325,     57.8649,      0.0193,      0.0055,      0.0156,      0.2053,   7820.3472,-429704.8750,  -1103.5941,    552.7029,  26067.8223,
       1,     169,     103,       1,       1,       3,       1,     10.0000,      1.4043,     42.6606,    249.6112,     62.8176,      3.4953,      0.0000,     -0.0324,      5.6491,      0.1561,      5.6061,     11.2122,      1.3792,     28.9382,     57.8764,      0.0193,      0.0044,      0.0156,      0.2054,   7820.3472,-428773.9375,  -1103.7755,    552.7802,  26068.9883,
       1,     169,     103,       2,       1,       3,       1,     10.0000,      1.4043,     42.6606,    249.6112,     62.8176,      3.4953,      0.0000,     -0.0322,      5.2479,      0.1525,      5.6061,     11.2122,      1.3476,     28.9382,     57.8764,      0.0193,      0.0041,      0.0156,      0.2054,   7820.6968,-426898.9375,  -1102.6599,    552.9098,  26068.9883,
       1,     169,     103,       3,       1,       3,       1,     10.0000,      1.4043,     42.6606,    249.6112,     62.8176,      3.4953,      0.0000,     -0.0322,      4.6627,      0.1504,      5.6061,     11.2122,      1.3288,     28.9382,     57.8764,      0.0193,      0.0037,      0.0156,      0.2054,   7820.6968,-426242.3438,  -1102.4430,    552.9552,  26068.9883,
       1,     169,     103,       4,       1,       3,       1,     10.0000,      1.4043,     42.6606,    249.6112,     62.8176,      3.4953,      0.0000,     -0.0321,      4.1531,      0.1501,      5.6061,     11.2122,      1.3261,     28.9382,     57.8764,      0.0193,      0.0033,      0.0156,      0.2054,   7820.6968,-425462.3438,  -1102.1832,    553.0091,  26068.9863,
       1,     169,     103,       5,       1,       3,       1,     10.0000,      1.4043,     42.6606,    249.6112,     62.8176,      3.4953,      0.0000,     -0.0321,      3.9221,      0.1492,      5.6061,     11.2122,      1.3181,     28.9382,     57.8764,      0.0193,      0.0031,      0.0156,      0.2054,   7820.6963,-424765.5000,  -1101.9514,    553.0573,  26068.9863,
       1,     169,     103,       6,       1,       3,       1,     10.0000,      1.4043,     42.6606,    249.6112,     62.8176,      3.4953,      0.0000,     -0.0320,      3.4651,      0.1472,      5.6061,     11.2122,      1.3010,     28.9382,     57.8764,      0.0193,      0.0027,      0.0156,      0.2054,   7820.6963,-424420.1875,  -1101.8381,    553.0811,  26068.9863,
       1,     169,     103,       7,       1,       3,       1,     10.0000,      1.4043,     42.6606,    249.6112,     62.8176,      3.4953,      0.0000,     -0.0321,      3.8021,      0.1475,      5.6061,     11.2122,      1.3036,     28.9382,     57.8764,      0.0193,      0.0030,      0.0156,      0.2054,   7820.6963,-423825.3750,  -1101.6394,    553.1222,  26068.9863,
       1,     169,     103,       8,       1,       3,       1,     10.0000,      1.4043,     42.6606,    249.6112,     62.8176,      3.4953,      0.0147,     -0.0174,      0.1657,      0.1475,      5.6061,     11.2122,      1.3036,     28.9382,     57.8764,      0.0193,      0.0027,      0.0007,      0.2054,   7820.6963,-424191.3438,  -1101.7681,    553.0970,  26068.9863,
       1,     169,     103,       9,       1,       3,       1,     10.0000,      1.4043,     42.6606,    249.6112,     62.8176,      3.4953,      0.1126,      0.0800,     29.7775,      0.1636,      5.6061,     11.2122,      1.4457,     28.9382,     57.8764,      0.0193,      0.0026,      0.1380,      0.2054,   7820.6963,-419724.6562,  -1100.2444,    553.4058,  26068.9863,
       1,     169,     103,      10,       1,       3,       1,     10.0000,      1.4043,     42.6606,    249.6112,     62.8176,      3.4953,      0.1725,      0.1393,     50.9619,      0.1833,      5.6061,     11.2122,      1.6198,     28.9382,     57.8764,      0.0193,      0.0028,      0.2224,      0.2054,   7820.6963,-455967.3438,  -1112.6388,    550.8987,  26068.9883,
       1,     169,     103,      11,       1,       3,       1,     10.0000,      1.4043,     42.6606,    249.6112,     62.8176,      3.4953,      0.1801,      0.1462,     55.9854,      0.2042,      5.6061,     11.2122,      1.8045,     28.9382,     57.8764,      0.0193,      0.0029,      0.2329,      0.2053,   7820.6968,-485296.9062,  -1122.7512,    548.8846,  26068.9844,
       1,     169,     103,      12,       1,       3,       1,     10.0000,      1.4043,     42.6606,    249.6112,     62.8176,      3.4953,      0.1910,      0.1568,     63.6723,      0.2147,      5.6061,     11.2122,      1.8974,     28.9382,     57.8764,      0.0193,      0.0031,      0.2480,      0.2053,   7820.6958,-494023.3438,  -1125.9657,    548.2896,  26068.9844,
       1,     169,     103,      13,       1,       3,       1,     10.0000,      1.4043,     42.6606,    249.6112,     62.8176,      3.4953,      0.1811,      0.1465,     65.0059,      0.2293,      5.6061,     11.2122,      2.0263,     28.9382,     57.8764,      0.0193,      0.0034,      0.2336,      0.2053,   7820.6958,-504281.5938,  -1129.7529,    547.5870,  26068.9863,
       1,     169,     103,      14,       1,       3,       1,     10.0000,      1.4043,     42.6606,    249.6112,     62.8176,      3.4953,      0.1945,      0.1599,     92.9358,      0.2307,      5.6061,     11.2122,      2.0383,     28.9382,     57.8764,      0.0193,      0.0045,      0.2500,      0.2053,   7820.6963,-506808.0312,  -1130.9482,    547.4144,  26068.9844,
       1,     169,     103,      15,       1,       3,       1,     10.0000,      1.4043,     42.6606,    249.6112,     62.8176,      3.4953,      0.1956,      0.1610,    115.2300,      0.2293,      5.6061,     11.2122,      2.0263,     28.9382,     57.8764,      0.0193,      0.0056,      0.2491,      0.2053,   7820.6958,-541612.6250,  -1143.2284,    545.0329,  26068.9824,
       1,     169,     103,      16,       1,       3,       1,     10.0000,      1.4043,     42.6606,    249.6112,     62.8176,      3.4953,      0.1831,      0.1486,    133.8290,      0.2238,      5.6061,     11.2122,      1.9773,     28.9382,     57.8764,      0.0193,      0.0072,      0.2286,      0.2052,   7820.6948,-572219.9375,  -1154.2688,    542.9528,  26068.9805,
       1,     169,     103,      17,       1,       3,       1,     10.0000,      1.4043,     42.6606,    249.6112,     62.8176,      3.4953,      0.1694,      0.1351,    134.0673,      0.2177,      5.6061,     11.2122,      1.9237,     28.9382,     57.8764,      0.0193,      0.0079,      0.2085,      0.2052,   7820.6943,-597892.1875,  -1163.8073,    541.2145,  26068.9805,
       1,     169,     103,      18,       1,       3,       1,     10.0000,      1.4043,     42.6606,    249.6112,     62.8176,      3.4953,      0.1408,      0.1068,    110.2839,      0.2066,      5.6061,     11.2122,      1.8259,     28.9382,     57.8764,      0.0193,      0.0079,      0.1696,      0.2052,   7820.6943,-600379.3125,  -1165.5292,    541.0490,  26068.9785,
       1,     169,     103,      19,       1,       3,       1,     10.0000,      1.4043,     42.6606,    249.6112,     62.8176,      3.4953,      0.0581,      0.0245,     36.8261,      0.1955,      5.6061,     11.2122,      1.7277,     28.9382,     57.8764,      0.0193,      0.0078,      0.0578,      0.2052,   7820.6938,-571087.3750,  -1156.3070,    543.0300,  26068.9785,
       1,     169,     103,      20,       1,       3,       1,     10.0000,      1.4043,     42.6606,    249.6112,     62.8176,      3.4953,      0.0107,     -0.0224,      9.1088,      0.1786,      5.6061,     11.2122,      1.5785,     28.9382,     57.8764,      0.0193,      0.0071,      0.0156,      0.2052,   7820.6938,-477535.3438,  -1124.6688,    549.3839,  26068.9766,
       1,     169,     103,      21,       1,       3,       1,     10.0000,      1.4043,     42.6606,    249.6112,     62.8176,      3.4953,      0.0000,     -0.0329,      8.5369,      0.1734,      5.6061,     11.2122,      1.5320,     28.9382,     57.8764,      0.0193,      0.0067,      0.0156,      0.2053,   7820.6934,-435374.8750,  -1110.2587,    552.3164,  26068.9766,
       1,     169,     103,      22,       1,       3,       1,     10.0000,      1.4043,     42.6606,    249.6112,     62.8176,      3.4953,      0.0000,     -0.0328,      8.0204,      0.1686,      5.6061,     11.2122,      1.4898,     28.9382,     57.8764,      0.0193,      0.0063,      0.0156,      0.2054,   7820.6934,-431046.3438,  -1108.7820,    552.6232,  26068.9766,
       1,     169,     103,      23,       1,       3,       1,     10.0000,      1.4043,     42.6606,    249.6112,     62.8176,      3.4953,      0.0000,     -0.0327,      7.2153,      0.1671,      5.6061,     11.2122,      1.4764,     28.9382,     57.8764,      0.0193,      0.0056,      0.0156,      0.2054,   7820.6934,-430027.7500,  -1108.4419,    552.6935,  26068.9766,
       1,     169,     103,      24,       1,       3,       1,     10.0000,      1.4043,     42.6606,    249.6112,     62.8176,      3.4953,      0.0000,     -0.0327,      6.3851,      0.1653,      5.6061,     11.2122,      1.4603,     28.9382,     57.8764,      0.0193,      0.0050,      0.0156,      0.2054,   7820.6934,-428944.8125,  -1108.0775,    552.7684,  26068.9766,
       1,     169,     104,       1,       1,       3,       1,     10.0000,      1.4043,     42.6609,    249.6171,     62.8190,      3.4953,      0.0000,     -0.0326,      5.1507,      0.1625,      5.6060,     11.2120,      1.4357,     28.9425,     57.8850,      0.0193,      0.0040,      0.0156,      0.2054,   7820.6934,-427980.0312,  -1108.2482,    552.8480,  26070.1445,
       1,     169,     104,       2,       1,       3,       1,     10.0000,      1.4043,     42.6609,    249.6171,     62.8190,      3.4953,      0.0000,     -0.0325,      4.9504,      0.1615,      5.6060,     11.2120,      1.4270,     28.9425,     57.8850,      0.0193,      0.0039,      0.0156,      0.2054,   7821.0435,-426218.2812,  -1107.1528,    552.9698,  26070.1445,
       1,     169,     104,       3,       1,       3,       1,     10.0000,      1.4043,     42.6609,    249.6171,     62.8190,      3.4953,      0.0000,     -0.0325,      4.8252,      0.1615,      5.6060,     11.2120,      1.4270,     28.9425,     57.8850,      0.0193,      0.0038,      0.0156,      0.2054,   7821.0435,-425819.8438,  -1107.0199,    552.9974,  26070.1445,
       1,     169,     104,       4,       1,       3,       1,     10.0000,      1.4043,     42.6609,    249.6171,     62.8190,      3.4953,      0.0000,     -0.0325,      4.0496,      0.1608,      5.6060,     11.2120,      1.4213,     28.9425,     57.8850,      0.0193,      0.0032,      0.0156,      0.2054,   7821.0435,-425630.8125,  -1106.9594,    553.0104,  26070.1445,
       1,     169,     104,       5,       1,       3,       1,     10.0000,      1.4043,     42.6609,    249.6171,     62.8190,      3.4953,      0.0000,     -0.0325,      4.0983,      0.1589,      5.6060,     11.2120,      1.4043,     28.9425,     57.8850,      0.0193,      0.0032,      0.0156,      0.2054,   7821.0435,-424655.5938,  -1106.6262,    553.0779,  26070.1445,
       1,     169,     104,       6,       1,       3,       1,     10.0000,      1.4043,     42.6609,    249.6171,     62.8190,      3.4953,      0.0000,     -0.0324,      3.7342,      0.1564,      5.6060,     11.2120,      1.3820,     28.9425,     57.8850,      0.0193,      0.0029,      0.0156,      0.2054,   7821.0435,-424632.2188,  -1106.6215,    553.0795,  26070.1445,
       1,     169,     104,       7,       1,       3,       1,     10.0000,      1.4043,     42.6609,    249.6171,     62.8190,      3.4953,      0.0000,     -0.0324,      3.7833,      0.1564,      5.6060,     11.2120,      1.3820,     28.9425,     57.8850,      0.0193,      0.0030,      0.0156,      0.2054,   7821.0435,-424180.0000,  -1106.4688,    553.1107,  26070.1445,
       1,     169,     104,       8,       1,       3,       1,     10.0000,      1.4043,     42.6609,    249.6171,     62.8190,      3.4953,      0.0103,     -0.0221,      3.7070,      0.1577,      5.6060,     11.2120,      1.3931,     28.9425,     57.8850,      0.0193,      0.0029,      0.0156,      0.2054,   7821.0435,-424202.1250,  -1106.4791,    553.1092,  26070.1445,
       1,     169,     104,       9,       1,       3,       1,     10.0000,      1.4043,     42.6609,    249.6171,     62.8190,      3.4953,      0.1018,      0.0691,     28.8627,      0.1679,      5.6060,     11.2120,      1.4839,     28.9425,     57.8850,      0.0193,      0.0029,      0.1226,      0.2054,   7821.0435,-424109.5625,  -1106.4498,    553.1156,  26070.1445,
       1,     169,     104,      10,       1,       3,       1,     10.0000,      1.4043,     42.6609,    249.6171,     62.8190,      3.4953,      0.1771,      0.1437,     55.7132,      0.1877,      5.6060,     11.2120,      1.6589,     28.9425,     57.8850,      0.0193,      0.0030,      0.2284,      0.2054,   7821.0435,-455213.0000,  -1117.2275,    550.9651,  26070.1445,
       1,     169,     104,      11,       1,       3,       1,     10.0000,      1.4043,     42.6609,    249.6171,     62.8190,      3.4953,      0.1865,      0.1525,     56.2877,      0.2073,      5.6060,     11.2120,      1.8314,     28.9425,     57.8850,      0.0193,      0.0028,      0.2422,      0.2054,   7821.0435,-491105.8125,  -1129.7361,    548.4974,  26070.1406,
       1,     169,     104,      12,       1,       3,       1,     10.0000,      1.4043,     42.6609,    249.6171,     62.8190,      3.4953,      0.1718,      0.1372,     54.5743,      0.2295,      5.6060,     11.2120,      2.0284,     28.9425,     57.8850,      0.0193,      0.0030,      0.2212,      0.2053,   7821.0425,-494891.3438,  -1131.2925,    548.2434,  26070.1426,
       1,     169,     104,      13,       1,       3,       1,     10.0000,      1.4043,     42.6609,    249.6171,     62.8190,      3.4953,      0.1609,      0.1261,     54.7117,      0.2348,      5.6060,     11.2120,      2.0745,     28.9425,     57.8850,      0.0193,      0.0033,      0.2051,      0.2053,   7821.0430,-493085.7188,  -1130.9319,    548.3671,  26070.1406,
       1,     169,     104,      14,       1,       3,       1,     10.0000,      1.4043,     42.6609,    249.6171,     62.8190,      3.4953,      0.1888,      0.1538,     83.5341,      0.2470,      5.6060,     11.2120,      2.1825,     28.9425,     57.8850,      0.0193,      0.0042,      0.2429,      0.2053,   7821.0425,-493102.2188,  -1131.1949,    548.3660,  26070.1406,
       1,     169,     104,      15,       1,       3,       1,     10.0000,      1.4043,     42.6609,    249.6171,     62.8190,      3.4953,      0.1802,      0.1450,    102.9181,      0.2526,      5.6060,     11.2120,      2.2319,     28.9425,     57.8850,      0.0193,      0.0055,      0.2281,      0.2053,   7821.0425,-528786.6250,  -1143.8417,    545.9200,  26070.1406,
       1,     169,     104,      16,       1,       3,       1,     10.0000,      1.4043,     42.6609,    249.6171,     62.8190,      3.4953,      0.1856,      0.1504,    131.8894,      0.2528,      5.6060,     11.2120,      2.2341,     28.9425,     57.8850,      0.0193,      0.0069,      0.2327,      0.2053,   7821.0425,-555855.5625,  -1153.6951,    544.0782,  26070.1367,
       1,     169,     104,      17,       1,       3,       1,     10.0000,      1.4043,     42.6609,    249.6171,     62.8190,      3.4953,      0.1783,      0.1437,    130.8069,      0.2311,      5.6060,     11.2120,      2.0423,     28.9425,     57.8850,      0.0193,      0.0072,      0.2221,      0.2053,   7821.0415,-594068.1250,  -1167.5951,    541.4825,  26070.0879,
       1,     169,     104,      18,       1,       3,       1,     10.0000,      1.4043,     42.6609,    249.6171,     62.8190,      3.4953,      0.1623,      0.1280,    119.4856,      0.2201,      5.6060,     11.2120,      1.9446,     28.9425,     57.8850,      0.0193,      0.0073,      0.1999,      0.2052,   7821.0269,-596003.4375,  -1169.1140,    541.3578,  26070.0645,
       1,     169,     104,      19,       1,       3,       1,     10.0000,      1.4043,     42.6609,    249.6171,     62.8190,      3.4953,      0.1011,      0.0672,     74.6280,      0.2024,      5.6060,     11.2120,      1.7885,     28.9425,     57.8850,      0.0193,      0.0079,      0.1158,      0.2052,   7821.0195,-582123.1250,  -1165.1239,    542.2970,  26070.0840,
       1,     169,     104,      20,       1,       3,       1,     10.0000,      1.4043,     42.6609,    249.6171,     62.8190,      3.4953,      0.0097,     -0.0236,      9.6552,      0.1853,      5.6060,     11.2120,      1.6377,     28.9425,     57.8850,      0.0193,      0.0076,      0.0156,      0.2052,   7821.0254,-525325.0000,  -1146.0059,    546.1480,  26070.1348,
       1,     169,     104,      21,       1,       3,       1,     10.0000,      1.4043,     42.6609,    249.6171,     62.8190,      3.4953,      0.0000,     -0.0330,      9.0814,      0.1760,      5.6060,     11.2120,      1.5551,     28.9425,     57.8850,      0.0193,      0.0071,      0.0156,      0.2053,   7821.0405,-440049.0312,  -1116.5369,    551.9834,  26070.1328,
       1,     169,     104,      22,       1,       3,       1,     10.0000,      1.4043,     42.6609,    249.6171,     62.8190,      3.4953,      0.0000,     -0.0329,      7.8322,      0.1718,      5.6060,     11.2120,      1.5183,     28.9425,     57.8850,      0.0193,      0.0061,      0.0156,      0.2054,   7821.0400,-432150.9375,  -1113.8010,    552.5596,  26070.1348,
       1,     169,     104,      23,       1,       3,       1,     10.0000,      1.4043,     42.6609,    249.6171,     62.8190,      3.4953,      0.0000,     -0.0328,      7.1962,      0.1689,      5.6060,     11.2120,      1.4928,     28.9425,     57.8850,      0.0193,      0.0056,      0.0156,      0.2054,   7821.0405,-429892.8125,  -1113.0217,    552.7159,  26070.1328,
       1,     169,     104,      24,       1,       3,       1,     10.0000,      1.4043,     42.6609,    249.6171,     62.8190,      3.4953,      0.0000,     -0.0328,      6.1000,      0.1681,      5.6060,     11.2120,      1.4853,     28.9425,     57.8850,      0.0193,      0.0048,      0.0156,      0.2054,   7821.0400,-428913.0625,  -1112.6871,    552.7836,  26070.1309,
       1,     169,     105,       1,       1,       3,       1,     10.0000,      1.4043,     42.6613,    249.6229,     62.8205,      3.4953,      0.0000,     -0.0328,      5.0108,      0.1689,      5.6064,     11.2129,      1.4928,     28.9469,     57.8939,      0.0193,      0.0039,      0.0156,      0.2054,   7821.0396,-427628.6250,  -1112.7468,    552.8853,  26071.3008,
       1,     169,     105,       2,       1,       3,       1,     10.0000,      1.4043,     42.6613,    249.6229,     62.8205,      3.4953,      0.0000,     -0.0328,      4.3342,      0.1678,      5.6064,     11.2129,      1.4824,     28.9469,     57.8939,      0.0193,      0.0034,      0.0156,      0.2054,   7821.3906,-426018.8750,  -1111.6880,    552.9966,  26071.3008,
       1,     169,     105,       3,       1,       3,       1,     10.0000,      1.4043,     42.6613,    249.6229,     62.8205,      3.4953,      0.0000,     -0.0328,      4.1065,      0.1678,      5.6064,     11.2129,      1.4824,     28.9469,     57.8939,      0.0193,      0.0032,      0.0156,      0.2054,   7821.3906,-425044.5625,  -1111.3500,    553.0640,  26071.3008,
       1,     169,     105,       4,       1,       3,       1,     10.0000,      1.4043,     42.6613,    249.6229,     62.8205,      3.4953,      0.0000,     -0.0328,      3.7814,      0.1681,      5.6064,     11.2129,      1.4854,     28.9469,     57.8939,      0.0193,      0.0030,      0.0156,      0.2054,   7821.3906,-424679.6562,  -1111.2246,    553.0891,  26071.3027,
       1,     169,     105,       5,       1,       3,       1,     10.0000,      1.4043,     42.6613,    249.6229,     62.8205,      3.4953,      0.0000,     -0.0327,      3.5822,      0.1671,      5.6064,     11.2129,      1.4765,     28.9469,     57.8939,      0.0193,      0.0028,      0.0156,      0.2054,   7821.3911,-424246.3750,  -1111.0747,    553.1191,  26071.3008,
       1,     169,     105,       6,       1,       3,       1,     10.0000,      1.4043,     42.6613,    249.6229,     62.8205,      3.4953,      0.0000,     -0.0327,      3.5933,      0.1653,      5.6064,     11.2129,      1.4603,     28.9469,     57.8939,      0.0193,      0.0028,      0.0156,      0.2054,   7821.3906,-423963.0938,  -1110.9777,    553.1387,  26071.3008,
       1,     169,     105,       7,       1,       3,       1,     10.0000,      1.4043,     42.6613,    249.6229,     62.8205,      3.4953,      0.0000,     -0.0326,      3.2917,      0.1638,      5.6064,     11.2129,      1.4472,     28.9469,     57.8939,      0.0193,      0.0026,      0.0156,      0.2054,   7821.3906,-423952.5000,  -1110.9757,    553.1394,  26071.2988,
       1,     169,     105,       8,       1,       3,       1,     10.0000,      1.4043,     42.6613,    249.6229,     62.8205,      3.4953,      0.0183,     -0.0144,      1.0417,      0.1664,      5.6064,     11.2129,      1.4706,     28.9469,     57.8939,      0.0193,      0.0025,      0.0050,      0.2054,   7821.3901,-423578.9688,  -1110.8472,    553.1653,  26071.3008,
       1,     169,     105,       9,       1,       3,       1,     10.0000,      1.4043,     42.6613,    249.6229,     62.8205,      3.4953,      0.1030,      0.0703,     28.4590,      0.1664,      5.6064,     11.2129,      1.4706,     28.9469,     57.8939,      0.0193,      0.0028,      0.1244,      0.2054,   7821.3906,-420764.3125,  -1109.8607,    553.3599,  26071.2988,
       1,     169,     105,      10,       1,       3,       1,     10.0000,      1.4043,     42.6613,    249.6229,     62.8205,      3.4953,      0.1153,      0.0828,     30.0550,      0.1600,      5.6064,     11.2129,      1.4143,     28.9469,     57.8939,      0.0193,      0.0026,      0.1421,      0.2054,   7821.3901,-454426.7500,  -1121.6675,    551.0315,  26071.2988,
       1,     169,     105,      11,       1,       3,       1,     10.0000,      1.4043,     42.6613,    249.6229,     62.8205,      3.4953,      0.1918,      0.1590,     53.3799,      0.1668,      5.6064,     11.2129,      1.4735,     28.9469,     57.8939,      0.0193,      0.0026,      0.2498,      0.2054,   7821.3901,-459292.3750,  -1123.4417,    550.7012,  26071.2969,
       1,     169,     105,      12,       1,       3,       1,     10.0000,      1.4043,     42.6613,    249.6229,     62.8205,      3.4953,      0.1919,      0.1587,     55.1683,      0.1835,      5.6064,     11.2129,      1.6215,     28.9469,     57.8939,      0.0193,      0.0027,      0.2500,      0.2054,   7821.3892,-488560.7812,  -1133.7927,    548.6865,  26071.2969,
       1,     169,     105,      13,       1,       3,       1,     10.0000,      1.4043,     42.6613,    249.6229,     62.8205,      3.4953,      0.1919,      0.1581,     55.8920,      0.1992,      5.6064,     11.2129,      1.7605,     28.9469,     57.8939,      0.0193,      0.0027,      0.2500,      0.2054,   7821.3892,-493282.1875,  -1135.6654,    548.3665,  26071.2969,
       1,     169,     105,      14,       1,       3,       1,     10.0000,      1.4043,     42.6613,    249.6229,     62.8205,      3.4953,      0.1593,      0.1251,     55.8143,      0.2145,      5.6064,     11.2129,      1.8956,     28.9469,     57.8939,      0.0193,      0.0034,      0.2027,      0.2054,   7821.3892,-494576.1562,  -1136.3641,    548.2778,  26071.2988,
       1,     169,     105,      15,       1,       3,       1,     10.0000,      1.4043,     42.6613,    249.6229,     62.8205,      3.4953,      0.1866,      0.1526,     62.1601,      0.2099,      5.6064,     11.2129,      1.8550,     28.9469,     57.8939,      0.0193,      0.0031,      0.2418,      0.2054,   7821.3901,-494589.6875,  -1136.6195,    548.2769,  26071.2949,
       1,     169,     105,      16,       1,       3,       1,     10.0000,      1.4043,     42.6613,    249.6229,     62.8205,      3.4953,      0.1901,      0.1562,     51.1883,      0.2036,      5.6064,     11.2129,      1.7992,     28.9469,     57.8939,      0.0193,      0.0025,      0.2480,      0.2054,   7821.3887,-502446.8750,  -1139.6355,    547.7384,  26071.2949,
       1,     169,     105,      17,       1,       3,       1,     10.0000,      1.4043,     42.6613,    249.6229,     62.8205,      3.4953,      0.1678,      0.1343,     61.0623,      0.1917,      5.6064,     11.2129,      1.6939,     28.9469,     57.8939,      0.0193,      0.0035,      0.2144,      0.2053,   7821.3887,-489533.5312,  -1135.3840,    548.6228,  26071.2930,
       1,     169,     105,      18,       1,       3,       1,     10.0000,      1.4043,     42.6613,    249.6229,     62.8205,      3.4953,      0.1267,      0.0932,     55.7440,      0.1900,      5.6064,     11.2129,      1.6788,     28.9469,     57.8939,      0.0193,      0.0044,      0.1553,      0.2054,   7821.3882,-500657.5625,  -1139.5266,    547.8607,  26071.2949,
       1,     169,     105,      19,       1,       3,       1,     10.0000,      1.4043,     42.6613,    249.6229,     62.8205,      3.4953,      0.0754,      0.0420,     35.7922,      0.1874,      5.6064,     11.2129,      1.6557,     28.9469,     57.8939,      0.0193,      0.0053,      0.0831,      0.2053,   7821.3887,-495021.7500,  -1137.8225,    548.2471,  26071.2891,
       1,     169,     105,      20,       1,       3,       1,     10.0000,      1.4043,     42.6613,    249.6229,     62.8205,      3.4953,      0.0134,     -0.0198,      6.0753,      0.1820,      5.6064,     11.2129,      1.6087,     28.9469,     57.8939,      0.0193,      0.0048,      0.0156,      0.2054,   7821.3872,-469843.5625,  -1129.2024,    549.9728,  26071.2910,
       1,     169,     105,      21,       1,       3,       1,     10.0000,      1.4043,     42.6613,    249.6229,     62.8205,      3.4953,      0.0000,     -0.0332,      5.4078,      0.1801,      5.6064,     11.2129,      1.5912,     28.9469,     57.8939,      0.0193,      0.0042,      0.0156,      0.2054,   7821.3877,-430932.2812,  -1115.5994,    552.6506,  26071.2891,
       1,     169,     105,      22,       1,       3,       1,     10.0000,      1.4043,     42.6613,    249.6229,     62.8205,      3.4953,      0.0000,     -0.0331,      4.4776,      0.1778,      5.6064,     11.2129,      1.5707,     28.9469,     57.8939,      0.0193,      0.0035,      0.0156,      0.2054,   7821.3872,-426801.5938,  -1114.1536,    552.9424,  26071.2891,
       1,     169,     105,      23,       1,       3,       1,     10.0000,      1.4043,     42.6613,    249.6229,     62.8205,      3.4953,      0.0000,     -0.0330,      4.4080,      0.1760,      5.6064,     11.2129,      1.5552,     28.9469,     57.8939,      0.0193,      0.0035,      0.0156,      0.2054,   7821.3872,-425290.3750,  -1113.6240,    553.0470,  26071.2891,
       1,     169,     105,      24,       1,       3,       1,     10.0000,      1.4043,     42.6613,    249.6229,     62.8205,      3.4953,      0.0000,     -0.0330,      4.2261,      0.1739,      5.6064,     11.2129,      1.5367,     28.9469,     57.8939,      0.0193,      0.0033,      0.0156,      0.2054,   7821.3872,-425074.9688,  -1113.5499,    553.0618,  26071.2871,
       1,     169,     106,       1,       1,       3,       1,     10.0000,      1.4043,     42.6616,    249.6288,     62.8220,      3.4953,      0.0000,     -0.0329,      3.8408,      0.1722,      5.6063,     11.2126,      1.5214,     28.9494,     57.8989,      0.0193,      0.0030,      0.0156,      0.2054,   7821.3862,-424986.6562,  -1114.0242,    553.0809,  26072.4590,
       1,     169,     106,       2,       1,       3,       1,     10.0000,      1.4043,     42.6616,    249.6288,     62.8220,      3.4953,      0.0000,     -0.0329,      3.5570,      0.1715,      5.6063,     11.2126,      1.5154,     28.9494,     57.8989,      0.0193,      0.0028,      0.0156,      0.2054,   7821.7378,-424349.7188,  -1113.2966,    553.1249,  26072.4570,
       1,     169,     106,       3,       1,       3,       1,     10.0000,      1.4043,     42.6616,    249.6288,     62.8220,      3.4953,      0.0000,     -0.0328,      3.2301,      0.1705,      5.6063,     11.2126,      1.5063,     28.9494,     57.8989,      0.0193,      0.0025,      0.0156,      0.2054,   7821.7373,-423944.5000,  -1113.1556,    553.1529,  26072.4551,
       1,     169,     106,       4,       1,       3,       1,     10.0000,      1.4043,     42.6616,    249.6288,     62.8220,      3.4953,      0.0000,     -0.0324,      2.8099,      0.1572,      5.6063,     11.2126,      1.3890,     28.9494,     57.8989,      0.0193,      0.0022,      0.0156,      0.2055,   7821.7368,-423506.0625,  -1113.0035,    553.1833,  26072.4551,
       1,     169,     106,       5,       1,       3,       1,     10.0000,      1.4043,     42.6616,    249.6288,     62.8220,      3.4953,      0.0000,     -0.0323,      2.6146,      0.1547,      5.6063,     11.2126,      1.3668,     28.9494,     57.8989,      0.0193,      0.0020,      0.0156,      0.2055,   7821.7368,-422948.9688,  -1112.8081,    553.2218,  26072.4551,
       1,     169,     106,       6,       1,       3,       1,     10.0000,      1.4043,     42.6616,    249.6288,     62.8220,      3.4953,      0.0000,     -0.0324,      2.5575,      0.1564,      5.6063,     11.2126,      1.3820,     28.9494,     57.8989,      0.0193,      0.0020,      0.0156,      0.2055,   7821.7368,-422659.8438,  -1112.7072,    553.2418,  26072.4551,
       1,     169,     106,       7,       1,       3,       1,     10.0000,      1.4043,     42.6616,    249.6288,     62.8220,      3.4953,      0.0000,     -0.0323,      2.5064,      0.1530,      5.6063,     11.2126,      1.3518,     28.9494,     57.8989,      0.0193,      0.0020,      0.0156,      0.2055,   7821.7368,-422564.5000,  -1112.6742,    553.2484,  26072.4551,
       1,     169,     106,       8,       1,       3,       1,     10.0000,      1.4043,     42.6616,    249.6288,     62.8220,      3.4953,      0.0125,     -0.0198,      2.7177,      0.1551,      5.6063,     11.2126,      1.3710,     28.9494,     57.8989,      0.0193,      0.0021,      0.0156,      0.2055,   7821.7368,-422493.1562,  -1112.6499,    553.2533,  26072.4551,
       1,     169,     106,       9,       1,       3,       1,     10.0000,      1.4043,     42.6616,    249.6288,     62.8220,      3.4953,      0.0914,      0.0584,     16.0123,      0.1749,      5.6063,     11.2126,      1.5459,     28.9494,     57.8989,      0.0193,      0.0018,      0.1089,      0.2055,   7821.7368,-422748.3125,  -1112.7406,    553.2356,  26072.4551,
       1,     169,     106,      10,       1,       3,       1,     10.0000,      1.4043,     42.6616,    249.6288,     62.8220,      3.4953,      0.1552,      0.1215,     27.5276,      0.1975,      5.6063,     11.2126,      1.7450,     28.9494,     57.8989,      0.0193,      0.0017,      0.1998,      0.2055,   7821.7368,-439208.0938,  -1118.5485,    552.0974,  26072.4551,
       1,     169,     106,      11,       1,       3,       1,     10.0000,      1.4043,     42.6616,    249.6288,     62.8220,      3.4953,      0.1542,      0.1198,     30.5686,      0.2227,      5.6063,     11.2126,      1.9678,     28.9494,     57.8989,      0.0193,      0.0019,      0.1981,      0.2054,   7821.7368,-454859.7188,  -1124.0968,    551.0184,  26072.4551,
       1,     169,     106,      12,       1,       3,       1,     10.0000,      1.4043,     42.6616,    249.6288,     62.8220,      3.4953,      0.1682,      0.1334,     30.5682,      0.2362,      5.6063,     11.2126,      2.0868,     28.9494,     57.8989,      0.0193,      0.0017,      0.2186,      0.2054,   7821.7368,-459959.7188,  -1125.9619,    550.6682,  26072.4551,
       1,     169,     106,      13,       1,       3,       1,     10.0000,      1.4043,     42.6616,    249.6288,     62.8220,      3.4953,      0.1903,      0.1554,     39.7539,      0.2418,      5.6063,     11.2126,      2.1363,     28.9494,     57.8989,      0.0193,      0.0019,      0.2500,      0.2054,   7821.7368,-460393.5938,  -1126.1957,    550.6384,  26072.4551,
       1,     169,     106,      14,       1,       3,       1,     10.0000,      1.4043,     42.6616,    249.6288,     62.8220,      3.4953,      0.1922,      0.1572,     64.7672,      0.2458,      5.6063,     11.2126,      2.1720,     28.9494,     57.8989,      0.0193,      0.0032,      0.2500,      0.2054,   7821.7368,-471794.2188,  -1130.3008,    549.8537,  26072.4531,
       1,     169,     106,      15,       1,       3,       1,     10.0000,      1.4043,     42.6616,    249.6288,     62.8220,      3.4953,      0.1891,      0.1540,     95.9037,      0.2453,      5.6063,     11.2126,      2.1677,     28.9494,     57.8989,      0.0193,      0.0048,      0.2418,      0.2054,   7821.7363,-503718.3750,  -1141.7017,    547.6602,  26072.4238,
       1,     169,     106,      16,       1,       3,       1,     10.0000,      1.4043,     42.6616,    249.6288,     62.8220,      3.4953,      0.1203,      0.0854,     75.7745,      0.2389,      5.6063,     11.2126,      2.1114,     28.9494,     57.8989,      0.0193,      0.0065,      0.1433,      0.2054,   7821.7275,-545000.8750,  -1156.5939,    544.8383,  26072.2988,
       1,     169,     106,      17,       1,       3,       1,     10.0000,      1.4043,     42.6616,    249.6288,     62.8220,      3.4953,      0.1718,      0.1374,    121.0566,      0.2244,      5.6063,     11.2126,      1.9833,     28.9494,     57.8989,      0.0193,      0.0069,      0.2136,      0.2053,   7821.6899,-523614.0000,  -1149.6072,    546.3022,  26072.3477,
       1,     169,     106,      18,       1,       3,       1,     10.0000,      1.4043,     42.6616,    249.6288,     62.8220,      3.4953,      0.1313,      0.0970,     89.4054,      0.2186,      5.6063,     11.2126,      1.9314,     28.9494,     57.8989,      0.0193,      0.0069,      0.1580,      0.2053,   7821.7046,-577859.0000,  -1169.2068,    542.5998,  26072.1875,
       1,     169,     106,      19,       1,       3,       1,     10.0000,      1.4043,     42.6616,    249.6288,     62.8220,      3.4953,      0.1179,      0.0840,     76.1233,      0.2018,      5.6063,     11.2126,      1.7833,     28.9494,     57.8989,      0.0193,      0.0066,      0.1400,      0.2053,   7821.6567,-543305.5000,  -1157.7343,    544.9560,  26072.2715,
       1,     169,     106,      20,       1,       3,       1,     10.0000,      1.4043,     42.6616,    249.6288,     62.8220,      3.4953,      0.0191,     -0.0142,      2.5773,      0.1866,      5.6063,     11.2126,      1.6492,     28.9494,     57.8989,      0.0193,      0.0060,      0.0052,      0.2053,   7821.6816,-523902.7812,  -1151.3395,    546.2828,  26072.3164,
       1,     169,     106,      21,       1,       3,       1,     10.0000,      1.4043,     42.6616,    249.6288,     62.8220,      3.4953,      0.0000,     -0.0332,      7.4219,      0.1801,      5.6063,     11.2126,      1.5912,     28.9494,     57.8989,      0.0193,      0.0058,      0.0156,      0.2053,   7821.6953,-431169.7812,  -1118.7701,    552.6167,  26072.4453,
       1,     169,     106,      22,       1,       3,       1,     10.0000,      1.4043,     42.6616,    249.6288,     62.8220,      3.4953,      0.0000,     -0.0331,      6.6354,      0.1778,      5.6063,     11.2126,      1.5708,     28.9494,     57.8989,      0.0193,      0.0052,      0.0156,      0.2054,   7821.7339,-429353.5312,  -1118.0785,    552.7790,  26072.4473,
       1,     169,     106,      23,       1,       3,       1,     10.0000,      1.4043,     42.6616,    249.6288,     62.8220,      3.4953,      0.0000,     -0.0330,      6.2187,      0.1758,      5.6063,     11.2126,      1.5536,     28.9494,     57.8989,      0.0193,      0.0049,      0.0156,      0.2054,   7821.7344,-428180.0312,  -1117.6663,    552.8602,  26072.4434,
       1,     169,     106,      24,       1,       3,       1,     10.0000,      1.4043,     42.6616,    249.6288,     62.8220,      3.4953,      0.0000,     -0.0329,      5.0173,      0.1725,      5.6063,     11.2126,      1.5245,     28.9494,     57.8989,      0.0193,      0.0039,      0.0156,      0.2054,   7821.7334,-427564.7500,  -1117.4525,    552.9026,  26072.4473,
       1,     169,     107,       1,       1,       3,       1,     10.0000,      1.4044,     42.6619,    249.6348,     62.8235,      3.4953,      0.0000,     -0.0329,      4.1423,      0.1715,      5.6066,     11.2132,      1.5154,     28.9513,     57.9026,      0.0193,      0.0032,      0.0156,      0.2055,   7821.7344,-426181.5625,  -1117.4713,    553.0114,  26073.6172,
       1,     169,     107,       2,       1,       3,       1,     10.0000,      1.4044,     42.6619,    249.6348,     62.8235,      3.4953,      0.0000,     -0.0328,      3.5667,      0.1703,      5.6066,     11.2132,      1.5049,     28.9513,     57.9026,      0.0193,      0.0028,      0.0156,      0.2055,   7822.0854,-424828.6562,  -1116.4847,    553.1049,  26073.6172,
       1,     169,     107,       3,       1,       3,       1,     10.0000,      1.4044,     42.6619,    249.6348,     62.8235,      3.4953,      0.0000,     -0.0329,      3.1259,      0.1706,      5.6066,     11.2132,      1.5079,     28.9513,     57.9026,      0.0193,      0.0024,      0.0156,      0.2055,   7822.0854,-424001.4375,  -1116.1926,    553.1622,  26073.6172,
       1,     169,     107,       4,       1,       3,       1,     10.0000,      1.4044,     42.6619,    249.6348,     62.8235,      3.4953,      0.0000,     -0.0328,      2.9505,      0.1701,      5.6066,     11.2132,      1.5034,     28.9513,     57.9026,      0.0193,      0.0023,      0.0156,      0.2055,   7822.0854,-423385.6562,  -1115.9756,    553.2047,  26073.6172,
       1,     169,     107,       5,       1,       3,       1,     10.0000,      1.4044,     42.6619,    249.6348,     62.8235,      3.4953,      0.0000,     -0.0328,      2.3353,      0.1676,      5.6066,     11.2132,      1.4810,     28.9513,     57.9026,      0.0193,      0.0018,      0.0156,      0.2055,   7822.0854,-423116.1250,  -1115.8812,    553.2233,  26073.6172,
       1,     169,     107,       6,       1,       3,       1,     10.0000,      1.4044,     42.6619,    249.6348,     62.8235,      3.4953,      0.0000,     -0.0328,      2.5945,      0.1693,      5.6066,     11.2132,      1.4959,     28.9513,     57.9026,      0.0193,      0.0020,      0.0156,      0.2055,   7822.0854,-422332.5938,  -1115.6039,    553.2775,  26073.6172,
       1,     169,     107,       7,       1,       3,       1,     10.0000,      1.4044,     42.6619,    249.6348,     62.8235,      3.4953,      0.0000,     -0.0327,      2.0579,      0.1664,      5.6066,     11.2132,      1.4707,     28.9513,     57.9026,      0.0193,      0.0016,      0.0156,      0.2055,   7822.0854,-422586.0625,  -1115.6949,    553.2600,  26073.6152,
       1,     169,     107,       8,       1,       3,       1,     10.0000,      1.4044,     42.6619,    249.6348,     62.8235,      3.4953,      0.0144,     -0.0181,      2.0287,      0.1599,      5.6066,     11.2132,      1.4129,     28.9513,     57.9026,      0.0193,      0.0016,      0.0156,      0.2055,   7822.0850,-421944.3750,  -1115.4689,    553.3043,  26073.6152,
       1,     169,     107,       9,       1,       3,       1,     10.0000,      1.4044,     42.6619,    249.6348,     62.8235,      3.4953,      0.1048,      0.0717,     17.9335,      0.1779,      5.6066,     11.2132,      1.5724,     28.9513,     57.9026,      0.0193,      0.0017,      0.1280,      0.2055,   7822.0850,-421853.6562,  -1115.4374,    553.3107,  26073.6152,
       1,     169,     107,      10,       1,       3,       1,     10.0000,      1.4044,     42.6619,    249.6348,     62.8235,      3.4953,      0.1734,      0.1393,     33.3537,      0.2112,      5.6066,     11.2132,      1.8661,     28.9513,     57.9026,      0.0193,      0.0018,      0.2258,      0.2055,   7822.0850,-441508.2500,  -1122.4275,    551.9512,  26073.6152,
       1,     169,     107,      11,       1,       3,       1,     10.0000,      1.4044,     42.6619,    249.6348,     62.8235,      3.4953,      0.1752,      0.1413,     32.1943,      0.2058,      5.6066,     11.2132,      1.8189,     28.9513,     57.9026,      0.0193,      0.0017,      0.2285,      0.2055,   7822.0850,-462262.0938,  -1129.8376,    550.5210,  26073.6152,
       1,     169,     107,      12,       1,       3,       1,     10.0000,      1.4044,     42.6619,    249.6348,     62.8235,      3.4953,      0.1897,      0.1563,     27.9292,      0.1889,      5.6066,     11.2132,      1.6690,     28.9513,     57.9026,      0.0193,      0.0014,      0.2500,      0.2054,   7822.0850,-462603.1562,  -1130.0413,    550.4995,  26073.6113,
       1,     169,     107,      13,       1,       3,       1,     10.0000,      1.4044,     42.6619,    249.6348,     62.8235,      3.4953,      0.1449,      0.1115,     18.8139,      0.1861,      5.6066,     11.2132,      1.6443,     28.9513,     57.9026,      0.0193,      0.0012,      0.1859,      0.2054,   7822.0835,-457354.3125,  -1128.2554,    550.8606,  26073.6152,
       1,     169,     107,      14,       1,       3,       1,     10.0000,      1.4044,     42.6619,    249.6348,     62.8235,      3.4953,      0.1908,      0.1578,     40.8397,      0.1779,      5.6066,     11.2132,      1.5724,     28.9513,     57.9026,      0.0193,      0.0020,      0.2500,      0.2054,   7822.0850,-445631.6875,  -1124.1523,    551.6679,  26073.6133,
       1,     169,     107,      15,       1,       3,       1,     10.0000,      1.4044,     42.6619,    249.6348,     62.8235,      3.4953,      0.1934,      0.1628,     65.0698,      0.1102,      5.6066,     11.2132,      0.9734,     28.9513,     57.9026,      0.0193,      0.0032,      0.2500,      0.2055,   7822.0845,-471872.1250,  -1146.8754,    549.8590,  26073.6133,
       1,     169,     107,      16,       1,       3,       1,     10.0000,      1.4044,     42.6619,    249.6348,     62.8235,      3.4953,      0.1929,      0.1624,     59.6318,      0.1091,      5.6066,     11.2132,      0.9644,     28.9513,     57.9026,      0.0193,      0.0029,      0.2500,      0.2054,   7822.0845,-504096.6875,  -1056.9479,    547.6471,  26074.3281,
       1,     169,     107,      17,       1,       3,       1,     10.0000,      1.4044,     42.6619,    249.6348,     62.8235,      3.4953,      0.1914,      0.1607,     40.0941,      0.1118,      5.6066,     11.2132,      0.9875,     28.9513,     57.9026,      0.0193,      0.0020,      0.2500,      0.2054,   7822.2988,-500038.6250,  -1025.3098,    547.9294,  26074.4395,
       1,     169,     107,      18,       1,       3,       1,     10.0000,      1.4044,     42.6619,    249.6348,     62.8235,      3.4953,      0.1761,      0.1453,     30.4417,      0.1150,      5.6066,     11.2132,      1.0163,     28.9513,     57.9026,      0.0193,      0.0016,      0.2294,      0.2054,   7822.3320,-475492.3438,  -1022.8807,    549.6106,  26074.4277,
       1,     169,     107,      19,       1,       3,       1,     10.0000,      1.4044,     42.6619,    249.6348,     62.8235,      3.4953,      0.1126,      0.0815,     15.0752,      0.1222,      5.6066,     11.2132,      1.0795,     28.9513,     57.9026,      0.0193,      0.0013,      0.1404,      0.2054,   7822.3286,-461467.6562,  -1021.1699,    550.5767,  26074.4199,
       1,     169,     107,      20,       1,       3,       1,     10.0000,      1.4044,     42.6619,    249.6348,     62.8235,      3.4953,      0.0213,     -0.0101,      0.6630,      0.1309,      5.6066,     11.2132,      1.1569,     28.9513,     57.9026,      0.0193,      0.0007,      0.0110,      0.2054,   7822.3262,-441263.7500,  -1012.5671,    551.9681,  26074.4141,
       1,     169,     107,      21,       1,       3,       1,     10.0000,      1.4044,     42.6619,    249.6348,     62.8235,      3.4953,      0.0000,     -0.0313,      0.8841,      0.1278,      5.6066,     11.2132,      1.1290,     28.9513,     57.9026,      0.0193,      0.0007,      0.0156,      0.2055,   7822.3247,-421721.9688,  -1008.1574,    553.3181,  26074.4121,
       1,     169,     107,      22,       1,       3,       1,     10.0000,      1.4044,     42.6619,    249.6348,     62.8235,      3.4953,      0.0000,     -0.0315,      0.5655,      0.1325,      5.6066,     11.2132,      1.1711,     28.9513,     57.9026,      0.0193,      0.0004,      0.0156,      0.2055,   7822.3237,-420328.2500,  -1007.9448,    553.4161,  26074.4102,
       1,     169,     107,      23,       1,       3,       1,     10.0000,      1.4044,     42.6619,    249.6348,     62.8235,      3.4953,      0.0000,     -0.0316,      0.4772,      0.1350,      5.6066,     11.2132,      1.1927,     28.9513,     57.9026,      0.0193,      0.0004,      0.0156,      0.2055,   7822.3232,-419813.5938,  -1007.8798,    553.4518,  26074.4102,
       1,     169,     107,      24,       1,       3,       1,     10.0000,      1.4044,     42.6619,    249.6348,     62.8235,      3.4953,      0.0000,     -0.0316,      0.5172,      0.1357,      5.6066,     11.2132,      1.1988,     28.9513,     57.9026,      0.0193,      0.0004,      0.0156,      0.2055,   7822.3232,-419660.3438,  -1007.8824,    553.4623,  26074.4102,
       1,     169,     108,       1,       1,       3,       1,     10.0000,      1.4044,     42.6623,    249.6406,     62.8249,      3.4953,      0.0000,     -0.0316,      0.5524,      0.1364,      5.6067,     11.2134,      1.2049,     28.9580,     57.9161,      0.0193,      0.0004,      0.0156,      0.2055,   7822.3232,-419852.2188,  -1008.3322,    553.4621,  26075.5781,
       1,     169,     108,       2,       1,       3,       1,     10.0000,      1.4044,     42.6623,    249.6406,     62.8249,      3.4953,      0.0000,     -0.0317,      0.6009,      0.1384,      5.6067,     11.2134,      1.2233,     28.9580,     57.9161,      0.0193,      0.0005,      0.0156,      0.2055,   7822.6738,-419759.4062,  -1008.0082,    553.4685,  26075.5781,
       1,     169,     108,       3,       1,       3,       1,     10.0000,      1.4044,     42.6623,    249.6406,     62.8249,      3.4953,      0.0000,     -0.0317,      0.5840,      0.1380,      5.6067,     11.2134,      1.2196,     28.9580,     57.9161,      0.0193,      0.0005,      0.0156,      0.2055,   7822.6738,-419811.3125,  -1008.0776,    553.4649,  26075.5781,
       1,     169,     108,       4,       1,       3,       1,     10.0000,      1.4044,     42.6623,    249.6406,     62.8249,      3.4953,      0.0000,     -0.0317,      0.6083,      0.1377,      5.6067,     11.2134,      1.2172,     28.9580,     57.9161,      0.0193,      0.0005,      0.0156,      0.2055,   7822.6738,-419795.0000,  -1008.1324,    553.4661,  26075.5781,
       1,     169,     108,       5,       1,       3,       1,     10.0000,      1.4044,     42.6623,    249.6406,     62.8249,      3.4953,      0.0000,     -0.0318,      0.6195,      0.1393,      5.6067,     11.2134,      1.2308,     28.9580,     57.9161,      0.0193,      0.0005,      0.0156,      0.2055,   7822.6738,-419823.4688,  -1008.2030,    553.4641,  26075.5781,
       1,     169,     108,       6,       1,       3,       1,     10.0000,      1.4044,     42.6623,    249.6406,     62.8249,      3.4953,      0.0000,     -0.0319,      0.6655,      0.1424,      5.6067,     11.2134,      1.2585,     28.9580,     57.9161,      0.0193,      0.0005,      0.0156,      0.2055,   7822.6738,-419839.7812,  -1008.2686,    553.4630,  26075.5781,
       1,     169,     108,       7,       1,       3,       1,     10.0000,      1.4044,     42.6623,    249.6406,     62.8249,      3.4953,      0.0000,     -0.0319,      0.6937,      0.1430,      5.6067,     11.2134,      1.2636,     28.9580,     57.9161,      0.0193,      0.0005,      0.0156,      0.2055,   7822.6738,-419898.0000,  -1008.3586,    553.4590,  26075.5762,
       1,     169,     108,       8,       1,       3,       1,     10.0000,      1.4044,     42.6623,    249.6406,     62.8249,      3.4953,      0.0137,     -0.0181,      0.7186,      0.1416,      5.6067,     11.2134,      1.2509,     28.9580,     57.9161,      0.0193,      0.0006,      0.0156,      0.2055,   7822.6733,-419938.2812,  -1008.4515,    553.4562,  26075.5762,
       1,     169,     108,       9,       1,       3,       1,     10.0000,      1.4044,     42.6623,    249.6406,     62.8249,      3.4953,      0.1084,      0.0764,      5.7749,      0.1442,      5.6067,     11.2134,      1.2738,     28.9580,     57.9161,      0.0193,      0.0005,      0.1350,      0.2055,   7822.6733,-419972.4375,  -1008.6010,    553.4538,  26075.5762,
       1,     169,     108,      10,       1,       3,       1,     10.0000,      1.4044,     42.6623,    249.6406,     62.8249,      3.4953,      0.1522,      0.1196,      8.9988,      0.1630,      5.6067,     11.2134,      1.4401,     28.9580,     57.9161,      0.0193,      0.0006,      0.1976,      0.2055,   7822.6733,-426225.5000,  -1010.6642,    553.0212,  26075.5762,
       1,     169,     108,      11,       1,       3,       1,     10.0000,      1.4044,     42.6623,    249.6406,     62.8249,      3.4953,      0.1469,      0.1131,      9.8384,      0.1983,      5.6067,     11.2134,      1.7520,     28.9580,     57.9161,      0.0193,      0.0006,      0.1898,      0.2055,   7822.6733,-430745.9375,  -1013.2672,    552.7088,  26075.5762,
       1,     169,     108,      12,       1,       3,       1,     10.0000,      1.4044,     42.6623,    249.6406,     62.8249,      3.4953,      0.1809,      0.1469,     13.5833,      0.2102,      5.6067,     11.2134,      1.8570,     28.9580,     57.9161,      0.0193,      0.0007,      0.2390,      0.2055,   7822.6733,-432170.5312,  -1015.2184,    552.6105,  26075.5762,
       1,     169,     108,      13,       1,       3,       1,     10.0000,      1.4044,     42.6623,    249.6406,     62.8249,      3.4953,      0.1885,      0.1537,     15.4654,      0.2346,      5.6067,     11.2134,      2.0727,     28.9580,     57.9161,      0.0193,      0.0008,      0.2500,      0.2055,   7822.6733,-436921.9375,  -1018.3584,    552.2823,  26075.5703,
       1,     169,     108,      14,       1,       3,       1,     10.0000,      1.4044,     42.6623,    249.6406,     62.8249,      3.4953,      0.1885,      0.1540,     14.7286,      0.2253,      5.6067,     11.2134,      1.9911,     28.9580,     57.9161,      0.0193,      0.0007,      0.2500,      0.2055,   7822.6714,-439655.6562,  -1021.2402,    552.0937,  26075.5703,
       1,     169,     108,      15,       1,       3,       1,     10.0000,      1.4044,     42.6623,    249.6406,     62.8249,      3.4953,      0.1898,      0.1550,     31.9344,      0.2339,      5.6067,     11.2134,      2.0666,     28.9580,     57.9161,      0.0193,      0.0016,      0.2500,      0.2055,   7822.6714,-438978.1875,  -1022.9446,    552.1404,  26075.5664,
       1,     169,     108,      16,       1,       3,       1,     10.0000,      1.4044,     42.6623,    249.6406,     62.8249,      3.4953,      0.1809,      0.1464,     70.9967,      0.2238,      5.6067,     11.2134,      1.9775,     28.9580,     57.9161,      0.0193,      0.0037,      0.2325,      0.2055,   7822.6704,-460194.5938,  -1030.8514,    550.6762,  26075.5625,
       1,     169,     108,      17,       1,       3,       1,     10.0000,      1.4044,     42.6623,    249.6406,     62.8249,      3.4953,      0.1860,      0.1518,     80.6495,      0.2143,      5.6067,     11.2134,      1.8939,     28.9580,     57.9161,      0.0193,      0.0041,      0.2388,      0.2055,   7822.6689,-510324.7812,  -1045.8326,    547.2275,  26075.5566,
       1,     169,     108,      18,       1,       3,       1,     10.0000,      1.4044,     42.6623,    249.6406,     62.8249,      3.4953,      0.1670,      0.1335,     89.3235,      0.1904,      5.6067,     11.2134,      1.6823,     28.9580,     57.9161,      0.0193,      0.0052,      0.2100,      0.2054,   7822.6675,-526577.6875,  -1052.6798,    546.1265,  26075.5430,
       1,     169,     108,      19,       1,       3,       1,     10.0000,      1.4044,     42.6623,    249.6406,     62.8249,      3.4953,      0.1064,      0.0734,     48.3485,      0.1743,      5.6067,     11.2134,      1.5398,     28.9580,     57.9161,      0.0193,      0.0047,      0.1269,      0.2054,   7822.6631,-538692.5625,  -1058.3864,    545.3006,  26075.5273,
       1,     169,     108,      20,       1,       3,       1,     10.0000,      1.4044,     42.6623,    249.6406,     62.8249,      3.4953,      0.0099,     -0.0228,      6.5425,      0.1666,      5.6067,     11.2134,      1.4722,     28.9580,     57.9161,      0.0193,      0.0051,      0.0156,      0.2054,   7822.6587,-488985.3750,  -1047.3459,    548.6894,  26075.5078,
       1,     169,     108,      21,       1,       3,       1,     10.0000,      1.4044,     42.6623,    249.6406,     62.8249,      3.4953,      0.0000,     -0.0325,      5.9904,      0.1586,      5.6067,     11.2134,      1.4017,     28.9580,     57.9161,      0.0193,      0.0047,      0.0156,      0.2054,   7822.6528,-433059.7500,  -1033.7169,    552.5356,  26075.4980,
       1,     169,     108,      22,       1,       3,       1,     10.0000,      1.4044,     42.6623,    249.6406,     62.8249,      3.4953,      0.0000,     -0.0323,      5.0787,      0.1541,      5.6067,     11.2134,      1.3614,     28.9580,     57.9161,      0.0193,      0.0040,      0.0156,      0.2055,   7822.6499,-427636.5312,  -1032.7943,    552.9237,  26075.4961,
       1,     169,     108,      23,       1,       3,       1,     10.0000,      1.4044,     42.6623,    249.6406,     62.8249,      3.4953,      0.0000,     -0.0323,      3.9373,      0.1534,      5.6067,     11.2134,      1.3560,     28.9580,     57.9161,      0.0193,      0.0031,      0.0156,      0.2055,   7822.6489,-426029.7812,  -1032.7220,    553.0349,  26075.4941,
       1,     169,     108,      24,       1,       3,       1,     10.0000,      1.4044,     42.6623,    249.6406,     62.8249,      3.4953,      0.0000,     -0.0323,      3.0772,      0.1556,      5.6067,     11.2134,      1.3752,     28.9580,     57.9161,      0.0193,      0.0024,      0.0156,      0.2055,   7822.6484,-424481.5000,  -1032.5961,    553.1420,  26075.4941,
       1,     169,     109,       1,       1,       3,       1,     10.0000,      1.4044,     42.6626,    249.6465,     62.8264,      3.4953,      0.0000,     -0.0323,      2.4530,      0.1545,      5.6068,     11.2136,      1.3656,     28.9629,     57.9258,      0.0193,      0.0019,      0.0156,      0.2055,   7822.6484,-423441.5312,  -1032.9093,    553.2269,  26076.6641,
       1,     169,     109,       2,       1,       3,       1,     10.0000,      1.4044,     42.6626,    249.6465,     62.8264,      3.4953,      0.0000,     -0.0323,      1.9040,      0.1541,      5.6068,     11.2136,      1.3614,     28.9629,     57.9258,      0.0193,      0.0015,      0.0156,      0.2055,   7822.9995,-422428.2188,  -1032.4021,    553.2969,  26076.6641,
       1,     169,     109,       3,       1,       3,       1,     10.0000,      1.4044,     42.6626,    249.6465,     62.8264,      3.4953,      0.0000,     -0.0323,      1.6288,      0.1545,      5.6068,     11.2136,      1.3656,     28.9629,     57.9258,      0.0193,      0.0013,      0.0156,      0.2055,   7822.9995,-421663.0938,  -1032.2838,    553.3498,  26076.6641,
       1,     169,     109,       4,       1,       3,       1,     10.0000,      1.4044,     42.6626,    249.6465,     62.8264,      3.4953,      0.0000,     -0.0323,      1.5904,      0.1548,      5.6068,     11.2136,      1.3683,     28.9629,     57.9258,      0.0193,      0.0012,      0.0156,      0.2055,   7822.9995,-421257.5312,  -1032.2698,    553.3779,  26076.6621,
       1,     169,     109,       5,       1,       3,       1,     10.0000,      1.4044,     42.6626,    249.6465,     62.8264,      3.4953,      0.0000,     -0.0323,      1.6074,      0.1531,      5.6068,     11.2136,      1.3533,     28.9629,     57.9258,      0.0193,      0.0013,      0.0156,      0.2055,   7822.9990,-421175.6875,  -1032.3376,    553.3836,  26076.6621,
       1,     169,     109,       6,       1,       3,       1,     10.0000,      1.4044,     42.6626,    249.6465,     62.8264,      3.4953,      0.0000,     -0.0322,      1.3382,      0.1499,      5.6068,     11.2136,      1.3250,     28.9629,     57.9258,      0.0193,      0.0010,      0.0156,      0.2055,   7822.9990,-421189.7188,  -1032.4158,    553.3826,  26076.6621,
       1,     169,     109,       7,       1,       3,       1,     10.0000,      1.4044,     42.6626,    249.6465,     62.8264,      3.4953,      0.0000,     -0.0317,      1.2177,      0.1368,      5.6068,     11.2136,      1.2086,     28.9629,     57.9258,      0.0193,      0.0010,      0.0156,      0.2055,   7822.9990,-420858.1562,  -1032.4006,    553.4055,  26076.6621,
       1,     169,     109,       8,       1,       3,       1,     10.0000,      1.4044,     42.6626,    249.6465,     62.8264,      3.4953,      0.0161,     -0.0150,      0.2782,      0.1235,      5.6068,     11.2136,      1.0917,     28.9629,     57.9258,      0.0193,      0.0009,      0.0039,      0.2055,   7822.9990,-420680.8750,   -996.5515,    553.4178,  26076.7793,
       1,     169,     109,       9,       1,       3,       1,     10.0000,      1.4044,     42.6626,    249.6465,     62.8264,      3.4953,      0.1304,      0.0991,     10.4275,      0.1265,      5.6068,     11.2136,      1.1176,     28.9629,     57.9258,      0.0193,      0.0008,      0.1663,      0.2055,   7823.0342,-419490.8125,   -996.5120,    553.5001,  26076.7793,
       1,     169,     109,      10,       1,       3,       1,     10.0000,      1.4044,     42.6626,    249.6465,     62.8264,      3.4953,      0.1794,      0.1470,     14.3569,      0.1567,      5.6068,     11.2136,      1.3849,     28.9629,     57.9258,      0.0193,      0.0007,      0.2362,      0.2055,   7823.0342,-431932.9688,  -1000.6435,    552.6392,  26076.7793,
       1,     169,     109,      11,       1,       3,       1,     10.0000,      1.4044,     42.6626,    249.6465,     62.8264,      3.4953,      0.1890,      0.1546,     20.7126,      0.2207,      5.6068,     11.2136,      1.9506,     28.9629,     57.9258,      0.0193,      0.0010,      0.2500,      0.2055,   7823.0342,-437855.7812,  -1005.0386,    552.2308,  26076.7773,
       1,     169,     109,      12,       1,       3,       1,     10.0000,      1.4044,     42.6626,    249.6465,     62.8264,      3.4953,      0.1889,      0.1544,     20.9705,      0.2282,      5.6068,     11.2136,      2.0167,     28.9629,     57.9258,      0.0193,      0.0010,      0.2500,      0.2055,   7823.0337,-446219.0312,  -1010.9723,    551.6536,  26076.7773,
       1,     169,     109,      13,       1,       3,       1,     10.0000,      1.4044,     42.6626,    249.6465,     62.8264,      3.4953,      0.1886,      0.1538,     17.8716,      0.2390,      5.6068,     11.2136,      2.1116,     28.9629,     57.9258,      0.0193,      0.0009,      0.2500,      0.2055,   7823.0337,-447252.7500,  -1015.6165,    551.5827,  26076.7715,
       1,     169,     109,      14,       1,       3,       1,     10.0000,      1.4044,     42.6626,    249.6465,     62.8264,      3.4953,      0.1886,      0.1534,     18.0515,      0.2502,      5.6068,     11.2136,      2.2105,     28.9629,     57.9258,      0.0193,      0.0009,      0.2500,      0.2055,   7823.0317,-443509.6250,  -1017.3172,    551.8408,  26076.7676,
       1,     169,     109,      15,       1,       3,       1,     10.0000,      1.4044,     42.6626,    249.6465,     62.8264,      3.4953,      0.1914,      0.1563,     53.9229,      0.2473,      5.6068,     11.2136,      2.1849,     28.9629,     57.9258,      0.0193,      0.0026,      0.2500,      0.2055,   7823.0308,-443413.1875,  -1019.7756,    551.8475,  26076.7637,
       1,     169,     109,      16,       1,       3,       1,     10.0000,      1.4044,     42.6626,    249.6465,     62.8264,      3.4953,      0.1947,      0.1599,    132.5625,      0.2348,      5.6068,     11.2136,      2.0747,     28.9629,     57.9258,      0.0193,      0.0066,      0.2458,      0.2055,   7823.0293,-487755.2812,  -1033.2789,    548.7888,  26076.7598,
       1,     169,     109,      17,       1,       3,       1,     10.0000,      1.4044,     42.6626,    249.6465,     62.8264,      3.4953,      0.1919,      0.1574,    139.2470,      0.2231,      5.6068,     11.2136,      1.9718,     28.9629,     57.9258,      0.0193,      0.0071,      0.2408,      0.2055,   7823.0283,-588855.9375,  -1061.8726,    541.8618,  26076.7480,
       1,     169,     109,      18,       1,       3,       1,     10.0000,      1.4044,     42.6626,    249.6465,     62.8264,      3.4953,      0.1836,      0.1501,    125.4006,      0.1902,      5.6068,     11.2136,      1.6807,     28.9629,     57.9258,      0.0193,      0.0067,      0.2300,      0.2053,   7823.0249,-605881.7500,  -1069.7474,    540.7521,  26076.7246,
       1,     169,     109,      19,       1,       3,       1,     10.0000,      1.4044,     42.6626,    249.6465,     62.8264,      3.4953,      0.1480,      0.1155,     97.2951,      0.1588,      5.6068,     11.2136,      1.4031,     28.9629,     57.9258,      0.0193,      0.0065,      0.1815,      0.2053,   7823.0176,-590119.6250,  -1068.9718,    541.8187,  26076.6953,
       1,     169,     109,      20,       1,       3,       1,     10.0000,      1.4044,     42.6626,    249.6465,     62.8264,      3.4953,      0.0276,     -0.0042,      9.5804,      0.1418,      5.6068,     11.2136,      1.2534,     28.9629,     57.9258,      0.0193,      0.0063,      0.0185,      0.2053,   7823.0088,-553952.3750,   -959.2410,    544.2693,  26076.7793,
       1,     169,     109,      21,       1,       3,       1,     10.0000,      1.4044,     42.6626,    249.6465,     62.8264,      3.4953,      0.0000,     -0.0319,      5.9581,      0.1424,      5.6068,     11.2136,      1.2585,     28.9629,     57.9258,      0.0193,      0.0047,      0.0156,      0.2054,   7823.0342,-442246.4688,   -936.1891,    551.8745,  26076.7793,
       1,     169,     109,      22,       1,       3,       1,     10.0000,      1.4044,     42.6626,    249.6465,     62.8264,      3.4953,      0.0000,     -0.0317,      5.7538,      0.1386,      5.6068,     11.2136,      1.2246,     28.9629,     57.9258,      0.0193,      0.0045,      0.0156,      0.2055,   7823.0342,-428418.3438,   -934.4348,    552.8819,  26076.7793,
       1,     169,     109,      23,       1,       3,       1,     10.0000,      1.4044,     42.6626,    249.6465,     62.8264,      3.4953,      0.0000,     -0.0318,      4.8337,      0.1401,      5.6068,     11.2136,      1.2383,     28.9629,     57.9258,      0.0193,      0.0038,      0.0156,      0.2055,   7823.0342,-426921.0938,   -935.0054,    552.9863,  26076.7793,
       1,     169,     109,      24,       1,       3,       1,     10.0000,      1.4044,     42.6626,    249.6465,     62.8264,      3.4953,      0.0000,     -0.0318,      2.7049,      0.1390,      5.6068,     11.2136,      1.2283,     28.9629,     57.9258,      0.0193,      0.0021,      0.0156,      0.2055,   7823.0342,-425654.8125,   -935.4126,    553.0738,  26076.7773,
       1,     169,     110,       1,       1,       3,       1,     10.0000,      1.4044,     42.6629,    249.6524,     62.8279,      3.4953,      0.0000,     -0.0316,      0.7451,      0.1339,      5.6069,     11.2138,      1.1831,     28.9727,     57.9454,      0.0193,      0.0006,      0.0156,      0.2056,   7823.0337,-423070.9062,   -935.4709,    553.2654,  26077.9473,
       1,     169,     110,       2,       1,       3,       1,     10.0000,      1.4044,     42.6629,    249.6524,     62.8279,      3.4953,      0.0000,     -0.0317,      0.6463,      0.1377,      5.6069,     11.2138,      1.2172,     28.9727,     57.9454,      0.0193,      0.0005,      0.0156,      0.2056,   7823.3843,-420275.2812,   -934.7120,    553.4588,  26077.9473,
       1,     169,     110,       3,       1,       3,       1,     10.0000,      1.4044,     42.6629,    249.6524,     62.8279,      3.4953,      0.0000,     -0.0316,      0.7527,      0.1361,      5.6069,     11.2138,      1.2025,     28.9727,     57.9454,      0.0193,      0.0006,      0.0156,      0.2056,   7823.3843,-419914.1562,   -934.6870,    553.4838,  26077.9473,
       1,     169,     110,       4,       1,       3,       1,     10.0000,      1.4044,     42.6629,    249.6524,     62.8279,      3.4953,      0.0000,     -0.0314,      0.8957,      0.1286,      5.6069,     11.2138,      1.1360,     28.9727,     57.9454,      0.0193,      0.0007,      0.0156,      0.2056,   7823.3843,-420014.6875,   -934.7654,    553.4768,  26077.9473,
       1,     169,     110,       5,       1,       3,       1,     10.0000,      1.4044,     42.6629,    249.6524,     62.8279,      3.4953,      0.0000,     -0.0313,      1.0459,      0.1261,      5.6069,     11.2138,      1.1143,     28.9727,     57.9454,      0.0193,      0.0008,      0.0156,      0.2056,   7823.3843,-420200.0938,   -934.8767,    553.4640,  26077.9473,
       1,     169,     110,       6,       1,       3,       1,     10.0000,      1.4044,     42.6629,    249.6524,     62.8279,      3.4953,      0.0000,     -0.0313,      0.7434,      0.1262,      5.6069,     11.2138,      1.1154,     28.9727,     57.9454,      0.0193,      0.0006,      0.0156,      0.2056,   7823.3843,-420401.5625,   -935.0179,    553.4501,  26077.9473,
       1,     169,     110,       7,       1,       3,       1,     10.0000,      1.4044,     42.6629,    249.6524,     62.8279,      3.4953,      0.0000,     -0.0313,      0.5519,      0.1265,      5.6069,     11.2138,      1.1177,     28.9727,     57.9454,      0.0193,      0.0004,      0.0156,      0.2056,   7823.3843,-420044.9375,   -934.9993,    553.4747,  26077.9473,
       1,     169,     110,       8,       1,       3,       1,     10.0000,      1.4044,     42.6629,    249.6524,     62.8279,      3.4953,      0.0068,     -0.0246,      0.4707,      0.1295,      5.6069,     11.2138,      1.1441,     28.9727,     57.9454,      0.0193,      0.0004,      0.0156,      0.2056,   7823.3843,-419777.6875,   -934.9778,    553.4932,  26077.9473,
       1,     169,     110,       9,       1,       3,       1,     10.0000,      1.4044,     42.6629,    249.6524,     62.8279,      3.4953,      0.1274,      0.0956,      4.9571,      0.1399,      5.6069,     11.2138,      1.2358,     28.9727,     57.9454,      0.0193,      0.0004,      0.1625,      0.2056,   7823.3843,-419654.5938,   -934.9973,    553.5018,  26077.9473,
       1,     169,     110,      10,       1,       3,       1,     10.0000,      1.4044,     42.6629,    249.6524,     62.8279,      3.4953,      0.1780,      0.1453,      8.0590,      0.1650,      5.6069,     11.2138,      1.4576,     28.9727,     57.9454,      0.0193,      0.0004,      0.2350,      0.2056,   7823.3843,-425188.1875,   -936.5681,    553.1189,  26077.9473,
       1,     169,     110,      11,       1,       3,       1,     10.0000,      1.4044,     42.6629,    249.6524,     62.8279,      3.4953,      0.1883,      0.1545,      9.9531,      0.1995,      5.6069,     11.2138,      1.7625,     28.9727,     57.9454,      0.0193,      0.0005,      0.2500,      0.2056,   7823.3843,-429495.2188,   -938.2440,    552.8212,  26077.9473,
       1,     169,     110,      12,       1,       3,       1,     10.0000,      1.4044,     42.6629,    249.6524,     62.8279,      3.4953,      0.1883,      0.1536,     12.2627,      0.2298,      5.6069,     11.2138,      2.0306,     28.9727,     57.9454,      0.0193,      0.0006,      0.2500,      0.2056,   7823.3843,-432204.5312,   -940.1302,    552.6341,  26077.9453,
       1,     169,     110,      13,       1,       3,       1,     10.0000,      1.4044,     42.6629,    249.6524,     62.8279,      3.4953,      0.1883,      0.1535,     13.8746,      0.2387,      5.6069,     11.2138,      2.1095,     28.9727,     57.9454,      0.0193,      0.0007,      0.2500,      0.2055,   7823.3838,-435291.0312,   -942.5151,    552.4209,  26077.9453,
       1,     169,     110,      14,       1,       3,       1,     10.0000,      1.4044,     42.6629,    249.6524,     62.8279,      3.4953,      0.1623,      0.1270,     18.2804,      0.2548,      5.6069,     11.2138,      2.2518,     28.9727,     57.9454,      0.0193,      0.0011,      0.2113,      0.2055,   7823.3838,-437547.2500,   -944.2794,    552.2651,  26077.9453,
       1,     169,     110,      15,       1,       3,       1,     10.0000,      1.4044,     42.6629,    249.6524,     62.8279,      3.4953,      0.1907,      0.1570,     40.5390,      0.1959,      5.6069,     11.2138,      1.7314,     28.9727,     57.9454,      0.0193,      0.0020,      0.2500,      0.2055,   7823.3838,-443186.0000,   -946.2252,    551.8759,  26077.9453,
       1,     169,     110,      16,       1,       3,       1,     10.0000,      1.4044,     42.6629,    249.6524,     62.8279,      3.4953,      0.1936,      0.1610,     74.1367,      0.1622,      5.6069,     11.2138,      1.4330,     28.9727,     57.9454,      0.0193,      0.0036,      0.2500,      0.2055,   7823.3838,-471184.2500,   -951.1520,    549.9445,  26077.9453,
       1,     169,     110,      17,       1,       3,       1,     10.0000,      1.4044,     42.6629,    249.6524,     62.8279,      3.4953,      0.1658,      0.1337,     83.7609,      0.1498,      5.6069,     11.2138,      1.3237,     28.9727,     57.9454,      0.0193,      0.0049,      0.2087,      0.2055,   7823.3838,-515134.3438,   -959.4814,    546.9267,  26077.9414,
       1,     169,     110,      18,       1,       3,       1,     10.0000,      1.4044,     42.6629,    249.6524,     62.8279,      3.4953,      0.1110,      0.0790,     64.7425,      0.1461,      5.6069,     11.2138,      1.2907,     28.9727,     57.9454,      0.0193,      0.0060,      0.1320,      0.2055,   7823.3828,-530811.3750,   -964.1748,    545.8632,  26077.9395,
       1,     169,     110,      19,       1,       3,       1,     10.0000,      1.4044,     42.6629,    249.6524,     62.8279,      3.4953,      0.0709,      0.0390,     42.0886,      0.1439,      5.6069,     11.2138,      1.2713,     28.9727,     57.9454,      0.0193,      0.0067,      0.0770,      0.2054,   7823.3823,-508596.4688,   -961.0978,    547.3801,  26077.9336,
       1,     169,     110,      20,       1,       3,       1,     10.0000,      1.4044,     42.6629,    249.6524,     62.8279,      3.4953,      0.0099,     -0.0220,      5.2134,      0.1445,      5.6069,     11.2138,      1.2765,     28.9727,     57.9454,      0.0193,      0.0041,      0.0156,      0.2055,   7823.3804,-478678.9062,   -956.1876,    549.4292,  26077.9297,
       1,     169,     110,      21,       1,       3,       1,     10.0000,      1.4044,     42.6629,    249.6524,     62.8279,      3.4953,      0.0000,     -0.0317,      1.9231,      0.1369,      5.6069,     11.2138,      1.2098,     28.9727,     57.9454,      0.0193,      0.0015,      0.0156,      0.2055,   7823.3794,-430531.0625,   -947.0025,    552.7397,  26077.9277,
       1,     169,     110,      22,       1,       3,       1,     10.0000,      1.4044,     42.6629,    249.6524,     62.8279,      3.4953,      0.0000,     -0.0314,      1.8850,      0.1309,      5.6069,     11.2138,      1.1570,     28.9727,     57.9454,      0.0193,      0.0015,      0.0156,      0.2055,   7823.3784,-422382.7500,   -945.4933,    553.3127,  26077.9258,
       1,     169,     110,      23,       1,       3,       1,     10.0000,      1.4044,     42.6629,    249.6524,     62.8279,      3.4953,      0.0000,     -0.0313,      1.8032,      0.1283,      5.6069,     11.2138,      1.1337,     28.9727,     57.9454,      0.0193,      0.0014,      0.0156,      0.2056,   7823.3779,-421628.1250,   -945.4320,    553.3652,  26077.9258,
       1,     169,     110,      24,       1,       3,       1,     10.0000,      1.4044,     42.6629,    249.6524,     62.8279,      3.4953,      0.0000,     -0.0316,      1.3902,      0.1355,      5.6069,     11.2138,      1.1976,     28.9727,     57.9454,      0.0193,      0.0011,      0.0156,      0.2056,   7823.3779,-421462.0625,   -945.4956,    553.3767,  26077.9258,
       1,     169,     111,       1,       1,       3,       1,     10.0000,      1.4044,     42.6633,    249.6583,     62.8294,      3.4953,      0.0000,     -0.0316,      1.0421,      0.1361,      5.6069,     11.2138,      1.2025,     28.9769,     57.9539,      0.0193,      0.0008,      0.0156,      0.2056,   7823.3779,-421092.9375,   -945.7808,    553.4153,  26079.0938,
       1,     169,     111,       2,       1,       3,       1,     10.0000,      1.4044,     42.6633,    249.6583,     62.8294,      3.4953,      0.0000,     -0.0316,      0.7846,      0.1349,      5.6069,     11.2138,      1.1916,     28.9769,     57.9539,      0.0193,      0.0006,      0.0156,      0.2056,   7823.7285,-420478.5938,   -945.4219,    553.4578,  26079.0938,
       1,     169,     111,       3,       1,       3,       1,     10.0000,      1.4044,     42.6633,    249.6583,     62.8294,      3.4953,      0.0000,     -0.0316,      0.7000,      0.1355,      5.6069,     11.2138,      1.1977,     28.9769,     57.9539,      0.0193,      0.0005,      0.0156,      0.2056,   7823.7285,-420107.8438,   -945.3737,    553.4835,  26079.0938,
       1,     169,     111,       4,       1,       3,       1,     10.0000,      1.4044,     42.6633,    249.6583,     62.8294,      3.4953,      0.0000,     -0.0317,      0.9135,      0.1375,      5.6069,     11.2138,      1.2148,     28.9769,     57.9539,      0.0193,      0.0007,      0.0156,      0.2056,   7823.7285,-419971.6875,   -945.3666,    553.4929,  26079.0938,
       1,     169,     111,       5,       1,       3,       1,     10.0000,      1.4044,     42.6633,    249.6583,     62.8294,      3.4953,      0.0000,     -0.0317,      0.8187,      0.1378,      5.6069,     11.2138,      1.2172,     28.9769,     57.9539,      0.0193,      0.0006,      0.0156,      0.2056,   7823.7285,-420223.8438,   -945.4434,    553.4754,  26079.0938,
       1,     169,     111,       6,       1,       3,       1,     10.0000,      1.4044,     42.6633,    249.6583,     62.8294,      3.4953,      0.0000,     -0.0317,      0.5323,      0.1378,      5.6069,     11.2138,      1.2172,     28.9769,     57.9539,      0.0193,      0.0004,      0.0156,      0.2056,   7823.7285,-420128.2188,   -945.4513,    553.4821,  26079.0938,
       1,     169,     111,       7,       1,       3,       1,     10.0000,      1.4044,     42.6633,    249.6583,     62.8294,      3.4953,      0.0000,     -0.0317,      0.4467,      0.1364,      5.6069,     11.2138,      1.2050,     28.9769,     57.9539,      0.0193,      0.0003,      0.0156,      0.2056,   7823.7285,-419766.1562,   -945.3926,    553.5071,  26079.0938,
       1,     169,     111,       8,       1,       3,       1,     10.0000,      1.4044,     42.6633,    249.6583,     62.8294,      3.4953,      0.0074,     -0.0243,      0.4949,      0.1372,      5.6069,     11.2138,      1.2123,     28.9769,     57.9539,      0.0193,      0.0004,      0.0156,      0.2056,   7823.7285,-419629.3750,   -945.3740,    553.5165,  26079.0938,
       1,     169,     111,       9,       1,       3,       1,     10.0000,      1.4044,     42.6633,    249.6583,     62.8294,      3.4953,      0.0442,      0.0117,      1.5591,      0.1614,      5.6069,     11.2138,      1.4259,     28.9769,     57.9539,      0.0193,      0.0004,      0.0426,      0.2056,   7823.7285,-419677.3438,   -945.4040,    553.5132,  26079.0938,
       1,     169,     111,      10,       1,       3,       1,     10.0000,      1.4044,     42.6633,    249.6583,     62.8294,      3.4953,      0.1051,      0.0719,      5.6343,      0.1794,      5.6069,     11.2138,      1.5851,     28.9769,     57.9539,      0.0193,      0.0005,      0.1298,      0.2056,   7823.7285,-420996.3750,   -945.7393,    553.4220,  26079.0938,
       1,     169,     111,      11,       1,       3,       1,     10.0000,      1.4044,     42.6633,    249.6583,     62.8294,      3.4953,      0.1641,      0.1307,      9.8927,      0.1874,      5.6069,     11.2138,      1.6559,     28.9769,     57.9539,      0.0193,      0.0006,      0.2148,      0.2056,   7823.7285,-426144.6875,   -946.9315,    553.0658,  26079.0938,
       1,     169,     111,      12,       1,       3,       1,     10.0000,      1.4044,     42.6633,    249.6583,     62.8294,      3.4953,      0.1823,      0.1482,     13.0599,      0.2120,      5.6069,     11.2138,      1.8737,     28.9769,     57.9539,      0.0193,      0.0007,      0.2411,      0.2056,   7823.7285,-431847.4688,   -948.4008,    552.6718,  26079.0938,
       1,     169,     111,      13,       1,       3,       1,     10.0000,      1.4044,     42.6633,    249.6583,     62.8294,      3.4953,      0.1888,      0.1544,     17.7901,      0.2188,      5.6069,     11.2138,      1.9335,     28.9769,     57.9539,      0.0193,      0.0009,      0.2500,      0.2056,   7823.7285,-436249.0938,   -949.7481,    552.3677,  26079.0918,
       1,     169,     111,      14,       1,       3,       1,     10.0000,      1.4044,     42.6633,    249.6583,     62.8294,      3.4953,      0.1912,      0.1562,     50.8892,      0.2418,      5.6069,     11.2138,      2.1365,     28.9769,     57.9539,      0.0193,      0.0025,      0.2500,      0.2056,   7823.7280,-442471.8125,   -951.6642,    551.9382,  26079.0918,
       1,     169,     111,      15,       1,       3,       1,     10.0000,      1.4044,     42.6633,    249.6583,     62.8294,      3.4953,      0.1936,      0.1584,     82.6469,      0.2511,      5.6069,     11.2138,      2.2193,     28.9769,     57.9539,      0.0193,      0.0040,      0.2500,      0.2056,   7823.7280,-483915.4688,   -961.0081,    549.0790,  26079.0898,
       1,     169,     111,      16,       1,       3,       1,     10.0000,      1.4044,     42.6633,    249.6583,     62.8294,      3.4953,      0.1943,      0.1589,     93.2408,      0.2619,      5.6069,     11.2138,      2.3139,     28.9769,     57.9539,      0.0193,      0.0046,      0.2500,      0.2055,   7823.7271,-526751.4375,   -970.8964,    546.1464,  26079.0879,
       1,     169,     111,      17,       1,       3,       1,     10.0000,      1.4044,     42.6633,    249.6583,     62.8294,      3.4953,      0.1536,      0.1179,     99.3039,      0.2704,      5.6069,     11.2138,      2.3891,     28.9769,     57.9539,      0.0193,      0.0064,      0.1894,      0.2055,   7823.7266,-543526.7500,   -975.5201,    545.0090,  26079.0820,
       1,     169,     111,      18,       1,       3,       1,     10.0000,      1.4044,     42.6633,    249.6583,     62.8294,      3.4953,      0.1459,      0.1101,     99.4292,      0.2757,      5.6069,     11.2138,      2.4358,     28.9769,     57.9539,      0.0193,      0.0068,      0.1781,      0.2055,   7823.7251,-552455.3125,   -978.3806,    544.4019,  26079.0781,
       1,     169,     111,      19,       1,       3,       1,     10.0000,      1.4044,     42.6633,    249.6583,     62.8294,      3.4953,      0.1065,      0.0711,     81.2919,      0.2616,      5.6069,     11.2138,      2.3117,     28.9769,     57.9539,      0.0193,      0.0081,      0.1223,      0.2054,   7823.7236,-553370.1875,   -979.5699,    544.3400,  26079.0723,
       1,     169,     111,      20,       1,       3,       1,     10.0000,      1.4044,     42.6633,    249.6583,     62.8294,      3.4953,      0.0254,     -0.0088,      8.3364,      0.2143,      5.6069,     11.2138,      1.8940,     28.9769,     57.9539,      0.0193,      0.0080,      0.0127,      0.2054,   7823.7222,-530990.7500,   -975.7778,    545.8628,  26079.0664,
       1,     169,     111,      21,       1,       3,       1,     10.0000,      1.4044,     42.6633,    249.6583,     62.8294,      3.4953,      0.0000,     -0.0333,     10.0662,      0.1837,      5.6069,     11.2138,      1.6234,     28.9769,     57.9539,      0.0193,      0.0079,      0.0156,      0.2055,   7823.7202,-438794.3438,   -956.9154,    552.1557,  26079.0625,
       1,     169,     111,      22,       1,       3,       1,     10.0000,      1.4044,     42.6633,    249.6583,     62.8294,      3.4953,      0.0000,     -0.0328,     10.7577,      0.1690,      5.6069,     11.2138,      1.4930,     28.9769,     57.9539,      0.0193,      0.0084,      0.0156,      0.2056,   7823.7192,-433190.9375,   -955.8416,    552.5789,  26079.0605,
       1,     169,     111,      23,       1,       3,       1,     10.0000,      1.4044,     42.6633,    249.6583,     62.8294,      3.4953,      0.0000,     -0.0325,     10.1259,      0.1585,      5.6069,     11.2138,      1.4003,     28.9769,     57.9539,      0.0193,      0.0079,      0.0156,      0.2056,   7823.7183,-433522.6875,   -955.9763,    552.5561,  26079.0605,
       1,     169,     111,      24,       1,       3,       1,     10.0000,      1.4044,     42.6633,    249.6583,     62.8294,      3.4953,      0.0000,     -0.0323,      9.2485,      0.1547,      5.6069,     11.2138,      1.3670,     28.9769,     57.9539,      0.0193,      0.0072,      0.0156,      0.2056,   7823.7183,-432769.9688,   -955.8642,    552.6082,  26079.0586,
       1,     169,     112,       1,       1,       3,       1,     10.0000,      1.4045,     42.6636,    249.6642,     62.8309,      3.4953,      0.0000,     -0.0323,      7.0946,      0.1530,      5.6076,     11.2152,      1.3520,     28.9787,     57.9573,      0.0193,      0.0056,      0.0156,      0.2056,   7823.7178,-431776.0938,   -955.9929,    552.6898,  26080.2305,
       1,     169,     112,       2,       1,       3,       1,     10.0000,      1.4045,     42.6636,    249.6642,     62.8309,      3.4953,      0.0000,     -0.0321,      5.2331,      0.1476,      5.6076,     11.2152,      1.3039,     28.9787,     57.9573,      0.0193,      0.0041,      0.0156,      0.2056,   7824.0693,-428876.5938,   -955.1072,    552.8901,  26080.2285,
       1,     169,     112,       3,       1,       3,       1,     10.0000,      1.4045,     42.6636,    249.6642,     62.8309,      3.4953,      0.0000,     -0.0320,      4.0878,      0.1448,      5.6076,     11.2152,      1.2791,     28.9787,     57.9573,      0.0193,      0.0032,      0.0156,      0.2056,   7824.0688,-426329.2188,   -954.5871,    553.0662,  26080.2285,
       1,     169,     112,       4,       1,       3,       1,     10.0000,      1.4045,     42.6636,    249.6642,     62.8309,      3.4953,      0.0000,     -0.0319,      3.0616,      0.1417,      5.6076,     11.2152,      1.2523,     28.9787,     57.9573,      0.0193,      0.0024,      0.0156,      0.2056,   7824.0688,-424696.4062,   -954.2551,    553.1791,  26080.2285,
       1,     169,     112,       5,       1,       3,       1,     10.0000,      1.4045,     42.6636,    249.6642,     62.8309,      3.4953,      0.0000,     -0.0318,      2.9663,      0.1393,      5.6076,     11.2152,      1.2309,     28.9787,     57.9573,      0.0193,      0.0023,      0.0156,      0.2056,   7824.0688,-423288.9375,   -953.9745,    553.2765,  26080.2285,
       1,     169,     112,       6,       1,       3,       1,     10.0000,      1.4045,     42.6636,    249.6642,     62.8309,      3.4953,      0.0000,     -0.0317,      2.8278,      0.1373,      5.6076,     11.2152,      1.2136,     28.9787,     57.9573,      0.0193,      0.0022,      0.0156,      0.2056,   7824.0688,-423050.9062,   -953.9363,    553.2930,  26080.2285,
       1,     169,     112,       7,       1,       3,       1,     10.0000,      1.4045,     42.6636,    249.6642,     62.8309,      3.4953,      0.0000,     -0.0316,      1.8183,      0.1357,      5.6076,     11.2152,      1.1989,     28.9787,     57.9573,      0.0193,      0.0014,      0.0156,      0.2056,   7824.0688,-422859.3438,   -953.9081,    553.3062,  26080.2285,
       1,     169,     112,       8,       1,       3,       1,     10.0000,      1.4045,     42.6636,    249.6642,     62.8309,      3.4953,      0.0184,     -0.0133,      0.5564,      0.1360,      5.6076,     11.2152,      1.2013,     28.9787,     57.9573,      0.0193,      0.0010,      0.0065,      0.2056,   7824.0688,-421595.7500,   -953.6539,    553.3936,  26080.2285,
       1,     169,     112,       9,       1,       3,       1,     10.0000,      1.4045,     42.6636,    249.6642,     62.8309,      3.4953,      0.0915,      0.0592,      8.2470,      0.1549,      5.6076,     11.2152,      1.3684,     28.9787,     57.9573,      0.0193,      0.0009,      0.1102,      0.2056,   7824.0688,-419928.5938,   -953.3005,    553.5090,  26080.2285,
       1,     169,     112,      10,       1,       3,       1,     10.0000,      1.4045,     42.6636,    249.6642,     62.8309,      3.4953,      0.1586,      0.1250,     12.5540,      0.1929,      5.6076,     11.2152,      1.7043,     28.9787,     57.9573,      0.0193,      0.0007,      0.2065,      0.2056,   7824.0688,-429287.7812,   -955.2892,    552.8614,  26080.2285,
       1,     169,     112,      11,       1,       3,       1,     10.0000,      1.4045,     42.6636,    249.6642,     62.8309,      3.4953,      0.1885,      0.1545,     12.9324,      0.2071,      5.6076,     11.2152,      1.8299,     28.9787,     57.9573,      0.0193,      0.0006,      0.2500,      0.2056,   7824.0688,-435410.8125,   -956.5900,    552.4386,  26080.2285,
       1,     169,     112,      12,       1,       3,       1,     10.0000,      1.4045,     42.6636,    249.6642,     62.8309,      3.4953,      0.1883,      0.1535,     13.2856,      0.2353,      5.6076,     11.2152,      2.0790,     28.9787,     57.9573,      0.0193,      0.0006,      0.2500,      0.2056,   7824.0688,-436401.5938,   -956.7522,    552.3704,  26080.2285,
       1,     169,     112,      13,       1,       3,       1,     10.0000,      1.4045,     42.6636,    249.6642,     62.8309,      3.4953,      0.1882,      0.1527,     14.4846,      0.2647,      5.6076,     11.2152,      2.3388,     28.9787,     57.9573,      0.0193,      0.0007,      0.2500,      0.2056,   7824.0688,-436922.4688,   -956.7943,    552.3345,  26080.2266,
       1,     169,     112,      14,       1,       3,       1,     10.0000,      1.4045,     42.6636,    249.6642,     62.8309,      3.4953,      0.1895,      0.1534,     32.7896,      0.2876,      5.6076,     11.2152,      2.5416,     28.9787,     57.9573,      0.0193,      0.0016,      0.2500,      0.2056,   7824.0684,-438448.6562,   -956.9835,    552.2291,  26080.2266,
       1,     169,     112,      15,       1,       3,       1,     10.0000,      1.4045,     42.6636,    249.6642,     62.8309,      3.4953,      0.1818,      0.1454,     85.5915,      0.2983,      5.6076,     11.2152,      2.6363,     28.9787,     57.9573,      0.0193,      0.0045,      0.2327,      0.2056,   7824.0684,-461200.9688,   -961.6601,    550.6585,  26080.2246,
       1,     169,     112,      16,       1,       3,       1,     10.0000,      1.4045,     42.6636,    249.6642,     62.8309,      3.4953,      0.1648,      0.1279,    108.4074,      0.3234,      5.6076,     11.2152,      2.8575,     28.9787,     57.9573,      0.0193,      0.0065,      0.2051,      0.2056,   7824.0679,-528425.5625,   -976.1688,    546.0336,  26080.2227,
       1,     169,     112,      17,       1,       3,       1,     10.0000,      1.4045,     42.6636,    249.6642,     62.8309,      3.4953,      0.1618,      0.1256,    145.2980,      0.2924,      5.6076,     11.2152,      2.5836,     28.9787,     57.9573,      0.0193,      0.0090,      0.1965,      0.2055,   7824.0669,-562446.1250,   -984.0048,    543.7309,  26080.2188,
       1,     169,     112,      18,       1,       3,       1,     10.0000,      1.4045,     42.6636,    249.6642,     62.8309,      3.4953,      0.1408,      0.1053,    141.5543,      0.2624,      5.6076,     11.2152,      2.3185,     28.9787,     57.9573,      0.0193,      0.0104,      0.1658,      0.2055,   7824.0659,-611012.7500,   -995.2660,    540.4347,  26080.2129,
       1,     169,     112,      19,       1,       3,       1,     10.0000,      1.4045,     42.6636,    249.6642,     62.8309,      3.4953,      0.0779,      0.0433,     72.3695,      0.2282,      5.6076,     11.2152,      2.0169,     28.9787,     57.9573,      0.0193,      0.0108,      0.0818,      0.2054,   7824.0640,-610536.8750,   -996.1956,    540.4769,  26080.2031,
       1,     169,     112,      20,       1,       3,       1,     10.0000,      1.4045,     42.6636,    249.6642,     62.8309,      3.4953,      0.0111,     -0.0228,     13.1876,      0.2063,      5.6076,     11.2152,      1.8227,     28.9787,     57.9573,      0.0193,      0.0103,      0.0156,      0.2054,   7824.0610,-524745.1875,   -978.4230,    546.2729,  26080.1953,
       1,     169,     112,      21,       1,       3,       1,     10.0000,      1.4045,     42.6636,    249.6642,     62.8309,      3.4953,      0.0000,     -0.0334,     13.7620,      0.1878,      5.6076,     11.2152,      1.6593,     28.9787,     57.9573,      0.0193,      0.0108,      0.0156,      0.2055,   7824.0591,-444316.6562,   -961.1953,    551.7961,  26080.1914,
       1,     169,     112,      22,       1,       3,       1,     10.0000,      1.4045,     42.6636,    249.6642,     62.8309,      3.4953,      0.0000,     -0.0331,     10.7932,      0.1785,      5.6076,     11.2152,      1.5773,     28.9787,     57.9573,      0.0193,      0.0084,      0.0156,      0.2056,   7824.0576,-438225.3750,   -959.8005,    552.2443,  26080.1895,
       1,     169,     112,      23,       1,       3,       1,     10.0000,      1.4045,     42.6636,    249.6642,     62.8309,      3.4953,      0.0000,     -0.0327,      8.5557,      0.1665,      5.6076,     11.2152,      1.4708,     28.9787,     57.9573,      0.0193,      0.0067,      0.0156,      0.2056,   7824.0571,-434002.6875,   -958.8246,    552.5359,  26080.1875,
       1,     169,     112,      24,       1,       3,       1,     10.0000,      1.4045,     42.6636,    249.6642,     62.8309,      3.4953,      0.0000,     -0.0324,      6.6682,      0.1577,      5.6076,     11.2152,      1.3934,     28.9787,     57.9573,      0.0193,      0.0052,      0.0156,      0.2056,   7824.0566,-430877.3125,   -958.1254,    552.7519,  26080.1875,
       1,     169,     113,       1,       1,       3,       1,     10.0000,      1.4045,     42.6639,    249.6701,     62.8323,      3.4953,      0.0000,     -0.0323,      5.6386,      0.1544,      5.6073,     11.2146,      1.3643,     28.9816,     57.9632,      0.0193,      0.0044,      0.0156,      0.2056,   7824.0566,-428432.7500,   -957.9263,    552.9338,  26081.3574,
       1,     169,     113,       2,       1,       3,       1,     10.0000,      1.4045,     42.6639,    249.6701,     62.8323,      3.4953,      0.0000,     -0.0322,      4.3542,      0.1503,      5.6073,     11.2146,      1.3278,     28.9816,     57.9632,      0.0193,      0.0034,      0.0156,      0.2056,   7824.4077,-426799.1250,   -957.2785,    553.0468,  26081.3555,
       1,     169,     113,       3,       1,       3,       1,     10.0000,      1.4045,     42.6639,    249.6701,     62.8323,      3.4953,      0.0000,     -0.0321,      3.4046,      0.1485,      5.6073,     11.2146,      1.3118,     28.9816,     57.9632,      0.0193,      0.0027,      0.0156,      0.2056,   7824.4067,-425072.9062,   -956.9001,    553.1661,  26081.3555,
       1,     169,     113,       4,       1,       3,       1,     10.0000,      1.4045,     42.6639,    249.6701,     62.8323,      3.4953,      0.0000,     -0.0320,      2.3446,      0.1459,      5.6073,     11.2146,      1.2895,     28.9816,     57.9632,      0.0193,      0.0018,      0.0156,      0.2056,   7824.4067,-423752.2188,   -956.6225,    553.2574,  26081.3555,
       1,     169,     113,       5,       1,       3,       1,     10.0000,      1.4045,     42.6639,    249.6701,     62.8323,      3.4953,      0.0000,     -0.0319,      1.6988,      0.1433,      5.6073,     11.2146,      1.2663,     28.9816,     57.9632,      0.0193,      0.0013,      0.0156,      0.2056,   7824.4067,-422329.8438,   -956.3164,    553.3558,  26081.3555,
       1,     169,     113,       6,       1,       3,       1,     10.0000,      1.4045,     42.6639,    249.6701,     62.8323,      3.4953,      0.0000,     -0.0319,      1.2174,      0.1414,      5.6073,     11.2146,      1.2498,     28.9816,     57.9632,      0.0193,      0.0010,      0.0156,      0.2056,   7824.4067,-421410.5312,   -956.1174,    553.4195,  26081.3555,
       1,     169,     113,       7,       1,       3,       1,     10.0000,      1.4045,     42.6639,    249.6701,     62.8323,      3.4953,      0.0000,     -0.0318,      0.9309,      0.1413,      5.6073,     11.2146,      1.2485,     28.9816,     57.9632,      0.0193,      0.0007,      0.0156,      0.2056,   7824.4067,-420737.1562,   -955.9721,    553.4661,  26081.3555,
       1,     169,     113,       8,       1,       3,       1,     10.0000,      1.4045,     42.6639,    249.6701,     62.8323,      3.4953,      0.0203,     -0.0115,      0.4303,      0.1397,      5.6073,     11.2146,      1.2347,     28.9816,     57.9632,      0.0193,      0.0006,      0.0091,      0.2056,   7824.4067,-420325.6875,   -955.8848,    553.4945,  26081.3555,
       1,     169,     113,       9,       1,       3,       1,     10.0000,      1.4045,     42.6639,    249.6701,     62.8323,      3.4953,      0.1288,      0.0968,      6.4079,      0.1458,      5.6073,     11.2146,      1.2882,     28.9816,     57.9632,      0.0193,      0.0005,      0.1643,      0.2056,   7824.4067,-419672.0938,   -955.7317,    553.5397,  26081.3535,
       1,     169,     113,      10,       1,       3,       1,     10.0000,      1.4045,     42.6639,    249.6701,     62.8323,      3.4953,      0.1786,      0.1459,      8.5390,      0.1638,      5.6073,     11.2146,      1.4475,     28.9816,     57.9632,      0.0193,      0.0004,      0.2358,      0.2056,   7824.4062,-427001.0000,   -957.2872,    553.0327,  26081.3535,
       1,     169,     113,      11,       1,       3,       1,     10.0000,      1.4045,     42.6639,    249.6701,     62.8323,      3.4953,      0.1883,      0.1544,     10.1828,      0.2038,      5.6073,     11.2146,      1.8013,     28.9816,     57.9632,      0.0193,      0.0005,      0.2500,      0.2056,   7824.4062,-430260.6875,   -957.8642,    552.8075,  26081.3535,
       1,     169,     113,      12,       1,       3,       1,     10.0000,      1.4045,     42.6639,    249.6701,     62.8323,      3.4953,      0.1881,      0.1535,     10.7072,      0.2305,      5.6073,     11.2146,      2.0367,     28.9816,     57.9632,      0.0193,      0.0005,      0.2500,      0.2056,   7824.4062,-432570.1875,   -958.2643,    552.6479,  26081.3535,
       1,     169,     113,      13,       1,       3,       1,     10.0000,      1.4045,     42.6639,    249.6701,     62.8323,      3.4953,      0.1880,      0.1525,     11.7351,      0.2621,      5.6073,     11.2146,      2.3163,     28.9816,     57.9632,      0.0193,      0.0006,      0.2500,      0.2056,   7824.4062,-433415.3125,   -958.3149,    552.5896,  26081.3516,
       1,     169,     113,      14,       1,       3,       1,     10.0000,      1.4045,     42.6639,    249.6701,     62.8323,      3.4953,      0.1880,      0.1524,     12.4664,      0.2683,      5.6073,     11.2146,      2.3708,     28.9816,     57.9632,      0.0193,      0.0006,      0.2500,      0.2056,   7824.4058,-434757.9062,   -958.4590,    552.4969,  26081.3516,
       1,     169,     113,      15,       1,       3,       1,     10.0000,      1.4045,     42.6639,    249.6701,     62.8323,      3.4953,      0.1882,      0.1525,     22.3180,      0.2751,      5.6073,     11.2146,      2.4312,     28.9816,     57.9632,      0.0193,      0.0011,      0.2492,      0.2056,   7824.4058,-435776.1562,   -958.6028,    552.4265,  26081.3516,
       1,     169,     113,      16,       1,       3,       1,     10.0000,      1.4045,     42.6639,    249.6701,     62.8323,      3.4953,      0.1856,      0.1499,     88.1345,      0.2699,      5.6073,     11.2146,      2.3846,     28.9816,     57.9632,      0.0193,      0.0045,      0.2377,      0.2056,   7824.4058,-448036.1562,   -961.2319,    551.5800,  26081.3516,
       1,     169,     113,      17,       1,       3,       1,     10.0000,      1.4045,     42.6639,    249.6701,     62.8323,      3.4953,      0.1572,      0.1218,    107.5903,      0.2596,      5.6073,     11.2146,      2.2939,     28.9816,     57.9632,      0.0193,      0.0068,      0.1938,      0.2056,   7824.4058,-530424.4375,   -979.4632,    545.9002,  26081.3496,
       1,     169,     113,      18,       1,       3,       1,     10.0000,      1.4045,     42.6639,    249.6701,     62.8323,      3.4953,      0.1491,      0.1142,    128.1276,      0.2387,      5.6073,     11.2146,      2.1097,     28.9816,     57.9632,      0.0193,      0.0087,      0.1795,      0.2055,   7824.4053,-561609.6250,   -986.9091,    543.8013,  26081.3438,
       1,     169,     113,      19,       1,       3,       1,     10.0000,      1.4045,     42.6639,    249.6701,     62.8323,      3.4953,      0.0842,      0.0498,     69.9523,      0.2195,      5.6073,     11.2146,      1.9393,     28.9816,     57.9632,      0.0193,      0.0093,      0.0914,      0.2055,   7824.4033,-589667.5000,   -993.8809,    541.8981,  26081.3379,
       1,     169,     113,      20,       1,       3,       1,     10.0000,      1.4045,     42.6639,    249.6701,     62.8323,      3.4953,      0.0095,     -0.0241,     11.3287,      0.1938,      5.6073,     11.2146,      1.7128,     28.9816,     57.9632,      0.0193,      0.0089,      0.0156,      0.2054,   7824.4019,-520001.4688,   -979.2568,    546.6205,  26081.3301,
       1,     169,     113,      21,       1,       3,       1,     10.0000,      1.4045,     42.6639,    249.6701,     62.8323,      3.4953,      0.0000,     -0.0331,     11.0888,      0.1792,      5.6073,     11.2146,      1.5836,     28.9816,     57.9632,      0.0193,      0.0087,      0.0156,      0.2055,   7824.3994,-441610.1875,   -962.1976,    551.9973,  26081.3262,
       1,     169,     113,      22,       1,       3,       1,     10.0000,      1.4045,     42.6639,    249.6701,     62.8323,      3.4953,      0.0000,     -0.0329,     10.4325,      0.1731,      5.6073,     11.2146,      1.5293,     28.9816,     57.9632,      0.0193,      0.0082,      0.0156,      0.2056,   7824.3979,-434694.3750,   -960.6445,    552.5011,  26081.3242,
       1,     169,     113,      23,       1,       3,       1,     10.0000,      1.4045,     42.6639,    249.6701,     62.8323,      3.4953,      0.0000,     -0.0329,      8.1493,      0.1703,      5.6073,     11.2146,      1.5051,     28.9816,     57.9632,      0.0193,      0.0064,      0.0156,      0.2056,   7824.3975,-433260.9062,   -960.2868,    552.6003,  26081.3223,
       1,     169,     113,      24,       1,       3,       1,     10.0000,      1.4045,     42.6639,    249.6701,     62.8323,      3.4953,      0.0000,     -0.0326,      7.0912,      0.1635,      5.6073,     11.2146,      1.4446,     28.9816,     57.9632,      0.0193,      0.0056,      0.0156,      0.2056,   7824.3970,-430317.5000,   -959.6138,    552.8036,  26081.3223,
       1,     169,     114,       1,       1,       3,       1,     10.0000,      1.4045,     42.6643,    249.6760,     62.8338,      3.4953,      0.0000,     -0.0324,      5.2313,      0.1578,      5.6074,     11.2148,      1.3948,     28.9870,     57.9740,      0.0193,      0.0041,      0.0156,      0.2057,   7824.3970,-428913.2812,   -959.6069,    552.9136,  26082.4902,
       1,     169,     114,       2,       1,       3,       1,     10.0000,      1.4045,     42.6643,    249.6760,     62.8338,      3.4953,      0.0000,     -0.0324,      3.8614,      0.1560,      5.6074,     11.2148,      1.3781,     28.9870,     57.9740,      0.0193,      0.0030,      0.0156,      0.2057,   7824.7476,-426343.0312,   -958.7153,    553.0913,  26082.4883,
       1,     169,     114,       3,       1,       3,       1,     10.0000,      1.4045,     42.6643,    249.6760,     62.8338,      3.4953,      0.0000,     -0.0324,      3.1920,      0.1556,      5.6074,     11.2148,      1.3754,     28.9870,     57.9740,      0.0193,      0.0025,      0.0156,      0.2057,   7824.7466,-424431.5000,   -958.2886,    553.2235,  26082.4883,
       1,     169,     114,       4,       1,       3,       1,     10.0000,      1.4045,     42.6643,    249.6760,     62.8338,      3.4953,      0.0000,     -0.0323,      3.1034,      0.1541,      5.6074,     11.2148,      1.3616,     28.9870,     57.9740,      0.0193,      0.0024,      0.0156,      0.2057,   7824.7466,-423441.3125,   -958.0649,    553.2921,  26082.4883,
       1,     169,     114,       5,       1,       3,       1,     10.0000,      1.4045,     42.6643,    249.6760,     62.8338,      3.4953,      0.0000,     -0.0322,      2.4762,      0.1519,      5.6074,     11.2148,      1.3426,     28.9870,     57.9740,      0.0193,      0.0019,      0.0156,      0.2057,   7824.7466,-423247.1562,   -958.0181,    553.3055,  26082.4883,
       1,     169,     114,       6,       1,       3,       1,     10.0000,      1.4045,     42.6643,    249.6760,     62.8338,      3.4953,      0.0000,     -0.0320,      1.9511,      0.1451,      5.6074,     11.2148,      1.2817,     28.9870,     57.9740,      0.0193,      0.0015,      0.0156,      0.2057,   7824.7466,-422455.7812,   -957.8406,    553.3601,  26082.4883,
       1,     169,     114,       7,       1,       3,       1,     10.0000,      1.4045,     42.6643,    249.6760,     62.8338,      3.4953,      0.0000,     -0.0319,      1.8687,      0.1432,      5.6074,     11.2148,      1.2650,     28.9870,     57.9740,      0.0193,      0.0015,      0.0156,      0.2057,   7824.7466,-421739.6250,   -957.6818,    553.4097,  26082.4883,
       1,     169,     114,       8,       1,       3,       1,     10.0000,      1.4045,     42.6643,    249.6760,     62.8338,      3.4953,      0.0138,     -0.0181,      1.6306,      0.1442,      5.6074,     11.2148,      1.2740,     28.9870,     57.9740,      0.0193,      0.0013,      0.0156,      0.2057,   7824.7466,-421576.7500,   -957.6445,    553.4210,  26082.4883,
       1,     169,     114,       9,       1,       3,       1,     10.0000,      1.4045,     42.6643,    249.6760,     62.8338,      3.4953,      0.1303,      0.0972,     19.4178,      0.1753,      5.6074,     11.2148,      1.5493,     28.9870,     57.9740,      0.0193,      0.0014,      0.1647,      0.2057,   7824.7466,-421268.5938,   -957.5720,    553.4423,  26082.4883,
       1,     169,     114,      10,       1,       3,       1,     10.0000,      1.4045,     42.6643,    249.6760,     62.8338,      3.4953,      0.1488,      0.1150,     17.1543,      0.2023,      5.6074,     11.2148,      1.7872,     28.9870,     57.9740,      0.0193,      0.0011,      0.1918,      0.2057,   7824.7466,-443213.4375,   -962.4625,    551.9241,  26082.4883,
       1,     169,     114,      11,       1,       3,       1,     10.0000,      1.4045,     42.6643,    249.6760,     62.8338,      3.4953,      0.1845,      0.1500,     19.5563,      0.2243,      5.6074,     11.2148,      1.9817,     28.9870,     57.9740,      0.0193,      0.0010,      0.2436,      0.2056,   7824.7466,-442297.1875,   -962.3441,    551.9894,  26082.4863,
       1,     169,     114,      12,       1,       3,       1,     10.0000,      1.4045,     42.6643,    249.6760,     62.8338,      3.4953,      0.1893,      0.1543,     26.5452,      0.2425,      5.6074,     11.2148,      2.1429,     28.9870,     57.9740,      0.0193,      0.0013,      0.2500,      0.2056,   7824.7461,-445184.6875,   -963.0334,    551.7902,  26082.4863,
       1,     169,     114,      13,       1,       3,       1,     10.0000,      1.4045,     42.6643,    249.6760,     62.8338,      3.4953,      0.1895,      0.1541,     29.8347,      0.2586,      5.6074,     11.2148,      2.2851,     28.9870,     57.9740,      0.0193,      0.0015,      0.2500,      0.2056,   7824.7461,-454067.0938,   -965.0656,    551.1776,  26082.4844,
       1,     169,     114,      14,       1,       3,       1,     10.0000,      1.4045,     42.6643,    249.6760,     62.8338,      3.4953,      0.1801,      0.1446,     65.4511,      0.2639,      5.6074,     11.2148,      2.3321,     28.9870,     57.9740,      0.0193,      0.0034,      0.2322,      0.2056,   7824.7456,-458891.3125,   -966.2115,    550.8456,  26082.4824,
       1,     169,     114,      15,       1,       3,       1,     10.0000,      1.4045,     42.6643,    249.6760,     62.8338,      3.4953,      0.1848,      0.1494,     98.0234,      0.2619,      5.6074,     11.2148,      2.3141,     28.9870,     57.9740,      0.0193,      0.0051,      0.2354,      0.2056,   7824.7451,-503321.2812,   -976.3342,    547.7863,  26082.4805,
       1,     169,     114,      16,       1,       3,       1,     10.0000,      1.4045,     42.6643,    249.6760,     62.8338,      3.4953,      0.1929,      0.1575,    135.9351,      0.2568,      5.6074,     11.2148,      2.2696,     28.9870,     57.9740,      0.0193,      0.0068,      0.2429,      0.2056,   7824.7446,-547417.2500,   -986.6367,    544.7756,  26082.4766,
       1,     169,     114,      17,       1,       3,       1,     10.0000,      1.4045,     42.6643,    249.6760,     62.8338,      3.4953,      0.1858,      0.1508,    160.1128,      0.2435,      5.6074,     11.2148,      2.1513,     28.9870,     57.9740,      0.0193,      0.0085,      0.2298,      0.2055,   7824.7432,-598106.9375,   -998.7041,    541.3319,  26082.4707,
       1,     169,     114,      18,       1,       3,       1,     10.0000,      1.4045,     42.6643,    249.6760,     62.8338,      3.4953,      0.1453,      0.1105,    131.6356,      0.2350,      5.6074,     11.2148,      2.0770,     28.9870,     57.9740,      0.0193,      0.0093,      0.1736,      0.2055,   7824.7417,-632397.0000,  -1007.4536,    539.0225,  26082.4629,
       1,     169,     114,      19,       1,       3,       1,     10.0000,      1.4045,     42.6643,    249.6760,     62.8338,      3.4953,      0.1239,      0.0896,    109.1490,      0.2150,      5.6074,     11.2148,      1.8998,     28.9870,     57.9740,      0.0193,      0.0092,      0.1449,      0.2054,   7824.7393,-600025.7500,  -1001.3637,    541.2085,  26082.4512,
       1,     169,     114,      20,       1,       3,       1,     10.0000,      1.4045,     42.6643,    249.6760,     62.8338,      3.4953,      0.0186,     -0.0149,      2.6940,      0.1885,      5.6074,     11.2148,      1.6659,     28.9870,     57.9740,      0.0193,      0.0075,      0.0044,      0.2054,   7824.7358,-569423.7500,   -995.4481,    543.2832,  26082.4434,
       1,     169,     114,      21,       1,       3,       1,     10.0000,      1.4045,     42.6643,    249.6760,     62.8338,      3.4953,      0.0000,     -0.0332,      9.5590,      0.1806,      5.6074,     11.2148,      1.5963,     28.9870,     57.9740,      0.0193,      0.0075,      0.0156,      0.2055,   7824.7334,-435027.5000,   -965.5671,    552.4141,  26082.4355,
       1,     169,     114,      22,       1,       3,       1,     10.0000,      1.4045,     42.6643,    249.6760,     62.8338,      3.4953,      0.0000,     -0.0331,      8.9016,      0.1762,      5.6074,     11.2148,      1.5570,     28.9870,     57.9740,      0.0193,      0.0070,      0.0156,      0.2057,   7824.7310,-432313.2188,   -964.9578,    552.6787,  26082.4355,
       1,     169,     114,      23,       1,       3,       1,     10.0000,      1.4045,     42.6643,    249.6760,     62.8338,      3.4953,      0.0000,     -0.0329,      8.7130,      0.1724,      5.6074,     11.2148,      1.5232,     28.9870,     57.9740,      0.0193,      0.0068,      0.0156,      0.2057,   7824.7310,-431174.0938,   -964.6973,    552.7574,  26082.4336,
       1,     169,     114,      24,       1,       3,       1,     10.0000,      1.4045,     42.6643,    249.6760,     62.8338,      3.4953,      0.0000,     -0.0328,      7.3854,      0.1683,      5.6074,     11.2148,      1.4872,     28.9870,     57.9740,      0.0193,      0.0058,      0.0156,      0.2057,   7824.7305,-430844.0312,   -964.6206,    552.7802,  26082.4336,
       1,     169,     115,       1,       1,       3,       1,     10.0000,      1.4045,     42.6646,    249.6819,     62.8353,      3.4953,      0.0000,     -0.0326,      4.9457,      0.1614,      5.6075,     11.2150,      1.4260,     28.9931,     57.9862,      0.0193,      0.0039,      0.0156,      0.2057,   7824.7305,-429330.5625,   -964.6092,    552.8977,  26083.6074,
       1,     169,     115,       2,       1,       3,       1,     10.0000,      1.4045,     42.6646,    249.6819,     62.8353,      3.4953,      0.0000,     -0.0325,      4.0003,      0.1588,      5.6075,     11.2150,      1.4033,     28.9931,     57.9862,      0.0193,      0.0031,      0.0156,      0.2057,   7825.0825,-426034.6875,   -963.5522,    553.1255,  26083.6074,
       1,     169,     115,       3,       1,       3,       1,     10.0000,      1.4045,     42.6646,    249.6819,     62.8353,      3.4953,      0.0000,     -0.0324,      4.0816,      0.1571,      5.6075,     11.2150,      1.3879,     28.9931,     57.9862,      0.0193,      0.0032,      0.0156,      0.2057,   7825.0825,-424585.4688,   -963.2302,    553.2258,  26083.6074,
       1,     169,     115,       4,       1,       3,       1,     10.0000,      1.4045,     42.6646,    249.6819,     62.8353,      3.4953,      0.0000,     -0.0324,      3.7045,      0.1567,      5.6075,     11.2150,      1.3851,     28.9931,     57.9862,      0.0193,      0.0029,      0.0156,      0.2057,   7825.0825,-424562.0312,   -963.2266,    553.2274,  26083.6074,
       1,     169,     115,       5,       1,       3,       1,     10.0000,      1.4045,     42.6646,    249.6819,     62.8353,      3.4953,      0.0000,     -0.0322,      3.1256,      0.1507,      5.6075,     11.2150,      1.3318,     28.9931,     57.9862,      0.0193,      0.0024,      0.0156,      0.2057,   7825.0825,-424094.1562,   -963.1246,    553.2597,  26083.6074,
       1,     169,     115,       6,       1,       3,       1,     10.0000,      1.4045,     42.6646,    249.6819,     62.8353,      3.4953,      0.0000,     -0.0322,      2.6012,      0.1495,      5.6075,     11.2150,      1.3211,     28.9931,     57.9862,      0.0193,      0.0020,      0.0156,      0.2057,   7825.0825,-423339.3438,   -962.9582,    553.3120,  26083.6055,
       1,     169,     115,       7,       1,       3,       1,     10.0000,      1.4045,     42.6646,    249.6819,     62.8353,      3.4953,      0.0000,     -0.0320,      2.2354,      0.1465,      5.6075,     11.2150,      1.2948,     28.9931,     57.9862,      0.0193,      0.0017,      0.0156,      0.2057,   7825.0820,-422627.5312,   -962.8019,    553.3612,  26083.6055,
       1,     169,     115,       8,       1,       3,       1,     10.0000,      1.4045,     42.6646,    249.6819,     62.8353,      3.4953,      0.0076,     -0.0246,      1.8460,      0.1495,      5.6075,     11.2150,      1.3211,     28.9931,     57.9862,      0.0193,      0.0014,      0.0156,      0.2057,   7825.0820,-422114.8750,   -962.6894,    553.3967,  26083.6055,
       1,     169,     115,       9,       1,       3,       1,     10.0000,      1.4045,     42.6646,    249.6819,     62.8353,      3.4953,      0.0361,      0.0031,      3.5222,      0.1762,      5.6075,     11.2150,      1.5571,     28.9931,     57.9862,      0.0193,      0.0014,      0.0301,      0.2057,   7825.0820,-421590.0625,   -962.5734,    553.4329,  26083.6055,
       1,     169,     115,      10,       1,       3,       1,     10.0000,      1.4045,     42.6646,    249.6819,     62.8353,      3.4953,      0.1090,      0.0752,     13.1030,      0.2005,      5.6075,     11.2150,      1.7714,     28.9931,     57.9862,      0.0193,      0.0012,      0.1343,      0.2057,   7825.0820,-423615.5000,   -963.0356,    553.2928,  26083.6055,
       1,     169,     115,      11,       1,       3,       1,     10.0000,      1.4045,     42.6646,    249.6819,     62.8353,      3.4953,      0.1718,      0.1375,     23.0565,      0.2186,      5.6075,     11.2150,      1.9318,     28.9931,     57.9862,      0.0193,      0.0013,      0.2246,      0.2057,   7825.0820,-435622.1250,   -965.7930,    552.4625,  26083.6055,
       1,     169,     115,      12,       1,       3,       1,     10.0000,      1.4045,     42.6646,    249.6819,     62.8353,      3.4953,      0.1850,      0.1503,     32.5776,      0.2307,      5.6075,     11.2150,      2.0388,     28.9931,     57.9862,      0.0193,      0.0016,      0.2429,      0.2057,   7825.0820,-448945.2812,   -968.8934,    551.5430,  26083.6035,
       1,     169,     115,      13,       1,       3,       1,     10.0000,      1.4045,     42.6646,    249.6819,     62.8353,      3.4953,      0.1684,      0.1333,     30.6406,      0.2468,      5.6075,     11.2150,      2.1809,     28.9931,     57.9862,      0.0193,      0.0017,      0.2189,      0.2057,   7825.0815,-461848.1250,   -971.9634,    550.6542,  26083.6016,
       1,     169,     115,      14,       1,       3,       1,     10.0000,      1.4045,     42.6646,    249.6819,     62.8353,      3.4953,      0.1810,      0.1458,     56.3946,      0.2536,      5.6075,     11.2150,      2.2412,     28.9931,     57.9862,      0.0193,      0.0029,      0.2345,      0.2057,   7825.0806,-460556.3125,   -971.8629,    550.7439,  26083.5996,
       1,     169,     115,      15,       1,       3,       1,     10.0000,      1.4045,     42.6646,    249.6819,     62.8353,      3.4953,      0.1387,      0.1034,     67.1580,      0.2566,      5.6075,     11.2150,      2.2675,     28.9931,     57.9862,      0.0193,      0.0048,      0.1711,      0.2057,   7825.0801,-492271.9062,   -979.3226,    548.5605,  26083.5977,
       1,     169,     115,      16,       1,       3,       1,     10.0000,      1.4045,     42.6646,    249.6819,     62.8353,      3.4953,      0.1452,      0.1098,     94.4678,      0.2574,      5.6075,     11.2150,      2.2741,     28.9931,     57.9862,      0.0193,      0.0065,      0.1776,      0.2056,   7825.0796,-508295.6562,   -983.3820,    547.4661,  26083.5938,
       1,     169,     115,      17,       1,       3,       1,     10.0000,      1.4045,     42.6646,    249.6819,     62.8353,      3.4953,      0.0947,      0.0598,     66.7554,      0.2399,      5.6075,     11.2150,      2.1201,     28.9931,     57.9862,      0.0193,      0.0076,      0.1068,      0.2056,   7825.0786,-543432.2500,   -991.9429,    545.0626,  26083.5898,
       1,     169,     115,      18,       1,       3,       1,     10.0000,      1.4045,     42.6646,    249.6819,     62.8353,      3.4953,      0.0669,      0.0322,     48.1276,      0.2335,      5.6075,     11.2150,      2.0629,     28.9931,     57.9862,      0.0193,      0.0086,      0.0683,      0.2056,   7825.0771,-512146.5938,   -985.4076,    547.1995,  26083.5840,
       1,     169,     115,      19,       1,       3,       1,     10.0000,      1.4045,     42.6646,    249.6819,     62.8353,      3.4953,      0.0369,      0.0025,     19.3273,      0.2182,      5.6075,     11.2150,      1.9280,     28.9931,     57.9862,      0.0193,      0.0084,      0.0281,      0.2056,   7825.0757,-486454.4688,   -979.9517,    548.9610,  26083.5781,
       1,     169,     115,      20,       1,       3,       1,     10.0000,      1.4045,     42.6646,    249.6819,     62.8353,      3.4953,      0.0051,     -0.0284,      9.2933,      0.1880,      5.6075,     11.2150,      1.6610,     28.9931,     57.9862,      0.0193,      0.0073,      0.0156,      0.2056,   7825.0737,-448667.0312,   -971.5235,    551.5569,  26083.5762,
       1,     169,     115,      21,       1,       3,       1,     10.0000,      1.4045,     42.6646,    249.6819,     62.8353,      3.4953,      0.0000,     -0.0331,      9.3598,      0.1783,      5.6075,     11.2150,      1.5758,     28.9931,     57.9862,      0.0193,      0.0073,      0.0156,      0.2057,   7825.0732,-433064.5625,   -968.0154,    552.6386,  26083.5742,
       1,     169,     115,      22,       1,       3,       1,     10.0000,      1.4045,     42.6646,    249.6819,     62.8353,      3.4953,      0.0000,     -0.0330,      8.3507,      0.1734,      5.6075,     11.2150,      1.5324,     28.9931,     57.9862,      0.0193,      0.0065,      0.0156,      0.2057,   7825.0728,-431811.2812,   -967.7461,    552.7263,  26083.5723,
       1,     169,     115,      23,       1,       3,       1,     10.0000,      1.4045,     42.6646,    249.6819,     62.8353,      3.4953,      0.0000,     -0.0329,      7.5948,      0.1700,      5.6075,     11.2150,      1.5021,     28.9931,     57.9862,      0.0193,      0.0059,      0.0156,      0.2057,   7825.0718,-430456.5938,   -967.4534,    552.8199,  26083.5723,
       1,     169,     115,      24,       1,       3,       1,     10.0000,      1.4045,     42.6646,    249.6819,     62.8353,      3.4953,      0.0000,     -0.0328,      6.5542,      0.1673,      5.6075,     11.2150,      1.4783,     28.9931,     57.9862,      0.0193,      0.0051,      0.0156,      0.2057,   7825.0718,-429407.1875,   -967.2286,    552.8925,  26083.5703,
       1,     169,     116,       1,       1,       3,       1,     10.0000,      1.4046,     42.6649,    249.6878,     62.8368,      3.4953,      0.0000,     -0.0324,      4.7782,      0.1577,      5.6086,     11.2173,      1.3935,     28.9859,     57.9717,      0.0193,      0.0037,      0.0156,      0.2057,   7825.0713,-428186.9375,   -967.2983,    552.9899,  26084.7383,
       1,     169,     116,       2,       1,       3,       1,     10.0000,      1.4046,     42.6649,    249.6878,     62.8368,      3.4953,      0.0000,     -0.0322,      4.0260,      0.1510,      5.6086,     11.2173,      1.3345,     28.9859,     57.9717,      0.0193,      0.0032,      0.0156,      0.2057,   7825.4219,-425736.6562,   -966.4333,    553.1594,  26084.7383,
       1,     169,     116,       3,       1,       3,       1,     10.0000,      1.4046,     42.6649,    249.6878,     62.8368,      3.4953,      0.0000,     -0.0324,      3.8973,      0.1577,      5.6086,     11.2173,      1.3935,     28.9859,     57.9717,      0.0193,      0.0031,      0.0156,      0.2057,   7825.4219,-424598.4375,   -966.1848,    553.2381,  26084.7363,
       1,     169,     116,       4,       1,       3,       1,     10.0000,      1.4046,     42.6649,    249.6878,     62.8368,      3.4953,      0.0000,     -0.0323,      3.2547,      0.1535,      5.6086,     11.2173,      1.3562,     28.9859,     57.9717,      0.0193,      0.0025,      0.0156,      0.2057,   7825.4214,-424342.4375,   -966.1354,    553.2558,  26084.7363,
       1,     169,     116,       5,       1,       3,       1,     10.0000,      1.4046,     42.6649,    249.6878,     62.8368,      3.4953,      0.0000,     -0.0321,      3.1238,      0.1492,      5.6086,     11.2173,      1.3185,     28.9859,     57.9717,      0.0193,      0.0024,      0.0156,      0.2057,   7825.4214,-423526.9688,   -965.9583,    553.3123,  26084.7363,
       1,     169,     116,       6,       1,       3,       1,     10.0000,      1.4046,     42.6649,    249.6878,     62.8368,      3.4953,      0.0000,     -0.0320,      2.1830,      0.1455,      5.6086,     11.2173,      1.2857,     28.9859,     57.9717,      0.0193,      0.0017,      0.0156,      0.2057,   7825.4214,-423295.4688,   -965.9131,    553.3282,  26084.7363,
       1,     169,     116,       7,       1,       3,       1,     10.0000,      1.4046,     42.6649,    249.6878,     62.8368,      3.4953,      0.0000,     -0.0321,      1.9202,      0.1468,      5.6086,     11.2173,      1.2974,     28.9859,     57.9717,      0.0193,      0.0015,      0.0156,      0.2057,   7825.4214,-422113.9375,   -965.6530,    553.4099,  26084.7363,
       1,     169,     116,       8,       1,       3,       1,     10.0000,      1.4046,     42.6649,    249.6878,     62.8368,      3.4953,      0.0028,     -0.0292,      2.3923,      0.1455,      5.6086,     11.2173,      1.2857,     28.9859,     57.9717,      0.0193,      0.0019,      0.0156,      0.2057,   7825.4214,-421688.5000,   -965.5626,    553.4394,  26084.7363,
       1,     169,     116,       9,       1,       3,       1,     10.0000,      1.4046,     42.6649,    249.6878,     62.8368,      3.4953,      0.0589,      0.0263,      9.0686,      0.1640,      5.6086,     11.2173,      1.4491,     28.9859,     57.9717,      0.0193,      0.0018,      0.0629,      0.2057,   7825.4214,-422235.1562,   -965.6978,    553.4016,  26084.7363,
       1,     169,     116,      10,       1,       3,       1,     10.0000,      1.4046,     42.6649,    249.6878,     62.8368,      3.4953,      0.1083,      0.0744,     17.5204,      0.2049,      5.6086,     11.2173,      1.8104,     28.9859,     57.9717,      0.0193,      0.0016,      0.1327,      0.2057,   7825.4214,-430526.8125,   -967.6183,    552.8280,  26084.7344,
       1,     169,     116,      11,       1,       3,       1,     10.0000,      1.4046,     42.6649,    249.6878,     62.8368,      3.4953,      0.1767,      0.1423,     23.0109,      0.2188,      5.6086,     11.2173,      1.9338,     28.9859,     57.9717,      0.0193,      0.0012,      0.2317,      0.2057,   7825.4204,-441675.1250,   -970.2416,    552.0579,  26084.7344,
       1,     169,     116,      12,       1,       3,       1,     10.0000,      1.4046,     42.6649,    249.6878,     62.8368,      3.4953,      0.1857,      0.1507,     23.3775,      0.2442,      5.6086,     11.2173,      2.1577,     28.9859,     57.9717,      0.0193,      0.0012,      0.2450,      0.2057,   7825.4204,-449410.4688,   -972.1163,    551.5247,  26084.7344,
       1,     169,     116,      13,       1,       3,       1,     10.0000,      1.4046,     42.6649,    249.6878,     62.8368,      3.4953,      0.1889,      0.1538,     21.0192,      0.2459,      5.6086,     11.2173,      2.1725,     28.9859,     57.9717,      0.0193,      0.0010,      0.2500,      0.2057,   7825.4204,-450523.4375,   -972.4767,    551.4481,  26084.7324,
       1,     169,     116,      14,       1,       3,       1,     10.0000,      1.4046,     42.6649,    249.6878,     62.8368,      3.4953,      0.1897,      0.1546,     31.7175,      0.2473,      5.6086,     11.2173,      2.1852,     28.9859,     57.9717,      0.0193,      0.0015,      0.2500,      0.2057,   7825.4199,-447704.6562,   -971.9302,    551.6425,  26084.7305,
       1,     169,     116,      15,       1,       3,       1,     10.0000,      1.4046,     42.6649,    249.6878,     62.8368,      3.4953,      0.1939,      0.1588,     89.3668,      0.2473,      5.6086,     11.2173,      2.1852,     28.9859,     57.9717,      0.0193,      0.0044,      0.2497,      0.2057,   7825.4194,-460681.2188,   -975.0495,    550.7477,  26084.7285,
       1,     169,     116,      16,       1,       3,       1,     10.0000,      1.4046,     42.6649,    249.6878,     62.8368,      3.4953,      0.1859,      0.1506,    108.5910,      0.2539,      5.6086,     11.2173,      2.2434,     28.9859,     57.9717,      0.0193,      0.0056,      0.2357,      0.2057,   7825.4189,-533024.6250,   -992.0615,    545.7681,  26084.7266,
       1,     169,     116,      17,       1,       3,       1,     10.0000,      1.4046,     42.6649,    249.6878,     62.8368,      3.4953,      0.1864,      0.1513,    134.1270,      0.2504,      5.6086,     11.2173,      2.2131,     28.9859,     57.9717,      0.0193,      0.0070,      0.2336,      0.2056,   7825.4185,-563035.8750,   -999.6742,    543.7431,  26084.7207,
       1,     169,     116,      18,       1,       3,       1,     10.0000,      1.4046,     42.6649,    249.6878,     62.8368,      3.4953,      0.1364,      0.1019,     90.2848,      0.2263,      5.6086,     11.2173,      1.9993,     28.9859,     57.9717,      0.0193,      0.0067,      0.1653,      0.2056,   7825.4165,-597178.4375,  -1008.4747,    541.4262,  26084.7148,
       1,     169,     116,      19,       1,       3,       1,     10.0000,      1.4046,     42.6649,    249.6878,     62.8368,      3.4953,      0.0859,      0.0528,     48.6528,      0.1764,      5.6086,     11.2173,      1.5587,     28.9859,     57.9717,      0.0193,      0.0061,      0.0971,      0.2055,   7825.4146,-545802.1875,   -997.5111,    544.9083,  26084.7051,
       1,     169,     116,      20,       1,       3,       1,     10.0000,      1.4046,     42.6649,    249.6878,     62.8368,      3.4953,      0.0159,     -0.0157,      1.2701,      0.1354,      5.6086,     11.2173,      1.1966,     28.9859,     57.9717,      0.0193,      0.0052,      0.0030,      0.2056,   7825.4116,-489953.8438,   -985.8316,    548.7235,  26084.6992,
       1,     169,     116,      21,       1,       3,       1,     10.0000,      1.4046,     42.6649,    249.6878,     62.8368,      3.4953,      0.0000,     -0.0316,      6.9553,      0.1357,      5.6086,     11.2173,      1.1990,     28.9859,     57.9717,      0.0193,      0.0054,      0.0156,      0.2056,   7825.4102,-426658.3750,   -977.7623,    553.0783,  26084.6953,
       1,     169,     116,      22,       1,       3,       1,     10.0000,      1.4046,     42.6649,    249.6878,     62.8368,      3.4953,      0.0000,     -0.0315,      6.6581,      0.1330,      5.6086,     11.2173,      1.1749,     28.9859,     57.9717,      0.0193,      0.0052,      0.0156,      0.2057,   7825.4087,-428321.4062,   -978.0950,    552.9807,  26084.6953,
       1,     169,     116,      23,       1,       3,       1,     10.0000,      1.4046,     42.6649,    249.6878,     62.8368,      3.4953,      0.0000,     -0.0315,      5.5425,      0.1322,      5.6086,     11.2173,      1.1678,     28.9859,     57.9717,      0.0193,      0.0043,      0.0156,      0.2057,   7825.4087,-428075.0000,   -978.0043,    552.9977,  26084.6953,
       1,     169,     116,      24,       1,       3,       1,     10.0000,      1.4046,     42.6649,    249.6878,     62.8368,      3.4953,      0.0000,     -0.0315,      3.2981,      0.1327,      5.6086,     11.2173,      1.1725,     28.9859,     57.9717,      0.0193,      0.0026,      0.0156,      0.2057,   7825.4087,-426676.1250,   -977.6600,    553.0944,  26084.6934,
       1,     169,     117,       1,       1,       3,       1,     10.0000,      1.4046,     42.6653,    249.6937,     62.8382,      3.4953,      0.0000,     -0.0314,      1.0817,      0.1291,      5.6077,     11.2155,      1.1408,     28.9879,     57.9759,      0.0193,      0.0008,      0.0156,      0.2057,   7825.4082,-423940.3750,   -977.3505,    553.2966,  26085.8652,
       1,     169,     117,       2,       1,       3,       1,     10.0000,      1.4046,     42.6653,    249.6937,     62.8382,      3.4953,      0.0000,     -0.0314,      0.6152,      0.1290,      5.6077,     11.2155,      1.1397,     28.9879,     57.9759,      0.0193,      0.0005,      0.0156,      0.2057,   7825.7598,-420816.9688,   -976.3081,    553.5126,  26085.8652,
       1,     169,     117,       3,       1,       3,       1,     10.0000,      1.4046,     42.6653,    249.6937,     62.8382,      3.4953,      0.0000,     -0.0315,      0.5368,      0.1308,      5.6077,     11.2155,      1.1560,     28.9879,     57.9759,      0.0193,      0.0004,      0.0156,      0.2057,   7825.7598,-419974.2500,   -976.1158,    553.5710,  26085.8652,
       1,     169,     117,       4,       1,       3,       1,     10.0000,      1.4046,     42.6653,    249.6937,     62.8382,      3.4953,      0.0000,     -0.0315,      0.5349,      0.1330,      5.6077,     11.2155,      1.1750,     28.9879,     57.9759,      0.0193,      0.0004,      0.0156,      0.2057,   7825.7598,-419805.2812,   -976.0786,    553.5827,  26085.8652,
       1,     169,     117,       5,       1,       3,       1,     10.0000,      1.4046,     42.6653,    249.6937,     62.8382,      3.4953,      0.0000,     -0.0315,      0.4846,      0.1314,      5.6077,     11.2155,      1.1607,     28.9879,     57.9759,      0.0193,      0.0004,      0.0156,      0.2057,   7825.7598,-419788.5312,   -976.0753,    553.5839,  26085.8652,
       1,     169,     117,       6,       1,       3,       1,     10.0000,      1.4046,     42.6653,    249.6937,     62.8382,      3.4953,      0.0000,     -0.0314,      0.5795,      0.1286,      5.6077,     11.2155,      1.1362,     28.9879,     57.9759,      0.0193,      0.0005,      0.0156,      0.2057,   7825.7598,-419724.9688,   -976.0618,    553.5883,  26085.8652,
       1,     169,     117,       7,       1,       3,       1,     10.0000,      1.4046,     42.6653,    249.6937,     62.8382,      3.4953,      0.0000,     -0.0313,      0.5158,      0.1278,      5.6077,     11.2155,      1.1293,     28.9879,     57.9759,      0.0193,      0.0004,      0.0156,      0.2057,   7825.7598,-419836.7500,   -976.0881,    553.5805,  26085.8652,
       1,     169,     117,       8,       1,       3,       1,     10.0000,      1.4046,     42.6653,    249.6937,     62.8382,      3.4953,      0.0187,     -0.0125,      0.2042,      0.1252,      5.6077,     11.2155,      1.1065,     28.9879,     57.9759,      0.0193,      0.0003,      0.0075,      0.2057,   7825.7598,-419767.6562,   -976.0734,    553.5853,  26085.8652,
       1,     169,     117,       9,       1,       3,       1,     10.0000,      1.4046,     42.6653,    249.6937,     62.8382,      3.4953,      0.1315,      0.0997,      4.5320,      0.1399,      5.6077,     11.2155,      1.2360,     28.9879,     57.9759,      0.0193,      0.0003,      0.1684,      0.2057,   7825.7598,-419376.9375,   -975.9767,    553.6123,  26085.8652,
       1,     169,     117,      10,       1,       3,       1,     10.0000,      1.4046,     42.6653,    249.6937,     62.8382,      3.4953,      0.1660,      0.1327,      7.0791,      0.1837,      5.6077,     11.2155,      1.6236,     28.9879,     57.9759,      0.0193,      0.0004,      0.2178,      0.2057,   7825.7598,-424687.4688,   -977.1453,    553.2448,  26085.8652,
       1,     169,     117,      11,       1,       3,       1,     10.0000,      1.4046,     42.6653,    249.6937,     62.8382,      3.4953,      0.1878,      0.1536,      9.3583,      0.2125,      5.6077,     11.2155,      1.8776,     28.9879,     57.9759,      0.0193,      0.0005,      0.2495,      0.2057,   7825.7598,-428286.7500,   -977.8599,    552.9960,  26085.8633,
       1,     169,     117,      12,       1,       3,       1,     10.0000,      1.4046,     42.6653,    249.6937,     62.8382,      3.4953,      0.1881,      0.1533,     10.4067,      0.2355,      5.6077,     11.2155,      2.0812,     28.9879,     57.9759,      0.0193,      0.0005,      0.2500,      0.2057,   7825.7593,-431409.0000,   -978.4432,    552.7803,  26085.8633,
       1,     169,     117,      13,       1,       3,       1,     10.0000,      1.4046,     42.6653,    249.6937,     62.8382,      3.4953,      0.1845,      0.1495,     11.3227,      0.2430,      5.6077,     11.2155,      2.1473,     28.9879,     57.9759,      0.0193,      0.0006,      0.2446,      0.2057,   7825.7593,-432970.4375,   -978.6475,    552.6724,  26085.8633,
       1,     169,     117,      14,       1,       3,       1,     10.0000,      1.4046,     42.6653,    249.6937,     62.8382,      3.4953,      0.1705,      0.1350,     16.5790,      0.2655,      5.6077,     11.2155,      2.3459,     28.9879,     57.9759,      0.0193,      0.0009,      0.2237,      0.2057,   7825.7593,-434234.8750,   -978.7806,    552.5851,  26085.8613,
       1,     169,     117,      15,       1,       3,       1,     10.0000,      1.4046,     42.6653,    249.6937,     62.8382,      3.4953,      0.1806,      0.1449,     66.4620,      0.2709,      5.6077,     11.2155,      2.3941,     28.9879,     57.9759,      0.0193,      0.0035,      0.2328,      0.2057,   7825.7588,-440834.7188,   -980.2631,    552.1292,  26085.8613,
       1,     169,     117,      16,       1,       3,       1,     10.0000,      1.4046,     42.6653,    249.6937,     62.8382,      3.4953,      0.1786,      0.1426,    102.7160,      0.2838,      5.6077,     11.2155,      2.5078,     28.9879,     57.9759,      0.0193,      0.0056,      0.2259,      0.2057,   7825.7588,-503010.8750,   -994.7889,    547.8383,  26085.8594,
       1,     169,     117,      17,       1,       3,       1,     10.0000,      1.4046,     42.6653,    249.6937,     62.8382,      3.4953,      0.1762,      0.1405,    131.6802,      0.2746,      5.6077,     11.2155,      2.4268,     28.9879,     57.9759,      0.0193,      0.0073,      0.2191,      0.2057,   7825.7583,-553181.5000,  -1006.8435,    544.4192,  26085.8555,
       1,     169,     117,      18,       1,       3,       1,     10.0000,      1.4046,     42.6653,    249.6937,     62.8382,      3.4953,      0.1639,      0.1286,    129.4003,      0.2551,      5.6077,     11.2155,      2.2544,     28.9879,     57.9759,      0.0193,      0.0079,      0.2011,      0.2056,   7825.7568,-593301.8125,  -1016.8991,    541.6996,  26085.8496,
       1,     169,     117,      19,       1,       3,       1,     10.0000,      1.4046,     42.6653,    249.6937,     62.8382,      3.4953,      0.1083,      0.0740,     83.2391,      0.2167,      5.6077,     11.2155,      1.9149,     28.9879,     57.9759,      0.0193,      0.0081,      0.1251,      0.2055,   7825.7554,-593902.2500,  -1017.9200,    541.6656,  26085.8379,
       1,     169,     117,      20,       1,       3,       1,     10.0000,      1.4046,     42.6653,    249.6937,     62.8382,      3.4953,      0.0196,     -0.0142,      3.4567,      0.2011,      5.6077,     11.2155,      1.7768,     28.9879,     57.9759,      0.0193,      0.0079,      0.0053,      0.2055,   7825.7515,-536790.3750,  -1005.3053,    545.5327,  26085.8320,
       1,     169,     117,      21,       1,       3,       1,     10.0000,      1.4046,     42.6653,    249.6937,     62.8382,      3.4953,      0.0000,     -0.0336,     11.3896,      0.1950,      5.6077,     11.2155,      1.7231,     28.9879,     57.9759,      0.0193,      0.0089,      0.0156,      0.2056,   7825.7500,-433291.8438,   -981.3044,    552.6042,  26085.8262,
       1,     169,     117,      22,       1,       3,       1,     10.0000,      1.4046,     42.6653,    249.6937,     62.8382,      3.4953,      0.0000,     -0.0334,     10.0635,      0.1885,      5.6077,     11.2155,      1.6661,     28.9879,     57.9759,      0.0193,      0.0079,      0.0156,      0.2057,   7825.7480,-434406.1562,   -981.5024,    552.5732,  26085.8262,
       1,     169,     117,      23,       1,       3,       1,     10.0000,      1.4046,     42.6653,    249.6937,     62.8382,      3.4953,      0.0000,     -0.0331,      8.4068,      0.1785,      5.6077,     11.2155,      1.5774,     28.9879,     57.9759,      0.0193,      0.0066,      0.0156,      0.2057,   7825.7480,-432806.7812,   -981.0827,    552.6837,  26085.8242,
       1,     169,     117,      24,       1,       3,       1,     10.0000,      1.4046,     42.6653,    249.6937,     62.8382,      3.4953,      0.0000,     -0.0330,      6.3509,      0.1757,      5.6077,     11.2155,      1.5525,     28.9879,     57.9759,      0.0193,      0.0050,      0.0156,      0.2057,   7825.7476,-430624.4062,   -980.5373,    552.8345,  26085.8242,
       1,     169,     118,       1,       1,       3,       1,     10.0000,      1.4046,     42.6656,    249.6996,     62.8397,      3.4953,      0.0000,     -0.0329,      4.4202,      0.1714,      5.6083,     11.2166,      1.5143,     28.9939,     57.9878,      0.0193,      0.0035,      0.0156,      0.2058,   7825.7476,-428054.0938,   -980.2579,    553.0251,  26086.9941,
       1,     169,     118,       2,       1,       3,       1,     10.0000,      1.4046,     42.6656,    249.6996,     62.8397,      3.4953,      0.0000,     -0.0327,      4.1014,      0.1660,      5.6083,     11.2166,      1.4666,     28.9939,     57.9878,      0.0193,      0.0032,      0.0156,      0.2058,   7826.0986,-425298.0000,   -979.2724,    553.2158,  26086.9941,
       1,     169,     118,       3,       1,       3,       1,     10.0000,      1.4046,     42.6656,    249.6996,     62.8397,      3.4953,      0.0000,     -0.0327,      3.3405,      0.1653,      5.6083,     11.2166,      1.4608,     28.9939,     57.9878,      0.0193,      0.0026,      0.0156,      0.2058,   7826.0986,-424669.0312,   -979.1277,    553.2593,  26086.9941,
       1,     169,     118,       4,       1,       3,       1,     10.0000,      1.4046,     42.6656,    249.6996,     62.8397,      3.4953,      0.0000,     -0.0325,      2.4870,      0.1606,      5.6083,     11.2166,      1.4190,     28.9939,     57.9878,      0.0193,      0.0019,      0.0156,      0.2058,   7826.0986,-423675.6875,   -978.8934,    553.3279,  26086.9922,
       1,     169,     118,       5,       1,       3,       1,     10.0000,      1.4046,     42.6656,    249.6996,     62.8397,      3.4953,      0.0000,     -0.0323,      2.0394,      0.1532,      5.6083,     11.2166,      1.3535,     28.9939,     57.9878,      0.0193,      0.0016,      0.0156,      0.2058,   7826.0981,-422537.3438,   -978.6282,    553.4067,  26086.9922,
       1,     169,     118,       6,       1,       3,       1,     10.0000,      1.4046,     42.6656,    249.6996,     62.8397,      3.4953,      0.0000,     -0.0323,      1.5428,      0.1524,      5.6083,     11.2166,      1.3468,     28.9939,     57.9878,      0.0193,      0.0012,      0.0156,      0.2058,   7826.0981,-421887.5000,   -978.4781,    553.4516,  26086.9922,
       1,     169,     118,       7,       1,       3,       1,     10.0000,      1.4046,     42.6656,    249.6996,     62.8397,      3.4953,      0.0000,     -0.0322,      0.9557,      0.1512,      5.6083,     11.2166,      1.3360,     28.9939,     57.9878,      0.0193,      0.0007,      0.0156,      0.2058,   7826.0981,-421218.9062,   -978.3235,    553.4979,  26086.9922,
       1,     169,     118,       8,       1,       3,       1,     10.0000,      1.4046,     42.6656,    249.6996,     62.8397,      3.4953,      0.0156,     -0.0167,      0.0795,      0.1538,      5.6083,     11.2166,      1.3590,     28.9939,     57.9878,      0.0193,      0.0005,      0.0018,      0.2058,   7826.0981,-420436.8750,   -978.1448,    553.5520,  26086.9922,
       1,     169,     118,       9,       1,       3,       1,     10.0000,      1.4046,     42.6656,    249.6996,     62.8397,      3.4953,      0.1165,      0.0835,      6.2554,      0.1734,      5.6083,     11.2166,      1.5325,     28.9939,     57.9878,      0.0193,      0.0005,      0.1462,      0.2058,   7826.0981,-419288.2812,   -977.8691,    553.6315,  26086.9922,
       1,     169,     118,      10,       1,       3,       1,     10.0000,      1.4046,     42.6656,    249.6996,     62.8397,      3.4953,      0.1351,      0.1007,      9.8849,      0.2188,      5.6083,     11.2166,      1.9339,     28.9939,     57.9878,      0.0193,      0.0007,      0.1725,      0.2058,   7826.0981,-426815.0000,   -979.5979,    553.1107,  26086.9922,
       1,     169,     118,      11,       1,       3,       1,     10.0000,      1.4046,     42.6656,    249.6996,     62.8397,      3.4953,      0.1585,      0.1238,     12.9773,      0.2316,      5.6083,     11.2166,      2.0470,     28.9939,     57.9878,      0.0193,      0.0008,      0.2063,      0.2058,   7826.0981,-431940.1562,   -980.7917,    552.7565,  26086.9922,
       1,     169,     118,      12,       1,       3,       1,     10.0000,      1.4046,     42.6656,    249.6996,     62.8397,      3.4953,      0.1853,      0.1497,     15.4889,      0.2663,      5.6083,     11.2166,      2.3528,     28.9939,     57.9878,      0.0193,      0.0008,      0.2456,      0.2058,   7826.0981,-436196.3438,   -981.7928,    552.4626,  26086.9922,
       1,     169,     118,      13,       1,       3,       1,     10.0000,      1.4046,     42.6656,    249.6996,     62.8397,      3.4953,      0.1882,      0.1523,     15.0407,      0.2789,      5.6083,     11.2166,      2.4646,     28.9939,     57.9878,      0.0193,      0.0007,      0.2500,      0.2058,   7826.0981,-439661.2812,   -982.5622,    552.2233,  26086.9902,
       1,     169,     118,      14,       1,       3,       1,     10.0000,      1.4046,     42.6656,    249.6996,     62.8397,      3.4953,      0.1888,      0.1528,     22.9443,      0.2846,      5.6083,     11.2166,      2.5151,     28.9939,     57.9878,      0.0193,      0.0011,      0.2500,      0.2058,   7826.0972,-439403.9375,   -982.4244,    552.2411,  26086.9902,
       1,     169,     118,      15,       1,       3,       1,     10.0000,      1.4046,     42.6656,    249.6996,     62.8397,      3.4953,      0.1916,      0.1557,     75.5907,      0.2800,      5.6083,     11.2166,      2.4742,     28.9939,     57.9878,      0.0193,      0.0037,      0.2481,      0.2058,   7826.0972,-449142.6250,   -984.6792,    551.5689,  26086.9883,
       1,     169,     118,      16,       1,       3,       1,     10.0000,      1.4046,     42.6656,    249.6996,     62.8397,      3.4953,      0.1914,      0.1559,    117.9080,      0.2647,      5.6083,     11.2166,      2.3391,     28.9939,     57.9878,      0.0193,      0.0059,      0.2429,      0.2057,   7826.0967,-515000.5938,  -1000.3975,    547.0287,  26086.9863,
       1,     169,     118,      17,       1,       3,       1,     10.0000,      1.4046,     42.6656,    249.6996,     62.8397,      3.4953,      0.1848,      0.1494,    145.8607,      0.2581,      5.6083,     11.2166,      2.2809,     28.9939,     57.9878,      0.0193,      0.0077,      0.2300,      0.2057,   7826.0962,-572988.3750,  -1014.6592,    543.0822,  26086.9844,
       1,     169,     118,      18,       1,       3,       1,     10.0000,      1.4046,     42.6656,    249.6996,     62.8397,      3.4953,      0.1698,      0.1348,    139.6000,      0.2437,      5.6083,     11.2166,      2.1536,     28.9939,     57.9878,      0.0193,      0.0082,      0.2086,      0.2056,   7826.0957,-612538.1250,  -1024.9001,    540.4115,  26086.9746,
       1,     169,     118,      19,       1,       3,       1,     10.0000,      1.4046,     42.6656,    249.6996,     62.8397,      3.4953,      0.1335,      0.0988,    104.7191,      0.2285,      5.6083,     11.2166,      2.0191,     28.9939,     57.9878,      0.0193,      0.0080,      0.1593,      0.2055,   7826.0928,-608156.1250,  -1024.8644,    540.7141,  26086.9648,
       1,     169,     118,      20,       1,       3,       1,     10.0000,      1.4046,     42.6656,    249.6996,     62.8397,      3.4953,      0.0274,     -0.0067,      9.8066,      0.2102,      5.6083,     11.2166,      1.8574,     28.9939,     57.9878,      0.0193,      0.0076,      0.0157,      0.2055,   7826.0898,-564581.6250,  -1015.3831,    543.6594,  26086.9551,
       1,     169,     118,      21,       1,       3,       1,     10.0000,      1.4046,     42.6656,    249.6996,     62.8397,      3.4953,      0.0000,     -0.0335,      8.3903,      0.1916,      5.6083,     11.2166,      1.6927,     28.9939,     57.9878,      0.0193,      0.0066,      0.0156,      0.2056,   7826.0869,-443458.5312,   -986.8887,    551.8986,  26086.9492,
       1,     169,     118,      22,       1,       3,       1,     10.0000,      1.4046,     42.6656,    249.6996,     62.8397,      3.4953,      0.0000,     -0.0334,      8.2525,      0.1876,      5.6083,     11.2166,      1.6579,     28.9939,     57.9878,      0.0193,      0.0065,      0.0156,      0.2057,   7826.0850,-431596.4375,   -984.0813,    552.7797,  26086.9473,
       1,     169,     118,      23,       1,       3,       1,     10.0000,      1.4046,     42.6656,    249.6996,     62.8397,      3.4953,      0.0000,     -0.0334,      8.3442,      0.1863,      5.6083,     11.2166,      1.6464,     28.9939,     57.9878,      0.0193,      0.0065,      0.0156,      0.2058,   7826.0845,-430338.5625,   -983.7716,    552.8672,  26086.9453,
       1,     169,     118,      24,       1,       3,       1,     10.0000,      1.4046,     42.6656,    249.6996,     62.8397,      3.4953,      0.0000,     -0.0333,      7.2040,      0.1841,      5.6083,     11.2166,      1.6269,     28.9939,     57.9878,      0.0193,      0.0056,      0.0156,      0.2058,   7826.0840,-430344.0938,   -983.7627,    552.8669,  26086.9453,
       1,     169,     119,       1,       1,       3,       1,     10.0000,      1.4046,     42.6660,    249.7055,     62.8412,      3.4953,      0.0000,     -0.0333,      5.5933,      0.1841,      5.6082,     11.2164,      1.6269,     28.9997,     57.9995,      0.0193,      0.0044,      0.0156,      0.2058,   7826.0840,-429090.9688,   -983.8040,    552.9665,  26088.1133,
       1,     169,     119,       2,       1,       3,       1,     10.0000,      1.4046,     42.6660,    249.7055,     62.8412,      3.4953,      0.0000,     -0.0333,      3.7129,      0.1828,      5.6082,     11.2164,      1.6156,     28.9997,     57.9995,      0.0193,      0.0029,      0.0156,      0.2058,   7826.4341,-426843.0938,   -982.9285,    553.1219,  26088.1133,
       1,     169,     119,       3,       1,       3,       1,     10.0000,      1.4046,     42.6660,    249.7055,     62.8412,      3.4953,      0.0000,     -0.0333,      3.0730,      0.1850,      5.6082,     11.2164,      1.6350,     28.9997,     57.9995,      0.0193,      0.0024,      0.0156,      0.2058,   7826.4341,-424329.5938,   -982.3309,    553.2957,  26088.1133,
       1,     169,     119,       4,       1,       3,       1,     10.0000,      1.4046,     42.6660,    249.7055,     62.8412,      3.4953,      0.0000,     -0.0333,      2.8171,      0.1845,      5.6082,     11.2164,      1.6301,     28.9997,     57.9995,      0.0193,      0.0022,      0.0156,      0.2058,   7826.4341,-423325.0000,   -982.0916,    553.3652,  26088.1133,
       1,     169,     119,       5,       1,       3,       1,     10.0000,      1.4046,     42.6660,    249.7055,     62.8412,      3.4953,      0.0000,     -0.0333,      2.6115,      0.1828,      5.6082,     11.2164,      1.6156,     28.9997,     57.9995,      0.0193,      0.0020,      0.0156,      0.2058,   7826.4341,-422923.3750,   -981.9951,    553.3931,  26088.1133,
       1,     169,     119,       6,       1,       3,       1,     10.0000,      1.4046,     42.6660,    249.7055,     62.8412,      3.4953,      0.0000,     -0.0332,      2.5669,      0.1810,      5.6082,     11.2164,      1.5996,     28.9997,     57.9995,      0.0193,      0.0020,      0.0156,      0.2058,   7826.4341,-422635.0938,   -981.9268,    553.4130,  26088.1133,
       1,     169,     119,       7,       1,       3,       1,     10.0000,      1.4046,     42.6660,    249.7055,     62.8412,      3.4953,      0.0000,     -0.0330,      2.3009,      0.1750,      5.6082,     11.2164,      1.5464,     28.9997,     57.9995,      0.0193,      0.0018,      0.0156,      0.2058,   7826.4341,-422555.5625,   -981.9075,    553.4185,  26088.1133,
       1,     169,     119,       8,       1,       3,       1,     10.0000,      1.4046,     42.6660,    249.7055,     62.8412,      3.4953,      0.0184,     -0.0146,      0.6512,      0.1729,      5.6082,     11.2164,      1.5280,     28.9997,     57.9995,      0.0193,      0.0016,      0.0049,      0.2058,   7826.4341,-422220.3750,   -981.8278,    553.4416,  26088.1133,
       1,     169,     119,       9,       1,       3,       1,     10.0000,      1.4046,     42.6660,    249.7055,     62.8412,      3.4953,      0.1034,      0.0702,     19.2431,      0.1794,      5.6082,     11.2164,      1.5854,     28.9997,     57.9995,      0.0193,      0.0019,      0.1257,      0.2058,   7826.4341,-420155.2500,   -981.3265,    553.5845,  26088.1133,
       1,     169,     119,      10,       1,       3,       1,     10.0000,      1.4046,     42.6660,    249.7055,     62.8412,      3.4953,      0.1410,      0.1075,     28.7262,      0.1916,      5.6082,     11.2164,      1.6928,     28.9997,     57.9995,      0.0193,      0.0020,      0.1791,      0.2058,   7826.4341,-442929.9688,   -986.8274,    552.0086,  26088.1133,
       1,     169,     119,      11,       1,       3,       1,     10.0000,      1.4046,     42.6660,    249.7055,     62.8412,      3.4953,      0.1641,      0.1305,     34.6958,      0.1958,      5.6082,     11.2164,      1.7301,     28.9997,     57.9995,      0.0193,      0.0020,      0.2120,      0.2058,   7826.4341,-456591.3750,   -990.2303,    551.0681,  26088.1113,
       1,     169,     119,      12,       1,       3,       1,     10.0000,      1.4046,     42.6660,    249.7055,     62.8412,      3.4953,      0.1905,      0.1561,     39.2778,      0.2197,      5.6082,     11.2164,      1.9415,     28.9997,     57.9995,      0.0193,      0.0019,      0.2500,      0.2058,   7826.4336,-465129.5625,   -992.4608,    550.4808,  26088.1074,
       1,     169,     119,      13,       1,       3,       1,     10.0000,      1.4046,     42.6660,    249.7055,     62.8412,      3.4953,      0.1769,      0.1418,     37.1741,      0.2478,      5.6082,     11.2164,      2.1896,     28.9997,     57.9995,      0.0193,      0.0020,      0.2306,      0.2058,   7826.4326,-471517.6250,   -994.1695,    550.0416,  26088.1055,
       1,     169,     119,      14,       1,       3,       1,     10.0000,      1.4046,     42.6660,    249.7055,     62.8412,      3.4953,      0.1910,      0.1558,     48.4557,      0.2512,      5.6082,     11.2164,      2.2197,     28.9997,     57.9995,      0.0193,      0.0024,      0.2500,      0.2057,   7826.4321,-469463.4375,   -993.9013,    550.1830,  26088.1016,
       1,     169,     119,      15,       1,       3,       1,     10.0000,      1.4046,     42.6660,    249.7055,     62.8412,      3.4953,      0.1744,      0.1392,     54.0442,      0.2490,      5.6082,     11.2164,      2.2003,     28.9997,     57.9995,      0.0193,      0.0029,      0.2250,      0.2058,   7826.4307,-483225.6250,   -997.4323,    549.2365,  26088.0996,
       1,     169,     119,      16,       1,       3,       1,     10.0000,      1.4046,     42.6660,    249.7055,     62.8412,      3.4953,      0.1767,      0.1415,     71.3745,      0.2500,      5.6082,     11.2164,      2.2089,     28.9997,     57.9995,      0.0193,      0.0038,      0.2264,      0.2057,   7826.4302,-491305.6250,   -999.6964,    548.6826,  26088.0957,
       1,     169,     119,      17,       1,       3,       1,     10.0000,      1.4046,     42.6660,    249.7055,     62.8412,      3.4953,      0.1106,      0.0764,     52.2315,      0.2142,      5.6082,     11.2164,      1.8925,     28.9997,     57.9995,      0.0193,      0.0048,      0.1320,      0.2057,   7826.4292,-513410.3750,  -1005.4250,    547.1669,  26088.0918,
       1,     169,     119,      18,       1,       3,       1,     10.0000,      1.4046,     42.6660,    249.7055,     62.8412,      3.4953,      0.1443,      0.1113,     76.1722,      0.1733,      5.6082,     11.2164,      1.5310,     28.9997,     57.9995,      0.0193,      0.0052,      0.1785,      0.2057,   7826.4277,-491633.0000,  -1000.6108,    548.6584,  26088.0859,
       1,     169,     119,      19,       1,       3,       1,     10.0000,      1.4046,     42.6660,    249.7055,     62.8412,      3.4953,      0.0854,      0.0523,     46.0810,      0.1778,      5.6082,     11.2164,      1.5712,     28.9997,     57.9995,      0.0193,      0.0058,      0.0966,      0.2057,   7826.4263,-519370.6250,  -1007.7515,    546.7582,  26088.0840,
       1,     169,     119,      20,       1,       3,       1,     10.0000,      1.4046,     42.6660,    249.7055,     62.8412,      3.4953,      0.0094,     -0.0240,      8.0195,      0.1845,      5.6082,     11.2164,      1.6301,     28.9997,     57.9995,      0.0193,      0.0063,      0.0156,      0.2057,   7826.4253,-484536.0312,   -999.7585,    549.1422,  26088.0762,
       1,     169,     119,      21,       1,       3,       1,     10.0000,      1.4046,     42.6660,    249.7055,     62.8412,      3.4953,      0.0000,     -0.0334,      7.4807,      0.1872,      5.6082,     11.2164,      1.6546,     28.9997,     57.9995,      0.0193,      0.0059,      0.0156,      0.2057,   7826.4233,-434554.8125,   -987.8313,    552.5782,  26088.0742,
       1,     169,     119,      22,       1,       3,       1,     10.0000,      1.4046,     42.6660,    249.7055,     62.8412,      3.4953,      0.0000,     -0.0333,      5.5193,      0.1834,      5.6082,     11.2164,      1.6205,     28.9997,     57.9995,      0.0193,      0.0043,      0.0156,      0.2058,   7826.4224,-429657.2812,   -986.6661,    552.9273,  26088.0723,
       1,     169,     119,      23,       1,       3,       1,     10.0000,      1.4046,     42.6660,    249.7055,     62.8412,      3.4953,      0.0000,     -0.0333,      3.5403,      0.1834,      5.6082,     11.2164,      1.6205,     28.9997,     57.9995,      0.0193,      0.0028,      0.0156,      0.2058,   7826.4219,-426804.7812,   -985.9880,    553.1246,  26088.0723,
       1,     169,     119,      24,       1,       3,       1,     10.0000,      1.4046,     42.6660,    249.7055,     62.8412,      3.4953,      0.0000,     -0.0333,      3.2046,      0.1821,      5.6082,     11.2164,      1.6092,     28.9997,     57.9995,      0.0193,      0.0025,      0.0156,      0.2058,   7826.4219,-424118.0312,   -985.3480,    553.3104,  26088.0703,
       1,     169,     120,       1,       1,       3,       1,     10.0000,      1.4046,     42.6663,    249.7114,     62.8427,      3.4953,      0.0000,     -0.0332,      2.5484,      0.1816,      5.6084,     11.2169,      1.6045,     29.0008,     58.0016,      0.0193,      0.0020,      0.0156,      0.2058,   7826.4214,-423630.1875,   -985.5883,    553.3571,  26089.2441,
       1,     169,     120,       2,       1,       3,       1,     10.0000,      1.4046,     42.6663,    249.7114,     62.8427,      3.4953,      0.0000,     -0.0332,      2.6265,      0.1792,      5.6084,     11.2169,      1.5838,     29.0008,     58.0016,      0.0193,      0.0021,      0.0156,      0.2058,   7826.7734,-422625.2812,   -985.0059,    553.4267,  26089.2441,
       1,     169,     120,       3,       1,       3,       1,     10.0000,      1.4046,     42.6663,    249.7114,     62.8427,      3.4953,      0.0000,     -0.0331,      2.2643,      0.1771,      5.6084,     11.2169,      1.5650,     29.0008,     58.0016,      0.0193,      0.0018,      0.0156,      0.2058,   7826.7734,-422635.6875,   -985.0120,    553.4259,  26089.2441,
       1,     169,     120,       4,       1,       3,       1,     10.0000,      1.4046,     42.6663,    249.7114,     62.8427,      3.4953,      0.0000,     -0.0331,      2.1969,      0.1775,      5.6084,     11.2169,      1.5682,     29.0008,     58.0016,      0.0193,      0.0017,      0.0156,      0.2058,   7826.7734,-422189.7188,   -984.9087,    553.4568,  26089.2441,
       1,     169,     120,       5,       1,       3,       1,     10.0000,      1.4046,     42.6663,    249.7114,     62.8427,      3.4953,      0.0000,     -0.0330,      2.1419,      0.1745,      5.6084,     11.2169,      1.5418,     29.0008,     58.0016,      0.0193,      0.0017,      0.0156,      0.2058,   7826.7734,-422068.3125,   -984.8829,    553.4652,  26089.2422,
       1,     169,     120,       6,       1,       3,       1,     10.0000,      1.4046,     42.6663,    249.7114,     62.8427,      3.4953,      0.0000,     -0.0329,      1.7748,      0.1702,      5.6084,     11.2169,      1.5038,     29.0008,     58.0016,      0.0193,      0.0014,      0.0156,      0.2058,   7826.7729,-421990.1875,   -984.8683,    553.4706,  26089.2422,
       1,     169,     120,       7,       1,       3,       1,     10.0000,      1.4046,     42.6663,    249.7114,     62.8427,      3.4953,      0.0000,     -0.0329,      1.6176,      0.1707,      5.6084,     11.2169,      1.5083,     29.0008,     58.0016,      0.0193,      0.0013,      0.0156,      0.2058,   7826.7729,-421530.4688,   -984.7614,    553.5024,  26089.2422,
       1,     169,     120,       8,       1,       3,       1,     10.0000,      1.4046,     42.6663,    249.7114,     62.8427,      3.4953,      0.0186,     -0.0141,      0.5829,      0.1655,      5.6084,     11.2169,      1.4623,     29.0008,     58.0016,      0.0193,      0.0013,      0.0056,      0.2058,   7826.7729,-421297.0938,   -984.7084,    553.5186,  26089.2422,
       1,     169,     120,       9,       1,       3,       1,     10.0000,      1.4046,     42.6663,    249.7114,     62.8427,      3.4953,      0.1250,      0.0917,     16.5111,      0.1823,      5.6084,     11.2169,      1.6109,     29.0008,     58.0016,      0.0193,      0.0013,      0.1572,      0.2058,   7826.7729,-420000.0000,   -984.3912,    553.6083,  26089.2422,
       1,     169,     120,      10,       1,       3,       1,     10.0000,      1.4046,     42.6663,    249.7114,     62.8427,      3.4953,      0.1340,      0.0998,     18.1549,      0.2140,      5.6084,     11.2169,      1.8907,     29.0008,     58.0016,      0.0193,      0.0013,      0.1700,      0.2058,   7826.7729,-439549.8750,   -989.1688,    552.2554,  26089.2422,
       1,     169,     120,      11,       1,       3,       1,     10.0000,      1.4046,     42.6663,    249.7114,     62.8427,      3.4953,      0.1590,      0.1244,     20.8045,      0.2294,      5.6084,     11.2169,      2.0271,     29.0008,     58.0016,      0.0193,      0.0012,      0.2062,      0.2058,   7826.7729,-443253.2812,   -990.1563,    552.0014,  26089.2402,
       1,     169,     120,      12,       1,       3,       1,     10.0000,      1.4046,     42.6663,    249.7114,     62.8427,      3.4953,      0.1712,      0.1360,     30.4439,      0.2485,      5.6084,     11.2169,      2.1961,     29.0008,     58.0016,      0.0193,      0.0017,      0.2230,      0.2058,   7826.7725,-446839.0938,   -991.1222,    551.7541,  26089.2402,
       1,     169,     120,      13,       1,       3,       1,     10.0000,      1.4046,     42.6663,    249.7114,     62.8427,      3.4953,      0.1895,      0.1555,     25.2566,      0.2059,      5.6084,     11.2169,      1.8195,     29.0008,     58.0016,      0.0193,      0.0012,      0.2500,      0.2058,   7826.7725,-459047.7500,   -994.2065,    550.9121,  26089.2383,
       1,     169,     120,      14,       1,       3,       1,     10.0000,      1.4046,     42.6663,    249.7114,     62.8427,      3.4953,      0.1511,      0.1189,     27.0137,      0.1506,      5.6084,     11.2169,      1.3307,     29.0008,     58.0016,      0.0193,      0.0017,      0.1939,      0.2058,   7826.7720,-453684.3438,   -924.2599,    551.2821,  26089.6504,
       1,     169,     120,      15,       1,       3,       1,     10.0000,      1.4046,     42.6663,    249.7114,     62.8427,      3.4953,      0.0788,      0.0470,     21.3011,      0.1402,      5.6084,     11.2169,      1.2386,     29.0008,     58.0016,      0.0193,      0.0029,      0.0908,      0.2058,   7826.8955,-455348.5312,   -923.9102,    551.1676,  26089.6543,
       1,     169,     120,      16,       1,       3,       1,     10.0000,      1.4046,     42.6663,    249.7114,     62.8427,      3.4953,      0.0586,      0.0270,     19.8792,      0.1364,      5.6084,     11.2169,      1.2052,     29.0008,     58.0016,      0.0193,      0.0039,      0.0621,      0.2058,   7826.8965,-448434.7812,   -917.5829,    551.6439,  26089.6523,
       1,     169,     120,      17,       1,       3,       1,     10.0000,      1.4046,     42.6663,    249.7114,     62.8427,      3.4953,      0.0834,      0.0513,     40.5195,      0.1467,      5.6084,     11.2169,      1.2962,     29.0008,     58.0016,      0.0193,      0.0052,      0.0950,      0.2058,   7826.8960,-446090.5938,   -917.1425,    551.8057,  26089.6523,
       1,     169,     120,      18,       1,       3,       1,     10.0000,      1.4046,     42.6663,    249.7114,     62.8427,      3.4953,      0.0868,      0.0544,     29.2414,      0.1554,      5.6084,     11.2169,      1.3728,     29.0008,     58.0016,      0.0193,      0.0035,      0.1010,      0.2058,   7826.8960,-471377.0000,   -922.8383,    550.0616,  26089.6504,
       1,     169,     120,      19,       1,       3,       1,     10.0000,      1.4046,     42.6663,    249.7114,     62.8427,      3.4953,      0.0505,      0.0181,      2.5444,      0.1566,      5.6084,     11.2169,      1.3839,     29.0008,     58.0016,      0.0193,      0.0006,      0.0517,      0.2058,   7826.8955,-459609.4375,   -921.5742,    550.8735,  26089.6523,
       1,     169,     120,      20,       1,       3,       1,     10.0000,      1.4046,     42.6663,    249.7114,     62.8427,      3.4953,      0.0095,     -0.0227,      0.6458,      0.1500,      5.6084,     11.2169,      1.3253,     29.0008,     58.0016,      0.0193,      0.0005,      0.0156,      0.2058,   7826.8960,-425633.1875,   -915.6959,    553.2137,  26089.6504,
       1,     169,     120,      21,       1,       3,       1,     10.0000,      1.4046,     42.6663,    249.7114,     62.8427,      3.4953,      0.0000,     -0.0318,      0.5000,      0.1409,      5.6084,     11.2169,      1.2449,     29.0008,     58.0016,      0.0193,      0.0004,      0.0156,      0.2058,   7826.8955,-420406.2188,   -914.8144,    553.5801,  26089.6504,
       1,     169,     120,      22,       1,       3,       1,     10.0000,      1.4046,     42.6663,    249.7114,     62.8427,      3.4953,      0.0000,     -0.0317,      0.5466,      0.1375,      5.6084,     11.2169,      1.2150,     29.0008,     58.0016,      0.0193,      0.0004,      0.0156,      0.2058,   7826.8955,-419774.1250,   -914.7145,    553.6240,  26089.6523,
       1,     169,     120,      23,       1,       3,       1,     10.0000,      1.4046,     42.6663,    249.7114,     62.8427,      3.4953,      0.0000,     -0.0319,      0.8364,      0.1430,      5.6084,     11.2169,      1.2639,     29.0008,     58.0016,      0.0193,      0.0007,      0.0156,      0.2058,   7826.8960,-419777.3438,   -914.7300,    553.6238,  26089.6523,
       1,     169,     120,      24,       1,       3,       1,     10.0000,      1.4046,     42.6663,    249.7114,     62.8427,      3.4953,      0.0000,     -0.0319,      1.0150,      0.1416,      5.6084,     11.2169,      1.2512,     29.0008,     58.0016,      0.0193,      0.0008,      0.0156,      0.2058,   7826.8960,-420135.2500,   -914.8397,    553.5989,  26089.6523,
       1,     169,     121,       1,       1,       3,       1,     10.0000,      1.4047,     42.6666,    249.7173,     62.8442,      3.4953,      0.0000,     -0.0318,      0.8569,      0.1409,      5.6095,     11.2190,      1.2449,     28.9932,     57.9864,      0.0193,      0.0007,      0.0156,      0.2058,   7826.8960,-420542.0312,   -915.2330,    553.5840,  26090.8223,
       1,     169,     121,       2,       1,       3,       1,     10.0000,      1.4047,     42.6666,    249.7173,     62.8442,      3.4953,      0.0000,     -0.0316,      0.5179,      0.1352,      5.6095,     11.2190,      1.1943,     28.9932,     57.9864,      0.0193,      0.0004,      0.0156,      0.2058,   7827.2471,-420228.7500,   -914.9503,    553.6058,  26090.8223,
       1,     169,     121,       3,       1,       3,       1,     10.0000,      1.4047,     42.6666,    249.7173,     62.8442,      3.4953,      0.0000,     -0.0317,      0.5497,      0.1383,      5.6095,     11.2190,      1.2225,     28.9932,     57.9864,      0.0193,      0.0004,      0.0156,      0.2058,   7827.2471,-419783.4062,   -914.8910,    553.6365,  26090.8203,
       1,     169,     121,       4,       1,       3,       1,     10.0000,      1.4047,     42.6666,    249.7173,     62.8442,      3.4953,      0.0000,     -0.0318,      0.5013,      0.1390,      5.6095,     11.2190,      1.2287,     28.9932,     57.9864,      0.0193,      0.0004,      0.0156,      0.2058,   7827.2466,-419785.1562,   -914.9180,    553.6365,  26090.8242,
       1,     169,     121,       5,       1,       3,       1,     10.0000,      1.4047,     42.6666,    249.7173,     62.8442,      3.4953,      0.0000,     -0.0317,      0.4400,      0.1382,      5.6095,     11.2190,      1.2212,     28.9932,     57.9864,      0.0193,      0.0003,      0.0156,      0.2058,   7827.2476,-419724.9375,   -914.9278,    553.6407,  26090.8223,
       1,     169,     121,       6,       1,       3,       1,     10.0000,      1.4047,     42.6666,    249.7173,     62.8442,      3.4953,      0.0000,     -0.0316,      0.3788,      0.1347,      5.6095,     11.2190,      1.1907,     28.9932,     57.9864,      0.0193,      0.0003,      0.0156,      0.2058,   7827.2471,-419644.1875,   -914.9286,    553.6462,  26090.8223,
       1,     169,     121,       7,       1,       3,       1,     10.0000,      1.4047,     42.6666,    249.7173,     62.8442,      3.4953,      0.0000,     -0.0315,      0.3443,      0.1323,      5.6095,     11.2190,      1.1691,     28.9932,     57.9864,      0.0193,      0.0003,      0.0156,      0.2058,   7827.2471,-419562.0000,   -914.9219,    553.6519,  26090.8242,
       1,     169,     121,       8,       1,       3,       1,     10.0000,      1.4047,     42.6666,    249.7173,     62.8442,      3.4953,      0.0115,     -0.0200,      0.3142,      0.1312,      5.6095,     11.2190,      1.1597,     28.9932,     57.9864,      0.0193,      0.0002,      0.0156,      0.2058,   7827.2476,-419512.1250,   -914.9169,    553.6553,  26090.8223,
       1,     169,     121,       9,       1,       3,       1,     10.0000,      1.4047,     42.6666,    249.7173,     62.8442,      3.4953,      0.0938,      0.0621,      2.4311,      0.1374,      5.6095,     11.2190,      1.2138,     28.9932,     57.9864,      0.0193,      0.0003,      0.1146,      0.2058,   7827.2471,-419470.8750,   -914.9361,    553.6582,  26090.8223,
       1,     169,     121,      10,       1,       3,       1,     10.0000,      1.4047,     42.6666,    249.7173,     62.8442,      3.4953,      0.1406,      0.1085,      4.2236,      0.1489,      5.6095,     11.2190,      1.3160,     28.9932,     57.9864,      0.0193,      0.0003,      0.1815,      0.2058,   7827.2471,-422080.0000,   -915.6227,    553.4777,  26090.8223,
       1,     169,     121,      11,       1,       3,       1,     10.0000,      1.4047,     42.6666,    249.7173,     62.8442,      3.4953,      0.1299,      0.0966,      4.8568,      0.1821,      5.6095,     11.2190,      1.6093,     28.9932,     57.9864,      0.0193,      0.0004,      0.1657,      0.2058,   7827.2471,-424515.2500,   -916.4622,    553.3092,  26090.8223,
       1,     169,     121,      12,       1,       3,       1,     10.0000,      1.4047,     42.6666,    249.7173,     62.8442,      3.4953,      0.1697,      0.1356,      7.7528,      0.2110,      5.6095,     11.2190,      1.8649,     28.9932,     57.9864,      0.0193,      0.0004,      0.2233,      0.2058,   7827.2471,-425504.7500,   -917.0417,    553.2408,  26090.8203,
       1,     169,     121,      13,       1,       3,       1,     10.0000,      1.4047,     42.6666,    249.7173,     62.8442,      3.4953,      0.1630,      0.1284,      8.1325,      0.2287,      5.6095,     11.2190,      2.0212,     28.9932,     57.9864,      0.0193,      0.0005,      0.2135,      0.2058,   7827.2466,-429163.9688,   -914.5729,    552.9877,  26090.8223,
       1,     169,     121,      14,       1,       3,       1,     10.0000,      1.4047,     42.6666,    249.7173,     62.8442,      3.4953,      0.1805,      0.1452,     10.2192,      0.2529,      5.6095,     11.2190,      2.2350,     28.9932,     57.9864,      0.0193,      0.0005,      0.2389,      0.2058,   7827.2471,-429944.9062,   -916.1110,    552.9338,  26090.8223,
       1,     169,     121,      15,       1,       3,       1,     10.0000,      1.4047,     42.6666,    249.7173,     62.8442,      3.4953,      0.0545,      0.0198,      2.9083,      0.2287,      5.6095,     11.2190,      2.0212,     28.9932,     57.9864,      0.0193,      0.0006,      0.0554,      0.2058,   7827.2471,-432587.2188,   -918.2835,    552.7512,  26090.8223,
       1,     169,     121,      16,       1,       3,       1,     10.0000,      1.4047,     42.6666,    249.7173,     62.8442,      3.4953,      0.0172,     -0.0165,      0.4756,      0.1975,      5.6095,     11.2190,      1.7456,     28.9932,     57.9864,      0.0193,      0.0025,      0.0023,      0.2058,   7827.2471,-423788.2188,   -916.8527,    553.3591,  26090.8203,
       1,     169,     121,      17,       1,       3,       1,     10.0000,      1.4047,     42.6666,    249.7173,     62.8442,      3.4953,      0.0129,     -0.0203,      4.6472,      0.1818,      5.6095,     11.2190,      1.6061,     28.9932,     57.9864,      0.0193,      0.0036,      0.0156,      0.2058,   7827.2466,-420035.9688,   -916.4662,    553.6191,  26090.8203,
       1,     169,     121,      18,       1,       3,       1,     10.0000,      1.4047,     42.6666,    249.7173,     62.8442,      3.4953,      0.0157,     -0.0173,      0.3813,      0.1750,      5.6095,     11.2190,      1.5465,     28.9932,     57.9864,      0.0193,      0.0047,      0.0010,      0.2058,   7827.2466,-424863.5938,   -917.7897,    553.2850,  26090.8223,
       1,     169,     121,      19,       1,       3,       1,     10.0000,      1.4047,     42.6666,    249.7173,     62.8442,      3.4953,      0.0154,     -0.0177,      0.2116,      0.1775,      5.6095,     11.2190,      1.5682,     28.9932,     57.9864,      0.0193,      0.0057,      0.0005,      0.2058,   7827.2471,-420010.6250,   -917.4741,    553.6208,  26090.8242,
       1,     169,     121,      20,       1,       3,       1,     10.0000,      1.4047,     42.6666,    249.7173,     62.8442,      3.4953,      0.0045,     -0.0281,      6.9685,      0.1625,      5.6095,     11.2190,      1.4362,     28.9932,     57.9864,      0.0193,      0.0055,      0.0156,      0.2058,   7827.2476,-419386.7500,   -917.9004,    553.6641,  26090.8242,
       1,     169,     121,      21,       1,       3,       1,     10.0000,      1.4047,     42.6666,    249.7173,     62.8442,      3.4953,      0.0000,     -0.0323,      4.7295,      0.1547,      5.6095,     11.2190,      1.3673,     28.9932,     57.9864,      0.0193,      0.0037,      0.0156,      0.2058,   7827.2476,-427672.3750,   -919.6778,    553.0906,  26090.8223,
       1,     169,     121,      22,       1,       3,       1,     10.0000,      1.4047,     42.6666,    249.7173,     62.8442,      3.4953,      0.0000,     -0.0320,      2.5406,      0.1465,      5.6095,     11.2190,      1.2950,     28.9932,     57.9864,      0.0193,      0.0020,      0.0156,      0.2058,   7827.2471,-425617.5312,   -919.4675,    553.2329,  26090.8223,
       1,     169,     121,      23,       1,       3,       1,     10.0000,      1.4047,     42.6666,    249.7173,     62.8442,      3.4953,      0.0000,     -0.0319,      2.6935,      0.1432,      5.6095,     11.2190,      1.2652,     28.9932,     57.9864,      0.0193,      0.0021,      0.0156,      0.2058,   7827.2471,-422740.1250,   -919.0668,    553.4319,  26090.8223,
       1,     169,     121,      24,       1,       3,       1,     10.0000,      1.4047,     42.6666,    249.7173,     62.8442,      3.4953,      0.0000,     -0.0318,      2.7181,      0.1410,      5.6095,     11.2190,      1.2462,     28.9932,     57.9864,      0.0193,      0.0021,      0.0156,      0.2058,   7827.2471,-422683.1875,   -919.1680,    553.4359,  26090.8223,
       1,     169,     122,       1,       1,       3,       1,     10.0000,      1.4047,     42.6670,    249.7232,     62.8457,      3.4953,      0.0000,     -0.0320,      1.5887,      0.1458,      5.6100,     11.2200,      1.2885,     28.9781,     57.9562,      0.0193,      0.0012,      0.0156,      0.2059,   7827.2471,-422864.2812,   -919.5966,    553.4365,  26091.9941,
       1,     169,     122,       2,       1,       3,       1,     10.0000,      1.4047,     42.6670,    249.7232,     62.8457,      3.4953,      0.0000,     -0.0320,      0.9365,      0.1443,      5.6100,     11.2200,      1.2755,     28.9781,     57.9562,      0.0193,      0.0007,      0.0156,      0.2059,   7827.5986,-421332.9062,   -919.1431,    553.5425,  26091.9941,
       1,     169,     122,       3,       1,       3,       1,     10.0000,      1.4047,     42.6670,    249.7232,     62.8457,      3.4953,      0.0000,     -0.0319,      1.0748,      0.1435,      5.6100,     11.2200,      1.2678,     28.9781,     57.9562,      0.0193,      0.0008,      0.0156,      0.2059,   7827.5986,-420397.2188,   -919.0178,    553.6072,  26091.9941,
       1,     169,     122,       4,       1,       3,       1,     10.0000,      1.4047,     42.6670,    249.7232,     62.8457,      3.4953,      0.0000,     -0.0319,      0.9767,      0.1426,      5.6100,     11.2200,      1.2602,     28.9781,     57.9562,      0.0193,      0.0008,      0.0156,      0.2059,   7827.5986,-420488.0000,   -919.0926,    553.6010,  26091.9941,
       1,     169,     122,       5,       1,       3,       1,     10.0000,      1.4047,     42.6670,    249.7232,     62.8457,      3.4953,      0.0000,     -0.0319,      0.8387,      0.1419,      5.6100,     11.2200,      1.2538,     28.9781,     57.9562,      0.0193,      0.0007,      0.0156,      0.2059,   7827.5986,-420374.5938,   -919.1129,    553.6088,  26091.9941,
       1,     169,     122,       6,       1,       3,       1,     10.0000,      1.4047,     42.6670,    249.7232,     62.8457,      3.4953,      0.0000,     -0.0318,      0.6466,      0.1403,      5.6100,     11.2200,      1.2399,     28.9781,     57.9562,      0.0193,      0.0005,      0.0156,      0.2059,   7827.5986,-420194.6875,   -919.1035,    553.6212,  26091.9941,
       1,     169,     122,       7,       1,       3,       1,     10.0000,      1.4047,     42.6670,    249.7232,     62.8457,      3.4953,      0.0000,     -0.0318,      0.4793,      0.1393,      5.6100,     11.2200,      1.2312,     28.9781,     57.9562,      0.0193,      0.0004,      0.0156,      0.2059,   7827.5986,-419942.3750,   -919.0768,    553.6387,  26091.9941,
       1,     169,     122,       8,       1,       3,       1,     10.0000,      1.4047,     42.6670,    249.7232,     62.8457,      3.4953,      0.0097,     -0.0222,      0.4886,      0.1413,      5.6100,     11.2200,      1.2488,     28.9781,     57.9562,      0.0193,      0.0004,      0.0156,      0.2059,   7827.5986,-419714.3438,   -919.0460,    553.6545,  26091.9941,
       1,     169,     122,       9,       1,       3,       1,     10.0000,      1.4047,     42.6670,    249.7232,     62.8457,      3.4953,      0.0369,      0.0048,      0.9733,      0.1480,      5.6100,     11.2200,      1.3081,     28.9781,     57.9562,      0.0193,      0.0004,      0.0326,      0.2059,   7827.5986,-419706.1562,   -919.0726,    553.6550,  26091.9941,
       1,     169,     122,      10,       1,       3,       1,     10.0000,      1.4047,     42.6670,    249.7232,     62.8457,      3.4953,      0.0091,     -0.0239,      0.4968,      0.1736,      5.6100,     11.2200,      1.5342,     28.9781,     57.9562,      0.0193,      0.0004,      0.0156,      0.2059,   7827.5986,-420303.7188,   -919.2733,    553.6137,  26091.9961,
       1,     169,     122,      11,       1,       3,       1,     10.0000,      1.4047,     42.6670,    249.7232,     62.8457,      3.4953,      0.0205,     -0.0130,      0.2428,      0.1895,      5.6100,     11.2200,      1.6745,     28.9781,     57.9562,      0.0193,      0.0004,      0.0074,      0.2059,   7827.5991,-419766.5000,   -919.2038,    553.6508,  26091.9941,
       1,     169,     122,      12,       1,       3,       1,     10.0000,      1.4047,     42.6670,    249.7232,     62.8457,      3.4953,      0.0861,      0.0526,      3.1779,      0.1904,      5.6100,     11.2200,      1.6829,     28.9781,     57.9562,      0.0193,      0.0004,      0.1023,      0.2059,   7827.5986,-419407.4688,   -919.1819,    553.6757,  26091.9941,
       1,     169,     122,      13,       1,       3,       1,     10.0000,      1.4047,     42.6670,    249.7232,     62.8457,      3.4953,      0.1299,      0.0957,      5.8561,      0.2146,      5.6100,     11.2200,      1.8964,     28.9781,     57.9562,      0.0193,      0.0004,      0.1654,      0.2059,   7827.5986,-422998.7188,   -920.0247,    553.4272,  26091.9941,
       1,     169,     122,      14,       1,       3,       1,     10.0000,      1.4047,     42.6670,    249.7232,     62.8457,      3.4953,      0.1137,      0.0790,      5.9391,      0.2326,      5.6100,     11.2200,      2.0552,     28.9781,     57.9562,      0.0193,      0.0005,      0.1417,      0.2059,   7827.5986,-426610.7188,   -920.9736,    553.1774,  26091.9941,
       1,     169,     122,      15,       1,       3,       1,     10.0000,      1.4047,     42.6670,    249.7232,     62.8457,      3.4953,      0.1161,      0.0816,     18.8984,      0.2276,      5.6100,     11.2200,      2.0114,     28.9781,     57.9562,      0.0193,      0.0016,      0.1437,      0.2059,   7827.5986,-427021.5625,   -921.3073,    553.1490,  26091.9941,
       1,     169,     122,      16,       1,       3,       1,     10.0000,      1.4047,     42.6670,    249.7232,     62.8457,      3.4953,      0.1246,      0.0903,     34.0893,      0.2174,      5.6100,     11.2200,      1.9208,     28.9781,     57.9562,      0.0193,      0.0027,      0.1545,      0.2059,   7827.5986,-443050.3438,   -924.6313,    552.0407,  26091.9941,
       1,     169,     122,      17,       1,       3,       1,     10.0000,      1.4047,     42.6670,    249.7232,     62.8457,      3.4953,      0.1252,      0.0906,     36.5404,      0.2256,      5.6100,     11.2200,      1.9938,     28.9781,     57.9562,      0.0193,      0.0029,      0.1549,      0.2059,   7827.5986,-463173.8125,   -928.8904,    550.6533,  26091.9941,
       1,     169,     122,      18,       1,       3,       1,     10.0000,      1.4047,     42.6670,    249.7232,     62.8457,      3.4953,      0.1230,      0.0889,     59.8661,      0.2113,      5.6100,     11.2200,      1.8668,     28.9781,     57.9562,      0.0193,      0.0049,      0.1493,      0.2058,   7827.5986,-467919.4062,   -930.3439,    550.3283,  26091.9922,
       1,     169,     122,      19,       1,       3,       1,     10.0000,      1.4047,     42.6670,    249.7232,     62.8457,      3.4953,      0.0849,      0.0513,     43.7619,      0.1954,      5.6100,     11.2200,      1.7268,     28.9781,     57.9562,      0.0193,      0.0056,      0.0959,      0.2058,   7827.5981,-497126.9688,   -936.5636,    548.3192,  26091.9922,
       1,     169,     122,      20,       1,       3,       1,     10.0000,      1.4047,     42.6670,    249.7232,     62.8457,      3.4953,      0.0025,     -0.0308,      6.3700,      0.1849,      5.6100,     11.2200,      1.6335,     28.9781,     57.9562,      0.0193,      0.0050,      0.0156,      0.2058,   7827.5981,-479728.4688,   -933.9985,    549.5153,  26091.9922,
       1,     169,     122,      21,       1,       3,       1,     10.0000,      1.4047,     42.6670,    249.7232,     62.8457,      3.4953,      0.0000,     -0.0330,      5.5063,      0.1738,      5.6100,     11.2200,      1.5357,     28.9781,     57.9562,      0.0193,      0.0043,      0.0156,      0.2058,   7827.5981,-432064.0625,   -925.4278,    552.7907,  26091.9922,
       1,     169,     122,      22,       1,       3,       1,     10.0000,      1.4047,     42.6670,    249.7232,     62.8457,      3.4953,      0.0000,     -0.0329,      6.0978,      0.1709,      5.6100,     11.2200,      1.5099,     28.9781,     57.9562,      0.0193,      0.0048,      0.0156,      0.2059,   7827.5981,-426964.9062,   -924.6854,    553.1528,  26091.9922,
       1,     169,     122,      23,       1,       3,       1,     10.0000,      1.4047,     42.6670,    249.7232,     62.8457,      3.4953,      0.0000,     -0.0328,      5.1851,      0.1693,      5.6100,     11.2200,      1.4964,     28.9781,     57.9562,      0.0193,      0.0041,      0.0156,      0.2059,   7827.5981,-427247.9375,   -924.9554,    553.1334,  26091.9902,
       1,     169,     122,      24,       1,       3,       1,     10.0000,      1.4047,     42.6670,    249.7232,     62.8457,      3.4953,      0.0000,     -0.0328,      4.0600,      0.1677,      5.6100,     11.2200,      1.4815,     28.9781,     57.9562,      0.0193,      0.0032,      0.0156,      0.2059,   7827.5972,-426145.9375,   -924.9070,    553.2095,  26091.9922,
       1,     169,     123,       1,       1,       3,       1,     10.0000,      1.4047,     42.6673,    249.7290,     62.8472,      3.4953,      0.0000,     -0.0327,      3.6478,      0.1645,      5.6105,     11.2211,      1.4537,     28.9621,     57.9242,      0.0193,      0.0029,      0.0156,      0.2059,   7827.5981,-424818.5312,   -925.0255,    553.3146,  26093.1602,
       1,     169,     123,       2,       1,       3,       1,     10.0000,      1.4047,     42.6673,    249.7290,     62.8472,      3.4953,      0.0000,     -0.0323,      2.7097,      0.1544,      5.6105,     11.2211,      1.3646,     28.9621,     57.9242,      0.0193,      0.0021,      0.0156,      0.2059,   7827.9482,-424043.5938,   -924.6888,    553.3682,  26093.1602,
       1,     169,     123,       3,       1,       3,       1,     10.0000,      1.4047,     42.6673,    249.7290,     62.8472,      3.4953,      0.0000,     -0.0321,      2.0272,      0.1470,      5.6105,     11.2211,      1.2989,     28.9621,     57.9242,      0.0193,      0.0016,      0.0156,      0.2059,   7827.9482,-422819.8438,   -924.5118,    553.4529,  26093.1602,
       1,     169,     123,       4,       1,       3,       1,     10.0000,      1.4047,     42.6673,    249.7290,     62.8472,      3.4953,      0.0000,     -0.0320,      1.7983,      0.1464,      5.6105,     11.2211,      1.2937,     28.9621,     57.9242,      0.0193,      0.0014,      0.0156,      0.2059,   7827.9482,-421873.2500,   -924.3696,    553.5184,  26093.1621,
       1,     169,     123,       5,       1,       3,       1,     10.0000,      1.4047,     42.6673,    249.7290,     62.8472,      3.4953,      0.0000,     -0.0320,      1.8771,      0.1464,      5.6105,     11.2211,      1.2937,     28.9621,     57.9242,      0.0193,      0.0015,      0.0156,      0.2059,   7827.9487,-421509.6875,   -924.3400,    553.5436,  26093.1582,
       1,     169,     123,       6,       1,       3,       1,     10.0000,      1.4047,     42.6673,    249.7290,     62.8472,      3.4953,      0.0000,     -0.0320,      1.5988,      0.1451,      5.6105,     11.2211,      1.2820,     28.9621,     57.9242,      0.0193,      0.0013,      0.0156,      0.2059,   7827.9478,-421576.4688,   -924.3840,    553.5389,  26093.1602,
       1,     169,     123,       7,       1,       3,       1,     10.0000,      1.4047,     42.6673,    249.7290,     62.8472,      3.4953,      0.0000,     -0.0320,      0.9284,      0.1458,      5.6105,     11.2211,      1.2885,     28.9621,     57.9242,      0.0193,      0.0007,      0.0156,      0.2059,   7827.9482,-421238.4062,   -924.3502,    553.5623,  26093.1602,
       1,     169,     123,       8,       1,       3,       1,     10.0000,      1.4047,     42.6673,    249.7290,     62.8472,      3.4953,      0.0138,     -0.0183,      0.7229,      0.1480,      5.6105,     11.2211,      1.3081,     28.9621,     57.9242,      0.0193,      0.0006,      0.0156,      0.2059,   7827.9482,-420382.3125,   -924.2106,    553.6216,  26093.1602,
       1,     169,     123,       9,       1,       3,       1,     10.0000,      1.4047,     42.6673,    249.7290,     62.8472,      3.4953,      0.0653,      0.0331,      2.8747,      0.1514,      5.6105,     11.2211,      1.3375,     28.9621,     57.9242,      0.0193,      0.0005,      0.0731,      0.2059,   7827.9482,-420055.6562,   -924.1731,    553.6442,  26093.1621,
       1,     169,     123,      10,       1,       3,       1,     10.0000,      1.4047,     42.6673,    249.7290,     62.8472,      3.4953,      0.1522,      0.1196,      7.4393,      0.1629,      5.6105,     11.2211,      1.4392,     28.9621,     57.9242,      0.0193,      0.0005,      0.1977,      0.2059,   7827.9487,-422682.6875,   -924.7418,    553.4623,  26093.1602,
       1,     169,     123,      11,       1,       3,       1,     10.0000,      1.4047,     42.6673,    249.7290,     62.8472,      3.4953,      0.1886,      0.1557,     10.9509,      0.1707,      5.6105,     11.2211,      1.5084,     28.9621,     57.9242,      0.0193,      0.0005,      0.2500,      0.2059,   7827.9482,-428539.8125,   -926.1042,    553.0573,  26093.1602,
       1,     169,     123,      12,       1,       3,       1,     10.0000,      1.4047,     42.6673,    249.7290,     62.8472,      3.4953,      0.1730,      0.1403,     11.1972,      0.1668,      5.6105,     11.2211,      1.4742,     28.9621,     57.9242,      0.0193,      0.0006,      0.2274,      0.2059,   7827.9482,-433373.5000,   -927.5739,    552.7232,  26093.1602,
       1,     169,     123,      13,       1,       3,       1,     10.0000,      1.4047,     42.6673,    249.7290,     62.8472,      3.4953,      0.1807,      0.1483,     12.3751,      0.1595,      5.6105,     11.2211,      1.4092,     28.9621,     57.9242,      0.0193,      0.0006,      0.2384,      0.2059,   7827.9482,-434090.0312,   -927.4382,    552.6737,  26093.1602,
       1,     169,     123,      14,       1,       3,       1,     10.0000,      1.4047,     42.6673,    249.7290,     62.8472,      3.4953,      0.1704,      0.1361,     17.1996,      0.2165,      5.6105,     11.2211,      1.9133,     28.9621,     57.9242,      0.0193,      0.0009,      0.2231,      0.2059,   7827.9482,-435604.8750,   -927.9656,    552.5691,  26093.1602,
       1,     169,     123,      15,       1,       3,       1,     10.0000,      1.4047,     42.6673,    249.7290,     62.8472,      3.4953,      0.1570,      0.1221,     27.7335,      0.2400,      5.6105,     11.2211,      2.1205,     28.9621,     57.9242,      0.0193,      0.0017,      0.2024,      0.2059,   7827.9482,-441688.3438,   -929.4586,    552.1489,  26093.1602,
       1,     169,     123,      16,       1,       3,       1,     10.0000,      1.4047,     42.6673,    249.7290,     62.8472,      3.4953,      0.1754,      0.1426,     30.2451,      0.1693,      5.6105,     11.2211,      1.4964,     28.9621,     57.9242,      0.0193,      0.0016,      0.2287,      0.2059,   7827.9482,-455209.3750,   -932.3135,    551.2159,  26093.1602,
       1,     169,     123,      17,       1,       3,       1,     10.0000,      1.4047,     42.6673,    249.7290,     62.8472,      3.4953,      0.1782,      0.1469,     17.2994,      0.1282,      5.6105,     11.2211,      1.1329,     28.9621,     57.9242,      0.0193,      0.0009,      0.2339,      0.2059,   7827.9482,-459464.8750,   -918.1524,    550.9235,  26093.1641,
       1,     169,     123,      18,       1,       3,       1,     10.0000,      1.4047,     42.6673,    249.7290,     62.8472,      3.4953,      0.1378,      0.1065,     11.9275,      0.1277,      5.6105,     11.2211,      1.1283,     28.9621,     57.9242,      0.0193,      0.0008,      0.1766,      0.2059,   7827.9497,-443843.5312,   -915.3302,    551.9993,  26093.1660,
       1,     169,     123,      19,       1,       3,       1,     10.0000,      1.4047,     42.6673,    249.7290,     62.8472,      3.4953,      0.0701,      0.0387,     22.0129,      0.1274,      5.6105,     11.2211,      1.1260,     28.9621,     57.9242,      0.0193,      0.0034,      0.0785,      0.2059,   7827.9502,-435884.5312,   -914.5367,    552.5495,  26093.1621,
       1,     169,     123,      20,       1,       3,       1,     10.0000,      1.4047,     42.6673,    249.7290,     62.8472,      3.4953,      0.0157,     -0.0157,      1.0431,      0.1304,      5.6105,     11.2211,      1.1527,     28.9621,     57.9242,      0.0193,      0.0043,      0.0030,      0.2059,   7827.9487,-447652.8125,   -917.4019,    551.7371,  26093.1641,
       1,     169,     123,      21,       1,       3,       1,     10.0000,      1.4047,     42.6673,    249.7290,     62.8472,      3.4953,      0.0000,     -0.0315,      2.1232,      0.1311,      5.6105,     11.2211,      1.1585,     28.9621,     57.9242,      0.0193,      0.0017,      0.0156,      0.2059,   7827.9497,-422772.9062,   -913.5336,    553.4536,  26093.1621,
       1,     169,     123,      22,       1,       3,       1,     10.0000,      1.4047,     42.6673,    249.7290,     62.8472,      3.4953,      0.0000,     -0.0314,      0.3861,      0.1306,      5.6105,     11.2211,      1.1538,     28.9621,     57.9242,      0.0193,      0.0003,      0.0156,      0.2059,   7827.9487,-421990.7812,   -913.5369,    553.5103,  26093.1621,
       1,     169,     123,      23,       1,       3,       1,     10.0000,      1.4047,     42.6673,    249.7290,     62.8472,      3.4953,      0.0000,     -0.0315,      0.3415,      0.1322,      5.6105,     11.2211,      1.1680,     28.9621,     57.9242,      0.0193,      0.0003,      0.0156,      0.2059,   7827.9487,-419777.1250,   -913.1464,    553.6635,  26093.1641,
       1,     169,     123,      24,       1,       3,       1,     10.0000,      1.4047,     42.6673,    249.7290,     62.8472,      3.4953,      0.0000,     -0.0316,      0.3780,      0.1353,      5.6105,     11.2211,      1.1956,     28.9621,     57.9242,      0.0193,      0.0003,      0.0156,      0.2059,   7827.9497,-419533.0625,   -913.1055,    553.6804,  26093.1641,
       1,     169,     124,       1,       1,       3,       1,     10.0000,      1.4047,     42.6676,    249.7349,     62.8487,      3.4953,      0.0000,     -0.0316,      0.3918,      0.1357,      5.6089,     11.2177,      1.1992,     28.9637,     57.9274,      0.0193,      0.0003,      0.0156,      0.2059,   7827.9497,-419712.5625,   -913.4068,    553.6810,  26094.3320,
       1,     169,     124,       2,       1,       3,       1,     10.0000,      1.4047,     42.6676,    249.7349,     62.8487,      3.4953,      0.0000,     -0.0316,      0.3615,      0.1339,      5.6089,     11.2177,      1.1835,     28.9637,     57.9274,      0.0193,      0.0003,      0.0156,      0.2059,   7828.2998,-419592.4375,   -913.1376,    553.6892,  26094.3320,
       1,     169,     124,       3,       1,       3,       1,     10.0000,      1.4047,     42.6676,    249.7349,     62.8487,      3.4953,      0.0000,     -0.0316,      0.3681,      0.1337,      5.6089,     11.2177,      1.1811,     28.9637,     57.9274,      0.0193,      0.0003,      0.0156,      0.2059,   7828.2998,-419544.8750,   -913.1357,    553.6925,  26094.3301,
       1,     169,     124,       4,       1,       3,       1,     10.0000,      1.4047,     42.6676,    249.7349,     62.8487,      3.4953,      0.0000,     -0.0315,      0.4341,      0.1333,      5.6089,     11.2177,      1.1775,     28.9637,     57.9274,      0.0193,      0.0003,      0.0156,      0.2059,   7828.2993,-419549.2500,   -913.1433,    553.6922,  26094.3301,
       1,     169,     124,       5,       1,       3,       1,     10.0000,      1.4047,     42.6676,    249.7349,     62.8487,      3.4953,      0.0000,     -0.0316,      0.3631,      0.1345,      5.6089,     11.2177,      1.1883,     28.9637,     57.9274,      0.0193,      0.0003,      0.0156,      0.2059,   7828.2993,-419630.8750,   -913.1718,    553.6865,  26094.3320,
       1,     169,     124,       6,       1,       3,       1,     10.0000,      1.4047,     42.6676,    249.7349,     62.8487,      3.4953,      0.0000,     -0.0316,      0.3627,      0.1343,      5.6089,     11.2177,      1.1871,     28.9637,     57.9274,      0.0193,      0.0003,      0.0156,      0.2059,   7828.2998,-419550.2812,   -913.1631,    553.6921,  26094.3301,
       1,     169,     124,       7,       1,       3,       1,     10.0000,      1.4047,     42.6676,    249.7349,     62.8487,      3.4953,      0.0000,     -0.0316,      0.3968,      0.1349,      5.6089,     11.2177,      1.1920,     28.9637,     57.9274,      0.0193,      0.0003,      0.0156,      0.2059,   7828.2993,-419542.8750,   -913.1673,    553.6926,  26094.3301,
       1,     169,     124,       8,       1,       3,       1,     10.0000,      1.4047,     42.6676,    249.7349,     62.8487,      3.4953,      0.0106,     -0.0211,      0.4523,      0.1365,      5.6089,     11.2177,      1.2066,     28.9637,     57.9274,      0.0193,      0.0004,      0.0156,      0.2059,   7828.2993,-419584.4375,   -913.1826,    553.6898,  26094.3320,
       1,     169,     124,       9,       1,       3,       1,     10.0000,      1.4047,     42.6676,    249.7349,     62.8487,      3.4953,      0.0453,      0.0134,      1.3399,      0.1433,      5.6089,     11.2177,      1.2666,     28.9637,     57.9274,      0.0193,      0.0004,      0.0448,      0.2059,   7828.2998,-419656.2812,   -913.2449,    553.6848,  26094.3320,
       1,     169,     124,      10,       1,       3,       1,     10.0000,      1.4047,     42.6676,    249.7349,     62.8487,      3.4953,      0.1164,      0.0839,      5.0232,      0.1576,      5.6089,     11.2177,      1.3924,     28.9637,     57.9274,      0.0193,      0.0004,      0.1463,      0.2059,   7828.2998,-420757.4062,   -913.6458,    553.6086,  26094.3320,
       1,     169,     124,      11,       1,       3,       1,     10.0000,      1.4047,     42.6676,    249.7349,     62.8487,      3.4953,      0.1584,      0.1255,      8.0190,      0.1723,      5.6089,     11.2177,      1.5221,     28.9637,     57.9274,      0.0193,      0.0005,      0.2067,      0.2059,   7828.2998,-425395.7812,   -914.9877,    553.2876,  26094.3301,
       1,     169,     124,      12,       1,       3,       1,     10.0000,      1.4047,     42.6676,    249.7349,     62.8487,      3.4953,      0.1883,      0.1550,      8.6814,      0.1852,      5.6089,     11.2177,      1.6368,     28.9637,     57.9274,      0.0193,      0.0004,      0.2500,      0.2059,   7828.2993,-429488.5938,   -916.4591,    553.0046,  26094.3320,
       1,     169,     124,      13,       1,       3,       1,     10.0000,      1.4047,     42.6676,    249.7349,     62.8487,      3.4953,      0.1761,      0.1418,      9.8897,      0.2187,      5.6089,     11.2177,      1.9322,     28.9637,     57.9274,      0.0193,      0.0005,      0.2323,      0.2059,   7828.2998,-430655.1875,   -917.9209,    552.9241,  26094.3320,
       1,     169,     124,      14,       1,       3,       1,     10.0000,      1.4047,     42.6676,    249.7349,     62.8487,      3.4953,      0.1652,      0.1304,     11.8406,      0.2383,      5.6089,     11.2177,      2.1061,     28.9637,     57.9274,      0.0193,      0.0007,      0.2163,      0.2059,   7828.2998,-432245.4062,   -919.1019,    552.8141,  26094.3320,
       1,     169,     124,      15,       1,       3,       1,     10.0000,      1.4047,     42.6676,    249.7349,     62.8487,      3.4953,      0.1713,      0.1365,     17.8113,      0.2351,      5.6089,     11.2177,      2.0775,     28.9637,     57.9274,      0.0193,      0.0010,      0.2245,      0.2059,   7828.2998,-434788.6250,   -920.3109,    552.6384,  26094.3320,
       1,     169,     124,      16,       1,       3,       1,     10.0000,      1.4047,     42.6676,    249.7349,     62.8487,      3.4953,      0.1519,      0.1172,     30.9588,      0.2301,      5.6089,     11.2177,      2.0333,     28.9637,     57.9274,      0.0193,      0.0019,      0.1946,      0.2059,   7828.2998,-442373.5312,   -922.4669,    552.1145,  26094.3320,
       1,     169,     124,      17,       1,       3,       1,     10.0000,      1.4047,     42.6676,    249.7349,     62.8487,      3.4953,      0.1437,      0.1091,     43.8593,      0.2310,      5.6089,     11.2177,      2.0413,     28.9637,     57.9274,      0.0193,      0.0030,      0.1812,      0.2059,   7828.2998,-459247.0312,   -926.2133,    550.9503,  26094.3320,
       1,     169,     124,      18,       1,       3,       1,     10.0000,      1.4047,     42.6676,    249.7349,     62.8487,      3.4953,      0.1171,      0.0824,     57.1156,      0.2321,      5.6089,     11.2177,      2.0513,     28.9637,     57.9274,      0.0193,      0.0050,      0.1407,      0.2059,   7828.2998,-476613.4062,   -930.1068,    549.7554,  26094.3340,
       1,     169,     124,      19,       1,       3,       1,     10.0000,      1.4047,     42.6676,    249.7349,     62.8487,      3.4953,      0.0803,      0.0462,     41.8522,      0.2094,      5.6089,     11.2177,      1.8504,     28.9637,     57.9274,      0.0193,      0.0057,      0.0890,      0.2059,   7828.3003,-494462.8750,   -934.1965,    548.5302,  26094.3320,
       1,     169,     124,      20,       1,       3,       1,     10.0000,      1.4047,     42.6676,    249.7349,     62.8487,      3.4953,      0.0119,     -0.0216,      6.8299,      0.1893,      5.6089,     11.2177,      1.6730,     28.9637,     57.9274,      0.0193,      0.0053,      0.0156,      0.2059,   7828.2998,-477132.8438,   -931.6724,    549.7198,  26094.3320,
       1,     169,     124,      21,       1,       3,       1,     10.0000,      1.4047,     42.6676,    249.7349,     62.8487,      3.4953,      0.0000,     -0.0330,      6.2057,      0.1762,      5.6089,     11.2177,      1.5574,     28.9637,     57.9274,      0.0193,      0.0049,      0.0156,      0.2059,   7828.2998,-432415.7500,   -923.7300,    552.7938,  26094.3320,
       1,     169,     124,      22,       1,       3,       1,     10.0000,      1.4047,     42.6676,    249.7349,     62.8487,      3.4953,      0.0000,     -0.0328,      6.0602,      0.1682,      5.6089,     11.2177,      1.4860,     28.9637,     57.9274,      0.0193,      0.0047,      0.0156,      0.2059,   7828.2998,-427860.4062,   -923.1432,    553.1171,  26094.3320,
       1,     169,     124,      23,       1,       3,       1,     10.0000,      1.4047,     42.6676,    249.7349,     62.8487,      3.4953,      0.0000,     -0.0326,      6.5196,      0.1637,      5.6089,     11.2177,      1.4464,     28.9637,     57.9274,      0.0193,      0.0051,      0.0156,      0.2059,   7828.2998,-427281.9375,   -923.2034,    553.1573,  26094.3301,
       1,     169,     124,      24,       1,       3,       1,     10.0000,      1.4047,     42.6676,    249.7349,     62.8487,      3.4953,      0.0000,     -0.0325,      4.9898,      0.1608,      5.6089,     11.2177,      1.4206,     28.9637,     57.9274,      0.0193,      0.0039,      0.0156,      0.2059,   7828.2993,-427799.4375,   -923.5386,    553.1215,  26094.3320,
       1,     169,     125,       1,       1,       3,       1,     10.0000,      1.4047,     42.6680,    249.7409,     62.8502,      3.4953,      0.0000,     -0.0323,      3.4122,      0.1552,      5.6096,     11.2193,      1.3716,     28.9616,     57.9231,      0.0193,      0.0027,      0.0156,      0.2059,   7828.2998,-426111.0312,   -923.6743,    553.2513,  26095.5039,
       1,     169,     125,       2,       1,       3,       1,     10.0000,      1.4047,     42.6680,    249.7409,     62.8502,      3.4953,      0.0000,     -0.0323,      2.1959,      0.1529,      5.6096,     11.2193,      1.3510,     28.9616,     57.9231,      0.0193,      0.0017,      0.0156,      0.2059,   7828.6514,-423867.6875,   -911.2402,    553.4064,  26095.5039,
       1,     169,     125,       3,       1,       3,       1,     10.0000,      1.4047,     42.6680,    249.7409,     62.8502,      3.4953,      0.0000,     -0.0321,      1.6688,      0.1489,      5.6096,     11.2193,      1.3161,     28.9616,     57.9231,      0.0193,      0.0013,      0.0156,      0.2060,   7828.6514,-422175.8750,   -910.7917,    553.5234,  26095.5039,
       1,     169,     125,       4,       1,       3,       1,     10.0000,      1.4047,     42.6680,    249.7409,     62.8502,      3.4953,      0.0000,     -0.0320,      1.1784,      0.1469,      5.6096,     11.2193,      1.2977,     28.9616,     57.9231,      0.0193,      0.0009,      0.0156,      0.2060,   7828.6514,-421381.1250,   -910.8445,    553.5784,  26095.5059,
       1,     169,     125,       5,       1,       3,       1,     10.0000,      1.4047,     42.6680,    249.7409,     62.8502,      3.4953,      0.0000,     -0.0320,      0.9609,      0.1455,      5.6096,     11.2193,      1.2860,     28.9616,     57.9231,      0.0193,      0.0008,      0.0156,      0.2060,   7828.6519,-420708.0625,   -910.8423,    553.6251,  26095.5059,
       1,     169,     125,       6,       1,       3,       1,     10.0000,      1.4047,     42.6680,    249.7409,     62.8502,      3.4953,      0.0000,     -0.0319,      0.8589,      0.1439,      5.6096,     11.2193,      1.2718,     28.9616,     57.9231,      0.0193,      0.0007,      0.0156,      0.2060,   7828.6519,-420382.2188,   -910.8595,    553.6476,  26095.5039,
       1,     169,     125,       7,       1,       3,       1,     10.0000,      1.4047,     42.6680,    249.7409,     62.8502,      3.4953,      0.0000,     -0.0319,      0.6290,      0.1423,      5.6096,     11.2193,      1.2577,     28.9616,     57.9231,      0.0193,      0.0005,      0.0156,      0.2060,   7828.6514,-420228.9375,   -910.8878,    553.6582,  26095.5039,
       1,     169,     125,       8,       1,       3,       1,     10.0000,      1.4047,     42.6680,    249.7409,     62.8502,      3.4953,      0.0245,     -0.0075,      0.5709,      0.1455,      5.6096,     11.2193,      1.2860,     28.9616,     57.9231,      0.0193,      0.0005,      0.0149,      0.2060,   7828.6514,-419932.2188,   -910.8622,    553.6787,  26095.5039,
       1,     169,     125,       9,       1,       3,       1,     10.0000,      1.4047,     42.6680,    249.7409,     62.8502,      3.4953,      0.0853,      0.0528,      5.4508,      0.1603,      5.6096,     11.2193,      1.4163,     28.9616,     57.9231,      0.0193,      0.0007,      0.1014,      0.2060,   7828.6514,-419835.3125,   -910.9501,    553.6855,  26095.5039,
       1,     169,     125,      10,       1,       3,       1,     10.0000,      1.4047,     42.6680,    249.7409,     62.8502,      3.4953,      0.1684,      0.1350,     13.2986,      0.1875,      5.6096,     11.2193,      1.6565,     28.9616,     57.9231,      0.0193,      0.0007,      0.2206,      0.2060,   7828.6514,-425846.7500,   -912.4606,    553.2693,  26095.5039,
       1,     169,     125,      11,       1,       3,       1,     10.0000,      1.4047,     42.6680,    249.7409,     62.8502,      3.4953,      0.1752,      0.1409,     17.5722,      0.2170,      5.6096,     11.2193,      1.9171,     28.9616,     57.9231,      0.0193,      0.0009,      0.2301,      0.2059,   7828.6514,-436042.2500,   -915.5990,    552.5645,  26095.5020,
       1,     169,     125,      12,       1,       3,       1,     10.0000,      1.4047,     42.6680,    249.7409,     62.8502,      3.4953,      0.1888,      0.1548,     17.2268,      0.2094,      5.6096,     11.2193,      1.8504,     28.9616,     57.9231,      0.0193,      0.0008,      0.2500,      0.2059,   7828.6509,-442186.5000,   -918.0963,    552.1404,  26095.5039,
       1,     169,     125,      13,       1,       3,       1,     10.0000,      1.4047,     42.6680,    249.7409,     62.8502,      3.4953,      0.1889,      0.1542,     20.1067,      0.2335,      5.6096,     11.2193,      2.0634,     28.9616,     57.9231,      0.0193,      0.0010,      0.2500,      0.2059,   7828.6514,-442284.0312,   -920.0132,    552.1340,  26095.5059,
       1,     169,     125,      14,       1,       3,       1,     10.0000,      1.4047,     42.6680,    249.7409,     62.8502,      3.4953,      0.1900,      0.1548,     36.1811,      0.2542,      5.6096,     11.2193,      2.2461,     28.9616,     57.9231,      0.0193,      0.0018,      0.2500,      0.2059,   7828.6519,-445845.4375,   -922.1393,    551.8881,  26095.5039,
       1,     169,     125,      15,       1,       3,       1,     10.0000,      1.4047,     42.6680,    249.7409,     62.8502,      3.4953,      0.1926,      0.1582,     65.4969,      0.2202,      5.6096,     11.2193,      1.9456,     28.9616,     57.9231,      0.0193,      0.0032,      0.2500,      0.2059,   7828.6514,-465986.2812,   -927.1776,    550.4988,  26095.5059,
       1,     169,     125,      16,       1,       3,       1,     10.0000,      1.4047,     42.6680,    249.7409,     62.8502,      3.4953,      0.1945,      0.1606,     94.5753,      0.2033,      5.6096,     11.2193,      1.7965,     28.9616,     57.9231,      0.0193,      0.0046,      0.2493,      0.2059,   7828.6519,-503895.2812,   -935.4693,    547.8918,  26095.5039,
       1,     169,     125,      17,       1,       3,       1,     10.0000,      1.4047,     42.6680,    249.7409,     62.8502,      3.4953,      0.1815,      0.1481,     76.9277,      0.1890,      5.6096,     11.2193,      1.6697,     28.9616,     57.9231,      0.0193,      0.0040,      0.2324,      0.2059,   7828.6514,-543054.6875,   -944.0820,    545.2162,  26095.5039,
       1,     169,     125,      18,       1,       3,       1,     10.0000,      1.4047,     42.6680,    249.7409,     62.8502,      3.4953,      0.1186,      0.0859,     55.0113,      0.1658,      5.6096,     11.2193,      1.4654,     28.9616,     57.9231,      0.0193,      0.0047,      0.1438,      0.2058,   7828.6514,-524585.7500,   -941.7432,    546.4814,  26095.5039,
       1,     169,     125,      19,       1,       3,       1,     10.0000,      1.4047,     42.6680,    249.7409,     62.8502,      3.4953,      0.0947,      0.0623,     50.3757,      0.1576,      5.6096,     11.2193,      1.3924,     28.9616,     57.9231,      0.0193,      0.0056,      0.1100,      0.2058,   7828.6514,-495934.0625,   -925.0005,    548.4400,  26095.3867,
       1,     169,     125,      20,       1,       3,       1,     10.0000,      1.4047,     42.6680,    249.7409,     62.8502,      3.4953,      0.0149,     -0.0173,      0.2553,      0.1508,      5.6096,     11.2193,      1.3322,     28.9616,     57.9231,      0.0193,      0.0037,      0.0008,      0.2059,   7828.6162,-487796.5312,   -924.9755,    549.0014,  26095.5039,
       1,     169,     125,      21,       1,       3,       1,     10.0000,      1.4047,     42.6680,    249.7409,     62.8502,      3.4953,      0.0000,     -0.0320,      4.1918,      0.1469,      5.6096,     11.2193,      1.2977,     28.9616,     57.9231,      0.0193,      0.0033,      0.0156,      0.2059,   7828.6514,-425197.0000,   -914.2986,    553.2976,  26095.5039,
       1,     169,     125,      22,       1,       3,       1,     10.0000,      1.4047,     42.6680,    249.7409,     62.8502,      3.4953,      0.0000,     -0.0320,      3.3628,      0.1469,      5.6096,     11.2193,      1.2977,     28.9616,     57.9231,      0.0193,      0.0026,      0.0156,      0.2059,   7828.6514,-424772.2812,   -914.6982,    553.3438,  26095.5039,
       1,     169,     125,      23,       1,       3,       1,     10.0000,      1.4047,     42.6680,    249.7409,     62.8502,      3.4953,      0.0000,     -0.0319,      1.2460,      0.1431,      5.6096,     11.2193,      1.2641,     28.9616,     57.9231,      0.0193,      0.0010,      0.0156,      0.2059,   7828.6514,-423692.5938,   -914.8569,    553.4185,  26095.5039,
       1,     169,     125,      24,       1,       3,       1,     10.0000,      1.4047,     42.6680,    249.7409,     62.8502,      3.4953,      0.0000,     -0.0319,      0.6241,      0.1418,      5.6096,     11.2193,      1.2526,     28.9616,     57.9231,      0.0193,      0.0005,      0.0156,      0.2060,   7828.6514,-420989.0000,   -914.4598,    553.6056,  26095.5039,
       1,     169,     126,       1,       1,       3,       1,     10.0000,      1.4048,     42.6683,    249.7467,     62.8517,      3.4953,      0.0000,     -0.0318,      0.5217,      0.1398,      5.6095,     11.2191,      1.2351,     28.9664,     57.9328,      0.0193,      0.0004,      0.0156,      0.2060,   7828.6514,-420146.7188,   -914.5939,    553.6771,  26096.6719,
       1,     169,     126,       2,       1,       3,       1,     10.0000,      1.4048,     42.6683,    249.7467,     62.8517,      3.4953,      0.0000,     -0.0317,      0.5868,      0.1381,      5.6095,     11.2191,      1.2201,     28.9664,     57.9328,      0.0193,      0.0005,      0.0156,      0.2060,   7829.0020,-419795.8438,   -914.2845,    553.7012,  26096.6719,
       1,     169,     126,       3,       1,       3,       1,     10.0000,      1.4048,     42.6683,    249.7467,     62.8517,      3.4953,      0.0000,     -0.0316,      0.6778,      0.1350,      5.6095,     11.2191,      1.1932,     28.9664,     57.9328,      0.0193,      0.0005,      0.0156,      0.2060,   7829.0020,-419846.3750,   -910.1625,    553.6978,  26096.6719,
       1,     169,     126,       4,       1,       3,       1,     10.0000,      1.4048,     42.6683,    249.7467,     62.8517,      3.4953,      0.0000,     -0.0317,      0.9065,      0.1361,      5.6095,     11.2191,      1.2030,     28.9664,     57.9328,      0.0193,      0.0007,      0.0156,      0.2060,   7829.0020,-419962.8438,   -910.1967,    553.6898,  26096.6719,
       1,     169,     126,       5,       1,       3,       1,     10.0000,      1.4048,     42.6683,    249.7467,     62.8517,      3.4953,      0.0000,     -0.0317,      1.1925,      0.1379,      5.6095,     11.2191,      1.2189,     28.9664,     57.9328,      0.0193,      0.0009,      0.0156,      0.2060,   7829.0020,-420254.8750,   -910.3035,    553.6695,  26096.6719,
       1,     169,     126,       6,       1,       3,       1,     10.0000,      1.4048,     42.6683,    249.7467,     62.8517,      3.4953,      0.0000,     -0.0317,      0.8716,      0.1367,      5.6095,     11.2191,      1.2078,     28.9664,     57.9328,      0.0193,      0.0007,      0.0156,      0.2060,   7829.0020,-420632.6562,   -910.4542,    553.6434,  26096.6719,
       1,     169,     126,       7,       1,       3,       1,     10.0000,      1.4048,     42.6683,    249.7467,     62.8517,      3.4953,      0.0000,     -0.0318,      0.7346,      0.1388,      5.6095,     11.2191,      1.2263,     28.9664,     57.9328,      0.0193,      0.0006,      0.0156,      0.2060,   7829.0020,-420268.9062,   -910.4564,    553.6685,  26096.6719,
       1,     169,     126,       8,       1,       3,       1,     10.0000,      1.4048,     42.6683,    249.7467,     62.8517,      3.4953,      0.0103,     -0.0215,      0.6336,      0.1409,      5.6095,     11.2191,      1.2451,     28.9664,     57.9328,      0.0193,      0.0005,      0.0156,      0.2060,   7829.0020,-420069.0312,   -910.2327,    553.6824,  26096.6719,
       1,     169,     126,       9,       1,       3,       1,     10.0000,      1.4048,     42.6683,    249.7467,     62.8517,      3.4953,      0.1056,      0.0736,      4.8496,      0.1466,      5.6095,     11.2191,      1.2951,     28.9664,     57.9328,      0.0193,      0.0005,      0.1310,      0.2060,   7829.0020,-419927.3750,   -910.2789,    553.6922,  26096.6719,
       1,     169,     126,      10,       1,       3,       1,     10.0000,      1.4048,     42.6683,    249.7467,     62.8517,      3.4953,      0.1586,      0.1261,      7.1977,      0.1581,      5.6095,     11.2191,      1.3966,     28.9664,     57.9328,      0.0193,      0.0004,      0.2069,      0.2060,   7829.0020,-425115.4375,   -911.5581,    553.3331,  26096.6719,
       1,     169,     126,      11,       1,       3,       1,     10.0000,      1.4048,     42.6683,    249.7467,     62.8517,      3.4953,      0.1884,      0.1556,      8.6301,      0.1704,      5.6095,     11.2191,      1.5055,     28.9664,     57.9328,      0.0193,      0.0004,      0.2500,      0.2060,   7829.0020,-428455.0938,   -913.0326,    553.1023,  26096.6719,
       1,     169,     126,      12,       1,       3,       1,     10.0000,      1.4048,     42.6683,    249.7467,     62.8517,      3.4953,      0.1883,      0.1544,      9.4296,      0.2031,      5.6095,     11.2191,      1.7948,     28.9664,     57.9328,      0.0193,      0.0005,      0.2500,      0.2060,   7829.0020,-430507.0312,   -914.8468,    552.9604,  26096.6719,
       1,     169,     126,      13,       1,       3,       1,     10.0000,      1.4048,     42.6683,    249.7467,     62.8517,      3.4953,      0.1881,      0.1532,     10.3236,      0.2395,      5.6095,     11.2191,      2.1165,     28.9664,     57.9328,      0.0193,      0.0005,      0.2500,      0.2060,   7829.0020,-431668.4375,   -916.9914,    552.8802,  26096.6719,
       1,     169,     126,      14,       1,       3,       1,     10.0000,      1.4048,     42.6683,    249.7467,     62.8517,      3.4953,      0.1883,      0.1546,      9.8348,      0.1982,      5.6095,     11.2191,      1.7510,     28.9664,     57.9328,      0.0193,      0.0005,      0.2500,      0.2060,   7829.0020,-432870.3438,   -919.6544,    552.7971,  26096.6719,
       1,     169,     126,      15,       1,       3,       1,     10.0000,      1.4048,     42.6683,    249.7467,     62.8517,      3.4953,      0.1890,      0.1565,     14.7055,      0.1595,      5.6095,     11.2191,      1.4093,     28.9664,     57.9328,      0.0193,      0.0007,      0.2500,      0.2060,   7829.0020,-432370.0000,   -920.5309,    552.8317,  26096.6719,
       1,     169,     126,      16,       1,       3,       1,     10.0000,      1.4048,     42.6683,    249.7467,     62.8517,      3.4953,      0.1900,      0.1568,     29.6277,      0.1809,      5.6095,     11.2191,      1.5983,     28.9664,     57.9328,      0.0193,      0.0014,      0.2500,      0.2060,   7829.0020,-438336.0625,   -922.5320,    552.4195,  26096.6738,
       1,     169,     126,      17,       1,       3,       1,     10.0000,      1.4048,     42.6683,    249.7467,     62.8517,      3.4953,      0.1932,      0.1598,     70.9204,      0.1867,      5.6095,     11.2191,      1.6500,     28.9664,     57.9328,      0.0193,      0.0035,      0.2500,      0.2060,   7829.0024,-457255.4688,   -927.2253,    551.1132,  26096.6719,
       1,     169,     126,      18,       1,       3,       1,     10.0000,      1.4048,     42.6683,    249.7467,     62.8517,      3.4953,      0.1595,      0.1271,     85.0272,      0.1574,      5.6095,     11.2191,      1.3910,     28.9664,     57.9328,      0.0193,      0.0052,      0.1994,      0.2059,   7829.0020,-509832.8125,   -928.3333,    547.4927,  26096.6699,
       1,     169,     126,      19,       1,       3,       1,     10.0000,      1.4048,     42.6683,    249.7467,     62.8517,      3.4953,      0.1183,      0.0862,     42.6388,      0.1486,      5.6095,     11.2191,      1.3135,     28.9664,     57.9328,      0.0193,      0.0036,      0.1450,      0.2059,   7829.0015,-531765.7500,   -932.2249,    546.0035,  26096.5020,
       1,     169,     126,      20,       1,       3,       1,     10.0000,      1.4048,     42.6683,    249.7467,     62.8517,      3.4953,      0.0245,     -0.0075,      2.2495,      0.1449,      5.6095,     11.2191,      1.2808,     28.9664,     57.9328,      0.0193,      0.0019,      0.0147,      0.2059,   7828.9507,-481268.4688,   -924.3586,    549.4520,  26096.6699,
       1,     169,     126,      21,       1,       3,       1,     10.0000,      1.4048,     42.6683,    249.7467,     62.8517,      3.4953,      0.0000,     -0.0319,      3.7985,      0.1432,      5.6095,     11.2191,      1.2654,     28.9664,     57.9328,      0.0193,      0.0030,      0.0156,      0.2059,   7829.0015,-427125.2500,   -914.8292,    553.1816,  26096.6738,
       1,     169,     126,      22,       1,       3,       1,     10.0000,      1.4048,     42.6683,    249.7467,     62.8517,      3.4953,      0.0000,     -0.0319,      3.5510,      0.1425,      5.6095,     11.2191,      1.2590,     28.9664,     57.9328,      0.0193,      0.0028,      0.0156,      0.2060,   7829.0024,-424448.6250,   -914.5873,    553.3794,  26096.6738,
       1,     169,     126,      23,       1,       3,       1,     10.0000,      1.4048,     42.6683,    249.7467,     62.8517,      3.4953,      0.0000,     -0.0318,      0.9051,      0.1408,      5.6095,     11.2191,      1.2438,     28.9664,     57.9328,      0.0193,      0.0007,      0.0156,      0.2060,   7829.0024,-423899.3438,   -914.7544,    553.4174,  26096.6738,
       1,     169,     126,      24,       1,       3,       1,     10.0000,      1.4048,     42.6683,    249.7467,     62.8517,      3.4953,      0.0000,     -0.0318,      0.7556,      0.1389,      5.6095,     11.2191,      1.2276,     28.9664,     57.9328,      0.0193,      0.0006,      0.0156,      0.2060,   7829.0024,-420588.6562,   -914.2110,    553.6464,  26096.6738,
       1,     169,     127,       1,       1,       3,       1,     10.0000,      1.4048,     42.6686,    249.7526,     62.8531,      3.4953,      0.0000,     -0.0317,      0.5708,      0.1366,      5.6086,     11.2172,      1.2066,     28.9735,     57.9470,      0.0193,      0.0004,      0.0156,      0.2060,   7829.0024,-420277.2188,   -914.4488,    553.6809,  26097.8398,
       1,     169,     127,       2,       1,       3,       1,     10.0000,      1.4048,     42.6686,    249.7526,     62.8531,      3.4953,      0.0000,     -0.0317,      0.5159,      0.1367,      5.6086,     11.2172,      1.2079,     28.9735,     57.9470,      0.0193,      0.0004,      0.0156,      0.2060,   7829.3521,-419870.4062,   -914.1308,    553.7090,  26097.8398,
       1,     169,     127,       3,       1,       3,       1,     10.0000,      1.4048,     42.6686,    249.7526,     62.8531,      3.4953,      0.0000,     -0.0317,      0.4791,      0.1385,      5.6086,     11.2172,      1.2239,     28.9735,     57.9470,      0.0193,      0.0004,      0.0156,      0.2060,   7829.3521,-419767.9375,   -914.1281,    553.7162,  26097.8398,
       1,     169,     127,       4,       1,       3,       1,     10.0000,      1.4048,     42.6686,    249.7526,     62.8531,      3.4953,      0.0000,     -0.0318,      0.4824,      0.1395,      5.6086,     11.2172,      1.2326,     28.9735,     57.9470,      0.0193,      0.0004,      0.0156,      0.2060,   7829.3521,-419713.7500,   -914.1321,    553.7200,  26097.8418,
       1,     169,     127,       5,       1,       3,       1,     10.0000,      1.4048,     42.6686,    249.7526,     62.8531,      3.4953,      0.0000,     -0.0318,      0.4564,      0.1393,      5.6086,     11.2172,      1.2313,     28.9735,     57.9470,      0.0193,      0.0004,      0.0156,      0.2060,   7829.3530,-419713.0625,   -914.1437,    553.7200,  26097.8379,
       1,     169,     127,       6,       1,       3,       1,     10.0000,      1.4048,     42.6686,    249.7526,     62.8531,      3.4953,      0.0000,     -0.0318,      0.4615,      0.1393,      5.6086,     11.2172,      1.2313,     28.9735,     57.9470,      0.0193,      0.0004,      0.0156,      0.2060,   7829.3516,-419681.5625,   -914.1476,    553.7222,  26097.8398,
       1,     169,     127,       7,       1,       3,       1,     10.0000,      1.4048,     42.6686,    249.7526,     62.8531,      3.4953,      0.0000,     -0.0318,      0.5151,      0.1393,      5.6086,     11.2172,      1.2313,     28.9735,     57.9470,      0.0193,      0.0004,      0.0156,      0.2060,   7829.3521,-419684.7500,   -914.1586,    553.7219,  26097.8398,
       1,     169,     127,       8,       1,       3,       1,     10.0000,      1.4048,     42.6686,    249.7526,     62.8531,      3.4953,      0.0245,     -0.0073,      0.4929,      0.1398,      5.6086,     11.2172,      1.2351,     28.9735,     57.9470,      0.0193,      0.0004,      0.0151,      0.2060,   7829.3521,-419751.1250,   -914.1902,    553.7174,  26097.8398,
       1,     169,     127,       9,       1,       3,       1,     10.0000,      1.4048,     42.6686,    249.7526,     62.8531,      3.4953,      0.1468,      0.1151,      5.9490,      0.1381,      5.6086,     11.2172,      1.2202,     28.9735,     57.9470,      0.0193,      0.0004,      0.1902,      0.2060,   7829.3521,-419729.2500,   -914.2681,    553.7189,  26097.8398,
       1,     169,     127,      10,       1,       3,       1,     10.0000,      1.4048,     42.6686,    249.7526,     62.8531,      3.4953,      0.1699,      0.1378,      7.0616,      0.1482,      5.6086,     11.2172,      1.3096,     28.9735,     57.9470,      0.0193,      0.0004,      0.2233,      0.2060,   7829.3521,-426456.5000,   -916.0554,    553.2532,  26097.8398,
       1,     169,     127,      11,       1,       3,       1,     10.0000,      1.4048,     42.6686,    249.7526,     62.8531,      3.4953,      0.1845,      0.1516,      9.2797,      0.1728,      5.6086,     11.2172,      1.5268,     28.9735,     57.9470,      0.0193,      0.0005,      0.2443,      0.2060,   7829.3521,-428403.5312,   -917.2139,    553.1188,  26097.8418,
       1,     169,     127,      12,       1,       3,       1,     10.0000,      1.4048,     42.6686,    249.7526,     62.8531,      3.4953,      0.1661,      0.1324,      9.1622,      0.1978,      5.6086,     11.2172,      1.7476,     28.9735,     57.9470,      0.0193,      0.0005,      0.2178,      0.2060,   7829.3530,-431305.1875,   -918.6710,    552.9182,  26097.8418,
       1,     169,     127,      13,       1,       3,       1,     10.0000,      1.4048,     42.6686,    249.7526,     62.8531,      3.4953,      0.1782,      0.1433,     11.6656,      0.2393,      5.6086,     11.2172,      2.1145,     28.9735,     57.9470,      0.0193,      0.0006,      0.2354,      0.2060,   7829.3530,-431407.8750,   -919.2509,    552.9111,  26097.8379,
       1,     169,     127,      14,       1,       3,       1,     10.0000,      1.4048,     42.6686,    249.7526,     62.8531,      3.4953,      0.1852,      0.1501,     13.5596,      0.2495,      5.6086,     11.2172,      2.2050,     28.9735,     57.9470,      0.0193,      0.0007,      0.2455,      0.2060,   7829.3516,-434505.0312,   -920.7605,    552.6970,  26097.8418,
       1,     169,     127,      15,       1,       3,       1,     10.0000,      1.4048,     42.6686,    249.7526,     62.8531,      3.4953,      0.1782,      0.1433,     19.1420,      0.2421,      5.6086,     11.2172,      2.1394,     28.9735,     57.9470,      0.0193,      0.0010,      0.2345,      0.2060,   7829.3530,-437105.2500,   -922.2268,    552.5175,  26097.8398,
       1,     169,     127,      16,       1,       3,       1,     10.0000,      1.4048,     42.6686,    249.7526,     62.8531,      3.4953,      0.1692,      0.1353,     38.4755,      0.2055,      5.6086,     11.2172,      1.8162,     28.9735,     57.9470,      0.0193,      0.0021,      0.2190,      0.2060,   7829.3521,-444213.5312,   -924.3080,    552.0266,  26097.8418,
       1,     169,     127,      17,       1,       3,       1,     10.0000,      1.4048,     42.6686,    249.7526,     62.8531,      3.4953,      0.1745,      0.1429,     57.0179,      0.1354,      5.6086,     11.2172,      1.1969,     28.9735,     57.9470,      0.0193,      0.0031,      0.2241,      0.2060,   7829.3530,-468672.4062,   -920.1069,    550.3390,  26097.8398,
       1,     169,     127,      18,       1,       3,       1,     10.0000,      1.4048,     42.6686,    249.7526,     62.8531,      3.4953,      0.1558,      0.1244,     79.6979,      0.1301,      5.6086,     11.2172,      1.1493,     28.9735,     57.9470,      0.0193,      0.0050,      0.1946,      0.2060,   7829.3521,-493648.3750,   -924.7297,    548.6235,  26097.7246,
       1,     169,     127,      19,       1,       3,       1,     10.0000,      1.4048,     42.6686,    249.7526,     62.8531,      3.4953,      0.0926,      0.0612,     46.8513,      0.1285,      5.6086,     11.2172,      1.1353,     28.9735,     57.9470,      0.0193,      0.0053,      0.1079,      0.2059,   7829.3179,-523793.9375,   -930.5394,    546.5588,  26097.6797,
       1,     169,     127,      20,       1,       3,       1,     10.0000,      1.4048,     42.6686,    249.7526,     62.8531,      3.4953,      0.0119,     -0.0194,      6.6480,      0.1254,      5.6086,     11.2172,      1.1079,     28.9735,     57.9470,      0.0193,      0.0052,      0.0156,      0.2059,   7829.3042,-485797.5312,   -923.2612,    549.1586,  26097.8398,
       1,     169,     127,      21,       1,       3,       1,     10.0000,      1.4048,     42.6686,    249.7526,     62.8531,      3.4953,      0.0000,     -0.0311,      3.9543,      0.1212,      5.6086,     11.2172,      1.0712,     28.9735,     57.9470,      0.0193,      0.0031,      0.0156,      0.2059,   7829.3521,-432932.5938,   -914.4999,    552.7937,  26097.8418,
       1,     169,     127,      22,       1,       3,       1,     10.0000,      1.4048,     42.6686,    249.7526,     62.8531,      3.4953,      0.0000,     -0.0310,      0.4097,      0.1193,      5.6086,     11.2172,      1.0538,     28.9735,     57.9470,      0.0193,      0.0003,      0.0156,      0.2060,   7829.3530,-425137.3750,   -911.4296,    553.3444,  26097.8398,
       1,     169,     127,      23,       1,       3,       1,     10.0000,      1.4048,     42.6686,    249.7526,     62.8531,      3.4953,      0.0000,     -0.0312,      0.3457,      0.1236,      5.6086,     11.2172,      1.0922,     28.9735,     57.9470,      0.0193,      0.0003,      0.0156,      0.2060,   7829.3521,-420086.5625,   -910.5502,    553.6940,  26097.8379,
       1,     169,     127,      24,       1,       3,       1,     10.0000,      1.4048,     42.6686,    249.7526,     62.8531,      3.4953,      0.0000,     -0.0312,      0.3288,      0.1244,      5.6086,     11.2172,      1.0989,     28.9735,     57.9470,      0.0193,      0.0003,      0.0156,      0.2060,   7829.3516,-419577.0312,   -910.4693,    553.7294,  26097.8398,
       1,     169,     128,       1,       1,       3,       1,     10.0000,      1.4048,     42.6690,    249.7585,     62.8546,      3.4953,      0.0000,     -0.0312,      0.3165,      0.1234,      5.6091,     11.2182,      1.0900,     28.9793,     57.9585,      0.0193,      0.0002,      0.0156,      0.2060,   7829.3521,-419668.0938,   -910.7518,    553.7361,  26099.0137,
       1,     169,     128,       2,       1,       3,       1,     10.0000,      1.4048,     42.6690,    249.7585,     62.8546,      3.4953,      0.0000,     -0.0312,      0.3336,      0.1244,      5.6091,     11.2182,      1.0989,     28.9793,     57.9585,      0.0193,      0.0003,      0.0156,      0.2060,   7829.7046,-419507.5000,   -910.4722,    553.7472,  26099.0137,
       1,     169,     128,       3,       1,       3,       1,     10.0000,      1.4048,     42.6690,    249.7585,     62.8546,      3.4953,      0.0000,     -0.0312,      0.3356,      0.1242,      5.6091,     11.2182,      1.0978,     28.9793,     57.9585,      0.0193,      0.0003,      0.0156,      0.2060,   7829.7046,-419514.9688,   -910.4794,    553.7467,  26099.0098,
       1,     169,     128,       4,       1,       3,       1,     10.0000,      1.4048,     42.6690,    249.7585,     62.8546,      3.4953,      0.0000,     -0.0313,      0.3717,      0.1259,      5.6091,     11.2182,      1.1125,     28.9793,     57.9585,      0.0193,      0.0003,      0.0156,      0.2060,   7829.7031,-419518.4688,   -910.4855,    553.7465,  26099.0098,
       1,     169,     128,       5,       1,       3,       1,     10.0000,      1.4048,     42.6690,    249.7585,     62.8546,      3.4953,      0.0000,     -0.0314,      0.3270,      0.1297,      5.6091,     11.2182,      1.1458,     28.9793,     57.9585,      0.0193,      0.0003,      0.0156,      0.2060,   7829.7031,-419563.0938,   -910.5026,    553.7433,  26099.0117,
       1,     169,     128,       6,       1,       3,       1,     10.0000,      1.4048,     42.6690,    249.7585,     62.8546,      3.4953,      0.0000,     -0.0313,      0.3056,      0.1281,      5.6091,     11.2182,      1.1319,     28.9793,     57.9585,      0.0193,      0.0002,      0.0156,      0.2060,   7829.7036,-419511.7500,   -910.0835,    553.7469,  26099.0098,
       1,     169,     128,       7,       1,       3,       1,     10.0000,      1.4048,     42.6690,    249.7585,     62.8546,      3.4953,      0.0000,     -0.0313,      0.3035,      0.1273,      5.6091,     11.2182,      1.1250,     28.9793,     57.9585,      0.0193,      0.0002,      0.0156,      0.2060,   7829.7031,-419481.0625,   -910.0760,    553.7490,  26099.0098,
       1,     169,     128,       8,       1,       3,       1,     10.0000,      1.4048,     42.6690,    249.7585,     62.8546,      3.4953,      0.0226,     -0.0087,      0.2540,      0.1274,      5.6091,     11.2182,      1.1261,     28.9793,     57.9585,      0.0193,      0.0002,      0.0130,      0.2060,   7829.7031,-419475.8750,   -910.0751,    553.7494,  26099.0117,
       1,     169,     128,       9,       1,       3,       1,     10.0000,      1.4048,     42.6690,    249.7585,     62.8546,      3.4953,      0.1272,      0.0957,      3.3298,      0.1333,      5.6091,     11.2182,      1.1777,     28.9793,     57.9585,      0.0193,      0.0003,      0.1625,      0.2060,   7829.7036,-419414.2500,   -910.1465,    553.7537,  26099.0117,
       1,     169,     128,      10,       1,       3,       1,     10.0000,      1.4048,     42.6690,    249.7585,     62.8546,      3.4953,      0.1797,      0.1478,      5.2682,      0.1428,      5.6091,     11.2182,      1.2616,     28.9793,     57.9585,      0.0193,      0.0003,      0.2375,      0.2060,   7829.7036,-423201.8750,   -911.3090,    553.4915,  26099.0117,
       1,     169,     128,      11,       1,       3,       1,     10.0000,      1.4048,     42.6690,    249.7585,     62.8546,      3.4953,      0.1866,      0.1539,      6.4127,      0.1635,      5.6091,     11.2182,      1.4451,     28.9793,     57.9585,      0.0193,      0.0003,      0.2475,      0.2060,   7829.7036,-425915.8438,   -913.4933,    553.3038,  26099.0098,
       1,     169,     128,      12,       1,       3,       1,     10.0000,      1.4048,     42.6690,    249.7585,     62.8546,      3.4953,      0.1882,      0.1549,      7.5249,      0.1864,      5.6091,     11.2182,      1.6468,     28.9793,     57.9585,      0.0193,      0.0004,      0.2500,      0.2060,   7829.7031,-427558.8750,   -915.1218,    553.1902,  26099.0117,
       1,     169,     128,      13,       1,       3,       1,     10.0000,      1.4048,     42.6690,    249.7585,     62.8546,      3.4953,      0.1882,      0.1542,      8.5270,      0.2078,      5.6091,     11.2182,      1.8360,     28.9793,     57.9585,      0.0193,      0.0004,      0.2500,      0.2060,   7829.7036,-429070.6250,   -916.9526,    553.0857,  26099.0117,
       1,     169,     128,      14,       1,       3,       1,     10.0000,      1.4048,     42.6690,    249.7585,     62.8546,      3.4953,      0.1881,      0.1533,      9.9307,      0.2372,      5.6091,     11.2182,      2.0961,     28.9793,     57.9585,      0.0193,      0.0005,      0.2500,      0.2060,   7829.7036,-430435.5312,   -918.8292,    552.9913,  26099.0117,
       1,     169,     128,      15,       1,       3,       1,     10.0000,      1.4048,     42.6690,    249.7585,     62.8546,      3.4953,      0.1859,      0.1510,     11.2914,      0.2395,      5.6091,     11.2182,      2.1166,     28.9793,     57.9585,      0.0193,      0.0006,      0.2466,      0.2060,   7829.7036,-432283.3750,   -920.3663,    552.8636,  26099.0137,
       1,     169,     128,      16,       1,       3,       1,     10.0000,      1.4048,     42.6690,    249.7585,     62.8546,      3.4953,      0.1820,      0.1476,     36.1599,      0.2193,      5.6091,     11.2182,      1.9381,     28.9793,     57.9585,      0.0193,      0.0019,      0.2379,      0.2060,   7829.7046,-434118.7812,   -921.5100,    552.7367,  26099.0117,
       1,     169,     128,      17,       1,       3,       1,     10.0000,      1.4048,     42.6690,    249.7585,     62.8546,      3.4953,      0.1246,      0.0920,     33.3394,      0.1611,      5.6091,     11.2182,      1.4236,     28.9793,     57.9585,      0.0193,      0.0026,      0.1549,      0.2060,   7829.7036,-464948.6562,   -927.9697,    550.6067,  26099.0117,
       1,     169,     128,      18,       1,       3,       1,     10.0000,      1.4048,     42.6690,    249.7585,     62.8546,      3.4953,      0.1629,      0.1303,     65.8143,      0.1613,      5.6091,     11.2182,      1.4250,     28.9793,     57.9585,      0.0193,      0.0039,      0.2065,      0.2060,   7829.7036,-464107.4688,   -926.8821,    550.6686,  26099.0117,
       1,     169,     128,      19,       1,       3,       1,     10.0000,      1.4048,     42.6690,    249.7585,     62.8546,      3.4953,      0.0921,      0.0598,     41.4095,      0.1537,      5.6091,     11.2182,      1.3580,     28.9793,     57.9585,      0.0193,      0.0047,      0.1072,      0.2060,   7829.7036,-504103.3125,   -935.2755,    547.9156,  26099.0098,
       1,     169,     128,      20,       1,       3,       1,     10.0000,      1.4048,     42.6690,    249.7585,     62.8546,      3.4953,      0.0185,     -0.0137,      2.4959,      0.1505,      5.6091,     11.2182,      1.3296,     28.9793,     57.9585,      0.0193,      0.0053,      0.0058,      0.2059,   7829.7031,-477394.5625,   -930.9548,    549.7518,  26099.0137,
       1,     169,     128,      21,       1,       3,       1,     10.0000,      1.4048,     42.6690,    249.7585,     62.8546,      3.4953,      0.0000,     -0.0320,      6.1820,      0.1466,      5.6091,     11.2182,      1.2952,     28.9793,     57.9585,      0.0193,      0.0048,      0.0156,      0.2060,   7829.7046,-427097.0000,   -920.4467,    553.2112,  26099.0117,
       1,     169,     128,      22,       1,       3,       1,     10.0000,      1.4048,     42.6690,    249.7585,     62.8546,      3.4953,      0.0000,     -0.0319,      1.9146,      0.1428,      5.6091,     11.2182,      1.2616,     28.9793,     57.9585,      0.0193,      0.0015,      0.0156,      0.2060,   7829.7036,-427388.4688,   -920.7632,    553.2019,  26099.0117,
       1,     169,     128,      23,       1,       3,       1,     10.0000,      1.4048,     42.6690,    249.7585,     62.8546,      3.4953,      0.0000,     -0.0319,      1.2905,      0.1423,      5.6091,     11.2182,      1.2578,     28.9793,     57.9585,      0.0193,      0.0010,      0.0156,      0.2060,   7829.7036,-422137.1875,   -919.8586,    553.5651,  26099.0117,
       1,     169,     128,      24,       1,       3,       1,     10.0000,      1.4048,     42.6690,    249.7585,     62.8546,      3.4953,      0.0000,     -0.0320,      1.0400,      0.1442,      5.6091,     11.2182,      1.2744,     28.9793,     57.9585,      0.0193,      0.0008,      0.0156,      0.2060,   7829.7036,-420919.6562,   -919.6588,    553.6495,  26099.0117,
       1,     169,     129,       1,       1,       3,       1,     10.0000,      1.4048,     42.6693,    249.7644,     62.8561,      3.4953,      0.0000,     -0.0320,      0.6811,      0.1450,      5.6094,     11.2188,      1.2809,     28.9851,     57.9702,      0.0193,      0.0005,      0.0156,      0.2061,   7829.7036,-420662.3125,   -919.9016,    553.6804,  26100.1777,
       1,     169,     129,       2,       1,       3,       1,     10.0000,      1.4048,     42.6693,    249.7644,     62.8561,      3.4953,      0.0000,     -0.0320,      0.4674,      0.1451,      5.6094,     11.2188,      1.2822,     28.9851,     57.9702,      0.0193,      0.0004,      0.0156,      0.2061,   7830.0537,-420045.1875,   -919.5376,    553.7231,  26100.1777,
       1,     169,     129,       3,       1,       3,       1,     10.0000,      1.4048,     42.6693,    249.7644,     62.8561,      3.4953,      0.0000,     -0.0318,      0.4594,      0.1411,      5.6094,     11.2188,      1.2464,     28.9851,     57.9702,      0.0193,      0.0004,      0.0156,      0.2061,   7830.0537,-419729.0938,   -919.4842,    553.7449,  26100.1777,
       1,     169,     129,       4,       1,       3,       1,     10.0000,      1.4048,     42.6693,    249.7644,     62.8561,      3.4953,      0.0000,     -0.0317,      0.4844,      0.1378,      5.6094,     11.2188,      1.2178,     28.9851,     57.9702,      0.0193,      0.0004,      0.0156,      0.2061,   7830.0537,-419692.3125,   -919.4839,    553.7476,  26100.1797,
       1,     169,     129,       5,       1,       3,       1,     10.0000,      1.4048,     42.6693,    249.7644,     62.8561,      3.4953,      0.0000,     -0.0316,      0.5481,      0.1352,      5.6094,     11.2188,      1.1945,     28.9851,     57.9702,      0.0193,      0.0004,      0.0156,      0.2061,   7830.0542,-419719.6250,   -917.8012,    553.7456,  26100.1797,
       1,     169,     129,       6,       1,       3,       1,     10.0000,      1.4048,     42.6693,    249.7644,     62.8561,      3.4953,      0.0000,     -0.0316,      0.4617,      0.1356,      5.6094,     11.2188,      1.1982,     28.9851,     57.9702,      0.0193,      0.0004,      0.0156,      0.2061,   7830.0542,-419800.6562,   -917.8333,    553.7401,  26100.1816,
       1,     169,     129,       7,       1,       3,       1,     10.0000,      1.4048,     42.6693,    249.7644,     62.8561,      3.4953,      0.0000,     -0.0316,      0.3501,      0.1352,      5.6094,     11.2188,      1.1945,     28.9851,     57.9702,      0.0193,      0.0003,      0.0156,      0.2061,   7830.0547,-419700.8125,   -915.7151,    553.7469,  26100.1797,
       1,     169,     129,       8,       1,       3,       1,     10.0000,      1.4048,     42.6693,    249.7644,     62.8561,      3.4953,      0.0101,     -0.0214,      0.3347,      0.1333,      5.6094,     11.2188,      1.1777,     28.9851,     57.9702,      0.0193,      0.0003,      0.0156,      0.2061,   7830.0542,-419554.9062,   -915.6921,    553.7571,  26100.1797,
       1,     169,     129,       9,       1,       3,       1,     10.0000,      1.4048,     42.6693,    249.7644,     62.8561,      3.4953,      0.0960,      0.0642,      2.8367,      0.1399,      5.6094,     11.2188,      1.2364,     28.9851,     57.9702,      0.0193,      0.0003,      0.1176,      0.2061,   7830.0542,-419523.3438,   -915.7272,    553.7592,  26100.1797,
       1,     169,     129,      10,       1,       3,       1,     10.0000,      1.4048,     42.6693,    249.7644,     62.8561,      3.4953,      0.1468,      0.1143,      5.8080,      0.1606,      5.6094,     11.2188,      1.4193,     28.9851,     57.9702,      0.0193,      0.0004,      0.1902,      0.2061,   7830.0542,-422605.6875,   -916.6940,    553.5459,  26100.1797,
       1,     169,     129,      11,       1,       3,       1,     10.0000,      1.4048,     42.6693,    249.7644,     62.8561,      3.4953,      0.1884,      0.1550,      9.2524,      0.1860,      5.6094,     11.2188,      1.6435,     28.9851,     57.9702,      0.0193,      0.0005,      0.2500,      0.2061,   7830.0542,-426532.6562,   -917.9859,    553.2742,  26100.1797,
       1,     169,     129,      12,       1,       3,       1,     10.0000,      1.4048,     42.6693,    249.7644,     62.8561,      3.4953,      0.1882,      0.1544,      8.8496,      0.2027,      5.6094,     11.2188,      1.7914,     28.9851,     57.9702,      0.0193,      0.0004,      0.2500,      0.2061,   7830.0542,-431115.2188,   -920.0071,    552.9573,  26100.1777,
       1,     169,     129,      13,       1,       3,       1,     10.0000,      1.4048,     42.6693,    249.7644,     62.8561,      3.4953,      0.1882,      0.1542,      8.8892,      0.2078,      5.6094,     11.2188,      1.8361,     28.9851,     57.9702,      0.0193,      0.0004,      0.2500,      0.2060,   7830.0537,-431009.6562,   -920.9100,    552.9647,  26100.1777,
       1,     169,     129,      14,       1,       3,       1,     10.0000,      1.4048,     42.6693,    249.7644,     62.8561,      3.4953,      0.1480,      0.1137,      8.5316,      0.2180,      5.6094,     11.2188,      1.9268,     28.9851,     57.9702,      0.0193,      0.0005,      0.1914,      0.2060,   7830.0537,-431049.4375,   -922.3190,    552.9620,  26100.1797,
       1,     169,     129,      15,       1,       3,       1,     10.0000,      1.4048,     42.6693,    249.7644,     62.8561,      3.4953,      0.1506,      0.1181,     20.1501,      0.1585,      5.6094,     11.2188,      1.4009,     28.9851,     57.9702,      0.0193,      0.0013,      0.1940,      0.2060,   7830.0542,-430611.6875,   -912.8996,    552.9922,  26100.1816,
       1,     169,     129,      16,       1,       3,       1,     10.0000,      1.4048,     42.6693,    249.7644,     62.8561,      3.4953,      0.1603,      0.1284,     45.8270,      0.1431,      5.6094,     11.2188,      1.2642,     28.9851,     57.9702,      0.0193,      0.0027,      0.2050,      0.2060,   7830.0547,-444901.9688,   -915.5790,    552.0044,  26100.1797,
       1,     169,     129,      17,       1,       3,       1,     10.0000,      1.4048,     42.6693,    249.7644,     62.8561,      3.4953,      0.1793,      0.1475,     62.7889,      0.1405,      5.6094,     11.2188,      1.2414,     28.9851,     57.9702,      0.0193,      0.0033,      0.2303,      0.2060,   7830.0542,-477794.3750,   -921.8820,    549.7357,  26100.1797,
       1,     169,     129,      18,       1,       3,       1,     10.0000,      1.4048,     42.6693,    249.7644,     62.8561,      3.4953,      0.1232,      0.0915,     42.6222,      0.1392,      5.6094,     11.2188,      1.2302,     28.9851,     57.9702,      0.0193,      0.0034,      0.1521,      0.2060,   7830.0542,-501540.1875,   -926.6309,    548.1086,  26100.1797,
       1,     169,     129,      19,       1,       3,       1,     10.0000,      1.4048,     42.6693,    249.7644,     62.8561,      3.4953,      0.1073,      0.0753,     42.0457,      0.1438,      5.6094,     11.2188,      1.2706,     28.9851,     57.9702,      0.0193,      0.0040,      0.1292,      0.2060,   7830.0542,-478665.3750,   -921.8228,    549.6782,  26100.1797,
       1,     169,     129,      20,       1,       3,       1,     10.0000,      1.4048,     42.6693,    249.7644,     62.8561,      3.4953,      0.0111,     -0.0210,      1.9511,      0.1470,      5.6094,     11.2188,      1.2991,     28.9851,     57.9702,      0.0193,      0.0015,      0.0156,      0.2060,   7830.0542,-476012.9688,   -922.4622,    549.8628,  26100.1797,
       1,     169,     129,      21,       1,       3,       1,     10.0000,      1.4048,     42.6693,    249.7644,     62.8561,      3.4953,      0.0000,     -0.0320,      0.6867,      0.1457,      5.6094,     11.2188,      1.2874,     28.9851,     57.9702,      0.0193,      0.0005,      0.0156,      0.2060,   7830.0542,-426306.8125,   -913.7279,    553.2792,  26100.1777,
       1,     169,     129,      22,       1,       3,       1,     10.0000,      1.4048,     42.6693,    249.7644,     62.8561,      3.4953,      0.0000,     -0.0319,      0.5494,      0.1425,      5.6094,     11.2188,      1.2591,     28.9851,     57.9702,      0.0193,      0.0004,      0.0156,      0.2061,   7830.0537,-420546.6875,   -912.7182,    553.6882,  26100.1797,
       1,     169,     129,      23,       1,       3,       1,     10.0000,      1.4048,     42.6693,    249.7644,     62.8561,      3.4953,      0.0000,     -0.0319,      0.5132,      0.1425,      5.6094,     11.2188,      1.2591,     28.9851,     57.9702,      0.0193,      0.0004,      0.0156,      0.2061,   7830.0542,-419873.0312,   -912.6073,    553.7350,  26100.1816,
       1,     169,     129,      24,       1,       3,       1,     10.0000,      1.4048,     42.6693,    249.7644,     62.8561,      3.4953,      0.0000,     -0.0318,      0.4580,      0.1406,      5.6094,     11.2188,      1.2427,     28.9851,     57.9702,      0.0193,      0.0004,      0.0156,      0.2061,   7830.0547,-419770.5938,   -912.6048,    553.7421,  26100.1816,
       1,     169,     130,       1,       1,       3,       1,     10.0000,      1.4049,     42.6696,    249.7703,     62.8576,      3.4953,      0.0000,     -0.0319,      0.4141,      0.1422,      5.6099,     11.2198,      1.2566,     28.9873,     57.9746,      0.0193,      0.0003,      0.0156,      0.2061,   7830.0547,-419849.5000,   -912.8922,    553.7496,  26101.3516,
       1,     169,     130,       2,       1,       3,       1,     10.0000,      1.4049,     42.6696,    249.7703,     62.8576,      3.4953,      0.0000,     -0.0317,      0.4071,      0.1382,      5.6099,     11.2198,      1.2215,     28.9873,     57.9746,      0.0193,      0.0003,      0.0156,      0.2061,   7830.4058,-419649.4688,   -912.6070,    553.7635,  26101.3496,
       1,     169,     130,       3,       1,       3,       1,     10.0000,      1.4049,     42.6696,    249.7703,     62.8576,      3.4953,      0.0000,     -0.0316,      0.3493,      0.1349,      5.6099,     11.2198,      1.1921,     28.9873,     57.9746,      0.0193,      0.0003,      0.0156,      0.2061,   7830.4053,-419623.7500,   -912.6108,    553.7653,  26101.3535,
       1,     169,     130,       4,       1,       3,       1,     10.0000,      1.4049,     42.6696,    249.7703,     62.8576,      3.4953,      0.0000,     -0.0315,      0.3244,      0.1331,      5.6099,     11.2198,      1.1765,     28.9873,     57.9746,      0.0193,      0.0003,      0.0156,      0.2061,   7830.4062,-419549.8438,   -912.6005,    553.7704,  26101.3516,
       1,     169,     130,       5,       1,       3,       1,     10.0000,      1.4049,     42.6696,    249.7703,     62.8576,      3.4953,      0.0000,     -0.0316,      0.3220,      0.1341,      5.6099,     11.2198,      1.1849,     28.9873,     57.9746,      0.0193,      0.0003,      0.0156,      0.2061,   7830.4058,-419513.1562,   -912.5966,    553.7729,  26101.3496,
       1,     169,     130,       6,       1,       3,       1,     10.0000,      1.4049,     42.6696,    249.7703,     62.8576,      3.4953,      0.0000,     -0.0315,      0.3168,      0.1322,      5.6099,     11.2198,      1.1682,     28.9873,     57.9746,      0.0193,      0.0002,      0.0156,      0.2061,   7830.4053,-419507.2500,   -912.5972,    553.7733,  26101.3516,
       1,     169,     130,       7,       1,       3,       1,     10.0000,      1.4049,     42.6696,    249.7703,     62.8576,      3.4953,      0.0000,     -0.0315,      0.3183,      0.1327,      5.6099,     11.2198,      1.1729,     28.9873,     57.9746,      0.0193,      0.0002,      0.0156,      0.2061,   7830.4058,-419500.1875,   -912.5972,    553.7737,  26101.3516,
       1,     169,     130,       8,       1,       3,       1,     10.0000,      1.4049,     42.6696,    249.7703,     62.8576,      3.4953,      0.0186,     -0.0129,      0.1558,      0.1327,      5.6099,     11.2198,      1.1729,     28.9873,     57.9746,      0.0193,      0.0003,      0.0071,      0.2061,   7830.4058,-419501.5000,   -912.5990,    553.7737,  26101.3516,
       1,     169,     130,       9,       1,       3,       1,     10.0000,      1.4049,     42.6696,    249.7703,     62.8576,      3.4953,      0.0964,      0.0647,      2.6868,      0.1377,      5.6099,     11.2198,      1.2166,     28.9873,     57.9746,      0.0193,      0.0003,      0.1182,      0.2061,   7830.4058,-419301.2500,   -912.6288,    553.7876,  26101.3516,
       1,     169,     130,      10,       1,       3,       1,     10.0000,      1.4049,     42.6696,    249.7703,     62.8576,      3.4953,      0.1442,      0.1119,      4.4998,      0.1537,      5.6099,     11.2198,      1.3580,     28.9873,     57.9746,      0.0193,      0.0003,      0.1865,      0.2061,   7830.4058,-422404.5000,   -913.5470,    553.5728,  26101.3516,
       1,     169,     130,      11,       1,       3,       1,     10.0000,      1.4049,     42.6696,    249.7703,     62.8576,      3.4953,      0.1507,      0.1170,      6.3006,      0.1976,      5.6099,     11.2198,      1.7460,     28.9873,     57.9746,      0.0193,      0.0004,      0.1957,      0.2061,   7830.4058,-424904.6562,   -914.6516,    553.3998,  26101.3496,
       1,     169,     130,      12,       1,       3,       1,     10.0000,      1.4049,     42.6696,    249.7703,     62.8576,      3.4953,      0.1438,      0.1096,      6.6243,      0.2161,      5.6099,     11.2198,      1.9098,     28.9873,     57.9746,      0.0193,      0.0004,      0.1856,      0.2061,   7830.4053,-427338.5312,   -915.7321,    553.2315,  26101.3535,
       1,     169,     130,      13,       1,       3,       1,     10.0000,      1.4049,     42.6696,    249.7703,     62.8576,      3.4953,      0.1683,      0.1340,      7.9720,      0.2181,      5.6099,     11.2198,      1.9268,     28.9873,     57.9746,      0.0193,      0.0004,      0.2211,      0.2061,   7830.4062,-427944.6250,   -916.4701,    553.1896,  26101.3535,
       1,     169,     130,      14,       1,       3,       1,     10.0000,      1.4049,     42.6696,    249.7703,     62.8576,      3.4953,      0.1881,      0.1537,      9.2821,      0.2237,      5.6099,     11.2198,      1.9766,     28.9873,     57.9746,      0.0193,      0.0005,      0.2500,      0.2061,   7830.4062,-429658.1250,   -915.4580,    553.0710,  26101.3516,
       1,     169,     130,      15,       1,       3,       1,     10.0000,      1.4049,     42.6696,    249.7703,     62.8576,      3.4953,      0.1799,      0.1447,     17.5298,      0.2513,      5.6099,     11.2198,      2.2203,     28.9873,     57.9746,      0.0193,      0.0009,      0.2373,      0.2061,   7830.4058,-431420.0938,   -917.5037,    552.9493,  26101.3535,
       1,     169,     130,      16,       1,       3,       1,     10.0000,      1.4049,     42.6696,    249.7703,     62.8576,      3.4953,      0.1538,      0.1195,     57.1520,      0.2176,      5.6099,     11.2198,      1.9230,     28.9873,     57.9746,      0.0193,      0.0036,      0.1944,      0.2061,   7830.4062,-441739.8438,   -920.8812,    552.2360,  26101.3516,
       1,     169,     130,      17,       1,       3,       1,     10.0000,      1.4049,     42.6696,    249.7703,     62.8576,      3.4953,      0.1406,      0.1079,     53.2211,      0.1635,      5.6099,     11.2198,      1.4452,     28.9873,     57.9746,      0.0193,      0.0037,      0.1757,      0.2061,   7830.4058,-491485.4375,   -931.0505,    548.8026,  26101.3516,
       1,     169,     130,      18,       1,       3,       1,     10.0000,      1.4049,     42.6696,    249.7703,     62.8576,      3.4953,      0.1236,      0.0906,     51.0148,      0.1759,      5.6099,     11.2198,      1.5545,     28.9873,     57.9746,      0.0193,      0.0041,      0.1514,      0.2060,   7830.4058,-490900.6562,   -929.8229,    548.8533,  26101.3496,
       1,     169,     130,      19,       1,       3,       1,     10.0000,      1.4049,     42.6696,    249.7703,     62.8576,      3.4953,      0.0960,      0.0630,     44.1955,      0.1772,      5.6099,     11.2198,      1.5654,     28.9873,     57.9746,      0.0193,      0.0048,      0.1122,      0.2060,   7830.4053,-488115.0312,   -927.9916,    549.0444,  26101.3496,
       1,     169,     130,      20,       1,       3,       1,     10.0000,      1.4049,     42.6696,    249.7703,     62.8576,      3.4953,      0.0156,     -0.0167,      0.7669,      0.1525,      5.6099,     11.2198,      1.3471,     28.9873,     57.9746,      0.0193,      0.0054,      0.0017,      0.2060,   7830.4053,-479462.5938,   -927.3919,    549.6383,  26101.3496,
       1,     169,     130,      21,       1,       3,       1,     10.0000,      1.4049,     42.6696,    249.7703,     62.8576,      3.4953,      0.0000,     -0.0320,      5.7936,      0.1444,      5.6099,     11.2198,      1.2758,     28.9873,     57.9746,      0.0193,      0.0045,      0.0156,      0.2060,   7830.4053,-425139.1875,   -915.5311,    553.3709,  26101.3516,
       1,     169,     130,      22,       1,       3,       1,     10.0000,      1.4049,     42.6696,    249.7703,     62.8576,      3.4953,      0.0000,     -0.0320,      1.9413,      0.1448,      5.6099,     11.2198,      1.2796,     28.9873,     57.9746,      0.0193,      0.0015,      0.0156,      0.2061,   7830.4058,-426748.8125,   -916.1937,    553.2723,  26101.3516,
       1,     169,     130,      23,       1,       3,       1,     10.0000,      1.4049,     42.6696,    249.7703,     62.8576,      3.4953,      0.0000,     -0.0320,      2.0186,      0.1453,      5.6099,     11.2198,      1.2835,     28.9873,     57.9746,      0.0193,      0.0016,      0.0156,      0.2061,   7830.4058,-422120.6562,   -915.4934,    553.5923,  26101.3496,
       1,     169,     130,      24,       1,       3,       1,     10.0000,      1.4049,     42.6696,    249.7703,     62.8576,      3.4953,      0.0000,     -0.0320,      2.1002,      0.1445,      5.6099,     11.2198,      1.2771,     28.9873,     57.9746,      0.0193,      0.0016,      0.0156,      0.2061,   7830.4053,-421821.5312,   -915.5418,    553.6131,  26101.3516,
       1,     169,     131,       1,       1,       3,       1,     10.0000,      1.4049,     42.6700,    249.7762,     62.8590,      3.4953,      0.0000,     -0.0319,      1.2877,      0.1419,      5.6101,     11.2202,      1.2541,     28.9874,     57.9747,      0.0193,      0.0010,      0.0156,      0.2061,   7830.4058,-422051.8750,   -915.9712,    553.6103,  26102.5215,
       1,     169,     131,       2,       1,       3,       1,     10.0000,      1.4049,     42.6700,    249.7762,     62.8590,      3.4953,      0.0000,     -0.0319,      0.7194,      0.1429,      5.6101,     11.2202,      1.2630,     28.9874,     57.9747,      0.0193,      0.0006,      0.0156,      0.2061,   7830.7568,-420917.1250,   -915.6042,    553.6888,  26102.5234,
       1,     169,     131,       3,       1,       3,       1,     10.0000,      1.4049,     42.6700,    249.7762,     62.8590,      3.4953,      0.0000,     -0.0318,      0.7092,      0.1388,      5.6101,     11.2202,      1.2265,     28.9874,     57.9747,      0.0193,      0.0006,      0.0156,      0.2061,   7830.7573,-420119.4375,   -915.5004,    553.7440,  26102.5215,
       1,     169,     131,       4,       1,       3,       1,     10.0000,      1.4049,     42.6700,    249.7762,     62.8590,      3.4953,      0.0000,     -0.0317,      0.6706,      0.1363,      5.6101,     11.2202,      1.2043,     28.9874,     57.9747,      0.0193,      0.0005,      0.0156,      0.2061,   7830.7568,-420039.2812,   -915.5274,    553.7496,  26102.5234,
       1,     169,     131,       5,       1,       3,       1,     10.0000,      1.4049,     42.6700,    249.7762,     62.8590,      3.4953,      0.0000,     -0.0317,      0.6208,      0.1364,      5.6101,     11.2202,      1.2055,     28.9874,     57.9747,      0.0193,      0.0005,      0.0156,      0.2061,   7830.7573,-419984.3125,   -915.5481,    553.7534,  26102.5195,
       1,     169,     131,       6,       1,       3,       1,     10.0000,      1.4049,     42.6700,    249.7762,     62.8590,      3.4953,      0.0000,     -0.0317,      0.5783,      0.1359,      5.6101,     11.2202,      1.2007,     28.9874,     57.9747,      0.0193,      0.0005,      0.0156,      0.2061,   7830.7563,-419918.7812,   -915.5592,    553.7579,  26102.5195,
       1,     169,     131,       7,       1,       3,       1,     10.0000,      1.4049,     42.6700,    249.7762,     62.8590,      3.4953,      0.0000,     -0.0316,      0.4976,      0.1344,      5.6101,     11.2202,      1.1873,     28.9874,     57.9747,      0.0193,      0.0004,      0.0156,      0.2061,   7830.7563,-419860.9062,   -915.5683,    553.7619,  26102.5215,
       1,     169,     131,       8,       1,       3,       1,     10.0000,      1.4049,     42.6700,    249.7762,     62.8590,      3.4953,      0.0183,     -0.0133,      0.1718,      0.1356,      5.6101,     11.2202,      1.1982,     28.9874,     57.9747,      0.0193,      0.0003,      0.0065,      0.2061,   7830.7568,-419756.3125,   -915.5638,    553.7692,  26102.5234,
       1,     169,     131,       9,       1,       3,       1,     10.0000,      1.4049,     42.6700,    249.7762,     62.8590,      3.4953,      0.1286,      0.0967,      3.8262,      0.1425,      5.6101,     11.2202,      1.2592,     28.9874,     57.9747,      0.0193,      0.0003,      0.1643,      0.2061,   7830.7573,-419345.3750,   -915.5454,    553.7976,  26102.5215,
       1,     169,     131,      10,       1,       3,       1,     10.0000,      1.4049,     42.6700,    249.7762,     62.8590,      3.4953,      0.1732,      0.1403,      6.2330,      0.1712,      5.6101,     11.2202,      1.5133,     28.9874,     57.9747,      0.0193,      0.0003,      0.2282,      0.2061,   7830.7568,-423815.5000,   -916.8412,    553.4882,  26102.5215,
       1,     169,     131,      11,       1,       3,       1,     10.0000,      1.4049,     42.6700,    249.7762,     62.8590,      3.4953,      0.1883,      0.1548,      7.5771,      0.1875,      5.6101,     11.2202,      1.6567,     28.9874,     57.9747,      0.0193,      0.0004,      0.2500,      0.2061,   7830.7568,-427164.0625,   -918.4087,    553.2565,  26102.5215,
       1,     169,     131,      12,       1,       3,       1,     10.0000,      1.4049,     42.6700,    249.7762,     62.8590,      3.4953,      0.1734,      0.1394,      7.7494,      0.2068,      5.6101,     11.2202,      1.8271,     28.9874,     57.9747,      0.0193,      0.0004,      0.2285,      0.2061,   7830.7568,-429106.9062,   -919.9692,    553.1223,  26102.5215,
       1,     169,     131,      13,       1,       3,       1,     10.0000,      1.4049,     42.6700,    249.7762,     62.8590,      3.4953,      0.1769,      0.1433,      7.7709,      0.1958,      5.6101,     11.2202,      1.7305,     28.9874,     57.9747,      0.0193,      0.0004,      0.2336,      0.2061,   7830.7568,-429484.9688,   -920.8513,    553.0961,  26102.5234,
       1,     169,     131,      14,       1,       3,       1,     10.0000,      1.4049,     42.6700,    249.7762,     62.8590,      3.4953,      0.1885,      0.1550,     10.3342,      0.1880,      5.6101,     11.2202,      1.6617,     28.9874,     57.9747,      0.0193,      0.0005,      0.2500,      0.2061,   7830.7573,-429543.3125,   -919.9893,    553.0920,  26102.5215,
       1,     169,     131,      15,       1,       3,       1,     10.0000,      1.4049,     42.6700,    249.7762,     62.8590,      3.4953,      0.1907,      0.1583,     35.6157,      0.1573,      5.6101,     11.2202,      1.3898,     28.9874,     57.9747,      0.0193,      0.0017,      0.2500,      0.2061,   7830.7568,-432709.0000,   -919.4874,    552.8732,  26102.5215,
       1,     169,     131,      16,       1,       3,       1,     10.0000,      1.4049,     42.6700,    249.7762,     62.8590,      3.4953,      0.1752,      0.1425,     47.0174,      0.1655,      5.6101,     11.2202,      1.4627,     28.9874,     57.9747,      0.0193,      0.0025,      0.2264,      0.2061,   7830.7568,-464149.5312,   -919.6399,    550.7005,  26102.5215,
       1,     169,     131,      17,       1,       3,       1,     10.0000,      1.4049,     42.6700,    249.7762,     62.8590,      3.4953,      0.1496,      0.1171,     50.3229,      0.1597,      5.6101,     11.2202,      1.4109,     28.9874,     57.9747,      0.0193,      0.0032,      0.1890,      0.2061,   7830.7568,-480904.8438,   -922.8324,    549.5513,  26102.5215,
       1,     169,     131,      18,       1,       3,       1,     10.0000,      1.4049,     42.6700,    249.7762,     62.8590,      3.4953,      0.1167,      0.0841,     31.9588,      0.1634,      5.6101,     11.2202,      1.4438,     28.9874,     57.9747,      0.0193,      0.0027,      0.1437,      0.2061,   7830.7568,-486407.3125,   -925.1898,    549.1746,  26102.5215,
       1,     169,     131,      19,       1,       3,       1,     10.0000,      1.4049,     42.6700,    249.7762,     62.8590,      3.4953,      0.0565,      0.0241,     10.7337,      0.1554,      5.6101,     11.2202,      1.3732,     28.9874,     57.9747,      0.0193,      0.0022,      0.0594,      0.2060,   7830.7568,-464214.1562,   -919.3546,    550.6981,  26102.5195,
       1,     169,     131,      20,       1,       3,       1,     10.0000,      1.4049,     42.6700,    249.7762,     62.8590,      3.4953,      0.0124,     -0.0196,      1.1356,      0.1472,      5.6101,     11.2202,      1.3005,     28.9874,     57.9747,      0.0193,      0.0009,      0.0156,      0.2061,   7830.7563,-436151.5625,   -914.8520,    552.6320,  26102.5215,
       1,     169,     131,      21,       1,       3,       1,     10.0000,      1.4049,     42.6700,    249.7762,     62.8590,      3.4953,      0.0000,     -0.0319,      1.1763,      0.1435,      5.6101,     11.2202,      1.2681,     28.9874,     57.9747,      0.0193,      0.0009,      0.0156,      0.2061,   7830.7568,-421934.7188,   -910.6559,    553.6174,  26102.5215,
       1,     169,     131,      22,       1,       3,       1,     10.0000,      1.4049,     42.6700,    249.7762,     62.8590,      3.4953,      0.0000,     -0.0319,      1.1974,      0.1419,      5.6101,     11.2202,      1.2541,     28.9874,     57.9747,      0.0193,      0.0009,      0.0156,      0.2061,   7830.7568,-420771.0000,   -910.5452,    553.6989,  26102.5234,
       1,     169,     131,      23,       1,       3,       1,     10.0000,      1.4049,     42.6700,    249.7762,     62.8590,      3.4953,      0.0000,     -0.0319,      0.7698,      0.1415,      5.6101,     11.2202,      1.2503,     28.9874,     57.9747,      0.0193,      0.0006,      0.0156,      0.2061,   7830.7573,-420696.2188,   -910.6062,    553.7041,  26102.5215,
       1,     169,     131,      24,       1,       3,       1,     10.0000,      1.4049,     42.6700,    249.7762,     62.8590,      3.4953,      0.0000,     -0.0318,      0.6754,      0.1411,      5.6101,     11.2202,      1.2465,     28.9874,     57.9747,      0.0193,      0.0005,      0.0156,      0.2061,   7830.7568,-420163.0938,   -910.5529,    553.7410,  26102.5195,
       1,     169,     132,       1,       1,       3,       1,     10.0000,      1.4049,     42.6703,    249.7821,     62.8605,      3.4953,      0.0000,     -0.0318,      0.4383,      0.1401,      5.6099,     11.2198,      1.2377,     28.9908,     57.9815,      0.0193,      0.0003,      0.0156,      0.2061,   7830.7563,-420156.7812,   -910.8556,    553.7545,  26103.6875,
       1,     169,     132,       2,       1,       3,       1,     10.0000,      1.4049,     42.6703,    249.7821,     62.8605,      3.4953,      0.0000,     -0.0319,      0.3645,      0.1429,      5.6099,     11.2198,      1.2630,     28.9908,     57.9815,      0.0193,      0.0003,      0.0156,      0.2061,   7831.1064,-419711.5000,   -910.5367,    553.7853,  26103.6875,
       1,     169,     132,       3,       1,       3,       1,     10.0000,      1.4049,     42.6703,    249.7821,     62.8605,      3.4953,      0.0000,     -0.0318,      0.3756,      0.1396,      5.6099,     11.2198,      1.2340,     28.9908,     57.9815,      0.0193,      0.0003,      0.0156,      0.2061,   7831.1064,-419582.6250,   -910.5176,    553.7943,  26103.6875,
       1,     169,     132,       4,       1,       3,       1,     10.0000,      1.4049,     42.6703,    249.7821,     62.8605,      3.4953,      0.0000,     -0.0318,      0.3698,      0.1385,      5.6099,     11.2198,      1.2240,     28.9908,     57.9815,      0.0193,      0.0003,      0.0156,      0.2061,   7831.1064,-419585.2188,   -910.5240,    553.7941,  26103.6875,
       1,     169,     132,       5,       1,       3,       1,     10.0000,      1.4049,     42.6703,    249.7821,     62.8605,      3.4953,      0.0000,     -0.0316,      0.4270,      0.1357,      5.6099,     11.2198,      1.1995,     28.9908,     57.9815,      0.0193,      0.0003,      0.0156,      0.2061,   7831.1064,-419578.2188,   -910.5278,    553.7945,  26103.6875,
       1,     169,     132,       6,       1,       3,       1,     10.0000,      1.4049,     42.6703,    249.7821,     62.8605,      3.4953,      0.0000,     -0.0314,      0.3849,      0.1302,      5.6099,     11.2198,      1.1506,     28.9908,     57.9815,      0.0193,      0.0003,      0.0156,      0.2061,   7831.1064,-419648.4062,   -910.5512,    553.7897,  26103.6875,
       1,     169,     132,       7,       1,       3,       1,     10.0000,      1.4049,     42.6703,    249.7821,     62.8605,      3.4953,      0.0000,     -0.0313,      0.3249,      0.1272,      5.6099,     11.2198,      1.1240,     28.9908,     57.9815,      0.0193,      0.0003,      0.0156,      0.2061,   7831.1064,-419602.3750,   -910.5485,    553.7929,  26103.6875,
       1,     169,     132,       8,       1,       3,       1,     10.0000,      1.4049,     42.6703,    249.7821,     62.8605,      3.4953,      0.0263,     -0.0051,      0.3597,      0.1294,      5.6099,     11.2198,      1.1436,     28.9908,     57.9815,      0.0193,      0.0002,      0.0181,      0.2061,   7831.1064,-419524.4375,   -910.5371,    553.7983,  26103.6895,
       1,     169,     132,       9,       1,       3,       1,     10.0000,      1.4049,     42.6703,    249.7821,     62.8605,      3.4953,      0.1168,      0.0841,      3.8216,      0.1640,      5.6099,     11.2198,      1.4496,     28.9908,     57.9815,      0.0193,      0.0003,      0.1470,      0.2061,   7831.1069,-419560.3750,   -910.6826,    553.7958,  26103.6875,
       1,     169,     132,      10,       1,       3,       1,     10.0000,      1.4049,     42.6703,    249.7821,     62.8605,      3.4953,      0.1703,      0.1375,      6.0243,      0.1689,      5.6099,     11.2198,      1.4923,     28.9908,     57.9815,      0.0193,      0.0003,      0.2241,      0.2061,   7831.1064,-423830.8438,   -912.1539,    553.5002,  26103.6875,
       1,     169,     132,      11,       1,       3,       1,     10.0000,      1.4049,     42.6703,    249.7821,     62.8605,      3.4953,      0.1862,      0.1524,      8.2746,      0.1992,      5.6099,     11.2198,      1.7599,     28.9908,     57.9815,      0.0193,      0.0004,      0.2470,      0.2061,   7831.1064,-426910.3438,   -913.9409,    553.2872,  26103.6875,
       1,     169,     132,      12,       1,       3,       1,     10.0000,      1.4049,     42.6703,    249.7821,     62.8605,      3.4953,      0.1886,      0.1546,     13.1843,      0.2070,      5.6099,     11.2198,      1.8290,     28.9908,     57.9815,      0.0193,      0.0006,      0.2500,      0.2061,   7831.1064,-429947.0938,   -915.9029,    553.0773,  26103.6875,
       1,     169,     132,      13,       1,       3,       1,     10.0000,      1.4049,     42.6703,    249.7821,     62.8605,      3.4953,      0.1885,      0.1536,     15.0187,      0.2410,      5.6099,     11.2198,      2.1293,     28.9908,     57.9815,      0.0193,      0.0007,      0.2500,      0.2061,   7831.1064,-436258.3750,   -918.2747,    552.6409,  26103.6875,
       1,     169,     132,      14,       1,       3,       1,     10.0000,      1.4049,     42.6703,    249.7821,     62.8605,      3.4953,      0.1919,      0.1565,     60.5081,      0.2607,      5.6099,     11.2198,      2.3039,     28.9908,     57.9815,      0.0193,      0.0030,      0.2500,      0.2061,   7831.1064,-439058.4688,   -920.4933,    552.4476,  26103.6875,
       1,     169,     132,      15,       1,       3,       1,     10.0000,      1.4049,     42.6703,    249.7821,     62.8605,      3.4953,      0.1883,      0.1532,     60.1028,      0.2471,      5.6099,     11.2198,      2.1839,     28.9908,     57.9815,      0.0193,      0.0030,      0.2447,      0.2061,   7831.1064,-495381.2500,   -932.5623,    548.5583,  26103.6855,
       1,     169,     132,      16,       1,       3,       1,     10.0000,      1.4049,     42.6703,    249.7821,     62.8605,      3.4953,      0.1940,      0.1610,     79.7057,      0.1744,      5.6099,     11.2198,      1.5407,     28.9908,     57.9815,      0.0193,      0.0039,      0.2500,      0.2061,   7831.1060,-499716.7812,   -932.9905,    548.2747,  26103.6895,
       1,     169,     132,      17,       1,       3,       1,     10.0000,      1.4049,     42.6703,    249.7821,     62.8605,      3.4953,      0.1847,      0.1526,     78.9960,      0.1472,      5.6099,     11.2198,      1.3005,     28.9908,     57.9815,      0.0193,      0.0041,      0.2363,      0.2061,   7831.1069,-524258.6250,   -931.1636,    546.5928,  26103.6855,
       1,     169,     132,      18,       1,       3,       1,     10.0000,      1.4049,     42.6703,    249.7821,     62.8605,      3.4953,      0.1491,      0.1180,     72.7712,      0.1239,      5.6099,     11.2198,      1.0946,     28.9908,     57.9815,      0.0193,      0.0048,      0.1859,      0.2060,   7831.1060,-525476.4375,   -930.9639,    546.5121,  26103.5254,
       1,     169,     132,      19,       1,       3,       1,     10.0000,      1.4049,     42.6703,    249.7821,     62.8605,      3.4953,      0.0813,      0.0499,     41.8598,      0.1269,      5.6099,     11.2198,      1.1217,     28.9908,     57.9815,      0.0193,      0.0055,      0.0923,      0.2060,   7831.0581,-517910.6562,   -929.3677,    547.0290,  26103.5410,
       1,     169,     132,      20,       1,       3,       1,     10.0000,      1.4049,     42.6703,    249.7821,     62.8605,      3.4953,      0.0107,     -0.0205,      6.2565,      0.1249,      5.6099,     11.2198,      1.1035,     28.9908,     57.9815,      0.0193,      0.0049,      0.0156,      0.2060,   7831.0625,-479110.1875,   -923.7554,    549.6824,  26103.6875,
       1,     169,     132,      21,       1,       3,       1,     10.0000,      1.4049,     42.6703,    249.7821,     62.8605,      3.4953,      0.0000,     -0.0314,      2.4039,      0.1285,      5.6099,     11.2198,      1.1355,     28.9908,     57.9815,      0.0193,      0.0019,      0.0156,      0.2061,   7831.1064,-431894.0312,   -913.3013,    552.9330,  26103.6855,
       1,     169,     132,      22,       1,       3,       1,     10.0000,      1.4049,     42.6703,    249.7821,     62.8605,      3.4953,      0.0000,     -0.0315,      1.3683,      0.1315,      5.6099,     11.2198,      1.1623,     28.9908,     57.9815,      0.0193,      0.0011,      0.0156,      0.2061,   7831.1060,-423146.8750,   -912.0004,    553.5472,  26103.6855,
       1,     169,     132,      23,       1,       3,       1,     10.0000,      1.4049,     42.6703,    249.7821,     62.8605,      3.4953,      0.0000,     -0.0316,      0.3823,      0.1334,      5.6099,     11.2198,      1.1790,     28.9908,     57.9815,      0.0193,      0.0003,      0.0156,      0.2061,   7831.1060,-421113.5000,   -911.7585,    553.6883,  26103.6875,
       1,     169,     132,      24,       1,       3,       1,     10.0000,      1.4049,     42.6703,    249.7821,     62.8605,      3.4953,      0.0000,     -0.0317,      0.3306,      0.1363,      5.6099,     11.2198,      1.2043,     28.9908,     57.9815,      0.0193,      0.0003,      0.0156,      0.2061,   7831.1064,-419724.1875,   -911.5157,    553.7845,  26103.6895,
       1,     169,     133,       1,       1,       3,       1,     10.0000,      1.4049,     42.6707,    249.7880,     62.8620,      3.4953,      0.0000,     -0.0317,      0.3410,      0.1364,      5.6098,     11.2195,      1.2056,     28.9973,     57.9946,      0.0193,      0.0003,      0.0156,      0.2062,   7831.1069,-419697.4688,   -911.7740,    553.7993,  26104.8613,
       1,     169,     133,       2,       1,       3,       1,     10.0000,      1.4049,     42.6707,    249.7880,     62.8620,      3.4953,      0.0000,     -0.0316,      0.3619,      0.1341,      5.6098,     11.2195,      1.1850,     28.9973,     57.9946,      0.0193,      0.0003,      0.0156,      0.2062,   7831.4585,-419555.1875,   -911.4957,    553.8091,  26104.8613,
       1,     169,     133,       3,       1,       3,       1,     10.0000,      1.4049,     42.6707,    249.7880,     62.8620,      3.4953,      0.0000,     -0.0314,      0.3293,      0.1305,      5.6098,     11.2195,      1.1529,     28.9973,     57.9946,      0.0193,      0.0003,      0.0156,      0.2062,   7831.4585,-419568.9375,   -911.5052,    553.8082,  26104.8613,
       1,     169,     133,       4,       1,       3,       1,     10.0000,      1.4049,     42.6707,    249.7880,     62.8620,      3.4953,      0.0000,     -0.0314,      0.3120,      0.1295,      5.6098,     11.2195,      1.1448,     28.9973,     57.9946,      0.0193,      0.0002,      0.0156,      0.2062,   7831.4585,-419529.7812,   -911.5018,    553.8109,  26104.8613,
       1,     169,     133,       5,       1,       3,       1,     10.0000,      1.4049,     42.6707,    249.7880,     62.8620,      3.4953,      0.0000,     -0.0315,      0.3562,      0.1313,      5.6098,     11.2195,      1.1600,     28.9973,     57.9946,      0.0193,      0.0003,      0.0156,      0.2062,   7831.4585,-419505.1562,   -911.4995,    553.8126,  26104.8633,
       1,     169,     133,       6,       1,       3,       1,     10.0000,      1.4049,     42.6707,    249.7880,     62.8620,      3.4953,      0.0000,     -0.0314,      0.5106,      0.1284,      5.6098,     11.2195,      1.1343,     28.9973,     57.9946,      0.0193,      0.0004,      0.0156,      0.2062,   7831.4595,-419557.2812,   -911.5155,    553.8090,  26104.8613,
       1,     169,     133,       7,       1,       3,       1,     10.0000,      1.4049,     42.6707,    249.7880,     62.8620,      3.4953,      0.0000,     -0.0313,      0.5835,      0.1266,      5.6098,     11.2195,      1.1183,     28.9973,     57.9946,      0.0193,      0.0005,      0.0156,      0.2062,   7831.4585,-419752.1875,   -911.5779,    553.7955,  26104.8613,
       1,     169,     133,       8,       1,       3,       1,     10.0000,      1.4049,     42.6707,    249.7880,     62.8620,      3.4953,      0.0283,     -0.0032,      0.8372,      0.1309,      5.6098,     11.2195,      1.1565,     28.9973,     57.9946,      0.0193,      0.0005,      0.0210,      0.2062,   7831.4585,-419858.7500,   -911.6348,    553.7881,  26104.8594,
       1,     169,     133,       9,       1,       3,       1,     10.0000,      1.4049,     42.6707,    249.7880,     62.8620,      3.4953,      0.1524,      0.1202,      9.8431,      0.1512,      5.6098,     11.2195,      1.3364,     28.9973,     57.9946,      0.0193,      0.0006,      0.1977,      0.2062,   7831.4580,-420180.7812,   -911.8051,    553.7659,  26104.8613,
       1,     169,     133,      10,       1,       3,       1,     10.0000,      1.4049,     42.6707,    249.7880,     62.8620,      3.4953,      0.1822,      0.1490,     12.6638,      0.1805,      5.6098,     11.2195,      1.5954,     28.9973,     57.9946,      0.0193,      0.0006,      0.2406,      0.2062,   7831.4585,-431307.0312,   -914.5678,    552.9957,  26104.8613,
       1,     169,     133,      11,       1,       3,       1,     10.0000,      1.4049,     42.6707,    249.7880,     62.8620,      3.4953,      0.1885,      0.1548,     11.0176,      0.1968,      5.6098,     11.2195,      1.7392,     28.9973,     57.9946,      0.0193,      0.0005,      0.2500,      0.2062,   7831.4585,-435734.3750,   -916.4664,    552.6902,  26104.8613,
       1,     169,     133,      12,       1,       3,       1,     10.0000,      1.4049,     42.6707,    249.7880,     62.8620,      3.4953,      0.1886,      0.1540,     15.7786,      0.2290,      5.6098,     11.2195,      2.0238,     28.9973,     57.9946,      0.0193,      0.0008,      0.2500,      0.2062,   7831.4585,-434082.0625,   -917.3475,    552.8044,  26104.8613,
       1,     169,     133,      13,       1,       3,       1,     10.0000,      1.4049,     42.6707,    249.7880,     62.8620,      3.4953,      0.1884,      0.1536,     13.1290,      0.2345,      5.6098,     11.2195,      2.0719,     28.9973,     57.9946,      0.0193,      0.0006,      0.2500,      0.2062,   7831.4585,-439809.8438,   -919.5717,    552.4086,  26104.8633,
       1,     169,     133,      14,       1,       3,       1,     10.0000,      1.4049,     42.6707,    249.7880,     62.8620,      3.4953,      0.1897,      0.1554,     27.9421,      0.2174,      5.6098,     11.2195,      1.9213,     28.9973,     57.9946,      0.0193,      0.0014,      0.2500,      0.2061,   7831.4595,-437031.9375,   -920.5118,    552.6006,  26104.8613,
       1,     169,     133,      15,       1,       3,       1,     10.0000,      1.4049,     42.6707,    249.7880,     62.8620,      3.4953,      0.1935,      0.1588,     77.7818,      0.2301,      5.6098,     11.2195,      2.0337,     28.9973,     57.9946,      0.0193,      0.0038,      0.2500,      0.2061,   7831.4585,-455055.7500,   -925.1044,    551.3556,  26104.8594,
       1,     169,     133,      16,       1,       3,       1,     10.0000,      1.4049,     42.6707,    249.7880,     62.8620,      3.4953,      0.1803,      0.1450,    100.4526,      0.2530,      5.6098,     11.2195,      2.2356,     28.9973,     57.9946,      0.0193,      0.0054,      0.2283,      0.2061,   7831.4580,-518050.6562,   -938.5539,    547.0155,  26104.8613,
       1,     169,     133,      17,       1,       3,       1,     10.0000,      1.4049,     42.6707,    249.7880,     62.8620,      3.4953,      0.1627,      0.1273,    116.2805,      0.2615,      5.6098,     11.2195,      2.3107,     28.9973,     57.9946,      0.0193,      0.0071,      0.2008,      0.2061,   7831.4585,-551439.7500,   -946.1089,    544.7495,  26104.8613,
       1,     169,     133,      18,       1,       3,       1,     10.0000,      1.4049,     42.6707,    249.7880,     62.8620,      3.4953,      0.1503,      0.1156,    104.3851,      0.2297,      5.6098,     11.2195,      2.0297,     28.9973,     57.9946,      0.0193,      0.0069,      0.1838,      0.2060,   7831.4585,-573815.8750,   -951.5951,    543.2305,  26104.8613,
       1,     169,     133,      19,       1,       3,       1,     10.0000,      1.4049,     42.6707,    249.7880,     62.8620,      3.4953,      0.0901,      0.0563,     39.7992,      0.2000,      5.6098,     11.2195,      1.7669,     28.9973,     57.9946,      0.0193,      0.0047,      0.1037,      0.2060,   7831.4585,-561022.0000,   -950.2814,    544.1013,  26104.8633,
       1,     169,     133,      20,       1,       3,       1,     10.0000,      1.4049,     42.6707,    249.7880,     62.8620,      3.4953,      0.0149,     -0.0184,      6.1179,      0.1855,      5.6098,     11.2195,      1.6388,     28.9973,     57.9946,      0.0193,      0.0048,      0.0156,      0.2060,   7831.4595,-480163.5312,   -935.5602,    549.6014,  26104.8613,
       1,     169,     133,      21,       1,       3,       1,     10.0000,      1.4049,     42.6707,    249.7880,     62.8620,      3.4953,      0.0000,     -0.0330,      7.7931,      0.1731,      5.6098,     11.2195,      1.5300,     28.9973,     57.9946,      0.0193,      0.0061,      0.0156,      0.2061,   7831.4585,-431839.6562,   -926.6366,    552.9492,  26104.8613,
       1,     169,     133,      22,       1,       3,       1,     10.0000,      1.4049,     42.6707,    249.7880,     62.8620,      3.4953,      0.0000,     -0.0328,      8.4451,      0.1670,      5.6098,     11.2195,      1.4760,     28.9973,     57.9946,      0.0193,      0.0066,      0.0156,      0.2062,   7831.4585,-429788.0625,   -926.4330,    553.1012,  26104.8613,
       1,     169,     133,      23,       1,       3,       1,     10.0000,      1.4049,     42.6707,    249.7880,     62.8620,      3.4953,      0.0000,     -0.0326,      6.6898,      0.1608,      5.6098,     11.2195,      1.4209,     28.9973,     57.9946,      0.0193,      0.0052,      0.0156,      0.2062,   7831.4585,-430404.2500,   -926.7294,    553.0587,  26104.8613,
       1,     169,     133,      24,       1,       3,       1,     10.0000,      1.4049,     42.6707,    249.7880,     62.8620,      3.4953,      0.0000,     -0.0324,      4.9175,      0.1556,      5.6098,     11.2195,      1.3746,     28.9973,     57.9946,      0.0193,      0.0038,      0.0156,      0.2062,   7831.4585,-428293.0938,   -926.4504,    553.2047,  26104.8613,
       1,     169,     134,       1,       1,       3,       1,     10.0000,      1.4049,     42.6710,    249.7939,     62.8635,      3.4953,      0.0000,     -0.0323,      4.1882,      0.1534,      5.6100,     11.2200,      1.3554,     29.0043,     58.0086,      0.0193,      0.0033,      0.0156,      0.2062,   7831.4585,-426083.4688,   -926.3886,    553.3704,  26106.0273,
       1,     169,     134,       2,       1,       3,       1,     10.0000,      1.4049,     42.6710,    249.7939,     62.8635,      3.4953,      0.0000,     -0.0323,      3.2939,      0.1528,      5.6100,     11.2200,      1.3500,     29.0043,     58.0086,      0.0193,      0.0026,      0.0156,      0.2062,   7831.8086,-424844.3438,   -925.9464,    553.4561,  26106.0312,
       1,     169,     134,       3,       1,       3,       1,     10.0000,      1.4049,     42.6710,    249.7939,     62.8635,      3.4953,      0.0000,     -0.0322,      2.6823,      0.1505,      5.6100,     11.2200,      1.3297,     29.0043,     58.0086,      0.0193,      0.0021,      0.0156,      0.2062,   7831.8096,-423636.0625,   -925.7659,    553.5397,  26106.0273,
       1,     169,     134,       4,       1,       3,       1,     10.0000,      1.4049,     42.6710,    249.7939,     62.8635,      3.4953,      0.0000,     -0.0321,      1.8682,      0.1490,      5.6100,     11.2200,      1.3164,     29.0043,     58.0086,      0.0193,      0.0015,      0.0156,      0.2062,   7831.8086,-422779.8438,   -925.6442,    553.5990,  26106.0273,
       1,     169,     134,       5,       1,       3,       1,     10.0000,      1.4049,     42.6710,    249.7939,     62.8635,      3.4953,      0.0000,     -0.0321,      1.2928,      0.1470,      5.6100,     11.2200,      1.2993,     29.0043,     58.0086,      0.0193,      0.0010,      0.0156,      0.2062,   7831.8086,-421703.4375,   -925.4644,    553.6735,  26106.0312,
       1,     169,     134,       6,       1,       3,       1,     10.0000,      1.4049,     42.6710,    249.7939,     62.8635,      3.4953,      0.0000,     -0.0320,      0.9570,      0.1453,      5.6100,     11.2200,      1.2836,     29.0043,     58.0086,      0.0193,      0.0007,      0.0156,      0.2062,   7831.8096,-420902.1875,   -925.3249,    553.7289,  26106.0293,
       1,     169,     134,       7,       1,       3,       1,     10.0000,      1.4049,     42.6710,    249.7939,     62.8635,      3.4953,      0.0000,     -0.0319,      0.7888,      0.1434,      5.6100,     11.2200,      1.2669,     29.0043,     58.0086,      0.0193,      0.0006,      0.0156,      0.2062,   7831.8091,-420420.1250,   -925.2435,    553.7623,  26106.0293,
       1,     169,     134,       8,       1,       3,       1,     10.0000,      1.4049,     42.6710,    249.7939,     62.8635,      3.4953,      0.0182,     -0.0138,      0.2928,      0.1441,      5.6100,     11.2200,      1.2733,     29.0043,     58.0086,      0.0193,      0.0006,      0.0059,      0.2062,   7831.8091,-420171.7188,   -925.2041,    553.7795,  26106.0293,
       1,     169,     134,       9,       1,       3,       1,     10.0000,      1.4049,     42.6710,    249.7939,     62.8635,      3.4953,      0.0982,      0.0654,      6.6525,      0.1685,      5.6100,     11.2200,      1.4894,     29.0043,     58.0086,      0.0193,      0.0007,      0.1198,      0.2062,   7831.8091,-419539.3125,   -925.0954,    553.8232,  26106.0273,
       1,     169,     134,      10,       1,       3,       1,     10.0000,      1.4049,     42.6710,    249.7939,     62.8635,      3.4953,      0.1689,      0.1349,     11.9911,      0.2060,      5.6100,     11.2200,      1.8201,     29.0043,     58.0086,      0.0193,      0.0007,      0.2215,      0.2062,   7831.8086,-427322.6562,   -926.6478,    553.2844,  26106.0312,
       1,     169,     134,      11,       1,       3,       1,     10.0000,      1.4049,     42.6710,    249.7939,     62.8635,      3.4953,      0.1872,      0.1532,     13.5526,      0.2072,      5.6100,     11.2200,      1.8309,     29.0043,     58.0086,      0.0193,      0.0007,      0.2480,      0.2062,   7831.8096,-434566.1250,   -928.1674,    552.7838,  26106.0293,
       1,     169,     134,      12,       1,       3,       1,     10.0000,      1.4049,     42.6710,    249.7939,     62.8635,      3.4953,      0.1875,      0.1528,     13.4807,      0.2313,      5.6100,     11.2200,      2.0437,     29.0043,     58.0086,      0.0193,      0.0007,      0.2486,      0.2062,   7831.8091,-437108.5312,   -928.7925,    552.6083,  26106.0293,
       1,     169,     134,      13,       1,       3,       1,     10.0000,      1.4049,     42.6710,    249.7939,     62.8635,      3.4953,      0.1883,      0.1533,     12.4630,      0.2417,      5.6100,     11.2200,      2.1356,     29.0043,     58.0086,      0.0193,      0.0006,      0.2500,      0.2062,   7831.8091,-437236.3438,   -928.9442,    552.5995,  26106.0312,
       1,     169,     134,      14,       1,       3,       1,     10.0000,      1.4049,     42.6710,    249.7939,     62.8635,      3.4953,      0.1874,      0.1517,     39.5474,      0.2700,      5.6100,     11.2200,      2.3858,     29.0043,     58.0086,      0.0193,      0.0020,      0.2458,      0.2062,   7831.8096,-435992.8125,   -928.7972,    552.6854,  26106.0293,
       1,     169,     134,      15,       1,       3,       1,     10.0000,      1.4049,     42.6710,    249.7939,     62.8635,      3.4953,      0.1644,      0.1283,     75.5982,      0.2869,      5.6100,     11.2200,      2.5356,     29.0043,     58.0086,      0.0193,      0.0044,      0.2079,      0.2062,   7831.8091,-469270.1250,   -935.3572,    550.3864,  26106.0312,
       1,     169,     134,      16,       1,       3,       1,     10.0000,      1.4049,     42.6710,    249.7939,     62.8635,      3.4953,      0.1356,      0.1001,     60.6930,      0.2638,      5.6100,     11.2200,      2.3310,     29.0043,     58.0086,      0.0193,      0.0044,      0.1672,      0.2061,   7831.8096,-516574.4375,   -944.7933,    547.1367,  26106.0273,
       1,     169,     134,      17,       1,       3,       1,     10.0000,      1.4049,     42.6710,    249.7939,     62.8635,      3.4953,      0.1688,      0.1336,     99.9360,      0.2486,      5.6100,     11.2200,      2.1968,     29.0043,     58.0086,      0.0193,      0.0058,      0.2115,      0.2061,   7831.8086,-502226.0625,   -942.3316,    548.1277,  26106.0293,
       1,     169,     134,      18,       1,       3,       1,     10.0000,      1.4049,     42.6710,    249.7939,     62.8635,      3.4953,      0.1586,      0.1257,     85.8816,      0.1721,      5.6100,     11.2200,      1.5209,     29.0043,     58.0086,      0.0193,      0.0053,      0.1980,      0.2061,   7831.8091,-549415.4375,   -935.3779,    544.8953,  26105.8340,
       1,     169,     134,      19,       1,       3,       1,     10.0000,      1.4049,     42.6710,    249.7939,     62.8635,      3.4953,      0.0993,      0.0666,     61.6515,      0.1660,      5.6100,     11.2200,      1.4672,     29.0043,     58.0086,      0.0193,      0.0065,      0.1152,      0.2060,   7831.7505,-536122.5625,   -933.0062,    545.8102,  26105.8516,
       1,     169,     134,      20,       1,       3,       1,     10.0000,      1.4049,     42.6710,    249.7939,     62.8635,      3.4953,      0.0150,     -0.0176,      0.3235,      0.1626,      5.6100,     11.2200,      1.4367,     29.0043,     58.0086,      0.0193,      0.0072,      0.0006,      0.2061,   7831.7559,-505071.5938,   -927.0575,    547.9294,  26105.9023,
       1,     169,     134,      21,       1,       3,       1,     10.0000,      1.4049,     42.6710,    249.7939,     62.8635,      3.4953,      0.0000,     -0.0325,      7.3367,      0.1586,      5.6100,     11.2200,      1.4011,     29.0043,     58.0086,      0.0193,      0.0057,      0.0156,      0.2061,   7831.7710,-426771.6250,   -914.0801,    553.2965,  26106.0312,
       1,     169,     134,      22,       1,       3,       1,     10.0000,      1.4049,     42.6710,    249.7939,     62.8635,      3.4953,      0.0000,     -0.0324,      6.1352,      0.1568,      5.6100,     11.2200,      1.3857,     29.0043,     58.0086,      0.0193,      0.0048,      0.0156,      0.2062,   7831.8096,-428815.0312,   -915.2238,    553.1815,  26106.0332,
       1,     169,     134,      23,       1,       3,       1,     10.0000,      1.4049,     42.6710,    249.7939,     62.8635,      3.4953,      0.0000,     -0.0323,      1.6903,      0.1537,      5.6100,     11.2200,      1.3581,     29.0043,     58.0086,      0.0193,      0.0013,      0.0156,      0.2062,   7831.8101,-427476.0312,   -915.6348,    553.2741,  26106.0312,
       1,     169,     134,      24,       1,       3,       1,     10.0000,      1.4049,     42.6710,    249.7939,     62.8635,      3.4953,      0.0000,     -0.0323,      0.7182,      0.1520,      5.6100,     11.2200,      1.3432,     29.0043,     58.0086,      0.0193,      0.0006,      0.0156,      0.2062,   7831.8096,-421883.9688,   -914.7715,    553.6608,  26106.0312,
       1,     169,     135,       1,       1,       3,       1,     10.0000,      1.4050,     42.6713,    249.7998,     62.8650,      3.4953,      0.0000,     -0.0320,      0.4656,      0.1462,      5.6103,     11.2207,      1.2915,     29.0079,     58.0157,      0.0193,      0.0004,      0.0156,      0.2062,   7831.8096,-420365.5938,   -914.8034,    553.7791,  26107.2051,
       1,     169,     135,       2,       1,       3,       1,     10.0000,      1.4050,     42.6713,    249.7998,     62.8650,      3.4953,      0.0000,     -0.0320,      0.4013,      0.1448,      5.6103,     11.2207,      1.2798,     29.0079,     58.0157,      0.0193,      0.0003,      0.0156,      0.2062,   7832.1616,-419771.5938,   -914.4510,    553.8201,  26107.2051,
       1,     169,     135,       3,       1,       3,       1,     10.0000,      1.4050,     42.6713,    249.7998,     62.8650,      3.4953,      0.0000,     -0.0322,      0.3960,      0.1493,      5.6103,     11.2207,      1.3191,     29.0079,     58.0157,      0.0193,      0.0003,      0.0156,      0.2062,   7832.1616,-419641.7500,   -914.4348,    553.8292,  26107.2051,
       1,     169,     135,       4,       1,       3,       1,     10.0000,      1.4050,     42.6713,    249.7998,     62.8650,      3.4953,      0.0000,     -0.0322,      0.3698,      0.1494,      5.6103,     11.2207,      1.3204,     29.0079,     58.0157,      0.0193,      0.0003,      0.0156,      0.2062,   7832.1616,-419624.0625,   -914.4360,    553.8304,  26107.2051,
       1,     169,     135,       5,       1,       3,       1,     10.0000,      1.4050,     42.6713,    249.7998,     62.8650,      3.4953,      0.0000,     -0.0322,      0.3707,      0.1497,      5.6103,     11.2207,      1.3231,     29.0079,     58.0157,      0.0193,      0.0003,      0.0156,      0.2062,   7832.1616,-419590.3750,   -914.4316,    553.8327,  26107.2070,
       1,     169,     135,       6,       1,       3,       1,     10.0000,      1.4050,     42.6713,    249.7998,     62.8650,      3.4953,      0.0000,     -0.0322,      0.5214,      0.1494,      5.6103,     11.2207,      1.3204,     29.0079,     58.0157,      0.0193,      0.0004,      0.0156,      0.2062,   7832.1626,-419588.3750,   -914.4329,    553.8329,  26107.2031,
       1,     169,     135,       7,       1,       3,       1,     10.0000,      1.4050,     42.6713,    249.7998,     62.8650,      3.4953,      0.0000,     -0.0321,      0.5052,      0.1478,      5.6103,     11.2207,      1.3059,     29.0079,     58.0157,      0.0193,      0.0004,      0.0156,      0.2062,   7832.1611,-419774.1875,   -914.4764,    553.8200,  26107.2031,
       1,     169,     135,       8,       1,       3,       1,     10.0000,      1.4050,     42.6713,    249.7998,     62.8650,      3.4953,      0.0118,     -0.0203,      0.4733,      0.1485,      5.6103,     11.2207,      1.3125,     29.0079,     58.0157,      0.0193,      0.0004,      0.0156,      0.2062,   7832.1611,-419770.1250,   -914.4863,    553.8203,  26107.2031,
       1,     169,     135,       9,       1,       3,       1,     10.0000,      1.4050,     42.6713,    249.7998,     62.8650,      3.4953,      0.0899,      0.0569,      3.1734,      0.1733,      5.6103,     11.2207,      1.5316,     29.0079,     58.0157,      0.0193,      0.0004,      0.1080,      0.2062,   7832.1611,-419730.4688,   -914.5261,    553.8230,  26107.2051,
       1,     169,     135,      10,       1,       3,       1,     10.0000,      1.4050,     42.6713,    249.7998,     62.8650,      3.4953,      0.1696,      0.1360,      7.1171,      0.1961,      5.6103,     11.2207,      1.7324,     29.0079,     58.0157,      0.0193,      0.0004,      0.2231,      0.2062,   7832.1616,-423053.8438,   -915.4107,    553.5930,  26107.2051,
       1,     169,     135,      11,       1,       3,       1,     10.0000,      1.4050,     42.6713,    249.7998,     62.8650,      3.4953,      0.1882,      0.1545,      8.1224,      0.1992,      5.6103,     11.2207,      1.7600,     29.0079,     58.0157,      0.0193,      0.0004,      0.2500,      0.2062,   7832.1616,-428196.7500,   -917.0537,    553.2371,  26107.2051,
       1,     169,     135,      12,       1,       3,       1,     10.0000,      1.4050,     42.6713,    249.7998,     62.8650,      3.4953,      0.1882,      0.1543,      8.5513,      0.2040,      5.6103,     11.2207,      1.8023,     29.0079,     58.0157,      0.0193,      0.0004,      0.2500,      0.2062,   7832.1616,-429874.3125,   -918.4683,    553.1212,  26107.2031,
       1,     169,     135,      13,       1,       3,       1,     10.0000,      1.4050,     42.6713,    249.7998,     62.8650,      3.4953,      0.1857,      0.1513,      9.1761,      0.2187,      5.6103,     11.2207,      1.9327,     29.0079,     58.0157,      0.0193,      0.0005,      0.2464,      0.2062,   7832.1611,-430545.9375,   -919.7776,    553.0748,  26107.2070,
       1,     169,     135,      14,       1,       3,       1,     10.0000,      1.4050,     42.6713,    249.7998,     62.8650,      3.4953,      0.1895,      0.1547,     27.1174,      0.2345,      5.6103,     11.2207,      2.0720,     29.0079,     58.0157,      0.0193,      0.0013,      0.2500,      0.2062,   7832.1626,-431372.7812,   -920.7072,    553.0176,  26107.2051,
       1,     169,     135,      15,       1,       3,       1,     10.0000,      1.4050,     42.6713,    249.7998,     62.8650,      3.4953,      0.1474,      0.1120,     51.1043,      0.2602,      5.6103,     11.2207,      2.2996,     29.0079,     58.0157,      0.0193,      0.0034,      0.1857,      0.2062,   7832.1616,-453553.1250,   -925.9114,    551.4844,  26107.2051,
       1,     169,     135,      16,       1,       3,       1,     10.0000,      1.4050,     42.6713,    249.7998,     62.8650,      3.4953,      0.1067,      0.0715,     38.7822,      0.2508,      5.6103,     11.2207,      2.2162,     29.0079,     58.0157,      0.0193,      0.0037,      0.1274,      0.2062,   7832.1616,-485018.1875,   -932.5242,    549.3174,  26107.2051,
       1,     169,     135,      17,       1,       3,       1,     10.0000,      1.4050,     42.6713,    249.7998,     62.8650,      3.4953,      0.1288,      0.0932,     54.2587,      0.2677,      5.6103,     11.2207,      2.3652,     29.0079,     58.0157,      0.0193,      0.0042,      0.1580,      0.2062,   7832.1616,-472508.3125,   -930.7614,    550.1807,  26107.2070,
       1,     169,     135,      18,       1,       3,       1,     10.0000,      1.4050,     42.6713,    249.7998,     62.8650,      3.4953,      0.1154,      0.0791,     63.5673,      0.2939,      5.6103,     11.2207,      2.5974,     29.0079,     58.0157,      0.0193,      0.0057,      0.1369,      0.2062,   7832.1626,-490524.9688,   -934.7907,    548.9423,  26107.2051,
       1,     169,     135,      19,       1,       3,       1,     10.0000,      1.4050,     42.6713,    249.7998,     62.8650,      3.4953,      0.0642,      0.0284,     34.6957,      0.2753,      5.6103,     11.2207,      2.4325,     29.0079,     58.0157,      0.0193,      0.0065,      0.0651,      0.2061,   7832.1616,-503541.8750,   -937.9409,    548.0505,  26107.2051,
       1,     169,     135,      20,       1,       3,       1,     10.0000,      1.4050,     42.6713,    249.7998,     62.8650,      3.4953,      0.0116,     -0.0230,      9.1138,      0.2281,      5.6103,     11.2207,      2.0160,     29.0079,     58.0157,      0.0193,      0.0071,      0.0156,      0.2061,   7832.1616,-469030.5312,   -931.9661,    550.4155,  26107.2051,
       1,     169,     135,      21,       1,       3,       1,     10.0000,      1.4050,     42.6713,    249.7998,     62.8650,      3.4953,      0.0000,     -0.0337,      8.6289,      0.1953,      5.6103,     11.2207,      1.7256,     29.0079,     58.0157,      0.0193,      0.0068,      0.0156,      0.2062,   7832.1616,-434569.5312,   -925.7117,    552.7915,  26107.2051,
       1,     169,     135,      22,       1,       3,       1,     10.0000,      1.4050,     42.6713,    249.7998,     62.8650,      3.4953,      0.0000,     -0.0334,      9.6407,      0.1860,      5.6103,     11.2207,      1.6438,     29.0079,     58.0157,      0.0193,      0.0075,      0.0156,      0.2062,   7832.1616,-431047.8750,   -925.3124,    553.0400,  26107.2031,
       1,     169,     135,      23,       1,       3,       1,     10.0000,      1.4050,     42.6713,    249.7998,     62.8650,      3.4953,      0.0000,     -0.0332,      9.7952,      0.1788,      5.6103,     11.2207,      1.5797,     29.0079,     58.0157,      0.0193,      0.0077,      0.0156,      0.2062,   7832.1611,-431988.5625,   -925.7503,    552.9750,  26107.2051,
       1,     169,     135,      24,       1,       3,       1,     10.0000,      1.4050,     42.6713,    249.7998,     62.8650,      3.4953,      0.0000,     -0.0329,      9.6691,      0.1725,      5.6103,     11.2207,      1.5240,     29.0079,     58.0157,      0.0193,      0.0076,      0.0156,      0.2062,   7832.1616,-432258.8750,   -926.0440,    552.9564,  26107.2051,
       1,     169,     136,       1,       1,       3,       1,     10.0000,      1.4050,     42.6717,    249.8057,     62.8664,      3.4953,      0.0000,     -0.0330,      8.5779,      0.1737,      5.6108,     11.2217,      1.5347,     29.0067,     58.0135,      0.0193,      0.0067,      0.0156,      0.2062,   7832.1616,-432281.0625,   -926.5087,    552.9680,  26108.3789,
       1,     169,     136,       2,       1,       3,       1,     10.0000,      1.4050,     42.6717,    249.8057,     62.8664,      3.4953,      0.0000,     -0.0328,      6.4137,      0.1692,      5.6108,     11.2217,      1.4954,     29.0067,     58.0135,      0.0193,      0.0050,      0.0156,      0.2062,   7832.5142,-430785.1875,   -926.1121,    553.0714,  26108.3770,
       1,     169,     136,       3,       1,       3,       1,     10.0000,      1.4050,     42.6717,    249.8057,     62.8664,      3.4953,      0.0000,     -0.0328,      4.3401,      0.1682,      5.6108,     11.2217,      1.4865,     29.0067,     58.0135,      0.0193,      0.0034,      0.0156,      0.2062,   7832.5132,-427991.1250,   -925.6844,    553.2645,  26108.3750,
       1,     169,     136,       4,       1,       3,       1,     10.0000,      1.4050,     42.6717,    249.8057,     62.8664,      3.4953,      0.0000,     -0.0328,      3.7549,      0.1674,      5.6108,     11.2217,      1.4791,     29.0067,     58.0135,      0.0193,      0.0029,      0.0156,      0.2062,   7832.5127,-425198.3125,   -925.2129,    553.4576,  26108.3770,
       1,     169,     136,       5,       1,       3,       1,     10.0000,      1.4050,     42.6717,    249.8057,     62.8664,      3.4953,      0.0000,     -0.0326,      3.0093,      0.1613,      5.6108,     11.2217,      1.4253,     29.0067,     58.0135,      0.0193,      0.0024,      0.0156,      0.2062,   7832.5132,-424239.2188,   -925.0795,    553.5241,  26108.3770,
       1,     169,     136,       6,       1,       3,       1,     10.0000,      1.4050,     42.6717,    249.8057,     62.8664,      3.4953,      0.0000,     -0.0322,      2.4021,      0.1505,      5.6108,     11.2217,      1.3298,     29.0067,     58.0135,      0.0193,      0.0019,      0.0156,      0.2062,   7832.5132,-423238.7500,   -924.9344,    553.5933,  26108.3770,
       1,     169,     136,       7,       1,       3,       1,     10.0000,      1.4050,     42.6717,    249.8057,     62.8664,      3.4953,      0.0000,     -0.0318,      1.7368,      0.1387,      5.6108,     11.2217,      1.2254,     29.0067,     58.0135,      0.0193,      0.0014,      0.0156,      0.2062,   7832.5132,-422405.3750,   -924.8096,    553.6510,  26108.3770,
       1,     169,     136,       8,       1,       3,       1,     10.0000,      1.4050,     42.6717,    249.8057,     62.8664,      3.4953,      0.0023,     -0.0296,      1.5758,      0.1405,      5.6108,     11.2217,      1.2416,     29.0067,     58.0135,      0.0193,      0.0012,      0.0156,      0.2062,   7832.5132,-421514.5938,   -924.6621,    553.7127,  26108.3770,
       1,     169,     136,       9,       1,       3,       1,     10.0000,      1.4050,     42.6717,    249.8057,     62.8664,      3.4953,      0.0031,     -0.0296,      1.6257,      0.1634,      5.6108,     11.2217,      1.4440,     29.0067,     58.0135,      0.0193,      0.0013,      0.0156,      0.2062,   7832.5132,-421240.1875,   -924.6307,    553.7316,  26108.3770,
       1,     169,     136,      10,       1,       3,       1,     10.0000,      1.4050,     42.6717,    249.8057,     62.8664,      3.4953,      0.0067,     -0.0273,      2.0768,      0.2072,      5.6108,     11.2217,      1.8310,     29.0067,     58.0135,      0.0193,      0.0016,      0.0156,      0.2062,   7832.5132,-421278.5312,   -924.6577,    553.7290,  26108.3770,
       1,     169,     136,      11,       1,       3,       1,     10.0000,      1.4050,     42.6717,    249.8057,     62.8664,      3.4953,      0.0365,      0.0018,      5.8331,      0.2317,      5.6108,     11.2217,      2.0478,     29.0067,     58.0135,      0.0193,      0.0025,      0.0287,      0.2062,   7832.5132,-421837.3750,   -924.7871,    553.6903,  26108.3750,
       1,     169,     136,      12,       1,       3,       1,     10.0000,      1.4050,     42.6717,    249.8057,     62.8664,      3.4953,      0.0868,      0.0515,     16.8275,      0.2550,      5.6108,     11.2217,      2.2532,     29.0067,     58.0135,      0.0193,      0.0020,      0.1006,      0.2062,   7832.5127,-426513.0312,   -925.7303,    553.3667,  26108.3789,
       1,     169,     136,      13,       1,       3,       1,     10.0000,      1.4050,     42.6717,    249.8057,     62.8664,      3.4953,      0.1092,      0.0731,     24.7832,      0.2853,      5.6108,     11.2217,      2.5211,     29.0067,     58.0135,      0.0193,      0.0023,      0.1323,      0.2062,   7832.5142,-440457.8750,   -928.4968,    552.4022,  26108.3770,
       1,     169,     136,      14,       1,       3,       1,     10.0000,      1.4050,     42.6717,    249.8057,     62.8664,      3.4953,      0.1007,      0.0639,     36.6423,      0.3168,      5.6108,     11.2217,      2.7995,     29.0067,     58.0135,      0.0193,      0.0038,      0.1181,      0.2062,   7832.5132,-451452.9688,   -930.7531,    551.6439,  26108.3770,
       1,     169,     136,      15,       1,       3,       1,     10.0000,      1.4050,     42.6717,    249.8057,     62.8664,      3.4953,      0.0849,      0.0482,     51.8464,      0.3180,      5.6108,     11.2217,      2.8103,     29.0067,     58.0135,      0.0193,      0.0068,      0.0931,      0.2062,   7832.5132,-467006.6250,   -933.9429,    550.5719,  26108.3770,
       1,     169,     136,      16,       1,       3,       1,     10.0000,      1.4050,     42.6717,    249.8057,     62.8664,      3.4953,      0.0628,      0.0290,     33.1006,      0.2014,      5.6108,     11.2217,      1.7793,     29.0067,     58.0135,      0.0193,      0.0062,      0.0648,      0.2062,   7832.5132,-487076.7188,   -938.0809,    549.1917,  26108.3770,
       1,     169,     136,      17,       1,       3,       1,     10.0000,      1.4050,     42.6717,    249.8057,     62.8664,      3.4953,      0.0981,      0.0654,     63.1618,      0.1651,      5.6108,     11.2217,      1.4585,     29.0067,     58.0135,      0.0193,      0.0068,      0.1133,      0.2062,   7832.5132,-465669.8125,   -934.2031,    550.6629,  26108.3770,
       1,     169,     136,      18,       1,       3,       1,     10.0000,      1.4050,     42.6717,    249.8057,     62.8664,      3.4953,      0.0900,      0.0577,     63.0676,      0.1549,      5.6108,     11.2217,      1.3692,     29.0067,     58.0135,      0.0193,      0.0076,      0.1018,      0.2062,   7832.5132,-500913.5625,   -941.2832,    548.2390,  26108.3770,
       1,     169,     136,      19,       1,       3,       1,     10.0000,      1.4050,     42.6717,    249.8057,     62.8664,      3.4953,      0.0558,      0.0236,     37.3012,      0.1519,      5.6108,     11.2217,      1.3419,     29.0067,     58.0135,      0.0193,      0.0082,      0.0555,      0.2062,   7832.5132,-503807.6562,   -942.1757,    548.0460,  26108.3770,
       1,     169,     136,      20,       1,       3,       1,     10.0000,      1.4050,     42.6717,    249.8057,     62.8664,      3.4953,      0.0056,     -0.0265,     10.1601,      0.1476,      5.6108,     11.2217,      1.3046,     29.0067,     58.0135,      0.0193,      0.0079,      0.0156,      0.2062,   7832.5132,-472263.3125,   -936.3078,    550.2070,  26108.3770,
       1,     169,     136,      21,       1,       3,       1,     10.0000,      1.4050,     42.6717,    249.8057,     62.8664,      3.4953,      0.0000,     -0.0319,      5.1963,      0.1419,      5.6108,     11.2217,      1.2542,     29.0067,     58.0135,      0.0193,      0.0041,      0.0156,      0.2062,   7832.5132,-436132.9375,   -929.3815,    552.6962,  26108.3750,
       1,     169,     136,      22,       1,       3,       1,     10.0000,      1.4050,     42.6717,    249.8057,     62.8664,      3.4953,      0.0000,     -0.0318,      2.8167,      0.1395,      5.6108,     11.2217,      1.2328,     29.0067,     58.0135,      0.0193,      0.0022,      0.0156,      0.2062,   7832.5127,-426953.3750,   -927.6158,    553.3359,  26108.3750,
       1,     169,     136,      23,       1,       3,       1,     10.0000,      1.4050,     42.6717,    249.8057,     62.8664,      3.4953,      0.0000,     -0.0317,      1.8360,      0.1381,      5.6108,     11.2217,      1.2204,     29.0067,     58.0135,      0.0193,      0.0014,      0.0156,      0.2062,   7832.5127,-423233.3750,   -926.9001,    553.5936,  26108.3750,
       1,     169,     136,      24,       1,       3,       1,     10.0000,      1.4050,     42.6717,    249.8057,     62.8664,      3.4953,      0.0000,     -0.0318,      1.7501,      0.1408,      5.6108,     11.2217,      1.2441,     29.0067,     58.0135,      0.0193,      0.0014,      0.0156,      0.2062,   7832.5127,-421707.6250,   -926.6079,    553.6993,  26108.3750,
       1,     169,     137,       1,       1,       3,       1,     10.0000,      1.4050,     42.6720,    249.8116,     62.8680,      3.4953,      0.0000,     -0.0318,      1.3225,      0.1402,      5.6125,     11.2250,      1.2391,     28.9847,     57.9695,      0.0193,      0.0010,      0.0156,      0.2063,   7832.5127,-421627.0000,   -926.8763,    553.7181,  26109.5410,
       1,     169,     137,       2,       1,       3,       1,     10.0000,      1.4050,     42.6720,    249.8116,     62.8680,      3.4953,      0.0000,     -0.0318,      0.8995,      0.1397,      5.6125,     11.2250,      1.2341,     28.9847,     57.9695,      0.0193,      0.0007,      0.0156,      0.2063,   7832.8628,-420941.0938,   -926.4707,    553.7656,  26109.5430,
       1,     169,     137,       3,       1,       3,       1,     10.0000,      1.4050,     42.6720,    249.8116,     62.8680,      3.4953,      0.0000,     -0.0319,      0.6606,      0.1412,      5.6125,     11.2250,      1.2479,     28.9847,     57.9695,      0.0193,      0.0005,      0.0156,      0.2063,   7832.8633,-420361.2500,   -926.3589,    553.8058,  26109.5449,
       1,     169,     137,       4,       1,       3,       1,     10.0000,      1.4050,     42.6720,    249.8116,     62.8680,      3.4953,      0.0000,     -0.0318,      0.5644,      0.1409,      5.6125,     11.2250,      1.2454,     28.9847,     57.9695,      0.0193,      0.0004,      0.0156,      0.2063,   7832.8638,-420017.3438,   -926.2936,    553.8296,  26109.5430,
       1,     169,     137,       5,       1,       3,       1,     10.0000,      1.4050,     42.6720,    249.8116,     62.8680,      3.4953,      0.0000,     -0.0319,      0.6957,      0.1422,      5.6125,     11.2250,      1.2568,     28.9847,     57.9695,      0.0193,      0.0005,      0.0156,      0.2063,   7832.8633,-419869.5938,   -926.2667,    553.8398,  26109.5430,
       1,     169,     137,       6,       1,       3,       1,     10.0000,      1.4050,     42.6720,    249.8116,     62.8680,      3.4953,      0.0000,     -0.0318,      0.7013,      0.1405,      5.6125,     11.2250,      1.2416,     28.9847,     57.9695,      0.0193,      0.0005,      0.0156,      0.2063,   7832.8633,-420018.7812,   -926.2969,    553.8294,  26109.5449,
       1,     169,     137,       7,       1,       3,       1,     10.0000,      1.4050,     42.6720,    249.8116,     62.8680,      3.4953,      0.0000,     -0.0318,      0.9506,      0.1397,      5.6125,     11.2250,      1.2341,     28.9847,     57.9695,      0.0193,      0.0007,      0.0156,      0.2063,   7832.8638,-420038.2812,   -926.3015,    553.8281,  26109.5410,
       1,     169,     137,       8,       1,       3,       1,     10.0000,      1.4050,     42.6720,    249.8116,     62.8680,      3.4953,      0.0341,      0.0021,      2.2567,      0.1435,      5.6125,     11.2250,      1.2683,     28.9847,     57.9695,      0.0193,      0.0010,      0.0285,      0.2063,   7832.8628,-420347.4688,   -926.3627,    553.8068,  26109.5430,
       1,     169,     137,       9,       1,       3,       1,     10.0000,      1.4050,     42.6720,    249.8116,     62.8680,      3.4953,      0.1119,      0.0794,     10.0505,      0.1602,      5.6125,     11.2250,      1.4153,     28.9847,     57.9695,      0.0193,      0.0009,      0.1393,      0.2063,   7832.8633,-421982.4062,   -926.6768,    553.6935,  26109.5430,
       1,     169,     137,      10,       1,       3,       1,     10.0000,      1.4050,     42.6720,    249.8116,     62.8680,      3.4953,      0.1800,      0.1466,     12.5276,      0.1862,      5.6125,     11.2250,      1.6455,     28.9847,     57.9695,      0.0193,      0.0006,      0.2374,      0.2063,   7832.8633,-431722.7812,   -928.5762,    553.0193,  26109.5430,
       1,     169,     137,      11,       1,       3,       1,     10.0000,      1.4050,     42.6720,    249.8116,     62.8680,      3.4953,      0.1610,      0.1267,     11.0973,      0.2170,      5.6125,     11.2250,      1.9177,     28.9847,     57.9695,      0.0193,      0.0006,      0.2100,      0.2063,   7832.8633,-435606.2812,   -929.3183,    552.7513,  26109.5430,
       1,     169,     137,      12,       1,       3,       1,     10.0000,      1.4050,     42.6720,    249.8116,     62.8680,      3.4953,      0.1546,      0.1200,     10.5515,      0.2250,      5.6125,     11.2250,      1.9886,     28.9847,     57.9695,      0.0193,      0.0006,      0.2008,      0.2063,   7832.8633,-434174.6562,   -929.0413,    552.8503,  26109.5430,
       1,     169,     137,      13,       1,       3,       1,     10.0000,      1.4050,     42.6720,    249.8116,     62.8680,      3.4953,      0.1138,      0.0788,      8.0491,      0.2441,      5.6125,     11.2250,      2.1567,     28.9847,     57.9695,      0.0193,      0.0007,      0.1413,      0.2063,   7832.8633,-433380.0000,   -928.8834,    552.9052,  26109.5430,
       1,     169,     137,      14,       1,       3,       1,     10.0000,      1.4050,     42.6720,    249.8116,     62.8680,      3.4953,      0.0354,     -0.0001,      4.0111,      0.2651,      5.6125,     11.2250,      2.3425,     28.9847,     57.9695,      0.0193,      0.0019,      0.0264,      0.2063,   7832.8633,-430229.2812,   -928.2798,    553.1230,  26109.5449,
       1,     169,     137,      15,       1,       3,       1,     10.0000,      1.4050,     42.6720,    249.8116,     62.8680,      3.4953,      0.0664,      0.0305,     18.1384,      0.2782,      5.6125,     11.2250,      2.4586,     28.9847,     57.9695,      0.0193,      0.0032,      0.0700,      0.2063,   7832.8638,-424985.8750,   -927.2594,    553.4856,  26109.5430,
       1,     169,     137,      16,       1,       3,       1,     10.0000,      1.4050,     42.6720,    249.8116,     62.8680,      3.4953,      0.0839,      0.0493,     36.6938,      0.2277,      5.6125,     11.2250,      2.0121,     28.9847,     57.9695,      0.0193,      0.0047,      0.0945,      0.2063,   7832.8633,-441943.0938,   -930.5850,    552.3125,  26109.5430,
       1,     169,     137,      17,       1,       3,       1,     10.0000,      1.4050,     42.6720,    249.8116,     62.8680,      3.4953,      0.0641,      0.0324,     21.8181,      0.1360,      5.6125,     11.2250,      1.2020,     28.9847,     57.9695,      0.0193,      0.0038,      0.0697,      0.2063,   7832.8633,-466256.0000,   -919.3249,    550.6351,  26109.4727,
       1,     169,     137,      18,       1,       3,       1,     10.0000,      1.4050,     42.6720,    249.8116,     62.8680,      3.4953,      0.0690,      0.0374,     28.7612,      0.1360,      5.6125,     11.2250,      1.2020,     28.9847,     57.9695,      0.0193,      0.0046,      0.0760,      0.2062,   7832.8423,-450002.9688,   -916.4927,    551.7564,  26109.5449,
       1,     169,     137,      19,       1,       3,       1,     10.0000,      1.4050,     42.6720,    249.8116,     62.8680,      3.4953,      0.0428,      0.0110,     17.7944,      0.1390,      5.6125,     11.2250,      1.2279,     28.9847,     57.9695,      0.0193,      0.0055,      0.0394,      0.2062,   7832.8638,-457168.5625,   -918.8390,    551.2634,  26109.5430,
       1,     169,     137,      20,       1,       3,       1,     10.0000,      1.4050,     42.6720,    249.8116,     62.8680,      3.4953,      0.0068,     -0.0249,      7.5126,      0.1390,      5.6125,     11.2250,      1.2279,     28.9847,     57.9695,      0.0193,      0.0059,      0.0156,      0.2062,   7832.8633,-444261.1562,   -917.4307,    552.1530,  26109.5469,
       1,     169,     137,      21,       1,       3,       1,     10.0000,      1.4050,     42.6720,    249.8116,     62.8680,      3.4953,      0.0000,     -0.0316,      5.8823,      0.1348,      5.6125,     11.2250,      1.1911,     28.9847,     57.9695,      0.0193,      0.0046,      0.0156,      0.2062,   7832.8643,-430494.0625,   -915.7608,    553.1039,  26109.5449,
       1,     169,     137,      22,       1,       3,       1,     10.0000,      1.4050,     42.6720,    249.8116,     62.8680,      3.4953,      0.0000,     -0.0314,      0.7314,      0.1298,      5.6125,     11.2250,      1.1472,     28.9847,     57.9695,      0.0193,      0.0006,      0.0156,      0.2063,   7832.8638,-427314.6562,   -915.7861,    553.3245,  26109.5449,
       1,     169,     137,      23,       1,       3,       1,     10.0000,      1.4050,     42.6720,    249.8116,     62.8680,      3.4953,      0.0000,     -0.0318,      0.5985,      0.1398,      5.6125,     11.2250,      1.2354,     28.9847,     57.9695,      0.0193,      0.0005,      0.0156,      0.2063,   7832.8638,-420697.0625,   -914.6167,    553.7823,  26109.5430,
       1,     169,     137,      24,       1,       3,       1,     10.0000,      1.4050,     42.6720,    249.8116,     62.8680,      3.4953,      0.0000,     -0.0319,      0.7603,      0.1434,      5.6125,     11.2250,      1.2670,     28.9847,     57.9695,      0.0193,      0.0006,      0.0156,      0.2063,   7832.8633,-419969.9062,   -914.5015,    553.8329,  26109.5430,
       1,     169,     138,       1,       1,       3,       1,     10.0000,      1.4050,     42.6723,    249.8175,     62.8695,      3.4953,      0.0000,     -0.0322,      0.6854,      0.1499,      5.6123,     11.2245,      1.3245,     28.9724,     57.9448,      0.0193,      0.0005,      0.0156,      0.2063,   7832.8633,-420262.8438,   -914.8425,    553.8259,  26110.7148,
       1,     169,     138,       2,       1,       3,       1,     10.0000,      1.4050,     42.6723,    249.8175,     62.8695,      3.4953,      0.0000,     -0.0321,      0.7773,      0.1484,      5.6123,     11.2245,      1.3113,     28.9724,     57.9448,      0.0193,      0.0006,      0.0156,      0.2063,   7833.2148,-420042.6562,   -914.5642,    553.8412,  26110.7148,
       1,     169,     138,       3,       1,       3,       1,     10.0000,      1.4050,     42.6723,    249.8175,     62.8695,      3.4953,      0.0000,     -0.0321,      0.8439,      0.1473,      5.6123,     11.2245,      1.3020,     28.9724,     57.9448,      0.0193,      0.0007,      0.0156,      0.2063,   7833.2148,-420136.9375,   -914.6216,    553.8346,  26110.7148,
       1,     169,     138,       4,       1,       3,       1,     10.0000,      1.4050,     42.6723,    249.8175,     62.8695,      3.4953,      0.0000,     -0.0321,      1.0741,      0.1479,      5.6123,     11.2245,      1.3073,     28.9724,     57.9448,      0.0193,      0.0008,      0.0156,      0.2063,   7833.2148,-420227.1250,   -914.6803,    553.8284,  26110.7168,
       1,     169,     138,       5,       1,       3,       1,     10.0000,      1.4050,     42.6723,    249.8175,     62.8695,      3.4953,      0.0000,     -0.0320,      1.3643,      0.1463,      5.6123,     11.2245,      1.2929,     28.9724,     57.9448,      0.0193,      0.0011,      0.0156,      0.2063,   7833.2153,-420517.8438,   -914.7849,    553.8082,  26110.7168,
       1,     169,     138,       6,       1,       3,       1,     10.0000,      1.4050,     42.6723,    249.8175,     62.8695,      3.4953,      0.0000,     -0.0321,      0.9381,      0.1472,      5.6123,     11.2245,      1.3007,     28.9724,     57.9448,      0.0193,      0.0007,      0.0156,      0.2063,   7833.2153,-420900.1250,   -914.9331,    553.7818,  26110.7148,
       1,     169,     138,       7,       1,       3,       1,     10.0000,      1.4050,     42.6723,    249.8175,     62.8695,      3.4953,      0.0000,     -0.0319,      0.6300,      0.1432,      5.6123,     11.2245,      1.2657,     28.9724,     57.9448,      0.0193,      0.0005,      0.0156,      0.2063,   7833.2148,-420408.0312,   -914.8722,    553.8158,  26110.7129,
       1,     169,     138,       8,       1,       3,       1,     10.0000,      1.4050,     42.6723,    249.8175,     62.8695,      3.4953,      0.0237,     -0.0083,      0.3392,      0.1450,      5.6123,     11.2245,      1.2812,     28.9724,     57.9448,      0.0193,      0.0003,      0.0138,      0.2063,   7833.2144,-419986.8750,   -914.8229,    553.8450,  26110.7148,
       1,     169,     138,       9,       1,       3,       1,     10.0000,      1.4050,     42.6723,    249.8175,     62.8695,      3.4953,      0.0885,      0.0557,      2.8261,      0.1674,      5.6123,     11.2245,      1.4791,     28.9724,     57.9448,      0.0193,      0.0003,      0.1062,      0.2063,   7833.2148,-419592.5000,   -914.8123,    553.8723,  26110.7148,
       1,     169,     138,      10,       1,       3,       1,     10.0000,      1.4050,     42.6723,    249.8175,     62.8695,      3.4953,      0.1382,      0.1046,      5.6150,      0.1945,      5.6123,     11.2245,      1.7189,     28.9724,     57.9448,      0.0193,      0.0004,      0.1776,      0.2063,   7833.2148,-422621.9375,   -915.5858,    553.6625,  26110.7148,
       1,     169,     138,      11,       1,       3,       1,     10.0000,      1.4050,     42.6723,    249.8175,     62.8695,      3.4953,      0.1537,      0.1194,      7.1583,      0.2168,      5.6123,     11.2245,      1.9158,     28.9724,     57.9448,      0.0193,      0.0004,      0.1999,      0.2063,   7833.2148,-426315.6562,   -916.7094,    553.4069,  26110.7148,
       1,     169,     138,      12,       1,       3,       1,     10.0000,      1.4050,     42.6723,    249.8175,     62.8695,      3.4953,      0.1669,      0.1322,      8.3935,      0.2300,      5.6123,     11.2245,      2.0320,     28.9724,     57.9448,      0.0193,      0.0005,      0.2190,      0.2063,   7833.2148,-428531.7812,   -917.7254,    553.2537,  26110.7148,
       1,     169,     138,      13,       1,       3,       1,     10.0000,      1.4050,     42.6723,    249.8175,     62.8695,      3.4953,      0.1739,      0.1384,     10.4172,      0.2618,      5.6123,     11.2245,      2.3132,     28.9724,     57.9448,      0.0193,      0.0006,      0.2292,      0.2063,   7833.2148,-430242.1250,   -918.6906,    553.1354,  26110.7148,
       1,     169,     138,      14,       1,       3,       1,     10.0000,      1.4050,     42.6723,    249.8175,     62.8695,      3.4953,      0.1765,      0.1404,     29.1730,      0.2906,      5.6123,     11.2245,      2.5678,     28.9724,     57.9448,      0.0193,      0.0015,      0.2311,      0.2063,   7833.2148,-432880.9375,   -920.2100,    552.9531,  26110.7129,
       1,     169,     138,      15,       1,       3,       1,     10.0000,      1.4050,     42.6723,    249.8175,     62.8695,      3.4953,      0.1676,      0.1317,     63.4169,      0.2796,      5.6123,     11.2245,      2.4706,     28.9724,     57.9448,      0.0193,      0.0036,      0.2140,      0.2063,   7833.2144,-456211.5000,   -925.6778,    551.3404,  26110.7148,
       1,     169,     138,      16,       1,       3,       1,     10.0000,      1.4050,     42.6723,    249.8175,     62.8695,      3.4953,      0.1659,      0.1305,     80.0419,      0.2600,      5.6123,     11.2245,      2.2975,     28.9724,     57.9448,      0.0193,      0.0047,      0.2096,      0.2063,   7833.2148,-500405.0625,   -934.9496,    548.2970,  26110.7148,
       1,     169,     138,      17,       1,       3,       1,     10.0000,      1.4050,     42.6723,    249.8175,     62.8695,      3.4953,      0.1316,      0.0962,     75.7101,      0.2570,      5.6123,     11.2245,      2.2709,     28.9724,     57.9448,      0.0193,      0.0058,      0.1596,      0.2062,   7833.2148,-524686.9375,   -940.5341,    546.6413,  26110.7148,
       1,     169,     138,      18,       1,       3,       1,     10.0000,      1.4050,     42.6723,    249.8175,     62.8695,      3.4953,      0.0748,      0.0411,     46.5187,      0.1984,      5.6123,     11.2245,      1.7532,     28.9724,     57.9448,      0.0193,      0.0070,      0.0808,      0.2062,   7833.2148,-521402.3438,   -940.8454,    546.8683,  26110.7129,
       1,     169,     138,      19,       1,       3,       1,     10.0000,      1.4050,     42.6723,    249.8175,     62.8695,      3.4953,      0.0459,      0.0139,     24.6904,      0.1465,      5.6123,     11.2245,      1.2942,     28.9724,     57.9448,      0.0193,      0.0070,      0.0429,      0.2062,   7833.2144,-485110.5938,   -927.8604,    549.3491,  26110.7129,
       1,     169,     138,      20,       1,       3,       1,     10.0000,      1.4050,     42.6723,    249.8175,     62.8695,      3.4953,      0.0039,     -0.0280,      7.9098,      0.1437,      5.6123,     11.2245,      1.2696,     28.9724,     57.9448,      0.0193,      0.0062,      0.0156,      0.2062,   7833.2144,-455135.0625,   -923.5109,    551.4131,  26110.7168,
       1,     169,     138,      21,       1,       3,       1,     10.0000,      1.4050,     42.6723,    249.8175,     62.8695,      3.4953,      0.0000,     -0.0318,      6.1524,      0.1401,      5.6123,     11.2245,      1.2379,     28.9724,     57.9448,      0.0193,      0.0048,      0.0156,      0.2063,   7833.2153,-431911.7812,   -919.7717,    553.0176,  26110.7129,
       1,     169,     138,      22,       1,       3,       1,     10.0000,      1.4050,     42.6723,    249.8175,     62.8695,      3.4953,      0.0000,     -0.0322,      6.8001,      0.1505,      5.6123,     11.2245,      1.3299,     28.9724,     57.9448,      0.0193,      0.0053,      0.0156,      0.2063,   7833.2144,-427772.4688,   -919.3898,    553.3062,  26110.7148,
       1,     169,     138,      23,       1,       3,       1,     10.0000,      1.4050,     42.6723,    249.8175,     62.8695,      3.4953,      0.0000,     -0.0325,      3.8464,      0.1583,      5.6123,     11.2245,      1.3984,     28.9724,     57.9448,      0.0193,      0.0030,      0.0156,      0.2063,   7833.2148,-428214.7500,   -919.9359,    553.2757,  26110.7148,
       1,     169,     138,      24,       1,       3,       1,     10.0000,      1.4050,     42.6723,    249.8175,     62.8695,      3.4953,      0.0000,     -0.0324,      0.9903,      0.1575,      5.6123,     11.2245,      1.3914,     28.9724,     57.9448,      0.0193,      0.0008,      0.0156,      0.2063,   7833.2148,-424613.7812,   -919.5138,    553.5247,  26110.7148,
       1,     169,     139,       1,       1,       3,       1,     10.0000,      1.4051,     42.6727,    249.8234,     62.8709,      3.4953,      0.0000,     -0.0323,      0.8648,      0.1546,      5.6111,     11.2222,      1.3665,     28.9693,     57.9387,      0.0193,      0.0007,      0.0156,      0.2063,   7833.2148,-420944.3438,   -919.1475,    553.7916,  26111.8848,
       1,     169,     139,       2,       1,       3,       1,     10.0000,      1.4051,     42.6727,    249.8234,     62.8709,      3.4953,      0.0000,     -0.0323,      1.0382,      0.1551,      5.6111,     11.2222,      1.3707,     28.9693,     57.9387,      0.0193,      0.0008,      0.0156,      0.2063,   7833.5659,-420324.3438,   -918.7950,    553.8347,  26111.8867,
       1,     169,     139,       3,       1,       3,       1,     10.0000,      1.4051,     42.6727,    249.8234,     62.8709,      3.4953,      0.0000,     -0.0322,      0.9523,      0.1516,      5.6111,     11.2222,      1.3393,     28.9693,     57.9387,      0.0193,      0.0007,      0.0156,      0.2063,   7833.5664,-420484.7188,   -918.8828,    553.8235,  26111.8828,
       1,     169,     139,       4,       1,       3,       1,     10.0000,      1.4051,     42.6727,    249.8234,     62.8709,      3.4953,      0.0000,     -0.0321,      1.3675,      0.1479,      5.6111,     11.2222,      1.3073,     28.9693,     57.9387,      0.0193,      0.0011,      0.0156,      0.2063,   7833.5649,-420393.2188,   -918.9218,    553.8298,  26111.8848,
       1,     169,     139,       5,       1,       3,       1,     10.0000,      1.4051,     42.6727,    249.8234,     62.8709,      3.4953,      0.0000,     -0.0320,      1.0495,      0.1454,      5.6111,     11.2222,      1.2851,     28.9693,     57.9387,      0.0193,      0.0008,      0.0156,      0.2063,   7833.5659,-420896.3438,   -919.1027,    553.7949,  26111.8848,
       1,     169,     139,       6,       1,       3,       1,     10.0000,      1.4051,     42.6727,    249.8234,     62.8709,      3.4953,      0.0000,     -0.0320,      0.6432,      0.1466,      5.6111,     11.2222,      1.2955,     28.9693,     57.9387,      0.0193,      0.0005,      0.0156,      0.2063,   7833.5659,-420547.6875,   -919.1013,    553.8192,  26111.8867,
       1,     169,     139,       7,       1,       3,       1,     10.0000,      1.4051,     42.6727,    249.8234,     62.8709,      3.4953,      0.0000,     -0.0321,      0.4137,      0.1481,      5.6111,     11.2222,      1.3086,     28.9693,     57.9387,      0.0193,      0.0003,      0.0156,      0.2063,   7833.5664,-420017.3438,   -919.0253,    553.8558,  26111.8867,
       1,     169,     139,       8,       1,       3,       1,     10.0000,      1.4051,     42.6727,    249.8234,     62.8709,      3.4953,      0.0060,     -0.0261,      0.3671,      0.1504,      5.6111,     11.2222,      1.3286,     28.9693,     57.9387,      0.0193,      0.0003,      0.0156,      0.2063,   7833.5664,-419689.4375,   -918.9693,    553.8785,  26111.8828,
       1,     169,     139,       9,       1,       3,       1,     10.0000,      1.4051,     42.6727,    249.8234,     62.8709,      3.4953,      0.0616,      0.0291,      1.6923,      0.1586,      5.6111,     11.2222,      1.4013,     28.9693,     57.9387,      0.0193,      0.0003,      0.0677,      0.2063,   7833.5649,-419604.6562,   -918.9694,    553.8844,  26111.8828,
       1,     169,     139,      10,       1,       3,       1,     10.0000,      1.4051,     42.6727,    249.8234,     62.8709,      3.4953,      0.1225,      0.0891,      5.1253,      0.1859,      5.6111,     11.2222,      1.6423,     28.9693,     57.9387,      0.0193,      0.0004,      0.1548,      0.2063,   7833.5649,-421229.5938,   -919.4074,    553.7720,  26111.8848,
       1,     169,     139,      11,       1,       3,       1,     10.0000,      1.4051,     42.6727,    249.8234,     62.8709,      3.4953,      0.1798,      0.1456,      9.4367,      0.2141,      5.6111,     11.2222,      1.8916,     28.9693,     57.9387,      0.0193,      0.0005,      0.2376,      0.2063,   7833.5659,-425595.5938,   -920.6592,    553.4697,  26111.8848,
       1,     169,     139,      12,       1,       3,       1,     10.0000,      1.4051,     42.6727,    249.8234,     62.8709,      3.4953,      0.1883,      0.1542,      9.5941,      0.2095,      5.6111,     11.2222,      1.8510,     28.9693,     57.9387,      0.0193,      0.0005,      0.2500,      0.2063,   7833.5659,-431278.2500,   -922.5656,    553.0767,  26111.8848,
       1,     169,     139,      13,       1,       3,       1,     10.0000,      1.4051,     42.6727,    249.8234,     62.8709,      3.4953,      0.1883,      0.1540,     10.0263,      0.2181,      5.6111,     11.2222,      1.9272,     28.9693,     57.9387,      0.0193,      0.0005,      0.2500,      0.2063,   7833.5659,-431956.6562,   -923.7896,    553.0298,  26111.8848,
       1,     169,     139,      14,       1,       3,       1,     10.0000,      1.4051,     42.6727,    249.8234,     62.8709,      3.4953,      0.1847,      0.1504,     11.0796,      0.2194,      5.6111,     11.2222,      1.9386,     28.9693,     57.9387,      0.0193,      0.0006,      0.2447,      0.2063,   7833.5659,-432546.7500,   -924.8442,    552.9891,  26111.8848,
       1,     169,     139,      15,       1,       3,       1,     10.0000,      1.4051,     42.6727,    249.8234,     62.8709,      3.4953,      0.1832,      0.1488,     44.5176,      0.2224,      5.6111,     11.2222,      1.9654,     28.9693,     57.9387,      0.0193,      0.0023,      0.2387,      0.2063,   7833.5659,-433894.4062,   -925.5671,    552.8959,  26111.8848,
       1,     169,     139,      16,       1,       3,       1,     10.0000,      1.4051,     42.6727,    249.8234,     62.8709,      3.4953,      0.1758,      0.1414,     69.5572,      0.2198,      5.6111,     11.2222,      1.9424,     28.9693,     57.9387,      0.0193,      0.0038,      0.2250,      0.2063,   7833.5659,-475197.8125,   -933.9427,    550.0414,  26111.8848,
       1,     169,     139,      17,       1,       3,       1,     10.0000,      1.4051,     42.6727,    249.8234,     62.8709,      3.4953,      0.1604,      0.1260,     57.5566,      0.2198,      5.6111,     11.2222,      1.9424,     28.9693,     57.9387,      0.0193,      0.0034,      0.2039,      0.2063,   7833.5659,-509597.4688,   -941.1501,    547.6835,  26111.8848,
       1,     169,     139,      18,       1,       3,       1,     10.0000,      1.4051,     42.6727,    249.8234,     62.8709,      3.4953,      0.1058,      0.0716,     37.6985,      0.2145,      5.6111,     11.2222,      1.8953,     28.9693,     57.9387,      0.0193,      0.0036,      0.1265,      0.2062,   7833.5659,-497727.7188,   -939.4997,    548.5012,  26111.8848,
       1,     169,     139,      19,       1,       3,       1,     10.0000,      1.4051,     42.6727,    249.8234,     62.8709,      3.4953,      0.0582,      0.0240,     18.3124,      0.2128,      5.6111,     11.2222,      1.8804,     28.9693,     57.9387,      0.0193,      0.0038,      0.0594,      0.2062,   7833.5659,-472230.9062,   -935.0532,    550.2499,  26111.8848,
       1,     169,     139,      20,       1,       3,       1,     10.0000,      1.4051,     42.6727,    249.8234,     62.8709,      3.4953,      0.0109,     -0.0228,      5.0338,      0.1988,      5.6111,     11.2222,      1.7567,     28.9693,     57.9387,      0.0193,      0.0039,      0.0156,      0.2063,   7833.5659,-446179.3125,   -930.3422,    552.0446,  26111.8848,
       1,     169,     139,      21,       1,       3,       1,     10.0000,      1.4051,     42.6727,    249.8234,     62.8709,      3.4953,      0.0000,     -0.0335,      5.0661,      0.1898,      5.6111,     11.2222,      1.6769,     28.9693,     57.9387,      0.0193,      0.0040,      0.0156,      0.2063,   7833.5659,-427609.4375,   -926.9422,    553.3290,  26111.8848,
       1,     169,     139,      22,       1,       3,       1,     10.0000,      1.4051,     42.6727,    249.8234,     62.8709,      3.4953,      0.0000,     -0.0333,      5.0349,      0.1826,      5.6111,     11.2222,      1.6132,     28.9693,     57.9387,      0.0193,      0.0039,      0.0156,      0.2063,   7833.5659,-426068.5000,   -926.7512,    553.4371,  26111.8848,
       1,     169,     139,      23,       1,       3,       1,     10.0000,      1.4051,     42.6727,    249.8234,     62.8709,      3.4953,      0.0000,     -0.0332,      4.4312,      0.1820,      5.6111,     11.2222,      1.6084,     28.9693,     57.9387,      0.0193,      0.0035,      0.0156,      0.2063,   7833.5659,-425896.9688,   -926.8089,    553.4489,  26111.8848,
       1,     169,     139,      24,       1,       3,       1,     10.0000,      1.4051,     42.6727,    249.8234,     62.8709,      3.4953,      0.0000,     -0.0331,      4.5343,      0.1775,      5.6111,     11.2222,      1.5689,     28.9693,     57.9387,      0.0193,      0.0035,      0.0156,      0.2063,   7833.5659,-425138.7812,   -926.7355,    553.5014,  26111.8867,
       1,     169,     140,       1,       1,       3,       1,     10.0000,      1.4051,     42.6730,    249.8292,     62.8724,      3.4953,      0.0000,     -0.0329,      3.4482,      0.1706,      5.6114,     11.2227,      1.5075,     28.9691,     57.9383,      0.0193,      0.0027,      0.0156,      0.2063,   7833.5664,-425355.7500,   -927.1164,    553.4995,  26113.0508,
       1,     169,     140,       2,       1,       3,       1,     10.0000,      1.4051,     42.6730,    249.8292,     62.8724,      3.4953,      0.0000,     -0.0328,      2.5272,      0.1682,      5.6114,     11.2227,      1.4866,     28.9691,     57.9383,      0.0193,      0.0020,      0.0156,      0.2063,   7833.9155,-423884.6875,   -926.5992,    553.6012,  26113.0488,
       1,     169,     140,       3,       1,       3,       1,     10.0000,      1.4051,     42.6730,    249.8292,     62.8724,      3.4953,      0.0000,     -0.0328,      1.9345,      0.1676,      5.6114,     11.2227,      1.4807,     28.9691,     57.9383,      0.0193,      0.0015,      0.0156,      0.2063,   7833.9150,-422625.6250,   -926.3951,    553.6884,  26113.0488,
       1,     169,     140,       4,       1,       3,       1,     10.0000,      1.4051,     42.6730,    249.8292,     62.8724,      3.4953,      0.0000,     -0.0322,      1.6810,      0.1508,      5.6114,     11.2227,      1.3326,     28.9691,     57.9383,      0.0193,      0.0013,      0.0156,      0.2063,   7833.9150,-421788.1875,   -926.2634,    553.7463,  26113.0508,
       1,     169,     140,       5,       1,       3,       1,     10.0000,      1.4051,     42.6730,    249.8292,     62.8724,      3.4953,      0.0000,     -0.0320,      1.7756,      0.1459,      5.6114,     11.2227,      1.2890,     28.9691,     57.9383,      0.0193,      0.0014,      0.0156,      0.2063,   7833.9155,-421404.4375,   -926.2135,    553.7729,  26113.0508,
       1,     169,     140,       6,       1,       3,       1,     10.0000,      1.4051,     42.6730,    249.8292,     62.8724,      3.4953,      0.0000,     -0.0322,      1.0470,      0.1497,      5.6114,     11.2227,      1.3233,     28.9691,     57.9383,      0.0193,      0.0008,      0.0156,      0.2063,   7833.9155,-421488.0625,   -926.2534,    553.7672,  26113.0508,
       1,     169,     140,       7,       1,       3,       1,     10.0000,      1.4051,     42.6730,    249.8292,     62.8724,      3.4953,      0.0000,     -0.0321,      1.9806,      0.1471,      5.6114,     11.2227,      1.2995,     28.9691,     57.9383,      0.0193,      0.0015,      0.0156,      0.2063,   7833.9155,-420597.9688,   -925.0507,    553.8287,  26113.0488,
       1,     169,     140,       8,       1,       3,       1,     10.0000,      1.4051,     42.6730,    249.8292,     62.8724,      3.4953,      0.0186,     -0.0134,      0.8266,      0.1454,      5.6114,     11.2227,      1.2851,     28.9691,     57.9383,      0.0193,      0.0016,      0.0064,      0.2063,   7833.9150,-421672.2188,   -925.3138,    553.7544,  26113.0527,
       1,     169,     140,       9,       1,       3,       1,     10.0000,      1.4051,     42.6730,    249.8292,     62.8724,      3.4953,      0.1074,      0.0750,     15.8699,      0.1550,      5.6114,     11.2227,      1.3693,     28.9691,     57.9383,      0.0193,      0.0015,      0.1321,      0.2063,   7833.9160,-420342.1875,   -925.1231,    553.8464,  26113.0508,
       1,     169,     140,      10,       1,       3,       1,     10.0000,      1.4051,     42.6730,    249.8292,     62.8724,      3.4953,      0.1467,      0.1140,     21.3246,      0.1652,      5.6114,     11.2227,      1.4601,     28.9691,     57.9383,      0.0193,      0.0014,      0.1881,      0.2063,   7833.9155,-438753.3750,   -928.8154,    552.5718,  26113.0488,
       1,     169,     140,      11,       1,       3,       1,     10.0000,      1.4051,     42.6730,    249.8292,     62.8724,      3.4953,      0.1729,      0.1396,     22.0742,      0.1822,      5.6114,     11.2227,      1.6100,     28.9691,     57.9383,      0.0193,      0.0012,      0.2259,      0.2063,   7833.9150,-447045.7188,   -930.7026,    552.0005,  26113.0508,
       1,     169,     140,      12,       1,       3,       1,     10.0000,      1.4051,     42.6730,    249.8292,     62.8724,      3.4953,      0.1890,      0.1553,     17.4050,      0.1978,      5.6114,     11.2227,      1.7481,     28.9691,     57.9383,      0.0193,      0.0008,      0.2500,      0.2063,   7833.9155,-448673.8750,   -931.3871,    551.8885,  26113.0508,
       1,     169,     140,      13,       1,       3,       1,     10.0000,      1.4051,     42.6730,    249.8292,     62.8724,      3.4953,      0.1884,      0.1537,     13.3435,      0.2334,      5.6114,     11.2227,      2.0621,     28.9691,     57.9383,      0.0193,      0.0007,      0.2500,      0.2063,   7833.9155,-443059.8750,   -930.7553,    552.2758,  26113.0527,
       1,     169,     140,      14,       1,       3,       1,     10.0000,      1.4051,     42.6730,    249.8292,     62.8724,      3.4953,      0.1885,      0.1539,     14.2615,      0.2293,      5.6114,     11.2227,      2.0261,     28.9691,     57.9383,      0.0193,      0.0007,      0.2500,      0.2063,   7833.9160,-437579.3125,   -929.9890,    552.6542,  26113.0508,
       1,     169,     140,      15,       1,       3,       1,     10.0000,      1.4051,     42.6730,    249.8292,     62.8724,      3.4953,      0.1898,      0.1575,     24.1493,      0.1561,      5.6114,     11.2227,      1.3790,     28.9691,     57.9383,      0.0193,      0.0012,      0.2500,      0.2063,   7833.9155,-438243.8438,   -917.5250,    552.6085,  26113.0527,
       1,     169,     140,      16,       1,       3,       1,     10.0000,      1.4051,     42.6730,    249.8292,     62.8724,      3.4953,      0.0671,      0.0355,     11.2551,      0.1352,      5.6114,     11.2227,      1.1948,     28.9691,     57.9383,      0.0193,      0.0018,      0.0752,      0.2063,   7833.9160,-450479.1562,   -917.0146,    551.7633,  26113.0527,
       1,     169,     140,      17,       1,       3,       1,     10.0000,      1.4051,     42.6730,    249.8292,     62.8724,      3.4953,      0.0589,      0.0273,     11.3425,      0.1339,      5.6114,     11.2227,      1.1828,     28.9691,     57.9383,      0.0193,      0.0022,      0.0635,      0.2063,   7833.9160,-435637.7812,   -913.4758,    552.7876,  26113.0527,
       1,     169,     140,      18,       1,       3,       1,     10.0000,      1.4051,     42.6730,    249.8292,     62.8724,      3.4953,      0.0863,      0.0547,     27.8095,      0.1349,      5.6114,     11.2227,      1.1924,     28.9691,     57.9383,      0.0193,      0.0034,      0.1008,      0.2063,   7833.9160,-434483.9688,   -913.8082,    552.8682,  26113.0527,
       1,     169,     140,      19,       1,       3,       1,     10.0000,      1.4051,     42.6730,    249.8292,     62.8724,      3.4953,      0.0581,      0.0266,     16.0623,      0.1302,      5.6114,     11.2227,      1.1508,     28.9691,     57.9383,      0.0193,      0.0032,      0.0618,      0.2063,   7833.9160,-454666.3125,   -918.2763,    551.4736,  26113.0527,
       1,     169,     140,      20,       1,       3,       1,     10.0000,      1.4051,     42.6730,    249.8292,     62.8724,      3.4953,      0.0078,     -0.0235,      1.1035,      0.1257,      5.6114,     11.2227,      1.1105,     28.9691,     57.9383,      0.0193,      0.0009,      0.0156,      0.2063,   7833.9160,-441916.7188,   -916.6859,    552.3541,  26113.0527,
       1,     169,     140,      21,       1,       3,       1,     10.0000,      1.4051,     42.6730,    249.8292,     62.8724,      3.4953,      0.0000,     -0.0313,      0.5783,      0.1264,      5.6114,     11.2227,      1.1173,     28.9691,     57.9383,      0.0193,      0.0005,      0.0156,      0.2063,   7833.9160,-422405.7500,   -913.2859,    553.7020,  26113.0527,
       1,     169,     140,      22,       1,       3,       1,     10.0000,      1.4051,     42.6730,    249.8292,     62.8724,      3.4953,      0.0000,     -0.0314,      0.8253,      0.1290,      5.6114,     11.2227,      1.1403,     28.9691,     57.9383,      0.0193,      0.0006,      0.0156,      0.2063,   7833.9160,-420100.9375,   -912.8930,    553.8632,  26113.0527,
       1,     169,     140,      23,       1,       3,       1,     10.0000,      1.4051,     42.6730,    249.8292,     62.8724,      3.4953,      0.0000,     -0.0314,      0.9759,      0.1285,      5.6114,     11.2227,      1.1357,     28.9691,     57.9383,      0.0193,      0.0008,      0.0156,      0.2063,   7833.9160,-420206.6562,   -912.9550,    553.8558,  26113.0547,
       1,     169,     140,      24,       1,       3,       1,     10.0000,      1.4051,     42.6730,    249.8292,     62.8724,      3.4953,      0.0000,     -0.0316,      0.6185,      0.1340,      5.6114,     11.2227,      1.1840,     28.9691,     57.9383,      0.0193,      0.0005,      0.0156,      0.2063,   7833.9165,-420400.9375,   -913.0772,    553.8423,  26113.0547,
       1,     169,     141,       1,       1,       3,       1,     10.0000,      1.4051,     42.6733,    249.8351,     62.8739,      3.4953,      0.0000,     -0.0314,      0.5831,      0.1301,      5.6114,     11.2229,      1.1496,     28.9659,     57.9318,      0.0193,      0.0005,      0.0156,      0.2064,   7833.9165,-420133.1562,   -913.3297,    553.8740,  26114.2227,
       1,     169,     141,       2,       1,       3,       1,     10.0000,      1.4051,     42.6733,    249.8351,     62.8739,      3.4953,      0.0000,     -0.0316,      0.4354,      0.1352,      5.6114,     11.2229,      1.1949,     28.9659,     57.9318,      0.0193,      0.0003,      0.0156,      0.2064,   7834.2671,-419914.2812,   -913.0676,    553.8892,  26114.2246,
       1,     169,     141,       3,       1,       3,       1,     10.0000,      1.4051,     42.6733,    249.8351,     62.8739,      3.4953,      0.0000,     -0.0317,      0.6509,      0.1370,      5.6114,     11.2229,      1.2107,     28.9659,     57.9318,      0.0193,      0.0005,      0.0156,      0.2064,   7834.2676,-419713.5000,   -913.0449,    553.9031,  26114.2246,
       1,     169,     141,       4,       1,       3,       1,     10.0000,      1.4051,     42.6733,    249.8351,     62.8739,      3.4953,      0.0000,     -0.0316,      0.9532,      0.1345,      5.6114,     11.2229,      1.1888,     28.9659,     57.9318,      0.0193,      0.0007,      0.0156,      0.2064,   7834.2676,-419961.7500,   -913.1214,    553.8859,  26114.2227,
       1,     169,     141,       5,       1,       3,       1,     10.0000,      1.4051,     42.6733,    249.8351,     62.8739,      3.4953,      0.0000,     -0.0315,      0.6576,      0.1326,      5.6114,     11.2229,      1.1721,     28.9659,     57.9318,      0.0193,      0.0005,      0.0156,      0.2064,   7834.2671,-420355.2500,   -913.2650,    553.8586,  26114.2246,
       1,     169,     141,       6,       1,       3,       1,     10.0000,      1.4051,     42.6733,    249.8351,     62.8739,      3.4953,      0.0000,     -0.0315,      0.6386,      0.1322,      5.6114,     11.2229,      1.1685,     28.9659,     57.9318,      0.0193,      0.0005,      0.0156,      0.2064,   7834.2676,-420024.7500,   -913.2413,    553.8815,  26114.2246,
       1,     169,     141,       7,       1,       3,       1,     10.0000,      1.4051,     42.6733,    249.8351,     62.8739,      3.4953,      0.0000,     -0.0315,      0.4358,      0.1330,      5.6114,     11.2229,      1.1756,     28.9659,     57.9318,      0.0193,      0.0003,      0.0156,      0.2064,   7834.2676,-419973.1562,   -913.2636,    553.8851,  26114.2246,
       1,     169,     141,       8,       1,       3,       1,     10.0000,      1.4051,     42.6733,    249.8351,     62.8739,      3.4953,      0.0117,     -0.0199,      0.3550,      0.1360,      5.6114,     11.2229,      1.2022,     28.9659,     57.9318,      0.0193,      0.0003,      0.0156,      0.2064,   7834.2676,-419719.0000,   -913.2325,    553.9026,  26114.2227,
       1,     169,     141,       9,       1,       3,       1,     10.0000,      1.4051,     42.6733,    249.8351,     62.8739,      3.4953,      0.0585,      0.0266,      1.4155,      0.1420,      5.6114,     11.2229,      1.2544,     28.9659,     57.9318,      0.0193,      0.0003,      0.0638,      0.2064,   7834.2671,-419598.1250,   -913.2496,    553.9110,  26114.2246,
       1,     169,     141,      10,       1,       3,       1,     10.0000,      1.4051,     42.6733,    249.8351,     62.8739,      3.4953,      0.1049,      0.0726,      5.3193,      0.1525,      5.6114,     11.2229,      1.3475,     28.9659,     57.9318,      0.0193,      0.0005,      0.1298,      0.2064,   7834.2676,-420893.4062,   -913.6396,    553.8214,  26114.2246,
       1,     169,     141,      11,       1,       3,       1,     10.0000,      1.4051,     42.6733,    249.8351,     62.8739,      3.4953,      0.1429,      0.1098,      7.8686,      0.1772,      5.6114,     11.2229,      1.5658,     28.9659,     57.9318,      0.0193,      0.0005,      0.1842,      0.2064,   7834.2676,-425810.4375,   -914.9046,    553.4810,  26114.2227,
       1,     169,     141,      12,       1,       3,       1,     10.0000,      1.4051,     42.6733,    249.8351,     62.8739,      3.4953,      0.1844,      0.1504,     12.3649,      0.2070,      5.6114,     11.2229,      1.8294,     28.9659,     57.9318,      0.0193,      0.0006,      0.2440,      0.2064,   7834.2671,-429368.9688,   -916.2383,    553.2349,  26114.2246,
       1,     169,     141,      13,       1,       3,       1,     10.0000,      1.4051,     42.6733,    249.8351,     62.8739,      3.4953,      0.1716,      0.1370,     13.6883,      0.2275,      5.6114,     11.2229,      2.0103,     28.9659,     57.9318,      0.0193,      0.0007,      0.2253,      0.2064,   7834.2676,-435208.9375,   -918.6954,    552.8311,  26114.2246,
       1,     169,     141,      14,       1,       3,       1,     10.0000,      1.4051,     42.6733,    249.8351,     62.8739,      3.4953,      0.1589,      0.1242,     14.3402,      0.2336,      5.6114,     11.2229,      2.0642,     28.9659,     57.9318,      0.0193,      0.0008,      0.2067,      0.2064,   7834.2676,-437336.5625,   -919.9739,    552.6842,  26114.2246,
       1,     169,     141,      15,       1,       3,       1,     10.0000,      1.4051,     42.6733,    249.8351,     62.8739,      3.4953,      0.1143,      0.0795,     14.1641,      0.2361,      5.6114,     11.2229,      2.0865,     28.9659,     57.9318,      0.0193,      0.0012,      0.1414,      0.2064,   7834.2676,-438320.5625,   -920.8875,    552.6162,  26114.2227,
       1,     169,     141,      16,       1,       3,       1,     10.0000,      1.4051,     42.6733,    249.8351,     62.8739,      3.4953,      0.0414,      0.0069,      7.4919,      0.2257,      5.6114,     11.2229,      1.9947,     28.9659,     57.9318,      0.0193,      0.0025,      0.0359,      0.2064,   7834.2671,-438187.5000,   -921.2691,    552.6254,  26114.2246,
       1,     169,     141,      17,       1,       3,       1,     10.0000,      1.4051,     42.6733,    249.8351,     62.8739,      3.4953,      0.0085,     -0.0258,      5.0420,      0.2168,      5.6114,     11.2229,      1.9160,     28.9659,     57.9318,      0.0193,      0.0039,      0.0156,      0.2064,   7834.2676,-429958.7188,   -920.0461,    553.1938,  26114.2246,
       1,     169,     141,      18,       1,       3,       1,     10.0000,      1.4051,     42.6733,    249.8351,     62.8739,      3.4953,      0.0154,     -0.0175,      0.2489,      0.1725,      5.6114,     11.2229,      1.5242,     28.9659,     57.9318,      0.0193,      0.0047,      0.0006,      0.2064,   7834.2676,-426241.9375,   -919.6674,    553.4511,  26114.2227,
       1,     169,     141,      19,       1,       3,       1,     10.0000,      1.4051,     42.6733,    249.8351,     62.8739,      3.4953,      0.0038,     -0.0286,      5.8598,      0.1564,      5.6114,     11.2229,      1.3818,     28.9659,     57.9318,      0.0193,      0.0046,      0.0156,      0.2064,   7834.2671,-420023.3125,   -918.9055,    553.8815,  26114.2246,
       1,     169,     141,      20,       1,       3,       1,     10.0000,      1.4051,     42.6733,    249.8351,     62.8739,      3.4953,      0.0005,     -0.0319,      6.1169,      0.1545,      5.6114,     11.2229,      1.3652,     28.9659,     57.9318,      0.0193,      0.0048,      0.0156,      0.2064,   7834.2676,-426401.8750,   -920.3613,    553.4400,  26114.2246,
       1,     169,     141,      21,       1,       3,       1,     10.0000,      1.4051,     42.6733,    249.8351,     62.8739,      3.4953,      0.0000,     -0.0322,      5.2598,      0.1499,      5.6114,     11.2229,      1.3246,     28.9659,     57.9318,      0.0193,      0.0041,      0.0156,      0.2064,   7834.2676,-427262.4375,   -920.6806,    553.3806,  26114.2246,
       1,     169,     141,      22,       1,       3,       1,     10.0000,      1.4051,     42.6733,    249.8351,     62.8739,      3.4953,      0.0000,     -0.0321,      4.6666,      0.1478,      5.6114,     11.2229,      1.3061,     28.9659,     57.9318,      0.0193,      0.0037,      0.0156,      0.2064,   7834.2676,-426280.1562,   -920.7174,    553.4485,  26114.2246,
       1,     169,     141,      23,       1,       3,       1,     10.0000,      1.4051,     42.6733,    249.8351,     62.8739,      3.4953,      0.0000,     -0.0320,      2.2580,      0.1459,      5.6114,     11.2229,      1.2891,     28.9659,     57.9318,      0.0193,      0.0018,      0.0156,      0.2064,   7834.2676,-425465.9688,   -920.7181,    553.5048,  26114.2266,
       1,     169,     141,      24,       1,       3,       1,     10.0000,      1.4051,     42.6733,    249.8351,     62.8739,      3.4953,      0.0000,     -0.0322,      1.0956,      0.1508,      5.6114,     11.2229,      1.3327,     28.9659,     57.9318,      0.0193,      0.0009,      0.0156,      0.2064,   7834.2681,-422430.7188,   -920.2308,    553.7149,  26114.2266,
       1,     169,     142,       1,       1,       3,       1,     10.0000,      1.4051,     42.6737,    249.8410,     62.8754,      3.4953,      0.0000,     -0.0320,      0.8367,      0.1447,      5.6127,     11.2254,      1.2787,     28.9510,     57.9020,      0.0193,      0.0007,      0.0156,      0.2064,   7834.2681,-420896.1250,   -920.2443,    553.8344,  26115.3926,
       1,     169,     142,       2,       1,       3,       1,     10.0000,      1.4051,     42.6737,    249.8410,     62.8754,      3.4953,      0.0000,     -0.0319,      0.5692,      0.1422,      5.6127,     11.2254,      1.2569,     28.9510,     57.9020,      0.0193,      0.0004,      0.0156,      0.2064,   7834.6182,-420294.1875,   -919.8931,    553.8760,  26115.3926,
       1,     169,     142,       3,       1,       3,       1,     10.0000,      1.4051,     42.6737,    249.8410,     62.8754,      3.4953,      0.0000,     -0.0320,      0.5919,      0.1449,      5.6127,     11.2254,      1.2800,     28.9510,     57.9020,      0.0193,      0.0005,      0.0156,      0.2064,   7834.6182,-419913.6250,   -919.8337,    553.9024,  26115.3926,
       1,     169,     142,       4,       1,       3,       1,     10.0000,      1.4051,     42.6737,    249.8410,     62.8754,      3.4953,      0.0000,     -0.0319,      0.8689,      0.1438,      5.6127,     11.2254,      1.2710,     28.9510,     57.9020,      0.0193,      0.0007,      0.0156,      0.2064,   7834.6182,-419909.1250,   -919.8444,    553.9027,  26115.3926,
       1,     169,     142,       5,       1,       3,       1,     10.0000,      1.4051,     42.6737,    249.8410,     62.8754,      3.4953,      0.0000,     -0.0320,      1.1602,      0.1443,      5.6127,     11.2254,      1.2748,     28.9510,     57.9020,      0.0193,      0.0009,      0.0156,      0.2064,   7834.6182,-420249.7812,   -919.9332,    553.8792,  26115.3945,
       1,     169,     142,       6,       1,       3,       1,     10.0000,      1.4051,     42.6737,    249.8410,     62.8754,      3.4953,      0.0000,     -0.0319,      0.7104,      0.1433,      5.6127,     11.2254,      1.2659,     28.9510,     57.9020,      0.0193,      0.0006,      0.0156,      0.2064,   7834.6187,-420637.1875,   -920.0281,    553.8523,  26115.3945,
       1,     169,     142,       7,       1,       3,       1,     10.0000,      1.4051,     42.6737,    249.8410,     62.8754,      3.4953,      0.0000,     -0.0319,      0.8000,      0.1435,      5.6127,     11.2254,      1.2684,     28.9510,     57.9020,      0.0193,      0.0006,      0.0156,      0.2064,   7834.6187,-420116.5000,   -919.9486,    553.8884,  26115.3926,
       1,     169,     142,       8,       1,       3,       1,     10.0000,      1.4051,     42.6737,    249.8410,     62.8754,      3.4953,      0.0023,     -0.0296,      0.7501,      0.1405,      5.6127,     11.2254,      1.2418,     28.9510,     57.9020,      0.0193,      0.0006,      0.0156,      0.2064,   7834.6182,-420182.5625,   -919.9836,    553.8838,  26115.3906,
       1,     169,     142,       9,       1,       3,       1,     10.0000,      1.4051,     42.6737,    249.8410,     62.8754,      3.4953,      0.0937,      0.0613,      4.4223,      0.1561,      5.6127,     11.2254,      1.3790,     28.9510,     57.9020,      0.0193,      0.0005,      0.1137,      0.2064,   7834.6177,-420126.9062,   -919.9918,    553.8876,  26115.3906,
       1,     169,     142,      10,       1,       3,       1,     10.0000,      1.4051,     42.6737,    249.8410,     62.8754,      3.4953,      0.1746,      0.1411,     11.5177,      0.1898,      5.6127,     11.2254,      1.6770,     28.9510,     57.9020,      0.0193,      0.0006,      0.2297,      0.2064,   7834.6177,-424643.0625,   -921.0327,    553.5750,  26115.3926,
       1,     169,     142,      11,       1,       3,       1,     10.0000,      1.4051,     42.6737,    249.8410,     62.8754,      3.4953,      0.1887,      0.1546,     14.0897,      0.2099,      5.6127,     11.2254,      1.8548,     28.9510,     57.9020,      0.0193,      0.0007,      0.2500,      0.2064,   7834.6182,-433763.9062,   -923.4093,    552.9439,  26115.3926,
       1,     169,     142,      12,       1,       3,       1,     10.0000,      1.4051,     42.6737,    249.8410,     62.8754,      3.4953,      0.1847,      0.1503,     18.3013,      0.2211,      5.6127,     11.2254,      1.9540,     28.9510,     57.9020,      0.0193,      0.0009,      0.2439,      0.2064,   7834.6182,-437708.8750,   -924.8436,    552.6716,  26115.3926,
       1,     169,     142,      13,       1,       3,       1,     10.0000,      1.4051,     42.6737,    249.8410,     62.8754,      3.4953,      0.1692,      0.1341,     14.4986,      0.2487,      5.6127,     11.2254,      2.1972,     28.9510,     57.9020,      0.0193,      0.0008,      0.2218,      0.2064,   7834.6182,-443230.7500,   -926.3766,    552.2902,  26115.3926,
       1,     169,     142,      14,       1,       3,       1,     10.0000,      1.4051,     42.6737,    249.8410,     62.8754,      3.4953,      0.1776,      0.1422,     31.3299,      0.2570,      5.6127,     11.2254,      2.2711,     28.9510,     57.9020,      0.0193,      0.0016,      0.2322,      0.2064,   7834.6182,-439018.1250,   -926.0072,    552.5812,  26115.3926,
       1,     169,     142,      15,       1,       3,       1,     10.0000,      1.4051,     42.6737,    249.8410,     62.8754,      3.4953,      0.1766,      0.1416,     66.4593,      0.2436,      5.6127,     11.2254,      2.1527,     28.9510,     57.9020,      0.0193,      0.0036,      0.2266,      0.2064,   7834.6182,-459386.3750,   -930.2662,    551.1743,  26115.3945,
       1,     169,     142,      16,       1,       3,       1,     10.0000,      1.4051,     42.6737,    249.8410,     62.8754,      3.4953,      0.1786,      0.1435,     90.5194,      0.2462,      5.6127,     11.2254,      2.1759,     28.9510,     57.9020,      0.0193,      0.0049,      0.2268,      0.2064,   7834.6187,-504397.5625,   -939.3382,    548.0750,  26115.3926,
       1,     169,     142,      17,       1,       3,       1,     10.0000,      1.4051,     42.6737,    249.8410,     62.8754,      3.4953,      0.0196,     -0.0141,      2.1732,      0.1978,      5.6127,     11.2254,      1.7482,     28.9510,     57.9020,      0.0193,      0.0047,      0.0056,      0.2063,   7834.6182,-537905.1875,   -946.3941,    545.7881,  26115.3926,
       1,     169,     142,      18,       1,       3,       1,     10.0000,      1.4051,     42.6737,    249.8410,     62.8754,      3.4953,      0.0211,     -0.0105,      3.8746,      0.1343,      5.6127,     11.2254,      1.1864,     28.9510,     57.9020,      0.0193,      0.0047,      0.0101,      0.2063,   7834.6182,-431793.7812,   -913.0501,    553.0322,  26115.3906,
       1,     169,     142,      19,       1,       3,       1,     10.0000,      1.4051,     42.6737,    249.8410,     62.8754,      3.4953,      0.0280,     -0.0035,      8.0690,      0.1324,      5.6127,     11.2254,      1.1697,     28.9510,     57.9020,      0.0193,      0.0050,      0.0197,      0.2064,   7834.6177,-425022.0312,   -912.7279,    553.5486,  26115.3926,
       1,     169,     142,      20,       1,       3,       1,     10.0000,      1.4051,     42.6737,    249.8410,     62.8754,      3.4953,      0.0238,     -0.0075,      5.3662,      0.1274,      5.6127,     11.2254,      1.1254,     28.9510,     57.9020,      0.0193,      0.0046,      0.0142,      0.2064,   7834.6182,-429550.3125,   -914.3066,    553.2355,  26115.3926,
       1,     169,     142,      21,       1,       3,       1,     10.0000,      1.4051,     42.6737,    249.8410,     62.8754,      3.4953,      0.0000,     -0.0314,      5.2826,      0.1298,      5.6127,     11.2254,      1.1473,     28.9510,     57.9020,      0.0193,      0.0041,      0.0156,      0.2064,   7834.6182,-426608.2500,   -914.5161,    553.4391,  26115.3906,
       1,     169,     142,      22,       1,       3,       1,     10.0000,      1.4051,     42.6737,    249.8410,     62.8754,      3.4953,      0.0000,     -0.0314,      3.9563,      0.1308,      5.6127,     11.2254,      1.1555,     28.9510,     57.9020,      0.0193,      0.0031,      0.0156,      0.2064,   7834.6177,-426254.8125,   -915.0592,    553.4635,  26115.3926,
       1,     169,     142,      23,       1,       3,       1,     10.0000,      1.4051,     42.6737,    249.8410,     62.8754,      3.4953,      0.0000,     -0.0315,      0.6439,      0.1329,      5.6127,     11.2254,      1.1745,     28.9510,     57.9020,      0.0193,      0.0005,      0.0156,      0.2064,   7834.6182,-424591.6250,   -915.1837,    553.5786,  26115.3926,
       1,     169,     142,      24,       1,       3,       1,     10.0000,      1.4051,     42.6737,    249.8410,     62.8754,      3.4953,      0.0000,     -0.0314,      0.3723,      0.1309,      5.6127,     11.2254,      1.1567,     28.9510,     57.9020,      0.0193,      0.0003,      0.0156,      0.2064,   7834.6182,-420371.6250,   -914.4561,    553.8706,  26115.3926,
       1,     169,     143,       1,       1,       3,       1,     10.0000,      1.4051,     42.6740,    249.8469,     62.8769,      3.4953,      0.0000,     -0.0316,      0.4778,      0.1344,      5.6121,     11.2243,      1.1877,     28.9465,     57.8929,      0.0193,      0.0004,      0.0156,      0.2064,   7834.6182,-419833.6562,   -914.6296,    553.9210,  26116.5645,
       1,     169,     143,       2,       1,       3,       1,     10.0000,      1.4051,     42.6740,    249.8469,     62.8769,      3.4953,      0.0000,     -0.0316,      0.4280,      0.1361,      5.6121,     11.2243,      1.2022,     28.9465,     57.8929,      0.0193,      0.0003,      0.0156,      0.2064,   7834.9697,-419764.7500,   -914.3730,    553.9258,  26116.5645,
       1,     169,     143,       3,       1,       3,       1,     10.0000,      1.4051,     42.6740,    249.8469,     62.8769,      3.4953,      0.0000,     -0.0317,      0.4067,      0.1365,      5.6121,     11.2243,      1.2059,     28.9465,     57.8929,      0.0193,      0.0003,      0.0156,      0.2064,   7834.9697,-419697.6875,   -914.3713,    553.9305,  26116.5645,
       1,     169,     143,       4,       1,       3,       1,     10.0000,      1.4051,     42.6740,    249.8469,     62.8769,      3.4953,      0.0000,     -0.0316,      0.3232,      0.1345,      5.6121,     11.2243,      1.1889,     28.9465,     57.8929,      0.0193,      0.0003,      0.0156,      0.2064,   7834.9697,-419665.5312,   -914.3746,    553.9327,  26116.5645,
       1,     169,     143,       5,       1,       3,       1,     10.0000,      1.4051,     42.6740,    249.8469,     62.8769,      3.4953,      0.0000,     -0.0316,      0.4771,      0.1350,      5.6121,     11.2243,      1.1925,     28.9465,     57.8929,      0.0193,      0.0004,      0.0156,      0.2064,   7834.9697,-419560.0938,   -914.3571,    553.9400,  26116.5645,
       1,     169,     143,       6,       1,       3,       1,     10.0000,      1.4051,     42.6740,    249.8469,     62.8769,      3.4953,      0.0000,     -0.0314,      0.5238,      0.1306,      5.6121,     11.2243,      1.1544,     28.9465,     57.8929,      0.0193,      0.0004,      0.0156,      0.2064,   7834.9697,-419740.6562,   -914.4009,    553.9276,  26116.5625,
       1,     169,     143,       7,       1,       3,       1,     10.0000,      1.4051,     42.6740,    249.8469,     62.8769,      3.4953,      0.0000,     -0.0314,      0.4009,      0.1298,      5.6121,     11.2243,      1.1474,     28.9465,     57.8929,      0.0193,      0.0003,      0.0156,      0.2064,   7834.9692,-419813.6250,   -914.4294,    553.9225,  26116.5645,
       1,     169,     143,       8,       1,       3,       1,     10.0000,      1.4051,     42.6740,    249.8469,     62.8769,      3.4953,      0.0216,     -0.0099,      0.3148,      0.1329,      5.6121,     11.2243,      1.1745,     28.9465,     57.8929,      0.0193,      0.0003,      0.0113,      0.2064,   7834.9697,-419668.4375,   -914.4090,    553.9326,  26116.5645,
       1,     169,     143,       9,       1,       3,       1,     10.0000,      1.4051,     42.6740,    249.8469,     62.8769,      3.4953,      0.1292,      0.0968,      6.9647,      0.1558,      5.6121,     11.2243,      1.3763,     28.9465,     57.8929,      0.0193,      0.0005,      0.1646,      0.2064,   7834.9697,-419550.0312,   -914.4608,    553.9407,  26116.5645,
       1,     169,     143,      10,       1,       3,       1,     10.0000,      1.4051,     42.6740,    249.8469,     62.8769,      3.4953,      0.1543,      0.1209,      9.7334,      0.1850,      5.6121,     11.2243,      1.6343,     28.9465,     57.8929,      0.0193,      0.0006,      0.2004,      0.2064,   7834.9697,-427725.6875,   -916.5829,    553.3746,  26116.5645,
       1,     169,     143,      11,       1,       3,       1,     10.0000,      1.4051,     42.6740,    249.8469,     62.8769,      3.4953,      0.1887,      0.1550,     12.9287,      0.1953,      5.6121,     11.2243,      1.7259,     28.9465,     57.8929,      0.0193,      0.0006,      0.2500,      0.2064,   7834.9697,-431831.6875,   -918.1416,    553.0909,  26116.5625,
       1,     169,     143,      12,       1,       3,       1,     10.0000,      1.4051,     42.6740,    249.8469,     62.8769,      3.4953,      0.1884,      0.1544,      9.7814,      0.2060,      5.6121,     11.2243,      1.8205,     28.9465,     57.8929,      0.0193,      0.0005,      0.2500,      0.2064,   7834.9692,-436115.3750,   -919.9712,    552.7948,  26116.5645,
       1,     169,     143,      13,       1,       3,       1,     10.0000,      1.4051,     42.6740,    249.8469,     62.8769,      3.4953,      0.1858,      0.1512,     10.5334,      0.2291,      5.6121,     11.2243,      2.0243,     28.9465,     57.8929,      0.0193,      0.0005,      0.2463,      0.2064,   7834.9697,-432605.1562,   -920.7108,    553.0374,  26116.5645,
       1,     169,     143,      14,       1,       3,       1,     10.0000,      1.4051,     42.6740,    249.8469,     62.8769,      3.4953,      0.1897,      0.1549,     28.6215,      0.2345,      5.6121,     11.2243,      2.0724,     28.9465,     57.8929,      0.0193,      0.0014,      0.2500,      0.2064,   7834.9697,-433232.0938,   -921.8845,    552.9942,  26116.5645,
       1,     169,     143,      15,       1,       3,       1,     10.0000,      1.4051,     42.6740,    249.8469,     62.8769,      3.4953,      0.1876,      0.1524,     58.4767,      0.2540,      5.6121,     11.2243,      2.2448,     28.9465,     57.8929,      0.0193,      0.0029,      0.2438,      0.2064,   7834.9697,-455555.4375,   -927.0497,    551.4511,  26116.5645,
       1,     169,     143,      16,       1,       3,       1,     10.0000,      1.4051,     42.6740,    249.8469,     62.8769,      3.4953,      0.1709,      0.1360,     61.0607,      0.2389,      5.6121,     11.2243,      2.1112,     28.9465,     57.8929,      0.0193,      0.0034,      0.2189,      0.2064,   7834.9697,-494231.3438,   -935.3246,    548.7872,  26116.5625,
       1,     169,     143,      17,       1,       3,       1,     10.0000,      1.4051,     42.6740,    249.8469,     62.8769,      3.4953,      0.1388,      0.1042,     58.2354,      0.2320,      5.6121,     11.2243,      2.0502,     28.9465,     57.8929,      0.0193,      0.0041,      0.1723,      0.2064,   7834.9692,-500719.9062,   -937.2458,    548.3485,  26116.5645,
       1,     169,     143,      18,       1,       3,       1,     10.0000,      1.4051,     42.6740,    249.8469,     62.8769,      3.4953,      0.1489,      0.1145,     75.7431,      0.2242,      5.6121,     11.2243,      1.9811,     28.9465,     57.8929,      0.0193,      0.0050,      0.1851,      0.2063,   7834.9697,-497781.3125,   -937.2724,    548.5502,  26116.5645,
       1,     169,     143,      19,       1,       3,       1,     10.0000,      1.4051,     42.6740,    249.8469,     62.8769,      3.4953,      0.0589,      0.0245,     25.8858,      0.2229,      5.6121,     11.2243,      1.9695,     28.9465,     57.8929,      0.0193,      0.0053,      0.0593,      0.2064,   7834.9697,-519107.9375,   -941.9581,    547.0878,  26116.5645,
       1,     169,     143,      20,       1,       3,       1,     10.0000,      1.4051,     42.6740,    249.8469,     62.8769,      3.4953,      0.0133,     -0.0204,      7.4077,      0.1978,      5.6121,     11.2243,      1.7482,     28.9465,     57.8929,      0.0193,      0.0058,      0.0156,      0.2063,   7834.9697,-459460.0312,   -931.0582,    551.1689,  26116.5625,
       1,     169,     143,      21,       1,       3,       1,     10.0000,      1.4051,     42.6740,    249.8469,     62.8769,      3.4953,      0.0000,     -0.0335,      6.4038,      0.1898,      5.6121,     11.2243,      1.6770,     28.9465,     57.8929,      0.0193,      0.0050,      0.0156,      0.2064,   7834.9692,-431681.6875,   -925.9926,    553.0980,  26116.5645,
       1,     169,     143,      22,       1,       3,       1,     10.0000,      1.4051,     42.6740,    249.8469,     62.8769,      3.4953,      0.0000,     -0.0332,      5.4294,      0.1822,      5.6121,     11.2243,      1.6101,     28.9465,     57.8929,      0.0193,      0.0042,      0.0156,      0.2064,   7834.9697,-428073.3125,   -925.4324,    553.3508,  26116.5645,
       1,     169,     143,      23,       1,       3,       1,     10.0000,      1.4051,     42.6740,    249.8469,     62.8769,      3.4953,      0.0000,     -0.0333,      5.2410,      0.1839,      5.6121,     11.2243,      1.6246,     28.9465,     57.8929,      0.0193,      0.0041,      0.0156,      0.2064,   7834.9697,-426562.2812,   -925.2227,    553.4553,  26116.5645,
       1,     169,     143,      24,       1,       3,       1,     10.0000,      1.4051,     42.6740,    249.8469,     62.8769,      3.4953,      0.0000,     -0.0331,      5.2236,      0.1792,      5.6121,     11.2243,      1.5831,     28.9465,     57.8929,      0.0193,      0.0041,      0.0156,      0.2064,   7834.9697,-426201.7500,   -925.2328,    553.4803,  26116.5664,
       1,     169,     144,       1,       1,       3,       1,     10.0000,      1.4052,     42.6743,    249.8528,     62.8784,      3.4953,      0.0000,     -0.0331,      3.9151,      0.1770,      5.6114,     11.2228,      1.5644,     28.9501,     57.9001,      0.0193,      0.0031,      0.0156,      0.2064,   7834.9702,-426303.9375,   -925.6031,    553.4863,  26117.7344,
       1,     169,     144,       2,       1,       3,       1,     10.0000,      1.4052,     42.6743,    249.8528,     62.8784,      3.4953,      0.0000,     -0.0328,      3.2380,      0.1701,      5.6114,     11.2228,      1.5032,     28.9501,     57.9001,      0.0193,      0.0025,      0.0156,      0.2064,   7835.3208,-424549.5938,   -925.0540,    553.6077,  26117.7344,
       1,     169,     144,       3,       1,       3,       1,     10.0000,      1.4052,     42.6743,    249.8528,     62.8784,      3.4953,      0.0000,     -0.0327,      2.5480,      0.1648,      5.6114,     11.2228,      1.4558,     28.9501,     57.9001,      0.0193,      0.0020,      0.0156,      0.2064,   7835.3208,-423566.6875,   -924.8994,    553.6757,  26117.7344,
       1,     169,     144,       4,       1,       3,       1,     10.0000,      1.4052,     42.6743,    249.8528,     62.8784,      3.4953,      0.0000,     -0.0326,      2.3778,      0.1618,      5.6114,     11.2228,      1.4298,     28.9501,     57.9001,      0.0193,      0.0019,      0.0156,      0.2064,   7835.3208,-422633.6875,   -924.7453,    553.7403,  26117.7363,
       1,     169,     144,       5,       1,       3,       1,     10.0000,      1.4052,     42.6743,    249.8528,     62.8784,      3.4953,      0.0000,     -0.0326,      1.8717,      0.1626,      5.6114,     11.2228,      1.4370,     28.9501,     57.9001,      0.0193,      0.0015,      0.0156,      0.2065,   7835.3213,-422344.4375,   -924.7166,    553.7604,  26117.7324,
       1,     169,     144,       6,       1,       3,       1,     10.0000,      1.4052,     42.6743,    249.8528,     62.8784,      3.4953,      0.0000,     -0.0326,      1.5585,      0.1618,      5.6114,     11.2228,      1.4298,     28.9501,     57.9001,      0.0193,      0.0012,      0.0156,      0.2065,   7835.3198,-421697.3125,   -924.6125,    553.8051,  26117.7344,
       1,     169,     144,       7,       1,       3,       1,     10.0000,      1.4052,     42.6743,    249.8528,     62.8784,      3.4953,      0.0000,     -0.0325,      0.9548,      0.1586,      5.6114,     11.2228,      1.4014,     28.9501,     57.9001,      0.0193,      0.0007,      0.0156,      0.2065,   7835.3208,-421256.4375,   -924.5414,    553.8356,  26117.7344,
       1,     169,     144,       8,       1,       3,       1,     10.0000,      1.4052,     42.6743,    249.8528,     62.8784,      3.4953,      0.0073,     -0.0252,      0.6203,      0.1605,      5.6114,     11.2228,      1.4184,     28.9501,     57.9001,      0.0193,      0.0005,      0.0156,      0.2065,   7835.3208,-420475.8750,   -924.4015,    553.8897,  26117.7363,
       1,     169,     144,       9,       1,       3,       1,     10.0000,      1.4052,     42.6743,    249.8528,     62.8784,      3.4953,      0.0489,      0.0159,      2.9343,      0.1739,      5.6114,     11.2228,      1.5365,     28.9501,     57.9001,      0.0193,      0.0007,      0.0487,      0.2065,   7835.3213,-419997.3438,   -924.3164,    553.9228,  26117.7344,
       1,     169,     144,      10,       1,       3,       1,     10.0000,      1.4052,     42.6743,    249.8528,     62.8784,      3.4953,      0.1289,      0.0945,     16.4614,      0.2194,      5.6114,     11.2228,      1.9388,     28.9501,     57.9001,      0.0193,      0.0012,      0.1626,      0.2065,   7835.3208,-422804.9062,   -924.8814,    553.7285,  26117.7344,
       1,     169,     144,      11,       1,       3,       1,     10.0000,      1.4052,     42.6743,    249.8528,     62.8784,      3.4953,      0.1633,      0.1288,     15.0533,      0.2224,      5.6114,     11.2228,      1.9657,     28.9501,     57.9001,      0.0193,      0.0009,      0.2129,      0.2065,   7835.3208,-439694.2500,   -928.2114,    552.5594,  26117.7344,
       1,     169,     144,      12,       1,       3,       1,     10.0000,      1.4052,     42.6743,    249.8528,     62.8784,      3.4953,      0.1798,      0.1450,     14.0293,      0.2352,      5.6114,     11.2228,      2.0785,     28.9501,     57.9001,      0.0193,      0.0007,      0.2372,      0.2064,   7835.3208,-439402.8125,   -928.2736,    552.5807,  26117.7344,
       1,     169,     144,      13,       1,       3,       1,     10.0000,      1.4052,     42.6743,    249.8528,     62.8784,      3.4953,      0.1649,      0.1298,     14.3565,      0.2499,      5.6114,     11.2228,      2.2081,     28.9501,     57.9001,      0.0193,      0.0008,      0.2155,      0.2064,   7835.3208,-438115.7188,   -928.1343,    552.6697,  26117.7363,
       1,     169,     144,      14,       1,       3,       1,     10.0000,      1.4052,     42.6743,    249.8528,     62.8784,      3.4953,      0.1765,      0.1415,     22.5716,      0.2470,      5.6114,     11.2228,      2.1824,     28.9501,     57.9001,      0.0193,      0.0012,      0.2316,      0.2064,   7835.3213,-438408.7188,   -928.2770,    552.6494,  26117.7344,
       1,     169,     144,      15,       1,       3,       1,     10.0000,      1.4052,     42.6743,    249.8528,     62.8784,      3.4953,      0.1527,      0.1173,     63.7618,      0.2583,      5.6114,     11.2228,      2.2823,     28.9501,     57.9001,      0.0193,      0.0041,      0.1920,      0.2064,   7835.3208,-448547.9688,   -930.3339,    551.9490,  26117.7324,
       1,     169,     144,      16,       1,       3,       1,     10.0000,      1.4052,     42.6743,    249.8528,     62.8784,      3.4953,      0.1310,      0.0956,     57.2955,      0.2573,      5.6114,     11.2228,      2.2734,     28.9501,     57.9001,      0.0193,      0.0043,      0.1608,      0.2064,   7835.3198,-500130.8438,   -940.5212,    548.3905,  26117.7344,
       1,     169,     144,      17,       1,       3,       1,     10.0000,      1.4052,     42.6743,    249.8528,     62.8784,      3.4953,      0.1229,      0.0876,     60.5835,      0.2531,      5.6114,     11.2228,      2.2362,     28.9501,     57.9001,      0.0193,      0.0050,      0.1486,      0.2064,   7835.3208,-496580.6562,   -940.1407,    548.6454,  26117.7344,
       1,     169,     144,      18,       1,       3,       1,     10.0000,      1.4052,     42.6743,    249.8528,     62.8784,      3.4953,      0.1237,      0.0884,     69.7531,      0.2528,      5.6114,     11.2228,      2.2340,     28.9501,     57.9001,      0.0193,      0.0057,      0.1487,      0.2064,   7835.3208,-500316.8125,   -941.1635,    548.3892,  26117.7324,
       1,     169,     144,      19,       1,       3,       1,     10.0000,      1.4052,     42.6743,    249.8528,     62.8784,      3.4953,      0.0475,      0.0127,     18.6806,      0.2359,      5.6114,     11.2228,      2.0846,     28.9501,     57.9001,      0.0193,      0.0053,      0.0432,      0.2064,   7835.3198,-511934.0938,   -943.7364,    547.5930,  26117.7324,
       1,     169,     144,      20,       1,       3,       1,     10.0000,      1.4052,     42.6743,    249.8528,     62.8784,      3.4953,      0.0083,     -0.0257,      7.2611,      0.2066,      5.6114,     11.2228,      1.8259,     28.9501,     57.9001,      0.0193,      0.0057,      0.0156,      0.2064,   7835.3198,-449973.9688,   -931.8816,    551.8347,  26117.7344,
       1,     169,     144,      21,       1,       3,       1,     10.0000,      1.4052,     42.6743,    249.8528,     62.8784,      3.4953,      0.0000,     -0.0336,      7.4057,      0.1922,      5.6114,     11.2228,      1.6988,     28.9501,     57.9001,      0.0193,      0.0058,      0.0156,      0.2064,   7835.3208,-430700.5312,   -928.1526,    553.1806,  26117.7324,
       1,     169,     144,      22,       1,       3,       1,     10.0000,      1.4052,     42.6743,    249.8528,     62.8784,      3.4953,      0.0000,     -0.0334,      7.1463,      0.1875,      5.6114,     11.2228,      1.6572,     28.9501,     57.9001,      0.0193,      0.0056,      0.0156,      0.2064,   7835.3198,-429223.1875,   -927.8629,    553.2844,  26117.7324,
       1,     169,     144,      23,       1,       3,       1,     10.0000,      1.4052,     42.6743,    249.8528,     62.8784,      3.4953,      0.0000,     -0.0333,      6.9291,      0.1826,      5.6114,     11.2228,      1.6134,     28.9501,     57.9001,      0.0193,      0.0054,      0.0156,      0.2064,   7835.3198,-428776.0625,   -927.7755,    553.3153,  26117.7324,
       1,     169,     144,      24,       1,       3,       1,     10.0000,      1.4052,     42.6743,    249.8528,     62.8784,      3.4953,      0.0000,     -0.0332,      6.1026,      0.1824,      5.6114,     11.2228,      1.6118,     28.9501,     57.9001,      0.0193,      0.0048,      0.0156,      0.2064,   7835.3198,-428470.4688,   -927.7227,    553.3364,  26117.7305,
       1,     169,     145,       1,       1,       3,       1,     10.0000,      1.4052,     42.6747,    249.8587,     62.8799,      3.4953,      0.0000,     -0.0333,      4.4630,      0.1842,      5.6122,     11.2244,      1.6279,     28.9454,     57.8907,      0.0193,      0.0035,      0.0156,      0.2065,   7835.3193,-427581.8750,   -927.8365,    553.4110,  26118.9023,
       1,     169,     145,       2,       1,       3,       1,     10.0000,      1.4052,     42.6747,    249.8587,     62.8799,      3.4953,      0.0000,     -0.0333,      3.0874,      0.1833,      5.6122,     11.2244,      1.6198,     28.9454,     57.8907,      0.0193,      0.0024,      0.0156,      0.2065,   7835.6709,-425335.0625,   -927.1180,    553.5664,  26118.9004,
       1,     169,     145,       3,       1,       3,       1,     10.0000,      1.4052,     42.6747,    249.8587,     62.8799,      3.4953,      0.0000,     -0.0331,      2.4509,      0.1785,      5.6122,     11.2244,      1.5769,     28.9454,     57.8907,      0.0193,      0.0019,      0.0156,      0.2065,   7835.6704,-423451.0000,   -926.7450,    553.6968,  26118.9023,
       1,     169,     145,       4,       1,       3,       1,     10.0000,      1.4052,     42.6747,    249.8587,     62.8799,      3.4953,      0.0000,     -0.0328,      1.8809,      0.1698,      5.6122,     11.2244,      1.5002,     28.9454,     57.8907,      0.0193,      0.0015,      0.0156,      0.2065,   7835.6709,-422506.8750,   -926.5569,    553.7622,  26118.9004,
       1,     169,     145,       5,       1,       3,       1,     10.0000,      1.4052,     42.6747,    249.8587,     62.8799,      3.4953,      0.0000,     -0.0324,      1.7078,      0.1559,      5.6122,     11.2244,      1.3778,     28.9454,     57.8907,      0.0193,      0.0013,      0.0156,      0.2065,   7835.6704,-421725.1562,   -910.5950,    553.8163,  26118.9004,
       1,     169,     145,       6,       1,       3,       1,     10.0000,      1.4052,     42.6747,    249.8587,     62.8799,      3.4953,      0.0000,     -0.0325,      1.7912,      0.1599,      5.6122,     11.2244,      1.4128,     28.9454,     57.8907,      0.0193,      0.0014,      0.0156,      0.2065,   7835.6704,-421445.4688,   -910.5964,    553.8356,  26118.9023,
       1,     169,     145,       7,       1,       3,       1,     10.0000,      1.4052,     42.6747,    249.8587,     62.8799,      3.4953,      0.0000,     -0.0324,      1.6326,      0.1572,      5.6122,     11.2244,      1.3889,     28.9454,     57.8907,      0.0193,      0.0013,      0.0156,      0.2065,   7835.6709,-421524.1250,   -910.8036,    553.8302,  26118.9004,
       1,     169,     145,       8,       1,       3,       1,     10.0000,      1.4052,     42.6747,    249.8587,     62.8799,      3.4953,      0.0023,     -0.0302,      1.2736,      0.1594,      5.6122,     11.2244,      1.4085,     28.9454,     57.8907,      0.0193,      0.0010,      0.0156,      0.2065,   7835.6704,-421335.9375,   -910.9362,    553.8433,  26118.9023,
       1,     169,     145,       9,       1,       3,       1,     10.0000,      1.4052,     42.6747,    249.8587,     62.8799,      3.4953,      0.0150,     -0.0178,      0.0141,      0.1672,      5.6122,     11.2244,      1.4779,     28.9454,     57.8907,      0.0193,      0.0006,      0.0003,      0.2065,   7835.6709,-420877.7500,   -910.9666,    553.8749,  26118.9004,
       1,     169,     145,      10,       1,       3,       1,     10.0000,      1.4052,     42.6747,    249.8587,     62.8799,      3.4953,      0.0911,      0.0579,      3.8089,      0.1806,      5.6122,     11.2244,      1.5959,     28.9454,     57.8907,      0.0193,      0.0004,      0.1096,      0.2065,   7835.6704,-419288.8750,   -910.7678,    553.9850,  26118.9004,
       1,     169,     145,      11,       1,       3,       1,     10.0000,      1.4052,     42.6747,    249.8587,     62.8799,      3.4953,      0.1139,      0.0806,      5.2620,      0.1848,      5.6122,     11.2244,      1.6328,     28.9454,     57.8907,      0.0193,      0.0005,      0.1424,      0.2065,   7835.6704,-423823.5625,   -911.8831,    553.6710,  26118.9023,
       1,     169,     145,      12,       1,       3,       1,     10.0000,      1.4052,     42.6747,    249.8587,     62.8799,      3.4953,      0.1512,      0.1175,      8.1933,      0.1965,      5.6122,     11.2244,      1.7363,     28.9454,     57.8907,      0.0193,      0.0005,      0.1960,      0.2065,   7835.6709,-425998.4062,   -912.6312,    553.5206,  26118.9004,
       1,     169,     145,      13,       1,       3,       1,     10.0000,      1.4052,     42.6747,    249.8587,     62.8799,      3.4953,      0.1770,      0.1426,     12.9223,      0.2190,      5.6122,     11.2244,      1.9351,     28.9454,     57.8907,      0.0193,      0.0007,      0.2331,      0.2065,   7835.6704,-429791.5312,   -913.8875,    553.2581,  26118.9004,
       1,     169,     145,      14,       1,       3,       1,     10.0000,      1.4052,     42.6747,    249.8587,     62.8799,      3.4953,      0.1791,      0.1442,     20.2890,      0.2392,      5.6122,     11.2244,      2.1133,     28.9454,     57.8907,      0.0193,      0.0011,      0.2355,      0.2065,   7835.6704,-435935.5938,   -915.9394,    552.8333,  26118.9004,
       1,     169,     145,      15,       1,       3,       1,     10.0000,      1.4052,     42.6747,    249.8587,     62.8799,      3.4953,      0.1780,      0.1434,     32.6161,      0.2302,      5.6122,     11.2244,      2.0343,     28.9454,     57.8907,      0.0193,      0.0017,      0.2325,      0.2065,   7835.6704,-445527.1562,   -918.7405,    552.1706,  26118.9023,
       1,     169,     145,      16,       1,       3,       1,     10.0000,      1.4052,     42.6747,    249.8587,     62.8799,      3.4953,      0.1901,      0.1562,     36.6723,      0.2018,      5.6122,     11.2244,      1.7832,     28.9454,     57.8907,      0.0193,      0.0018,      0.2494,      0.2065,   7835.6709,-461520.5938,   -922.9131,    551.0672,  26118.9004,
       1,     169,     145,      17,       1,       3,       1,     10.0000,      1.4052,     42.6747,    249.8587,     62.8799,      3.4953,      0.1673,      0.1337,     43.7433,      0.1924,      5.6122,     11.2244,      1.7005,     28.9454,     57.8907,      0.0193,      0.0025,      0.2154,      0.2064,   7835.6704,-467878.4375,   -925.7438,    550.6302,  26118.9004,
       1,     169,     145,      18,       1,       3,       1,     10.0000,      1.4052,     42.6747,    249.8587,     62.8799,      3.4953,      0.1336,      0.1003,     51.4672,      0.1855,      5.6122,     11.2244,      1.6393,     28.9454,     57.8907,      0.0193,      0.0038,      0.1657,      0.2064,   7835.6704,-477126.3125,   -928.5058,    549.9940,  26118.9004,
       1,     169,     145,      19,       1,       3,       1,     10.0000,      1.4052,     42.6747,    249.8587,     62.8799,      3.4953,      0.0933,      0.0603,     40.6313,      0.1727,      5.6122,     11.2244,      1.5259,     28.9454,     57.8907,      0.0193,      0.0046,      0.1086,      0.2064,   7835.6704,-487426.5312,   -931.2629,    549.2861,  26118.9004,
       1,     169,     145,      20,       1,       3,       1,     10.0000,      1.4052,     42.6747,    249.8587,     62.8799,      3.4953,      0.0149,     -0.0176,      0.1678,      0.1605,      5.6122,     11.2244,      1.4184,     28.9454,     57.8907,      0.0193,      0.0048,      0.0004,      0.2064,   7835.6704,-474953.6250,   -921.0906,    550.1430,  26118.9004,
       1,     169,     145,      21,       1,       3,       1,     10.0000,      1.4052,     42.6747,    249.8587,     62.8799,      3.4953,      0.0000,     -0.0323,      5.1683,      0.1553,      5.6122,     11.2244,      1.3722,     28.9454,     57.8907,      0.0193,      0.0040,      0.0156,      0.2064,   7835.6704,-424058.3125,   -911.4768,    553.6437,  26118.8984,
       1,     169,     145,      22,       1,       3,       1,     10.0000,      1.4052,     42.6747,    249.8587,     62.8799,      3.4953,      0.0000,     -0.0325,      3.7302,      0.1589,      5.6122,     11.2244,      1.4043,     28.9454,     57.8907,      0.0193,      0.0029,      0.0156,      0.2065,   7835.6699,-425917.3125,   -912.1779,    553.5262,  26118.9004,
       1,     169,     145,      23,       1,       3,       1,     10.0000,      1.4052,     42.6747,    249.8587,     62.8799,      3.4953,      0.0000,     -0.0324,      2.7984,      0.1559,      5.6122,     11.2244,      1.3778,     28.9454,     57.8907,      0.0193,      0.0022,      0.0156,      0.2065,   7835.6704,-424291.5625,   -912.0688,    553.6387,  26118.9023,
       1,     169,     145,      24,       1,       3,       1,     10.0000,      1.4052,     42.6747,    249.8587,     62.8799,      3.4953,      0.0000,     -0.0324,      1.7209,      0.1565,      5.6122,     11.2244,      1.3833,     28.9454,     57.8907,      0.0193,      0.0013,      0.0156,      0.2065,   7835.6709,-423006.1562,   -912.0052,    553.7276,  26118.9023,
       1,     169,     146,       1,       1,       3,       1,     10.0000,      1.4052,     42.6750,    249.8646,     62.8813,      3.4953,      0.0000,     -0.0323,      0.7645,      0.1553,      5.6121,     11.2241,      1.3723,     28.9423,     57.8845,      0.0193,      0.0006,      0.0156,      0.2065,   7835.6709,-421725.7812,   -912.1332,    553.8293,  26120.0703,
       1,     169,     146,       2,       1,       3,       1,     10.0000,      1.4052,     42.6750,    249.8646,     62.8813,      3.4953,      0.0000,     -0.0323,      0.7774,      0.1545,      5.6121,     11.2241,      1.3654,     28.9423,     57.8845,      0.0193,      0.0006,      0.0156,      0.2065,   7836.0215,-420287.4375,   -911.6610,    553.9288,  26120.0684,
       1,     169,     146,       3,       1,       3,       1,     10.0000,      1.4052,     42.6750,    249.8646,     62.8813,      3.4953,      0.0000,     -0.0324,      0.6275,      0.1558,      5.6121,     11.2241,      1.3764,     28.9423,     57.8845,      0.0193,      0.0005,      0.0156,      0.2065,   7836.0210,-420181.0312,   -911.6816,    553.9362,  26120.0684,
       1,     169,     146,       4,       1,       3,       1,     10.0000,      1.4052,     42.6750,    249.8646,     62.8813,      3.4953,      0.0000,     -0.0323,      0.6792,      0.1544,      5.6121,     11.2241,      1.3640,     28.9423,     57.8845,      0.0193,      0.0005,      0.0156,      0.2065,   7836.0210,-419987.4688,   -911.6758,    553.9496,  26120.0703,
       1,     169,     146,       5,       1,       3,       1,     10.0000,      1.4052,     42.6750,    249.8646,     62.8813,      3.4953,      0.0000,     -0.0322,      0.5534,      0.1510,      5.6121,     11.2241,      1.3341,     28.9423,     57.8845,      0.0193,      0.0004,      0.0156,      0.2065,   7836.0215,-420034.4062,   -911.7234,    553.9464,  26120.0703,
       1,     169,     146,       6,       1,       3,       1,     10.0000,      1.4052,     42.6750,    249.8646,     62.8813,      3.4953,      0.0000,     -0.0321,      0.4688,      0.1496,      5.6121,     11.2241,      1.3221,     28.9423,     57.8845,      0.0193,      0.0004,      0.0156,      0.2065,   7836.0215,-419883.6250,   -911.7189,    553.9568,  26120.0703,
       1,     169,     146,       7,       1,       3,       1,     10.0000,      1.4052,     42.6750,    249.8646,     62.8813,      3.4953,      0.0000,     -0.0320,      0.3834,      0.1468,      5.6121,     11.2241,      1.2970,     28.9423,     57.8845,      0.0193,      0.0003,      0.0156,      0.2065,   7836.0215,-419766.6250,   -911.7095,    553.9648,  26120.0703,
       1,     169,     146,       8,       1,       3,       1,     10.0000,      1.4052,     42.6750,    249.8646,     62.8813,      3.4953,      0.0229,     -0.0092,      0.2881,      0.1472,      5.6121,     11.2241,      1.3010,     28.9423,     57.8845,      0.0193,      0.0003,      0.0125,      0.2065,   7836.0215,-419651.6875,   -911.6932,    553.9728,  26120.0703,
       1,     169,     146,       9,       1,       3,       1,     10.0000,      1.4052,     42.6750,    249.8646,     62.8813,      3.4953,      0.1202,      0.0880,      3.6573,      0.1533,      5.6121,     11.2241,      1.3544,     28.9423,     57.8845,      0.0193,      0.0003,      0.1520,      0.2065,   7836.0215,-419524.5625,   -911.7727,    553.9816,  26120.0703,
       1,     169,     146,      10,       1,       3,       1,     10.0000,      1.4052,     42.6750,    249.8646,     62.8813,      3.4953,      0.1805,      0.1482,      5.8407,      0.1556,      5.6121,     11.2241,      1.3750,     28.9423,     57.8845,      0.0193,      0.0003,      0.2387,      0.2065,   7836.0215,-423659.6562,   -913.0943,    553.6953,  26120.0684,
       1,     169,     146,      11,       1,       3,       1,     10.0000,      1.4052,     42.6750,    249.8646,     62.8813,      3.4953,      0.1884,      0.1558,      6.4803,      0.1636,      5.6121,     11.2241,      1.4457,     28.9423,     57.8845,      0.0193,      0.0003,      0.2500,      0.2065,   7836.0210,-426699.1250,   -912.8641,    553.4850,  26120.0703,
       1,     169,     146,      12,       1,       3,       1,     10.0000,      1.4052,     42.6750,    249.8646,     62.8813,      3.4953,      0.1884,      0.1555,      6.7613,      0.1698,      5.6121,     11.2241,      1.5002,     28.9423,     57.8845,      0.0193,      0.0003,      0.2500,      0.2065,   7836.0215,-427745.0312,   -914.0225,    553.4127,  26120.0703,
       1,     169,     146,      13,       1,       3,       1,     10.0000,      1.4052,     42.6750,    249.8646,     62.8813,      3.4953,      0.1877,      0.1542,      9.0789,      0.1900,      5.6121,     11.2241,      1.6788,     28.9423,     57.8845,      0.0193,      0.0004,      0.2490,      0.2065,   7836.0215,-428179.8750,   -915.3400,    553.3826,  26120.0684,
       1,     169,     146,      14,       1,       3,       1,     10.0000,      1.4052,     42.6750,    249.8646,     62.8813,      3.4953,      0.1886,      0.1553,     11.1311,      0.1850,      5.6121,     11.2241,      1.6344,     28.9423,     57.8845,      0.0193,      0.0005,      0.2500,      0.2065,   7836.0210,-431069.1875,   -917.0314,    553.1827,  26120.0703,
       1,     169,     146,      15,       1,       3,       1,     10.0000,      1.4052,     42.6750,    249.8646,     62.8813,      3.4953,      0.1885,      0.1554,      8.9856,      0.1781,      5.6121,     11.2241,      1.5738,     28.9423,     57.8845,      0.0193,      0.0004,      0.2500,      0.2065,   7836.0215,-433840.9375,   -914.6502,    552.9911,  26120.0703,
       1,     169,     146,      16,       1,       3,       1,     10.0000,      1.4052,     42.6750,    249.8646,     62.8813,      3.4953,      0.1874,      0.1542,      8.4513,      0.1817,      5.6121,     11.2241,      1.6054,     28.9423,     57.8845,      0.0193,      0.0004,      0.2485,      0.2065,   7836.0215,-431436.4375,   -913.9310,    553.1574,  26120.0723,
       1,     169,     146,      17,       1,       3,       1,     10.0000,      1.4052,     42.6750,    249.8646,     62.8813,      3.4953,      0.1677,      0.1340,      9.4973,      0.1965,      5.6121,     11.2241,      1.7363,     28.9423,     57.8845,      0.0193,      0.0005,      0.2199,      0.2065,   7836.0220,-430573.9062,   -913.5779,    553.2170,  26120.0723,
       1,     169,     146,      18,       1,       3,       1,     10.0000,      1.4052,     42.6750,    249.8646,     62.8813,      3.4953,      0.1569,      0.1235,     20.2069,      0.1896,      5.6121,     11.2241,      1.6755,     28.9423,     57.8845,      0.0193,      0.0012,      0.2030,      0.2065,   7836.0220,-431787.8438,   -914.7962,    553.1331,  26120.0723,
       1,     169,     146,      19,       1,       3,       1,     10.0000,      1.4052,     42.6750,    249.8646,     62.8813,      3.4953,      0.1045,      0.0714,     15.2198,      0.1776,      5.6121,     11.2241,      1.5691,     28.9423,     57.8845,      0.0193,      0.0015,      0.1277,      0.2065,   7836.0220,-445071.9062,   -918.0707,    552.2147,  26120.0703,
       1,     169,     146,      20,       1,       3,       1,     10.0000,      1.4052,     42.6750,    249.8646,     62.8813,      3.4953,      0.0207,     -0.0119,      0.6004,      0.1634,      5.6121,     11.2241,      1.4443,     28.9423,     57.8845,      0.0193,      0.0008,      0.0087,      0.2065,   7836.0215,-440065.8750,   -917.6948,    552.5609,  26120.0703,
       1,     169,     146,      21,       1,       3,       1,     10.0000,      1.4052,     42.6750,    249.8646,     62.8813,      3.4953,      0.0000,     -0.0323,      1.2228,      0.1533,      5.6121,     11.2241,      1.3544,     28.9423,     57.8845,      0.0193,      0.0010,      0.0156,      0.2065,   7836.0215,-421644.6562,   -910.6073,    553.8334,  26120.0703,
       1,     169,     146,      22,       1,       3,       1,     10.0000,      1.4052,     42.6750,    249.8646,     62.8813,      3.4953,      0.0000,     -0.0322,      2.3937,      0.1514,      5.6121,     11.2241,      1.3382,     28.9423,     57.8845,      0.0193,      0.0019,      0.0156,      0.2065,   7836.0215,-420846.4062,   -910.4323,    553.8901,  26120.0723,
       1,     169,     146,      23,       1,       3,       1,     10.0000,      1.4052,     42.6750,    249.8646,     62.8813,      3.4953,      0.0000,     -0.0318,      1.9929,      0.1404,      5.6121,     11.2241,      1.2406,     28.9423,     57.8845,      0.0193,      0.0016,      0.0156,      0.2065,   7836.0220,-422217.2500,   -910.8400,    553.7952,  26120.0684,
       1,     169,     146,      24,       1,       3,       1,     10.0000,      1.4052,     42.6750,    249.8646,     62.8813,      3.4953,      0.0000,     -0.0309,      1.3307,      0.1168,      5.6121,     11.2241,      1.0319,     28.9423,     57.8845,      0.0193,      0.0010,      0.0156,      0.2065,   7836.0210,-421841.1250,   -910.7396,    553.8212,  26120.0684,
       1,     169,     147,       1,       1,       3,       1,     10.0000,      1.4052,     42.6754,    249.8705,     62.8828,      3.4953,      0.0000,     -0.0308,      0.9306,      0.1145,      5.6118,     11.2235,      1.0120,     28.9494,     57.8987,      0.0193,      0.0007,      0.0156,      0.2065,   7836.0210,-421149.6875,   -910.7120,    553.8822,  26121.2383,
       1,     169,     147,       2,       1,       3,       1,     10.0000,      1.4052,     42.6754,    249.8705,     62.8828,      3.4953,      0.0000,     -0.0308,      0.6919,      0.1155,      5.6118,     11.2235,      1.0204,     28.9494,     57.8987,      0.0193,      0.0005,      0.0156,      0.2065,   7836.3716,-420445.8125,   -910.2739,    553.9308,  26121.2402,
       1,     169,     147,       3,       1,       3,       1,     10.0000,      1.4052,     42.6754,    249.8705,     62.8828,      3.4953,      0.0000,     -0.0308,      0.5373,      0.1151,      5.6118,     11.2235,      1.0172,     28.9494,     57.8987,      0.0193,      0.0004,      0.0156,      0.2065,   7836.3726,-420092.0625,   -910.2084,    553.9554,  26121.2383,
       1,     169,     147,       4,       1,       3,       1,     10.0000,      1.4052,     42.6754,    249.8705,     62.8828,      3.4953,      0.0000,     -0.0310,      0.4476,      0.1194,      5.6118,     11.2235,      1.0554,     28.9494,     57.8987,      0.0193,      0.0004,      0.0156,      0.2065,   7836.3716,-419871.8438,   -910.1881,    553.9706,  26121.2402,
       1,     169,     147,       5,       1,       3,       1,     10.0000,      1.4052,     42.6754,    249.8705,     62.8828,      3.4953,      0.0000,     -0.0311,      0.3181,      0.1223,      5.6118,     11.2235,      1.0805,     28.9494,     57.8987,      0.0193,      0.0002,      0.0156,      0.2065,   7836.3726,-419742.6875,   -910.1747,    553.9796,  26121.2422,
       1,     169,     147,       6,       1,       3,       1,     10.0000,      1.4052,     42.6754,    249.8705,     62.8828,      3.4953,      0.0000,     -0.0313,      0.3015,      0.1266,      5.6118,     11.2235,      1.1186,     28.9494,     57.8987,      0.0193,      0.0002,      0.0156,      0.2065,   7836.3730,-419572.0625,   -910.0835,    553.9914,  26121.2422,
       1,     169,     147,       7,       1,       3,       1,     10.0000,      1.4052,     42.6754,    249.8705,     62.8828,      3.4953,      0.0000,     -0.0314,      0.3072,      0.1287,      5.6118,     11.2235,      1.1370,     28.9494,     57.8987,      0.0193,      0.0002,      0.0156,      0.2065,   7836.3730,-419537.0312,   -910.0787,    553.9938,  26121.2402,
       1,     169,     147,       8,       1,       3,       1,     10.0000,      1.4052,     42.6754,    249.8705,     62.8828,      3.4953,      0.0195,     -0.0119,      0.1698,      0.1307,      5.6118,     11.2235,      1.1545,     28.9494,     57.8987,      0.0193,      0.0002,      0.0085,      0.2065,   7836.3726,-419541.3125,   -910.0755,    553.9935,  26121.2402,
       1,     169,     147,       9,       1,       3,       1,     10.0000,      1.4052,     42.6754,    249.8705,     62.8828,      3.4953,      0.1097,      0.0782,      2.7412,      0.1303,      5.6118,     11.2235,      1.1510,     28.9494,     57.8987,      0.0193,      0.0002,      0.1373,      0.2065,   7836.3726,-419372.6250,   -910.0773,    554.0051,  26121.2422,
       1,     169,     147,      10,       1,       3,       1,     10.0000,      1.4052,     42.6754,    249.8705,     62.8828,      3.4953,      0.1135,      0.0816,      3.1432,      0.1421,      5.6118,     11.2235,      1.2558,     28.9494,     57.8987,      0.0193,      0.0003,      0.1425,      0.2065,   7836.3730,-422521.8750,   -910.9111,    553.7871,  26121.2383,
       1,     169,     147,      11,       1,       3,       1,     10.0000,      1.4052,     42.6754,    249.8705,     62.8828,      3.4953,      0.1885,      0.1560,      6.6945,      0.1577,      5.6118,     11.2235,      1.3931,     28.9494,     57.8987,      0.0193,      0.0003,      0.2500,      0.2065,   7836.3716,-423285.2812,   -911.4377,    553.7343,  26121.2383,
       1,     169,     147,      12,       1,       3,       1,     10.0000,      1.4052,     42.6754,    249.8705,     62.8828,      3.4953,      0.1816,      0.1488,     10.9560,      0.1673,      5.6118,     11.2235,      1.4780,     28.9494,     57.8987,      0.0193,      0.0006,      0.2397,      0.2065,   7836.3716,-427719.8125,   -914.3997,    553.4274,  26121.2402,
       1,     169,     147,      13,       1,       3,       1,     10.0000,      1.4052,     42.6754,    249.8705,     62.8828,      3.4953,      0.1716,      0.1388,     22.6785,      0.1710,      5.6118,     11.2235,      1.5108,     28.9494,     57.8987,      0.0193,      0.0012,      0.2240,      0.2065,   7836.3726,-433341.5312,   -916.8234,    553.0386,  26121.2422,
       1,     169,     147,      14,       1,       3,       1,     10.0000,      1.4052,     42.6754,    249.8705,     62.8828,      3.4953,      0.1836,      0.1501,     33.1601,      0.1906,      5.6118,     11.2235,      1.6838,     28.9494,     57.8987,      0.0193,      0.0017,      0.2402,      0.2065,   7836.3730,-448246.0625,   -920.5883,    552.0084,  26121.2383,
       1,     169,     147,      15,       1,       3,       1,     10.0000,      1.4052,     42.6754,    249.8705,     62.8828,      3.4953,      0.1749,      0.1412,     18.1611,      0.1975,      5.6118,     11.2235,      1.7449,     28.9494,     57.8987,      0.0193,      0.0010,      0.2294,      0.2065,   7836.3716,-462419.0625,   -924.4203,    551.0313,  26121.2383,
       1,     169,     147,      16,       1,       3,       1,     10.0000,      1.4052,     42.6754,    249.8705,     62.8828,      3.4953,      0.1899,      0.1560,     28.2352,      0.2014,      5.6118,     11.2235,      1.7798,     28.9494,     57.8987,      0.0193,      0.0014,      0.2500,      0.2065,   7836.3716,-445159.7500,   -922.2722,    552.2210,  26121.2402,
       1,     169,     147,      17,       1,       3,       1,     10.0000,      1.4052,     42.6754,    249.8705,     62.8828,      3.4953,      0.1906,      0.1569,     36.5722,      0.1953,      5.6118,     11.2235,      1.7261,     28.9494,     57.8987,      0.0193,      0.0018,      0.2500,      0.2065,   7836.3726,-456094.3750,   -925.7214,    551.4675,  26121.2383,
       1,     169,     147,      18,       1,       3,       1,     10.0000,      1.4052,     42.6754,    249.8705,     62.8828,      3.4953,      0.1771,      0.1440,     37.8908,      0.1781,      5.6118,     11.2235,      1.5738,     28.9494,     57.8987,      0.0193,      0.0020,      0.2301,      0.2065,   7836.3716,-467287.5000,   -929.2697,    550.6965,  26121.2383,
       1,     169,     147,      19,       1,       3,       1,     10.0000,      1.4052,     42.6754,    249.8705,     62.8828,      3.4953,      0.1226,      0.0896,     32.9315,      0.1737,      5.6118,     11.2235,      1.5351,     28.9494,     57.8987,      0.0193,      0.0026,      0.1519,      0.2065,   7836.3716,-469863.3750,   -930.5351,    550.5197,  26121.2402,
       1,     169,     147,      20,       1,       3,       1,     10.0000,      1.4052,     42.6754,    249.8705,     62.8828,      3.4953,      0.0200,     -0.0126,      2.0151,      0.1638,      5.6118,     11.2235,      1.4472,     28.9494,     57.8987,      0.0193,      0.0033,      0.0075,      0.2065,   7836.3726,-463975.1250,   -929.8847,    550.9249,  26121.2402,
       1,     169,     147,      21,       1,       3,       1,     10.0000,      1.4052,     42.6754,    249.8705,     62.8828,      3.4953,      0.0000,     -0.0322,      4.5936,      0.1510,      5.6118,     11.2235,      1.3342,     28.9494,     57.8987,      0.0193,      0.0036,      0.0156,      0.2065,   7836.3726,-425412.0000,   -922.7805,    553.5807,  26121.2383,
       1,     169,     147,      22,       1,       3,       1,     10.0000,      1.4052,     42.6754,    249.8705,     62.8828,      3.4953,      0.0000,     -0.0322,      3.8213,      0.1502,      5.6118,     11.2235,      1.3275,     28.9494,     57.8987,      0.0193,      0.0030,      0.0156,      0.2065,   7836.3716,-425323.8438,   -922.8345,    553.5933,  26121.2422,
       1,     169,     147,      23,       1,       3,       1,     10.0000,      1.4052,     42.6754,    249.8705,     62.8828,      3.4953,      0.0000,     -0.0320,      2.9406,      0.1469,      5.6118,     11.2235,      1.2984,     28.9494,     57.8987,      0.0193,      0.0023,      0.0156,      0.2065,   7836.3730,-424357.9062,   -922.7293,    553.6601,  26121.2402,
       1,     169,     147,      24,       1,       3,       1,     10.0000,      1.4052,     42.6754,    249.8705,     62.8828,      3.4953,      0.0000,     -0.0319,      3.5059,      0.1439,      5.6118,     11.2235,      1.2711,     28.9494,     57.8987,      0.0193,      0.0027,      0.0156,      0.2065,   7836.3726,-423192.0938,   -922.5742,    553.7407,  26121.2402,
       1,     169,     148,       1,       1,       3,       1,     10.0000,      1.4053,     42.6757,    249.8764,     62.8843,      3.4953,      0.0000,     -0.0320,      2.8913,      0.1452,      5.6121,     11.2242,      1.2828,     28.9552,     57.9105,      0.0193,      0.0023,      0.0156,      0.2066,   7836.3726,-423943.3750,   -923.0334,    553.7018,  26122.4082,
       1,     169,     148,       2,       1,       3,       1,     10.0000,      1.4053,     42.6757,    249.8764,     62.8843,      3.4953,      0.0000,     -0.0316,      2.0071,      0.1344,      5.6121,     11.2242,      1.1878,     28.9552,     57.9105,      0.0193,      0.0016,      0.0156,      0.2066,   7836.7227,-423098.6562,   -922.6502,    553.7603,  26122.4082,
       1,     169,     148,       3,       1,       3,       1,     10.0000,      1.4053,     42.6757,    249.8764,     62.8843,      3.4953,      0.0000,     -0.0315,      1.5941,      0.1323,      5.6121,     11.2242,      1.1687,     28.9552,     57.9105,      0.0193,      0.0012,      0.0156,      0.2066,   7836.7227,-421938.9375,   -922.4680,    553.8406,  26122.4082,
       1,     169,     148,       4,       1,       3,       1,     10.0000,      1.4053,     42.6757,    249.8764,     62.8843,      3.4953,      0.0000,     -0.0314,      1.8792,      0.1308,      5.6121,     11.2242,      1.1557,     28.9552,     57.9105,      0.0193,      0.0015,      0.0156,      0.2066,   7836.7227,-421332.0000,   -922.3804,    553.8827,  26122.4082,
       1,     169,     148,       5,       1,       3,       1,     10.0000,      1.4053,     42.6757,    249.8764,     62.8843,      3.4953,      0.0000,     -0.0315,      1.3052,      0.1313,      5.6121,     11.2242,      1.1604,     28.9552,     57.9105,      0.0193,      0.0010,      0.0156,      0.2066,   7836.7227,-421631.0000,   -922.4639,    553.8619,  26122.4082,
       1,     169,     148,       6,       1,       3,       1,     10.0000,      1.4053,     42.6757,    249.8764,     62.8843,      3.4953,      0.0000,     -0.0316,      0.6155,      0.1351,      5.6121,     11.2242,      1.1939,     28.9552,     57.9105,      0.0193,      0.0005,      0.0156,      0.2066,   7836.7227,-420950.4062,   -922.3527,    553.9091,  26122.4082,
       1,     169,     148,       7,       1,       3,       1,     10.0000,      1.4053,     42.6757,    249.8764,     62.8843,      3.4953,      0.0000,     -0.0314,      0.6379,      0.1297,      5.6121,     11.2242,      1.1463,     28.9552,     57.9105,      0.0193,      0.0005,      0.0156,      0.2066,   7836.7227,-420043.8125,   -922.1887,    553.9719,  26122.4082,
       1,     169,     148,       8,       1,       3,       1,     10.0000,      1.4053,     42.6757,    249.8764,     62.8843,      3.4953,      0.0135,     -0.0180,      0.7359,      0.1313,      5.6121,     11.2242,      1.1604,     28.9552,     57.9105,      0.0193,      0.0006,      0.0156,      0.2066,   7836.7227,-419994.2500,   -922.1867,    553.9753,  26122.4082,
       1,     169,     148,       9,       1,       3,       1,     10.0000,      1.4053,     42.6757,    249.8764,     62.8843,      3.4953,      0.0748,      0.0429,      3.9094,      0.1431,      5.6121,     11.2242,      1.2648,     28.9552,     57.9105,      0.0193,      0.0005,      0.0869,      0.2066,   7836.7227,-420110.5000,   -922.2335,    553.9672,  26122.4082,
       1,     169,     148,      10,       1,       3,       1,     10.0000,      1.4053,     42.6757,    249.8764,     62.8843,      3.4953,      0.1540,      0.1212,      6.9484,      0.1694,      5.6121,     11.2242,      1.4973,     28.9552,     57.9105,      0.0193,      0.0004,      0.2003,      0.2066,   7836.7227,-424024.5938,   -923.0859,    553.6962,  26122.4082,
       1,     169,     148,      11,       1,       3,       1,     10.0000,      1.4053,     42.6757,    249.8764,     62.8843,      3.4953,      0.1883,      0.1548,      7.8079,      0.1925,      5.6121,     11.2242,      1.7007,     28.9552,     57.9105,      0.0193,      0.0004,      0.2500,      0.2066,   7836.7227,-428097.0938,   -924.1465,    553.4144,  26122.4062,
       1,     169,     148,      12,       1,       3,       1,     10.0000,      1.4053,     42.6757,    249.8764,     62.8843,      3.4953,      0.1882,      0.1540,      8.9261,      0.2162,      5.6121,     11.2242,      1.9107,     28.9552,     57.9105,      0.0193,      0.0004,      0.2500,      0.2066,   7836.7222,-429501.7188,   -924.8365,    553.3173,  26122.4082,
       1,     169,     148,      13,       1,       3,       1,     10.0000,      1.4053,     42.6757,    249.8764,     62.8843,      3.4953,      0.1882,      0.1539,      9.0378,      0.2186,      5.6121,     11.2242,      1.9314,     28.9552,     57.9105,      0.0193,      0.0004,      0.2500,      0.2065,   7836.7227,-430996.9688,   -925.3323,    553.2139,  26122.4102,
       1,     169,     148,      14,       1,       3,       1,     10.0000,      1.4053,     42.6757,    249.8764,     62.8843,      3.4953,      0.1885,      0.1552,      9.9738,      0.1859,      5.6121,     11.2242,      1.6426,     28.9552,     57.9105,      0.0193,      0.0005,      0.2500,      0.2065,   7836.7231,-431261.5312,   -921.1911,    553.1956,  26122.4102,
       1,     169,     148,      15,       1,       3,       1,     10.0000,      1.4053,     42.6757,    249.8764,     62.8843,      3.4953,      0.1894,      0.1555,     33.1573,      0.2048,      5.6121,     11.2242,      1.8099,     28.9552,     57.9105,      0.0193,      0.0016,      0.2488,      0.2065,   7836.7231,-432435.6562,   -914.4031,    553.1144,  26122.4082,
       1,     169,     148,      16,       1,       3,       1,     10.0000,      1.4053,     42.6757,    249.8764,     62.8843,      3.4953,      0.1632,      0.1292,     48.3554,      0.2073,      5.6121,     11.2242,      1.8315,     28.9552,     57.9105,      0.0193,      0.0028,      0.2089,      0.2065,   7836.7227,-461062.0625,   -921.0125,    551.1352,  26122.4082,
       1,     169,     148,      17,       1,       3,       1,     10.0000,      1.4053,     42.6757,    249.8764,     62.8843,      3.4953,      0.0796,      0.0462,     30.4973,      0.1857,      5.6121,     11.2242,      1.6410,     28.9552,     57.9105,      0.0193,      0.0041,      0.0897,      0.2065,   7836.7227,-482216.0000,   -926.0547,    549.6814,  26122.4082,
       1,     169,     148,      18,       1,       3,       1,     10.0000,      1.4053,     42.6757,    249.8764,     62.8843,      3.4953,      0.1096,      0.0766,     44.0574,      0.1762,      5.6121,     11.2242,      1.5567,     28.9552,     57.9105,      0.0193,      0.0041,      0.1319,      0.2065,   7836.7227,-462024.7812,   -923.2023,    551.0706,  26122.4082,
       1,     169,     148,      19,       1,       3,       1,     10.0000,      1.4053,     42.6757,    249.8764,     62.8843,      3.4953,      0.0532,      0.0203,      6.0089,      0.1693,      5.6121,     11.2242,      1.4958,     28.9552,     57.9105,      0.0193,      0.0013,      0.0547,      0.2065,   7836.7227,-477005.2500,   -921.5061,    550.0405,  26122.4062,
       1,     169,     148,      20,       1,       3,       1,     10.0000,      1.4053,     42.6757,    249.8764,     62.8843,      3.4953,      0.0099,     -0.0226,      3.1410,      0.1607,      5.6121,     11.2242,      1.4200,     28.9552,     57.9105,      0.0193,      0.0025,      0.0156,      0.2065,   7836.7222,-431430.9688,   -912.5652,    553.1749,  26122.4082,
       1,     169,     148,      21,       1,       3,       1,     10.0000,      1.4053,     42.6757,    249.8764,     62.8843,      3.4953,      0.0000,     -0.0325,      3.9881,      0.1602,      5.6121,     11.2242,      1.4157,     28.9552,     57.9105,      0.0193,      0.0031,      0.0156,      0.2065,   7836.7227,-424054.0625,   -911.2766,    553.6940,  26122.4082,
       1,     169,     148,      22,       1,       3,       1,     10.0000,      1.4053,     42.6757,    249.8764,     62.8843,      3.4953,      0.0000,     -0.0326,      2.7140,      0.1630,      5.6121,     11.2242,      1.4400,     28.9552,     57.9105,      0.0193,      0.0021,      0.0156,      0.2066,   7836.7227,-424457.7812,   -911.3473,    553.6663,  26122.4062,
       1,     169,     148,      23,       1,       3,       1,     10.0000,      1.4053,     42.6757,    249.8764,     62.8843,      3.4953,      0.0000,     -0.0325,      1.9767,      0.1602,      5.6121,     11.2242,      1.4157,     28.9552,     57.9105,      0.0193,      0.0015,      0.0156,      0.2066,   7836.7222,-422924.4375,   -911.3348,    553.7724,  26122.4082,
       1,     169,     148,      24,       1,       3,       1,     10.0000,      1.4053,     42.6757,    249.8764,     62.8843,      3.4953,      0.0000,     -0.0324,      1.5643,      0.1572,      5.6121,     11.2242,      1.3890,     28.9552,     57.9105,      0.0193,      0.0012,      0.0156,      0.2066,   7836.7227,-421886.7188,   -911.3221,    553.8442,  26122.4082,
       1,     169,     149,       1,       1,       3,       1,     10.0000,      1.4053,     42.6760,    249.8822,     62.8858,      3.4953,      0.0000,     -0.0321,      0.6463,      0.1474,      5.6119,     11.2239,      1.3024,     28.9548,     57.9096,      0.0193,      0.0005,      0.0156,      0.2066,   7836.7227,-421446.2812,   -911.6495,    553.8877,  26123.5801,
       1,     169,     149,       2,       1,       3,       1,     10.0000,      1.4053,     42.6760,    249.8822,     62.8858,      3.4953,      0.0000,     -0.0320,      0.4185,      0.1462,      5.6119,     11.2239,      1.2919,     28.9548,     57.9096,      0.0193,      0.0003,      0.0156,      0.2066,   7837.0742,-420126.8438,   -911.1981,    553.9790,  26123.5801,
       1,     169,     149,       3,       1,       3,       1,     10.0000,      1.4053,     42.6760,    249.8822,     62.8858,      3.4953,      0.0000,     -0.0320,      0.4397,      0.1446,      5.6119,     11.2239,      1.2776,     28.9548,     57.9096,      0.0193,      0.0003,      0.0156,      0.2066,   7837.0742,-419734.3438,   -911.1379,    554.0062,  26123.5801,
       1,     169,     149,       4,       1,       3,       1,     10.0000,      1.4053,     42.6760,    249.8822,     62.8858,      3.4953,      0.0000,     -0.0319,      0.4902,      0.1426,      5.6119,     11.2239,      1.2597,     28.9548,     57.9096,      0.0193,      0.0004,      0.0156,      0.2066,   7837.0742,-419726.9062,   -911.1506,    554.0068,  26123.5781,
       1,     169,     149,       5,       1,       3,       1,     10.0000,      1.4053,     42.6760,    249.8822,     62.8858,      3.4953,      0.0000,     -0.0318,      0.5224,      0.1407,      5.6119,     11.2239,      1.2432,     28.9548,     57.9096,      0.0193,      0.0004,      0.0156,      0.2066,   7837.0737,-419788.5625,   -911.1843,    554.0025,  26123.5801,
       1,     169,     149,       6,       1,       3,       1,     10.0000,      1.4053,     42.6760,    249.8822,     62.8858,      3.4953,      0.0000,     -0.0318,      0.5542,      0.1396,      5.6119,     11.2239,      1.2332,     28.9548,     57.9096,      0.0193,      0.0004,      0.0156,      0.2066,   7837.0742,-419833.2812,   -911.2150,    553.9994,  26123.5801,
       1,     169,     149,       7,       1,       3,       1,     10.0000,      1.4053,     42.6760,    249.8822,     62.8858,      3.4953,      0.0000,     -0.0319,      1.5534,      0.1436,      5.6119,     11.2239,      1.2686,     28.9548,     57.9096,      0.0193,      0.0012,      0.0156,      0.2066,   7837.0742,-419876.2188,   -911.2517,    553.9964,  26123.5801,
       1,     169,     149,       8,       1,       3,       1,     10.0000,      1.4053,     42.6760,    249.8822,     62.8858,      3.4953,      0.0107,     -0.0213,      0.8895,      0.1443,      5.6119,     11.2239,      1.2751,     28.9548,     57.9096,      0.0193,      0.0007,      0.0156,      0.2066,   7837.0742,-421109.0000,   -911.6403,    553.9110,  26123.5801,
       1,     169,     149,       9,       1,       3,       1,     10.0000,      1.4053,     42.6760,    249.8822,     62.8858,      3.4953,      0.0631,      0.0311,      2.8844,      0.1455,      5.6119,     11.2239,      1.2854,     28.9548,     57.9096,      0.0193,      0.0005,      0.0702,      0.2066,   7837.0742,-420397.3438,   -911.6140,    553.9603,  26123.5781,
       1,     169,     149,      10,       1,       3,       1,     10.0000,      1.4053,     42.6760,    249.8822,     62.8858,      3.4953,      0.1342,      0.1016,      6.3574,      0.1633,      5.6119,     11.2239,      1.4430,     28.9548,     57.9096,      0.0193,      0.0005,      0.1718,      0.2066,   7837.0737,-422790.7812,   -912.2524,    553.7946,  26123.5801,
       1,     169,     149,      11,       1,       3,       1,     10.0000,      1.4053,     42.6760,    249.8822,     62.8858,      3.4953,      0.1671,      0.1337,      8.5737,      0.1878,      5.6119,     11.2239,      1.6591,     28.9548,     57.9096,      0.0193,      0.0005,      0.2191,      0.2066,   7837.0742,-427266.9062,   -913.7729,    553.4848,  26123.5801,
       1,     169,     149,      12,       1,       3,       1,     10.0000,      1.4053,     42.6760,    249.8822,     62.8858,      3.4953,      0.1738,      0.1399,     10.4903,      0.2040,      5.6119,     11.2239,      1.8028,     28.9548,     57.9096,      0.0193,      0.0006,      0.2286,      0.2066,   7837.0742,-430374.7500,   -915.4433,    553.2698,  26123.5801,
       1,     169,     149,      13,       1,       3,       1,     10.0000,      1.4053,     42.6760,    249.8822,     62.8858,      3.4953,      0.1891,      0.1545,     20.6142,      0.2271,      5.6119,     11.2239,      2.0068,     28.9548,     57.9096,      0.0193,      0.0010,      0.2500,      0.2066,   7837.0742,-432997.3125,   -917.0140,    553.0884,  26123.5781,
       1,     169,     149,      14,       1,       3,       1,     10.0000,      1.4053,     42.6760,    249.8822,     62.8858,      3.4953,      0.1899,      0.1548,     32.2820,      0.2477,      5.6119,     11.2239,      2.1891,     28.9548,     57.9096,      0.0193,      0.0016,      0.2500,      0.2066,   7837.0737,-445676.4062,   -921.2398,    552.2119,  26123.5801,
       1,     169,     149,      15,       1,       3,       1,     10.0000,      1.4053,     42.6760,    249.8822,     62.8858,      3.4953,      0.1908,      0.1564,     41.7986,      0.2205,      5.6119,     11.2239,      1.9486,     28.9548,     57.9096,      0.0193,      0.0020,      0.2500,      0.2066,   7837.0742,-461114.8438,   -925.9828,    551.1470,  26123.5781,
       1,     169,     149,      16,       1,       3,       1,     10.0000,      1.4053,     42.6760,    249.8822,     62.8858,      3.4953,      0.1923,      0.1580,     60.9310,      0.2194,      5.6119,     11.2239,      1.9391,     28.9548,     57.9096,      0.0193,      0.0030,      0.2500,      0.2065,   7837.0737,-474142.9062,   -929.8145,    550.2504,  26123.5801,
       1,     169,     149,      17,       1,       3,       1,     10.0000,      1.4053,     42.6760,    249.8822,     62.8858,      3.4953,      0.1923,      0.1586,     74.5291,      0.1973,      5.6119,     11.2239,      1.7433,     28.9548,     57.9096,      0.0193,      0.0037,      0.2482,      0.2065,   7837.0742,-498803.7812,   -935.5693,    548.5549,  26123.5801,
       1,     169,     149,      18,       1,       3,       1,     10.0000,      1.4053,     42.6760,    249.8822,     62.8858,      3.4953,      0.1683,      0.1357,     86.2377,      0.1631,      5.6119,     11.2239,      1.4415,     28.9548,     57.9096,      0.0193,      0.0050,      0.2118,      0.2065,   7837.0742,-517651.1562,   -940.1426,    547.2652,  26123.5801,
       1,     169,     149,      19,       1,       3,       1,     10.0000,      1.4053,     42.6760,    249.8822,     62.8858,      3.4953,      0.0830,      0.0509,     37.8103,      0.1480,      5.6119,     11.2239,      1.3076,     28.9548,     57.9096,      0.0193,      0.0049,      0.0947,      0.2065,   7837.0742,-533675.4375,   -944.0289,    546.1705,  26123.5801,
       1,     169,     149,      20,       1,       3,       1,     10.0000,      1.4053,     42.6760,    249.8822,     62.8858,      3.4953,      0.0193,     -0.0131,      2.1754,      0.1573,      5.6119,     11.2239,      1.3904,     28.9548,     57.9096,      0.0193,      0.0039,      0.0067,      0.2065,   7837.0742,-475362.8125,   -933.5414,    550.1527,  26123.5820,
       1,     169,     149,      21,       1,       3,       1,     10.0000,      1.4053,     42.6760,    249.8822,     62.8858,      3.4953,      0.0000,     -0.0325,      4.4564,      0.1601,      5.6119,     11.2239,      1.4143,     28.9548,     57.9096,      0.0193,      0.0035,      0.0156,      0.2065,   7837.0747,-426591.0312,   -924.5045,    553.5212,  26123.5801,
       1,     169,     149,      22,       1,       3,       1,     10.0000,      1.4053,     42.6760,    249.8822,     62.8858,      3.4953,      0.0000,     -0.0326,      2.9578,      0.1635,      5.6119,     11.2239,      1.4444,     28.9548,     57.9096,      0.0193,      0.0023,      0.0156,      0.2066,   7837.0742,-425264.7188,   -924.3371,    553.6234,  26123.5801,
       1,     169,     149,      23,       1,       3,       1,     10.0000,      1.4053,     42.6760,    249.8822,     62.8858,      3.4953,      0.0000,     -0.0325,      1.7225,      0.1610,      5.6119,     11.2239,      1.4228,     28.9548,     57.9096,      0.0193,      0.0013,      0.0156,      0.2066,   7837.0742,-423295.5312,   -924.0099,    553.7596,  26123.5801,
       1,     169,     149,      24,       1,       3,       1,     10.0000,      1.4053,     42.6760,    249.8822,     62.8858,      3.4953,      0.0000,     -0.0324,      1.4529,      0.1581,      5.6119,     11.2239,      1.3974,     28.9548,     57.9096,      0.0193,      0.0011,      0.0156,      0.2066,   7837.0742,-421608.2812,   -923.7125,    553.8765,  26123.5801,
       1,     169,     150,       1,       1,       3,       1,     10.0000,      1.4053,     42.6764,    249.8881,     62.8873,      3.4953,      0.0000,     -0.0323,      1.0249,      0.1552,      5.6124,     11.2249,      1.3710,     28.9586,     57.9172,      0.0193,      0.0008,      0.0156,      0.2066,   7837.0742,-421287.9688,   -923.9431,    553.9117,  26124.7480,
       1,     169,     150,       2,       1,       3,       1,     10.0000,      1.4053,     42.6764,    249.8881,     62.8873,      3.4953,      0.0000,     -0.0324,      1.0808,      0.1559,      5.6124,     11.2249,      1.3779,     28.9586,     57.9172,      0.0193,      0.0008,      0.0156,      0.2066,   7837.4248,-420581.8438,   -923.5532,    553.9607,  26124.7480,
       1,     169,     150,       3,       1,       3,       1,     10.0000,      1.4053,     42.6764,    249.8881,     62.8873,      3.4953,      0.0000,     -0.0323,      1.3431,      0.1539,      5.6124,     11.2249,      1.3600,     28.9586,     57.9172,      0.0193,      0.0011,      0.0156,      0.2066,   7837.4248,-420590.3438,   -923.5714,    553.9601,  26124.7480,
       1,     169,     150,       4,       1,       3,       1,     10.0000,      1.4053,     42.6764,    249.8881,     62.8873,      3.4953,      0.0000,     -0.0321,      1.1227,      0.1495,      5.6124,     11.2249,      1.3209,     28.9586,     57.9172,      0.0193,      0.0009,      0.0156,      0.2066,   7837.4248,-420913.5938,   -923.6565,    553.9376,  26124.7480,
       1,     169,     150,       5,       1,       3,       1,     10.0000,      1.4053,     42.6764,    249.8881,     62.8873,      3.4953,      0.0000,     -0.0321,      0.8498,      0.1486,      5.6124,     11.2249,      1.3129,     28.9586,     57.9172,      0.0193,      0.0007,      0.0156,      0.2066,   7837.4248,-420670.2812,   -923.6280,    553.9545,  26124.7480,
       1,     169,     150,       6,       1,       3,       1,     10.0000,      1.4053,     42.6764,    249.8881,     62.8873,      3.4953,      0.0000,     -0.0320,      0.6833,      0.1455,      5.6124,     11.2249,      1.2854,     28.9586,     57.9172,      0.0193,      0.0005,      0.0156,      0.2066,   7837.4248,-420313.7812,   -923.5763,    553.9792,  26124.7480,
       1,     169,     150,       7,       1,       3,       1,     10.0000,      1.4053,     42.6764,    249.8881,     62.8873,      3.4953,      0.0000,     -0.0319,      0.5782,      0.1426,      5.6124,     11.2249,      1.2597,     28.9586,     57.9172,      0.0193,      0.0005,      0.0156,      0.2066,   7837.4248,-420078.5938,   -923.5410,    553.9954,  26124.7480,
       1,     169,     150,       8,       1,       3,       1,     10.0000,      1.4053,     42.6764,    249.8881,     62.8873,      3.4953,      0.0119,     -0.0200,      0.6199,      0.1420,      5.6124,     11.2249,      1.2546,     28.9586,     57.9172,      0.0193,      0.0005,      0.0156,      0.2066,   7837.4248,-419929.3750,   -923.5214,    554.0057,  26124.7500,
       1,     169,     150,       9,       1,       3,       1,     10.0000,      1.4053,     42.6764,    249.8881,     62.8873,      3.4953,      0.0677,      0.0352,      2.6453,      0.1583,      5.6124,     11.2249,      1.3988,     28.9586,     57.9172,      0.0193,      0.0004,      0.0763,      0.2066,   7837.4253,-419967.8750,   -923.5427,    554.0032,  26124.7500,
       1,     169,     150,      10,       1,       3,       1,     10.0000,      1.4053,     42.6764,    249.8881,     62.8873,      3.4953,      0.1140,      0.0809,      4.4966,      0.1767,      5.6124,     11.2249,      1.5615,     28.9586,     57.9172,      0.0193,      0.0004,      0.1427,      0.2066,   7837.4253,-422462.0625,   -924.0657,    553.8304,  26124.7500,
       1,     169,     150,      11,       1,       3,       1,     10.0000,      1.4053,     42.6764,    249.8881,     62.8873,      3.4953,      0.1736,      0.1396,      8.3065,      0.2075,      5.6124,     11.2249,      1.8334,     28.9586,     57.9172,      0.0193,      0.0004,      0.2287,      0.2066,   7837.4253,-424951.6875,   -924.6357,    553.6580,  26124.7480,
       1,     169,     150,      12,       1,       3,       1,     10.0000,      1.4053,     42.6764,    249.8881,     62.8873,      3.4953,      0.1883,      0.1544,      9.1255,      0.2052,      5.6124,     11.2249,      1.8136,     28.9586,     57.9172,      0.0193,      0.0004,      0.2500,      0.2066,   7837.4248,-429850.4375,   -925.8076,    553.3191,  26124.7480,
       1,     169,     150,      13,       1,       3,       1,     10.0000,      1.4053,     42.6764,    249.8881,     62.8873,      3.4953,      0.1883,      0.1543,      9.0488,      0.2079,      5.6124,     11.2249,      1.8370,     28.9586,     57.9172,      0.0193,      0.0004,      0.2500,      0.2066,   7837.4248,-431275.1250,   -926.3181,    553.2206,  26124.7480,
       1,     169,     150,      14,       1,       3,       1,     10.0000,      1.4053,     42.6764,    249.8881,     62.8873,      3.4953,      0.1768,      0.1430,     18.7974,      0.2024,      5.6124,     11.2249,      1.7887,     28.9586,     57.9172,      0.0193,      0.0010,      0.2321,      0.2066,   7837.4248,-431301.9062,   -926.4909,    553.2188,  26124.7480,
       1,     169,     150,      15,       1,       3,       1,     10.0000,      1.4053,     42.6764,    249.8881,     62.8873,      3.4953,      0.1783,      0.1445,     39.7788,      0.2016,      5.6124,     11.2249,      1.7817,     28.9586,     57.9172,      0.0193,      0.0021,      0.2318,      0.2066,   7837.4248,-443296.4375,   -928.9280,    552.3894,  26124.7480,
       1,     169,     150,      16,       1,       3,       1,     10.0000,      1.4053,     42.6764,    249.8881,     62.8873,      3.4953,      0.1936,      0.1604,     73.9518,      0.1815,      5.6124,     11.2249,      1.6040,     28.9586,     57.9172,      0.0193,      0.0036,      0.2500,      0.2066,   7837.4248,-470133.2812,   -934.2999,    550.5369,  26124.7480,
       1,     169,     150,      17,       1,       3,       1,     10.0000,      1.4053,     42.6764,    249.8881,     62.8873,      3.4953,      0.1729,      0.1395,     63.5935,      0.1872,      5.6124,     11.2249,      1.6542,     28.9586,     57.9172,      0.0193,      0.0035,      0.2212,      0.2066,   7837.4248,-514484.7188,   -943.2007,    547.4879,  26124.7480,
       1,     169,     150,      18,       1,       3,       1,     10.0000,      1.4053,     42.6764,    249.8881,     62.8873,      3.4953,      0.1402,      0.1067,     50.7432,      0.1896,      5.6124,     11.2249,      1.6756,     28.9586,     57.9172,      0.0193,      0.0035,      0.1753,      0.2065,   7837.4248,-505513.3125,   -941.8551,    548.1103,  26124.7480,
       1,     169,     150,      19,       1,       3,       1,     10.0000,      1.4053,     42.6764,    249.8881,     62.8873,      3.4953,      0.1120,      0.0788,     35.6847,      0.1810,      5.6124,     11.2249,      1.5992,     28.9586,     57.9172,      0.0193,      0.0032,      0.1362,      0.2065,   7837.4248,-488917.6875,   -938.9572,    549.2476,  26124.7461,
       1,     169,     150,      20,       1,       3,       1,     10.0000,      1.4053,     42.6764,    249.8881,     62.8873,      3.4953,      0.0296,     -0.0033,      5.5043,      0.1734,      5.6124,     11.2249,      1.5322,     28.9586,     57.9172,      0.0193,      0.0033,      0.0206,      0.2065,   7837.4243,-468973.4375,   -935.3154,    550.6182,  26124.7441,
       1,     169,     150,      21,       1,       3,       1,     10.0000,      1.4053,     42.6764,    249.8881,     62.8873,      3.4953,      0.0000,     -0.0327,      3.1318,      0.1659,      5.6124,     11.2249,      1.4663,     28.9586,     57.9172,      0.0193,      0.0024,      0.0156,      0.2066,   7837.4233,-430137.4062,   -927.8708,    553.2928,  26124.7461,
       1,     169,     150,      22,       1,       3,       1,     10.0000,      1.4053,     42.6764,    249.8881,     62.8873,      3.4953,      0.0000,     -0.0326,      3.5485,      0.1638,      5.6124,     11.2249,      1.4473,     28.9586,     57.9172,      0.0193,      0.0028,      0.0156,      0.2066,   7837.4243,-423934.6875,   -926.6838,    553.7283,  26124.7461,
       1,     169,     150,      23,       1,       3,       1,     10.0000,      1.4053,     42.6764,    249.8881,     62.8873,      3.4953,      0.0000,     -0.0325,      3.6392,      0.1591,      5.6124,     11.2249,      1.4059,     28.9586,     57.9172,      0.0193,      0.0028,      0.0156,      0.2066,   7837.4243,-423911.6875,   -926.6871,    553.7301,  26124.7441,
       1,     169,     150,      24,       1,       3,       1,     10.0000,      1.4053,     42.6764,    249.8881,     62.8873,      3.4953,      0.0000,     -0.0324,      3.3019,      0.1570,      5.6124,     11.2249,      1.3876,     28.9586,     57.9172,      0.0193,      0.0026,      0.0156,      0.2066,   7837.4233,-424021.3750,   -926.7182,    553.7225,  26124.7461,
       1,     169,     151,       1,       1,       3,       1,     10.0000,      1.4053,     42.6767,    249.8940,     62.8887,      3.4953,      0.0000,     -0.0324,      2.6435,      0.1555,      5.6123,     11.2247,      1.3738,     28.9616,     57.9233,      0.0193,      0.0021,      0.0156,      0.2066,   7837.4243,-423770.8125,   -926.9565,    553.7528,  26125.9180,
       1,     169,     151,       2,       1,       3,       1,     10.0000,      1.4053,     42.6767,    249.8940,     62.8887,      3.4953,      0.0000,     -0.0322,      2.1359,      0.1522,      5.6123,     11.2247,      1.3451,     28.9616,     57.9233,      0.0193,      0.0017,      0.0156,      0.2066,   7837.7759,-422786.8438,   -926.4960,    553.8209,  26125.9180,
       1,     169,     151,       3,       1,       3,       1,     10.0000,      1.4053,     42.6767,    249.8940,     62.8887,      3.4953,      0.0000,     -0.0323,      2.0379,      0.1524,      5.6123,     11.2247,      1.3465,     28.9616,     57.9233,      0.0193,      0.0016,      0.0156,      0.2066,   7837.7759,-422078.9062,   -926.3638,    553.8700,  26125.9180,
       1,     169,     151,       4,       1,       3,       1,     10.0000,      1.4053,     42.6767,    249.8940,     62.8887,      3.4953,      0.0000,     -0.0323,      2.0396,      0.1531,      5.6123,     11.2247,      1.3532,     28.9616,     57.9233,      0.0193,      0.0016,      0.0156,      0.2066,   7837.7759,-421897.9062,   -926.3320,    553.8824,  26125.9180,
       1,     169,     151,       5,       1,       3,       1,     10.0000,      1.4053,     42.6767,    249.8940,     62.8887,      3.4953,      0.0000,     -0.0323,      1.8897,      0.1539,      5.6123,     11.2247,      1.3601,     28.9616,     57.9233,      0.0193,      0.0015,      0.0156,      0.2066,   7837.7759,-421884.7188,   -926.3325,    553.8834,  26125.9180,
       1,     169,     151,       6,       1,       3,       1,     10.0000,      1.4053,     42.6767,    249.8940,     62.8887,      3.4953,      0.0000,     -0.0324,      1.8129,      0.1561,      5.6123,     11.2247,      1.3793,     28.9616,     57.9233,      0.0193,      0.0014,      0.0156,      0.2066,   7837.7759,-421699.1875,   -926.2986,    553.8962,  26125.9180,
       1,     169,     151,       7,       1,       3,       1,     10.0000,      1.4053,     42.6767,    249.8940,     62.8887,      3.4953,      0.0000,     -0.0323,      1.6383,      0.1561,      5.6123,     11.2247,      1.3793,     28.9616,     57.9233,      0.0193,      0.0013,      0.0156,      0.2066,   7837.7759,-421589.0000,   -926.2780,    553.9039,  26125.9160,
       1,     169,     151,       8,       1,       3,       1,     10.0000,      1.4053,     42.6767,    249.8940,     62.8887,      3.4953,      0.0285,     -0.0038,      1.6976,      0.1535,      5.6123,     11.2247,      1.3560,     28.9616,     57.9233,      0.0193,      0.0010,      0.0202,      0.2066,   7837.7749,-421365.1562,   -926.2362,    553.9193,  26125.9199,
       1,     169,     151,       9,       1,       3,       1,     10.0000,      1.4053,     42.6767,    249.8940,     62.8887,      3.4953,      0.1310,      0.0980,     14.7255,      0.1765,      5.6123,     11.2247,      1.5599,     28.9616,     57.9233,      0.0193,      0.0011,      0.1661,      0.2066,   7837.7764,-421418.5625,   -926.2437,    553.9156,  26125.9160,
       1,     169,     151,      10,       1,       3,       1,     10.0000,      1.4053,     42.6767,    249.8940,     62.8887,      3.4953,      0.1744,      0.1408,     18.0830,      0.1942,      5.6123,     11.2247,      1.7160,     28.9616,     57.9233,      0.0193,      0.0010,      0.2287,      0.2066,   7837.7749,-437445.6250,   -929.3716,    552.8059,  26125.9160,
       1,     169,     151,      11,       1,       3,       1,     10.0000,      1.4053,     42.6767,    249.8940,     62.8887,      3.4953,      0.1892,      0.1554,     19.9825,      0.1998,      5.6123,     11.2247,      1.7659,     28.9616,     57.9233,      0.0193,      0.0010,      0.2500,      0.2066,   7837.7749,-442943.2188,   -930.4344,    552.4272,  26125.9180,
       1,     169,     151,      12,       1,       3,       1,     10.0000,      1.4053,     42.6767,    249.8940,     62.8887,      3.4953,      0.1893,      0.1562,     18.2693,      0.1772,      5.6123,     11.2247,      1.5662,     28.9616,     57.9233,      0.0193,      0.0009,      0.2500,      0.2066,   7837.7759,-445746.2500,   -930.9753,    552.2338,  26125.9180,
       1,     169,     151,      13,       1,       3,       1,     10.0000,      1.4053,     42.6767,    249.8940,     62.8887,      3.4953,      0.1890,      0.1552,     16.1617,      0.1973,      5.6123,     11.2247,      1.7434,     28.9616,     57.9233,      0.0193,      0.0008,      0.2500,      0.2066,   7837.7759,-443876.8750,   -930.5903,    552.3628,  26125.9199,
       1,     169,     151,      14,       1,       3,       1,     10.0000,      1.4053,     42.6767,    249.8940,     62.8887,      3.4953,      0.1905,      0.1566,     35.5508,      0.2018,      5.6123,     11.2247,      1.7835,     28.9616,     57.9233,      0.0193,      0.0017,      0.2500,      0.2066,   7837.7764,-441125.0312,   -929.9647,    552.5528,  26125.9199,
       1,     169,     151,      15,       1,       3,       1,     10.0000,      1.4053,     42.6767,    249.8940,     62.8887,      3.4953,      0.1919,      0.1581,     54.1396,      0.2014,      5.6123,     11.2247,      1.7799,     28.9616,     57.9233,      0.0193,      0.0026,      0.2500,      0.2066,   7837.7764,-464742.8750,   -934.5590,    550.9216,  26125.9180,
       1,     169,     151,      16,       1,       3,       1,     10.0000,      1.4053,     42.6767,    249.8940,     62.8887,      3.4953,      0.1900,      0.1555,     63.6885,      0.2218,      5.6123,     11.2247,      1.9602,     28.9616,     57.9233,      0.0193,      0.0032,      0.2463,      0.2066,   7837.7759,-489633.2812,   -939.4752,    549.2099,  26125.9199,
       1,     169,     151,      17,       1,       3,       1,     10.0000,      1.4053,     42.6767,    249.8940,     62.8887,      3.4953,      0.1884,      0.1541,     49.6113,      0.2190,      5.6123,     11.2247,      1.9354,     28.9616,     57.9233,      0.0193,      0.0025,      0.2456,      0.2066,   7837.7764,-503507.2500,   -942.3261,    548.2602,  26125.9180,
       1,     169,     151,      18,       1,       3,       1,     10.0000,      1.4053,     42.6767,    249.8940,     62.8887,      3.4953,      0.1740,      0.1392,     55.4365,      0.2339,      5.6123,     11.2247,      2.0667,     28.9616,     57.9233,      0.0193,      0.0030,      0.2240,      0.2066,   7837.7759,-487349.9062,   -939.2861,    549.3682,  26125.9180,
       1,     169,     151,      19,       1,       3,       1,     10.0000,      1.4053,     42.6767,    249.8940,     62.8887,      3.4953,      0.1447,      0.1103,     49.7028,      0.2216,      5.6123,     11.2247,      1.9583,     28.9616,     57.9233,      0.0193,      0.0033,      0.1819,      0.2066,   7837.7759,-493152.7500,   -940.5669,    548.9708,  26125.9180,
       1,     169,     151,      20,       1,       3,       1,     10.0000,      1.4053,     42.6767,    249.8940,     62.8887,      3.4953,      0.0426,      0.0090,      9.7415,      0.1957,      5.6123,     11.2247,      1.7296,     28.9616,     57.9233,      0.0193,      0.0031,      0.0382,      0.2066,   7837.7759,-486585.3438,   -939.4359,    549.4218,  26125.9199,
       1,     169,     151,      21,       1,       3,       1,     10.0000,      1.4053,     42.6767,    249.8940,     62.8887,      3.4953,      0.0000,     -0.0332,      4.5878,      0.1817,      5.6123,     11.2247,      1.6056,     28.9616,     57.9233,      0.0193,      0.0036,      0.0156,      0.2066,   7837.7764,-436835.3750,   -929.6902,    552.8386,  26125.9199,
       1,     169,     151,      22,       1,       3,       1,     10.0000,      1.4053,     42.6767,    249.8940,     62.8887,      3.4953,      0.0000,     -0.0331,      4.7795,      0.1769,      5.6123,     11.2247,      1.5631,     28.9616,     57.9233,      0.0193,      0.0037,      0.0156,      0.2066,   7837.7764,-426302.0625,   -927.5952,    553.5771,  26125.9180,
       1,     169,     151,      23,       1,       3,       1,     10.0000,      1.4053,     42.6767,    249.8940,     62.8887,      3.4953,      0.0000,     -0.0323,      5.2844,      0.1542,      5.6123,     11.2247,      1.3628,     28.9616,     57.9233,      0.0193,      0.0041,      0.0156,      0.2066,   7837.7759,-425629.9688,   -927.4439,    553.6241,  26125.9160,
       1,     169,     151,      24,       1,       3,       1,     10.0000,      1.4053,     42.6767,    249.8940,     62.8887,      3.4953,      0.0000,     -0.0303,      3.6312,      0.1022,      5.6123,     11.2247,      0.9029,     28.9616,     57.9233,      0.0193,      0.0028,      0.0156,      0.2066,   7837.7749,-426193.5625,   -911.7395,    553.5851,  26125.9180,
       1,     169,     152,       1,       1,       3,       1,     10.0000,      1.4053,     42.6770,    249.8999,     62.8902,      3.4953,      0.0000,     -0.0303,      2.6965,      0.1039,      5.6121,     11.2242,      0.9179,     28.9714,     57.9428,      0.0193,      0.0021,      0.0156,      0.2067,   7837.7759,-424362.7812,   -911.6963,    553.7248,  26127.0879,
       1,     169,     152,       2,       1,       3,       1,     10.0000,      1.4053,     42.6770,    249.8999,     62.8902,      3.4953,      0.0000,     -0.0305,      1.8740,      0.1074,      5.6121,     11.2242,      0.9487,     28.9714,     57.9428,      0.0193,      0.0015,      0.0156,      0.2067,   7838.1265,-422905.0938,   -911.4585,    553.8257,  26127.0879,
       1,     169,     152,       3,       1,       3,       1,     10.0000,      1.4053,     42.6770,    249.8999,     62.8902,      3.4953,      0.0000,     -0.0305,      1.5202,      0.1086,      5.6121,     11.2242,      0.9595,     28.9714,     57.9428,      0.0193,      0.0012,      0.0156,      0.2067,   7838.1265,-421769.5312,   -910.6915,    553.9044,  26127.0879,
       1,     169,     152,       4,       1,       3,       1,     10.0000,      1.4053,     42.6770,    249.8999,     62.8902,      3.4953,      0.0000,     -0.0307,      1.0476,      0.1123,      5.6121,     11.2242,      0.9926,     28.9714,     57.9428,      0.0193,      0.0008,      0.0156,      0.2067,   7838.1265,-421237.6250,   -910.7855,    553.9412,  26127.0859,
       1,     169,     152,       5,       1,       3,       1,     10.0000,      1.4053,     42.6770,    249.8999,     62.8902,      3.4953,      0.0000,     -0.0309,      0.2776,      0.1169,      5.6121,     11.2242,      1.0331,     28.9714,     57.9428,      0.0193,      0.0002,      0.0156,      0.2067,   7838.1260,-420611.6875,   -910.7883,    553.9844,  26127.0879,
       1,     169,     152,       6,       1,       3,       1,     10.0000,      1.4053,     42.6770,    249.8999,     62.8902,      3.4953,      0.0000,     -0.0311,      0.2861,      0.1209,      5.6121,     11.2242,      1.0686,     28.9714,     57.9428,      0.0193,      0.0002,      0.0156,      0.2067,   7838.1265,-419611.2812,   -910.6105,    554.0538,  26127.0879,
       1,     169,     152,       7,       1,       3,       1,     10.0000,      1.4053,     42.6770,    249.8999,     62.8902,      3.4953,      0.0000,     -0.0313,      0.3243,      0.1270,      5.6121,     11.2242,      1.1222,     28.9714,     57.9428,      0.0193,      0.0003,      0.0156,      0.2067,   7838.1265,-419536.4062,   -910.5985,    554.0590,  26127.0879,
       1,     169,     152,       8,       1,       3,       1,     10.0000,      1.4053,     42.6770,    249.8999,     62.8902,      3.4953,      0.0256,     -0.0057,      0.5365,      0.1275,      5.6121,     11.2242,      1.1268,     28.9714,     57.9428,      0.0193,      0.0004,      0.0173,      0.2067,   7838.1265,-419577.0938,   -910.6094,    554.0562,  26127.0879,
       1,     169,     152,       9,       1,       3,       1,     10.0000,      1.4053,     42.6770,    249.8999,     62.8902,      3.4953,      0.1377,      0.1062,      4.2987,      0.1313,      5.6121,     11.2242,      1.1605,     28.9714,     57.9428,      0.0193,      0.0003,      0.1772,      0.2067,   7838.1265,-419841.4375,   -910.7650,    554.0378,  26127.0879,
       1,     169,     152,      10,       1,       3,       1,     10.0000,      1.4053,     42.6770,    249.8999,     62.8902,      3.4953,      0.1885,      0.1567,      5.4900,      0.1416,      5.6121,     11.2242,      1.2509,     28.9714,     57.9428,      0.0193,      0.0003,      0.2500,      0.2067,   7838.1265,-424490.0938,   -911.7657,    553.7159,  26127.0859,
       1,     169,     152,      11,       1,       3,       1,     10.0000,      1.4053,     42.6770,    249.8999,     62.8902,      3.4953,      0.1822,      0.1498,      6.0106,      0.1581,      5.6121,     11.2242,      1.3975,     28.9714,     57.9428,      0.0193,      0.0003,      0.2411,      0.2067,   7838.1260,-426351.5625,   -913.3154,    553.5872,  26127.0879,
       1,     169,     152,      12,       1,       3,       1,     10.0000,      1.4053,     42.6770,    249.8999,     62.8902,      3.4953,      0.1884,      0.1558,      6.4961,      0.1640,      5.6121,     11.2242,      1.4488,     28.9714,     57.9428,      0.0193,      0.0003,      0.2500,      0.2067,   7838.1265,-427149.7188,   -914.6786,    553.5319,  26127.0879,
       1,     169,     152,      13,       1,       3,       1,     10.0000,      1.4053,     42.6770,    249.8999,     62.8902,      3.4953,      0.1884,      0.1555,      6.8776,      0.1703,      5.6121,     11.2242,      1.5050,     28.9714,     57.9428,      0.0193,      0.0003,      0.2500,      0.2067,   7838.1265,-427814.8438,   -916.3662,    553.4860,  26127.0879,
       1,     169,     152,      14,       1,       3,       1,     10.0000,      1.4053,     42.6770,    249.8999,     62.8902,      3.4953,      0.1885,      0.1557,      7.8521,      0.1686,      5.6121,     11.2242,      1.4900,     28.9714,     57.9428,      0.0193,      0.0004,      0.2500,      0.2067,   7838.1265,-428340.4688,   -917.7601,    553.4495,  26127.0879,
       1,     169,     152,      15,       1,       3,       1,     10.0000,      1.4053,     42.6770,    249.8999,     62.8902,      3.4953,      0.1888,      0.1556,     12.6179,      0.1810,      5.6121,     11.2242,      1.5993,     28.9714,     57.9428,      0.0193,      0.0006,      0.2500,      0.2067,   7838.1265,-429583.7188,   -920.0164,    553.3635,  26127.0879,
       1,     169,     152,      16,       1,       3,       1,     10.0000,      1.4053,     42.6770,    249.8999,     62.8902,      3.4953,      0.1853,      0.1513,     28.5515,      0.2079,      5.6121,     11.2242,      1.8371,     28.9714,     57.9428,      0.0193,      0.0014,      0.2434,      0.2067,   7838.1265,-435550.7500,   -922.4739,    552.9509,  26127.0898,
       1,     169,     152,      17,       1,       3,       1,     10.0000,      1.4053,     42.6770,    249.8999,     62.8902,      3.4953,      0.1906,      0.1569,     37.4005,      0.1971,      5.6121,     11.2242,      1.7417,     28.9714,     57.9428,      0.0193,      0.0018,      0.2499,      0.2066,   7838.1274,-455655.7188,   -927.2355,    551.5613,  26127.0859,
       1,     169,     152,      18,       1,       3,       1,     10.0000,      1.4053,     42.6770,    249.8999,     62.8902,      3.4953,      0.1782,      0.1442,     39.1267,      0.2046,      5.6121,     11.2242,      1.8083,     28.9714,     57.9428,      0.0193,      0.0021,      0.2317,      0.2066,   7838.1260,-468257.8750,   -930.3942,    550.6943,  26127.0879,
       1,     169,     152,      19,       1,       3,       1,     10.0000,      1.4053,     42.6770,    249.8999,     62.8902,      3.4953,      0.1473,      0.1135,     26.5391,      0.1995,      5.6121,     11.2242,      1.7625,     28.9714,     57.9428,      0.0193,      0.0017,      0.1882,      0.2066,   7838.1265,-471451.9688,   -931.7037,    550.4750,  26127.0879,
       1,     169,     152,      20,       1,       3,       1,     10.0000,      1.4053,     42.6770,    249.8999,     62.8902,      3.4953,      0.0283,     -0.0047,      3.3231,      0.1769,      5.6121,     11.2242,      1.5631,     28.9714,     57.9428,      0.0193,      0.0022,      0.0188,      0.2066,   7838.1265,-456232.5938,   -929.2150,    551.5223,  26127.0859,
       1,     169,     152,      21,       1,       3,       1,     10.0000,      1.4053,     42.6770,    249.8999,     62.8902,      3.4953,      0.0001,     -0.0326,      4.1323,      0.1640,      5.6121,     11.2242,      1.4488,     28.9714,     57.9428,      0.0193,      0.0032,      0.0156,      0.2066,   7838.1260,-426380.6250,   -923.6711,    553.5813,  26127.0879,
       1,     169,     152,      22,       1,       3,       1,     10.0000,      1.4053,     42.6770,    249.8999,     62.8902,      3.4953,      0.0000,     -0.0324,      3.5628,      0.1578,      5.6121,     11.2242,      1.3947,     28.9714,     57.9428,      0.0193,      0.0028,      0.0156,      0.2067,   7838.1265,-424847.1250,   -923.4314,    553.6912,  26127.0879,
       1,     169,     152,      23,       1,       3,       1,     10.0000,      1.4053,     42.6770,    249.8999,     62.8902,      3.4953,      0.0000,     -0.0323,      4.5416,      0.1538,      5.6121,     11.2242,      1.3587,     28.9714,     57.9428,      0.0193,      0.0036,      0.0156,      0.2067,   7838.1265,-424011.6562,   -922.7429,    553.7491,  26127.0879,
       1,     169,     152,      24,       1,       3,       1,     10.0000,      1.4053,     42.6770,    249.8999,     62.8902,      3.4953,      0.0000,     -0.0323,      4.2224,      0.1547,      5.6121,     11.2242,      1.3669,     28.9714,     57.9428,      0.0193,      0.0033,      0.0156,      0.2067,   7838.1265,-425144.0938,   -923.0170,    553.6708,  26127.0879,
       1,     169,     153,       1,       1,       3,       1,     10.0000,      1.4054,     42.6774,    249.9058,     62.8917,      3.4953,      0.0000,     -0.0323,      2.6277,      0.1541,      5.6123,     11.2245,      1.3615,     28.9816,     57.9632,      0.0193,      0.0021,      0.0156,      0.2067,   7838.1265,-425002.6562,   -923.3160,    553.6935,  26128.2578,
       1,     169,     153,       2,       1,       3,       1,     10.0000,      1.4054,     42.6774,    249.9058,     62.8917,      3.4953,      0.0000,     -0.0323,      1.5054,      0.1531,      5.6123,     11.2245,      1.3533,     28.9816,     57.9632,      0.0193,      0.0012,      0.0156,      0.2067,   7838.4775,-422877.1562,   -922.6951,    553.8406,  26128.2559,
       1,     169,     153,       3,       1,       3,       1,     10.0000,      1.4054,     42.6774,    249.9058,     62.8917,      3.4953,      0.0000,     -0.0322,      1.2707,      0.1510,      5.6123,     11.2245,      1.3344,     28.9816,     57.9632,      0.0193,      0.0010,      0.0156,      0.2067,   7838.4771,-421316.6875,   -922.4287,    553.9487,  26128.2578,
       1,     169,     153,       4,       1,       3,       1,     10.0000,      1.4054,     42.6774,    249.9058,     62.8917,      3.4953,      0.0000,     -0.0323,      0.9230,      0.1527,      5.6123,     11.2245,      1.3492,     28.9816,     57.9632,      0.0193,      0.0007,      0.0156,      0.2067,   7838.4775,-420894.9062,   -922.3643,    553.9779,  26128.2539,
       1,     169,     153,       5,       1,       3,       1,     10.0000,      1.4054,     42.6774,    249.9058,     62.8917,      3.4953,      0.0000,     -0.0321,      0.8320,      0.1487,      5.6123,     11.2245,      1.3144,     28.9816,     57.9632,      0.0193,      0.0007,      0.0156,      0.2067,   7838.4766,-420431.9688,   -922.2909,    554.0099,  26128.2559,
       1,     169,     153,       6,       1,       3,       1,     10.0000,      1.4054,     42.6774,    249.9058,     62.8917,      3.4953,      0.0000,     -0.0321,      0.7975,      0.1481,      5.6123,     11.2245,      1.3091,     28.9816,     57.9632,      0.0193,      0.0006,      0.0156,      0.2067,   7838.4771,-420280.5312,   -922.2778,    554.0205,  26128.2578,
       1,     169,     153,       7,       1,       3,       1,     10.0000,      1.4054,     42.6774,    249.9058,     62.8917,      3.4953,      0.0000,     -0.0322,      0.8300,      0.1518,      5.6123,     11.2245,      1.3411,     28.9816,     57.9632,      0.0193,      0.0006,      0.0156,      0.2067,   7838.4775,-420224.8438,   -922.2796,    554.0243,  26128.2559,
       1,     169,     153,       8,       1,       3,       1,     10.0000,      1.4054,     42.6774,    249.9058,     62.8917,      3.4953,      0.0372,      0.0049,      1.3415,      0.1516,      5.6123,     11.2245,      1.3398,     28.9816,     57.9632,      0.0193,      0.0005,      0.0328,      0.2067,   7838.4771,-420260.3438,   -922.2959,    554.0219,  26128.2559,
       1,     169,     153,       9,       1,       3,       1,     10.0000,      1.4054,     42.6774,    249.9058,     62.8917,      3.4953,      0.1295,      0.0966,      5.5721,      0.1703,      5.6123,     11.2245,      1.5050,     28.9816,     57.9632,      0.0193,      0.0004,      0.1650,      0.2067,   7838.4771,-420892.3438,   -922.4605,    553.9781,  26128.2559,
       1,     169,     153,      10,       1,       3,       1,     10.0000,      1.4054,     42.6774,    249.9058,     62.8917,      3.4953,      0.1661,      0.1323,      7.3630,      0.2018,      5.6123,     11.2245,      1.7835,     28.9816,     57.9632,      0.0193,      0.0004,      0.2178,      0.2067,   7838.4771,-426147.6875,   -923.5983,    553.6142,  26128.2578,
       1,     169,     153,      11,       1,       3,       1,     10.0000,      1.4054,     42.6774,    249.9058,     62.8917,      3.4953,      0.1714,      0.1370,     12.1237,      0.2205,      5.6123,     11.2245,      1.9488,     28.9816,     57.9632,      0.0193,      0.0007,      0.2250,      0.2067,   7838.4775,-428797.3750,   -924.3139,    553.4310,  26128.2559,
       1,     169,     153,      12,       1,       3,       1,     10.0000,      1.4054,     42.6774,    249.9058,     62.8917,      3.4953,      0.1887,      0.1542,     17.8032,      0.2254,      5.6123,     11.2245,      1.9913,     28.9816,     57.9632,      0.0193,      0.0009,      0.2497,      0.2067,   7838.4771,-434876.9688,   -925.6928,    553.0104,  26128.2559,
       1,     169,     153,      13,       1,       3,       1,     10.0000,      1.4054,     42.6774,    249.9058,     62.8917,      3.4953,      0.1788,      0.1444,     13.5466,      0.2229,      5.6123,     11.2245,      1.9699,     28.9816,     57.9632,      0.0193,      0.0007,      0.2357,      0.2067,   7838.4771,-442379.2812,   -927.3727,    552.4919,  26128.2559,
       1,     169,     153,      14,       1,       3,       1,     10.0000,      1.4054,     42.6774,    249.9058,     62.8917,      3.4953,      0.1897,      0.1547,     28.8357,      0.2427,      5.6123,     11.2245,      2.1449,     28.9816,     57.9632,      0.0193,      0.0014,      0.2500,      0.2067,   7838.4771,-437782.7188,   -926.6755,    552.8096,  26128.2578,
       1,     169,     153,      15,       1,       3,       1,     10.0000,      1.4054,     42.6774,    249.9058,     62.8917,      3.4953,      0.1859,      0.1508,     72.0129,      0.2490,      5.6123,     11.2245,      2.1999,     28.9816,     57.9632,      0.0193,      0.0037,      0.2396,      0.2067,   7838.4775,-456194.4375,   -930.4326,    551.5375,  26128.2559,
       1,     169,     153,      16,       1,       3,       1,     10.0000,      1.4054,     42.6774,    249.9058,     62.8917,      3.4953,      0.1551,      0.1202,     80.1176,      0.2369,      5.6123,     11.2245,      2.0932,     28.9816,     57.9632,      0.0193,      0.0051,      0.1935,      0.2067,   7838.4771,-510878.6250,   -941.2784,    547.7689,  26128.2578,
       1,     169,     153,      17,       1,       3,       1,     10.0000,      1.4054,     42.6774,    249.9058,     62.8917,      3.4953,      0.1344,      0.1001,     66.8884,      0.2158,      5.6123,     11.2245,      1.9071,     28.9816,     57.9632,      0.0193,      0.0050,      0.1648,      0.2066,   7838.4775,-525536.5625,   -944.5452,    546.7781,  26128.2539,
       1,     169,     153,      18,       1,       3,       1,     10.0000,      1.4054,     42.6774,    249.9058,     62.8917,      3.4953,      0.1260,      0.0923,     52.4823,      0.1971,      5.6123,     11.2245,      1.7417,     28.9816,     57.9632,      0.0193,      0.0041,      0.1544,      0.2066,   7838.4766,-510475.2188,   -942.0652,    547.8083,  26128.2559,
       1,     169,     153,      19,       1,       3,       1,     10.0000,      1.4054,     42.6774,    249.9058,     62.8917,      3.4953,      0.0959,      0.0627,     41.7691,      0.1781,      5.6123,     11.2245,      1.5741,     28.9816,     57.9632,      0.0193,      0.0045,      0.1122,      0.2066,   7838.4771,-491463.9062,   -938.7220,    549.1111,  26128.2559,
       1,     169,     153,      20,       1,       3,       1,     10.0000,      1.4054,     42.6774,    249.9058,     62.8917,      3.4953,      0.0196,     -0.0135,      2.3987,      0.1776,      5.6123,     11.2245,      1.5694,     28.9816,     57.9632,      0.0193,      0.0046,      0.0063,      0.2066,   7838.4771,-476669.3750,   -936.1024,    550.1282,  26128.2559,
       1,     169,     153,      21,       1,       3,       1,     10.0000,      1.4054,     42.6774,    249.9058,     62.8917,      3.4953,      0.0000,     -0.0330,      5.4709,      0.1734,      5.6123,     11.2245,      1.5323,     28.9816,     57.9632,      0.0193,      0.0043,      0.0156,      0.2066,   7838.4771,-426968.5000,   -926.5599,    553.5469,  26128.2559,
       1,     169,     153,      22,       1,       3,       1,     10.0000,      1.4054,     42.6774,    249.9058,     62.8917,      3.4953,      0.0000,     -0.0329,      4.2074,      0.1717,      5.6123,     11.2245,      1.5171,     28.9816,     57.9632,      0.0193,      0.0033,      0.0156,      0.2067,   7838.4771,-426553.8750,   -926.4820,    553.5862,  26128.2539,
       1,     169,     153,      23,       1,       3,       1,     10.0000,      1.4054,     42.6774,    249.9058,     62.8917,      3.4953,      0.0000,     -0.0328,      3.1874,      0.1688,      5.6123,     11.2245,      1.4915,     28.9816,     57.9632,      0.0193,      0.0025,      0.0156,      0.2067,   7838.4766,-424951.9375,   -926.1733,    553.6970,  26128.2559,
       1,     169,     153,      24,       1,       3,       1,     10.0000,      1.4054,     42.6774,    249.9058,     62.8917,      3.4953,      0.0000,     -0.0328,      1.6463,      0.1686,      5.6123,     11.2245,      1.4900,     28.9816,     57.9632,      0.0193,      0.0013,      0.0156,      0.2067,   7838.4771,-423561.3750,   -925.9072,    553.7933,  26128.2559,
       1,     169,     154,       1,       1,       3,       1,     10.0000,      1.4054,     42.6777,    249.9117,     62.8932,      3.4953,      0.0000,     -0.0327,      1.2040,      0.1651,      5.6129,     11.2259,      1.4591,     28.9852,     57.9703,      0.0193,      0.0009,      0.0156,      0.2067,   7838.4771,-421703.4688,   -925.8305,    553.9349,  26129.4277,
       1,     169,     154,       2,       1,       3,       1,     10.0000,      1.4054,     42.6777,    249.9117,     62.8932,      3.4953,      0.0000,     -0.0326,      1.1659,      0.1618,      5.6129,     11.2259,      1.4302,     28.9852,     57.9703,      0.0193,      0.0009,      0.0156,      0.2067,   7838.8286,-420848.9062,   -925.3947,    553.9941,  26129.4297,
       1,     169,     154,       3,       1,       3,       1,     10.0000,      1.4054,     42.6777,    249.9117,     62.8932,      3.4953,      0.0000,     -0.0327,      1.0112,      0.1638,      5.6129,     11.2259,      1.4475,     28.9852,     57.9703,      0.0193,      0.0008,      0.0156,      0.2067,   7838.8291,-420729.0312,   -925.3747,    554.0023,  26129.4277,
       1,     169,     154,       4,       1,       3,       1,     10.0000,      1.4054,     42.6777,    249.9117,     62.8932,      3.4953,      0.0000,     -0.0326,      0.7547,      0.1622,      5.6129,     11.2259,      1.4330,     28.9852,     57.9703,      0.0193,      0.0006,      0.0156,      0.2067,   7838.8286,-420529.0000,   -925.3393,    554.0162,  26129.4277,
       1,     169,     154,       5,       1,       3,       1,     10.0000,      1.4054,     42.6777,    249.9117,     62.8932,      3.4953,      0.0000,     -0.0324,      0.6076,      0.1570,      5.6129,     11.2259,      1.3878,     28.9852,     57.9703,      0.0193,      0.0005,      0.0156,      0.2067,   7838.8286,-420196.6250,   -925.2771,    554.0392,  26129.4277,
       1,     169,     154,       6,       1,       3,       1,     10.0000,      1.4054,     42.6777,    249.9117,     62.8932,      3.4953,      0.0000,     -0.0321,      0.4612,      0.1473,      5.6129,     11.2259,      1.3012,     28.9852,     57.9703,      0.0193,      0.0004,      0.0156,      0.2067,   7838.8286,-419987.4688,   -925.2389,    554.0537,  26129.4277,
       1,     169,     154,       7,       1,       3,       1,     10.0000,      1.4054,     42.6777,    249.9117,     62.8932,      3.4953,      0.0000,     -0.0319,      0.3484,      0.1427,      5.6129,     11.2259,      1.2611,     28.9852,     57.9703,      0.0193,      0.0003,      0.0156,      0.2067,   7838.8286,-419789.6875,   -925.2025,    554.0674,  26129.4277,
       1,     169,     154,       8,       1,       3,       1,     10.0000,      1.4054,     42.6777,    249.9117,     62.8932,      3.4953,      0.0125,     -0.0194,      0.3462,      0.1429,      5.6129,     11.2259,      1.2624,     28.9852,     57.9703,      0.0193,      0.0003,      0.0156,      0.2067,   7838.8286,-419634.0938,   -925.1741,    554.0781,  26129.4297,
       1,     169,     154,       9,       1,       3,       1,     10.0000,      1.4054,     42.6777,    249.9117,     62.8932,      3.4953,      0.0749,      0.0422,      2.2710,      0.1653,      5.6129,     11.2259,      1.4606,     28.9852,     57.9703,      0.0193,      0.0003,      0.0866,      0.2067,   7838.8291,-419618.0938,   -925.1687,    554.0793,  26129.4277,
       1,     169,     154,      10,       1,       3,       1,     10.0000,      1.4054,     42.6777,    249.9117,     62.8932,      3.4953,      0.1284,      0.0935,      6.5837,      0.2409,      5.6129,     11.2259,      2.1283,     28.9852,     57.9703,      0.0193,      0.0005,      0.1629,      0.2067,   7838.8286,-421982.9688,   -925.6183,    553.9155,  26129.4277,
       1,     169,     154,      11,       1,       3,       1,     10.0000,      1.4054,     42.6777,    249.9117,     62.8932,      3.4953,      0.1411,      0.1060,      9.3767,      0.2454,      5.6129,     11.2259,      2.1681,     28.9852,     57.9703,      0.0193,      0.0006,      0.1811,      0.2067,   7838.8286,-427486.4688,   -926.6707,    553.5345,  26129.4277,
       1,     169,     154,      12,       1,       3,       1,     10.0000,      1.4054,     42.6777,    249.9117,     62.8932,      3.4953,      0.1828,      0.1474,     17.0734,      0.2578,      5.6129,     11.2259,      2.2784,     28.9852,     57.9703,      0.0193,      0.0009,      0.2414,      0.2067,   7838.8286,-431389.2812,   -927.4278,    553.2646,  26129.4258,
       1,     169,     154,      13,       1,       3,       1,     10.0000,      1.4054,     42.6777,    249.9117,     62.8932,      3.4953,      0.1811,      0.1451,     20.8351,      0.2802,      5.6129,     11.2259,      2.4763,     28.9852,     57.9703,      0.0193,      0.0011,      0.2386,      0.2067,   7838.8281,-441185.2188,   -929.3083,    552.5872,  26129.4258,
       1,     169,     154,      14,       1,       3,       1,     10.0000,      1.4054,     42.6777,    249.9117,     62.8932,      3.4953,      0.1807,      0.1446,     35.9263,      0.2876,      5.6129,     11.2259,      2.5417,     28.9852,     57.9703,      0.0193,      0.0019,      0.2364,      0.2067,   7838.8281,-446645.3750,   -930.3244,    552.2104,  26129.4258,
       1,     169,     154,      15,       1,       3,       1,     10.0000,      1.4054,     42.6777,    249.9117,     62.8932,      3.4953,      0.1783,      0.1419,    114.3676,      0.3024,      5.6129,     11.2259,      2.6721,     28.9852,     57.9703,      0.0193,      0.0062,      0.2240,      0.2067,   7838.8281,-465669.1562,   -933.9855,    550.8974,  26129.4258,
       1,     169,     154,      16,       1,       3,       1,     10.0000,      1.4054,     42.6777,    249.9117,     62.8932,      3.4953,      0.1660,      0.1299,    103.1376,      0.2882,      5.6129,     11.2259,      2.5466,     28.9852,     57.9703,      0.0193,      0.0061,      0.2071,      0.2067,   7838.8281,-563787.1250,   -953.3637,    544.1423,  26129.4277,
       1,     169,     154,      17,       1,       3,       1,     10.0000,      1.4054,     42.6777,    249.9117,     62.8932,      3.4953,      0.1590,      0.1234,    103.3331,      0.2693,      5.6129,     11.2259,      2.3800,     28.9852,     57.9703,      0.0193,      0.0064,      0.1967,      0.2066,   7838.8286,-558401.5625,   -952.7288,    544.5499,  26129.4258,
       1,     169,     154,      18,       1,       3,       1,     10.0000,      1.4054,     42.6777,    249.9117,     62.8932,      3.4953,      0.1366,      0.1016,     96.3220,      0.2451,      5.6129,     11.2259,      2.1660,     28.9852,     57.9703,      0.0193,      0.0071,      0.1647,      0.2066,   7838.8281,-558135.3750,   -953.1033,    544.5682,  26129.4238,
       1,     169,     154,      19,       1,       3,       1,     10.0000,      1.4054,     42.6777,    249.9117,     62.8932,      3.4953,      0.0913,      0.0567,     58.9008,      0.2294,      5.6129,     11.2259,      2.0268,     28.9852,     57.9703,      0.0193,      0.0070,      0.1028,      0.2066,   7838.8276,-549475.1875,   -951.8062,    545.1578,  26129.4258,
       1,     169,     154,      20,       1,       3,       1,     10.0000,      1.4054,     42.6777,    249.9117,     62.8932,      3.4953,      0.0167,     -0.0174,      0.6143,      0.2112,      5.6129,     11.2259,      1.8663,     28.9852,     57.9703,      0.0193,      0.0073,      0.0010,      0.2066,   7838.8281,-502646.2188,   -942.8528,    548.3491,  26129.4277,
       1,     169,     154,      21,       1,       3,       1,     10.0000,      1.4054,     42.6777,    249.9117,     62.8932,      3.4953,      0.0000,     -0.0338,      7.6651,      0.2012,      5.6129,     11.2259,      1.7783,     28.9852,     57.9703,      0.0193,      0.0060,      0.0156,      0.2066,   7838.8286,-426963.5938,   -927.8993,    553.5461,  26129.4258,
       1,     169,     154,      22,       1,       3,       1,     10.0000,      1.4054,     42.6777,    249.9117,     62.8932,      3.4953,      0.0000,     -0.0337,      7.1660,      0.1971,      5.6129,     11.2259,      1.7418,     28.9852,     57.9703,      0.0193,      0.0056,      0.0156,      0.2067,   7838.8281,-429270.8438,   -928.2771,    553.4111,  26129.4258,
       1,     169,     154,      23,       1,       3,       1,     10.0000,      1.4054,     42.6777,    249.9117,     62.8932,      3.4953,      0.0000,     -0.0336,      7.0984,      0.1940,      5.6129,     11.2259,      1.7144,     28.9852,     57.9703,      0.0193,      0.0056,      0.0156,      0.2067,   7838.8281,-428823.1562,   -928.1143,    553.4421,  26129.4258,
       1,     169,     154,      24,       1,       3,       1,     10.0000,      1.4054,     42.6777,    249.9117,     62.8932,      3.4953,      0.0000,     -0.0335,      5.4543,      0.1887,      5.6129,     11.2259,      1.6675,     28.9852,     57.9703,      0.0193,      0.0043,      0.0156,      0.2067,   7838.8281,-428701.9375,   -928.0135,    553.4505,  26129.4258,
       1,     169,     155,       1,       1,       3,       1,     10.0000,      1.4054,     42.6780,    249.9176,     62.8946,      3.4953,      0.0000,     -0.0333,      4.2303,      0.1837,      5.6132,     11.2263,      1.6234,     28.9851,     57.9702,      0.0193,      0.0033,      0.0156,      0.2067,   7838.8281,-426824.9375,   -927.8743,    553.5934,  26130.5957,
       1,     169,     155,       2,       1,       3,       1,     10.0000,      1.4054,     42.6780,    249.9176,     62.8946,      3.4953,      0.0000,     -0.0330,      3.4291,      0.1731,      5.6132,     11.2263,      1.5293,     28.9851,     57.9702,      0.0193,      0.0027,      0.0156,      0.2067,   7839.1792,-425007.9375,   -927.1962,    553.7192,  26130.5957,
       1,     169,     155,       3,       1,       3,       1,     10.0000,      1.4054,     42.6780,    249.9176,     62.8946,      3.4953,      0.0000,     -0.0329,      2.8562,      0.1698,      5.6132,     11.2263,      1.5006,     28.9851,     57.9702,      0.0193,      0.0022,      0.0156,      0.2067,   7839.1792,-423868.2812,   -926.9413,    553.7980,  26130.5957,
       1,     169,     155,       4,       1,       3,       1,     10.0000,      1.4054,     42.6780,    249.9176,     62.8946,      3.4953,      0.0000,     -0.0326,      2.5739,      0.1614,      5.6132,     11.2263,      1.4259,     28.9851,     57.9702,      0.0193,      0.0020,      0.0156,      0.2067,   7839.1792,-423067.2188,   -926.7595,    553.8536,  26130.5977,
       1,     169,     155,       5,       1,       3,       1,     10.0000,      1.4054,     42.6780,    249.9176,     62.8946,      3.4953,      0.0000,     -0.0325,      2.1074,      0.1578,      5.6132,     11.2263,      1.3948,     28.9851,     57.9702,      0.0193,      0.0016,      0.0156,      0.2067,   7839.1797,-422651.6250,   -926.6592,    553.8823,  26130.5938,
       1,     169,     155,       6,       1,       3,       1,     10.0000,      1.4054,     42.6780,    249.9176,     62.8946,      3.4953,      0.0000,     -0.0324,      1.9618,      0.1569,      5.6132,     11.2263,      1.3864,     28.9851,     57.9702,      0.0193,      0.0015,      0.0156,      0.2067,   7839.1782,-422043.3125,   -926.5309,    553.9244,  26130.5938,
       1,     169,     155,       7,       1,       3,       1,     10.0000,      1.4054,     42.6780,    249.9176,     62.8946,      3.4953,      0.0000,     -0.0322,      1.4446,      0.1518,      5.6132,     11.2263,      1.3412,     28.9851,     57.9702,      0.0193,      0.0011,      0.0156,      0.2067,   7839.1782,-421812.5938,   -926.4793,    553.9404,  26130.5957,
       1,     169,     155,       8,       1,       3,       1,     10.0000,      1.4054,     42.6780,    249.9176,     62.8946,      3.4953,      0.0148,     -0.0175,      0.0432,      0.1541,      5.6132,     11.2263,      1.3616,     28.9851,     57.9702,      0.0193,      0.0009,      0.0006,      0.2067,   7839.1792,-421157.0000,   -926.3446,    553.9858,  26130.5957,
       1,     169,     155,       9,       1,       3,       1,     10.0000,      1.4054,     42.6780,    249.9176,     62.8946,      3.4953,      0.0939,      0.0606,      7.1911,      0.1821,      5.6132,     11.2263,      1.6090,     28.9851,     57.9702,      0.0193,      0.0008,      0.1131,      0.2067,   7839.1792,-419378.5625,   -925.9787,    554.1090,  26130.5938,
       1,     169,     155,      10,       1,       3,       1,     10.0000,      1.4054,     42.6780,    249.9176,     62.8946,      3.4953,      0.1528,      0.1183,     12.0627,      0.2223,      5.6132,     11.2263,      1.9642,     28.9851,     57.9702,      0.0193,      0.0007,      0.1979,      0.2067,   7839.1782,-428013.4688,   -927.6403,    553.5109,  26130.5957,
       1,     169,     155,      11,       1,       3,       1,     10.0000,      1.4054,     42.6780,    249.9176,     62.8946,      3.4953,      0.1716,      0.1363,     15.6640,      0.2544,      5.6132,     11.2263,      2.2476,     28.9851,     57.9702,      0.0193,      0.0008,      0.2251,      0.2067,   7839.1792,-434738.1250,   -928.9187,    553.0460,  26130.5938,
       1,     169,     155,      12,       1,       3,       1,     10.0000,      1.4054,     42.6780,    249.9176,     62.8946,      3.4953,      0.1873,      0.1521,     14.1672,      0.2495,      5.6132,     11.2263,      2.2043,     28.9851,     57.9702,      0.0193,      0.0007,      0.2483,      0.2067,   7839.1782,-439738.4062,   -929.8132,    552.7005,  26130.5938,
       1,     169,     155,      13,       1,       3,       1,     10.0000,      1.4054,     42.6780,    249.9176,     62.8946,      3.4953,      0.1889,      0.1534,     20.6531,      0.2634,      5.6132,     11.2263,      2.3276,     28.9851,     57.9702,      0.0193,      0.0010,      0.2500,      0.2067,   7839.1782,-438323.1875,   -929.3514,    552.7983,  26130.5918,
       1,     169,     155,      14,       1,       3,       1,     10.0000,      1.4054,     42.6780,    249.9176,     62.8946,      3.4953,      0.1877,      0.1521,     49.2067,      0.2675,      5.6132,     11.2263,      2.3640,     28.9851,     57.9702,      0.0193,      0.0024,      0.2450,      0.2067,   7839.1777,-446177.7188,   -930.6400,    552.2557,  26130.5938,
       1,     169,     155,      15,       1,       3,       1,     10.0000,      1.4054,     42.6780,    249.9176,     62.8946,      3.4953,      0.1901,      0.1543,     95.1886,      0.2749,      5.6132,     11.2263,      2.4289,     28.9851,     57.9702,      0.0193,      0.0048,      0.2433,      0.2067,   7839.1782,-481957.8438,   -937.6453,    549.7859,  26130.5938,
       1,     169,     155,      16,       1,       3,       1,     10.0000,      1.4054,     42.6780,    249.9176,     62.8946,      3.4953,      0.0390,      0.0031,     16.7092,      0.2789,      5.6132,     11.2263,      2.4644,     28.9851,     57.9702,      0.0193,      0.0068,      0.0299,      0.2067,   7839.1782,-541586.5000,   -949.6173,    545.6936,  26130.5938,
       1,     169,     155,      17,       1,       3,       1,     10.0000,      1.4054,     42.6780,    249.9176,     62.8946,      3.4953,      0.0296,     -0.0051,      9.3045,      0.2337,      5.6132,     11.2263,      2.0649,     28.9851,     57.9702,      0.0193,      0.0063,      0.0181,      0.2066,   7839.1782,-450036.0000,   -931.5001,    551.9536,  26130.5938,
       1,     169,     155,      18,       1,       3,       1,     10.0000,      1.4054,     42.6780,    249.9176,     62.8946,      3.4953,      0.0610,      0.0279,     28.1695,      0.1780,      5.6132,     11.2263,      1.5726,     28.9851,     57.9702,      0.0193,      0.0054,      0.0632,      0.2067,   7839.1782,-433261.9375,   -913.1866,    553.1469,  26130.5977,
       1,     169,     155,      19,       1,       3,       1,     10.0000,      1.4054,     42.6780,    249.9176,     62.8946,      3.4953,      0.0226,     -0.0104,      4.3039,      0.1739,      5.6132,     11.2263,      1.5369,     28.9851,     57.9702,      0.0193,      0.0050,      0.0105,      0.2067,   7839.1797,-454988.5938,   -917.4745,    551.6460,  26130.5996,
       1,     169,     155,      20,       1,       3,       1,     10.0000,      1.4054,     42.6780,    249.9176,     62.8946,      3.4953,      0.0103,     -0.0224,      6.6166,      0.1645,      5.6132,     11.2263,      1.4533,     28.9851,     57.9702,      0.0193,      0.0052,      0.0156,      0.2067,   7839.1802,-427488.8125,   -913.1467,    553.5443,  26130.5977,
       1,     169,     155,      21,       1,       3,       1,     10.0000,      1.4054,     42.6780,    249.9176,     62.8946,      3.4953,      0.0000,     -0.0322,      6.6755,      0.1515,      5.6132,     11.2263,      1.3385,     28.9851,     57.9702,      0.0193,      0.0052,      0.0156,      0.2067,   7839.1797,-428001.7812,   -914.0637,    553.5120,  26130.5977,
       1,     169,     155,      22,       1,       3,       1,     10.0000,      1.4054,     42.6780,    249.9176,     62.8946,      3.4953,      0.0000,     -0.0323,      4.6776,      0.1525,      5.6132,     11.2263,      1.3479,     28.9851,     57.9702,      0.0193,      0.0037,      0.0156,      0.2067,   7839.1797,-428113.9062,   -914.7199,    553.5043,  26130.5977,
       1,     169,     155,      23,       1,       3,       1,     10.0000,      1.4054,     42.6780,    249.9176,     62.8946,      3.4953,      0.0000,     -0.0324,      0.7516,      0.1561,      5.6132,     11.2263,      1.3795,     28.9851,     57.9702,      0.0193,      0.0006,      0.0156,      0.2067,   7839.1797,-425667.1875,   -914.7401,    553.6735,  26130.5977,
       1,     169,     155,      24,       1,       3,       1,     10.0000,      1.4054,     42.6780,    249.9176,     62.8946,      3.4953,      0.0000,     -0.0324,      0.5878,      0.1553,      5.6132,     11.2263,      1.3726,     28.9851,     57.9702,      0.0193,      0.0005,      0.0156,      0.2067,   7839.1797,-420632.9062,   -913.8669,    554.0220,  26130.5977,
       1,     169,     156,       1,       1,       3,       1,     10.0000,      1.4054,     42.6784,    249.9234,     62.8961,      3.4953,      0.0000,     -0.0322,      0.4738,      0.1512,      5.6138,     11.2275,      1.3358,     28.9779,     57.9558,      0.0193,      0.0004,      0.0156,      0.2068,   7839.1797,-420158.2812,   -914.0561,    554.0680,  26131.7656,
       1,     169,     156,       2,       1,       3,       1,     10.0000,      1.4054,     42.6784,    249.9234,     62.8961,      3.4953,      0.0000,     -0.0323,      0.5632,      0.1522,      5.6138,     11.2275,      1.3453,     28.9779,     57.9558,      0.0193,      0.0004,      0.0156,      0.2068,   7839.5298,-419825.2812,   -913.7475,    554.0911,  26131.7656,
       1,     169,     156,       3,       1,       3,       1,     10.0000,      1.4054,     42.6784,    249.9234,     62.8961,      3.4953,      0.0000,     -0.0321,      0.6108,      0.1485,      5.6138,     11.2275,      1.3118,     28.9779,     57.9558,      0.0193,      0.0005,      0.0156,      0.2068,   7839.5298,-419906.9062,   -911.0184,    554.0854,  26131.7676,
       1,     169,     156,       4,       1,       3,       1,     10.0000,      1.4054,     42.6784,    249.9234,     62.8961,      3.4953,      0.0000,     -0.0321,      0.4684,      0.1479,      5.6138,     11.2275,      1.3065,     28.9779,     57.9558,      0.0193,      0.0004,      0.0156,      0.2068,   7839.5308,-419972.0625,   -911.0516,    554.0809,  26131.7656,
       1,     169,     156,       5,       1,       3,       1,     10.0000,      1.4054,     42.6784,    249.9234,     62.8961,      3.4953,      0.0000,     -0.0321,      0.4085,      0.1473,      5.6138,     11.2275,      1.3013,     28.9779,     57.9558,      0.0193,      0.0003,      0.0156,      0.2068,   7839.5298,-419802.8438,   -911.0339,    554.0926,  26131.7656,
       1,     169,     156,       6,       1,       3,       1,     10.0000,      1.4054,     42.6784,    249.9234,     62.8961,      3.4953,      0.0000,     -0.0322,      0.3647,      0.1495,      5.6138,     11.2275,      1.3211,     28.9779,     57.9558,      0.0193,      0.0003,      0.0156,      0.2068,   7839.5298,-419714.8750,   -911.0229,    554.0987,  26131.7656,
       1,     169,     156,       7,       1,       3,       1,     10.0000,      1.4054,     42.6784,    249.9234,     62.8961,      3.4953,      0.0000,     -0.0321,      0.3605,      0.1480,      5.6138,     11.2275,      1.3078,     28.9779,     57.9558,      0.0193,      0.0003,      0.0156,      0.2068,   7839.5298,-419653.4688,   -911.0134,    554.1030,  26131.7637,
       1,     169,     156,       8,       1,       3,       1,     10.0000,      1.4054,     42.6784,    249.9234,     62.8961,      3.4953,      0.0114,     -0.0209,      0.3943,      0.1515,      5.6138,     11.2275,      1.3385,     28.9779,     57.9558,      0.0193,      0.0003,      0.0156,      0.2068,   7839.5293,-419643.4688,   -911.0138,    554.1037,  26131.7656,
       1,     169,     156,       9,       1,       3,       1,     10.0000,      1.4054,     42.6784,    249.9234,     62.8961,      3.4953,      0.0863,      0.0535,      2.7407,      0.1665,      5.6138,     11.2275,      1.4709,     28.9779,     57.9558,      0.0193,      0.0003,      0.1030,      0.2068,   7839.5298,-419683.7812,   -911.0687,    554.1009,  26131.7656,
       1,     169,     156,      10,       1,       3,       1,     10.0000,      1.4054,     42.6784,    249.9234,     62.8961,      3.4953,      0.1646,      0.1309,      6.8039,      0.1942,      5.6138,     11.2275,      1.7162,     28.9779,     57.9558,      0.0193,      0.0004,      0.2156,      0.2068,   7839.5298,-422571.0000,   -912.1190,    553.9009,  26131.7656,
       1,     169,     156,      11,       1,       3,       1,     10.0000,      1.4054,     42.6784,    249.9234,     62.8961,      3.4953,      0.1728,      0.1383,      8.5392,      0.2258,      5.6138,     11.2275,      1.9954,     28.9779,     57.9558,      0.0193,      0.0005,      0.2275,      0.2068,   7839.5298,-427811.0938,   -914.2024,    553.5381,  26131.7656,
       1,     169,     156,      12,       1,       3,       1,     10.0000,      1.4054,     42.6784,    249.9234,     62.8961,      3.4953,      0.1373,      0.1023,      7.1765,      0.2430,      5.6138,     11.2275,      2.1472,     28.9779,     57.9558,      0.0193,      0.0005,      0.1757,      0.2068,   7839.5298,-430390.4062,   -916.0723,    553.3598,  26131.7656,
       1,     169,     156,      13,       1,       3,       1,     10.0000,      1.4054,     42.6784,    249.9234,     62.8961,      3.4953,      0.0072,     -0.0281,      0.6768,      0.2561,      5.6138,     11.2275,      2.2630,     28.9779,     57.9558,      0.0193,      0.0005,      0.0156,      0.2068,   7839.5298,-428934.5938,   -916.3970,    553.4605,  26131.7656,
       1,     169,     156,      14,       1,       3,       1,     10.0000,      1.4054,     42.6784,    249.9234,     62.8961,      3.4953,      0.0436,      0.0093,      2.5044,      0.2184,      5.6138,     11.2275,      1.9299,     28.9779,     57.9558,      0.0193,      0.0008,      0.0398,      0.2068,   7839.5298,-420821.2500,   -914.9588,    554.0219,  26131.7637,
       1,     169,     156,      15,       1,       3,       1,     10.0000,      1.4054,     42.6784,    249.9234,     62.8961,      3.4953,      0.0820,      0.0504,     11.4188,      0.1336,      5.6138,     11.2275,      1.1808,     28.9779,     57.9558,      0.0193,      0.0014,      0.0966,      0.2068,   7839.5293,-422378.1562,   -910.7658,    553.9142,  26131.7637,
       1,     169,     156,      16,       1,       3,       1,     10.0000,      1.4054,     42.6784,    249.9234,     62.8961,      3.4953,      0.1095,      0.0776,     30.3392,      0.1419,      5.6138,     11.2275,      1.2536,     28.9779,     57.9558,      0.0193,      0.0028,      0.1336,      0.2068,   7839.5293,-433467.2500,   -913.0107,    553.1465,  26131.7656,
       1,     169,     156,      17,       1,       3,       1,     10.0000,      1.4054,     42.6784,    249.9234,     62.8961,      3.4953,      0.1045,      0.0721,     40.6383,      0.1555,      5.6138,     11.2275,      1.3740,     28.9779,     57.9558,      0.0193,      0.0040,      0.1251,      0.2068,   7839.5298,-457670.9688,   -918.2294,    551.4734,  26131.7676,
       1,     169,     156,      18,       1,       3,       1,     10.0000,      1.4054,     42.6784,    249.9234,     62.8961,      3.4953,      0.1100,      0.0772,     51.8762,      0.1688,      5.6138,     11.2275,      1.4916,     28.9779,     57.9558,      0.0193,      0.0048,      0.1316,      0.2067,   7839.5308,-472400.3125,   -921.9211,    550.4606,  26131.7676,
       1,     169,     156,      19,       1,       3,       1,     10.0000,      1.4054,     42.6784,    249.9234,     62.8961,      3.4953,      0.0737,      0.0405,     23.4687,      0.1812,      5.6138,     11.2275,      1.6010,     28.9779,     57.9558,      0.0193,      0.0035,      0.0821,      0.2067,   7839.5308,-487473.4375,   -925.7985,    549.4244,  26131.7656,
       1,     169,     156,      20,       1,       3,       1,     10.0000,      1.4054,     42.6784,    249.9234,     62.8961,      3.4953,      0.0215,     -0.0114,      0.4459,      0.1717,      5.6138,     11.2275,      1.5172,     28.9779,     57.9558,      0.0193,      0.0006,      0.0095,      0.2067,   7839.5298,-453804.8438,   -920.3945,    551.7377,  26131.7676,
       1,     169,     156,      21,       1,       3,       1,     10.0000,      1.4054,     42.6784,    249.9234,     62.8961,      3.4953,      0.0000,     -0.0326,      0.5934,      0.1615,      5.6138,     11.2275,      1.4274,     28.9779,     57.9558,      0.0193,      0.0005,      0.0156,      0.2067,   7839.5308,-422650.3125,   -914.8794,    553.8912,  26131.7637,
       1,     169,     156,      22,       1,       3,       1,     10.0000,      1.4054,     42.6784,    249.9234,     62.8961,      3.4953,      0.0000,     -0.0325,      0.6408,      0.1578,      5.6138,     11.2275,      1.3948,     28.9779,     57.9558,      0.0193,      0.0005,      0.0156,      0.2068,   7839.5293,-420189.8750,   -914.4424,    554.0658,  26131.7656,
       1,     169,     156,      23,       1,       3,       1,     10.0000,      1.4054,     42.6784,    249.9234,     62.8961,      3.4953,      0.0000,     -0.0324,      1.1482,      0.1563,      5.6138,     11.2275,      1.3809,     28.9779,     57.9558,      0.0193,      0.0009,      0.0156,      0.2068,   7839.5298,-420033.2500,   -914.4273,    554.0767,  26131.7656,
       1,     169,     156,      24,       1,       3,       1,     10.0000,      1.4054,     42.6784,    249.9234,     62.8961,      3.4953,      0.0000,     -0.0323,      1.3673,      0.1547,      5.6138,     11.2275,      1.3671,     28.9779,     57.9558,      0.0193,      0.0011,      0.0156,      0.2068,   7839.5298,-420643.5312,   -914.5642,    554.0344,  26131.7656,
       1,     169,     157,       1,       1,       3,       1,     10.0000,      1.4055,     42.6787,    249.9293,     62.8976,      3.4953,      0.0000,     -0.0324,      0.8323,      0.1577,      5.6144,     11.2288,      1.3935,     28.9656,     57.9311,      0.0193,      0.0007,      0.0156,      0.2068,   7839.5298,-421120.6250,   -914.9503,    554.0145,  26132.9375,
       1,     169,     157,       2,       1,       3,       1,     10.0000,      1.4055,     42.6787,    249.9293,     62.8976,      3.4953,      0.0000,     -0.0324,      0.5271,      0.1575,      5.6144,     11.2288,      1.3921,     28.9656,     57.9311,      0.0193,      0.0004,      0.0156,      0.2068,   7839.8813,-420350.8125,   -914.5706,    554.0679,  26132.9355,
       1,     169,     157,       3,       1,       3,       1,     10.0000,      1.4055,     42.6787,    249.9293,     62.8976,      3.4953,      0.0000,     -0.0323,      0.4943,      0.1550,      5.6144,     11.2288,      1.3699,     28.9656,     57.9311,      0.0193,      0.0004,      0.0156,      0.2068,   7839.8809,-419910.3438,   -914.4972,    554.0984,  26132.9336,
       1,     169,     157,       4,       1,       3,       1,     10.0000,      1.4055,     42.6787,    249.9293,     62.8976,      3.4953,      0.0000,     -0.0324,      0.4169,      0.1574,      5.6144,     11.2288,      1.3907,     28.9656,     57.9311,      0.0193,      0.0003,      0.0156,      0.2068,   7839.8804,-419832.8125,   -914.4903,    554.1038,  26132.9355,
       1,     169,     157,       5,       1,       3,       1,     10.0000,      1.4055,     42.6787,    249.9293,     62.8976,      3.4953,      0.0000,     -0.0322,      0.3693,      0.1512,      5.6144,     11.2288,      1.3358,     28.9656,     57.9311,      0.0193,      0.0003,      0.0156,      0.2068,   7839.8809,-419730.7812,   -914.4742,    554.1108,  26132.9355,
       1,     169,     157,       6,       1,       3,       1,     10.0000,      1.4055,     42.6787,    249.9293,     62.8976,      3.4953,      0.0000,     -0.0320,      0.3564,      0.1465,      5.6144,     11.2288,      1.2948,     28.9656,     57.9311,      0.0193,      0.0003,      0.0156,      0.2068,   7839.8809,-419663.7500,   -914.4637,    554.1155,  26132.9375,
       1,     169,     157,       7,       1,       3,       1,     10.0000,      1.4055,     42.6787,    249.9293,     62.8976,      3.4953,      0.0000,     -0.0320,      0.3510,      0.1446,      5.6144,     11.2288,      1.2779,     28.9656,     57.9311,      0.0193,      0.0003,      0.0156,      0.2068,   7839.8813,-419641.8125,   -914.4611,    554.1170,  26132.9355,
       1,     169,     157,       8,       1,       3,       1,     10.0000,      1.4055,     42.6787,    249.9293,     62.8976,      3.4953,      0.0069,     -0.0251,      0.3543,      0.1458,      5.6144,     11.2288,      1.2882,     28.9656,     57.9311,      0.0193,      0.0003,      0.0156,      0.2068,   7839.8809,-419633.5938,   -914.4615,    554.1176,  26132.9355,
       1,     169,     157,       9,       1,       3,       1,     10.0000,      1.4055,     42.6787,    249.9293,     62.8976,      3.4953,      0.0471,      0.0148,      1.1514,      0.1558,      5.6144,     11.2288,      1.3768,     28.9656,     57.9311,      0.0193,      0.0003,      0.0470,      0.2068,   7839.8809,-419636.9375,   -914.4965,    554.1173,  26132.9355,
       1,     169,     157,      10,       1,       3,       1,     10.0000,      1.4055,     42.6787,    249.9293,     62.8976,      3.4953,      0.1237,      0.0903,      4.7647,      0.1882,      5.6144,     11.2288,      1.6627,     28.9656,     57.9311,      0.0193,      0.0004,      0.1566,      0.2068,   7839.8809,-420616.7500,   -914.9117,    554.0494,  26132.9355,
       1,     169,     157,      11,       1,       3,       1,     10.0000,      1.4055,     42.6787,    249.9293,     62.8976,      3.4953,      0.1706,      0.1361,      8.2762,      0.2225,      5.6144,     11.2288,      1.9663,     28.9656,     57.9311,      0.0193,      0.0005,      0.2243,      0.2068,   7839.8809,-425140.7812,   -916.3090,    553.7361,  26132.9355,
       1,     169,     157,      12,       1,       3,       1,     10.0000,      1.4055,     42.6787,    249.9293,     62.8976,      3.4953,      0.1640,      0.1291,      8.5935,      0.2388,      5.6144,     11.2288,      2.1098,     28.9656,     57.9311,      0.0193,      0.0005,      0.2147,      0.2068,   7839.8809,-429841.5938,   -917.9653,    553.4108,  26132.9355,
       1,     169,     157,      13,       1,       3,       1,     10.0000,      1.4055,     42.6787,    249.9293,     62.8976,      3.4953,      0.1882,      0.1528,     11.0179,      0.2596,      5.6144,     11.2288,      2.2941,     28.9656,     57.9311,      0.0193,      0.0005,      0.2500,      0.2068,   7839.8809,-430631.7188,   -918.7971,    553.3563,  26132.9336,
       1,     169,     157,      14,       1,       3,       1,     10.0000,      1.4055,     42.6787,    249.9293,     62.8976,      3.4953,      0.1881,      0.1524,     11.7292,      0.2741,      5.6144,     11.2288,      2.4220,     28.9656,     57.9311,      0.0193,      0.0006,      0.2500,      0.2068,   7839.8804,-433679.0938,   -920.4249,    553.1455,  26132.9355,
       1,     169,     157,      15,       1,       3,       1,     10.0000,      1.4055,     42.6787,    249.9293,     62.8976,      3.4953,      0.1897,      0.1540,     31.5109,      0.2696,      5.6144,     11.2288,      2.3825,     28.9656,     57.9311,      0.0193,      0.0015,      0.2500,      0.2068,   7839.8809,-434812.3438,   -921.8606,    553.0672,  26132.9355,
       1,     169,     157,      16,       1,       3,       1,     10.0000,      1.4055,     42.6787,    249.9293,     62.8976,      3.4953,      0.1868,      0.1510,     90.8521,      0.2781,      5.6144,     11.2288,      2.4574,     28.9656,     57.9311,      0.0193,      0.0046,      0.2391,      0.2068,   7839.8809,-459224.0312,   -927.5156,    551.3796,  26132.9355,
       1,     169,     157,      17,       1,       3,       1,     10.0000,      1.4055,     42.6787,    249.9293,     62.8976,      3.4953,      0.1785,      0.1429,    109.0998,      0.2650,      5.6144,     11.2288,      2.3413,     28.9656,     57.9311,      0.0193,      0.0059,      0.2246,      0.2068,   7839.8809,-534273.8750,   -942.8563,    546.2095,  26132.9355,
       1,     169,     157,      18,       1,       3,       1,     10.0000,      1.4055,     42.6787,    249.9293,     62.8976,      3.4953,      0.1589,      0.1234,    122.0951,      0.2650,      5.6144,     11.2288,      2.3413,     28.9656,     57.9311,      0.0193,      0.0077,      0.1945,      0.2067,   7839.8809,-563176.4375,   -949.5801,    544.2603,  26132.9355,
       1,     169,     157,      19,       1,       3,       1,     10.0000,      1.4055,     42.6787,    249.9293,     62.8976,      3.4953,      0.1451,      0.1101,    121.7521,      0.2423,      5.6144,     11.2288,      2.1409,     28.9656,     57.9311,      0.0193,      0.0085,      0.1742,      0.2066,   7839.8809,-581612.5625,   -954.2878,    543.0095,  26132.9355,
       1,     169,     157,      20,       1,       3,       1,     10.0000,      1.4055,     42.6787,    249.9293,     62.8976,      3.4953,      0.0513,      0.0172,     32.2424,      0.2118,      5.6144,     11.2288,      1.8720,     28.9656,     57.9311,      0.0193,      0.0082,      0.0479,      0.2066,   7839.8809,-582752.8125,   -955.6585,    542.9336,  26132.9336,
       1,     169,     157,      21,       1,       3,       1,     10.0000,      1.4055,     42.6787,    249.9293,     62.8976,      3.4953,      0.0000,     -0.0337,     10.5418,      0.1954,      5.6144,     11.2288,      1.7265,     28.9656,     57.9311,      0.0193,      0.0082,      0.0156,      0.2066,   7839.8804,-472565.5625,   -935.2941,    550.4116,  26132.9375,
       1,     169,     157,      22,       1,       3,       1,     10.0000,      1.4055,     42.6787,    249.9293,     62.8976,      3.4953,      0.0000,     -0.0334,      9.7033,      0.1859,      5.6144,     11.2288,      1.6430,     28.9656,     57.9311,      0.0193,      0.0076,      0.0156,      0.2067,   7839.8813,-436708.8750,   -928.6995,    552.9303,  26132.9355,
       1,     169,     157,      23,       1,       3,       1,     10.0000,      1.4055,     42.6787,    249.9293,     62.8976,      3.4953,      0.0000,     -0.0331,      8.5104,      0.1776,      5.6144,     11.2288,      1.5695,     28.9656,     57.9311,      0.0193,      0.0067,      0.0156,      0.2068,   7839.8809,-432586.7812,   -928.0640,    553.2210,  26132.9355,
       1,     169,     157,      24,       1,       3,       1,     10.0000,      1.4055,     42.6787,    249.9293,     62.8976,      3.4953,      0.0000,     -0.0330,      7.4279,      0.1734,      5.6144,     11.2288,      1.5324,     28.9656,     57.9311,      0.0193,      0.0058,      0.0156,      0.2068,   7839.8809,-430762.9688,   -927.8101,    553.3472,  26132.9336,
       1,     169,     158,       1,       1,       3,       1,     10.0000,      1.4055,     42.6790,    249.9352,     62.8991,      3.4953,      0.0000,     -0.0332,      5.9752,      0.1816,      5.6132,     11.2264,      1.6043,     28.9693,     57.9386,      0.0193,      0.0047,      0.0156,      0.2068,   7839.8804,-429431.8438,   -927.9041,    553.4523,  26134.1016,
       1,     169,     158,       2,       1,       3,       1,     10.0000,      1.4055,     42.6790,    249.9352,     62.8991,      3.4953,      0.0000,     -0.0331,      3.7591,      0.1766,      5.6132,     11.2264,      1.5602,     28.9693,     57.9386,      0.0193,      0.0029,      0.0156,      0.2068,   7840.2310,-427381.2188,   -927.3187,    553.5942,  26134.0996,
       1,     169,     158,       3,       1,       3,       1,     10.0000,      1.4055,     42.6790,    249.9352,     62.8991,      3.4953,      0.0000,     -0.0329,      2.3506,      0.1715,      5.6132,     11.2264,      1.5157,     28.9693,     57.9386,      0.0193,      0.0018,      0.0156,      0.2068,   7840.2300,-424483.5000,   -926.8116,    553.7947,  26134.1016,
       1,     169,     158,       4,       1,       3,       1,     10.0000,      1.4055,     42.6790,    249.9352,     62.8991,      3.4953,      0.0000,     -0.0327,      2.3637,      0.1655,      5.6132,     11.2264,      1.4622,     28.9693,     57.9386,      0.0193,      0.0018,      0.0156,      0.2068,   7840.2310,-422506.0000,   -926.4583,    553.9316,  26134.1016,
       1,     169,     158,       5,       1,       3,       1,     10.0000,      1.4055,     42.6790,    249.9352,     62.8991,      3.4953,      0.0000,     -0.0325,      2.6218,      0.1586,      5.6132,     11.2264,      1.4019,     28.9693,     57.9386,      0.0193,      0.0020,      0.0156,      0.2068,   7840.2310,-422353.9688,   -926.4564,    553.9422,  26134.0996,
       1,     169,     158,       6,       1,       3,       1,     10.0000,      1.4055,     42.6790,    249.9352,     62.8991,      3.4953,      0.0000,     -0.0324,      1.8961,      0.1579,      5.6132,     11.2264,      1.3949,     28.9693,     57.9386,      0.0193,      0.0015,      0.0156,      0.2068,   7840.2300,-422658.2188,   -926.5390,    553.9211,  26134.1035,
       1,     169,     158,       7,       1,       3,       1,     10.0000,      1.4055,     42.6790,    249.9352,     62.8991,      3.4953,      0.0000,     -0.0323,      1.5353,      0.1532,      5.6132,     11.2264,      1.3535,     28.9693,     57.9386,      0.0193,      0.0012,      0.0156,      0.2068,   7840.2314,-421791.7812,   -926.3903,    553.9811,  26134.1016,
       1,     169,     158,       8,       1,       3,       1,     10.0000,      1.4055,     42.6790,    249.9352,     62.8991,      3.4953,      0.0150,     -0.0173,      0.0836,      0.1541,      5.6132,     11.2264,      1.3617,     28.9693,     57.9386,      0.0193,      0.0012,      0.0009,      0.2068,   7840.2310,-421275.0938,   -926.3063,    554.0169,  26134.1016,
       1,     169,     158,       9,       1,       3,       1,     10.0000,      1.4055,     42.6790,    249.9352,     62.8991,      3.4953,      0.0990,      0.0664,      8.8890,      0.1628,      5.6132,     11.2264,      1.4389,     28.9693,     57.9386,      0.0193,      0.0009,      0.1207,      0.2068,   7840.2310,-419447.2500,   -925.9661,    554.1435,  26134.1016,
       1,     169,     158,      10,       1,       3,       1,     10.0000,      1.4055,     42.6790,    249.9352,     62.8991,      3.4953,      0.1647,      0.1314,     11.8921,      0.1846,      5.6132,     11.2264,      1.6316,     28.9693,     57.9386,      0.0193,      0.0007,      0.2152,      0.2068,   7840.2310,-430111.5000,   -928.0772,    553.4048,  26134.1035,
       1,     169,     158,      11,       1,       3,       1,     10.0000,      1.4055,     42.6790,    249.9352,     62.8991,      3.4953,      0.1835,      0.1503,     15.3908,      0.1821,      5.6132,     11.2264,      1.6091,     28.9693,     57.9386,      0.0193,      0.0008,      0.2421,      0.2068,   7840.2314,-434710.7188,   -929.0477,    553.0871,  26134.1016,
       1,     169,     158,      12,       1,       3,       1,     10.0000,      1.4055,     42.6790,    249.9352,     62.8991,      3.4953,      0.1767,      0.1431,     11.4185,      0.1935,      5.6132,     11.2264,      1.7095,     28.9693,     57.9386,      0.0193,      0.0006,      0.2327,      0.2068,   7840.2310,-439402.0625,   -930.0551,    552.7629,  26134.1016,
       1,     169,     158,      13,       1,       3,       1,     10.0000,      1.4055,     42.6790,    249.9352,     62.8991,      3.4953,      0.1716,      0.1379,      8.1674,      0.1985,      5.6132,     11.2264,      1.7540,     28.9693,     57.9386,      0.0193,      0.0004,      0.2257,      0.2068,   7840.2310,-434918.5312,   -929.2698,    553.0728,  26134.0996,
       1,     169,     158,      14,       1,       3,       1,     10.0000,      1.4055,     42.6790,    249.9352,     62.8991,      3.4953,      0.1887,      0.1553,     12.3613,      0.1893,      5.6132,     11.2264,      1.6726,     28.9693,     57.9386,      0.0193,      0.0006,      0.2500,      0.2068,   7840.2300,-430541.9062,   -928.4657,    553.3754,  26134.1016,
       1,     169,     158,      15,       1,       3,       1,     10.0000,      1.4055,     42.6790,    249.9352,     62.8991,      3.4953,      0.1909,      0.1582,     36.8087,      0.1650,      5.6132,     11.2264,      1.4578,     28.9693,     57.9386,      0.0193,      0.0018,      0.2500,      0.2068,   7840.2310,-435323.9375,   -929.4527,    553.0447,  26134.1035,
       1,     169,     158,      16,       1,       3,       1,     10.0000,      1.4055,     42.6790,    249.9352,     62.8991,      3.4953,      0.1224,      0.0901,     31.6329,      0.1557,      5.6132,     11.2264,      1.3754,     28.9693,     57.9386,      0.0193,      0.0025,      0.1519,      0.2068,   7840.2314,-465777.3750,   -934.3060,    550.9395,  26134.1016,
       1,     169,     158,      17,       1,       3,       1,     10.0000,      1.4055,     42.6790,    249.9352,     62.8991,      3.4953,      0.0104,     -0.0221,      4.6537,      0.1599,      5.6132,     11.2264,      1.4132,     28.9693,     57.9386,      0.0193,      0.0036,      0.0156,      0.2068,   7840.2310,-462013.0000,   -928.6087,    551.2029,  26134.0996,
       1,     169,     158,      18,       1,       3,       1,     10.0000,      1.4055,     42.6790,    249.9352,     62.8991,      3.4953,      0.0023,     -0.0303,      4.7007,      0.1643,      5.6132,     11.2264,      1.4520,     28.9693,     57.9386,      0.0193,      0.0037,      0.0156,      0.2068,   7840.2300,-428517.0000,   -922.6440,    553.5107,  26134.0996,
       1,     169,     158,      19,       1,       3,       1,     10.0000,      1.4055,     42.6790,    249.9352,     62.8991,      3.4953,      0.0023,     -0.0302,      3.4426,      0.1604,      5.6132,     11.2264,      1.4175,     28.9693,     57.9386,      0.0193,      0.0027,      0.0156,      0.2068,   7840.2300,-425743.1562,   -922.4581,    553.7075,  26134.0996,
       1,     169,     158,      20,       1,       3,       1,     10.0000,      1.4055,     42.6790,    249.9352,     62.8991,      3.4953,      0.0010,     -0.0314,      1.2072,      0.1547,      5.6132,     11.2264,      1.3671,     28.9693,     57.9386,      0.0193,      0.0009,      0.0156,      0.2068,   7840.2300,-423955.3125,   -922.3874,    553.8313,  26134.1035,
       1,     169,     158,      21,       1,       3,       1,     10.0000,      1.4055,     42.6790,    249.9352,     62.8991,      3.4953,      0.0000,     -0.0321,      0.4735,      0.1486,      5.6132,     11.2264,      1.3132,     28.9693,     57.9386,      0.0193,      0.0004,      0.0156,      0.2068,   7840.2314,-421055.6875,   -921.9069,    554.0320,  26134.1016,
       1,     169,     158,      22,       1,       3,       1,     10.0000,      1.4055,     42.6790,    249.9352,     62.8991,      3.4953,      0.0000,     -0.0321,      0.4704,      0.1485,      5.6132,     11.2264,      1.3119,     28.9693,     57.9386,      0.0193,      0.0004,      0.0156,      0.2068,   7840.2310,-419907.8438,   -919.6639,    554.1116,  26134.1016,
       1,     169,     158,      23,       1,       3,       1,     10.0000,      1.4055,     42.6790,    249.9352,     62.8991,      3.4953,      0.0000,     -0.0321,      0.5662,      0.1471,      5.6132,     11.2264,      1.3000,     28.9693,     57.9386,      0.0193,      0.0004,      0.0156,      0.2068,   7840.2310,-419806.2500,   -919.6570,    554.1186,  26134.0996,
       1,     169,     158,      24,       1,       3,       1,     10.0000,      1.4055,     42.6790,    249.9352,     62.8991,      3.4953,      0.0000,     -0.0320,      0.4856,      0.1451,      5.6132,     11.2264,      1.2818,     28.9693,     57.9386,      0.0193,      0.0004,      0.0156,      0.2068,   7840.2300,-419915.5625,   -919.6978,    554.1110,  26134.1016,
       1,     169,     159,       1,       1,       3,       1,     10.0000,      1.4055,     42.6794,    249.9411,     62.9006,      3.4953,      0.0000,     -0.0320,      0.4644,      0.1442,      5.6145,     11.2291,      1.2741,     28.9622,     57.9244,      0.0193,      0.0004,      0.0156,      0.2068,   7840.2310,-419981.2812,   -919.9905,    554.1197,  26135.2754,
       1,     169,     159,       2,       1,       3,       1,     10.0000,      1.4055,     42.6794,    249.9411,     62.9006,      3.4953,      0.0000,     -0.0320,      0.3623,      0.1449,      5.6145,     11.2291,      1.2805,     28.9622,     57.9244,      0.0193,      0.0003,      0.0156,      0.2068,   7840.5830,-419807.7500,   -919.7051,    554.1317,  26135.2754,
       1,     169,     159,       3,       1,       3,       1,     10.0000,      1.4055,     42.6794,    249.9411,     62.9006,      3.4953,      0.0000,     -0.0319,      0.4158,      0.1436,      5.6145,     11.2291,      1.2689,     28.9622,     57.9244,      0.0193,      0.0003,      0.0156,      0.2068,   7840.5830,-419667.4375,   -919.6812,    554.1414,  26135.2734,
       1,     169,     159,       4,       1,       3,       1,     10.0000,      1.4055,     42.6794,    249.9411,     62.9006,      3.4953,      0.0000,     -0.0319,      0.3478,      0.1435,      5.6145,     11.2291,      1.2677,     28.9622,     57.9244,      0.0193,      0.0003,      0.0156,      0.2068,   7840.5825,-419721.4375,   -919.6976,    554.1376,  26135.2754,
       1,     169,     159,       5,       1,       3,       1,     10.0000,      1.4055,     42.6794,    249.9411,     62.9006,      3.4953,      0.0000,     -0.0319,      0.3478,      0.1435,      5.6145,     11.2291,      1.2677,     28.9622,     57.9244,      0.0193,      0.0003,      0.0156,      0.2068,   7840.5830,-419642.3750,   -919.6838,    554.1431,  26135.2754,
       1,     169,     159,       6,       1,       3,       1,     10.0000,      1.4055,     42.6794,    249.9411,     62.9006,      3.4953,      0.0000,     -0.0319,      0.4019,      0.1433,      5.6145,     11.2291,      1.2664,     28.9622,     57.9244,      0.0193,      0.0003,      0.0156,      0.2068,   7840.5830,-419635.7500,   -917.1998,    554.1436,  26135.2734,
       1,     169,     159,       7,       1,       3,       1,     10.0000,      1.4055,     42.6794,    249.9411,     62.9006,      3.4953,      0.0000,     -0.0319,      0.3434,      0.1419,      5.6145,     11.2291,      1.2536,     28.9622,     57.9244,      0.0193,      0.0003,      0.0156,      0.2068,   7840.5825,-419701.7500,   -917.2187,    554.1390,  26135.2734,
       1,     169,     159,       8,       1,       3,       1,     10.0000,      1.4055,     42.6794,    249.9411,     62.9006,      3.4953,      0.0138,     -0.0181,      0.3454,      0.1426,      5.6145,     11.2291,      1.2600,     28.9622,     57.9244,      0.0193,      0.0003,      0.0156,      0.2068,   7840.5825,-419635.4375,   -917.2073,    554.1436,  26135.2734,
       1,     169,     159,       9,       1,       3,       1,     10.0000,      1.4055,     42.6794,    249.9411,     62.9006,      3.4953,      0.0829,      0.0509,      2.2495,      0.1464,      5.6145,     11.2291,      1.2935,     28.9622,     57.9244,      0.0193,      0.0003,      0.0986,      0.2068,   7840.5825,-419632.2500,   -917.2461,    554.1439,  26135.2734,
       1,     169,     159,      10,       1,       3,       1,     10.0000,      1.4055,     42.6794,    249.9411,     62.9006,      3.4953,      0.1528,      0.1203,      4.9491,      0.1580,      5.6145,     11.2291,      1.3963,     28.9622,     57.9244,      0.0193,      0.0003,      0.1987,      0.2068,   7840.5825,-421971.3438,   -917.9252,    553.9818,  26135.2734,
       1,     169,     159,      11,       1,       3,       1,     10.0000,      1.4055,     42.6794,    249.9411,     62.9006,      3.4953,      0.1767,      0.1437,      6.4450,      0.1731,      5.6145,     11.2291,      1.5294,     28.9622,     57.9244,      0.0193,      0.0003,      0.2331,      0.2068,   7840.5825,-425487.5312,   -919.1543,    553.7383,  26135.2734,
       1,     169,     159,      12,       1,       3,       1,     10.0000,      1.4055,     42.6794,    249.9411,     62.9006,      3.4953,      0.1884,      0.1553,      7.1126,      0.1774,      5.6145,     11.2291,      1.5680,     28.9622,     57.9244,      0.0193,      0.0003,      0.2500,      0.2068,   7840.5825,-427624.7812,   -920.3148,    553.5905,  26135.2734,
       1,     169,     159,      13,       1,       3,       1,     10.0000,      1.4055,     42.6794,    249.9411,     62.9006,      3.4953,      0.1852,      0.1518,      7.4258,      0.1872,      5.6145,     11.2291,      1.6545,     28.9622,     57.9244,      0.0193,      0.0004,      0.2454,      0.2068,   7840.5825,-428627.0000,   -921.5353,    553.5211,  26135.2754,
       1,     169,     159,      14,       1,       3,       1,     10.0000,      1.4055,     42.6794,    249.9411,     62.9006,      3.4953,      0.1883,      0.1544,      8.6428,      0.2059,      5.6145,     11.2291,      1.8194,     28.9622,     57.9244,      0.0193,      0.0004,      0.2500,      0.2068,   7840.5830,-429096.8438,   -922.5884,    553.4886,  26135.2734,
       1,     169,     159,      15,       1,       3,       1,     10.0000,      1.4055,     42.6794,    249.9411,     62.9006,      3.4953,      0.1884,      0.1549,     14.6072,      0.1919,      5.6145,     11.2291,      1.6960,     28.9622,     57.9244,      0.0193,      0.0007,      0.2493,      0.2068,   7840.5825,-430632.4062,   -924.1054,    553.3824,  26135.2754,
       1,     169,     159,      16,       1,       3,       1,     10.0000,      1.4055,     42.6794,    249.9411,     62.9006,      3.4953,      0.0668,      0.0345,      9.0713,      0.1533,      5.6145,     11.2291,      1.3549,     28.9622,     57.9244,      0.0193,      0.0015,      0.0744,      0.2068,   7840.5830,-438092.0312,   -926.3129,    552.8664,  26135.2754,
       1,     169,     159,      17,       1,       3,       1,     10.0000,      1.4055,     42.6794,    249.9411,     62.9006,      3.4953,      0.0170,     -0.0154,      0.5700,      0.1563,      5.6145,     11.2291,      1.3810,     28.9622,     57.9244,      0.0193,      0.0019,      0.0036,      0.2068,   7840.5830,-431923.6562,   -923.6188,    553.2929,  26135.2715,
       1,     169,     159,      18,       1,       3,       1,     10.0000,      1.4055,     42.6794,    249.9411,     62.9006,      3.4953,      0.0328,      0.0001,      4.9878,      0.1658,      5.6145,     11.2291,      1.4651,     28.9622,     57.9244,      0.0193,      0.0024,      0.0255,      0.2068,   7840.5815,-420953.1875,   -914.1636,    554.0518,  26135.2734,
       1,     169,     159,      19,       1,       3,       1,     10.0000,      1.4055,     42.6794,    249.9411,     62.9006,      3.4953,      0.0323,     -0.0005,      6.4233,      0.1661,      5.6145,     11.2291,      1.4681,     28.9622,     57.9244,      0.0193,      0.0032,      0.0246,      0.2068,   7840.5825,-425448.9688,   -913.2543,    553.7410,  26135.2754,
       1,     169,     159,      20,       1,       3,       1,     10.0000,      1.4055,     42.6794,    249.9411,     62.9006,      3.4953,      0.0075,     -0.0251,      3.2859,      0.1601,      5.6145,     11.2291,      1.4146,     28.9622,     57.9244,      0.0193,      0.0026,      0.0156,      0.2068,   7840.5830,-427594.7812,   -914.2286,    553.5925,  26135.2754,
       1,     169,     159,      21,       1,       3,       1,     10.0000,      1.4055,     42.6794,    249.9411,     62.9006,      3.4953,      0.0000,     -0.0324,      1.4259,      0.1553,      5.6145,     11.2291,      1.3727,     28.9622,     57.9244,      0.0193,      0.0011,      0.0156,      0.2068,   7840.5830,-423922.0312,   -913.9440,    553.8467,  26135.2734,
       1,     169,     159,      22,       1,       3,       1,     10.0000,      1.4055,     42.6794,    249.9411,     62.9006,      3.4953,      0.0000,     -0.0323,      0.6778,      0.1533,      5.6145,     11.2291,      1.3549,     28.9622,     57.9244,      0.0193,      0.0005,      0.0156,      0.2068,   7840.5825,-421324.6250,   -913.6161,    554.0266,  26135.2715,
       1,     169,     159,      23,       1,       3,       1,     10.0000,      1.4055,     42.6794,    249.9411,     62.9006,      3.4953,      0.0000,     -0.0322,      0.7288,      0.1513,      5.6145,     11.2291,      1.3373,     28.9622,     57.9244,      0.0193,      0.0006,      0.0156,      0.2068,   7840.5815,-420184.7188,   -913.4524,    554.1055,  26135.2734,
       1,     169,     159,      24,       1,       3,       1,     10.0000,      1.4055,     42.6794,    249.9411,     62.9006,      3.4953,      0.0000,     -0.0321,      1.4055,      0.1492,      5.6145,     11.2291,      1.3185,     28.9622,     57.9244,      0.0193,      0.0011,      0.0156,      0.2068,   7840.5825,-420150.1562,   -913.4935,    554.1080,  26135.2754,
       1,     169,     160,       1,       1,       3,       1,     10.0000,      1.4055,     42.6797,    249.9470,     62.9021,      3.4953,      0.0000,     -0.0321,      1.2927,      0.1486,      5.6146,     11.2291,      1.3133,     28.9552,     57.9103,      0.0193,      0.0010,      0.0156,      0.2069,   7840.5830,-421134.0000,   -914.0618,    554.0531,  26136.4434,
       1,     169,     160,       2,       1,       3,       1,     10.0000,      1.4055,     42.6797,    249.9470,     62.9021,      3.4953,      0.0000,     -0.0321,      0.8662,      0.1476,      5.6146,     11.2291,      1.3040,     28.9552,     57.9103,      0.0193,      0.0007,      0.0156,      0.2069,   7840.9331,-420926.5000,   -913.8939,    554.0675,  26136.4434,
       1,     169,     160,       3,       1,       3,       1,     10.0000,      1.4055,     42.6797,    249.9470,     62.9021,      3.4953,      0.0000,     -0.0320,      0.7633,      0.1452,      5.6146,     11.2291,      1.2831,     28.9552,     57.9103,      0.0193,      0.0006,      0.0156,      0.2069,   7840.9331,-420384.7500,   -913.8585,    554.1049,  26136.4414,
       1,     169,     160,       4,       1,       3,       1,     10.0000,      1.4055,     42.6797,    249.9470,     62.9021,      3.4953,      0.0000,     -0.0319,      0.8451,      0.1416,      5.6146,     11.2291,      1.2511,     28.9552,     57.9103,      0.0193,      0.0007,      0.0156,      0.2069,   7840.9326,-420212.5312,   -911.4833,    554.1169,  26136.4453,
       1,     169,     160,       5,       1,       3,       1,     10.0000,      1.4055,     42.6797,    249.9470,     62.9021,      3.4953,      0.0000,     -0.0317,      1.2690,      0.1372,      5.6146,     11.2291,      1.2125,     28.9552,     57.9103,      0.0193,      0.0010,      0.0156,      0.2069,   7840.9341,-420298.0000,   -910.5020,    554.1110,  26136.4434,
       1,     169,     160,       6,       1,       3,       1,     10.0000,      1.4055,     42.6797,    249.9470,     62.9021,      3.4953,      0.0000,     -0.0316,      1.3388,      0.1346,      5.6146,     11.2291,      1.1894,     28.9552,     57.9103,      0.0193,      0.0010,      0.0156,      0.2069,   7840.9331,-420826.2500,   -910.6892,    554.0744,  26136.4473,
       1,     169,     160,       7,       1,       3,       1,     10.0000,      1.4055,     42.6797,    249.9470,     62.9021,      3.4953,      0.0000,     -0.0316,      1.1835,      0.1342,      5.6146,     11.2291,      1.1857,     28.9552,     57.9103,      0.0193,      0.0009,      0.0156,      0.2069,   7840.9346,-420956.5312,   -910.8246,    554.0654,  26136.4453,
       1,     169,     160,       8,       1,       3,       1,     10.0000,      1.4055,     42.6797,    249.9470,     62.9021,      3.4953,      0.0121,     -0.0196,      0.8885,      0.1375,      5.6146,     11.2291,      1.2149,     28.9552,     57.9103,      0.0193,      0.0007,      0.0156,      0.2069,   7840.9341,-420777.0000,   -910.8757,    554.0778,  26136.4453,
       1,     169,     160,       9,       1,       3,       1,     10.0000,      1.4055,     42.6797,    249.9470,     62.9021,      3.4953,      0.0617,      0.0286,      2.7758,      0.1767,      5.6146,     11.2291,      1.5618,     28.9552,     57.9103,      0.0193,      0.0005,      0.0672,      0.2069,   7840.9341,-420399.3438,   -910.9141,    554.1040,  26136.4453,
       1,     169,     160,      10,       1,       3,       1,     10.0000,      1.4055,     42.6797,    249.9470,     62.9021,      3.4953,      0.1377,      0.1040,      7.2926,      0.1962,      5.6146,     11.2291,      1.7334,     28.9552,     57.9103,      0.0193,      0.0005,      0.1765,      0.2069,   7840.9341,-422685.6875,   -911.5847,    553.9456,  26136.4473,
       1,     169,     160,      11,       1,       3,       1,     10.0000,      1.4055,     42.6797,    249.9470,     62.9021,      3.4953,      0.1858,      0.1516,     12.6487,      0.2137,      5.6146,     11.2291,      1.8888,     28.9552,     57.9103,      0.0193,      0.0006,      0.2459,      0.2069,   7840.9346,-428429.1875,   -913.2479,    553.5479,  26136.4453,
       1,     169,     160,      12,       1,       3,       1,     10.0000,      1.4055,     42.6797,    249.9470,     62.9021,      3.4953,      0.1837,      0.1493,     13.2802,      0.2204,      5.6146,     11.2291,      1.9472,     28.9552,     57.9103,      0.0193,      0.0007,      0.2428,      0.2069,   7840.9341,-435499.0312,   -915.8407,    553.0588,  26136.4453,
       1,     169,     160,      13,       1,       3,       1,     10.0000,      1.4055,     42.6797,    249.9470,     62.9021,      3.4953,      0.1617,      0.1268,     16.3772,      0.2376,      5.6146,     11.2291,      2.0997,     28.9552,     57.9103,      0.0193,      0.0009,      0.2104,      0.2069,   7840.9341,-436876.6875,   -917.2147,    552.9639,  26136.4453,
       1,     169,     160,      14,       1,       3,       1,     10.0000,      1.4055,     42.6797,    249.9470,     62.9021,      3.4953,      0.0832,      0.0484,     24.0080,      0.2337,      5.6146,     11.2291,      2.0651,     28.9552,     57.9103,      0.0193,      0.0031,      0.0948,      0.2069,   7840.9341,-440799.0312,   -918.7647,    552.6927,  26136.4434,
       1,     169,     160,      15,       1,       3,       1,     10.0000,      1.4055,     42.6797,    249.9470,     62.9021,      3.4953,      0.1142,      0.0808,     37.4771,      0.1867,      5.6146,     11.2291,      1.6496,     28.9552,     57.9103,      0.0193,      0.0033,      0.1390,      0.2069,   7840.9331,-450509.9688,   -921.1616,    552.0219,  26136.4434,
       1,     169,     160,      16,       1,       3,       1,     10.0000,      1.4055,     42.6797,    249.9470,     62.9021,      3.4953,      0.1356,      0.1019,     56.2530,      0.1983,      5.6146,     11.2291,      1.7524,     28.9552,     57.9103,      0.0193,      0.0041,      0.1679,      0.2068,   7840.9331,-467890.1875,   -925.1400,    550.8230,  26136.4434,
       1,     169,     160,      17,       1,       3,       1,     10.0000,      1.4055,     42.6797,    249.9470,     62.9021,      3.4953,      0.1350,      0.1014,     66.9985,      0.1918,      5.6146,     11.2291,      1.6944,     28.9552,     57.9103,      0.0193,      0.0049,      0.1658,      0.2068,   7840.9331,-492451.4375,   -930.7234,    549.1333,  26136.4414,
       1,     169,     160,      18,       1,       3,       1,     10.0000,      1.4055,     42.6797,    249.9470,     62.9021,      3.4953,      0.1333,      0.1012,     69.2048,      0.1477,      5.6146,     11.2291,      1.3053,     28.9552,     57.9103,      0.0193,      0.0052,      0.1633,      0.2068,   7840.9326,-507756.1875,   -927.4261,    548.0853,  26136.3066,
       1,     169,     160,      19,       1,       3,       1,     10.0000,      1.4055,     42.6797,    249.9470,     62.9021,      3.4953,      0.0472,      0.0161,     16.0963,      0.1210,      5.6146,     11.2291,      1.0688,     28.9552,     57.9103,      0.0193,      0.0042,      0.0466,      0.2068,   7840.8921,-511783.2500,   -928.2568,    547.8104,  26136.3027,
       1,     169,     160,      20,       1,       3,       1,     10.0000,      1.4055,     42.6797,    249.9470,     62.9021,      3.4953,      0.0062,     -0.0247,      3.2090,      0.1179,      5.6146,     11.2291,      1.0418,     28.9552,     57.9103,      0.0193,      0.0025,      0.0156,      0.2068,   7840.8911,-446790.8125,   -915.8937,    552.2609,  26136.4473,
       1,     169,     160,      21,       1,       3,       1,     10.0000,      1.4055,     42.6797,    249.9470,     62.9021,      3.4953,      0.0000,     -0.0308,      3.0528,      0.1156,      5.6146,     11.2291,      1.0217,     28.9552,     57.9103,      0.0193,      0.0024,      0.0156,      0.2068,   7840.9346,-425480.1562,   -911.5564,    553.7501,  26136.4473,
       1,     169,     160,      22,       1,       3,       1,     10.0000,      1.4055,     42.6797,    249.9470,     62.9021,      3.4953,      0.0000,     -0.0310,      2.5425,      0.1184,      5.6146,     11.2291,      1.0461,     28.9552,     57.9103,      0.0193,      0.0020,      0.0156,      0.2069,   7840.9346,-423460.6562,   -911.0305,    553.8920,  26136.4434,
       1,     169,     160,      23,       1,       3,       1,     10.0000,      1.4055,     42.6797,    249.9470,     62.9021,      3.4953,      0.0000,     -0.0309,      0.9658,      0.1180,      5.6146,     11.2291,      1.0429,     28.9552,     57.9103,      0.0193,      0.0008,      0.0156,      0.2069,   7840.9331,-422659.8125,   -911.1959,    553.9474,  26136.4453,
       1,     169,     160,      24,       1,       3,       1,     10.0000,      1.4055,     42.6797,    249.9470,     62.9021,      3.4953,      0.0000,     -0.0309,      0.2918,      0.1171,      5.6146,     11.2291,      1.0344,     28.9552,     57.9103,      0.0193,      0.0002,      0.0156,      0.2069,   7840.9341,-420654.4688,   -910.9307,    554.0863,  26136.4453,
       1,     169,     161,       1,       1,       3,       1,     10.0000,      1.4055,     42.6800,    249.9529,     62.9036,      3.4953,      0.0000,     -0.0310,      0.2793,      0.1184,      5.6141,     11.2282,      1.0461,     28.9498,     57.8996,      0.0193,      0.0002,      0.0156,      0.2069,   7840.9341,-419810.9062,   -911.0429,    554.1577,  26137.6133,
       1,     169,     161,       2,       1,       3,       1,     10.0000,      1.4055,     42.6800,    249.9529,     62.9036,      3.4953,      0.0000,     -0.0310,      0.2825,      0.1196,      5.6141,     11.2282,      1.0569,     28.9498,     57.8996,      0.0193,      0.0002,      0.0156,      0.2069,   7841.2842,-419571.6875,   -910.7470,    554.1743,  26137.6133,
       1,     169,     161,       3,       1,       3,       1,     10.0000,      1.4055,     42.6800,    249.9529,     62.9036,      3.4953,      0.0000,     -0.0311,      0.3132,      0.1222,      5.6141,     11.2282,      1.0798,     28.9498,     57.8996,      0.0193,      0.0002,      0.0156,      0.2069,   7841.2842,-419555.2500,   -910.7453,    554.1754,  26137.6133,
       1,     169,     161,       4,       1,       3,       1,     10.0000,      1.4055,     42.6800,    249.9529,     62.9036,      3.4953,      0.0000,     -0.0312,      0.2960,      0.1246,      5.6141,     11.2282,      1.1009,     28.9498,     57.8996,      0.0193,      0.0002,      0.0156,      0.2069,   7841.2842,-419591.5312,   -910.7561,    554.1729,  26137.6133,
       1,     169,     161,       5,       1,       3,       1,     10.0000,      1.4055,     42.6800,    249.9529,     62.9036,      3.4953,      0.0000,     -0.0312,      0.2981,      0.1254,      5.6141,     11.2282,      1.1077,     28.9498,     57.8996,      0.0193,      0.0002,      0.0156,      0.2069,   7841.2842,-419573.5312,   -910.7545,    554.1741,  26137.6113,
       1,     169,     161,       6,       1,       3,       1,     10.0000,      1.4055,     42.6800,    249.9529,     62.9036,      3.4953,      0.0000,     -0.0311,      0.2912,      0.1228,      5.6141,     11.2282,      1.0853,     28.9498,     57.8996,      0.0193,      0.0002,      0.0156,      0.2069,   7841.2837,-419574.7188,   -910.7565,    554.1740,  26137.6133,
       1,     169,     161,       7,       1,       3,       1,     10.0000,      1.4055,     42.6800,    249.9529,     62.9036,      3.4953,      0.0000,     -0.0311,      0.3020,      0.1224,      5.6141,     11.2282,      1.0820,     28.9498,     57.8996,      0.0193,      0.0002,      0.0156,      0.2069,   7841.2842,-419566.3438,   -910.7560,    554.1746,  26137.6133,
       1,     169,     161,       8,       1,       3,       1,     10.0000,      1.4055,     42.6800,    249.9529,     62.9036,      3.4953,      0.0117,     -0.0196,      0.3167,      0.1260,      5.6141,     11.2282,      1.1133,     28.9498,     57.8996,      0.0193,      0.0002,      0.0156,      0.2069,   7841.2842,-419578.7812,   -910.7611,    554.1737,  26137.6133,
       1,     169,     161,       9,       1,       3,       1,     10.0000,      1.4055,     42.6800,    249.9529,     62.9036,      3.4953,      0.0740,      0.0421,      2.9456,      0.1438,      5.6141,     11.2282,      1.2703,     28.9498,     57.8996,      0.0193,      0.0004,      0.0858,      0.2069,   7841.2842,-419597.9375,   -910.7944,    554.1725,  26137.6133,
       1,     169,     161,      10,       1,       3,       1,     10.0000,      1.4055,     42.6800,    249.9529,     62.9036,      3.4953,      0.1640,      0.1306,      7.0289,      0.1880,      5.6141,     11.2282,      1.6612,     28.9498,     57.8996,      0.0193,      0.0004,      0.2147,      0.2069,   7841.2842,-422828.5938,   -911.6097,    553.9487,  26137.6133,
       1,     169,     161,      11,       1,       3,       1,     10.0000,      1.4055,     42.6800,    249.9529,     62.9036,      3.4953,      0.1884,      0.1548,      7.7925,      0.1921,      5.6141,     11.2282,      1.6978,     28.9498,     57.8996,      0.0193,      0.0004,      0.2500,      0.2069,   7841.2842,-428119.4062,   -913.6154,    553.5823,  26137.6133,
       1,     169,     161,      12,       1,       3,       1,     10.0000,      1.4055,     42.6800,    249.9529,     62.9036,      3.4953,      0.1883,      0.1539,      9.1226,      0.2204,      5.6141,     11.2282,      1.9473,     28.9498,     57.8996,      0.0193,      0.0004,      0.2500,      0.2069,   7841.2842,-429508.0625,   -915.8777,    553.4863,  26137.6152,
       1,     169,     161,      13,       1,       3,       1,     10.0000,      1.4055,     42.6800,    249.9529,     62.9036,      3.4953,      0.1364,      0.1018,      6.5437,      0.2256,      5.6141,     11.2282,      1.9936,     28.9498,     57.8996,      0.0193,      0.0005,      0.1745,      0.2069,   7841.2847,-431259.6875,   -918.3538,    553.3652,  26137.6113,
       1,     169,     161,      14,       1,       3,       1,     10.0000,      1.4055,     42.6800,    249.9529,     62.9036,      3.4953,      0.1573,      0.1221,     16.9812,      0.2517,      5.6141,     11.2282,      2.2240,     28.9498,     57.8996,      0.0193,      0.0010,      0.2039,      0.2069,   7841.2837,-428240.8125,   -918.2638,    553.5740,  26137.6113,
       1,     169,     161,      15,       1,       3,       1,     10.0000,      1.4055,     42.6800,    249.9529,     62.9036,      3.4953,      0.1408,      0.1056,     53.4957,      0.2510,      5.6141,     11.2282,      2.2176,     28.9498,     57.8996,      0.0193,      0.0037,      0.1756,      0.2069,   7841.2837,-440806.5938,   -921.5245,    552.7046,  26137.6133,
       1,     169,     161,      16,       1,       3,       1,     10.0000,      1.4055,     42.6800,    249.9529,     62.9036,      3.4953,      0.1150,      0.0805,     41.1983,      0.2241,      5.6141,     11.2282,      1.9800,     28.9498,     57.8996,      0.0193,      0.0036,      0.1394,      0.2069,   7841.2842,-486742.3750,   -930.8667,    549.5317,  26137.6152,
       1,     169,     161,      17,       1,       3,       1,     10.0000,      1.4055,     42.6800,    249.9529,     62.9036,      3.4953,      0.0998,      0.0660,     47.3327,      0.2025,      5.6141,     11.2282,      1.7892,     28.9498,     57.8996,      0.0193,      0.0049,      0.1169,      0.2068,   7841.2847,-475547.6875,   -929.4645,    550.3097,  26137.6133,
       1,     169,     161,      18,       1,       3,       1,     10.0000,      1.4055,     42.6800,    249.9529,     62.9036,      3.4953,      0.0858,      0.0521,     45.0060,      0.1954,      5.6141,     11.2282,      1.7266,     28.9498,     57.8996,      0.0193,      0.0057,      0.0969,      0.2068,   7841.2842,-482130.7188,   -931.4213,    549.8574,  26137.6133,
       1,     169,     161,      19,       1,       3,       1,     10.0000,      1.4055,     42.6800,    249.9529,     62.9036,      3.4953,      0.0546,      0.0211,     30.3010,      0.1891,      5.6141,     11.2282,      1.6711,     28.9498,     57.8996,      0.0193,      0.0069,      0.0534,      0.2068,   7841.2842,-479828.1562,   -931.7135,    550.0158,  26137.6133,
       1,     169,     161,      20,       1,       3,       1,     10.0000,      1.4055,     42.6800,    249.9529,     62.9036,      3.4953,      0.0110,     -0.0221,      7.1894,      0.1783,      5.6141,     11.2282,      1.5759,     28.9498,     57.8996,      0.0193,      0.0056,      0.0156,      0.2068,   7841.2842,-461554.1875,   -928.9423,    551.2722,  26137.6133,
       1,     169,     161,      21,       1,       3,       1,     10.0000,      1.4055,     42.6800,    249.9529,     62.9036,      3.4953,      0.0000,     -0.0329,      5.6596,      0.1724,      5.6141,     11.2282,      1.5234,     28.9498,     57.8996,      0.0193,      0.0044,      0.0156,      0.2069,   7841.2842,-431601.9375,   -923.6852,    553.3376,  26137.6152,
       1,     169,     161,      22,       1,       3,       1,     10.0000,      1.4055,     42.6800,    249.9529,     62.9036,      3.4953,      0.0000,     -0.0328,      4.7428,      0.1692,      5.6141,     11.2282,      1.4948,     28.9498,     57.8996,      0.0193,      0.0037,      0.0156,      0.2069,   7841.2847,-427188.0312,   -923.0680,    553.6468,  26137.6152,
       1,     169,     161,      23,       1,       3,       1,     10.0000,      1.4055,     42.6800,    249.9529,     62.9036,      3.4953,      0.0000,     -0.0327,      4.8185,      0.1658,      5.6141,     11.2282,      1.4652,     28.9498,     57.8996,      0.0193,      0.0038,      0.0156,      0.2069,   7841.2847,-425681.8750,   -922.9583,    553.7512,  26137.6152,
       1,     169,     161,      24,       1,       3,       1,     10.0000,      1.4055,     42.6800,    249.9529,     62.9036,      3.4953,      0.0000,     -0.0324,      4.0501,      0.1575,      5.6141,     11.2282,      1.3922,     28.9498,     57.8996,      0.0193,      0.0032,      0.0156,      0.2069,   7841.2847,-425646.5938,   -923.1012,    553.7536,  26137.6113,
       1,     169,     162,       1,       1,       3,       1,     10.0000,      1.4056,     42.6804,    249.9588,     62.9051,      3.4953,      0.0000,     -0.0324,      3.3637,      0.1577,      5.6146,     11.2291,      1.3936,     28.9449,     57.8899,      0.0193,      0.0026,      0.0156,      0.2069,   7841.2837,-424855.4688,   -923.3370,    553.8214,  26138.7852,
       1,     169,     162,       2,       1,       3,       1,     10.0000,      1.4056,     42.6804,    249.9588,     62.9051,      3.4953,      0.0000,     -0.0325,      2.8535,      0.1587,      5.6146,     11.2291,      1.4020,     28.9449,     57.8899,      0.0193,      0.0022,      0.0156,      0.2069,   7841.6357,-423792.0000,   -922.9328,    553.8951,  26138.7852,
       1,     169,     162,       3,       1,       3,       1,     10.0000,      1.4056,     42.6804,    249.9588,     62.9051,      3.4953,      0.0000,     -0.0324,      2.5655,      0.1580,      5.6146,     11.2291,      1.3964,     28.9449,     57.8899,      0.0193,      0.0020,      0.0156,      0.2069,   7841.6357,-423074.8125,   -922.8429,    553.9448,  26138.7871,
       1,     169,     162,       4,       1,       3,       1,     10.0000,      1.4056,     42.6804,    249.9588,     62.9051,      3.4953,      0.0000,     -0.0323,      2.1061,      0.1550,      5.6146,     11.2291,      1.3700,     28.9449,     57.8899,      0.0193,      0.0016,      0.0156,      0.2069,   7841.6362,-422659.8750,   -922.8192,    553.9734,  26138.7852,
       1,     169,     162,       5,       1,       3,       1,     10.0000,      1.4056,     42.6804,    249.9588,     62.9051,      3.4953,      0.0000,     -0.0321,      1.1954,      0.1474,      5.6146,     11.2291,      1.3028,     28.9449,     57.8899,      0.0193,      0.0009,      0.0156,      0.2069,   7841.6357,-422060.5625,   -922.7723,    554.0150,  26138.7852,
       1,     169,     162,       6,       1,       3,       1,     10.0000,      1.4056,     42.6804,    249.9588,     62.9051,      3.4953,      0.0000,     -0.0320,      0.9709,      0.1464,      5.6146,     11.2291,      1.2936,     28.9449,     57.8899,      0.0193,      0.0008,      0.0156,      0.2069,   7841.6357,-420890.9375,   -922.5781,    554.0959,  26138.7832,
       1,     169,     162,       7,       1,       3,       1,     10.0000,      1.4056,     42.6804,    249.9588,     62.9051,      3.4953,      0.0000,     -0.0320,      0.4723,      0.1442,      5.6146,     11.2291,      1.2742,     28.9449,     57.8899,      0.0193,      0.0004,      0.0156,      0.2069,   7841.6353,-420516.2188,   -922.5286,    554.1219,  26138.7852,
       1,     169,     162,       8,       1,       3,       1,     10.0000,      1.4056,     42.6804,    249.9588,     62.9051,      3.4953,      0.0079,     -0.0241,      0.3828,      0.1448,      5.6146,     11.2291,      1.2793,     28.9449,     57.8899,      0.0193,      0.0003,      0.0156,      0.2069,   7841.6357,-419871.4688,   -922.4114,    554.1666,  26138.7852,
       1,     169,     162,       9,       1,       3,       1,     10.0000,      1.4056,     42.6804,    249.9588,     62.9051,      3.4953,      0.0723,      0.0401,      1.9583,      0.1503,      5.6146,     11.2291,      1.3280,     28.9449,     57.8899,      0.0193,      0.0003,      0.0833,      0.2069,   7841.6357,-419706.8125,   -922.3885,    554.1780,  26138.7852,
       1,     169,     162,      10,       1,       3,       1,     10.0000,      1.4056,     42.6804,    249.9588,     62.9051,      3.4953,      0.1656,      0.1333,      6.1682,      0.1518,      5.6146,     11.2291,      1.3414,     28.9449,     57.8899,      0.0193,      0.0003,      0.2169,      0.2069,   7841.6357,-421627.6562,   -922.8083,    554.0449,  26138.7832,
       1,     169,     162,      11,       1,       3,       1,     10.0000,      1.4056,     42.6804,    249.9588,     62.9051,      3.4953,      0.1885,      0.1563,      6.4124,      0.1535,      5.6146,     11.2291,      1.3563,     28.9449,     57.8899,      0.0193,      0.0003,      0.2500,      0.2069,   7841.6353,-426962.4375,   -924.0308,    553.6755,  26138.7832,
       1,     169,     162,      12,       1,       3,       1,     10.0000,      1.4056,     42.6804,    249.9588,     62.9051,      3.4953,      0.1887,      0.1563,      8.1537,      0.1561,      5.6146,     11.2291,      1.3797,     28.9449,     57.8899,      0.0193,      0.0004,      0.2500,      0.2069,   7841.6353,-427716.2188,   -923.7692,    553.6234,  26138.7871,
       1,     169,     162,      13,       1,       3,       1,     10.0000,      1.4056,     42.6804,    249.9588,     62.9051,      3.4953,      0.1889,      0.1567,     11.0196,      0.1524,      5.6146,     11.2291,      1.3468,     28.9449,     57.8899,      0.0193,      0.0005,      0.2500,      0.2069,   7841.6362,-429918.6875,   -923.5979,    553.4710,  26138.7871,
       1,     169,     162,      14,       1,       3,       1,     10.0000,      1.4056,     42.6804,    249.9588,     62.9051,      3.4953,      0.1892,      0.1573,     13.0656,      0.1407,      5.6146,     11.2291,      1.2436,     28.9449,     57.8899,      0.0193,      0.0006,      0.2500,      0.2069,   7841.6362,-433626.3438,   -922.4742,    553.2145,  26138.7852,
       1,     169,     162,      15,       1,       3,       1,     10.0000,      1.4056,     42.6804,    249.9588,     62.9051,      3.4953,      0.1893,      0.1574,     14.7002,      0.1426,      5.6146,     11.2291,      1.2601,     28.9449,     57.8899,      0.0193,      0.0007,      0.2500,      0.2069,   7841.6357,-436455.4375,   -922.3363,    553.0190,  26138.7871,
       1,     169,     162,      16,       1,       3,       1,     10.0000,      1.4056,     42.6804,    249.9588,     62.9051,      3.4953,      0.1893,      0.1571,     15.2939,      0.1509,      5.6146,     11.2291,      1.3333,     28.9449,     57.8899,      0.0193,      0.0007,      0.2500,      0.2069,   7841.6362,-438703.6875,   -923.8433,    552.8636,  26138.7852,
       1,     169,     162,      17,       1,       3,       1,     10.0000,      1.4056,     42.6804,    249.9588,     62.9051,      3.4953,      0.1890,      0.1566,     13.0532,      0.1568,      5.6146,     11.2291,      1.3852,     28.9449,     57.8899,      0.0193,      0.0006,      0.2500,      0.2069,   7841.6357,-439624.2812,   -924.6149,    552.7999,  26138.7852,
       1,     169,     162,      18,       1,       3,       1,     10.0000,      1.4056,     42.6804,    249.9588,     62.9051,      3.4953,      0.1770,      0.1447,      9.4441,      0.1527,      5.6146,     11.2291,      1.3495,     28.9449,     57.8899,      0.0193,      0.0005,      0.2330,      0.2069,   7841.6357,-436949.8438,   -924.6688,    552.9847,  26138.7852,
       1,     169,     162,      19,       1,       3,       1,     10.0000,      1.4056,     42.6804,    249.9588,     62.9051,      3.4953,      0.1407,      0.1085,      5.6594,      0.1488,      5.6146,     11.2291,      1.3146,     28.9449,     57.8899,      0.0193,      0.0004,      0.1812,      0.2069,   7841.6357,-432288.9062,   -924.1645,    553.3069,  26138.7852,
       1,     169,     162,      20,       1,       3,       1,     10.0000,      1.4056,     42.6804,    249.9588,     62.9051,      3.4953,      0.0230,     -0.0088,      0.7074,      0.1419,      5.6146,     11.2291,      1.2537,     28.9449,     57.8899,      0.0193,      0.0007,      0.0129,      0.2069,   7841.6357,-427243.8438,   -923.4295,    553.6561,  26138.7852,
       1,     169,     162,      21,       1,       3,       1,     10.0000,      1.4056,     42.6804,    249.9588,     62.9051,      3.4953,      0.0000,     -0.0316,      1.1773,      0.1352,      5.6146,     11.2291,      1.1943,     28.9449,     57.8899,      0.0193,      0.0009,      0.0156,      0.2069,   7841.6357,-420732.1875,   -922.2566,    554.1068,  26138.7852,
       1,     169,     162,      22,       1,       3,       1,     10.0000,      1.4056,     42.6804,    249.9588,     62.9051,      3.4953,      0.0000,     -0.0315,      2.6362,      0.1324,      5.6146,     11.2291,      1.1703,     28.9449,     57.8899,      0.0193,      0.0021,      0.0156,      0.2069,   7841.6357,-420756.0625,   -922.2991,    554.1053,  26138.7852,
       1,     169,     162,      23,       1,       3,       1,     10.0000,      1.4056,     42.6804,    249.9588,     62.9051,      3.4953,      0.0000,     -0.0313,      2.9617,      0.1277,      5.6146,     11.2291,      1.1282,     28.9449,     57.8899,      0.0193,      0.0023,      0.0156,      0.2069,   7841.6357,-422549.6250,   -922.7238,    553.9811,  26138.7852,
       1,     169,     162,      24,       1,       3,       1,     10.0000,      1.4056,     42.6804,    249.9588,     62.9051,      3.4953,      0.0000,     -0.0314,      3.0602,      0.1287,      5.6146,     11.2291,      1.1374,     28.9449,     57.8899,      0.0193,      0.0024,      0.0156,      0.2069,   7841.6357,-423102.0938,   -922.8989,    553.9428,  26138.7832,
       1,     169,     163,       1,       1,       3,       1,     10.0000,      1.4056,     42.6807,    249.9647,     62.9065,      3.4953,      0.0000,     -0.0313,      2.3693,      0.1278,      5.6137,     11.2274,      1.1294,     28.9525,     57.9049,      0.0193,      0.0019,      0.0156,      0.2069,   7841.6353,-423425.2188,   -923.3320,    553.9334,  26139.9531,
       1,     169,     163,       2,       1,       3,       1,     10.0000,      1.4056,     42.6807,    249.9647,     62.9065,      3.4953,      0.0000,     -0.0312,      1.9233,      0.1243,      5.6137,     11.2274,      1.0987,     28.9525,     57.9049,      0.0193,      0.0015,      0.0156,      0.2069,   7841.9863,-422452.0000,   -922.9318,    554.0009,  26139.9531,
       1,     169,     163,       3,       1,       3,       1,     10.0000,      1.4056,     42.6807,    249.9647,     62.9065,      3.4953,      0.0000,     -0.0311,      1.1026,      0.1230,      5.6137,     11.2274,      1.0865,     28.9525,     57.9049,      0.0193,      0.0009,      0.0156,      0.2069,   7841.9863,-421821.3750,   -921.7104,    554.0444,  26139.9512,
       1,     169,     163,       4,       1,       3,       1,     10.0000,      1.4056,     42.6807,    249.9647,     62.9065,      3.4953,      0.0000,     -0.0310,      0.7399,      0.1201,      5.6137,     11.2274,      1.0612,     28.9525,     57.9049,      0.0193,      0.0006,      0.0156,      0.2070,   7841.9858,-420760.0938,   -921.5410,    554.1179,  26139.9531,
       1,     169,     163,       5,       1,       3,       1,     10.0000,      1.4056,     42.6807,    249.9647,     62.9065,      3.4953,      0.0000,     -0.0313,      0.8287,      0.1264,      5.6137,     11.2274,      1.1168,     28.9525,     57.9049,      0.0193,      0.0006,      0.0156,      0.2070,   7841.9863,-420224.3438,   -921.4572,    554.1551,  26139.9531,
       1,     169,     163,       6,       1,       3,       1,     10.0000,      1.4056,     42.6807,    249.9647,     62.9065,      3.4953,      0.0000,     -0.0314,      0.4983,      0.1283,      5.6137,     11.2274,      1.1340,     28.9525,     57.9049,      0.0193,      0.0004,      0.0156,      0.2070,   7841.9863,-420287.6562,   -921.5001,    554.1506,  26139.9531,
       1,     169,     163,       7,       1,       3,       1,     10.0000,      1.4056,     42.6807,    249.9647,     62.9065,      3.4953,      0.0000,     -0.0313,      0.5134,      0.1272,      5.6137,     11.2274,      1.1236,     28.9525,     57.9049,      0.0193,      0.0004,      0.0156,      0.2070,   7841.9863,-419887.4688,   -921.4338,    554.1785,  26139.9551,
       1,     169,     163,       8,       1,       3,       1,     10.0000,      1.4056,     42.6807,    249.9647,     62.9065,      3.4953,      0.0139,     -0.0175,      0.0156,      0.1273,      5.6137,     11.2274,      1.1248,     28.9525,     57.9049,      0.0193,      0.0004,      0.0005,      0.2070,   7841.9868,-419871.5312,   -921.4428,    554.1796,  26139.9531,
       1,     169,     163,       9,       1,       3,       1,     10.0000,      1.4056,     42.6807,    249.9647,     62.9065,      3.4953,      0.0496,      0.0181,      1.8955,      0.1318,      5.6137,     11.2274,      1.1644,     28.9525,     57.9049,      0.0193,      0.0005,      0.0512,      0.2070,   7841.9863,-419259.0000,   -921.3560,    554.2220,  26139.9512,
       1,     169,     163,      10,       1,       3,       1,     10.0000,      1.4056,     42.6807,    249.9647,     62.9065,      3.4953,      0.1007,      0.0690,      3.1023,      0.1392,      5.6137,     11.2274,      1.2299,     28.9525,     57.9049,      0.0193,      0.0003,      0.1242,      0.2070,   7841.9858,-421515.8750,   -921.8743,    554.0656,  26139.9531,
       1,     169,     163,      11,       1,       3,       1,     10.0000,      1.4056,     42.6807,    249.9647,     62.9065,      3.4953,      0.1885,      0.1563,      5.9333,      0.1515,      5.6137,     11.2274,      1.3387,     28.9525,     57.9049,      0.0193,      0.0003,      0.2500,      0.2070,   7841.9863,-423189.6875,   -922.3851,    553.9497,  26139.9531,
       1,     169,     163,      12,       1,       3,       1,     10.0000,      1.4056,     42.6807,    249.9647,     62.9065,      3.4953,      0.1884,      0.1555,      6.9524,      0.1740,      5.6137,     11.2274,      1.5372,     28.9525,     57.9049,      0.0193,      0.0003,      0.2500,      0.2069,   7841.9863,-426808.9375,   -923.7305,    553.6992,  26139.9531,
       1,     169,     163,      13,       1,       3,       1,     10.0000,      1.4056,     42.6807,    249.9647,     62.9065,      3.4953,      0.1884,      0.1552,      7.2280,      0.1800,      5.6137,     11.2274,      1.5902,     28.9525,     57.9049,      0.0193,      0.0004,      0.2500,      0.2069,   7841.9863,-428368.3750,   -924.7857,    553.5912,  26139.9531,
       1,     169,     163,      14,       1,       3,       1,     10.0000,      1.4056,     42.6807,    249.9647,     62.9065,      3.4953,      0.1884,      0.1548,      7.7841,      0.1920,      5.6137,     11.2274,      1.6962,     28.9525,     57.9049,      0.0193,      0.0004,      0.2500,      0.2069,   7841.9863,-428839.5000,   -925.6651,    553.5586,  26139.9531,
       1,     169,     163,      15,       1,       3,       1,     10.0000,      1.4056,     42.6807,    249.9647,     62.9065,      3.4953,      0.1884,      0.1547,      8.0314,      0.1962,      5.6137,     11.2274,      1.7336,     28.9525,     57.9049,      0.0193,      0.0004,      0.2500,      0.2069,   7841.9863,-429562.6562,   -926.1673,    553.5087,  26139.9531,
       1,     169,     163,      16,       1,       3,       1,     10.0000,      1.4056,     42.6807,    249.9647,     62.9065,      3.4953,      0.1892,      0.1556,     17.6506,      0.1912,      5.6137,     11.2274,      1.6895,     28.9525,     57.9049,      0.0193,      0.0009,      0.2500,      0.2069,   7841.9863,-429927.7188,   -926.4788,    553.4834,  26139.9512,
       1,     169,     163,      17,       1,       3,       1,     10.0000,      1.4056,     42.6807,    249.9647,     62.9065,      3.4953,      0.1823,      0.1487,     36.8107,      0.1923,      5.6137,     11.2274,      1.6996,     28.9525,     57.9049,      0.0193,      0.0019,      0.2378,      0.2069,   7841.9858,-441773.5938,   -928.8546,    552.6638,  26139.9512,
       1,     169,     163,      18,       1,       3,       1,     10.0000,      1.4056,     42.6807,    249.9647,     62.9065,      3.4953,      0.1805,      0.1465,     45.5037,      0.2067,      5.6137,     11.2274,      1.8267,     28.9525,     57.9049,      0.0193,      0.0024,      0.2343,      0.2069,   7841.9858,-466319.0938,   -933.7237,    550.9688,  26139.9531,
       1,     169,     163,      19,       1,       3,       1,     10.0000,      1.4056,     42.6807,    249.9647,     62.9065,      3.4953,      0.1384,      0.1041,     46.1005,      0.2176,      5.6137,     11.2274,      1.9226,     28.9525,     57.9049,      0.0193,      0.0032,      0.1731,      0.2069,   7841.9863,-479092.7500,   -936.3515,    550.0916,  26139.9551,
       1,     169,     163,      20,       1,       3,       1,     10.0000,      1.4056,     42.6807,    249.9647,     62.9065,      3.4953,      0.0349,      0.0020,      7.2330,      0.1740,      5.6137,     11.2274,      1.5372,     28.9525,     57.9049,      0.0193,      0.0031,      0.0281,      0.2069,   7841.9868,-480908.4062,   -936.8928,    549.9675,  26139.9512,
       1,     169,     163,      21,       1,       3,       1,     10.0000,      1.4056,     42.6807,    249.9647,     62.9065,      3.4953,      0.0001,     -0.0324,      3.2889,      0.1587,      5.6137,     11.2274,      1.4021,     28.9525,     57.9049,      0.0193,      0.0026,      0.0156,      0.2069,   7841.9858,-433287.8750,   -927.7473,    553.2412,  26139.9531,
       1,     169,     163,      22,       1,       3,       1,     10.0000,      1.4056,     42.6807,    249.9647,     62.9065,      3.4953,      0.0000,     -0.0325,      3.5299,      0.1591,      5.6137,     11.2274,      1.4063,     28.9525,     57.9049,      0.0193,      0.0028,      0.0156,      0.2069,   7841.9863,-424431.1250,   -926.0378,    553.8634,  26139.9531,
       1,     169,     163,      23,       1,       3,       1,     10.0000,      1.4056,     42.6807,    249.9647,     62.9065,      3.4953,      0.0000,     -0.0321,      4.3224,      0.1474,      5.6137,     11.2274,      1.3028,     28.9525,     57.9049,      0.0193,      0.0034,      0.0156,      0.2069,   7841.9863,-423963.3438,   -911.0502,    553.8961,  26139.9531,
       1,     169,     163,      24,       1,       3,       1,     10.0000,      1.4056,     42.6807,    249.9647,     62.9065,      3.4953,      0.0000,     -0.0320,      4.9271,      0.1445,      5.6137,     11.2274,      1.2768,     28.9525,     57.9049,      0.0193,      0.0039,      0.0156,      0.2069,   7841.9863,-424896.3438,   -911.7661,    553.8315,  26139.9551,
       1,     169,     164,       1,       1,       3,       1,     10.0000,      1.4056,     42.6810,    249.9706,     62.9080,      3.4953,      0.0000,     -0.0319,      2.3614,      0.1415,      5.6139,     11.2278,      1.2500,     28.9580,     57.9159,      0.0193,      0.0018,      0.0156,      0.2070,   7841.9868,-425872.4375,   -912.6675,    553.7770,  26141.1211,
       1,     169,     164,       2,       1,       3,       1,     10.0000,      1.4056,     42.6810,    249.9706,     62.9080,      3.4953,      0.0000,     -0.0318,      1.5200,      0.1389,      5.6139,     11.2278,      1.2274,     28.9580,     57.9159,      0.0193,      0.0012,      0.0156,      0.2070,   7842.3364,-422652.7812,   -912.0708,    553.9999,  26141.1211,
       1,     169,     164,       3,       1,       3,       1,     10.0000,      1.4056,     42.6810,    249.9706,     62.9080,      3.4953,      0.0000,     -0.0317,      0.7918,      0.1379,      5.6139,     11.2278,      1.2188,     28.9580,     57.9159,      0.0193,      0.0006,      0.0156,      0.2070,   7842.3364,-421345.8438,   -911.9698,    554.0905,  26141.1191,
       1,     169,     164,       4,       1,       3,       1,     10.0000,      1.4056,     42.6810,    249.9706,     62.9080,      3.4953,      0.0000,     -0.0317,      0.4463,      0.1363,      5.6139,     11.2278,      1.2040,     28.9580,     57.9159,      0.0193,      0.0003,      0.0156,      0.2070,   7842.3359,-420340.8125,   -911.8376,    554.1601,  26141.1211,
       1,     169,     164,       5,       1,       3,       1,     10.0000,      1.4056,     42.6810,    249.9706,     62.9080,      3.4953,      0.0000,     -0.0317,      0.5169,      0.1363,      5.6139,     11.2278,      1.2040,     28.9580,     57.9159,      0.0193,      0.0004,      0.0156,      0.2070,   7842.3364,-419830.7500,   -911.7611,    554.1954,  26141.1230,
       1,     169,     164,       6,       1,       3,       1,     10.0000,      1.4056,     42.6810,    249.9706,     62.9080,      3.4953,      0.0000,     -0.0315,      0.4681,      0.1323,      5.6139,     11.2278,      1.1691,     28.9580,     57.9159,      0.0193,      0.0004,      0.0156,      0.2070,   7842.3374,-419873.8438,   -911.7925,    554.1924,  26141.1211,
       1,     169,     164,       7,       1,       3,       1,     10.0000,      1.4056,     42.6810,    249.9706,     62.9080,      3.4953,      0.0000,     -0.0314,      0.5202,      0.1303,      5.6139,     11.2278,      1.1514,     28.9580,     57.9159,      0.0193,      0.0004,      0.0156,      0.2070,   7842.3364,-419817.7812,   -911.8019,    554.1964,  26141.1211,
       1,     169,     164,       8,       1,       3,       1,     10.0000,      1.4056,     42.6810,    249.9706,     62.9080,      3.4953,      0.0143,     -0.0173,      0.0248,      0.1337,      5.6139,     11.2278,      1.1811,     28.9580,     57.9159,      0.0193,      0.0004,      0.0008,      0.2070,   7842.3364,-419876.9062,   -910.1520,    554.1923,  26141.1211,
       1,     169,     164,       9,       1,       3,       1,     10.0000,      1.4056,     42.6810,    249.9706,     62.9080,      3.4953,      0.1381,      0.1059,      7.3742,      0.1507,      5.6139,     11.2278,      1.3320,     28.9580,     57.9159,      0.0193,      0.0005,      0.1773,      0.2070,   7842.3364,-419273.5938,   -910.1135,    554.2339,  26141.1211,
       1,     169,     164,      10,       1,       3,       1,     10.0000,      1.4056,     42.6810,    249.9706,     62.9080,      3.4953,      0.1815,      0.1490,      6.9308,      0.1604,      5.6139,     11.2278,      1.4177,     28.9580,     57.9159,      0.0193,      0.0004,      0.2398,      0.2070,   7842.3364,-428246.7500,   -912.3145,    553.6123,  26141.1211,
       1,     169,     164,      11,       1,       3,       1,     10.0000,      1.4056,     42.6810,    249.9706,     62.9080,      3.4953,      0.1885,      0.1555,      6.8499,      0.1717,      5.6139,     11.2278,      1.5175,     28.9580,     57.9159,      0.0193,      0.0003,      0.2500,      0.2070,   7842.3364,-428466.3750,   -913.5263,    553.5975,  26141.1191,
       1,     169,     164,      12,       1,       3,       1,     10.0000,      1.4056,     42.6810,    249.9706,     62.9080,      3.4953,      0.1883,      0.1543,      8.4764,      0.2067,      5.6139,     11.2278,      1.8268,     28.9580,     57.9159,      0.0193,      0.0004,      0.2500,      0.2070,   7842.3359,-428385.5312,   -913.5327,    553.6031,  26141.1230,
       1,     169,     164,      13,       1,       3,       1,     10.0000,      1.4056,     42.6810,    249.9706,     62.9080,      3.4953,      0.1883,      0.1538,      9.2478,      0.2230,      5.6139,     11.2278,      1.9705,     28.9580,     57.9159,      0.0193,      0.0005,      0.2500,      0.2070,   7842.3374,-430375.6250,   -915.8120,    553.4654,  26141.1230,
       1,     169,     164,      14,       1,       3,       1,     10.0000,      1.4056,     42.6810,    249.9706,     62.9080,      3.4953,      0.1893,      0.1542,     23.9971,      0.2481,      5.6139,     11.2278,      2.1920,     28.9580,     57.9159,      0.0193,      0.0012,      0.2500,      0.2070,   7842.3374,-431492.0625,   -918.0806,    553.3881,  26141.1230,
       1,     169,     164,      15,       1,       3,       1,     10.0000,      1.4056,     42.6810,    249.9706,     62.9080,      3.4953,      0.1898,      0.1557,     27.2565,      0.2094,      5.6139,     11.2278,      1.8503,     28.9580,     57.9159,      0.0193,      0.0013,      0.2500,      0.2070,   7842.3374,-449700.8125,   -923.0523,    552.1286,  26141.1211,
       1,     169,     164,      16,       1,       3,       1,     10.0000,      1.4056,     42.6810,    249.9706,     62.9080,      3.4953,      0.1903,      0.1563,     32.8788,      0.2059,      5.6139,     11.2278,      1.8196,     28.9580,     57.9159,      0.0193,      0.0016,      0.2500,      0.2070,   7842.3364,-455256.2500,   -925.4712,    551.7466,  26141.1230,
       1,     169,     164,      17,       1,       3,       1,     10.0000,      1.4056,     42.6810,    249.9706,     62.9080,      3.4953,      0.1818,      0.1478,     72.3564,      0.2073,      5.6139,     11.2278,      1.8322,     28.9580,     57.9159,      0.0193,      0.0038,      0.2332,      0.2069,   7842.3374,-462633.4375,   -927.9815,    551.2379,  26141.1211,
       1,     169,     164,      18,       1,       3,       1,     10.0000,      1.4056,     42.6810,    249.9706,     62.9080,      3.4953,      0.1768,      0.1434,     82.9968,      0.1889,      5.6139,     11.2278,      1.6696,     28.9580,     57.9159,      0.0193,      0.0045,      0.2246,      0.2069,   7842.3364,-511765.3125,   -938.1127,    547.8528,  26141.1211,
       1,     169,     164,      19,       1,       3,       1,     10.0000,      1.4056,     42.6810,    249.9706,     62.9080,      3.4953,      0.1303,      0.0966,     85.6920,      0.1958,      5.6139,     11.2278,      1.7302,     28.9580,     57.9159,      0.0193,      0.0067,      0.1568,      0.2069,   7842.3364,-529046.1875,   -942.3135,    546.6797,  26141.1230,
       1,     169,     164,      20,       1,       3,       1,     10.0000,      1.4056,     42.6810,    249.9706,     62.9080,      3.4953,      0.0402,      0.0072,     13.3405,      0.1736,      5.6139,     11.2278,      1.5342,     28.9580,     57.9159,      0.0193,      0.0046,      0.0350,      0.2069,   7842.3374,-533815.5625,   -944.0781,    546.3551,  26141.1211,
       1,     169,     164,      21,       1,       3,       1,     10.0000,      1.4056,     42.6810,    249.9706,     62.9080,      3.4953,      0.0001,     -0.0323,      4.6880,      0.1565,      5.6139,     11.2278,      1.3825,     28.9580,     57.9159,      0.0193,      0.0037,      0.0156,      0.2069,   7842.3364,-445223.2812,   -927.6921,    552.4055,  26141.1211,
       1,     169,     164,      22,       1,       3,       1,     10.0000,      1.4056,     42.6810,    249.9706,     62.9080,      3.4953,      0.0000,     -0.0324,      5.4217,      0.1561,      5.6139,     11.2278,      1.3798,     28.9580,     57.9159,      0.0193,      0.0042,      0.0156,      0.2070,   7842.3364,-427192.8438,   -924.3940,    553.6841,  26141.1230,
       1,     169,     164,      23,       1,       3,       1,     10.0000,      1.4056,     42.6810,    249.9706,     62.9080,      3.4953,      0.0000,     -0.0321,      4.1377,      0.1470,      5.6139,     11.2278,      1.2989,     28.9580,     57.9159,      0.0193,      0.0032,      0.0156,      0.2070,   7842.3374,-426524.7188,   -924.4058,    553.7319,  26141.1211,
       1,     169,     164,      24,       1,       3,       1,     10.0000,      1.4056,     42.6810,    249.9706,     62.9080,      3.4953,      0.0000,     -0.0318,      4.7371,      0.1410,      5.6139,     11.2278,      1.2462,     28.9580,     57.9159,      0.0193,      0.0037,      0.0156,      0.2070,   7842.3364,-424889.3750,   -924.2128,    553.8451,  26141.1230,
       1,     169,     165,       1,       1,       3,       1,     10.0000,      1.4056,     42.6814,    249.9765,     62.9095,      3.4953,      0.0000,     -0.0316,      3.5119,      0.1350,      5.6140,     11.2281,      1.1931,     28.9673,     57.9346,      0.0193,      0.0027,      0.0156,      0.2070,   7842.3374,-425641.3750,   -924.7424,    553.8061,  26142.2930,
       1,     169,     165,       2,       1,       3,       1,     10.0000,      1.4056,     42.6814,    249.9765,     62.9095,      3.4953,      0.0000,     -0.0316,      2.1075,      0.1342,      5.6140,     11.2281,      1.1859,     28.9673,     57.9346,      0.0193,      0.0016,      0.0156,      0.2070,   7842.6880,-424048.3125,   -924.2424,    553.9164,  26142.2949,
       1,     169,     165,       3,       1,       3,       1,     10.0000,      1.4056,     42.6814,    249.9765,     62.9095,      3.4953,      0.0000,     -0.0315,      1.5841,      0.1331,      5.6140,     11.2281,      1.1763,     28.9673,     57.9346,      0.0193,      0.0012,      0.0156,      0.2070,   7842.6890,-422188.3125,   -923.9229,    554.0451,  26142.2930,
       1,     169,     165,       4,       1,       3,       1,     10.0000,      1.4056,     42.6814,    249.9765,     62.9095,      3.4953,      0.0000,     -0.0315,      0.8707,      0.1316,      5.6140,     11.2281,      1.1632,     28.9673,     57.9346,      0.0193,      0.0007,      0.0156,      0.2070,   7842.6880,-421387.8750,   -923.8011,    554.1006,  26142.2930,
       1,     169,     165,       5,       1,       3,       1,     10.0000,      1.4056,     42.6814,    249.9765,     62.9095,      3.4953,      0.0000,     -0.0314,      0.5109,      0.1298,      5.6140,     11.2281,      1.1468,     28.9673,     57.9346,      0.0193,      0.0004,      0.0156,      0.2070,   7842.6880,-420443.7500,   -923.6335,    554.1661,  26142.2930,
       1,     169,     165,       6,       1,       3,       1,     10.0000,      1.4056,     42.6814,    249.9765,     62.9095,      3.4953,      0.0000,     -0.0315,      0.3646,      0.1316,      5.6140,     11.2281,      1.1632,     28.9673,     57.9346,      0.0193,      0.0003,      0.0156,      0.2070,   7842.6880,-419921.6250,   -923.5396,    554.2022,  26142.2910,
       1,     169,     165,       7,       1,       3,       1,     10.0000,      1.4056,     42.6814,    249.9765,     62.9095,      3.4953,      0.0001,     -0.0314,      0.4189,      0.1316,      5.6140,     11.2281,      1.1632,     28.9673,     57.9346,      0.0193,      0.0003,      0.0156,      0.2070,   7842.6875,-419697.8750,   -923.5004,    554.2177,  26142.2930,
       1,     169,     165,       8,       1,       3,       1,     10.0000,      1.4056,     42.6814,    249.9765,     62.9095,      3.4953,      0.0358,      0.0044,      0.7443,      0.1289,      5.6140,     11.2281,      1.1387,     28.9673,     57.9346,      0.0193,      0.0003,      0.0317,      0.2070,   7842.6880,-419745.3438,   -923.5125,    554.2144,  26142.2930,
       1,     169,     165,       9,       1,       3,       1,     10.0000,      1.4056,     42.6814,    249.9765,     62.9095,      3.4953,      0.1406,      0.1087,      4.1171,      0.1439,      5.6140,     11.2281,      1.2717,     28.9673,     57.9346,      0.0193,      0.0003,      0.1813,      0.2070,   7842.6880,-420148.8125,   -923.6143,    554.1865,  26142.2949,
       1,     169,     165,      10,       1,       3,       1,     10.0000,      1.4056,     42.6814,    249.9765,     62.9095,      3.4953,      0.1763,      0.1438,      5.7699,      0.1576,      5.6140,     11.2281,      1.3923,     28.9673,     57.9346,      0.0193,      0.0003,      0.2324,      0.2070,   7842.6890,-424324.0000,   -924.5090,    553.8972,  26142.2930,
       1,     169,     165,      11,       1,       3,       1,     10.0000,      1.4056,     42.6814,    249.9765,     62.9095,      3.4953,      0.1884,      0.1551,      7.3616,      0.1829,      5.6140,     11.2281,      1.6158,     28.9673,     57.9346,      0.0193,      0.0004,      0.2500,      0.2070,   7842.6880,-426708.9375,   -925.1323,    553.7322,  26142.2949,
       1,     169,     165,      12,       1,       3,       1,     10.0000,      1.4056,     42.6814,    249.9765,     62.9095,      3.4953,      0.1684,      0.1344,      7.4786,      0.2063,      5.6140,     11.2281,      1.8232,     28.9673,     57.9346,      0.0193,      0.0004,      0.2211,      0.2070,   7842.6890,-428865.8438,   -925.7178,    553.5829,  26142.2930,
       1,     169,     165,      13,       1,       3,       1,     10.0000,      1.4056,     42.6814,    249.9765,     62.9095,      3.4953,      0.1868,      0.1517,     10.2019,      0.2447,      5.6140,     11.2281,      2.1623,     28.9673,     57.9346,      0.0193,      0.0005,      0.2478,      0.2070,   7842.6880,-429193.0938,   -925.8799,    553.5603,  26142.2930,
       1,     169,     165,      14,       1,       3,       1,     10.0000,      1.4056,     42.6814,    249.9765,     62.9095,      3.4953,      0.1795,      0.1444,     18.9728,      0.2447,      5.6140,     11.2281,      2.1623,     28.9673,     57.9346,      0.0193,      0.0010,      0.2362,      0.2070,   7842.6880,-432564.8125,   -926.6603,    553.3270,  26142.2949,
       1,     169,     165,      15,       1,       3,       1,     10.0000,      1.4056,     42.6814,    249.9765,     62.9095,      3.4953,      0.1899,      0.1548,     31.3493,      0.2464,      5.6140,     11.2281,      2.1771,     28.9673,     57.9346,      0.0193,      0.0015,      0.2500,      0.2070,   7842.6890,-443621.8125,   -928.9103,    552.5622,  26142.2949,
       1,     169,     165,      16,       1,       3,       1,     10.0000,      1.4056,     42.6814,    249.9765,     62.9095,      3.4953,      0.1835,      0.1480,     62.7836,      0.2619,      5.6140,     11.2281,      2.3146,     28.9673,     57.9346,      0.0193,      0.0032,      0.2372,      0.2070,   7842.6890,-459763.5625,   -932.1880,    551.4479,  26142.2949,
       1,     169,     165,      17,       1,       3,       1,     10.0000,      1.4056,     42.6814,    249.9765,     62.9095,      3.4953,      0.1632,      0.1277,     84.9717,      0.2627,      5.6140,     11.2281,      2.3214,     28.9673,     57.9346,      0.0193,      0.0051,      0.2049,      0.2070,   7842.6890,-499752.7812,   -940.1693,    548.6925,  26142.2949,
       1,     169,     165,      18,       1,       3,       1,     10.0000,      1.4056,     42.6814,    249.9765,     62.9095,      3.4953,      0.1221,      0.0873,     87.0902,      0.2369,      5.6140,     11.2281,      2.0938,     28.9673,     57.9346,      0.0193,      0.0073,      0.1445,      0.2069,   7842.6890,-530437.5000,   -946.4915,    546.5948,  26142.2930,
       1,     169,     165,      19,       1,       3,       1,     10.0000,      1.4056,     42.6814,    249.9765,     62.9095,      3.4953,      0.1048,      0.0706,     69.4950,      0.2136,      5.6140,     11.2281,      1.8871,     28.9673,     57.9346,      0.0193,      0.0070,      0.1214,      0.2069,   7842.6880,-535646.2500,   -947.9438,    546.2429,  26142.2910,
       1,     169,     165,      20,       1,       3,       1,     10.0000,      1.4056,     42.6814,    249.9765,     62.9095,      3.4953,      0.0263,     -0.0072,      8.3014,      0.1901,      5.6140,     11.2281,      1.6796,     28.9673,     57.9346,      0.0193,      0.0068,      0.0149,      0.2069,   7842.6875,-514442.0938,   -944.2073,    547.6909,  26142.2910,
       1,     169,     165,      21,       1,       3,       1,     10.0000,      1.4056,     42.6814,    249.9765,     62.9095,      3.4953,      0.0001,     -0.0330,      8.5821,      0.1769,      5.6140,     11.2281,      1.5636,     28.9673,     57.9346,      0.0193,      0.0067,      0.0156,      0.2069,   7842.6875,-437414.6250,   -929.3455,    552.9662,  26142.2910,
       1,     169,     165,      22,       1,       3,       1,     10.0000,      1.4056,     42.6814,    249.9765,     62.9095,      3.4953,      0.0000,     -0.0329,      8.6121,      0.1710,      5.6140,     11.2281,      1.5114,     28.9673,     57.9346,      0.0193,      0.0067,      0.0156,      0.2070,   7842.6875,-431305.7812,   -928.1406,    553.4139,  26142.2930,
       1,     169,     165,      23,       1,       3,       1,     10.0000,      1.4056,     42.6814,    249.9765,     62.9095,      3.4953,      0.0000,     -0.0326,      6.8316,      0.1625,      5.6140,     11.2281,      1.4363,     28.9673,     57.9346,      0.0193,      0.0053,      0.0156,      0.2070,   7842.6880,-430792.5938,   -928.0084,    553.4496,  26142.2910,
       1,     169,     165,      24,       1,       3,       1,     10.0000,      1.4056,     42.6814,    249.9765,     62.9095,      3.4953,      0.0000,     -0.0324,      5.9916,      0.1565,      5.6140,     11.2281,      1.3826,     28.9673,     57.9346,      0.0193,      0.0047,      0.0156,      0.2070,   7842.6875,-428562.5938,   -927.5654,    553.6039,  26142.2891,
       1,     169,     166,       1,       1,       3,       1,     10.0000,      1.4057,     42.6817,    249.9823,     62.9109,      3.4953,      0.0000,     -0.0323,      4.8398,      0.1546,      5.6140,     11.2281,      1.3660,     28.9732,     57.9463,      0.0193,      0.0038,      0.0156,      0.2070,   7842.6870,-427496.0000,   -927.6397,    553.6907,  26143.4590,
       1,     169,     166,       2,       1,       3,       1,     10.0000,      1.4057,     42.6817,    249.9823,     62.9109,      3.4953,      0.0000,     -0.0323,      3.5306,      0.1530,      5.6140,     11.2281,      1.3524,     28.9732,     57.9463,      0.0193,      0.0028,      0.0156,      0.2070,   7843.0381,-425838.7500,   -927.0339,    553.8053,  26143.4609,
       1,     169,     166,       3,       1,       3,       1,     10.0000,      1.4057,     42.6817,    249.9823,     62.9109,      3.4953,      0.0000,     -0.0322,      2.9258,      0.1498,      5.6140,     11.2281,      1.3241,     28.9732,     57.9463,      0.0193,      0.0023,      0.0156,      0.2070,   7843.0386,-424090.5000,   -926.6851,    553.9264,  26143.4590,
       1,     169,     166,       4,       1,       3,       1,     10.0000,      1.4057,     42.6817,    249.9823,     62.9109,      3.4953,      0.0000,     -0.0321,      2.3079,      0.1491,      5.6140,     11.2281,      1.3174,     28.9732,     57.9463,      0.0193,      0.0018,      0.0156,      0.2070,   7843.0381,-423199.5000,   -926.5041,    553.9880,  26143.4590,
       1,     169,     166,       5,       1,       3,       1,     10.0000,      1.4057,     42.6817,    249.9823,     62.9109,      3.4953,      0.0000,     -0.0320,      1.5663,      0.1442,      5.6140,     11.2281,      1.2743,     28.9732,     57.9463,      0.0193,      0.0012,      0.0156,      0.2070,   7843.0381,-422365.2188,   -926.3345,    554.0459,  26143.4590,
       1,     169,     166,       6,       1,       3,       1,     10.0000,      1.4057,     42.6817,    249.9823,     62.9109,      3.4953,      0.0000,     -0.0319,      1.4452,      0.1419,      5.6140,     11.2281,      1.2538,     28.9732,     57.9463,      0.0193,      0.0011,      0.0156,      0.2070,   7843.0381,-421383.8125,   -926.1404,    554.1138,  26143.4590,
       1,     169,     166,       7,       1,       3,       1,     10.0000,      1.4057,     42.6817,    249.9823,     62.9109,      3.4953,      0.0000,     -0.0317,      1.3871,      0.1385,      5.6140,     11.2281,      1.2238,     28.9732,     57.9463,      0.0193,      0.0011,      0.0156,      0.2070,   7843.0381,-421151.6562,   -926.0920,    554.1299,  26143.4570,
       1,     169,     166,       8,       1,       3,       1,     10.0000,      1.4057,     42.6817,    249.9823,     62.9109,      3.4953,      0.0227,     -0.0092,      1.0829,      0.1403,      5.6140,     11.2281,      1.2400,     28.9732,     57.9463,      0.0193,      0.0011,      0.0124,      0.2070,   7843.0376,-421060.8125,   -926.0712,    554.1362,  26143.4590,
       1,     169,     166,       9,       1,       3,       1,     10.0000,      1.4057,     42.6817,    249.9823,     62.9109,      3.4953,      0.0890,      0.0565,      6.9937,      0.1577,      5.6140,     11.2281,      1.3937,     28.9732,     57.9463,      0.0193,      0.0008,      0.1065,      0.2070,   7843.0381,-420679.5938,   -925.9857,    554.1627,  26143.4590,
       1,     169,     166,      10,       1,       3,       1,     10.0000,      1.4057,     42.6817,    249.9823,     62.9109,      3.4953,      0.1545,      0.1220,     11.8303,      0.1596,      5.6140,     11.2281,      1.4106,     28.9732,     57.9463,      0.0193,      0.0007,      0.2003,      0.2070,   7843.0381,-427903.3125,   -927.3899,    553.6622,  26143.4570,
       1,     169,     166,      11,       1,       3,       1,     10.0000,      1.4057,     42.6817,    249.9823,     62.9109,      3.4953,      0.1889,      0.1549,     14.7925,      0.2055,      5.6140,     11.2281,      1.8161,     28.9732,     57.9463,      0.0193,      0.0007,      0.2500,      0.2070,   7843.0376,-434456.5625,   -928.6528,    553.2089,  26143.4590,
       1,     169,     166,      12,       1,       3,       1,     10.0000,      1.4057,     42.6817,    249.9823,     62.9109,      3.4953,      0.1867,      0.1521,     12.2119,      0.2283,      5.6140,     11.2281,      2.0174,     28.9732,     57.9463,      0.0193,      0.0006,      0.2473,      0.2070,   7843.0381,-438650.7812,   -929.3844,    552.9191,  26143.4609,
       1,     169,     166,      13,       1,       3,       1,     10.0000,      1.4057,     42.6817,    249.9823,     62.9109,      3.4953,      0.1811,      0.1454,     12.1921,      0.2699,      5.6140,     11.2281,      2.3853,     28.9732,     57.9463,      0.0193,      0.0006,      0.2394,      0.2070,   7843.0386,-435838.1562,   -928.7438,    553.1136,  26143.4590,
       1,     169,     166,      14,       1,       3,       1,     10.0000,      1.4057,     42.6817,    249.9823,     62.9109,      3.4953,      0.1716,      0.1353,     35.5800,      0.2927,      5.6140,     11.2281,      2.5868,     28.9732,     57.9463,      0.0193,      0.0019,      0.2229,      0.2070,   7843.0381,-435574.9375,   -928.5495,    553.1317,  26143.4590,
       1,     169,     166,      15,       1,       3,       1,     10.0000,      1.4057,     42.6817,    249.9823,     62.9109,      3.4953,      0.1460,      0.1098,     33.7044,      0.2925,      5.6140,     11.2281,      2.5844,     28.9732,     57.9463,      0.0193,      0.0022,      0.1855,      0.2070,   7843.0381,-464270.5000,   -934.1243,    551.1477,  26143.4590,
       1,     169,     166,      16,       1,       3,       1,     10.0000,      1.4057,     42.6817,    249.9823,     62.9109,      3.4953,      0.1656,      0.1296,     91.6320,      0.2825,      5.6140,     11.2281,      2.4962,     28.9732,     57.9463,      0.0193,      0.0054,      0.2077,      0.2070,   7843.0381,-464413.3125,   -934.2247,    551.1414,  26143.4570,
       1,     169,     166,      17,       1,       3,       1,     10.0000,      1.4057,     42.6817,    249.9823,     62.9109,      3.4953,      0.1404,      0.1057,     81.5933,      0.2317,      5.6140,     11.2281,      2.0473,     28.9732,     57.9463,      0.0193,      0.0058,      0.1718,      0.2070,   7843.0376,-535580.4375,   -948.3964,    546.2386,  26143.4590,
       1,     169,     166,      18,       1,       3,       1,     10.0000,      1.4057,     42.6817,    249.9823,     62.9109,      3.4953,      0.1644,      0.1302,    123.6162,      0.2131,      5.6140,     11.2281,      1.8835,     28.9732,     57.9463,      0.0193,      0.0075,      0.2020,      0.2069,   7843.0381,-529333.4375,   -947.4625,    546.6868,  26143.4590,
       1,     169,     166,      19,       1,       3,       1,     10.0000,      1.4057,     42.6817,    249.9823,     62.9109,      3.4953,      0.1173,      0.0836,     92.0447,      0.1976,      5.6140,     11.2281,      1.7457,     28.9732,     57.9463,      0.0193,      0.0082,      0.1373,      0.2069,   7843.0381,-580452.0625,   -957.9222,    543.1938,  26143.4590,
       1,     169,     166,      20,       1,       3,       1,     10.0000,      1.4057,     42.6817,    249.9823,     62.9109,      3.4953,      0.0229,     -0.0104,      6.7804,      0.1818,      5.6140,     11.2281,      1.6062,     28.9732,     57.9463,      0.0193,      0.0080,      0.0103,      0.2068,   7843.0381,-545961.1875,   -951.5038,    545.5468,  26143.4551,
       1,     169,     166,      21,       1,       3,       1,     10.0000,      1.4057,     42.6817,    249.9823,     62.9109,      3.4953,      0.0001,     -0.0327,      9.4494,      0.1682,      5.6140,     11.2281,      1.4860,     28.9732,     57.9463,      0.0193,      0.0074,      0.0156,      0.2069,   7843.0366,-438170.9375,   -930.2053,    552.9025,  26143.4551,
       1,     169,     166,      22,       1,       3,       1,     10.0000,      1.4057,     42.6817,    249.9823,     62.9109,      3.4953,      0.0000,     -0.0328,      7.2840,      0.1672,      5.6140,     11.2281,      1.4771,     28.9732,     57.9463,      0.0193,      0.0057,      0.0156,      0.2070,   7843.0366,-432467.0000,   -929.0159,    553.3465,  26143.4570,
       1,     169,     166,      23,       1,       3,       1,     10.0000,      1.4057,     42.6817,    249.9823,     62.9109,      3.4953,      0.0000,     -0.0325,      5.9764,      0.1584,      5.6140,     11.2281,      1.3994,     28.9732,     57.9463,      0.0193,      0.0047,      0.0156,      0.2070,   7843.0376,-429262.5625,   -928.3238,    553.5683,  26143.4590,
       1,     169,     166,      24,       1,       3,       1,     10.0000,      1.4057,     42.6817,    249.9823,     62.9109,      3.4953,      0.0000,     -0.0323,      4.9400,      0.1526,      5.6140,     11.2281,      1.3483,     28.9732,     57.9463,      0.0193,      0.0039,      0.0156,      0.2070,   7843.0381,-427384.5000,   -927.9161,    553.6984,  26143.4570,
       1,     169,     167,       1,       1,       3,       1,     10.0000,      1.4057,     42.6820,    249.9882,     62.9124,      3.4953,      0.0000,     -0.0323,      3.6646,      0.1547,      5.6145,     11.2290,      1.3674,     28.9761,     57.9521,      0.0193,      0.0029,      0.0156,      0.2071,   7843.0376,-426107.6875,   -927.9396,    553.7999,  26144.6289,
       1,     169,     167,       2,       1,       3,       1,     10.0000,      1.4057,     42.6820,    249.9882,     62.9124,      3.4953,      0.0000,     -0.0323,      2.4769,      0.1529,      5.6145,     11.2290,      1.3510,     28.9761,     57.9521,      0.0193,      0.0019,      0.0156,      0.2071,   7843.3892,-424280.5625,   -927.2858,    553.9263,  26144.6289,
       1,     169,     167,       3,       1,       3,       1,     10.0000,      1.4057,     42.6820,    249.9882,     62.9124,      3.4953,      0.0000,     -0.0322,      2.2317,      0.1508,      5.6145,     11.2290,      1.3321,     28.9761,     57.9521,      0.0193,      0.0017,      0.0156,      0.2071,   7843.3892,-422667.5000,   -926.9567,    554.0380,  26144.6289,
       1,     169,     167,       4,       1,       3,       1,     10.0000,      1.4057,     42.6820,    249.9882,     62.9124,      3.4953,      0.0000,     -0.0320,      1.1793,      0.1452,      5.6145,     11.2290,      1.2834,     28.9761,     57.9521,      0.0193,      0.0009,      0.0156,      0.2071,   7843.3892,-422229.2500,   -926.8557,    554.0684,  26144.6289,
       1,     169,     167,       5,       1,       3,       1,     10.0000,      1.4057,     42.6820,    249.9882,     62.9124,      3.4953,      0.0000,     -0.0318,      0.7877,      0.1403,      5.6145,     11.2290,      1.2400,     28.9761,     57.9521,      0.0193,      0.0006,      0.0156,      0.2071,   7843.3892,-420900.1562,   -926.5897,    554.1604,  26144.6309,
       1,     169,     167,       6,       1,       3,       1,     10.0000,      1.4057,     42.6820,    249.9882,     62.9124,      3.4953,      0.0000,     -0.0320,      0.9088,      0.1445,      5.6145,     11.2290,      1.2769,     28.9761,     57.9521,      0.0193,      0.0007,      0.0156,      0.2071,   7843.3896,-420306.3438,   -926.4700,    554.2015,  26144.6309,
       1,     169,     167,       7,       1,       3,       1,     10.0000,      1.4057,     42.6820,    249.9882,     62.9124,      3.4953,      0.0000,     -0.0317,      0.7430,      0.1378,      5.6145,     11.2290,      1.2176,     28.9761,     57.9521,      0.0193,      0.0006,      0.0156,      0.2071,   7843.3896,-420404.4688,   -927.0412,    554.1947,  26144.6309,
       1,     169,     167,       8,       1,       3,       1,     10.0000,      1.4057,     42.6820,    249.9882,     62.9124,      3.4953,      0.0220,     -0.0097,      0.4396,      0.1363,      5.6145,     11.2290,      1.2041,     28.9761,     57.9521,      0.0193,      0.0005,      0.0117,      0.2071,   7843.3896,-420209.3125,   -927.5329,    554.2083,  26144.6270,
       1,     169,     167,       9,       1,       3,       1,     10.0000,      1.4057,     42.6820,    249.9882,     62.9124,      3.4953,      0.1359,      0.1035,     10.9119,      0.1544,      5.6145,     11.2290,      1.3647,     28.9761,     57.9521,      0.0193,      0.0008,      0.1736,      0.2071,   7843.3882,-419820.6875,   -927.4469,    554.2352,  26144.6289,
       1,     169,     167,      10,       1,       3,       1,     10.0000,      1.4057,     42.6820,    249.9882,     62.9124,      3.4953,      0.1646,      0.1315,     16.3112,      0.1787,      5.6145,     11.2290,      1.5793,     28.9761,     57.9521,      0.0193,      0.0009,      0.2145,      0.2071,   7843.3892,-432641.7812,   -929.9204,    553.3470,  26144.6289,
       1,     169,     167,      11,       1,       3,       1,     10.0000,      1.4057,     42.6820,    249.9882,     62.9124,      3.4953,      0.1849,      0.1516,     14.7481,      0.1858,      5.6145,     11.2290,      1.6417,     28.9761,     57.9521,      0.0193,      0.0007,      0.2441,      0.2070,   7843.3892,-440362.4375,   -931.3333,    552.8136,  26144.6289,
       1,     169,     167,      12,       1,       3,       1,     10.0000,      1.4057,     42.6820,    249.9882,     62.9124,      3.4953,      0.1810,      0.1462,     10.7300,      0.2340,      5.6145,     11.2290,      2.0675,     28.9761,     57.9521,      0.0193,      0.0005,      0.2392,      0.2070,   7843.3892,-439099.0625,   -930.9819,    552.9012,  26144.6309,
       1,     169,     167,      13,       1,       3,       1,     10.0000,      1.4057,     42.6820,    249.9882,     62.9124,      3.4953,      0.1787,      0.1437,     10.6897,      0.2416,      5.6145,     11.2290,      2.1352,     28.9761,     57.9521,      0.0193,      0.0006,      0.2359,      0.2070,   7843.3896,-434057.9062,   -929.7418,    553.2496,  26144.6289,
       1,     169,     167,      14,       1,       3,       1,     10.0000,      1.4057,     42.6820,    249.9882,     62.9124,      3.4953,      0.1860,      0.1511,     22.9872,      0.2391,      5.6145,     11.2290,      2.1124,     28.9761,     57.9521,      0.0193,      0.0011,      0.2452,      0.2070,   7843.3892,-433580.6875,   -929.4797,    553.2827,  26144.6289,
       1,     169,     167,      15,       1,       3,       1,     10.0000,      1.4057,     42.6820,    249.9882,     62.9124,      3.4953,      0.1849,      0.1499,     50.6511,      0.2440,      5.6145,     11.2290,      2.1561,     28.9761,     57.9521,      0.0193,      0.0026,      0.2405,      0.2070,   7843.3892,-448637.7812,   -932.2990,    552.2414,  26144.6309,
       1,     169,     167,      16,       1,       3,       1,     10.0000,      1.4057,     42.6820,    249.9882,     62.9124,      3.4953,      0.1898,      0.1549,     71.9102,      0.2379,      5.6145,     11.2290,      2.1021,     28.9761,     57.9521,      0.0193,      0.0036,      0.2451,      0.2070,   7843.3896,-483890.0000,   -939.2786,    549.8089,  26144.6289,
       1,     169,     167,      17,       1,       3,       1,     10.0000,      1.4057,     42.6820,    249.9882,     62.9124,      3.4953,      0.1711,      0.1365,    104.1281,      0.2294,      5.6145,     11.2290,      2.0274,     28.9761,     57.9521,      0.0193,      0.0059,      0.2142,      0.2070,   7843.3892,-513015.1562,   -945.1818,    547.8126,  26144.6289,
       1,     169,     167,      18,       1,       3,       1,     10.0000,      1.4057,     42.6820,    249.9882,     62.9124,      3.4953,      0.1608,      0.1262,     98.0752,      0.2272,      5.6145,     11.2290,      2.0076,     28.9761,     57.9521,      0.0193,      0.0060,      0.1997,      0.2070,   7843.3892,-555089.3125,   -953.8689,    544.9351,  26144.6270,
       1,     169,     167,      19,       1,       3,       1,     10.0000,      1.4057,     42.6820,    249.9882,     62.9124,      3.4953,      0.1014,      0.0677,     53.5176,      0.1943,      5.6145,     11.2290,      1.7167,     28.9761,     57.9521,      0.0193,      0.0055,      0.1185,      0.2069,   7843.3882,-551226.2500,   -953.4575,    545.2057,  26144.6270,
       1,     169,     167,      20,       1,       3,       1,     10.0000,      1.4057,     42.6820,    249.9882,     62.9124,      3.4953,      0.0152,     -0.0171,      0.4736,      0.1540,      5.6145,     11.2290,      1.3606,     28.9761,     57.9521,      0.0193,      0.0049,      0.0012,      0.2069,   7843.3882,-496086.3750,   -944.8491,    548.9637,  26144.6270,
       1,     169,     167,      21,       1,       3,       1,     10.0000,      1.4057,     42.6820,    249.9882,     62.9124,      3.4953,      0.0000,     -0.0317,      5.4411,      0.1372,      5.6145,     11.2290,      1.2127,     28.9761,     57.9521,      0.0193,      0.0043,      0.0156,      0.2070,   7843.3882,-426276.6250,   -932.7418,    553.7670,  26144.6250,
       1,     169,     167,      22,       1,       3,       1,     10.0000,      1.4057,     42.6820,    249.9882,     62.9124,      3.4953,      0.0000,     -0.0315,      5.8499,      0.1330,      5.6145,     11.2290,      1.1752,     28.9761,     57.9521,      0.0193,      0.0046,      0.0156,      0.2071,   7843.3877,-426502.3125,   -915.2253,    553.7725,  26144.6348,
       1,     169,     167,      23,       1,       3,       1,     10.0000,      1.4057,     42.6820,    249.9882,     62.9124,      3.4953,      0.0000,     -0.0315,      5.7993,      0.1323,      5.6145,     11.2290,      1.1692,     28.9761,     57.9521,      0.0193,      0.0045,      0.0156,      0.2071,   7843.3906,-426996.0938,   -912.2625,    553.7383,  26144.6309,
       1,     169,     167,      24,       1,       3,       1,     10.0000,      1.4057,     42.6820,    249.9882,     62.9124,      3.4953,      0.0000,     -0.0315,      3.9274,      0.1326,      5.6145,     11.2290,      1.1716,     28.9761,     57.9521,      0.0193,      0.0031,      0.0156,      0.2071,   7843.3896,-426976.4688,   -912.8575,    553.7397,  26144.6309,
       1,     169,     168,       1,       1,       3,       1,     10.0000,      1.4057,     42.6824,    249.9941,     62.9139,      3.4953,      0.0000,     -0.0315,      0.7726,      0.1318,      5.6145,     11.2290,      1.1645,     28.9822,     57.9644,      0.0193,      0.0006,      0.0156,      0.2071,   7843.3896,-424831.5000,   -913.0323,    553.9011,  26145.8047,
       1,     169,     168,       2,       1,       3,       1,     10.0000,      1.4057,     42.6824,    249.9941,     62.9139,      3.4953,      0.0000,     -0.0315,      0.3308,      0.1319,      5.6145,     11.2290,      1.1657,     28.9822,     57.9644,      0.0193,      0.0003,      0.0156,      0.2071,   7843.7417,-420624.2188,   -912.0695,    554.1924,  26145.8027,
       1,     169,     168,       3,       1,       3,       1,     10.0000,      1.4057,     42.6824,    249.9941,     62.9139,      3.4953,      0.0000,     -0.0314,      0.3102,      0.1298,      5.6145,     11.2290,      1.1469,     28.9822,     57.9644,      0.0193,      0.0002,      0.0156,      0.2071,   7843.7412,-419724.6250,   -911.9109,    554.2548,  26145.8027,
       1,     169,     168,       4,       1,       3,       1,     10.0000,      1.4057,     42.6824,    249.9941,     62.9139,      3.4953,      0.0000,     -0.0314,      0.3080,      0.1290,      5.6145,     11.2290,      1.1399,     28.9822,     57.9644,      0.0193,      0.0002,      0.0156,      0.2071,   7843.7412,-419622.7500,   -911.8942,    554.2618,  26145.8027,
       1,     169,     168,       5,       1,       3,       1,     10.0000,      1.4057,     42.6824,    249.9941,     62.9139,      3.4953,      0.0000,     -0.0315,      0.3120,      0.1304,      5.6145,     11.2290,      1.1527,     28.9822,     57.9644,      0.0193,      0.0002,      0.0156,      0.2071,   7843.7412,-419611.5000,   -911.8939,    554.2626,  26145.8027,
       1,     169,     168,       6,       1,       3,       1,     10.0000,      1.4057,     42.6824,    249.9941,     62.9139,      3.4953,      0.0000,     -0.0314,      0.3235,      0.1302,      5.6145,     11.2290,      1.1504,     28.9822,     57.9644,      0.0193,      0.0003,      0.0156,      0.2071,   7843.7412,-419615.3750,   -911.8960,    554.2623,  26145.8008,
       1,     169,     168,       7,       1,       3,       1,     10.0000,      1.4057,     42.6824,    249.9941,     62.9139,      3.4953,      0.0000,     -0.0314,      0.3127,      0.1307,      5.6145,     11.2290,      1.1551,     28.9822,     57.9644,      0.0193,      0.0002,      0.0156,      0.2071,   7843.7407,-419630.2812,   -911.9022,    554.2613,  26145.8027,
       1,     169,     168,       8,       1,       3,       1,     10.0000,      1.4057,     42.6824,    249.9941,     62.9139,      3.4953,      0.0390,      0.0076,      0.7257,      0.1304,      5.6145,     11.2290,      1.1527,     28.9822,     57.9644,      0.0193,      0.0002,      0.0363,      0.2071,   7843.7412,-419617.9062,   -911.9011,    554.2622,  26145.8008,
       1,     169,     168,       9,       1,       3,       1,     10.0000,      1.4057,     42.6824,    249.9941,     62.9139,      3.4953,      0.0944,      0.0627,      2.4514,      0.1377,      5.6145,     11.2290,      1.2164,     28.9822,     57.9644,      0.0193,      0.0003,      0.1153,      0.2071,   7843.7407,-420123.9688,   -912.1591,    554.2271,  26145.8027,
       1,     169,     168,      10,       1,       3,       1,     10.0000,      1.4057,     42.6824,    249.9941,     62.9139,      3.4953,      0.1476,      0.1153,      4.6243,      0.1540,      5.6145,     11.2290,      1.3606,     28.9822,     57.9644,      0.0193,      0.0003,      0.1913,      0.2071,   7843.7412,-422284.6875,   -913.0598,    554.0774,  26145.8047,
       1,     169,     168,      11,       1,       3,       1,     10.0000,      1.4057,     42.6824,    249.9941,     62.9139,      3.4953,      0.1884,      0.1553,      7.2206,      0.1798,      5.6145,     11.2290,      1.5888,     28.9822,     57.9644,      0.0193,      0.0004,      0.2500,      0.2071,   7843.7417,-425135.2188,   -914.2485,    553.8800,  26145.8027,
       1,     169,     168,      12,       1,       3,       1,     10.0000,      1.4057,     42.6824,    249.9941,     62.9139,      3.4953,      0.1883,      0.1540,      9.0625,      0.2191,      5.6145,     11.2290,      1.9361,     28.9822,     57.9644,      0.0193,      0.0004,      0.2500,      0.2071,   7843.7412,-428564.6250,   -916.1636,    553.6426,  26145.8027,
       1,     169,     168,      13,       1,       3,       1,     10.0000,      1.4057,     42.6824,    249.9941,     62.9139,      3.4953,      0.1883,      0.1535,      9.7299,      0.2331,      5.6145,     11.2290,      2.0594,     28.9822,     57.9644,      0.0193,      0.0005,      0.2500,      0.2071,   7843.7412,-431117.0625,   -918.0597,    553.4660,  26145.8008,
       1,     169,     168,      14,       1,       3,       1,     10.0000,      1.4057,     42.6824,    249.9941,     62.9139,      3.4953,      0.1884,      0.1540,     10.0874,      0.2193,      5.6145,     11.2290,      1.9380,     28.9822,     57.9644,      0.0193,      0.0005,      0.2500,      0.2071,   7843.7407,-432153.6250,   -919.6086,    553.3944,  26145.8027,
       1,     169,     168,      15,       1,       3,       1,     10.0000,      1.4057,     42.6824,    249.9941,     62.9139,      3.4953,      0.1892,      0.1563,     15.4588,      0.1694,      5.6145,     11.2290,      1.4965,     28.9822,     57.9644,      0.0193,      0.0008,      0.2500,      0.2071,   7843.7412,-432680.0000,   -914.4620,    553.3580,  26145.8047,
       1,     169,     168,      16,       1,       3,       1,     10.0000,      1.4057,     42.6824,    249.9941,     62.9139,      3.4953,      0.1865,      0.1533,     37.1970,      0.1782,      5.6145,     11.2290,      1.5746,     28.9822,     57.9644,      0.0193,      0.0019,      0.2437,      0.2071,   7843.7417,-439318.2812,   -915.2498,    552.8987,  26145.8027,
       1,     169,     168,      17,       1,       3,       1,     10.0000,      1.4057,     42.6824,    249.9941,     62.9139,      3.4953,      0.1797,      0.1460,     72.8968,      0.1964,      5.6145,     11.2290,      1.7355,     28.9822,     57.9644,      0.0193,      0.0039,      0.2299,      0.2071,   7843.7412,-466570.3438,   -921.6843,    551.0155,  26145.8027,
       1,     169,     168,      18,       1,       3,       1,     10.0000,      1.4057,     42.6824,    249.9941,     62.9139,      3.4953,      0.0234,     -0.0102,      4.5464,      0.1960,      5.6145,     11.2290,      1.7321,     28.9822,     57.9644,      0.0193,      0.0051,      0.0109,      0.2070,   7843.7412,-512737.7500,   -931.9214,    547.8388,  26145.8047,
       1,     169,     168,      19,       1,       3,       1,     10.0000,      1.4057,     42.6824,    249.9941,     62.9139,      3.4953,      0.0109,     -0.0226,      5.6636,      0.1888,      5.6145,     11.2290,      1.6681,     28.9822,     57.9644,      0.0193,      0.0044,      0.0156,      0.2070,   7843.7417,-432668.8750,   -918.0120,    553.3311,  26145.8008,
       1,     169,     168,      20,       1,       3,       1,     10.0000,      1.4057,     42.6824,    249.9941,     62.9139,      3.4953,      0.0044,     -0.0286,      1.7628,      0.1743,      5.6145,     11.2290,      1.5405,     28.9822,     57.9644,      0.0193,      0.0014,      0.0156,      0.2071,   7843.7407,-427327.7188,   -917.5297,    553.7281,  26145.8027,
       1,     169,     168,      21,       1,       3,       1,     10.0000,      1.4057,     42.6824,    249.9941,     62.9139,      3.4953,      0.0000,     -0.0326,      2.3401,      0.1630,      5.6145,     11.2290,      1.4407,     28.9822,     57.9644,      0.0193,      0.0018,      0.0156,      0.2071,   7843.7412,-422051.8438,   -916.6913,    554.0934,  26145.8027,
       1,     169,     168,      22,       1,       3,       1,     10.0000,      1.4057,     42.6824,    249.9941,     62.9139,      3.4953,      0.0000,     -0.0325,      3.9060,      0.1590,      5.6145,     11.2290,      1.4050,     28.9822,     57.9644,      0.0193,      0.0031,      0.0156,      0.2071,   7843.7412,-422312.2500,   -916.9125,    554.0755,  26145.8027,
       1,     169,     168,      23,       1,       3,       1,     10.0000,      1.4057,     42.6824,    249.9941,     62.9139,      3.4953,      0.0000,     -0.0324,      3.9768,      0.1549,      5.6145,     11.2290,      1.3688,     28.9822,     57.9644,      0.0193,      0.0031,      0.0156,      0.2071,   7843.7412,-424256.1562,   -917.5308,    553.9409,  26145.8027,
       1,     169,     168,      24,       1,       3,       1,     10.0000,      1.4057,     42.6824,    249.9941,     62.9139,      3.4953,      0.0000,     -0.0322,      3.5930,      0.1494,      5.6145,     11.2290,      1.3201,     28.9822,     57.9644,      0.0193,      0.0028,      0.0156,      0.2071,   7843.7412,-424508.3438,   -917.8246,    553.9234,  26145.8027,
       1,     169,     169,       1,       1,       3,       1,     10.0000,      1.4057,     42.6827,    250.0000,     62.9154,      3.4953,      0.0000,     -0.0321,      2.6762,      0.1479,      5.6150,     11.2299,      1.3069,     28.9825,     57.9651,      0.0193,      0.0021,      0.0156,      0.2071,   7843.7412,-424213.6875,   -918.2419,    553.9570,  26146.9688,
       1,     169,     169,       2,       1,       3,       1,     10.0000,      1.4057,     42.6827,    250.0000,     62.9154,      3.4953,      0.0000,     -0.0321,      2.1178,      0.1473,      5.6150,     11.2299,      1.3017,     28.9825,     57.9651,      0.0193,      0.0017,      0.0156,      0.2071,   7844.0908,-422911.3125,   -917.9043,    554.0472,  26146.9688,
       1,     169,     169,       3,       1,       3,       1,     10.0000,      1.4057,     42.6827,    250.0000,     62.9154,      3.4953,      0.0000,     -0.0321,      1.9228,      0.1485,      5.6150,     11.2299,      1.3122,     28.9825,     57.9651,      0.0193,      0.0015,      0.0156,      0.2071,   7844.0908,-422115.2812,   -917.8885,    554.1023,  26146.9688,
       1,     169,     169,       4,       1,       3,       1,     10.0000,      1.4057,     42.6827,    250.0000,     62.9154,      3.4953,      0.0000,     -0.0321,      1.6281,      0.1464,      5.6150,     11.2299,      1.2938,     28.9825,     57.9651,      0.0193,      0.0013,      0.0156,      0.2071,   7844.0908,-421808.3438,   -917.9439,    554.1236,  26146.9707,
       1,     169,     169,       5,       1,       3,       1,     10.0000,      1.4057,     42.6827,    250.0000,     62.9154,      3.4953,      0.0000,     -0.0320,      1.1773,      0.1436,      5.6150,     11.2299,      1.2692,     28.9825,     57.9651,      0.0193,      0.0009,      0.0156,      0.2071,   7844.0913,-421420.1875,   -917.9572,    554.1505,  26146.9707,
       1,     169,     169,       6,       1,       3,       1,     10.0000,      1.4057,     42.6827,    250.0000,     62.9154,      3.4953,      0.0000,     -0.0319,      0.8495,      0.1425,      5.6150,     11.2299,      1.2590,     28.9825,     57.9651,      0.0193,      0.0007,      0.0156,      0.2071,   7844.0913,-420834.0312,   -917.9026,    554.1911,  26146.9707,
       1,     169,     169,       7,       1,       3,       1,     10.0000,      1.4057,     42.6827,    250.0000,     62.9154,      3.4953,      0.0000,     -0.0319,      0.8509,      0.1428,      5.6150,     11.2299,      1.2616,     28.9825,     57.9651,      0.0193,      0.0007,      0.0156,      0.2071,   7844.0913,-420381.7500,   -917.8563,    554.2224,  26146.9668,
       1,     169,     169,       8,       1,       3,       1,     10.0000,      1.4057,     42.6827,    250.0000,     62.9154,      3.4953,      0.0113,     -0.0206,      1.6854,      0.1416,      5.6150,     11.2299,      1.2514,     28.9825,     57.9651,      0.0193,      0.0013,      0.0156,      0.2071,   7844.0903,-420345.6250,   -917.8863,    554.2249,  26146.9688,
       1,     169,     169,       9,       1,       3,       1,     10.0000,      1.4057,     42.6827,    250.0000,     62.9154,      3.4953,      0.1237,      0.0906,     13.2873,      0.1764,      5.6150,     11.2299,      1.5591,     28.9825,     57.9651,      0.0193,      0.0010,      0.1556,      0.2071,   7844.0908,-421366.5625,   -918.1833,    554.1542,  26146.9688,
       1,     169,     169,      10,       1,       3,       1,     10.0000,      1.4057,     42.6827,    250.0000,     62.9154,      3.4953,      0.1548,      0.1215,     10.6887,      0.1849,      5.6150,     11.2299,      1.6337,     28.9825,     57.9651,      0.0193,      0.0006,      0.2009,      0.2071,   7844.0908,-435691.2188,   -921.2448,    553.1619,  26146.9688,
       1,     169,     169,      11,       1,       3,       1,     10.0000,      1.4057,     42.6827,    250.0000,     62.9154,      3.4953,      0.1878,      0.1537,     13.9630,      0.2092,      5.6150,     11.2299,      1.8487,     28.9825,     57.9651,      0.0193,      0.0007,      0.2485,      0.2071,   7844.0908,-433721.4375,   -921.4184,    553.2990,  26146.9668,
       1,     169,     169,      12,       1,       3,       1,     10.0000,      1.4057,     42.6827,    250.0000,     62.9154,      3.4953,      0.1891,      0.1543,     19.9630,      0.2360,      5.6150,     11.2299,      2.0858,     28.9825,     57.9651,      0.0193,      0.0010,      0.2500,      0.2071,   7844.0903,-437572.3438,   -922.9534,    553.0327,  26146.9688,
       1,     169,     169,      13,       1,       3,       1,     10.0000,      1.4057,     42.6827,    250.0000,     62.9154,      3.4953,      0.1757,      0.1404,     16.6593,      0.2535,      5.6150,     11.2299,      2.2397,     28.9825,     57.9651,      0.0193,      0.0009,      0.2309,      0.2071,   7844.0908,-445264.2500,   -925.3864,    552.5010,  26146.9707,
       1,     169,     169,      14,       1,       3,       1,     10.0000,      1.4057,     42.6827,    250.0000,     62.9154,      3.4953,      0.1738,      0.1378,     61.7166,      0.2806,      5.6150,     11.2299,      2.4796,     28.9825,     57.9651,      0.0193,      0.0034,      0.2231,      0.2071,   7844.0913,-441862.0938,   -925.2802,    552.7362,  26146.9688,
       1,     169,     169,      15,       1,       3,       1,     10.0000,      1.4057,     42.6827,    250.0000,     62.9154,      3.4953,      0.1751,      0.1392,     73.1285,      0.2784,      5.6150,     11.2299,      2.4605,     28.9825,     57.9651,      0.0193,      0.0040,      0.2238,      0.2071,   7844.0908,-496884.4375,   -936.4021,    548.9346,  26146.9688,
       1,     169,     169,      16,       1,       3,       1,     10.0000,      1.4057,     42.6827,    250.0000,     62.9154,      3.4953,      0.1640,      0.1286,     87.8650,      0.2572,      5.6150,     11.2299,      2.2725,     28.9825,     57.9651,      0.0193,      0.0052,      0.2057,      0.2070,   7844.0908,-515610.9375,   -940.7864,    547.6628,  26146.9688,
       1,     169,     169,      17,       1,       3,       1,     10.0000,      1.4057,     42.6827,    250.0000,     62.9154,      3.4953,      0.1571,      0.1220,    101.8404,      0.2471,      5.6150,     11.2299,      2.1837,     28.9825,     57.9651,      0.0193,      0.0064,      0.1939,      0.2070,   7844.0908,-535295.6250,   -945.3500,    546.3167,  26146.9688,
       1,     169,     169,      18,       1,       3,       1,     10.0000,      1.4057,     42.6827,    250.0000,     62.9154,      3.4953,      0.1678,      0.1329,    133.6475,      0.2412,      5.6150,     11.2299,      2.1311,     28.9825,     57.9651,      0.0193,      0.0079,      0.2061,      0.2070,   7844.0908,-554145.8750,   -949.8096,    545.0310,  26146.9688,
       1,     169,     169,      19,       1,       3,       1,     10.0000,      1.4057,     42.6827,    250.0000,     62.9154,      3.4953,      0.1225,      0.0880,    105.7807,      0.2226,      5.6150,     11.2299,      1.9668,     28.9825,     57.9651,      0.0193,      0.0090,      0.1430,      0.2070,   7844.0908,-594858.2500,   -958.6194,    542.2589,  26146.9688,
       1,     169,     169,      20,       1,       3,       1,     10.0000,      1.4057,     42.6827,    250.0000,     62.9154,      3.4953,      0.0274,     -0.0060,     10.5824,      0.1893,      5.6150,     11.2299,      1.6731,     28.9825,     57.9651,      0.0193,      0.0079,      0.0163,      0.2069,   7844.0908,-564033.9375,   -953.5973,    544.3552,  26146.9668,
       1,     169,     169,      21,       1,       3,       1,     10.0000,      1.4057,     42.6827,    250.0000,     62.9154,      3.4953,      0.0001,     -0.0329,      8.4580,      0.1726,      5.6150,     11.2299,      1.5252,     28.9825,     57.9651,      0.0193,      0.0066,      0.0156,      0.2069,   7844.0903,-444342.7188,   -930.9291,    552.5037,  26146.9668,
       1,     169,     169,      22,       1,       3,       1,     10.0000,      1.4057,     42.6827,    250.0000,     62.9154,      3.4953,      0.0000,     -0.0327,      7.5468,      0.1642,      5.6150,     11.2299,      1.4509,     28.9825,     57.9651,      0.0193,      0.0059,      0.0156,      0.2071,   7844.0903,-431791.1562,   -928.6195,    553.4317,  26146.9707,
       1,     169,     169,      23,       1,       3,       1,     10.0000,      1.4057,     42.6827,    250.0000,     62.9154,      3.4953,      0.0000,     -0.0326,      7.1471,      0.1619,      5.6150,     11.2299,      1.4307,     28.9825,     57.9651,      0.0193,      0.0056,      0.0156,      0.2071,   7844.0913,-429533.4375,   -928.2526,    553.5887,  26146.9688,
       1,     169,     169,      24,       1,       3,       1,     10.0000,      1.4057,     42.6827,    250.0000,     62.9154,      3.4953,      0.0000,     -0.0324,      6.3350,      0.1566,      5.6150,     11.2299,      1.3841,     28.9825,     57.9651,      0.0193,      0.0050,      0.0156,      0.2071,   7844.0908,-428850.4375,   -928.1781,    553.6360,  26146.9688,
       1,     169,     170,       1,       1,       3,       1,     10.0000,      1.4057,     42.6831,    250.0059,     62.9169,      3.4953,      0.0000,     -0.0323,      4.7242,      0.1535,      5.6147,     11.2294,      1.3566,     28.9873,     57.9745,      0.0193,      0.0037,      0.0156,      0.2071,   7844.0908,-427950.2500,   -928.3257,    553.7113,  26148.1387,
       1,     169,     170,       2,       1,       3,       1,     10.0000,      1.4057,     42.6831,    250.0059,     62.9169,      3.4953,      0.0000,     -0.0323,      3.6912,      0.1538,      5.6147,     11.2294,      1.3593,     28.9873,     57.9745,      0.0193,      0.0029,      0.0156,      0.2071,   7844.4419,-425744.5625,   -927.6553,    553.8639,  26148.1387,
       1,     169,     170,       3,       1,       3,       1,     10.0000,      1.4057,     42.6831,    250.0059,     62.9169,      3.4953,      0.0000,     -0.0323,      2.8711,      0.1534,      5.6147,     11.2294,      1.3552,     28.9873,     57.9745,      0.0193,      0.0022,      0.0156,      0.2071,   7844.4419,-424289.7500,   -927.3943,    553.9647,  26148.1387,
       1,     169,     170,       4,       1,       3,       1,     10.0000,      1.4057,     42.6831,    250.0059,     62.9169,      3.4953,      0.0000,     -0.0321,      2.1510,      0.1488,      5.6147,     11.2294,      1.3149,     28.9873,     57.9745,      0.0193,      0.0017,      0.0156,      0.2071,   7844.4419,-423159.6875,   -927.1906,    554.0429,  26148.1367,
       1,     169,     170,       5,       1,       3,       1,     10.0000,      1.4057,     42.6831,    250.0059,     62.9169,      3.4953,      0.0000,     -0.0321,      1.3302,      0.1463,      5.6147,     11.2294,      1.2925,     28.9873,     57.9745,      0.0193,      0.0010,      0.0156,      0.2071,   7844.4414,-422180.2500,   -927.0121,    554.1107,  26148.1406,
       1,     169,     170,       6,       1,       3,       1,     10.0000,      1.4057,     42.6831,    250.0059,     62.9169,      3.4953,      0.0000,     -0.0320,      1.0730,      0.1454,      5.6147,     11.2294,      1.2847,     28.9873,     57.9745,      0.0193,      0.0008,      0.0156,      0.2071,   7844.4424,-421089.2500,   -926.8065,    554.1864,  26148.1406,
       1,     169,     170,       7,       1,       3,       1,     10.0000,      1.4057,     42.6831,    250.0059,     62.9169,      3.4953,      0.0000,     -0.0319,      1.0806,      0.1422,      5.6147,     11.2294,      1.2565,     28.9873,     57.9745,      0.0193,      0.0008,      0.0156,      0.2071,   7844.4424,-420680.7500,   -926.7325,    554.2146,  26148.1367,
       1,     169,     170,       8,       1,       3,       1,     10.0000,      1.4057,     42.6831,    250.0059,     62.9169,      3.4953,      0.0091,     -0.0230,      1.1613,      0.1475,      5.6147,     11.2294,      1.3030,     28.9873,     57.9745,      0.0193,      0.0009,      0.0156,      0.2071,   7844.4414,-420656.0625,   -926.7337,    554.2164,  26148.1387,
       1,     169,     170,       9,       1,       3,       1,     10.0000,      1.4057,     42.6831,    250.0059,     62.9169,      3.4953,      0.1227,      0.0904,      7.7627,      0.1541,      5.6147,     11.2294,      1.3620,     28.9873,     57.9745,      0.0193,      0.0006,      0.1550,      0.2071,   7844.4419,-420752.6875,   -926.7570,    554.2097,  26148.1387,
       1,     169,     170,      10,       1,       3,       1,     10.0000,      1.4057,     42.6831,    250.0059,     62.9169,      3.4953,      0.1737,      0.1409,      9.1405,      0.1687,      5.6147,     11.2294,      1.4906,     28.9873,     57.9745,      0.0193,      0.0005,      0.2284,      0.2071,   7844.4419,-428861.2500,   -928.3518,    553.6479,  26148.1367,
       1,     169,     170,      11,       1,       3,       1,     10.0000,      1.4057,     42.6831,    250.0059,     62.9169,      3.4953,      0.1861,      0.1522,     11.9179,      0.2033,      5.6147,     11.2294,      1.7966,     28.9873,     57.9745,      0.0193,      0.0006,      0.2463,      0.2071,   7844.4414,-431242.1875,   -928.8331,    553.4835,  26148.1387,
       1,     169,     170,      12,       1,       3,       1,     10.0000,      1.4057,     42.6831,    250.0059,     62.9169,      3.4953,      0.1887,      0.1539,     14.5442,      0.2331,      5.6147,     11.2294,      2.0595,     28.9873,     57.9745,      0.0193,      0.0007,      0.2500,      0.2071,   7844.4419,-434852.5000,   -929.5230,    553.2336,  26148.1387,
       1,     169,     170,      13,       1,       3,       1,     10.0000,      1.4057,     42.6831,    250.0059,     62.9169,      3.4953,      0.1890,      0.1540,     19.5021,      0.2421,      5.6147,     11.2294,      2.1395,     28.9873,     57.9745,      0.0193,      0.0010,      0.2500,      0.2071,   7844.4419,-438382.6250,   -930.0911,    552.9896,  26148.1387,
       1,     169,     170,      14,       1,       3,       1,     10.0000,      1.4057,     42.6831,    250.0059,     62.9169,      3.4953,      0.1892,      0.1570,     14.6808,      0.1529,      5.6147,     11.2294,      1.3511,     28.9873,     57.9745,      0.0193,      0.0007,      0.2500,      0.2071,   7844.4419,-444767.7500,   -931.1913,    552.5483,  26148.1387,
       1,     169,     170,      15,       1,       3,       1,     10.0000,      1.4057,     42.6831,    250.0059,     62.9169,      3.4953,      0.1901,      0.1582,     23.8680,      0.1409,      5.6147,     11.2294,      1.2451,     28.9873,     57.9745,      0.0193,      0.0012,      0.2500,      0.2071,   7844.4419,-439392.1875,   -923.3109,    552.9197,  26148.1387,
       1,     169,     170,      16,       1,       3,       1,     10.0000,      1.4057,     42.6831,    250.0059,     62.9169,      3.4953,      0.1927,      0.1606,     58.2840,      0.1488,      5.6147,     11.2294,      1.3149,     28.9873,     57.9745,      0.0193,      0.0028,      0.2500,      0.2071,   7844.4419,-450212.2812,   -917.4962,    552.1721,  26148.1426,
       1,     169,     170,      17,       1,       3,       1,     10.0000,      1.4057,     42.6831,    250.0059,     62.9169,      3.4953,      0.1940,      0.1615,     94.2028,      0.1568,      5.6147,     11.2294,      1.3855,     28.9873,     57.9745,      0.0193,      0.0046,      0.2478,      0.2071,   7844.4429,-493379.7500,   -925.7573,    549.1931,  26148.1406,
       1,     169,     170,      18,       1,       3,       1,     10.0000,      1.4057,     42.6831,    250.0059,     62.9169,      3.4953,      0.1734,      0.1408,    105.3122,      0.1617,      5.6147,     11.2294,      1.4293,     28.9873,     57.9745,      0.0193,      0.0059,      0.2169,      0.2071,   7844.4424,-541185.5625,   -937.0704,    545.9193,  26148.1406,
       1,     169,     170,      19,       1,       3,       1,     10.0000,      1.4057,     42.6831,    250.0059,     62.9169,      3.4953,      0.1069,      0.0744,     14.5868,      0.1592,      5.6147,     11.2294,      1.4065,     28.9873,     57.9745,      0.0193,      0.0014,      0.1315,      0.2070,   7844.4424,-558910.9375,   -942.4686,    544.7194,  26148.1406,
       1,     169,     170,      20,       1,       3,       1,     10.0000,      1.4057,     42.6831,    250.0059,     62.9169,      3.4953,      0.0188,     -0.0135,      0.2150,      0.1514,      5.6147,     11.2294,      1.3376,     28.9873,     57.9745,      0.0193,      0.0004,      0.0064,      0.2070,   7844.4424,-448840.1250,   -922.8357,    552.2155,  26148.1387,
       1,     169,     170,      21,       1,       3,       1,     10.0000,      1.4057,     42.6831,    250.0059,     62.9169,      3.4953,      0.0001,     -0.0320,      0.4888,      0.1476,      5.6147,     11.2294,      1.3043,     28.9873,     57.9745,      0.0193,      0.0004,      0.0156,      0.2071,   7844.4419,-422043.0938,   -917.9811,    554.1170,  26148.1406,
       1,     169,     170,      22,       1,       3,       1,     10.0000,      1.4057,     42.6831,    250.0059,     62.9169,      3.4953,      0.0000,     -0.0320,      0.6321,      0.1451,      5.6147,     11.2294,      1.2821,     28.9873,     57.9745,      0.0193,      0.0005,      0.0156,      0.2071,   7844.4424,-420049.0000,   -917.6245,    554.2584,  26148.1426,
       1,     169,     170,      23,       1,       3,       1,     10.0000,      1.4057,     42.6831,    250.0059,     62.9169,      3.4953,      0.0000,     -0.0319,      0.8805,      0.1425,      5.6147,     11.2294,      1.2590,     28.9873,     57.9745,      0.0193,      0.0007,      0.0156,      0.2071,   7844.4429,-420051.3438,   -917.6454,    554.2583,  26148.1426,
       1,     169,     170,      24,       1,       3,       1,     10.0000,      1.4057,     42.6831,    250.0059,     62.9169,      3.4953,      0.0000,     -0.0318,      0.7378,      0.1401,      5.6147,     11.2294,      1.2376,     28.9873,     57.9745,      0.0193,      0.0006,      0.0156,      0.2071,   7844.4429,-420356.2500,   -917.7384,    554.2372,  26148.1387,
       1,     169,     171,       1,       1,       3,       1,     10.0000,      1.4058,     42.6834,    250.0118,     62.9183,      3.4953,      0.0000,     -0.0318,      0.4928,      0.1388,      5.6147,     11.2294,      1.2264,     28.9952,     57.9903,      0.0193,      0.0004,      0.0156,      0.2072,   7844.4419,-420362.9375,   -918.0358,    554.2496,  26149.3125,
       1,     169,     171,       2,       1,       3,       1,     10.0000,      1.4058,     42.6834,    250.0118,     62.9183,      3.4953,      0.0000,     -0.0317,      0.5522,      0.1363,      5.6147,     11.2294,      1.2042,     28.9952,     57.9903,      0.0193,      0.0004,      0.0156,      0.2072,   7844.7939,-419910.1250,   -917.7001,    554.2809,  26149.3125,
       1,     169,     171,       3,       1,       3,       1,     10.0000,      1.4058,     42.6834,    250.0118,     62.9183,      3.4953,      0.0000,     -0.0317,      0.5123,      0.1378,      5.6147,     11.2294,      1.2177,     28.9952,     57.9903,      0.0193,      0.0004,      0.0156,      0.2072,   7844.7939,-419944.6250,   -917.7164,    554.2785,  26149.3125,
       1,     169,     171,       4,       1,       3,       1,     10.0000,      1.4058,     42.6834,    250.0118,     62.9183,      3.4953,      0.0000,     -0.0317,      0.4512,      0.1355,      5.6147,     11.2294,      1.1969,     28.9952,     57.9903,      0.0193,      0.0004,      0.0156,      0.2072,   7844.7939,-419898.6250,   -917.7168,    554.2817,  26149.3125,
       1,     169,     171,       5,       1,       3,       1,     10.0000,      1.4058,     42.6834,    250.0118,     62.9183,      3.4953,      0.0000,     -0.0317,      0.4057,      0.1361,      5.6147,     11.2294,      1.2030,     28.9952,     57.9903,      0.0193,      0.0003,      0.0156,      0.2072,   7844.7939,-419819.7812,   -917.7133,    554.2872,  26149.3105,
       1,     169,     171,       6,       1,       3,       1,     10.0000,      1.4058,     42.6834,    250.0118,     62.9183,      3.4953,      0.0000,     -0.0316,      0.4246,      0.1334,      5.6147,     11.2294,      1.1789,     28.9952,     57.9903,      0.0193,      0.0003,      0.0156,      0.2072,   7844.7935,-419757.2812,   -917.7075,    554.2916,  26149.3125,
       1,     169,     171,       7,       1,       3,       1,     10.0000,      1.4058,     42.6834,    250.0118,     62.9183,      3.4953,      0.0000,     -0.0315,      0.3142,      0.1313,      5.6147,     11.2294,      1.1598,     28.9952,     57.9903,      0.0193,      0.0002,      0.0156,      0.2072,   7844.7939,-419774.9688,   -917.7161,    554.2903,  26149.3125,
       1,     169,     171,       8,       1,       3,       1,     10.0000,      1.4058,     42.6834,    250.0118,     62.9183,      3.4953,      0.0200,     -0.0113,      0.1826,      0.1286,      5.6147,     11.2294,      1.1365,     28.9952,     57.9903,      0.0193,      0.0002,      0.0093,      0.2072,   7844.7939,-419641.0312,   -917.6929,    554.2996,  26149.3125,
       1,     169,     171,       9,       1,       3,       1,     10.0000,      1.4058,     42.6834,    250.0118,     62.9183,      3.4953,      0.1149,      0.0827,      3.4114,      0.1509,      5.6147,     11.2294,      1.3336,     28.9952,     57.9903,      0.0193,      0.0003,      0.1444,      0.2072,   7844.7939,-419468.2812,   -917.6934,    554.3116,  26149.3125,
       1,     169,     171,      10,       1,       3,       1,     10.0000,      1.4058,     42.6834,    250.0118,     62.9183,      3.4953,      0.1750,      0.1414,      7.1730,      0.1918,      5.6147,     11.2294,      1.6948,     28.9952,     57.9903,      0.0193,      0.0004,      0.2306,      0.2072,   7844.7939,-423414.8750,   -918.6619,    554.0381,  26149.3105,
       1,     169,     171,      11,       1,       3,       1,     10.0000,      1.4058,     42.6834,    250.0118,     62.9183,      3.4953,      0.1884,      0.1542,      8.7609,      0.2128,      5.6147,     11.2294,      1.8800,     28.9952,     57.9903,      0.0193,      0.0004,      0.2500,      0.2072,   7844.7935,-428366.0625,   -920.5458,    553.6953,  26149.3125,
       1,     169,     171,      12,       1,       3,       1,     10.0000,      1.4058,     42.6834,    250.0118,     62.9183,      3.4953,      0.1829,      0.1484,      8.9247,      0.2224,      5.6147,     11.2294,      1.9650,     28.9952,     57.9903,      0.0193,      0.0004,      0.2420,      0.2072,   7844.7939,-430735.2188,   -922.0229,    553.5314,  26149.3125,
       1,     169,     171,      13,       1,       3,       1,     10.0000,      1.4058,     42.6834,    250.0118,     62.9183,      3.4953,      0.1861,      0.1512,      9.9035,      0.2393,      5.6147,     11.2294,      2.1146,     28.9952,     57.9903,      0.0193,      0.0005,      0.2468,      0.2072,   7844.7939,-431137.4062,   -922.8654,    553.5036,  26149.3125,
       1,     169,     171,      14,       1,       3,       1,     10.0000,      1.4058,     42.6834,    250.0118,     62.9183,      3.4953,      0.1894,      0.1539,     28.8860,      0.2615,      5.6147,     11.2294,      2.3105,     28.9952,     57.9903,      0.0193,      0.0014,      0.2497,      0.2072,   7844.7939,-432372.6875,   -923.8887,    553.4182,  26149.3125,
       1,     169,     171,      15,       1,       3,       1,     10.0000,      1.4058,     42.6834,    250.0118,     62.9183,      3.4953,      0.1912,      0.1555,     79.1403,      0.2723,      5.6147,     11.2294,      2.4065,     28.9952,     57.9903,      0.0193,      0.0039,      0.2467,      0.2072,   7844.7939,-455771.1562,   -929.1391,    551.7995,  26149.3125,
       1,     169,     171,      16,       1,       3,       1,     10.0000,      1.4058,     42.6834,    250.0118,     62.9183,      3.4953,      0.1940,      0.1606,     78.5757,      0.1864,      5.6147,     11.2294,      1.6468,     28.9952,     57.9903,      0.0193,      0.0038,      0.2500,      0.2071,   7844.7939,-519453.2812,   -942.3585,    547.4094,  26149.3125,
       1,     169,     171,      17,       1,       3,       1,     10.0000,      1.4058,     42.6834,    250.0118,     62.9183,      3.4953,      0.1582,      0.1255,     72.1519,      0.1652,      5.6147,     11.2294,      1.4597,     28.9952,     57.9903,      0.0193,      0.0044,      0.1988,      0.2071,   7844.7939,-524206.5312,   -943.9861,    547.1017,  26149.3125,
       1,     169,     171,      18,       1,       3,       1,     10.0000,      1.4058,     42.6834,    250.0118,     62.9183,      3.4953,      0.1310,      0.0971,     76.4692,      0.2035,      5.6147,     11.2294,      1.7985,     28.9952,     57.9903,      0.0193,      0.0059,      0.1588,      0.2071,   7844.7939,-516693.4688,   -943.1464,    547.6154,  26149.3105,
       1,     169,     171,      19,       1,       3,       1,     10.0000,      1.4058,     42.6834,    250.0118,     62.9183,      3.4953,      0.0928,      0.0588,     64.9913,      0.2074,      5.6147,     11.2294,      1.8325,     28.9952,     57.9903,      0.0193,      0.0076,      0.1046,      0.2071,   7844.7935,-521363.3125,   -944.6118,    547.2960,  26149.3145,
       1,     169,     171,      20,       1,       3,       1,     10.0000,      1.4058,     42.6834,    250.0118,     62.9183,      3.4953,      0.0195,     -0.0139,      3.4717,      0.1880,      5.6147,     11.2294,      1.6616,     28.9952,     57.9903,      0.0193,      0.0075,      0.0056,      0.2071,   7844.7944,-507654.5000,   -942.4803,    548.2341,  26149.3105,
       1,     169,     171,      21,       1,       3,       1,     10.0000,      1.4058,     42.6834,    250.0118,     62.9183,      3.4953,      0.0000,     -0.0331,      3.7011,      0.1768,      5.6147,     11.2294,      1.5622,     28.9952,     57.9903,      0.0193,      0.0029,      0.0156,      0.2071,   7844.7935,-430919.6875,   -927.9092,    553.4933,  26149.3105,
       1,     169,     171,      22,       1,       3,       1,     10.0000,      1.4058,     42.6834,    250.0118,     62.9183,      3.4953,      0.0000,     -0.0329,      3.4162,      0.1707,      5.6147,     11.2294,      1.5086,     28.9952,     57.9903,      0.0193,      0.0027,      0.0156,      0.2072,   7844.7935,-424774.5625,   -926.7665,    553.9438,  26149.3125,
       1,     169,     171,      23,       1,       3,       1,     10.0000,      1.4058,     42.6834,    250.0118,     62.9183,      3.4953,      0.0000,     -0.0327,      5.1286,      0.1650,      5.6147,     11.2294,      1.4582,     28.9952,     57.9903,      0.0193,      0.0040,      0.0156,      0.2072,   7844.7939,-423872.1875,   -926.6185,    554.0065,  26149.3105,
       1,     169,     171,      24,       1,       3,       1,     10.0000,      1.4058,     42.6834,    250.0118,     62.9183,      3.4953,      0.0000,     -0.0327,      5.2075,      0.1650,      5.6147,     11.2294,      1.4582,     28.9952,     57.9903,      0.0193,      0.0041,      0.0156,      0.2072,   7844.7935,-425896.5000,   -927.0389,    553.8663,  26149.3086,
       1,     169,     172,       1,       1,       3,       1,     10.0000,      1.4058,     42.6837,    250.0177,     62.9198,      3.4953,      0.0000,     -0.0327,      4.1308,      0.1647,      5.6153,     11.2305,      1.4553,     29.0005,     58.0011,      0.0193,      0.0032,      0.0156,      0.2072,   7844.7930,-426320.6875,   -927.4376,    553.8501,  26150.4824,
       1,     169,     172,       2,       1,       3,       1,     10.0000,      1.4058,     42.6837,    250.0177,     62.9198,      3.4953,      0.0000,     -0.0325,      2.8045,      0.1587,      5.6153,     11.2305,      1.4024,     29.0005,     58.0011,      0.0193,      0.0022,      0.0156,      0.2072,   7845.1450,-424882.5938,   -926.9146,    553.9496,  26150.4844,
       1,     169,     172,       3,       1,       3,       1,     10.0000,      1.4058,     42.6837,    250.0177,     62.9198,      3.4953,      0.0000,     -0.0323,      1.9516,      0.1538,      5.6153,     11.2305,      1.3594,     29.0005,     58.0011,      0.0193,      0.0015,      0.0156,      0.2072,   7845.1455,-423133.1250,   -926.5966,    554.0708,  26150.4824,
       1,     169,     172,       4,       1,       3,       1,     10.0000,      1.4058,     42.6837,    250.0177,     62.9198,      3.4953,      0.0000,     -0.0317,      0.9441,      0.1356,      5.6153,     11.2305,      1.1982,     29.0005,     58.0011,      0.0193,      0.0007,      0.0156,      0.2072,   7845.1450,-421938.2500,   -910.6561,    554.1536,  26150.4844,
       1,     169,     172,       5,       1,       3,       1,     10.0000,      1.4058,     42.6837,    250.0177,     62.9198,      3.4953,      0.0000,     -0.0317,      0.9054,      0.1378,      5.6153,     11.2305,      1.2178,     29.0005,     58.0011,      0.0193,      0.0007,      0.0156,      0.2072,   7845.1455,-420600.6250,   -910.3390,    554.2462,  26150.4844,
       1,     169,     172,       6,       1,       3,       1,     10.0000,      1.4058,     42.6837,    250.0177,     62.9198,      3.4953,      0.0000,     -0.0317,      0.8678,      0.1374,      5.6153,     11.2305,      1.2141,     29.0005,     58.0011,      0.0193,      0.0007,      0.0156,      0.2072,   7845.1455,-420439.4688,   -910.3874,    554.2574,  26150.4844,
       1,     169,     172,       7,       1,       3,       1,     10.0000,      1.4058,     42.6837,    250.0177,     62.9198,      3.4953,      0.0000,     -0.0316,      0.7749,      0.1338,      5.6153,     11.2305,      1.1825,     29.0005,     58.0011,      0.0193,      0.0006,      0.0156,      0.2072,   7845.1455,-420379.5938,   -910.2769,    554.2615,  26150.4844,
       1,     169,     172,       8,       1,       3,       1,     10.0000,      1.4058,     42.6837,    250.0177,     62.9198,      3.4953,      0.0218,     -0.0097,      0.3965,      0.1305,      5.6153,     11.2305,      1.1528,     29.0005,     58.0011,      0.0193,      0.0004,      0.0117,      0.2072,   7845.1455,-420260.5938,   -910.2462,    554.2697,  26150.4844,
       1,     169,     172,       9,       1,       3,       1,     10.0000,      1.4058,     42.6837,    250.0177,     62.9198,      3.4953,      0.1370,      0.1057,      3.6731,      0.1264,      5.6153,     11.2305,      1.1170,     29.0005,     58.0011,      0.0193,      0.0003,      0.1763,      0.2072,   7845.1455,-419786.3125,   -910.2203,    554.3026,  26150.4844,
       1,     169,     172,      10,       1,       3,       1,     10.0000,      1.4058,     42.6837,    250.0177,     62.9198,      3.4953,      0.1780,      0.1464,      4.8653,      0.1337,      5.6153,     11.2305,      1.1813,     29.0005,     58.0011,      0.0193,      0.0003,      0.2347,      0.2072,   7845.1455,-423765.5312,   -911.4892,    554.0269,  26150.4844,
       1,     169,     172,      11,       1,       3,       1,     10.0000,      1.4058,     42.6837,    250.0177,     62.9198,      3.4953,      0.1886,      0.1564,      6.0733,      0.1499,      5.6153,     11.2305,      1.3243,     29.0005,     58.0011,      0.0193,      0.0003,      0.2500,      0.2072,   7845.1455,-425566.5312,   -913.3323,    553.9023,  26150.4844,
       1,     169,     172,      12,       1,       3,       1,     10.0000,      1.4058,     42.6837,    250.0177,     62.9198,      3.4953,      0.1886,      0.1559,      6.8584,      0.1631,      5.6153,     11.2305,      1.4408,     29.0005,     58.0011,      0.0193,      0.0003,      0.2500,      0.2072,   7845.1455,-427201.4375,   -915.1360,    553.7891,  26150.4824,
       1,     169,     172,      13,       1,       3,       1,     10.0000,      1.4058,     42.6837,    250.0177,     62.9198,      3.4953,      0.1886,      0.1561,      7.3821,      0.1582,      5.6153,     11.2305,      1.3981,     29.0005,     58.0011,      0.0193,      0.0004,      0.2500,      0.2072,   7845.1450,-428303.9375,   -916.5259,    553.7128,  26150.4844,
       1,     169,     172,      14,       1,       3,       1,     10.0000,      1.4058,     42.6837,    250.0177,     62.9198,      3.4953,      0.1886,      0.1568,      5.4231,      0.1401,      5.6153,     11.2305,      1.2376,     29.0005,     58.0011,      0.0193,      0.0003,      0.2500,      0.2072,   7845.1455,-429039.7812,   -917.4670,    553.6618,  26150.4844,
       1,     169,     172,      15,       1,       3,       1,     10.0000,      1.4058,     42.6837,    250.0177,     62.9198,      3.4953,      0.1171,      0.0853,      3.1296,      0.1373,      5.6153,     11.2305,      1.2128,     29.0005,     58.0011,      0.0193,      0.0003,      0.1477,      0.2072,   7845.1455,-426698.9375,   -917.7032,    553.8239,  26150.4844,
       1,     169,     172,      16,       1,       3,       1,     10.0000,      1.4058,     42.6837,    250.0177,     62.9198,      3.4953,      0.1326,      0.1005,      7.1113,      0.1463,      5.6153,     11.2305,      1.2926,     29.0005,     58.0011,      0.0193,      0.0005,      0.1693,      0.2072,   7845.1455,-423686.3125,   -915.3127,    554.0324,  26150.4863,
       1,     169,     172,      17,       1,       3,       1,     10.0000,      1.4058,     42.6837,    250.0177,     62.9198,      3.4953,      0.1236,      0.0914,     11.7171,      0.1502,      5.6153,     11.2305,      1.3269,     29.0005,     58.0011,      0.0193,      0.0009,      0.1559,      0.2072,   7845.1460,-428315.0000,   -916.5797,    553.7119,  26150.4844,
       1,     169,     172,      18,       1,       3,       1,     10.0000,      1.4058,     42.6837,    250.0177,     62.9198,      3.4953,      0.1118,      0.0795,     14.1354,      0.1531,      5.6153,     11.2305,      1.3525,     29.0005,     58.0011,      0.0193,      0.0012,      0.1386,      0.2072,   7845.1455,-434359.5625,   -918.1428,    553.2936,  26150.4844,
       1,     169,     172,      19,       1,       3,       1,     10.0000,      1.4058,     42.6837,    250.0177,     62.9198,      3.4953,      0.0725,      0.0402,      6.1094,      0.1538,      5.6153,     11.2305,      1.3594,     29.0005,     58.0011,      0.0193,      0.0009,      0.0830,      0.2072,   7845.1455,-437840.5625,   -919.2477,    553.0531,  26150.4824,
       1,     169,     172,      20,       1,       3,       1,     10.0000,      1.4058,     42.6837,    250.0177,     62.9198,      3.4953,      0.0149,     -0.0171,      0.0634,      0.1441,      5.6153,     11.2305,      1.2732,     29.0005,     58.0011,      0.0193,      0.0007,      0.0012,      0.2072,   7845.1450,-428287.7188,   -917.7838,    553.7135,  26150.4863,
       1,     169,     172,      21,       1,       3,       1,     10.0000,      1.4058,     42.6837,    250.0177,     62.9198,      3.4953,      0.0000,     -0.0318,      1.0120,      0.1396,      5.6153,     11.2305,      1.2339,     29.0005,     58.0011,      0.0193,      0.0008,      0.0156,      0.2072,   7845.1460,-420059.5625,   -916.3469,    554.2834,  26150.4844,
       1,     169,     172,      22,       1,       3,       1,     10.0000,      1.4058,     42.6837,    250.0177,     62.9198,      3.4953,      0.0000,     -0.0318,      1.3167,      0.1382,      5.6153,     11.2305,      1.2215,     29.0005,     58.0011,      0.0193,      0.0010,      0.0156,      0.2072,   7845.1455,-420524.6875,   -916.4913,    554.2515,  26150.4863,
       1,     169,     172,      23,       1,       3,       1,     10.0000,      1.4058,     42.6837,    250.0177,     62.9198,      3.4953,      0.0000,     -0.0317,      1.9940,      0.1368,      5.6153,     11.2305,      1.2092,     29.0005,     58.0011,      0.0193,      0.0016,      0.0156,      0.2072,   7845.1460,-420937.3438,   -916.6467,    554.2228,  26150.4844,
       1,     169,     172,      24,       1,       3,       1,     10.0000,      1.4058,     42.6837,    250.0177,     62.9198,      3.4953,      0.0000,     -0.0316,      2.0754,      0.1342,      5.6153,     11.2305,      1.1861,     29.0005,     58.0011,      0.0193,      0.0016,      0.0156,      0.2072,   7845.1455,-421803.5312,   -916.9550,    554.1628,  26150.4844,
       1,     169,     173,       1,       1,       3,       1,     10.0000,      1.4058,     42.6841,    250.0236,     62.9213,      3.4953,      0.0000,     -0.0315,      1.4560,      0.1326,      5.6154,     11.2307,      1.1717,     29.0020,     58.0040,      0.0193,      0.0011,      0.0156,      0.2072,   7845.1455,-422132.2188,   -917.4158,    554.1531,  26151.6543,
       1,     169,     173,       2,       1,       3,       1,     10.0000,      1.4058,     42.6841,    250.0236,     62.9213,      3.4953,      0.0000,     -0.0316,      1.4343,      0.1346,      5.6154,     11.2307,      1.1897,     29.0020,     58.0040,      0.0193,      0.0011,      0.0156,      0.2072,   7845.4966,-421248.0312,   -917.0628,    554.2144,  26151.6562,
       1,     169,     173,       3,       1,       3,       1,     10.0000,      1.4058,     42.6841,    250.0236,     62.9213,      3.4953,      0.0000,     -0.0316,      1.0194,      0.1330,      5.6154,     11.2307,      1.1753,     29.0020,     58.0040,      0.0193,      0.0008,      0.0156,      0.2072,   7845.4971,-421146.0000,   -917.1160,    554.2214,  26151.6562,
       1,     169,     173,       4,       1,       3,       1,     10.0000,      1.4058,     42.6841,    250.0236,     62.9213,      3.4953,      0.0000,     -0.0316,      0.6251,      0.1344,      5.6154,     11.2307,      1.1873,     29.0020,     58.0040,      0.0193,      0.0005,      0.0156,      0.2072,   7845.4971,-420628.5625,   -917.0773,    554.2573,  26151.6562,
       1,     169,     173,       5,       1,       3,       1,     10.0000,      1.4058,     42.6841,    250.0236,     62.9213,      3.4953,      0.0000,     -0.0315,      0.5827,      0.1306,      5.6154,     11.2307,      1.1540,     29.0020,     58.0040,      0.0193,      0.0005,      0.0156,      0.2072,   7845.4971,-420100.8438,   -917.0053,    554.2938,  26151.6562,
       1,     169,     173,       6,       1,       3,       1,     10.0000,      1.4058,     42.6841,    250.0236,     62.9213,      3.4953,      0.0000,     -0.0314,      0.8074,      0.1284,      5.6154,     11.2307,      1.1342,     29.0020,     58.0040,      0.0193,      0.0006,      0.0156,      0.2072,   7845.4971,-420004.0000,   -914.9055,    554.3005,  26151.6562,
       1,     169,     173,       7,       1,       3,       1,     10.0000,      1.4058,     42.6841,    250.0236,     62.9213,      3.4953,      0.0000,     -0.0313,      1.3058,      0.1254,      5.6154,     11.2307,      1.1080,     29.0020,     58.0040,      0.0193,      0.0010,      0.0156,      0.2072,   7845.4971,-420271.4062,   -915.0020,    554.2820,  26151.6562,
       1,     169,     173,       8,       1,       3,       1,     10.0000,      1.4058,     42.6841,    250.0236,     62.9213,      3.4953,      0.0278,     -0.0034,      1.5080,      0.1258,      5.6154,     11.2307,      1.1114,     29.0020,     58.0040,      0.0193,      0.0009,      0.0204,      0.2072,   7845.4971,-420905.4688,   -915.2194,    554.2381,  26151.6562,
       1,     169,     173,       9,       1,       3,       1,     10.0000,      1.4058,     42.6841,    250.0236,     62.9213,      3.4953,      0.1009,      0.0693,     10.3830,      0.1319,      5.6154,     11.2307,      1.1658,     29.0020,     58.0040,      0.0193,      0.0010,      0.1237,      0.2072,   7845.4971,-421207.3438,   -915.4163,    554.2172,  26151.6543,
       1,     169,     173,      10,       1,       3,       1,     10.0000,      1.4058,     42.6841,    250.0236,     62.9213,      3.4953,      0.1806,      0.1486,     16.3119,      0.1453,      5.6154,     11.2307,      1.2835,     29.0020,     58.0040,      0.0193,      0.0008,      0.2373,      0.2072,   7845.4966,-432119.4062,   -915.3098,    553.4612,  26151.6582,
       1,     169,     173,      11,       1,       3,       1,     10.0000,      1.4058,     42.6841,    250.0236,     62.9213,      3.4953,      0.1890,      0.1567,     10.7582,      0.1517,      5.6154,     11.2307,      1.3404,     29.0020,     58.0040,      0.0193,      0.0005,      0.2500,      0.2072,   7845.4976,-440321.3125,   -917.7972,    552.8943,  26151.6562,
       1,     169,     173,      12,       1,       3,       1,     10.0000,      1.4058,     42.6841,    250.0236,     62.9213,      3.4953,      0.1889,      0.1560,     11.7759,      0.1699,      5.6154,     11.2307,      1.5012,     29.0020,     58.0040,      0.0193,      0.0006,      0.2500,      0.2072,   7845.4971,-434204.0000,   -917.6682,    553.3174,  26151.6543,
       1,     169,     173,      13,       1,       3,       1,     10.0000,      1.4058,     42.6841,    250.0236,     62.9213,      3.4953,      0.1888,      0.1551,     12.4453,      0.1939,      5.6154,     11.2307,      1.7135,     29.0020,     58.0040,      0.0193,      0.0006,      0.2500,      0.2072,   7845.4966,-434933.5312,   -918.8279,    553.2670,  26151.6562,
       1,     169,     173,      14,       1,       3,       1,     10.0000,      1.4058,     42.6841,    250.0236,     62.9213,      3.4953,      0.1887,      0.1545,     12.7846,      0.2134,      5.6154,     11.2307,      1.8856,     29.0020,     58.0040,      0.0193,      0.0006,      0.2500,      0.2072,   7845.4971,-435816.4375,   -920.1128,    553.2060,  26151.6543,
       1,     169,     173,      15,       1,       3,       1,     10.0000,      1.4058,     42.6841,    250.0236,     62.9213,      3.4953,      0.1892,      0.1549,     20.1547,      0.2176,      5.6154,     11.2307,      1.9231,     29.0020,     58.0040,      0.0193,      0.0010,      0.2500,      0.2072,   7845.4966,-436307.8125,   -921.5312,    553.1720,  26151.6562,
       1,     169,     173,      16,       1,       3,       1,     10.0000,      1.4058,     42.6841,    250.0236,     62.9213,      3.4953,      0.1902,      0.1558,     31.9019,      0.2176,      5.6154,     11.2307,      1.9231,     29.0020,     58.0040,      0.0193,      0.0016,      0.2500,      0.2072,   7845.4971,-445391.6875,   -924.2618,    552.5439,  26151.6582,
       1,     169,     173,      17,       1,       3,       1,     10.0000,      1.4058,     42.6841,    250.0236,     62.9213,      3.4953,      0.1828,      0.1483,     44.7784,      0.2252,      5.6154,     11.2307,      1.9903,     29.0020,     58.0040,      0.0193,      0.0023,      0.2379,      0.2072,   7845.4976,-460577.7812,   -927.9048,    551.4954,  26151.6543,
       1,     169,     173,      18,       1,       3,       1,     10.0000,      1.4058,     42.6841,    250.0236,     62.9213,      3.4953,      0.1472,      0.1127,     61.1791,      0.2241,      5.6154,     11.2307,      1.9806,     29.0020,     58.0040,      0.0193,      0.0041,      0.1841,      0.2072,   7845.4966,-477672.8125,   -931.9715,    550.3180,  26151.6562,
       1,     169,     173,      19,       1,       3,       1,     10.0000,      1.4058,     42.6841,    250.0236,     62.9213,      3.4953,      0.1204,      0.0861,     60.3386,      0.2151,      5.6154,     11.2307,      1.9005,     29.0020,     58.0040,      0.0193,      0.0051,      0.1451,      0.2072,   7845.4971,-499258.4375,   -936.7351,    548.8344,  26151.6562,
       1,     169,     173,      20,       1,       3,       1,     10.0000,      1.4058,     42.6841,    250.0236,     62.9213,      3.4953,      0.0258,     -0.0076,      5.7646,      0.1851,      5.6154,     11.2307,      1.6355,     29.0020,     58.0040,      0.0193,      0.0048,      0.0146,      0.2071,   7845.4971,-500059.0625,   -937.5598,    548.7814,  26151.6562,
       1,     169,     173,      21,       1,       3,       1,     10.0000,      1.4058,     42.6841,    250.0236,     62.9213,      3.4953,      0.0001,     -0.0325,      5.7969,      0.1606,      5.6154,     11.2307,      1.4194,     29.0020,     58.0040,      0.0193,      0.0045,      0.0156,      0.2071,   7845.4971,-433103.7812,   -925.2070,    553.3743,  26151.6582,
       1,     169,     173,      22,       1,       3,       1,     10.0000,      1.4058,     42.6841,    250.0236,     62.9213,      3.4953,      0.0000,     -0.0323,      6.3376,      0.1541,      5.6154,     11.2307,      1.3621,     29.0020,     58.0040,      0.0193,      0.0050,      0.0156,      0.2072,   7845.4976,-427527.7188,   -924.2518,    553.7793,  26151.6543,
       1,     169,     173,      23,       1,       3,       1,     10.0000,      1.4058,     42.6841,    250.0236,     62.9213,      3.4953,      0.0000,     -0.0322,      6.5763,      0.1512,      5.6154,     11.2307,      1.3363,     29.0020,     58.0040,      0.0193,      0.0051,      0.0156,      0.2072,   7845.4966,-427694.8750,   -924.4322,    553.7679,  26151.6562,
       1,     169,     173,      24,       1,       3,       1,     10.0000,      1.4058,     42.6841,    250.0236,     62.9213,      3.4953,      0.0000,     -0.0322,      6.2680,      0.1493,      5.6154,     11.2307,      1.3190,     29.0020,     58.0040,      0.0193,      0.0049,      0.0156,      0.2072,   7845.4971,-428001.4062,   -924.6744,    553.7468,  26151.6562,
       1,     169,     174,       1,       1,       3,       1,     10.0000,      1.4058,     42.6844,    250.0295,     62.9228,      3.4953,      0.0000,     -0.0318,      5.2524,      0.1387,      5.6152,     11.2304,      1.2252,     29.0095,     58.0189,      0.0193,      0.0041,      0.0156,      0.2072,   7845.4971,-427803.5625,   -925.0442,    553.7734,  26152.8262,
       1,     169,     174,       2,       1,       3,       1,     10.0000,      1.4058,     42.6844,    250.0295,     62.9228,      3.4953,      0.0000,     -0.0318,      3.8066,      0.1387,      5.6152,     11.2304,      1.2252,     29.0095,     58.0189,      0.0193,      0.0030,      0.0156,      0.2072,   7845.8481,-426388.8750,   -924.6240,    553.8714,  26152.8242,
       1,     169,     174,       3,       1,       3,       1,     10.0000,      1.4058,     42.6844,    250.0295,     62.9228,      3.4953,      0.0000,     -0.0318,      3.3026,      0.1387,      5.6152,     11.2304,      1.2252,     29.0095,     58.0189,      0.0193,      0.0026,      0.0156,      0.2072,   7845.8477,-424495.3438,   -924.3394,    554.0024,  26152.8262,
       1,     169,     174,       4,       1,       3,       1,     10.0000,      1.4058,     42.6844,    250.0295,     62.9228,      3.4953,      0.0000,     -0.0318,      3.2066,      0.1392,      5.6152,     11.2304,      1.2302,     29.0095,     58.0189,      0.0193,      0.0025,      0.0156,      0.2072,   7845.8481,-423716.2812,   -924.2635,    554.0565,  26152.8262,
       1,     169,     174,       5,       1,       3,       1,     10.0000,      1.4058,     42.6844,    250.0295,     62.9228,      3.4953,      0.0000,     -0.0318,      3.2776,      0.1394,      5.6152,     11.2304,      1.2315,     29.0095,     58.0189,      0.0193,      0.0026,      0.0156,      0.2072,   7845.8481,-423532.3125,   -924.2908,    554.0692,  26152.8242,
       1,     169,     174,       6,       1,       3,       1,     10.0000,      1.4058,     42.6844,    250.0295,     62.9228,      3.4953,      0.0000,     -0.0317,      2.3332,      0.1360,      5.6152,     11.2304,      1.2019,     29.0095,     58.0189,      0.0193,      0.0018,      0.0156,      0.2072,   7845.8477,-423603.9062,   -924.3799,    554.0641,  26152.8262,
       1,     169,     174,       7,       1,       3,       1,     10.0000,      1.4058,     42.6844,    250.0295,     62.9228,      3.4953,      0.0000,     -0.0315,      1.3226,      0.1323,      5.6152,     11.2304,      1.1694,     29.0095,     58.0189,      0.0193,      0.0010,      0.0156,      0.2072,   7845.8481,-422451.5938,   -924.2081,    554.1441,  26152.8262,
       1,     169,     174,       8,       1,       3,       1,     10.0000,      1.4058,     42.6844,    250.0295,     62.9228,      3.4953,      0.0268,     -0.0047,      0.6630,      0.1310,      5.6152,     11.2304,      1.1576,     29.0095,     58.0189,      0.0193,      0.0004,      0.0187,      0.2072,   7845.8481,-421114.1250,   -923.9761,    554.2367,  26152.8242,
       1,     169,     174,       9,       1,       3,       1,     10.0000,      1.4058,     42.6844,    250.0295,     62.9228,      3.4953,      0.1154,      0.0831,      3.6065,      0.1531,      5.6152,     11.2304,      1.3526,     29.0095,     58.0189,      0.0193,      0.0003,      0.1450,      0.2072,   7845.8477,-420191.7500,   -923.8204,    554.3006,  26152.8262,
       1,     169,     174,      10,       1,       3,       1,     10.0000,      1.4058,     42.6844,    250.0295,     62.9228,      3.4953,      0.1649,      0.1313,      6.9646,      0.1926,      5.6152,     11.2304,      1.7017,     29.0095,     58.0189,      0.0193,      0.0004,      0.2160,      0.2072,   7845.8481,-423723.2188,   -924.5577,    554.0558,  26152.8281,
       1,     169,     174,      11,       1,       3,       1,     10.0000,      1.4058,     42.6844,    250.0295,     62.9228,      3.4953,      0.1884,      0.1547,      7.9743,      0.1960,      5.6152,     11.2304,      1.7323,     29.0095,     58.0189,      0.0193,      0.0004,      0.2500,      0.2072,   7845.8486,-428142.0000,   -925.5728,    553.7499,  26152.8262,
       1,     169,     174,      12,       1,       3,       1,     10.0000,      1.4058,     42.6844,    250.0295,     62.9228,      3.4953,      0.1739,      0.1397,      9.6159,      0.2140,      5.6152,     11.2304,      1.8913,     29.0095,     58.0189,      0.0193,      0.0005,      0.2288,      0.2072,   7845.8481,-429756.2188,   -926.0945,    553.6382,  26152.8262,
       1,     169,     174,      13,       1,       3,       1,     10.0000,      1.4058,     42.6844,    250.0295,     62.9228,      3.4953,      0.1879,      0.1541,      8.2084,      0.1994,      5.6152,     11.2304,      1.7617,     29.0095,     58.0189,      0.0193,      0.0004,      0.2493,      0.2072,   7845.8481,-431907.0000,   -926.6871,    553.4894,  26152.8262,
       1,     169,     174,      14,       1,       3,       1,     10.0000,      1.4058,     42.6844,    250.0295,     62.9228,      3.4953,      0.1898,      0.1557,     26.5554,      0.2096,      5.6152,     11.2304,      1.8526,     29.0095,     58.0189,      0.0193,      0.0013,      0.2500,      0.2072,   7845.8481,-430363.1562,   -926.5279,    553.5963,  26152.8262,
       1,     169,     174,      15,       1,       3,       1,     10.0000,      1.4058,     42.6844,    250.0295,     62.9228,      3.4953,      0.1933,      0.1591,     71.1772,      0.2113,      5.6152,     11.2304,      1.8672,     29.0095,     58.0189,      0.0193,      0.0035,      0.2500,      0.2072,   7845.8481,-452737.0625,   -930.9639,    552.0480,  26152.8262,
       1,     169,     174,      16,       1,       3,       1,     10.0000,      1.4058,     42.6844,    250.0295,     62.9228,      3.4953,      0.1941,      0.1600,     84.5908,      0.2105,      5.6152,     11.2304,      1.8599,     29.0095,     58.0189,      0.0193,      0.0041,      0.2497,      0.2072,   7845.8481,-509395.5312,   -942.1672,    548.1404,  26152.8262,
       1,     169,     174,      17,       1,       3,       1,     10.0000,      1.4058,     42.6844,    250.0295,     62.9228,      3.4953,      0.1897,      0.1561,     87.0887,      0.1918,      5.6152,     11.2304,      1.6950,     29.0095,     58.0189,      0.0193,      0.0044,      0.2428,      0.2072,   7845.8481,-530708.8125,   -946.6273,    546.6939,  26152.8262,
       1,     169,     174,      18,       1,       3,       1,     10.0000,      1.4058,     42.6844,    250.0295,     62.9228,      3.4953,      0.1412,      0.1085,     45.7291,      0.1645,      5.6152,     11.2304,      1.4540,     29.0095,     58.0189,      0.0193,      0.0031,      0.1773,      0.2071,   7845.8481,-535569.9375,   -932.9778,    546.3636,  26152.6484,
       1,     169,     174,      19,       1,       3,       1,     10.0000,      1.4058,     42.6844,    250.0295,     62.9228,      3.4953,      0.0991,      0.0667,     32.7305,      0.1562,      5.6152,     11.2304,      1.3801,     29.0095,     58.0189,      0.0193,      0.0034,      0.1182,      0.2071,   7845.7949,-485184.5938,   -923.1636,    549.8048,  26152.7773,
       1,     169,     174,      20,       1,       3,       1,     10.0000,      1.4058,     42.6844,    250.0295,     62.9228,      3.4953,      0.0242,     -0.0082,      4.1451,      0.1567,      5.6152,     11.2304,      1.3842,     29.0095,     58.0189,      0.0193,      0.0037,      0.0136,      0.2072,   7845.8335,-464983.1875,   -919.1952,    551.2040,  26152.8262,
       1,     169,     174,      21,       1,       3,       1,     10.0000,      1.4058,     42.6844,    250.0295,     62.9228,      3.4953,      0.0001,     -0.0324,      4.4250,      0.1584,      5.6152,     11.2304,      1.3996,     29.0095,     58.0189,      0.0193,      0.0035,      0.0156,      0.2072,   7845.8481,-428176.4375,   -913.1400,    553.7418,  26152.8262,
       1,     169,     174,      22,       1,       3,       1,     10.0000,      1.4058,     42.6844,    250.0295,     62.9228,      3.4953,      0.0000,     -0.0324,      3.1701,      0.1563,      5.6152,     11.2304,      1.3815,     29.0095,     58.0189,      0.0193,      0.0025,      0.0156,      0.2072,   7845.8481,-425412.7188,   -911.5469,    553.9389,  26152.8262,
       1,     169,     174,      23,       1,       3,       1,     10.0000,      1.4058,     42.6844,    250.0295,     62.9228,      3.4953,      0.0000,     -0.0323,      0.5711,      0.1537,      5.6152,     11.2304,      1.3581,     29.0095,     58.0189,      0.0193,      0.0004,      0.0156,      0.2072,   7845.8481,-423631.6562,   -911.0917,    554.0623,  26152.8281,
       1,     169,     174,      24,       1,       3,       1,     10.0000,      1.4058,     42.6844,    250.0295,     62.9228,      3.4953,      0.0000,     -0.0323,      0.5727,      0.1542,      5.6152,     11.2304,      1.3622,     29.0095,     58.0189,      0.0193,      0.0004,      0.0156,      0.2072,   7845.8486,-420292.1562,   -910.5125,    554.2936,  26152.8262,
       1,     169,     175,       1,       1,       3,       1,     10.0000,      1.4059,     42.6847,    250.0354,     62.9243,      3.4953,      0.0000,     -0.0323,      1.0731,      0.1540,      5.6151,     11.2302,      1.3608,     29.0161,     58.0322,      0.0193,      0.0008,      0.0156,      0.2073,   7845.8481,-420166.6562,   -910.7762,    554.3154,  26153.9980,
       1,     169,     175,       2,       1,       3,       1,     10.0000,      1.4059,     42.6847,    250.0354,     62.9243,      3.4953,      0.0000,     -0.0323,      0.8885,      0.1528,      5.6151,     11.2302,      1.3499,     29.0161,     58.0322,      0.0193,      0.0007,      0.0156,      0.2073,   7846.1997,-420616.9688,   -910.6940,    554.2842,  26153.9980,
       1,     169,     175,       3,       1,       3,       1,     10.0000,      1.4059,     42.6847,    250.0354,     62.9243,      3.4953,      0.0000,     -0.0323,      0.4875,      0.1529,      5.6151,     11.2302,      1.3513,     29.0161,     58.0322,      0.0193,      0.0004,      0.0156,      0.2073,   7846.1997,-420428.8438,   -910.7241,    554.2972,  26153.9980,
       1,     169,     175,       4,       1,       3,       1,     10.0000,      1.4059,     42.6847,    250.0354,     62.9243,      3.4953,      0.0000,     -0.0322,      0.3623,      0.1487,      5.6151,     11.2302,      1.3137,     29.0161,     58.0322,      0.0193,      0.0003,      0.0156,      0.2073,   7846.1997,-419921.1562,   -910.1439,    554.3324,  26153.9961,
       1,     169,     175,       5,       1,       3,       1,     10.0000,      1.4059,     42.6847,    250.0354,     62.9243,      3.4953,      0.0000,     -0.0320,      0.3735,      0.1434,      5.6151,     11.2302,      1.2669,     29.0161,     58.0322,      0.0193,      0.0003,      0.0156,      0.2073,   7846.1992,-419724.6562,   -910.1107,    554.3459,  26153.9980,
       1,     169,     175,       6,       1,       3,       1,     10.0000,      1.4059,     42.6847,    250.0354,     62.9243,      3.4953,      0.0000,     -0.0319,      0.4437,      0.1418,      5.6151,     11.2302,      1.2528,     29.0161,     58.0322,      0.0193,      0.0003,      0.0156,      0.2073,   7846.1997,-419721.5625,   -910.0958,    554.3461,  26153.9980,
       1,     169,     175,       7,       1,       3,       1,     10.0000,      1.4059,     42.6847,    250.0354,     62.9243,      3.4953,      0.0000,     -0.0319,      0.4498,      0.1421,      5.6151,     11.2302,      1.2554,     29.0161,     58.0322,      0.0193,      0.0004,      0.0156,      0.2073,   7846.1997,-419807.5312,   -910.1263,    554.3403,  26153.9980,
       1,     169,     175,       8,       1,       3,       1,     10.0000,      1.4059,     42.6847,    250.0354,     62.9243,      3.4953,      0.0130,     -0.0189,      0.3990,      0.1432,      5.6151,     11.2302,      1.2656,     29.0161,     58.0322,      0.0193,      0.0003,      0.0156,      0.2073,   7846.1997,-419822.1250,   -910.1464,    554.3392,  26153.9980,
       1,     169,     175,       9,       1,       3,       1,     10.0000,      1.4059,     42.6847,    250.0354,     62.9243,      3.4953,      0.0989,      0.0667,      2.8783,      0.1514,      5.6151,     11.2302,      1.3378,     29.0161,     58.0322,      0.0193,      0.0003,      0.1214,      0.2073,   7846.1997,-419761.1562,   -910.1782,    554.3434,  26154.0000,
       1,     169,     175,      10,       1,       3,       1,     10.0000,      1.4059,     42.6847,    250.0354,     62.9243,      3.4953,      0.1443,      0.1114,      5.9189,      0.1696,      5.6151,     11.2302,      1.4983,     29.0161,     58.0322,      0.0193,      0.0004,      0.1863,      0.2073,   7846.2002,-422795.9375,   -911.0115,    554.1332,  26153.9980,
       1,     169,     175,      11,       1,       3,       1,     10.0000,      1.4059,     42.6847,    250.0354,     62.9243,      3.4953,      0.1884,      0.1547,      8.2706,      0.1970,      5.6151,     11.2302,      1.7409,     29.0161,     58.0322,      0.0193,      0.0004,      0.2500,      0.2073,   7846.1997,-426783.0625,   -912.3939,    553.8570,  26153.9980,
       1,     169,     175,      12,       1,       3,       1,     10.0000,      1.4059,     42.6847,    250.0354,     62.9243,      3.4953,      0.1886,      0.1551,      9.4076,      0.1881,      5.6151,     11.2302,      1.6617,     29.0161,     58.0322,      0.0193,      0.0005,      0.2500,      0.2073,   7846.1997,-430006.2812,   -914.5102,    553.6339,  26153.9980,
       1,     169,     175,      13,       1,       3,       1,     10.0000,      1.4059,     42.6847,    250.0354,     62.9243,      3.4953,      0.1888,      0.1554,     12.6651,      0.1879,      5.6151,     11.2302,      1.6601,     29.0161,     58.0322,      0.0193,      0.0006,      0.2500,      0.2073,   7846.1997,-431674.5000,   -916.9858,    553.5185,  26153.9980,
       1,     169,     175,      14,       1,       3,       1,     10.0000,      1.4059,     42.6847,    250.0354,     62.9243,      3.4953,      0.1893,      0.1556,     18.7934,      0.1957,      5.6151,     11.2302,      1.7289,     29.0161,     58.0322,      0.0193,      0.0009,      0.2500,      0.2073,   7846.1997,-435811.5938,   -919.0818,    553.2324,  26153.9961,
       1,     169,     175,      15,       1,       3,       1,     10.0000,      1.4059,     42.6847,    250.0354,     62.9243,      3.4953,      0.1902,      0.1563,     31.4850,      0.2031,      5.6151,     11.2302,      1.7951,     29.0161,     58.0322,      0.0193,      0.0015,      0.2500,      0.2073,   7846.1992,-443680.0625,   -921.7699,    552.6882,  26153.9961,
       1,     169,     175,      16,       1,       3,       1,     10.0000,      1.4059,     42.6847,    250.0354,     62.9243,      3.4953,      0.1860,      0.1529,     48.5958,      0.1749,      5.6151,     11.2302,      1.5454,     29.0161,     58.0322,      0.0193,      0.0025,      0.2416,      0.2072,   7846.1992,-459917.7188,   -925.8045,    551.5667,  26154.0000,
       1,     169,     175,      17,       1,       3,       1,     10.0000,      1.4059,     42.6847,    250.0354,     62.9243,      3.4953,      0.1774,      0.1450,     34.8956,      0.1542,      5.6151,     11.2302,      1.3622,     29.0161,     58.0322,      0.0193,      0.0018,      0.2306,      0.2072,   7846.2002,-482292.9688,   -922.8589,    550.0252,  26153.9980,
       1,     169,     175,      18,       1,       3,       1,     10.0000,      1.4059,     42.6847,    250.0354,     62.9243,      3.4953,      0.1753,      0.1422,     31.7081,      0.1772,      5.6151,     11.2302,      1.5655,     29.0161,     58.0322,      0.0193,      0.0017,      0.2281,      0.2072,   7846.1997,-467378.2812,   -920.3115,    551.0527,  26154.0000,
       1,     169,     175,      19,       1,       3,       1,     10.0000,      1.4059,     42.6847,    250.0354,     62.9243,      3.4953,      0.1418,      0.1080,     34.5870,      0.1974,      5.6151,     11.2302,      1.7444,     29.0161,     58.0322,      0.0193,      0.0024,      0.1792,      0.2072,   7846.2002,-462203.2812,   -920.8680,    551.4102,  26153.9980,
       1,     169,     175,      20,       1,       3,       1,     10.0000,      1.4059,     42.6847,    250.0354,     62.9243,      3.4953,      0.0275,     -0.0058,      3.4882,      0.1825,      5.6151,     11.2302,      1.6129,     29.0161,     58.0322,      0.0193,      0.0024,      0.0174,      0.2072,   7846.1997,-465296.7188,   -922.5071,    551.1971,  26154.0000,
       1,     169,     175,      21,       1,       3,       1,     10.0000,      1.4059,     42.6847,    250.0354,     62.9243,      3.4953,      0.0002,     -0.0329,      1.6655,      0.1754,      5.6151,     11.2302,      1.5500,     29.0161,     58.0322,      0.0193,      0.0013,      0.0156,      0.2072,   7846.2002,-427396.5312,   -915.9879,    553.8085,  26153.9961,
       1,     169,     175,      22,       1,       3,       1,     10.0000,      1.4059,     42.6847,    250.0354,     62.9243,      3.4953,      0.0000,     -0.0328,      0.5259,      0.1674,      5.6151,     11.2302,      1.4789,     29.0161,     58.0322,      0.0193,      0.0004,      0.0156,      0.2073,   7846.1992,-421965.1875,   -915.1359,    554.1906,  26153.9980,
       1,     169,     175,      23,       1,       3,       1,     10.0000,      1.4059,     42.6847,    250.0354,     62.9243,      3.4953,      0.0000,     -0.0326,      0.9612,      0.1627,      5.6151,     11.2302,      1.4381,     29.0161,     58.0322,      0.0193,      0.0008,      0.0156,      0.2073,   7846.1997,-420098.9688,   -914.8095,    554.3201,  26154.0000,
       1,     169,     175,      24,       1,       3,       1,     10.0000,      1.4059,     42.6847,    250.0354,     62.9243,      3.4953,      0.0000,     -0.0323,      2.2255,      0.1531,      5.6151,     11.2302,      1.3526,     29.0161,     58.0322,      0.0193,      0.0017,      0.0156,      0.2073,   7846.2002,-420473.7188,   -914.9308,    554.2941,  26153.9980,
       1,     169,     176,       1,       1,       3,       1,     10.0000,      1.4059,     42.6851,    250.0413,     62.9258,      3.4953,      0.0000,     -0.0324,      1.8634,      0.1552,      5.6159,     11.2317,      1.3718,     29.0233,     58.0465,      0.0193,      0.0015,      0.0156,      0.2073,   7846.1997,-422211.5312,   -915.6565,    554.1867,  26155.1680,
       1,     169,     176,       2,       1,       3,       1,     10.0000,      1.4059,     42.6851,    250.0413,     62.9258,      3.4953,      0.0000,     -0.0326,      1.9016,      0.1608,      5.6159,     11.2317,      1.4209,     29.0233,     58.0465,      0.0193,      0.0015,      0.0156,      0.2073,   7846.5508,-421762.8438,   -915.4670,    554.2178,  26155.1699,
       1,     169,     176,       3,       1,       3,       1,     10.0000,      1.4059,     42.6851,    250.0413,     62.9258,      3.4953,      0.0000,     -0.0322,      1.7044,      0.1503,      5.6159,     11.2317,      1.3284,     29.0233,     58.0465,      0.0193,      0.0013,      0.0156,      0.2073,   7846.5513,-421771.2812,   -915.6245,    554.2172,  26155.1699,
       1,     169,     176,       4,       1,       3,       1,     10.0000,      1.4059,     42.6851,    250.0413,     62.9258,      3.4953,      0.0000,     -0.0321,      1.6102,      0.1475,      5.6159,     11.2317,      1.3032,     29.0233,     58.0465,      0.0193,      0.0013,      0.0156,      0.2073,   7846.5513,-421530.1562,   -915.6904,    554.2339,  26155.1699,
       1,     169,     176,       5,       1,       3,       1,     10.0000,      1.4059,     42.6851,    250.0413,     62.9258,      3.4953,      0.0000,     -0.0319,      0.7990,      0.1416,      5.6159,     11.2317,      1.2516,     29.0233,     58.0465,      0.0193,      0.0006,      0.0156,      0.2073,   7846.5513,-421394.0938,   -915.7716,    554.2433,  26155.1680,
       1,     169,     176,       6,       1,       3,       1,     10.0000,      1.4059,     42.6851,    250.0413,     62.9258,      3.4953,      0.0000,     -0.0319,      1.0541,      0.1421,      5.6159,     11.2317,      1.2554,     29.0233,     58.0465,      0.0193,      0.0008,      0.0156,      0.2073,   7846.5508,-420388.2812,   -915.6160,    554.3130,  26155.1699,
       1,     169,     176,       7,       1,       3,       1,     10.0000,      1.4059,     42.6851,    250.0413,     62.9258,      3.4953,      0.0000,     -0.0317,      1.4639,      0.1375,      5.6159,     11.2317,      1.2154,     29.0233,     58.0465,      0.0193,      0.0011,      0.0156,      0.2073,   7846.5513,-420615.1875,   -915.7229,    554.2973,  26155.1680,
       1,     169,     176,       8,       1,       3,       1,     10.0000,      1.4059,     42.6851,    250.0413,     62.9258,      3.4953,      0.0141,     -0.0178,      0.0121,      0.1411,      5.6159,     11.2317,      1.2466,     29.0233,     58.0465,      0.0193,      0.0007,      0.0002,      0.2073,   7846.5508,-421137.3750,   -915.8927,    554.2611,  26155.1699,
       1,     169,     176,       9,       1,       3,       1,     10.0000,      1.4059,     42.6851,    250.0413,     62.9258,      3.4953,      0.0820,      0.0498,      3.9974,      0.1500,      5.6159,     11.2317,      1.3257,     29.0233,     58.0465,      0.0193,      0.0005,      0.0969,      0.2073,   7846.5513,-419401.2500,   -915.6507,    554.3814,  26155.1699,
       1,     169,     176,      10,       1,       3,       1,     10.0000,      1.4059,     42.6851,    250.0413,     62.9258,      3.4953,      0.1753,      0.1428,      9.7852,      0.1563,      5.6159,     11.2317,      1.3815,     29.0233,     58.0465,      0.0193,      0.0005,      0.2304,      0.2073,   7846.5513,-424140.4062,   -916.8251,    554.0530,  26155.1699,
       1,     169,     176,      11,       1,       3,       1,     10.0000,      1.4059,     42.6851,    250.0413,     62.9258,      3.4953,      0.1893,      0.1563,     16.2770,      0.1716,      5.6159,     11.2317,      1.5164,     29.0233,     58.0465,      0.0193,      0.0008,      0.2500,      0.2073,   7846.5513,-431640.4375,   -919.0666,    553.5337,  26155.1699,
       1,     169,     176,      12,       1,       3,       1,     10.0000,      1.4059,     42.6851,    250.0413,     62.9258,      3.4953,      0.1890,      0.1556,     14.0289,      0.1864,      5.6159,     11.2317,      1.6470,     29.0233,     58.0465,      0.0193,      0.0007,      0.2500,      0.2073,   7846.5513,-440239.3438,   -921.5593,    552.9390,  26155.1699,
       1,     169,     176,      13,       1,       3,       1,     10.0000,      1.4059,     42.6851,    250.0413,     62.9258,      3.4953,      0.1886,      0.1547,     10.0318,      0.2019,      5.6159,     11.2317,      1.7845,     29.0233,     58.0465,      0.0193,      0.0005,      0.2500,      0.2073,   7846.5513,-438212.5625,   -922.3190,    553.0793,  26155.1699,
       1,     169,     176,      14,       1,       3,       1,     10.0000,      1.4059,     42.6851,    250.0413,     62.9258,      3.4953,      0.1884,      0.1542,      9.0545,      0.2134,      5.6159,     11.2317,      1.8858,     29.0233,     58.0465,      0.0193,      0.0004,      0.2500,      0.2073,   7846.5513,-433137.8438,   -922.2759,    553.4302,  26155.1680,
       1,     169,     176,      15,       1,       3,       1,     10.0000,      1.4059,     42.6851,    250.0413,     62.9258,      3.4953,      0.1892,      0.1545,     21.3529,      0.2331,      5.6159,     11.2317,      2.0598,     29.0233,     58.0465,      0.0193,      0.0010,      0.2500,      0.2073,   7846.5508,-431509.0938,   -922.8596,    553.5430,  26155.1699,
       1,     169,     176,      16,       1,       3,       1,     10.0000,      1.4059,     42.6851,    250.0413,     62.9258,      3.4953,      0.1867,      0.1515,     36.4726,      0.2467,      5.6159,     11.2317,      2.1798,     29.0233,     58.0465,      0.0193,      0.0018,      0.2446,      0.2073,   7846.5513,-446452.8438,   -926.4017,    552.5090,  26155.1719,
       1,     169,     176,      17,       1,       3,       1,     10.0000,      1.4059,     42.6851,    250.0413,     62.9258,      3.4953,      0.1760,      0.1412,     48.3565,      0.2329,      5.6159,     11.2317,      2.0578,     29.0233,     58.0465,      0.0193,      0.0026,      0.2275,      0.2073,   7846.5518,-466270.2500,   -930.7138,    551.1414,  26155.1719,
       1,     169,     176,      18,       1,       3,       1,     10.0000,      1.4059,     42.6851,    250.0413,     62.9258,      3.4953,      0.1416,      0.1077,     40.1818,      0.2035,      5.6159,     11.2317,      1.7987,     29.0233,     58.0465,      0.0193,      0.0027,      0.1784,      0.2073,   7846.5518,-482535.8750,   -934.3231,    550.0225,  26155.1719,
       1,     169,     176,      19,       1,       3,       1,     10.0000,      1.4059,     42.6851,    250.0413,     62.9258,      3.4953,      0.1164,      0.0830,     40.7072,      0.1864,      5.6159,     11.2317,      1.6470,     29.0233,     58.0465,      0.0193,      0.0035,      0.1418,      0.2072,   7846.5518,-473882.3125,   -933.0986,    550.6185,  26155.1699,
       1,     169,     176,      20,       1,       3,       1,     10.0000,      1.4059,     42.6851,    250.0413,     62.9258,      3.4953,      0.0212,     -0.0113,      3.4926,      0.1608,      5.6159,     11.2317,      1.4209,     29.0233,     58.0465,      0.0193,      0.0046,      0.0092,      0.2072,   7846.5513,-473793.9688,   -926.4212,    550.6249,  26155.1680,
       1,     169,     176,      21,       1,       3,       1,     10.0000,      1.4059,     42.6851,    250.0413,     62.9258,      3.4953,      0.0001,     -0.0322,      6.3527,      0.1546,      5.6159,     11.2317,      1.3663,     29.0233,     58.0465,      0.0193,      0.0050,      0.0156,      0.2072,   7846.5508,-428119.1250,   -918.6771,    553.7686,  26155.1699,
       1,     169,     176,      22,       1,       3,       1,     10.0000,      1.4059,     42.6851,    250.0413,     62.9258,      3.4953,      0.0000,     -0.0322,      5.7333,      0.1496,      5.6159,     11.2317,      1.3217,     29.0233,     58.0465,      0.0193,      0.0045,      0.0156,      0.2073,   7846.5513,-427780.2812,   -919.1525,    553.8011,  26155.1699,
       1,     169,     176,      23,       1,       3,       1,     10.0000,      1.4059,     42.6851,    250.0413,     62.9258,      3.4953,      0.0000,     -0.0319,      4.1687,      0.1428,      5.6159,     11.2317,      1.2618,     29.0233,     58.0465,      0.0193,      0.0033,      0.0156,      0.2073,   7846.5513,-426980.9062,   -919.3449,    553.8564,  26155.1699,
       1,     169,     176,      24,       1,       3,       1,     10.0000,      1.4059,     42.6851,    250.0413,     62.9258,      3.4953,      0.0000,     -0.0320,      2.9664,      0.1453,      5.6159,     11.2317,      1.2836,     29.0233,     58.0465,      0.0193,      0.0023,      0.0156,      0.2073,   7846.5513,-424994.3750,   -919.2063,    553.9940,  26155.1680,
       1,     169,     177,       1,       1,       3,       1,     10.0000,      1.4059,     42.6854,    250.0471,     62.9272,      3.4953,      0.0000,     -0.0320,      0.9228,      0.1437,      5.6154,     11.2309,      1.2695,     29.0290,     58.0579,      0.0193,      0.0007,      0.0156,      0.2073,   7846.5508,-423506.7500,   -919.2836,    554.1099,  26156.3418,
       1,     169,     177,       2,       1,       3,       1,     10.0000,      1.4059,     42.6854,    250.0471,     62.9272,      3.4953,      0.0000,     -0.0319,      0.5402,      0.1421,      5.6154,     11.2309,      1.2554,     29.0290,     58.0579,      0.0193,      0.0004,      0.0156,      0.2073,   7846.9028,-420722.0000,   -918.5277,    554.3029,  26156.3398,
       1,     169,     177,       3,       1,       3,       1,     10.0000,      1.4059,     42.6854,    250.0471,     62.9272,      3.4953,      0.0000,     -0.0320,      0.7747,      0.1448,      5.6154,     11.2309,      1.2798,     29.0290,     58.0579,      0.0193,      0.0006,      0.0156,      0.2073,   7846.9023,-420016.5000,   -918.4102,    554.3518,  26156.3418,
       1,     169,     177,       4,       1,       3,       1,     10.0000,      1.4059,     42.6854,    250.0471,     62.9272,      3.4953,      0.0000,     -0.0319,      0.4870,      0.1424,      5.6154,     11.2309,      1.2580,     29.0290,     58.0579,      0.0193,      0.0004,      0.0156,      0.2073,   7846.9028,-420243.8438,   -918.4781,    554.3360,  26156.3418,
       1,     169,     177,       5,       1,       3,       1,     10.0000,      1.4059,     42.6854,    250.0471,     62.9272,      3.4953,      0.0000,     -0.0319,      0.4004,      0.1428,      5.6154,     11.2309,      1.2618,     29.0290,     58.0579,      0.0193,      0.0003,      0.0156,      0.2073,   7846.9028,-419910.5312,   -918.4267,    554.3592,  26156.3418,
       1,     169,     177,       6,       1,       3,       1,     10.0000,      1.4059,     42.6854,    250.0471,     62.9272,      3.4953,      0.0000,     -0.0321,      0.3565,      0.1466,      5.6154,     11.2309,      1.2954,     29.0290,     58.0579,      0.0193,      0.0003,      0.0156,      0.2073,   7846.9028,-419775.8750,   -918.4053,    554.3685,  26156.3438,
       1,     169,     177,       7,       1,       3,       1,     10.0000,      1.4059,     42.6854,    250.0471,     62.9272,      3.4953,      0.0000,     -0.0320,      0.5548,      0.1440,      5.6154,     11.2309,      1.2720,     29.0290,     58.0579,      0.0193,      0.0004,      0.0156,      0.2073,   7846.9033,-419710.5312,   -918.3943,    554.3730,  26156.3418,
       1,     169,     177,       8,       1,       3,       1,     10.0000,      1.4059,     42.6854,    250.0471,     62.9272,      3.4953,      0.0163,     -0.0156,      0.2672,      0.1424,      5.6154,     11.2309,      1.2580,     29.0290,     58.0579,      0.0193,      0.0010,      0.0033,      0.2073,   7846.9028,-419948.2188,   -918.4472,    554.3565,  26156.3418,
       1,     169,     177,       9,       1,       3,       1,     10.0000,      1.4059,     42.6854,    250.0471,     62.9272,      3.4953,      0.0867,      0.0542,     10.6386,      0.1578,      5.6154,     11.2309,      1.3941,     29.0290,     58.0579,      0.0193,      0.0013,      0.1027,      0.2073,   7846.9028,-419615.9688,   -918.4714,    554.3796,  26156.3418,
       1,     169,     177,      10,       1,       3,       1,     10.0000,      1.4059,     42.6854,    250.0471,     62.9272,      3.4953,      0.1714,      0.1385,     14.4861,      0.1716,      5.6154,     11.2309,      1.5164,     29.0290,     58.0579,      0.0193,      0.0008,      0.2244,      0.2073,   7846.9028,-432303.0625,   -921.1783,    553.5004,  26156.3438,
       1,     169,     177,      11,       1,       3,       1,     10.0000,      1.4059,     42.6854,    250.0471,     62.9272,      3.4953,      0.1803,      0.1469,     11.4124,      0.1866,      5.6154,     11.2309,      1.6487,     29.0290,     58.0579,      0.0193,      0.0006,      0.2377,      0.2073,   7846.9033,-438100.5312,   -923.2479,    553.0999,  26156.3418,
       1,     169,     177,      12,       1,       3,       1,     10.0000,      1.4059,     42.6854,    250.0471,     62.9272,      3.4953,      0.1883,      0.1543,      9.9094,      0.2048,      5.6154,     11.2309,      1.8094,     29.0290,     58.0579,      0.0193,      0.0005,      0.2497,      0.2073,   7846.9028,-434822.9062,   -923.6625,    553.3267,  26156.3418,
       1,     169,     177,      13,       1,       3,       1,     10.0000,      1.4059,     42.6854,    250.0471,     62.9272,      3.4953,      0.1885,      0.1553,      7.2386,      0.1802,      5.6154,     11.2309,      1.5923,     29.0290,     58.0579,      0.0193,      0.0004,      0.2500,      0.2073,   7846.9028,-432701.5938,   -924.0396,    553.4734,  26156.3418,
       1,     169,     177,      14,       1,       3,       1,     10.0000,      1.4059,     42.6854,    250.0471,     62.9272,      3.4953,      0.1890,      0.1559,     13.4480,      0.1763,      5.6154,     11.2309,      1.5578,     29.0290,     58.0579,      0.0193,      0.0007,      0.2500,      0.2073,   7846.9028,-429246.5312,   -923.8694,    553.7125,  26156.3418,
       1,     169,     177,      15,       1,       3,       1,     10.0000,      1.4059,     42.6854,    250.0471,     62.9272,      3.4953,      0.1900,      0.1569,     26.3057,      0.1779,      5.6154,     11.2309,      1.5718,     29.0290,     58.0579,      0.0193,      0.0013,      0.2500,      0.2073,   7846.9028,-436567.2188,   -926.0288,    553.2058,  26156.3418,
       1,     169,     177,      16,       1,       3,       1,     10.0000,      1.4059,     42.6854,    250.0471,     62.9272,      3.4953,      0.1908,      0.1580,     34.6003,      0.1665,      5.6154,     11.2309,      1.4716,     29.0290,     58.0579,      0.0193,      0.0017,      0.2500,      0.2073,   7846.9028,-452956.9062,   -929.7220,    552.0727,  26156.3398,
       1,     169,     177,      17,       1,       3,       1,     10.0000,      1.4059,     42.6854,    250.0471,     62.9272,      3.4953,      0.1903,      0.1578,     55.7627,      0.1575,      5.6154,     11.2309,      1.3913,     29.0290,     58.0579,      0.0193,      0.0028,      0.2468,      0.2073,   7846.9023,-464524.8125,   -932.5265,    551.2756,  26156.3418,
       1,     169,     177,      18,       1,       3,       1,     10.0000,      1.4059,     42.6854,    250.0471,     62.9272,      3.4953,      0.1571,      0.1248,     45.6166,      0.1522,      5.6154,     11.2309,      1.3446,     29.0290,     58.0579,      0.0193,      0.0028,      0.2002,      0.2073,   7846.9028,-491468.0625,   -936.7510,    549.4196,  26156.3418,
       1,     169,     177,      19,       1,       3,       1,     10.0000,      1.4059,     42.6854,    250.0471,     62.9272,      3.4953,      0.0853,      0.0531,     23.3832,      0.1496,      5.6154,     11.2309,      1.3217,     29.0290,     58.0579,      0.0193,      0.0029,      0.0995,      0.2073,   7846.9028,-481306.4062,   -932.8926,    550.1205,  26156.3398,
       1,     169,     177,      20,       1,       3,       1,     10.0000,      1.4059,     42.6854,    250.0471,     62.9272,      3.4953,      0.0176,     -0.0145,      1.0033,      0.1475,      5.6154,     11.2309,      1.3032,     29.0290,     58.0579,      0.0193,      0.0025,      0.0048,      0.2073,   7846.9023,-453160.4375,   -928.0816,    552.0564,  26156.3398,
       1,     169,     177,      21,       1,       3,       1,     10.0000,      1.4059,     42.6854,    250.0471,     62.9272,      3.4953,      0.0001,     -0.0318,      2.6169,      0.1406,      5.6154,     11.2309,      1.2428,     29.0290,     58.0579,      0.0193,      0.0020,      0.0156,      0.2073,   7846.9023,-423334.3438,   -922.6671,    554.1181,  26156.3398,
       1,     169,     177,      22,       1,       3,       1,     10.0000,      1.4059,     42.6854,    250.0471,     62.9272,      3.4953,      0.0000,     -0.0317,      1.3743,      0.1374,      5.6154,     11.2309,      1.2142,     29.0290,     58.0579,      0.0193,      0.0011,      0.0156,      0.2073,   7846.9023,-422789.2500,   -922.7104,    554.1597,  26156.3398,
       1,     169,     177,      23,       1,       3,       1,     10.0000,      1.4059,     42.6854,    250.0471,     62.9272,      3.4953,      0.0000,     -0.0317,      0.7444,      0.1364,      5.6154,     11.2309,      1.2056,     29.0290,     58.0579,      0.0193,      0.0006,      0.0156,      0.2073,   7846.9023,-421214.7188,   -922.4824,    554.2688,  26156.3398,
       1,     169,     177,      24,       1,       3,       1,     10.0000,      1.4059,     42.6854,    250.0471,     62.9272,      3.4953,      0.0000,     -0.0317,      0.5690,      0.1367,      5.6154,     11.2309,      1.2081,     29.0290,     58.0579,      0.0193,      0.0004,      0.0156,      0.2073,   7846.9023,-420308.6562,   -922.3396,    554.3315,  26156.3398,
       1,     169,     178,       1,       1,       3,       1,     10.0000,      1.4059,     42.6857,    250.0530,     62.9287,      3.4953,      0.0000,     -0.0317,      0.5180,      0.1373,      5.6160,     11.2319,      1.2130,     29.0349,     58.0698,      0.0193,      0.0004,      0.0156,      0.2073,   7846.9023,-420172.3438,   -922.6022,    554.3540,  26157.5117,
       1,     169,     178,       2,       1,       3,       1,     10.0000,      1.4059,     42.6857,    250.0530,     62.9287,      3.4953,      0.0000,     -0.0316,      0.4185,      0.1338,      5.6160,     11.2319,      1.1826,     29.0349,     58.0698,      0.0193,      0.0003,      0.0156,      0.2073,   7847.2539,-419945.3438,   -922.3047,    554.3697,  26157.5137,
       1,     169,     178,       3,       1,       3,       1,     10.0000,      1.4059,     42.6857,    250.0530,     62.9287,      3.4953,      0.0000,     -0.0315,      0.3747,      0.1301,      5.6160,     11.2319,      1.1495,     29.0349,     58.0698,      0.0193,      0.0003,      0.0156,      0.2073,   7847.2544,-419804.0625,   -922.2828,    554.3795,  26157.5117,
       1,     169,     178,       4,       1,       3,       1,     10.0000,      1.4059,     42.6857,    250.0530,     62.9287,      3.4953,      0.0000,     -0.0313,      0.4118,      0.1257,      5.6160,     11.2319,      1.1104,     29.0349,     58.0698,      0.0193,      0.0003,      0.0156,      0.2073,   7847.2539,-419738.5000,   -922.2753,    554.3840,  26157.5098,
       1,     169,     178,       5,       1,       3,       1,     10.0000,      1.4059,     42.6857,    250.0530,     62.9287,      3.4953,      0.0000,     -0.0311,      0.5427,      0.1199,      5.6160,     11.2319,      1.0594,     29.0349,     58.0698,      0.0193,      0.0004,      0.0156,      0.2073,   7847.2534,-419778.6875,   -922.2900,    554.3813,  26157.5098,
       1,     169,     178,       6,       1,       3,       1,     10.0000,      1.4059,     42.6857,    250.0530,     62.9287,      3.4953,      0.0000,     -0.0313,      1.0213,      0.1251,      5.6160,     11.2319,      1.1059,     29.0349,     58.0698,      0.0193,      0.0008,      0.0156,      0.2073,   7847.2534,-419942.4375,   -922.3334,    554.3699,  26157.5117,
       1,     169,     178,       7,       1,       3,       1,     10.0000,      1.4059,     42.6857,    250.0530,     62.9287,      3.4953,      0.0000,     -0.0313,      0.7595,      0.1255,      5.6160,     11.2319,      1.1092,     29.0349,     58.0698,      0.0193,      0.0006,      0.0156,      0.2073,   7847.2539,-420542.9375,   -922.4684,    554.3283,  26157.5117,
       1,     169,     178,       8,       1,       3,       1,     10.0000,      1.4059,     42.6857,    250.0530,     62.9287,      3.4953,      0.0207,     -0.0106,      0.2672,      0.1277,      5.6160,     11.2319,      1.1286,     29.0349,     58.0698,      0.0193,      0.0003,      0.0103,      0.2073,   7847.2539,-420273.0000,   -922.4369,    554.3470,  26157.5117,
       1,     169,     178,       9,       1,       3,       1,     10.0000,      1.4059,     42.6857,    250.0530,     62.9287,      3.4953,      0.1258,      0.0933,      3.9601,      0.1573,      5.6160,     11.2319,      1.3899,     29.0349,     58.0698,      0.0193,      0.0003,      0.1598,      0.2073,   7847.2539,-419646.5625,   -922.3618,    554.3903,  26157.5117,
       1,     169,     178,      10,       1,       3,       1,     10.0000,      1.4059,     42.6857,    250.0530,     62.9287,      3.4953,      0.1766,      0.1432,     10.4577,      0.1869,      5.6160,     11.2319,      1.6520,     29.0349,     58.0698,      0.0193,      0.0005,      0.2325,      0.2073,   7847.2539,-424120.4688,   -923.5171,    554.0803,  26157.5137,
       1,     169,     178,      11,       1,       3,       1,     10.0000,      1.4059,     42.6857,    250.0530,     62.9287,      3.4953,      0.1880,      0.1539,      9.7492,      0.2080,      5.6160,     11.2319,      1.8382,     29.0349,     58.0698,      0.0193,      0.0005,      0.2492,      0.2073,   7847.2544,-432466.2500,   -925.7087,    553.5024,  26157.5137,
       1,     169,     178,      12,       1,       3,       1,     10.0000,      1.4059,     42.6857,    250.0530,     62.9287,      3.4953,      0.1884,      0.1545,      8.4575,      0.2042,      5.6160,     11.2319,      1.8041,     29.0349,     58.0698,      0.0193,      0.0004,      0.2500,      0.2073,   7847.2544,-432307.0312,   -926.3723,    553.5137,  26157.5117,
       1,     169,     178,      13,       1,       3,       1,     10.0000,      1.4059,     42.6857,    250.0530,     62.9287,      3.4953,      0.1884,      0.1538,     10.3248,      0.2284,      5.6160,     11.2319,      2.0180,     29.0349,     58.0698,      0.0193,      0.0005,      0.2500,      0.2073,   7847.2539,-430709.5312,   -926.7207,    553.6243,  26157.5117,
       1,     169,     178,      14,       1,       3,       1,     10.0000,      1.4059,     42.6857,    250.0530,     62.9287,      3.4953,      0.1908,      0.1557,     42.5132,      0.2474,      5.6160,     11.2319,      2.1863,     29.0349,     58.0698,      0.0193,      0.0021,      0.2500,      0.2073,   7847.2539,-432863.3750,   -927.6185,    553.4752,  26157.5117,
       1,     169,     178,      15,       1,       3,       1,     10.0000,      1.4059,     42.6857,    250.0530,     62.9287,      3.4953,      0.1937,      0.1585,     80.6367,      0.2515,      5.6160,     11.2319,      2.2228,     29.0349,     58.0698,      0.0193,      0.0039,      0.2500,      0.2073,   7847.2539,-472512.5938,   -935.7009,    550.7321,  26157.5117,
       1,     169,     178,      16,       1,       3,       1,     10.0000,      1.4059,     42.6857,    250.0530,     62.9287,      3.4953,      0.1931,      0.1584,    100.1854,      0.2273,      5.6160,     11.2319,      2.0082,     29.0349,     58.0698,      0.0193,      0.0050,      0.2465,      0.2073,   7847.2539,-522665.9062,   -945.9445,    547.2863,  26157.5117,
       1,     169,     178,      17,       1,       3,       1,     10.0000,      1.4059,     42.6857,    250.0530,     62.9287,      3.4953,      0.1841,      0.1505,     78.7590,      0.1928,      5.6160,     11.2319,      1.7035,     29.0349,     58.0698,      0.0193,      0.0041,      0.2356,      0.2072,   7847.2539,-550937.8125,   -952.0469,    545.3629,  26157.5098,
       1,     169,     178,      18,       1,       3,       1,     10.0000,      1.4059,     42.6857,    250.0530,     62.9287,      3.4953,      0.1828,      0.1496,     99.5262,      0.1779,      5.6160,     11.2319,      1.5719,     29.0349,     58.0698,      0.0193,      0.0052,      0.2312,      0.2072,   7847.2534,-527007.4375,   -947.9445,    546.9977,  26157.5098,
       1,     169,     178,      19,       1,       3,       1,     10.0000,      1.4059,     42.6857,    250.0530,     62.9287,      3.4953,      0.1263,      0.0931,     77.3458,      0.1809,      5.6160,     11.2319,      1.5987,     29.0349,     58.0698,      0.0193,      0.0062,      0.1521,      0.2072,   7847.2534,-550487.2500,   -953.0519,    545.3947,  26157.5117,
       1,     169,     178,      20,       1,       3,       1,     10.0000,      1.4059,     42.6857,    250.0530,     62.9287,      3.4953,      0.0409,      0.0083,     16.1208,      0.1595,      5.6160,     11.2319,      1.4096,     29.0349,     58.0698,      0.0193,      0.0054,      0.0361,      0.2072,   7847.2539,-525232.1250,   -948.5977,    547.1188,  26157.5098,
       1,     169,     178,      21,       1,       3,       1,     10.0000,      1.4059,     42.6857,    250.0530,     62.9287,      3.4953,      0.0000,     -0.0321,      5.3643,      0.1481,      5.6160,     11.2319,      1.3085,     29.0349,     58.0698,      0.0193,      0.0042,      0.0156,      0.2072,   7847.2534,-447928.8125,   -916.0071,    552.4082,  26157.5137,
       1,     169,     178,      22,       1,       3,       1,     10.0000,      1.4059,     42.6857,    250.0530,     62.9287,      3.4953,      0.0000,     -0.0321,      4.4374,      0.1475,      5.6160,     11.2319,      1.3033,     29.0349,     58.0698,      0.0193,      0.0035,      0.0156,      0.2073,   7847.2544,-428270.7500,   -912.2328,    553.7913,  26157.5137,
       1,     169,     178,      23,       1,       3,       1,     10.0000,      1.4059,     42.6857,    250.0530,     62.9287,      3.4953,      0.0000,     -0.0318,      2.3760,      0.1391,      5.6160,     11.2319,      1.2291,     29.0349,     58.0698,      0.0193,      0.0019,      0.0156,      0.2073,   7847.2544,-425440.0000,   -911.7426,    553.9890,  26157.5137,
       1,     169,     178,      24,       1,       3,       1,     10.0000,      1.4059,     42.6857,    250.0530,     62.9287,      3.4953,      0.0000,     -0.0319,      3.1526,      0.1424,      5.6160,     11.2319,      1.2580,     29.0349,     58.0698,      0.0193,      0.0025,      0.0156,      0.2073,   7847.2544,-422670.3438,   -910.9370,    554.1808,  26157.5137,
       1,     169,     179,       1,       1,       3,       1,     10.0000,      1.4059,     42.6861,    250.0589,     62.9302,      3.4953,      0.0000,     -0.0320,      1.5329,      0.1443,      5.6152,     11.2304,      1.2747,     29.0442,     58.0884,      0.0193,      0.0012,      0.0156,      0.2074,   7847.2544,-423542.4062,   -911.6501,    554.1334,  26158.6855,
       1,     169,     179,       2,       1,       3,       1,     10.0000,      1.4059,     42.6861,    250.0589,     62.9302,      3.4953,      0.0000,     -0.0318,      0.4012,      0.1380,      5.6152,     11.2304,      1.2192,     29.0442,     58.0884,      0.0193,      0.0003,      0.0156,      0.2074,   7847.6060,-421478.5625,   -911.1931,    554.2764,  26158.6855,
       1,     169,     179,       3,       1,       3,       1,     10.0000,      1.4059,     42.6861,    250.0589,     62.9302,      3.4953,      0.0000,     -0.0316,      0.3510,      0.1347,      5.6152,     11.2304,      1.1899,     29.0442,     58.0884,      0.0193,      0.0003,      0.0156,      0.2074,   7847.6060,-419916.0000,   -910.9239,    554.3846,  26158.6875,
       1,     169,     179,       4,       1,       3,       1,     10.0000,      1.4059,     42.6861,    250.0589,     62.9302,      3.4953,      0.0000,     -0.0315,      0.4769,      0.1313,      5.6152,     11.2304,      1.1601,     29.0442,     58.0884,      0.0193,      0.0004,      0.0156,      0.2074,   7847.6064,-419721.4688,   -910.8934,    554.3981,  26158.6855,
       1,     169,     179,       5,       1,       3,       1,     10.0000,      1.4059,     42.6861,    250.0589,     62.9302,      3.4953,      0.0000,     -0.0316,      0.7146,      0.1332,      5.6152,     11.2304,      1.1767,     29.0442,     58.0884,      0.0193,      0.0006,      0.0156,      0.2074,   7847.6060,-419859.6875,   -910.9373,    554.3886,  26158.6855,
       1,     169,     179,       6,       1,       3,       1,     10.0000,      1.4059,     42.6861,    250.0589,     62.9302,      3.4953,      0.0000,     -0.0316,      0.5257,      0.1338,      5.6152,     11.2304,      1.1827,     29.0442,     58.0884,      0.0193,      0.0004,      0.0156,      0.2074,   7847.6060,-420162.6875,   -911.0326,    554.3676,  26158.6875,
       1,     169,     179,       7,       1,       3,       1,     10.0000,      1.4059,     42.6861,    250.0589,     62.9302,      3.4953,      0.0000,     -0.0315,      0.3541,      0.1314,      5.6152,     11.2304,      1.1612,     29.0442,     58.0884,      0.0193,      0.0003,      0.0156,      0.2074,   7847.6064,-419956.5312,   -911.0184,    554.3818,  26158.6836,
       1,     169,     179,       8,       1,       3,       1,     10.0000,      1.4059,     42.6861,    250.0589,     62.9302,      3.4953,      0.0138,     -0.0177,      0.0057,      0.1301,      5.6152,     11.2304,      1.1495,     29.0442,     58.0884,      0.0193,      0.0002,      0.0003,      0.2074,   7847.6055,-419729.1875,   -910.9854,    554.3976,  26158.6855,
       1,     169,     179,       9,       1,       3,       1,     10.0000,      1.4059,     42.6861,    250.0589,     62.9302,      3.4953,      0.0936,      0.0617,      2.5090,      0.1419,      5.6152,     11.2304,      1.2542,     29.0442,     58.0884,      0.0193,      0.0003,      0.1139,      0.2074,   7847.6060,-419282.6875,   -910.9460,    554.4285,  26158.6855,
       1,     169,     179,      10,       1,       3,       1,     10.0000,      1.4059,     42.6861,    250.0589,     62.9302,      3.4953,      0.1436,      0.1110,      4.7055,      0.1606,      5.6152,     11.2304,      1.4196,     29.0442,     58.0884,      0.0193,      0.0003,      0.1854,      0.2074,   7847.6060,-422313.1875,   -911.0046,    554.2185,  26158.6855,
       1,     169,     179,      11,       1,       3,       1,     10.0000,      1.4059,     42.6861,    250.0589,     62.9302,      3.4953,      0.1528,      0.1192,      6.2180,      0.1930,      5.6152,     11.2304,      1.7053,     29.0442,     58.0884,      0.0193,      0.0004,      0.1985,      0.2074,   7847.6060,-425263.0938,   -912.1746,    554.0142,  26158.6855,
       1,     169,     179,      12,       1,       3,       1,     10.0000,      1.4059,     42.6861,    250.0589,     62.9302,      3.4953,      0.1551,      0.1211,      9.2703,      0.2082,      5.6152,     11.2304,      1.8401,     29.0442,     58.0884,      0.0193,      0.0006,      0.2015,      0.2074,   7847.6060,-427367.6250,   -913.4009,    553.8685,  26158.6855,
       1,     169,     179,      13,       1,       3,       1,     10.0000,      1.4059,     42.6861,    250.0589,     62.9302,      3.4953,      0.1609,      0.1259,      8.7282,      0.2443,      5.6152,     11.2304,      2.1588,     29.0442,     58.0884,      0.0193,      0.0005,      0.2101,      0.2074,   7847.6060,-431287.9688,   -915.0149,    553.5970,  26158.6855,
       1,     169,     179,      14,       1,       3,       1,     10.0000,      1.4059,     42.6861,    250.0589,     62.9302,      3.4953,      0.1826,      0.1474,     11.6465,      0.2469,      5.6152,     11.2304,      2.1821,     29.0442,     58.0884,      0.0193,      0.0006,      0.2414,      0.2074,   7847.6060,-430956.5312,   -915.9330,    553.6201,  26158.6855,
       1,     169,     179,      15,       1,       3,       1,     10.0000,      1.4059,     42.6861,    250.0589,     62.9302,      3.4953,      0.1897,      0.1558,     24.8385,      0.2020,      5.6152,     11.2304,      1.7846,     29.0442,     58.0884,      0.0193,      0.0012,      0.2500,      0.2074,   7847.6060,-434506.0312,   -917.6678,    553.3745,  26158.6855,
       1,     169,     179,      16,       1,       3,       1,     10.0000,      1.4059,     42.6861,    250.0589,     62.9302,      3.4953,      0.1917,      0.1595,     45.2591,      0.1506,      5.6152,     11.2304,      1.3312,     29.0442,     58.0884,      0.0193,      0.0022,      0.2500,      0.2074,   7847.6060,-450980.5938,   -917.6575,    552.2350,  26158.6855,
       1,     169,     179,      17,       1,       3,       1,     10.0000,      1.4059,     42.6861,    250.0589,     62.9302,      3.4953,      0.1810,      0.1485,     60.3285,      0.1590,      5.6152,     11.2304,      1.4054,     29.0442,     58.0884,      0.0193,      0.0032,      0.2330,      0.2073,   7847.6060,-477422.8750,   -922.4340,    550.4108,  26158.6855,
       1,     169,     179,      18,       1,       3,       1,     10.0000,      1.4059,     42.6861,    250.0589,     62.9302,      3.4953,      0.1541,      0.1214,     87.6229,      0.1642,      5.6152,     11.2304,      1.4512,     29.0442,     58.0884,      0.0193,      0.0056,      0.1911,      0.2073,   7847.6060,-498157.8750,   -928.2022,    548.9872,  26158.6836,
       1,     169,     179,      19,       1,       3,       1,     10.0000,      1.4059,     42.6861,    250.0589,     62.9302,      3.4953,      0.1445,      0.1115,     93.0936,      0.1726,      5.6152,     11.2304,      1.5256,     29.0442,     58.0884,      0.0193,      0.0064,      0.1766,      0.2073,   7847.6055,-533409.8125,   -936.3000,    546.5700,  26158.6836,
       1,     169,     179,      20,       1,       3,       1,     10.0000,      1.4059,     42.6861,    250.0589,     62.9302,      3.4953,      0.0356,      0.0028,      8.4990,      0.1681,      5.6152,     11.2304,      1.4850,     29.0442,     58.0884,      0.0193,      0.0036,      0.0291,      0.2073,   7847.6055,-543123.5000,   -939.7534,    545.9116,  26158.6855,
       1,     169,     179,      21,       1,       3,       1,     10.0000,      1.4059,     42.6861,    250.0589,     62.9302,      3.4953,      0.0000,     -0.0325,      0.8205,      0.1587,      5.6152,     11.2304,      1.4026,     29.0442,     58.0884,      0.0193,      0.0006,      0.0156,      0.2072,   7847.6060,-440053.3750,   -921.3265,    552.9454,  26158.6855,
       1,     169,     179,      22,       1,       3,       1,     10.0000,      1.4059,     42.6861,    250.0589,     62.9302,      3.4953,      0.0000,     -0.0323,      0.4713,      0.1529,      5.6152,     11.2304,      1.3514,     29.0442,     58.0884,      0.0193,      0.0004,      0.0156,      0.2074,   7847.6060,-422059.8125,   -918.0668,    554.2346,  26158.6855,
       1,     169,     179,      23,       1,       3,       1,     10.0000,      1.4059,     42.6861,    250.0589,     62.9302,      3.4953,      0.0000,     -0.0323,      0.7814,      0.1523,      5.6152,     11.2304,      1.3460,     29.0442,     58.0884,      0.0193,      0.0006,      0.0156,      0.2074,   7847.6060,-420053.1875,   -917.7083,    554.3751,  26158.6855,
       1,     169,     179,      24,       1,       3,       1,     10.0000,      1.4059,     42.6861,    250.0589,     62.9302,      3.4953,      0.0000,     -0.0323,      1.2967,      0.1534,      5.6152,     11.2304,      1.3555,     29.0442,     58.0884,      0.0193,      0.0010,      0.0156,      0.2074,   7847.6060,-420261.1250,   -917.7792,    554.3608,  26158.6836,
       1,     169,     180,       1,       1,       3,       1,     10.0000,      1.4060,     42.6864,    250.0649,     62.9316,      3.4953,      0.0000,     -0.0321,      1.2724,      0.1475,      5.6164,     11.2328,      1.3033,     29.0487,     58.0975,      0.0193,      0.0010,      0.0156,      0.2074,   7847.6055,-421066.4688,   -918.2378,    554.3180,  26159.8613,
       1,     169,     180,       2,       1,       3,       1,     10.0000,      1.4060,     42.6864,    250.0649,     62.9316,      3.4953,      0.0000,     -0.0319,      1.2817,      0.1425,      5.6164,     11.2328,      1.2593,     29.0487,     58.0975,      0.0193,      0.0010,      0.0156,      0.2074,   7847.9585,-420951.8750,   -918.0154,    554.3260,  26159.8633,
       1,     169,     180,       3,       1,       3,       1,     10.0000,      1.4060,     42.6864,    250.0649,     62.9316,      3.4953,      0.0000,     -0.0319,      1.2053,      0.1411,      5.6164,     11.2328,      1.2467,     29.0487,     58.0975,      0.0193,      0.0009,      0.0156,      0.2074,   7847.9595,-420953.0312,   -918.0977,    554.3259,  26159.8594,
       1,     169,     180,       4,       1,       3,       1,     10.0000,      1.4060,     42.6864,    250.0649,     62.9316,      3.4953,      0.0000,     -0.0319,      0.8857,      0.1409,      5.6164,     11.2328,      1.2454,     29.0487,     58.0975,      0.0193,      0.0007,      0.0156,      0.2074,   7847.9580,-420860.1250,   -918.1628,    554.3323,  26159.8613,
       1,     169,     180,       5,       1,       3,       1,     10.0000,      1.4060,     42.6864,    250.0649,     62.9316,      3.4953,      0.0000,     -0.0318,      0.6236,      0.1397,      5.6164,     11.2328,      1.2341,     29.0487,     58.0975,      0.0193,      0.0005,      0.0156,      0.2074,   7847.9585,-420460.3125,   -916.0045,    554.3600,  26159.8633,
       1,     169,     180,       6,       1,       3,       1,     10.0000,      1.4060,     42.6864,    250.0649,     62.9316,      3.4953,      0.0000,     -0.0318,      0.3974,      0.1376,      5.6164,     11.2328,      1.2155,     29.0487,     58.0975,      0.0193,      0.0003,      0.0156,      0.2074,   7847.9595,-420104.9062,   -915.9714,    554.3847,  26159.8594,
       1,     169,     180,       7,       1,       3,       1,     10.0000,      1.4060,     42.6864,    250.0649,     62.9316,      3.4953,      0.0000,     -0.0317,      0.3243,      0.1349,      5.6164,     11.2328,      1.1923,     29.0487,     58.0975,      0.0193,      0.0003,      0.0156,      0.2074,   7847.9580,-419797.8125,   -915.9242,    554.4060,  26159.8613,
       1,     169,     180,       8,       1,       3,       1,     10.0000,      1.4060,     42.6864,    250.0649,     62.9316,      3.4953,      0.0126,     -0.0191,      0.3243,      0.1349,      5.6164,     11.2328,      1.1923,     29.0487,     58.0975,      0.0193,      0.0003,      0.0156,      0.2074,   7847.9585,-419681.9062,   -915.9040,    554.4139,  26159.8633,
       1,     169,     180,       9,       1,       3,       1,     10.0000,      1.4060,     42.6864,    250.0649,     62.9316,      3.4953,      0.0845,      0.0528,      2.1381,      0.1370,      5.6164,     11.2328,      1.2106,     29.0487,     58.0975,      0.0193,      0.0003,      0.1011,      0.2074,   7847.9595,-419671.8125,   -915.9331,    554.4147,  26159.8613,
       1,     169,     180,      10,       1,       3,       1,     10.0000,      1.4060,     42.6864,    250.0649,     62.9316,      3.4953,      0.1607,      0.1287,      4.7457,      0.1451,      5.6164,     11.2328,      1.2824,     29.0487,     58.0975,      0.0193,      0.0003,      0.2101,      0.2074,   7847.9585,-421894.3125,   -916.5992,    554.2606,  26159.8633,
       1,     169,     180,      11,       1,       3,       1,     10.0000,      1.4060,     42.6864,    250.0649,     62.9316,      3.4953,      0.1662,      0.1337,      5.6344,      0.1584,      5.6164,     11.2328,      1.3998,     29.0487,     58.0975,      0.0193,      0.0003,      0.2179,      0.2074,   7847.9595,-425278.7500,   -918.0131,    554.0262,  26159.8594,
       1,     169,     180,      12,       1,       3,       1,     10.0000,      1.4060,     42.6864,    250.0649,     62.9316,      3.4953,      0.1885,      0.1557,      6.6436,      0.1672,      5.6164,     11.2328,      1.4776,     29.0487,     58.0975,      0.0193,      0.0003,      0.2500,      0.2074,   7847.9580,-426656.0312,   -919.0690,    553.9309,  26159.8633,
       1,     169,     180,      13,       1,       3,       1,     10.0000,      1.4060,     42.6864,    250.0649,     62.9316,      3.4953,      0.1885,      0.1551,      7.4828,      0.1855,      5.6164,     11.2328,      1.6390,     29.0487,     58.0975,      0.0193,      0.0004,      0.2500,      0.2074,   7847.9595,-428009.3438,   -920.4514,    553.8372,  26159.8613,
       1,     169,     180,      14,       1,       3,       1,     10.0000,      1.4060,     42.6864,    250.0649,     62.9316,      3.4953,      0.1887,      0.1552,     10.9468,      0.1894,      5.6164,     11.2328,      1.6735,     29.0487,     58.0975,      0.0193,      0.0005,      0.2500,      0.2074,   7847.9585,-429153.1875,   -921.8988,    553.7580,  26159.8613,
       1,     169,     180,      15,       1,       3,       1,     10.0000,      1.4060,     42.6864,    250.0649,     62.9316,      3.4953,      0.1784,      0.1449,     11.6496,      0.1890,      5.6164,     11.2328,      1.6702,     29.0487,     58.0975,      0.0193,      0.0006,      0.2350,      0.2074,   7847.9585,-433496.3750,   -923.4003,    553.4573,  26159.8613,
       1,     169,     180,      16,       1,       3,       1,     10.0000,      1.4060,     42.6864,    250.0649,     62.9316,      3.4953,      0.1668,      0.1332,     26.2612,      0.1930,      5.6164,     11.2328,      1.7053,     29.0487,     58.0975,      0.0193,      0.0015,      0.2165,      0.2074,   7847.9585,-434726.7812,   -924.1281,    553.3723,  26159.8613,
       1,     169,     180,      17,       1,       3,       1,     10.0000,      1.4060,     42.6864,    250.0649,     62.9316,      3.4953,      0.0816,      0.0481,     14.8198,      0.1909,      5.6164,     11.2328,      1.6868,     29.0487,     58.0975,      0.0193,      0.0019,      0.0943,      0.2074,   7847.9585,-452742.6250,   -927.9760,    552.1262,  26159.8594,
       1,     169,     180,      18,       1,       3,       1,     10.0000,      1.4060,     42.6864,    250.0649,     62.9316,      3.4953,      0.0224,     -0.0109,      2.0599,      0.1833,      5.6164,     11.2328,      1.6196,     29.0487,     58.0975,      0.0193,      0.0025,      0.0102,      0.2074,   7847.9580,-440245.9062,   -925.8751,    552.9901,  26159.8613,
       1,     169,     180,      19,       1,       3,       1,     10.0000,      1.4060,     42.6864,    250.0649,     62.9316,      3.4953,      0.0082,     -0.0249,      3.3742,      0.1751,      5.6164,     11.2328,      1.5471,     29.0487,     58.0975,      0.0193,      0.0026,      0.0156,      0.2074,   7847.9585,-423543.3750,   -922.8739,    554.1452,  26159.8613,
       1,     169,     180,      20,       1,       3,       1,     10.0000,      1.4060,     42.6864,    250.0649,     62.9316,      3.4953,      0.0027,     -0.0300,      3.2427,      0.1637,      5.6164,     11.2328,      1.4469,     29.0487,     58.0975,      0.0193,      0.0025,      0.0156,      0.2074,   7847.9585,-423739.6562,   -923.0275,    554.1328,  26159.8613,
       1,     169,     180,      21,       1,       3,       1,     10.0000,      1.4060,     42.6864,    250.0649,     62.9316,      3.4953,      0.0000,     -0.0324,      3.5893,      0.1550,      5.6164,     11.2328,      1.3692,     29.0487,     58.0975,      0.0193,      0.0028,      0.0156,      0.2074,   7847.9585,-423593.6562,   -923.1079,    554.1429,  26159.8613,
       1,     169,     180,      22,       1,       3,       1,     10.0000,      1.4060,     42.6864,    250.0649,     62.9316,      3.4953,      0.0000,     -0.0323,      3.4888,      0.1520,      5.6164,     11.2328,      1.3433,     29.0487,     58.0975,      0.0193,      0.0027,      0.0156,      0.2074,   7847.9585,-424006.0938,   -923.2984,    554.1144,  26159.8613,
       1,     169,     180,      23,       1,       3,       1,     10.0000,      1.4060,     42.6864,    250.0649,     62.9316,      3.4953,      0.0000,     -0.0323,      3.1986,      0.1520,      5.6164,     11.2328,      1.3433,     29.0487,     58.0975,      0.0193,      0.0025,      0.0156,      0.2074,   7847.9585,-423917.8750,   -923.3972,    554.1205,  26159.8633,
       1,     169,     180,      24,       1,       3,       1,     10.0000,      1.4060,     42.6864,    250.0649,     62.9316,      3.4953,      0.0000,     -0.0322,      3.1041,      0.1482,      5.6164,     11.2328,      1.3099,     29.0487,     58.0975,      0.0193,      0.0024,      0.0156,      0.2074,   7847.9595,-423554.2500,   -923.4312,    554.1456,  26159.8613,
       1,     169,     181,       1,       1,       3,       1,     10.0000,      1.4060,     42.6867,    250.0708,     62.9332,      3.4953,      0.0000,     -0.0320,      2.5238,      0.1450,      5.6173,     11.2346,      1.2812,     29.0446,     58.0893,      0.0193,      0.0020,      0.0156,      0.2074,   7847.9585,-423563.4062,   -923.8069,    554.1583,  26161.0312,
       1,     169,     181,       2,       1,       3,       1,     10.0000,      1.4060,     42.6867,    250.0708,     62.9332,      3.4953,      0.0000,     -0.0319,      1.5718,      0.1422,      5.6173,     11.2346,      1.2568,     29.0446,     58.0893,      0.0193,      0.0012,      0.0156,      0.2074,   7848.3096,-422700.3438,   -923.4507,    554.2181,  26161.0312,
       1,     169,     181,       3,       1,       3,       1,     10.0000,      1.4060,     42.6867,    250.0708,     62.9332,      3.4953,      0.0000,     -0.0319,      1.0053,      0.1417,      5.6173,     11.2346,      1.2518,     29.0446,     58.0893,      0.0193,      0.0008,      0.0156,      0.2074,   7848.3096,-421460.3750,   -923.2596,    554.3039,  26161.0312,
       1,     169,     181,       4,       1,       3,       1,     10.0000,      1.4060,     42.6867,    250.0708,     62.9332,      3.4953,      0.0000,     -0.0318,      0.8129,      0.1376,      5.6173,     11.2346,      1.2155,     29.0446,     58.0893,      0.0193,      0.0006,      0.0156,      0.2074,   7848.3096,-420660.9688,   -923.1315,    554.3593,  26161.0312,
       1,     169,     181,       5,       1,       3,       1,     10.0000,      1.4060,     42.6867,    250.0708,     62.9332,      3.4953,      0.0000,     -0.0318,      0.7043,      0.1388,      5.6173,     11.2346,      1.2267,     29.0446,     58.0893,      0.0193,      0.0006,      0.0156,      0.2074,   7848.3096,-420357.2500,   -923.0895,    554.3804,  26161.0312,
       1,     169,     181,       6,       1,       3,       1,     10.0000,      1.4060,     42.6867,    250.0708,     62.9332,      3.4953,      0.0000,     -0.0317,      0.6136,      0.1371,      5.6173,     11.2346,      1.2119,     29.0446,     58.0893,      0.0193,      0.0005,      0.0156,      0.2074,   7848.3096,-420198.4062,   -923.0724,    554.3914,  26161.0312,
       1,     169,     181,       7,       1,       3,       1,     10.0000,      1.4060,     42.6867,    250.0708,     62.9332,      3.4953,      0.0000,     -0.0317,      0.6594,      0.1366,      5.6173,     11.2346,      1.2070,     29.0446,     58.0893,      0.0193,      0.0005,      0.0156,      0.2074,   7848.3096,-420073.6875,   -923.0580,    554.4000,  26161.0312,
       1,     169,     181,       8,       1,       3,       1,     10.0000,      1.4060,     42.6867,    250.0708,     62.9332,      3.4953,      0.0285,     -0.0031,      1.3203,      0.1348,      5.6173,     11.2346,      1.1912,     29.0446,     58.0893,      0.0193,      0.0008,      0.0210,      0.2074,   7848.3096,-420119.1875,   -923.0750,    554.3969,  26161.0332,
       1,     169,     181,       9,       1,       3,       1,     10.0000,      1.4060,     42.6867,    250.0708,     62.9332,      3.4953,      0.1304,      0.0978,     11.4613,      0.1608,      5.6173,     11.2346,      1.4211,     29.0446,     58.0893,      0.0193,      0.0008,      0.1656,      0.2074,   7848.3101,-420932.6250,   -923.2717,    554.3405,  26161.0332,
       1,     169,     181,      10,       1,       3,       1,     10.0000,      1.4060,     42.6867,    250.0708,     62.9332,      3.4953,      0.1718,      0.1386,     19.6088,      0.1777,      5.6173,     11.2346,      1.5704,     29.0446,     58.0893,      0.0193,      0.0011,      0.2243,      0.2074,   7848.3101,-433429.1250,   -925.8491,    553.4746,  26161.0293,
       1,     169,     181,      11,       1,       3,       1,     10.0000,      1.4060,     42.6867,    250.0708,     62.9332,      3.4953,      0.1865,      0.1524,     20.1888,      0.2078,      5.6173,     11.2346,      1.8365,     29.0446,     58.0893,      0.0193,      0.0010,      0.2458,      0.2074,   7848.3091,-444478.6875,   -928.2623,    552.7108,  26161.0312,
       1,     169,     181,      12,       1,       3,       1,     10.0000,      1.4060,     42.6867,    250.0708,     62.9332,      3.4953,      0.1889,      0.1541,     16.1789,      0.2327,      5.6173,     11.2346,      2.0560,     29.0446,     58.0893,      0.0193,      0.0008,      0.2500,      0.2074,   7848.3096,-446127.7188,   -928.9718,    552.5975,  26161.0293,
       1,     169,     181,      13,       1,       3,       1,     10.0000,      1.4060,     42.6867,    250.0708,     62.9332,      3.4953,      0.1885,      0.1537,     11.7616,      0.2338,      5.6173,     11.2346,      2.0661,     29.0446,     58.0893,      0.0193,      0.0006,      0.2500,      0.2074,   7848.3091,-441351.0938,   -928.4469,    552.9274,  26161.0293,
       1,     169,     181,      14,       1,       3,       1,     10.0000,      1.4060,     42.6867,    250.0708,     62.9332,      3.4953,      0.1903,      0.1553,     35.8975,      0.2415,      5.6173,     11.2346,      2.1338,     29.0446,     58.0893,      0.0193,      0.0018,      0.2500,      0.2074,   7848.3091,-435531.7188,   -927.6279,    553.3297,  26161.0312,
       1,     169,     181,      15,       1,       3,       1,     10.0000,      1.4060,     42.6867,    250.0708,     62.9332,      3.4953,      0.1881,      0.1527,     60.4902,      0.2575,      5.6173,     11.2346,      2.2754,     29.0446,     58.0893,      0.0193,      0.0030,      0.2441,      0.2074,   7848.3096,-464622.0000,   -933.4526,    551.3178,  26161.0293,
       1,     169,     181,      16,       1,       3,       1,     10.0000,      1.4060,     42.6867,    250.0708,     62.9332,      3.4953,      0.1892,      0.1541,     93.2662,      0.2431,      5.6173,     11.2346,      2.1484,     29.0446,     58.0893,      0.0193,      0.0047,      0.2418,      0.2074,   7848.3091,-497255.7500,   -940.0301,    549.0724,  26161.0312,
       1,     169,     181,      17,       1,       3,       1,     10.0000,      1.4060,     42.6867,    250.0708,     62.9332,      3.4953,      0.1745,      0.1401,     99.9723,      0.2196,      5.6173,     11.2346,      1.9405,     29.0446,     58.0893,      0.0193,      0.0056,      0.2195,      0.2073,   7848.3096,-540239.3125,   -948.7498,    546.1269,  26161.0312,
       1,     169,     181,      18,       1,       3,       1,     10.0000,      1.4060,     42.6867,    250.0708,     62.9332,      3.4953,      0.1602,      0.1265,     83.3887,      0.1947,      5.6173,     11.2346,      1.7206,     29.0446,     58.0893,      0.0193,      0.0051,      0.2004,      0.2073,   7848.3096,-552126.9375,   -951.5403,    545.3232,  26161.0312,
       1,     169,     181,      19,       1,       3,       1,     10.0000,      1.4060,     42.6867,    250.0708,     62.9332,      3.4953,      0.1172,      0.0840,     58.1740,      0.1784,      5.6173,     11.2346,      1.5767,     29.0446,     58.0893,      0.0193,      0.0050,      0.1410,      0.2073,   7848.3096,-532760.4375,   -948.2089,    546.6440,  26161.0332,
       1,     169,     181,      20,       1,       3,       1,     10.0000,      1.4060,     42.6867,    250.0708,     62.9332,      3.4953,      0.0430,      0.0099,     17.3986,      0.1747,      5.6173,     11.2346,      1.5440,     29.0446,     58.0893,      0.0193,      0.0055,      0.0385,      0.2073,   7848.3101,-500175.3125,   -942.1617,    548.8723,  26161.0293,
       1,     169,     181,      21,       1,       3,       1,     10.0000,      1.4060,     42.6867,    250.0708,     62.9332,      3.4953,      0.0000,     -0.0329,      7.2208,      0.1708,      5.6173,     11.2346,      1.5090,     29.0446,     58.0893,      0.0193,      0.0056,      0.0156,      0.2073,   7848.3091,-447405.5000,   -931.9444,    552.4972,  26161.0312,
       1,     169,     181,      22,       1,       3,       1,     10.0000,      1.4060,     42.6867,    250.0708,     62.9332,      3.4953,      0.0000,     -0.0329,      4.8597,      0.1694,      5.6173,     11.2346,      1.4970,     29.0446,     58.0893,      0.0193,      0.0038,      0.0156,      0.2074,   7848.3096,-430491.9688,   -928.6192,    553.6772,  26161.0293,
       1,     169,     181,      23,       1,       3,       1,     10.0000,      1.4060,     42.6867,    250.0708,     62.9332,      3.4953,      0.0000,     -0.0327,      3.1662,      0.1646,      5.6173,     11.2346,      1.4542,     29.0446,     58.0893,      0.0193,      0.0025,      0.0156,      0.2074,   7848.3091,-426152.7812,   -927.7496,    553.9789,  26161.0312,
       1,     169,     181,      24,       1,       3,       1,     10.0000,      1.4060,     42.6867,    250.0708,     62.9332,      3.4953,      0.0000,     -0.0326,      2.1092,      0.1616,      5.6173,     11.2346,      1.4282,     29.0446,     58.0893,      0.0193,      0.0016,      0.0156,      0.2074,   7848.3096,-423707.4375,   -927.2590,    554.1483,  26161.0312,
       1,     169,     182,       1,       1,       3,       1,     10.0000,      1.4060,     42.6871,    250.0767,     62.9346,      3.4953,      0.0000,     -0.0325,      1.9603,      0.1589,      5.6162,     11.2323,      1.4041,     29.0526,     58.1052,      0.0193,      0.0015,      0.0156,      0.2074,   7848.3096,-422359.8125,   -927.2716,    554.2545,  26162.2051,
       1,     169,     182,       2,       1,       3,       1,     10.0000,      1.4060,     42.6871,    250.0767,     62.9346,      3.4953,      0.0000,     -0.0323,      1.6303,      0.1536,      5.6162,     11.2323,      1.3570,     29.0526,     58.1052,      0.0193,      0.0013,      0.0156,      0.2074,   7848.6616,-421910.6250,   -926.9036,    554.2858,  26162.2051,
       1,     169,     182,       3,       1,       3,       1,     10.0000,      1.4060,     42.6871,    250.0767,     62.9346,      3.4953,      0.0000,     -0.0323,      1.3304,      0.1511,      5.6162,     11.2323,      1.3353,     29.0526,     58.1052,      0.0193,      0.0010,      0.0156,      0.2074,   7848.6616,-421467.9062,   -926.8197,    554.3164,  26162.2051,
       1,     169,     182,       4,       1,       3,       1,     10.0000,      1.4060,     42.6871,    250.0767,     62.9346,      3.4953,      0.0000,     -0.0322,      0.9448,      0.1500,      5.6162,     11.2323,      1.3259,     29.0526,     58.1052,      0.0193,      0.0007,      0.0156,      0.2075,   7848.6616,-421062.9688,   -926.7388,    554.3445,  26162.2051,
       1,     169,     182,       5,       1,       3,       1,     10.0000,      1.4060,     42.6871,    250.0767,     62.9346,      3.4953,      0.0000,     -0.0321,      0.6215,      0.1478,      5.6162,     11.2323,      1.3060,     29.0526,     58.1052,      0.0193,      0.0005,      0.0156,      0.2075,   7848.6616,-420555.9688,   -926.6387,    554.3796,  26162.2070,
       1,     169,     182,       6,       1,       3,       1,     10.0000,      1.4060,     42.6871,    250.0767,     62.9346,      3.4953,      0.0000,     -0.0321,      0.4176,      0.1476,      5.6162,     11.2323,      1.3047,     29.0526,     58.1052,      0.0193,      0.0003,      0.0156,      0.2075,   7848.6626,-420116.5312,   -926.5524,    554.4101,  26162.2051,
       1,     169,     182,       7,       1,       3,       1,     10.0000,      1.4060,     42.6871,    250.0767,     62.9346,      3.4953,      0.0000,     -0.0319,      0.3436,      0.1419,      5.6162,     11.2323,      1.2543,     29.0526,     58.1052,      0.0193,      0.0003,      0.0156,      0.2075,   7848.6616,-419829.5312,   -926.4988,    554.4299,  26162.2051,
       1,     169,     182,       8,       1,       3,       1,     10.0000,      1.4060,     42.6871,    250.0767,     62.9346,      3.4953,      0.0098,     -0.0221,      0.3393,      0.1404,      5.6162,     11.2323,      1.2404,     29.0526,     58.1052,      0.0193,      0.0003,      0.0156,      0.2075,   7848.6616,-419714.5938,   -926.4778,    554.4379,  26162.2051,
       1,     169,     182,       9,       1,       3,       1,     10.0000,      1.4060,     42.6871,    250.0767,     62.9346,      3.4953,      0.0741,      0.0415,      2.1791,      0.1611,      5.6162,     11.2323,      1.4240,     29.0526,     58.1052,      0.0193,      0.0003,      0.0856,      0.2075,   7848.6616,-419699.5938,   -926.4729,    554.4389,  26162.2070,
       1,     169,     182,      10,       1,       3,       1,     10.0000,      1.4060,     42.6871,    250.0767,     62.9346,      3.4953,      0.1564,      0.1230,      6.1330,      0.1864,      5.6162,     11.2323,      1.6472,     29.0526,     58.1052,      0.0193,      0.0004,      0.2037,      0.2075,   7848.6626,-421952.3125,   -926.8942,    554.2828,  26162.2051,
       1,     169,     182,      11,       1,       3,       1,     10.0000,      1.4060,     42.6871,    250.0767,     62.9346,      3.4953,      0.1884,      0.1542,      8.6929,      0.2113,      5.6162,     11.2323,      1.8676,     29.0526,     58.1052,      0.0193,      0.0004,      0.2500,      0.2074,   7848.6616,-426988.8125,   -927.8161,    553.9339,  26162.2031,
       1,     169,     182,      12,       1,       3,       1,     10.0000,      1.4060,     42.6871,    250.0767,     62.9346,      3.4953,      0.1884,      0.1542,      8.7632,      0.2128,      5.6162,     11.2323,      1.8805,     29.0526,     58.1052,      0.0193,      0.0004,      0.2500,      0.2074,   7848.6611,-430553.7812,   -928.4234,    553.6871,  26162.2031,
       1,     169,     182,      13,       1,       3,       1,     10.0000,      1.4060,     42.6871,    250.0767,     62.9346,      3.4953,      0.1883,      0.1534,     10.0220,      0.2391,      5.6162,     11.2323,      2.1131,     29.0526,     58.1052,      0.0193,      0.0005,      0.2500,      0.2074,   7848.6611,-430942.5000,   -928.3813,    553.6603,  26162.2051,
       1,     169,     182,      14,       1,       3,       1,     10.0000,      1.4060,     42.6871,    250.0767,     62.9346,      3.4953,      0.1896,      0.1545,     26.4439,      0.2438,      5.6162,     11.2323,      2.1548,     29.0526,     58.1052,      0.0193,      0.0013,      0.2500,      0.2074,   7848.6616,-432517.9062,   -928.5286,    553.5513,  26162.2031,
       1,     169,     182,      15,       1,       3,       1,     10.0000,      1.4060,     42.6871,    250.0767,     62.9346,      3.4953,      0.1917,      0.1567,     52.2932,      0.2382,      5.6162,     11.2323,      2.1049,     29.0526,     58.1052,      0.0193,      0.0025,      0.2500,      0.2074,   7848.6611,-452777.1562,   -932.4167,    552.1494,  26162.2051,
       1,     169,     182,      16,       1,       3,       1,     10.0000,      1.4060,     42.6871,    250.0767,     62.9346,      3.4953,      0.1936,      0.1591,     76.2551,      0.2224,      5.6162,     11.2323,      1.9655,     29.0526,     58.1052,      0.0193,      0.0037,      0.2500,      0.2074,   7848.6616,-486188.5000,   -939.0019,    549.8452,  26162.2051,
       1,     169,     182,      17,       1,       3,       1,     10.0000,      1.4060,     42.6871,    250.0767,     62.9346,      3.4953,      0.1857,      0.1513,     78.3694,      0.2192,      5.6162,     11.2323,      1.9368,     29.0526,     58.1052,      0.0193,      0.0040,      0.2382,      0.2074,   7848.6616,-518419.9062,   -945.5083,    547.6348,  26162.2051,
       1,     169,     182,      18,       1,       3,       1,     10.0000,      1.4060,     42.6871,    250.0767,     62.9346,      3.4953,      0.1749,      0.1408,     92.2108,      0.2099,      5.6162,     11.2323,      1.8547,     29.0526,     58.1052,      0.0193,      0.0051,      0.2208,      0.2074,   7848.6616,-523748.8125,   -946.7847,    547.2744,  26162.2070,
       1,     169,     182,      19,       1,       3,       1,     10.0000,      1.4060,     42.6871,    250.0767,     62.9346,      3.4953,      0.1361,      0.1023,     73.1731,      0.1988,      5.6162,     11.2323,      1.7568,     29.0526,     58.1052,      0.0193,      0.0054,      0.1666,      0.2073,   7848.6626,-541180.3750,   -950.5316,    546.0820,  26162.2051,
       1,     169,     182,      20,       1,       3,       1,     10.0000,      1.4060,     42.6871,    250.0767,     62.9346,      3.4953,      0.0328,     -0.0008,      9.7442,      0.1926,      5.6162,     11.2323,      1.7020,     29.0526,     58.1052,      0.0193,      0.0049,      0.0240,      0.2073,   7848.6616,-519288.3125,   -946.4767,    547.5778,  26162.2031,
       1,     169,     182,      21,       1,       3,       1,     10.0000,      1.4060,     42.6871,    250.0767,     62.9346,      3.4953,      0.0002,     -0.0332,      5.3311,      0.1846,      5.6162,     11.2323,      1.6309,     29.0526,     58.1052,      0.0193,      0.0042,      0.0156,      0.2073,   7848.6611,-439607.0625,   -930.7106,    553.0337,  26162.2051,
       1,     169,     182,      22,       1,       3,       1,     10.0000,      1.4060,     42.6871,    250.0767,     62.9346,      3.4953,      0.0000,     -0.0332,      5.0154,      0.1795,      5.6162,     11.2323,      1.5862,     29.0526,     58.1052,      0.0193,      0.0039,      0.0156,      0.2074,   7848.6616,-427536.6562,   -928.2820,    553.8954,  26162.2051,
       1,     169,     182,      23,       1,       3,       1,     10.0000,      1.4060,     42.6871,    250.0767,     62.9346,      3.4953,      0.0000,     -0.0332,      4.3421,      0.1802,      5.6162,     11.2323,      1.5925,     29.0526,     58.1052,      0.0193,      0.0034,      0.0156,      0.2074,   7848.6616,-426094.2500,   -927.9597,    553.9959,  26162.2051,
       1,     169,     182,      24,       1,       3,       1,     10.0000,      1.4060,     42.6871,    250.0767,     62.9346,      3.4953,      0.0000,     -0.0329,      3.5276,      0.1704,      5.6162,     11.2323,      1.5060,     29.0526,     58.1052,      0.0193,      0.0028,      0.0156,      0.2074,   7848.6616,-425146.0312,   -927.7407,    554.0616,  26162.2051,
       1,     169,     183,       1,       1,       3,       1,     10.0000,      1.4060,     42.6874,    250.0826,     62.9361,      3.4953,      0.0000,     -0.0326,      3.0260,      0.1599,      5.6167,     11.2333,      1.4126,     29.0594,     58.1189,      0.0193,      0.0024,      0.0156,      0.2075,   7848.6616,-424222.7500,   -927.8141,    554.1386,  26163.3789,
       1,     169,     183,       2,       1,       3,       1,     10.0000,      1.4060,     42.6874,    250.0826,     62.9361,      3.4953,      0.0000,     -0.0325,      2.3539,      0.1583,      5.6167,     11.2333,      1.3985,     29.0594,     58.1189,      0.0193,      0.0018,      0.0156,      0.2075,   7849.0142,-423376.8125,   -927.3377,    554.1972,  26163.3789,
       1,     169,     183,       3,       1,       3,       1,     10.0000,      1.4060,     42.6874,    250.0826,     62.9361,      3.4953,      0.0000,     -0.0326,      2.1262,      0.1595,      5.6167,     11.2333,      1.4098,     29.0594,     58.1189,      0.0193,      0.0017,      0.0156,      0.2075,   7849.0142,-422481.5000,   -927.1426,    554.2592,  26163.3789,
       1,     169,     183,       4,       1,       3,       1,     10.0000,      1.4060,     42.6874,    250.0826,     62.9361,      3.4953,      0.0000,     -0.0326,      1.9755,      0.1623,      5.6167,     11.2333,      1.4340,     29.0594,     58.1189,      0.0193,      0.0015,      0.0156,      0.2075,   7849.0142,-422126.6250,   -927.0594,    554.2838,  26163.3789,
       1,     169,     183,       5,       1,       3,       1,     10.0000,      1.4060,     42.6874,    250.0826,     62.9361,      3.4953,      0.0000,     -0.0324,      1.7064,      0.1547,      5.6167,     11.2333,      1.3666,     29.0594,     58.1189,      0.0193,      0.0013,      0.0156,      0.2075,   7849.0142,-421911.7812,   -927.0067,    554.2986,  26163.3789,
       1,     169,     183,       6,       1,       3,       1,     10.0000,      1.4060,     42.6874,    250.0826,     62.9361,      3.4953,      0.0000,     -0.0322,      1.1270,      0.1507,      5.6167,     11.2333,      1.3313,     29.0594,     58.1189,      0.0193,      0.0009,      0.0156,      0.2075,   7849.0142,-421563.9688,   -926.9331,    554.3228,  26163.3789,
       1,     169,     183,       7,       1,       3,       1,     10.0000,      1.4060,     42.6874,    250.0826,     62.9361,      3.4953,      0.0000,     -0.0324,      1.0957,      0.1547,      5.6167,     11.2333,      1.3666,     29.0594,     58.1189,      0.0193,      0.0009,      0.0156,      0.2075,   7849.0142,-420824.4688,   -926.7804,    554.3740,  26163.3809,
       1,     169,     183,       8,       1,       3,       1,     10.0000,      1.4060,     42.6874,    250.0826,     62.9361,      3.4953,      0.0175,     -0.0151,      0.2251,      0.1613,      5.6167,     11.2333,      1.4254,     29.0594,     58.1189,      0.0193,      0.0007,      0.0041,      0.2075,   7849.0146,-420723.1250,   -926.7549,    554.3810,  26163.3789,
       1,     169,     183,       9,       1,       3,       1,     10.0000,      1.4060,     42.6874,    250.0826,     62.9361,      3.4953,      0.1167,      0.0839,      7.1971,      0.1667,      5.6167,     11.2333,      1.4733,     29.0594,     58.1189,      0.0193,      0.0006,      0.1462,      0.2075,   7849.0142,-419648.1562,   -926.5290,    554.4555,  26163.3809,
       1,     169,     183,      10,       1,       3,       1,     10.0000,      1.4060,     42.6874,    250.0826,     62.9361,      3.4953,      0.1344,      0.1007,      5.8388,      0.1955,      5.6167,     11.2333,      1.7275,     29.0594,     58.1189,      0.0193,      0.0004,      0.1718,      0.2075,   7849.0146,-428098.3750,   -928.1669,    553.8699,  26163.3789,
       1,     169,     183,      11,       1,       3,       1,     10.0000,      1.4060,     42.6874,    250.0826,     62.9361,      3.4953,      0.1884,      0.1542,      9.0235,      0.2139,      5.6167,     11.2333,      1.8898,     29.0594,     58.1189,      0.0193,      0.0004,      0.2500,      0.2075,   7849.0142,-427152.4688,   -927.8943,    553.9356,  26163.3789,
       1,     169,     183,      12,       1,       3,       1,     10.0000,      1.4060,     42.6874,    250.0826,     62.9361,      3.4953,      0.1888,      0.1542,     14.7553,      0.2275,      5.6167,     11.2333,      2.0104,     29.0594,     58.1189,      0.0193,      0.0007,      0.2500,      0.2075,   7849.0142,-430974.1562,   -928.4929,    553.6710,  26163.3809,
       1,     169,     183,      13,       1,       3,       1,     10.0000,      1.4060,     42.6874,    250.0826,     62.9361,      3.4953,      0.1894,      0.1543,     24.1774,      0.2467,      5.6167,     11.2333,      2.1802,     29.0594,     58.1189,      0.0193,      0.0012,      0.2500,      0.2075,   7849.0146,-438321.8750,   -929.7827,    553.1625,  26163.3809,
       1,     169,     183,      14,       1,       3,       1,     10.0000,      1.4060,     42.6874,    250.0826,     62.9361,      3.4953,      0.1889,      0.1535,     18.4341,      0.2550,      5.6167,     11.2333,      2.2535,     29.0594,     58.1189,      0.0193,      0.0009,      0.2500,      0.2075,   7849.0146,-450492.3438,   -932.0662,    552.3213,  26163.3789,
       1,     169,     183,      15,       1,       3,       1,     10.0000,      1.4060,     42.6874,    250.0826,     62.9361,      3.4953,      0.1909,      0.1572,     39.4438,      0.1951,      5.6167,     11.2333,      1.7241,     29.0594,     58.1189,      0.0193,      0.0019,      0.2500,      0.2075,   7849.0142,-444486.3750,   -930.7449,    552.7366,  26163.3789,
       1,     169,     183,      16,       1,       3,       1,     10.0000,      1.4060,     42.6874,    250.0826,     62.9361,      3.4953,      0.1925,      0.1599,     55.8818,      0.1611,      5.6167,     11.2333,      1.4240,     29.0594,     58.1189,      0.0193,      0.0027,      0.2500,      0.2075,   7849.0142,-469726.2812,   -920.4939,    550.9929,  26163.3809,
       1,     169,     183,      17,       1,       3,       1,     10.0000,      1.4060,     42.6874,    250.0826,     62.9361,      3.4953,      0.1936,      0.1606,     71.5382,      0.1737,      5.6167,     11.2333,      1.5349,     29.0594,     58.1189,      0.0193,      0.0035,      0.2500,      0.2074,   7849.0146,-492026.4688,   -925.2036,    549.4598,  26163.3809,
       1,     169,     183,      18,       1,       3,       1,     10.0000,      1.4060,     42.6874,    250.0826,     62.9361,      3.4953,      0.1555,      0.1232,     64.3774,      0.1525,      5.6167,     11.2333,      1.3475,     29.0594,     58.1189,      0.0193,      0.0040,      0.1958,      0.2074,   7849.0146,-513119.0312,   -929.1054,    548.0132,  26163.3809,
       1,     169,     183,      19,       1,       3,       1,     10.0000,      1.4060,     42.6874,    250.0826,     62.9361,      3.4953,      0.1434,      0.1116,     64.3722,      0.1380,      5.6167,     11.2333,      1.2193,     29.0594,     58.1189,      0.0193,      0.0044,      0.1784,      0.2074,   7849.0146,-506121.0312,   -927.1735,    548.4944,  26163.2480,
       1,     169,     183,      20,       1,       3,       1,     10.0000,      1.4060,     42.6874,    250.0826,     62.9361,      3.4953,      0.0371,      0.0050,      5.2625,      0.1477,      5.6167,     11.2333,      1.3047,     29.0594,     58.1189,      0.0193,      0.0020,      0.0324,      0.2074,   7848.9746,-505536.7812,   -928.6066,    548.5347,  26163.3828,
       1,     169,     183,      21,       1,       3,       1,     10.0000,      1.4060,     42.6874,    250.0826,     62.9361,      3.4953,      0.0003,     -0.0319,      0.5243,      0.1479,      5.6167,     11.2333,      1.3074,     29.0594,     58.1189,      0.0193,      0.0004,      0.0156,      0.2074,   7849.0151,-432960.4062,   -915.8284,    553.5110,  26163.3809,
       1,     169,     183,      22,       1,       3,       1,     10.0000,      1.4060,     42.6874,    250.0826,     62.9361,      3.4953,      0.0000,     -0.0321,      1.1528,      0.1469,      5.6167,     11.2333,      1.2982,     29.0594,     58.1189,      0.0193,      0.0009,      0.0156,      0.2075,   7849.0146,-421079.6562,   -913.6996,    554.3557,  26163.3789,
       1,     169,     183,      23,       1,       3,       1,     10.0000,      1.4060,     42.6874,    250.0826,     62.9361,      3.4953,      0.0000,     -0.0321,      0.7446,      0.1469,      5.6167,     11.2333,      1.2982,     29.0594,     58.1189,      0.0193,      0.0006,      0.0156,      0.2075,   7849.0142,-420815.8125,   -913.7314,    554.3746,  26163.3789,
       1,     169,     183,      24,       1,       3,       1,     10.0000,      1.4060,     42.6874,    250.0826,     62.9361,      3.4953,      0.0000,     -0.0322,      0.7815,      0.1499,      5.6167,     11.2333,      1.3246,     29.0594,     58.1189,      0.0193,      0.0006,      0.0156,      0.2075,   7849.0142,-420292.4375,   -910.2194,    554.4109,  26163.3809,
       1,     169,     184,       1,       1,       3,       1,     10.0000,      1.4061,     42.6878,    250.0885,     62.9376,      3.4953,      0.0000,     -0.0323,      0.5750,      0.1533,      5.6163,     11.2325,      1.3543,     29.0671,     58.1341,      0.0193,      0.0004,      0.0156,      0.2075,   7849.0146,-420448.4375,   -910.5494,    554.4131,  26164.5527,
       1,     169,     184,       2,       1,       3,       1,     10.0000,      1.4061,     42.6878,    250.0885,     62.9376,      3.4953,      0.0000,     -0.0324,      0.6477,      0.1561,      5.6163,     11.2325,      1.3790,     29.0671,     58.1341,      0.0193,      0.0005,      0.0156,      0.2075,   7849.3662,-420056.0938,   -910.1642,    554.4403,  26164.5508,
       1,     169,     184,       3,       1,       3,       1,     10.0000,      1.4061,     42.6878,    250.0885,     62.9376,      3.4953,      0.0000,     -0.0324,      0.6210,      0.1540,      5.6163,     11.2325,      1.3611,     29.0671,     58.1341,      0.0193,      0.0005,      0.0156,      0.2075,   7849.3657,-420112.0938,   -910.1874,    554.4364,  26164.5527,
       1,     169,     184,       4,       1,       3,       1,     10.0000,      1.4061,     42.6878,    250.0885,     62.9376,      3.4953,      0.0000,     -0.0322,      0.5064,      0.1505,      5.6163,     11.2325,      1.3300,     29.0671,     58.1341,      0.0193,      0.0004,      0.0156,      0.2075,   7849.3662,-420084.0312,   -910.1857,    554.4384,  26164.5527,
       1,     169,     184,       5,       1,       3,       1,     10.0000,      1.4061,     42.6878,    250.0885,     62.9376,      3.4953,      0.0000,     -0.0321,      0.4308,      0.1477,      5.6163,     11.2325,      1.3048,     29.0671,     58.1341,      0.0193,      0.0003,      0.0156,      0.2075,   7849.3662,-419941.1875,   -910.1463,    554.4482,  26164.5527,
       1,     169,     184,       6,       1,       3,       1,     10.0000,      1.4061,     42.6878,    250.0885,     62.9376,      3.4953,      0.0000,     -0.0316,      0.3201,      0.1325,      5.6163,     11.2325,      1.1709,     29.0671,     58.1341,      0.0193,      0.0003,      0.0156,      0.2075,   7849.3662,-419836.5000,   -910.1155,    554.4555,  26164.5527,
       1,     169,     184,       7,       1,       3,       1,     10.0000,      1.4061,     42.6878,    250.0885,     62.9376,      3.4953,      0.0000,     -0.0315,      0.3103,      0.1298,      5.6163,     11.2325,      1.1473,     29.0671,     58.1341,      0.0193,      0.0002,      0.0156,      0.2075,   7849.3662,-419691.9688,   -910.0814,    554.4655,  26164.5527,
       1,     169,     184,       8,       1,       3,       1,     10.0000,      1.4061,     42.6878,    250.0885,     62.9376,      3.4953,      0.0237,     -0.0080,      0.2983,      0.1362,      5.6163,     11.2325,      1.2034,     29.0671,     58.1341,      0.0193,      0.0003,      0.0142,      0.2075,   7849.3662,-419667.7188,   -910.0786,    554.4672,  26164.5508,
       1,     169,     184,       9,       1,       3,       1,     10.0000,      1.4061,     42.6878,    250.0885,     62.9376,      3.4953,      0.1392,      0.1072,      4.0895,      0.1454,      5.6163,     11.2325,      1.2852,     29.0671,     58.1341,      0.0193,      0.0003,      0.1792,      0.2075,   7849.3657,-419651.2812,   -910.1591,    554.4684,  26164.5547,
       1,     169,     184,      10,       1,       3,       1,     10.0000,      1.4061,     42.6878,    250.0885,     62.9376,      3.4953,      0.1789,      0.1461,      6.2821,      0.1674,      5.6163,     11.2325,      1.4792,     29.0671,     58.1341,      0.0193,      0.0003,      0.2361,      0.2075,   7849.3667,-424293.5625,   -911.7762,    554.1466,  26164.5527,
       1,     169,     184,      11,       1,       3,       1,     10.0000,      1.4061,     42.6878,    250.0885,     62.9376,      3.4953,      0.1885,      0.1548,      8.3150,      0.1938,      5.6163,     11.2325,      1.7122,     29.0671,     58.1341,      0.0193,      0.0004,      0.2500,      0.2075,   7849.3662,-427374.3438,   -913.9001,    553.9333,  26164.5527,
       1,     169,     184,      12,       1,       3,       1,     10.0000,      1.4061,     42.6878,    250.0885,     62.9376,      3.4953,      0.1885,      0.1544,      8.7997,      0.2070,      5.6163,     11.2325,      1.8294,     29.0671,     58.1341,      0.0193,      0.0004,      0.2500,      0.2075,   7849.3662,-430126.4062,   -915.7763,    553.7428,  26164.5527,
       1,     169,     184,      13,       1,       3,       1,     10.0000,      1.4061,     42.6878,    250.0885,     62.9376,      3.4953,      0.1886,      0.1538,     12.2424,      0.2325,      5.6163,     11.2325,      2.0542,     29.0671,     58.1341,      0.0193,      0.0006,      0.2500,      0.2075,   7849.3662,-430953.8438,   -917.1664,    553.6855,  26164.5547,
       1,     169,     184,      14,       1,       3,       1,     10.0000,      1.4061,     42.6878,    250.0885,     62.9376,      3.4953,      0.1886,      0.1538,     13.2393,      0.2354,      5.6163,     11.2325,      2.0805,     29.0671,     58.1341,      0.0193,      0.0006,      0.2500,      0.2075,   7849.3667,-435241.6562,   -919.8783,    553.3887,  26164.5527,
       1,     169,     184,      15,       1,       3,       1,     10.0000,      1.4061,     42.6878,    250.0885,     62.9376,      3.4953,      0.1900,      0.1560,     27.3654,      0.2018,      5.6163,     11.2325,      1.7831,     29.0671,     58.1341,      0.0193,      0.0013,      0.2500,      0.2075,   7849.3662,-436827.5000,   -921.5023,    553.2792,  26164.5508,
       1,     169,     184,      16,       1,       3,       1,     10.0000,      1.4061,     42.6878,    250.0885,     62.9376,      3.4953,      0.1837,      0.1496,     57.8977,      0.2107,      5.6163,     11.2325,      1.8622,     29.0671,     58.1341,      0.0193,      0.0030,      0.2375,      0.2075,   7849.3657,-454270.6875,   -925.7898,    552.0728,  26164.5527,
       1,     169,     184,      17,       1,       3,       1,     10.0000,      1.4061,     42.6878,    250.0885,     62.9376,      3.4953,      0.1870,      0.1533,     81.3800,      0.1976,      5.6163,     11.2325,      1.7465,     29.0671,     58.1341,      0.0193,      0.0041,      0.2396,      0.2075,   7849.3662,-493174.3125,   -934.0723,    549.3894,  26164.5508,
       1,     169,     184,      18,       1,       3,       1,     10.0000,      1.4061,     42.6878,    250.0885,     62.9376,      3.4953,      0.1317,      0.0988,     62.9555,      0.1696,      5.6163,     11.2325,      1.4986,     29.0671,     58.1341,      0.0193,      0.0047,      0.1616,      0.2074,   7849.3657,-525283.6250,   -938.6573,    547.1909,  26164.5527,
       1,     169,     184,      19,       1,       3,       1,     10.0000,      1.4061,     42.6878,    250.0885,     62.9376,      3.4953,      0.0955,      0.0629,     41.2448,      0.1594,      5.6163,     11.2325,      1.4084,     29.0671,     58.1341,      0.0193,      0.0045,      0.1118,      0.2074,   7849.3662,-505398.2188,   -934.2066,    548.5554,  26164.5508,
       1,     169,     184,      20,       1,       3,       1,     10.0000,      1.4061,     42.6878,    250.0885,     62.9376,      3.4953,      0.0266,     -0.0059,      4.4434,      0.1586,      5.6163,     11.2325,      1.4014,     29.0671,     58.1341,      0.0193,      0.0032,      0.0169,      0.2074,   7849.3657,-477087.5938,   -929.7654,    550.4983,  26164.5527,
       1,     169,     184,      21,       1,       3,       1,     10.0000,      1.4061,     42.6878,    250.0885,     62.9376,      3.4953,      0.0002,     -0.0319,      3.8948,      0.1468,      5.6163,     11.2325,      1.2969,     29.0671,     58.1341,      0.0193,      0.0030,      0.0156,      0.2075,   7849.3662,-429581.6875,   -921.3006,    553.7708,  26164.5508,
       1,     169,     184,      22,       1,       3,       1,     10.0000,      1.4061,     42.6878,    250.0885,     62.9376,      3.4953,      0.0000,     -0.0319,      2.9766,      0.1401,      5.6163,     11.2325,      1.2380,     29.0671,     58.1341,      0.0193,      0.0023,      0.0156,      0.2075,   7849.3657,-424910.1875,   -920.6782,    554.1038,  26164.5527,
       1,     169,     184,      23,       1,       3,       1,     10.0000,      1.4061,     42.6878,    250.0885,     62.9376,      3.4953,      0.0000,     -0.0319,      1.5475,      0.1411,      5.6163,     11.2325,      1.2468,     29.0671,     58.1341,      0.0193,      0.0012,      0.0156,      0.2075,   7849.3662,-423377.2500,   -920.4963,    554.2101,  26164.5547,
       1,     169,     184,      24,       1,       3,       1,     10.0000,      1.4061,     42.6878,    250.0885,     62.9376,      3.4953,      0.0000,     -0.0320,      1.2663,      0.1425,      5.6163,     11.2325,      1.2595,     29.0671,     58.1341,      0.0193,      0.0010,      0.0156,      0.2075,   7849.3667,-421496.0000,   -920.2021,    554.3405,  26164.5547,
       1,     169,     185,       1,       1,       3,       1,     10.0000,      1.4061,     42.6881,    250.0944,     62.9391,      3.4953,      0.0000,     -0.0320,      1.1466,      0.1441,      5.6164,     11.2328,      1.2736,     29.0742,     58.1484,      0.0193,      0.0009,      0.0156,      0.2075,   7849.3667,-421147.6875,   -920.4701,    554.3777,  26165.7285,
       1,     169,     185,       2,       1,       3,       1,     10.0000,      1.4061,     42.6881,    250.0944,     62.9391,      3.4953,      0.0000,     -0.0321,      1.5119,      0.1463,      5.6164,     11.2328,      1.2930,     29.0742,     58.1484,      0.0193,      0.0012,      0.0156,      0.2075,   7849.7188,-420818.5000,   -920.1858,    554.4005,  26165.7285,
       1,     169,     185,       3,       1,       3,       1,     10.0000,      1.4061,     42.6881,    250.0944,     62.9391,      3.4953,      0.0000,     -0.0321,      0.9537,      0.1456,      5.6164,     11.2328,      1.2865,     29.0742,     58.1484,      0.0193,      0.0007,      0.0156,      0.2075,   7849.7188,-421238.2500,   -920.3222,    554.3714,  26165.7285,
       1,     169,     185,       4,       1,       3,       1,     10.0000,      1.4061,     42.6881,    250.0944,     62.9391,      3.4953,      0.0000,     -0.0320,      0.8594,      0.1440,      5.6164,     11.2328,      1.2723,     29.0742,     58.1484,      0.0193,      0.0007,      0.0156,      0.2075,   7849.7188,-420590.0000,   -918.5685,    554.4163,  26165.7285,
       1,     169,     185,       5,       1,       3,       1,     10.0000,      1.4061,     42.6881,    250.0944,     62.9391,      3.4953,      0.0000,     -0.0321,      0.5807,      0.1460,      5.6164,     11.2328,      1.2904,     29.0742,     58.1484,      0.0193,      0.0005,      0.0156,      0.2075,   7849.7188,-420419.5312,   -918.5746,    554.4282,  26165.7285,
       1,     169,     185,       6,       1,       3,       1,     10.0000,      1.4061,     42.6881,    250.0944,     62.9391,      3.4953,      0.0000,     -0.0320,      0.4937,      0.1428,      5.6164,     11.2328,      1.2620,     29.0742,     58.1484,      0.0193,      0.0004,      0.0156,      0.2075,   7849.7188,-420063.5938,   -918.5235,    554.4529,  26165.7305,
       1,     169,     185,       7,       1,       3,       1,     10.0000,      1.4061,     42.6881,    250.0944,     62.9391,      3.4953,      0.0000,     -0.0320,      0.4657,      0.1430,      5.6164,     11.2328,      1.2633,     29.0742,     58.1484,      0.0193,      0.0004,      0.0156,      0.2075,   7849.7192,-419926.6562,   -918.5120,    554.4623,  26165.7266,
       1,     169,     185,       8,       1,       3,       1,     10.0000,      1.4061,     42.6881,    250.0944,     62.9391,      3.4953,      0.0107,     -0.0213,      0.4213,      0.1446,      5.6164,     11.2328,      1.2774,     29.0742,     58.1484,      0.0193,      0.0003,      0.0156,      0.2075,   7849.7183,-419881.0312,   -918.5144,    554.4655,  26165.7285,
       1,     169,     185,       9,       1,       3,       1,     10.0000,      1.4061,     42.6881,    250.0944,     62.9391,      3.4953,      0.0706,      0.0375,      2.4850,      0.1772,      5.6164,     11.2328,      1.5659,     29.0742,     58.1484,      0.0193,      0.0004,      0.0801,      0.2075,   7849.7188,-419822.6875,   -918.5370,    554.4695,  26165.7285,
       1,     169,     185,      10,       1,       3,       1,     10.0000,      1.4061,     42.6881,    250.0944,     62.9391,      3.4953,      0.1347,      0.1012,      6.9229,      0.1892,      5.6164,     11.2328,      1.6720,     29.0742,     58.1484,      0.0193,      0.0005,      0.1721,      0.2075,   7849.7188,-422345.5625,   -919.2068,    554.2947,  26165.7285,
       1,     169,     185,      11,       1,       3,       1,     10.0000,      1.4061,     42.6881,    250.0944,     62.9391,      3.4953,      0.1341,      0.0994,      6.5722,      0.2304,      5.6164,     11.2328,      2.0362,     29.0742,     58.1484,      0.0193,      0.0005,      0.1711,      0.2075,   7849.7188,-427995.8125,   -920.6154,    553.9033,  26165.7285,
       1,     169,     185,      12,       1,       3,       1,     10.0000,      1.4061,     42.6881,    250.0944,     62.9391,      3.4953,      0.1644,      0.1294,      8.7004,      0.2410,      5.6164,     11.2328,      2.1298,     29.0742,     58.1484,      0.0193,      0.0005,      0.2151,      0.2075,   7849.7188,-428045.9688,   -921.1537,    553.8998,  26165.7285,
       1,     169,     185,      13,       1,       3,       1,     10.0000,      1.4061,     42.6881,    250.0944,     62.9391,      3.4953,      0.1884,      0.1531,     10.9335,      0.2496,      5.6164,     11.2328,      2.2059,     29.0742,     58.1484,      0.0193,      0.0005,      0.2500,      0.2075,   7849.7188,-430657.2812,   -922.3905,    553.7191,  26165.7285,
       1,     169,     185,      14,       1,       3,       1,     10.0000,      1.4061,     42.6881,    250.0944,     62.9391,      3.4953,      0.1902,      0.1553,     41.9145,      0.2385,      5.6164,     11.2328,      2.1071,     29.0742,     58.1484,      0.0193,      0.0021,      0.2491,      0.2075,   7849.7188,-433614.4688,   -923.9067,    553.5144,  26165.7266,
       1,     169,     185,      15,       1,       3,       1,     10.0000,      1.4061,     42.6881,    250.0944,     62.9391,      3.4953,      0.1918,      0.1568,     53.8232,      0.2394,      5.6164,     11.2328,      2.1153,     29.0742,     58.1484,      0.0193,      0.0026,      0.2500,      0.2075,   7849.7183,-471820.5625,   -931.8430,    550.8710,  26165.7285,
       1,     169,     185,      16,       1,       3,       1,     10.0000,      1.4061,     42.6881,    250.0944,     62.9391,      3.4953,      0.1942,      0.1609,     78.8902,      0.1817,      5.6164,     11.2328,      1.6053,     29.0742,     58.1484,      0.0193,      0.0038,      0.2500,      0.2075,   7849.7188,-489674.4375,   -936.0487,    549.6479,  26165.7285,
       1,     169,     185,      17,       1,       3,       1,     10.0000,      1.4061,     42.6881,    250.0944,     62.9391,      3.4953,      0.1923,      0.1595,     90.7098,      0.1657,      5.6164,     11.2328,      1.4646,     29.0742,     58.1484,      0.0193,      0.0045,      0.2458,      0.2075,   7849.7188,-521917.0938,   -943.0186,    547.4340,  26165.7305,
       1,     169,     185,      18,       1,       3,       1,     10.0000,      1.4061,     42.6881,    250.0944,     62.9391,      3.4953,      0.1638,      0.1305,     92.9096,      0.1813,      5.6164,     11.2328,      1.6021,     29.0742,     58.1484,      0.0193,      0.0055,      0.2045,      0.2074,   7849.7192,-539155.3125,   -947.2062,    546.2590,  26165.7285,
       1,     169,     185,      19,       1,       3,       1,     10.0000,      1.4061,     42.6881,    250.0944,     62.9391,      3.4953,      0.1174,      0.0842,     58.9231,      0.1784,      5.6164,     11.2328,      1.5768,     29.0742,     58.1484,      0.0193,      0.0051,      0.1412,      0.2074,   7849.7188,-543310.1875,   -948.8193,    545.9764,  26165.7266,
       1,     169,     185,      20,       1,       3,       1,     10.0000,      1.4061,     42.6881,    250.0944,     62.9391,      3.4953,      0.0228,     -0.0101,      4.4685,      0.1715,      5.6164,     11.2328,      1.5152,     29.0742,     58.1484,      0.0193,      0.0050,      0.0109,      0.2074,   7849.7183,-501952.6562,   -941.4595,    548.7990,  26165.7266,
       1,     169,     185,      21,       1,       3,       1,     10.0000,      1.4061,     42.6881,    250.0944,     62.9391,      3.4953,      0.0002,     -0.0327,      2.3696,      0.1704,      5.6164,     11.2328,      1.5061,     29.0742,     58.1484,      0.0193,      0.0019,      0.0156,      0.2074,   7849.7183,-431699.9062,   -928.1733,    553.6257,  26165.7266,
       1,     169,     185,      22,       1,       3,       1,     10.0000,      1.4061,     42.6881,    250.0944,     62.9391,      3.4953,      0.0000,     -0.0330,      2.6591,      0.1728,      5.6164,     11.2328,      1.5273,     29.0742,     58.1484,      0.0193,      0.0021,      0.0156,      0.2075,   7849.7183,-423237.7500,   -926.5919,    554.2326,  26165.7266,
       1,     169,     185,      23,       1,       3,       1,     10.0000,      1.4061,     42.6881,    250.0944,     62.9391,      3.4953,      0.0000,     -0.0331,      3.5047,      0.1754,      5.6164,     11.2328,      1.5503,     29.0742,     58.1484,      0.0193,      0.0027,      0.0156,      0.2075,   7849.7183,-422849.1562,   -926.5590,    554.2598,  26165.7285,
       1,     169,     185,      24,       1,       3,       1,     10.0000,      1.4061,     42.6881,    250.0944,     62.9391,      3.4953,      0.0000,     -0.0331,      2.4087,      0.1770,      5.6164,     11.2328,      1.5643,     29.0742,     58.1484,      0.0193,      0.0019,      0.0156,      0.2075,   7849.7188,-423851.5625,   -926.8038,    554.1904,  26165.7266,
       1,     169,     186,       1,       1,       3,       1,     10.0000,      1.4061,     42.6884,    250.1003,     62.9405,      3.4953,      0.0000,     -0.0328,      1.6425,      0.1672,      5.6171,     11.2343,      1.4778,     29.0778,     58.1556,      0.0193,      0.0013,      0.0156,      0.2076,   7849.7183,-422749.2812,   -926.9023,    554.2797,  26166.8984,
       1,     169,     186,       2,       1,       3,       1,     10.0000,      1.4061,     42.6884,    250.1003,     62.9405,      3.4953,      0.0000,     -0.0325,      1.1239,      0.1588,      5.6171,     11.2343,      1.4028,     29.0778,     58.1556,      0.0193,      0.0009,      0.0156,      0.2076,   7850.0698,-421564.8750,   -926.4188,    554.3618,  26166.8965,
       1,     169,     186,       3,       1,       3,       1,     10.0000,      1.4061,     42.6884,    250.1003,     62.9405,      3.4953,      0.0000,     -0.0328,      1.3742,      0.1652,      5.6171,     11.2343,      1.4602,     29.0778,     58.1556,      0.0193,      0.0011,      0.0156,      0.2076,   7850.0693,-420829.4062,   -926.2894,    554.4128,  26166.9004,
       1,     169,     186,       4,       1,       3,       1,     10.0000,      1.4061,     42.6884,    250.1003,     62.9405,      3.4953,      0.0000,     -0.0329,      1.6143,      0.1681,      5.6171,     11.2343,      1.4852,     29.0778,     58.1556,      0.0193,      0.0013,      0.0156,      0.2076,   7850.0703,-421073.1562,   -926.3518,    554.3959,  26166.8984,
       1,     169,     186,       5,       1,       3,       1,     10.0000,      1.4061,     42.6884,    250.1003,     62.9405,      3.4953,      0.0000,     -0.0327,      1.7192,      0.1646,      5.6171,     11.2343,      1.4544,     29.0778,     58.1556,      0.0193,      0.0013,      0.0156,      0.2076,   7850.0698,-421388.0938,   -926.4329,    554.3740,  26166.9004,
       1,     169,     186,       6,       1,       3,       1,     10.0000,      1.4061,     42.6884,    250.1003,     62.9405,      3.4953,      0.0000,     -0.0327,      0.6298,      0.1631,      5.6171,     11.2343,      1.4413,     29.0778,     58.1556,      0.0193,      0.0005,      0.0156,      0.2076,   7850.0703,-421543.1875,   -926.4841,    554.3633,  26166.9004,
       1,     169,     186,       7,       1,       3,       1,     10.0000,      1.4061,     42.6884,    250.1003,     62.9405,      3.4953,      0.0000,     -0.0325,      0.5100,      0.1573,      5.6171,     11.2343,      1.3902,     29.0778,     58.1556,      0.0193,      0.0004,      0.0156,      0.2076,   7850.0703,-420222.0000,   -926.2357,    554.4548,  26166.8984,
       1,     169,     186,       8,       1,       3,       1,     10.0000,      1.4061,     42.6884,    250.1003,     62.9405,      3.4953,      0.0133,     -0.0191,      0.7897,      0.1542,      5.6171,     11.2343,      1.3626,     29.0778,     58.1556,      0.0193,      0.0006,      0.0156,      0.2076,   7850.0698,-419963.3750,   -926.1897,    554.4728,  26166.8984,
       1,     169,     186,       9,       1,       3,       1,     10.0000,      1.4061,     42.6884,    250.1003,     62.9405,      3.4953,      0.0542,      0.0217,      2.7598,      0.1594,      5.6171,     11.2343,      1.4085,     29.0778,     58.1556,      0.0193,      0.0006,      0.0569,      0.2076,   7850.0698,-420283.9062,   -926.2617,    554.4506,  26166.9004,
       1,     169,     186,      10,       1,       3,       1,     10.0000,      1.4061,     42.6884,    250.1003,     62.9405,      3.4953,      0.1281,      0.0941,     11.8465,      0.2042,      5.6171,     11.2343,      1.8044,     29.0778,     58.1556,      0.0193,      0.0009,      0.1619,      0.2076,   7850.0703,-422723.8125,   -926.7561,    554.2814,  26166.8984,
       1,     169,     186,      11,       1,       3,       1,     10.0000,      1.4061,     42.6884,    250.1003,     62.9405,      3.4953,      0.1566,      0.1215,     19.1126,      0.2472,      5.6171,     11.2343,      2.1846,     29.0778,     58.1556,      0.0193,      0.0012,      0.2026,      0.2076,   7850.0698,-434060.3438,   -929.0303,    553.4960,  26166.9004,
       1,     169,     186,      12,       1,       3,       1,     10.0000,      1.4061,     42.6884,    250.1003,     62.9405,      3.4953,      0.1661,      0.1309,     14.9425,      0.2489,      5.6171,     11.2343,      2.1995,     29.0778,     58.1556,      0.0193,      0.0008,      0.2169,      0.2075,   7850.0703,-443924.3438,   -931.0930,    552.8141,  26166.8965,
       1,     169,     186,      13,       1,       3,       1,     10.0000,      1.4061,     42.6884,    250.1003,     62.9405,      3.4953,      0.1834,      0.1480,     10.8402,      0.2578,      5.6171,     11.2343,      2.2779,     29.0778,     58.1556,      0.0193,      0.0005,      0.2428,      0.2075,   7850.0693,-439652.6562,   -930.3895,    553.1097,  26166.8984,
       1,     169,     186,      14,       1,       3,       1,     10.0000,      1.4061,     42.6884,    250.1003,     62.9405,      3.4953,      0.1885,      0.1530,     13.8494,      0.2618,      5.6171,     11.2343,      2.3135,     29.0778,     58.1556,      0.0193,      0.0007,      0.2500,      0.2075,   7850.0698,-434264.4375,   -929.4323,    553.4824,  26166.9004,
       1,     169,     186,      15,       1,       3,       1,     10.0000,      1.4061,     42.6884,    250.1003,     62.9405,      3.4953,      0.1551,      0.1190,     60.9101,      0.2854,      5.6171,     11.2343,      2.5216,     29.0778,     58.1556,      0.0193,      0.0038,      0.1957,      0.2075,   7850.0703,-437493.8125,   -930.1174,    553.2590,  26166.8984,
       1,     169,     186,      16,       1,       3,       1,     10.0000,      1.4061,     42.6884,    250.1003,     62.9405,      3.4953,      0.1716,      0.1355,    122.6684,      0.2859,      5.6171,     11.2343,      2.5265,     29.0778,     58.1556,      0.0193,      0.0070,      0.2129,      0.2075,   7850.0698,-495418.5625,   -941.6044,    549.2532,  26166.8984,
       1,     169,     186,      17,       1,       3,       1,     10.0000,      1.4061,     42.6884,    250.1003,     62.9405,      3.4953,      0.1695,      0.1342,    113.3665,      0.2548,      5.6171,     11.2343,      2.2515,     29.0778,     58.1556,      0.0193,      0.0066,      0.2108,      0.2075,   7850.0698,-576089.1875,   -957.8231,    543.7291,  26166.8965,
       1,     169,     186,      18,       1,       3,       1,     10.0000,      1.4061,     42.6884,    250.1003,     62.9405,      3.4953,      0.1810,      0.1473,    108.0523,      0.1959,      5.6171,     11.2343,      1.7311,     29.0778,     58.1556,      0.0193,      0.0058,      0.2278,      0.2074,   7850.0693,-571559.8750,   -957.5131,    544.0646,  26166.8965,
       1,     169,     186,      19,       1,       3,       1,     10.0000,      1.4061,     42.6884,    250.1003,     62.9405,      3.4953,      0.1369,      0.1040,     71.7538,      0.1679,      5.6171,     11.2343,      1.4838,     29.0778,     58.1556,      0.0193,      0.0052,      0.1680,      0.2074,   7850.0693,-564619.1250,   -956.6921,    544.5367,  26166.9004,
       1,     169,     186,      20,       1,       3,       1,     10.0000,      1.4061,     42.6884,    250.1003,     62.9405,      3.4953,      0.0455,      0.0132,     20.3588,      0.1517,      5.6171,     11.2343,      1.3408,     29.0778,     58.1556,      0.0193,      0.0058,      0.0425,      0.2074,   7850.0703,-519477.5312,   -948.2119,    547.6096,  26166.8965,
       1,     169,     186,      21,       1,       3,       1,     10.0000,      1.4061,     42.6884,    250.1003,     62.9405,      3.4953,      0.0002,     -0.0318,      7.0871,      0.1437,      5.6171,     11.2343,      1.2697,     29.0778,     58.1556,      0.0193,      0.0055,      0.0156,      0.2075,   7850.0693,-452653.5000,   -935.1683,    552.1924,  26166.8965,
       1,     169,     186,      22,       1,       3,       1,     10.0000,      1.4061,     42.6884,    250.1003,     62.9405,      3.4953,      0.0000,     -0.0320,      5.7236,      0.1424,      5.6171,     11.2343,      1.2582,     29.0778,     58.1556,      0.0193,      0.0045,      0.0156,      0.2075,   7850.0693,-430788.9688,   -930.8364,    553.7208,  26166.8965,
       1,     169,     186,      23,       1,       3,       1,     10.0000,      1.4061,     42.6884,    250.1003,     62.9405,      3.4953,      0.0000,     -0.0318,      3.8438,      0.1376,      5.6171,     11.2343,      1.2157,     29.0778,     58.1556,      0.0193,      0.0030,      0.0156,      0.2075,   7850.0693,-427248.2500,   -930.1058,    553.9681,  26166.8984,
       1,     169,     186,      24,       1,       3,       1,     10.0000,      1.4061,     42.6884,    250.1003,     62.9405,      3.4953,      0.0000,     -0.0317,      2.5810,      0.1351,      5.6171,     11.2343,      1.1937,     29.0778,     58.1556,      0.0193,      0.0020,      0.0156,      0.2076,   7850.0698,-424642.6875,   -929.5781,    554.1485,  26166.8984,
       1,     169,     187,       1,       1,       3,       1,     10.0000,      1.4061,     42.6888,    250.1062,     62.9420,      3.4953,      0.0000,     -0.0320,      1.9885,      0.1428,      5.6175,     11.2350,      1.2621,     29.0805,     58.1610,      0.0193,      0.0016,      0.0156,      0.2076,   7850.0698,-423030.7500,   -929.5357,    554.2733,  26168.0723,
       1,     169,     187,       2,       1,       3,       1,     10.0000,      1.4061,     42.6888,    250.1062,     62.9420,      3.4953,      0.0000,     -0.0321,      1.4142,      0.1466,      5.6175,     11.2350,      1.2957,     29.0805,     58.1610,      0.0193,      0.0011,      0.0156,      0.2076,   7850.4219,-422015.5000,   -929.0457,    554.3438,  26168.0723,
       1,     169,     187,       3,       1,       3,       1,     10.0000,      1.4061,     42.6888,    250.1062,     62.9420,      3.4953,      0.0000,     -0.0320,      1.8069,      0.1440,      5.6175,     11.2350,      1.2723,     29.0805,     58.1610,      0.0193,      0.0014,      0.0156,      0.2076,   7850.4219,-421225.9688,   -928.8860,    554.3984,  26168.0723,
       1,     169,     187,       4,       1,       3,       1,     10.0000,      1.4061,     42.6888,    250.1062,     62.9420,      3.4953,      0.0000,     -0.0318,      1.3224,      0.1394,      5.6175,     11.2350,      1.2318,     29.0805,     58.1610,      0.0193,      0.0010,      0.0156,      0.2076,   7850.4219,-421639.9375,   -928.9625,    554.3698,  26168.0723,
       1,     169,     187,       5,       1,       3,       1,     10.0000,      1.4061,     42.6888,    250.1062,     62.9420,      3.4953,      0.0000,     -0.0317,      1.2358,      0.1367,      5.6175,     11.2350,      1.2084,     29.0805,     58.1610,      0.0193,      0.0010,      0.0156,      0.2076,   7850.4219,-421081.6250,   -928.8494,    554.4084,  26168.0723,
       1,     169,     187,       6,       1,       3,       1,     10.0000,      1.4061,     42.6888,    250.1062,     62.9420,      3.4953,      0.0000,     -0.0318,      2.1199,      0.1380,      5.6175,     11.2350,      1.2194,     29.0805,     58.1610,      0.0193,      0.0017,      0.0156,      0.2076,   7850.4219,-420928.2812,   -928.8144,    554.4190,  26168.0742,
       1,     169,     187,       7,       1,       3,       1,     10.0000,      1.4061,     42.6888,    250.1062,     62.9420,      3.4953,      0.0000,     -0.0319,      2.1433,      0.1403,      5.6175,     11.2350,      1.2393,     29.0805,     58.1610,      0.0193,      0.0017,      0.0156,      0.2076,   7850.4224,-421997.8125,   -929.0166,    554.3449,  26168.0723,
       1,     169,     187,       8,       1,       3,       1,     10.0000,      1.4061,     42.6888,    250.1062,     62.9420,      3.4953,      0.0097,     -0.0221,      1.5726,      0.1394,      5.6175,     11.2350,      1.2318,     29.0805,     58.1610,      0.0193,      0.0012,      0.0156,      0.2076,   7850.4219,-422117.3750,   -929.0326,    554.3367,  26168.0723,
       1,     169,     187,       9,       1,       3,       1,     10.0000,      1.4061,     42.6888,    250.1062,     62.9420,      3.4953,      0.1045,      0.0720,      7.7316,      0.1576,      5.6175,     11.2350,      1.3930,     29.0805,     58.1610,      0.0193,      0.0007,      0.1288,      0.2076,   7850.4219,-421428.6250,   -928.8885,    554.3844,  26168.0723,
       1,     169,     187,      10,       1,       3,       1,     10.0000,      1.4061,     42.6888,    250.1062,     62.9420,      3.4953,      0.1486,      0.1148,      8.0374,      0.1994,      5.6175,     11.2350,      1.7622,     29.0805,     58.1610,      0.0193,      0.0005,      0.1922,      0.2076,   7850.4219,-428912.4375,   -930.3622,    553.8658,  26168.0742,
       1,     169,     187,      11,       1,       3,       1,     10.0000,      1.4061,     42.6888,    250.1062,     62.9420,      3.4953,      0.1864,      0.1517,      9.4917,      0.2304,      5.6175,     11.2350,      2.0363,     29.0805,     58.1610,      0.0193,      0.0005,      0.2471,      0.2076,   7850.4224,-429922.4688,   -930.5351,    553.7961,  26168.0742,
       1,     169,     187,      12,       1,       3,       1,     10.0000,      1.4061,     42.6888,    250.1062,     62.9420,      3.4953,      0.1875,      0.1524,     10.2339,      0.2446,      5.6175,     11.2350,      2.1613,     29.0805,     58.1610,      0.0193,      0.0005,      0.2487,      0.2076,   7850.4224,-431789.0312,   -930.7662,    553.6669,  26168.0703,
       1,     169,     187,      13,       1,       3,       1,     10.0000,      1.4061,     42.6888,    250.1062,     62.9420,      3.4953,      0.1877,      0.1526,     10.4003,      0.2477,      5.6175,     11.2350,      2.1889,     29.0805,     58.1610,      0.0193,      0.0005,      0.2491,      0.2076,   7850.4214,-432856.7500,   -930.8157,    553.5930,  26168.0742,
       1,     169,     187,      14,       1,       3,       1,     10.0000,      1.4061,     42.6888,    250.1062,     62.9420,      3.4953,      0.1891,      0.1546,     17.9140,      0.2205,      5.6175,     11.2350,      1.9484,     29.0805,     58.1610,      0.0193,      0.0009,      0.2500,      0.2076,   7850.4224,-433150.8125,   -930.7168,    553.5726,  26168.0723,
       1,     169,     187,      15,       1,       3,       1,     10.0000,      1.4061,     42.6888,    250.1062,     62.9420,      3.4953,      0.1922,      0.1585,     55.1728,      0.1942,      5.6175,     11.2350,      1.7158,     29.0805,     58.1610,      0.0193,      0.0027,      0.2500,      0.2076,   7850.4219,-442378.7500,   -932.4649,    552.9341,  26168.0723,
       1,     169,     187,      16,       1,       3,       1,     10.0000,      1.4061,     42.6888,    250.1062,     62.9420,      3.4953,      0.1882,      0.1545,     86.6454,      0.1942,      5.6175,     11.2350,      1.7158,     29.0805,     58.1610,      0.0193,      0.0044,      0.2406,      0.2076,   7850.4219,-488803.2188,   -941.7276,    549.7257,  26168.0723,
       1,     169,     187,      17,       1,       3,       1,     10.0000,      1.4061,     42.6888,    250.1062,     62.9420,      3.4953,      0.1625,      0.1284,     92.4945,      0.2099,      5.6175,     11.2350,      1.8550,     29.0805,     58.1610,      0.0193,      0.0056,      0.2028,      0.2075,   7850.4219,-531341.6875,   -950.3992,    546.8120,  26168.0723,
       1,     169,     187,      18,       1,       3,       1,     10.0000,      1.4061,     42.6888,    250.1062,     62.9420,      3.4953,      0.1455,      0.1116,     80.1277,      0.1998,      5.6175,     11.2350,      1.7657,     29.0805,     58.1610,      0.0193,      0.0054,      0.1794,      0.2075,   7850.4219,-542125.3750,   -952.8554,    546.0826,  26168.0723,
       1,     169,     187,      19,       1,       3,       1,     10.0000,      1.4061,     42.6888,    250.1062,     62.9420,      3.4953,      0.0845,      0.0513,     29.7923,      0.1772,      5.6175,     11.2350,      1.5659,     29.0805,     58.1610,      0.0193,      0.0037,      0.0970,      0.2075,   7850.4219,-527856.1250,   -950.3023,    547.0571,  26168.0742,
       1,     169,     187,      20,       1,       3,       1,     10.0000,      1.4061,     42.6888,    250.1062,     62.9420,      3.4953,      0.0137,     -0.0192,      3.1255,      0.1693,      5.6175,     11.2350,      1.4957,     29.0805,     58.1610,      0.0193,      0.0024,      0.0156,      0.2075,   7850.4224,-464912.4375,   -939.3503,    551.3622,  26168.0723,
       1,     169,     187,      21,       1,       3,       1,     10.0000,      1.4061,     42.6888,    250.1062,     62.9420,      3.4953,      0.0001,     -0.0325,      2.6708,      0.1605,      5.6175,     11.2350,      1.4184,     29.0805,     58.1610,      0.0193,      0.0021,      0.0156,      0.2075,   7850.4219,-426966.5625,   -932.2070,    553.9944,  26168.0703,
       1,     169,     187,      22,       1,       3,       1,     10.0000,      1.4061,     42.6888,    250.1062,     62.9420,      3.4953,      0.0000,     -0.0324,      3.8036,      0.1556,      5.6175,     11.2350,      1.3750,     29.0805,     58.1610,      0.0193,      0.0030,      0.0156,      0.2076,   7850.4214,-423192.8438,   -931.4503,    554.2621,  26168.0723,
       1,     169,     187,      23,       1,       3,       1,     10.0000,      1.4061,     42.6888,    250.1062,     62.9420,      3.4953,      0.0000,     -0.0323,      3.5049,      0.1533,      5.6175,     11.2350,      1.3544,     29.0805,     58.1610,      0.0193,      0.0027,      0.0156,      0.2076,   7850.4219,-424252.0938,   -931.6428,    554.1888,  26168.0684,
       1,     169,     187,      24,       1,       3,       1,     10.0000,      1.4061,     42.6888,    250.1062,     62.9420,      3.4953,      0.0000,     -0.0323,      1.9144,      0.1527,      5.6175,     11.2350,      1.3489,     29.0805,     58.1610,      0.0193,      0.0015,      0.0156,      0.2076,   7850.4209,-423976.4062,   -931.5703,    554.2079,  26168.0703,
       1,     169,     188,       1,       1,       3,       1,     10.0000,      1.4061,     42.6891,    250.1121,     62.9435,      3.4953,      0.0000,     -0.0323,      1.1182,      0.1510,      5.6172,     11.2345,      1.3341,     29.0847,     58.1694,      0.0193,      0.0009,      0.0156,      0.2076,   7850.4214,-422160.3125,   -931.4874,    554.3467,  26169.2441,
       1,     169,     188,       2,       1,       3,       1,     10.0000,      1.4061,     42.6891,    250.1121,     62.9435,      3.4953,      0.0000,     -0.0322,      0.7948,      0.1481,      5.6172,     11.2345,      1.3088,     29.0847,     58.1694,      0.0193,      0.0006,      0.0156,      0.2076,   7850.7734,-420878.6562,   -930.9505,    554.4355,  26169.2422,
       1,     169,     188,       3,       1,       3,       1,     10.0000,      1.4061,     42.6891,    250.1121,     62.9435,      3.4953,      0.0000,     -0.0321,      0.4331,      0.1450,      5.6172,     11.2345,      1.2814,     29.0847,     58.1694,      0.0193,      0.0003,      0.0156,      0.2076,   7850.7729,-420374.0312,   -930.8492,    554.4705,  26169.2422,
       1,     169,     188,       4,       1,       3,       1,     10.0000,      1.4061,     42.6891,    250.1121,     62.9435,      3.4953,      0.0000,     -0.0320,      0.4300,      0.1440,      5.6172,     11.2345,      1.2724,     29.0847,     58.1694,      0.0193,      0.0003,      0.0156,      0.2076,   7850.7729,-419888.3750,   -930.7539,    554.5042,  26169.2422,
       1,     169,     188,       5,       1,       3,       1,     10.0000,      1.4061,     42.6891,    250.1121,     62.9435,      3.4953,      0.0000,     -0.0321,      0.4826,      0.1457,      5.6172,     11.2345,      1.2879,     29.0847,     58.1694,      0.0193,      0.0004,      0.0156,      0.2076,   7850.7729,-419843.2812,   -930.7459,    554.5073,  26169.2422,
       1,     169,     188,       6,       1,       3,       1,     10.0000,      1.4061,     42.6891,    250.1121,     62.9435,      3.4953,      0.0000,     -0.0322,      0.4234,      0.1478,      5.6172,     11.2345,      1.3062,     29.0847,     58.1694,      0.0193,      0.0003,      0.0156,      0.2076,   7850.7729,-419903.9688,   -930.7588,    554.5031,  26169.2402,
       1,     169,     188,       7,       1,       3,       1,     10.0000,      1.4061,     42.6891,    250.1121,     62.9435,      3.4953,      0.0000,     -0.0321,      0.3583,      0.1472,      5.6172,     11.2345,      1.3009,     29.0847,     58.1694,      0.0193,      0.0003,      0.0156,      0.2076,   7850.7725,-419836.7188,   -930.7469,    554.5078,  26169.2422,
       1,     169,     188,       8,       1,       3,       1,     10.0000,      1.4061,     42.6891,    250.1121,     62.9435,      3.4953,      0.0069,     -0.0252,      0.3566,      0.1466,      5.6172,     11.2345,      1.2957,     29.0847,     58.1694,      0.0193,      0.0003,      0.0156,      0.2076,   7850.7729,-419751.0625,   -930.7311,    554.5137,  26169.2402,
       1,     169,     188,       9,       1,       3,       1,     10.0000,      1.4061,     42.6891,    250.1121,     62.9435,      3.4953,      0.0552,      0.0231,      1.3423,      0.1465,      5.6172,     11.2345,      1.2944,     29.0847,     58.1694,      0.0193,      0.0003,      0.0588,      0.2076,   7850.7725,-419742.0000,   -930.7297,    554.5143,  26169.2441,
       1,     169,     188,      10,       1,       3,       1,     10.0000,      1.4061,     42.6891,    250.1121,     62.9435,      3.4953,      0.1403,      0.1082,      4.1449,      0.1471,      5.6172,     11.2345,      1.2996,     29.0847,     58.1694,      0.0193,      0.0003,      0.1807,      0.2076,   7850.7734,-420947.7500,   -930.9509,    554.4307,  26169.2422,
       1,     169,     188,      11,       1,       3,       1,     10.0000,      1.4061,     42.6891,    250.1121,     62.9435,      3.4953,      0.0663,      0.0341,      1.7526,      0.1483,      5.6172,     11.2345,      1.3102,     29.0847,     58.1694,      0.0193,      0.0003,      0.0746,      0.2076,   7850.7729,-424481.9688,   -931.9684,    554.1858,  26169.2422,
       1,     169,     188,      12,       1,       3,       1,     10.0000,      1.4061,     42.6891,    250.1121,     62.9435,      3.4953,      0.1225,      0.0902,      4.3540,      0.1517,      5.6172,     11.2345,      1.3409,     29.0847,     58.1694,      0.0193,      0.0003,      0.1551,      0.2076,   7850.7729,-421852.6875,   -931.7236,    554.3680,  26169.2422,
       1,     169,     188,      13,       1,       3,       1,     10.0000,      1.4061,     42.6891,    250.1121,     62.9435,      3.4953,      0.1676,      0.1350,      6.0732,      0.1594,      5.6172,     11.2345,      1.4085,     29.0847,     58.1694,      0.0193,      0.0003,      0.2198,      0.2076,   7850.7729,-424814.7812,   -932.4890,    554.1628,  26169.2402,
       1,     169,     188,      14,       1,       3,       1,     10.0000,      1.4061,     42.6891,    250.1121,     62.9435,      3.4953,      0.1872,      0.1543,      6.6373,      0.1683,      5.6172,     11.2345,      1.4868,     29.0847,     58.1694,      0.0193,      0.0003,      0.2480,      0.2076,   7850.7725,-427171.4688,   -932.9510,    553.9995,  26169.2422,
       1,     169,     188,      15,       1,       3,       1,     10.0000,      1.4061,     42.6891,    250.1121,     62.9435,      3.4953,      0.1887,      0.1562,      6.8330,      0.1578,      5.6172,     11.2345,      1.3945,     29.0847,     58.1694,      0.0193,      0.0003,      0.2500,      0.2076,   7850.7729,-428062.2812,   -933.0726,    553.9379,  26169.2402,
       1,     169,     188,      16,       1,       3,       1,     10.0000,      1.4061,     42.6891,    250.1121,     62.9435,      3.4953,      0.1673,      0.1347,      6.6063,      0.1586,      5.6172,     11.2345,      1.4015,     29.0847,     58.1694,      0.0193,      0.0004,      0.2192,      0.2076,   7850.7725,-428377.4688,   -933.0573,    553.9160,  26169.2422,
       1,     169,     188,      17,       1,       3,       1,     10.0000,      1.4061,     42.6891,    250.1121,     62.9435,      3.4953,      0.1715,      0.1388,      7.1953,      0.1631,      5.6172,     11.2345,      1.4414,     29.0847,     58.1694,      0.0193,      0.0004,      0.2253,      0.2076,   7850.7729,-428126.5312,   -932.9824,    553.9335,  26169.2422,
       1,     169,     188,      18,       1,       3,       1,     10.0000,      1.4061,     42.6891,    250.1121,     62.9435,      3.4953,      0.1501,      0.1174,      7.8679,      0.1636,      5.6172,     11.2345,      1.4457,     29.0847,     58.1694,      0.0193,      0.0005,      0.1943,      0.2076,   7850.7729,-428826.3750,   -933.0770,    553.8849,  26169.2422,
       1,     169,     188,      19,       1,       3,       1,     10.0000,      1.4061,     42.6891,    250.1121,     62.9435,      3.4953,      0.0945,      0.0617,      7.4093,      0.1674,      5.6172,     11.2345,      1.4794,     29.0847,     58.1694,      0.0193,      0.0008,      0.1142,      0.2076,   7850.7729,-429709.5938,   -933.2275,    553.8239,  26169.2422,
       1,     169,     188,      20,       1,       3,       1,     10.0000,      1.4061,     42.6891,    250.1121,     62.9435,      3.4953,      0.0220,     -0.0106,      0.4850,      0.1605,      5.6172,     11.2345,      1.4185,     29.0847,     58.1694,      0.0193,      0.0006,      0.0106,      0.2076,   7850.7729,-429222.8438,   -933.1339,    553.8575,  26169.2422,
       1,     169,     188,      21,       1,       3,       1,     10.0000,      1.4061,     42.6891,    250.1121,     62.9435,      3.4953,      0.0000,     -0.0324,      0.7176,      0.1551,      5.6172,     11.2345,      1.3709,     29.0847,     58.1694,      0.0193,      0.0006,      0.0156,      0.2076,   7850.7729,-420702.0625,   -931.4357,    554.4474,  26169.2422,
       1,     169,     188,      22,       1,       3,       1,     10.0000,      1.4061,     42.6891,    250.1121,     62.9435,      3.4953,      0.0000,     -0.0324,      1.0887,      0.1544,      5.6172,     11.2345,      1.3640,     29.0847,     58.1694,      0.0193,      0.0009,      0.0156,      0.2076,   7850.7729,-420265.0000,   -931.3486,    554.4780,  26169.2402,
       1,     169,     188,      23,       1,       3,       1,     10.0000,      1.4061,     42.6891,    250.1121,     62.9435,      3.4953,      0.0000,     -0.0325,      1.4067,      0.1573,      5.6172,     11.2345,      1.3903,     29.0847,     58.1694,      0.0193,      0.0011,      0.0156,      0.2076,   7850.7725,-420681.9688,   -931.4301,    554.4491,  26169.2422,
       1,     169,     188,      24,       1,       3,       1,     10.0000,      1.4061,     42.6891,    250.1121,     62.9435,      3.4953,      0.0000,     -0.0325,      1.3837,      0.1572,      5.6172,     11.2345,      1.3889,     29.0847,     58.1694,      0.0193,      0.0011,      0.0156,      0.2076,   7850.7729,-421106.6875,   -931.5105,    554.4197,  26169.2422,
       1,     169,     189,       1,       1,       3,       1,     10.0000,      1.4062,     42.6894,    250.1180,     62.9450,      3.4953,      0.0000,     -0.0325,      1.2084,      0.1572,      5.6178,     11.2355,      1.3889,     29.0829,     58.1657,      0.0193,      0.0009,      0.0156,      0.2076,   7850.7729,-421270.4062,   -931.8281,    554.4215,  26170.4160,
       1,     169,     189,       2,       1,       3,       1,     10.0000,      1.4062,     42.6894,    250.1180,     62.9450,      3.4953,      0.0000,     -0.0324,      1.0465,      0.1556,      5.6178,     11.2355,      1.3750,     29.0829,     58.1657,      0.0193,      0.0008,      0.0156,      0.2076,   7851.1250,-420916.7188,   -931.4738,    554.4460,  26170.4180,
       1,     169,     189,       3,       1,       3,       1,     10.0000,      1.4062,     42.6894,    250.1180,     62.9450,      3.4953,      0.0000,     -0.0325,      0.9078,      0.1562,      5.6178,     11.2355,      1.3806,     29.0829,     58.1657,      0.0193,      0.0007,      0.0156,      0.2076,   7851.1255,-420688.4062,   -931.4278,    554.4619,  26170.4160,
       1,     169,     189,       4,       1,       3,       1,     10.0000,      1.4062,     42.6894,    250.1180,     62.9450,      3.4953,      0.0000,     -0.0324,      1.0682,      0.1536,      5.6178,     11.2355,      1.3572,     29.0829,     58.1657,      0.0193,      0.0008,      0.0156,      0.2076,   7851.1250,-420499.3750,   -931.3900,    554.4749,  26170.4199,
       1,     169,     189,       5,       1,       3,       1,     10.0000,      1.4062,     42.6894,    250.1180,     62.9450,      3.4953,      0.0000,     -0.0322,      1.2485,      0.1487,      5.6178,     11.2355,      1.3142,     29.0829,     58.1657,      0.0193,      0.0010,      0.0156,      0.2076,   7851.1265,-420679.2188,   -913.7218,    554.4625,  26170.4219,
       1,     169,     189,       6,       1,       3,       1,     10.0000,      1.4062,     42.6894,    250.1180,     62.9450,      3.4953,      0.0000,     -0.0320,      1.5270,      0.1431,      5.6178,     11.2355,      1.2647,     29.0829,     58.1657,      0.0193,      0.0012,      0.0156,      0.2076,   7851.1270,-420914.9688,   -913.8503,    554.4462,  26170.4219,
       1,     169,     189,       7,       1,       3,       1,     10.0000,      1.4062,     42.6894,    250.1180,     62.9450,      3.4953,      0.0000,     -0.0317,      1.5451,      0.1356,      5.6178,     11.2355,      1.1987,     29.0829,     58.1657,      0.0193,      0.0012,      0.0156,      0.2076,   7851.1270,-421275.9688,   -914.0936,    554.4211,  26170.4219,
       1,     169,     189,       8,       1,       3,       1,     10.0000,      1.4062,     42.6894,    250.1180,     62.9450,      3.4953,      0.0125,     -0.0193,      1.1738,      0.1377,      5.6178,     11.2355,      1.2170,     29.0829,     58.1657,      0.0193,      0.0009,      0.0156,      0.2076,   7851.1270,-421328.7188,   -912.7506,    554.4175,  26170.4219,
       1,     169,     189,       9,       1,       3,       1,     10.0000,      1.4062,     42.6894,    250.1180,     62.9450,      3.4953,      0.0355,      0.0033,      1.5825,      0.1480,      5.6178,     11.2355,      1.3075,     29.0829,     58.1657,      0.0193,      0.0006,      0.0304,      0.2076,   7851.1270,-420878.6875,   -912.8029,    554.4487,  26170.4219,
       1,     169,     189,      10,       1,       3,       1,     10.0000,      1.4062,     42.6894,    250.1180,     62.9450,      3.4953,      0.0931,      0.0606,      2.8885,      0.1570,      5.6178,     11.2355,      1.3875,     29.0829,     58.1657,      0.0193,      0.0003,      0.1128,      0.2076,   7851.1270,-421340.8125,   -913.0740,    554.4166,  26170.4219,
       1,     169,     189,      11,       1,       3,       1,     10.0000,      1.4062,     42.6894,    250.1180,     62.9450,      3.4953,      0.1391,      0.1064,      6.7298,      0.1639,      5.6178,     11.2355,      1.4487,     29.0829,     58.1657,      0.0193,      0.0005,      0.1786,      0.2076,   7851.1270,-422979.0312,   -913.6795,    554.3032,  26170.4219,
       1,     169,     189,      12,       1,       3,       1,     10.0000,      1.4062,     42.6894,    250.1180,     62.9450,      3.4953,      0.1439,      0.1103,      9.2465,      0.1906,      5.6178,     11.2355,      1.6838,     29.0829,     58.1657,      0.0193,      0.0006,      0.1851,      0.2076,   7851.1270,-427821.0312,   -915.1913,    553.9676,  26170.4199,
       1,     169,     189,      13,       1,       3,       1,     10.0000,      1.4062,     42.6894,    250.1180,     62.9450,      3.4953,      0.1348,      0.1007,      7.1403,      0.2075,      5.6178,     11.2355,      1.8333,     29.0829,     58.1657,      0.0193,      0.0005,      0.1721,      0.2076,   7851.1265,-431313.8438,   -916.5046,    553.7258,  26170.4219,
       1,     169,     189,      14,       1,       3,       1,     10.0000,      1.4062,     42.6894,    250.1180,     62.9450,      3.4953,      0.1637,      0.1296,     10.3805,      0.2077,      5.6178,     11.2355,      1.8351,     29.0829,     58.1657,      0.0193,      0.0006,      0.2138,      0.2076,   7851.1270,-429030.9062,   -916.6349,    553.8839,  26170.4199,
       1,     169,     189,      15,       1,       3,       1,     10.0000,      1.4062,     42.6894,    250.1180,     62.9450,      3.4953,      0.1756,      0.1424,     12.3379,      0.1801,      5.6178,     11.2355,      1.5912,     29.0829,     58.1657,      0.0193,      0.0007,      0.2307,      0.2076,   7851.1265,-432804.9375,   -914.0896,    553.6227,  26170.4199,
       1,     169,     189,      16,       1,       3,       1,     10.0000,      1.4062,     42.6894,    250.1180,     62.9450,      3.4953,      0.1337,      0.1010,     11.2830,      0.1659,      5.6178,     11.2355,      1.4662,     29.0829,     58.1657,      0.0193,      0.0008,      0.1703,      0.2076,   7851.1265,-435522.0000,   -914.3887,    553.4347,  26170.4219,
       1,     169,     189,      17,       1,       3,       1,     10.0000,      1.4062,     42.6894,    250.1180,     62.9450,      3.4953,      0.1199,      0.0874,     26.2817,      0.1569,      5.6178,     11.2355,      1.3861,     29.0829,     58.1657,      0.0193,      0.0022,      0.1488,      0.2076,   7851.1270,-434460.4375,   -914.7253,    553.5082,  26170.4199,
       1,     169,     189,      18,       1,       3,       1,     10.0000,      1.4062,     42.6894,    250.1180,     62.9450,      3.4953,      0.1209,      0.0885,     33.5186,      0.1547,      5.6178,     11.2355,      1.3668,     29.0829,     58.1657,      0.0193,      0.0027,      0.1495,      0.2076,   7851.1265,-452737.0625,   -918.8181,    552.2437,  26170.4219,
       1,     169,     189,      19,       1,       3,       1,     10.0000,      1.4062,     42.6894,    250.1180,     62.9450,      3.4953,      0.0842,      0.0518,     20.4635,      0.1531,      5.6178,     11.2355,      1.3531,     29.0829,     58.1657,      0.0193,      0.0025,      0.0981,      0.2076,   7851.1270,-463154.1250,   -921.6554,    551.5260,  26170.4199,
       1,     169,     189,      20,       1,       3,       1,     10.0000,      1.4062,     42.6894,    250.1180,     62.9450,      3.4953,      0.0212,     -0.0111,      1.4877,      0.1516,      5.6178,     11.2355,      1.3395,     29.0829,     58.1657,      0.0193,      0.0019,      0.0097,      0.2076,   7851.1265,-448042.7812,   -916.7301,    552.5682,  26170.4219,
       1,     169,     189,      21,       1,       3,       1,     10.0000,      1.4062,     42.6894,    250.1180,     62.9450,      3.4953,      0.0001,     -0.0323,      1.9984,      0.1539,      5.6178,     11.2355,      1.3599,     29.0829,     58.1657,      0.0193,      0.0016,      0.0156,      0.2076,   7851.1270,-423524.2812,   -912.6406,    554.2628,  26170.4199,
       1,     169,     189,      22,       1,       3,       1,     10.0000,      1.4062,     42.6894,    250.1180,     62.9450,      3.4953,      0.0000,     -0.0324,      1.7071,      0.1558,      5.6178,     11.2355,      1.3764,     29.0829,     58.1657,      0.0193,      0.0013,      0.0156,      0.2076,   7851.1265,-422077.7500,   -912.5575,    554.3655,  26170.4199,
       1,     169,     189,      23,       1,       3,       1,     10.0000,      1.4062,     42.6894,    250.1180,     62.9450,      3.4953,      0.0000,     -0.0326,      1.1837,      0.1600,      5.6178,     11.2355,      1.4142,     29.0829,     58.1657,      0.0193,      0.0009,      0.0156,      0.2076,   7851.1265,-421595.2812,   -912.6017,    554.3990,  26170.4199,
       1,     169,     189,      24,       1,       3,       1,     10.0000,      1.4062,     42.6894,    250.1180,     62.9450,      3.4953,      0.0000,     -0.0327,      0.6522,      0.1631,      5.6178,     11.2355,      1.4414,     29.0829,     58.1657,      0.0193,      0.0005,      0.0156,      0.2076,   7851.1265,-420913.5625,   -912.5667,    554.4463,  26170.4160,
       1,     169,     190,       1,       1,       3,       1,     10.0000,      1.4062,     42.6898,    250.1239,     62.9465,      3.4953,      0.0000,     -0.0327,      0.5085,      0.1646,      5.6184,     11.2368,      1.4545,     29.0769,     58.1537,      0.0193,      0.0004,      0.0156,      0.2077,   7851.1250,-420361.3125,   -912.7633,    554.4977,  26171.5918,
       1,     169,     190,       2,       1,       3,       1,     10.0000,      1.4062,     42.6898,    250.1239,     62.9465,      3.4953,      0.0000,     -0.0328,      0.4793,      0.1661,      5.6184,     11.2368,      1.4677,     29.0769,     58.1537,      0.0193,      0.0004,      0.0156,      0.2077,   7851.4780,-419985.3125,   -912.4535,    554.5237,  26171.5918,
       1,     169,     190,       3,       1,       3,       1,     10.0000,      1.4062,     42.6898,    250.1239,     62.9465,      3.4953,      0.0000,     -0.0329,      0.4907,      0.1698,      5.6184,     11.2368,      1.5003,     29.0769,     58.1537,      0.0193,      0.0004,      0.0156,      0.2077,   7851.4780,-419917.6250,   -912.4519,    554.5284,  26171.5898,
       1,     169,     190,       4,       1,       3,       1,     10.0000,      1.4062,     42.6898,    250.1239,     62.9465,      3.4953,      0.0000,     -0.0329,      0.6310,      0.1689,      5.6184,     11.2368,      1.4928,     29.0769,     58.1537,      0.0193,      0.0005,      0.0156,      0.2077,   7851.4771,-419926.2500,   -912.4647,    554.5278,  26171.5918,
       1,     169,     190,       5,       1,       3,       1,     10.0000,      1.4062,     42.6898,    250.1239,     62.9465,      3.4953,      0.0000,     -0.0328,      0.6702,      0.1679,      5.6184,     11.2368,      1.4839,     29.0769,     58.1537,      0.0193,      0.0005,      0.0156,      0.2077,   7851.4780,-420098.4375,   -912.5228,    554.5159,  26171.5918,
       1,     169,     190,       6,       1,       3,       1,     10.0000,      1.4062,     42.6898,    250.1239,     62.9465,      3.4953,      0.0000,     -0.0326,      0.6174,      0.1597,      5.6184,     11.2368,      1.4114,     29.0769,     58.1537,      0.0193,      0.0005,      0.0156,      0.2077,   7851.4780,-420160.9375,   -912.5621,    554.5115,  26171.5918,
       1,     169,     190,       7,       1,       3,       1,     10.0000,      1.4062,     42.6898,    250.1239,     62.9465,      3.4953,      0.0000,     -0.0325,      0.6020,      0.1562,      5.6184,     11.2368,      1.3806,     29.0769,     58.1537,      0.0193,      0.0005,      0.0156,      0.2077,   7851.4780,-420101.6875,   -912.5726,    554.5157,  26171.5918,
       1,     169,     190,       8,       1,       3,       1,     10.0000,      1.4062,     42.6898,    250.1239,     62.9465,      3.4953,      0.0076,     -0.0246,      0.6226,      0.1495,      5.6184,     11.2368,      1.3208,     29.0769,     58.1537,      0.0193,      0.0005,      0.0156,      0.2077,   7851.4780,-420077.7500,   -912.5910,    554.5173,  26171.5918,
       1,     169,     190,       9,       1,       3,       1,     10.0000,      1.4062,     42.6898,    250.1239,     62.9465,      3.4953,      0.0596,      0.0271,      2.5469,      0.1567,      5.6184,     11.2368,      1.3848,     29.0769,     58.1537,      0.0193,      0.0005,      0.0646,      0.2077,   7851.4780,-420101.0000,   -912.6497,    554.5157,  26171.5918,
       1,     169,     190,      10,       1,       3,       1,     10.0000,      1.4062,     42.6898,    250.1239,     62.9465,      3.4953,      0.1304,      0.0969,      6.9234,      0.1872,      5.6184,     11.2368,      1.6541,     29.0769,     58.1537,      0.0193,      0.0005,      0.1659,      0.2077,   7851.4780,-422458.5625,   -913.2623,    554.3523,  26171.5918,
       1,     169,     190,      11,       1,       3,       1,     10.0000,      1.4062,     42.6898,    250.1239,     62.9465,      3.4953,      0.1798,      0.1459,      9.2426,      0.2012,      5.6184,     11.2368,      1.7781,     29.0769,     58.1537,      0.0193,      0.0005,      0.2372,      0.2077,   7851.4780,-428016.2500,   -914.9146,    553.9672,  26171.5918,
       1,     169,     190,      12,       1,       3,       1,     10.0000,      1.4062,     42.6898,    250.1239,     62.9465,      3.4953,      0.1851,      0.1508,     10.8377,      0.2156,      5.6184,     11.2368,      1.9050,     29.0769,     58.1537,      0.0193,      0.0005,      0.2449,      0.2077,   7851.4780,-431327.4688,   -916.5436,    553.7380,  26171.5918,
       1,     169,     190,      13,       1,       3,       1,     10.0000,      1.4062,     42.6898,    250.1239,     62.9465,      3.4953,      0.1884,      0.1541,      9.0004,      0.2156,      5.6184,     11.2368,      1.9050,     29.0769,     58.1537,      0.0193,      0.0004,      0.2500,      0.2077,   7851.4780,-433561.2188,   -918.1158,    553.5834,  26171.5898,
       1,     169,     190,      14,       1,       3,       1,     10.0000,      1.4062,     42.6898,    250.1239,     62.9465,      3.4953,      0.1846,      0.1502,     14.2732,      0.2186,      5.6184,     11.2368,      1.9314,     29.0769,     58.1537,      0.0193,      0.0007,      0.2439,      0.2077,   7851.4771,-431501.4062,   -919.0813,    553.7260,  26171.5918,
       1,     169,     190,      15,       1,       3,       1,     10.0000,      1.4062,     42.6898,    250.1239,     62.9465,      3.4953,      0.1851,      0.1505,     42.7355,      0.2262,      5.6184,     11.2368,      1.9989,     29.0769,     58.1537,      0.0193,      0.0022,      0.2414,      0.2077,   7851.4780,-437782.0938,   -921.0188,    553.2913,  26171.5918,
       1,     169,     190,      16,       1,       3,       1,     10.0000,      1.4062,     42.6898,    250.1239,     62.9465,      3.4953,      0.1830,      0.1485,     53.3707,      0.2240,      5.6184,     11.2368,      1.9794,     29.0769,     58.1537,      0.0193,      0.0027,      0.2371,      0.2076,   7851.4780,-473165.7812,   -928.6357,    550.8443,  26171.5898,
       1,     169,     190,      17,       1,       3,       1,     10.0000,      1.4062,     42.6898,    250.1239,     62.9465,      3.4953,      0.1560,      0.1227,     55.9748,      0.1824,      5.6184,     11.2368,      1.6119,     29.0769,     58.1537,      0.0193,      0.0035,      0.1974,      0.2076,   7851.4771,-489207.9375,   -932.7242,    549.7451,  26171.5918,
       1,     169,     190,      18,       1,       3,       1,     10.0000,      1.4062,     42.6898,    250.1239,     62.9465,      3.4953,      0.1371,      0.1048,     48.9226,      0.1516,      5.6184,     11.2368,      1.3396,     29.0769,     58.1537,      0.0193,      0.0035,      0.1709,      0.2076,   7851.4780,-493752.1250,   -934.3997,    549.4340,  26171.5898,
       1,     169,     190,      19,       1,       3,       1,     10.0000,      1.4062,     42.6898,    250.1239,     62.9465,      3.4953,      0.0900,      0.0580,     25.2928,      0.1449,      5.6184,     11.2368,      1.2802,     29.0769,     58.1537,      0.0193,      0.0029,      0.1061,      0.2076,   7851.4771,-485493.2188,   -924.6010,    550.0012,  26171.4824,
       1,     169,     190,      20,       1,       3,       1,     10.0000,      1.4062,     42.6898,    250.1239,     62.9465,      3.4953,      0.0191,     -0.0130,      1.7567,      0.1484,      5.6184,     11.2368,      1.3115,     29.0769,     58.1537,      0.0193,      0.0031,      0.0069,      0.2076,   7851.4448,-455854.2812,   -917.6022,    552.0392,  26171.5957,
       1,     169,     190,      21,       1,       3,       1,     10.0000,      1.4062,     42.6898,    250.1239,     62.9465,      3.4953,      0.0000,     -0.0322,      3.9867,      0.1483,      5.6184,     11.2368,      1.3102,     29.0769,     58.1537,      0.0193,      0.0031,      0.0156,      0.2076,   7851.4790,-424518.0000,   -912.3196,    554.2054,  26171.5957,
       1,     169,     190,      22,       1,       3,       1,     10.0000,      1.4062,     42.6898,    250.1239,     62.9465,      3.4953,      0.0000,     -0.0322,      3.4624,      0.1483,      5.6184,     11.2368,      1.3102,     29.0769,     58.1537,      0.0193,      0.0027,      0.0156,      0.2077,   7851.4790,-424600.7812,   -912.5707,    554.2039,  26171.5957,
       1,     169,     190,      23,       1,       3,       1,     10.0000,      1.4062,     42.6898,    250.1239,     62.9465,      3.4953,      0.0000,     -0.0322,      1.3977,      0.1484,      5.6184,     11.2368,      1.3115,     29.0769,     58.1537,      0.0193,      0.0011,      0.0156,      0.2077,   7851.4790,-423960.8125,   -912.7851,    554.2483,  26171.5957,
       1,     169,     190,      24,       1,       3,       1,     10.0000,      1.4062,     42.6898,    250.1239,     62.9465,      3.4953,      0.0000,     -0.0322,      0.7564,      0.1484,      5.6184,     11.2368,      1.3115,     29.0769,     58.1537,      0.0193,      0.0006,      0.0156,      0.2077,   7851.4790,-421378.7500,   -912.4243,    554.4271,  26171.5938,
       1,     169,     191,       1,       1,       3,       1,     10.0000,      1.4062,     42.6901,    250.1298,     62.9480,      3.4953,      0.0000,     -0.0322,      0.5614,      0.1480,      5.6182,     11.2364,      1.3076,     29.0787,     58.1574,      0.0193,      0.0004,      0.0156,      0.2077,   7851.4785,-420530.5000,   -910.5892,    554.4991,  26172.7656,
       1,     169,     191,       2,       1,       3,       1,     10.0000,      1.4062,     42.6901,    250.1298,     62.9480,      3.4953,      0.0000,     -0.0322,      0.5323,      0.1480,      5.6182,     11.2364,      1.3076,     29.0787,     58.1574,      0.0193,      0.0004,      0.0156,      0.2077,   7851.8301,-420067.0938,   -910.2845,    554.5311,  26172.7676,
       1,     169,     191,       3,       1,       3,       1,     10.0000,      1.4062,     42.6901,    250.1298,     62.9480,      3.4953,      0.0000,     -0.0321,      0.5577,      0.1477,      5.6182,     11.2364,      1.3050,     29.0787,     58.1574,      0.0193,      0.0004,      0.0156,      0.2077,   7851.8306,-419992.0938,   -910.2983,    554.5364,  26172.7656,
       1,     169,     191,       4,       1,       3,       1,     10.0000,      1.4062,     42.6901,    250.1298,     62.9480,      3.4953,      0.0000,     -0.0321,      0.4567,      0.1450,      5.6182,     11.2364,      1.2815,     29.0787,     58.1574,      0.0193,      0.0004,      0.0156,      0.2077,   7851.8301,-420016.8438,   -910.3329,    554.5346,  26172.7676,
       1,     169,     191,       5,       1,       3,       1,     10.0000,      1.4062,     42.6901,    250.1298,     62.9480,      3.4953,      0.0000,     -0.0319,      0.4998,      0.1408,      5.6182,     11.2364,      1.2445,     29.0787,     58.1574,      0.0193,      0.0004,      0.0156,      0.2077,   7851.8306,-419895.2812,   -910.3277,    554.5430,  26172.7676,
       1,     169,     191,       6,       1,       3,       1,     10.0000,      1.4062,     42.6901,    250.1298,     62.9480,      3.4953,      0.0000,     -0.0318,      0.6215,      0.1391,      5.6182,     11.2364,      1.2295,     29.0787,     58.1574,      0.0193,      0.0005,      0.0156,      0.2077,   7851.8306,-419937.7500,   -910.3583,    554.5401,  26172.7676,
       1,     169,     191,       7,       1,       3,       1,     10.0000,      1.4062,     42.6901,    250.1298,     62.9480,      3.4953,      0.0000,     -0.0319,      0.5203,      0.1415,      5.6182,     11.2364,      1.2508,     29.0787,     58.1574,      0.0193,      0.0004,      0.0156,      0.2077,   7851.8306,-420090.3750,   -910.4222,    554.5296,  26172.7695,
       1,     169,     191,       8,       1,       3,       1,     10.0000,      1.4062,     42.6901,    250.1298,     62.9480,      3.4953,      0.0118,     -0.0201,      0.4879,      0.1411,      5.6182,     11.2364,      1.2470,     29.0787,     58.1574,      0.0193,      0.0004,      0.0156,      0.2077,   7851.8311,-419979.0938,   -910.4269,    554.5372,  26172.7695,
       1,     169,     191,       9,       1,       3,       1,     10.0000,      1.4062,     42.6901,    250.1298,     62.9480,      3.4953,      0.1068,      0.0751,      3.9642,      0.1352,      5.6182,     11.2364,      1.1951,     29.0787,     58.1574,      0.0193,      0.0004,      0.1328,      0.2077,   7851.8311,-419930.1562,   -910.1799,    554.5407,  26172.7676,
       1,     169,     191,      10,       1,       3,       1,     10.0000,      1.4062,     42.6901,    250.1298,     62.9480,      3.4953,      0.1525,      0.1209,      5.6846,      0.1351,      5.6182,     11.2364,      1.1939,     29.0787,     58.1574,      0.0193,      0.0003,      0.1981,      0.2077,   7851.8306,-424180.9375,   -911.4702,    554.2460,  26172.7676,
       1,     169,     191,      11,       1,       3,       1,     10.0000,      1.4062,     42.6901,    250.1298,     62.9480,      3.4953,      0.1887,      0.1568,      5.9696,      0.1421,      5.6182,     11.2364,      1.2559,     29.0787,     58.1574,      0.0193,      0.0003,      0.2500,      0.2077,   7851.8306,-426647.8125,   -912.0671,    554.0751,  26172.7676,
       1,     169,     191,      12,       1,       3,       1,     10.0000,      1.4062,     42.6901,    250.1298,     62.9480,      3.4953,      0.1888,      0.1556,      9.6085,      0.1765,      5.6182,     11.2364,      1.5599,     29.0787,     58.1574,      0.0193,      0.0005,      0.2500,      0.2077,   7851.8306,-427205.8750,   -913.1666,    554.0365,  26172.7676,
       1,     169,     191,      13,       1,       3,       1,     10.0000,      1.4062,     42.6901,    250.1298,     62.9480,      3.4953,      0.1890,      0.1552,     14.8230,      0.1983,      5.6182,     11.2364,      1.7519,     29.0787,     58.1574,      0.0193,      0.0007,      0.2500,      0.2077,   7851.8306,-431707.6875,   -916.0372,    553.7248,  26172.7676,
       1,     169,     191,      14,       1,       3,       1,     10.0000,      1.4062,     42.6901,    250.1298,     62.9480,      3.4953,      0.1886,      0.1549,      9.8586,      0.1967,      5.6182,     11.2364,      1.7381,     29.0787,     58.1574,      0.0193,      0.0005,      0.2500,      0.2077,   7851.8306,-438473.1875,   -918.7405,    553.2567,  26172.7676,
       1,     169,     191,      15,       1,       3,       1,     10.0000,      1.4062,     42.6901,    250.1298,     62.9480,      3.4953,      0.1885,      0.1552,      7.3326,      0.1822,      5.6182,     11.2364,      1.6104,     29.0787,     58.1574,      0.0193,      0.0004,      0.2500,      0.2077,   7851.8306,-432969.0938,   -919.0325,    553.6374,  26172.7656,
       1,     169,     191,      16,       1,       3,       1,     10.0000,      1.4062,     42.6901,    250.1298,     62.9480,      3.4953,      0.1886,      0.1558,      6.8191,      0.1661,      5.6182,     11.2364,      1.4677,     29.0787,     58.1574,      0.0193,      0.0003,      0.2500,      0.2077,   7851.8301,-429410.6562,   -917.4334,    553.8839,  26172.7676,
       1,     169,     191,      17,       1,       3,       1,     10.0000,      1.4062,     42.6901,    250.1298,     62.9480,      3.4953,      0.1202,      0.0876,     16.4372,      0.1613,      5.6182,     11.2364,      1.4257,     29.0787,     58.1574,      0.0193,      0.0013,      0.1503,      0.2077,   7851.8306,-428480.0625,   -916.3297,    553.9483,  26172.7695,
       1,     169,     191,      18,       1,       3,       1,     10.0000,      1.4062,     42.6901,    250.1298,     62.9480,      3.4953,      0.0514,      0.0186,     12.7873,      0.1663,      5.6182,     11.2364,      1.4692,     29.0787,     58.1574,      0.0193,      0.0030,      0.0514,      0.2077,   7851.8311,-440174.9062,   -919.0287,    553.1384,  26172.7676,
       1,     169,     191,      19,       1,       3,       1,     10.0000,      1.4062,     42.6901,    250.1298,     62.9480,      3.4953,      0.0529,      0.0203,     14.3491,      0.1602,      5.6182,     11.2364,      1.4157,     29.0787,     58.1574,      0.0193,      0.0033,      0.0535,      0.2077,   7851.8306,-436699.5938,   -918.8242,    553.3794,  26172.7695,
       1,     169,     191,      20,       1,       3,       1,     10.0000,      1.4062,     42.6901,    250.1298,     62.9480,      3.4953,      0.0091,     -0.0231,      2.6735,      0.1514,      5.6182,     11.2364,      1.3383,     29.0787,     58.1574,      0.0193,      0.0021,      0.0156,      0.2077,   7851.8311,-438316.2812,   -919.6008,    553.2676,  26172.7676,
       1,     169,     191,      21,       1,       3,       1,     10.0000,      1.4062,     42.6901,    250.1298,     62.9480,      3.4953,      0.0000,     -0.0320,      1.5311,      0.1440,      5.6182,     11.2364,      1.2725,     29.0787,     58.1574,      0.0193,      0.0012,      0.0156,      0.2077,   7851.8306,-424158.8438,   -917.2458,    554.2468,  26172.7676,
       1,     169,     191,      22,       1,       3,       1,     10.0000,      1.4062,     42.6901,    250.1298,     62.9480,      3.4953,      0.0000,     -0.0321,      0.9029,      0.1459,      5.6182,     11.2364,      1.2893,     29.0787,     58.1574,      0.0193,      0.0007,      0.0156,      0.2077,   7851.8306,-421562.7188,   -916.8599,    554.4275,  26172.7656,
       1,     169,     191,      23,       1,       3,       1,     10.0000,      1.4062,     42.6901,    250.1298,     62.9480,      3.4953,      0.0000,     -0.0322,      1.5143,      0.1502,      5.6182,     11.2364,      1.3275,     29.0787,     58.1574,      0.0193,      0.0012,      0.0156,      0.2077,   7851.8301,-420572.6562,   -916.7265,    554.4961,  26172.7676,
       1,     169,     191,      24,       1,       3,       1,     10.0000,      1.4062,     42.6901,    250.1298,     62.9480,      3.4953,      0.0000,     -0.0322,      1.5836,      0.1481,      5.6182,     11.2364,      1.3089,     29.0787,     58.1574,      0.0193,      0.0012,      0.0156,      0.2077,   7851.8306,-421236.9062,   -916.9212,    554.4501,  26172.7695,
       1,     169,     192,       1,       1,       3,       1,     10.0000,      1.4062,     42.6904,    250.1357,     62.9495,      3.4953,      0.0000,     -0.0322,      1.1416,      0.1481,      5.6178,     11.2356,      1.3090,     29.0792,     58.1585,      0.0193,      0.0009,      0.0156,      0.2077,   7851.8311,-421533.6875,   -917.3264,    554.4426,  26173.9434,
       1,     169,     192,       2,       1,       3,       1,     10.0000,      1.4062,     42.6904,    250.1357,     62.9495,      3.4953,      0.0000,     -0.0321,      0.9250,      0.1466,      5.6178,     11.2356,      1.2958,     29.0792,     58.1585,      0.0193,      0.0007,      0.0156,      0.2077,   7852.1831,-420865.0000,   -916.9922,    554.4889,  26173.9453,
       1,     169,     192,       3,       1,       3,       1,     10.0000,      1.4062,     42.6904,    250.1357,     62.9495,      3.4953,      0.0000,     -0.0320,      0.8956,      0.1444,      5.6178,     11.2356,      1.2764,     29.0792,     58.1585,      0.0193,      0.0007,      0.0156,      0.2077,   7852.1841,-420542.9062,   -916.9738,    554.5112,  26173.9434,
       1,     169,     192,       4,       1,       3,       1,     10.0000,      1.4062,     42.6904,    250.1357,     62.9495,      3.4953,      0.0000,     -0.0320,      1.0375,      0.1437,      5.6178,     11.2356,      1.2699,     29.0792,     58.1585,      0.0193,      0.0008,      0.0156,      0.2077,   7852.1831,-420479.9688,   -917.0131,    554.5156,  26173.9414,
       1,     169,     192,       5,       1,       3,       1,     10.0000,      1.4062,     42.6904,    250.1357,     62.9495,      3.4953,      0.0000,     -0.0319,      0.8265,      0.1420,      5.6178,     11.2356,      1.2546,     29.0792,     58.1585,      0.0193,      0.0006,      0.0156,      0.2077,   7852.1826,-420648.5000,   -917.1078,    554.5040,  26173.9434,
       1,     169,     192,       6,       1,       3,       1,     10.0000,      1.4062,     42.6904,    250.1357,     62.9495,      3.4953,      0.0000,     -0.0319,      0.7298,      0.1411,      5.6178,     11.2356,      1.2470,     29.0792,     58.1585,      0.0193,      0.0006,      0.0156,      0.2077,   7852.1831,-420404.3125,   -917.1012,    554.5209,  26173.9414,
       1,     169,     192,       7,       1,       3,       1,     10.0000,      1.4062,     42.6904,    250.1357,     62.9495,      3.4953,      0.0000,     -0.0319,      0.5358,      0.1401,      5.6178,     11.2356,      1.2382,     29.0792,     58.1585,      0.0193,      0.0004,      0.0156,      0.2077,   7852.1826,-420265.3438,   -917.1038,    554.5305,  26173.9434,
       1,     169,     192,       8,       1,       3,       1,     10.0000,      1.4062,     42.6904,    250.1357,     62.9495,      3.4953,      0.0048,     -0.0270,      0.4634,      0.1391,      5.6178,     11.2356,      1.2295,     29.0792,     58.1585,      0.0193,      0.0004,      0.0156,      0.2077,   7852.1831,-420016.0625,   -914.9485,    554.5478,  26173.9434,
       1,     169,     192,       9,       1,       3,       1,     10.0000,      1.4062,     42.6904,    250.1357,     62.9495,      3.4953,      0.0470,      0.0151,      1.3124,      0.1418,      5.6178,     11.2356,      1.2533,     29.0792,     58.1585,      0.0193,      0.0003,      0.0472,      0.2077,   7852.1831,-419906.2500,   -914.9553,    554.5554,  26173.9434,
       1,     169,     192,      10,       1,       3,       1,     10.0000,      1.4062,     42.6904,    250.1357,     62.9495,      3.4953,      0.1252,      0.0931,      4.2805,      0.1441,      5.6178,     11.2356,      1.2738,     29.0792,     58.1585,      0.0193,      0.0003,      0.1590,      0.2077,   7852.1831,-420935.9688,   -915.3267,    554.4840,  26173.9434,
       1,     169,     192,      11,       1,       3,       1,     10.0000,      1.4062,     42.6904,    250.1357,     62.9495,      3.4953,      0.1162,      0.0842,      4.7225,      0.1437,      5.6178,     11.2356,      1.2699,     29.0792,     58.1585,      0.0193,      0.0004,      0.1460,      0.2077,   7852.1831,-424655.9375,   -916.4886,    554.2262,  26173.9434,
       1,     169,     192,      12,       1,       3,       1,     10.0000,      1.4062,     42.6904,    250.1357,     62.9495,      3.4953,      0.1572,      0.1248,      7.0398,      0.1524,      5.6178,     11.2356,      1.3464,     29.0792,     58.1585,      0.0193,      0.0004,      0.2046,      0.2077,   7852.1831,-425512.6250,   -914.5109,    554.1669,  26173.9453,
       1,     169,     192,      13,       1,       3,       1,     10.0000,      1.4062,     42.6904,    250.1357,     62.9495,      3.4953,      0.1886,      0.1557,      7.4177,      0.1691,      5.6178,     11.2356,      1.4944,     29.0792,     58.1585,      0.0193,      0.0004,      0.2500,      0.2077,   7852.1841,-428421.1250,   -915.9045,    553.9654,  26173.9434,
       1,     169,     192,      14,       1,       3,       1,     10.0000,      1.4062,     42.6904,    250.1357,     62.9495,      3.4953,      0.1888,      0.1555,     10.7099,      0.1810,      5.6178,     11.2356,      1.5992,     29.0792,     58.1585,      0.0193,      0.0005,      0.2500,      0.2077,   7852.1831,-429130.8125,   -917.8485,    553.9163,  26173.9414,
       1,     169,     192,      15,       1,       3,       1,     10.0000,      1.4062,     42.6904,    250.1357,     62.9495,      3.4953,      0.1888,      0.1551,     12.2639,      0.1967,      5.6178,     11.2356,      1.7382,     29.0792,     58.1585,      0.0193,      0.0006,      0.2500,      0.2077,   7852.1826,-433220.8438,   -920.1146,    553.6332,  26173.9434,
       1,     169,     192,      16,       1,       3,       1,     10.0000,      1.4062,     42.6904,    250.1357,     62.9495,      3.4953,      0.1825,      0.1490,      9.1024,      0.1859,      5.6178,     11.2356,      1.6427,     29.0792,     58.1585,      0.0193,      0.0005,      0.2410,      0.2077,   7852.1831,-435469.7500,   -921.7258,    553.4776,  26173.9434,
       1,     169,     192,      17,       1,       3,       1,     10.0000,      1.4062,     42.6904,    250.1357,     62.9495,      3.4953,      0.1233,      0.0906,     10.4291,      0.1636,      5.6178,     11.2356,      1.4459,     29.0792,     58.1585,      0.0193,      0.0008,      0.1554,      0.2077,   7852.1831,-431790.2188,   -921.5968,    553.7322,  26173.9434,
       1,     169,     192,      18,       1,       3,       1,     10.0000,      1.4062,     42.6904,    250.1357,     62.9495,      3.4953,      0.0252,     -0.0072,      2.3809,      0.1545,      5.6178,     11.2356,      1.3655,     29.0792,     58.1585,      0.0193,      0.0019,      0.0153,      0.2077,   7852.1831,-433102.5000,   -913.0422,    553.6414,  26173.9434,
       1,     169,     192,      19,       1,       3,       1,     10.0000,      1.4062,     42.6904,    250.1357,     62.9495,      3.4953,      0.0049,     -0.0273,      2.6602,      0.1510,      5.6178,     11.2356,      1.3343,     29.0792,     58.1585,      0.0193,      0.0021,      0.0156,      0.2077,   7852.1831,-423362.1875,   -911.0815,    554.3155,  26173.9434,
       1,     169,     192,      20,       1,       3,       1,     10.0000,      1.4062,     42.6904,    250.1357,     62.9495,      3.4953,      0.0037,     -0.0285,      3.9871,      0.1480,      5.6178,     11.2356,      1.3076,     29.0792,     58.1585,      0.0193,      0.0031,      0.0156,      0.2077,   7852.1831,-422879.1562,   -910.9974,    554.3493,  26173.9453,
       1,     169,     192,      21,       1,       3,       1,     10.0000,      1.4062,     42.6904,    250.1357,     62.9495,      3.4953,      0.0000,     -0.0320,      3.7193,      0.1449,      5.6178,     11.2356,      1.2802,     29.0792,     58.1585,      0.0193,      0.0029,      0.0156,      0.2077,   7852.1841,-424461.4688,   -911.4034,    554.2397,  26173.9434,
       1,     169,     192,      22,       1,       3,       1,     10.0000,      1.4062,     42.6904,    250.1357,     62.9495,      3.4953,      0.0000,     -0.0320,      2.0462,      0.1434,      5.6178,     11.2356,      1.2674,     29.0792,     58.1585,      0.0193,      0.0016,      0.0156,      0.2077,   7852.1831,-424268.1875,   -911.6794,    554.2531,  26173.9434,
       1,     169,     192,      23,       1,       3,       1,     10.0000,      1.4062,     42.6904,    250.1357,     62.9495,      3.4953,      0.0000,     -0.0319,      0.8809,      0.1400,      5.6178,     11.2356,      1.2370,     29.0792,     58.1585,      0.0193,      0.0007,      0.0156,      0.2077,   7852.1831,-422204.0625,   -911.4315,    554.3961,  26173.9434,
       1,     169,     192,      24,       1,       3,       1,     10.0000,      1.4062,     42.6904,    250.1357,     62.9495,      3.4953,      0.0000,     -0.0318,      0.7071,      0.1389,      5.6178,     11.2356,      1.2270,     29.0792,     58.1585,      0.0193,      0.0006,      0.0156,      0.2077,   7852.1831,-420602.9688,   -911.1783,    554.5071,  26173.9434,
       1,     169,     193,       1,       1,       3,       1,     10.0000,      1.4063,     42.6908,    250.1416,     62.9510,      3.4953,      0.0000,     -0.0319,      0.6098,      0.1407,      5.6187,     11.2375,      1.2433,     29.0729,     58.1459,      0.0194,      0.0005,      0.0156,      0.2077,   7852.1831,-420409.6875,   -911.4271,    554.5336,  26175.1133,
       1,     169,     193,       2,       1,       3,       1,     10.0000,      1.4063,     42.6908,    250.1416,     62.9510,      3.4953,      0.0000,     -0.0318,      0.5766,      0.1387,      5.6187,     11.2375,      1.2258,     29.0729,     58.1459,      0.0194,      0.0005,      0.0156,      0.2077,   7852.5342,-420121.9375,   -911.1363,    554.5535,  26175.1133,
       1,     169,     193,       3,       1,       3,       1,     10.0000,      1.4063,     42.6908,    250.1416,     62.9510,      3.4953,      0.0000,     -0.0317,      0.7353,      0.1366,      5.6187,     11.2375,      1.2073,     29.0729,     58.1459,      0.0194,      0.0006,      0.0156,      0.2077,   7852.5342,-420057.0312,   -911.1375,    554.5580,  26175.1133,
       1,     169,     193,       4,       1,       3,       1,     10.0000,      1.4063,     42.6908,    250.1416,     62.9510,      3.4953,      0.0000,     -0.0316,      0.7149,      0.1327,      5.6187,     11.2375,      1.1723,     29.0729,     58.1459,      0.0194,      0.0006,      0.0156,      0.2077,   7852.5342,-420245.5625,   -911.1976,    554.5449,  26175.1152,
       1,     169,     193,       5,       1,       3,       1,     10.0000,      1.4063,     42.6908,    250.1416,     62.9510,      3.4953,      0.0000,     -0.0314,      0.4708,      0.1288,      5.6187,     11.2375,      1.1382,     29.0729,     58.1459,      0.0194,      0.0004,      0.0156,      0.2077,   7852.5347,-420236.4062,   -911.2137,    554.5457,  26175.1133,
       1,     169,     193,       6,       1,       3,       1,     10.0000,      1.4063,     42.6908,    250.1416,     62.9510,      3.4953,      0.0000,     -0.0314,      0.3053,      0.1280,      5.6187,     11.2375,      1.1313,     29.0729,     58.1459,      0.0194,      0.0002,      0.0156,      0.2077,   7852.5342,-419937.1562,   -911.1705,    554.5663,  26175.1133,
       1,     169,     193,       7,       1,       3,       1,     10.0000,      1.4063,     42.6908,    250.1416,     62.9510,      3.4953,      0.0000,     -0.0314,      0.4008,      0.1267,      5.6187,     11.2375,      1.1199,     29.0729,     58.1459,      0.0194,      0.0003,      0.0156,      0.2077,   7852.5342,-419709.3438,   -911.1309,    554.5822,  26175.1152,
       1,     169,     193,       8,       1,       3,       1,     10.0000,      1.4063,     42.6908,    250.1416,     62.9510,      3.4953,      0.0077,     -0.0238,      0.3093,      0.1295,      5.6187,     11.2375,      1.1440,     29.0729,     58.1459,      0.0194,      0.0002,      0.0156,      0.2077,   7852.5347,-419806.4688,   -911.1542,    554.5754,  26175.1152,
       1,     169,     193,       9,       1,       3,       1,     10.0000,      1.4063,     42.6908,    250.1416,     62.9510,      3.4953,      0.0143,     -0.0174,      0.0143,      0.1369,      5.6187,     11.2375,      1.2098,     29.0729,     58.1459,      0.0194,      0.0003,      0.0007,      0.2077,   7852.5347,-419702.6562,   -911.1744,    554.5826,  26175.1133,
       1,     169,     193,      10,       1,       3,       1,     10.0000,      1.4063,     42.6908,    250.1416,     62.9510,      3.4953,      0.0674,      0.0354,      1.8143,      0.1452,      5.6187,     11.2375,      1.2828,     29.0729,     58.1459,      0.0194,      0.0003,      0.0763,      0.2077,   7852.5342,-419333.3750,   -911.1764,    554.6082,  26175.1133,
       1,     169,     193,      11,       1,       3,       1,     10.0000,      1.4063,     42.6908,    250.1416,     62.9510,      3.4953,      0.1656,      0.1330,      5.7650,      0.1604,      5.6187,     11.2375,      1.4172,     29.0729,     58.1459,      0.0194,      0.0003,      0.2169,      0.2077,   7852.5342,-421504.6250,   -911.7794,    554.4576,  26175.1152,
       1,     169,     193,      12,       1,       3,       1,     10.0000,      1.4063,     42.6908,    250.1416,     62.9510,      3.4953,      0.1810,      0.1481,      7.0477,      0.1691,      5.6187,     11.2375,      1.4944,     29.0729,     58.1459,      0.0194,      0.0004,      0.2390,      0.2077,   7852.5347,-426523.1875,   -913.7324,    554.1099,  26175.1152,
       1,     169,     193,      13,       1,       3,       1,     10.0000,      1.4063,     42.6908,    250.1416,     62.9510,      3.4953,      0.1825,      0.1489,      7.8923,      0.1910,      5.6187,     11.2375,      1.6873,     29.0729,     58.1459,      0.0194,      0.0004,      0.2412,      0.2077,   7852.5347,-428518.8438,   -915.1993,    553.9717,  26175.1133,
       1,     169,     193,      14,       1,       3,       1,     10.0000,      1.4063,     42.6908,    250.1416,     62.9510,      3.4953,      0.1521,      0.1184,      6.6024,      0.1979,      5.6187,     11.2375,      1.7486,     29.0729,     58.1459,      0.0194,      0.0004,      0.1974,      0.2077,   7852.5342,-429721.9688,   -916.7850,    553.8884,  26175.1133,
       1,     169,     193,      15,       1,       3,       1,     10.0000,      1.4063,     42.6908,    250.1416,     62.9510,      3.4953,      0.1363,      0.1019,     23.5674,      0.2190,      5.6187,     11.2375,      1.9354,     29.0729,     58.1459,      0.0194,      0.0017,      0.1723,      0.2077,   7852.5342,-428245.3125,   -917.2181,    553.9907,  26175.1133,
       1,     169,     193,      16,       1,       3,       1,     10.0000,      1.4063,     42.6908,    250.1416,     62.9510,      3.4953,      0.1239,      0.0889,     31.5646,      0.2406,      5.6187,     11.2375,      2.1261,     29.0729,     58.1459,      0.0194,      0.0025,      0.1533,      0.2077,   7852.5342,-448882.6875,   -921.7417,    552.5616,  26175.1133,
       1,     169,     193,      17,       1,       3,       1,     10.0000,      1.4063,     42.6908,    250.1416,     62.9510,      3.4953,      0.1270,      0.0923,     29.0799,      0.2269,      5.6187,     11.2375,      2.0049,     29.0729,     58.1459,      0.0194,      0.0022,      0.1581,      0.2077,   7852.5342,-460427.2188,   -924.5847,    551.7661,  26175.1133,
       1,     169,     193,      18,       1,       3,       1,     10.0000,      1.4063,     42.6908,    250.1416,     62.9510,      3.4953,      0.0722,      0.0381,     22.5364,      0.2061,      5.6187,     11.2375,      1.8208,     29.0729,     58.1459,      0.0194,      0.0035,      0.0793,      0.2077,   7852.5342,-458361.7188,   -924.8005,    551.9090,  26175.1113,
       1,     169,     193,      19,       1,       3,       1,     10.0000,      1.4063,     42.6908,    250.1416,     62.9510,      3.4953,      0.0762,      0.0427,     23.7515,      0.1866,      5.6187,     11.2375,      1.6493,     29.0729,     58.1459,      0.0194,      0.0034,      0.0854,      0.2077,   7852.5337,-450174.8125,   -923.8107,    552.4739,  26175.1133,
       1,     169,     193,      20,       1,       3,       1,     10.0000,      1.4063,     42.6908,    250.1416,     62.9510,      3.4953,      0.0062,     -0.0270,      5.7550,      0.1788,      5.6187,     11.2375,      1.5803,     29.0729,     58.1459,      0.0194,      0.0045,      0.0156,      0.2077,   7852.5342,-450969.9375,   -924.4593,    552.4193,  26175.1133,
       1,     169,     193,      21,       1,       3,       1,     10.0000,      1.4063,     42.6908,    250.1416,     62.9510,      3.4953,      0.0001,     -0.0329,      6.4415,      0.1724,      5.6187,     11.2375,      1.5230,     29.0729,     58.1459,      0.0194,      0.0050,      0.0156,      0.2077,   7852.5342,-429004.4375,   -920.8108,    553.9360,  26175.1133,
       1,     169,     193,      22,       1,       3,       1,     10.0000,      1.4063,     42.6908,    250.1416,     62.9510,      3.4953,      0.0000,     -0.0330,      6.5715,      0.1715,      5.6187,     11.2375,      1.5155,     29.0729,     58.1459,      0.0194,      0.0051,      0.0156,      0.2077,   7852.5342,-427990.0938,   -921.0447,    554.0083,  26175.1113,
       1,     169,     193,      23,       1,       3,       1,     10.0000,      1.4063,     42.6908,    250.1416,     62.9510,      3.4953,      0.0000,     -0.0329,      4.4829,      0.1693,      5.6187,     11.2375,      1.4959,     29.0729,     58.1459,      0.0194,      0.0035,      0.0156,      0.2077,   7852.5337,-428060.9062,   -921.4563,    554.0035,  26175.1113,
       1,     169,     193,      24,       1,       3,       1,     10.0000,      1.4063,     42.6908,    250.1416,     62.9510,      3.4953,      0.0000,     -0.0328,      3.1836,      0.1673,      5.6187,     11.2375,      1.4781,     29.0729,     58.1459,      0.0194,      0.0025,      0.0156,      0.2077,   7852.5337,-425510.7500,   -921.2280,    554.1801,  26175.1152,
       1,     169,     194,       1,       1,       3,       1,     10.0000,      1.4063,     42.6911,    250.1475,     62.9525,      3.4953,      0.0000,     -0.0327,      2.8376,      0.1641,      5.6191,     11.2383,      1.4503,     29.0652,     58.1304,      0.0194,      0.0022,      0.0156,      0.2078,   7852.5347,-423859.8750,   -921.3434,    554.3077,  26176.2891,
       1,     169,     194,       2,       1,       3,       1,     10.0000,      1.4063,     42.6911,    250.1475,     62.9525,      3.4953,      0.0000,     -0.0326,      2.5295,      0.1618,      5.6191,     11.2383,      1.4301,     29.0652,     58.1304,      0.0194,      0.0020,      0.0156,      0.2078,   7852.8872,-423143.2500,   -921.0768,    554.3574,  26176.2891,
       1,     169,     194,       3,       1,       3,       1,     10.0000,      1.4063,     42.6911,    250.1475,     62.9525,      3.4953,      0.0000,     -0.0325,      2.5758,      0.1564,      5.6191,     11.2383,      1.3821,     29.0652,     58.1304,      0.0194,      0.0020,      0.0156,      0.2078,   7852.8872,-422705.5000,   -921.1141,    554.3878,  26176.2891,
       1,     169,     194,       4,       1,       3,       1,     10.0000,      1.4063,     42.6911,    250.1475,     62.9525,      3.4953,      0.0000,     -0.0321,      2.2869,      0.1475,      5.6191,     11.2383,      1.3037,     29.0652,     58.1304,      0.0194,      0.0018,      0.0156,      0.2078,   7852.8872,-422725.0000,   -921.2283,    554.3864,  26176.2910,
       1,     169,     194,       5,       1,       3,       1,     10.0000,      1.4063,     42.6911,    250.1475,     62.9525,      3.4953,      0.0000,     -0.0321,      2.1986,      0.1467,      5.6191,     11.2383,      1.2959,     29.0652,     58.1304,      0.0194,      0.0017,      0.0156,      0.2078,   7852.8877,-422373.0312,   -921.2587,    554.4108,  26176.2891,
       1,     169,     194,       6,       1,       3,       1,     10.0000,      1.4063,     42.6911,    250.1475,     62.9525,      3.4953,      0.0000,     -0.0320,      1.5151,      0.1426,      5.6191,     11.2383,      1.2598,     29.0652,     58.1304,      0.0194,      0.0012,      0.0156,      0.2078,   7852.8872,-422235.2500,   -921.3276,    554.4203,  26176.2871,
       1,     169,     194,       7,       1,       3,       1,     10.0000,      1.4063,     42.6911,    250.1475,     62.9525,      3.4953,      0.0000,     -0.0321,      2.2689,      0.1453,      5.6191,     11.2383,      1.2842,     29.0652,     58.1304,      0.0194,      0.0018,      0.0156,      0.2078,   7852.8862,-421387.6250,   -921.2216,    554.4791,  26176.2910,
       1,     169,     194,       8,       1,       3,       1,     10.0000,      1.4063,     42.6911,    250.1475,     62.9525,      3.4953,      0.0054,     -0.0267,      2.7774,      0.1452,      5.6191,     11.2383,      1.2829,     29.0652,     58.1304,      0.0194,      0.0022,      0.0156,      0.2078,   7852.8877,-422237.5000,   -921.4727,    554.4202,  26176.2871,
       1,     169,     194,       9,       1,       3,       1,     10.0000,      1.4063,     42.6911,    250.1475,     62.9525,      3.4953,      0.0755,      0.0432,      9.2278,      0.1515,      5.6191,     11.2383,      1.3384,     29.0652,     58.1304,      0.0194,      0.0013,      0.0869,      0.2078,   7852.8862,-422932.3125,   -921.7266,    554.3720,  26176.2891,
       1,     169,     194,      10,       1,       3,       1,     10.0000,      1.4063,     42.6911,    250.1475,     62.9525,      3.4953,      0.1208,      0.0875,     23.9778,      0.1819,      5.6191,     11.2383,      1.6073,     29.0652,     58.1304,      0.0194,      0.0019,      0.1500,      0.2078,   7852.8872,-430883.8125,   -923.3682,    553.8211,  26176.2891,
       1,     169,     194,      11,       1,       3,       1,     10.0000,      1.4063,     42.6911,    250.1475,     62.9525,      3.4953,      0.1415,      0.1077,     25.4567,      0.1977,      5.6191,     11.2383,      1.7469,     29.0652,     58.1304,      0.0194,      0.0017,      0.1798,      0.2078,   7852.8872,-449608.9375,   -927.2213,    552.5250,  26176.2891,
       1,     169,     194,      12,       1,       3,       1,     10.0000,      1.4063,     42.6911,    250.1475,     62.9525,      3.4953,      0.1663,      0.1322,     28.4249,      0.2093,      5.6191,     11.2383,      1.8498,     29.0652,     58.1304,      0.0194,      0.0016,      0.2155,      0.2077,   7852.8872,-453010.0312,   -928.1953,    552.2916,  26176.2891,
       1,     169,     194,      13,       1,       3,       1,     10.0000,      1.4063,     42.6911,    250.1475,     62.9525,      3.4953,      0.1747,      0.1404,     34.1511,      0.2139,      5.6191,     11.2383,      1.8903,     29.0652,     58.1304,      0.0194,      0.0018,      0.2270,      0.2077,   7852.8872,-456929.6875,   -929.3200,    552.0211,  26176.2891,
       1,     169,     194,      14,       1,       3,       1,     10.0000,      1.4063,     42.6911,    250.1475,     62.9525,      3.4953,      0.1920,      0.1578,     52.9464,      0.2097,      5.6191,     11.2383,      1.8534,     29.0652,     58.1304,      0.0194,      0.0026,      0.2500,      0.2077,   7852.8872,-464271.6250,   -931.1716,    551.5145,  26176.2891,
       1,     169,     194,      15,       1,       3,       1,     10.0000,      1.4063,     42.6911,    250.1475,     62.9525,      3.4953,      0.1928,      0.1599,     59.6676,      0.1686,      5.6191,     11.2383,      1.4900,     29.0652,     58.1304,      0.0194,      0.0029,      0.2500,      0.2077,   7852.8872,-487905.7812,   -936.2732,    549.8855,  26176.2891,
       1,     169,     194,      16,       1,       3,       1,     10.0000,      1.4063,     42.6911,    250.1475,     62.9525,      3.4953,      0.1931,      0.1608,     66.3956,      0.1515,      5.6191,     11.2383,      1.3384,     29.0652,     58.1304,      0.0194,      0.0032,      0.2495,      0.2077,   7852.8872,-498143.4688,   -926.2455,    549.1841,  26176.2891,
       1,     169,     194,      17,       1,       3,       1,     10.0000,      1.4063,     42.6911,    250.1475,     62.9525,      3.4953,      0.1941,      0.1616,     77.5304,      0.1566,      5.6191,     11.2383,      1.3835,     29.0652,     58.1304,      0.0194,      0.0038,      0.2497,      0.2077,   7852.8872,-507248.8750,   -929.7433,    548.5596,  26176.2891,
       1,     169,     194,      18,       1,       3,       1,     10.0000,      1.4063,     42.6911,    250.1475,     62.9525,      3.4953,      0.1860,      0.1532,     81.0805,      0.1648,      5.6191,     11.2383,      1.4561,     29.0652,     58.1304,      0.0194,      0.0042,      0.2377,      0.2077,   7852.8872,-521660.5625,   -934.4066,    547.5717,  26176.2891,
       1,     169,     194,      19,       1,       3,       1,     10.0000,      1.4063,     42.6911,    250.1475,     62.9525,      3.4953,      0.1333,      0.1006,     51.0372,      0.1638,      5.6191,     11.2383,      1.4474,     29.0652,     58.1304,      0.0194,      0.0038,      0.1652,      0.2077,   7852.8872,-527230.6875,   -937.2936,    547.1913,  26176.2891,
       1,     169,     194,      20,       1,       3,       1,     10.0000,      1.4063,     42.6911,    250.1475,     62.9525,      3.4953,      0.0186,     -0.0140,      0.6722,      0.1596,      5.6191,     11.2383,      1.4101,     29.0652,     58.1304,      0.0194,      0.0014,      0.0057,      0.2077,   7852.8872,-490880.6562,   -931.6158,    549.6777,  26176.2871,
       1,     169,     194,      21,       1,       3,       1,     10.0000,      1.4063,     42.6911,    250.1475,     62.9525,      3.4953,      0.0001,     -0.0315,      0.4169,      0.1333,      5.6191,     11.2383,      1.1783,     29.0652,     58.1304,      0.0194,      0.0003,      0.0156,      0.2077,   7852.8862,-426139.2812,   -911.4849,    554.1318,  26176.2910,
       1,     169,     194,      22,       1,       3,       1,     10.0000,      1.4063,     42.6911,    250.1475,     62.9525,      3.4953,      0.0000,     -0.0318,      0.6284,      0.1383,      5.6191,     11.2383,      1.2221,     29.0652,     58.1304,      0.0194,      0.0005,      0.0156,      0.2078,   7852.8877,-420396.2500,   -910.2181,    554.5477,  26176.2891,
       1,     169,     194,      23,       1,       3,       1,     10.0000,      1.4063,     42.6911,    250.1475,     62.9525,      3.4953,      0.0000,     -0.0319,      0.9885,      0.1400,      5.6191,     11.2383,      1.2370,     29.0652,     58.1304,      0.0194,      0.0008,      0.0156,      0.2078,   7852.8872,-420146.5625,   -910.2167,    554.5651,  26176.2891,
       1,     169,     194,      24,       1,       3,       1,     10.0000,      1.4063,     42.6911,    250.1475,     62.9525,      3.4953,      0.0000,     -0.0318,      0.9762,      0.1391,      5.6191,     11.2383,      1.2295,     29.0652,     58.1304,      0.0194,      0.0008,      0.0156,      0.2078,   7852.8872,-420565.8438,   -910.3743,    554.5361,  26176.2891,
       1,     169,     195,       1,       1,       3,       1,     10.0000,      1.4063,     42.6915,    250.1535,     62.9539,      3.4953,      0.0000,     -0.0319,      0.7787,      0.1417,      5.6182,     11.2363,      1.2522,     29.0695,     58.1389,      0.0194,      0.0006,      0.0156,      0.2078,   7852.8872,-420741.7500,   -910.7313,    554.5368,  26177.4629,
       1,     169,     195,       2,       1,       3,       1,     10.0000,      1.4063,     42.6915,    250.1535,     62.9539,      3.4953,      0.0000,     -0.0319,      0.4476,      0.1406,      5.6182,     11.2363,      1.2421,     29.0695,     58.1389,      0.0194,      0.0003,      0.0156,      0.2078,   7853.2393,-420362.5312,   -910.4651,    554.5631,  26177.4648,
       1,     169,     195,       3,       1,       3,       1,     10.0000,      1.4063,     42.6915,    250.1535,     62.9539,      3.4953,      0.0000,     -0.0319,      0.3402,      0.1407,      5.6182,     11.2363,      1.2433,     29.0695,     58.1389,      0.0194,      0.0003,      0.0156,      0.2078,   7853.2397,-419924.9688,   -910.4022,    554.5934,  26177.4629,
       1,     169,     195,       4,       1,       3,       1,     10.0000,      1.4063,     42.6915,    250.1535,     62.9539,      3.4953,      0.0000,     -0.0318,      0.3331,      0.1382,      5.6182,     11.2363,      1.2209,     29.0695,     58.1389,      0.0194,      0.0003,      0.0156,      0.2078,   7853.2393,-419756.6562,   -910.3741,    554.6052,  26177.4648,
       1,     169,     195,       5,       1,       3,       1,     10.0000,      1.4063,     42.6915,    250.1535,     62.9539,      3.4953,      0.0000,     -0.0318,      0.3339,      0.1384,      5.6182,     11.2363,      1.2234,     29.0695,     58.1389,      0.0194,      0.0003,      0.0156,      0.2078,   7853.2397,-419733.5625,   -910.3712,    554.6068,  26177.4629,
       1,     169,     195,       6,       1,       3,       1,     10.0000,      1.4063,     42.6915,    250.1535,     62.9539,      3.4953,      0.0000,     -0.0320,      0.3593,      0.1439,      5.6182,     11.2363,      1.2713,     29.0695,     58.1389,      0.0194,      0.0003,      0.0156,      0.2078,   7853.2393,-419732.7812,   -910.3730,    554.6068,  26177.4609,
       1,     169,     195,       7,       1,       3,       1,     10.0000,      1.4063,     42.6915,    250.1535,     62.9539,      3.4953,      0.0000,     -0.0320,      0.4489,      0.1450,      5.6182,     11.2363,      1.2816,     29.0695,     58.1389,      0.0194,      0.0004,      0.0156,      0.2078,   7853.2388,-419763.9375,   -910.3816,    554.6047,  26177.4609,
       1,     169,     195,       8,       1,       3,       1,     10.0000,      1.4063,     42.6915,    250.1535,     62.9539,      3.4953,      0.0097,     -0.0220,      0.3560,      0.1355,      5.6182,     11.2363,      1.1976,     29.0695,     58.1389,      0.0194,      0.0003,      0.0156,      0.2078,   7853.2388,-419876.0938,   -910.1200,    554.5968,  26177.4629,
       1,     169,     195,       9,       1,       3,       1,     10.0000,      1.4063,     42.6915,    250.1535,     62.9539,      3.4953,      0.0963,      0.0645,      2.6985,      0.1377,      5.6182,     11.2363,      1.2172,     29.0695,     58.1389,      0.0194,      0.0003,      0.1178,      0.2078,   7853.2393,-419771.9688,   -910.1501,    554.6041,  26177.4629,
       1,     169,     195,      10,       1,       3,       1,     10.0000,      1.4063,     42.6915,    250.1535,     62.9539,      3.4953,      0.1557,      0.1232,      5.0886,      0.1591,      5.6182,     11.2363,      1.4059,     29.0695,     58.1389,      0.0194,      0.0003,      0.2027,      0.2078,   7853.2393,-422628.9062,   -911.1111,    554.4061,  26177.4648,
       1,     169,     195,      11,       1,       3,       1,     10.0000,      1.4063,     42.6915,    250.1535,     62.9539,      3.4953,      0.1876,      0.1539,      7.9020,      0.1954,      5.6182,     11.2363,      1.7263,     29.0695,     58.1389,      0.0194,      0.0004,      0.2487,      0.2078,   7853.2397,-425795.1562,   -912.7499,    554.1866,  26177.4629,
       1,     169,     195,      12,       1,       3,       1,     10.0000,      1.4063,     42.6915,    250.1535,     62.9539,      3.4953,      0.1886,      0.1552,      8.3142,      0.1867,      5.6182,     11.2363,      1.6494,     29.0695,     58.1389,      0.0194,      0.0004,      0.2500,      0.2078,   7853.2393,-429506.3125,   -915.1231,    553.9296,  26177.4629,
       1,     169,     195,      13,       1,       3,       1,     10.0000,      1.4063,     42.6915,    250.1535,     62.9539,      3.4953,      0.1851,      0.1516,      9.6047,      0.1874,      5.6182,     11.2363,      1.6559,     29.0695,     58.1389,      0.0194,      0.0005,      0.2447,      0.2078,   7853.2393,-430325.4375,   -916.5504,    553.8729,  26177.4629,
       1,     169,     195,      14,       1,       3,       1,     10.0000,      1.4063,     42.6915,    250.1535,     62.9539,      3.4953,      0.1835,      0.1494,      8.4945,      0.2071,      5.6182,     11.2363,      1.8299,     29.0695,     58.1389,      0.0194,      0.0004,      0.2427,      0.2078,   7853.2393,-431973.8438,   -915.2927,    553.7588,  26177.4609,
       1,     169,     195,      15,       1,       3,       1,     10.0000,      1.4063,     42.6915,    250.1535,     62.9539,      3.4953,      0.1903,      0.1560,     32.8572,      0.2171,      5.6182,     11.2363,      1.9184,     29.0695,     58.1389,      0.0194,      0.0016,      0.2500,      0.2078,   7853.2388,-430755.1875,   -916.3673,    553.8432,  26177.4629,
       1,     169,     195,      16,       1,       3,       1,     10.0000,      1.4063,     42.6915,    250.1535,     62.9539,      3.4953,      0.1670,      0.1332,     53.1299,      0.1991,      5.6182,     11.2363,      1.7591,     29.0695,     58.1389,      0.0194,      0.0030,      0.2137,      0.2078,   7853.2393,-460462.1250,   -923.5273,    551.7866,  26177.4609,
       1,     169,     195,      17,       1,       3,       1,     10.0000,      1.4063,     42.6915,    250.1535,     62.9539,      3.4953,      0.1495,      0.1163,     34.1607,      0.1792,      5.6182,     11.2363,      1.5835,     29.0695,     58.1389,      0.0194,      0.0022,      0.1904,      0.2078,   7853.2388,-487806.1250,   -929.6206,    549.9044,  26177.4629,
       1,     169,     195,      18,       1,       3,       1,     10.0000,      1.4063,     42.6915,    250.1535,     62.9539,      3.4953,      0.1428,      0.1098,     31.1716,      0.1710,      5.6182,     11.2363,      1.5110,     29.0695,     58.1389,      0.0194,      0.0021,      0.1810,      0.2077,   7853.2393,-466893.0625,   -926.4808,    551.3451,  26177.4629,
       1,     169,     195,      19,       1,       3,       1,     10.0000,      1.4063,     42.6915,    250.1535,     62.9539,      3.4953,      0.0557,      0.0230,     14.7290,      0.1631,      5.6182,     11.2363,      1.4416,     29.0695,     58.1389,      0.0194,      0.0031,      0.0574,      0.2078,   7853.2393,-461467.3750,   -926.1115,    551.7209,  26177.4629,
       1,     169,     195,      20,       1,       3,       1,     10.0000,      1.4063,     42.6915,    250.1535,     62.9539,      3.4953,      0.0267,     -0.0057,      4.4322,      0.1533,      5.6182,     11.2363,      1.3546,     29.0695,     58.1389,      0.0194,      0.0031,      0.0172,      0.2078,   7853.2393,-440878.2188,   -922.7049,    553.1411,  26177.4629,
       1,     169,     195,      21,       1,       3,       1,     10.0000,      1.4063,     42.6915,    250.1535,     62.9539,      3.4953,      0.0000,     -0.0322,      3.6026,      0.1498,      5.6182,     11.2363,      1.3236,     29.0695,     58.1389,      0.0194,      0.0028,      0.0156,      0.2078,   7853.2393,-426539.5625,   -920.3262,    554.1343,  26177.4629,
       1,     169,     195,      22,       1,       3,       1,     10.0000,      1.4063,     42.6915,    250.1535,     62.9539,      3.4953,      0.0000,     -0.0323,      2.9434,      0.1512,      5.6182,     11.2363,      1.3357,     29.0695,     58.1389,      0.0194,      0.0023,      0.0156,      0.2078,   7853.2393,-424309.9688,   -920.0827,    554.2895,  26177.4648,
       1,     169,     195,      23,       1,       3,       1,     10.0000,      1.4063,     42.6915,    250.1535,     62.9539,      3.4953,      0.0000,     -0.0322,      2.5032,      0.1480,      5.6182,     11.2363,      1.3077,     29.0695,     58.1389,      0.0194,      0.0020,      0.0156,      0.2078,   7853.2397,-423313.2500,   -920.0605,    554.3586,  26177.4629,
       1,     169,     195,      24,       1,       3,       1,     10.0000,      1.4063,     42.6915,    250.1535,     62.9539,      3.4953,      0.0000,     -0.0321,      1.9695,      0.1461,      5.6182,     11.2363,      1.2907,     29.0695,     58.1389,      0.0194,      0.0015,      0.0156,      0.2078,   7853.2393,-422690.3438,   -920.0870,    554.4018,  26177.4629,
       1,     169,     196,       1,       1,       3,       1,     10.0000,      1.4063,     42.6918,    250.1593,     62.9554,      3.4953,      0.0000,     -0.0321,      1.1356,      0.1467,      5.6184,     11.2367,      1.2959,     29.0724,     58.1448,      0.0194,      0.0009,      0.0156,      0.2078,   7853.2393,-422139.9688,   -920.3553,    554.4531,  26178.6367,
       1,     169,     196,       2,       1,       3,       1,     10.0000,      1.4063,     42.6918,    250.1593,     62.9554,      3.4953,      0.0000,     -0.0322,      0.8150,      0.1496,      5.6184,     11.2367,      1.3223,     29.0724,     58.1448,      0.0194,      0.0006,      0.0156,      0.2078,   7853.5913,-420920.4062,   -919.9111,    554.5375,  26178.6348,
       1,     169,     196,       3,       1,       3,       1,     10.0000,      1.4063,     42.6918,    250.1593,     62.9554,      3.4953,      0.0000,     -0.0317,      0.7799,      0.1348,      5.6184,     11.2367,      1.1916,     29.0724,     58.1448,      0.0194,      0.0006,      0.0156,      0.2078,   7853.5908,-420425.0625,   -919.8446,    554.5718,  26178.6367,
       1,     169,     196,       4,       1,       3,       1,     10.0000,      1.4063,     42.6918,    250.1593,     62.9554,      3.4953,      0.0000,     -0.0320,      0.7983,      0.1431,      5.6184,     11.2367,      1.2649,     29.0724,     58.1448,      0.0194,      0.0006,      0.0156,      0.2078,   7853.5913,-420339.8750,   -910.2536,    554.5778,  26178.6348,
       1,     169,     196,       5,       1,       3,       1,     10.0000,      1.4063,     42.6918,    250.1593,     62.9554,      3.4953,      0.0000,     -0.0320,      0.8016,      0.1433,      5.6184,     11.2367,      1.2662,     29.0724,     58.1448,      0.0194,      0.0006,      0.0156,      0.2078,   7853.5908,-420355.3438,   -910.2587,    554.5767,  26178.6367,
       1,     169,     196,       6,       1,       3,       1,     10.0000,      1.4063,     42.6918,    250.1593,     62.9554,      3.4953,      0.0000,     -0.0314,      0.6709,      0.1283,      5.6184,     11.2367,      1.1337,     29.0724,     58.1448,      0.0194,      0.0005,      0.0156,      0.2078,   7853.5913,-420360.4688,   -910.3225,    554.5764,  26178.6367,
       1,     169,     196,       7,       1,       3,       1,     10.0000,      1.4063,     42.6918,    250.1593,     62.9554,      3.4953,      0.0000,     -0.0314,      0.5308,      0.1273,      5.6184,     11.2367,      1.1245,     29.0724,     58.1448,      0.0194,      0.0004,      0.0156,      0.2078,   7853.5913,-420201.1562,   -910.2182,    554.5875,  26178.6367,
       1,     169,     196,       8,       1,       3,       1,     10.0000,      1.4063,     42.6918,    250.1593,     62.9554,      3.4953,      0.0075,     -0.0240,      0.5152,      0.1290,      5.6184,     11.2367,      1.1395,     29.0724,     58.1448,      0.0194,      0.0004,      0.0156,      0.2078,   7853.5913,-420016.1250,   -910.1640,    554.6003,  26178.6367,
       1,     169,     196,       9,       1,       3,       1,     10.0000,      1.4063,     42.6918,    250.1593,     62.9554,      3.4953,      0.0783,      0.0466,      1.9050,      0.1333,      5.6184,     11.2367,      1.1783,     29.0724,     58.1448,      0.0194,      0.0003,      0.0922,      0.2078,   7853.5913,-419981.3750,   -910.2078,    554.6026,  26178.6367,
       1,     169,     196,      10,       1,       3,       1,     10.0000,      1.4063,     42.6918,    250.1593,     62.9554,      3.4953,      0.1579,      0.1265,      5.3978,      0.1286,      5.6184,     11.2367,      1.1360,     29.0724,     58.1448,      0.0194,      0.0003,      0.2058,      0.2078,   7853.5913,-421678.6562,   -910.6992,    554.4850,  26178.6348,
       1,     169,     196,      11,       1,       3,       1,     10.0000,      1.4063,     42.6918,    250.1593,     62.9554,      3.4953,      0.1774,      0.1453,      7.4716,      0.1459,      5.6184,     11.2367,      1.2894,     29.0724,     58.1448,      0.0194,      0.0004,      0.2336,      0.2078,   7853.5908,-426095.5000,   -912.2745,    554.1789,  26178.6367,
       1,     169,     196,      12,       1,       3,       1,     10.0000,      1.4063,     42.6918,    250.1593,     62.9554,      3.4953,      0.1887,      0.1562,      6.1987,      0.1555,      5.6184,     11.2367,      1.3739,     29.0724,     58.1448,      0.0194,      0.0003,      0.2500,      0.2078,   7853.5913,-429007.0000,   -913.7375,    553.9773,  26178.6367,
       1,     169,     196,      13,       1,       3,       1,     10.0000,      1.4063,     42.6918,    250.1593,     62.9554,      3.4953,      0.1892,      0.1565,     14.4240,      0.1646,      5.6184,     11.2367,      1.4547,     29.0724,     58.1448,      0.0194,      0.0007,      0.2500,      0.2078,   7853.5913,-427696.5000,   -915.4875,    554.0681,  26178.6367,
       1,     169,     196,      14,       1,       3,       1,     10.0000,      1.4063,     42.6918,    250.1593,     62.9554,      3.4953,      0.1833,      0.1500,      9.1826,      0.1812,      5.6184,     11.2367,      1.6010,     29.0724,     58.1448,      0.0194,      0.0005,      0.2422,      0.2078,   7853.5913,-437648.2812,   -919.5352,    553.3788,  26178.6348,
       1,     169,     196,      15,       1,       3,       1,     10.0000,      1.4063,     42.6918,    250.1593,     62.9554,      3.4953,      0.1790,      0.1453,      7.6019,      0.1975,      5.6184,     11.2367,      1.7452,     29.0724,     58.1448,      0.0194,      0.0004,      0.2363,      0.2078,   7853.5908,-432079.7500,   -919.3136,    553.7644,  26178.6367,
       1,     169,     196,      16,       1,       3,       1,     10.0000,      1.4063,     42.6918,    250.1593,     62.9554,      3.4953,      0.1643,      0.1304,      8.1609,      0.2005,      5.6184,     11.2367,      1.7713,     29.0724,     58.1448,      0.0194,      0.0005,      0.2148,      0.2078,   7853.5913,-429673.8438,   -919.5770,    553.9312,  26178.6367,
       1,     169,     196,      17,       1,       3,       1,     10.0000,      1.4063,     42.6918,    250.1593,     62.9554,      3.4953,      0.1166,      0.0827,     14.2680,      0.2018,      5.6184,     11.2367,      1.7836,     29.0724,     58.1448,      0.0194,      0.0012,      0.1448,      0.2078,   7853.5913,-430153.5312,   -920.1591,    553.8979,  26178.6348,
       1,     169,     196,      18,       1,       3,       1,     10.0000,      1.4063,     42.6918,    250.1593,     62.9554,      3.4953,      0.1056,      0.0724,     17.8114,      0.1799,      5.6184,     11.2367,      1.5898,     29.0724,     58.1448,      0.0194,      0.0017,      0.1288,      0.2078,   7853.5908,-437666.2188,   -921.8849,    553.3777,  26178.6367,
       1,     169,     196,      19,       1,       3,       1,     10.0000,      1.4063,     42.6918,    250.1593,     62.9554,      3.4953,      0.0912,      0.0582,     20.9483,      0.1707,      5.6184,     11.2367,      1.5080,     29.0724,     58.1448,      0.0194,      0.0024,      0.1077,      0.2078,   7853.5913,-442638.8750,   -923.1647,    553.0340,  26178.6367,
       1,     169,     196,      20,       1,       3,       1,     10.0000,      1.4063,     42.6918,    250.1593,     62.9554,      3.4953,      0.0195,     -0.0132,      1.7562,      0.1628,      5.6184,     11.2367,      1.4388,     29.0724,     58.1448,      0.0194,      0.0032,      0.0068,      0.2078,   7853.5913,-446898.6875,   -924.3398,    552.7396,  26178.6367,
       1,     169,     196,      21,       1,       3,       1,     10.0000,      1.4063,     42.6918,    250.1593,     62.9554,      3.4953,      0.0001,     -0.0322,      3.9422,      0.1516,      5.6184,     11.2367,      1.3398,     29.0724,     58.1448,      0.0194,      0.0031,      0.0156,      0.2078,   7853.5913,-423773.2188,   -920.2325,    554.3375,  26178.6367,
       1,     169,     196,      22,       1,       3,       1,     10.0000,      1.4063,     42.6918,    250.1593,     62.9554,      3.4953,      0.0000,     -0.0322,      4.1197,      0.1489,      5.6184,     11.2367,      1.3157,     29.0724,     58.1448,      0.0194,      0.0032,      0.0156,      0.2078,   7853.5913,-424495.0938,   -920.5309,    554.2898,  26178.6367,
       1,     169,     196,      23,       1,       3,       1,     10.0000,      1.4063,     42.6918,    250.1593,     62.9554,      3.4953,      0.0000,     -0.0320,      2.8808,      0.1433,      5.6184,     11.2367,      1.2662,     29.0724,     58.1448,      0.0194,      0.0023,      0.0156,      0.2078,   7853.5913,-424770.6562,   -920.7684,    554.2708,  26178.6367,
       1,     169,     196,      24,       1,       3,       1,     10.0000,      1.4063,     42.6918,    250.1593,     62.9554,      3.4953,      0.0000,     -0.0318,      2.4519,      0.1390,      5.6184,     11.2367,      1.2284,     29.0724,     58.1448,      0.0194,      0.0019,      0.0156,      0.2078,   7853.5913,-423278.3438,   -920.6243,    554.3741,  26178.6387,
       1,     169,     197,       1,       1,       3,       1,     10.0000,      1.4063,     42.6921,    250.1653,     62.9569,      3.4953,      0.0000,     -0.0318,      2.0918,      0.1375,      5.6185,     11.2370,      1.2148,     29.0735,     58.1470,      0.0194,      0.0016,      0.0156,      0.2078,   7853.5918,-422782.3750,   -920.9166,    554.4215,  26179.8105,
       1,     169,     197,       2,       1,       3,       1,     10.0000,      1.4063,     42.6921,    250.1653,     62.9569,      3.4953,      0.0000,     -0.0317,      1.4175,      0.1347,      5.6185,     11.2370,      1.1904,     29.0735,     58.1470,      0.0194,      0.0011,      0.0156,      0.2078,   7853.9434,-422147.4062,   -920.6225,    554.4655,  26179.8105,
       1,     169,     197,       3,       1,       3,       1,     10.0000,      1.4063,     42.6921,    250.1653,     62.9569,      3.4953,      0.0000,     -0.0315,      1.1904,      0.1292,      5.6185,     11.2370,      1.1418,     29.0735,     58.1470,      0.0194,      0.0009,      0.0156,      0.2078,   7853.9434,-421268.8125,   -920.5053,    554.5264,  26179.8105,
       1,     169,     197,       4,       1,       3,       1,     10.0000,      1.4063,     42.6921,    250.1653,     62.9569,      3.4953,      0.0000,     -0.0316,      0.9929,      0.1327,      5.6185,     11.2370,      1.1724,     29.0735,     58.1470,      0.0194,      0.0008,      0.0156,      0.2078,   7853.9434,-420916.4375,   -920.4664,    554.5508,  26179.8125,
       1,     169,     197,       5,       1,       3,       1,     10.0000,      1.4063,     42.6921,    250.1653,     62.9569,      3.4953,      0.0000,     -0.0316,      1.0400,      0.1327,      5.6185,     11.2370,      1.1724,     29.0735,     58.1470,      0.0194,      0.0008,      0.0156,      0.2078,   7853.9438,-420644.8125,   -920.4438,    554.5697,  26179.8105,
       1,     169,     197,       6,       1,       3,       1,     10.0000,      1.4063,     42.6921,    250.1653,     62.9569,      3.4953,      0.0000,     -0.0316,      1.0797,      0.1319,      5.6185,     11.2370,      1.1653,     29.0735,     58.1470,      0.0194,      0.0008,      0.0156,      0.2078,   7853.9434,-420679.5312,   -920.4854,    554.5673,  26179.8086,
       1,     169,     197,       7,       1,       3,       1,     10.0000,      1.4063,     42.6921,    250.1653,     62.9569,      3.4953,      0.0000,     -0.0315,      1.0444,      0.1309,      5.6185,     11.2370,      1.1570,     29.0735,     58.1470,      0.0194,      0.0008,      0.0156,      0.2078,   7853.9429,-420731.2812,   -920.5270,    554.5637,  26179.8105,
       1,     169,     197,       8,       1,       3,       1,     10.0000,      1.4063,     42.6921,    250.1653,     62.9569,      3.4953,      0.0056,     -0.0259,      0.5534,      0.1293,      5.6185,     11.2370,      1.1430,     29.0735,     58.1470,      0.0194,      0.0004,      0.0156,      0.2078,   7853.9434,-420692.3438,   -919.2828,    554.5664,  26179.8105,
       1,     169,     197,       9,       1,       3,       1,     10.0000,      1.4063,     42.6921,    250.1653,     62.9569,      3.4953,      0.0468,      0.0152,      2.3820,      0.1327,      5.6185,     11.2370,      1.1724,     29.0735,     58.1470,      0.0194,      0.0006,      0.0471,      0.2078,   7853.9434,-420088.3125,   -919.1933,    554.6082,  26179.8105,
       1,     169,     197,      10,       1,       3,       1,     10.0000,      1.4063,     42.6921,    250.1653,     62.9569,      3.4953,      0.1058,      0.0735,      6.1646,      0.1522,      5.6185,     11.2370,      1.3452,     29.0735,     58.1470,      0.0194,      0.0006,      0.1308,      0.2078,   7853.9434,-422273.9062,   -919.7124,    554.4567,  26179.8105,
       1,     169,     197,      11,       1,       3,       1,     10.0000,      1.4063,     42.6921,    250.1653,     62.9569,      3.4953,      0.1650,      0.1322,      8.4004,      0.1640,      5.6185,     11.2370,      1.4489,     29.0735,     58.1470,      0.0194,      0.0005,      0.2157,      0.2078,   7853.9434,-427086.0625,   -920.8369,    554.1233,  26179.8125,
       1,     169,     197,      12,       1,       3,       1,     10.0000,      1.4063,     42.6921,    250.1653,     62.9569,      3.4953,      0.1880,      0.1550,      7.9073,      0.1713,      5.6185,     11.2370,      1.5141,     29.0735,     58.1470,      0.0194,      0.0004,      0.2489,      0.2078,   7853.9438,-430228.8438,   -921.8933,    553.9056,  26179.8105,
       1,     169,     197,      13,       1,       3,       1,     10.0000,      1.4063,     42.6921,    250.1653,     62.9569,      3.4953,      0.1886,      0.1556,      7.5445,      0.1727,      5.6185,     11.2370,      1.5262,     29.0735,     58.1470,      0.0194,      0.0004,      0.2500,      0.2078,   7853.9434,-429892.3438,   -922.4777,    553.9290,  26179.8105,
       1,     169,     197,      14,       1,       3,       1,     10.0000,      1.4063,     42.6921,    250.1653,     62.9569,      3.4953,      0.1888,      0.1554,     10.4571,      0.1850,      5.6185,     11.2370,      1.6348,     29.0735,     58.1470,      0.0194,      0.0005,      0.2500,      0.2078,   7853.9434,-429420.0000,   -922.9977,    553.9617,  26179.8105,
       1,     169,     197,      15,       1,       3,       1,     10.0000,      1.4063,     42.6921,    250.1653,     62.9569,      3.4953,      0.1897,      0.1557,     23.2327,      0.2045,      5.6185,     11.2370,      1.8067,     29.0735,     58.1470,      0.0194,      0.0011,      0.2500,      0.2078,   7853.9434,-432942.9062,   -924.1791,    553.7178,  26179.8125,
       1,     169,     197,      16,       1,       3,       1,     10.0000,      1.4063,     42.6921,    250.1653,     62.9569,      3.4953,      0.1909,      0.1567,     42.7872,      0.2108,      5.6185,     11.2370,      1.8627,     29.0735,     58.1470,      0.0194,      0.0021,      0.2496,      0.2078,   7853.9438,-448870.5312,   -927.5967,    552.6154,  26179.8105,
       1,     169,     197,      17,       1,       3,       1,     10.0000,      1.4063,     42.6921,    250.1653,     62.9569,      3.4953,      0.1773,      0.1431,     46.9863,      0.2118,      5.6185,     11.2370,      1.8719,     29.0735,     58.1470,      0.0194,      0.0025,      0.2294,      0.2078,   7853.9434,-474150.4375,   -932.8775,    550.8703,  26179.8105,
       1,     169,     197,      18,       1,       3,       1,     10.0000,      1.4063,     42.6921,    250.1653,     62.9569,      3.4953,      0.0564,      0.0225,     11.0249,      0.2016,      5.6185,     11.2370,      1.7819,     29.0735,     58.1470,      0.0194,      0.0023,      0.0578,      0.2078,   7853.9434,-481436.1875,   -934.7101,    550.3713,  26179.8086,
       1,     169,     197,      19,       1,       3,       1,     10.0000,      1.4063,     42.6921,    250.1653,     62.9569,      3.4953,      0.0426,      0.0089,      9.6114,      0.1973,      5.6185,     11.2370,      1.7436,     29.0735,     58.1470,      0.0194,      0.0031,      0.0381,      0.2078,   7853.9429,-438024.2500,   -926.6219,    553.3582,  26179.8105,
       1,     169,     197,      20,       1,       3,       1,     10.0000,      1.4063,     42.6921,    250.1653,     62.9569,      3.4953,      0.0099,     -0.0233,      4.9218,      0.1790,      5.6185,     11.2370,      1.5820,     29.0735,     58.1470,      0.0194,      0.0038,      0.0156,      0.2078,   7853.9434,-432647.0312,   -925.7191,    553.7382,  26179.8105,
       1,     169,     197,      21,       1,       3,       1,     10.0000,      1.4063,     42.6921,    250.1653,     62.9569,      3.4953,      0.0000,     -0.0329,      5.2192,      0.1693,      5.6185,     11.2370,      1.4961,     29.0735,     58.1470,      0.0194,      0.0041,      0.0156,      0.2078,   7853.9434,-426444.9062,   -924.6317,    554.1676,  26179.8105,
       1,     169,     197,      22,       1,       3,       1,     10.0000,      1.4063,     42.6921,    250.1653,     62.9569,      3.4953,      0.0000,     -0.0328,      5.0546,      0.1660,      5.6185,     11.2370,      1.4664,     29.0735,     58.1470,      0.0194,      0.0039,      0.0156,      0.2078,   7853.9434,-426283.4688,   -924.6733,    554.1789,  26179.8105,
       1,     169,     197,      23,       1,       3,       1,     10.0000,      1.4063,     42.6921,    250.1653,     62.9569,      3.4953,      0.0000,     -0.0326,      4.7146,      0.1609,      5.6185,     11.2370,      1.4216,     29.0735,     58.1470,      0.0194,      0.0037,      0.0156,      0.2078,   7853.9434,-426068.3438,   -924.6918,    554.1938,  26179.8105,
       1,     169,     197,      24,       1,       3,       1,     10.0000,      1.4063,     42.6921,    250.1653,     62.9569,      3.4953,      0.0000,     -0.0325,      4.8732,      0.1583,      5.6185,     11.2370,      1.3990,     29.0735,     58.1470,      0.0194,      0.0038,      0.0156,      0.2078,   7853.9434,-425634.0625,   -924.6612,    554.2239,  26179.8105,
       1,     169,     198,       1,       1,       3,       1,     10.0000,      1.4064,     42.6925,    250.1712,     62.9584,      3.4953,      0.0000,     -0.0325,      3.4479,      0.1564,      5.6194,     11.2388,      1.3823,     29.0719,     58.1439,      0.0194,      0.0027,      0.0156,      0.2079,   7853.9434,-425946.1562,   -925.0534,    554.2155,  26180.9844,
       1,     169,     198,       2,       1,       3,       1,     10.0000,      1.4064,     42.6925,    250.1712,     62.9584,      3.4953,      0.0000,     -0.0325,      2.7200,      0.1571,      5.6194,     11.2388,      1.3878,     29.0719,     58.1439,      0.0194,      0.0021,      0.0156,      0.2079,   7854.2954,-424076.3750,   -924.4636,    554.3450,  26180.9824,
       1,     169,     198,       3,       1,       3,       1,     10.0000,      1.4064,     42.6925,    250.1712,     62.9584,      3.4953,      0.0000,     -0.0323,      2.0631,      0.1527,      5.6194,     11.2388,      1.3493,     29.0719,     58.1439,      0.0194,      0.0016,      0.0156,      0.2079,   7854.2949,-423028.0000,   -924.2948,    554.4177,  26180.9824,
       1,     169,     198,       4,       1,       3,       1,     10.0000,      1.4064,     42.6925,    250.1712,     62.9584,      3.4953,      0.0000,     -0.0322,      1.4934,      0.1485,      5.6194,     11.2388,      1.3118,     29.0719,     58.1439,      0.0194,      0.0012,      0.0156,      0.2079,   7854.2949,-422135.8125,   -924.1410,    554.4795,  26180.9824,
       1,     169,     198,       5,       1,       3,       1,     10.0000,      1.4064,     42.6925,    250.1712,     62.9584,      3.4953,      0.0000,     -0.0321,      1.1154,      0.1473,      5.6194,     11.2388,      1.3012,     29.0719,     58.1439,      0.0194,      0.0009,      0.0156,      0.2079,   7854.2949,-421363.4062,   -924.0040,    554.5331,  26180.9805,
       1,     169,     198,       6,       1,       3,       1,     10.0000,      1.4064,     42.6925,    250.1712,     62.9584,      3.4953,      0.0000,     -0.0321,      0.8877,      0.1455,      5.6194,     11.2388,      1.2856,     29.0719,     58.1439,      0.0194,      0.0007,      0.0156,      0.2079,   7854.2944,-420835.7500,   -923.9124,    554.5696,  26180.9824,
       1,     169,     198,       7,       1,       3,       1,     10.0000,      1.4064,     42.6925,    250.1712,     62.9584,      3.4953,      0.0000,     -0.0320,      1.0119,      0.1433,      5.6194,     11.2388,      1.2663,     29.0719,     58.1439,      0.0194,      0.0008,      0.0156,      0.2079,   7854.2949,-420512.4062,   -923.8579,    554.5921,  26180.9844,
       1,     169,     198,       8,       1,       3,       1,     10.0000,      1.4064,     42.6925,    250.1712,     62.9584,      3.4953,      0.0050,     -0.0268,      0.7162,      0.1380,      5.6194,     11.2388,      1.2197,     29.0719,     58.1439,      0.0194,      0.0006,      0.0156,      0.2079,   7854.2954,-420636.4375,   -923.8888,    554.5835,  26180.9805,
       1,     169,     198,       9,       1,       3,       1,     10.0000,      1.4064,     42.6925,    250.1712,     62.9584,      3.4953,      0.0432,      0.0107,      1.1189,      0.1571,      5.6194,     11.2388,      1.3878,     29.0719,     58.1439,      0.0194,      0.0003,      0.0412,      0.2079,   7854.2944,-420285.9062,   -923.8297,    554.6077,  26180.9824,
       1,     169,     198,      10,       1,       3,       1,     10.0000,      1.4064,     42.6925,    250.1712,     62.9584,      3.4953,      0.0342,      0.0010,      0.7798,      0.1769,      5.6194,     11.2388,      1.5632,     29.0719,     58.1439,      0.0194,      0.0003,      0.0275,      0.2079,   7854.2949,-420748.5000,   -923.9324,    554.5756,  26180.9824,
       1,     169,     198,      11,       1,       3,       1,     10.0000,      1.4064,     42.6925,    250.1712,     62.9584,      3.4953,      0.0634,      0.0302,      2.0014,      0.1792,      5.6194,     11.2388,      1.5836,     29.0719,     58.1439,      0.0194,      0.0004,      0.0696,      0.2079,   7854.2949,-420373.0938,   -923.8716,    554.6017,  26180.9844,
       1,     169,     198,      12,       1,       3,       1,     10.0000,      1.4064,     42.6925,    250.1712,     62.9584,      3.4953,      0.1426,      0.1082,      6.5951,      0.2175,      5.6194,     11.2388,      1.9223,     29.0719,     58.1439,      0.0194,      0.0004,      0.1835,      0.2079,   7854.2954,-421834.8125,   -924.1719,    554.5004,  26180.9824,
       1,     169,     198,      13,       1,       3,       1,     10.0000,      1.4064,     42.6925,    250.1712,     62.9584,      3.4953,      0.1651,      0.1301,      8.7158,      0.2404,      5.6194,     11.2388,      2.1243,     29.0719,     58.1439,      0.0194,      0.0005,      0.2161,      0.2079,   7854.2949,-427577.2812,   -925.3337,    554.1024,  26180.9824,
       1,     169,     198,      14,       1,       3,       1,     10.0000,      1.4064,     42.6925,    250.1712,     62.9584,      3.4953,      0.1841,      0.1484,     24.0940,      0.2662,      5.6194,     11.2388,      2.3527,     29.0719,     58.1439,      0.0194,      0.0012,      0.2423,      0.2079,   7854.2949,-430658.4688,   -926.0115,    553.8892,  26180.9824,
       1,     169,     198,      15,       1,       3,       1,     10.0000,      1.4064,     42.6925,    250.1712,     62.9584,      3.4953,      0.1913,      0.1555,     52.8228,      0.2725,      5.6194,     11.2388,      2.4080,     29.0719,     58.1439,      0.0194,      0.0026,      0.2497,      0.2079,   7854.2949,-449729.5000,   -929.8173,    552.5687,  26180.9824,
       1,     169,     198,      16,       1,       3,       1,     10.0000,      1.4064,     42.6925,    250.1712,     62.9584,      3.4953,      0.1840,      0.1480,     63.7323,      0.2813,      5.6194,     11.2388,      2.4861,     29.0719,     58.1439,      0.0194,      0.0033,      0.2377,      0.2078,   7854.2949,-486499.3125,   -937.1031,    550.0306,  26180.9844,
       1,     169,     198,      17,       1,       3,       1,     10.0000,      1.4064,     42.6925,    250.1712,     62.9584,      3.4953,      0.1614,      0.1259,     87.4799,      0.2621,      5.6194,     11.2388,      2.3164,     29.0719,     58.1439,      0.0194,      0.0053,      0.2018,      0.2078,   7854.2954,-502979.5625,   -940.5319,    548.9033,  26180.9805,
       1,     169,     198,      18,       1,       3,       1,     10.0000,      1.4064,     42.6925,    250.1712,     62.9584,      3.4953,      0.1399,      0.1046,     95.9029,      0.2529,      5.6194,     11.2388,      2.2347,     29.0719,     58.1439,      0.0194,      0.0069,      0.1692,      0.2078,   7854.2944,-533447.6875,   -946.8074,    546.8140,  26180.9824,
       1,     169,     198,      19,       1,       3,       1,     10.0000,      1.4064,     42.6925,    250.1712,     62.9584,      3.4953,      0.1101,      0.0761,     78.3879,      0.2047,      5.6194,     11.2388,      1.8085,     29.0719,     58.1439,      0.0194,      0.0075,      0.1281,      0.2078,   7854.2949,-546350.1875,   -949.7494,    545.9360,  26180.9824,
       1,     169,     198,      20,       1,       3,       1,     10.0000,      1.4064,     42.6925,    250.1712,     62.9584,      3.4953,      0.0110,     -0.0224,      9.6128,      0.1861,      5.6194,     11.2388,      1.6446,     29.0719,     58.1439,      0.0194,      0.0075,      0.0156,      0.2077,   7854.2949,-525974.3125,   -946.1544,    547.3272,  26180.9805,
       1,     169,     198,      21,       1,       3,       1,     10.0000,      1.4064,     42.6925,    250.1712,     62.9584,      3.4953,      0.0000,     -0.0330,      9.3381,      0.1738,      5.6194,     11.2388,      1.5354,     29.0719,     58.1439,      0.0194,      0.0073,      0.0156,      0.2078,   7854.2944,-440013.9688,   -929.4315,    553.2100,  26180.9805,
       1,     169,     198,      22,       1,       3,       1,     10.0000,      1.4064,     42.6925,    250.1712,     62.9584,      3.4953,      0.0000,     -0.0329,      8.6010,      0.1681,      5.6194,     11.2388,      1.4857,     29.0719,     58.1439,      0.0194,      0.0067,      0.0156,      0.2079,   7854.2944,-432511.6562,   -927.9113,    553.7606,  26180.9805,
       1,     169,     198,      23,       1,       3,       1,     10.0000,      1.4064,     42.6925,    250.1712,     62.9584,      3.4953,      0.0000,     -0.0329,      7.8487,      0.1691,      5.6194,     11.2388,      1.4946,     29.0719,     58.1439,      0.0194,      0.0061,      0.0156,      0.2079,   7854.2944,-430936.4062,   -927.5438,    553.8699,  26180.9805,
       1,     169,     198,      24,       1,       3,       1,     10.0000,      1.4064,     42.6925,    250.1712,     62.9584,      3.4953,      0.0000,     -0.0327,      4.5644,      0.1645,      5.6194,     11.2388,      1.4533,     29.0719,     58.1439,      0.0194,      0.0036,      0.0156,      0.2079,   7854.2944,-429882.5312,   -927.2797,    553.9429,  26180.9805,
       1,     169,     199,       1,       1,       3,       1,     10.0000,      1.4064,     42.6928,    250.1771,     62.9599,      3.4953,      0.0000,     -0.0324,      3.3277,      0.1549,      5.6192,     11.2385,      1.3685,     29.0668,     58.1336,      0.0194,      0.0026,      0.0156,      0.2079,   7854.2944,-425931.2188,   -926.7679,    554.2296,  26182.1543,
       1,     169,     199,       2,       1,       3,       1,     10.0000,      1.4064,     42.6928,    250.1771,     62.9599,      3.4953,      0.0000,     -0.0325,      2.3968,      0.1563,      5.6192,     11.2385,      1.3809,     29.0668,     58.1336,      0.0194,      0.0019,      0.0156,      0.2079,   7854.6465,-423931.4062,   -926.1025,    554.3682,  26182.1562,
       1,     169,     199,       3,       1,       3,       1,     10.0000,      1.4064,     42.6928,    250.1771,     62.9599,      3.4953,      0.0000,     -0.0325,      1.7991,      0.1577,      5.6192,     11.2385,      1.3934,     29.0668,     58.1336,      0.0194,      0.0014,      0.0156,      0.2079,   7854.6470,-422623.2812,   -925.8387,    554.4589,  26182.1562,
       1,     169,     199,       4,       1,       3,       1,     10.0000,      1.4064,     42.6928,    250.1771,     62.9599,      3.4953,      0.0000,     -0.0325,      1.8229,      0.1569,      5.6192,     11.2385,      1.3865,     29.0668,     58.1336,      0.0194,      0.0014,      0.0156,      0.2079,   7854.6470,-421781.4062,   -925.6701,    554.5172,  26182.1562,
       1,     169,     199,       5,       1,       3,       1,     10.0000,      1.4064,     42.6928,    250.1771,     62.9599,      3.4953,      0.0000,     -0.0325,      1.6738,      0.1567,      5.6192,     11.2385,      1.3851,     29.0668,     58.1336,      0.0194,      0.0013,      0.0156,      0.2079,   7854.6470,-421739.1562,   -925.6600,    554.5201,  26182.1582,
       1,     169,     199,       6,       1,       3,       1,     10.0000,      1.4064,     42.6928,    250.1771,     62.9599,      3.4953,      0.0000,     -0.0323,      0.9783,      0.1524,      5.6192,     11.2385,      1.3466,     29.0668,     58.1336,      0.0194,      0.0008,      0.0156,      0.2079,   7854.6479,-421552.9688,   -925.6169,    554.5331,  26182.1562,
       1,     169,     199,       7,       1,       3,       1,     10.0000,      1.4064,     42.6928,    250.1771,     62.9599,      3.4953,      0.0000,     -0.0322,      1.1003,      0.1483,      5.6192,     11.2385,      1.3105,     29.0668,     58.1336,      0.0194,      0.0009,      0.0156,      0.2079,   7854.6470,-420687.0000,   -925.4460,    554.5931,  26182.1562,
       1,     169,     199,       8,       1,       3,       1,     10.0000,      1.4064,     42.6928,    250.1771,     62.9599,      3.4953,      0.0034,     -0.0287,      0.8711,      0.1464,      5.6192,     11.2385,      1.2934,     29.0668,     58.1336,      0.0194,      0.0007,      0.0156,      0.2079,   7854.6470,-420762.7500,   -925.4567,    554.5879,  26182.1562,
       1,     169,     199,       9,       1,       3,       1,     10.0000,      1.4064,     42.6928,    250.1771,     62.9599,      3.4953,      0.0100,     -0.0223,      0.4791,      0.1529,      5.6192,     11.2385,      1.3507,     29.0668,     58.1336,      0.0194,      0.0004,      0.0156,      0.2079,   7854.6470,-420488.8125,   -925.4006,    554.6068,  26182.1562,
       1,     169,     199,      10,       1,       3,       1,     10.0000,      1.4064,     42.6928,    250.1771,     62.9599,      3.4953,      0.0342,      0.0016,      0.7181,      0.1614,      5.6192,     11.2385,      1.4260,     29.0668,     58.1336,      0.0194,      0.0003,      0.0282,      0.2079,   7854.6470,-419986.4688,   -925.2981,    554.6417,  26182.1562,
       1,     169,     199,      11,       1,       3,       1,     10.0000,      1.4064,     42.6928,    250.1771,     62.9599,      3.4953,      0.0816,      0.0491,      2.3769,      0.1567,      5.6192,     11.2385,      1.3851,     29.0668,     58.1336,      0.0194,      0.0003,      0.0963,      0.2079,   7854.6470,-420235.9688,   -925.3351,    554.6243,  26182.1562,
       1,     169,     199,      12,       1,       3,       1,     10.0000,      1.4064,     42.6928,    250.1771,     62.9599,      3.4953,      0.1257,      0.0923,      4.7042,      0.1834,      5.6192,     11.2385,      1.6203,     29.0668,     58.1336,      0.0194,      0.0004,      0.1593,      0.2079,   7854.6470,-422285.7188,   -925.7177,    554.4822,  26182.1543,
       1,     169,     199,      13,       1,       3,       1,     10.0000,      1.4064,     42.6928,    250.1771,     62.9599,      3.4953,      0.1623,      0.1282,      7.2541,      0.2083,      5.6192,     11.2385,      1.8409,     29.0668,     58.1336,      0.0194,      0.0004,      0.2121,      0.2079,   7854.6465,-425305.6250,   -926.2828,    554.2729,  26182.1562,
       1,     169,     199,      14,       1,       3,       1,     10.0000,      1.4064,     42.6928,    250.1771,     62.9599,      3.4953,      0.1755,      0.1407,      9.2506,      0.2330,      5.6192,     11.2385,      2.0589,     29.0668,     58.1336,      0.0194,      0.0005,      0.2312,      0.2079,   7854.6470,-428679.8438,   -926.8927,    554.0392,  26182.1582,
       1,     169,     199,      15,       1,       3,       1,     10.0000,      1.4064,     42.6928,    250.1771,     62.9599,      3.4953,      0.1536,      0.1192,     11.2762,      0.2206,      5.6192,     11.2385,      1.9490,     29.0668,     58.1336,      0.0194,      0.0007,      0.1990,      0.2079,   7854.6479,-431407.3125,   -927.3326,    553.8504,  26182.1562,
       1,     169,     199,      16,       1,       3,       1,     10.0000,      1.4064,     42.6928,    250.1771,     62.9599,      3.4953,      0.1383,      0.1045,     14.0327,      0.1979,      5.6192,     11.2385,      1.7488,     29.0668,     58.1336,      0.0194,      0.0010,      0.1765,      0.2079,   7854.6470,-434116.1250,   -927.8282,    553.6629,  26182.1582,
       1,     169,     199,      17,       1,       3,       1,     10.0000,      1.4064,     42.6928,    250.1771,     62.9599,      3.4953,      0.1060,      0.0732,     25.9535,      0.1656,      5.6192,     11.2385,      1.4636,     29.0668,     58.1336,      0.0194,      0.0025,      0.1286,      0.2079,   7854.6479,-437716.7500,   -928.5380,    553.4137,  26182.1562,
       1,     169,     199,      18,       1,       3,       1,     10.0000,      1.4064,     42.6928,    250.1771,     62.9599,      3.4953,      0.1044,      0.0718,     41.9809,      0.1619,      5.6192,     11.2385,      1.4302,     29.0668,     58.1336,      0.0194,      0.0041,      0.1246,      0.2079,   7854.6470,-452603.1875,   -932.7245,    552.3839,  26182.1562,
       1,     169,     199,      19,       1,       3,       1,     10.0000,      1.4064,     42.6928,    250.1771,     62.9599,      3.4953,      0.0752,      0.0424,     33.7366,      0.1666,      5.6192,     11.2385,      1.4724,     29.0668,     58.1336,      0.0194,      0.0049,      0.0833,      0.2079,   7854.6470,-473474.5000,   -936.9377,    550.9438,  26182.1562,
       1,     169,     199,      20,       1,       3,       1,     10.0000,      1.4064,     42.6928,    250.1771,     62.9599,      3.4953,      0.0213,     -0.0114,      2.9477,      0.1635,      5.6192,     11.2385,      1.4447,     29.0668,     58.1336,      0.0194,      0.0039,      0.0092,      0.2078,   7854.6470,-465154.7500,   -935.4246,    551.5187,  26182.1562,
       1,     169,     199,      21,       1,       3,       1,     10.0000,      1.4064,     42.6928,    250.1771,     62.9599,      3.4953,      0.0001,     -0.0325,      3.7419,      0.1598,      5.6192,     11.2385,      1.4117,     29.0668,     58.1336,      0.0194,      0.0029,      0.0156,      0.2079,   7854.6470,-426775.1875,   -927.9074,    554.1649,  26182.1543,
       1,     169,     199,      22,       1,       3,       1,     10.0000,      1.4064,     42.6928,    250.1771,     62.9599,      3.4953,      0.0000,     -0.0327,      1.7858,      0.1630,      5.6192,     11.2385,      1.4403,     29.0668,     58.1336,      0.0194,      0.0014,      0.0156,      0.2079,   7854.6465,-424517.0938,   -927.4545,    554.3276,  26182.1562,
       1,     169,     199,      23,       1,       3,       1,     10.0000,      1.4064,     42.6928,    250.1771,     62.9599,      3.4953,      0.0000,     -0.0326,      1.2172,      0.1601,      5.6192,     11.2385,      1.4146,     29.0668,     58.1336,      0.0194,      0.0010,      0.0156,      0.2079,   7854.6470,-421925.6875,   -926.9427,    554.5072,  26182.1562,
       1,     169,     199,      24,       1,       3,       1,     10.0000,      1.4064,     42.6928,    250.1771,     62.9599,      3.4953,      0.0000,     -0.0324,      1.4124,      0.1561,      5.6192,     11.2385,      1.3795,     29.0668,     58.1336,      0.0194,      0.0011,      0.0156,      0.2079,   7854.6470,-421010.7500,   -927.0826,    554.5707,  26182.1562,
       1,     169,     200,       1,       1,       3,       1,     10.0000,      1.4064,     42.6931,    250.1830,     62.9614,      3.4953,      0.0000,     -0.0324,      1.2398,      0.1538,      5.6202,     11.2403,      1.3589,     29.0561,     58.1121,      0.0194,      0.0010,      0.0156,      0.2079,   7854.6470,-421327.1250,   -927.4391,    554.5619,  26183.3301,
       1,     169,     200,       2,       1,       3,       1,     10.0000,      1.4064,     42.6931,    250.1830,     62.9614,      3.4953,      0.0000,     -0.0323,      1.0365,      0.1507,      5.6202,     11.2403,      1.3318,     29.0561,     58.1121,      0.0194,      0.0008,      0.0156,      0.2079,   7854.9995,-420990.0938,   -917.3036,    554.5852,  26183.3262,
       1,     169,     200,       3,       1,       3,       1,     10.0000,      1.4064,     42.6931,    250.1830,     62.9614,      3.4953,      0.0000,     -0.0323,      1.2157,      0.1507,      5.6202,     11.2403,      1.3318,     29.0561,     58.1121,      0.0194,      0.0009,      0.0156,      0.2079,   7854.9980,-420713.5938,   -917.3167,    554.6044,  26183.3281,
       1,     169,     200,       4,       1,       3,       1,     10.0000,      1.4064,     42.6931,    250.1830,     62.9614,      3.4953,      0.0000,     -0.0323,      0.9311,      0.1510,      5.6202,     11.2403,      1.3345,     29.0561,     58.1121,      0.0194,      0.0007,      0.0156,      0.2079,   7854.9985,-420908.8750,   -917.4223,    554.5909,  26183.3281,
       1,     169,     200,       5,       1,       3,       1,     10.0000,      1.4064,     42.6931,    250.1830,     62.9614,      3.4953,      0.0000,     -0.0323,      0.5220,      0.1512,      5.6202,     11.2403,      1.3358,     29.0561,     58.1121,      0.0194,      0.0004,      0.0156,      0.2079,   7854.9985,-420577.3750,   -917.3914,    554.6138,  26183.3281,
       1,     169,     200,       6,       1,       3,       1,     10.0000,      1.4064,     42.6931,    250.1830,     62.9614,      3.4953,      0.0000,     -0.0322,      0.4201,      0.1494,      5.6202,     11.2403,      1.3198,     29.0561,     58.1121,      0.0194,      0.0003,      0.0156,      0.2079,   7854.9985,-420049.0625,   -917.3027,    554.6505,  26183.3262,
       1,     169,     200,       7,       1,       3,       1,     10.0000,      1.4064,     42.6931,    250.1830,     62.9614,      3.4953,      0.0000,     -0.0322,      0.4112,      0.1482,      5.6202,     11.2403,      1.3092,     29.0561,     58.1121,      0.0194,      0.0003,      0.0156,      0.2079,   7854.9980,-419880.0938,   -917.2769,    554.6622,  26183.3281,
       1,     169,     200,       8,       1,       3,       1,     10.0000,      1.4064,     42.6931,    250.1830,     62.9614,      3.4953,      0.0045,     -0.0277,      0.3662,      0.1482,      5.6202,     11.2403,      1.3092,     29.0561,     58.1121,      0.0194,      0.0003,      0.0156,      0.2079,   7854.9985,-419854.4062,   -917.2754,    554.6640,  26183.3281,
       1,     169,     200,       9,       1,       3,       1,     10.0000,      1.4064,     42.6931,    250.1830,     62.9614,      3.4953,      0.0523,      0.0201,      1.2537,      0.1473,      5.6202,     11.2403,      1.3013,     29.0561,     58.1121,      0.0194,      0.0003,      0.0546,      0.2079,   7854.9985,-419797.2188,   -912.0706,    554.6680,  26183.3262,
       1,     169,     200,      10,       1,       3,       1,     10.0000,      1.4064,     42.6931,    250.1830,     62.9614,      3.4953,      0.0373,      0.0053,      0.7354,      0.1424,      5.6202,     11.2403,      1.2587,     29.0561,     58.1121,      0.0194,      0.0003,      0.0333,      0.2079,   7854.9980,-420877.8750,   -910.4176,    554.5930,  26183.3281,
       1,     169,     200,      11,       1,       3,       1,     10.0000,      1.4064,     42.6931,    250.1830,     62.9614,      3.4953,      0.1327,      0.1013,      3.3049,      0.1273,      5.6202,     11.2403,      1.1246,     29.0561,     58.1121,      0.0194,      0.0002,      0.1700,      0.2079,   7854.9985,-420335.5000,   -910.2973,    554.6306,  26183.3281,
       1,     169,     200,      12,       1,       3,       1,     10.0000,      1.4064,     42.6931,    250.1830,     62.9614,      3.4953,      0.1888,      0.1571,      5.2171,      0.1354,      5.6202,     11.2403,      1.1965,     29.0561,     58.1121,      0.0194,      0.0003,      0.2500,      0.2079,   7854.9985,-423431.3125,   -911.1681,    554.4160,  26183.3301,
       1,     169,     200,      13,       1,       3,       1,     10.0000,      1.4064,     42.6931,    250.1830,     62.9614,      3.4953,      0.1743,      0.1424,      5.0539,      0.1420,      5.6202,     11.2403,      1.2549,     29.0561,     58.1121,      0.0194,      0.0003,      0.2293,      0.2079,   7854.9995,-426031.7188,   -912.9641,    554.2358,  26183.3281,
       1,     169,     200,      14,       1,       3,       1,     10.0000,      1.4064,     42.6931,    250.1830,     62.9614,      3.4953,      0.1886,      0.1559,      6.5484,      0.1651,      5.6202,     11.2403,      1.4592,     29.0561,     58.1121,      0.0194,      0.0003,      0.2500,      0.2079,   7854.9985,-426052.7812,   -912.0361,    554.2344,  26183.3301,
       1,     169,     200,      15,       1,       3,       1,     10.0000,      1.4064,     42.6931,    250.1830,     62.9614,      3.4953,      0.1887,      0.1552,      9.0606,      0.1889,      5.6202,     11.2403,      1.6693,     29.0561,     58.1121,      0.0194,      0.0004,      0.2500,      0.2079,   7854.9995,-427881.7812,   -913.8816,    554.1077,  26183.3301,
       1,     169,     200,      16,       1,       3,       1,     10.0000,      1.4064,     42.6931,    250.1830,     62.9614,      3.4953,      0.1891,      0.1553,     14.7199,      0.1960,      5.6202,     11.2403,      1.7316,     29.0561,     58.1121,      0.0194,      0.0007,      0.2500,      0.2079,   7854.9995,-431108.7812,   -916.4870,    553.8842,  26183.3281,
       1,     169,     200,      17,       1,       3,       1,     10.0000,      1.4064,     42.6931,    250.1830,     62.9614,      3.4953,      0.1813,      0.1471,     12.1058,      0.2129,      5.6202,     11.2403,      1.8813,     29.0561,     58.1121,      0.0194,      0.0006,      0.2392,      0.2079,   7854.9985,-438303.3125,   -919.2171,    553.3861,  26183.3281,
       1,     169,     200,      18,       1,       3,       1,     10.0000,      1.4064,     42.6931,    250.1830,     62.9614,      3.4953,      0.1116,      0.0776,      8.3151,      0.2053,      5.6202,     11.2403,      1.8139,     29.0561,     58.1121,      0.0194,      0.0007,      0.1383,      0.2079,   7854.9985,-435716.2188,   -919.8297,    553.5653,  26183.3301,
       1,     169,     200,      19,       1,       3,       1,     10.0000,      1.4064,     42.6931,    250.1830,     62.9614,      3.4953,      0.0400,      0.0061,      7.2190,      0.1999,      5.6202,     11.2403,      1.7662,     29.0561,     58.1121,      0.0194,      0.0026,      0.0344,      0.2079,   7854.9995,-430860.7188,   -919.4204,    553.9012,  26183.3281,
       1,     169,     200,      20,       1,       3,       1,     10.0000,      1.4064,     42.6931,    250.1830,     62.9614,      3.4953,      0.0165,     -0.0163,      0.8088,      0.1675,      5.6202,     11.2403,      1.4798,     29.0561,     58.1121,      0.0194,      0.0041,      0.0024,      0.2079,   7854.9985,-429109.6875,   -919.3597,    554.0227,  26183.3281,
       1,     169,     200,      21,       1,       3,       1,     10.0000,      1.4064,     42.6931,    250.1830,     62.9614,      3.4953,      0.0001,     -0.0324,      5.5684,      0.1552,      5.6202,     11.2403,      1.3712,     29.0561,     58.1121,      0.0194,      0.0043,      0.0156,      0.2079,   7854.9985,-421122.3438,   -918.1719,    554.5759,  26183.3281,
       1,     169,     200,      22,       1,       3,       1,     10.0000,      1.4064,     42.6931,    250.1830,     62.9614,      3.4953,      0.0000,     -0.0324,      7.7953,      0.1561,      5.6202,     11.2403,      1.3795,     29.0561,     58.1121,      0.0194,      0.0061,      0.0156,      0.2079,   7854.9985,-426265.8125,   -919.2723,    554.2195,  26183.3281,
       1,     169,     200,      23,       1,       3,       1,     10.0000,      1.4064,     42.6931,    250.1830,     62.9614,      3.4953,      0.0000,     -0.0324,      6.1992,      0.1544,      5.6202,     11.2403,      1.3644,     29.0561,     58.1121,      0.0194,      0.0048,      0.0156,      0.2079,   7854.9985,-429424.9062,   -920.1602,    554.0007,  26183.3281,
       1,     169,     200,      24,       1,       3,       1,     10.0000,      1.4064,     42.6931,    250.1830,     62.9614,      3.4953,      0.0000,     -0.0321,      6.1588,      0.1459,      5.6202,     11.2403,      1.2895,     29.0561,     58.1121,      0.0194,      0.0048,      0.0156,      0.2079,   7854.9985,-427740.7812,   -920.1920,    554.1174,  26183.3281,
       1,     169,     201,       1,       1,       3,       1,     10.0000,      1.4064,     42.6935,    250.1888,     62.9629,      3.4953,      0.0000,     -0.0320,      3.7671,      0.1427,      5.6196,     11.2393,      1.2612,     29.0532,     58.1064,      0.0194,      0.0029,      0.0156,      0.2079,   7854.9985,-427703.6562,   -920.7434,    554.1331,  26184.5039,
       1,     169,     201,       2,       1,       3,       1,     10.0000,      1.4064,     42.6935,    250.1888,     62.9629,      3.4953,      0.0000,     -0.0320,      1.8648,      0.1443,      5.6196,     11.2393,      1.2753,     29.0532,     58.1064,      0.0194,      0.0015,      0.0156,      0.2079,   7855.3516,-424623.2500,   -920.1039,    554.3465,  26184.5039,
       1,     169,     201,       3,       1,       3,       1,     10.0000,      1.4064,     42.6935,    250.1888,     62.9629,      3.4953,      0.0000,     -0.0320,      1.3485,      0.1432,      5.6196,     11.2393,      1.2651,     29.0532,     58.1064,      0.0194,      0.0011,      0.0156,      0.2079,   7855.3516,-422036.5312,   -919.6863,    554.5258,  26184.5059,
       1,     169,     201,       4,       1,       3,       1,     10.0000,      1.4064,     42.6935,    250.1888,     62.9629,      3.4953,      0.0000,     -0.0319,      0.6576,      0.1417,      5.6196,     11.2393,      1.2523,     29.0532,     58.1064,      0.0194,      0.0005,      0.0156,      0.2080,   7855.3521,-421185.8438,   -919.5637,    554.5847,  26184.5039,
       1,     169,     201,       5,       1,       3,       1,     10.0000,      1.4064,     42.6935,    250.1888,     62.9629,      3.4953,      0.0000,     -0.0319,      0.4443,      0.1412,      5.6196,     11.2393,      1.2473,     29.0532,     58.1064,      0.0194,      0.0003,      0.0156,      0.2080,   7855.3516,-420269.4062,   -919.4121,    554.6483,  26184.5020,
       1,     169,     201,       6,       1,       3,       1,     10.0000,      1.4064,     42.6935,    250.1888,     62.9629,      3.4953,      0.0000,     -0.0320,      0.3557,      0.1426,      5.6196,     11.2393,      1.2600,     29.0532,     58.1064,      0.0194,      0.0003,      0.0156,      0.2080,   7855.3511,-419931.0625,   -919.3554,    554.6717,  26184.5039,
       1,     169,     201,       7,       1,       3,       1,     10.0000,      1.4064,     42.6935,    250.1888,     62.9629,      3.4953,      0.0000,     -0.0319,      0.3414,      0.1412,      5.6196,     11.2393,      1.2473,     29.0532,     58.1064,      0.0194,      0.0003,      0.0156,      0.2080,   7855.3516,-419793.9688,   -919.3319,    554.6813,  26184.5039,
       1,     169,     201,       8,       1,       3,       1,     10.0000,      1.4064,     42.6935,    250.1888,     62.9629,      3.4953,      0.0075,     -0.0243,      0.3359,      0.1392,      5.6196,     11.2393,      1.2297,     29.0532,     58.1064,      0.0194,      0.0003,      0.0156,      0.2080,   7855.3516,-419764.7812,   -919.3283,    554.6833,  26184.5039,
       1,     169,     201,       9,       1,       3,       1,     10.0000,      1.4064,     42.6935,    250.1888,     62.9629,      3.4953,      0.0797,      0.0475,      2.4511,      0.1506,      5.6196,     11.2393,      1.3305,     29.0532,     58.1064,      0.0194,      0.0003,      0.0938,      0.2080,   7855.3516,-419755.5000,   -919.3423,    554.6840,  26184.5039,
       1,     169,     201,      10,       1,       3,       1,     10.0000,      1.4064,     42.6935,    250.1888,     62.9629,      3.4953,      0.1183,      0.0854,      4.7216,      0.1712,      5.6196,     11.2393,      1.5127,     29.0532,     58.1064,      0.0194,      0.0004,      0.1488,      0.2080,   7855.3516,-422340.6250,   -919.9958,    554.5047,  26184.5020,
       1,     169,     201,      11,       1,       3,       1,     10.0000,      1.4064,     42.6935,    250.1888,     62.9629,      3.4953,      0.1428,      0.1088,      7.1165,      0.2051,      5.6196,     11.2393,      1.8122,     29.0532,     58.1064,      0.0194,      0.0005,      0.1838,      0.2079,   7855.3511,-425336.0312,   -920.8027,    554.2971,  26184.5039,
       1,     169,     201,      12,       1,       3,       1,     10.0000,      1.4064,     42.6935,    250.1888,     62.9629,      3.4953,      0.1511,      0.1170,      9.8701,      0.2071,      5.6196,     11.2393,      1.8302,     29.0532,     58.1064,      0.0194,      0.0006,      0.1954,      0.2079,   7855.3516,-428517.8438,   -921.7377,    554.0767,  26184.5039,
       1,     169,     201,      13,       1,       3,       1,     10.0000,      1.4064,     42.6935,    250.1888,     62.9629,      3.4953,      0.1490,      0.1144,      8.5487,      0.2285,      5.6196,     11.2393,      2.0191,     29.0532,     58.1064,      0.0194,      0.0005,      0.1926,      0.2079,   7855.3516,-432154.3438,   -922.7418,    553.8248,  26184.5039,
       1,     169,     201,      14,       1,       3,       1,     10.0000,      1.4064,     42.6935,    250.1888,     62.9629,      3.4953,      0.1781,      0.1430,     15.5634,      0.2447,      5.6196,     11.2393,      2.1620,     29.0532,     58.1064,      0.0194,      0.0008,      0.2342,      0.2079,   7855.3516,-430846.7812,   -922.7659,    553.9154,  26184.5039,
       1,     169,     201,      15,       1,       3,       1,     10.0000,      1.4064,     42.6935,    250.1888,     62.9629,      3.4953,      0.1762,      0.1409,     40.4514,      0.2532,      5.6196,     11.2393,      2.2370,     29.0532,     58.1064,      0.0194,      0.0022,      0.2287,      0.2079,   7855.3516,-439313.1562,   -924.9464,    553.3292,  26184.5039,
       1,     169,     201,      16,       1,       3,       1,     10.0000,      1.4064,     42.6935,    250.1888,     62.9629,      3.4953,      0.1324,      0.0973,     57.1500,      0.2451,      5.6196,     11.2393,      2.1663,     29.0532,     58.1064,      0.0194,      0.0043,      0.1628,      0.2079,   7855.3516,-470466.3750,   -931.4583,    551.1748,  26184.5039,
       1,     169,     201,      17,       1,       3,       1,     10.0000,      1.4064,     42.6935,    250.1888,     62.9629,      3.4953,      0.1775,      0.1426,     88.6870,      0.2367,      5.6196,     11.2393,      2.0915,     29.0532,     58.1064,      0.0194,      0.0048,      0.2250,      0.2079,   7855.3516,-493544.0625,   -936.3461,    549.5890,  26184.5039,
       1,     169,     201,      18,       1,       3,       1,     10.0000,      1.4064,     42.6935,    250.1888,     62.9629,      3.4953,      0.0981,      0.0631,     59.8590,      0.2397,      5.6196,     11.2393,      2.1182,     29.0532,     58.1064,      0.0194,      0.0065,      0.1122,      0.2079,   7855.3516,-534093.6250,   -944.8411,    546.8055,  26184.5039,
       1,     169,     201,      19,       1,       3,       1,     10.0000,      1.4064,     42.6935,    250.1888,     62.9629,      3.4953,      0.0424,      0.0084,     18.2018,      0.2039,      5.6196,     11.2393,      1.8015,     29.0532,     58.1064,      0.0194,      0.0061,      0.0366,      0.2078,   7855.3516,-502231.1875,   -939.3386,    548.9905,  26184.5039,
       1,     169,     201,      20,       1,       3,       1,     10.0000,      1.4064,     42.6935,    250.1888,     62.9629,      3.4953,      0.0146,     -0.0189,      8.6247,      0.1887,      5.6196,     11.2393,      1.6677,     29.0532,     58.1064,      0.0194,      0.0067,      0.0156,      0.2079,   7855.3516,-448556.9688,   -929.3813,    552.6781,  26184.5039,
       1,     169,     201,      21,       1,       3,       1,     10.0000,      1.4064,     42.6935,    250.1888,     62.9629,      3.4953,      0.0000,     -0.0331,      7.7063,      0.1773,      5.6196,     11.2393,      1.5665,     29.0532,     58.1064,      0.0194,      0.0060,      0.0156,      0.2079,   7855.3516,-432341.2500,   -926.4350,    553.8107,  26184.5020,
       1,     169,     201,      22,       1,       3,       1,     10.0000,      1.4064,     42.6935,    250.1888,     62.9629,      3.4953,      0.0000,     -0.0330,      7.4057,      0.1729,      5.6196,     11.2393,      1.5279,     29.0532,     58.1064,      0.0194,      0.0058,      0.0156,      0.2079,   7855.3511,-429834.1875,   -926.0573,    553.9855,  26184.5039,
       1,     169,     201,      23,       1,       3,       1,     10.0000,      1.4064,     42.6935,    250.1888,     62.9629,      3.4953,      0.0000,     -0.0330,      6.8259,      0.1729,      5.6196,     11.2393,      1.5279,     29.0532,     58.1064,      0.0194,      0.0053,      0.0156,      0.2079,   7855.3516,-429252.6250,   -926.0316,    554.0259,  26184.5059,
       1,     169,     201,      24,       1,       3,       1,     10.0000,      1.4064,     42.6935,    250.1888,     62.9629,      3.4953,      0.0000,     -0.0329,      5.1580,      0.1686,      5.6196,     11.2393,      1.4902,     29.0532,     58.1064,      0.0194,      0.0040,      0.0156,      0.2079,   7855.3521,-428494.1250,   -925.9482,    554.0784,  26184.5059,
       1,     169,     202,       1,       1,       3,       1,     10.0000,      1.4065,     42.6938,    250.1948,     62.9644,      3.4953,      0.0000,     -0.0326,      4.2092,      0.1612,      5.6196,     11.2392,      1.4246,     29.0491,     58.0982,      0.0194,      0.0033,      0.0156,      0.2080,   7855.3521,-426545.5625,   -925.8895,    554.2264,  26185.6777,
       1,     169,     202,       2,       1,       3,       1,     10.0000,      1.4065,     42.6938,    250.1948,     62.9644,      3.4953,      0.0000,     -0.0326,      2.9351,      0.1601,      5.6196,     11.2392,      1.4147,     29.0491,     58.0982,      0.0194,      0.0023,      0.0156,      0.2080,   7855.7036,-425068.0938,   -925.3650,    554.3288,  26185.6777,
       1,     169,     202,       3,       1,       3,       1,     10.0000,      1.4065,     42.6938,    250.1948,     62.9644,      3.4953,      0.0000,     -0.0325,      2.5817,      0.1582,      5.6196,     11.2392,      1.3977,     29.0491,     58.0982,      0.0194,      0.0020,      0.0156,      0.2080,   7855.7036,-423385.3125,   -925.0626,    554.4454,  26185.6758,
       1,     169,     202,       4,       1,       3,       1,     10.0000,      1.4065,     42.6938,    250.1948,     62.9644,      3.4953,      0.0000,     -0.0324,      2.3871,      0.1561,      5.6196,     11.2392,      1.3796,     29.0491,     58.0982,      0.0194,      0.0019,      0.0156,      0.2080,   7855.7031,-422810.8438,   -924.9706,    554.4852,  26185.6777,
       1,     169,     202,       5,       1,       3,       1,     10.0000,      1.4065,     42.6938,    250.1948,     62.9644,      3.4953,      0.0000,     -0.0321,      1.8530,      0.1459,      5.6196,     11.2392,      1.2896,     29.0491,     58.0982,      0.0194,      0.0014,      0.0156,      0.2080,   7855.7036,-422524.2188,   -910.7407,    554.5051,  26185.6777,
       1,     169,     202,       6,       1,       3,       1,     10.0000,      1.4065,     42.6938,    250.1948,     62.9644,      3.4953,      0.0000,     -0.0315,      0.9587,      0.1319,      5.6196,     11.2392,      1.1654,     29.0491,     58.0982,      0.0194,      0.0007,      0.0156,      0.2080,   7855.7036,-421846.9688,   -910.6464,    554.5520,  26185.6777,
       1,     169,     202,       7,       1,       3,       1,     10.0000,      1.4065,     42.6938,    250.1948,     62.9644,      3.4953,      0.0000,     -0.0314,      0.6281,      0.1291,      5.6196,     11.2392,      1.1408,     29.0491,     58.0982,      0.0194,      0.0005,      0.0156,      0.2080,   7855.7036,-420696.3125,   -910.3416,    554.6318,  26185.6777,
       1,     169,     202,       8,       1,       3,       1,     10.0000,      1.4065,     42.6938,    250.1948,     62.9644,      3.4953,      0.0026,     -0.0289,      0.5992,      0.1304,      5.6196,     11.2392,      1.1525,     29.0491,     58.0982,      0.0194,      0.0005,      0.0156,      0.2080,   7855.7036,-420194.6875,   -910.2897,    554.6665,  26185.6777,
       1,     169,     202,       9,       1,       3,       1,     10.0000,      1.4065,     42.6938,    250.1948,     62.9644,      3.4953,      0.0208,     -0.0112,      0.3309,      0.1426,      5.6196,     11.2392,      1.2600,     29.0491,     58.0982,      0.0194,      0.0004,      0.0096,      0.2080,   7855.7036,-420117.0000,   -910.3200,    554.6719,  26185.6777,
       1,     169,     202,      10,       1,       3,       1,     10.0000,      1.4065,     42.6938,    250.1948,     62.9644,      3.4953,      0.0958,      0.0631,      3.2741,      0.1637,      5.6196,     11.2392,      1.4462,     29.0491,     58.0982,      0.0194,      0.0003,      0.1166,      0.2080,   7855.7036,-419782.2812,   -910.3793,    554.6951,  26185.6777,
       1,     169,     202,      11,       1,       3,       1,     10.0000,      1.4065,     42.6938,    250.1948,     62.9644,      3.4953,      0.0935,      0.0598,      3.5395,      0.1935,      5.6196,     11.2392,      1.7096,     29.0491,     58.0982,      0.0194,      0.0004,      0.1127,      0.2080,   7855.7036,-423351.7188,   -911.5040,    554.4477,  26185.6777,
       1,     169,     202,      12,       1,       3,       1,     10.0000,      1.4065,     42.6938,    250.1948,     62.9644,      3.4953,      0.1304,      0.0960,      6.3294,      0.2182,      5.6196,     11.2392,      1.9282,     29.0491,     58.0982,      0.0194,      0.0005,      0.1657,      0.2080,   7855.7036,-423978.7500,   -912.0516,    554.4042,  26185.6777,
       1,     169,     202,      13,       1,       3,       1,     10.0000,      1.4065,     42.6938,    250.1948,     62.9644,      3.4953,      0.1559,      0.1213,      8.1370,      0.2292,      5.6196,     11.2392,      2.0251,     29.0491,     58.0982,      0.0194,      0.0005,      0.2027,      0.2080,   7855.7036,-427442.5000,   -913.2957,    554.1642,  26185.6758,
       1,     169,     202,      14,       1,       3,       1,     10.0000,      1.4065,     42.6938,    250.1948,     62.9644,      3.4953,      0.1463,      0.1120,      8.8382,      0.2150,      5.6196,     11.2392,      1.9000,     29.0491,     58.0982,      0.0194,      0.0006,      0.1886,      0.2080,   7855.7031,-429946.1875,   -914.4932,    553.9909,  26185.6758,
       1,     169,     202,      15,       1,       3,       1,     10.0000,      1.4065,     42.6938,    250.1948,     62.9644,      3.4953,      0.1897,      0.1568,     25.1041,      0.1683,      5.6196,     11.2392,      1.4873,     29.0491,     58.0982,      0.0194,      0.0012,      0.2494,      0.2080,   7855.7031,-431015.4375,   -915.1954,    553.9169,  26185.6777,
       1,     169,     202,      16,       1,       3,       1,     10.0000,      1.4065,     42.6938,    250.1948,     62.9644,      3.4953,      0.1742,      0.1420,     44.8185,      0.1486,      5.6196,     11.2392,      1.3132,     29.0491,     58.0982,      0.0194,      0.0024,      0.2246,      0.2080,   7855.7036,-450992.5625,   -917.1849,    552.5336,  26185.6758,
       1,     169,     202,      17,       1,       3,       1,     10.0000,      1.4065,     42.6938,    250.1948,     62.9644,      3.4953,      0.1800,      0.1476,     66.3590,      0.1549,      5.6196,     11.2392,      1.3686,     29.0491,     58.0982,      0.0194,      0.0035,      0.2306,      0.2080,   7855.7031,-476798.9375,   -921.7980,    550.7530,  26185.6777,
       1,     169,     202,      18,       1,       3,       1,     10.0000,      1.4065,     42.6938,    250.1948,     62.9644,      3.4953,      0.1784,      0.1455,     79.2801,      0.1700,      5.6196,     11.2392,      1.5022,     29.0491,     58.0982,      0.0194,      0.0043,      0.2270,      0.2079,   7855.7036,-505340.5312,   -927.3273,    548.7910,  26185.6797,
       1,     169,     202,      19,       1,       3,       1,     10.0000,      1.4065,     42.6938,    250.1948,     62.9644,      3.4953,      0.1464,      0.1134,     63.5742,      0.1748,      5.6196,     11.2392,      1.5448,     29.0491,     58.0982,      0.0194,      0.0042,      0.1826,      0.2079,   7855.7041,-523573.1562,   -932.6143,    547.5438,  26185.6758,
       1,     169,     202,      20,       1,       3,       1,     10.0000,      1.4065,     42.6938,    250.1948,     62.9644,      3.4953,      0.0524,      0.0194,      6.7442,      0.1731,      5.6196,     11.2392,      1.5295,     29.0491,     58.0982,      0.0194,      0.0015,      0.0533,      0.2079,   7855.7031,-505883.3438,   -930.7950,    548.7559,  26185.6777,
       1,     169,     202,      21,       1,       3,       1,     10.0000,      1.4065,     42.6938,    250.1948,     62.9644,      3.4953,      0.0001,     -0.0327,      0.7845,      0.1666,      5.6196,     11.2392,      1.4725,     29.0491,     58.0982,      0.0194,      0.0006,      0.0156,      0.2079,   7855.7036,-434834.3438,   -918.1580,    553.6308,  26185.6777,
       1,     169,     202,      22,       1,       3,       1,     10.0000,      1.4065,     42.6938,    250.1948,     62.9644,      3.4953,      0.0000,     -0.0328,      0.5927,      0.1661,      5.6196,     11.2392,      1.4681,     29.0491,     58.0982,      0.0194,      0.0005,      0.0156,      0.2080,   7855.7036,-421608.6562,   -915.7830,    554.5677,  26185.6777,
       1,     169,     202,      23,       1,       3,       1,     10.0000,      1.4065,     42.6938,    250.1948,     62.9644,      3.4953,      0.0000,     -0.0326,      0.9535,      0.1617,      5.6196,     11.2392,      1.4289,     29.0491,     58.0982,      0.0194,      0.0007,      0.0156,      0.2080,   7855.7036,-420229.6562,   -915.5529,    554.6641,  26185.6777,
       1,     169,     202,      24,       1,       3,       1,     10.0000,      1.4065,     42.6938,    250.1948,     62.9644,      3.4953,      0.0000,     -0.0326,      1.5636,      0.1601,      5.6196,     11.2392,      1.4147,     29.0491,     58.0982,      0.0194,      0.0012,      0.0156,      0.2080,   7855.7036,-420553.0938,   -915.6783,    554.6417,  26185.6777,
       1,     169,     203,       1,       1,       3,       1,     10.0000,      1.4065,     42.6941,    250.2006,     62.9658,      3.4953,      0.0000,     -0.0325,      2.6669,      0.1587,      5.6200,     11.2400,      1.4020,     29.0477,     58.0953,      0.0194,      0.0021,      0.0156,      0.2080,   7855.7036,-421481.8438,   -913.6919,    554.5906,  26186.8496,
       1,     169,     203,       2,       1,       3,       1,     10.0000,      1.4065,     42.6941,    250.2006,     62.9658,      3.4953,      0.0000,     -0.0324,      2.1746,      0.1550,      5.6200,     11.2400,      1.3700,     29.0477,     58.0953,      0.0194,      0.0017,      0.0156,      0.2080,   7856.0552,-422756.3125,   -913.9637,    554.5021,  26186.8516,
       1,     169,     203,       3,       1,       3,       1,     10.0000,      1.4065,     42.6941,    250.2006,     62.9658,      3.4953,      0.0000,     -0.0327,      1.5054,      0.1625,      5.6200,     11.2400,      1.4361,     29.0477,     58.0953,      0.0194,      0.0012,      0.0156,      0.2080,   7856.0557,-422262.5938,   -914.0508,    554.5364,  26186.8516,
       1,     169,     203,       4,       1,       3,       1,     10.0000,      1.4065,     42.6941,    250.2006,     62.9658,      3.4953,      0.0000,     -0.0326,      1.9208,      0.1614,      5.6200,     11.2400,      1.4261,     29.0477,     58.0953,      0.0194,      0.0015,      0.0156,      0.2080,   7856.0557,-421402.5625,   -914.0397,    554.5959,  26186.8496,
       1,     169,     203,       5,       1,       3,       1,     10.0000,      1.4065,     42.6941,    250.2006,     62.9658,      3.4953,      0.0000,     -0.0326,      1.7558,      0.1606,      5.6200,     11.2400,      1.4190,     29.0477,     58.0953,      0.0194,      0.0014,      0.0156,      0.2080,   7856.0552,-421837.8125,   -914.3228,    554.5659,  26186.8535,
       1,     169,     203,       6,       1,       3,       1,     10.0000,      1.4065,     42.6941,    250.2006,     62.9658,      3.4953,      0.0000,     -0.0323,      1.4228,      0.1509,      5.6200,     11.2400,      1.3333,     29.0477,     58.0953,      0.0194,      0.0011,      0.0156,      0.2080,   7856.0562,-421672.6250,   -914.4627,    554.5773,  26186.8516,
       1,     169,     203,       7,       1,       3,       1,     10.0000,      1.4065,     42.6941,    250.2006,     62.9658,      3.4953,      0.0000,     -0.0320,      0.7446,      0.1439,      5.6200,     11.2400,      1.2715,     29.0477,     58.0953,      0.0194,      0.0006,      0.0156,      0.2080,   7856.0557,-421251.6875,   -914.4839,    554.6065,  26186.8535,
       1,     169,     203,       8,       1,       3,       1,     10.0000,      1.4065,     42.6941,    250.2006,     62.9658,      3.4953,      0.0098,     -0.0220,      0.9093,      0.1381,      5.6200,     11.2400,      1.2199,     29.0477,     58.0953,      0.0194,      0.0007,      0.0156,      0.2080,   7856.0562,-420386.7812,   -914.3680,    554.6664,  26186.8516,
       1,     169,     203,       9,       1,       3,       1,     10.0000,      1.4065,     42.6941,    250.2006,     62.9658,      3.4953,      0.1196,      0.0871,     10.1114,      0.1580,      5.6200,     11.2400,      1.3964,     29.0477,     58.0953,      0.0194,      0.0008,      0.1501,      0.2080,   7856.0557,-420515.1250,   -914.4752,    554.6576,  26186.8535,
       1,     169,     203,      10,       1,       3,       1,     10.0000,      1.4065,     42.6941,    250.2006,     62.9658,      3.4953,      0.1531,      0.1199,     16.3881,      0.1783,      5.6200,     11.2400,      1.5759,     29.0477,     58.0953,      0.0194,      0.0010,      0.1976,      0.2080,   7856.0562,-431773.2500,   -917.0876,    553.8770,  26186.8516,
       1,     169,     203,      11,       1,       3,       1,     10.0000,      1.4065,     42.6941,    250.2006,     62.9658,      3.4953,      0.1734,      0.1390,     18.1028,      0.2176,      5.6200,     11.2400,      1.9226,     29.0477,     58.0953,      0.0194,      0.0010,      0.2270,      0.2080,   7856.0557,-440401.8750,   -919.6396,    553.2802,  26186.8535,
       1,     169,     203,      12,       1,       3,       1,     10.0000,      1.4065,     42.6941,    250.2006,     62.9658,      3.4953,      0.1873,      0.1523,     29.9785,      0.2435,      5.6200,     11.2400,      2.1516,     29.0477,     58.0953,      0.0194,      0.0015,      0.2462,      0.2080,   7856.0562,-443228.9688,   -921.3227,    553.0850,  26186.8496,
       1,     169,     203,      13,       1,       3,       1,     10.0000,      1.4065,     42.6941,    250.2006,     62.9658,      3.4953,      0.1891,      0.1544,     24.3716,      0.2292,      5.6200,     11.2400,      2.0252,     29.0477,     58.0953,      0.0194,      0.0012,      0.2492,      0.2080,   7856.0552,-457988.3750,   -925.5022,    552.0646,  26186.8535,
       1,     169,     203,      14,       1,       3,       1,     10.0000,      1.4065,     42.6941,    250.2006,     62.9658,      3.4953,      0.1561,      0.1220,     32.5583,      0.2075,      5.6200,     11.2400,      1.8339,     29.0477,     58.0953,      0.0194,      0.0020,      0.2001,      0.2080,   7856.0562,-452382.5312,   -921.9474,    552.4524,  26186.8516,
       1,     169,     203,      15,       1,       3,       1,     10.0000,      1.4065,     42.6941,    250.2006,     62.9658,      3.4953,      0.0475,      0.0143,      8.8405,      0.1794,      5.6200,     11.2400,      1.5854,     29.0477,     58.0953,      0.0194,      0.0024,      0.0457,      0.2080,   7856.0557,-461918.8438,   -918.9023,    551.7939,  26186.8516,
       1,     169,     203,      16,       1,       3,       1,     10.0000,      1.4065,     42.6941,    250.2006,     62.9658,      3.4953,      0.0683,      0.0354,     22.0629,      0.1700,      5.6200,     11.2400,      1.5023,     29.0477,     58.0953,      0.0194,      0.0036,      0.0746,      0.2080,   7856.0557,-433719.3438,   -913.1290,    553.7394,  26186.8516,
       1,     169,     203,      17,       1,       3,       1,     10.0000,      1.4065,     42.6941,    250.2006,     62.9658,      3.4953,      0.0923,      0.0598,     38.7282,      0.1579,      5.6200,     11.2400,      1.3950,     29.0477,     58.0953,      0.0194,      0.0044,      0.1075,      0.2080,   7856.0557,-447507.8438,   -915.9490,    552.7885,  26186.8516,
       1,     169,     203,      18,       1,       3,       1,     10.0000,      1.4065,     42.6941,    250.2006,     62.9658,      3.4953,      0.0717,      0.0394,     23.2956,      0.1536,      5.6200,     11.2400,      1.3576,     29.0477,     58.0953,      0.0194,      0.0036,      0.0798,      0.2080,   7856.0557,-469050.7500,   -920.1197,    551.3006,  26186.8516,
       1,     169,     203,      19,       1,       3,       1,     10.0000,      1.4065,     42.6941,    250.2006,     62.9658,      3.4953,      0.0642,      0.0321,     13.4350,      0.1462,      5.6200,     11.2400,      1.2922,     29.0477,     58.0953,      0.0194,      0.0023,      0.0703,      0.2080,   7856.0557,-452001.3438,   -916.7776,    552.4775,  26186.8516,
       1,     169,     203,      20,       1,       3,       1,     10.0000,      1.4065,     42.6941,    250.2006,     62.9658,      3.4953,      0.0297,     -0.0023,      2.0691,      0.1451,      5.6200,     11.2400,      1.2819,     29.0477,     58.0953,      0.0194,      0.0011,      0.0222,      0.2080,   7856.0557,-438503.5000,   -914.0508,    553.4110,  26186.8535,
       1,     169,     203,      21,       1,       3,       1,     10.0000,      1.4065,     42.6941,    250.2006,     62.9658,      3.4953,      0.0001,     -0.0319,      1.4092,      0.1448,      5.6200,     11.2400,      1.2793,     29.0477,     58.0953,      0.0194,      0.0011,      0.0156,      0.2080,   7856.0562,-423466.1562,   -910.9905,    554.4520,  26186.8516,
       1,     169,     203,      22,       1,       3,       1,     10.0000,      1.4065,     42.6941,    250.2006,     62.9658,      3.4953,      0.0000,     -0.0320,      0.5768,      0.1429,      5.6200,     11.2400,      1.2626,     29.0477,     58.0953,      0.0194,      0.0005,      0.0156,      0.2080,   7856.0557,-421388.2188,   -910.7366,    554.5970,  26186.8496,
       1,     169,     203,      23,       1,       3,       1,     10.0000,      1.4065,     42.6941,    250.2006,     62.9658,      3.4953,      0.0000,     -0.0319,      0.3963,      0.1414,      5.6200,     11.2400,      1.2499,     29.0477,     58.0953,      0.0194,      0.0003,      0.0156,      0.2080,   7856.0552,-420193.8125,   -910.5538,    554.6798,  26186.8516,
       1,     169,     203,      24,       1,       3,       1,     10.0000,      1.4065,     42.6941,    250.2006,     62.9658,      3.4953,      0.0000,     -0.0319,      0.3621,      0.1403,      5.6200,     11.2400,      1.2398,     29.0477,     58.0953,      0.0194,      0.0003,      0.0156,      0.2080,   7856.0557,-419871.7188,   -910.5045,    554.7021,  26186.8496,
       1,     169,     204,       1,       1,       3,       1,     10.0000,      1.4065,     42.6945,    250.2066,     62.9673,      3.4953,      0.0000,     -0.0318,      0.3355,      0.1390,      5.6202,     11.2404,      1.2286,     29.0412,     58.0824,      0.0194,      0.0003,      0.0156,      0.2080,   7856.0552,-419958.4062,   -910.7862,    554.7091,  26188.0254,
       1,     169,     204,       2,       1,       3,       1,     10.0000,      1.4065,     42.6945,    250.2066,     62.9673,      3.4953,      0.0000,     -0.0318,      0.3391,      0.1385,      5.6202,     11.2404,      1.2236,     29.0412,     58.0824,      0.0194,      0.0003,      0.0156,      0.2080,   7856.4077,-419780.4688,   -910.5001,    554.7215,  26188.0254,
       1,     169,     204,       3,       1,       3,       1,     10.0000,      1.4065,     42.6945,    250.2066,     62.9673,      3.4953,      0.0000,     -0.0317,      0.3706,      0.1371,      5.6202,     11.2404,      1.2113,     29.0412,     58.0824,      0.0194,      0.0003,      0.0156,      0.2080,   7856.4077,-419769.6250,   -910.5003,    554.7222,  26188.0234,
       1,     169,     204,       4,       1,       3,       1,     10.0000,      1.4065,     42.6945,    250.2066,     62.9673,      3.4953,      0.0000,     -0.0317,      0.3548,      0.1360,      5.6202,     11.2404,      1.2015,     29.0412,     58.0824,      0.0194,      0.0003,      0.0156,      0.2080,   7856.4072,-419807.4688,   -910.5142,    554.7196,  26188.0254,
       1,     169,     204,       5,       1,       3,       1,     10.0000,      1.4065,     42.6945,    250.2066,     62.9673,      3.4953,      0.0000,     -0.0318,      0.3680,      0.1379,      5.6202,     11.2404,      1.2187,     29.0412,     58.0824,      0.0194,      0.0003,      0.0156,      0.2080,   7856.4077,-419791.1250,   -910.5159,    554.7207,  26188.0254,
       1,     169,     204,       6,       1,       3,       1,     10.0000,      1.4065,     42.6945,    250.2066,     62.9673,      3.4953,      0.0000,     -0.0318,      0.4469,      0.1372,      5.6202,     11.2404,      1.2125,     29.0412,     58.0824,      0.0194,      0.0003,      0.0156,      0.2080,   7856.4077,-419805.9375,   -910.5243,    554.7197,  26188.0254,
       1,     169,     204,       7,       1,       3,       1,     10.0000,      1.4065,     42.6945,    250.2066,     62.9673,      3.4953,      0.0000,     -0.0317,      0.5209,      0.1367,      5.6202,     11.2404,      1.2076,     29.0412,     58.0824,      0.0194,      0.0004,      0.0156,      0.2080,   7856.4077,-419903.5938,   -910.5588,    554.7129,  26188.0254,
       1,     169,     204,       8,       1,       3,       1,     10.0000,      1.4065,     42.6945,    250.2066,     62.9673,      3.4953,      0.0067,     -0.0250,      0.5148,      0.1364,      5.6202,     11.2404,      1.2052,     29.0412,     58.0824,      0.0194,      0.0004,      0.0156,      0.2080,   7856.4077,-420002.3438,   -910.5966,    554.7061,  26188.0254,
       1,     169,     204,       9,       1,       3,       1,     10.0000,      1.4065,     42.6945,    250.2066,     62.9673,      3.4953,      0.0573,      0.0254,      2.0406,      0.1422,      5.6202,     11.2404,      1.2562,     29.0412,     58.0824,      0.0194,      0.0004,      0.0618,      0.2080,   7856.4077,-420003.2812,   -910.6431,    554.7060,  26188.0254,
       1,     169,     204,      10,       1,       3,       1,     10.0000,      1.4065,     42.6945,    250.2066,     62.9673,      3.4953,      0.1124,      0.0801,      5.2153,      0.1530,      5.6202,     11.2404,      1.3522,     29.0412,     58.0824,      0.0194,      0.0005,      0.1404,      0.2080,   7856.4077,-421868.0938,   -911.2601,    554.5767,  26188.0254,
       1,     169,     204,      11,       1,       3,       1,     10.0000,      1.4065,     42.6945,    250.2066,     62.9673,      3.4953,      0.1552,      0.1227,      8.1278,      0.1583,      5.6202,     11.2404,      1.3992,     29.0412,     58.0824,      0.0194,      0.0005,      0.2016,      0.2080,   7856.4077,-425906.1250,   -912.5828,    554.2968,  26188.0234,
       1,     169,     204,      12,       1,       3,       1,     10.0000,      1.4065,     42.6945,    250.2066,     62.9673,      3.4953,      0.1819,      0.1491,      9.9598,      0.1650,      5.6202,     11.2404,      1.4579,     29.0412,     58.0824,      0.0194,      0.0005,      0.2398,      0.2080,   7856.4072,-429808.2812,   -914.3655,    554.0265,  26188.0254,
       1,     169,     204,      13,       1,       3,       1,     10.0000,      1.4065,     42.6945,    250.2066,     62.9673,      3.4953,      0.1825,      0.1491,     11.5879,      0.1871,      5.6202,     11.2404,      1.6530,     29.0412,     58.0824,      0.0194,      0.0006,      0.2408,      0.2080,   7856.4077,-432378.0312,   -916.3033,    553.8486,  26188.0234,
       1,     169,     204,      14,       1,       3,       1,     10.0000,      1.4065,     42.6945,    250.2066,     62.9673,      3.4953,      0.1092,      0.0751,      6.9168,      0.2069,      5.6202,     11.2404,      1.8285,     29.0412,     58.0824,      0.0194,      0.0006,      0.1349,      0.2080,   7856.4072,-434585.8438,   -918.1661,    553.6958,  26188.0254,
       1,     169,     204,      15,       1,       3,       1,     10.0000,      1.4065,     42.6945,    250.2066,     62.9673,      3.4953,      0.1319,      0.0978,     15.9823,      0.2096,      5.6202,     11.2404,      1.8521,     29.0412,     58.0824,      0.0194,      0.0012,      0.1668,      0.2080,   7856.4077,-429062.7812,   -917.5398,    554.0781,  26188.0234,
       1,     169,     204,      16,       1,       3,       1,     10.0000,      1.4065,     42.6945,    250.2066,     62.9673,      3.4953,      0.1461,      0.1114,     22.7585,      0.2292,      5.6202,     11.2404,      2.0252,     29.0412,     58.0824,      0.0194,      0.0015,      0.1867,      0.2080,   7856.4072,-439676.2500,   -920.0020,    553.3431,  26188.0254,
       1,     169,     204,      17,       1,       3,       1,     10.0000,      1.4065,     42.6945,    250.2066,     62.9673,      3.4953,      0.1288,      0.0946,     17.1455,      0.2138,      5.6202,     11.2404,      1.8889,     29.0412,     58.0824,      0.0194,      0.0013,      0.1622,      0.2080,   7856.4077,-448859.5938,   -922.5223,    552.7084,  26188.0254,
       1,     169,     204,      18,       1,       3,       1,     10.0000,      1.4065,     42.6945,    250.2066,     62.9673,      3.4953,      0.0964,      0.0627,     21.4791,      0.1958,      5.6202,     11.2404,      1.7301,     29.0412,     58.0824,      0.0194,      0.0023,      0.1148,      0.2080,   7856.4077,-442774.5938,   -921.8582,    553.1292,  26188.0254,
       1,     169,     204,      19,       1,       3,       1,     10.0000,      1.4065,     42.6945,    250.2066,     62.9673,      3.4953,      0.0467,      0.0134,     10.7963,      0.1821,      5.6202,     11.2404,      1.6092,     29.0412,     58.0824,      0.0194,      0.0030,      0.0443,      0.2080,   7856.4077,-447557.6250,   -923.1783,    552.7986,  26188.0254,
       1,     169,     204,      20,       1,       3,       1,     10.0000,      1.4065,     42.6945,    250.2066,     62.9673,      3.4953,      0.0153,     -0.0177,      0.1303,      0.1722,      5.6202,     11.2404,      1.5219,     29.0412,     58.0824,      0.0194,      0.0031,      0.0005,      0.2080,   7856.4077,-434901.6250,   -921.1849,    553.6733,  26188.0234,
       1,     169,     204,      21,       1,       3,       1,     10.0000,      1.4065,     42.6945,    250.2066,     62.9673,      3.4953,      0.0001,     -0.0326,      5.1572,      0.1638,      5.6202,     11.2404,      1.4477,     29.0412,     58.0824,      0.0194,      0.0040,      0.0156,      0.2080,   7856.4072,-420794.6875,   -918.7830,    554.6502,  26188.0254,
       1,     169,     204,      22,       1,       3,       1,     10.0000,      1.4065,     42.6945,    250.2066,     62.9673,      3.4953,      0.0000,     -0.0326,      4.1003,      0.1619,      5.6202,     11.2404,      1.4304,     29.0412,     58.0824,      0.0194,      0.0032,      0.0156,      0.2080,   7856.4077,-425745.2188,   -919.8826,    554.3079,  26188.0273,
       1,     169,     204,      23,       1,       3,       1,     10.0000,      1.4065,     42.6945,    250.2066,     62.9673,      3.4953,      0.0000,     -0.0326,      2.7468,      0.1606,      5.6202,     11.2404,      1.4190,     29.0412,     58.0824,      0.0194,      0.0021,      0.0156,      0.2080,   7856.4087,-424871.5312,   -919.8530,    554.3685,  26188.0254,
       1,     169,     204,      24,       1,       3,       1,     10.0000,      1.4065,     42.6945,    250.2066,     62.9673,      3.4953,      0.0000,     -0.0324,      2.0392,      0.1563,      5.6202,     11.2404,      1.3811,     29.0412,     58.0824,      0.0194,      0.0016,      0.0156,      0.2080,   7856.4077,-423143.6875,   -919.6157,    554.4883,  26188.0254,
       1,     169,     205,       1,       1,       3,       1,     10.0000,      1.4065,     42.6948,    250.2125,     62.9688,      3.4953,      0.0000,     -0.0322,      1.8403,      0.1509,      5.6204,     11.2408,      1.3333,     29.0350,     58.0700,      0.0194,      0.0014,      0.0156,      0.2081,   7856.4077,-422287.5312,   -919.7925,    554.5609,  26189.1934,
       1,     169,     205,       2,       1,       3,       1,     10.0000,      1.4065,     42.6948,    250.2125,     62.9688,      3.4953,      0.0000,     -0.0322,      1.4821,      0.1498,      5.6204,     11.2408,      1.3240,     29.0350,     58.0700,      0.0194,      0.0012,      0.0156,      0.2081,   7856.7583,-421819.6562,   -919.5011,    554.5933,  26189.1953,
       1,     169,     205,       3,       1,       3,       1,     10.0000,      1.4065,     42.6948,    250.2125,     62.9688,      3.4953,      0.0000,     -0.0322,      1.2629,      0.1501,      5.6204,     11.2408,      1.3266,     29.0350,     58.0700,      0.0194,      0.0010,      0.0156,      0.2081,   7856.7588,-421342.0312,   -919.4615,    554.6265,  26189.1953,
       1,     169,     205,       4,       1,       3,       1,     10.0000,      1.4065,     42.6948,    250.2125,     62.9688,      3.4953,      0.0000,     -0.0322,      1.1641,      0.1492,      5.6204,     11.2408,      1.3186,     29.0350,     58.0700,      0.0194,      0.0009,      0.0156,      0.2081,   7856.7588,-421033.5312,   -919.4520,    554.6478,  26189.1953,
       1,     169,     205,       5,       1,       3,       1,     10.0000,      1.4065,     42.6948,    250.2125,     62.9688,      3.4953,      0.0000,     -0.0322,      1.0466,      0.1482,      5.6204,     11.2408,      1.3094,     29.0350,     58.0700,      0.0194,      0.0008,      0.0156,      0.2081,   7856.7588,-420886.8438,   -919.4623,    554.6580,  26189.1953,
       1,     169,     205,       6,       1,       3,       1,     10.0000,      1.4065,     42.6948,    250.2125,     62.9688,      3.4953,      0.0000,     -0.0321,      1.0318,      0.1479,      5.6204,     11.2408,      1.3067,     29.0350,     58.0700,      0.0194,      0.0008,      0.0156,      0.2081,   7856.7588,-420730.8438,   -919.4717,    554.6688,  26189.1953,
       1,     169,     205,       7,       1,       3,       1,     10.0000,      1.4065,     42.6948,    250.2125,     62.9688,      3.4953,      0.0000,     -0.0321,      0.8129,      0.1474,      5.6204,     11.2408,      1.3028,     29.0350,     58.0700,      0.0194,      0.0006,      0.0156,      0.2081,   7856.7588,-420699.4062,   -919.5059,    554.6710,  26189.1953,
       1,     169,     205,       8,       1,       3,       1,     10.0000,      1.4065,     42.6948,    250.2125,     62.9688,      3.4953,      0.0119,     -0.0203,      0.5964,      0.1503,      5.6204,     11.2408,      1.3280,     29.0350,     58.0700,      0.0194,      0.0005,      0.0156,      0.2081,   7856.7588,-420429.2812,   -919.4793,    554.6897,  26189.1934,
       1,     169,     205,       9,       1,       3,       1,     10.0000,      1.4065,     42.6948,    250.2125,     62.9688,      3.4953,      0.1383,      0.1058,      6.8584,      0.1558,      5.6204,     11.2408,      1.3769,     29.0350,     58.0700,      0.0194,      0.0005,      0.1774,      0.2081,   7856.7583,-420142.2188,   -919.4590,    554.7097,  26189.1953,
       1,     169,     205,      10,       1,       3,       1,     10.0000,      1.4065,     42.6948,    250.2125,     62.9688,      3.4953,      0.1824,      0.1493,      9.3087,      0.1750,      5.6204,     11.2408,      1.5464,     29.0350,     58.0700,      0.0194,      0.0005,      0.2408,      0.2081,   7856.7588,-427769.5625,   -921.1923,    554.1808,  26189.1953,
       1,     169,     205,      11,       1,       3,       1,     10.0000,      1.4065,     42.6948,    250.2125,     62.9688,      3.4953,      0.1887,      0.1543,     11.1610,      0.2184,      5.6204,     11.2408,      1.9302,     29.0350,     58.0700,      0.0194,      0.0005,      0.2500,      0.2081,   7856.7588,-431410.9062,   -922.4412,    553.9287,  26189.1973,
       1,     169,     205,      12,       1,       3,       1,     10.0000,      1.4065,     42.6948,    250.2125,     62.9688,      3.4953,      0.1845,      0.1501,      9.5848,      0.2172,      5.6204,     11.2408,      1.9189,     29.0350,     58.0700,      0.0194,      0.0005,      0.2441,      0.2080,   7856.7593,-433982.9375,   -923.7643,    553.7507,  26189.1973,
       1,     169,     205,      13,       1,       3,       1,     10.0000,      1.4065,     42.6948,    250.2125,     62.9688,      3.4953,      0.1886,      0.1544,      9.1626,      0.2092,      5.6204,     11.2408,      1.8485,     29.0350,     58.0700,      0.0194,      0.0004,      0.2500,      0.2080,   7856.7593,-432274.1875,   -923.9150,    553.8690,  26189.1973,
       1,     169,     205,      14,       1,       3,       1,     10.0000,      1.4065,     42.6948,    250.2125,     62.9688,      3.4953,      0.1888,      0.1543,     13.2247,      0.2228,      5.6204,     11.2408,      1.9685,     29.0350,     58.0700,      0.0194,      0.0006,      0.2500,      0.2080,   7856.7593,-431613.4375,   -924.3273,    553.9148,  26189.1934,
       1,     169,     205,      15,       1,       3,       1,     10.0000,      1.4065,     42.6948,    250.2125,     62.9688,      3.4953,      0.1903,      0.1561,     30.7677,      0.2096,      5.6204,     11.2408,      1.8521,     29.0350,     58.0700,      0.0194,      0.0015,      0.2500,      0.2080,   7856.7583,-436522.6562,   -925.6177,    553.5749,  26189.1953,
       1,     169,     205,      16,       1,       3,       1,     10.0000,      1.4065,     42.6948,    250.2125,     62.9688,      3.4953,      0.1935,      0.1602,     69.6619,      0.1836,      5.6204,     11.2408,      1.6221,     29.0350,     58.0700,      0.0194,      0.0034,      0.2500,      0.2080,   7856.7588,-458380.5312,   -930.1569,    552.0626,  26189.1953,
       1,     169,     205,      17,       1,       3,       1,     10.0000,      1.4065,     42.6948,    250.2125,     62.9688,      3.4953,      0.1936,      0.1599,     71.4587,      0.1944,      5.6204,     11.2408,      1.7182,     29.0350,     58.0700,      0.0194,      0.0035,      0.2500,      0.2080,   7856.7588,-507789.8438,   -940.1255,    548.6550,  26189.1953,
       1,     169,     205,      18,       1,       3,       1,     10.0000,      1.4065,     42.6948,    250.2125,     62.9688,      3.4953,      0.1570,      0.1232,     47.9872,      0.1977,      5.6204,     11.2408,      1.7473,     29.0350,     58.0700,      0.0194,      0.0029,      0.1997,      0.2080,   7856.7588,-514191.5625,   -941.9330,    548.2264,  26189.1953,
       1,     169,     205,      19,       1,       3,       1,     10.0000,      1.4065,     42.6948,    250.2125,     62.9688,      3.4953,      0.1112,      0.0779,     41.1451,      0.1843,      5.6204,     11.2408,      1.6286,     29.0350,     58.0700,      0.0194,      0.0037,      0.1342,      0.2080,   7856.7588,-485997.1875,   -936.9047,    550.1587,  26189.1953,
       1,     169,     205,      20,       1,       3,       1,     10.0000,      1.4065,     42.6948,    250.2125,     62.9688,      3.4953,      0.0203,     -0.0130,      1.7712,      0.1801,      5.6204,     11.2408,      1.5918,     29.0350,     58.0700,      0.0194,      0.0030,      0.0072,      0.2080,   7856.7588,-475259.2500,   -935.1291,    550.9005,  26189.1953,
       1,     169,     205,      21,       1,       3,       1,     10.0000,      1.4065,     42.6948,    250.2125,     62.9688,      3.4953,      0.0001,     -0.0330,      2.7419,      0.1757,      5.6204,     11.2408,      1.5526,     29.0350,     58.0700,      0.0194,      0.0021,      0.0156,      0.2080,   7856.7588,-426196.7500,   -925.7725,    554.2795,  26189.1953,
       1,     169,     205,      22,       1,       3,       1,     10.0000,      1.4065,     42.6948,    250.2125,     62.9688,      3.4953,      0.0000,     -0.0331,      2.8529,      0.1768,      5.6204,     11.2408,      1.5619,     29.0350,     58.0700,      0.0194,      0.0022,      0.0156,      0.2081,   7856.7588,-423264.9688,   -925.2325,    554.4931,  26189.1934,
       1,     169,     205,      23,       1,       3,       1,     10.0000,      1.4065,     42.6948,    250.2125,     62.9688,      3.4953,      0.0000,     -0.0331,      2.8723,      0.1775,      5.6204,     11.2408,      1.5682,     29.0350,     58.0700,      0.0194,      0.0022,      0.0156,      0.2081,   7856.7583,-423139.9688,   -925.2310,    554.5018,  26189.1953,
       1,     169,     205,      24,       1,       3,       1,     10.0000,      1.4065,     42.6948,    250.2125,     62.9688,      3.4953,      0.0000,     -0.0331,      1.9615,      0.1769,      5.6204,     11.2408,      1.5635,     29.0350,     58.0700,      0.0194,      0.0015,      0.0156,      0.2081,   7856.7588,-423152.6875,   -925.2536,    554.5009,  26189.1953,
       1,     169,     206,       1,       1,       3,       1,     10.0000,      1.4065,     42.6951,    250.2184,     62.9703,      3.4953,      0.0000,     -0.0331,      1.7797,      0.1766,      5.6195,     11.2389,      1.5604,     29.0428,     58.0856,      0.0194,      0.0014,      0.0156,      0.2081,   7856.7588,-422196.4688,   -925.3614,    554.5804,  26190.3691,
       1,     169,     206,       2,       1,       3,       1,     10.0000,      1.4065,     42.6951,    250.2184,     62.9703,      3.4953,      0.0000,     -0.0330,      1.1146,      0.1740,      5.6195,     11.2389,      1.5373,     29.0428,     58.0856,      0.0194,      0.0009,      0.0156,      0.2081,   7857.1108,-421740.5000,   -925.0126,    554.6120,  26190.3691,
       1,     169,     206,       3,       1,       3,       1,     10.0000,      1.4065,     42.6951,    250.2184,     62.9703,      3.4953,      0.0000,     -0.0327,      0.6451,      0.1650,      5.6195,     11.2389,      1.4580,     29.0428,     58.0856,      0.0194,      0.0005,      0.0156,      0.2081,   7857.1108,-420889.1562,   -924.8558,    554.6710,  26190.3691,
       1,     169,     206,       4,       1,       3,       1,     10.0000,      1.4065,     42.6951,    250.2184,     62.9703,      3.4953,      0.0000,     -0.0326,      0.7413,      0.1609,      5.6195,     11.2389,      1.4219,     29.0428,     58.0856,      0.0194,      0.0006,      0.0156,      0.2081,   7857.1108,-420243.4375,   -924.7352,    554.7157,  26190.3672,
       1,     169,     206,       5,       1,       3,       1,     10.0000,      1.4065,     42.6951,    250.2184,     62.9703,      3.4953,      0.0000,     -0.0326,      0.5634,      0.1609,      5.6195,     11.2389,      1.4219,     29.0428,     58.0856,      0.0194,      0.0004,      0.0156,      0.2081,   7857.1104,-420306.6562,   -924.7523,    554.7114,  26190.3711,
       1,     169,     206,       6,       1,       3,       1,     10.0000,      1.4065,     42.6951,    250.2184,     62.9703,      3.4953,      0.0000,     -0.0325,      0.6182,      0.1569,      5.6195,     11.2389,      1.3867,     29.0428,     58.0856,      0.0194,      0.0005,      0.0156,      0.2081,   7857.1118,-420094.1250,   -924.7134,    554.7261,  26190.3672,
       1,     169,     206,       7,       1,       3,       1,     10.0000,      1.4065,     42.6951,    250.2184,     62.9703,      3.4953,      0.0000,     -0.0322,      0.4891,      0.1501,      5.6195,     11.2389,      1.3267,     29.0428,     58.0856,      0.0194,      0.0004,      0.0156,      0.2081,   7857.1104,-420143.5000,   -924.7274,    554.7227,  26190.3691,
       1,     169,     206,       8,       1,       3,       1,     10.0000,      1.4065,     42.6951,    250.2184,     62.9703,      3.4953,      0.0153,     -0.0170,      0.0322,      0.1518,      5.6195,     11.2389,      1.3414,     29.0428,     58.0856,      0.0194,      0.0003,      0.0014,      0.2081,   7857.1108,-419989.6250,   -924.6998,    554.7334,  26190.3711,
       1,     169,     206,       9,       1,       3,       1,     10.0000,      1.4065,     42.6951,    250.2184,     62.9703,      3.4953,      0.1218,      0.0884,      5.3306,      0.1852,      5.6195,     11.2389,      1.6367,     29.0428,     58.0856,      0.0194,      0.0004,      0.1535,      0.2081,   7857.1118,-419418.0625,   -924.5903,    554.7730,  26190.3691,
       1,     169,     206,      10,       1,       3,       1,     10.0000,      1.4065,     42.6951,    250.2184,     62.9703,      3.4953,      0.1708,      0.1368,     11.8199,      0.2063,      5.6195,     11.2389,      1.8232,     29.0428,     58.0856,      0.0194,      0.0006,      0.2239,      0.2081,   7857.1108,-425843.6875,   -925.8551,    554.3275,  26190.3691,
       1,     169,     206,      11,       1,       3,       1,     10.0000,      1.4065,     42.6951,    250.2184,     62.9703,      3.4953,      0.1801,      0.1455,     11.5621,      0.2281,      5.6195,     11.2389,      2.0154,     29.0428,     58.0856,      0.0194,      0.0006,      0.2376,      0.2081,   7857.1108,-434317.9688,   -927.5463,    553.7404,  26190.3711,
       1,     169,     206,      12,       1,       3,       1,     10.0000,      1.4065,     42.6951,    250.2184,     62.9703,      3.4953,      0.1887,      0.1535,     14.3971,      0.2498,      5.6195,     11.2389,      2.2070,     29.0428,     58.0856,      0.0194,      0.0007,      0.2500,      0.2081,   7857.1118,-434721.1250,   -927.6680,    553.7128,  26190.3711,
       1,     169,     206,      13,       1,       3,       1,     10.0000,      1.4065,     42.6951,    250.2184,     62.9703,      3.4953,      0.1890,      0.1538,     17.3681,      0.2476,      5.6195,     11.2389,      2.1877,     29.0428,     58.0856,      0.0194,      0.0008,      0.2500,      0.2081,   7857.1118,-438219.3125,   -928.3474,    553.4706,  26190.3691,
       1,     169,     206,      14,       1,       3,       1,     10.0000,      1.4065,     42.6951,    250.2184,     62.9703,      3.4953,      0.1916,      0.1591,     42.8932,      0.1576,      5.6195,     11.2389,      1.3923,     29.0428,     58.0856,      0.0194,      0.0021,      0.2500,      0.2081,   7857.1108,-442146.8125,   -926.2546,    553.1990,  26190.3691,
       1,     169,     206,      15,       1,       3,       1,     10.0000,      1.4065,     42.6951,    250.2184,     62.9703,      3.4953,      0.1926,      0.1596,     57.2428,      0.1734,      5.6195,     11.2389,      1.5327,     29.0428,     58.0856,      0.0194,      0.0028,      0.2500,      0.2081,   7857.1108,-473676.6562,   -928.0540,    551.0188,  26190.3711,
       1,     169,     206,      16,       1,       3,       1,     10.0000,      1.4065,     42.6951,    250.2184,     62.9703,      3.4953,      0.1938,      0.1606,     73.4380,      0.1791,      5.6195,     11.2389,      1.5823,     29.0428,     58.0856,      0.0194,      0.0036,      0.2500,      0.2080,   7857.1118,-493901.5625,   -933.8253,    549.6300,  26190.3691,
       1,     169,     206,      17,       1,       3,       1,     10.0000,      1.4065,     42.6951,    250.2184,     62.9703,      3.4953,      0.1792,      0.1457,     90.2147,      0.1906,      5.6195,     11.2389,      1.6845,     29.0428,     58.0856,      0.0194,      0.0048,      0.2271,      0.2080,   7857.1108,-515419.3125,   -939.5822,    548.1534,  26190.3691,
       1,     169,     206,      18,       1,       3,       1,     10.0000,      1.4065,     42.6951,    250.2184,     62.9703,      3.4953,      0.1708,      0.1371,     85.3978,      0.1956,      5.6195,     11.2389,      1.7285,     29.0428,     58.0856,      0.0194,      0.0048,      0.2154,      0.2080,   7857.1108,-537766.9375,   -945.2612,    546.6242,  26190.3691,
       1,     169,     206,      19,       1,       3,       1,     10.0000,      1.4065,     42.6951,    250.2184,     62.9703,      3.4953,      0.1161,      0.0825,     17.5536,      0.1916,      5.6195,     11.2389,      1.6929,     29.0428,     58.0856,      0.0194,      0.0015,      0.1438,      0.2080,   7857.1108,-533760.3750,   -945.6549,    546.9001,  26190.3691,
       1,     169,     206,      20,       1,       3,       1,     10.0000,      1.4065,     42.6951,    250.2184,     62.9703,      3.4953,      0.0371,      0.0042,      5.5561,      0.1726,      5.6195,     11.2389,      1.5250,     29.0428,     58.0856,      0.0194,      0.0022,      0.0314,      0.2080,   7857.1108,-450382.4062,   -930.2277,    552.6000,  26190.3691,
       1,     169,     206,      21,       1,       3,       1,     10.0000,      1.4065,     42.6951,    250.2184,     62.9703,      3.4953,      0.0002,     -0.0325,      1.7109,      0.1653,      5.6195,     11.2389,      1.4609,     29.0428,     58.0856,      0.0194,      0.0013,      0.0156,      0.2081,   7857.1108,-428773.0938,   -926.3038,    554.1225,  26190.3691,
       1,     169,     206,      22,       1,       3,       1,     10.0000,      1.4065,     42.6951,    250.2184,     62.9703,      3.4953,      0.0000,     -0.0325,      1.2090,      0.1587,      5.6195,     11.2389,      1.4021,     29.0428,     58.0856,      0.0194,      0.0009,      0.0156,      0.2081,   7857.1108,-422215.6562,   -925.1268,    554.5789,  26190.3691,
       1,     169,     206,      23,       1,       3,       1,     10.0000,      1.4065,     42.6951,    250.2184,     62.9703,      3.4953,      0.0000,     -0.0326,      1.6524,      0.1601,      5.6195,     11.2389,      1.4148,     29.0428,     58.0856,      0.0194,      0.0013,      0.0156,      0.2081,   7857.1108,-421044.9688,   -924.9426,    554.6602,  26190.3691,
       1,     169,     206,      24,       1,       3,       1,     10.0000,      1.4065,     42.6951,    250.2184,     62.9703,      3.4953,      0.0000,     -0.0326,      1.6501,      0.1598,      5.6195,     11.2389,      1.4120,     29.0428,     58.0856,      0.0194,      0.0013,      0.0156,      0.2081,   7857.1108,-421487.4375,   -925.0871,    554.6295,  26190.3691,
       1,     169,     207,       1,       1,       3,       1,     10.0000,      1.4066,     42.6955,    250.2243,     62.9718,      3.4953,      0.0000,     -0.0325,      0.9175,      0.1571,      5.6196,     11.2391,      1.3881,     29.0506,     58.1012,      0.0194,      0.0007,      0.0156,      0.2081,   7857.1108,-421677.1875,   -912.8193,    554.6293,  26191.5410,
       1,     169,     207,       2,       1,       3,       1,     10.0000,      1.4066,     42.6955,    250.2243,     62.9718,      3.4953,      0.0000,     -0.0325,      0.7538,      0.1566,      5.6196,     11.2391,      1.3839,     29.0506,     58.1012,      0.0194,      0.0006,      0.0156,      0.2081,   7857.4624,-420645.9062,   -912.4625,    554.7007,  26191.5391,
       1,     169,     207,       3,       1,       3,       1,     10.0000,      1.4066,     42.6955,    250.2243,     62.9718,      3.4953,      0.0000,     -0.0324,      0.6037,      0.1552,      5.6196,     11.2391,      1.3715,     29.0506,     58.1012,      0.0194,      0.0005,      0.0156,      0.2081,   7857.4619,-420358.7812,   -912.4593,    554.7207,  26191.5391,
       1,     169,     207,       4,       1,       3,       1,     10.0000,      1.4066,     42.6955,    250.2243,     62.9718,      3.4953,      0.0000,     -0.0323,      0.5215,      0.1510,      5.6196,     11.2391,      1.3347,     29.0506,     58.1012,      0.0194,      0.0004,      0.0156,      0.2081,   7857.4619,-420150.9688,   -910.9630,    554.7350,  26191.5410,
       1,     169,     207,       5,       1,       3,       1,     10.0000,      1.4066,     42.6955,    250.2243,     62.9718,      3.4953,      0.0000,     -0.0320,      0.4721,      0.1449,      5.6196,     11.2391,      1.2807,     29.0506,     58.1012,      0.0194,      0.0004,      0.0156,      0.2081,   7857.4624,-420032.9688,   -910.9672,    554.7433,  26191.5410,
       1,     169,     207,       6,       1,       3,       1,     10.0000,      1.4066,     42.6955,    250.2243,     62.9718,      3.4953,      0.0000,     -0.0320,      0.3824,      0.1446,      5.6196,     11.2391,      1.2781,     29.0506,     58.1012,      0.0194,      0.0003,      0.0156,      0.2081,   7857.4624,-419962.4375,   -910.9738,    554.7481,  26191.5410,
       1,     169,     207,       7,       1,       3,       1,     10.0000,      1.4066,     42.6955,    250.2243,     62.9718,      3.4953,      0.0000,     -0.0320,      0.3967,      0.1433,      5.6196,     11.2391,      1.2665,     29.0506,     58.1012,      0.0194,      0.0003,      0.0156,      0.2081,   7857.4624,-419846.9688,   -910.9604,    554.7562,  26191.5410,
       1,     169,     207,       8,       1,       3,       1,     10.0000,      1.4066,     42.6955,    250.2243,     62.9718,      3.4953,      0.0145,     -0.0175,      0.0178,      0.1429,      5.6196,     11.2391,      1.2627,     29.0506,     58.1012,      0.0194,      0.0004,      0.0006,      0.2081,   7857.4624,-419854.6875,   -910.9707,    554.7557,  26191.5410,
       1,     169,     207,       9,       1,       3,       1,     10.0000,      1.4066,     42.6955,    250.2243,     62.9718,      3.4953,      0.0985,      0.0664,      3.9416,      0.1483,      5.6196,     11.2391,      1.3107,     29.0506,     58.1012,      0.0194,      0.0004,      0.1206,      0.2081,   7857.4624,-419392.2500,   -910.9547,    554.7877,  26191.5410,
       1,     169,     207,      10,       1,       3,       1,     10.0000,      1.4066,     42.6955,    250.2243,     62.9718,      3.4953,      0.1296,      0.0973,      5.4092,      0.1520,      5.6196,     11.2391,      1.3428,     29.0506,     58.1012,      0.0194,      0.0004,      0.1651,      0.2081,   7857.4624,-424146.9062,   -912.2437,    554.4580,  26191.5410,
       1,     169,     207,      11,       1,       3,       1,     10.0000,      1.4066,     42.6955,    250.2243,     62.9718,      3.4953,      0.1532,      0.1205,      7.8903,      0.1611,      5.6196,     11.2391,      1.4234,     29.0506,     58.1012,      0.0194,      0.0005,      0.1987,      0.2081,   7857.4624,-426342.8438,   -913.1772,    554.3058,  26191.5410,
       1,     169,     207,      12,       1,       3,       1,     10.0000,      1.4066,     42.6955,    250.2243,     62.9718,      3.4953,      0.1889,      0.1555,     10.9325,      0.1849,      5.6196,     11.2391,      1.6335,     29.0506,     58.1012,      0.0194,      0.0005,      0.2500,      0.2081,   7857.4624,-429560.3125,   -914.4793,    554.0829,  26191.5430,
       1,     169,     207,      13,       1,       3,       1,     10.0000,      1.4066,     42.6955,    250.2243,     62.9718,      3.4953,      0.1887,      0.1546,     10.2190,      0.2065,      5.6196,     11.2391,      1.8250,     29.0506,     58.1012,      0.0194,      0.0005,      0.2500,      0.2081,   7857.4634,-433549.7812,   -916.7013,    553.8068,  26191.5391,
       1,     169,     207,      14,       1,       3,       1,     10.0000,      1.4066,     42.6955,    250.2243,     62.9718,      3.4953,      0.1887,      0.1544,     10.9723,      0.2159,      5.6196,     11.2391,      1.9077,     29.0506,     58.1012,      0.0194,      0.0005,      0.2500,      0.2081,   7857.4619,-433016.0625,   -918.2495,    553.8438,  26191.5371,
       1,     169,     207,      15,       1,       3,       1,     10.0000,      1.4066,     42.6955,    250.2243,     62.9718,      3.4953,      0.1892,      0.1550,     17.2444,      0.2111,      5.6196,     11.2391,      1.8650,     29.0506,     58.1012,      0.0194,      0.0008,      0.2500,      0.2081,   7857.4614,-433891.6875,   -920.7342,    553.7831,  26191.5391,
       1,     169,     207,      16,       1,       3,       1,     10.0000,      1.4066,     42.6955,    250.2243,     62.9718,      3.4953,      0.1908,      0.1567,     36.7231,      0.2057,      5.6196,     11.2391,      1.8178,     29.0506,     58.1012,      0.0194,      0.0018,      0.2500,      0.2081,   7857.4619,-441629.4062,   -923.2921,    553.2475,  26191.5391,
       1,     169,     207,      17,       1,       3,       1,     10.0000,      1.4066,     42.6955,    250.2243,     62.9718,      3.4953,      0.1926,      0.1591,     65.0144,      0.1888,      5.6196,     11.2391,      1.6679,     29.0506,     58.1012,      0.0194,      0.0032,      0.2493,      0.2081,   7857.4619,-466089.4062,   -928.7689,    551.5562,  26191.5391,
       1,     169,     207,      18,       1,       3,       1,     10.0000,      1.4066,     42.6955,    250.2243,     62.9718,      3.4953,      0.1743,      0.1410,     76.7774,      0.1830,      5.6196,     11.2391,      1.6174,     29.0506,     58.1012,      0.0194,      0.0042,      0.2214,      0.2081,   7857.4619,-502751.3438,   -936.6432,    549.0311,  26191.5391,
       1,     169,     207,      19,       1,       3,       1,     10.0000,      1.4066,     42.6955,    250.2243,     62.9718,      3.4953,      0.1223,      0.0896,     48.8990,      0.1653,      5.6196,     11.2391,      1.4609,     29.0506,     58.1012,      0.0194,      0.0040,      0.1495,      0.2080,   7857.4619,-520250.2500,   -940.8689,    547.8359,  26191.5371,
       1,     169,     207,      20,       1,       3,       1,     10.0000,      1.4066,     42.6955,    250.2243,     62.9718,      3.4953,      0.0317,     -0.0007,      6.9915,      0.1560,      5.6196,     11.2391,      1.3784,     29.0506,     58.1012,      0.0194,      0.0035,      0.0240,      0.2080,   7857.4614,-487613.7812,   -935.3505,    550.0722,  26191.5391,
       1,     169,     207,      21,       1,       3,       1,     10.0000,      1.4066,     42.6955,    250.2243,     62.9718,      3.4953,      0.0001,     -0.0321,      4.3047,      0.1500,      5.6196,     11.2391,      1.3254,     29.0506,     58.1012,      0.0194,      0.0034,      0.0156,      0.2080,   7857.4619,-433623.6250,   -925.4156,    553.7891,  26191.5391,
       1,     169,     207,      22,       1,       3,       1,     10.0000,      1.4066,     42.6955,    250.2243,     62.9718,      3.4953,      0.0000,     -0.0324,      3.8653,      0.1538,      5.6196,     11.2391,      1.3591,     29.0506,     58.1012,      0.0194,      0.0030,      0.0156,      0.2081,   7857.4619,-425810.8125,   -924.0920,    554.3425,  26191.5391,
       1,     169,     207,      23,       1,       3,       1,     10.0000,      1.4066,     42.6955,    250.2243,     62.9718,      3.4953,      0.0000,     -0.0325,      4.3810,      0.1568,      5.6196,     11.2391,      1.3853,     29.0506,     58.1012,      0.0194,      0.0034,      0.0156,      0.2081,   7857.4619,-424597.9375,   -924.0002,    554.4269,  26191.5391,
       1,     169,     207,      24,       1,       3,       1,     10.0000,      1.4066,     42.6955,    250.2243,     62.9718,      3.4953,      0.0000,     -0.0324,      3.4214,      0.1538,      5.6196,     11.2391,      1.3591,     29.0506,     58.1012,      0.0194,      0.0027,      0.0156,      0.2081,   7857.4619,-425124.8438,   -924.2588,    554.3903,  26191.5391,
       1,     169,     208,       1,       1,       3,       1,     10.0000,      1.4066,     42.6958,    250.2302,     62.9733,      3.4953,      0.0000,     -0.0322,      2.0690,      0.1485,      5.6198,     11.2396,      1.3121,     29.0565,     58.1131,      0.0194,      0.0016,      0.0156,      0.2081,   7857.4619,-424152.5938,   -924.4656,    554.4708,  26192.7148,
       1,     169,     208,       2,       1,       3,       1,     10.0000,      1.4066,     42.6958,    250.2302,     62.9733,      3.4953,      0.0000,     -0.0321,      1.6683,      0.1474,      5.6198,     11.2396,      1.3029,     29.0565,     58.1131,      0.0194,      0.0013,      0.0156,      0.2081,   7857.8149,-422265.1875,   -923.9038,    554.6015,  26192.7129,
       1,     169,     208,       3,       1,       3,       1,     10.0000,      1.4066,     42.6958,    250.2302,     62.9733,      3.4953,      0.0000,     -0.0321,      1.8611,      0.1468,      5.6198,     11.2396,      1.2976,     29.0565,     58.1131,      0.0194,      0.0015,      0.0156,      0.2081,   7857.8140,-421616.4062,   -923.8307,    554.6466,  26192.7148,
       1,     169,     208,       4,       1,       3,       1,     10.0000,      1.4066,     42.6958,    250.2302,     62.9733,      3.4953,      0.0000,     -0.0320,      1.8130,      0.1443,      5.6198,     11.2396,      1.2755,     29.0565,     58.1131,      0.0194,      0.0014,      0.0156,      0.2081,   7857.8149,-421796.3750,   -923.9177,    554.6341,  26192.7168,
       1,     169,     208,       5,       1,       3,       1,     10.0000,      1.4066,     42.6958,    250.2302,     62.9733,      3.4953,      0.0000,     -0.0319,      1.2346,      0.1416,      5.6198,     11.2396,      1.2513,     29.0565,     58.1131,      0.0194,      0.0010,      0.0156,      0.2081,   7857.8154,-421752.7188,   -923.9604,    554.6371,  26192.7148,
       1,     169,     208,       6,       1,       3,       1,     10.0000,      1.4066,     42.6958,    250.2302,     62.9733,      3.4953,      0.0000,     -0.0319,      1.0980,      0.1420,      5.6198,     11.2396,      1.2551,     29.0565,     58.1131,      0.0194,      0.0009,      0.0156,      0.2081,   7857.8149,-421042.7812,   -923.8567,    554.6863,  26192.7168,
       1,     169,     208,       7,       1,       3,       1,     10.0000,      1.4066,     42.6958,    250.2302,     62.9733,      3.4953,      0.0000,     -0.0319,      1.0894,      0.1419,      5.6198,     11.2396,      1.2538,     29.0565,     58.1131,      0.0194,      0.0009,      0.0156,      0.2081,   7857.8154,-420815.4375,   -923.8391,    554.7021,  26192.7129,
       1,     169,     208,       8,       1,       3,       1,     10.0000,      1.4066,     42.6958,    250.2302,     62.9733,      3.4953,      0.0110,     -0.0210,      1.0501,      0.1436,      5.6198,     11.2396,      1.2691,     29.0565,     58.1131,      0.0194,      0.0008,      0.0156,      0.2081,   7857.8140,-420786.2812,   -923.8577,    554.7042,  26192.7148,
       1,     169,     208,       9,       1,       3,       1,     10.0000,      1.4066,     42.6958,    250.2302,     62.9733,      3.4953,      0.0904,      0.0580,      5.4101,      0.1530,      5.6198,     11.2396,      1.3523,     29.0565,     58.1131,      0.0194,      0.0006,      0.1087,      0.2081,   7857.8149,-420735.4375,   -923.8757,    554.7077,  26192.7129,
       1,     169,     208,      10,       1,       3,       1,     10.0000,      1.4066,     42.6958,    250.2302,     62.9733,      3.4953,      0.1533,      0.1202,      8.2472,      0.1759,      5.6198,     11.2396,      1.5543,     29.0565,     58.1131,      0.0194,      0.0005,      0.1988,      0.2081,   7857.8140,-426057.5000,   -924.9689,    554.3387,  26192.7129,
       1,     169,     208,      11,       1,       3,       1,     10.0000,      1.4066,     42.6958,    250.2302,     62.9733,      3.4953,      0.1889,      0.1553,     11.4228,      0.1908,      5.6198,     11.2396,      1.6863,     29.0565,     58.1131,      0.0194,      0.0006,      0.2500,      0.2081,   7857.8140,-429974.5000,   -925.8836,    554.0673,  26192.7129,
       1,     169,     208,      12,       1,       3,       1,     10.0000,      1.4066,     42.6958,    250.2302,     62.9733,      3.4953,      0.1738,      0.1395,     11.6464,      0.2174,      5.6198,     11.2396,      1.9209,     29.0565,     58.1131,      0.0194,      0.0006,      0.2283,      0.2081,   7857.8140,-434185.8750,   -926.9665,    553.7757,  26192.7148,
       1,     169,     208,      13,       1,       3,       1,     10.0000,      1.4066,     42.6958,    250.2302,     62.9733,      3.4953,      0.1887,      0.1543,     11.8245,      0.2208,      5.6198,     11.2396,      1.9513,     29.0565,     58.1131,      0.0194,      0.0006,      0.2500,      0.2081,   7857.8149,-434815.3750,   -927.2847,    553.7322,  26192.7129,
       1,     169,     208,      14,       1,       3,       1,     10.0000,      1.4066,     42.6958,    250.2302,     62.9733,      3.4953,      0.1892,      0.1546,     18.4903,      0.2263,      5.6198,     11.2396,      1.9998,     29.0565,     58.1131,      0.0194,      0.0009,      0.2500,      0.2081,   7857.8140,-435086.5312,   -927.5446,    553.7134,  26192.7109,
       1,     169,     208,      15,       1,       3,       1,     10.0000,      1.4066,     42.6958,    250.2302,     62.9733,      3.4953,      0.1920,      0.1578,     52.4094,      0.2102,      5.6198,     11.2396,      1.8577,     29.0565,     58.1131,      0.0194,      0.0026,      0.2500,      0.2081,   7857.8135,-443254.1875,   -929.3707,    553.1482,  26192.7148,
       1,     169,     208,      16,       1,       3,       1,     10.0000,      1.4066,     42.6958,    250.2302,     62.9733,      3.4953,      0.1942,      0.1597,     82.0206,      0.2215,      5.6198,     11.2396,      1.9571,     29.0565,     58.1131,      0.0194,      0.0040,      0.2500,      0.2081,   7857.8149,-485392.8750,   -937.8349,    550.2348,  26192.7129,
       1,     169,     208,      17,       1,       3,       1,     10.0000,      1.4066,     42.6958,    250.2302,     62.9733,      3.4953,      0.1951,      0.1609,    104.5727,      0.2092,      5.6198,     11.2396,      1.8486,     29.0565,     58.1131,      0.0194,      0.0051,      0.2486,      0.2081,   7857.8140,-525183.6250,   -946.0013,    547.5057,  26192.7129,
       1,     169,     208,      18,       1,       3,       1,     10.0000,      1.4066,     42.6958,    250.2302,     62.9733,      3.4953,      0.1707,      0.1370,     94.0603,      0.1968,      5.6198,     11.2396,      1.7388,     29.0565,     58.1131,      0.0194,      0.0053,      0.2143,      0.2080,   7857.8140,-556145.0000,   -952.5804,    545.3935,  26192.7109,
       1,     169,     208,      19,       1,       3,       1,     10.0000,      1.4066,     42.6958,    250.2302,     62.9733,      3.4953,      0.1107,      0.0775,     53.8962,      0.1812,      5.6198,     11.2396,      1.6014,     29.0565,     58.1131,      0.0194,      0.0050,      0.1320,      0.2080,   7857.8135,-545892.6875,   -951.1393,    546.0965,  26192.7129,
       1,     169,     208,      20,       1,       3,       1,     10.0000,      1.4066,     42.6958,    250.2302,     62.9733,      3.4953,      0.0318,     -0.0013,      7.2906,      0.1757,      5.6198,     11.2396,      1.5527,     29.0565,     58.1131,      0.0194,      0.0038,      0.0234,      0.2080,   7857.8140,-495867.6562,   -941.7492,    549.5118,  26192.7129,
       1,     169,     208,      21,       1,       3,       1,     10.0000,      1.4066,     42.6958,    250.2302,     62.9733,      3.4953,      0.0001,     -0.0329,      5.2723,      0.1716,      5.6198,     11.2396,      1.5160,     29.0565,     58.1131,      0.0194,      0.0041,      0.0156,      0.2081,   7857.8140,-434687.9062,   -929.8994,    553.7249,  26192.7109,
       1,     169,     208,      22,       1,       3,       1,     10.0000,      1.4066,     42.6958,    250.2302,     62.9733,      3.4953,      0.0000,     -0.0330,      4.7354,      0.1714,      5.6198,     11.2396,      1.5145,     29.0565,     58.1131,      0.0194,      0.0037,      0.0156,      0.2081,   7857.8135,-427090.0938,   -928.4240,    554.2670,  26192.7129,
       1,     169,     208,      23,       1,       3,       1,     10.0000,      1.4066,     42.6958,    250.2302,     62.9733,      3.4953,      0.0000,     -0.0330,      3.8252,      0.1721,      5.6198,     11.2396,      1.5205,     29.0565,     58.1131,      0.0194,      0.0030,      0.0156,      0.2081,   7857.8140,-425771.9062,   -928.1667,    554.3586,  26192.7148,
       1,     169,     208,      24,       1,       3,       1,     10.0000,      1.4066,     42.6958,    250.2302,     62.9733,      3.4953,      0.0000,     -0.0329,      2.9374,      0.1705,      5.6198,     11.2396,      1.5069,     29.0565,     58.1131,      0.0194,      0.0023,      0.0156,      0.2081,   7857.8149,-424547.6875,   -927.9263,    554.4434,  26192.7129,
       1,     169,     209,       1,       1,       3,       1,     10.0000,      1.4066,     42.6962,    250.2361,     62.9747,      3.4953,      0.0000,     -0.0330,      2.6747,      0.1721,      5.6196,     11.2392,      1.5206,     29.0629,     58.1259,      0.0194,      0.0021,      0.0156,      0.2082,   7857.8140,-423514.8438,   -928.0077,    554.5279,  26193.8867,
       1,     169,     209,       2,       1,       3,       1,     10.0000,      1.4066,     42.6962,    250.2361,     62.9747,      3.4953,      0.0000,     -0.0327,      2.4521,      0.1643,      5.6196,     11.2392,      1.4522,     29.0629,     58.1259,      0.0194,      0.0019,      0.0156,      0.2082,   7858.1665,-422953.9062,   -927.6196,    554.5668,  26193.8867,
       1,     169,     209,       3,       1,       3,       1,     10.0000,      1.4066,     42.6962,    250.2361,     62.9747,      3.4953,      0.0000,     -0.0326,      2.5073,      0.1608,      5.6196,     11.2392,      1.4206,     29.0629,     58.1259,      0.0194,      0.0020,      0.0156,      0.2082,   7858.1665,-422634.5312,   -927.3635,    554.5889,  26193.8867,
       1,     169,     209,       4,       1,       3,       1,     10.0000,      1.4066,     42.6962,    250.2361,     62.9747,      3.4953,      0.0000,     -0.0324,      2.2779,      0.1558,      5.6196,     11.2392,      1.3771,     29.0629,     58.1259,      0.0194,      0.0018,      0.0156,      0.2082,   7858.1665,-422674.9688,   -921.8154,    554.5861,  26193.8887,
       1,     169,     209,       5,       1,       3,       1,     10.0000,      1.4066,     42.6962,    250.2361,     62.9747,      3.4953,      0.0000,     -0.0324,      1.7680,      0.1535,      5.6196,     11.2392,      1.3565,     29.0629,     58.1259,      0.0194,      0.0014,      0.0156,      0.2082,   7858.1670,-422397.9062,   -921.9442,    554.6053,  26193.8867,
       1,     169,     209,       6,       1,       3,       1,     10.0000,      1.4066,     42.6962,    250.2361,     62.9747,      3.4953,      0.0000,     -0.0324,      1.6644,      0.1544,      5.6196,     11.2392,      1.3647,     29.0629,     58.1259,      0.0194,      0.0013,      0.0156,      0.2082,   7858.1665,-421751.8125,   -921.9235,    554.6501,  26193.8887,
       1,     169,     209,       7,       1,       3,       1,     10.0000,      1.4066,     42.6962,    250.2361,     62.9747,      3.4953,      0.0001,     -0.0324,      0.8587,      0.1574,      5.6196,     11.2392,      1.3910,     29.0629,     58.1259,      0.0194,      0.0007,      0.0156,      0.2082,   7858.1670,-421570.3750,   -921.9799,    554.6627,  26193.8887,
       1,     169,     209,       8,       1,       3,       1,     10.0000,      1.4066,     42.6962,    250.2361,     62.9747,      3.4953,      0.0094,     -0.0231,      0.4808,      0.1603,      5.6196,     11.2392,      1.4163,     29.0629,     58.1259,      0.0194,      0.0004,      0.0156,      0.2082,   7858.1670,-420570.8125,   -921.8238,    554.7320,  26193.8848,
       1,     169,     209,       9,       1,       3,       1,     10.0000,      1.4066,     42.6962,    250.2361,     62.9747,      3.4953,      0.1180,      0.0852,      4.7732,      0.1662,      5.6196,     11.2392,      1.4683,     29.0629,     58.1259,      0.0194,      0.0004,      0.1483,      0.2082,   7858.1655,-420025.2188,   -921.7523,    554.7698,  26193.8867,
       1,     169,     209,      10,       1,       3,       1,     10.0000,      1.4066,     42.6962,    250.2361,     62.9747,      3.4953,      0.1747,      0.1415,      7.2976,      0.1789,      5.6196,     11.2392,      1.5809,     29.0629,     58.1259,      0.0194,      0.0004,      0.2299,      0.2082,   7858.1665,-425221.4375,   -923.1132,    554.4095,  26193.8867,
       1,     169,     209,      11,       1,       3,       1,     10.0000,      1.4066,     42.6962,    250.2361,     62.9747,      3.4953,      0.1886,      0.1550,      7.9182,      0.1927,      5.6196,     11.2392,      1.7031,     29.0629,     58.1259,      0.0194,      0.0004,      0.2500,      0.2082,   7858.1665,-428745.3438,   -924.5496,    554.1653,  26193.8848,
       1,     169,     209,      12,       1,       3,       1,     10.0000,      1.4066,     42.6962,    250.2361,     62.9747,      3.4953,      0.1806,      0.1464,      8.8442,      0.2115,      5.6196,     11.2392,      1.8688,     29.0629,     58.1259,      0.0194,      0.0005,      0.2384,      0.2082,   7858.1655,-429802.1562,   -925.4186,    554.0922,  26193.8887,
       1,     169,     209,      13,       1,       3,       1,     10.0000,      1.4066,     42.6962,    250.2361,     62.9747,      3.4953,      0.1888,      0.1544,     11.9491,      0.2163,      5.6196,     11.2392,      1.9115,     29.0629,     58.1259,      0.0194,      0.0006,      0.2500,      0.2082,   7858.1670,-431022.2500,   -926.1356,    554.0078,  26193.8848,
       1,     169,     209,      14,       1,       3,       1,     10.0000,      1.4066,     42.6962,    250.2361,     62.9747,      3.4953,      0.1889,      0.1544,     14.5601,      0.2226,      5.6196,     11.2392,      1.9668,     29.0629,     58.1259,      0.0194,      0.0007,      0.2500,      0.2082,   7858.1655,-434918.9688,   -927.7300,    553.7379,  26193.8867,
       1,     169,     209,      15,       1,       3,       1,     10.0000,      1.4066,     42.6962,    250.2361,     62.9747,      3.4953,      0.1897,      0.1556,     22.8580,      0.2078,      5.6196,     11.2392,      1.8359,     29.0629,     58.1259,      0.0194,      0.0011,      0.2500,      0.2082,   7858.1665,-438438.4062,   -929.2950,    553.4944,  26193.8867,
       1,     169,     209,      16,       1,       3,       1,     10.0000,      1.4066,     42.6962,    250.2361,     62.9747,      3.4953,      0.1907,      0.1580,     31.4554,      0.1617,      5.6196,     11.2392,      1.4292,     29.0629,     58.1259,      0.0194,      0.0015,      0.2500,      0.2081,   7858.1665,-448873.8125,   -925.8515,    552.7725,  26193.8848,
       1,     169,     209,      17,       1,       3,       1,     10.0000,      1.4066,     42.6962,    250.2361,     62.9747,      3.4953,      0.1932,      0.1609,     62.4959,      0.1523,      5.6196,     11.2392,      1.3456,     29.0629,     58.1259,      0.0194,      0.0030,      0.2500,      0.2081,   7858.1655,-460263.4375,   -919.3200,    551.9858,  26193.8906,
       1,     169,     209,      18,       1,       3,       1,     10.0000,      1.4066,     42.6962,    250.2361,     62.9747,      3.4953,      0.1791,      0.1466,     62.8274,      0.1595,      5.6196,     11.2392,      1.4092,     29.0629,     58.1259,      0.0194,      0.0033,      0.2298,      0.2081,   7858.1675,-499161.7812,   -928.5846,    549.3026,  26193.8926,
       1,     169,     209,      19,       1,       3,       1,     10.0000,      1.4066,     42.6962,    250.2361,     62.9747,      3.4953,      0.1249,      0.0921,     51.5815,      0.1670,      5.6196,     11.2392,      1.4757,     29.0629,     58.1259,      0.0194,      0.0041,      0.1529,      0.2081,   7858.1680,-502870.7500,   -931.0104,    549.0544,  26193.8926,
       1,     169,     209,      20,       1,       3,       1,     10.0000,      1.4066,     42.6962,    250.2361,     62.9747,      3.4953,      0.0276,     -0.0050,      4.2741,      0.1609,      5.6196,     11.2392,      1.4220,     29.0629,     58.1259,      0.0194,      0.0029,      0.0182,      0.2081,   7858.1680,-489423.1562,   -929.5831,    549.9774,  26193.8906,
       1,     169,     209,      21,       1,       3,       1,     10.0000,      1.4066,     42.6962,    250.2361,     62.9747,      3.4953,      0.0001,     -0.0324,      0.8958,      0.1577,      5.6196,     11.2392,      1.3938,     29.0629,     58.1259,      0.0194,      0.0007,      0.0156,      0.2081,   7858.1675,-430450.4688,   -919.0750,    554.0323,  26193.8906,
       1,     169,     209,      22,       1,       3,       1,     10.0000,      1.4066,     42.6962,    250.2361,     62.9747,      3.4953,      0.0000,     -0.0326,      0.5340,      0.1604,      5.6196,     11.2392,      1.4177,     29.0629,     58.1259,      0.0194,      0.0004,      0.0156,      0.2082,   7858.1675,-421385.6875,   -917.4427,    554.6752,  26193.8906,
       1,     169,     209,      23,       1,       3,       1,     10.0000,      1.4066,     42.6962,    250.2361,     62.9747,      3.4953,      0.0000,     -0.0326,      0.5424,      0.1596,      5.6196,     11.2392,      1.4106,     29.0629,     58.1259,      0.0194,      0.0004,      0.0156,      0.2082,   7858.1675,-420158.9375,   -917.2291,    554.7605,  26193.8926,
       1,     169,     209,      24,       1,       3,       1,     10.0000,      1.4066,     42.6962,    250.2361,     62.9747,      3.4953,      0.0000,     -0.0325,      0.8645,      0.1587,      5.6196,     11.2392,      1.4022,     29.0629,     58.1259,      0.0194,      0.0007,      0.0156,      0.2082,   7858.1680,-420064.8750,   -917.2260,    554.7672,  26193.8906,
       1,     169,     210,       1,       1,       3,       1,     10.0000,      1.4066,     42.6965,    250.2420,     62.9762,      3.4953,      0.0000,     -0.0326,      0.9207,      0.1595,      5.6201,     11.2403,      1.4093,     29.0710,     58.1421,      0.0194,      0.0007,      0.0156,      0.2082,   7858.1675,-420605.4375,   -917.6337,    554.7427,  26195.0625,
       1,     169,     210,       2,       1,       3,       1,     10.0000,      1.4066,     42.6965,    250.2420,     62.9762,      3.4953,      0.0000,     -0.0325,      0.6172,      0.1574,      5.6201,     11.2403,      1.3910,     29.0710,     58.1421,      0.0194,      0.0005,      0.0156,      0.2082,   7858.5190,-420567.5938,   -917.4150,    554.7453,  26195.0625,
       1,     169,     210,       3,       1,       3,       1,     10.0000,      1.4066,     42.6965,    250.2420,     62.9762,      3.4953,      0.0000,     -0.0324,      0.5498,      0.1554,      5.6201,     11.2403,      1.3730,     29.0710,     58.1421,      0.0194,      0.0004,      0.0156,      0.2082,   7858.5190,-420193.7812,   -917.3679,    554.7712,  26195.0625,
       1,     169,     210,       4,       1,       3,       1,     10.0000,      1.4066,     42.6965,    250.2420,     62.9762,      3.4953,      0.0000,     -0.0323,      0.5709,      0.1521,      5.6201,     11.2403,      1.3443,     29.0710,     58.1421,      0.0194,      0.0004,      0.0156,      0.2082,   7858.5190,-420079.8125,   -917.3636,    554.7791,  26195.0625,
       1,     169,     210,       5,       1,       3,       1,     10.0000,      1.4066,     42.6965,    250.2420,     62.9762,      3.4953,      0.0000,     -0.0321,      0.5579,      0.1470,      5.6201,     11.2403,      1.2990,     29.0710,     58.1421,      0.0194,      0.0004,      0.0156,      0.2082,   7858.5190,-420095.9062,   -915.2050,    554.7780,  26195.0645,
       1,     169,     210,       6,       1,       3,       1,     10.0000,      1.4066,     42.6965,    250.2420,     62.9762,      3.4953,      0.0000,     -0.0319,      0.6796,      0.1420,      5.6201,     11.2403,      1.2551,     29.0710,     58.1421,      0.0194,      0.0005,      0.0156,      0.2082,   7858.5195,-420081.0625,   -910.1613,    554.7791,  26195.0625,
       1,     169,     210,       7,       1,       3,       1,     10.0000,      1.4066,     42.6965,    250.2420,     62.9762,      3.4953,      0.0000,     -0.0319,      0.5257,      0.1416,      5.6201,     11.2403,      1.2513,     29.0710,     58.1421,      0.0194,      0.0004,      0.0156,      0.2082,   7858.5190,-420228.7188,   -910.2062,    554.7688,  26195.0625,
       1,     169,     210,       8,       1,       3,       1,     10.0000,      1.4066,     42.6965,    250.2420,     62.9762,      3.4953,      0.0072,     -0.0247,      0.4973,      0.1416,      5.6201,     11.2403,      1.2513,     29.0710,     58.1421,      0.0194,      0.0004,      0.0156,      0.2082,   7858.5190,-420053.2500,   -910.1505,    554.7809,  26195.0645,
       1,     169,     210,       9,       1,       3,       1,     10.0000,      1.4066,     42.6965,    250.2420,     62.9762,      3.4953,      0.0423,      0.0103,      1.3875,      0.1445,      5.6201,     11.2403,      1.2769,     29.0710,     58.1421,      0.0194,      0.0004,      0.0404,      0.2082,   7858.5195,-420003.4062,   -910.1650,    554.7844,  26195.0625,
       1,     169,     210,      10,       1,       3,       1,     10.0000,      1.4066,     42.6965,    250.2420,     62.9762,      3.4953,      0.1200,      0.0872,      4.3627,      0.1677,      5.6201,     11.2403,      1.4816,     29.0710,     58.1421,      0.0194,      0.0004,      0.1512,      0.2082,   7858.5190,-421086.6875,   -910.5031,    554.7093,  26195.0625,
       1,     169,     210,      11,       1,       3,       1,     10.0000,      1.4066,     42.6965,    250.2420,     62.9762,      3.4953,      0.1642,      0.1307,      6.4697,      0.1865,      5.6201,     11.2403,      1.6483,     29.0710,     58.1421,      0.0194,      0.0004,      0.2148,      0.2082,   7858.5190,-424811.9375,   -911.7720,    554.4510,  26195.0625,
       1,     169,     210,      12,       1,       3,       1,     10.0000,      1.4066,     42.6965,    250.2420,     62.9762,      3.4953,      0.1851,      0.1515,      7.5914,      0.1912,      5.6201,     11.2403,      1.6897,     29.0710,     58.1421,      0.0194,      0.0004,      0.2449,      0.2082,   7858.5190,-427700.9688,   -913.1477,    554.2508,  26195.0605,
       1,     169,     210,      13,       1,       3,       1,     10.0000,      1.4066,     42.6965,    250.2420,     62.9762,      3.4953,      0.1886,      0.1547,      8.2296,      0.2015,      5.6201,     11.2403,      1.7807,     29.0710,     58.1421,      0.0194,      0.0004,      0.2500,      0.2082,   7858.5186,-429315.8125,   -914.5668,    554.1390,  26195.0605,
       1,     169,     210,      14,       1,       3,       1,     10.0000,      1.4066,     42.6965,    250.2420,     62.9762,      3.4953,      0.1886,      0.1546,      9.0986,      0.2047,      5.6201,     11.2403,      1.8090,     29.0710,     58.1421,      0.0194,      0.0004,      0.2500,      0.2082,   7858.5186,-430232.0000,   -916.3328,    554.0755,  26195.0625,
       1,     169,     210,      15,       1,       3,       1,     10.0000,      1.4066,     42.6965,    250.2420,     62.9762,      3.4953,      0.1836,      0.1495,     25.0588,      0.2061,      5.6201,     11.2403,      1.8215,     29.0710,     58.1421,      0.0194,      0.0013,      0.2408,      0.2082,   7858.5190,-431370.8438,   -918.0153,    553.9966,  26195.0605,
       1,     169,     210,      16,       1,       3,       1,     10.0000,      1.4066,     42.6965,    250.2420,     62.9762,      3.4953,      0.1668,      0.1328,     38.4430,      0.2045,      5.6201,     11.2403,      1.8072,     29.0710,     58.1421,      0.0194,      0.0022,      0.2149,      0.2082,   7858.5186,-450962.0000,   -922.6737,    552.6400,  26195.0625,
       1,     169,     210,      17,       1,       3,       1,     10.0000,      1.4066,     42.6965,    250.2420,     62.9762,      3.4953,      0.1569,      0.1228,     41.2101,      0.2100,      5.6201,     11.2403,      1.8560,     29.0710,     58.1421,      0.0194,      0.0025,      0.2003,      0.2082,   7858.5190,-468976.7812,   -926.8800,    551.3972,  26195.0645,
       1,     169,     210,      18,       1,       3,       1,     10.0000,      1.4066,     42.6965,    250.2420,     62.9762,      3.4953,      0.1388,      0.1050,     43.8625,      0.1980,      5.6201,     11.2403,      1.7493,     29.0710,     58.1421,      0.0194,      0.0031,      0.1737,      0.2081,   7858.5195,-473882.6250,   -928.5815,    551.0604,  26195.0625,
       1,     169,     210,      19,       1,       3,       1,     10.0000,      1.4066,     42.6965,    250.2420,     62.9762,      3.4953,      0.0762,      0.0428,     18.6861,      0.1834,      5.6201,     11.2403,      1.6207,     29.0710,     58.1421,      0.0194,      0.0026,      0.0861,      0.2081,   7858.5190,-477537.6562,   -929.9831,    550.8087,  26195.0625,
       1,     169,     210,      20,       1,       3,       1,     10.0000,      1.4066,     42.6965,    250.2420,     62.9762,      3.4953,      0.0172,     -0.0157,      0.7478,      0.1709,      5.6201,     11.2403,      1.5100,     29.0710,     58.1421,      0.0194,      0.0028,      0.0033,      0.2081,   7858.5190,-447073.6250,   -924.7012,    552.9063,  26195.0605,
       1,     169,     210,      21,       1,       3,       1,     10.0000,      1.4066,     42.6965,    250.2420,     62.9762,      3.4953,      0.0000,     -0.0326,      3.4063,      0.1627,      5.6201,     11.2403,      1.4378,     29.0710,     58.1421,      0.0194,      0.0027,      0.0156,      0.2082,   7858.5186,-422596.5000,   -920.3305,    554.6021,  26195.0605,
       1,     169,     210,      22,       1,       3,       1,     10.0000,      1.4066,     42.6965,    250.2420,     62.9762,      3.4953,      0.0000,     -0.0325,      3.5804,      0.1574,      5.6201,     11.2403,      1.3910,     29.0710,     58.1421,      0.0194,      0.0028,      0.0156,      0.2082,   7858.5186,-423775.1250,   -920.7017,    554.5229,  26195.0605,
       1,     169,     210,      23,       1,       3,       1,     10.0000,      1.4066,     42.6965,    250.2420,     62.9762,      3.4953,      0.0000,     -0.0324,      3.2926,      0.1558,      5.6201,     11.2403,      1.3771,     29.0710,     58.1421,      0.0194,      0.0026,      0.0156,      0.2082,   7858.5186,-424084.5000,   -920.8851,    554.5015,  26195.0625,
       1,     169,     210,      24,       1,       3,       1,     10.0000,      1.4066,     42.6965,    250.2420,     62.9762,      3.4953,      0.0000,     -0.0324,      2.9337,      0.1540,      5.6201,     11.2403,      1.3606,     29.0710,     58.1421,      0.0194,      0.0023,      0.0156,      0.2082,   7858.5190,-423758.9688,   -920.9495,    554.5240,  26195.0625,
       1,     169,     211,       1,       1,       3,       1,     10.0000,      1.4067,     42.6968,    250.2479,     62.9777,      3.4953,      0.0000,     -0.0324,      2.2893,      0.1551,      5.6207,     11.2415,      1.3702,     29.0712,     58.1425,      0.0194,      0.0018,      0.0156,      0.2082,   7858.5190,-423448.4062,   -921.2639,    554.5586,  26196.2383,
       1,     169,     211,       2,       1,       3,       1,     10.0000,      1.4067,     42.6968,    250.2479,     62.9777,      3.4953,      0.0000,     -0.0323,      1.6397,      0.1523,      5.6207,     11.2415,      1.3456,     29.0712,     58.1425,      0.0194,      0.0013,      0.0156,      0.2082,   7858.8716,-422482.3125,   -920.9192,    554.6256,  26196.2383,
       1,     169,     211,       3,       1,       3,       1,     10.0000,      1.4067,     42.6968,    250.2479,     62.9777,      3.4953,      0.0000,     -0.0322,      1.2611,      0.1498,      5.6207,     11.2415,      1.3241,     29.0712,     58.1425,      0.0194,      0.0010,      0.0156,      0.2082,   7858.8716,-421607.2500,   -920.8147,    554.6863,  26196.2402,
       1,     169,     211,       4,       1,       3,       1,     10.0000,      1.4067,     42.6968,    250.2479,     62.9777,      3.4953,      0.0000,     -0.0322,      1.2403,      0.1486,      5.6207,     11.2415,      1.3135,     29.0712,     58.1425,      0.0194,      0.0010,      0.0156,      0.2082,   7858.8726,-421070.6875,   -920.7465,    554.7235,  26196.2383,
       1,     169,     211,       5,       1,       3,       1,     10.0000,      1.4067,     42.6968,    250.2479,     62.9777,      3.4953,      0.0000,     -0.0322,      1.1254,      0.1480,      5.6207,     11.2415,      1.3082,     29.0712,     58.1425,      0.0194,      0.0009,      0.0156,      0.2082,   7858.8716,-420999.8750,   -910.4025,    554.7283,  26196.2402,
       1,     169,     211,       6,       1,       3,       1,     10.0000,      1.4067,     42.6968,    250.2479,     62.9777,      3.4953,      0.0000,     -0.0322,      1.3510,      0.1489,      5.6207,     11.2415,      1.3162,     29.0712,     58.1425,      0.0194,      0.0011,      0.0156,      0.2082,   7858.8726,-420853.5625,   -910.4445,    554.7386,  26196.2383,
       1,     169,     211,       7,       1,       3,       1,     10.0000,      1.4067,     42.6968,    250.2479,     62.9777,      3.4953,      0.0000,     -0.0321,      0.7917,      0.1457,      5.6207,     11.2415,      1.2873,     29.0712,     58.1425,      0.0194,      0.0006,      0.0156,      0.2082,   7858.8716,-421116.7812,   -910.4242,    554.7203,  26196.2383,
       1,     169,     211,       8,       1,       3,       1,     10.0000,      1.4067,     42.6968,    250.2479,     62.9777,      3.4953,      0.0137,     -0.0184,      0.6374,      0.1451,      5.6207,     11.2415,      1.2821,     29.0712,     58.1425,      0.0194,      0.0005,      0.0156,      0.2082,   7858.8716,-420456.0625,   -910.3651,    554.7661,  26196.2383,
       1,     169,     211,       9,       1,       3,       1,     10.0000,      1.4067,     42.6968,    250.2479,     62.9777,      3.4953,      0.1222,      0.0897,      5.4939,      0.1554,      5.6207,     11.2415,      1.3730,     29.0712,     58.1425,      0.0194,      0.0004,      0.1543,      0.2082,   7858.8716,-420211.6875,   -910.4033,    554.7830,  26196.2363,
       1,     169,     211,      10,       1,       3,       1,     10.0000,      1.4067,     42.6968,    250.2479,     62.9777,      3.4953,      0.1646,      0.1311,      7.5995,      0.1882,      5.6207,     11.2415,      1.6631,     29.0712,     58.1425,      0.0194,      0.0004,      0.2152,      0.2082,   7858.8711,-426121.7812,   -912.1866,    554.3732,  26196.2383,
       1,     169,     211,      11,       1,       3,       1,     10.0000,      1.4067,     42.6968,    250.2479,     62.9777,      3.4953,      0.1869,      0.1527,      9.9163,      0.2107,      5.6207,     11.2415,      1.8615,     29.0712,     58.1425,      0.0194,      0.0005,      0.2475,      0.2082,   7858.8716,-429193.6562,   -913.8939,    554.1605,  26196.2363,
       1,     169,     211,      12,       1,       3,       1,     10.0000,      1.4067,     42.6968,    250.2479,     62.9777,      3.4953,      0.1886,      0.1541,     10.5940,      0.2219,      5.6207,     11.2415,      1.9611,     29.0712,     58.1425,      0.0194,      0.0005,      0.2500,      0.2082,   7858.8711,-432283.4375,   -915.9786,    553.9465,  26196.2383,
       1,     169,     211,      13,       1,       3,       1,     10.0000,      1.4067,     42.6968,    250.2479,     62.9777,      3.4953,      0.1887,      0.1541,     11.2126,      0.2235,      5.6207,     11.2415,      1.9746,     29.0712,     58.1425,      0.0194,      0.0005,      0.2500,      0.2082,   7858.8716,-433372.2812,   -918.2536,    553.8712,  26196.2383,
       1,     169,     211,      14,       1,       3,       1,     10.0000,      1.4067,     42.6968,    250.2479,     62.9777,      3.4953,      0.1753,      0.1408,     15.7761,      0.2241,      5.6207,     11.2415,      1.9804,     29.0712,     58.1425,      0.0194,      0.0008,      0.2301,      0.2082,   7858.8716,-434219.8438,   -915.7867,    553.8124,  26196.2383,
       1,     169,     211,      15,       1,       3,       1,     10.0000,      1.4067,     42.6968,    250.2479,     62.9777,      3.4953,      0.1732,      0.1411,     34.4208,      0.1466,      5.6207,     11.2415,      1.2951,     29.0712,     58.1425,      0.0194,      0.0019,      0.2244,      0.2082,   7858.8716,-439865.2500,   -917.8408,    553.4216,  26196.2383,
       1,     169,     211,      16,       1,       3,       1,     10.0000,      1.4067,     42.6968,    250.2479,     62.9777,      3.4953,      0.1447,      0.1130,     41.4143,      0.1361,      5.6207,     11.2415,      1.2029,     29.0712,     58.1425,      0.0194,      0.0028,      0.1827,      0.2082,   7858.8716,-463117.1250,   -918.9632,    551.8133,  26196.2383,
       1,     169,     211,      17,       1,       3,       1,     10.0000,      1.4067,     42.6968,    250.2479,     62.9777,      3.4953,      0.1104,      0.0794,     35.1173,      0.1172,      5.6207,     11.2415,      1.0356,     29.0712,     58.1425,      0.0194,      0.0032,      0.1346,      0.2082,   7858.8716,-473634.6562,   -920.9509,    551.0901,  26196.2383,
       1,     169,     211,      18,       1,       3,       1,     10.0000,      1.4067,     42.6968,    250.2479,     62.9777,      3.4953,      0.0983,      0.0676,     29.5416,      0.1117,      5.6207,     11.2415,      0.9869,     29.0712,     58.1425,      0.0194,      0.0030,      0.1181,      0.2082,   7858.8716,-466826.0312,   -919.5399,    551.5597,  26196.2383,
       1,     169,     211,      19,       1,       3,       1,     10.0000,      1.4067,     42.6968,    250.2479,     62.9777,      3.4953,      0.0611,      0.0303,     13.6979,      0.1136,      5.6207,     11.2415,      1.0042,     29.0712,     58.1425,      0.0194,      0.0025,      0.0669,      0.2082,   7858.8716,-459437.8438,   -918.1149,    552.0692,  26196.2383,
       1,     169,     211,      20,       1,       3,       1,     10.0000,      1.4067,     42.6968,    250.2479,     62.9777,      3.4953,      0.0112,     -0.0196,      0.5982,      0.1139,      5.6207,     11.2415,      1.0063,     29.0712,     58.1425,      0.0194,      0.0005,      0.0156,      0.2082,   7858.8716,-439456.3438,   -914.2241,    553.4484,  26196.2383,
       1,     169,     211,      21,       1,       3,       1,     10.0000,      1.4067,     42.6968,    250.2479,     62.9777,      3.4953,      0.0000,     -0.0309,      0.3112,      0.1166,      5.6207,     11.2415,      1.0303,     29.0712,     58.1425,      0.0194,      0.0002,      0.0156,      0.2082,   7858.8716,-421771.5312,   -911.1214,    554.6735,  26196.2383,
       1,     169,     211,      22,       1,       3,       1,     10.0000,      1.4067,     42.6968,    250.2479,     62.9777,      3.4953,      0.0000,     -0.0310,      0.4239,      0.1186,      5.6207,     11.2415,      1.0484,     29.0712,     58.1425,      0.0194,      0.0003,      0.0156,      0.2082,   7858.8716,-419926.4062,   -910.7934,    554.8028,  26196.2383,
       1,     169,     211,      23,       1,       3,       1,     10.0000,      1.4067,     42.6968,    250.2479,     62.9777,      3.4953,      0.0000,     -0.0312,      0.2993,      0.1223,      5.6207,     11.2415,      1.0810,     29.0712,     58.1425,      0.0194,      0.0002,      0.0156,      0.2082,   7858.8716,-419906.2812,   -910.8007,    554.8043,  26196.2383,
       1,     169,     211,      24,       1,       3,       1,     10.0000,      1.4067,     42.6968,    250.2479,     62.9777,      3.4953,      0.0000,     -0.0312,      0.2926,      0.1233,      5.6207,     11.2415,      1.0899,     29.0712,     58.1425,      0.0194,      0.0002,      0.0156,      0.2082,   7858.8716,-419752.3438,   -910.7753,    554.8149,  26196.2383,
       1,     169,     212,       1,       1,       3,       1,     10.0000,      1.4067,     42.6972,    250.2538,     62.9792,      3.4953,      0.0000,     -0.0311,      0.2895,      0.1213,      5.6206,     11.2412,      1.0723,     29.0719,     58.1439,      0.0194,      0.0002,      0.0156,      0.2082,   7858.8716,-419886.5312,   -911.0612,    554.8187,  26197.4102,
       1,     169,     212,       2,       1,       3,       1,     10.0000,      1.4067,     42.6972,    250.2538,     62.9792,      3.4953,      0.0000,     -0.0311,      0.2963,      0.1212,      5.6206,     11.2412,      1.0712,     29.0719,     58.1439,      0.0194,      0.0002,      0.0156,      0.2082,   7859.2231,-419741.6562,   -910.7813,    554.8287,  26197.4082,
       1,     169,     212,       3,       1,       3,       1,     10.0000,      1.4067,     42.6972,    250.2538,     62.9792,      3.4953,      0.0000,     -0.0312,      0.2926,      0.1233,      5.6206,     11.2412,      1.0899,     29.0719,     58.1439,      0.0194,      0.0002,      0.0156,      0.2082,   7859.2227,-419737.8125,   -910.7833,    554.8290,  26197.4082,
       1,     169,     212,       4,       1,       3,       1,     10.0000,      1.4067,     42.6972,    250.2538,     62.9792,      3.4953,      0.0000,     -0.0312,      0.2933,      0.1227,      5.6206,     11.2412,      1.0844,     29.0719,     58.1439,      0.0194,      0.0002,      0.0156,      0.2082,   7859.2227,-419733.0000,   -910.7838,    554.8293,  26197.4102,
       1,     169,     212,       5,       1,       3,       1,     10.0000,      1.4067,     42.6972,    250.2538,     62.9792,      3.4953,      0.0000,     -0.0312,      0.2895,      0.1222,      5.6206,     11.2412,      1.0800,     29.0719,     58.1439,      0.0194,      0.0002,      0.0156,      0.2082,   7859.2231,-419733.2500,   -910.7849,    554.8293,  26197.4082,
       1,     169,     212,       6,       1,       3,       1,     10.0000,      1.4067,     42.6972,    250.2538,     62.9792,      3.4953,      0.0000,     -0.0313,      0.2960,      0.1246,      5.6206,     11.2412,      1.1011,     29.0719,     58.1439,      0.0194,      0.0002,      0.0156,      0.2082,   7859.2227,-419728.8750,   -910.7858,    554.8296,  26197.4102,
       1,     169,     212,       7,       1,       3,       1,     10.0000,      1.4067,     42.6972,    250.2538,     62.9792,      3.4953,      0.0000,     -0.0313,      0.4699,      0.1258,      5.6206,     11.2412,      1.1113,     29.0719,     58.1439,      0.0194,      0.0004,      0.0156,      0.2082,   7859.2231,-419736.2188,   -910.0723,    554.8290,  26197.4082,
       1,     169,     212,       8,       1,       3,       1,     10.0000,      1.4067,     42.6972,    250.2538,     62.9792,      3.4953,      0.0089,     -0.0224,      0.5165,      0.1260,      5.6206,     11.2412,      1.1135,     29.0719,     58.1439,      0.0194,      0.0004,      0.0156,      0.2082,   7859.2227,-419949.3125,   -910.1345,    554.8143,  26197.4082,
       1,     169,     212,       9,       1,       3,       1,     10.0000,      1.4067,     42.6972,    250.2538,     62.9792,      3.4953,      0.1159,      0.0845,      5.6625,      0.1268,      5.6206,     11.2412,      1.1204,     29.0719,     58.1439,      0.0194,      0.0005,      0.1457,      0.2082,   7859.2227,-420024.2812,   -910.2074,    554.8091,  26197.4062,
       1,     169,     212,      10,       1,       3,       1,     10.0000,      1.4067,     42.6972,    250.2538,     62.9792,      3.4953,      0.1846,      0.1531,      9.7614,      0.1309,      5.6206,     11.2412,      1.1563,     29.0719,     58.1439,      0.0194,      0.0005,      0.2434,      0.2082,   7859.2222,-426314.0938,   -912.0663,    554.3729,  26197.4082,
       1,     169,     212,      11,       1,       3,       1,     10.0000,      1.4067,     42.6972,    250.2538,     62.9792,      3.4953,      0.1894,      0.1575,     13.6235,      0.1420,      5.6206,     11.2412,      1.2552,     29.0719,     58.1439,      0.0194,      0.0007,      0.2500,      0.2082,   7859.2227,-431851.8750,   -914.1667,    553.9893,  26197.4102,
       1,     169,     212,      12,       1,       3,       1,     10.0000,      1.4067,     42.6972,    250.2538,     62.9792,      3.4953,      0.1893,      0.1571,     13.3693,      0.1509,      5.6206,     11.2412,      1.3335,     29.0719,     58.1439,      0.0194,      0.0007,      0.2500,      0.2082,   7859.2231,-437036.7500,   -917.0223,    553.6304,  26197.4082,
       1,     169,     212,      13,       1,       3,       1,     10.0000,      1.4067,     42.6972,    250.2538,     62.9792,      3.4953,      0.1894,      0.1566,     15.2400,      0.1658,      5.6206,     11.2412,      1.4655,     29.0719,     58.1439,      0.0194,      0.0007,      0.2500,      0.2082,   7859.2227,-437165.3750,   -918.9438,    553.6216,  26197.4082,
       1,     169,     212,      14,       1,       3,       1,     10.0000,      1.4067,     42.6972,    250.2538,     62.9792,      3.4953,      0.1892,      0.1555,     14.7505,      0.1920,      5.6206,     11.2412,      1.6965,     29.0719,     58.1439,      0.0194,      0.0007,      0.2500,      0.2082,   7859.2227,-439460.7812,   -920.9766,    553.4627,  26197.4082,
       1,     169,     212,      15,       1,       3,       1,     10.0000,      1.4067,     42.6972,    250.2538,     62.9792,      3.4953,      0.1886,      0.1547,      8.6999,      0.2007,      5.6206,     11.2412,      1.7737,     29.0719,     58.1439,      0.0194,      0.0004,      0.2500,      0.2082,   7859.2227,-439057.1875,   -922.0047,    553.4907,  26197.4102,
       1,     169,     212,      16,       1,       3,       1,     10.0000,      1.4067,     42.6972,    250.2538,     62.9792,      3.4953,      0.1890,      0.1555,     11.9216,      0.1877,      5.6206,     11.2412,      1.6582,     29.0719,     58.1439,      0.0194,      0.0006,      0.2500,      0.2082,   7859.2231,-431633.2500,   -921.6905,    554.0043,  26197.4082,
       1,     169,     212,      17,       1,       3,       1,     10.0000,      1.4067,     42.6972,    250.2538,     62.9792,      3.4953,      0.1889,      0.1555,     15.1843,      0.1853,      5.6206,     11.2412,      1.6370,     29.0719,     58.1439,      0.0194,      0.0007,      0.2495,      0.2082,   7859.2227,-434940.2812,   -923.1190,    553.7755,  26197.4102,
       1,     169,     212,      18,       1,       3,       1,     10.0000,      1.4067,     42.6972,    250.2538,     62.9792,      3.4953,      0.1742,      0.1409,     27.0878,      0.1838,      5.6206,     11.2412,      1.6240,     29.0719,     58.1439,      0.0194,      0.0015,      0.2269,      0.2082,   7859.2231,-439204.3438,   -924.3873,    553.4805,  26197.4102,
       1,     169,     212,      19,       1,       3,       1,     10.0000,      1.4067,     42.6972,    250.2538,     62.9792,      3.4953,      0.1309,      0.0979,     40.1755,      0.1735,      5.6206,     11.2412,      1.5329,     29.0719,     58.1439,      0.0194,      0.0030,      0.1629,      0.2082,   7859.2231,-454102.8125,   -927.6167,    552.4498,  26197.4082,
       1,     169,     212,      20,       1,       3,       1,     10.0000,      1.4067,     42.6972,    250.2538,     62.9792,      3.4953,      0.0310,     -0.0015,      6.9400,      0.1584,      5.6206,     11.2412,      1.3995,     29.0719,     58.1439,      0.0194,      0.0037,      0.0229,      0.2082,   7859.2227,-471353.0000,   -930.3223,    551.2595,  26197.4062,
       1,     169,     212,      21,       1,       3,       1,     10.0000,      1.4067,     42.6972,    250.2538,     62.9792,      3.4953,      0.0000,     -0.0323,      3.5206,      0.1523,      5.6206,     11.2412,      1.3457,     29.0719,     58.1439,      0.0194,      0.0027,      0.0156,      0.2082,   7859.2222,-432203.2188,   -923.2488,    553.9585,  26197.4082,
       1,     169,     212,      22,       1,       3,       1,     10.0000,      1.4067,     42.6972,    250.2538,     62.9792,      3.4953,      0.0000,     -0.0322,      3.6225,      0.1486,      5.6206,     11.2412,      1.3135,     29.0719,     58.1439,      0.0194,      0.0028,      0.0156,      0.2082,   7859.2227,-424737.1875,   -921.9933,    554.4821,  26197.4062,
       1,     169,     212,      23,       1,       3,       1,     10.0000,      1.4067,     42.6972,    250.2538,     62.9792,      3.4953,      0.0000,     -0.0321,      3.4058,      0.1455,      5.6206,     11.2412,      1.2860,     29.0719,     58.1439,      0.0194,      0.0027,      0.0156,      0.2082,   7859.2222,-424222.8750,   -922.0323,    554.5180,  26197.4062,
       1,     169,     212,      24,       1,       3,       1,     10.0000,      1.4067,     42.6972,    250.2538,     62.9792,      3.4953,      0.0000,     -0.0319,      2.7790,      0.1396,      5.6206,     11.2412,      1.2338,     29.0719,     58.1439,      0.0194,      0.0022,      0.0156,      0.2082,   7859.2222,-423914.2812,   -922.1026,    554.5394,  26197.4082,
       1,     169,     213,       1,       1,       3,       1,     10.0000,      1.4067,     42.6975,    250.2597,     62.9807,      3.4953,      0.0000,     -0.0317,      2.2668,      0.1341,      5.6203,     11.2405,      1.1848,     29.0808,     58.1616,      0.0194,      0.0018,      0.0156,      0.2083,   7859.2227,-423277.9062,   -922.3440,    554.5965,  26198.5840,
       1,     169,     213,       2,       1,       3,       1,     10.0000,      1.4067,     42.6975,    250.2597,     62.9807,      3.4953,      0.0000,     -0.0316,      2.1251,      0.1337,      5.6203,     11.2405,      1.1812,     29.0808,     58.1616,      0.0194,      0.0017,      0.0156,      0.2083,   7859.5757,-422445.9062,   -921.9596,    554.6542,  26198.5840,
       1,     169,     213,       3,       1,       3,       1,     10.0000,      1.4067,     42.6975,    250.2597,     62.9807,      3.4953,      0.0000,     -0.0316,      1.8943,      0.1330,      5.6203,     11.2405,      1.1752,     29.0808,     58.1616,      0.0194,      0.0015,      0.0156,      0.2083,   7859.5757,-422202.4062,   -921.9803,    554.6711,  26198.5840,
       1,     169,     213,       4,       1,       3,       1,     10.0000,      1.4067,     42.6975,    250.2597,     62.9807,      3.4953,      0.0000,     -0.0316,      1.4170,      0.1323,      5.6203,     11.2405,      1.1693,     29.0808,     58.1616,      0.0194,      0.0011,      0.0156,      0.2083,   7859.5757,-421899.9688,   -921.9597,    554.6920,  26198.5820,
       1,     169,     213,       5,       1,       3,       1,     10.0000,      1.4067,     42.6975,    250.2597,     62.9807,      3.4953,      0.0000,     -0.0315,      0.9797,      0.1295,      5.6203,     11.2405,      1.1446,     29.0808,     58.1616,      0.0194,      0.0008,      0.0156,      0.2083,   7859.5747,-421292.1250,   -921.8790,    554.7342,  26198.5840,
       1,     169,     213,       6,       1,       3,       1,     10.0000,      1.4067,     42.6975,    250.2597,     62.9807,      3.4953,      0.0000,     -0.0315,      0.6909,      0.1306,      5.6203,     11.2405,      1.1539,     29.0808,     58.1616,      0.0194,      0.0005,      0.0156,      0.2083,   7859.5757,-420706.4062,   -921.7900,    554.7748,  26198.5820,
       1,     169,     213,       7,       1,       3,       1,     10.0000,      1.4067,     42.6975,    250.2597,     62.9807,      3.4953,      0.0000,     -0.0315,      0.6231,      0.1309,      5.6203,     11.2405,      1.1563,     29.0808,     58.1616,      0.0194,      0.0005,      0.0156,      0.2083,   7859.5747,-420304.6250,   -921.7294,    554.8027,  26198.5840,
       1,     169,     213,       8,       1,       3,       1,     10.0000,      1.4067,     42.6975,    250.2597,     62.9807,      3.4953,      0.0049,     -0.0267,      0.3963,      0.1323,      5.6203,     11.2405,      1.1693,     29.0808,     58.1616,      0.0194,      0.0003,      0.0156,      0.2083,   7859.5757,-420187.4062,   -921.7199,    554.8108,  26198.5820,
       1,     169,     213,       9,       1,       3,       1,     10.0000,      1.4067,     42.6975,    250.2597,     62.9807,      3.4953,      0.0499,      0.0181,      1.1124,      0.1386,      5.6203,     11.2405,      1.2251,     29.0808,     58.1616,      0.0194,      0.0003,      0.0515,      0.2083,   7859.5747,-419901.0000,   -921.6748,    554.8306,  26198.5840,
       1,     169,     213,      10,       1,       3,       1,     10.0000,      1.4067,     42.6975,    250.2597,     62.9807,      3.4953,      0.1078,      0.0753,      3.3665,      0.1593,      5.6203,     11.2405,      1.4080,     29.0808,     58.1616,      0.0194,      0.0003,      0.1339,      0.2083,   7859.5757,-420750.5938,   -921.8799,    554.7717,  26198.5840,
       1,     169,     213,      11,       1,       3,       1,     10.0000,      1.4067,     42.6975,    250.2597,     62.9807,      3.4953,      0.1526,      0.1191,      8.0788,      0.1867,      5.6203,     11.2405,      1.6501,     29.0808,     58.1616,      0.0194,      0.0005,      0.1977,      0.2083,   7859.5757,-423574.4062,   -922.5331,    554.5759,  26198.5820,
       1,     169,     213,      12,       1,       3,       1,     10.0000,      1.4067,     42.6975,    250.2597,     62.9807,      3.4953,      0.1823,      0.1480,     12.2984,      0.2142,      5.6203,     11.2405,      1.8930,     29.0808,     58.1616,      0.0194,      0.0006,      0.2406,      0.2083,   7859.5747,-429567.0625,   -923.9642,    554.1605,  26198.5840,
       1,     169,     213,      13,       1,       3,       1,     10.0000,      1.4067,     42.6975,    250.2597,     62.9807,      3.4953,      0.1695,      0.1351,     10.7711,      0.2176,      5.6203,     11.2405,      1.9230,     29.0808,     58.1616,      0.0194,      0.0006,      0.2220,      0.2083,   7859.5757,-435226.6250,   -925.4756,    553.7686,  26198.5840,
       1,     169,     213,      14,       1,       3,       1,     10.0000,      1.4067,     42.6975,    250.2597,     62.9807,      3.4953,      0.1812,      0.1464,     17.3661,      0.2324,      5.6203,     11.2405,      2.0536,     29.0808,     58.1616,      0.0194,      0.0009,      0.2385,      0.2083,   7859.5757,-433840.5938,   -925.4769,    553.8648,  26198.5859,
       1,     169,     213,      15,       1,       3,       1,     10.0000,      1.4067,     42.6975,    250.2597,     62.9807,      3.4953,      0.1912,      0.1565,     44.7180,      0.2315,      5.6203,     11.2405,      2.0456,     29.0808,     58.1616,      0.0194,      0.0022,      0.2500,      0.2083,   7859.5762,-441775.8125,   -927.3177,    553.3154,  26198.5840,
       1,     169,     213,      16,       1,       3,       1,     10.0000,      1.4067,     42.6975,    250.2597,     62.9807,      3.4953,      0.1934,      0.1593,     70.8504,      0.2107,      5.6203,     11.2405,      1.8616,     29.0808,     58.1616,      0.0194,      0.0035,      0.2500,      0.2082,   7859.5757,-475850.2500,   -934.2070,    550.9589,  26198.5840,
       1,     169,     213,      17,       1,       3,       1,     10.0000,      1.4067,     42.6975,    250.2597,     62.9807,      3.4953,      0.1844,      0.1510,     97.8328,      0.1827,      5.6203,     11.2405,      1.6144,     29.0808,     58.1616,      0.0194,      0.0051,      0.2335,      0.2082,   7859.5757,-510673.2812,   -941.3274,    548.5656,  26198.5840,
       1,     169,     213,      18,       1,       3,       1,     10.0000,      1.4067,     42.6975,    250.2597,     62.9807,      3.4953,      0.1442,      0.1105,     84.7371,      0.1966,      5.6203,     11.2405,      1.7373,     29.0808,     58.1616,      0.0194,      0.0058,      0.1769,      0.2082,   7859.5757,-546606.6250,   -948.7819,    546.1068,  26198.5840,
       1,     169,     213,      19,       1,       3,       1,     10.0000,      1.4067,     42.6975,    250.2597,     62.9807,      3.4953,      0.1159,      0.0823,     66.4379,      0.1931,      5.6203,     11.2405,      1.7066,     29.0808,     58.1616,      0.0194,      0.0059,      0.1380,      0.2081,   7859.5757,-533628.4375,   -946.7808,    546.9983,  26198.5840,
       1,     169,     213,      20,       1,       3,       1,     10.0000,      1.4067,     42.6975,    250.2597,     62.9807,      3.4953,      0.0653,      0.0320,     40.1066,      0.1798,      5.6203,     11.2405,      1.5889,     29.0808,     58.1616,      0.0194,      0.0072,      0.0679,      0.2081,   7859.5757,-510151.5625,   -942.6285,    548.6042,  26198.5840,
       1,     169,     213,      21,       1,       3,       1,     10.0000,      1.4067,     42.6975,    250.2597,     62.9807,      3.4953,      0.0001,     -0.0327,      5.7637,      0.1665,      5.6203,     11.2405,      1.4714,     29.0808,     58.1616,      0.0194,      0.0045,      0.0156,      0.2082,   7859.5757,-475990.0938,   -936.2265,    550.9493,  26198.5840,
       1,     169,     213,      22,       1,       3,       1,     10.0000,      1.4067,     42.6975,    250.2597,     62.9807,      3.4953,      0.0000,     -0.0327,      3.5087,      0.1640,      5.6203,     11.2405,      1.4495,     29.0808,     58.1616,      0.0194,      0.0027,      0.0156,      0.2082,   7859.5757,-431160.3438,   -927.5596,    554.0416,  26198.5840,
       1,     169,     213,      23,       1,       3,       1,     10.0000,      1.4067,     42.6975,    250.2597,     62.9807,      3.4953,      0.0000,     -0.0327,      4.6350,      0.1630,      5.6203,     11.2405,      1.4408,     29.0808,     58.1616,      0.0194,      0.0036,      0.0156,      0.2083,   7859.5757,-424639.5312,   -926.2925,    554.5020,  26198.5840,
       1,     169,     213,      24,       1,       3,       1,     10.0000,      1.4067,     42.6975,    250.2597,     62.9807,      3.4953,      0.0000,     -0.0327,      4.7970,      0.1627,      5.6203,     11.2405,      1.4379,     29.0808,     58.1616,      0.0194,      0.0037,      0.0156,      0.2083,   7859.5757,-425452.7188,   -926.4420,    554.4457,  26198.5801,
       1,     169,     214,       1,       1,       3,       1,     10.0000,      1.4067,     42.6978,    250.2656,     62.9822,      3.4953,      0.0000,     -0.0324,      4.3237,      0.1549,      5.6210,     11.2420,      1.3689,     29.0838,     58.1675,      0.0194,      0.0034,      0.0156,      0.2083,   7859.5742,-425874.2500,   -926.7954,    554.4296,  26199.7539,
       1,     169,     214,       2,       1,       3,       1,     10.0000,      1.4067,     42.6978,    250.2656,     62.9822,      3.4953,      0.0000,     -0.0325,      3.3836,      0.1565,      5.6210,     11.2420,      1.3828,     29.0838,     58.1675,      0.0194,      0.0026,      0.0156,      0.2083,   7859.9263,-425179.4375,   -926.3757,    554.4778,  26199.7539,
       1,     169,     214,       3,       1,       3,       1,     10.0000,      1.4067,     42.6978,    250.2656,     62.9822,      3.4953,      0.0000,     -0.0324,      2.6092,      0.1557,      5.6210,     11.2420,      1.3758,     29.0838,     58.1675,      0.0194,      0.0020,      0.0156,      0.2083,   7859.9263,-423972.8125,   -926.1317,    554.5614,  26199.7539,
       1,     169,     214,       4,       1,       3,       1,     10.0000,      1.4067,     42.6978,    250.2656,     62.9822,      3.4953,      0.0000,     -0.0325,      2.3839,      0.1571,      5.6210,     11.2420,      1.3883,     29.0838,     58.1675,      0.0194,      0.0019,      0.0156,      0.2083,   7859.9263,-422925.4688,   -925.9219,    554.6340,  26199.7539,
       1,     169,     214,       5,       1,       3,       1,     10.0000,      1.4067,     42.6978,    250.2656,     62.9822,      3.4953,      0.0000,     -0.0324,      2.2248,      0.1532,      5.6210,     11.2420,      1.3539,     29.0838,     58.1675,      0.0194,      0.0017,      0.0156,      0.2083,   7859.9263,-422561.7188,   -925.8446,    554.6592,  26199.7539,
       1,     169,     214,       6,       1,       3,       1,     10.0000,      1.4067,     42.6978,    250.2656,     62.9822,      3.4953,      0.0000,     -0.0321,      1.5512,      0.1473,      5.6210,     11.2420,      1.3017,     29.0838,     58.1675,      0.0194,      0.0012,      0.0156,      0.2083,   7859.9263,-422336.8438,   -925.7958,    554.6749,  26199.7539,
       1,     169,     214,       7,       1,       3,       1,     10.0000,      1.4067,     42.6978,    250.2656,     62.9822,      3.4953,      0.0000,     -0.0319,      1.8640,      0.1419,      5.6210,     11.2420,      1.2540,     29.0838,     58.1675,      0.0194,      0.0015,      0.0156,      0.2083,   7859.9263,-421495.4375,   -925.6317,    554.7332,  26199.7539,
       1,     169,     214,       8,       1,       3,       1,     10.0000,      1.4067,     42.6978,    250.2656,     62.9822,      3.4953,      0.0125,     -0.0193,      1.3668,      0.1381,      5.6210,     11.2420,      1.2202,     29.0838,     58.1675,      0.0194,      0.0011,      0.0156,      0.2083,   7859.9263,-421806.0312,   -925.6880,    554.7117,  26199.7539,
       1,     169,     214,       9,       1,       3,       1,     10.0000,      1.4067,     42.6978,    250.2656,     62.9822,      3.4953,      0.1424,      0.1102,     16.7414,      0.1464,      5.6210,     11.2420,      1.2939,     29.0838,     58.1675,      0.0194,      0.0011,      0.1821,      0.2083,   7859.9263,-421225.3750,   -925.5708,    554.7519,  26199.7539,
       1,     169,     214,      10,       1,       3,       1,     10.0000,      1.4067,     42.6978,    250.2656,     62.9822,      3.4953,      0.1647,      0.1319,     11.1594,      0.1667,      5.6210,     11.2420,      1.4729,     29.0838,     58.1675,      0.0194,      0.0006,      0.2149,      0.2083,   7859.9263,-439944.0625,   -929.2395,    553.4539,  26199.7559,
       1,     169,     214,      11,       1,       3,       1,     10.0000,      1.4067,     42.6978,    250.2656,     62.9822,      3.4953,      0.1887,      0.1554,      8.6651,      0.1840,      5.6210,     11.2420,      1.6257,     29.0838,     58.1675,      0.0194,      0.0004,      0.2500,      0.2083,   7859.9272,-434716.4062,   -928.2162,    553.8171,  26199.7539,
       1,     169,     214,      12,       1,       3,       1,     10.0000,      1.4067,     42.6978,    250.2656,     62.9822,      3.4953,      0.1887,      0.1548,      9.9579,      0.2005,      5.6210,     11.2420,      1.7721,     29.0838,     58.1675,      0.0194,      0.0005,      0.2500,      0.2083,   7859.9263,-431227.5312,   -927.4886,    554.0587,  26199.7559,
       1,     169,     214,      13,       1,       3,       1,     10.0000,      1.4067,     42.6978,    250.2656,     62.9822,      3.4953,      0.1895,      0.1556,     19.6391,      0.2005,      5.6210,     11.2420,      1.7721,     29.0838,     58.1675,      0.0194,      0.0010,      0.2500,      0.2083,   7859.9272,-432510.6875,   -927.6534,    553.9699,  26199.7539,
       1,     169,     214,      14,       1,       3,       1,     10.0000,      1.4067,     42.6978,    250.2656,     62.9822,      3.4953,      0.1899,      0.1559,     25.7838,      0.2070,      5.6210,     11.2420,      1.8289,     29.0838,     58.1675,      0.0194,      0.0013,      0.2500,      0.2083,   7859.9263,-444439.0312,   -929.8991,    553.1439,  26199.7539,
       1,     169,     214,      15,       1,       3,       1,     10.0000,      1.4067,     42.6978,    250.2656,     62.9822,      3.4953,      0.1909,      0.1564,     38.7495,      0.2200,      5.6210,     11.2420,      1.9440,     29.0838,     58.1675,      0.0194,      0.0019,      0.2500,      0.2083,   7859.9263,-452952.9062,   -931.5301,    552.5558,  26199.7559,
       1,     169,     214,      16,       1,       3,       1,     10.0000,      1.4067,     42.6978,    250.2656,     62.9822,      3.4953,      0.1848,      0.1502,     65.2646,      0.2279,      5.6210,     11.2420,      2.0138,     29.0838,     58.1675,      0.0194,      0.0033,      0.2383,      0.2083,   7859.9272,-469507.2188,   -934.7788,    551.4128,  26199.7539,
       1,     169,     214,      17,       1,       3,       1,     10.0000,      1.4067,     42.6978,    250.2656,     62.9822,      3.4953,      0.1833,      0.1491,     83.4109,      0.2113,      5.6210,     11.2420,      1.8671,     29.0838,     58.1675,      0.0194,      0.0043,      0.2338,      0.2082,   7859.9263,-503298.5312,   -941.5670,    549.0848,  26199.7539,
       1,     169,     214,      18,       1,       3,       1,     10.0000,      1.4067,     42.6978,    250.2656,     62.9822,      3.4953,      0.1736,      0.1403,     65.4500,      0.1823,      5.6210,     11.2420,      1.6112,     29.0838,     58.1675,      0.0194,      0.0036,      0.2216,      0.2082,   7859.9263,-528341.8125,   -946.7538,    547.3708,  26199.7559,
       1,     169,     214,      19,       1,       3,       1,     10.0000,      1.4067,     42.6978,    250.2656,     62.9822,      3.4953,      0.1159,      0.0825,     42.6761,      0.1838,      5.6210,     11.2420,      1.6241,     29.0838,     58.1675,      0.0194,      0.0037,      0.1407,      0.2082,   7859.9272,-508494.8438,   -943.0876,    548.7314,  26199.7539,
       1,     169,     214,      20,       1,       3,       1,     10.0000,      1.4067,     42.6978,    250.2656,     62.9822,      3.4953,      0.0395,      0.0062,     11.4434,      0.1816,      5.6210,     11.2420,      1.6048,     29.0838,     58.1675,      0.0194,      0.0041,      0.0338,      0.2082,   7859.9263,-478987.9688,   -937.4285,    550.7571,  26199.7539,
       1,     169,     214,      21,       1,       3,       1,     10.0000,      1.4067,     42.6978,    250.2656,     62.9822,      3.4953,      0.0002,     -0.0331,      5.3639,      0.1800,      5.6210,     11.2420,      1.5905,     29.0838,     58.1675,      0.0194,      0.0042,      0.0156,      0.2082,   7859.9263,-438350.6562,   -929.4069,    553.5585,  26199.7539,
       1,     169,     214,      22,       1,       3,       1,     10.0000,      1.4067,     42.6978,    250.2656,     62.9822,      3.4953,      0.0000,     -0.0332,      4.2391,      0.1775,      5.6210,     11.2420,      1.5685,     29.0838,     58.1675,      0.0194,      0.0033,      0.0156,      0.2083,   7859.9263,-427512.4375,   -927.2158,    554.3156,  26199.7539,
       1,     169,     214,      23,       1,       3,       1,     10.0000,      1.4067,     42.6978,    250.2656,     62.9822,      3.4953,      0.0000,     -0.0331,      2.5968,      0.1761,      5.6210,     11.2420,      1.5561,     29.0838,     58.1675,      0.0194,      0.0020,      0.0156,      0.2083,   7859.9263,-425215.3438,   -926.7194,    554.4752,  26199.7520,
       1,     169,     214,      24,       1,       3,       1,     10.0000,      1.4067,     42.6978,    250.2656,     62.9822,      3.4953,      0.0000,     -0.0330,      2.5403,      0.1719,      5.6210,     11.2420,      1.5193,     29.0838,     58.1675,      0.0194,      0.0020,      0.0156,      0.2083,   7859.9258,-423015.8438,   -926.2617,    554.6277,  26199.7539,
       1,     169,     215,       1,       1,       3,       1,     10.0000,      1.4067,     42.6982,    250.2715,     62.9836,      3.4953,      0.0000,     -0.0329,      2.5938,      0.1704,      5.6200,     11.2401,      1.5057,     29.0919,     58.1839,      0.0194,      0.0020,      0.0156,      0.2083,   7859.9263,-422916.0000,   -926.5049,    554.6476,  26200.9316,
       1,     169,     215,       2,       1,       3,       1,     10.0000,      1.4067,     42.6982,    250.2715,     62.9836,      3.4953,      0.0000,     -0.0329,      2.7179,      0.1694,      5.6200,     11.2401,      1.4967,     29.0919,     58.1839,      0.0194,      0.0021,      0.0156,      0.2083,   7860.2798,-422819.9062,   -926.1815,    554.6544,  26200.9316,
       1,     169,     215,       3,       1,       3,       1,     10.0000,      1.4067,     42.6982,    250.2715,     62.9836,      3.4953,      0.0000,     -0.0328,      2.4403,      0.1665,      5.6200,     11.2401,      1.4715,     29.0919,     58.1839,      0.0194,      0.0019,      0.0156,      0.2083,   7860.2798,-422963.1875,   -926.1852,    554.6444,  26200.9336,
       1,     169,     215,       4,       1,       3,       1,     10.0000,      1.4067,     42.6982,    250.2715,     62.9836,      3.4953,      0.0000,     -0.0326,      2.2870,      0.1609,      5.6200,     11.2401,      1.4222,     29.0919,     58.1839,      0.0194,      0.0018,      0.0156,      0.2083,   7860.2803,-422636.2188,   -926.0997,    554.6671,  26200.9316,
       1,     169,     215,       5,       1,       3,       1,     10.0000,      1.4067,     42.6982,    250.2715,     62.9836,      3.4953,      0.0000,     -0.0325,      2.1284,      0.1582,      5.6200,     11.2401,      1.3982,     29.0919,     58.1839,      0.0194,      0.0017,      0.0156,      0.2083,   7860.2798,-422421.7188,   -926.0380,    554.6819,  26200.9316,
       1,     169,     215,       6,       1,       3,       1,     10.0000,      1.4067,     42.6982,    250.2715,     62.9836,      3.4953,      0.0000,     -0.0325,      1.9400,      0.1559,      5.6200,     11.2401,      1.3773,     29.0919,     58.1839,      0.0194,      0.0015,      0.0156,      0.2083,   7860.2798,-422209.9062,   -925.9778,    554.6967,  26200.9316,
       1,     169,     215,       7,       1,       3,       1,     10.0000,      1.4067,     42.6982,    250.2715,     62.9836,      3.4953,      0.0000,     -0.0322,      1.6313,      0.1478,      5.6200,     11.2401,      1.3057,     29.0919,     58.1839,      0.0194,      0.0013,      0.0156,      0.2083,   7860.2798,-421962.0625,   -925.9125,    554.7138,  26200.9297,
       1,     169,     215,       8,       1,       3,       1,     10.0000,      1.4067,     42.6982,    250.2715,     62.9836,      3.4953,      0.0113,     -0.0207,      1.4869,      0.1412,      5.6200,     11.2401,      1.2477,     29.0919,     58.1839,      0.0194,      0.0012,      0.0156,      0.2083,   7860.2793,-421564.5312,   -925.8299,    554.7414,  26200.9316,
       1,     169,     215,       9,       1,       3,       1,     10.0000,      1.4067,     42.6982,    250.2715,     62.9836,      3.4953,      0.0601,      0.0268,      6.3504,      0.1807,      5.6200,     11.2401,      1.5969,     29.0919,     58.1839,      0.0194,      0.0012,      0.0642,      0.2083,   7860.2798,-421354.3125,   -925.7768,    554.7559,  26200.9297,
       1,     169,     215,      10,       1,       3,       1,     10.0000,      1.4067,     42.6982,    250.2715,     62.9836,      3.4953,      0.1662,      0.1318,     19.2476,      0.2178,      5.6200,     11.2401,      1.9250,     29.0919,     58.1839,      0.0194,      0.0011,      0.2163,      0.2083,   7860.2793,-427272.9688,   -926.9328,    554.3455,  26200.9336,
       1,     169,     215,      11,       1,       3,       1,     10.0000,      1.4067,     42.6982,    250.2715,     62.9836,      3.4953,      0.1807,      0.1460,     20.2573,      0.2259,      5.6200,     11.2401,      1.9962,     29.0919,     58.1839,      0.0194,      0.0010,      0.2373,      0.2083,   7860.2803,-443517.0938,   -930.0986,    553.2200,  26200.9316,
       1,     169,     215,      12,       1,       3,       1,     10.0000,      1.4067,     42.6982,    250.2715,     62.9836,      3.4953,      0.1891,      0.1540,     17.5598,      0.2410,      5.6200,     11.2401,      2.1293,     29.0919,     58.1839,      0.0194,      0.0009,      0.2500,      0.2083,   7860.2798,-446127.1875,   -930.5585,    553.0407,  26200.9336,
       1,     169,     215,      13,       1,       3,       1,     10.0000,      1.4067,     42.6982,    250.2715,     62.9836,      3.4953,      0.1888,      0.1535,     14.9621,      0.2505,      5.6200,     11.2401,      2.2139,     29.0919,     58.1839,      0.0194,      0.0007,      0.2500,      0.2083,   7860.2803,-443052.5938,   -929.8130,    553.2532,  26200.9297,
       1,     169,     215,      14,       1,       3,       1,     10.0000,      1.4067,     42.6982,    250.2715,     62.9836,      3.4953,      0.1919,      0.1566,     54.7412,      0.2520,      5.6200,     11.2401,      2.2269,     29.0919,     58.1839,      0.0194,      0.0027,      0.2500,      0.2083,   7860.2793,-439621.5625,   -928.9936,    553.4906,  26200.9336,
       1,     169,     215,      15,       1,       3,       1,     10.0000,      1.4067,     42.6982,    250.2715,     62.9836,      3.4953,      0.1952,      0.1601,     95.9364,      0.2429,      5.6200,     11.2401,      2.1460,     29.0919,     58.1839,      0.0194,      0.0047,      0.2500,      0.2083,   7860.2803,-487896.7812,   -938.5636,    550.1506,  26200.9297,
       1,     169,     215,      16,       1,       3,       1,     10.0000,      1.4067,     42.6982,    250.2715,     62.9836,      3.4953,      0.1811,      0.1462,    108.3137,      0.2382,      5.6200,     11.2401,      2.1045,     29.0919,     58.1839,      0.0194,      0.0058,      0.2281,      0.2083,   7860.2793,-542335.4375,   -949.5748,    546.4171,  26200.9297,
       1,     169,     215,      17,       1,       3,       1,     10.0000,      1.4067,     42.6982,    250.2715,     62.9836,      3.4953,      0.1829,      0.1488,    113.0203,      0.2080,      5.6200,     11.2401,      1.8380,     29.0919,     58.1839,      0.0194,      0.0060,      0.2299,      0.2082,   7860.2793,-562088.0625,   -953.8740,    545.0806,  26200.9297,
       1,     169,     215,      18,       1,       3,       1,     10.0000,      1.4067,     42.6982,    250.2715,     62.9836,      3.4953,      0.1760,      0.1420,    113.5665,      0.2066,      5.6200,     11.2401,      1.8254,     29.0919,     58.1839,      0.0194,      0.0063,      0.2198,      0.2082,   7860.2793,-569499.6250,   -955.7716,    544.5773,  26200.9297,
       1,     169,     215,      19,       1,       3,       1,     10.0000,      1.4067,     42.6982,    250.2715,     62.9836,      3.4953,      0.1346,      0.1008,     72.5501,      0.1968,      5.6200,     11.2401,      1.7391,     29.0919,     58.1839,      0.0194,      0.0054,      0.1643,      0.2081,   7860.2793,-570790.9375,   -956.4690,    544.4895,  26200.9316,
       1,     169,     215,      20,       1,       3,       1,     10.0000,      1.4067,     42.6982,    250.2715,     62.9836,      3.4953,      0.0172,     -0.0163,      1.0351,      0.1879,      5.6200,     11.2401,      1.6600,     29.0919,     58.1839,      0.0194,      0.0051,      0.0025,      0.2081,   7860.2798,-520719.9375,   -946.7537,    547.8973,  26200.9277,
       1,     169,     215,      21,       1,       3,       1,     10.0000,      1.4067,     42.6982,    250.2715,     62.9836,      3.4953,      0.0003,     -0.0328,      6.2879,      0.1733,      5.6200,     11.2401,      1.5315,     29.0919,     58.1839,      0.0194,      0.0049,      0.0156,      0.2082,   7860.2788,-429117.5625,   -928.3618,    554.1816,  26200.9297,
       1,     169,     215,      22,       1,       3,       1,     10.0000,      1.4067,     42.6982,    250.2715,     62.9836,      3.4953,      0.0000,     -0.0329,      5.2939,      0.1677,      5.6200,     11.2401,      1.4818,     29.0919,     58.1839,      0.0194,      0.0041,      0.0156,      0.2083,   7860.2793,-427898.1250,   -928.0679,    554.3024,  26200.9297,
       1,     169,     215,      23,       1,       3,       1,     10.0000,      1.4067,     42.6982,    250.2715,     62.9836,      3.4953,      0.0000,     -0.0329,      4.5906,      0.1679,      5.6200,     11.2401,      1.4833,     29.0919,     58.1839,      0.0194,      0.0036,      0.0156,      0.2083,   7860.2793,-426537.4375,   -927.7607,    554.3967,  26200.9297,
       1,     169,     215,      24,       1,       3,       1,     10.0000,      1.4067,     42.6982,    250.2715,     62.9836,      3.4953,      0.0000,     -0.0328,      3.5965,      0.1659,      5.6200,     11.2401,      1.4656,     29.0919,     58.1839,      0.0194,      0.0028,      0.0156,      0.2083,   7860.2793,-425563.8125,   -927.5358,    554.4642,  26200.9297,
       1,     169,     216,       1,       1,       3,       1,     10.0000,      1.4068,     42.6985,    250.2774,     62.9851,      3.4953,      0.0000,     -0.0325,      2.8323,      0.1563,      5.6215,     11.2429,      1.3814,     29.0978,     58.1956,      0.0194,      0.0022,      0.0156,      0.2083,   7860.2793,-424423.3438,   -932.0689,    554.5563,  26202.1055,
       1,     169,     216,       2,       1,       3,       1,     10.0000,      1.4068,     42.6985,    250.2774,     62.9851,      3.4953,      0.0000,     -0.0325,      2.0650,      0.1579,      5.6215,     11.2429,      1.3954,     29.0978,     58.1956,      0.0194,      0.0016,      0.0156,      0.2083,   7860.6318,-423241.2188,   -931.5524,    554.6382,  26202.1035,
       1,     169,     216,       3,       1,       3,       1,     10.0000,      1.4068,     42.6985,    250.2774,     62.9851,      3.4953,      0.0000,     -0.0326,      1.6370,      0.1595,      5.6215,     11.2429,      1.4095,     29.0978,     58.1956,      0.0194,      0.0013,      0.0156,      0.2083,   7860.6313,-422205.0000,   -931.5535,    554.7101,  26202.1035,
       1,     169,     216,       4,       1,       3,       1,     10.0000,      1.4068,     42.6985,    250.2774,     62.9851,      3.4953,      0.0000,     -0.0325,      1.8558,      0.1585,      5.6215,     11.2429,      1.4010,     29.0978,     58.1956,      0.0194,      0.0014,      0.0156,      0.2083,   7860.6313,-421594.9688,   -931.4357,    554.7524,  26202.1035,
       1,     169,     216,       5,       1,       3,       1,     10.0000,      1.4068,     42.6985,    250.2774,     62.9851,      3.4953,      0.0000,     -0.0325,      1.5952,      0.1557,      5.6215,     11.2429,      1.3759,     29.0978,     58.1956,      0.0194,      0.0012,      0.0156,      0.2083,   7860.6313,-421810.3438,   -931.4811,    554.7374,  26202.1035,
       1,     169,     216,       6,       1,       3,       1,     10.0000,      1.4068,     42.6985,    250.2774,     62.9851,      3.4953,      0.0000,     -0.0323,      0.6096,      0.1517,      5.6215,     11.2429,      1.3404,     29.0978,     58.1956,      0.0194,      0.0005,      0.0156,      0.2083,   7860.6313,-421510.5625,   -931.4239,    554.7582,  26202.1035,
       1,     169,     216,       7,       1,       3,       1,     10.0000,      1.4068,     42.6985,    250.2774,     62.9851,      3.4953,      0.0000,     -0.0323,      0.9317,      0.1528,      5.6215,     11.2429,      1.3499,     29.0978,     58.1956,      0.0194,      0.0007,      0.0156,      0.2083,   7860.6313,-420282.4062,   -931.1826,    554.8434,  26202.1035,
       1,     169,     216,       8,       1,       3,       1,     10.0000,      1.4068,     42.6985,    250.2774,     62.9851,      3.4953,      0.0205,     -0.0118,      0.5328,      0.1514,      5.6215,     11.2429,      1.3377,     29.0978,     58.1956,      0.0194,      0.0007,      0.0089,      0.2083,   7860.6313,-420571.4688,   -931.2826,    554.8234,  26202.1035,
       1,     169,     216,       9,       1,       3,       1,     10.0000,      1.4068,     42.6985,    250.2774,     62.9851,      3.4953,      0.1287,      0.0963,      7.9722,      0.1545,      5.6215,     11.2429,      1.3649,     29.0978,     58.1956,      0.0194,      0.0006,      0.1634,      0.2083,   7860.6313,-420109.0625,   -931.1987,    554.8554,  26202.1035,
       1,     169,     216,      10,       1,       3,       1,     10.0000,      1.4068,     42.6985,    250.2774,     62.9851,      3.4953,      0.1791,      0.1462,      8.5613,      0.1684,      5.6215,     11.2429,      1.4878,     29.0978,     58.1956,      0.0194,      0.0004,      0.2359,      0.2083,   7860.6313,-429149.0000,   -933.0261,    554.2285,  26202.1035,
       1,     169,     216,      11,       1,       3,       1,     10.0000,      1.4068,     42.6985,    250.2774,     62.9851,      3.4953,      0.1876,      0.1537,     11.6571,      0.2033,      5.6215,     11.2429,      1.7968,     29.0978,     58.1956,      0.0194,      0.0006,      0.2483,      0.2083,   7860.6313,-430634.0625,   -933.3802,    554.1260,  26202.1055,
       1,     169,     216,      12,       1,       3,       1,     10.0000,      1.4068,     42.6985,    250.2774,     62.9851,      3.4953,      0.1886,      0.1538,     11.3432,      0.2322,      5.6215,     11.2429,      2.0517,     29.0978,     58.1956,      0.0194,      0.0006,      0.2500,      0.2083,   7860.6318,-434537.7188,   -934.2171,    553.8556,  26202.1035,
       1,     169,     216,      13,       1,       3,       1,     10.0000,      1.4068,     42.6985,    250.2774,     62.9851,      3.4953,      0.1886,      0.1538,     10.2489,      0.2313,      5.6215,     11.2429,      2.0437,     29.0978,     58.1956,      0.0194,      0.0005,      0.2500,      0.2083,   7860.6313,-434485.0625,   -934.2393,    553.8593,  26202.1035,
       1,     169,     216,      14,       1,       3,       1,     10.0000,      1.4068,     42.6985,    250.2774,     62.9851,      3.4953,      0.1888,      0.1540,     13.8972,      0.2324,      5.6215,     11.2429,      2.0537,     29.0978,     58.1956,      0.0194,      0.0007,      0.2500,      0.2083,   7860.6313,-433144.7812,   -933.9556,    553.9521,  26202.1035,
       1,     169,     216,      15,       1,       3,       1,     10.0000,      1.4068,     42.6985,    250.2774,     62.9851,      3.4953,      0.1900,      0.1551,     29.5166,      0.2368,      5.6215,     11.2429,      2.0922,     29.0978,     58.1956,      0.0194,      0.0014,      0.2500,      0.2083,   7860.6313,-437484.6875,   -934.7690,    553.6516,  26202.1035,
       1,     169,     216,      16,       1,       3,       1,     10.0000,      1.4068,     42.6985,    250.2774,     62.9851,      3.4953,      0.1812,      0.1467,     61.9698,      0.2226,      5.6215,     11.2429,      1.9671,     29.0978,     58.1956,      0.0194,      0.0032,      0.2333,      0.2083,   7860.6313,-456918.4688,   -938.6508,    552.3067,  26202.1035,
       1,     169,     216,      17,       1,       3,       1,     10.0000,      1.4068,     42.6985,    250.2774,     62.9851,      3.4953,      0.1773,      0.1427,     86.5254,      0.2235,      5.6215,     11.2429,      1.9748,     29.0978,     58.1956,      0.0194,      0.0047,      0.2248,      0.2083,   7860.6313,-498192.5625,   -947.0178,    549.4589,  26202.1055,
       1,     169,     216,      18,       1,       3,       1,     10.0000,      1.4068,     42.6985,    250.2774,     62.9851,      3.4953,      0.1427,      0.1090,     64.7359,      0.1949,      5.6215,     11.2429,      1.7220,     29.0978,     58.1956,      0.0194,      0.0045,      0.1770,      0.2083,   7860.6318,-531698.3750,   -953.9788,    547.1650,  26202.1055,
       1,     169,     216,      19,       1,       3,       1,     10.0000,      1.4068,     42.6985,    250.2774,     62.9851,      3.4953,      0.0808,      0.0477,     30.8375,      0.1726,      5.6215,     11.2429,      1.5254,     29.0978,     58.1956,      0.0194,      0.0041,      0.0915,      0.2082,   7860.6318,-507891.9062,   -949.7874,    548.7980,  26202.1035,
       1,     169,     216,      20,       1,       3,       1,     10.0000,      1.4068,     42.6985,    250.2774,     62.9851,      3.4953,      0.0197,     -0.0132,      2.3629,      0.1674,      5.6215,     11.2429,      1.4789,     29.0978,     58.1956,      0.0194,      0.0043,      0.0068,      0.2083,   7860.6313,-464464.1875,   -941.2712,    551.7795,  26202.1035,
       1,     169,     216,      21,       1,       3,       1,     10.0000,      1.4068,     42.6985,    250.2774,     62.9851,      3.4953,      0.0001,     -0.0326,      4.7266,      0.1644,      5.6215,     11.2429,      1.4525,     29.0978,     58.1956,      0.0194,      0.0037,      0.0156,      0.2083,   7860.6313,-426050.8125,   -933.8707,    554.4371,  26202.1035,
       1,     169,     216,      22,       1,       3,       1,     10.0000,      1.4068,     42.6985,    250.2774,     62.9851,      3.4953,      0.0000,     -0.0327,      4.5606,      0.1644,      5.6215,     11.2429,      1.4525,     29.0978,     58.1956,      0.0194,      0.0036,      0.0156,      0.2083,   7860.6313,-425699.0000,   -933.8510,    554.4679,  26202.1035,
       1,     169,     216,      23,       1,       3,       1,     10.0000,      1.4068,     42.6985,    250.2774,     62.9851,      3.4953,      0.0000,     -0.0327,      3.1690,      0.1627,      5.6215,     11.2429,      1.4380,     29.0978,     58.1956,      0.0194,      0.0025,      0.0156,      0.2083,   7860.6313,-425458.7188,   -933.8471,    554.4846,  26202.1035,
       1,     169,     216,      24,       1,       3,       1,     10.0000,      1.4068,     42.6985,    250.2774,     62.9851,      3.4953,      0.0000,     -0.0327,      1.3888,      0.1618,      5.6215,     11.2429,      1.4294,     29.0978,     58.1956,      0.0194,      0.0011,      0.0156,      0.2083,   7860.6313,-423739.9062,   -933.5358,    554.6037,  26202.1035,
       1,     169,     217,       1,       1,       3,       1,     10.0000,      1.4068,     42.6988,    250.2833,     62.9866,      3.4953,      0.0000,     -0.0326,      0.9805,      0.1598,      5.6208,     11.2417,      1.4123,     29.1036,     58.2071,      0.0194,      0.0008,      0.0156,      0.2084,   7860.6313,-421577.5000,   -933.4033,    554.7666,  26203.2812,
       1,     169,     217,       2,       1,       3,       1,     10.0000,      1.4068,     42.6988,    250.2833,     62.9866,      3.4953,      0.0000,     -0.0322,      0.6447,      0.1490,      5.6208,     11.2417,      1.3163,     29.1036,     58.2071,      0.0194,      0.0005,      0.0156,      0.2084,   7860.9849,-420743.3438,   -914.5539,    554.8245,  26203.2852,
       1,     169,     217,       3,       1,       3,       1,     10.0000,      1.4068,     42.6988,    250.2833,     62.9866,      3.4953,      0.0000,     -0.0320,      0.5615,      0.1437,      5.6208,     11.2417,      1.2694,     29.1036,     58.2071,      0.0194,      0.0004,      0.0156,      0.2084,   7860.9858,-420262.3438,   -914.5087,    554.8578,  26203.2852,
       1,     169,     217,       4,       1,       3,       1,     10.0000,      1.4068,     42.6988,    250.2833,     62.9866,      3.4953,      0.0000,     -0.0320,      0.6027,      0.1442,      5.6208,     11.2417,      1.2745,     29.1036,     58.2071,      0.0194,      0.0005,      0.0156,      0.2084,   7860.9858,-420120.1875,   -914.5064,    554.8677,  26203.2871,
       1,     169,     217,       5,       1,       3,       1,     10.0000,      1.4068,     42.6988,    250.2833,     62.9866,      3.4953,      0.0000,     -0.0322,      0.6497,      0.1482,      5.6208,     11.2417,      1.3097,     29.1036,     58.2071,      0.0194,      0.0005,      0.0156,      0.2084,   7860.9863,-420158.2812,   -914.5505,    554.8651,  26203.2832,
       1,     169,     217,       6,       1,       3,       1,     10.0000,      1.4068,     42.6988,    250.2833,     62.9866,      3.4953,      0.0000,     -0.0321,      0.4653,      0.1469,      5.6208,     11.2417,      1.2979,     29.1036,     58.2071,      0.0194,      0.0004,      0.0156,      0.2084,   7860.9854,-420219.3125,   -910.1858,    554.8608,  26203.2852,
       1,     169,     217,       7,       1,       3,       1,     10.0000,      1.4068,     42.6988,    250.2833,     62.9866,      3.4953,      0.0000,     -0.0321,      0.4038,      0.1457,      5.6208,     11.2417,      1.2875,     29.1036,     58.2071,      0.0194,      0.0003,      0.0156,      0.2084,   7860.9858,-419999.0938,   -910.1268,    554.8761,  26203.2832,
       1,     169,     217,       8,       1,       3,       1,     10.0000,      1.4068,     42.6988,    250.2833,     62.9866,      3.4953,      0.0053,     -0.0268,      0.3528,      0.1453,      5.6208,     11.2417,      1.2836,     29.1036,     58.2071,      0.0194,      0.0003,      0.0156,      0.2084,   7860.9854,-419905.8125,   -910.1075,    554.8826,  26203.2812,
       1,     169,     217,       9,       1,       3,       1,     10.0000,      1.4068,     42.6988,    250.2833,     62.9866,      3.4953,      0.1049,      0.0726,      3.0527,      0.1503,      5.6208,     11.2417,      1.3283,     29.1036,     58.2071,      0.0194,      0.0003,      0.1298,      0.2084,   7860.9849,-419835.8125,   -910.1072,    554.8874,  26203.2832,
       1,     169,     217,      10,       1,       3,       1,     10.0000,      1.4068,     42.6988,    250.2833,     62.9866,      3.4953,      0.1390,      0.1061,      4.7864,      0.1685,      5.6208,     11.2417,      1.4893,     29.1036,     58.2071,      0.0194,      0.0003,      0.1785,      0.2084,   7860.9854,-423124.2812,   -911.1107,    554.6593,  26203.2832,
       1,     169,     217,      11,       1,       3,       1,     10.0000,      1.4068,     42.6988,    250.2833,     62.9866,      3.4953,      0.1870,      0.1537,      7.2504,      0.1820,      5.6208,     11.2417,      1.6081,     29.1036,     58.2071,      0.0194,      0.0004,      0.2476,      0.2084,   7860.9854,-425518.4375,   -912.1744,    554.4935,  26203.2871,
       1,     169,     217,      12,       1,       3,       1,     10.0000,      1.4068,     42.6988,    250.2833,     62.9866,      3.4953,      0.1886,      0.1552,      7.4722,      0.1853,      5.6208,     11.2417,      1.6372,     29.1036,     58.2071,      0.0194,      0.0004,      0.2500,      0.2084,   7860.9863,-428727.2500,   -914.3461,    554.2709,  26203.2871,
       1,     169,     217,      13,       1,       3,       1,     10.0000,      1.4068,     42.6988,    250.2833,     62.9866,      3.4953,      0.1886,      0.1544,      8.5740,      0.2088,      5.6208,     11.2417,      1.8453,     29.1036,     58.2071,      0.0194,      0.0004,      0.2500,      0.2084,   7860.9863,-429269.6875,   -916.9139,    554.2335,  26203.2852,
       1,     169,     217,      14,       1,       3,       1,     10.0000,      1.4068,     42.6988,    250.2833,     62.9866,      3.4953,      0.1886,      0.1545,      8.7130,      0.2074,      5.6208,     11.2417,      1.8327,     29.1036,     58.2071,      0.0194,      0.0004,      0.2500,      0.2084,   7860.9858,-430660.3125,   -919.1517,    554.1371,  26203.2852,
       1,     169,     217,      15,       1,       3,       1,     10.0000,      1.4068,     42.6988,    250.2833,     62.9866,      3.4953,      0.1884,      0.1537,     20.1712,      0.2306,      5.6208,     11.2417,      2.0378,     29.1036,     58.2071,      0.0194,      0.0010,      0.2486,      0.2084,   7860.9858,-430947.6250,   -920.2949,    554.1172,  26203.2871,
       1,     169,     217,      16,       1,       3,       1,     10.0000,      1.4068,     42.6988,    250.2833,     62.9866,      3.4953,      0.1905,      0.1557,     35.5540,      0.2333,      5.6208,     11.2417,      2.0618,     29.1036,     58.2071,      0.0194,      0.0017,      0.2500,      0.2084,   7860.9863,-444955.6875,   -923.9700,    553.1470,  26203.2852,
       1,     169,     217,      17,       1,       3,       1,     10.0000,      1.4068,     42.6988,    250.2833,     62.9866,      3.4953,      0.1898,      0.1568,     30.1891,      0.1711,      5.6208,     11.2417,      1.5118,     29.1036,     58.2071,      0.0194,      0.0015,      0.2489,      0.2084,   7860.9858,-464920.1875,   -928.8868,    551.7674,  26203.2832,
       1,     169,     217,      18,       1,       3,       1,     10.0000,      1.4068,     42.6988,    250.2833,     62.9866,      3.4953,      0.1254,      0.0924,     36.9671,      0.1702,      5.6208,     11.2417,      1.5043,     29.1036,     58.2071,      0.0194,      0.0029,      0.1552,      0.2083,   7860.9854,-460060.3438,   -921.7736,    552.1043,  26203.2832,
       1,     169,     217,      19,       1,       3,       1,     10.0000,      1.4068,     42.6988,    250.2833,     62.9866,      3.4953,      0.1245,      0.0913,     38.8897,      0.1773,      5.6208,     11.2417,      1.5671,     29.1036,     58.2071,      0.0194,      0.0031,      0.1537,      0.2083,   7860.9854,-467923.8438,   -924.1328,    551.5617,  26203.2832,
       1,     169,     217,      20,       1,       3,       1,     10.0000,      1.4068,     42.6988,    250.2833,     62.9866,      3.4953,      0.0348,      0.0021,      9.1513,      0.1631,      5.6208,     11.2417,      1.4409,     29.1036,     58.2071,      0.0194,      0.0040,      0.0279,      0.2083,   7860.9854,-470936.2188,   -925.5736,    551.3544,  26203.2852,
       1,     169,     217,      21,       1,       3,       1,     10.0000,      1.4068,     42.6988,    250.2833,     62.9866,      3.4953,      0.0001,     -0.0323,      5.8630,      0.1537,      5.6208,     11.2417,      1.3581,     29.1036,     58.2071,      0.0194,      0.0046,      0.0156,      0.2083,   7860.9858,-434874.5000,   -919.3416,    553.8397,  26203.2852,
       1,     169,     217,      22,       1,       3,       1,     10.0000,      1.4068,     42.6988,    250.2833,     62.9866,      3.4953,      0.0000,     -0.0322,      2.1828,      0.1479,      5.6208,     11.2417,      1.3071,     29.1036,     58.2071,      0.0194,      0.0017,      0.0156,      0.2084,   7860.9858,-427832.1875,   -918.4277,    554.3328,  26203.2852,
       1,     169,     217,      23,       1,       3,       1,     10.0000,      1.4068,     42.6988,    250.2833,     62.9866,      3.4953,      0.0000,     -0.0322,      0.9175,      0.1488,      5.6208,     11.2417,      1.3150,     29.1036,     58.2071,      0.0194,      0.0007,      0.0156,      0.2084,   7860.9858,-422739.2188,   -917.6139,    554.6860,  26203.2852,
       1,     169,     217,      24,       1,       3,       1,     10.0000,      1.4068,     42.6988,    250.2833,     62.9866,      3.4953,      0.0000,     -0.0324,      1.8644,      0.1534,      5.6208,     11.2417,      1.3553,     29.1036,     58.2071,      0.0194,      0.0015,      0.0156,      0.2084,   7860.9858,-420764.2812,   -917.2775,    554.8229,  26203.2852,
       1,     169,     218,       1,       1,       3,       1,     10.0000,      1.4068,     42.6992,    250.2892,     62.9881,      3.4953,      0.0000,     -0.0324,      0.7234,      0.1532,      5.6211,     11.2422,      1.3540,     29.1093,     58.2187,      0.0194,      0.0006,      0.0156,      0.2084,   7860.9858,-421908.3125,   -917.8205,    554.7568,  26204.4590,
       1,     169,     218,       2,       1,       3,       1,     10.0000,      1.4068,     42.6992,    250.2892,     62.9881,      3.4953,      0.0000,     -0.0323,      0.4074,      0.1514,      5.6211,     11.2422,      1.3378,     29.1093,     58.2187,      0.0194,      0.0003,      0.0156,      0.2084,   7861.3379,-420460.0625,   -917.3079,    554.8572,  26204.4590,
       1,     169,     218,       3,       1,       3,       1,     10.0000,      1.4068,     42.6992,    250.2892,     62.9881,      3.4953,      0.0000,     -0.0322,      0.4428,      0.1490,      5.6211,     11.2422,      1.3164,     29.1093,     58.2187,      0.0194,      0.0003,      0.0156,      0.2084,   7861.3379,-419952.0312,   -917.2181,    554.8924,  26204.4590,
       1,     169,     218,       4,       1,       3,       1,     10.0000,      1.4068,     42.6992,    250.2892,     62.9881,      3.4953,      0.0000,     -0.0322,      0.6370,      0.1484,      5.6211,     11.2422,      1.3111,     29.1093,     58.2187,      0.0194,      0.0005,      0.0156,      0.2084,   7861.3379,-419952.1875,   -917.2238,    554.8923,  26204.4590,
       1,     169,     218,       5,       1,       3,       1,     10.0000,      1.4068,     42.6992,    250.2892,     62.9881,      3.4953,      0.0000,     -0.0321,      0.5000,      0.1470,      5.6211,     11.2422,      1.2992,     29.1093,     58.2187,      0.0194,      0.0004,      0.0156,      0.2084,   7861.3379,-420189.2500,   -917.2858,    554.8759,  26204.4590,
       1,     169,     218,       6,       1,       3,       1,     10.0000,      1.4068,     42.6992,    250.2892,     62.9881,      3.4953,      0.0000,     -0.0321,      0.5181,      0.1461,      5.6211,     11.2422,      1.2914,     29.1093,     58.2187,      0.0194,      0.0004,      0.0156,      0.2084,   7861.3379,-420042.1562,   -917.2678,    554.8862,  26204.4590,
       1,     169,     218,       7,       1,       3,       1,     10.0000,      1.4068,     42.6992,    250.2892,     62.9881,      3.4953,      0.0000,     -0.0322,      0.5221,      0.1473,      5.6211,     11.2422,      1.3019,     29.1093,     58.2187,      0.0194,      0.0004,      0.0156,      0.2084,   7861.3379,-420051.6250,   -917.2795,    554.8854,  26204.4590,
       1,     169,     218,       8,       1,       3,       1,     10.0000,      1.4068,     42.6992,    250.2892,     62.9881,      3.4953,      0.0144,     -0.0177,      0.0139,      0.1447,      5.6211,     11.2422,      1.2784,     29.1093,     58.2187,      0.0194,      0.0004,      0.0004,      0.2084,   7861.3379,-420057.5312,   -917.2897,    554.8851,  26204.4590,
       1,     169,     218,       9,       1,       3,       1,     10.0000,      1.4068,     42.6992,    250.2892,     62.9881,      3.4953,      0.1255,      0.0934,      3.5584,      0.1437,      5.6211,     11.2422,      1.2694,     29.1093,     58.2187,      0.0194,      0.0003,      0.1594,      0.2084,   7861.3379,-419437.7812,   -917.2259,    554.9280,  26204.4609,
       1,     169,     218,      10,       1,       3,       1,     10.0000,      1.4068,     42.6992,    250.2892,     62.9881,      3.4953,      0.1814,      0.1491,      5.6718,      0.1503,      5.6211,     11.2422,      1.3284,     29.1093,     58.2187,      0.0194,      0.0003,      0.2394,      0.2084,   7861.3384,-423709.8125,   -918.3955,    554.6317,  26204.4609,
       1,     169,     218,      11,       1,       3,       1,     10.0000,      1.4068,     42.6992,    250.2892,     62.9881,      3.4953,      0.1887,      0.1553,      7.3684,      0.1820,      5.6211,     11.2422,      1.6082,     29.1093,     58.2187,      0.0194,      0.0004,      0.2500,      0.2084,   7861.3384,-426650.3438,   -919.9217,    554.4280,  26204.4570,
       1,     169,     218,      12,       1,       3,       1,     10.0000,      1.4068,     42.6992,    250.2892,     62.9881,      3.4953,      0.1886,      0.1544,      8.6229,      0.2099,      5.6211,     11.2422,      1.8545,     29.1093,     58.2187,      0.0194,      0.0004,      0.2500,      0.2084,   7861.3374,-428969.8438,   -921.3544,    554.2672,  26204.4609,
       1,     169,     218,      13,       1,       3,       1,     10.0000,      1.4068,     42.6992,    250.2892,     62.9881,      3.4953,      0.1885,      0.1541,      9.0629,      0.2191,      5.6211,     11.2422,      1.9365,     29.1093,     58.2187,      0.0194,      0.0004,      0.2500,      0.2084,   7861.3384,-430696.4062,   -922.6907,    554.1476,  26204.4590,
       1,     169,     218,      14,       1,       3,       1,     10.0000,      1.4068,     42.6992,    250.2892,     62.9881,      3.4953,      0.1886,      0.1533,     11.5595,      0.2484,      5.6211,     11.2422,      2.1948,     29.1093,     58.2187,      0.0194,      0.0006,      0.2500,      0.2084,   7861.3379,-431379.5625,   -923.5544,    554.1003,  26204.4570,
       1,     169,     218,      15,       1,       3,       1,     10.0000,      1.4068,     42.6992,    250.2892,     62.9881,      3.4953,      0.1888,      0.1527,     16.8867,      0.2831,      5.6211,     11.2422,      2.5017,     29.1093,     58.2187,      0.0194,      0.0008,      0.2500,      0.2084,   7861.3374,-434484.3438,   -924.8228,    553.8854,  26204.4570,
       1,     169,     218,      16,       1,       3,       1,     10.0000,      1.4068,     42.6992,    250.2892,     62.9881,      3.4953,      0.1799,      0.1434,     56.3625,      0.3011,      5.6211,     11.2422,      2.6607,     29.1093,     58.2187,      0.0194,      0.0030,      0.2326,      0.2084,   7861.3374,-441247.9375,   -926.7125,    553.4171,  26204.4570,
       1,     169,     218,      17,       1,       3,       1,     10.0000,      1.4068,     42.6992,    250.2892,     62.9881,      3.4953,      0.1703,      0.1341,     81.3022,      0.2903,      5.6211,     11.2422,      2.5652,     29.1093,     58.2187,      0.0194,      0.0046,      0.2156,      0.2084,   7861.3374,-489999.6562,   -936.6962,    550.0447,  26204.4590,
       1,     169,     218,      18,       1,       3,       1,     10.0000,      1.4068,     42.6992,    250.2892,     62.9881,      3.4953,      0.1653,      0.1297,     89.1605,      0.2620,      5.6211,     11.2422,      2.3153,     29.1093,     58.2187,      0.0194,      0.0052,      0.2072,      0.2083,   7861.3379,-524606.5625,   -943.9577,    547.6756,  26204.4590,
       1,     169,     218,      19,       1,       3,       1,     10.0000,      1.4068,     42.6992,    250.2892,     62.9881,      3.4953,      0.1327,      0.0977,     93.2385,      0.2384,      5.6211,     11.2422,      2.1067,     29.1093,     58.2187,      0.0194,      0.0071,      0.1590,      0.2083,   7861.3379,-537130.1875,   -947.0267,    546.8233,  26204.4590,
       1,     169,     218,      20,       1,       3,       1,     10.0000,      1.4068,     42.6992,    250.2892,     62.9881,      3.4953,      0.0346,      0.0007,     16.5238,      0.1992,      5.6211,     11.2422,      1.7600,     29.1093,     58.2187,      0.0194,      0.0079,      0.0256,      0.2083,   7861.3379,-543165.6875,   -948.8149,    546.4115,  26204.4609,
       1,     169,     218,      21,       1,       3,       1,     10.0000,      1.4068,     42.6992,    250.2892,     62.9881,      3.4953,      0.0001,     -0.0332,     10.4614,      0.1798,      5.6211,     11.2422,      1.5891,     29.1093,     58.2187,      0.0194,      0.0082,      0.0156,      0.2083,   7861.3384,-449897.3125,   -931.0692,    552.7819,  26204.4590,
       1,     169,     218,      22,       1,       3,       1,     10.0000,      1.4068,     42.6992,    250.2892,     62.9881,      3.4953,      0.0000,     -0.0328,      9.1081,      0.1669,      5.6211,     11.2422,      1.4745,     29.1093,     58.2187,      0.0194,      0.0071,      0.0156,      0.2084,   7861.3379,-434752.7188,   -928.2280,    553.8657,  26204.4590,
       1,     169,     218,      23,       1,       3,       1,     10.0000,      1.4068,     42.6992,    250.2892,     62.9881,      3.4953,      0.0000,     -0.0327,      7.6002,      0.1624,      5.6211,     11.2422,      1.4352,     29.1093,     58.2187,      0.0194,      0.0059,      0.0156,      0.2084,   7861.3379,-431778.8438,   -927.7063,    554.0726,  26204.4570,
       1,     169,     218,      24,       1,       3,       1,     10.0000,      1.4068,     42.6992,    250.2892,     62.9881,      3.4953,      0.0000,     -0.0327,      7.0155,      0.1632,      5.6211,     11.2422,      1.4424,     29.1093,     58.2187,      0.0194,      0.0055,      0.0156,      0.2084,   7861.3374,-429686.5312,   -927.3408,    554.2176,  26204.4590,
       1,     169,     219,       1,       1,       3,       1,     10.0000,      1.4068,     42.6995,    250.2952,     62.9895,      3.4953,      0.0000,     -0.0324,      4.3188,      0.1548,      5.6210,     11.2420,      1.3677,     29.1168,     58.2336,      0.0194,      0.0034,      0.0156,      0.2084,   7861.3379,-428950.2500,   -927.5062,    554.2816,  26205.6309,
       1,     169,     219,       2,       1,       3,       1,     10.0000,      1.4068,     42.6995,    250.2952,     62.9895,      3.4953,      0.0000,     -0.0321,      3.4374,      0.1467,      5.6210,     11.2420,      1.2966,     29.1168,     58.2336,      0.0194,      0.0027,      0.0156,      0.2084,   7861.6895,-425445.3438,   -926.5717,    554.5245,  26205.6328,
       1,     169,     219,       3,       1,       3,       1,     10.0000,      1.4068,     42.6995,    250.2952,     62.9895,      3.4953,      0.0000,     -0.0321,      2.0341,      0.1448,      5.6210,     11.2420,      1.2797,     29.1168,     58.2336,      0.0194,      0.0016,      0.0156,      0.2084,   7861.6899,-424073.2812,   -926.3187,    554.6196,  26205.6289,
       1,     169,     219,       4,       1,       3,       1,     10.0000,      1.4068,     42.6995,    250.2952,     62.9895,      3.4953,      0.0000,     -0.0320,      2.1585,      0.1439,      5.6210,     11.2420,      1.2720,     29.1168,     58.2336,      0.0194,      0.0017,      0.0156,      0.2084,   7861.6890,-422245.8125,   -925.9744,    554.7463,  26205.6289,
       1,     169,     219,       5,       1,       3,       1,     10.0000,      1.4068,     42.6995,    250.2952,     62.9895,      3.4953,      0.0000,     -0.0320,      2.2881,      0.1429,      5.6210,     11.2420,      1.2631,     29.1168,     58.2336,      0.0194,      0.0018,      0.0156,      0.2084,   7861.6890,-422242.8438,   -925.9820,    554.7466,  26205.6289,
       1,     169,     219,       6,       1,       3,       1,     10.0000,      1.4068,     42.6995,    250.2952,     62.9895,      3.4953,      0.0000,     -0.0320,      0.7377,      0.1435,      5.6210,     11.2420,      1.2682,     29.1168,     58.2336,      0.0194,      0.0006,      0.0156,      0.2084,   7861.6890,-422400.7500,   -926.0214,    554.7356,  26205.6289,
       1,     169,     219,       7,       1,       3,       1,     10.0000,      1.4068,     42.6995,    250.2952,     62.9895,      3.4953,      0.0000,     -0.0320,      0.6839,      0.1431,      5.6210,     11.2420,      1.2643,     29.1168,     58.2336,      0.0194,      0.0005,      0.0156,      0.2084,   7861.6890,-420522.6875,   -925.6605,    554.8658,  26205.6309,
       1,     169,     219,       8,       1,       3,       1,     10.0000,      1.4068,     42.6995,    250.2952,     62.9895,      3.4953,      0.0125,     -0.0195,      0.5589,      0.1429,      5.6210,     11.2420,      1.2631,     29.1168,     58.2336,      0.0194,      0.0004,      0.0156,      0.2084,   7861.6895,-420298.0000,   -925.6191,    554.8815,  26205.6309,
       1,     169,     219,       9,       1,       3,       1,     10.0000,      1.4068,     42.6995,    250.2952,     62.9895,      3.4953,      0.0704,      0.0378,      2.6354,      0.1594,      5.6210,     11.2420,      1.4082,     29.1168,     58.2336,      0.0194,      0.0004,      0.0800,      0.2084,   7861.6895,-420126.3750,   -925.5872,    554.8934,  26205.6309,
       1,     169,     219,      10,       1,       3,       1,     10.0000,      1.4068,     42.6995,    250.2952,     62.9895,      3.4953,      0.1127,      0.0788,      5.2688,      0.2006,      5.6210,     11.2420,      1.7723,     29.1168,     58.2336,      0.0194,      0.0005,      0.1401,      0.2084,   7861.6895,-422645.0625,   -926.0820,    554.7186,  26205.6309,
       1,     169,     219,      11,       1,       3,       1,     10.0000,      1.4068,     42.6995,    250.2952,     62.9895,      3.4953,      0.1682,      0.1339,      7.8144,      0.2138,      5.6210,     11.2420,      1.8896,     29.1168,     58.2336,      0.0194,      0.0004,      0.2204,      0.2084,   7861.6895,-426071.1875,   -926.7520,    554.4811,  26205.6309,
       1,     169,     219,      12,       1,       3,       1,     10.0000,      1.4068,     42.6995,    250.2952,     62.9895,      3.4953,      0.1837,      0.1493,      8.6865,      0.2166,      5.6210,     11.2420,      1.9139,     29.1168,     58.2336,      0.0194,      0.0004,      0.2429,      0.2084,   7861.6895,-429466.9375,   -927.3914,    554.2458,  26205.6289,
       1,     169,     219,      13,       1,       3,       1,     10.0000,      1.4068,     42.6995,    250.2952,     62.9895,      3.4953,      0.1886,      0.1541,      9.0939,      0.2198,      5.6210,     11.2420,      1.9423,     29.1168,     58.2336,      0.0194,      0.0004,      0.2500,      0.2084,   7861.6890,-430818.5000,   -927.6288,    554.1522,  26205.6289,
       1,     169,     219,      14,       1,       3,       1,     10.0000,      1.4068,     42.6995,    250.2952,     62.9895,      3.4953,      0.1899,      0.1554,     27.0042,      0.2220,      5.6210,     11.2420,      1.9614,     29.1168,     58.2336,      0.0194,      0.0013,      0.2500,      0.2084,   7861.6890,-431429.7812,   -927.6674,    554.1099,  26205.6309,
       1,     169,     219,      15,       1,       3,       1,     10.0000,      1.4068,     42.6995,    250.2952,     62.9895,      3.4953,      0.1760,      0.1417,     65.5567,      0.2157,      5.6210,     11.2420,      1.9064,     29.1168,     58.2336,      0.0194,      0.0035,      0.2253,      0.2084,   7861.6895,-453334.6562,   -931.9407,    552.5927,  26205.6328,
       1,     169,     219,      16,       1,       3,       1,     10.0000,      1.4068,     42.6995,    250.2952,     62.9895,      3.4953,      0.1942,      0.1598,     81.6218,      0.2202,      5.6210,     11.2420,      1.9461,     29.1168,     58.2336,      0.0194,      0.0040,      0.2500,      0.2084,   7861.6899,-502246.9062,   -941.6960,    549.2161,  26205.6289,
       1,     169,     219,      17,       1,       3,       1,     10.0000,      1.4068,     42.6995,    250.2952,     62.9895,      3.4953,      0.1876,      0.1529,     95.1244,      0.2264,      5.6210,     11.2420,      2.0003,     29.1168,     58.2336,      0.0194,      0.0049,      0.2388,      0.2083,   7861.6890,-526026.2500,   -946.6096,    547.5940,  26205.6289,
       1,     169,     219,      18,       1,       3,       1,     10.0000,      1.4068,     42.6995,    250.2952,     62.9895,      3.4953,      0.1614,      0.1268,     78.8927,      0.2228,      5.6210,     11.2420,      1.9691,     29.1168,     58.2336,      0.0194,      0.0047,      0.2025,      0.2083,   7861.6890,-544523.9375,   -950.5814,    546.3301,  26205.6309,
       1,     169,     219,      19,       1,       3,       1,     10.0000,      1.4068,     42.6995,    250.2952,     62.9895,      3.4953,      0.1130,      0.0787,     54.6859,      0.2138,      5.6210,     11.2420,      1.8896,     29.1168,     58.2336,      0.0194,      0.0049,      0.1348,      0.2083,   7861.6895,-526244.1250,   -947.3234,    547.5801,  26205.6309,
       1,     169,     219,      20,       1,       3,       1,     10.0000,      1.4068,     42.6995,    250.2952,     62.9895,      3.4953,      0.0196,     -0.0142,      2.0041,      0.1990,      5.6210,     11.2420,      1.7583,     29.1168,     58.2336,      0.0194,      0.0044,      0.0055,      0.2083,   7861.6895,-495128.2812,   -941.4257,    549.7113,  26205.6309,
       1,     169,     219,      21,       1,       3,       1,     10.0000,      1.4068,     42.6995,    250.2952,     62.9895,      3.4953,      0.0001,     -0.0334,      5.0872,      0.1862,      5.6210,     11.2420,      1.6454,     29.1168,     58.2336,      0.0194,      0.0040,      0.0156,      0.2084,   7861.6895,-428176.5000,   -928.2109,    554.3159,  26205.6309,
       1,     169,     219,      22,       1,       3,       1,     10.0000,      1.4068,     42.6995,    250.2952,     62.9895,      3.4953,      0.0000,     -0.0332,      5.4730,      0.1784,      5.6210,     11.2420,      1.5765,     29.1168,     58.2336,      0.0194,      0.0043,      0.0156,      0.2084,   7861.6895,-426341.0312,   -927.8151,    554.4625,  26205.6309,
       1,     169,     219,      23,       1,       3,       1,     10.0000,      1.4068,     42.6995,    250.2952,     62.9895,      3.4953,      0.0000,     -0.0332,      5.3401,      0.1772,      5.6210,     11.2420,      1.5656,     29.1168,     58.2336,      0.0194,      0.0042,      0.0156,      0.2084,   7861.6895,-426632.9375,   -927.8347,    554.4423,  26205.6328,
       1,     169,     219,      24,       1,       3,       1,     10.0000,      1.4068,     42.6995,    250.2952,     62.9895,      3.4953,      0.0000,     -0.0332,      4.7460,      0.1773,      5.6210,     11.2420,      1.5671,     29.1168,     58.2336,      0.0194,      0.0037,      0.0156,      0.2084,   7861.6899,-426495.0000,   -927.7747,    554.4517,  26205.6289,
       1,     169,     220,       1,       1,       3,       1,     10.0000,      1.4068,     42.6998,    250.3011,     62.9911,      3.4953,      0.0000,     -0.0330,      3.7929,      0.1704,      5.6219,     11.2439,      1.5059,     29.1203,     58.2407,      0.0194,      0.0030,      0.0156,      0.2084,   7861.6890,-425914.5938,   -927.9369,    554.5051,  26206.8086,
       1,     169,     220,       2,       1,       3,       1,     10.0000,      1.4068,     42.6998,    250.3011,     62.9911,      3.4953,      0.0000,     -0.0327,      2.9678,      0.1627,      5.6219,     11.2439,      1.4381,     29.1203,     58.2407,      0.0194,      0.0023,      0.0156,      0.2084,   7862.0430,-424549.3438,   -927.3739,    554.5997,  26206.8066,
       1,     169,     220,       3,       1,       3,       1,     10.0000,      1.4068,     42.6998,    250.3011,     62.9911,      3.4953,      0.0000,     -0.0328,      2.3712,      0.1655,      5.6219,     11.2439,      1.4628,     29.1203,     58.2407,      0.0194,      0.0019,      0.0156,      0.2084,   7862.0425,-423427.6562,   -927.1448,    554.6775,  26206.8086,
       1,     169,     220,       4,       1,       3,       1,     10.0000,      1.4068,     42.6998,    250.3011,     62.9911,      3.4953,      0.0000,     -0.0327,      2.1527,      0.1639,      5.6219,     11.2439,      1.4483,     29.1203,     58.2407,      0.0194,      0.0017,      0.0156,      0.2084,   7862.0430,-422604.7188,   -926.9670,    554.7346,  26206.8086,
       1,     169,     220,       5,       1,       3,       1,     10.0000,      1.4068,     42.6998,    250.3011,     62.9911,      3.4953,      0.0000,     -0.0324,      2.0678,      0.1546,      5.6219,     11.2439,      1.3664,     29.1203,     58.2407,      0.0194,      0.0016,      0.0156,      0.2085,   7862.0430,-422268.5938,   -926.8882,    554.7579,  26206.8086,
       1,     169,     220,       6,       1,       3,       1,     10.0000,      1.4068,     42.6998,    250.3011,     62.9911,      3.4953,      0.0000,     -0.0324,      1.4683,      0.1535,      5.6219,     11.2439,      1.3568,     29.1203,     58.2407,      0.0194,      0.0011,      0.0156,      0.2085,   7862.0430,-422136.5938,   -926.8566,    554.7670,  26206.8086,
       1,     169,     220,       7,       1,       3,       1,     10.0000,      1.4068,     42.6998,    250.3011,     62.9911,      3.4953,      0.0000,     -0.0324,      0.8547,      0.1542,      5.6219,     11.2439,      1.3623,     29.1203,     58.2407,      0.0194,      0.0007,      0.0156,      0.2085,   7862.0430,-421394.1250,   -926.7068,    554.8185,  26206.8086,
       1,     169,     220,       8,       1,       3,       1,     10.0000,      1.4068,     42.6998,    250.3011,     62.9911,      3.4953,      0.0094,     -0.0231,      0.6686,      0.1565,      5.6219,     11.2439,      1.3830,     29.1203,     58.2407,      0.0194,      0.0005,      0.0156,      0.2085,   7862.0430,-420582.7188,   -926.5435,    554.8748,  26206.8066,
       1,     169,     220,       9,       1,       3,       1,     10.0000,      1.4068,     42.6998,    250.3011,     62.9911,      3.4953,      0.0717,      0.0385,      2.7588,      0.1800,      5.6219,     11.2439,      1.5907,     29.1203,     58.2407,      0.0194,      0.0004,      0.0815,      0.2085,   7862.0425,-420287.4688,   -926.4821,    554.8953,  26206.8086,
       1,     169,     220,      10,       1,       3,       1,     10.0000,      1.4068,     42.6998,    250.3011,     62.9911,      3.4953,      0.1408,      0.1067,      6.1964,      0.2086,      5.6219,     11.2439,      1.8437,     29.1203,     58.2407,      0.0194,      0.0004,      0.1809,      0.2085,   7862.0430,-422811.7188,   -926.9573,    554.7202,  26206.8086,
       1,     169,     220,      11,       1,       3,       1,     10.0000,      1.4068,     42.6998,    250.3011,     62.9911,      3.4953,      0.1584,      0.1236,      8.0276,      0.2331,      5.6219,     11.2439,      2.0599,     29.1203,     58.2407,      0.0194,      0.0005,      0.2062,      0.2085,   7862.0430,-427218.8750,   -927.7859,    554.4146,  26206.8086,
       1,     169,     220,      12,       1,       3,       1,     10.0000,      1.4068,     42.6998,    250.3011,     62.9911,      3.4953,      0.1717,      0.1366,      9.2651,      0.2443,      5.6219,     11.2439,      2.1588,     29.1203,     58.2407,      0.0194,      0.0005,      0.2255,      0.2084,   7862.0430,-429825.8438,   -928.2307,    554.2341,  26206.8086,
       1,     169,     220,      13,       1,       3,       1,     10.0000,      1.4068,     42.6998,    250.3011,     62.9911,      3.4953,      0.1824,      0.1470,     10.5264,      0.2575,      5.6219,     11.2439,      2.2753,     29.1203,     58.2407,      0.0194,      0.0005,      0.2412,      0.2084,   7862.0430,-431555.9688,   -928.4852,    554.1143,  26206.8105,
       1,     169,     220,      14,       1,       3,       1,     10.0000,      1.4068,     42.6998,    250.3011,     62.9911,      3.4953,      0.1899,      0.1546,     28.6913,      0.2523,      5.6219,     11.2439,      2.2293,     29.1203,     58.2407,      0.0194,      0.0014,      0.2500,      0.2084,   7862.0435,-433240.8750,   -928.7257,    553.9975,  26206.8105,
       1,     169,     220,      15,       1,       3,       1,     10.0000,      1.4068,     42.6998,    250.3011,     62.9911,      3.4953,      0.1926,      0.1569,     70.4478,      0.2646,      5.6219,     11.2439,      2.3380,     29.1203,     58.2407,      0.0194,      0.0034,      0.2493,      0.2084,   7862.0435,-455545.5312,   -933.0071,    552.4529,  26206.8086,
       1,     169,     220,      16,       1,       3,       1,     10.0000,      1.4068,     42.6998,    250.3011,     62.9911,      3.4953,      0.1924,      0.1582,     97.9525,      0.2120,      5.6219,     11.2439,      1.8729,     29.1203,     58.2407,      0.0194,      0.0049,      0.2454,      0.2084,   7862.0430,-508398.0625,   -943.5451,    548.8053,  26206.8086,
       1,     169,     220,      17,       1,       3,       1,     10.0000,      1.4068,     42.6998,    250.3011,     62.9911,      3.4953,      0.1956,      0.1628,     95.9349,      0.1652,      5.6219,     11.2439,      1.4599,     29.1203,     58.2407,      0.0194,      0.0047,      0.2497,      0.2084,   7862.0430,-546485.7500,   -951.8907,    546.2045,  26206.8047,
       1,     169,     220,      18,       1,       3,       1,     10.0000,      1.4068,     42.6998,    250.3011,     62.9911,      3.4953,      0.1641,      0.1317,     79.9215,      0.1526,      5.6219,     11.2439,      1.3486,     29.1203,     58.2407,      0.0194,      0.0047,      0.2061,      0.2083,   7862.0415,-547234.0000,   -952.3367,    546.1595,  26206.8047,
       1,     169,     220,      19,       1,       3,       1,     10.0000,      1.4068,     42.6998,    250.3011,     62.9911,      3.4953,      0.1365,      0.1047,     56.2460,      0.1384,      5.6219,     11.2439,      1.2228,     29.1203,     58.2407,      0.0194,      0.0040,      0.1692,      0.2083,   7862.0415,-527717.8750,   -948.7643,    547.4919,  26206.8086,
       1,     169,     220,      20,       1,       3,       1,     10.0000,      1.4068,     42.6998,    250.3011,     62.9911,      3.4953,      0.0224,     -0.0091,      4.7527,      0.1309,      5.6219,     11.2439,      1.1565,     29.1203,     58.2407,      0.0194,      0.0048,      0.0120,      0.2083,   7862.0430,-497152.3125,   -944.8001,    549.5853,  26206.8066,
       1,     169,     220,      21,       1,       3,       1,     10.0000,      1.4068,     42.6998,    250.3011,     62.9911,      3.4953,      0.0000,     -0.0314,      3.7911,      0.1271,      5.6219,     11.2439,      1.1229,     29.1203,     58.2407,      0.0194,      0.0030,      0.0156,      0.2084,   7862.0425,-431703.7500,   -931.8220,    554.0855,  26206.8066,
       1,     169,     220,      22,       1,       3,       1,     10.0000,      1.4068,     42.6998,    250.3011,     62.9911,      3.4953,      0.0000,     -0.0314,      0.7146,      0.1262,      5.6219,     11.2439,      1.1149,     29.1203,     58.2407,      0.0194,      0.0006,      0.0156,      0.2084,   7862.0425,-425059.2812,   -930.4902,    554.5643,  26206.8066,
       1,     169,     220,      23,       1,       3,       1,     10.0000,      1.4068,     42.6998,    250.3011,     62.9911,      3.4953,      0.0000,     -0.0314,      0.5026,      0.1262,      5.6219,     11.2439,      1.1149,     29.1203,     58.2407,      0.0194,      0.0004,      0.0156,      0.2084,   7862.0425,-420722.2812,   -929.6282,    554.8651,  26206.8066,
       1,     169,     220,      24,       1,       3,       1,     10.0000,      1.4068,     42.6998,    250.3011,     62.9911,      3.4953,      0.0000,     -0.0314,      0.5864,      0.1260,      5.6219,     11.2439,      1.1137,     29.1203,     58.2407,      0.0194,      0.0005,      0.0156,      0.2085,   7862.0425,-420096.8750,   -929.8862,    554.9085,  26206.8066,
       1,     169,     221,       1,       1,       3,       1,     10.0000,      1.4069,     42.7002,    250.3070,     62.9925,      3.4953,      0.0000,     -0.0313,      0.4243,      0.1258,      5.6215,     11.2431,      1.1115,     29.1251,     58.2503,      0.0194,      0.0003,      0.0156,      0.2085,   7862.0425,-420301.5938,   -930.2130,    554.9073,  26207.9805,
       1,     169,     221,       2,       1,       3,       1,     10.0000,      1.4069,     42.7002,    250.3070,     62.9925,      3.4953,      0.0000,     -0.0315,      0.3108,      0.1292,      5.6215,     11.2431,      1.1413,     29.1251,     58.2503,      0.0194,      0.0002,      0.0156,      0.2085,   7862.3945,-419968.4688,   -929.8666,    554.9305,  26207.9805,
       1,     169,     221,       3,       1,       3,       1,     10.0000,      1.4069,     42.7002,    250.3070,     62.9925,      3.4953,      0.0000,     -0.0315,      0.3434,      0.1294,      5.6215,     11.2431,      1.1436,     29.1251,     58.2503,      0.0194,      0.0003,      0.0156,      0.2085,   7862.3945,-419801.8750,   -929.8348,    554.9421,  26207.9805,
       1,     169,     221,       4,       1,       3,       1,     10.0000,      1.4069,     42.7002,    250.3070,     62.9925,      3.4953,      0.0000,     -0.0315,      0.3188,      0.1285,      5.6215,     11.2431,      1.1355,     29.1251,     58.2503,      0.0194,      0.0002,      0.0156,      0.2085,   7862.3945,-419827.4375,   -929.8415,    554.9403,  26207.9824,
       1,     169,     221,       5,       1,       3,       1,     10.0000,      1.4069,     42.7002,    250.3070,     62.9925,      3.4953,      0.0000,     -0.0314,      0.3017,      0.1267,      5.6215,     11.2431,      1.1195,     29.1251,     58.2503,      0.0194,      0.0002,      0.0156,      0.2085,   7862.3950,-419799.4375,   -929.8367,    554.9423,  26207.9805,
       1,     169,     221,       6,       1,       3,       1,     10.0000,      1.4069,     42.7002,    250.3070,     62.9925,      3.4953,      0.0000,     -0.0314,      0.2999,      0.1260,      5.6215,     11.2431,      1.1138,     29.1251,     58.2503,      0.0194,      0.0002,      0.0156,      0.2085,   7862.3945,-419776.3125,   -929.8337,    554.9438,  26207.9805,
       1,     169,     221,       7,       1,       3,       1,     10.0000,      1.4069,     42.7002,    250.3070,     62.9925,      3.4953,      0.0000,     -0.0314,      0.3031,      0.1272,      5.6215,     11.2431,      1.1240,     29.1251,     58.2503,      0.0194,      0.0002,      0.0156,      0.2085,   7862.3945,-419772.3125,   -929.8341,    554.9442,  26207.9805,
       1,     169,     221,       8,       1,       3,       1,     10.0000,      1.4069,     42.7002,    250.3070,     62.9925,      3.4953,      0.0013,     -0.0301,      0.3063,      0.1284,      5.6215,     11.2431,      1.1344,     29.1251,     58.2503,      0.0194,      0.0002,      0.0156,      0.2085,   7862.3945,-419775.7188,   -929.8361,    554.9438,  26207.9805,
       1,     169,     221,       9,       1,       3,       1,     10.0000,      1.4069,     42.7002,    250.3070,     62.9925,      3.4953,      0.0317,      0.0001,      0.5221,      0.1321,      5.6215,     11.2431,      1.1671,     29.1251,     58.2503,      0.0194,      0.0002,      0.0257,      0.2085,   7862.3945,-419780.0312,   -929.8376,    554.9436,  26207.9785,
       1,     169,     221,      10,       1,       3,       1,     10.0000,      1.4069,     42.7002,    250.3070,     62.9925,      3.4953,      0.0973,      0.0654,      2.5692,      0.1394,      5.6215,     11.2431,      1.2316,     29.1251,     58.2503,      0.0194,      0.0003,      0.1191,      0.2085,   7862.3940,-420043.8750,   -929.8827,    554.9253,  26207.9805,
       1,     169,     221,      11,       1,       3,       1,     10.0000,      1.4069,     42.7002,    250.3070,     62.9925,      3.4953,      0.1708,      0.1380,      5.8891,      0.1655,      5.6215,     11.2431,      1.4629,     29.1251,     58.2503,      0.0194,      0.0003,      0.2242,      0.2085,   7862.3945,-422562.7188,   -930.3739,    554.7505,  26207.9805,
       1,     169,     221,      12,       1,       3,       1,     10.0000,      1.4069,     42.7002,    250.3070,     62.9925,      3.4953,      0.1813,      0.1475,      7.5917,      0.1951,      5.6215,     11.2431,      1.7240,     29.1251,     58.2503,      0.0194,      0.0004,      0.2394,      0.2085,   7862.3945,-426825.2500,   -931.1528,    554.4550,  26207.9805,
       1,     169,     221,      13,       1,       3,       1,     10.0000,      1.4069,     42.7002,    250.3070,     62.9925,      3.4953,      0.1628,      0.1280,      8.2094,      0.2315,      5.6215,     11.2431,      2.0459,     29.1251,     58.2503,      0.0194,      0.0005,      0.2126,      0.2085,   7862.3945,-429262.7500,   -931.5590,    554.2861,  26207.9805,
       1,     169,     221,      14,       1,       3,       1,     10.0000,      1.4069,     42.7002,    250.3070,     62.9925,      3.4953,      0.1851,      0.1500,     10.0209,      0.2434,      5.6215,     11.2431,      2.1504,     29.1251,     58.2503,      0.0194,      0.0005,      0.2450,      0.2085,   7862.3945,-430222.4375,   -931.6607,    554.2197,  26207.9805,
       1,     169,     221,      15,       1,       3,       1,     10.0000,      1.4069,     42.7002,    250.3070,     62.9925,      3.4953,      0.1707,      0.1357,      9.1019,      0.2408,      5.6215,     11.2431,      2.1275,     29.1251,     58.2503,      0.0194,      0.0005,      0.2241,      0.2085,   7862.3945,-432513.2500,   -931.9395,    554.0610,  26207.9805,
       1,     169,     221,      16,       1,       3,       1,     10.0000,      1.4069,     42.7002,    250.3070,     62.9925,      3.4953,      0.1482,      0.1134,     22.7140,      0.2347,      5.6215,     11.2431,      2.0741,     29.1251,     58.2503,      0.0194,      0.0015,      0.1897,      0.2085,   7862.3945,-431585.9062,   -931.6901,    554.1252,  26207.9805,
       1,     169,     221,      17,       1,       3,       1,     10.0000,      1.4069,     42.7002,    250.3070,     62.9925,      3.4953,      0.1878,      0.1533,     53.5628,      0.2229,      5.6215,     11.2431,      1.9692,     29.1251,     58.2503,      0.0194,      0.0027,      0.2439,      0.2085,   7862.3945,-448112.5000,   -934.9999,    552.9805,  26207.9805,
       1,     169,     221,      18,       1,       3,       1,     10.0000,      1.4069,     42.7002,    250.3070,     62.9925,      3.4953,      0.1500,      0.1165,     73.3887,      0.1871,      5.6215,     11.2431,      1.6537,     29.1251,     58.2503,      0.0194,      0.0048,      0.1866,      0.2085,   7862.3945,-487153.4688,   -942.8381,    550.2831,  26207.9805,
       1,     169,     221,      19,       1,       3,       1,     10.0000,      1.4069,     42.7002,    250.3070,     62.9925,      3.4953,      0.1027,      0.0708,     44.2313,      0.1399,      5.6215,     11.2431,      1.2366,     29.1251,     58.2503,      0.0194,      0.0044,      0.1222,      0.2084,   7862.3945,-514671.6875,   -949.3770,    548.3968,  26207.9824,
       1,     169,     221,      20,       1,       3,       1,     10.0000,      1.4069,     42.7002,    250.3070,     62.9925,      3.4953,      0.0344,      0.0033,      8.3791,      0.1193,      5.6215,     11.2431,      1.0540,     29.1251,     58.2503,      0.0194,      0.0035,      0.0293,      0.2084,   7862.3950,-481379.6250,   -924.6355,    550.6822,  26207.8691,
       1,     169,     221,      21,       1,       3,       1,     10.0000,      1.4069,     42.7002,    250.3070,     62.9925,      3.4953,      0.0000,     -0.0310,      5.1763,      0.1170,      5.6215,     11.2431,      1.0337,     29.1251,     58.2503,      0.0194,      0.0040,      0.0156,      0.2084,   7862.3608,-434830.9375,   -915.0802,    553.8912,  26207.9844,
       1,     169,     221,      22,       1,       3,       1,     10.0000,      1.4069,     42.7002,    250.3070,     62.9925,      3.4953,      0.0000,     -0.0311,      4.0816,      0.1208,      5.6215,     11.2431,      1.0670,     29.1251,     58.2503,      0.0194,      0.0032,      0.0156,      0.2085,   7862.3955,-427003.8750,   -914.2571,    554.4424,  26207.9844,
       1,     169,     221,      23,       1,       3,       1,     10.0000,      1.4069,     42.7002,    250.3070,     62.9925,      3.4953,      0.0000,     -0.0312,      2.7966,      0.1232,      5.6215,     11.2431,      1.0891,     29.1251,     58.2503,      0.0194,      0.0022,      0.0156,      0.2085,   7862.3955,-424996.1875,   -912.4171,    554.5818,  26207.9844,
       1,     169,     221,      24,       1,       3,       1,     10.0000,      1.4069,     42.7002,    250.3070,     62.9925,      3.4953,      0.0000,     -0.0313,      0.3758,      0.1241,      5.6215,     11.2431,      1.0969,     29.1251,     58.2503,      0.0194,      0.0003,      0.0156,      0.2085,   7862.3955,-423258.7500,   -912.3717,    554.7023,  26207.9863,
       1,     169,     222,       1,       1,       3,       1,     10.0000,      1.4069,     42.7005,    250.3129,     62.9940,      3.4953,      0.0000,     -0.0312,      0.6642,      0.1230,      5.6218,     11.2436,      1.0869,     29.1254,     58.2508,      0.0194,      0.0005,      0.0156,      0.2085,   7862.3960,-420314.6562,   -912.1185,    554.9195,  26209.1621,
       1,     169,     222,       2,       1,       3,       1,     10.0000,      1.4069,     42.7005,    250.3129,     62.9940,      3.4953,      0.0000,     -0.0313,      0.4258,      0.1234,      5.6218,     11.2436,      1.0902,     29.1254,     58.2508,      0.0194,      0.0003,      0.0156,      0.2085,   7862.7490,-420264.7812,   -911.9039,    554.9230,  26209.1621,
       1,     169,     222,       3,       1,       3,       1,     10.0000,      1.4069,     42.7005,    250.3129,     62.9940,      3.4953,      0.0000,     -0.0314,      0.3481,      0.1260,      5.6218,     11.2436,      1.1138,     29.1254,     58.2508,      0.0194,      0.0003,      0.0156,      0.2085,   7862.7490,-419969.7812,   -911.8725,    554.9435,  26209.1621,
       1,     169,     222,       4,       1,       3,       1,     10.0000,      1.4069,     42.7005,    250.3129,     62.9940,      3.4953,      0.0000,     -0.0314,      0.5017,      0.1259,      5.6218,     11.2436,      1.1127,     29.1254,     58.2508,      0.0194,      0.0004,      0.0156,      0.2085,   7862.7490,-419849.9688,   -911.8592,    554.9518,  26209.1621,
       1,     169,     222,       5,       1,       3,       1,     10.0000,      1.4069,     42.7005,    250.3129,     62.9940,      3.4953,      0.0000,     -0.0313,      0.3858,      0.1250,      5.6218,     11.2436,      1.1047,     29.1254,     58.2508,      0.0194,      0.0003,      0.0156,      0.2085,   7862.7490,-420027.1250,   -911.9168,    554.9395,  26209.1621,
       1,     169,     222,       6,       1,       3,       1,     10.0000,      1.4069,     42.7005,    250.3129,     62.9940,      3.4953,      0.0000,     -0.0314,      0.3644,      0.1275,      5.6218,     11.2436,      1.1263,     29.1254,     58.2508,      0.0194,      0.0003,      0.0156,      0.2085,   7862.7490,-419900.8750,   -911.9075,    554.9482,  26209.1621,
       1,     169,     222,       7,       1,       3,       1,     10.0000,      1.4069,     42.7005,    250.3129,     62.9940,      3.4953,      0.0000,     -0.0316,      0.5068,      0.1334,      5.6218,     11.2436,      1.1791,     29.1254,     58.2508,      0.0194,      0.0004,      0.0156,      0.2085,   7862.7490,-419864.0000,   -911.9111,    554.9508,  26209.1602,
       1,     169,     222,       8,       1,       3,       1,     10.0000,      1.4069,     42.7005,    250.3129,     62.9940,      3.4953,      0.0061,     -0.0256,      0.3250,      0.1352,      5.6218,     11.2436,      1.1947,     29.1254,     58.2508,      0.0194,      0.0003,      0.0156,      0.2085,   7862.7485,-420034.7812,   -911.9673,    554.9389,  26209.1621,
       1,     169,     222,       9,       1,       3,       1,     10.0000,      1.4069,     42.7005,    250.3129,     62.9940,      3.4953,      0.0781,      0.0462,      1.9969,      0.1405,      5.6218,     11.2436,      1.2416,     29.1254,     58.2508,      0.0194,      0.0003,      0.0917,      0.2085,   7862.7490,-419827.3125,   -911.9487,    554.9533,  26209.1621,
       1,     169,     222,      10,       1,       3,       1,     10.0000,      1.4069,     42.7005,    250.3129,     62.9940,      3.4953,      0.1255,      0.0932,      4.1783,      0.1511,      5.6218,     11.2436,      1.3352,     29.1254,     58.2508,      0.0194,      0.0003,      0.1593,      0.2085,   7862.7490,-421848.7188,   -912.6275,    554.8131,  26209.1621,
       1,     169,     222,      11,       1,       3,       1,     10.0000,      1.4069,     42.7005,    250.3129,     62.9940,      3.4953,      0.1347,      0.1017,      4.8167,      0.1708,      5.6218,     11.2436,      1.5090,     29.1254,     58.2508,      0.0194,      0.0003,      0.1723,      0.2085,   7862.7490,-424680.1562,   -913.7327,    554.6168,  26209.1602,
       1,     169,     222,      12,       1,       3,       1,     10.0000,      1.4069,     42.7005,    250.3129,     62.9940,      3.4953,      0.1304,      0.0968,      5.9521,      0.1901,      5.6218,     11.2436,      1.6802,     29.1254,     58.2508,      0.0194,      0.0004,      0.1658,      0.2085,   7862.7485,-425698.5312,   -912.3635,    554.5463,  26209.1621,
       1,     169,     222,      13,       1,       3,       1,     10.0000,      1.4069,     42.7005,    250.3129,     62.9940,      3.4953,      0.1695,      0.1357,      7.5781,      0.1961,      5.6218,     11.2436,      1.7325,     29.1254,     58.2508,      0.0194,      0.0004,      0.2222,      0.2085,   7862.7490,-427169.0000,   -913.0919,    554.4442,  26209.1621,
       1,     169,     222,      14,       1,       3,       1,     10.0000,      1.4069,     42.7005,    250.3129,     62.9940,      3.4953,      0.1886,      0.1544,      9.2979,      0.2120,      5.6218,     11.2436,      1.8730,     29.1254,     58.2508,      0.0194,      0.0005,      0.2500,      0.2085,   7862.7490,-429276.6875,   -914.3040,    554.2982,  26209.1602,
       1,     169,     222,      15,       1,       3,       1,     10.0000,      1.4069,     42.7005,    250.3129,     62.9940,      3.4953,      0.1725,      0.1374,     12.3966,      0.2434,      5.6218,     11.2436,      2.1505,     29.1254,     58.2508,      0.0194,      0.0007,      0.2264,      0.2085,   7862.7485,-431552.7812,   -916.1828,    554.1405,  26209.1621,
       1,     169,     222,      16,       1,       3,       1,     10.0000,      1.4069,     42.7005,    250.3129,     62.9940,      3.4953,      0.1741,      0.1398,     33.0827,      0.2141,      5.6218,     11.2436,      1.8915,     29.1254,     58.2508,      0.0194,      0.0018,      0.2261,      0.2085,   7862.7490,-435524.6562,   -917.9330,    553.8654,  26209.1621,
       1,     169,     222,      17,       1,       3,       1,     10.0000,      1.4069,     42.7005,    250.3129,     62.9940,      3.4953,      0.1879,      0.1558,     48.8012,      0.1451,      5.6218,     11.2436,      1.2824,     29.1254,     58.2508,      0.0194,      0.0024,      0.2438,      0.2085,   7862.7490,-461093.4375,   -919.0482,    552.0953,  26209.1621,
       1,     169,     222,      18,       1,       3,       1,     10.0000,      1.4069,     42.7005,    250.3129,     62.9940,      3.4953,      0.1707,      0.1385,     50.2472,      0.1493,      5.6218,     11.2436,      1.3192,     29.1254,     58.2508,      0.0194,      0.0028,      0.2190,      0.2085,   7862.7490,-482441.8750,   -923.3318,    550.6248,  26209.1602,
       1,     169,     222,      19,       1,       3,       1,     10.0000,      1.4069,     42.7005,    250.3129,     62.9940,      3.4953,      0.1155,      0.0831,     41.0347,      0.1540,      5.6218,     11.2436,      1.3610,     29.1254,     58.2508,      0.0194,      0.0036,      0.1407,      0.2084,   7862.7485,-486010.6250,   -925.4156,    550.3812,  26209.1621,
       1,     169,     222,      20,       1,       3,       1,     10.0000,      1.4069,     42.7005,    250.3129,     62.9940,      3.4953,      0.0223,     -0.0098,      4.5516,      0.1448,      5.6218,     11.2436,      1.2798,     29.1254,     58.2508,      0.0194,      0.0049,      0.0113,      0.2084,   7862.7490,-475063.2500,   -921.5901,    551.1343,  26209.0723,
       1,     169,     222,      21,       1,       3,       1,     10.0000,      1.4069,     42.7005,    250.3129,     62.9940,      3.4953,      0.0000,     -0.0322,      4.6573,      0.1482,      5.6218,     11.2436,      1.3099,     29.1254,     58.2508,      0.0194,      0.0036,      0.0156,      0.2085,   7862.7222,-429623.9375,   -914.0984,    554.2653,  26209.1621,
       1,     169,     222,      22,       1,       3,       1,     10.0000,      1.4069,     42.7005,    250.3129,     62.9940,      3.4953,      0.0000,     -0.0321,      0.4575,      0.1453,      5.6218,     11.2436,      1.2837,     29.1254,     58.2508,      0.0194,      0.0004,      0.0156,      0.2085,   7862.7490,-425932.6875,   -913.9364,    554.5300,  26209.1621,
       1,     169,     222,      23,       1,       3,       1,     10.0000,      1.4069,     42.7005,    250.3129,     62.9940,      3.4953,      0.0000,     -0.0320,      0.8883,      0.1419,      5.6218,     11.2436,      1.2542,     29.1254,     58.2508,      0.0194,      0.0007,      0.0156,      0.2085,   7862.7490,-420487.5312,   -912.9604,    554.9073,  26209.1621,
       1,     169,     222,      24,       1,       3,       1,     10.0000,      1.4069,     42.7005,    250.3129,     62.9940,      3.4953,      0.0000,     -0.0319,      1.7976,      0.1397,      5.6218,     11.2436,      1.2341,     29.1254,     58.2508,      0.0194,      0.0014,      0.0156,      0.2085,   7862.7490,-420552.8750,   -913.0294,    554.9030,  26209.1621,
       1,     169,     223,       1,       1,       3,       1,     10.0000,      1.4069,     42.7009,    250.3188,     62.9955,      3.4953,      0.0000,     -0.0319,      0.6894,      0.1401,      5.6222,     11.2445,      1.2379,     29.1269,     58.2537,      0.0194,      0.0005,      0.0156,      0.2085,   7862.7490,-421822.5000,   -913.6941,    554.8281,  26210.3340,
       1,     169,     223,       2,       1,       3,       1,     10.0000,      1.4069,     42.7009,    250.3188,     62.9955,      3.4953,      0.0000,     -0.0318,      0.4961,      0.1383,      5.6222,     11.2445,      1.2217,     29.1269,     58.2537,      0.0194,      0.0004,      0.0156,      0.2085,   7863.1006,-420426.0000,   -913.2142,    554.9249,  26210.3359,
       1,     169,     223,       3,       1,       3,       1,     10.0000,      1.4069,     42.7009,    250.3188,     62.9955,      3.4953,      0.0000,     -0.0317,      0.3524,      0.1360,      5.6222,     11.2445,      1.2020,     29.1269,     58.2537,      0.0194,      0.0003,      0.0156,      0.2085,   7863.1011,-420071.8125,   -910.4078,    554.9495,  26210.3359,
       1,     169,     223,       4,       1,       3,       1,     10.0000,      1.4069,     42.7009,    250.3188,     62.9955,      3.4953,      0.0000,     -0.0316,      0.3849,      0.1326,      5.6222,     11.2445,      1.1719,     29.1269,     58.2537,      0.0194,      0.0003,      0.0156,      0.2085,   7863.1011,-419866.6250,   -910.3762,    554.9637,  26210.3359,
       1,     169,     223,       5,       1,       3,       1,     10.0000,      1.4069,     42.7009,    250.3188,     62.9955,      3.4953,      0.0000,     -0.0317,      0.4874,      0.1336,      5.6222,     11.2445,      1.1803,     29.1269,     58.2537,      0.0194,      0.0004,      0.0156,      0.2085,   7863.1011,-419888.8438,   -910.3909,    554.9622,  26210.3359,
       1,     169,     223,       6,       1,       3,       1,     10.0000,      1.4069,     42.7009,    250.3188,     62.9955,      3.4953,      0.0000,     -0.0318,      0.3594,      0.1367,      5.6222,     11.2445,      1.2082,     29.1269,     58.2537,      0.0194,      0.0003,      0.0156,      0.2085,   7863.1011,-420015.8750,   -910.4391,    554.9535,  26210.3359,
       1,     169,     223,       7,       1,       3,       1,     10.0000,      1.4069,     42.7009,    250.3188,     62.9955,      3.4953,      0.0000,     -0.0317,      0.3227,      0.1344,      5.6222,     11.2445,      1.1875,     29.1269,     58.2537,      0.0194,      0.0003,      0.0156,      0.2085,   7863.1011,-419870.3750,   -910.4197,    554.9635,  26210.3359,
       1,     169,     223,       8,       1,       3,       1,     10.0000,      1.4069,     42.7009,    250.3188,     62.9955,      3.4953,      0.0073,     -0.0243,      0.3168,      0.1322,      5.6222,     11.2445,      1.1684,     29.1269,     58.2537,      0.0194,      0.0002,      0.0156,      0.2085,   7863.1011,-419813.4375,   -910.4115,    554.9675,  26210.3359,
       1,     169,     223,       9,       1,       3,       1,     10.0000,      1.4069,     42.7009,    250.3188,     62.9955,      3.4953,      0.0614,      0.0297,      1.8332,      0.1362,      5.6222,     11.2445,      1.2033,     29.1269,     58.2537,      0.0194,      0.0003,      0.0680,      0.2085,   7863.1011,-419801.2500,   -910.4357,    554.9683,  26210.3359,
       1,     169,     223,      10,       1,       3,       1,     10.0000,      1.4069,     42.7009,    250.3188,     62.9955,      3.4953,      0.1647,      0.1327,      6.2029,      0.1435,      5.6222,     11.2445,      1.2683,     29.1269,     58.2537,      0.0194,      0.0004,      0.2154,      0.2085,   7863.1011,-421649.3438,   -911.0192,    554.8401,  26210.3359,
       1,     169,     223,      11,       1,       3,       1,     10.0000,      1.4069,     42.7009,    250.3188,     62.9955,      3.4953,      0.1886,      0.1564,      6.0886,      0.1494,      5.6222,     11.2445,      1.3205,     29.1269,     58.2537,      0.0194,      0.0003,      0.2497,      0.2085,   7863.1011,-427134.2188,   -912.9604,    554.4597,  26210.3359,
       1,     169,     223,      12,       1,       3,       1,     10.0000,      1.4069,     42.7009,    250.3188,     62.9955,      3.4953,      0.1888,      0.1561,      7.6304,      0.1633,      5.6222,     11.2445,      1.4426,     29.1269,     58.2537,      0.0194,      0.0004,      0.2500,      0.2085,   7863.1011,-427459.0000,   -914.0292,    554.4373,  26210.3359,
       1,     169,     223,      13,       1,       3,       1,     10.0000,      1.4069,     42.7009,    250.3188,     62.9955,      3.4953,      0.1889,      0.1559,      9.6861,      0.1728,      5.6222,     11.2445,      1.5272,     29.1269,     58.2537,      0.0194,      0.0005,      0.2500,      0.2085,   7863.1011,-429366.6250,   -915.7755,    554.3051,  26210.3359,
       1,     169,     223,      14,       1,       3,       1,     10.0000,      1.4069,     42.7009,    250.3188,     62.9955,      3.4953,      0.1891,      0.1568,      9.1072,      0.1499,      5.6222,     11.2445,      1.3245,     29.1269,     58.2537,      0.0194,      0.0004,      0.2500,      0.2085,   7863.1011,-432035.0312,   -914.6743,    554.1202,  26210.3379,
       1,     169,     223,      15,       1,       3,       1,     10.0000,      1.4069,     42.7009,    250.3188,     62.9955,      3.4953,      0.1844,      0.1525,     12.3303,      0.1385,      5.6222,     11.2445,      1.2242,     29.1269,     58.2537,      0.0194,      0.0006,      0.2428,      0.2085,   7863.1016,-431554.4062,   -913.4025,    554.1535,  26210.3359,
       1,     169,     223,      16,       1,       3,       1,     10.0000,      1.4069,     42.7009,    250.3188,     62.9955,      3.4953,      0.0985,      0.0662,      8.0110,      0.1496,      5.6222,     11.2445,      1.3219,     29.1269,     58.2537,      0.0194,      0.0008,      0.1200,      0.2085,   7863.1011,-435444.8125,   -913.8325,    553.8841,  26210.3340,
       1,     169,     223,      17,       1,       3,       1,     10.0000,      1.4069,     42.7009,    250.3188,     62.9955,      3.4953,      0.1385,      0.1059,     22.8636,      0.1579,      5.6222,     11.2445,      1.3956,     29.1269,     58.2537,      0.0194,      0.0016,      0.1757,      0.2085,   7863.1006,-430506.0625,   -913.3693,    554.2261,  26210.3359,
       1,     169,     223,      18,       1,       3,       1,     10.0000,      1.4069,     42.7009,    250.3188,     62.9955,      3.4953,      0.1245,      0.0918,     23.0708,      0.1626,      5.6222,     11.2445,      1.4368,     29.1269,     58.2537,      0.0194,      0.0018,      0.1555,      0.2085,   7863.1011,-448202.2812,   -917.3384,    553.0002,  26210.3359,
       1,     169,     223,      19,       1,       3,       1,     10.0000,      1.4069,     42.7009,    250.3188,     62.9955,      3.4953,      0.0717,      0.0390,      3.0148,      0.1642,      5.6222,     11.2445,      1.4513,     29.1269,     58.2537,      0.0194,      0.0004,      0.0818,      0.2085,   7863.1011,-449954.2812,   -918.4327,    552.8806,  26210.3359,
       1,     169,     223,      20,       1,       3,       1,     10.0000,      1.4069,     42.7009,    250.3188,     62.9955,      3.4953,      0.0145,     -0.0179,      0.0044,      0.1536,      5.6222,     11.2445,      1.3569,     29.1269,     58.2537,      0.0194,      0.0003,      0.0002,      0.2085,   7863.1011,-425633.8125,   -914.3801,    554.5613,  26210.3340,
       1,     169,     223,      21,       1,       3,       1,     10.0000,      1.4069,     42.7009,    250.3188,     62.9955,      3.4953,      0.0000,     -0.0322,      0.9909,      0.1491,      5.6222,     11.2445,      1.3179,     29.1269,     58.2537,      0.0194,      0.0008,      0.0156,      0.2085,   7863.1006,-419915.8750,   -913.4115,    554.9602,  26210.3379,
       1,     169,     223,      22,       1,       3,       1,     10.0000,      1.4069,     42.7009,    250.3188,     62.9955,      3.4953,      0.0000,     -0.0322,      1.0116,      0.1485,      5.6222,     11.2445,      1.3126,     29.1269,     58.2537,      0.0194,      0.0008,      0.0156,      0.2085,   7863.1016,-420632.0312,   -913.6086,    554.9107,  26210.3359,
       1,     169,     223,      23,       1,       3,       1,     10.0000,      1.4069,     42.7009,    250.3188,     62.9955,      3.4953,      0.0000,     -0.0322,      1.2399,      0.1469,      5.6222,     11.2445,      1.2981,     29.1269,     58.2537,      0.0194,      0.0010,      0.0156,      0.2085,   7863.1011,-420717.8750,   -913.6980,    554.9048,  26210.3359,
       1,     169,     223,      24,       1,       3,       1,     10.0000,      1.4069,     42.7009,    250.3188,     62.9955,      3.4953,      0.0000,     -0.0321,      1.5248,      0.1448,      5.6222,     11.2445,      1.2799,     29.1269,     58.2537,      0.0194,      0.0012,      0.0156,      0.2085,   7863.1011,-421003.5000,   -913.8595,    554.8849,  26210.3340,
       1,     169,     224,       1,       1,       3,       1,     10.0000,      1.4069,     42.7012,    250.3247,     62.9970,      3.4953,      0.0000,     -0.0319,      1.0438,      0.1402,      5.6226,     11.2452,      1.2392,     29.1272,     58.2543,      0.0194,      0.0008,      0.0156,      0.2086,   7863.1006,-421531.1562,   -914.3704,    554.8615,  26211.5117,
       1,     169,     224,       2,       1,       3,       1,     10.0000,      1.4069,     42.7012,    250.3247,     62.9970,      3.4953,      0.0000,     -0.0317,      0.9302,      0.1358,      5.6226,     11.2452,      1.1996,     29.1272,     58.2543,      0.0194,      0.0007,      0.0156,      0.2086,   7863.4536,-420836.3438,   -914.0692,    554.9096,  26211.5117,
       1,     169,     224,       3,       1,       3,       1,     10.0000,      1.4069,     42.7012,    250.3247,     62.9970,      3.4953,      0.0000,     -0.0316,      0.7720,      0.1332,      5.6226,     11.2452,      1.1767,     29.1272,     58.2543,      0.0194,      0.0006,      0.0156,      0.2086,   7863.4536,-420639.0312,   -914.0806,    554.9233,  26211.5117,
       1,     169,     224,       4,       1,       3,       1,     10.0000,      1.4069,     42.7012,    250.3247,     62.9970,      3.4953,      0.0000,     -0.0318,      0.7326,      0.1371,      5.6226,     11.2452,      1.2119,     29.1272,     58.2543,      0.0194,      0.0006,      0.0156,      0.2086,   7863.4536,-420429.4375,   -914.0767,    554.9377,  26211.5117,
       1,     169,     224,       5,       1,       3,       1,     10.0000,      1.4069,     42.7012,    250.3247,     62.9970,      3.4953,      0.0000,     -0.0318,      0.5413,      0.1360,      5.6226,     11.2452,      1.2021,     29.1272,     58.2543,      0.0194,      0.0004,      0.0156,      0.2086,   7863.4536,-420363.7812,   -914.0943,    554.9423,  26211.5137,
       1,     169,     224,       6,       1,       3,       1,     10.0000,      1.4069,     42.7012,    250.3247,     62.9970,      3.4953,      0.0000,     -0.0317,      0.6685,      0.1340,      5.6226,     11.2452,      1.1839,     29.1272,     58.2543,      0.0194,      0.0005,      0.0156,      0.2086,   7863.4546,-420124.6250,   -914.0630,    554.9589,  26211.5098,
       1,     169,     224,       7,       1,       3,       1,     10.0000,      1.4069,     42.7012,    250.3247,     62.9970,      3.4953,      0.0000,     -0.0316,      0.4888,      0.1312,      5.6226,     11.2452,      1.1589,     29.1272,     58.2543,      0.0194,      0.0004,      0.0156,      0.2086,   7863.4531,-420260.0625,   -914.1273,    554.9495,  26211.5117,
       1,     169,     224,       8,       1,       3,       1,     10.0000,      1.4069,     42.7012,    250.3247,     62.9970,      3.4953,      0.0207,     -0.0107,      0.2814,      0.1277,      5.6226,     11.2452,      1.1287,     29.1272,     58.2543,      0.0194,      0.0003,      0.0102,      0.2086,   7863.4536,-420052.2812,   -914.1113,    554.9640,  26211.5117,
       1,     169,     224,       9,       1,       3,       1,     10.0000,      1.4069,     42.7012,    250.3247,     62.9970,      3.4953,      0.0673,      0.0356,      2.6303,      0.1349,      5.6226,     11.2452,      1.1924,     29.1272,     58.2543,      0.0194,      0.0004,      0.0764,      0.2086,   7863.4536,-419781.6875,   -914.1165,    554.9827,  26211.5117,
       1,     169,     224,      10,       1,       3,       1,     10.0000,      1.4069,     42.7012,    250.3247,     62.9970,      3.4953,      0.1365,      0.1045,      4.8802,      0.1422,      5.6226,     11.2452,      1.2568,     29.1272,     58.2543,      0.0194,      0.0003,      0.1751,      0.2086,   7863.4536,-422622.6875,   -914.7914,    554.7856,  26211.5117,
       1,     169,     224,      11,       1,       3,       1,     10.0000,      1.4069,     42.7012,    250.3247,     62.9970,      3.4953,      0.1888,      0.1560,      6.4329,      0.1626,      5.6226,     11.2452,      1.4368,     29.1272,     58.2543,      0.0194,      0.0003,      0.2500,      0.2086,   7863.4536,-425606.4062,   -915.7634,    554.5788,  26211.5137,
       1,     169,     224,      12,       1,       3,       1,     10.0000,      1.4069,     42.7012,    250.3247,     62.9970,      3.4953,      0.1887,      0.1559,      6.6201,      0.1667,      5.6226,     11.2452,      1.4733,     29.1272,     58.2543,      0.0194,      0.0003,      0.2500,      0.2086,   7863.4546,-427751.6250,   -917.0336,    554.4301,  26211.5117,
       1,     169,     224,      13,       1,       3,       1,     10.0000,      1.4069,     42.7012,    250.3247,     62.9970,      3.4953,      0.1889,      0.1562,      7.7082,      0.1603,      5.6226,     11.2452,      1.4168,     29.1272,     58.2543,      0.0194,      0.0004,      0.2500,      0.2086,   7863.4536,-428161.6562,   -913.5805,    554.4017,  26211.5117,
       1,     169,     224,      14,       1,       3,       1,     10.0000,      1.4069,     42.7012,    250.3247,     62.9970,      3.4953,      0.1890,      0.1565,      8.5246,      0.1565,      5.6226,     11.2452,      1.3831,     29.1272,     58.2543,      0.0194,      0.0004,      0.2500,      0.2086,   7863.4536,-429523.2188,   -914.2111,    554.3074,  26211.5117,
       1,     169,     224,      15,       1,       3,       1,     10.0000,      1.4069,     42.7012,    250.3247,     62.9970,      3.4953,      0.1897,      0.1573,     16.8359,      0.1528,      5.6226,     11.2452,      1.3501,     29.1272,     58.2543,      0.0194,      0.0008,      0.2500,      0.2086,   7863.4536,-430633.6250,   -914.1600,    554.2304,  26211.5137,
       1,     169,     224,      16,       1,       3,       1,     10.0000,      1.4069,     42.7012,    250.3247,     62.9970,      3.4953,      0.1910,      0.1575,     43.4545,      0.1886,      5.6226,     11.2452,      1.6670,     29.1272,     58.2543,      0.0194,      0.0021,      0.2493,      0.2085,   7863.4546,-440862.3125,   -917.3221,    553.5218,  26211.5117,
       1,     169,     224,      17,       1,       3,       1,     10.0000,      1.4069,     42.7012,    250.3247,     62.9970,      3.4953,      0.1680,      0.1344,     40.3542,      0.1909,      5.6226,     11.2452,      1.6869,     29.1272,     58.2543,      0.0194,      0.0023,      0.2163,      0.2085,   7863.4536,-474192.5938,   -925.0572,    551.2161,  26211.5098,
       1,     169,     224,      18,       1,       3,       1,     10.0000,      1.4069,     42.7012,    250.3247,     62.9970,      3.4953,      0.1522,      0.1191,     13.2889,      0.1760,      5.6226,     11.2452,      1.5549,     29.1272,     58.2543,      0.0194,      0.0008,      0.1966,      0.2085,   7863.4531,-473236.9062,   -926.0945,    551.2867,  26211.5117,
       1,     169,     224,      19,       1,       3,       1,     10.0000,      1.4069,     42.7012,    250.3247,     62.9970,      3.4953,      0.0931,      0.0610,      7.1002,      0.1435,      5.6226,     11.2452,      1.2683,     29.1272,     58.2543,      0.0194,      0.0008,      0.1125,      0.2085,   7863.4536,-440125.4062,   -920.7051,    553.5685,  26211.5117,
       1,     169,     224,      20,       1,       3,       1,     10.0000,      1.4069,     42.7012,    250.3247,     62.9970,      3.4953,      0.0212,     -0.0106,      0.7265,      0.1373,      5.6226,     11.2452,      1.2131,     29.1272,     58.2543,      0.0194,      0.0008,      0.0105,      0.2085,   7863.4536,-429797.7812,   -912.2568,    554.2879,  26211.5117,
       1,     169,     224,      21,       1,       3,       1,     10.0000,      1.4069,     42.7012,    250.3247,     62.9970,      3.4953,      0.0000,     -0.0317,      3.7711,      0.1334,      5.6226,     11.2452,      1.1791,     29.1272,     58.2543,      0.0194,      0.0029,      0.0156,      0.2086,   7863.4536,-421148.3750,   -910.4835,    554.8876,  26211.5117,
       1,     169,     224,      22,       1,       3,       1,     10.0000,      1.4069,     42.7012,    250.3247,     62.9970,      3.4953,      0.0000,     -0.0316,      3.8508,      0.1325,      5.6226,     11.2452,      1.1708,     29.1272,     58.2543,      0.0194,      0.0030,      0.0156,      0.2086,   7863.4536,-424129.7500,   -911.3676,    554.6812,  26211.5137,
       1,     169,     224,      23,       1,       3,       1,     10.0000,      1.4069,     42.7012,    250.3247,     62.9970,      3.4953,      0.0000,     -0.0315,      2.9528,      0.1301,      5.6226,     11.2452,      1.1496,     29.1272,     58.2543,      0.0194,      0.0023,      0.0156,      0.2086,   7863.4546,-424478.3438,   -911.8544,    554.6570,  26211.5098,
       1,     169,     224,      24,       1,       3,       1,     10.0000,      1.4069,     42.7012,    250.3247,     62.9970,      3.4953,      0.0000,     -0.0314,      0.7340,      0.1283,      5.6226,     11.2452,      1.1333,     29.1272,     58.2543,      0.0194,      0.0006,      0.0156,      0.2086,   7863.4531,-423413.3125,   -911.9656,    554.7308,  26211.5137,
       1,     169,     225,       1,       1,       3,       1,     10.0000,      1.4070,     42.7015,    250.3306,     62.9985,      3.4953,      0.0000,     -0.0315,      0.3066,      0.1285,      5.6221,     11.2442,      1.1356,     29.1317,     58.2634,      0.0194,      0.0002,      0.0156,      0.2086,   7863.4546,-420773.1562,   -911.7775,    554.9271,  26212.6875,
       1,     169,     225,       2,       1,       3,       1,     10.0000,      1.4070,     42.7015,    250.3306,     62.9985,      3.4953,      0.0000,     -0.0314,      0.3333,      0.1276,      5.6221,     11.2442,      1.1276,     29.1317,     58.2634,      0.0194,      0.0003,      0.0156,      0.2086,   7863.8066,-419876.2500,   -911.3615,    554.9893,  26212.6875,
       1,     169,     225,       3,       1,       3,       1,     10.0000,      1.4070,     42.7015,    250.3306,     62.9985,      3.4953,      0.0000,     -0.0315,      0.3911,      0.1290,      5.6221,     11.2442,      1.1403,     29.1317,     58.2634,      0.0194,      0.0003,      0.0156,      0.2086,   7863.8066,-419832.8750,   -911.3569,    554.9922,  26212.6895,
       1,     169,     225,       4,       1,       3,       1,     10.0000,      1.4070,     42.7015,    250.3306,     62.9985,      3.4953,      0.0000,     -0.0314,      0.3152,      0.1272,      5.6221,     11.2442,      1.1241,     29.1317,     58.2634,      0.0194,      0.0002,      0.0156,      0.2086,   7863.8071,-419899.5625,   -911.3778,    554.9877,  26212.6875,
       1,     169,     225,       5,       1,       3,       1,     10.0000,      1.4070,     42.7015,    250.3306,     62.9985,      3.4953,      0.0000,     -0.0314,      0.3030,      0.1263,      5.6221,     11.2442,      1.1161,     29.1317,     58.2634,      0.0194,      0.0002,      0.0156,      0.2086,   7863.8066,-419812.8438,   -911.3652,    554.9937,  26212.6895,
       1,     169,     225,       6,       1,       3,       1,     10.0000,      1.4070,     42.7015,    250.3306,     62.9985,      3.4953,      0.0000,     -0.0314,      0.4251,      0.1261,      5.6221,     11.2442,      1.1139,     29.1317,     58.2634,      0.0194,      0.0003,      0.0156,      0.2086,   7863.8071,-419790.4062,   -911.3627,    554.9952,  26212.6875,
       1,     169,     225,       7,       1,       3,       1,     10.0000,      1.4070,     42.7015,    250.3306,     62.9985,      3.4953,      0.0000,     -0.0315,      0.3112,      0.1284,      5.6221,     11.2442,      1.1345,     29.1317,     58.2634,      0.0194,      0.0002,      0.0156,      0.2086,   7863.8066,-419937.6562,   -911.4037,    554.9849,  26212.6875,
       1,     169,     225,       8,       1,       3,       1,     10.0000,      1.4070,     42.7015,    250.3306,     62.9985,      3.4953,      0.0161,     -0.0153,      0.0726,      0.1277,      5.6221,     11.2442,      1.1287,     29.1317,     58.2634,      0.0194,      0.0002,      0.0037,      0.2086,   7863.8066,-419811.2812,   -911.3826,    554.9938,  26212.6895,
       1,     169,     225,       9,       1,       3,       1,     10.0000,      1.4070,     42.7015,    250.3306,     62.9985,      3.4953,      0.1431,      0.1113,      3.9186,      0.1374,      5.6221,     11.2442,      1.2144,     29.1317,     58.2634,      0.0194,      0.0003,      0.1846,      0.2086,   7863.8071,-419509.3438,   -911.3737,    555.0147,  26212.6875,
       1,     169,     225,      10,       1,       3,       1,     10.0000,      1.4070,     42.7015,    250.3306,     62.9985,      3.4953,      0.1202,      0.0882,      3.3989,      0.1440,      5.6221,     11.2442,      1.2722,     29.1317,     58.2634,      0.0194,      0.0003,      0.1519,      0.2086,   7863.8066,-424172.7812,   -912.8466,    554.6912,  26212.6875,
       1,     169,     225,      11,       1,       3,       1,     10.0000,      1.4070,     42.7015,    250.3306,     62.9985,      3.4953,      0.1888,      0.1562,      6.3086,      0.1599,      5.6221,     11.2442,      1.4126,     29.1317,     58.2634,      0.0194,      0.0003,      0.2500,      0.2086,   7863.8066,-423933.6875,   -913.2749,    554.7079,  26212.6875,
       1,     169,     225,      12,       1,       3,       1,     10.0000,      1.4070,     42.7015,    250.3306,     62.9985,      3.4953,      0.1886,      0.1549,      7.9930,      0.1965,      5.6221,     11.2442,      1.7361,     29.1317,     58.2634,      0.0194,      0.0004,      0.2500,      0.2086,   7863.8066,-427460.7812,   -914.9926,    554.4633,  26212.6875,
       1,     169,     225,      13,       1,       3,       1,     10.0000,      1.4070,     42.7015,    250.3306,     62.9985,      3.4953,      0.1886,      0.1545,      8.5465,      0.2083,      5.6221,     11.2442,      1.8402,     29.1317,     58.2634,      0.0194,      0.0004,      0.2500,      0.2086,   7863.8066,-429812.7812,   -916.9702,    554.3004,  26212.6855,
       1,     169,     225,      14,       1,       3,       1,     10.0000,      1.4070,     42.7015,    250.3306,     62.9985,      3.4953,      0.1886,      0.1536,     11.4907,      0.2415,      5.6221,     11.2442,      2.1339,     29.1317,     58.2634,      0.0194,      0.0006,      0.2500,      0.2086,   7863.8062,-430686.9375,   -918.6208,    554.2399,  26212.6875,
       1,     169,     225,      15,       1,       3,       1,     10.0000,      1.4070,     42.7015,    250.3306,     62.9985,      3.4953,      0.1888,      0.1539,     13.2617,      0.2368,      5.6221,     11.2442,      2.0927,     29.1317,     58.2634,      0.0194,      0.0006,      0.2500,      0.2086,   7863.8066,-434350.0938,   -921.4783,    553.9860,  26212.6875,
       1,     169,     225,      16,       1,       3,       1,     10.0000,      1.4070,     42.7015,    250.3306,     62.9985,      3.4953,      0.1898,      0.1557,     23.8724,      0.2087,      5.6221,     11.2442,      1.8439,     29.1317,     58.2634,      0.0194,      0.0012,      0.2500,      0.2086,   7863.8066,-436819.3438,   -923.6198,    553.8151,  26212.6875,
       1,     169,     225,      17,       1,       3,       1,     10.0000,      1.4070,     42.7015,    250.3306,     62.9985,      3.4953,      0.1905,      0.1566,     62.9201,      0.2014,      5.6221,     11.2442,      1.7795,     29.1317,     58.2634,      0.0194,      0.0031,      0.2465,      0.2086,   7863.8066,-449966.7188,   -926.7111,    552.9050,  26212.6875,
       1,     169,     225,      18,       1,       3,       1,     10.0000,      1.4070,     42.7015,    250.3306,     62.9985,      3.4953,      0.1653,      0.1322,     60.0315,      0.1754,      5.6221,     11.2442,      1.5503,     29.1317,     58.2634,      0.0194,      0.0035,      0.2102,      0.2086,   7863.8066,-498702.8438,   -936.5904,    549.5374,  26212.6895,
       1,     169,     225,      19,       1,       3,       1,     10.0000,      1.4070,     42.7015,    250.3306,     62.9985,      3.4953,      0.1395,      0.1071,     68.5412,      0.1554,      5.6221,     11.2442,      1.3734,     29.1317,     58.2634,      0.0194,      0.0049,      0.1720,      0.2085,   7863.8071,-499317.5938,   -932.0116,    549.5054,  26212.6875,
       1,     169,     225,      20,       1,       3,       1,     10.0000,      1.4070,     42.7015,    250.3306,     62.9985,      3.4953,      0.0256,     -0.0068,      6.0305,      0.1543,      5.6221,     11.2442,      1.3638,     29.1317,     58.2634,      0.0194,      0.0048,      0.0154,      0.2085,   7863.8066,-509743.4062,   -932.9751,    548.7893,  26212.6875,
       1,     169,     225,      21,       1,       3,       1,     10.0000,      1.4070,     42.7015,    250.3306,     62.9985,      3.4953,      0.0000,     -0.0323,      4.4669,      0.1504,      5.6221,     11.2442,      1.3286,     29.1317,     58.2634,      0.0194,      0.0035,      0.0156,      0.2085,   7863.8066,-434313.9375,   -919.6893,    553.9641,  26212.6875,
       1,     169,     225,      22,       1,       3,       1,     10.0000,      1.4070,     42.7015,    250.3306,     62.9985,      3.4953,      0.0000,     -0.0323,      4.1571,      0.1502,      5.6221,     11.2442,      1.3273,     29.1317,     58.2634,      0.0194,      0.0032,      0.0156,      0.2086,   7863.8066,-426122.2188,   -918.3117,    554.5558,  26212.6855,
       1,     169,     225,      23,       1,       3,       1,     10.0000,      1.4070,     42.7015,    250.3306,     62.9985,      3.4953,      0.0000,     -0.0322,      2.2783,      0.1487,      5.6221,     11.2442,      1.3139,     29.1317,     58.2634,      0.0194,      0.0018,      0.0156,      0.2086,   7863.8062,-425023.5312,   -918.2534,    554.6323,  26212.6875,
       1,     169,     225,      24,       1,       3,       1,     10.0000,      1.4070,     42.7015,    250.3306,     62.9985,      3.4953,      0.0000,     -0.0321,      0.4737,      0.1454,      5.6221,     11.2442,      1.2851,     29.1317,     58.2634,      0.0194,      0.0004,      0.0156,      0.2086,   7863.8066,-422639.3125,   -917.9364,    554.7975,  26212.6855,
       1,     169,     226,       1,       1,       3,       1,     10.0000,      1.4070,     42.7019,    250.3366,     63.0000,      3.4953,      0.0000,     -0.0321,      0.5623,      0.1460,      5.6223,     11.2447,      1.2903,     29.1395,     58.2790,      0.0194,      0.0004,      0.0156,      0.2086,   7863.8062,-420394.1250,   -917.7988,    554.9665,  26213.8652,
       1,     169,     226,       2,       1,       3,       1,     10.0000,      1.4070,     42.7019,    250.3366,     63.0000,      3.4953,      0.0000,     -0.0322,      0.3578,      0.1471,      5.6223,     11.2447,      1.2995,     29.1395,     58.2790,      0.0194,      0.0003,      0.0156,      0.2086,   7864.1597,-420158.7812,   -917.5016,    554.9827,  26213.8652,
       1,     169,     226,       3,       1,       3,       1,     10.0000,      1.4070,     42.7019,    250.3366,     63.0000,      3.4953,      0.0000,     -0.0321,      0.3561,      0.1465,      5.6223,     11.2447,      1.2942,     29.1395,     58.2790,      0.0194,      0.0003,      0.0156,      0.2086,   7864.1597,-419889.6562,   -917.4536,    555.0015,  26213.8633,
       1,     169,     226,       4,       1,       3,       1,     10.0000,      1.4070,     42.7019,    250.3366,     63.0000,      3.4953,      0.0000,     -0.0320,      0.3904,      0.1438,      5.6223,     11.2447,      1.2709,     29.1395,     58.2790,      0.0194,      0.0003,      0.0156,      0.2086,   7864.1592,-419865.0000,   -917.4512,    555.0032,  26213.8672,
       1,     169,     226,       5,       1,       3,       1,     10.0000,      1.4070,     42.7019,    250.3366,     63.0000,      3.4953,      0.0000,     -0.0319,      0.3404,      0.1408,      5.6223,     11.2447,      1.2442,     29.1395,     58.2790,      0.0194,      0.0003,      0.0156,      0.2086,   7864.1606,-419904.3750,   -917.4614,    555.0004,  26213.8652,
       1,     169,     226,       6,       1,       3,       1,     10.0000,      1.4070,     42.7019,    250.3366,     63.0000,      3.4953,      0.0000,     -0.0319,      0.3342,      0.1385,      5.6223,     11.2447,      1.2243,     29.1395,     58.2790,      0.0194,      0.0003,      0.0156,      0.2086,   7864.1597,-419846.9375,   -917.4528,    555.0044,  26213.8652,
       1,     169,     226,       7,       1,       3,       1,     10.0000,      1.4070,     42.7019,    250.3366,     63.0000,      3.4953,      0.0000,     -0.0319,      0.3342,      0.1385,      5.6223,     11.2447,      1.2243,     29.1395,     58.2790,      0.0194,      0.0003,      0.0156,      0.2086,   7864.1597,-419834.5312,   -917.4520,    555.0052,  26213.8652,
       1,     169,     226,       8,       1,       3,       1,     10.0000,      1.4070,     42.7019,    250.3366,     63.0000,      3.4953,      0.0030,     -0.0289,      0.3420,      0.1414,      5.6223,     11.2447,      1.2493,     29.1395,     58.2790,      0.0194,      0.0003,      0.0156,      0.2086,   7864.1597,-419833.4375,   -917.4534,    555.0053,  26213.8652,
       1,     169,     226,       9,       1,       3,       1,     10.0000,      1.4070,     42.7019,    250.3366,     63.0000,      3.4953,      0.0514,      0.0191,      1.2418,      0.1494,      5.6223,     11.2447,      1.3206,     29.1395,     58.2790,      0.0194,      0.0003,      0.0532,      0.2086,   7864.1597,-419842.8750,   -917.4667,    555.0046,  26213.8633,
       1,     169,     226,      10,       1,       3,       1,     10.0000,      1.4070,     42.7019,    250.3366,     63.0000,      3.4953,      0.0328,     -0.0004,      0.7267,      0.1776,      5.6223,     11.2447,      1.5690,     29.1395,     58.2790,      0.0194,      0.0003,      0.0255,      0.2086,   7864.1592,-420940.8125,   -917.8092,    554.9286,  26213.8652,
       1,     169,     226,      11,       1,       3,       1,     10.0000,      1.4070,     42.7019,    250.3366,     63.0000,      3.4953,      0.0036,     -0.0303,      0.5131,      0.2014,      5.6223,     11.2447,      1.7796,     29.1395,     58.2790,      0.0194,      0.0004,      0.0156,      0.2086,   7864.1597,-420405.3750,   -917.7968,    554.9657,  26213.8633,
       1,     169,     226,      12,       1,       3,       1,     10.0000,      1.4070,     42.7019,    250.3366,     63.0000,      3.4953,      0.0104,     -0.0244,      0.5951,      0.2291,      5.6223,     11.2447,      2.0243,     29.1395,     58.2790,      0.0194,      0.0005,      0.0156,      0.2086,   7864.1592,-420099.9688,   -917.7519,    554.9868,  26213.8652,
       1,     169,     226,      13,       1,       3,       1,     10.0000,      1.4070,     42.7019,    250.3366,     63.0000,      3.4953,      0.0425,      0.0076,      1.4774,      0.2345,      5.6223,     11.2447,      2.0724,     29.1395,     58.2790,      0.0194,      0.0005,      0.0377,      0.2086,   7864.1597,-420173.9688,   -917.7884,    554.9817,  26213.8633,
       1,     169,     226,      14,       1,       3,       1,     10.0000,      1.4070,     42.7019,    250.3366,     63.0000,      3.4953,      0.0807,      0.0460,      3.5096,      0.2262,      5.6223,     11.2447,      1.9987,     29.1395,     58.2790,      0.0194,      0.0005,      0.0934,      0.2086,   7864.1592,-421255.8125,   -918.0718,    554.9067,  26213.8652,
       1,     169,     226,      15,       1,       3,       1,     10.0000,      1.4070,     42.7019,    250.3366,     63.0000,      3.4953,      0.1420,      0.1071,     21.7911,      0.2348,      5.6223,     11.2447,      2.0744,     29.1395,     58.2790,      0.0194,      0.0015,      0.1806,      0.2086,   7864.1597,-423824.3438,   -918.6915,    554.7285,  26213.8633,
       1,     169,     226,      16,       1,       3,       1,     10.0000,      1.4070,     42.7019,    250.3366,     63.0000,      3.4953,      0.1544,      0.1196,     48.6795,      0.2331,      5.6223,     11.2447,      2.0602,     29.1395,     58.2790,      0.0194,      0.0030,      0.1958,      0.2086,   7864.1592,-446327.3750,   -923.3915,    553.1682,  26213.8652,
       1,     169,     226,      17,       1,       3,       1,     10.0000,      1.4070,     42.7019,    250.3366,     63.0000,      3.4953,      0.1213,      0.0867,     58.9092,      0.2262,      5.6223,     11.2447,      1.9987,     29.1395,     58.2790,      0.0194,      0.0049,      0.1464,      0.2086,   7864.1597,-481023.1562,   -930.6991,    550.7712,  26213.8652,
       1,     169,     226,      18,       1,       3,       1,     10.0000,      1.4070,     42.7019,    250.3366,     63.0000,      3.4953,      0.1174,      0.0833,     54.5079,      0.2091,      5.6223,     11.2447,      1.8476,     29.1395,     58.2790,      0.0194,      0.0047,      0.1413,      0.2086,   7864.1597,-496444.0000,   -934.4926,    549.7148,  26213.8672,
       1,     169,     226,      19,       1,       3,       1,     10.0000,      1.4070,     42.7019,    250.3366,     63.0000,      3.4953,      0.0802,      0.0464,     29.1681,      0.1974,      5.6223,     11.2447,      1.7447,     29.1395,     58.2790,      0.0194,      0.0039,      0.0903,      0.2085,   7864.1606,-492369.0312,   -934.5635,    549.9958,  26213.8672,
       1,     169,     226,      20,       1,       3,       1,     10.0000,      1.4070,     42.7019,    250.3366,     63.0000,      3.4953,      0.0106,     -0.0229,      5.7484,      0.1844,      5.6223,     11.2447,      1.6294,     29.1395,     58.2790,      0.0194,      0.0045,      0.0156,      0.2085,   7864.1606,-461103.5000,   -927.6428,    552.1454,  26213.8652,
       1,     169,     226,      21,       1,       3,       1,     10.0000,      1.4070,     42.7019,    250.3366,     63.0000,      3.4953,      0.0000,     -0.0334,      5.8241,      0.1837,      5.6223,     11.2447,      1.6229,     29.1395,     58.2790,      0.0194,      0.0045,      0.0156,      0.2086,   7864.1597,-429916.3125,   -918.1331,    554.3021,  26213.8652,
       1,     169,     226,      22,       1,       3,       1,     10.0000,      1.4070,     42.7019,    250.3366,     63.0000,      3.4953,      0.0000,     -0.0334,      5.0602,      0.1829,      5.6223,     11.2447,      1.6165,     29.1395,     58.2790,      0.0194,      0.0040,      0.0156,      0.2086,   7864.1597,-427383.1562,   -918.3147,    554.4818,  26213.8652,
       1,     169,     226,      23,       1,       3,       1,     10.0000,      1.4070,     42.7019,    250.3366,     63.0000,      3.4953,      0.0000,     -0.0332,      4.0118,      0.1784,      5.6223,     11.2447,      1.5768,     29.1395,     58.2790,      0.0194,      0.0031,      0.0156,      0.2086,   7864.1597,-426232.7188,   -918.6259,    554.5615,  26213.8672,
       1,     169,     226,      24,       1,       3,       1,     10.0000,      1.4070,     42.7019,    250.3366,     63.0000,      3.4953,      0.0000,     -0.0331,      3.1474,      0.1746,      5.6223,     11.2447,      1.5426,     29.1395,     58.2790,      0.0194,      0.0025,      0.0156,      0.2086,   7864.1606,-424857.2500,   -918.7452,    554.6569,  26213.8633,
       1,     169,     227,       1,       1,       3,       1,     10.0000,      1.4070,     42.7022,    250.3425,     63.0015,      3.4953,      0.0000,     -0.0330,      2.6513,      0.1715,      5.6244,     11.2488,      1.5152,     29.1201,     58.2401,      0.0194,      0.0021,      0.0156,      0.2086,   7864.1592,-423843.0625,   -919.0970,    554.7405,  26215.0410,
       1,     169,     227,       2,       1,       3,       1,     10.0000,      1.4070,     42.7022,    250.3425,     63.0015,      3.4953,      0.0000,     -0.0329,      2.9002,      0.1698,      5.6244,     11.2488,      1.5001,     29.1201,     58.2401,      0.0194,      0.0023,      0.0156,      0.2086,   7864.5127,-422999.5312,   -918.8859,    554.7991,  26215.0410,
       1,     169,     227,       3,       1,       3,       1,     10.0000,      1.4070,     42.7022,    250.3425,     63.0015,      3.4953,      0.0000,     -0.0327,      2.8041,      0.1636,      5.6244,     11.2488,      1.4456,     29.1201,     58.2401,      0.0194,      0.0022,      0.0156,      0.2086,   7864.5127,-423231.5312,   -919.1667,    554.7830,  26215.0391,
       1,     169,     227,       4,       1,       3,       1,     10.0000,      1.4070,     42.7022,    250.3425,     63.0015,      3.4953,      0.0000,     -0.0325,      2.3653,      0.1580,      5.6244,     11.2488,      1.3958,     29.1201,     58.2401,      0.0194,      0.0018,      0.0156,      0.2086,   7864.5122,-423134.2188,   -919.3231,    554.7897,  26215.0410,
       1,     169,     227,       5,       1,       3,       1,     10.0000,      1.4070,     42.7022,    250.3425,     63.0015,      3.4953,      0.0000,     -0.0324,      1.9567,      0.1528,      5.6244,     11.2488,      1.3502,     29.1201,     58.2401,      0.0194,      0.0015,      0.0156,      0.2086,   7864.5127,-422590.9375,   -919.3680,    554.8274,  26215.0410,
       1,     169,     227,       6,       1,       3,       1,     10.0000,      1.4070,     42.7022,    250.3425,     63.0015,      3.4953,      0.0000,     -0.0323,      1.7383,      0.1508,      5.6244,     11.2488,      1.3327,     29.1201,     58.2401,      0.0194,      0.0014,      0.0156,      0.2086,   7864.5127,-422047.0000,   -919.3690,    554.8651,  26215.0410,
       1,     169,     227,       7,       1,       3,       1,     10.0000,      1.4070,     42.7022,    250.3425,     63.0015,      3.4953,      0.0000,     -0.0322,      1.4885,      0.1481,      5.6244,     11.2488,      1.3087,     29.1201,     58.2401,      0.0194,      0.0012,      0.0156,      0.2086,   7864.5127,-421734.8438,   -919.3906,    554.8868,  26215.0410,
       1,     169,     227,       8,       1,       3,       1,     10.0000,      1.4070,     42.7022,    250.3425,     63.0015,      3.4953,      0.0088,     -0.0234,      0.9046,      0.1478,      5.6244,     11.2488,      1.3061,     29.1201,     58.2401,      0.0194,      0.0007,      0.0156,      0.2086,   7864.5127,-421403.9375,   -919.4072,    554.9097,  26215.0410,
       1,     169,     227,       9,       1,       3,       1,     10.0000,      1.4070,     42.7022,    250.3425,     63.0015,      3.4953,      0.0679,      0.0354,      2.7777,      0.1547,      5.6244,     11.2488,      1.3666,     29.1201,     58.2401,      0.0194,      0.0004,      0.0765,      0.2086,   7864.5127,-420664.4062,   -919.3270,    554.9610,  26215.0410,
       1,     169,     227,      10,       1,       3,       1,     10.0000,      1.4070,     42.7022,    250.3425,     63.0015,      3.4953,      0.1332,      0.1005,      4.4166,      0.1628,      5.6244,     11.2488,      1.4384,     29.1201,     58.2401,      0.0194,      0.0003,      0.1702,      0.2086,   7864.5127,-422884.8125,   -919.8974,    554.8070,  26215.0410,
       1,     169,     227,      11,       1,       3,       1,     10.0000,      1.4070,     42.7022,    250.3425,     63.0015,      3.4953,      0.1637,      0.1310,      5.8775,      0.1633,      5.6244,     11.2488,      1.4427,     29.1201,     58.2401,      0.0194,      0.0003,      0.2140,      0.2086,   7864.5127,-425070.1875,   -916.2518,    554.6555,  26215.0430,
       1,     169,     227,      12,       1,       3,       1,     10.0000,      1.4070,     42.7022,    250.3425,     63.0015,      3.4953,      0.1695,      0.1358,      7.0051,      0.1940,      5.6244,     11.2488,      1.7140,     29.1201,     58.2401,      0.0194,      0.0004,      0.2224,      0.2086,   7864.5132,-427035.4375,   -917.5785,    554.5193,  26215.0410,
       1,     169,     227,      13,       1,       3,       1,     10.0000,      1.4070,     42.7022,    250.3425,     63.0015,      3.4953,      0.1873,      0.1523,     10.0627,      0.2415,      5.6244,     11.2488,      2.1340,     29.1201,     58.2401,      0.0194,      0.0005,      0.2482,      0.2086,   7864.5127,-428576.1562,   -918.8419,    554.4124,  26215.0410,
       1,     169,     227,      14,       1,       3,       1,     10.0000,      1.4070,     42.7022,    250.3425,     63.0015,      3.4953,      0.1886,      0.1539,      9.3984,      0.2262,      5.6244,     11.2488,      1.9987,     29.1201,     58.2401,      0.0194,      0.0005,      0.2500,      0.2086,   7864.5127,-432433.5938,   -921.1096,    554.1451,  26215.0410,
       1,     169,     227,      15,       1,       3,       1,     10.0000,      1.4070,     42.7022,    250.3425,     63.0015,      3.4953,      0.1887,      0.1554,      7.5391,      0.1826,      5.6244,     11.2488,      1.6133,     29.1201,     58.2401,      0.0194,      0.0004,      0.2500,      0.2086,   7864.5127,-431949.9062,   -914.8027,    554.1786,  26215.0410,
       1,     169,     227,      16,       1,       3,       1,     10.0000,      1.4070,     42.7022,    250.3425,     63.0015,      3.4953,      0.1596,      0.1271,      7.8565,      0.1559,      5.6244,     11.2488,      1.3776,     29.1201,     58.2401,      0.0194,      0.0005,      0.2078,      0.2086,   7864.5127,-429642.4688,   -913.9509,    554.3386,  26215.0410,
       1,     169,     227,      17,       1,       3,       1,     10.0000,      1.4070,     42.7022,    250.3425,     63.0015,      3.4953,      0.0828,      0.0499,     21.6241,      0.1691,      5.6244,     11.2488,      1.4941,     29.1201,     58.2401,      0.0194,      0.0028,      0.0955,      0.2086,   7864.5127,-429834.4375,   -912.5954,    554.3253,  26215.0410,
       1,     169,     227,      18,       1,       3,       1,     10.0000,      1.4070,     42.7022,    250.3425,     63.0015,      3.4953,      0.0408,      0.0074,     13.8401,      0.1844,      5.6244,     11.2488,      1.6294,     29.1201,     58.2401,      0.0194,      0.0048,      0.0353,      0.2086,   7864.5127,-446633.0312,   -916.3571,    553.1613,  26215.0410,
       1,     169,     227,      19,       1,       3,       1,     10.0000,      1.4070,     42.7022,    250.3425,     63.0015,      3.4953,      0.0123,     -0.0203,      5.0407,      0.1600,      5.6244,     11.2488,      1.4141,     29.1201,     58.2401,      0.0194,      0.0039,      0.0156,      0.2086,   7864.5127,-438564.7812,   -915.6907,    553.7204,  26215.0410,
       1,     169,     227,      20,       1,       3,       1,     10.0000,      1.4070,     42.7022,    250.3425,     63.0015,      3.4953,      0.0047,     -0.0269,      1.0813,      0.1337,      5.6244,     11.2488,      1.1816,     29.1201,     58.2401,      0.0194,      0.0008,      0.0156,      0.2086,   7864.5127,-427155.1562,   -914.2451,    554.5104,  26215.0410,
       1,     169,     227,      21,       1,       3,       1,     10.0000,      1.4070,     42.7022,    250.3425,     63.0015,      3.4953,      0.0000,     -0.0315,      0.4382,      0.1285,      5.6244,     11.2488,      1.1357,     29.1201,     58.2401,      0.0194,      0.0003,      0.0156,      0.2086,   7864.5127,-421366.2812,   -910.4847,    554.9122,  26215.0410,
       1,     169,     227,      22,       1,       3,       1,     10.0000,      1.4070,     42.7022,    250.3425,     63.0015,      3.4953,      0.0000,     -0.0315,      1.0273,      0.1301,      5.6244,     11.2488,      1.1496,     29.1201,     58.2401,      0.0194,      0.0008,      0.0156,      0.2086,   7864.5127,-420092.7500,   -910.1435,    555.0007,  26215.0391,
       1,     169,     227,      23,       1,       3,       1,     10.0000,      1.4070,     42.7022,    250.3425,     63.0015,      3.4953,      0.0000,     -0.0316,      1.1264,      0.1310,      5.6244,     11.2488,      1.1578,     29.1201,     58.2401,      0.0194,      0.0009,      0.0156,      0.2086,   7864.5122,-420703.1875,   -910.3128,    554.9583,  26215.0410,
       1,     169,     227,      24,       1,       3,       1,     10.0000,      1.4070,     42.7022,    250.3425,     63.0015,      3.4953,      0.0000,     -0.0317,      0.8700,      0.1339,      5.6244,     11.2488,      1.1828,     29.1201,     58.2401,      0.0194,      0.0007,      0.0156,      0.2086,   7864.5127,-420875.4375,   -910.3991,    554.9464,  26215.0410,
       1,     169,     228,       1,       1,       3,       1,     10.0000,      1.4070,     42.7025,    250.3484,     63.0030,      3.4953,      0.0000,     -0.0319,      0.4222,      0.1407,      5.6232,     11.2464,      1.2431,     29.1146,     58.2293,      0.0194,      0.0003,      0.0156,      0.2087,   7864.5127,-420733.1250,   -910.6665,    554.9694,  26216.2129,
       1,     169,     228,       2,       1,       3,       1,     10.0000,      1.4070,     42.7025,    250.3484,     63.0030,      3.4953,      0.0000,     -0.0320,      0.3728,      0.1422,      5.6232,     11.2464,      1.2570,     29.1146,     58.2293,      0.0194,      0.0003,      0.0156,      0.2087,   7864.8643,-420022.8750,   -910.2907,    555.0187,  26216.2148,
       1,     169,     228,       3,       1,       3,       1,     10.0000,      1.4070,     42.7025,    250.3484,     63.0030,      3.4953,      0.0000,     -0.0319,      0.3420,      0.1414,      5.6232,     11.2464,      1.2493,     29.1146,     58.2293,      0.0194,      0.0003,      0.0156,      0.2087,   7864.8647,-419902.4062,   -910.2725,    555.0270,  26216.2148,
       1,     169,     228,       4,       1,       3,       1,     10.0000,      1.4070,     42.7025,    250.3484,     63.0030,      3.4953,      0.0000,     -0.0320,      0.3436,      0.1420,      5.6232,     11.2464,      1.2544,     29.1146,     58.2293,      0.0194,      0.0003,      0.0156,      0.2087,   7864.8647,-419854.6562,   -910.2656,    555.0303,  26216.2168,
       1,     169,     228,       5,       1,       3,       1,     10.0000,      1.4070,     42.7025,    250.3484,     63.0030,      3.4953,      0.0000,     -0.0319,      0.3416,      0.1412,      5.6232,     11.2464,      1.2481,     29.1146,     58.2293,      0.0194,      0.0003,      0.0156,      0.2087,   7864.8652,-419852.1562,   -910.2661,    555.0305,  26216.2168,
       1,     169,     228,       6,       1,       3,       1,     10.0000,      1.4070,     42.7025,    250.3484,     63.0030,      3.4953,      0.0000,     -0.0318,      0.3338,      0.1384,      5.6232,     11.2464,      1.2231,     29.1146,     58.2293,      0.0194,      0.0003,      0.0156,      0.2087,   7864.8652,-419849.5000,   -910.2673,    555.0306,  26216.2168,
       1,     169,     228,       7,       1,       3,       1,     10.0000,      1.4070,     42.7025,    250.3484,     63.0030,      3.4953,      0.0000,     -0.0319,      0.3420,      0.1414,      5.6232,     11.2464,      1.2493,     29.1146,     58.2293,      0.0194,      0.0003,      0.0156,      0.2087,   7864.8652,-419839.8438,   -910.2671,    555.0313,  26216.2168,
       1,     169,     228,       8,       1,       3,       1,     10.0000,      1.4070,     42.7025,    250.3484,     63.0030,      3.4953,      0.0022,     -0.0298,      0.3428,      0.1417,      5.6232,     11.2464,      1.2519,     29.1146,     58.2293,      0.0194,      0.0003,      0.0156,      0.2087,   7864.8652,-419849.0625,   -910.2702,    555.0308,  26216.2168,
       1,     169,     228,       9,       1,       3,       1,     10.0000,      1.4070,     42.7025,    250.3484,     63.0030,      3.4953,      0.0151,     -0.0169,      0.0393,      0.1431,      5.6232,     11.2464,      1.2646,     29.1146,     58.2293,      0.0194,      0.0003,      0.0015,      0.2087,   7864.8652,-419850.6562,   -910.2788,    555.0306,  26216.2168,
       1,     169,     228,      10,       1,       3,       1,     10.0000,      1.4070,     42.7025,    250.3484,     63.0030,      3.4953,      0.0257,     -0.0064,      0.4324,      0.1460,      5.6232,     11.2464,      1.2904,     29.1146,     58.2293,      0.0194,      0.0003,      0.0166,      0.2087,   7864.8652,-419481.0625,   -910.0886,    555.0562,  26216.2168,
       1,     169,     228,      11,       1,       3,       1,     10.0000,      1.4070,     42.7025,    250.3484,     63.0030,      3.4953,      0.0419,      0.0099,      0.8792,      0.1422,      5.6232,     11.2464,      1.2570,     29.1146,     58.2293,      0.0194,      0.0003,      0.0398,      0.2087,   7864.8652,-419928.8438,   -910.2050,    555.0251,  26216.2148,
       1,     169,     228,      12,       1,       3,       1,     10.0000,      1.4070,     42.7025,    250.3484,     63.0030,      3.4953,      0.1007,      0.0686,      4.0529,      0.1463,      5.6232,     11.2464,      1.2930,     29.1146,     58.2293,      0.0194,      0.0004,      0.1238,      0.2087,   7864.8647,-420511.5625,   -910.4412,    554.9847,  26216.2129,
       1,     169,     228,      13,       1,       3,       1,     10.0000,      1.4070,     42.7025,    250.3484,     63.0030,      3.4953,      0.1550,      0.1225,      5.1174,      0.1568,      5.6232,     11.2464,      1.3860,     29.1146,     58.2293,      0.0194,      0.0003,      0.2015,      0.2087,   7864.8643,-424428.7500,   -911.4378,    554.7130,  26216.2148,
       1,     169,     228,      14,       1,       3,       1,     10.0000,      1.4070,     42.7025,    250.3484,     63.0030,      3.4953,      0.1712,      0.1383,      6.0844,      0.1689,      5.6232,     11.2464,      1.4927,     29.1146,     58.2293,      0.0194,      0.0003,      0.2248,      0.2087,   7864.8647,-426057.1875,   -912.3820,    554.6002,  26216.2168,
       1,     169,     228,      15,       1,       3,       1,     10.0000,      1.4070,     42.7025,    250.3484,     63.0030,      3.4953,      0.1705,      0.1372,      6.4761,      0.1792,      5.6232,     11.2464,      1.5831,     29.1146,     58.2293,      0.0194,      0.0004,      0.2237,      0.2087,   7864.8652,-427373.0312,   -913.6463,    554.5090,  26216.2148,
       1,     169,     228,      16,       1,       3,       1,     10.0000,      1.4070,     42.7025,    250.3484,     63.0030,      3.4953,      0.1618,      0.1285,      6.1455,      0.1810,      5.6232,     11.2464,      1.5990,     29.1146,     58.2293,      0.0194,      0.0004,      0.2113,      0.2087,   7864.8647,-427961.9375,   -914.7241,    554.4681,  26216.2148,
       1,     169,     228,      17,       1,       3,       1,     10.0000,      1.4070,     42.7025,    250.3484,     63.0030,      3.4953,      0.1599,      0.1266,      9.2371,      0.1819,      5.6232,     11.2464,      1.6070,     29.1146,     58.2293,      0.0194,      0.0005,      0.2081,      0.2087,   7864.8647,-427608.8750,   -915.5132,    554.4926,  26216.2148,
       1,     169,     228,      18,       1,       3,       1,     10.0000,      1.4070,     42.7025,    250.3484,     63.0030,      3.4953,      0.1785,      0.1451,     27.0384,      0.1824,      5.6232,     11.2464,      1.6118,     29.1146,     58.2293,      0.0194,      0.0014,      0.2330,      0.2087,   7864.8647,-431347.1250,   -917.1959,    554.2335,  26216.2148,
       1,     169,     228,      19,       1,       3,       1,     10.0000,      1.4070,     42.7025,    250.3484,     63.0030,      3.4953,      0.1434,      0.1102,     34.6339,      0.1774,      5.6232,     11.2464,      1.5675,     29.1146,     58.2293,      0.0194,      0.0023,      0.1814,      0.2087,   7864.8647,-453360.5000,   -922.4018,    552.7084,  26216.2148,
       1,     169,     228,      20,       1,       3,       1,     10.0000,      1.4070,     42.7025,    250.3484,     63.0030,      3.4953,      0.0396,      0.0068,      7.4348,      0.1651,      5.6232,     11.2464,      1.4587,     29.1146,     58.2293,      0.0194,      0.0026,      0.0349,      0.2086,   7864.8647,-464486.3750,   -925.3276,    551.9419,  26216.2148,
       1,     169,     228,      21,       1,       3,       1,     10.0000,      1.4070,     42.7025,    250.3484,     63.0030,      3.4953,      0.0000,     -0.0325,      3.3651,      0.1575,      5.6232,     11.2464,      1.3916,     29.1146,     58.2293,      0.0194,      0.0026,      0.0156,      0.2086,   7864.8647,-432255.7812,   -919.6779,    554.1661,  26216.2148,
       1,     169,     228,      22,       1,       3,       1,     10.0000,      1.4070,     42.7025,    250.3484,     63.0030,      3.4953,      0.0000,     -0.0325,      3.1792,      0.1580,      5.6232,     11.2464,      1.3958,     29.1146,     58.2293,      0.0194,      0.0025,      0.0156,      0.2087,   7864.8647,-424587.9375,   -918.4025,    554.7018,  26216.2148,
       1,     169,     228,      23,       1,       3,       1,     10.0000,      1.4070,     42.7025,    250.3484,     63.0030,      3.4953,      0.0000,     -0.0325,      3.1955,      0.1573,      5.6232,     11.2464,      1.3902,     29.1146,     58.2293,      0.0194,      0.0025,      0.0156,      0.2087,   7864.8647,-423708.7812,   -918.3879,    554.7630,  26216.2148,
       1,     169,     228,      24,       1,       3,       1,     10.0000,      1.4070,     42.7025,    250.3484,     63.0030,      3.4953,      0.0000,     -0.0325,      3.0553,      0.1556,      5.6232,     11.2464,      1.3749,     29.1146,     58.2293,      0.0194,      0.0024,      0.0156,      0.2087,   7864.8647,-423654.0312,   -918.4756,    554.7667,  26216.2148,
       1,     169,     229,       1,       1,       3,       1,     10.0000,      1.4070,     42.7029,    250.3543,     63.0045,      3.4953,      0.0000,     -0.0323,      1.9580,      0.1520,      5.6236,     11.2471,      1.3435,     29.1084,     58.2168,      0.0194,      0.0015,      0.0156,      0.2087,   7864.8647,-423634.0938,   -918.8718,    554.7813,  26217.3926,
       1,     169,     229,       2,       1,       3,       1,     10.0000,      1.4070,     42.7029,    250.3543,     63.0045,      3.4953,      0.0000,     -0.0322,      1.1461,      0.1471,      5.6236,     11.2471,      1.2996,     29.1084,     58.2168,      0.0194,      0.0009,      0.0156,      0.2087,   7865.2183,-422142.0312,   -918.4593,    554.8848,  26217.3926,
       1,     169,     229,       3,       1,       3,       1,     10.0000,      1.4070,     42.7029,    250.3543,     63.0045,      3.4953,      0.0000,     -0.0321,      0.8910,      0.1456,      5.6236,     11.2471,      1.2865,     29.1084,     58.2168,      0.0194,      0.0007,      0.0156,      0.2087,   7865.2183,-421026.5625,   -918.3093,    554.9622,  26217.3926,
       1,     169,     229,       4,       1,       3,       1,     10.0000,      1.4070,     42.7029,    250.3543,     63.0045,      3.4953,      0.0000,     -0.0321,      0.6029,      0.1443,      5.6236,     11.2471,      1.2749,     29.1084,     58.2168,      0.0194,      0.0005,      0.0156,      0.2087,   7865.2183,-420621.3125,   -918.2776,    554.9903,  26217.3926,
       1,     169,     229,       5,       1,       3,       1,     10.0000,      1.4070,     42.7029,    250.3543,     63.0045,      3.4953,      0.0000,     -0.0320,      0.4518,      0.1427,      5.6236,     11.2471,      1.2608,     29.1084,     58.2168,      0.0194,      0.0004,      0.0156,      0.2087,   7865.2183,-420236.0938,   -918.2237,    555.0170,  26217.3906,
       1,     169,     229,       6,       1,       3,       1,     10.0000,      1.4070,     42.7029,    250.3543,     63.0045,      3.4953,      0.0000,     -0.0319,      0.3381,      0.1400,      5.6236,     11.2471,      1.2368,     29.1084,     58.2168,      0.0194,      0.0003,      0.0156,      0.2087,   7865.2173,-420019.6875,   -918.1906,    555.0320,  26217.3926,
       1,     169,     229,       7,       1,       3,       1,     10.0000,      1.4070,     42.7029,    250.3543,     63.0045,      3.4953,      0.0000,     -0.0320,      0.3428,      0.1417,      5.6236,     11.2471,      1.2519,     29.1084,     58.2168,      0.0194,      0.0003,      0.0156,      0.2087,   7865.2183,-419862.5000,   -918.1628,    555.0429,  26217.3926,
       1,     169,     229,       8,       1,       3,       1,     10.0000,      1.4070,     42.7029,    250.3543,     63.0045,      3.4953,      0.0034,     -0.0287,      0.3549,      0.1460,      5.6236,     11.2471,      1.2904,     29.1084,     58.2168,      0.0194,      0.0003,      0.0156,      0.2087,   7865.2183,-419855.0000,   -918.1630,    555.0435,  26217.3926,
       1,     169,     229,       9,       1,       3,       1,     10.0000,      1.4070,     42.7029,    250.3543,     63.0045,      3.4953,      0.0161,     -0.0163,      0.0596,      0.1559,      5.6236,     11.2471,      1.3777,     29.1084,     58.2168,      0.0194,      0.0003,      0.0024,      0.2087,   7865.2183,-419869.0625,   -918.1730,    555.0424,  26217.3926,
       1,     169,     229,      10,       1,       3,       1,     10.0000,      1.4070,     42.7029,    250.3543,     63.0045,      3.4953,      0.0196,     -0.0138,      0.1848,      0.1844,      5.6236,     11.2471,      1.6295,     29.1084,     58.2168,      0.0194,      0.0004,      0.0062,      0.2087,   7865.2183,-419510.5312,   -918.1316,    555.0674,  26217.3926,
       1,     169,     229,      11,       1,       3,       1,     10.0000,      1.4070,     42.7029,    250.3543,     63.0045,      3.4953,      0.1314,      0.0974,      5.6146,      0.2050,      5.6236,     11.2471,      1.8116,     29.1084,     58.2168,      0.0194,      0.0004,      0.1672,      0.2087,   7865.2183,-419632.6875,   -918.2005,    555.0588,  26217.3945,
       1,     169,     229,      12,       1,       3,       1,     10.0000,      1.4070,     42.7029,    250.3543,     63.0045,      3.4953,      0.1736,      0.1398,      7.5049,      0.1971,      5.6236,     11.2471,      1.7414,     29.1084,     58.2168,      0.0194,      0.0004,      0.2282,      0.2087,   7865.2188,-426259.1875,   -919.7303,    554.5991,  26217.3926,
       1,     169,     229,      13,       1,       3,       1,     10.0000,      1.4070,     42.7029,    250.3543,     63.0045,      3.4953,      0.1659,      0.1319,      7.2309,      0.2036,      5.6236,     11.2471,      1.7991,     29.1084,     58.2168,      0.0194,      0.0004,      0.2171,      0.2087,   7865.2183,-429123.5625,   -920.8621,    554.4007,  26217.3945,
       1,     169,     229,      14,       1,       3,       1,     10.0000,      1.4070,     42.7029,    250.3543,     63.0045,      3.4953,      0.1387,      0.1045,     11.3115,      0.2099,      5.6236,     11.2471,      1.8550,     29.1084,     58.2168,      0.0194,      0.0008,      0.1771,      0.2087,   7865.2188,-429031.4688,   -921.2682,    554.4072,  26217.3926,
       1,     169,     229,      15,       1,       3,       1,     10.0000,      1.4070,     42.7029,    250.3543,     63.0045,      3.4953,      0.1627,      0.1289,     45.4977,      0.1996,      5.6236,     11.2471,      1.7640,     29.1084,     58.2168,      0.0194,      0.0027,      0.2081,      0.2087,   7865.2183,-433996.7188,   -922.5179,    554.0631,  26217.3945,
       1,     169,     229,      16,       1,       3,       1,     10.0000,      1.4070,     42.7029,    250.3543,     63.0045,      3.4953,      0.1610,      0.1267,     63.8678,      0.2156,      5.6236,     11.2471,      1.9049,     29.1084,     58.2168,      0.0194,      0.0038,      0.2036,      0.2087,   7865.2188,-476081.3750,   -931.0506,    551.1485,  26217.3926,
       1,     169,     229,      17,       1,       3,       1,     10.0000,      1.4070,     42.7029,    250.3543,     63.0045,      3.4953,      0.1587,      0.1246,     54.9667,      0.2077,      5.6236,     11.2471,      1.8350,     29.1084,     58.2168,      0.0194,      0.0033,      0.2013,      0.2086,   7865.2183,-502058.2812,   -936.7266,    549.3665,  26217.3926,
       1,     169,     229,      18,       1,       3,       1,     10.0000,      1.4070,     42.7029,    250.3543,     63.0045,      3.4953,      0.0523,      0.0186,     14.2653,      0.1951,      5.6236,     11.2471,      1.7243,     29.1084,     58.2168,      0.0194,      0.0034,      0.0516,      0.2086,   7865.2183,-493386.9688,   -935.7726,    549.9648,  26217.3926,
       1,     169,     229,      19,       1,       3,       1,     10.0000,      1.4070,     42.7029,    250.3543,     63.0045,      3.4953,      0.0111,     -0.0222,      4.3112,      0.1829,      5.6236,     11.2471,      1.6166,     29.1084,     58.2168,      0.0194,      0.0034,      0.0156,      0.2086,   7865.2183,-443004.5000,   -926.5547,    553.4287,  26217.3945,
       1,     169,     229,      20,       1,       3,       1,     10.0000,      1.4070,     42.7029,    250.3543,     63.0045,      3.4953,      0.0111,     -0.0220,      3.2970,      0.1744,      5.6236,     11.2471,      1.5412,     29.1084,     58.2168,      0.0194,      0.0026,      0.0156,      0.2087,   7865.2188,-426656.8438,   -923.6368,    554.5706,  26217.3926,
       1,     169,     229,      21,       1,       3,       1,     10.0000,      1.4070,     42.7029,    250.3543,     63.0045,      3.4953,      0.0000,     -0.0329,      4.0584,      0.1684,      5.6236,     11.2471,      1.4882,     29.1084,     58.2168,      0.0194,      0.0032,      0.0156,      0.2087,   7865.2183,-424030.5938,   -923.2527,    554.7538,  26217.3906,
       1,     169,     229,      22,       1,       3,       1,     10.0000,      1.4070,     42.7029,    250.3543,     63.0045,      3.4953,      0.0000,     -0.0328,      4.0359,      0.1662,      5.6236,     11.2471,      1.4690,     29.1084,     58.2168,      0.0194,      0.0032,      0.0156,      0.2087,   7865.2173,-424735.4375,   -923.4909,    554.7050,  26217.3926,
       1,     169,     229,      23,       1,       3,       1,     10.0000,      1.4070,     42.7029,    250.3543,     63.0045,      3.4953,      0.0000,     -0.0327,      3.4212,      0.1621,      5.6236,     11.2471,      1.4327,     29.1084,     58.2168,      0.0194,      0.0027,      0.0156,      0.2087,   7865.2183,-424767.1250,   -923.6044,    554.7028,  26217.3926,
       1,     169,     229,      24,       1,       3,       1,     10.0000,      1.4070,     42.7029,    250.3543,     63.0045,      3.4953,      0.0000,     -0.0325,      2.5324,      0.1564,      5.6236,     11.2471,      1.3819,     29.1084,     58.2168,      0.0194,      0.0020,      0.0156,      0.2087,   7865.2183,-424020.8125,   -922.7050,    554.7545,  26217.3906,
       1,     169,     230,       1,       1,       3,       1,     10.0000,      1.4071,     42.7032,    250.3602,     63.0060,      3.4953,      0.0000,     -0.0323,      2.0280,      0.1520,      5.6238,     11.2476,      1.3435,     29.0979,     58.1958,      0.0194,      0.0016,      0.0156,      0.2087,   7865.2173,-423030.1875,   -913.1859,    554.8363,  26218.5625,
       1,     169,     230,       2,       1,       3,       1,     10.0000,      1.4071,     42.7032,    250.3602,     63.0060,      3.4953,      0.0000,     -0.0322,      1.5096,      0.1474,      5.6238,     11.2476,      1.3022,     29.0979,     58.1958,      0.0194,      0.0012,      0.0156,      0.2087,   7865.5688,-422179.5000,   -913.0013,    554.8953,  26218.5645,
       1,     169,     230,       3,       1,       3,       1,     10.0000,      1.4071,     42.7032,    250.3602,     63.0060,      3.4953,      0.0000,     -0.0321,      1.0700,      0.1462,      5.6238,     11.2476,      1.2918,     29.0979,     58.1958,      0.0194,      0.0008,      0.0156,      0.2087,   7865.5698,-421475.7812,   -913.0328,    554.9442,  26218.5645,
       1,     169,     230,       4,       1,       3,       1,     10.0000,      1.4071,     42.7032,    250.3602,     63.0060,      3.4953,      0.0000,     -0.0320,      0.7639,      0.1430,      5.6238,     11.2476,      1.2634,     29.0979,     58.1958,      0.0194,      0.0006,      0.0156,      0.2087,   7865.5698,-420880.6562,   -913.0285,    554.9855,  26218.5664,
       1,     169,     230,       5,       1,       3,       1,     10.0000,      1.4071,     42.7032,    250.3602,     63.0060,      3.4953,      0.0000,     -0.0318,      0.3754,      0.1379,      5.6238,     11.2476,      1.2182,     29.0979,     58.1958,      0.0194,      0.0003,      0.0156,      0.2087,   7865.5703,-420457.0312,   -910.2521,    555.0148,  26218.5625,
       1,     169,     230,       6,       1,       3,       1,     10.0000,      1.4071,     42.7032,    250.3602,     63.0060,      3.4953,      0.0000,     -0.0318,      0.3473,      0.1369,      5.6238,     11.2476,      1.2096,     29.0979,     58.1958,      0.0194,      0.0003,      0.0156,      0.2087,   7865.5688,-419948.5625,   -910.1691,    555.0501,  26218.5645,
       1,     169,     230,       7,       1,       3,       1,     10.0000,      1.4071,     42.7032,    250.3602,     63.0060,      3.4953,      0.0000,     -0.0317,      0.6284,      0.1358,      5.6238,     11.2476,      1.1998,     29.0979,     58.1958,      0.0194,      0.0005,      0.0156,      0.2087,   7865.5698,-419871.0312,   -910.1592,    555.0555,  26218.5645,
       1,     169,     230,       8,       1,       3,       1,     10.0000,      1.4071,     42.7032,    250.3602,     63.0060,      3.4953,      0.0109,     -0.0208,      0.5268,      0.1362,      5.6238,     11.2476,      1.2035,     29.0979,     58.1958,      0.0194,      0.0004,      0.0156,      0.2087,   7865.5698,-420207.0312,   -910.2625,    555.0322,  26218.5625,
       1,     169,     230,       9,       1,       3,       1,     10.0000,      1.4071,     42.7032,    250.3602,     63.0060,      3.4953,      0.1124,      0.0803,      3.3624,      0.1433,      5.6238,     11.2476,      1.2659,     29.0979,     58.1958,      0.0194,      0.0003,      0.1406,      0.2087,   7865.5688,-420111.7500,   -910.3046,    555.0388,  26218.5645,
       1,     169,     230,      10,       1,       3,       1,     10.0000,      1.4071,     42.7032,    250.3602,     63.0060,      3.4953,      0.1343,      0.1016,      4.6426,      0.1648,      5.6238,     11.2476,      1.4559,     29.0979,     58.1958,      0.0194,      0.0003,      0.1718,      0.2087,   7865.5698,-423558.5000,   -911.2552,    554.7997,  26218.5645,
       1,     169,     230,      11,       1,       3,       1,     10.0000,      1.4071,     42.7032,    250.3602,     63.0060,      3.4953,      0.1665,      0.1330,      7.0200,      0.1883,      5.6238,     11.2476,      1.6639,     29.0979,     58.1958,      0.0194,      0.0004,      0.2180,      0.2087,   7865.5698,-425409.7188,   -912.0928,    554.6713,  26218.5664,
       1,     169,     230,      12,       1,       3,       1,     10.0000,      1.4071,     42.7032,    250.3602,     63.0060,      3.4953,      0.1887,      0.1544,      9.4861,      0.2147,      5.6238,     11.2476,      1.8975,     29.0979,     58.1958,      0.0194,      0.0005,      0.2500,      0.2087,   7865.5703,-428462.6875,   -913.8581,    554.4597,  26218.5664,
       1,     169,     230,      13,       1,       3,       1,     10.0000,      1.4071,     42.7032,    250.3602,     63.0060,      3.4953,      0.1886,      0.1537,      9.7771,      0.2341,      5.6238,     11.2476,      2.0685,     29.0979,     58.1958,      0.0194,      0.0005,      0.2500,      0.2087,   7865.5703,-431725.6250,   -916.2061,    554.2335,  26218.5625,
       1,     169,     230,      14,       1,       3,       1,     10.0000,      1.4071,     42.7032,    250.3602,     63.0060,      3.4953,      0.1887,      0.1539,     11.5753,      0.2314,      5.6238,     11.2476,      2.0444,     29.0979,     58.1958,      0.0194,      0.0006,      0.2500,      0.2087,   7865.5688,-432356.6250,   -918.0961,    554.1899,  26218.5625,
       1,     169,     230,      15,       1,       3,       1,     10.0000,      1.4071,     42.7032,    250.3602,     63.0060,      3.4953,      0.1889,      0.1541,     32.7185,      0.2302,      5.6238,     11.2476,      2.0344,     29.0979,     58.1958,      0.0194,      0.0016,      0.2478,      0.2087,   7865.5688,-434601.1250,   -919.7509,    554.0344,  26218.5664,
       1,     169,     230,      16,       1,       3,       1,     10.0000,      1.4071,     42.7032,    250.3602,     63.0060,      3.4953,      0.1687,      0.1345,     47.6079,      0.2101,      5.6238,     11.2476,      1.8569,     29.0979,     58.1958,      0.0194,      0.0027,      0.2166,      0.2087,   7865.5703,-460556.0625,   -925.5430,    552.2369,  26218.5645,
       1,     169,     230,      17,       1,       3,       1,     10.0000,      1.4071,     42.7032,    250.3602,     63.0060,      3.4953,      0.1708,      0.1364,     72.0219,      0.2152,      5.6238,     11.2476,      1.9012,     29.0979,     58.1958,      0.0194,      0.0040,      0.2168,      0.2087,   7865.5698,-480907.2500,   -930.1957,    550.8350,  26218.5664,
       1,     169,     230,      18,       1,       3,       1,     10.0000,      1.4071,     42.7032,    250.3602,     63.0060,      3.4953,      0.1395,      0.1061,     68.2667,      0.1853,      5.6238,     11.2476,      1.6377,     29.0979,     58.1958,      0.0194,      0.0048,      0.1720,      0.2087,   7865.5703,-512396.6875,   -937.1060,    548.6686,  26218.5645,
       1,     169,     230,      19,       1,       3,       1,     10.0000,      1.4071,     42.7032,    250.3602,     63.0060,      3.4953,      0.0778,      0.0446,     30.8255,      0.1770,      5.6238,     11.2476,      1.5644,     29.0979,     58.1958,      0.0194,      0.0043,      0.0871,      0.2086,   7865.5698,-510478.5000,   -937.6541,    548.8044,  26218.5645,
       1,     169,     230,      20,       1,       3,       1,     10.0000,      1.4071,     42.7032,    250.3602,     63.0060,      3.4953,      0.0133,     -0.0197,      5.1104,      0.1716,      5.6238,     11.2476,      1.5168,     29.0979,     58.1958,      0.0194,      0.0040,      0.0156,      0.2086,   7865.5698,-464632.5312,   -929.5745,    551.9495,  26218.5645,
       1,     169,     230,      21,       1,       3,       1,     10.0000,      1.4071,     42.7032,    250.3602,     63.0060,      3.4953,      0.0000,     -0.0328,      4.2507,      0.1672,      5.6238,     11.2476,      1.4779,     29.0979,     58.1958,      0.0194,      0.0033,      0.0156,      0.2087,   7865.5698,-429447.8438,   -923.2072,    554.3861,  26218.5625,
       1,     169,     230,      22,       1,       3,       1,     10.0000,      1.4071,     42.7032,    250.3602,     63.0060,      3.4953,      0.0000,     -0.0327,      4.3174,      0.1636,      5.6238,     11.2476,      1.4457,     29.0979,     58.1958,      0.0194,      0.0034,      0.0156,      0.2087,   7865.5688,-425436.3438,   -922.6241,    554.6694,  26218.5664,
       1,     169,     230,      23,       1,       3,       1,     10.0000,      1.4071,     42.7032,    250.3602,     63.0060,      3.4953,      0.0000,     -0.0327,      2.7670,      0.1623,      5.6238,     11.2476,      1.4342,     29.0979,     58.1958,      0.0194,      0.0022,      0.0156,      0.2087,   7865.5703,-425171.8125,   -922.7384,    554.6878,  26218.5645,
       1,     169,     230,      24,       1,       3,       1,     10.0000,      1.4071,     42.7032,    250.3602,     63.0060,      3.4953,      0.0000,     -0.0324,      2.2662,      0.1554,      5.6238,     11.2476,      1.3736,     29.0979,     58.1958,      0.0194,      0.0018,      0.0156,      0.2087,   7865.5698,-423260.7500,   -922.4750,    554.8203,  26218.5645,
       1,     169,     231,       1,       1,       3,       1,     10.0000,      1.4071,     42.7035,    250.3661,     63.0074,      3.4953,      0.0000,     -0.0323,      1.7795,      0.1516,      5.6235,     11.2470,      1.3395,     29.1008,     58.2016,      0.0194,      0.0014,      0.0156,      0.2087,   7865.5698,-422644.7812,   -921.6122,    554.8762,  26219.7402,
       1,     169,     231,       2,       1,       3,       1,     10.0000,      1.4071,     42.7035,    250.3661,     63.0074,      3.4953,      0.0000,     -0.0323,      1.3577,      0.1499,      5.6235,     11.2470,      1.3248,     29.1008,     58.2016,      0.0194,      0.0011,      0.0156,      0.2087,   7865.9224,-421847.0000,   -919.8486,    554.9316,  26219.7402,
       1,     169,     231,       3,       1,       3,       1,     10.0000,      1.4071,     42.7035,    250.3661,     63.0074,      3.4953,      0.0000,     -0.0323,      1.2777,      0.1499,      5.6235,     11.2470,      1.3248,     29.1008,     58.2016,      0.0194,      0.0010,      0.0156,      0.2087,   7865.9224,-421265.6562,   -918.0215,    554.9719,  26219.7422,
       1,     169,     231,       4,       1,       3,       1,     10.0000,      1.4071,     42.7035,    250.3661,     63.0074,      3.4953,      0.0000,     -0.0322,      1.2021,      0.1498,      5.6235,     11.2470,      1.3234,     29.1008,     58.2016,      0.0194,      0.0009,      0.0156,      0.2087,   7865.9229,-421118.6562,   -910.7244,    554.9821,  26219.7422,
       1,     169,     231,       5,       1,       3,       1,     10.0000,      1.4071,     42.7035,    250.3661,     63.0074,      3.4953,      0.0000,     -0.0323,      0.6715,      0.1504,      5.6235,     11.2470,      1.3288,     29.1008,     58.2016,      0.0194,      0.0005,      0.0156,      0.2087,   7865.9229,-421014.2500,   -910.3875,    554.9893,  26219.7422,
       1,     169,     231,       6,       1,       3,       1,     10.0000,      1.4071,     42.7035,    250.3661,     63.0074,      3.4953,      0.0000,     -0.0322,      0.5014,      0.1490,      5.6235,     11.2470,      1.3168,     29.1008,     58.2016,      0.0194,      0.0004,      0.0156,      0.2087,   7865.9229,-420359.0000,   -910.3067,    555.0348,  26219.7422,
       1,     169,     231,       7,       1,       3,       1,     10.0000,      1.4071,     42.7035,    250.3661,     63.0074,      3.4953,      0.0000,     -0.0323,      0.4204,      0.1504,      5.6235,     11.2470,      1.3288,     29.1008,     58.2016,      0.0194,      0.0003,      0.0156,      0.2087,   7865.9229,-420096.2812,   -910.1415,    555.0530,  26219.7402,
       1,     169,     231,       8,       1,       3,       1,     10.0000,      1.4071,     42.7035,    250.3661,     63.0074,      3.4953,      0.0070,     -0.0252,      0.4314,      0.1487,      5.6235,     11.2470,      1.3141,     29.1008,     58.2016,      0.0194,      0.0003,      0.0156,      0.2087,   7865.9224,-419975.8125,   -910.1133,    555.0613,  26219.7402,
       1,     169,     231,       9,       1,       3,       1,     10.0000,      1.4071,     42.7035,    250.3661,     63.0074,      3.4953,      0.0827,      0.0502,      2.4158,      0.1569,      5.6235,     11.2470,      1.3861,     29.1008,     58.2016,      0.0194,      0.0003,      0.0978,      0.2087,   7865.9224,-419979.0000,   -910.1458,    555.0611,  26219.7422,
       1,     169,     231,      10,       1,       3,       1,     10.0000,      1.4071,     42.7035,    250.3661,     63.0074,      3.4953,      0.1558,      0.1229,      5.8332,      0.1674,      5.6235,     11.2470,      1.4794,     29.1008,     58.2016,      0.0194,      0.0004,      0.2026,      0.2087,   7865.9229,-422396.4062,   -910.9627,    554.8934,  26219.7441,
       1,     169,     231,      11,       1,       3,       1,     10.0000,      1.4071,     42.7035,    250.3661,     63.0074,      3.4953,      0.1670,      0.1332,      7.4813,      0.1977,      5.6235,     11.2470,      1.7467,     29.1008,     58.2016,      0.0194,      0.0004,      0.2187,      0.2087,   7865.9233,-426763.9062,   -912.4895,    554.5905,  26219.7441,
       1,     169,     231,      12,       1,       3,       1,     10.0000,      1.4071,     42.7035,    250.3661,     63.0074,      3.4953,      0.1887,      0.1545,      9.3965,      0.2097,      5.6235,     11.2470,      1.8532,     29.1008,     58.2016,      0.0194,      0.0005,      0.2500,      0.2087,   7865.9233,-429141.2188,   -913.8650,    554.4258,  26219.7422,
       1,     169,     231,      13,       1,       3,       1,     10.0000,      1.4071,     42.7035,    250.3661,     63.0074,      3.4953,      0.1887,      0.1540,     10.6549,      0.2284,      5.6235,     11.2470,      2.0186,     29.1008,     58.2016,      0.0194,      0.0005,      0.2500,      0.2087,   7865.9229,-431675.6562,   -916.1138,    554.2501,  26219.7422,
       1,     169,     231,      14,       1,       3,       1,     10.0000,      1.4071,     42.7035,    250.3661,     63.0074,      3.4953,      0.1889,      0.1545,     12.4887,      0.2184,      5.6235,     11.2470,      1.9295,     29.1008,     58.2016,      0.0194,      0.0006,      0.2500,      0.2087,   7865.9229,-433423.1250,   -918.1710,    554.1292,  26219.7422,
       1,     169,     231,      15,       1,       3,       1,     10.0000,      1.4071,     42.7035,    250.3661,     63.0074,      3.4953,      0.1898,      0.1558,     23.2725,      0.2054,      5.6235,     11.2470,      1.8153,     29.1008,     58.2016,      0.0194,      0.0011,      0.2500,      0.2087,   7865.9229,-435805.0625,   -920.0361,    553.9641,  26219.7422,
       1,     169,     231,      16,       1,       3,       1,     10.0000,      1.4071,     42.7035,    250.3661,     63.0074,      3.4953,      0.1929,      0.1594,     60.0709,      0.1857,      5.6235,     11.2470,      1.6410,     29.1008,     58.2016,      0.0194,      0.0029,      0.2500,      0.2087,   7865.9229,-449146.5000,   -921.7304,    553.0403,  26219.7441,
       1,     169,     231,      17,       1,       3,       1,     10.0000,      1.4071,     42.7035,    250.3661,     63.0074,      3.4953,      0.1911,      0.1584,     68.3368,      0.1625,      5.6235,     11.2470,      1.4356,     29.1008,     58.2016,      0.0194,      0.0034,      0.2463,      0.2087,   7865.9233,-495122.8750,   -931.8535,    549.8628,  26219.7422,
       1,     169,     231,      18,       1,       3,       1,     10.0000,      1.4071,     42.7035,    250.3661,     63.0074,      3.4953,      0.1580,      0.1256,     66.7946,      0.1540,      5.6235,     11.2470,      1.3613,     29.1008,     58.2016,      0.0194,      0.0041,      0.1987,      0.2087,   7865.9229,-509106.4062,   -934.1935,    548.9108,  26219.7422,
       1,     169,     231,      19,       1,       3,       1,     10.0000,      1.4071,     42.7035,    250.3661,     63.0074,      3.4953,      0.1484,      0.1157,     52.7512,      0.1605,      5.6235,     11.2470,      1.4185,     29.1008,     58.2016,      0.0194,      0.0034,      0.1865,      0.2087,   7865.9229,-508393.8125,   -935.1912,    548.9604,  26219.7402,
       1,     169,     231,      20,       1,       3,       1,     10.0000,      1.4071,     42.7035,    250.3661,     63.0074,      3.4953,      0.0300,     -0.0026,      5.5580,      0.1599,      5.6235,     11.2470,      1.4128,     29.1008,     58.2016,      0.0194,      0.0031,      0.0216,      0.2087,   7865.9224,-491202.5000,   -932.9095,    550.1401,  26219.7422,
       1,     169,     231,      21,       1,       3,       1,     10.0000,      1.4071,     42.7035,    250.3661,     63.0074,      3.4953,      0.0000,     -0.0323,      2.7092,      0.1519,      5.6235,     11.2470,      1.3422,     29.1008,     58.2016,      0.0194,      0.0021,      0.0156,      0.2087,   7865.9229,-432205.7188,   -922.2201,    554.1984,  26219.7422,
       1,     169,     231,      22,       1,       3,       1,     10.0000,      1.4071,     42.7035,    250.3661,     63.0074,      3.4953,      0.0000,     -0.0322,      1.7101,      0.1477,      5.6235,     11.2470,      1.3049,     29.1008,     58.2016,      0.0194,      0.0013,      0.0156,      0.2087,   7865.9229,-423804.6562,   -911.0948,    554.7954,  26219.7422,
       1,     169,     231,      23,       1,       3,       1,     10.0000,      1.4071,     42.7035,    250.3661,     63.0074,      3.4953,      0.0000,     -0.0321,      0.8729,      0.1462,      5.6235,     11.2470,      1.2918,     29.1008,     58.2016,      0.0194,      0.0007,      0.0156,      0.2087,   7865.9229,-421860.3750,   -910.8110,    554.9306,  26219.7402,
       1,     169,     231,      24,       1,       3,       1,     10.0000,      1.4071,     42.7035,    250.3661,     63.0074,      3.4953,      0.0000,     -0.0320,      0.9745,      0.1421,      5.6235,     11.2470,      1.2558,     29.1008,     58.2016,      0.0194,      0.0008,      0.0156,      0.2087,   7865.9224,-420676.1875,   -910.6339,    555.0128,  26219.7422,
       1,     169,     232,       1,       1,       3,       1,     10.0000,      1.4071,     42.7039,    250.3720,     63.0089,      3.4953,      0.0000,     -0.0319,      0.7862,      0.1394,      5.6231,     11.2462,      1.2319,     29.1073,     58.2147,      0.0194,      0.0006,      0.0156,      0.2088,   7865.9229,-420855.0000,   -911.0009,    555.0134,  26220.9160,
       1,     169,     232,       2,       1,       3,       1,     10.0000,      1.4071,     42.7039,    250.3720,     63.0089,      3.4953,      0.0000,     -0.0319,      0.5266,      0.1397,      5.6231,     11.2462,      1.2344,     29.1073,     58.2147,      0.0194,      0.0004,      0.0156,      0.2088,   7866.2749,-420488.2188,   -910.7201,    555.0389,  26220.9160,
       1,     169,     232,       3,       1,       3,       1,     10.0000,      1.4071,     42.7039,    250.3720,     63.0089,      3.4953,      0.0000,     -0.0319,      0.4064,      0.1414,      5.6231,     11.2462,      1.2495,     29.1073,     58.2147,      0.0194,      0.0003,      0.0156,      0.2088,   7866.2749,-420140.9375,   -910.6750,    555.0630,  26220.9160,
       1,     169,     232,       4,       1,       3,       1,     10.0000,      1.4071,     42.7039,    250.3720,     63.0089,      3.4953,      0.0000,     -0.0319,      0.3389,      0.1403,      5.6231,     11.2462,      1.2394,     29.1073,     58.2147,      0.0194,      0.0003,      0.0156,      0.2088,   7866.2749,-419965.2188,   -910.6497,    555.0752,  26220.9160,
       1,     169,     232,       5,       1,       3,       1,     10.0000,      1.4071,     42.7039,    250.3720,     63.0089,      3.4953,      0.0000,     -0.0318,      0.4803,      0.1388,      5.6231,     11.2462,      1.2269,     29.1073,     58.2147,      0.0194,      0.0004,      0.0156,      0.2088,   7866.2749,-419868.0312,   -910.6337,    555.0819,  26220.9180,
       1,     169,     232,       6,       1,       3,       1,     10.0000,      1.4071,     42.7039,    250.3720,     63.0089,      3.4953,      0.0000,     -0.0318,      0.4329,      0.1376,      5.6231,     11.2462,      1.2158,     29.1073,     58.2147,      0.0194,      0.0003,      0.0156,      0.2088,   7866.2759,-420031.9062,   -910.6781,    555.0706,  26220.9180,
       1,     169,     232,       7,       1,       3,       1,     10.0000,      1.4071,     42.7039,    250.3720,     63.0089,      3.4953,      0.0000,     -0.0318,      0.3586,      0.1373,      5.6231,     11.2462,      1.2133,     29.1073,     58.2147,      0.0194,      0.0003,      0.0156,      0.2088,   7866.2759,-419988.0312,   -910.6851,    555.0736,  26220.9141,
       1,     169,     232,       8,       1,       3,       1,     10.0000,      1.4071,     42.7039,    250.3720,     63.0089,      3.4953,      0.0069,     -0.0248,      0.4041,      0.1365,      5.6231,     11.2462,      1.2060,     29.1073,     58.2147,      0.0194,      0.0003,      0.0156,      0.2088,   7866.2744,-419894.0938,   -910.6720,    555.0801,  26220.9160,
       1,     169,     232,       9,       1,       3,       1,     10.0000,      1.4071,     42.7039,    250.3720,     63.0089,      3.4953,      0.0910,      0.0591,      2.9001,      0.1396,      5.6231,     11.2462,      1.2331,     29.1073,     58.2147,      0.0194,      0.0003,      0.1101,      0.2088,   7866.2749,-419941.5625,   -910.1395,    555.0768,  26220.9160,
       1,     169,     232,      10,       1,       3,       1,     10.0000,      1.4071,     42.7039,    250.3720,     63.0089,      3.4953,      0.1221,      0.0899,      5.0385,      0.1490,      5.6231,     11.2462,      1.3168,     29.1073,     58.2147,      0.0194,      0.0004,      0.1543,      0.2088,   7866.2749,-422985.9062,   -911.0494,    554.8656,  26220.9141,
       1,     169,     232,      11,       1,       3,       1,     10.0000,      1.4071,     42.7039,    250.3720,     63.0089,      3.4953,      0.1892,      0.1566,     11.4889,      0.1604,      5.6231,     11.2462,      1.4171,     29.1073,     58.2147,      0.0194,      0.0006,      0.2500,      0.2088,   7866.2744,-425848.3125,   -912.1999,    554.6671,  26220.9160,
       1,     169,     232,      12,       1,       3,       1,     10.0000,      1.4071,     42.7039,    250.3720,     63.0089,      3.4953,      0.1890,      0.1563,      9.5181,      0.1625,      5.6231,     11.2462,      1.4357,     29.1073,     58.2147,      0.0194,      0.0005,      0.2500,      0.2088,   7866.2749,-433947.9062,   -915.3419,    554.1056,  26220.9160,
       1,     169,     232,      13,       1,       3,       1,     10.0000,      1.4071,     42.7039,    250.3720,     63.0089,      3.4953,      0.1889,      0.1567,      6.7795,      0.1495,      5.6231,     11.2462,      1.3208,     29.1073,     58.2147,      0.0194,      0.0003,      0.2500,      0.2088,   7866.2749,-432231.7188,   -916.2234,    554.2247,  26220.9141,
       1,     169,     232,      14,       1,       3,       1,     10.0000,      1.4071,     42.7039,    250.3720,     63.0089,      3.4953,      0.1891,      0.1574,      7.9036,      0.1352,      5.6231,     11.2462,      1.1950,     29.1073,     58.2147,      0.0194,      0.0004,      0.2500,      0.2088,   7866.2744,-428750.1875,   -913.1077,    554.4659,  26220.9180,
       1,     169,     232,      15,       1,       3,       1,     10.0000,      1.4071,     42.7039,    250.3720,     63.0089,      3.4953,      0.1891,      0.1575,      6.5838,      0.1306,      5.6231,     11.2462,      1.1545,     29.1073,     58.2147,      0.0194,      0.0003,      0.2500,      0.2088,   7866.2759,-429825.4375,   -913.0388,    554.3915,  26220.9141,
       1,     169,     232,      16,       1,       3,       1,     10.0000,      1.4071,     42.7039,    250.3720,     63.0089,      3.4953,      0.1897,      0.1582,     15.0295,      0.1295,      5.6231,     11.2462,      1.1439,     29.1073,     58.2147,      0.0194,      0.0007,      0.2500,      0.2088,   7866.2744,-428308.5312,   -913.4225,    554.4966,  26220.9160,
       1,     169,     232,      17,       1,       3,       1,     10.0000,      1.4071,     42.7039,    250.3720,     63.0089,      3.4953,      0.1902,      0.1589,     20.0112,      0.1251,      5.6231,     11.2462,      1.1050,     29.1073,     58.2147,      0.0194,      0.0010,      0.2500,      0.2088,   7866.2749,-438469.2188,   -916.1706,    553.7923,  26220.9160,
       1,     169,     232,      18,       1,       3,       1,     10.0000,      1.4071,     42.7039,    250.3720,     63.0089,      3.4953,      0.1472,      0.1157,      8.9676,      0.1299,      5.6231,     11.2462,      1.1474,     29.1073,     58.2147,      0.0194,      0.0006,      0.1899,      0.2088,   7866.2749,-445398.4375,   -916.5045,    553.3131,  26220.9160,
       1,     169,     232,      19,       1,       3,       1,     10.0000,      1.4071,     42.7039,    250.3720,     63.0089,      3.4953,      0.0952,      0.0636,      2.3600,      0.1321,      5.6231,     11.2462,      1.1674,     29.1073,     58.2147,      0.0194,      0.0002,      0.1163,      0.2087,   7866.2749,-432526.2500,   -914.9924,    554.2036,  26220.9160,
       1,     169,     232,      20,       1,       3,       1,     10.0000,      1.4071,     42.7039,    250.3720,     63.0089,      3.4953,      0.0162,     -0.0154,      0.0725,      0.1313,      5.6231,     11.2462,      1.1603,     29.1073,     58.2147,      0.0194,      0.0002,      0.0036,      0.2088,   7866.2749,-423391.5000,   -913.6093,    554.8372,  26220.9180,
       1,     169,     232,      21,       1,       3,       1,     10.0000,      1.4071,     42.7039,    250.3720,     63.0089,      3.4953,      0.0000,     -0.0314,      0.3281,      0.1275,      5.6231,     11.2462,      1.1266,     29.1073,     58.2147,      0.0194,      0.0003,      0.0156,      0.2088,   7866.2759,-419833.3125,   -913.0238,    555.0842,  26220.9160,
       1,     169,     232,      22,       1,       3,       1,     10.0000,      1.4071,     42.7039,    250.3720,     63.0089,      3.4953,      0.0000,     -0.0314,      0.5592,      0.1265,      5.6231,     11.2462,      1.1175,     29.1073,     58.2147,      0.0194,      0.0004,      0.0156,      0.2088,   7866.2749,-419843.8750,   -913.0291,    555.0836,  26220.9160,
       1,     169,     232,      23,       1,       3,       1,     10.0000,      1.4071,     42.7039,    250.3720,     63.0089,      3.4953,      0.0000,     -0.0315,      0.5097,      0.1308,      5.6231,     11.2462,      1.1556,     29.1073,     58.2147,      0.0194,      0.0004,      0.0156,      0.2088,   7866.2749,-420126.1875,   -913.1116,    555.0640,  26220.9180,
       1,     169,     232,      24,       1,       3,       1,     10.0000,      1.4071,     42.7039,    250.3720,     63.0089,      3.4953,      0.0000,     -0.0315,      0.9135,      0.1304,      5.6231,     11.2462,      1.1521,     29.1073,     58.2147,      0.0194,      0.0007,      0.0156,      0.2088,   7866.2759,-420089.4688,   -913.1282,    555.0665,  26220.9160,
       1,     169,     233,       1,       1,       3,       1,     10.0000,      1.4071,     42.7042,    250.3779,     63.0104,      3.4953,      0.0000,     -0.0315,      0.8265,      0.1292,      5.6230,     11.2461,      1.1416,     29.1123,     58.2246,      0.0194,      0.0006,      0.0156,      0.2088,   7866.2749,-420734.3438,   -913.5779,    555.0349,  26222.0938,
       1,     169,     233,       2,       1,       3,       1,     10.0000,      1.4071,     42.7042,    250.3779,     63.0104,      3.4953,      0.0000,     -0.0315,      0.3920,      0.1293,      5.6230,     11.2461,      1.1428,     29.1123,     58.2246,      0.0194,      0.0003,      0.0156,      0.2088,   7866.6284,-420529.7812,   -913.3501,    555.0491,  26222.0938,
       1,     169,     233,       3,       1,       3,       1,     10.0000,      1.4071,     42.7042,    250.3779,     63.0104,      3.4953,      0.0000,     -0.0315,      0.3769,      0.1284,      5.6230,     11.2461,      1.1347,     29.1123,     58.2246,      0.0194,      0.0003,      0.0156,      0.2088,   7866.6284,-419983.3438,   -913.2621,    555.0870,  26222.0957,
       1,     169,     233,       4,       1,       3,       1,     10.0000,      1.4071,     42.7042,    250.3779,     63.0104,      3.4953,      0.0000,     -0.0316,      0.3558,      0.1312,      5.6230,     11.2461,      1.1592,     29.1123,     58.2246,      0.0194,      0.0003,      0.0156,      0.2088,   7866.6289,-419918.6562,   -913.2587,    555.0915,  26222.0938,
       1,     169,     233,       5,       1,       3,       1,     10.0000,      1.4071,     42.7042,    250.3779,     63.0104,      3.4953,      0.0000,     -0.0315,      0.3071,      0.1287,      5.6230,     11.2461,      1.1370,     29.1123,     58.2246,      0.0194,      0.0002,      0.0156,      0.2088,   7866.6284,-419887.7188,   -913.2587,    555.0937,  26222.0957,
       1,     169,     233,       6,       1,       3,       1,     10.0000,      1.4071,     42.7042,    250.3779,     63.0104,      3.4953,      0.0000,     -0.0314,      0.2996,      0.1259,      5.6230,     11.2461,      1.1129,     29.1123,     58.2246,      0.0194,      0.0002,      0.0156,      0.2088,   7866.6289,-419825.4688,   -913.2485,    555.0980,  26222.0918,
       1,     169,     233,       7,       1,       3,       1,     10.0000,      1.4071,     42.7042,    250.3779,     63.0104,      3.4953,      0.0000,     -0.0314,      0.3000,      0.1261,      5.6230,     11.2461,      1.1141,     29.1123,     58.2246,      0.0194,      0.0002,      0.0156,      0.2088,   7866.6279,-419811.4375,   -913.2483,    555.0989,  26222.0918,
       1,     169,     233,       8,       1,       3,       1,     10.0000,      1.4071,     42.7042,    250.3779,     63.0104,      3.4953,      0.0053,     -0.0261,      0.3007,      0.1263,      5.6230,     11.2461,      1.1164,     29.1123,     58.2246,      0.0194,      0.0002,      0.0156,      0.2088,   7866.6279,-419810.7500,   -913.2496,    555.0990,  26222.0918,
       1,     169,     233,       9,       1,       3,       1,     10.0000,      1.4071,     42.7042,    250.3779,     63.0104,      3.4953,      0.0734,      0.0418,      1.7275,      0.1320,      5.6230,     11.2461,      1.1663,     29.1123,     58.2246,      0.0194,      0.0002,      0.0853,      0.2088,   7866.6279,-419811.5312,   -913.2670,    555.0989,  26222.0918,
       1,     169,     233,      10,       1,       3,       1,     10.0000,      1.4071,     42.7042,    250.3779,     63.0104,      3.4953,      0.1418,      0.1092,      4.5769,      0.1589,      5.6230,     11.2461,      1.4044,     29.1123,     58.2246,      0.0194,      0.0003,      0.1826,      0.2088,   7866.6279,-421549.5000,   -913.7846,    554.9783,  26222.0938,
       1,     169,     233,      11,       1,       3,       1,     10.0000,      1.4071,     42.7042,    250.3779,     63.0104,      3.4953,      0.1727,      0.1393,      6.6375,      0.1819,      5.6230,     11.2461,      1.6071,     29.1123,     58.2246,      0.0194,      0.0004,      0.2269,      0.2088,   7866.6284,-425166.6250,   -915.0514,    554.7274,  26222.0938,
       1,     169,     233,      12,       1,       3,       1,     10.0000,      1.4071,     42.7042,    250.3779,     63.0104,      3.4953,      0.1886,      0.1545,      8.5192,      0.2077,      5.6230,     11.2461,      1.8352,     29.1123,     58.2246,      0.0194,      0.0004,      0.2500,      0.2088,   7866.6284,-427982.3750,   -916.4213,    554.5323,  26222.0918,
       1,     169,     233,      13,       1,       3,       1,     10.0000,      1.4071,     42.7042,    250.3779,     63.0104,      3.4953,      0.1886,      0.1540,      9.3363,      0.2249,      5.6230,     11.2461,      1.9873,     29.1123,     58.2246,      0.0194,      0.0005,      0.2500,      0.2088,   7866.6279,-430512.4062,   -918.2266,    554.3569,  26222.0938,
       1,     169,     233,      14,       1,       3,       1,     10.0000,      1.4071,     42.7042,    250.3779,     63.0104,      3.4953,      0.1742,      0.1394,      9.2783,      0.2355,      5.6230,     11.2461,      2.0808,     29.1123,     58.2246,      0.0194,      0.0005,      0.2291,      0.2088,   7866.6284,-431721.2812,   -919.8356,    554.2732,  26222.0938,
       1,     169,     233,      15,       1,       3,       1,     10.0000,      1.4071,     42.7042,    250.3779,     63.0104,      3.4953,      0.1905,      0.1556,     34.4523,      0.2364,      5.6230,     11.2461,      2.0890,     29.1123,     58.2246,      0.0194,      0.0017,      0.2500,      0.2088,   7866.6284,-431752.7188,   -920.5585,    554.2710,  26222.0957,
       1,     169,     233,      16,       1,       3,       1,     10.0000,      1.4071,     42.7042,    250.3779,     63.0104,      3.4953,      0.1036,      0.0686,     30.8006,      0.2390,      5.6230,     11.2461,      2.1115,     29.1123,     58.2246,      0.0194,      0.0030,      0.1235,      0.2088,   7866.6289,-462421.0625,   -927.5501,    552.1461,  26222.0938,
       1,     169,     233,      17,       1,       3,       1,     10.0000,      1.4071,     42.7042,    250.3779,     63.0104,      3.4953,      0.0327,     -0.0021,      9.5498,      0.2305,      5.6230,     11.2461,      2.0365,     29.1123,     58.2246,      0.0194,      0.0051,      0.0226,      0.2088,   7866.6284,-460570.9062,   -927.6766,    552.2780,  26222.0957,
       1,     169,     233,      18,       1,       3,       1,     10.0000,      1.4071,     42.7042,    250.3779,     63.0104,      3.4953,      0.0749,      0.0402,     40.6830,      0.2278,      5.6230,     11.2461,      2.0127,     29.1123,     58.2246,      0.0194,      0.0061,      0.0807,      0.2088,   7866.6289,-434512.0938,   -923.1572,    554.0769,  26222.0938,
       1,     169,     233,      19,       1,       3,       1,     10.0000,      1.4071,     42.7042,    250.3779,     63.0104,      3.4953,      0.0468,      0.0124,     24.4756,      0.2179,      5.6230,     11.2461,      1.9258,     29.1123,     58.2246,      0.0194,      0.0071,      0.0419,      0.2088,   7866.6284,-470249.2500,   -930.4552,    551.6047,  26222.0938,
       1,     169,     233,      20,       1,       3,       1,     10.0000,      1.4071,     42.7042,    250.3779,     63.0104,      3.4953,      0.0099,     -0.0237,      8.3668,      0.1904,      5.6230,     11.2461,      1.6823,     29.1123,     58.2246,      0.0194,      0.0065,      0.0156,      0.2087,   7866.6284,-453522.6875,   -927.8351,    552.7635,  26222.0918,
       1,     169,     233,      21,       1,       3,       1,     10.0000,      1.4071,     42.7042,    250.3779,     63.0104,      3.4953,      0.0000,     -0.0332,      7.9231,      0.1776,      5.6230,     11.2461,      1.5692,     29.1123,     58.2246,      0.0194,      0.0062,      0.0156,      0.2088,   7866.6279,-432480.3125,   -924.2142,    554.2187,  26222.0938,
       1,     169,     233,      22,       1,       3,       1,     10.0000,      1.4071,     42.7042,    250.3779,     63.0104,      3.4953,      0.0000,     -0.0331,      6.9889,      0.1746,      5.6230,     11.2461,      1.5428,     29.1123,     58.2246,      0.0194,      0.0055,      0.0156,      0.2088,   7866.6284,-430168.2188,   -924.0645,    554.3807,  26222.0938,
       1,     169,     233,      23,       1,       3,       1,     10.0000,      1.4071,     42.7042,    250.3779,     63.0104,      3.4953,      0.0000,     -0.0330,      6.5421,      0.1703,      5.6230,     11.2461,      1.5048,     29.1123,     58.2246,      0.0194,      0.0051,      0.0156,      0.2088,   7866.6284,-428832.8438,   -924.0334,    554.4733,  26222.0938,
       1,     169,     233,      24,       1,       3,       1,     10.0000,      1.4071,     42.7042,    250.3779,     63.0104,      3.4953,      0.0000,     -0.0329,      6.2832,      0.1671,      5.6230,     11.2461,      1.4765,     29.1123,     58.2246,      0.0194,      0.0049,      0.0156,      0.2088,   7866.6284,-428175.9062,   -924.0986,    554.5189,  26222.0918,
       1,     169,     234,       1,       1,       3,       1,     10.0000,      1.4072,     42.7046,    250.3838,     63.0119,      3.4953,      0.0000,     -0.0324,      4.4276,      0.1530,      5.6241,     11.2482,      1.3518,     29.1067,     58.2134,      0.0194,      0.0035,      0.0156,      0.2088,   7866.6279,-427959.8438,   -924.4965,    554.5469,  26223.2695,
       1,     169,     234,       2,       1,       3,       1,     10.0000,      1.4072,     42.7046,    250.3838,     63.0119,      3.4953,      0.0000,     -0.0320,      3.0076,      0.1441,      5.6241,     11.2482,      1.2738,     29.1067,     58.2134,      0.0194,      0.0023,      0.0156,      0.2088,   7866.9810,-425528.3125,   -923.8526,    554.7155,  26223.2695,
       1,     169,     234,       3,       1,       3,       1,     10.0000,      1.4072,     42.7046,    250.3838,     63.0119,      3.4953,      0.0000,     -0.0320,      2.9870,      0.1417,      5.6241,     11.2482,      1.2521,     29.1067,     58.2134,      0.0194,      0.0023,      0.0156,      0.2088,   7866.9810,-423593.6250,   -923.5381,    554.8497,  26223.2676,
       1,     169,     234,       4,       1,       3,       1,     10.0000,      1.4072,     42.7046,    250.3838,     63.0119,      3.4953,      0.0000,     -0.0318,      2.9454,      0.1370,      5.6241,     11.2482,      1.2109,     29.1067,     58.2134,      0.0194,      0.0023,      0.0156,      0.2088,   7866.9805,-423405.5000,   -923.5566,    554.8627,  26223.2676,
       1,     169,     234,       5,       1,       3,       1,     10.0000,      1.4072,     42.7046,    250.3838,     63.0119,      3.4953,      0.0000,     -0.0318,      2.8046,      0.1384,      5.6241,     11.2482,      1.2233,     29.1067,     58.2134,      0.0194,      0.0022,      0.0156,      0.2088,   7866.9805,-423338.9688,   -923.5773,    554.8674,  26223.2676,
       1,     169,     234,       6,       1,       3,       1,     10.0000,      1.4072,     42.7046,    250.3838,     63.0119,      3.4953,      0.0000,     -0.0318,      1.8072,      0.1368,      5.6241,     11.2482,      1.2085,     29.1067,     58.2134,      0.0194,      0.0014,      0.0156,      0.2088,   7866.9805,-423161.8125,   -923.5912,    554.8797,  26223.2676,
       1,     169,     234,       7,       1,       3,       1,     10.0000,      1.4072,     42.7046,    250.3838,     63.0119,      3.4953,      0.0000,     -0.0317,      0.6481,      0.1339,      5.6241,     11.2482,      1.1830,     29.1067,     58.2134,      0.0194,      0.0005,      0.0156,      0.2088,   7866.9805,-421932.0312,   -923.3790,    554.9649,  26223.2676,
       1,     169,     234,       8,       1,       3,       1,     10.0000,      1.4072,     42.7046,    250.3838,     63.0119,      3.4953,      0.0061,     -0.0256,      0.4733,      0.1346,      5.6241,     11.2482,      1.1890,     29.1067,     58.2134,      0.0194,      0.0004,      0.0156,      0.2088,   7866.9805,-420416.7812,   -923.0958,    555.0701,  26223.2676,
       1,     169,     234,       9,       1,       3,       1,     10.0000,      1.4072,     42.7046,    250.3838,     63.0119,      3.4953,      0.0556,      0.0237,      1.3890,      0.1393,      5.6241,     11.2482,      1.2307,     29.1067,     58.2134,      0.0194,      0.0003,      0.0595,      0.2088,   7866.9805,-420075.8438,   -923.0388,    555.0938,  26223.2676,
       1,     169,     234,      10,       1,       3,       1,     10.0000,      1.4072,     42.7046,    250.3838,     63.0119,      3.4953,      0.0893,      0.0561,      3.8290,      0.1778,      5.6241,     11.2482,      1.5708,     29.1067,     58.2134,      0.0194,      0.0004,      0.1067,      0.2088,   7866.9805,-421162.0938,   -923.2849,    555.0184,  26223.2676,
       1,     169,     234,      11,       1,       3,       1,     10.0000,      1.4072,     42.7046,    250.3838,     63.0119,      3.4953,      0.1464,      0.1121,      6.6623,      0.2141,      5.6241,     11.2482,      1.8921,     29.1067,     58.2134,      0.0194,      0.0004,      0.1888,      0.2088,   7866.9805,-424225.3750,   -923.9158,    554.8058,  26223.2676,
       1,     169,     234,      12,       1,       3,       1,     10.0000,      1.4072,     42.7046,    250.3838,     63.0119,      3.4953,      0.1288,      0.0942,      6.0891,      0.2247,      5.6241,     11.2482,      1.9854,     29.1067,     58.2134,      0.0194,      0.0005,      0.1632,      0.2088,   7866.9805,-427935.0000,   -924.7159,    554.5486,  26223.2676,
       1,     169,     234,      13,       1,       3,       1,     10.0000,      1.4072,     42.7046,    250.3838,     63.0119,      3.4953,      0.1876,      0.1526,     10.0017,      0.2399,      5.6241,     11.2482,      2.1199,     29.1067,     58.2134,      0.0194,      0.0005,      0.2486,      0.2088,   7866.9805,-427550.3125,   -924.7177,    554.5753,  26223.2695,
       1,     169,     234,      14,       1,       3,       1,     10.0000,      1.4072,     42.7046,    250.3838,     63.0119,      3.4953,      0.1646,      0.1292,      9.4908,      0.2551,      5.6241,     11.2482,      2.2540,     29.1067,     58.2134,      0.0194,      0.0005,      0.2152,      0.2088,   7866.9810,-432282.7188,   -925.7737,    554.2473,  26223.2676,
       1,     169,     234,      15,       1,       3,       1,     10.0000,      1.4072,     42.7046,    250.3838,     63.0119,      3.4953,      0.1829,      0.1478,     43.3912,      0.2425,      5.6241,     11.2482,      2.1427,     29.1067,     58.2134,      0.0194,      0.0022,      0.2379,      0.2088,   7866.9805,-432060.6562,   -925.8400,    554.2628,  26223.2656,
       1,     169,     234,      16,       1,       3,       1,     10.0000,      1.4072,     42.7046,    250.3838,     63.0119,      3.4953,      0.1836,      0.1486,     85.4306,      0.2383,      5.6241,     11.2482,      2.1054,     29.1067,     58.2134,      0.0194,      0.0044,      0.2341,      0.2088,   7866.9800,-473333.3438,   -934.0393,    551.4033,  26223.2695,
       1,     169,     234,      17,       1,       3,       1,     10.0000,      1.4072,     42.7046,    250.3838,     63.0119,      3.4953,      0.1785,      0.1436,     95.2600,      0.2341,      5.6241,     11.2482,      2.0687,     29.1067,     58.2134,      0.0194,      0.0051,      0.2255,      0.2088,   7866.9810,-528072.0000,   -945.0607,    547.6378,  26223.2656,
       1,     169,     234,      18,       1,       3,       1,     10.0000,      1.4072,     42.7046,    250.3838,     63.0119,      3.4953,      0.1592,      0.1248,    100.8895,      0.2197,      5.6241,     11.2482,      1.9411,     29.1067,     58.2134,      0.0194,      0.0062,      0.1968,      0.2087,   7866.9800,-544701.9375,   -948.8353,    546.5122,  26223.2676,
       1,     169,     234,      19,       1,       3,       1,     10.0000,      1.4072,     42.7046,    250.3838,     63.0119,      3.4953,      0.1126,      0.0785,     74.1434,      0.2077,      5.6241,     11.2482,      1.8352,     29.1067,     58.2134,      0.0194,      0.0068,      0.1320,      0.2087,   7866.9805,-552957.2500,   -951.0139,    545.9493,  26223.2676,
       1,     169,     234,      20,       1,       3,       1,     10.0000,      1.4072,     42.7046,    250.3838,     63.0119,      3.4953,      0.0506,      0.0171,     24.3176,      0.1866,      5.6241,     11.2482,      1.6492,     29.1067,     58.2134,      0.0194,      0.0061,      0.0482,      0.2087,   7866.9805,-521013.0938,   -945.2635,    548.1297,  26223.2676,
       1,     169,     234,      21,       1,       3,       1,     10.0000,      1.4072,     42.7046,    250.3838,     63.0119,      3.4953,      0.0000,     -0.0332,      6.8313,      0.1781,      5.6241,     11.2482,      1.5739,     29.1067,     58.2134,      0.0194,      0.0053,      0.0156,      0.2087,   7866.9805,-457569.4062,   -933.0930,    552.4809,  26223.2656,
       1,     169,     234,      22,       1,       3,       1,     10.0000,      1.4072,     42.7046,    250.3838,     63.0119,      3.4953,      0.0000,     -0.0331,      6.6994,      0.1753,      5.6241,     11.2482,      1.5490,     29.1067,     58.2134,      0.0194,      0.0052,      0.0156,      0.2088,   7866.9800,-430970.5000,   -927.9332,    554.3351,  26223.2656,
       1,     169,     234,      23,       1,       3,       1,     10.0000,      1.4072,     42.7046,    250.3838,     63.0119,      3.4953,      0.0000,     -0.0331,      6.3532,      0.1746,      5.6241,     11.2482,      1.5429,     29.1067,     58.2134,      0.0194,      0.0050,      0.0156,      0.2088,   7866.9800,-428553.9062,   -927.4614,    554.5057,  26223.2637,
       1,     169,     234,      24,       1,       3,       1,     10.0000,      1.4072,     42.7046,    250.3838,     63.0119,      3.4953,      0.0000,     -0.0330,      5.4840,      0.1710,      5.6241,     11.2482,      1.5109,     29.1067,     58.2134,      0.0194,      0.0043,      0.0156,      0.2088,   7866.9795,-427924.5938,   -927.3366,    554.5494,  26223.2656,
       1,     169,     235,       1,       1,       3,       1,     10.0000,      1.4072,     42.7049,    250.3898,     63.0134,      3.4953,      0.0000,     -0.0329,      4.1718,      0.1698,      5.6239,     11.2478,      1.5004,     29.1069,     58.2138,      0.0194,      0.0033,      0.0156,      0.2088,   7866.9800,-426967.7188,   -927.4239,    554.6288,  26224.4414,
       1,     169,     235,       2,       1,       3,       1,     10.0000,      1.4072,     42.7049,    250.3898,     63.0134,      3.4953,      0.0000,     -0.0327,      3.5511,      0.1618,      5.6239,     11.2478,      1.4300,     29.1069,     58.2138,      0.0194,      0.0028,      0.0156,      0.2088,   7867.3325,-425136.0938,   -926.7822,    554.7557,  26224.4434,
       1,     169,     235,       3,       1,       3,       1,     10.0000,      1.4072,     42.7049,    250.3898,     63.0134,      3.4953,      0.0000,     -0.0327,      3.0172,      0.1615,      5.6239,     11.2478,      1.4272,     29.1069,     58.2138,      0.0194,      0.0024,      0.0156,      0.2088,   7867.3335,-424225.4688,   -926.6020,    554.8189,  26224.4414,
       1,     169,     235,       4,       1,       3,       1,     10.0000,      1.4072,     42.7049,    250.3898,     63.0134,      3.4953,      0.0000,     -0.0323,      2.7739,      0.1519,      5.6239,     11.2478,      1.3423,     29.1069,     58.2138,      0.0194,      0.0022,      0.0156,      0.2088,   7867.3325,-423498.5000,   -926.4525,    554.8694,  26224.4434,
       1,     169,     235,       5,       1,       3,       1,     10.0000,      1.4072,     42.7049,    250.3898,     63.0134,      3.4953,      0.0000,     -0.0321,      2.3594,      0.1444,      5.6239,     11.2478,      1.2764,     29.1069,     58.2138,      0.0194,      0.0018,      0.0156,      0.2088,   7867.3335,-423140.6875,   -926.3752,    554.8942,  26224.4434,
       1,     169,     235,       6,       1,       3,       1,     10.0000,      1.4072,     42.7049,    250.3898,     63.0134,      3.4953,      0.0000,     -0.0323,      2.4485,      0.1511,      5.6239,     11.2478,      1.3356,     29.1069,     58.2138,      0.0194,      0.0019,      0.0156,      0.2088,   7867.3335,-422605.6562,   -926.2680,    554.9313,  26224.4434,
       1,     169,     235,       7,       1,       3,       1,     10.0000,      1.4072,     42.7049,    250.3898,     63.0134,      3.4953,      0.0000,     -0.0324,      1.6474,      0.1536,      5.6239,     11.2478,      1.3573,     29.1069,     58.2138,      0.0194,      0.0013,      0.0156,      0.2088,   7867.3335,-422669.0000,   -926.2758,    554.9269,  26224.4434,
       1,     169,     235,       8,       1,       3,       1,     10.0000,      1.4072,     42.7049,    250.3898,     63.0134,      3.4953,      0.0094,     -0.0227,      0.9647,      0.1466,      5.6239,     11.2478,      1.2958,     29.1069,     58.2138,      0.0194,      0.0008,      0.0156,      0.2088,   7867.3335,-421698.8125,   -926.0814,    554.9941,  26224.4414,
       1,     169,     235,       9,       1,       3,       1,     10.0000,      1.4072,     42.7049,    250.3898,     63.0134,      3.4953,      0.0941,      0.0622,      9.9944,      0.1416,      5.6239,     11.2478,      1.2508,     29.1069,     58.2138,      0.0194,      0.0011,      0.1137,      0.2088,   7867.3325,-420785.7188,   -925.9006,    555.0575,  26224.4414,
       1,     169,     235,      10,       1,       3,       1,     10.0000,      1.4072,     42.7049,    250.3898,     63.0134,      3.4953,      0.1163,      0.0846,      8.2965,      0.1363,      5.6239,     11.2478,      1.2048,     29.1069,     58.2138,      0.0194,      0.0007,      0.1458,      0.2088,   7867.3325,-431703.9375,   -912.5491,    554.3000,  26224.4434,
       1,     169,     235,      11,       1,       3,       1,     10.0000,      1.4072,     42.7049,    250.3898,     63.0134,      3.4953,      0.1381,      0.1062,      7.3882,      0.1383,      5.6239,     11.2478,      1.2220,     29.1069,     58.2138,      0.0194,      0.0005,      0.1769,      0.2088,   7867.3335,-430559.5312,   -912.6075,    554.3798,  26224.4453,
       1,     169,     235,      12,       1,       3,       1,     10.0000,      1.4072,     42.7049,    250.3898,     63.0134,      3.4953,      0.1846,      0.1525,     12.3842,      0.1446,      5.6239,     11.2478,      1.2776,     29.1069,     58.2138,      0.0194,      0.0006,      0.2431,      0.2088,   7867.3340,-429355.7500,   -912.5186,    554.4632,  26224.4453,
       1,     169,     235,      13,       1,       3,       1,     10.0000,      1.4072,     42.7049,    250.3898,     63.0134,      3.4953,      0.1893,      0.1569,     11.2615,      0.1534,      5.6239,     11.2478,      1.3559,     29.1069,     58.2138,      0.0194,      0.0005,      0.2500,      0.2088,   7867.3340,-435338.4375,   -914.1917,    554.0486,  26224.4453,
       1,     169,     235,      14,       1,       3,       1,     10.0000,      1.4072,     42.7049,    250.3898,     63.0134,      3.4953,      0.1889,      0.1567,      6.9637,      0.1489,      5.6239,     11.2478,      1.3156,     29.1069,     58.2138,      0.0194,      0.0003,      0.2500,      0.2088,   7867.3340,-434476.5938,   -915.1385,    554.1084,  26224.4453,
       1,     169,     235,      15,       1,       3,       1,     10.0000,      1.4072,     42.7049,    250.3898,     63.0134,      3.4953,      0.1888,      0.1563,      6.5763,      0.1589,      5.6239,     11.2478,      1.4044,     29.1069,     58.2138,      0.0194,      0.0003,      0.2500,      0.2088,   7867.3340,-429169.3438,   -915.6475,    554.4760,  26224.4453,
       1,     169,     235,      16,       1,       3,       1,     10.0000,      1.4072,     42.7049,    250.3898,     63.0134,      3.4953,      0.1220,      0.0891,      4.2189,      0.1678,      5.6239,     11.2478,      1.4825,     29.1069,     58.2138,      0.0194,      0.0003,      0.1540,      0.2088,   7867.3340,-428249.8125,   -916.3911,    554.5399,  26224.4453,
       1,     169,     235,      17,       1,       3,       1,     10.0000,      1.4072,     42.7049,    250.3898,     63.0134,      3.4953,      0.0465,      0.0136,      1.4215,      0.1659,      5.6239,     11.2478,      1.4663,     29.1069,     58.2138,      0.0194,      0.0004,      0.0455,      0.2088,   7867.3340,-425301.2188,   -916.2421,    554.7443,  26224.4453,
       1,     169,     235,      18,       1,       3,       1,     10.0000,      1.4072,     42.7049,    250.3898,     63.0134,      3.4953,      0.0150,     -0.0177,      0.0366,      0.1626,      5.6239,     11.2478,      1.4372,     29.1069,     58.2138,      0.0194,      0.0008,      0.0006,      0.2088,   7867.3340,-421645.6875,   -915.6907,    554.9978,  26224.4434,
       1,     169,     235,      19,       1,       3,       1,     10.0000,      1.4072,     42.7049,    250.3898,     63.0134,      3.4953,      0.0173,     -0.0151,      0.2890,      0.1545,      5.6239,     11.2478,      1.3655,     29.1069,     58.2138,      0.0194,      0.0008,      0.0041,      0.2088,   7867.3335,-419651.0000,   -915.4101,    555.1362,  26224.4453,
       1,     169,     235,      20,       1,       3,       1,     10.0000,      1.4072,     42.7049,    250.3898,     63.0134,      3.4953,      0.0049,     -0.0270,      1.5369,      0.1410,      5.6239,     11.2478,      1.2458,     29.1069,     58.2138,      0.0194,      0.0012,      0.0156,      0.2088,   7867.3340,-419789.4062,   -915.5294,    555.1267,  26224.4453,
       1,     169,     235,      21,       1,       3,       1,     10.0000,      1.4072,     42.7049,    250.3898,     63.0134,      3.4953,      0.0000,     -0.0314,      2.2558,      0.1282,      5.6239,     11.2478,      1.1324,     29.1069,     58.2138,      0.0194,      0.0018,      0.0156,      0.2088,   7867.3340,-421320.4688,   -915.8828,    555.0204,  26224.4453,
       1,     169,     235,      22,       1,       3,       1,     10.0000,      1.4072,     42.7049,    250.3898,     63.0134,      3.4953,      0.0000,     -0.0315,      2.7062,      0.1285,      5.6239,     11.2478,      1.1359,     29.1069,     58.2138,      0.0194,      0.0021,      0.0156,      0.2088,   7867.3340,-422325.4375,   -916.1437,    554.9507,  26224.4473,
       1,     169,     235,      23,       1,       3,       1,     10.0000,      1.4072,     42.7049,    250.3898,     63.0134,      3.4953,      0.0000,     -0.0314,      2.4624,      0.1278,      5.6239,     11.2478,      1.1290,     29.1069,     58.2138,      0.0194,      0.0019,      0.0156,      0.2088,   7867.3345,-422958.5625,   -916.4213,    554.9068,  26224.4434,
       1,     169,     235,      24,       1,       3,       1,     10.0000,      1.4072,     42.7049,    250.3898,     63.0134,      3.4953,      0.0000,     -0.0316,      1.8963,      0.1327,      5.6239,     11.2478,      1.1723,     29.1069,     58.2138,      0.0194,      0.0015,      0.0156,      0.2088,   7867.3335,-422715.7188,   -916.5327,    554.9236,  26224.4453,
       1,     169,     236,       1,       1,       3,       1,     10.0000,      1.4072,     42.7052,    250.3957,     63.0149,      3.4953,      0.0000,     -0.0316,      0.5955,      0.1313,      5.6246,     11.2492,      1.1604,     29.0996,     58.1991,      0.0194,      0.0005,      0.0156,      0.2089,   7867.3340,-422161.0938,   -914.5600,    554.9753,  26225.6191,
       1,     169,     236,       2,       1,       3,       1,     10.0000,      1.4072,     42.7052,    250.3957,     63.0149,      3.4953,      0.0000,     -0.0314,      0.5754,      0.1275,      5.6246,     11.2492,      1.1267,     29.0996,     58.1991,      0.0194,      0.0004,      0.0156,      0.2089,   7867.6860,-420378.0000,   -914.0109,    555.0990,  26225.6191,
       1,     169,     236,       3,       1,       3,       1,     10.0000,      1.4072,     42.7052,    250.3957,     63.0149,      3.4953,      0.0000,     -0.0313,      0.8485,      0.1251,      5.6246,     11.2492,      1.1051,     29.0996,     58.1991,      0.0194,      0.0007,      0.0156,      0.2089,   7867.6860,-420202.9062,   -914.0024,    555.1111,  26225.6191,
       1,     169,     236,       4,       1,       3,       1,     10.0000,      1.4072,     42.7052,    250.3957,     63.0149,      3.4953,      0.0000,     -0.0313,      0.7483,      0.1237,      5.6246,     11.2492,      1.0928,     29.0996,     58.1991,      0.0194,      0.0006,      0.0156,      0.2089,   7867.6860,-420520.5938,   -914.1176,    555.0891,  26225.6191,
       1,     169,     236,       5,       1,       3,       1,     10.0000,      1.4072,     42.7052,    250.3957,     63.0149,      3.4953,      0.0000,     -0.0312,      0.4088,      0.1225,      5.6246,     11.2492,      1.0828,     29.0996,     58.1991,      0.0194,      0.0003,      0.0156,      0.2089,   7867.6860,-420425.3750,   -914.1502,    555.0958,  26225.6191,
       1,     169,     236,       6,       1,       3,       1,     10.0000,      1.4072,     42.7052,    250.3957,     63.0149,      3.4953,      0.0000,     -0.0313,      0.2935,      0.1237,      5.6246,     11.2492,      1.0928,     29.0996,     58.1991,      0.0194,      0.0002,      0.0156,      0.2089,   7867.6860,-420003.9688,   -914.0884,    555.1249,  26225.6191,
       1,     169,     236,       7,       1,       3,       1,     10.0000,      1.4072,     42.7052,    250.3957,     63.0149,      3.4953,      0.0000,     -0.0314,      0.3004,      0.1262,      5.6246,     11.2492,      1.1153,     29.0996,     58.1991,      0.0194,      0.0002,      0.0156,      0.2089,   7867.6860,-419828.0625,   -914.0577,    555.1372,  26225.6172,
       1,     169,     236,       8,       1,       3,       1,     10.0000,      1.4072,     42.7052,    250.3957,     63.0149,      3.4953,      0.0056,     -0.0259,      0.3503,      0.1301,      5.6246,     11.2492,      1.1499,     29.0996,     58.1991,      0.0194,      0.0003,      0.0156,      0.2089,   7867.6855,-419821.7500,   -914.0585,    555.1376,  26225.6191,
       1,     169,     236,       9,       1,       3,       1,     10.0000,      1.4072,     42.7052,    250.3957,     63.0149,      3.4953,      0.0634,      0.0310,      1.7706,      0.1550,      5.6246,     11.2492,      1.3697,     29.0996,     58.1991,      0.0194,      0.0003,      0.0702,      0.2089,   7867.6860,-419881.7500,   -914.0868,    555.1334,  26225.6211,
       1,     169,     236,      10,       1,       3,       1,     10.0000,      1.4072,     42.7052,    250.3957,     63.0149,      3.4953,      0.1469,      0.1138,      5.3270,      0.1744,      5.6246,     11.2492,      1.5414,     29.0996,     58.1991,      0.0194,      0.0003,      0.1897,      0.2089,   7867.6865,-421615.8125,   -914.5638,    555.0131,  26225.6191,
       1,     169,     236,      11,       1,       3,       1,     10.0000,      1.4072,     42.7052,    250.3957,     63.0149,      3.4953,      0.1784,      0.1449,      7.0132,      0.1850,      5.6246,     11.2492,      1.6346,     29.0996,     58.1991,      0.0194,      0.0004,      0.2351,      0.2089,   7867.6860,-426092.6562,   -915.8889,    554.7025,  26225.6211,
       1,     169,     236,      12,       1,       3,       1,     10.0000,      1.4072,     42.7052,    250.3957,     63.0149,      3.4953,      0.1397,      0.1059,      8.1610,      0.1948,      5.6246,     11.2492,      1.7212,     29.0996,     58.1991,      0.0194,      0.0006,      0.1789,      0.2089,   7867.6865,-428524.0000,   -917.1700,    554.5340,  26225.6191,
       1,     169,     236,      13,       1,       3,       1,     10.0000,      1.4072,     42.7052,    250.3957,     63.0149,      3.4953,      0.1773,      0.1427,     13.9898,      0.2238,      5.6246,     11.2492,      1.9777,     29.0996,     58.1991,      0.0194,      0.0007,      0.2329,      0.2089,   7867.6860,-430127.2812,   -917.8528,    554.4229,  26225.6191,
       1,     169,     236,      14,       1,       3,       1,     10.0000,      1.4072,     42.7052,    250.3957,     63.0149,      3.4953,      0.1823,      0.1473,     40.7526,      0.2411,      5.6246,     11.2492,      2.1303,     29.0996,     58.1991,      0.0194,      0.0021,      0.2373,      0.2089,   7867.6860,-437360.2812,   -919.9664,    553.9217,  26225.6191,
       1,     169,     236,      15,       1,       3,       1,     10.0000,      1.4072,     42.7052,    250.3957,     63.0149,      3.4953,      0.1800,      0.1452,     57.7653,      0.2321,      5.6246,     11.2492,      2.0507,     29.0996,     58.1991,      0.0194,      0.0030,      0.2320,      0.2089,   7867.6860,-470563.8438,   -927.2205,    551.6229,  26225.6191,
       1,     169,     236,      16,       1,       3,       1,     10.0000,      1.4072,     42.7052,    250.3957,     63.0149,      3.4953,      0.1763,      0.1412,     68.5035,      0.2425,      5.6246,     11.2492,      2.1428,     29.0996,     58.1991,      0.0194,      0.0037,      0.2254,      0.2088,   7867.6860,-494106.4062,   -932.7577,    550.0043,  26225.6211,
       1,     169,     236,      17,       1,       3,       1,     10.0000,      1.4072,     42.7052,    250.3957,     63.0149,      3.4953,      0.1581,      0.1231,     71.7908,      0.2413,      5.6246,     11.2492,      2.1324,     29.0996,     58.1991,      0.0194,      0.0044,      0.1985,      0.2088,   7867.6865,-509178.4688,   -936.7685,    548.9705,  26225.6191,
       1,     169,     236,      18,       1,       3,       1,     10.0000,      1.4072,     42.7052,    250.3957,     63.0149,      3.4953,      0.1458,      0.1113,     81.3531,      0.2190,      5.6246,     11.2492,      1.9354,     29.0996,     58.1991,      0.0194,      0.0055,      0.1794,      0.2088,   7867.6860,-514454.9062,   -938.7800,    548.6094,  26225.6191,
       1,     169,     236,      19,       1,       3,       1,     10.0000,      1.4072,     42.7052,    250.3957,     63.0149,      3.4953,      0.0807,      0.0465,     49.0405,      0.2112,      5.6246,     11.2492,      1.8663,     29.0996,     58.1991,      0.0194,      0.0067,      0.0886,      0.2088,   7867.6860,-526556.8750,   -942.0530,    547.7796,  26225.6211,
       1,     169,     236,      20,       1,       3,       1,     10.0000,      1.4072,     42.7052,    250.3957,     63.0149,      3.4953,      0.0194,     -0.0140,      2.5882,      0.1844,      5.6246,     11.2492,      1.6298,     29.0996,     58.1991,      0.0194,      0.0055,      0.0057,      0.2088,   7867.6865,-488171.7188,   -935.4949,    550.4086,  26225.6172,
       1,     169,     236,      21,       1,       3,       1,     10.0000,      1.4072,     42.7052,    250.3957,     63.0149,      3.4953,      0.0000,     -0.0328,      7.2286,      0.1669,      5.6246,     11.2492,      1.4751,     29.0996,     58.1991,      0.0194,      0.0056,      0.0156,      0.2088,   7867.6855,-428348.5000,   -924.4532,    554.5307,  26225.6191,
       1,     169,     236,      22,       1,       3,       1,     10.0000,      1.4072,     42.7052,    250.3957,     63.0149,      3.4953,      0.0000,     -0.0325,      7.0681,      0.1577,      5.6246,     11.2492,      1.3932,     29.0996,     58.1991,      0.0194,      0.0055,      0.0156,      0.2089,   7867.6860,-428995.8750,   -924.8185,    554.5013,  26225.6191,
       1,     169,     236,      23,       1,       3,       1,     10.0000,      1.4072,     42.7052,    250.3957,     63.0149,      3.4953,      0.0000,     -0.0324,      6.0389,      0.1530,      5.6246,     11.2492,      1.3519,     29.0996,     58.1991,      0.0194,      0.0047,      0.0156,      0.2089,   7867.6860,-428836.2500,   -925.0184,    554.5125,  26225.6191,
       1,     169,     236,      24,       1,       3,       1,     10.0000,      1.4072,     42.7052,    250.3957,     63.0149,      3.4953,      0.0000,     -0.0322,      5.1017,      0.1477,      5.6246,     11.2492,      1.3050,     29.0996,     58.1991,      0.0194,      0.0040,      0.0156,      0.2089,   7867.6860,-427569.5312,   -924.9333,    554.6003,  26225.6191,
       1,     169,     237,       1,       1,       3,       1,     10.0000,      1.4072,     42.7056,    250.4016,     63.0164,      3.4953,      0.0000,     -0.0321,      4.0999,      0.1455,      5.6240,     11.2479,      1.2855,     29.1001,     58.2002,      0.0194,      0.0032,      0.0156,      0.2089,   7867.6860,-426475.9062,   -925.0804,    554.6891,  26226.7930,
       1,     169,     237,       2,       1,       3,       1,     10.0000,      1.4072,     42.7056,    250.4016,     63.0164,      3.4953,      0.0000,     -0.0322,      3.2038,      0.1477,      5.6240,     11.2479,      1.3051,     29.1001,     58.2002,      0.0194,      0.0025,      0.0156,      0.2089,   7868.0381,-425011.5312,   -924.6221,    554.7907,  26226.7930,
       1,     169,     237,       3,       1,       3,       1,     10.0000,      1.4072,     42.7056,    250.4016,     63.0164,      3.4953,      0.0000,     -0.0320,      2.0111,      0.1443,      5.6240,     11.2479,      1.2751,     29.1001,     58.2002,      0.0194,      0.0016,      0.0156,      0.2089,   7868.0381,-423796.8125,   -924.4700,    554.8749,  26226.7930,
       1,     169,     237,       4,       1,       3,       1,     10.0000,      1.4072,     42.7056,    250.4016,     63.0164,      3.4953,      0.0000,     -0.0320,      1.2829,      0.1418,      5.6240,     11.2479,      1.2534,     29.1001,     58.2002,      0.0194,      0.0010,      0.0156,      0.2089,   7868.0381,-422242.1562,   -924.2180,    554.9827,  26226.7930,
       1,     169,     237,       5,       1,       3,       1,     10.0000,      1.4072,     42.7056,    250.4016,     63.0164,      3.4953,      0.0000,     -0.0320,      0.8346,      0.1426,      5.6240,     11.2479,      1.2598,     29.1001,     58.2002,      0.0194,      0.0007,      0.0156,      0.2089,   7868.0381,-421224.3750,   -924.0438,    555.0533,  26226.7930,
       1,     169,     237,       6,       1,       3,       1,     10.0000,      1.4072,     42.7056,    250.4016,     63.0164,      3.4953,      0.0000,     -0.0319,      0.7076,      0.1401,      5.6240,     11.2479,      1.2383,     29.1001,     58.2002,      0.0194,      0.0006,      0.0156,      0.2089,   7868.0381,-420592.6875,   -923.9378,    555.0972,  26226.7949,
       1,     169,     237,       7,       1,       3,       1,     10.0000,      1.4072,     42.7056,    250.4016,     63.0164,      3.4953,      0.0000,     -0.0318,      0.7009,      0.1386,      5.6240,     11.2479,      1.2246,     29.1001,     58.2002,      0.0194,      0.0005,      0.0156,      0.2089,   7868.0386,-420384.5312,   -923.9081,    555.1117,  26226.7910,
       1,     169,     237,       8,       1,       3,       1,     10.0000,      1.4072,     42.7056,    250.4016,     63.0164,      3.4953,      0.0028,     -0.0290,      0.4466,      0.1379,      5.6240,     11.2479,      1.2184,     29.1001,     58.2002,      0.0194,      0.0003,      0.0156,      0.2089,   7868.0376,-420359.2500,   -923.9154,    555.1134,  26226.7910,
       1,     169,     237,       9,       1,       3,       1,     10.0000,      1.4072,     42.7056,    250.4016,     63.0164,      3.4953,      0.0119,     -0.0210,      0.5285,      0.1664,      5.6240,     11.2479,      1.4708,     29.1001,     58.2002,      0.0194,      0.0004,      0.0156,      0.2089,   7868.0376,-420047.5938,   -923.8619,    555.1351,  26226.7930,
       1,     169,     237,      10,       1,       3,       1,     10.0000,      1.4072,     42.7056,    250.4016,     63.0164,      3.4953,      0.0206,     -0.0132,      0.3403,      0.1973,      5.6240,     11.2479,      1.7435,     29.1001,     58.2002,      0.0194,      0.0006,      0.0072,      0.2089,   7868.0381,-420120.5938,   -923.8867,    555.1299,  26226.7910,
       1,     169,     237,      11,       1,       3,       1,     10.0000,      1.4072,     42.7056,    250.4016,     63.0164,      3.4953,      0.1031,      0.0686,      5.6239,      0.2197,      5.6240,     11.2479,      1.9412,     29.1001,     58.2002,      0.0194,      0.0005,      0.1258,      0.2089,   7868.0376,-419898.0938,   -923.8624,    555.1454,  26226.7910,
       1,     169,     237,      12,       1,       3,       1,     10.0000,      1.4072,     42.7056,    250.4016,     63.0164,      3.4953,      0.1565,      0.1228,      8.8320,      0.1940,      5.6240,     11.2479,      1.7144,     29.1001,     58.2002,      0.0194,      0.0005,      0.2033,      0.2089,   7868.0376,-426311.4375,   -925.1740,    554.7004,  26226.7930,
       1,     169,     237,      13,       1,       3,       1,     10.0000,      1.4072,     42.7056,    250.4016,     63.0164,      3.4953,      0.1498,      0.1156,      7.6336,      0.2095,      5.6240,     11.2479,      1.8517,     29.1001,     58.2002,      0.0194,      0.0005,      0.1936,      0.2089,   7868.0381,-430759.0312,   -921.7448,    554.3922,  26226.7930,
       1,     169,     237,      14,       1,       3,       1,     10.0000,      1.4072,     42.7056,    250.4016,     63.0164,      3.4953,      0.1435,      0.1088,     24.9060,      0.2260,      5.6240,     11.2479,      1.9972,     29.1001,     58.2002,      0.0194,      0.0017,      0.1824,      0.2089,   7868.0381,-429675.5000,   -922.0187,    554.4673,  26226.7949,
       1,     169,     237,      15,       1,       3,       1,     10.0000,      1.4072,     42.7056,    250.4016,     63.0164,      3.4953,      0.1079,      0.0739,     35.6510,      0.2018,      5.6240,     11.2479,      1.7836,     29.1001,     58.2002,      0.0194,      0.0033,      0.1296,      0.2089,   7868.0386,-450613.5625,   -926.4514,    553.0161,  26226.7930,
       1,     169,     237,      16,       1,       3,       1,     10.0000,      1.4072,     42.7056,    250.4016,     63.0164,      3.4953,      0.0598,      0.0274,     20.2381,      0.1530,      5.6240,     11.2479,      1.3519,     29.1001,     58.2002,      0.0194,      0.0039,      0.0629,      0.2089,   7868.0381,-465472.7188,   -929.8148,    551.9909,  26226.7910,
       1,     169,     237,      17,       1,       3,       1,     10.0000,      1.4072,     42.7056,    250.4016,     63.0164,      3.4953,      0.0766,      0.0456,     14.4294,      0.1161,      5.6240,     11.2479,      1.0257,     29.1001,     58.2002,      0.0194,      0.0020,      0.0887,      0.2089,   7868.0376,-447950.3750,   -916.0206,    553.2009,  26226.7910,
       1,     169,     237,      18,       1,       3,       1,     10.0000,      1.4072,     42.7056,    250.4016,     63.0164,      3.4953,      0.0675,      0.0364,     16.1879,      0.1197,      5.6240,     11.2479,      1.0577,     29.1001,     58.2002,      0.0194,      0.0026,      0.0755,      0.2089,   7868.0376,-439401.9688,   -914.1835,    553.7933,  26226.7930,
       1,     169,     237,      19,       1,       3,       1,     10.0000,      1.4072,     42.7056,    250.4016,     63.0164,      3.4953,      0.0317,      0.0004,      7.7815,      0.1254,      5.6240,     11.2479,      1.1085,     29.1001,     58.2002,      0.0194,      0.0038,      0.0252,      0.2089,   7868.0381,-440821.2500,   -914.5073,    553.6954,  26226.7949,
       1,     169,     237,      20,       1,       3,       1,     10.0000,      1.4072,     42.7056,    250.4016,     63.0164,      3.4953,      0.0049,     -0.0265,      4.0857,      0.1273,      5.6240,     11.2479,      1.1244,     29.1001,     58.2002,      0.0194,      0.0032,      0.0156,      0.2089,   7868.0386,-430703.6562,   -912.6894,    554.3956,  26226.7930,
       1,     169,     237,      21,       1,       3,       1,     10.0000,      1.4072,     42.7056,    250.4016,     63.0164,      3.4953,      0.0000,     -0.0313,      1.9336,      0.1254,      5.6240,     11.2479,      1.1085,     29.1001,     58.2002,      0.0194,      0.0015,      0.0156,      0.2089,   7868.0381,-425351.4062,   -912.2429,    554.7670,  26226.7949,
       1,     169,     237,      22,       1,       3,       1,     10.0000,      1.4072,     42.7056,    250.4016,     63.0164,      3.4953,      0.0000,     -0.0316,      0.3895,      0.1325,      5.6240,     11.2479,      1.1711,     29.1001,     58.2002,      0.0194,      0.0003,      0.0156,      0.2089,   7868.0386,-422278.9062,   -911.8120,    554.9801,  26226.7930,
       1,     169,     237,      23,       1,       3,       1,     10.0000,      1.4072,     42.7056,    250.4016,     63.0164,      3.4953,      0.0000,     -0.0317,      0.3474,      0.1343,      5.6240,     11.2479,      1.1867,     29.1001,     58.2002,      0.0194,      0.0003,      0.0156,      0.2089,   7868.0381,-420140.0000,   -911.4344,    555.1286,  26226.7910,
       1,     169,     237,      24,       1,       3,       1,     10.0000,      1.4072,     42.7056,    250.4016,     63.0164,      3.4953,      0.0000,     -0.0318,      0.3312,      0.1375,      5.6240,     11.2479,      1.2147,     29.1001,     58.2002,      0.0194,      0.0003,      0.0156,      0.2089,   7868.0376,-419908.3750,   -911.3970,    555.1447,  26226.7930,
       1,     169,     238,       1,       1,       3,       1,     10.0000,      1.4072,     42.7059,    250.4075,     63.0179,      3.4953,      0.0000,     -0.0319,      0.3421,      0.1414,      5.6254,     11.2507,      1.2496,     29.0834,     58.1668,      0.0194,      0.0003,      0.0156,      0.2089,   7868.0381,-420024.5000,   -911.6804,    555.1499,  26227.9668,
       1,     169,     238,       2,       1,       3,       1,     10.0000,      1.4072,     42.7059,    250.4075,     63.0179,      3.4953,      0.0000,     -0.0320,      0.3477,      0.1434,      5.6254,     11.2507,      1.2675,     29.0834,     58.1668,      0.0194,      0.0003,      0.0156,      0.2089,   7868.3901,-419894.8125,   -911.4026,    555.1589,  26227.9707,
       1,     169,     238,       3,       1,       3,       1,     10.0000,      1.4072,     42.7059,    250.4075,     63.0179,      3.4953,      0.0000,     -0.0320,      0.3469,      0.1431,      5.6254,     11.2507,      1.2649,     29.0834,     58.1668,      0.0194,      0.0003,      0.0156,      0.2089,   7868.3916,-419890.3125,   -911.4029,    555.1592,  26227.9668,
       1,     169,     238,       4,       1,       3,       1,     10.0000,      1.4072,     42.7059,    250.4075,     63.0179,      3.4953,      0.0000,     -0.0319,      0.3358,      0.1391,      5.6254,     11.2507,      1.2296,     29.0834,     58.1668,      0.0194,      0.0003,      0.0156,      0.2089,   7868.3901,-419889.3438,   -911.4053,    555.1592,  26227.9688,
       1,     169,     238,       5,       1,       3,       1,     10.0000,      1.4072,     42.7059,    250.4075,     63.0179,      3.4953,      0.0000,     -0.0317,      0.3748,      0.1359,      5.6254,     11.2507,      1.2013,     29.0834,     58.1668,      0.0194,      0.0003,      0.0156,      0.2089,   7868.3911,-419875.6562,   -911.4042,    555.1602,  26227.9707,
       1,     169,     238,       6,       1,       3,       1,     10.0000,      1.4072,     42.7059,    250.4075,     63.0179,      3.4953,      0.0000,     -0.0318,      0.5985,      0.1365,      5.6254,     11.2507,      1.2061,     29.0834,     58.1668,      0.0194,      0.0005,      0.0156,      0.2089,   7868.3916,-419921.7812,   -911.4169,    555.1570,  26227.9688,
       1,     169,     238,       7,       1,       3,       1,     10.0000,      1.4072,     42.7059,    250.4075,     63.0179,      3.4953,      0.0000,     -0.0317,      0.7767,      0.1342,      5.6254,     11.2507,      1.1855,     29.0834,     58.1668,      0.0194,      0.0006,      0.0156,      0.2089,   7868.3911,-420198.0625,   -911.4894,    555.1378,  26227.9688,
       1,     169,     238,       8,       1,       3,       1,     10.0000,      1.4072,     42.7059,    250.4075,     63.0179,      3.4953,      0.0098,     -0.0219,      0.8219,      0.1347,      5.6254,     11.2507,      1.1903,     29.0834,     58.1668,      0.0194,      0.0006,      0.0156,      0.2089,   7868.3911,-420438.4688,   -911.5823,    555.1212,  26227.9688,
       1,     169,     238,       9,       1,       3,       1,     10.0000,      1.4072,     42.7059,    250.4075,     63.0179,      3.4953,      0.1063,      0.0742,      3.5967,      0.1461,      5.6254,     11.2507,      1.2907,     29.0834,     58.1668,      0.0194,      0.0003,      0.1317,      0.2089,   7868.3911,-420513.6250,   -911.6846,    555.1160,  26227.9688,
       1,     169,     238,      10,       1,       3,       1,     10.0000,      1.4072,     42.7059,    250.4075,     63.0179,      3.4953,      0.1600,      0.1273,      5.9136,      0.1614,      5.6254,     11.2507,      1.4258,     29.0834,     58.1668,      0.0194,      0.0003,      0.2085,      0.2089,   7868.3911,-423897.5938,   -912.6713,    554.8812,  26227.9668,
       1,     169,     238,      11,       1,       3,       1,     10.0000,      1.4072,     42.7059,    250.4075,     63.0179,      3.4953,      0.1859,      0.1532,      6.9367,      0.1607,      5.6254,     11.2507,      1.4201,     29.0834,     58.1668,      0.0194,      0.0003,      0.2457,      0.2089,   7868.3901,-427004.0938,   -914.0131,    554.6657,  26227.9707,
       1,     169,     238,      12,       1,       3,       1,     10.0000,      1.4072,     42.7059,    250.4075,     63.0179,      3.4953,      0.1578,      0.1249,      5.5064,      0.1685,      5.6254,     11.2507,      1.4886,     29.0834,     58.1668,      0.0194,      0.0003,      0.2055,      0.2089,   7868.3916,-428511.7188,   -914.9819,    554.5612,  26227.9688,
       1,     169,     238,      13,       1,       3,       1,     10.0000,      1.4072,     42.7059,    250.4075,     63.0179,      3.4953,      0.0879,      0.0546,      3.0608,      0.1817,      5.6254,     11.2507,      1.6057,     29.0834,     58.1668,      0.0194,      0.0004,      0.1047,      0.2089,   7868.3911,-426897.8750,   -915.2081,    554.6732,  26227.9688,
       1,     169,     238,      14,       1,       3,       1,     10.0000,      1.4072,     42.7059,    250.4075,     63.0179,      3.4953,      0.0956,      0.0615,      5.1715,      0.2098,      5.6254,     11.2507,      1.8535,     29.0834,     58.1668,      0.0194,      0.0005,      0.1152,      0.2089,   7868.3911,-423784.3750,   -914.8465,    554.8890,  26227.9668,
       1,     169,     238,      15,       1,       3,       1,     10.0000,      1.4072,     42.7059,    250.4075,     63.0179,      3.4953,      0.0734,      0.0392,      6.3522,      0.2091,      5.6254,     11.2507,      1.8481,     29.0834,     58.1668,      0.0194,      0.0009,      0.0828,      0.2089,   7868.3901,-426091.1875,   -915.5541,    554.7291,  26227.9688,
       1,     169,     238,      16,       1,       3,       1,     10.0000,      1.4072,     42.7059,    250.4075,     63.0179,      3.4953,      0.0854,      0.0512,     16.0454,      0.2123,      5.6254,     11.2507,      1.8756,     29.0834,     58.1668,      0.0194,      0.0020,      0.0991,      0.2089,   7868.3911,-427723.0625,   -916.1025,    554.6158,  26227.9688,
       1,     169,     238,      17,       1,       3,       1,     10.0000,      1.4072,     42.7059,    250.4075,     63.0179,      3.4953,      0.0937,      0.0599,     28.9112,      0.1961,      5.6254,     11.2507,      1.7332,     29.0834,     58.1668,      0.0194,      0.0032,      0.1099,      0.2089,   7868.3911,-439661.3125,   -918.7335,    553.7883,  26227.9688,
       1,     169,     238,      18,       1,       3,       1,     10.0000,      1.4072,     42.7059,    250.4075,     63.0179,      3.4953,      0.0755,      0.0419,     24.0889,      0.1896,      5.6254,     11.2507,      1.6758,     29.0834,     58.1668,      0.0194,      0.0035,      0.0842,      0.2089,   7868.3911,-456335.6250,   -922.4673,    552.6347,  26227.9688,
       1,     169,     238,      19,       1,       3,       1,     10.0000,      1.4072,     42.7059,    250.4075,     63.0179,      3.4953,      0.0368,      0.0033,     12.6113,      0.1883,      5.6254,     11.2507,      1.6642,     29.0834,     58.1668,      0.0194,      0.0052,      0.0296,      0.2089,   7868.3911,-451871.5625,   -922.2706,    552.9442,  26227.9688,
       1,     169,     238,      20,       1,       3,       1,     10.0000,      1.4072,     42.7059,    250.4075,     63.0179,      3.4953,      0.0080,     -0.0251,      6.4768,      0.1765,      5.6254,     11.2507,      1.5600,     29.0834,     58.1668,      0.0194,      0.0051,      0.0156,      0.2089,   7868.3911,-437516.7812,   -920.2864,    553.9365,  26227.9688,
       1,     169,     238,      21,       1,       3,       1,     10.0000,      1.4072,     42.7059,    250.4075,     63.0179,      3.4953,      0.0000,     -0.0329,      6.1574,      0.1683,      5.6254,     11.2507,      1.4871,     29.0834,     58.1668,      0.0194,      0.0048,      0.0156,      0.2089,   7868.3911,-428839.7500,   -919.1551,    554.5381,  26227.9688,
       1,     169,     238,      22,       1,       3,       1,     10.0000,      1.4072,     42.7059,    250.4075,     63.0179,      3.4953,      0.0000,     -0.0328,      5.3421,      0.1668,      5.6254,     11.2507,      1.4737,     29.0834,     58.1668,      0.0194,      0.0042,      0.0156,      0.2089,   7868.3911,-427718.5000,   -919.3556,    554.6163,  26227.9688,
       1,     169,     238,      23,       1,       3,       1,     10.0000,      1.4072,     42.7059,    250.4075,     63.0179,      3.4953,      0.0000,     -0.0326,      4.3132,      0.1589,      5.6254,     11.2507,      1.4045,     29.0834,     58.1668,      0.0194,      0.0034,      0.0156,      0.2089,   7868.3911,-426630.7812,   -919.4640,    554.6917,  26227.9688,
       1,     169,     238,      24,       1,       3,       1,     10.0000,      1.4072,     42.7059,    250.4075,     63.0179,      3.4953,      0.0000,     -0.0323,      3.8638,      0.1510,      5.6254,     11.2507,      1.3344,     29.0834,     58.1668,      0.0194,      0.0030,      0.0156,      0.2089,   7868.3911,-425286.4375,   -911.5582,    554.7849,  26227.9688,
       1,     169,     239,       1,       1,       3,       1,     10.0000,      1.4073,     42.7062,    250.4134,     63.0194,      3.4953,      0.0000,     -0.0323,      2.8308,      0.1509,      5.6255,     11.2509,      1.3330,     29.0722,     58.1444,      0.0194,      0.0022,      0.0156,      0.2089,   7868.3911,-424780.6562,   -912.1315,    554.8331,  26229.1406,
       1,     169,     239,       2,       1,       3,       1,     10.0000,      1.4073,     42.7062,    250.4134,     63.0194,      3.4953,      0.0000,     -0.0323,      2.2405,      0.1518,      5.6255,     11.2509,      1.3411,     29.0722,     58.1444,      0.0194,      0.0017,      0.0156,      0.2090,   7868.7427,-423328.3750,   -911.8666,    554.9338,  26229.1406,
       1,     169,     239,       3,       1,       3,       1,     10.0000,      1.4073,     42.7062,    250.4134,     63.0194,      3.4953,      0.0000,     -0.0325,      2.2155,      0.1561,      5.6255,     11.2509,      1.3794,     29.0722,     58.1444,      0.0194,      0.0017,      0.0156,      0.2090,   7868.7427,-422487.2500,   -911.9169,    554.9922,  26229.1426,
       1,     169,     239,       4,       1,       3,       1,     10.0000,      1.4073,     42.7062,    250.4134,     63.0194,      3.4953,      0.0000,     -0.0325,      1.3280,      0.1578,      5.6255,     11.2509,      1.3947,     29.0722,     58.1444,      0.0194,      0.0010,      0.0156,      0.2090,   7868.7432,-422385.5938,   -912.0773,    554.9993,  26229.1406,
       1,     169,     239,       5,       1,       3,       1,     10.0000,      1.4073,     42.7062,    250.4134,     63.0194,      3.4953,      0.0000,     -0.0325,      0.7270,      0.1567,      5.6255,     11.2509,      1.3850,     29.0722,     58.1444,      0.0194,      0.0006,      0.0156,      0.2090,   7868.7427,-421297.0000,   -910.4623,    555.0748,  26229.1406,
       1,     169,     239,       6,       1,       3,       1,     10.0000,      1.4073,     42.7062,    250.4134,     63.0194,      3.4953,      0.0000,     -0.0323,      0.5670,      0.1510,      5.6255,     11.2509,      1.3344,     29.0722,     58.1444,      0.0194,      0.0004,      0.0156,      0.2090,   7868.7427,-420473.5312,   -910.2383,    555.1320,  26229.1406,
       1,     169,     239,       7,       1,       3,       1,     10.0000,      1.4073,     42.7062,    250.4134,     63.0194,      3.4953,      0.0000,     -0.0321,      0.5714,      0.1464,      5.6255,     11.2509,      1.2933,     29.0722,     58.1444,      0.0194,      0.0004,      0.0156,      0.2090,   7868.7427,-420209.2188,   -910.2217,    555.1503,  26229.1387,
       1,     169,     239,       8,       1,       3,       1,     10.0000,      1.4073,     42.7062,    250.4134,     63.0194,      3.4953,      0.0069,     -0.0253,      0.5880,      0.1480,      5.6255,     11.2509,      1.3078,     29.0722,     58.1444,      0.0194,      0.0005,      0.0156,      0.2090,   7868.7417,-420192.4062,   -910.2532,    555.1514,  26229.1406,
       1,     169,     239,       9,       1,       3,       1,     10.0000,      1.4073,     42.7062,    250.4134,     63.0194,      3.4953,      0.0374,      0.0045,      1.2114,      0.1666,      5.6255,     11.2509,      1.4723,     29.0722,     58.1444,      0.0194,      0.0005,      0.0324,      0.2090,   7868.7427,-420211.0625,   -910.3088,    555.1501,  26229.1387,
       1,     169,     239,      10,       1,       3,       1,     10.0000,      1.4073,     42.7062,    250.4134,     63.0194,      3.4953,      0.1597,      0.1257,      6.9566,      0.2043,      5.6255,     11.2509,      1.8049,     29.0722,     58.1444,      0.0194,      0.0004,      0.2081,      0.2090,   7868.7417,-420971.6250,   -910.6492,    555.0974,  26229.1426,
       1,     169,     239,      11,       1,       3,       1,     10.0000,      1.4073,     42.7062,    250.4134,     63.0194,      3.4953,      0.1888,      0.1538,     11.9615,      0.2376,      5.6255,     11.2509,      2.0995,     29.0722,     58.1444,      0.0194,      0.0006,      0.2500,      0.2090,   7868.7432,-428027.9375,   -912.9999,    554.6078,  26229.1426,
       1,     169,     239,      12,       1,       3,       1,     10.0000,      1.4073,     42.7062,    250.4134,     63.0194,      3.4953,      0.1890,      0.1541,     15.2916,      0.2362,      5.6255,     11.2509,      2.0872,     29.0722,     58.1444,      0.0194,      0.0007,      0.2500,      0.2089,   7868.7432,-434716.5312,   -916.2057,    554.1443,  26229.1406,
       1,     169,     239,      13,       1,       3,       1,     10.0000,      1.4073,     42.7062,    250.4134,     63.0194,      3.4953,      0.1887,      0.1537,     12.1100,      0.2425,      5.6255,     11.2509,      2.1430,     29.0722,     58.1444,      0.0194,      0.0006,      0.2500,      0.2089,   7868.7427,-439335.5000,   -918.7566,    553.8246,  26229.1406,
       1,     169,     239,      14,       1,       3,       1,     10.0000,      1.4073,     42.7062,    250.4134,     63.0194,      3.4953,      0.1897,      0.1544,     24.4254,      0.2497,      5.6255,     11.2509,      2.2066,     29.0722,     58.1444,      0.0194,      0.0012,      0.2500,      0.2089,   7868.7427,-435851.7500,   -919.7170,    554.0657,  26229.1406,
       1,     169,     239,      15,       1,       3,       1,     10.0000,      1.4073,     42.7062,    250.4134,     63.0194,      3.4953,      0.1923,      0.1608,     47.5596,      0.1323,      5.6255,     11.2509,      1.1688,     29.0722,     58.1444,      0.0194,      0.0023,      0.2500,      0.2089,   7868.7427,-450550.4062,   -917.5958,    553.0479,  26229.1406,
       1,     169,     239,      16,       1,       3,       1,     10.0000,      1.4073,     42.7062,    250.4134,     63.0194,      3.4953,      0.1395,      0.1075,     56.5380,      0.1409,      5.6255,     11.2509,      1.2446,     29.0722,     58.1444,      0.0194,      0.0040,      0.1733,      0.2089,   7868.7427,-479961.7812,   -922.6868,    551.0156,  26229.1406,
       1,     169,     239,      17,       1,       3,       1,     10.0000,      1.4073,     42.7062,    250.4134,     63.0194,      3.4953,      0.0700,      0.0379,     27.0644,      0.1478,      5.6255,     11.2509,      1.3065,     29.0722,     58.1444,      0.0194,      0.0043,      0.0770,      0.2089,   7868.7427,-493387.0312,   -924.7283,    550.0946,  26229.0254,
       1,     169,     239,      18,       1,       3,       1,     10.0000,      1.4073,     42.7062,    250.4134,     63.0194,      3.4953,      0.1099,      0.0775,     46.5157,      0.1552,      5.6255,     11.2509,      1.3711,     29.0722,     58.1444,      0.0194,      0.0043,      0.1320,      0.2089,   7868.7080,-458617.2500,   -919.4767,    552.4862,  26229.1406,
       1,     169,     239,      19,       1,       3,       1,     10.0000,      1.4073,     42.7062,    250.4134,     63.0194,      3.4953,      0.0561,      0.0241,     21.3629,      0.1434,      5.6255,     11.2509,      1.2675,     29.0722,     58.1444,      0.0194,      0.0045,      0.0579,      0.2089,   7868.7427,-479378.6562,   -922.0427,    551.0577,  26229.1406,
       1,     169,     239,      20,       1,       3,       1,     10.0000,      1.4073,     42.7062,    250.4134,     63.0194,      3.4953,      0.0084,     -0.0232,      1.7661,      0.1336,      5.6255,     11.2509,      1.1807,     29.0722,     58.1444,      0.0194,      0.0014,      0.0156,      0.2089,   7868.7427,-450486.6562,   -916.6318,    553.0496,  26229.1406,
       1,     169,     239,      21,       1,       3,       1,     10.0000,      1.4073,     42.7062,    250.4134,     63.0194,      3.4953,      0.0000,     -0.0318,      1.9339,      0.1371,      5.6255,     11.2509,      1.2111,     29.0722,     58.1444,      0.0194,      0.0015,      0.0156,      0.2089,   7868.7427,-424200.1562,   -911.1111,    554.8704,  26229.1387,
       1,     169,     239,      22,       1,       3,       1,     10.0000,      1.4073,     42.7062,    250.4134,     63.0194,      3.4953,      0.0000,     -0.0318,      1.5350,      0.1384,      5.6255,     11.2509,      1.2234,     29.0722,     58.1444,      0.0194,      0.0012,      0.0156,      0.2090,   7868.7417,-422191.4688,   -910.9564,    555.0127,  26229.1426,
       1,     169,     239,      23,       1,       3,       1,     10.0000,      1.4073,     42.7062,    250.4134,     63.0194,      3.4953,      0.0000,     -0.0319,      0.8747,      0.1397,      5.6255,     11.2509,      1.2346,     29.0722,     58.1444,      0.0194,      0.0007,      0.0156,      0.2090,   7868.7432,-421532.4062,   -910.9713,    555.0584,  26229.1406,
       1,     169,     239,      24,       1,       3,       1,     10.0000,      1.4073,     42.7062,    250.4134,     63.0194,      3.4953,      0.0000,     -0.0320,      0.4987,      0.1420,      5.6255,     11.2509,      1.2547,     29.0722,     58.1444,      0.0194,      0.0004,      0.0156,      0.2090,   7868.7427,-420673.2188,   -910.8812,    555.1180,  26229.1406,
       1,     169,     240,       1,       1,       3,       1,     10.0000,      1.4073,     42.7066,    250.4192,     63.0209,      3.4953,      0.0000,     -0.0319,      0.5600,      0.1404,      5.6246,     11.2493,      1.2409,     29.0701,     58.1402,      0.0194,      0.0004,      0.0156,      0.2090,   7868.7427,-420298.6562,   -911.0950,    555.1571,  26230.3164,
       1,     169,     240,       2,       1,       3,       1,     10.0000,      1.4073,     42.7066,    250.4192,     63.0209,      3.4953,      0.0000,     -0.0319,      0.4265,      0.1396,      5.6246,     11.2493,      1.2334,     29.0701,     58.1402,      0.0194,      0.0003,      0.0156,      0.2090,   7869.0952,-420189.0625,   -910.8511,    555.1647,  26230.3164,
       1,     169,     240,       3,       1,       3,       1,     10.0000,      1.4073,     42.7066,    250.4192,     63.0209,      3.4953,      0.0000,     -0.0318,      0.4208,      0.1378,      5.6246,     11.2493,      1.2172,     29.0701,     58.1402,      0.0194,      0.0003,      0.0156,      0.2090,   7869.0952,-420017.2500,   -910.1203,    555.1766,  26230.3164,
       1,     169,     240,       4,       1,       3,       1,     10.0000,      1.4073,     42.7066,    250.4192,     63.0209,      3.4953,      0.0000,     -0.0310,      0.4401,      0.1173,      5.6246,     11.2493,      1.0363,     29.0701,     58.1402,      0.0194,      0.0003,      0.0156,      0.2090,   7869.0952,-419995.7500,   -910.1277,    555.1782,  26230.3164,
       1,     169,     240,       5,       1,       3,       1,     10.0000,      1.4073,     42.7066,    250.4192,     63.0209,      3.4953,      0.0000,     -0.0309,      0.4559,      0.1147,      5.6246,     11.2493,      1.0132,     29.0701,     58.1402,      0.0194,      0.0004,      0.0156,      0.2090,   7869.0952,-420017.4062,   -910.1334,    555.1766,  26230.3164,
       1,     169,     240,       6,       1,       3,       1,     10.0000,      1.4073,     42.7066,    250.4192,     63.0209,      3.4953,      0.0000,     -0.0310,      0.5688,      0.1172,      5.6246,     11.2493,      1.0353,     29.0701,     58.1402,      0.0194,      0.0004,      0.0156,      0.2090,   7869.0952,-420038.5938,   -910.1626,    555.1752,  26230.3164,
       1,     169,     240,       7,       1,       3,       1,     10.0000,      1.4073,     42.7066,    250.4192,     63.0209,      3.4953,      0.0000,     -0.0309,      0.5959,      0.1160,      5.6246,     11.2493,      1.0247,     29.0701,     58.1402,      0.0194,      0.0005,      0.0156,      0.2090,   7869.0952,-420177.6562,   -910.2287,    555.1656,  26230.3164,
       1,     169,     240,       8,       1,       3,       1,     10.0000,      1.4073,     42.7066,    250.4192,     63.0209,      3.4953,      0.0030,     -0.0283,      0.4622,      0.1249,      5.6246,     11.2493,      1.1041,     29.0701,     58.1402,      0.0194,      0.0004,      0.0156,      0.2090,   7869.0952,-420222.4688,   -910.2656,    555.1625,  26230.3184,
       1,     169,     240,       9,       1,       3,       1,     10.0000,      1.4073,     42.7066,    250.4192,     63.0209,      3.4953,      0.1504,      0.1188,     11.0613,      0.1327,      5.6246,     11.2493,      1.1724,     29.0701,     58.1402,      0.0194,      0.0007,      0.1941,      0.2090,   7869.0957,-420063.0938,   -910.2678,    555.1735,  26230.3145,
       1,     169,     240,      10,       1,       3,       1,     10.0000,      1.4073,     42.7066,    250.4192,     63.0209,      3.4953,      0.1701,      0.1381,     11.2728,      0.1432,      5.6246,     11.2493,      1.2650,     29.0701,     58.1402,      0.0194,      0.0006,      0.2224,      0.2090,   7869.0947,-432948.7188,   -913.6008,    554.2793,  26230.3164,
       1,     169,     240,      11,       1,       3,       1,     10.0000,      1.4073,     42.7066,    250.4192,     63.0209,      3.4953,      0.1889,      0.1564,      7.6147,      0.1585,      5.6246,     11.2493,      1.4004,     29.0701,     58.1402,      0.0194,      0.0004,      0.2500,      0.2090,   7869.0952,-434295.9688,   -914.5999,    554.1866,  26230.3164,
       1,     169,     240,      12,       1,       3,       1,     10.0000,      1.4073,     42.7066,    250.4192,     63.0209,      3.4953,      0.1888,      0.1556,      8.2325,      0.1801,      5.6246,     11.2493,      1.5915,     29.0701,     58.1402,      0.0194,      0.0004,      0.2500,      0.2090,   7869.0952,-429956.1562,   -915.3499,    554.4873,  26230.3164,
       1,     169,     240,      13,       1,       3,       1,     10.0000,      1.4073,     42.7066,    250.4192,     63.0209,      3.4953,      0.1887,      0.1548,      8.2542,      0.2021,      5.6246,     11.2493,      1.7855,     29.0701,     58.1402,      0.0194,      0.0004,      0.2500,      0.2090,   7869.0952,-430342.1562,   -916.6777,    554.4607,  26230.3164,
       1,     169,     240,      14,       1,       3,       1,     10.0000,      1.4073,     42.7066,    250.4192,     63.0209,      3.4953,      0.1887,      0.1548,      8.5439,      0.2007,      5.6246,     11.2493,      1.7731,     29.0701,     58.1402,      0.0194,      0.0004,      0.2500,      0.2090,   7869.0952,-430401.0000,   -918.4091,    554.4566,  26230.3145,
       1,     169,     240,      15,       1,       3,       1,     10.0000,      1.4073,     42.7066,    250.4192,     63.0209,      3.4953,      0.1893,      0.1554,     16.2633,      0.2023,      5.6246,     11.2493,      1.7872,     29.0701,     58.1402,      0.0194,      0.0008,      0.2500,      0.2090,   7869.0947,-430758.6875,   -919.5995,    554.4318,  26230.3164,
       1,     169,     240,      16,       1,       3,       1,     10.0000,      1.4073,     42.7066,    250.4192,     63.0209,      3.4953,      0.1766,      0.1424,     25.2210,      0.2102,      5.6246,     11.2493,      1.8573,     29.0701,     58.1402,      0.0194,      0.0013,      0.2306,      0.2090,   7869.0952,-440184.2500,   -922.1951,    553.7785,  26230.3164,
       1,     169,     240,      17,       1,       3,       1,     10.0000,      1.4073,     42.7066,    250.4192,     63.0209,      3.4953,      0.1641,      0.1301,     44.1271,      0.2045,      5.6246,     11.2493,      1.8067,     29.0701,     58.1402,      0.0194,      0.0026,      0.2103,      0.2090,   7869.0952,-451885.0000,   -924.9982,    552.9690,  26230.3164,
       1,     169,     240,      18,       1,       3,       1,     10.0000,      1.4073,     42.7066,    250.4192,     63.0209,      3.4953,      0.1626,      0.1293,     61.4094,      0.1787,      5.6246,     11.2493,      1.5789,     29.0701,     58.1402,      0.0194,      0.0036,      0.2060,      0.2090,   7869.0952,-475891.1875,   -930.2025,    551.3102,  26230.3164,
       1,     169,     240,      19,       1,       3,       1,     10.0000,      1.4073,     42.7066,    250.4192,     63.0209,      3.4953,      0.1240,      0.0923,     37.0357,      0.1350,      5.6246,     11.2493,      1.1928,     29.0701,     58.1402,      0.0194,      0.0029,      0.1535,      0.2089,   7869.0952,-498969.4375,   -933.9230,    549.7223,  26230.3164,
       1,     169,     240,      20,       1,       3,       1,     10.0000,      1.4073,     42.7066,    250.4192,     63.0209,      3.4953,      0.0141,     -0.0171,      0.2273,      0.1230,      5.6246,     11.2493,      1.0873,     29.0701,     58.1402,      0.0194,      0.0026,      0.0011,      0.2089,   7869.0952,-471219.4062,   -920.3185,    551.6314,  26230.2344,
       1,     169,     240,      21,       1,       3,       1,     10.0000,      1.4073,     42.7066,    250.4192,     63.0209,      3.4953,      0.0000,     -0.0313,      3.8945,      0.1241,      5.6246,     11.2493,      1.0962,     29.0701,     58.1402,      0.0194,      0.0030,      0.0156,      0.2089,   7869.0708,-424073.5312,   -911.3119,    554.8856,  26230.3184,
       1,     169,     240,      22,       1,       3,       1,     10.0000,      1.4073,     42.7066,    250.4192,     63.0209,      3.4953,      0.0000,     -0.0313,      3.5782,      0.1262,      5.6246,     11.2493,      1.1154,     29.0701,     58.1402,      0.0194,      0.0028,      0.0156,      0.2090,   7869.0957,-424577.0938,   -911.4661,    554.8604,  26230.3164,
       1,     169,     240,      23,       1,       3,       1,     10.0000,      1.4073,     42.7066,    250.4192,     63.0209,      3.4953,      0.0000,     -0.0314,      2.4692,      0.1279,      5.6246,     11.2493,      1.1303,     29.0701,     58.1402,      0.0194,      0.0019,      0.0156,      0.2090,   7869.0952,-424223.2812,   -911.1576,    554.8849,  26230.3164,
       1,     169,     240,      24,       1,       3,       1,     10.0000,      1.4073,     42.7066,    250.4192,     63.0209,      3.4953,      0.0000,     -0.0314,      0.7191,      0.1276,      5.6246,     11.2493,      1.1280,     29.0701,     58.1402,      0.0194,      0.0006,      0.0156,      0.2090,   7869.0952,-422843.7500,   -911.1520,    554.9805,  26230.3164,
       1,     169,     241,       1,       1,       3,       1,     10.0000,      1.4073,     42.7069,    250.4252,     63.0223,      3.4953,      0.0000,     -0.0314,      0.3029,      0.1271,      5.6236,     11.2472,      1.1234,     29.0774,     58.1549,      0.0194,      0.0002,      0.0156,      0.2090,   7869.0952,-420752.4688,   -911.0828,    555.1387,  26231.4883,
       1,     169,     241,       2,       1,       3,       1,     10.0000,      1.4073,     42.7069,    250.4252,     63.0223,      3.4953,      0.0000,     -0.0314,      0.3060,      0.1283,      5.6236,     11.2472,      1.1338,     29.0774,     58.1549,      0.0194,      0.0002,      0.0156,      0.2090,   7869.4468,-419917.2812,   -910.6790,    555.1967,  26231.4902,
       1,     169,     241,       3,       1,       3,       1,     10.0000,      1.4073,     42.7069,    250.4252,     63.0223,      3.4953,      0.0000,     -0.0314,      0.3008,      0.1264,      5.6236,     11.2472,      1.1166,     29.0774,     58.1549,      0.0194,      0.0002,      0.0156,      0.2090,   7869.4473,-419850.2188,   -910.0754,    555.2013,  26231.4863,
       1,     169,     241,       4,       1,       3,       1,     10.0000,      1.4073,     42.7069,    250.4252,     63.0223,      3.4953,      0.0000,     -0.0313,      0.2987,      0.1256,      5.6236,     11.2472,      1.1098,     29.0774,     58.1549,      0.0194,      0.0002,      0.0156,      0.2090,   7869.4463,-419838.6875,   -910.0760,    555.2021,  26231.4863,
       1,     169,     241,       5,       1,       3,       1,     10.0000,      1.4073,     42.7069,    250.4252,     63.0223,      3.4953,      0.0000,     -0.0313,      0.2962,      0.1247,      5.6236,     11.2472,      1.1019,     29.0774,     58.1549,      0.0194,      0.0002,      0.0156,      0.2090,   7869.4463,-419835.1875,   -910.0771,    555.2023,  26231.4863,
       1,     169,     241,       6,       1,       3,       1,     10.0000,      1.4073,     42.7069,    250.4252,     63.0223,      3.4953,      0.0000,     -0.0313,      0.2949,      0.1242,      5.6236,     11.2472,      1.0974,     29.0774,     58.1549,      0.0194,      0.0002,      0.0156,      0.2090,   7869.4463,-419832.0000,   -910.0781,    555.2026,  26231.4883,
       1,     169,     241,       7,       1,       3,       1,     10.0000,      1.4073,     42.7069,    250.4252,     63.0223,      3.4953,      0.0000,     -0.0313,      0.2959,      0.1246,      5.6236,     11.2472,      1.1007,     29.0774,     58.1549,      0.0194,      0.0002,      0.0156,      0.2090,   7869.4468,-419829.8125,   -910.0787,    555.2027,  26231.4883,
       1,     169,     241,       8,       1,       3,       1,     10.0000,      1.4073,     42.7069,    250.4252,     63.0223,      3.4953,      0.0157,     -0.0156,      0.0612,      0.1238,      5.6236,     11.2472,      1.0940,     29.0774,     58.1549,      0.0194,      0.0002,      0.0032,      0.2090,   7869.4468,-419830.9062,   -910.0806,    555.2026,  26231.4883,
       1,     169,     241,       9,       1,       3,       1,     10.0000,      1.4073,     42.7069,    250.4252,     63.0223,      3.4953,      0.1236,      0.0921,      3.1159,      0.1297,      5.6236,     11.2472,      1.1465,     29.0774,     58.1549,      0.0194,      0.0002,      0.1568,      0.2090,   7869.4468,-419545.4062,   -910.0756,    555.2224,  26231.4883,
       1,     169,     241,      10,       1,       3,       1,     10.0000,      1.4073,     42.7069,    250.4252,     63.0223,      3.4953,      0.1666,      0.1343,      5.1077,      0.1498,      5.6236,     11.2472,      1.3237,     29.0774,     58.1549,      0.0194,      0.0003,      0.2181,      0.2090,   7869.4468,-423238.3125,   -911.1238,    554.9661,  26231.4883,
       1,     169,     241,      11,       1,       3,       1,     10.0000,      1.4073,     42.7069,    250.4252,     63.0223,      3.4953,      0.1888,      0.1555,      7.2828,      0.1812,      5.6236,     11.2472,      1.6011,     29.0774,     58.1549,      0.0194,      0.0004,      0.2500,      0.2090,   7869.4468,-425974.0312,   -912.3789,    554.7764,  26231.4863,
       1,     169,     241,      12,       1,       3,       1,     10.0000,      1.4073,     42.7069,    250.4252,     63.0223,      3.4953,      0.1887,      0.1553,      7.4935,      0.1857,      5.6236,     11.2472,      1.6413,     29.0774,     58.1549,      0.0194,      0.0004,      0.2500,      0.2090,   7869.4463,-428852.0625,   -914.1732,    554.5769,  26231.4902,
       1,     169,     241,      13,       1,       3,       1,     10.0000,      1.4073,     42.7069,    250.4252,     63.0223,      3.4953,      0.1887,      0.1548,      8.1520,      0.1999,      5.6236,     11.2472,      1.7662,     29.0774,     58.1549,      0.0194,      0.0004,      0.2500,      0.2090,   7869.4473,-429350.9375,   -915.9367,    554.5424,  26231.4902,
       1,     169,     241,      14,       1,       3,       1,     10.0000,      1.4073,     42.7069,    250.4252,     63.0223,      3.4953,      0.1846,      0.1503,      8.5572,      0.2129,      5.6236,     11.2472,      1.8813,     29.0774,     58.1549,      0.0194,      0.0004,      0.2441,      0.2090,   7869.4473,-430194.2188,   -917.3525,    554.4838,  26231.4902,
       1,     169,     241,      15,       1,       3,       1,     10.0000,      1.4073,     42.7069,    250.4252,     63.0223,      3.4953,      0.1683,      0.1341,     20.0882,      0.2121,      5.6236,     11.2472,      1.8739,     29.0774,     58.1549,      0.0194,      0.0011,      0.2191,      0.2090,   7869.4473,-430758.7500,   -918.5071,    554.4448,  26231.4883,
       1,     169,     241,      16,       1,       3,       1,     10.0000,      1.4073,     42.7069,    250.4252,     63.0223,      3.4953,      0.1929,      0.1585,     62.8614,      0.2184,      5.6236,     11.2472,      1.9300,     29.0774,     58.1549,      0.0194,      0.0031,      0.2500,      0.2090,   7869.4468,-444839.9062,   -921.7967,    553.4689,  26231.4883,
       1,     169,     241,      17,       1,       3,       1,     10.0000,      1.4073,     42.7069,    250.4252,     63.0223,      3.4953,      0.1932,      0.1592,     65.0342,      0.2033,      5.6236,     11.2472,      1.7961,     29.0774,     58.1549,      0.0194,      0.0032,      0.2500,      0.2090,   7869.4468,-498095.5312,   -933.1415,    549.7854,  26231.4863,
       1,     169,     241,      18,       1,       3,       1,     10.0000,      1.4073,     42.7069,    250.4252,     63.0223,      3.4953,      0.1611,      0.1281,     55.2856,      0.1726,      5.6236,     11.2472,      1.5248,     29.0774,     58.1549,      0.0194,      0.0033,      0.2046,      0.2089,   7869.4463,-505263.8750,   -935.7285,    549.3049,  26231.4883,
       1,     169,     241,      19,       1,       3,       1,     10.0000,      1.4073,     42.7069,    250.4252,     63.0223,      3.4953,      0.1347,      0.1018,     55.3954,      0.1690,      5.6236,     11.2472,      1.4931,     29.0774,     58.1549,      0.0194,      0.0041,      0.1664,      0.2089,   7869.4468,-493975.2812,   -933.0847,    550.0803,  26231.4883,
       1,     169,     241,      20,       1,       3,       1,     10.0000,      1.4073,     42.7069,    250.4252,     63.0223,      3.4953,      0.0146,     -0.0181,      5.4562,      0.1623,      5.6236,     11.2472,      1.4345,     29.0774,     58.1549,      0.0194,      0.0043,      0.0156,      0.2089,   7869.4468,-493160.9062,   -933.7910,    550.1368,  26231.4902,
       1,     169,     241,      21,       1,       3,       1,     10.0000,      1.4073,     42.7069,    250.4252,     63.0223,      3.4953,      0.0000,     -0.0325,      5.3285,      0.1560,      5.6236,     11.2472,      1.3781,     29.0774,     58.1549,      0.0194,      0.0042,      0.0156,      0.2089,   7869.4473,-432259.1875,   -922.7236,    554.3248,  26231.4883,
       1,     169,     241,      22,       1,       3,       1,     10.0000,      1.4073,     42.7069,    250.4252,     63.0223,      3.4953,      0.0000,     -0.0323,      4.2070,      0.1527,      5.6236,     11.2472,      1.3493,     29.0774,     58.1549,      0.0194,      0.0033,      0.0156,      0.2090,   7869.4468,-427023.2812,   -922.0356,    554.7036,  26231.4883,
       1,     169,     241,      23,       1,       3,       1,     10.0000,      1.4073,     42.7069,    250.4252,     63.0223,      3.4953,      0.0000,     -0.0323,      2.0825,      0.1524,      5.6236,     11.2472,      1.3466,     29.0774,     58.1549,      0.0194,      0.0016,      0.0156,      0.2090,   7869.4468,-425197.5000,   -920.4907,    554.8303,  26231.4883,
       1,     169,     241,      24,       1,       3,       1,     10.0000,      1.4073,     42.7069,    250.4252,     63.0223,      3.4953,      0.0000,     -0.0322,      0.9415,      0.1483,      5.6236,     11.2472,      1.3105,     29.0774,     58.1549,      0.0194,      0.0007,      0.0156,      0.2090,   7869.4468,-422458.0000,   -920.1044,    555.0203,  26231.4883,
       1,     169,     242,       1,       1,       3,       1,     10.0000,      1.4073,     42.7072,    250.4310,     63.0238,      3.4953,      0.0000,     -0.0320,      0.3854,      0.1439,      5.6245,     11.2490,      1.2714,     29.0850,     58.1701,      0.0194,      0.0003,      0.0156,      0.2090,   7869.4468,-420993.6875,   -920.1422,    555.1349,  26232.6641,
       1,     169,     242,       2,       1,       3,       1,     10.0000,      1.4073,     42.7072,    250.4310,     63.0238,      3.4953,      0.0000,     -0.0318,      0.3339,      0.1385,      5.6245,     11.2490,      1.2235,     29.0850,     58.1701,      0.0194,      0.0003,      0.0156,      0.2090,   7869.7993,-420040.7500,   -919.7031,    555.2010,  26232.6621,
       1,     169,     242,       3,       1,       3,       1,     10.0000,      1.4073,     42.7072,    250.4310,     63.0238,      3.4953,      0.0000,     -0.0317,      0.3244,      0.1350,      5.6245,     11.2490,      1.1929,     29.0850,     58.1701,      0.0194,      0.0003,      0.0156,      0.2090,   7869.7988,-419898.0938,   -919.6788,    555.2109,  26232.6641,
       1,     169,     242,       4,       1,       3,       1,     10.0000,      1.4073,     42.7072,    250.4310,     63.0238,      3.4953,      0.0000,     -0.0316,      0.3173,      0.1324,      5.6245,     11.2490,      1.1701,     29.0850,     58.1701,      0.0194,      0.0002,      0.0156,      0.2090,   7869.7993,-419874.0938,   -919.6750,    555.2127,  26232.6621,
       1,     169,     242,       5,       1,       3,       1,     10.0000,      1.4073,     42.7072,    250.4310,     63.0238,      3.4953,      0.0000,     -0.0316,      0.3140,      0.1312,      5.6245,     11.2490,      1.1594,     29.0850,     58.1701,      0.0194,      0.0002,      0.0156,      0.2090,   7869.7988,-419863.6250,   -919.6754,    555.2133,  26232.6621,
       1,     169,     242,       6,       1,       3,       1,     10.0000,      1.4073,     42.7072,    250.4310,     63.0238,      3.4953,      0.0000,     -0.0315,      0.3129,      0.1308,      5.6245,     11.2490,      1.1559,     29.0850,     58.1701,      0.0194,      0.0002,      0.0156,      0.2090,   7869.7988,-419858.9062,   -919.6760,    555.2137,  26232.6641,
       1,     169,     242,       7,       1,       3,       1,     10.0000,      1.4073,     42.7072,    250.4310,     63.0238,      3.4953,      0.0000,     -0.0315,      0.3573,      0.1300,      5.6245,     11.2490,      1.1489,     29.0850,     58.1701,      0.0194,      0.0003,      0.0156,      0.2090,   7869.7993,-419856.7500,   -919.6764,    555.2139,  26232.6621,
       1,     169,     242,       8,       1,       3,       1,     10.0000,      1.4073,     42.7072,    250.4310,     63.0238,      3.4953,      0.0114,     -0.0202,      0.3421,      0.1324,      5.6245,     11.2490,      1.1701,     29.0850,     58.1701,      0.0194,      0.0003,      0.0156,      0.2090,   7869.7988,-419910.9375,   -919.6913,    555.2101,  26232.6621,
       1,     169,     242,       9,       1,       3,       1,     10.0000,      1.4073,     42.7072,    250.4310,     63.0238,      3.4953,      0.0584,      0.0263,      1.4230,      0.1445,      5.6245,     11.2490,      1.2766,     29.0850,     58.1701,      0.0194,      0.0003,      0.0633,      0.2090,   7869.7988,-419897.0000,   -919.7060,    555.2110,  26232.6641,
       1,     169,     242,      10,       1,       3,       1,     10.0000,      1.4073,     42.7072,    250.4310,     63.0238,      3.4953,      0.1366,      0.1041,      4.4660,      0.1566,      5.6245,     11.2490,      1.3837,     29.0850,     58.1701,      0.0194,      0.0003,      0.1750,      0.2090,   7869.7993,-421210.6875,   -920.0876,    555.1199,  26232.6621,
       1,     169,     242,      11,       1,       3,       1,     10.0000,      1.4073,     42.7072,    250.4310,     63.0238,      3.4953,      0.1824,      0.1492,      7.0767,      0.1774,      5.6245,     11.2490,      1.5680,     29.0850,     58.1701,      0.0194,      0.0004,      0.2408,      0.2090,   7869.7988,-425024.3125,   -921.0675,    554.8553,  26232.6621,
       1,     169,     242,      12,       1,       3,       1,     10.0000,      1.4073,     42.7072,    250.4310,     63.0238,      3.4953,      0.1887,      0.1545,      8.6571,      0.2106,      5.6245,     11.2490,      1.8610,     29.0850,     58.1701,      0.0194,      0.0004,      0.2500,      0.2090,   7869.7988,-428522.9062,   -922.3266,    554.6126,  26232.6621,
       1,     169,     242,      13,       1,       3,       1,     10.0000,      1.4073,     42.7072,    250.4310,     63.0238,      3.4953,      0.1886,      0.1537,     10.1477,      0.2371,      5.6245,     11.2490,      2.0956,     29.0850,     58.1701,      0.0194,      0.0005,      0.2500,      0.2090,   7869.7988,-430741.5000,   -923.7226,    554.4589,  26232.6621,
       1,     169,     242,      14,       1,       3,       1,     10.0000,      1.4073,     42.7072,    250.4310,     63.0238,      3.4953,      0.1886,      0.1536,     10.4325,      0.2418,      5.6245,     11.2490,      2.1369,     29.0850,     58.1701,      0.0194,      0.0005,      0.2500,      0.2090,   7869.7988,-432742.4375,   -924.8380,    554.3203,  26232.6602,
       1,     169,     242,      15,       1,       3,       1,     10.0000,      1.4073,     42.7072,    250.4310,     63.0238,      3.4953,      0.1890,      0.1544,     13.7309,      0.2249,      5.6245,     11.2490,      1.9877,     29.0850,     58.1701,      0.0194,      0.0007,      0.2500,      0.2090,   7869.7983,-433258.0312,   -925.5781,    554.2845,  26232.6641,
       1,     169,     242,      16,       1,       3,       1,     10.0000,      1.4073,     42.7072,    250.4310,     63.0238,      3.4953,      0.1665,      0.1328,     31.1539,      0.1914,      5.6245,     11.2490,      1.6910,     29.0850,     58.1701,      0.0194,      0.0018,      0.2151,      0.2090,   7869.7993,-437314.7812,   -926.7654,    554.0035,  26232.6621,
       1,     169,     242,      17,       1,       3,       1,     10.0000,      1.4073,     42.7072,    250.4310,     63.0238,      3.4953,      0.0774,      0.0447,     22.8597,      0.1619,      5.6245,     11.2490,      1.4303,     29.0850,     58.1701,      0.0194,      0.0032,      0.0877,      0.2090,   7869.7988,-458860.8125,   -929.8307,    552.5115,  26232.6602,
       1,     169,     242,      18,       1,       3,       1,     10.0000,      1.4073,     42.7072,    250.4310,     63.0238,      3.4953,      0.0469,      0.0145,     16.8487,      0.1552,      5.6245,     11.2490,      1.3712,     29.0850,     58.1701,      0.0194,      0.0046,      0.0448,      0.2090,   7869.7983,-450586.2500,   -924.3586,    553.0850,  26232.6602,
       1,     169,     242,      19,       1,       3,       1,     10.0000,      1.4073,     42.7072,    250.4310,     63.0238,      3.4953,      0.0645,      0.0323,     27.2878,      0.1488,      5.6245,     11.2490,      1.3145,     29.0850,     58.1701,      0.0194,      0.0048,      0.0690,      0.2090,   7869.7983,-442570.8438,   -914.9745,    553.6393,  26232.6621,
       1,     169,     242,      20,       1,       3,       1,     10.0000,      1.4073,     42.7072,    250.4310,     63.0238,      3.4953,      0.0086,     -0.0235,      5.7502,      0.1465,      5.6245,     11.2490,      1.2947,     29.0850,     58.1701,      0.0194,      0.0045,      0.0156,      0.2090,   7869.7988,-454600.5938,   -917.3027,    552.8071,  26232.6621,
       1,     169,     242,      21,       1,       3,       1,     10.0000,      1.4073,     42.7072,    250.4310,     63.0238,      3.4953,      0.0000,     -0.0321,      3.8627,      0.1446,      5.6245,     11.2490,      1.2779,     29.0850,     58.1701,      0.0194,      0.0030,      0.0156,      0.2090,   7869.7988,-429398.9375,   -913.4063,    554.5492,  26232.6621,
       1,     169,     242,      22,       1,       3,       1,     10.0000,      1.4073,     42.7072,    250.4310,     63.0238,      3.4953,      0.0000,     -0.0320,      1.2461,      0.1437,      5.6245,     11.2490,      1.2701,     29.0850,     58.1701,      0.0194,      0.0010,      0.0156,      0.2090,   7869.7988,-424984.7500,   -912.9685,    554.8580,  26232.6621,
       1,     169,     242,      23,       1,       3,       1,     10.0000,      1.4073,     42.7072,    250.4310,     63.0238,      3.4953,      0.0000,     -0.0319,      0.5148,      0.1414,      5.6245,     11.2490,      1.2498,     29.0850,     58.1701,      0.0194,      0.0004,      0.0156,      0.2090,   7869.7988,-421425.2188,   -912.4203,    555.1050,  26232.6602,
       1,     169,     242,      24,       1,       3,       1,     10.0000,      1.4073,     42.7072,    250.4310,     63.0238,      3.4953,      0.0000,     -0.0319,      0.3413,      0.1411,      5.6245,     11.2490,      1.2472,     29.0850,     58.1701,      0.0194,      0.0003,      0.0156,      0.2090,   7869.7983,-420235.1562,   -912.2234,    555.1876,  26232.6621,
       1,     169,     243,       1,       1,       3,       1,     10.0000,      1.4074,     42.7076,    250.4370,     63.0253,      3.4953,      0.0000,     -0.0318,      0.3343,      0.1386,      5.6249,     11.2499,      1.2248,     29.0823,     58.1645,      0.0194,      0.0003,      0.0156,      0.2091,   7869.7988,-420078.9062,   -912.4581,    555.2115,  26233.8359,
       1,     169,     243,       2,       1,       3,       1,     10.0000,      1.4074,     42.7076,    250.4370,     63.0253,      3.4953,      0.0000,     -0.0318,      0.3335,      0.1383,      5.6249,     11.2499,      1.2223,     29.0823,     58.1645,      0.0194,      0.0003,      0.0156,      0.2091,   7870.1509,-419904.5312,   -912.1711,    555.2236,  26233.8379,
       1,     169,     243,       3,       1,       3,       1,     10.0000,      1.4074,     42.7076,    250.4370,     63.0253,      3.4953,      0.0000,     -0.0317,      0.3240,      0.1349,      5.6249,     11.2499,      1.1917,     29.0823,     58.1645,      0.0194,      0.0003,      0.0156,      0.2091,   7870.1519,-419888.7188,   -912.1696,    555.2247,  26233.8340,
       1,     169,     243,       4,       1,       3,       1,     10.0000,      1.4074,     42.7076,    250.4370,     63.0253,      3.4953,      0.0000,     -0.0317,      0.3270,      0.1360,      5.6249,     11.2499,      1.2014,     29.0823,     58.1645,      0.0194,      0.0003,      0.0156,      0.2091,   7870.1504,-419876.3125,   -912.1700,    555.2256,  26233.8340,
       1,     169,     243,       5,       1,       3,       1,     10.0000,      1.4074,     42.7076,    250.4370,     63.0253,      3.4953,      0.0000,     -0.0318,      0.3301,      0.1371,      5.6249,     11.2499,      1.2112,     29.0823,     58.1645,      0.0194,      0.0003,      0.0156,      0.2091,   7870.1504,-419878.9062,   -912.1721,    555.2253,  26233.8359,
       1,     169,     243,       6,       1,       3,       1,     10.0000,      1.4074,     42.7076,    250.4370,     63.0253,      3.4953,      0.0000,     -0.0318,      0.3324,      0.1379,      5.6249,     11.2499,      1.2186,     29.0823,     58.1645,      0.0194,      0.0003,      0.0156,      0.2091,   7870.1509,-419882.5625,   -912.1735,    555.2251,  26233.8359,
       1,     169,     243,       7,       1,       3,       1,     10.0000,      1.4074,     42.7076,    250.4370,     63.0253,      3.4953,      0.0000,     -0.0318,      0.3308,      0.1373,      5.6249,     11.2499,      1.2136,     29.0823,     58.1645,      0.0194,      0.0003,      0.0156,      0.2091,   7870.1509,-419885.6562,   -912.1757,    555.2249,  26233.8340,
       1,     169,     243,       8,       1,       3,       1,     10.0000,      1.4074,     42.7076,    250.4370,     63.0253,      3.4953,      0.0135,     -0.0182,      0.3270,      0.1360,      5.6249,     11.2499,      1.2014,     29.0823,     58.1645,      0.0194,      0.0003,      0.0156,      0.2091,   7870.1504,-419884.3438,   -912.1779,    555.2250,  26233.8340,
       1,     169,     243,       9,       1,       3,       1,     10.0000,      1.4074,     42.7076,    250.4370,     63.0253,      3.4953,      0.1019,      0.0699,      2.7803,      0.1426,      5.6249,     11.2499,      1.2599,     29.0823,     58.1645,      0.0194,      0.0003,      0.1256,      0.2091,   7870.1504,-419879.6875,   -912.2097,    555.2253,  26233.8359,
       1,     169,     243,      10,       1,       3,       1,     10.0000,      1.4074,     42.7076,    250.4370,     63.0253,      3.4953,      0.1631,      0.1301,      5.8414,      0.1719,      5.6249,     11.2499,      1.5188,     29.0823,     58.1645,      0.0194,      0.0003,      0.2130,      0.2091,   7870.1509,-422863.4062,   -912.9968,    555.0182,  26233.8359,
       1,     169,     243,      11,       1,       3,       1,     10.0000,      1.4074,     42.7076,    250.4370,     63.0253,      3.4953,      0.1671,      0.1332,      7.1560,      0.2005,      5.6249,     11.2499,      1.7715,     29.0823,     58.1645,      0.0194,      0.0004,      0.2187,      0.2091,   7870.1509,-426839.3750,   -914.6373,    554.7424,  26233.8359,
       1,     169,     243,      12,       1,       3,       1,     10.0000,      1.4074,     42.7076,    250.4370,     63.0253,      3.4953,      0.1887,      0.1544,      8.8256,      0.2142,      5.6249,     11.2499,      1.8925,     29.0823,     58.1645,      0.0194,      0.0004,      0.2500,      0.2091,   7870.1509,-428774.5938,   -915.8932,    554.6083,  26233.8340,
       1,     169,     243,      13,       1,       3,       1,     10.0000,      1.4074,     42.7076,    250.4370,     63.0253,      3.4953,      0.1882,      0.1535,      9.5730,      0.2303,      5.6249,     11.2499,      2.0350,     29.0823,     58.1645,      0.0194,      0.0005,      0.2494,      0.2091,   7870.1504,-430969.4688,   -917.8816,    554.4562,  26233.8340,
       1,     169,     243,      14,       1,       3,       1,     10.0000,      1.4074,     42.7076,    250.4370,     63.0253,      3.4953,      0.1886,      0.1534,     10.3920,      0.2468,      5.6249,     11.2499,      2.1811,     29.0823,     58.1645,      0.0194,      0.0005,      0.2500,      0.2091,   7870.1504,-432064.2188,   -919.2953,    554.3804,  26233.8379,
       1,     169,     243,      15,       1,       3,       1,     10.0000,      1.4074,     42.7076,    250.4370,     63.0253,      3.4953,      0.1913,      0.1563,     43.9693,      0.2378,      5.6249,     11.2499,      2.1017,     29.0823,     58.1645,      0.0194,      0.0021,      0.2500,      0.2090,   7870.1519,-433152.3750,   -920.7700,    554.3049,  26233.8379,
       1,     169,     243,      16,       1,       3,       1,     10.0000,      1.4074,     42.7076,    250.4370,     63.0253,      3.4953,      0.1937,      0.1591,     74.2969,      0.2272,      5.6249,     11.2499,      2.0073,     29.0823,     58.1645,      0.0194,      0.0036,      0.2500,      0.2090,   7870.1519,-474099.5312,   -929.7379,    551.4678,  26233.8359,
       1,     169,     243,      17,       1,       3,       1,     10.0000,      1.4074,     42.7076,    250.4370,     63.0253,      3.4953,      0.1918,      0.1570,     89.4625,      0.2317,      5.6249,     11.2499,      2.0470,     29.0823,     58.1645,      0.0194,      0.0044,      0.2455,      0.2090,   7870.1509,-514495.5000,   -938.5093,    548.6904,  26233.8359,
       1,     169,     243,      18,       1,       3,       1,     10.0000,      1.4074,     42.7076,    250.4370,     63.0253,      3.4953,      0.0968,      0.0627,     49.3982,      0.2055,      5.6249,     11.2499,      1.8158,     29.0823,     58.1645,      0.0194,      0.0054,      0.1119,      0.2090,   7870.1509,-536382.0625,   -943.7860,    547.1962,  26233.8379,
       1,     169,     243,      19,       1,       3,       1,     10.0000,      1.4074,     42.7076,    250.4370,     63.0253,      3.4953,      0.0283,     -0.0053,     11.2995,      0.1897,      5.6249,     11.2499,      1.6760,     29.0823,     58.1645,      0.0194,      0.0079,      0.0174,      0.2089,   7870.1519,-489394.3438,   -935.5306,    550.4122,  26233.8359,
       1,     169,     243,      20,       1,       3,       1,     10.0000,      1.4074,     42.7076,    250.4370,     63.0253,      3.4953,      0.0313,     -0.0018,     10.6859,      0.1776,      5.6249,     11.2499,      1.5696,     29.0823,     58.1645,      0.0194,      0.0058,      0.0222,      0.2090,   7870.1509,-439076.8125,   -926.4099,    553.8837,  26233.8359,
       1,     169,     243,      21,       1,       3,       1,     10.0000,      1.4074,     42.7076,    250.4370,     63.0253,      3.4953,      0.0000,     -0.0328,      6.5321,      0.1671,      5.6249,     11.2499,      1.4769,     29.0823,     58.1645,      0.0194,      0.0051,      0.0156,      0.2090,   7870.1509,-434114.8750,   -925.7288,    554.2382,  26233.8340,
       1,     169,     243,      22,       1,       3,       1,     10.0000,      1.4074,     42.7076,    250.4370,     63.0253,      3.4953,      0.0000,     -0.0327,      6.7153,      0.1635,      5.6249,     11.2499,      1.4447,     29.0823,     58.1645,      0.0194,      0.0052,      0.0156,      0.2090,   7870.1504,-428629.4375,   -924.8610,    554.6183,  26233.8359,
       1,     169,     243,      23,       1,       3,       1,     10.0000,      1.4074,     42.7076,    250.4370,     63.0253,      3.4953,      0.0000,     -0.0327,      4.9293,      0.1643,      5.6249,     11.2499,      1.4520,     29.0823,     58.1645,      0.0194,      0.0038,      0.0156,      0.2091,   7870.1509,-428389.5625,   -924.9741,    554.6350,  26233.8340,
       1,     169,     243,      24,       1,       3,       1,     10.0000,      1.4074,     42.7076,    250.4370,     63.0253,      3.4953,      0.0000,     -0.0325,      3.8478,      0.1569,      5.6249,     11.2499,      1.3865,     29.0823,     58.1645,      0.0194,      0.0030,      0.0156,      0.2091,   7870.1504,-426196.4688,   -924.6675,    554.7870,  26233.8359,
       1,     169,     244,       1,       1,       3,       1,     10.0000,      1.4074,     42.7079,    250.4429,     63.0268,      3.4953,      0.0000,     -0.0325,      3.4700,      0.1560,      5.6249,     11.2499,      1.3782,     29.0850,     58.1701,      0.0194,      0.0027,      0.0156,      0.2091,   7870.1509,-424850.0938,   -924.7598,    554.8937,  26235.0059,
       1,     169,     244,       2,       1,       3,       1,     10.0000,      1.4074,     42.7079,    250.4429,     63.0268,      3.4953,      0.0000,     -0.0323,      2.5838,      0.1515,      5.6249,     11.2499,      1.3386,     29.0850,     58.1701,      0.0194,      0.0020,      0.0156,      0.2091,   7870.5020,-424124.5938,   -924.4174,    554.9439,  26235.0098,
       1,     169,     244,       3,       1,       3,       1,     10.0000,      1.4074,     42.7079,    250.4429,     63.0268,      3.4953,      0.0000,     -0.0322,      1.9916,      0.1498,      5.6249,     11.2499,      1.3238,     29.0850,     58.1701,      0.0194,      0.0016,      0.0156,      0.2091,   7870.5034,-422985.1562,   -924.2350,    555.0229,  26235.0078,
       1,     169,     244,       4,       1,       3,       1,     10.0000,      1.4074,     42.7079,    250.4429,     63.0268,      3.4953,      0.0000,     -0.0321,      2.2291,      0.1470,      5.6249,     11.2499,      1.2987,     29.0850,     58.1701,      0.0194,      0.0017,      0.0156,      0.2091,   7870.5024,-422168.8125,   -924.1000,    555.0796,  26235.0098,
       1,     169,     244,       5,       1,       3,       1,     10.0000,      1.4074,     42.7079,    250.4429,     63.0268,      3.4953,      0.0000,     -0.0322,      1.7319,      0.1474,      5.6249,     11.2499,      1.3027,     29.0850,     58.1701,      0.0194,      0.0014,      0.0156,      0.2091,   7870.5034,-422388.5938,   -924.1787,    555.0644,  26235.0059,
       1,     169,     244,       6,       1,       3,       1,     10.0000,      1.4074,     42.7079,    250.4429,     63.0268,      3.4953,      0.0000,     -0.0320,      1.6069,      0.1433,      5.6249,     11.2499,      1.2664,     29.0850,     58.1701,      0.0194,      0.0013,      0.0156,      0.2091,   7870.5020,-421802.6250,   -924.0972,    555.1050,  26235.0078,
       1,     169,     244,       7,       1,       3,       1,     10.0000,      1.4074,     42.7079,    250.4429,     63.0268,      3.4953,      0.0000,     -0.0319,      1.0914,      0.1396,      5.6249,     11.2499,      1.2335,     29.0850,     58.1701,      0.0194,      0.0009,      0.0156,      0.2091,   7870.5024,-421601.0938,   -924.0834,    555.1190,  26235.0078,
       1,     169,     244,       8,       1,       3,       1,     10.0000,      1.4074,     42.7079,    250.4429,     63.0268,      3.4953,      0.0059,     -0.0258,      0.6868,      0.1371,      5.6249,     11.2499,      1.2112,     29.0850,     58.1701,      0.0194,      0.0005,      0.0156,      0.2091,   7870.5024,-420957.0312,   -923.9756,    555.1637,  26235.0098,
       1,     169,     244,       9,       1,       3,       1,     10.0000,      1.4074,     42.7079,    250.4429,     63.0268,      3.4953,      0.0872,      0.0552,      2.3609,      0.1451,      5.6249,     11.2499,      1.2818,     29.0850,     58.1701,      0.0194,      0.0003,      0.1046,      0.2091,   7870.5034,-420410.2500,   -923.8804,    555.2016,  26235.0078,
       1,     169,     244,      10,       1,       3,       1,     10.0000,      1.4074,     42.7079,    250.4429,     63.0268,      3.4953,      0.1486,      0.1151,      5.8196,      0.1874,      5.6249,     11.2499,      1.6562,     29.0850,     58.1701,      0.0194,      0.0004,      0.1922,      0.2091,   7870.5024,-422400.7188,   -924.3096,    555.0635,  26235.0078,
       1,     169,     244,      11,       1,       3,       1,     10.0000,      1.4074,     42.7079,    250.4429,     63.0268,      3.4953,      0.1665,      0.1321,      7.8938,      0.2191,      5.6249,     11.2499,      1.9358,     29.0850,     58.1701,      0.0194,      0.0004,      0.2179,      0.2091,   7870.5024,-426775.8125,   -925.2476,    554.7599,  26235.0078,
       1,     169,     244,      12,       1,       3,       1,     10.0000,      1.4074,     42.7079,    250.4429,     63.0268,      3.4953,      0.1720,      0.1373,      8.6024,      0.2287,      5.6249,     11.2499,      2.0212,     29.0850,     58.1701,      0.0194,      0.0005,      0.2259,      0.2091,   7870.5024,-429668.7500,   -925.9319,    554.5594,  26235.0078,
       1,     169,     244,      13,       1,       3,       1,     10.0000,      1.4074,     42.7079,    250.4429,     63.0268,      3.4953,      0.1812,      0.1461,      9.7579,      0.2428,      5.6249,     11.2499,      2.1453,     29.0850,     58.1701,      0.0194,      0.0005,      0.2393,      0.2091,   7870.5024,-430774.7812,   -926.2597,    554.4828,  26235.0078,
       1,     169,     244,      14,       1,       3,       1,     10.0000,      1.4074,     42.7079,    250.4429,     63.0268,      3.4953,      0.1706,      0.1352,     12.9097,      0.2566,      5.6249,     11.2499,      2.2678,     29.0850,     58.1701,      0.0194,      0.0007,      0.2235,      0.2091,   7870.5024,-432273.8125,   -926.6600,    554.3789,  26235.0078,
       1,     169,     244,      15,       1,       3,       1,     10.0000,      1.4074,     42.7079,    250.4429,     63.0268,      3.4953,      0.1656,      0.1300,     51.8973,      0.2663,      5.6249,     11.2499,      2.3529,     29.0850,     58.1701,      0.0194,      0.0030,      0.2118,      0.2091,   7870.5024,-436234.7500,   -927.5149,    554.1044,  26235.0078,
       1,     169,     244,      16,       1,       3,       1,     10.0000,      1.4074,     42.7079,    250.4429,     63.0268,      3.4953,      0.1555,      0.1199,     79.1133,      0.2624,      5.6249,     11.2499,      2.3190,     29.0850,     58.1701,      0.0194,      0.0050,      0.1938,      0.2091,   7870.5024,-484003.7812,   -937.0026,    550.7959,  26235.0059,
       1,     169,     244,      17,       1,       3,       1,     10.0000,      1.4074,     42.7079,    250.4429,     63.0268,      3.4953,      0.1381,      0.1028,     70.3139,      0.2522,      5.6249,     11.2499,      2.2284,     29.0850,     58.1701,      0.0194,      0.0051,      0.1693,      0.2090,   7870.5020,-521193.7500,   -944.6099,    548.2452,  26235.0078,
       1,     169,     244,      18,       1,       3,       1,     10.0000,      1.4074,     42.7079,    250.4429,     63.0268,      3.4953,      0.0411,      0.0064,     16.7323,      0.2274,      5.6249,     11.2499,      2.0093,     29.0850,     58.1701,      0.0194,      0.0060,      0.0341,      0.2090,   7870.5024,-513607.9062,   -943.5339,    548.7710,  26235.0078,
       1,     169,     244,      19,       1,       3,       1,     10.0000,      1.4074,     42.7079,    250.4429,     63.0268,      3.4953,      0.0166,     -0.0171,      0.7641,      0.1921,      5.6249,     11.2499,      1.6978,     29.0850,     58.1701,      0.0194,      0.0062,      0.0015,      0.2090,   7870.5024,-447696.8750,   -930.8583,    553.2925,  26235.0059,
       1,     169,     244,      20,       1,       3,       1,     10.0000,      1.4074,     42.7079,    250.4429,     63.0268,      3.4953,      0.0030,     -0.0305,      8.6338,      0.1874,      5.6249,     11.2499,      1.6562,     29.0850,     58.1701,      0.0194,      0.0067,      0.0156,      0.2091,   7870.5020,-422777.8125,   -925.9907,    555.0346,  26235.0059,
       1,     169,     244,      21,       1,       3,       1,     10.0000,      1.4074,     42.7079,    250.4429,     63.0268,      3.4953,      0.0000,     -0.0334,      7.2631,      0.1848,      5.6249,     11.2499,      1.6333,     29.0850,     58.1701,      0.0194,      0.0057,      0.0156,      0.2091,   7870.5020,-430234.5938,   -927.4340,    554.5200,  26235.0039,
       1,     169,     244,      22,       1,       3,       1,     10.0000,      1.4074,     42.7079,    250.4429,     63.0268,      3.4953,      0.0000,     -0.0334,      6.1408,      0.1841,      5.6249,     11.2499,      1.6269,     29.0850,     58.1701,      0.0194,      0.0048,      0.0156,      0.2091,   7870.5015,-429194.0312,   -927.2250,    554.5924,  26235.0078,
       1,     169,     244,      23,       1,       3,       1,     10.0000,      1.4074,     42.7079,    250.4429,     63.0268,      3.4953,      0.0000,     -0.0331,      5.4236,      0.1745,      5.6249,     11.2499,      1.5417,     29.0850,     58.1701,      0.0194,      0.0042,      0.0156,      0.2091,   7870.5024,-427740.1250,   -926.9321,    554.6932,  26235.0078,
       1,     169,     244,      24,       1,       3,       1,     10.0000,      1.4074,     42.7079,    250.4429,     63.0268,      3.4953,      0.0000,     -0.0330,      3.1372,      0.1703,      5.6249,     11.2499,      1.5052,     29.0850,     58.1701,      0.0194,      0.0024,      0.0156,      0.2091,   7870.5024,-426745.0000,   -926.7320,    554.7621,  26235.0039,
       1,     169,     245,       1,       1,       3,       1,     10.0000,      1.4074,     42.7082,    250.4488,     63.0283,      3.4953,      0.0000,     -0.0329,      2.6145,      0.1698,      5.6251,     11.2503,      1.5008,     29.0804,     58.1607,      0.0194,      0.0020,      0.0156,      0.2091,   7870.5015,-424035.1562,   -926.4831,    554.9631,  26236.1836,
       1,     169,     245,       2,       1,       3,       1,     10.0000,      1.4074,     42.7082,    250.4488,     63.0283,      3.4953,      0.0000,     -0.0328,      2.5226,      0.1665,      5.6251,     11.2503,      1.4710,     29.0804,     58.1607,      0.0194,      0.0020,      0.0156,      0.2091,   7870.8555,-423017.7812,   -926.0065,    555.0338,  26236.1836,
       1,     169,     245,       3,       1,       3,       1,     10.0000,      1.4074,     42.7082,    250.4488,     63.0283,      3.4953,      0.0000,     -0.0327,      2.3042,      0.1638,      5.6251,     11.2503,      1.4477,     29.0804,     58.1607,      0.0194,      0.0018,      0.0156,      0.2091,   7870.8555,-422820.0625,   -925.9710,    555.0475,  26236.1816,
       1,     169,     245,       4,       1,       3,       1,     10.0000,      1.4074,     42.7082,    250.4488,     63.0283,      3.4953,      0.0000,     -0.0326,      1.5075,      0.1591,      5.6251,     11.2503,      1.4062,     29.0804,     58.1607,      0.0194,      0.0012,      0.0156,      0.2091,   7870.8550,-422537.9375,   -925.9146,    555.0671,  26236.1816,
       1,     169,     245,       5,       1,       3,       1,     10.0000,      1.4074,     42.7082,    250.4488,     63.0283,      3.4953,      0.0000,     -0.0326,      0.9934,      0.1596,      5.6251,     11.2503,      1.4104,     29.0804,     58.1607,      0.0194,      0.0008,      0.0156,      0.2091,   7870.8550,-421545.1562,   -925.7207,    555.1360,  26236.1797,
       1,     169,     245,       6,       1,       3,       1,     10.0000,      1.4074,     42.7082,    250.4488,     63.0283,      3.4953,      0.0000,     -0.0325,      0.9547,      0.1585,      5.6251,     11.2503,      1.4006,     29.0804,     58.1607,      0.0194,      0.0007,      0.0156,      0.2091,   7870.8540,-420836.1562,   -925.5845,    555.1851,  26236.1816,
       1,     169,     245,       7,       1,       3,       1,     10.0000,      1.4074,     42.7082,    250.4488,     63.0283,      3.4953,      0.0000,     -0.0326,      0.4840,      0.1587,      5.6251,     11.2503,      1.4020,     29.0804,     58.1607,      0.0194,      0.0004,      0.0156,      0.2091,   7870.8550,-420729.2500,   -925.5639,    555.1926,  26236.1816,
       1,     169,     245,       8,       1,       3,       1,     10.0000,      1.4074,     42.7082,    250.4488,     63.0283,      3.4953,      0.0150,     -0.0175,      0.0184,      0.1575,      5.6251,     11.2503,      1.3921,     29.0804,     58.1607,      0.0194,      0.0003,      0.0007,      0.2091,   7870.8550,-420147.5625,   -925.4524,    555.2330,  26236.1816,
       1,     169,     245,       9,       1,       3,       1,     10.0000,      1.4074,     42.7082,    250.4488,     63.0283,      3.4953,      0.0830,      0.0501,      2.5947,      0.1668,      5.6251,     11.2503,      1.4740,     29.0804,     58.1607,      0.0194,      0.0003,      0.0979,      0.2091,   7870.8550,-419532.2500,   -925.3274,    555.2757,  26236.1816,
       1,     169,     245,      10,       1,       3,       1,     10.0000,      1.4074,     42.7082,    250.4488,     63.0283,      3.4953,      0.1459,      0.1116,      6.5845,      0.2127,      5.6251,     11.2503,      1.8796,     29.0804,     58.1607,      0.0194,      0.0004,      0.1880,      0.2091,   7870.8550,-422613.6250,   -925.9055,    555.0618,  26236.1816,
       1,     169,     245,      11,       1,       3,       1,     10.0000,      1.4074,     42.7082,    250.4488,     63.0283,      3.4953,      0.1575,      0.1226,      8.0478,      0.2351,      5.6251,     11.2503,      2.0774,     29.0804,     58.1607,      0.0194,      0.0005,      0.2048,      0.2091,   7870.8550,-427726.6875,   -926.8786,    554.7071,  26236.1836,
       1,     169,     245,      12,       1,       3,       1,     10.0000,      1.4074,     42.7082,    250.4488,     63.0283,      3.4953,      0.1614,      0.1260,      8.9630,      0.2522,      5.6251,     11.2503,      2.2285,     29.0804,     58.1607,      0.0194,      0.0005,      0.2104,      0.2091,   7870.8555,-429938.1250,   -927.2599,    554.5539,  26236.1797,
       1,     169,     245,      13,       1,       3,       1,     10.0000,      1.4074,     42.7082,    250.4488,     63.0283,      3.4953,      0.1671,      0.1312,     10.5049,      0.2798,      5.6251,     11.2503,      2.4720,     29.0804,     58.1607,      0.0194,      0.0006,      0.2188,      0.2091,   7870.8540,-431238.1250,   -927.4457,    554.4637,  26236.1816,
       1,     169,     245,      14,       1,       3,       1,     10.0000,      1.4074,     42.7082,    250.4488,     63.0283,      3.4953,      0.1848,      0.1491,     12.5183,      0.2658,      5.6251,     11.2503,      2.3484,     29.0804,     58.1607,      0.0194,      0.0006,      0.2443,      0.2091,   7870.8550,-433223.3438,   -927.7551,    554.3262,  26236.1816,
       1,     169,     245,      15,       1,       3,       1,     10.0000,      1.4074,     42.7082,    250.4488,     63.0283,      3.4953,      0.1787,      0.1431,     60.3547,      0.2617,      5.6251,     11.2503,      2.3123,     29.0804,     58.1607,      0.0194,      0.0032,      0.2299,      0.2091,   7870.8550,-435840.0000,   -928.1851,    554.1449,  26236.1797,
       1,     169,     245,      16,       1,       3,       1,     10.0000,      1.4074,     42.7082,    250.4488,     63.0283,      3.4953,      0.1759,      0.1409,     81.4669,      0.2421,      5.6251,     11.2503,      2.1391,     29.0804,     58.1607,      0.0194,      0.0044,      0.2234,      0.2091,   7870.8540,-494254.3750,   -939.7808,    550.0986,  26236.1816,
       1,     169,     245,      17,       1,       3,       1,     10.0000,      1.4074,     42.7082,    250.4488,     63.0283,      3.4953,      0.1400,      0.1061,     74.4767,      0.1983,      5.6251,     11.2503,      1.7524,     29.0804,     58.1607,      0.0194,      0.0053,      0.1717,      0.2090,   7870.8550,-524924.0000,   -946.0606,    548.0045,  26236.1836,
       1,     169,     245,      18,       1,       3,       1,     10.0000,      1.4074,     42.7082,    250.4488,     63.0283,      3.4953,      0.1391,      0.1066,     75.7840,      0.1563,      5.6251,     11.2503,      1.3810,     29.0804,     58.1607,      0.0194,      0.0054,      0.1706,      0.2090,   7870.8555,-518981.4688,   -946.1787,    548.4155,  26236.1816,
       1,     169,     245,      19,       1,       3,       1,     10.0000,      1.4074,     42.7082,    250.4488,     63.0283,      3.4953,      0.0513,      0.0191,     18.0408,      0.1465,      5.6251,     11.2503,      1.2948,     29.0804,     58.1607,      0.0194,      0.0043,      0.0512,      0.2090,   7870.8550,-520070.1875,   -929.6734,    548.3411,  26236.0293,
       1,     169,     245,      20,       1,       3,       1,     10.0000,      1.4074,     42.7082,    250.4488,     63.0283,      3.4953,      0.0140,     -0.0180,      5.2854,      0.1435,      5.6251,     11.2503,      1.2677,     29.0804,     58.1607,      0.0194,      0.0041,      0.0156,      0.2090,   7870.8091,-449844.4062,   -916.3702,    553.1545,  26236.1855,
       1,     169,     245,      21,       1,       3,       1,     10.0000,      1.4074,     42.7082,    250.4488,     63.0283,      3.4953,      0.0000,     -0.0319,      4.3348,      0.1400,      5.6251,     11.2503,      1.2373,     29.0804,     58.1607,      0.0194,      0.0034,      0.0156,      0.2091,   7870.8560,-428464.6562,   -912.3027,    554.6540,  26236.1855,
       1,     169,     245,      22,       1,       3,       1,     10.0000,      1.4074,     42.7082,    250.4488,     63.0283,      3.4953,      0.0000,     -0.0318,      2.4173,      0.1390,      5.6251,     11.2503,      1.2285,     29.0804,     58.1607,      0.0194,      0.0019,      0.0156,      0.2091,   7870.8560,-425486.1562,   -912.2056,    554.8625,  26236.1836,
       1,     169,     245,      23,       1,       3,       1,     10.0000,      1.4074,     42.7082,    250.4488,     63.0283,      3.4953,      0.0000,     -0.0319,      0.5641,      0.1395,      5.6251,     11.2503,      1.2323,     29.0804,     58.1607,      0.0194,      0.0004,      0.0156,      0.2091,   7870.8555,-422900.3125,   -912.0153,    555.0419,  26236.1836,
       1,     169,     245,      24,       1,       3,       1,     10.0000,      1.4074,     42.7082,    250.4488,     63.0283,      3.4953,      0.0000,     -0.0319,      0.3525,      0.1414,      5.6251,     11.2503,      1.2499,     29.0804,     58.1607,      0.0194,      0.0003,      0.0156,      0.2091,   7870.8555,-420428.1250,   -911.5970,    555.2135,  26236.1836,
       1,     169,     246,       1,       1,       3,       1,     10.0000,      1.4074,     42.7086,    250.4547,     63.0298,      3.4953,      0.0000,     -0.0319,      0.4291,      0.1396,      5.6253,     11.2506,      1.2336,     29.0798,     58.1595,      0.0194,      0.0003,      0.0156,      0.2091,   7870.8555,-420117.2500,   -911.8041,    555.2482,  26237.3535,
       1,     169,     246,       2,       1,       3,       1,     10.0000,      1.4074,     42.7086,    250.4547,     63.0298,      3.4953,      0.0000,     -0.0318,      0.3335,      0.1383,      5.6253,     11.2506,      1.2224,     29.0798,     58.1595,      0.0194,      0.0003,      0.0156,      0.2091,   7871.2065,-420032.2188,   -911.5427,    555.2542,  26237.3555,
       1,     169,     246,       3,       1,       3,       1,     10.0000,      1.4074,     42.7086,    250.4547,     63.0298,      3.4953,      0.0000,     -0.0320,      0.3441,      0.1422,      5.6253,     11.2506,      1.2562,     29.0798,     58.1595,      0.0194,      0.0003,      0.0156,      0.2091,   7871.2070,-419908.5938,   -911.5218,    555.2627,  26237.3555,
       1,     169,     246,       4,       1,       3,       1,     10.0000,      1.4074,     42.7086,    250.4547,     63.0298,      3.4953,      0.0000,     -0.0320,      0.3498,      0.1442,      5.6253,     11.2506,      1.2741,     29.0798,     58.1595,      0.0194,      0.0003,      0.0156,      0.2091,   7871.2070,-419911.0625,   -911.5239,    555.2626,  26237.3535,
       1,     169,     246,       5,       1,       3,       1,     10.0000,      1.4074,     42.7086,    250.4547,     63.0298,      3.4953,      0.0000,     -0.0320,      0.3676,      0.1440,      5.6253,     11.2506,      1.2728,     29.0798,     58.1595,      0.0194,      0.0003,      0.0156,      0.2091,   7871.2065,-419918.2188,   -911.5272,    555.2621,  26237.3574,
       1,     169,     246,       6,       1,       3,       1,     10.0000,      1.4074,     42.7086,    250.4547,     63.0298,      3.4953,      0.0000,     -0.0321,      0.3801,      0.1448,      5.6253,     11.2506,      1.2793,     29.0798,     58.1595,      0.0194,      0.0003,      0.0156,      0.2091,   7871.2075,-419939.9062,   -911.5331,    555.2606,  26237.3574,
       1,     169,     246,       7,       1,       3,       1,     10.0000,      1.4074,     42.7086,    250.4547,     63.0298,      3.4953,      0.0000,     -0.0321,      0.3518,      0.1449,      5.6253,     11.2506,      1.2806,     29.0798,     58.1595,      0.0194,      0.0003,      0.0156,      0.2091,   7871.2075,-419957.0000,   -911.5413,    555.2593,  26237.3535,
       1,     169,     246,       8,       1,       3,       1,     10.0000,      1.4074,     42.7086,    250.4547,     63.0298,      3.4953,      0.0032,     -0.0289,      0.3489,      0.1439,      5.6253,     11.2506,      1.2715,     29.0798,     58.1595,      0.0194,      0.0003,      0.0156,      0.2091,   7871.2065,-419924.5938,   -911.5384,    555.2615,  26237.3555,
       1,     169,     246,       9,       1,       3,       1,     10.0000,      1.4074,     42.7086,    250.4547,     63.0298,      3.4953,      0.0153,     -0.0170,      0.0335,      0.1506,      5.6253,     11.2506,      1.3306,     29.0798,     58.1595,      0.0194,      0.0003,      0.0014,      0.2091,   7871.2070,-419918.3125,   -911.5453,    555.2620,  26237.3555,
       1,     169,     246,      10,       1,       3,       1,     10.0000,      1.4074,     42.7086,    250.4547,     63.0298,      3.4953,      0.0151,     -0.0179,      0.0053,      0.1733,      5.6253,     11.2506,      1.5311,     29.0798,     58.1595,      0.0194,      0.0003,      0.0002,      0.2091,   7871.2070,-419534.0938,   -911.5084,    555.2888,  26237.3574,
       1,     169,     246,      11,       1,       3,       1,     10.0000,      1.4074,     42.7086,    250.4547,     63.0298,      3.4953,      0.0176,     -0.0163,      0.0902,      0.1987,      5.6253,     11.2506,      1.7560,     29.0798,     58.1595,      0.0194,      0.0004,      0.0028,      0.2091,   7871.2075,-419466.9375,   -911.5374,    555.2933,  26237.3555,
       1,     169,     246,      12,       1,       3,       1,     10.0000,      1.4074,     42.7086,    250.4547,     63.0298,      3.4953,      0.0627,      0.0280,      2.5737,      0.2299,      5.6253,     11.2506,      2.0312,     29.0798,     58.1595,      0.0194,      0.0005,      0.0672,      0.2091,   7871.2070,-419565.0625,   -911.6019,    555.2866,  26237.3555,
       1,     169,     246,      13,       1,       3,       1,     10.0000,      1.4074,     42.7086,    250.4547,     63.0298,      3.4953,      0.1604,      0.1255,      8.2196,      0.2353,      5.6253,     11.2506,      2.0794,     29.0798,     58.1595,      0.0194,      0.0005,      0.2089,      0.2091,   7871.2070,-422593.3125,   -912.3574,    555.0764,  26237.3555,
       1,     169,     246,      14,       1,       3,       1,     10.0000,      1.4074,     42.7086,    250.4547,     63.0298,      3.4953,      0.1829,      0.1474,     11.2460,      0.2579,      5.6253,     11.2506,      2.2789,     29.0798,     58.1595,      0.0194,      0.0006,      0.2416,      0.2091,   7871.2070,-429715.3438,   -914.4144,    554.5823,  26237.3574,
       1,     169,     246,      15,       1,       3,       1,     10.0000,      1.4074,     42.7086,    250.4547,     63.0298,      3.4953,      0.1835,      0.1473,     32.8993,      0.2899,      5.6253,     11.2506,      2.5620,     29.0798,     58.1595,      0.0194,      0.0017,      0.2404,      0.2091,   7871.2075,-433997.3125,   -916.5088,    554.2856,  26237.3555,
       1,     169,     246,      16,       1,       3,       1,     10.0000,      1.4074,     42.7086,    250.4547,     63.0298,      3.4953,      0.1892,      0.1570,     44.5710,      0.1483,      5.6253,     11.2506,      1.3106,     29.0798,     58.1595,      0.0194,      0.0022,      0.2460,      0.2091,   7871.2070,-460696.4062,   -923.1200,    552.4359,  26237.3574,
       1,     169,     246,      17,       1,       3,       1,     10.0000,      1.4074,     42.7086,    250.4547,     63.0298,      3.4953,      0.1851,      0.1533,     66.8976,      0.1376,      5.6253,     11.2506,      1.2162,     29.0798,     58.1595,      0.0194,      0.0034,      0.2375,      0.2091,   7871.2075,-477157.4688,   -921.7157,    551.3022,  26237.3555,
       1,     169,     246,      18,       1,       3,       1,     10.0000,      1.4074,     42.7086,    250.4547,     63.0298,      3.4953,      0.1443,      0.1123,     59.9327,      0.1426,      5.6253,     11.2506,      1.2600,     29.0798,     58.1595,      0.0194,      0.0041,      0.1798,      0.2091,   7871.2070,-505717.3438,   -928.6867,    549.3353,  26237.3535,
       1,     169,     246,      19,       1,       3,       1,     10.0000,      1.4074,     42.7086,    250.4547,     63.0298,      3.4953,      0.0893,      0.0573,     40.9012,      0.1410,      5.6253,     11.2506,      1.2461,     29.0798,     58.1595,      0.0194,      0.0048,      0.1032,      0.2091,   7871.2065,-499648.0625,   -928.9342,    549.7555,  26237.3555,
       1,     169,     246,      20,       1,       3,       1,     10.0000,      1.4074,     42.7086,    250.4547,     63.0298,      3.4953,      0.0108,     -0.0209,      7.9438,      0.1365,      5.6253,     11.2506,      1.2064,     29.0798,     58.1595,      0.0194,      0.0062,      0.0156,      0.2091,   7871.2070,-475962.5000,   -925.5771,    551.3833,  26237.3555,
       1,     169,     246,      21,       1,       3,       1,     10.0000,      1.4074,     42.7086,    250.4547,     63.0298,      3.4953,      0.0000,     -0.0315,      1.6667,      0.1311,      5.6253,     11.2506,      1.1584,     29.0798,     58.1595,      0.0194,      0.0013,      0.0156,      0.2091,   7871.2070,-433865.6562,   -918.6100,    554.2871,  26237.3555,
       1,     169,     246,      22,       1,       3,       1,     10.0000,      1.4074,     42.7086,    250.4547,     63.0298,      3.4953,      0.0000,     -0.0315,      1.2446,      0.1303,      5.6253,     11.2506,      1.1513,     29.0798,     58.1595,      0.0194,      0.0010,      0.0156,      0.2091,   7871.2070,-422705.2500,   -916.6988,    555.0680,  26237.3535,
       1,     169,     246,      23,       1,       3,       1,     10.0000,      1.4074,     42.7086,    250.4547,     63.0298,      3.4953,      0.0000,     -0.0315,      1.1457,      0.1306,      5.6253,     11.2506,      1.1537,     29.0798,     58.1595,      0.0194,      0.0009,      0.0156,      0.2091,   7871.2065,-421243.0312,   -916.5135,    555.1700,  26237.3555,
       1,     169,     246,      24,       1,       3,       1,     10.0000,      1.4074,     42.7086,    250.4547,     63.0298,      3.4953,      0.0000,     -0.0318,      0.6963,      0.1369,      5.6253,     11.2506,      1.2100,     29.0798,     58.1595,      0.0194,      0.0005,      0.0156,      0.2091,   7871.2070,-420998.4688,   -916.5247,    555.1871,  26237.3535,
       1,     169,     247,       1,       1,       3,       1,     10.0000,      1.4074,     42.7089,    250.4605,     63.0313,      3.4953,      0.0000,     -0.0316,      0.3673,      0.1326,      5.6261,     11.2522,      1.1714,     29.0708,     58.1417,      0.0194,      0.0003,      0.0156,      0.2092,   7871.2065,-420587.0000,   -916.7346,    555.2288,  26238.5293,
       1,     169,     247,       2,       1,       3,       1,     10.0000,      1.4074,     42.7089,    250.4605,     63.0313,      3.4953,      0.0000,     -0.0319,      0.3613,      0.1400,      5.6261,     11.2522,      1.2373,     29.0708,     58.1417,      0.0194,      0.0003,      0.0156,      0.2092,   7871.5591,-419999.5625,   -916.3719,    555.2695,  26238.5332,
       1,     169,     247,       3,       1,       3,       1,     10.0000,      1.4074,     42.7089,    250.4605,     63.0313,      3.4953,      0.0000,     -0.0319,      0.6025,      0.1395,      5.6261,     11.2522,      1.2323,     29.0708,     58.1417,      0.0194,      0.0005,      0.0156,      0.2092,   7871.5601,-419942.0938,   -916.3636,    555.2735,  26238.5293,
       1,     169,     247,       4,       1,       3,       1,     10.0000,      1.4074,     42.7089,    250.4605,     63.0313,      3.4953,      0.0000,     -0.0318,      0.4373,      0.1374,      5.6261,     11.2522,      1.2138,     29.0708,     58.1417,      0.0194,      0.0003,      0.0156,      0.2092,   7871.5591,-420231.1250,   -916.4338,    555.2535,  26238.5312,
       1,     169,     247,       5,       1,       3,       1,     10.0000,      1.4074,     42.7089,    250.4605,     63.0313,      3.4953,      0.0000,     -0.0318,      0.4481,      0.1368,      5.6261,     11.2522,      1.2088,     29.0708,     58.1417,      0.0194,      0.0003,      0.0156,      0.2092,   7871.5596,-420054.3750,   -916.4108,    555.2657,  26238.5312,
       1,     169,     247,       6,       1,       3,       1,     10.0000,      1.4074,     42.7089,    250.4605,     63.0313,      3.4953,      0.0000,     -0.0318,      0.4827,      0.1381,      5.6261,     11.2522,      1.2199,     29.0708,     58.1417,      0.0194,      0.0004,      0.0156,      0.2092,   7871.5596,-420052.7500,   -916.4223,    555.2658,  26238.5312,
       1,     169,     247,       7,       1,       3,       1,     10.0000,      1.4074,     42.7089,    250.4605,     63.0313,      3.4953,      0.0000,     -0.0319,      0.7469,      0.1397,      5.6261,     11.2522,      1.2348,     29.0708,     58.1417,      0.0194,      0.0006,      0.0156,      0.2092,   7871.5596,-420094.6562,   -916.4423,    555.2630,  26238.5293,
       1,     169,     247,       8,       1,       3,       1,     10.0000,      1.4074,     42.7089,    250.4605,     63.0313,      3.4953,      0.0047,     -0.0273,      0.5747,      0.1416,      5.6261,     11.2522,      1.2512,     29.0708,     58.1417,      0.0194,      0.0004,      0.0156,      0.2092,   7871.5591,-420419.5000,   -916.5414,    555.2404,  26238.5332,
       1,     169,     247,       9,       1,       3,       1,     10.0000,      1.4074,     42.7089,    250.4605,     63.0313,      3.4953,      0.0221,     -0.0100,      0.3397,      0.1443,      5.6261,     11.2522,      1.2754,     29.0708,     58.1417,      0.0194,      0.0004,      0.0114,      0.2092,   7871.5601,-420236.9375,   -916.5385,    555.2531,  26238.5312,
       1,     169,     247,      10,       1,       3,       1,     10.0000,      1.4074,     42.7089,    250.4605,     63.0313,      3.4953,      0.1112,      0.0789,      3.4555,      0.1513,      5.6261,     11.2522,      1.3373,     29.0708,     58.1417,      0.0194,      0.0003,      0.1388,      0.2092,   7871.5596,-419936.3438,   -916.5504,    555.2739,  26238.5312,
       1,     169,     247,      11,       1,       3,       1,     10.0000,      1.4074,     42.7089,    250.4605,     63.0313,      3.4953,      0.0991,      0.0662,      3.2402,      0.1683,      5.6261,     11.2522,      1.4874,     29.0708,     58.1417,      0.0194,      0.0003,      0.1210,      0.2092,   7871.5596,-423699.6250,   -917.5793,    555.0128,  26238.5332,
       1,     169,     247,      12,       1,       3,       1,     10.0000,      1.4074,     42.7089,    250.4605,     63.0313,      3.4953,      0.1775,      0.1441,      8.2196,      0.1856,      5.6261,     11.2522,      1.6400,     29.0708,     58.1417,      0.0194,      0.0004,      0.2337,      0.2092,   7871.5601,-423755.1250,   -917.8414,    555.0089,  26238.5332,
       1,     169,     247,      13,       1,       3,       1,     10.0000,      1.4074,     42.7089,    250.4605,     63.0313,      3.4953,      0.1822,      0.1481,     13.7477,      0.2094,      5.6261,     11.2522,      1.8503,     29.0708,     58.1417,      0.0194,      0.0007,      0.2400,      0.2092,   7871.5601,-429814.7812,   -919.7955,    554.5885,  26238.5332,
       1,     169,     247,      14,       1,       3,       1,     10.0000,      1.4074,     42.7089,    250.4605,     63.0313,      3.4953,      0.1889,      0.1546,     12.0238,      0.2148,      5.6261,     11.2522,      1.8983,     29.0708,     58.1417,      0.0194,      0.0006,      0.2500,      0.2092,   7871.5601,-437049.3438,   -921.9581,    554.0871,  26238.5312,
       1,     169,     247,      15,       1,       3,       1,     10.0000,      1.4074,     42.7089,    250.4605,     63.0313,      3.4953,      0.1627,      0.1280,     11.5166,      0.2281,      5.6261,     11.2522,      2.0154,     29.0708,     58.1417,      0.0194,      0.0007,      0.2119,      0.2092,   7871.5596,-435563.6250,   -922.6353,    554.1903,  26238.5293,
       1,     169,     247,      16,       1,       3,       1,     10.0000,      1.4074,     42.7089,    250.4605,     63.0313,      3.4953,      0.1780,      0.1434,     30.3306,      0.2232,      5.6261,     11.2522,      1.9724,     29.0708,     58.1417,      0.0194,      0.0016,      0.2320,      0.2092,   7871.5591,-434821.2812,   -922.9535,    554.2418,  26238.5312,
       1,     169,     247,      17,       1,       3,       1,     10.0000,      1.4074,     42.7089,    250.4605,     63.0313,      3.4953,      0.1842,      0.1499,     51.0225,      0.2142,      5.6261,     11.2522,      1.8927,     29.0708,     58.1417,      0.0194,      0.0026,      0.2386,      0.2092,   7871.5596,-457640.2500,   -927.8625,    552.6608,  26238.5312,
       1,     169,     247,      18,       1,       3,       1,     10.0000,      1.4074,     42.7089,    250.4605,     63.0313,      3.4953,      0.1831,      0.1492,     68.6862,      0.1985,      5.6261,     11.2522,      1.7543,     29.0708,     58.1417,      0.0194,      0.0036,      0.2349,      0.2091,   7871.5596,-484744.0938,   -933.7759,    550.7907,  26238.5312,
       1,     169,     247,      19,       1,       3,       1,     10.0000,      1.4074,     42.7089,    250.4605,     63.0313,      3.4953,      0.1038,      0.0705,     41.4279,      0.1838,      5.6261,     11.2522,      1.6237,     29.0708,     58.1417,      0.0194,      0.0041,      0.1233,      0.2091,   7871.5596,-508530.7500,   -939.1606,    549.1562,  26238.5312,
       1,     169,     247,      20,       1,       3,       1,     10.0000,      1.4074,     42.7089,    250.4605,     63.0313,      3.4953,      0.0090,     -0.0240,      5.5578,      0.1710,      5.6261,     11.2522,      1.5113,     29.0708,     58.1417,      0.0194,      0.0043,      0.0156,      0.2091,   7871.5596,-477345.8438,   -933.7714,    551.2993,  26238.5312,
       1,     169,     247,      21,       1,       3,       1,     10.0000,      1.4074,     42.7089,    250.4605,     63.0313,      3.4953,      0.0000,     -0.0328,      4.8033,      0.1645,      5.6261,     11.2522,      1.4535,     29.0708,     58.1417,      0.0194,      0.0037,      0.0156,      0.2091,   7871.5596,-431080.9688,   -925.1993,    554.4917,  26238.5312,
       1,     169,     247,      22,       1,       3,       1,     10.0000,      1.4074,     42.7089,    250.4605,     63.0313,      3.4953,      0.0000,     -0.0328,      4.5782,      0.1648,      5.6261,     11.2522,      1.4565,     29.0708,     58.1417,      0.0194,      0.0036,      0.0156,      0.2092,   7871.5596,-426289.9375,   -924.4490,    554.8330,  26238.5312,
       1,     169,     247,      23,       1,       3,       1,     10.0000,      1.4074,     42.7089,    250.4605,     63.0313,      3.4953,      0.0000,     -0.0328,      3.8908,      0.1645,      5.6261,     11.2522,      1.4535,     29.0708,     58.1417,      0.0194,      0.0030,      0.0156,      0.2092,   7871.5596,-425601.1562,   -924.4705,    554.8809,  26238.5312,
       1,     169,     247,      24,       1,       3,       1,     10.0000,      1.4074,     42.7089,    250.4605,     63.0313,      3.4953,      0.0000,     -0.0327,      3.0077,      0.1625,      5.6261,     11.2522,      1.4362,     29.0708,     58.1417,      0.0194,      0.0023,      0.0156,      0.2092,   7871.5596,-424706.9375,   -924.4224,    554.9429,  26238.5312,
       1,     169,     248,       1,       1,       3,       1,     10.0000,      1.4075,     42.7093,    250.4665,     63.0327,      3.4953,      0.0000,     -0.0328,      1.7057,      0.1653,      5.6253,     11.2507,      1.4609,     29.0703,     58.1406,      0.0194,      0.0013,      0.0156,      0.2092,   7871.5596,-423712.2812,   -924.5873,    555.0250,  26239.7012,
       1,     169,     248,       2,       1,       3,       1,     10.0000,      1.4075,     42.7093,    250.4665,     63.0327,      3.4953,      0.0000,     -0.0328,      1.2217,      0.1657,      5.6253,     11.2507,      1.4638,     29.0703,     58.1406,      0.0194,      0.0010,      0.0156,      0.2092,   7871.9106,-421893.4688,   -924.0092,    555.1512,  26239.7012,
       1,     169,     248,       3,       1,       3,       1,     10.0000,      1.4075,     42.7093,    250.4665,     63.0327,      3.4953,      0.0000,     -0.0328,      1.6774,      0.1653,      5.6253,     11.2507,      1.4609,     29.0703,     58.1406,      0.0194,      0.0013,      0.0156,      0.2092,   7871.9106,-421151.5625,   -923.8924,    555.2026,  26239.7012,
       1,     169,     248,       4,       1,       3,       1,     10.0000,      1.4075,     42.7093,    250.4665,     63.0327,      3.4953,      0.0000,     -0.0326,      1.5650,      0.1614,      5.6253,     11.2507,      1.4262,     29.0703,     58.1406,      0.0194,      0.0012,      0.0156,      0.2092,   7871.9106,-421643.0938,   -924.0222,    555.1686,  26239.6992,
       1,     169,     248,       5,       1,       3,       1,     10.0000,      1.4075,     42.7093,    250.4665,     63.0327,      3.4953,      0.0000,     -0.0324,      1.4033,      0.1535,      5.6253,     11.2507,      1.3563,     29.0703,     58.1406,      0.0194,      0.0011,      0.0156,      0.2092,   7871.9102,-421547.9688,   -924.0299,    555.1752,  26239.7012,
       1,     169,     248,       6,       1,       3,       1,     10.0000,      1.4075,     42.7093,    250.4665,     63.0327,      3.4953,      0.0000,     -0.0322,      1.4490,      0.1477,      5.6253,     11.2507,      1.3054,     29.0703,     58.1406,      0.0194,      0.0011,      0.0156,      0.2092,   7871.9106,-421343.2188,   -924.0179,    555.1894,  26239.7012,
       1,     169,     248,       7,       1,       3,       1,     10.0000,      1.4075,     42.7093,    250.4665,     63.0327,      3.4953,      0.0000,     -0.0320,      1.6111,      0.1419,      5.6253,     11.2507,      1.2537,     29.0703,     58.1406,      0.0194,      0.0013,      0.0156,      0.2092,   7871.9106,-421381.4375,   -924.0605,    555.1867,  26239.7012,
       1,     169,     248,       8,       1,       3,       1,     10.0000,      1.4075,     42.7093,    250.4665,     63.0327,      3.4953,      0.0055,     -0.0265,      1.5616,      0.1412,      5.6253,     11.2507,      1.2474,     29.0703,     58.1406,      0.0194,      0.0012,      0.0156,      0.2092,   7871.9106,-421581.8750,   -924.1378,    555.1728,  26239.7012,
       1,     169,     248,       9,       1,       3,       1,     10.0000,      1.4075,     42.7093,    250.4665,     63.0327,      3.4953,      0.0241,     -0.0081,      1.1242,      0.1497,      5.6253,     11.2507,      1.3226,     29.0703,     58.1406,      0.0194,      0.0010,      0.0140,      0.2092,   7871.9106,-421538.5625,   -924.1656,    555.1758,  26239.6992,
       1,     169,     248,      10,       1,       3,       1,     10.0000,      1.4075,     42.7093,    250.4665,     63.0327,      3.4953,      0.0355,      0.0031,      0.8457,      0.1547,      5.6253,     11.2507,      1.3673,     29.0703,     58.1406,      0.0194,      0.0003,      0.0302,      0.2092,   7871.9102,-421003.2812,   -924.0999,    555.2130,  26239.7012,
       1,     169,     248,      11,       1,       3,       1,     10.0000,      1.4075,     42.7093,    250.4665,     63.0327,      3.4953,      0.1723,      0.1393,      6.3609,      0.1707,      5.6253,     11.2507,      1.5084,     29.0703,     58.1406,      0.0194,      0.0003,      0.2262,      0.2092,   7871.9106,-420619.3750,   -924.0507,    555.2396,  26239.7012,
       1,     169,     248,      12,       1,       3,       1,     10.0000,      1.4075,     42.7093,    250.4665,     63.0327,      3.4953,      0.1888,      0.1555,      7.7483,      0.1819,      5.6253,     11.2507,      1.6077,     29.0703,     58.1406,      0.0194,      0.0004,      0.2500,      0.2092,   7871.9106,-427292.4062,   -925.5480,    554.7764,  26239.7012,
       1,     169,     248,      13,       1,       3,       1,     10.0000,      1.4075,     42.7093,    250.4665,     63.0327,      3.4953,      0.1888,      0.1554,      7.4750,      0.1843,      5.6253,     11.2507,      1.6286,     29.0703,     58.1406,      0.0194,      0.0004,      0.2500,      0.2092,   7871.9106,-429543.0312,   -926.2703,    554.6205,  26239.7012,
       1,     169,     248,      14,       1,       3,       1,     10.0000,      1.4075,     42.7093,    250.4665,     63.0327,      3.4953,      0.1890,      0.1552,     10.8574,      0.1975,      5.6253,     11.2507,      1.7457,     29.0703,     58.1406,      0.0194,      0.0005,      0.2500,      0.2092,   7871.9106,-429400.2500,   -926.4310,    554.6305,  26239.7012,
       1,     169,     248,      15,       1,       3,       1,     10.0000,      1.4075,     42.7093,    250.4665,     63.0327,      3.4953,      0.1830,      0.1486,     17.1488,      0.2167,      5.6253,     11.2507,      1.9152,     29.0703,     58.1406,      0.0194,      0.0009,      0.2407,      0.2092,   7871.9106,-433501.1250,   -927.3683,    554.3462,  26239.7012,
       1,     169,     248,      16,       1,       3,       1,     10.0000,      1.4075,     42.7093,    250.4665,     63.0327,      3.4953,      0.0541,      0.0197,      7.1659,      0.2182,      5.6253,     11.2507,      1.9284,     29.0703,     58.1406,      0.0194,      0.0016,      0.0544,      0.2092,   7871.9106,-441497.8125,   -929.0479,    553.7922,  26239.6992,
       1,     169,     248,      17,       1,       3,       1,     10.0000,      1.4075,     42.7093,    250.4665,     63.0327,      3.4953,      0.0329,     -0.0014,      5.1722,      0.2136,      5.6253,     11.2507,      1.8871,     29.0703,     58.1406,      0.0194,      0.0026,      0.0240,      0.2092,   7871.9102,-430031.7812,   -926.8906,    554.5861,  26239.7012,
       1,     169,     248,      18,       1,       3,       1,     10.0000,      1.4075,     42.7093,    250.4665,     63.0327,      3.4953,      0.0212,     -0.0127,      1.4795,      0.2009,      5.6253,     11.2507,      1.7752,     29.0703,     58.1406,      0.0194,      0.0023,      0.0078,      0.2092,   7871.9106,-426642.0000,   -926.2784,    554.8217,  26239.7012,
       1,     169,     248,      19,       1,       3,       1,     10.0000,      1.4075,     42.7093,    250.4665,     63.0327,      3.4953,      0.0079,     -0.0256,      4.2089,      0.1880,      5.6253,     11.2507,      1.6613,     29.0703,     58.1406,      0.0194,      0.0033,      0.0156,      0.2092,   7871.9106,-421865.4688,   -925.3744,    555.1530,  26239.7012,
       1,     169,     248,      20,       1,       3,       1,     10.0000,      1.4075,     42.7093,    250.4665,     63.0327,      3.4953,      0.0009,     -0.0321,      5.4448,      0.1717,      5.6253,     11.2507,      1.5174,     29.0703,     58.1406,      0.0194,      0.0042,      0.0156,      0.2092,   7871.9106,-424781.3125,   -925.9681,    554.9508,  26239.7031,
       1,     169,     248,      21,       1,       3,       1,     10.0000,      1.4075,     42.7093,    250.4665,     63.0327,      3.4953,      0.0000,     -0.0326,      5.2053,      0.1614,      5.6253,     11.2507,      1.4262,     29.0703,     58.1406,      0.0194,      0.0041,      0.0156,      0.2092,   7871.9111,-426529.6250,   -926.3403,    554.8295,  26239.7012,
       1,     169,     248,      22,       1,       3,       1,     10.0000,      1.4075,     42.7093,    250.4665,     63.0327,      3.4953,      0.0000,     -0.0325,      4.7691,      0.1571,      5.6253,     11.2507,      1.3881,     29.0703,     58.1406,      0.0194,      0.0037,      0.0156,      0.2092,   7871.9106,-426386.2812,   -926.3436,    554.8395,  26239.7012,
       1,     169,     248,      23,       1,       3,       1,     10.0000,      1.4075,     42.7093,    250.4665,     63.0327,      3.4953,      0.0000,     -0.0324,      3.9077,      0.1555,      5.6253,     11.2507,      1.3742,     29.0703,     58.1406,      0.0194,      0.0030,      0.0156,      0.2092,   7871.9106,-425843.8125,   -926.2634,    554.8771,  26239.6992,
       1,     169,     248,      24,       1,       3,       1,     10.0000,      1.4075,     42.7093,    250.4665,     63.0327,      3.4953,      0.0000,     -0.0325,      3.3294,      0.1565,      5.6253,     11.2507,      1.3825,     29.0703,     58.1406,      0.0194,      0.0026,      0.0156,      0.2092,   7871.9102,-424750.7812,   -926.0707,    554.9529,  26239.7012,
       1,     169,     249,       1,       1,       3,       1,     10.0000,      1.4075,     42.7096,    250.4724,     63.0343,      3.4953,      0.0000,     -0.0325,      2.4336,      0.1571,      5.6266,     11.2532,      1.3881,     29.0573,     58.1147,      0.0194,      0.0019,      0.0156,      0.2092,   7871.9106,-424110.5938,   -926.2397,    555.0106,  26240.8770,
       1,     169,     249,       2,       1,       3,       1,     10.0000,      1.4075,     42.7096,    250.4724,     63.0343,      3.4953,      0.0000,     -0.0324,      1.8031,      0.1544,      5.6266,     11.2532,      1.3646,     29.0573,     58.1147,      0.0194,      0.0014,      0.0156,      0.2092,   7872.2632,-422814.5000,   -925.7253,    555.1005,  26240.8750,
       1,     169,     249,       3,       1,       3,       1,     10.0000,      1.4075,     42.7096,    250.4724,     63.0343,      3.4953,      0.0000,     -0.0322,      1.6088,      0.1479,      5.6266,     11.2532,      1.3068,     29.0573,     58.1147,      0.0194,      0.0013,      0.0156,      0.2092,   7872.2627,-421939.0625,   -925.5630,    555.1611,  26240.8789,
       1,     169,     249,       4,       1,       3,       1,     10.0000,      1.4075,     42.7096,    250.4724,     63.0343,      3.4953,      0.0000,     -0.0321,      1.4808,      0.1452,      5.6266,     11.2532,      1.2832,     29.0573,     58.1147,      0.0194,      0.0012,      0.0156,      0.2092,   7872.2642,-421628.5625,   -925.5081,    555.1827,  26240.8770,
       1,     169,     249,       5,       1,       3,       1,     10.0000,      1.4075,     42.7096,    250.4724,     63.0343,      3.4953,      0.0000,     -0.0316,      1.2589,      0.1316,      5.6266,     11.2532,      1.1632,     29.0573,     58.1147,      0.0194,      0.0010,      0.0156,      0.2092,   7872.2632,-421446.8750,   -925.4783,    555.1953,  26240.8770,
       1,     169,     249,       6,       1,       3,       1,     10.0000,      1.4075,     42.7096,    250.4724,     63.0343,      3.4953,      0.0000,     -0.0312,      1.0399,      0.1223,      5.6266,     11.2532,      1.0809,     29.0573,     58.1147,      0.0194,      0.0008,      0.0156,      0.2092,   7872.2632,-421161.8438,   -910.4290,    555.2151,  26240.8789,
       1,     169,     249,       7,       1,       3,       1,     10.0000,      1.4075,     42.7096,    250.4724,     63.0343,      3.4953,      0.0000,     -0.0313,      1.0020,      0.1263,      5.6266,     11.2532,      1.1156,     29.0573,     58.1147,      0.0194,      0.0008,      0.0156,      0.2092,   7872.2642,-420871.2500,   -910.4880,    555.2354,  26240.8770,
       1,     169,     249,       8,       1,       3,       1,     10.0000,      1.4075,     42.7096,    250.4724,     63.0343,      3.4953,      0.0049,     -0.0264,      0.4740,      0.1263,      5.6266,     11.2532,      1.1156,     29.0573,     58.1147,      0.0194,      0.0004,      0.0156,      0.2092,   7872.2632,-420800.7812,   -910.5698,    555.2402,  26240.8770,
       1,     169,     249,       9,       1,       3,       1,     10.0000,      1.4075,     42.7096,    250.4724,     63.0343,      3.4953,      0.0521,      0.0204,      1.5433,      0.1346,      5.6266,     11.2532,      1.1894,     29.0573,     58.1147,      0.0194,      0.0003,      0.0546,      0.2092,   7872.2632,-420153.0938,   -910.4913,    555.2852,  26240.8770,
       1,     169,     249,      10,       1,       3,       1,     10.0000,      1.4075,     42.7096,    250.4724,     63.0343,      3.4953,      0.1284,      0.0961,      5.8136,      0.1532,      5.6266,     11.2532,      1.3536,     29.0573,     58.1147,      0.0194,      0.0004,      0.1632,      0.2092,   7872.2632,-421398.2812,   -910.9244,    555.1988,  26240.8770,
       1,     169,     249,      11,       1,       3,       1,     10.0000,      1.4075,     42.7096,    250.4724,     63.0343,      3.4953,      0.1610,      0.1293,      4.3373,      0.1342,      5.6266,     11.2532,      1.1858,     29.0573,     58.1147,      0.0194,      0.0003,      0.2100,      0.2092,   7872.2632,-426694.7188,   -911.9409,    554.8311,  26240.8789,
       1,     169,     249,      12,       1,       3,       1,     10.0000,      1.4075,     42.7096,    250.4724,     63.0343,      3.4953,      0.1788,      0.1464,      5.7521,      0.1544,      5.6266,     11.2532,      1.3646,     29.0573,     58.1147,      0.0194,      0.0003,      0.2355,      0.2092,   7872.2642,-425346.9062,   -911.5757,    554.9247,  26240.8770,
       1,     169,     249,      13,       1,       3,       1,     10.0000,      1.4075,     42.7096,    250.4724,     63.0343,      3.4953,      0.1838,      0.1509,      8.4187,      0.1678,      5.6266,     11.2532,      1.4830,     29.0573,     58.1147,      0.0194,      0.0004,      0.2425,      0.2092,   7872.2632,-426953.3125,   -912.7491,    554.8134,  26240.8789,
       1,     169,     249,      14,       1,       3,       1,     10.0000,      1.4075,     42.7096,    250.4724,     63.0343,      3.4953,      0.1893,      0.1564,     12.2727,      0.1690,      5.6266,     11.2532,      1.4934,     29.0573,     58.1147,      0.0194,      0.0006,      0.2500,      0.2092,   7872.2642,-430330.7188,   -914.3659,    554.5792,  26240.8770,
       1,     169,     249,      15,       1,       3,       1,     10.0000,      1.4075,     42.7096,    250.4724,     63.0343,      3.4953,      0.1807,      0.1478,     19.0925,      0.1670,      5.6266,     11.2532,      1.4756,     29.0573,     58.1147,      0.0194,      0.0010,      0.2368,      0.2092,   7872.2632,-435301.5938,   -916.6583,    554.2346,  26240.8770,
       1,     169,     249,      16,       1,       3,       1,     10.0000,      1.4075,     42.7096,    250.4724,     63.0343,      3.4953,      0.0976,      0.0647,      4.6841,      0.1702,      5.6266,     11.2532,      1.5039,     29.0573,     58.1147,      0.0194,      0.0005,      0.1187,      0.2092,   7872.2632,-444013.5312,   -919.2661,    553.6312,  26240.8770,
       1,     169,     249,      17,       1,       3,       1,     10.0000,      1.4075,     42.7096,    250.4724,     63.0343,      3.4953,      0.0066,     -0.0266,      2.3492,      0.1775,      5.6266,     11.2532,      1.5682,     29.0573,     58.1147,      0.0194,      0.0018,      0.0156,      0.2092,   7872.2632,-427226.6562,   -916.4578,    554.7932,  26240.8750,
       1,     169,     249,      18,       1,       3,       1,     10.0000,      1.4075,     42.7096,    250.4724,     63.0343,      3.4953,      0.0237,     -0.0094,      2.2528,      0.1768,      5.6266,     11.2532,      1.5620,     29.0573,     58.1147,      0.0194,      0.0022,      0.0122,      0.2092,   7872.2627,-422976.4688,   -915.8772,    555.0892,  26240.8770,
       1,     169,     249,      19,       1,       3,       1,     10.0000,      1.4075,     42.7096,    250.4724,     63.0343,      3.4953,      0.0217,     -0.0112,      1.5820,      0.1702,      5.6266,     11.2532,      1.5039,     29.0573,     58.1147,      0.0194,      0.0020,      0.0097,      0.2092,   7872.2632,-422499.2188,   -916.0306,    555.1223,  26240.8750,
       1,     169,     249,      20,       1,       3,       1,     10.0000,      1.4075,     42.7096,    250.4724,     63.0343,      3.4953,      0.0064,     -0.0261,      2.5638,      0.1577,      5.6266,     11.2532,      1.3937,     29.0573,     58.1147,      0.0194,      0.0020,      0.0156,      0.2092,   7872.2627,-421643.7188,   -916.0742,    555.1817,  26240.8770,
       1,     169,     249,      21,       1,       3,       1,     10.0000,      1.4075,     42.7096,    250.4724,     63.0343,      3.4953,      0.0000,     -0.0321,      2.4822,      0.1458,      5.6266,     11.2532,      1.2884,     29.0573,     58.1147,      0.0194,      0.0019,      0.0156,      0.2092,   7872.2632,-422764.8125,   -916.4620,    555.1039,  26240.8770,
       1,     169,     249,      22,       1,       3,       1,     10.0000,      1.4075,     42.7096,    250.4724,     63.0343,      3.4953,      0.0000,     -0.0319,      3.1104,      0.1415,      5.6266,     11.2532,      1.2500,     29.0573,     58.1147,      0.0194,      0.0024,      0.0156,      0.2092,   7872.2632,-422760.0312,   -916.5962,    555.1042,  26240.8770,
       1,     169,     249,      23,       1,       3,       1,     10.0000,      1.4075,     42.7096,    250.4724,     63.0343,      3.4953,      0.0000,     -0.0322,      3.1127,      0.1489,      5.6266,     11.2532,      1.3160,     29.0573,     58.1147,      0.0194,      0.0024,      0.0156,      0.2092,   7872.2632,-423523.3750,   -916.9122,    555.0512,  26240.8770,
       1,     169,     249,      24,       1,       3,       1,     10.0000,      1.4075,     42.7096,    250.4724,     63.0343,      3.4953,      0.0000,     -0.0322,      2.3086,      0.1495,      5.6266,     11.2532,      1.3213,     29.0573,     58.1147,      0.0194,      0.0018,      0.0156,      0.2092,   7872.2632,-423590.6562,   -917.1785,    555.0466,  26240.8750,
       1,     169,     250,       1,       1,       3,       1,     10.0000,      1.4075,     42.7099,    250.4783,     63.0357,      3.4953,      0.0000,     -0.0322,      1.6308,      0.1497,      5.6265,     11.2531,      1.3227,     29.0479,     58.0958,      0.0194,      0.0013,      0.0156,      0.2092,   7872.2627,-422774.2812,   -917.4681,    555.1164,  26242.0508,
       1,     169,     250,       2,       1,       3,       1,     10.0000,      1.4075,     42.7099,    250.4783,     63.0357,      3.4953,      0.0000,     -0.0321,      1.0448,      0.1468,      5.6265,     11.2531,      1.2976,     29.0479,     58.0958,      0.0194,      0.0008,      0.0156,      0.2092,   7872.6157,-421728.6875,   -917.1316,    555.1890,  26242.0508,
       1,     169,     250,       3,       1,       3,       1,     10.0000,      1.4075,     42.7099,    250.4783,     63.0357,      3.4953,      0.0000,     -0.0319,      0.8446,      0.1409,      5.6265,     11.2531,      1.2450,     29.0479,     58.0958,      0.0194,      0.0007,      0.0156,      0.2092,   7872.6157,-420928.2188,   -917.0428,    555.2446,  26242.0508,
       1,     169,     250,       4,       1,       3,       1,     10.0000,      1.4075,     42.7099,    250.4783,     63.0357,      3.4953,      0.0000,     -0.0318,      1.0150,      0.1392,      5.6265,     11.2531,      1.2299,     29.0479,     58.0958,      0.0194,      0.0008,      0.0156,      0.2092,   7872.6157,-420617.2188,   -917.0193,    555.2661,  26242.0508,
       1,     169,     250,       5,       1,       3,       1,     10.0000,      1.4075,     42.7099,    250.4783,     63.0357,      3.4953,      0.0000,     -0.0317,      0.7842,      0.1363,      5.6265,     11.2531,      1.2040,     29.0479,     58.0958,      0.0194,      0.0006,      0.0156,      0.2092,   7872.6157,-420798.2500,   -917.1163,    555.2536,  26242.0508,
       1,     169,     250,       6,       1,       3,       1,     10.0000,      1.4075,     42.7099,    250.4783,     63.0357,      3.4953,      0.0000,     -0.0317,      0.7828,      0.1354,      5.6265,     11.2531,      1.1967,     29.0479,     58.0958,      0.0194,      0.0006,      0.0156,      0.2092,   7872.6157,-420532.8438,   -917.1101,    555.2720,  26242.0508,
       1,     169,     250,       7,       1,       3,       1,     10.0000,      1.4075,     42.7099,    250.4783,     63.0357,      3.4953,      0.0000,     -0.0317,      0.7395,      0.1353,      5.6265,     11.2531,      1.1955,     29.0479,     58.0958,      0.0194,      0.0006,      0.0156,      0.2092,   7872.6157,-420508.7500,   -917.1425,    555.2737,  26242.0508,
       1,     169,     250,       8,       1,       3,       1,     10.0000,      1.4075,     42.7099,    250.4783,     63.0357,      3.4953,      0.0135,     -0.0181,      0.3959,      0.1338,      5.6265,     11.2531,      1.1823,     29.0479,     58.0958,      0.0194,      0.0003,      0.0156,      0.2092,   7872.6157,-420454.0938,   -917.1677,    555.2775,  26242.0508,
       1,     169,     250,       9,       1,       3,       1,     10.0000,      1.4075,     42.7099,    250.4783,     63.0357,      3.4953,      0.0877,      0.0558,      2.4398,      0.1428,      5.6265,     11.2531,      1.2614,     29.0479,     58.0958,      0.0194,      0.0003,      0.1053,      0.2092,   7872.6157,-420031.7500,   -917.1190,    555.3068,  26242.0527,
       1,     169,     250,      10,       1,       3,       1,     10.0000,      1.4075,     42.7099,    250.4783,     63.0357,      3.4953,      0.1211,      0.0886,      5.9025,      0.1566,      5.6265,     11.2531,      1.3839,     29.0479,     58.0958,      0.0194,      0.0005,      0.1526,      0.2092,   7872.6162,-422480.3125,   -917.7466,    555.1368,  26242.0527,
       1,     169,     250,      11,       1,       3,       1,     10.0000,      1.4075,     42.7099,    250.4783,     63.0357,      3.4953,      0.1686,      0.1360,      7.8592,      0.1587,      5.6265,     11.2531,      1.4021,     29.0479,     58.0958,      0.0194,      0.0004,      0.2206,      0.2092,   7872.6162,-426896.2500,   -918.8627,    554.8304,  26242.0527,
       1,     169,     250,      12,       1,       3,       1,     10.0000,      1.4075,     42.7099,    250.4783,     63.0357,      3.4953,      0.1831,      0.1506,      7.5093,      0.1572,      5.6265,     11.2531,      1.3895,     29.0479,     58.0958,      0.0194,      0.0004,      0.2415,      0.2092,   7872.6162,-429647.4688,   -913.2360,    554.6396,  26242.0508,
       1,     169,     250,      13,       1,       3,       1,     10.0000,      1.4075,     42.7099,    250.4783,     63.0357,      3.4953,      0.1890,      0.1571,      5.5344,      0.1407,      5.6265,     11.2531,      1.2437,     29.0479,     58.0958,      0.0194,      0.0003,      0.2500,      0.2092,   7872.6157,-429454.3438,   -914.1609,    554.6531,  26242.0527,
       1,     169,     250,      14,       1,       3,       1,     10.0000,      1.4075,     42.7099,    250.4783,     63.0357,      3.4953,      0.1748,      0.1434,      6.0934,      0.1278,      5.6265,     11.2531,      1.1294,     29.0479,     58.0958,      0.0194,      0.0003,      0.2296,      0.2092,   7872.6162,-427037.0625,   -912.4641,    554.8207,  26242.0488,
       1,     169,     250,      15,       1,       3,       1,     10.0000,      1.4075,     42.7099,    250.4783,     63.0357,      3.4953,      0.0240,     -0.0075,      0.8719,      0.1292,      5.6265,     11.2531,      1.1421,     29.0479,     58.0958,      0.0194,      0.0007,      0.0148,      0.2092,   7872.6147,-427513.0938,   -912.1543,    554.7877,  26242.0508,
       1,     169,     250,      16,       1,       3,       1,     10.0000,      1.4075,     42.7099,    250.4783,     63.0357,      3.4953,      0.0152,     -0.0166,      0.1635,      0.1376,      5.6265,     11.2531,      1.2163,     29.0479,     58.0958,      0.0194,      0.0011,      0.0019,      0.2092,   7872.6157,-421205.6250,   -911.1684,    555.2252,  26242.0508,
       1,     169,     250,      17,       1,       3,       1,     10.0000,      1.4075,     42.7099,    250.4783,     63.0357,      3.4953,      0.0251,     -0.0071,      1.3939,      0.1495,      5.6265,     11.2531,      1.3214,     29.0479,     58.0958,      0.0194,      0.0011,      0.0155,      0.2092,   7872.6157,-419812.8750,   -911.0811,    555.3220,  26242.0508,
       1,     169,     250,      18,       1,       3,       1,     10.0000,      1.4075,     42.7099,    250.4783,     63.0357,      3.4953,      0.0474,      0.0146,      1.8815,      0.1657,      5.6265,     11.2531,      1.4639,     29.0479,     58.0958,      0.0194,      0.0005,      0.0467,      0.2092,   7872.6157,-421190.9062,   -911.5297,    555.2264,  26242.0508,
       1,     169,     250,      19,       1,       3,       1,     10.0000,      1.4075,     42.7099,    250.4783,     63.0357,      3.4953,      0.0347,      0.0020,      0.7305,      0.1608,      5.6265,     11.2531,      1.4205,     29.0479,     58.0958,      0.0194,      0.0003,      0.0288,      0.2092,   7872.6157,-421899.7812,   -911.9138,    555.1772,  26242.0488,
       1,     169,     250,      20,       1,       3,       1,     10.0000,      1.4075,     42.7099,    250.4783,     63.0357,      3.4953,      0.0020,     -0.0298,      0.3388,      0.1393,      5.6265,     11.2531,      1.2312,     29.0479,     58.0958,      0.0194,      0.0003,      0.0156,      0.2092,   7872.6147,-420560.6250,   -911.8337,    555.2700,  26242.0527,
       1,     169,     250,      21,       1,       3,       1,     10.0000,      1.4075,     42.7099,    250.4783,     63.0357,      3.4953,      0.0000,     -0.0315,      1.0901,      0.1315,      5.6265,     11.2531,      1.1620,     29.0479,     58.0958,      0.0194,      0.0009,      0.0156,      0.2092,   7872.6162,-419971.4062,   -911.7365,    555.3110,  26242.0508,
       1,     169,     250,      22,       1,       3,       1,     10.0000,      1.4075,     42.7099,    250.4783,     63.0357,      3.4953,      0.0000,     -0.0317,      1.8078,      0.1343,      5.6265,     11.2531,      1.1871,     29.0479,     58.0958,      0.0194,      0.0014,      0.0156,      0.2092,   7872.6157,-420834.9062,   -911.9708,    555.2510,  26242.0527,
       1,     169,     250,      23,       1,       3,       1,     10.0000,      1.4075,     42.7099,    250.4783,     63.0357,      3.4953,      0.0000,     -0.0316,      2.2428,      0.1319,      5.6265,     11.2531,      1.1656,     29.0479,     58.0958,      0.0194,      0.0017,      0.0156,      0.2092,   7872.6162,-421780.0000,   -912.2377,    555.1855,  26242.0508,
       1,     169,     250,      24,       1,       3,       1,     10.0000,      1.4075,     42.7099,    250.4783,     63.0357,      3.4953,      0.0000,     -0.0315,      1.7679,      0.1314,      5.6265,     11.2531,      1.1608,     29.0479,     58.0958,      0.0194,      0.0014,      0.0156,      0.2092,   7872.6157,-422388.6875,   -912.5309,    555.1432,  26242.0508,
       1,     169,     251,       1,       1,       3,       1,     10.0000,      1.4075,     42.7103,    250.4841,     63.0373,      3.4953,      0.0000,     -0.0315,      0.5257,      0.1291,      5.6271,     11.2543,      1.1410,     29.0351,     58.0703,      0.0194,      0.0004,      0.0156,      0.2093,   7872.6157,-422017.5938,   -912.8742,    555.1822,  26243.2207,
       1,     169,     251,       2,       1,       3,       1,     10.0000,      1.4075,     42.7103,    250.4841,     63.0373,      3.4953,      0.0000,     -0.0314,      0.4546,      0.1283,      5.6271,     11.2543,      1.1340,     29.0351,     58.0703,      0.0194,      0.0004,      0.0156,      0.2093,   7872.9663,-420324.3125,   -912.3340,    555.2997,  26243.2207,
       1,     169,     251,       3,       1,       3,       1,     10.0000,      1.4075,     42.7103,    250.4841,     63.0373,      3.4953,      0.0000,     -0.0313,      0.3459,      0.1261,      5.6271,     11.2543,      1.1146,     29.0351,     58.0703,      0.0194,      0.0003,      0.0156,      0.2093,   7872.9663,-420095.1250,   -912.3104,    555.3156,  26243.2207,
       1,     169,     251,       4,       1,       3,       1,     10.0000,      1.4075,     42.7103,    250.4841,     63.0373,      3.4953,      0.0000,     -0.0312,      0.2915,      0.1230,      5.6271,     11.2543,      1.0865,     29.0351,     58.0703,      0.0194,      0.0002,      0.0156,      0.2093,   7872.9663,-419943.7812,   -912.2897,    555.3261,  26243.2227,
       1,     169,     251,       5,       1,       3,       1,     10.0000,      1.4075,     42.7103,    250.4841,     63.0373,      3.4953,      0.0000,     -0.0311,      0.2868,      0.1212,      5.6271,     11.2543,      1.0711,     29.0351,     58.0703,      0.0194,      0.0002,      0.0156,      0.2093,   7872.9673,-419864.5938,   -912.2764,    555.3316,  26243.2227,
       1,     169,     251,       6,       1,       3,       1,     10.0000,      1.4075,     42.7103,    250.4841,     63.0373,      3.4953,      0.0000,     -0.0310,      0.2789,      0.1183,      5.6271,     11.2543,      1.0451,     29.0351,     58.0703,      0.0194,      0.0002,      0.0156,      0.2093,   7872.9673,-419852.2188,   -912.2756,    555.3325,  26243.2227,
       1,     169,     251,       7,       1,       3,       1,     10.0000,      1.4075,     42.7103,    250.4841,     63.0373,      3.4953,      0.0000,     -0.0310,      0.2798,      0.1186,      5.6271,     11.2543,      1.0483,     29.0351,     58.0703,      0.0194,      0.0002,      0.0156,      0.2093,   7872.9673,-419841.5000,   -912.2750,    555.3332,  26243.2207,
       1,     169,     251,       8,       1,       3,       1,     10.0000,      1.4075,     42.7103,    250.4841,     63.0373,      3.4953,      0.0235,     -0.0075,      0.2600,      0.1169,      5.6271,     11.2543,      1.0334,     29.0351,     58.0703,      0.0194,      0.0002,      0.0147,      0.2093,   7872.9663,-419842.0312,   -912.2767,    555.3332,  26243.2207,
       1,     169,     251,       9,       1,       3,       1,     10.0000,      1.4075,     42.7103,    250.4841,     63.0373,      3.4953,      0.1468,      0.1154,      3.7205,      0.1282,      5.6271,     11.2543,      1.1329,     29.0351,     58.0703,      0.0194,      0.0002,      0.1898,      0.2093,   7872.9663,-419817.9062,   -912.3325,    555.3349,  26243.2207,
       1,     169,     251,      10,       1,       3,       1,     10.0000,      1.4075,     42.7103,    250.4841,     63.0373,      3.4953,      0.1585,      0.1263,      4.8383,      0.1498,      5.6271,     11.2543,      1.3241,     29.0351,     58.0703,      0.0194,      0.0003,      0.2065,      0.2093,   7872.9663,-424021.6562,   -913.5491,    555.0431,  26243.2207,
       1,     169,     251,      11,       1,       3,       1,     10.0000,      1.4075,     42.7103,    250.4841,     63.0373,      3.4953,      0.1297,      0.0967,      4.5886,      0.1740,      5.6271,     11.2543,      1.5374,     29.0351,     58.0703,      0.0194,      0.0003,      0.1650,      0.2093,   7872.9663,-425735.2188,   -914.5258,    554.9243,  26243.2207,
       1,     169,     251,      12,       1,       3,       1,     10.0000,      1.4075,     42.7103,    250.4841,     63.0373,      3.4953,      0.1769,      0.1428,      7.9036,      0.2069,      5.6271,     11.2543,      1.8287,     29.0351,     58.0703,      0.0194,      0.0004,      0.2329,      0.2093,   7872.9663,-425576.0938,   -914.8690,    554.9353,  26243.2207,
       1,     169,     251,      13,       1,       3,       1,     10.0000,      1.4075,     42.7103,    250.4841,     63.0373,      3.4953,      0.1849,      0.1502,      9.3423,      0.2294,      5.6271,     11.2543,      2.0274,     29.0351,     58.0703,      0.0194,      0.0005,      0.2445,      0.2093,   7872.9663,-429591.9688,   -916.6054,    554.6567,  26243.2207,
       1,     169,     251,      14,       1,       3,       1,     10.0000,      1.4075,     42.7103,    250.4841,     63.0373,      3.4953,      0.1887,      0.1540,     10.2990,      0.2290,      5.6271,     11.2543,      2.0235,     29.0351,     58.0703,      0.0194,      0.0005,      0.2500,      0.2093,   7872.9663,-431679.5938,   -916.0801,    554.5120,  26243.2207,
       1,     169,     251,      15,       1,       3,       1,     10.0000,      1.4075,     42.7103,    250.4841,     63.0373,      3.4953,      0.1900,      0.1550,     28.1559,      0.2426,      5.6271,     11.2543,      2.1436,     29.0351,     58.0703,      0.0194,      0.0014,      0.2500,      0.2093,   7872.9663,-433018.6875,   -918.2937,    554.4192,  26243.2207,
       1,     169,     251,      16,       1,       3,       1,     10.0000,      1.4075,     42.7103,    250.4841,     63.0373,      3.4953,      0.1635,      0.1281,     54.3936,      0.2527,      5.6271,     11.2543,      2.2331,     29.0351,     58.0703,      0.0194,      0.0032,      0.2082,      0.2093,   7872.9663,-454838.5625,   -923.7975,    552.9071,  26243.2207,
       1,     169,     251,      17,       1,       3,       1,     10.0000,      1.4075,     42.7103,    250.4841,     63.0373,      3.4953,      0.1148,      0.0795,     61.9186,      0.2520,      5.6271,     11.2543,      2.2266,     29.0351,     58.0703,      0.0194,      0.0055,      0.1361,      0.2092,   7872.9663,-488587.6250,   -931.0746,    550.5766,  26243.2207,
       1,     169,     251,      18,       1,       3,       1,     10.0000,      1.4075,     42.7103,    250.4841,     63.0373,      3.4953,      0.0247,     -0.0097,      6.3308,      0.2208,      5.6271,     11.2543,      1.9514,     29.0351,     58.0703,      0.0194,      0.0066,      0.0117,      0.2092,   7872.9663,-500594.5000,   -934.2677,    549.7552,  26243.2227,
       1,     169,     251,      19,       1,       3,       1,     10.0000,      1.4075,     42.7103,    250.4841,     63.0373,      3.4953,      0.0156,     -0.0178,      0.1867,      0.1851,      5.6271,     11.2543,      1.6352,     29.0351,     58.0703,      0.0194,      0.0056,      0.0004,      0.2092,   7872.9673,-433958.3125,   -922.4266,    554.3350,  26243.2207,
       1,     169,     251,      20,       1,       3,       1,     10.0000,      1.4075,     42.7103,    250.4841,     63.0373,      3.4953,      0.0020,     -0.0301,      7.2573,      0.1485,      5.6271,     11.2543,      1.3121,     29.0351,     58.0703,      0.0194,      0.0057,      0.0156,      0.2093,   7872.9663,-420941.1875,   -920.3829,    555.2562,  26243.2227,
       1,     169,     251,      21,       1,       3,       1,     10.0000,      1.4075,     42.7103,    250.4841,     63.0373,      3.4953,      0.0000,     -0.0318,      8.6158,      0.1376,      5.6271,     11.2543,      1.2163,     29.0351,     58.0703,      0.0194,      0.0067,      0.0156,      0.2093,   7872.9673,-428415.7812,   -922.1737,    554.7381,  26243.2207,
       1,     169,     251,      22,       1,       3,       1,     10.0000,      1.4075,     42.7103,    250.4841,     63.0373,      3.4953,      0.0000,     -0.0317,      8.9890,      0.1343,      5.6271,     11.2543,      1.1871,     29.0351,     58.0703,      0.0194,      0.0070,      0.0156,      0.2093,   7872.9663,-430697.5938,   -923.0269,    554.5801,  26243.2207,
       1,     169,     251,      23,       1,       3,       1,     10.0000,      1.4075,     42.7103,    250.4841,     63.0373,      3.4953,      0.0000,     -0.0314,      5.4514,      0.1277,      5.6271,     11.2543,      1.1283,     29.0351,     58.0703,      0.0194,      0.0043,      0.0156,      0.2093,   7872.9663,-431343.4688,   -923.4084,    554.5353,  26243.2207,
       1,     169,     251,      24,       1,       3,       1,     10.0000,      1.4075,     42.7103,    250.4841,     63.0373,      3.4953,      0.0000,     -0.0316,      3.4327,      0.1319,      5.6271,     11.2543,      1.1656,     29.0351,     58.0703,      0.0194,      0.0027,      0.0156,      0.2093,   7872.9663,-427097.6875,   -922.8117,    554.8297,  26243.2207,
       1,     169,     252,       1,       1,       3,       1,     10.0000,      1.4076,     42.7106,    250.4901,     63.0387,      3.4953,      0.0000,     -0.0316,      1.8685,      0.1329,      5.6258,     11.2517,      1.1739,     29.0325,     58.0651,      0.0194,      0.0015,      0.0156,      0.2093,   7872.9663,-424440.8750,   -922.7194,    555.0271,  26244.3945,
       1,     169,     252,       2,       1,       3,       1,     10.0000,      1.4076,     42.7106,    250.4901,     63.0387,      3.4953,      0.0000,     -0.0315,      1.0983,      0.1308,      5.6258,     11.2517,      1.1562,     29.0325,     58.0651,      0.0194,      0.0009,      0.0156,      0.2093,   7873.3188,-422163.6250,   -922.0858,    555.1852,  26244.3945,
       1,     169,     252,       3,       1,       3,       1,     10.0000,      1.4076,     42.7106,    250.4901,     63.0387,      3.4953,      0.0000,     -0.0316,      0.6375,      0.1319,      5.6258,     11.2517,      1.1656,     29.0325,     58.0651,      0.0194,      0.0005,      0.0156,      0.2093,   7873.3188,-421035.4375,   -921.9026,    555.2634,  26244.3945,
       1,     169,     252,       4,       1,       3,       1,     10.0000,      1.4076,     42.7106,    250.4901,     63.0387,      3.4953,      0.0000,     -0.0315,      0.5936,      0.1308,      5.6258,     11.2517,      1.1562,     29.0325,     58.0651,      0.0194,      0.0005,      0.0156,      0.2093,   7873.3188,-420380.2812,   -921.7936,    555.3089,  26244.3965,
       1,     169,     252,       5,       1,       3,       1,     10.0000,      1.4076,     42.7106,    250.4901,     63.0387,      3.4953,      0.0000,     -0.0314,      0.5009,      0.1283,      5.6258,     11.2517,      1.1340,     29.0325,     58.0651,      0.0194,      0.0004,      0.0156,      0.2093,   7873.3193,-420271.5625,   -921.7845,    555.3165,  26244.3945,
       1,     169,     252,       6,       1,       3,       1,     10.0000,      1.4076,     42.7106,    250.4901,     63.0387,      3.4953,      0.0000,     -0.0315,      0.3175,      0.1307,      5.6258,     11.2517,      1.1550,     29.0325,     58.0651,      0.0194,      0.0002,      0.0156,      0.2093,   7873.3188,-420149.8125,   -921.7693,    555.3249,  26244.3945,
       1,     169,     252,       7,       1,       3,       1,     10.0000,      1.4076,     42.7106,    250.4901,     63.0387,      3.4953,      0.0000,     -0.0315,      0.3090,      0.1294,      5.6258,     11.2517,      1.1433,     29.0325,     58.0651,      0.0194,      0.0002,      0.0156,      0.2093,   7873.3188,-419916.7812,   -921.7271,    555.3411,  26244.3945,
       1,     169,     252,       8,       1,       3,       1,     10.0000,      1.4076,     42.7106,    250.4901,     63.0387,      3.4953,      0.0128,     -0.0186,      0.3058,      0.1282,      5.6258,     11.2517,      1.1329,     29.0325,     58.0651,      0.0194,      0.0002,      0.0156,      0.2093,   7873.3188,-419886.8125,   -921.7231,    555.3432,  26244.3945,
       1,     169,     252,       9,       1,       3,       1,     10.0000,      1.4076,     42.7106,    250.4901,     63.0387,      3.4953,      0.1021,      0.0705,      2.5700,      0.1327,      5.6258,     11.2517,      1.1727,     29.0325,     58.0651,      0.0194,      0.0002,      0.1260,      0.2093,   7873.3188,-419880.2500,   -921.7361,    555.3436,  26244.3945,
       1,     169,     252,      10,       1,       3,       1,     10.0000,      1.4076,     42.7106,    250.4901,     63.0387,      3.4953,      0.1629,      0.1310,      4.6180,      0.1402,      5.6258,     11.2517,      1.2387,     29.0325,     58.0651,      0.0194,      0.0003,      0.2127,      0.2093,   7873.3188,-422631.4375,   -922.3518,    555.1526,  26244.3926,
       1,     169,     252,      11,       1,       3,       1,     10.0000,      1.4076,     42.7106,    250.4901,     63.0387,      3.4953,      0.1889,      0.1562,      6.4965,      0.1640,      5.6258,     11.2517,      1.4494,     29.0325,     58.0651,      0.0194,      0.0003,      0.2500,      0.2093,   7873.3179,-425352.4688,   -923.0652,    554.9637,  26244.3945,
       1,     169,     252,      12,       1,       3,       1,     10.0000,      1.4076,     42.7106,    250.4901,     63.0387,      3.4953,      0.1888,      0.1555,      7.3683,      0.1830,      5.6258,     11.2517,      1.6175,     29.0325,     58.0651,      0.0194,      0.0004,      0.2500,      0.2093,   7873.3188,-427865.0938,   -923.8505,    554.7896,  26244.3965,
       1,     169,     252,      13,       1,       3,       1,     10.0000,      1.4076,     42.7106,    250.4901,     63.0387,      3.4953,      0.1725,      0.1390,      7.0544,      0.1878,      5.6258,     11.2517,      1.6598,     29.0325,     58.0651,      0.0194,      0.0004,      0.2265,      0.2093,   7873.3193,-429136.1875,   -924.4019,    554.7014,  26244.3926,
       1,     169,     252,      14,       1,       3,       1,     10.0000,      1.4076,     42.7106,    250.4901,     63.0387,      3.4953,      0.1550,      0.1212,      8.7592,      0.1991,      5.6258,     11.2517,      1.7597,     29.0325,     58.0651,      0.0194,      0.0005,      0.2010,      0.2093,   7873.3179,-428862.2188,   -924.5143,    554.7205,  26244.3945,
       1,     169,     252,      15,       1,       3,       1,     10.0000,      1.4076,     42.7106,    250.4901,     63.0387,      3.4953,      0.1898,      0.1555,     22.5822,      0.2136,      5.6258,     11.2517,      1.8873,     29.0325,     58.0651,      0.0194,      0.0011,      0.2500,      0.2093,   7873.3188,-430910.9688,   -925.0522,    554.5785,  26244.3926,
       1,     169,     252,      16,       1,       3,       1,     10.0000,      1.4076,     42.7106,    250.4901,     63.0387,      3.4953,      0.1797,      0.1447,     52.6172,      0.2395,      5.6258,     11.2517,      2.1166,     29.0325,     58.0651,      0.0194,      0.0028,      0.2321,      0.2093,   7873.3179,-447884.6562,   -928.5904,    553.4018,  26244.3965,
       1,     169,     252,      17,       1,       3,       1,     10.0000,      1.4076,     42.7106,    250.4901,     63.0387,      3.4953,      0.1175,      0.0831,     42.0127,      0.2213,      5.6258,     11.2517,      1.9553,     29.0325,     58.0651,      0.0194,      0.0036,      0.1427,      0.2093,   7873.3193,-485832.5000,   -936.2825,    550.7780,  26244.3965,
       1,     169,     252,      18,       1,       3,       1,     10.0000,      1.4076,     42.7106,    250.4901,     63.0387,      3.4953,      0.0453,      0.0125,     10.4533,      0.1678,      5.6258,     11.2517,      1.4831,     29.0325,     58.0651,      0.0194,      0.0030,      0.0428,      0.2092,   7873.3193,-476143.5312,   -934.7407,    551.4512,  26244.3945,
       1,     169,     252,      19,       1,       3,       1,     10.0000,      1.4076,     42.7106,    250.4901,     63.0387,      3.4953,      0.0184,     -0.0140,      1.3575,      0.1568,      5.6258,     11.2517,      1.3854,     29.0325,     58.0651,      0.0194,      0.0030,      0.0055,      0.2092,   7873.3188,-436939.0938,   -927.3328,    554.1541,  26244.3945,
       1,     169,     252,      20,       1,       3,       1,     10.0000,      1.4076,     42.7106,    250.4901,     63.0387,      3.4953,      0.0043,     -0.0278,      4.7837,      0.1449,      5.6258,     11.2517,      1.2807,     29.0325,     58.0651,      0.0194,      0.0037,      0.0156,      0.2093,   7873.3188,-422602.5625,   -924.6171,    555.1537,  26244.3965,
       1,     169,     252,      21,       1,       3,       1,     10.0000,      1.4076,     42.7106,    250.4901,     63.0387,      3.4953,      0.0000,     -0.0316,      6.0373,      0.1339,      5.6258,     11.2517,      1.1835,     29.0325,     58.0651,      0.0194,      0.0047,      0.0156,      0.2093,   7873.3193,-425552.2500,   -925.2374,    554.9500,  26244.3926,
       1,     169,     252,      22,       1,       3,       1,     10.0000,      1.4076,     42.7106,    250.4901,     63.0387,      3.4953,      0.0000,     -0.0315,      5.6478,      0.1296,      5.6258,     11.2517,      1.1456,     29.0325,     58.0651,      0.0194,      0.0044,      0.0156,      0.2093,   7873.3179,-427323.8750,   -925.6378,    554.8271,  26244.3945,
       1,     169,     252,      23,       1,       3,       1,     10.0000,      1.4076,     42.7106,    250.4901,     63.0387,      3.4953,      0.0000,     -0.0314,      3.3240,      0.1273,      5.6258,     11.2517,      1.1248,     29.0325,     58.0651,      0.0194,      0.0026,      0.0156,      0.2093,   7873.3188,-426999.7500,   -925.6243,    554.8496,  26244.3945,
       1,     169,     252,      24,       1,       3,       1,     10.0000,      1.4076,     42.7106,    250.4901,     63.0387,      3.4953,      0.0000,     -0.0313,      1.9779,      0.1249,      5.6258,     11.2517,      1.1033,     29.0325,     58.0651,      0.0194,      0.0015,      0.0156,      0.2093,   7873.3188,-424148.1562,   -925.1011,    555.0474,  26244.3965,
       1,     169,     253,       1,       1,       3,       1,     10.0000,      1.4076,     42.7109,    250.4959,     63.0403,      3.4953,      0.0000,     -0.0311,      1.7460,      0.1210,      5.6267,     11.2534,      1.0689,     29.0308,     58.0616,      0.0194,      0.0014,      0.0156,      0.2093,   7873.3193,-422426.1562,   -924.5194,    555.1800,  26245.5645,
       1,     169,     253,       2,       1,       3,       1,     10.0000,      1.4076,     42.7109,    250.4959,     63.0403,      3.4953,      0.0000,     -0.0311,      1.0400,      0.1208,      5.6267,     11.2534,      1.0678,     29.0308,     58.0616,      0.0194,      0.0008,      0.0156,      0.2093,   7873.6694,-421847.4062,   -924.1739,    555.2202,  26245.5645,
       1,     169,     253,       3,       1,       3,       1,     10.0000,      1.4076,     42.7109,    250.4959,     63.0403,      3.4953,      0.0000,     -0.0312,      0.7417,      0.1218,      5.6267,     11.2534,      1.0766,     29.0308,     58.0616,      0.0194,      0.0006,      0.0156,      0.2093,   7873.6694,-420940.7500,   -924.0179,    555.2831,  26245.5645,
       1,     169,     253,       4,       1,       3,       1,     10.0000,      1.4076,     42.7109,    250.4959,     63.0403,      3.4953,      0.0000,     -0.0311,      0.4269,      0.1216,      5.6267,     11.2534,      1.0744,     29.0308,     58.0616,      0.0194,      0.0003,      0.0156,      0.2093,   7873.6694,-420501.8750,   -923.9452,    555.3135,  26245.5645,
       1,     169,     253,       5,       1,       3,       1,     10.0000,      1.4076,     42.7109,    250.4959,     63.0403,      3.4953,      0.0000,     -0.0312,      0.2966,      0.1231,      5.6267,     11.2534,      1.0877,     29.0308,     58.0616,      0.0194,      0.0002,      0.0156,      0.2093,   7873.6694,-420082.3750,   -923.8695,    555.3427,  26245.5645,
       1,     169,     253,       6,       1,       3,       1,     10.0000,      1.4076,     42.7109,    250.4959,     63.0403,      3.4953,      0.0000,     -0.0313,      0.2963,      0.1247,      5.6267,     11.2534,      1.1022,     29.0308,     58.0616,      0.0194,      0.0002,      0.0156,      0.2093,   7873.6694,-419888.6250,   -923.8340,    555.3561,  26245.5664,
       1,     169,     253,       7,       1,       3,       1,     10.0000,      1.4076,     42.7109,    250.4959,     63.0403,      3.4953,      0.0000,     -0.0314,      0.3221,      0.1279,      5.6267,     11.2534,      1.1306,     29.0308,     58.0616,      0.0194,      0.0003,      0.0156,      0.2093,   7873.6704,-419871.5625,   -923.8314,    555.3573,  26245.5645,
       1,     169,     253,       8,       1,       3,       1,     10.0000,      1.4076,     42.7109,    250.4959,     63.0403,      3.4953,      0.0140,     -0.0174,      0.0119,      0.1287,      5.6267,     11.2534,      1.1375,     29.0308,     58.0616,      0.0194,      0.0002,      0.0006,      0.2093,   7873.6694,-419901.7500,   -923.8397,    555.3552,  26245.5645,
       1,     169,     253,       9,       1,       3,       1,     10.0000,      1.4076,     42.7109,    250.4959,     63.0403,      3.4953,      0.0853,      0.0536,      2.1470,      0.1354,      5.6267,     11.2534,      1.1968,     29.0308,     58.0616,      0.0194,      0.0003,      0.1021,      0.2093,   7873.6694,-419527.5312,   -923.7740,    555.3812,  26245.5645,
       1,     169,     253,      10,       1,       3,       1,     10.0000,      1.4076,     42.7109,    250.4959,     63.0403,      3.4953,      0.1358,      0.1037,      4.0023,      0.1474,      5.6267,     11.2534,      1.3029,     29.0308,     58.0616,      0.0194,      0.0003,      0.1740,      0.2093,   7873.6694,-422090.1562,   -924.3073,    555.2033,  26245.5645,
       1,     169,     253,      11,       1,       3,       1,     10.0000,      1.4076,     42.7109,    250.4959,     63.0403,      3.4953,      0.1569,      0.1241,      6.5646,      0.1670,      5.6267,     11.2534,      1.4757,     29.0308,     58.0616,      0.0194,      0.0004,      0.2040,      0.2093,   7873.6694,-424560.9375,   -924.8519,    555.0319,  26245.5645,
       1,     169,     253,      12,       1,       3,       1,     10.0000,      1.4076,     42.7109,    250.4959,     63.0403,      3.4953,      0.1592,      0.1263,      6.2358,      0.1694,      5.6267,     11.2534,      1.4965,     29.0308,     58.0616,      0.0194,      0.0004,      0.2073,      0.2093,   7873.6694,-427882.8125,   -925.5939,    554.8013,  26245.5645,
       1,     169,     253,      13,       1,       3,       1,     10.0000,      1.4076,     42.7109,    250.4959,     63.0403,      3.4953,      0.1662,      0.1330,      6.1282,      0.1761,      5.6267,     11.2534,      1.5559,     29.0308,     58.0616,      0.0194,      0.0003,      0.2174,      0.2093,   7873.6694,-427763.6562,   -925.6641,    554.8097,  26245.5645,
       1,     169,     253,      14,       1,       3,       1,     10.0000,      1.4076,     42.7109,    250.4959,     63.0403,      3.4953,      0.1702,      0.1373,     10.7355,      0.1699,      5.6267,     11.2534,      1.5010,     29.0308,     58.0616,      0.0194,      0.0006,      0.2227,      0.2093,   7873.6694,-427622.6875,   -925.7320,    554.8195,  26245.5645,
       1,     169,     253,      15,       1,       3,       1,     10.0000,      1.4076,     42.7109,    250.4959,     63.0403,      3.4953,      0.1677,      0.1353,     31.2961,      0.1571,      5.6267,     11.2534,      1.3882,     29.0308,     58.0616,      0.0194,      0.0018,      0.2167,      0.2093,   7873.6694,-433209.8125,   -926.9284,    554.4321,  26245.5645,
       1,     169,     253,      16,       1,       3,       1,     10.0000,      1.4076,     42.7109,    250.4959,     63.0403,      3.4953,      0.0556,      0.0228,     14.1876,      0.1690,      5.6267,     11.2534,      1.4936,     29.0308,     58.0616,      0.0194,      0.0030,      0.0572,      0.2093,   7873.6694,-458668.8125,   -932.0441,    552.6677,  26245.5645,
       1,     169,     253,      17,       1,       3,       1,     10.0000,      1.4076,     42.7109,    250.4959,     63.0403,      3.4953,      0.0088,     -0.0244,      3.4667,      0.1764,      5.6267,     11.2534,      1.5590,     29.0308,     58.0616,      0.0194,      0.0027,      0.0156,      0.2093,   7873.6694,-440021.2188,   -928.5665,    553.9587,  26245.5645,
       1,     169,     253,      18,       1,       3,       1,     10.0000,      1.4076,     42.7109,    250.4959,     63.0403,      3.4953,      0.0236,     -0.0093,      2.7502,      0.1721,      5.6267,     11.2534,      1.5206,     29.0308,     58.0616,      0.0194,      0.0027,      0.0122,      0.2093,   7873.6694,-425421.6875,   -925.7934,    554.9712,  26245.5625,
       1,     169,     253,      19,       1,       3,       1,     10.0000,      1.4076,     42.7109,    250.4959,     63.0403,      3.4953,      0.0316,     -0.0011,      4.1392,      0.1630,      5.6267,     11.2534,      1.4407,     29.0308,     58.0616,      0.0194,      0.0021,      0.0239,      0.2093,   7873.6689,-423321.5938,   -925.4192,    555.1178,  26245.5645,
       1,     169,     253,      20,       1,       3,       1,     10.0000,      1.4076,     42.7109,    250.4959,     63.0403,      3.4953,      0.0016,     -0.0308,      2.0807,      0.1530,      5.6267,     11.2534,      1.3524,     29.0308,     58.0616,      0.0194,      0.0016,      0.0156,      0.2093,   7873.6694,-424831.1875,   -925.7418,    555.0131,  26245.5645,
       1,     169,     253,      21,       1,       3,       1,     10.0000,      1.4076,     42.7109,    250.4959,     63.0403,      3.4953,      0.0000,     -0.0321,      2.6154,      0.1460,      5.6267,     11.2534,      1.2899,     29.0308,     58.0616,      0.0194,      0.0020,      0.0156,      0.2093,   7873.6694,-422456.9375,   -925.3002,    555.1778,  26245.5664,
       1,     169,     253,      22,       1,       3,       1,     10.0000,      1.4076,     42.7109,    250.4959,     63.0403,      3.4953,      0.0000,     -0.0319,      2.9064,      0.1410,      5.6267,     11.2534,      1.2463,     29.0308,     58.0616,      0.0194,      0.0023,      0.0156,      0.2093,   7873.6704,-422906.1562,   -925.4052,    555.1467,  26245.5625,
       1,     169,     253,      23,       1,       3,       1,     10.0000,      1.4076,     42.7109,    250.4959,     63.0403,      3.4953,      0.0000,     -0.0319,      2.7210,      0.1420,      5.6267,     11.2534,      1.2552,     29.0308,     58.0616,      0.0194,      0.0021,      0.0156,      0.2093,   7873.6689,-423298.2188,   -925.5010,    555.1194,  26245.5645,
       1,     169,     253,      24,       1,       3,       1,     10.0000,      1.4076,     42.7109,    250.4959,     63.0403,      3.4953,      0.0000,     -0.0319,      2.5117,      0.1420,      5.6267,     11.2534,      1.2552,     29.0308,     58.0616,      0.0194,      0.0020,      0.0156,      0.2093,   7873.6694,-423105.7812,   -925.4816,    555.1329,  26245.5645,
       1,     169,     254,       1,       1,       3,       1,     10.0000,      1.4076,     42.7113,    250.5018,     63.0417,      3.4953,      0.0000,     -0.0319,      1.7096,      0.1416,      5.6269,     11.2538,      1.2514,     29.0200,     58.0400,      0.0194,      0.0013,      0.0156,      0.2093,   7873.6694,-422990.0938,   -925.7529,    555.1541,  26246.7344,
       1,     169,     254,       2,       1,       3,       1,     10.0000,      1.4076,     42.7113,    250.5018,     63.0417,      3.4953,      0.0000,     -0.0320,      1.1545,      0.1441,      5.6269,     11.2538,      1.2731,     29.0200,     58.0400,      0.0194,      0.0009,      0.0156,      0.2093,   7874.0205,-421854.0000,   -925.2729,    555.2329,  26246.7363,
       1,     169,     254,       3,       1,       3,       1,     10.0000,      1.4076,     42.7113,    250.5018,     63.0417,      3.4953,      0.0000,     -0.0319,      0.6287,      0.1409,      5.6269,     11.2538,      1.2451,     29.0200,     58.0400,      0.0194,      0.0005,      0.0156,      0.2093,   7874.0210,-421083.4375,   -925.1307,    555.2863,  26246.7363,
       1,     169,     254,       4,       1,       3,       1,     10.0000,      1.4076,     42.7113,    250.5018,     63.0417,      3.4953,      0.0000,     -0.0316,      0.5886,      0.1320,      5.6269,     11.2538,      1.1669,     29.0200,     58.0400,      0.0194,      0.0005,      0.0156,      0.2093,   7874.0210,-420379.7188,   -924.9981,    555.3353,  26246.7344,
       1,     169,     254,       5,       1,       3,       1,     10.0000,      1.4076,     42.7113,    250.5018,     63.0417,      3.4953,      0.0000,     -0.0314,      0.4938,      0.1270,      5.6269,     11.2538,      1.1226,     29.0200,     58.0400,      0.0194,      0.0004,      0.0156,      0.2093,   7874.0205,-420271.6875,   -924.9809,    555.3427,  26246.7363,
       1,     169,     254,       6,       1,       3,       1,     10.0000,      1.4076,     42.7113,    250.5018,     63.0417,      3.4953,      0.0000,     -0.0315,      0.3807,      0.1312,      5.6269,     11.2538,      1.1598,     29.0200,     58.0400,      0.0194,      0.0003,      0.0156,      0.2093,   7874.0210,-420147.2500,   -924.9591,    555.3513,  26246.7363,
       1,     169,     254,       7,       1,       3,       1,     10.0000,      1.4076,     42.7113,    250.5018,     63.0417,      3.4953,      0.0000,     -0.0316,      1.0498,      0.1322,      5.6269,     11.2538,      1.1680,     29.0200,     58.0400,      0.0194,      0.0008,      0.0156,      0.2093,   7874.0210,-419999.4062,   -924.9325,    555.3616,  26246.7344,
       1,     169,     254,       8,       1,       3,       1,     10.0000,      1.4076,     42.7113,    250.5018,     63.0417,      3.4953,      0.0034,     -0.0283,      1.5553,      0.1356,      5.6269,     11.2538,      1.1981,     29.0200,     58.0400,      0.0194,      0.0012,      0.0156,      0.2093,   7874.0205,-420800.0000,   -925.0934,    555.3061,  26246.7344,
       1,     169,     254,       9,       1,       3,       1,     10.0000,      1.4076,     42.7113,    250.5018,     63.0417,      3.4953,      0.0316,     -0.0006,      1.4437,      0.1486,      5.6269,     11.2538,      1.3135,     29.0200,     58.0400,      0.0194,      0.0007,      0.0247,      0.2093,   7874.0205,-421481.7188,   -925.2339,    555.2587,  26246.7363,
       1,     169,     254,      10,       1,       3,       1,     10.0000,      1.4076,     42.7113,    250.5018,     63.0417,      3.4953,      0.0618,      0.0283,      3.4305,      0.1899,      5.6269,     11.2538,      1.6781,     29.0200,     58.0400,      0.0194,      0.0006,      0.0668,      0.2093,   7874.0210,-421403.5625,   -925.2267,    555.2642,  26246.7383,
       1,     169,     254,      11,       1,       3,       1,     10.0000,      1.4076,     42.7113,    250.5018,     63.0417,      3.4953,      0.1088,      0.0753,      9.1311,      0.1893,      5.6269,     11.2538,      1.6731,     29.0200,     58.0400,      0.0194,      0.0008,      0.1341,      0.2093,   7874.0220,-423810.4375,   -925.7088,    555.0971,  26246.7344,
       1,     169,     254,      12,       1,       3,       1,     10.0000,      1.4076,     42.7113,    250.5018,     63.0417,      3.4953,      0.1441,      0.1103,     15.9492,      0.1966,      5.6269,     11.2538,      1.7373,     29.0200,     58.0400,      0.0194,      0.0011,      0.1843,      0.2093,   7874.0205,-430940.3750,   -927.1347,    554.6024,  26246.7383,
       1,     169,     254,      13,       1,       3,       1,     10.0000,      1.4076,     42.7113,    250.5018,     63.0417,      3.4953,      0.1475,      0.1135,     21.2785,      0.2053,      5.6269,     11.2538,      1.8145,     29.0200,     58.0400,      0.0194,      0.0014,      0.1886,      0.2093,   7874.0220,-439826.4375,   -928.9309,    553.9866,  26246.7363,
       1,     169,     254,      14,       1,       3,       1,     10.0000,      1.4076,     42.7113,    250.5018,     63.0417,      3.4953,      0.1773,      0.1426,     38.9779,      0.2270,      5.6269,     11.2538,      2.0059,     29.0200,     58.0400,      0.0194,      0.0021,      0.2300,      0.2093,   7874.0210,-447053.0938,   -930.4047,    553.4865,  26246.7363,
       1,     169,     254,      15,       1,       3,       1,     10.0000,      1.4076,     42.7113,    250.5018,     63.0417,      3.4953,      0.1521,      0.1172,     70.8999,      0.2368,      5.6269,     11.2538,      2.0921,     29.0200,     58.0400,      0.0194,      0.0045,      0.1897,      0.2093,   7874.0210,-469174.3438,   -934.9100,    551.9562,  26246.7363,
       1,     169,     254,      16,       1,       3,       1,     10.0000,      1.4076,     42.7113,    250.5018,     63.0417,      3.4953,      0.1332,      0.0986,     62.2361,      0.2272,      5.6269,     11.2538,      2.0078,     29.0200,     58.0400,      0.0194,      0.0046,      0.1631,      0.2093,   7874.0210,-509853.6562,   -943.1702,    549.1517,  26246.7363,
       1,     169,     254,      17,       1,       3,       1,     10.0000,      1.4076,     42.7113,    250.5018,     63.0417,      3.4953,      0.1385,      0.1039,     61.8711,      0.2235,      5.6269,     11.2538,      1.9746,     29.0200,     58.0400,      0.0194,      0.0044,      0.1709,      0.2093,   7874.0210,-502752.0000,   -942.1398,    549.6464,  26246.7383,
       1,     169,     254,      18,       1,       3,       1,     10.0000,      1.4076,     42.7113,    250.5018,     63.0417,      3.4953,      0.1136,      0.0790,     53.8730,      0.2232,      5.6269,     11.2538,      1.9727,     29.0200,     58.0400,      0.0194,      0.0048,      0.1355,      0.2093,   7874.0220,-501703.0312,   -942.2635,    549.7186,  26246.7363,
       1,     169,     254,      19,       1,       3,       1,     10.0000,      1.4076,     42.7113,    250.5018,     63.0417,      3.4953,      0.0701,      0.0364,     33.9845,      0.1972,      5.6269,     11.2538,      1.7424,     29.0200,     58.0400,      0.0194,      0.0055,      0.0751,      0.2093,   7874.0210,-491886.0000,   -940.6274,    550.3931,  26246.7344,
       1,     169,     254,      20,       1,       3,       1,     10.0000,      1.4076,     42.7113,    250.5018,     63.0417,      3.4953,      0.0165,     -0.0165,      0.9683,      0.1745,      5.6269,     11.2538,      1.5421,     29.0200,     58.0400,      0.0194,      0.0057,      0.0021,      0.2093,   7874.0205,-466873.5000,   -935.9069,    552.1144,  26246.7363,
       1,     169,     254,      21,       1,       3,       1,     10.0000,      1.4076,     42.7113,    250.5018,     63.0417,      3.4953,      0.0000,     -0.0328,      5.5658,      0.1662,      5.6269,     11.2538,      1.4684,     29.0200,     58.0400,      0.0194,      0.0043,      0.0156,      0.2093,   7874.0210,-424637.7500,   -927.6298,    555.0320,  26246.7363,
       1,     169,     254,      22,       1,       3,       1,     10.0000,      1.4076,     42.7113,    250.5018,     63.0417,      3.4953,      0.0000,     -0.0326,      5.4257,      0.1606,      5.6269,     11.2538,      1.4192,     29.0200,     58.0400,      0.0194,      0.0042,      0.0156,      0.2093,   7874.0210,-426687.4375,   -928.0246,    554.8975,  26246.7363,
       1,     169,     254,      23,       1,       3,       1,     10.0000,      1.4076,     42.7113,    250.5018,     63.0417,      3.4953,      0.0000,     -0.0326,      5.5438,      0.1616,      5.6269,     11.2538,      1.4278,     29.0200,     58.0400,      0.0194,      0.0043,      0.0156,      0.2093,   7874.0210,-426680.6875,   -928.0253,    554.8980,  26246.7363,
       1,     169,     254,      24,       1,       3,       1,     10.0000,      1.4076,     42.7113,    250.5018,     63.0417,      3.4953,      0.0000,     -0.0324,      4.6246,      0.1552,      5.6269,     11.2538,      1.3716,     29.0200,     58.0400,      0.0194,      0.0036,      0.0156,      0.2093,   7874.0210,-426823.5938,   -928.0515,    554.8881,  26246.7363,
       1,     169,     255,       1,       1,       3,       1,     10.0000,      1.4076,     42.7116,    250.5077,     63.0432,      3.4953,      0.0000,     -0.0322,      3.5341,      0.1496,      5.6270,     11.2540,      1.3215,     29.0119,     58.0239,      0.0194,      0.0028,      0.0156,      0.2094,   7874.0210,-425873.0000,   -928.1426,    554.9671,  26247.9082,
       1,     169,     255,       2,       1,       3,       1,     10.0000,      1.4076,     42.7116,    250.5077,     63.0432,      3.4953,      0.0000,     -0.0319,      2.7812,      0.1409,      5.6270,     11.2540,      1.2451,     29.0119,     58.0239,      0.0194,      0.0022,      0.0156,      0.2094,   7874.3726,-424315.8125,   -927.5610,    555.0751,  26247.9082,
       1,     169,     255,       3,       1,       3,       1,     10.0000,      1.4076,     42.7116,    250.5077,     63.0432,      3.4953,      0.0000,     -0.0319,      2.2024,      0.1416,      5.6270,     11.2540,      1.2514,     29.0119,     58.0239,      0.0194,      0.0017,      0.0156,      0.2094,   7874.3726,-423269.8438,   -927.3504,    555.1476,  26247.9082,
       1,     169,     255,       4,       1,       3,       1,     10.0000,      1.4076,     42.7116,    250.5077,     63.0432,      3.4953,      0.0000,     -0.0320,      1.8438,      0.1425,      5.6270,     11.2540,      1.2590,     29.0119,     58.0239,      0.0194,      0.0014,      0.0156,      0.2094,   7874.3726,-422478.5312,   -927.1928,    555.2026,  26247.9082,
       1,     169,     255,       5,       1,       3,       1,     10.0000,      1.4076,     42.7116,    250.5077,     63.0432,      3.4953,      0.0000,     -0.0319,      1.0985,      0.1399,      5.6270,     11.2540,      1.2363,     29.0119,     58.0239,      0.0194,      0.0009,      0.0156,      0.2094,   7874.3726,-421976.0938,   -927.0947,    555.2374,  26247.9062,
       1,     169,     255,       6,       1,       3,       1,     10.0000,      1.4076,     42.7116,    250.5077,     63.0432,      3.4953,      0.0000,     -0.0318,      0.5928,      0.1389,      5.6270,     11.2540,      1.2276,     29.0119,     58.0239,      0.0194,      0.0005,      0.0156,      0.2094,   7874.3721,-421028.7188,   -926.9080,    555.3032,  26247.9062,
       1,     169,     255,       7,       1,       3,       1,     10.0000,      1.4076,     42.7116,    250.5077,     63.0432,      3.4953,      0.0000,     -0.0318,      0.7172,      0.1382,      5.6270,     11.2540,      1.2214,     29.0119,     58.0239,      0.0194,      0.0006,      0.0156,      0.2094,   7874.3721,-420334.5000,   -926.7725,    555.3514,  26247.9062,
       1,     169,     255,       8,       1,       3,       1,     10.0000,      1.4076,     42.7116,    250.5077,     63.0432,      3.4953,      0.0147,     -0.0170,      0.0693,      0.1364,      5.6270,     11.2540,      1.2054,     29.0119,     58.0239,      0.0194,      0.0007,      0.0012,      0.2094,   7874.3721,-420427.0625,   -926.7911,    555.3450,  26247.9082,
       1,     169,     255,       9,       1,       3,       1,     10.0000,      1.4076,     42.7116,    250.5077,     63.0432,      3.4953,      0.1216,      0.0895,      4.2977,      0.1470,      5.6270,     11.2540,      1.2991,     29.0119,     58.0239,      0.0194,      0.0003,      0.1535,      0.2094,   7874.3726,-419647.5000,   -926.6299,    555.3991,  26247.9062,
       1,     169,     255,      10,       1,       3,       1,     10.0000,      1.4076,     42.7116,    250.5077,     63.0432,      3.4953,      0.1782,      0.1447,      7.2338,      0.1903,      5.6270,     11.2540,      1.6815,     29.0119,     58.0239,      0.0194,      0.0004,      0.2347,      0.2094,   7874.3721,-424718.8125,   -927.6202,    555.0471,  26247.9082,
       1,     169,     255,      11,       1,       3,       1,     10.0000,      1.4076,     42.7116,    250.5077,     63.0432,      3.4953,      0.1887,      0.1546,      8.6207,      0.2098,      5.6270,     11.2540,      1.8543,     29.0119,     58.0239,      0.0194,      0.0004,      0.2500,      0.2094,   7874.3726,-428713.3125,   -928.3439,    554.7700,  26247.9082,
       1,     169,     255,      12,       1,       3,       1,     10.0000,      1.4076,     42.7116,    250.5077,     63.0432,      3.4953,      0.1887,      0.1539,      9.7608,      0.2338,      5.6270,     11.2540,      2.0657,     29.0119,     58.0239,      0.0194,      0.0005,      0.2500,      0.2094,   7874.3726,-430735.3125,   -928.5968,    554.6298,  26247.9102,
       1,     169,     255,      13,       1,       3,       1,     10.0000,      1.4076,     42.7116,    250.5077,     63.0432,      3.4953,      0.1879,      0.1524,     10.9604,      0.2595,      5.6270,     11.2540,      2.2927,     29.0119,     58.0239,      0.0194,      0.0005,      0.2490,      0.2094,   7874.3735,-432290.6875,   -928.7307,    554.5220,  26247.9102,
       1,     169,     255,      14,       1,       3,       1,     10.0000,      1.4076,     42.7116,    250.5077,     63.0432,      3.4953,      0.1682,      0.1329,     12.6719,      0.2530,      5.6270,     11.2540,      2.2355,     29.0119,     58.0239,      0.0194,      0.0007,      0.2199,      0.2094,   7874.3735,-433879.3125,   -928.9138,    554.4119,  26247.9082,
       1,     169,     255,      15,       1,       3,       1,     10.0000,      1.4076,     42.7116,    250.5077,     63.0432,      3.4953,      0.1344,      0.0988,     44.2458,      0.2651,      5.6270,     11.2540,      2.3422,     29.0119,     58.0239,      0.0194,      0.0032,      0.1668,      0.2094,   7874.3726,-436093.0312,   -929.3223,    554.2585,  26247.9082,
       1,     169,     255,      16,       1,       3,       1,     10.0000,      1.4076,     42.7116,    250.5077,     63.0432,      3.4953,      0.1385,      0.1032,     60.4706,      0.2540,      5.6270,     11.2540,      2.2442,     29.0119,     58.0239,      0.0194,      0.0043,      0.1710,      0.2094,   7874.3726,-474644.7188,   -937.0458,    551.5876,  26247.9062,
       1,     169,     255,      17,       1,       3,       1,     10.0000,      1.4076,     42.7116,    250.5077,     63.0432,      3.4953,      0.1765,      0.1418,    109.1225,      0.2288,      5.6270,     11.2540,      2.0217,     29.0119,     58.0239,      0.0194,      0.0060,      0.2209,      0.2093,   7874.3721,-497634.9375,   -941.7762,    550.0089,  26247.9082,
       1,     169,     255,      18,       1,       3,       1,     10.0000,      1.4076,     42.7116,    250.5077,     63.0432,      3.4953,      0.1323,      0.0984,     89.0466,      0.1997,      5.6270,     11.2540,      1.7650,     29.0119,     58.0239,      0.0194,      0.0068,      0.1589,      0.2093,   7874.3726,-558737.0625,   -954.2315,    545.8103,  26247.9102,
       1,     169,     255,      19,       1,       3,       1,     10.0000,      1.4076,     42.7116,    250.5077,     63.0432,      3.4953,      0.0556,      0.0221,     29.1928,      0.1907,      5.6270,     11.2540,      1.6848,     29.0119,     58.0239,      0.0194,      0.0065,      0.0548,      0.2092,   7874.3735,-539475.6875,   -950.7640,    547.1404,  26247.9102,
       1,     169,     255,      20,       1,       3,       1,     10.0000,      1.4076,     42.7116,    250.5077,     63.0432,      3.4953,      0.0081,     -0.0251,      8.0563,      0.1805,      5.6270,     11.2540,      1.5952,     29.0119,     58.0239,      0.0194,      0.0063,      0.0156,      0.2092,   7874.3735,-465001.2812,   -936.0538,    552.2355,  26247.9043,
       1,     169,     255,      21,       1,       3,       1,     10.0000,      1.4076,     42.7116,    250.5077,     63.0432,      3.4953,      0.0000,     -0.0331,      7.8092,      0.1757,      5.6270,     11.2540,      1.5529,     29.0119,     58.0239,      0.0194,      0.0061,      0.0156,      0.2093,   7874.3716,-433126.0000,   -929.6722,    554.4597,  26247.9062,
       1,     169,     255,      22,       1,       3,       1,     10.0000,      1.4076,     42.7116,    250.5077,     63.0432,      3.4953,      0.0000,     -0.0329,      6.8001,      0.1702,      5.6270,     11.2540,      1.5041,     29.0119,     58.0239,      0.0194,      0.0053,      0.0156,      0.2094,   7874.3721,-430126.8750,   -929.0325,    554.6720,  26247.9062,
       1,     169,     255,      23,       1,       3,       1,     10.0000,      1.4076,     42.7116,    250.5077,     63.0432,      3.4953,      0.0000,     -0.0327,      4.6892,      0.1624,      5.6270,     11.2540,      1.4350,     29.0119,     58.0239,      0.0194,      0.0037,      0.0156,      0.2094,   7874.3721,-428642.7500,   -928.6921,    554.7750,  26247.9082,
       1,     169,     255,      24,       1,       3,       1,     10.0000,      1.4076,     42.7116,    250.5077,     63.0432,      3.4953,      0.0000,     -0.0325,      4.0165,      0.1592,      5.6270,     11.2540,      1.4065,     29.0119,     58.0239,      0.0194,      0.0031,      0.0156,      0.2094,   7874.3726,-425952.5625,   -928.1389,    554.9615,  26247.9062,
       1,     169,     256,       1,       1,       3,       1,     10.0000,      1.4076,     42.7119,    250.5136,     63.0446,      3.4953,      0.0000,     -0.0325,      3.3113,      0.1571,      5.6264,     11.2529,      1.3883,     29.0133,     58.0265,      0.0194,      0.0026,      0.0156,      0.2094,   7874.3721,-425063.3438,   -928.2333,    555.0364,  26249.0762,
       1,     169,     256,       2,       1,       3,       1,     10.0000,      1.4076,     42.7119,    250.5136,     63.0446,      3.4953,      0.0000,     -0.0323,      2.9735,      0.1521,      5.6264,     11.2529,      1.3444,     29.0133,     58.0265,      0.0194,      0.0023,      0.0156,      0.2094,   7874.7231,-423979.5312,   -927.7274,    555.1116,  26249.0742,
       1,     169,     256,       3,       1,       3,       1,     10.0000,      1.4076,     42.7119,    250.5136,     63.0446,      3.4953,      0.0000,     -0.0321,      2.4842,      0.1476,      5.6264,     11.2529,      1.3043,     29.0133,     58.0265,      0.0194,      0.0019,      0.0156,      0.2094,   7874.7227,-423478.3438,   -927.6107,    555.1464,  26249.0762,
       1,     169,     256,       4,       1,       3,       1,     10.0000,      1.4076,     42.7119,    250.5136,     63.0446,      3.4953,      0.0000,     -0.0322,      1.6281,      0.1487,      5.6264,     11.2529,      1.3136,     29.0133,     58.0265,      0.0194,      0.0013,      0.0156,      0.2094,   7874.7231,-422841.1875,   -927.4669,    555.1906,  26249.0762,
       1,     169,     256,       5,       1,       3,       1,     10.0000,      1.4076,     42.7119,    250.5136,     63.0446,      3.4953,      0.0000,     -0.0322,      0.6595,      0.1500,      5.6264,     11.2529,      1.3255,     29.0133,     58.0265,      0.0194,      0.0005,      0.0156,      0.2094,   7874.7231,-421747.6875,   -927.2407,    555.2665,  26249.0762,
       1,     169,     256,       6,       1,       3,       1,     10.0000,      1.4076,     42.7119,    250.5136,     63.0446,      3.4953,      0.0000,     -0.0320,      0.4329,      0.1450,      5.6264,     11.2529,      1.2809,     29.0133,     58.0265,      0.0194,      0.0003,      0.0156,      0.2094,   7874.7231,-420478.6875,   -926.9860,    555.3545,  26249.0762,
       1,     169,     256,       7,       1,       3,       1,     10.0000,      1.4076,     42.7119,    250.5136,     63.0446,      3.4953,      0.0000,     -0.0320,      0.6413,      0.1428,      5.6264,     11.2529,      1.2616,     29.0133,     58.0265,      0.0194,      0.0005,      0.0156,      0.2094,   7874.7231,-420096.6875,   -926.9113,    555.3810,  26249.0762,
       1,     169,     256,       8,       1,       3,       1,     10.0000,      1.4076,     42.7119,    250.5136,     63.0446,      3.4953,      0.0153,     -0.0166,      0.0531,      0.1432,      5.6264,     11.2529,      1.2654,     29.0133,     58.0265,      0.0194,      0.0004,      0.0018,      0.2094,   7874.7231,-420317.5625,   -926.9548,    555.3657,  26249.0742,
       1,     169,     256,       9,       1,       3,       1,     10.0000,      1.4076,     42.7119,    250.5136,     63.0446,      3.4953,      0.1052,      0.0731,      2.9779,      0.1467,      5.6264,     11.2529,      1.2965,     29.0133,     58.0265,      0.0194,      0.0003,      0.1302,      0.2094,   7874.7227,-419622.0938,   -926.8098,    555.4140,  26249.0781,
       1,     169,     256,      10,       1,       3,       1,     10.0000,      1.4076,     42.7119,    250.5136,     63.0446,      3.4953,      0.1562,      0.1240,      4.7702,      0.1502,      5.6264,     11.2529,      1.3269,     29.0133,     58.0265,      0.0194,      0.0003,      0.2031,      0.2094,   7874.7236,-423115.4688,   -927.4441,    555.1714,  26249.0762,
       1,     169,     256,      11,       1,       3,       1,     10.0000,      1.4076,     42.7119,    250.5136,     63.0446,      3.4953,      0.1629,      0.1305,      5.1054,      0.1531,      5.6264,     11.2529,      1.3525,     29.0133,     58.0265,      0.0194,      0.0003,      0.2127,      0.2094,   7874.7231,-425587.5312,   -929.7389,    554.9999,  26249.0742,
       1,     169,     256,      12,       1,       3,       1,     10.0000,      1.4076,     42.7119,    250.5136,     63.0446,      3.4953,      0.1733,      0.1407,      5.7009,      0.1589,      5.6264,     11.2529,      1.4037,     29.0133,     58.0265,      0.0194,      0.0003,      0.2276,      0.2094,   7874.7227,-426203.5938,   -930.4724,    554.9572,  26249.0762,
       1,     169,     256,      13,       1,       3,       1,     10.0000,      1.4076,     42.7119,    250.5136,     63.0446,      3.4953,      0.1843,      0.1517,      6.2335,      0.1619,      5.6264,     11.2529,      1.4307,     29.0133,     58.0265,      0.0194,      0.0003,      0.2435,      0.2094,   7874.7231,-426978.5625,   -930.4902,    554.9035,  26249.0742,
       1,     169,     256,      14,       1,       3,       1,     10.0000,      1.4076,     42.7119,    250.5136,     63.0446,      3.4953,      0.1728,      0.1398,      6.2233,      0.1719,      5.6264,     11.2529,      1.5192,     29.0133,     58.0265,      0.0194,      0.0003,      0.2269,      0.2094,   7874.7227,-427691.0938,   -930.7073,    554.8541,  26249.0762,
       1,     169,     256,      15,       1,       3,       1,     10.0000,      1.4076,     42.7119,    250.5136,     63.0446,      3.4953,      0.1888,      0.1557,      7.1371,      0.1780,      5.6264,     11.2529,      1.5732,     29.0133,     58.0265,      0.0194,      0.0003,      0.2500,      0.2094,   7874.7231,-427738.5312,   -930.7745,    554.8508,  26249.0762,
       1,     169,     256,      16,       1,       3,       1,     10.0000,      1.4076,     42.7119,    250.5136,     63.0446,      3.4953,      0.1830,      0.1497,      7.1217,      0.1831,      5.6264,     11.2529,      1.6176,     29.0133,     58.0265,      0.0194,      0.0004,      0.2416,      0.2094,   7874.7231,-428852.6250,   -931.0667,    554.7735,  26249.0762,
       1,     169,     256,      17,       1,       3,       1,     10.0000,      1.4076,     42.7119,    250.5136,     63.0446,      3.4953,      0.1527,      0.1190,      6.2985,      0.1956,      5.6264,     11.2529,      1.7288,     29.0133,     58.0265,      0.0194,      0.0004,      0.1980,      0.2094,   7874.7231,-428927.7188,   -931.1475,    554.7683,  26249.0781,
       1,     169,     256,      18,       1,       3,       1,     10.0000,      1.4076,     42.7119,    250.5136,     63.0446,      3.4953,      0.0900,      0.0564,      6.7772,      0.1924,      5.6264,     11.2529,      1.6999,     29.0133,     58.0265,      0.0194,      0.0008,      0.1071,      0.2094,   7874.7236,-427933.9375,   -930.9922,    554.8372,  26249.0742,
       1,     169,     256,      19,       1,       3,       1,     10.0000,      1.4076,     42.7119,    250.5136,     63.0446,      3.4953,      0.0699,      0.0366,      7.1050,      0.1807,      5.6264,     11.2529,      1.5969,     29.0133,     58.0265,      0.0194,      0.0011,      0.0782,      0.2094,   7874.7227,-428432.1562,   -931.1237,    554.8027,  26249.0762,
       1,     169,     256,      20,       1,       3,       1,     10.0000,      1.4076,     42.7119,    250.5136,     63.0446,      3.4953,      0.0044,     -0.0283,      1.7595,      0.1624,      5.6264,     11.2529,      1.4350,     29.0133,     58.0265,      0.0194,      0.0014,      0.0156,      0.2094,   7874.7231,-428872.0625,   -931.2420,    554.7722,  26249.0742,
       1,     169,     256,      21,       1,       3,       1,     10.0000,      1.4076,     42.7119,    250.5136,     63.0446,      3.4953,      0.0000,     -0.0324,      2.1272,      0.1537,      5.6264,     11.2529,      1.3580,     29.0133,     58.0265,      0.0194,      0.0017,      0.0156,      0.2094,   7874.7227,-422415.5938,   -929.9807,    555.2199,  26249.0762,
       1,     169,     256,      22,       1,       3,       1,     10.0000,      1.4076,     42.7119,    250.5136,     63.0446,      3.4953,      0.0000,     -0.0322,      2.7763,      0.1484,      5.6264,     11.2529,      1.3109,     29.0133,     58.0265,      0.0194,      0.0022,      0.0156,      0.2094,   7874.7231,-422318.2812,   -929.9692,    555.2269,  26249.0781,
       1,     169,     256,      23,       1,       3,       1,     10.0000,      1.4076,     42.7119,    250.5136,     63.0446,      3.4953,      0.0000,     -0.0320,      2.9433,      0.1450,      5.6264,     11.2529,      1.2809,     29.0133,     58.0265,      0.0194,      0.0023,      0.0156,      0.2094,   7874.7236,-423098.0312,   -930.1334,    555.1727,  26249.0762,
       1,     169,     256,      24,       1,       3,       1,     10.0000,      1.4076,     42.7119,    250.5136,     63.0446,      3.4953,      0.0000,     -0.0321,      2.3335,      0.1454,      5.6264,     11.2529,      1.2847,     29.0133,     58.0265,      0.0194,      0.0018,      0.0156,      0.2094,   7874.7231,-423366.8438,   -930.1971,    555.1540,  26249.0742,
       1,     169,     257,       1,       1,       3,       1,     10.0000,      1.4077,     42.7123,    250.5195,     63.0462,      3.4953,      0.0000,     -0.0321,      1.7085,      0.1478,      5.6269,     11.2538,      1.3057,     29.0144,     58.0288,      0.0194,      0.0013,      0.0156,      0.2094,   7874.7227,-422804.0625,   -930.3777,    555.2062,  26250.2480,
       1,     169,     257,       2,       1,       3,       1,     10.0000,      1.4077,     42.7123,    250.5195,     63.0462,      3.4953,      0.0000,     -0.0320,      1.8686,      0.1450,      5.6269,     11.2538,      1.2809,     29.0144,     58.0288,      0.0194,      0.0015,      0.0156,      0.2094,   7875.0747,-421845.0000,   -929.9180,    555.2728,  26250.2480,
       1,     169,     257,       3,       1,       3,       1,     10.0000,      1.4077,     42.7123,    250.5195,     63.0462,      3.4953,      0.0000,     -0.0320,      1.0685,      0.1445,      5.6269,     11.2538,      1.2770,     29.0144,     58.0288,      0.0194,      0.0008,      0.0156,      0.2094,   7875.0747,-421958.5625,   -929.9477,    555.2648,  26250.2500,
       1,     169,     257,       4,       1,       3,       1,     10.0000,      1.4077,     42.7123,    250.5195,     63.0462,      3.4953,      0.0000,     -0.0319,      0.8271,      0.1421,      5.6269,     11.2538,      1.2553,     29.0144,     58.0288,      0.0194,      0.0006,      0.0156,      0.2094,   7875.0752,-420996.3125,   -929.7623,    555.3317,  26250.2480,
       1,     169,     257,       5,       1,       3,       1,     10.0000,      1.4077,     42.7123,    250.5195,     63.0462,      3.4953,      0.0000,     -0.0319,      0.5067,      0.1413,      5.6269,     11.2538,      1.2489,     29.0144,     58.0288,      0.0194,      0.0004,      0.0156,      0.2094,   7875.0747,-420622.0625,   -929.6920,    555.3576,  26250.2480,
       1,     169,     257,       6,       1,       3,       1,     10.0000,      1.4077,     42.7123,    250.5195,     63.0462,      3.4953,      0.0000,     -0.0319,      0.3438,      0.1421,      5.6269,     11.2538,      1.2553,     29.0144,     58.0288,      0.0194,      0.0003,      0.0156,      0.2094,   7875.0747,-420201.5312,   -929.6109,    555.3868,  26250.2480,
       1,     169,     257,       7,       1,       3,       1,     10.0000,      1.4077,     42.7123,    250.5195,     63.0462,      3.4953,      0.0000,     -0.0319,      0.3395,      0.1405,      5.6269,     11.2538,      1.2414,     29.0144,     58.0288,      0.0194,      0.0003,      0.0156,      0.2094,   7875.0747,-419968.1250,   -929.5665,    555.4030,  26250.2500,
       1,     169,     257,       8,       1,       3,       1,     10.0000,      1.4077,     42.7123,    250.5195,     63.0462,      3.4953,      0.0230,     -0.0089,      0.2786,      0.1396,      5.6269,     11.2538,      1.2339,     29.0144,     58.0288,      0.0194,      0.0003,      0.0129,      0.2094,   7875.0752,-419943.0312,   -929.5625,    555.4047,  26250.2480,
       1,     169,     257,       9,       1,       3,       1,     10.0000,      1.4077,     42.7123,    250.5195,     63.0462,      3.4953,      0.1410,      0.1088,      4.1717,      0.1475,      5.6269,     11.2538,      1.3031,     29.0144,     58.0288,      0.0194,      0.0003,      0.1814,      0.2094,   7875.0747,-419867.1562,   -929.5479,    555.4100,  26250.2500,
       1,     169,     257,      10,       1,       3,       1,     10.0000,      1.4077,     42.7123,    250.5195,     63.0462,      3.4953,      0.1612,      0.1287,      5.2379,      0.1581,      5.6269,     11.2538,      1.3967,     29.0144,     58.0288,      0.0194,      0.0003,      0.2103,      0.2094,   7875.0752,-424588.7812,   -930.4788,    555.0822,  26250.2461,
       1,     169,     257,      11,       1,       3,       1,     10.0000,      1.4077,     42.7123,    250.5195,     63.0462,      3.4953,      0.1888,      0.1551,      7.9446,      0.1955,      5.6269,     11.2538,      1.7271,     29.0144,     58.0288,      0.0194,      0.0004,      0.2500,      0.2094,   7875.0742,-426282.8125,   -930.8640,    554.9648,  26250.2480,
       1,     169,     257,      12,       1,       3,       1,     10.0000,      1.4077,     42.7123,    250.5195,     63.0462,      3.4953,      0.1887,      0.1542,      9.2994,      0.2241,      5.6269,     11.2538,      1.9806,     29.0144,     58.0288,      0.0194,      0.0005,      0.2500,      0.2094,   7875.0747,-429712.7500,   -931.5752,    554.7268,  26250.2480,
       1,     169,     257,      13,       1,       3,       1,     10.0000,      1.4077,     42.7123,    250.5195,     63.0462,      3.4953,      0.1887,      0.1535,     10.3256,      0.2455,      5.6269,     11.2538,      2.1691,     29.0144,     58.0288,      0.0194,      0.0005,      0.2500,      0.2094,   7875.0747,-431647.7500,   -931.9644,    554.5927,  26250.2480,
       1,     169,     257,      14,       1,       3,       1,     10.0000,      1.4077,     42.7123,    250.5195,     63.0462,      3.4953,      0.1887,      0.1541,      9.3626,      0.2255,      5.6269,     11.2538,      1.9923,     29.0144,     58.0288,      0.0194,      0.0005,      0.2500,      0.2094,   7875.0747,-433057.3125,   -932.2287,    554.4951,  26250.2480,
       1,     169,     257,      15,       1,       3,       1,     10.0000,      1.4077,     42.7123,    250.5195,     63.0462,      3.4953,      0.1890,      0.1555,     10.3160,      0.1886,      5.6269,     11.2538,      1.6666,     29.0144,     58.0288,      0.0194,      0.0005,      0.2500,      0.2094,   7875.0747,-432006.1562,   -931.9366,    554.5679,  26250.2461,
       1,     169,     257,      16,       1,       3,       1,     10.0000,      1.4077,     42.7123,    250.5195,     63.0462,      3.4953,      0.1915,      0.1593,     38.0208,      0.1500,      5.6269,     11.2538,      1.3256,     29.0144,     58.0288,      0.0194,      0.0019,      0.2500,      0.2094,   7875.0742,-433076.1875,   -913.9151,    554.4937,  26250.2500,
       1,     169,     257,      17,       1,       3,       1,     10.0000,      1.4077,     42.7123,    250.5195,     63.0462,      3.4953,      0.1933,      0.1610,     60.3855,      0.1517,      5.6269,     11.2538,      1.3403,     29.0144,     58.0288,      0.0194,      0.0029,      0.2500,      0.2094,   7875.0752,-466820.2500,   -921.9552,    552.1548,  26250.2520,
       1,     169,     257,      18,       1,       3,       1,     10.0000,      1.4077,     42.7123,    250.5195,     63.0462,      3.4953,      0.1566,      0.1239,     72.4122,      0.1621,      5.6269,     11.2538,      1.4322,     29.0144,     58.0288,      0.0194,      0.0045,      0.1960,      0.2094,   7875.0757,-496856.4062,   -929.1569,    550.0867,  26250.2500,
       1,     169,     257,      19,       1,       3,       1,     10.0000,      1.4077,     42.7123,    250.5195,     63.0462,      3.4953,      0.0992,      0.0663,     33.3542,      0.1690,      5.6269,     11.2538,      1.4937,     29.0144,     58.0288,      0.0194,      0.0034,      0.1178,      0.2094,   7875.0752,-514010.3750,   -933.7316,    548.9111,  26250.2520,
       1,     169,     257,      20,       1,       3,       1,     10.0000,      1.4077,     42.7123,    250.5195,     63.0462,      3.4953,      0.0045,     -0.0281,      2.3505,      0.1611,      5.6269,     11.2538,      1.4236,     29.0144,     58.0288,      0.0194,      0.0018,      0.0156,      0.2093,   7875.0757,-467946.0312,   -925.9753,    552.0729,  26250.2520,
       1,     169,     257,      21,       1,       3,       1,     10.0000,      1.4077,     42.7123,    250.5195,     63.0462,      3.4953,      0.0000,     -0.0325,      0.4546,      0.1581,      5.6269,     11.2538,      1.3967,     29.0144,     58.0288,      0.0194,      0.0004,      0.0156,      0.2094,   7875.0757,-426422.2812,   -918.4900,    554.9477,  26250.2520,
       1,     169,     257,      22,       1,       3,       1,     10.0000,      1.4077,     42.7123,    250.5195,     63.0462,      3.4953,      0.0000,     -0.0324,      0.4779,      0.1559,      5.6269,     11.2538,      1.3772,     29.0144,     58.0288,      0.0194,      0.0004,      0.0156,      0.2094,   7875.0757,-420635.5312,   -917.4267,    555.3565,  26250.2520,
       1,     169,     257,      23,       1,       3,       1,     10.0000,      1.4077,     42.7123,    250.5195,     63.0462,      3.4953,      0.0000,     -0.0324,      0.8375,      0.1563,      5.6269,     11.2538,      1.3814,     29.0144,     58.0288,      0.0194,      0.0007,      0.0156,      0.2094,   7875.0757,-420167.4062,   -917.3501,    555.3892,  26250.2520,
       1,     169,     257,      24,       1,       3,       1,     10.0000,      1.4077,     42.7123,    250.5195,     63.0462,      3.4953,      0.0000,     -0.0322,      1.2899,      0.1497,      5.6269,     11.2538,      1.3229,     29.0144,     58.0288,      0.0194,      0.0010,      0.0156,      0.2094,   7875.0757,-420564.5312,   -917.4656,    555.3616,  26250.2500,
       1,     169,     258,       1,       1,       3,       1,     10.0000,      1.4077,     42.7126,    250.5254,     63.0476,      3.4953,      0.0000,     -0.0321,      0.9632,      0.1458,      5.6259,     11.2518,      1.2887,     29.0215,     58.0430,      0.0194,      0.0008,      0.0156,      0.2095,   7875.0752,-421302.3750,   -917.9478,    555.3234,  26251.4238,
       1,     169,     258,       2,       1,       3,       1,     10.0000,      1.4077,     42.7126,    250.5254,     63.0476,      3.4953,      0.0000,     -0.0320,      0.6231,      0.1441,      5.6259,     11.2518,      1.2732,     29.0215,     58.0430,      0.0194,      0.0005,      0.0156,      0.2095,   7875.4272,-420815.6250,   -917.6492,    555.3572,  26251.4219,
       1,     169,     258,       3,       1,       3,       1,     10.0000,      1.4077,     42.7126,    250.5254,     63.0476,      3.4953,      0.0000,     -0.0321,      0.6852,      0.1472,      5.6259,     11.2518,      1.3005,     29.0215,     58.0430,      0.0194,      0.0005,      0.0156,      0.2095,   7875.4268,-420361.6250,   -917.5826,    555.3887,  26251.4238,
       1,     169,     258,       4,       1,       3,       1,     10.0000,      1.4077,     42.7126,    250.5254,     63.0476,      3.4953,      0.0000,     -0.0318,      0.7055,      0.1396,      5.6259,     11.2518,      1.2339,     29.0215,     58.0430,      0.0194,      0.0006,      0.0156,      0.2095,   7875.4272,-420398.6562,   -917.6137,    555.3860,  26251.4219,
       1,     169,     258,       5,       1,       3,       1,     10.0000,      1.4077,     42.7126,    250.5254,     63.0476,      3.4953,      0.0000,     -0.0317,      0.3281,      0.1355,      5.6259,     11.2518,      1.1970,     29.0215,     58.0430,      0.0194,      0.0003,      0.0156,      0.2095,   7875.4268,-420426.7500,   -912.9209,    555.3842,  26251.4219,
       1,     169,     258,       6,       1,       3,       1,     10.0000,      1.4077,     42.7126,    250.5254,     63.0476,      3.4953,      0.0000,     -0.0317,      0.3267,      0.1359,      5.6259,     11.2518,      1.2006,     29.0215,     58.0430,      0.0194,      0.0003,      0.0156,      0.2095,   7875.4268,-419970.7500,   -912.8392,    555.4158,  26251.4219,
       1,     169,     258,       7,       1,       3,       1,     10.0000,      1.4077,     42.7126,    250.5254,     63.0476,      3.4953,      0.0000,     -0.0317,      0.3267,      0.1359,      5.6259,     11.2518,      1.2006,     29.0215,     58.0430,      0.0194,      0.0003,      0.0156,      0.2095,   7875.4268,-419930.5625,   -912.8330,    555.4186,  26251.4219,
       1,     169,     258,       8,       1,       3,       1,     10.0000,      1.4077,     42.7126,    250.5254,     63.0476,      3.4953,      0.0154,     -0.0163,      0.0479,      0.1357,      5.6259,     11.2518,      1.1994,     29.0215,     58.0430,      0.0194,      0.0003,      0.0023,      0.2095,   7875.4268,-419927.2812,   -912.8335,    555.4188,  26251.4219,
       1,     169,     258,       9,       1,       3,       1,     10.0000,      1.4077,     42.7126,    250.5254,     63.0476,      3.4953,      0.1174,      0.0851,      4.3246,      0.1520,      5.6259,     11.2518,      1.3431,     29.0215,     58.0430,      0.0194,      0.0004,      0.1474,      0.2095,   7875.4268,-419588.3125,   -912.8169,    555.4423,  26251.4199,
       1,     169,     258,      10,       1,       3,       1,     10.0000,      1.4077,     42.7126,    250.5254,     63.0476,      3.4953,      0.1747,      0.1418,     15.5933,      0.1692,      5.6259,     11.2518,      1.4952,     29.0215,     58.0430,      0.0194,      0.0008,      0.2285,      0.2095,   7875.4263,-424753.4688,   -914.1790,    555.0837,  26251.4219,
       1,     169,     258,      11,       1,       3,       1,     10.0000,      1.4077,     42.7126,    250.5254,     63.0476,      3.4953,      0.1852,      0.1515,     12.0044,      0.1978,      5.6259,     11.2518,      1.7478,     29.0215,     58.0430,      0.0194,      0.0006,      0.2444,      0.2095,   7875.4268,-438874.5312,   -917.9857,    554.1040,  26251.4219,
       1,     169,     258,      12,       1,       3,       1,     10.0000,      1.4077,     42.7126,    250.5254,     63.0476,      3.4953,      0.1888,      0.1547,      8.5242,      0.2078,      5.6259,     11.2518,      1.8362,     29.0215,     58.0430,      0.0194,      0.0004,      0.2500,      0.2094,   7875.4268,-435707.3125,   -918.7369,    554.3243,  26251.4219,
       1,     169,     258,      13,       1,       3,       1,     10.0000,      1.4077,     42.7126,    250.5254,     63.0476,      3.4953,      0.1696,      0.1351,      8.2131,      0.2228,      5.6259,     11.2518,      1.9690,     29.0215,     58.0430,      0.0194,      0.0004,      0.2223,      0.2094,   7875.4268,-431212.3125,   -919.3849,    554.6359,  26251.4219,
       1,     169,     258,      14,       1,       3,       1,     10.0000,      1.4077,     42.7126,    250.5254,     63.0476,      3.4953,      0.1773,      0.1431,     12.3485,      0.2124,      5.6259,     11.2518,      1.8765,     29.0215,     58.0430,      0.0194,      0.0006,      0.2330,      0.2094,   7875.4268,-430455.9062,   -919.9041,    554.6883,  26251.4199,
       1,     169,     258,      15,       1,       3,       1,     10.0000,      1.4077,     42.7126,    250.5254,     63.0476,      3.4953,      0.1898,      0.1571,     18.3055,      0.1640,      5.6259,     11.2518,      1.4496,     29.0215,     58.0430,      0.0194,      0.0009,      0.2500,      0.2094,   7875.4263,-435415.0312,   -921.4879,    554.3444,  26251.4219,
       1,     169,     258,      16,       1,       3,       1,     10.0000,      1.4077,     42.7126,    250.5254,     63.0476,      3.4953,      0.1921,      0.1595,     46.9578,      0.1609,      5.6259,     11.2518,      1.4222,     29.0215,     58.0430,      0.0194,      0.0023,      0.2500,      0.2094,   7875.4268,-443068.6562,   -916.1024,    553.8142,  26251.4219,
       1,     169,     258,      17,       1,       3,       1,     10.0000,      1.4077,     42.7126,    250.5254,     63.0476,      3.4953,      0.1591,      0.1265,     48.3088,      0.1613,      5.6259,     11.2518,      1.4251,     29.0215,     58.0430,      0.0194,      0.0029,      0.2023,      0.2094,   7875.4268,-478520.3125,   -923.3939,    551.3603,  26251.4219,
       1,     169,     258,      18,       1,       3,       1,     10.0000,      1.4077,     42.7126,    250.5254,     63.0476,      3.4953,      0.1219,      0.0892,     45.1460,      0.1639,      5.6259,     11.2518,      1.4481,     29.0215,     58.0430,      0.0194,      0.0037,      0.1491,      0.2094,   7875.4268,-483160.6562,   -925.4874,    551.0459,  26251.4219,
       1,     169,     258,      19,       1,       3,       1,     10.0000,      1.4077,     42.7126,    250.5254,     63.0476,      3.4953,      0.0643,      0.0316,     18.6758,      0.1640,      5.6259,     11.2518,      1.4496,     29.0215,     58.0430,      0.0194,      0.0033,      0.0693,      0.2094,   7875.4268,-479699.6875,   -925.8633,    551.2844,  26251.4238,
       1,     169,     258,      20,       1,       3,       1,     10.0000,      1.4077,     42.7126,    250.5254,     63.0476,      3.4953,      0.0092,     -0.0233,      1.5068,      0.1582,      5.6259,     11.2518,      1.3982,     29.0215,     58.0430,      0.0194,      0.0012,      0.0156,      0.2094,   7875.4272,-447235.6875,   -920.5249,    553.5215,  26251.4199,
       1,     169,     258,      21,       1,       3,       1,     10.0000,      1.4077,     42.7126,    250.5254,     63.0476,      3.4953,      0.0000,     -0.0321,      0.5670,      0.1466,      5.6259,     11.2518,      1.2952,     29.0215,     58.0430,      0.0194,      0.0004,      0.0156,      0.2094,   7875.4263,-423661.8125,   -916.3209,    555.1572,  26251.4219,
       1,     169,     258,      22,       1,       3,       1,     10.0000,      1.4077,     42.7126,    250.5254,     63.0476,      3.4953,      0.0000,     -0.0323,      0.5921,      0.1528,      5.6259,     11.2518,      1.3499,     29.0215,     58.0430,      0.0194,      0.0005,      0.0156,      0.2095,   7875.4268,-420536.4375,   -915.7670,    555.3765,  26251.4219,
       1,     169,     258,      23,       1,       3,       1,     10.0000,      1.4077,     42.7126,    250.5254,     63.0476,      3.4953,      0.0000,     -0.0322,      0.9632,      0.1494,      5.6259,     11.2518,      1.3203,     29.0215,     58.0430,      0.0194,      0.0008,      0.0156,      0.2095,   7875.4268,-420300.5625,   -915.7464,    555.3929,  26251.4219,
       1,     169,     258,      24,       1,       3,       1,     10.0000,      1.4077,     42.7126,    250.5254,     63.0476,      3.4953,      0.0000,     -0.0320,      1.3391,      0.1425,      5.6259,     11.2518,      1.2591,     29.0215,     58.0430,      0.0194,      0.0010,      0.0156,      0.2095,   7875.4268,-420731.4062,   -915.8822,    555.3630,  26251.4219,
       1,     169,     259,       1,       1,       3,       1,     10.0000,      1.4077,     42.7129,    250.5312,     63.0492,      3.4953,      0.0000,     -0.0318,      0.9102,      0.1387,      5.6264,     11.2527,      1.2252,     29.0253,     58.0505,      0.0194,      0.0007,      0.0156,      0.2095,   7875.4268,-421379.3125,   -916.3556,    555.3311,  26252.5938,
       1,     169,     259,       2,       1,       3,       1,     10.0000,      1.4077,     42.7129,    250.5312,     63.0492,      3.4953,      0.0000,     -0.0318,      0.5357,      0.1373,      5.6264,     11.2527,      1.2129,     29.0253,     58.0505,      0.0194,      0.0004,      0.0156,      0.2095,   7875.7783,-420760.8438,   -916.0344,    555.3740,  26252.5957,
       1,     169,     259,       3,       1,       3,       1,     10.0000,      1.4077,     42.7129,    250.5312,     63.0492,      3.4953,      0.0000,     -0.0318,      0.8044,      0.1384,      5.6264,     11.2527,      1.2227,     29.0253,     58.0505,      0.0194,      0.0006,      0.0156,      0.2095,   7875.7788,-420253.9062,   -915.9562,    555.4092,  26252.5938,
       1,     169,     259,       4,       1,       3,       1,     10.0000,      1.4077,     42.7129,    250.5312,     63.0492,      3.4953,      0.0000,     -0.0318,      0.9976,      0.1370,      5.6264,     11.2527,      1.2104,     29.0253,     58.0505,      0.0194,      0.0008,      0.0156,      0.2095,   7875.7783,-420537.5938,   -916.0513,    555.3895,  26252.5938,
       1,     169,     259,       5,       1,       3,       1,     10.0000,      1.4077,     42.7129,    250.5312,     63.0492,      3.4953,      0.0000,     -0.0317,      0.6629,      0.1356,      5.6264,     11.2527,      1.1982,     29.0253,     58.0505,      0.0194,      0.0005,      0.0156,      0.2095,   7875.7783,-420795.9688,   -916.1693,    555.3715,  26252.5957,
       1,     169,     259,       6,       1,       3,       1,     10.0000,      1.4077,     42.7129,    250.5312,     63.0492,      3.4953,      0.0000,     -0.0317,      0.5670,      0.1368,      5.6264,     11.2527,      1.2092,     29.0253,     58.0505,      0.0194,      0.0004,      0.0156,      0.2095,   7875.7788,-420411.3125,   -916.1324,    555.3983,  26252.5957,
       1,     169,     259,       7,       1,       3,       1,     10.0000,      1.4077,     42.7129,    250.5312,     63.0492,      3.4953,      0.0000,     -0.0317,      0.3424,      0.1352,      5.6264,     11.2527,      1.1946,     29.0253,     58.0505,      0.0194,      0.0003,      0.0156,      0.2095,   7875.7788,-420262.4688,   -916.1299,    555.4086,  26252.5957,
       1,     169,     259,       8,       1,       3,       1,     10.0000,      1.4077,     42.7129,    250.5312,     63.0492,      3.4953,      0.0077,     -0.0241,      0.4857,      0.1367,      5.6264,     11.2527,      1.2080,     29.0253,     58.0505,      0.0194,      0.0004,      0.0156,      0.2095,   7875.7788,-419977.1875,   -916.0802,    555.4284,  26252.5957,
       1,     169,     259,       9,       1,       3,       1,     10.0000,      1.4077,     42.7129,    250.5312,     63.0492,      3.4953,      0.0914,      0.0592,      2.5952,      0.1503,      5.6264,     11.2527,      1.3283,     29.0253,     58.0505,      0.0194,      0.0003,      0.1104,      0.2095,   7875.7788,-420127.0938,   -916.1400,    555.4180,  26252.5957,
       1,     169,     259,      10,       1,       3,       1,     10.0000,      1.4077,     42.7129,    250.5312,     63.0492,      3.4953,      0.1338,      0.1004,      5.9640,      0.1864,      5.6264,     11.2527,      1.6469,     29.0253,     58.0505,      0.0194,      0.0004,      0.1707,      0.2095,   7875.7788,-422701.1250,   -916.8510,    555.2393,  26252.5977,
       1,     169,     259,      11,       1,       3,       1,     10.0000,      1.4077,     42.7129,    250.5312,     63.0492,      3.4953,      0.1882,      0.1539,     11.0571,      0.2164,      5.6264,     11.2527,      1.9119,     29.0253,     58.0505,      0.0194,      0.0005,      0.2490,      0.2095,   7875.7798,-427008.5312,   -918.1201,    554.9403,  26252.5957,
       1,     169,     259,      12,       1,       3,       1,     10.0000,      1.4077,     42.7129,    250.5312,     63.0492,      3.4953,      0.1887,      0.1539,      9.6633,      0.2317,      5.6264,     11.2527,      2.0478,     29.0253,     58.0505,      0.0194,      0.0005,      0.2500,      0.2095,   7875.7788,-433557.0625,   -920.3470,    554.4861,  26252.5977,
       1,     169,     259,      13,       1,       3,       1,     10.0000,      1.4077,     42.7129,    250.5312,     63.0492,      3.4953,      0.1674,      0.1326,      8.5939,      0.2347,      5.6264,     11.2527,      2.0740,     29.0253,     58.0505,      0.0194,      0.0005,      0.2191,      0.2095,   7875.7798,-432416.1875,   -921.4680,    554.5654,  26252.5957,
       1,     169,     259,      14,       1,       3,       1,     10.0000,      1.4077,     42.7129,    250.5312,     63.0492,      3.4953,      0.0322,     -0.0031,      1.3568,      0.2503,      5.6264,     11.2527,      2.2119,     29.0253,     58.0505,      0.0194,      0.0007,      0.0222,      0.2095,   7875.7788,-431021.4062,   -921.7844,    554.6621,  26252.5957,
       1,     169,     259,      15,       1,       3,       1,     10.0000,      1.4077,     42.7129,    250.5312,     63.0492,      3.4953,      0.0356,      0.0003,      5.8656,      0.2540,      5.6264,     11.2527,      2.2444,     29.0253,     58.0505,      0.0194,      0.0027,      0.0266,      0.2095,   7875.7788,-422115.0625,   -918.6280,    555.2797,  26252.5957,
       1,     169,     259,      16,       1,       3,       1,     10.0000,      1.4077,     42.7129,    250.5312,     63.0492,      3.4953,      0.0152,     -0.0199,      5.5603,      0.2452,      5.6264,     11.2527,      2.1671,     29.0253,     58.0505,      0.0194,      0.0043,      0.0156,      0.2095,   7875.7788,-426840.4375,   -919.7762,    554.9520,  26252.5957,
       1,     169,     259,      17,       1,       3,       1,     10.0000,      1.4077,     42.7129,    250.5312,     63.0492,      3.4953,      0.0337,     -0.0009,     11.7132,      0.2275,      5.6264,     11.2527,      2.0100,     29.0253,     58.0505,      0.0194,      0.0060,      0.0239,      0.2095,   7875.7788,-426867.7500,   -920.1763,    554.9502,  26252.5938,
       1,     169,     259,      18,       1,       3,       1,     10.0000,      1.4077,     42.7129,    250.5312,     63.0492,      3.4953,      0.0638,      0.0305,     28.4574,      0.1829,      5.6264,     11.2527,      1.6161,     29.0253,     58.0505,      0.0194,      0.0052,      0.0670,      0.2095,   7875.7783,-434341.9375,   -922.1059,    554.4317,  26252.5957,
       1,     169,     259,      19,       1,       3,       1,     10.0000,      1.4077,     42.7129,    250.5312,     63.0492,      3.4953,      0.0529,      0.0206,     23.4148,      0.1499,      5.6264,     11.2527,      1.3243,     29.0253,     58.0505,      0.0194,      0.0054,      0.0527,      0.2095,   7875.7788,-455307.9062,   -917.4523,    552.9789,  26252.5957,
       1,     169,     259,      20,       1,       3,       1,     10.0000,      1.4077,     42.7129,    250.5312,     63.0492,      3.4953,      0.0081,     -0.0242,      8.1334,      0.1502,      5.6264,     11.2527,      1.3270,     29.0253,     58.0505,      0.0194,      0.0063,      0.0156,      0.2094,   7875.7788,-450952.1875,   -916.6923,    553.2819,  26252.5957,
       1,     169,     259,      21,       1,       3,       1,     10.0000,      1.4077,     42.7129,    250.5312,     63.0492,      3.4953,      0.0000,     -0.0323,      5.8054,      0.1528,      5.6264,     11.2527,      1.3499,     29.0253,     58.0505,      0.0194,      0.0045,      0.0156,      0.2095,   7875.7788,-432020.0312,   -912.9853,    554.5914,  26252.5957,
       1,     169,     259,      22,       1,       3,       1,     10.0000,      1.4077,     42.7129,    250.5312,     63.0492,      3.4953,      0.0000,     -0.0322,      5.3458,      0.1496,      5.6264,     11.2527,      1.3216,     29.0253,     58.0505,      0.0194,      0.0042,      0.0156,      0.2095,   7875.7788,-427603.4062,   -911.8975,    554.8991,  26252.5977,
       1,     169,     259,      23,       1,       3,       1,     10.0000,      1.4077,     42.7129,    250.5312,     63.0492,      3.4953,      0.0000,     -0.0321,      3.0599,      0.1472,      5.6264,     11.2527,      1.3005,     29.0253,     58.0505,      0.0194,      0.0024,      0.0156,      0.2095,   7875.7798,-426671.1250,   -912.3948,    554.9638,  26252.5977,
       1,     169,     259,      24,       1,       3,       1,     10.0000,      1.4077,     42.7129,    250.5312,     63.0492,      3.4953,      0.0000,     -0.0320,      0.4920,      0.1431,      5.6264,     11.2527,      1.2642,     29.0253,     58.0505,      0.0194,      0.0004,      0.0156,      0.2095,   7875.7798,-423816.6562,   -912.2578,    555.1619,  26252.5957,
       1,     169,     260,       1,       1,       3,       1,     10.0000,      1.4077,     42.7133,    250.5372,     63.0506,      3.4953,      0.0000,     -0.0319,      0.3438,      0.1421,      5.6281,     11.2562,      1.2554,     29.0101,     58.0203,      0.0194,      0.0003,      0.0156,      0.2095,   7875.7788,-420613.2500,   -911.9559,    555.3973,  26253.7656,
       1,     169,     260,       2,       1,       3,       1,     10.0000,      1.4077,     42.7133,    250.5372,     63.0506,      3.4953,      0.0000,     -0.0320,      0.3483,      0.1437,      5.6281,     11.2562,      1.2694,     29.0101,     58.0203,      0.0194,      0.0003,      0.0156,      0.2095,   7876.1299,-420011.6250,   -911.5936,    555.4391,  26253.7637,
       1,     169,     260,       3,       1,       3,       1,     10.0000,      1.4077,     42.7133,    250.5372,     63.0506,      3.4953,      0.0000,     -0.0319,      0.3395,      0.1405,      5.6281,     11.2562,      1.2415,     29.0101,     58.0203,      0.0194,      0.0003,      0.0156,      0.2095,   7876.1294,-419966.5312,   -911.5875,    555.4423,  26253.7656,
       1,     169,     260,       4,       1,       3,       1,     10.0000,      1.4077,     42.7133,    250.5372,     63.0506,      3.4953,      0.0000,     -0.0318,      0.3356,      0.1391,      5.6281,     11.2562,      1.2290,     29.0101,     58.0203,      0.0194,      0.0003,      0.0156,      0.2095,   7876.1299,-419951.8125,   -911.5861,    555.4433,  26253.7656,
       1,     169,     260,       5,       1,       3,       1,     10.0000,      1.4077,     42.7133,    250.5372,     63.0506,      3.4953,      0.0000,     -0.0318,      0.3348,      0.1388,      5.6281,     11.2562,      1.2265,     29.0101,     58.0203,      0.0194,      0.0003,      0.0156,      0.2095,   7876.1299,-419945.8125,   -911.5865,    555.4437,  26253.7656,
       1,     169,     260,       6,       1,       3,       1,     10.0000,      1.4077,     42.7133,    250.5372,     63.0506,      3.4953,      0.0000,     -0.0318,      0.3306,      0.1373,      5.6281,     11.2562,      1.2129,     29.0101,     58.0203,      0.0194,      0.0003,      0.0156,      0.2095,   7876.1299,-419944.3125,   -911.5880,    555.4438,  26253.7656,
       1,     169,     260,       7,       1,       3,       1,     10.0000,      1.4077,     42.7133,    250.5372,     63.0506,      3.4953,      0.0000,     -0.0318,      0.3348,      0.1388,      5.6281,     11.2562,      1.2265,     29.0101,     58.0203,      0.0194,      0.0003,      0.0156,      0.2095,   7876.1299,-419939.0938,   -911.5886,    555.4442,  26253.7656,
       1,     169,     260,       8,       1,       3,       1,     10.0000,      1.4077,     42.7133,    250.5372,     63.0506,      3.4953,      0.0053,     -0.0264,      0.3268,      0.1359,      5.6281,     11.2562,      1.2007,     29.0101,     58.0203,      0.0194,      0.0003,      0.0156,      0.2095,   7876.1299,-419943.7812,   -911.5911,    555.4438,  26253.7656,
       1,     169,     260,       9,       1,       3,       1,     10.0000,      1.4077,     42.7133,    250.5372,     63.0506,      3.4953,      0.0839,      0.0521,      2.1753,      0.1405,      5.6281,     11.2562,      1.2415,     29.0101,     58.0203,      0.0194,      0.0003,      0.1000,      0.2095,   7876.1299,-419934.4688,   -911.6015,    555.4445,  26253.7656,
       1,     169,     260,      10,       1,       3,       1,     10.0000,      1.4077,     42.7133,    250.5372,     63.0506,      3.4953,      0.1423,      0.1106,      3.8455,      0.1360,      5.6281,     11.2562,      1.2019,     29.0101,     58.0203,      0.0194,      0.0003,      0.1834,      0.2095,   7876.1299,-422178.0000,   -912.2297,    555.2888,  26253.7656,
       1,     169,     260,      11,       1,       3,       1,     10.0000,      1.4077,     42.7133,    250.5372,     63.0506,      3.4953,      0.1890,      0.1567,      5.9059,      0.1509,      5.6281,     11.2562,      1.3337,     29.0101,     58.0203,      0.0194,      0.0003,      0.2500,      0.2095,   7876.1299,-424394.8438,   -913.0876,    555.1349,  26253.7676,
       1,     169,     260,      12,       1,       3,       1,     10.0000,      1.4077,     42.7133,    250.5372,     63.0506,      3.4953,      0.1795,      0.1457,      7.5081,      0.1953,      5.6281,     11.2562,      1.7255,     29.0101,     58.0203,      0.0194,      0.0004,      0.2365,      0.2095,   7876.1304,-427083.1562,   -914.9106,    554.9484,  26253.7676,
       1,     169,     260,      13,       1,       3,       1,     10.0000,      1.4077,     42.7133,    250.5372,     63.0506,      3.4953,      0.1887,      0.1541,      9.4589,      0.2275,      5.6281,     11.2562,      2.0101,     29.0101,     58.0203,      0.0194,      0.0005,      0.2500,      0.2095,   7876.1304,-429255.1875,   -916.2910,    554.7977,  26253.7656,
       1,     169,     260,      14,       1,       3,       1,     10.0000,      1.4077,     42.7133,    250.5372,     63.0506,      3.4953,      0.1888,      0.1541,     10.3325,      0.2275,      5.6281,     11.2562,      2.0101,     29.0101,     58.0203,      0.0194,      0.0005,      0.2500,      0.2095,   7876.1299,-431807.2500,   -918.8898,    554.6207,  26253.7676,
       1,     169,     260,      15,       1,       3,       1,     10.0000,      1.4077,     42.7133,    250.5372,     63.0506,      3.4953,      0.1889,      0.1543,     12.4070,      0.2275,      5.6281,     11.2562,      2.0101,     29.0101,     58.0203,      0.0194,      0.0006,      0.2500,      0.2095,   7876.1304,-433082.8438,   -918.9232,    554.5323,  26253.7656,
       1,     169,     260,      16,       1,       3,       1,     10.0000,      1.4077,     42.7133,    250.5372,     63.0506,      3.4953,      0.1891,      0.1545,     14.4272,      0.2275,      5.6281,     11.2562,      2.0101,     29.0101,     58.0203,      0.0194,      0.0007,      0.2500,      0.2095,   7876.1299,-435709.8438,   -921.0568,    554.3503,  26253.7656,
       1,     169,     260,      17,       1,       3,       1,     10.0000,      1.4077,     42.7133,    250.5372,     63.0506,      3.4953,      0.1893,      0.1549,     15.7160,      0.2164,      5.6281,     11.2562,      1.9120,     29.0101,     58.0203,      0.0194,      0.0008,      0.2500,      0.2095,   7876.1299,-438384.3438,   -922.6594,    554.1650,  26253.7656,
       1,     169,     260,      18,       1,       3,       1,     10.0000,      1.4077,     42.7133,    250.5372,     63.0506,      3.4953,      0.1777,      0.1440,     15.1267,      0.1953,      5.6281,     11.2562,      1.7255,     29.0101,     58.0203,      0.0194,      0.0008,      0.2331,      0.2095,   7876.1299,-440174.7812,   -923.7119,    554.0410,  26253.7656,
       1,     169,     260,      19,       1,       3,       1,     10.0000,      1.4077,     42.7133,    250.5372,     63.0506,      3.4953,      0.1144,      0.0816,      9.0614,      0.1674,      5.6281,     11.2562,      1.4789,     29.0101,     58.0203,      0.0194,      0.0008,      0.1424,      0.2095,   7876.1299,-439609.9062,   -924.1039,    554.0801,  26253.7656,
       1,     169,     260,      20,       1,       3,       1,     10.0000,      1.4077,     42.7133,    250.5372,     63.0506,      3.4953,      0.0118,     -0.0207,      1.0540,      0.1590,      5.6281,     11.2562,      1.4053,     29.0101,     58.0203,      0.0194,      0.0008,      0.0156,      0.2095,   7876.1299,-432196.3438,   -922.9465,    554.5936,  26253.7676,
       1,     169,     260,      21,       1,       3,       1,     10.0000,      1.4077,     42.7133,    250.5372,     63.0506,      3.4953,      0.0000,     -0.0323,      1.1130,      0.1509,      5.6281,     11.2562,      1.3337,     29.0101,     58.0203,      0.0194,      0.0009,      0.0156,      0.2095,   7876.1304,-421848.9375,   -921.0414,    555.3112,  26253.7656,
       1,     169,     260,      22,       1,       3,       1,     10.0000,      1.4077,     42.7133,    250.5372,     63.0506,      3.4953,      0.0000,     -0.0320,      1.1659,      0.1434,      5.6281,     11.2562,      1.2668,     29.0101,     58.0203,      0.0194,      0.0009,      0.0156,      0.2095,   7876.1299,-421050.0938,   -920.9253,    555.3671,  26253.7676,
       1,     169,     260,      23,       1,       3,       1,     10.0000,      1.4077,     42.7133,    250.5372,     63.0506,      3.4953,      0.0000,     -0.0323,      1.3112,      0.1509,      5.6281,     11.2562,      1.3337,     29.0101,     58.0203,      0.0194,      0.0010,      0.0156,      0.2095,   7876.1304,-421046.0625,   -920.9607,    555.3673,  26253.7676,
       1,     169,     260,      24,       1,       3,       1,     10.0000,      1.4077,     42.7133,    250.5372,     63.0506,      3.4953,      0.0000,     -0.0325,      1.4683,      0.1590,      5.6281,     11.2562,      1.4053,     29.0101,     58.0203,      0.0194,      0.0011,      0.0156,      0.2095,   7876.1304,-421222.1875,   -921.0327,    555.3551,  26253.7637,
       1,     169,     261,       1,       1,       3,       1,     10.0000,      1.4078,     42.7136,    250.5430,     63.0521,      3.4953,      0.0000,     -0.0323,      1.5120,      0.1509,      5.6271,     11.2542,      1.3337,     29.0158,     58.0315,      0.0194,      0.0012,      0.0156,      0.2095,   7876.1294,-421582.8750,   -921.4128,    555.3431,  26254.9355,
       1,     169,     261,       2,       1,       3,       1,     10.0000,      1.4078,     42.7136,    250.5430,     63.0521,      3.4953,      0.0000,     -0.0323,      1.6111,      0.1509,      5.6271,     11.2542,      1.3337,     29.0158,     58.0315,      0.0194,      0.0013,      0.0156,      0.2095,   7876.4810,-421514.2500,   -921.1804,    555.3479,  26254.9355,
       1,     169,     261,       3,       1,       3,       1,     10.0000,      1.4078,     42.7136,    250.5430,     63.0521,      3.4953,      0.0000,     -0.0325,      1.7776,      0.1590,      5.6271,     11.2542,      1.4053,     29.0158,     58.0315,      0.0194,      0.0014,      0.0156,      0.2095,   7876.4810,-421628.8125,   -921.2534,    555.3400,  26254.9355,
       1,     169,     261,       4,       1,       3,       1,     10.0000,      1.4078,     42.7136,    250.5430,     63.0521,      3.4953,      0.0000,     -0.0325,      1.8798,      0.1590,      5.6271,     11.2542,      1.4053,     29.0158,     58.0315,      0.0194,      0.0015,      0.0156,      0.2095,   7876.4810,-421840.4062,   -921.3488,    555.3252,  26254.9375,
       1,     169,     261,       5,       1,       3,       1,     10.0000,      1.4078,     42.7136,    250.5430,     63.0521,      3.4953,      0.0000,     -0.0323,      1.9111,      0.1509,      5.6271,     11.2542,      1.3337,     29.0158,     58.0315,      0.0194,      0.0015,      0.0156,      0.2095,   7876.4814,-421982.2500,   -921.4290,    555.3154,  26254.9375,
       1,     169,     261,       6,       1,       3,       1,     10.0000,      1.4078,     42.7136,    250.5430,     63.0521,      3.4953,      0.0000,     -0.0323,      2.0128,      0.1509,      5.6271,     11.2542,      1.3337,     29.0158,     58.0315,      0.0194,      0.0016,      0.0156,      0.2095,   7876.4814,-422032.1250,   -921.4923,    555.3120,  26254.9355,
       1,     169,     261,       7,       1,       3,       1,     10.0000,      1.4078,     42.7136,    250.5430,     63.0521,      3.4953,      0.0000,     -0.0320,      2.0389,      0.1434,      5.6271,     11.2542,      1.2669,     29.0158,     58.0315,      0.0194,      0.0016,      0.0156,      0.2095,   7876.4810,-422160.0625,   -921.5688,    555.3031,  26254.9355,
       1,     169,     261,       8,       1,       3,       1,     10.0000,      1.4078,     42.7136,    250.5430,     63.0521,      3.4953,      0.0106,     -0.0211,      2.0627,      0.1360,      5.6271,     11.2542,      1.2019,     29.0158,     58.0315,      0.0194,      0.0016,      0.0156,      0.2095,   7876.4810,-422202.4062,   -921.6357,    555.3001,  26254.9336,
       1,     169,     261,       9,       1,       3,       1,     10.0000,      1.4078,     42.7136,    250.5430,     63.0521,      3.4953,      0.1021,      0.0704,     17.1839,      0.1360,      5.6271,     11.2542,      1.2019,     29.0158,     58.0315,      0.0194,      0.0017,      0.1243,      0.2095,   7876.4805,-422235.3750,   -921.7054,    555.2979,  26254.9375,
       1,     169,     261,      10,       1,       3,       1,     10.0000,      1.4078,     42.7136,    250.5430,     63.0521,      3.4953,      0.1691,      0.1371,     32.6130,      0.1434,      5.6271,     11.2542,      1.2669,     29.0158,     58.0315,      0.0194,      0.0018,      0.2184,      0.2095,   7876.4814,-440594.5938,   -925.3830,    554.0235,  26254.9375,
       1,     169,     261,      11,       1,       3,       1,     10.0000,      1.4078,     42.7136,    250.5430,     63.0521,      3.4953,      0.1823,      0.1503,     36.8672,      0.1434,      5.6271,     11.2542,      1.2669,     29.0158,     58.0315,      0.0194,      0.0019,      0.2368,      0.2095,   7876.4814,-460881.2188,   -929.6466,    552.6201,  26254.9375,
       1,     169,     261,      12,       1,       3,       1,     10.0000,      1.4078,     42.7136,    250.5430,     63.0521,      3.4953,      0.1917,      0.1602,     37.7288,      0.1290,      5.6271,     11.2542,      1.1401,     29.0158,     58.0315,      0.0194,      0.0018,      0.2500,      0.2095,   7876.4814,-467759.0312,   -931.4064,    552.1467,  26254.9355,
       1,     169,     261,      13,       1,       3,       1,     10.0000,      1.4078,     42.7136,    250.5430,     63.0521,      3.4953,      0.1918,      0.1606,     37.8598,      0.1225,      5.6271,     11.2542,      1.0823,     29.0158,     58.0315,      0.0194,      0.0018,      0.2500,      0.2095,   7876.4810,-469382.7188,   -932.2642,    552.0349,  26254.9375,
       1,     169,     261,      14,       1,       3,       1,     10.0000,      1.4078,     42.7136,    250.5430,     63.0521,      3.4953,      0.1919,      0.1607,     39.3020,      0.1225,      5.6271,     11.2542,      1.0823,     29.0158,     58.0315,      0.0194,      0.0019,      0.2500,      0.2095,   7876.4814,-469677.8125,   -932.7587,    552.0145,  26254.9355,
       1,     169,     261,      15,       1,       3,       1,     10.0000,      1.4078,     42.7136,    250.5430,     63.0521,      3.4953,      0.1920,      0.1608,     40.7063,      0.1225,      5.6271,     11.2542,      1.0823,     29.0158,     58.0315,      0.0194,      0.0020,      0.2500,      0.2095,   7876.4810,-471454.9062,   -933.5237,    551.8918,  26254.9355,
       1,     169,     261,      16,       1,       3,       1,     10.0000,      1.4078,     42.7136,    250.5430,     63.0521,      3.4953,      0.1922,      0.1607,     43.5596,      0.1290,      5.6271,     11.2542,      1.1401,     29.0158,     58.0315,      0.0194,      0.0021,      0.2500,      0.2095,   7876.4810,-473310.4688,   -934.2333,    551.7639,  26254.9355,
       1,     169,     261,      17,       1,       3,       1,     10.0000,      1.4078,     42.7136,    250.5430,     63.0521,      3.4953,      0.1885,      0.1568,     45.6308,      0.1360,      5.6271,     11.2542,      1.2019,     29.0158,     58.0315,      0.0194,      0.0023,      0.2447,      0.2095,   7876.4810,-476932.7812,   -921.8708,    551.5140,  26254.9355,
       1,     169,     261,      18,       1,       3,       1,     10.0000,      1.4078,     42.7136,    250.5430,     63.0521,      3.4953,      0.1502,      0.1183,     37.9912,      0.1434,      5.6271,     11.2542,      1.2669,     29.0158,     58.0315,      0.0194,      0.0024,      0.1908,      0.2095,   7876.4810,-479753.7812,   -923.8685,    551.3197,  26254.9355,
       1,     169,     261,      19,       1,       3,       1,     10.0000,      1.4078,     42.7136,    250.5430,     63.0521,      3.4953,      0.0756,      0.0436,     17.6762,      0.1434,      5.6271,     11.2542,      1.2669,     29.0158,     58.0315,      0.0194,      0.0025,      0.0861,      0.2095,   7876.4810,-470708.5000,   -923.1743,    551.9430,  26254.9355,
       1,     169,     261,      20,       1,       3,       1,     10.0000,      1.4078,     42.7136,    250.5430,     63.0521,      3.4953,      0.0024,     -0.0293,      3.1912,      0.1360,      5.6271,     11.2542,      1.2019,     29.0158,     58.0315,      0.0194,      0.0025,      0.0156,      0.2095,   7876.4810,-445269.7500,   -919.0937,    553.6985,  26254.9355,
       1,     169,     261,      21,       1,       3,       1,     10.0000,      1.4078,     42.7136,    250.5430,     63.0521,      3.4953,      0.0000,     -0.0317,      3.2844,      0.1360,      5.6271,     11.2542,      1.2019,     29.0158,     58.0315,      0.0194,      0.0026,      0.0156,      0.2095,   7876.4810,-425548.0000,   -915.8011,    555.0663,  26254.9355,
       1,     169,     261,      22,       1,       3,       1,     10.0000,      1.4078,     42.7136,    250.5430,     63.0521,      3.4953,      0.0000,     -0.0320,      3.4939,      0.1434,      5.6271,     11.2542,      1.2669,     29.0158,     58.0315,      0.0194,      0.0027,      0.0156,      0.2095,   7876.4810,-424002.0312,   -915.8640,    555.1752,  26254.9355,
       1,     169,     261,      23,       1,       3,       1,     10.0000,      1.4078,     42.7136,    250.5430,     63.0521,      3.4953,      0.0000,     -0.0317,      3.4734,      0.1360,      5.6271,     11.2542,      1.2019,     29.0158,     58.0315,      0.0194,      0.0027,      0.0156,      0.2095,   7876.4810,-424124.0938,   -916.1671,    555.1667,  26254.9336,
       1,     169,     261,      24,       1,       3,       1,     10.0000,      1.4078,     42.7136,    250.5430,     63.0521,      3.4953,      0.0000,     -0.0317,      3.5666,      0.1360,      5.6271,     11.2542,      1.2019,     29.0158,     58.0315,      0.0194,      0.0028,      0.0156,      0.2095,   7876.4805,-424109.8125,   -916.4656,    555.1677,  26254.9355,
       1,     169,     262,       1,       1,       3,       1,     10.0000,      1.4078,     42.7139,    250.5489,     63.0535,      3.4953,      0.0000,     -0.0320,      3.7850,      0.1434,      5.6266,     11.2532,      1.2669,     29.0216,     58.0432,      0.0194,      0.0030,      0.0156,      0.2096,   7876.4810,-424376.0938,   -917.0153,    555.1622,  26256.1113,
       1,     169,     262,       2,       1,       3,       1,     10.0000,      1.4078,     42.7139,    250.5489,     63.0535,      3.4953,      0.0000,     -0.0317,      3.7556,      0.1360,      5.6266,     11.2532,      1.2019,     29.0216,     58.0432,      0.0194,      0.0029,      0.0156,      0.2096,   7876.8335,-424511.3750,   -916.9852,    555.1529,  26256.1113,
       1,     169,     262,       3,       1,       3,       1,     10.0000,      1.4078,     42.7139,    250.5489,     63.0535,      3.4953,      0.0000,     -0.0317,      3.8488,      0.1360,      5.6266,     11.2532,      1.2019,     29.0216,     58.0432,      0.0194,      0.0030,      0.0156,      0.2096,   7876.8335,-424486.9375,   -917.0894,    555.1546,  26256.1094,
       1,     169,     262,       4,       1,       3,       1,     10.0000,      1.4078,     42.7139,    250.5489,     63.0535,      3.4953,      0.0000,     -0.0314,      3.8122,      0.1290,      5.6266,     11.2532,      1.1401,     29.0216,     58.0432,      0.0194,      0.0030,      0.0156,      0.2096,   7876.8330,-424598.1562,   -917.3435,    555.1468,  26256.1074,
       1,     169,     262,       5,       1,       3,       1,     10.0000,      1.4078,     42.7139,    250.5489,     63.0535,      3.4953,      0.0000,     -0.0314,      3.9050,      0.1290,      5.6266,     11.2532,      1.1401,     29.0216,     58.0432,      0.0194,      0.0030,      0.0156,      0.2096,   7876.8325,-424563.3125,   -917.6589,    555.1492,  26256.1094,
       1,     169,     262,       6,       1,       3,       1,     10.0000,      1.4078,     42.7139,    250.5489,     63.0535,      3.4953,      0.0000,     -0.0314,      3.9953,      0.1290,      5.6266,     11.2532,      1.1401,     29.0216,     58.0432,      0.0194,      0.0031,      0.0156,      0.2096,   7876.8330,-424672.9062,   -918.0209,    555.1416,  26256.1074,
       1,     169,     262,       7,       1,       3,       1,     10.0000,      1.4078,     42.7139,    250.5489,     63.0535,      3.4953,      0.0000,     -0.0314,      4.0857,      0.1290,      5.6266,     11.2532,      1.1401,     29.0216,     58.0432,      0.0194,      0.0032,      0.0156,      0.2096,   7876.8325,-424791.9688,   -918.4008,    555.1334,  26256.1113,
       1,     169,     262,       8,       1,       3,       1,     10.0000,      1.4078,     42.7139,    250.5489,     63.0535,      3.4953,      0.0118,     -0.0196,      4.1785,      0.1290,      5.6266,     11.2532,      1.1401,     29.0216,     58.0432,      0.0194,      0.0033,      0.0156,      0.2096,   7876.8335,-424911.2812,   -918.7647,    555.1251,  26256.1094,
       1,     169,     262,       9,       1,       3,       1,     10.0000,      1.4078,     42.7139,    250.5489,     63.0535,      3.4953,      0.1356,      0.1041,     46.2287,      0.1290,      5.6266,     11.2532,      1.1401,     29.0216,     58.0432,      0.0194,      0.0033,      0.1689,      0.2096,   7876.8330,-425034.1875,   -919.1255,    555.1166,  26256.1094,
       1,     169,     262,      10,       1,       3,       1,     10.0000,      1.4078,     42.7139,    250.5489,     63.0535,      3.4953,      0.1727,      0.1407,     65.6513,      0.1434,      5.6266,     11.2532,      1.2669,     29.0216,     58.0432,      0.0194,      0.0036,      0.2197,      0.2096,   7876.8330,-476089.5625,   -929.3704,    551.5739,  26256.1094,
       1,     169,     262,      11,       1,       3,       1,     10.0000,      1.4078,     42.7139,    250.5489,     63.0535,      3.4953,      0.1948,      0.1625,     78.7380,      0.1509,      5.6266,     11.2532,      1.3338,     29.0216,     58.0432,      0.0194,      0.0038,      0.2500,      0.2095,   7876.8330,-504013.9062,   -935.6240,    549.6599,  26256.1094,
       1,     169,     262,      12,       1,       3,       1,     10.0000,      1.4078,     42.7139,    250.5489,     63.0535,      3.4953,      0.1952,      0.1623,     85.7292,      0.1674,      5.6266,     11.2532,      1.4790,     29.0216,     58.0432,      0.0194,      0.0042,      0.2500,      0.2095,   7876.8330,-522260.4375,   -940.3895,    548.4095,  26256.1094,
       1,     169,     262,      13,       1,       3,       1,     10.0000,      1.4078,     42.7139,    250.5489,     63.0535,      3.4953,      0.1880,      0.1546,     89.4363,      0.1857,      5.6266,     11.2532,      1.6405,     29.0216,     58.0432,      0.0194,      0.0045,      0.2395,      0.2095,   7876.8330,-532291.3125,   -943.7419,    547.7233,  26256.1113,
       1,     169,     262,      14,       1,       3,       1,     10.0000,      1.4078,     42.7139,    250.5489,     63.0535,      3.4953,      0.1875,      0.1535,     96.6952,      0.2056,      5.6266,     11.2532,      1.8166,     29.0216,     58.0432,      0.0194,      0.0049,      0.2382,      0.2094,   7876.8335,-537639.8750,   -944.7197,    547.3576,  26256.1094,
       1,     169,     262,      15,       1,       3,       1,     10.0000,      1.4078,     42.7139,    250.5489,     63.0535,      3.4953,      0.1961,      0.1623,    100.1011,      0.1953,      5.6266,     11.2532,      1.7256,     29.0216,     58.0432,      0.0194,      0.0049,      0.2500,      0.2094,   7876.8330,-546915.2500,   -947.7197,    546.7230,  26256.1094,
       1,     169,     262,      16,       1,       3,       1,     10.0000,      1.4078,     42.7139,    250.5489,     63.0535,      3.4953,      0.1955,      0.1630,     89.6512,      0.1590,      5.6266,     11.2532,      1.4053,     29.0216,     58.0432,      0.0194,      0.0044,      0.2500,      0.2094,   7876.8330,-551836.7500,   -947.7962,    546.3871,  26256.1074,
       1,     169,     262,      17,       1,       3,       1,     10.0000,      1.4078,     42.7139,    250.5489,     63.0535,      3.4953,      0.1946,      0.1620,     90.7323,      0.1590,      5.6266,     11.2532,      1.4053,     29.0216,     58.0432,      0.0194,      0.0044,      0.2485,      0.2094,   7876.8325,-539539.6250,   -947.1688,    547.2271,  26256.1055,
       1,     169,     262,      18,       1,       3,       1,     10.0000,      1.4078,     42.7139,    250.5489,     63.0535,      3.4953,      0.1628,      0.1303,     76.0208,      0.1590,      5.6266,     11.2532,      1.4053,     29.0216,     58.0432,      0.0194,      0.0045,      0.2045,      0.2094,   7876.8320,-539825.0625,   -947.2957,    547.2082,  26256.1055,
       1,     169,     262,      19,       1,       3,       1,     10.0000,      1.4078,     42.7139,    250.5489,     63.0535,      3.4953,      0.1122,      0.0797,     50.9455,      0.1590,      5.6266,     11.2532,      1.4053,     29.0216,     58.0432,      0.0194,      0.0046,      0.1346,      0.2094,   7876.8320,-521958.5938,   -941.8427,    548.4302,  26256.1094,
       1,     169,     262,      20,       1,       3,       1,     10.0000,      1.4078,     42.7139,    250.5489,     63.0535,      3.4953,      0.0085,     -0.0238,      5.8131,      0.1509,      5.6266,     11.2532,      1.3338,     29.0216,     58.0432,      0.0194,      0.0045,      0.0156,      0.2095,   7876.8330,-489980.0625,   -926.8934,    550.6239,  26255.9785,
       1,     169,     262,      21,       1,       3,       1,     10.0000,      1.4078,     42.7139,    250.5489,     63.0535,      3.4953,      0.0000,     -0.0320,      5.7259,      0.1434,      5.6266,     11.2532,      1.2669,     29.0216,     58.0432,      0.0194,      0.0045,      0.0156,      0.2095,   7876.7939,-432484.2812,   -913.1483,    554.5855,  26256.1094,
       1,     169,     262,      22,       1,       3,       1,     10.0000,      1.4078,     42.7139,    250.5489,     63.0535,      3.4953,      0.0000,     -0.0317,      5.6373,      0.1360,      5.6266,     11.2532,      1.2019,     29.0216,     58.0432,      0.0194,      0.0044,      0.0156,      0.2095,   7876.8330,-427567.6875,   -912.8401,    554.9407,  26256.1094,
       1,     169,     262,      23,       1,       3,       1,     10.0000,      1.4078,     42.7139,    250.5489,     63.0535,      3.4953,      0.0000,     -0.0317,      5.7305,      0.1360,      5.6266,     11.2532,      1.2019,     29.0216,     58.0432,      0.0194,      0.0045,      0.0156,      0.2096,   7876.8330,-427029.0625,   -913.2772,    554.9781,  26256.1094,
       1,     169,     262,      24,       1,       3,       1,     10.0000,      1.4078,     42.7139,    250.5489,     63.0535,      3.4953,      0.0000,     -0.0314,      5.6363,      0.1290,      5.6266,     11.2532,      1.1401,     29.0216,     58.0432,      0.0194,      0.0044,      0.0156,      0.2096,   7876.8330,-427096.6875,   -913.8582,    554.9734,  26256.1094,
       1,     169,     263,       1,       1,       3,       1,     10.0000,      1.4078,     42.7143,    250.5548,     63.0550,      3.4953,      0.0000,     -0.0314,      5.7292,      0.1290,      5.6267,     11.2535,      1.1401,     29.0302,     58.0605,      0.0194,      0.0045,      0.0156,      0.2096,   7876.8330,-427141.7500,   -914.7006,    554.9833,  26257.2812,
       1,     169,     263,       2,       1,       3,       1,     10.0000,      1.4078,     42.7143,    250.5548,     63.0550,      3.4953,      0.0000,     -0.0317,      6.0128,      0.1360,      5.6267,     11.2535,      1.2020,     29.0302,     58.0605,      0.0194,      0.0047,      0.0156,      0.2096,   7877.1846,-427106.4062,   -915.0129,    554.9857,  26257.2793,
       1,     169,     263,       3,       1,       3,       1,     10.0000,      1.4078,     42.7143,    250.5548,     63.0550,      3.4953,      0.0000,     -0.0317,      6.1060,      0.1360,      5.6267,     11.2535,      1.2020,     29.0302,     58.0605,      0.0194,      0.0048,      0.0156,      0.2096,   7877.1841,-427447.9375,   -915.6088,    554.9620,  26257.2773,
       1,     169,     263,       4,       1,       3,       1,     10.0000,      1.4078,     42.7143,    250.5548,     63.0550,      3.4953,      0.0000,     -0.0317,      6.2017,      0.1360,      5.6267,     11.2535,      1.2020,     29.0302,     58.0605,      0.0194,      0.0048,      0.0156,      0.2096,   7877.1836,-427590.0312,   -916.1909,    554.9521,  26257.2793,
       1,     169,     263,       5,       1,       3,       1,     10.0000,      1.4078,     42.7143,    250.5548,     63.0550,      3.4953,      0.0000,     -0.0317,      6.2949,      0.1360,      5.6267,     11.2535,      1.2020,     29.0302,     58.0605,      0.0194,      0.0049,      0.0156,      0.2096,   7877.1841,-427717.9688,   -916.6646,    554.9432,  26257.2793,
       1,     169,     263,       6,       1,       3,       1,     10.0000,      1.4078,     42.7143,    250.5548,     63.0550,      3.4953,      0.0000,     -0.0317,      6.3881,      0.1360,      5.6267,     11.2535,      1.2020,     29.0302,     58.0605,      0.0194,      0.0050,      0.0156,      0.2096,   7877.1841,-427841.9062,   -917.2554,    554.9347,  26257.2793,
       1,     169,     263,       7,       1,       3,       1,     10.0000,      1.4078,     42.7143,    250.5548,     63.0550,      3.4953,      0.0000,     -0.0317,      6.4839,      0.1360,      5.6267,     11.2535,      1.2020,     29.0302,     58.0605,      0.0194,      0.0051,      0.0156,      0.2096,   7877.1841,-427965.4688,   -917.7875,    554.9261,  26257.2812,
       1,     169,     263,       8,       1,       3,       1,     10.0000,      1.4078,     42.7143,    250.5548,     63.0550,      3.4953,      0.0140,     -0.0177,      0.1261,      0.1360,      5.6267,     11.2535,      1.2020,     29.0302,     58.0605,      0.0194,      0.0051,      0.0003,      0.2096,   7877.1846,-428091.7812,   -918.2951,    554.9173,  26257.2793,
       1,     169,     263,       9,       1,       3,       1,     10.0000,      1.4078,     42.7143,    250.5548,     63.0550,      3.4953,      0.1329,      0.1012,     69.4859,      0.1360,      5.6267,     11.2535,      1.2020,     29.0302,     58.0605,      0.0194,      0.0052,      0.1624,      0.2096,   7877.1841,-420385.5312,   -915.2858,    555.4519,  26257.2793,
       1,     169,     263,      10,       1,       3,       1,     10.0000,      1.4078,     42.7143,    250.5548,     63.0550,      3.4953,      0.1773,      0.1454,     99.7231,      0.1434,      5.6267,     11.2535,      1.2669,     29.0302,     58.0605,      0.0194,      0.0055,      0.2226,      0.2096,   7877.1841,-503917.8750,   -931.8819,    549.6524,  26257.2773,
       1,     169,     263,      11,       1,       3,       1,     10.0000,      1.4078,     42.7143,    250.5548,     63.0550,      3.4953,      0.1980,      0.1655,    121.0324,      0.1590,      5.6267,     11.2535,      1.4054,     29.0302,     58.0605,      0.0194,      0.0059,      0.2500,      0.2095,   7877.1836,-547777.5625,   -941.8115,    546.6691,  26257.2793,
       1,     169,     263,      12,       1,       3,       1,     10.0000,      1.4078,     42.7143,    250.5548,     63.0550,      3.4953,      0.1991,      0.1654,    139.2968,      0.1953,      5.6267,     11.2535,      1.7257,     29.0302,     58.0605,      0.0194,      0.0068,      0.2500,      0.2094,   7877.1841,-577359.8750,   -949.5456,    544.6557,  26257.2773,
       1,     169,     263,      13,       1,       3,       1,     10.0000,      1.4078,     42.7143,    250.5548,     63.0550,      3.4953,      0.1995,      0.1655,    145.7017,      0.2056,      5.6267,     11.2535,      1.8166,     29.0302,     58.0605,      0.0194,      0.0071,      0.2500,      0.2094,   7877.1836,-602065.6875,   -956.4922,    542.9774,  26257.2793,
       1,     169,     263,      14,       1,       3,       1,     10.0000,      1.4078,     42.7143,    250.5548,     63.0550,      3.4953,      0.1952,      0.1597,    165.3750,      0.2600,      5.6267,     11.2535,      2.2976,     29.0302,     58.0605,      0.0194,      0.0083,      0.2421,      0.2094,   7877.1841,-611939.3750,   -960.3370,    542.3098,  26257.2793,
       1,     169,     263,      15,       1,       3,       1,     10.0000,      1.4078,     42.7143,    250.5548,     63.0550,      3.4953,      0.1996,      0.1658,    145.5985,      0.1968,      5.6267,     11.2535,      1.7394,     29.0302,     58.0605,      0.0194,      0.0071,      0.2500,      0.2093,   7877.1841,-636717.0000,   -967.2479,    540.6306,  26257.2773,
       1,     169,     263,      16,       1,       3,       1,     10.0000,      1.4078,     42.7143,    250.5548,     63.0550,      3.4953,      0.1973,      0.1664,    106.4358,      0.1158,      5.6267,     11.2535,      1.0232,     29.0302,     58.0605,      0.0194,      0.0052,      0.2500,      0.2093,   7877.1836,-614721.7500,   -948.6960,    542.1196,  26256.9727,
       1,     169,     263,      17,       1,       3,       1,     10.0000,      1.4078,     42.7143,    250.5548,     63.0550,      3.4953,      0.1974,      0.1665,    108.2005,      0.1165,      5.6267,     11.2535,      1.0295,     29.0302,     58.0605,      0.0194,      0.0053,      0.2500,      0.2093,   7877.0923,-565233.9375,   -938.9188,    545.4752,  26257.0547,
       1,     169,     263,      18,       1,       3,       1,     10.0000,      1.4078,     42.7143,    250.5548,     63.0550,      3.4953,      0.1414,      0.1102,     79.3406,      0.1248,      5.6267,     11.2535,      1.1024,     29.0302,     58.0605,      0.0194,      0.0056,      0.1736,      0.2094,   7877.1167,-563250.5000,   -938.6084,    545.6208,  26257.0566,
       1,     169,     263,      19,       1,       3,       1,     10.0000,      1.4078,     42.7143,    250.5548,     63.0550,      3.4953,      0.1023,      0.0711,     55.3198,      0.1231,      5.6267,     11.2535,      1.0879,     29.0302,     58.0605,      0.0194,      0.0056,      0.1205,      0.2094,   7877.1172,-527967.2500,   -931.4812,    548.0272,  26257.1094,
       1,     169,     263,      20,       1,       3,       1,     10.0000,      1.4078,     42.7143,    250.5548,     63.0550,      3.4953,      0.0162,     -0.0150,      1.1096,      0.1239,      5.6267,     11.2535,      1.0946,     29.0302,     58.0605,      0.0194,      0.0035,      0.0039,      0.2095,   7877.1333,-495818.1250,   -925.2936,    550.2349,  26257.1602,
       1,     169,     263,      21,       1,       3,       1,     10.0000,      1.4078,     42.7143,    250.5548,     63.0550,      3.4953,      0.0000,     -0.0313,      0.8464,      0.1246,      5.6267,     11.2535,      1.1013,     29.0302,     58.0605,      0.0194,      0.0007,      0.0156,      0.2095,   7877.1484,-427254.3438,   -913.3820,    554.9551,  26257.2793,
       1,     169,     263,      22,       1,       3,       1,     10.0000,      1.4078,     42.7143,    250.5548,     63.0550,      3.4953,      0.0000,     -0.0313,      0.3758,      0.1241,      5.6267,     11.2535,      1.0968,     29.0302,     58.0605,      0.0194,      0.0003,      0.0156,      0.2096,   7877.1841,-421214.0000,   -912.3129,    555.3945,  26257.2793,
       1,     169,     263,      23,       1,       3,       1,     10.0000,      1.4078,     42.7143,    250.5548,     63.0550,      3.4953,      0.0000,     -0.0313,      0.3053,      0.1245,      5.6267,     11.2535,      1.1002,     29.0302,     58.0605,      0.0194,      0.0002,      0.0156,      0.2096,   7877.1841,-420109.8125,   -912.1240,    555.4713,  26257.2793,
       1,     169,     263,      24,       1,       3,       1,     10.0000,      1.4078,     42.7143,    250.5548,     63.0550,      3.4953,      0.0000,     -0.0313,      0.2981,      0.1254,      5.6267,     11.2535,      1.1081,     29.0302,     58.0605,      0.0194,      0.0002,      0.0156,      0.2096,   7877.1841,-419930.9688,   -912.0938,    555.4838,  26257.2812,
       1,     169,     264,       1,       1,       3,       1,     10.0000,      1.4078,     42.7146,    250.5607,     63.0565,      3.4953,      0.0000,     -0.0313,      0.2960,      0.1246,      5.6267,     11.2534,      1.1013,     29.0393,     58.0786,      0.0194,      0.0002,      0.0156,      0.2096,   7877.1846,-420062.0938,   -912.3799,    555.4877,  26258.4531,
       1,     169,     264,       2,       1,       3,       1,     10.0000,      1.4078,     42.7146,    250.5607,     63.0565,      3.4953,      0.0000,     -0.0312,      0.2902,      0.1225,      5.6267,     11.2534,      1.0824,     29.0393,     58.0786,      0.0194,      0.0002,      0.0156,      0.2096,   7877.5361,-419918.7188,   -912.0995,    555.4976,  26258.4512,
       1,     169,     264,       3,       1,       3,       1,     10.0000,      1.4078,     42.7146,    250.5607,     63.0565,      3.4953,      0.0000,     -0.0312,      0.2936,      0.1237,      5.6267,     11.2534,      1.0935,     29.0393,     58.0786,      0.0194,      0.0002,      0.0156,      0.2096,   7877.5356,-419899.7500,   -912.0978,    555.4990,  26258.4531,
       1,     169,     264,       4,       1,       3,       1,     10.0000,      1.4078,     42.7146,    250.5607,     63.0565,      3.4953,      0.0000,     -0.0311,      0.2829,      0.1198,      5.6267,     11.2534,      1.0583,     29.0393,     58.0786,      0.0194,      0.0002,      0.0156,      0.2096,   7877.5361,-419902.0625,   -912.0992,    555.4987,  26258.4531,
       1,     169,     264,       5,       1,       3,       1,     10.0000,      1.4078,     42.7146,    250.5607,     63.0565,      3.4953,      0.0000,     -0.0312,      0.2906,      0.1226,      5.6267,     11.2534,      1.0835,     29.0393,     58.0786,      0.0194,      0.0002,      0.0156,      0.2096,   7877.5361,-419889.3750,   -912.0983,    555.4996,  26258.4531,
       1,     169,     264,       6,       1,       3,       1,     10.0000,      1.4078,     42.7146,    250.5607,     63.0565,      3.4953,      0.0000,     -0.0312,      0.2899,      0.1224,      5.6267,     11.2534,      1.0813,     29.0393,     58.0786,      0.0194,      0.0002,      0.0156,      0.2096,   7877.5361,-419897.5625,   -912.1011,    555.4991,  26258.4531,
       1,     169,     264,       7,       1,       3,       1,     10.0000,      1.4078,     42.7146,    250.5607,     63.0565,      3.4953,      0.0000,     -0.0313,      0.2981,      0.1254,      5.6267,     11.2534,      1.1081,     29.0393,     58.0786,      0.0194,      0.0002,      0.0156,      0.2096,   7877.5361,-419897.4375,   -912.1025,    555.4991,  26258.4531,
       1,     169,     264,       8,       1,       3,       1,     10.0000,      1.4078,     42.7146,    250.5607,     63.0565,      3.4953,      0.0110,     -0.0204,      0.3059,      0.1282,      5.6267,     11.2534,      1.1332,     29.0393,     58.0786,      0.0194,      0.0002,      0.0156,      0.2096,   7877.5361,-419907.4062,   -912.1058,    555.4984,  26258.4531,
       1,     169,     264,       9,       1,       3,       1,     10.0000,      1.4078,     42.7146,    250.5607,     63.0565,      3.4953,      0.1183,      0.0867,      3.1492,      0.1306,      5.6267,     11.2534,      1.1542,     29.0393,     58.0786,      0.0194,      0.0003,      0.1491,      0.2096,   7877.5361,-419917.5312,   -912.1543,    555.4977,  26258.4531,
       1,     169,     264,      10,       1,       3,       1,     10.0000,      1.4078,     42.7146,    250.5607,     63.0565,      3.4953,      0.1688,      0.1369,      4.9737,      0.1409,      5.6267,     11.2534,      1.2454,     29.0393,     58.0786,      0.0194,      0.0003,      0.2211,      0.2096,   7877.5361,-423368.9062,   -913.1476,    555.2580,  26258.4551,
       1,     169,     264,      11,       1,       3,       1,     10.0000,      1.4078,     42.7146,    250.5607,     63.0565,      3.4953,      0.1625,      0.1298,      6.0024,      0.1611,      5.6267,     11.2534,      1.4239,     29.0393,     58.0786,      0.0194,      0.0003,      0.2120,      0.2096,   7877.5366,-425874.0000,   -914.2650,    555.0842,  26258.4531,
       1,     169,     264,      12,       1,       3,       1,     10.0000,      1.4078,     42.7146,    250.5607,     63.0565,      3.4953,      0.1889,      0.1557,      7.0734,      0.1767,      5.6267,     11.2534,      1.5610,     29.0393,     58.0786,      0.0194,      0.0003,      0.2500,      0.2096,   7877.5361,-427333.7188,   -915.2755,    554.9830,  26258.4512,
       1,     169,     264,      13,       1,       3,       1,     10.0000,      1.4078,     42.7146,    250.5607,     63.0565,      3.4953,      0.0468,      0.0129,      1.4911,      0.2032,      5.6267,     11.2534,      1.7953,     29.0393,     58.0786,      0.0194,      0.0004,      0.0449,      0.2096,   7877.5356,-428756.6250,   -916.7743,    554.8843,  26258.4531,
       1,     169,     264,      14,       1,       3,       1,     10.0000,      1.4078,     42.7146,    250.5607,     63.0565,      3.4953,      0.0581,      0.0244,      1.9601,      0.1963,      5.6267,     11.2534,      1.7343,     29.0393,     58.0786,      0.0194,      0.0004,      0.0614,      0.2096,   7877.5361,-422101.0000,   -915.6649,    555.3458,  26258.4531,
       1,     169,     264,      15,       1,       3,       1,     10.0000,      1.4078,     42.7146,    250.5607,     63.0565,      3.4953,      0.0906,      0.0566,      6.7674,      0.2068,      5.6267,     11.2534,      1.8275,     29.0393,     58.0786,      0.0194,      0.0008,      0.1077,      0.2096,   7877.5361,-422110.2500,   -913.3359,    555.3455,  26258.4531,
       1,     169,     264,      16,       1,       3,       1,     10.0000,      1.4078,     42.7146,    250.5607,     63.0565,      3.4953,      0.1093,      0.0752,     22.1233,      0.2050,      5.6267,     11.2534,      1.8113,     29.0393,     58.0786,      0.0194,      0.0020,      0.1330,      0.2096,   7877.5361,-427944.6875,   -914.7452,    554.9405,  26258.4512,
       1,     169,     264,      17,       1,       3,       1,     10.0000,      1.4078,     42.7146,    250.5607,     63.0565,      3.4953,      0.0852,      0.0513,     21.4151,      0.2012,      5.6267,     11.2534,      1.7777,     29.0393,     58.0786,      0.0194,      0.0027,      0.0982,      0.2096,   7877.5356,-447073.8125,   -918.8936,    553.6136,  26258.4531,
       1,     169,     264,      18,       1,       3,       1,     10.0000,      1.4078,     42.7146,    250.5607,     63.0565,      3.4953,      0.1157,      0.0817,     38.5747,      0.2044,      5.6267,     11.2534,      1.8060,     29.0393,     58.0786,      0.0194,      0.0033,      0.1405,      0.2096,   7877.5361,-447828.5625,   -919.6507,    553.5630,  26258.4531,
       1,     169,     264,      19,       1,       3,       1,     10.0000,      1.4078,     42.7146,    250.5607,     63.0565,      3.4953,      0.0850,      0.0513,     30.9338,      0.1947,      5.6267,     11.2534,      1.7206,     29.0393,     58.0786,      0.0194,      0.0039,      0.0971,      0.2096,   7877.5361,-468722.3750,   -924.3776,    552.1172,  26258.4531,
       1,     169,     264,      20,       1,       3,       1,     10.0000,      1.4078,     42.7146,    250.5607,     63.0565,      3.4953,      0.0074,     -0.0252,      5.0877,      0.1586,      5.6267,     11.2534,      1.4012,     29.0393,     58.0786,      0.0194,      0.0040,      0.0156,      0.2096,   7877.5361,-461205.7500,   -923.7501,    552.6379,  26258.4551,
       1,     169,     264,      21,       1,       3,       1,     10.0000,      1.4078,     42.7146,    250.5607,     63.0565,      3.4953,      0.0000,     -0.0320,      4.9460,      0.1425,      5.6267,     11.2534,      1.2593,     29.0393,     58.0786,      0.0194,      0.0039,      0.0156,      0.2096,   7877.5366,-429188.3125,   -918.3672,    554.8499,  26258.4551,
       1,     169,     264,      22,       1,       3,       1,     10.0000,      1.4078,     42.7146,    250.5607,     63.0565,      3.4953,      0.0000,     -0.0316,      4.4364,      0.1341,      5.6267,     11.2534,      1.1850,     29.0393,     58.0786,      0.0194,      0.0035,      0.0156,      0.2096,   7877.5366,-426335.7812,   -918.1917,    555.0521,  26258.4531,
       1,     169,     264,      23,       1,       3,       1,     10.0000,      1.4078,     42.7146,    250.5607,     63.0565,      3.4953,      0.0000,     -0.0319,      4.9340,      0.1421,      5.6267,     11.2534,      1.2555,     29.0393,     58.0786,      0.0194,      0.0038,      0.0156,      0.2096,   7877.5361,-425472.0000,   -918.3837,    555.1121,  26258.4531,
       1,     169,     264,      24,       1,       3,       1,     10.0000,      1.4078,     42.7146,    250.5607,     63.0565,      3.4953,      0.0000,     -0.0318,      4.5516,      0.1378,      5.6267,     11.2534,      1.2179,     29.0393,     58.0786,      0.0194,      0.0036,      0.0156,      0.2096,   7877.5361,-426003.1250,   -918.8870,    555.0753,  26258.4531,
       1,     169,     265,       1,       1,       3,       1,     10.0000,      1.4078,     42.7149,    250.5666,     63.0580,      3.4953,      0.0000,     -0.0314,      2.4067,      0.1281,      5.6287,     11.2574,      1.1321,     29.0303,     58.0606,      0.0194,      0.0019,      0.0156,      0.2096,   7877.5361,-425738.1250,   -919.4612,    555.1068,  26259.6270,
       1,     169,     265,       2,       1,       3,       1,     10.0000,      1.4078,     42.7149,    250.5666,     63.0580,      3.4953,      0.0000,     -0.0314,      2.0263,      0.1273,      5.6287,     11.2574,      1.1252,     29.0303,     58.0606,      0.0194,      0.0016,      0.0156,      0.2096,   7877.8882,-422960.4688,   -918.8212,    555.2996,  26259.6250,
       1,     169,     265,       3,       1,       3,       1,     10.0000,      1.4078,     42.7149,    250.5666,     63.0580,      3.4953,      0.0000,     -0.0314,      1.5006,      0.1282,      5.6287,     11.2574,      1.1332,     29.0303,     58.0606,      0.0194,      0.0012,      0.0156,      0.2096,   7877.8877,-422265.3438,   -918.8069,    555.3478,  26259.6230,
       1,     169,     265,       4,       1,       3,       1,     10.0000,      1.4078,     42.7149,    250.5666,     63.0580,      3.4953,      0.0000,     -0.0313,      1.1910,      0.1246,      5.6287,     11.2574,      1.1014,     29.0303,     58.0606,      0.0194,      0.0009,      0.0156,      0.2096,   7877.8872,-421569.1562,   -918.7339,    555.3962,  26259.6250,
       1,     169,     265,       5,       1,       3,       1,     10.0000,      1.4078,     42.7149,    250.5666,     63.0580,      3.4953,      0.0000,     -0.0312,      1.2699,      0.1224,      5.6287,     11.2574,      1.0813,     29.0303,     58.0606,      0.0194,      0.0010,      0.0156,      0.2096,   7877.8877,-421134.5312,   -918.7042,    555.4263,  26259.6250,
       1,     169,     265,       6,       1,       3,       1,     10.0000,      1.4078,     42.7149,    250.5666,     63.0580,      3.4953,      0.0000,     -0.0313,      0.5191,      0.1241,      5.6287,     11.2574,      1.0969,     29.0303,     58.0606,      0.0194,      0.0004,      0.0156,      0.2096,   7877.8877,-421193.6562,   -918.7737,    555.4222,  26259.6250,
       1,     169,     265,       7,       1,       3,       1,     10.0000,      1.4078,     42.7149,    250.5666,     63.0580,      3.4953,      0.0000,     -0.0313,      0.4451,      0.1255,      5.6287,     11.2574,      1.1093,     29.0303,     58.0606,      0.0194,      0.0003,      0.0156,      0.2096,   7877.8877,-420287.6562,   -918.6210,    555.4851,  26259.6250,
       1,     169,     265,       8,       1,       3,       1,     10.0000,      1.4078,     42.7149,    250.5666,     63.0580,      3.4953,      0.0112,     -0.0200,      0.2909,      0.1227,      5.6287,     11.2574,      1.0846,     29.0303,     58.0606,      0.0194,      0.0002,      0.0156,      0.2096,   7877.8877,-420121.5312,   -918.6026,    555.4966,  26259.6250,
       1,     169,     265,       9,       1,       3,       1,     10.0000,      1.4078,     42.7149,    250.5666,     63.0580,      3.4953,      0.1116,      0.0802,      2.7571,      0.1290,      5.6287,     11.2574,      1.1402,     29.0303,     58.0606,      0.0194,      0.0002,      0.1396,      0.2096,   7877.8877,-419920.5000,   -918.5793,    555.5106,  26259.6250,
       1,     169,     265,      10,       1,       3,       1,     10.0000,      1.4078,     42.7149,    250.5666,     63.0580,      3.4953,      0.1528,      0.1203,      4.9782,      0.1592,      5.6287,     11.2574,      1.4068,     29.0303,     58.0606,      0.0194,      0.0003,      0.1982,      0.2096,   7877.8877,-422896.0312,   -919.2906,    555.3040,  26259.6250,
       1,     169,     265,      11,       1,       3,       1,     10.0000,      1.4078,     42.7149,    250.5666,     63.0580,      3.4953,      0.1618,      0.1285,      6.1742,      0.1818,      5.6287,     11.2574,      1.6068,     29.0303,     58.0606,      0.0194,      0.0004,      0.2111,      0.2096,   7877.8877,-425841.8750,   -920.2103,    555.0995,  26259.6250,
       1,     169,     265,      12,       1,       3,       1,     10.0000,      1.4078,     42.7149,    250.5666,     63.0580,      3.4953,      0.1888,      0.1549,      8.1937,      0.2008,      5.6287,     11.2574,      1.7742,     29.0303,     58.0606,      0.0194,      0.0004,      0.2500,      0.2096,   7877.8877,-427541.5625,   -920.9315,    554.9816,  26259.6250,
       1,     169,     265,      13,       1,       3,       1,     10.0000,      1.4078,     42.7149,    250.5666,     63.0580,      3.4953,      0.1821,      0.1477,      8.6051,      0.2168,      5.6287,     11.2574,      1.9159,     29.0303,     58.0606,      0.0194,      0.0004,      0.2403,      0.2096,   7877.8877,-430135.4688,   -922.3112,    554.8018,  26259.6250,
       1,     169,     265,      14,       1,       3,       1,     10.0000,      1.4078,     42.7149,    250.5666,     63.0580,      3.4953,      0.1880,      0.1533,     12.7493,      0.2291,      5.6287,     11.2574,      2.0241,     29.0303,     58.0606,      0.0194,      0.0006,      0.2485,      0.2096,   7877.8877,-430853.1250,   -923.0473,    554.7520,  26259.6250,
       1,     169,     265,      15,       1,       3,       1,     10.0000,      1.4078,     42.7149,    250.5666,     63.0580,      3.4953,      0.1922,      0.1573,     54.7208,      0.2370,      5.6287,     11.2574,      2.0946,     29.0303,     58.0606,      0.0194,      0.0027,      0.2500,      0.2096,   7877.8877,-435942.8125,   -924.5944,    554.3990,  26259.6250,
       1,     169,     265,      16,       1,       3,       1,     10.0000,      1.4078,     42.7149,    250.5666,     63.0580,      3.4953,      0.1941,      0.1590,     78.7263,      0.2412,      5.6287,     11.2574,      2.1318,     29.0303,     58.0606,      0.0194,      0.0038,      0.2500,      0.2096,   7877.8877,-487311.0938,   -935.2879,    550.8393,  26259.6250,
       1,     169,     265,      17,       1,       3,       1,     10.0000,      1.4078,     42.7149,    250.5666,     63.0580,      3.4953,      0.1610,      0.1258,     90.0649,      0.2494,      5.6287,     11.2574,      2.2036,     29.0303,     58.0606,      0.0194,      0.0055,      0.2006,      0.2096,   7877.8877,-520820.9062,   -942.6837,    548.5435,  26259.6230,
       1,     169,     265,      18,       1,       3,       1,     10.0000,      1.4078,     42.7149,    250.5666,     63.0580,      3.4953,      0.1029,      0.0680,     57.2909,      0.2366,      5.6287,     11.2574,      2.0905,     29.0303,     58.0606,      0.0194,      0.0058,      0.1194,      0.2095,   7877.8872,-537413.5625,   -946.6749,    547.4105,  26259.6250,
       1,     169,     265,      19,       1,       3,       1,     10.0000,      1.4078,     42.7149,    250.5666,     63.0580,      3.4953,      0.0156,     -0.0185,      8.9283,      0.2076,      5.6287,     11.2574,      1.8347,     29.0303,     58.0606,      0.0194,      0.0070,      0.0156,      0.2095,   7877.8877,-498964.4375,   -939.8014,    550.0426,  26259.6230,
       1,     169,     265,      20,       1,       3,       1,     10.0000,      1.4078,     42.7149,    250.5666,     63.0580,      3.4953,      0.0007,     -0.0326,      8.4189,      0.1831,      5.6287,     11.2574,      1.6180,     29.0303,     58.0606,      0.0194,      0.0066,      0.0156,      0.2096,   7877.8872,-437006.3750,   -928.0566,    554.3088,  26259.6250,
       1,     169,     265,      21,       1,       3,       1,     10.0000,      1.4078,     42.7149,    250.5666,     63.0580,      3.4953,      0.0000,     -0.0329,      9.3114,      0.1694,      5.6287,     11.2574,      1.4970,     29.0303,     58.0606,      0.0194,      0.0073,      0.0156,      0.2096,   7877.8877,-431225.3750,   -927.0588,    554.7260,  26259.6270,
       1,     169,     265,      22,       1,       3,       1,     10.0000,      1.4078,     42.7149,    250.5666,     63.0580,      3.4953,      0.0000,     -0.0326,      9.6037,      0.1611,      5.6287,     11.2574,      1.4239,     29.0303,     58.0606,      0.0194,      0.0075,      0.0156,      0.2096,   7877.8882,-431801.8125,   -927.2894,    554.6862,  26259.6250,
       1,     169,     265,      23,       1,       3,       1,     10.0000,      1.4078,     42.7149,    250.5666,     63.0580,      3.4953,      0.0000,     -0.0323,      8.0414,      0.1511,      5.6287,     11.2574,      1.3352,     29.0303,     58.0606,      0.0194,      0.0063,      0.0156,      0.2096,   7877.8877,-432205.2500,   -927.4630,    554.6583,  26259.6250,
       1,     169,     265,      24,       1,       3,       1,     10.0000,      1.4078,     42.7149,    250.5666,     63.0580,      3.4953,      0.0000,     -0.0322,      5.4447,      0.1490,      5.6287,     11.2574,      1.3165,     29.0303,     58.0606,      0.0194,      0.0042,      0.0156,      0.2096,   7877.8877,-430343.2812,   -927.1661,    554.7874,  26259.6250,
       1,     169,     266,       1,       1,       3,       1,     10.0000,      1.4079,     42.7153,    250.5725,     63.0595,      3.4953,      0.0000,     -0.0322,      4.4015,      0.1502,      5.6277,     11.2554,      1.3272,     29.0311,     58.0623,      0.0194,      0.0034,      0.0156,      0.2097,   7877.8877,-427189.1250,   -926.8819,    555.0192,  26260.7930,
       1,     169,     266,       2,       1,       3,       1,     10.0000,      1.4079,     42.7153,    250.5725,     63.0595,      3.4953,      0.0000,     -0.0322,      2.9242,      0.1497,      5.6277,     11.2554,      1.3232,     29.0311,     58.0623,      0.0194,      0.0023,      0.0156,      0.2097,   7878.2383,-425506.2188,   -926.3237,    555.1359,  26260.7949,
       1,     169,     266,       3,       1,       3,       1,     10.0000,      1.4079,     42.7153,    250.5725,     63.0595,      3.4953,      0.0000,     -0.0321,      2.3726,      0.1470,      5.6277,     11.2554,      1.2994,     29.0311,     58.0623,      0.0194,      0.0019,      0.0156,      0.2097,   7878.2388,-423571.7812,   -925.9711,    555.2702,  26260.7969,
       1,     169,     266,       4,       1,       3,       1,     10.0000,      1.4079,     42.7153,    250.5725,     63.0595,      3.4953,      0.0000,     -0.0320,      1.1853,      0.1444,      5.6277,     11.2554,      1.2760,     29.0311,     58.0623,      0.0194,      0.0009,      0.0156,      0.2097,   7878.2393,-422739.3750,   -925.8262,    555.3280,  26260.7930,
       1,     169,     266,       5,       1,       3,       1,     10.0000,      1.4079,     42.7153,    250.5725,     63.0595,      3.4953,      0.0000,     -0.0319,      1.1433,      0.1409,      5.6277,     11.2554,      1.2454,     29.0311,     58.0623,      0.0194,      0.0009,      0.0156,      0.2097,   7878.2383,-421229.1875,   -925.5431,    555.4328,  26260.7949,
       1,     169,     266,       6,       1,       3,       1,     10.0000,      1.4079,     42.7153,    250.5725,     63.0595,      3.4953,      0.0000,     -0.0319,      0.9359,      0.1397,      5.6277,     11.2554,      1.2341,     29.0311,     58.0623,      0.0194,      0.0007,      0.0156,      0.2097,   7878.2388,-421050.7812,   -925.5156,    555.4453,  26260.7930,
       1,     169,     266,       7,       1,       3,       1,     10.0000,      1.4079,     42.7153,    250.5725,     63.0595,      3.4953,      0.0000,     -0.0318,      0.9651,      0.1380,      5.6277,     11.2554,      1.2192,     29.0311,     58.0623,      0.0194,      0.0008,      0.0156,      0.2097,   7878.2383,-420784.3438,   -925.4708,    555.4637,  26260.7930,
       1,     169,     266,       8,       1,       3,       1,     10.0000,      1.4079,     42.7153,    250.5725,     63.0595,      3.4953,      0.0031,     -0.0287,      1.1166,      0.1370,      5.6277,     11.2554,      1.2106,     29.0311,     58.0623,      0.0194,      0.0009,      0.0156,      0.2097,   7878.2383,-420797.4375,   -925.4798,    555.4628,  26260.7930,
       1,     169,     266,       9,       1,       3,       1,     10.0000,      1.4079,     42.7153,    250.5725,     63.0595,      3.4953,      0.0379,      0.0059,      1.9398,      0.1424,      5.6277,     11.2554,      1.2581,     29.0311,     58.0623,      0.0194,      0.0007,      0.0340,      0.2097,   7878.2383,-420982.2812,   -925.5227,    555.4500,  26260.7930,
       1,     169,     266,      10,       1,       3,       1,     10.0000,      1.4079,     42.7153,    250.5725,     63.0595,      3.4953,      0.1382,      0.1059,      7.1023,      0.1517,      5.6277,     11.2554,      1.3406,     29.0311,     58.0623,      0.0194,      0.0005,      0.1770,      0.2097,   7878.2383,-421996.6875,   -925.7319,    555.3796,  26260.7930,
       1,     169,     266,      11,       1,       3,       1,     10.0000,      1.4079,     42.7153,    250.5725,     63.0595,      3.4953,      0.1539,      0.1211,      7.5063,      0.1686,      5.6277,     11.2554,      1.4895,     29.0311,     58.0623,      0.0194,      0.0005,      0.1995,      0.2097,   7878.2383,-428345.6250,   -927.0043,    554.9388,  26260.7930,
       1,     169,     266,      12,       1,       3,       1,     10.0000,      1.4079,     42.7153,    250.5725,     63.0595,      3.4953,      0.1769,      0.1433,     10.3065,      0.1919,      5.6277,     11.2554,      1.6953,     29.0311,     58.0623,      0.0194,      0.0005,      0.2324,      0.2097,   7878.2383,-429371.0625,   -927.2458,    554.8679,  26260.7910,
       1,     169,     266,      13,       1,       3,       1,     10.0000,      1.4079,     42.7153,    250.5725,     63.0595,      3.4953,      0.1848,      0.1504,     16.6318,      0.2216,      5.6277,     11.2554,      1.9578,     29.0311,     58.0623,      0.0194,      0.0008,      0.2434,      0.2097,   7878.2378,-432855.2500,   -927.9735,    554.6262,  26260.7910,
       1,     169,     266,      14,       1,       3,       1,     10.0000,      1.4079,     42.7153,    250.5725,     63.0595,      3.4953,      0.1769,      0.1419,     20.9529,      0.2380,      5.6277,     11.2554,      2.1029,     29.0311,     58.0623,      0.0194,      0.0011,      0.2314,      0.2097,   7878.2378,-440824.3438,   -929.5918,    554.0738,  26260.7949,
       1,     169,     266,      15,       1,       3,       1,     10.0000,      1.4079,     42.7153,    250.5725,     63.0595,      3.4953,      0.1620,      0.1273,     30.6897,      0.2313,      5.6277,     11.2554,      2.0441,     29.0311,     58.0623,      0.0194,      0.0018,      0.2086,      0.2096,   7878.2388,-446739.2812,   -930.8207,    553.6643,  26260.7930,
       1,     169,     266,      16,       1,       3,       1,     10.0000,      1.4079,     42.7153,    250.5725,     63.0595,      3.4953,      0.1440,      0.1097,     44.3984,      0.2177,      5.6277,     11.2554,      1.9235,     29.0311,     58.0623,      0.0194,      0.0030,      0.1809,      0.2096,   7878.2383,-459055.2500,   -933.3450,    552.8121,  26260.7930,
       1,     169,     266,      17,       1,       3,       1,     10.0000,      1.4079,     42.7153,    250.5725,     63.0595,      3.4953,      0.0152,     -0.0189,      5.8677,      0.2080,      5.6277,     11.2554,      1.8384,     29.0311,     58.0623,      0.0194,      0.0046,      0.0156,      0.2096,   7878.2383,-476734.0625,   -936.9830,    551.5912,  26260.7930,
       1,     169,     266,      18,       1,       3,       1,     10.0000,      1.4079,     42.7153,    250.5725,     63.0595,      3.4953,      0.0324,     -0.0016,     12.3343,      0.2062,      5.6277,     11.2554,      1.8222,     29.0311,     58.0623,      0.0194,      0.0066,      0.0227,      0.2096,   7878.2383,-431436.4375,   -928.1583,    554.7158,  26260.7910,
       1,     169,     266,      19,       1,       3,       1,     10.0000,      1.4079,     42.7153,    250.5725,     63.0595,      3.4953,      0.0393,      0.0058,     17.2039,      0.1883,      5.6277,     11.2554,      1.6636,     29.0311,     58.0623,      0.0194,      0.0064,      0.0327,      0.2097,   7878.2378,-435500.5625,   -928.9576,    554.4429,  26260.7949,
       1,     169,     266,      20,       1,       3,       1,     10.0000,      1.4079,     42.7153,    250.5725,     63.0595,      3.4953,      0.0041,     -0.0288,      7.2443,      0.1715,      5.6277,     11.2554,      1.5150,     29.0311,     58.0623,      0.0194,      0.0056,      0.0156,      0.2097,   7878.2388,-441740.8438,   -930.2057,    554.0104,  26260.7930,
       1,     169,     266,      21,       1,       3,       1,     10.0000,      1.4079,     42.7153,    250.5725,     63.0595,      3.4953,      0.0000,     -0.0326,      6.0791,      0.1592,      5.6277,     11.2554,      1.4069,     29.0311,     58.0623,      0.0194,      0.0047,      0.0156,      0.2096,   7878.2383,-430179.5938,   -927.9429,    554.8112,  26260.7930,
       1,     169,     266,      22,       1,       3,       1,     10.0000,      1.4079,     42.7153,    250.5725,     63.0595,      3.4953,      0.0000,     -0.0324,      5.1444,      0.1532,      5.6277,     11.2554,      1.3542,     29.0311,     58.0623,      0.0194,      0.0040,      0.0156,      0.2097,   7878.2383,-427794.2188,   -927.4772,    554.9772,  26260.7949,
       1,     169,     266,      23,       1,       3,       1,     10.0000,      1.4079,     42.7153,    250.5725,     63.0595,      3.4953,      0.0000,     -0.0323,      5.3428,      0.1505,      5.6277,     11.2554,      1.3299,     29.0311,     58.0623,      0.0194,      0.0042,      0.0156,      0.2097,   7878.2388,-426458.2188,   -927.2099,    555.0699,  26260.7930,
       1,     169,     266,      24,       1,       3,       1,     10.0000,      1.4079,     42.7153,    250.5725,     63.0595,      3.4953,      0.0000,     -0.0322,      4.5017,      0.1493,      5.6277,     11.2554,      1.3192,     29.0311,     58.0623,      0.0194,      0.0035,      0.0156,      0.2097,   7878.2383,-426586.9062,   -927.2350,    555.0610,  26260.7930,
       1,     169,     267,       1,       1,       3,       1,     10.0000,      1.4079,     42.7156,    250.5784,     63.0610,      3.4953,      0.0000,     -0.0322,      3.4421,      0.1485,      5.6288,     11.2576,      1.3126,     29.0224,     58.0447,      0.0194,      0.0027,      0.0156,      0.2097,   7878.2383,-425731.6250,   -927.3397,    555.1334,  26261.9688,
       1,     169,     267,       2,       1,       3,       1,     10.0000,      1.4079,     42.7156,    250.5784,     63.0610,      3.4953,      0.0000,     -0.0320,      2.4046,      0.1447,      5.6288,     11.2576,      1.2786,     29.0224,     58.0447,      0.0194,      0.0019,      0.0156,      0.2097,   7878.5908,-424221.5938,   -926.7571,    555.2382,  26261.9668,
       1,     169,     267,       3,       1,       3,       1,     10.0000,      1.4079,     42.7156,    250.5784,     63.0610,      3.4953,      0.0000,     -0.0319,      1.7901,      0.1419,      5.6288,     11.2576,      1.2543,     29.0224,     58.0447,      0.0194,      0.0014,      0.0156,      0.2097,   7878.5903,-422835.8438,   -926.4794,    555.3344,  26261.9668,
       1,     169,     267,       4,       1,       3,       1,     10.0000,      1.4079,     42.7156,    250.5784,     63.0610,      3.4953,      0.0000,     -0.0319,      1.3048,      0.1412,      5.6288,     11.2576,      1.2480,     29.0224,     58.0447,      0.0194,      0.0010,      0.0156,      0.2097,   7878.5903,-421973.7188,   -926.3052,    555.3943,  26261.9668,
       1,     169,     267,       5,       1,       3,       1,     10.0000,      1.4079,     42.7156,    250.5784,     63.0610,      3.4953,      0.0000,     -0.0319,      1.1607,      0.1421,      5.6288,     11.2576,      1.2556,     29.0224,     58.0447,      0.0194,      0.0009,      0.0156,      0.2097,   7878.5903,-421312.2500,   -926.1733,    555.4402,  26261.9668,
       1,     169,     267,       6,       1,       3,       1,     10.0000,      1.4079,     42.7156,    250.5784,     63.0610,      3.4953,      0.0000,     -0.0320,      1.2714,      0.1428,      5.6288,     11.2576,      1.2619,     29.0224,     58.0447,      0.0194,      0.0010,      0.0156,      0.2097,   7878.5903,-421081.8125,   -926.1272,    555.4562,  26261.9668,
       1,     169,     267,       7,       1,       3,       1,     10.0000,      1.4079,     42.7156,    250.5784,     63.0610,      3.4953,      0.0000,     -0.0319,      1.1563,      0.1414,      5.6288,     11.2576,      1.2492,     29.0224,     58.0447,      0.0194,      0.0009,      0.0156,      0.2097,   7878.5903,-421196.7188,   -926.1471,    555.4482,  26261.9668,
       1,     169,     267,       8,       1,       3,       1,     10.0000,      1.4079,     42.7156,    250.5784,     63.0610,      3.4953,      0.0105,     -0.0214,      0.7800,      0.1414,      5.6288,     11.2576,      1.2492,     29.0224,     58.0447,      0.0194,      0.0006,      0.0156,      0.2097,   7878.5903,-421066.7500,   -926.1196,    555.4573,  26261.9668,
       1,     169,     267,       9,       1,       3,       1,     10.0000,      1.4079,     42.7156,    250.5784,     63.0610,      3.4953,      0.1020,      0.0695,      5.5206,      0.1567,      5.6288,     11.2576,      1.3845,     29.0224,     58.0447,      0.0194,      0.0005,      0.1251,      0.2097,   7878.5903,-420599.2500,   -926.0247,    555.4897,  26261.9668,
       1,     169,     267,      10,       1,       3,       1,     10.0000,      1.4079,     42.7156,    250.5784,     63.0610,      3.4953,      0.1603,      0.1272,     10.1860,      0.1761,      5.6288,     11.2576,      1.5564,     29.0224,     58.0447,      0.0194,      0.0006,      0.2084,      0.2097,   7878.5903,-426310.8125,   -927.1438,    555.0931,  26261.9668,
       1,     169,     267,      11,       1,       3,       1,     10.0000,      1.4079,     42.7156,    250.5784,     63.0610,      3.4953,      0.1773,      0.1435,     11.9031,      0.2002,      5.6288,     11.2576,      1.7690,     29.0224,     58.0447,      0.0194,      0.0006,      0.2329,      0.2097,   7878.5903,-432452.5312,   -928.3403,    554.6671,  26261.9668,
       1,     169,     267,      12,       1,       3,       1,     10.0000,      1.4079,     42.7156,    250.5784,     63.0610,      3.4953,      0.1867,      0.1531,     20.7166,      0.1922,      5.6288,     11.2576,      1.6987,     29.0224,     58.0447,      0.0194,      0.0010,      0.2454,      0.2097,   7878.5903,-435053.2188,   -928.8226,    554.4870,  26261.9668,
       1,     169,     267,      13,       1,       3,       1,     10.0000,      1.4079,     42.7156,    250.5784,     63.0610,      3.4953,      0.1851,      0.1508,     32.9330,      0.2126,      5.6288,     11.2576,      1.8787,     29.0224,     58.0447,      0.0194,      0.0017,      0.2418,      0.2097,   7878.5903,-445966.0312,   -930.9447,    553.7306,  26261.9668,
       1,     169,     267,      14,       1,       3,       1,     10.0000,      1.4079,     42.7156,    250.5784,     63.0610,      3.4953,      0.1923,      0.1581,     53.4738,      0.2105,      5.6288,     11.2576,      1.8603,     29.0224,     58.0447,      0.0194,      0.0026,      0.2500,      0.2097,   7878.5903,-461711.1250,   -934.0649,    552.6413,  26261.9668,
       1,     169,     267,      15,       1,       3,       1,     10.0000,      1.4079,     42.7156,    250.5784,     63.0610,      3.4953,      0.1502,      0.1159,     60.3905,      0.2151,      5.6288,     11.2576,      1.9010,     29.0224,     58.0447,      0.0194,      0.0039,      0.1881,      0.2097,   7878.5903,-487970.7812,   -939.2825,    550.8284,  26261.9668,
       1,     169,     267,      16,       1,       3,       1,     10.0000,      1.4079,     42.7156,    250.5784,     63.0610,      3.4953,      0.1436,      0.1086,     78.5823,      0.2384,      5.6288,     11.2576,      2.1071,     29.0224,     58.0447,      0.0194,      0.0054,      0.1763,      0.2096,   7878.5903,-498583.1875,   -941.5700,    550.1006,  26261.9688,
       1,     169,     267,      17,       1,       3,       1,     10.0000,      1.4079,     42.7156,    250.5784,     63.0610,      3.4953,      0.1194,      0.0846,     58.8346,      0.2354,      5.6288,     11.2576,      2.0805,     29.0224,     58.0447,      0.0194,      0.0050,      0.1434,      0.2096,   7878.5908,-521565.9062,   -946.3759,    548.5208,  26261.9668,
       1,     169,     267,      18,       1,       3,       1,     10.0000,      1.4079,     42.7156,    250.5784,     63.0610,      3.4953,      0.0538,      0.0192,     27.4379,      0.2275,      5.6288,     11.2576,      2.0104,     29.0224,     58.0447,      0.0194,      0.0065,      0.0514,      0.2096,   7878.5903,-499508.2188,   -942.2195,    550.0354,  26261.9668,
       1,     169,     267,      19,       1,       3,       1,     10.0000,      1.4079,     42.7156,    250.5784,     63.0610,      3.4953,      0.0391,      0.0047,     17.0168,      0.2194,      5.6288,     11.2576,      1.9388,     29.0224,     58.0447,      0.0194,      0.0066,      0.0315,      0.2096,   7878.5903,-459529.2188,   -934.3361,    552.7863,  26261.9688,
       1,     169,     267,      20,       1,       3,       1,     10.0000,      1.4079,     42.7156,    250.5784,     63.0610,      3.4953,      0.0037,     -0.0297,      7.4314,      0.1848,      5.6288,     11.2576,      1.6326,     29.0224,     58.0447,      0.0194,      0.0058,      0.0156,      0.2097,   7878.5908,-443541.6562,   -931.1450,    553.8978,  26261.9668,
       1,     169,     267,      21,       1,       3,       1,     10.0000,      1.4079,     42.7156,    250.5784,     63.0610,      3.4953,      0.0000,     -0.0327,      8.2275,      0.1642,      5.6288,     11.2576,      1.4513,     29.0224,     58.0447,      0.0194,      0.0064,      0.0156,      0.2097,   7878.5903,-430560.6562,   -928.5101,    554.7977,  26261.9648,
       1,     169,     267,      22,       1,       3,       1,     10.0000,      1.4079,     42.7156,    250.5784,     63.0610,      3.4953,      0.0000,     -0.0325,      7.3510,      0.1573,      5.6288,     11.2576,      1.3901,     29.0224,     58.0447,      0.0194,      0.0057,      0.0156,      0.2097,   7878.5898,-430435.4688,   -928.4015,    554.8071,  26261.9648,
       1,     169,     267,      23,       1,       3,       1,     10.0000,      1.4079,     42.7156,    250.5784,     63.0610,      3.4953,      0.0000,     -0.0322,      6.9207,      0.1493,      5.6288,     11.2576,      1.3192,     29.0224,     58.0447,      0.0194,      0.0054,      0.0156,      0.2097,   7878.5898,-429360.4375,   -928.1163,    554.8817,  26261.9629,
       1,     169,     267,      24,       1,       3,       1,     10.0000,      1.4079,     42.7156,    250.5784,     63.0610,      3.4953,      0.0000,     -0.0321,      6.4687,      0.1451,      5.6288,     11.2576,      1.2825,     29.0224,     58.0447,      0.0194,      0.0050,      0.0156,      0.2097,   7878.5894,-428748.0312,   -927.9403,    554.9242,  26261.9648,
       1,     169,     268,       1,       1,       3,       1,     10.0000,      1.4079,     42.7159,    250.5842,     63.0625,      3.4953,      0.0000,     -0.0319,      4.6468,      0.1418,      5.6280,     11.2559,      1.2531,     29.0196,     58.0393,      0.0194,      0.0036,      0.0156,      0.2097,   7878.5898,-428301.8125,   -928.0823,    554.9682,  26263.1348,
       1,     169,     268,       2,       1,       3,       1,     10.0000,      1.4079,     42.7159,    250.5842,     63.0625,      3.4953,      0.0000,     -0.0318,      3.0681,      0.1388,      5.6280,     11.2559,      1.2267,     29.0196,     58.0393,      0.0194,      0.0024,      0.0156,      0.2097,   7878.9409,-425902.0625,   -927.2844,    555.1346,  26263.1348,
       1,     169,     268,       3,       1,       3,       1,     10.0000,      1.4079,     42.7159,    250.5842,     63.0625,      3.4953,      0.0000,     -0.0318,      2.3497,      0.1380,      5.6280,     11.2559,      1.2193,     29.0196,     58.0393,      0.0194,      0.0018,      0.0156,      0.2097,   7878.9409,-423785.0000,   -926.8370,    555.2816,  26263.1348,
       1,     169,     268,       4,       1,       3,       1,     10.0000,      1.4079,     42.7159,    250.5842,     63.0625,      3.4953,      0.0000,     -0.0318,      1.6146,      0.1376,      5.6280,     11.2559,      1.2156,     29.0196,     58.0393,      0.0194,      0.0013,      0.0156,      0.2097,   7878.9409,-422735.3750,   -926.6069,    555.3545,  26263.1348,
       1,     169,     268,       5,       1,       3,       1,     10.0000,      1.4079,     42.7159,    250.5842,     63.0625,      3.4953,      0.0000,     -0.0317,      1.3334,      0.1362,      5.6280,     11.2559,      1.2033,     29.0196,     58.0393,      0.0194,      0.0010,      0.0156,      0.2097,   7878.9409,-421755.2188,   -926.4013,    555.4225,  26263.1367,
       1,     169,     268,       6,       1,       3,       1,     10.0000,      1.4079,     42.7159,    250.5842,     63.0625,      3.4953,      0.0000,     -0.0317,      0.9691,      0.1355,      5.6280,     11.2559,      1.1972,     29.0196,     58.0393,      0.0194,      0.0008,      0.0156,      0.2097,   7878.9414,-421331.5000,   -926.3102,    555.4519,  26263.1328,
       1,     169,     268,       7,       1,       3,       1,     10.0000,      1.4079,     42.7159,    250.5842,     63.0625,      3.4953,      0.0000,     -0.0316,      0.7698,      0.1343,      5.6280,     11.2559,      1.1864,     29.0196,     58.0393,      0.0194,      0.0006,      0.0156,      0.2097,   7878.9399,-420854.4375,   -926.2125,    555.4850,  26263.1367,
       1,     169,     268,       8,       1,       3,       1,     10.0000,      1.4079,     42.7159,    250.5842,     63.0625,      3.4953,      0.0144,     -0.0172,      0.0499,      0.1338,      5.6280,     11.2559,      1.1828,     29.0196,     58.0393,      0.0194,      0.0006,      0.0010,      0.2097,   7878.9414,-420571.9375,   -926.1522,    555.5047,  26263.1328,
       1,     169,     268,       9,       1,       3,       1,     10.0000,      1.4079,     42.7159,    250.5842,     63.0625,      3.4953,      0.1343,      0.1023,      6.2351,      0.1417,      5.6280,     11.2559,      1.2518,     29.0196,     58.0393,      0.0194,      0.0004,      0.1715,      0.2097,   7878.9399,-419675.3750,   -925.9632,    555.5669,  26263.1348,
       1,     169,     268,      10,       1,       3,       1,     10.0000,      1.4079,     42.7159,    250.5842,     63.0625,      3.4953,      0.1844,      0.1520,      9.2968,      0.1548,      5.6280,     11.2559,      1.3679,     29.0196,     58.0393,      0.0194,      0.0005,      0.2430,      0.2097,   7878.9409,-427101.9688,   -927.4197,    555.0511,  26263.1348,
       1,     169,     268,      11,       1,       3,       1,     10.0000,      1.4079,     42.7159,    250.5842,     63.0625,      3.4953,      0.1890,      0.1557,      9.3421,      0.1840,      5.6280,     11.2559,      1.6262,     29.0196,     58.0393,      0.0194,      0.0005,      0.2500,      0.2097,   7878.9409,-431442.3125,   -928.1193,    554.7502,  26263.1348,
       1,     169,     268,      12,       1,       3,       1,     10.0000,      1.4079,     42.7159,    250.5842,     63.0625,      3.4953,      0.1892,      0.1556,     12.2426,      0.1905,      5.6280,     11.2559,      1.6836,     29.0196,     58.0393,      0.0194,      0.0006,      0.2500,      0.2097,   7878.9409,-431862.5312,   -928.0613,    554.7212,  26263.1367,
       1,     169,     268,      13,       1,       3,       1,     10.0000,      1.4079,     42.7159,    250.5842,     63.0625,      3.4953,      0.1891,      0.1553,     11.1073,      0.1984,      5.6280,     11.2559,      1.7534,     29.0196,     58.0393,      0.0194,      0.0005,      0.2500,      0.2097,   7878.9414,-435416.5938,   -928.5441,    554.4749,  26263.1367,
       1,     169,     268,      14,       1,       3,       1,     10.0000,      1.4079,     42.7159,    250.5842,     63.0625,      3.4953,      0.1898,      0.1559,     20.6283,      0.2008,      5.6280,     11.2559,      1.7743,     29.0196,     58.0393,      0.0194,      0.0010,      0.2500,      0.2097,   7878.9414,-434338.2188,   -928.0933,    554.5496,  26263.1348,
       1,     169,     268,      15,       1,       3,       1,     10.0000,      1.4079,     42.7159,    250.5842,     63.0625,      3.4953,      0.1912,      0.1572,     39.1091,      0.2046,      5.6280,     11.2559,      1.8079,     29.0196,     58.0393,      0.0194,      0.0019,      0.2500,      0.2097,   7878.9409,-445798.7812,   -930.1442,    553.7551,  26263.1348,
       1,     169,     268,      16,       1,       3,       1,     10.0000,      1.4079,     42.7159,    250.5842,     63.0625,      3.4953,      0.1938,      0.1596,     71.6634,      0.2095,      5.6280,     11.2559,      1.8512,     29.0196,     58.0393,      0.0194,      0.0035,      0.2500,      0.2097,   7878.9409,-469189.5312,   -934.6790,    552.1366,  26263.1348,
       1,     169,     268,      17,       1,       3,       1,     10.0000,      1.4079,     42.7159,    250.5842,     63.0625,      3.4953,      0.1884,      0.1542,     84.9225,      0.2093,      5.6280,     11.2559,      1.8494,     29.0196,     58.0393,      0.0194,      0.0043,      0.2407,      0.2097,   7878.9409,-510677.5625,   -943.0076,    549.2756,  26263.1348,
       1,     169,     268,      18,       1,       3,       1,     10.0000,      1.4079,     42.7159,    250.5842,     63.0625,      3.4953,      0.1709,      0.1375,     73.6215,      0.1833,      5.6280,     11.2559,      1.6197,     29.0196,     58.0393,      0.0194,      0.0041,      0.2165,      0.2096,   7878.9409,-530285.0000,   -947.0940,    547.9368,  26263.1348,
       1,     169,     268,      19,       1,       3,       1,     10.0000,      1.4079,     42.7159,    250.5842,     63.0625,      3.4953,      0.1096,      0.0768,     40.5556,      0.1642,      5.6280,     11.2559,      1.4514,     29.0196,     58.0393,      0.0194,      0.0037,      0.1319,      0.2096,   7878.9409,-518194.7812,   -948.1194,    548.7664,  26263.1348,
       1,     169,     268,      20,       1,       3,       1,     10.0000,      1.4079,     42.7159,    250.5842,     63.0625,      3.4953,      0.0123,     -0.0202,      5.5085,      0.1576,      5.6280,     11.2559,      1.3929,     29.0196,     58.0393,      0.0194,      0.0043,      0.0156,      0.2096,   7878.9409,-477014.2188,   -940.0354,    551.5919,  26263.1348,
       1,     169,     268,      21,       1,       3,       1,     10.0000,      1.4079,     42.7159,    250.5842,     63.0625,      3.4953,      0.0000,     -0.0323,      5.9798,      0.1525,      5.6280,     11.2559,      1.3475,     29.0196,     58.0393,      0.0194,      0.0047,      0.0156,      0.2097,   7878.9409,-431034.4062,   -930.8011,    554.7695,  26263.1367,
       1,     169,     268,      22,       1,       3,       1,     10.0000,      1.4079,     42.7159,    250.5842,     63.0625,      3.4953,      0.0000,     -0.0322,      5.7205,      0.1488,      5.6280,     11.2559,      1.3153,     29.0196,     58.0393,      0.0194,      0.0045,      0.0156,      0.2097,   7878.9414,-427760.0938,   -930.0937,    555.0057,  26263.1348,
       1,     169,     268,      23,       1,       3,       1,     10.0000,      1.4079,     42.7159,    250.5842,     63.0625,      3.4953,      0.0000,     -0.0322,      3.5165,      0.1485,      5.6280,     11.2559,      1.3126,     29.0196,     58.0393,      0.0194,      0.0027,      0.0156,      0.2097,   7878.9409,-427159.0938,   -929.9326,    555.0474,  26263.1328,
       1,     169,     268,      24,       1,       3,       1,     10.0000,      1.4079,     42.7159,    250.5842,     63.0625,      3.4953,      0.0000,     -0.0320,      2.5555,      0.1435,      5.6280,     11.2559,      1.2683,     29.0196,     58.0393,      0.0194,      0.0020,      0.0156,      0.2097,   7878.9399,-424435.1875,   -929.3610,    555.2365,  26263.1348,
       1,     169,     269,       1,       1,       3,       1,     10.0000,      1.4079,     42.7163,    250.5901,     63.0639,      3.4953,      0.0000,     -0.0318,      2.4305,      0.1392,      5.6278,     11.2555,      1.2305,     29.0280,     58.0560,      0.0194,      0.0019,      0.0156,      0.2097,   7878.9409,-423194.5000,   -929.8901,    555.3355,  26264.3066,
       1,     169,     269,       2,       1,       3,       1,     10.0000,      1.4079,     42.7163,    250.5901,     63.0639,      3.4953,      0.0000,     -0.0317,      1.8717,      0.1363,      5.6278,     11.2555,      1.2046,     29.0280,     58.0560,      0.0194,      0.0015,      0.0156,      0.2097,   7879.2925,-422786.7812,   -929.5142,    555.3639,  26264.3066,
       1,     169,     269,       3,       1,       3,       1,     10.0000,      1.4079,     42.7163,    250.5901,     63.0639,      3.4953,      0.0000,     -0.0318,      1.6239,      0.1371,      5.6278,     11.2555,      1.2119,     29.0280,     58.0560,      0.0194,      0.0013,      0.0156,      0.2097,   7879.2925,-422074.5625,   -929.3608,    555.4133,  26264.3086,
       1,     169,     269,       4,       1,       3,       1,     10.0000,      1.4079,     42.7163,    250.5901,     63.0639,      3.4953,      0.0000,     -0.0317,      1.3683,      0.1358,      5.6278,     11.2555,      1.1997,     29.0280,     58.0560,      0.0194,      0.0011,      0.0156,      0.2097,   7879.2930,-421713.5312,   -929.2796,    555.4384,  26264.3066,
       1,     169,     269,       5,       1,       3,       1,     10.0000,      1.4079,     42.7163,    250.5901,     63.0639,      3.4953,      0.0000,     -0.0317,      0.6478,      0.1362,      5.6278,     11.2555,      1.2034,     29.0280,     58.0560,      0.0194,      0.0005,      0.0156,      0.2097,   7879.2925,-421373.5625,   -929.2034,    555.4619,  26264.3047,
       1,     169,     269,       6,       1,       3,       1,     10.0000,      1.4079,     42.7163,    250.5901,     63.0639,      3.4953,      0.0000,     -0.0316,      0.3688,      0.1322,      5.6278,     11.2555,      1.1685,     29.0280,     58.0560,      0.0194,      0.0003,      0.0156,      0.2097,   7879.2915,-420471.2812,   -929.0207,    555.5245,  26264.3066,
       1,     169,     269,       7,       1,       3,       1,     10.0000,      1.4079,     42.7163,    250.5901,     63.0639,      3.4953,      0.0000,     -0.0314,      0.3813,      0.1283,      5.6278,     11.2555,      1.1333,     29.0280,     58.0560,      0.0194,      0.0003,      0.0156,      0.2097,   7879.2925,-420056.8750,   -928.9380,    555.5534,  26264.3066,
       1,     169,     269,       8,       1,       3,       1,     10.0000,      1.4079,     42.7163,    250.5901,     63.0639,      3.4953,      0.0164,     -0.0148,      0.1341,      0.1220,      5.6278,     11.2555,      1.0781,     29.0280,     58.0560,      0.0194,      0.0004,      0.0044,      0.2097,   7879.2925,-420037.0938,   -928.9346,    555.5547,  26264.3086,
       1,     169,     269,       9,       1,       3,       1,     10.0000,      1.4079,     42.7163,    250.5901,     63.0639,      3.4953,      0.1105,      0.0787,      3.6831,      0.1358,      5.6278,     11.2555,      1.1997,     29.0280,     58.0560,      0.0194,      0.0003,      0.1378,      0.2097,   7879.2930,-419735.2500,   -928.8657,    555.5757,  26264.3066,
       1,     169,     269,      10,       1,       3,       1,     10.0000,      1.4079,     42.7163,    250.5901,     63.0639,      3.4953,      0.1757,      0.1428,     14.2051,      0.1689,      5.6278,     11.2555,      1.4926,     29.0280,     58.0560,      0.0194,      0.0008,      0.2301,      0.2097,   7879.2925,-424014.4688,   -929.7057,    555.2785,  26264.3066,
       1,     169,     269,      11,       1,       3,       1,     10.0000,      1.4079,     42.7163,    250.5901,     63.0639,      3.4953,      0.1820,      0.1484,     16.9645,      0.1898,      5.6278,     11.2555,      1.6770,     29.0280,     58.0560,      0.0194,      0.0009,      0.2390,      0.2097,   7879.2925,-437137.2188,   -932.2896,    554.3677,  26264.3066,
       1,     169,     269,      12,       1,       3,       1,     10.0000,      1.4079,     42.7163,    250.5901,     63.0639,      3.4953,      0.1896,      0.1553,     19.5139,      0.2147,      5.6278,     11.2555,      1.8974,     29.0280,     58.0560,      0.0194,      0.0009,      0.2500,      0.2097,   7879.2925,-441591.2812,   -933.1426,    554.0599,  26264.3066,
       1,     169,     269,      13,       1,       3,       1,     10.0000,      1.4079,     42.7163,    250.5901,     63.0639,      3.4953,      0.1892,      0.1547,     15.0399,      0.2233,      5.6278,     11.2555,      1.9734,     29.0280,     58.0560,      0.0194,      0.0007,      0.2500,      0.2097,   7879.2925,-445058.2500,   -933.7448,    553.8199,  26264.3066,
       1,     169,     269,      14,       1,       3,       1,     10.0000,      1.4079,     42.7163,    250.5901,     63.0639,      3.4953,      0.1910,      0.1561,     38.6992,      0.2373,      5.6278,     11.2555,      2.0969,     29.0280,     58.0560,      0.0194,      0.0019,      0.2500,      0.2097,   7879.2925,-439921.7812,   -932.5847,    554.1755,  26264.3086,
       1,     169,     269,      15,       1,       3,       1,     10.0000,      1.4079,     42.7163,    250.5901,     63.0639,      3.4953,      0.1934,      0.1584,     70.7825,      0.2434,      5.6278,     11.2555,      2.1508,     29.0280,     58.0560,      0.0194,      0.0034,      0.2500,      0.2097,   7879.2930,-468192.4375,   -938.1569,    552.2172,  26264.3066,
       1,     169,     269,      16,       1,       3,       1,     10.0000,      1.4079,     42.7163,    250.5901,     63.0639,      3.4953,      0.1927,      0.1575,     95.2491,      0.2494,      5.6278,     11.2555,      2.2038,     29.0280,     58.0560,      0.0194,      0.0047,      0.2462,      0.2097,   7879.2925,-509518.3750,   -946.4845,    549.3681,  26264.3047,
       1,     169,     269,      17,       1,       3,       1,     10.0000,      1.4079,     42.7163,    250.5901,     63.0639,      3.4953,      0.1423,      0.1075,     91.4402,      0.2316,      5.6278,     11.2555,      2.0463,     29.0280,     58.0560,      0.0194,      0.0064,      0.1730,      0.2097,   7879.2915,-542719.0000,   -953.3425,    547.0955,  26264.3047,
       1,     169,     269,      18,       1,       3,       1,     10.0000,      1.4079,     42.7163,    250.5901,     63.0639,      3.4953,      0.0488,      0.0147,     23.7353,      0.2095,      5.6278,     11.2555,      1.8512,     29.0280,     58.0560,      0.0194,      0.0064,      0.0450,      0.2096,   7879.2915,-540881.1875,   -953.2945,    547.2258,  26264.3066,
       1,     169,     269,      19,       1,       3,       1,     10.0000,      1.4079,     42.7163,    250.5901,     63.0639,      3.4953,      0.0207,     -0.0126,      3.9770,      0.1817,      5.6278,     11.2555,      1.6053,     29.0280,     58.0560,      0.0194,      0.0065,      0.0074,      0.2096,   7879.2925,-458455.9062,   -936.6902,    552.8640,  26264.3066,
       1,     169,     269,      20,       1,       3,       1,     10.0000,      1.4079,     42.7163,    250.5901,     63.0639,      3.4953,      0.0013,     -0.0314,      8.3098,      0.1651,      5.6278,     11.2555,      1.4587,     29.0280,     58.0560,      0.0194,      0.0065,      0.0156,      0.2097,   7879.2925,-427656.2188,   -930.3583,    555.0217,  26264.3066,
       1,     169,     269,      21,       1,       3,       1,     10.0000,      1.4079,     42.7163,    250.5901,     63.0639,      3.4953,      0.0000,     -0.0324,      8.5741,      0.1561,      5.6278,     11.2555,      1.3790,     29.0280,     58.0560,      0.0194,      0.0067,      0.0156,      0.2097,   7879.2925,-430298.6562,   -930.8083,    554.8427,  26264.3066,
       1,     169,     269,      22,       1,       3,       1,     10.0000,      1.4079,     42.7163,    250.5901,     63.0639,      3.4953,      0.0000,     -0.0322,      7.4884,      0.1498,      5.6278,     11.2555,      1.3233,     29.0280,     58.0560,      0.0194,      0.0058,      0.0156,      0.2097,   7879.2925,-430836.5000,   -930.8276,    554.8053,  26264.3066,
       1,     169,     269,      23,       1,       3,       1,     10.0000,      1.4079,     42.7163,    250.5901,     63.0639,      3.4953,      0.0000,     -0.0321,      6.0866,      0.1454,      5.6278,     11.2555,      1.2851,     29.0280,     58.0560,      0.0194,      0.0047,      0.0156,      0.2097,   7879.2925,-429564.9375,   -930.4965,    554.8935,  26264.3047,
       1,     169,     269,      24,       1,       3,       1,     10.0000,      1.4079,     42.7163,    250.5901,     63.0639,      3.4953,      0.0000,     -0.0319,      4.2295,      0.1400,      5.6278,     11.2555,      1.2367,     29.0280,     58.0560,      0.0194,      0.0033,      0.0156,      0.2097,   7879.2915,-427757.7188,   -930.0803,    555.0188,  26264.3066,
       1,     169,     270,       1,       1,       3,       1,     10.0000,      1.4080,     42.7166,    250.5960,     63.0654,      3.4953,      0.0000,     -0.0318,      3.4399,      0.1391,      5.6284,     11.2568,      1.2293,     29.0287,     58.0574,      0.0194,      0.0027,      0.0156,      0.2098,   7879.2925,-425507.2188,   -929.8792,    555.1880,  26265.4746,
       1,     169,     270,       2,       1,       3,       1,     10.0000,      1.4080,     42.7166,    250.5960,     63.0654,      3.4953,      0.0000,     -0.0317,      2.6540,      0.1367,      5.6284,     11.2568,      1.2083,     29.0287,     58.0574,      0.0194,      0.0021,      0.0156,      0.2098,   7879.6426,-424208.5000,   -929.3015,    555.2782,  26265.4746,
       1,     169,     270,       3,       1,       3,       1,     10.0000,      1.4080,     42.7166,    250.5960,     63.0654,      3.4953,      0.0000,     -0.0317,      2.0363,      0.1356,      5.6284,     11.2568,      1.1985,     29.0287,     58.0574,      0.0194,      0.0016,      0.0156,      0.2098,   7879.6426,-423146.0938,   -929.0651,    555.3520,  26265.4766,
       1,     169,     270,       4,       1,       3,       1,     10.0000,      1.4080,     42.7166,    250.5960,     63.0654,      3.4953,      0.0000,     -0.0317,      1.5214,      0.1351,      5.6284,     11.2568,      1.1937,     29.0287,     58.0574,      0.0194,      0.0012,      0.0156,      0.2098,   7879.6431,-422307.2500,   -928.8791,    555.4102,  26265.4785,
       1,     169,     270,       5,       1,       3,       1,     10.0000,      1.4080,     42.7166,    250.5960,     63.0654,      3.4953,      0.0000,     -0.0316,      1.1486,      0.1329,      5.6284,     11.2568,      1.1744,     29.0287,     58.0574,      0.0194,      0.0009,      0.0156,      0.2098,   7879.6440,-421611.9375,   -928.7263,    555.4585,  26265.4766,
       1,     169,     270,       6,       1,       3,       1,     10.0000,      1.4080,     42.7166,    250.5960,     63.0654,      3.4953,      0.0000,     -0.0316,      0.9922,      0.1325,      5.6284,     11.2568,      1.1709,     29.0287,     58.0574,      0.0194,      0.0008,      0.0156,      0.2098,   7879.6431,-421101.6250,   -928.6169,    555.4939,  26265.4785,
       1,     169,     270,       7,       1,       3,       1,     10.0000,      1.4080,     42.7166,    250.5960,     63.0654,      3.4953,      0.0000,     -0.0315,      0.7520,      0.1300,      5.6284,     11.2568,      1.1485,     29.0287,     58.0574,      0.0194,      0.0006,      0.0156,      0.2098,   7879.6440,-420868.7188,   -928.5631,    555.5101,  26265.4766,
       1,     169,     270,       8,       1,       3,       1,     10.0000,      1.4080,     42.7166,    250.5960,     63.0654,      3.4953,      0.0145,     -0.0170,      0.0478,      0.1306,      5.6284,     11.2568,      1.1543,     29.0287,     58.0574,      0.0194,      0.0005,      0.0012,      0.2098,   7879.6431,-420558.0625,   -928.4977,    555.5317,  26265.4766,
       1,     169,     270,       9,       1,       3,       1,     10.0000,      1.4080,     42.7166,    250.5960,     63.0654,      3.4953,      0.1140,      0.0815,      6.7644,      0.1576,      5.6284,     11.2568,      1.3930,     29.0287,     58.0574,      0.0194,      0.0006,      0.1423,      0.2098,   7879.6431,-419677.8750,   -928.3096,    555.5928,  26265.4785,
       1,     169,     270,      10,       1,       3,       1,     10.0000,      1.4080,     42.7166,    250.5960,     63.0654,      3.4953,      0.1708,      0.1375,      8.9430,      0.1819,      5.6284,     11.2568,      1.6069,     29.0287,     58.0574,      0.0194,      0.0005,      0.2237,      0.2098,   7879.6440,-427748.6250,   -929.9246,    555.0323,  26265.4785,
       1,     169,     270,      11,       1,       3,       1,     10.0000,      1.4080,     42.7166,    250.5960,     63.0654,      3.4953,      0.1869,      0.1535,      8.1234,      0.1848,      5.6284,     11.2568,      1.6327,     29.0287,     58.0574,      0.0194,      0.0004,      0.2470,      0.2098,   7879.6440,-431071.1875,   -930.5316,    554.8021,  26265.4766,
       1,     169,     270,      12,       1,       3,       1,     10.0000,      1.4080,     42.7166,    250.5960,     63.0654,      3.4953,      0.1756,      0.1414,      8.2418,      0.2107,      5.6284,     11.2568,      1.8623,     29.0287,     58.0574,      0.0194,      0.0004,      0.2309,      0.2098,   7879.6431,-430356.8750,   -930.2652,    554.8517,  26265.4766,
       1,     169,     270,      13,       1,       3,       1,     10.0000,      1.4080,     42.7166,    250.5960,     63.0654,      3.4953,      0.1888,      0.1540,     10.2412,      0.2334,      5.6284,     11.2568,      2.0624,     29.0287,     58.0574,      0.0194,      0.0005,      0.2500,      0.2098,   7879.6431,-430440.2812,   -930.1945,    554.8458,  26265.4785,
       1,     169,     270,      14,       1,       3,       1,     10.0000,      1.4080,     42.7166,    250.5960,     63.0654,      3.4953,      0.1915,      0.1561,     46.8018,      0.2563,      5.6284,     11.2568,      2.2647,     29.0287,     58.0574,      0.0194,      0.0023,      0.2500,      0.2098,   7879.6440,-432872.0000,   -930.4161,    554.6772,  26265.4766,
       1,     169,     270,      15,       1,       3,       1,     10.0000,      1.4080,     42.7166,    250.5960,     63.0654,      3.4953,      0.1892,      0.1535,     82.3156,      0.2685,      5.6284,     11.2568,      2.3727,     29.0287,     58.0574,      0.0194,      0.0041,      0.2427,      0.2098,   7879.6431,-477421.5938,   -939.3802,    551.5884,  26265.4785,
       1,     169,     270,      16,       1,       3,       1,     10.0000,      1.4080,     42.7166,    250.5960,     63.0654,      3.4953,      0.0756,      0.0404,     26.5574,      0.2501,      5.6284,     11.2568,      2.2103,     29.0287,     58.0574,      0.0194,      0.0039,      0.0829,      0.2097,   7879.6440,-524294.8750,   -949.0474,    548.3651,  26265.4766,
       1,     169,     270,      17,       1,       3,       1,     10.0000,      1.4080,     42.7166,    250.5960,     63.0654,      3.4953,      0.1538,      0.1186,     83.7100,      0.2506,      5.6284,     11.2568,      2.2146,     29.0287,     58.0574,      0.0194,      0.0053,      0.1907,      0.2097,   7879.6431,-460523.4375,   -936.1622,    552.7457,  26265.4766,
       1,     169,     270,      18,       1,       3,       1,     10.0000,      1.4080,     42.7166,    250.5960,     63.0654,      3.4953,      0.1130,      0.0777,     73.1113,      0.2553,      5.6284,     11.2568,      2.2559,     29.0287,     58.0574,      0.0194,      0.0067,      0.1322,      0.2097,   7879.6431,-524565.3750,   -949.4403,    548.3385,  26265.4785,
       1,     169,     270,      19,       1,       3,       1,     10.0000,      1.4080,     42.7166,    250.5960,     63.0654,      3.4953,      0.0319,     -0.0026,     14.7732,      0.2240,      5.6284,     11.2568,      1.9793,     29.0287,     58.0574,      0.0194,      0.0085,      0.0211,      0.2097,   7879.6440,-517099.6250,   -948.1660,    548.8678,  26265.4766,
       1,     169,     270,      20,       1,       3,       1,     10.0000,      1.4080,     42.7166,    250.5960,     63.0654,      3.4953,      0.0061,     -0.0271,     11.0325,      0.1786,      5.6284,     11.2568,      1.5784,     29.0287,     58.0574,      0.0194,      0.0086,      0.0156,      0.2097,   7879.6431,-445604.6250,   -933.5598,    553.7732,  26265.4746,
       1,     169,     270,      21,       1,       3,       1,     10.0000,      1.4080,     42.7166,    250.5960,     63.0654,      3.4953,      0.0000,     -0.0329,      9.9444,      0.1701,      5.6284,     11.2568,      1.5031,     29.0287,     58.0574,      0.0194,      0.0078,      0.0156,      0.2097,   7879.6426,-435133.7812,   -931.3685,    554.5200,  26265.4785,
       1,     169,     270,      22,       1,       3,       1,     10.0000,      1.4080,     42.7166,    250.5960,     63.0654,      3.4953,      0.0000,     -0.0328,      9.0017,      0.1649,      5.6284,     11.2568,      1.4572,     29.0287,     58.0574,      0.0194,      0.0070,      0.0156,      0.2098,   7879.6440,-432907.5625,   -930.8596,    554.6747,  26265.4766,
       1,     169,     270,      23,       1,       3,       1,     10.0000,      1.4080,     42.7166,    250.5960,     63.0654,      3.4953,      0.0000,     -0.0325,      9.2735,      0.1581,      5.6284,     11.2568,      1.3972,     29.0287,     58.0574,      0.0194,      0.0072,      0.0156,      0.2098,   7879.6431,-431576.6562,   -930.5434,    554.7670,  26265.4766,
       1,     169,     270,      24,       1,       3,       1,     10.0000,      1.4080,     42.7166,    250.5960,     63.0654,      3.4953,      0.0000,     -0.0325,      7.5159,      0.1589,      5.6284,     11.2568,      1.4042,     29.0287,     58.0574,      0.0194,      0.0059,      0.0156,      0.2098,   7879.6431,-431794.2500,   -930.5236,    554.7520,  26265.4746,
       1,     169,     271,       1,       1,       3,       1,     10.0000,      1.4080,     42.7169,    250.6019,     63.0669,      3.4953,      0.0000,     -0.0323,      3.7481,      0.1531,      5.6283,     11.2566,      1.3530,     29.0281,     58.0563,      0.0194,      0.0029,      0.0156,      0.2098,   7879.6426,-429834.6250,   -930.3592,    554.9009,  26266.6426,
       1,     169,     271,       2,       1,       3,       1,     10.0000,      1.4080,     42.7169,    250.6019,     63.0669,      3.4953,      0.0000,     -0.0321,      3.5139,      0.1453,      5.6283,     11.2566,      1.2839,     29.0281,     58.0563,      0.0194,      0.0027,      0.0156,      0.2098,   7879.9932,-424948.9062,   -929.0433,    555.2398,  26266.6445,
       1,     169,     271,       3,       1,       3,       1,     10.0000,      1.4080,     42.7169,    250.6019,     63.0669,      3.4953,      0.0000,     -0.0319,      3.4019,      0.1411,      5.6283,     11.2566,      1.2468,     29.0281,     58.0563,      0.0194,      0.0027,      0.0156,      0.2098,   7879.9937,-424253.8438,   -928.8752,    555.2881,  26266.6445,
       1,     169,     271,       4,       1,       3,       1,     10.0000,      1.4080,     42.7169,    250.6019,     63.0669,      3.4953,      0.0000,     -0.0318,      2.1078,      0.1374,      5.6283,     11.2566,      1.2144,     29.0281,     58.0563,      0.0194,      0.0016,      0.0156,      0.2098,   7879.9937,-424059.4062,   -928.8135,    555.3016,  26266.6445,
       1,     169,     271,       5,       1,       3,       1,     10.0000,      1.4080,     42.7169,    250.6019,     63.0669,      3.4953,      0.0000,     -0.0318,      1.8622,      0.1386,      5.6283,     11.2566,      1.2243,     29.0281,     58.0563,      0.0194,      0.0015,      0.0156,      0.2098,   7879.9937,-422473.8438,   -928.4757,    555.4117,  26266.6445,
       1,     169,     271,       6,       1,       3,       1,     10.0000,      1.4080,     42.7169,    250.6019,     63.0669,      3.4953,      0.0000,     -0.0318,      1.4807,      0.1373,      5.6283,     11.2566,      1.2132,     29.0281,     58.0563,      0.0194,      0.0012,      0.0156,      0.2098,   7879.9937,-422042.4688,   -928.3775,    555.4417,  26266.6445,
       1,     169,     271,       7,       1,       3,       1,     10.0000,      1.4080,     42.7169,    250.6019,     63.0669,      3.4953,      0.0000,     -0.0317,      1.1151,      0.1367,      5.6283,     11.2566,      1.2083,     29.0281,     58.0563,      0.0194,      0.0009,      0.0156,      0.2098,   7879.9937,-421543.5000,   -928.2711,    555.4763,  26266.6445,
       1,     169,     271,       8,       1,       3,       1,     10.0000,      1.4080,     42.7169,    250.6019,     63.0669,      3.4953,      0.0087,     -0.0232,      0.7748,      0.1397,      5.6283,     11.2566,      1.2343,     29.0281,     58.0563,      0.0194,      0.0006,      0.0156,      0.2098,   7879.9937,-421058.1562,   -928.1676,    555.5100,  26266.6445,
       1,     169,     271,       9,       1,       3,       1,     10.0000,      1.4080,     42.7169,    250.6019,     63.0669,      3.4953,      0.0686,      0.0364,      2.7290,      0.1487,      5.6283,     11.2566,      1.3140,     29.0281,     58.0563,      0.0194,      0.0004,      0.0777,      0.2098,   7879.9937,-420604.7500,   -928.0700,    555.5415,  26266.6445,
       1,     169,     271,      10,       1,       3,       1,     10.0000,      1.4080,     42.7169,    250.6019,     63.0669,      3.4953,      0.1320,      0.0985,      5.2695,      0.1870,      5.6283,     11.2566,      1.6523,     29.0281,     58.0563,      0.0194,      0.0004,      0.1680,      0.2098,   7879.9937,-422936.1250,   -928.5331,    555.3796,  26266.6445,
       1,     169,     271,      11,       1,       3,       1,     10.0000,      1.4080,     42.7169,    250.6019,     63.0669,      3.4953,      0.1860,      0.1518,      8.5898,      0.2122,      5.6283,     11.2566,      1.8752,     29.0281,     58.0563,      0.0194,      0.0004,      0.2459,      0.2098,   7879.9937,-426213.1562,   -929.1703,    555.1521,  26266.6465,
       1,     169,     271,      12,       1,       3,       1,     10.0000,      1.4080,     42.7169,    250.6019,     63.0669,      3.4953,      0.1888,      0.1541,      9.4081,      0.2264,      5.6283,     11.2566,      2.0008,     29.0281,     58.0563,      0.0194,      0.0005,      0.2500,      0.2098,   7879.9941,-430515.0938,   -929.9585,    554.8536,  26266.6426,
       1,     169,     271,      13,       1,       3,       1,     10.0000,      1.4080,     42.7169,    250.6019,     63.0669,      3.4953,      0.1887,      0.1535,     10.4106,      0.2472,      5.6283,     11.2566,      2.1847,     29.0281,     58.0563,      0.0194,      0.0005,      0.2500,      0.2098,   7879.9932,-431870.2812,   -930.1136,    554.7597,  26266.6445,
       1,     169,     271,      14,       1,       3,       1,     10.0000,      1.4080,     42.7169,    250.6019,     63.0669,      3.4953,      0.1889,      0.1536,     13.0424,      0.2514,      5.6283,     11.2566,      2.2212,     29.0281,     58.0563,      0.0194,      0.0006,      0.2500,      0.2098,   7879.9937,-433199.8125,   -930.1422,    554.6675,  26266.6426,
       1,     169,     271,      15,       1,       3,       1,     10.0000,      1.4080,     42.7169,    250.6019,     63.0669,      3.4953,      0.1929,      0.1591,     59.4170,      0.1980,      5.6283,     11.2566,      1.7501,     29.0281,     58.0563,      0.0194,      0.0029,      0.2500,      0.2098,   7879.9932,-436503.7188,   -930.6525,    554.4385,  26266.6445,
       1,     169,     271,      16,       1,       3,       1,     10.0000,      1.4080,     42.7169,    250.6019,     63.0669,      3.4953,      0.1942,      0.1628,     68.0710,      0.1279,      5.6283,     11.2566,      1.1299,     29.0281,     58.0563,      0.0194,      0.0033,      0.2500,      0.2098,   7879.9937,-493025.9375,   -942.8006,    550.5213,  26266.6445,
       1,     169,     271,      17,       1,       3,       1,     10.0000,      1.4080,     42.7169,    250.6019,     63.0669,      3.4953,      0.1855,      0.1542,     78.3546,      0.1271,      5.6283,     11.2566,      1.1231,     29.0281,     58.0563,      0.0194,      0.0040,      0.2365,      0.2097,   7879.9937,-508320.8125,   -946.5997,    549.4826,  26266.6445,
       1,     169,     271,      18,       1,       3,       1,     10.0000,      1.4080,     42.7169,    250.6019,     63.0669,      3.4953,      0.1534,      0.1219,     76.7045,      0.1304,      5.6283,     11.2566,      1.1520,     29.0281,     58.0563,      0.0194,      0.0049,      0.1908,      0.2097,   7879.9937,-522075.6562,   -949.6542,    548.5388,  26266.6465,
       1,     169,     271,      19,       1,       3,       1,     10.0000,      1.4080,     42.7169,    250.6019,     63.0669,      3.4953,      0.0840,      0.0523,     41.8504,      0.1351,      5.6283,     11.2566,      1.1937,     29.0281,     58.0563,      0.0194,      0.0053,      0.0956,      0.2097,   7879.9941,-521226.2188,   -949.7590,    548.5978,  26266.6445,
       1,     169,     271,      20,       1,       3,       1,     10.0000,      1.4080,     42.7169,    250.6019,     63.0669,      3.4953,      0.0059,     -0.0257,      4.1860,      0.1332,      5.6283,     11.2566,      1.1768,     29.0281,     58.0563,      0.0194,      0.0033,      0.0156,      0.2097,   7879.9937,-478828.0000,   -941.1967,    551.5052,  26266.6426,
       1,     169,     271,      21,       1,       3,       1,     10.0000,      1.4080,     42.7169,    250.6019,     63.0669,      3.4953,      0.0000,     -0.0315,      0.9581,      0.1300,      5.6283,     11.2566,      1.1485,     29.0281,     58.0563,      0.0194,      0.0007,      0.0156,      0.2097,   7879.9932,-429587.2188,   -931.0540,    554.9075,  26266.6445,
       1,     169,     271,      22,       1,       3,       1,     10.0000,      1.4080,     42.7169,    250.6019,     63.0669,      3.4953,      0.0000,     -0.0315,      0.6943,      0.1308,      5.6283,     11.2566,      1.1555,     29.0281,     58.0563,      0.0194,      0.0005,      0.0156,      0.2098,   7879.9937,-421557.2812,   -929.3866,    555.4752,  26266.6445,
       1,     169,     271,      23,       1,       3,       1,     10.0000,      1.4080,     42.7169,    250.6019,     63.0669,      3.4953,      0.0000,     -0.0315,      0.9880,      0.1309,      5.6283,     11.2566,      1.1567,     29.0281,     58.0563,      0.0194,      0.0008,      0.0156,      0.2098,   7879.9937,-420549.3750,   -929.1763,    555.5453,  26266.6465,
       1,     169,     271,      24,       1,       3,       1,     10.0000,      1.4080,     42.7169,    250.6019,     63.0669,      3.4953,      0.0000,     -0.0316,      0.7958,      0.1329,      5.6283,     11.2566,      1.1745,     29.0281,     58.0563,      0.0194,      0.0006,      0.0156,      0.2098,   7879.9941,-420820.0312,   -929.2291,    555.5266,  26266.6465,
       1,     169,     272,       1,       1,       3,       1,     10.0000,      1.4080,     42.7173,    250.6078,     63.0684,      3.4953,      0.0000,     -0.0315,      0.5264,      0.1306,      5.6285,     11.2569,      1.1544,     29.0321,     58.0643,      0.0194,      0.0004,      0.0156,      0.2098,   7879.9941,-420764.9062,   -929.5098,    555.5434,  26267.8184,
       1,     169,     272,       2,       1,       3,       1,     10.0000,      1.4080,     42.7173,    250.6078,     63.0684,      3.4953,      0.0000,     -0.0316,      0.3164,      0.1321,      5.6285,     11.2569,      1.1673,     29.0321,     58.0643,      0.0194,      0.0002,      0.0156,      0.2098,   7880.3457,-420281.5312,   -929.1174,    555.5769,  26267.8184,
       1,     169,     272,       3,       1,       3,       1,     10.0000,      1.4080,     42.7173,    250.6078,     63.0684,      3.4953,      0.0000,     -0.0315,      0.3127,      0.1308,      5.6285,     11.2569,      1.1555,     29.0321,     58.0643,      0.0194,      0.0002,      0.0156,      0.2098,   7880.3457,-419986.2812,   -929.0568,    555.5974,  26267.8184,
       1,     169,     272,       4,       1,       3,       1,     10.0000,      1.4080,     42.7173,    250.6078,     63.0684,      3.4953,      0.0000,     -0.0316,      0.3171,      0.1324,      5.6285,     11.2569,      1.1697,     29.0321,     58.0643,      0.0194,      0.0002,      0.0156,      0.2098,   7880.3457,-419956.9375,   -929.0515,    555.5994,  26267.8184,
       1,     169,     272,       5,       1,       3,       1,     10.0000,      1.4080,     42.7173,    250.6078,     63.0684,      3.4953,      0.0000,     -0.0316,      0.3208,      0.1337,      5.6285,     11.2569,      1.1817,     29.0321,     58.0643,      0.0194,      0.0003,      0.0156,      0.2098,   7880.3457,-419959.9062,   -929.0526,    555.5993,  26267.8203,
       1,     169,     272,       6,       1,       3,       1,     10.0000,      1.4080,     42.7173,    250.6078,     63.0684,      3.4953,      0.0000,     -0.0316,      0.3457,      0.1320,      5.6285,     11.2569,      1.1662,     29.0321,     58.0643,      0.0194,      0.0003,      0.0156,      0.2098,   7880.3462,-419964.3125,   -929.0542,    555.5989,  26267.8184,
       1,     169,     272,       7,       1,       3,       1,     10.0000,      1.4080,     42.7173,    250.6078,     63.0684,      3.4953,      0.0000,     -0.0316,      0.4197,      0.1335,      5.6285,     11.2569,      1.1793,     29.0321,     58.0643,      0.0194,      0.0003,      0.0156,      0.2098,   7880.3457,-419995.1562,   -929.0616,    555.5968,  26267.8184,
       1,     169,     272,       8,       1,       3,       1,     10.0000,      1.4080,     42.7173,    250.6078,     63.0684,      3.4953,      0.0174,     -0.0143,      0.1064,      0.1341,      5.6285,     11.2569,      1.1853,     29.0321,     58.0643,      0.0194,      0.0003,      0.0052,      0.2098,   7880.3457,-420087.4688,   -929.0810,    555.5904,  26267.8203,
       1,     169,     272,       9,       1,       3,       1,     10.0000,      1.4080,     42.7173,    250.6078,     63.0684,      3.4953,      0.1213,      0.0895,      3.3107,      0.1395,      5.6285,     11.2569,      1.2331,     29.0321,     58.0643,      0.0194,      0.0003,      0.1533,      0.2098,   7880.3462,-419715.1562,   -928.9976,    555.6163,  26267.8184,
       1,     169,     272,      10,       1,       3,       1,     10.0000,      1.4080,     42.7173,    250.6078,     63.0684,      3.4953,      0.1640,      0.1319,      4.8782,      0.1462,      5.6285,     11.2569,      1.2917,     29.0321,     58.0643,      0.0194,      0.0003,      0.2142,      0.2098,   7880.3457,-423568.7812,   -929.7589,    555.3486,  26267.8184,
       1,     169,     272,      11,       1,       3,       1,     10.0000,      1.4080,     42.7173,    250.6078,     63.0684,      3.4953,      0.1890,      0.1570,      5.6474,      0.1452,      5.6285,     11.2569,      1.2826,     29.0321,     58.0643,      0.0194,      0.0003,      0.2500,      0.2098,   7880.3457,-425794.0625,   -930.1660,    555.1942,  26267.8184,
       1,     169,     272,      12,       1,       3,       1,     10.0000,      1.4080,     42.7173,    250.6078,     63.0684,      3.4953,      0.1890,      0.1563,      6.4776,      0.1626,      5.6285,     11.2569,      1.4370,     29.0321,     58.0643,      0.0194,      0.0003,      0.2500,      0.2098,   7880.3457,-426913.9688,   -932.3528,    555.1165,  26267.8184,
       1,     169,     272,      13,       1,       3,       1,     10.0000,      1.4080,     42.7173,    250.6078,     63.0684,      3.4953,      0.1889,      0.1557,      7.1807,      0.1790,      5.6285,     11.2569,      1.5816,     29.0321,     58.0643,      0.0194,      0.0003,      0.2500,      0.2098,   7880.3457,-428015.0000,   -933.0097,    555.0402,  26267.8184,
       1,     169,     272,      14,       1,       3,       1,     10.0000,      1.4080,     42.7173,    250.6078,     63.0684,      3.4953,      0.1893,      0.1557,     13.8934,      0.1932,      5.6285,     11.2569,      1.7073,     29.0321,     58.0643,      0.0194,      0.0007,      0.2500,      0.2098,   7880.3457,-428959.9688,   -933.0477,    554.9745,  26267.8184,
       1,     169,     272,      15,       1,       3,       1,     10.0000,      1.4080,     42.7173,    250.6078,     63.0684,      3.4953,      0.1902,      0.1561,     26.6050,      0.2105,      5.6285,     11.2569,      1.8605,     29.0321,     58.0643,      0.0194,      0.0013,      0.2500,      0.2098,   7880.3457,-437179.1250,   -935.0993,    554.4044,  26267.8184,
       1,     169,     272,      16,       1,       3,       1,     10.0000,      1.4080,     42.7173,    250.6078,     63.0684,      3.4953,      0.1899,      0.1559,     25.2002,      0.2071,      5.6285,     11.2569,      1.8296,     29.0321,     58.0643,      0.0194,      0.0012,      0.2497,      0.2098,   7880.3457,-453286.7812,   -938.3073,    553.2884,  26267.8203,
       1,     169,     272,      17,       1,       3,       1,     10.0000,      1.4080,     42.7173,    250.6078,     63.0684,      3.4953,      0.0959,      0.0616,     18.1758,      0.2143,      5.6285,     11.2569,      1.8938,     29.0321,     58.0643,      0.0194,      0.0019,      0.1139,      0.2098,   7880.3462,-452939.8750,   -938.2069,    553.3135,  26267.8164,
       1,     169,     272,      18,       1,       3,       1,     10.0000,      1.4080,     42.7173,    250.6078,     63.0684,      3.4953,      0.0656,      0.0315,     21.0213,      0.2079,      5.6285,     11.2569,      1.8368,     29.0321,     58.0643,      0.0194,      0.0037,      0.0698,      0.2098,   7880.3452,-444389.5312,   -936.4655,    553.9049,  26267.8164,
       1,     169,     272,      19,       1,       3,       1,     10.0000,      1.4080,     42.7173,    250.6078,     63.0684,      3.4953,      0.0634,      0.0299,     20.2067,      0.1866,      5.6285,     11.2569,      1.6491,     29.0321,     58.0643,      0.0194,      0.0037,      0.0672,      0.2098,   7880.3452,-447122.8750,   -937.0404,    553.7160,  26267.8145,
       1,     169,     272,      20,       1,       3,       1,     10.0000,      1.4080,     42.7173,    250.6078,     63.0684,      3.4953,      0.0104,     -0.0224,      5.3675,      0.1639,      5.6285,     11.2569,      1.4486,     29.0321,     58.0643,      0.0194,      0.0042,      0.0156,      0.2098,   7880.3447,-446364.4375,   -936.8947,    553.7685,  26267.8164,
       1,     169,     272,      21,       1,       3,       1,     10.0000,      1.4080,     42.7173,    250.6078,     63.0684,      3.4953,      0.0000,     -0.0324,      5.9644,      0.1537,      5.6285,     11.2569,      1.3585,     29.0321,     58.0643,      0.0194,      0.0047,      0.0156,      0.2098,   7880.3452,-428302.6875,   -933.1273,    555.0187,  26267.8184,
       1,     169,     272,      22,       1,       3,       1,     10.0000,      1.4080,     42.7173,    250.6078,     63.0684,      3.4953,      0.0000,     -0.0323,      6.2472,      0.1508,      5.6285,     11.2569,      1.3327,     29.0321,     58.0643,      0.0194,      0.0049,      0.0156,      0.2098,   7880.3457,-427511.2500,   -932.9166,    555.0751,  26267.8164,
       1,     169,     272,      23,       1,       3,       1,     10.0000,      1.4080,     42.7173,    250.6078,     63.0684,      3.4953,      0.0000,     -0.0321,      5.9128,      0.1471,      5.6285,     11.2569,      1.2996,     29.0321,     58.0643,      0.0194,      0.0046,      0.0156,      0.2098,   7880.3452,-427786.1562,   -932.9307,    555.0560,  26267.8145,
       1,     169,     272,      24,       1,       3,       1,     10.0000,      1.4080,     42.7173,    250.6078,     63.0684,      3.4953,      0.0000,     -0.0320,      4.4380,      0.1433,      5.6285,     11.2569,      1.2659,     29.0321,     58.0643,      0.0194,      0.0035,      0.0156,      0.2098,   7880.3447,-427404.0000,   -932.8116,    555.0825,  26267.8145,
       1,     169,     273,       1,       1,       3,       1,     10.0000,      1.4080,     42.7176,    250.6137,     63.0699,      3.4953,      0.0000,     -0.0320,      2.8841,      0.1434,      5.6287,     11.2574,      1.2672,     29.0336,     58.0672,      0.0194,      0.0022,      0.0156,      0.2098,   7880.3447,-425737.6875,   -932.7274,    555.2112,  26268.9863,
       1,     169,     273,       2,       1,       3,       1,     10.0000,      1.4080,     42.7176,    250.6137,     63.0699,      3.4953,      0.0000,     -0.0320,      2.0940,      0.1434,      5.6287,     11.2574,      1.2672,     29.0336,     58.0672,      0.0194,      0.0016,      0.0156,      0.2098,   7880.6963,-423561.5625,   -931.9642,    555.3622,  26268.9844,
       1,     169,     273,       3,       1,       3,       1,     10.0000,      1.4080,     42.7176,    250.6137,     63.0699,      3.4953,      0.0000,     -0.0319,      1.9530,      0.1417,      5.6287,     11.2574,      1.2519,     29.0336,     58.0672,      0.0194,      0.0015,      0.0156,      0.2098,   7880.6958,-422420.9062,   -931.7154,    555.4415,  26268.9863,
       1,     169,     273,       4,       1,       3,       1,     10.0000,      1.4080,     42.7176,    250.6137,     63.0699,      3.4953,      0.0000,     -0.0318,      1.4630,      0.1390,      5.6287,     11.2574,      1.2281,     29.0336,     58.0672,      0.0194,      0.0011,      0.0156,      0.2098,   7880.6963,-422153.5312,   -931.6472,    555.4600,  26268.9883,
       1,     169,     273,       5,       1,       3,       1,     10.0000,      1.4080,     42.7176,    250.6137,     63.0699,      3.4953,      0.0000,     -0.0319,      1.1007,      0.1403,      5.6287,     11.2574,      1.2393,     29.0336,     58.0672,      0.0194,      0.0009,      0.0156,      0.2098,   7880.6968,-421536.9062,   -931.5123,    555.5028,  26268.9863,
       1,     169,     273,       6,       1,       3,       1,     10.0000,      1.4080,     42.7176,    250.6137,     63.0699,      3.4953,      0.0000,     -0.0319,      1.1580,      0.1404,      5.6287,     11.2574,      1.2406,     29.0336,     58.0672,      0.0194,      0.0009,      0.0156,      0.2098,   7880.6963,-421045.9375,   -931.4058,    555.5370,  26268.9863,
       1,     169,     273,       7,       1,       3,       1,     10.0000,      1.4080,     42.7176,    250.6137,     63.0699,      3.4953,      0.0000,     -0.0318,      1.0551,      0.1377,      5.6287,     11.2574,      1.2170,     29.0336,     58.0672,      0.0194,      0.0008,      0.0156,      0.2098,   7880.6963,-421073.9375,   -931.4053,    555.5350,  26268.9863,
       1,     169,     273,       8,       1,       3,       1,     10.0000,      1.4080,     42.7176,    250.6137,     63.0699,      3.4953,      0.0090,     -0.0227,      0.9293,      0.1351,      5.6287,     11.2574,      1.1937,     29.0336,     58.0672,      0.0194,      0.0007,      0.0156,      0.2098,   7880.6963,-420951.5625,   -931.3739,    555.5435,  26268.9863,
       1,     169,     273,       9,       1,       3,       1,     10.0000,      1.4080,     42.7176,    250.6137,     63.0699,      3.4953,      0.0634,      0.0307,      4.1343,      0.1618,      5.6287,     11.2574,      1.4299,     29.0336,     58.0672,      0.0194,      0.0007,      0.0696,      0.2098,   7880.6963,-420788.8438,   -931.3334,    555.5547,  26268.9863,
       1,     169,     273,      10,       1,       3,       1,     10.0000,      1.4080,     42.7176,    250.6137,     63.0699,      3.4953,      0.1418,      0.1085,     15.1847,      0.1824,      5.6287,     11.2574,      1.6119,     29.0336,     58.0672,      0.0194,      0.0010,      0.1811,      0.2098,   7880.6963,-424660.4688,   -932.1222,    555.2859,  26268.9844,
       1,     169,     273,      11,       1,       3,       1,     10.0000,      1.4080,     42.7176,    250.6137,     63.0699,      3.4953,      0.1810,      0.1472,     27.9844,      0.1971,      5.6287,     11.2574,      1.7415,     29.0336,     58.0672,      0.0194,      0.0014,      0.2363,      0.2098,   7880.6958,-438383.8125,   -934.9471,    554.3334,  26268.9863,
       1,     169,     273,      12,       1,       3,       1,     10.0000,      1.4080,     42.7176,    250.6137,     63.0699,      3.4953,      0.1902,      0.1557,     27.6913,      0.2240,      5.6287,     11.2574,      1.9794,     29.0336,     58.0672,      0.0194,      0.0013,      0.2500,      0.2098,   7880.6963,-455060.9688,   -938.3813,    553.1786,  26268.9863,
       1,     169,     273,      13,       1,       3,       1,     10.0000,      1.4080,     42.7176,    250.6137,     63.0699,      3.4953,      0.1900,      0.1553,     25.5627,      0.2311,      5.6287,     11.2574,      2.0424,     29.0336,     58.0672,      0.0194,      0.0012,      0.2500,      0.2098,   7880.6963,-456110.0000,   -938.5446,    553.1074,  26268.9844,
       1,     169,     273,      14,       1,       3,       1,     10.0000,      1.4080,     42.7176,    250.6137,     63.0699,      3.4953,      0.1417,      0.1068,     44.1067,      0.2362,      5.6287,     11.2574,      2.0869,     29.0336,     58.0672,      0.0194,      0.0030,      0.1775,      0.2098,   7880.6958,-453615.2812,   -937.9697,    553.2798,  26268.9863,
       1,     169,     273,      15,       1,       3,       1,     10.0000,      1.4080,     42.7176,    250.6137,     63.0699,      3.4953,      0.1877,      0.1534,     78.3672,      0.2116,      5.6287,     11.2574,      1.8697,     29.0336,     58.0672,      0.0194,      0.0040,      0.2404,      0.2098,   7880.6963,-475896.5000,   -942.6703,    551.7388,  26268.9863,
       1,     169,     273,      16,       1,       3,       1,     10.0000,      1.4080,     42.7176,    250.6137,     63.0699,      3.4953,      0.1815,      0.1481,     90.8447,      0.1846,      5.6287,     11.2574,      1.6312,     29.0336,     58.0672,      0.0194,      0.0048,      0.2298,      0.2098,   7880.6963,-519340.7500,   -951.8496,    548.7449,  26268.9863,
       1,     169,     273,      17,       1,       3,       1,     10.0000,      1.4080,     42.7176,    250.6137,     63.0699,      3.4953,      0.1559,      0.1228,     94.3008,      0.1739,      5.6287,     11.2574,      1.5366,     29.0336,     58.0672,      0.0194,      0.0060,      0.1924,      0.2097,   7880.6963,-538156.0625,   -956.0331,    547.4623,  26268.9824,
       1,     169,     273,      18,       1,       3,       1,     10.0000,      1.4080,     42.7176,    250.6137,     63.0699,      3.4953,      0.0598,      0.0267,     31.4246,      0.1778,      5.6287,     11.2574,      1.5707,     29.0336,     58.0672,      0.0194,      0.0063,      0.0610,      0.2097,   7880.6948,-543925.8125,   -957.5833,    547.0689,  26268.9863,
       1,     169,     273,      19,       1,       3,       1,     10.0000,      1.4080,     42.7176,    250.6137,     63.0699,      3.4953,      0.0051,     -0.0279,      7.6273,      0.1718,      5.6287,     11.2574,      1.5183,     29.0336,     58.0672,      0.0194,      0.0059,      0.0156,      0.2097,   7880.6963,-468041.3750,   -941.9653,    552.2584,  26268.9844,
       1,     169,     273,      20,       1,       3,       1,     10.0000,      1.4080,     42.7176,    250.6137,     63.0699,      3.4953,      0.0007,     -0.0319,      6.6549,      0.1605,      5.6287,     11.2574,      1.4185,     29.0336,     58.0672,      0.0194,      0.0052,      0.0156,      0.2098,   7880.6958,-432888.1562,   -934.6257,    554.7097,  26268.9844,
       1,     169,     273,      21,       1,       3,       1,     10.0000,      1.4080,     42.7176,    250.6137,     63.0699,      3.4953,      0.0000,     -0.0322,      4.1964,      0.1495,      5.6287,     11.2574,      1.3207,     29.0336,     58.0672,      0.0194,      0.0033,      0.0156,      0.2098,   7880.6958,-428741.6250,   -933.7222,    555.0027,  26268.9844,
       1,     169,     273,      22,       1,       3,       1,     10.0000,      1.4080,     42.7176,    250.6137,     63.0699,      3.4953,      0.0000,     -0.0319,      3.5987,      0.1405,      5.6287,     11.2574,      1.2418,     29.0336,     58.0672,      0.0194,      0.0028,      0.0156,      0.2098,   7880.6958,-425405.5938,   -933.0045,    555.2342,  26268.9844,
       1,     169,     273,      23,       1,       3,       1,     10.0000,      1.4080,     42.7176,    250.6137,     63.0699,      3.4953,      0.0000,     -0.0319,      3.9737,      0.1395,      5.6287,     11.2574,      1.2331,     29.0336,     58.0672,      0.0194,      0.0031,      0.0156,      0.2098,   7880.6958,-424400.2500,   -932.7772,    555.3040,  26268.9844,
       1,     169,     273,      24,       1,       3,       1,     10.0000,      1.4080,     42.7176,    250.6137,     63.0699,      3.4953,      0.0000,     -0.0318,      3.4359,      0.1376,      5.6287,     11.2574,      1.2157,     29.0336,     58.0672,      0.0194,      0.0027,      0.0156,      0.2098,   7880.6958,-424770.2500,   -932.8356,    555.2783,  26268.9844,
       1,     169,     274,       1,       1,       3,       1,     10.0000,      1.4080,     42.7179,    250.6196,     63.0713,      3.4953,      0.0000,     -0.0317,      2.7652,      0.1358,      5.6290,     11.2579,      1.1998,     29.0307,     58.0614,      0.0194,      0.0022,      0.0156,      0.2099,   7880.6958,-424304.0625,   -933.0184,    555.3239,  26270.1582,
       1,     169,     274,       2,       1,       3,       1,     10.0000,      1.4080,     42.7179,    250.6196,     63.0713,      3.4953,      0.0000,     -0.0315,      1.9199,      0.1302,      5.6290,     11.2579,      1.1509,     29.0307,     58.0614,      0.0194,      0.0015,      0.0156,      0.2099,   7881.0479,-423299.4062,   -932.5009,    555.3935,  26270.1582,
       1,     169,     274,       3,       1,       3,       1,     10.0000,      1.4080,     42.7179,    250.6196,     63.0713,      3.4953,      0.0000,     -0.0315,      1.0702,      0.1291,      5.6290,     11.2579,      1.1404,     29.0307,     58.0614,      0.0194,      0.0008,      0.0156,      0.2099,   7881.0479,-422190.2812,   -932.2633,    555.4706,  26270.1582,
       1,     169,     274,       4,       1,       3,       1,     10.0000,      1.4080,     42.7179,    250.6196,     63.0713,      3.4953,      0.0000,     -0.0314,      0.8353,      0.1271,      5.6290,     11.2579,      1.1231,     29.0307,     58.0614,      0.0194,      0.0007,      0.0156,      0.2099,   7881.0479,-421066.7812,   -932.0252,    555.5485,  26270.1582,
       1,     169,     274,       5,       1,       3,       1,     10.0000,      1.4080,     42.7179,    250.6196,     63.0713,      3.4953,      0.0000,     -0.0313,      0.6639,      0.1256,      5.6290,     11.2579,      1.1095,     29.0307,     58.0614,      0.0194,      0.0005,      0.0156,      0.2099,   7881.0479,-420687.7188,   -931.9441,    555.5749,  26270.1582,
       1,     169,     274,       6,       1,       3,       1,     10.0000,      1.4080,     42.7179,    250.6196,     63.0713,      3.4953,      0.0000,     -0.0313,      0.3987,      0.1253,      5.6290,     11.2579,      1.1072,     29.0307,     58.0614,      0.0194,      0.0003,      0.0156,      0.2099,   7881.0479,-420447.8750,   -931.8925,    555.5915,  26270.1602,
       1,     169,     274,       7,       1,       3,       1,     10.0000,      1.4080,     42.7179,    250.6196,     63.0713,      3.4953,      0.0000,     -0.0313,      0.3006,      0.1263,      5.6290,     11.2579,      1.1163,     29.0307,     58.0614,      0.0194,      0.0002,      0.0156,      0.2099,   7881.0483,-420106.1562,   -931.8204,    555.6153,  26270.1582,
       1,     169,     274,       8,       1,       3,       1,     10.0000,      1.4080,     42.7179,    250.6196,     63.0713,      3.4953,      0.0162,     -0.0151,      0.1493,      0.1259,      5.6290,     11.2579,      1.1129,     29.0307,     58.0614,      0.0194,      0.0005,      0.0039,      0.2099,   7881.0479,-419958.6562,   -931.7906,    555.6255,  26270.1602,
       1,     169,     274,       9,       1,       3,       1,     10.0000,      1.4080,     42.7179,    250.6196,     63.0713,      3.4953,      0.1113,      0.0795,      9.3362,      0.1391,      5.6290,     11.2579,      1.2294,     29.0307,     58.0614,      0.0194,      0.0008,      0.1383,      0.2099,   7881.0483,-419762.6250,   -931.7429,    555.6391,  26270.1582,
       1,     169,     274,      10,       1,       3,       1,     10.0000,      1.4080,     42.7179,    250.6196,     63.0713,      3.4953,      0.1759,      0.1430,     17.6407,      0.1688,      5.6290,     11.2579,      1.4913,     29.0307,     58.0614,      0.0194,      0.0009,      0.2300,      0.2099,   7881.0479,-430881.9375,   -934.0623,    554.8669,  26270.1582,
       1,     169,     274,      11,       1,       3,       1,     10.0000,      1.4080,     42.7179,    250.6196,     63.0713,      3.4953,      0.1681,      0.1344,     20.6143,      0.1950,      5.6290,     11.2579,      1.7227,     29.0307,     58.0614,      0.0194,      0.0011,      0.2185,      0.2099,   7881.0479,-441886.8125,   -936.3375,    554.1041,  26270.1582,
       1,     169,     274,      12,       1,       3,       1,     10.0000,      1.4080,     42.7179,    250.6196,     63.0713,      3.4953,      0.1451,      0.1107,     18.4387,      0.2173,      5.6290,     11.2579,      1.9201,     29.0307,     58.0614,      0.0194,      0.0012,      0.1854,      0.2099,   7881.0479,-446418.7188,   -937.2740,    553.7908,  26270.1562,
       1,     169,     274,      13,       1,       3,       1,     10.0000,      1.4080,     42.7179,    250.6196,     63.0713,      3.4953,      0.1791,      0.1444,     18.7782,      0.2296,      5.6290,     11.2579,      2.0285,     29.0307,     58.0614,      0.0194,      0.0010,      0.2349,      0.2099,   7881.0474,-444161.5000,   -936.8099,    553.9471,  26270.1582,
       1,     169,     274,      14,       1,       3,       1,     10.0000,      1.4080,     42.7179,    250.6196,     63.0713,      3.4953,      0.1907,      0.1561,     34.4163,      0.2280,      5.6290,     11.2579,      2.0147,     29.0307,     58.0614,      0.0194,      0.0017,      0.2500,      0.2099,   7881.0479,-444383.1562,   -936.8205,    553.9318,  26270.1602,
       1,     169,     274,      15,       1,       3,       1,     10.0000,      1.4080,     42.7179,    250.6196,     63.0713,      3.4953,      0.1242,      0.0905,     39.6396,      0.1923,      5.6290,     11.2579,      1.6990,     29.0307,     58.0614,      0.0194,      0.0032,      0.1527,      0.2099,   7881.0483,-463363.4375,   -940.7383,    552.6176,  26270.1562,
       1,     169,     274,      16,       1,       3,       1,     10.0000,      1.4080,     42.7179,    250.6196,     63.0713,      3.4953,      0.0952,      0.0627,     39.7249,      0.1561,      5.6290,     11.2579,      1.3792,     29.0307,     58.0614,      0.0194,      0.0043,      0.1114,      0.2098,   7881.0474,-471298.5938,   -921.7795,    552.0710,  26270.0781,
       1,     169,     274,      17,       1,       3,       1,     10.0000,      1.4080,     42.7179,    250.6196,     63.0713,      3.4953,      0.0448,      0.0124,     17.4065,      0.1530,      5.6290,     11.2579,      1.3517,     29.0307,     58.0614,      0.0194,      0.0051,      0.0416,      0.2098,   7881.0239,-472076.3438,   -923.1335,    552.0175,  26270.1660,
       1,     169,     274,      18,       1,       3,       1,     10.0000,      1.4080,     42.7179,    250.6196,     63.0713,      3.4953,      0.0090,     -0.0237,      6.6542,      0.1638,      5.6290,     11.2579,      1.4472,     29.0307,     58.0614,      0.0194,      0.0052,      0.0156,      0.2098,   7881.0503,-445057.9375,   -919.1673,    553.8818,  26270.1660,
       1,     169,     274,      19,       1,       3,       1,     10.0000,      1.4080,     42.7179,    250.6196,     63.0713,      3.4953,      0.0086,     -0.0239,      6.5434,      0.1588,      5.6290,     11.2579,      1.4029,     29.0307,     58.0614,      0.0194,      0.0051,      0.0156,      0.2099,   7881.0503,-429760.2812,   -917.0509,    554.9441,  26270.1660,
       1,     169,     274,      20,       1,       3,       1,     10.0000,      1.4080,     42.7179,    250.6196,     63.0713,      3.4953,      0.0009,     -0.0314,      4.7154,      0.1505,      5.6290,     11.2579,      1.3301,     29.0307,     58.0614,      0.0194,      0.0037,      0.0156,      0.2099,   7881.0503,-428339.0312,   -917.4402,    555.0438,  26270.1621,
       1,     169,     274,      21,       1,       3,       1,     10.0000,      1.4080,     42.7179,    250.6196,     63.0713,      3.4953,      0.0000,     -0.0322,      1.2923,      0.1484,      5.6290,     11.2579,      1.3115,     29.0307,     58.0614,      0.0194,      0.0010,      0.0156,      0.2099,   7881.0488,-426002.5625,   -913.2899,    555.2059,  26270.1680,
       1,     169,     274,      22,       1,       3,       1,     10.0000,      1.4080,     42.7179,    250.6196,     63.0713,      3.4953,      0.0000,     -0.0321,      1.5610,      0.1468,      5.6290,     11.2579,      1.2970,     29.0307,     58.0614,      0.0194,      0.0012,      0.0156,      0.2099,   7881.0508,-421655.8125,   -912.6209,    555.5075,  26270.1680,
       1,     169,     274,      23,       1,       3,       1,     10.0000,      1.4080,     42.7179,    250.6196,     63.0713,      3.4953,      0.0000,     -0.0322,      1.9381,      0.1483,      5.6290,     11.2579,      1.3102,     29.0307,     58.0614,      0.0194,      0.0015,      0.0156,      0.2099,   7881.0508,-421615.9375,   -912.7410,    555.5104,  26270.1680,
       1,     169,     274,      24,       1,       3,       1,     10.0000,      1.4080,     42.7179,    250.6196,     63.0713,      3.4953,      0.0000,     -0.0322,      2.0021,      0.1492,      5.6290,     11.2579,      1.3181,     29.0307,     58.0614,      0.0194,      0.0016,      0.0156,      0.2099,   7881.0508,-422069.4688,   -913.0200,    555.4789,  26270.1699,
       1,     169,     275,       1,       1,       3,       1,     10.0000,      1.4081,     42.7183,    250.6255,     63.0728,      3.4953,      0.0000,     -0.0321,      1.7641,      0.1465,      5.6297,     11.2594,      1.2944,     29.0221,     58.0443,      0.0194,      0.0014,      0.0156,      0.2099,   7881.0513,-422339.7188,   -913.5333,    555.4733,  26271.3398,
       1,     169,     275,       2,       1,       3,       1,     10.0000,      1.4081,     42.7183,    250.6255,     63.0728,      3.4953,      0.0000,     -0.0321,      1.5497,      0.1474,      5.6297,     11.2594,      1.3023,     29.0221,     58.0443,      0.0194,      0.0012,      0.0156,      0.2099,   7881.4023,-421922.1875,   -913.3352,    555.5023,  26271.3398,
       1,     169,     275,       3,       1,       3,       1,     10.0000,      1.4081,     42.7183,    250.6255,     63.0728,      3.4953,      0.0000,     -0.0322,      1.1793,      0.1495,      5.6297,     11.2594,      1.3208,     29.0221,     58.0443,      0.0194,      0.0009,      0.0156,      0.2099,   7881.4023,-421627.2812,   -913.4138,    555.5228,  26271.3398,
       1,     169,     275,       4,       1,       3,       1,     10.0000,      1.4081,     42.7183,    250.6255,     63.0728,      3.4953,      0.0000,     -0.0321,      1.2421,      0.1463,      5.6297,     11.2594,      1.2931,     29.0221,     58.0443,      0.0194,      0.0010,      0.0156,      0.2099,   7881.4023,-421153.5000,   -913.4121,    555.5557,  26271.3379,
       1,     169,     275,       5,       1,       3,       1,     10.0000,      1.4081,     42.7183,    250.6255,     63.0728,      3.4953,      0.0000,     -0.0319,      1.1608,      0.1417,      5.6297,     11.2594,      1.2520,     29.0221,     58.0443,      0.0194,      0.0009,      0.0156,      0.2099,   7881.4019,-421189.8438,   -913.4986,    555.5532,  26271.3418,
       1,     169,     275,       6,       1,       3,       1,     10.0000,      1.4081,     42.7183,    250.6255,     63.0728,      3.4953,      0.0000,     -0.0318,      0.8595,      0.1387,      5.6297,     11.2594,      1.2257,     29.0221,     58.0443,      0.0194,      0.0007,      0.0156,      0.2099,   7881.4028,-421094.0312,   -913.5836,    555.5598,  26271.3418,
       1,     169,     275,       7,       1,       3,       1,     10.0000,      1.4081,     42.7183,    250.6255,     63.0728,      3.4953,      0.0000,     -0.0315,      0.9314,      0.1309,      5.6297,     11.2594,      1.1568,     29.0221,     58.0443,      0.0194,      0.0007,      0.0156,      0.2099,   7881.4028,-420720.8750,   -913.5870,    555.5856,  26271.3398,
       1,     169,     275,       8,       1,       3,       1,     10.0000,      1.4081,     42.7183,    250.6255,     63.0728,      3.4953,      0.0092,     -0.0223,      0.8762,      0.1302,      5.6297,     11.2594,      1.1509,     29.0221,     58.0443,      0.0194,      0.0007,      0.0156,      0.2099,   7881.4023,-420776.8125,   -913.6707,    555.5818,  26271.3379,
       1,     169,     275,       9,       1,       3,       1,     10.0000,      1.4081,     42.7183,    250.6255,     63.0728,      3.4953,      0.0737,      0.0420,      3.6063,      0.1373,      5.6297,     11.2594,      1.2133,     29.0221,     58.0443,      0.0194,      0.0005,      0.0852,      0.2099,   7881.4019,-420714.7188,   -913.7538,    555.5861,  26271.3398,
       1,     169,     275,      10,       1,       3,       1,     10.0000,      1.4081,     42.7183,    250.6255,     63.0728,      3.4953,      0.1357,      0.1032,      7.5660,      0.1562,      5.6297,     11.2594,      1.3806,     29.0221,     58.0443,      0.0194,      0.0005,      0.1732,      0.2099,   7881.4023,-424018.2188,   -914.5939,    555.3567,  26271.3398,
       1,     169,     275,      11,       1,       3,       1,     10.0000,      1.4081,     42.7183,    250.6255,     63.0728,      3.4953,      0.1897,      0.1565,     16.8799,      0.1786,      5.6297,     11.2594,      1.5786,     29.0221,     58.0443,      0.0194,      0.0008,      0.2500,      0.2099,   7881.4023,-429095.6875,   -916.0708,    555.0043,  26271.3418,
       1,     169,     275,      12,       1,       3,       1,     10.0000,      1.4081,     42.7183,    250.6255,     63.0728,      3.4953,      0.1891,      0.1553,     11.1925,      0.1990,      5.6297,     11.2594,      1.7589,     29.0221,     58.0443,      0.0194,      0.0005,      0.2500,      0.2099,   7881.4028,-440812.7188,   -919.7513,    554.1915,  26271.3398,
       1,     169,     275,      13,       1,       3,       1,     10.0000,      1.4081,     42.7183,    250.6255,     63.0728,      3.4953,      0.1891,      0.1557,     10.4232,      0.1870,      5.6297,     11.2594,      1.6525,     29.0221,     58.0443,      0.0194,      0.0005,      0.2500,      0.2099,   7881.4023,-434904.7500,   -920.6711,    554.6013,  26271.3379,
       1,     169,     275,      14,       1,       3,       1,     10.0000,      1.4081,     42.7183,    250.6255,     63.0728,      3.4953,      0.1893,      0.1557,     13.4495,      0.1917,      5.6297,     11.2594,      1.6940,     29.0221,     58.0443,      0.0194,      0.0007,      0.2500,      0.2099,   7881.4019,-433475.4375,   -922.0506,    554.7006,  26271.3359,
       1,     169,     275,      15,       1,       3,       1,     10.0000,      1.4081,     42.7183,    250.6255,     63.0728,      3.4953,      0.1910,      0.1572,     34.9042,      0.1973,      5.6297,     11.2594,      1.7433,     29.0221,     58.0443,      0.0194,      0.0017,      0.2500,      0.2099,   7881.4009,-437024.0000,   -923.9783,    554.4545,  26271.3359,
       1,     169,     275,      16,       1,       3,       1,     10.0000,      1.4081,     42.7183,    250.6255,     63.0728,      3.4953,      0.1907,      0.1570,     67.2942,      0.1934,      5.6297,     11.2594,      1.7091,     29.0221,     58.0443,      0.0194,      0.0033,      0.2459,      0.2099,   7881.4009,-463331.5000,   -930.2102,    552.6313,  26271.3359,
       1,     169,     275,      17,       1,       3,       1,     10.0000,      1.4081,     42.7183,    250.6255,     63.0728,      3.4953,      0.0828,      0.0494,     35.1014,      0.1853,      5.6297,     11.2594,      1.6378,     29.0221,     58.0443,      0.0194,      0.0046,      0.0935,      0.2099,   7881.4009,-504831.6250,   -939.0986,    549.7675,  26271.3359,
       1,     169,     275,      18,       1,       3,       1,     10.0000,      1.4081,     42.7183,    250.6255,     63.0728,      3.4953,      0.1293,      0.0963,     43.9369,      0.1727,      5.6297,     11.2594,      1.5260,     29.0221,     58.0443,      0.0194,      0.0033,      0.1598,      0.2098,   7881.4009,-469266.7812,   -932.8303,    552.2190,  26271.3320,
       1,     169,     275,      19,       1,       3,       1,     10.0000,      1.4081,     42.7183,    250.6255,     63.0728,      3.4953,      0.0392,      0.0066,      9.6324,      0.1604,      5.6297,     11.2594,      1.4171,     29.0221,     58.0443,      0.0194,      0.0034,      0.0342,      0.2099,   7881.3999,-477007.9375,   -934.8017,    551.6901,  26271.3301,
       1,     169,     275,      20,       1,       3,       1,     10.0000,      1.4081,     42.7183,    250.6255,     63.0728,      3.4953,      0.0032,     -0.0290,      4.4521,      0.1493,      5.6297,     11.2594,      1.3195,     29.0221,     58.0443,      0.0194,      0.0035,      0.0156,      0.2098,   7881.3994,-436041.0938,   -927.1927,    554.5155,  26271.3281,
       1,     169,     275,      21,       1,       3,       1,     10.0000,      1.4081,     42.7183,    250.6255,     63.0728,      3.4953,      0.0000,     -0.0320,      3.9941,      0.1431,      5.6297,     11.2594,      1.2647,     29.0221,     58.0443,      0.0194,      0.0031,      0.0156,      0.2099,   7881.3989,-426342.3438,   -925.4153,    555.1950,  26271.3281,
       1,     169,     275,      22,       1,       3,       1,     10.0000,      1.4081,     42.7183,    250.6255,     63.0728,      3.4953,      0.0000,     -0.0319,      3.7592,      0.1420,      5.6297,     11.2594,      1.2545,     29.0221,     58.0443,      0.0194,      0.0029,      0.0156,      0.2099,   7881.3989,-424963.9062,   -925.2133,    555.2911,  26271.3262,
       1,     169,     275,      23,       1,       3,       1,     10.0000,      1.4081,     42.7183,    250.6255,     63.0728,      3.4953,      0.0000,     -0.0319,      3.0226,      0.1414,      5.6297,     11.2594,      1.2495,     29.0221,     58.0443,      0.0194,      0.0024,      0.0156,      0.2099,   7881.3979,-424562.8750,   -925.1847,    555.3190,  26271.3281,
       1,     169,     275,      24,       1,       3,       1,     10.0000,      1.4081,     42.7183,    250.6255,     63.0728,      3.4953,      0.0000,     -0.0319,      2.5706,      0.1398,      5.6297,     11.2594,      1.2356,     29.0221,     58.0443,      0.0194,      0.0020,      0.0156,      0.2099,   7881.3989,-423636.0938,   -925.0478,    555.3833,  26271.3281,
       1,     169,     276,       1,       1,       3,       1,     10.0000,      1.4081,     42.7186,    250.6313,     63.0743,      3.4953,      0.0000,     -0.0319,      1.2989,      0.1400,      5.6292,     11.2585,      1.2369,     29.0220,     58.0439,      0.0194,      0.0010,      0.0156,      0.2099,   7881.3989,-423164.5312,   -925.2979,    555.4291,  26272.4961,
       1,     169,     276,       2,       1,       3,       1,     10.0000,      1.4081,     42.7186,    250.6313,     63.0743,      3.4953,      0.0000,     -0.0318,      1.0353,      0.1391,      5.6292,     11.2585,      1.2294,     29.0220,     58.0439,      0.0194,      0.0008,      0.0156,      0.2099,   7881.7490,-421432.2500,   -924.7308,    555.5494,  26272.4961,
       1,     169,     276,       3,       1,       3,       1,     10.0000,      1.4081,     42.7186,    250.6313,     63.0743,      3.4953,      0.0000,     -0.0318,      0.5043,      0.1384,      5.6292,     11.2585,      1.2232,     29.0220,     58.0439,      0.0194,      0.0004,      0.0156,      0.2099,   7881.7490,-420966.9375,   -924.6603,    555.5817,  26272.4980,
       1,     169,     276,       4,       1,       3,       1,     10.0000,      1.4081,     42.7186,    250.6313,     63.0743,      3.4953,      0.0000,     -0.0317,      0.3280,      0.1363,      5.6292,     11.2585,      1.2048,     29.0220,     58.0439,      0.0194,      0.0003,      0.0156,      0.2099,   7881.7495,-420284.0312,   -923.7291,    555.6292,  26272.4961,
       1,     169,     276,       5,       1,       3,       1,     10.0000,      1.4081,     42.7186,    250.6313,     63.0743,      3.4953,      0.0000,     -0.0316,      0.3161,      0.1320,      5.6292,     11.2585,      1.1663,     29.0220,     58.0439,      0.0194,      0.0002,      0.0156,      0.2099,   7881.7490,-420013.3125,   -923.6804,    555.6480,  26272.4961,
       1,     169,     276,       6,       1,       3,       1,     10.0000,      1.4081,     42.7186,    250.6313,     63.0743,      3.4953,      0.0000,     -0.0315,      0.4390,      0.1303,      5.6292,     11.2585,      1.1510,     29.0220,     58.0439,      0.0194,      0.0003,      0.0156,      0.2099,   7881.7490,-419975.9375,   -923.6751,    555.6506,  26272.4961,
       1,     169,     276,       7,       1,       3,       1,     10.0000,      1.4081,     42.7186,    250.6313,     63.0743,      3.4953,      0.0000,     -0.0316,      0.3627,      0.1318,      5.6292,     11.2585,      1.1651,     29.0220,     58.0439,      0.0194,      0.0003,      0.0156,      0.2099,   7881.7490,-420121.8750,   -923.7092,    555.6404,  26272.4961,
       1,     169,     276,       8,       1,       3,       1,     10.0000,      1.4081,     42.7186,    250.6313,     63.0743,      3.4953,      0.0195,     -0.0121,      0.1799,      0.1318,      5.6292,     11.2585,      1.1651,     29.0220,     58.0439,      0.0194,      0.0003,      0.0082,      0.2099,   7881.7490,-420041.6250,   -923.6970,    555.6460,  26272.4941,
       1,     169,     276,       9,       1,       3,       1,     10.0000,      1.4081,     42.7186,    250.6313,     63.0743,      3.4953,      0.1263,      0.0947,      3.2969,      0.1336,      5.6292,     11.2585,      1.1806,     29.0220,     58.0439,      0.0194,      0.0002,      0.1605,      0.2099,   7881.7485,-419813.5938,   -923.6721,    555.6619,  26272.4980,
       1,     169,     276,      10,       1,       3,       1,     10.0000,      1.4081,     42.7186,    250.6313,     63.0743,      3.4953,      0.1862,      0.1548,      4.7711,      0.1271,      5.6292,     11.2585,      1.1232,     29.0220,     58.0439,      0.0194,      0.0002,      0.2458,      0.2099,   7881.7495,-423571.1250,   -924.5101,    555.4009,  26272.4961,
       1,     169,     276,      11,       1,       3,       1,     10.0000,      1.4081,     42.7186,    250.6313,     63.0743,      3.4953,      0.1892,      0.1579,      4.6744,      0.1230,      5.6292,     11.2585,      1.0871,     29.0220,     58.0439,      0.0194,      0.0002,      0.2500,      0.2099,   7881.7490,-425674.4375,   -912.0496,    555.2549,  26272.5098,
       1,     169,     276,      12,       1,       3,       1,     10.0000,      1.4081,     42.7186,    250.6313,     63.0743,      3.4953,      0.1891,      0.1577,      4.9546,      0.1295,      5.6292,     11.2585,      1.1440,     29.0220,     58.0439,      0.0194,      0.0002,      0.2500,      0.2099,   7881.7534,-425732.6250,   -913.7056,    555.2509,  26272.5098,
       1,     169,     276,      13,       1,       3,       1,     10.0000,      1.4081,     42.7186,    250.6313,     63.0743,      3.4953,      0.1891,      0.1572,      5.3863,      0.1393,      5.6292,     11.2585,      1.2307,     29.0220,     58.0439,      0.0194,      0.0003,      0.2500,      0.2099,   7881.7534,-426076.9688,   -915.9736,    555.2270,  26272.5098,
       1,     169,     276,      14,       1,       3,       1,     10.0000,      1.4081,     42.7186,    250.6313,     63.0743,      3.4953,      0.1890,      0.1563,      6.5978,      0.1623,      5.6292,     11.2585,      1.4343,     29.0220,     58.0439,      0.0194,      0.0003,      0.2500,      0.2099,   7881.7534,-426629.2500,   -915.7000,    555.1886,  26272.5098,
       1,     169,     276,      15,       1,       3,       1,     10.0000,      1.4081,     42.7186,    250.6313,     63.0743,      3.4953,      0.1893,      0.1557,     12.3582,      0.1900,      5.6292,     11.2585,      1.6790,     29.0220,     58.0439,      0.0194,      0.0006,      0.2500,      0.2099,   7881.7534,-428144.0000,   -917.7739,    555.0835,  26272.5098,
       1,     169,     276,      16,       1,       3,       1,     10.0000,      1.4081,     42.7186,    250.6313,     63.0743,      3.4953,      0.1893,      0.1553,     13.7381,      0.2042,      5.6292,     11.2585,      1.8047,     29.0220,     58.0439,      0.0194,      0.0007,      0.2500,      0.2099,   7881.7534,-435252.9062,   -920.7437,    554.5903,  26272.5098,
       1,     169,     276,      17,       1,       3,       1,     10.0000,      1.4081,     42.7186,    250.6313,     63.0743,      3.4953,      0.1894,      0.1549,     19.9632,      0.2197,      5.6292,     11.2585,      1.9411,     29.0220,     58.0439,      0.0194,      0.0010,      0.2495,      0.2099,   7881.7534,-437524.0000,   -922.3046,    554.4330,  26272.5098,
       1,     169,     276,      18,       1,       3,       1,     10.0000,      1.4081,     42.7186,    250.6313,     63.0743,      3.4953,      0.1679,      0.1340,     24.6781,      0.2016,      5.6292,     11.2585,      1.7817,     29.0220,     58.0439,      0.0194,      0.0014,      0.2178,      0.2099,   7881.7534,-445260.5312,   -924.7831,    553.8969,  26272.5098,
       1,     169,     276,      19,       1,       3,       1,     10.0000,      1.4081,     42.7186,    250.6313,     63.0743,      3.4953,      0.0654,      0.0324,     13.8332,      0.1730,      5.6292,     11.2585,      1.5291,     29.0220,     58.0439,      0.0194,      0.0024,      0.0711,      0.2099,   7881.7534,-451627.3750,   -926.5394,    553.4564,  26272.5098,
       1,     169,     276,      20,       1,       3,       1,     10.0000,      1.4081,     42.7186,    250.6313,     63.0743,      3.4953,      0.0028,     -0.0295,      4.0273,      0.1524,      5.6292,     11.2585,      1.3463,     29.0220,     58.0439,      0.0194,      0.0031,      0.0156,      0.2099,   7881.7534,-439014.2812,   -924.3881,    554.3291,  26272.5098,
       1,     169,     276,      21,       1,       3,       1,     10.0000,      1.4081,     42.7186,    250.6313,     63.0743,      3.4953,      0.0000,     -0.0320,      5.2659,      0.1436,      5.6292,     11.2585,      1.2686,     29.0220,     58.0439,      0.0194,      0.0041,      0.0156,      0.2099,   7881.7534,-426069.7812,   -922.0814,    555.2267,  26272.5078,
       1,     169,     276,      22,       1,       3,       1,     10.0000,      1.4081,     42.7186,    250.6313,     63.0743,      3.4953,      0.0000,     -0.0318,      6.0381,      0.1393,      5.6292,     11.2585,      1.2307,     29.0220,     58.0439,      0.0194,      0.0047,      0.0156,      0.2099,   7881.7524,-426483.6875,   -922.3292,    555.1987,  26272.5098,
       1,     169,     276,      23,       1,       3,       1,     10.0000,      1.4081,     42.7186,    250.6313,     63.0743,      3.4953,      0.0000,     -0.0318,      4.1153,      0.1369,      5.6292,     11.2585,      1.2097,     29.0220,     58.0439,      0.0194,      0.0032,      0.0156,      0.2099,   7881.7534,-427453.4688,   -922.7146,    555.1314,  26272.5117,
       1,     169,     276,      24,       1,       3,       1,     10.0000,      1.4081,     42.7186,    250.6313,     63.0743,      3.4953,      0.0000,     -0.0315,      3.0193,      0.1305,      5.6292,     11.2585,      1.1533,     29.0220,     58.0439,      0.0194,      0.0024,      0.0156,      0.2099,   7881.7539,-425204.5000,   -921.5297,    555.2875,  26272.5117,
       1,     169,     277,       1,       1,       3,       1,     10.0000,      1.4081,     42.7190,    250.6372,     63.0758,      3.4953,      0.0000,     -0.0314,      1.9268,      0.1280,      5.6287,     11.2574,      1.1313,     29.0289,     58.0579,      0.0194,      0.0015,      0.0156,      0.2099,   7881.7539,-423841.5625,   -921.6818,    555.3950,  26273.6836,
       1,     169,     277,       2,       1,       3,       1,     10.0000,      1.4081,     42.7190,    250.6372,     63.0758,      3.4953,      0.0000,     -0.0314,      1.0694,      0.1274,      5.6287,     11.2574,      1.1255,     29.0289,     58.0579,      0.0194,      0.0008,      0.0156,      0.2100,   7882.1055,-422251.2500,   -921.1981,    555.5054,  26273.6836,
       1,     169,     277,       3,       1,       3,       1,     10.0000,      1.4081,     42.7190,    250.6372,     63.0758,      3.4953,      0.0000,     -0.0314,      0.4595,      0.1276,      5.6287,     11.2574,      1.1278,     29.0289,     58.0579,      0.0194,      0.0004,      0.0156,      0.2100,   7882.1055,-421078.5000,   -921.0139,    555.5869,  26273.6816,
       1,     169,     277,       4,       1,       3,       1,     10.0000,      1.4081,     42.7190,    250.6372,     63.0758,      3.4953,      0.0000,     -0.0315,      0.3598,      0.1292,      5.6287,     11.2574,      1.1417,     29.0289,     58.0579,      0.0194,      0.0003,      0.0156,      0.2100,   7882.1050,-420241.0000,   -920.8647,    555.6451,  26273.6836,
       1,     169,     277,       5,       1,       3,       1,     10.0000,      1.4081,     42.7190,    250.6372,     63.0758,      3.4953,      0.0000,     -0.0315,      0.3594,      0.1291,      5.6287,     11.2574,      1.1405,     29.0289,     58.0579,      0.0194,      0.0003,      0.0156,      0.2100,   7882.1055,-420049.4688,   -920.8317,    555.6583,  26273.6836,
       1,     169,     277,       6,       1,       3,       1,     10.0000,      1.4081,     42.7190,    250.6372,     63.0758,      3.4953,      0.0000,     -0.0314,      0.6796,      0.1280,      5.6287,     11.2574,      1.1313,     29.0289,     58.0579,      0.0194,      0.0005,      0.0156,      0.2100,   7882.1055,-420032.9688,   -920.8319,    555.6595,  26273.6836,
       1,     169,     277,       7,       1,       3,       1,     10.0000,      1.4081,     42.7190,    250.6372,     63.0758,      3.4953,      0.0000,     -0.0314,      0.5919,      0.1274,      5.6287,     11.2574,      1.1255,     29.0289,     58.0579,      0.0194,      0.0005,      0.0156,      0.2100,   7882.1055,-420419.5000,   -920.9183,    555.6327,  26273.6816,
       1,     169,     277,       8,       1,       3,       1,     10.0000,      1.4081,     42.7190,    250.6372,     63.0758,      3.4953,      0.0099,     -0.0215,      0.6384,      0.1263,      5.6287,     11.2574,      1.1164,     29.0289,     58.0579,      0.0194,      0.0005,      0.0156,      0.2100,   7882.1050,-420345.9375,   -920.9171,    555.6378,  26273.6836,
       1,     169,     277,       9,       1,       3,       1,     10.0000,      1.4081,     42.7190,    250.6372,     63.0758,      3.4953,      0.0902,      0.0587,      2.2974,      0.1312,      5.6287,     11.2574,      1.1592,     29.0289,     58.0579,      0.0194,      0.0003,      0.1090,      0.2100,   7882.1055,-420395.7812,   -920.9493,    555.6343,  26273.6816,
       1,     169,     277,      10,       1,       3,       1,     10.0000,      1.4081,     42.7190,    250.6372,     63.0758,      3.4953,      0.1730,      0.1407,      5.4048,      0.1519,      5.6287,     11.2574,      1.3423,     29.0289,     58.0579,      0.0194,      0.0003,      0.2271,      0.2100,   7882.1050,-422410.5625,   -921.4258,    555.4944,  26273.6836,
       1,     169,     277,      11,       1,       3,       1,     10.0000,      1.4081,     42.7190,    250.6372,     63.0758,      3.4953,      0.1889,      0.1554,      7.6641,      0.1894,      5.6287,     11.2574,      1.6740,     29.0289,     58.0579,      0.0194,      0.0004,      0.2500,      0.2100,   7882.1055,-426345.3125,   -922.4731,    555.2212,  26273.6836,
       1,     169,     277,      12,       1,       3,       1,     10.0000,      1.4081,     42.7190,    250.6372,     63.0758,      3.4953,      0.1888,      0.1547,      8.5474,      0.2083,      5.6287,     11.2574,      1.8407,     29.0289,     58.0579,      0.0194,      0.0004,      0.2500,      0.2099,   7882.1055,-429414.3438,   -923.4704,    555.0082,  26273.6836,
       1,     169,     277,      13,       1,       3,       1,     10.0000,      1.4081,     42.7190,    250.6372,     63.0758,      3.4953,      0.1889,      0.1545,     10.0584,      0.2177,      5.6287,     11.2574,      1.9240,     29.0289,     58.0579,      0.0194,      0.0005,      0.2500,      0.2099,   7882.1055,-430742.9062,   -924.0388,    554.9161,  26273.6836,
       1,     169,     277,      14,       1,       3,       1,     10.0000,      1.4081,     42.7190,    250.6372,     63.0758,      3.4953,      0.1897,      0.1556,     19.4777,      0.2075,      5.6287,     11.2574,      1.8334,     29.0289,     58.0579,      0.0194,      0.0009,      0.2500,      0.2099,   7882.1055,-432686.0000,   -924.7764,    554.7814,  26273.6836,
       1,     169,     277,      15,       1,       3,       1,     10.0000,      1.4081,     42.7190,    250.6372,     63.0758,      3.4953,      0.1885,      0.1542,     40.6982,      0.2133,      5.6287,     11.2574,      1.8847,     29.0289,     58.0579,      0.0194,      0.0020,      0.2459,      0.2099,   7882.1055,-444264.6250,   -927.2993,    553.9785,  26273.6836,
       1,     169,     277,      16,       1,       3,       1,     10.0000,      1.4081,     42.7190,    250.6372,     63.0758,      3.4953,      0.1344,      0.1000,     56.6978,      0.2201,      5.6287,     11.2574,      1.9449,     29.0289,     58.0579,      0.0194,      0.0042,      0.1655,      0.2099,   7882.1055,-470961.4062,   -932.7626,    552.1303,  26273.6816,
       1,     169,     277,      17,       1,       3,       1,     10.0000,      1.4081,     42.7190,    250.6372,     63.0758,      3.4953,      0.0952,      0.0610,     50.0633,      0.2106,      5.6287,     11.2574,      1.8607,     29.0289,     58.0579,      0.0194,      0.0056,      0.1094,      0.2099,   7882.1050,-492613.3750,   -937.3016,    550.6391,  26273.6836,
       1,     169,     277,      18,       1,       3,       1,     10.0000,      1.4081,     42.7190,    250.6372,     63.0758,      3.4953,      0.0532,      0.0196,     25.0948,      0.1936,      5.6287,     11.2574,      1.7109,     29.0289,     58.0579,      0.0194,      0.0059,      0.0517,      0.2099,   7882.1055,-486384.2500,   -936.4540,    551.0698,  26273.6836,
       1,     169,     277,      19,       1,       3,       1,     10.0000,      1.4081,     42.7190,    250.6372,     63.0758,      3.4953,      0.0235,     -0.0092,      4.9925,      0.1635,      5.6287,     11.2574,      1.4444,     29.0289,     58.0579,      0.0194,      0.0050,      0.0122,      0.2099,   7882.1055,-455576.3125,   -930.7225,    553.1921,  26273.6836,
       1,     169,     277,      20,       1,       3,       1,     10.0000,      1.4081,     42.7190,    250.6372,     63.0758,      3.4953,      0.0019,     -0.0300,      6.6826,      0.1418,      5.6287,     11.2574,      1.2533,     29.0289,     58.0579,      0.0194,      0.0052,      0.0156,      0.2099,   7882.1055,-428633.0000,   -925.5851,    555.0594,  26273.6855,
       1,     169,     277,      21,       1,       3,       1,     10.0000,      1.4081,     42.7190,    250.6372,     63.0758,      3.4953,      0.0000,     -0.0313,      6.7515,      0.1257,      5.6287,     11.2574,      1.1107,     29.0289,     58.0579,      0.0194,      0.0053,      0.0156,      0.2099,   7882.1060,-428420.7500,   -925.5891,    555.0772,  26273.6836,
       1,     169,     277,      22,       1,       3,       1,     10.0000,      1.4081,     42.7190,    250.6372,     63.0758,      3.4953,      0.0000,     -0.0311,      5.6103,      0.1209,      5.6287,     11.2574,      1.0685,     29.0289,     58.0579,      0.0194,      0.0044,      0.0156,      0.2099,   7882.1055,-428483.0625,   -925.6390,    555.0729,  26273.6855,
       1,     169,     277,      23,       1,       3,       1,     10.0000,      1.4081,     42.7190,    250.6372,     63.0758,      3.4953,      0.0000,     -0.0313,      4.5220,      0.1244,      5.6287,     11.2574,      1.0994,     29.0289,     58.0579,      0.0194,      0.0035,      0.0156,      0.2099,   7882.1060,-427104.8750,   -925.3962,    555.1686,  26273.6836,
       1,     169,     277,      24,       1,       3,       1,     10.0000,      1.4081,     42.7190,    250.6372,     63.0758,      3.4953,      0.0000,     -0.0314,      3.1535,      0.1275,      5.6287,     11.2574,      1.1267,     29.0289,     58.0579,      0.0194,      0.0025,      0.0156,      0.2099,   7882.1055,-425670.5625,   -925.1353,    555.2681,  26273.6836,
       1,     169,     278,       1,       1,       3,       1,     10.0000,      1.4081,     42.7193,    250.6431,     63.0773,      3.4953,      0.0000,     -0.0312,      2.5741,      0.1239,      5.6297,     11.2594,      1.0950,     29.0268,     58.0536,      0.0194,      0.0020,      0.0156,      0.2100,   7882.1055,-424045.7812,   -925.1067,    555.3939,  26274.8535,
       1,     169,     278,       2,       1,       3,       1,     10.0000,      1.4081,     42.7193,    250.6431,     63.0773,      3.4953,      0.0000,     -0.0313,      1.6808,      0.1245,      5.6297,     11.2594,      1.1006,     29.0268,     58.0536,      0.0194,      0.0013,      0.0156,      0.2100,   7882.4565,-423055.1875,   -924.6500,    555.4627,  26274.8535,
       1,     169,     278,       3,       1,       3,       1,     10.0000,      1.4081,     42.7193,    250.6431,     63.0773,      3.4953,      0.0000,     -0.0313,      1.0286,      0.1247,      5.6297,     11.2594,      1.1017,     29.0268,     58.0536,      0.0194,      0.0008,      0.0156,      0.2100,   7882.4565,-421889.5312,   -924.4288,    555.5436,  26274.8535,
       1,     169,     278,       4,       1,       3,       1,     10.0000,      1.4081,     42.7193,    250.6431,     63.0773,      3.4953,      0.0000,     -0.0311,      0.9265,      0.1203,      5.6297,     11.2594,      1.0630,     29.0268,     58.0536,      0.0194,      0.0007,      0.0156,      0.2100,   7882.4565,-421001.3438,   -924.2595,    555.6053,  26274.8535,
       1,     169,     278,       5,       1,       3,       1,     10.0000,      1.4081,     42.7193,    250.6431,     63.0773,      3.4953,      0.0000,     -0.0310,      1.1334,      0.1187,      5.6297,     11.2594,      1.0490,     29.0268,     58.0536,      0.0194,      0.0009,      0.0156,      0.2100,   7882.4565,-420802.8438,   -924.2234,    555.6192,  26274.8516,
       1,     169,     278,       6,       1,       3,       1,     10.0000,      1.4081,     42.7193,    250.6431,     63.0773,      3.4953,      0.0000,     -0.0310,      1.7030,      0.1180,      5.6297,     11.2594,      1.0426,     29.0268,     58.0536,      0.0194,      0.0013,      0.0156,      0.2100,   7882.4556,-421037.1562,   -924.2725,    555.6029,  26274.8516,
       1,     169,     278,       7,       1,       3,       1,     10.0000,      1.4081,     42.7193,    250.6431,     63.0773,      3.4953,      0.0000,     -0.0310,      1.9251,      0.1177,      5.6297,     11.2594,      1.0404,     29.0268,     58.0536,      0.0194,      0.0015,      0.0156,      0.2100,   7882.4556,-421747.0000,   -924.4137,    555.5536,  26274.8535,
       1,     169,     278,       8,       1,       3,       1,     10.0000,      1.4081,     42.7193,    250.6431,     63.0773,      3.4953,      0.0098,     -0.0212,      1.9202,      0.1175,      5.6297,     11.2594,      1.0383,     29.0268,     58.0536,      0.0194,      0.0015,      0.0156,      0.2100,   7882.4565,-422075.4062,   -924.4798,    555.5308,  26274.8535,
       1,     169,     278,       9,       1,       3,       1,     10.0000,      1.4081,     42.7193,    250.6431,     63.0773,      3.4953,      0.0712,      0.0399,      7.5116,      0.1252,      5.6297,     11.2594,      1.1062,     29.0268,     58.0536,      0.0194,      0.0011,      0.0815,      0.2100,   7882.4565,-422097.1562,   -924.4863,    555.5293,  26274.8535,
       1,     169,     278,      10,       1,       3,       1,     10.0000,      1.4081,     42.7193,    250.6431,     63.0773,      3.4953,      0.1717,      0.1398,     18.8270,      0.1421,      5.6297,     11.2594,      1.2559,     29.0268,     58.0536,      0.0194,      0.0010,      0.2236,      0.2100,   7882.4565,-428873.4062,   -925.8269,    555.0587,  26274.8516,
       1,     169,     278,      11,       1,       3,       1,     10.0000,      1.4081,     42.7193,    250.6431,     63.0773,      3.4953,      0.1901,      0.1575,     20.0609,      0.1602,      5.6297,     11.2594,      1.4158,     29.0268,     58.0536,      0.0194,      0.0010,      0.2500,      0.2100,   7882.4556,-443155.4375,   -928.6562,    554.0680,  26274.8535,
       1,     169,     278,      12,       1,       3,       1,     10.0000,      1.4081,     42.7193,    250.6431,     63.0773,      3.4953,      0.1903,      0.1576,     23.2250,      0.1649,      5.6297,     11.2594,      1.4575,     29.0268,     58.0536,      0.0194,      0.0011,      0.2500,      0.2100,   7882.4565,-445853.5312,   -929.2136,    553.8820,  26274.8535,
       1,     169,     278,      13,       1,       3,       1,     10.0000,      1.4081,     42.7193,    250.6431,     63.0773,      3.4953,      0.1903,      0.1569,     24.8978,      0.1857,      5.6297,     11.2594,      1.6411,     29.0268,     58.0536,      0.0194,      0.0012,      0.2500,      0.2100,   7882.4565,-449914.2500,   -930.2341,    553.6009,  26274.8535,
       1,     169,     278,      14,       1,       3,       1,     10.0000,      1.4081,     42.7193,    250.6431,     63.0773,      3.4953,      0.1909,      0.1576,     32.9341,      0.1830,      5.6297,     11.2594,      1.6169,     29.0268,     58.0536,      0.0194,      0.0016,      0.2500,      0.2100,   7882.4565,-452283.0625,   -930.7620,    553.4371,  26274.8535,
       1,     169,     278,      15,       1,       3,       1,     10.0000,      1.4081,     42.7193,    250.6431,     63.0773,      3.4953,      0.1885,      0.1550,     54.8619,      0.1872,      5.6297,     11.2594,      1.6542,     29.0268,     58.0536,      0.0194,      0.0027,      0.2439,      0.2100,   7882.4565,-462222.9375,   -932.7617,    552.7495,  26274.8535,
       1,     169,     278,      16,       1,       3,       1,     10.0000,      1.4081,     42.7193,    250.6431,     63.0773,      3.4953,      0.1922,      0.1590,     74.3020,      0.1787,      5.6297,     11.2594,      1.5787,     29.0268,     58.0536,      0.0194,      0.0037,      0.2471,      0.2099,   7882.4565,-489641.7812,   -938.2946,    550.8553,  26274.8535,
       1,     169,     278,      17,       1,       3,       1,     10.0000,      1.4081,     42.7193,    250.6431,     63.0773,      3.4953,      0.1868,      0.1535,     77.3769,      0.1796,      5.6297,     11.2594,      1.5866,     29.0268,     58.0536,      0.0194,      0.0039,      0.2389,      0.2099,   7882.4565,-515528.6875,   -943.6258,    549.0762,  26274.8535,
       1,     169,     278,      18,       1,       3,       1,     10.0000,      1.4081,     42.7193,    250.6431,     63.0773,      3.4953,      0.1485,      0.1161,     70.3093,      0.1570,      5.6297,     11.2594,      1.3876,     29.0268,     58.0536,      0.0194,      0.0046,      0.1846,      0.2099,   7882.4565,-521434.4375,   -945.0786,    548.6737,  26274.8516,
       1,     169,     278,      19,       1,       3,       1,     10.0000,      1.4081,     42.7193,    250.6431,     63.0773,      3.4953,      0.0543,      0.0224,     20.5262,      0.1428,      5.6297,     11.2594,      1.2623,     29.0268,     58.0536,      0.0194,      0.0045,      0.0554,      0.2099,   7882.4556,-513350.6562,   -943.7931,    549.2282,  26274.8516,
       1,     169,     278,      20,       1,       3,       1,     10.0000,      1.4081,     42.7193,    250.6431,     63.0773,      3.4953,      0.0039,     -0.0277,      6.7291,      0.1329,      5.6297,     11.2594,      1.1747,     29.0268,     58.0536,      0.0194,      0.0052,      0.0156,      0.2099,   7882.4556,-452275.1562,   -931.8585,    553.4216,  26274.8516,
       1,     169,     278,      21,       1,       3,       1,     10.0000,      1.4081,     42.7193,    250.6431,     63.0773,      3.4953,      0.0000,     -0.0314,      5.9778,      0.1274,      5.6297,     11.2594,      1.1255,     29.0268,     58.0536,      0.0194,      0.0047,      0.0156,      0.2100,   7882.4556,-430478.5000,   -927.5280,    554.9455,  26274.8496,
       1,     169,     278,      22,       1,       3,       1,     10.0000,      1.4081,     42.7193,    250.6431,     63.0773,      3.4953,      0.0000,     -0.0314,      5.5951,      0.1271,      5.6297,     11.2594,      1.1232,     29.0268,     58.0536,      0.0194,      0.0044,      0.0156,      0.2100,   7882.4551,-427723.3438,   -926.9460,    555.1386,  26274.8516,
       1,     169,     278,      23,       1,       3,       1,     10.0000,      1.4081,     42.7193,    250.6431,     63.0773,      3.4953,      0.0000,     -0.0315,      4.5694,      0.1293,      5.6297,     11.2594,      1.1428,     29.0268,     58.0536,      0.0194,      0.0036,      0.0156,      0.2100,   7882.4556,-427025.3438,   -926.7699,    555.1871,  26274.8535,
       1,     169,     278,      24,       1,       3,       1,     10.0000,      1.4081,     42.7193,    250.6431,     63.0773,      3.4953,      0.0000,     -0.0315,      3.3969,      0.1312,      5.6297,     11.2594,      1.1592,     29.0268,     58.0536,      0.0194,      0.0026,      0.0156,      0.2100,   7882.4565,-425723.4062,   -926.4775,    555.2775,  26274.8516,
       1,     169,     279,       1,       1,       3,       1,     10.0000,      1.4082,     42.7196,    250.6490,     63.0787,      3.4953,      0.0000,     -0.0316,      3.1838,      0.1332,      5.6288,     11.2577,      1.1771,     29.0313,     58.0627,      0.0194,      0.0025,      0.0156,      0.2100,   7882.4556,-424348.1250,   -926.4630,    555.3859,  26276.0254,
       1,     169,     279,       2,       1,       3,       1,     10.0000,      1.4082,     42.7196,    250.6490,     63.0787,      3.4953,      0.0000,     -0.0316,      2.8392,      0.1335,      5.6288,     11.2577,      1.1795,     29.0313,     58.0627,      0.0194,      0.0022,      0.0156,      0.2100,   7882.8081,-423822.0938,   -926.0560,    555.4224,  26276.0254,
       1,     169,     279,       3,       1,       3,       1,     10.0000,      1.4082,     42.7196,    250.6490,     63.0787,      3.4953,      0.0000,     -0.0316,      2.6184,      0.1337,      5.6288,     11.2577,      1.1819,     29.0313,     58.0627,      0.0194,      0.0020,      0.0156,      0.2100,   7882.8081,-423360.3125,   -925.9429,    555.4545,  26276.0273,
       1,     169,     279,       4,       1,       3,       1,     10.0000,      1.4082,     42.7196,    250.6490,     63.0787,      3.4953,      0.0000,     -0.0317,      2.5612,      0.1342,      5.6288,     11.2577,      1.1855,     29.0313,     58.0627,      0.0194,      0.0020,      0.0156,      0.2100,   7882.8086,-423053.9375,   -925.8610,    555.4758,  26276.0254,
       1,     169,     279,       5,       1,       3,       1,     10.0000,      1.4082,     42.7196,    250.6490,     63.0787,      3.4953,      0.0000,     -0.0317,      2.0864,      0.1342,      5.6288,     11.2577,      1.1855,     29.0313,     58.0627,      0.0194,      0.0016,      0.0156,      0.2100,   7882.8081,-422958.8750,   -925.8208,    555.4824,  26276.0234,
       1,     169,     279,       6,       1,       3,       1,     10.0000,      1.4082,     42.7196,    250.6490,     63.0787,      3.4953,      0.0000,     -0.0316,      1.8963,      0.1339,      5.6288,     11.2577,      1.1831,     29.0313,     58.0627,      0.0194,      0.0015,      0.0156,      0.2100,   7882.8071,-422376.0625,   -925.6902,    555.5228,  26276.0254,
       1,     169,     279,       7,       1,       3,       1,     10.0000,      1.4082,     42.7196,    250.6490,     63.0787,      3.4953,      0.0000,     -0.0318,      2.0761,      0.1370,      5.6288,     11.2577,      1.2110,     29.0313,     58.0627,      0.0194,      0.0016,      0.0156,      0.2100,   7882.8081,-422096.4062,   -925.6207,    555.5422,  26276.0254,
       1,     169,     279,       8,       1,       3,       1,     10.0000,      1.4082,     42.7196,    250.6490,     63.0787,      3.4953,      0.0114,     -0.0205,      2.3839,      0.1398,      5.6288,     11.2577,      1.2358,     29.0313,     58.0627,      0.0194,      0.0019,      0.0156,      0.2100,   7882.8081,-422290.6875,   -925.6438,    555.5288,  26276.0254,
       1,     169,     279,       9,       1,       3,       1,     10.0000,      1.4082,     42.7196,    250.6490,     63.0787,      3.4953,      0.0886,      0.0566,     18.3674,      0.1424,      5.6288,     11.2577,      1.2585,     29.0313,     58.0627,      0.0194,      0.0021,      0.1046,      0.2100,   7882.8081,-422679.8750,   -925.6987,    555.5017,  26276.0234,
       1,     169,     279,      10,       1,       3,       1,     10.0000,      1.4082,     42.7196,    250.6490,     63.0787,      3.4953,      0.1415,      0.1093,     33.8625,      0.1484,      5.6288,     11.2577,      1.3116,     29.0313,     58.0627,      0.0194,      0.0023,      0.1786,      0.2100,   7882.8071,-442076.4688,   -929.5625,    554.1549,  26276.0254,
       1,     169,     279,      11,       1,       3,       1,     10.0000,      1.4082,     42.7196,    250.6490,     63.0787,      3.4953,      0.1761,      0.1434,     44.9641,      0.1645,      5.6288,     11.2577,      1.4532,     29.0313,     58.0627,      0.0194,      0.0024,      0.2271,      0.2100,   7882.8081,-462488.6562,   -933.6784,    552.7426,  26276.0254,
       1,     169,     279,      12,       1,       3,       1,     10.0000,      1.4082,     42.7196,    250.6490,     63.0787,      3.4953,      0.1929,      0.1599,     57.1078,      0.1729,      5.6288,     11.2577,      1.5277,     29.0313,     58.0627,      0.0194,      0.0028,      0.2500,      0.2100,   7882.8081,-477663.3750,   -936.7892,    551.6959,  26276.0254,
       1,     169,     279,      13,       1,       3,       1,     10.0000,      1.4082,     42.7196,    250.6490,     63.0787,      3.4953,      0.1932,      0.1599,     60.5233,      0.1799,      5.6288,     11.2577,      1.5898,     29.0313,     58.0627,      0.0194,      0.0029,      0.2500,      0.2100,   7882.8081,-493661.0000,   -940.0505,    550.5937,  26276.0254,
       1,     169,     279,      14,       1,       3,       1,     10.0000,      1.4082,     42.7196,    250.6490,     63.0787,      3.4953,      0.1932,      0.1592,     64.0218,      0.2044,      5.6288,     11.2577,      1.8066,     29.0313,     58.0627,      0.0194,      0.0031,      0.2500,      0.2099,   7882.8081,-499146.7188,   -941.2402,    550.2172,  26276.0254,
       1,     169,     279,      15,       1,       3,       1,     10.0000,      1.4082,     42.7196,    250.6490,     63.0787,      3.4953,      0.1930,      0.1594,     59.1302,      0.1902,      5.6288,     11.2577,      1.6807,     29.0313,     58.0627,      0.0194,      0.0029,      0.2500,      0.2099,   7882.8081,-503848.8438,   -942.3207,    549.8939,  26276.0273,
       1,     169,     279,      16,       1,       3,       1,     10.0000,      1.4082,     42.7196,    250.6490,     63.0787,      3.4953,      0.1794,      0.1460,     65.4017,      0.1874,      5.6288,     11.2577,      1.6559,     29.0313,     58.0627,      0.0194,      0.0035,      0.2297,      0.2099,   7882.8086,-498309.7812,   -941.3223,    550.2748,  26276.0254,
       1,     169,     279,      17,       1,       3,       1,     10.0000,      1.4082,     42.7196,    250.6490,     63.0787,      3.4953,      0.1048,      0.0715,     39.7133,      0.1817,      5.6288,     11.2577,      1.6057,     29.0313,     58.0627,      0.0194,      0.0039,      0.1248,      0.2099,   7882.8081,-505452.2188,   -942.9332,    549.7836,  26276.0273,
       1,     169,     279,      18,       1,       3,       1,     10.0000,      1.4082,     42.7196,    250.6490,     63.0787,      3.4953,      0.0046,     -0.0282,      5.0793,      0.1666,      5.6288,     11.2577,      1.4722,     29.0313,     58.0627,      0.0194,      0.0040,      0.0156,      0.2099,   7882.8086,-474892.4062,   -936.9620,    551.8840,  26276.0234,
       1,     169,     279,      19,       1,       3,       1,     10.0000,      1.4082,     42.7196,    250.6490,     63.0787,      3.4953,      0.0017,     -0.0309,      6.6918,      0.1583,      5.6288,     11.2577,      1.3989,     29.0313,     58.0627,      0.0194,      0.0052,      0.0156,      0.2100,   7882.8071,-430353.4062,   -928.0327,    554.9606,  26276.0215,
       1,     169,     279,      20,       1,       3,       1,     10.0000,      1.4082,     42.7196,    250.6490,     63.0787,      3.4953,      0.0002,     -0.0320,      6.0918,      0.1496,      5.6288,     11.2577,      1.3223,     29.0313,     58.0627,      0.0194,      0.0047,      0.0156,      0.2100,   7882.8066,-428588.0312,   -927.6116,    555.0916,  26276.0234,
       1,     169,     279,      21,       1,       3,       1,     10.0000,      1.4082,     42.7196,    250.6490,     63.0787,      3.4953,      0.0000,     -0.0321,      5.8553,      0.1459,      5.6288,     11.2577,      1.2893,     29.0313,     58.0627,      0.0194,      0.0046,      0.0156,      0.2100,   7882.8071,-427702.0625,   -927.3771,    555.1531,  26276.0234,
       1,     169,     279,      22,       1,       3,       1,     10.0000,      1.4082,     42.7196,    250.6490,     63.0787,      3.4953,      0.0000,     -0.0320,      5.8870,      0.1442,      5.6288,     11.2577,      1.2738,     29.0313,     58.0627,      0.0194,      0.0046,      0.0156,      0.2100,   7882.8071,-427341.2500,   -927.2503,    555.1782,  26276.0234,
       1,     169,     279,      23,       1,       3,       1,     10.0000,      1.4082,     42.7196,    250.6490,     63.0787,      3.4953,      0.0000,     -0.0319,      5.1172,      0.1406,      5.6288,     11.2577,      1.2420,     29.0313,     58.0627,      0.0194,      0.0040,      0.0156,      0.2100,   7882.8071,-427349.0625,   -927.1974,    555.1776,  26276.0234,
       1,     169,     279,      24,       1,       3,       1,     10.0000,      1.4082,     42.7196,    250.6490,     63.0787,      3.4953,      0.0000,     -0.0319,      4.0695,      0.1417,      5.6288,     11.2577,      1.2521,     29.0313,     58.0627,      0.0194,      0.0032,      0.0156,      0.2100,   7882.8071,-426417.1875,   -926.9660,    555.2423,  26276.0234,
       1,     169,     280,       1,       1,       3,       1,     10.0000,      1.4082,     42.7200,    250.6549,     63.0803,      3.4953,      0.0000,     -0.0320,      3.3429,      0.1431,      5.6302,     11.2605,      1.2649,     29.0281,     58.0562,      0.0194,      0.0026,      0.0156,      0.2100,   7882.8071,-425224.0000,   -926.9773,    555.3383,  26277.1973,
       1,     169,     280,       2,       1,       3,       1,     10.0000,      1.4082,     42.7200,    250.6549,     63.0803,      3.4953,      0.0000,     -0.0320,      2.9476,      0.1433,      5.6302,     11.2605,      1.2661,     29.0281,     58.0562,      0.0194,      0.0023,      0.0156,      0.2100,   7883.1597,-424090.9375,   -926.4397,    555.4169,  26277.1953,
       1,     169,     280,       3,       1,       3,       1,     10.0000,      1.4082,     42.7200,    250.6549,     63.0803,      3.4953,      0.0000,     -0.0320,      2.8933,      0.1421,      5.6302,     11.2605,      1.2560,     29.0281,     58.0562,      0.0194,      0.0023,      0.0156,      0.2100,   7883.1587,-423517.1875,   -926.3001,    555.4567,  26277.1934,
       1,     169,     280,       4,       1,       3,       1,     10.0000,      1.4082,     42.7200,    250.6549,     63.0803,      3.4953,      0.0000,     -0.0319,      2.4427,      0.1403,      5.6302,     11.2605,      1.2395,     29.0281,     58.0562,      0.0194,      0.0019,      0.0156,      0.2100,   7883.1582,-423403.3750,   -926.2522,    555.4647,  26277.1953,
       1,     169,     280,       5,       1,       3,       1,     10.0000,      1.4082,     42.7200,    250.6549,     63.0803,      3.4953,      0.0000,     -0.0318,      2.2881,      0.1368,      5.6302,     11.2605,      1.2086,     29.0281,     58.0562,      0.0194,      0.0018,      0.0156,      0.2100,   7883.1587,-422847.6562,   -926.1202,    555.5032,  26277.1973,
       1,     169,     280,       6,       1,       3,       1,     10.0000,      1.4082,     42.7200,    250.6549,     63.0803,      3.4953,      0.0000,     -0.0316,      2.4143,      0.1321,      5.6302,     11.2605,      1.1676,     29.0281,     58.0562,      0.0194,      0.0019,      0.0156,      0.2100,   7883.1597,-422613.3750,   -926.0566,    555.5195,  26277.1953,
       1,     169,     280,       7,       1,       3,       1,     10.0000,      1.4082,     42.7200,    250.6549,     63.0803,      3.4953,      0.0000,     -0.0315,      2.3122,      0.1289,      5.6302,     11.2605,      1.1394,     29.0281,     58.0562,      0.0194,      0.0018,      0.0156,      0.2100,   7883.1587,-422747.0000,   -926.0677,    555.5102,  26277.1953,
       1,     169,     280,       8,       1,       3,       1,     10.0000,      1.4082,     42.7200,    250.6549,     63.0803,      3.4953,      0.0074,     -0.0241,      2.1272,      0.1315,      5.6302,     11.2605,      1.1616,     29.0281,     58.0562,      0.0194,      0.0017,      0.0156,      0.2100,   7883.1587,-422634.5625,   -926.0331,    555.5181,  26277.1934,
       1,     169,     280,       9,       1,       3,       1,     10.0000,      1.4082,     42.7200,    250.6549,     63.0803,      3.4953,      0.0726,      0.0407,     10.5420,      0.1408,      5.6302,     11.2605,      1.2446,     29.0281,     58.0562,      0.0194,      0.0016,      0.0827,      0.2100,   7883.1582,-422401.0625,   -925.9696,    555.5342,  26277.1973,
       1,     169,     280,      10,       1,       3,       1,     10.0000,      1.4082,     42.7200,    250.6549,     63.0803,      3.4953,      0.1198,      0.0873,     17.4285,      0.1583,      5.6302,     11.2605,      1.3989,     29.0281,     58.0562,      0.0194,      0.0014,      0.1493,      0.2100,   7883.1597,-432573.9062,   -928.0078,    554.8279,  26277.1953,
       1,     169,     280,      11,       1,       3,       1,     10.0000,      1.4082,     42.7200,    250.6549,     63.0803,      3.4953,      0.1648,      0.1314,     20.4521,      0.1833,      5.6302,     11.2605,      1.6202,     29.0281,     58.0562,      0.0194,      0.0012,      0.2136,      0.2100,   7883.1587,-441774.0000,   -929.8672,    554.1902,  26277.1934,
       1,     169,     280,      12,       1,       3,       1,     10.0000,      1.4082,     42.7200,    250.6549,     63.0803,      3.4953,      0.1042,      0.0700,     11.2348,      0.2123,      5.6302,     11.2605,      1.8756,     29.0281,     58.0562,      0.0194,      0.0011,      0.1268,      0.2100,   7883.1582,-446211.5000,   -930.7432,    553.8831,  26277.1953,
       1,     169,     280,      13,       1,       3,       1,     10.0000,      1.4082,     42.7200,    250.6549,     63.0803,      3.4953,      0.0972,      0.0625,     12.3857,      0.2303,      5.6302,     11.2605,      2.0348,     29.0281,     58.0562,      0.0194,      0.0013,      0.1162,      0.2100,   7883.1587,-435415.1875,   -928.5823,    554.6307,  26277.1953,
       1,     169,     280,      14,       1,       3,       1,     10.0000,      1.4082,     42.7200,    250.6549,     63.0803,      3.4953,      0.1107,      0.0755,     19.1972,      0.2492,      5.6302,     11.2605,      2.2022,     29.0281,     58.0562,      0.0194,      0.0017,      0.1349,      0.2100,   7883.1587,-435903.6250,   -928.6855,    554.5974,  26277.1934,
       1,     169,     280,      15,       1,       3,       1,     10.0000,      1.4082,     42.7200,    250.6549,     63.0803,      3.4953,      0.1756,      0.1405,     50.4995,      0.2439,      5.6302,     11.2605,      2.1555,     29.0281,     58.0562,      0.0194,      0.0027,      0.2262,      0.2100,   7883.1582,-444196.8438,   -930.3713,    554.0225,  26277.1953,
       1,     169,     280,      16,       1,       3,       1,     10.0000,      1.4082,     42.7200,    250.6549,     63.0803,      3.4953,      0.1848,      0.1499,     79.6038,      0.2374,      5.6302,     11.2605,      2.0974,     29.0281,     58.0562,      0.0194,      0.0041,      0.2363,      0.2100,   7883.1587,-482823.0938,   -938.1944,    551.3478,  26277.1934,
       1,     169,     280,      17,       1,       3,       1,     10.0000,      1.4082,     42.7200,    250.6549,     63.0803,      3.4953,      0.1588,      0.1236,    100.8122,      0.2468,      5.6302,     11.2605,      2.1809,     29.0281,     58.0562,      0.0194,      0.0063,      0.1960,      0.2100,   7883.1582,-521370.3438,   -946.1214,    548.6976,  26277.1953,
       1,     169,     280,      18,       1,       3,       1,     10.0000,      1.4082,     42.7200,    250.6549,     63.0803,      3.4953,      0.0282,     -0.0071,      9.8519,      0.2522,      5.6302,     11.2605,      2.2281,     29.0281,     58.0562,      0.0194,      0.0078,      0.0154,      0.2099,   7883.1587,-550341.3125,   -952.2866,    546.7169,  26277.1973,
       1,     169,     280,      19,       1,       3,       1,     10.0000,      1.4082,     42.7200,    250.6549,     63.0803,      3.4953,      0.0092,     -0.0254,     11.4207,      0.2236,      5.6302,     11.2605,      1.9758,     29.0281,     58.0562,      0.0194,      0.0089,      0.0156,      0.2099,   7883.1597,-442374.0938,   -930.5177,    554.0989,  26277.1953,
       1,     169,     280,      20,       1,       3,       1,     10.0000,      1.4082,     42.7200,    250.6549,     63.0803,      3.4953,      0.0007,     -0.0326,     10.4763,      0.1812,      5.6302,     11.2605,      1.6009,     29.0281,     58.0562,      0.0194,      0.0082,      0.0156,      0.2100,   7883.1587,-435379.1250,   -929.0234,    554.6334,  26277.1953,
       1,     169,     280,      21,       1,       3,       1,     10.0000,      1.4082,     42.7200,    250.6549,     63.0803,      3.4953,      0.0000,     -0.0331,      9.3456,      0.1765,      5.6302,     11.2605,      1.5600,     29.0281,     58.0562,      0.0194,      0.0073,      0.0156,      0.2100,   7883.1587,-433587.0625,   -928.5958,    554.7580,  26277.1953,
       1,     169,     280,      22,       1,       3,       1,     10.0000,      1.4082,     42.7200,    250.6549,     63.0803,      3.4953,      0.0000,     -0.0328,      9.0510,      0.1663,      5.6302,     11.2605,      1.4693,     29.0281,     58.0562,      0.0194,      0.0071,      0.0156,      0.2100,   7883.1587,-432066.2812,   -928.2205,    554.8635,  26277.1934,
       1,     169,     280,      23,       1,       3,       1,     10.0000,      1.4082,     42.7200,    250.6549,     63.0803,      3.4953,      0.0000,     -0.0324,      8.8931,      0.1552,      5.6302,     11.2605,      1.3711,     29.0281,     58.0562,      0.0194,      0.0069,      0.0156,      0.2100,   7883.1582,-431581.7188,   -928.0823,    554.8971,  26277.1914,
       1,     169,     280,      24,       1,       3,       1,     10.0000,      1.4082,     42.7200,    250.6549,     63.0803,      3.4953,      0.0000,     -0.0321,      9.7469,      0.1449,      5.6302,     11.2605,      1.2803,     29.0281,     58.0562,      0.0194,      0.0076,      0.0156,      0.2100,   7883.1577,-431349.8750,   -927.9603,    554.9131,  26277.1934,
       1,     169,     281,       1,       1,       3,       1,     10.0000,      1.4082,     42.7203,    250.6608,     63.0817,      3.4953,      0.0000,     -0.0318,      9.5271,      0.1394,      5.6303,     11.2605,      1.2321,     29.0182,     58.0364,      0.0194,      0.0074,      0.0156,      0.2100,   7883.1582,-432517.8438,   -928.3989,    554.8453,  26278.3633,
       1,     169,     281,       2,       1,       3,       1,     10.0000,      1.4082,     42.7203,    250.6608,     63.0817,      3.4953,      0.0000,     -0.0317,      4.9467,      0.1366,      5.6303,     11.2605,      1.2074,     29.0182,     58.0364,      0.0194,      0.0039,      0.0156,      0.2100,   7883.5093,-432198.0625,   -927.9825,    554.8675,  26278.3633,
       1,     169,     281,       3,       1,       3,       1,     10.0000,      1.4082,     42.7203,    250.6608,     63.0817,      3.4953,      0.0000,     -0.0317,      2.9632,      0.1355,      5.6303,     11.2605,      1.1976,     29.0182,     58.0364,      0.0194,      0.0023,      0.0156,      0.2100,   7883.5093,-426622.8125,   -926.8274,    555.2542,  26278.3633,
       1,     169,     281,       4,       1,       3,       1,     10.0000,      1.4082,     42.7203,    250.6608,     63.0817,      3.4953,      0.0000,     -0.0316,      1.7217,      0.1339,      5.6303,     11.2605,      1.1831,     29.0182,     58.0364,      0.0194,      0.0013,      0.0156,      0.2101,   7883.5093,-423751.8750,   -926.2251,    555.4537,  26278.3652,
       1,     169,     281,       5,       1,       3,       1,     10.0000,      1.4082,     42.7203,    250.6608,     63.0817,      3.4953,      0.0000,     -0.0314,      1.5683,      0.1282,      5.6303,     11.2605,      1.1325,     29.0182,     58.0364,      0.0194,      0.0012,      0.0156,      0.2101,   7883.5098,-422006.1562,   -925.8624,    555.5748,  26278.3652,
       1,     169,     281,       6,       1,       3,       1,     10.0000,      1.4082,     42.7203,    250.6608,     63.0817,      3.4953,      0.0000,     -0.0315,      2.0335,      0.1305,      5.6303,     11.2605,      1.1534,     29.0182,     58.0364,      0.0194,      0.0016,      0.0156,      0.2101,   7883.5098,-421673.5938,   -925.7907,    555.5980,  26278.3652,
       1,     169,     281,       7,       1,       3,       1,     10.0000,      1.4082,     42.7203,    250.6608,     63.0817,      3.4953,      0.0000,     -0.0315,      1.1878,      0.1309,      5.6303,     11.2605,      1.1570,     29.0182,     58.0364,      0.0194,      0.0009,      0.0156,      0.2101,   7883.5098,-422209.0938,   -925.8860,    555.5608,  26278.3633,
       1,     169,     281,       8,       1,       3,       1,     10.0000,      1.4082,     42.7203,    250.6608,     63.0817,      3.4953,      0.0079,     -0.0236,      0.9209,      0.1286,      5.6303,     11.2605,      1.1360,     29.0182,     58.0364,      0.0194,      0.0007,      0.0156,      0.2101,   7883.5093,-421230.1562,   -925.6804,    555.6288,  26278.3633,
       1,     169,     281,       9,       1,       3,       1,     10.0000,      1.4082,     42.7203,    250.6608,     63.0817,      3.4953,      0.0984,      0.0657,     15.0174,      0.1636,      5.6303,     11.2605,      1.4460,     29.0182,     58.0364,      0.0194,      0.0015,      0.1187,      0.2101,   7883.5093,-420824.5938,   -925.5918,    555.6570,  26278.3633,
       1,     169,     281,      10,       1,       3,       1,     10.0000,      1.4082,     42.7203,    250.6608,     63.0817,      3.4953,      0.1897,      0.1562,     17.0743,      0.1874,      5.6303,     11.2605,      1.6560,     29.0182,     58.0364,      0.0194,      0.0008,      0.2500,      0.2101,   7883.5093,-437863.4375,   -929.0585,    554.4735,  26278.3613,
       1,     169,     281,      11,       1,       3,       1,     10.0000,      1.4082,     42.7203,    250.6608,     63.0817,      3.4953,      0.1889,      0.1548,      8.8890,      0.2089,      5.6303,     11.2605,      1.8463,     29.0182,     58.0364,      0.0194,      0.0004,      0.2500,      0.2100,   7883.5088,-441791.7812,   -929.7694,    554.2025,  26278.3633,
       1,     169,     281,      12,       1,       3,       1,     10.0000,      1.4082,     42.7203,    250.6608,     63.0817,      3.4953,      0.1848,      0.1503,      8.9732,      0.2219,      5.6303,     11.2605,      1.9604,     29.0182,     58.0364,      0.0194,      0.0004,      0.2441,      0.2100,   7883.5093,-432203.8125,   -927.6766,    554.8668,  26278.3613,
       1,     169,     281,      13,       1,       3,       1,     10.0000,      1.4082,     42.7203,    250.6608,     63.0817,      3.4953,      0.1531,      0.1184,      8.0852,      0.2303,      5.6303,     11.2605,      2.0348,     29.0182,     58.0364,      0.0194,      0.0005,      0.1982,      0.2100,   7883.5088,-431501.2500,   -927.4152,    554.9159,  26278.3633,
       1,     169,     281,      14,       1,       3,       1,     10.0000,      1.4082,     42.7203,    250.6608,     63.0817,      3.4953,      0.1711,      0.1362,     50.5411,      0.2355,      5.6303,     11.2605,      2.0811,     29.0182,     58.0364,      0.0194,      0.0028,      0.2196,      0.2100,   7883.5093,-430365.9688,   -927.1348,    554.9946,  26278.3633,
       1,     169,     281,      15,       1,       3,       1,     10.0000,      1.4082,     42.7203,    250.6608,     63.0817,      3.4953,      0.1676,      0.1333,     65.7200,      0.2180,      5.6303,     11.2605,      1.9261,     29.0182,     58.0364,      0.0194,      0.0038,      0.2127,      0.2100,   7883.5093,-481697.7188,   -937.6570,    551.4335,  26278.3633,
       1,     169,     281,      16,       1,       3,       1,     10.0000,      1.4082,     42.7203,    250.6608,     63.0817,      3.4953,      0.1049,      0.0701,     51.0890,      0.2348,      5.6303,     11.2605,      2.0750,     29.0182,     58.0364,      0.0194,      0.0051,      0.1230,      0.2100,   7883.5093,-504442.4062,   -942.4717,    549.8771,  26278.3633,
       1,     169,     281,      17,       1,       3,       1,     10.0000,      1.4082,     42.7203,    250.6608,     63.0817,      3.4953,      0.1447,      0.1101,     84.3538,      0.2247,      5.6303,     11.2605,      1.9856,     29.0182,     58.0364,      0.0194,      0.0058,      0.1773,      0.2100,   7883.5093,-488599.5000,   -939.4359,    550.9683,  26278.3633,
       1,     169,     281,      18,       1,       3,       1,     10.0000,      1.4082,     42.7203,    250.6608,     63.0817,      3.4953,      0.1259,      0.0919,     75.1582,      0.2075,      5.6303,     11.2605,      1.8336,     29.0182,     58.0364,      0.0194,      0.0060,      0.1511,      0.2100,   7883.5093,-527601.1875,   -947.6495,    548.2833,  26278.3613,
       1,     169,     281,      19,       1,       3,       1,     10.0000,      1.4082,     42.7203,    250.6608,     63.0817,      3.4953,      0.0565,      0.0227,     28.6415,      0.1975,      5.6303,     11.2605,      1.7453,     29.0182,     58.0364,      0.0194,      0.0062,      0.0559,      0.2099,   7883.5088,-519733.5938,   -946.3401,    548.8290,  26278.3633,
       1,     169,     281,      20,       1,       3,       1,     10.0000,      1.4082,     42.7203,    250.6608,     63.0817,      3.4953,      0.0023,     -0.0311,      5.3237,      0.1841,      5.6303,     11.2605,      1.6267,     29.0182,     58.0364,      0.0194,      0.0042,      0.0156,      0.2100,   7883.5093,-462645.2500,   -934.8075,    552.7457,  26278.3652,
       1,     169,     281,      21,       1,       3,       1,     10.0000,      1.4082,     42.7203,    250.6608,     63.0817,      3.4953,      0.0000,     -0.0332,      6.8583,      0.1781,      5.6303,     11.2605,      1.5741,     29.0182,     58.0364,      0.0194,      0.0053,      0.0156,      0.2100,   7883.5098,-429644.7188,   -928.0568,    555.0399,  26278.3594,
       1,     169,     281,      22,       1,       3,       1,     10.0000,      1.4082,     42.7203,    250.6608,     63.0817,      3.4953,      0.0000,     -0.0331,      6.4555,      0.1760,      5.6303,     11.2605,      1.5554,     29.0182,     58.0364,      0.0194,      0.0050,      0.0156,      0.2101,   7883.5083,-428729.8125,   -927.8342,    555.1082,  26278.3613,
       1,     169,     281,      23,       1,       3,       1,     10.0000,      1.4082,     42.7203,    250.6608,     63.0817,      3.4953,      0.0000,     -0.0328,      5.6098,      0.1658,      5.6303,     11.2605,      1.4649,     29.0182,     58.0364,      0.0194,      0.0044,      0.0156,      0.2101,   7883.5088,-428159.0938,   -927.6816,    555.1478,  26278.3613,
       1,     169,     281,      24,       1,       3,       1,     10.0000,      1.4082,     42.7203,    250.6608,     63.0817,      3.4953,      0.0000,     -0.0324,      4.1973,      0.1541,      5.6303,     11.2605,      1.3615,     29.0182,     58.0364,      0.0194,      0.0033,      0.0156,      0.2101,   7883.5088,-427086.6562,   -927.4362,    555.2221,  26278.3613,
       1,     169,     282,       1,       1,       3,       1,     10.0000,      1.4082,     42.7206,    250.6667,     63.0832,      3.4953,      0.0000,     -0.0321,      3.4994,      0.1474,      5.6299,     11.2597,      1.3025,     29.0173,     58.0346,      0.0194,      0.0027,      0.0156,      0.2101,   7883.5088,-425440.2188,   -927.3662,    555.3494,  26279.5352,
       1,     169,     282,       2,       1,       3,       1,     10.0000,      1.4082,     42.7206,    250.6667,     63.0832,      3.4953,      0.0000,     -0.0321,      2.9000,      0.1468,      5.6299,     11.2597,      1.2973,     29.0173,     58.0346,      0.0194,      0.0023,      0.0156,      0.2101,   7883.8608,-424304.3125,   -926.8251,    555.4282,  26279.5352,
       1,     169,     282,       3,       1,       3,       1,     10.0000,      1.4082,     42.7206,    250.6667,     63.0832,      3.4953,      0.0000,     -0.0320,      2.5547,      0.1430,      5.6299,     11.2597,      1.2637,     29.0173,     58.0346,      0.0194,      0.0020,      0.0156,      0.2101,   7883.8608,-423482.9688,   -926.6407,    555.4853,  26279.5352,
       1,     169,     282,       4,       1,       3,       1,     10.0000,      1.4082,     42.7206,    250.6667,     63.0832,      3.4953,      0.0000,     -0.0321,      1.6522,      0.1453,      5.6299,     11.2597,      1.2842,     29.0173,     58.0346,      0.0194,      0.0013,      0.0156,      0.2101,   7883.8608,-422995.6875,   -926.5285,    555.5192,  26279.5352,
       1,     169,     282,       5,       1,       3,       1,     10.0000,      1.4082,     42.7206,    250.6667,     63.0832,      3.4953,      0.0000,     -0.0319,      0.7912,      0.1410,      5.6299,     11.2597,      1.2459,     29.0173,     58.0346,      0.0194,      0.0006,      0.0156,      0.2101,   7883.8608,-421861.7812,   -926.2880,    555.5979,  26279.5332,
       1,     169,     282,       6,       1,       3,       1,     10.0000,      1.4082,     42.7206,    250.6667,     63.0832,      3.4953,      0.0000,     -0.0317,      0.7845,      0.1347,      5.6299,     11.2597,      1.1904,     29.0173,     58.0346,      0.0194,      0.0006,      0.0156,      0.2101,   7883.8604,-420723.8750,   -926.0522,    555.6769,  26279.5352,
       1,     169,     282,       7,       1,       3,       1,     10.0000,      1.4082,     42.7206,    250.6667,     63.0832,      3.4953,      0.0000,     -0.0314,      0.6569,      0.1273,      5.6299,     11.2597,      1.1245,     29.0173,     58.0346,      0.0194,      0.0005,      0.0156,      0.2101,   7883.8608,-420619.8750,   -926.0282,    555.6842,  26279.5371,
       1,     169,     282,       8,       1,       3,       1,     10.0000,      1.4082,     42.7206,    250.6667,     63.0832,      3.4953,      0.0038,     -0.0277,      0.9380,      0.1299,      5.6299,     11.2597,      1.1476,     29.0173,     58.0346,      0.0194,      0.0007,      0.0156,      0.2101,   7883.8613,-420456.1562,   -925.9927,    555.6956,  26279.5352,
       1,     169,     282,       9,       1,       3,       1,     10.0000,      1.4082,     42.7206,    250.6667,     63.0832,      3.4953,      0.0377,      0.0054,      1.1972,      0.1503,      5.6299,     11.2597,      1.3277,     29.0173,     58.0346,      0.0194,      0.0004,      0.0334,      0.2101,   7883.8608,-420783.0625,   -926.0568,    555.6727,  26279.5352,
       1,     169,     282,      10,       1,       3,       1,     10.0000,      1.4082,     42.7206,    250.6667,     63.0832,      3.4953,      0.1488,      0.1156,     19.5771,      0.1780,      5.6299,     11.2597,      1.5726,     29.0173,     58.0346,      0.0194,      0.0012,      0.1907,      0.2101,   7883.8608,-421124.6562,   -926.1179,    555.6490,  26279.5352,
       1,     169,     282,      11,       1,       3,       1,     10.0000,      1.4082,     42.7206,    250.6667,     63.0832,      3.4953,      0.1769,      0.1428,     23.0892,      0.2073,      5.6299,     11.2597,      1.8318,     29.0173,     58.0346,      0.0194,      0.0012,      0.2309,      0.2101,   7883.8608,-443411.6875,   -930.6925,    554.1011,  26279.5352,
       1,     169,     282,      12,       1,       3,       1,     10.0000,      1.4082,     42.7206,    250.6667,     63.0832,      3.4953,      0.1897,      0.1553,     20.7264,      0.2214,      5.6299,     11.2597,      1.9566,     29.0173,     58.0346,      0.0194,      0.0010,      0.2500,      0.2101,   7883.8608,-449545.9062,   -931.9417,    553.6784,  26279.5352,
       1,     169,     282,      13,       1,       3,       1,     10.0000,      1.4082,     42.7206,    250.6667,     63.0832,      3.4953,      0.1799,      0.1451,     33.6033,      0.2358,      5.6299,     11.2597,      2.0832,     29.0173,     58.0346,      0.0194,      0.0017,      0.2344,      0.2101,   7883.8608,-447196.4688,   -931.4227,    553.8412,  26279.5352,
       1,     169,     282,      14,       1,       3,       1,     10.0000,      1.4082,     42.7206,    250.6667,     63.0832,      3.4953,      0.1802,      0.1454,     46.1953,      0.2310,      5.6299,     11.2597,      2.0409,     29.0173,     58.0346,      0.0194,      0.0024,      0.2332,      0.2101,   7883.8608,-462598.8750,   -934.6053,    552.7748,  26279.5332,
       1,     169,     282,      15,       1,       3,       1,     10.0000,      1.4082,     42.7206,    250.6667,     63.0832,      3.4953,      0.1867,      0.1527,     74.8680,      0.2041,      5.6299,     11.2597,      1.8032,     29.0173,     58.0346,      0.0194,      0.0038,      0.2392,      0.2100,   7883.8604,-479153.4688,   -938.1073,    551.6320,  26279.5352,
       1,     169,     282,      16,       1,       3,       1,     10.0000,      1.4082,     42.7206,    250.6667,     63.0832,      3.4953,      0.1034,      0.0720,     39.3944,      0.1292,      5.6299,     11.2597,      1.1418,     29.0173,     58.0346,      0.0194,      0.0039,      0.1237,      0.2100,   7883.8608,-515296.6875,   -945.7368,    549.1411,  26279.5371,
       1,     169,     282,      17,       1,       3,       1,     10.0000,      1.4082,     42.7206,    250.6667,     63.0832,      3.4953,      0.1462,      0.1152,     59.0393,      0.1201,      5.6299,     11.2597,      1.0610,     29.0173,     58.0346,      0.0194,      0.0039,      0.1826,      0.2100,   7883.8613,-475322.0938,   -938.1625,    551.8905,  26279.5352,
       1,     169,     282,      18,       1,       3,       1,     10.0000,      1.4082,     42.7206,    250.6667,     63.0832,      3.4953,      0.1707,      0.1395,     79.5122,      0.1220,      5.6299,     11.2597,      1.0784,     29.0173,     58.0346,      0.0194,      0.0045,      0.2151,      0.2100,   7883.8608,-495796.3438,   -942.5534,    550.4850,  26279.5352,
       1,     169,     282,      19,       1,       3,       1,     10.0000,      1.4082,     42.7206,    250.6667,     63.0832,      3.4953,      0.1004,      0.0692,     42.2163,      0.1224,      5.6299,     11.2597,      1.0818,     29.0173,     58.0346,      0.0194,      0.0043,      0.1192,      0.2100,   7883.8608,-522330.2188,   -948.7248,    548.6610,  26279.5352,
       1,     169,     282,      20,       1,       3,       1,     10.0000,      1.4082,     42.7206,    250.6667,     63.0832,      3.4953,      0.0050,     -0.0261,      4.5031,      0.1208,      5.6299,     11.2597,      1.0675,     29.0173,     58.0346,      0.0194,      0.0035,      0.0156,      0.2100,   7883.8608,-479326.0938,   -940.0729,    551.6133,  26279.5352,
       1,     169,     282,      21,       1,       3,       1,     10.0000,      1.4082,     42.7206,    250.6667,     63.0832,      3.4953,      0.0000,     -0.0311,      2.1524,      0.1203,      5.6299,     11.2597,      1.0631,     29.0173,     58.0346,      0.0194,      0.0017,      0.0156,      0.2100,   7883.8608,-430034.3750,   -929.9434,    555.0201,  26279.5332,
       1,     169,     282,      22,       1,       3,       1,     10.0000,      1.4082,     42.7206,    250.6667,     63.0832,      3.4953,      0.0000,     -0.0310,      1.3502,      0.1185,      5.6299,     11.2597,      1.0469,     29.0173,     58.0346,      0.0194,      0.0011,      0.0156,      0.2101,   7883.8604,-423071.9062,   -928.4952,    555.5136,  26279.5332,
       1,     169,     282,      23,       1,       3,       1,     10.0000,      1.4082,     42.7206,    250.6667,     63.0832,      3.4953,      0.0000,     -0.0312,      1.0050,      0.1232,      5.6299,     11.2597,      1.0884,     29.0173,     58.0346,      0.0194,      0.0008,      0.0156,      0.2101,   7883.8604,-421502.8750,   -928.1649,    555.6227,  26279.5332,
       1,     169,     282,      24,       1,       3,       1,     10.0000,      1.4082,     42.7206,    250.6667,     63.0832,      3.4953,      0.0000,     -0.0313,      0.7927,      0.1258,      5.6299,     11.2597,      1.1120,     29.0173,     58.0346,      0.0194,      0.0006,      0.0156,      0.2101,   7883.8604,-420952.7188,   -928.0476,    555.6610,  26279.5332,
       1,     169,     283,       1,       1,       3,       1,     10.0000,      1.4082,     42.7210,    250.6726,     63.0847,      3.4953,      0.0000,     -0.0314,      0.6372,      0.1266,      5.6302,     11.2605,      1.1188,     29.0178,     58.0356,      0.0194,      0.0005,      0.0156,      0.2101,   7883.8604,-420803.8438,   -928.3055,    555.6846,  26280.7031,
       1,     169,     283,       2,       1,       3,       1,     10.0000,      1.4082,     42.7210,    250.6726,     63.0847,      3.4953,      0.0000,     -0.0313,      0.6717,      0.1262,      5.6302,     11.2605,      1.1154,     29.0178,     58.0356,      0.0194,      0.0005,      0.0156,      0.2101,   7884.2114,-420451.1875,   -927.9418,    555.7090,  26280.7031,
       1,     169,     283,       3,       1,       3,       1,     10.0000,      1.4082,     42.7210,    250.6726,     63.0847,      3.4953,      0.0000,     -0.0313,      0.9272,      0.1262,      5.6302,     11.2605,      1.1154,     29.0178,     58.0356,      0.0194,      0.0007,      0.0156,      0.2101,   7884.2114,-420463.3125,   -927.9436,    555.7081,  26280.7031,
       1,     169,     283,       4,       1,       3,       1,     10.0000,      1.4082,     42.7210,    250.6726,     63.0847,      3.4953,      0.0000,     -0.0313,      0.4987,      0.1244,      5.6302,     11.2605,      1.0996,     29.0178,     58.0356,      0.0194,      0.0004,      0.0156,      0.2101,   7884.2114,-420773.9375,   -928.0045,    555.6866,  26280.7051,
       1,     169,     283,       5,       1,       3,       1,     10.0000,      1.4082,     42.7210,    250.6726,     63.0847,      3.4953,      0.0000,     -0.0311,      0.3111,      0.1198,      5.6302,     11.2605,      1.0588,     29.0178,     58.0356,      0.0194,      0.0002,      0.0156,      0.2101,   7884.2119,-420280.7188,   -927.9006,    555.7209,  26280.7012,
       1,     169,     283,       6,       1,       3,       1,     10.0000,      1.4082,     42.7210,    250.6726,     63.0847,      3.4953,      0.0000,     -0.0310,      0.3203,      0.1190,      5.6302,     11.2605,      1.0513,     29.0178,     58.0356,      0.0194,      0.0002,      0.0156,      0.2101,   7884.2104,-420012.5938,   -927.8472,    555.7395,  26280.7031,
       1,     169,     283,       7,       1,       3,       1,     10.0000,      1.4082,     42.7210,    250.6726,     63.0847,      3.4953,      0.0000,     -0.0310,      0.4747,      0.1173,      5.6302,     11.2605,      1.0363,     29.0178,     58.0356,      0.0194,      0.0004,      0.0156,      0.2101,   7884.2114,-420001.0312,   -927.8445,    555.7403,  26280.7012,
       1,     169,     283,       8,       1,       3,       1,     10.0000,      1.4082,     42.7210,    250.6726,     63.0847,      3.4953,      0.0085,     -0.0225,      0.3264,      0.1179,      5.6302,     11.2605,      1.0416,     29.0178,     58.0356,      0.0194,      0.0003,      0.0156,      0.2101,   7884.2104,-420187.2500,   -927.8828,    555.7274,  26280.7031,
       1,     169,     283,       9,       1,       3,       1,     10.0000,      1.4082,     42.7210,    250.6726,     63.0847,      3.4953,      0.0895,      0.0584,      2.4135,      0.1219,      5.6302,     11.2605,      1.0774,     29.0178,     58.0356,      0.0194,      0.0003,      0.1083,      0.2101,   7884.2114,-420023.1875,   -927.8477,    555.7388,  26280.7031,
       1,     169,     283,      10,       1,       3,       1,     10.0000,      1.4082,     42.7210,    250.6726,     63.0847,      3.4953,      0.1135,      0.0820,      3.2878,      0.1287,      5.6302,     11.2605,      1.1372,     29.0178,     58.0356,      0.0194,      0.0003,      0.1422,      0.2101,   7884.2114,-422536.4375,   -928.3605,    555.5642,  26280.7031,
       1,     169,     283,      11,       1,       3,       1,     10.0000,      1.4082,     42.7210,    250.6726,     63.0847,      3.4953,      0.1073,      0.0753,      3.2319,      0.1452,      5.6302,     11.2605,      1.2830,     29.0178,     58.0356,      0.0194,      0.0003,      0.1331,      0.2101,   7884.2114,-423806.6250,   -928.6115,    555.4760,  26280.7031,
       1,     169,     283,      12,       1,       3,       1,     10.0000,      1.4082,     42.7210,    250.6726,     63.0847,      3.4953,      0.1310,      0.0983,      4.3234,      0.1636,      5.6302,     11.2605,      1.4461,     29.0178,     58.0356,      0.0194,      0.0003,      0.1668,      0.2101,   7884.2114,-423845.6875,   -928.6019,    555.4733,  26280.7031,
       1,     169,     283,      13,       1,       3,       1,     10.0000,      1.4082,     42.7210,    250.6726,     63.0847,      3.4953,      0.1579,      0.1237,      7.3017,      0.2102,      5.6302,     11.2605,      1.8573,     29.0178,     58.0356,      0.0194,      0.0004,      0.2052,      0.2101,   7884.2114,-425170.7188,   -928.8552,    555.3813,  26280.7051,
       1,     169,     283,      14,       1,       3,       1,     10.0000,      1.4082,     42.7210,    250.6726,     63.0847,      3.4953,      0.1547,      0.1198,     10.5724,      0.2367,      5.6302,     11.2605,      2.0914,     29.0178,     58.0356,      0.0194,      0.0006,      0.2003,      0.2101,   7884.2119,-428888.3438,   -929.5875,    555.1232,  26280.7031,
       1,     169,     283,      15,       1,       3,       1,     10.0000,      1.4082,     42.7210,    250.6726,     63.0847,      3.4953,      0.1521,      0.1176,     13.7553,      0.2227,      5.6302,     11.2605,      1.9682,     29.0178,     58.0356,      0.0194,      0.0009,      0.1961,      0.2101,   7884.2114,-433162.2500,   -930.9008,    554.8267,  26280.7031,
       1,     169,     283,      16,       1,       3,       1,     10.0000,      1.4082,     42.7210,    250.6726,     63.0847,      3.4953,      0.1516,      0.1166,     28.8440,      0.2406,      5.6302,     11.2605,      2.1264,     29.0178,     58.0356,      0.0194,      0.0018,      0.1936,      0.2101,   7884.2114,-437376.3750,   -931.7596,    554.5345,  26280.7012,
       1,     169,     283,      17,       1,       3,       1,     10.0000,      1.4082,     42.7210,    250.6726,     63.0847,      3.4953,      0.0777,      0.0433,     18.8062,      0.2206,      5.6302,     11.2605,      1.9490,     29.0178,     58.0356,      0.0194,      0.0026,      0.0873,      0.2101,   7884.2104,-456005.5625,   -935.6374,    553.2433,  26280.7031,
       1,     169,     283,      18,       1,       3,       1,     10.0000,      1.4082,     42.7210,    250.6726,     63.0847,      3.4953,      0.0730,      0.0395,     31.7537,      0.1893,      5.6302,     11.2605,      1.6726,     29.0178,     58.0356,      0.0194,      0.0048,      0.0796,      0.2101,   7884.2114,-445413.5625,   -933.4937,    553.9773,  26280.7031,
       1,     169,     283,      19,       1,       3,       1,     10.0000,      1.4082,     42.7210,    250.6726,     63.0847,      3.4953,      0.0164,     -0.0168,      1.0427,      0.1780,      5.6302,     11.2605,      1.5726,     29.0178,     58.0356,      0.0194,      0.0074,      0.0017,      0.2101,   7884.2114,-460207.1875,   -936.5959,    552.9534,  26280.7031,
       1,     169,     283,      20,       1,       3,       1,     10.0000,      1.4082,     42.7210,    250.6726,     63.0847,      3.4953,      0.0011,     -0.0318,      8.2128,      0.1691,      5.6302,     11.2605,      1.4946,     29.0178,     58.0356,      0.0194,      0.0064,      0.0156,      0.2101,   7884.2114,-424243.3750,   -929.1136,    555.4401,  26280.7031,
       1,     169,     283,      21,       1,       3,       1,     10.0000,      1.4082,     42.7210,    250.6726,     63.0847,      3.4953,      0.0000,     -0.0325,     10.4206,      0.1585,      5.6302,     11.2605,      1.4004,     29.0178,     58.0356,      0.0194,      0.0081,      0.0156,      0.2101,   7884.2114,-429920.7188,   -930.2466,    555.0515,  26280.7031,
       1,     169,     283,      22,       1,       3,       1,     10.0000,      1.4082,     42.7210,    250.6726,     63.0847,      3.4953,      0.0000,     -0.0323,      7.0751,      0.1515,      5.6302,     11.2605,      1.3385,     29.0178,     58.0356,      0.0194,      0.0055,      0.0156,      0.2101,   7884.2114,-433065.2812,   -930.8586,    554.8334,  26280.7031,
       1,     169,     283,      23,       1,       3,       1,     10.0000,      1.4082,     42.7210,    250.6726,     63.0847,      3.4953,      0.0000,     -0.0322,      5.4041,      0.1484,      5.6302,     11.2605,      1.3118,     29.0178,     58.0356,      0.0194,      0.0042,      0.0156,      0.2101,   7884.2114,-429278.0312,   -930.0479,    555.0962,  26280.7031,
       1,     169,     283,      24,       1,       3,       1,     10.0000,      1.4082,     42.7210,    250.6726,     63.0847,      3.4953,      0.0000,     -0.0321,      4.8138,      0.1452,      5.6302,     11.2605,      1.2830,     29.0178,     58.0356,      0.0194,      0.0038,      0.0156,      0.2101,   7884.2114,-426936.1562,   -929.5359,    555.2588,  26280.7031,
       1,     169,     284,       1,       1,       3,       1,     10.0000,      1.4083,     42.7213,    250.6785,     63.0862,      3.4953,      0.0000,     -0.0319,      4.4884,      0.1406,      5.6310,     11.2620,      1.2422,     29.0084,     58.0167,      0.0194,      0.0035,      0.0156,      0.2101,   7884.2114,-426178.8750,   -929.6497,    555.3244,  26281.8770,
       1,     169,     284,       2,       1,       3,       1,     10.0000,      1.4083,     42.7213,    250.6785,     63.0862,      3.4953,      0.0000,     -0.0318,      3.6833,      0.1372,      5.6310,     11.2620,      1.2123,     29.0084,     58.0167,      0.0194,      0.0029,      0.0156,      0.2101,   7884.5635,-425568.8125,   -929.2104,    555.3666,  26281.8770,
       1,     169,     284,       3,       1,       3,       1,     10.0000,      1.4083,     42.7213,    250.6785,     63.0862,      3.4953,      0.0000,     -0.0317,      2.8251,      0.1355,      5.6310,     11.2620,      1.1977,     29.0084,     58.0167,      0.0194,      0.0022,      0.0156,      0.2101,   7884.5635,-424542.8125,   -928.9812,    555.4379,  26281.8770,
       1,     169,     284,       4,       1,       3,       1,     10.0000,      1.4083,     42.7213,    250.6785,     63.0862,      3.4953,      0.0000,     -0.0315,      1.2942,      0.1313,      5.6310,     11.2620,      1.1606,     29.0084,     58.0167,      0.0194,      0.0010,      0.0156,      0.2101,   7884.5635,-423417.3438,   -928.7341,    555.5161,  26281.8770,
       1,     169,     284,       5,       1,       3,       1,     10.0000,      1.4083,     42.7213,    250.6785,     63.0862,      3.4953,      0.0000,     -0.0315,      0.3492,      0.1297,      5.6310,     11.2620,      1.1465,     29.0084,     58.0167,      0.0194,      0.0003,      0.0156,      0.2101,   7884.5635,-421469.2188,   -928.3274,    555.6514,  26281.8770,
       1,     169,     284,       6,       1,       3,       1,     10.0000,      1.4083,     42.7213,    250.6785,     63.0862,      3.4953,      0.0000,     -0.0315,      0.3099,      0.1297,      5.6310,     11.2620,      1.1465,     29.0084,     58.0167,      0.0194,      0.0002,      0.0156,      0.2101,   7884.5635,-420161.2500,   -928.0566,    555.7422,  26281.8770,
       1,     169,     284,       7,       1,       3,       1,     10.0000,      1.4083,     42.7213,    250.6785,     63.0862,      3.4953,      0.0000,     -0.0316,      0.3154,      0.1317,      5.6310,     11.2620,      1.1641,     29.0084,     58.0167,      0.0194,      0.0002,      0.0156,      0.2101,   7884.5635,-420003.7188,   -928.0247,    555.7532,  26281.8770,
       1,     169,     284,       8,       1,       3,       1,     10.0000,      1.4083,     42.7213,    250.6785,     63.0862,      3.4953,      0.0130,     -0.0186,      0.3158,      0.1319,      5.6310,     11.2620,      1.1653,     29.0084,     58.0167,      0.0194,      0.0002,      0.0156,      0.2101,   7884.5635,-419997.0312,   -928.0240,    555.7536,  26281.8770,
       1,     169,     284,       9,       1,       3,       1,     10.0000,      1.4083,     42.7213,    250.6785,     63.0862,      3.4953,      0.1033,      0.0711,      2.9173,      0.1470,      5.6310,     11.2620,      1.2986,     29.0084,     58.0167,      0.0194,      0.0003,      0.1273,      0.2101,   7884.5635,-419997.0000,   -928.0225,    555.7537,  26281.8770,
       1,     169,     284,      10,       1,       3,       1,     10.0000,      1.4083,     42.7213,    250.6785,     63.0862,      3.4953,      0.1610,      0.1280,      5.7919,      0.1729,      5.6310,     11.2620,      1.5278,     29.0084,     58.0167,      0.0194,      0.0003,      0.2098,      0.2101,   7884.5635,-423146.5312,   -928.6613,    555.5348,  26281.8770,
       1,     169,     284,      11,       1,       3,       1,     10.0000,      1.4083,     42.7213,    250.6785,     63.0862,      3.4953,      0.1639,      0.1306,      6.3032,      0.1830,      5.6310,     11.2620,      1.6171,     29.0084,     58.0167,      0.0194,      0.0004,      0.2139,      0.2101,   7884.5635,-426892.2500,   -929.3818,    555.2748,  26281.8770,
       1,     169,     284,      12,       1,       3,       1,     10.0000,      1.4083,     42.7213,    250.6785,     63.0862,      3.4953,      0.1889,      0.1550,      8.1881,      0.2007,      5.6310,     11.2620,      1.7732,     29.0084,     58.0167,      0.0194,      0.0004,      0.2500,      0.2101,   7884.5635,-427826.2188,   -929.5433,    555.2100,  26281.8789,
       1,     169,     284,      13,       1,       3,       1,     10.0000,      1.4083,     42.7213,    250.6785,     63.0862,      3.4953,      0.1889,      0.1548,      8.8081,      0.2083,      5.6310,     11.2620,      1.8410,     29.0084,     58.0167,      0.0194,      0.0004,      0.2500,      0.2101,   7884.5640,-430186.8438,   -929.8763,    555.0462,  26281.8770,
       1,     169,     284,      14,       1,       3,       1,     10.0000,      1.4083,     42.7213,    250.6785,     63.0862,      3.4953,      0.1906,      0.1559,     32.1838,      0.2296,      5.6310,     11.2620,      2.0290,     29.0084,     58.0167,      0.0194,      0.0016,      0.2500,      0.2101,   7884.5635,-431136.2500,   -929.9482,    554.9803,  26281.8750,
       1,     169,     284,      15,       1,       3,       1,     10.0000,      1.4083,     42.7213,    250.6785,     63.0862,      3.4953,      0.1933,      0.1587,     66.2047,      0.2247,      5.6310,     11.2620,      1.9857,     29.0084,     58.0167,      0.0194,      0.0032,      0.2500,      0.2101,   7884.5630,-459522.0938,   -935.7851,    553.0112,  26281.8750,
       1,     169,     284,      16,       1,       3,       1,     10.0000,      1.4083,     42.7213,    250.6785,     63.0862,      3.4953,      0.1428,      0.1084,     51.2009,      0.2184,      5.6310,     11.2620,      1.9300,     29.0084,     58.0167,      0.0194,      0.0035,      0.1783,      0.2101,   7884.5630,-503129.1875,   -944.9442,    550.0002,  26281.8750,
       1,     169,     284,      17,       1,       3,       1,     10.0000,      1.4083,     42.7213,    250.6785,     63.0862,      3.4953,      0.0039,     -0.0303,      5.5303,      0.2137,      5.6310,     11.2620,      1.8887,     29.0084,     58.0167,      0.0194,      0.0043,      0.0156,      0.2101,   7884.5630,-488618.6875,   -942.1476,    551.0060,  26281.8750,
       1,     169,     284,      18,       1,       3,       1,     10.0000,      1.4083,     42.7213,    250.6785,     63.0862,      3.4953,      0.0029,     -0.0305,      5.9494,      0.1839,      5.6310,     11.2620,      1.6251,     29.0084,     58.0167,      0.0194,      0.0046,      0.0156,      0.2101,   7884.5630,-432046.1562,   -930.4727,    554.9034,  26281.8730,
       1,     169,     284,      19,       1,       3,       1,     10.0000,      1.4083,     42.7213,    250.6785,     63.0862,      3.4953,      0.0029,     -0.0304,      7.8199,      0.1803,      5.6310,     11.2620,      1.5931,     29.0084,     58.0167,      0.0194,      0.0061,      0.0156,      0.2101,   7884.5620,-427848.1875,   -929.5785,    555.2084,  26281.8770,
       1,     169,     284,      20,       1,       3,       1,     10.0000,      1.4083,     42.7213,    250.6785,     63.0862,      3.4953,      0.0003,     -0.0328,      6.9449,      0.1745,      5.6310,     11.2620,      1.5416,     29.0084,     58.0167,      0.0194,      0.0054,      0.0156,      0.2101,   7884.5635,-429743.2188,   -929.9415,    555.0770,  26281.8750,
       1,     169,     284,      21,       1,       3,       1,     10.0000,      1.4083,     42.7213,    250.6785,     63.0862,      3.4953,      0.0000,     -0.0328,      6.6915,      0.1658,      5.6310,     11.2620,      1.4650,     29.0084,     58.0167,      0.0194,      0.0052,      0.0156,      0.2101,   7884.5630,-428843.1250,   -929.7291,    555.1395,  26281.8750,
       1,     169,     284,      22,       1,       3,       1,     10.0000,      1.4083,     42.7213,    250.6785,     63.0862,      3.4953,      0.0000,     -0.0324,      6.5416,      0.1539,      5.6310,     11.2620,      1.3602,     29.0084,     58.0167,      0.0194,      0.0051,      0.0156,      0.2101,   7884.5630,-428460.7188,   -929.6267,    555.1660,  26281.8750,
       1,     169,     284,      23,       1,       3,       1,     10.0000,      1.4083,     42.7213,    250.6785,     63.0862,      3.4953,      0.0000,     -0.0320,      4.7555,      0.1449,      5.6310,     11.2620,      1.2804,     29.0084,     58.0167,      0.0194,      0.0037,      0.0156,      0.2101,   7884.5630,-428247.0625,   -929.5582,    555.1808,  26281.8750,
       1,     169,     284,      24,       1,       3,       1,     10.0000,      1.4083,     42.7213,    250.6785,     63.0862,      3.4953,      0.0000,     -0.0319,      4.3466,      0.1420,      5.6310,     11.2620,      1.2548,     29.0084,     58.0167,      0.0194,      0.0034,      0.0156,      0.2101,   7884.5630,-426066.5312,   -929.0917,    555.3321,  26281.8750,
       1,     169,     285,       1,       1,       3,       1,     10.0000,      1.4083,     42.7216,    250.6844,     63.0877,      3.4953,      0.0000,     -0.0319,      4.0650,      0.1420,      5.6307,     11.2613,      1.2548,     29.0017,     58.0034,      0.0194,      0.0032,      0.0156,      0.2102,   7884.5630,-425542.2812,   -929.2700,    555.3816,  26283.0469,
       1,     169,     285,       2,       1,       3,       1,     10.0000,      1.4083,     42.7216,    250.6844,     63.0877,      3.4953,      0.0000,     -0.0319,      3.1065,      0.1406,      5.6307,     11.2613,      1.2422,     29.0017,     58.0034,      0.0194,      0.0024,      0.0156,      0.2102,   7884.9146,-425005.2812,   -928.8579,    555.4189,  26283.0469,
       1,     169,     285,       3,       1,       3,       1,     10.0000,      1.4083,     42.7216,    250.6844,     63.0877,      3.4953,      0.0000,     -0.0318,      1.5395,      0.1373,      5.6307,     11.2613,      1.2136,     29.0017,     58.0034,      0.0194,      0.0012,      0.0156,      0.2102,   7884.9146,-423799.6562,   -912.0447,    555.5026,  26283.0566,
       1,     169,     285,       4,       1,       3,       1,     10.0000,      1.4083,     42.7216,    250.6844,     63.0877,      3.4953,      0.0000,     -0.0315,      1.7361,      0.1311,      5.6307,     11.2613,      1.1582,     29.0017,     58.0034,      0.0194,      0.0014,      0.0156,      0.2102,   7884.9175,-421800.2188,   -911.8523,    555.6415,  26283.0547,
       1,     169,     285,       5,       1,       3,       1,     10.0000,      1.4083,     42.7216,    250.6844,     63.0877,      3.4953,      0.0000,     -0.0316,      1.4029,      0.1320,      5.6307,     11.2613,      1.1665,     29.0017,     58.0034,      0.0194,      0.0011,      0.0156,      0.2102,   7884.9165,-421870.2188,   -912.0555,    555.6367,  26283.0547,
       1,     169,     285,       6,       1,       3,       1,     10.0000,      1.4083,     42.7216,    250.6844,     63.0877,      3.4953,      0.0000,     -0.0315,      0.9218,      0.1309,      5.6307,     11.2613,      1.1571,     29.0017,     58.0034,      0.0194,      0.0007,      0.0156,      0.2102,   7884.9165,-421472.8125,   -912.1323,    555.6642,  26283.0547,
       1,     169,     285,       7,       1,       3,       1,     10.0000,      1.4083,     42.7216,    250.6844,     63.0877,      3.4953,      0.0000,     -0.0317,      0.6413,      0.1358,      5.6307,     11.2613,      1.2001,     29.0017,     58.0034,      0.0194,      0.0005,      0.0156,      0.2102,   7884.9165,-420856.9688,   -912.0997,    555.7070,  26283.0547,
       1,     169,     285,       8,       1,       3,       1,     10.0000,      1.4083,     42.7216,    250.6844,     63.0877,      3.4953,      0.0060,     -0.0258,      0.8412,      0.1386,      5.6307,     11.2613,      1.2247,     29.0017,     58.0034,      0.0194,      0.0007,      0.0156,      0.2102,   7884.9165,-420465.5000,   -912.0681,    555.7342,  26283.0547,
       1,     169,     285,       9,       1,       3,       1,     10.0000,      1.4083,     42.7216,    250.6844,     63.0877,      3.4953,      0.1195,      0.0870,      4.5753,      0.1593,      5.6307,     11.2613,      1.4075,     29.0017,     58.0034,      0.0194,      0.0004,      0.1503,      0.2102,   7884.9165,-420674.6875,   -912.1815,    555.7197,  26283.0566,
       1,     169,     285,      10,       1,       3,       1,     10.0000,      1.4083,     42.7216,    250.6844,     63.0877,      3.4953,      0.1648,      0.1319,      6.8418,      0.1715,      5.6307,     11.2613,      1.5157,     29.0017,     58.0034,      0.0194,      0.0004,      0.2152,      0.2102,   7884.9175,-425212.4688,   -913.6241,    555.4044,  26283.0566,
       1,     169,     285,      11,       1,       3,       1,     10.0000,      1.4083,     42.7216,    250.6844,     63.0877,      3.4953,      0.1852,      0.1513,      8.2582,      0.2017,      5.6307,     11.2613,      1.7821,     29.0017,     58.0034,      0.0194,      0.0004,      0.2447,      0.2102,   7884.9175,-428338.3125,   -915.1843,    555.1875,  26283.0547,
       1,     169,     285,      12,       1,       3,       1,     10.0000,      1.4083,     42.7216,    250.6844,     63.0877,      3.4953,      0.1892,      0.1548,     13.8078,      0.2208,      5.6307,     11.2613,      1.9510,     29.0017,     58.0034,      0.0194,      0.0007,      0.2500,      0.2102,   7884.9165,-430316.0625,   -916.8024,    555.0503,  26283.0566,
       1,     169,     285,      13,       1,       3,       1,     10.0000,      1.4083,     42.7216,    250.6844,     63.0877,      3.4953,      0.1890,      0.1552,      9.5588,      0.1987,      5.6307,     11.2613,      1.7558,     29.0017,     58.0034,      0.0194,      0.0005,      0.2500,      0.2102,   7884.9175,-437201.2500,   -920.0102,    554.5726,  26283.0547,
       1,     169,     285,      14,       1,       3,       1,     10.0000,      1.4083,     42.7216,    250.6844,     63.0877,      3.4953,      0.1902,      0.1567,     24.2053,      0.1900,      5.6307,     11.2613,      1.6793,     29.0017,     58.0034,      0.0194,      0.0012,      0.2500,      0.2101,   7884.9165,-432635.6250,   -917.6931,    554.8893,  26283.0547,
       1,     169,     285,      15,       1,       3,       1,     10.0000,      1.4083,     42.7216,    250.6844,     63.0877,      3.4953,      0.1917,      0.1580,     42.9877,      0.1956,      5.6307,     11.2613,      1.7283,     29.0017,     58.0034,      0.0194,      0.0021,      0.2500,      0.2102,   7884.9165,-449985.7812,   -922.2786,    553.6860,  26283.0547,
       1,     169,     285,      16,       1,       3,       1,     10.0000,      1.4083,     42.7216,    250.6844,     63.0877,      3.4953,      0.1945,      0.1607,     78.3750,      0.1964,      5.6307,     11.2613,      1.7351,     29.0017,     58.0034,      0.0194,      0.0038,      0.2500,      0.2101,   7884.9165,-474193.8750,   -928.3255,    552.0118,  26283.0527,
       1,     169,     285,      17,       1,       3,       1,     10.0000,      1.4083,     42.7216,    250.6844,     63.0877,      3.4953,      0.1564,      0.1225,     82.2673,      0.1999,      5.6307,     11.2613,      1.7663,     29.0017,     58.0034,      0.0194,      0.0051,      0.1945,      0.2101,   7884.9160,-519103.9375,   -938.3015,    548.9156,  26283.0488,
       1,     169,     285,      18,       1,       3,       1,     10.0000,      1.4083,     42.7216,    250.6844,     63.0877,      3.4953,      0.0749,      0.0420,     26.2450,      0.1686,      5.6307,     11.2613,      1.4902,     29.0017,     58.0034,      0.0194,      0.0038,      0.0835,      0.2101,   7884.9150,-527610.0625,   -941.1310,    548.3405,  26283.0469,
       1,     169,     285,      19,       1,       3,       1,     10.0000,      1.4083,     42.7216,    250.6844,     63.0877,      3.4953,      0.0289,     -0.0037,      5.8611,      0.1619,      5.6307,     11.2613,      1.4303,     29.0017,     58.0034,      0.0194,      0.0036,      0.0199,      0.2101,   7884.9146,-460384.2812,   -919.2524,    552.9486,  26283.0547,
       1,     169,     285,      20,       1,       3,       1,     10.0000,      1.4083,     42.7216,    250.6844,     63.0877,      3.4953,      0.0013,     -0.0312,      4.1211,      0.1556,      5.6307,     11.2613,      1.3754,     29.0017,     58.0034,      0.0194,      0.0032,      0.0156,      0.2101,   7884.9165,-430121.0625,   -914.4408,    555.0598,  26283.0547,
       1,     169,     285,      21,       1,       3,       1,     10.0000,      1.4083,     42.7216,    250.6844,     63.0877,      3.4953,      0.0000,     -0.0322,      4.6067,      0.1489,      5.6307,     11.2613,      1.3158,     29.0017,     58.0034,      0.0194,      0.0036,      0.0156,      0.2102,   7884.9165,-425461.8438,   -914.0409,    555.3871,  26283.0566,
       1,     169,     285,      22,       1,       3,       1,     10.0000,      1.4083,     42.7216,    250.6844,     63.0877,      3.4953,      0.0000,     -0.0322,      4.6371,      0.1495,      5.6307,     11.2613,      1.3211,     29.0017,     58.0034,      0.0194,      0.0036,      0.0156,      0.2102,   7884.9175,-425653.3438,   -914.4378,    555.3740,  26283.0547,
       1,     169,     285,      23,       1,       3,       1,     10.0000,      1.4083,     42.7216,    250.6844,     63.0877,      3.4953,      0.0000,     -0.0323,      2.6803,      0.1525,      5.6307,     11.2613,      1.3480,     29.0017,     58.0034,      0.0194,      0.0021,      0.0156,      0.2102,   7884.9165,-425706.2188,   -914.8907,    555.3702,  26283.0527,
       1,     169,     285,      24,       1,       3,       1,     10.0000,      1.4083,     42.7216,    250.6844,     63.0877,      3.4953,      0.0000,     -0.0324,      2.3821,      0.1547,      5.6307,     11.2613,      1.3671,     29.0017,     58.0034,      0.0194,      0.0019,      0.0156,      0.2102,   7884.9160,-423342.0938,   -914.6998,    555.5344,  26283.0527,
       1,     169,     286,       1,       1,       3,       1,     10.0000,      1.4083,     42.7220,    250.6902,     63.0892,      3.4953,      0.0000,     -0.0323,      2.2092,      0.1518,      5.6304,     11.2607,      1.3413,     29.0035,     58.0069,      0.0194,      0.0017,      0.0156,      0.2102,   7884.9160,-422936.7500,   -915.0861,    555.5757,  26284.2227,
       1,     169,     286,       2,       1,       3,       1,     10.0000,      1.4083,     42.7220,    250.6902,     63.0892,      3.4953,      0.0000,     -0.0323,      1.6360,      0.1524,      5.6304,     11.2607,      1.3467,     29.0035,     58.0069,      0.0194,      0.0013,      0.0156,      0.2102,   7885.2671,-422541.5625,   -914.9167,    555.6031,  26284.2207,
       1,     169,     286,       3,       1,       3,       1,     10.0000,      1.4083,     42.7220,    250.6902,     63.0892,      3.4953,      0.0000,     -0.0323,      1.5860,      0.1526,      5.6304,     11.2607,      1.3480,     29.0035,     58.0069,      0.0194,      0.0012,      0.0156,      0.2102,   7885.2666,-421814.7500,   -914.9315,    555.6536,  26284.2227,
       1,     169,     286,       4,       1,       3,       1,     10.0000,      1.4083,     42.7220,    250.6902,     63.0892,      3.4953,      0.0000,     -0.0322,      1.3205,      0.1491,      5.6304,     11.2607,      1.3172,     29.0035,     58.0069,      0.0194,      0.0010,      0.0156,      0.2102,   7885.2671,-421692.8125,   -915.0268,    555.6620,  26284.2227,
       1,     169,     286,       5,       1,       3,       1,     10.0000,      1.4083,     42.7220,    250.6902,     63.0892,      3.4953,      0.0000,     -0.0323,      1.2852,      0.1510,      5.6304,     11.2607,      1.3345,     29.0035,     58.0069,      0.0194,      0.0010,      0.0156,      0.2102,   7885.2671,-421361.3125,   -915.0592,    555.6851,  26284.2227,
       1,     169,     286,       6,       1,       3,       1,     10.0000,      1.4083,     42.7220,    250.6902,     63.0892,      3.4953,      0.0000,     -0.0322,      0.7807,      0.1479,      5.6304,     11.2607,      1.3066,     29.0035,     58.0069,      0.0194,      0.0006,      0.0156,      0.2102,   7885.2671,-421290.6250,   -915.1392,    555.6901,  26284.2227,
       1,     169,     286,       7,       1,       3,       1,     10.0000,      1.4083,     42.7220,    250.6902,     63.0892,      3.4953,      0.0000,     -0.0321,      0.5283,      0.1468,      5.6304,     11.2607,      1.2974,     29.0035,     58.0069,      0.0194,      0.0004,      0.0156,      0.2102,   7885.2671,-420673.9688,   -915.0647,    555.7328,  26284.2227,
       1,     169,     286,       8,       1,       3,       1,     10.0000,      1.4083,     42.7220,    250.6902,     63.0892,      3.4953,      0.0107,     -0.0212,      0.3496,      0.1404,      5.6304,     11.2607,      1.2410,     29.0035,     58.0069,      0.0194,      0.0003,      0.0156,      0.2102,   7885.2671,-420316.6875,   -915.0195,    555.7576,  26284.2227,
       1,     169,     286,       9,       1,       3,       1,     10.0000,      1.4083,     42.7220,    250.6902,     63.0892,      3.4953,      0.0648,      0.0326,      3.2237,      0.1503,      5.6304,     11.2607,      1.3278,     29.0035,     58.0069,      0.0194,      0.0005,      0.0721,      0.2102,   7885.2671,-420070.3125,   -914.9985,    555.7747,  26284.2207,
       1,     169,     286,      10,       1,       3,       1,     10.0000,      1.4083,     42.7220,    250.6902,     63.0892,      3.4953,      0.1215,      0.0890,      7.0796,      0.1575,      5.6304,     11.2607,      1.3921,     29.0035,     58.0069,      0.0194,      0.0006,      0.1529,      0.2102,   7885.2666,-423528.7812,   -915.8482,    555.5345,  26284.2227,
       1,     169,     286,      11,       1,       3,       1,     10.0000,      1.4083,     42.7220,    250.6902,     63.0892,      3.4953,      0.1601,      0.1271,      6.1801,      0.1748,      5.6304,     11.2607,      1.5448,     29.0035,     58.0069,      0.0194,      0.0004,      0.2085,      0.2102,   7885.2671,-428486.8438,   -917.1552,    555.1902,  26284.2207,
       1,     169,     286,      12,       1,       3,       1,     10.0000,      1.4083,     42.7220,    250.6902,     63.0892,      3.4953,      0.1732,      0.1398,     13.0400,      0.1837,      5.6304,     11.2607,      1.6236,     29.0035,     58.0069,      0.0194,      0.0007,      0.2266,      0.2102,   7885.2666,-427815.3438,   -917.6483,    555.2369,  26284.2227,
       1,     169,     286,      13,       1,       3,       1,     10.0000,      1.4083,     42.7220,    250.6902,     63.0892,      3.4953,      0.1813,      0.1477,     14.3279,      0.1918,      5.6304,     11.2607,      1.6944,     29.0035,     58.0069,      0.0194,      0.0007,      0.2383,      0.2102,   7885.2671,-436062.8750,   -917.5996,    554.6645,  26284.2227,
       1,     169,     286,      14,       1,       3,       1,     10.0000,      1.4083,     42.7220,    250.6902,     63.0892,      3.4953,      0.1881,      0.1545,     23.7117,      0.1900,      5.6304,     11.2607,      1.6794,     29.0035,     58.0069,      0.0194,      0.0012,      0.2469,      0.2102,   7885.2671,-438316.0938,   -919.0789,    554.5087,  26284.2207,
       1,     169,     286,      15,       1,       3,       1,     10.0000,      1.4083,     42.7220,    250.6902,     63.0892,      3.4953,      0.1696,      0.1363,     27.8288,      0.1825,      5.6304,     11.2607,      1.6124,     29.0035,     58.0069,      0.0194,      0.0015,      0.2197,      0.2102,   7885.2666,-449866.5000,   -922.4348,    553.7081,  26284.2207,
       1,     169,     286,      16,       1,       3,       1,     10.0000,      1.4083,     42.7220,    250.6902,     63.0892,      3.4953,      0.1800,      0.1464,     42.9027,      0.1900,      5.6304,     11.2607,      1.6794,     29.0035,     58.0069,      0.0194,      0.0022,      0.2330,      0.2102,   7885.2666,-455823.6562,   -924.4108,    553.2963,  26284.2188,
       1,     169,     286,      17,       1,       3,       1,     10.0000,      1.4083,     42.7220,    250.6902,     63.0892,      3.4953,      0.1923,      0.1589,     50.4513,      0.1871,      5.6304,     11.2607,      1.6529,     29.0035,     58.0069,      0.0194,      0.0025,      0.2500,      0.2102,   7885.2661,-474578.7812,   -928.9820,    551.9993,  26284.2188,
       1,     169,     286,      18,       1,       3,       1,     10.0000,      1.4083,     42.7220,    250.6902,     63.0892,      3.4953,      0.1782,      0.1449,     49.3715,      0.1794,      5.6304,     11.2607,      1.5853,     29.0035,     58.0069,      0.0194,      0.0026,      0.2296,      0.2101,   7885.2661,-485300.7812,   -932.2674,    551.2611,  26284.2148,
       1,     169,     286,      19,       1,       3,       1,     10.0000,      1.4083,     42.7220,    250.6902,     63.0892,      3.4953,      0.1059,      0.0731,     26.5148,      0.1645,      5.6304,     11.2607,      1.4534,     29.0035,     58.0069,      0.0194,      0.0025,      0.1281,      0.2101,   7885.2646,-484891.2188,   -933.1597,    551.2897,  26284.2129,
       1,     169,     286,      20,       1,       3,       1,     10.0000,      1.4083,     42.7220,    250.6902,     63.0892,      3.4953,      0.0020,     -0.0302,      2.7133,      0.1506,      5.6304,     11.2607,      1.3305,     29.0035,     58.0069,      0.0194,      0.0021,      0.0156,      0.2101,   7885.2642,-457163.9688,   -928.4152,    553.2005,  26284.2148,
       1,     169,     286,      21,       1,       3,       1,     10.0000,      1.4083,     42.7220,    250.6902,     63.0892,      3.4953,      0.0000,     -0.0323,      3.0939,      0.1510,      5.6304,     11.2607,      1.3345,     29.0035,     58.0069,      0.0194,      0.0024,      0.0156,      0.2102,   7885.2646,-426023.6250,   -922.7031,    555.3571,  26284.2148,
       1,     169,     286,      22,       1,       3,       1,     10.0000,      1.4083,     42.7220,    250.6902,     63.0892,      3.4953,      0.0000,     -0.0318,      2.8288,      0.1396,      5.6304,     11.2607,      1.2335,     29.0035,     58.0069,      0.0194,      0.0022,      0.0156,      0.2102,   7885.2646,-423878.0000,   -911.1358,    555.5103,  26284.2246,
       1,     169,     286,      23,       1,       3,       1,     10.0000,      1.4083,     42.7220,    250.6902,     63.0892,      3.4953,      0.0000,     -0.0317,      2.7316,      0.1366,      5.6304,     11.2607,      1.2075,     29.0035,     58.0069,      0.0194,      0.0021,      0.0156,      0.2102,   7885.2676,-423370.3438,   -910.9628,    555.5456,  26284.2246,
       1,     169,     286,      24,       1,       3,       1,     10.0000,      1.4083,     42.7220,    250.6902,     63.0892,      3.4953,      0.0000,     -0.0317,      1.9297,      0.1350,      5.6304,     11.2607,      1.1929,     29.0035,     58.0069,      0.0194,      0.0015,      0.0156,      0.2102,   7885.2676,-423210.0000,   -911.1522,    555.5567,  26284.2266,
       1,     169,     287,       1,       1,       3,       1,     10.0000,      1.4083,     42.7223,    250.6961,     63.0906,      3.4953,      0.0000,     -0.0320,      1.2420,      0.1435,      5.6302,     11.2605,      1.2676,     29.0061,     58.0122,      0.0194,      0.0010,      0.0156,      0.2102,   7885.2681,-422380.5000,   -911.4086,    555.6273,  26285.3965,
       1,     169,     287,       2,       1,       3,       1,     10.0000,      1.4083,     42.7223,    250.6961,     63.0906,      3.4953,      0.0000,     -0.0320,      1.4658,      0.1449,      5.6302,     11.2605,      1.2805,     29.0061,     58.0122,      0.0194,      0.0011,      0.0156,      0.2102,   7885.6191,-421326.7188,   -911.0624,    555.7004,  26285.4004,
       1,     169,     287,       3,       1,       3,       1,     10.0000,      1.4083,     42.7223,    250.6961,     63.0906,      3.4953,      0.0000,     -0.0320,      0.4109,      0.1437,      5.6302,     11.2605,      1.2702,     29.0061,     58.0122,      0.0194,      0.0003,      0.0156,      0.2102,   7885.6206,-421508.6875,   -911.2390,    555.6879,  26285.4004,
       1,     169,     287,       4,       1,       3,       1,     10.0000,      1.4083,     42.7223,    250.6961,     63.0906,      3.4953,      0.0000,     -0.0321,      0.3550,      0.1461,      5.6302,     11.2605,      1.2909,     29.0061,     58.0122,      0.0194,      0.0003,      0.0156,      0.2102,   7885.6206,-420247.1562,   -911.0179,    555.7755,  26285.3965,
       1,     169,     287,       5,       1,       3,       1,     10.0000,      1.4083,     42.7223,    250.6961,     63.0906,      3.4953,      0.0000,     -0.0323,      0.3722,      0.1522,      5.6302,     11.2605,      1.3453,     29.0061,     58.0122,      0.0194,      0.0003,      0.0156,      0.2102,   7885.6191,-420073.7812,   -910.9891,    555.7875,  26285.3984,
       1,     169,     287,       6,       1,       3,       1,     10.0000,      1.4083,     42.7223,    250.6961,     63.0906,      3.4953,      0.0000,     -0.0323,      0.3722,      0.1522,      5.6302,     11.2605,      1.3453,     29.0061,     58.0122,      0.0194,      0.0003,      0.0156,      0.2102,   7885.6196,-420079.9375,   -910.9915,    555.7871,  26285.3984,
       1,     169,     287,       7,       1,       3,       1,     10.0000,      1.4083,     42.7223,    250.6961,     63.0906,      3.4953,      0.0000,     -0.0324,      0.5547,      0.1536,      5.6302,     11.2605,      1.3576,     29.0061,     58.0122,      0.0194,      0.0004,      0.0156,      0.2102,   7885.6196,-420080.3750,   -910.9935,    555.7870,  26285.3984,
       1,     169,     287,       8,       1,       3,       1,     10.0000,      1.4083,     42.7223,    250.6961,     63.0906,      3.4953,      0.0122,     -0.0201,      0.5520,      0.1544,      5.6302,     11.2605,      1.3644,     29.0061,     58.0122,      0.0194,      0.0004,      0.0156,      0.2102,   7885.6196,-420301.3438,   -911.0576,    555.7717,  26285.4004,
       1,     169,     287,       9,       1,       3,       1,     10.0000,      1.4083,     42.7223,    250.6961,     63.0906,      3.4953,      0.0909,      0.0584,      3.1913,      0.1583,      5.6302,     11.2605,      1.3991,     29.0061,     58.0122,      0.0194,      0.0004,      0.1093,      0.2102,   7885.6206,-420316.3750,   -911.1199,    555.7706,  26285.3984,
       1,     169,     287,      10,       1,       3,       1,     10.0000,      1.4083,     42.7223,    250.6961,     63.0906,      3.4953,      0.1481,      0.1151,      7.4357,      0.1736,      5.6302,     11.2605,      1.5341,     29.0061,     58.0122,      0.0194,      0.0005,      0.1911,      0.2102,   7885.6196,-423512.2812,   -911.9407,    555.5486,  26285.3984,
       1,     169,     287,      11,       1,       3,       1,     10.0000,      1.4083,     42.7223,    250.6961,     63.0906,      3.4953,      0.1894,      0.1560,     13.0727,      0.1843,      5.6302,     11.2605,      1.6285,     29.0061,     58.0122,      0.0194,      0.0006,      0.2500,      0.2102,   7885.6196,-428918.2500,   -913.7111,    555.1733,  26285.3984,
       1,     169,     287,      12,       1,       3,       1,     10.0000,      1.4083,     42.7223,    250.6961,     63.0906,      3.4953,      0.1893,      0.1561,     11.9697,      0.1805,      5.6302,     11.2605,      1.5948,     29.0061,     58.0122,      0.0194,      0.0006,      0.2500,      0.2102,   7885.6196,-436196.0938,   -916.8975,    554.6683,  26285.3984,
       1,     169,     287,      13,       1,       3,       1,     10.0000,      1.4083,     42.7223,    250.6961,     63.0906,      3.4953,      0.1891,      0.1557,      9.9391,      0.1871,      5.6302,     11.2605,      1.6529,     29.0061,     58.0122,      0.0194,      0.0005,      0.2500,      0.2102,   7885.6196,-435472.9375,   -917.6711,    554.7187,  26285.3984,
       1,     169,     287,      14,       1,       3,       1,     10.0000,      1.4083,     42.7223,    250.6961,     63.0906,      3.4953,      0.1891,      0.1553,     10.5097,      0.1995,      5.6302,     11.2605,      1.7629,     29.0061,     58.0122,      0.0194,      0.0005,      0.2500,      0.2102,   7885.6196,-432953.7500,   -918.4910,    554.8933,  26285.3965,
       1,     169,     287,      15,       1,       3,       1,     10.0000,      1.4083,     42.7223,    250.6961,     63.0906,      3.4953,      0.1089,      0.0750,     14.5531,      0.2013,      5.6302,     11.2605,      1.7786,     29.0061,     58.0122,      0.0194,      0.0013,      0.1334,      0.2102,   7885.6191,-433433.2188,   -919.7752,    554.8602,  26285.4004,
       1,     169,     287,      16,       1,       3,       1,     10.0000,      1.4083,     42.7223,    250.6961,     63.0906,      3.4953,      0.0408,      0.0069,      5.4900,      0.2009,      5.6302,     11.2605,      1.7751,     29.0061,     58.0122,      0.0194,      0.0019,      0.0357,      0.2102,   7885.6206,-438367.5000,   -921.0405,    554.5179,  26285.4004,
       1,     169,     287,      17,       1,       3,       1,     10.0000,      1.4083,     42.7223,    250.6961,     63.0906,      3.4953,      0.0472,      0.0144,      5.5221,      0.1685,      5.6302,     11.2605,      1.4888,     29.0061,     58.0122,      0.0194,      0.0015,      0.0460,      0.2102,   7885.6206,-427810.5938,   -919.3002,    555.2498,  26285.3984,
       1,     169,     287,      18,       1,       3,       1,     10.0000,      1.4083,     42.7223,    250.6961,     63.0906,      3.4953,      0.0564,      0.0238,      8.7789,      0.1630,      5.6302,     11.2605,      1.4404,     29.0061,     58.0122,      0.0194,      0.0018,      0.0590,      0.2102,   7885.6196,-426964.0000,   -915.1887,    555.3090,  26285.3984,
       1,     169,     287,      19,       1,       3,       1,     10.0000,      1.4083,     42.7223,    250.6961,     63.0906,      3.4953,      0.0297,     -0.0030,      4.6272,      0.1633,      5.6302,     11.2605,      1.4433,     29.0061,     58.0122,      0.0194,      0.0027,      0.0211,      0.2102,   7885.6196,-430834.3438,   -916.2685,    555.0404,  26285.4004,
       1,     169,     287,      20,       1,       3,       1,     10.0000,      1.4083,     42.7223,    250.6961,     63.0906,      3.4953,      0.0011,     -0.0314,      3.7977,      0.1596,      5.6302,     11.2605,      1.4104,     29.0061,     58.0122,      0.0194,      0.0030,      0.0156,      0.2102,   7885.6206,-426134.0625,   -915.7573,    555.3666,  26285.3984,
       1,     169,     287,      21,       1,       3,       1,     10.0000,      1.4083,     42.7223,    250.6961,     63.0906,      3.4953,      0.0000,     -0.0325,      3.9798,      0.1579,      5.6302,     11.2605,      1.3949,     29.0061,     58.0122,      0.0194,      0.0031,      0.0156,      0.2102,   7885.6196,-424735.4375,   -915.8159,    555.4637,  26285.3984,
       1,     169,     287,      22,       1,       3,       1,     10.0000,      1.4083,     42.7223,    250.6961,     63.0906,      3.4953,      0.0000,     -0.0325,      1.9144,      0.1575,      5.6302,     11.2605,      1.3921,     29.0061,     58.0122,      0.0194,      0.0015,      0.0156,      0.2102,   7885.6196,-424838.1250,   -916.1671,    555.4566,  26285.3984,
       1,     169,     287,      23,       1,       3,       1,     10.0000,      1.4083,     42.7223,    250.6961,     63.0906,      3.4953,      0.0000,     -0.0325,      1.0370,      0.1579,      5.6302,     11.2605,      1.3949,     29.0061,     58.0122,      0.0194,      0.0008,      0.0156,      0.2102,   7885.6196,-422346.8750,   -915.8100,    555.6296,  26285.3965,
       1,     169,     287,      24,       1,       3,       1,     10.0000,      1.4083,     42.7223,    250.6961,     63.0906,      3.4953,      0.0000,     -0.0324,      1.1646,      0.1547,      5.6302,     11.2605,      1.3672,     29.0061,     58.0122,      0.0194,      0.0009,      0.0156,      0.2102,   7885.6191,-421075.7500,   -915.6238,    555.7179,  26285.3984,
       1,     169,     288,       1,       1,       3,       1,     10.0000,      1.4084,     42.7226,    250.7020,     63.0921,      3.4953,      0.0000,     -0.0322,      0.8300,      0.1494,      5.6313,     11.2625,      1.3199,     28.9980,     57.9960,      0.0194,      0.0006,      0.0156,      0.2102,   7885.6196,-421277.5625,   -915.9830,    555.7169,  26286.5684,
       1,     169,     288,       2,       1,       3,       1,     10.0000,      1.4084,     42.7226,    250.7020,     63.0921,      3.4953,      0.0000,     -0.0323,      0.9376,      0.1512,      5.6313,     11.2625,      1.3359,     28.9980,     57.9960,      0.0194,      0.0007,      0.0156,      0.2102,   7885.9707,-420738.0625,   -915.6649,    555.7544,  26286.5684,
       1,     169,     288,       3,       1,       3,       1,     10.0000,      1.4084,     42.7226,    250.7020,     63.0921,      3.4953,      0.0000,     -0.0322,      0.9126,      0.1494,      5.6313,     11.2625,      1.3199,     28.9980,     57.9960,      0.0194,      0.0007,      0.0156,      0.2102,   7885.9707,-420822.9375,   -915.7267,    555.7485,  26286.5703,
       1,     169,     288,       4,       1,       3,       1,     10.0000,      1.4084,     42.7226,    250.7020,     63.0921,      3.4953,      0.0000,     -0.0323,      0.7019,      0.1526,      5.6313,     11.2625,      1.3481,     28.9980,     57.9960,      0.0194,      0.0005,      0.0156,      0.2102,   7885.9712,-420799.5000,   -915.7625,    555.7501,  26286.5684,
       1,     169,     288,       5,       1,       3,       1,     10.0000,      1.4084,     42.7226,    250.7020,     63.0921,      3.4953,      0.0000,     -0.0322,      0.5654,      0.1498,      5.6313,     11.2625,      1.3239,     28.9980,     57.9960,      0.0194,      0.0004,      0.0156,      0.2102,   7885.9707,-420542.8438,   -915.7383,    555.7679,  26286.5703,
       1,     169,     288,       6,       1,       3,       1,     10.0000,      1.4084,     42.7226,    250.7020,     63.0921,      3.4953,      0.0000,     -0.0321,      0.3546,      0.1459,      5.6313,     11.2625,      1.2896,     28.9980,     57.9960,      0.0194,      0.0003,      0.0156,      0.2102,   7885.9712,-420355.8438,   -915.7240,    555.7809,  26286.5703,
       1,     169,     288,       7,       1,       3,       1,     10.0000,      1.4084,     42.7226,    250.7020,     63.0921,      3.4953,      0.0000,     -0.0321,      0.3554,      0.1462,      5.6313,     11.2625,      1.2922,     28.9980,     57.9960,      0.0194,      0.0003,      0.0156,      0.2102,   7885.9712,-420085.0938,   -915.6759,    555.7998,  26286.5703,
       1,     169,     288,       8,       1,       3,       1,     10.0000,      1.4084,     42.7226,    250.7020,     63.0921,      3.4953,      0.0081,     -0.0239,      0.3481,      0.1436,      5.6313,     11.2625,      1.2689,     28.9980,     57.9960,      0.0194,      0.0003,      0.0156,      0.2102,   7885.9712,-420063.2188,   -915.6735,    555.8013,  26286.5684,
       1,     169,     288,       9,       1,       3,       1,     10.0000,      1.4084,     42.7226,    250.7020,     63.0921,      3.4953,      0.1005,      0.0675,      3.3422,      0.1707,      5.6313,     11.2625,      1.5083,     28.9980,     57.9960,      0.0194,      0.0003,      0.1229,      0.2102,   7885.9707,-420052.7500,   -915.6931,    555.8020,  26286.5684,
       1,     169,     288,      10,       1,       3,       1,     10.0000,      1.4084,     42.7226,    250.7020,     63.0921,      3.4953,      0.1736,      0.1395,      7.8568,      0.2098,      5.6313,     11.2625,      1.8539,     28.9980,     57.9960,      0.0194,      0.0004,      0.2279,      0.2102,   7885.9707,-423675.1875,   -916.7604,    555.5503,  26286.5684,
       1,     169,     288,      11,       1,       3,       1,     10.0000,      1.4084,     42.7226,    250.7020,     63.0921,      3.4953,      0.1744,      0.1399,      8.5287,      0.2243,      5.6313,     11.2625,      1.9820,     28.9980,     57.9960,      0.0194,      0.0005,      0.2291,      0.2102,   7885.9707,-429443.5312,   -918.7509,    555.1498,  26286.5684,
       1,     169,     288,      12,       1,       3,       1,     10.0000,      1.4084,     42.7226,    250.7020,     63.0921,      3.4953,      0.1888,      0.1539,      9.9907,      0.2386,      5.6313,     11.2625,      2.1081,     28.9980,     57.9960,      0.0194,      0.0005,      0.2500,      0.2102,   7885.9707,-430741.9062,   -919.8176,    555.0599,  26286.5684,
       1,     169,     288,      13,       1,       3,       1,     10.0000,      1.4084,     42.7226,    250.7020,     63.0921,      3.4953,      0.1888,      0.1536,     10.3681,      0.2464,      5.6313,     11.2625,      2.1771,     28.9980,     57.9960,      0.0194,      0.0005,      0.2500,      0.2102,   7885.9707,-432620.2812,   -921.4033,    554.9296,  26286.5684,
       1,     169,     288,      14,       1,       3,       1,     10.0000,      1.4084,     42.7226,    250.7020,     63.0921,      3.4953,      0.1557,      0.1202,     31.1596,      0.2594,      5.6313,     11.2625,      2.2922,     28.9980,     57.9960,      0.0194,      0.0019,      0.1994,      0.2102,   7885.9707,-433234.8750,   -921.1455,    554.8869,  26286.5703,
       1,     169,     288,      15,       1,       3,       1,     10.0000,      1.4084,     42.7226,    250.7020,     63.0921,      3.4953,      0.1912,      0.1557,     90.9663,      0.2579,      5.6313,     11.2625,      2.2789,     28.9980,     57.9960,      0.0194,      0.0045,      0.2444,      0.2102,   7885.9712,-458451.7500,   -926.5059,    553.1379,  26286.5703,
       1,     169,     288,      16,       1,       3,       1,     10.0000,      1.4084,     42.7226,    250.7020,     63.0921,      3.4953,      0.1963,      0.1619,    103.7548,      0.2167,      5.6313,     11.2625,      1.9151,     28.9980,     57.9960,      0.0194,      0.0050,      0.2500,      0.2102,   7885.9712,-532991.8125,   -941.9426,    547.9868,  26286.5664,
       1,     169,     288,      17,       1,       3,       1,     10.0000,      1.4084,     42.7226,    250.7020,     63.0921,      3.4953,      0.1250,      0.0907,     68.8503,      0.2169,      5.6313,     11.2625,      1.9170,     28.9980,     57.9960,      0.0194,      0.0056,      0.1504,      0.2101,   7885.9702,-554810.3750,   -947.5099,    546.5161,  26286.5664,
       1,     169,     288,      18,       1,       3,       1,     10.0000,      1.4084,     42.7226,    250.7020,     63.0921,      3.4953,      0.0303,     -0.0042,     10.7529,      0.2223,      5.6313,     11.2625,      1.9646,     28.9980,     57.9960,      0.0194,      0.0068,      0.0192,      0.2101,   7885.9702,-514287.0625,   -940.6494,    549.2864,  26286.5684,
       1,     169,     288,      19,       1,       3,       1,     10.0000,      1.4084,     42.7226,    250.7020,     63.0921,      3.4953,      0.0171,     -0.0169,      0.9477,      0.2039,      5.6313,     11.2625,      1.8016,     28.9980,     57.9960,      0.0194,      0.0065,      0.0018,      0.2101,   7885.9707,-440510.6875,   -927.0352,    554.3590,  26286.5684,
       1,     169,     288,      20,       1,       3,       1,     10.0000,      1.4084,     42.7226,    250.7020,     63.0921,      3.4953,      0.0020,     -0.0316,      7.8566,      0.1904,      5.6313,     11.2625,      1.6828,     28.9980,     57.9960,      0.0194,      0.0061,      0.0156,      0.2102,   7885.9707,-422522.2500,   -923.8641,    555.6291,  26286.5703,
       1,     169,     288,      21,       1,       3,       1,     10.0000,      1.4084,     42.7226,    250.7020,     63.0921,      3.4953,      0.0000,     -0.0332,      5.9373,      0.1780,      5.6313,     11.2625,      1.5728,     28.9980,     57.9960,      0.0194,      0.0046,      0.0156,      0.2102,   7885.9712,-429347.6562,   -925.4109,    555.1564,  26286.5684,
       1,     169,     288,      22,       1,       3,       1,     10.0000,      1.4084,     42.7226,    250.7020,     63.0921,      3.4953,      0.0000,     -0.0331,      5.6326,      0.1760,      5.6313,     11.2625,      1.5557,     28.9980,     57.9960,      0.0194,      0.0044,      0.0156,      0.2102,   7885.9707,-427597.4688,   -925.2350,    555.2781,  26286.5684,
       1,     169,     288,      23,       1,       3,       1,     10.0000,      1.4084,     42.7226,    250.7020,     63.0921,      3.4953,      0.0000,     -0.0329,      5.9273,      0.1702,      5.6313,     11.2625,      1.5038,     28.9980,     57.9960,      0.0194,      0.0046,      0.0156,      0.2102,   7885.9707,-427081.4375,   -925.2731,    555.3139,  26286.5664,
       1,     169,     288,      24,       1,       3,       1,     10.0000,      1.4084,     42.7226,    250.7020,     63.0921,      3.4953,      0.0000,     -0.0330,      4.6578,      0.1721,      5.6313,     11.2625,      1.5204,     28.9980,     57.9960,      0.0194,      0.0036,      0.0156,      0.2102,   7885.9702,-427394.9375,   -925.4663,    555.2922,  26286.5703,
       1,     169,     289,       1,       1,       3,       1,     10.0000,      1.4084,     42.7230,    250.7079,     63.0936,      3.4953,      0.0000,     -0.0327,      3.6710,      0.1650,      5.6313,     11.2626,      1.4579,     28.9958,     57.9916,      0.0194,      0.0029,      0.0156,      0.2103,   7885.9712,-426038.6875,   -925.5679,    555.3994,  26287.7422,
       1,     169,     289,       2,       1,       3,       1,     10.0000,      1.4084,     42.7230,    250.7079,     63.0936,      3.4953,      0.0000,     -0.0327,      2.7792,      0.1640,      5.6313,     11.2626,      1.4492,     28.9958,     57.9916,      0.0194,      0.0022,      0.0156,      0.2103,   7886.3228,-424578.8438,   -925.0798,    555.5008,  26287.7402,
       1,     169,     289,       3,       1,       3,       1,     10.0000,      1.4084,     42.7230,    250.7079,     63.0936,      3.4953,      0.0000,     -0.0328,      2.7484,      0.1673,      5.6313,     11.2626,      1.4785,     28.9958,     57.9916,      0.0194,      0.0021,      0.0156,      0.2103,   7886.3223,-423377.0625,   -924.8978,    555.5842,  26287.7441,
       1,     169,     289,       4,       1,       3,       1,     10.0000,      1.4084,     42.7230,    250.7079,     63.0936,      3.4953,      0.0000,     -0.0328,      2.1307,      0.1670,      5.6313,     11.2626,      1.4755,     28.9958,     57.9916,      0.0194,      0.0017,      0.0156,      0.2103,   7886.3237,-423238.3750,   -924.9201,    555.5939,  26287.7422,
       1,     169,     289,       5,       1,       3,       1,     10.0000,      1.4084,     42.7230,    250.7079,     63.0936,      3.4953,      0.0000,     -0.0328,      2.1453,      0.1680,      5.6313,     11.2626,      1.4844,     28.9958,     57.9916,      0.0194,      0.0017,      0.0156,      0.2103,   7886.3228,-422479.5312,   -924.8101,    555.6465,  26287.7422,
       1,     169,     289,       6,       1,       3,       1,     10.0000,      1.4084,     42.7230,    250.7079,     63.0936,      3.4953,      0.0000,     -0.0325,      1.1682,      0.1577,      5.6313,     11.2626,      1.3936,     28.9958,     57.9916,      0.0194,      0.0009,      0.0156,      0.2103,   7886.3228,-422433.5312,   -924.8344,    555.6498,  26287.7422,
       1,     169,     289,       7,       1,       3,       1,     10.0000,      1.4084,     42.7230,    250.7079,     63.0936,      3.4953,      0.0000,     -0.0321,      0.7144,      0.1459,      5.6313,     11.2626,      1.2896,     28.9958,     57.9916,      0.0194,      0.0006,      0.0156,      0.2103,   7886.3228,-421247.2188,   -924.6165,    555.7322,  26287.7422,
       1,     169,     289,       8,       1,       3,       1,     10.0000,      1.4084,     42.7230,    250.7079,     63.0936,      3.4953,      0.0155,     -0.0164,      0.1692,      0.1409,      5.6313,     11.2626,      1.2448,     28.9958,     57.9916,      0.0194,      0.0010,      0.0021,      0.2103,   7886.3228,-420598.4375,   -924.0225,    555.7772,  26287.7422,
       1,     169,     289,       9,       1,       3,       1,     10.0000,      1.4084,     42.7230,    250.7079,     63.0936,      3.4953,      0.1139,      0.0817,     13.8205,      0.1495,      5.6313,     11.2626,      1.3212,     28.9958,     57.9916,      0.0194,      0.0012,      0.1413,      0.2103,   7886.3228,-419884.2500,   -923.9127,    555.8268,  26287.7422,
       1,     169,     289,      10,       1,       3,       1,     10.0000,      1.4084,     42.7230,    250.7079,     63.0936,      3.4953,      0.1651,      0.1314,     34.1409,      0.1964,      5.6313,     11.2626,      1.7353,     28.9958,     57.9916,      0.0194,      0.0020,      0.2126,      0.2103,   7886.3228,-436342.3438,   -927.2216,    554.6833,  26287.7422,
       1,     169,     289,      11,       1,       3,       1,     10.0000,      1.4084,     42.7230,    250.7079,     63.0936,      3.4953,      0.1904,      0.1558,     29.0454,      0.2256,      5.6313,     11.2626,      1.9938,     28.9958,     57.9916,      0.0194,      0.0014,      0.2500,      0.2103,   7886.3228,-462322.1875,   -932.5568,    552.8832,  26287.7422,
       1,     169,     289,      12,       1,       3,       1,     10.0000,      1.4084,     42.7230,    250.7079,     63.0936,      3.4953,      0.1840,      0.1493,     18.9566,      0.2265,      5.6313,     11.2626,      2.0016,     28.9958,     57.9916,      0.0194,      0.0010,      0.2418,      0.2102,   7886.3228,-458340.4688,   -932.1876,    553.1614,  26287.7422,
       1,     169,     289,      13,       1,       3,       1,     10.0000,      1.4084,     42.7230,    250.7079,     63.0936,      3.4953,      0.1876,      0.1529,     21.6778,      0.2308,      5.6313,     11.2626,      2.0392,     28.9958,     57.9916,      0.0194,      0.0011,      0.2469,      0.2102,   7886.3228,-445788.8438,   -929.9877,    554.0292,  26287.7422,
       1,     169,     289,      14,       1,       3,       1,     10.0000,      1.4084,     42.7230,    250.7079,     63.0936,      3.4953,      0.0785,      0.0436,      7.4619,      0.2367,      5.6313,     11.2626,      2.0917,     28.9958,     57.9916,      0.0194,      0.0010,      0.0894,      0.2102,   7886.3228,-448031.6562,   -930.6407,    553.8746,  26287.7441,
       1,     169,     289,      15,       1,       3,       1,     10.0000,      1.4084,     42.7230,    250.7079,     63.0936,      3.4953,      0.0882,      0.0533,     36.0920,      0.2369,      5.6313,     11.2626,      2.0938,     28.9958,     57.9916,      0.0194,      0.0044,      0.1002,      0.2102,   7886.3237,-431010.5938,   -927.4042,    555.0531,  26287.7422,
       1,     169,     289,      16,       1,       3,       1,     10.0000,      1.4084,     42.7230,    250.7079,     63.0936,      3.4953,      0.0918,      0.0573,     47.8304,      0.2219,      5.6313,     11.2626,      1.9608,     28.9958,     57.9916,      0.0194,      0.0056,      0.1044,      0.2103,   7886.3228,-464233.5000,   -934.0642,    552.7493,  26287.7402,
       1,     169,     289,      17,       1,       3,       1,     10.0000,      1.4084,     42.7230,    250.7079,     63.0936,      3.4953,      0.1094,      0.0758,     57.1892,      0.1925,      5.6313,     11.2626,      1.7013,     28.9958,     57.9916,      0.0194,      0.0054,      0.1294,      0.2102,   7886.3223,-481247.4062,   -937.6575,    551.5785,  26287.7422,
       1,     169,     289,      18,       1,       3,       1,     10.0000,      1.4084,     42.7230,    250.7079,     63.0936,      3.4953,      0.0802,      0.0475,     37.1125,      0.1650,      5.6313,     11.2626,      1.4579,     28.9958,     57.9916,      0.0194,      0.0050,      0.0900,      0.2102,   7886.3228,-494005.8750,   -931.2684,    550.7001,  26287.7422,
       1,     169,     289,      19,       1,       3,       1,     10.0000,      1.4084,     42.7230,    250.7079,     63.0936,      3.4953,      0.0256,     -0.0073,      5.9528,      0.1675,      5.6313,     11.2626,      1.4799,     28.9958,     57.9916,      0.0194,      0.0049,      0.0148,      0.2102,   7886.3228,-470755.8438,   -927.9517,    552.3012,  26287.7422,
       1,     169,     289,      20,       1,       3,       1,     10.0000,      1.4084,     42.7230,    250.7079,     63.0936,      3.4953,      0.0005,     -0.0324,      6.2711,      0.1695,      5.6313,     11.2626,      1.4978,     28.9958,     57.9916,      0.0194,      0.0049,      0.0156,      0.2102,   7886.3228,-431083.1250,   -921.1950,    555.0425,  26287.7402,
       1,     169,     289,      21,       1,       3,       1,     10.0000,      1.4084,     42.7230,    250.7079,     63.0936,      3.4953,      0.0000,     -0.0329,      5.6718,      0.1682,      5.6313,     11.2626,      1.4859,     28.9958,     57.9916,      0.0194,      0.0044,      0.0156,      0.2103,   7886.3223,-428157.4375,   -921.1818,    555.2523,  26287.7402,
       1,     169,     289,      22,       1,       3,       1,     10.0000,      1.4084,     42.7230,    250.7079,     63.0936,      3.4953,      0.0000,     -0.0328,      3.4656,      0.1656,      5.6313,     11.2626,      1.4637,     28.9958,     57.9916,      0.0194,      0.0027,      0.0156,      0.2103,   7886.3223,-427178.2812,   -921.4370,    555.3204,  26287.7422,
       1,     169,     289,      23,       1,       3,       1,     10.0000,      1.4084,     42.7230,    250.7079,     63.0936,      3.4953,      0.0000,     -0.0328,      1.6423,      0.1655,      5.6313,     11.2626,      1.4623,     28.9958,     57.9916,      0.0194,      0.0013,      0.0156,      0.2103,   7886.3228,-424425.8750,   -921.1687,    555.5114,  26287.7402,
       1,     169,     289,      24,       1,       3,       1,     10.0000,      1.4084,     42.7230,    250.7079,     63.0936,      3.4953,      0.0000,     -0.0328,      1.7494,      0.1673,      5.6313,     11.2626,      1.4785,     28.9958,     57.9916,      0.0194,      0.0014,      0.0156,      0.2103,   7886.3223,-421988.5938,   -920.7962,    555.6806,  26287.7402,
       1,     169,     290,       1,       1,       3,       1,     10.0000,      1.4084,     42.7233,    250.7137,     63.0951,      3.4953,      0.0000,     -0.0326,      1.5252,      0.1596,      5.6316,     11.2631,      1.4105,     28.9883,     57.9765,      0.0194,      0.0012,      0.0156,      0.2103,   7886.3223,-422067.8750,   -921.1808,    555.6882,  26288.9102,
       1,     169,     290,       2,       1,       3,       1,     10.0000,      1.4084,     42.7233,    250.7137,     63.0951,      3.4953,      0.0000,     -0.0324,      1.5291,      0.1555,      5.6316,     11.2631,      1.3742,     28.9883,     57.9765,      0.0194,      0.0012,      0.0156,      0.2103,   7886.6733,-421651.5000,   -918.7711,    555.7172,  26288.9102,
       1,     169,     290,       3,       1,       3,       1,     10.0000,      1.4084,     42.7233,    250.7137,     63.0951,      3.4953,      0.0000,     -0.0323,      1.0574,      0.1535,      5.6316,     11.2631,      1.3563,     28.9883,     57.9765,      0.0194,      0.0008,      0.0156,      0.2103,   7886.6733,-421621.1562,   -913.5145,    555.7193,  26288.9121,
       1,     169,     290,       4,       1,       3,       1,     10.0000,      1.4084,     42.7233,    250.7137,     63.0951,      3.4953,      0.0000,     -0.0323,      0.9228,      0.1509,      5.6316,     11.2631,      1.3333,     28.9883,     57.9765,      0.0194,      0.0007,      0.0156,      0.2103,   7886.6738,-421047.6562,   -910.3558,    555.7592,  26288.9121,
       1,     169,     290,       5,       1,       3,       1,     10.0000,      1.4084,     42.7233,    250.7137,     63.0951,      3.4953,      0.0000,     -0.0318,      0.9239,      0.1383,      5.6316,     11.2631,      1.2224,     28.9883,     57.9765,      0.0194,      0.0007,      0.0156,      0.2103,   7886.6738,-420836.4375,   -910.4025,    555.7738,  26288.9121,
       1,     169,     290,       6,       1,       3,       1,     10.0000,      1.4084,     42.7233,    250.7137,     63.0951,      3.4953,      0.0000,     -0.0318,      0.9725,      0.1379,      5.6316,     11.2631,      1.2187,     28.9883,     57.9765,      0.0194,      0.0008,      0.0156,      0.2103,   7886.6738,-420820.2188,   -910.3120,    555.7750,  26288.9121,
       1,     169,     290,       7,       1,       3,       1,     10.0000,      1.4084,     42.7233,    250.7137,     63.0951,      3.4953,      0.0000,     -0.0320,      0.4580,      0.1446,      5.6316,     11.2631,      1.2780,     28.9883,     57.9765,      0.0194,      0.0004,      0.0156,      0.2103,   7886.6738,-420877.5312,   -910.4235,    555.7710,  26288.9121,
       1,     169,     290,       8,       1,       3,       1,     10.0000,      1.4084,     42.7233,    250.7137,     63.0951,      3.4953,      0.0091,     -0.0229,      0.4141,      0.1448,      5.6316,     11.2631,      1.2793,     28.9883,     57.9765,      0.0194,      0.0003,      0.0156,      0.2103,   7886.6738,-420259.9375,   -910.3284,    555.8139,  26288.9121,
       1,     169,     290,       9,       1,       3,       1,     10.0000,      1.4084,     42.7233,    250.7137,     63.0951,      3.4953,      0.1322,      0.1001,      4.9635,      0.1483,      5.6316,     11.2631,      1.3107,     28.9883,     57.9765,      0.0194,      0.0004,      0.1686,      0.2103,   7886.6738,-420154.8125,   -910.3425,    555.8212,  26288.9121,
       1,     169,     290,      10,       1,       3,       1,     10.0000,      1.4084,     42.7233,    250.7137,     63.0951,      3.4953,      0.1507,      0.1183,      5.3347,      0.1561,      5.6316,     11.2631,      1.3797,     28.9883,     57.9765,      0.0194,      0.0003,      0.1950,      0.2103,   7886.6738,-425650.2188,   -911.7575,    555.4395,  26288.9121,
       1,     169,     290,      11,       1,       3,       1,     10.0000,      1.4084,     42.7233,    250.7137,     63.0951,      3.4953,      0.1891,      0.1564,      7.4364,      0.1648,      5.6316,     11.2631,      1.4565,     28.9883,     57.9765,      0.0194,      0.0004,      0.2500,      0.2103,   7886.6738,-426561.5625,   -912.5378,    555.3763,  26288.9121,
       1,     169,     290,      12,       1,       3,       1,     10.0000,      1.4084,     42.7233,    250.7137,     63.0951,      3.4953,      0.1891,      0.1554,      9.5606,      0.1939,      5.6316,     11.2631,      1.7131,     28.9883,     57.9765,      0.0194,      0.0005,      0.2500,      0.2103,   7886.6738,-429180.9688,   -914.4224,    555.1944,  26288.9102,
       1,     169,     290,      13,       1,       3,       1,     10.0000,      1.4084,     42.7233,    250.7137,     63.0951,      3.4953,      0.1889,      0.1550,      8.6563,      0.2041,      5.6316,     11.2631,      1.8035,     28.9883,     57.9765,      0.0194,      0.0004,      0.2500,      0.2103,   7886.6733,-431971.8125,   -916.1508,    555.0008,  26288.9121,
       1,     169,     290,      14,       1,       3,       1,     10.0000,      1.4084,     42.7233,    250.7137,     63.0951,      3.4953,      0.1891,      0.1547,     11.3924,      0.2178,      5.6316,     11.2631,      1.9246,     28.9883,     57.9765,      0.0194,      0.0006,      0.2500,      0.2103,   7886.6738,-431111.6250,   -917.5225,    555.0604,  26288.9121,
       1,     169,     290,      15,       1,       3,       1,     10.0000,      1.4084,     42.7233,    250.7137,     63.0951,      3.4953,      0.1897,      0.1547,     20.7563,      0.2383,      5.6316,     11.2631,      2.1061,     28.9883,     57.9765,      0.0194,      0.0010,      0.2500,      0.2103,   7886.6738,-434350.3750,   -917.3332,    554.8358,  26288.9121,
       1,     169,     290,      16,       1,       3,       1,     10.0000,      1.4084,     42.7233,    250.7137,     63.0951,      3.4953,      0.1910,      0.1565,     35.6791,      0.2210,      5.6316,     11.2631,      1.9532,     28.9883,     57.9765,      0.0194,      0.0017,      0.2500,      0.2103,   7886.6738,-445953.7500,   -921.2556,    554.0311,  26288.9121,
       1,     169,     290,      17,       1,       3,       1,     10.0000,      1.4084,     42.7233,    250.7137,     63.0951,      3.4953,      0.1926,      0.1586,     63.0387,      0.2047,      5.6316,     11.2631,      1.8088,     28.9883,     57.9765,      0.0194,      0.0031,      0.2491,      0.2103,   7886.6738,-464990.8750,   -926.1954,    552.7133,  26288.9121,
       1,     169,     290,      18,       1,       3,       1,     10.0000,      1.4084,     42.7233,    250.7137,     63.0951,      3.4953,      0.0962,      0.0628,     31.6104,      0.1876,      5.6316,     11.2631,      1.6580,     28.9883,     57.9765,      0.0194,      0.0034,      0.1133,      0.2103,   7886.6738,-499714.7500,   -933.9794,    550.3157,  26288.9121,
       1,     169,     290,      19,       1,       3,       1,     10.0000,      1.4084,     42.7233,    250.7137,     63.0951,      3.4953,      0.0237,     -0.0094,      4.0311,      0.1766,      5.6316,     11.2631,      1.5604,     28.9883,     57.9765,      0.0194,      0.0041,      0.0120,      0.2102,   7886.6738,-464569.5625,   -927.9477,    552.7386,  26288.9121,
       1,     169,     290,      20,       1,       3,       1,     10.0000,      1.4084,     42.7233,    250.7137,     63.0951,      3.4953,      0.0008,     -0.0321,      6.3426,      0.1704,      5.6316,     11.2631,      1.5053,     28.9883,     57.9765,      0.0194,      0.0049,      0.0156,      0.2103,   7886.6738,-428246.5625,   -921.4581,    555.2535,  26288.9102,
       1,     169,     290,      21,       1,       3,       1,     10.0000,      1.4084,     42.7233,    250.7137,     63.0951,      3.4953,      0.0000,     -0.0328,      5.0964,      0.1673,      5.6316,     11.2631,      1.4785,     28.9883,     57.9765,      0.0194,      0.0040,      0.0156,      0.2103,   7886.6733,-428006.4688,   -921.7303,    555.2759,  26288.9121,
       1,     169,     290,      22,       1,       3,       1,     10.0000,      1.4084,     42.7233,    250.7137,     63.0951,      3.4953,      0.0000,     -0.0328,      4.4190,      0.1673,      5.6316,     11.2631,      1.4785,     28.9883,     57.9765,      0.0194,      0.0034,      0.0156,      0.2103,   7886.6738,-426471.0938,   -921.6669,    555.3826,  26288.9102,
       1,     169,     290,      23,       1,       3,       1,     10.0000,      1.4084,     42.7233,    250.7137,     63.0951,      3.4953,      0.0000,     -0.0329,      3.0635,      0.1687,      5.6316,     11.2631,      1.4904,     28.9883,     57.9765,      0.0194,      0.0024,      0.0156,      0.2103,   7886.6733,-425522.8125,   -921.6790,    555.4484,  26288.9121,
       1,     169,     290,      24,       1,       3,       1,     10.0000,      1.4084,     42.7233,    250.7137,     63.0951,      3.4953,      0.0000,     -0.0328,      2.8642,      0.1675,      5.6316,     11.2631,      1.4800,     28.9883,     57.9765,      0.0194,      0.0022,      0.0156,      0.2103,   7886.6738,-423802.5938,   -921.4742,    555.5678,  26288.9121,
       1,     169,     291,       1,       1,       3,       1,     10.0000,      1.4084,     42.7236,    250.7196,     63.0966,      3.4953,      0.0000,     -0.0328,      2.6257,      0.1665,      5.6308,     11.2616,      1.4712,     28.9911,     57.9822,      0.0194,      0.0020,      0.0156,      0.2103,   7886.6738,-423570.9375,   -921.8052,    555.5970,  26290.0801,
       1,     169,     291,       2,       1,       3,       1,     10.0000,      1.4084,     42.7236,    250.7196,     63.0966,      3.4953,      0.0000,     -0.0326,      2.1312,      0.1617,      5.6308,     11.2616,      1.4291,     28.9911,     57.9822,      0.0194,      0.0017,      0.0156,      0.2103,   7887.0244,-423111.5938,   -921.5392,    555.6289,  26290.0762,
       1,     169,     291,       3,       1,       3,       1,     10.0000,      1.4084,     42.7236,    250.7196,     63.0966,      3.4953,      0.0000,     -0.0326,      2.2490,      0.1595,      5.6308,     11.2616,      1.4091,     28.9911,     57.9822,      0.0194,      0.0018,      0.0156,      0.2103,   7887.0229,-422475.2500,   -921.4935,    555.6731,  26290.0781,
       1,     169,     291,       4,       1,       3,       1,     10.0000,      1.4084,     42.7236,    250.7196,     63.0966,      3.4953,      0.0000,     -0.0326,      2.3802,      0.1593,      5.6308,     11.2616,      1.4077,     28.9911,     57.9822,      0.0194,      0.0019,      0.0156,      0.2103,   7887.0239,-422564.0625,   -921.5878,    555.6669,  26290.0781,
       1,     169,     291,       5,       1,       3,       1,     10.0000,      1.4084,     42.7236,    250.7196,     63.0966,      3.4953,      0.0000,     -0.0323,      2.0325,      0.1530,      5.6308,     11.2616,      1.3523,     28.9911,     57.9822,      0.0194,      0.0016,      0.0156,      0.2103,   7887.0239,-422730.1875,   -921.6909,    555.6553,  26290.0762,
       1,     169,     291,       6,       1,       3,       1,     10.0000,      1.4084,     42.7236,    250.7196,     63.0966,      3.4953,      0.0000,     -0.0317,      1.5237,      0.1360,      5.6308,     11.2616,      1.2015,     28.9911,     57.9822,      0.0194,      0.0012,      0.0156,      0.2103,   7887.0229,-422323.8750,   -921.6884,    555.6836,  26290.0801,
       1,     169,     291,       7,       1,       3,       1,     10.0000,      1.4084,     42.7236,    250.7196,     63.0966,      3.4953,      0.0000,     -0.0316,      1.2204,      0.1343,      5.6308,     11.2616,      1.1870,     28.9911,     57.9822,      0.0194,      0.0010,      0.0156,      0.2103,   7887.0244,-421673.5312,   -921.6138,    555.7288,  26290.0781,
       1,     169,     291,       8,       1,       3,       1,     10.0000,      1.4084,     42.7236,    250.7196,     63.0966,      3.4953,      0.0075,     -0.0242,      1.0378,      0.1343,      5.6308,     11.2616,      1.1870,     28.9911,     57.9822,      0.0194,      0.0008,      0.0156,      0.2103,   7887.0239,-421252.4375,   -921.5694,    555.7580,  26290.0801,
       1,     169,     291,       9,       1,       3,       1,     10.0000,      1.4084,     42.7236,    250.7196,     63.0966,      3.4953,      0.1008,      0.0686,      7.0211,      0.1477,      5.6308,     11.2616,      1.3054,     28.9911,     57.9822,      0.0194,      0.0007,      0.1233,      0.2103,   7887.0244,-420995.8438,   -921.5577,    555.7759,  26290.0762,
       1,     169,     291,      10,       1,       3,       1,     10.0000,      1.4084,     42.7236,    250.7196,     63.0966,      3.4953,      0.1720,      0.1389,     17.4405,      0.1754,      5.6308,     11.2616,      1.5496,     28.9911,     57.9822,      0.0194,      0.0009,      0.2243,      0.2103,   7887.0229,-428212.8438,   -923.0814,    555.2745,  26290.0762,
       1,     169,     291,      11,       1,       3,       1,     10.0000,      1.4084,     42.7236,    250.7196,     63.0966,      3.4953,      0.1895,      0.1560,     13.7020,      0.1865,      5.6308,     11.2616,      1.6482,     28.9911,     57.9822,      0.0194,      0.0007,      0.2500,      0.2103,   7887.0229,-441426.1250,   -926.0071,    554.3576,  26290.0801,
       1,     169,     291,      12,       1,       3,       1,     10.0000,      1.4084,     42.7236,    250.7196,     63.0966,      3.4953,      0.1891,      0.1549,     11.3996,      0.2121,      5.6308,     11.2616,      1.8742,     28.9911,     57.9822,      0.0194,      0.0006,      0.2500,      0.2103,   7887.0244,-438013.1250,   -925.8143,    554.5949,  26290.0781,
       1,     169,     291,      13,       1,       3,       1,     10.0000,      1.4084,     42.7236,    250.7196,     63.0966,      3.4953,      0.1891,      0.1544,     12.5779,      0.2306,      5.6308,     11.2616,      2.0373,     28.9911,     57.9822,      0.0194,      0.0006,      0.2500,      0.2103,   7887.0239,-434940.1875,   -924.8930,    554.8079,  26290.0781,
       1,     169,     291,      14,       1,       3,       1,     10.0000,      1.4084,     42.7236,    250.7196,     63.0966,      3.4953,      0.1910,      0.1566,     36.2793,      0.2189,      5.6308,     11.2616,      1.9341,     28.9911,     57.9822,      0.0194,      0.0018,      0.2500,      0.2103,   7887.0239,-436108.1250,   -923.6154,    554.7270,  26290.0762,
       1,     169,     291,      15,       1,       3,       1,     10.0000,      1.4084,     42.7236,    250.7196,     63.0966,      3.4953,      0.1509,      0.1168,     34.5760,      0.2080,      5.6308,     11.2616,      1.8377,     28.9911,     57.9822,      0.0194,      0.0022,      0.1918,      0.2103,   7887.0229,-464884.8125,   -929.8986,    552.7315,  26290.0781,
       1,     169,     291,      16,       1,       3,       1,     10.0000,      1.4084,     42.7236,    250.7196,     63.0966,      3.4953,      0.1923,      0.1590,     48.8389,      0.1821,      5.6308,     11.2616,      1.6093,     28.9911,     57.9822,      0.0194,      0.0024,      0.2500,      0.2103,   7887.0239,-465248.1562,   -927.6053,    552.7100,  26290.0781,
       1,     169,     291,      17,       1,       3,       1,     10.0000,      1.4084,     42.7236,    250.7196,     63.0966,      3.4953,      0.1869,      0.1536,     66.3559,      0.1794,      5.6308,     11.2616,      1.5855,     28.9911,     57.9822,      0.0194,      0.0034,      0.2402,      0.2103,   7887.0239,-482539.6875,   -930.3145,    551.5154,  26290.0762,
       1,     169,     291,      18,       1,       3,       1,     10.0000,      1.4084,     42.7236,    250.7196,     63.0966,      3.4953,      0.1563,      0.1232,     63.1795,      0.1733,      5.6308,     11.2616,      1.5311,     28.9911,     57.9822,      0.0194,      0.0039,      0.1964,      0.2103,   7887.0229,-505202.9375,   -935.8672,    549.9543,  26290.0781,
       1,     169,     291,      19,       1,       3,       1,     10.0000,      1.4084,     42.7236,    250.7196,     63.0966,      3.4953,      0.0578,      0.0249,     15.0208,      0.1685,      5.6308,     11.2616,      1.4889,     28.9911,     57.9822,      0.0194,      0.0030,      0.0601,      0.2102,   7887.0239,-503258.6562,   -934.7772,    550.0902,  26290.0781,
       1,     169,     291,      20,       1,       3,       1,     10.0000,      1.4084,     42.7236,    250.7196,     63.0966,      3.4953,      0.0040,     -0.0288,      3.4039,      0.1663,      5.6308,     11.2616,      1.4697,     28.9911,     57.9822,      0.0194,      0.0027,      0.0156,      0.2102,   7887.0239,-444762.5625,   -924.3000,    554.1124,  26290.0781,
       1,     169,     291,      21,       1,       3,       1,     10.0000,      1.4084,     42.7236,    250.7196,     63.0966,      3.4953,      0.0000,     -0.0327,      1.5680,      0.1634,      5.6308,     11.2616,      1.4434,     28.9911,     57.9822,      0.0194,      0.0012,      0.0156,      0.2103,   7887.0239,-425847.9375,   -920.9720,    555.4373,  26290.0781,
       1,     169,     291,      22,       1,       3,       1,     10.0000,      1.4084,     42.7236,    250.7196,     63.0966,      3.4953,      0.0000,     -0.0325,      2.1248,      0.1577,      5.6308,     11.2616,      1.3937,     28.9911,     57.9822,      0.0194,      0.0017,      0.0156,      0.2103,   7887.0239,-422025.4062,   -920.3349,    555.7043,  26290.0781,
       1,     169,     291,      23,       1,       3,       1,     10.0000,      1.4084,     42.7236,    250.7196,     63.0966,      3.4953,      0.0000,     -0.0324,      1.8174,      0.1541,      5.6308,     11.2616,      1.3618,     28.9911,     57.9822,      0.0194,      0.0014,      0.0156,      0.2103,   7887.0239,-422376.1250,   -920.5203,    555.6800,  26290.0762,
       1,     169,     291,      24,       1,       3,       1,     10.0000,      1.4084,     42.7236,    250.7196,     63.0966,      3.4953,      0.0000,     -0.0322,      1.0106,      0.1488,      5.6308,     11.2616,      1.3147,     28.9911,     57.9822,      0.0194,      0.0008,      0.0156,      0.2103,   7887.0229,-422033.7188,   -920.5581,    555.7037,  26290.0781,
       1,     169,     292,       1,       1,       3,       1,     10.0000,      1.4084,     42.7240,    250.7255,     63.0980,      3.4953,      0.0000,     -0.0320,      0.9707,      0.1438,      5.6307,     11.2613,      1.2703,     28.9951,     57.9901,      0.0194,      0.0008,      0.0156,      0.2103,   7887.0239,-421183.4688,   -920.7062,    555.7758,  26291.2520,
       1,     169,     292,       2,       1,       3,       1,     10.0000,      1.4084,     42.7240,    250.7255,     63.0980,      3.4953,      0.0000,     -0.0319,      1.0124,      0.1419,      5.6307,     11.2613,      1.2538,     28.9951,     57.9901,      0.0194,      0.0008,      0.0156,      0.2103,   7887.3760,-420911.7188,   -920.4268,    555.7946,  26291.2500,
       1,     169,     292,       3,       1,       3,       1,     10.0000,      1.4084,     42.7240,    250.7255,     63.0980,      3.4953,      0.0000,     -0.0320,      0.5887,      0.1446,      5.6307,     11.2613,      1.2781,     28.9951,     57.9901,      0.0194,      0.0005,      0.0156,      0.2103,   7887.3755,-420939.8438,   -920.4755,    555.7927,  26291.2520,
       1,     169,     292,       4,       1,       3,       1,     10.0000,      1.4084,     42.7240,    250.7255,     63.0980,      3.4953,      0.0000,     -0.0321,      0.9027,      0.1468,      5.6307,     11.2613,      1.2976,     28.9951,     57.9901,      0.0194,      0.0007,      0.0156,      0.2103,   7887.3760,-420429.1250,   -920.3900,    555.8281,  26291.2500,
       1,     169,     292,       5,       1,       3,       1,     10.0000,      1.4084,     42.7240,    250.7255,     63.0980,      3.4953,      0.0000,     -0.0321,      0.5574,      0.1461,      5.6307,     11.2613,      1.2910,     28.9951,     57.9901,      0.0194,      0.0004,      0.0156,      0.2103,   7887.3755,-420766.5625,   -920.4887,    555.8047,  26291.2500,
       1,     169,     292,       6,       1,       3,       1,     10.0000,      1.4084,     42.7240,    250.7255,     63.0980,      3.4953,      0.0000,     -0.0320,      0.3954,      0.1446,      5.6307,     11.2613,      1.2781,     28.9951,     57.9901,      0.0194,      0.0003,      0.0156,      0.2103,   7887.3755,-420377.1875,   -916.1520,    555.8317,  26291.2520,
       1,     169,     292,       7,       1,       3,       1,     10.0000,      1.4084,     42.7240,    250.7255,     63.0980,      3.4953,      0.0000,     -0.0320,      0.3629,      0.1433,      5.6307,     11.2613,      1.2665,     28.9951,     57.9901,      0.0194,      0.0003,      0.0156,      0.2103,   7887.3760,-420148.1875,   -916.1146,    555.8477,  26291.2520,
       1,     169,     292,       8,       1,       3,       1,     10.0000,      1.4084,     42.7240,    250.7255,     63.0980,      3.4953,      0.0112,     -0.0208,      0.3449,      0.1425,      5.6307,     11.2613,      1.2588,     28.9951,     57.9901,      0.0194,      0.0003,      0.0156,      0.2103,   7887.3760,-420089.5312,   -916.1061,    555.8517,  26291.2520,
       1,     169,     292,       9,       1,       3,       1,     10.0000,      1.4084,     42.7240,    250.7255,     63.0980,      3.4953,      0.1290,      0.0967,      3.9088,      0.1521,      5.6307,     11.2613,      1.3441,     28.9951,     57.9901,      0.0194,      0.0003,      0.1640,      0.2103,   7887.3760,-420063.0312,   -916.1282,    555.8536,  26291.2520,
       1,     169,     292,      10,       1,       3,       1,     10.0000,      1.4084,     42.7240,    250.7255,     63.0980,      3.4953,      0.1847,      0.1518,      6.5874,      0.1697,      5.6307,     11.2613,      1.4994,     28.9951,     57.9901,      0.0194,      0.0003,      0.2439,      0.2103,   7887.3760,-424371.5938,   -917.2628,    555.5542,  26291.2520,
       1,     169,     292,      11,       1,       3,       1,     10.0000,      1.4084,     42.7240,    250.7255,     63.0980,      3.4953,      0.1890,      0.1553,      7.8078,      0.1925,      5.6307,     11.2613,      1.7014,     28.9951,     57.9901,      0.0194,      0.0004,      0.2500,      0.2103,   7887.3760,-427974.0000,   -918.8692,    555.3041,  26291.2539,
       1,     169,     292,      12,       1,       3,       1,     10.0000,      1.4084,     42.7240,    250.7255,     63.0980,      3.4953,      0.1890,      0.1554,      7.7369,      0.1910,      5.6307,     11.2613,      1.6879,     28.9951,     57.9901,      0.0194,      0.0004,      0.2500,      0.2103,   7887.3765,-429752.8750,   -920.9689,    555.1807,  26291.2520,
       1,     169,     292,      13,       1,       3,       1,     10.0000,      1.4084,     42.7240,    250.7255,     63.0980,      3.4953,      0.1889,      0.1546,      8.7859,      0.2134,      5.6307,     11.2613,      1.8854,     28.9951,     57.9901,      0.0194,      0.0004,      0.2500,      0.2103,   7887.3760,-429816.6875,   -920.2819,    555.1763,  26291.2520,
       1,     169,     292,      14,       1,       3,       1,     10.0000,      1.4084,     42.7240,    250.7255,     63.0980,      3.4953,      0.1895,      0.1552,     16.0694,      0.2129,      5.6307,     11.2613,      1.8817,     28.9951,     57.9901,      0.0194,      0.0008,      0.2500,      0.2103,   7887.3760,-431091.1250,   -922.1385,    555.0879,  26291.2500,
       1,     169,     292,      15,       1,       3,       1,     10.0000,      1.4084,     42.7240,    250.7255,     63.0980,      3.4953,      0.1911,      0.1567,     37.4809,      0.2200,      5.6307,     11.2613,      1.9437,     28.9951,     57.9901,      0.0194,      0.0018,      0.2500,      0.2103,   7887.3755,-440009.7500,   -925.1206,    554.4691,  26291.2539,
       1,     169,     292,      16,       1,       3,       1,     10.0000,      1.4084,     42.7240,    250.7255,     63.0980,      3.4953,      0.1777,      0.1432,     60.1659,      0.2228,      5.6307,     11.2613,      1.9687,     28.9951,     57.9901,      0.0194,      0.0032,      0.2279,      0.2103,   7887.3765,-466665.3750,   -931.2385,    552.6219,  26291.2500,
       1,     169,     292,      17,       1,       3,       1,     10.0000,      1.4084,     42.7240,    250.7255,     63.0980,      3.4953,      0.1373,      0.1033,     39.8532,      0.2065,      5.6307,     11.2613,      1.8251,     28.9951,     57.9901,      0.0194,      0.0028,      0.1716,      0.2103,   7887.3755,-496368.7500,   -937.8120,    550.5731,  26291.2480,
       1,     169,     292,      18,       1,       3,       1,     10.0000,      1.4084,     42.7240,    250.7255,     63.0980,      3.4953,      0.0703,      0.0374,     22.8658,      0.1724,      5.6307,     11.2613,      1.5236,     28.9951,     57.9901,      0.0194,      0.0036,      0.0772,      0.2103,   7887.3745,-474267.6250,   -934.1475,    552.0980,  26291.2500,
       1,     169,     292,      19,       1,       3,       1,     10.0000,      1.4084,     42.7240,    250.7255,     63.0980,      3.4953,      0.0385,      0.0056,     10.3933,      0.1695,      5.6307,     11.2613,      1.4979,     28.9951,     57.9901,      0.0194,      0.0039,      0.0328,      0.2103,   7887.3755,-451854.3125,   -930.2269,    553.6469,  26291.2500,
       1,     169,     292,      20,       1,       3,       1,     10.0000,      1.4084,     42.7240,    250.7255,     63.0980,      3.4953,      0.0015,     -0.0313,      5.1591,      0.1662,      5.6307,     11.2613,      1.4683,     28.9951,     57.9901,      0.0194,      0.0040,      0.0156,      0.2103,   7887.3755,-434886.1562,   -927.2307,    554.8234,  26291.2500,
       1,     169,     292,      21,       1,       3,       1,     10.0000,      1.4084,     42.7240,    250.7255,     63.0980,      3.4953,      0.0000,     -0.0326,      5.1247,      0.1617,      5.6307,     11.2613,      1.4291,     28.9951,     57.9901,      0.0194,      0.0040,      0.0156,      0.2103,   7887.3755,-427130.6875,   -925.9301,    555.3624,  26291.2500,
       1,     169,     292,      22,       1,       3,       1,     10.0000,      1.4084,     42.7240,    250.7255,     63.0980,      3.4953,      0.0000,     -0.0325,      4.3595,      0.1568,      5.6307,     11.2613,      1.3853,     28.9951,     57.9901,      0.0194,      0.0034,      0.0156,      0.2103,   7887.3755,-426437.1250,   -925.9587,    555.4109,  26291.2480,
       1,     169,     292,      23,       1,       3,       1,     10.0000,      1.4084,     42.7240,    250.7255,     63.0980,      3.4953,      0.0000,     -0.0325,      2.2749,      0.1568,      5.6307,     11.2613,      1.3853,     28.9951,     57.9901,      0.0194,      0.0018,      0.0156,      0.2103,   7887.3745,-425452.9062,   -925.9175,    555.4792,  26291.2500,
       1,     169,     292,      24,       1,       3,       1,     10.0000,      1.4084,     42.7240,    250.7255,     63.0980,      3.4953,      0.0000,     -0.0321,      2.0838,      0.1471,      5.6307,     11.2613,      1.3002,     28.9951,     57.9901,      0.0194,      0.0016,      0.0156,      0.2103,   7887.3755,-422848.4375,   -914.2240,    555.6600,  26291.2480,
       1,     169,     293,       1,       1,       3,       1,     10.0000,      1.4085,     42.7243,    250.7314,     63.0995,      3.4953,      0.0000,     -0.0318,      1.8719,      0.1379,      5.6312,     11.2625,      1.2188,     28.9969,     57.9938,      0.0194,      0.0015,      0.0156,      0.2104,   7887.3745,-422552.9688,   -911.0299,    555.6936,  26292.4219,
       1,     169,     293,       2,       1,       3,       1,     10.0000,      1.4085,     42.7243,    250.7314,     63.0995,      3.4953,      0.0000,     -0.0318,      1.6054,      0.1376,      5.6312,     11.2625,      1.2163,     28.9969,     57.9938,      0.0194,      0.0013,      0.0156,      0.2104,   7887.7271,-422119.7500,   -910.6396,    555.7238,  26292.4219,
       1,     169,     293,       3,       1,       3,       1,     10.0000,      1.4085,     42.7243,    250.7314,     63.0995,      3.4953,      0.0000,     -0.0315,      1.2236,      0.1300,      5.6312,     11.2625,      1.1491,     28.9969,     57.9938,      0.0194,      0.0010,      0.0156,      0.2104,   7887.7271,-421761.0000,   -910.5546,    555.7487,  26292.4219,
       1,     169,     293,       4,       1,       3,       1,     10.0000,      1.4085,     42.7243,    250.7314,     63.0995,      3.4953,      0.0000,     -0.0314,      1.2660,      0.1281,      5.6312,     11.2625,      1.1317,     28.9969,     57.9938,      0.0194,      0.0010,      0.0156,      0.2104,   7887.7271,-421269.0938,   -910.5665,    555.7828,  26292.4219,
       1,     169,     293,       5,       1,       3,       1,     10.0000,      1.4085,     42.7243,    250.7314,     63.0995,      3.4953,      0.0000,     -0.0316,      0.4323,      0.1327,      5.6312,     11.2625,      1.1727,     28.9969,     57.9938,      0.0194,      0.0003,      0.0156,      0.2104,   7887.7271,-421279.0312,   -910.6471,    555.7822,  26292.4219,
       1,     169,     293,       6,       1,       3,       1,     10.0000,      1.4085,     42.7243,    250.7314,     63.0995,      3.4953,      0.0000,     -0.0318,      0.3366,      0.1395,      5.6312,     11.2625,      1.2324,     28.9969,     57.9938,      0.0194,      0.0003,      0.0156,      0.2104,   7887.7271,-420271.4688,   -910.4802,    555.8522,  26292.4199,
       1,     169,     293,       7,       1,       3,       1,     10.0000,      1.4085,     42.7243,    250.7314,     63.0995,      3.4953,      0.0000,     -0.0319,      0.3437,      0.1402,      5.6312,     11.2625,      1.2387,     28.9969,     57.9938,      0.0194,      0.0003,      0.0156,      0.2104,   7887.7261,-420071.2812,   -910.4461,    555.8661,  26292.4219,
       1,     169,     293,       8,       1,       3,       1,     10.0000,      1.4085,     42.7243,    250.7314,     63.0995,      3.4953,      0.0061,     -0.0257,      0.4290,      0.1388,      5.6312,     11.2625,      1.2262,     28.9969,     57.9938,      0.0194,      0.0003,      0.0156,      0.2104,   7887.7271,-420062.8750,   -910.4465,    555.8667,  26292.4199,
       1,     169,     293,       9,       1,       3,       1,     10.0000,      1.4085,     42.7243,    250.7314,     63.0995,      3.4953,      0.1232,      0.0903,      4.2678,      0.1710,      5.6312,     11.2625,      1.5115,     28.9969,     57.9938,      0.0194,      0.0003,      0.1555,      0.2104,   7887.7261,-420165.4375,   -910.4979,    555.8595,  26292.4219,
       1,     169,     293,      10,       1,       3,       1,     10.0000,      1.4085,     42.7243,    250.7314,     63.0995,      3.4953,      0.1736,      0.1400,      7.1512,      0.1933,      5.6312,     11.2625,      1.7082,     28.9969,     57.9938,      0.0194,      0.0004,      0.2279,      0.2104,   7887.7271,-424816.8125,   -912.0062,    555.5363,  26292.4219,
       1,     169,     293,      11,       1,       3,       1,     10.0000,      1.4085,     42.7243,    250.7314,     63.0995,      3.4953,      0.1889,      0.1551,      8.0606,      0.1980,      5.6312,     11.2625,      1.7492,     28.9969,     57.9938,      0.0194,      0.0004,      0.2500,      0.2104,   7887.7271,-428695.4062,   -913.9487,    555.2671,  26292.4219,
       1,     169,     293,      12,       1,       3,       1,     10.0000,      1.4085,     42.7243,    250.7314,     63.0995,      3.4953,      0.1889,      0.1546,      9.0528,      0.2168,      5.6312,     11.2625,      1.9153,     28.9969,     57.9938,      0.0194,      0.0004,      0.2500,      0.2104,   7887.7271,-430121.2188,   -915.9119,    555.1682,  26292.4238,
       1,     169,     293,      13,       1,       3,       1,     10.0000,      1.4085,     42.7243,    250.7314,     63.0995,      3.4953,      0.1888,      0.1539,      9.9807,      0.2372,      5.6312,     11.2625,      2.0960,     28.9969,     57.9938,      0.0194,      0.0005,      0.2500,      0.2104,   7887.7275,-431441.0000,   -917.5784,    555.0766,  26292.4219,
       1,     169,     293,      14,       1,       3,       1,     10.0000,      1.4085,     42.7243,    250.7314,     63.0995,      3.4953,      0.1917,      0.1567,     47.4500,      0.2414,      5.6312,     11.2625,      2.1332,     28.9969,     57.9938,      0.0194,      0.0023,      0.2500,      0.2104,   7887.7271,-432674.4062,   -917.2507,    554.9910,  26292.4219,
       1,     169,     293,      15,       1,       3,       1,     10.0000,      1.4085,     42.7243,    250.7314,     63.0995,      3.4953,      0.1618,      0.1268,     60.8054,      0.2424,      5.6312,     11.2625,      2.1415,     28.9969,     57.9938,      0.0194,      0.0036,      0.2048,      0.2104,   7887.7271,-478103.0625,   -927.4042,    551.8394,  26292.4199,
       1,     169,     293,      16,       1,       3,       1,     10.0000,      1.4085,     42.7243,    250.7314,     63.0995,      3.4953,      0.1876,      0.1532,     66.8002,      0.2185,      5.6312,     11.2625,      1.9304,     28.9969,     57.9938,      0.0194,      0.0034,      0.2415,      0.2103,   7887.7261,-498106.5000,   -932.2759,    550.4686,  26292.4219,
       1,     169,     293,      17,       1,       3,       1,     10.0000,      1.4085,     42.7243,    250.7314,     63.0995,      3.4953,      0.1919,      0.1579,     85.0271,      0.2021,      5.6312,     11.2625,      1.7859,     28.9969,     57.9938,      0.0194,      0.0042,      0.2455,      0.2103,   7887.7271,-507034.5312,   -935.3321,    549.8560,  26292.4219,
       1,     169,     293,      18,       1,       3,       1,     10.0000,      1.4085,     42.7243,    250.7314,     63.0995,      3.4953,      0.1723,      0.1388,     97.7954,      0.1901,      5.6312,     11.2625,      1.6796,     28.9969,     57.9938,      0.0194,      0.0055,      0.2157,      0.2103,   7887.7271,-529853.7500,   -941.0745,    548.2879,  26292.4199,
       1,     169,     293,      19,       1,       3,       1,     10.0000,      1.4085,     42.7243,    250.7314,     63.0995,      3.4953,      0.0941,      0.0608,     47.5409,      0.1816,      5.6312,     11.2625,      1.6046,     28.9969,     57.9938,      0.0194,      0.0053,      0.1085,      0.2103,   7887.7261,-547238.0625,   -945.6313,    547.0986,  26292.4238,
       1,     169,     293,      20,       1,       3,       1,     10.0000,      1.4085,     42.7243,    250.7314,     63.0995,      3.4953,      0.0025,     -0.0305,      6.1899,      0.1717,      5.6312,     11.2625,      1.5175,     28.9969,     57.9938,      0.0194,      0.0048,      0.0156,      0.2102,   7887.7275,-487795.9375,   -935.0624,    551.1651,  26292.4219,
       1,     169,     293,      21,       1,       3,       1,     10.0000,      1.4085,     42.7243,    250.7314,     63.0995,      3.4953,      0.0000,     -0.0329,      4.9868,      0.1695,      5.6312,     11.2625,      1.4979,     28.9969,     57.9938,      0.0194,      0.0039,      0.0156,      0.2103,   7887.7271,-432807.6562,   -924.8900,    554.9686,  26292.4219,
       1,     169,     293,      22,       1,       3,       1,     10.0000,      1.4085,     42.7243,    250.7314,     63.0995,      3.4953,      0.0000,     -0.0328,      4.0979,      0.1672,      5.6312,     11.2625,      1.4771,     28.9969,     57.9938,      0.0194,      0.0032,      0.0156,      0.2104,   7887.7271,-426764.2500,   -923.9109,    555.4010,  26292.4219,
       1,     169,     293,      23,       1,       3,       1,     10.0000,      1.4085,     42.7243,    250.7314,     63.0995,      3.4953,      0.0000,     -0.0328,      3.3137,      0.1655,      5.6312,     11.2625,      1.4624,     28.9969,     57.9938,      0.0194,      0.0026,      0.0156,      0.2104,   7887.7271,-425166.0938,   -923.7307,    555.5121,  26292.4219,
       1,     169,     293,      24,       1,       3,       1,     10.0000,      1.4085,     42.7243,    250.7314,     63.0995,      3.4953,      0.0000,     -0.0328,      2.8700,      0.1670,      5.6312,     11.2625,      1.4756,     28.9969,     57.9938,      0.0194,      0.0022,      0.0156,      0.2104,   7887.7271,-424083.1562,   -923.6114,    555.5873,  26292.4219,
       1,     169,     294,       1,       1,       3,       1,     10.0000,      1.4085,     42.7246,    250.7373,     63.1010,      3.4953,      0.0000,     -0.0328,      2.1524,      0.1675,      5.6312,     11.2623,      1.4801,     29.0029,     58.0058,      0.0194,      0.0017,      0.0156,      0.2104,   7887.7271,-423610.0938,   -923.8758,    555.6332,  26293.5957,
       1,     169,     294,       2,       1,       3,       1,     10.0000,      1.4085,     42.7246,    250.7373,     63.1010,      3.4953,      0.0000,     -0.0326,      1.8054,      0.1611,      5.6312,     11.2623,      1.4234,     29.0029,     58.0058,      0.0194,      0.0014,      0.0156,      0.2104,   7888.0791,-422550.4688,   -923.4705,    555.7068,  26293.5957,
       1,     169,     294,       3,       1,       3,       1,     10.0000,      1.4085,     42.7246,    250.7373,     63.1010,      3.4953,      0.0000,     -0.0325,      1.5749,      0.1588,      5.6312,     11.2623,      1.4036,     29.0029,     58.0058,      0.0194,      0.0012,      0.0156,      0.2104,   7888.0791,-422041.8438,   -923.4286,    555.7421,  26293.5938,
       1,     169,     294,       4,       1,       3,       1,     10.0000,      1.4085,     42.7246,    250.7373,     63.1010,      3.4953,      0.0000,     -0.0324,      1.3517,      0.1538,      5.6312,     11.2623,      1.3592,     29.0029,     58.0058,      0.0194,      0.0011,      0.0156,      0.2104,   7888.0786,-421720.5625,   -923.4130,    555.7645,  26293.5957,
       1,     169,     294,       5,       1,       3,       1,     10.0000,      1.4085,     42.7246,    250.7373,     63.1010,      3.4953,      0.0000,     -0.0321,      1.2159,      0.1451,      5.6312,     11.2623,      1.2820,     29.0029,     58.0058,      0.0194,      0.0009,      0.0156,      0.2104,   7888.0791,-421423.4062,   -923.3912,    555.7851,  26293.5957,
       1,     169,     294,       6,       1,       3,       1,     10.0000,      1.4085,     42.7246,    250.7373,     63.1010,      3.4953,      0.0000,     -0.0319,      1.2346,      0.1419,      5.6312,     11.2623,      1.2538,     29.0029,     58.0058,      0.0194,      0.0010,      0.0156,      0.2104,   7888.0791,-421234.1562,   -923.3840,    555.7982,  26293.5977,
       1,     169,     294,       7,       1,       3,       1,     10.0000,      1.4085,     42.7246,    250.7373,     63.1010,      3.4953,      0.0000,     -0.0321,      0.9742,      0.1464,      5.6312,     11.2623,      1.2937,     29.0029,     58.0058,      0.0194,      0.0008,      0.0156,      0.2104,   7888.0796,-421240.7188,   -923.4080,    555.7978,  26293.5977,
       1,     169,     294,       8,       1,       3,       1,     10.0000,      1.4085,     42.7246,    250.7373,     63.1010,      3.4953,      0.0067,     -0.0254,      0.7041,      0.1479,      5.6312,     11.2623,      1.3068,     29.0029,     58.0058,      0.0194,      0.0005,      0.0156,      0.2104,   7888.0796,-420926.4375,   -923.3639,    555.8197,  26293.5957,
       1,     169,     294,       9,       1,       3,       1,     10.0000,      1.4085,     42.7246,    250.7373,     63.1010,      3.4953,      0.1123,      0.0794,      7.5595,      0.1677,      5.6312,     11.2623,      1.4816,     29.0029,     58.0058,      0.0194,      0.0007,      0.1394,      0.2104,   7888.0791,-420573.4062,   -923.3145,    555.8442,  26293.5957,
       1,     169,     294,      10,       1,       3,       1,     10.0000,      1.4085,     42.7246,    250.7373,     63.1010,      3.4953,      0.1152,      0.0816,     15.7143,      0.1922,      5.6312,     11.2623,      1.6981,     29.0029,     58.0058,      0.0194,      0.0013,      0.1424,      0.2104,   7888.0791,-428834.0312,   -925.0350,    555.2702,  26293.5957,
       1,     169,     294,      11,       1,       3,       1,     10.0000,      1.4085,     42.7246,    250.7373,     63.1010,      3.4953,      0.1667,      0.1330,     17.7985,      0.1966,      5.6312,     11.2623,      1.7372,     29.0029,     58.0058,      0.0194,      0.0010,      0.2167,      0.2104,   7888.0791,-439391.8438,   -927.2555,    554.5377,  26293.5938,
       1,     169,     294,      12,       1,       3,       1,     10.0000,      1.4085,     42.7246,    250.7373,     63.1010,      3.4953,      0.1240,      0.0898,      7.7901,      0.2119,      5.6312,     11.2623,      1.8725,     29.0029,     58.0058,      0.0194,      0.0006,      0.1559,      0.2104,   7888.0786,-442800.5625,   -928.1918,    554.3019,  26293.5938,
       1,     169,     294,      13,       1,       3,       1,     10.0000,      1.4085,     42.7246,    250.7373,     63.1010,      3.4953,      0.0617,      0.0271,      2.4441,      0.2241,      5.6312,     11.2623,      1.9804,     29.0029,     58.0058,      0.0194,      0.0005,      0.0657,      0.2104,   7888.0786,-430978.9375,   -926.0548,    555.1211,  26293.5977,
       1,     169,     294,      14,       1,       3,       1,     10.0000,      1.4085,     42.7246,    250.7373,     63.1010,      3.4953,      0.0469,      0.0120,      5.2407,      0.2349,      5.6312,     11.2623,      2.0757,     29.0029,     58.0058,      0.0194,      0.0015,      0.0436,      0.2104,   7888.0796,-423522.2188,   -924.6652,    555.6391,  26293.5957,
       1,     169,     294,      15,       1,       3,       1,     10.0000,      1.4085,     42.7246,    250.7373,     63.1010,      3.4953,      0.0439,      0.0091,     10.2388,      0.2310,      5.6312,     11.2623,      2.0414,     29.0029,     58.0058,      0.0194,      0.0032,      0.0387,      0.2104,   7888.0791,-426278.1562,   -925.2701,    555.4479,  26293.5938,
       1,     169,     294,      16,       1,       3,       1,     10.0000,      1.4085,     42.7246,    250.7373,     63.1010,      3.4953,      0.0179,     -0.0166,      0.6976,      0.2228,      5.6312,     11.2623,      1.9688,     29.0029,     58.0058,      0.0194,      0.0037,      0.0023,      0.2104,   7888.0786,-432554.3750,   -926.6208,    555.0122,  26293.5938,
       1,     169,     294,      17,       1,       3,       1,     10.0000,      1.4085,     42.7246,    250.7373,     63.1010,      3.4953,      0.0624,      0.0282,     22.5173,      0.2119,      5.6312,     11.2623,      1.8725,     29.0029,     58.0058,      0.0194,      0.0042,      0.0648,      0.2104,   7888.0786,-421541.7500,   -924.6005,    555.7764,  26293.5957,
       1,     169,     294,      18,       1,       3,       1,     10.0000,      1.4085,     42.7246,    250.7373,     63.1010,      3.4953,      0.0873,      0.0536,     36.4057,      0.1937,      5.6312,     11.2623,      1.7116,     29.0029,     58.0058,      0.0194,      0.0044,      0.0997,      0.2104,   7888.0791,-447004.9688,   -929.7174,    554.0079,  26293.5957,
       1,     169,     294,      19,       1,       3,       1,     10.0000,      1.4085,     42.7246,    250.7373,     63.1010,      3.4953,      0.0425,      0.0093,     14.5901,      0.1802,      5.6312,     11.2623,      1.5919,     29.0029,     58.0058,      0.0194,      0.0047,      0.0378,      0.2104,   7888.0791,-465952.3125,   -933.6619,    552.6986,  26293.5977,
       1,     169,     294,      20,       1,       3,       1,     10.0000,      1.4085,     42.7246,    250.7373,     63.1010,      3.4953,      0.0008,     -0.0322,      6.0042,      0.1745,      5.6312,     11.2623,      1.5420,     29.0029,     58.0058,      0.0194,      0.0047,      0.0156,      0.2104,   7888.0796,-441143.0000,   -929.0424,    554.4141,  26293.5977,
       1,     169,     294,      21,       1,       3,       1,     10.0000,      1.4085,     42.7246,    250.7373,     63.1010,      3.4953,      0.0000,     -0.0327,      5.3274,      0.1647,      5.6312,     11.2623,      1.4552,     29.0029,     58.0058,      0.0194,      0.0042,      0.0156,      0.2104,   7888.0796,-428682.7188,   -926.7285,    555.2803,  26293.5957,
       1,     169,     294,      22,       1,       3,       1,     10.0000,      1.4085,     42.7246,    250.7373,     63.1010,      3.4953,      0.0000,     -0.0327,      4.7432,      0.1621,      5.6312,     11.2623,      1.4320,     29.0029,     58.0058,      0.0194,      0.0037,      0.0156,      0.2104,   7888.0791,-426817.1562,   -926.4362,    555.4105,  26293.5977,
       1,     169,     294,      23,       1,       3,       1,     10.0000,      1.4085,     42.7246,    250.7373,     63.1010,      3.4953,      0.0000,     -0.0325,      4.0102,      0.1584,      5.6312,     11.2623,      1.3994,     29.0029,     58.0058,      0.0194,      0.0031,      0.0156,      0.2104,   7888.0796,-425952.8438,   -926.3237,    555.4705,  26293.5957,
       1,     169,     294,      24,       1,       3,       1,     10.0000,      1.4085,     42.7246,    250.7373,     63.1010,      3.4953,      0.0000,     -0.0322,      3.2643,      0.1485,      5.6312,     11.2623,      1.3121,     29.0029,     58.0058,      0.0194,      0.0025,      0.0156,      0.2104,   7888.0791,-424993.9375,   -925.8636,    555.5370,  26293.5938,
       1,     169,     295,       1,       1,       3,       1,     10.0000,      1.4085,     42.7250,    250.7432,     63.1025,      3.4953,      0.0000,     -0.0321,      2.5162,      0.1464,      5.6328,     11.2656,      1.2937,     28.9845,     57.9690,      0.0194,      0.0020,      0.0156,      0.2104,   7888.0786,-424165.8438,   -926.0412,    555.6078,  26294.7637,
       1,     169,     295,       2,       1,       3,       1,     10.0000,      1.4085,     42.7250,    250.7432,     63.1025,      3.4953,      0.0000,     -0.0322,      1.4628,      0.1485,      5.6328,     11.2656,      1.3121,     28.9845,     57.9690,      0.0194,      0.0011,      0.0156,      0.2104,   7888.4292,-423039.9062,   -925.5920,    555.6860,  26294.7656,
       1,     169,     295,       3,       1,       3,       1,     10.0000,      1.4085,     42.7250,    250.7432,     63.1025,      3.4953,      0.0000,     -0.0321,      0.8099,      0.1473,      5.6328,     11.2656,      1.3016,     28.9845,     57.9690,      0.0194,      0.0006,      0.0156,      0.2104,   7888.4302,-421671.3750,   -925.3499,    555.7811,  26294.7637,
       1,     169,     295,       4,       1,       3,       1,     10.0000,      1.4085,     42.7250,    250.7432,     63.1025,      3.4953,      0.0000,     -0.0321,      0.7821,      0.1452,      5.6328,     11.2656,      1.2833,     28.9845,     57.9690,      0.0194,      0.0006,      0.0156,      0.2104,   7888.4292,-420767.0312,   -925.1857,    555.8439,  26294.7656,
       1,     169,     295,       5,       1,       3,       1,     10.0000,      1.4085,     42.7250,    250.7432,     63.1025,      3.4953,      0.0000,     -0.0319,      0.5020,      0.1415,      5.6328,     11.2656,      1.2501,     28.9845,     57.9690,      0.0194,      0.0004,      0.0156,      0.2104,   7888.4302,-420657.4062,   -925.1740,    555.8516,  26294.7637,
       1,     169,     295,       6,       1,       3,       1,     10.0000,      1.4085,     42.7250,    250.7432,     63.1025,      3.4953,      0.0000,     -0.0318,      0.3355,      0.1391,      5.6328,     11.2656,      1.2287,     28.9845,     57.9690,      0.0194,      0.0003,      0.0156,      0.2104,   7888.4292,-420309.5938,   -925.1115,    555.8757,  26294.7637,
       1,     169,     295,       7,       1,       3,       1,     10.0000,      1.4085,     42.7250,    250.7432,     63.1025,      3.4953,      0.0000,     -0.0317,      0.4013,      0.1348,      5.6328,     11.2656,      1.1907,     28.9845,     57.9690,      0.0194,      0.0003,      0.0156,      0.2104,   7888.4292,-420079.0000,   -925.0688,    555.8918,  26294.7637,
       1,     169,     295,       8,       1,       3,       1,     10.0000,      1.4085,     42.7250,    250.7432,     63.1025,      3.4953,      0.0291,     -0.0025,      0.4760,      0.1341,      5.6328,     11.2656,      1.1847,     28.9845,     57.9690,      0.0194,      0.0003,      0.0219,      0.2104,   7888.4292,-420139.1562,   -925.0836,    555.8876,  26294.7656,
       1,     169,     295,       9,       1,       3,       1,     10.0000,      1.4085,     42.7250,    250.7432,     63.1025,      3.4953,      0.1280,      0.0961,      3.5070,      0.1393,      5.6328,     11.2656,      1.2312,     28.9845,     57.9690,      0.0194,      0.0003,      0.1627,      0.2104,   7888.4302,-420234.3750,   -925.1112,    555.8810,  26294.7637,
       1,     169,     295,      10,       1,       3,       1,     10.0000,      1.4085,     42.7250,    250.7432,     63.1025,      3.4953,      0.1580,      0.1256,      5.0183,      0.1554,      5.6328,     11.2656,      1.3729,     28.9845,     57.9690,      0.0194,      0.0003,      0.2055,      0.2104,   7888.4292,-423907.5312,   -925.8789,    555.6257,  26294.7637,
       1,     169,     295,      11,       1,       3,       1,     10.0000,      1.4085,     42.7250,    250.7432,     63.1025,      3.4953,      0.1645,      0.1316,      5.7564,      0.1685,      5.6328,     11.2656,      1.4891,     28.9845,     57.9690,      0.0194,      0.0003,      0.2148,      0.2104,   7888.4292,-426043.9688,   -926.3820,    555.4774,  26294.7656,
       1,     169,     295,      12,       1,       3,       1,     10.0000,      1.4085,     42.7250,    250.7432,     63.1025,      3.4953,      0.1853,      0.1519,      7.4297,      0.1878,      5.6328,     11.2656,      1.6598,     28.9845,     57.9690,      0.0194,      0.0004,      0.2447,      0.2104,   7888.4302,-427115.5938,   -926.6936,    555.4030,  26294.7637,
       1,     169,     295,      13,       1,       3,       1,     10.0000,      1.4085,     42.7250,    250.7432,     63.1025,      3.4953,      0.1889,      0.1550,      8.3025,      0.2031,      5.6328,     11.2656,      1.7948,     28.9845,     57.9690,      0.0194,      0.0004,      0.2500,      0.2104,   7888.4292,-429229.2812,   -927.2319,    555.2563,  26294.7637,
       1,     169,     295,      14,       1,       3,       1,     10.0000,      1.4085,     42.7250,    250.7432,     63.1025,      3.4953,      0.1889,      0.1544,      9.6443,      0.2235,      5.6328,     11.2656,      1.9746,     28.9845,     57.9690,      0.0194,      0.0005,      0.2500,      0.2104,   7888.4292,-430462.2812,   -927.6009,    555.1707,  26294.7637,
       1,     169,     295,      15,       1,       3,       1,     10.0000,      1.4085,     42.7250,    250.7432,     63.1025,      3.4953,      0.1897,      0.1548,     20.8399,      0.2372,      5.6328,     11.2656,      2.0961,     28.9845,     57.9690,      0.0194,      0.0010,      0.2500,      0.2104,   7888.4292,-432188.5625,   -927.9827,    555.0510,  26294.7637,
       1,     169,     295,      16,       1,       3,       1,     10.0000,      1.4085,     42.7250,    250.7432,     63.1025,      3.4953,      0.1908,      0.1563,     34.1733,      0.2243,      5.6328,     11.2656,      1.9824,     28.9845,     57.9690,      0.0194,      0.0017,      0.2500,      0.2104,   7888.4292,-445873.0625,   -930.6855,    554.1015,  26294.7656,
       1,     169,     295,      17,       1,       3,       1,     10.0000,      1.4085,     42.7250,    250.7432,     63.1025,      3.4953,      0.0824,      0.0504,     18.2146,      0.1441,      5.6328,     11.2656,      1.2730,     28.9845,     57.9690,      0.0194,      0.0023,      0.0957,      0.2104,   7888.4302,-463151.8438,   -934.1375,    552.9055,  26294.7637,
       1,     169,     295,      18,       1,       3,       1,     10.0000,      1.4085,     42.7250,    250.7432,     63.1025,      3.4953,      0.0407,      0.0096,      7.8688,      0.1218,      5.6328,     11.2656,      1.0766,     28.9845,     57.9690,      0.0194,      0.0025,      0.0381,      0.2104,   7888.4292,-445295.3125,   -915.1790,    554.1409,  26294.7656,
       1,     169,     295,      19,       1,       3,       1,     10.0000,      1.4085,     42.7250,    250.7432,     63.1025,      3.4953,      0.0326,      0.0015,      7.6540,      0.1197,      5.6328,     11.2656,      1.0580,     28.9845,     57.9690,      0.0194,      0.0035,      0.0266,      0.2104,   7888.4302,-431286.2500,   -912.6536,    555.1127,  26294.7656,
       1,     169,     295,      20,       1,       3,       1,     10.0000,      1.4085,     42.7250,    250.7432,     63.1025,      3.4953,      0.0023,     -0.0288,      5.5056,      0.1211,      5.6328,     11.2656,      1.0700,     28.9845,     57.9690,      0.0194,      0.0043,      0.0156,      0.2104,   7888.4302,-429851.6875,   -912.4176,    555.2130,  26294.7637,
       1,     169,     295,      21,       1,       3,       1,     10.0000,      1.4085,     42.7250,    250.7432,     63.1025,      3.4953,      0.0000,     -0.0312,      4.6267,      0.1223,      5.6328,     11.2656,      1.0810,     28.9845,     57.9690,      0.0194,      0.0036,      0.0156,      0.2104,   7888.4292,-427132.3750,   -912.0521,    555.4019,  26294.7656,
       1,     169,     295,      22,       1,       3,       1,     10.0000,      1.4085,     42.7250,    250.7432,     63.1025,      3.4953,      0.0000,     -0.0312,      1.1244,      0.1236,      5.6328,     11.2656,      1.0921,     28.9845,     57.9690,      0.0194,      0.0009,      0.0156,      0.2104,   7888.4302,-425840.8750,   -912.3958,    555.4915,  26294.7656,
       1,     169,     295,      23,       1,       3,       1,     10.0000,      1.4085,     42.7250,    250.7432,     63.1025,      3.4953,      0.0000,     -0.0313,      0.3127,      0.1246,      5.6328,     11.2656,      1.1010,     28.9845,     57.9690,      0.0194,      0.0002,      0.0156,      0.2104,   7888.4302,-421497.3125,   -910.4582,    555.7932,  26294.7637,
       1,     169,     295,      24,       1,       3,       1,     10.0000,      1.4085,     42.7250,    250.7432,     63.1025,      3.4953,      0.0000,     -0.0313,      0.2990,      0.1257,      5.6328,     11.2656,      1.1112,     28.9845,     57.9690,      0.0194,      0.0002,      0.0156,      0.2104,   7888.4292,-420151.2500,   -910.2181,    555.8867,  26294.7637,
       1,     169,     296,       1,       1,       3,       1,     10.0000,      1.4085,     42.7253,    250.7490,     63.1040,      3.4953,      0.0000,     -0.0314,      0.3022,      0.1269,      5.6319,     11.2638,      1.1214,     28.9837,     57.9674,      0.0194,      0.0002,      0.0156,      0.2105,   7888.4292,-420175.9375,   -910.4822,    555.8981,  26295.9336,
       1,     169,     296,       2,       1,       3,       1,     10.0000,      1.4085,     42.7253,    250.7490,     63.1040,      3.4953,      0.0000,     -0.0314,      0.3064,      0.1285,      5.6319,     11.2638,      1.1352,     28.9837,     57.9674,      0.0194,      0.0002,      0.0156,      0.2105,   7888.7803,-420030.2500,   -910.2041,    555.9081,  26295.9336,
       1,     169,     296,       3,       1,       3,       1,     10.0000,      1.4085,     42.7253,    250.7490,     63.1040,      3.4953,      0.0000,     -0.0315,      0.3137,      0.1311,      5.6319,     11.2638,      1.1585,     28.9837,     57.9674,      0.0194,      0.0002,      0.0156,      0.2105,   7888.7803,-420023.2188,   -910.0753,    555.9086,  26295.9336,
       1,     169,     296,       4,       1,       3,       1,     10.0000,      1.4085,     42.7253,    250.7490,     63.1040,      3.4953,      0.0000,     -0.0315,      0.3155,      0.1318,      5.6319,     11.2638,      1.1645,     28.9837,     57.9674,      0.0194,      0.0002,      0.0156,      0.2105,   7888.7803,-420031.3438,   -910.0768,    555.9081,  26295.9336,
       1,     169,     296,       5,       1,       3,       1,     10.0000,      1.4085,     42.7253,    250.7490,     63.1040,      3.4953,      0.0000,     -0.0315,      0.3155,      0.1318,      5.6319,     11.2638,      1.1645,     28.9837,     57.9674,      0.0194,      0.0002,      0.0156,      0.2105,   7888.7803,-420034.1875,   -910.0773,    555.9078,  26295.9336,
       1,     169,     296,       6,       1,       3,       1,     10.0000,      1.4085,     42.7253,    250.7490,     63.1040,      3.4953,      0.0000,     -0.0316,      0.3169,      0.1323,      5.6319,     11.2638,      1.1692,     28.9837,     57.9674,      0.0194,      0.0002,      0.0156,      0.2105,   7888.7803,-420034.4688,   -910.0773,    555.9078,  26295.9336,
       1,     169,     296,       7,       1,       3,       1,     10.0000,      1.4085,     42.7253,    250.7490,     63.1040,      3.4953,      0.0000,     -0.0316,      0.3169,      0.1323,      5.6319,     11.2638,      1.1692,     28.9837,     57.9674,      0.0194,      0.0002,      0.0156,      0.2105,   7888.7803,-420036.2500,   -910.0793,    555.9077,  26295.9355,
       1,     169,     296,       8,       1,       3,       1,     10.0000,      1.4085,     42.7253,    250.7490,     63.1040,      3.4953,      0.0076,     -0.0240,      0.3166,      0.1322,      5.6319,     11.2638,      1.1680,     28.9837,     57.9674,      0.0194,      0.0002,      0.0156,      0.2105,   7888.7808,-420036.0625,   -910.0803,    555.9078,  26295.9336,
       1,     169,     296,       9,       1,       3,       1,     10.0000,      1.4085,     42.7253,    250.7490,     63.1040,      3.4953,      0.1295,      0.0978,      3.4936,      0.1372,      5.6319,     11.2638,      1.2127,     28.9837,     57.9674,      0.0194,      0.0003,      0.1649,      0.2105,   7888.7803,-420035.9062,   -910.1151,    555.9078,  26295.9336,
       1,     169,     296,      10,       1,       3,       1,     10.0000,      1.4085,     42.7253,    250.7490,     63.1040,      3.4953,      0.1777,      0.1454,      5.6222,      0.1534,      5.6319,     11.2638,      1.3551,     28.9837,     57.9674,      0.0194,      0.0003,      0.2337,      0.2105,   7888.7803,-423876.9688,   -911.2871,    555.6409,  26295.9336,
       1,     169,     296,      11,       1,       3,       1,     10.0000,      1.4085,     42.7253,    250.7490,     63.1040,      3.4953,      0.1600,      0.1267,      6.0734,      0.1814,      5.6319,     11.2638,      1.6031,     28.9837,     57.9674,      0.0194,      0.0004,      0.2082,      0.2104,   7888.7803,-426773.4688,   -913.1169,    555.4397,  26295.9355,
       1,     169,     296,      12,       1,       3,       1,     10.0000,      1.4085,     42.7253,    250.7490,     63.1040,      3.4953,      0.1848,      0.1508,      8.1762,      0.2047,      5.6319,     11.2638,      1.8091,     28.9837,     57.9674,      0.0194,      0.0004,      0.2440,      0.2104,   7888.7808,-427562.0312,   -913.9427,    555.3851,  26295.9336,
       1,     169,     296,      13,       1,       3,       1,     10.0000,      1.4085,     42.7253,    250.7490,     63.1040,      3.4953,      0.1845,      0.1506,      7.9508,      0.2001,      5.6319,     11.2638,      1.7685,     28.9837,     57.9674,      0.0194,      0.0004,      0.2435,      0.2104,   7888.7803,-430170.9688,   -915.6558,    555.2039,  26295.9336,
       1,     169,     296,      14,       1,       3,       1,     10.0000,      1.4085,     42.7253,    250.7490,     63.1040,      3.4953,      0.1889,      0.1548,      8.5415,      0.2082,      5.6319,     11.2638,      1.8397,     28.9837,     57.9674,      0.0194,      0.0004,      0.2500,      0.2104,   7888.7803,-430117.7812,   -916.5756,    555.2076,  26295.9316,
       1,     169,     296,      15,       1,       3,       1,     10.0000,      1.4085,     42.7253,    250.7490,     63.1040,      3.4953,      0.1894,      0.1552,     15.3878,      0.2130,      5.6319,     11.2638,      1.8818,     28.9837,     57.9674,      0.0194,      0.0007,      0.2500,      0.2104,   7888.7798,-430827.6250,   -915.6423,    555.1584,  26295.9336,
       1,     169,     296,      16,       1,       3,       1,     10.0000,      1.4085,     42.7253,    250.7490,     63.1040,      3.4953,      0.1921,      0.1583,     48.2655,      0.1988,      5.6319,     11.2638,      1.7563,     28.9837,     57.9674,      0.0194,      0.0023,      0.2500,      0.2104,   7888.7803,-439165.6562,   -918.9808,    554.5798,  26295.9316,
       1,     169,     296,      17,       1,       3,       1,     10.0000,      1.4085,     42.7253,    250.7490,     63.1040,      3.4953,      0.1838,      0.1503,     62.5823,      0.1912,      5.6319,     11.2638,      1.6898,     28.9837,     57.9674,      0.0194,      0.0032,      0.2363,      0.2104,   7888.7798,-479627.1250,   -928.1209,    551.7751,  26295.9336,
       1,     169,     296,      18,       1,       3,       1,     10.0000,      1.4085,     42.7253,    250.7490,     63.1040,      3.4953,      0.1509,      0.1178,     53.3425,      0.1740,      5.6319,     11.2638,      1.5374,     28.9837,     57.9674,      0.0194,      0.0034,      0.1897,      0.2104,   7888.7803,-500364.2500,   -933.2773,    550.3519,  26295.9336,
       1,     169,     296,      19,       1,       3,       1,     10.0000,      1.4085,     42.7253,    250.7490,     63.1040,      3.4953,      0.0584,      0.0259,     18.9260,      0.1593,      5.6319,     11.2638,      1.4079,     28.9837,     57.9674,      0.0194,      0.0038,      0.0609,      0.2104,   7888.7803,-490912.9375,   -932.4161,    551.0040,  26295.9336,
       1,     169,     296,      20,       1,       3,       1,     10.0000,      1.4085,     42.7253,    250.7490,     63.1040,      3.4953,      0.0012,     -0.0311,      4.4497,      0.1526,      5.6319,     11.2638,      1.3483,     28.9837,     57.9674,      0.0194,      0.0035,      0.0156,      0.2104,   7888.7803,-448467.3125,   -924.9364,    553.9279,  26295.9355,
       1,     169,     296,      21,       1,       3,       1,     10.0000,      1.4085,     42.7253,    250.7490,     63.1040,      3.4953,      0.0000,     -0.0322,      3.8222,      0.1480,      5.6319,     11.2638,      1.3082,     28.9837,     57.9674,      0.0194,      0.0030,      0.0156,      0.2104,   7888.7808,-427425.0938,   -921.2615,    555.3926,  26295.9316,
       1,     169,     296,      22,       1,       3,       1,     10.0000,      1.4085,     42.7253,    250.7490,     63.1040,      3.4953,      0.0000,     -0.0320,      3.6547,      0.1439,      5.6319,     11.2638,      1.2718,     28.9837,     57.9674,      0.0194,      0.0028,      0.0156,      0.2104,   7888.7798,-424897.5000,   -920.9658,    555.5700,  26295.9336,
       1,     169,     296,      23,       1,       3,       1,     10.0000,      1.4085,     42.7253,    250.7490,     63.1040,      3.4953,      0.0000,     -0.0319,      2.8549,      0.1423,      5.6319,     11.2638,      1.2577,     28.9837,     57.9674,      0.0194,      0.0022,      0.0156,      0.2104,   7888.7803,-424480.3438,   -921.0118,    555.5990,  26295.9336,
       1,     169,     296,      24,       1,       3,       1,     10.0000,      1.4085,     42.7253,    250.7490,     63.1040,      3.4953,      0.0000,     -0.0318,      2.1626,      0.1395,      5.6319,     11.2638,      1.2325,     28.9837,     57.9674,      0.0194,      0.0017,      0.0156,      0.2104,   7888.7803,-423478.2500,   -920.9389,    555.6686,  26295.9336,
       1,     169,     297,       1,       1,       3,       1,     10.0000,      1.4085,     42.7256,    250.7549,     63.1055,      3.4953,      0.0000,     -0.0319,      1.5972,      0.1398,      5.6315,     11.2630,      1.2350,     28.9885,     57.9769,      0.0194,      0.0012,      0.0156,      0.2105,   7888.7803,-422711.3438,   -921.1520,    555.7348,  26297.1035,
       1,     169,     297,       2,       1,       3,       1,     10.0000,      1.4085,     42.7256,    250.7549,     63.1055,      3.4953,      0.0000,     -0.0319,      1.4227,      0.1408,      5.6315,     11.2630,      1.2438,     28.9885,     57.9769,      0.0194,      0.0011,      0.0156,      0.2105,   7889.1313,-421811.9062,   -920.7847,    555.7973,  26297.1035,
       1,     169,     297,       3,       1,       3,       1,     10.0000,      1.4085,     42.7256,    250.7549,     63.1055,      3.4953,      0.0000,     -0.0319,      0.8055,      0.1402,      5.6315,     11.2630,      1.2388,     28.9885,     57.9769,      0.0194,      0.0006,      0.0156,      0.2105,   7889.1313,-421525.3438,   -920.7789,    555.8172,  26297.1055,
       1,     169,     297,       4,       1,       3,       1,     10.0000,      1.4085,     42.7256,    250.7549,     63.1055,      3.4953,      0.0000,     -0.0318,      0.6695,      0.1384,      5.6315,     11.2630,      1.2226,     28.9885,     57.9769,      0.0194,      0.0005,      0.0156,      0.2105,   7889.1318,-420754.7500,   -920.6566,    555.8707,  26297.1035,
       1,     169,     297,       5,       1,       3,       1,     10.0000,      1.4085,     42.7256,    250.7549,     63.1055,      3.4953,      0.0000,     -0.0318,      0.6139,      0.1378,      5.6315,     11.2630,      1.2176,     28.9885,     57.9769,      0.0194,      0.0005,      0.0156,      0.2105,   7889.1313,-420526.1875,   -920.6290,    555.8867,  26297.1016,
       1,     169,     297,       6,       1,       3,       1,     10.0000,      1.4085,     42.7256,    250.7549,     63.1055,      3.4953,      0.0000,     -0.0317,      0.7283,      0.1356,      5.6315,     11.2630,      1.1981,     28.9885,     57.9769,      0.0194,      0.0006,      0.0156,      0.2105,   7889.1309,-420439.7500,   -920.6265,    555.8926,  26297.1035,
       1,     169,     297,       7,       1,       3,       1,     10.0000,      1.4085,     42.7256,    250.7549,     63.1055,      3.4953,      0.0000,     -0.0316,      0.3548,      0.1334,      5.6315,     11.2630,      1.1788,     28.9885,     57.9769,      0.0194,      0.0003,      0.0156,      0.2105,   7889.1313,-420570.7500,   -920.6703,    555.8836,  26297.1035,
       1,     169,     297,       8,       1,       3,       1,     10.0000,      1.4085,     42.7256,    250.7549,     63.1055,      3.4953,      0.0041,     -0.0274,      0.3749,      0.1318,      5.6315,     11.2630,      1.1645,     28.9885,     57.9769,      0.0194,      0.0003,      0.0156,      0.2105,   7889.1313,-420130.0625,   -920.5904,    555.9142,  26297.1016,
       1,     169,     297,       9,       1,       3,       1,     10.0000,      1.4085,     42.7256,    250.7549,     63.1055,      3.4953,      0.0301,     -0.0020,      0.5179,      0.1441,      5.6315,     11.2630,      1.2731,     28.9885,     57.9769,      0.0194,      0.0003,      0.0228,      0.2105,   7889.1309,-420117.5938,   -920.5986,    555.9150,  26297.1035,
       1,     169,     297,      10,       1,       3,       1,     10.0000,      1.4085,     42.7256,    250.7549,     63.1055,      3.4953,      0.0834,      0.0508,      2.7644,      0.1589,      5.6315,     11.2630,      1.4037,     28.9885,     57.9769,      0.0194,      0.0003,      0.0985,      0.2105,   7889.1313,-420289.3438,   -920.6741,    555.9031,  26297.1035,
       1,     169,     297,      11,       1,       3,       1,     10.0000,      1.4085,     42.7256,    250.7549,     63.1055,      3.4953,      0.1671,      0.1338,      6.9883,      0.1842,      5.6315,     11.2630,      1.6273,     28.9885,     57.9769,      0.0194,      0.0004,      0.2185,      0.2105,   7889.1313,-423019.4062,   -921.3090,    555.7134,  26297.1035,
       1,     169,     297,      12,       1,       3,       1,     10.0000,      1.4085,     42.7256,    250.7549,     63.1055,      3.4953,      0.1895,      0.1556,     14.8003,      0.2001,      5.6315,     11.2630,      1.7685,     28.9885,     57.9769,      0.0194,      0.0007,      0.2500,      0.2105,   7889.1313,-428355.3125,   -922.6777,    555.3428,  26297.1035,
       1,     169,     297,      13,       1,       3,       1,     10.0000,      1.4085,     42.7256,    250.7549,     63.1055,      3.4953,      0.1778,      0.1441,      8.7826,      0.1974,      5.6315,     11.2630,      1.7442,     28.9885,     57.9769,      0.0194,      0.0005,      0.2338,      0.2105,   7889.1313,-438248.5000,   -925.1988,    554.6562,  26297.1035,
       1,     169,     297,      14,       1,       3,       1,     10.0000,      1.4085,     42.7256,    250.7549,     63.1055,      3.4953,      0.1226,      0.0882,     14.3125,      0.2168,      5.6315,     11.2630,      1.9155,     28.9885,     57.9769,      0.0194,      0.0011,      0.1530,      0.2105,   7889.1313,-431803.3438,   -924.3109,    555.1035,  26297.1035,
       1,     169,     297,      15,       1,       3,       1,     10.0000,      1.4085,     42.7256,    250.7549,     63.1055,      3.4953,      0.1338,      0.0989,     28.1787,      0.2365,      5.6315,     11.2630,      2.0901,     28.9885,     57.9769,      0.0194,      0.0020,      0.1676,      0.2105,   7889.1313,-437948.5938,   -925.6976,    554.6772,  26297.1035,
       1,     169,     297,      16,       1,       3,       1,     10.0000,      1.4085,     42.7256,    250.7549,     63.1055,      3.4953,      0.1379,      0.1042,     44.0980,      0.1943,      5.6315,     11.2630,      1.7168,     28.9885,     57.9769,      0.0194,      0.0031,      0.1720,      0.2105,   7889.1313,-455231.5625,   -929.3292,    553.4791,  26297.1035,
       1,     169,     297,      17,       1,       3,       1,     10.0000,      1.4085,     42.7256,    250.7549,     63.1055,      3.4953,      0.1246,      0.0921,     45.5906,      0.1585,      5.6315,     11.2630,      1.4009,     28.9885,     57.9769,      0.0194,      0.0036,      0.1529,      0.2104,   7889.1313,-475938.9688,   -923.0751,    552.0478,  26297.0020,
       1,     169,     297,      18,       1,       3,       1,     10.0000,      1.4085,     42.7256,    250.7549,     63.1055,      3.4953,      0.0948,      0.0624,     32.9977,      0.1538,      5.6315,     11.2630,      1.3593,     28.9885,     57.9769,      0.0194,      0.0036,      0.1116,      0.2104,   7889.1011,-479495.5312,   -924.9120,    551.8041,  26297.1016,
       1,     169,     297,      19,       1,       3,       1,     10.0000,      1.4085,     42.7256,    250.7549,     63.1055,      3.4953,      0.0331,      0.0016,      8.7689,      0.1318,      5.6315,     11.2630,      1.1645,     28.9885,     57.9769,      0.0194,      0.0040,      0.0268,      0.2104,   7889.1309,-464543.3438,   -923.0768,    552.8355,  26297.1035,
       1,     169,     297,      20,       1,       3,       1,     10.0000,      1.4085,     42.7256,    250.7549,     63.1055,      3.4953,      0.0008,     -0.0304,      5.8123,      0.1249,      5.6315,     11.2630,      1.1033,     28.9885,     57.9769,      0.0194,      0.0045,      0.0156,      0.2104,   7889.1313,-433985.1250,   -915.3867,    554.9482,  26297.1035,
       1,     169,     297,      21,       1,       3,       1,     10.0000,      1.4085,     42.7256,    250.7549,     63.1055,      3.4953,      0.0000,     -0.0314,      3.4469,      0.1287,      5.6315,     11.2630,      1.1376,     28.9885,     57.9769,      0.0194,      0.0027,      0.0156,      0.2105,   7889.1313,-427858.9688,   -912.8231,    555.3773,  26297.1055,
       1,     169,     297,      22,       1,       3,       1,     10.0000,      1.4085,     42.7256,    250.7549,     63.1055,      3.4953,      0.0000,     -0.0316,      1.4258,      0.1327,      5.6315,     11.2630,      1.1728,     28.9885,     57.9769,      0.0194,      0.0011,      0.0156,      0.2105,   7889.1318,-424479.9688,   -911.3167,    555.6119,  26297.1035,
       1,     169,     297,      23,       1,       3,       1,     10.0000,      1.4085,     42.7256,    250.7549,     63.1055,      3.4953,      0.0000,     -0.0316,      1.4237,      0.1341,      5.6315,     11.2630,      1.1848,     28.9885,     57.9769,      0.0194,      0.0011,      0.0156,      0.2105,   7889.1313,-421753.2500,   -910.9858,    555.8013,  26297.1016,
       1,     169,     297,      24,       1,       3,       1,     10.0000,      1.4085,     42.7256,    250.7549,     63.1055,      3.4953,      0.0000,     -0.0313,      0.7509,      0.1261,      5.6315,     11.2630,      1.1146,     28.9885,     57.9769,      0.0194,      0.0006,      0.0156,      0.2105,   7889.1309,-421521.9062,   -910.5168,    555.8174,  26297.1035,
       1,     169,     298,       1,       1,       3,       1,     10.0000,      1.4086,     42.7260,    250.7608,     63.1070,      3.4953,      0.0000,     -0.0312,      0.3675,      0.1230,      5.6327,     11.2654,      1.0866,     28.9808,     57.9615,      0.0194,      0.0003,      0.0156,      0.2105,   7889.1313,-420843.3125,   -910.5546,    555.8778,  26298.2715,
       1,     169,     298,       2,       1,       3,       1,     10.0000,      1.4086,     42.7260,    250.7608,     63.1070,      3.4953,      0.0000,     -0.0311,      0.5542,      0.1210,      5.6327,     11.2654,      1.0690,     28.9808,     57.9615,      0.0194,      0.0004,      0.0156,      0.2105,   7889.4819,-420171.5000,   -910.1135,    555.9244,  26298.2754,
       1,     169,     298,       3,       1,       3,       1,     10.0000,      1.4086,     42.7260,    250.7608,     63.1070,      3.4953,      0.0000,     -0.0310,      0.6231,      0.1179,      5.6327,     11.2654,      1.0420,     28.9808,     57.9615,      0.0194,      0.0005,      0.0156,      0.2105,   7889.4829,-420340.3125,   -910.1699,    555.9127,  26298.2754,
       1,     169,     298,       4,       1,       3,       1,     10.0000,      1.4086,     42.7260,    250.7608,     63.1070,      3.4953,      0.0000,     -0.0310,      0.7825,      0.1170,      5.6327,     11.2654,      1.0335,     28.9808,     57.9615,      0.0194,      0.0006,      0.0156,      0.2105,   7889.4829,-420437.6875,   -910.2325,    555.9060,  26298.2754,
       1,     169,     298,       5,       1,       3,       1,     10.0000,      1.4086,     42.7260,    250.7608,     63.1070,      3.4953,      0.0000,     -0.0310,      0.2766,      0.1174,      5.6327,     11.2654,      1.0377,     28.9808,     57.9615,      0.0194,      0.0002,      0.0156,      0.2105,   7889.4829,-420638.5312,   -910.3183,    555.8920,  26298.2734,
       1,     169,     298,       6,       1,       3,       1,     10.0000,      1.4086,     42.7260,    250.7608,     63.1070,      3.4953,      0.0000,     -0.0311,      0.3100,      0.1211,      5.6327,     11.2654,      1.0701,     28.9808,     57.9615,      0.0194,      0.0002,      0.0156,      0.2105,   7889.4824,-420044.1562,   -910.2125,    555.9333,  26298.2754,
       1,     169,     298,       7,       1,       3,       1,     10.0000,      1.4086,     42.7260,    250.7608,     63.1070,      3.4953,      0.0000,     -0.0312,      0.2898,      0.1223,      5.6327,     11.2654,      1.0811,     28.9808,     57.9615,      0.0194,      0.0002,      0.0156,      0.2105,   7889.4829,-420034.2812,   -910.2143,    555.9340,  26298.2734,
       1,     169,     298,       8,       1,       3,       1,     10.0000,      1.4086,     42.7260,    250.7608,     63.1070,      3.4953,      0.0047,     -0.0266,      0.2949,      0.1242,      5.6327,     11.2654,      1.0977,     28.9808,     57.9615,      0.0194,      0.0002,      0.0156,      0.2105,   7889.4824,-420009.3438,   -910.2119,    555.9357,  26298.2734,
       1,     169,     298,       9,       1,       3,       1,     10.0000,      1.4086,     42.7260,    250.7608,     63.1070,      3.4953,      0.0640,      0.0324,      1.4420,      0.1312,      5.6327,     11.2654,      1.1598,     28.9808,     57.9615,      0.0194,      0.0002,      0.0716,      0.2105,   7889.4824,-420013.4375,   -910.2268,    555.9354,  26298.2734,
       1,     169,     298,      10,       1,       3,       1,     10.0000,      1.4086,     42.7260,    250.7608,     63.1070,      3.4953,      0.1892,      0.1573,      5.6258,      0.1401,      5.6327,     11.2654,      1.2376,     28.9808,     57.9615,      0.0194,      0.0003,      0.2500,      0.2105,   7889.4824,-421400.2812,   -910.6561,    555.8391,  26298.2734,
       1,     169,     298,      11,       1,       3,       1,     10.0000,      1.4086,     42.7260,    250.7608,     63.1070,      3.4953,      0.1893,      0.1568,      8.7055,      0.1574,      5.6327,     11.2654,      1.3911,     28.9808,     57.9615,      0.0194,      0.0004,      0.2500,      0.2105,   7889.4824,-426574.0000,   -912.6069,    555.4796,  26298.2734,
       1,     169,     298,      12,       1,       3,       1,     10.0000,      1.4086,     42.7260,    250.7608,     63.1070,      3.4953,      0.1896,      0.1566,     14.4802,      0.1749,      5.6327,     11.2654,      1.5452,     28.9808,     57.9615,      0.0194,      0.0007,      0.2500,      0.2105,   7889.4824,-430731.7812,   -914.6284,    555.1910,  26298.2734,
       1,     169,     298,      13,       1,       3,       1,     10.0000,      1.4086,     42.7260,    250.7608,     63.1070,      3.4953,      0.1893,      0.1559,     11.2842,      0.1851,      5.6327,     11.2654,      1.6354,     28.9808,     57.9615,      0.0194,      0.0005,      0.2500,      0.2105,   7889.4824,-438062.0312,   -917.4194,    554.6824,  26298.2734,
       1,     169,     298,      14,       1,       3,       1,     10.0000,      1.4086,     42.7260,    250.7608,     63.1070,      3.4953,      0.1841,      0.1502,     20.1437,      0.2009,      5.6327,     11.2654,      1.7756,     28.9808,     57.9615,      0.0194,      0.0010,      0.2416,      0.2105,   7889.4824,-434813.5625,   -918.3594,    554.9078,  26298.2734,
       1,     169,     298,      15,       1,       3,       1,     10.0000,      1.4086,     42.7260,    250.7608,     63.1070,      3.4953,      0.1910,      0.1573,     33.9047,      0.1949,      5.6327,     11.2654,      1.7220,     28.9808,     57.9615,      0.0194,      0.0016,      0.2500,      0.2105,   7889.4824,-445252.0000,   -921.1204,    554.1839,  26298.2734,
       1,     169,     298,      16,       1,       3,       1,     10.0000,      1.4086,     42.7260,    250.7608,     63.1070,      3.4953,      0.1924,      0.1588,     51.5181,      0.1929,      5.6327,     11.2654,      1.7050,     28.9808,     57.9615,      0.0194,      0.0025,      0.2500,      0.2105,   7889.4824,-462768.3750,   -923.3220,    552.9709,  26298.2754,
       1,     169,     298,      17,       1,       3,       1,     10.0000,      1.4086,     42.7260,    250.7608,     63.1070,      3.4953,      0.1939,      0.1606,     69.4732,      0.1816,      5.6327,     11.2654,      1.6048,     28.9808,     57.9615,      0.0194,      0.0034,      0.2500,      0.2105,   7889.4829,-485543.2812,   -929.1872,    551.3980,  26298.2715,
       1,     169,     298,      18,       1,       3,       1,     10.0000,      1.4086,     42.7260,    250.7608,     63.1070,      3.4953,      0.1513,      0.1183,     61.5046,      0.1709,      5.6327,     11.2654,      1.5101,     28.9808,     57.9615,      0.0194,      0.0039,      0.1893,      0.2104,   7889.4819,-509180.3750,   -935.0671,    549.7711,  26298.2734,
       1,     169,     298,      19,       1,       3,       1,     10.0000,      1.4086,     42.7260,    250.7608,     63.1070,      3.4953,      0.0268,     -0.0058,      6.6463,      0.1606,      5.6327,     11.2654,      1.4193,     28.9808,     57.9615,      0.0194,      0.0048,      0.0167,      0.2104,   7889.4824,-501517.9375,   -934.6058,    550.3000,  26298.2734,
       1,     169,     298,      20,       1,       3,       1,     10.0000,      1.4086,     42.7260,    250.7608,     63.1070,      3.4953,      0.0008,     -0.0315,      5.5640,      0.1517,      5.6327,     11.2654,      1.3403,     28.9808,     57.9615,      0.0194,      0.0043,      0.0156,      0.2104,   7889.4824,-434485.5938,   -922.5178,    554.9113,  26298.2715,
       1,     169,     298,      21,       1,       3,       1,     10.0000,      1.4086,     42.7260,    250.7608,     63.1070,      3.4953,      0.0000,     -0.0321,      5.0534,      0.1472,      5.6327,     11.2654,      1.3004,     28.9808,     57.9615,      0.0194,      0.0039,      0.0156,      0.2105,   7889.4819,-427621.4375,   -921.5643,    555.4068,  26298.2715,
       1,     169,     298,      22,       1,       3,       1,     10.0000,      1.4086,     42.7260,    250.7608,     63.1070,      3.4953,      0.0000,     -0.0319,      4.1438,      0.1420,      5.6327,     11.2654,      1.2552,     28.9808,     57.9615,      0.0194,      0.0032,      0.0156,      0.2105,   7889.4819,-426405.2812,   -921.6051,    555.4915,  26298.2734,
       1,     169,     298,      23,       1,       3,       1,     10.0000,      1.4086,     42.7260,    250.7608,     63.1070,      3.4953,      0.0000,     -0.0317,      3.5408,      0.1368,      5.6327,     11.2654,      1.2091,     28.9808,     57.9615,      0.0194,      0.0028,      0.0156,      0.2105,   7889.4824,-425202.9375,   -921.5762,    555.5749,  26298.2715,
       1,     169,     298,      24,       1,       3,       1,     10.0000,      1.4086,     42.7260,    250.7608,     63.1070,      3.4953,      0.0000,     -0.0317,      2.8196,      0.1364,      5.6327,     11.2654,      1.2054,     28.9808,     57.9615,      0.0194,      0.0022,      0.0156,      0.2105,   7889.4819,-424373.5312,   -921.5763,    555.6325,  26298.2734,
       1,     169,     299,       1,       1,       3,       1,     10.0000,      1.4086,     42.7263,    250.7667,     63.1084,      3.4953,      0.0000,     -0.0316,      2.2273,      0.1335,      5.6317,     11.2633,      1.1800,     28.9846,     57.9692,      0.0194,      0.0017,      0.0156,      0.2105,   7889.4824,-423585.5938,   -921.8262,    555.7003,  26299.4395,
       1,     169,     299,       2,       1,       3,       1,     10.0000,      1.4086,     42.7263,    250.7667,     63.1084,      3.4953,      0.0000,     -0.0315,      2.2887,      0.1305,      5.6317,     11.2633,      1.1528,     28.9846,     57.9692,      0.0194,      0.0018,      0.0156,      0.2105,   7889.8320,-422652.3750,   -921.4807,    555.7651,  26299.4414,
       1,     169,     299,       3,       1,       3,       1,     10.0000,      1.4086,     42.7263,    250.7667,     63.1084,      3.4953,      0.0000,     -0.0314,      1.8595,      0.1278,      5.6317,     11.2633,      1.1295,     28.9846,     57.9692,      0.0194,      0.0014,      0.0156,      0.2105,   7889.8325,-422648.0000,   -921.5653,    555.7653,  26299.4414,
       1,     169,     299,       4,       1,       3,       1,     10.0000,      1.4086,     42.7263,    250.7667,     63.1084,      3.4953,      0.0000,     -0.0313,      1.2777,      0.1267,      5.6317,     11.2633,      1.1192,     28.9846,     57.9692,      0.0194,      0.0010,      0.0156,      0.2105,   7889.8325,-422129.0625,   -921.5322,    555.8014,  26299.4414,
       1,     169,     299,       5,       1,       3,       1,     10.0000,      1.4086,     42.7263,    250.7667,     63.1084,      3.4953,      0.0000,     -0.0314,      1.0175,      0.1268,      5.6317,     11.2633,      1.1204,     28.9846,     57.9692,      0.0194,      0.0008,      0.0156,      0.2105,   7889.8325,-421382.2812,   -921.4344,    555.8533,  26299.4434,
       1,     169,     299,       6,       1,       3,       1,     10.0000,      1.4086,     42.7263,    250.7667,     63.1084,      3.4953,      0.0000,     -0.0314,      0.8328,      0.1285,      5.6317,     11.2633,      1.1353,     28.9846,     57.9692,      0.0194,      0.0006,      0.0156,      0.2105,   7889.8335,-421004.8125,   -921.3968,    555.8795,  26299.4414,
       1,     169,     299,       7,       1,       3,       1,     10.0000,      1.4086,     42.7263,    250.7667,     63.1084,      3.4953,      0.0000,     -0.0314,      0.6831,      0.1277,      5.6317,     11.2633,      1.1284,     28.9846,     57.9692,      0.0194,      0.0005,      0.0156,      0.2105,   7889.8325,-420750.0938,   -921.3745,    555.8972,  26299.4414,
       1,     169,     299,       8,       1,       3,       1,     10.0000,      1.4086,     42.7263,    250.7667,     63.1084,      3.4953,      0.0094,     -0.0220,      1.0562,      0.1280,      5.6317,     11.2633,      1.1307,     28.9846,     57.9692,      0.0194,      0.0008,      0.0156,      0.2105,   7889.8325,-420547.7500,   -921.3563,    555.9113,  26299.4414,
       1,     169,     299,       9,       1,       3,       1,     10.0000,      1.4086,     42.7263,    250.7667,     63.1084,      3.4953,      0.1022,      0.0701,      9.5622,      0.1478,      5.6317,     11.2633,      1.3057,     28.9846,     57.9692,      0.0194,      0.0009,      0.1250,      0.2105,   7889.8325,-420981.7500,   -921.4850,    555.8811,  26299.4434,
       1,     169,     299,      10,       1,       3,       1,     10.0000,      1.4086,     42.7263,    250.7667,     63.1084,      3.4953,      0.1638,      0.1308,     20.6719,      0.1737,      5.6317,     11.2633,      1.5345,     28.9846,     57.9692,      0.0194,      0.0012,      0.2121,      0.2105,   7889.8335,-431298.4062,   -923.6060,    555.1642,  26299.4414,
       1,     169,     299,      11,       1,       3,       1,     10.0000,      1.4086,     42.7263,    250.7667,     63.1084,      3.4953,      0.1892,      0.1553,     27.5399,      0.2000,      5.6317,     11.2633,      1.7669,     28.9846,     57.9692,      0.0194,      0.0013,      0.2481,      0.2105,   7889.8325,-445595.4062,   -926.6711,    554.1726,  26299.4414,
       1,     169,     299,      12,       1,       3,       1,     10.0000,      1.4086,     42.7263,    250.7667,     63.1084,      3.4953,      0.1906,      0.1564,     30.1474,      0.2134,      5.6317,     11.2633,      1.8857,     28.9846,     57.9692,      0.0194,      0.0015,      0.2500,      0.2105,   7889.8325,-455100.6562,   -929.0226,    553.5151,  26299.4434,
       1,     169,     299,      13,       1,       3,       1,     10.0000,      1.4086,     42.7263,    250.7667,     63.1084,      3.4953,      0.1911,      0.1564,     38.1254,      0.2311,      5.6317,     11.2633,      2.0417,     28.9846,     57.9692,      0.0194,      0.0019,      0.2500,      0.2105,   7889.8335,-459050.3125,   -930.3753,    553.2421,  26299.4414,
       1,     169,     299,      14,       1,       3,       1,     10.0000,      1.4086,     42.7263,    250.7667,     63.1084,      3.4953,      0.1935,      0.1585,     69.6954,      0.2424,      5.6317,     11.2633,      2.1418,     28.9846,     57.9692,      0.0194,      0.0034,      0.2500,      0.2105,   7889.8325,-469029.0625,   -932.9222,    552.5521,  26299.4395,
       1,     169,     299,      15,       1,       3,       1,     10.0000,      1.4086,     42.7263,    250.7667,     63.1084,      3.4953,      0.1910,      0.1560,     90.9977,      0.2382,      5.6317,     11.2633,      2.1045,     28.9846,     57.9692,      0.0194,      0.0045,      0.2439,      0.2105,   7889.8320,-508048.9375,   -941.1827,    549.8575,  26299.4414,
       1,     169,     299,      16,       1,       3,       1,     10.0000,      1.4086,     42.7263,    250.7667,     63.1084,      3.4953,      0.1849,      0.1504,    118.1141,      0.2200,      5.6317,     11.2633,      1.9440,     28.9846,     57.9692,      0.0194,      0.0062,      0.2318,      0.2104,   7889.8325,-537114.1875,   -947.5508,    547.8663,  26299.4395,
       1,     169,     299,      17,       1,       3,       1,     10.0000,      1.4086,     42.7263,    250.7667,     63.1084,      3.4953,      0.1039,      0.0694,     72.7634,      0.2204,      5.6317,     11.2633,      1.9478,     28.9846,     57.9692,      0.0194,      0.0074,      0.1192,      0.2104,   7889.8320,-572379.5000,   -955.2142,    545.4548,  26299.4414,
       1,     169,     299,      18,       1,       3,       1,     10.0000,      1.4086,     42.7263,    250.7667,     63.1084,      3.4953,      0.1010,      0.0674,     70.1269,      0.1914,      5.6317,     11.2633,      1.6916,     28.9846,     57.9692,      0.0194,      0.0074,      0.1157,      0.2104,   7889.8325,-520400.7500,   -945.6555,    549.0042,  26299.4395,
       1,     169,     299,      19,       1,       3,       1,     10.0000,      1.4086,     42.7263,    250.7667,     63.1084,      3.4953,      0.0466,      0.0135,     24.4492,      0.1750,      5.6317,     11.2633,      1.5468,     28.9846,     57.9692,      0.0194,      0.0070,      0.0427,      0.2104,   7889.8320,-512895.7188,   -944.6407,    549.5308,  26299.4395,
       1,     169,     299,      20,       1,       3,       1,     10.0000,      1.4086,     42.7263,    250.7667,     63.1084,      3.4953,      0.0008,     -0.0318,      8.1802,      0.1593,      5.6317,     11.2633,      1.4080,     28.9846,     57.9692,      0.0194,      0.0064,      0.0156,      0.2104,   7889.8320,-456972.3750,   -933.8981,    553.3725,  26299.4375,
       1,     169,     299,      21,       1,       3,       1,     10.0000,      1.4086,     42.7263,    250.7667,     63.1084,      3.4953,      0.0000,     -0.0323,      7.2753,      0.1508,      5.6317,     11.2633,      1.3322,     28.9846,     57.9692,      0.0194,      0.0057,      0.0156,      0.2105,   7889.8315,-432660.2500,   -929.1874,    555.0676,  26299.4395,
       1,     169,     299,      22,       1,       3,       1,     10.0000,      1.4086,     42.7263,    250.7667,     63.1084,      3.4953,      0.0000,     -0.0321,      6.8826,      0.1472,      5.6317,     11.2633,      1.3004,     28.9846,     57.9692,      0.0194,      0.0054,      0.0156,      0.2105,   7889.8320,-429518.7188,   -928.5923,    555.2881,  26299.4414,
       1,     169,     299,      23,       1,       3,       1,     10.0000,      1.4086,     42.7263,    250.7667,     63.1084,      3.4953,      0.0000,     -0.0321,      5.3751,      0.1466,      5.6317,     11.2633,      1.2952,     28.9846,     57.9692,      0.0194,      0.0042,      0.0156,      0.2105,   7889.8325,-428777.3438,   -928.4609,    555.3397,  26299.4414,
       1,     169,     299,      24,       1,       3,       1,     10.0000,      1.4086,     42.7263,    250.7667,     63.1084,      3.4953,      0.0000,     -0.0320,      3.8303,      0.1431,      5.6317,     11.2633,      1.2642,     28.9846,     57.9692,      0.0194,      0.0030,      0.0156,      0.2105,   7889.8325,-426892.7812,   -928.1012,    555.4706,  26299.4395,
       1,     169,     300,       1,       1,       3,       1,     10.0000,      1.4086,     42.7266,    250.7725,     63.1099,      3.4953,      0.0000,     -0.0319,      2.4398,      0.1398,      5.6321,     11.2643,      1.2351,     28.9858,     57.9716,      0.0194,      0.0019,      0.0156,      0.2106,   7889.8320,-425021.7500,   -928.0198,    555.6135,  26300.6133,
       1,     169,     300,       2,       1,       3,       1,     10.0000,      1.4086,     42.7266,    250.7725,     63.1099,      3.4953,      0.0000,     -0.0317,      1.5962,      0.1356,      5.6321,     11.2643,      1.1981,     28.9858,     57.9716,      0.0194,      0.0012,      0.0156,      0.2106,   7890.1841,-423032.2812,   -927.3588,    555.7517,  26300.6113,
       1,     169,     300,       3,       1,       3,       1,     10.0000,      1.4086,     42.7266,    250.7725,     63.1099,      3.4953,      0.0000,     -0.0318,      1.3382,      0.1375,      5.6321,     11.2643,      1.2153,     28.9858,     57.9716,      0.0194,      0.0010,      0.0156,      0.2106,   7890.1836,-421845.7812,   -927.1276,    555.8341,  26300.6094,
       1,     169,     300,       4,       1,       3,       1,     10.0000,      1.4086,     42.7266,    250.7725,     63.1099,      3.4953,      0.0000,     -0.0316,      1.1543,      0.1326,      5.6321,     11.2643,      1.1717,     28.9858,     57.9716,      0.0194,      0.0009,      0.0156,      0.2106,   7890.1831,-421434.7188,   -927.0494,    555.8627,  26300.6113,
       1,     169,     300,       5,       1,       3,       1,     10.0000,      1.4086,     42.7266,    250.7725,     63.1099,      3.4953,      0.0000,     -0.0315,      0.7725,      0.1317,      5.6321,     11.2643,      1.1634,     28.9858,     57.9716,      0.0194,      0.0006,      0.0156,      0.2106,   7890.1836,-421177.6250,   -927.0010,    555.8806,  26300.6113,
       1,     169,     300,       6,       1,       3,       1,     10.0000,      1.4086,     42.7266,    250.7725,     63.1099,      3.4953,      0.0000,     -0.0315,      0.5342,      0.1314,      5.6321,     11.2643,      1.1610,     28.9858,     57.9716,      0.0194,      0.0004,      0.0156,      0.2106,   7890.1836,-420694.7188,   -926.9075,    555.9141,  26300.6113,
       1,     169,     300,       7,       1,       3,       1,     10.0000,      1.4086,     42.7266,    250.7725,     63.1099,      3.4953,      0.0000,     -0.0315,      0.3276,      0.1299,      5.6321,     11.2643,      1.1481,     28.9858,     57.9716,      0.0194,      0.0003,      0.0156,      0.2106,   7890.1836,-420366.1562,   -926.8442,    555.9370,  26300.6113,
       1,     169,     300,       8,       1,       3,       1,     10.0000,      1.4086,     42.7266,    250.7725,     63.1099,      3.4953,      0.0191,     -0.0123,      0.1574,      0.1299,      5.6321,     11.2643,      1.1481,     28.9858,     57.9716,      0.0194,      0.0002,      0.0078,      0.2106,   7890.1836,-420088.8438,   -926.7912,    555.9562,  26300.6094,
       1,     169,     300,       9,       1,       3,       1,     10.0000,      1.4086,     42.7266,    250.7725,     63.1099,      3.4953,      0.1390,      0.1074,      3.6909,      0.1344,      5.6321,     11.2643,      1.1872,     28.9858,     57.9716,      0.0194,      0.0003,      0.1785,      0.2106,   7890.1831,-419860.2500,   -926.7455,    555.9721,  26300.6094,
       1,     169,     300,      10,       1,       3,       1,     10.0000,      1.4086,     42.7266,    250.7725,     63.1099,      3.4953,      0.1830,      0.1508,      5.6054,      0.1488,      5.6321,     11.2643,      1.3149,     28.9858,     57.9716,      0.0194,      0.0003,      0.2412,      0.2106,   7890.1831,-424111.0312,   -927.5806,    555.6768,  26300.6133,
       1,     169,     300,      11,       1,       3,       1,     10.0000,      1.4086,     42.7266,    250.7725,     63.1099,      3.4953,      0.1891,      0.1560,      6.9510,      0.1740,      5.6321,     11.2643,      1.5376,     28.9858,     57.9716,      0.0194,      0.0003,      0.2500,      0.2106,   7890.1841,-426781.5000,   -928.0477,    555.4913,  26300.6113,
       1,     169,     300,      12,       1,       3,       1,     10.0000,      1.4086,     42.7266,    250.7725,     63.1099,      3.4953,      0.1890,      0.1556,      7.4869,      0.1856,      5.6321,     11.2643,      1.6404,     28.9858,     57.9716,      0.0194,      0.0004,      0.2500,      0.2106,   7890.1836,-428632.1562,   -928.2904,    555.3628,  26300.6113,
       1,     169,     300,      13,       1,       3,       1,     10.0000,      1.4086,     42.7266,    250.7725,     63.1099,      3.4953,      0.1890,      0.1552,      8.0253,      0.1972,      5.6321,     11.2643,      1.7426,     28.9858,     57.9716,      0.0194,      0.0004,      0.2500,      0.2106,   7890.1836,-429435.1875,   -928.3635,    555.3071,  26300.6113,
       1,     169,     300,      14,       1,       3,       1,     10.0000,      1.4086,     42.7266,    250.7725,     63.1099,      3.4953,      0.1889,      0.1543,      9.4146,      0.2266,      5.6321,     11.2643,      2.0021,     28.9858,     57.9716,      0.0194,      0.0005,      0.2500,      0.2105,   7890.1836,-430153.3438,   -928.3694,    555.2572,  26300.6094,
       1,     169,     300,      15,       1,       3,       1,     10.0000,      1.4086,     42.7266,    250.7725,     63.1099,      3.4953,      0.1690,      0.1340,     16.1322,      0.2403,      5.6321,     11.2643,      2.1231,     28.9858,     57.9716,      0.0194,      0.0009,      0.2203,      0.2105,   7890.1831,-431892.9062,   -928.5259,    555.1365,  26300.6113,
       1,     169,     300,      16,       1,       3,       1,     10.0000,      1.4086,     42.7266,    250.7725,     63.1099,      3.4953,      0.1925,      0.1584,     53.2900,      0.2070,      5.6321,     11.2643,      1.8290,     28.9858,     57.9716,      0.0194,      0.0026,      0.2500,      0.2105,   7890.1836,-440158.0625,   -930.1171,    554.5629,  26300.6113,
       1,     169,     300,      17,       1,       3,       1,     10.0000,      1.4086,     42.7266,    250.7725,     63.1099,      3.4953,      0.1475,      0.1141,     48.2305,      0.1840,      5.6321,     11.2643,      1.6258,     28.9858,     57.9716,      0.0194,      0.0032,      0.1854,      0.2105,   7890.1836,-485768.8438,   -939.2032,    551.4015,  26300.6113,
       1,     169,     300,      18,       1,       3,       1,     10.0000,      1.4086,     42.7266,    250.7725,     63.1099,      3.4953,      0.1665,      0.1335,     64.8734,      0.1728,      5.6321,     11.2643,      1.5269,     28.9858,     57.9716,      0.0194,      0.0037,      0.2109,      0.2105,   7890.1836,-483497.0625,   -938.9103,    551.5671,  26300.6133,
       1,     169,     300,      19,       1,       3,       1,     10.0000,      1.4086,     42.7266,    250.7725,     63.1099,      3.4953,      0.0844,      0.0519,     42.2752,      0.1555,      5.6321,     11.2643,      1.3745,     28.9858,     57.9716,      0.0194,      0.0054,      0.0955,      0.2105,   7890.1841,-503426.8438,   -943.0657,    550.1931,  26300.6094,
       1,     169,     300,      20,       1,       3,       1,     10.0000,      1.4086,     42.7266,    250.7725,     63.1099,      3.4953,      0.0067,     -0.0250,      7.6721,      0.1348,      5.6321,     11.2643,      1.1909,     28.9858,     57.9716,      0.0194,      0.0060,      0.0156,      0.2105,   7890.1831,-477757.4375,   -938.0881,    551.9601,  26300.6133,
       1,     169,     300,      21,       1,       3,       1,     10.0000,      1.4086,     42.7266,    250.7725,     63.1099,      3.4953,      0.0000,     -0.0315,      5.4734,      0.1302,      5.6321,     11.2643,      1.1504,     28.9858,     57.9716,      0.0194,      0.0043,      0.0156,      0.2105,   7890.1841,-433764.3438,   -930.3704,    554.9983,  26300.6094,
       1,     169,     300,      22,       1,       3,       1,     10.0000,      1.4086,     42.7266,    250.7725,     63.1099,      3.4953,      0.0000,     -0.0314,      3.3840,      0.1272,      5.6321,     11.2643,      1.1238,     28.9858,     57.9716,      0.0194,      0.0026,      0.0156,      0.2105,   7890.1831,-427442.3125,   -929.2648,    555.4453,  26300.6113,
       1,     169,     300,      23,       1,       3,       1,     10.0000,      1.4086,     42.7266,    250.7725,     63.1099,      3.4953,      0.0000,     -0.0312,      2.5577,      0.1237,      5.6321,     11.2643,      1.0933,     28.9858,     57.9716,      0.0194,      0.0020,      0.0156,      0.2106,   7890.1836,-424376.8438,   -928.7336,    555.6583,  26300.6113,
       1,     169,     300,      24,       1,       3,       1,     10.0000,      1.4086,     42.7266,    250.7725,     63.1099,      3.4953,      0.0000,     -0.0314,      1.4252,      0.1291,      5.6321,     11.2643,      1.1411,     28.9858,     57.9716,      0.0194,      0.0011,      0.0156,      0.2106,   7890.1836,-423120.7500,   -928.5284,    555.7455,  26300.6113,
       1,     169,     301,       1,       1,       3,       1,     10.0000,      1.4086,     42.7270,    250.7784,     63.1114,      3.4953,      0.0000,     -0.0315,      0.4289,      0.1317,      5.6318,     11.2635,      1.1634,     28.9920,     57.9839,      0.0194,      0.0003,      0.0156,      0.2106,   7890.1836,-421800.7188,   -928.5696,    555.8502,  26301.7793,
       1,     169,     301,       2,       1,       3,       1,     10.0000,      1.4086,     42.7270,    250.7784,     63.1114,      3.4953,      0.0000,     -0.0312,      0.4091,      0.1234,      5.6318,     11.2635,      1.0900,     28.9920,     57.9839,      0.0194,      0.0003,      0.0156,      0.2106,   7890.5342,-420334.6562,   -928.0148,    555.9521,  26301.7812,
       1,     169,     301,       3,       1,       3,       1,     10.0000,      1.4086,     42.7270,    250.7784,     63.1114,      3.4953,      0.0000,     -0.0312,      0.5701,      0.1220,      5.6318,     11.2635,      1.0778,     28.9920,     57.9839,      0.0194,      0.0004,      0.0156,      0.2106,   7890.5347,-420187.5312,   -927.9892,    555.9623,  26301.7793,
       1,     169,     301,       4,       1,       3,       1,     10.0000,      1.4086,     42.7270,    250.7784,     63.1114,      3.4953,      0.0000,     -0.0313,      0.3039,      0.1258,      5.6318,     11.2635,      1.1113,     28.9920,     57.9839,      0.0194,      0.0002,      0.0156,      0.2106,   7890.5342,-420369.8438,   -928.0305,    555.9496,  26301.7793,
       1,     169,     301,       5,       1,       3,       1,     10.0000,      1.4086,     42.7270,    250.7784,     63.1114,      3.4953,      0.0000,     -0.0314,      0.3493,      0.1273,      5.6318,     11.2635,      1.1250,     28.9920,     57.9839,      0.0194,      0.0003,      0.0156,      0.2106,   7890.5342,-420063.6250,   -927.9723,    555.9709,  26301.7793,
       1,     169,     301,       6,       1,       3,       1,     10.0000,      1.4086,     42.7270,    250.7784,     63.1114,      3.4953,      0.0000,     -0.0314,      0.7159,      0.1280,      5.6318,     11.2635,      1.1307,     28.9920,     57.9839,      0.0194,      0.0006,      0.0156,      0.2106,   7890.5342,-420092.6875,   -927.9798,    555.9689,  26301.7793,
       1,     169,     301,       7,       1,       3,       1,     10.0000,      1.4086,     42.7270,    250.7784,     63.1114,      3.4953,      0.0000,     -0.0314,      0.3483,      0.1286,      5.6318,     11.2635,      1.1365,     28.9920,     57.9839,      0.0194,      0.0003,      0.0156,      0.2106,   7890.5342,-420538.1562,   -928.0759,    555.9380,  26301.7793,
       1,     169,     301,       8,       1,       3,       1,     10.0000,      1.4086,     42.7270,    250.7784,     63.1114,      3.4953,      0.0177,     -0.0133,      0.1306,      0.1176,      5.6318,     11.2635,      1.0389,     28.9920,     57.9839,      0.0194,      0.0002,      0.0064,      0.2106,   7890.5342,-420131.2812,   -910.0975,    555.9663,  26301.7793,
       1,     169,     301,       9,       1,       3,       1,     10.0000,      1.4086,     42.7270,    250.7784,     63.1114,      3.4953,      0.1377,      0.1067,      3.2006,      0.1162,      5.6318,     11.2635,      1.0272,     28.9920,     57.9839,      0.0194,      0.0002,      0.1767,      0.2106,   7890.5342,-419833.9375,   -910.0765,    555.9869,  26301.7812,
       1,     169,     301,      10,       1,       3,       1,     10.0000,      1.4086,     42.7270,    250.7784,     63.1114,      3.4953,      0.1669,      0.1359,      3.8366,      0.1166,      5.6318,     11.2635,      1.0304,     28.9920,     57.9839,      0.0194,      0.0002,      0.2182,      0.2106,   7890.5347,-423518.5312,   -911.0240,    555.7308,  26301.7812,
       1,     169,     301,      11,       1,       3,       1,     10.0000,      1.4086,     42.7270,    250.7784,     63.1114,      3.4953,      0.1893,      0.1581,      5.1628,      0.1237,      5.6318,     11.2635,      1.0933,     28.9920,     57.9839,      0.0194,      0.0003,      0.2500,      0.2106,   7890.5347,-424596.5625,   -911.3943,    555.6560,  26301.7812,
       1,     169,     301,      12,       1,       3,       1,     10.0000,      1.4086,     42.7270,    250.7784,     63.1114,      3.4953,      0.1897,      0.1581,     11.7847,      0.1344,      5.6318,     11.2635,      1.1873,     28.9920,     57.9839,      0.0194,      0.0006,      0.2500,      0.2106,   7890.5347,-426289.5938,   -913.6420,    555.5385,  26301.7793,
       1,     169,     301,      13,       1,       3,       1,     10.0000,      1.4086,     42.7270,    250.7784,     63.1114,      3.4953,      0.1892,      0.1573,      5.9187,      0.1411,      5.6318,     11.2635,      1.2464,     28.9920,     57.9839,      0.0194,      0.0003,      0.2500,      0.2106,   7890.5342,-434433.9062,   -916.6757,    554.9728,  26301.7812,
       1,     169,     301,      14,       1,       3,       1,     10.0000,      1.4086,     42.7270,    250.7784,     63.1114,      3.4953,      0.1892,      0.1573,      5.4712,      0.1412,      5.6318,     11.2635,      1.2477,     28.9920,     57.9839,      0.0194,      0.0003,      0.2500,      0.2106,   7890.5347,-428028.7500,   -917.0571,    555.4175,  26301.7812,
       1,     169,     301,      15,       1,       3,       1,     10.0000,      1.4086,     42.7270,    250.7784,     63.1114,      3.4953,      0.1487,      0.1167,      5.2917,      0.1431,      5.6318,     11.2635,      1.2642,     28.9920,     57.9839,      0.0194,      0.0003,      0.1921,      0.2106,   7890.5347,-426950.5000,   -918.0045,    555.4926,  26301.7812,
       1,     169,     301,      16,       1,       3,       1,     10.0000,      1.4086,     42.7270,    250.7784,     63.1114,      3.4953,      0.0202,     -0.0118,      0.3546,      0.1438,      5.6318,     11.2635,      1.2706,     28.9920,     57.9839,      0.0194,      0.0005,      0.0087,      0.2106,   7890.5347,-426642.9062,   -918.3582,    555.5139,  26301.7832,
       1,     169,     301,      17,       1,       3,       1,     10.0000,      1.4086,     42.7270,    250.7784,     63.1114,      3.4953,      0.0228,     -0.0095,      0.9872,      0.1535,      5.6318,     11.2635,      1.3567,     28.9920,     57.9839,      0.0194,      0.0010,      0.0120,      0.2106,   7890.5352,-420650.6875,   -917.2978,    555.9301,  26301.7812,
       1,     169,     301,      18,       1,       3,       1,     10.0000,      1.4086,     42.7270,    250.7784,     63.1114,      3.4953,      0.0600,      0.0281,      9.5393,      0.1421,      5.6318,     11.2635,      1.2553,     28.9920,     57.9839,      0.0194,      0.0018,      0.0648,      0.2106,   7890.5347,-420912.6562,   -917.4487,    555.9119,  26301.7812,
       1,     169,     301,      19,       1,       3,       1,     10.0000,      1.4086,     42.7270,    250.7784,     63.1114,      3.4953,      0.0237,     -0.0079,      1.8656,      0.1335,      5.6318,     11.2635,      1.1801,     28.9920,     57.9839,      0.0194,      0.0016,      0.0140,      0.2106,   7890.5347,-431268.3125,   -919.6448,    555.1923,  26301.7812,
       1,     169,     301,      20,       1,       3,       1,     10.0000,      1.4086,     42.7270,    250.7784,     63.1114,      3.4953,      0.0008,     -0.0307,      2.0927,      0.1326,      5.6318,     11.2635,      1.1717,     28.9920,     57.9839,      0.0194,      0.0016,      0.0156,      0.2106,   7890.5347,-422865.3125,   -918.2455,    555.7759,  26301.7793,
       1,     169,     301,      21,       1,       3,       1,     10.0000,      1.4086,     42.7270,    250.7784,     63.1114,      3.4953,      0.0000,     -0.0316,      2.6146,      0.1334,      5.6318,     11.2635,      1.1789,     28.9920,     57.9839,      0.0194,      0.0020,      0.0156,      0.2106,   7890.5342,-422435.0000,   -918.3015,    555.8062,  26301.7832,
       1,     169,     301,      22,       1,       3,       1,     10.0000,      1.4086,     42.7270,    250.7784,     63.1114,      3.4953,      0.0000,     -0.0315,      3.0127,      0.1302,      5.6318,     11.2635,      1.1505,     28.9920,     57.9839,      0.0194,      0.0023,      0.0156,      0.2106,   7890.5352,-423028.4688,   -918.5331,    555.7650,  26301.7832,
       1,     169,     301,      23,       1,       3,       1,     10.0000,      1.4086,     42.7270,    250.7784,     63.1114,      3.4953,      0.0000,     -0.0316,      1.9283,      0.1318,      5.6318,     11.2635,      1.1646,     28.9920,     57.9839,      0.0194,      0.0015,      0.0156,      0.2106,   7890.5352,-423559.2812,   -918.7823,    555.7280,  26301.7812,
       1,     169,     301,      24,       1,       3,       1,     10.0000,      1.4086,     42.7270,    250.7784,     63.1114,      3.4953,      0.0000,     -0.0314,      1.3499,      0.1276,      5.6318,     11.2635,      1.1273,     28.9920,     57.9839,      0.0194,      0.0011,      0.0156,      0.2106,   7890.5347,-422294.0312,   -918.6402,    555.8159,  26301.7812,
       1,     169,     302,       1,       1,       3,       1,     10.0000,      1.4087,     42.7273,    250.7843,     63.1129,      3.4953,      0.0000,     -0.0313,      1.7273,      0.1256,      5.6328,     11.2656,      1.1102,     28.9861,     57.9723,      0.0194,      0.0013,      0.0156,      0.2106,   7890.5347,-421643.5000,   -918.8494,    555.8742,  26302.9531,
       1,     169,     302,       2,       1,       3,       1,     10.0000,      1.4087,     42.7273,    250.7843,     63.1129,      3.4953,      0.0000,     -0.0312,      1.9344,      0.1236,      5.6328,     11.2656,      1.0922,     28.9861,     57.9723,      0.0194,      0.0015,      0.0156,      0.2106,   7890.8862,-421893.0312,   -918.7285,    555.8569,  26302.9531,
       1,     169,     302,       3,       1,       3,       1,     10.0000,      1.4087,     42.7273,    250.7843,     63.1129,      3.4953,      0.0000,     -0.0311,      1.6621,      0.1207,      5.6328,     11.2656,      1.0669,     28.9861,     57.9723,      0.0194,      0.0013,      0.0156,      0.2106,   7890.8862,-422164.2188,   -918.9012,    555.8381,  26302.9531,
       1,     169,     302,       4,       1,       3,       1,     10.0000,      1.4087,     42.7273,    250.7843,     63.1129,      3.4953,      0.0000,     -0.0311,      1.9860,      0.1214,      5.6328,     11.2656,      1.0724,     28.9861,     57.9723,      0.0194,      0.0015,      0.0156,      0.2106,   7890.8862,-421857.9375,   -918.9374,    555.8593,  26302.9531,
       1,     169,     302,       5,       1,       3,       1,     10.0000,      1.4087,     42.7273,    250.7843,     63.1129,      3.4953,      0.0000,     -0.0312,      0.8212,      0.1221,      5.6328,     11.2656,      1.0790,     28.9861,     57.9723,      0.0194,      0.0006,      0.0156,      0.2106,   7890.8862,-422223.6562,   -919.1177,    555.8339,  26302.9531,
       1,     169,     302,       6,       1,       3,       1,     10.0000,      1.4087,     42.7273,    250.7843,     63.1129,      3.4953,      0.0000,     -0.0311,      0.3884,      0.1206,      5.6328,     11.2656,      1.0658,     28.9861,     57.9723,      0.0194,      0.0003,      0.0156,      0.2106,   7890.8862,-420847.0312,   -917.2571,    555.9296,  26302.9531,
       1,     169,     302,       7,       1,       3,       1,     10.0000,      1.4087,     42.7273,    250.7843,     63.1129,      3.4953,      0.0000,     -0.0310,      0.3061,      0.1189,      5.6328,     11.2656,      1.0507,     28.9861,     57.9723,      0.0194,      0.0002,      0.0156,      0.2106,   7890.8862,-420208.5312,   -917.1467,    555.9739,  26302.9531,
       1,     169,     302,       8,       1,       3,       1,     10.0000,      1.4087,     42.7273,    250.7843,     63.1129,      3.4953,      0.0109,     -0.0202,      0.2838,      0.1193,      5.6328,     11.2656,      1.0539,     28.9861,     57.9723,      0.0194,      0.0002,      0.0156,      0.2106,   7890.8862,-420055.4688,   -917.1216,    555.9846,  26302.9551,
       1,     169,     302,       9,       1,       3,       1,     10.0000,      1.4087,     42.7273,    250.7843,     63.1129,      3.4953,      0.1042,      0.0731,      2.3737,      0.1212,      5.6328,     11.2656,      1.0713,     28.9861,     57.9723,      0.0194,      0.0002,      0.1291,      0.2106,   7890.8867,-420015.2812,   -915.0995,    555.9874,  26302.9531,
       1,     169,     302,      10,       1,       3,       1,     10.0000,      1.4087,     42.7273,    250.7843,     63.1129,      3.4953,      0.1463,      0.1147,      3.8409,      0.1325,      5.6328,     11.2656,      1.1705,     28.9861,     57.9723,      0.0194,      0.0002,      0.1888,      0.2106,   7890.8862,-422537.3125,   -915.8261,    555.8121,  26302.9531,
       1,     169,     302,      11,       1,       3,       1,     10.0000,      1.4087,     42.7273,    250.7843,     63.1129,      3.4953,      0.1891,      0.1565,      6.3931,      0.1618,      5.6328,     11.2656,      1.4294,     28.9861,     57.9723,      0.0194,      0.0003,      0.2500,      0.2106,   7890.8862,-424521.8125,   -916.6161,    555.6743,  26302.9551,
       1,     169,     302,      12,       1,       3,       1,     10.0000,      1.4087,     42.7273,    250.7843,     63.1129,      3.4953,      0.1891,      0.1560,      7.1300,      0.1738,      5.6328,     11.2656,      1.5361,     28.9861,     57.9723,      0.0194,      0.0003,      0.2500,      0.2106,   7890.8867,-427771.6875,   -917.9715,    555.4485,  26302.9531,
       1,     169,     302,      13,       1,       3,       1,     10.0000,      1.4087,     42.7273,    250.7843,     63.1129,      3.4953,      0.1890,      0.1552,      8.1126,      0.1980,      5.6328,     11.2656,      1.7496,     28.9861,     57.9723,      0.0194,      0.0004,      0.2500,      0.2106,   7890.8862,-428935.3750,   -919.4011,    555.3678,  26302.9531,
       1,     169,     302,      14,       1,       3,       1,     10.0000,      1.4087,     42.7273,    250.7843,     63.1129,      3.4953,      0.1891,      0.1547,     11.0875,      0.2181,      5.6328,     11.2656,      1.9270,     28.9861,     57.9723,      0.0194,      0.0005,      0.2500,      0.2106,   7890.8862,-430220.3750,   -920.8666,    555.2786,  26302.9531,
       1,     169,     302,      15,       1,       3,       1,     10.0000,      1.4087,     42.7273,    250.7843,     63.1129,      3.4953,      0.1897,      0.1553,     19.4503,      0.2209,      5.6328,     11.2656,      1.9518,     28.9861,     57.9723,      0.0194,      0.0009,      0.2500,      0.2106,   7890.8862,-433922.8125,   -921.6534,    555.0216,  26302.9551,
       1,     169,     302,      16,       1,       3,       1,     10.0000,      1.4087,     42.7273,    250.7843,     63.1129,      3.4953,      0.1920,      0.1586,     45.0968,      0.1838,      5.6328,     11.2656,      1.6242,     28.9861,     57.9723,      0.0194,      0.0022,      0.2500,      0.2106,   7890.8867,-444339.1250,   -924.9026,    554.2991,  26302.9512,
       1,     169,     302,      17,       1,       3,       1,     10.0000,      1.4087,     42.7273,    250.7843,     63.1129,      3.4953,      0.1835,      0.1510,     48.9367,      0.1574,      5.6328,     11.2656,      1.3912,     28.9861,     57.9723,      0.0194,      0.0025,      0.2370,      0.2106,   7890.8857,-476210.6562,   -931.7051,    552.0912,  26302.9531,
       1,     169,     302,      18,       1,       3,       1,     10.0000,      1.4087,     42.7273,    250.7843,     63.1129,      3.4953,      0.1579,      0.1250,     70.9422,      0.1690,      5.6328,     11.2656,      1.4938,     28.9861,     57.9723,      0.0194,      0.0044,      0.1978,      0.2106,   7890.8862,-483536.4375,   -933.7244,    551.5900,  26302.9531,
       1,     169,     302,      19,       1,       3,       1,     10.0000,      1.4087,     42.7273,    250.7843,     63.1129,      3.4953,      0.0671,      0.0344,     31.7025,      0.1639,      5.6328,     11.2656,      1.4482,     28.9861,     57.9723,      0.0194,      0.0054,      0.0718,      0.2105,   7890.8862,-510756.3125,   -939.6321,    549.7135,  26302.9551,
       1,     169,     302,      20,       1,       3,       1,     10.0000,      1.4087,     42.7273,    250.7843,     63.1129,      3.4953,      0.0013,     -0.0306,      6.6008,      0.1409,      5.6328,     11.2656,      1.2452,     28.9861,     57.9723,      0.0194,      0.0051,      0.0156,      0.2105,   7890.8867,-465569.8438,   -931.4163,    552.8217,  26302.9531,
       1,     169,     302,      21,       1,       3,       1,     10.0000,      1.4087,     42.7273,    250.7843,     63.1129,      3.4953,      0.0000,     -0.0317,      4.5528,      0.1350,      5.6328,     11.2656,      1.1933,     28.9861,     57.9723,      0.0194,      0.0035,      0.0156,      0.2106,   7890.8862,-431465.7812,   -925.1002,    555.1870,  26302.9512,
       1,     169,     302,      22,       1,       3,       1,     10.0000,      1.4087,     42.7273,    250.7843,     63.1129,      3.4953,      0.0000,     -0.0316,      2.3712,      0.1337,      5.6328,     11.2656,      1.1813,     28.9861,     57.9723,      0.0194,      0.0018,      0.0156,      0.2106,   7890.8857,-426137.4688,   -924.2004,    555.5620,  26302.9531,
       1,     169,     302,      23,       1,       3,       1,     10.0000,      1.4087,     42.7273,    250.7843,     63.1129,      3.4953,      0.0000,     -0.0316,      3.0037,      0.1340,      5.6328,     11.2656,      1.1837,     28.9861,     57.9723,      0.0194,      0.0023,      0.0156,      0.2106,   7890.8862,-423048.2188,   -923.6554,    555.7766,  26302.9531,
       1,     169,     302,      24,       1,       3,       1,     10.0000,      1.4087,     42.7273,    250.7843,     63.1129,      3.4953,      0.0000,     -0.0317,      2.4733,      0.1353,      5.6328,     11.2656,      1.1958,     28.9861,     57.9723,      0.0194,      0.0019,      0.0156,      0.2106,   7890.8862,-423553.1875,   -923.8129,    555.7415,  26302.9531,
       1,     169,     303,       1,       1,       3,       1,     10.0000,      1.4087,     42.7276,    250.7902,     63.1143,      3.4953,      0.0000,     -0.0316,      0.9573,      0.1329,      5.6322,     11.2644,      1.1741,     28.9911,     57.9822,      0.0194,      0.0007,      0.0156,      0.2106,   7890.8862,-423108.6875,   -924.0510,    555.7854,  26304.1211,
       1,     169,     303,       2,       1,       3,       1,     10.0000,      1.4087,     42.7276,    250.7902,     63.1143,      3.4953,      0.0000,     -0.0315,      0.7861,      0.1314,      5.6322,     11.2644,      1.1611,     28.9911,     57.9822,      0.0194,      0.0006,      0.0156,      0.2106,   7891.2368,-421088.8125,   -923.4145,    555.9258,  26304.1211,
       1,     169,     303,       3,       1,       3,       1,     10.0000,      1.4087,     42.7276,    250.7902,     63.1143,      3.4953,      0.0000,     -0.0314,      0.5515,      0.1276,      5.6322,     11.2644,      1.1273,     28.9911,     57.9822,      0.0194,      0.0004,      0.0156,      0.2106,   7891.2368,-420712.2500,   -923.3552,    555.9520,  26304.1211,
       1,     169,     303,       4,       1,       3,       1,     10.0000,      1.4087,     42.7276,    250.7902,     63.1143,      3.4953,      0.0000,     -0.0313,      0.3566,      0.1249,      5.6322,     11.2644,      1.1035,     28.9911,     57.9822,      0.0194,      0.0003,      0.0156,      0.2106,   7891.2368,-420397.4375,   -923.3029,    555.9739,  26304.1211,
       1,     169,     303,       5,       1,       3,       1,     10.0000,      1.4087,     42.7276,    250.7902,     63.1143,      3.4953,      0.0000,     -0.0311,      0.2878,      0.1216,      5.6322,     11.2644,      1.0746,     28.9911,     57.9822,      0.0194,      0.0002,      0.0156,      0.2106,   7891.2368,-420135.4062,   -923.2554,    555.9921,  26304.1191,
       1,     169,     303,       6,       1,       3,       1,     10.0000,      1.4087,     42.7276,    250.7902,     63.1143,      3.4953,      0.0000,     -0.0311,      0.2875,      0.1215,      5.6322,     11.2644,      1.0735,     28.9911,     57.9822,      0.0194,      0.0002,      0.0156,      0.2106,   7891.2358,-420030.5312,   -923.2370,    555.9993,  26304.1211,
       1,     169,     303,       7,       1,       3,       1,     10.0000,      1.4087,     42.7276,    250.7902,     63.1143,      3.4953,      0.0000,     -0.0311,      0.2841,      0.1202,      5.6322,     11.2644,      1.0626,     28.9911,     57.9822,      0.0194,      0.0002,      0.0156,      0.2106,   7891.2368,-420021.2500,   -923.2365,    556.0000,  26304.1230,
       1,     169,     303,       8,       1,       3,       1,     10.0000,      1.4087,     42.7276,    250.7902,     63.1143,      3.4953,      0.0204,     -0.0106,      0.1846,      0.1190,      5.6322,     11.2644,      1.0518,     28.9911,     57.9822,      0.0194,      0.0002,      0.0103,      0.2106,   7891.2373,-420016.0000,   -923.2360,    556.0004,  26304.1211,
       1,     169,     303,       9,       1,       3,       1,     10.0000,      1.4087,     42.7276,    250.7902,     63.1143,      3.4953,      0.1373,      0.1061,      3.3180,      0.1239,      5.6322,     11.2644,      1.0945,     28.9911,     57.9822,      0.0194,      0.0002,      0.1761,      0.2106,   7891.2368,-419895.6562,   -923.2231,    556.0087,  26304.1211,
       1,     169,     303,      10,       1,       3,       1,     10.0000,      1.4087,     42.7276,    250.7902,     63.1143,      3.4953,      0.0575,      0.0258,      1.3094,      0.1364,      5.6322,     11.2644,      1.2055,     28.9911,     57.9822,      0.0194,      0.0003,      0.0622,      0.2106,   7891.2368,-423670.8750,   -924.0235,    555.7463,  26304.1211,
       1,     169,     303,      11,       1,       3,       1,     10.0000,      1.4087,     42.7276,    250.7902,     63.1143,      3.4953,      0.0415,      0.0086,      1.0361,      0.1702,      5.6322,     11.2644,      1.5043,     28.9911,     57.9822,      0.0194,      0.0003,      0.0382,      0.2106,   7891.2368,-421561.2812,   -923.6472,    555.8929,  26304.1211,
       1,     169,     303,      12,       1,       3,       1,     10.0000,      1.4087,     42.7276,    250.7902,     63.1143,      3.4953,      0.0993,      0.0655,      3.8901,      0.1980,      5.6322,     11.2644,      1.7496,     28.9911,     57.9822,      0.0194,      0.0004,      0.1206,      0.2106,   7891.2368,-421054.0312,   -923.5696,    555.9282,  26304.1211,
       1,     169,     303,      13,       1,       3,       1,     10.0000,      1.4087,     42.7276,    250.7902,     63.1143,      3.4953,      0.1595,      0.1251,      7.5157,      0.2192,      5.6322,     11.2644,      1.9366,     28.9911,     57.9822,      0.0194,      0.0004,      0.2074,      0.2106,   7891.2368,-424459.2812,   -923.7427,    555.6916,  26304.1211,
       1,     169,     303,      14,       1,       3,       1,     10.0000,      1.4087,     42.7276,    250.7902,     63.1143,      3.4953,      0.1857,      0.1510,      9.3429,      0.2288,      5.6322,     11.2644,      2.0220,     28.9911,     57.9822,      0.0194,      0.0005,      0.2453,      0.2106,   7891.2368,-429125.4062,   -924.8251,    555.3675,  26304.1211,
       1,     169,     303,      15,       1,       3,       1,     10.0000,      1.4087,     42.7276,    250.7902,     63.1143,      3.4953,      0.1656,      0.1309,     12.3683,      0.2277,      5.6322,     11.2644,      2.0121,     28.9911,     57.9822,      0.0194,      0.0007,      0.2157,      0.2106,   7891.2368,-431724.8750,   -925.5960,    555.1871,  26304.1211,
       1,     169,     303,      16,       1,       3,       1,     10.0000,      1.4087,     42.7276,    250.7902,     63.1143,      3.4953,      0.1680,      0.1344,     42.1140,      0.1922,      5.6322,     11.2644,      1.6984,     28.9911,     57.9822,      0.0194,      0.0024,      0.2157,      0.2106,   7891.2368,-435598.3438,   -926.5195,    554.9183,  26304.1211,
       1,     169,     303,      17,       1,       3,       1,     10.0000,      1.4087,     42.7276,    250.7902,     63.1143,      3.4953,      0.1627,      0.1296,     61.8030,      0.1754,      5.6322,     11.2644,      1.5500,     28.9911,     57.9822,      0.0194,      0.0037,      0.2057,      0.2106,   7891.2368,-471865.2188,   -933.8259,    552.4028,  26304.1191,
       1,     169,     303,      18,       1,       3,       1,     10.0000,      1.4087,     42.7276,    250.7902,     63.1143,      3.4953,      0.1080,      0.0748,     61.7047,      0.1782,      5.6322,     11.2644,      1.5749,     28.9911,     57.9822,      0.0194,      0.0059,      0.1269,      0.2106,   7891.2358,-498724.5000,   -939.4515,    550.5538,  26304.1211,
       1,     169,     303,      19,       1,       3,       1,     10.0000,      1.4087,     42.7276,    250.7902,     63.1143,      3.4953,      0.0134,     -0.0194,      7.6980,      0.1672,      5.6322,     11.2644,      1.4775,     28.9911,     57.9822,      0.0194,      0.0060,      0.0156,      0.2106,   7891.2368,-500855.5000,   -940.3192,    550.4103,  26304.1191,
       1,     169,     303,      20,       1,       3,       1,     10.0000,      1.4087,     42.7276,    250.7902,     63.1143,      3.4953,      0.0008,     -0.0318,      8.4308,      0.1626,      5.6322,     11.2644,      1.4366,     28.9911,     57.9822,      0.0194,      0.0066,      0.0156,      0.2106,   7891.2358,-435710.2500,   -927.8710,    554.8924,  26304.1211,
       1,     169,     303,      21,       1,       3,       1,     10.0000,      1.4087,     42.7276,    250.7902,     63.1143,      3.4953,      0.0000,     -0.0326,      6.1977,      0.1610,      5.6322,     11.2644,      1.4223,     28.9911,     57.9822,      0.0194,      0.0048,      0.0156,      0.2106,   7891.2368,-431197.0625,   -927.0947,    555.2238,  26304.1211,
       1,     169,     303,      22,       1,       3,       1,     10.0000,      1.4087,     42.7276,    250.7902,     63.1143,      3.4953,      0.0000,     -0.0326,      4.7461,      0.1614,      5.6322,     11.2644,      1.4266,     28.9911,     57.9822,      0.0194,      0.0037,      0.0156,      0.2106,   7891.2368,-428098.5312,   -926.5511,    555.4388,  26304.1211,
       1,     169,     303,      23,       1,       3,       1,     10.0000,      1.4087,     42.7276,    250.7902,     63.1143,      3.4953,      0.0000,     -0.0323,      4.1004,      0.1511,      5.6322,     11.2644,      1.3351,     28.9911,     57.9822,      0.0194,      0.0032,      0.0156,      0.2106,   7891.2368,-426084.7500,   -926.1995,    555.5787,  26304.1211,
       1,     169,     303,      24,       1,       3,       1,     10.0000,      1.4087,     42.7276,    250.7902,     63.1143,      3.4953,      0.0000,     -0.0322,      3.5038,      0.1485,      5.6322,     11.2644,      1.3124,     28.9911,     57.9822,      0.0194,      0.0027,      0.0156,      0.2106,   7891.2368,-425135.6875,   -926.0443,    555.6446,  26304.1211,
       1,     169,     304,       1,       1,       3,       1,     10.0000,      1.4087,     42.7280,    250.7960,     63.1158,      3.4953,      0.0000,     -0.0320,      3.3585,      0.1448,      5.6333,     11.2665,      1.2797,     28.9838,     57.9676,      0.0194,      0.0026,      0.0156,      0.2107,   7891.2368,-424489.0625,   -926.2173,    555.7026,  26305.2891,
       1,     169,     304,       2,       1,       3,       1,     10.0000,      1.4087,     42.7280,    250.7960,     63.1158,      3.4953,      0.0000,     -0.0321,      3.1686,      0.1453,      5.6333,     11.2665,      1.2836,     28.9838,     57.9676,      0.0194,      0.0025,      0.0156,      0.2107,   7891.5869,-424107.7500,   -925.8933,    555.7291,  26305.2891,
       1,     169,     304,       3,       1,       3,       1,     10.0000,      1.4087,     42.7280,    250.7960,     63.1158,      3.4953,      0.0000,     -0.0313,      2.8361,      0.1256,      5.6333,     11.2665,      1.1103,     28.9838,     57.9676,      0.0194,      0.0022,      0.0156,      0.2107,   7891.5869,-423846.3125,   -925.8616,    555.7473,  26305.2891,
       1,     169,     304,       4,       1,       3,       1,     10.0000,      1.4087,     42.7280,    250.7960,     63.1158,      3.4953,      0.0000,     -0.0310,      1.7572,      0.1176,      5.6333,     11.2665,      1.0389,     28.9838,     57.9676,      0.0194,      0.0014,      0.0156,      0.2107,   7891.5869,-423422.8438,   -914.8906,    555.7767,  26305.2891,
       1,     169,     304,       5,       1,       3,       1,     10.0000,      1.4087,     42.7280,    250.7960,     63.1158,      3.4953,      0.0000,     -0.0311,      1.8642,      0.1207,      5.6333,     11.2665,      1.0669,     28.9838,     57.9676,      0.0194,      0.0015,      0.0156,      0.2107,   7891.5869,-422083.8125,   -914.7527,    555.8697,  26305.2891,
       1,     169,     304,       6,       1,       3,       1,     10.0000,      1.4087,     42.7280,    250.7960,     63.1158,      3.4953,      0.0000,     -0.0313,      1.2820,      0.1253,      5.6333,     11.2665,      1.1069,     28.9838,     57.9676,      0.0194,      0.0010,      0.0156,      0.2107,   7891.5869,-422100.8750,   -914.9262,    555.8685,  26305.2910,
       1,     169,     304,       7,       1,       3,       1,     10.0000,      1.4087,     42.7280,    250.7960,     63.1158,      3.4953,      0.0000,     -0.0311,      1.4926,      0.1212,      5.6333,     11.2665,      1.0713,     28.9838,     57.9676,      0.0194,      0.0012,      0.0156,      0.2107,   7891.5874,-421398.8438,   -914.9199,    555.9172,  26305.2891,
       1,     169,     304,       8,       1,       3,       1,     10.0000,      1.4087,     42.7280,    250.7960,     63.1158,      3.4953,      0.0195,     -0.0116,      0.4676,      0.1227,      5.6333,     11.2665,      1.0845,     28.9838,     57.9676,      0.0194,      0.0006,      0.0087,      0.2107,   7891.5869,-421594.5625,   -915.0630,    555.9037,  26305.2891,
       1,     169,     304,       9,       1,       3,       1,     10.0000,      1.4087,     42.7280,    250.7960,     63.1158,      3.4953,      0.1449,      0.1127,      4.3864,      0.1502,      5.6333,     11.2665,      1.3270,     28.9838,     57.9676,      0.0194,      0.0003,      0.1868,      0.2107,   7891.5869,-420372.7188,   -914.9567,    555.9885,  26305.2891,
       1,     169,     304,      10,       1,       3,       1,     10.0000,      1.4087,     42.7280,    250.7960,     63.1158,      3.4953,      0.1479,      0.1148,      5.5006,      0.1754,      5.6333,     11.2665,      1.5501,     28.9838,     57.9676,      0.0194,      0.0004,      0.1909,      0.2107,   7891.5869,-425003.8750,   -916.5660,    555.6667,  26305.2910,
       1,     169,     304,      11,       1,       3,       1,     10.0000,      1.4087,     42.7280,    250.7960,     63.1158,      3.4953,      0.1535,      0.1203,      6.7017,      0.1802,      5.6333,     11.2665,      1.5923,     28.9838,     57.9676,      0.0194,      0.0004,      0.1988,      0.2107,   7891.5874,-426738.5625,   -917.5900,    555.5464,  26305.2891,
       1,     169,     304,      12,       1,       3,       1,     10.0000,      1.4087,     42.7280,    250.7960,     63.1158,      3.4953,      0.1766,      0.1430,      8.5523,      0.1920,      5.6333,     11.2665,      1.6968,     28.9838,     57.9676,      0.0194,      0.0004,      0.2320,      0.2107,   7891.5869,-428335.0938,   -918.5494,    555.4355,  26305.2871,
       1,     169,     304,      13,       1,       3,       1,     10.0000,      1.4087,     42.7280,    250.7960,     63.1158,      3.4953,      0.1890,      0.1548,      8.6111,      0.2097,      5.6333,     11.2665,      1.8528,     28.9838,     57.9676,      0.0194,      0.0004,      0.2500,      0.2107,   7891.5864,-430705.0312,   -919.8790,    555.2709,  26305.2910,
       1,     169,     304,      14,       1,       3,       1,     10.0000,      1.4087,     42.7280,    250.7960,     63.1158,      3.4953,      0.1863,      0.1519,     40.0217,      0.2177,      5.6333,     11.2665,      1.9234,     28.9838,     57.9676,      0.0194,      0.0020,      0.2426,      0.2107,   7891.5874,-430974.4688,   -918.5703,    555.2523,  26305.2871,
       1,     169,     304,      15,       1,       3,       1,     10.0000,      1.4087,     42.7280,    250.7960,     63.1158,      3.4953,      0.1839,      0.1496,     59.8039,      0.2155,      5.6333,     11.2665,      1.9045,     28.9838,     57.9676,      0.0194,      0.0031,      0.2368,      0.2107,   7891.5864,-468944.0625,   -926.9889,    552.6169,  26305.2871,
       1,     169,     304,      16,       1,       3,       1,     10.0000,      1.4087,     42.7280,    250.7960,     63.1158,      3.4953,      0.0397,      0.0056,      8.2967,      0.2101,      5.6333,     11.2665,      1.8564,     28.9838,     57.9676,      0.0194,      0.0030,      0.0335,      0.2106,   7891.5864,-496056.7812,   -933.4656,    550.7503,  26305.2852,
       1,     169,     304,      17,       1,       3,       1,     10.0000,      1.4087,     42.7280,    250.7960,     63.1158,      3.4953,      0.0370,      0.0030,      9.7654,      0.2044,      5.6333,     11.2665,      1.8059,     28.9838,     57.9676,      0.0194,      0.0040,      0.0295,      0.2106,   7891.5859,-436042.7812,   -922.6648,    554.8851,  26305.2852,
       1,     169,     304,      18,       1,       3,       1,     10.0000,      1.4087,     42.7280,    250.7960,     63.1158,      3.4953,      0.0460,      0.0129,     16.7413,      0.1738,      5.6333,     11.2665,      1.5362,     28.9838,     57.9676,      0.0194,      0.0048,      0.0427,      0.2106,   7891.5859,-432836.1250,   -922.5800,    555.1230,  26305.2852,
       1,     169,     304,      19,       1,       3,       1,     10.0000,      1.4087,     42.7280,    250.7960,     63.1158,      3.4953,      0.0368,      0.0045,     12.3752,      0.1531,      5.6333,     11.2665,      1.3527,     28.9838,     57.9676,      0.0194,      0.0049,      0.0308,      0.2107,   7891.5859,-440976.2188,   -924.7250,    554.5583,  26305.2891,
       1,     169,     304,      20,       1,       3,       1,     10.0000,      1.4087,     42.7280,    250.7960,     63.1158,      3.4953,      0.0010,     -0.0312,      6.1522,      0.1488,      5.6333,     11.2665,      1.3151,     28.9838,     57.9676,      0.0194,      0.0048,      0.0156,      0.2106,   7891.5869,-436383.5938,   -917.2228,    554.8769,  26305.2871,
       1,     169,     304,      21,       1,       3,       1,     10.0000,      1.4087,     42.7280,    250.7960,     63.1158,      3.4953,      0.0000,     -0.0322,      6.0954,      0.1497,      5.6333,     11.2665,      1.3230,     28.9838,     57.9676,      0.0194,      0.0047,      0.0156,      0.2106,   7891.5864,-428480.4375,   -916.5376,    555.4252,  26305.2891,
       1,     169,     304,      22,       1,       3,       1,     10.0000,      1.4087,     42.7280,    250.7960,     63.1158,      3.4953,      0.0000,     -0.0320,      5.6785,      0.1445,      5.6333,     11.2665,      1.2771,     28.9838,     57.9676,      0.0194,      0.0044,      0.0156,      0.2107,   7891.5869,-427749.0938,   -917.1167,    555.4762,  26305.2871,
       1,     169,     304,      23,       1,       3,       1,     10.0000,      1.4087,     42.7280,    250.7960,     63.1158,      3.4953,      0.0000,     -0.0320,      3.7994,      0.1432,      5.6333,     11.2665,      1.2656,     28.9838,     57.9676,      0.0194,      0.0030,      0.0156,      0.2107,   7891.5864,-427184.1875,   -917.6062,    555.5154,  26305.2852,
       1,     169,     304,      24,       1,       3,       1,     10.0000,      1.4087,     42.7280,    250.7960,     63.1158,      3.4953,      0.0000,     -0.0319,      1.7981,      0.1422,      5.6333,     11.2665,      1.2567,     28.9838,     57.9676,      0.0194,      0.0014,      0.0156,      0.2107,   7891.5859,-424867.0000,   -917.5891,    555.6763,  26305.2871,
       1,     169,     305,       1,       1,       3,       1,     10.0000,      1.4087,     42.7283,    250.8019,     63.1173,      3.4953,      0.0000,     -0.0320,      1.2388,      0.1450,      5.6333,     11.2665,      1.2810,     28.9775,     57.9550,      0.0194,      0.0010,      0.0156,      0.2107,   7891.5864,-422409.5000,   -917.5745,    555.8602,  26306.4609,
       1,     169,     305,       2,       1,       3,       1,     10.0000,      1.4087,     42.7283,    250.8019,     63.1173,      3.4953,      0.0000,     -0.0320,      1.4365,      0.1426,      5.6333,     11.2665,      1.2605,     28.9775,     57.9550,      0.0194,      0.0011,      0.0156,      0.2107,   7891.9385,-421375.5625,   -917.2313,    555.9320,  26306.4570,
       1,     169,     305,       3,       1,       3,       1,     10.0000,      1.4087,     42.7283,    250.8019,     63.1173,      3.4953,      0.0000,     -0.0317,      1.1286,      0.1368,      5.6333,     11.2665,      1.2093,     28.9775,     57.9550,      0.0194,      0.0009,      0.0156,      0.2107,   7891.9375,-421528.0625,   -917.3876,    555.9214,  26306.4570,
       1,     169,     305,       4,       1,       3,       1,     10.0000,      1.4087,     42.7283,    250.8019,     63.1173,      3.4953,      0.0000,     -0.0318,      1.1314,      0.1394,      5.6333,     11.2665,      1.2315,     28.9775,     57.9550,      0.0194,      0.0009,      0.0156,      0.2107,   7891.9375,-421169.0312,   -917.4044,    555.9464,  26306.4609,
       1,     169,     305,       5,       1,       3,       1,     10.0000,      1.4087,     42.7283,    250.8019,     63.1173,      3.4953,      0.0000,     -0.0320,      1.5214,      0.1450,      5.6333,     11.2665,      1.2810,     28.9775,     57.9550,      0.0194,      0.0012,      0.0156,      0.2107,   7891.9385,-421141.7812,   -917.4928,    555.9483,  26306.4590,
       1,     169,     305,       6,       1,       3,       1,     10.0000,      1.4087,     42.7283,    250.8019,     63.1173,      3.4953,      0.0000,     -0.0319,      1.9563,      0.1404,      5.6333,     11.2665,      1.2403,     28.9775,     57.9550,      0.0194,      0.0015,      0.0156,      0.2107,   7891.9380,-421610.5938,   -917.7123,    555.9158,  26306.4590,
       1,     169,     305,       7,       1,       3,       1,     10.0000,      1.4087,     42.7283,    250.8019,     63.1173,      3.4953,      0.0000,     -0.0318,      1.9862,      0.1389,      5.6333,     11.2665,      1.2278,     28.9775,     57.9550,      0.0194,      0.0015,      0.0156,      0.2107,   7891.9380,-422175.1875,   -917.9977,    555.8765,  26306.4590,
       1,     169,     305,       8,       1,       3,       1,     10.0000,      1.4087,     42.7283,    250.8019,     63.1173,      3.4953,      0.0106,     -0.0214,      1.4906,      0.1454,      5.6333,     11.2665,      1.2849,     28.9775,     57.9550,      0.0194,      0.0012,      0.0156,      0.2107,   7891.9380,-422258.7500,   -918.1724,    555.8707,  26306.4609,
       1,     169,     305,       9,       1,       3,       1,     10.0000,      1.4087,     42.7283,    250.8019,     63.1173,      3.4953,      0.0730,      0.0409,     10.4910,      0.1472,      5.6333,     11.2665,      1.3006,     28.9775,     57.9550,      0.0194,      0.0015,      0.0830,      0.2107,   7891.9385,-421667.0000,   -918.2067,    555.9118,  26306.4590,
       1,     169,     305,      10,       1,       3,       1,     10.0000,      1.4087,     42.7283,    250.8019,     63.1173,      3.4953,      0.1227,      0.0902,     22.2801,      0.1557,      5.6333,     11.2665,      1.3760,     28.9775,     57.9550,      0.0194,      0.0018,      0.1527,      0.2107,   7891.9380,-432488.0000,   -920.5817,    555.1599,  26306.4570,
       1,     169,     305,      11,       1,       3,       1,     10.0000,      1.4087,     42.7283,    250.8019,     63.1173,      3.4953,      0.1727,      0.1395,     25.9201,      0.1765,      5.6333,     11.2665,      1.5594,     28.9775,     57.9550,      0.0194,      0.0014,      0.2242,      0.2107,   7891.9375,-447638.8125,   -924.0111,    554.1090,  26306.4570,
       1,     169,     305,      12,       1,       3,       1,     10.0000,      1.4087,     42.7283,    250.8019,     63.1173,      3.4953,      0.1898,      0.1561,     29.0116,      0.1953,      5.6333,     11.2665,      1.7256,     28.9775,     57.9550,      0.0194,      0.0014,      0.2487,      0.2107,   7891.9375,-453309.2812,   -926.0600,    553.7172,  26306.4590,
       1,     169,     305,      13,       1,       3,       1,     10.0000,      1.4087,     42.7283,    250.8019,     63.1173,      3.4953,      0.1857,      0.1517,     33.9849,      0.2046,      5.6333,     11.2665,      1.8077,     28.9775,     57.9550,      0.0194,      0.0017,      0.2423,      0.2107,   7891.9380,-457518.8438,   -926.0513,    553.4260,  26306.4590,
       1,     169,     305,      14,       1,       3,       1,     10.0000,      1.4087,     42.7283,    250.8019,     63.1173,      3.4953,      0.1915,      0.1578,     40.1566,      0.1974,      5.6333,     11.2665,      1.7445,     28.9775,     57.9550,      0.0194,      0.0020,      0.2500,      0.2107,   7891.9380,-463881.1875,   -928.4736,    552.9859,  26306.4590,
       1,     169,     305,      15,       1,       3,       1,     10.0000,      1.4087,     42.7283,    250.8019,     63.1173,      3.4953,      0.1911,      0.1580,     33.3497,      0.1770,      5.6333,     11.2665,      1.5641,     28.9775,     57.9550,      0.0194,      0.0016,      0.2500,      0.2106,   7891.9380,-471873.2500,   -931.5991,    552.4337,  26306.4590,
       1,     169,     305,      16,       1,       3,       1,     10.0000,      1.4087,     42.7283,    250.8019,     63.1173,      3.4953,      0.1616,      0.1281,     46.2946,      0.1875,      5.6333,     11.2665,      1.6569,     28.9775,     57.9550,      0.0194,      0.0027,      0.2059,      0.2106,   7891.9380,-464315.5312,   -919.9244,    552.9559,  26306.4590,
       1,     169,     305,      17,       1,       3,       1,     10.0000,      1.4087,     42.7283,    250.8019,     63.1173,      3.4953,      0.0221,     -0.0110,      2.7759,      0.1761,      5.6333,     11.2665,      1.5563,     28.9775,     57.9550,      0.0194,      0.0034,      0.0098,      0.2106,   7891.9380,-479327.5312,   -923.9543,    551.9184,  26306.4609,
       1,     169,     305,      18,       1,       3,       1,     10.0000,      1.4087,     42.7283,    250.8019,     63.1173,      3.4953,      0.0395,      0.0065,     10.8825,      0.1709,      5.6333,     11.2665,      1.5104,     28.9775,     57.9550,      0.0194,      0.0039,      0.0341,      0.2106,   7891.9385,-427981.3438,   -915.0892,    555.4618,  26306.4629,
       1,     169,     305,      19,       1,       3,       1,     10.0000,      1.4087,     42.7283,    250.8019,     63.1173,      3.4953,      0.0222,     -0.0102,      2.7857,      0.1568,      5.6333,     11.2665,      1.3857,     28.9775,     57.9550,      0.0194,      0.0031,      0.0108,      0.2107,   7891.9390,-433504.9688,   -913.2929,    555.0897,  26306.4629,
       1,     169,     305,      20,       1,       3,       1,     10.0000,      1.4087,     42.7283,    250.8019,     63.1173,      3.4953,      0.0005,     -0.0320,      2.1568,      0.1573,      5.6333,     11.2665,      1.3899,     28.9775,     57.9550,      0.0194,      0.0017,      0.0156,      0.2107,   7891.9390,-424174.0938,   -912.1426,    555.7372,  26306.4609,
       1,     169,     305,      21,       1,       3,       1,     10.0000,      1.4087,     42.7283,    250.8019,     63.1173,      3.4953,      0.0000,     -0.0325,      2.3094,      0.1575,      5.6333,     11.2665,      1.3913,     28.9775,     57.9550,      0.0194,      0.0018,      0.0156,      0.2107,   7891.9385,-422632.8438,   -912.0999,    555.8447,  26306.4609,
       1,     169,     305,      22,       1,       3,       1,     10.0000,      1.4087,     42.7283,    250.8019,     63.1173,      3.4953,      0.0000,     -0.0324,      1.7188,      0.1543,      5.6333,     11.2665,      1.3636,     28.9775,     57.9550,      0.0194,      0.0013,      0.0156,      0.2107,   7891.9385,-422687.2812,   -912.3540,    555.8409,  26306.4609,
       1,     169,     305,      23,       1,       3,       1,     10.0000,      1.4087,     42.7283,    250.8019,     63.1173,      3.4953,      0.0000,     -0.0323,      1.6936,      0.1522,      5.6333,     11.2665,      1.3446,     28.9775,     57.9550,      0.0194,      0.0013,      0.0156,      0.2107,   7891.9385,-421978.5312,   -912.4034,    555.8901,  26306.4609,
       1,     169,     305,      24,       1,       3,       1,     10.0000,      1.4087,     42.7283,    250.8019,     63.1173,      3.4953,      0.0000,     -0.0322,      0.6581,      0.1490,      5.6333,     11.2665,      1.3164,     28.9775,     57.9550,      0.0194,      0.0005,      0.0156,      0.2107,   7891.9385,-421888.7188,   -912.5604,    555.8964,  26306.4609,
       1,     169,     306,       1,       1,       3,       1,     10.0000,      1.4087,     42.7286,    250.8078,     63.1188,      3.4953,      0.0000,     -0.0322,      0.7724,      0.1502,      5.6333,     11.2666,      1.3271,     28.9717,     57.9433,      0.0194,      0.0006,      0.0156,      0.2107,   7891.9385,-420784.9375,   -912.6599,    555.9861,  26307.6289,
       1,     169,     306,       2,       1,       3,       1,     10.0000,      1.4087,     42.7286,    250.8078,     63.1188,      3.4953,      0.0000,     -0.0323,      0.7001,      0.1528,      5.6333,     11.2666,      1.3500,     28.9717,     57.9433,      0.0194,      0.0005,      0.0156,      0.2107,   7892.2891,-420679.0938,   -912.4374,    555.9936,  26307.6309,
       1,     169,     306,       3,       1,       3,       1,     10.0000,      1.4087,     42.7286,    250.8078,     63.1188,      3.4953,      0.0000,     -0.0318,      0.4658,      0.1391,      5.6333,     11.2666,      1.2291,     28.9717,     57.9433,      0.0194,      0.0004,      0.0156,      0.2107,   7892.2896,-420582.5312,   -912.4602,    556.0002,  26307.6309,
       1,     169,     306,       4,       1,       3,       1,     10.0000,      1.4087,     42.7286,    250.8078,     63.1188,      3.4953,      0.0000,     -0.0318,      0.6912,      0.1387,      5.6333,     11.2666,      1.2253,     28.9717,     57.9433,      0.0194,      0.0005,      0.0156,      0.2107,   7892.2896,-420291.4688,   -912.4205,    556.0204,  26307.6309,
       1,     169,     306,       5,       1,       3,       1,     10.0000,      1.4087,     42.7286,    250.8078,     63.1188,      3.4953,      0.0000,     -0.0318,      0.7058,      0.1391,      5.6333,     11.2666,      1.2291,     28.9717,     57.9433,      0.0194,      0.0005,      0.0156,      0.2107,   7892.2896,-420539.3750,   -912.5045,    556.0033,  26307.6289,
       1,     169,     306,       6,       1,       3,       1,     10.0000,      1.4087,     42.7286,    250.8078,     63.1188,      3.4953,      0.0000,     -0.0316,      0.9714,      0.1345,      5.6333,     11.2666,      1.1886,     28.9717,     57.9433,      0.0194,      0.0008,      0.0156,      0.2107,   7892.2891,-420577.7812,   -912.5504,    556.0005,  26307.6289,
       1,     169,     306,       7,       1,       3,       1,     10.0000,      1.4087,     42.7286,    250.8078,     63.1188,      3.4953,      0.0000,     -0.0317,      1.3037,      0.1366,      5.6333,     11.2666,      1.2068,     28.9717,     57.9433,      0.0194,      0.0010,      0.0156,      0.2107,   7892.2891,-420901.9062,   -912.6862,    555.9780,  26307.6328,
       1,     169,     306,       8,       1,       3,       1,     10.0000,      1.4087,     42.7286,    250.8078,     63.1188,      3.4953,      0.0092,     -0.0226,      0.4232,      0.1385,      5.6333,     11.2666,      1.2241,     28.9717,     57.9433,      0.0194,      0.0003,      0.0156,      0.2107,   7892.2900,-421330.0312,   -910.4390,    555.9482,  26307.6289,
       1,     169,     306,       9,       1,       3,       1,     10.0000,      1.4087,     42.7286,    250.8078,     63.1188,      3.4953,      0.1158,      0.0839,      3.6050,      0.1419,      5.6333,     11.2666,      1.2542,     28.9717,     57.9433,      0.0194,      0.0003,      0.1452,      0.2107,   7892.2891,-420302.9688,   -910.2935,    556.0197,  26307.6309,
       1,     169,     306,      10,       1,       3,       1,     10.0000,      1.4087,     42.7286,    250.8078,     63.1188,      3.4953,      0.1614,      0.1288,      7.4995,      0.1631,      5.6333,     11.2666,      1.4411,     28.9717,     57.9433,      0.0194,      0.0004,      0.2101,      0.2107,   7892.2896,-424058.9688,   -911.3216,    555.7586,  26307.6328,
       1,     169,     306,      11,       1,       3,       1,     10.0000,      1.4087,     42.7286,    250.8078,     63.1188,      3.4953,      0.1884,      0.1546,      8.0627,      0.1986,      5.6333,     11.2666,      1.7550,     28.9717,     57.9433,      0.0194,      0.0004,      0.2491,      0.2107,   7892.2900,-429077.5625,   -913.0269,    555.4100,  26307.6309,
       1,     169,     306,      12,       1,       3,       1,     10.0000,      1.4087,     42.7286,    250.8078,     63.1188,      3.4953,      0.1890,      0.1546,      8.8989,      0.2158,      5.6333,     11.2666,      1.9065,     28.9717,     57.9433,      0.0194,      0.0004,      0.2500,      0.2107,   7892.2896,-430179.2188,   -914.7450,    555.3336,  26307.6309,
       1,     169,     306,      13,       1,       3,       1,     10.0000,      1.4087,     42.7286,    250.8078,     63.1188,      3.4953,      0.1891,      0.1546,     11.9293,      0.2237,      5.6333,     11.2666,      1.9771,     28.9717,     57.9433,      0.0194,      0.0006,      0.2500,      0.2107,   7892.2896,-431281.5000,   -916.4832,    555.2571,  26307.6289,
       1,     169,     306,      14,       1,       3,       1,     10.0000,      1.4087,     42.7286,    250.8078,     63.1188,      3.4953,      0.1895,      0.1555,     14.5686,      0.2044,      5.6333,     11.2666,      1.8060,     28.9717,     57.9433,      0.0194,      0.0007,      0.2500,      0.2107,   7892.2891,-435034.3125,   -918.8099,    554.9967,  26307.6309,
       1,     169,     306,      15,       1,       3,       1,     10.0000,      1.4087,     42.7286,    250.8078,     63.1188,      3.4953,      0.1844,      0.1502,     34.9380,      0.2107,      5.6333,     11.2666,      1.8620,     28.9717,     57.9433,      0.0194,      0.0018,      0.2404,      0.2107,   7892.2896,-438536.9062,   -915.4185,    554.7537,  26307.6309,
       1,     169,     306,      16,       1,       3,       1,     10.0000,      1.4087,     42.7286,    250.8078,     63.1188,      3.4953,      0.0662,      0.0328,     19.2101,      0.1864,      5.6333,     11.2666,      1.6471,     28.9717,     57.9433,      0.0194,      0.0033,      0.0713,      0.2107,   7892.2896,-463435.6250,   -921.3329,    553.0272,  26307.6309,
       1,     169,     306,      17,       1,       3,       1,     10.0000,      1.4087,     42.7286,    250.8078,     63.1188,      3.4953,      0.0382,      0.0057,     10.3986,      0.1562,      5.6333,     11.2666,      1.3802,     28.9717,     57.9433,      0.0194,      0.0038,      0.0328,      0.2107,   7892.2896,-446524.4062,   -915.6644,    554.1989,  26307.6328,
       1,     169,     306,      18,       1,       3,       1,     10.0000,      1.4087,     42.7286,    250.8078,     63.1188,      3.4953,      0.0838,      0.0510,     32.4379,      0.1651,      5.6333,     11.2666,      1.4585,     28.9717,     57.9433,      0.0194,      0.0041,      0.0955,      0.2107,   7892.2900,-434463.4375,   -913.5007,    555.0358,  26307.6309,
       1,     169,     306,      19,       1,       3,       1,     10.0000,      1.4087,     42.7286,    250.8078,     63.1188,      3.4953,      0.0246,     -0.0080,      3.2347,      0.1603,      5.6333,     11.2666,      1.4167,     28.9717,     57.9433,      0.0194,      0.0028,      0.0140,      0.2107,   7892.2896,-460073.4062,   -919.1798,    553.2596,  26307.6309,
       1,     169,     306,      20,       1,       3,       1,     10.0000,      1.4087,     42.7286,    250.8078,     63.1188,      3.4953,      0.0004,     -0.0319,      3.7607,      0.1508,      5.6333,     11.2666,      1.3325,     28.9717,     57.9433,      0.0194,      0.0029,      0.0156,      0.2107,   7892.2896,-426940.5625,   -913.6119,    555.5538,  26307.6328,
       1,     169,     306,      21,       1,       3,       1,     10.0000,      1.4087,     42.7286,    250.8078,     63.1188,      3.4953,      0.0000,     -0.0322,      2.2657,      0.1502,      5.6333,     11.2666,      1.3271,     28.9717,     57.9433,      0.0194,      0.0018,      0.0156,      0.2107,   7892.2900,-424809.7500,   -913.6677,    555.7066,  26307.6309,
       1,     169,     306,      22,       1,       3,       1,     10.0000,      1.4087,     42.7286,    250.8078,     63.1188,      3.4953,      0.0000,     -0.0324,      0.8457,      0.1551,      5.6333,     11.2666,      1.3705,     28.9717,     57.9433,      0.0194,      0.0007,      0.0156,      0.2107,   7892.2896,-422819.7812,   -913.5033,    555.8448,  26307.6309,
       1,     169,     306,      23,       1,       3,       1,     10.0000,      1.4087,     42.7286,    250.8078,     63.1188,      3.4953,      0.0000,     -0.0322,      1.4584,      0.1497,      5.6333,     11.2666,      1.3231,     28.9717,     57.9433,      0.0194,      0.0011,      0.0156,      0.2107,   7892.2896,-420938.0000,   -913.2090,    555.9755,  26307.6309,
       1,     169,     306,      24,       1,       3,       1,     10.0000,      1.4087,     42.7286,    250.8078,     63.1188,      3.4953,      0.0000,     -0.0321,      2.3756,      0.1456,      5.6333,     11.2666,      1.2863,     28.9717,     57.9433,      0.0194,      0.0019,      0.0156,      0.2107,   7892.2896,-421520.0938,   -913.4365,    555.9351,  26307.6309,
       1,     169,     307,       1,       1,       3,       1,     10.0000,      1.4088,     42.7290,    250.8136,     63.1203,      3.4953,      0.0000,     -0.0319,      2.8662,      0.1418,      5.6337,     11.2675,      1.2529,     28.9672,     57.9344,      0.0194,      0.0022,      0.0156,      0.2107,   7892.2896,-422830.4688,   -914.1576,    555.8571,  26308.8008,
       1,     169,     307,       2,       1,       3,       1,     10.0000,      1.4088,     42.7290,    250.8136,     63.1203,      3.4953,      0.0000,     -0.0319,      2.5675,      0.1416,      5.6337,     11.2675,      1.2517,     28.9672,     57.9344,      0.0194,      0.0020,      0.0156,      0.2107,   7892.6406,-423381.3750,   -914.1838,    555.8189,  26308.8008,
       1,     169,     307,       3,       1,       3,       1,     10.0000,      1.4088,     42.7290,    250.8136,     63.1203,      3.4953,      0.0000,     -0.0319,      1.3409,      0.1401,      5.6337,     11.2675,      1.2378,     28.9672,     57.9344,      0.0194,      0.0010,      0.0156,      0.2107,   7892.6406,-423066.7812,   -914.2498,    555.8407,  26308.7988,
       1,     169,     307,       4,       1,       3,       1,     10.0000,      1.4088,     42.7290,    250.8136,     63.1203,      3.4953,      0.0000,     -0.0317,      0.7234,      0.1367,      5.6337,     11.2675,      1.2081,     28.9672,     57.9344,      0.0194,      0.0006,      0.0156,      0.2107,   7892.6401,-421559.5625,   -914.0538,    555.9454,  26308.7969,
       1,     169,     307,       5,       1,       3,       1,     10.0000,      1.4088,     42.7290,    250.8136,     63.1203,      3.4953,      0.0000,     -0.0318,      0.3571,      0.1377,      5.6337,     11.2675,      1.2167,     28.9672,     57.9344,      0.0194,      0.0003,      0.0156,      0.2107,   7892.6392,-420687.5625,   -913.9244,    556.0060,  26308.7988,
       1,     169,     307,       6,       1,       3,       1,     10.0000,      1.4088,     42.7290,    250.8136,     63.1203,      3.4953,      0.0000,     -0.0317,      0.3380,      0.1363,      5.6337,     11.2675,      1.2044,     28.9672,     57.9344,      0.0194,      0.0003,      0.0156,      0.2107,   7892.6401,-420171.9688,   -913.8333,    556.0419,  26308.8008,
       1,     169,     307,       7,       1,       3,       1,     10.0000,      1.4088,     42.7290,    250.8136,     63.1203,      3.4953,      0.0000,     -0.0317,      0.3264,      0.1358,      5.6337,     11.2675,      1.1995,     28.9672,     57.9344,      0.0194,      0.0003,      0.0156,      0.2107,   7892.6406,-420105.4375,   -913.8234,    556.0465,  26308.7988,
       1,     169,     307,       8,       1,       3,       1,     10.0000,      1.4088,     42.7290,    250.8136,     63.1203,      3.4953,      0.0084,     -0.0233,      0.3237,      0.1348,      5.6337,     11.2675,      1.1911,     28.9672,     57.9344,      0.0194,      0.0003,      0.0156,      0.2107,   7892.6401,-420086.0000,   -913.8214,    556.0479,  26308.7969,
       1,     169,     307,       9,       1,       3,       1,     10.0000,      1.4088,     42.7290,    250.8136,     63.1203,      3.4953,      0.0668,      0.0345,      1.7637,      0.1503,      5.6337,     11.2675,      1.3285,     28.9672,     57.9344,      0.0194,      0.0003,      0.0750,      0.2107,   7892.6392,-420081.3750,   -913.8387,    556.0482,  26308.7988,
       1,     169,     307,      10,       1,       3,       1,     10.0000,      1.4088,     42.7290,    250.8136,     63.1203,      3.4953,      0.1845,      0.1514,      6.8460,      0.1758,      5.6337,     11.2675,      1.5533,     28.9672,     57.9344,      0.0194,      0.0003,      0.2434,      0.2107,   7892.6401,-421819.5625,   -914.3208,    555.9273,  26308.7988,
       1,     169,     307,      11,       1,       3,       1,     10.0000,      1.4088,     42.7290,    250.8136,     63.1203,      3.4953,      0.1890,      0.1554,      7.8016,      0.1924,      5.6337,     11.2675,      1.7003,     28.9672,     57.9344,      0.0194,      0.0004,      0.2500,      0.2107,   7892.6401,-428102.5000,   -916.4289,    555.4907,  26308.7988,
       1,     169,     307,      12,       1,       3,       1,     10.0000,      1.4088,     42.7290,    250.8136,     63.1203,      3.4953,      0.1890,      0.1555,      7.6259,      0.1886,      5.6337,     11.2675,      1.6669,     28.9672,     57.9344,      0.0194,      0.0004,      0.2500,      0.2107,   7892.6401,-429784.0312,   -918.0375,    555.3741,  26308.7969,
       1,     169,     307,      13,       1,       3,       1,     10.0000,      1.4088,     42.7290,    250.8136,     63.1203,      3.4953,      0.1890,      0.1546,      8.9799,      0.2175,      5.6337,     11.2675,      1.9216,     28.9672,     57.9344,      0.0194,      0.0004,      0.2500,      0.2107,   7892.6392,-429712.9375,   -919.3801,    555.3792,  26308.8008,
       1,     169,     307,      14,       1,       3,       1,     10.0000,      1.4088,     42.7290,    250.8136,     63.1203,      3.4953,      0.1819,      0.1475,     24.1126,      0.2187,      5.6337,     11.2675,      1.9330,     28.9672,     57.9344,      0.0194,      0.0012,      0.2380,      0.2107,   7892.6406,-431341.7188,   -920.8296,    555.2661,  26308.7969,
       1,     169,     307,      15,       1,       3,       1,     10.0000,      1.4088,     42.7290,    250.8136,     63.1203,      3.4953,      0.1766,      0.1423,     53.7928,      0.2158,      5.6337,     11.2675,      1.9066,     28.9672,     57.9344,      0.0194,      0.0029,      0.2269,      0.2107,   7892.6392,-449753.9062,   -924.9693,    553.9881,  26308.7988,
       1,     169,     307,      16,       1,       3,       1,     10.0000,      1.4088,     42.7290,    250.8136,     63.1203,      3.4953,      0.1611,      0.1273,     56.2631,      0.1986,      5.6337,     11.2675,      1.7550,     28.9672,     57.9344,      0.0194,      0.0034,      0.2041,      0.2107,   7892.6401,-487154.8125,   -931.3848,    551.3995,  26308.8008,
       1,     169,     307,      17,       1,       3,       1,     10.0000,      1.4088,     42.7290,    250.8136,     63.1203,      3.4953,      0.1586,      0.1255,     59.9471,      0.1784,      5.6337,     11.2675,      1.5766,     28.9672,     57.9344,      0.0194,      0.0036,      0.2001,      0.2107,   7892.6406,-493287.9688,   -933.4629,    550.9830,  26308.7988,
       1,     169,     307,      18,       1,       3,       1,     10.0000,      1.4088,     42.7290,    250.8136,     63.1203,      3.4953,      0.0629,      0.0303,     28.6840,      0.1602,      5.6337,     11.2675,      1.4153,     28.9672,     57.9344,      0.0194,      0.0053,      0.0661,      0.2107,   7892.6401,-498247.0938,   -935.2845,    550.6415,  26308.7969,
       1,     169,     307,      19,       1,       3,       1,     10.0000,      1.4088,     42.7290,    250.8136,     63.1203,      3.4953,      0.0473,      0.0148,     18.1059,      0.1589,      5.6337,     11.2675,      1.4040,     28.9672,     57.9344,      0.0194,      0.0049,      0.0450,      0.2107,   7892.6392,-460869.0312,   -928.7718,    553.2144,  26308.8008,
       1,     169,     307,      20,       1,       3,       1,     10.0000,      1.4088,     42.7290,    250.8136,     63.1203,      3.4953,      0.0005,     -0.0319,      6.6699,      0.1540,      5.6337,     11.2675,      1.3610,     28.9672,     57.9344,      0.0194,      0.0052,      0.0156,      0.2107,   7892.6406,-444979.9375,   -926.1549,    554.3192,  26308.7988,
       1,     169,     307,      21,       1,       3,       1,     10.0000,      1.4088,     42.7290,    250.8136,     63.1203,      3.4953,      0.0000,     -0.0323,      6.0900,      0.1511,      5.6337,     11.2675,      1.3352,     28.9672,     57.9344,      0.0194,      0.0047,      0.0156,      0.2107,   7892.6401,-429831.5938,   -923.5792,    555.3699,  26308.7988,
       1,     169,     307,      22,       1,       3,       1,     10.0000,      1.4088,     42.7290,    250.8136,     63.1203,      3.4953,      0.0000,     -0.0321,      3.8368,      0.1478,      5.6337,     11.2675,      1.3059,     28.9672,     57.9344,      0.0194,      0.0030,      0.0156,      0.2107,   7892.6401,-427863.0312,   -923.3910,    555.5075,  26308.7988,
       1,     169,     307,      23,       1,       3,       1,     10.0000,      1.4088,     42.7290,    250.8136,     63.1203,      3.4953,      0.0000,     -0.0321,      2.3158,      0.1473,      5.6337,     11.2675,      1.3020,     28.9672,     57.9344,      0.0194,      0.0018,      0.0156,      0.2107,   7892.6401,-424975.8125,   -922.9587,    555.7080,  26308.7988,
       1,     169,     307,      24,       1,       3,       1,     10.0000,      1.4088,     42.7290,    250.8136,     63.1203,      3.4953,      0.0000,     -0.0321,      2.3716,      0.1462,      5.6337,     11.2675,      1.2915,     28.9672,     57.9344,      0.0194,      0.0018,      0.0156,      0.2107,   7892.6401,-422896.9688,   -922.6459,    555.8525,  26308.7988,
       1,     169,     308,       1,       1,       3,       1,     10.0000,      1.4088,     42.7293,    250.8195,     63.1218,      3.4953,      0.0000,     -0.0319,      2.0086,      0.1415,      5.6331,     11.2662,      1.2504,     28.9671,     57.9342,      0.0194,      0.0016,      0.0156,      0.2108,   7892.6401,-422944.2188,   -923.0138,    555.8622,  26309.9707,
       1,     169,     308,       2,       1,       3,       1,     10.0000,      1.4088,     42.7293,    250.8195,     63.1218,      3.4953,      0.0000,     -0.0319,      1.5728,      0.1402,      5.6331,     11.2662,      1.2391,     28.9671,     57.9342,      0.0194,      0.0012,      0.0156,      0.2108,   7892.9917,-422358.2812,   -922.7078,    555.9030,  26309.9707,
       1,     169,     308,       3,       1,       3,       1,     10.0000,      1.4088,     42.7293,    250.8195,     63.1218,      3.4953,      0.0000,     -0.0319,      1.4030,      0.1412,      5.6331,     11.2662,      1.2479,     28.9671,     57.9342,      0.0194,      0.0011,      0.0156,      0.2108,   7892.9917,-421782.8125,   -922.6504,    555.9429,  26309.9707,
       1,     169,     308,       4,       1,       3,       1,     10.0000,      1.4088,     42.7293,    250.8195,     63.1218,      3.4953,      0.0000,     -0.0317,      1.3419,      0.1352,      5.6331,     11.2662,      1.1947,     28.9671,     57.9342,      0.0194,      0.0010,      0.0156,      0.2108,   7892.9917,-421529.5625,   -922.6422,    555.9605,  26309.9707,
       1,     169,     308,       5,       1,       3,       1,     10.0000,      1.4088,     42.7293,    250.8195,     63.1218,      3.4953,      0.0000,     -0.0315,      1.3787,      0.1301,      5.6331,     11.2662,      1.1495,     28.9671,     57.9342,      0.0194,      0.0011,      0.0156,      0.2108,   7892.9917,-421434.6250,   -910.4467,    555.9671,  26309.9707,
       1,     169,     308,       6,       1,       3,       1,     10.0000,      1.4088,     42.7293,    250.8195,     63.1218,      3.4953,      0.0000,     -0.0314,      0.9945,      0.1290,      5.6331,     11.2662,      1.1402,     28.9671,     57.9342,      0.0194,      0.0008,      0.0156,      0.2108,   7892.9917,-421471.0000,   -910.4776,    555.9645,  26309.9727,
       1,     169,     308,       7,       1,       3,       1,     10.0000,      1.4088,     42.7293,    250.8195,     63.1218,      3.4953,      0.0000,     -0.0314,      0.6919,      0.1269,      5.6331,     11.2662,      1.1217,     28.9671,     57.9342,      0.0194,      0.0005,      0.0156,      0.2108,   7892.9922,-421009.8750,   -910.4940,    555.9966,  26309.9707,
       1,     169,     308,       8,       1,       3,       1,     10.0000,      1.4088,     42.7293,    250.8195,     63.1218,      3.4953,      0.0116,     -0.0197,      0.7684,      0.1258,      5.6331,     11.2662,      1.1115,     28.9671,     57.9342,      0.0194,      0.0006,      0.0156,      0.2108,   7892.9917,-420606.1562,   -910.2320,    556.0247,  26309.9707,
       1,     169,     308,       9,       1,       3,       1,     10.0000,      1.4088,     42.7293,    250.8195,     63.1218,      3.4953,      0.1147,      0.0833,      4.6156,      0.1284,      5.6331,     11.2662,      1.1344,     28.9671,     57.9342,      0.0194,      0.0004,      0.1437,      0.2108,   7892.9917,-420664.7812,   -910.3406,    556.0206,  26309.9707,
       1,     169,     308,      10,       1,       3,       1,     10.0000,      1.4088,     42.7293,    250.8195,     63.1218,      3.4953,      0.1854,      0.1540,      4.8499,      0.1296,      5.6331,     11.2662,      1.1448,     28.9671,     57.9342,      0.0194,      0.0002,      0.2445,      0.2108,   7892.9917,-425314.5312,   -911.4402,    555.6974,  26309.9688,
       1,     169,     308,      11,       1,       3,       1,     10.0000,      1.4088,     42.7293,    250.8195,     63.1218,      3.4953,      0.1789,      0.1466,      6.5733,      0.1520,      5.6331,     11.2662,      1.3433,     28.9671,     57.9342,      0.0194,      0.0003,      0.2351,      0.2108,   7892.9907,-425987.8750,   -912.1077,    555.6508,  26309.9707,
       1,     169,     308,      12,       1,       3,       1,     10.0000,      1.4088,     42.7293,    250.8195,     63.1218,      3.4953,      0.1884,      0.1553,      7.0035,      0.1758,      5.6331,     11.2662,      1.5533,     28.9671,     57.9342,      0.0194,      0.0003,      0.2490,      0.2108,   7892.9917,-428125.0312,   -913.5362,    555.5023,  26309.9707,
       1,     169,     308,      13,       1,       3,       1,     10.0000,      1.4088,     42.7293,    250.8195,     63.1218,      3.4953,      0.1836,      0.1506,      6.9944,      0.1728,      5.6331,     11.2662,      1.5272,     28.9671,     57.9342,      0.0194,      0.0004,      0.2421,      0.2108,   7892.9917,-428823.8750,   -914.7494,    555.4538,  26309.9707,
       1,     169,     308,      14,       1,       3,       1,     10.0000,      1.4088,     42.7293,    250.8195,     63.1218,      3.4953,      0.1510,      0.1170,      6.5424,      0.2048,      5.6331,     11.2662,      1.8096,     28.9671,     57.9342,      0.0194,      0.0004,      0.1952,      0.2108,   7892.9917,-428871.4688,   -915.7421,    555.4505,  26309.9707,
       1,     169,     308,      15,       1,       3,       1,     10.0000,      1.4088,     42.7293,    250.8195,     63.1218,      3.4953,      0.1741,      0.1400,      8.0903,      0.2093,      5.6331,     11.2662,      1.8493,     28.9671,     57.9342,      0.0194,      0.0004,      0.2285,      0.2108,   7892.9917,-428329.6875,   -916.1890,    555.4881,  26309.9707,
       1,     169,     308,      16,       1,       3,       1,     10.0000,      1.4088,     42.7293,    250.8195,     63.1218,      3.4953,      0.1783,      0.1453,     23.9899,      0.1727,      5.6331,     11.2662,      1.5257,     28.9671,     57.9342,      0.0194,      0.0013,      0.2325,      0.2108,   7892.9917,-430153.3125,   -914.9890,    555.3615,  26309.9707,
       1,     169,     308,      17,       1,       3,       1,     10.0000,      1.4088,     42.7293,    250.8195,     63.1218,      3.4953,      0.1729,      0.1406,     54.7589,      0.1529,      5.6331,     11.2662,      1.3514,     28.9671,     57.9342,      0.0194,      0.0030,      0.2212,      0.2108,   7892.9917,-449505.1562,   -919.4539,    554.0181,  26309.9727,
       1,     169,     308,      18,       1,       3,       1,     10.0000,      1.4088,     42.7293,    250.8195,     63.1218,      3.4953,      0.1385,      0.1062,     36.7594,      0.1531,      5.6331,     11.2662,      1.3528,     28.9671,     57.9342,      0.0194,      0.0026,      0.1739,      0.2107,   7892.9922,-488295.9062,   -927.8244,    551.3334,  26309.9688,
       1,     169,     308,      19,       1,       3,       1,     10.0000,      1.4088,     42.7293,    250.8195,     63.1218,      3.4953,      0.0413,      0.0091,     12.2311,      0.1493,      5.6331,     11.2662,      1.3192,     28.9671,     57.9342,      0.0194,      0.0040,      0.0373,      0.2107,   7892.9907,-469807.6250,   -925.2797,    552.6140,  26309.9707,
       1,     169,     308,      20,       1,       3,       1,     10.0000,      1.4088,     42.7293,    250.8195,     63.1218,      3.4953,      0.0008,     -0.0311,      6.0964,      0.1391,      5.6331,     11.2662,      1.2291,     28.9671,     57.9342,      0.0194,      0.0047,      0.0156,      0.2107,   7892.9917,-438622.3438,   -920.0421,    554.7697,  26309.9707,
       1,     169,     308,      21,       1,       3,       1,     10.0000,      1.4088,     42.7293,    250.8195,     63.1218,      3.4953,      0.0000,     -0.0317,      3.7675,      0.1358,      5.6331,     11.2662,      1.1996,     28.9671,     57.9342,      0.0194,      0.0029,      0.0156,      0.2108,   7892.9917,-428613.0625,   -918.7411,    555.4680,  26309.9727,
       1,     169,     308,      22,       1,       3,       1,     10.0000,      1.4088,     42.7293,    250.8195,     63.1218,      3.4953,      0.0000,     -0.0315,      2.3934,      0.1300,      5.6331,     11.2662,      1.1483,     28.9671,     57.9342,      0.0194,      0.0019,      0.0156,      0.2108,   7892.9922,-424957.4688,   -918.3565,    555.7223,  26309.9707,
       1,     169,     308,      23,       1,       3,       1,     10.0000,      1.4088,     42.7293,    250.8195,     63.1218,      3.4953,      0.0000,     -0.0313,      2.0196,      0.1255,      5.6331,     11.2662,      1.1092,     28.9671,     57.9342,      0.0194,      0.0016,      0.0156,      0.2108,   7892.9917,-422991.7500,   -918.1226,    555.8589,  26309.9727,
       1,     169,     308,      24,       1,       3,       1,     10.0000,      1.4088,     42.7293,    250.8195,     63.1218,      3.4953,      0.0000,     -0.0315,      1.5358,      0.1301,      5.6331,     11.2662,      1.1495,     28.9671,     57.9342,      0.0194,      0.0012,      0.0156,      0.2108,   7892.9922,-422375.1250,   -918.0950,    555.9017,  26309.9727,
       1,     169,     309,       1,       1,       3,       1,     10.0000,      1.4088,     42.7296,    250.8254,     63.1232,      3.4953,      0.0000,     -0.0313,      0.6000,      0.1246,      5.6332,     11.2664,      1.1014,     28.9699,     57.9399,      0.0194,      0.0005,      0.0156,      0.2108,   7892.9922,-421893.2500,   -918.3468,    555.9481,  26311.1367,
       1,     169,     309,       2,       1,       3,       1,     10.0000,      1.4088,     42.7296,    250.8254,     63.1232,      3.4953,      0.0000,     -0.0312,      0.8144,      0.1235,      5.6332,     11.2664,      1.0913,     28.9699,     57.9399,      0.0194,      0.0006,      0.0156,      0.2108,   7893.3413,-420572.5000,   -917.8677,    556.0400,  26311.1367,
       1,     169,     309,       3,       1,       3,       1,     10.0000,      1.4088,     42.7296,    250.8254,     63.1232,      3.4953,      0.0000,     -0.0313,      1.3057,      0.1255,      5.6332,     11.2664,      1.1093,     28.9699,     57.9399,      0.0194,      0.0010,      0.0156,      0.2108,   7893.3413,-420720.3438,   -917.9202,    556.0297,  26311.1367,
       1,     169,     309,       4,       1,       3,       1,     10.0000,      1.4088,     42.7296,    250.8254,     63.1232,      3.4953,      0.0000,     -0.0312,      1.1209,      0.1241,      5.6332,     11.2664,      1.0969,     28.9699,     57.9399,      0.0194,      0.0009,      0.0156,      0.2108,   7893.3413,-421325.9062,   -918.0895,    555.9877,  26311.1387,
       1,     169,     309,       5,       1,       3,       1,     10.0000,      1.4088,     42.7296,    250.8254,     63.1232,      3.4953,      0.0000,     -0.0313,      0.5302,      0.1251,      5.6332,     11.2664,      1.1059,     28.9699,     57.9399,      0.0194,      0.0004,      0.0156,      0.2108,   7893.3418,-421153.2812,   -918.0844,    555.9997,  26311.1367,
       1,     169,     309,       6,       1,       3,       1,     10.0000,      1.4088,     42.7296,    250.8254,     63.1232,      3.4953,      0.0000,     -0.0313,      0.3225,      0.1255,      5.6332,     11.2664,      1.1093,     28.9699,     57.9399,      0.0194,      0.0003,      0.0156,      0.2108,   7893.3413,-420425.8750,   -917.9647,    556.0502,  26311.1367,
       1,     169,     309,       7,       1,       3,       1,     10.0000,      1.4088,     42.7296,    250.8254,     63.1232,      3.4953,      0.0000,     -0.0312,      0.4073,      0.1243,      5.6332,     11.2664,      1.0980,     28.9699,     57.9399,      0.0194,      0.0003,      0.0156,      0.2108,   7893.3413,-420114.2500,   -917.9102,    556.0718,  26311.1367,
       1,     169,     309,       8,       1,       3,       1,     10.0000,      1.4088,     42.7296,    250.8254,     63.1232,      3.4953,      0.0112,     -0.0200,      0.4229,      0.1225,      5.6332,     11.2664,      1.0824,     28.9699,     57.9399,      0.0194,      0.0003,      0.0156,      0.2108,   7893.3413,-420190.5000,   -917.9340,    556.0665,  26311.1367,
       1,     169,     309,       9,       1,       3,       1,     10.0000,      1.4088,     42.7296,    250.8254,     63.1232,      3.4953,      0.1152,      0.0837,      3.2563,      0.1297,      5.6332,     11.2664,      1.1460,     28.9699,     57.9399,      0.0194,      0.0003,      0.1445,      0.2108,   7893.3413,-420215.7500,   -917.9680,    556.0648,  26311.1348,
       1,     169,     309,      10,       1,       3,       1,     10.0000,      1.4088,     42.7296,    250.8254,     63.1232,      3.4953,      0.1611,      0.1289,      4.9241,      0.1500,      5.6332,     11.2664,      1.3259,     28.9699,     57.9399,      0.0194,      0.0003,      0.2099,      0.2108,   7893.3408,-423638.5000,   -918.8604,    555.8268,  26311.1387,
       1,     169,     309,      11,       1,       3,       1,     10.0000,      1.4088,     42.7296,    250.8254,     63.1232,      3.4953,      0.1891,      0.1560,      7.3554,      0.1767,      5.6332,     11.2664,      1.5611,     28.9699,     57.9399,      0.0194,      0.0004,      0.2500,      0.2108,   7893.3418,-425938.7812,   -919.7197,    555.6671,  26311.1367,
       1,     169,     309,      12,       1,       3,       1,     10.0000,      1.4088,     42.7296,    250.8254,     63.1232,      3.4953,      0.1891,      0.1559,      7.1296,      0.1779,      5.6332,     11.2664,      1.5720,     28.9699,     57.9399,      0.0194,      0.0003,      0.2500,      0.2108,   7893.3413,-429067.2812,   -921.1509,    555.4498,  26311.1348,
       1,     169,     309,      13,       1,       3,       1,     10.0000,      1.4088,     42.7296,    250.8254,     63.1232,      3.4953,      0.1891,      0.1557,      7.4119,      0.1840,      5.6332,     11.2664,      1.6261,     28.9699,     57.9399,      0.0194,      0.0004,      0.2500,      0.2108,   7893.3408,-429057.4062,   -922.2749,    555.4506,  26311.1367,
       1,     169,     309,      14,       1,       3,       1,     10.0000,      1.4088,     42.7296,    250.8254,     63.1232,      3.4953,      0.1839,      0.1515,      8.0203,      0.1536,      5.6332,     11.2664,      1.3569,     28.9699,     57.9399,      0.0194,      0.0004,      0.2422,      0.2108,   7893.3413,-429397.2500,   -913.3931,    555.4270,  26311.1367,
       1,     169,     309,      15,       1,       3,       1,     10.0000,      1.4088,     42.7296,    250.8254,     63.1232,      3.4953,      0.1914,      0.1584,     36.6657,      0.1739,      5.6332,     11.2664,      1.5364,     28.9699,     57.9399,      0.0194,      0.0018,      0.2500,      0.2108,   7893.3413,-430160.1875,   -912.9748,    555.3740,  26311.1387,
       1,     169,     309,      16,       1,       3,       1,     10.0000,      1.4088,     42.7296,    250.8254,     63.1232,      3.4953,      0.1935,      0.1612,     59.9379,      0.1520,      5.6332,     11.2664,      1.3433,     28.9699,     57.9399,      0.0194,      0.0029,      0.2500,      0.2108,   7893.3418,-464809.4375,   -922.0898,    552.9686,  26311.1367,
       1,     169,     309,      17,       1,       3,       1,     10.0000,      1.4088,     42.7296,    250.8254,     63.1232,      3.4953,      0.1933,      0.1616,     56.5769,      0.1376,      5.6332,     11.2664,      1.2155,     28.9699,     57.9399,      0.0194,      0.0028,      0.2500,      0.2108,   7893.3413,-495840.5000,   -927.2527,    550.8289,  26311.1367,
       1,     169,     309,      18,       1,       3,       1,     10.0000,      1.4088,     42.7296,    250.8254,     63.1232,      3.4953,      0.1224,      0.0906,     39.0004,      0.1378,      5.6332,     11.2664,      1.2180,     28.9699,     57.9399,      0.0194,      0.0031,      0.1506,      0.2107,   7893.3413,-494380.6875,   -929.2458,    550.9335,  26311.1367,
       1,     169,     309,      19,       1,       3,       1,     10.0000,      1.4088,     42.7296,    250.8254,     63.1232,      3.4953,      0.0053,     -0.0264,      1.4466,      0.1358,      5.6332,     11.2664,      1.1996,     28.9699,     57.9399,      0.0194,      0.0011,      0.0156,      0.2107,   7893.3413,-473012.1562,   -921.0089,    552.4052,  26311.1055,
       1,     169,     309,      20,       1,       3,       1,     10.0000,      1.4088,     42.7296,    250.8254,     63.1232,      3.4953,      0.0000,     -0.0315,      2.9837,      0.1316,      5.6332,     11.2664,      1.1624,     28.9699,     57.9399,      0.0194,      0.0023,      0.0156,      0.2107,   7893.3320,-425865.0938,   -912.5887,    555.6626,  26311.1367,
       1,     169,     309,      21,       1,       3,       1,     10.0000,      1.4088,     42.7296,    250.8254,     63.1232,      3.4953,      0.0000,     -0.0314,      1.3030,      0.1281,      5.6332,     11.2664,      1.1321,     28.9699,     57.9399,      0.0194,      0.0010,      0.0156,      0.2108,   7893.3413,-423794.8438,   -912.4898,    555.8160,  26311.1387,
       1,     169,     309,      22,       1,       3,       1,     10.0000,      1.4088,     42.7296,    250.8254,     63.1232,      3.4953,      0.0000,     -0.0315,      0.8139,      0.1296,      5.6332,     11.2664,      1.1448,     28.9699,     57.9399,      0.0194,      0.0006,      0.0156,      0.2108,   7893.3418,-421580.1875,   -912.1541,    555.9699,  26311.1367,
       1,     169,     309,      23,       1,       3,       1,     10.0000,      1.4088,     42.7296,    250.8254,     63.1232,      3.4953,      0.0000,     -0.0314,      0.7836,      0.1284,      5.6332,     11.2664,      1.1344,     28.9699,     57.9399,      0.0194,      0.0006,      0.0156,      0.2108,   7893.3413,-420804.4062,   -912.0582,    556.0239,  26311.1367,
       1,     169,     309,      24,       1,       3,       1,     10.0000,      1.4088,     42.7296,    250.8254,     63.1232,      3.4953,      0.0000,     -0.0313,      0.3834,      0.1250,      5.6332,     11.2664,      1.1048,     28.9699,     57.9399,      0.0194,      0.0003,      0.0156,      0.2108,   7893.3413,-420702.6875,   -912.0977,    556.0309,  26311.1367,
       1,     169,     310,       1,       1,       3,       1,     10.0000,      1.4088,     42.7300,    250.8313,     63.1247,      3.4953,      0.0000,     -0.0313,      0.3002,      0.1262,      5.6332,     11.2665,      1.1150,     28.9735,     57.9470,      0.0194,      0.0002,      0.0156,      0.2108,   7893.3413,-420365.5312,   -912.3093,    556.0674,  26312.3086,
       1,     169,     310,       2,       1,       3,       1,     10.0000,      1.4088,     42.7300,    250.8313,     63.1247,      3.4953,      0.0000,     -0.0312,      0.2933,      0.1236,      5.6332,     11.2665,      1.0925,     28.9735,     57.9470,      0.0194,      0.0002,      0.0156,      0.2108,   7893.6929,-420085.0312,   -912.0042,    556.0869,  26312.3086,
       1,     169,     310,       3,       1,       3,       1,     10.0000,      1.4088,     42.7300,    250.8313,     63.1247,      3.4953,      0.0000,     -0.0311,      0.2922,      0.1215,      5.6332,     11.2665,      1.0737,     28.9735,     57.9470,      0.0194,      0.0002,      0.0156,      0.2108,   7893.6929,-420053.2188,   -911.9999,    556.0891,  26312.3086,
       1,     169,     310,       4,       1,       3,       1,     10.0000,      1.4088,     42.7300,    250.8313,     63.1247,      3.4953,      0.0000,     -0.0311,      0.2849,      0.1205,      5.6332,     11.2665,      1.0649,     28.9735,     57.9470,      0.0194,      0.0002,      0.0156,      0.2108,   7893.6929,-420049.2812,   -912.0010,    556.0894,  26312.3086,
       1,     169,     310,       5,       1,       3,       1,     10.0000,      1.4088,     42.7300,    250.8313,     63.1247,      3.4953,      0.0000,     -0.0310,      0.2786,      0.1182,      5.6332,     11.2665,      1.0444,     28.9735,     57.9470,      0.0194,      0.0002,      0.0156,      0.2108,   7893.6929,-420040.0625,   -912.0007,    556.0900,  26312.3105,
       1,     169,     310,       6,       1,       3,       1,     10.0000,      1.4088,     42.7300,    250.8313,     63.1247,      3.4953,      0.0000,     -0.0310,      0.2812,      0.1192,      5.6332,     11.2665,      1.0530,     28.9735,     57.9470,      0.0194,      0.0002,      0.0156,      0.2108,   7893.6934,-420031.5000,   -912.0002,    556.0906,  26312.3086,
       1,     169,     310,       7,       1,       3,       1,     10.0000,      1.4088,     42.7300,    250.8313,     63.1247,      3.4953,      0.0000,     -0.0309,      0.2718,      0.1157,      5.6332,     11.2665,      1.0222,     28.9735,     57.9470,      0.0194,      0.0002,      0.0156,      0.2108,   7893.6929,-420034.1875,   -912.0024,    556.0905,  26312.3066,
       1,     169,     310,       8,       1,       3,       1,     10.0000,      1.4088,     42.7300,    250.8313,     63.1247,      3.4953,      0.0086,     -0.0222,      0.2706,      0.1152,      5.6332,     11.2665,      1.0180,     28.9735,     57.9470,      0.0194,      0.0002,      0.0156,      0.2108,   7893.6924,-420023.4062,   -912.0024,    556.0912,  26312.3086,
       1,     169,     310,       9,       1,       3,       1,     10.0000,      1.4088,     42.7300,    250.8313,     63.1247,      3.4953,      0.0944,      0.0631,      2.1762,      0.1243,      5.6332,     11.2665,      1.0980,     28.9735,     57.9470,      0.0194,      0.0002,      0.1151,      0.2108,   7893.6929,-420020.5938,   -912.0333,    556.0913,  26312.3086,
       1,     169,     310,      10,       1,       3,       1,     10.0000,      1.4088,     42.7300,    250.8313,     63.1247,      3.4953,      0.1135,      0.0814,      3.2465,      0.1468,      5.6332,     11.2665,      1.2968,     28.9735,     57.9470,      0.0194,      0.0003,      0.1419,      0.2108,   7893.6929,-422320.7188,   -912.8044,    555.9315,  26312.3086,
       1,     169,     310,      11,       1,       3,       1,     10.0000,      1.4088,     42.7300,    250.8313,     63.1247,      3.4953,      0.1891,      0.1559,      7.1217,      0.1777,      5.6332,     11.2665,      1.5705,     28.9735,     57.9470,      0.0194,      0.0003,      0.2500,      0.2108,   7893.6929,-423805.5625,   -913.4382,    555.8283,  26312.3105,
       1,     169,     310,      12,       1,       3,       1,     10.0000,      1.4088,     42.7300,    250.8313,     63.1247,      3.4953,      0.1890,      0.1555,      7.6265,      0.1887,      5.6332,     11.2665,      1.6670,     28.9735,     57.9470,      0.0194,      0.0004,      0.2500,      0.2108,   7893.6934,-428607.8438,   -915.6096,    555.4947,  26312.3066,
       1,     169,     310,      13,       1,       3,       1,     10.0000,      1.4088,     42.7300,    250.8313,     63.1247,      3.4953,      0.1890,      0.1550,      8.4384,      0.2060,      5.6332,     11.2665,      1.8204,     28.9735,     57.9470,      0.0194,      0.0004,      0.2500,      0.2108,   7893.6924,-429620.7500,   -914.4949,    555.4244,  26312.3086,
       1,     169,     310,      14,       1,       3,       1,     10.0000,      1.4088,     42.7300,    250.8313,     63.1247,      3.4953,      0.1060,      0.0718,      4.5675,      0.2132,      5.6332,     11.2665,      1.8843,     28.9735,     57.9470,      0.0194,      0.0004,      0.1301,      0.2108,   7893.6929,-430685.4062,   -916.1018,    555.3505,  26312.3086,
       1,     169,     310,      15,       1,       3,       1,     10.0000,      1.4088,     42.7300,    250.8313,     63.1247,      3.4953,      0.0939,      0.0596,     15.9895,      0.2124,      5.6332,     11.2665,      1.8769,     28.9735,     57.9470,      0.0194,      0.0017,      0.1111,      0.2108,   7893.6929,-426101.6250,   -915.5200,    555.6687,  26312.3086,
       1,     169,     310,      16,       1,       3,       1,     10.0000,      1.4088,     42.7300,    250.8313,     63.1247,      3.4953,      0.0621,      0.0280,     19.1844,      0.2089,      5.6332,     11.2665,      1.8457,     28.9735,     57.9470,      0.0194,      0.0036,      0.0648,      0.2108,   7893.6929,-439505.6875,   -918.4450,    554.7378,  26312.3086,
       1,     169,     310,      17,       1,       3,       1,     10.0000,      1.4088,     42.7300,    250.8313,     63.1247,      3.4953,      0.0977,      0.0639,     39.8838,      0.1976,      5.6332,     11.2665,      1.7465,     28.9735,     57.9470,      0.0194,      0.0042,      0.1142,      0.2108,   7893.6929,-444489.1250,   -920.0043,    554.3931,  26312.3086,
       1,     169,     310,      18,       1,       3,       1,     10.0000,      1.4088,     42.7300,    250.8313,     63.1247,      3.4953,      0.0947,      0.0614,     46.3469,      0.1815,      5.6332,     11.2665,      1.6037,     28.9735,     57.9470,      0.0194,      0.0051,      0.1095,      0.2108,   7893.6929,-469900.0312,   -925.5862,    552.6322,  26312.3086,
       1,     169,     310,      19,       1,       3,       1,     10.0000,      1.4088,     42.7300,    250.8313,     63.1247,      3.4953,      0.0405,      0.0077,     14.8657,      0.1691,      5.6332,     11.2665,      1.4941,     28.9735,     57.9470,      0.0194,      0.0051,      0.0353,      0.2108,   7893.6929,-479842.8438,   -928.4250,    551.9481,  26312.3086,
       1,     169,     310,      20,       1,       3,       1,     10.0000,      1.4088,     42.7300,    250.8313,     63.1247,      3.4953,      0.0009,     -0.0317,      6.6246,      0.1607,      5.6332,     11.2665,      1.4197,     28.9735,     57.9470,      0.0194,      0.0052,      0.0156,      0.2108,   7893.6929,-442639.8125,   -922.1863,    554.5153,  26312.3086,
       1,     169,     310,      21,       1,       3,       1,     10.0000,      1.4088,     42.7300,    250.8313,     63.1247,      3.4953,      0.0000,     -0.0324,      6.1899,      0.1554,      5.6332,     11.2665,      1.3734,     28.9735,     57.9470,      0.0194,      0.0048,      0.0156,      0.2108,   7893.6929,-429592.8750,   -920.2514,    555.4257,  26312.3086,
       1,     169,     310,      22,       1,       3,       1,     10.0000,      1.4088,     42.7300,    250.8313,     63.1247,      3.4953,      0.0000,     -0.0324,      5.4739,      0.1539,      5.6332,     11.2665,      1.3597,     28.9735,     57.9470,      0.0194,      0.0043,      0.0156,      0.2108,   7893.6929,-427969.4688,   -920.3279,    555.5391,  26312.3086,
       1,     169,     310,      23,       1,       3,       1,     10.0000,      1.4088,     42.7300,    250.8313,     63.1247,      3.4953,      0.0000,     -0.0324,      4.7903,      0.1536,      5.6332,     11.2665,      1.3569,     28.9735,     57.9470,      0.0194,      0.0037,      0.0156,      0.2108,   7893.6929,-426968.1875,   -920.4714,    555.6086,  26312.3086,
       1,     169,     310,      24,       1,       3,       1,     10.0000,      1.4088,     42.7300,    250.8313,     63.1247,      3.4953,      0.0000,     -0.0317,      4.0870,      0.1353,      5.6332,     11.2665,      1.1960,     28.9735,     57.9470,      0.0194,      0.0032,      0.0156,      0.2108,   7893.6929,-426058.9688,   -911.5742,    555.6718,  26312.3086,
       1,     169,     311,       1,       1,       3,       1,     10.0000,      1.4089,     42.7303,    250.8371,     63.1262,      3.4953,      0.0000,     -0.0310,      3.0561,      0.1172,      5.6345,     11.2689,      1.0359,     28.9653,     57.9306,      0.0194,      0.0024,      0.0156,      0.2108,   7893.6929,-425287.7188,   -911.8737,    555.7385,  26313.4805,
       1,     169,     311,       2,       1,       3,       1,     10.0000,      1.4089,     42.7303,    250.8371,     63.1262,      3.4953,      0.0000,     -0.0309,      2.6650,      0.1149,      5.6345,     11.2689,      1.0149,     28.9653,     57.9306,      0.0194,      0.0021,      0.0156,      0.2108,   7894.0444,-423826.9062,   -911.2073,    555.8399,  26313.4785,
       1,     169,     311,       3,       1,       3,       1,     10.0000,      1.4089,     42.7303,    250.8371,     63.1262,      3.4953,      0.0000,     -0.0310,      2.4804,      0.1190,      5.6345,     11.2689,      1.0520,     28.9653,     57.9306,      0.0194,      0.0019,      0.0156,      0.2108,   7894.0439,-423232.6250,   -910.9731,    555.8813,  26313.4785,
       1,     169,     311,       4,       1,       3,       1,     10.0000,      1.4089,     42.7303,    250.8371,     63.1262,      3.4953,      0.0000,     -0.0310,      2.3499,      0.1187,      5.6345,     11.2689,      1.0487,     28.9653,     57.9306,      0.0194,      0.0018,      0.0156,      0.2108,   7894.0439,-422959.9062,   -911.2336,    555.9002,  26313.4766,
       1,     169,     311,       5,       1,       3,       1,     10.0000,      1.4089,     42.7303,    250.8371,     63.1262,      3.4953,      0.0000,     -0.0311,      0.5855,      0.1211,      5.6345,     11.2689,      1.0704,     28.9653,     57.9306,      0.0194,      0.0005,      0.0156,      0.2108,   7894.0435,-422779.6250,   -911.4454,    555.9127,  26313.4785,
       1,     169,     311,       6,       1,       3,       1,     10.0000,      1.4089,     42.7303,    250.8371,     63.1262,      3.4953,      0.0000,     -0.0311,      0.2835,      0.1200,      5.6345,     11.2689,      1.0606,     28.9653,     57.9306,      0.0194,      0.0002,      0.0156,      0.2108,   7894.0439,-420634.8125,   -911.0978,    556.0617,  26313.4785,
       1,     169,     311,       7,       1,       3,       1,     10.0000,      1.4089,     42.7303,    250.8371,     63.1262,      3.4953,      0.0000,     -0.0312,      0.3457,      0.1236,      5.6345,     11.2689,      1.0925,     28.9653,     57.9306,      0.0194,      0.0003,      0.0156,      0.2108,   7894.0439,-420090.5938,   -911.0002,    556.0996,  26313.4805,
       1,     169,     311,       8,       1,       3,       1,     10.0000,      1.4089,     42.7303,    250.8371,     63.1262,      3.4953,      0.0121,     -0.0189,      0.4575,      0.1189,      5.6345,     11.2689,      1.0509,     28.9653,     57.9306,      0.0194,      0.0004,      0.0156,      0.2108,   7894.0444,-420119.6875,   -911.0142,    556.0976,  26313.4785,
       1,     169,     311,       9,       1,       3,       1,     10.0000,      1.4089,     42.7303,    250.8371,     63.1262,      3.4953,      0.0701,      0.0386,      1.6147,      0.1310,      5.6345,     11.2689,      1.1578,     28.9653,     57.9306,      0.0194,      0.0002,      0.0804,      0.2108,   7894.0439,-420257.3125,   -911.0991,    556.0881,  26313.4805,
       1,     169,     311,      10,       1,       3,       1,     10.0000,      1.4089,     42.7303,    250.8371,     63.1262,      3.4953,      0.1243,      0.0915,      7.1394,      0.1666,      5.6345,     11.2689,      1.4718,     28.9653,     57.9306,      0.0194,      0.0006,      0.1567,      0.2108,   7894.0444,-421665.1562,   -911.5865,    555.9902,  26313.4785,
       1,     169,     311,      11,       1,       3,       1,     10.0000,      1.4089,     42.7303,    250.8371,     63.1262,      3.4953,      0.1461,      0.1129,     15.0934,      0.1777,      5.6345,     11.2689,      1.5705,     28.9653,     57.9306,      0.0194,      0.0010,      0.1871,      0.2108,   7894.0439,-428451.5000,   -913.3192,    555.5186,  26313.4785,
       1,     169,     311,      12,       1,       3,       1,     10.0000,      1.4089,     42.7303,    250.8371,     63.1262,      3.4953,      0.1828,      0.1496,     26.9548,      0.1788,      5.6345,     11.2689,      1.5799,     28.9653,     57.9306,      0.0194,      0.0014,      0.2387,      0.2108,   7894.0439,-438622.1875,   -915.8840,    554.8124,  26313.4785,
       1,     169,     311,      13,       1,       3,       1,     10.0000,      1.4089,     42.7303,    250.8371,     63.1262,      3.4953,      0.1808,      0.1478,     27.8968,      0.1741,      5.6345,     11.2689,      1.5380,     28.9653,     57.9306,      0.0194,      0.0014,      0.2356,      0.2108,   7894.0439,-453795.4375,   -919.8964,    553.7606,  26313.4785,
       1,     169,     311,      14,       1,       3,       1,     10.0000,      1.4089,     42.7303,    250.8371,     63.1262,      3.4953,      0.1910,      0.1591,     27.7247,      0.1418,      5.6345,     11.2689,      1.2531,     28.9653,     57.9306,      0.0194,      0.0013,      0.2500,      0.2108,   7894.0439,-456206.3438,   -921.5184,    553.5947,  26313.4785,
       1,     169,     311,      15,       1,       3,       1,     10.0000,      1.4089,     42.7303,    250.8371,     63.1262,      3.4953,      0.1783,      0.1463,     45.4771,      0.1451,      5.6345,     11.2689,      1.2825,     28.9653,     57.9306,      0.0194,      0.0024,      0.2299,      0.2108,   7894.0439,-456199.1875,   -917.8856,    553.5952,  26313.4785,
       1,     169,     311,      16,       1,       3,       1,     10.0000,      1.4089,     42.7303,    250.8371,     63.1262,      3.4953,      0.1622,      0.1291,     56.6078,      0.1749,      5.6345,     11.2689,      1.5457,     28.9653,     57.9306,      0.0194,      0.0033,      0.2056,      0.2108,   7894.0439,-477635.3750,   -923.1838,    552.1119,  26313.4785,
       1,     169,     311,      17,       1,       3,       1,     10.0000,      1.4089,     42.7303,    250.8371,     63.1262,      3.4953,      0.1717,      0.1392,     57.9922,      0.1579,      5.6345,     11.2689,      1.3957,     28.9653,     57.9306,      0.0194,      0.0032,      0.2190,      0.2108,   7894.0439,-492880.0938,   -927.2888,    551.0618,  26313.4785,
       1,     169,     311,      18,       1,       3,       1,     10.0000,      1.4089,     42.7303,    250.8371,     63.1262,      3.4953,      0.1002,      0.0679,     24.9081,      0.1534,      5.6345,     11.2689,      1.3556,     28.9653,     57.9306,      0.0194,      0.0025,      0.1202,      0.2108,   7894.0439,-495828.2812,   -929.1771,    550.8597,  26313.4766,
       1,     169,     311,      19,       1,       3,       1,     10.0000,      1.4089,     42.7303,    250.8371,     63.1262,      3.4953,      0.0369,      0.0050,      4.5780,      0.1412,      5.6345,     11.2689,      1.2480,     28.9653,     57.9306,      0.0194,      0.0017,      0.0323,      0.2108,   7894.0435,-456099.4062,   -922.4915,    553.5954,  26313.4785,
       1,     169,     311,      20,       1,       3,       1,     10.0000,      1.4089,     42.7303,    250.8371,     63.1262,      3.4953,      0.0004,     -0.0314,      2.1758,      0.1376,      5.6345,     11.2689,      1.2156,     28.9653,     57.9306,      0.0194,      0.0017,      0.0156,      0.2108,   7894.0439,-428247.7500,   -917.6068,    555.5295,  26313.4785,
       1,     169,     311,      21,       1,       3,       1,     10.0000,      1.4089,     42.7303,    250.8371,     63.1262,      3.4953,      0.0000,     -0.0316,      3.3693,      0.1338,      5.6345,     11.2689,      1.1827,     28.9653,     57.9306,      0.0194,      0.0026,      0.0156,      0.2108,   7894.0439,-423016.6875,   -916.8204,    555.8961,  26313.4805,
       1,     169,     311,      22,       1,       3,       1,     10.0000,      1.4089,     42.7303,    250.8371,     63.1262,      3.4953,      0.0000,     -0.0316,      2.6003,      0.1321,      5.6345,     11.2689,      1.1672,     28.9653,     57.9306,      0.0194,      0.0020,      0.0156,      0.2108,   7894.0444,-424014.6875,   -917.2859,    555.8269,  26313.4766,
       1,     169,     311,      23,       1,       3,       1,     10.0000,      1.4089,     42.7303,    250.8371,     63.1262,      3.4953,      0.0000,     -0.0317,      2.6309,      0.1347,      5.6345,     11.2689,      1.1900,     28.9653,     57.9306,      0.0194,      0.0020,      0.0156,      0.2108,   7894.0435,-423170.3438,   -917.3242,    555.8856,  26313.4785,
       1,     169,     311,      24,       1,       3,       1,     10.0000,      1.4089,     42.7303,    250.8371,     63.1262,      3.4953,      0.0000,     -0.0315,      1.9187,      0.1316,      5.6345,     11.2689,      1.1625,     28.9653,     57.9306,      0.0194,      0.0015,      0.0156,      0.2108,   7894.0439,-423136.3125,   -915.2193,    555.8879,  26313.4785,
       1,     169,     312,       1,       1,       3,       1,     10.0000,      1.4089,     42.7306,    250.8430,     63.1277,      3.4953,      0.0000,     -0.0316,      1.4059,      0.1324,      5.6337,     11.2673,      1.1696,     28.9641,     57.9283,      0.0194,      0.0011,      0.0156,      0.2109,   7894.0439,-422427.7812,   -912.7767,    555.9502,  26314.6465,
       1,     169,     312,       2,       1,       3,       1,     10.0000,      1.4089,     42.7306,    250.8430,     63.1277,      3.4953,      0.0000,     -0.0317,      1.2256,      0.1351,      5.6337,     11.2673,      1.1936,     28.9641,     57.9283,      0.0194,      0.0010,      0.0156,      0.2109,   7894.3940,-421598.2188,   -912.5027,    556.0078,  26314.6465,
       1,     169,     312,       3,       1,       3,       1,     10.0000,      1.4089,     42.7306,    250.8430,     63.1277,      3.4953,      0.0000,     -0.0316,      0.6499,      0.1343,      5.6337,     11.2673,      1.1864,     28.9641,     57.9283,      0.0194,      0.0005,      0.0156,      0.2109,   7894.3940,-421311.1875,   -912.5655,    556.0278,  26314.6465,
       1,     169,     312,       4,       1,       3,       1,     10.0000,      1.4089,     42.7306,    250.8430,     63.1277,      3.4953,      0.0000,     -0.0311,      0.7079,      0.1211,      5.6337,     11.2673,      1.0704,     28.9641,     57.9283,      0.0194,      0.0006,      0.0156,      0.2109,   7894.3940,-420592.2812,   -912.4745,    556.0778,  26314.6465,
       1,     169,     312,       5,       1,       3,       1,     10.0000,      1.4089,     42.7306,    250.8430,     63.1277,      3.4953,      0.0000,     -0.0310,      0.4158,      0.1176,      5.6337,     11.2673,      1.0391,     28.9641,     57.9283,      0.0194,      0.0003,      0.0156,      0.2109,   7894.3940,-420602.0000,   -910.2306,    556.0771,  26314.6465,
       1,     169,     312,       6,       1,       3,       1,     10.0000,      1.4089,     42.7306,    250.8430,     63.1277,      3.4953,      0.0000,     -0.0310,      0.4210,      0.1184,      5.6337,     11.2673,      1.0466,     28.9641,     57.9283,      0.0194,      0.0003,      0.0156,      0.2109,   7894.3940,-420250.3125,   -910.1261,    556.1016,  26314.6465,
       1,     169,     312,       7,       1,       3,       1,     10.0000,      1.4089,     42.7306,    250.8430,     63.1277,      3.4953,      0.0000,     -0.0309,      0.3788,      0.1169,      5.6337,     11.2673,      1.0328,     28.9641,     57.9283,      0.0194,      0.0003,      0.0156,      0.2109,   7894.3940,-420226.9688,   -910.1420,    556.1031,  26314.6465,
       1,     169,     312,       8,       1,       3,       1,     10.0000,      1.4089,     42.7306,    250.8430,     63.1277,      3.4953,      0.0092,     -0.0218,      0.3281,      0.1184,      5.6337,     11.2673,      1.0466,     28.9641,     57.9283,      0.0194,      0.0003,      0.0156,      0.2109,   7894.3940,-420174.2188,   -910.1424,    556.1069,  26314.6445,
       1,     169,     312,       9,       1,       3,       1,     10.0000,      1.4089,     42.7306,    250.8430,     63.1277,      3.4953,      0.1309,      0.0992,      5.5297,      0.1351,      5.6337,     11.2673,      1.1936,     28.9641,     57.9283,      0.0194,      0.0004,      0.1666,      0.2109,   7894.3936,-420108.6562,   -910.1714,    556.1114,  26314.6465,
       1,     169,     312,      10,       1,       3,       1,     10.0000,      1.4089,     42.7306,    250.8430,     63.1277,      3.4953,      0.1778,      0.1446,      6.9499,      0.1793,      5.6337,     11.2673,      1.5847,     28.9641,     57.9283,      0.0194,      0.0004,      0.2337,      0.2109,   7894.3940,-426380.2812,   -911.9625,    555.6754,  26314.6465,
       1,     169,     312,      11,       1,       3,       1,     10.0000,      1.4089,     42.7306,    250.8430,     63.1277,      3.4953,      0.1877,      0.1543,      7.4575,      0.1862,      5.6337,     11.2673,      1.6457,     28.9641,     57.9283,      0.0194,      0.0004,      0.2481,      0.2109,   7894.3940,-428620.7500,   -913.5693,    555.5200,  26314.6465,
       1,     169,     312,      12,       1,       3,       1,     10.0000,      1.4089,     42.7306,    250.8430,     63.1277,      3.4953,      0.1890,      0.1549,      8.5447,      0.2083,      5.6337,     11.2673,      1.8404,     28.9641,     57.9283,      0.0194,      0.0004,      0.2500,      0.2109,   7894.3940,-429421.0625,   -915.2061,    555.4644,  26314.6465,
       1,     169,     312,      13,       1,       3,       1,     10.0000,      1.4089,     42.7306,    250.8430,     63.1277,      3.4953,      0.1890,      0.1551,      8.2307,      0.2016,      5.6337,     11.2673,      1.7814,     28.9641,     57.9283,      0.0194,      0.0004,      0.2500,      0.2109,   7894.3940,-430800.3750,   -917.0844,    555.3687,  26314.6484,
       1,     169,     312,      14,       1,       3,       1,     10.0000,      1.4089,     42.7306,    250.8430,     63.1277,      3.4953,      0.1902,      0.1561,     24.2377,      0.2097,      5.6337,     11.2673,      1.8531,     28.9641,     57.9283,      0.0194,      0.0012,      0.2500,      0.2109,   7894.3950,-430536.8750,   -918.2737,    555.3870,  26314.6465,
       1,     169,     312,      15,       1,       3,       1,     10.0000,      1.4089,     42.7306,    250.8430,     63.1277,      3.4953,      0.1948,      0.1605,     83.4172,      0.2154,      5.6337,     11.2673,      1.9030,     28.9641,     57.9283,      0.0194,      0.0041,      0.2500,      0.2109,   7894.3940,-449834.7188,   -923.0208,    554.0472,  26314.6445,
       1,     169,     312,      16,       1,       3,       1,     10.0000,      1.4089,     42.7306,    250.8430,     63.1277,      3.4953,      0.1953,      0.1613,     88.6009,      0.2042,      5.6337,     11.2673,      1.8044,     28.9641,     57.9283,      0.0194,      0.0043,      0.2500,      0.2108,   7894.3936,-522903.3125,   -938.3043,    548.9883,  26314.6484,
       1,     169,     312,      17,       1,       3,       1,     10.0000,      1.4089,     42.7306,    250.8430,     63.1277,      3.4953,      0.1833,      0.1495,    102.6858,      0.1992,      5.6337,     11.2673,      1.7604,     28.9641,     57.9283,      0.0194,      0.0054,      0.2310,      0.2108,   7894.3950,-535347.3125,   -942.2170,    548.1575,  26314.6465,
       1,     169,     312,      18,       1,       3,       1,     10.0000,      1.4089,     42.7306,    250.8430,     63.1277,      3.4953,      0.1658,      0.1325,     79.7566,      0.1826,      5.6337,     11.2673,      1.6133,     28.9641,     57.9283,      0.0194,      0.0047,      0.2083,      0.2107,   7894.3940,-553387.4375,   -946.9502,    546.9220,  26314.6465,
       1,     169,     312,      19,       1,       3,       1,     10.0000,      1.4089,     42.7306,    250.8430,     63.1277,      3.4953,      0.0921,      0.0595,     41.5048,      0.1592,      5.6337,     11.2673,      1.4070,     28.9641,     57.9283,      0.0194,      0.0047,      0.1066,      0.2107,   7894.3940,-527171.0000,   -942.9167,    548.7157,  26314.6484,
       1,     169,     312,      20,       1,       3,       1,     10.0000,      1.4089,     42.7306,    250.8430,     63.1277,      3.4953,      0.0014,     -0.0306,      6.3232,      0.1438,      5.6337,     11.2673,      1.2709,     28.9641,     57.9283,      0.0194,      0.0049,      0.0156,      0.2108,   7894.3950,-478753.8125,   -934.2180,    552.0395,  26314.6465,
       1,     169,     312,      21,       1,       3,       1,     10.0000,      1.4089,     42.7306,    250.8430,     63.1277,      3.4953,      0.0000,     -0.0318,      5.3760,      0.1390,      5.6337,     11.2673,      1.2280,     28.9641,     57.9283,      0.0194,      0.0042,      0.0156,      0.2108,   7894.3940,-432244.1562,   -925.5825,    555.2590,  26314.6445,
       1,     169,     312,      22,       1,       3,       1,     10.0000,      1.4089,     42.7306,    250.8430,     63.1277,      3.4953,      0.0000,     -0.0317,      5.0278,      0.1355,      5.6337,     11.2673,      1.1973,     28.9641,     57.9283,      0.0194,      0.0039,      0.0156,      0.2109,   7894.3936,-427224.0000,   -924.7931,    555.6168,  26314.6465,
       1,     169,     312,      23,       1,       3,       1,     10.0000,      1.4089,     42.7306,    250.8430,     63.1277,      3.4953,      0.0000,     -0.0316,      4.0597,      0.1324,      5.6337,     11.2673,      1.1696,     28.9641,     57.9283,      0.0194,      0.0032,      0.0156,      0.2109,   7894.3940,-426371.7188,   -924.7778,    555.6761,  26314.6465,
       1,     169,     312,      24,       1,       3,       1,     10.0000,      1.4089,     42.7306,    250.8430,     63.1277,      3.4953,      0.0000,     -0.0314,      2.8992,      0.1281,      5.6337,     11.2673,      1.1322,     28.9641,     57.9283,      0.0194,      0.0023,      0.0156,      0.2109,   7894.3940,-425131.7188,   -924.6462,    555.7623,  26314.6465,
       1,     169,     313,       1,       1,       3,       1,     10.0000,      1.4089,     42.7310,    250.8489,     63.1292,      3.4953,      0.0000,     -0.0314,      2.0531,      0.1268,      5.6335,     11.2671,      1.1207,     28.9715,     57.9429,      0.0194,      0.0016,      0.0156,      0.2109,   7894.3940,-423781.4688,   -924.7245,    555.8691,  26315.8184,
       1,     169,     313,       2,       1,       3,       1,     10.0000,      1.4089,     42.7310,    250.8489,     63.1292,      3.4953,      0.0000,     -0.0313,      1.3930,      0.1259,      5.6335,     11.2671,      1.1128,     28.9715,     57.9429,      0.0194,      0.0011,      0.0156,      0.2109,   7894.7456,-422495.5625,   -924.2589,    555.9585,  26315.8164,
       1,     169,     313,       3,       1,       3,       1,     10.0000,      1.4089,     42.7310,    250.8489,     63.1292,      3.4953,      0.0000,     -0.0313,      1.1194,      0.1264,      5.6335,     11.2671,      1.1173,     28.9715,     57.9429,      0.0194,      0.0009,      0.0156,      0.2109,   7894.7451,-421591.3125,   -924.1171,    556.0214,  26315.8164,
       1,     169,     313,       4,       1,       3,       1,     10.0000,      1.4089,     42.7310,    250.8489,     63.1292,      3.4953,      0.0000,     -0.0312,      0.8168,      0.1235,      5.6335,     11.2671,      1.0914,     28.9715,     57.9429,      0.0194,      0.0006,      0.0156,      0.2109,   7894.7451,-421185.2812,   -924.0609,    556.0496,  26315.8203,
       1,     169,     313,       5,       1,       3,       1,     10.0000,      1.4089,     42.7310,    250.8489,     63.1292,      3.4953,      0.0000,     -0.0312,      0.7274,      0.1223,      5.6335,     11.2671,      1.0803,     28.9715,     57.9429,      0.0194,      0.0006,      0.0156,      0.2109,   7894.7466,-420785.8438,   -923.9976,    556.0773,  26315.8184,
       1,     169,     313,       6,       1,       3,       1,     10.0000,      1.4089,     42.7310,    250.8489,     63.1292,      3.4953,      0.0000,     -0.0311,      1.0391,      0.1214,      5.6335,     11.2671,      1.0726,     28.9715,     57.9429,      0.0194,      0.0008,      0.0156,      0.2109,   7894.7456,-420644.7812,   -923.9835,    556.0872,  26315.8184,
       1,     169,     313,       7,       1,       3,       1,     10.0000,      1.4089,     42.7310,    250.8489,     63.1292,      3.4953,      0.0000,     -0.0311,      0.7567,      0.1210,      5.6335,     11.2671,      1.0694,     28.9715,     57.9429,      0.0194,      0.0006,      0.0156,      0.2109,   7894.7456,-421008.8125,   -922.4521,    556.0618,  26315.8203,
       1,     169,     313,       8,       1,       3,       1,     10.0000,      1.4089,     42.7310,    250.8489,     63.1292,      3.4953,      0.0024,     -0.0287,      0.4586,      0.1205,      5.6335,     11.2671,      1.0650,     28.9715,     57.9429,      0.0194,      0.0004,      0.0156,      0.2109,   7894.7466,-420698.5625,   -922.4120,    556.0834,  26315.8184,
       1,     169,     313,       9,       1,       3,       1,     10.0000,      1.4089,     42.7310,    250.8489,     63.1292,      3.4953,      0.0449,      0.0136,      1.6204,      0.1253,      5.6335,     11.2671,      1.1071,     28.9715,     57.9429,      0.0194,      0.0004,      0.0446,      0.2109,   7894.7456,-420312.8750,   -922.3498,    556.1102,  26315.8184,
       1,     169,     313,      10,       1,       3,       1,     10.0000,      1.4089,     42.7310,    250.8489,     63.1292,      3.4953,      0.1066,      0.0752,      3.7477,      0.1275,      5.6335,     11.2671,      1.1265,     28.9715,     57.9429,      0.0194,      0.0003,      0.1323,      0.2109,   7894.7456,-421682.4375,   -922.6852,    556.0150,  26315.8203,
       1,     169,     313,      11,       1,       3,       1,     10.0000,      1.4089,     42.7310,    250.8489,     63.1292,      3.4953,      0.1885,      0.1577,      4.2460,      0.1128,      5.6335,     11.2671,      0.9964,     28.9715,     57.9429,      0.0194,      0.0002,      0.2487,      0.2109,   7894.7466,-424364.1562,   -911.1746,    555.8286,  26315.8184,
       1,     169,     313,      12,       1,       3,       1,     10.0000,      1.4089,     42.7310,    250.8489,     63.1292,      3.4953,      0.1883,      0.1573,      4.4650,      0.1188,      5.6335,     11.2671,      1.0498,     28.9715,     57.9429,      0.0194,      0.0002,      0.2485,      0.2109,   7894.7456,-425190.5938,   -912.0594,    555.7712,  26315.8184,
       1,     169,     313,      13,       1,       3,       1,     10.0000,      1.4089,     42.7310,    250.8489,     63.1292,      3.4953,      0.1893,      0.1576,      5.2750,      0.1349,      5.6335,     11.2671,      1.1924,     28.9715,     57.9429,      0.0194,      0.0003,      0.2500,      0.2109,   7894.7456,-425524.1875,   -912.3061,    555.7480,  26315.8164,
       1,     169,     313,      14,       1,       3,       1,     10.0000,      1.4089,     42.7310,    250.8489,     63.1292,      3.4953,      0.1894,      0.1569,      9.7766,      0.1584,      5.6335,     11.2671,      1.4000,     28.9715,     57.9429,      0.0194,      0.0005,      0.2500,      0.2109,   7894.7451,-426529.8438,   -913.8839,    555.6782,  26315.8164,
       1,     169,     313,      15,       1,       3,       1,     10.0000,      1.4089,     42.7310,    250.8489,     63.1292,      3.4953,      0.1779,      0.1454,     14.5987,      0.1565,      5.6335,     11.2671,      1.3832,     28.9715,     57.9429,      0.0194,      0.0008,      0.2328,      0.2109,   7894.7451,-432046.2812,   -916.4905,    555.2950,  26315.8184,
       1,     169,     313,      16,       1,       3,       1,     10.0000,      1.4089,     42.7310,    250.8489,     63.1292,      3.4953,      0.1607,      0.1284,      4.9085,      0.1501,      5.6335,     11.2671,      1.3260,     28.9715,     57.9429,      0.0194,      0.0003,      0.2092,      0.2109,   7894.7456,-438328.5312,   -916.2558,    554.8591,  26315.8164,
       1,     169,     313,      17,       1,       3,       1,     10.0000,      1.4089,     42.7310,    250.8489,     63.1292,      3.4953,      0.1399,      0.1075,      4.3489,      0.1543,      5.6335,     11.2671,      1.3639,     28.9715,     57.9429,      0.0194,      0.0003,      0.1795,      0.2109,   7894.7451,-427159.9688,   -914.8652,    555.6339,  26315.8164,
       1,     169,     313,      18,       1,       3,       1,     10.0000,      1.4089,     42.7310,    250.8489,     63.1292,      3.4953,      0.1059,      0.0735,      7.9046,      0.1545,      5.6335,     11.2671,      1.3653,     28.9715,     57.9429,      0.0194,      0.0007,      0.1303,      0.2109,   7894.7451,-425550.0625,   -915.0867,    555.7462,  26315.8184,
       1,     169,     313,      19,       1,       3,       1,     10.0000,      1.4089,     42.7310,    250.8489,     63.1292,      3.4953,      0.0328,      0.0008,      4.4087,      0.1441,      5.6335,     11.2671,      1.2735,     28.9715,     57.9429,      0.0194,      0.0020,      0.0263,      0.2109,   7894.7456,-429705.0312,   -916.2084,    555.4576,  26315.8184,
       1,     169,     313,      20,       1,       3,       1,     10.0000,      1.4089,     42.7310,    250.8489,     63.1292,      3.4953,      0.0005,     -0.0312,      2.2236,      0.1345,      5.6335,     11.2671,      1.1888,     28.9715,     57.9429,      0.0194,      0.0017,      0.0156,      0.2109,   7894.7456,-425834.7188,   -915.8021,    555.7264,  26315.8164,
       1,     169,     313,      21,       1,       3,       1,     10.0000,      1.4089,     42.7310,    250.8489,     63.1292,      3.4953,      0.0000,     -0.0314,      2.0136,      0.1272,      5.6335,     11.2671,      1.1242,     28.9715,     57.9429,      0.0194,      0.0016,      0.0156,      0.2109,   7894.7451,-422873.6875,   -915.4475,    555.9321,  26315.8164,
       1,     169,     313,      22,       1,       3,       1,     10.0000,      1.4089,     42.7310,    250.8489,     63.1292,      3.4953,      0.0000,     -0.0312,      2.3048,      0.1243,      5.6335,     11.2671,      1.0981,     28.9715,     57.9429,      0.0194,      0.0018,      0.0156,      0.2109,   7894.7451,-422372.0938,   -915.5337,    555.9670,  26315.8184,
       1,     169,     313,      23,       1,       3,       1,     10.0000,      1.4089,     42.7310,    250.8489,     63.1292,      3.4953,      0.0000,     -0.0312,      2.1319,      0.1221,      5.6335,     11.2671,      1.0792,     28.9715,     57.9429,      0.0194,      0.0017,      0.0156,      0.2109,   7894.7456,-422681.1562,   -915.7828,    555.9456,  26315.8184,
       1,     169,     313,      24,       1,       3,       1,     10.0000,      1.4089,     42.7310,    250.8489,     63.1292,      3.4953,      0.0000,     -0.0312,      1.5583,      0.1239,      5.6335,     11.2671,      1.0948,     28.9715,     57.9429,      0.0194,      0.0012,      0.0156,      0.2109,   7894.7456,-422498.3750,   -915.9174,    555.9583,  26315.8184,
       1,     169,     314,       1,       1,       3,       1,     10.0000,      1.4089,     42.7313,    250.8548,     63.1307,      3.4953,      0.0000,     -0.0311,      1.2649,      0.1216,      5.6341,     11.2682,      1.0749,     28.9698,     57.9397,      0.0194,      0.0010,      0.0156,      0.2109,   7894.7456,-421945.0000,   -916.1887,    556.0098,  26316.9883,
       1,     169,     314,       2,       1,       3,       1,     10.0000,      1.4089,     42.7313,    250.8548,     63.1307,      3.4953,      0.0000,     -0.0311,      1.2418,      0.1214,      5.6341,     11.2682,      1.0727,     28.9698,     57.9397,      0.0194,      0.0010,      0.0156,      0.2109,   7895.0967,-421393.2188,   -915.9106,    556.0482,  26316.9863,
       1,     169,     314,       3,       1,       3,       1,     10.0000,      1.4089,     42.7313,    250.8548,     63.1307,      3.4953,      0.0000,     -0.0312,      0.9965,      0.1221,      5.6341,     11.2682,      1.0793,     28.9698,     57.9397,      0.0194,      0.0008,      0.0156,      0.2109,   7895.0962,-421319.2812,   -915.9879,    556.0532,  26316.9883,
       1,     169,     314,       4,       1,       3,       1,     10.0000,      1.4089,     42.7313,    250.8548,     63.1307,      3.4953,      0.0000,     -0.0313,      0.7479,      0.1245,      5.6341,     11.2682,      1.1004,     28.9698,     57.9397,      0.0194,      0.0006,      0.0156,      0.2109,   7895.0967,-421017.0938,   -915.9905,    556.0743,  26316.9902,
       1,     169,     314,       5,       1,       3,       1,     10.0000,      1.4089,     42.7313,    250.8548,     63.1307,      3.4953,      0.0000,     -0.0312,      0.9522,      0.1243,      5.6341,     11.2682,      1.0981,     28.9698,     57.9397,      0.0194,      0.0007,      0.0156,      0.2109,   7895.0972,-420691.3438,   -915.9733,    556.0969,  26316.9883,
       1,     169,     314,       6,       1,       3,       1,     10.0000,      1.4089,     42.7313,    250.8548,     63.1307,      3.4953,      0.0000,     -0.0312,      0.8010,      0.1228,      5.6341,     11.2682,      1.0848,     28.9698,     57.9397,      0.0194,      0.0006,      0.0156,      0.2109,   7895.0967,-420910.9375,   -916.0790,    556.0817,  26316.9863,
       1,     169,     314,       7,       1,       3,       1,     10.0000,      1.4089,     42.7313,    250.8548,     63.1307,      3.4953,      0.0000,     -0.0312,      0.6422,      0.1223,      5.6341,     11.2682,      1.0804,     28.9698,     57.9397,      0.0194,      0.0005,      0.0156,      0.2109,   7895.0962,-420746.9375,   -916.0957,    556.0930,  26316.9902,
       1,     169,     314,       8,       1,       3,       1,     10.0000,      1.4089,     42.7313,    250.8548,     63.1307,      3.4953,      0.0070,     -0.0242,      0.4618,      0.1228,      5.6341,     11.2682,      1.0848,     28.9698,     57.9397,      0.0194,      0.0004,      0.0156,      0.2109,   7895.0972,-420541.1875,   -916.0895,    556.1073,  26316.9902,
       1,     169,     314,       9,       1,       3,       1,     10.0000,      1.4089,     42.7313,    250.8548,     63.1307,      3.4953,      0.0529,      0.0208,      1.8897,      0.1469,      5.6341,     11.2682,      1.2982,     28.9698,     57.9397,      0.0194,      0.0004,      0.0552,      0.2109,   7895.0972,-420306.2812,   -916.0747,    556.1238,  26316.9883,
       1,     169,     314,      10,       1,       3,       1,     10.0000,      1.4089,     42.7313,    250.8548,     63.1307,      3.4953,      0.1052,      0.0723,      5.2994,      0.1703,      5.6341,     11.2682,      1.5047,     28.9698,     57.9397,      0.0194,      0.0005,      0.1294,      0.2109,   7895.0967,-422009.5938,   -916.5386,    556.0053,  26316.9883,
       1,     169,     314,      11,       1,       3,       1,     10.0000,      1.4089,     42.7313,    250.8548,     63.1307,      3.4953,      0.1510,      0.1183,     10.2337,      0.1643,      5.6341,     11.2682,      1.4515,     28.9698,     57.9397,      0.0194,      0.0006,      0.1947,      0.2109,   7895.0967,-426266.4688,   -917.6484,    555.7094,  26316.9863,
       1,     169,     314,      12,       1,       3,       1,     10.0000,      1.4089,     42.7313,    250.8548,     63.1307,      3.4953,      0.1660,      0.1337,     10.3190,      0.1517,      5.6341,     11.2682,      1.3408,     28.9698,     57.9397,      0.0194,      0.0006,      0.2163,      0.2109,   7895.0962,-432577.5938,   -913.0375,    555.2711,  26316.9883,
       1,     169,     314,      13,       1,       3,       1,     10.0000,      1.4089,     42.7313,    250.8548,     63.1307,      3.4953,      0.1707,      0.1388,     10.7993,      0.1434,      5.6341,     11.2682,      1.2672,     28.9698,     57.9397,      0.0194,      0.0006,      0.2229,      0.2109,   7895.0967,-433209.8438,   -913.4921,    555.2274,  26316.9902,
       1,     169,     314,      14,       1,       3,       1,     10.0000,      1.4089,     42.7313,    250.8548,     63.1307,      3.4953,      0.1919,      0.1603,     38.4874,      0.1341,      5.6341,     11.2682,      1.1852,     28.9698,     57.9397,      0.0194,      0.0019,      0.2500,      0.2109,   7895.0972,-433841.7188,   -913.2801,    555.1835,  26316.9883,
       1,     169,     314,      15,       1,       3,       1,     10.0000,      1.4089,     42.7313,    250.8548,     63.1307,      3.4953,      0.1935,      0.1614,     59.0545,      0.1456,      5.6341,     11.2682,      1.2865,     28.9698,     57.9397,      0.0194,      0.0029,      0.2500,      0.2109,   7895.0967,-467307.1875,   -920.3597,    552.8611,  26316.9902,
       1,     169,     314,      16,       1,       3,       1,     10.0000,      1.4089,     42.7313,    250.8548,     63.1307,      3.4953,      0.1931,      0.1609,     54.3366,      0.1486,      5.6341,     11.2682,      1.3127,     28.9698,     57.9397,      0.0194,      0.0026,      0.2500,      0.2109,   7895.0972,-494954.2812,   -927.6269,    550.9553,  26316.9883,
       1,     169,     314,      17,       1,       3,       1,     10.0000,      1.4089,     42.7313,    250.8548,     63.1307,      3.4953,      0.1633,      0.1313,     19.9555,      0.1441,      5.6341,     11.2682,      1.2736,     28.9698,     57.9397,      0.0194,      0.0011,      0.2113,      0.2109,   7895.0967,-491571.9375,   -928.8019,    551.1915,  26316.9883,
       1,     169,     314,      18,       1,       3,       1,     10.0000,      1.4089,     42.7313,    250.8548,     63.1307,      3.4953,      0.0379,      0.0058,      3.8115,      0.1456,      5.6341,     11.2682,      1.2865,     28.9698,     57.9397,      0.0194,      0.0014,      0.0335,      0.2109,   7895.0967,-449761.2812,   -921.7737,    554.0723,  26316.9883,
       1,     169,     314,      19,       1,       3,       1,     10.0000,      1.4089,     42.7313,    250.8548,     63.1307,      3.4953,      0.0034,     -0.0285,      1.1772,      0.1410,      5.6341,     11.2682,      1.2456,     28.9698,     57.9397,      0.0194,      0.0009,      0.0156,      0.2109,   7895.0967,-426801.5312,   -917.7308,    555.6701,  26316.9883,
       1,     169,     314,      20,       1,       3,       1,     10.0000,      1.4089,     42.7313,    250.8548,     63.1307,      3.4953,      0.0001,     -0.0315,      1.6236,      0.1332,      5.6341,     11.2682,      1.1768,     28.9698,     57.9397,      0.0194,      0.0013,      0.0156,      0.2109,   7895.0967,-421697.1562,   -916.8461,    556.0269,  26316.9863,
       1,     169,     314,      21,       1,       3,       1,     10.0000,      1.4089,     42.7313,    250.8548,     63.1307,      3.4953,      0.0000,     -0.0313,      1.5502,      0.1266,      5.6341,     11.2682,      1.1185,     28.9698,     57.9397,      0.0194,      0.0012,      0.0156,      0.2109,   7895.0962,-421805.7188,   -916.9634,    556.0195,  26316.9902,
       1,     169,     314,      22,       1,       3,       1,     10.0000,      1.4089,     42.7313,    250.8548,     63.1307,      3.4953,      0.0000,     -0.0312,      1.5954,      0.1238,      5.6341,     11.2682,      1.0937,     28.9698,     57.9397,      0.0194,      0.0012,      0.0156,      0.2109,   7895.0972,-421725.4375,   -917.0118,    556.0250,  26316.9883,
       1,     169,     314,      23,       1,       3,       1,     10.0000,      1.4089,     42.7313,    250.8548,     63.1307,      3.4953,      0.0000,     -0.0315,      1.6980,      0.1304,      5.6341,     11.2682,      1.1520,     28.9698,     57.9397,      0.0194,      0.0013,      0.0156,      0.2109,   7895.0967,-421773.6562,   -917.1104,    556.0217,  26316.9902,
       1,     169,     314,      24,       1,       3,       1,     10.0000,      1.4089,     42.7313,    250.8548,     63.1307,      3.4953,      0.0000,     -0.0310,      1.2894,      0.1187,      5.6341,     11.2682,      1.0488,     28.9698,     57.9397,      0.0194,      0.0010,      0.0156,      0.2109,   7895.0972,-421901.0312,   -917.2444,    556.0128,  26316.9863,
       1,     169,     315,       1,       1,       3,       1,     10.0000,      1.4089,     42.7316,    250.8606,     63.1321,      3.4953,      0.0000,     -0.0312,      1.3675,      0.1224,      5.6344,     11.2688,      1.0815,     28.9659,     57.9317,      0.0194,      0.0011,      0.0156,      0.2109,   7895.0962,-421573.3750,   -917.5308,    556.0486,  26318.1543,
       1,     169,     315,       2,       1,       3,       1,     10.0000,      1.4089,     42.7316,    250.8606,     63.1321,      3.4953,      0.0000,     -0.0311,      0.9630,      0.1213,      5.6344,     11.2688,      1.0716,     28.9659,     57.9317,      0.0194,      0.0008,      0.0156,      0.2109,   7895.4468,-421488.9375,   -917.3230,    556.0546,  26318.1543,
       1,     169,     315,       3,       1,       3,       1,     10.0000,      1.4089,     42.7316,    250.8606,     63.1321,      3.4953,      0.0000,     -0.0311,      0.7651,      0.1194,      5.6344,     11.2688,      1.0553,     28.9659,     57.9317,      0.0194,      0.0006,      0.0156,      0.2109,   7895.4468,-420993.6875,   -917.2681,    556.0890,  26318.1543,
       1,     169,     315,       4,       1,       3,       1,     10.0000,      1.4089,     42.7316,    250.8606,     63.1321,      3.4953,      0.0000,     -0.0310,      2.1526,      0.1174,      5.6344,     11.2688,      1.0371,     28.9659,     57.9317,      0.0194,      0.0017,      0.0156,      0.2110,   7895.4468,-420713.5000,   -917.2529,    556.1085,  26318.1543,
       1,     169,     315,       5,       1,       3,       1,     10.0000,      1.4089,     42.7316,    250.8606,     63.1321,      3.4953,      0.0000,     -0.0310,      1.1792,      0.1186,      5.6344,     11.2688,      1.0478,     28.9659,     57.9317,      0.0194,      0.0009,      0.0156,      0.2110,   7895.4468,-422363.8125,   -917.6785,    555.9938,  26318.1543,
       1,     169,     315,       6,       1,       3,       1,     10.0000,      1.4089,     42.7316,    250.8606,     63.1321,      3.4953,      0.0000,     -0.0310,      0.3395,      0.1176,      5.6344,     11.2688,      1.0392,     28.9659,     57.9317,      0.0194,      0.0003,      0.0156,      0.2109,   7895.4468,-421327.9375,   -917.5400,    556.0657,  26318.1543,
       1,     169,     315,       7,       1,       3,       1,     10.0000,      1.4089,     42.7316,    250.8606,     63.1321,      3.4953,      0.0000,     -0.0309,      0.2728,      0.1160,      5.6344,     11.2688,      1.0255,     28.9659,     57.9317,      0.0194,      0.0002,      0.0156,      0.2109,   7895.4468,-420228.0625,   -917.3402,    556.1422,  26318.1543,
       1,     169,     315,       8,       1,       3,       1,     10.0000,      1.4089,     42.7316,    250.8606,     63.1321,      3.4953,      0.0077,     -0.0232,      0.2744,      0.1166,      5.6344,     11.2688,      1.0307,     28.9659,     57.9317,      0.0194,      0.0002,      0.0156,      0.2110,   7895.4468,-420055.4062,   -917.3092,    556.1542,  26318.1523,
       1,     169,     315,       9,       1,       3,       1,     10.0000,      1.4089,     42.7316,    250.8606,     63.1321,      3.4953,      0.1100,      0.0784,      2.7965,      0.1328,      5.6344,     11.2688,      1.1733,     28.9659,     57.9317,      0.0194,      0.0002,      0.1371,      0.2110,   7895.4458,-420043.0625,   -917.3300,    556.1551,  26318.1543,
       1,     169,     315,      10,       1,       3,       1,     10.0000,      1.4089,     42.7316,    250.8606,     63.1321,      3.4953,      0.1448,      0.1123,      4.6563,      0.1584,      5.6344,     11.2688,      1.4000,     28.9659,     57.9317,      0.0194,      0.0003,      0.1865,      0.2110,   7895.4468,-423084.3438,   -918.1837,    555.9437,  26318.1543,
       1,     169,     315,      11,       1,       3,       1,     10.0000,      1.4089,     42.7316,    250.8606,     63.1321,      3.4953,      0.0941,      0.0612,      3.0775,      0.1701,      5.6344,     11.2688,      1.5032,     28.9659,     57.9317,      0.0194,      0.0003,      0.1136,      0.2109,   7895.4468,-425583.0625,   -918.9539,    555.7700,  26318.1562,
       1,     169,     315,      12,       1,       3,       1,     10.0000,      1.4089,     42.7316,    250.8606,     63.1321,      3.4953,      0.1586,      0.1256,      5.6497,      0.1718,      5.6344,     11.2688,      1.5183,     28.9659,     57.9317,      0.0194,      0.0003,      0.2062,      0.2109,   7895.4473,-423887.6250,   -918.8286,    555.8879,  26318.1543,
       1,     169,     315,      13,       1,       3,       1,     10.0000,      1.4089,     42.7316,    250.8606,     63.1321,      3.4953,      0.1802,      0.1465,      7.5258,      0.1951,      5.6344,     11.2688,      1.7243,     28.9659,     57.9317,      0.0194,      0.0004,      0.2373,      0.2109,   7895.4468,-426849.0000,   -917.9581,    555.6821,  26318.1543,
       1,     169,     315,      14,       1,       3,       1,     10.0000,      1.4089,     42.7316,    250.8606,     63.1321,      3.4953,      0.1900,      0.1554,     22.0667,      0.2247,      5.6344,     11.2688,      1.9852,     28.9659,     57.9317,      0.0194,      0.0011,      0.2500,      0.2109,   7895.4468,-429360.8438,   -919.2350,    555.5077,  26318.1543,
       1,     169,     315,      15,       1,       3,       1,     10.0000,      1.4089,     42.7316,    250.8606,     63.1321,      3.4953,      0.1865,      0.1521,     53.1745,      0.2179,      5.6344,     11.2688,      1.9257,     28.9659,     57.9317,      0.0194,      0.0027,      0.2413,      0.2109,   7895.4468,-447115.1562,   -923.7742,    554.2748,  26318.1523,
       1,     169,     315,      16,       1,       3,       1,     10.0000,      1.4089,     42.7316,    250.8606,     63.1321,      3.4953,      0.1823,      0.1483,     58.0947,      0.2038,      5.6344,     11.2688,      1.8010,     28.9659,     57.9317,      0.0194,      0.0030,      0.2346,      0.2109,   7895.4458,-486148.3125,   -932.2322,    551.5718,  26318.1543,
       1,     169,     315,      17,       1,       3,       1,     10.0000,      1.4089,     42.7316,    250.8606,     63.1321,      3.4953,      0.1666,      0.1327,     49.9390,      0.2016,      5.6344,     11.2688,      1.7815,     28.9659,     57.9317,      0.0194,      0.0029,      0.2128,      0.2109,   7895.4468,-495372.9375,   -934.9570,    550.9424,  26318.1562,
       1,     169,     315,      18,       1,       3,       1,     10.0000,      1.4089,     42.7316,    250.8606,     63.1321,      3.4953,      0.1099,      0.0763,     45.2959,      0.1938,      5.6344,     11.2688,      1.7124,     28.9659,     57.9317,      0.0194,      0.0042,      0.1313,      0.2109,   7895.4473,-486286.9375,   -933.9884,    551.5685,  26318.1543,
       1,     169,     315,      19,       1,       3,       1,     10.0000,      1.4089,     42.7316,    250.8606,     63.1321,      3.4953,      0.0352,      0.0022,     13.3636,      0.1718,      5.6344,     11.2688,      1.5183,     28.9659,     57.9317,      0.0194,      0.0059,      0.0276,      0.2109,   7895.4468,-479922.0312,   -933.3820,    552.0078,  26318.1543,
       1,     169,     315,      20,       1,       3,       1,     10.0000,      1.4089,     42.7316,    250.8606,     63.1321,      3.4953,      0.0008,     -0.0312,      6.2415,      0.1452,      5.6344,     11.2688,      1.2826,     28.9659,     57.9317,      0.0194,      0.0049,      0.0156,      0.2109,   7895.4468,-440834.6562,   -926.3124,    554.7049,  26318.1543,
       1,     169,     315,      21,       1,       3,       1,     10.0000,      1.4089,     42.7316,    250.8606,     63.1321,      3.4953,      0.0000,     -0.0320,      5.5093,      0.1431,      5.6344,     11.2688,      1.2646,     28.9659,     57.9317,      0.0194,      0.0043,      0.0156,      0.2109,   7895.4468,-428990.0938,   -924.2612,    555.5328,  26318.1523,
       1,     169,     315,      22,       1,       3,       1,     10.0000,      1.4089,     42.7316,    250.8606,     63.1321,      3.4953,      0.0000,     -0.0321,      4.8507,      0.1459,      5.6344,     11.2688,      1.2891,     28.9659,     57.9317,      0.0194,      0.0038,      0.0156,      0.2109,   7895.4458,-427108.3438,   -924.1025,    555.6641,  26318.1562,
       1,     169,     315,      23,       1,       3,       1,     10.0000,      1.4089,     42.7316,    250.8606,     63.1321,      3.4953,      0.0000,     -0.0319,      4.9914,      0.1415,      5.6344,     11.2688,      1.2506,     28.9659,     57.9317,      0.0194,      0.0039,      0.0156,      0.2109,   7895.4473,-426154.6875,   -924.0523,    555.7303,  26318.1562,
       1,     169,     315,      24,       1,       3,       1,     10.0000,      1.4089,     42.7316,    250.8606,     63.1321,      3.4953,      0.0000,     -0.0319,      3.5923,      0.1420,      5.6344,     11.2688,      1.2544,     28.9659,     57.9317,      0.0194,      0.0028,      0.0156,      0.2109,   7895.4473,-426244.5000,   -924.1655,    555.7241,  26318.1562,
       1,     169,     316,       1,       1,       3,       1,     10.0000,      1.4090,     42.7320,    250.8665,     63.1336,      3.4953,      0.0000,     -0.0319,      1.1043,      0.1408,      5.6342,     11.2683,      1.2444,     28.9647,     57.9295,      0.0194,      0.0009,      0.0156,      0.2110,   7895.4473,-424718.2812,   -924.1980,    555.8431,  26319.3262,
       1,     169,     316,       2,       1,       3,       1,     10.0000,      1.4090,     42.7320,    250.8665,     63.1336,      3.4953,      0.0000,     -0.0318,      1.7598,      0.1379,      5.6342,     11.2683,      1.2182,     28.9647,     57.9295,      0.0194,      0.0014,      0.0156,      0.2110,   7895.7983,-421437.5938,   -923.3202,    556.0711,  26319.3262,
       1,     169,     316,       3,       1,       3,       1,     10.0000,      1.4090,     42.7320,    250.8665,     63.1336,      3.4953,      0.0000,     -0.0317,      1.7441,      0.1352,      5.6342,     11.2683,      1.1949,     28.9647,     57.9295,      0.0194,      0.0014,      0.0156,      0.2110,   7895.7983,-421953.3438,   -923.4478,    556.0353,  26319.3242,
       1,     169,     316,       4,       1,       3,       1,     10.0000,      1.4090,     42.7320,    250.8665,     63.1336,      3.4953,      0.0000,     -0.0316,      0.9204,      0.1339,      5.6342,     11.2683,      1.1829,     28.9647,     57.9295,      0.0194,      0.0007,      0.0156,      0.2110,   7895.7974,-421977.9062,   -923.5016,    556.0336,  26319.3262,
       1,     169,     316,       5,       1,       3,       1,     10.0000,      1.4090,     42.7320,    250.8665,     63.1336,      3.4953,      0.0000,     -0.0317,      0.3489,      0.1348,      5.6342,     11.2683,      1.1913,     28.9647,     57.9295,      0.0194,      0.0003,      0.0156,      0.2110,   7895.7983,-420986.0625,   -923.3317,    556.1025,  26319.3242,
       1,     169,     316,       6,       1,       3,       1,     10.0000,      1.4090,     42.7320,    250.8665,     63.1336,      3.4953,      0.0000,     -0.0316,      0.3204,      0.1336,      5.6342,     11.2683,      1.1805,     28.9647,     57.9295,      0.0194,      0.0002,      0.0156,      0.2110,   7895.7974,-420213.9062,   -923.1872,    556.1562,  26319.3262,
       1,     169,     316,       7,       1,       3,       1,     10.0000,      1.4090,     42.7320,    250.8665,     63.1336,      3.4953,      0.0000,     -0.0315,      0.3145,      0.1314,      5.6342,     11.2683,      1.1615,     28.9647,     57.9295,      0.0194,      0.0002,      0.0156,      0.2110,   7895.7983,-420114.4688,   -923.1691,    556.1631,  26319.3242,
       1,     169,     316,       8,       1,       3,       1,     10.0000,      1.4090,     42.7320,    250.8665,     63.1336,      3.4953,      0.0122,     -0.0194,      0.3160,      0.1320,      5.6342,     11.2683,      1.1662,     28.9647,     57.9295,      0.0194,      0.0002,      0.0156,      0.2110,   7895.7974,-420099.3750,   -923.1685,    556.1642,  26319.3262,
       1,     169,     316,       9,       1,       3,       1,     10.0000,      1.4090,     42.7320,    250.8665,     63.1336,      3.4953,      0.1065,      0.0743,      3.0859,      0.1498,      5.6342,     11.2683,      1.3234,     28.9647,     57.9295,      0.0194,      0.0003,      0.1318,      0.2110,   7895.7983,-420099.4688,   -923.1783,    556.1641,  26319.3262,
       1,     169,     316,      10,       1,       3,       1,     10.0000,      1.4090,     42.7320,    250.8665,     63.1336,      3.4953,      0.1691,      0.1357,      6.5519,      0.1839,      5.6342,     11.2683,      1.6248,     28.9647,     57.9295,      0.0194,      0.0004,      0.2212,      0.2110,   7895.7983,-423440.6875,   -923.9158,    555.9318,  26319.3262,
       1,     169,     316,      11,       1,       3,       1,     10.0000,      1.4090,     42.7320,    250.8665,     63.1336,      3.4953,      0.1890,      0.1552,      8.0833,      0.1985,      5.6342,     11.2683,      1.7536,     28.9647,     57.9295,      0.0194,      0.0004,      0.2500,      0.2110,   7895.7983,-427901.9062,   -925.0889,    555.6218,  26319.3262,
       1,     169,     316,      12,       1,       3,       1,     10.0000,      1.4090,     42.7320,    250.8665,     63.1336,      3.4953,      0.1843,      0.1498,      8.8756,      0.2205,      5.6342,     11.2683,      1.9486,     28.9647,     57.9295,      0.0194,      0.0004,      0.2432,      0.2110,   7895.7983,-430123.4688,   -925.8797,    555.4677,  26319.3262,
       1,     169,     316,      13,       1,       3,       1,     10.0000,      1.4090,     42.7320,    250.8665,     63.1336,      3.4953,      0.1890,      0.1543,      9.4286,      0.2269,      5.6342,     11.2683,      2.0048,     28.9647,     57.9295,      0.0194,      0.0005,      0.2500,      0.2110,   7895.7983,-431265.3750,   -926.4553,    555.3884,  26319.3262,
       1,     169,     316,      14,       1,       3,       1,     10.0000,      1.4090,     42.7320,    250.8665,     63.1336,      3.4953,      0.1894,      0.1547,     25.4027,      0.2300,      5.6342,     11.2683,      2.0325,     28.9647,     57.9295,      0.0194,      0.0012,      0.2488,      0.2110,   7895.7983,-432028.2188,   -926.8068,    555.3354,  26319.3262,
       1,     169,     316,      15,       1,       3,       1,     10.0000,      1.4090,     42.7320,    250.8665,     63.1336,      3.4953,      0.1941,      0.1587,     77.1412,      0.2553,      5.6342,     11.2683,      2.2562,     28.9647,     57.9295,      0.0194,      0.0037,      0.2500,      0.2110,   7895.7983,-451363.7188,   -930.8289,    553.9933,  26319.3262,
       1,     169,     316,      16,       1,       3,       1,     10.0000,      1.4090,     42.7320,    250.8665,     63.1336,      3.4953,      0.1893,      0.1542,     91.3713,      0.2453,      5.6342,     11.2683,      2.1679,     28.9647,     57.9295,      0.0194,      0.0046,      0.2413,      0.2109,   7895.7983,-515423.5312,   -943.7921,    549.5588,  26319.3262,
       1,     169,     316,      17,       1,       3,       1,     10.0000,      1.4090,     42.7320,    250.8665,     63.1336,      3.4953,      0.1479,      0.1138,     96.4756,      0.2116,      5.6342,     11.2683,      1.8698,     28.9647,     57.9295,      0.0194,      0.0065,      0.1805,      0.2109,   7895.7983,-538020.1250,   -948.7280,    548.0242,  26319.3262,
       1,     169,     316,      18,       1,       3,       1,     10.0000,      1.4090,     42.7320,    250.8665,     63.1336,      3.4953,      0.1227,      0.0890,     85.4249,      0.1928,      5.6342,     11.2683,      1.7040,     28.9647,     57.9295,      0.0194,      0.0071,      0.1452,      0.2108,   7895.7983,-546059.8750,   -950.8416,    547.4756,  26319.3262,
       1,     169,     316,      19,       1,       3,       1,     10.0000,      1.4090,     42.7320,    250.8665,     63.1336,      3.4953,      0.0756,      0.0425,     46.5182,      0.1748,      5.6342,     11.2683,      1.5443,     28.9647,     57.9295,      0.0194,      0.0069,      0.0819,      0.2108,   7895.7983,-533374.2500,   -948.8296,    548.3440,  26319.3262,
       1,     169,     316,      20,       1,       3,       1,     10.0000,      1.4090,     42.7320,    250.8665,     63.1336,      3.4953,      0.0009,     -0.0315,      9.1582,      0.1542,      5.6342,     11.2683,      1.3626,     28.9647,     57.9295,      0.0194,      0.0071,      0.0156,      0.2109,   7895.7983,-485307.0938,   -939.6400,    551.6394,  26319.3262,
       1,     169,     316,      21,       1,       3,       1,     10.0000,      1.4090,     42.7320,    250.8665,     63.1336,      3.4953,      0.0000,     -0.0318,      9.3054,      0.1380,      5.6342,     11.2683,      1.2194,     28.9647,     57.9295,      0.0194,      0.0072,      0.0156,      0.2109,   7895.7983,-436216.1250,   -913.9774,    555.0343,  26319.3262,
       1,     169,     316,      22,       1,       3,       1,     10.0000,      1.4090,     42.7320,    250.8665,     63.1336,      3.4953,      0.0000,     -0.0316,      5.3353,      0.1332,      5.6342,     11.2683,      1.1769,     28.9647,     57.9295,      0.0194,      0.0042,      0.0156,      0.2110,   7895.7983,-432306.9688,   -913.5026,    555.3161,  26319.3262,
       1,     169,     316,      23,       1,       3,       1,     10.0000,      1.4090,     42.7320,    250.8665,     63.1336,      3.4953,      0.0000,     -0.0316,      4.0676,      0.1325,      5.6342,     11.2683,      1.1709,     28.9647,     57.9295,      0.0194,      0.0032,      0.0156,      0.2110,   7895.7983,-427177.3125,   -913.2172,    555.6722,  26319.3242,
       1,     169,     316,      24,       1,       3,       1,     10.0000,      1.4090,     42.7320,    250.8665,     63.1336,      3.4953,      0.0000,     -0.0316,      2.9030,      0.1344,      5.6342,     11.2683,      1.1877,     28.9647,     57.9295,      0.0194,      0.0023,      0.0156,      0.2110,   7895.7974,-425218.7812,   -913.3013,    555.8083,  26319.3281,
       1,     169,     317,       1,       1,       3,       1,     10.0000,      1.4090,     42.7323,    250.8724,     63.1351,      3.4953,      0.0000,     -0.0317,      1.7905,      0.1359,      5.6345,     11.2689,      1.2010,     28.9684,     57.9368,      0.0194,      0.0014,      0.0156,      0.2110,   7895.7988,-423802.9375,   -913.5926,    555.9197,  26320.4922,
       1,     169,     317,       2,       1,       3,       1,     10.0000,      1.4090,     42.7323,    250.8724,     63.1351,      3.4953,      0.0000,     -0.0317,      0.4700,      0.1358,      5.6345,     11.2689,      1.1998,     28.9684,     57.9368,      0.0194,      0.0004,      0.0156,      0.2110,   7896.1479,-422191.5625,   -913.1699,    556.0317,  26320.4941,
       1,     169,     317,       3,       1,       3,       1,     10.0000,      1.4090,     42.7323,    250.8724,     63.1351,      3.4953,      0.0000,     -0.0317,      0.4024,      0.1351,      5.6345,     11.2689,      1.1938,     28.9684,     57.9368,      0.0194,      0.0003,      0.0156,      0.2110,   7896.1484,-420463.5312,   -912.8719,    556.1518,  26320.4922,
       1,     169,     317,       4,       1,       3,       1,     10.0000,      1.4090,     42.7323,    250.8724,     63.1351,      3.4953,      0.0000,     -0.0316,      0.3192,      0.1322,      5.6345,     11.2689,      1.1686,     28.9684,     57.9368,      0.0194,      0.0002,      0.0156,      0.2110,   7896.1479,-420237.4375,   -912.8420,    556.1676,  26320.4941,
       1,     169,     317,       5,       1,       3,       1,     10.0000,      1.4090,     42.7323,    250.8724,     63.1351,      3.4953,      0.0000,     -0.0314,      0.3027,      0.1271,      5.6345,     11.2689,      1.1231,     28.9684,     57.9368,      0.0194,      0.0002,      0.0156,      0.2110,   7896.1484,-420117.8750,   -912.8214,    556.1759,  26320.4941,
       1,     169,     317,       6,       1,       3,       1,     10.0000,      1.4090,     42.7323,    250.8724,     63.1351,      3.4953,      0.0000,     -0.0314,      0.3083,      0.1274,      5.6345,     11.2689,      1.1254,     28.9684,     57.9368,      0.0194,      0.0002,      0.0156,      0.2110,   7896.1484,-420088.0000,   -912.8176,    556.1780,  26320.4941,
       1,     169,     317,       7,       1,       3,       1,     10.0000,      1.4090,     42.7323,    250.8724,     63.1351,      3.4953,      0.0000,     -0.0313,      0.2988,      0.1257,      5.6345,     11.2689,      1.1106,     28.9684,     57.9368,      0.0194,      0.0002,      0.0156,      0.2110,   7896.1484,-420092.1250,   -912.8203,    556.1777,  26320.4941,
       1,     169,     317,       8,       1,       3,       1,     10.0000,      1.4090,     42.7323,    250.8724,     63.1351,      3.4953,      0.0078,     -0.0234,      0.6453,      0.1240,      5.6345,     11.2689,      1.0960,     28.9684,     57.9368,      0.0194,      0.0005,      0.0156,      0.2110,   7896.1484,-420081.1875,   -912.8195,    556.1785,  26320.4922,
       1,     169,     317,       9,       1,       3,       1,     10.0000,      1.4090,     42.7323,    250.8724,     63.1351,      3.4953,      0.1168,      0.0846,      6.7382,      0.1502,      5.6345,     11.2689,      1.3274,     28.9684,     57.9368,      0.0194,      0.0006,      0.1462,      0.2110,   7896.1479,-420498.2188,   -912.9540,    556.1495,  26320.4941,
       1,     169,     317,      10,       1,       3,       1,     10.0000,      1.4090,     42.7323,    250.8724,     63.1351,      3.4953,      0.1736,      0.1407,      6.7155,      0.1711,      5.6345,     11.2689,      1.5123,     28.9684,     57.9368,      0.0194,      0.0004,      0.2277,      0.2110,   7896.1484,-427881.5938,   -914.7170,    555.6362,  26320.4941,
       1,     169,     317,      11,       1,       3,       1,     10.0000,      1.4090,     42.7323,    250.8724,     63.1351,      3.4953,      0.1853,      0.1524,      6.8862,      0.1671,      5.6345,     11.2689,      1.4765,     28.9684,     57.9368,      0.0194,      0.0003,      0.2444,      0.2110,   7896.1484,-428473.8750,   -915.7374,    555.5953,  26320.4941,
       1,     169,     317,      12,       1,       3,       1,     10.0000,      1.4090,     42.7323,    250.8724,     63.1351,      3.4953,      0.1892,      0.1556,      8.8172,      0.1909,      5.6345,     11.2689,      1.6872,     28.9684,     57.9368,      0.0194,      0.0004,      0.2500,      0.2110,   7896.1484,-428729.1875,   -913.1218,    555.5775,  26320.4941,
       1,     169,     317,      13,       1,       3,       1,     10.0000,      1.4090,     42.7323,    250.8724,     63.1351,      3.4953,      0.1892,      0.1564,      7.8448,      0.1676,      5.6345,     11.2689,      1.4809,     28.9684,     57.9368,      0.0194,      0.0004,      0.2500,      0.2110,   7896.1484,-431079.7812,   -915.5751,    555.4143,  26320.4961,
       1,     169,     317,      14,       1,       3,       1,     10.0000,      1.4090,     42.7323,    250.8724,     63.1351,      3.4953,      0.1912,      0.1599,     28.4608,      0.1254,      5.6345,     11.2689,      1.1083,     28.9684,     57.9368,      0.0194,      0.0014,      0.2500,      0.2110,   7896.1489,-430103.5938,   -913.1740,    555.4821,  26320.4941,
       1,     169,     317,      15,       1,       3,       1,     10.0000,      1.4090,     42.7323,    250.8724,     63.1351,      3.4953,      0.1926,      0.1613,     46.1972,      0.1257,      5.6345,     11.2689,      1.1106,     28.9684,     57.9368,      0.0194,      0.0022,      0.2500,      0.2110,   7896.1484,-454890.0938,   -918.3337,    553.7610,  26320.4922,
       1,     169,     317,      16,       1,       3,       1,     10.0000,      1.4090,     42.7323,    250.8724,     63.1351,      3.4953,      0.1923,      0.1607,     42.1766,      0.1318,      5.6345,     11.2689,      1.1650,     28.9684,     57.9368,      0.0194,      0.0021,      0.2500,      0.2110,   7896.1479,-478375.8438,   -922.7509,    552.1379,  26320.4941,
       1,     169,     317,      17,       1,       3,       1,     10.0000,      1.4090,     42.7323,    250.8724,     63.1351,      3.4953,      0.1660,      0.1343,     46.2073,      0.1367,      5.6345,     11.2689,      1.2084,     28.9684,     57.9368,      0.0194,      0.0026,      0.2121,      0.2109,   7896.1484,-475490.5938,   -922.7161,    552.3395,  26320.4941,
       1,     169,     317,      18,       1,       3,       1,     10.0000,      1.4090,     42.7323,    250.8724,     63.1351,      3.4953,      0.1107,      0.0790,     24.0726,      0.1345,      5.6345,     11.2689,      1.1889,     28.9684,     57.9368,      0.0194,      0.0022,      0.1356,      0.2110,   7896.1484,-480111.9688,   -924.9273,    552.0204,  26320.4941,
       1,     169,     317,      19,       1,       3,       1,     10.0000,      1.4090,     42.7323,    250.8724,     63.1351,      3.4953,      0.0335,      0.0020,      1.5083,      0.1297,      5.6345,     11.2689,      1.1462,     28.9684,     57.9368,      0.0194,      0.0006,      0.0282,      0.2109,   7896.1484,-453778.9062,   -920.7198,    553.8376,  26320.4941,
       1,     169,     317,      20,       1,       3,       1,     10.0000,      1.4090,     42.7323,    250.8724,     63.1351,      3.4953,      0.0008,     -0.0306,      0.5250,      0.1283,      5.6345,     11.2689,      1.1335,     28.9684,     57.9368,      0.0194,      0.0004,      0.0156,      0.2110,   7896.1484,-424358.3438,   -915.4256,    555.8774,  26320.4941,
       1,     169,     317,      21,       1,       3,       1,     10.0000,      1.4090,     42.7323,    250.8724,     63.1351,      3.4953,      0.0000,     -0.0314,      0.4896,      0.1272,      5.6345,     11.2689,      1.1243,     28.9684,     57.9368,      0.0194,      0.0004,      0.0156,      0.2110,   7896.1484,-420716.0000,   -914.7811,    556.1342,  26320.4941,
       1,     169,     317,      22,       1,       3,       1,     10.0000,      1.4090,     42.7323,    250.8724,     63.1351,      3.4953,      0.0000,     -0.0314,      0.7089,      0.1275,      5.6345,     11.2689,      1.1266,     28.9684,     57.9368,      0.0194,      0.0006,      0.0156,      0.2110,   7896.1484,-420363.6562,   -914.7383,    556.1588,  26320.4941,
       1,     169,     317,      23,       1,       3,       1,     10.0000,      1.4090,     42.7323,    250.8724,     63.1351,      3.4953,      0.0000,     -0.0314,      0.3769,      0.1276,      5.6345,     11.2689,      1.1277,     28.9684,     57.9368,      0.0194,      0.0003,      0.0156,      0.2110,   7896.1484,-420598.5938,   -912.2039,    556.1425,  26320.4941,
       1,     169,     317,      24,       1,       3,       1,     10.0000,      1.4090,     42.7323,    250.8724,     63.1351,      3.4953,      0.0000,     -0.0313,      0.2988,      0.1257,      5.6345,     11.2689,      1.1106,     28.9684,     57.9368,      0.0194,      0.0002,      0.0156,      0.2110,   7896.1484,-420217.8438,   -912.1455,    556.1689,  26320.4922,
       1,     169,     318,       1,       1,       3,       1,     10.0000,      1.4090,     42.7326,    250.8782,     63.1365,      3.4953,      0.0000,     -0.0314,      0.3034,      0.1274,      5.6340,     11.2681,      1.1254,     28.9721,     57.9442,      0.0194,      0.0002,      0.0156,      0.2110,   7896.1479,-420246.5312,   -912.4132,    556.1800,  26321.6660,
       1,     169,     318,       2,       1,       3,       1,     10.0000,      1.4090,     42.7326,    250.8782,     63.1365,      3.4953,      0.0000,     -0.0313,      0.2989,      0.1257,      5.6340,     11.2681,      1.1106,     28.9721,     57.9442,      0.0194,      0.0002,      0.0156,      0.2110,   7896.5000,-420102.4688,   -912.1320,    556.1899,  26321.6641,
       1,     169,     318,       3,       1,       3,       1,     10.0000,      1.4090,     42.7326,    250.8782,     63.1365,      3.4953,      0.0000,     -0.0312,      0.2903,      0.1225,      5.6340,     11.2681,      1.0827,     28.9721,     57.9442,      0.0194,      0.0002,      0.0156,      0.2110,   7896.4995,-420085.1562,   -912.1301,    556.1912,  26321.6660,
       1,     169,     318,       4,       1,       3,       1,     10.0000,      1.4090,     42.7326,    250.8782,     63.1365,      3.4953,      0.0000,     -0.0311,      0.4754,      0.1213,      5.6340,     11.2681,      1.0717,     28.9721,     57.9442,      0.0194,      0.0004,      0.0156,      0.2110,   7896.5000,-420073.0938,   -912.1290,    556.1920,  26321.6660,
       1,     169,     318,       5,       1,       3,       1,     10.0000,      1.4090,     42.7326,    250.8782,     63.1365,      3.4953,      0.0000,     -0.0312,      0.5006,      0.1237,      5.6340,     11.2681,      1.0927,     28.9721,     57.9442,      0.0194,      0.0004,      0.0156,      0.2110,   7896.5000,-420295.3750,   -912.1961,    556.1766,  26321.6660,
       1,     169,     318,       6,       1,       3,       1,     10.0000,      1.4090,     42.7326,    250.8782,     63.1365,      3.4953,      0.0000,     -0.0312,      0.6110,      0.1233,      5.6340,     11.2681,      1.0893,     28.9721,     57.9442,      0.0194,      0.0005,      0.0156,      0.2110,   7896.5000,-420344.4688,   -912.2298,    556.1731,  26321.6660,
       1,     169,     318,       7,       1,       3,       1,     10.0000,      1.4090,     42.7326,    250.8782,     63.1365,      3.4953,      0.0000,     -0.0312,      0.3680,      0.1231,      5.6340,     11.2681,      1.0882,     28.9721,     57.9442,      0.0194,      0.0003,      0.0156,      0.2110,   7896.5000,-420481.8438,   -912.2923,    556.1636,  26321.6660,
       1,     169,     318,       8,       1,       3,       1,     10.0000,      1.4090,     42.7326,    250.8782,     63.1365,      3.4953,      0.0077,     -0.0235,      0.2954,      0.1235,      5.6340,     11.2681,      1.0915,     28.9721,     57.9442,      0.0194,      0.0002,      0.0156,      0.2110,   7896.5000,-420200.1875,   -912.2510,    556.1832,  26321.6660,
       1,     169,     318,       9,       1,       3,       1,     10.0000,      1.4090,     42.7326,    250.8782,     63.1365,      3.4953,      0.0329,      0.0013,      0.5685,      0.1354,      5.6340,     11.2681,      1.1962,     28.9721,     57.9442,      0.0194,      0.0003,      0.0273,      0.2110,   7896.5000,-420088.8750,   -912.2518,    556.1909,  26321.6660,
       1,     169,     318,      10,       1,       3,       1,     10.0000,      1.4090,     42.7326,    250.8782,     63.1365,      3.4953,      0.0709,      0.0380,      2.4750,      0.1693,      5.6340,     11.2681,      1.4958,     28.9721,     57.9442,      0.0194,      0.0004,      0.0804,      0.2110,   7896.5000,-420408.9375,   -912.4200,    556.1686,  26321.6660,
       1,     169,     318,      11,       1,       3,       1,     10.0000,      1.4090,     42.7326,    250.8782,     63.1365,      3.4953,      0.0646,      0.0315,      3.1957,      0.1765,      5.6340,     11.2681,      1.5599,     28.9721,     57.9442,      0.0194,      0.0005,      0.0710,      0.2110,   7896.5000,-422735.0000,   -913.0892,    556.0070,  26321.6641,
       1,     169,     318,      12,       1,       3,       1,     10.0000,      1.4090,     42.7326,    250.8782,     63.1365,      3.4953,      0.1053,      0.0716,      6.4344,      0.1959,      5.6340,     11.2681,      1.7313,     28.9721,     57.9442,      0.0194,      0.0006,      0.1290,      0.2110,   7896.4995,-423799.3438,   -913.5113,    555.9330,  26321.6660,
       1,     169,     318,      13,       1,       3,       1,     10.0000,      1.4090,     42.7326,    250.8782,     63.1365,      3.4953,      0.0996,      0.0652,      4.3734,      0.2192,      5.6340,     11.2681,      1.9373,     28.9721,     57.9442,      0.0194,      0.0004,      0.1206,      0.2110,   7896.5000,-427794.4062,   -914.6533,    555.6554,  26321.6641,
       1,     169,     318,      14,       1,       3,       1,     10.0000,      1.4090,     42.7326,    250.8782,     63.1365,      3.4953,      0.0827,      0.0483,      6.3535,      0.2203,      5.6340,     11.2681,      1.9468,     28.9721,     57.9442,      0.0194,      0.0008,      0.0959,      0.2110,   7896.4995,-425643.8125,   -914.6219,    555.8049,  26321.6660,
       1,     169,     318,      15,       1,       3,       1,     10.0000,      1.4090,     42.7326,    250.8782,     63.1365,      3.4953,      0.0998,      0.0665,     29.9805,      0.1831,      5.6340,     11.2681,      1.6184,     28.9721,     57.9442,      0.0194,      0.0031,      0.1186,      0.2110,   7896.5000,-427851.2500,   -915.3539,    555.6514,  26321.6660,
       1,     169,     318,      16,       1,       3,       1,     10.0000,      1.4090,     42.7326,    250.8782,     63.1365,      3.4953,      0.1484,      0.1170,     43.0370,      0.1256,      5.6340,     11.2681,      1.1095,     28.9721,     57.9442,      0.0194,      0.0028,      0.1873,      0.2110,   7896.5000,-456532.3125,   -917.5884,    553.6594,  26321.6660,
       1,     169,     318,      17,       1,       3,       1,     10.0000,      1.4090,     42.7326,    250.8782,     63.1365,      3.4953,      0.1437,      0.1123,     52.2565,      0.1276,      5.6340,     11.2681,      1.1277,     28.9721,     57.9442,      0.0194,      0.0035,      0.1795,      0.2110,   7896.5000,-474697.9062,   -921.1315,    552.4058,  26321.6660,
       1,     169,     318,      18,       1,       3,       1,     10.0000,      1.4090,     42.7326,    250.8782,     63.1365,      3.4953,      0.1307,      0.0990,     63.1483,      0.1351,      5.6340,     11.2681,      1.1938,     28.9721,     57.9442,      0.0194,      0.0048,      0.1598,      0.2110,   7896.5000,-487344.1875,   -923.6859,    551.5340,  26321.6660,
       1,     169,     318,      19,       1,       3,       1,     10.0000,      1.4090,     42.7326,    250.8782,     63.1365,      3.4953,      0.0513,      0.0197,     18.5050,      0.1329,      5.6340,     11.2681,      1.1746,     28.9721,     57.9442,      0.0194,      0.0044,      0.0515,      0.2110,   7896.5000,-501549.0625,   -926.4111,    550.5554,  26321.5352,
       1,     169,     318,      20,       1,       3,       1,     10.0000,      1.4090,     42.7326,    250.8782,     63.1365,      3.4953,      0.0007,     -0.0307,      3.1081,      0.1292,      5.6340,     11.2681,      1.1416,     28.9721,     57.9442,      0.0194,      0.0024,      0.0156,      0.2109,   7896.4609,-448850.6875,   -916.1782,    554.1829,  26321.6660,
       1,     169,     318,      21,       1,       3,       1,     10.0000,      1.4090,     42.7326,    250.8782,     63.1365,      3.4953,      0.0000,     -0.0312,      0.3539,      0.1224,      5.6340,     11.2681,      1.0816,     28.9721,     57.9442,      0.0194,      0.0003,      0.0156,      0.2110,   7896.5000,-425891.1562,   -911.5635,    555.7853,  26321.6641,
       1,     169,     318,      22,       1,       3,       1,     10.0000,      1.4090,     42.7326,    250.8782,     63.1365,      3.4953,      0.0000,     -0.0311,      0.2856,      0.1208,      5.6340,     11.2681,      1.0673,     28.9721,     57.9442,      0.0194,      0.0002,      0.0156,      0.2110,   7896.4995,-420639.3438,   -910.6208,    556.1525,  26321.6680,
       1,     169,     318,      23,       1,       3,       1,     10.0000,      1.4090,     42.7326,    250.8782,     63.1365,      3.4953,      0.0000,     -0.0311,      0.2826,      0.1197,      5.6340,     11.2681,      1.0575,     28.9721,     57.9442,      0.0194,      0.0002,      0.0156,      0.2110,   7896.5005,-420113.9375,   -910.5258,    556.1892,  26321.6680,
       1,     169,     318,      24,       1,       3,       1,     10.0000,      1.4090,     42.7326,    250.8782,     63.1365,      3.4953,      0.0000,     -0.0310,      0.2777,      0.1179,      5.6340,     11.2681,      1.0414,     28.9721,     57.9442,      0.0194,      0.0002,      0.0156,      0.2110,   7896.5005,-420066.0938,   -910.5185,    556.1925,  26321.6660,
       1,     169,     319,       1,       1,       3,       1,     10.0000,      1.4090,     42.7330,    250.8841,     63.1380,      3.4953,      0.0000,     -0.0309,      0.2719,      0.1157,      5.6355,     11.2711,      1.0224,     28.9582,     57.9164,      0.0194,      0.0002,      0.0156,      0.2111,   7896.5000,-420210.6562,   -910.3544,    556.1954,  26322.8320,
       1,     169,     319,       2,       1,       3,       1,     10.0000,      1.4090,     42.7330,    250.8841,     63.1380,      3.4953,      0.0000,     -0.0309,      0.2754,      0.1170,      5.6355,     11.2711,      1.0340,     28.9582,     57.9164,      0.0194,      0.0002,      0.0156,      0.2111,   7896.8501,-420064.9062,   -910.0778,    556.2056,  26322.8340,
       1,     169,     319,       3,       1,       3,       1,     10.0000,      1.4090,     42.7330,    250.8841,     63.1380,      3.4953,      0.0000,     -0.0310,      0.2787,      0.1182,      5.6355,     11.2711,      1.0446,     28.9582,     57.9164,      0.0194,      0.0002,      0.0156,      0.2111,   7896.8506,-420056.5938,   -910.0775,    556.2061,  26322.8359,
       1,     169,     319,       4,       1,       3,       1,     10.0000,      1.4090,     42.7330,    250.8841,     63.1380,      3.4953,      0.0000,     -0.0310,      0.2806,      0.1189,      5.6355,     11.2711,      1.0511,     28.9582,     57.9164,      0.0194,      0.0002,      0.0156,      0.2111,   7896.8511,-420059.7812,   -910.0791,    556.2059,  26322.8359,
       1,     169,     319,       5,       1,       3,       1,     10.0000,      1.4090,     42.7330,    250.8841,     63.1380,      3.4953,      0.0000,     -0.0310,      0.2767,      0.1175,      5.6355,     11.2711,      1.0382,     28.9582,     57.9164,      0.0194,      0.0002,      0.0156,      0.2111,   7896.8511,-420062.3438,   -910.0809,    556.2057,  26322.8359,
       1,     169,     319,       6,       1,       3,       1,     10.0000,      1.4090,     42.7330,    250.8841,     63.1380,      3.4953,      0.0000,     -0.0309,      0.2741,      0.1165,      5.6355,     11.2711,      1.0298,     28.9582,     57.9164,      0.0194,      0.0002,      0.0156,      0.2111,   7896.8511,-420057.9375,   -910.0814,    556.2061,  26322.8359,
       1,     169,     319,       7,       1,       3,       1,     10.0000,      1.4090,     42.7330,    250.8841,     63.1380,      3.4953,      0.0000,     -0.0309,      0.2741,      0.1165,      5.6355,     11.2711,      1.0298,     28.9582,     57.9164,      0.0194,      0.0002,      0.0156,      0.2111,   7896.8511,-420054.3750,   -910.0822,    556.2063,  26322.8359,
       1,     169,     319,       8,       1,       3,       1,     10.0000,      1.4090,     42.7330,    250.8841,     63.1380,      3.4953,      0.0152,     -0.0158,      0.0505,      0.1164,      5.6355,     11.2711,      1.0287,     28.9582,     57.9164,      0.0194,      0.0002,      0.0029,      0.2111,   7896.8511,-420054.0938,   -910.0834,    556.2064,  26322.8359,
       1,     169,     319,       9,       1,       3,       1,     10.0000,      1.4090,     42.7330,    250.8841,     63.1380,      3.4953,      0.0279,     -0.0036,      0.4017,      0.1292,      5.6355,     11.2711,      1.1416,     28.9582,     57.9164,      0.0194,      0.0002,      0.0203,      0.2111,   7896.8511,-419784.3125,   -910.0879,    556.2250,  26322.8359,
       1,     169,     319,      10,       1,       3,       1,     10.0000,      1.4090,     42.7330,    250.8841,     63.1380,      3.4953,      0.0260,     -0.0060,      0.3803,      0.1443,      5.6355,     11.2711,      1.2750,     28.9582,     57.9164,      0.0194,      0.0003,      0.0170,      0.2111,   7896.8511,-420185.3125,   -910.3135,    556.1972,  26322.8379,
       1,     169,     319,      11,       1,       3,       1,     10.0000,      1.4090,     42.7330,    250.8841,     63.1380,      3.4953,      0.0989,      0.0663,      3.0871,      0.1618,      5.6355,     11.2711,      1.4300,     28.9582,     57.9164,      0.0194,      0.0003,      0.1207,      0.2111,   7896.8516,-420192.8750,   -910.3922,    556.1967,  26322.8359,
       1,     169,     319,      12,       1,       3,       1,     10.0000,      1.4090,     42.7330,    250.8841,     63.1380,      3.4953,      0.1280,      0.0950,      4.4103,      0.1706,      5.6355,     11.2711,      1.5079,     28.9582,     57.9164,      0.0194,      0.0003,      0.1622,      0.2111,   7896.8511,-423457.5625,   -911.3088,    555.9697,  26322.8379,
       1,     169,     319,      13,       1,       3,       1,     10.0000,      1.4090,     42.7330,    250.8841,     63.1380,      3.4953,      0.1702,      0.1364,      7.1376,      0.1969,      5.6355,     11.2711,      1.7399,     28.9582,     57.9164,      0.0194,      0.0004,      0.2228,      0.2111,   7896.8516,-425326.7812,   -912.1812,    555.8398,  26322.8359,
       1,     169,     319,      14,       1,       3,       1,     10.0000,      1.4090,     42.7330,    250.8841,     63.1380,      3.4953,      0.1897,      0.1558,     16.6366,      0.2024,      5.6355,     11.2711,      1.7888,     28.9582,     57.9164,      0.0194,      0.0008,      0.2500,      0.2111,   7896.8511,-428772.3750,   -912.6456,    555.6005,  26322.8379,
       1,     169,     319,      15,       1,       3,       1,     10.0000,      1.4090,     42.7330,    250.8841,     63.1380,      3.4953,      0.1712,      0.1372,     30.8357,      0.2044,      5.6355,     11.2711,      1.8065,     28.9582,     57.9164,      0.0194,      0.0017,      0.2216,      0.2110,   7896.8516,-440516.3438,   -916.3398,    554.7849,  26322.8340,
       1,     169,     319,      16,       1,       3,       1,     10.0000,      1.4090,     42.7330,    250.8841,     63.1380,      3.4953,      0.1401,      0.1067,     39.0441,      0.1857,      5.6355,     11.2711,      1.6411,     28.9582,     57.9164,      0.0194,      0.0027,      0.1757,      0.2110,   7896.8506,-458628.2500,   -920.9575,    553.5294,  26322.8379,
       1,     169,     319,      17,       1,       3,       1,     10.0000,      1.4090,     42.7330,    250.8841,     63.1380,      3.4953,      0.1324,      0.0999,     38.5899,      0.1572,      5.6355,     11.2711,      1.3890,     28.9582,     57.9164,      0.0194,      0.0028,      0.1647,      0.2110,   7896.8516,-470050.4062,   -924.0605,    552.7405,  26322.8359,
       1,     169,     319,      18,       1,       3,       1,     10.0000,      1.4090,     42.7330,    250.8841,     63.1380,      3.4953,      0.0876,      0.0558,     35.0943,      0.1384,      5.6355,     11.2711,      1.2232,     28.9582,     57.9164,      0.0194,      0.0042,      0.1014,      0.2110,   7896.8511,-470457.6562,   -920.3051,    552.7130,  26322.8359,
       1,     169,     319,      19,       1,       3,       1,     10.0000,      1.4090,     42.7330,    250.8841,     63.1380,      3.4953,      0.0194,     -0.0114,      2.7025,      0.1139,      5.6355,     11.2711,      1.0068,     28.9582,     57.9164,      0.0194,      0.0037,      0.0088,      0.2110,   7896.8511,-466272.9375,   -919.5991,    553.0021,  26322.8359,
       1,     169,     319,      20,       1,       3,       1,     10.0000,      1.4090,     42.7330,    250.8841,     63.1380,      3.4953,      0.0001,     -0.0307,      4.8153,      0.1120,      5.6355,     11.2711,      0.9894,     28.9582,     57.9164,      0.0194,      0.0038,      0.0156,      0.2110,   7896.8511,-426839.2500,   -912.0376,    555.7281,  26322.8359,
       1,     169,     319,      21,       1,       3,       1,     10.0000,      1.4090,     42.7330,    250.8841,     63.1380,      3.4953,      0.0000,     -0.0307,      3.6644,      0.1117,      5.6355,     11.2711,      0.9874,     28.9582,     57.9164,      0.0194,      0.0029,      0.0156,      0.2111,   7896.8511,-426106.8125,   -911.8190,    555.7856,  26322.8359,
       1,     169,     319,      22,       1,       3,       1,     10.0000,      1.4090,     42.7330,    250.8841,     63.1380,      3.4953,      0.0000,     -0.0307,      1.4551,      0.1122,      5.6355,     11.2711,      0.9914,     28.9582,     57.9164,      0.0194,      0.0011,      0.0156,      0.2111,   7896.8511,-424649.4375,   -912.0537,    555.8869,  26322.8359,
       1,     169,     319,      23,       1,       3,       1,     10.0000,      1.4090,     42.7330,    250.8841,     63.1380,      3.4953,      0.0000,     -0.0308,      0.9066,      0.1127,      5.6355,     11.2711,      0.9955,     28.9582,     57.9164,      0.0194,      0.0007,      0.0156,      0.2111,   7896.8511,-421863.3125,   -911.6756,    556.0806,  26322.8340,
       1,     169,     319,      24,       1,       3,       1,     10.0000,      1.4090,     42.7330,    250.8841,     63.1380,      3.4953,      0.0000,     -0.0309,      0.2738,      0.1164,      5.6355,     11.2711,      1.0287,     28.9582,     57.9164,      0.0194,      0.0002,      0.0156,      0.2111,   7896.8506,-420968.5000,   -911.6031,    556.1428,  26322.8359,
       1,     169,     320,       1,       1,       3,       1,     10.0000,      1.4091,     42.7333,    250.8900,     63.1396,      3.4953,      0.0000,     -0.0310,      0.2807,      0.1181,      5.6357,     11.2715,      1.0436,     28.9485,     57.8971,      0.0194,      0.0002,      0.0156,      0.2111,   7896.8511,-420284.6875,   -911.7385,    556.2036,  26324.0039,
       1,     169,     320,       2,       1,       3,       1,     10.0000,      1.4091,     42.7333,    250.8900,     63.1396,      3.4953,      0.0000,     -0.0309,      0.3954,      0.1170,      5.6357,     11.2715,      1.0340,     28.9485,     57.8971,      0.0194,      0.0003,      0.0156,      0.2111,   7897.2017,-420084.2188,   -911.4500,    556.2175,  26324.0059,
       1,     169,     320,       3,       1,       3,       1,     10.0000,      1.4091,     42.7333,    250.8900,     63.1396,      3.4953,      0.0000,     -0.0309,      0.4860,      0.1148,      5.6357,     11.2715,      1.0141,     28.9485,     57.8971,      0.0194,      0.0004,      0.0156,      0.2111,   7897.2021,-420205.2500,   -911.4846,    556.2090,  26324.0039,
       1,     169,     320,       4,       1,       3,       1,     10.0000,      1.4091,     42.7333,    250.8900,     63.1396,      3.4953,      0.0000,     -0.0308,      0.2659,      0.1135,      5.6357,     11.2715,      1.0027,     28.9485,     57.8971,      0.0194,      0.0002,      0.0156,      0.2111,   7897.2017,-420325.1875,   -911.5349,    556.2007,  26324.0059,
       1,     169,     320,       5,       1,       3,       1,     10.0000,      1.4091,     42.7333,    250.8900,     63.1396,      3.4953,      0.0000,     -0.0306,      0.2549,      0.1094,      5.6357,     11.2715,      0.9663,     28.9485,     57.8971,      0.0194,      0.0002,      0.0156,      0.2111,   7897.2021,-420069.5000,   -911.4888,    556.2185,  26324.0039,
       1,     169,     320,       6,       1,       3,       1,     10.0000,      1.4091,     42.7333,    250.8900,     63.1396,      3.4953,      0.0000,     -0.0307,      0.2595,      0.1111,      5.6357,     11.2715,      0.9813,     28.9485,     57.8971,      0.0194,      0.0002,      0.0156,      0.2111,   7897.2017,-420035.1875,   -911.4844,    556.2209,  26324.0039,
       1,     169,     320,       7,       1,       3,       1,     10.0000,      1.4091,     42.7333,    250.8900,     63.1396,      3.4953,      0.0000,     -0.0308,      0.2662,      0.1136,      5.6357,     11.2715,      1.0037,     28.9485,     57.8971,      0.0194,      0.0002,      0.0156,      0.2111,   7897.2017,-420037.7500,   -911.4862,    556.2207,  26324.0039,
       1,     169,     320,       8,       1,       3,       1,     10.0000,      1.4091,     42.7333,    250.8900,     63.1396,      3.4953,      0.0032,     -0.0276,      0.2644,      0.1129,      5.6357,     11.2715,      0.9976,     28.9485,     57.8971,      0.0194,      0.0002,      0.0156,      0.2111,   7897.2017,-420046.0938,   -911.4890,    556.2201,  26324.0039,
       1,     169,     320,       9,       1,       3,       1,     10.0000,      1.4091,     42.7333,    250.8900,     63.1396,      3.4953,      0.0525,      0.0214,      1.0242,      0.1214,      5.6357,     11.2715,      1.0728,     28.9485,     57.8971,      0.0194,      0.0002,      0.0556,      0.2111,   7897.2017,-420044.6250,   -911.4966,    556.2202,  26324.0039,
       1,     169,     320,      10,       1,       3,       1,     10.0000,      1.4091,     42.7333,    250.8900,     63.1396,      3.4953,      0.1109,      0.0795,      2.7402,      0.1293,      5.6357,     11.2715,      1.1428,     28.9485,     57.8971,      0.0194,      0.0002,      0.1384,      0.2111,   7897.2017,-420960.5625,   -911.7856,    556.1565,  26324.0039,
       1,     169,     320,      11,       1,       3,       1,     10.0000,      1.4091,     42.7333,    250.8900,     63.1396,      3.4953,      0.0898,      0.0578,      2.4211,      0.1441,      5.6357,     11.2715,      1.2737,     28.9485,     57.8971,      0.0194,      0.0003,      0.1081,      0.2111,   7897.2017,-423106.3438,   -912.4662,    556.0074,  26324.0039,
       1,     169,     320,      12,       1,       3,       1,     10.0000,      1.4091,     42.7333,    250.8900,     63.1396,      3.4953,      0.0499,      0.0172,      1.3063,      0.1635,      5.6357,     11.2715,      1.4444,     28.9485,     57.8971,      0.0194,      0.0003,      0.0505,      0.2111,   7897.2017,-422901.4688,   -912.6602,    556.0216,  26324.0039,
       1,     169,     320,      13,       1,       3,       1,     10.0000,      1.4091,     42.7333,    250.8900,     63.1396,      3.4953,      0.0891,      0.0555,      3.2643,      0.1902,      5.6357,     11.2715,      1.6807,     28.9485,     57.8971,      0.0194,      0.0004,      0.1060,      0.2111,   7897.2017,-421540.1562,   -912.5233,    556.1163,  26324.0039,
       1,     169,     320,      14,       1,       3,       1,     10.0000,      1.4091,     42.7333,    250.8900,     63.1396,      3.4953,      0.0695,      0.0359,      2.5828,      0.1936,      5.6357,     11.2715,      1.7109,     28.9485,     57.8971,      0.0194,      0.0004,      0.0777,      0.2111,   7897.2017,-423786.7500,   -911.0148,    555.9600,  26324.0039,
       1,     169,     320,      15,       1,       3,       1,     10.0000,      1.4091,     42.7333,    250.8900,     63.1396,      3.4953,      0.0537,      0.0222,      1.2810,      0.1304,      5.6357,     11.2715,      1.1521,     28.9485,     57.8971,      0.0194,      0.0003,      0.0569,      0.2111,   7897.2017,-423153.5000,   -910.8402,    556.0042,  26324.0039,
       1,     169,     320,      16,       1,       3,       1,     10.0000,      1.4091,     42.7333,    250.8900,     63.1396,      3.4953,      0.0652,      0.0342,      5.2465,      0.1196,      5.6357,     11.2715,      1.0565,     28.9485,     57.8971,      0.0194,      0.0009,      0.0733,      0.2111,   7897.2017,-421530.6562,   -910.4450,    556.1169,  26324.0059,
       1,     169,     320,      17,       1,       3,       1,     10.0000,      1.4091,     42.7333,    250.8900,     63.1396,      3.4953,      0.0509,      0.0198,      7.8903,      0.1223,      5.6357,     11.2715,      1.0805,     28.9485,     57.8971,      0.0194,      0.0018,      0.0526,      0.2111,   7897.2021,-426175.5000,   -911.4705,    555.7941,  26324.0020,
       1,     169,     320,      18,       1,       3,       1,     10.0000,      1.4091,     42.7333,    250.8900,     63.1396,      3.4953,      0.0433,      0.0120,     11.7540,      0.1257,      5.6357,     11.2715,      1.1107,     28.9485,     57.8971,      0.0194,      0.0035,      0.0412,      0.2111,   7897.2007,-429753.3750,   -912.2809,    555.5457,  26324.0039,
       1,     169,     320,      19,       1,       3,       1,     10.0000,      1.4091,     42.7333,    250.8900,     63.1396,      3.4953,      0.0170,     -0.0143,      1.4375,      0.1252,      5.6357,     11.2715,      1.1062,     28.9485,     57.8971,      0.0194,      0.0036,      0.0049,      0.2111,   7897.2017,-434711.7812,   -913.4686,    555.2013,  26324.0039,
       1,     169,     320,      20,       1,       3,       1,     10.0000,      1.4091,     42.7333,    250.8900,     63.1396,      3.4953,      0.0005,     -0.0307,      0.9637,      0.1238,      5.6357,     11.2715,      1.0938,     28.9485,     57.8971,      0.0194,      0.0008,      0.0156,      0.2111,   7897.2017,-422686.7812,   -911.2053,    556.0359,  26324.0039,
       1,     169,     320,      21,       1,       3,       1,     10.0000,      1.4091,     42.7333,    250.8900,     63.1396,      3.4953,      0.0000,     -0.0310,      0.2770,      0.1176,      5.6357,     11.2715,      1.0393,     28.9485,     57.8971,      0.0194,      0.0002,      0.0156,      0.2111,   7897.2017,-421109.7812,   -910.3608,    556.1462,  26324.0039,
       1,     169,     320,      22,       1,       3,       1,     10.0000,      1.4091,     42.7333,    250.8900,     63.1396,      3.4953,      0.0000,     -0.0308,      0.2684,      0.1144,      5.6357,     11.2715,      1.0110,     28.9485,     57.8971,      0.0194,      0.0002,      0.0156,      0.2111,   7897.2017,-420149.0312,   -910.0842,    556.2130,  26324.0039,
       1,     169,     320,      23,       1,       3,       1,     10.0000,      1.4091,     42.7333,    250.8900,     63.1396,      3.4953,      0.0000,     -0.0307,      0.2592,      0.1109,      5.6357,     11.2715,      0.9803,     28.9485,     57.8971,      0.0194,      0.0002,      0.0156,      0.2111,   7897.2017,-420058.0625,   -910.0673,    556.2193,  26324.0000,
       1,     169,     320,      24,       1,       3,       1,     10.0000,      1.4091,     42.7333,    250.8900,     63.1396,      3.4953,      0.0000,     -0.0309,      0.2697,      0.1149,      5.6357,     11.2715,      1.0151,     28.9485,     57.8971,      0.0194,      0.0002,      0.0156,      0.2111,   7897.2002,-420039.7188,   -910.0646,    556.2206,  26324.0020,
       1,     169,     321,       1,       1,       3,       1,     10.0000,      1.4091,     42.7336,    250.8959,     63.1411,      3.4953,      0.0000,     -0.0311,      0.2869,      0.1204,      5.6368,     11.2736,      1.0641,     28.9264,     57.8528,      0.0194,      0.0002,      0.0156,      0.2111,   7897.2007,-420205.2188,   -910.3525,    556.2224,  26325.1719,
       1,     169,     321,       2,       1,       3,       1,     10.0000,      1.4091,     42.7336,    250.8959,     63.1411,      3.4953,      0.0000,     -0.0311,      0.2856,      0.1208,      5.6368,     11.2736,      1.0674,     28.9264,     57.8528,      0.0194,      0.0002,      0.0156,      0.2111,   7897.5518,-420088.2500,   -910.0731,    556.2305,  26325.1738,
       1,     169,     321,       3,       1,       3,       1,     10.0000,      1.4091,     42.7336,    250.8959,     63.1411,      3.4953,      0.0000,     -0.0309,      0.2761,      0.1173,      5.6368,     11.2736,      1.0362,     28.9264,     57.8528,      0.0194,      0.0002,      0.0156,      0.2111,   7897.5522,-420076.5312,   -910.0698,    556.2313,  26325.1738,
       1,     169,     321,       4,       1,       3,       1,     10.0000,      1.4091,     42.7336,    250.8959,     63.1411,      3.4953,      0.0000,     -0.0308,      0.2688,      0.1137,      5.6368,     11.2736,      1.0048,     28.9264,     57.8528,      0.0194,      0.0002,      0.0156,      0.2111,   7897.5522,-420064.0312,   -910.0674,    556.2322,  26325.1699,
       1,     169,     321,       5,       1,       3,       1,     10.0000,      1.4091,     42.7336,    250.8959,     63.1411,      3.4953,      0.0000,     -0.0308,      0.3660,      0.1129,      5.6368,     11.2736,      0.9976,     28.9264,     57.8528,      0.0194,      0.0003,      0.0156,      0.2111,   7897.5513,-420054.7500,   -910.0672,    556.2327,  26325.1719,
       1,     169,     321,       6,       1,       3,       1,     10.0000,      1.4091,     42.7336,    250.8959,     63.1411,      3.4953,      0.0000,     -0.0308,      0.2912,      0.1128,      5.6368,     11.2736,      0.9966,     28.9264,     57.8528,      0.0194,      0.0002,      0.0156,      0.2111,   7897.5518,-420171.0938,   -910.1017,    556.2247,  26325.1738,
       1,     169,     321,       7,       1,       3,       1,     10.0000,      1.4091,     42.7336,    250.8959,     63.1411,      3.4953,      0.0000,     -0.0307,      0.2719,      0.1115,      5.6368,     11.2736,      0.9854,     28.9264,     57.8528,      0.0194,      0.0002,      0.0156,      0.2111,   7897.5522,-420090.2188,   -910.0760,    556.2303,  26325.1719,
       1,     169,     321,       8,       1,       3,       1,     10.0000,      1.4091,     42.7336,    250.8959,     63.1411,      3.4953,      0.0053,     -0.0254,      0.2982,      0.1121,      5.6368,     11.2736,      0.9905,     28.9264,     57.8528,      0.0194,      0.0002,      0.0156,      0.2111,   7897.5518,-420060.5000,   -910.0692,    556.2324,  26325.1738,
       1,     169,     321,       9,       1,       3,       1,     10.0000,      1.4091,     42.7336,    250.8959,     63.1411,      3.4953,      0.0649,      0.0342,      1.2545,      0.1135,      5.6368,     11.2736,      1.0027,     28.9264,     57.8528,      0.0194,      0.0002,      0.0736,      0.2111,   7897.5522,-420089.4062,   -910.0901,    556.2303,  26325.1758,
       1,     169,     321,      10,       1,       3,       1,     10.0000,      1.4091,     42.7336,    250.8959,     63.1411,      3.4953,      0.1351,      0.1041,      3.0570,      0.1171,      5.6368,     11.2736,      1.0351,     28.9264,     57.8528,      0.0194,      0.0002,      0.1729,      0.2111,   7897.5532,-421244.5312,   -910.5191,    556.1501,  26325.1738,
       1,     169,     321,      11,       1,       3,       1,     10.0000,      1.4091,     42.7336,    250.8959,     63.1411,      3.4953,      0.1765,      0.1453,      4.4151,      0.1251,      5.6368,     11.2736,      1.1051,     28.9264,     57.8528,      0.0194,      0.0002,      0.2318,      0.2111,   7897.5522,-423514.5000,   -911.1951,    555.9922,  26325.1758,
       1,     169,     321,      12,       1,       3,       1,     10.0000,      1.4091,     42.7336,    250.8959,     63.1411,      3.4953,      0.1870,      0.1551,      5.4853,      0.1431,      5.6368,     11.2736,      1.2648,     28.9264,     57.8528,      0.0194,      0.0003,      0.2468,      0.2111,   7897.5532,-425341.8438,   -911.7488,    555.8653,  26325.1738,
       1,     169,     321,      13,       1,       3,       1,     10.0000,      1.4091,     42.7336,    250.8959,     63.1411,      3.4953,      0.1893,      0.1572,      5.6605,      0.1455,      5.6368,     11.2736,      1.2854,     28.9264,     57.8528,      0.0194,      0.0003,      0.2500,      0.2111,   7897.5522,-426785.5000,   -912.5254,    555.7650,  26325.1738,
       1,     169,     321,      14,       1,       3,       1,     10.0000,      1.4091,     42.7336,    250.8959,     63.1411,      3.4953,      0.1757,      0.1432,      5.7889,      0.1591,      5.6368,     11.2736,      1.4059,     28.9264,     57.8528,      0.0194,      0.0003,      0.2307,      0.2111,   7897.5522,-427117.6250,   -912.7126,    555.7419,  26325.1738,
       1,     169,     321,      15,       1,       3,       1,     10.0000,      1.4091,     42.7336,    250.8959,     63.1411,      3.4953,      0.1892,      0.1564,      6.8933,      0.1668,      5.6368,     11.2736,      1.4737,     28.9264,     57.8528,      0.0194,      0.0003,      0.2500,      0.2111,   7897.5522,-427300.2812,   -913.6530,    555.7293,  26325.1758,
       1,     169,     321,      16,       1,       3,       1,     10.0000,      1.4091,     42.7336,    250.8959,     63.1411,      3.4953,      0.1555,      0.1236,      5.5715,      0.1418,      5.6368,     11.2736,      1.2534,     28.9264,     57.8528,      0.0194,      0.0003,      0.2017,      0.2111,   7897.5532,-428646.7188,   -914.9688,    555.6357,  26325.1758,
       1,     169,     321,      17,       1,       3,       1,     10.0000,      1.4091,     42.7336,    250.8959,     63.1411,      3.4953,      0.0645,      0.0326,      5.5007,      0.1414,      5.6368,     11.2736,      1.2496,     28.9264,     57.8528,      0.0194,      0.0009,      0.0716,      0.2111,   7897.5532,-427166.0312,   -912.4790,    555.7385,  26325.1738,
       1,     169,     321,      18,       1,       3,       1,     10.0000,      1.4091,     42.7336,    250.8959,     63.1411,      3.4953,      0.0053,     -0.0258,      1.5823,      0.1220,      5.6368,     11.2736,      1.0783,     28.9264,     57.8528,      0.0194,      0.0012,      0.0156,      0.2111,   7897.5522,-426956.8750,   -912.7260,    555.7531,  26325.1719,
       1,     169,     321,      19,       1,       3,       1,     10.0000,      1.4091,     42.7336,    250.8959,     63.1411,      3.4953,      0.0031,     -0.0279,      1.9509,      0.1183,      5.6368,     11.2736,      1.0458,     28.9264,     57.8528,      0.0194,      0.0015,      0.0156,      0.2111,   7897.5518,-422215.5000,   -910.6668,    556.0825,  26325.1758,
       1,     169,     321,      20,       1,       3,       1,     10.0000,      1.4091,     42.7336,    250.8959,     63.1411,      3.4953,      0.0000,     -0.0308,      2.5270,      0.1148,      5.6368,     11.2736,      1.0141,     28.9264,     57.8528,      0.0194,      0.0020,      0.0156,      0.2111,   7897.5532,-422262.4062,   -910.7016,    556.0793,  26325.1758,
       1,     169,     321,      21,       1,       3,       1,     10.0000,      1.4091,     42.7336,    250.8959,     63.1411,      3.4953,      0.0000,     -0.0308,      1.7965,      0.1138,      5.6368,     11.2736,      1.0058,     28.9264,     57.8528,      0.0194,      0.0014,      0.0156,      0.2111,   7897.5532,-422960.6562,   -910.8473,    556.0308,  26325.1738,
       1,     169,     321,      22,       1,       3,       1,     10.0000,      1.4091,     42.7336,    250.8959,     63.1411,      3.4953,      0.0000,     -0.0309,      1.6883,      0.1167,      5.6368,     11.2736,      1.0309,     28.9264,     57.8528,      0.0194,      0.0013,      0.0156,      0.2111,   7897.5522,-422138.5625,   -910.6467,    556.0878,  26325.1738,
       1,     169,     321,      23,       1,       3,       1,     10.0000,      1.4091,     42.7336,    250.8959,     63.1411,      3.4953,      0.0000,     -0.0309,      0.7067,      0.1151,      5.6368,     11.2736,      1.0172,     28.9264,     57.8528,      0.0194,      0.0006,      0.0156,      0.2111,   7897.5522,-421939.4688,   -910.8183,    556.1017,  26325.1738,
       1,     169,     321,      24,       1,       3,       1,     10.0000,      1.4091,     42.7336,    250.8959,     63.1411,      3.4953,      0.0000,     -0.0308,      0.3682,      0.1143,      5.6368,     11.2736,      1.0100,     28.9264,     57.8528,      0.0194,      0.0003,      0.0156,      0.2111,   7897.5522,-420739.3438,   -910.6675,    556.1852,  26325.1738,
       1,     169,     322,       1,       1,       3,       1,     10.0000,      1.4091,     42.7340,    250.9017,     63.1425,      3.4953,      0.0000,     -0.0310,      0.4546,      0.1181,      5.6355,     11.2709,      1.0436,     28.9206,     57.8411,      0.0194,      0.0004,      0.0156,      0.2111,   7897.5522,-420384.7500,   -910.8763,    556.2230,  26326.3418,
       1,     169,     322,       2,       1,       3,       1,     10.0000,      1.4091,     42.7340,    250.9017,     63.1425,      3.4953,      0.0000,     -0.0309,      0.3232,      0.1168,      5.6355,     11.2709,      1.0320,     28.9206,     57.8411,      0.0194,      0.0003,      0.0156,      0.2111,   7897.9028,-420307.9375,   -910.6345,    556.2283,  26326.3398,
       1,     169,     322,       3,       1,       3,       1,     10.0000,      1.4091,     42.7340,    250.9017,     63.1425,      3.4953,      0.0000,     -0.0309,      0.5325,      0.1173,      5.6355,     11.2709,      1.0362,     28.9206,     57.8411,      0.0194,      0.0004,      0.0156,      0.2111,   7897.9023,-420143.2500,   -910.6110,    556.2397,  26326.3398,
       1,     169,     322,       4,       1,       3,       1,     10.0000,      1.4091,     42.7340,    250.9017,     63.1425,      3.4953,      0.0000,     -0.0306,      0.5024,      0.1103,      5.6355,     11.2709,      0.9743,     28.9206,     57.8411,      0.0194,      0.0004,      0.0156,      0.2111,   7897.9023,-420381.7812,   -910.1610,    556.2231,  26326.3398,
       1,     169,     322,       5,       1,       3,       1,     10.0000,      1.4091,     42.7340,    250.9017,     63.1425,      3.4953,      0.0000,     -0.0303,      0.5394,      0.1029,      5.6355,     11.2709,      0.9093,     28.9206,     57.8411,      0.0194,      0.0004,      0.0156,      0.2111,   7897.9023,-420365.4688,   -910.1590,    556.2243,  26326.3398,
       1,     169,     322,       6,       1,       3,       1,     10.0000,      1.4091,     42.7340,    250.9017,     63.1425,      3.4953,      0.0000,     -0.0305,      1.0375,      0.1075,      5.6355,     11.2709,      0.9496,     28.9206,     57.8411,      0.0194,      0.0008,      0.0156,      0.2111,   7897.9023,-420408.7500,   -910.2042,    556.2213,  26326.3398,
       1,     169,     322,       7,       1,       3,       1,     10.0000,      1.4091,     42.7340,    250.9017,     63.1425,      3.4953,      0.0000,     -0.0307,      1.3226,      0.1114,      5.6355,     11.2709,      0.9844,     28.9206,     57.8411,      0.0194,      0.0010,      0.0156,      0.2111,   7897.9023,-421012.7812,   -910.3547,    556.1793,  26326.3398,
       1,     169,     322,       8,       1,       3,       1,     10.0000,      1.4091,     42.7340,    250.9017,     63.1425,      3.4953,      0.0052,     -0.0255,      0.6457,      0.1119,      5.6355,     11.2709,      0.9884,     28.9206,     57.8411,      0.0194,      0.0005,      0.0156,      0.2111,   7897.9023,-421406.9688,   -910.5731,    556.1519,  26326.3398,
       1,     169,     322,       9,       1,       3,       1,     10.0000,      1.4091,     42.7340,    250.9017,     63.1425,      3.4953,      0.0565,      0.0259,      3.1267,      0.1084,      5.6355,     11.2709,      0.9574,     28.9206,     57.8411,      0.0194,      0.0006,      0.0616,      0.2111,   7897.9023,-420624.1875,   -910.2371,    556.2062,  26326.3398,
       1,     169,     322,      10,       1,       3,       1,     10.0000,      1.4091,     42.7340,    250.9017,     63.1425,      3.4953,      0.1580,      0.1272,      4.2264,      0.1122,      5.6355,     11.2709,      0.9915,     28.9206,     57.8411,      0.0194,      0.0003,      0.2054,      0.2111,   7897.9023,-423549.1562,   -910.9224,    556.0029,  26326.3398,
       1,     169,     322,      11,       1,       3,       1,     10.0000,      1.4091,     42.7340,    250.9017,     63.1425,      3.4953,      0.1893,      0.1578,      5.0647,      0.1320,      5.6355,     11.2709,      1.1663,     28.9206,     57.8411,      0.0194,      0.0002,      0.2500,      0.2111,   7897.9023,-425119.9375,   -911.4453,    555.8938,  26326.3398,
       1,     169,     322,      12,       1,       3,       1,     10.0000,      1.4091,     42.7340,    250.9017,     63.1425,      3.4953,      0.1892,      0.1567,      6.2148,      0.1578,      5.6355,     11.2709,      1.3947,     28.9206,     57.8411,      0.0194,      0.0003,      0.2500,      0.2111,   7897.9023,-426262.1250,   -912.8059,    555.8145,  26326.3398,
       1,     169,     322,      13,       1,       3,       1,     10.0000,      1.4091,     42.7340,    250.9017,     63.1425,      3.4953,      0.1892,      0.1568,      6.1791,      0.1570,      5.6355,     11.2709,      1.3877,     28.9206,     57.8411,      0.0194,      0.0003,      0.2500,      0.2111,   7897.9023,-427744.2500,   -914.6115,    555.7114,  26326.3379,
       1,     169,     322,      14,       1,       3,       1,     10.0000,      1.4091,     42.7340,    250.9017,     63.1425,      3.4953,      0.1897,      0.1561,     15.1062,      0.1913,      5.6355,     11.2709,      1.6908,     28.9206,     57.8411,      0.0194,      0.0007,      0.2500,      0.2111,   7897.9019,-427825.8125,   -915.7471,    555.7058,  26326.3379,
       1,     169,     322,      15,       1,       3,       1,     10.0000,      1.4091,     42.7340,    250.9017,     63.1425,      3.4953,      0.1597,      0.1264,      9.4923,      0.1837,      5.6355,     11.2709,      1.6234,     28.9206,     57.8411,      0.0194,      0.0006,      0.2073,      0.2111,   7897.9019,-438594.2812,   -918.9463,    554.9578,  26326.3398,
       1,     169,     322,      16,       1,       3,       1,     10.0000,      1.4091,     42.7340,    250.9017,     63.1425,      3.4953,      0.1337,      0.1002,     16.6640,      0.1896,      5.6355,     11.2709,      1.6758,     28.9206,     57.8411,      0.0194,      0.0012,      0.1689,      0.2111,   7897.9023,-432728.4375,   -918.4251,    555.3652,  26326.3418,
       1,     169,     322,      17,       1,       3,       1,     10.0000,      1.4091,     42.7340,    250.9017,     63.1425,      3.4953,      0.1396,      0.1065,     37.2292,      0.1741,      5.6355,     11.2709,      1.5384,     28.9206,     57.8411,      0.0194,      0.0026,      0.1751,      0.2111,   7897.9028,-440883.2188,   -920.3950,    554.7993,  26326.3398,
       1,     169,     322,      18,       1,       3,       1,     10.0000,      1.4091,     42.7340,    250.9017,     63.1425,      3.4953,      0.1001,      0.0681,     17.8027,      0.1434,      5.6355,     11.2709,      1.2674,     28.9206,     57.8411,      0.0194,      0.0018,      0.1210,      0.2111,   7897.9023,-466362.9688,   -923.7338,    553.0325,  26326.3418,
       1,     169,     322,      19,       1,       3,       1,     10.0000,      1.4091,     42.7340,    250.9017,     63.1425,      3.4953,      0.0188,     -0.0130,      1.9395,      0.1396,      5.6355,     11.2709,      1.2333,     28.9206,     57.8411,      0.0194,      0.0035,      0.0067,      0.2111,   7897.9028,-445070.2500,   -920.2762,    554.5073,  26326.3398,
       1,     169,     322,      20,       1,       3,       1,     10.0000,      1.4091,     42.7340,    250.9017,     63.1425,      3.4953,      0.0003,     -0.0310,      4.1154,      0.1260,      5.6355,     11.2709,      1.1130,     28.9206,     57.8411,      0.0194,      0.0032,      0.0156,      0.2111,   7897.9023,-424164.2188,   -916.7979,    555.9583,  26326.3398,
       1,     169,     322,      21,       1,       3,       1,     10.0000,      1.4091,     42.7340,    250.9017,     63.1425,      3.4953,      0.0000,     -0.0313,      5.1102,      0.1252,      5.6355,     11.2709,      1.1062,     28.9206,     57.8411,      0.0194,      0.0040,      0.0156,      0.2111,   7897.9023,-425040.0000,   -917.3248,    555.8994,  26326.3398,
       1,     169,     322,      22,       1,       3,       1,     10.0000,      1.4091,     42.7340,    250.9017,     63.1425,      3.4953,      0.0000,     -0.0315,      4.0366,      0.1305,      5.6355,     11.2709,      1.1534,     28.9206,     57.8411,      0.0194,      0.0031,      0.0156,      0.2111,   7897.9023,-426310.2188,   -917.9960,    555.8111,  26326.3398,
       1,     169,     322,      23,       1,       3,       1,     10.0000,      1.4091,     42.7340,    250.9017,     63.1425,      3.4953,      0.0000,     -0.0315,      2.5667,      0.1299,      5.6355,     11.2709,      1.1475,     28.9206,     57.8411,      0.0194,      0.0020,      0.0156,      0.2111,   7897.9023,-425122.4688,   -918.0512,    555.8937,  26326.3379,
       1,     169,     322,      24,       1,       3,       1,     10.0000,      1.4091,     42.7340,    250.9017,     63.1425,      3.4953,      0.0000,     -0.0315,      2.0116,      0.1303,      5.6355,     11.2709,      1.1510,     28.9206,     57.8411,      0.0194,      0.0016,      0.0156,      0.2111,   7897.9019,-423251.3750,   -917.8391,    556.0236,  26326.3398,
       1,     169,     323,       1,       1,       3,       1,     10.0000,      1.4091,     42.7343,    250.9076,     63.1440,      3.4953,      0.0000,     -0.0314,      1.1520,      0.1288,      5.6354,     11.2709,      1.1383,     28.9190,     57.8380,      0.0194,      0.0009,      0.0156,      0.2112,   7897.9023,-422578.9062,   -918.1125,    556.0834,  26327.5078,
       1,     169,     323,       2,       1,       3,       1,     10.0000,      1.4091,     42.7343,    250.9076,     63.1440,      3.4953,      0.0000,     -0.0312,      1.7753,      0.1227,      5.6354,     11.2709,      1.0839,     28.9190,     57.8380,      0.0194,      0.0014,      0.0156,      0.2112,   7898.2524,-421335.1875,   -917.6907,    556.1697,  26327.5059,
       1,     169,     323,       3,       1,       3,       1,     10.0000,      1.4091,     42.7343,    250.9076,     63.1440,      3.4953,      0.0000,     -0.0309,      1.9622,      0.1158,      5.6354,     11.2709,      1.0236,     28.9190,     57.8380,      0.0194,      0.0015,      0.0156,      0.2112,   7898.2520,-421982.6562,   -910.5836,    556.1248,  26327.5039,
       1,     169,     323,       4,       1,       3,       1,     10.0000,      1.4091,     42.7343,    250.9076,     63.1440,      3.4953,      0.0000,     -0.0311,      1.4969,      0.1212,      5.6354,     11.2709,      1.0707,     28.9190,     57.8380,      0.0194,      0.0012,      0.0156,      0.2112,   7898.2515,-422262.1875,   -910.8491,    556.1053,  26327.5059,
       1,     169,     323,       5,       1,       3,       1,     10.0000,      1.4091,     42.7343,    250.9076,     63.1440,      3.4953,      0.0000,     -0.0310,      1.4169,      0.1184,      5.6354,     11.2709,      1.0458,     28.9190,     57.8380,      0.0194,      0.0011,      0.0156,      0.2112,   7898.2520,-421724.6875,   -910.9235,    556.1428,  26327.5039,
       1,     169,     323,       6,       1,       3,       1,     10.0000,      1.4091,     42.7343,    250.9076,     63.1440,      3.4953,      0.0000,     -0.0308,      1.4024,      0.1142,      5.6354,     11.2709,      1.0090,     28.9190,     57.8380,      0.0194,      0.0011,      0.0156,      0.2112,   7898.2515,-421583.3438,   -910.4888,    556.1525,  26327.5059,
       1,     169,     323,       7,       1,       3,       1,     10.0000,      1.4091,     42.7343,    250.9076,     63.1440,      3.4953,      0.0000,     -0.0307,      0.5651,      0.1124,      5.6354,     11.2709,      0.9935,     28.9190,     57.8380,      0.0194,      0.0004,      0.0156,      0.2112,   7898.2520,-421553.9688,   -910.6565,    556.1547,  26327.5039,
       1,     169,     323,       8,       1,       3,       1,     10.0000,      1.4091,     42.7343,    250.9076,     63.1440,      3.4953,      0.0082,     -0.0225,      0.2673,      0.1131,      5.6354,     11.2709,      0.9997,     28.9190,     57.8380,      0.0194,      0.0002,      0.0156,      0.2112,   7898.2515,-420542.3438,   -910.1970,    556.2250,  26327.5059,
       1,     169,     323,       9,       1,       3,       1,     10.0000,      1.4091,     42.7343,    250.9076,     63.1440,      3.4953,      0.0587,      0.0274,      3.0138,      0.1251,      5.6354,     11.2709,      1.1051,     28.9190,     57.8380,      0.0194,      0.0006,      0.0641,      0.2112,   7898.2520,-420098.4688,   -910.1399,    556.2558,  26327.5059,
       1,     169,     323,      10,       1,       3,       1,     10.0000,      1.4091,     42.7343,    250.9076,     63.1440,      3.4953,      0.1145,      0.0818,      4.7986,      0.1625,      5.6354,     11.2709,      1.4359,     28.9190,     57.8380,      0.0194,      0.0004,      0.1428,      0.2112,   7898.2520,-423371.5625,   -910.9789,    556.0281,  26327.5059,
       1,     169,     323,      11,       1,       3,       1,     10.0000,      1.4091,     42.7343,    250.9076,     63.1440,      3.4953,      0.1883,      0.1552,      7.0994,      0.1780,      5.6354,     11.2709,      1.5725,     28.9190,     57.8380,      0.0194,      0.0003,      0.2489,      0.2112,   7898.2520,-425797.3125,   -911.8900,    555.8597,  26327.5039,
       1,     169,     323,      12,       1,       3,       1,     10.0000,      1.4091,     42.7343,    250.9076,     63.1440,      3.4953,      0.1892,      0.1555,      8.5383,      0.1923,      5.6354,     11.2709,      1.6992,     28.9190,     57.8380,      0.0194,      0.0004,      0.2500,      0.2112,   7898.2515,-428773.7812,   -913.6694,    555.6529,  26327.5059,
       1,     169,     323,      13,       1,       3,       1,     10.0000,      1.4091,     42.7343,    250.9076,     63.1440,      3.4953,      0.1894,      0.1584,      4.6415,      0.1188,      5.6354,     11.2709,      1.0501,     28.9190,     57.8380,      0.0194,      0.0002,      0.2500,      0.2112,   7898.2520,-430757.4688,   -913.8117,    555.5151,  26327.5059,
       1,     169,     323,      14,       1,       3,       1,     10.0000,      1.4091,     42.7343,    250.9076,     63.1440,      3.4953,      0.1854,      0.1528,     14.2594,      0.1607,      5.6354,     11.2709,      1.4201,     28.9190,     57.8380,      0.0194,      0.0007,      0.2436,      0.2112,   7898.2520,-426226.3750,   -912.6394,    555.8298,  26327.5059,
       1,     169,     323,      15,       1,       3,       1,     10.0000,      1.4091,     42.7343,    250.9076,     63.1440,      3.4953,      0.1712,      0.1378,     51.2332,      0.1856,      5.6354,     11.2709,      1.6396,     28.9190,     57.8380,      0.0194,      0.0028,      0.2192,      0.2112,   7898.2520,-437440.0000,   -915.9091,    555.0508,  26327.5059,
       1,     169,     323,      16,       1,       3,       1,     10.0000,      1.4091,     42.7343,    250.9076,     63.1440,      3.4953,      0.1477,      0.1143,     55.0469,      0.1839,      5.6354,     11.2709,      1.6250,     28.9190,     57.8380,      0.0194,      0.0036,      0.1847,      0.2111,   7898.2520,-482953.7500,   -925.6208,    551.8935,  26327.5059,
       1,     169,     323,      17,       1,       3,       1,     10.0000,      1.4091,     42.7343,    250.9076,     63.1440,      3.4953,      0.1099,      0.0768,     46.8667,      0.1764,      5.6354,     11.2709,      1.5585,     28.9190,     57.8380,      0.0194,      0.0043,      0.1313,      0.2111,   7898.2520,-491386.5625,   -928.3630,    551.3207,  26327.5078,
       1,     169,     323,      18,       1,       3,       1,     10.0000,      1.4091,     42.7343,    250.9076,     63.1440,      3.4953,      0.0149,     -0.0177,      0.0524,      0.1607,      5.6354,     11.2709,      1.4201,     28.9190,     57.8380,      0.0194,      0.0015,      0.0004,      0.2111,   7898.2524,-482211.1875,   -927.6595,    551.9533,  26327.5078,
       1,     169,     323,      19,       1,       3,       1,     10.0000,      1.4091,     42.7343,    250.9076,     63.1440,      3.4953,      0.0166,     -0.0150,      0.9243,      0.1333,      5.6354,     11.2709,      1.1783,     28.9190,     57.8380,      0.0194,      0.0028,      0.0040,      0.2111,   7898.2524,-424972.1562,   -917.2195,    555.9028,  26327.5059,
       1,     169,     323,      20,       1,       3,       1,     10.0000,      1.4091,     42.7343,    250.9076,     63.1440,      3.4953,      0.0003,     -0.0310,      4.0172,      0.1246,      5.6354,     11.2709,      1.1006,     28.9190,     57.8380,      0.0194,      0.0031,      0.0156,      0.2112,   7898.2520,-421278.5625,   -916.8727,    556.1737,  26327.5059,
       1,     169,     323,      21,       1,       3,       1,     10.0000,      1.4091,     42.7343,    250.9076,     63.1440,      3.4953,      0.0000,     -0.0310,      3.9174,      0.1194,      5.6354,     11.2709,      1.0555,     28.9190,     57.8380,      0.0194,      0.0031,      0.0156,      0.2112,   7898.2520,-424679.9062,   -917.8606,    555.9373,  26327.5059,
       1,     169,     323,      22,       1,       3,       1,     10.0000,      1.4091,     42.7343,    250.9076,     63.1440,      3.4953,      0.0000,     -0.0310,      4.0194,      0.1191,      5.6354,     11.2709,      1.0522,     28.9190,     57.8380,      0.0194,      0.0031,      0.0156,      0.2112,   7898.2520,-424844.7500,   -918.2191,    555.9259,  26327.5059,
       1,     169,     323,      23,       1,       3,       1,     10.0000,      1.4091,     42.7343,    250.9076,     63.1440,      3.4953,      0.0000,     -0.0310,      3.0930,      0.1186,      5.6354,     11.2709,      1.0479,     28.9190,     57.8380,      0.0194,      0.0024,      0.0156,      0.2112,   7898.2520,-424981.3438,   -918.5589,    555.9164,  26327.5059,
       1,     169,     323,      24,       1,       3,       1,     10.0000,      1.4091,     42.7343,    250.9076,     63.1440,      3.4953,      0.0000,     -0.0310,      1.8674,      0.1184,      5.6354,     11.2709,      1.0458,     28.9190,     57.8380,      0.0194,      0.0015,      0.0156,      0.2112,   7898.2520,-423876.1250,   -918.5917,    555.9932,  26327.5078,
       1,     169,     324,       1,       1,       3,       1,     10.0000,      1.4091,     42.7346,    250.9135,     63.1455,      3.4953,      0.0000,     -0.0309,      1.3182,      0.1170,      5.6356,     11.2711,      1.0341,     28.9140,     57.8279,      0.0194,      0.0010,      0.0156,      0.2112,   7898.2524,-422460.3125,   -918.7228,    556.1047,  26328.6758,
       1,     169,     324,       2,       1,       3,       1,     10.0000,      1.4091,     42.7346,    250.9135,     63.1455,      3.4953,      0.0000,     -0.0310,      1.0530,      0.1178,      5.6356,     11.2711,      1.0405,     28.9140,     57.8279,      0.0194,      0.0008,      0.0156,      0.2112,   7898.6030,-421528.6250,   -918.3671,    556.1694,  26328.6758,
       1,     169,     324,       3,       1,       3,       1,     10.0000,      1.4091,     42.7346,    250.9135,     63.1455,      3.4953,      0.0000,     -0.0309,      1.0902,      0.1161,      5.6356,     11.2711,      1.0257,     28.9140,     57.8279,      0.0194,      0.0008,      0.0156,      0.2112,   7898.6030,-421130.9688,   -918.3388,    556.1970,  26328.6738,
       1,     169,     324,       4,       1,       3,       1,     10.0000,      1.4091,     42.7346,    250.9135,     63.1455,      3.4953,      0.0000,     -0.0309,      0.8790,      0.1161,      5.6356,     11.2711,      1.0257,     28.9140,     57.8279,      0.0194,      0.0007,      0.0156,      0.2112,   7898.6025,-421142.6562,   -918.3788,    556.1962,  26328.6777,
       1,     169,     324,       5,       1,       3,       1,     10.0000,      1.4091,     42.7346,    250.9135,     63.1455,      3.4953,      0.0000,     -0.0310,      1.0067,      0.1178,      5.6356,     11.2711,      1.0405,     28.9140,     57.8279,      0.0194,      0.0008,      0.0156,      0.2112,   7898.6035,-420888.7812,   -918.3654,    556.2139,  26328.6758,
       1,     169,     324,       6,       1,       3,       1,     10.0000,      1.4091,     42.7346,    250.9135,     63.1455,      3.4953,      0.0000,     -0.0311,      1.2097,      0.1212,      5.6356,     11.2711,      1.0707,     28.9140,     57.8279,      0.0194,      0.0009,      0.0156,      0.2112,   7898.6030,-421021.5938,   -918.4410,    556.2047,  26328.6758,
       1,     169,     324,       7,       1,       3,       1,     10.0000,      1.4091,     42.7346,    250.9135,     63.1455,      3.4953,      0.0000,     -0.0310,      1.1359,      0.1184,      5.6356,     11.2711,      1.0458,     28.9140,     57.8279,      0.0194,      0.0009,      0.0156,      0.2112,   7898.6030,-421277.3125,   -918.5507,    556.1869,  26328.6758,
       1,     169,     324,       8,       1,       3,       1,     10.0000,      1.4091,     42.7346,    250.9135,     63.1455,      3.4953,      0.0076,     -0.0234,      1.2064,      0.1175,      5.6356,     11.2711,      1.0384,     28.9140,     57.8279,      0.0194,      0.0009,      0.0156,      0.2112,   7898.6030,-421209.8750,   -918.6005,    556.1916,  26328.6758,
       1,     169,     324,       9,       1,       3,       1,     10.0000,      1.4091,     42.7346,    250.9135,     63.1455,      3.4953,      0.1107,      0.0791,      8.7223,      0.1343,      5.6356,     11.2711,      1.1867,     28.9140,     57.8279,      0.0194,      0.0008,      0.1374,      0.2112,   7898.6030,-421289.1250,   -918.6944,    556.1861,  26328.6777,
       1,     169,     324,      10,       1,       3,       1,     10.0000,      1.4091,     42.7346,    250.9135,     63.1455,      3.4953,      0.1526,      0.1199,     14.2779,      0.1660,      5.6356,     11.2711,      1.4664,     28.9140,     57.8279,      0.0194,      0.0009,      0.1965,      0.2112,   7898.6035,-430353.1562,   -920.7106,    555.5560,  26328.6758,
       1,     169,     324,      11,       1,       3,       1,     10.0000,      1.4091,     42.7346,    250.9135,     63.1455,      3.4953,      0.1904,      0.1574,     22.9842,      0.1751,      5.6356,     11.2711,      1.5477,     28.9140,     57.8279,      0.0194,      0.0011,      0.2500,      0.2112,   7898.6030,-437809.6562,   -922.6360,    555.0385,  26328.6777,
       1,     169,     324,      12,       1,       3,       1,     10.0000,      1.4091,     42.7346,    250.9135,     63.1455,      3.4953,      0.1908,      0.1575,     28.6680,      0.1843,      5.6356,     11.2711,      1.6283,     28.9140,     57.8279,      0.0194,      0.0014,      0.2500,      0.2112,   7898.6035,-448928.6250,   -925.5972,    554.2673,  26328.6758,
       1,     169,     324,      13,       1,       3,       1,     10.0000,      1.4091,     42.7346,    250.9135,     63.1455,      3.4953,      0.1919,      0.1581,     43.0153,      0.1963,      5.6356,     11.2711,      1.7350,     28.9140,     57.8279,      0.0194,      0.0021,      0.2500,      0.2112,   7898.6030,-456712.9062,   -927.9816,    553.7285,  26328.6738,
       1,     169,     324,      14,       1,       3,       1,     10.0000,      1.4091,     42.7346,    250.9135,     63.1455,      3.4953,      0.1939,      0.1600,     69.8268,      0.2035,      5.6356,     11.2711,      1.7978,     28.9140,     57.8279,      0.0194,      0.0034,      0.2500,      0.2112,   7898.6025,-474663.1562,   -932.3411,    552.4863,  26328.6758,
       1,     169,     324,      15,       1,       3,       1,     10.0000,      1.4091,     42.7346,    250.9135,     63.1455,      3.4953,      0.1959,      0.1620,     94.9353,      0.2019,      5.6356,     11.2711,      1.7837,     28.9140,     57.8279,      0.0194,      0.0046,      0.2500,      0.2111,   7898.6030,-508503.5000,   -938.7313,    550.1506,  26328.6758,
       1,     169,     324,      16,       1,       3,       1,     10.0000,      1.4091,     42.7346,    250.9135,     63.1455,      3.4953,      0.1820,      0.1482,     92.4118,      0.2019,      5.6356,     11.2711,      1.7837,     28.9140,     57.8279,      0.0194,      0.0049,      0.2303,      0.2111,   7898.6030,-541640.8125,   -946.2693,    547.8767,  26328.6758,
       1,     169,     324,      17,       1,       3,       1,     10.0000,      1.4091,     42.7346,    250.9135,     63.1455,      3.4953,      0.1737,      0.1401,     88.4420,      0.1946,      5.6356,     11.2711,      1.7196,     28.9140,     57.8279,      0.0194,      0.0049,      0.2186,      0.2111,   7898.6030,-541367.8125,   -947.1785,    547.9001,  26328.6758,
       1,     169,     324,      18,       1,       3,       1,     10.0000,      1.4091,     42.7346,    250.9135,     63.1455,      3.4953,      0.1240,      0.0907,     67.9589,      0.1808,      5.6356,     11.2711,      1.5978,     28.9140,     57.8279,      0.0194,      0.0055,      0.1491,      0.2111,   7898.6030,-536546.5625,   -947.0988,    548.2303,  26328.6758,
       1,     169,     324,      19,       1,       3,       1,     10.0000,      1.4091,     42.7346,    250.9135,     63.1455,      3.4953,      0.0302,     -0.0025,     10.4328,      0.1638,      5.6356,     11.2711,      1.4475,     28.9140,     57.8279,      0.0194,      0.0060,      0.0210,      0.2111,   7898.6030,-511416.9688,   -942.8738,    549.9525,  26328.6738,
       1,     169,     324,      20,       1,       3,       1,     10.0000,      1.4091,     42.7346,    250.9135,     63.1455,      3.4953,      0.0004,     -0.0317,      7.4598,      0.1478,      5.6356,     11.2711,      1.3064,     28.9140,     57.8279,      0.0194,      0.0058,      0.0156,      0.2111,   7898.6025,-439910.4062,   -929.2789,    554.8709,  26328.6738,
       1,     169,     324,      21,       1,       3,       1,     10.0000,      1.4091,     42.7346,    250.9135,     63.1455,      3.4953,      0.0000,     -0.0320,      7.3657,      0.1436,      5.6356,     11.2711,      1.2687,     28.9140,     57.8279,      0.0194,      0.0057,      0.0156,      0.2112,   7898.6025,-430417.5625,   -927.5710,    555.5513,  26328.6738,
       1,     169,     324,      22,       1,       3,       1,     10.0000,      1.4091,     42.7346,    250.9135,     63.1455,      3.4953,      0.0000,     -0.0320,      6.7717,      0.1445,      5.6356,     11.2711,      1.2764,     28.9140,     57.8279,      0.0194,      0.0053,      0.0156,      0.2112,   7898.6025,-429484.2812,   -927.4895,    555.6166,  26328.6738,
       1,     169,     324,      23,       1,       3,       1,     10.0000,      1.4091,     42.7346,    250.9135,     63.1455,      3.4953,      0.0000,     -0.0319,      5.7721,      0.1406,      5.6356,     11.2711,      1.2421,     28.9140,     57.8279,      0.0194,      0.0045,      0.0156,      0.2112,   7898.6025,-428689.6875,   -927.4371,    555.6718,  26328.6738,
       1,     169,     324,      24,       1,       3,       1,     10.0000,      1.4091,     42.7346,    250.9135,     63.1455,      3.4953,      0.0000,     -0.0318,      4.5319,      0.1399,      5.6356,     11.2711,      1.2358,     28.9140,     57.8279,      0.0194,      0.0035,      0.0156,      0.2112,   7898.6025,-427418.3438,   -927.2710,    555.7601,  26328.6738,
       1,     169,     325,       1,       1,       3,       1,     10.0000,      1.4092,     42.7350,    250.9193,     63.1469,      3.4953,      0.0000,     -0.0318,      3.0418,      0.1383,      5.6352,     11.2703,      1.2222,     28.9173,     57.8346,      0.0194,      0.0024,      0.0156,      0.2112,   7898.6025,-425970.5625,   -927.3220,    555.8737,  26329.8418,
       1,     169,     325,       2,       1,       3,       1,     10.0000,      1.4092,     42.7350,    250.9193,     63.1469,      3.4953,      0.0000,     -0.0316,      2.6396,      0.1328,      5.6352,     11.2703,      1.1736,     28.9173,     57.8346,      0.0194,      0.0021,      0.0156,      0.2112,   7898.9526,-423902.5312,   -926.6841,    556.0174,  26329.8398,
       1,     169,     325,       3,       1,       3,       1,     10.0000,      1.4092,     42.7350,    250.9193,     63.1469,      3.4953,      0.0000,     -0.0313,      2.2655,      0.1260,      5.6352,     11.2703,      1.1131,     28.9173,     57.8346,      0.0194,      0.0018,      0.0156,      0.2112,   7898.9521,-423244.9375,   -926.5871,    556.0631,  26329.8418,
       1,     169,     325,       4,       1,       3,       1,     10.0000,      1.4092,     42.7350,    250.9193,     63.1469,      3.4953,      0.0000,     -0.0313,      1.8073,      0.1249,      5.6352,     11.2703,      1.1040,     28.9173,     57.8346,      0.0194,      0.0014,      0.0156,      0.2112,   7898.9526,-422738.7812,   -926.5137,    556.0983,  26329.8438,
       1,     169,     325,       5,       1,       3,       1,     10.0000,      1.4092,     42.7350,    250.9193,     63.1469,      3.4953,      0.0000,     -0.0312,      1.9838,      0.1233,      5.6352,     11.2703,      1.0895,     28.9173,     57.8346,      0.0194,      0.0015,      0.0156,      0.2112,   7898.9536,-422144.1562,   -926.4169,    556.1396,  26329.8418,
       1,     169,     325,       6,       1,       3,       1,     10.0000,      1.4092,     42.7350,    250.9193,     63.1469,      3.4953,      0.0000,     -0.0310,      2.0593,      0.1179,      5.6352,     11.2703,      1.0416,     28.9173,     57.8346,      0.0194,      0.0016,      0.0156,      0.2112,   7898.9526,-422307.1875,   -924.9448,    556.1283,  26329.8418,
       1,     169,     325,       7,       1,       3,       1,     10.0000,      1.4092,     42.7350,    250.9193,     63.1469,      3.4953,      0.0000,     -0.0308,      1.5401,      0.1141,      5.6352,     11.2703,      1.0080,     28.9173,     57.8346,      0.0194,      0.0012,      0.0156,      0.2112,   7898.9526,-422411.8438,   -925.0370,    556.1210,  26329.8418,
       1,     169,     325,       8,       1,       3,       1,     10.0000,      1.4092,     42.7350,    250.9193,     63.1469,      3.4953,      0.0046,     -0.0261,      0.8236,      0.1123,      5.6352,     11.2703,      0.9926,     28.9173,     57.8346,      0.0194,      0.0006,      0.0156,      0.2112,   7898.9526,-421794.8750,   -924.9673,    556.1639,  26329.8418,
       1,     169,     325,       9,       1,       3,       1,     10.0000,      1.4092,     42.7350,    250.9193,     63.1469,      3.4953,      0.1292,      0.0975,      8.2648,      0.1353,      5.6352,     11.2703,      1.1952,     28.9173,     57.8346,      0.0194,      0.0006,      0.1638,      0.2112,   7898.9526,-420879.9062,   -924.8135,    556.2275,  26329.8418,
       1,     169,     325,      10,       1,       3,       1,     10.0000,      1.4092,     42.7350,    250.9193,     63.1469,      3.4953,      0.1749,      0.1419,      9.5779,      0.1724,      5.6352,     11.2703,      1.5232,     28.9173,     57.8346,      0.0194,      0.0005,      0.2291,      0.2112,   7898.9526,-429769.6250,   -926.7636,    555.6094,  26329.8418,
       1,     169,     325,      11,       1,       3,       1,     10.0000,      1.4092,     42.7350,    250.9193,     63.1469,      3.4953,      0.1892,      0.1557,      9.4602,      0.1900,      5.6352,     11.2703,      1.6792,     28.9173,     57.8346,      0.0194,      0.0005,      0.2500,      0.2112,   7898.9526,-432097.7812,   -927.5220,    555.4481,  26329.8438,
       1,     169,     325,      12,       1,       3,       1,     10.0000,      1.4092,     42.7350,    250.9193,     63.1469,      3.4953,      0.1892,      0.1554,      9.9212,      0.1989,      5.6352,     11.2703,      1.7575,     28.9173,     57.8346,      0.0194,      0.0005,      0.2500,      0.2112,   7898.9536,-432150.2188,   -927.8826,    555.4444,  26329.8418,
       1,     169,     325,      13,       1,       3,       1,     10.0000,      1.4092,     42.7350,    250.9193,     63.1469,      3.4953,      0.1891,      0.1551,      8.9152,      0.2063,      5.6352,     11.2703,      1.8229,     28.9173,     57.8346,      0.0194,      0.0004,      0.2500,      0.2112,   7898.9526,-432710.5312,   -928.3240,    555.4056,  26329.8418,
       1,     169,     325,      14,       1,       3,       1,     10.0000,      1.4092,     42.7350,    250.9193,     63.1469,      3.4953,      0.1921,      0.1577,     47.6234,      0.2176,      5.6352,     11.2703,      1.9224,     28.9173,     57.8346,      0.0194,      0.0023,      0.2500,      0.2112,   7898.9526,-431544.9375,   -928.3914,    555.4865,  26329.8418,
       1,     169,     325,      15,       1,       3,       1,     10.0000,      1.4092,     42.7350,    250.9193,     63.1469,      3.4953,      0.1890,      0.1548,     79.5310,      0.2150,      5.6352,     11.2703,      1.8999,     28.9173,     57.8346,      0.0194,      0.0040,      0.2420,      0.2112,   7898.9526,-478096.8750,   -937.8527,    552.2542,  26329.8438,
       1,     169,     325,      16,       1,       3,       1,     10.0000,      1.4092,     42.7350,    250.9193,     63.1469,      3.4953,      0.1659,      0.1318,     83.7793,      0.2083,      5.6352,     11.2703,      1.8409,     28.9173,     57.8346,      0.0194,      0.0049,      0.2079,      0.2112,   7898.9536,-520497.7500,   -946.6244,    549.3365,  26329.8438,
       1,     169,     325,      17,       1,       3,       1,     10.0000,      1.4092,     42.7350,    250.9193,     63.1469,      3.4953,      0.1646,      0.1306,     88.3815,      0.2041,      5.6352,     11.2703,      1.8032,     28.9173,     57.8346,      0.0194,      0.0052,      0.2055,      0.2111,   7898.9536,-529176.5625,   -948.6601,    548.7483,  26329.8418,
       1,     169,     325,      18,       1,       3,       1,     10.0000,      1.4092,     42.7350,    250.9193,     63.1469,      3.4953,      0.0895,      0.0558,     47.7301,      0.1925,      5.6352,     11.2703,      1.7010,     28.9173,     57.8346,      0.0194,      0.0057,      0.1014,      0.2111,   7898.9526,-535446.7500,   -950.4628,    548.3185,  26329.8438,
       1,     169,     325,      19,       1,       3,       1,     10.0000,      1.4092,     42.7350,    250.9193,     63.1469,      3.4953,      0.0294,     -0.0034,      9.8471,      0.1680,      5.6352,     11.2703,      1.4842,     28.9173,     57.8346,      0.0194,      0.0060,      0.0198,      0.2111,   7898.9536,-486901.0312,   -941.2616,    551.6459,  26329.8438,
       1,     169,     325,      20,       1,       3,       1,     10.0000,      1.4092,     42.7350,    250.9193,     63.1469,      3.4953,      0.0005,     -0.0319,      7.3337,      0.1561,      5.6352,     11.2703,      1.3794,     28.9173,     57.8346,      0.0194,      0.0057,      0.0156,      0.2111,   7898.9536,-437190.1875,   -931.5678,    555.0839,  26329.8418,
       1,     169,     325,      21,       1,       3,       1,     10.0000,      1.4092,     42.7350,    250.9193,     63.1469,      3.4953,      0.0000,     -0.0322,      6.8283,      0.1499,      5.6352,     11.2703,      1.3250,     28.9173,     57.8346,      0.0194,      0.0053,      0.0156,      0.2112,   7898.9526,-430026.5312,   -930.1943,    555.5917,  26329.8398,
       1,     169,     325,      22,       1,       3,       1,     10.0000,      1.4092,     42.7350,    250.9193,     63.1469,      3.4953,      0.0000,     -0.0321,      6.7506,      0.1471,      5.6352,     11.2703,      1.2999,     28.9173,     57.8346,      0.0194,      0.0053,      0.0156,      0.2112,   7898.9521,-428805.6250,   -929.9833,    555.6768,  26329.8418,
       1,     169,     325,      23,       1,       3,       1,     10.0000,      1.4092,     42.7350,    250.9193,     63.1469,      3.4953,      0.0000,     -0.0321,      6.6141,      0.1467,      5.6352,     11.2703,      1.2960,     28.9173,     57.8346,      0.0194,      0.0052,      0.0156,      0.2112,   7898.9526,-428609.3125,   -929.9671,    555.6904,  26329.8438,
       1,     169,     325,      24,       1,       3,       1,     10.0000,      1.4092,     42.7350,    250.9193,     63.1469,      3.4953,      0.0000,     -0.0319,      5.0752,      0.1410,      5.6352,     11.2703,      1.2459,     28.9173,     57.8346,      0.0194,      0.0040,      0.0156,      0.2112,   7898.9536,-428428.2188,   -929.9460,    555.7029,  26329.8418,
       1,     169,     326,       1,       1,       3,       1,     10.0000,      1.4092,     42.7353,    250.9252,     63.1484,      3.4953,      0.0000,     -0.0315,      4.1099,      0.1299,      5.6353,     11.2706,      1.1476,     28.9196,     57.8392,      0.0194,      0.0032,      0.0156,      0.2112,   7898.9526,-426711.7812,   -929.8939,    555.8351,  26331.0078,
       1,     169,     326,       2,       1,       3,       1,     10.0000,      1.4092,     42.7353,    250.9252,     63.1484,      3.4953,      0.0000,     -0.0314,      3.1497,      0.1286,      5.6353,     11.2706,      1.1360,     28.9196,     57.8392,      0.0194,      0.0025,      0.0156,      0.2112,   7899.3027,-425254.0938,   -929.3345,    555.9364,  26331.0059,
       1,     169,     326,       3,       1,       3,       1,     10.0000,      1.4092,     42.7353,    250.9252,     63.1484,      3.4953,      0.0000,     -0.0312,      2.6069,      0.1238,      5.6353,     11.2706,      1.0940,     28.9196,     57.8392,      0.0194,      0.0020,      0.0156,      0.2112,   7899.3022,-423975.3125,   -929.0831,    556.0253,  26331.0098,
       1,     169,     326,       4,       1,       3,       1,     10.0000,      1.4092,     42.7353,    250.9252,     63.1484,      3.4953,      0.0000,     -0.0310,      2.4293,      0.1192,      5.6353,     11.2706,      1.0534,     28.9196,     57.8392,      0.0194,      0.0019,      0.0156,      0.2112,   7899.3032,-423213.8750,   -928.9339,    556.0782,  26331.0078,
       1,     169,     326,       5,       1,       3,       1,     10.0000,      1.4092,     42.7353,    250.9252,     63.1484,      3.4953,      0.0000,     -0.0309,      1.6839,      0.1167,      5.6353,     11.2706,      1.0310,     28.9196,     57.8392,      0.0194,      0.0013,      0.0156,      0.2112,   7899.3027,-422936.2500,   -928.8794,    556.0975,  26331.0059,
       1,     169,     326,       6,       1,       3,       1,     10.0000,      1.4092,     42.7353,    250.9252,     63.1484,      3.4953,      0.0000,     -0.0310,      0.6486,      0.1195,      5.6353,     11.2706,      1.0556,     28.9196,     57.8392,      0.0194,      0.0005,      0.0156,      0.2112,   7899.3022,-422015.0312,   -928.6985,    556.1616,  26331.0059,
       1,     169,     326,       7,       1,       3,       1,     10.0000,      1.4092,     42.7353,    250.9252,     63.1484,      3.4953,      0.0000,     -0.0311,      0.8363,      0.1218,      5.6353,     11.2706,      1.0763,     28.9196,     57.8392,      0.0194,      0.0007,      0.0156,      0.2112,   7899.3022,-420690.4688,   -928.4371,    556.2537,  26331.0059,
       1,     169,     326,       8,       1,       3,       1,     10.0000,      1.4092,     42.7353,    250.9252,     63.1484,      3.4953,      0.0072,     -0.0239,      0.5297,      0.1225,      5.6353,     11.2706,      1.0829,     28.9196,     57.8392,      0.0194,      0.0004,      0.0156,      0.2112,   7899.3022,-420805.5938,   -928.4620,    556.2456,  26331.0039,
       1,     169,     326,       9,       1,       3,       1,     10.0000,      1.4092,     42.7353,    250.9252,     63.1484,      3.4953,      0.1028,      0.0711,      2.9773,      0.1366,      5.6353,     11.2706,      1.2074,     28.9196,     57.8392,      0.0194,      0.0003,      0.1267,      0.2112,   7899.3013,-420446.2188,   -928.3912,    556.2706,  26331.0059,
       1,     169,     326,      10,       1,       3,       1,     10.0000,      1.4092,     42.7353,    250.9252,     63.1484,      3.4953,      0.1649,      0.1325,      5.2272,      0.1547,      5.6353,     11.2706,      1.3670,     28.9196,     57.8392,      0.0194,      0.0003,      0.2152,      0.2112,   7899.3022,-423364.6875,   -928.9619,    556.0676,  26331.0078,
       1,     169,     326,      11,       1,       3,       1,     10.0000,      1.4092,     42.7353,    250.9252,     63.1484,      3.4953,      0.1784,      0.1455,      7.5329,      0.1705,      5.6353,     11.2706,      1.5066,     28.9196,     57.8392,      0.0194,      0.0004,      0.2344,      0.2112,   7899.3027,-426320.0625,   -929.5027,    555.8622,  26331.0059,
       1,     169,     326,      12,       1,       3,       1,     10.0000,      1.4092,     42.7353,    250.9252,     63.1484,      3.4953,      0.1891,      0.1558,      7.3392,      0.1825,      5.6353,     11.2706,      1.6123,     28.9196,     57.8392,      0.0194,      0.0004,      0.2500,      0.2112,   7899.3022,-429346.1250,   -930.0817,    555.6521,  26331.0059,
       1,     169,     326,      13,       1,       3,       1,     10.0000,      1.4092,     42.7353,    250.9252,     63.1484,      3.4953,      0.1892,      0.1554,      8.8729,      0.1981,      5.6353,     11.2706,      1.7506,     28.9196,     57.8392,      0.0194,      0.0004,      0.2500,      0.2112,   7899.3022,-429366.0000,   -929.9882,    555.6507,  26331.0039,
       1,     169,     326,      14,       1,       3,       1,     10.0000,      1.4092,     42.7353,    250.9252,     63.1484,      3.4953,      0.1492,      0.1161,     14.6790,      0.1743,      5.6353,     11.2706,      1.5401,     28.9196,     57.8392,      0.0194,      0.0009,      0.1915,      0.2112,   7899.3013,-431216.0000,   -930.2580,    555.5222,  26331.0059,
       1,     169,     326,      15,       1,       3,       1,     10.0000,      1.4092,     42.7353,    250.9252,     63.1484,      3.4953,      0.1901,      0.1574,     36.9520,      0.1641,      5.6353,     11.2706,      1.4504,     28.9196,     57.8392,      0.0194,      0.0018,      0.2479,      0.2112,   7899.3022,-438367.0938,   -931.7025,    555.0256,  26331.0059,
       1,     169,     326,      16,       1,       3,       1,     10.0000,      1.4092,     42.7353,    250.9252,     63.1484,      3.4953,      0.1411,      0.1081,     48.1356,      0.1746,      5.6353,     11.2706,      1.5431,     28.9196,     57.8392,      0.0194,      0.0033,      0.1762,      0.2112,   7899.3022,-465808.3750,   -937.2208,    553.1221,  26331.0059,
       1,     169,     326,      17,       1,       3,       1,     10.0000,      1.4092,     42.7353,    250.9252,     63.1484,      3.4953,      0.1481,      0.1150,     76.2377,      0.1759,      5.6353,     11.2706,      1.5539,     28.9196,     57.8392,      0.0194,      0.0051,      0.1829,      0.2112,   7899.3022,-481595.6562,   -940.5156,    552.0338,  26331.0059,
       1,     169,     326,      18,       1,       3,       1,     10.0000,      1.4092,     42.7353,    250.9252,     63.1484,      3.4953,      0.1009,      0.0681,     48.4666,      0.1665,      5.6353,     11.2706,      1.4709,     28.9196,     57.8392,      0.0194,      0.0050,      0.1183,      0.2112,   7899.3022,-516802.1875,   -947.8009,    549.6055,  26331.0059,
       1,     169,     326,      19,       1,       3,       1,     10.0000,      1.4092,     42.7353,    250.9252,     63.1484,      3.4953,      0.0203,     -0.0120,      2.0943,      0.1521,      5.6353,     11.2706,      1.3439,     28.9196,     57.8392,      0.0194,      0.0031,      0.0083,      0.2111,   7899.3022,-486248.5312,   -941.8716,    551.7099,  26331.0059,
       1,     169,     326,      20,       1,       3,       1,     10.0000,      1.4092,     42.7353,    250.9252,     63.1484,      3.4953,      0.0010,     -0.0309,      3.3454,      0.1390,      5.6353,     11.2706,      1.2284,     28.9196,     57.8392,      0.0194,      0.0026,      0.0156,      0.2112,   7899.3022,-427780.4375,   -930.1574,    555.7460,  26331.0059,
       1,     169,     326,      21,       1,       3,       1,     10.0000,      1.4092,     42.7353,    250.9252,     63.1484,      3.4953,      0.0000,     -0.0315,      4.4476,      0.1313,      5.6353,     11.2706,      1.1605,     28.9196,     57.8392,      0.0194,      0.0035,      0.0156,      0.2112,   7899.3022,-424440.5000,   -929.4633,    555.9929,  26331.0078,
       1,     169,     326,      22,       1,       3,       1,     10.0000,      1.4092,     42.7353,    250.9252,     63.1484,      3.4953,      0.0000,     -0.0315,      4.0671,      0.1311,      5.6353,     11.2706,      1.1582,     28.9196,     57.8392,      0.0194,      0.0032,      0.0156,      0.2112,   7899.3027,-425470.8750,   -929.6449,    555.9213,  26331.0059,
       1,     169,     326,      23,       1,       3,       1,     10.0000,      1.4092,     42.7353,    250.9252,     63.1484,      3.4953,      0.0000,     -0.0315,      3.0978,      0.1311,      5.6353,     11.2706,      1.1582,     28.9196,     57.8392,      0.0194,      0.0024,      0.0156,      0.2112,   7899.3022,-425098.7500,   -929.5494,    555.9471,  26331.0078,
       1,     169,     326,      24,       1,       3,       1,     10.0000,      1.4092,     42.7353,    250.9252,     63.1484,      3.4953,      0.0000,     -0.0314,      2.0706,      0.1284,      5.6353,     11.2706,      1.1349,     28.9196,     57.8392,      0.0194,      0.0016,      0.0156,      0.2112,   7899.3027,-423899.6562,   -929.2833,    556.0305,  26331.0059,
       1,     169,     327,       1,       1,       3,       1,     10.0000,      1.4092,     42.7356,    250.9311,     63.1499,      3.4953,      0.0000,     -0.0313,      0.9651,      0.1248,      5.6360,     11.2721,      1.1030,     28.9191,     57.8382,      0.0194,      0.0008,      0.0156,      0.2113,   7899.3022,-422715.7812,   -929.3173,    556.1259,  26332.1758,
       1,     169,     327,       2,       1,       3,       1,     10.0000,      1.4092,     42.7356,    250.9311,     63.1499,      3.4953,      0.0000,     -0.0314,      0.4470,      0.1290,      5.6360,     11.2721,      1.1395,     28.9191,     57.8382,      0.0194,      0.0003,      0.0156,      0.2113,   7899.6528,-421133.2812,   -928.7158,    556.2359,  26332.1777,
       1,     169,     327,       3,       1,       3,       1,     10.0000,      1.4092,     42.7356,    250.9311,     63.1499,      3.4953,      0.0000,     -0.0314,      0.3928,      0.1273,      5.6360,     11.2721,      1.1245,     28.9191,     57.8382,      0.0194,      0.0003,      0.0156,      0.2113,   7899.6538,-420376.4688,   -928.5639,    556.2886,  26332.1777,
       1,     169,     327,       4,       1,       3,       1,     10.0000,      1.4092,     42.7356,    250.9311,     63.1499,      3.4953,      0.0000,     -0.0312,      0.3306,      0.1242,      5.6360,     11.2721,      1.0974,     28.9191,     57.8382,      0.0194,      0.0003,      0.0156,      0.2113,   7899.6538,-420247.7188,   -928.5388,    556.2974,  26332.1758,
       1,     169,     327,       5,       1,       3,       1,     10.0000,      1.4092,     42.7356,    250.9311,     63.1499,      3.4953,      0.0000,     -0.0312,      0.2961,      0.1247,      5.6360,     11.2721,      1.1018,     28.9191,     57.8382,      0.0194,      0.0002,      0.0156,      0.2113,   7899.6528,-420162.3438,   -928.5230,    556.3034,  26332.1758,
       1,     169,     327,       6,       1,       3,       1,     10.0000,      1.4092,     42.7356,    250.9311,     63.1499,      3.4953,      0.0000,     -0.0313,      0.2975,      0.1252,      5.6360,     11.2721,      1.1063,     28.9191,     57.8382,      0.0194,      0.0002,      0.0156,      0.2113,   7899.6528,-420113.6875,   -928.5145,    556.3068,  26332.1758,
       1,     169,     327,       7,       1,       3,       1,     10.0000,      1.4092,     42.7356,    250.9311,     63.1499,      3.4953,      0.0000,     -0.0310,      0.3077,      0.1195,      5.6360,     11.2721,      1.0556,     28.9191,     57.8382,      0.0194,      0.0002,      0.0156,      0.2113,   7899.6528,-420111.1875,   -928.5150,    556.3069,  26332.1758,
       1,     169,     327,       8,       1,       3,       1,     10.0000,      1.4092,     42.7356,    250.9311,     63.1499,      3.4953,      0.0091,     -0.0219,      0.3797,      0.1193,      5.6360,     11.2721,      1.0545,     28.9191,     57.8382,      0.0194,      0.0003,      0.0156,      0.2113,   7899.6528,-420123.2812,   -928.5184,    556.3062,  26332.1758,
       1,     169,     327,       9,       1,       3,       1,     10.0000,      1.4092,     42.7356,    250.9311,     63.1499,      3.4953,      0.0981,      0.0667,      2.4641,      0.1297,      5.6360,     11.2721,      1.1465,     28.9191,     57.8382,      0.0194,      0.0002,      0.1202,      0.2113,   7899.6528,-420210.9375,   -928.5339,    556.3000,  26332.1758,
       1,     169,     327,      10,       1,       3,       1,     10.0000,      1.4092,     42.7356,    250.9311,     63.1499,      3.4953,      0.1615,      0.1293,      8.0654,      0.1510,      5.6360,     11.2721,      1.3345,     28.9191,     57.8382,      0.0194,      0.0005,      0.2100,      0.2113,   7899.6528,-422729.4688,   -929.0110,    556.1249,  26332.1758,
       1,     169,     327,      11,       1,       3,       1,     10.0000,      1.4092,     42.7356,    250.9311,     63.1499,      3.4953,      0.1687,      0.1364,     14.3703,      0.1547,      5.6360,     11.2721,      1.3671,     28.9191,     57.8382,      0.0194,      0.0008,      0.2196,      0.2113,   7899.6528,-429688.4688,   -930.3328,    555.6412,  26332.1758,
       1,     169,     327,      12,       1,       3,       1,     10.0000,      1.4092,     42.7356,    250.9311,     63.1499,      3.4953,      0.1817,      0.1493,      6.2085,      0.1580,      5.6360,     11.2721,      1.3962,     28.9191,     57.8382,      0.0194,      0.0003,      0.2393,      0.2113,   7899.6528,-437868.2500,   -931.9257,    555.0732,  26332.1758,
       1,     169,     327,      13,       1,       3,       1,     10.0000,      1.4092,     42.7356,    250.9311,     63.1499,      3.4953,      0.1870,      0.1535,      9.1563,      0.1884,      5.6360,     11.2721,      1.6644,     28.9191,     57.8382,      0.0194,      0.0005,      0.2468,      0.2113,   7899.6528,-428718.7188,   -930.0201,    555.7084,  26332.1758,
       1,     169,     327,      14,       1,       3,       1,     10.0000,      1.4092,     42.7356,    250.9311,     63.1499,      3.4953,      0.1897,      0.1565,     13.7810,      0.1790,      5.6360,     11.2721,      1.5821,     28.9191,     57.8382,      0.0194,      0.0007,      0.2500,      0.2113,   7899.6528,-431505.0938,   -930.4897,    555.5153,  26332.1758,
       1,     169,     327,      15,       1,       3,       1,     10.0000,      1.4092,     42.7356,    250.9311,     63.1499,      3.4953,      0.1918,      0.1591,     38.9649,      0.1643,      5.6360,     11.2721,      1.4519,     28.9191,     57.8382,      0.0194,      0.0019,      0.2500,      0.2113,   7899.6528,-437310.2500,   -931.5008,    555.1122,  26332.1758,
       1,     169,     327,      16,       1,       3,       1,     10.0000,      1.4092,     42.7356,    250.9311,     63.1499,      3.4953,      0.1921,      0.1597,     42.2015,      0.1564,      5.6360,     11.2721,      1.3823,     28.9191,     57.8382,      0.0194,      0.0021,      0.2500,      0.2113,   7899.6528,-468142.4062,   -937.6470,    552.9728,  26332.1777,
       1,     169,     327,      17,       1,       3,       1,     10.0000,      1.4092,     42.7356,    250.9311,     63.1499,      3.4953,      0.0688,      0.0367,     13.0280,      0.1462,      5.6360,     11.2721,      1.2921,     28.9191,     57.8382,      0.0194,      0.0021,      0.0767,      0.2112,   7899.6538,-474634.4062,   -938.9991,    552.5283,  26332.1758,
       1,     169,     327,      18,       1,       3,       1,     10.0000,      1.4092,     42.7356,    250.9311,     63.1499,      3.4953,      0.1110,      0.0793,     38.6505,      0.1357,      5.6360,     11.2721,      1.1989,     28.9191,     57.8382,      0.0194,      0.0035,      0.1343,      0.2112,   7899.6528,-439999.7188,   -932.0341,    554.9205,  26332.1777,
       1,     169,     327,      19,       1,       3,       1,     10.0000,      1.4092,     42.7356,    250.9311,     63.1499,      3.4953,      0.0598,      0.0284,     15.0714,      0.1283,      5.6360,     11.2721,      1.1337,     28.9191,     57.8382,      0.0194,      0.0029,      0.0642,      0.2112,   7899.6538,-467995.7812,   -938.7896,    552.9838,  26332.1777,
       1,     169,     327,      20,       1,       3,       1,     10.0000,      1.4092,     42.7356,    250.9311,     63.1499,      3.4953,      0.0011,     -0.0301,      2.7688,      0.1244,      5.6360,     11.2721,      1.0996,     28.9191,     57.8382,      0.0194,      0.0022,      0.0156,      0.2112,   7899.6538,-441915.3750,   -934.4230,    554.7899,  26332.1758,
       1,     169,     327,      21,       1,       3,       1,     10.0000,      1.4092,     42.7356,    250.9311,     63.1499,      3.4953,      0.0000,     -0.0313,      2.3205,      0.1249,      5.6360,     11.2721,      1.1041,     28.9191,     57.8382,      0.0194,      0.0018,      0.0156,      0.2112,   7899.6528,-424914.6875,   -930.9989,    555.9719,  26332.1758,
       1,     169,     327,      22,       1,       3,       1,     10.0000,      1.4092,     42.7356,    250.9311,     63.1499,      3.4953,      0.0000,     -0.0313,      1.8062,      0.1248,      5.6360,     11.2721,      1.1030,     28.9191,     57.8382,      0.0194,      0.0014,      0.0156,      0.2113,   7899.6528,-422951.9062,   -930.5922,    556.1096,  26332.1758,
       1,     169,     327,      23,       1,       3,       1,     10.0000,      1.4092,     42.7356,    250.9311,     63.1499,      3.4953,      0.0000,     -0.0312,      1.0991,      0.1241,      5.6360,     11.2721,      1.0962,     28.9191,     57.8382,      0.0194,      0.0009,      0.0156,      0.2113,   7899.6528,-422166.3125,   -930.4230,    556.1641,  26332.1758,
       1,     169,     327,      24,       1,       3,       1,     10.0000,      1.4092,     42.7356,    250.9311,     63.1499,      3.4953,      0.0000,     -0.0311,      0.5065,      0.1220,      5.6360,     11.2721,      1.0785,     28.9191,     57.8382,      0.0194,      0.0004,      0.0156,      0.2113,   7899.6528,-421248.7188,   -930.2343,    556.2279,  26332.1758,
       1,     169,     328,       1,       1,       3,       1,     10.0000,      1.4092,     42.7360,    250.9369,     63.1514,      3.4953,      0.0000,     -0.0312,      0.2996,      0.1242,      5.6357,     11.2713,      1.0974,     28.9197,     57.8393,      0.0194,      0.0002,      0.0156,      0.2113,   7899.6528,-420611.7812,   -930.3889,    556.2852,  26333.3438,
       1,     169,     328,       2,       1,       3,       1,     10.0000,      1.4092,     42.7360,    250.9369,     63.1514,      3.4953,      0.0000,     -0.0311,      0.3237,      0.1218,      5.6357,     11.2713,      1.0763,     28.9197,     57.8393,      0.0194,      0.0003,      0.0156,      0.2113,   7900.0034,-420157.9062,   -930.0193,    556.3167,  26333.3418,
       1,     169,     328,       3,       1,       3,       1,     10.0000,      1.4092,     42.7360,    250.9369,     63.1514,      3.4953,      0.0000,     -0.0310,      0.4498,      0.1174,      5.6357,     11.2713,      1.0374,     28.9197,     57.8393,      0.0194,      0.0004,      0.0156,      0.2113,   7900.0029,-420149.3750,   -930.0193,    556.3173,  26333.3438,
       1,     169,     328,       4,       1,       3,       1,     10.0000,      1.4092,     42.7360,    250.9369,     63.1514,      3.4953,      0.0000,     -0.0310,      0.6076,      0.1197,      5.6357,     11.2713,      1.0578,     28.9197,     57.8393,      0.0194,      0.0005,      0.0156,      0.2113,   7900.0034,-420300.2812,   -930.0497,    556.3068,  26333.3418,
       1,     169,     328,       5,       1,       3,       1,     10.0000,      1.4092,     42.7360,    250.9369,     63.1514,      3.4953,      0.0000,     -0.0311,      0.4427,      0.1207,      5.6357,     11.2713,      1.0664,     28.9197,     57.8393,      0.0194,      0.0003,      0.0156,      0.2113,   7900.0029,-420503.3750,   -930.0906,    556.2927,  26333.3418,
       1,     169,     328,       6,       1,       3,       1,     10.0000,      1.4092,     42.7360,    250.9369,     63.1514,      3.4953,      0.0000,     -0.0311,      0.5746,      0.1219,      5.6357,     11.2713,      1.0774,     28.9197,     57.8393,      0.0194,      0.0004,      0.0156,      0.2113,   7900.0029,-420321.6875,   -930.0540,    556.3054,  26333.3398,
       1,     169,     328,       7,       1,       3,       1,     10.0000,      1.4092,     42.7360,    250.9369,     63.1514,      3.4953,      0.0000,     -0.0310,      0.3650,      0.1184,      5.6357,     11.2713,      1.0459,     28.9197,     57.8393,      0.0194,      0.0003,      0.0156,      0.2113,   7900.0024,-420465.4688,   -930.0820,    556.2953,  26333.3418,
       1,     169,     328,       8,       1,       3,       1,     10.0000,      1.4092,     42.7360,    250.9369,     63.1514,      3.4953,      0.0034,     -0.0274,      0.3113,      0.1158,      5.6357,     11.2713,      1.0237,     28.9197,     57.8393,      0.0194,      0.0002,      0.0156,      0.2113,   7900.0029,-420224.8750,   -930.0344,    556.3121,  26333.3418,
       1,     169,     328,       9,       1,       3,       1,     10.0000,      1.4092,     42.7360,    250.9369,     63.1514,      3.4953,      0.0067,     -0.0247,      0.3981,      0.1274,      5.6357,     11.2713,      1.1257,     28.9197,     57.8393,      0.0194,      0.0003,      0.0156,      0.2113,   7900.0029,-420140.0625,   -930.0171,    556.3180,  26333.3418,
       1,     169,     328,      10,       1,       3,       1,     10.0000,      1.4092,     42.7360,    250.9369,     63.1514,      3.4953,      0.0065,     -0.0257,      0.4449,      0.1497,      5.6357,     11.2713,      1.3224,     28.9197,     57.8393,      0.0194,      0.0003,      0.0156,      0.2113,   7900.0029,-420237.4375,   -930.0351,    556.3112,  26333.3418,
       1,     169,     328,      11,       1,       3,       1,     10.0000,      1.4092,     42.7360,    250.9369,     63.1514,      3.4953,      0.0044,     -0.0285,      0.5164,      0.1680,      5.6357,     11.2713,      1.4843,     28.9197,     57.8393,      0.0194,      0.0004,      0.0156,      0.2113,   7900.0029,-420302.0312,   -930.0472,    556.3067,  26333.3398,
       1,     169,     328,      12,       1,       3,       1,     10.0000,      1.4092,     42.7360,    250.9369,     63.1514,      3.4953,      0.0073,     -0.0257,      0.4692,      0.1752,      5.6357,     11.2713,      1.5478,     28.9197,     57.8393,      0.0194,      0.0004,      0.0156,      0.2113,   7900.0024,-420393.7500,   -930.0662,    556.3004,  26333.3398,
       1,     169,     328,      13,       1,       3,       1,     10.0000,      1.4092,     42.7360,    250.9369,     63.1514,      3.4953,      0.0196,     -0.0141,      0.1849,      0.1964,      5.6357,     11.2713,      1.7351,     28.9197,     57.8393,      0.0194,      0.0004,      0.0058,      0.2113,   7900.0024,-420344.5625,   -930.0558,    556.3038,  26333.3418,
       1,     169,     328,      14,       1,       3,       1,     10.0000,      1.4092,     42.7360,    250.9369,     63.1514,      3.4953,      0.0238,     -0.0102,      0.7479,      0.2049,      5.6357,     11.2713,      1.8105,     28.9197,     57.8393,      0.0194,      0.0008,      0.0114,      0.2113,   7900.0029,-419997.8125,   -929.9793,    556.3279,  26333.3418,
       1,     169,     328,      15,       1,       3,       1,     10.0000,      1.4092,     42.7360,    250.9369,     63.1514,      3.4953,      0.0095,     -0.0243,      2.4918,      0.2001,      5.6357,     11.2713,      1.7681,     28.9197,     57.8393,      0.0194,      0.0019,      0.0156,      0.2113,   7900.0029,-420646.9688,   -930.1003,    556.2827,  26333.3438,
       1,     169,     328,      16,       1,       3,       1,     10.0000,      1.4092,     42.7360,    250.9369,     63.1514,      3.4953,      0.0129,     -0.0207,      3.8958,      0.1897,      5.6357,     11.2713,      1.6760,     28.9197,     57.8393,      0.0194,      0.0030,      0.0156,      0.2113,   7900.0034,-422801.6250,   -930.5162,    556.1329,  26333.3418,
       1,     169,     328,      17,       1,       3,       1,     10.0000,      1.4092,     42.7360,    250.9369,     63.1514,      3.4953,      0.0282,     -0.0049,      5.0639,      0.1773,      5.6357,     11.2713,      1.5665,     28.9197,     57.8393,      0.0194,      0.0034,      0.0183,      0.2113,   7900.0029,-424673.7188,   -930.8623,    556.0028,  26333.3418,
       1,     169,     328,      18,       1,       3,       1,     10.0000,      1.4092,     42.7360,    250.9369,     63.1514,      3.4953,      0.0744,      0.0419,     27.5008,      0.1585,      5.6357,     11.2713,      1.4005,     28.9197,     57.8393,      0.0194,      0.0040,      0.0827,      0.2113,   7900.0029,-426237.5938,   -931.1425,    555.8941,  26333.3418,
       1,     169,     328,      19,       1,       3,       1,     10.0000,      1.4092,     42.7360,    250.9369,     63.1514,      3.4953,      0.0299,     -0.0023,      7.1634,      0.1491,      5.6357,     11.2713,      1.3171,     28.9197,     57.8393,      0.0194,      0.0040,      0.0216,      0.2113,   7900.0029,-453397.1875,   -936.6494,    554.0069,  26333.3398,
       1,     169,     328,      20,       1,       3,       1,     10.0000,      1.4092,     42.7360,    250.9369,     63.1514,      3.4953,      0.0008,     -0.0311,      4.9743,      0.1414,      5.6357,     11.2713,      1.2498,     28.9197,     57.8393,      0.0194,      0.0039,      0.0156,      0.2113,   7900.0024,-431170.0938,   -932.1550,    555.5493,  26333.3398,
       1,     169,     328,      21,       1,       3,       1,     10.0000,      1.4092,     42.7360,    250.9369,     63.1514,      3.4953,      0.0000,     -0.0318,      4.3667,      0.1389,      5.6357,     11.2713,      1.2272,     28.9197,     57.8393,      0.0194,      0.0034,      0.0156,      0.2113,   7900.0024,-426676.1562,   -931.2245,    555.8635,  26333.3398,
       1,     169,     328,      22,       1,       3,       1,     10.0000,      1.4092,     42.7360,    250.9369,     63.1514,      3.4953,      0.0000,     -0.0319,      3.7732,      0.1406,      5.6357,     11.2713,      1.2422,     28.9197,     57.8393,      0.0194,      0.0029,      0.0156,      0.2113,   7900.0024,-425565.6562,   -930.9739,    555.9408,  26333.3398,
       1,     169,     328,      23,       1,       3,       1,     10.0000,      1.4092,     42.7360,    250.9369,     63.1514,      3.4953,      0.0000,     -0.0317,      2.3740,      0.1373,      5.6357,     11.2713,      1.2136,     28.9197,     57.8393,      0.0194,      0.0018,      0.0156,      0.2113,   7900.0024,-424757.6250,   -930.7845,    555.9969,  26333.3418,
       1,     169,     328,      24,       1,       3,       1,     10.0000,      1.4092,     42.7360,    250.9369,     63.1514,      3.4953,      0.0000,     -0.0315,      1.7907,      0.1303,      5.6357,     11.2713,      1.1512,     28.9197,     57.8393,      0.0194,      0.0014,      0.0156,      0.2113,   7900.0029,-423004.3438,   -930.4143,    556.1188,  26333.3379,
       1,     169,     329,       1,       1,       3,       1,     10.0000,      1.4093,     42.7363,    250.9427,     63.1529,      3.4953,      0.0000,     -0.0314,      1.2288,      0.1279,      5.6387,     11.2774,      1.1303,     28.8856,     57.7713,      0.0194,      0.0010,      0.0156,      0.2113,   7900.0015,-422309.3750,   -930.5463,    556.1804,  26334.5059,
       1,     169,     329,       2,       1,       3,       1,     10.0000,      1.4093,     42.7363,    250.9427,     63.1529,      3.4953,      0.0000,     -0.0313,      1.1764,      0.1270,      5.6387,     11.2774,      1.1223,     28.8856,     57.7713,      0.0194,      0.0009,      0.0156,      0.2113,   7900.3521,-421422.7812,   -930.0811,    556.2421,  26334.5059,
       1,     169,     329,       3,       1,       3,       1,     10.0000,      1.4093,     42.7363,    250.9427,     63.1529,      3.4953,      0.0000,     -0.0313,      1.4479,      0.1267,      5.6387,     11.2774,      1.1200,     28.8856,     57.7713,      0.0194,      0.0011,      0.0156,      0.2113,   7900.3521,-421285.4688,   -930.0457,    556.2516,  26334.5078,
       1,     169,     329,       4,       1,       3,       1,     10.0000,      1.4093,     42.7363,    250.9427,     63.1529,      3.4953,      0.0000,     -0.0313,      1.3846,      0.1270,      5.6387,     11.2774,      1.1223,     28.8856,     57.7713,      0.0194,      0.0011,      0.0156,      0.2113,   7900.3525,-421600.7188,   -930.0991,    556.2297,  26334.5078,
       1,     169,     329,       5,       1,       3,       1,     10.0000,      1.4093,     42.7363,    250.9427,     63.1529,      3.4953,      0.0000,     -0.0313,      0.8032,      0.1260,      5.6387,     11.2774,      1.1132,     28.8856,     57.7713,      0.0194,      0.0006,      0.0156,      0.2113,   7900.3525,-421550.8750,   -930.0819,    556.2332,  26334.5059,
       1,     169,     329,       6,       1,       3,       1,     10.0000,      1.4093,     42.7363,    250.9427,     63.1529,      3.4953,      0.0000,     -0.0312,      0.4510,      0.1244,      5.6387,     11.2774,      1.0996,     28.8856,     57.7713,      0.0194,      0.0004,      0.0156,      0.2113,   7900.3521,-420846.6875,   -931.0503,    556.2822,  26334.5059,
       1,     169,     329,       7,       1,       3,       1,     10.0000,      1.4093,     42.7363,    250.9427,     63.1529,      3.4953,      0.0000,     -0.0311,      0.4109,      0.1203,      5.6387,     11.2774,      1.0632,     28.8856,     57.7713,      0.0194,      0.0003,      0.0156,      0.2113,   7900.3521,-420363.4375,   -930.9539,    556.3158,  26334.5078,
       1,     169,     329,       8,       1,       3,       1,     10.0000,      1.4093,     42.7363,    250.9427,     63.1529,      3.4953,      0.0055,     -0.0255,      0.4137,      0.1204,      5.6387,     11.2774,      1.0643,     28.8856,     57.7713,      0.0194,      0.0003,      0.0156,      0.2113,   7900.3525,-420274.5625,   -930.9365,    556.3220,  26334.5078,
       1,     169,     329,       9,       1,       3,       1,     10.0000,      1.4093,     42.7363,    250.9427,     63.1529,      3.4953,      0.0614,      0.0299,      2.4158,      0.1326,      5.6387,     11.2774,      1.1713,     28.8856,     57.7713,      0.0194,      0.0004,      0.0678,      0.2113,   7900.3525,-420270.4062,   -930.9357,    556.3222,  26334.5059,
       1,     169,     329,      10,       1,       3,       1,     10.0000,      1.4093,     42.7363,    250.9427,     63.1529,      3.4953,      0.1628,      0.1302,      6.8583,      0.1625,      5.6387,     11.2774,      1.4361,     28.8856,     57.7713,      0.0194,      0.0004,      0.2120,      0.2113,   7900.3521,-422681.5938,   -931.4187,    556.1545,  26334.5059,
       1,     169,     329,      11,       1,       3,       1,     10.0000,      1.4093,     42.7363,    250.9427,     63.1529,      3.4953,      0.1892,      0.1559,      8.5945,      0.1836,      5.6387,     11.2774,      1.6220,     28.8856,     57.7713,      0.0194,      0.0004,      0.2500,      0.2113,   7900.3521,-428234.4375,   -932.5128,    555.7686,  26334.5078,
       1,     169,     329,      12,       1,       3,       1,     10.0000,      1.4093,     42.7363,    250.9427,     63.1529,      3.4953,      0.1891,      0.1554,      7.9810,      0.1952,      5.6387,     11.2774,      1.7249,     28.8856,     57.7713,      0.0194,      0.0004,      0.2500,      0.2113,   7900.3525,-430790.8750,   -932.9590,    555.5911,  26334.5059,
       1,     169,     329,      13,       1,       3,       1,     10.0000,      1.4093,     42.7363,    250.9427,     63.1529,      3.4953,      0.1891,      0.1552,      8.2621,      0.2023,      5.6387,     11.2774,      1.7874,     28.8856,     57.7713,      0.0194,      0.0004,      0.2500,      0.2113,   7900.3521,-430265.8438,   -932.7061,    555.6275,  26334.5059,
       1,     169,     329,      14,       1,       3,       1,     10.0000,      1.4093,     42.7363,    250.9427,     63.1529,      3.4953,      0.1901,      0.1564,     20.8152,      0.1975,      5.6387,     11.2774,      1.7455,     28.8856,     57.7713,      0.0194,      0.0010,      0.2500,      0.2113,   7900.3521,-430560.7500,   -932.6260,    555.6071,  26334.5059,
       1,     169,     329,      15,       1,       3,       1,     10.0000,      1.4093,     42.7363,    250.9427,     63.1529,      3.4953,      0.1926,      0.1593,     51.4640,      0.1843,      5.6387,     11.2774,      1.6285,     28.8856,     57.7713,      0.0194,      0.0025,      0.2500,      0.2113,   7900.3521,-445706.5312,   -935.6354,    554.5552,  26334.5078,
       1,     169,     329,      16,       1,       3,       1,     10.0000,      1.4093,     42.7363,    250.9427,     63.1529,      3.4953,      0.1941,      0.1612,     69.4663,      0.1727,      5.6387,     11.2774,      1.5264,     28.8856,     57.7713,      0.0194,      0.0034,      0.2500,      0.2113,   7900.3525,-483903.5312,   -943.3906,    551.9084,  26334.5039,
       1,     169,     329,      17,       1,       3,       1,     10.0000,      1.4093,     42.7363,    250.9427,     63.1529,      3.4953,      0.1549,      0.1226,     59.7694,      0.1529,      5.6387,     11.2774,      1.3507,     28.8856,     57.7713,      0.0194,      0.0037,      0.1946,      0.2113,   7900.3516,-508815.4688,   -948.9685,    550.1961,  26334.5059,
       1,     169,     329,      18,       1,       3,       1,     10.0000,      1.4093,     42.7363,    250.9427,     63.1529,      3.4953,      0.1299,      0.0980,     50.9383,      0.1426,      5.6387,     11.2774,      1.2599,     28.8856,     57.7713,      0.0194,      0.0039,      0.1599,      0.2112,   7900.3521,-499200.2500,   -947.8353,    550.8600,  26334.5078,
       1,     169,     329,      19,       1,       3,       1,     10.0000,      1.4093,     42.7363,    250.9427,     63.1529,      3.4953,      0.0213,     -0.0107,      2.8063,      0.1432,      5.6387,     11.2774,      1.2650,     28.8856,     57.7713,      0.0194,      0.0034,      0.0100,      0.2112,   7900.3525,-487747.4062,   -945.0662,    551.6490,  26334.5039,
       1,     169,     329,      20,       1,       3,       1,     10.0000,      1.4093,     42.7363,    250.9427,     63.1529,      3.4953,      0.0006,     -0.0313,      3.5423,      0.1417,      5.6387,     11.2774,      1.2523,     28.8856,     57.7713,      0.0194,      0.0028,      0.0156,      0.2113,   7900.3516,-428765.4688,   -933.5396,    555.7167,  26334.5078,
       1,     169,     329,      21,       1,       3,       1,     10.0000,      1.4093,     42.7363,    250.9427,     63.1529,      3.4953,      0.0000,     -0.0319,      2.8796,      0.1432,      5.6387,     11.2774,      1.2650,     28.8856,     57.7713,      0.0194,      0.0022,      0.0156,      0.2113,   7900.3525,-424767.6562,   -932.8177,    556.0094,  26334.5059,
       1,     169,     329,      22,       1,       3,       1,     10.0000,      1.4093,     42.7363,    250.9427,     63.1529,      3.4953,      0.0000,     -0.0319,      1.6715,      0.1416,      5.6387,     11.2774,      1.2510,     28.8856,     57.7713,      0.0194,      0.0013,      0.0156,      0.2113,   7900.3521,-423617.1250,   -932.6459,    556.0895,  26334.5078,
       1,     169,     329,      23,       1,       3,       1,     10.0000,      1.4093,     42.7363,    250.9427,     63.1529,      3.4953,      0.0000,     -0.0319,      0.4061,      0.1413,      5.6387,     11.2774,      1.2485,     28.8856,     57.7713,      0.0194,      0.0003,      0.0156,      0.2113,   7900.3525,-422065.3750,   -932.3667,    556.1974,  26334.5059,
       1,     169,     329,      24,       1,       3,       1,     10.0000,      1.4093,     42.7363,    250.9427,     63.1529,      3.4953,      0.0000,     -0.0318,      0.5565,      0.1387,      5.6387,     11.2774,      1.2260,     28.8856,     57.7713,      0.0194,      0.0004,      0.0156,      0.2113,   7900.3521,-420411.3438,   -932.0416,    556.3124,  26334.5059,
       1,     169,     330,       1,       1,       3,       1,     10.0000,      1.4093,     42.7366,    250.9486,     63.1543,      3.4953,      0.0000,     -0.0317,      0.5305,      0.1365,      5.6358,     11.2717,      1.2063,     28.8873,     57.7746,      0.0194,      0.0004,      0.0156,      0.2113,   7900.3521,-420607.8750,   -932.3661,    556.3117,  26335.6738,
       1,     169,     330,       2,       1,       3,       1,     10.0000,      1.4093,     42.7366,    250.9486,     63.1543,      3.4953,      0.0000,     -0.0316,      0.5908,      0.1351,      5.6358,     11.2717,      1.1941,     28.8873,     57.7746,      0.0194,      0.0005,      0.0156,      0.2113,   7900.7026,-420442.1875,   -932.0636,    556.3232,  26335.6738,
       1,     169,     330,       3,       1,       3,       1,     10.0000,      1.4093,     42.7366,    250.9486,     63.1543,      3.4953,      0.0000,     -0.0316,      0.4204,      0.1345,      5.6358,     11.2717,      1.1881,     28.8873,     57.7746,      0.0194,      0.0003,      0.0156,      0.2113,   7900.7026,-420500.9375,   -931.4823,    556.3192,  26335.6758,
       1,     169,     330,       4,       1,       3,       1,     10.0000,      1.4093,     42.7366,    250.9486,     63.1543,      3.4953,      0.0000,     -0.0316,      0.5779,      0.1331,      5.6358,     11.2717,      1.1761,     28.8873,     57.7746,      0.0194,      0.0005,      0.0156,      0.2113,   7900.7031,-420300.2500,   -931.4464,    556.3331,  26335.6719,
       1,     169,     330,       5,       1,       3,       1,     10.0000,      1.4093,     42.7366,    250.9486,     63.1543,      3.4953,      0.0000,     -0.0316,      0.3804,      0.1336,      5.6358,     11.2717,      1.1809,     28.8873,     57.7746,      0.0194,      0.0003,      0.0156,      0.2113,   7900.7017,-420473.5938,   -931.4915,    556.3210,  26335.6719,
       1,     169,     330,       6,       1,       3,       1,     10.0000,      1.4093,     42.7366,    250.9486,     63.1543,      3.4953,      0.0000,     -0.0316,      0.3205,      0.1336,      5.6358,     11.2717,      1.1809,     28.8873,     57.7746,      0.0194,      0.0002,      0.0156,      0.2113,   7900.7017,-420250.3125,   -931.4506,    556.3365,  26335.6738,
       1,     169,     330,       7,       1,       3,       1,     10.0000,      1.4093,     42.7366,    250.9486,     63.1543,      3.4953,      0.0000,     -0.0315,      0.3179,      0.1327,      5.6358,     11.2717,      1.1725,     28.8873,     57.7746,      0.0194,      0.0002,      0.0156,      0.2113,   7900.7026,-420159.4062,   -931.4337,    556.3429,  26335.6738,
       1,     169,     330,       8,       1,       3,       1,     10.0000,      1.4093,     42.7366,    250.9486,     63.1543,      3.4953,      0.0055,     -0.0260,      0.3187,      0.1330,      5.6358,     11.2717,      1.1749,     28.8873,     57.7746,      0.0194,      0.0002,      0.0156,      0.2113,   7900.7026,-420148.6562,   -931.4327,    556.3437,  26335.6738,
       1,     169,     330,       9,       1,       3,       1,     10.0000,      1.4093,     42.7366,    250.9486,     63.1543,      3.4953,      0.0582,      0.0260,      1.7810,      0.1501,      5.6358,     11.2717,      1.3265,     28.8873,     57.7746,      0.0194,      0.0003,      0.0626,      0.2113,   7900.7026,-420148.5938,   -931.4368,    556.3437,  26335.6738,
       1,     169,     330,      10,       1,       3,       1,     10.0000,      1.4093,     42.7366,    250.9486,     63.1543,      3.4953,      0.1431,      0.1098,      6.8164,      0.1828,      5.6358,     11.2717,      1.6156,     28.8873,     57.7746,      0.0194,      0.0005,      0.1836,      0.2113,   7900.7026,-421909.5625,   -931.8386,    556.2213,  26335.6738,
       1,     169,     330,      11,       1,       3,       1,     10.0000,      1.4093,     42.7366,    250.9486,     63.1543,      3.4953,      0.1893,      0.1568,      7.3340,      0.1582,      5.6358,     11.2717,      1.3977,     28.8873,     57.7746,      0.0194,      0.0004,      0.2500,      0.2113,   7900.7026,-428121.2188,   -933.2505,    555.7894,  26335.6738,
       1,     169,     330,      12,       1,       3,       1,     10.0000,      1.4093,     42.7366,    250.9486,     63.1543,      3.4953,      0.1892,      0.1560,      8.0329,      0.1799,      5.6358,     11.2717,      1.5901,     28.8873,     57.7746,      0.0194,      0.0004,      0.2500,      0.2113,   7900.7026,-429265.1250,   -930.6924,    555.7100,  26335.6738,
       1,     169,     330,      13,       1,       3,       1,     10.0000,      1.4093,     42.7366,    250.9486,     63.1543,      3.4953,      0.1893,      0.1565,      7.1128,      0.1656,      5.6358,     11.2717,      1.4637,     28.8873,     57.7746,      0.0194,      0.0003,      0.2500,      0.2113,   7900.7026,-430202.5312,   -922.9498,    555.6450,  26335.6738,
       1,     169,     330,      14,       1,       3,       1,     10.0000,      1.4093,     42.7366,    250.9486,     63.1543,      3.4953,      0.1905,      0.1579,     22.3723,      0.1619,      5.6358,     11.2717,      1.4304,     28.8873,     57.7746,      0.0194,      0.0011,      0.2500,      0.2113,   7900.7026,-429172.7188,   -922.1094,    555.7164,  26335.6738,
       1,     169,     330,      15,       1,       3,       1,     10.0000,      1.4093,     42.7366,    250.9486,     63.1543,      3.4953,      0.1932,      0.1599,     58.3144,      0.1836,      5.6358,     11.2717,      1.6221,     28.8873,     57.7746,      0.0194,      0.0028,      0.2500,      0.2113,   7900.7026,-447465.4375,   -926.7821,    554.4458,  26335.6738,
       1,     169,     330,      16,       1,       3,       1,     10.0000,      1.4093,     42.7366,    250.9486,     63.1543,      3.4953,      0.1905,      0.1577,     23.6236,      0.1700,      5.6358,     11.2717,      1.5022,     28.8873,     57.7746,      0.0194,      0.0011,      0.2500,      0.2113,   7900.7026,-492300.8438,   -937.2734,    551.3398,  26335.6719,
       1,     169,     330,      17,       1,       3,       1,     10.0000,      1.4093,     42.7366,    250.9486,     63.1543,      3.4953,      0.1894,      0.1568,     41.0326,      0.1633,      5.6358,     11.2717,      1.4433,     28.8873,     57.7746,      0.0194,      0.0020,      0.2463,      0.2113,   7900.7017,-454249.1875,   -931.2205,    553.9709,  26335.6719,
       1,     169,     330,      18,       1,       3,       1,     10.0000,      1.4093,     42.7366,    250.9486,     63.1543,      3.4953,      0.1474,      0.1150,     21.1281,      0.1563,      5.6358,     11.2717,      1.3810,     28.8873,     57.7746,      0.0194,      0.0014,      0.1882,      0.2113,   7900.7017,-472056.0938,   -935.7755,    552.7442,  26335.6699,
       1,     169,     330,      19,       1,       3,       1,     10.0000,      1.4093,     42.7366,    250.9486,     63.1543,      3.4953,      0.0145,     -0.0174,      0.0739,      0.1410,      5.6358,     11.2717,      1.2460,     28.8873,     57.7746,      0.0194,      0.0013,      0.0007,      0.2113,   7900.7012,-449551.9688,   -916.2457,    554.3004,  26335.6797,
       1,     169,     330,      20,       1,       3,       1,     10.0000,      1.4093,     42.7366,    250.9486,     63.1543,      3.4953,      0.0007,     -0.0310,      2.9853,      0.1379,      5.6358,     11.2717,      1.2186,     28.8873,     57.7746,      0.0194,      0.0023,      0.0156,      0.2113,   7900.7041,-422310.1875,   -910.6793,    556.1902,  26335.6777,
       1,     169,     330,      21,       1,       3,       1,     10.0000,      1.4093,     42.7366,    250.9486,     63.1543,      3.4953,      0.0000,     -0.0317,      2.3741,      0.1373,      5.6358,     11.2717,      1.2137,     28.8873,     57.7746,      0.0194,      0.0018,      0.0156,      0.2113,   7900.7036,-423544.2188,   -911.2207,    556.1075,  26335.6777,
       1,     169,     330,      22,       1,       3,       1,     10.0000,      1.4093,     42.7366,    250.9486,     63.1543,      3.4953,      0.0000,     -0.0316,      2.2174,      0.1328,      5.6358,     11.2717,      1.1737,     28.8873,     57.7746,      0.0194,      0.0017,      0.0156,      0.2113,   7900.7036,-422907.7188,   -910.8427,    556.1518,  26335.6797,
       1,     169,     330,      23,       1,       3,       1,     10.0000,      1.4093,     42.7366,    250.9486,     63.1543,      3.4953,      0.0000,     -0.0314,      1.3776,      0.1283,      5.6358,     11.2717,      1.1338,     28.8873,     57.7746,      0.0194,      0.0011,      0.0156,      0.2113,   7900.7041,-422665.5000,   -911.0597,    556.1687,  26335.6797,
       1,     169,     330,      24,       1,       3,       1,     10.0000,      1.4093,     42.7366,    250.9486,     63.1543,      3.4953,      0.0000,     -0.0313,      0.3511,      0.1255,      5.6358,     11.2717,      1.1087,     28.8873,     57.7746,      0.0194,      0.0003,      0.0156,      0.2113,   7900.7041,-421633.9062,   -911.0203,    556.2404,  26335.6797,
       1,     169,     331,       1,       1,       3,       1,     10.0000,      1.4093,     42.7370,    250.9545,     63.1559,      3.4953,      0.0000,     -0.0312,      0.2955,      0.1245,      5.6362,     11.2724,      1.0997,     28.8898,     57.7796,      0.0194,      0.0002,      0.0156,      0.2114,   7900.7041,-420464.8438,   -911.0737,    556.3346,  26336.8438,
       1,     169,     331,       2,       1,       3,       1,     10.0000,      1.4093,     42.7370,    250.9545,     63.1559,      3.4953,      0.0000,     -0.0312,      0.2982,      0.1237,      5.6362,     11.2724,      1.0930,     28.8898,     57.7796,      0.0194,      0.0002,      0.0156,      0.2114,   7901.0532,-420149.5312,   -910.7656,    556.3566,  26336.8438,
       1,     169,     331,       3,       1,       3,       1,     10.0000,      1.4093,     42.7370,    250.9545,     63.1559,      3.4953,      0.0000,     -0.0312,      0.2921,      0.1232,      5.6362,     11.2724,      1.0885,     28.8898,     57.7796,      0.0194,      0.0002,      0.0156,      0.2114,   7901.0532,-420126.3125,   -910.7636,    556.3581,  26336.8418,
       1,     169,     331,       4,       1,       3,       1,     10.0000,      1.4093,     42.7370,    250.9545,     63.1559,      3.4953,      0.0000,     -0.0311,      0.3032,      0.1221,      5.6362,     11.2724,      1.0786,     28.8898,     57.7796,      0.0194,      0.0002,      0.0156,      0.2114,   7901.0527,-420117.2188,   -910.7634,    556.3588,  26336.8438,
       1,     169,     331,       5,       1,       3,       1,     10.0000,      1.4093,     42.7370,    250.9545,     63.1559,      3.4953,      0.0000,     -0.0309,      0.2867,      0.1161,      5.6362,     11.2724,      1.0258,     28.8898,     57.7796,      0.0194,      0.0002,      0.0156,      0.2114,   7901.0532,-420129.6562,   -910.0759,    556.3578,  26336.8438,
       1,     169,     331,       6,       1,       3,       1,     10.0000,      1.4093,     42.7370,    250.9545,     63.1559,      3.4953,      0.0000,     -0.0311,      0.2857,      0.1208,      5.6362,     11.2724,      1.0676,     28.8898,     57.7796,      0.0194,      0.0002,      0.0156,      0.2114,   7901.0532,-420110.9375,   -910.0725,    556.3591,  26336.8438,
       1,     169,     331,       7,       1,       3,       1,     10.0000,      1.4093,     42.7370,    250.9545,     63.1559,      3.4953,      0.0000,     -0.0310,      0.2800,      0.1187,      5.6362,     11.2724,      1.0492,     28.8898,     57.7796,      0.0194,      0.0002,      0.0156,      0.2114,   7901.0532,-420108.1250,   -910.0735,    556.3594,  26336.8457,
       1,     169,     331,       8,       1,       3,       1,     10.0000,      1.4093,     42.7370,    250.9545,     63.1559,      3.4953,      0.0098,     -0.0209,      0.2687,      0.1128,      5.6362,     11.2724,      0.9968,     28.8898,     57.7796,      0.0194,      0.0002,      0.0156,      0.2114,   7901.0542,-420100.9062,   -910.0734,    556.3599,  26336.8438,
       1,     169,     331,       9,       1,       3,       1,     10.0000,      1.4093,     42.7370,    250.9545,     63.1559,      3.4953,      0.0942,      0.0632,      2.1896,      0.1200,      5.6362,     11.2724,      1.0600,     28.8898,     57.7796,      0.0194,      0.0002,      0.1149,      0.2114,   7901.0532,-420086.6875,   -910.1028,    556.3608,  26336.8438,
       1,     169,     331,      10,       1,       3,       1,     10.0000,      1.4093,     42.7370,    250.9545,     63.1559,      3.4953,      0.1781,      0.1470,      5.8170,      0.1206,      5.6362,     11.2724,      1.0654,     28.8898,     57.7796,      0.0194,      0.0003,      0.2337,      0.2114,   7901.0532,-422398.7188,   -910.8212,    556.2001,  26336.8457,
       1,     169,     331,      11,       1,       3,       1,     10.0000,      1.4093,     42.7370,    250.9545,     63.1559,      3.4953,      0.1896,      0.1583,      6.9257,      0.1260,      5.6362,     11.2724,      1.1132,     28.8898,     57.7796,      0.0194,      0.0003,      0.2500,      0.2114,   7901.0542,-426960.0938,   -912.2646,    555.8830,  26336.8438,
       1,     169,     331,      12,       1,       3,       1,     10.0000,      1.4093,     42.7370,    250.9545,     63.1559,      3.4953,      0.1893,      0.1577,      5.2514,      0.1362,      5.6362,     11.2724,      1.2039,     28.8898,     57.7796,      0.0194,      0.0003,      0.2500,      0.2114,   7901.0532,-428677.5000,   -913.0066,    555.7637,  26336.8418,
       1,     169,     331,      13,       1,       3,       1,     10.0000,      1.4093,     42.7370,    250.9545,     63.1559,      3.4953,      0.1893,      0.1569,      6.6419,      0.1566,      5.6362,     11.2724,      1.3838,     28.8898,     57.7796,      0.0194,      0.0003,      0.2500,      0.2114,   7901.0527,-426805.0312,   -914.3185,    555.8939,  26336.8418,
       1,     169,     331,      14,       1,       3,       1,     10.0000,      1.4093,     42.7370,    250.9545,     63.1559,      3.4953,      0.1893,      0.1568,      6.4734,      0.1577,      5.6362,     11.2724,      1.3936,     28.8898,     57.7796,      0.0194,      0.0003,      0.2500,      0.2114,   7901.0527,-428322.8125,   -915.8557,    555.7884,  26336.8438,
       1,     169,     331,      15,       1,       3,       1,     10.0000,      1.4093,     42.7370,    250.9545,     63.1559,      3.4953,      0.1894,      0.1569,      8.7981,      0.1599,      5.6362,     11.2724,      1.4133,     28.8898,     57.7796,      0.0194,      0.0004,      0.2500,      0.2114,   7901.0532,-428246.7812,   -916.9834,    555.7936,  26336.8438,
       1,     169,     331,      16,       1,       3,       1,     10.0000,      1.4093,     42.7370,    250.9545,     63.1559,      3.4953,      0.1894,      0.1569,      7.7395,      0.1583,      5.6362,     11.2724,      1.3992,     28.8898,     57.7796,      0.0194,      0.0004,      0.2500,      0.2114,   7901.0532,-431040.0312,   -918.5244,    555.5997,  26336.8457,
       1,     169,     331,      17,       1,       3,       1,     10.0000,      1.4093,     42.7370,    250.9545,     63.1559,      3.4953,      0.1679,      0.1357,     12.4870,      0.1515,      5.6362,     11.2724,      1.3386,     28.8898,     57.7796,      0.0194,      0.0007,      0.2186,      0.2114,   7901.0542,-429998.7500,   -919.1273,    555.6720,  26336.8457,
       1,     169,     331,      18,       1,       3,       1,     10.0000,      1.4093,     42.7370,    250.9545,     63.1559,      3.4953,      0.1383,      0.1061,     28.0125,      0.1494,      5.6362,     11.2724,      1.3199,     28.8898,     57.7796,      0.0194,      0.0020,      0.1744,      0.2114,   7901.0542,-435629.0000,   -920.6726,    555.2809,  26336.8438,
       1,     169,     331,      19,       1,       3,       1,     10.0000,      1.4093,     42.7370,    250.9545,     63.1559,      3.4953,      0.0402,      0.0085,      5.7197,      0.1354,      5.6362,     11.2724,      1.1966,     28.8898,     57.7796,      0.0194,      0.0019,      0.0370,      0.2114,   7901.0532,-454799.5625,   -924.7807,    553.9504,  26336.8438,
       1,     169,     331,      20,       1,       3,       1,     10.0000,      1.4093,     42.7370,    250.9545,     63.1559,      3.4953,      0.0008,     -0.0302,      2.3879,      0.1180,      5.6362,     11.2724,      1.0428,     28.8898,     57.7796,      0.0194,      0.0019,      0.0156,      0.2113,   7901.0532,-429550.2812,   -912.1888,    555.7004,  26336.8438,
       1,     169,     331,      21,       1,       3,       1,     10.0000,      1.4093,     42.7370,    250.9545,     63.1559,      3.4953,      0.0000,     -0.0309,      2.3143,      0.1161,      5.6362,     11.2724,      1.0258,     28.8898,     57.7796,      0.0194,      0.0018,      0.0156,      0.2114,   7901.0532,-423432.7500,   -911.0096,    556.1281,  26336.8438,
       1,     169,     331,      22,       1,       3,       1,     10.0000,      1.4093,     42.7370,    250.9545,     63.1559,      3.4953,      0.0000,     -0.0308,      1.6884,      0.1153,      5.6362,     11.2724,      1.0185,     28.8898,     57.7796,      0.0194,      0.0013,      0.0156,      0.2114,   7901.0532,-422829.1562,   -910.8875,    556.1702,  26336.8438,
       1,     169,     331,      23,       1,       3,       1,     10.0000,      1.4093,     42.7370,    250.9545,     63.1559,      3.4953,      0.0000,     -0.0309,      1.6380,      0.1162,      5.6362,     11.2724,      1.0269,     28.8898,     57.7796,      0.0194,      0.0013,      0.0156,      0.2114,   7901.0532,-422024.7188,   -910.9394,    556.2261,  26336.8438,
       1,     169,     331,      24,       1,       3,       1,     10.0000,      1.4093,     42.7370,    250.9545,     63.1559,      3.4953,      0.0000,     -0.0309,      0.8204,      0.1167,      5.6362,     11.2724,      1.0311,     28.8898,     57.7796,      0.0194,      0.0006,      0.0156,      0.2114,   7901.0532,-421896.8125,   -911.1129,    556.2350,  26336.8457,
       1,     169,     332,       1,       1,       3,       1,     10.0000,      1.4093,     42.7373,    250.9603,     63.1572,      3.4953,      0.0000,     -0.0308,      0.2685,      0.1144,      5.6357,     11.2715,      1.0113,     28.8941,     57.7881,      0.0194,      0.0002,      0.0156,      0.2114,   7901.0542,-421054.6250,   -911.2946,    556.3065,  26338.0078,
       1,     169,     332,       2,       1,       3,       1,     10.0000,      1.4093,     42.7373,    250.9603,     63.1572,      3.4953,      0.0000,     -0.0308,      0.2679,      0.1142,      5.6357,     11.2715,      1.0092,     28.8941,     57.7881,      0.0194,      0.0002,      0.0156,      0.2114,   7901.4028,-420169.3750,   -910.8825,    556.3681,  26338.0078,
       1,     169,     332,       3,       1,       3,       1,     10.0000,      1.4093,     42.7373,    250.9603,     63.1572,      3.4953,      0.0000,     -0.0308,      0.2688,      0.1146,      5.6357,     11.2715,      1.0123,     28.8941,     57.7881,      0.0194,      0.0002,      0.0156,      0.2114,   7901.4028,-420094.5000,   -910.8704,    556.3733,  26338.0078,
       1,     169,     332,       4,       1,       3,       1,     10.0000,      1.4093,     42.7373,    250.9603,     63.1572,      3.4953,      0.0000,     -0.0308,      0.2704,      0.1151,      5.6357,     11.2715,      1.0175,     28.8941,     57.7881,      0.0194,      0.0002,      0.0156,      0.2114,   7901.4028,-420089.4375,   -910.8707,    556.3737,  26338.0078,
       1,     169,     332,       5,       1,       3,       1,     10.0000,      1.4093,     42.7373,    250.9603,     63.1572,      3.4953,      0.0000,     -0.0309,      0.2989,      0.1172,      5.6357,     11.2715,      1.0354,     28.8941,     57.7881,      0.0194,      0.0002,      0.0156,      0.2114,   7901.4028,-420090.7500,   -910.0661,    556.3736,  26338.0059,
       1,     169,     332,       6,       1,       3,       1,     10.0000,      1.4093,     42.7373,    250.9603,     63.1572,      3.4953,      0.0000,     -0.0309,      0.4133,      0.1175,      5.6357,     11.2715,      1.0386,     28.8941,     57.7881,      0.0194,      0.0003,      0.0156,      0.2114,   7901.4019,-420125.4688,   -910.0757,    556.3712,  26338.0059,
       1,     169,     332,       7,       1,       3,       1,     10.0000,      1.4093,     42.7373,    250.9603,     63.1572,      3.4953,      0.0000,     -0.0309,      0.3928,      0.1177,      5.6357,     11.2715,      1.0396,     28.8941,     57.7881,      0.0194,      0.0003,      0.0156,      0.2114,   7901.4019,-420265.9375,   -910.1180,    556.3614,  26338.0078,
       1,     169,     332,       8,       1,       3,       1,     10.0000,      1.4093,     42.7373,    250.9603,     63.1572,      3.4953,      0.0088,     -0.0221,      0.2913,      0.1178,      5.6357,     11.2715,      1.0407,     28.8941,     57.7881,      0.0194,      0.0002,      0.0156,      0.2114,   7901.4028,-420253.0312,   -910.1315,    556.3623,  26338.0078,
       1,     169,     332,       9,       1,       3,       1,     10.0000,      1.4093,     42.7373,    250.9603,     63.1572,      3.4953,      0.1084,      0.0769,      2.7544,      0.1330,      5.6357,     11.2715,      1.1749,     28.8941,     57.7881,      0.0194,      0.0002,      0.1348,      0.2114,   7901.4028,-420129.7500,   -910.1498,    556.3709,  26338.0098,
       1,     169,     332,      10,       1,       3,       1,     10.0000,      1.4093,     42.7373,    250.9603,     63.1572,      3.4953,      0.1657,      0.1331,      5.4964,      0.1609,      5.6357,     11.2715,      1.4218,     28.8941,     57.7881,      0.0194,      0.0003,      0.2163,      0.2114,   7901.4033,-423084.5000,   -911.1010,    556.1654,  26338.0078,
       1,     169,     332,      11,       1,       3,       1,     10.0000,      1.4093,     42.7373,    250.9603,     63.1572,      3.4953,      0.1842,      0.1512,      6.7568,      0.1741,      5.6357,     11.2715,      1.5387,     28.8941,     57.7881,      0.0194,      0.0003,      0.2428,      0.2114,   7901.4028,-426633.8750,   -912.4299,    555.9186,  26338.0078,
       1,     169,     332,      12,       1,       3,       1,     10.0000,      1.4093,     42.7373,    250.9603,     63.1572,      3.4953,      0.1892,      0.1563,      6.7831,      0.1704,      5.6357,     11.2715,      1.5053,     28.8941,     57.7881,      0.0194,      0.0003,      0.2500,      0.2114,   7901.4028,-428448.9062,   -913.7041,    555.7927,  26338.0078,
       1,     169,     332,      13,       1,       3,       1,     10.0000,      1.4093,     42.7373,    250.9603,     63.1572,      3.4953,      0.1892,      0.1560,      7.1990,      0.1794,      5.6357,     11.2715,      1.5854,     28.8941,     57.7881,      0.0194,      0.0003,      0.2500,      0.2114,   7901.4028,-428632.2500,   -915.7881,    555.7798,  26338.0098,
       1,     169,     332,      14,       1,       3,       1,     10.0000,      1.4093,     42.7373,    250.9603,     63.1572,      3.4953,      0.1901,      0.1566,     20.0352,      0.1895,      5.6357,     11.2715,      1.6745,     28.8941,     57.7881,      0.0194,      0.0010,      0.2500,      0.2114,   7901.4033,-429148.0625,   -917.8178,    555.7440,  26338.0078,
       1,     169,     332,      15,       1,       3,       1,     10.0000,      1.4093,     42.7373,    250.9603,     63.1572,      3.4953,      0.1924,      0.1593,     46.9888,      0.1757,      5.6357,     11.2715,      1.5526,     28.8941,     57.7881,      0.0194,      0.0023,      0.2500,      0.2114,   7901.4028,-444648.2812,   -922.2023,    554.6672,  26338.0098,
       1,     169,     332,      16,       1,       3,       1,     10.0000,      1.4093,     42.7373,    250.9603,     63.1572,      3.4953,      0.1939,      0.1604,     67.2470,      0.1882,      5.6357,     11.2715,      1.6629,     28.8941,     57.7881,      0.0194,      0.0033,      0.2500,      0.2114,   7901.4033,-478410.6875,   -929.7852,    552.3274,  26338.0078,
       1,     169,     332,      17,       1,       3,       1,     10.0000,      1.4093,     42.7373,    250.9603,     63.1572,      3.4953,      0.1824,      0.1490,     57.3641,      0.1873,      5.6357,     11.2715,      1.6547,     28.8941,     57.7881,      0.0194,      0.0030,      0.2346,      0.2113,   7901.4028,-505656.5938,   -936.2029,    550.4512,  26338.0078,
       1,     169,     332,      18,       1,       3,       1,     10.0000,      1.4093,     42.7373,    250.9603,     63.1572,      3.4953,      0.1541,      0.1213,     49.1004,      0.1671,      5.6357,     11.2715,      1.4770,     28.8941,     57.7881,      0.0194,      0.0031,      0.1947,      0.2113,   7901.4028,-496019.7500,   -935.2903,    551.1175,  26338.0059,
       1,     169,     332,      19,       1,       3,       1,     10.0000,      1.4093,     42.7373,    250.9603,     63.1572,      3.4953,      0.0494,      0.0173,     13.0414,      0.1495,      5.6357,     11.2715,      1.3212,     28.8941,     57.7881,      0.0194,      0.0032,      0.0489,      0.2113,   7901.4019,-485252.9688,   -926.6602,    551.8597,  26338.0059,
       1,     169,     332,      20,       1,       3,       1,     10.0000,      1.4093,     42.7373,    250.9603,     63.1572,      3.4953,      0.0014,     -0.0305,      3.0151,      0.1419,      5.6357,     11.2715,      1.2537,     28.8941,     57.7881,      0.0194,      0.0023,      0.0156,      0.2113,   7901.4019,-440899.7812,   -916.2798,    554.9197,  26338.0078,
       1,     169,     332,      21,       1,       3,       1,     10.0000,      1.4093,     42.7373,    250.9603,     63.1572,      3.4953,      0.0000,     -0.0315,      3.5720,      0.1310,      5.6357,     11.2715,      1.1572,     28.8941,     57.7881,      0.0194,      0.0028,      0.0156,      0.2114,   7901.4028,-425145.2500,   -911.4386,    556.0211,  26338.0078,
       1,     169,     332,      22,       1,       3,       1,     10.0000,      1.4093,     42.7373,    250.9603,     63.1572,      3.4953,      0.0000,     -0.0311,      3.3006,      0.1216,      5.6357,     11.2715,      1.0742,     28.8941,     57.7881,      0.0194,      0.0026,      0.0156,      0.2114,   7901.4028,-424490.7188,   -911.3369,    556.0677,  26338.0078,
       1,     169,     332,      23,       1,       3,       1,     10.0000,      1.4093,     42.7373,    250.9603,     63.1572,      3.4953,      0.0000,     -0.0312,      2.0725,      0.1242,      5.6357,     11.2715,      1.0975,     28.8941,     57.7881,      0.0194,      0.0016,      0.0156,      0.2114,   7901.4028,-424107.7188,   -911.7389,    556.0943,  26338.0078,
       1,     169,     332,      24,       1,       3,       1,     10.0000,      1.4093,     42.7373,    250.9603,     63.1572,      3.4953,      0.0000,     -0.0313,      1.0579,      0.1270,      5.6357,     11.2715,      1.1224,     28.8941,     57.7881,      0.0194,      0.0008,      0.0156,      0.2114,   7901.4028,-422597.0000,   -911.6135,    556.1993,  26338.0078,
       1,     169,     333,       1,       1,       3,       1,     10.0000,      1.4093,     42.7376,    250.9662,     63.1588,      3.4953,      0.0000,     -0.0313,      0.8355,      0.1266,      5.6360,     11.2720,      1.1190,     28.8994,     57.7987,      0.0194,      0.0007,      0.0156,      0.2114,   7901.4028,-421402.7812,   -911.7287,    556.2952,  26339.1777,
       1,     169,     333,       2,       1,       3,       1,     10.0000,      1.4093,     42.7376,    250.9662,     63.1588,      3.4953,      0.0000,     -0.0313,      0.3800,      0.1255,      5.6360,     11.2720,      1.1088,     28.8994,     57.7987,      0.0194,      0.0003,      0.0156,      0.2114,   7901.7534,-420883.9375,   -911.4277,    556.3314,  26339.1777,
       1,     169,     333,       3,       1,       3,       1,     10.0000,      1.4093,     42.7376,    250.9662,     63.1588,      3.4953,      0.0000,     -0.0313,      0.2983,      0.1255,      5.6360,     11.2720,      1.1088,     28.8994,     57.7987,      0.0194,      0.0002,      0.0156,      0.2114,   7901.7534,-420292.0312,   -911.3290,    556.3724,  26339.1777,
       1,     169,     333,       4,       1,       3,       1,     10.0000,      1.4093,     42.7376,    250.9662,     63.1588,      3.4953,      0.0000,     -0.0313,      0.3014,      0.1257,      5.6360,     11.2720,      1.1110,     28.8994,     57.7987,      0.0194,      0.0002,      0.0156,      0.2114,   7901.7534,-420144.2188,   -911.3035,    556.3828,  26339.1777,
       1,     169,     333,       5,       1,       3,       1,     10.0000,      1.4093,     42.7376,    250.9662,     63.1588,      3.4953,      0.0000,     -0.0313,      0.3021,      0.1269,      5.6360,     11.2720,      1.1213,     28.8994,     57.7987,      0.0194,      0.0002,      0.0156,      0.2114,   7901.7534,-420135.4375,   -911.3034,    556.3834,  26339.1777,
       1,     169,     333,       6,       1,       3,       1,     10.0000,      1.4093,     42.7376,    250.9662,     63.1588,      3.4953,      0.0000,     -0.0313,      0.2997,      0.1260,      5.6360,     11.2720,      1.1133,     28.8994,     57.7987,      0.0194,      0.0002,      0.0156,      0.2114,   7901.7534,-420135.6562,   -911.3047,    556.3834,  26339.1777,
       1,     169,     333,       7,       1,       3,       1,     10.0000,      1.4093,     42.7376,    250.9662,     63.1588,      3.4953,      0.0000,     -0.0312,      0.2941,      0.1231,      5.6360,     11.2720,      1.0875,     28.8994,     57.7987,      0.0194,      0.0002,      0.0156,      0.2114,   7901.7534,-420132.7188,   -911.3060,    556.3835,  26339.1777,
       1,     169,     333,       8,       1,       3,       1,     10.0000,      1.4093,     42.7376,    250.9662,     63.1588,      3.4953,      0.0064,     -0.0248,      0.2914,      0.1229,      5.6360,     11.2720,      1.0864,     28.8994,     57.7987,      0.0194,      0.0002,      0.0156,      0.2114,   7901.7534,-420125.7812,   -911.3061,    556.3840,  26339.1777,
       1,     169,     333,       9,       1,       3,       1,     10.0000,      1.4093,     42.7376,    250.9662,     63.1588,      3.4953,      0.0447,      0.0132,      0.8972,      0.1324,      5.6360,     11.2720,      1.1702,     28.8994,     57.7987,      0.0194,      0.0002,      0.0441,      0.2114,   7901.7534,-420122.0000,   -911.3242,    556.3843,  26339.1797,
       1,     169,     333,      10,       1,       3,       1,     10.0000,      1.4093,     42.7376,    250.9662,     63.1588,      3.4953,      0.1802,      0.1481,      5.4709,      0.1470,      5.6360,     11.2720,      1.2988,     28.8994,     57.7987,      0.0194,      0.0003,      0.2370,      0.2114,   7901.7544,-420850.7812,   -911.6240,    556.3336,  26339.1777,
       1,     169,     333,      11,       1,       3,       1,     10.0000,      1.4093,     42.7376,    250.9662,     63.1588,      3.4953,      0.1700,      0.1376,      5.5285,      0.1558,      5.6360,     11.2720,      1.3769,     28.8994,     57.7987,      0.0194,      0.0003,      0.2225,      0.2114,   7901.7534,-426418.0938,   -912.7250,    555.9465,  26339.1777,
       1,     169,     333,      12,       1,       3,       1,     10.0000,      1.4093,     42.7376,    250.9662,     63.1588,      3.4953,      0.1872,      0.1549,      5.9078,      0.1526,      5.6360,     11.2720,      1.3481,     28.8994,     57.7987,      0.0194,      0.0003,      0.2471,      0.2114,   7901.7534,-426953.6875,   -913.7519,    555.9094,  26339.1777,
       1,     169,     333,      13,       1,       3,       1,     10.0000,      1.4093,     42.7376,    250.9662,     63.1588,      3.4953,      0.1892,      0.1565,      6.5689,      0.1657,      5.6360,     11.2720,      1.4638,     28.8994,     57.7987,      0.0194,      0.0003,      0.2500,      0.2114,   7901.7534,-427455.1562,   -915.4882,    555.8746,  26339.1777,
       1,     169,     333,      14,       1,       3,       1,     10.0000,      1.4093,     42.7376,    250.9662,     63.1588,      3.4953,      0.1893,      0.1561,      8.9370,      0.1809,      5.6360,     11.2720,      1.5981,     28.8994,     57.7987,      0.0194,      0.0004,      0.2500,      0.2114,   7901.7534,-428293.0625,   -916.9459,    555.8163,  26339.1777,
       1,     169,     333,      15,       1,       3,       1,     10.0000,      1.4093,     42.7376,    250.9662,     63.1588,      3.4953,      0.1901,      0.1570,     18.3307,      0.1755,      5.6360,     11.2720,      1.5511,     28.8994,     57.7987,      0.0194,      0.0009,      0.2500,      0.2114,   7901.7534,-431214.3750,   -918.4690,    555.6134,  26339.1797,
       1,     169,     333,      16,       1,       3,       1,     10.0000,      1.4093,     42.7376,    250.9662,     63.1588,      3.4953,      0.1911,      0.1582,     30.8543,      0.1704,      5.6360,     11.2720,      1.5054,     28.8994,     57.7987,      0.0194,      0.0015,      0.2500,      0.2114,   7901.7544,-442769.0312,   -921.8438,    554.8109,  26339.1777,
       1,     169,     333,      17,       1,       3,       1,     10.0000,      1.4093,     42.7376,    250.9662,     63.1588,      3.4953,      0.1757,      0.1430,     22.9287,      0.1640,      5.6360,     11.2720,      1.4492,     28.8994,     57.7987,      0.0194,      0.0012,      0.2286,      0.2114,   7901.7534,-458818.8438,   -925.9411,    553.6984,  26339.1777,
       1,     169,     333,      18,       1,       3,       1,     10.0000,      1.4093,     42.7376,    250.9662,     63.1588,      3.4953,      0.1636,      0.1318,     27.9858,      0.1369,      5.6360,     11.2720,      1.2101,     28.8994,     57.7987,      0.0194,      0.0016,      0.2106,      0.2114,   7901.7534,-450616.1562,   -925.0373,    554.2672,  26339.1777,
       1,     169,     333,      19,       1,       3,       1,     10.0000,      1.4093,     42.7376,    250.9662,     63.1588,      3.4953,      0.0620,      0.0306,     12.9971,      0.1264,      5.6360,     11.2720,      1.1167,     28.8994,     57.7987,      0.0194,      0.0023,      0.0675,      0.2114,   7901.7534,-456021.0312,   -917.4521,    553.8931,  26339.1777,
       1,     169,     333,      20,       1,       3,       1,     10.0000,      1.4093,     42.7376,    250.9662,     63.1588,      3.4953,      0.0013,     -0.0300,      2.7027,      0.1253,      5.6360,     11.2720,      1.1076,     28.8994,     57.7987,      0.0194,      0.0021,      0.0156,      0.2114,   7901.7534,-438419.2500,   -913.9973,    555.1119,  26339.1777,
       1,     169,     333,      21,       1,       3,       1,     10.0000,      1.4093,     42.7376,    250.9662,     63.1588,      3.4953,      0.0000,     -0.0313,      2.2935,      0.1255,      5.6360,     11.2720,      1.1088,     28.8994,     57.7987,      0.0194,      0.0018,      0.0156,      0.2114,   7901.7534,-424555.7812,   -911.1096,    556.0753,  26339.1777,
       1,     169,     333,      22,       1,       3,       1,     10.0000,      1.4093,     42.7376,    250.9662,     63.1588,      3.4953,      0.0000,     -0.0315,      2.0054,      0.1308,      5.6360,     11.2720,      1.1560,     28.8994,     57.7987,      0.0194,      0.0016,      0.0156,      0.2114,   7901.7534,-422903.9375,   -911.0282,    556.1909,  26339.1777,
       1,     169,     333,      23,       1,       3,       1,     10.0000,      1.4093,     42.7376,    250.9662,     63.1588,      3.4953,      0.0000,     -0.0315,      0.5985,      0.1320,      5.6360,     11.2720,      1.1666,     28.8994,     57.7987,      0.0194,      0.0005,      0.0156,      0.2114,   7901.7534,-422417.9062,   -910.7388,    556.2246,  26339.1758,
       1,     169,     333,      24,       1,       3,       1,     10.0000,      1.4093,     42.7376,    250.9662,     63.1588,      3.4953,      0.0000,     -0.0316,      0.3176,      0.1326,      5.6360,     11.2720,      1.1714,     28.8994,     57.7987,      0.0194,      0.0002,      0.0156,      0.2114,   7901.7529,-420683.9062,   -910.4670,    556.3452,  26339.1777,
       1,     169,     334,       1,       1,       3,       1,     10.0000,      1.4094,     42.7380,    250.9720,     63.1602,      3.4953,      0.0000,     -0.0315,      0.3118,      0.1304,      5.6362,     11.2724,      1.1525,     28.9030,     57.8061,      0.0194,      0.0002,      0.0156,      0.2114,   7901.7534,-420354.0625,   -910.6656,    556.3812,  26340.3398,
       1,     169,     334,       2,       1,       3,       1,     10.0000,      1.4094,     42.7380,    250.9720,     63.1602,      3.4953,      0.0000,     -0.0313,      0.3032,      0.1273,      5.6362,     11.2724,      1.1247,     28.9030,     57.8061,      0.0194,      0.0002,      0.0156,      0.2114,   7902.1021,-420169.0000,   -910.3822,    556.3940,  26340.3418,
       1,     169,     334,       3,       1,       3,       1,     10.0000,      1.4094,     42.7380,    250.9720,     63.1602,      3.4953,      0.0000,     -0.0313,      0.3116,      0.1251,      5.6362,     11.2724,      1.1054,     28.9030,     57.8061,      0.0194,      0.0002,      0.0156,      0.2114,   7902.1030,-420142.8438,   -910.3781,    556.3958,  26340.3418,
       1,     169,     334,       4,       1,       3,       1,     10.0000,      1.4094,     42.7380,    250.9720,     63.1602,      3.4953,      0.0000,     -0.0312,      0.3057,      0.1229,      5.6362,     11.2724,      1.0864,     28.9030,     57.8061,      0.0194,      0.0002,      0.0156,      0.2114,   7902.1030,-420150.8438,   -910.3824,    556.3953,  26340.3418,
       1,     169,     334,       5,       1,       3,       1,     10.0000,      1.4094,     42.7380,    250.9720,     63.1602,      3.4953,      0.0000,     -0.0310,      0.3314,      0.1196,      5.6362,     11.2724,      1.0568,     28.9030,     57.8061,      0.0194,      0.0003,      0.0156,      0.2114,   7902.1030,-420144.3750,   -910.3842,    556.3958,  26340.3418,
       1,     169,     334,       6,       1,       3,       1,     10.0000,      1.4094,     42.7380,    250.9720,     63.1602,      3.4953,      0.0000,     -0.0311,      0.2931,      0.1201,      5.6362,     11.2724,      1.0612,     28.9030,     57.8061,      0.0194,      0.0002,      0.0156,      0.2114,   7902.1030,-420174.7812,   -910.3958,    556.3936,  26340.3418,
       1,     169,     334,       7,       1,       3,       1,     10.0000,      1.4094,     42.7380,    250.9720,     63.1602,      3.4953,      0.0000,     -0.0311,      0.2900,      0.1216,      5.6362,     11.2724,      1.0743,     28.9030,     57.8061,      0.0194,      0.0002,      0.0156,      0.2114,   7902.1030,-420131.1875,   -910.3903,    556.3967,  26340.3418,
       1,     169,     334,       8,       1,       3,       1,     10.0000,      1.4094,     42.7380,    250.9720,     63.1602,      3.4953,      0.0093,     -0.0218,      0.2995,      0.1216,      5.6362,     11.2724,      1.0743,     28.9030,     57.8061,      0.0194,      0.0002,      0.0156,      0.2114,   7902.1030,-420123.8750,   -910.3905,    556.3972,  26340.3418,
       1,     169,     334,       9,       1,       3,       1,     10.0000,      1.4094,     42.7380,    250.9720,     63.1602,      3.4953,      0.0841,      0.0529,      1.9986,      0.1247,      5.6362,     11.2724,      1.1020,     28.9030,     57.8061,      0.0194,      0.0002,      0.1004,      0.2114,   7902.1030,-420134.6250,   -910.4176,    556.3964,  26340.3398,
       1,     169,     334,      10,       1,       3,       1,     10.0000,      1.4094,     42.7380,    250.9720,     63.1602,      3.4953,      0.1739,      0.1421,      4.9881,      0.1393,      5.6362,     11.2724,      1.2311,     28.9030,     57.8061,      0.0194,      0.0003,      0.2280,      0.2114,   7902.1021,-422181.1562,   -911.0757,    556.2540,  26340.3418,
       1,     169,     334,      11,       1,       3,       1,     10.0000,      1.4094,     42.7380,    250.9720,     63.1602,      3.4953,      0.1893,      0.1571,      5.9386,      0.1507,      5.6362,     11.2724,      1.3320,     28.9030,     57.8061,      0.0194,      0.0003,      0.2500,      0.2114,   7902.1030,-425950.8438,   -912.8076,    555.9920,  26340.3418,
       1,     169,     334,      12,       1,       3,       1,     10.0000,      1.4094,     42.7380,    250.9720,     63.1602,      3.4953,      0.1894,      0.1563,      9.4143,      0.1764,      5.6362,     11.2724,      1.5589,     28.9030,     57.8061,      0.0194,      0.0005,      0.2500,      0.2114,   7902.1030,-427410.5312,   -914.3384,    555.8906,  26340.3418,
       1,     169,     334,      13,       1,       3,       1,     10.0000,      1.4094,     42.7380,    250.9720,     63.1602,      3.4953,      0.1894,      0.1562,     10.1590,      0.1805,      5.6362,     11.2724,      1.5950,     28.9030,     57.8061,      0.0194,      0.0005,      0.2500,      0.2114,   7902.1030,-431716.9375,   -916.7641,    555.5914,  26340.3418,
       1,     169,     334,      14,       1,       3,       1,     10.0000,      1.4094,     42.7380,    250.9720,     63.1602,      3.4953,      0.1896,      0.1561,     13.2510,      0.1886,      5.6362,     11.2724,      1.6663,     28.9030,     57.8061,      0.0194,      0.0006,      0.2500,      0.2114,   7902.1030,-432973.9062,   -918.6530,    555.5041,  26340.3438,
       1,     169,     334,      15,       1,       3,       1,     10.0000,      1.4094,     42.7380,    250.9720,     63.1602,      3.4953,      0.1906,      0.1575,     24.0605,      0.1747,      5.6362,     11.2724,      1.5434,     28.9030,     57.8061,      0.0194,      0.0012,      0.2500,      0.2114,   7902.1035,-436801.4688,   -920.4705,    555.2383,  26340.3418,
       1,     169,     334,      16,       1,       3,       1,     10.0000,      1.4094,     42.7380,    250.9720,     63.1602,      3.4953,      0.1915,      0.1583,     36.3130,      0.1789,      5.6362,     11.2724,      1.5808,     28.9030,     57.8061,      0.0194,      0.0018,      0.2500,      0.2114,   7902.1030,-450136.6250,   -923.8427,    554.3129,  26340.3418,
       1,     169,     334,      17,       1,       3,       1,     10.0000,      1.4094,     42.7380,    250.9720,     63.1602,      3.4953,      0.1886,      0.1559,     56.7741,      0.1638,      5.6362,     11.2724,      1.4478,     28.9030,     57.8061,      0.0194,      0.0028,      0.2434,      0.2114,   7902.1030,-466008.3125,   -927.8275,    553.2139,  26340.3398,
       1,     169,     334,      18,       1,       3,       1,     10.0000,      1.4094,     42.7380,    250.9720,     63.1602,      3.4953,      0.1589,      0.1269,     46.0135,      0.1442,      5.6362,     11.2724,      1.2742,     28.9030,     57.8061,      0.0194,      0.0028,      0.2019,      0.2114,   7902.1021,-491982.5000,   -933.6799,    551.4189,  26340.3398,
       1,     169,     334,      19,       1,       3,       1,     10.0000,      1.4094,     42.7380,    250.9720,     63.1602,      3.4953,      0.0448,      0.0130,     11.3485,      0.1397,      5.6362,     11.2724,      1.2348,     28.9030,     57.8061,      0.0194,      0.0032,      0.0428,      0.2114,   7902.1021,-481191.5000,   -932.3076,    552.1656,  26340.3418,
       1,     169,     334,      20,       1,       3,       1,     10.0000,      1.4094,     42.7380,    250.9720,     63.1602,      3.4953,      0.0018,     -0.0299,      3.3784,      0.1363,      5.6362,     11.2724,      1.2040,     28.9030,     57.8061,      0.0194,      0.0026,      0.0156,      0.2114,   7902.1030,-438525.0625,   -924.4987,    555.1110,  26340.3418,
       1,     169,     334,      21,       1,       3,       1,     10.0000,      1.4094,     42.7380,    250.9720,     63.1602,      3.4953,      0.0000,     -0.0317,      3.7010,      0.1367,      5.6362,     11.2724,      1.2076,     28.9030,     57.8061,      0.0194,      0.0029,      0.0156,      0.2114,   7902.1030,-425388.5625,   -922.1555,    556.0303,  26340.3418,
       1,     169,     334,      22,       1,       3,       1,     10.0000,      1.4094,     42.7380,    250.9720,     63.1602,      3.4953,      0.0000,     -0.0318,      2.7231,      0.1381,      5.6362,     11.2724,      1.2199,     28.9030,     57.8061,      0.0194,      0.0021,      0.0156,      0.2114,   7902.1030,-424670.8125,   -922.1664,    556.0810,  26340.3418,
       1,     169,     334,      23,       1,       3,       1,     10.0000,      1.4094,     42.7380,    250.9720,     63.1602,      3.4953,      0.0000,     -0.0315,      1.6661,      0.1320,      5.6362,     11.2724,      1.1667,     28.9030,     57.8061,      0.0194,      0.0013,      0.0156,      0.2114,   7902.1030,-423432.5938,   -922.0352,    556.1671,  26340.3418,
       1,     169,     334,      24,       1,       3,       1,     10.0000,      1.4094,     42.7380,    250.9720,     63.1602,      3.4953,      0.0000,     -0.0313,      1.3639,      0.1265,      5.6362,     11.2724,      1.1179,     28.9030,     57.8061,      0.0194,      0.0011,      0.0156,      0.2114,   7902.1030,-422056.6875,   -921.8362,    556.2628,  26340.3418,
       1,     169,     335,       1,       1,       3,       1,     10.0000,      1.4094,     42.7383,    250.9779,     63.1617,      3.4953,      0.0000,     -0.0311,      1.1982,      0.1222,      5.6363,     11.2727,      1.0798,     28.9081,     57.8162,      0.0194,      0.0009,      0.0156,      0.2115,   7902.1030,-421731.6562,   -910.7681,    556.2983,  26341.5117,
       1,     169,     335,       2,       1,       3,       1,     10.0000,      1.4094,     42.7383,    250.9779,     63.1617,      3.4953,      0.0000,     -0.0311,      0.8974,      0.1213,      5.6363,     11.2727,      1.0721,     28.9081,     57.8162,      0.0194,      0.0007,      0.0156,      0.2115,   7902.4536,-421353.7812,   -910.4327,    556.3245,  26341.5098,
       1,     169,     335,       3,       1,       3,       1,     10.0000,      1.4094,     42.7383,    250.9779,     63.1617,      3.4953,      0.0000,     -0.0309,      1.0947,      0.1171,      5.6363,     11.2727,      1.0344,     28.9081,     57.8162,      0.0194,      0.0009,      0.0156,      0.2115,   7902.4531,-420960.5000,   -910.3157,    556.3519,  26341.5117,
       1,     169,     335,       4,       1,       3,       1,     10.0000,      1.4094,     42.7383,    250.9779,     63.1617,      3.4953,      0.0000,     -0.0308,      0.7644,      0.1130,      5.6363,     11.2727,      0.9989,     28.9081,     57.8162,      0.0194,      0.0006,      0.0156,      0.2115,   7902.4536,-421164.7500,   -910.3918,    556.3376,  26341.5117,
       1,     169,     335,       5,       1,       3,       1,     10.0000,      1.4094,     42.7383,    250.9779,     63.1617,      3.4953,      0.0000,     -0.0308,      0.4592,      0.1130,      5.6363,     11.2727,      0.9989,     28.9081,     57.8162,      0.0194,      0.0004,      0.0156,      0.2115,   7902.4536,-420784.2188,   -910.2741,    556.3641,  26341.5098,
       1,     169,     335,       6,       1,       3,       1,     10.0000,      1.4094,     42.7383,    250.9779,     63.1617,      3.4953,      0.0000,     -0.0308,      0.2718,      0.1148,      5.6363,     11.2727,      1.0144,     28.9081,     57.8162,      0.0194,      0.0002,      0.0156,      0.2115,   7902.4531,-420385.4688,   -910.1492,    556.3918,  26341.5117,
       1,     169,     335,       7,       1,       3,       1,     10.0000,      1.4094,     42.7383,    250.9779,     63.1617,      3.4953,      0.0000,     -0.0308,      0.2792,      0.1150,      5.6363,     11.2727,      1.0165,     28.9081,     57.8162,      0.0194,      0.0002,      0.0156,      0.2115,   7902.4536,-420126.1250,   -910.1030,    556.4099,  26341.5117,
       1,     169,     335,       8,       1,       3,       1,     10.0000,      1.4094,     42.7383,    250.9779,     63.1617,      3.4953,      0.0075,     -0.0234,      0.2685,      0.1144,      5.6363,     11.2727,      1.0113,     28.9081,     57.8162,      0.0194,      0.0002,      0.0156,      0.2115,   7902.4536,-420113.3750,   -910.0697,    556.4108,  26341.5117,
       1,     169,     335,       9,       1,       3,       1,     10.0000,      1.4094,     42.7383,    250.9779,     63.1617,      3.4953,      0.1252,      0.0944,      2.7391,      0.1146,      5.6363,     11.2727,      1.0124,     28.9081,     57.8162,      0.0194,      0.0002,      0.1589,      0.2115,   7902.4536,-420099.4375,   -910.0829,    556.4117,  26341.5117,
       1,     169,     335,      10,       1,       3,       1,     10.0000,      1.4094,     42.7383,    250.9779,     63.1617,      3.4953,      0.1725,      0.1414,      4.1290,      0.1206,      5.6363,     11.2727,      1.0655,     28.9081,     57.8162,      0.0194,      0.0002,      0.2260,      0.2115,   7902.4536,-423071.8438,   -911.0231,    556.2050,  26341.5117,
       1,     169,     335,      11,       1,       3,       1,     10.0000,      1.4094,     42.7383,    250.9779,     63.1617,      3.4953,      0.1882,      0.1567,      5.0040,      0.1314,      5.6363,     11.2727,      1.1608,     28.9081,     57.8162,      0.0194,      0.0002,      0.2484,      0.2115,   7902.4536,-424993.6875,   -911.6480,    556.0715,  26341.5137,
       1,     169,     335,      12,       1,       3,       1,     10.0000,      1.4094,     42.7383,    250.9779,     63.1617,      3.4953,      0.1893,      0.1569,      6.0473,      0.1541,      5.6363,     11.2727,      1.3618,     28.9081,     57.8162,      0.0194,      0.0003,      0.2500,      0.2115,   7902.4546,-426207.5000,   -912.8987,    555.9871,  26341.5117,
       1,     169,     335,      13,       1,       3,       1,     10.0000,      1.4094,     42.7383,    250.9779,     63.1617,      3.4953,      0.1892,      0.1561,      7.0127,      0.1754,      5.6363,     11.2727,      1.5496,     28.9081,     57.8162,      0.0194,      0.0003,      0.2500,      0.2115,   7902.4536,-427564.9062,   -914.4489,    555.8927,  26341.5117,
       1,     169,     335,      14,       1,       3,       1,     10.0000,      1.4094,     42.7383,    250.9779,     63.1617,      3.4953,      0.1893,      0.1570,      5.9095,      0.1510,      5.6363,     11.2727,      1.3347,     28.9081,     57.8162,      0.0194,      0.0003,      0.2500,      0.2115,   7902.4536,-428840.6875,   -915.9662,    555.8041,  26341.5137,
       1,     169,     335,      15,       1,       3,       1,     10.0000,      1.4094,     42.7383,    250.9779,     63.1617,      3.4953,      0.1893,      0.1567,      6.2598,      0.1588,      5.6363,     11.2727,      1.4035,     28.9081,     57.8162,      0.0194,      0.0003,      0.2500,      0.2115,   7902.4546,-427619.3125,   -914.9750,    555.8890,  26341.5117,
       1,     169,     335,      16,       1,       3,       1,     10.0000,      1.4094,     42.7383,    250.9779,     63.1617,      3.4953,      0.1895,      0.1589,      4.6153,      0.1101,      5.6363,     11.2727,      0.9726,     28.9081,     57.8162,      0.0194,      0.0002,      0.2500,      0.2115,   7902.4536,-427939.0000,   -913.2977,    555.8668,  26341.5117,
       1,     169,     335,      17,       1,       3,       1,     10.0000,      1.4094,     42.7383,    250.9779,     63.1617,      3.4953,      0.1503,      0.1194,     15.2541,      0.1166,      5.6363,     11.2727,      1.0302,     28.9081,     57.8162,      0.0194,      0.0010,      0.1932,      0.2115,   7902.4536,-425986.2812,   -911.9718,    556.0024,  26341.5117,
       1,     169,     335,      18,       1,       3,       1,     10.0000,      1.4094,     42.7383,    250.9779,     63.1617,      3.4953,      0.1384,      0.1069,     25.9734,      0.1303,      5.6363,     11.2727,      1.1514,     28.9081,     57.8162,      0.0194,      0.0018,      0.1749,      0.2115,   7902.4536,-438628.5312,   -915.0729,    555.1239,  26341.5137,
       1,     169,     335,      19,       1,       3,       1,     10.0000,      1.4094,     42.7383,    250.9779,     63.1617,      3.4953,      0.0596,      0.0283,      5.7393,      0.1275,      5.6363,     11.2727,      1.1270,     28.9081,     57.8162,      0.0194,      0.0011,      0.0650,      0.2115,   7902.4546,-452592.5938,   -918.5033,    554.1555,  26341.5098,
       1,     169,     335,      20,       1,       3,       1,     10.0000,      1.4094,     42.7383,    250.9779,     63.1617,      3.4953,      0.0019,     -0.0293,      1.6200,      0.1238,      5.6363,     11.2727,      1.0942,     28.9081,     57.8162,      0.0194,      0.0013,      0.0156,      0.2114,   7902.4531,-429397.5312,   -912.1129,    555.7631,  26341.5117,
       1,     169,     335,      21,       1,       3,       1,     10.0000,      1.4094,     42.7383,    250.9779,     63.1617,      3.4953,      0.0000,     -0.0312,      0.3605,      0.1246,      5.6363,     11.2727,      1.1009,     28.9081,     57.8162,      0.0194,      0.0003,      0.0156,      0.2115,   7902.4536,-422505.4375,   -910.6452,    556.2443,  26341.5117,
       1,     169,     335,      22,       1,       3,       1,     10.0000,      1.4094,     42.7383,    250.9779,     63.1617,      3.4953,      0.0000,     -0.0313,      0.6319,      0.1254,      5.6363,     11.2727,      1.1077,     28.9081,     57.8162,      0.0194,      0.0005,      0.0156,      0.2115,   7902.4536,-420410.5000,   -910.2720,    556.3901,  26341.5117,
       1,     169,     335,      23,       1,       3,       1,     10.0000,      1.4094,     42.7383,    250.9779,     63.1617,      3.4953,      0.0000,     -0.0313,      0.7304,      0.1259,      5.6363,     11.2727,      1.1122,     28.9081,     57.8162,      0.0194,      0.0006,      0.0156,      0.2115,   7902.4536,-420561.6250,   -910.3408,    556.3796,  26341.5098,
       1,     169,     335,      24,       1,       3,       1,     10.0000,      1.4094,     42.7383,    250.9779,     63.1617,      3.4953,      0.0000,     -0.0312,      0.4725,      0.1224,      5.6363,     11.2727,      1.0820,     28.9081,     57.8162,      0.0194,      0.0004,      0.0156,      0.2115,   7902.4531,-420693.2812,   -910.2399,    556.3705,  26341.5098,
       1,     169,     336,       1,       1,       3,       1,     10.0000,      1.4094,     42.7386,    250.9837,     63.1631,      3.4953,      0.0000,     -0.0310,      0.3007,      0.1186,      5.6363,     11.2726,      1.0483,     28.9131,     57.8262,      0.0194,      0.0002,      0.0156,      0.2115,   7902.4531,-420547.5938,   -910.4280,    556.3935,  26342.6738,
       1,     169,     336,       2,       1,       3,       1,     10.0000,      1.4094,     42.7386,    250.9837,     63.1631,      3.4953,      0.0000,     -0.0309,      0.2755,      0.1171,      5.6363,     11.2726,      1.0344,     28.9131,     57.8262,      0.0194,      0.0002,      0.0156,      0.2115,   7902.8022,-420178.2188,   -910.0840,    556.4193,  26342.6797,
       1,     169,     336,       3,       1,       3,       1,     10.0000,      1.4094,     42.7386,    250.9837,     63.1631,      3.4953,      0.0000,     -0.0311,      0.3369,      0.1215,      5.6363,     11.2726,      1.0732,     28.9131,     57.8262,      0.0194,      0.0003,      0.0156,      0.2115,   7902.8042,-420116.2500,   -910.0727,    556.4236,  26342.6816,
       1,     169,     336,       4,       1,       3,       1,     10.0000,      1.4094,     42.7386,    250.9837,     63.1631,      3.4953,      0.0000,     -0.0312,      0.2897,      0.1223,      5.6363,     11.2726,      1.0809,     28.9131,     57.8262,      0.0194,      0.0002,      0.0156,      0.2115,   7902.8047,-420184.6875,   -910.0937,    556.4188,  26342.6797,
       1,     169,     336,       5,       1,       3,       1,     10.0000,      1.4094,     42.7386,    250.9837,     63.1631,      3.4953,      0.0000,     -0.0312,      0.2897,      0.1223,      5.6363,     11.2726,      1.0809,     28.9131,     57.8262,      0.0194,      0.0002,      0.0156,      0.2115,   7902.8042,-420133.8750,   -910.0717,    556.4223,  26342.6797,
       1,     169,     336,       6,       1,       3,       1,     10.0000,      1.4094,     42.7386,    250.9837,     63.1631,      3.4953,      0.0000,     -0.0313,      0.3356,      0.1268,      5.6363,     11.2726,      1.1202,     28.9131,     57.8262,      0.0194,      0.0003,      0.0156,      0.2115,   7902.8042,-420129.6250,   -910.0726,    556.4226,  26342.6797,
       1,     169,     336,       7,       1,       3,       1,     10.0000,      1.4094,     42.7386,    250.9837,     63.1631,      3.4953,      0.0000,     -0.0314,      0.3876,      0.1295,      5.6363,     11.2726,      1.1444,     28.9131,     57.8262,      0.0194,      0.0003,      0.0156,      0.2115,   7902.8042,-420184.5000,   -910.0889,    556.4188,  26342.6797,
       1,     169,     336,       8,       1,       3,       1,     10.0000,      1.4094,     42.7386,    250.9837,     63.1631,      3.4953,      0.0029,     -0.0282,      0.4359,      0.1228,      5.6363,     11.2726,      1.0853,     28.9131,     57.8262,      0.0194,      0.0003,      0.0156,      0.2115,   7902.8042,-420251.6250,   -910.1136,    556.4141,  26342.6777,
       1,     169,     336,       9,       1,       3,       1,     10.0000,      1.4094,     42.7386,    250.9837,     63.1631,      3.4953,      0.0442,      0.0125,      1.2164,      0.1347,      5.6363,     11.2726,      1.1907,     28.9131,     57.8262,      0.0194,      0.0003,      0.0432,      0.2115,   7902.8037,-420315.5625,   -910.1552,    556.4097,  26342.6816,
       1,     169,     336,      10,       1,       3,       1,     10.0000,      1.4094,     42.7386,    250.9837,     63.1631,      3.4953,      0.1176,      0.0855,      5.0455,      0.1476,      5.6363,     11.2726,      1.3042,     28.9131,     57.8262,      0.0194,      0.0004,      0.1475,      0.2115,   7902.8047,-421259.7500,   -910.5002,    556.3441,  26342.6797,
       1,     169,     336,      11,       1,       3,       1,     10.0000,      1.4094,     42.7386,    250.9837,     63.1631,      3.4953,      0.1502,      0.1184,     11.7566,      0.1382,      5.6363,     11.2726,      1.2212,     28.9131,     57.8262,      0.0194,      0.0007,      0.1933,      0.2115,   7902.8042,-425947.1875,   -911.7214,    556.0181,  26342.6797,
       1,     169,     336,      12,       1,       3,       1,     10.0000,      1.4094,     42.7386,    250.9837,     63.1631,      3.4953,      0.1829,      0.1506,     17.8117,      0.1503,      5.6363,     11.2726,      1.3280,     28.9131,     57.8262,      0.0194,      0.0009,      0.2394,      0.2115,   7902.8042,-434416.7500,   -913.4056,    555.4296,  26342.6797,
       1,     169,     336,      13,       1,       3,       1,     10.0000,      1.4094,     42.7386,    250.9837,     63.1631,      3.4953,      0.1674,      0.1346,      6.9370,      0.1694,      5.6363,     11.2726,      1.4965,     28.9131,     57.8262,      0.0194,      0.0004,      0.2186,      0.2115,   7902.8042,-442414.2812,   -915.9058,    554.8745,  26342.6797,
       1,     169,     336,      14,       1,       3,       1,     10.0000,      1.4094,     42.7386,    250.9837,     63.1631,      3.4953,      0.1401,      0.1072,      9.5354,      0.1682,      5.6363,     11.2726,      1.4860,     28.9131,     57.8262,      0.0194,      0.0006,      0.1790,      0.2115,   7902.8042,-429992.5000,   -914.4976,    555.7365,  26342.6777,
       1,     169,     336,      15,       1,       3,       1,     10.0000,      1.4094,     42.7386,    250.9837,     63.1631,      3.4953,      0.1352,      0.1031,     13.4620,      0.1474,      5.6363,     11.2726,      1.3028,     28.9131,     57.8262,      0.0194,      0.0010,      0.1717,      0.2115,   7902.8037,-432082.8750,   -915.3915,    555.5919,  26342.6816,
       1,     169,     336,      16,       1,       3,       1,     10.0000,      1.4094,     42.7386,    250.9837,     63.1631,      3.4953,      0.1579,      0.1266,      7.3068,      0.1275,      5.6363,     11.2726,      1.1271,     28.9131,     57.8262,      0.0194,      0.0004,      0.2049,      0.2115,   7902.8047,-436982.9688,   -913.7293,    555.2516,  26342.6797,
       1,     169,     336,      17,       1,       3,       1,     10.0000,      1.4094,     42.7386,    250.9837,     63.1631,      3.4953,      0.1555,      0.1243,     27.1924,      0.1233,      5.6363,     11.2726,      1.0898,     28.9131,     57.8262,      0.0194,      0.0017,      0.1992,      0.2115,   7902.8042,-429984.0625,   -912.4324,    555.7375,  26342.6777,
       1,     169,     336,      18,       1,       3,       1,     10.0000,      1.4094,     42.7386,    250.9837,     63.1631,      3.4953,      0.0954,      0.0641,     23.9907,      0.1257,      5.6363,     11.2726,      1.1111,     28.9131,     57.8262,      0.0194,      0.0026,      0.1139,      0.2115,   7902.8037,-453333.6875,   -916.9387,    554.1157,  26342.6797,
       1,     169,     336,      19,       1,       3,       1,     10.0000,      1.4094,     42.7386,    250.9837,     63.1631,      3.4953,      0.0458,      0.0147,      9.2650,      0.1208,      5.6363,     11.2726,      1.0677,     28.9131,     57.8262,      0.0194,      0.0025,      0.0452,      0.2115,   7902.8042,-451437.2500,   -917.3559,    554.2493,  26342.6797,
       1,     169,     336,      20,       1,       3,       1,     10.0000,      1.4094,     42.7386,    250.9837,     63.1631,      3.4953,      0.0014,     -0.0296,      2.1131,      0.1195,      5.6363,     11.2726,      1.0558,     28.9131,     57.8262,      0.0194,      0.0016,      0.0156,      0.2115,   7902.8042,-433546.7500,   -914.5823,    555.4888,  26342.6797,
       1,     169,     336,      21,       1,       3,       1,     10.0000,      1.4094,     42.7386,    250.9837,     63.1631,      3.4953,      0.0000,     -0.0311,      0.7107,      0.1207,      5.6363,     11.2726,      1.0666,     28.9131,     57.8262,      0.0194,      0.0006,      0.0156,      0.2115,   7902.8042,-423447.0938,   -910.9091,    556.1915,  26342.6797,
       1,     169,     336,      22,       1,       3,       1,     10.0000,      1.4094,     42.7386,    250.9837,     63.1631,      3.4953,      0.0000,     -0.0311,      1.1891,      0.1206,      5.6363,     11.2726,      1.0656,     28.9131,     57.8262,      0.0194,      0.0009,      0.0156,      0.2115,   7902.8042,-420913.9375,   -910.5143,    556.3681,  26342.6797,
       1,     169,     336,      23,       1,       3,       1,     10.0000,      1.4094,     42.7386,    250.9837,     63.1631,      3.4953,      0.0000,     -0.0310,      1.3568,      0.1192,      5.6363,     11.2726,      1.0536,     28.9131,     57.8262,      0.0194,      0.0011,      0.0156,      0.2115,   7902.8042,-421277.1875,   -910.7018,    556.3428,  26342.6777,
       1,     169,     336,      24,       1,       3,       1,     10.0000,      1.4094,     42.7386,    250.9837,     63.1631,      3.4953,      0.0000,     -0.0311,      0.6539,      0.1222,      5.6363,     11.2726,      1.0798,     28.9131,     57.8262,      0.0194,      0.0005,      0.0156,      0.2115,   7902.8037,-421509.6562,   -910.8953,    556.3267,  26342.6797,
       1,     169,     337,       1,       1,       3,       1,     10.0000,      1.4094,     42.7390,    250.9896,     63.1647,      3.4953,      0.0000,     -0.0310,      0.7171,      0.1196,      5.6374,     11.2747,      1.0569,     28.9084,     57.8168,      0.0194,      0.0006,      0.0156,      0.2115,   7902.8042,-420836.6562,   -911.0806,    556.3865,  26343.8438,
       1,     169,     337,       2,       1,       3,       1,     10.0000,      1.4094,     42.7390,    250.9896,     63.1647,      3.4953,      0.0000,     -0.0310,      0.5738,      0.1189,      5.6374,     11.2747,      1.0504,     28.9084,     57.8168,      0.0194,      0.0004,      0.0156,      0.2115,   7903.1533,-420705.7812,   -910.8682,    556.3956,  26343.8477,
       1,     169,     337,       3,       1,       3,       1,     10.0000,      1.4094,     42.7390,    250.9896,     63.1647,      3.4953,      0.0000,     -0.0309,      0.2717,      0.1156,      5.6374,     11.2747,      1.0218,     28.9084,     57.8168,      0.0194,      0.0002,      0.0156,      0.2115,   7903.1548,-420522.0938,   -910.8771,    556.4084,  26343.8457,
       1,     169,     337,       4,       1,       3,       1,     10.0000,      1.4094,     42.7390,    250.9896,     63.1647,      3.4953,      0.0000,     -0.0308,      0.2648,      0.1131,      5.6374,     11.2747,      0.9990,     28.9084,     57.8168,      0.0194,      0.0002,      0.0156,      0.2115,   7903.1538,-420143.3125,   -910.0730,    556.4346,  26343.8457,
       1,     169,     337,       5,       1,       3,       1,     10.0000,      1.4094,     42.7390,    250.9896,     63.1647,      3.4953,      0.0000,     -0.0309,      0.2708,      0.1153,      5.6374,     11.2747,      1.0187,     28.9084,     57.8168,      0.0194,      0.0002,      0.0156,      0.2115,   7903.1538,-420103.4688,   -910.0672,    556.4375,  26343.8438,
       1,     169,     337,       6,       1,       3,       1,     10.0000,      1.4094,     42.7390,    250.9896,     63.1647,      3.4953,      0.0000,     -0.0308,      0.2692,      0.1147,      5.6374,     11.2747,      1.0134,     28.9084,     57.8168,      0.0194,      0.0002,      0.0156,      0.2115,   7903.1533,-420107.3438,   -910.0696,    556.4372,  26343.8477,
       1,     169,     337,       7,       1,       3,       1,     10.0000,      1.4094,     42.7390,    250.9896,     63.1647,      3.4953,      0.0000,     -0.0310,      0.2811,      0.1191,      5.6374,     11.2747,      1.0526,     28.9084,     57.8168,      0.0194,      0.0002,      0.0156,      0.2115,   7903.1548,-420105.4375,   -910.0700,    556.4373,  26343.8457,
       1,     169,     337,       8,       1,       3,       1,     10.0000,      1.4094,     42.7390,    250.9896,     63.1647,      3.4953,      0.0037,     -0.0273,      0.2749,      0.1168,      5.6374,     11.2747,      1.0323,     28.9084,     57.8168,      0.0194,      0.0002,      0.0156,      0.2115,   7903.1538,-420119.8125,   -910.0746,    556.4363,  26343.8477,
       1,     169,     337,       9,       1,       3,       1,     10.0000,      1.4094,     42.7390,    250.9896,     63.1647,      3.4953,      0.0122,     -0.0187,      0.2920,      0.1172,      5.6374,     11.2747,      1.0355,     28.9084,     57.8168,      0.0194,      0.0002,      0.0156,      0.2115,   7903.1548,-420113.3125,   -910.0772,    556.4368,  26343.8457,
       1,     169,     337,      10,       1,       3,       1,     10.0000,      1.4094,     42.7390,    250.9896,     63.1647,      3.4953,      0.0674,      0.0363,      1.8360,      0.1218,      5.6374,     11.2747,      1.0765,     28.9084,     57.8168,      0.0194,      0.0003,      0.0767,      0.2115,   7903.1538,-420133.6562,   -910.1039,    556.4354,  26343.8457,
       1,     169,     337,      11,       1,       3,       1,     10.0000,      1.4094,     42.7390,    250.9896,     63.1647,      3.4953,      0.0932,      0.0621,      2.3063,      0.1196,      5.6374,     11.2747,      1.0569,     28.9084,     57.8168,      0.0194,      0.0002,      0.1133,      0.2115,   7903.1538,-421993.2500,   -910.6327,    556.3060,  26343.8438,
       1,     169,     337,      12,       1,       3,       1,     10.0000,      1.4094,     42.7390,    250.9896,     63.1647,      3.4953,      0.0725,      0.0409,      2.4587,      0.1341,      5.6374,     11.2747,      1.1847,     28.9084,     57.8168,      0.0194,      0.0004,      0.0835,      0.2115,   7903.1533,-422714.9062,   -910.7728,    556.2558,  26343.8438,
       1,     169,     337,      13,       1,       3,       1,     10.0000,      1.4094,     42.7390,    250.9896,     63.1647,      3.4953,      0.0437,      0.0115,      1.2610,      0.1479,      5.6374,     11.2747,      1.3068,     28.9084,     57.8168,      0.0194,      0.0004,      0.0420,      0.2115,   7903.1533,-422958.8438,   -910.7600,    556.2390,  26343.8457,
       1,     169,     337,      14,       1,       3,       1,     10.0000,      1.4094,     42.7390,    250.9896,     63.1647,      3.4953,      0.0525,      0.0197,      1.5739,      0.1694,      5.6374,     11.2747,      1.4965,     28.9084,     57.8168,      0.0194,      0.0004,      0.0540,      0.2115,   7903.1538,-421537.6875,   -910.6249,    556.3377,  26343.8457,
       1,     169,     337,      15,       1,       3,       1,     10.0000,      1.4094,     42.7390,    250.9896,     63.1647,      3.4953,      0.1642,      0.1307,      6.8986,      0.1875,      5.6374,     11.2747,      1.6565,     28.9084,     57.8168,      0.0194,      0.0004,      0.2140,      0.2115,   7903.1538,-421795.3438,   -910.8100,    556.3198,  26343.8477,
       1,     169,     337,      16,       1,       3,       1,     10.0000,      1.4094,     42.7390,    250.9896,     63.1647,      3.4953,      0.1350,      0.1009,      8.2599,      0.2094,      5.6374,     11.2747,      1.8505,     28.9084,     57.8168,      0.0194,      0.0006,      0.1716,      0.2115,   7903.1548,-428224.0312,   -912.7198,    555.8727,  26343.8457,
       1,     169,     337,      17,       1,       3,       1,     10.0000,      1.4094,     42.7390,    250.9896,     63.1647,      3.4953,      0.1218,      0.0880,     15.4240,      0.1978,      5.6374,     11.2747,      1.7476,     28.9084,     57.8168,      0.0194,      0.0012,      0.1517,      0.2115,   7903.1538,-430400.9062,   -913.6414,    555.7217,  26343.8457,
       1,     169,     337,      18,       1,       3,       1,     10.0000,      1.4094,     42.7390,    250.9896,     63.1647,      3.4953,      0.0810,      0.0475,     13.7170,      0.1877,      5.6374,     11.2747,      1.6582,     28.9084,     57.8168,      0.0194,      0.0018,      0.0931,      0.2115,   7903.1538,-439204.5625,   -915.7630,    555.1102,  26343.8457,
       1,     169,     337,      19,       1,       3,       1,     10.0000,      1.4094,     42.7390,    250.9896,     63.1647,      3.4953,      0.0343,      0.0014,      5.4730,      0.1694,      5.6374,     11.2747,      1.4965,     28.9084,     57.8168,      0.0194,      0.0024,      0.0273,      0.2115,   7903.1538,-437887.0938,   -915.9899,    555.2019,  26343.8477,
       1,     169,     337,      20,       1,       3,       1,     10.0000,      1.4094,     42.7390,    250.9896,     63.1647,      3.4953,      0.0015,     -0.0309,      4.0986,      0.1562,      5.6374,     11.2747,      1.3798,     28.9084,     57.8168,      0.0194,      0.0032,      0.0156,      0.2115,   7903.1548,-427853.8438,   -914.5738,    555.8982,  26343.8438,
       1,     169,     337,      21,       1,       3,       1,     10.0000,      1.4094,     42.7390,    250.9896,     63.1647,      3.4953,      0.0000,     -0.0323,      4.6763,      0.1518,      5.6374,     11.2747,      1.3415,     28.9084,     57.8168,      0.0194,      0.0036,      0.0156,      0.2115,   7903.1533,-425362.5938,   -914.5653,    556.0718,  26343.8457,
       1,     169,     337,      22,       1,       3,       1,     10.0000,      1.4094,     42.7390,    250.9896,     63.1647,      3.4953,      0.0000,     -0.0319,      4.6347,      0.1425,      5.6374,     11.2747,      1.2589,     28.9084,     57.8168,      0.0194,      0.0036,      0.0156,      0.2115,   7903.1538,-425848.5938,   -915.1251,    556.0380,  26343.8457,
       1,     169,     337,      23,       1,       3,       1,     10.0000,      1.4094,     42.7390,    250.9896,     63.1647,      3.4953,      0.0000,     -0.0316,      4.0579,      0.1334,      5.6374,     11.2747,      1.1787,     28.9084,     57.8168,      0.0194,      0.0032,      0.0156,      0.2115,   7903.1538,-425839.3750,   -911.7227,    556.0386,  26343.8457,
       1,     169,     337,      24,       1,       3,       1,     10.0000,      1.4094,     42.7390,    250.9896,     63.1647,      3.4953,      0.0000,     -0.0315,      3.2856,      0.1303,      5.6374,     11.2747,      1.1514,     28.9084,     57.8168,      0.0194,      0.0026,      0.0156,      0.2115,   7903.1538,-425144.4375,   -912.0930,    556.0870,  26343.8477,
       1,     169,     338,       1,       1,       3,       1,     10.0000,      1.4095,     42.7393,    250.9955,     63.1661,      3.4953,      0.0000,     -0.0312,      1.8114,      0.1249,      5.6383,     11.2765,      1.1033,     28.8906,     57.7812,      0.0194,      0.0014,      0.0156,      0.2115,   7903.1548,-424310.4062,   -911.5041,    556.1583,  26345.0137,
       1,     169,     338,       2,       1,       3,       1,     10.0000,      1.4095,     42.7393,    250.9955,     63.1661,      3.4953,      0.0000,     -0.0311,      1.0350,      0.1218,      5.6383,     11.2765,      1.0766,     28.8906,     57.7812,      0.0194,      0.0008,      0.0156,      0.2115,   7903.5044,-422315.6562,   -911.0996,    556.2969,  26345.0137,
       1,     169,     338,       3,       1,       3,       1,     10.0000,      1.4095,     42.7393,    250.9955,     63.1661,      3.4953,      0.0000,     -0.0311,      0.7729,      0.1223,      5.6383,     11.2765,      1.0810,     28.8906,     57.7812,      0.0194,      0.0006,      0.0156,      0.2116,   7903.5044,-421214.6562,   -911.0051,    556.3734,  26345.0117,
       1,     169,     338,       4,       1,       3,       1,     10.0000,      1.4095,     42.7393,    250.9955,     63.1661,      3.4953,      0.0000,     -0.0312,      0.3016,      0.1232,      5.6383,     11.2765,      1.0887,     28.8906,     57.7812,      0.0194,      0.0002,      0.0156,      0.2116,   7903.5039,-420807.4062,   -910.9960,    556.4017,  26345.0117,
       1,     169,     338,       5,       1,       3,       1,     10.0000,      1.4095,     42.7393,    250.9955,     63.1661,      3.4953,      0.0000,     -0.0312,      0.2938,      0.1230,      5.6383,     11.2765,      1.0865,     28.8906,     57.7812,      0.0194,      0.0002,      0.0156,      0.2116,   7903.5039,-420206.4062,   -910.8893,    556.4436,  26345.0117,
       1,     169,     338,       6,       1,       3,       1,     10.0000,      1.4095,     42.7393,    250.9955,     63.1661,      3.4953,      0.0000,     -0.0310,      0.2994,      0.1199,      5.6383,     11.2765,      1.0591,     28.8906,     57.7812,      0.0194,      0.0002,      0.0156,      0.2116,   7903.5039,-420146.5938,   -910.8801,    556.4478,  26345.0156,
       1,     169,     338,       7,       1,       3,       1,     10.0000,      1.4095,     42.7393,    250.9955,     63.1661,      3.4953,      0.0000,     -0.0311,      0.2870,      0.1213,      5.6383,     11.2765,      1.0722,     28.8906,     57.7812,      0.0194,      0.0002,      0.0156,      0.2116,   7903.5049,-420147.8750,   -910.8829,    556.4477,  26345.0137,
       1,     169,     338,       8,       1,       3,       1,     10.0000,      1.4095,     42.7393,    250.9955,     63.1661,      3.4953,      0.0059,     -0.0253,      0.2945,      0.1223,      5.6383,     11.2765,      1.0810,     28.8906,     57.7812,      0.0194,      0.0002,      0.0156,      0.2116,   7903.5044,-420133.3750,   -910.8825,    556.4487,  26345.0137,
       1,     169,     338,       9,       1,       3,       1,     10.0000,      1.4095,     42.7393,    250.9955,     63.1661,      3.4953,      0.1086,      0.0773,      3.6608,      0.1276,      5.6383,     11.2765,      1.1271,     28.8906,     57.7812,      0.0194,      0.0003,      0.1351,      0.2116,   7903.5044,-420141.0938,   -910.8999,    556.4481,  26345.0137,
       1,     169,     338,      10,       1,       3,       1,     10.0000,      1.4095,     42.7393,    250.9955,     63.1661,      3.4953,      0.1760,      0.1439,      5.3615,      0.1477,      5.6383,     11.2765,      1.3055,     28.8906,     57.7812,      0.0194,      0.0003,      0.2309,      0.2116,   7903.5044,-424192.1250,   -911.9562,    556.1664,  26345.0117,
       1,     169,     338,      11,       1,       3,       1,     10.0000,      1.4095,     42.7393,    250.9955,     63.1661,      3.4953,      0.1893,      0.1570,      5.9922,      0.1529,      5.6383,     11.2765,      1.3510,     28.8906,     57.7812,      0.0194,      0.0003,      0.2500,      0.2115,   7903.5039,-426577.5938,   -913.3303,    556.0006,  26345.0156,
       1,     169,     338,      12,       1,       3,       1,     10.0000,      1.4095,     42.7393,    250.9955,     63.1661,      3.4953,      0.1840,      0.1515,      6.1127,      0.1588,      5.6383,     11.2765,      1.4036,     28.8906,     57.7812,      0.0194,      0.0003,      0.2424,      0.2115,   7903.5049,-427535.5625,   -912.5375,    555.9341,  26345.0137,
       1,     169,     338,      13,       1,       3,       1,     10.0000,      1.4095,     42.7393,    250.9955,     63.1661,      3.4953,      0.1893,      0.1565,      7.0092,      0.1663,      5.6383,     11.2765,      1.4698,     28.8906,     57.7812,      0.0194,      0.0003,      0.2500,      0.2115,   7903.5044,-427761.0000,   -913.5666,    555.9184,  26345.0137,
       1,     169,     338,      14,       1,       3,       1,     10.0000,      1.4095,     42.7393,    250.9955,     63.1661,      3.4953,      0.1896,      0.1576,      8.8657,      0.1449,      5.6383,     11.2765,      1.2807,     28.8906,     57.7812,      0.0194,      0.0004,      0.2500,      0.2115,   7903.5044,-428858.5938,   -914.7148,    555.8421,  26345.0137,
       1,     169,     338,      15,       1,       3,       1,     10.0000,      1.4095,     42.7393,    250.9955,     63.1661,      3.4953,      0.1911,      0.1590,     27.6001,      0.1461,      5.6383,     11.2765,      1.2911,     28.8906,     57.7812,      0.0194,      0.0013,      0.2500,      0.2115,   7903.5044,-431184.4688,   -913.3750,    555.6805,  26345.0156,
       1,     169,     338,      16,       1,       3,       1,     10.0000,      1.4095,     42.7393,    250.9955,     63.1661,      3.4953,      0.1910,      0.1585,     27.2877,      0.1571,      5.6383,     11.2765,      1.3882,     28.8906,     57.7812,      0.0194,      0.0013,      0.2500,      0.2115,   7903.5049,-453922.4375,   -917.8017,    554.1011,  26345.0117,
       1,     169,     338,      17,       1,       3,       1,     10.0000,      1.4095,     42.7393,    250.9955,     63.1661,      3.4953,      0.1050,      0.0717,     14.9824,      0.1832,      5.6383,     11.2765,      1.6191,     28.8906,     57.7812,      0.0194,      0.0014,      0.1277,      0.2115,   7903.5039,-455454.1562,   -919.3298,    553.9973,  26345.0117,
       1,     169,     338,      18,       1,       3,       1,     10.0000,      1.4095,     42.7393,    250.9955,     63.1661,      3.4953,      0.0640,      0.0314,     11.6358,      0.1619,      5.6383,     11.2765,      1.4306,     28.8906,     57.7812,      0.0194,      0.0020,      0.0696,      0.2115,   7903.5039,-440766.5938,   -917.1998,    555.0145,  26345.0156,
       1,     169,     338,      19,       1,       3,       1,     10.0000,      1.4095,     42.7393,    250.9955,     63.1661,      3.4953,      0.0281,     -0.0042,      1.2572,      0.1527,      5.6383,     11.2765,      1.3497,     28.8906,     57.7812,      0.0194,      0.0008,      0.0195,      0.2115,   7903.5049,-435513.9688,   -916.6785,    555.3797,  26345.0137,
       1,     169,     338,      20,       1,       3,       1,     10.0000,      1.4095,     42.7393,    250.9955,     63.1661,      3.4953,      0.0008,     -0.0313,      0.9556,      0.1458,      5.6383,     11.2765,      1.2885,     28.8906,     57.7812,      0.0194,      0.0007,      0.0156,      0.2115,   7903.5044,-422584.9062,   -914.4381,    556.2775,  26345.0137,
       1,     169,     338,      21,       1,       3,       1,     10.0000,      1.4095,     42.7393,    250.9955,     63.1661,      3.4953,      0.0000,     -0.0316,      2.3073,      0.1350,      5.6383,     11.2765,      1.1931,     28.8906,     57.7812,      0.0194,      0.0018,      0.0156,      0.2116,   7903.5044,-421142.4375,   -914.2404,    556.3785,  26345.0156,
       1,     169,     338,      22,       1,       3,       1,     10.0000,      1.4095,     42.7393,    250.9955,     63.1661,      3.4953,      0.0000,     -0.0316,      3.5471,      0.1334,      5.6383,     11.2765,      1.1787,     28.8906,     57.7812,      0.0194,      0.0028,      0.0156,      0.2116,   7903.5049,-422646.8750,   -914.7460,    556.2738,  26345.0137,
       1,     169,     338,      23,       1,       3,       1,     10.0000,      1.4095,     42.7393,    250.9955,     63.1661,      3.4953,      0.0000,     -0.0314,      2.0141,      0.1277,      5.6383,     11.2765,      1.1283,     28.8906,     57.7812,      0.0194,      0.0016,      0.0156,      0.2116,   7903.5044,-424265.0938,   -915.4174,    556.1614,  26345.0137,
       1,     169,     338,      24,       1,       3,       1,     10.0000,      1.4095,     42.7393,    250.9955,     63.1661,      3.4953,      0.0000,     -0.0314,      1.5200,      0.1276,      5.6383,     11.2765,      1.1271,     28.8906,     57.7812,      0.0194,      0.0012,      0.0156,      0.2115,   7903.5044,-422555.9062,   -915.2999,    556.2802,  26345.0156,
       1,     169,     339,       1,       1,       3,       1,     10.0000,      1.4095,     42.7396,    251.0013,     63.1676,      3.4953,      0.0000,     -0.0313,      0.7983,      0.1269,      5.6375,     11.2750,      1.1214,     28.8912,     57.7824,      0.0194,      0.0006,      0.0156,      0.2116,   7903.5049,-421971.5625,   -915.5549,    556.3337,  26346.1777,
       1,     169,     339,       2,       1,       3,       1,     10.0000,      1.4095,     42.7396,    251.0013,     63.1676,      3.4953,      0.0000,     -0.0314,      0.4202,      0.1290,      5.6375,     11.2750,      1.1398,     28.8912,     57.7824,      0.0194,      0.0003,      0.0156,      0.2116,   7903.8535,-420904.2188,   -915.1560,    556.4080,  26346.1797,
       1,     169,     339,       3,       1,       3,       1,     10.0000,      1.4095,     42.7396,    251.0013,     63.1676,      3.4953,      0.0000,     -0.0313,      0.5369,      0.1269,      5.6375,     11.2750,      1.1214,     28.8912,     57.7824,      0.0194,      0.0004,      0.0156,      0.2116,   7903.8540,-420359.6875,   -912.5350,    556.4459,  26346.1797,
       1,     169,     339,       4,       1,       3,       1,     10.0000,      1.4095,     42.7396,    251.0013,     63.1676,      3.4953,      0.0000,     -0.0313,      0.4177,      0.1252,      5.6375,     11.2750,      1.1067,     28.8912,     57.7824,      0.0194,      0.0003,      0.0156,      0.2116,   7903.8540,-420454.4375,   -912.5857,    556.4392,  26346.1816,
       1,     169,     339,       5,       1,       3,       1,     10.0000,      1.4095,     42.7396,    251.0013,     63.1676,      3.4953,      0.0000,     -0.0313,      0.3059,      0.1265,      5.6375,     11.2750,      1.1180,     28.8912,     57.7824,      0.0194,      0.0002,      0.0156,      0.2116,   7903.8550,-420318.8438,   -912.5757,    556.4487,  26346.1797,
       1,     169,     339,       6,       1,       3,       1,     10.0000,      1.4095,     42.7396,    251.0013,     63.1676,      3.4953,      0.0000,     -0.0313,      0.2997,      0.1260,      5.6375,     11.2750,      1.1134,     28.8912,     57.7824,      0.0194,      0.0002,      0.0156,      0.2116,   7903.8540,-420173.2188,   -912.5513,    556.4589,  26346.1797,
       1,     169,     339,       7,       1,       3,       1,     10.0000,      1.4095,     42.7396,    251.0013,     63.1676,      3.4953,      0.0000,     -0.0312,      0.3861,      0.1228,      5.6375,     11.2750,      1.0854,     28.8912,     57.7824,      0.0194,      0.0003,      0.0156,      0.2116,   7903.8540,-420153.4375,   -912.5492,    556.4602,  26346.1797,
       1,     169,     339,       8,       1,       3,       1,     10.0000,      1.4095,     42.7396,    251.0013,     63.1676,      3.4953,      0.0076,     -0.0235,      0.3289,      0.1220,      5.6375,     11.2750,      1.0777,     28.8912,     57.7824,      0.0194,      0.0003,      0.0156,      0.2116,   7903.8540,-420255.7188,   -912.5820,    556.4531,  26346.1816,
       1,     169,     339,       9,       1,       3,       1,     10.0000,      1.4095,     42.7396,    251.0013,     63.1676,      3.4953,      0.0966,      0.0652,      2.2988,      0.1276,      5.6375,     11.2750,      1.1271,     28.8912,     57.7824,      0.0194,      0.0002,      0.1180,      0.2116,   7903.8550,-420195.3750,   -912.5941,    556.4573,  26346.1777,
       1,     169,     339,      10,       1,       3,       1,     10.0000,      1.4095,     42.7396,    251.0013,     63.1676,      3.4953,      0.0981,      0.0659,      2.9595,      0.1523,      5.6375,     11.2750,      1.3456,     28.8912,     57.7824,      0.0194,      0.0003,      0.1197,      0.2116,   7903.8535,-422560.6562,   -913.2122,    556.2928,  26346.1797,
       1,     169,     339,      11,       1,       3,       1,     10.0000,      1.4095,     42.7396,    251.0013,     63.1676,      3.4953,      0.1559,      0.1231,      5.4627,      0.1677,      5.6375,     11.2750,      1.4817,     28.8912,     57.7824,      0.0194,      0.0003,      0.2023,      0.2116,   7903.8540,-423553.0625,   -913.6603,    556.2237,  26346.1797,
       1,     169,     339,      12,       1,       3,       1,     10.0000,      1.4095,     42.7396,    251.0013,     63.1676,      3.4953,      0.1691,      0.1358,      6.4633,      0.1818,      5.6375,     11.2750,      1.6063,     28.8912,     57.7824,      0.0194,      0.0004,      0.2211,      0.2116,   7903.8540,-426647.8750,   -914.8215,    556.0086,  26346.1797,
       1,     169,     339,      13,       1,       3,       1,     10.0000,      1.4095,     42.7396,    251.0013,     63.1676,      3.4953,      0.1765,      0.1430,      7.0650,      0.1886,      5.6375,     11.2750,      1.6665,     28.8912,     57.7824,      0.0194,      0.0004,      0.2317,      0.2116,   7903.8540,-428110.5625,   -915.7361,    555.9070,  26346.1777,
       1,     169,     339,      14,       1,       3,       1,     10.0000,      1.4095,     42.7396,    251.0013,     63.1676,      3.4953,      0.1843,      0.1510,     10.1022,      0.1816,      5.6375,     11.2750,      1.6047,     28.8912,     57.7824,      0.0194,      0.0005,      0.2426,      0.2116,   7903.8535,-428957.1875,   -916.6404,    555.8481,  26346.1816,
       1,     169,     339,      15,       1,       3,       1,     10.0000,      1.4095,     42.7396,    251.0013,     63.1676,      3.4953,      0.1766,      0.1434,     33.8810,      0.1818,      5.6375,     11.2750,      1.6063,     28.8912,     57.7824,      0.0194,      0.0018,      0.2289,      0.2116,   7903.8550,-432681.6562,   -918.0660,    555.5894,  26346.1797,
       1,     169,     339,      16,       1,       3,       1,     10.0000,      1.4095,     42.7396,    251.0013,     63.1676,      3.4953,      0.1417,      0.1083,     37.7963,      0.1858,      5.6375,     11.2750,      1.6419,     28.8912,     57.7824,      0.0194,      0.0026,      0.1781,      0.2116,   7903.8540,-461604.9688,   -924.2878,    553.5807,  26346.1816,
       1,     169,     339,      17,       1,       3,       1,     10.0000,      1.4095,     42.7396,    251.0013,     63.1676,      3.4953,      0.1014,      0.0673,     31.0801,      0.2094,      5.6375,     11.2750,      1.8506,     28.8912,     57.7824,      0.0194,      0.0031,      0.1203,      0.2115,   7903.8550,-468744.9062,   -926.3769,    553.0903,  26346.1797,
       1,     169,     339,      18,       1,       3,       1,     10.0000,      1.4095,     42.7396,    251.0013,     63.1676,      3.4953,      0.0586,      0.0249,     16.3402,      0.1970,      5.6375,     11.2750,      1.7408,     28.8912,     57.7824,      0.0194,      0.0033,      0.0603,      0.2115,   7903.8540,-461251.9688,   -925.6048,    553.6086,  26346.1797,
       1,     169,     339,      19,       1,       3,       1,     10.0000,      1.4095,     42.7396,    251.0013,     63.1676,      3.4953,      0.0452,      0.0122,      9.2087,      0.1726,      5.6375,     11.2750,      1.5252,     28.8912,     57.7824,      0.0194,      0.0026,      0.0424,      0.2115,   7903.8540,-442884.1250,   -922.6268,    554.8799,  26346.1797,
       1,     169,     339,      20,       1,       3,       1,     10.0000,      1.4095,     42.7396,    251.0013,     63.1676,      3.4953,      0.0010,     -0.0315,      3.3103,      0.1565,      5.6375,     11.2750,      1.3827,     28.8912,     57.7824,      0.0194,      0.0026,      0.0156,      0.2116,   7903.8540,-432772.1562,   -921.0582,    555.5827,  26346.1797,
       1,     169,     339,      21,       1,       3,       1,     10.0000,      1.4095,     42.7396,    251.0013,     63.1676,      3.4953,      0.0000,     -0.0323,      3.5900,      0.1518,      5.6375,     11.2750,      1.3416,     28.8912,     57.7824,      0.0194,      0.0028,      0.0156,      0.2116,   7903.8540,-424829.2812,   -919.7850,    556.1348,  26346.1777,
       1,     169,     339,      22,       1,       3,       1,     10.0000,      1.4095,     42.7396,    251.0013,     63.1676,      3.4953,      0.0000,     -0.0321,      4.7020,      0.1486,      5.6375,     11.2750,      1.3135,     28.8912,     57.7824,      0.0194,      0.0037,      0.0156,      0.2116,   7903.8535,-424502.1875,   -919.9393,    556.1578,  26346.1797,
       1,     169,     339,      23,       1,       3,       1,     10.0000,      1.4095,     42.7396,    251.0013,     63.1676,      3.4953,      0.0000,     -0.0319,      4.0288,      0.1422,      5.6375,     11.2750,      1.2564,     28.8912,     57.7824,      0.0194,      0.0031,      0.0156,      0.2116,   7903.8540,-425812.0312,   -920.4918,    556.0668,  26346.1797,
       1,     169,     339,      24,       1,       3,       1,     10.0000,      1.4095,     42.7396,    251.0013,     63.1676,      3.4953,      0.0000,     -0.0318,      2.8848,      0.1395,      5.6375,     11.2750,      1.2325,     28.8912,     57.7824,      0.0194,      0.0022,      0.0156,      0.2116,   7903.8540,-425111.5000,   -920.6147,    556.1154,  26346.1797,
       1,     169,     340,       1,       1,       3,       1,     10.0000,      1.4095,     42.7400,    251.0072,     63.1691,      3.4953,      0.0000,     -0.0316,      2.0237,      0.1338,      5.6377,     11.2753,      1.1823,     28.8863,     57.7726,      0.0194,      0.0016,      0.0156,      0.2116,   7903.8540,-423829.8750,   -920.7921,    556.2175,  26347.3438,
       1,     169,     340,       2,       1,       3,       1,     10.0000,      1.4095,     42.7400,    251.0072,     63.1691,      3.4953,      0.0000,     -0.0316,      1.3054,      0.1346,      5.6377,     11.2753,      1.1896,     28.8863,     57.7726,      0.0194,      0.0010,      0.0156,      0.2116,   7904.2036,-422536.2188,   -920.3745,    556.3074,  26347.3418,
       1,     169,     340,       3,       1,       3,       1,     10.0000,      1.4095,     42.7400,    251.0072,     63.1691,      3.4953,      0.0000,     -0.0316,      1.4414,      0.1350,      5.6377,     11.2753,      1.1932,     28.8863,     57.7726,      0.0194,      0.0011,      0.0156,      0.2116,   7904.2026,-421564.4062,   -920.2443,    556.3751,  26347.3418,
       1,     169,     340,       4,       1,       3,       1,     10.0000,      1.4095,     42.7400,    251.0072,     63.1691,      3.4953,      0.0000,     -0.0315,      0.9974,      0.1320,      5.6377,     11.2753,      1.1668,     28.8863,     57.7726,      0.0194,      0.0008,      0.0156,      0.2116,   7904.2026,-421646.5625,   -918.7277,    556.3694,  26347.3418,
       1,     169,     340,       5,       1,       3,       1,     10.0000,      1.4095,     42.7400,    251.0072,     63.1691,      3.4953,      0.0000,     -0.0315,      1.1417,      0.1310,      5.6377,     11.2753,      1.1574,     28.8863,     57.7726,      0.0194,      0.0009,      0.0156,      0.2116,   7904.2026,-421119.3750,   -916.6957,    556.4060,  26347.3418,
       1,     169,     340,       6,       1,       3,       1,     10.0000,      1.4095,     42.7400,    251.0072,     63.1691,      3.4953,      0.0000,     -0.0314,      0.5243,      0.1287,      5.6377,     11.2753,      1.1375,     28.8863,     57.7726,      0.0194,      0.0004,      0.0156,      0.2116,   7904.2026,-421248.7812,   -914.3696,    556.3970,  26347.3418,
       1,     169,     340,       7,       1,       3,       1,     10.0000,      1.4095,     42.7400,    251.0072,     63.1691,      3.4953,      0.0000,     -0.0314,      0.4040,      0.1293,      5.6377,     11.2753,      1.1422,     28.8863,     57.7726,      0.0194,      0.0003,      0.0156,      0.2116,   7904.2026,-420517.0312,   -914.2578,    556.4479,  26347.3418,
       1,     169,     340,       8,       1,       3,       1,     10.0000,      1.4095,     42.7400,    251.0072,     63.1691,      3.4953,      0.0061,     -0.0253,      0.4314,      0.1302,      5.6377,     11.2753,      1.1503,     28.8863,     57.7726,      0.0194,      0.0003,      0.0156,      0.2116,   7904.2026,-420311.0625,   -914.2305,    556.4622,  26347.3418,
       1,     169,     340,       9,       1,       3,       1,     10.0000,      1.4095,     42.7400,    251.0072,     63.1691,      3.4953,      0.1011,      0.0695,      2.6244,      0.1350,      5.6377,     11.2753,      1.1932,     28.8863,     57.7726,      0.0194,      0.0003,      0.1243,      0.2116,   7904.2026,-420326.9062,   -914.2626,    556.4612,  26347.3418,
       1,     169,     340,      10,       1,       3,       1,     10.0000,      1.4095,     42.7400,    251.0072,     63.1691,      3.4953,      0.1695,      0.1370,      5.7461,      0.1569,      5.6377,     11.2753,      1.3869,     28.8863,     57.7726,      0.0194,      0.0003,      0.2216,      0.2116,   7904.2026,-422966.0000,   -915.0489,    556.2776,  26347.3418,
       1,     169,     340,      11,       1,       3,       1,     10.0000,      1.4095,     42.7400,    251.0072,     63.1691,      3.4953,      0.1892,      0.1558,      8.2722,      0.1879,      5.6377,     11.2753,      1.6599,     28.8863,     57.7726,      0.0194,      0.0004,      0.2500,      0.2116,   7904.2026,-426942.1250,   -916.4756,    556.0012,  26347.3418,
       1,     169,     340,      12,       1,       3,       1,     10.0000,      1.4095,     42.7400,    251.0072,     63.1691,      3.4953,      0.1893,      0.1557,      9.2350,      0.1924,      5.6377,     11.2753,      1.6999,     28.8863,     57.7726,      0.0194,      0.0004,      0.2500,      0.2116,   7904.2026,-430313.7188,   -918.3351,    555.7668,  26347.3398,
       1,     169,     340,      13,       1,       3,       1,     10.0000,      1.4095,     42.7400,    251.0072,     63.1691,      3.4953,      0.1892,      0.1557,      7.7071,      0.1893,      5.6377,     11.2753,      1.6732,     28.8863,     57.7726,      0.0194,      0.0004,      0.2500,      0.2116,   7904.2021,-431754.2500,   -919.8456,    555.6669,  26347.3438,
       1,     169,     340,      14,       1,       3,       1,     10.0000,      1.4095,     42.7400,    251.0072,     63.1691,      3.4953,      0.1895,      0.1556,     12.2792,      0.2003,      5.6377,     11.2753,      1.7703,     28.8863,     57.7726,      0.0194,      0.0006,      0.2500,      0.2116,   7904.2036,-430035.8438,   -920.5043,    555.7862,  26347.3418,
       1,     169,     340,      15,       1,       3,       1,     10.0000,      1.4095,     42.7400,    251.0072,     63.1691,      3.4953,      0.1910,      0.1578,     29.0305,      0.1775,      5.6377,     11.2753,      1.5685,     28.8863,     57.7726,      0.0194,      0.0014,      0.2500,      0.2116,   7904.2026,-435393.0938,   -922.6648,    555.4141,  26347.3418,
       1,     169,     340,      16,       1,       3,       1,     10.0000,      1.4095,     42.7400,    251.0072,     63.1691,      3.4953,      0.1857,      0.1530,     66.2466,      0.1645,      5.6377,     11.2753,      1.4538,     28.8863,     57.7726,      0.0194,      0.0034,      0.2381,      0.2116,   7904.2026,-455995.4062,   -927.6641,    553.9838,  26347.3438,
       1,     169,     340,      17,       1,       3,       1,     10.0000,      1.4095,     42.7400,    251.0072,     63.1691,      3.4953,      0.1837,      0.1510,     69.4773,      0.1663,      5.6377,     11.2753,      1.4699,     28.8863,     57.7726,      0.0194,      0.0036,      0.2349,      0.2116,   7904.2036,-502511.2188,   -937.4520,    550.7646,  26347.3418,
       1,     169,     340,      18,       1,       3,       1,     10.0000,      1.4095,     42.7400,    251.0072,     63.1691,      3.4953,      0.1581,      0.1257,     51.5875,      0.1563,      5.6377,     11.2753,      1.3813,     28.8863,     57.7726,      0.0194,      0.0031,      0.2001,      0.2115,   7904.2026,-510308.8750,   -939.8251,    550.2370,  26347.3418,
       1,     169,     340,      19,       1,       3,       1,     10.0000,      1.4095,     42.7400,    251.0072,     63.1691,      3.4953,      0.0621,      0.0299,     20.7516,      0.1497,      5.6377,     11.2753,      1.3228,     28.8863,     57.7726,      0.0194,      0.0038,      0.0661,      0.2115,   7904.2026,-489400.2188,   -936.4714,    551.6754,  26347.3418,
       1,     169,     340,      20,       1,       3,       1,     10.0000,      1.4095,     42.7400,    251.0072,     63.1691,      3.4953,      0.0013,     -0.0307,      3.4873,      0.1448,      5.6377,     11.2753,      1.2795,     28.8863,     57.7726,      0.0194,      0.0027,      0.0156,      0.2115,   7904.2026,-450533.4062,   -929.3505,    554.3574,  26347.3398,
       1,     169,     340,      21,       1,       3,       1,     10.0000,      1.4095,     42.7400,    251.0072,     63.1691,      3.4953,      0.0000,     -0.0319,      2.6334,      0.1428,      5.6377,     11.2753,      1.2615,     28.8863,     57.7726,      0.0194,      0.0021,      0.0156,      0.2116,   7904.2021,-426532.6250,   -924.8604,    556.0272,  26347.3418,
       1,     169,     340,      22,       1,       3,       1,     10.0000,      1.4095,     42.7400,    251.0072,     63.1691,      3.4953,      0.0000,     -0.0316,      2.6482,      0.1342,      5.6377,     11.2753,      1.1859,     28.8863,     57.7726,      0.0194,      0.0021,      0.0156,      0.2116,   7904.2026,-423499.0000,   -910.9493,    556.2405,  26347.3418,
       1,     169,     340,      23,       1,       3,       1,     10.0000,      1.4095,     42.7400,    251.0072,     63.1691,      3.4953,      0.0000,     -0.0317,      2.1964,      0.1354,      5.6377,     11.2753,      1.1968,     28.8863,     57.7726,      0.0194,      0.0017,      0.0156,      0.2116,   7904.2026,-423260.1875,   -911.1730,    556.2571,  26347.3418,
       1,     169,     340,      24,       1,       3,       1,     10.0000,      1.4095,     42.7400,    251.0072,     63.1691,      3.4953,      0.0000,     -0.0317,      1.9490,      0.1359,      5.6377,     11.2753,      1.2005,     28.8863,     57.7726,      0.0194,      0.0015,      0.0156,      0.2116,   7904.2026,-422696.6562,   -911.2707,    556.2963,  26347.3398,
       1,     169,     341,       1,       1,       3,       1,     10.0000,      1.4095,     42.7403,    251.0130,     63.1706,      3.4953,      0.0000,     -0.0318,      1.5270,      0.1379,      5.6373,     11.2747,      1.2189,     28.8915,     57.7829,      0.0194,      0.0012,      0.0156,      0.2116,   7904.2021,-422505.6250,   -911.6829,    556.3226,  26348.5098,
       1,     169,     341,       2,       1,       3,       1,     10.0000,      1.4095,     42.7403,    251.0130,     63.1706,      3.4953,      0.0000,     -0.0316,      0.7473,      0.1331,      5.6373,     11.2747,      1.1764,     28.8915,     57.7829,      0.0194,      0.0006,      0.0156,      0.2116,   7904.5532,-421830.9062,   -911.4623,    556.3695,  26348.5098,
       1,     169,     341,       3,       1,       3,       1,     10.0000,      1.4095,     42.7403,    251.0130,     63.1706,      3.4953,      0.0000,     -0.0315,      0.3651,      0.1302,      5.6373,     11.2747,      1.1504,     28.8915,     57.7829,      0.0194,      0.0003,      0.0156,      0.2116,   7904.5532,-420836.5312,   -911.3439,    556.4386,  26348.5117,
       1,     169,     341,       4,       1,       3,       1,     10.0000,      1.4095,     42.7403,    251.0130,     63.1706,      3.4953,      0.0000,     -0.0314,      0.3099,      0.1289,      5.6373,     11.2747,      1.1387,     28.8915,     57.7829,      0.0194,      0.0002,      0.0156,      0.2116,   7904.5537,-420293.6562,   -911.2516,    556.4764,  26348.5098,
       1,     169,     341,       5,       1,       3,       1,     10.0000,      1.4095,     42.7403,    251.0130,     63.1706,      3.4953,      0.0000,     -0.0312,      0.2935,      0.1237,      5.6373,     11.2747,      1.0932,     28.8915,     57.7829,      0.0194,      0.0002,      0.0156,      0.2116,   7904.5532,-420181.9062,   -911.2332,    556.4842,  26348.5098,
       1,     169,     341,       6,       1,       3,       1,     10.0000,      1.4095,     42.7403,    251.0130,     63.1706,      3.4953,      0.0000,     -0.0312,      0.2918,      0.1231,      5.6373,     11.2747,      1.0877,     28.8915,     57.7829,      0.0194,      0.0002,      0.0156,      0.2116,   7904.5532,-420152.8438,   -911.2294,    556.4862,  26348.5098,
       1,     169,     341,       7,       1,       3,       1,     10.0000,      1.4095,     42.7403,    251.0130,     63.1706,      3.4953,      0.0000,     -0.0311,      0.2857,      0.1208,      5.6373,     11.2747,      1.0679,     28.8915,     57.7829,      0.0194,      0.0002,      0.0156,      0.2116,   7904.5532,-420148.3750,   -911.2297,    556.4865,  26348.5098,
       1,     169,     341,       8,       1,       3,       1,     10.0000,      1.4095,     42.7403,    251.0130,     63.1706,      3.4953,      0.0063,     -0.0248,      0.2861,      0.1210,      5.6373,     11.2747,      1.0690,     28.8915,     57.7829,      0.0194,      0.0002,      0.0156,      0.2116,   7904.5532,-420140.7500,   -911.2299,    556.4871,  26348.5098,
       1,     169,     341,       9,       1,       3,       1,     10.0000,      1.4095,     42.7403,    251.0130,     63.1706,      3.4953,      0.1136,      0.0822,      2.8174,      0.1286,      5.6373,     11.2747,      1.1364,     28.8915,     57.7829,      0.0194,      0.0002,      0.1421,      0.2116,   7904.5532,-420140.3438,   -911.2596,    556.4871,  26348.5117,
       1,     169,     341,      10,       1,       3,       1,     10.0000,      1.4095,     42.7403,    251.0130,     63.1706,      3.4953,      0.1742,      0.1420,      5.3193,      0.1491,      5.6373,     11.2747,      1.3175,     28.8915,     57.7829,      0.0194,      0.0003,      0.2284,      0.2116,   7904.5537,-423184.8438,   -912.3351,    556.2753,  26348.5117,
       1,     169,     341,      11,       1,       3,       1,     10.0000,      1.4095,     42.7403,    251.0130,     63.1706,      3.4953,      0.1893,      0.1565,      6.5627,      0.1655,      5.6373,     11.2747,      1.4626,     28.8915,     57.7829,      0.0194,      0.0003,      0.2500,      0.2116,   7904.5537,-426448.7812,   -914.0483,    556.0484,  26348.5098,
       1,     169,     341,      12,       1,       3,       1,     10.0000,      1.4095,     42.7403,    251.0130,     63.1706,      3.4953,      0.1892,      0.1560,      7.2170,      0.1798,      5.6373,     11.2747,      1.5889,     28.8915,     57.7829,      0.0194,      0.0004,      0.2500,      0.2116,   7904.5532,-428217.6875,   -915.8013,    555.9255,  26348.5098,
       1,     169,     341,      13,       1,       3,       1,     10.0000,      1.4095,     42.7403,    251.0130,     63.1706,      3.4953,      0.1892,      0.1555,      7.9021,      0.1935,      5.6373,     11.2747,      1.7101,     28.8915,     57.7829,      0.0194,      0.0004,      0.2500,      0.2116,   7904.5532,-429152.7188,   -917.3007,    555.8605,  26348.5098,
       1,     169,     341,      14,       1,       3,       1,     10.0000,      1.4095,     42.7403,    251.0130,     63.1706,      3.4953,      0.1896,      0.1552,     15.7717,      0.2204,      5.6373,     11.2747,      1.9478,     28.8915,     57.7829,      0.0194,      0.0008,      0.2500,      0.2116,   7904.5532,-430054.9688,   -918.7363,    555.7979,  26348.5078,
       1,     169,     341,      15,       1,       3,       1,     10.0000,      1.4095,     42.7403,    251.0130,     63.1706,      3.4953,      0.1915,      0.1568,     40.0614,      0.2297,      5.6373,     11.2747,      2.0297,     28.8915,     57.7829,      0.0194,      0.0019,      0.2500,      0.2116,   7904.5527,-439597.2188,   -921.9118,    555.1349,  26348.5078,
       1,     169,     341,      16,       1,       3,       1,     10.0000,      1.4095,     42.7403,    251.0130,     63.1706,      3.4953,      0.1881,      0.1537,     55.9888,      0.2181,      5.6373,     11.2747,      1.9269,     28.8915,     57.7829,      0.0194,      0.0028,      0.2431,      0.2116,   7904.5527,-469618.1562,   -928.9428,    553.0521,  26348.5117,
       1,     169,     341,      17,       1,       3,       1,     10.0000,      1.4095,     42.7403,    251.0130,     63.1706,      3.4953,      0.1753,      0.1413,     56.1421,      0.2082,      5.6373,     11.2747,      1.8398,     28.8915,     57.7829,      0.0194,      0.0030,      0.2246,      0.2116,   7904.5537,-491305.9062,   -934.0964,    551.5568,  26348.5098,
       1,     169,     341,      18,       1,       3,       1,     10.0000,      1.4095,     42.7403,    251.0130,     63.1706,      3.4953,      0.1519,      0.1184,     54.0842,      0.1875,      5.6373,     11.2747,      1.6567,     28.8915,     57.7829,      0.0194,      0.0034,      0.1909,      0.2116,   7904.5532,-493300.6875,   -935.2477,    551.4211,  26348.5078,
       1,     169,     341,      19,       1,       3,       1,     10.0000,      1.4095,     42.7403,    251.0130,     63.1706,      3.4953,      0.0320,     -0.0005,      8.8117,      0.1582,      5.6373,     11.2747,      1.3981,     28.8915,     57.7829,      0.0194,      0.0044,      0.0241,      0.2116,   7904.5527,-490987.3750,   -935.4286,    551.5806,  26348.5098,
       1,     169,     341,      20,       1,       3,       1,     10.0000,      1.4095,     42.7403,    251.0130,     63.1706,      3.4953,      0.0015,     -0.0302,      5.7171,      0.1381,      5.6373,     11.2747,      1.2201,     28.8915,     57.7829,      0.0194,      0.0045,      0.0156,      0.2116,   7904.5532,-436286.5625,   -913.7280,    555.3522,  26348.5098,
       1,     169,     341,      21,       1,       3,       1,     10.0000,      1.4095,     42.7403,    251.0130,     63.1706,      3.4953,      0.0000,     -0.0315,      4.8308,      0.1311,      5.6373,     11.2747,      1.1586,     28.8915,     57.7829,      0.0194,      0.0038,      0.0156,      0.2116,   7904.5532,-428037.9688,   -912.2421,    555.9377,  26348.5098,
       1,     169,     341,      22,       1,       3,       1,     10.0000,      1.4095,     42.7403,    251.0130,     63.1706,      3.4953,      0.0000,     -0.0314,      4.5812,      0.1282,      5.6373,     11.2747,      1.1330,     28.8915,     57.7829,      0.0194,      0.0036,      0.0156,      0.2116,   7904.5532,-426267.6250,   -912.3594,    556.0610,  26348.5098,
       1,     169,     341,      23,       1,       3,       1,     10.0000,      1.4095,     42.7403,    251.0130,     63.1706,      3.4953,      0.0000,     -0.0313,      3.3824,      0.1273,      5.6373,     11.2747,      1.1249,     28.8915,     57.7829,      0.0194,      0.0026,      0.0156,      0.2116,   7904.5532,-425819.0312,   -912.8891,    556.0922,  26348.5098,
       1,     169,     341,      24,       1,       3,       1,     10.0000,      1.4095,     42.7403,    251.0130,     63.1706,      3.4953,      0.0000,     -0.0314,      1.8711,      0.1280,      5.6373,     11.2747,      1.1306,     28.8915,     57.7829,      0.0194,      0.0015,      0.0156,      0.2116,   7904.5532,-424339.6250,   -912.9850,    556.1950,  26348.5117,
       1,     169,     342,       1,       1,       3,       1,     10.0000,      1.4095,     42.7406,    251.0189,     63.1720,      3.4953,      0.0000,     -0.0314,      0.3064,      0.1285,      5.6368,     11.2736,      1.1353,     28.8959,     57.7919,      0.0194,      0.0002,      0.0156,      0.2117,   7904.5537,-422551.3125,   -913.1227,    556.3323,  26349.6758,
       1,     169,     342,       2,       1,       3,       1,     10.0000,      1.4095,     42.7406,    251.0189,     63.1720,      3.4953,      0.0000,     -0.0314,      0.3057,      0.1282,      5.6368,     11.2736,      1.1330,     28.8959,     57.7919,      0.0194,      0.0002,      0.0156,      0.2117,   7904.9028,-420369.5000,   -912.4706,    556.4840,  26349.6738,
       1,     169,     342,       3,       1,       3,       1,     10.0000,      1.4095,     42.7406,    251.0189,     63.1720,      3.4953,      0.0000,     -0.0314,      0.3162,      0.1285,      5.6368,     11.2736,      1.1353,     28.8959,     57.7919,      0.0194,      0.0002,      0.0156,      0.2117,   7904.9023,-420186.3750,   -912.4389,    556.4968,  26349.6777,
       1,     169,     342,       4,       1,       3,       1,     10.0000,      1.4095,     42.7406,    251.0189,     63.1720,      3.4953,      0.0000,     -0.0313,      0.3121,      0.1261,      5.6368,     11.2736,      1.1147,     28.8959,     57.7919,      0.0194,      0.0002,      0.0156,      0.2117,   7904.9038,-420183.2500,   -910.0783,    556.4969,  26349.6719,
       1,     169,     342,       5,       1,       3,       1,     10.0000,      1.4095,     42.7406,    251.0189,     63.1720,      3.4953,      0.0000,     -0.0312,      0.3537,      0.1247,      5.6368,     11.2736,      1.1022,     28.8959,     57.7919,      0.0194,      0.0003,      0.0156,      0.2117,   7904.9019,-420178.8750,   -910.0825,    556.4973,  26349.6758,
       1,     169,     342,       6,       1,       3,       1,     10.0000,      1.4095,     42.7406,    251.0189,     63.1720,      3.4953,      0.0000,     -0.0311,      0.2884,      0.1218,      5.6368,     11.2736,      1.0767,     28.8959,     57.7919,      0.0194,      0.0002,      0.0156,      0.2117,   7904.9028,-420228.0312,   -910.0996,    556.4938,  26349.6758,
       1,     169,     342,       7,       1,       3,       1,     10.0000,      1.4095,     42.7406,    251.0189,     63.1720,      3.4953,      0.0000,     -0.0310,      0.2827,      0.1197,      5.6368,     11.2736,      1.0581,     28.8959,     57.7919,      0.0194,      0.0002,      0.0156,      0.2117,   7904.9028,-420153.5625,   -910.0874,    556.4990,  26349.6758,
       1,     169,     342,       8,       1,       3,       1,     10.0000,      1.4095,     42.7406,    251.0189,     63.1720,      3.4953,      0.0154,     -0.0157,      0.0550,      0.1207,      5.6368,     11.2736,      1.0668,     28.8959,     57.7919,      0.0194,      0.0002,      0.0030,      0.2117,   7904.9028,-420140.5312,   -910.0864,    556.4999,  26349.6777,
       1,     169,     342,       9,       1,       3,       1,     10.0000,      1.4095,     42.7406,    251.0189,     63.1720,      3.4953,      0.1107,      0.0794,      2.6386,      0.1254,      5.6368,     11.2736,      1.1079,     28.8959,     57.7919,      0.0194,      0.0002,      0.1381,      0.2117,   7904.9038,-419865.3750,   -910.0764,    556.5191,  26349.6758,
       1,     169,     342,      10,       1,       3,       1,     10.0000,      1.4095,     42.7406,    251.0189,     63.1720,      3.4953,      0.1494,      0.1170,      4.7264,      0.1559,      5.6368,     11.2736,      1.3772,     28.8959,     57.7919,      0.0194,      0.0003,      0.1929,      0.2117,   7904.9028,-422949.5312,   -910.9501,    556.3045,  26349.6738,
       1,     169,     342,      11,       1,       3,       1,     10.0000,      1.4095,     42.7406,    251.0189,     63.1720,      3.4953,      0.1642,      0.1308,      6.3058,      0.1831,      5.6368,     11.2736,      1.6177,     28.8959,     57.7919,      0.0194,      0.0004,      0.2140,      0.2117,   7904.9023,-425718.7500,   -912.5886,    556.1120,  26349.6758,
       1,     169,     342,      12,       1,       3,       1,     10.0000,      1.4095,     42.7406,    251.0189,     63.1720,      3.4953,      0.1892,      0.1555,      7.9424,      0.1955,      5.6368,     11.2736,      1.7271,     28.8959,     57.7919,      0.0194,      0.0004,      0.2500,      0.2117,   7904.9028,-427849.7188,   -913.9470,    555.9639,  26349.6777,
       1,     169,     342,      13,       1,       3,       1,     10.0000,      1.4095,     42.7406,    251.0189,     63.1720,      3.4953,      0.1775,      0.1436,      7.7466,      0.2031,      5.6368,     11.2736,      1.7950,     28.8959,     57.7919,      0.0194,      0.0004,      0.2333,      0.2117,   7904.9038,-429996.1562,   -915.9534,    555.8148,  26349.6758,
       1,     169,     342,      14,       1,       3,       1,     10.0000,      1.4095,     42.7406,    251.0189,     63.1720,      3.4953,      0.1894,      0.1552,     11.5260,      0.2097,      5.6368,     11.2736,      1.8526,     28.8959,     57.7919,      0.0194,      0.0006,      0.2500,      0.2116,   7904.9028,-429940.3750,   -916.9929,    555.8187,  26349.6777,
       1,     169,     342,      15,       1,       3,       1,     10.0000,      1.4095,     42.7406,    251.0189,     63.1720,      3.4953,      0.1916,      0.1585,     45.6515,      0.1745,      5.6368,     11.2736,      1.5422,     28.8959,     57.7919,      0.0194,      0.0022,      0.2489,      0.2116,   7904.9038,-434481.2188,   -919.5391,    555.5032,  26349.6758,
       1,     169,     342,      16,       1,       3,       1,     10.0000,      1.4095,     42.7406,    251.0189,     63.1720,      3.4953,      0.1441,      0.1123,     45.5068,      0.1401,      5.6368,     11.2736,      1.2376,     28.8959,     57.7919,      0.0194,      0.0031,      0.1808,      0.2116,   7904.9028,-475908.9688,   -928.4672,    552.6266,  26349.6758,
       1,     169,     342,      17,       1,       3,       1,     10.0000,      1.4095,     42.7406,    251.0189,     63.1720,      3.4953,      0.1671,      0.1355,     64.4675,      0.1338,      5.6368,     11.2736,      1.1824,     28.8959,     57.7919,      0.0194,      0.0037,      0.2114,      0.2116,   7904.9028,-479215.8750,   -922.0208,    552.4056,  26349.5898,
       1,     169,     342,      18,       1,       3,       1,     10.0000,      1.4095,     42.7406,    251.0189,     63.1720,      3.4953,      0.1526,      0.1213,     63.9584,      0.1274,      5.6368,     11.2736,      1.1261,     28.8959,     57.7919,      0.0194,      0.0041,      0.1908,      0.2116,   7904.8774,-502314.5000,   -926.7042,    550.8107,  26349.5449,
       1,     169,     342,      19,       1,       3,       1,     10.0000,      1.4095,     42.7406,    251.0189,     63.1720,      3.4953,      0.0313,     -0.0002,      8.2991,      0.1317,      5.6368,     11.2736,      1.1633,     28.8959,     57.7919,      0.0194,      0.0042,      0.0241,      0.2116,   7904.8638,-503639.2812,   -926.8943,    550.7217,  26349.5430,
       1,     169,     342,      20,       1,       3,       1,     10.0000,      1.4095,     42.7406,    251.0189,     63.1720,      3.4953,      0.0027,     -0.0287,      3.1348,      0.1274,      5.6368,     11.2736,      1.1261,     28.8959,     57.7919,      0.0194,      0.0024,      0.0156,      0.2116,   7904.8633,-436728.6562,   -915.2744,    555.3279,  26349.6738,
       1,     169,     342,      21,       1,       3,       1,     10.0000,      1.4095,     42.7406,    251.0189,     63.1720,      3.4953,      0.0000,     -0.0314,      0.6361,      0.1286,      5.6368,     11.2736,      1.1364,     28.8959,     57.7919,      0.0194,      0.0005,      0.0156,      0.2116,   7904.9023,-424978.7188,   -913.3560,    556.1628,  26349.6758,
       1,     169,     342,      22,       1,       3,       1,     10.0000,      1.4095,     42.7406,    251.0189,     63.1720,      3.4953,      0.0000,     -0.0314,      0.3181,      0.1274,      5.6368,     11.2736,      1.1261,     28.8959,     57.7919,      0.0194,      0.0002,      0.0156,      0.2117,   7904.9028,-420969.6875,   -910.2629,    556.4423,  26349.6738,
       1,     169,     342,      23,       1,       3,       1,     10.0000,      1.4095,     42.7406,    251.0189,     63.1720,      3.4953,      0.0000,     -0.0313,      0.4246,      0.1259,      5.6368,     11.2736,      1.1124,     28.8959,     57.7919,      0.0194,      0.0003,      0.0156,      0.2117,   7904.9023,-420251.5000,   -910.0926,    556.4922,  26349.6777,
       1,     169,     342,      24,       1,       3,       1,     10.0000,      1.4095,     42.7406,    251.0189,     63.1720,      3.4953,      0.0000,     -0.0311,      0.3841,      0.1222,      5.6368,     11.2736,      1.0800,     28.8959,     57.7919,      0.0194,      0.0003,      0.0156,      0.2117,   7904.9038,-420319.1250,   -910.1254,    556.4875,  26349.6758,
       1,     169,     343,       1,       1,       3,       1,     10.0000,      1.4096,     42.7410,    251.0247,     63.1735,      3.4953,      0.0000,     -0.0310,      0.2808,      0.1190,      5.6377,     11.2753,      1.0517,     28.8981,     57.7962,      0.0194,      0.0002,      0.0156,      0.2117,   7904.9028,-420429.8750,   -910.4188,    556.4928,  26350.8418,
       1,     169,     343,       2,       1,       3,       1,     10.0000,      1.4096,     42.7410,    251.0247,     63.1735,      3.4953,      0.0000,     -0.0310,      0.2874,      0.1180,      5.6377,     11.2753,      1.0431,     28.8981,     57.7962,      0.0194,      0.0002,      0.0156,      0.2117,   7905.2529,-420164.2188,   -910.1199,    556.5113,  26350.8418,
       1,     169,     343,       3,       1,       3,       1,     10.0000,      1.4096,     42.7410,    251.0247,     63.1735,      3.4953,      0.0000,     -0.0309,      0.2737,      0.1164,      5.6377,     11.2753,      1.0282,     28.8981,     57.7962,      0.0194,      0.0002,      0.0156,      0.2117,   7905.2529,-420149.9688,   -910.1196,    556.5123,  26350.8418,
       1,     169,     343,       4,       1,       3,       1,     10.0000,      1.4096,     42.7410,    251.0247,     63.1735,      3.4953,      0.0000,     -0.0309,      0.2737,      0.1164,      5.6377,     11.2753,      1.0282,     28.8981,     57.7962,      0.0194,      0.0002,      0.0156,      0.2117,   7905.2529,-420132.2188,   -910.1177,    556.5135,  26350.8418,
       1,     169,     343,       5,       1,       3,       1,     10.0000,      1.4096,     42.7410,    251.0247,     63.1735,      3.4953,      0.0000,     -0.0308,      0.2673,      0.1140,      5.6377,     11.2753,      1.0074,     28.8981,     57.7962,      0.0194,      0.0002,      0.0156,      0.2117,   7905.2529,-420130.7188,   -910.1187,    556.5135,  26350.8418,
       1,     169,     343,       6,       1,       3,       1,     10.0000,      1.4096,     42.7410,    251.0247,     63.1735,      3.4953,      0.0000,     -0.0309,      0.2737,      0.1164,      5.6377,     11.2753,      1.0282,     28.8981,     57.7962,      0.0194,      0.0002,      0.0156,      0.2117,   7905.2529,-420123.0938,   -910.1186,    556.5142,  26350.8418,
       1,     169,     343,       7,       1,       3,       1,     10.0000,      1.4096,     42.7410,    251.0247,     63.1735,      3.4953,      0.0000,     -0.0310,      0.2791,      0.1184,      5.6377,     11.2753,      1.0463,     28.8981,     57.7962,      0.0194,      0.0002,      0.0156,      0.2117,   7905.2529,-420129.9688,   -910.1211,    556.5136,  26350.8398,
       1,     169,     343,       8,       1,       3,       1,     10.0000,      1.4096,     42.7410,    251.0247,     63.1735,      3.4953,      0.0045,     -0.0266,      0.2831,      0.1199,      5.6377,     11.2753,      1.0592,     28.8981,     57.7962,      0.0194,      0.0002,      0.0156,      0.2117,   7905.2524,-420137.3750,   -910.1238,    556.5132,  26350.8418,
       1,     169,     343,       9,       1,       3,       1,     10.0000,      1.4096,     42.7410,    251.0247,     63.1735,      3.4953,      0.1077,      0.0765,      2.5405,      0.1246,      5.6377,     11.2753,      1.1011,     28.8981,     57.7962,      0.0194,      0.0002,      0.1339,      0.2117,   7905.2529,-420142.4375,   -910.1378,    556.5128,  26350.8438,
       1,     169,     343,      10,       1,       3,       1,     10.0000,      1.4096,     42.7410,    251.0247,     63.1735,      3.4953,      0.1802,      0.1481,      5.3539,      0.1452,      5.6377,     11.2753,      1.2835,     28.8981,     57.7962,      0.0194,      0.0003,      0.2369,      0.2117,   7905.2534,-422857.2188,   -910.9116,    556.3239,  26350.8418,
       1,     169,     343,      11,       1,       3,       1,     10.0000,      1.4096,     42.7410,    251.0247,     63.1735,      3.4953,      0.1893,      0.1567,      6.8610,      0.1613,      5.6377,     11.2753,      1.4251,     28.8981,     57.7962,      0.0194,      0.0003,      0.2500,      0.2117,   7905.2529,-426467.8125,   -912.6138,    556.0729,  26350.8438,
       1,     169,     343,      12,       1,       3,       1,     10.0000,      1.4096,     42.7410,    251.0247,     63.1735,      3.4953,      0.1892,      0.1557,      7.6150,      0.1884,      5.6377,     11.2753,      1.6650,     28.8981,     57.7962,      0.0194,      0.0004,      0.2500,      0.2117,   7905.2534,-428582.0000,   -914.1405,    555.9260,  26350.8418,
       1,     169,     343,      13,       1,       3,       1,     10.0000,      1.4096,     42.7410,    251.0247,     63.1735,      3.4953,      0.1891,      0.1550,      8.5703,      0.2088,      5.6377,     11.2753,      1.8453,     28.8981,     57.7962,      0.0194,      0.0004,      0.2500,      0.2117,   7905.2529,-429665.6562,   -915.7950,    555.8506,  26350.8418,
       1,     169,     343,      14,       1,       3,       1,     10.0000,      1.4096,     42.7410,    251.0247,     63.1735,      3.4953,      0.1893,      0.1552,     10.1072,      0.2074,      5.6377,     11.2753,      1.8327,     28.8981,     57.7962,      0.0194,      0.0005,      0.2500,      0.2117,   7905.2529,-430905.2188,   -917.2134,    555.7646,  26350.8418,
       1,     169,     343,      15,       1,       3,       1,     10.0000,      1.4096,     42.7410,    251.0247,     63.1735,      3.4953,      0.1907,      0.1565,     28.3645,      0.2113,      5.6377,     11.2753,      1.8673,     28.8981,     57.7962,      0.0194,      0.0014,      0.2500,      0.2117,   7905.2529,-432857.0000,   -917.0152,    555.6290,  26350.8418,
       1,     169,     343,      16,       1,       3,       1,     10.0000,      1.4096,     42.7410,    251.0247,     63.1735,      3.4953,      0.1919,      0.1593,     39.1913,      0.1621,      5.6377,     11.2753,      1.4322,     28.8981,     57.7962,      0.0194,      0.0019,      0.2500,      0.2117,   7905.2529,-454978.0000,   -922.9028,    554.0926,  26350.8438,
       1,     169,     343,      17,       1,       3,       1,     10.0000,      1.4096,     42.7410,    251.0247,     63.1735,      3.4953,      0.1940,      0.1624,     63.2084,      0.1348,      5.6377,     11.2753,      1.1909,     28.8981,     57.7962,      0.0194,      0.0031,      0.2500,      0.2117,   7905.2534,-469857.1562,   -926.9720,    553.0641,  26350.8418,
       1,     169,     343,      18,       1,       3,       1,     10.0000,      1.4096,     42.7410,    251.0247,     63.1735,      3.4953,      0.1503,      0.1190,     67.4779,      0.1252,      5.6377,     11.2753,      1.1068,     28.8981,     57.7962,      0.0194,      0.0044,      0.1871,      0.2116,   7905.2529,-499999.8438,   -926.5984,    550.9813,  26350.8418,
       1,     169,     343,      19,       1,       3,       1,     10.0000,      1.4096,     42.7410,    251.0247,     63.1735,      3.4953,      0.0479,      0.0167,     15.5544,      0.1258,      5.6377,     11.2753,      1.1113,     28.8981,     57.7962,      0.0194,      0.0040,      0.0473,      0.2116,   7905.2529,-507663.7188,   -927.6561,    550.4574,  26350.7051,
       1,     169,     343,      20,       1,       3,       1,     10.0000,      1.4096,     42.7410,    251.0247,     63.1735,      3.4953,      0.0011,     -0.0302,      5.2031,      0.1265,      5.6377,     11.2753,      1.1181,     28.8981,     57.7962,      0.0194,      0.0041,      0.0156,      0.2116,   7905.2119,-445797.0000,   -915.5342,    554.7145,  26350.8438,
       1,     169,     343,      21,       1,       3,       1,     10.0000,      1.4096,     42.7410,    251.0247,     63.1735,      3.4953,      0.0000,     -0.0312,      2.2427,      0.1242,      5.6377,     11.2753,      1.0978,     28.8981,     57.7962,      0.0194,      0.0017,      0.0156,      0.2117,   7905.2534,-428220.8750,   -912.1406,    555.9498,  26350.8418,
       1,     169,     343,      22,       1,       3,       1,     10.0000,      1.4096,     42.7410,    251.0247,     63.1735,      3.4953,      0.0000,     -0.0312,      0.5329,      0.1240,      5.6377,     11.2753,      1.0955,     28.8981,     57.7962,      0.0194,      0.0004,      0.0156,      0.2117,   7905.2529,-423176.3750,   -910.9109,    556.3016,  26350.8418,
       1,     169,     343,      23,       1,       3,       1,     10.0000,      1.4096,     42.7410,    251.0247,     63.1735,      3.4953,      0.0000,     -0.0312,      0.2945,      0.1241,      5.6377,     11.2753,      1.0966,     28.8981,     57.7962,      0.0194,      0.0002,      0.0156,      0.2117,   7905.2529,-420697.2188,   -910.4927,    556.4742,  26350.8418,
       1,     169,     343,      24,       1,       3,       1,     10.0000,      1.4096,     42.7410,    251.0247,     63.1735,      3.4953,      0.0000,     -0.0312,      0.2963,      0.1247,      5.6377,     11.2753,      1.1023,     28.8981,     57.7962,      0.0194,      0.0002,      0.0156,      0.2117,   7905.2529,-420203.0938,   -910.0806,    556.5085,  26350.8418,
       1,     169,     344,       1,       1,       3,       1,     10.0000,      1.4096,     42.7413,    251.0306,     63.1750,      3.4953,      0.0000,     -0.0312,      0.2959,      0.1246,      5.6372,     11.2744,      1.1012,     28.9037,     57.8075,      0.0194,      0.0002,      0.0156,      0.2117,   7905.2529,-420318.0312,   -910.3592,    556.5136,  26352.0078,
       1,     169,     344,       2,       1,       3,       1,     10.0000,      1.4096,     42.7413,    251.0306,     63.1750,      3.4953,      0.0000,     -0.0313,      0.3015,      0.1267,      5.6372,     11.2744,      1.1193,     28.9037,     57.8075,      0.0194,      0.0002,      0.0156,      0.2117,   7905.6025,-420176.2812,   -910.0835,    556.5234,  26352.0098,
       1,     169,     344,       3,       1,       3,       1,     10.0000,      1.4096,     42.7413,    251.0306,     63.1750,      3.4953,      0.0000,     -0.0312,      0.2945,      0.1241,      5.6372,     11.2744,      1.0967,     28.9037,     57.8075,      0.0194,      0.0002,      0.0156,      0.2117,   7905.6030,-420170.9688,   -910.0837,    556.5238,  26352.0098,
       1,     169,     344,       4,       1,       3,       1,     10.0000,      1.4096,     42.7413,    251.0306,     63.1750,      3.4953,      0.0000,     -0.0311,      0.2854,      0.1207,      5.6372,     11.2744,      1.0668,     28.9037,     57.8075,      0.0194,      0.0002,      0.0156,      0.2117,   7905.6030,-420162.1250,   -910.0837,    556.5244,  26352.0117,
       1,     169,     344,       5,       1,       3,       1,     10.0000,      1.4096,     42.7413,    251.0306,     63.1750,      3.4953,      0.0000,     -0.0311,      0.2888,      0.1220,      5.6372,     11.2744,      1.0778,     28.9037,     57.8075,      0.0194,      0.0002,      0.0156,      0.2117,   7905.6040,-420150.3438,   -910.0826,    556.5252,  26352.0117,
       1,     169,     344,       6,       1,       3,       1,     10.0000,      1.4096,     42.7413,    251.0306,     63.1750,      3.4953,      0.0000,     -0.0312,      0.2918,      0.1231,      5.6372,     11.2744,      1.0878,     28.9037,     57.8075,      0.0194,      0.0002,      0.0156,      0.2117,   7905.6040,-420153.3438,   -910.0707,    556.5250,  26352.0117,
       1,     169,     344,       7,       1,       3,       1,     10.0000,      1.4096,     42.7413,    251.0306,     63.1750,      3.4953,      0.0000,     -0.0312,      0.2956,      0.1245,      5.6372,     11.2744,      1.1000,     28.9037,     57.8075,      0.0194,      0.0002,      0.0156,      0.2117,   7905.6040,-420157.3125,   -910.0729,    556.5247,  26352.0117,
       1,     169,     344,       8,       1,       3,       1,     10.0000,      1.4096,     42.7413,    251.0306,     63.1750,      3.4953,      0.0053,     -0.0257,      0.2824,      0.1196,      5.6372,     11.2744,      1.0571,     28.9037,     57.8075,      0.0194,      0.0002,      0.0156,      0.2117,   7905.6040,-420162.0938,   -910.0754,    556.5243,  26352.0117,
       1,     169,     344,       9,       1,       3,       1,     10.0000,      1.4096,     42.7413,    251.0306,     63.1750,      3.4953,      0.0763,      0.0449,      1.7677,      0.1295,      5.6372,     11.2744,      1.1446,     28.9037,     57.8075,      0.0194,      0.0002,      0.0892,      0.2117,   7905.6040,-420146.8125,   -910.0899,    556.5255,  26352.0117,
       1,     169,     344,      10,       1,       3,       1,     10.0000,      1.4096,     42.7413,    251.0306,     63.1750,      3.4953,      0.1329,      0.1006,      4.0370,      0.1521,      5.6372,     11.2744,      1.3444,     28.9037,     57.8075,      0.0194,      0.0003,      0.1694,      0.2117,   7905.6040,-421931.2812,   -910.6575,    556.4013,  26352.0117,
       1,     169,     344,      11,       1,       3,       1,     10.0000,      1.4096,     42.7413,    251.0306,     63.1750,      3.4953,      0.1882,      0.1558,      6.0156,      0.1543,      5.6372,     11.2744,      1.3635,     28.9037,     57.8075,      0.0194,      0.0003,      0.2484,      0.2117,   7905.6040,-424808.9688,   -911.8197,    556.2012,  26352.0117,
       1,     169,     344,      12,       1,       3,       1,     10.0000,      1.4096,     42.7413,    251.0306,     63.1750,      3.4953,      0.1892,      0.1561,      7.1192,      0.1777,      5.6372,     11.2744,      1.5702,     28.9037,     57.8075,      0.0194,      0.0003,      0.2500,      0.2117,   7905.6040,-427428.8438,   -913.5438,    556.0190,  26352.0137,
       1,     169,     344,      13,       1,       3,       1,     10.0000,      1.4096,     42.7413,    251.0306,     63.1750,      3.4953,      0.1892,      0.1557,      7.6761,      0.1897,      5.6372,     11.2744,      1.6766,     28.9037,     57.8075,      0.0194,      0.0004,      0.2500,      0.2117,   7905.6045,-428974.5625,   -915.2413,    555.9117,  26352.0117,
       1,     169,     344,      14,       1,       3,       1,     10.0000,      1.4096,     42.7413,    251.0306,     63.1750,      3.4953,      0.1893,      0.1550,     11.4209,      0.2164,      5.6372,     11.2744,      1.9120,     28.9037,     57.8075,      0.0194,      0.0006,      0.2500,      0.2117,   7905.6040,-429773.8438,   -917.0095,    555.8561,  26352.0117,
       1,     169,     344,      15,       1,       3,       1,     10.0000,      1.4096,     42.7413,    251.0306,     63.1750,      3.4953,      0.1909,      0.1569,     30.1245,      0.2054,      5.6372,     11.2744,      1.8147,     28.9037,     57.8075,      0.0194,      0.0015,      0.2500,      0.2117,   7905.6040,-434343.6875,   -919.5464,    555.5386,  26352.0117,
       1,     169,     344,      16,       1,       3,       1,     10.0000,      1.4096,     42.7413,    251.0306,     63.1750,      3.4953,      0.1911,      0.1586,     28.1472,      0.1573,      5.6372,     11.2744,      1.3898,     28.9037,     57.8075,      0.0194,      0.0014,      0.2500,      0.2117,   7905.6040,-457218.1875,   -925.0352,    553.9503,  26352.0117,
       1,     169,     344,      17,       1,       3,       1,     10.0000,      1.4096,     42.7413,    251.0306,     63.1750,      3.4953,      0.1845,      0.1527,     48.0854,      0.1394,      5.6372,     11.2744,      1.2314,     28.9037,     57.8075,      0.0194,      0.0025,      0.2382,      0.2117,   7905.6040,-456756.5625,   -918.2272,    553.9845,  26352.0098,
       1,     169,     344,      18,       1,       3,       1,     10.0000,      1.4096,     42.7413,    251.0306,     63.1750,      3.4953,      0.1394,      0.1074,     47.2447,      0.1423,      5.6372,     11.2744,      1.2578,     28.9037,     57.8075,      0.0194,      0.0033,      0.1738,      0.2117,   7905.6030,-480700.2188,   -922.7533,    552.3264,  26352.0117,
       1,     169,     344,      19,       1,       3,       1,     10.0000,      1.4096,     42.7413,    251.0306,     63.1750,      3.4953,      0.0449,      0.0129,     15.4760,      0.1429,      5.6372,     11.2744,      1.2629,     28.9037,     57.8075,      0.0194,      0.0044,      0.0423,      0.2117,   7905.6040,-481693.2500,   -924.1511,    552.2603,  26352.0137,
       1,     169,     344,      20,       1,       3,       1,     10.0000,      1.4096,     42.7413,    251.0306,     63.1750,      3.4953,      0.0014,     -0.0304,      4.6585,      0.1370,      5.6372,     11.2744,      1.2104,     28.9037,     57.8075,      0.0194,      0.0036,      0.0156,      0.2117,   7905.6045,-443542.0938,   -917.8400,    554.8940,  26352.0117,
       1,     169,     344,      21,       1,       3,       1,     10.0000,      1.4096,     42.7413,    251.0306,     63.1750,      3.4953,      0.0000,     -0.0318,      1.7284,      0.1401,      5.6372,     11.2744,      1.2376,     28.9037,     57.8075,      0.0194,      0.0013,      0.0156,      0.2117,   7905.6040,-427367.9062,   -915.2192,    556.0222,  26352.0117,
       1,     169,     344,      22,       1,       3,       1,     10.0000,      1.4096,     42.7413,    251.0306,     63.1750,      3.4953,      0.0000,     -0.0316,      0.3279,      0.1345,      5.6372,     11.2744,      1.1885,     28.9037,     57.8075,      0.0194,      0.0003,      0.0156,      0.2117,   7905.6040,-422489.0312,   -914.4685,    556.3624,  26352.0117,
       1,     169,     344,      23,       1,       3,       1,     10.0000,      1.4096,     42.7413,    251.0306,     63.1750,      3.4953,      0.0000,     -0.0310,      0.2824,      0.1196,      5.6372,     11.2744,      1.0571,     28.9037,     57.8075,      0.0194,      0.0002,      0.0156,      0.2117,   7905.6040,-420396.1250,   -914.0843,    556.5081,  26352.0098,
       1,     169,     344,      24,       1,       3,       1,     10.0000,      1.4096,     42.7413,    251.0306,     63.1750,      3.4953,      0.0000,     -0.0309,      0.3199,      0.1157,      5.6372,     11.2744,      1.0220,     28.9037,     57.8075,      0.0194,      0.0002,      0.0156,      0.2117,   7905.6030,-420166.5000,   -914.0438,    556.5241,  26352.0117,
       1,     169,     345,       1,       1,       3,       1,     10.0000,      1.4096,     42.7416,    251.0365,     63.1765,      3.4953,      0.0000,     -0.0306,      0.3981,      0.1091,      5.6382,     11.2763,      0.9639,     28.9068,     57.8136,      0.0194,      0.0003,      0.0156,      0.2117,   7905.6040,-420345.9062,   -911.5794,    556.5245,  26353.1797,
       1,     169,     345,       2,       1,       3,       1,     10.0000,      1.4096,     42.7416,    251.0365,     63.1765,      3.4953,      0.0000,     -0.0305,      0.5566,      0.1079,      5.6382,     11.2763,      0.9530,     28.9068,     57.8136,      0.0194,      0.0004,      0.0156,      0.2117,   7905.9541,-420303.9062,   -910.1200,    556.5275,  26353.1797,
       1,     169,     345,       3,       1,       3,       1,     10.0000,      1.4096,     42.7416,    251.0365,     63.1765,      3.4953,      0.0000,     -0.0305,      0.3054,      0.1062,      5.6382,     11.2763,      0.9384,     28.9068,     57.8136,      0.0194,      0.0002,      0.0156,      0.2117,   7905.9541,-420490.9688,   -910.1993,    556.5145,  26353.1797,
       1,     169,     345,       4,       1,       3,       1,     10.0000,      1.4096,     42.7416,    251.0365,     63.1765,      3.4953,      0.0000,     -0.0304,      0.3552,      0.1048,      5.6382,     11.2763,      0.9259,     28.9068,     57.8136,      0.0194,      0.0003,      0.0156,      0.2117,   7905.9541,-420204.5625,   -910.1568,    556.5344,  26353.1816,
       1,     169,     345,       5,       1,       3,       1,     10.0000,      1.4096,     42.7416,    251.0365,     63.1765,      3.4953,      0.0000,     -0.0304,      0.6304,      0.1045,      5.6382,     11.2763,      0.9231,     28.9068,     57.8136,      0.0194,      0.0005,      0.0156,      0.2117,   7905.9546,-420240.4375,   -910.1790,    556.5319,  26353.1777,
       1,     169,     345,       6,       1,       3,       1,     10.0000,      1.4096,     42.7416,    251.0365,     63.1765,      3.4953,      0.0000,     -0.0305,      0.3035,      0.1063,      5.6382,     11.2763,      0.9394,     28.9068,     57.8136,      0.0194,      0.0002,      0.0156,      0.2117,   7905.9536,-420574.6875,   -910.2899,    556.5087,  26353.1797,
       1,     169,     345,       7,       1,       3,       1,     10.0000,      1.4096,     42.7416,    251.0365,     63.1765,      3.4953,      0.0000,     -0.0306,      0.2515,      0.1081,      5.6382,     11.2763,      0.9550,     28.9068,     57.8136,      0.0194,      0.0002,      0.0156,      0.2117,   7905.9541,-420209.3438,   -910.2306,    556.5341,  26353.1797,
       1,     169,     345,       8,       1,       3,       1,     10.0000,      1.4096,     42.7416,    251.0365,     63.1765,      3.4953,      0.0039,     -0.0266,      0.2463,      0.1061,      5.6382,     11.2763,      0.9374,     28.9068,     57.8136,      0.0194,      0.0002,      0.0156,      0.2117,   7905.9541,-420116.2812,   -910.0628,    556.5405,  26353.1777,
       1,     169,     345,       9,       1,       3,       1,     10.0000,      1.4096,     42.7416,    251.0365,     63.1765,      3.4953,      0.0982,      0.0676,      2.1365,      0.1090,      5.6382,     11.2763,      0.9629,     28.9068,     57.8136,      0.0194,      0.0002,      0.1207,      0.2117,   7905.9536,-420102.5625,   -910.0699,    556.5415,  26353.1797,
       1,     169,     345,      10,       1,       3,       1,     10.0000,      1.4096,     42.7416,    251.0365,     63.1765,      3.4953,      0.1693,      0.1375,      4.9834,      0.1392,      5.6382,     11.2763,      1.2302,     28.9068,     57.8136,      0.0194,      0.0003,      0.2214,      0.2117,   7905.9541,-422373.4375,   -910.7821,    556.3835,  26353.1777,
       1,     169,     345,      11,       1,       3,       1,     10.0000,      1.4096,     42.7416,    251.0365,     63.1765,      3.4953,      0.1894,      0.1571,      6.6644,      0.1534,      5.6382,     11.2763,      1.3553,     28.9068,     57.8136,      0.0194,      0.0003,      0.2500,      0.2117,   7905.9536,-425986.3125,   -912.4456,    556.1323,  26353.1797,
       1,     169,     345,      12,       1,       3,       1,     10.0000,      1.4096,     42.7416,    251.0365,     63.1765,      3.4953,      0.1894,      0.1566,      8.0312,      0.1659,      5.6382,     11.2763,      1.4657,     28.9068,     57.8136,      0.0194,      0.0004,      0.2500,      0.2117,   7905.9541,-428309.2188,   -913.9471,    555.9708,  26353.1777,
       1,     169,     345,      13,       1,       3,       1,     10.0000,      1.4096,     42.7416,    251.0365,     63.1765,      3.4953,      0.1894,      0.1567,      7.8813,      0.1629,      5.6382,     11.2763,      1.4395,     28.9068,     57.8136,      0.0194,      0.0004,      0.2500,      0.2117,   7905.9536,-430147.1875,   -915.9506,    555.8431,  26353.1797,
       1,     169,     345,      14,       1,       3,       1,     10.0000,      1.4096,     42.7416,    251.0365,     63.1765,      3.4953,      0.1899,      0.1578,     13.1581,      0.1491,      5.6382,     11.2763,      1.3177,     28.9068,     57.8136,      0.0194,      0.0006,      0.2500,      0.2117,   7905.9541,-430120.2812,   -913.6352,    555.8450,  26353.1797,
       1,     169,     345,      15,       1,       3,       1,     10.0000,      1.4096,     42.7416,    251.0365,     63.1765,      3.4953,      0.1927,      0.1603,     48.2810,      0.1552,      5.6382,     11.2763,      1.3718,     28.9068,     57.8136,      0.0194,      0.0023,      0.2500,      0.2117,   7905.9541,-436462.4688,   -916.2009,    555.4043,  26353.1797,
       1,     169,     345,      16,       1,       3,       1,     10.0000,      1.4096,     42.7416,    251.0365,     63.1765,      3.4953,      0.1938,      0.1613,     62.4311,      0.1571,      5.6382,     11.2763,      1.3884,     28.9068,     57.8136,      0.0194,      0.0030,      0.2500,      0.2117,   7905.9541,-479227.2188,   -925.7206,    552.4356,  26353.1816,
       1,     169,     345,      17,       1,       3,       1,     10.0000,      1.4096,     42.7416,    251.0365,     63.1765,      3.4953,      0.1935,      0.1615,     62.2950,      0.1428,      5.6382,     11.2763,      1.2617,     28.9068,     57.8136,      0.0194,      0.0030,      0.2494,      0.2117,   7905.9546,-499845.1562,   -931.1674,    551.0197,  26353.1777,
       1,     169,     345,      18,       1,       3,       1,     10.0000,      1.4096,     42.7416,    251.0365,     63.1765,      3.4953,      0.1649,      0.1333,     41.2722,      0.1346,      5.6382,     11.2763,      1.1897,     28.9068,     57.8136,      0.0194,      0.0024,      0.2109,      0.2117,   7905.9536,-501396.3125,   -932.7059,    550.9147,  26353.1777,
       1,     169,     345,      19,       1,       3,       1,     10.0000,      1.4096,     42.7416,    251.0365,     63.1765,      3.4953,      0.0592,      0.0279,      6.1907,      0.1278,      5.6382,     11.2763,      1.1296,     28.9068,     57.8136,      0.0194,      0.0012,      0.0644,      0.2117,   7905.9536,-476219.6250,   -928.7939,    552.6485,  26353.1816,
       1,     169,     345,      20,       1,       3,       1,     10.0000,      1.4096,     42.7416,    251.0365,     63.1765,      3.4953,      0.0031,     -0.0280,      2.3920,      0.1210,      5.6382,     11.2763,      1.0691,     28.9068,     57.8136,      0.0194,      0.0019,      0.0156,      0.2117,   7905.9546,-431920.5312,   -920.6966,    555.7114,  26353.1797,
       1,     169,     345,      21,       1,       3,       1,     10.0000,      1.4096,     42.7416,    251.0365,     63.1765,      3.4953,      0.0000,     -0.0309,      2.6851,      0.1155,      5.6382,     11.2763,      1.0209,     28.9068,     57.8136,      0.0194,      0.0021,      0.0156,      0.2117,   7905.9541,-423678.4062,   -919.3318,    556.2925,  26353.1816,
       1,     169,     345,      22,       1,       3,       1,     10.0000,      1.4096,     42.7416,    251.0365,     63.1765,      3.4953,      0.0000,     -0.0308,      2.2645,      0.1147,      5.6382,     11.2763,      1.0136,     28.9068,     57.8136,      0.0194,      0.0018,      0.0156,      0.2117,   7905.9546,-423332.2812,   -919.4618,    556.3169,  26353.1797,
       1,     169,     345,      23,       1,       3,       1,     10.0000,      1.4096,     42.7416,    251.0365,     63.1765,      3.4953,      0.0000,     -0.0308,      1.9777,      0.1144,      5.6382,     11.2763,      1.0105,     28.9068,     57.8136,      0.0194,      0.0015,      0.0156,      0.2117,   7905.9541,-422797.4688,   -919.5186,    556.3541,  26353.1816,
       1,     169,     345,      24,       1,       3,       1,     10.0000,      1.4096,     42.7416,    251.0365,     63.1765,      3.4953,      0.0000,     -0.0307,      1.5620,      0.1118,      5.6382,     11.2763,      0.9880,     28.9068,     57.8136,      0.0194,      0.0012,      0.0156,      0.2117,   7905.9546,-422407.7812,   -919.5781,    556.3812,  26353.1816,
       1,     169,     346,       1,       1,       3,       1,     10.0000,      1.4096,     42.7420,    251.0423,     63.1779,      3.4953,      0.0000,     -0.0306,      0.9759,      0.1091,      5.6377,     11.2754,      0.9639,     28.9130,     57.8259,      0.0194,      0.0008,      0.0156,      0.2118,   7905.9546,-422028.7812,   -919.8755,    556.4205,  26354.3438,
       1,     169,     346,       2,       1,       3,       1,     10.0000,      1.4096,     42.7420,    251.0423,     63.1779,      3.4953,      0.0000,     -0.0306,      0.7383,      0.1085,      5.6377,     11.2754,      0.9590,     28.9130,     57.8259,      0.0194,      0.0006,      0.0156,      0.2118,   7906.3032,-421142.4688,   -919.4981,    556.4821,  26354.3438,
       1,     169,     346,       3,       1,       3,       1,     10.0000,      1.4096,     42.7420,    251.0423,     63.1779,      3.4953,      0.0000,     -0.0306,      0.9552,      0.1093,      5.6377,     11.2754,      0.9659,     28.9130,     57.8259,      0.0194,      0.0007,      0.0156,      0.2118,   7906.3032,-420782.7812,   -919.4622,    556.5071,  26354.3457,
       1,     169,     346,       4,       1,       3,       1,     10.0000,      1.4096,     42.7420,    251.0423,     63.1779,      3.4953,      0.0000,     -0.0306,      1.0164,      0.1085,      5.6377,     11.2754,      0.9590,     28.9130,     57.8259,      0.0194,      0.0008,      0.0156,      0.2118,   7906.3042,-421013.0625,   -919.5447,    556.4911,  26354.3438,
       1,     169,     346,       5,       1,       3,       1,     10.0000,      1.4096,     42.7420,    251.0423,     63.1779,      3.4953,      0.0000,     -0.0305,      0.9224,      0.1076,      5.6377,     11.2754,      0.9511,     28.9130,     57.8259,      0.0194,      0.0007,      0.0156,      0.2118,   7906.3032,-421106.1250,   -919.6083,    556.4846,  26354.3438,
       1,     169,     346,       6,       1,       3,       1,     10.0000,      1.4096,     42.7420,    251.0423,     63.1779,      3.4953,      0.0000,     -0.0307,      0.6603,      0.1107,      5.6377,     11.2754,      0.9779,     28.9130,     57.8259,      0.0194,      0.0005,      0.0156,      0.2118,   7906.3032,-421001.0938,   -919.6079,    556.4919,  26354.3457,
       1,     169,     346,       7,       1,       3,       1,     10.0000,      1.4096,     42.7420,    251.0423,     63.1779,      3.4953,      0.0000,     -0.0308,      0.4932,      0.1137,      5.6377,     11.2754,      1.0043,     28.9130,     57.8259,      0.0194,      0.0004,      0.0156,      0.2118,   7906.3042,-420676.8125,   -919.5676,    556.5145,  26354.3438,
       1,     169,     346,       8,       1,       3,       1,     10.0000,      1.4096,     42.7420,    251.0423,     63.1779,      3.4953,      0.0138,     -0.0170,      0.0290,      0.1141,      5.6377,     11.2754,      1.0085,     28.9130,     57.8259,      0.0194,      0.0003,      0.0011,      0.2118,   7906.3032,-420449.2188,   -919.5421,    556.5303,  26354.3457,
       1,     169,     346,       9,       1,       3,       1,     10.0000,      1.4096,     42.7420,    251.0423,     63.1779,      3.4953,      0.1124,      0.0817,      2.4192,      0.1109,      5.6377,     11.2754,      0.9799,     28.9130,     57.8259,      0.0194,      0.0002,      0.1408,      0.2118,   7906.3042,-419871.8438,   -917.7580,    556.5705,  26354.3438,
       1,     169,     346,      10,       1,       3,       1,     10.0000,      1.4096,     42.7420,    251.0423,     63.1779,      3.4953,      0.1746,      0.1438,      3.9261,      0.1141,      5.6377,     11.2754,      1.0085,     28.9130,     57.8259,      0.0194,      0.0002,      0.2288,      0.2118,   7906.3032,-422697.0312,   -916.3721,    556.3740,  26354.3438,
       1,     169,     346,      11,       1,       3,       1,     10.0000,      1.4096,     42.7420,    251.0423,     63.1779,      3.4953,      0.1895,      0.1582,      4.7259,      0.1242,      5.6377,     11.2754,      1.0978,     28.9130,     57.8259,      0.0194,      0.0002,      0.2500,      0.2118,   7906.3032,-424744.8750,   -917.1706,    556.2316,  26354.3438,
       1,     169,     346,      12,       1,       3,       1,     10.0000,      1.4096,     42.7420,    251.0423,     63.1779,      3.4953,      0.1895,      0.1582,      5.1958,      0.1262,      5.6377,     11.2754,      1.1148,     28.9130,     57.8259,      0.0194,      0.0003,      0.2500,      0.2118,   7906.3032,-425877.4688,   -918.1387,    556.1528,  26354.3438,
       1,     169,     346,      13,       1,       3,       1,     10.0000,      1.4096,     42.7420,    251.0423,     63.1779,      3.4953,      0.1898,      0.1582,      9.6266,      0.1338,      5.6377,     11.2754,      1.1825,     28.9130,     57.8259,      0.0194,      0.0005,      0.2500,      0.2118,   7906.3032,-426537.0000,   -919.1533,    556.1070,  26354.3457,
       1,     169,     346,      14,       1,       3,       1,     10.0000,      1.4096,     42.7420,    251.0423,     63.1779,      3.4953,      0.1895,      0.1576,      6.1810,      0.1396,      5.6377,     11.2754,      1.2339,     28.9130,     57.8259,      0.0194,      0.0003,      0.2500,      0.2118,   7906.3042,-431918.2812,   -921.1022,    555.7329,  26354.3438,
       1,     169,     346,      15,       1,       3,       1,     10.0000,      1.4096,     42.7420,    251.0423,     63.1779,      3.4953,      0.1898,      0.1579,     10.7348,      0.1415,      5.6377,     11.2754,      1.2503,     28.9130,     57.8259,      0.0194,      0.0005,      0.2500,      0.2118,   7906.3032,-428226.4062,   -921.0705,    555.9895,  26354.3438,
       1,     169,     346,      16,       1,       3,       1,     10.0000,      1.4096,     42.7420,    251.0423,     63.1779,      3.4953,      0.1845,      0.1527,     22.6168,      0.1406,      5.6377,     11.2754,      1.2427,     28.9130,     57.8259,      0.0194,      0.0011,      0.2411,      0.2118,   7906.3032,-433392.3750,   -922.5679,    555.6306,  26354.3438,
       1,     169,     346,      17,       1,       3,       1,     10.0000,      1.4096,     42.7420,    251.0423,     63.1779,      3.4953,      0.1680,      0.1364,     21.2567,      0.1331,      5.6377,     11.2754,      1.1765,     28.9130,     57.8259,      0.0194,      0.0012,      0.2176,      0.2118,   7906.3032,-448109.7188,   -925.8725,    554.6085,  26354.3438,
       1,     169,     346,      18,       1,       3,       1,     10.0000,      1.4096,     42.7420,    251.0423,     63.1779,      3.4953,      0.1235,      0.0922,     21.9671,      0.1268,      5.6377,     11.2754,      1.1205,     28.9130,     57.8259,      0.0194,      0.0017,      0.1542,      0.2117,   7906.3032,-447706.0312,   -926.1976,    554.6375,  26354.3438,
       1,     169,     346,      19,       1,       3,       1,     10.0000,      1.4096,     42.7420,    251.0423,     63.1779,      3.4953,      0.0191,     -0.0121,      1.4493,      0.1245,      5.6377,     11.2754,      1.1001,     28.9130,     57.8259,      0.0194,      0.0022,      0.0080,      0.2117,   7906.3032,-448525.5000,   -926.6778,    554.5806,  26354.3438,
       1,     169,     346,      20,       1,       3,       1,     10.0000,      1.4096,     42.7420,    251.0423,     63.1779,      3.4953,      0.0011,     -0.0299,      3.3013,      0.1189,      5.6377,     11.2754,      1.0507,     28.9130,     57.8259,      0.0194,      0.0026,      0.0156,      0.2117,   7906.3032,-423920.4375,   -922.1595,    556.2863,  26354.3418,
       1,     169,     346,      21,       1,       3,       1,     10.0000,      1.4096,     42.7420,    251.0423,     63.1779,      3.4953,      0.0000,     -0.0309,      3.1272,      0.1166,      5.6377,     11.2754,      1.0304,     28.9130,     57.8259,      0.0194,      0.0024,      0.0156,      0.2118,   7906.3027,-424099.4375,   -922.3608,    556.2765,  26354.3438,
       1,     169,     346,      22,       1,       3,       1,     10.0000,      1.4096,     42.7420,    251.0423,     63.1779,      3.4953,      0.0000,     -0.0308,      2.6339,      0.1142,      5.6377,     11.2754,      1.0095,     28.9130,     57.8259,      0.0194,      0.0021,      0.0156,      0.2118,   7906.3032,-423901.6250,   -922.4728,    556.2902,  26354.3438,
       1,     169,     346,      23,       1,       3,       1,     10.0000,      1.4096,     42.7420,    251.0423,     63.1779,      3.4953,      0.0000,     -0.0308,      2.2328,      0.1133,      5.6377,     11.2754,      1.0013,     28.9130,     57.8259,      0.0194,      0.0017,      0.0156,      0.2118,   7906.3032,-423292.1562,   -919.7161,    556.3327,  26354.3438,
       1,     169,     346,      24,       1,       3,       1,     10.0000,      1.4096,     42.7420,    251.0423,     63.1779,      3.4953,      0.0000,     -0.0307,      1.7127,      0.1123,      5.6377,     11.2754,      0.9920,     28.9130,     57.8259,      0.0194,      0.0013,      0.0156,      0.2118,   7906.3032,-422758.9062,   -917.8651,    556.3696,  26354.3457,
       1,     169,     347,       1,       1,       3,       1,     10.0000,      1.4096,     42.7423,    251.0482,     63.1794,      3.4953,      0.0000,     -0.0310,      1.2304,      0.1185,      5.6378,     11.2755,      1.0475,     28.9171,     57.8342,      0.0194,      0.0010,      0.0156,      0.2118,   7906.3042,-422242.8438,   -913.0250,    556.4185,  26355.5137,
       1,     169,     347,       2,       1,       3,       1,     10.0000,      1.4096,     42.7423,    251.0482,     63.1794,      3.4953,      0.0000,     -0.0313,      0.9509,      0.1253,      5.6378,     11.2755,      1.1069,     28.9171,     57.8342,      0.0194,      0.0007,      0.0156,      0.2118,   7906.6543,-421468.8438,   -912.7638,    556.4723,  26355.5137,
       1,     169,     347,       3,       1,       3,       1,     10.0000,      1.4096,     42.7423,    251.0482,     63.1794,      3.4953,      0.0000,     -0.0312,      0.4264,      0.1242,      5.6378,     11.2755,      1.0979,     28.9171,     57.8342,      0.0194,      0.0003,      0.0156,      0.2118,   7906.6543,-421068.3125,   -912.7825,    556.5002,  26355.5156,
       1,     169,     347,       4,       1,       3,       1,     10.0000,      1.4096,     42.7423,    251.0482,     63.1794,      3.4953,      0.0000,     -0.0310,      0.2821,      0.1195,      5.6378,     11.2755,      1.0561,     28.9171,     57.8342,      0.0194,      0.0002,      0.0156,      0.2118,   7906.6548,-420404.0938,   -912.6783,    556.5463,  26355.5137,
       1,     169,     347,       5,       1,       3,       1,     10.0000,      1.4096,     42.7423,    251.0482,     63.1794,      3.4953,      0.0000,     -0.0309,      0.2756,      0.1171,      5.6378,     11.2755,      1.0347,     28.9171,     57.8342,      0.0194,      0.0002,      0.0156,      0.2118,   7906.6543,-420175.4375,   -912.6368,    556.5623,  26355.5137,
       1,     169,     347,       6,       1,       3,       1,     10.0000,      1.4096,     42.7423,    251.0482,     63.1794,      3.4953,      0.0000,     -0.0311,      0.2932,      0.1219,      5.6378,     11.2755,      1.0768,     28.9171,     57.8342,      0.0194,      0.0002,      0.0156,      0.2118,   7906.6543,-420148.5000,   -912.6326,    556.5642,  26355.5137,
       1,     169,     347,       7,       1,       3,       1,     10.0000,      1.4096,     42.7423,    251.0482,     63.1794,      3.4953,      0.0000,     -0.0315,      0.4192,      0.1302,      5.6378,     11.2755,      1.1505,     28.9171,     57.8342,      0.0194,      0.0003,      0.0156,      0.2118,   7906.6543,-420167.2188,   -912.6373,    556.5629,  26355.5137,
       1,     169,     347,       8,       1,       3,       1,     10.0000,      1.4096,     42.7423,    251.0482,     63.1794,      3.4953,      0.0046,     -0.0268,      0.4825,      0.1286,      5.6378,     11.2755,      1.1366,     28.9171,     57.8342,      0.0194,      0.0004,      0.0156,      0.2118,   7906.6543,-420320.3438,   -912.6823,    556.5521,  26355.5156,
       1,     169,     347,       9,       1,       3,       1,     10.0000,      1.4096,     42.7423,    251.0482,     63.1794,      3.4953,      0.0958,      0.0643,      2.7015,      0.1313,      5.6378,     11.2755,      1.1599,     28.9171,     57.8342,      0.0194,      0.0003,      0.1168,      0.2118,   7906.6548,-420409.0938,   -910.1520,    556.5460,  26355.5137,
       1,     169,     347,      10,       1,       3,       1,     10.0000,      1.4096,     42.7423,    251.0482,     63.1794,      3.4953,      0.1694,      0.1377,      4.8302,      0.1353,      5.6378,     11.2755,      1.1958,     28.9171,     57.8342,      0.0194,      0.0003,      0.2215,      0.2118,   7906.6543,-423083.7188,   -910.8926,    556.3600,  26355.5137,
       1,     169,     347,      11,       1,       3,       1,     10.0000,      1.4096,     42.7423,    251.0482,     63.1794,      3.4953,      0.1894,      0.1575,      5.7511,      0.1419,      5.6378,     11.2755,      1.2541,     28.9171,     57.8342,      0.0194,      0.0003,      0.2500,      0.2118,   7906.6543,-425866.0312,   -912.0985,    556.1665,  26355.5137,
       1,     169,     347,      12,       1,       3,       1,     10.0000,      1.4096,     42.7423,    251.0482,     63.1794,      3.4953,      0.1899,      0.1582,     10.9640,      0.1346,      5.6378,     11.2755,      1.1898,     28.9171,     57.8342,      0.0194,      0.0005,      0.2500,      0.2118,   7906.6543,-427205.5000,   -913.3555,    556.0734,  26355.5117,
       1,     169,     347,      13,       1,       3,       1,     10.0000,      1.4096,     42.7423,    251.0482,     63.1794,      3.4953,      0.1897,      0.1583,      8.6939,      0.1290,      5.6378,     11.2755,      1.1401,     28.9171,     57.8342,      0.0194,      0.0004,      0.2500,      0.2118,   7906.6538,-433583.9375,   -915.7335,    555.6301,  26355.5137,
       1,     169,     347,      14,       1,       3,       1,     10.0000,      1.4096,     42.7423,    251.0482,     63.1794,      3.4953,      0.1899,      0.1581,     10.7950,      0.1363,      5.6378,     11.2755,      1.2043,     28.9171,     57.8342,      0.0194,      0.0005,      0.2500,      0.2118,   7906.6543,-431388.0938,   -916.5784,    555.7828,  26355.5156,
       1,     169,     347,      15,       1,       3,       1,     10.0000,      1.4096,     42.7423,    251.0482,     63.1794,      3.4953,      0.1905,      0.1584,     20.3050,      0.1485,      5.6378,     11.2755,      1.3124,     28.9171,     57.8342,      0.0194,      0.0010,      0.2500,      0.2118,   7906.6548,-433730.0000,   -918.2103,    555.6201,  26355.5117,
       1,     169,     347,      16,       1,       3,       1,     10.0000,      1.4096,     42.7423,    251.0482,     63.1794,      3.4953,      0.1919,      0.1596,     37.8608,      0.1517,      5.6378,     11.2755,      1.3405,     28.9171,     57.8342,      0.0194,      0.0018,      0.2500,      0.2118,   7906.6538,-445358.6562,   -921.5194,    554.8124,  26355.5156,
       1,     169,     347,      17,       1,       3,       1,     10.0000,      1.4096,     42.7423,    251.0482,     63.1794,      3.4953,      0.1918,      0.1603,     33.9601,      0.1299,      5.6378,     11.2755,      1.1482,     28.9171,     57.8342,      0.0194,      0.0016,      0.2500,      0.2118,   7906.6548,-467439.1875,   -926.7442,    553.2817,  26355.5156,
       1,     169,     347,      18,       1,       3,       1,     10.0000,      1.4096,     42.7423,    251.0482,     63.1794,      3.4953,      0.1760,      0.1448,     22.1406,      0.1237,      5.6378,     11.2755,      1.0934,     28.9171,     57.8342,      0.0194,      0.0012,      0.2288,      0.2117,   7906.6548,-464595.6875,   -920.1447,    553.4805,  26355.5137,
       1,     169,     347,      19,       1,       3,       1,     10.0000,      1.4096,     42.7423,    251.0482,     63.1794,      3.4953,      0.0703,      0.0392,      7.6132,      0.1216,      5.6378,     11.2755,      1.0746,     28.9171,     57.8342,      0.0194,      0.0012,      0.0801,      0.2117,   7906.6543,-450141.3125,   -918.3723,    554.4806,  26355.5137,
       1,     169,     347,      20,       1,       3,       1,     10.0000,      1.4096,     42.7423,    251.0482,     63.1794,      3.4953,      0.0015,     -0.0294,      1.8988,      0.1176,      5.6378,     11.2755,      1.0389,     28.9171,     57.8342,      0.0194,      0.0015,      0.0156,      0.2118,   7906.6543,-431469.7500,   -912.5118,    555.7756,  26355.5137,
       1,     169,     347,      21,       1,       3,       1,     10.0000,      1.4096,     42.7423,    251.0482,     63.1794,      3.4953,      0.0000,     -0.0307,      2.4204,      0.1122,      5.6378,     11.2755,      0.9911,     28.9171,     57.8342,      0.0194,      0.0019,      0.0156,      0.2118,   7906.6543,-423044.7812,   -910.8350,    556.3624,  26355.5137,
       1,     169,     347,      22,       1,       3,       1,     10.0000,      1.4096,     42.7423,    251.0482,     63.1794,      3.4953,      0.0000,     -0.0306,      0.7377,      0.1101,      5.6378,     11.2755,      0.9729,     28.9171,     57.8342,      0.0194,      0.0006,      0.0156,      0.2118,   7906.6543,-422966.7500,   -910.9048,    556.3681,  26355.5156,
       1,     169,     347,      23,       1,       3,       1,     10.0000,      1.4096,     42.7423,    251.0482,     63.1794,      3.4953,      0.0000,     -0.0308,      0.5394,      0.1133,      5.6378,     11.2755,      1.0013,     28.9171,     57.8342,      0.0194,      0.0004,      0.0156,      0.2118,   7906.6548,-420937.0625,   -910.6065,    556.5093,  26355.5137,
       1,     169,     347,      24,       1,       3,       1,     10.0000,      1.4096,     42.7423,    251.0482,     63.1794,      3.4953,      0.0000,     -0.0309,      0.3656,      0.1171,      5.6378,     11.2755,      1.0347,     28.9171,     57.8342,      0.0194,      0.0003,      0.0156,      0.2118,   7906.6543,-420529.2500,   -910.5711,    556.5377,  26355.5137,
       1,     169,     348,       1,       1,       3,       1,     10.0000,      1.4097,     42.7426,    251.0541,     63.1809,      3.4953,      0.0000,     -0.0313,      0.2959,      0.1246,      5.6382,     11.2765,      1.1013,     28.9237,     57.8473,      0.0194,      0.0002,      0.0156,      0.2118,   7906.6543,-420440.1250,   -910.8250,    556.5569,  26356.6816,
       1,     169,     348,       2,       1,       3,       1,     10.0000,      1.4097,     42.7426,    251.0541,     63.1809,      3.4953,      0.0000,     -0.0311,      0.2881,      0.1217,      5.6382,     11.2765,      1.0757,     28.9237,     57.8473,      0.0194,      0.0002,      0.0156,      0.2118,   7907.0049,-420198.0000,   -910.5297,    556.5737,  26356.6797,
       1,     169,     348,       3,       1,       3,       1,     10.0000,      1.4097,     42.7426,    251.0541,     63.1809,      3.4953,      0.0000,     -0.0311,      0.2878,      0.1216,      5.6382,     11.2765,      1.0746,     28.9237,     57.8473,      0.0194,      0.0002,      0.0156,      0.2118,   7907.0044,-420168.5312,   -910.5259,    556.5758,  26356.6816,
       1,     169,     348,       4,       1,       3,       1,     10.0000,      1.4097,     42.7426,    251.0541,     63.1809,      3.4953,      0.0000,     -0.0312,      0.3441,      0.1231,      5.6382,     11.2765,      1.0879,     28.9237,     57.8473,      0.0194,      0.0003,      0.0156,      0.2118,   7907.0049,-420165.4062,   -910.5264,    556.5760,  26356.6816,
       1,     169,     348,       5,       1,       3,       1,     10.0000,      1.4097,     42.7426,    251.0541,     63.1809,      3.4953,      0.0000,     -0.0315,      0.3668,      0.1307,      5.6382,     11.2765,      1.1553,     28.9237,     57.8473,      0.0194,      0.0003,      0.0156,      0.2118,   7907.0049,-420232.9375,   -910.5469,    556.5714,  26356.6816,
       1,     169,     348,       6,       1,       3,       1,     10.0000,      1.4097,     42.7426,    251.0541,     63.1809,      3.4953,      0.0000,     -0.0315,      0.3122,      0.1306,      5.6382,     11.2765,      1.1541,     28.9237,     57.8473,      0.0194,      0.0002,      0.0156,      0.2118,   7907.0049,-420265.7188,   -910.5627,    556.5690,  26356.6816,
       1,     169,     348,       7,       1,       3,       1,     10.0000,      1.4097,     42.7426,    251.0541,     63.1809,      3.4953,      0.0000,     -0.0315,      0.3268,      0.1297,      5.6382,     11.2765,      1.1459,     28.9237,     57.8473,      0.0194,      0.0003,      0.0156,      0.2118,   7907.0049,-420202.9688,   -910.5526,    556.5734,  26356.6836,
       1,     169,     348,       8,       1,       3,       1,     10.0000,      1.4097,     42.7426,    251.0541,     63.1809,      3.4953,      0.0023,     -0.0290,      0.4908,      0.1282,      5.6382,     11.2765,      1.1331,     28.9237,     57.8473,      0.0194,      0.0004,      0.0156,      0.2118,   7907.0054,-420215.0625,   -910.0820,    556.5726,  26356.6816,
       1,     169,     348,       9,       1,       3,       1,     10.0000,      1.4097,     42.7426,    251.0541,     63.1809,      3.4953,      0.0423,      0.0107,      0.8604,      0.1327,      5.6382,     11.2765,      1.1730,     28.9237,     57.8473,      0.0194,      0.0003,      0.0406,      0.2118,   7907.0049,-420413.3125,   -910.1534,    556.5587,  26356.6816,
       1,     169,     348,      10,       1,       3,       1,     10.0000,      1.4097,     42.7426,    251.0541,     63.1809,      3.4953,      0.1394,      0.1077,      6.5164,      0.1355,      5.6382,     11.2765,      1.1971,     28.9237,     57.8473,      0.0194,      0.0004,      0.1785,      0.2118,   7907.0049,-420874.1562,   -910.3481,    556.5267,  26356.6836,
       1,     169,     348,      11,       1,       3,       1,     10.0000,      1.4097,     42.7426,    251.0541,     63.1809,      3.4953,      0.1734,      0.1419,     12.0605,      0.1301,      5.6382,     11.2765,      1.1494,     28.9237,     57.8473,      0.0194,      0.0006,      0.2263,      0.2118,   7907.0054,-427709.6562,   -911.9448,    556.0511,  26356.6816,
       1,     169,     348,      12,       1,       3,       1,     10.0000,      1.4097,     42.7426,    251.0541,     63.1809,      3.4953,      0.1748,      0.1430,     12.0819,      0.1389,      5.6382,     11.2765,      1.2278,     28.9237,     57.8473,      0.0194,      0.0006,      0.2284,      0.2118,   7907.0049,-434945.3125,   -913.5300,    555.5485,  26356.6797,
       1,     169,     348,      13,       1,       3,       1,     10.0000,      1.4097,     42.7426,    251.0541,     63.1809,      3.4953,      0.1898,      0.1575,     11.4072,      0.1523,      5.6382,     11.2765,      1.3459,     28.9237,     57.8473,      0.0194,      0.0006,      0.2500,      0.2118,   7907.0044,-435576.1250,   -914.3471,    555.5049,  26356.6816,
       1,     169,     348,      14,       1,       3,       1,     10.0000,      1.4097,     42.7426,    251.0541,     63.1809,      3.4953,      0.1904,      0.1577,     20.2363,      0.1629,      5.6382,     11.2765,      1.4396,     28.9237,     57.8473,      0.0194,      0.0010,      0.2500,      0.2118,   7907.0049,-434817.3438,   -915.3179,    555.5576,  26356.6816,
       1,     169,     348,      15,       1,       3,       1,     10.0000,      1.4097,     42.7426,    251.0541,     63.1809,      3.4953,      0.1908,      0.1577,     26.2326,      0.1752,      5.6382,     11.2765,      1.5486,     28.9237,     57.8473,      0.0194,      0.0013,      0.2500,      0.2118,   7907.0049,-445366.8125,   -918.3394,    554.8250,  26356.6797,
       1,     169,     348,      16,       1,       3,       1,     10.0000,      1.4097,     42.7426,    251.0541,     63.1809,      3.4953,      0.1899,      0.1569,     14.4367,      0.1716,      5.6382,     11.2765,      1.5164,     28.9237,     57.8473,      0.0194,      0.0007,      0.2500,      0.2118,   7907.0044,-453457.9688,   -921.1635,    554.2642,  26356.6816,
       1,     169,     348,      17,       1,       3,       1,     10.0000,      1.4097,     42.7426,    251.0541,     63.1809,      3.4953,      0.1904,      0.1577,     21.0625,      0.1659,      5.6382,     11.2765,      1.4658,     28.9237,     57.8473,      0.0194,      0.0010,      0.2500,      0.2118,   7907.0049,-439950.8125,   -919.6006,    555.2004,  26356.6797,
       1,     169,     348,      18,       1,       3,       1,     10.0000,      1.4097,     42.7426,    251.0541,     63.1809,      3.4953,      0.1556,      0.1230,     37.4683,      0.1624,      5.6382,     11.2765,      1.4353,     28.9237,     57.8473,      0.0194,      0.0023,      0.1981,      0.2118,   7907.0044,-446790.5312,   -921.7139,    554.7265,  26356.6816,
       1,     169,     348,      19,       1,       3,       1,     10.0000,      1.4097,     42.7426,    251.0541,     63.1809,      3.4953,      0.0807,      0.0486,     21.7127,      0.1472,      5.6382,     11.2765,      1.3006,     28.9237,     57.8473,      0.0194,      0.0028,      0.0926,      0.2118,   7907.0049,-467084.5312,   -926.2595,    553.3195,  26356.6816,
       1,     169,     348,      20,       1,       3,       1,     10.0000,      1.4097,     42.7426,    251.0541,     63.1809,      3.4953,      0.0024,     -0.0293,      3.8693,      0.1357,      5.6382,     11.2765,      1.1995,     28.9237,     57.8473,      0.0194,      0.0030,      0.0156,      0.2118,   7907.0049,-449835.3750,   -923.5237,    554.5143,  26356.6816,
       1,     169,     348,      21,       1,       3,       1,     10.0000,      1.4097,     42.7426,    251.0541,     63.1809,      3.4953,      0.0000,     -0.0315,      4.0712,      0.1307,      5.6382,     11.2765,      1.1553,     28.9237,     57.8473,      0.0194,      0.0032,      0.0156,      0.2118,   7907.0049,-426945.4062,   -919.5010,    556.1022,  26356.6816,
       1,     169,     348,      22,       1,       3,       1,     10.0000,      1.4097,     42.7426,    251.0541,     63.1809,      3.4953,      0.0000,     -0.0315,      3.9309,      0.1310,      5.6382,     11.2765,      1.1576,     28.9237,     57.8473,      0.0194,      0.0031,      0.0156,      0.2118,   7907.0049,-425281.6250,   -919.4576,    556.2202,  26356.6816,
       1,     169,     348,      23,       1,       3,       1,     10.0000,      1.4097,     42.7426,    251.0541,     63.1809,      3.4953,      0.0000,     -0.0316,      3.8099,      0.1322,      5.6382,     11.2765,      1.1682,     28.9237,     57.8473,      0.0194,      0.0030,      0.0156,      0.2118,   7907.0049,-424971.2812,   -919.6127,    556.2418,  26356.6816,
       1,     169,     348,      24,       1,       3,       1,     10.0000,      1.4097,     42.7426,    251.0541,     63.1809,      3.4953,      0.0000,     -0.0316,      2.8599,      0.1329,      5.6382,     11.2765,      1.1742,     28.9237,     57.8473,      0.0194,      0.0022,      0.0156,      0.2118,   7907.0049,-424799.9062,   -919.8131,    556.2537,  26356.6797,
       1,     169,     349,       1,       1,       3,       1,     10.0000,      1.4097,     42.7430,    251.0599,     63.1824,      3.4953,      0.0000,     -0.0316,      1.7633,      0.1326,      5.6384,     11.2767,      1.1718,     28.9267,     57.8534,      0.0194,      0.0014,      0.0156,      0.2118,   7907.0044,-423797.3125,   -920.0474,    556.3364,  26357.8477,
       1,     169,     349,       2,       1,       3,       1,     10.0000,      1.4097,     42.7430,    251.0599,     63.1824,      3.4953,      0.0000,     -0.0316,      1.2005,      0.1346,      5.6384,     11.2767,      1.1898,     28.9267,     57.8534,      0.0194,      0.0009,      0.0156,      0.2118,   7907.3545,-422244.8438,   -919.5881,    556.4443,  26357.8477,
       1,     169,     349,       3,       1,       3,       1,     10.0000,      1.4097,     42.7430,    251.0599,     63.1824,      3.4953,      0.0000,     -0.0316,      1.6619,      0.1341,      5.6384,     11.2767,      1.1850,     28.9267,     57.8534,      0.0194,      0.0013,      0.0156,      0.2118,   7907.3545,-421438.6875,   -919.4953,    556.5004,  26357.8496,
       1,     169,     349,       4,       1,       3,       1,     10.0000,      1.4097,     42.7430,    251.0599,     63.1824,      3.4953,      0.0000,     -0.0316,      1.7907,      0.1342,      5.6384,     11.2767,      1.1862,     28.9267,     57.8534,      0.0194,      0.0014,      0.0156,      0.2118,   7907.3550,-421925.6250,   -919.6735,    556.4664,  26357.8477,
       1,     169,     349,       5,       1,       3,       1,     10.0000,      1.4097,     42.7430,    251.0599,     63.1824,      3.4953,      0.0000,     -0.0316,      1.6120,      0.1323,      5.6384,     11.2767,      1.1695,     28.9267,     57.8534,      0.0194,      0.0013,      0.0156,      0.2118,   7907.3545,-422121.4062,   -919.8145,    556.4529,  26357.8477,
       1,     169,     349,       6,       1,       3,       1,     10.0000,      1.4097,     42.7430,    251.0599,     63.1824,      3.4953,      0.0000,     -0.0315,      1.6148,      0.1301,      5.6384,     11.2767,      1.1494,     28.9267,     57.8534,      0.0194,      0.0013,      0.0156,      0.2118,   7907.3545,-421922.8438,   -919.8658,    556.4667,  26357.8477,
       1,     169,     349,       7,       1,       3,       1,     10.0000,      1.4097,     42.7430,    251.0599,     63.1824,      3.4953,      0.0000,     -0.0312,      1.5691,      0.1240,      5.6384,     11.2767,      1.0957,     28.9267,     57.8534,      0.0194,      0.0012,      0.0156,      0.2118,   7907.3545,-421909.7188,   -919.9498,    556.4677,  26357.8457,
       1,     169,     349,       8,       1,       3,       1,     10.0000,      1.4097,     42.7430,    251.0599,     63.1824,      3.4953,      0.0024,     -0.0289,      1.2956,      0.1235,      5.6384,     11.2767,      1.0912,     28.9267,     57.8534,      0.0194,      0.0010,      0.0156,      0.2118,   7907.3540,-421853.8438,   -920.0195,    556.4714,  26357.8477,
       1,     169,     349,       9,       1,       3,       1,     10.0000,      1.4097,     42.7430,    251.0599,     63.1824,      3.4953,      0.0794,      0.0476,      8.1934,      0.1370,      5.6384,     11.2767,      1.2105,     28.9267,     57.8534,      0.0194,      0.0011,      0.0926,      0.2118,   7907.3545,-421520.4375,   -920.0181,    556.4947,  26357.8496,
       1,     169,     349,      10,       1,       3,       1,     10.0000,      1.4097,     42.7430,    251.0599,     63.1824,      3.4953,      0.1424,      0.1095,     19.7580,      0.1704,      5.6384,     11.2767,      1.5059,     28.9267,     57.8534,      0.0194,      0.0013,      0.1811,      0.2118,   7907.3550,-429781.0938,   -921.7792,    555.9200,  26357.8457,
       1,     169,     349,      11,       1,       3,       1,     10.0000,      1.4097,     42.7430,    251.0599,     63.1824,      3.4953,      0.1753,      0.1420,     21.7998,      0.1822,      5.6384,     11.2767,      1.6099,     28.9267,     57.8534,      0.0194,      0.0012,      0.2282,      0.2118,   7907.3540,-444371.0938,   -924.9121,    554.9066,  26357.8477,
       1,     169,     349,      12,       1,       3,       1,     10.0000,      1.4097,     42.7430,    251.0599,     63.1824,      3.4953,      0.1899,      0.1565,     16.5721,      0.1858,      5.6384,     11.2767,      1.6422,     28.9267,     57.8534,      0.0194,      0.0008,      0.2500,      0.2118,   7907.3545,-448045.9688,   -926.0828,    554.6525,  26357.8477,
       1,     169,     349,      13,       1,       3,       1,     10.0000,      1.4097,     42.7430,    251.0599,     63.1824,      3.4953,      0.1904,      0.1569,     22.3773,      0.1883,      5.6384,     11.2767,      1.6636,     28.9267,     57.8534,      0.0194,      0.0011,      0.2500,      0.2118,   7907.3545,-442067.6875,   -925.4114,    555.0671,  26357.8477,
       1,     169,     349,      14,       1,       3,       1,     10.0000,      1.4097,     42.7430,    251.0599,     63.1824,      3.4953,      0.1922,      0.1587,     44.6741,      0.1873,      5.6384,     11.2767,      1.6553,     28.9267,     57.8534,      0.0194,      0.0022,      0.2500,      0.2118,   7907.3545,-448546.7500,   -927.1961,    554.6177,  26357.8477,
       1,     169,     349,      15,       1,       3,       1,     10.0000,      1.4097,     42.7430,    251.0599,     63.1824,      3.4953,      0.1946,      0.1611,     75.9778,      0.1888,      5.6384,     11.2767,      1.6685,     28.9267,     57.8534,      0.0194,      0.0037,      0.2500,      0.2118,   7907.3545,-475891.3438,   -933.1124,    552.7221,  26357.8496,
       1,     169,     349,      16,       1,       3,       1,     10.0000,      1.4097,     42.7430,    251.0599,     63.1824,      3.4953,      0.1951,      0.1619,     80.9106,      0.1793,      5.6384,     11.2767,      1.5845,     28.9267,     57.8534,      0.0194,      0.0039,      0.2500,      0.2118,   7907.3550,-515827.4062,   -941.5816,    549.9662,  26357.8477,
       1,     169,     349,      17,       1,       3,       1,     10.0000,      1.4097,     42.7430,    251.0599,     63.1824,      3.4953,      0.1862,      0.1533,     74.9308,      0.1681,      5.6384,     11.2767,      1.4850,     28.9267,     57.8534,      0.0194,      0.0038,      0.2378,      0.2117,   7907.3545,-525107.4375,   -944.1793,    549.3351,  26357.8496,
       1,     169,     349,      18,       1,       3,       1,     10.0000,      1.4097,     42.7430,    251.0599,     63.1824,      3.4953,      0.1562,      0.1238,     57.0426,      0.1553,      5.6384,     11.2767,      1.3719,     28.9267,     57.8534,      0.0194,      0.0035,      0.1968,      0.2117,   7907.3550,-518675.6875,   -943.5926,    549.7771,  26357.8496,
       1,     169,     349,      19,       1,       3,       1,     10.0000,      1.4097,     42.7430,    251.0599,     63.1824,      3.4953,      0.0833,      0.0512,     27.1908,      0.1454,      5.6384,     11.2767,      1.2850,     28.9267,     57.8534,      0.0194,      0.0034,      0.0958,      0.2117,   7907.3550,-496613.8750,   -939.7917,    551.2934,  26357.8457,
       1,     169,     349,      20,       1,       3,       1,     10.0000,      1.4097,     42.7430,    251.0599,     63.1824,      3.4953,      0.0015,     -0.0303,      4.4188,      0.1384,      5.6384,     11.2767,      1.2228,     28.9267,     57.8534,      0.0194,      0.0034,      0.0156,      0.2118,   7907.3540,-458872.4375,   -932.7128,    553.8964,  26357.8477,
       1,     169,     349,      21,       1,       3,       1,     10.0000,      1.4097,     42.7430,    251.0599,     63.1824,      3.4953,      0.0000,     -0.0318,      3.9146,      0.1378,      5.6384,     11.2767,      1.2179,     28.9267,     57.8534,      0.0194,      0.0030,      0.0156,      0.2118,   7907.3545,-428364.4062,   -926.8620,    556.0148,  26357.8457,
       1,     169,     349,      22,       1,       3,       1,     10.0000,      1.4097,     42.7430,    251.0599,     63.1824,      3.4953,      0.0000,     -0.0315,      3.2758,      0.1317,      5.6384,     11.2767,      1.1635,     28.9267,     57.8534,      0.0194,      0.0025,      0.0156,      0.2118,   7907.3540,-425216.6875,   -926.3051,    556.2377,  26357.8457,
       1,     169,     349,      23,       1,       3,       1,     10.0000,      1.4097,     42.7430,    251.0599,     63.1824,      3.4953,      0.0000,     -0.0313,      2.6571,      0.1266,      5.6384,     11.2767,      1.1183,     28.9267,     57.8534,      0.0194,      0.0021,      0.0156,      0.2118,   7907.3540,-424181.1562,   -911.1686,    556.3096,  26357.8477,
       1,     169,     349,      24,       1,       3,       1,     10.0000,      1.4097,     42.7430,    251.0599,     63.1824,      3.4953,      0.0000,     -0.0314,      2.2256,      0.1281,      5.6384,     11.2767,      1.1320,     28.9267,     57.8534,      0.0194,      0.0017,      0.0156,      0.2118,   7907.3545,-423351.0000,   -911.3121,    556.3674,  26357.8477,
       1,     169,     350,       1,       1,       3,       1,     10.0000,      1.4097,     42.7433,    251.0658,     63.1838,      3.4953,      0.0000,     -0.0314,      1.8783,      0.1272,      5.6383,     11.2765,      1.1240,     28.9312,     57.8623,      0.0194,      0.0015,      0.0156,      0.2119,   7907.3545,-422916.7500,   -911.7504,    556.4105,  26359.0156,
       1,     169,     350,       2,       1,       3,       1,     10.0000,      1.4097,     42.7433,    251.0658,     63.1838,      3.4953,      0.0000,     -0.0315,      1.9318,      0.1303,      5.6383,     11.2765,      1.1518,     28.9312,     57.8623,      0.0194,      0.0015,      0.0156,      0.2119,   7907.7051,-422312.2812,   -910.6779,    556.4526,  26359.0176,
       1,     169,     350,       3,       1,       3,       1,     10.0000,      1.4097,     42.7433,    251.0658,     63.1838,      3.4953,      0.0000,     -0.0317,      1.3146,      0.1352,      5.6383,     11.2765,      1.1947,     28.9312,     57.8623,      0.0194,      0.0010,      0.0156,      0.2119,   7907.7056,-422325.8750,   -910.9041,    556.4516,  26359.0176,
       1,     169,     350,       4,       1,       3,       1,     10.0000,      1.4097,     42.7433,    251.0658,     63.1838,      3.4953,      0.0000,     -0.0319,      0.8795,      0.1401,      5.6383,     11.2765,      1.2378,     28.9312,     57.8623,      0.0194,      0.0007,      0.0156,      0.2119,   7907.7056,-421585.4688,   -910.9050,    556.5031,  26359.0195,
       1,     169,     350,       5,       1,       3,       1,     10.0000,      1.4097,     42.7433,    251.0658,     63.1838,      3.4953,      0.0000,     -0.0319,      1.2268,      0.1422,      5.6383,     11.2765,      1.2567,     28.9312,     57.8623,      0.0194,      0.0010,      0.0156,      0.2119,   7907.7061,-421000.4375,   -910.8771,    556.5438,  26359.0176,
       1,     169,     350,       6,       1,       3,       1,     10.0000,      1.4097,     42.7433,    251.0658,     63.1838,      3.4953,      0.0000,     -0.0320,      0.7407,      0.1435,      5.6383,     11.2765,      1.2682,     28.9312,     57.8623,      0.0194,      0.0006,      0.0156,      0.2119,   7907.7056,-421369.0625,   -911.0760,    556.5182,  26359.0176,
       1,     169,     350,       7,       1,       3,       1,     10.0000,      1.4097,     42.7433,    251.0658,     63.1838,      3.4953,      0.0000,     -0.0321,      0.5513,      0.1459,      5.6383,     11.2765,      1.2889,     28.9312,     57.8623,      0.0194,      0.0004,      0.0156,      0.2119,   7907.7056,-420815.9062,   -911.0293,    556.5566,  26359.0176,
       1,     169,     350,       8,       1,       3,       1,     10.0000,      1.4097,     42.7433,    251.0658,     63.1838,      3.4953,      0.0023,     -0.0296,      0.5119,      0.1421,      5.6383,     11.2765,      1.2555,     28.9312,     57.8623,      0.0194,      0.0004,      0.0156,      0.2119,   7907.7056,-420542.1562,   -911.0085,    556.5757,  26359.0195,
       1,     169,     350,       9,       1,       3,       1,     10.0000,      1.4097,     42.7433,    251.0658,     63.1838,      3.4953,      0.1084,      0.0763,      4.2079,      0.1460,      5.6383,     11.2765,      1.2902,     28.9312,     57.8623,      0.0194,      0.0004,      0.1343,      0.2119,   7907.7061,-420471.4688,   -911.0259,    556.5806,  26359.0176,
       1,     169,     350,      10,       1,       3,       1,     10.0000,      1.4097,     42.7433,    251.0658,     63.1838,      3.4953,      0.1674,      0.1347,      9.0806,      0.1652,      5.6383,     11.2765,      1.4600,     28.9312,     57.8623,      0.0194,      0.0005,      0.2183,      0.2119,   7907.7056,-424906.7500,   -912.1306,    556.2720,  26359.0195,
       1,     169,     350,      11,       1,       3,       1,     10.0000,      1.4097,     42.7433,    251.0658,     63.1838,      3.4953,      0.1868,      0.1534,     11.5022,      0.1853,      5.6383,     11.2765,      1.6374,     28.9312,     57.8623,      0.0194,      0.0006,      0.2461,      0.2119,   7907.7061,-431132.2188,   -913.9536,    555.8393,  26359.0156,
       1,     169,     350,      12,       1,       3,       1,     10.0000,      1.4097,     42.7433,    251.0658,     63.1838,      3.4953,      0.1899,      0.1561,     17.4831,      0.1980,      5.6383,     11.2765,      1.7498,     28.9312,     57.8623,      0.0194,      0.0008,      0.2500,      0.2119,   7907.7051,-434563.1562,   -915.6189,    555.6011,  26359.0176,
       1,     169,     350,      13,       1,       3,       1,     10.0000,      1.4097,     42.7433,    251.0658,     63.1838,      3.4953,      0.1895,      0.1556,     12.3718,      0.2028,      5.6383,     11.2765,      1.7918,     28.9312,     57.8623,      0.0194,      0.0006,      0.2500,      0.2119,   7907.7056,-442037.1250,   -918.2897,    555.0821,  26359.0176,
       1,     169,     350,      14,       1,       3,       1,     10.0000,      1.4097,     42.7433,    251.0658,     63.1838,      3.4953,      0.1901,      0.1563,     19.7636,      0.1988,      5.6383,     11.2765,      1.7568,     28.9312,     57.8623,      0.0194,      0.0010,      0.2500,      0.2118,   7907.7056,-436518.7188,   -918.4157,    555.4652,  26359.0176,
       1,     169,     350,      15,       1,       3,       1,     10.0000,      1.4097,     42.7433,    251.0658,     63.1838,      3.4953,      0.1924,      0.1587,     48.8409,      0.1967,      5.6383,     11.2765,      1.7378,     28.9312,     57.8623,      0.0194,      0.0024,      0.2500,      0.2119,   7907.7056,-444941.3438,   -918.7181,    554.8805,  26359.0176,
       1,     169,     350,      16,       1,       3,       1,     10.0000,      1.4097,     42.7433,    251.0658,     63.1838,      3.4953,      0.1949,      0.1612,     80.1339,      0.1936,      5.6383,     11.2765,      1.7104,     28.9312,     57.8623,      0.0194,      0.0039,      0.2500,      0.2118,   7907.7056,-480593.7500,   -926.7260,    552.4079,  26359.0176,
       1,     169,     350,      17,       1,       3,       1,     10.0000,      1.4097,     42.7433,    251.0658,     63.1838,      3.4953,      0.1919,      0.1585,     79.5379,      0.1840,      5.6383,     11.2765,      1.6260,     28.9312,     57.8623,      0.0194,      0.0039,      0.2456,      0.2118,   7907.7056,-521214.9688,   -935.9664,    549.6085,  26359.0176,
       1,     169,     350,      18,       1,       3,       1,     10.0000,      1.4097,     42.7433,    251.0658,     63.1838,      3.4953,      0.1621,      0.1291,     68.4334,      0.1720,      5.6383,     11.2765,      1.5195,     28.9312,     57.8623,      0.0194,      0.0041,      0.2038,      0.2118,   7907.7056,-523895.9062,   -937.8940,    549.4315,  26359.0176,
       1,     169,     350,      19,       1,       3,       1,     10.0000,      1.4097,     42.7433,    251.0658,     63.1838,      3.4953,      0.0602,      0.0274,     20.8638,      0.1661,      5.6383,     11.2765,      1.4673,     28.9312,     57.8623,      0.0194,      0.0040,      0.0629,      0.2118,   7907.7056,-510747.8438,   -936.4984,    550.3345,  26359.0176,
       1,     169,     350,      20,       1,       3,       1,     10.0000,      1.4097,     42.7433,    251.0658,     63.1838,      3.4953,      0.0028,     -0.0298,      5.0191,      0.1594,      5.6383,     11.2765,      1.4082,     28.9312,     57.8623,      0.0194,      0.0039,      0.0156,      0.2118,   7907.7056,-452424.3125,   -926.0794,    554.3474,  26359.0176,
       1,     169,     350,      21,       1,       3,       1,     10.0000,      1.4097,     42.7433,    251.0658,     63.1838,      3.4953,      0.0000,     -0.0324,      5.1540,      0.1549,      5.6383,     11.2765,      1.3692,     28.9312,     57.8623,      0.0194,      0.0040,      0.0156,      0.2118,   7907.7056,-428563.0000,   -921.9410,    556.0154,  26359.0176,
       1,     169,     350,      22,       1,       3,       1,     10.0000,      1.4097,     42.7433,    251.0658,     63.1838,      3.4953,      0.0000,     -0.0323,      4.7272,      0.1511,      5.6383,     11.2765,      1.3352,     28.9312,     57.8623,      0.0194,      0.0037,      0.0156,      0.2119,   7907.7056,-426722.9375,   -921.9409,    556.1458,  26359.0176,
       1,     169,     350,      23,       1,       3,       1,     10.0000,      1.4097,     42.7433,    251.0658,     63.1838,      3.4953,      0.0000,     -0.0323,      3.9503,      0.1529,      5.6383,     11.2765,      1.3514,     28.9312,     57.8623,      0.0194,      0.0031,      0.0156,      0.2119,   7907.7056,-426053.3438,   -922.1126,    556.1924,  26359.0176,
       1,     169,     350,      24,       1,       3,       1,     10.0000,      1.4097,     42.7433,    251.0658,     63.1838,      3.4953,      0.0000,     -0.0322,      3.7738,      0.1502,      5.6383,     11.2765,      1.3271,     28.9312,     57.8623,      0.0194,      0.0029,      0.0156,      0.2119,   7907.7056,-425063.8750,   -922.1573,    556.2612,  26359.0176,
       1,     169,     351,       1,       1,       3,       1,     10.0000,      1.4097,     42.7436,    251.0717,     63.1853,      3.4953,      0.0000,     -0.0320,      3.2076,      0.1443,      5.6383,     11.2766,      1.2747,     28.9367,     57.8733,      0.0194,      0.0025,      0.0156,      0.2119,   7907.7056,-424922.4062,   -922.6147,    556.2840,  26360.1875,
       1,     169,     351,       2,       1,       3,       1,     10.0000,      1.4097,     42.7436,    251.0717,     63.1853,      3.4953,      0.0000,     -0.0319,      2.6746,      0.1425,      5.6383,     11.2766,      1.2593,     28.9367,     57.8733,      0.0194,      0.0021,      0.0156,      0.2119,   7908.0566,-424079.1562,   -922.3591,    556.3427,  26360.1855,
       1,     169,     351,       3,       1,       3,       1,     10.0000,      1.4097,     42.7436,    251.0717,     63.1853,      3.4953,      0.0000,     -0.0321,      2.3602,      0.1453,      5.6383,     11.2766,      1.2837,     28.9367,     57.8733,      0.0194,      0.0018,      0.0156,      0.2119,   7908.0562,-423368.7188,   -922.3563,    556.3921,  26360.1855,
       1,     169,     351,       4,       1,       3,       1,     10.0000,      1.4097,     42.7436,    251.0717,     63.1853,      3.4953,      0.0000,     -0.0321,      1.9277,      0.1453,      5.6383,     11.2766,      1.2837,     28.9367,     57.8733,      0.0194,      0.0015,      0.0156,      0.2119,   7908.0562,-422931.5625,   -922.3847,    556.4225,  26360.1855,
       1,     169,     351,       5,       1,       3,       1,     10.0000,      1.4097,     42.7436,    251.0717,     63.1853,      3.4953,      0.0000,     -0.0320,      1.9558,      0.1432,      5.6383,     11.2766,      1.2657,     28.9367,     57.8733,      0.0194,      0.0015,      0.0156,      0.2119,   7908.0562,-422375.3750,   -922.3674,    556.4612,  26360.1855,
       1,     169,     351,       6,       1,       3,       1,     10.0000,      1.4097,     42.7436,    251.0717,     63.1853,      3.4953,      0.0000,     -0.0320,      2.2172,      0.1434,      5.6383,     11.2766,      1.2670,     28.9367,     57.8733,      0.0194,      0.0017,      0.0156,      0.2119,   7908.0562,-422362.7188,   -922.4512,    556.4621,  26360.1855,
       1,     169,     351,       7,       1,       3,       1,     10.0000,      1.4097,     42.7436,    251.0717,     63.1853,      3.4953,      0.0000,     -0.0320,      1.7580,      0.1438,      5.6383,     11.2766,      1.2708,     28.9367,     57.8733,      0.0194,      0.0014,      0.0156,      0.2119,   7908.0562,-422675.6562,   -922.6056,    556.4403,  26360.1875,
       1,     169,     351,       8,       1,       3,       1,     10.0000,      1.4097,     42.7436,    251.0717,     63.1853,      3.4953,      0.0047,     -0.0273,      1.9822,      0.1441,      5.6383,     11.2766,      1.2734,     28.9367,     57.8733,      0.0194,      0.0015,      0.0156,      0.2119,   7908.0566,-422149.7812,   -922.5751,    556.4768,  26360.1855,
       1,     169,     351,       9,       1,       3,       1,     10.0000,      1.4097,     42.7436,    251.0717,     63.1853,      3.4953,      0.0878,      0.0556,     18.6181,      0.1482,      5.6383,     11.2766,      1.3099,     28.9367,     57.8733,      0.0194,      0.0022,      0.1031,      0.2119,   7908.0562,-422375.6875,   -922.7031,    556.4612,  26360.1855,
       1,     169,     351,      10,       1,       3,       1,     10.0000,      1.4097,     42.7436,    251.0717,     63.1853,      3.4953,      0.1356,      0.1026,     34.3941,      0.1730,      5.6383,     11.2766,      1.5287,     28.9367,     57.8733,      0.0194,      0.0025,      0.1696,      0.2119,   7908.0562,-442380.6875,   -926.7736,    555.0697,  26360.1855,
       1,     169,     351,      11,       1,       3,       1,     10.0000,      1.4097,     42.7436,    251.0717,     63.1853,      3.4953,      0.1861,      0.1527,     46.1777,      0.1846,      5.6383,     11.2766,      1.6309,     28.9367,     57.8733,      0.0194,      0.0023,      0.2410,      0.2119,   7908.0562,-463015.1250,   -931.1223,    553.6397,  26360.1855,
       1,     169,     351,      12,       1,       3,       1,     10.0000,      1.4097,     42.7436,    251.0717,     63.1853,      3.4953,      0.1920,      0.1580,     43.7096,      0.2050,      5.6383,     11.2766,      1.8114,     28.9367,     57.8733,      0.0194,      0.0021,      0.2500,      0.2119,   7908.0562,-478905.1250,   -934.7460,    552.5418,  26360.1855,
       1,     169,     351,      13,       1,       3,       1,     10.0000,      1.4097,     42.7436,    251.0717,     63.1853,      3.4953,      0.1916,      0.1575,     40.1635,      0.2103,      5.6383,     11.2766,      1.8585,     28.9367,     57.8733,      0.0194,      0.0020,      0.2500,      0.2118,   7908.0562,-477263.2188,   -935.0479,    552.6563,  26360.1855,
       1,     169,     351,      14,       1,       3,       1,     10.0000,      1.4097,     42.7436,    251.0717,     63.1853,      3.4953,      0.1910,      0.1567,     32.2446,      0.2151,      5.6383,     11.2766,      1.9010,     28.9367,     57.8733,      0.0194,      0.0016,      0.2500,      0.2118,   7908.0562,-472861.4688,   -934.7192,    552.9604,  26360.1855,
       1,     169,     351,      15,       1,       3,       1,     10.0000,      1.4097,     42.7436,    251.0717,     63.1853,      3.4953,      0.1926,      0.1581,     53.3158,      0.2214,      5.6383,     11.2766,      1.9560,     28.9367,     57.8733,      0.0194,      0.0026,      0.2500,      0.2118,   7908.0562,-462974.1562,   -933.2060,    553.6440,  26360.1855,
       1,     169,     351,      16,       1,       3,       1,     10.0000,      1.4097,     42.7436,    251.0717,     63.1853,      3.4953,      0.1902,      0.1559,     77.0216,      0.2156,      5.6383,     11.2766,      1.9048,     28.9367,     57.8733,      0.0194,      0.0038,      0.2438,      0.2119,   7908.0562,-487480.6562,   -938.4316,    551.9484,  26360.1816,
       1,     169,     351,      17,       1,       3,       1,     10.0000,      1.4097,     42.7436,    251.0717,     63.1853,      3.4953,      0.1648,      0.1307,     86.2153,      0.2093,      5.6383,     11.2766,      1.8493,     28.9367,     57.8733,      0.0194,      0.0051,      0.2059,      0.2118,   7908.0547,-518038.0312,   -944.9271,    549.8428,  26360.1836,
       1,     169,     351,      18,       1,       3,       1,     10.0000,      1.4097,     42.7436,    251.0717,     63.1853,      3.4953,      0.1385,      0.1048,     72.8446,      0.1957,      5.6383,     11.2766,      1.7292,     28.9367,     57.8733,      0.0194,      0.0052,      0.1694,      0.2118,   7908.0552,-531652.5000,   -948.1541,    548.9111,  26360.1836,
       1,     169,     351,      19,       1,       3,       1,     10.0000,      1.4097,     42.7436,    251.0717,     63.1853,      3.4953,      0.0420,      0.0088,     15.9348,      0.1800,      5.6383,     11.2766,      1.5909,     28.9367,     57.8733,      0.0194,      0.0052,      0.0369,      0.2118,   7908.0552,-516693.2812,   -945.7045,    549.9382,  26360.1836,
       1,     169,     351,      20,       1,       3,       1,     10.0000,      1.4097,     42.7436,    251.0717,     63.1853,      3.4953,      0.0015,     -0.0313,      6.7245,      0.1664,      5.6383,     11.2766,      1.4703,     28.9367,     57.8733,      0.0194,      0.0052,      0.0156,      0.2118,   7908.0552,-446983.3125,   -932.1801,    554.7312,  26360.1855,
       1,     169,     351,      21,       1,       3,       1,     10.0000,      1.4097,     42.7436,    251.0717,     63.1853,      3.4953,      0.0000,     -0.0324,      6.2508,      0.1564,      5.6383,     11.2766,      1.3817,     28.9367,     57.8733,      0.0194,      0.0049,      0.0156,      0.2119,   7908.0562,-430169.9375,   -928.9221,    555.9180,  26360.1836,
       1,     169,     351,      22,       1,       3,       1,     10.0000,      1.4097,     42.7436,    251.0717,     63.1853,      3.4953,      0.0000,     -0.0323,      5.6602,      0.1534,      5.6383,     11.2766,      1.3555,     28.9367,     57.8733,      0.0194,      0.0044,      0.0156,      0.2119,   7908.0552,-428175.7812,   -928.5578,    556.0579,  26360.1836,
       1,     169,     351,      23,       1,       3,       1,     10.0000,      1.4097,     42.7436,    251.0717,     63.1853,      3.4953,      0.0000,     -0.0324,      5.0044,      0.1540,      5.6383,     11.2766,      1.3610,     28.9367,     57.8733,      0.0194,      0.0039,      0.0156,      0.2119,   7908.0552,-427298.0000,   -928.4036,    556.1188,  26360.1855,
       1,     169,     351,      24,       1,       3,       1,     10.0000,      1.4097,     42.7436,    251.0717,     63.1853,      3.4953,      0.0000,     -0.0323,      4.1747,      0.1522,      5.6383,     11.2766,      1.3447,     28.9367,     57.8733,      0.0194,      0.0032,      0.0156,      0.2119,   7908.0562,-426436.8125,   -928.2449,    556.1787,  26360.1816,
       1,     169,     352,       1,       1,       3,       1,     10.0000,      1.4098,     42.7440,    251.0775,     63.1868,      3.4953,      0.0000,     -0.0322,      3.6063,      0.1499,      5.6388,     11.2777,      1.3245,     28.9390,     57.8780,      0.0194,      0.0028,      0.0156,      0.2119,   7908.0547,-425521.4062,   -928.3500,    556.2553,  26361.3496,
       1,     169,     352,       2,       1,       3,       1,     10.0000,      1.4098,     42.7440,    251.0775,     63.1868,      3.4953,      0.0000,     -0.0321,      2.4801,      0.1466,      5.6388,     11.2777,      1.2955,     28.9390,     57.8780,      0.0194,      0.0019,      0.0156,      0.2119,   7908.4053,-424611.0938,   -927.9011,    556.3186,  26361.3496,
       1,     169,     352,       3,       1,       3,       1,     10.0000,      1.4098,     42.7440,    251.0775,     63.1868,      3.4953,      0.0000,     -0.0321,      2.1612,      0.1466,      5.6388,     11.2777,      1.2955,     28.9390,     57.8780,      0.0194,      0.0017,      0.0156,      0.2119,   7908.4053,-423182.1250,   -927.6214,    556.4180,  26361.3496,
       1,     169,     352,       4,       1,       3,       1,     10.0000,      1.4098,     42.7440,    251.0775,     63.1868,      3.4953,      0.0000,     -0.0322,      2.2810,      0.1482,      5.6388,     11.2777,      1.3099,     28.9390,     57.8780,      0.0194,      0.0018,      0.0156,      0.2119,   7908.4053,-422679.7812,   -927.5236,    556.4529,  26361.3516,
       1,     169,     352,       5,       1,       3,       1,     10.0000,      1.4098,     42.7440,    251.0775,     63.1868,      3.4953,      0.0000,     -0.0319,      1.9377,      0.1399,      5.6388,     11.2777,      1.2366,     28.9390,     57.8780,      0.0194,      0.0015,      0.0156,      0.2119,   7908.4058,-422781.2812,   -927.5430,    556.4458,  26361.3477,
       1,     169,     352,       6,       1,       3,       1,     10.0000,      1.4098,     42.7440,    251.0775,     63.1868,      3.4953,      0.0000,     -0.0315,      2.0164,      0.1311,      5.6388,     11.2777,      1.1589,     28.9390,     57.8780,      0.0194,      0.0016,      0.0156,      0.2119,   7908.4048,-422378.0000,   -927.4659,    556.4739,  26361.3516,
       1,     169,     352,       7,       1,       3,       1,     10.0000,      1.4098,     42.7440,    251.0775,     63.1868,      3.4953,      0.0000,     -0.0317,      1.8284,      0.1348,      5.6388,     11.2777,      1.1911,     28.9390,     57.8780,      0.0194,      0.0014,      0.0156,      0.2119,   7908.4058,-422438.2188,   -927.4774,    556.4697,  26361.3496,
       1,     169,     352,       8,       1,       3,       1,     10.0000,      1.4098,     42.7440,    251.0775,     63.1868,      3.4953,      0.0023,     -0.0291,      1.5851,      0.1272,      5.6388,     11.2777,      1.1240,     28.9390,     57.8780,      0.0194,      0.0012,      0.0156,      0.2119,   7908.4053,-422217.7812,   -927.4347,    556.4850,  26361.3496,
       1,     169,     352,       9,       1,       3,       1,     10.0000,      1.4098,     42.7440,    251.0775,     63.1868,      3.4953,      0.1234,      0.0916,     17.2557,      0.1380,      5.6388,     11.2777,      1.2192,     28.9390,     57.8780,      0.0194,      0.0014,      0.1544,      0.2119,   7908.4053,-421907.1562,   -927.3752,    556.5067,  26361.3496,
       1,     169,     352,      10,       1,       3,       1,     10.0000,      1.4098,     42.7440,    251.0775,     63.1868,      3.4953,      0.1351,      0.1024,     10.6901,      0.1613,      5.6388,     11.2777,      1.4254,     28.9390,     57.8780,      0.0194,      0.0008,      0.1716,      0.2119,   7908.4053,-440705.3438,   -931.1497,    555.1990,  26361.3496,
       1,     169,     352,      11,       1,       3,       1,     10.0000,      1.4098,     42.7440,    251.0775,     63.1868,      3.4953,      0.1649,      0.1314,     18.9369,      0.1860,      5.6388,     11.2777,      1.6440,     28.9390,     57.8780,      0.0194,      0.0011,      0.2135,      0.2119,   7908.4053,-434390.9375,   -929.9348,    555.6388,  26361.3496,
       1,     169,     352,      12,       1,       3,       1,     10.0000,      1.4098,     42.7440,    251.0775,     63.1868,      3.4953,      0.1702,      0.1364,     30.3893,      0.1963,      5.6388,     11.2777,      1.7344,     28.9390,     57.8780,      0.0194,      0.0017,      0.2199,      0.2119,   7908.4053,-443770.6562,   -931.8435,    554.9875,  26361.3496,
       1,     169,     352,      13,       1,       3,       1,     10.0000,      1.4098,     42.7440,    251.0775,     63.1868,      3.4953,      0.1899,      0.1560,     17.2985,      0.2024,      5.6388,     11.2777,      1.7884,     28.9390,     57.8780,      0.0194,      0.0008,      0.2500,      0.2119,   7908.4053,-458316.0312,   -934.8146,    553.9788,  26361.3477,
       1,     169,     352,      14,       1,       3,       1,     10.0000,      1.4098,     42.7440,    251.0775,     63.1868,      3.4953,      0.1886,      0.1542,     38.7915,      0.2185,      5.6388,     11.2777,      1.9312,     28.9390,     57.8780,      0.0194,      0.0019,      0.2458,      0.2119,   7908.4048,-443798.5312,   -931.9462,    554.9850,  26361.3496,
       1,     169,     352,      15,       1,       3,       1,     10.0000,      1.4098,     42.7440,    251.0775,     63.1868,      3.4953,      0.1913,      0.1569,     84.3243,      0.2183,      5.6388,     11.2777,      1.9293,     28.9390,     57.8780,      0.0194,      0.0042,      0.2445,      0.2119,   7908.4053,-468415.2188,   -936.9254,    553.2782,  26361.3516,
       1,     169,     352,      16,       1,       3,       1,     10.0000,      1.4098,     42.7440,    251.0775,     63.1868,      3.4953,      0.1596,      0.1254,     82.5101,      0.2135,      5.6388,     11.2777,      1.8862,     28.9390,     57.8780,      0.0194,      0.0050,      0.1988,      0.2119,   7908.4058,-525207.7500,   -948.4983,    549.3531,  26361.3496,
       1,     169,     352,      17,       1,       3,       1,     10.0000,      1.4098,     42.7440,    251.0775,     63.1868,      3.4953,      0.1789,      0.1448,     99.9541,      0.2070,      5.6388,     11.2777,      1.8294,     28.9390,     57.8780,      0.0194,      0.0054,      0.2247,      0.2118,   7908.4053,-527794.8125,   -949.3516,    549.1893,  26361.3496,
       1,     169,     352,      18,       1,       3,       1,     10.0000,      1.4098,     42.7440,    251.0775,     63.1868,      3.4953,      0.1377,      0.1040,     80.7500,      0.1965,      5.6388,     11.2777,      1.7361,     28.9390,     57.8780,      0.0194,      0.0059,      0.1674,      0.2118,   7908.4053,-548981.2500,   -953.9763,    547.7349,  26361.3477,
       1,     169,     352,      19,       1,       3,       1,     10.0000,      1.4098,     42.7440,    251.0775,     63.1868,      3.4953,      0.0610,      0.0278,     33.3538,      0.1779,      5.6388,     11.2777,      1.5720,     28.9390,     57.8780,      0.0194,      0.0065,      0.0622,      0.2118,   7908.4048,-527637.0000,   -950.0456,    549.1982,  26361.3477,
       1,     169,     352,      20,       1,       3,       1,     10.0000,      1.4098,     42.7440,    251.0775,     63.1868,      3.4953,      0.0041,     -0.0287,      7.8024,      0.1666,      5.6388,     11.2777,      1.4718,     28.9390,     57.8780,      0.0194,      0.0061,      0.0156,      0.2118,   7908.4048,-468840.1562,   -938.3482,    553.2366,  26361.3477,
       1,     169,     352,      21,       1,       3,       1,     10.0000,      1.4098,     42.7440,    251.0775,     63.1868,      3.4953,      0.0000,     -0.0325,      7.1495,      0.1575,      5.6388,     11.2777,      1.3914,     28.9390,     57.8780,      0.0194,      0.0056,      0.0156,      0.2119,   7908.4048,-433274.6250,   -931.1401,    555.7109,  26361.3477,
       1,     169,     352,      22,       1,       3,       1,     10.0000,      1.4098,     42.7440,    251.0775,     63.1868,      3.4953,      0.0000,     -0.0323,      6.4478,      0.1531,      5.6388,     11.2777,      1.3528,     28.9390,     57.8780,      0.0194,      0.0050,      0.0156,      0.2119,   7908.4048,-429522.0625,   -930.3154,    555.9772,  26361.3477,
       1,     169,     352,      23,       1,       3,       1,     10.0000,      1.4098,     42.7440,    251.0775,     63.1868,      3.4953,      0.0000,     -0.0324,      5.9437,      0.1537,      5.6388,     11.2777,      1.3583,     28.9390,     57.8780,      0.0194,      0.0046,      0.0156,      0.2119,   7908.4048,-428359.2188,   -930.0179,    556.0581,  26361.3477,
       1,     169,     352,      24,       1,       3,       1,     10.0000,      1.4098,     42.7440,    251.0775,     63.1868,      3.4953,      0.0000,     -0.0322,      4.5537,      0.1497,      5.6388,     11.2777,      1.3232,     28.9390,     57.8780,      0.0194,      0.0035,      0.0156,      0.2119,   7908.4048,-427656.3125,   -929.8162,    556.1069,  26361.3496,
       1,     169,     353,       1,       1,       3,       1,     10.0000,      1.4098,     42.7443,    251.0834,     63.1882,      3.4953,      0.0000,     -0.0320,      3.6846,      0.1431,      5.6387,     11.2775,      1.2645,     28.9411,     57.8822,      0.0194,      0.0029,      0.0156,      0.2119,   7908.4053,-426080.9375,   -929.7401,    556.2294,  26362.5176,
       1,     169,     353,       2,       1,       3,       1,     10.0000,      1.4098,     42.7443,    251.0834,     63.1882,      3.4953,      0.0000,     -0.0320,      2.6552,      0.1437,      5.6387,     11.2775,      1.2696,     28.9411,     57.8822,      0.0194,      0.0021,      0.0156,      0.2119,   7908.7554,-424754.5625,   -929.1633,    556.3216,  26362.5176,
       1,     169,     353,       3,       1,       3,       1,     10.0000,      1.4098,     42.7443,    251.0834,     63.1882,      3.4953,      0.0000,     -0.0320,      2.0989,      0.1432,      5.6387,     11.2775,      1.2658,     28.9411,     57.8822,      0.0194,      0.0016,      0.0156,      0.2119,   7908.7554,-423407.3438,   -928.8690,    556.4153,  26362.5176,
       1,     169,     353,       4,       1,       3,       1,     10.0000,      1.4098,     42.7443,    251.0834,     63.1882,      3.4953,      0.0000,     -0.0319,      2.0167,      0.1409,      5.6387,     11.2775,      1.2454,     28.9411,     57.8822,      0.0194,      0.0016,      0.0156,      0.2119,   7908.7554,-422626.5312,   -928.6945,    556.4696,  26362.5176,
       1,     169,     353,       5,       1,       3,       1,     10.0000,      1.4098,     42.7443,    251.0834,     63.1882,      3.4953,      0.0000,     -0.0318,      1.5281,      0.1374,      5.6387,     11.2775,      1.2143,     28.9411,     57.8822,      0.0194,      0.0012,      0.0156,      0.2119,   7908.7554,-422462.6562,   -928.6440,    556.4811,  26362.5176,
       1,     169,     353,       6,       1,       3,       1,     10.0000,      1.4098,     42.7443,    251.0834,     63.1882,      3.4953,      0.0000,     -0.0316,      1.0845,      0.1341,      5.6387,     11.2775,      1.1851,     28.9411,     57.8822,      0.0194,      0.0008,      0.0156,      0.2119,   7908.7554,-421862.0000,   -928.5106,    556.5228,  26362.5176,
       1,     169,     353,       7,       1,       3,       1,     10.0000,      1.4098,     42.7443,    251.0834,     63.1882,      3.4953,      0.0000,     -0.0316,      1.1923,      0.1330,      5.6387,     11.2775,      1.1755,     28.9411,     57.8822,      0.0194,      0.0009,      0.0156,      0.2119,   7908.7554,-421278.9688,   -928.3864,    556.5634,  26362.5176,
       1,     169,     353,       8,       1,       3,       1,     10.0000,      1.4098,     42.7443,    251.0834,     63.1882,      3.4953,      0.0117,     -0.0200,      1.2682,      0.1336,      5.6387,     11.2775,      1.1803,     28.9411,     57.8822,      0.0194,      0.0010,      0.0156,      0.2119,   7908.7554,-421359.8125,   -928.3952,    556.5577,  26362.5176,
       1,     169,     353,       9,       1,       3,       1,     10.0000,      1.4098,     42.7443,    251.0834,     63.1882,      3.4953,      0.1022,      0.0702,     10.4472,      0.1444,      5.6387,     11.2775,      1.2760,     28.9411,     57.8822,      0.0194,      0.0010,      0.1248,      0.2119,   7908.7554,-421457.7812,   -928.4034,    556.5509,  26362.5176,
       1,     169,     353,      10,       1,       3,       1,     10.0000,      1.4098,     42.7443,    251.0834,     63.1882,      3.4953,      0.1398,      0.1069,     15.7982,      0.1679,      5.6387,     11.2775,      1.4836,     28.9411,     57.8822,      0.0194,      0.0011,      0.1778,      0.2119,   7908.7554,-432490.8438,   -930.6319,    555.7834,  26362.5176,
       1,     169,     353,      11,       1,       3,       1,     10.0000,      1.4098,     42.7443,    251.0834,     63.1882,      3.4953,      0.1317,      0.0983,     16.2399,      0.1870,      5.6387,     11.2775,      1.6522,     28.9411,     57.8822,      0.0194,      0.0012,      0.1660,      0.2119,   7908.7554,-439842.1250,   -932.1197,    555.2732,  26362.5176,
       1,     169,     353,      12,       1,       3,       1,     10.0000,      1.4098,     42.7443,    251.0834,     63.1882,      3.4953,      0.1691,      0.1355,     19.6557,      0.1921,      5.6387,     11.2775,      1.6971,     28.9411,     57.8822,      0.0194,      0.0011,      0.2196,      0.2119,   7908.7554,-440986.4688,   -932.3669,    555.1940,  26362.5156,
       1,     169,     353,      13,       1,       3,       1,     10.0000,      1.4098,     42.7443,    251.0834,     63.1882,      3.4953,      0.1155,      0.0816,     13.8589,      0.2016,      5.6387,     11.2775,      1.7814,     28.9411,     57.8822,      0.0194,      0.0012,      0.1428,      0.2119,   7908.7549,-445185.8750,   -933.2236,    554.9025,  26362.5176,
       1,     169,     353,      14,       1,       3,       1,     10.0000,      1.4098,     42.7443,    251.0834,     63.1882,      3.4953,      0.1478,      0.1137,     29.9543,      0.2085,      5.6387,     11.2775,      1.8421,     28.9411,     57.8822,      0.0194,      0.0019,      0.1876,      0.2119,   7908.7554,-438571.4375,   -931.9073,    555.3614,  26362.5176,
       1,     169,     353,      15,       1,       3,       1,     10.0000,      1.4098,     42.7443,    251.0834,     63.1882,      3.4953,      0.1816,      0.1476,     57.1300,      0.2032,      5.6387,     11.2775,      1.7955,     28.9411,     57.8822,      0.0194,      0.0030,      0.2334,      0.2119,   7908.7554,-457356.8438,   -935.7576,    554.0575,  26362.5156,
       1,     169,     353,      16,       1,       3,       1,     10.0000,      1.4098,     42.7443,    251.0834,     63.1882,      3.4953,      0.1243,      0.0905,     50.2257,      0.1980,      5.6387,     11.2775,      1.7500,     28.9411,     57.8822,      0.0194,      0.0040,      0.1514,      0.2119,   7908.7549,-491586.2188,   -942.8093,    551.6884,  26362.5176,
       1,     169,     353,      17,       1,       3,       1,     10.0000,      1.4098,     42.7443,    251.0834,     63.1882,      3.4953,      0.0674,      0.0337,     26.6456,      0.1955,      5.6387,     11.2775,      1.7276,     28.9411,     57.8822,      0.0194,      0.0045,      0.0718,      0.2119,   7908.7554,-486150.6562,   -941.8586,    552.0684,  26362.5176,
       1,     169,     353,      18,       1,       3,       1,     10.0000,      1.4098,     42.7443,    251.0834,     63.1882,      3.4953,      0.1155,      0.0821,     55.6166,      0.1848,      5.6387,     11.2775,      1.6326,     28.9411,     57.8822,      0.0194,      0.0049,      0.1382,      0.2119,   7908.7554,-457343.3438,   -936.0673,    554.0564,  26362.5176,
       1,     169,     353,      19,       1,       3,       1,     10.0000,      1.4098,     42.7443,    251.0834,     63.1882,      3.4953,      0.0343,      0.0012,     10.5025,      0.1747,      5.6387,     11.2775,      1.5441,     28.9411,     57.8822,      0.0194,      0.0048,      0.0265,      0.2119,   7908.7554,-489768.6875,   -942.7789,    551.8143,  26362.5176,
       1,     169,     353,      20,       1,       3,       1,     10.0000,      1.4098,     42.7443,    251.0834,     63.1882,      3.4953,      0.0017,     -0.0310,      5.8093,      0.1633,      5.6387,     11.2775,      1.4426,     28.9411,     57.8822,      0.0194,      0.0045,      0.0156,      0.2119,   7908.7554,-438239.4062,   -932.2886,    555.3732,  26362.5156,
       1,     169,     353,      21,       1,       3,       1,     10.0000,      1.4098,     42.7443,    251.0834,     63.1882,      3.4953,      0.0000,     -0.0325,      5.3770,      0.1581,      5.6387,     11.2775,      1.3971,     28.9411,     57.8822,      0.0194,      0.0042,      0.0156,      0.2119,   7908.7549,-428335.1875,   -930.2103,    556.0723,  26362.5156,
       1,     169,     353,      22,       1,       3,       1,     10.0000,      1.4098,     42.7443,    251.0834,     63.1882,      3.4953,      0.0000,     -0.0324,      4.8718,      0.1564,      5.6387,     11.2775,      1.3817,     28.9411,     57.8822,      0.0194,      0.0038,      0.0156,      0.2119,   7908.7549,-426976.3750,   -929.8696,    556.1672,  26362.5156,
       1,     169,     353,      23,       1,       3,       1,     10.0000,      1.4098,     42.7443,    251.0834,     63.1882,      3.4953,      0.0000,     -0.0324,      4.1718,      0.1546,      5.6387,     11.2775,      1.3665,     28.9411,     57.8822,      0.0194,      0.0032,      0.0156,      0.2119,   7908.7549,-426255.5938,   -929.6650,    556.2173,  26362.5156,
       1,     169,     353,      24,       1,       3,       1,     10.0000,      1.4098,     42.7443,    251.0834,     63.1882,      3.4953,      0.0000,     -0.0323,      3.4566,      0.1510,      5.6387,     11.2775,      1.3339,     28.9411,     57.8822,      0.0194,      0.0027,      0.0156,      0.2119,   7908.7549,-425354.4375,   -929.4330,    556.2799,  26362.5176,
       1,     169,     354,       1,       1,       3,       1,     10.0000,      1.4098,     42.7446,    251.0892,     63.1897,      3.4953,      0.0000,     -0.0324,      2.7752,      0.1545,      5.6395,     11.2789,      1.3652,     28.9342,     57.8685,      0.0194,      0.0022,      0.0156,      0.2120,   7908.7554,-424573.3125,   -929.5208,    556.3474,  26363.6836,
       1,     169,     354,       2,       1,       3,       1,     10.0000,      1.4098,     42.7446,    251.0892,     63.1897,      3.4953,      0.0000,     -0.0324,      2.2962,      0.1561,      5.6395,     11.2789,      1.3790,     28.9342,     57.8685,      0.0194,      0.0018,      0.0156,      0.2120,   7909.1055,-423538.9375,   -928.9987,    556.4193,  26363.6836,
       1,     169,     354,       3,       1,       3,       1,     10.0000,      1.4098,     42.7446,    251.0892,     63.1897,      3.4953,      0.0000,     -0.0323,      2.3457,      0.1519,      5.6395,     11.2789,      1.3420,     28.9342,     57.8685,      0.0194,      0.0018,      0.0156,      0.2120,   7909.1055,-422877.3750,   -928.8402,    556.4652,  26363.6855,
       1,     169,     354,       4,       1,       3,       1,     10.0000,      1.4098,     42.7446,    251.0892,     63.1897,      3.4953,      0.0000,     -0.0321,      2.3966,      0.1477,      5.6395,     11.2789,      1.3047,     28.9342,     57.8685,      0.0194,      0.0019,      0.0156,      0.2120,   7909.1060,-422881.1250,   -928.8156,    556.4650,  26363.6836,
       1,     169,     354,       5,       1,       3,       1,     10.0000,      1.4098,     42.7446,    251.0892,     63.1897,      3.4953,      0.0000,     -0.0320,      2.2985,      0.1437,      5.6395,     11.2789,      1.2696,     28.9342,     57.8685,      0.0194,      0.0018,      0.0156,      0.2120,   7909.1055,-422943.0312,   -928.8037,    556.4606,  26363.6836,
       1,     169,     354,       6,       1,       3,       1,     10.0000,      1.4098,     42.7446,    251.0892,     63.1897,      3.4953,      0.0000,     -0.0318,      2.3165,      0.1390,      5.6395,     11.2789,      1.2279,     28.9342,     57.8685,      0.0194,      0.0018,      0.0156,      0.2120,   7909.1055,-422830.4062,   -928.7578,    556.4685,  26363.6836,
       1,     169,     354,       7,       1,       3,       1,     10.0000,      1.4098,     42.7446,    251.0892,     63.1897,      3.4953,      0.0000,     -0.0317,      2.2207,      0.1360,      5.6395,     11.2789,      1.2021,     28.9342,     57.8685,      0.0194,      0.0017,      0.0156,      0.2120,   7909.1055,-422842.5312,   -928.7370,    556.4677,  26363.6836,
       1,     169,     354,       8,       1,       3,       1,     10.0000,      1.4098,     42.7446,    251.0892,     63.1897,      3.4953,      0.0018,     -0.0298,      1.8183,      0.1334,      5.6395,     11.2789,      1.1791,     28.9342,     57.8685,      0.0194,      0.0014,      0.0156,      0.2120,   7909.1055,-422728.4688,   -928.6915,    556.4756,  26363.6855,
       1,     169,     354,       9,       1,       3,       1,     10.0000,      1.4098,     42.7446,    251.0892,     63.1897,      3.4953,      0.0759,      0.0440,     10.1287,      0.1412,      5.6395,     11.2789,      1.2480,     28.9342,     57.8685,      0.0194,      0.0014,      0.0873,      0.2120,   7909.1060,-422235.3125,   -928.5731,    556.5099,  26363.6836,
       1,     169,     354,      10,       1,       3,       1,     10.0000,      1.4098,     42.7446,    251.0892,     63.1897,      3.4953,      0.1666,      0.1336,     25.1534,      0.1723,      5.6395,     11.2789,      1.5227,     28.9342,     57.8685,      0.0194,      0.0014,      0.2153,      0.2120,   7909.1055,-432175.0312,   -930.5994,    555.8185,  26363.6836,
       1,     169,     354,      11,       1,       3,       1,     10.0000,      1.4098,     42.7446,    251.0892,     63.1897,      3.4953,      0.1888,      0.1553,     26.3377,      0.1896,      5.6395,     11.2789,      1.6754,     28.9342,     57.8685,      0.0194,      0.0013,      0.2473,      0.2120,   7909.1055,-451053.4062,   -934.4548,    554.5073,  26363.6816,
       1,     169,     354,      12,       1,       3,       1,     10.0000,      1.4098,     42.7446,    251.0892,     63.1897,      3.4953,      0.1905,      0.1562,     25.9395,      0.2156,      5.6395,     11.2789,      1.9049,     28.9342,     57.8685,      0.0194,      0.0013,      0.2500,      0.2119,   7909.1050,-454055.9688,   -935.0485,    554.3008,  26363.6836,
       1,     169,     354,      13,       1,       3,       1,     10.0000,      1.4098,     42.7446,    251.0892,     63.1897,      3.4953,      0.1779,      0.1436,     23.9118,      0.2149,      5.6395,     11.2789,      1.8993,     28.9342,     57.8685,      0.0194,      0.0013,      0.2319,      0.2119,   7909.1055,-453826.0000,   -934.9375,    554.3167,  26363.6816,
       1,     169,     354,      14,       1,       3,       1,     10.0000,      1.4098,     42.7446,    251.0892,     63.1897,      3.4953,      0.1916,      0.1571,     40.1913,      0.2205,      5.6395,     11.2789,      1.9484,     28.9342,     57.8685,      0.0194,      0.0020,      0.2500,      0.2119,   7909.1050,-451370.7188,   -934.4415,    554.4869,  26363.6836,
       1,     169,     354,      15,       1,       3,       1,     10.0000,      1.4098,     42.7446,    251.0892,     63.1897,      3.4953,      0.1911,      0.1569,     84.4297,      0.2122,      5.6395,     11.2789,      1.8751,     28.9342,     57.8685,      0.0194,      0.0042,      0.2442,      0.2119,   7909.1055,-470725.1875,   -938.4026,    553.1454,  26363.6836,
       1,     169,     354,      16,       1,       3,       1,     10.0000,      1.4098,     42.7446,    251.0892,     63.1897,      3.4953,      0.1842,      0.1500,    106.1099,      0.2149,      5.6395,     11.2789,      1.8993,     28.9342,     57.8685,      0.0194,      0.0056,      0.2318,      0.2119,   7909.1055,-525510.1875,   -949.8010,    549.3589,  26363.6836,
       1,     169,     354,      17,       1,       3,       1,     10.0000,      1.4098,     42.7446,    251.0892,     63.1897,      3.4953,      0.1787,      0.1446,    114.2116,      0.2089,      5.6395,     11.2789,      1.8458,     28.9342,     57.8685,      0.0194,      0.0062,      0.2228,      0.2119,   7909.1055,-556187.6250,   -956.4186,    547.2653,  26363.6855,
       1,     169,     354,      18,       1,       3,       1,     10.0000,      1.4098,     42.7446,    251.0892,     63.1897,      3.4953,      0.1332,      0.0993,     79.6861,      0.1998,      5.6395,     11.2789,      1.7656,     28.9342,     57.8685,      0.0194,      0.0060,      0.1609,      0.2118,   7909.1060,-568486.3125,   -959.3593,    546.4280,  26363.6836,
       1,     169,     354,      19,       1,       3,       1,     10.0000,      1.4098,     42.7446,    251.0892,     63.1897,      3.4953,      0.0695,      0.0360,     37.7210,      0.1875,      5.6395,     11.2789,      1.6572,     28.9342,     57.8685,      0.0194,      0.0062,      0.0738,      0.2118,   7909.1055,-527949.2500,   -951.3715,    549.1974,  26363.6816,
       1,     169,     354,      20,       1,       3,       1,     10.0000,      1.4098,     42.7446,    251.0892,     63.1897,      3.4953,      0.0030,     -0.0299,      6.8576,      0.1708,      5.6395,     11.2789,      1.5091,     28.9342,     57.8685,      0.0194,      0.0053,      0.0156,      0.2119,   7909.1050,-474120.7188,   -940.4182,    552.8998,  26363.6816,
       1,     169,     354,      21,       1,       3,       1,     10.0000,      1.4098,     42.7446,    251.0892,     63.1897,      3.4953,      0.0000,     -0.0327,      6.9055,      0.1631,      5.6395,     11.2789,      1.4412,     28.9342,     57.8685,      0.0194,      0.0054,      0.0156,      0.2119,   7909.1050,-432576.6875,   -931.8151,    555.7835,  26363.6797,
       1,     169,     354,      22,       1,       3,       1,     10.0000,      1.4098,     42.7446,    251.0892,     63.1897,      3.4953,      0.0000,     -0.0323,      6.1693,      0.1534,      5.6395,     11.2789,      1.3556,     28.9342,     57.8685,      0.0194,      0.0048,      0.0156,      0.2120,   7909.1040,-429177.3438,   -931.0453,    556.0272,  26363.6816,
       1,     169,     354,      23,       1,       3,       1,     10.0000,      1.4098,     42.7446,    251.0892,     63.1897,      3.4953,      0.0000,     -0.0319,      5.7941,      0.1407,      5.6395,     11.2789,      1.2429,     28.9342,     57.8685,      0.0194,      0.0045,      0.0156,      0.2120,   7909.1050,-428000.2500,   -930.7433,    556.1090,  26363.6816,
       1,     169,     354,      24,       1,       3,       1,     10.0000,      1.4098,     42.7446,    251.0892,     63.1897,      3.4953,      0.0000,     -0.0318,      5.7878,      0.1388,      5.6395,     11.2789,      1.2267,     28.9342,     57.8685,      0.0194,      0.0045,      0.0156,      0.2120,   7909.1050,-427451.3438,   -930.5744,    556.1472,  26363.6816,
       1,     169,     355,       1,       1,       3,       1,     10.0000,      1.4098,     42.7450,    251.0951,     63.1912,      3.4953,      0.0000,     -0.0317,      5.2344,      0.1370,      5.6393,     11.2785,      1.2107,     28.9373,     57.8747,      0.0194,      0.0041,      0.0156,      0.2120,   7909.1050,-427550.5000,   -930.8297,    556.1532,  26364.8477,
       1,     169,     355,       2,       1,       3,       1,     10.0000,      1.4098,     42.7450,    251.0951,     63.1912,      3.4953,      0.0000,     -0.0318,      4.5301,      0.1378,      5.6393,     11.2785,      1.2181,     28.9373,     57.8747,      0.0194,      0.0035,      0.0156,      0.2120,   7909.4546,-426743.7188,   -930.3275,    556.2093,  26364.8477,
       1,     169,     355,       3,       1,       3,       1,     10.0000,      1.4098,     42.7450,    251.0951,     63.1912,      3.4953,      0.0000,     -0.0320,      3.7239,      0.1430,      5.6393,     11.2785,      1.2633,     28.9373,     57.8747,      0.0194,      0.0029,      0.0156,      0.2120,   7909.4546,-425830.4688,   -930.0952,    556.2728,  26364.8477,
       1,     169,     355,       4,       1,       3,       1,     10.0000,      1.4098,     42.7450,    251.0951,     63.1912,      3.4953,      0.0000,     -0.0320,      2.5130,      0.1435,      5.6393,     11.2785,      1.2684,     28.9373,     57.8747,      0.0194,      0.0020,      0.0156,      0.2120,   7909.4546,-424786.0625,   -929.8433,    556.3455,  26364.8457,
       1,     169,     355,       5,       1,       3,       1,     10.0000,      1.4098,     42.7450,    251.0951,     63.1912,      3.4953,      0.0000,     -0.0317,      2.1398,      0.1367,      5.6393,     11.2785,      1.2082,     28.9373,     57.8747,      0.0194,      0.0017,      0.0156,      0.2120,   7909.4541,-423244.8438,   -929.5021,    556.4526,  26364.8457,
       1,     169,     355,       6,       1,       3,       1,     10.0000,      1.4098,     42.7450,    251.0951,     63.1912,      3.4953,      0.0000,     -0.0318,      1.8047,      0.1380,      5.6393,     11.2785,      1.2193,     28.9373,     57.8747,      0.0194,      0.0014,      0.0156,      0.2120,   7909.4541,-422667.9688,   -929.3642,    556.4927,  26364.8477,
       1,     169,     355,       7,       1,       3,       1,     10.0000,      1.4098,     42.7450,    251.0951,     63.1912,      3.4953,      0.0000,     -0.0319,      1.5305,      0.1417,      5.6393,     11.2785,      1.2518,     28.9373,     57.8747,      0.0194,      0.0012,      0.0156,      0.2120,   7909.4546,-422217.1562,   -929.2556,    556.5241,  26364.8477,
       1,     169,     355,       8,       1,       3,       1,     10.0000,      1.4098,     42.7450,    251.0951,     63.1912,      3.4953,      0.0024,     -0.0296,      1.9128,      0.1420,      5.6393,     11.2785,      1.2543,     28.9373,     57.8747,      0.0194,      0.0015,      0.0156,      0.2120,   7909.4546,-421850.2500,   -929.1675,    556.5496,  26364.8477,
       1,     169,     355,       9,       1,       3,       1,     10.0000,      1.4098,     42.7450,    251.0951,     63.1912,      3.4953,      0.0968,      0.0648,     15.2991,      0.1431,      5.6393,     11.2785,      1.2645,     28.9373,     57.8747,      0.0194,      0.0016,      0.1165,      0.2120,   7909.4546,-422278.6875,   -929.2406,    556.5198,  26364.8477,
       1,     169,     355,      10,       1,       3,       1,     10.0000,      1.4098,     42.7450,    251.0951,     63.1912,      3.4953,      0.1503,      0.1178,     22.7689,      0.1581,      5.6393,     11.2785,      1.3971,     28.9373,     57.8747,      0.0194,      0.0014,      0.1922,      0.2120,   7909.4546,-438389.2500,   -932.5883,    555.3991,  26364.8496,
       1,     169,     355,      11,       1,       3,       1,     10.0000,      1.4098,     42.7450,    251.0951,     63.1912,      3.4953,      0.1875,      0.1543,     30.0505,      0.1776,      5.6393,     11.2785,      1.5690,     28.9373,     57.8747,      0.0194,      0.0015,      0.2448,      0.2120,   7909.4551,-448709.5000,   -934.7513,    554.6837,  26364.8457,
       1,     169,     355,      12,       1,       3,       1,     10.0000,      1.4098,     42.7450,    251.0951,     63.1912,      3.4953,      0.1919,      0.1582,     41.3783,      0.1930,      5.6393,     11.2785,      1.7056,     28.9373,     57.8747,      0.0194,      0.0020,      0.2500,      0.2120,   7909.4541,-458318.5000,   -936.7626,    554.0179,  26364.8477,
       1,     169,     355,      13,       1,       3,       1,     10.0000,      1.4098,     42.7450,    251.0951,     63.1912,      3.4953,      0.1917,      0.1577,     39.5377,      0.2038,      5.6393,     11.2785,      1.8009,     28.9373,     57.8747,      0.0194,      0.0019,      0.2500,      0.2120,   7909.4546,-472730.1562,   -939.7822,    553.0203,  26364.8457,
       1,     169,     355,      14,       1,       3,       1,     10.0000,      1.4098,     42.7450,    251.0951,     63.1912,      3.4953,      0.1914,      0.1571,     37.3781,      0.2147,      5.6393,     11.2785,      1.8975,     28.9373,     57.8747,      0.0194,      0.0018,      0.2500,      0.2119,   7909.4541,-471721.8438,   -939.6021,    553.0909,  26364.8477,
       1,     169,     355,      15,       1,       3,       1,     10.0000,      1.4098,     42.7450,    251.0951,     63.1912,      3.4953,      0.1928,      0.1585,     54.9508,      0.2143,      5.6393,     11.2785,      1.8937,     28.9373,     57.8747,      0.0194,      0.0027,      0.2500,      0.2119,   7909.4546,-469041.3125,   -939.0986,    553.2762,  26364.8438,
       1,     169,     355,      16,       1,       3,       1,     10.0000,      1.4098,     42.7450,    251.0951,     63.1912,      3.4953,      0.1860,      0.1521,     83.9584,      0.1998,      5.6393,     11.2785,      1.7657,     28.9373,     57.8747,      0.0194,      0.0043,      0.2367,      0.2120,   7909.4536,-489934.7500,   -943.5297,    551.8313,  26364.8457,
       1,     169,     355,      17,       1,       3,       1,     10.0000,      1.4098,     42.7450,    251.0951,     63.1912,      3.4953,      0.1662,      0.1325,     90.4632,      0.1940,      5.6393,     11.2785,      1.7140,     28.9373,     57.8747,      0.0194,      0.0053,      0.2074,      0.2119,   7909.4541,-526548.6250,   -951.3716,    549.3077,  26364.8457,
       1,     169,     355,      18,       1,       3,       1,     10.0000,      1.4098,     42.7450,    251.0951,     63.1912,      3.4953,      0.1265,      0.0932,     67.9342,      0.1835,      5.6393,     11.2785,      1.6214,     28.9373,     57.8747,      0.0194,      0.0054,      0.1527,      0.2119,   7909.4541,-537434.8125,   -953.9614,    548.5659,  26364.8438,
       1,     169,     355,      19,       1,       3,       1,     10.0000,      1.4098,     42.7450,    251.0951,     63.1912,      3.4953,      0.0741,      0.0411,     42.9962,      0.1751,      5.6393,     11.2785,      1.5473,     28.9373,     57.8747,      0.0194,      0.0065,      0.0802,      0.2119,   7909.4536,-511234.5312,   -948.7957,    550.3629,  26364.8457,
       1,     169,     355,      20,       1,       3,       1,     10.0000,      1.4098,     42.7450,    251.0951,     63.1912,      3.4953,      0.0046,     -0.0281,      7.9024,      0.1616,      5.6393,     11.2785,      1.4283,     28.9373,     57.8747,      0.0194,      0.0062,      0.0156,      0.2119,   7909.4541,-479077.5625,   -942.2432,    552.5782,  26364.8457,
       1,     169,     355,      21,       1,       3,       1,     10.0000,      1.4098,     42.7450,    251.0951,     63.1912,      3.4953,      0.0000,     -0.0323,      6.1214,      0.1510,      5.6393,     11.2785,      1.3340,     28.9373,     57.8747,      0.0194,      0.0048,      0.0156,      0.2119,   7909.4541,-434234.1875,   -932.8758,    555.6800,  26364.8457,
       1,     169,     355,      22,       1,       3,       1,     10.0000,      1.4098,     42.7450,    251.0951,     63.1912,      3.4953,      0.0000,     -0.0320,      5.5946,      0.1448,      5.6393,     11.2785,      1.2800,     28.9373,     57.8747,      0.0194,      0.0044,      0.0156,      0.2120,   7909.4541,-428377.4062,   -931.6095,    556.0956,  26364.8457,
       1,     169,     355,      23,       1,       3,       1,     10.0000,      1.4098,     42.7450,    251.0951,     63.1912,      3.4953,      0.0000,     -0.0319,      4.7600,      0.1405,      5.6393,     11.2785,      1.2417,     28.9373,     57.8747,      0.0194,      0.0037,      0.0156,      0.2120,   7909.4541,-427245.6875,   -931.3340,    556.1744,  26364.8438,
       1,     169,     355,      24,       1,       3,       1,     10.0000,      1.4098,     42.7450,    251.0951,     63.1912,      3.4953,      0.0000,     -0.0317,      4.3616,      0.1360,      5.6393,     11.2785,      1.2021,     28.9373,     57.8747,      0.0194,      0.0034,      0.0156,      0.2120,   7909.4536,-426148.9375,   -931.0739,    556.2507,  26364.8457,
       1,     169,     356,       1,       1,       3,       1,     10.0000,      1.4098,     42.7453,    251.1010,     63.1927,      3.4953,      0.0000,     -0.0317,      3.6911,      0.1359,      5.6393,     11.2785,      1.2009,     28.9409,     57.8818,      0.0194,      0.0029,      0.0156,      0.2120,   7909.4541,-425732.0000,   -931.2502,    556.2926,  26366.0156,
       1,     169,     356,       2,       1,       3,       1,     10.0000,      1.4098,     42.7453,    251.1010,     63.1927,      3.4953,      0.0000,     -0.0316,      2.9073,      0.1336,      5.6393,     11.2785,      1.1804,     28.9409,     57.8818,      0.0194,      0.0023,      0.0156,      0.2120,   7909.8052,-424741.0312,   -930.7274,    556.3616,  26366.0137,
       1,     169,     356,       3,       1,       3,       1,     10.0000,      1.4098,     42.7453,    251.1010,     63.1927,      3.4953,      0.0000,     -0.0317,      2.4494,      0.1362,      5.6393,     11.2785,      1.2034,     28.9409,     57.8818,      0.0194,      0.0019,      0.0156,      0.2120,   7909.8042,-423717.2188,   -930.4940,    556.4327,  26366.0117,
       1,     169,     356,       4,       1,       3,       1,     10.0000,      1.4098,     42.7453,    251.1010,     63.1927,      3.4953,      0.0000,     -0.0317,      2.0072,      0.1354,      5.6393,     11.2785,      1.1961,     28.9409,     57.8818,      0.0194,      0.0016,      0.0156,      0.2120,   7909.8037,-423082.2500,   -930.3458,    556.4769,  26366.0137,
       1,     169,     356,       5,       1,       3,       1,     10.0000,      1.4098,     42.7453,    251.1010,     63.1927,      3.4953,      0.0000,     -0.0313,      1.5917,      0.1266,      5.6393,     11.2785,      1.1184,     28.9409,     57.8818,      0.0194,      0.0012,      0.0156,      0.2120,   7909.8042,-422497.8438,   -930.2108,    556.5175,  26366.0137,
       1,     169,     356,       6,       1,       3,       1,     10.0000,      1.4098,     42.7453,    251.1010,     63.1927,      3.4953,      0.0000,     -0.0314,      1.4779,      0.1268,      5.6393,     11.2785,      1.1207,     28.9409,     57.8818,      0.0194,      0.0012,      0.0156,      0.2120,   7909.8042,-421950.3750,   -930.0869,    556.5556,  26366.0137,
       1,     169,     356,       7,       1,       3,       1,     10.0000,      1.4098,     42.7453,    251.1010,     63.1927,      3.4953,      0.0000,     -0.0315,      1.3983,      0.1297,      5.6393,     11.2785,      1.1461,     28.9409,     57.8818,      0.0194,      0.0011,      0.0156,      0.2120,   7909.8042,-421767.9062,   -930.0406,    556.5684,  26366.0117,
       1,     169,     356,       8,       1,       3,       1,     10.0000,      1.4098,     42.7453,    251.1010,     63.1927,      3.4953,      0.0026,     -0.0289,      1.8168,      0.1317,      5.6393,     11.2785,      1.1637,     28.9409,     57.8818,      0.0194,      0.0014,      0.0156,      0.2120,   7909.8037,-421657.2812,   -930.0105,    556.5760,  26366.0137,
       1,     169,     356,       9,       1,       3,       1,     10.0000,      1.4098,     42.7453,    251.1010,     63.1927,      3.4953,      0.0607,      0.0289,      7.4017,      0.1376,      5.6393,     11.2785,      1.2156,     28.9409,     57.8818,      0.0194,      0.0014,      0.0660,      0.2120,   7909.8042,-422150.3125,   -930.1028,    556.5417,  26366.0137,
       1,     169,     356,      10,       1,       3,       1,     10.0000,      1.4098,     42.7453,    251.1010,     63.1927,      3.4953,      0.1604,      0.1277,     23.6457,      0.1646,      5.6393,     11.2785,      1.4543,     28.9409,     57.8818,      0.0194,      0.0014,      0.2065,      0.2120,   7909.8042,-428897.3438,   -931.5140,    556.0724,  26366.0137,
       1,     169,     356,      11,       1,       3,       1,     10.0000,      1.4098,     42.7453,    251.1010,     63.1927,      3.4953,      0.1879,      0.1544,     30.6673,      0.1872,      5.6393,     11.2785,      1.6540,     28.9409,     57.8818,      0.0194,      0.0015,      0.2454,      0.2120,   7909.8042,-448967.4062,   -935.7342,    554.6776,  26366.0117,
       1,     169,     356,      12,       1,       3,       1,     10.0000,      1.4098,     42.7453,    251.1010,     63.1927,      3.4953,      0.1911,      0.1573,     32.7238,      0.2012,      5.6393,     11.2785,      1.7780,     28.9409,     57.8818,      0.0194,      0.0016,      0.2500,      0.2120,   7909.8037,-459081.3125,   -937.8770,    553.9780,  26366.0137,
       1,     169,     356,      13,       1,       3,       1,     10.0000,      1.4098,     42.7453,    251.1010,     63.1927,      3.4953,      0.1913,      0.1571,     35.6509,      0.2110,      5.6393,     11.2785,      1.8642,     28.9409,     57.8818,      0.0194,      0.0017,      0.2500,      0.2120,   7909.8042,-462394.3125,   -938.5981,    553.7490,  26366.0137,
       1,     169,     356,      14,       1,       3,       1,     10.0000,      1.4098,     42.7453,    251.1010,     63.1927,      3.4953,      0.1878,      0.1534,     40.6812,      0.2164,      5.6393,     11.2785,      1.9125,     28.9409,     57.8818,      0.0194,      0.0020,      0.2443,      0.2120,   7909.8042,-466186.7500,   -939.4155,    553.4866,  26366.0137,
       1,     169,     356,      15,       1,       3,       1,     10.0000,      1.4098,     42.7453,    251.1010,     63.1927,      3.4953,      0.1816,      0.1471,     68.9672,      0.2240,      5.6393,     11.2785,      1.9794,     28.9409,     57.8818,      0.0194,      0.0036,      0.2323,      0.2120,   7909.8042,-472546.5625,   -940.8246,    553.0466,  26366.0137,
       1,     169,     356,      16,       1,       3,       1,     10.0000,      1.4098,     42.7453,    251.1010,     63.1927,      3.4953,      0.1898,      0.1554,    107.2428,      0.2205,      5.6393,     11.2785,      1.9485,     28.9409,     57.8818,      0.0194,      0.0054,      0.2399,      0.2120,   7909.8042,-507064.7500,   -948.2307,    550.6605,  26366.0137,
       1,     169,     356,      17,       1,       3,       1,     10.0000,      1.4098,     42.7453,    251.1010,     63.1927,      3.4953,      0.1898,      0.1558,    123.3092,      0.2058,      5.6393,     11.2785,      1.8188,     28.9409,     57.8818,      0.0194,      0.0063,      0.2379,      0.2119,   7909.8042,-555969.5000,   -958.8185,    547.2994,  26366.0137,
       1,     169,     356,      18,       1,       3,       1,     10.0000,      1.4098,     42.7453,    251.1010,     63.1927,      3.4953,      0.1580,      0.1244,     97.5970,      0.1924,      5.6393,     11.2785,      1.7005,     28.9409,     57.8818,      0.0194,      0.0061,      0.1947,      0.2119,   7909.8042,-579394.8125,   -964.2173,    545.7070,  26366.0117,
       1,     169,     356,      19,       1,       3,       1,     10.0000,      1.4098,     42.7453,    251.1010,     63.1927,      3.4953,      0.0675,      0.0344,     35.3560,      0.1765,      5.6393,     11.2785,      1.5597,     28.9409,     57.8818,      0.0194,      0.0060,      0.0715,      0.2118,   7909.8037,-550390.8750,   -958.5964,    547.6879,  26366.0098,
       1,     169,     356,      20,       1,       3,       1,     10.0000,      1.4098,     42.7453,    251.1010,     63.1927,      3.4953,      0.0034,     -0.0293,      7.8205,      0.1643,      5.6393,     11.2785,      1.4514,     28.9409,     57.8818,      0.0194,      0.0061,      0.0156,      0.2119,   7909.8032,-473108.9688,   -942.5473,    552.9822,  26366.0117,
       1,     169,     356,      21,       1,       3,       1,     10.0000,      1.4098,     42.7453,    251.1010,     63.1927,      3.4953,      0.0000,     -0.0324,      7.4129,      0.1562,      5.6393,     11.2785,      1.3804,     28.9409,     57.8818,      0.0194,      0.0058,      0.0156,      0.2120,   7909.8037,-433669.5938,   -934.2288,    555.7340,  26366.0117,
       1,     169,     356,      22,       1,       3,       1,     10.0000,      1.4098,     42.7453,    251.1010,     63.1927,      3.4953,      0.0000,     -0.0322,      6.3765,      0.1498,      5.6393,     11.2785,      1.3233,     28.9409,     57.8818,      0.0194,      0.0050,      0.0156,      0.2120,   7909.8037,-429881.4375,   -933.3928,    556.0042,  26366.0117,
       1,     169,     356,      23,       1,       3,       1,     10.0000,      1.4098,     42.7453,    251.1010,     63.1927,      3.4953,      0.0000,     -0.0320,      5.3461,      0.1438,      5.6393,     11.2785,      1.2710,     28.9409,     57.8818,      0.0194,      0.0042,      0.0156,      0.2120,   7909.8037,-428312.3750,   -933.0318,    556.1132,  26366.0117,
       1,     169,     356,      24,       1,       3,       1,     10.0000,      1.4098,     42.7453,    251.1010,     63.1927,      3.4953,      0.0000,     -0.0318,      4.3435,      0.1372,      5.6393,     11.2785,      1.2119,     28.9409,     57.8818,      0.0194,      0.0034,      0.0156,      0.2120,   7909.8037,-426944.1875,   -932.7204,    556.2084,  26366.0117,
       1,     169,     357,       1,       1,       3,       1,     10.0000,      1.4099,     42.7456,    251.1068,     63.1941,      3.4953,      0.0000,     -0.0316,      3.1859,      0.1339,      5.6393,     11.2786,      1.1828,     28.9447,     57.8894,      0.0194,      0.0025,      0.0156,      0.2120,   7909.8037,-425779.0625,   -932.7518,    556.3022,  26367.1797,
       1,     169,     357,       2,       1,       3,       1,     10.0000,      1.4099,     42.7456,    251.1068,     63.1941,      3.4953,      0.0000,     -0.0317,      2.4498,      0.1349,      5.6393,     11.2786,      1.1925,     28.9447,     57.8894,      0.0194,      0.0019,      0.0156,      0.2120,   7910.1543,-424141.2812,   -932.1005,    556.4162,  26367.1777,
       1,     169,     357,       3,       1,       3,       1,     10.0000,      1.4099,     42.7456,    251.1068,     63.1941,      3.4953,      0.0000,     -0.0318,      1.9248,      0.1391,      5.6393,     11.2786,      1.2293,     28.9447,     57.8894,      0.0194,      0.0015,      0.0156,      0.2120,   7910.1538,-423120.8438,   -931.8756,    556.4872,  26367.1816,
       1,     169,     357,       4,       1,       3,       1,     10.0000,      1.4099,     42.7456,    251.1068,     63.1941,      3.4953,      0.0000,     -0.0316,      1.4675,      0.1339,      5.6393,     11.2786,      1.1828,     28.9447,     57.8894,      0.0194,      0.0011,      0.0156,      0.2120,   7910.1548,-422404.7812,   -931.7159,    556.5370,  26367.1797,
       1,     169,     357,       5,       1,       3,       1,     10.0000,      1.4099,     42.7456,    251.1068,     63.1941,      3.4953,      0.0000,     -0.0314,      1.1570,      0.1292,      5.6393,     11.2786,      1.1415,     28.9447,     57.8894,      0.0194,      0.0009,      0.0156,      0.2120,   7910.1543,-421796.3125,   -931.5822,    556.5793,  26367.1797,
       1,     169,     357,       6,       1,       3,       1,     10.0000,      1.4099,     42.7456,    251.1068,     63.1941,      3.4953,      0.0000,     -0.0313,      1.1562,      0.1254,      5.6393,     11.2786,      1.1083,     28.9447,     57.8894,      0.0194,      0.0009,      0.0156,      0.2120,   7910.1543,-421372.8125,   -931.4891,    556.6088,  26367.1797,
       1,     169,     357,       7,       1,       3,       1,     10.0000,      1.4099,     42.7456,    251.1068,     63.1941,      3.4953,      0.0000,     -0.0314,      1.7319,      0.1287,      5.6393,     11.2786,      1.1368,     28.9447,     57.8894,      0.0194,      0.0013,      0.0156,      0.2120,   7910.1543,-421336.3750,   -931.4783,    556.6113,  26367.1797,
       1,     169,     357,       8,       1,       3,       1,     10.0000,      1.4099,     42.7456,    251.1068,     63.1941,      3.4953,      0.0024,     -0.0291,      2.6351,      0.1300,      5.6393,     11.2786,      1.1485,     28.9447,     57.8894,      0.0194,      0.0021,      0.0156,      0.2120,   7910.1543,-422024.5312,   -931.6180,    556.5635,  26367.1797,
       1,     169,     357,       9,       1,       3,       1,     10.0000,      1.4099,     42.7456,    251.1068,     63.1941,      3.4953,      0.0828,      0.0508,     11.9449,      0.1427,      5.6393,     11.2786,      1.2608,     28.9447,     57.8894,      0.0194,      0.0015,      0.0968,      0.2120,   7910.1543,-423166.2500,   -931.8500,    556.4840,  26367.1797,
       1,     169,     357,      10,       1,       3,       1,     10.0000,      1.4099,     42.7456,    251.1068,     63.1941,      3.4953,      0.1611,      0.1283,     20.9627,      0.1677,      5.6393,     11.2786,      1.4823,     28.9447,     57.8894,      0.0194,      0.0012,      0.2078,      0.2120,   7910.1543,-434438.8438,   -934.2469,    555.7000,  26367.1797,
       1,     169,     357,      11,       1,       3,       1,     10.0000,      1.4099,     42.7456,    251.1068,     63.1941,      3.4953,      0.1881,      0.1547,     23.7465,      0.1872,      5.6393,     11.2786,      1.6540,     28.9447,     57.8894,      0.0194,      0.0012,      0.2465,      0.2120,   7910.1543,-446209.8438,   -936.7576,    554.8829,  26367.1816,
       1,     169,     357,      12,       1,       3,       1,     10.0000,      1.4099,     42.7456,    251.1068,     63.1941,      3.4953,      0.1909,      0.1572,     29.0285,      0.1940,      5.6393,     11.2786,      1.7141,     28.9447,     57.8894,      0.0194,      0.0014,      0.2500,      0.2120,   7910.1548,-450536.1875,   -937.6862,    554.5834,  26367.1797,
       1,     169,     357,      13,       1,       3,       1,     10.0000,      1.4099,     42.7456,    251.1068,     63.1941,      3.4953,      0.1905,      0.1568,     23.4492,      0.1934,      5.6393,     11.2786,      1.7090,     28.9447,     57.8894,      0.0194,      0.0011,      0.2500,      0.2120,   7910.1543,-457240.5938,   -939.1281,    554.1187,  26367.1777,
       1,     169,     357,      14,       1,       3,       1,     10.0000,      1.4099,     42.7456,    251.1068,     63.1941,      3.4953,      0.1920,      0.1581,     42.9778,      0.1990,      5.6393,     11.2786,      1.7588,     28.9447,     57.8894,      0.0194,      0.0021,      0.2500,      0.2120,   7910.1538,-451098.5938,   -937.8407,    554.5443,  26367.1777,
       1,     169,     357,      15,       1,       3,       1,     10.0000,      1.4099,     42.7456,    251.1068,     63.1941,      3.4953,      0.1940,      0.1600,     69.4637,      0.2054,      5.6393,     11.2786,      1.8153,     28.9447,     57.8894,      0.0194,      0.0034,      0.2500,      0.2120,   7910.1538,-474041.8438,   -942.7646,    552.9541,  26367.1777,
       1,     169,     357,      16,       1,       3,       1,     10.0000,      1.4099,     42.7456,    251.1068,     63.1941,      3.4953,      0.1851,      0.1512,     86.7317,      0.2016,      5.6393,     11.2786,      1.7815,     28.9447,     57.8894,      0.0194,      0.0045,      0.2351,      0.2120,   7910.1538,-507782.4062,   -950.0811,    550.6242,  26367.1777,
       1,     169,     357,      17,       1,       3,       1,     10.0000,      1.4099,     42.7456,    251.1068,     63.1941,      3.4953,      0.1583,      0.1245,     77.7292,      0.1965,      5.6393,     11.2786,      1.7363,     28.9447,     57.8894,      0.0194,      0.0048,      0.1973,      0.2120,   7910.1538,-531361.2500,   -955.3765,    549.0062,  26367.1758,
       1,     169,     357,      18,       1,       3,       1,     10.0000,      1.4099,     42.7456,    251.1068,     63.1941,      3.4953,      0.1262,      0.0926,     62.7051,      0.1892,      5.6393,     11.2786,      1.6722,     28.9447,     57.8894,      0.0194,      0.0050,      0.1527,      0.2119,   7910.1528,-522498.6562,   -953.8332,    549.6168,  26367.1777,
       1,     169,     357,      19,       1,       3,       1,     10.0000,      1.4099,     42.7456,    251.1068,     63.1941,      3.4953,      0.0794,      0.0463,     36.8799,      0.1758,      5.6393,     11.2786,      1.5535,     28.9447,     57.8894,      0.0194,      0.0051,      0.0884,      0.2119,   7910.1538,-503695.1875,   -950.1201,    550.9090,  26367.1758,
       1,     169,     357,      20,       1,       3,       1,     10.0000,      1.4099,     42.7456,    251.1068,     63.1941,      3.4953,      0.0023,     -0.0303,      7.2588,      0.1620,      5.6393,     11.2786,      1.4313,     28.9447,     57.8894,      0.0194,      0.0056,      0.0156,      0.2120,   7910.1528,-471093.3438,   -943.3574,    553.1556,  26367.1758,
       1,     169,     357,      21,       1,       3,       1,     10.0000,      1.4099,     42.7456,    251.1068,     63.1941,      3.4953,      0.0000,     -0.0323,      6.6407,      0.1534,      5.6393,     11.2786,      1.3557,     28.9447,     57.8894,      0.0194,      0.0052,      0.0156,      0.2120,   7910.1528,-432804.5938,   -935.2283,    555.8076,  26367.1758,
       1,     169,     357,      22,       1,       3,       1,     10.0000,      1.4099,     42.7456,    251.1068,     63.1941,      3.4953,      0.0000,     -0.0323,      6.2947,      0.1528,      5.6393,     11.2786,      1.3503,     28.9447,     57.8894,      0.0194,      0.0049,      0.0156,      0.2120,   7910.1528,-428883.5312,   -934.3721,    556.0864,  26367.1777,
       1,     169,     357,      23,       1,       3,       1,     10.0000,      1.4099,     42.7456,    251.1068,     63.1941,      3.4953,      0.0000,     -0.0324,      6.1432,      0.1558,      5.6393,     11.2786,      1.3763,     28.9447,     57.8894,      0.0194,      0.0048,      0.0156,      0.2120,   7910.1538,-428133.2188,   -934.1927,    556.1386,  26367.1758,
       1,     169,     357,      24,       1,       3,       1,     10.0000,      1.4099,     42.7456,    251.1068,     63.1941,      3.4953,      0.0000,     -0.0324,      5.4402,      0.1561,      5.6393,     11.2786,      1.3791,     28.9447,     57.8894,      0.0194,      0.0042,      0.0156,      0.2120,   7910.1528,-427888.7812,   -934.1220,    556.1556,  26367.1758,
       1,     169,     358,       1,       1,       3,       1,     10.0000,      1.4099,     42.7459,    251.1127,     63.1956,      3.4953,      0.0000,     -0.0324,      4.4116,      0.1548,      5.6395,     11.2789,      1.3681,     28.9480,     57.8961,      0.0194,      0.0034,      0.0156,      0.2121,   7910.1528,-427177.9062,   -934.2522,    556.2180,  26368.3477,
       1,     169,     358,       2,       1,       3,       1,     10.0000,      1.4099,     42.7459,    251.1127,     63.1956,      3.4953,      0.0000,     -0.0322,      3.2968,      0.1484,      5.6395,     11.2789,      1.3114,     28.9480,     57.8961,      0.0194,      0.0026,      0.0156,      0.2121,   7910.5044,-425732.4688,   -933.6346,    556.3185,  26368.3496,
       1,     169,     358,       3,       1,       3,       1,     10.0000,      1.4099,     42.7459,    251.1127,     63.1956,      3.4953,      0.0000,     -0.0322,      2.7643,      0.1487,      5.6395,     11.2789,      1.3141,     28.9480,     57.8961,      0.0194,      0.0022,      0.0156,      0.2121,   7910.5054,-424273.0938,   -933.3134,    556.4200,  26368.3477,
       1,     169,     358,       4,       1,       3,       1,     10.0000,      1.4099,     42.7459,    251.1127,     63.1956,      3.4953,      0.0000,     -0.0322,      2.9148,      0.1478,      5.6395,     11.2789,      1.3061,     28.9480,     57.8961,      0.0194,      0.0023,      0.0156,      0.2121,   7910.5044,-423512.2500,   -933.1436,    556.4729,  26368.3477,
       1,     169,     358,       5,       1,       3,       1,     10.0000,      1.4099,     42.7459,    251.1127,     63.1956,      3.4953,      0.0000,     -0.0322,      2.8258,      0.1492,      5.6395,     11.2789,      1.3181,     28.9480,     57.8961,      0.0194,      0.0022,      0.0156,      0.2121,   7910.5044,-423629.4375,   -933.1603,    556.4648,  26368.3477,
       1,     169,     358,       6,       1,       3,       1,     10.0000,      1.4099,     42.7459,    251.1127,     63.1956,      3.4953,      0.0000,     -0.0322,      2.8023,      0.1486,      5.6395,     11.2789,      1.3127,     28.9480,     57.8961,      0.0194,      0.0022,      0.0156,      0.2121,   7910.5044,-423532.2500,   -933.1320,    556.4715,  26368.3477,
       1,     169,     358,       7,       1,       3,       1,     10.0000,      1.4099,     42.7459,    251.1127,     63.1956,      3.4953,      0.0000,     -0.0321,      2.4669,      0.1471,      5.6395,     11.2789,      1.2996,     28.9480,     57.8961,      0.0194,      0.0019,      0.0156,      0.2121,   7910.5044,-423496.0312,   -933.1167,    556.4740,  26368.3496,
       1,     169,     358,       8,       1,       3,       1,     10.0000,      1.4099,     42.7459,    251.1127,     63.1956,      3.4953,      0.0024,     -0.0297,      2.3518,      0.1469,      5.6395,     11.2789,      1.2983,     28.9480,     57.8961,      0.0194,      0.0018,      0.0156,      0.2121,   7910.5054,-423090.3125,   -933.0232,    556.5023,  26368.3496,
       1,     169,     358,       9,       1,       3,       1,     10.0000,      1.4099,     42.7459,    251.1127,     63.1956,      3.4953,      0.0806,      0.0483,     12.7303,      0.1520,      5.6395,     11.2789,      1.3435,     28.9480,     57.8961,      0.0194,      0.0017,      0.0934,      0.2121,   7910.5054,-422918.0938,   -932.9803,    556.5143,  26368.3477,
       1,     169,     358,      10,       1,       3,       1,     10.0000,      1.4099,     42.7459,    251.1127,     63.1956,      3.4953,      0.1604,      0.1277,     31.7432,      0.1630,      5.6395,     11.2789,      1.4399,     28.9480,     57.8961,      0.0194,      0.0019,      0.2055,      0.2121,   7910.5044,-435362.5938,   -935.6512,    555.6486,  26368.3477,
       1,     169,     358,      11,       1,       3,       1,     10.0000,      1.4099,     42.7459,    251.1127,     63.1956,      3.4953,      0.1875,      0.1543,     41.5317,      0.1776,      5.6395,     11.2789,      1.5691,     28.9480,     57.8961,      0.0194,      0.0021,      0.2434,      0.2121,   7910.5044,-459231.2812,   -940.7940,    553.9915,  26368.3477,
       1,     169,     358,      12,       1,       3,       1,     10.0000,      1.4099,     42.7459,    251.1127,     63.1956,      3.4953,      0.1920,      0.1583,     42.6232,      0.1953,      5.6395,     11.2789,      1.7261,     28.9480,     57.8961,      0.0194,      0.0021,      0.2500,      0.2120,   7910.5044,-472984.9688,   -943.8168,    553.0414,  26368.3477,
       1,     169,     358,      13,       1,       3,       1,     10.0000,      1.4099,     42.7459,    251.1127,     63.1956,      3.4953,      0.1918,      0.1577,     40.9759,      0.2079,      5.6395,     11.2789,      1.8369,     28.9480,     57.8961,      0.0194,      0.0020,      0.2500,      0.2120,   7910.5044,-475441.7500,   -944.4490,    552.8724,  26368.3477,
       1,     169,     358,      14,       1,       3,       1,     10.0000,      1.4099,     42.7459,    251.1127,     63.1956,      3.4953,      0.1923,      0.1581,     48.9114,      0.2135,      5.6395,     11.2789,      1.8864,     28.9480,     57.8961,      0.0194,      0.0024,      0.2500,      0.2120,   7910.5044,-473666.4062,   -944.1822,    552.9951,  26368.3457,
       1,     169,     358,      15,       1,       3,       1,     10.0000,      1.4099,     42.7459,    251.1127,     63.1956,      3.4953,      0.1935,      0.1593,     63.7215,      0.2112,      5.6395,     11.2789,      1.8661,     28.9480,     57.8961,      0.0194,      0.0031,      0.2500,      0.2120,   7910.5039,-483052.0000,   -946.3015,    552.3464,  26368.3457,
       1,     169,     358,      16,       1,       3,       1,     10.0000,      1.4099,     42.7459,    251.1127,     63.1956,      3.4953,      0.1955,      0.1612,     88.8085,      0.2126,      5.6395,     11.2789,      1.8790,     28.9480,     57.8961,      0.0194,      0.0043,      0.2500,      0.2120,   7910.5039,-501628.9375,   -950.4465,    551.0642,  26368.3457,
       1,     169,     358,      17,       1,       3,       1,     10.0000,      1.4099,     42.7459,    251.1127,     63.1956,      3.4953,      0.1860,      0.1519,     97.7115,      0.2087,      5.6395,     11.2789,      1.8442,     28.9480,     57.8961,      0.0194,      0.0050,      0.2352,      0.2120,   7910.5039,-533329.4375,   -957.5079,    548.8820,  26368.3457,
       1,     169,     358,      18,       1,       3,       1,     10.0000,      1.4099,     42.7459,    251.1127,     63.1956,      3.4953,      0.1599,      0.1260,    101.9528,      0.1990,      5.6395,     11.2789,      1.7588,     28.9480,     57.8961,      0.0194,      0.0063,      0.1969,      0.2120,   7910.5039,-546683.6250,   -960.7544,    547.9702,  26368.3477,
       1,     169,     358,      19,       1,       3,       1,     10.0000,      1.4099,     42.7459,    251.1127,     63.1956,      3.4953,      0.0818,      0.0485,     47.2400,      0.1790,      5.6395,     11.2789,      1.5817,     28.9480,     57.8961,      0.0194,      0.0063,      0.0906,      0.2119,   7910.5044,-552891.8750,   -962.5253,    547.5456,  26368.3457,
       1,     169,     358,      20,       1,       3,       1,     10.0000,      1.4099,     42.7459,    251.1127,     63.1956,      3.4953,      0.0042,     -0.0285,      8.1082,      0.1643,      5.6395,     11.2789,      1.4515,     28.9480,     57.8961,      0.0194,      0.0063,      0.0156,      0.2119,   7910.5039,-487598.8125,   -948.8373,    552.0146,  26368.3457,
       1,     169,     358,      21,       1,       3,       1,     10.0000,      1.4099,     42.7459,    251.1127,     63.1956,      3.4953,      0.0000,     -0.0324,      7.9329,      0.1539,      5.6395,     11.2789,      1.3598,     28.9480,     57.8961,      0.0194,      0.0062,      0.0156,      0.2120,   7910.5039,-435206.5312,   -937.6484,    555.6481,  26368.3457,
       1,     169,     358,      22,       1,       3,       1,     10.0000,      1.4099,     42.7459,    251.1127,     63.1956,      3.4953,      0.0000,     -0.0322,      7.5428,      0.1498,      5.6395,     11.2789,      1.3234,     28.9480,     57.8961,      0.0194,      0.0059,      0.0156,      0.2121,   7910.5039,-430644.5938,   -936.6542,    555.9770,  26368.3457,
       1,     169,     358,      23,       1,       3,       1,     10.0000,      1.4099,     42.7459,    251.1127,     63.1956,      3.4953,      0.0000,     -0.0320,      5.9871,      0.1428,      5.6395,     11.2789,      1.2621,     28.9480,     57.8961,      0.0194,      0.0047,      0.0156,      0.2121,   7910.5039,-429781.1875,   -936.4556,    556.0370,  26368.3438,
       1,     169,     358,      24,       1,       3,       1,     10.0000,      1.4099,     42.7459,    251.1127,     63.1956,      3.4953,      0.0000,     -0.0319,      4.8467,      0.1410,      5.6395,     11.2789,      1.2456,     28.9480,     57.8961,      0.0194,      0.0038,      0.0156,      0.2121,   7910.5034,-427841.5000,   -936.0287,    556.1718,  26368.3438,
       1,     169,     359,       1,       1,       3,       1,     10.0000,      1.4099,     42.7463,    251.1186,     63.1971,      3.4953,      0.0000,     -0.0318,      3.8461,      0.1394,      5.6397,     11.2794,      1.2318,     28.9531,     57.9062,      0.0194,      0.0030,      0.0156,      0.2121,   7910.5034,-426464.0312,   -936.0243,    556.2806,  26369.5137,
       1,     169,     359,       2,       1,       3,       1,     10.0000,      1.4099,     42.7463,    251.1186,     63.1971,      3.4953,      0.0000,     -0.0317,      3.0325,      0.1362,      5.6397,     11.2794,      1.2034,     28.9531,     57.9062,      0.0194,      0.0024,      0.0156,      0.2121,   7910.8545,-424996.7188,   -935.4036,    556.3826,  26369.5137,
       1,     169,     359,       3,       1,       3,       1,     10.0000,      1.4099,     42.7463,    251.1186,     63.1971,      3.4953,      0.0000,     -0.0317,      2.8915,      0.1344,      5.6397,     11.2794,      1.1877,     28.9531,     57.9062,      0.0194,      0.0023,      0.0156,      0.2121,   7910.8545,-423897.8125,   -935.1618,    556.4591,  26369.5137,
       1,     169,     359,       4,       1,       3,       1,     10.0000,      1.4099,     42.7463,    251.1186,     63.1971,      3.4953,      0.0000,     -0.0315,      2.3331,      0.1304,      5.6397,     11.2794,      1.1520,     28.9531,     57.9062,      0.0194,      0.0018,      0.0156,      0.2121,   7910.8545,-423636.6875,   -935.1008,    556.4772,  26369.5137,
       1,     169,     359,       5,       1,       3,       1,     10.0000,      1.4099,     42.7463,    251.1186,     63.1971,      3.4953,      0.0000,     -0.0313,      2.2429,      0.1265,      5.6397,     11.2794,      1.1174,     28.9531,     57.9062,      0.0194,      0.0017,      0.0156,      0.2121,   7910.8545,-422944.6562,   -934.9485,    556.5254,  26369.5137,
       1,     169,     359,       6,       1,       3,       1,     10.0000,      1.4099,     42.7463,    251.1186,     63.1971,      3.4953,      0.0000,     -0.0314,      1.9214,      0.1276,      5.6397,     11.2794,      1.1277,     28.9531,     57.9062,      0.0194,      0.0015,      0.0156,      0.2121,   7910.8545,-422778.5938,   -934.9100,    556.5370,  26369.5137,
       1,     169,     359,       7,       1,       3,       1,     10.0000,      1.4099,     42.7463,    251.1186,     63.1971,      3.4953,      0.0000,     -0.0314,      1.5965,      0.1268,      5.6397,     11.2794,      1.1208,     28.9531,     57.9062,      0.0194,      0.0012,      0.0156,      0.2121,   7910.8545,-422378.8125,   -934.8211,    556.5647,  26369.5137,
       1,     169,     359,       8,       1,       3,       1,     10.0000,      1.4099,     42.7463,    251.1186,     63.1971,      3.4953,      0.0022,     -0.0291,      1.5983,      0.1259,      5.6397,     11.2794,      1.1128,     28.9531,     57.9062,      0.0194,      0.0012,      0.0156,      0.2121,   7910.8545,-421955.5625,   -934.7278,    556.5942,  26369.5137,
       1,     169,     359,       9,       1,       3,       1,     10.0000,      1.4099,     42.7463,    251.1186,     63.1971,      3.4953,      0.0678,      0.0364,      6.6366,      0.1296,      5.6397,     11.2794,      1.1450,     28.9531,     57.9062,      0.0194,      0.0011,      0.0765,      0.2121,   7910.8545,-421922.2812,   -934.7183,    556.5965,  26369.5156,
       1,     169,     359,      10,       1,       3,       1,     10.0000,      1.4099,     42.7463,    251.1186,     63.1971,      3.4953,      0.1508,      0.1184,     17.3507,      0.1528,      5.6397,     11.2794,      1.3503,     28.9531,     57.9062,      0.0194,      0.0011,      0.1934,      0.2121,   7910.8550,-427966.5625,   -936.0258,    556.1760,  26369.5137,
       1,     169,     359,      11,       1,       3,       1,     10.0000,      1.4099,     42.7463,    251.1186,     63.1971,      3.4953,      0.1683,      0.1351,     24.0867,      0.1794,      5.6397,     11.2794,      1.5849,     28.9531,     57.9062,      0.0194,      0.0013,      0.2179,      0.2121,   7910.8545,-441333.0938,   -938.9262,    555.2469,  26369.5137,
       1,     169,     359,      12,       1,       3,       1,     10.0000,      1.4099,     42.7463,    251.1186,     63.1971,      3.4953,      0.1895,      0.1558,     30.1356,      0.1963,      5.6397,     11.2794,      1.7347,     28.9531,     57.9062,      0.0194,      0.0015,      0.2479,      0.2121,   7910.8545,-450537.8125,   -940.9416,    554.6088,  26369.5137,
       1,     169,     359,      13,       1,       3,       1,     10.0000,      1.4099,     42.7463,    251.1186,     63.1971,      3.4953,      0.1911,      0.1573,     31.7517,      0.1977,      5.6397,     11.2794,      1.7467,     28.9531,     57.9062,      0.0194,      0.0015,      0.2500,      0.2121,   7910.8545,-458569.0000,   -942.7128,    554.0524,  26369.5137,
       1,     169,     359,      14,       1,       3,       1,     10.0000,      1.4099,     42.7463,    251.1186,     63.1971,      3.4953,      0.1916,      0.1583,     35.7917,      0.1795,      5.6397,     11.2794,      1.5864,     28.9531,     57.9062,      0.0194,      0.0017,      0.2500,      0.2121,   7910.8545,-461179.7188,   -943.3288,    553.8719,  26369.5117,
       1,     169,     359,      15,       1,       3,       1,     10.0000,      1.4099,     42.7463,    251.1186,     63.1971,      3.4953,      0.1933,      0.1597,     58.5954,      0.1915,      5.6397,     11.2794,      1.6923,     28.9531,     57.9062,      0.0194,      0.0028,      0.2500,      0.2121,   7910.8540,-466248.9062,   -944.7601,    553.5209,  26369.5137,
       1,     169,     359,      16,       1,       3,       1,     10.0000,      1.4099,     42.7463,    251.1186,     63.1971,      3.4953,      0.1952,      0.1613,     83.7651,      0.1992,      5.6397,     11.2794,      1.7606,     28.9531,     57.9062,      0.0194,      0.0041,      0.2500,      0.2121,   7910.8545,-494059.7500,   -951.1700,    551.5968,  26369.5137,
       1,     169,     359,      17,       1,       3,       1,     10.0000,      1.4099,     42.7463,    251.1186,     63.1971,      3.4953,      0.1870,      0.1533,    104.4745,      0.1955,      5.6397,     11.2794,      1.7278,     28.9531,     57.9062,      0.0194,      0.0054,      0.2358,      0.2120,   7910.8545,-526628.1875,   -958.4353,    549.3546,  26369.5137,
       1,     169,     359,      18,       1,       3,       1,     10.0000,      1.4099,     42.7463,    251.1186,     63.1971,      3.4953,      0.1629,      0.1296,     86.9818,      0.1808,      5.6397,     11.2794,      1.5975,     28.9531,     57.9062,      0.0194,      0.0052,      0.2029,      0.2120,   7910.8545,-554243.8750,   -964.7748,    547.4627,  26369.5117,
       1,     169,     359,      19,       1,       3,       1,     10.0000,      1.4099,     42.7463,    251.1186,     63.1971,      3.4953,      0.0839,      0.0509,     35.4674,      0.1715,      5.6397,     11.2794,      1.5153,     28.9531,     57.9062,      0.0194,      0.0045,      0.0951,      0.2120,   7910.8540,-535506.8750,   -961.1545,    548.7482,  26369.5098,
       1,     169,     359,      20,       1,       3,       1,     10.0000,      1.4099,     42.7463,    251.1186,     63.1971,      3.4953,      0.0043,     -0.0284,      5.9717,      0.1607,      5.6397,     11.2794,      1.4199,     28.9531,     57.9062,      0.0194,      0.0046,      0.0156,      0.2120,   7910.8530,-472012.4375,   -947.6895,    553.1051,  26369.5117,
       1,     169,     359,      21,       1,       3,       1,     10.0000,      1.4099,     42.7463,    251.1186,     63.1971,      3.4953,      0.0000,     -0.0323,      6.5729,      0.1522,      5.6397,     11.2794,      1.3449,     28.9531,     57.9062,      0.0194,      0.0051,      0.0156,      0.2121,   7910.8540,-431353.8750,   -938.9262,    555.9335,  26369.5117,
       1,     169,     359,      22,       1,       3,       1,     10.0000,      1.4099,     42.7463,    251.1186,     63.1971,      3.4953,      0.0000,     -0.0322,      6.7535,      0.1501,      5.6397,     11.2794,      1.3261,     28.9531,     57.9062,      0.0194,      0.0053,      0.0156,      0.2121,   7910.8540,-428686.9062,   -938.3362,    556.1260,  26369.5117,
       1,     169,     359,      23,       1,       3,       1,     10.0000,      1.4099,     42.7463,    251.1186,     63.1971,      3.4953,      0.0000,     -0.0321,      5.9481,      0.1469,      5.6397,     11.2794,      1.2983,     28.9531,     57.9062,      0.0194,      0.0046,      0.0156,      0.2121,   7910.8540,-428672.6562,   -938.3199,    556.1270,  26369.5098,
       1,     169,     359,      24,       1,       3,       1,     10.0000,      1.4099,     42.7463,    251.1186,     63.1971,      3.4953,      0.0000,     -0.0320,      5.6159,      0.1444,      5.6397,     11.2794,      1.2762,     28.9531,     57.9062,      0.0194,      0.0044,      0.0156,      0.2121,   7910.8530,-427704.7188,   -938.0991,    556.1943,  26369.5117,
       1,     169,     360,       1,       1,       3,       1,     10.0000,      1.4099,     42.7466,    251.1244,     63.1985,      3.4953,      0.0000,     -0.0321,      4.9132,      0.1459,      5.6394,     11.2788,      1.2892,     28.9574,     57.9147,      0.0194,      0.0038,      0.0156,      0.2121,   7910.8540,-427377.7500,   -938.3184,    556.2299,  26370.6797,
       1,     169,     360,       2,       1,       3,       1,     10.0000,      1.4099,     42.7466,    251.1244,     63.1985,      3.4953,      0.0000,     -0.0321,      4.2281,      0.1474,      5.6394,     11.2788,      1.3023,     28.9574,     57.9147,      0.0194,      0.0033,      0.0156,      0.2121,   7911.2041,-426356.4062,   -937.7883,    556.3010,  26370.6797,
       1,     169,     360,       3,       1,       3,       1,     10.0000,      1.4099,     42.7466,    251.1244,     63.1985,      3.4953,      0.0000,     -0.0320,      3.9473,      0.1438,      5.6394,     11.2788,      1.2711,     28.9574,     57.9147,      0.0194,      0.0031,      0.0156,      0.2121,   7911.2041,-425448.8125,   -937.5836,    556.3641,  26370.6797,
       1,     169,     360,       4,       1,       3,       1,     10.0000,      1.4099,     42.7466,    251.1244,     63.1985,      3.4953,      0.0000,     -0.0319,      4.0049,      0.1408,      5.6394,     11.2788,      1.2444,     28.9574,     57.9147,      0.0194,      0.0031,      0.0156,      0.2121,   7911.2041,-425035.9688,   -937.4869,    556.3928,  26370.6797,
       1,     169,     360,       5,       1,       3,       1,     10.0000,      1.4099,     42.7466,    251.1244,     63.1985,      3.4953,      0.0000,     -0.0318,      3.7085,      0.1390,      5.6394,     11.2788,      1.2281,     28.9574,     57.9147,      0.0194,      0.0029,      0.0156,      0.2121,   7911.2041,-425070.7812,   -937.4874,    556.3904,  26370.6797,
       1,     169,     360,       6,       1,       3,       1,     10.0000,      1.4099,     42.7466,    251.1244,     63.1985,      3.4953,      0.0000,     -0.0319,      3.5251,      0.1401,      5.6394,     11.2788,      1.2381,     28.9574,     57.9147,      0.0194,      0.0027,      0.0156,      0.2121,   7911.2041,-424717.9062,   -937.4045,    556.4149,  26370.6797,
       1,     169,     360,       7,       1,       3,       1,     10.0000,      1.4099,     42.7466,    251.1244,     63.1985,      3.4953,      0.0000,     -0.0317,      3.4394,      0.1359,      5.6394,     11.2788,      1.2010,     28.9574,     57.9147,      0.0194,      0.0027,      0.0156,      0.2121,   7911.2041,-424468.3750,   -937.3440,    556.4323,  26370.6797,
       1,     169,     360,       8,       1,       3,       1,     10.0000,      1.4099,     42.7466,    251.1244,     63.1985,      3.4953,      0.0022,     -0.0296,      3.1458,      0.1370,      5.6394,     11.2788,      1.2108,     28.9574,     57.9147,      0.0194,      0.0024,      0.0156,      0.2121,   7911.2041,-424344.6562,   -937.3113,    556.4409,  26370.6777,
       1,     169,     360,       9,       1,       3,       1,     10.0000,      1.4099,     42.7466,    251.1244,     63.1985,      3.4953,      0.0794,      0.0475,     16.3814,      0.1413,      5.6394,     11.2788,      1.2482,     28.9574,     57.9147,      0.0194,      0.0022,      0.0916,      0.2121,   7911.2036,-423982.2188,   -937.2276,    556.4661,  26370.6797,
       1,     169,     360,      10,       1,       3,       1,     10.0000,      1.4099,     42.7466,    251.1244,     63.1985,      3.4953,      0.1616,      0.1289,     37.4014,      0.1626,      5.6394,     11.2788,      1.4371,     28.9574,     57.9147,      0.0194,      0.0022,      0.2066,      0.2121,   7911.2041,-439836.6562,   -940.6862,    555.3633,  26370.6797,
       1,     169,     360,      11,       1,       3,       1,     10.0000,      1.4099,     42.7466,    251.1244,     63.1985,      3.4953,      0.1889,      0.1556,     43.4198,      0.1795,      5.6394,     11.2788,      1.5865,     28.9574,     57.9147,      0.0194,      0.0021,      0.2453,      0.2121,   7911.2041,-466396.4062,   -946.5059,    553.5206,  26370.6777,
       1,     169,     360,      12,       1,       3,       1,     10.0000,      1.4099,     42.7466,    251.1244,     63.1985,      3.4953,      0.1923,      0.1587,     46.0272,      0.1902,      5.6394,     11.2788,      1.6806,     28.9574,     57.9147,      0.0194,      0.0022,      0.2500,      0.2121,   7911.2036,-475846.0625,   -948.6584,    552.8699,  26370.6777,
       1,     169,     360,      13,       1,       3,       1,     10.0000,      1.4099,     42.7466,    251.1244,     63.1985,      3.4953,      0.1924,      0.1584,     48.3518,      0.2044,      5.6394,     11.2788,      1.8065,     28.9574,     57.9147,      0.0194,      0.0023,      0.2500,      0.2121,   7911.2036,-479762.0938,   -949.6359,    552.5995,  26370.6797,
       1,     169,     360,      14,       1,       3,       1,     10.0000,      1.4099,     42.7466,    251.1244,     63.1985,      3.4953,      0.1928,      0.1590,     53.7006,      0.1996,      5.6394,     11.2788,      1.7641,     28.9574,     57.9147,      0.0194,      0.0026,      0.2500,      0.2121,   7911.2041,-482879.9375,   -950.4533,    552.3843,  26370.6758,
       1,     169,     360,      15,       1,       3,       1,     10.0000,      1.4099,     42.7466,    251.1244,     63.1985,      3.4953,      0.1944,      0.1614,     71.9284,      0.1748,      5.6394,     11.2788,      1.5444,     28.9574,     57.9147,      0.0194,      0.0035,      0.2500,      0.2121,   7911.2031,-489564.8750,   -952.0632,    551.9227,  26370.6777,
       1,     169,     360,      16,       1,       3,       1,     10.0000,      1.4099,     42.7466,    251.1244,     63.1985,      3.4953,      0.1955,      0.1632,     83.5545,      0.1539,      5.6394,     11.2788,      1.3599,     28.9574,     57.9147,      0.0194,      0.0041,      0.2500,      0.2121,   7911.2036,-512019.2812,   -957.1573,    550.3738,  26370.6777,
       1,     169,     360,      17,       1,       3,       1,     10.0000,      1.4099,     42.7466,    251.1244,     63.1985,      3.4953,      0.1920,      0.1593,    102.9545,      0.1633,      5.6394,     11.2788,      1.4429,     28.9574,     57.9147,      0.0194,      0.0051,      0.2429,      0.2120,   7911.2036,-527865.5000,   -965.7767,    549.2858,  26370.6758,
       1,     169,     360,      18,       1,       3,       1,     10.0000,      1.4099,     42.7466,    251.1244,     63.1985,      3.4953,      0.1641,      0.1313,    109.2839,      0.1669,      5.6394,     11.2788,      1.4750,     28.9574,     57.9147,      0.0194,      0.0066,      0.2021,      0.2120,   7911.2031,-552504.0000,   -971.4131,    547.5952,  26370.6738,
       1,     169,     360,      19,       1,       3,       1,     10.0000,      1.4099,     42.7466,    251.1244,     63.1985,      3.4953,      0.0874,      0.0547,     48.9832,      0.1643,      5.6394,     11.2788,      1.4516,     28.9574,     57.9147,      0.0194,      0.0060,      0.0988,      0.2120,   7911.2026,-562171.3125,   -974.4342,    546.9360,  26370.6777,
       1,     169,     360,      20,       1,       3,       1,     10.0000,      1.4099,     42.7466,    251.1244,     63.1985,      3.4953,      0.0051,     -0.0273,      5.4721,      0.1524,      5.6394,     11.2788,      1.3463,     28.9574,     57.9147,      0.0194,      0.0043,      0.0156,      0.2120,   7911.2036,-490447.7188,   -959.1359,    551.8400,  26370.6758,
       1,     169,     360,      21,       1,       3,       1,     10.0000,      1.4099,     42.7466,    251.1244,     63.1985,      3.4953,      0.0000,     -0.0320,      3.4060,      0.1436,      5.6394,     11.2788,      1.2685,     28.9574,     57.9147,      0.0194,      0.0027,      0.0156,      0.2121,   7911.2031,-432282.2500,   -946.5242,    555.8743,  26370.6777,
       1,     169,     360,      22,       1,       3,       1,     10.0000,      1.4099,     42.7466,    251.1244,     63.1985,      3.4953,      0.0000,     -0.0319,      3.8755,      0.1421,      5.6394,     11.2788,      1.2558,     28.9574,     57.9147,      0.0194,      0.0030,      0.0156,      0.2121,   7911.2036,-424974.3750,   -944.8987,    556.3969,  26370.6758,
       1,     169,     360,      23,       1,       3,       1,     10.0000,      1.4099,     42.7466,    251.1244,     63.1985,      3.4953,      0.0000,     -0.0319,      4.3737,      0.1397,      5.6394,     11.2788,      1.2343,     28.9574,     57.9147,      0.0194,      0.0034,      0.0156,      0.2121,   7911.2031,-424910.9062,   -944.8441,    556.4015,  26370.6758,
       1,     169,     360,      24,       1,       3,       1,     10.0000,      1.4099,     42.7466,    251.1244,     63.1985,      3.4953,      0.0000,     -0.0318,      4.7598,      0.1380,      5.6394,     11.2788,      1.2194,     28.9574,     57.9147,      0.0194,      0.0037,      0.0156,      0.2121,   7911.2031,-425503.2812,   -944.9262,    556.3603,  26370.6758,
       1,     169,     361,       1,       1,       3,       1,     10.0000,      1.4100,     42.7469,    251.1303,     63.2000,      3.4953,      0.0000,     -0.0318,      3.8156,      0.1394,      5.6399,     11.2798,      1.2319,     28.9632,     57.9263,      0.0194,      0.0030,      0.0156,      0.2122,   7911.2031,-426169.8438,   -945.3244,    556.3270,  26371.8496,
       1,     169,     361,       2,       1,       3,       1,     10.0000,      1.4100,     42.7469,    251.1303,     63.2000,      3.4953,      0.0000,     -0.0318,      3.5255,      0.1386,      5.6399,     11.2798,      1.2244,     28.9632,     57.9263,      0.0194,      0.0027,      0.0156,      0.2122,   7911.5552,-424940.7812,   -944.7141,    556.4124,  26371.8438,
       1,     169,     361,       3,       1,       3,       1,     10.0000,      1.4100,     42.7469,    251.1303,     63.2000,      3.4953,      0.0000,     -0.0318,      3.4609,      0.1390,      5.6399,     11.2798,      1.2281,     28.9632,     57.9263,      0.0194,      0.0027,      0.0156,      0.2122,   7911.5532,-424490.7188,   -944.5808,    556.4438,  26371.8457,
       1,     169,     361,       4,       1,       3,       1,     10.0000,      1.4100,     42.7469,    251.1303,     63.2000,      3.4953,      0.0000,     -0.0318,      3.0197,      0.1388,      5.6399,     11.2798,      1.2269,     28.9632,     57.9263,      0.0194,      0.0023,      0.0156,      0.2122,   7911.5542,-424375.3125,   -944.5194,    556.4518,  26371.8457,
       1,     169,     361,       5,       1,       3,       1,     10.0000,      1.4100,     42.7469,    251.1303,     63.2000,      3.4953,      0.0000,     -0.0318,      2.9686,      0.1388,      5.6399,     11.2798,      1.2269,     28.9632,     57.9263,      0.0194,      0.0023,      0.0156,      0.2122,   7911.5542,-423836.1875,   -944.3713,    556.4892,  26371.8457,
       1,     169,     361,       6,       1,       3,       1,     10.0000,      1.4100,     42.7469,    251.1303,     63.2000,      3.4953,      0.0000,     -0.0318,      3.0697,      0.1391,      5.6399,     11.2798,      1.2294,     28.9632,     57.9263,      0.0194,      0.0024,      0.0156,      0.2122,   7911.5542,-423730.0625,   -944.3184,    556.4967,  26371.8457,
       1,     169,     361,       7,       1,       3,       1,     10.0000,      1.4100,     42.7469,    251.1303,     63.2000,      3.4953,      0.0000,     -0.0318,      2.7117,      0.1377,      5.6399,     11.2798,      1.2170,     28.9632,     57.9263,      0.0194,      0.0021,      0.0156,      0.2122,   7911.5542,-423842.3438,   -944.3120,    556.4889,  26371.8438,
       1,     169,     361,       8,       1,       3,       1,     10.0000,      1.4100,     42.7469,    251.1303,     63.2000,      3.4953,      0.0023,     -0.0294,      2.6913,      0.1344,      5.6399,     11.2798,      1.1877,     28.9632,     57.9263,      0.0194,      0.0021,      0.0156,      0.2122,   7911.5532,-423422.3438,   -944.1943,    556.5181,  26371.8457,
       1,     169,     361,       9,       1,       3,       1,     10.0000,      1.4100,     42.7469,    251.1303,     63.2000,      3.4953,      0.0882,      0.0563,     18.7276,      0.1393,      5.6399,     11.2798,      1.2306,     28.9632,     57.9263,      0.0194,      0.0022,      0.1038,      0.2122,   7911.5542,-423362.6562,   -944.1544,    556.5223,  26371.8438,
       1,     169,     361,      10,       1,       3,       1,     10.0000,      1.4100,     42.7469,    251.1303,     63.2000,      3.4953,      0.1655,      0.1332,     39.0269,      0.1510,      5.6399,     11.2798,      1.3342,     28.9632,     57.9263,      0.0194,      0.0022,      0.2119,      0.2122,   7911.5532,-442601.6562,   -948.3459,    555.1838,  26371.8457,
       1,     169,     361,      11,       1,       3,       1,     10.0000,      1.4100,     42.7469,    251.1303,     63.2000,      3.4953,      0.1917,      0.1591,     48.4458,      0.1588,      5.6399,     11.2798,      1.4030,     28.9632,     57.9263,      0.0194,      0.0024,      0.2485,      0.2121,   7911.5542,-468578.0625,   -954.0303,    553.3828,  26371.8477,
       1,     169,     361,      12,       1,       3,       1,     10.0000,      1.4100,     42.7469,    251.1303,     63.2000,      3.4953,      0.1927,      0.1598,     49.2259,      0.1706,      5.6399,     11.2798,      1.5078,     28.9632,     57.9263,      0.0194,      0.0024,      0.2500,      0.2121,   7911.5547,-482059.9062,   -957.0362,    552.4531,  26371.8457,
       1,     169,     361,      13,       1,       3,       1,     10.0000,      1.4100,     42.7469,    251.1303,     63.2000,      3.4953,      0.1922,      0.1595,     42.8811,      0.1644,      5.6399,     11.2798,      1.4531,     28.9632,     57.9263,      0.0194,      0.0021,      0.2500,      0.2121,   7911.5542,-484118.4688,   -957.5599,    552.3117,  26371.8457,
       1,     169,     361,      14,       1,       3,       1,     10.0000,      1.4100,     42.7469,    251.1303,     63.2000,      3.4953,      0.1930,      0.1594,     54.3970,      0.1894,      5.6399,     11.2798,      1.6740,     28.9632,     57.9263,      0.0194,      0.0026,      0.2500,      0.2121,   7911.5542,-476668.1250,   -956.5128,    552.8261,  26371.8477,
       1,     169,     361,      15,       1,       3,       1,     10.0000,      1.4100,     42.7469,    251.1303,     63.2000,      3.4953,      0.1935,      0.1599,     62.0606,      0.1925,      5.6399,     11.2798,      1.7007,     28.9632,     57.9263,      0.0194,      0.0030,      0.2500,      0.2121,   7911.5547,-489878.6562,   -959.9801,    551.9135,  26371.8438,
       1,     169,     361,      16,       1,       3,       1,     10.0000,      1.4100,     42.7469,    251.1303,     63.2000,      3.4953,      0.1944,      0.1607,     73.1464,      0.1934,      5.6399,     11.2798,      1.7092,     28.9632,     57.9263,      0.0194,      0.0036,      0.2500,      0.2121,   7911.5532,-500186.0312,   -962.3158,    551.2031,  26371.8457,
       1,     169,     361,      17,       1,       3,       1,     10.0000,      1.4100,     42.7469,    251.1303,     63.2000,      3.4953,      0.1856,      0.1523,     73.5162,      0.1808,      5.6399,     11.2798,      1.5976,     28.9632,     57.9263,      0.0194,      0.0038,      0.2371,      0.2121,   7911.5542,-514362.2188,   -965.5663,    550.2268,  26371.8438,
       1,     169,     361,      18,       1,       3,       1,     10.0000,      1.4100,     42.7469,    251.1303,     63.2000,      3.4953,      0.1627,      0.1296,     56.2504,      0.1755,      5.6399,     11.2798,      1.5506,     28.9632,     57.9263,      0.0194,      0.0033,      0.2061,      0.2121,   7911.5532,-515988.1250,   -966.1304,    550.1158,  26371.8438,
       1,     169,     361,      19,       1,       3,       1,     10.0000,      1.4100,     42.7469,    251.1303,     63.2000,      3.4953,      0.0878,      0.0550,     38.4494,      0.1683,      5.6399,     11.2798,      1.4869,     28.9632,     57.9263,      0.0194,      0.0046,      0.1005,      0.2121,   7911.5532,-495374.2812,   -961.8180,    551.5334,  26371.8438,
       1,     169,     361,      20,       1,       3,       1,     10.0000,      1.4100,     42.7469,    251.1303,     63.2000,      3.4953,      0.0032,     -0.0292,      6.7746,      0.1558,      5.6399,     11.2798,      1.3764,     28.9632,     57.9263,      0.0194,      0.0053,      0.0156,      0.2121,   7911.5532,-472281.1562,   -956.8716,    553.1273,  26371.8418,
       1,     169,     361,      21,       1,       3,       1,     10.0000,      1.4100,     42.7469,    251.1303,     63.2000,      3.4953,      0.0000,     -0.0321,      6.2758,      0.1455,      5.6399,     11.2798,      1.2853,     28.9632,     57.9263,      0.0194,      0.0049,      0.0156,      0.2121,   7911.5527,-432326.7812,   -948.0984,    555.8920,  26371.8438,
       1,     169,     361,      22,       1,       3,       1,     10.0000,      1.4100,     42.7469,    251.1303,     63.2000,      3.4953,      0.0000,     -0.0318,      6.0019,      0.1387,      5.6399,     11.2798,      1.2257,     28.9632,     57.9263,      0.0194,      0.0047,      0.0156,      0.2121,   7911.5532,-428415.8125,   -947.1796,    556.1707,  26371.8418,
       1,     169,     361,      23,       1,       3,       1,     10.0000,      1.4100,     42.7469,    251.1303,     63.2000,      3.4953,      0.0000,     -0.0318,      5.1446,      0.1381,      5.6399,     11.2798,      1.2207,     28.9632,     57.9263,      0.0194,      0.0040,      0.0156,      0.2121,   7911.5527,-427753.1250,   -946.9778,    556.2169,  26371.8438,
       1,     169,     361,      24,       1,       3,       1,     10.0000,      1.4100,     42.7469,    251.1303,     63.2000,      3.4953,      0.0000,     -0.0317,      4.7465,      0.1356,      5.6399,     11.2798,      1.1986,     28.9632,     57.9263,      0.0194,      0.0037,      0.0156,      0.2121,   7911.5532,-426668.4688,   -946.6912,    556.2923,  26371.8418,
       1,     169,     362,       1,       1,       3,       1,     10.0000,      1.4100,     42.7473,    251.1362,     63.2015,      3.4953,      0.0000,     -0.0317,      4.3423,      0.1348,      5.6396,     11.2793,      1.1914,     28.9691,     57.9382,      0.0194,      0.0034,      0.0156,      0.2122,   7911.5527,-426253.7188,   -946.8644,    556.3341,  26373.0117,
       1,     169,     362,       2,       1,       3,       1,     10.0000,      1.4100,     42.7473,    251.1362,     63.2015,      3.4953,      0.0000,     -0.0316,      3.2272,      0.1327,      5.6396,     11.2793,      1.1722,     28.9691,     57.9382,      0.0194,      0.0025,      0.0156,      0.2122,   7911.9038,-425582.9688,   -946.3755,    556.3807,  26373.0137,
       1,     169,     362,       3,       1,       3,       1,     10.0000,      1.4100,     42.7473,    251.1362,     63.2015,      3.4953,      0.0000,     -0.0314,      2.7521,      0.1287,      5.6396,     11.2793,      1.1370,     28.9691,     57.9382,      0.0194,      0.0021,      0.0156,      0.2122,   7911.9043,-424188.7812,   -946.0410,    556.4777,  26373.0117,
       1,     169,     362,       4,       1,       3,       1,     10.0000,      1.4100,     42.7473,    251.1362,     63.2015,      3.4953,      0.0000,     -0.0313,      2.4435,      0.1261,      5.6396,     11.2793,      1.1140,     28.9691,     57.9382,      0.0194,      0.0019,      0.0156,      0.2122,   7911.9038,-423502.6250,   -945.8705,    556.5255,  26373.0117,
       1,     169,     362,       5,       1,       3,       1,     10.0000,      1.4100,     42.7473,    251.1362,     63.2015,      3.4953,      0.0000,     -0.0314,      2.4097,      0.1272,      5.6396,     11.2793,      1.1243,     28.9691,     57.9382,      0.0194,      0.0019,      0.0156,      0.2122,   7911.9038,-423074.9062,   -945.7571,    556.5552,  26373.0117,
       1,     169,     362,       6,       1,       3,       1,     10.0000,      1.4100,     42.7473,    251.1362,     63.2015,      3.4953,      0.0000,     -0.0314,      2.1319,      0.1278,      5.6396,     11.2793,      1.1289,     28.9691,     57.9382,      0.0194,      0.0017,      0.0156,      0.2122,   7911.9038,-422998.7500,   -945.7212,    556.5605,  26373.0117,
       1,     169,     362,       7,       1,       3,       1,     10.0000,      1.4100,     42.7473,    251.1362,     63.2015,      3.4953,      0.0000,     -0.0314,      2.0542,      0.1287,      5.6396,     11.2793,      1.1370,     28.9691,     57.9382,      0.0194,      0.0016,      0.0156,      0.2122,   7911.9038,-422659.0000,   -945.6294,    556.5841,  26373.0117,
       1,     169,     362,       8,       1,       3,       1,     10.0000,      1.4100,     42.7473,    251.1362,     63.2015,      3.4953,      0.0018,     -0.0294,      1.8481,      0.1244,      5.6396,     11.2793,      1.0994,     28.9691,     57.9382,      0.0194,      0.0014,      0.0156,      0.2122,   7911.9038,-422537.4375,   -945.5863,    556.5926,  26373.0098,
       1,     169,     362,       9,       1,       3,       1,     10.0000,      1.4100,     42.7473,    251.1362,     63.2015,      3.4953,      0.0720,      0.0404,      9.1999,      0.1332,      5.6396,     11.2793,      1.1770,     28.9691,     57.9382,      0.0194,      0.0014,      0.0821,      0.2122,   7911.9033,-422280.3125,   -945.5165,    556.6105,  26373.0098,
       1,     169,     362,      10,       1,       3,       1,     10.0000,      1.4100,     42.7473,    251.1362,     63.2015,      3.4953,      0.1624,      0.1299,     23.6696,      0.1566,      5.6396,     11.2793,      1.3834,     28.9691,     57.9382,      0.0194,      0.0014,      0.2093,      0.2122,   7911.9033,-431080.1562,   -947.4419,    555.9982,  26373.0117,
       1,     169,     362,      11,       1,       3,       1,     10.0000,      1.4100,     42.7473,    251.1362,     63.2015,      3.4953,      0.1899,      0.1568,     28.1710,      0.1737,      5.6396,     11.2793,      1.5352,     28.9691,     57.9382,      0.0194,      0.0014,      0.2484,      0.2122,   7911.9038,-449179.1250,   -951.4166,    554.7407,  26373.0137,
       1,     169,     362,      12,       1,       3,       1,     10.0000,      1.4100,     42.7473,    251.1362,     63.2015,      3.4953,      0.1910,      0.1577,     29.0526,      0.1817,      5.6396,     11.2793,      1.6056,     28.9691,     57.9382,      0.0194,      0.0014,      0.2500,      0.2122,   7911.9043,-456095.3125,   -952.9352,    554.2625,  26373.0117,
       1,     169,     362,      13,       1,       3,       1,     10.0000,      1.4100,     42.7473,    251.1362,     63.2015,      3.4953,      0.1906,      0.1568,     25.4428,      0.1975,      5.6396,     11.2793,      1.7451,     28.9691,     57.9382,      0.0194,      0.0012,      0.2500,      0.2121,   7911.9038,-457729.1250,   -953.2853,    554.1495,  26373.0098,
       1,     169,     362,      14,       1,       3,       1,     10.0000,      1.4100,     42.7473,    251.1362,     63.2015,      3.4953,      0.1915,      0.1577,     36.5120,      0.1983,      5.6396,     11.2793,      1.7521,     28.9691,     57.9382,      0.0194,      0.0018,      0.2500,      0.2121,   7911.9033,-453532.0625,   -952.3359,    554.4403,  26373.0117,
       1,     169,     362,      15,       1,       3,       1,     10.0000,      1.4100,     42.7473,    251.1362,     63.2015,      3.4953,      0.1935,      0.1596,     62.7995,      0.2020,      5.6396,     11.2793,      1.7853,     28.9691,     57.9382,      0.0194,      0.0030,      0.2500,      0.2122,   7911.9038,-466469.6250,   -955.1714,    553.5437,  26373.0117,
       1,     169,     362,      16,       1,       3,       1,     10.0000,      1.4100,     42.7473,    251.1362,     63.2015,      3.4953,      0.1947,      0.1612,     76.4430,      0.1868,      5.6396,     11.2793,      1.6509,     28.9691,     57.9382,      0.0194,      0.0037,      0.2500,      0.2121,   7911.9038,-499111.2188,   -962.4148,    551.2858,  26373.0098,
       1,     169,     362,      17,       1,       3,       1,     10.0000,      1.4100,     42.7473,    251.1362,     63.2015,      3.4953,      0.1888,      0.1553,     84.0057,      0.1874,      5.6396,     11.2793,      1.6558,     28.9691,     57.9382,      0.0194,      0.0042,      0.2406,      0.2121,   7911.9033,-518230.6875,   -966.7940,    549.9730,  26373.0117,
       1,     169,     362,      18,       1,       3,       1,     10.0000,      1.4100,     42.7473,    251.1362,     63.2015,      3.4953,      0.1620,      0.1290,     78.7807,      0.1739,      5.6396,     11.2793,      1.5368,     28.9691,     57.9382,      0.0194,      0.0047,      0.2025,      0.2121,   7911.9038,-528906.8125,   -969.3964,    549.2405,  26373.0137,
       1,     169,     362,      19,       1,       3,       1,     10.0000,      1.4100,     42.7473,    251.1362,     63.2015,      3.4953,      0.0859,      0.0530,     37.2229,      0.1679,      5.6396,     11.2793,      1.4840,     28.9691,     57.9382,      0.0194,      0.0046,      0.0979,      0.2121,   7911.9043,-523514.6875,   -968.9720,    549.6113,  26373.0117,
       1,     169,     362,      20,       1,       3,       1,     10.0000,      1.4100,     42.7473,    251.1362,     63.2015,      3.4953,      0.0018,     -0.0307,      6.2356,      0.1567,      5.6396,     11.2793,      1.3848,     28.9691,     57.9382,      0.0194,      0.0049,      0.0156,      0.2121,   7911.9038,-473126.8438,   -958.0380,    553.0731,  26373.0117,
       1,     169,     362,      21,       1,       3,       1,     10.0000,      1.4100,     42.7473,    251.1362,     63.2015,      3.4953,      0.0000,     -0.0322,      5.2379,      0.1498,      5.6396,     11.2793,      1.3235,     28.9691,     57.9382,      0.0194,      0.0041,      0.0156,      0.2121,   7911.9038,-431761.3438,   -948.9058,    555.9437,  26373.0098,
       1,     169,     362,      22,       1,       3,       1,     10.0000,      1.4100,     42.7473,    251.1362,     63.2015,      3.4953,      0.0000,     -0.0320,      5.0708,      0.1433,      5.6396,     11.2793,      1.2660,     28.9691,     57.9382,      0.0194,      0.0039,      0.0156,      0.2122,   7911.9033,-427126.4375,   -947.8448,    556.2733,  26373.0098,
       1,     169,     362,      23,       1,       3,       1,     10.0000,      1.4100,     42.7473,    251.1362,     63.2015,      3.4953,      0.0000,     -0.0317,      3.9787,      0.1351,      5.6396,     11.2793,      1.1938,     28.9691,     57.9382,      0.0194,      0.0031,      0.0156,      0.2122,   7911.9033,-426530.5312,   -947.6796,    556.3149,  26373.0098,
       1,     169,     362,      24,       1,       3,       1,     10.0000,      1.4100,     42.7473,    251.1362,     63.2015,      3.4953,      0.0000,     -0.0316,      3.7293,      0.1323,      5.6396,     11.2793,      1.1686,     28.9691,     57.9382,      0.0194,      0.0029,      0.0156,      0.2122,   7911.9033,-425170.0625,   -947.3611,    556.4095,  26373.0117,
       1,     169,     363,       1,       1,       3,       1,     10.0000,      1.4100,     42.7476,    251.1420,     63.2030,      3.4953,      0.0000,     -0.0315,      3.0914,      0.1295,      5.6402,     11.2805,      1.1440,     28.9744,     57.9488,      0.0194,      0.0024,      0.0156,      0.2122,   7911.9038,-424910.3125,   -947.5853,    556.4405,  26374.1777,
       1,     169,     363,       2,       1,       3,       1,     10.0000,      1.4100,     42.7476,    251.1420,     63.2030,      3.4953,      0.0000,     -0.0313,      2.5101,      0.1245,      5.6402,     11.2805,      1.1005,     28.9744,     57.9488,      0.0194,      0.0020,      0.0156,      0.2122,   7912.2534,-423972.5000,   -947.0505,    556.5057,  26374.1797,
       1,     169,     363,       3,       1,       3,       1,     10.0000,      1.4100,     42.7476,    251.1420,     63.2030,      3.4953,      0.0000,     -0.0311,      2.0607,      0.1208,      5.6402,     11.2805,      1.0673,     28.9744,     57.9488,      0.0194,      0.0016,      0.0156,      0.2122,   7912.2544,-423196.7188,   -946.8616,    556.5598,  26374.1777,
       1,     169,     363,       4,       1,       3,       1,     10.0000,      1.4100,     42.7476,    251.1420,     63.2030,      3.4953,      0.0000,     -0.0310,      1.5716,      0.1185,      5.6402,     11.2805,      1.0468,     28.9744,     57.9488,      0.0194,      0.0012,      0.0156,      0.2122,   7912.2534,-422592.8438,   -946.7145,    556.6017,  26374.1777,
       1,     169,     363,       5,       1,       3,       1,     10.0000,      1.4100,     42.7476,    251.1420,     63.2030,      3.4953,      0.0000,     -0.0310,      0.9155,      0.1183,      5.6402,     11.2805,      1.0457,     28.9744,     57.9488,      0.0194,      0.0007,      0.0156,      0.2122,   7912.2534,-421955.7500,   -946.5632,    556.6461,  26374.1777,
       1,     169,     363,       6,       1,       3,       1,     10.0000,      1.4100,     42.7476,    251.1420,     63.2030,      3.4953,      0.0000,     -0.0310,      0.7274,      0.1188,      5.6402,     11.2805,      1.0500,     28.9744,     57.9488,      0.0194,      0.0006,      0.0156,      0.2122,   7912.2534,-421115.3438,   -946.3724,    556.7045,  26374.1777,
       1,     169,     363,       7,       1,       3,       1,     10.0000,      1.4100,     42.7476,    251.1420,     63.2030,      3.4953,      0.0000,     -0.0310,      0.5408,      0.1170,      5.6402,     11.2805,      1.0340,     28.9744,     57.9488,      0.0194,      0.0004,      0.0156,      0.2122,   7912.2534,-420819.5312,   -946.3041,    556.7251,  26374.1777,
       1,     169,     363,       8,       1,       3,       1,     10.0000,      1.4100,     42.7476,    251.1420,     63.2030,      3.4953,      0.0023,     -0.0286,      0.3995,      0.1155,      5.6402,     11.2805,      1.0203,     28.9744,     57.9488,      0.0194,      0.0003,      0.0156,      0.2122,   7912.2534,-420570.9375,   -946.2471,    556.7424,  26374.1758,
       1,     169,     363,       9,       1,       3,       1,     10.0000,      1.4100,     42.7476,    251.1420,     63.2030,      3.4953,      0.0884,      0.0572,      2.4394,      0.1220,      5.6402,     11.2805,      1.0783,     28.9744,     57.9488,      0.0194,      0.0003,      0.1065,      0.2122,   7912.2529,-420381.0625,   -946.2051,    556.7556,  26374.1777,
       1,     169,     363,      10,       1,       3,       1,     10.0000,      1.4100,     42.7476,    251.1420,     63.2030,      3.4953,      0.1675,      0.1357,      7.2967,      0.1375,      5.6402,     11.2805,      1.2146,     28.9744,     57.9488,      0.0194,      0.0004,      0.2184,      0.2122,   7912.2534,-422812.2500,   -946.7341,    556.5864,  26374.1777,
       1,     169,     363,      11,       1,       3,       1,     10.0000,      1.4100,     42.7476,    251.1420,     63.2030,      3.4953,      0.1899,      0.1580,     10.4351,      0.1407,      5.6402,     11.2805,      1.2432,     28.9744,     57.9488,      0.0194,      0.0005,      0.2500,      0.2122,   7912.2534,-428842.6875,   -948.0208,    556.1669,  26374.1758,
       1,     169,     363,      12,       1,       3,       1,     10.0000,      1.4100,     42.7476,    251.1420,     63.2030,      3.4953,      0.1899,      0.1585,     10.1452,      0.1279,      5.6402,     11.2805,      1.1301,     28.9744,     57.9488,      0.0194,      0.0005,      0.2500,      0.2122,   7912.2529,-433112.3438,   -955.4850,    555.8702,  26374.1777,
       1,     169,     363,      13,       1,       3,       1,     10.0000,      1.4100,     42.7476,    251.1420,     63.2030,      3.4953,      0.1899,      0.1583,     10.4504,      0.1324,      5.6402,     11.2805,      1.1698,     28.9744,     57.9488,      0.0194,      0.0005,      0.2500,      0.2122,   7912.2534,-433120.5312,   -956.4405,    555.8698,  26374.1777,
       1,     169,     363,      14,       1,       3,       1,     10.0000,      1.4100,     42.7476,    251.1420,     63.2030,      3.4953,      0.1905,      0.1588,     17.9328,      0.1352,      5.6402,     11.2805,      1.1950,     28.9744,     57.9488,      0.0194,      0.0009,      0.2500,      0.2122,   7912.2534,-433487.2500,   -956.5947,    555.8442,  26374.1777,
       1,     169,     363,      15,       1,       3,       1,     10.0000,      1.4100,     42.7476,    251.1420,     63.2030,      3.4953,      0.1916,      0.1598,     32.4722,      0.1380,      5.6402,     11.2805,      1.2195,     28.9744,     57.9488,      0.0194,      0.0016,      0.2500,      0.2122,   7912.2534,-442496.1875,   -958.5229,    555.2183,  26374.1777,
       1,     169,     363,      16,       1,       3,       1,     10.0000,      1.4100,     42.7476,    251.1420,     63.2030,      3.4953,      0.1919,      0.1602,     35.5157,      0.1354,      5.6402,     11.2805,      1.1963,     28.9744,     57.9488,      0.0194,      0.0017,      0.2500,      0.2122,   7912.2534,-460697.0312,   -962.6123,    553.9555,  26374.1777,
       1,     169,     363,      17,       1,       3,       1,     10.0000,      1.4100,     42.7476,    251.1420,     63.2030,      3.4953,      0.1766,      0.1446,      8.9658,      0.1427,      5.6402,     11.2805,      1.2609,     28.9744,     57.9488,      0.0194,      0.0005,      0.2312,      0.2122,   7912.2534,-465871.0000,   -963.8977,    553.5986,  26374.1777,
       1,     169,     363,      18,       1,       3,       1,     10.0000,      1.4100,     42.7476,    251.1420,     63.2030,      3.4953,      0.1659,      0.1334,     12.9784,      0.1575,      5.6402,     11.2805,      1.3918,     28.9744,     57.9488,      0.0194,      0.0007,      0.2155,      0.2122,   7912.2534,-434427.8125,   -957.1670,    555.7747,  26374.1758,
       1,     169,     363,      19,       1,       3,       1,     10.0000,      1.4100,     42.7476,    251.1420,     63.2030,      3.4953,      0.0866,      0.0545,      7.7977,      0.1455,      5.6402,     11.2805,      1.2854,     28.9744,     57.9488,      0.0194,      0.0009,      0.1027,      0.2122,   7912.2529,-436635.2500,   -957.6785,    555.6255,  26374.1777,
       1,     169,     363,      20,       1,       3,       1,     10.0000,      1.4100,     42.7476,    251.1420,     63.2030,      3.4953,      0.0059,     -0.0258,      1.1928,      0.1354,      5.6402,     11.2805,      1.1963,     28.9744,     57.9488,      0.0194,      0.0009,      0.0156,      0.2122,   7912.2534,-430597.3438,   -956.3927,    556.0449,  26374.1777,
       1,     169,     363,      21,       1,       3,       1,     10.0000,      1.4100,     42.7476,    251.1420,     63.2030,      3.4953,      0.0000,     -0.0316,      1.7925,      0.1339,      5.6402,     11.2805,      1.1830,     28.9744,     57.9488,      0.0194,      0.0014,      0.0156,      0.2122,   7912.2534,-422168.9062,   -954.5700,    556.6309,  26374.1758,
       1,     169,     363,      22,       1,       3,       1,     10.0000,      1.4100,     42.7476,    251.1420,     63.2030,      3.4953,      0.0000,     -0.0315,      1.8744,      0.1300,      5.6402,     11.2805,      1.1486,     28.9744,     57.9488,      0.0194,      0.0015,      0.0156,      0.2122,   7912.2529,-422186.1250,   -954.5757,    556.6300,  26374.1777,
       1,     169,     363,      23,       1,       3,       1,     10.0000,      1.4100,     42.7476,    251.1420,     63.2030,      3.4953,      0.0000,     -0.0310,      2.5631,      0.1182,      5.6402,     11.2805,      1.0446,     28.9744,     57.9488,      0.0194,      0.0020,      0.0156,      0.2122,   7912.2534,-422285.0625,   -910.6160,    556.6232,  26374.2090,
       1,     169,     363,      24,       1,       3,       1,     10.0000,      1.4100,     42.7476,    251.1420,     63.2030,      3.4953,      0.0000,     -0.0310,      2.0514,      0.1171,      5.6402,     11.2805,      1.0351,     28.9744,     57.9488,      0.0194,      0.0016,      0.0156,      0.2122,   7912.2632,-423116.0000,   -910.9389,    556.5652,  26374.2090,
       1,     169,     364,       1,       1,       3,       1,     10.0000,      1.4100,     42.7479,    251.1479,     63.2044,      3.4953,      0.0000,     -0.0311,      1.4757,      0.1192,      5.6398,     11.2796,      1.0533,     28.9804,     57.9609,      0.0194,      0.0011,      0.0156,      0.2122,   7912.2632,-422725.5000,   -911.0415,    556.6053,  26375.3789,
       1,     169,     364,       2,       1,       3,       1,     10.0000,      1.4100,     42.7479,    251.1479,     63.2044,      3.4953,      0.0000,     -0.0310,      1.4113,      0.1185,      5.6398,     11.2796,      1.0468,     28.9804,     57.9609,      0.0194,      0.0011,      0.0156,      0.2122,   7912.6138,-421851.2500,   -910.7985,    556.6662,  26375.3789,
       1,     169,     364,       3,       1,       3,       1,     10.0000,      1.4100,     42.7479,    251.1479,     63.2044,      3.4953,      0.0000,     -0.0309,      0.9648,      0.1162,      5.6398,     11.2796,      1.0266,     28.9804,     57.9609,      0.0194,      0.0008,      0.0156,      0.2122,   7912.6138,-421701.0000,   -910.5066,    556.6766,  26375.3789,
       1,     169,     364,       4,       1,       3,       1,     10.0000,      1.4100,     42.7479,    251.1479,     63.2044,      3.4953,      0.0000,     -0.0309,      0.2723,      0.1142,      5.6398,     11.2796,      1.0089,     28.9804,     57.9609,      0.0194,      0.0002,      0.0156,      0.2122,   7912.6138,-421152.9375,   -910.4924,    556.7148,  26375.3770,
       1,     169,     364,       5,       1,       3,       1,     10.0000,      1.4100,     42.7479,    251.1479,     63.2044,      3.4953,      0.0000,     -0.0309,      0.2700,      0.1150,      5.6398,     11.2796,      1.0162,     28.9804,     57.9609,      0.0194,      0.0002,      0.0156,      0.2122,   7912.6133,-420276.6250,   -910.3347,    556.7758,  26375.3789,
       1,     169,     364,       6,       1,       3,       1,     10.0000,      1.4100,     42.7479,    251.1479,     63.2044,      3.4953,      0.0000,     -0.0310,      0.2767,      0.1175,      5.6398,     11.2796,      1.0383,     28.9804,     57.9609,      0.0194,      0.0002,      0.0156,      0.2122,   7912.6138,-420200.4688,   -910.3217,    556.7811,  26375.3789,
       1,     169,     364,       7,       1,       3,       1,     10.0000,      1.4100,     42.7479,    251.1479,     63.2044,      3.4953,      0.0000,     -0.0310,      0.2773,      0.1177,      5.6398,     11.2796,      1.0404,     28.9804,     57.9609,      0.0194,      0.0002,      0.0156,      0.2122,   7912.6138,-420202.0625,   -910.3234,    556.7810,  26375.3789,
       1,     169,     364,       8,       1,       3,       1,     10.0000,      1.4100,     42.7479,    251.1479,     63.2044,      3.4953,      0.0023,     -0.0287,      0.2780,      0.1180,      5.6398,     11.2796,      1.0425,     28.9804,     57.9609,      0.0194,      0.0002,      0.0156,      0.2122,   7912.6138,-420203.0312,   -910.0682,    556.7809,  26375.3789,
       1,     169,     364,       9,       1,       3,       1,     10.0000,      1.4100,     42.7479,    251.1479,     63.2044,      3.4953,      0.0786,      0.0476,      1.6610,      0.1186,      5.6398,     11.2796,      1.0479,     28.9804,     57.9609,      0.0194,      0.0002,      0.0927,      0.2122,   7912.6138,-420203.9688,   -910.0754,    556.7809,  26375.3789,
       1,     169,     364,      10,       1,       3,       1,     10.0000,      1.4100,     42.7479,    251.1479,     63.2044,      3.4953,      0.1636,      0.1324,      4.0133,      0.1238,      5.6398,     11.2796,      1.0938,     28.9804,     57.9609,      0.0194,      0.0002,      0.2132,      0.2122,   7912.6138,-421862.9062,   -910.5993,    556.6654,  26375.3789,
       1,     169,     364,      11,       1,       3,       1,     10.0000,      1.4100,     42.7479,    251.1479,     63.2044,      3.4953,      0.1895,      0.1578,      5.1468,      0.1339,      5.6398,     11.2796,      1.1830,     28.9804,     57.9609,      0.0194,      0.0002,      0.2500,      0.2122,   7912.6138,-424823.2812,   -911.8353,    556.4594,  26375.3789,
       1,     169,     364,      12,       1,       3,       1,     10.0000,      1.4100,     42.7479,    251.1479,     63.2044,      3.4953,      0.1894,      0.1573,      5.6990,      0.1464,      5.6398,     11.2796,      1.2932,     28.9804,     57.9609,      0.0194,      0.0003,      0.2500,      0.2122,   7912.6138,-426430.3125,   -913.2444,    556.3477,  26375.3789,
       1,     169,     364,      13,       1,       3,       1,     10.0000,      1.4100,     42.7479,    251.1479,     63.2044,      3.4953,      0.1894,      0.1565,      6.6267,      0.1669,      5.6398,     11.2796,      1.4751,     28.9804,     57.9609,      0.0194,      0.0003,      0.2500,      0.2122,   7912.6138,-427226.8750,   -914.7745,    556.2923,  26375.3789,
       1,     169,     364,      14,       1,       3,       1,     10.0000,      1.4100,     42.7479,    251.1479,     63.2044,      3.4953,      0.1893,      0.1562,      7.0738,      0.1767,      5.6398,     11.2796,      1.5615,     28.9804,     57.9609,      0.0194,      0.0003,      0.2500,      0.2122,   7912.6138,-428406.2812,   -916.7413,    556.2102,  26375.3789,
       1,     169,     364,      15,       1,       3,       1,     10.0000,      1.4100,     42.7479,    251.1479,     63.2044,      3.4953,      0.1894,      0.1562,      7.3706,      0.1760,      5.6398,     11.2796,      1.5553,     28.9804,     57.9609,      0.0194,      0.0004,      0.2500,      0.2122,   7912.6138,-429041.1875,   -918.6037,    556.1661,  26375.3789,
       1,     169,     364,      16,       1,       3,       1,     10.0000,      1.4100,     42.7479,    251.1479,     63.2044,      3.4953,      0.1900,      0.1577,     13.3234,      0.1525,      5.6398,     11.2796,      1.3478,     28.9804,     57.9609,      0.0194,      0.0006,      0.2500,      0.2122,   7912.6138,-429450.2500,   -919.7883,    556.1377,  26375.3789,
       1,     169,     364,      17,       1,       3,       1,     10.0000,      1.4100,     42.7479,    251.1479,     63.2044,      3.4953,      0.1912,      0.1596,     26.5368,      0.1325,      5.6398,     11.2796,      1.1711,     28.9804,     57.9609,      0.0194,      0.0013,      0.2500,      0.2122,   7912.6138,-436625.9688,   -920.1729,    555.6389,  26375.3789,
       1,     169,     364,      18,       1,       3,       1,     10.0000,      1.4100,     42.7479,    251.1479,     63.2044,      3.4953,      0.1711,      0.1396,     40.2466,      0.1300,      5.6398,     11.2796,      1.1487,     28.9804,     57.9609,      0.0194,      0.0022,      0.2198,      0.2122,   7912.6138,-453079.0625,   -917.5914,    554.4964,  26375.3809,
       1,     169,     364,      19,       1,       3,       1,     10.0000,      1.4100,     42.7479,    251.1479,     63.2044,      3.4953,      0.0851,      0.0539,     21.2681,      0.1220,      5.6398,     11.2796,      1.0783,     28.9804,     57.9609,      0.0194,      0.0026,      0.0995,      0.2122,   7912.6147,-470906.9375,   -920.6816,    553.2618,  26375.3789,
       1,     169,     364,      20,       1,       3,       1,     10.0000,      1.4100,     42.7479,    251.1479,     63.2044,      3.4953,      0.0056,     -0.0258,      3.4979,      0.1256,      5.6398,     11.2796,      1.1096,     28.9804,     57.9609,      0.0194,      0.0027,      0.0156,      0.2122,   7912.6138,-449612.4062,   -916.1783,    554.7360,  26375.3789,
       1,     169,     364,      21,       1,       3,       1,     10.0000,      1.4100,     42.7479,    251.1479,     63.2044,      3.4953,      0.0000,     -0.0313,      1.7334,      0.1260,      5.6398,     11.2796,      1.1130,     28.9804,     57.9609,      0.0194,      0.0013,      0.0156,      0.2122,   7912.6138,-426517.5938,   -912.3415,    556.3392,  26375.3809,
       1,     169,     364,      22,       1,       3,       1,     10.0000,      1.4100,     42.7479,    251.1479,     63.2044,      3.4953,      0.0000,     -0.0312,      0.3461,      0.1238,      5.6398,     11.2796,      1.0938,     28.9804,     57.9609,      0.0194,      0.0003,      0.0156,      0.2122,   7912.6147,-422479.2500,   -911.7782,    556.6224,  26375.3789,
       1,     169,     364,      23,       1,       3,       1,     10.0000,      1.4100,     42.7479,    251.1479,     63.2044,      3.4953,      0.0000,     -0.0312,      0.2899,      0.1224,      5.6398,     11.2796,      1.0816,     28.9804,     57.9609,      0.0194,      0.0002,      0.0156,      0.2122,   7912.6138,-420475.7188,   -911.4186,    556.7619,  26375.3809,
       1,     169,     364,      24,       1,       3,       1,     10.0000,      1.4100,     42.7479,    251.1479,     63.2044,      3.4953,      0.0000,     -0.0312,      0.2882,      0.1218,      5.6398,     11.2796,      1.0761,     28.9804,     57.9609,      0.0194,      0.0002,      0.0156,      0.2122,   7912.6147,-420240.7188,   -911.3765,    556.7783,  26375.3789,
       1,     169,     365,       1,       1,       3,       1,     10.0000,      1.4100,     42.7483,    251.1537,     63.2059,      3.4953,      0.0000,     -0.0312,      0.2933,      0.1237,      5.6403,     11.2806,      1.0927,     28.9865,     57.9730,      0.0194,      0.0002,      0.0156,      0.2123,   7912.6138,-420372.9062,   -911.6609,    556.7820,  26376.5469,
       1,     169,     365,       2,       1,       3,       1,     10.0000,      1.4100,     42.7483,    251.1537,     63.2059,      3.4953,      0.0000,     -0.0312,      0.3577,      0.1237,      5.6403,     11.2806,      1.0927,     28.9865,     57.9730,      0.0194,      0.0003,      0.0156,      0.2123,   7912.9644,-420239.1562,   -911.3841,    556.7913,  26376.5469,
       1,     169,     365,       3,       1,       3,       1,     10.0000,      1.4100,     42.7483,    251.1537,     63.2059,      3.4953,      0.0000,     -0.0311,      0.3299,      0.1207,      5.6403,     11.2806,      1.0663,     28.9865,     57.9730,      0.0194,      0.0003,      0.0156,      0.2123,   7912.9644,-420305.4062,   -911.4049,    556.7867,  26376.5469,
       1,     169,     365,       4,       1,       3,       1,     10.0000,      1.4100,     42.7483,    251.1537,     63.2059,      3.4953,      0.0000,     -0.0310,      0.2793,      0.1185,      5.6403,     11.2806,      1.0468,     28.9865,     57.9730,      0.0194,      0.0002,      0.0156,      0.2123,   7912.9644,-420277.4062,   -911.4055,    556.7886,  26376.5469,
       1,     169,     365,       5,       1,       3,       1,     10.0000,      1.4100,     42.7483,    251.1537,     63.2059,      3.4953,      0.0000,     -0.0310,      0.2850,      0.1171,      5.6403,     11.2806,      1.0351,     28.9865,     57.9730,      0.0194,      0.0002,      0.0156,      0.2123,   7912.9644,-420214.5000,   -911.3954,    556.7930,  26376.5488,
       1,     169,     365,       6,       1,       3,       1,     10.0000,      1.4100,     42.7483,    251.1537,     63.2059,      3.4953,      0.0000,     -0.0310,      0.2757,      0.1171,      5.6403,     11.2806,      1.0351,     28.9865,     57.9730,      0.0194,      0.0002,      0.0156,      0.2123,   7912.9648,-420215.7812,   -911.3979,    556.7929,  26376.5488,
       1,     169,     365,       7,       1,       3,       1,     10.0000,      1.4100,     42.7483,    251.1537,     63.2059,      3.4953,      0.0000,     -0.0310,      0.2754,      0.1170,      5.6403,     11.2806,      1.0340,     28.9865,     57.9730,      0.0194,      0.0002,      0.0156,      0.2123,   7912.9648,-420204.9062,   -911.3970,    556.7938,  26376.5469,
       1,     169,     365,       8,       1,       3,       1,     10.0000,      1.4100,     42.7483,    251.1537,     63.2059,      3.4953,      0.0014,     -0.0296,      0.2754,      0.1170,      5.6403,     11.2806,      1.0340,     28.9865,     57.9730,      0.0194,      0.0002,      0.0156,      0.2123,   7912.9644,-420203.6562,   -911.3984,    556.7938,  26376.5469,
       1,     169,     365,       9,       1,       3,       1,     10.0000,      1.4100,     42.7483,    251.1537,     63.2059,      3.4953,      0.0666,      0.0355,      1.3753,      0.1201,      5.6403,     11.2806,      1.0608,     28.9865,     57.9730,      0.0194,      0.0002,      0.0757,      0.2123,   7912.9644,-420203.6562,   -911.4030,    556.7938,  26376.5469,
       1,     169,     365,      10,       1,       3,       1,     10.0000,      1.4100,     42.7483,    251.1537,     63.2059,      3.4953,      0.1633,      0.1316,      4.4209,      0.1350,      5.6403,     11.2806,      1.1927,     28.9865,     57.9730,      0.0194,      0.0003,      0.2127,      0.2123,   7912.9644,-421522.9062,   -911.8202,    556.7020,  26376.5449,
       1,     169,     365,      11,       1,       3,       1,     10.0000,      1.4100,     42.7483,    251.1537,     63.2059,      3.4953,      0.1894,      0.1566,      6.5814,      0.1659,      5.6403,     11.2806,      1.4664,     28.9865,     57.9730,      0.0194,      0.0003,      0.2500,      0.2123,   7912.9639,-425286.4375,   -913.0967,    556.4401,  26376.5469,
       1,     169,     365,      12,       1,       3,       1,     10.0000,      1.4100,     42.7483,    251.1537,     63.2059,      3.4953,      0.1893,      0.1562,      7.0578,      0.1764,      5.6403,     11.2806,      1.5585,     28.9865,     57.9730,      0.0194,      0.0003,      0.2500,      0.2123,   7912.9644,-428192.0000,   -914.9116,    556.2381,  26376.5469,
       1,     169,     365,      13,       1,       3,       1,     10.0000,      1.4100,     42.7483,    251.1537,     63.2059,      3.4953,      0.1894,      0.1565,      6.6879,      0.1683,      5.6403,     11.2806,      1.4870,     28.9865,     57.9730,      0.0194,      0.0003,      0.2500,      0.2123,   7912.9644,-429005.8125,   -913.3339,    556.1815,  26376.5469,
       1,     169,     365,      14,       1,       3,       1,     10.0000,      1.4100,     42.7483,    251.1537,     63.2059,      3.4953,      0.1894,      0.1565,      6.7033,      0.1686,      5.6403,     11.2806,      1.4900,     28.9865,     57.9730,      0.0194,      0.0003,      0.2500,      0.2123,   7912.9644,-428629.9688,   -915.1420,    556.2076,  26376.5488,
       1,     169,     365,      15,       1,       3,       1,     10.0000,      1.4100,     42.7483,    251.1537,     63.2059,      3.4953,      0.1897,      0.1564,     11.5293,      0.1803,      5.6403,     11.2806,      1.5930,     28.9865,     57.9730,      0.0194,      0.0006,      0.2500,      0.2123,   7912.9648,-428616.9375,   -916.4158,    556.2086,  26376.5488,
       1,     169,     365,      16,       1,       3,       1,     10.0000,      1.4100,     42.7483,    251.1537,     63.2059,      3.4953,      0.1928,      0.1597,     50.0958,      0.1732,      5.6403,     11.2806,      1.5307,     28.9865,     57.9730,      0.0194,      0.0024,      0.2500,      0.2123,   7912.9648,-434404.7812,   -918.8976,    555.8062,  26376.5469,
       1,     169,     365,      17,       1,       3,       1,     10.0000,      1.4100,     42.7483,    251.1537,     63.2059,      3.4953,      0.1897,      0.1570,     58.7305,      0.1635,      5.6403,     11.2806,      1.4445,     28.9865,     57.9730,      0.0194,      0.0029,      0.2445,      0.2122,   7912.9644,-481154.8750,   -928.9095,    552.5583,  26376.5488,
       1,     169,     365,      18,       1,       3,       1,     10.0000,      1.4100,     42.7483,    251.1537,     63.2059,      3.4953,      0.1460,      0.1133,     34.6297,      0.1628,      5.6403,     11.2806,      1.4387,     28.9865,     57.9730,      0.0194,      0.0023,      0.1846,      0.2122,   7912.9648,-495443.4375,   -932.6544,    551.5809,  26376.5469,
       1,     169,     365,      19,       1,       3,       1,     10.0000,      1.4100,     42.7483,    251.1537,     63.2059,      3.4953,      0.0848,      0.0525,     22.7696,      0.1513,      5.6403,     11.2806,      1.3370,     28.9865,     57.9730,      0.0194,      0.0028,      0.0983,      0.2122,   7912.9644,-467684.4375,   -928.0542,    553.4956,  26376.5469,
       1,     169,     365,      20,       1,       3,       1,     10.0000,      1.4100,     42.7483,    251.1537,     63.2059,      3.4953,      0.0039,     -0.0279,      4.1026,      0.1358,      5.6403,     11.2806,      1.2000,     28.9865,     57.9730,      0.0194,      0.0032,      0.0156,      0.2122,   7912.9644,-451149.1562,   -925.3595,    554.6430,  26376.5488,
       1,     169,     365,      21,       1,       3,       1,     10.0000,      1.4100,     42.7483,    251.1537,     63.2059,      3.4953,      0.0000,     -0.0316,      4.1353,      0.1315,      5.6403,     11.2806,      1.1616,     28.9865,     57.9730,      0.0194,      0.0032,      0.0156,      0.2122,   7912.9648,-427371.8438,   -921.0612,    556.2927,  26376.5449,
       1,     169,     365,      22,       1,       3,       1,     10.0000,      1.4100,     42.7483,    251.1537,     63.2059,      3.4953,      0.0000,     -0.0317,      4.1416,      0.1346,      5.6403,     11.2806,      1.1891,     28.9865,     57.9730,      0.0194,      0.0032,      0.0156,      0.2123,   7912.9639,-425434.8750,   -920.8312,    556.4298,  26376.5488,
       1,     169,     365,      23,       1,       3,       1,     10.0000,      1.4100,     42.7483,    251.1537,     63.2059,      3.4953,      0.0000,     -0.0316,      4.2767,      0.1317,      5.6403,     11.2806,      1.1640,     28.9865,     57.9730,      0.0194,      0.0033,      0.0156,      0.2123,   7912.9648,-425277.4688,   -921.0067,    556.4408,  26376.5469,
       1,     169,     365,      24,       1,       3,       1,     10.0000,      1.4100,     42.7483,    251.1537,     63.2059,      3.4953,      0.0000,     -0.0313,      3.4164,      0.1254,      5.6403,     11.2806,      1.1085,     28.9865,     57.9730,      0.0194,      0.0027,      0.0156,      0.2123,   7912.9644,-425426.5000,   -921.2437,    556.4304,  26376.5449,
       1,     170,       1,       1,       1,       3,       1,     10.0000,      1.4101,     42.7486,    251.1596,     63.2074,      3.4953,      0.0000,     -0.0140,      2.7952,      0.1262,      5.6403,     11.2806,      1.1153,     28.9913,     57.9825,      0.0194,      0.0022,      0.0156,      0.2054,   7898.2183,-419661.3125,   -920.5341,    556.1839,  26328.5625,
       1,     170,       1,       2,       1,       3,       1,     10.0000,      1.4101,     42.7486,    251.1596,     63.2074,      3.4953,      0.0000,     -0.0138,      2.7451,      0.1208,      5.6403,     11.2806,      1.0674,     28.9913,     57.9825,      0.0194,      0.0021,      0.0156,      0.2054,   7898.5688,-423285.9375,   -921.0443,    555.9319,  26328.5605,
       1,     170,       1,       3,       1,       3,       1,     10.0000,      1.4101,     42.7486,    251.1596,     63.2074,      3.4953,      0.0000,     -0.0137,      2.5099,      0.1191,      5.6403,     11.2806,      1.0522,     28.9913,     57.9825,      0.0194,      0.0020,      0.0156,      0.2054,   7898.5684,-423535.6875,   -921.1903,    555.9147,  26328.5605,
       1,     170,       1,       4,       1,       3,       1,     10.0000,      1.4101,     42.7486,    251.1596,     63.2074,      3.4953,      0.0000,     -0.0140,      2.3419,      0.1247,      5.6403,     11.2806,      1.1017,     28.9913,     57.9825,      0.0194,      0.0018,      0.0156,      0.2054,   7898.5684,-423266.4062,   -921.2359,    555.9334,  26328.5625,
       1,     170,       1,       5,       1,       3,       1,     10.0000,      1.4101,     42.7486,    251.1596,     63.2074,      3.4953,      0.0000,     -0.0141,      1.3897,      0.1270,      5.6403,     11.2806,      1.1221,     28.9913,     57.9825,      0.0194,      0.0011,      0.0156,      0.2054,   7898.5688,-423035.3750,   -921.3058,    555.9495,  26328.5625,
       1,     170,       1,       6,       1,       3,       1,     10.0000,      1.4101,     42.7486,    251.1596,     63.2074,      3.4953,      0.0000,     -0.0141,      0.9511,      0.1274,      5.6403,     11.2806,      1.1256,     28.9913,     57.9825,      0.0194,      0.0007,      0.0156,      0.2054,   7898.5688,-421838.3125,   -921.1445,    556.0327,  26328.5645,
       1,     170,       1,       7,       1,       3,       1,     10.0000,      1.4101,     42.7486,    251.1596,     63.2074,      3.4953,      0.0000,     -0.0141,      0.7219,      0.1276,      5.6403,     11.2806,      1.1279,     28.9913,     57.9825,      0.0194,      0.0006,      0.0156,      0.2054,   7898.5698,-421193.2500,   -921.0602,    556.0775,  26328.5625,
       1,     170,       1,       8,       1,       3,       1,     10.0000,      1.4101,     42.7486,    251.1596,     63.2074,      3.4953,      0.0025,     -0.0115,      0.8932,      0.1270,      5.6403,     11.2806,      1.1221,     28.9913,     57.9825,      0.0194,      0.0007,      0.0156,      0.2054,   7898.5688,-420854.5625,   -921.0219,    556.1010,  26328.5625,
       1,     170,       1,       9,       1,       3,       1,     10.0000,      1.4101,     42.7486,    251.1596,     63.2074,      3.4953,      0.0713,      0.0570,      3.7120,      0.1340,      5.6403,     11.2806,      1.1843,     28.9913,     57.9825,      0.0194,      0.0006,      0.0817,      0.2054,   7898.5688,-421037.3438,   -921.0899,    556.0884,  26328.5625,
       1,     170,       1,      10,       1,       3,       1,     10.0000,      1.4101,     42.7486,    251.1596,     63.2074,      3.4953,      0.1504,      0.1357,      6.3143,      0.1453,      5.6403,     11.2806,      1.2842,     28.9913,     57.9825,      0.0194,      0.0004,      0.1941,      0.2054,   7898.5688,-424537.3750,   -921.8171,    555.8450,  26328.5605,
       1,     170,       1,      11,       1,       3,       1,     10.0000,      1.4101,     42.7486,    251.1596,     63.2074,      3.4953,      0.1780,      0.1631,      7.1584,      0.1501,      5.6403,     11.2806,      1.3263,     28.9913,     57.9825,      0.0194,      0.0004,      0.2335,      0.2054,   7898.5684,-428055.5312,   -922.6299,    555.6006,  26328.5625,
       1,     170,       1,      12,       1,       3,       1,     10.0000,      1.4101,     42.7486,    251.1596,     63.2074,      3.4953,      0.1901,      0.1752,     13.6821,      0.1481,      5.6403,     11.2806,      1.3090,     28.9913,     57.9825,      0.0194,      0.0007,      0.2500,      0.2054,   7898.5688,-429401.2188,   -912.2556,    555.5073,  26328.5625,
       1,     170,       1,      13,       1,       3,       1,     10.0000,      1.4101,     42.7486,    251.1596,     63.2074,      3.4953,      0.1671,      0.1523,     11.7652,      0.1472,      5.6403,     11.2806,      1.3011,     28.9913,     57.9825,      0.0194,      0.0007,      0.2174,      0.2054,   7898.5688,-437581.9688,   -914.1653,    554.9391,  26328.5625,
       1,     170,       1,      14,       1,       3,       1,     10.0000,      1.4101,     42.7486,    251.1596,     63.2074,      3.4953,      0.1761,      0.1612,     19.6678,      0.1472,      5.6403,     11.2806,      1.3011,     28.9913,     57.9825,      0.0194,      0.0010,      0.2293,      0.2054,   7898.5688,-435915.2188,   -913.4769,    555.0552,  26328.5625,
       1,     170,       1,      15,       1,       3,       1,     10.0000,      1.4101,     42.7486,    251.1596,     63.2074,      3.4953,      0.1887,      0.1737,     33.3115,      0.1527,      5.6403,     11.2806,      1.3492,     28.9913,     57.9825,      0.0194,      0.0016,      0.2458,      0.2054,   7898.5688,-445542.5000,   -915.3589,    554.3871,  26328.5625,
       1,     170,       1,      16,       1,       3,       1,     10.0000,      1.4101,     42.7486,    251.1596,     63.2074,      3.4953,      0.1900,      0.1753,     33.2904,      0.1442,      5.6403,     11.2806,      1.2738,     28.9913,     57.9825,      0.0194,      0.0016,      0.2476,      0.2054,   7898.5688,-463241.7812,   -918.8526,    553.1611,  26328.5625,
       1,     170,       1,      17,       1,       3,       1,     10.0000,      1.4101,     42.7486,    251.1596,     63.2074,      3.4953,      0.1202,      0.1055,     13.0195,      0.1462,      5.6403,     11.2806,      1.2920,     28.9913,     57.9825,      0.0194,      0.0011,      0.1502,      0.2054,   7898.5688,-464737.1562,   -920.2900,    553.0590,  26328.5625,
       1,     170,       1,      18,       1,       3,       1,     10.0000,      1.4101,     42.7486,    251.1596,     63.2074,      3.4953,      0.0638,      0.0492,      5.9899,      0.1414,      5.6403,     11.2806,      1.2496,     28.9913,     57.9825,      0.0194,      0.0010,      0.0704,      0.2054,   7898.5688,-439789.6250,   -914.0328,    554.7837,  26328.5605,
       1,     170,       1,      19,       1,       3,       1,     10.0000,      1.4101,     42.7486,    251.1596,     63.2074,      3.4953,      0.0528,      0.0383,      5.6520,      0.1404,      5.6403,     11.2806,      1.2408,     28.9913,     57.9825,      0.0194,      0.0013,      0.0548,      0.2054,   7898.5684,-428966.5000,   -912.4165,    555.5369,  26328.5645,
       1,     170,       1,      20,       1,       3,       1,     10.0000,      1.4101,     42.7486,    251.1596,     63.2074,      3.4953,      0.0060,     -0.0085,      1.9343,      0.1396,      5.6403,     11.2806,      1.2333,     28.9913,     57.9825,      0.0194,      0.0015,      0.0156,      0.2054,   7898.5698,-427617.4688,   -912.4919,    555.6311,  26328.5625,
       1,     170,       1,      21,       1,       3,       1,     10.0000,      1.4101,     42.7486,    251.1596,     63.2074,      3.4953,      0.0000,     -0.0146,      1.2395,      0.1410,      5.6403,     11.2806,      1.2458,     28.9913,     57.9825,      0.0194,      0.0010,      0.0156,      0.2054,   7898.5688,-422905.1562,   -911.9028,    555.9585,  26328.5625,
       1,     170,       1,      22,       1,       3,       1,     10.0000,      1.4101,     42.7486,    251.1596,     63.2074,      3.4953,      0.0000,     -0.0144,      1.3316,      0.1358,      5.6403,     11.2806,      1.2000,     28.9913,     57.9825,      0.0194,      0.0010,      0.0156,      0.2054,   7898.5688,-421641.5625,   -911.8065,    556.0463,  26328.5625,
       1,     170,       1,      23,       1,       3,       1,     10.0000,      1.4101,     42.7486,    251.1596,     63.2074,      3.4953,      0.0000,     -0.0143,      1.3500,      0.1328,      5.6403,     11.2806,      1.1735,     28.9913,     57.9825,      0.0194,      0.0011,      0.0156,      0.2054,   7898.5688,-421646.9375,   -910.4777,    556.0460,  26328.5625,
       1,     170,       1,      24,       1,       3,       1,     10.0000,      1.4101,     42.7486,    251.1596,     63.2074,      3.4953,      0.0000,     -0.0142,      1.2586,      0.1315,      5.6403,     11.2806,      1.1616,     28.9913,     57.9825,      0.0194,      0.0010,      0.0156,      0.2054,   7898.5688,-421670.0938,   -910.6224,    556.0443,  26328.5625,
       1,     170,       2,       1,       1,       3,       1,     10.0000,      1.4101,     42.7489,    251.1655,     63.2088,      3.4953,      0.0000,     -0.0315,      1.3242,      0.1289,      5.6402,     11.2803,      1.1394,     29.0005,     58.0011,      0.0194,      0.0010,      0.0156,      0.2054,   7898.5688,-422529.6250,   -910.8829,    556.6576,  26329.7363,
       1,     170,       2,       2,       1,       3,       1,     10.0000,      1.4101,     42.7489,    251.1655,     63.2088,      3.4953,      0.0000,     -0.0315,      1.2065,      0.1311,      5.6402,     11.2803,      1.1581,     29.0005,     58.0011,      0.0194,      0.0009,      0.0156,      0.2054,   7898.9214,-421717.1250,   -910.4848,    556.7144,  26329.7344,
       1,     170,       2,       3,       1,       3,       1,     10.0000,      1.4101,     42.7489,    251.1655,     63.2088,      3.4953,      0.0000,     -0.0316,      0.9043,      0.1327,      5.6402,     11.2803,      1.1723,     29.0005,     58.0011,      0.0194,      0.0007,      0.0156,      0.2054,   7898.9204,-421501.7500,   -910.4266,    556.7294,  26329.7363,
       1,     170,       2,       4,       1,       3,       1,     10.0000,      1.4101,     42.7489,    251.1655,     63.2088,      3.4953,      0.0000,     -0.0315,      0.5305,      0.1304,      5.6402,     11.2803,      1.1522,     29.0005,     58.0011,      0.0194,      0.0004,      0.0156,      0.2054,   7898.9214,-421109.4688,   -910.4441,    556.7567,  26329.7363,
       1,     170,       2,       5,       1,       3,       1,     10.0000,      1.4101,     42.7489,    251.1655,     63.2088,      3.4953,      0.0000,     -0.0312,      0.6226,      0.1232,      5.6402,     11.2803,      1.0883,     29.0005,     58.0011,      0.0194,      0.0005,      0.0156,      0.2054,   7898.9214,-420613.8438,   -910.1697,    556.7912,  26329.7363,
       1,     170,       2,       6,       1,       3,       1,     10.0000,      1.4101,     42.7489,    251.1655,     63.2088,      3.4953,      0.0000,     -0.0312,      0.3792,      0.1229,      5.6402,     11.2803,      1.0861,     29.0005,     58.0011,      0.0194,      0.0003,      0.0156,      0.2054,   7898.9214,-420684.8750,   -910.1977,    556.7863,  26329.7363,
       1,     170,       2,       7,       1,       3,       1,     10.0000,      1.4101,     42.7489,    251.1655,     63.2088,      3.4953,      0.0000,     -0.0312,      0.3879,      0.1219,      5.6402,     11.2803,      1.0773,     29.0005,     58.0011,      0.0194,      0.0003,      0.0156,      0.2054,   7898.9214,-420390.2812,   -910.1085,    556.8068,  26329.7363,
       1,     170,       2,       8,       1,       3,       1,     10.0000,      1.4101,     42.7489,    251.1655,     63.2088,      3.4953,      0.0007,     -0.0301,      0.2940,      0.1122,      5.6402,     11.2803,      0.9915,     29.0005,     58.0011,      0.0194,      0.0002,      0.0156,      0.2054,   7898.9214,-420375.6562,   -910.1091,    556.8078,  26329.7363,
       1,     170,       2,       9,       1,       3,       1,     10.0000,      1.4101,     42.7489,    251.1655,     63.2088,      3.4953,      0.0298,     -0.0010,      0.4340,      0.1119,      5.6402,     11.2803,      0.9885,     29.0005,     58.0011,      0.0194,      0.0002,      0.0238,      0.2054,   7898.9214,-420258.4375,   -910.0800,    556.8160,  26329.7383,
       1,     170,       2,      10,       1,       3,       1,     10.0000,      1.4101,     42.7489,    251.1655,     63.2088,      3.4953,      0.1045,      0.0733,      2.3809,      0.1214,      5.6402,     11.2803,      1.0729,     29.0005,     58.0011,      0.0194,      0.0002,      0.1293,      0.2054,   7898.9219,-420420.9062,   -910.2042,    556.8046,  26329.7363,
       1,     170,       2,      11,       1,       3,       1,     10.0000,      1.4101,     42.7489,    251.1655,     63.2088,      3.4953,      0.1150,      0.0835,      2.8717,      0.1301,      5.6402,     11.2803,      1.1499,     29.0005,     58.0011,      0.0194,      0.0002,      0.1441,      0.2054,   7898.9214,-422841.4062,   -910.9281,    556.6362,  26329.7383,
       1,     170,       2,      12,       1,       3,       1,     10.0000,      1.4101,     42.7489,    251.1655,     63.2088,      3.4953,      0.1769,      0.1449,      5.1533,      0.1430,      5.6402,     11.2803,      1.2636,     29.0005,     58.0011,      0.0194,      0.0003,      0.2321,      0.2054,   7898.9219,-423656.0000,   -911.4430,    556.5795,  26329.7363,
       1,     170,       2,      13,       1,       3,       1,     10.0000,      1.4101,     42.7489,    251.1655,     63.2088,      3.4953,      0.1894,      0.1569,      6.1714,      0.1569,      5.6402,     11.2803,      1.3864,     29.0005,     58.0011,      0.0194,      0.0003,      0.2500,      0.2054,   7898.9214,-426546.2500,   -911.9583,    556.3784,  26329.7363,
       1,     170,       2,      14,       1,       3,       1,     10.0000,      1.4101,     42.7489,    251.1655,     63.2088,      3.4953,      0.1757,      0.1435,      5.2697,      0.1468,      5.6402,     11.2803,      1.2972,     29.0005,     58.0011,      0.0194,      0.0003,      0.2304,      0.2054,   7898.9214,-428053.1562,   -913.1947,    556.2736,  26329.7363,
       1,     170,       2,      15,       1,       3,       1,     10.0000,      1.4101,     42.7489,    251.1655,     63.2088,      3.4953,      0.1624,      0.1305,      4.5919,      0.1403,      5.6402,     11.2803,      1.2396,     29.0005,     58.0011,      0.0194,      0.0003,      0.2114,      0.2054,   7898.9214,-427068.2188,   -913.6010,    556.3422,  26329.7363,
       1,     170,       2,      16,       1,       3,       1,     10.0000,      1.4101,     42.7489,    251.1655,     63.2088,      3.4953,      0.1590,      0.1271,      4.7331,      0.1406,      5.6402,     11.2803,      1.2421,     29.0005,     58.0011,      0.0194,      0.0003,      0.2065,      0.2054,   7898.9214,-426145.6875,   -913.9478,    556.4063,  26329.7363,
       1,     170,       2,      17,       1,       3,       1,     10.0000,      1.4101,     42.7489,    251.1655,     63.2088,      3.4953,      0.1689,      0.1367,     11.3267,      0.1487,      5.6402,     11.2803,      1.3143,     29.0005,     58.0011,      0.0194,      0.0006,      0.2199,      0.2054,   7898.9214,-426240.9688,   -914.3905,    556.3997,  26329.7363,
       1,     170,       2,      18,       1,       3,       1,     10.0000,      1.4101,     42.7489,    251.1655,     63.2088,      3.4953,      0.0959,      0.0639,     15.8122,      0.1417,      5.6402,     11.2803,      1.2522,     29.0005,     58.0011,      0.0194,      0.0017,      0.1151,      0.2054,   7898.9214,-434398.5938,   -916.4787,    555.8323,  26329.7363,
       1,     170,       2,      19,       1,       3,       1,     10.0000,      1.4101,     42.7489,    251.1655,     63.2088,      3.4953,      0.0709,      0.0390,      9.1206,      0.1414,      5.6402,     11.2803,      1.2496,     29.0005,     58.0011,      0.0194,      0.0014,      0.0802,      0.2054,   7898.9214,-440645.4062,   -918.0553,    555.3986,  26329.7383,
       1,     170,       2,      20,       1,       3,       1,     10.0000,      1.4101,     42.7489,    251.1655,     63.2088,      3.4953,      0.0089,     -0.0229,      1.3835,      0.1370,      5.6402,     11.2803,      1.2110,     29.0005,     58.0011,      0.0194,      0.0011,      0.0156,      0.2054,   7898.9219,-432909.6562,   -917.0134,    555.9358,  26329.7383,
       1,     170,       2,      21,       1,       3,       1,     10.0000,      1.4101,     42.7489,    251.1655,     63.2088,      3.4953,      0.0000,     -0.0316,      1.3074,      0.1324,      5.6402,     11.2803,      1.1699,     29.0005,     58.0011,      0.0194,      0.0010,      0.0156,      0.2054,   7898.9219,-422681.8750,   -915.3044,    556.6468,  26329.7363,
       1,     170,       2,      22,       1,       3,       1,     10.0000,      1.4101,     42.7489,    251.1655,     63.2088,      3.4953,      0.0000,     -0.0313,      1.6474,      0.1242,      5.6402,     11.2803,      1.0973,     29.0005,     58.0011,      0.0194,      0.0013,      0.0156,      0.2054,   7898.9214,-421709.7188,   -915.2354,    556.7149,  26329.7363,
       1,     170,       2,      23,       1,       3,       1,     10.0000,      1.4101,     42.7489,    251.1655,     63.2088,      3.4953,      0.0000,     -0.0312,      0.8380,      0.1225,      5.6402,     11.2803,      1.0828,     29.0005,     58.0011,      0.0194,      0.0007,      0.0156,      0.2054,   7898.9214,-422045.8125,   -915.4398,    556.6916,  26329.7363,
       1,     170,       2,      24,       1,       3,       1,     10.0000,      1.4101,     42.7489,    251.1655,     63.2088,      3.4953,      0.0000,     -0.0311,      0.7665,      0.1210,      5.6402,     11.2803,      1.0696,     29.0005,     58.0011,      0.0194,      0.0006,      0.0156,      0.2054,   7898.9214,-421074.3438,   -915.3256,    556.7592,  26329.7383,
       1,     170,       3,       1,       1,       3,       1,     10.0000,      1.4101,     42.7493,    251.1714,     63.2103,      3.4953,      0.0000,     -0.0312,      0.6051,      0.1213,      5.6416,     11.2832,      1.0718,     28.9972,     57.9944,      0.0194,      0.0005,      0.0156,      0.2055,   7898.9219,-421056.5312,   -915.6403,    556.7735,  26330.9062,
       1,     170,       3,       2,       1,       3,       1,     10.0000,      1.4101,     42.7493,    251.1714,     63.2103,      3.4953,      0.0000,     -0.0311,      0.5999,      0.1201,      5.6416,     11.2832,      1.0609,     28.9972,     57.9944,      0.0194,      0.0005,      0.0156,      0.2055,   7899.2720,-420704.3125,   -915.3555,    556.7980,  26330.9062,
       1,     170,       3,       3,       1,       3,       1,     10.0000,      1.4101,     42.7493,    251.1714,     63.2103,      3.4953,      0.0000,     -0.0310,      0.3465,      0.1176,      5.6416,     11.2832,      1.0394,     28.9972,     57.9944,      0.0194,      0.0003,      0.0156,      0.2055,   7899.2720,-420667.4688,   -910.1915,    556.8006,  26330.9043,
       1,     170,       3,       4,       1,       3,       1,     10.0000,      1.4101,     42.7493,    251.1714,     63.2103,      3.4953,      0.0000,     -0.0309,      0.2985,      0.1162,      5.6416,     11.2832,      1.0267,     28.9972,     57.9944,      0.0194,      0.0002,      0.0156,      0.2055,   7899.2715,-420351.3438,   -910.1006,    556.8226,  26330.9062,
       1,     170,       3,       5,       1,       3,       1,     10.0000,      1.4101,     42.7493,    251.1714,     63.2103,      3.4953,      0.0000,     -0.0308,      0.2857,      0.1133,      5.6416,     11.2832,      1.0007,     28.9972,     57.9944,      0.0194,      0.0002,      0.0156,      0.2055,   7899.2720,-420264.6875,   -910.0903,    556.8286,  26330.9043,
       1,     170,       3,       6,       1,       3,       1,     10.0000,      1.4101,     42.7493,    251.1714,     63.2103,      3.4953,      0.0000,     -0.0307,      0.2629,      0.1115,      5.6416,     11.2832,      0.9854,     28.9972,     57.9944,      0.0194,      0.0002,      0.0156,      0.2055,   7899.2715,-420241.5938,   -910.0911,    556.8303,  26330.9082,
       1,     170,       3,       7,       1,       3,       1,     10.0000,      1.4101,     42.7493,    251.1714,     63.2103,      3.4953,      0.0000,     -0.0308,      0.2625,      0.1122,      5.6416,     11.2832,      0.9915,     28.9972,     57.9944,      0.0194,      0.0002,      0.0156,      0.2055,   7899.2729,-420210.9062,   -910.0863,    556.8323,  26330.9062,
       1,     170,       3,       8,       1,       3,       1,     10.0000,      1.4101,     42.7493,    251.1714,     63.2103,      3.4953,      0.0013,     -0.0295,      0.2589,      0.1108,      5.6416,     11.2832,      0.9794,     28.9972,     57.9944,      0.0194,      0.0002,      0.0156,      0.2055,   7899.2720,-420208.2188,   -910.0878,    556.8325,  26330.9062,
       1,     170,       3,       9,       1,       3,       1,     10.0000,      1.4101,     42.7493,    251.1714,     63.2103,      3.4953,      0.0780,      0.0471,      1.5795,      0.1143,      5.6416,     11.2832,      1.0100,     28.9972,     57.9944,      0.0194,      0.0002,      0.0919,      0.2055,   7899.2720,-420203.4375,   -910.0922,    556.8328,  26330.9062,
       1,     170,       3,      10,       1,       3,       1,     10.0000,      1.4101,     42.7493,    251.1714,     63.2103,      3.4953,      0.1219,      0.0907,      2.8864,      0.1233,      5.6416,     11.2832,      1.0895,     28.9972,     57.9944,      0.0194,      0.0002,      0.1540,      0.2055,   7899.2720,-421835.0312,   -910.6884,    556.7193,  26330.9062,
       1,     170,       3,      11,       1,       3,       1,     10.0000,      1.4101,     42.7493,    251.1714,     63.2103,      3.4953,      0.1658,      0.1340,      4.5676,      0.1369,      5.6416,     11.2832,      1.2098,     28.9972,     57.9944,      0.0194,      0.0003,      0.2163,      0.2055,   7899.2720,-423590.3125,   -911.3646,    556.5972,  26330.9062,
       1,     170,       3,      12,       1,       3,       1,     10.0000,      1.4101,     42.7493,    251.1714,     63.2103,      3.4953,      0.1626,      0.1306,      4.6550,      0.1419,      5.6416,     11.2832,      1.2535,     28.9972,     57.9944,      0.0194,      0.0003,      0.2116,      0.2055,   7899.2720,-425818.8750,   -912.3472,    556.4421,  26330.9082,
       1,     170,       3,      13,       1,       3,       1,     10.0000,      1.4101,     42.7493,    251.1714,     63.2103,      3.4953,      0.1894,      0.1568,      6.3152,      0.1601,      5.6416,     11.2832,      1.4145,     28.9972,     57.9944,      0.0194,      0.0003,      0.2500,      0.2055,   7899.2729,-426118.1875,   -912.9734,    556.4213,  26330.9062,
       1,     170,       3,      14,       1,       3,       1,     10.0000,      1.4101,     42.7493,    251.1714,     63.2103,      3.4953,      0.1860,      0.1529,      7.0635,      0.1745,      5.6416,     11.2832,      1.5416,     28.9972,     57.9944,      0.0194,      0.0003,      0.2451,      0.2055,   7899.2720,-428195.9688,   -914.2795,    556.2767,  26330.9062,
       1,     170,       3,      15,       1,       3,       1,     10.0000,      1.4101,     42.7493,    251.1714,     63.2103,      3.4953,      0.1891,      0.1559,     12.3126,      0.1783,      5.6416,     11.2832,      1.5758,     28.9972,     57.9944,      0.0194,      0.0006,      0.2490,      0.2054,   7899.2720,-429299.5312,   -915.4675,    556.2001,  26330.9082,
       1,     170,       3,      16,       1,       3,       1,     10.0000,      1.4101,     42.7493,    251.1714,     63.2103,      3.4953,      0.1678,      0.1356,     21.6683,      0.1506,      5.6416,     11.2832,      1.3304,     28.9972,     57.9944,      0.0194,      0.0012,      0.2173,      0.2054,   7899.2729,-435881.2188,   -917.6581,    555.7426,  26330.9062,
       1,     170,       3,      17,       1,       3,       1,     10.0000,      1.4101,     42.7493,    251.1714,     63.2103,      3.4953,      0.1547,      0.1221,     26.5814,      0.1580,      5.6416,     11.2832,      1.3962,     28.9972,     57.9944,      0.0194,      0.0016,      0.1979,      0.2054,   7899.2720,-448011.3125,   -918.2020,    554.9000,  26330.9062,
       1,     170,       3,      18,       1,       3,       1,     10.0000,      1.4101,     42.7493,    251.1714,     63.2103,      3.4953,      0.0992,      0.0670,     23.2141,      0.1464,      5.6416,     11.2832,      1.2933,     28.9972,     57.9944,      0.0194,      0.0024,      0.1189,      0.2054,   7899.2720,-455128.7188,   -920.2858,    554.4070,  26330.9062,
       1,     170,       3,      19,       1,       3,       1,     10.0000,      1.4101,     42.7493,    251.1714,     63.2103,      3.4953,      0.0310,     -0.0007,      5.7953,      0.1354,      5.6416,     11.2832,      1.1964,     28.9972,     57.9944,      0.0194,      0.0029,      0.0239,      0.2054,   7899.2720,-451576.4062,   -920.2664,    554.6534,  26330.9062,
       1,     170,       3,      20,       1,       3,       1,     10.0000,      1.4101,     42.7493,    251.1714,     63.2103,      3.4953,      0.0034,     -0.0280,      3.7947,      0.1280,      5.6416,     11.2832,      1.1314,     28.9972,     57.9944,      0.0194,      0.0030,      0.0156,      0.2054,   7899.2720,-429736.8750,   -916.7967,    556.1676,  26330.9043,
       1,     170,       3,      21,       1,       3,       1,     10.0000,      1.4101,     42.7493,    251.1714,     63.2103,      3.4953,      0.0000,     -0.0314,      1.5827,      0.1263,      5.6416,     11.2832,      1.1165,     28.9972,     57.9944,      0.0194,      0.0012,      0.0156,      0.2054,   7899.2715,-425394.7188,   -916.3931,    556.4715,  26330.9062,
       1,     170,       3,      22,       1,       3,       1,     10.0000,      1.4101,     42.7493,    251.1714,     63.2103,      3.4953,      0.0000,     -0.0313,      2.5902,      0.1253,      5.6416,     11.2832,      1.1074,     28.9972,     57.9944,      0.0194,      0.0020,      0.0156,      0.2055,   7899.2720,-422285.4375,   -915.9597,    556.6879,  26330.9062,
       1,     170,       3,      23,       1,       3,       1,     10.0000,      1.4101,     42.7493,    251.1714,     63.2103,      3.4953,      0.0000,     -0.0312,      1.9321,      0.1233,      5.6416,     11.2832,      1.0895,     28.9972,     57.9944,      0.0194,      0.0015,      0.0156,      0.2055,   7899.2720,-423263.1562,   -916.3645,    556.6199,  26330.9062,
       1,     170,       3,      24,       1,       3,       1,     10.0000,      1.4101,     42.7493,    251.1714,     63.2103,      3.4953,      0.0000,     -0.0312,      1.2479,      0.1222,      5.6416,     11.2832,      1.0795,     28.9972,     57.9944,      0.0194,      0.0010,      0.0156,      0.2055,   7899.2720,-422533.8125,   -916.3915,    556.6707,  26330.9043,
       1,     170,       4,       1,       1,       3,       1,     10.0000,      1.4101,     42.7496,    251.1773,     63.2118,      3.4953,      0.0000,     -0.0311,      0.9764,      0.1199,      5.6413,     11.2826,      1.0599,     28.9961,     57.9921,      0.0194,      0.0008,      0.0156,      0.2055,   7899.2715,-421780.5938,   -910.7346,    556.7362,  26332.0781,
       1,     170,       4,       2,       1,       3,       1,     10.0000,      1.4101,     42.7496,    251.1773,     63.2118,      3.4953,      0.0000,     -0.0311,      0.9998,      0.1199,      5.6413,     11.2826,      1.0599,     28.9961,     57.9921,      0.0194,      0.0008,      0.0156,      0.2055,   7899.6235,-421228.3125,   -910.4926,    556.7746,  26332.0801,
       1,     170,       4,       3,       1,       3,       1,     10.0000,      1.4101,     42.7496,    251.1773,     63.2118,      3.4953,      0.0000,     -0.0311,      0.7920,      0.1201,      5.6413,     11.2826,      1.0609,     28.9961,     57.9921,      0.0194,      0.0006,      0.0156,      0.2055,   7899.6245,-421209.4688,   -910.5773,    556.7759,  26332.0781,
       1,     170,       4,       4,       1,       3,       1,     10.0000,      1.4101,     42.7496,    251.1773,     63.2118,      3.4953,      0.0000,     -0.0310,      0.3481,      0.1174,      5.6413,     11.2826,      1.0373,     28.9961,     57.9921,      0.0194,      0.0003,      0.0156,      0.2055,   7899.6235,-420951.5000,   -910.2736,    556.7939,  26332.0820,
       1,     170,       4,       5,       1,       3,       1,     10.0000,      1.4101,     42.7496,    251.1773,     63.2118,      3.4953,      0.0000,     -0.0310,      0.4315,      0.1181,      5.6413,     11.2826,      1.0437,     28.9961,     57.9921,      0.0194,      0.0003,      0.0156,      0.2055,   7899.6250,-420380.1562,   -910.1050,    556.8336,  26332.0820,
       1,     170,       4,       6,       1,       3,       1,     10.0000,      1.4101,     42.7496,    251.1773,     63.2118,      3.4953,      0.0000,     -0.0310,      0.2757,      0.1172,      5.6413,     11.2826,      1.0352,     28.9961,     57.9921,      0.0194,      0.0002,      0.0156,      0.2055,   7899.6250,-420434.1562,   -910.1238,    556.8298,  26332.0801,
       1,     170,       4,       7,       1,       3,       1,     10.0000,      1.4101,     42.7496,    251.1773,     63.2118,      3.4953,      0.0000,     -0.0310,      0.2783,      0.1181,      5.6413,     11.2826,      1.0437,     28.9961,     57.9921,      0.0194,      0.0002,      0.0156,      0.2055,   7899.6245,-420246.5625,   -910.0702,    556.8429,  26332.0801,
       1,     170,       4,       8,       1,       3,       1,     10.0000,      1.4101,     42.7496,    251.1773,     63.2118,      3.4953,      0.0007,     -0.0303,      0.2780,      0.1180,      5.6413,     11.2826,      1.0427,     28.9961,     57.9921,      0.0194,      0.0002,      0.0156,      0.2055,   7899.6245,-420233.5938,   -910.0695,    556.8438,  26332.0781,
       1,     170,       4,       9,       1,       3,       1,     10.0000,      1.4101,     42.7496,    251.1773,     63.2118,      3.4953,      0.0567,      0.0257,      1.0910,      0.1172,      5.6413,     11.2826,      1.0352,     28.9961,     57.9921,      0.0194,      0.0002,      0.0617,      0.2055,   7899.6235,-420232.5000,   -910.0698,    556.8439,  26332.0801,
       1,     170,       4,      10,       1,       3,       1,     10.0000,      1.4101,     42.7496,    251.1773,     63.2118,      3.4953,      0.0534,      0.0225,      1.0015,      0.1164,      5.6413,     11.2826,      1.0289,     28.9961,     57.9921,      0.0194,      0.0002,      0.0571,      0.2055,   7899.6245,-421236.4688,   -910.3625,    556.7740,  26332.0801,
       1,     170,       4,      11,       1,       3,       1,     10.0000,      1.4101,     42.7496,    251.1773,     63.2118,      3.4953,      0.1362,      0.1051,      3.1796,      0.1204,      5.6413,     11.2826,      1.0642,     28.9961,     57.9921,      0.0194,      0.0002,      0.1743,      0.2055,   7899.6245,-421212.2812,   -910.4631,    556.7758,  26332.0801,
       1,     170,       4,      12,       1,       3,       1,     10.0000,      1.4101,     42.7496,    251.1773,     63.2118,      3.4953,      0.1460,      0.1147,      3.5588,      0.1243,      5.6413,     11.2826,      1.0984,     28.9961,     57.9921,      0.0194,      0.0002,      0.1882,      0.2055,   7899.6245,-423901.3125,   -911.2798,    556.5886,  26332.0801,
       1,     170,       4,      13,       1,       3,       1,     10.0000,      1.4101,     42.7496,    251.1773,     63.2118,      3.4953,      0.1441,      0.1130,      3.4282,      0.1218,      5.6413,     11.2826,      1.0762,     28.9961,     57.9921,      0.0194,      0.0002,      0.1855,      0.2055,   7899.6245,-424601.2812,   -911.7668,    556.5399,  26332.0820,
       1,     170,       4,      14,       1,       3,       1,     10.0000,      1.4101,     42.7496,    251.1773,     63.2118,      3.4953,      0.1381,      0.1070,      3.2284,      0.1187,      5.6413,     11.2826,      1.0491,     28.9961,     57.9921,      0.0194,      0.0002,      0.1769,      0.2055,   7899.6250,-424499.9062,   -912.0839,    556.5470,  26332.0781,
       1,     170,       4,      15,       1,       3,       1,     10.0000,      1.4101,     42.7496,    251.1773,     63.2118,      3.4953,      0.1714,      0.1402,      7.0526,      0.1212,      5.6413,     11.2826,      1.0708,     28.9961,     57.9921,      0.0194,      0.0004,      0.2238,      0.2055,   7899.6235,-424244.8125,   -912.3240,    556.5648,  26332.0801,
       1,     170,       4,      16,       1,       3,       1,     10.0000,      1.4101,     42.7496,    251.1773,     63.2118,      3.4953,      0.1794,      0.1479,     18.7413,      0.1291,      5.6413,     11.2826,      1.1406,     28.9961,     57.9921,      0.0194,      0.0010,      0.2340,      0.2055,   7899.6245,-428947.6875,   -913.6898,    556.2375,  26332.0820,
       1,     170,       4,      17,       1,       3,       1,     10.0000,      1.4101,     42.7496,    251.1773,     63.2118,      3.4953,      0.1482,      0.1169,     23.7923,      0.1261,      5.6413,     11.2826,      1.1142,     28.9961,     57.9921,      0.0194,      0.0015,      0.1890,      0.2055,   7899.6250,-443796.3125,   -917.1169,    555.2052,  26332.0781,
       1,     170,       4,      18,       1,       3,       1,     10.0000,      1.4101,     42.7496,    251.1773,     63.2118,      3.4953,      0.1106,      0.0794,     19.1369,      0.1223,      5.6413,     11.2826,      1.0806,     28.9961,     57.9921,      0.0194,      0.0017,      0.1361,      0.2055,   7899.6235,-451318.3438,   -919.1500,    554.6841,  26332.0801,
       1,     170,       4,      19,       1,       3,       1,     10.0000,      1.4101,     42.7496,    251.1773,     63.2118,      3.4953,      0.0394,      0.0085,      4.8070,      0.1158,      5.6413,     11.2826,      1.0236,     28.9961,     57.9921,      0.0194,      0.0016,      0.0367,      0.2055,   7899.6245,-446208.7188,   -918.7508,    555.0387,  26332.0801,
       1,     170,       4,      20,       1,       3,       1,     10.0000,      1.4101,     42.7496,    251.1773,     63.2118,      3.4953,      0.0024,     -0.0283,      2.0526,      0.1095,      5.6413,     11.2826,      0.9674,     28.9961,     57.9921,      0.0194,      0.0016,      0.0156,      0.2055,   7899.6245,-428057.7188,   -915.7993,    556.2981,  26332.0781,
       1,     170,       4,      21,       1,       3,       1,     10.0000,      1.4101,     42.7496,    251.1773,     63.2118,      3.4953,      0.0000,     -0.0306,      2.4145,      0.1090,      5.6413,     11.2826,      0.9634,     28.9961,     57.9921,      0.0194,      0.0019,      0.0156,      0.2055,   7899.6235,-423099.3750,   -915.1243,    556.6443,  26332.0801,
       1,     170,       4,      22,       1,       3,       1,     10.0000,      1.4101,     42.7496,    251.1773,     63.2118,      3.4953,      0.0000,     -0.0307,      2.0236,      0.1104,      5.6413,     11.2826,      0.9754,     28.9961,     57.9921,      0.0194,      0.0016,      0.0156,      0.2055,   7899.6245,-423118.4062,   -915.3488,    556.6430,  26332.0801,
       1,     170,       4,      23,       1,       3,       1,     10.0000,      1.4101,     42.7496,    251.1773,     63.2118,      3.4953,      0.0000,     -0.0308,      1.7408,      0.1126,      5.6413,     11.2826,      0.9946,     28.9961,     57.9921,      0.0194,      0.0014,      0.0156,      0.2055,   7899.6245,-422637.0312,   -910.7546,    556.6765,  26332.0801,
       1,     170,       4,      24,       1,       3,       1,     10.0000,      1.4101,     42.7496,    251.1773,     63.2118,      3.4953,      0.0000,     -0.0310,      0.8963,      0.1170,      5.6413,     11.2826,      1.0341,     28.9961,     57.9921,      0.0194,      0.0007,      0.0156,      0.2055,   7899.6245,-422246.2500,   -910.6481,    556.7037,  26332.0801,
       1,     170,       5,       1,       1,       3,       1,     10.0000,      1.4102,     42.7499,    251.1831,     63.2133,      3.4953,      0.0000,     -0.0310,      0.2790,      0.1184,      5.6419,     11.2837,      1.0459,     28.9898,     57.9795,      0.0194,      0.0002,      0.0156,      0.2055,   7899.6245,-421323.2812,   -910.5977,    556.7810,  26333.2461,
       1,     170,       5,       2,       1,       3,       1,     10.0000,      1.4102,     42.7499,    251.1831,     63.2133,      3.4953,      0.0000,     -0.0310,      0.2767,      0.1175,      5.6419,     11.2837,      1.0384,     28.9898,     57.9795,      0.0194,      0.0002,      0.0156,      0.2055,   7899.9741,-420330.4375,   -910.1711,    556.8501,  26333.2480,
       1,     170,       5,       3,       1,       3,       1,     10.0000,      1.4102,     42.7499,    251.1831,     63.2133,      3.4953,      0.0000,     -0.0310,      0.2741,      0.1166,      5.6419,     11.2837,      1.0299,     28.9898,     57.9795,      0.0194,      0.0002,      0.0156,      0.2055,   7899.9746,-420241.9375,   -910.1564,    556.8563,  26333.2480,
       1,     170,       5,       4,       1,       3,       1,     10.0000,      1.4102,     42.7499,    251.1831,     63.2133,      3.4953,      0.0000,     -0.0306,      0.2499,      0.1075,      5.6419,     11.2837,      0.9497,     28.9898,     57.9795,      0.0194,      0.0002,      0.0156,      0.2055,   7899.9746,-420231.0938,   -910.0673,    556.8570,  26333.2441,
       1,     170,       5,       5,       1,       3,       1,     10.0000,      1.4102,     42.7499,    251.1831,     63.2133,      3.4953,      0.0000,     -0.0306,      0.2511,      0.1079,      5.6419,     11.2837,      0.9536,     28.9898,     57.9795,      0.0194,      0.0002,      0.0156,      0.2055,   7899.9736,-420200.7812,   -910.0629,    556.8591,  26333.2461,
       1,     170,       5,       6,       1,       3,       1,     10.0000,      1.4102,     42.7499,    251.1831,     63.2133,      3.4953,      0.0000,     -0.0309,      0.2719,      0.1157,      5.6419,     11.2837,      1.0226,     28.9898,     57.9795,      0.0194,      0.0002,      0.0156,      0.2055,   7899.9741,-420199.5312,   -910.0635,    556.8593,  26333.2480,
       1,     170,       5,       7,       1,       3,       1,     10.0000,      1.4102,     42.7499,    251.1831,     63.2133,      3.4953,      0.0000,     -0.0310,      0.2790,      0.1184,      5.6419,     11.2837,      1.0459,     28.9898,     57.9795,      0.0194,      0.0002,      0.0156,      0.2055,   7899.9746,-420224.6875,   -910.0690,    556.8575,  26333.2500,
       1,     170,       5,       8,       1,       3,       1,     10.0000,      1.4102,     42.7499,    251.1831,     63.2133,      3.4953,      0.0016,     -0.0293,      0.2700,      0.1150,      5.6419,     11.2837,      1.0163,     28.9898,     57.9795,      0.0194,      0.0002,      0.0156,      0.2055,   7899.9751,-420235.4062,   -910.0720,    556.8568,  26333.2500,
       1,     170,       5,       9,       1,       3,       1,     10.0000,      1.4102,     42.7499,    251.1831,     63.2133,      3.4953,      0.0078,     -0.0232,      0.2796,      0.1186,      5.6419,     11.2837,      1.0480,     28.9898,     57.9795,      0.0194,      0.0002,      0.0156,      0.2055,   7899.9751,-420225.2188,   -910.0745,    556.8574,  26333.2480,
       1,     170,       5,      10,       1,       3,       1,     10.0000,      1.4102,     42.7499,    251.1831,     63.2133,      3.4953,      0.0136,     -0.0176,      0.0071,      0.1223,      5.6419,     11.2837,      1.0807,     28.9898,     57.9795,      0.0194,      0.0002,      0.0004,      0.2055,   7899.9746,-420236.5000,   -910.0865,    556.8566,  26333.2480,
       1,     170,       5,      11,       1,       3,       1,     10.0000,      1.4102,     42.7499,    251.1831,     63.2133,      3.4953,      0.0218,     -0.0090,      0.2116,      0.1131,      5.6419,     11.2837,      0.9998,     28.9898,     57.9795,      0.0194,      0.0002,      0.0125,      0.2055,   7899.9746,-419900.7500,   -910.0311,    556.8801,  26333.2480,
       1,     170,       5,      12,       1,       3,       1,     10.0000,      1.4102,     42.7499,    251.1831,     63.2133,      3.4953,      0.0284,     -0.0026,      0.3805,      0.1160,      5.6419,     11.2837,      1.0247,     28.9898,     57.9795,      0.0194,      0.0002,      0.0216,      0.2055,   7899.9746,-420124.4375,   -910.0870,    556.8644,  26333.2461,
       1,     170,       5,      13,       1,       3,       1,     10.0000,      1.4102,     42.7499,    251.1831,     63.2133,      3.4953,      0.0515,      0.0205,      2.6488,      0.1172,      5.6419,     11.2837,      1.0352,     28.9898,     57.9795,      0.0194,      0.0006,      0.0542,      0.2055,   7899.9741,-420352.7500,   -910.1365,    556.8485,  26333.2461,
       1,     170,       5,      14,       1,       3,       1,     10.0000,      1.4102,     42.7499,    251.1831,     63.2133,      3.4953,      0.1371,      0.1060,      4.4288,      0.1215,      5.6419,     11.2837,      1.0741,     28.9898,     57.9795,      0.0194,      0.0003,      0.1754,      0.2055,   7899.9741,-423174.7188,   -910.7562,    556.6522,  26333.2480,
       1,     170,       5,      15,       1,       3,       1,     10.0000,      1.4102,     42.7499,    251.1831,     63.2133,      3.4953,      0.1542,      0.1226,      4.7168,      0.1313,      5.6419,     11.2837,      1.1606,     28.9898,     57.9795,      0.0194,      0.0003,      0.1997,      0.2055,   7899.9746,-425616.1875,   -911.3455,    556.4823,  26333.2480,
       1,     170,       5,      16,       1,       3,       1,     10.0000,      1.4102,     42.7499,    251.1831,     63.2133,      3.4953,      0.1576,      0.1260,      4.2431,      0.1347,      5.6419,     11.2837,      1.1904,     28.9898,     57.9795,      0.0194,      0.0003,      0.2046,      0.2055,   7899.9746,-426181.9688,   -911.5353,    556.4430,  26333.2480,
       1,     170,       5,      17,       1,       3,       1,     10.0000,      1.4102,     42.7499,    251.1831,     63.2133,      3.4953,      0.0723,      0.0408,      1.6314,      0.1280,      5.6419,     11.2837,      1.1314,     28.9898,     57.9795,      0.0194,      0.0002,      0.0834,      0.2055,   7899.9746,-425645.3438,   -911.4445,    556.4803,  26333.2480,
       1,     170,       5,      18,       1,       3,       1,     10.0000,      1.4102,     42.7499,    251.1831,     63.2133,      3.4953,      0.0281,     -0.0029,      0.3751,      0.1174,      5.6419,     11.2837,      1.0374,     28.9898,     57.9795,      0.0194,      0.0002,      0.0212,      0.2055,   7899.9746,-422372.4688,   -910.5772,    556.7079,  26333.2480,
       1,     170,       5,      19,       1,       3,       1,     10.0000,      1.4102,     42.7499,    251.1831,     63.2133,      3.4953,      0.0133,     -0.0179,      0.3361,      0.1212,      5.6419,     11.2837,      1.0708,     28.9898,     57.9795,      0.0194,      0.0003,      0.0156,      0.2055,   7899.9746,-420539.0312,   -910.1660,    556.8356,  26333.2480,
       1,     170,       5,      20,       1,       3,       1,     10.0000,      1.4102,     42.7499,    251.1831,     63.2133,      3.4953,      0.0031,     -0.0283,      0.6692,      0.1273,      5.6419,     11.2837,      1.1245,     28.9898,     57.9795,      0.0194,      0.0005,      0.0156,      0.2055,   7899.9746,-420333.1875,   -910.1188,    556.8499,  26333.2480,
       1,     170,       5,      21,       1,       3,       1,     10.0000,      1.4102,     42.7499,    251.1831,     63.2133,      3.4953,      0.0000,     -0.0315,      0.7501,      0.1300,      5.6419,     11.2837,      1.1488,     28.9898,     57.9795,      0.0194,      0.0006,      0.0156,      0.2055,   7899.9746,-420727.0625,   -910.2208,    556.8226,  26333.2461,
       1,     170,       5,      22,       1,       3,       1,     10.0000,      1.4102,     42.7499,    251.1831,     63.2133,      3.4953,      0.0000,     -0.0315,      0.3233,      0.1311,      5.6419,     11.2837,      1.1582,     28.9898,     57.9795,      0.0194,      0.0003,      0.0156,      0.2055,   7899.9741,-420861.0625,   -910.3187,    556.8131,  26333.2480,
       1,     170,       5,      23,       1,       3,       1,     10.0000,      1.4102,     42.7499,    251.1831,     63.2133,      3.4953,      0.0000,     -0.0315,      0.3117,      0.1304,      5.6419,     11.2837,      1.1523,     28.9898,     57.9795,      0.0194,      0.0002,      0.0156,      0.2055,   7899.9746,-420345.2500,   -910.0896,    556.8491,  26333.2480,
       1,     170,       5,      24,       1,       3,       1,     10.0000,      1.4102,     42.7499,    251.1831,     63.2133,      3.4953,      0.0000,     -0.0315,      0.3080,      0.1291,      5.6419,     11.2837,      1.1407,     28.9898,     57.9795,      0.0194,      0.0002,      0.0156,      0.2055,   7899.9746,-420286.2812,   -910.0773,    556.8532,  26333.2480,
       1,     170,       6,       1,       1,       3,       1,     10.0000,      1.4102,     42.7503,    251.1890,     63.2148,      3.4953,      0.0000,     -0.0316,      0.3565,      0.1323,      5.6431,     11.2862,      1.1689,     28.9676,     57.9353,      0.0194,      0.0003,      0.0156,      0.2055,   7899.9746,-420431.1875,   -910.3613,    556.8563,  26334.4160,
       1,     170,       6,       2,       1,       3,       1,     10.0000,      1.4102,     42.7503,    251.1890,     63.2148,      3.4953,      0.0000,     -0.0314,      0.5471,      0.1283,      5.6431,     11.2862,      1.1337,     28.9676,     57.9353,      0.0194,      0.0004,      0.0156,      0.2055,   7900.3252,-420352.0000,   -910.1030,    556.8619,  26334.4160,
       1,     170,       6,       3,       1,       3,       1,     10.0000,      1.4102,     42.7503,    251.1890,     63.2148,      3.4953,      0.0000,     -0.0313,      0.6663,      0.1244,      5.6431,     11.2862,      1.0996,     28.9676,     57.9353,      0.0194,      0.0005,      0.0156,      0.2055,   7900.3252,-420580.6562,   -910.1851,    556.8459,  26334.4141,
       1,     170,       6,       4,       1,       3,       1,     10.0000,      1.4102,     42.7503,    251.1890,     63.2148,      3.4953,      0.0000,     -0.0315,      0.6118,      0.1304,      5.6431,     11.2862,      1.1523,     28.9676,     57.9353,      0.0194,      0.0005,      0.0156,      0.2055,   7900.3247,-420748.0000,   -910.2784,    556.8342,  26334.4141,
       1,     170,       6,       5,       1,       3,       1,     10.0000,      1.4102,     42.7503,    251.1890,     63.2148,      3.4953,      0.0000,     -0.0314,      0.6006,      0.1265,      5.6431,     11.2862,      1.1177,     28.9676,     57.9353,      0.0194,      0.0005,      0.0156,      0.2055,   7900.3247,-420695.0625,   -910.1989,    556.8380,  26334.4160,
       1,     170,       6,       6,       1,       3,       1,     10.0000,      1.4102,     42.7503,    251.1890,     63.2148,      3.4953,      0.0000,     -0.0312,      1.0183,      0.1229,      5.6431,     11.2862,      1.0862,     28.9676,     57.9353,      0.0194,      0.0008,      0.0156,      0.2055,   7900.3252,-420676.1562,   -910.1944,    556.8392,  26334.4141,
       1,     170,       6,       7,       1,       3,       1,     10.0000,      1.4102,     42.7503,    251.1890,     63.2148,      3.4953,      0.0000,     -0.0313,      0.8786,      0.1243,      5.6431,     11.2862,      1.0985,     28.9676,     57.9353,      0.0194,      0.0007,      0.0156,      0.2055,   7900.3247,-421191.0000,   -910.3583,    556.8034,  26334.4141,
       1,     170,       6,       8,       1,       3,       1,     10.0000,      1.4102,     42.7503,    251.1890,     63.2148,      3.4953,      0.0013,     -0.0299,      0.4693,      0.1216,      5.6431,     11.2862,      1.0741,     28.9676,     57.9353,      0.0194,      0.0004,      0.0156,      0.2055,   7900.3247,-421062.7812,   -910.3121,    556.8124,  26334.4160,
       1,     170,       6,       9,       1,       3,       1,     10.0000,      1.4102,     42.7503,    251.1890,     63.2148,      3.4953,      0.1205,      0.0894,      4.7971,      0.1197,      5.6431,     11.2862,      1.0577,     28.9676,     57.9353,      0.0194,      0.0004,      0.1518,      0.2055,   7900.3252,-420545.6875,   -910.1559,    556.8484,  26334.4160,
       1,     170,       6,      10,       1,       3,       1,     10.0000,      1.4102,     42.7503,    251.1890,     63.2148,      3.4953,      0.1582,      0.1266,      4.2559,      0.1346,      5.6431,     11.2862,      1.1892,     28.9676,     57.9353,      0.0194,      0.0003,      0.2055,      0.2055,   7900.3252,-425847.1875,   -911.3790,    556.4793,  26334.4160,
       1,     170,       6,      11,       1,       3,       1,     10.0000,      1.4102,     42.7503,    251.1890,     63.2148,      3.4953,      0.1803,      0.1478,      5.8916,      0.1579,      5.6431,     11.2862,      1.3949,     28.9676,     57.9353,      0.0194,      0.0003,      0.2370,      0.2055,   7900.3252,-425634.9062,   -911.8887,    556.4942,  26334.4160,
       1,     170,       6,      12,       1,       3,       1,     10.0000,      1.4102,     42.7503,    251.1890,     63.2148,      3.4953,      0.1864,      0.1536,      6.3945,      0.1643,      5.6431,     11.2862,      1.4519,     28.9676,     57.9353,      0.0194,      0.0003,      0.2457,      0.2055,   7900.3252,-427637.1562,   -913.0520,    556.3549,  26334.4180,
       1,     170,       6,      13,       1,       3,       1,     10.0000,      1.4102,     42.7503,    251.1890,     63.2148,      3.4953,      0.1836,      0.1508,      6.6278,      0.1660,      5.6431,     11.2862,      1.4666,     28.9676,     57.9353,      0.0194,      0.0003,      0.2417,      0.2055,   7900.3257,-428430.3750,   -914.0268,    556.2998,  26334.4160,
       1,     170,       6,      14,       1,       3,       1,     10.0000,      1.4102,     42.7503,    251.1890,     63.2148,      3.4953,      0.1872,      0.1543,     10.3508,      0.1700,      5.6431,     11.2862,      1.5022,     28.9676,     57.9353,      0.0194,      0.0005,      0.2465,      0.2055,   7900.3252,-428786.9375,   -914.8480,    556.2750,  26334.4160,
       1,     170,       6,      15,       1,       3,       1,     10.0000,      1.4102,     42.7503,    251.1890,     63.2148,      3.4953,      0.1900,      0.1570,     14.2347,      0.1714,      5.6431,     11.2862,      1.5142,     28.9676,     57.9353,      0.0194,      0.0007,      0.2500,      0.2055,   7900.3252,-433417.1562,   -916.4493,    555.9531,  26334.4160,
       1,     170,       6,      16,       1,       3,       1,     10.0000,      1.4102,     42.7503,    251.1890,     63.2148,      3.4953,      0.1354,      0.1029,     20.5851,      0.1577,      5.6431,     11.2862,      1.3935,     28.9676,     57.9353,      0.0194,      0.0015,      0.1710,      0.2055,   7900.3252,-438613.8125,   -918.4768,    555.5920,  26334.4180,
       1,     170,       6,      17,       1,       3,       1,     10.0000,      1.4102,     42.7503,    251.1890,     63.2148,      3.4953,      0.1064,      0.0746,     18.5211,      0.1392,      5.6431,     11.2862,      1.2297,     28.9676,     57.9353,      0.0194,      0.0017,      0.1299,      0.2055,   7900.3257,-446906.8750,   -915.4578,    555.0162,  26334.4141,
       1,     170,       6,      18,       1,       3,       1,     10.0000,      1.4102,     42.7503,    251.1890,     63.2148,      3.4953,      0.1219,      0.0898,     26.7241,      0.1461,      5.6431,     11.2862,      1.2908,     28.9676,     57.9353,      0.0194,      0.0021,      0.1510,      0.2055,   7900.3247,-445069.6562,   -915.0911,    555.1439,  26334.4160,
       1,     170,       6,      19,       1,       3,       1,     10.0000,      1.4102,     42.7503,    251.1890,     63.2148,      3.4953,      0.0516,      0.0197,      9.0297,      0.1401,      5.6431,     11.2862,      1.2384,     28.9676,     57.9353,      0.0194,      0.0021,      0.0527,      0.2055,   7900.3252,-455047.9062,   -917.6433,    554.4515,  26334.4160,
       1,     170,       6,      20,       1,       3,       1,     10.0000,      1.4102,     42.7503,    251.1890,     63.2148,      3.4953,      0.0063,     -0.0254,      2.6991,      0.1350,      5.6431,     11.2862,      1.1928,     28.9676,     57.9353,      0.0194,      0.0021,      0.0156,      0.2055,   7900.3252,-434036.9375,   -913.0183,    555.9081,  26334.4160,
       1,     170,       6,      21,       1,       3,       1,     10.0000,      1.4102,     42.7503,    251.1890,     63.2148,      3.4953,      0.0000,     -0.0312,      2.0483,      0.1237,      5.6431,     11.2862,      1.0929,     28.9676,     57.9353,      0.0194,      0.0016,      0.0156,      0.2055,   7900.3252,-424417.0000,   -911.1952,    556.5786,  26334.4160,
       1,     170,       6,      22,       1,       3,       1,     10.0000,      1.4102,     42.7503,    251.1890,     63.2148,      3.4953,      0.0000,     -0.0312,      0.5037,      0.1225,      5.6431,     11.2862,      1.0829,     28.9676,     57.9353,      0.0194,      0.0004,      0.0156,      0.2055,   7900.3252,-422784.9688,   -910.7824,    556.6925,  26334.4160,
       1,     170,       6,      23,       1,       3,       1,     10.0000,      1.4102,     42.7503,    251.1890,     63.2148,      3.4953,      0.0000,     -0.0313,      0.9070,      0.1260,      5.6431,     11.2862,      1.1131,     28.9676,     57.9353,      0.0194,      0.0007,      0.0156,      0.2055,   7900.3252,-420736.2812,   -910.4480,    556.8351,  26334.4160,
       1,     170,       6,      24,       1,       3,       1,     10.0000,      1.4102,     42.7503,    251.1890,     63.2148,      3.4953,      0.0000,     -0.0314,      0.7990,      0.1275,      5.6431,     11.2862,      1.1268,     28.9676,     57.9353,      0.0194,      0.0006,      0.0156,      0.2055,   7900.3252,-421058.3125,   -910.5828,    556.8127,  26334.4160,
       1,     170,       7,       1,       1,       3,       1,     10.0000,      1.4102,     42.7506,    251.1949,     63.2163,      3.4953,      0.0000,     -0.0312,      0.5817,      0.1231,      5.6418,     11.2835,      1.0874,     28.9683,     57.9365,      0.0194,      0.0005,      0.0156,      0.2056,   7900.3252,-421107.1875,   -910.5336,    556.8223,  26335.5859,
       1,     170,       7,       2,       1,       3,       1,     10.0000,      1.4102,     42.7506,    251.1949,     63.2163,      3.4953,      0.0000,     -0.0311,      0.4012,      0.1209,      5.6418,     11.2835,      1.0686,     28.9683,     57.9365,      0.0194,      0.0003,      0.0156,      0.2056,   7900.6763,-420691.6250,   -910.1921,    556.8513,  26335.5879,
       1,     170,       7,       3,       1,       3,       1,     10.0000,      1.4102,     42.7506,    251.1949,     63.2163,      3.4953,      0.0000,     -0.0310,      0.3983,      0.1186,      5.6418,     11.2835,      1.0481,     28.9683,     57.9365,      0.0194,      0.0003,      0.0156,      0.2056,   7900.6768,-420432.6875,   -910.1205,    556.8693,  26335.5859,
       1,     170,       7,       4,       1,       3,       1,     10.0000,      1.4102,     42.7506,    251.1949,     63.2163,      3.4953,      0.0000,     -0.0312,      0.4854,      0.1214,      5.6418,     11.2835,      1.0730,     28.9683,     57.9365,      0.0194,      0.0004,      0.0156,      0.2056,   7900.6763,-420406.9688,   -910.1167,    556.8711,  26335.5859,
       1,     170,       7,       5,       1,       3,       1,     10.0000,      1.4102,     42.7506,    251.1949,     63.2163,      3.4953,      0.0000,     -0.0315,      0.3442,      0.1298,      5.6418,     11.2835,      1.1465,     28.9683,     57.9365,      0.0194,      0.0003,      0.0156,      0.2056,   7900.6763,-420512.3438,   -910.1686,    556.8638,  26335.5859,
       1,     170,       7,       6,       1,       3,       1,     10.0000,      1.4102,     42.7506,    251.1949,     63.2163,      3.4953,      0.0000,     -0.0316,      0.3153,      0.1317,      5.6418,     11.2835,      1.1642,     28.9683,     57.9365,      0.0194,      0.0002,      0.0156,      0.2056,   7900.6763,-420346.9688,   -910.1465,    556.8753,  26335.5859,
       1,     170,       7,       7,       1,       3,       1,     10.0000,      1.4102,     42.7506,    251.1949,     63.2163,      3.4953,      0.0000,     -0.0314,      0.3059,      0.1283,      5.6418,     11.2835,      1.1338,     28.9683,     57.9365,      0.0194,      0.0002,      0.0156,      0.2056,   7900.6763,-420297.0000,   -910.1395,    556.8787,  26335.5879,
       1,     170,       7,       8,       1,       3,       1,     10.0000,      1.4102,     42.7506,    251.1949,     63.2163,      3.4953,      0.0047,     -0.0268,      0.3056,      0.1282,      5.6418,     11.2835,      1.1326,     28.9683,     57.9365,      0.0194,      0.0002,      0.0156,      0.2056,   7900.6768,-420281.0625,   -910.1377,    556.8799,  26335.5879,
       1,     170,       7,       9,       1,       3,       1,     10.0000,      1.4102,     42.7506,    251.1949,     63.2163,      3.4953,      0.0758,      0.0444,      1.9501,      0.1273,      5.6418,     11.2835,      1.1246,     28.9683,     57.9365,      0.0194,      0.0003,      0.0884,      0.2056,   7900.6768,-420279.2188,   -910.0828,    556.8800,  26335.5898,
       1,     170,       7,      10,       1,       3,       1,     10.0000,      1.4102,     42.7506,    251.1949,     63.2163,      3.4953,      0.1413,      0.1097,      4.4663,      0.1332,      5.6418,     11.2835,      1.1772,     28.9683,     57.9365,      0.0194,      0.0003,      0.1814,      0.2056,   7900.6772,-422310.0625,   -910.5725,    556.7386,  26335.5879,
       1,     170,       7,      11,       1,       3,       1,     10.0000,      1.4102,     42.7506,    251.1949,     63.2163,      3.4953,      0.1611,      0.1291,     10.1422,      0.1443,      5.6418,     11.2835,      1.2753,     28.9683,     57.9365,      0.0194,      0.0006,      0.2089,      0.2056,   7900.6768,-425592.8438,   -911.5442,    556.5102,  26335.5898,
       1,     170,       7,      12,       1,       3,       1,     10.0000,      1.4102,     42.7506,    251.1949,     63.2163,      3.4953,      0.1905,      0.1580,     19.5814,      0.1583,      5.6418,     11.2835,      1.3991,     28.9683,     57.9365,      0.0194,      0.0010,      0.2500,      0.2056,   7900.6772,-432885.9375,   -913.4479,    556.0029,  26335.5879,
       1,     170,       7,      13,       1,       3,       1,     10.0000,      1.4102,     42.7506,    251.1949,     63.2163,      3.4953,      0.1901,      0.1572,     16.3510,      0.1712,      5.6418,     11.2835,      1.5128,     28.9683,     57.9365,      0.0194,      0.0008,      0.2500,      0.2056,   7900.6768,-445174.2188,   -916.7581,    555.1491,  26335.5879,
       1,     170,       7,      14,       1,       3,       1,     10.0000,      1.4102,     42.7506,    251.1949,     63.2163,      3.4953,      0.1899,      0.1570,     13.8973,      0.1705,      5.6418,     11.2835,      1.5067,     28.9683,     57.9365,      0.0194,      0.0007,      0.2500,      0.2055,   7900.6768,-442239.7812,   -917.3373,    555.3534,  26335.5879,
       1,     170,       7,      15,       1,       3,       1,     10.0000,      1.4102,     42.7506,    251.1949,     63.2163,      3.4953,      0.1898,      0.1564,     12.7002,      0.1845,      5.6418,     11.2835,      1.6301,     28.9683,     57.9365,      0.0194,      0.0006,      0.2500,      0.2055,   7900.6768,-438955.6562,   -917.6831,    555.5814,  26335.5898,
       1,     170,       7,      16,       1,       3,       1,     10.0000,      1.4102,     42.7506,    251.1949,     63.2163,      3.4953,      0.1916,      0.1582,     36.3834,      0.1841,      5.6418,     11.2835,      1.6269,     28.9683,     57.9365,      0.0194,      0.0018,      0.2500,      0.2055,   7900.6772,-437194.4062,   -918.4941,    555.7037,  26335.5879,
       1,     170,       7,      17,       1,       3,       1,     10.0000,      1.4102,     42.7506,    251.1949,     63.2163,      3.4953,      0.1911,      0.1580,     53.2739,      0.1762,      5.6418,     11.2835,      1.5572,     28.9683,     57.9365,      0.0194,      0.0026,      0.2472,      0.2055,   7900.6768,-466302.4688,   -924.9143,    553.6818,  26335.5879,
       1,     170,       7,      18,       1,       3,       1,     10.0000,      1.4102,     42.7506,    251.1949,     63.2163,      3.4953,      0.1681,      0.1352,     63.0571,      0.1703,      5.6418,     11.2835,      1.5052,     28.9683,     57.9365,      0.0194,      0.0036,      0.2131,      0.2055,   7900.6768,-489687.8750,   -930.2204,    552.0670,  26335.5879,
       1,     170,       7,      19,       1,       3,       1,     10.0000,      1.4102,     42.7506,    251.1949,     63.2163,      3.4953,      0.0553,      0.0229,     16.2062,      0.1539,      5.6418,     11.2835,      1.3603,     28.9683,     57.9365,      0.0194,      0.0035,      0.0567,      0.2055,   7900.6768,-503791.0938,   -933.8036,    551.0961,  26335.5859,
       1,     170,       7,      20,       1,       3,       1,     10.0000,      1.4102,     42.7506,    251.1949,     63.2163,      3.4953,      0.0047,     -0.0273,      5.4273,      0.1436,      5.6418,     11.2835,      1.2689,     28.9683,     57.9365,      0.0194,      0.0042,      0.0156,      0.2055,   7900.6763,-447059.0312,   -923.9494,    555.0050,  26335.5879,
       1,     170,       7,      21,       1,       3,       1,     10.0000,      1.4102,     42.7506,    251.1949,     63.2163,      3.4953,      0.0000,     -0.0318,      5.2527,      0.1368,      5.6418,     11.2835,      1.2087,     28.9683,     57.9365,      0.0194,      0.0041,      0.0156,      0.2055,   7900.6768,-428920.4062,   -921.0274,    556.2773,  26335.5879,
       1,     170,       7,      22,       1,       3,       1,     10.0000,      1.4102,     42.7506,    251.1949,     63.2163,      3.4953,      0.0000,     -0.0317,      5.0177,      0.1353,      5.6418,     11.2835,      1.1953,     28.9683,     57.9365,      0.0194,      0.0039,      0.0156,      0.2056,   7900.6768,-427134.1562,   -921.0387,    556.4030,  26335.5879,
       1,     170,       7,      23,       1,       3,       1,     10.0000,      1.4102,     42.7506,    251.1949,     63.2163,      3.4953,      0.0000,     -0.0316,      4.6308,      0.1316,      5.6418,     11.2835,      1.1630,     28.9683,     57.9365,      0.0194,      0.0036,      0.0156,      0.2056,   7900.6768,-426688.7500,   -921.2639,    556.4340,  26335.5879,
       1,     170,       7,      24,       1,       3,       1,     10.0000,      1.4102,     42.7506,    251.1949,     63.2163,      3.4953,      0.0000,     -0.0311,      3.2297,      0.1209,      5.6418,     11.2835,      1.0686,     28.9683,     57.9365,      0.0194,      0.0025,      0.0156,      0.2056,   7900.6768,-426172.5625,   -921.4182,    556.4698,  26335.5859,
       1,     170,       8,       1,       1,       3,       1,     10.0000,      1.4102,     42.7509,    251.2007,     63.2178,      3.4953,      0.0000,     -0.0308,      2.4064,      0.1134,      5.6414,     11.2829,      1.0019,     28.9720,     57.9441,      0.0194,      0.0019,      0.0156,      0.2056,   7900.6763,-424551.4375,   -921.5714,    556.5956,  26336.7559,
       1,     170,       8,       2,       1,       3,       1,     10.0000,      1.4102,     42.7509,    251.2007,     63.2178,      3.4953,      0.0000,     -0.0308,      1.6417,      0.1126,      5.6414,     11.2829,      0.9947,     28.9720,     57.9441,      0.0194,      0.0013,      0.0156,      0.2056,   7901.0269,-423243.9375,   -921.1990,    556.6866,  26336.7578,
       1,     170,       8,       3,       1,       3,       1,     10.0000,      1.4102,     42.7509,    251.2007,     63.2178,      3.4953,      0.0000,     -0.0307,      1.5440,      0.1115,      5.6414,     11.2829,      0.9856,     28.9720,     57.9441,      0.0194,      0.0012,      0.0156,      0.2056,   7901.0278,-422187.0000,   -921.0836,    556.7602,  26336.7578,
       1,     170,       8,       4,       1,       3,       1,     10.0000,      1.4102,     42.7509,    251.2007,     63.2178,      3.4953,      0.0000,     -0.0307,      1.0031,      0.1095,      5.6414,     11.2829,      0.9675,     28.9720,     57.9441,      0.0194,      0.0008,      0.0156,      0.2056,   7901.0278,-421975.4688,   -921.1188,    556.7749,  26336.7598,
       1,     170,       8,       5,       1,       3,       1,     10.0000,      1.4102,     42.7509,    251.2007,     63.2178,      3.4953,      0.0000,     -0.0307,      0.5864,      0.1096,      5.6414,     11.2829,      0.9685,     28.9720,     57.9441,      0.0194,      0.0005,      0.0156,      0.2056,   7901.0283,-421289.0312,   -921.0353,    556.8226,  26336.7578,
       1,     170,       8,       6,       1,       3,       1,     10.0000,      1.4102,     42.7509,    251.2007,     63.2178,      3.4953,      0.0000,     -0.0306,      0.2787,      0.1092,      5.6414,     11.2829,      0.9645,     28.9720,     57.9441,      0.0194,      0.0002,      0.0156,      0.2056,   7901.0278,-420715.6875,   -920.9499,    556.8625,  26336.7578,
       1,     170,       8,       7,       1,       3,       1,     10.0000,      1.4102,     42.7509,    251.2007,     63.2178,      3.4953,      0.0000,     -0.0306,      0.3015,      0.1086,      5.6414,     11.2829,      0.9596,     28.9720,     57.9441,      0.0194,      0.0002,      0.0156,      0.2056,   7901.0278,-420286.4375,   -919.5222,    556.8925,  26336.7578,
       1,     170,       8,       8,       1,       3,       1,     10.0000,      1.4102,     42.7509,    251.2007,     63.2178,      3.4953,      0.0009,     -0.0298,      0.2810,      0.1092,      5.6414,     11.2829,      0.9645,     28.9720,     57.9441,      0.0194,      0.0002,      0.0156,      0.2056,   7901.0278,-420277.5312,   -919.5252,    556.8931,  26336.7578,
       1,     170,       8,       9,       1,       3,       1,     10.0000,      1.4102,     42.7509,    251.2007,     63.2178,      3.4953,      0.0541,      0.0232,      1.0080,      0.1144,      5.6414,     11.2829,      1.0112,     28.9720,     57.9441,      0.0194,      0.0002,      0.0581,      0.2056,   7901.0278,-420251.4688,   -919.5244,    556.8949,  26336.7598,
       1,     170,       8,      10,       1,       3,       1,     10.0000,      1.4102,     42.7509,    251.2007,     63.2178,      3.4953,      0.1192,      0.0878,      2.9188,      0.1274,      5.6414,     11.2829,      1.1257,     28.9720,     57.9441,      0.0194,      0.0002,      0.1501,      0.2056,   7901.0283,-421146.8125,   -919.7532,    556.8326,  26336.7559,
       1,     170,       8,      11,       1,       3,       1,     10.0000,      1.4102,     42.7509,    251.2007,     63.2178,      3.4953,      0.1750,      0.1431,      5.2593,      0.1424,      5.6414,     11.2829,      1.2587,     28.9720,     57.9441,      0.0194,      0.0003,      0.2294,      0.2056,   7901.0269,-423584.0625,   -920.4164,    556.6629,  26336.7578,
       1,     170,       8,      12,       1,       3,       1,     10.0000,      1.4102,     42.7509,    251.2007,     63.2178,      3.4953,      0.1894,      0.1566,      6.6281,      0.1670,      5.6414,     11.2829,      1.4755,     28.9720,     57.9441,      0.0194,      0.0003,      0.2500,      0.2056,   7901.0278,-426684.1875,   -921.4147,    556.4473,  26336.7598,
       1,     170,       8,      13,       1,       3,       1,     10.0000,      1.4102,     42.7509,    251.2007,     63.2178,      3.4953,      0.1894,      0.1564,      6.8052,      0.1709,      5.6414,     11.2829,      1.5098,     28.9720,     57.9441,      0.0194,      0.0003,      0.2500,      0.2056,   7901.0283,-428641.1250,   -922.4323,    556.3112,  26336.7578,
       1,     170,       8,      14,       1,       3,       1,     10.0000,      1.4102,     42.7509,    251.2007,     63.2178,      3.4953,      0.1894,      0.1563,      8.1472,      0.1775,      5.6414,     11.2829,      1.5681,     28.9720,     57.9441,      0.0194,      0.0004,      0.2500,      0.2056,   7901.0278,-429028.1875,   -923.0062,    556.2842,  26336.7578,
       1,     170,       8,      15,       1,       3,       1,     10.0000,      1.4102,     42.7509,    251.2007,     63.2178,      3.4953,      0.1903,      0.1573,     18.7533,      0.1722,      5.6414,     11.2829,      1.5219,     28.9720,     57.9441,      0.0194,      0.0009,      0.2500,      0.2056,   7901.0278,-430719.0000,   -923.7950,    556.1667,  26336.7578,
       1,     170,       8,      16,       1,       3,       1,     10.0000,      1.4102,     42.7509,    251.2007,     63.2178,      3.4953,      0.1916,      0.1587,     34.2014,      0.1695,      5.6414,     11.2829,      1.4978,     28.9720,     57.9441,      0.0194,      0.0017,      0.2500,      0.2056,   7901.0278,-443964.6562,   -926.6782,    555.2458,  26336.7598,
       1,     170,       8,      17,       1,       3,       1,     10.0000,      1.4102,     42.7509,    251.2007,     63.2178,      3.4953,      0.1941,      0.1612,     65.8063,      0.1692,      5.6414,     11.2829,      1.4948,     28.9720,     57.9441,      0.0194,      0.0032,      0.2500,      0.2056,   7901.0283,-464189.0000,   -930.9059,    553.8430,  26336.7559,
       1,     170,       8,      18,       1,       3,       1,     10.0000,      1.4102,     42.7509,    251.2007,     63.2178,      3.4953,      0.1720,      0.1393,     62.9008,      0.1604,      5.6414,     11.2829,      1.4175,     28.9720,     57.9441,      0.0194,      0.0035,      0.2185,      0.2055,   7901.0269,-504985.8125,   -939.1663,    551.0203,  26336.7598,
       1,     170,       8,      19,       1,       3,       1,     10.0000,      1.4102,     42.7509,    251.2007,     63.2178,      3.4953,      0.0682,      0.0366,     23.9959,      0.1345,      5.6414,     11.2829,      1.1881,     28.9720,     57.9441,      0.0194,      0.0039,      0.0749,      0.2055,   7901.0283,-504908.5625,   -939.7255,    551.0329,  26336.7578,
       1,     170,       8,      20,       1,       3,       1,     10.0000,      1.4102,     42.7509,    251.2007,     63.2178,      3.4953,      0.0121,     -0.0194,      4.6604,      0.1296,      5.6414,     11.2829,      1.1454,     28.9720,     57.9441,      0.0194,      0.0036,      0.0156,      0.2055,   7901.0278,-456784.8125,   -930.9982,    554.3476,  26336.7578,
       1,     170,       8,      21,       1,       3,       1,     10.0000,      1.4102,     42.7509,    251.2007,     63.2178,      3.4953,      0.0000,     -0.0311,      4.4021,      0.1204,      5.6414,     11.2829,      1.0643,     28.9720,     57.9441,      0.0194,      0.0034,      0.0156,      0.2056,   7901.0278,-428801.1250,   -925.8662,    556.2966,  26336.7578,
       1,     170,       8,      22,       1,       3,       1,     10.0000,      1.4102,     42.7509,    251.2007,     63.2178,      3.4953,      0.0000,     -0.0310,      4.4764,      0.1186,      5.6414,     11.2829,      1.0481,     28.9720,     57.9441,      0.0194,      0.0035,      0.0156,      0.2056,   7901.0278,-426078.0312,   -924.1313,    556.4894,  26336.7598,
       1,     170,       8,      23,       1,       3,       1,     10.0000,      1.4102,     42.7509,    251.2007,     63.2178,      3.4953,      0.0000,     -0.0312,      3.7951,      0.1218,      5.6414,     11.2829,      1.0763,     28.9720,     57.9441,      0.0194,      0.0030,      0.0156,      0.2056,   7901.0283,-425931.4688,   -924.2621,    556.4996,  26336.7578,
       1,     170,       8,      24,       1,       3,       1,     10.0000,      1.4102,     42.7509,    251.2007,     63.2178,      3.4953,      0.0000,     -0.0313,      2.1821,      0.1243,      5.6414,     11.2829,      1.0985,     28.9720,     57.9441,      0.0194,      0.0017,      0.0156,      0.2056,   7901.0278,-425077.5000,   -924.2351,    556.5590,  26336.7598,
       1,     170,       9,       1,       1,       3,       1,     10.0000,      1.4102,     42.7513,    251.2066,     63.2192,      3.4953,      0.0000,     -0.0313,      2.5432,      0.1252,      5.6415,     11.2830,      1.1064,     28.9757,     57.9515,      0.0194,      0.0020,      0.0156,      0.2056,   7901.0283,-423165.5000,   -924.2141,    556.7051,  26337.9277,
       1,     170,       9,       2,       1,       3,       1,     10.0000,      1.4102,     42.7513,    251.2066,     63.2192,      3.4953,      0.0000,     -0.0313,      1.2474,      0.1247,      5.6415,     11.2830,      1.1019,     28.9757,     57.9515,      0.0194,      0.0010,      0.0156,      0.2056,   7901.3784,-423295.7812,   -924.0523,    556.6960,  26337.9258,
       1,     170,       9,       3,       1,       3,       1,     10.0000,      1.4102,     42.7513,    251.2066,     63.2192,      3.4953,      0.0000,     -0.0312,      0.4114,      0.1233,      5.6415,     11.2830,      1.0896,     28.9757,     57.9515,      0.0194,      0.0003,      0.0156,      0.2056,   7901.3779,-421707.1875,   -923.7892,    556.8065,  26337.9258,
       1,     170,       9,       4,       1,       3,       1,     10.0000,      1.4102,     42.7513,    251.2066,     63.2192,      3.4953,      0.0000,     -0.0306,      0.5258,      0.1084,      5.6415,     11.2830,      0.9576,     28.9757,     57.9515,      0.0194,      0.0004,      0.0156,      0.2056,   7901.3779,-420538.3750,   -921.4046,    556.8879,  26337.9258,
       1,     170,       9,       5,       1,       3,       1,     10.0000,      1.4102,     42.7513,    251.2066,     63.2192,      3.4953,      0.0000,     -0.0306,      0.5946,      0.1075,      5.6415,     11.2830,      0.9497,     28.9757,     57.9515,      0.0194,      0.0005,      0.0156,      0.2056,   7901.3779,-420579.1875,   -910.1628,    556.8851,  26337.9238,
       1,     170,       9,       6,       1,       3,       1,     10.0000,      1.4102,     42.7513,    251.2066,     63.2192,      3.4953,      0.0000,     -0.0306,      0.8828,      0.1090,      5.6415,     11.2830,      0.9635,     28.9757,     57.9515,      0.0194,      0.0007,      0.0156,      0.2056,   7901.3774,-420667.7188,   -910.1920,    556.8790,  26337.9258,
       1,     170,       9,       7,       1,       3,       1,     10.0000,      1.4102,     42.7513,    251.2066,     63.2192,      3.4953,      0.0000,     -0.0307,      0.8126,      0.1115,      5.6415,     11.2830,      0.9856,     28.9757,     57.9515,      0.0194,      0.0006,      0.0156,      0.2056,   7901.3779,-421031.0938,   -910.2992,    556.8536,  26337.9258,
       1,     170,       9,       8,       1,       3,       1,     10.0000,      1.4102,     42.7513,    251.2066,     63.2192,      3.4953,      0.0008,     -0.0301,      0.8121,      0.1151,      5.6415,     11.2830,      1.0174,     28.9757,     57.9515,      0.0194,      0.0006,      0.0156,      0.2056,   7901.3779,-420975.7188,   -910.3694,    556.8575,  26337.9238,
       1,     170,       9,       9,       1,       3,       1,     10.0000,      1.4102,     42.7513,    251.2066,     63.2192,      3.4953,      0.0386,      0.0078,      0.8851,      0.1135,      5.6415,     11.2830,      1.0029,     28.9757,     57.9515,      0.0194,      0.0003,      0.0362,      0.2056,   7901.3774,-420970.4375,   -910.4399,    556.8578,  26337.9238,
       1,     170,       9,      10,       1,       3,       1,     10.0000,      1.4102,     42.7513,    251.2066,     63.2192,      3.4953,      0.1009,      0.0697,      2.3021,      0.1222,      5.6415,     11.2830,      1.0797,     28.9757,     57.9515,      0.0194,      0.0002,      0.1241,      0.2056,   7901.3774,-421060.1562,   -910.5684,    556.8516,  26337.9258,
       1,     170,       9,      11,       1,       3,       1,     10.0000,      1.4102,     42.7513,    251.2066,     63.2192,      3.4953,      0.1262,      0.0948,      3.0649,      0.1257,      5.6415,     11.2830,      1.1110,     28.9757,     57.9515,      0.0194,      0.0002,      0.1600,      0.2056,   7901.3779,-422817.5312,   -911.1979,    556.7293,  26337.9258,
       1,     170,       9,      12,       1,       3,       1,     10.0000,      1.4102,     42.7513,    251.2066,     63.2192,      3.4953,      0.1686,      0.1371,      4.3953,      0.1303,      5.6415,     11.2830,      1.1513,     28.9757,     57.9515,      0.0194,      0.0002,      0.2202,      0.2056,   7901.3779,-423910.5938,   -911.1469,    556.6533,  26337.9238,
       1,     170,       9,      13,       1,       3,       1,     10.0000,      1.4102,     42.7513,    251.2066,     63.2192,      3.4953,      0.1895,      0.1570,      6.0668,      0.1546,      5.6415,     11.2830,      1.3658,     28.9757,     57.9515,      0.0194,      0.0003,      0.2500,      0.2056,   7901.3774,-425647.5938,   -912.1917,    556.5324,  26337.9258,
       1,     170,       9,      14,       1,       3,       1,     10.0000,      1.4102,     42.7513,    251.2066,     63.2192,      3.4953,      0.1894,      0.1565,      7.2332,      0.1692,      5.6415,     11.2830,      1.4948,     28.9757,     57.9515,      0.0194,      0.0004,      0.2500,      0.2056,   7901.3779,-427860.8438,   -914.1389,    556.3785,  26337.9258,
       1,     170,       9,      15,       1,       3,       1,     10.0000,      1.4102,     42.7513,    251.2066,     63.2192,      3.4953,      0.1898,      0.1568,     11.7286,      0.1705,      5.6415,     11.2830,      1.5068,     28.9757,     57.9515,      0.0194,      0.0006,      0.2500,      0.2056,   7901.3779,-429491.5000,   -915.9192,    556.2651,  26337.9258,
       1,     170,       9,      16,       1,       3,       1,     10.0000,      1.4102,     42.7513,    251.2066,     63.2192,      3.4953,      0.1899,      0.1569,     13.5022,      0.1715,      5.6415,     11.2830,      1.5159,     28.9757,     57.9515,      0.0194,      0.0007,      0.2499,      0.2056,   7901.3779,-435183.5000,   -918.0198,    555.8693,  26337.9238,
       1,     170,       9,      17,       1,       3,       1,     10.0000,      1.4102,     42.7513,    251.2066,     63.2192,      3.4953,      0.1721,      0.1395,     19.0572,      0.1591,      5.6415,     11.2830,      1.4062,     28.9757,     57.9515,      0.0194,      0.0010,      0.2237,      0.2056,   7901.3774,-437863.5625,   -919.2863,    555.6832,  26337.9238,
       1,     170,       9,      18,       1,       3,       1,     10.0000,      1.4102,     42.7513,    251.2066,     63.2192,      3.4953,      0.0890,      0.0569,     23.8730,      0.1464,      5.6415,     11.2830,      1.2935,     28.9757,     57.9515,      0.0194,      0.0028,      0.1043,      0.2056,   7901.3774,-444954.8438,   -921.2015,    555.1907,  26337.9258,
       1,     170,       9,      19,       1,       3,       1,     10.0000,      1.4102,     42.7513,    251.2066,     63.2192,      3.4953,      0.0564,      0.0246,     16.3199,      0.1383,      5.6415,     11.2830,      1.2223,     28.9757,     57.9515,      0.0194,      0.0034,      0.0588,      0.2056,   7901.3779,-451512.9688,   -922.9010,    554.7357,  26337.9258,
       1,     170,       9,      20,       1,       3,       1,     10.0000,      1.4102,     42.7513,    251.2066,     63.2192,      3.4953,      0.0100,     -0.0216,      4.0347,      0.1313,      5.6415,     11.2830,      1.1607,     28.9757,     57.9515,      0.0194,      0.0031,      0.0156,      0.2056,   7901.3779,-442744.9688,   -921.7802,    555.3439,  26337.9258,
       1,     170,       9,      21,       1,       3,       1,     10.0000,      1.4102,     42.7513,    251.2066,     63.2192,      3.4953,      0.0000,     -0.0313,      3.9007,      0.1259,      5.6415,     11.2830,      1.1121,     28.9757,     57.9515,      0.0194,      0.0030,      0.0156,      0.2056,   7901.3779,-426818.1250,   -919.1890,    556.4498,  26337.9258,
       1,     170,       9,      22,       1,       3,       1,     10.0000,      1.4102,     42.7513,    251.2066,     63.2192,      3.4953,      0.0000,     -0.0312,      3.2886,      0.1223,      5.6415,     11.2830,      1.0808,     28.9757,     57.9515,      0.0194,      0.0026,      0.0156,      0.2056,   7901.3779,-425287.9062,   -919.1793,    556.5574,  26337.9277,
       1,     170,       9,      23,       1,       3,       1,     10.0000,      1.4102,     42.7513,    251.2066,     63.2192,      3.4953,      0.0000,     -0.0311,      2.6597,      0.1206,      5.6415,     11.2830,      1.0654,     28.9757,     57.9515,      0.0194,      0.0021,      0.0156,      0.2056,   7901.3784,-424398.7500,   -919.2427,    556.6193,  26337.9258,
       1,     170,       9,      24,       1,       3,       1,     10.0000,      1.4102,     42.7513,    251.2066,     63.2192,      3.4953,      0.0000,     -0.0310,      2.0886,      0.1181,      5.6415,     11.2830,      1.0438,     28.9757,     57.9515,      0.0194,      0.0016,      0.0156,      0.2056,   7901.3779,-423546.0312,   -919.2491,    556.6786,  26337.9258,
       1,     170,      10,       1,       1,       3,       1,     10.0000,      1.4103,     42.7516,    251.2125,     63.2207,      3.4953,      0.0000,     -0.0309,      1.6017,      0.1165,      5.6422,     11.2845,      1.0290,     28.9740,     57.9480,      0.0194,      0.0012,      0.0156,      0.2056,   7901.3779,-422921.6875,   -919.5143,    556.7350,  26339.0977,
       1,     170,      10,       2,       1,       3,       1,     10.0000,      1.4103,     42.7516,    251.2125,     63.2207,      3.4953,      0.0000,     -0.0309,      1.2653,      0.1161,      5.6422,     11.2845,      1.0258,     28.9740,     57.9480,      0.0194,      0.0010,      0.0156,      0.2056,   7901.7295,-422115.2188,   -919.1946,    556.7912,  26339.0957,
       1,     170,      10,       3,       1,       3,       1,     10.0000,      1.4103,     42.7516,    251.2125,     63.2207,      3.4953,      0.0000,     -0.0308,      1.0836,      0.1137,      5.6422,     11.2845,      1.0050,     28.9740,     57.9480,      0.0194,      0.0008,      0.0156,      0.2056,   7901.7290,-421630.8125,   -919.1743,    556.8250,  26339.0977,
       1,     170,      10,       4,       1,       3,       1,     10.0000,      1.4103,     42.7516,    251.2125,     63.2207,      3.4953,      0.0000,     -0.0309,      0.8980,      0.1142,      5.6422,     11.2845,      1.0092,     28.9740,     57.9480,      0.0194,      0.0007,      0.0156,      0.2056,   7901.7295,-421364.5312,   -919.1771,    556.8435,  26339.0977,
       1,     170,      10,       5,       1,       3,       1,     10.0000,      1.4103,     42.7516,    251.2125,     63.2207,      3.4953,      0.0000,     -0.0308,      0.5346,      0.1121,      5.6422,     11.2845,      0.9907,     28.9740,     57.9480,      0.0194,      0.0004,      0.0156,      0.2056,   7901.7295,-421112.4062,   -910.3029,    556.8610,  26339.0957,
       1,     170,      10,       6,       1,       3,       1,     10.0000,      1.4103,     42.7516,    251.2125,     63.2207,      3.4953,      0.0000,     -0.0303,      0.5541,      0.1019,      5.6422,     11.2845,      0.9002,     28.9740,     57.9480,      0.0194,      0.0004,      0.0156,      0.2056,   7901.7290,-420642.3438,   -910.1768,    556.8937,  26339.0957,
       1,     170,      10,       7,       1,       3,       1,     10.0000,      1.4103,     42.7516,    251.2125,     63.2207,      3.4953,      0.0000,     -0.0300,      0.5818,      0.0961,      5.6422,     11.2845,      0.8494,     28.9740,     57.9480,      0.0194,      0.0005,      0.0156,      0.2056,   7901.7290,-420626.0938,   -910.1786,    556.8948,  26339.0977,
       1,     170,      10,       8,       1,       3,       1,     10.0000,      1.4103,     42.7516,    251.2125,     63.2207,      3.4953,      0.0008,     -0.0293,      0.5194,      0.0993,      5.6422,     11.2845,      0.8772,     28.9740,     57.9480,      0.0194,      0.0004,      0.0156,      0.2056,   7901.7295,-420658.5938,   -910.2355,    556.8926,  26339.0957,
       1,     170,      10,       9,       1,       3,       1,     10.0000,      1.4103,     42.7516,    251.2125,     63.2207,      3.4953,      0.0433,      0.0129,      1.5730,      0.1039,      5.6422,     11.2845,      0.9180,     28.9740,     57.9480,      0.0194,      0.0004,      0.0432,      0.2056,   7901.7290,-420584.6875,   -910.2668,    556.8977,  26339.0977,
       1,     170,      10,      10,       1,       3,       1,     10.0000,      1.4103,     42.7516,    251.2125,     63.2207,      3.4953,      0.1575,      0.1260,      5.0224,      0.1282,      5.6422,     11.2845,      1.1327,     28.9740,     57.9480,      0.0194,      0.0003,      0.2043,      0.2056,   7901.7295,-421878.8125,   -910.6968,    556.8077,  26339.0977,
       1,     170,      10,      11,       1,       3,       1,     10.0000,      1.4103,     42.7516,    251.2125,     63.2207,      3.4953,      0.1779,      0.1459,      6.9856,      0.1435,      5.6422,     11.2845,      1.2677,     28.9740,     57.9480,      0.0194,      0.0004,      0.2332,      0.2056,   7901.7295,-426249.0312,   -912.2961,    556.5035,  26339.0977,
       1,     170,      10,      12,       1,       3,       1,     10.0000,      1.4103,     42.7516,    251.2125,     63.2207,      3.4953,      0.1693,      0.1375,      8.9789,      0.1379,      5.6422,     11.2845,      1.2186,     28.9740,     57.9480,      0.0194,      0.0005,      0.2207,      0.2056,   7901.7295,-429048.9688,   -913.7224,    556.3088,  26339.0957,
       1,     170,      10,      13,       1,       3,       1,     10.0000,      1.4103,     42.7516,    251.2125,     63.2207,      3.4953,      0.1889,      0.1568,      7.3434,      0.1461,      5.6422,     11.2845,      1.2909,     28.9740,     57.9480,      0.0194,      0.0004,      0.2490,      0.2056,   7901.7290,-431751.3438,   -914.9249,    556.1209,  26339.0977,
       1,     170,      10,      14,       1,       3,       1,     10.0000,      1.4103,     42.7516,    251.2125,     63.2207,      3.4953,      0.1857,      0.1534,      6.8774,      0.1512,      5.6422,     11.2845,      1.3360,     28.9740,     57.9480,      0.0194,      0.0003,      0.2445,      0.2056,   7901.7295,-429963.5312,   -915.4856,    556.2452,  26339.0977,
       1,     170,      10,      15,       1,       3,       1,     10.0000,      1.4103,     42.7516,    251.2125,     63.2207,      3.4953,      0.1692,      0.1369,     25.7062,      0.1516,      5.6422,     11.2845,      1.3400,     28.9740,     57.9480,      0.0194,      0.0014,      0.2188,      0.2056,   7901.7295,-429234.5938,   -916.1434,    556.2960,  26339.0977,
       1,     170,      10,      16,       1,       3,       1,     10.0000,      1.4103,     42.7516,    251.2125,     63.2207,      3.4953,      0.1810,      0.1485,     45.2220,      0.1572,      5.6422,     11.2845,      1.3894,     28.9740,     57.9480,      0.0194,      0.0024,      0.2334,      0.2056,   7901.7295,-452422.7500,   -921.2051,    554.6835,  26339.0977,
       1,     170,      10,      17,       1,       3,       1,     10.0000,      1.4103,     42.7516,    251.2125,     63.2207,      3.4953,      0.1850,      0.1523,     38.5831,      0.1614,      5.6422,     11.2845,      1.4261,     28.9740,     57.9480,      0.0194,      0.0020,      0.2399,      0.2056,   7901.7295,-478527.6875,   -927.0588,    552.8759,  26339.0957,
       1,     170,      10,      18,       1,       3,       1,     10.0000,      1.4103,     42.7516,    251.2125,     63.2207,      3.4953,      0.1602,      0.1279,     41.7436,      0.1507,      5.6422,     11.2845,      1.3319,     28.9740,     57.9480,      0.0194,      0.0025,      0.2041,      0.2056,   7901.7290,-472568.1250,   -926.9796,    553.2906,  26339.0977,
       1,     170,      10,      19,       1,       3,       1,     10.0000,      1.4103,     42.7516,    251.2125,     63.2207,      3.4953,      0.0813,      0.0497,     22.1403,      0.1318,      5.6422,     11.2845,      1.1642,     28.9740,     57.9480,      0.0194,      0.0029,      0.0938,      0.2056,   7901.7295,-475959.2500,   -928.3981,    553.0562,  26339.0977,
       1,     170,      10,      20,       1,       3,       1,     10.0000,      1.4103,     42.7516,    251.2125,     63.2207,      3.4953,      0.0090,     -0.0222,      3.3037,      0.1232,      5.6422,     11.2845,      1.0885,     28.9740,     57.9480,      0.0194,      0.0026,      0.0156,      0.2056,   7901.7295,-452025.9375,   -924.5113,    554.7109,  26339.0977,
       1,     170,      10,      21,       1,       3,       1,     10.0000,      1.4103,     42.7516,    251.2125,     63.2207,      3.4953,      0.0000,     -0.0311,      4.0669,      0.1206,      5.6422,     11.2845,      1.0654,     28.9740,     57.9480,      0.0194,      0.0032,      0.0156,      0.2056,   7901.7295,-426713.4062,   -920.1088,    556.4684,  26339.0996,
       1,     170,      10,      22,       1,       3,       1,     10.0000,      1.4103,     42.7516,    251.2125,     63.2207,      3.4953,      0.0000,     -0.0310,      3.9876,      0.1184,      5.6422,     11.2845,      1.0460,     28.9740,     57.9480,      0.0194,      0.0031,      0.0156,      0.2056,   7901.7300,-425488.0938,   -920.1038,    556.5565,  26339.0977,
       1,     170,      10,      23,       1,       3,       1,     10.0000,      1.4103,     42.7516,    251.2125,     63.2207,      3.4953,      0.0000,     -0.0312,      4.1170,      0.1231,      5.6422,     11.2845,      1.0874,     28.9740,     57.9480,      0.0194,      0.0032,      0.0156,      0.2056,   7901.7295,-425281.6250,   -920.2639,    556.5709,  26339.0996,
       1,     170,      10,      24,       1,       3,       1,     10.0000,      1.4103,     42.7516,    251.2125,     63.2207,      3.4953,      0.0000,     -0.0311,      3.0302,      0.1208,      5.6422,     11.2845,      1.0676,     28.9740,     57.9480,      0.0194,      0.0024,      0.0156,      0.2056,   7901.7300,-425423.5000,   -920.5078,    556.5610,  26339.0996,
       1,     170,      11,       1,       1,       3,       1,     10.0000,      1.4103,     42.7519,    251.2184,     63.2222,      3.4953,      0.0000,     -0.0310,      2.3076,      0.1173,      5.6414,     11.2827,      1.0364,     28.9769,     57.9539,      0.0194,      0.0018,      0.0156,      0.2057,   7901.7300,-424247.4375,   -920.7286,    556.6558,  26340.2637,
       1,     170,      11,       2,       1,       3,       1,     10.0000,      1.4103,     42.7519,    251.2184,     63.2222,      3.4953,      0.0000,     -0.0309,      1.6694,      0.1144,      5.6414,     11.2827,      1.0113,     28.9769,     57.9539,      0.0194,      0.0013,      0.0156,      0.2057,   7902.0796,-423103.6562,   -920.3818,    556.7354,  26340.2637,
       1,     170,      11,       3,       1,       3,       1,     10.0000,      1.4103,     42.7519,    251.2184,     63.2222,      3.4953,      0.0000,     -0.0309,      1.2698,      0.1143,      5.6414,     11.2827,      1.0102,     28.9769,     57.9539,      0.0194,      0.0010,      0.0156,      0.2057,   7902.0796,-422217.4688,   -920.3003,    556.7971,  26340.2656,
       1,     170,      11,       4,       1,       3,       1,     10.0000,      1.4103,     42.7519,    251.2184,     63.2222,      3.4953,      0.0000,     -0.0307,      2.0878,      0.1105,      5.6414,     11.2827,      0.9766,     28.9769,     57.9539,      0.0194,      0.0016,      0.0156,      0.2057,   7902.0801,-421647.5312,   -920.2575,    556.8367,  26340.2637,
       1,     170,      11,       5,       1,       3,       1,     10.0000,      1.4103,     42.7519,    251.2184,     63.2222,      3.4953,      0.0000,     -0.0305,      1.6479,      0.1066,      5.6414,     11.2827,      0.9420,     28.9769,     57.9539,      0.0194,      0.0013,      0.0156,      0.2057,   7902.0796,-422608.7812,   -920.5521,    556.7698,  26340.2637,
       1,     170,      11,       6,       1,       3,       1,     10.0000,      1.4103,     42.7519,    251.2184,     63.2222,      3.4953,      0.0000,     -0.0304,      0.9814,      0.1046,      5.6414,     11.2827,      0.9247,     28.9769,     57.9539,      0.0194,      0.0008,      0.0156,      0.2057,   7902.0796,-422148.3438,   -920.5523,    556.8018,  26340.2637,
       1,     170,      11,       7,       1,       3,       1,     10.0000,      1.4103,     42.7519,    251.2184,     63.2222,      3.4953,      0.0000,     -0.0305,      0.5128,      0.1068,      5.6414,     11.2827,      0.9439,     28.9769,     57.9539,      0.0194,      0.0004,      0.0156,      0.2057,   7902.0796,-421286.0312,   -920.4368,    556.8619,  26340.2637,
       1,     170,      11,       8,       1,       3,       1,     10.0000,      1.4103,     42.7519,    251.2184,     63.2222,      3.4953,      0.0009,     -0.0297,      0.3297,      0.1092,      5.6414,     11.2827,      0.9646,     28.9769,     57.9539,      0.0194,      0.0003,      0.0156,      0.2057,   7902.0796,-420633.4375,   -920.3331,    556.9073,  26340.2637,
       1,     170,      11,       9,       1,       3,       1,     10.0000,      1.4103,     42.7519,    251.2184,     63.2222,      3.4953,      0.0633,      0.0325,      1.3131,      0.1133,      5.6414,     11.2827,      1.0009,     28.9769,     57.9539,      0.0194,      0.0002,      0.0711,      0.2057,   7902.0796,-420351.1875,   -920.2878,    556.9270,  26340.2617,
       1,     170,      11,      10,       1,       3,       1,     10.0000,      1.4103,     42.7519,    251.2184,     63.2222,      3.4953,      0.1671,      0.1352,      5.3930,      0.1414,      5.6414,     11.2827,      1.2499,     28.9769,     57.9539,      0.0194,      0.0003,      0.2180,      0.2057,   7902.0786,-421541.1875,   -920.5766,    556.8442,  26340.2656,
       1,     170,      11,      11,       1,       3,       1,     10.0000,      1.4103,     42.7519,    251.2184,     63.2222,      3.4953,      0.1895,      0.1569,      6.6570,      0.1588,      5.6414,     11.2827,      1.4035,     28.9769,     57.9539,      0.0194,      0.0003,      0.2500,      0.2057,   7902.0801,-426679.8438,   -921.8389,    556.4865,  26340.2656,
       1,     170,      11,      12,       1,       3,       1,     10.0000,      1.4103,     42.7519,    251.2184,     63.2222,      3.4953,      0.1894,      0.1567,      6.4633,      0.1633,      5.6414,     11.2827,      1.4434,     28.9769,     57.9539,      0.0194,      0.0003,      0.2500,      0.2057,   7902.0801,-428682.2500,   -922.6444,    556.3472,  26340.2637,
       1,     170,      11,      13,       1,       3,       1,     10.0000,      1.4103,     42.7519,    251.2184,     63.2222,      3.4953,      0.1894,      0.1563,      7.2787,      0.1761,      5.6414,     11.2827,      1.5558,     28.9769,     57.9539,      0.0194,      0.0004,      0.2500,      0.2057,   7902.0796,-428615.4375,   -923.0309,    556.3519,  26340.2656,
       1,     170,      11,      14,       1,       3,       1,     10.0000,      1.4103,     42.7519,    251.2184,     63.2222,      3.4953,      0.1897,      0.1564,     12.1426,      0.1825,      5.6414,     11.2827,      1.6125,     28.9769,     57.9539,      0.0194,      0.0006,      0.2500,      0.2057,   7902.0801,-429616.0312,   -923.6598,    556.2823,  26340.2637,
       1,     170,      11,      15,       1,       3,       1,     10.0000,      1.4103,     42.7519,    251.2184,     63.2222,      3.4953,      0.1923,      0.1589,     44.0529,      0.1838,      5.6414,     11.2827,      1.6238,     28.9769,     57.9539,      0.0194,      0.0021,      0.2500,      0.2057,   7902.0796,-435708.0625,   -925.2372,    555.8588,  26340.2637,
       1,     170,      11,      16,       1,       3,       1,     10.0000,      1.4103,     42.7519,    251.2184,     63.2222,      3.4953,      0.1938,      0.1605,     62.9296,      0.1809,      5.6414,     11.2827,      1.5982,     28.9769,     57.9539,      0.0194,      0.0031,      0.2500,      0.2057,   7902.0796,-475635.0000,   -933.2567,    553.0847,  26340.2656,
       1,     170,      11,      17,       1,       3,       1,     10.0000,      1.4103,     42.7519,    251.2184,     63.2222,      3.4953,      0.1944,      0.1614,     71.8238,      0.1733,      5.6414,     11.2827,      1.5311,     28.9769,     57.9539,      0.0194,      0.0035,      0.2498,      0.2056,   7902.0801,-502403.6250,   -938.8881,    551.2410,  26340.2637,
       1,     170,      11,      18,       1,       3,       1,     10.0000,      1.4103,     42.7519,    251.2184,     63.2222,      3.4953,      0.1806,      0.1477,     83.9286,      0.1698,      5.6414,     11.2827,      1.5009,     28.9769,     57.9539,      0.0194,      0.0045,      0.2286,      0.2056,   7902.0796,-515691.0938,   -941.9816,    550.3284,  26340.2637,
       1,     170,      11,      19,       1,       3,       1,     10.0000,      1.4103,     42.7519,    251.2184,     63.2222,      3.4953,      0.1133,      0.0810,     51.2820,      0.1504,      5.6414,     11.2827,      1.3293,     28.9769,     57.9539,      0.0194,      0.0046,      0.1358,      0.2056,   7902.0796,-531792.6875,   -945.6341,    549.2216,  26340.2637,
       1,     170,      11,      20,       1,       3,       1,     10.0000,      1.4103,     42.7519,    251.2184,     63.2222,      3.4953,      0.0077,     -0.0240,      5.9785,      0.1342,      5.6414,     11.2827,      1.1857,     28.9769,     57.9539,      0.0194,      0.0047,      0.0156,      0.2055,   7902.0796,-492800.3438,   -938.6790,    551.8995,  26340.2617,
       1,     170,      11,      21,       1,       3,       1,     10.0000,      1.4103,     42.7519,    251.2184,     63.2222,      3.4953,      0.0000,     -0.0314,      5.7899,      0.1282,      5.6414,     11.2827,      1.1327,     28.9769,     57.9539,      0.0194,      0.0045,      0.0156,      0.2056,   7902.0786,-433493.7500,   -927.5832,    555.9976,  26340.2637,
       1,     170,      11,      22,       1,       3,       1,     10.0000,      1.4103,     42.7519,    251.2184,     63.2222,      3.4953,      0.0000,     -0.0313,      5.4112,      0.1252,      5.6414,     11.2827,      1.1065,     28.9769,     57.9539,      0.0194,      0.0042,      0.0156,      0.2057,   7902.0796,-428215.7812,   -926.6428,    556.3796,  26340.2656,
       1,     170,      11,      23,       1,       3,       1,     10.0000,      1.4103,     42.7519,    251.2184,     63.2222,      3.4953,      0.0000,     -0.0312,      5.4760,      0.1229,      5.6414,     11.2827,      1.0863,     28.9769,     57.9539,      0.0194,      0.0043,      0.0156,      0.2057,   7902.0801,-427276.0625,   -926.5099,    556.4451,  26340.2637,
       1,     170,      11,      24,       1,       3,       1,     10.0000,      1.4103,     42.7519,    251.2184,     63.2222,      3.4953,      0.0000,     -0.0312,      4.6330,      0.1231,      5.6414,     11.2827,      1.0875,     28.9769,     57.9539,      0.0194,      0.0036,      0.0156,      0.2057,   7902.0796,-427275.5625,   -926.5519,    556.4451,  26340.2637,
       1,     170,      12,       1,       1,       3,       1,     10.0000,      1.4103,     42.7523,    251.2242,     63.2236,      3.4953,      0.0000,     -0.0311,      3.6489,      0.1207,      5.6420,     11.2841,      1.0666,     28.9838,     57.9675,      0.0194,      0.0028,      0.0156,      0.2057,   7902.0796,-426388.3750,   -926.6927,    556.5198,  26341.4375,
       1,     170,      12,       2,       1,       3,       1,     10.0000,      1.4103,     42.7523,    251.2242,     63.2236,      3.4953,      0.0000,     -0.0310,      2.7887,      0.1184,      5.6420,     11.2841,      1.0461,     28.9838,     57.9675,      0.0194,      0.0022,      0.0156,      0.2057,   7902.4316,-424945.5312,   -926.1689,    556.6202,  26341.4375,
       1,     170,      12,       3,       1,       3,       1,     10.0000,      1.4103,     42.7523,    251.2242,     63.2236,      3.4953,      0.0000,     -0.0310,      2.0909,      0.1175,      5.6420,     11.2841,      1.0386,     28.9838,     57.9675,      0.0194,      0.0016,      0.0156,      0.2057,   7902.4316,-423759.7812,   -925.9598,    556.7028,  26341.4355,
       1,     170,      12,       4,       1,       3,       1,     10.0000,      1.4103,     42.7523,    251.2242,     63.2236,      3.4953,      0.0000,     -0.0311,      1.6757,      0.1189,      5.6420,     11.2841,      1.0503,     28.9838,     57.9675,      0.0194,      0.0013,      0.0156,      0.2057,   7902.4312,-422796.6250,   -925.7891,    556.7697,  26341.4355,
       1,     170,      12,       5,       1,       3,       1,     10.0000,      1.4103,     42.7523,    251.2242,     63.2236,      3.4953,      0.0000,     -0.0309,      1.2520,      0.1159,      5.6420,     11.2841,      1.0238,     28.9838,     57.9675,      0.0194,      0.0010,      0.0156,      0.2057,   7902.4312,-422201.3438,   -925.6849,    556.8112,  26341.4336,
       1,     170,      12,       6,       1,       3,       1,     10.0000,      1.4103,     42.7523,    251.2242,     63.2236,      3.4953,      0.0000,     -0.0308,      1.1374,      0.1127,      5.6420,     11.2841,      0.9958,     28.9838,     57.9675,      0.0194,      0.0009,      0.0156,      0.2057,   7902.4302,-421627.5938,   -925.5836,    556.8511,  26341.4355,
       1,     170,      12,       7,       1,       3,       1,     10.0000,      1.4103,     42.7523,    251.2242,     63.2236,      3.4953,      0.0000,     -0.0307,      0.7784,      0.1094,      5.6420,     11.2841,      0.9666,     28.9838,     57.9675,      0.0194,      0.0006,      0.0156,      0.2057,   7902.4312,-421436.3438,   -925.5522,    556.8644,  26341.4355,
       1,     170,      12,       8,       1,       3,       1,     10.0000,      1.4103,     42.7523,    251.2242,     63.2236,      3.4953,      0.0006,     -0.0301,      0.5248,      0.1097,      5.6420,     11.2841,      0.9696,     28.9838,     57.9675,      0.0194,      0.0004,      0.0156,      0.2057,   7902.4312,-420976.9062,   -925.4689,    556.8964,  26341.4355,
       1,     170,      12,       9,       1,       3,       1,     10.0000,      1.4103,     42.7523,    251.2242,     63.2236,      3.4953,      0.0619,      0.0311,      3.3032,      0.1141,      5.6420,     11.2841,      1.0082,     28.9838,     57.9675,      0.0194,      0.0006,      0.0690,      0.2057,   7902.4312,-420624.1562,   -925.4043,    556.9209,  26341.4355,
       1,     170,      12,      10,       1,       3,       1,     10.0000,      1.4103,     42.7523,    251.2242,     63.2236,      3.4953,      0.1400,      0.1086,     10.3579,      0.1285,      5.6420,     11.2841,      1.1351,     28.9838,     57.9675,      0.0194,      0.0007,      0.1788,      0.2057,   7902.4312,-424023.7500,   -926.0654,    556.6843,  26341.4355,
       1,     170,      12,      11,       1,       3,       1,     10.0000,      1.4103,     42.7523,    251.2242,     63.2236,      3.4953,      0.1901,      0.1576,     14.8255,      0.1574,      5.6420,     11.2841,      1.3909,     28.9838,     57.9675,      0.0194,      0.0007,      0.2500,      0.2057,   7902.4312,-433024.7812,   -927.8219,    556.0580,  26341.4336,
       1,     170,      12,      12,       1,       3,       1,     10.0000,      1.4103,     42.7523,    251.2242,     63.2236,      3.4953,      0.1897,      0.1568,      9.8755,      0.1672,      5.6420,     11.2841,      1.4771,     28.9838,     57.9675,      0.0194,      0.0005,      0.2500,      0.2057,   7902.4302,-439315.0625,   -929.0759,    555.6212,  26341.4336,
       1,     170,      12,      13,       1,       3,       1,     10.0000,      1.4103,     42.7523,    251.2242,     63.2236,      3.4953,      0.1898,      0.1566,     12.9774,      0.1791,      5.6420,     11.2841,      1.5824,     28.9838,     57.9675,      0.0194,      0.0006,      0.2500,      0.2057,   7902.4302,-433743.1562,   -928.0372,    556.0084,  26341.4336,
       1,     170,      12,      14,       1,       3,       1,     10.0000,      1.4103,     42.7523,    251.2242,     63.2236,      3.4953,      0.1903,      0.1567,     19.7281,      0.1899,      5.6420,     11.2841,      1.6779,     28.9838,     57.9675,      0.0194,      0.0010,      0.2500,      0.2057,   7902.4302,-437094.6250,   -928.6832,    555.7755,  26341.4336,
       1,     170,      12,      15,       1,       3,       1,     10.0000,      1.4103,     42.7523,    251.2242,     63.2236,      3.4953,      0.1914,      0.1581,     32.8239,      0.1819,      5.6420,     11.2841,      1.6078,     28.9838,     57.9675,      0.0194,      0.0016,      0.2500,      0.2057,   7902.4302,-445717.5312,   -930.3368,    555.1765,  26341.4336,
       1,     170,      12,      16,       1,       3,       1,     10.0000,      1.4103,     42.7523,    251.2242,     63.2236,      3.4953,      0.1940,      0.1608,     65.9594,      0.1785,      5.6420,     11.2841,      1.5777,     28.9838,     57.9675,      0.0194,      0.0032,      0.2500,      0.2057,   7902.4302,-462629.9375,   -933.6335,    554.0032,  26341.4336,
       1,     170,      12,      17,       1,       3,       1,     10.0000,      1.4103,     42.7523,    251.2242,     63.2236,      3.4953,      0.1948,      0.1617,     75.7467,      0.1743,      5.6420,     11.2841,      1.5404,     28.9838,     57.9675,      0.0194,      0.0037,      0.2500,      0.2057,   7902.4302,-505011.6875,   -941.9579,    551.0695,  26341.4336,
       1,     170,      12,      18,       1,       3,       1,     10.0000,      1.4103,     42.7523,    251.2242,     63.2236,      3.4953,      0.1819,      0.1489,     86.2824,      0.1709,      5.6420,     11.2841,      1.5099,     28.9838,     57.9675,      0.0194,      0.0045,      0.2301,      0.2056,   7902.4302,-520761.4375,   -945.2654,    549.9923,  26341.4336,
       1,     170,      12,      19,       1,       3,       1,     10.0000,      1.4103,     42.7523,    251.2242,     63.2236,      3.4953,      0.1250,      0.0926,     60.6358,      0.1546,      5.6420,     11.2841,      1.3659,     28.9838,     57.9675,      0.0194,      0.0049,      0.1514,      0.2056,   7902.4302,-535128.0000,   -948.3707,    549.0056,  26341.4355,
       1,     170,      12,      20,       1,       3,       1,     10.0000,      1.4103,     42.7523,    251.2242,     63.2236,      3.4953,      0.0130,     -0.0188,      5.8285,      0.1385,      5.6420,     11.2841,      1.2236,     28.9838,     57.9675,      0.0194,      0.0045,      0.0156,      0.2056,   7902.4312,-504644.2812,   -942.7597,    551.0985,  26341.4336,
       1,     170,      12,      21,       1,       3,       1,     10.0000,      1.4103,     42.7523,    251.2242,     63.2236,      3.4953,      0.0000,     -0.0316,      5.6020,      0.1327,      5.6420,     11.2841,      1.1726,     28.9838,     57.9675,      0.0194,      0.0044,      0.0156,      0.2056,   7902.4302,-434308.3438,   -929.1906,    555.9478,  26341.4336,
       1,     170,      12,      22,       1,       3,       1,     10.0000,      1.4103,     42.7523,    251.2242,     63.2236,      3.4953,      0.0000,     -0.0316,      5.3809,      0.1316,      5.6420,     11.2841,      1.1631,     28.9838,     57.9675,      0.0194,      0.0042,      0.0156,      0.2057,   7902.4302,-428063.4375,   -927.9474,    556.4031,  26341.4336,
       1,     170,      12,      23,       1,       3,       1,     10.0000,      1.4103,     42.7523,    251.2242,     63.2236,      3.4953,      0.0000,     -0.0315,      4.9897,      0.1311,      5.6420,     11.2841,      1.1584,     28.9838,     57.9675,      0.0194,      0.0039,      0.0156,      0.2057,   7902.4302,-427228.4062,   -927.7483,    556.4614,  26341.4336,
       1,     170,      12,      24,       1,       3,       1,     10.0000,      1.4103,     42.7523,    251.2242,     63.2236,      3.4953,      0.0000,     -0.0315,      4.1401,      0.1306,      5.6420,     11.2841,      1.1537,     28.9838,     57.9675,      0.0194,      0.0032,      0.0156,      0.2057,   7902.4302,-426673.4688,   -927.6038,    556.5000,  26341.4355,
       1,     170,      13,       1,       1,       3,       1,     10.0000,      1.4103,     42.7526,    251.2301,     63.2251,      3.4953,      0.0000,     -0.0315,      2.9285,      0.1307,      5.6418,     11.2837,      1.1549,     28.9902,     57.9804,      0.0194,      0.0023,      0.0156,      0.2057,   7902.4312,-425730.0938,   -927.6743,    556.5784,  26342.6035,
       1,     170,      13,       2,       1,       3,       1,     10.0000,      1.4103,     42.7526,    251.2301,     63.2251,      3.4953,      0.0000,     -0.0316,      2.1490,      0.1315,      5.6418,     11.2837,      1.1620,     28.9902,     57.9804,      0.0194,      0.0017,      0.0156,      0.2057,   7902.7812,-424002.4688,   -927.0427,    556.6986,  26342.6035,
       1,     170,      13,       3,       1,       3,       1,     10.0000,      1.4103,     42.7526,    251.2301,     63.2251,      3.4953,      0.0000,     -0.0315,      2.1428,      0.1294,      5.6418,     11.2837,      1.1432,     28.9902,     57.9804,      0.0194,      0.0017,      0.0156,      0.2057,   7902.7812,-422891.9688,   -926.8123,    556.7759,  26342.6055,
       1,     170,      13,       4,       1,       3,       1,     10.0000,      1.4103,     42.7526,    251.2301,     63.2251,      3.4953,      0.0000,     -0.0315,      1.9438,      0.1286,      5.6418,     11.2837,      1.1362,     28.9902,     57.9804,      0.0194,      0.0015,      0.0156,      0.2057,   7902.7817,-422788.8438,   -926.7780,    556.7831,  26342.6055,
       1,     170,      13,       5,       1,       3,       1,     10.0000,      1.4103,     42.7526,    251.2301,     63.2251,      3.4953,      0.0000,     -0.0315,      1.9755,      0.1298,      5.6418,     11.2837,      1.1467,     28.9902,     57.9804,      0.0194,      0.0015,      0.0156,      0.2057,   7902.7817,-422534.3125,   -926.7156,    556.8008,  26342.6035,
       1,     170,      13,       6,       1,       3,       1,     10.0000,      1.4103,     42.7526,    251.2301,     63.2251,      3.4953,      0.0000,     -0.0315,      1.6490,      0.1303,      5.6418,     11.2837,      1.1514,     28.9902,     57.9804,      0.0194,      0.0013,      0.0156,      0.2057,   7902.7812,-422551.6875,   -926.7082,    556.7996,  26342.6035,
       1,     170,      13,       7,       1,       3,       1,     10.0000,      1.4103,     42.7526,    251.2301,     63.2251,      3.4953,      0.0000,     -0.0316,      1.1621,      0.1326,      5.6418,     11.2837,      1.1714,     28.9902,     57.9804,      0.0194,      0.0009,      0.0156,      0.2057,   7902.7812,-422150.1875,   -926.6196,    556.8276,  26342.6055,
       1,     170,      13,       8,       1,       3,       1,     10.0000,      1.4103,     42.7526,    251.2301,     63.2251,      3.4953,      0.0003,     -0.0313,      1.1357,      0.1327,      5.6418,     11.2837,      1.1726,     28.9902,     57.9804,      0.0194,      0.0009,      0.0156,      0.2057,   7902.7817,-421514.5625,   -926.4893,    556.8718,  26342.6035,
       1,     170,      13,       9,       1,       3,       1,     10.0000,      1.4103,     42.7526,    251.2301,     63.2251,      3.4953,      0.0379,      0.0070,      2.4649,      0.1162,      5.6418,     11.2837,      1.0270,     28.9902,     57.9804,      0.0194,      0.0009,      0.0349,      0.2057,   7902.7812,-421427.4688,   -926.4656,    556.8779,  26342.6035,
       1,     170,      13,      10,       1,       3,       1,     10.0000,      1.4103,     42.7526,    251.2301,     63.2251,      3.4953,      0.1143,      0.0833,     10.5242,      0.1174,      5.6418,     11.2837,      1.0375,     28.9902,     57.9804,      0.0194,      0.0009,      0.1424,      0.2057,   7902.7812,-423060.5938,   -926.7740,    556.7642,  26342.6035,
       1,     170,      13,      11,       1,       3,       1,     10.0000,      1.4103,     42.7526,    251.2301,     63.2251,      3.4953,      0.1458,      0.1145,     13.3567,      0.1241,      5.6418,     11.2837,      1.0964,     28.9902,     57.9804,      0.0194,      0.0009,      0.1867,      0.2057,   7902.7812,-433148.6250,   -928.7413,    556.0622,  26342.6035,
       1,     170,      13,      12,       1,       3,       1,     10.0000,      1.4103,     42.7526,    251.2301,     63.2251,      3.4953,      0.1750,      0.1433,     16.3900,      0.1341,      5.6418,     11.2837,      1.1846,     28.9902,     57.9804,      0.0194,      0.0009,      0.2279,      0.2057,   7902.7812,-437512.9688,   -929.6028,    555.7592,  26342.6035,
       1,     170,      13,      13,       1,       3,       1,     10.0000,      1.4103,     42.7526,    251.2301,     63.2251,      3.4953,      0.1524,      0.1205,     14.5633,      0.1405,      5.6418,     11.2837,      1.2411,     28.9902,     57.9804,      0.0194,      0.0009,      0.1960,      0.2057,   7902.7812,-441632.1562,   -930.4095,    555.4731,  26342.6035,
       1,     170,      13,      14,       1,       3,       1,     10.0000,      1.4103,     42.7526,    251.2301,     63.2251,      3.4953,      0.1266,      0.0950,     13.7182,      0.1319,      5.6418,     11.2837,      1.1655,     28.9902,     57.9804,      0.0194,      0.0010,      0.1593,      0.2057,   7902.7812,-439730.5625,   -930.0524,    555.6053,  26342.6035,
       1,     170,      13,      15,       1,       3,       1,     10.0000,      1.4103,     42.7526,    251.2301,     63.2251,      3.4953,      0.1514,      0.1196,     16.4556,      0.1368,      5.6418,     11.2837,      1.2089,     28.9902,     57.9804,      0.0194,      0.0010,      0.1943,      0.2057,   7902.7812,-438523.8438,   -929.8339,    555.6890,  26342.6035,
       1,     170,      13,      16,       1,       3,       1,     10.0000,      1.4103,     42.7526,    251.2301,     63.2251,      3.4953,      0.1548,      0.1237,     17.4033,      0.1198,      5.6418,     11.2837,      1.0590,     28.9902,     57.9804,      0.0194,      0.0011,      0.1990,      0.2057,   7902.7812,-441799.8750,   -930.9573,    555.4615,  26342.6035,
       1,     170,      13,      17,       1,       3,       1,     10.0000,      1.4103,     42.7526,    251.2301,     63.2251,      3.4953,      0.1446,      0.1134,     25.7337,      0.1232,      5.6418,     11.2837,      1.0886,     28.9902,     57.9804,      0.0194,      0.0017,      0.1837,      0.2057,   7902.7812,-443251.3125,   -932.0316,    555.3608,  26342.6035,
       1,     170,      13,      18,       1,       3,       1,     10.0000,      1.4103,     42.7526,    251.2301,     63.2251,      3.4953,      0.1453,      0.1138,     25.8051,      0.1285,      5.6418,     11.2837,      1.1351,     28.9902,     57.9804,      0.0194,      0.0017,      0.1845,      0.2057,   7902.7812,-453661.0625,   -934.5442,    554.6381,  26342.6016,
       1,     170,      13,      19,       1,       3,       1,     10.0000,      1.4103,     42.7526,    251.2301,     63.2251,      3.4953,      0.0483,      0.0167,      4.4611,      0.1311,      5.6418,     11.2837,      1.1584,     28.9902,     57.9804,      0.0194,      0.0011,      0.0488,      0.2057,   7902.7808,-454644.0312,   -934.8398,    554.5705,  26342.6035,
       1,     170,      13,      20,       1,       3,       1,     10.0000,      1.4103,     42.7526,    251.2301,     63.2251,      3.4953,      0.0032,     -0.0282,      1.9404,      0.1275,      5.6418,     11.2837,      1.1270,     28.9902,     57.9804,      0.0194,      0.0015,      0.0156,      0.2057,   7902.7812,-428370.1250,   -911.7518,    556.3918,  26342.6074,
       1,     170,      13,      21,       1,       3,       1,     10.0000,      1.4103,     42.7526,    251.2301,     63.2251,      3.4953,      0.0000,     -0.0315,      1.6436,      0.1288,      5.6418,     11.2837,      1.1386,     28.9902,     57.9804,      0.0194,      0.0013,      0.0156,      0.2057,   7902.7827,-423012.8125,   -910.8118,    556.7675,  26342.6055,
       1,     170,      13,      22,       1,       3,       1,     10.0000,      1.4103,     42.7526,    251.2301,     63.2251,      3.4953,      0.0000,     -0.0316,      0.7653,      0.1322,      5.6418,     11.2837,      1.1679,     28.9902,     57.9804,      0.0194,      0.0006,      0.0156,      0.2057,   7902.7817,-422182.9375,   -910.6046,    556.8253,  26342.6055,
       1,     170,      13,      23,       1,       3,       1,     10.0000,      1.4103,     42.7526,    251.2301,     63.2251,      3.4953,      0.0000,     -0.0317,      0.9316,      0.1354,      5.6418,     11.2837,      1.1967,     28.9902,     57.9804,      0.0194,      0.0007,      0.0156,      0.2057,   7902.7817,-421027.5938,   -910.4708,    556.9057,  26342.6055,
       1,     170,      13,      24,       1,       3,       1,     10.0000,      1.4103,     42.7526,    251.2301,     63.2251,      3.4953,      0.0000,     -0.0318,      0.6538,      0.1382,      5.6418,     11.2837,      1.2212,     28.9902,     57.9804,      0.0194,      0.0005,      0.0156,      0.2057,   7902.7817,-421133.6250,   -910.5850,    556.8984,  26342.6055,
       1,     170,      14,       1,       1,       3,       1,     10.0000,      1.4104,     42.7529,    251.2359,     63.2266,      3.4953,      0.0000,     -0.0319,      0.3361,      0.1393,      5.6428,     11.2856,      1.2312,     28.9855,     57.9709,      0.0194,      0.0003,      0.0156,      0.2057,   7902.7817,-420953.9375,   -910.8650,    556.9240,  26343.7734,
       1,     170,      14,       2,       1,       3,       1,     10.0000,      1.4104,     42.7529,    251.2359,     63.2266,      3.4953,      0.0000,     -0.0319,      0.3409,      0.1392,      5.6428,     11.2856,      1.2299,     28.9855,     57.9709,      0.0194,      0.0003,      0.0156,      0.2057,   7903.1323,-420395.2500,   -910.5142,    556.9629,  26343.7734,
       1,     170,      14,       3,       1,       3,       1,     10.0000,      1.4104,     42.7529,    251.2359,     63.2266,      3.4953,      0.0000,     -0.0317,      0.4686,      0.1361,      5.6428,     11.2856,      1.2028,     28.9855,     57.9709,      0.0194,      0.0004,      0.0156,      0.2057,   7903.1323,-420353.0000,   -910.5092,    556.9658,  26343.7715,
       1,     170,      14,       4,       1,       3,       1,     10.0000,      1.4104,     42.7529,    251.2359,     63.2266,      3.4953,      0.0000,     -0.0306,      0.4941,      0.1082,      5.6428,     11.2856,      0.9557,     28.9855,     57.9709,      0.0194,      0.0004,      0.0156,      0.2057,   7903.1318,-420507.1875,   -910.1343,    556.9550,  26343.7734,
       1,     170,      14,       5,       1,       3,       1,     10.0000,      1.4104,     42.7529,    251.2359,     63.2266,      3.4953,      0.0000,     -0.0306,      0.7180,      0.1093,      5.6428,     11.2856,      0.9656,     28.9855,     57.9709,      0.0194,      0.0006,      0.0156,      0.2057,   7903.1323,-420551.8438,   -910.1831,    556.9520,  26343.7754,
       1,     170,      14,       6,       1,       3,       1,     10.0000,      1.4104,     42.7529,    251.2359,     63.2266,      3.4953,      0.0000,     -0.0312,      0.8202,      0.1232,      5.6428,     11.2856,      1.0886,     28.9855,     57.9709,      0.0194,      0.0006,      0.0156,      0.2057,   7903.1328,-420831.7500,   -910.3055,    556.9324,  26343.7734,
       1,     170,      14,       7,       1,       3,       1,     10.0000,      1.4104,     42.7529,    251.2359,     63.2266,      3.4953,      0.0000,     -0.0315,      0.8674,      0.1308,      5.6428,     11.2856,      1.1561,     28.9855,     57.9709,      0.0194,      0.0007,      0.0156,      0.2057,   7903.1323,-420982.1562,   -910.4190,    556.9220,  26343.7734,
       1,     170,      14,       8,       1,       3,       1,     10.0000,      1.4104,     42.7529,    251.2359,     63.2266,      3.4953,      0.0004,     -0.0313,      0.8649,      0.1342,      5.6428,     11.2856,      1.1858,     28.9855,     57.9709,      0.0194,      0.0007,      0.0156,      0.2057,   7903.1323,-421053.2500,   -910.5229,    556.9171,  26343.7754,
       1,     170,      14,       9,       1,       3,       1,     10.0000,      1.4104,     42.7529,    251.2359,     63.2266,      3.4953,      0.0292,     -0.0026,      2.0144,      0.1365,      5.6428,     11.2856,      1.2065,     28.9855,     57.9709,      0.0194,      0.0011,      0.0216,      0.2057,   7903.1328,-421056.1250,   -910.6140,    556.9168,  26343.7754,
       1,     170,      14,      10,       1,       3,       1,     10.0000,      1.4104,     42.7529,    251.2359,     63.2266,      3.4953,      0.1118,      0.0797,     10.4690,      0.1439,      5.6428,     11.2856,      1.2716,     28.9855,     57.9709,      0.0194,      0.0009,      0.1384,      0.2057,   7903.1328,-422475.0625,   -911.1012,    556.8180,  26343.7734,
       1,     170,      14,      11,       1,       3,       1,     10.0000,      1.4104,     42.7529,    251.2359,     63.2266,      3.4953,      0.1450,      0.1125,      8.6365,      0.1554,      5.6428,     11.2856,      1.3729,     28.9855,     57.9709,      0.0194,      0.0006,      0.1860,      0.2057,   7903.1323,-433031.5000,   -913.3643,    556.0833,  26343.7734,
       1,     170,      14,      12,       1,       3,       1,     10.0000,      1.4104,     42.7529,    251.2359,     63.2266,      3.4953,      0.1846,      0.1519,     17.4271,      0.1642,      5.6428,     11.2856,      1.4508,     28.9855,     57.9709,      0.0194,      0.0009,      0.2419,      0.2057,   7903.1323,-431677.4062,   -913.5577,    556.1779,  26343.7734,
       1,     170,      14,      13,       1,       3,       1,     10.0000,      1.4104,     42.7529,    251.2359,     63.2266,      3.4953,      0.1167,      0.0843,     13.5310,      0.1537,      5.6428,     11.2856,      1.3578,     28.9855,     57.9709,      0.0194,      0.0011,      0.1449,      0.2057,   7903.1323,-442410.9375,   -916.3042,    555.4316,  26343.7754,
       1,     170,      14,      14,       1,       3,       1,     10.0000,      1.4104,     42.7529,    251.2359,     63.2266,      3.4953,      0.1149,      0.0831,     13.5708,      0.1368,      5.6428,     11.2856,      1.2089,     28.9855,     57.9709,      0.0194,      0.0012,      0.1425,      0.2057,   7903.1328,-438523.7812,   -913.7839,    555.7021,  26343.7715,
       1,     170,      14,      15,       1,       3,       1,     10.0000,      1.4104,     42.7529,    251.2359,     63.2266,      3.4953,      0.1918,      0.1591,     35.9659,      0.1632,      5.6428,     11.2856,      1.4421,     28.9855,     57.9709,      0.0194,      0.0017,      0.2500,      0.2057,   7903.1318,-438239.2812,   -913.7468,    555.7219,  26343.7734,
       1,     170,      14,      16,       1,       3,       1,     10.0000,      1.4104,     42.7529,    251.2359,     63.2266,      3.4953,      0.1572,      0.1250,     37.2929,      0.1488,      5.6428,     11.2856,      1.3147,     28.9855,     57.9709,      0.0194,      0.0023,      0.2002,      0.2057,   7903.1323,-465859.6875,   -920.0699,    553.8032,  26343.7734,
       1,     170,      14,      17,       1,       3,       1,     10.0000,      1.4104,     42.7529,    251.2359,     63.2266,      3.4953,      0.0919,      0.0610,     20.1163,      0.1155,      5.6428,     11.2856,      1.0207,     28.9855,     57.9709,      0.0194,      0.0022,      0.1096,      0.2057,   7903.1323,-469877.3125,   -919.8654,    553.5284,  26343.7715,
       1,     170,      14,      18,       1,       3,       1,     10.0000,      1.4104,     42.7529,    251.2359,     63.2266,      3.4953,      0.0982,      0.0670,     17.7084,      0.1216,      5.6428,     11.2856,      1.0743,     28.9855,     57.9709,      0.0194,      0.0018,      0.1186,      0.2057,   7903.1318,-449004.5938,   -915.8372,    554.9727,  26343.7734,
       1,     170,      14,      19,       1,       3,       1,     10.0000,      1.4104,     42.7529,    251.2359,     63.2266,      3.4953,      0.0587,      0.0273,      6.4810,      0.1266,      5.6428,     11.2856,      1.1190,     28.9855,     57.9709,      0.0194,      0.0012,      0.0635,      0.2057,   7903.1323,-444248.1562,   -915.5957,    555.3045,  26343.7754,
       1,     170,      14,      20,       1,       3,       1,     10.0000,      1.4104,     42.7529,    251.2359,     63.2266,      3.4953,      0.0071,     -0.0244,      2.8293,      0.1303,      5.6428,     11.2856,      1.1514,     28.9855,     57.9709,      0.0194,      0.0022,      0.0156,      0.2057,   7903.1328,-429977.3125,   -913.4032,    556.2952,  26343.7734,
       1,     170,      14,      21,       1,       3,       1,     10.0000,      1.4104,     42.7529,    251.2359,     63.2266,      3.4953,      0.0000,     -0.0315,      2.3459,      0.1298,      5.6428,     11.2856,      1.1467,     28.9855,     57.9709,      0.0194,      0.0018,      0.0156,      0.2057,   7903.1323,-424248.1250,   -911.1765,    556.6945,  26343.7715,
       1,     170,      14,      22,       1,       3,       1,     10.0000,      1.4104,     42.7529,    251.2359,     63.2266,      3.4953,      0.0000,     -0.0315,      0.7128,      0.1299,      5.6428,     11.2856,      1.1479,     28.9855,     57.9709,      0.0194,      0.0006,      0.0156,      0.2057,   7903.1318,-423158.9688,   -911.2989,    556.7704,  26343.7754,
       1,     170,      14,      23,       1,       3,       1,     10.0000,      1.4104,     42.7529,    251.2359,     63.2266,      3.4953,      0.0000,     -0.0315,      0.8357,      0.1290,      5.6428,     11.2856,      1.1397,     28.9855,     57.9709,      0.0194,      0.0007,      0.0156,      0.2057,   7903.1328,-421049.3125,   -910.9860,    556.9172,  26343.7734,
       1,     170,      14,      24,       1,       3,       1,     10.0000,      1.4104,     42.7529,    251.2359,     63.2266,      3.4953,      0.0000,     -0.0315,      0.7398,      0.1294,      5.6428,     11.2856,      1.1432,     28.9855,     57.9709,      0.0194,      0.0006,      0.0156,      0.2057,   7903.1323,-421020.0938,   -911.0569,    556.9194,  26343.7734,
       1,     170,      15,       1,       1,       3,       1,     10.0000,      1.4104,     42.7533,    251.2418,     63.2281,      3.4953,      0.0000,     -0.0315,      0.5692,      0.1308,      5.6430,     11.2860,      1.1561,     28.9783,     57.9565,      0.0194,      0.0004,      0.0156,      0.2058,   7903.1323,-421053.5000,   -910.5281,    556.9301,  26344.9453,
       1,     170,      15,       2,       1,       3,       1,     10.0000,      1.4104,     42.7533,    251.2418,     63.2281,      3.4953,      0.0000,     -0.0315,      0.5873,      0.1304,      5.6430,     11.2860,      1.1526,     28.9783,     57.9565,      0.0194,      0.0005,      0.0156,      0.2058,   7903.4839,-420694.2188,   -910.1806,    556.9551,  26344.9453,
       1,     170,      15,       3,       1,       3,       1,     10.0000,      1.4104,     42.7533,    251.2418,     63.2281,      3.4953,      0.0000,     -0.0312,      0.6262,      0.1235,      5.6430,     11.2860,      1.0909,     28.9783,     57.9565,      0.0194,      0.0005,      0.0156,      0.2058,   7903.4839,-420685.7500,   -910.1844,    556.9557,  26344.9473,
       1,     170,      15,       4,       1,       3,       1,     10.0000,      1.4104,     42.7533,    251.2418,     63.2281,      3.4953,      0.0000,     -0.0312,      0.7397,      0.1213,      5.6430,     11.2860,      1.0721,     28.9783,     57.9565,      0.0194,      0.0006,      0.0156,      0.2058,   7903.4844,-420732.6250,   -910.2032,    556.9524,  26344.9473,
       1,     170,      15,       5,       1,       3,       1,     10.0000,      1.4104,     42.7533,    251.2418,     63.2281,      3.4953,      0.0000,     -0.0311,      0.5265,      0.1211,      5.6430,     11.2860,      1.0699,     28.9783,     57.9565,      0.0194,      0.0004,      0.0156,      0.2058,   7903.4844,-420876.7188,   -910.2993,    556.9423,  26344.9453,
       1,     170,      15,       6,       1,       3,       1,     10.0000,      1.4104,     42.7533,    251.2418,     63.2281,      3.4953,      0.0000,     -0.0313,      0.4049,      0.1257,      5.6430,     11.2860,      1.1111,     28.9783,     57.9565,      0.0194,      0.0003,      0.0156,      0.2058,   7903.4839,-420626.5000,   -910.1657,    556.9597,  26344.9453,
       1,     170,      15,       7,       1,       3,       1,     10.0000,      1.4104,     42.7533,    251.2418,     63.2281,      3.4953,      0.0000,     -0.0313,      0.3432,      0.1252,      5.6430,     11.2860,      1.1066,     28.9783,     57.9565,      0.0194,      0.0003,      0.0156,      0.2058,   7903.4839,-420454.8750,   -910.1177,    556.9717,  26344.9473,
       1,     170,      15,       8,       1,       3,       1,     10.0000,      1.4104,     42.7533,    251.2418,     63.2281,      3.4953,      0.0006,     -0.0307,      0.6289,      0.1241,      5.6430,     11.2860,      1.0965,     28.9783,     57.9565,      0.0194,      0.0005,      0.0156,      0.2058,   7903.4844,-420363.6562,   -910.0913,    556.9781,  26344.9434,
       1,     170,      15,       9,       1,       3,       1,     10.0000,      1.4104,     42.7533,    251.2418,     63.2281,      3.4953,      0.1044,      0.0731,      6.9143,      0.1232,      5.6430,     11.2860,      1.0887,     28.9783,     57.9565,      0.0194,      0.0007,      0.1285,      0.2058,   7903.4834,-420708.8750,   -910.2082,    556.9540,  26344.9453,
       1,     170,      15,      10,       1,       3,       1,     10.0000,      1.4104,     42.7533,    251.2418,     63.2281,      3.4953,      0.1731,      0.1410,      5.6698,      0.1474,      5.6430,     11.2860,      1.3029,     28.9783,     57.9565,      0.0194,      0.0003,      0.2266,      0.2058,   7903.4839,-428494.3750,   -911.9545,    556.4120,  26344.9473,
       1,     170,      15,      11,       1,       3,       1,     10.0000,      1.4104,     42.7533,    251.2418,     63.2281,      3.4953,      0.1896,      0.1569,      7.9927,      0.1616,      5.6430,     11.2860,      1.4277,     28.9783,     57.9565,      0.0194,      0.0004,      0.2500,      0.2058,   7903.4844,-427627.5938,   -912.2581,    556.4726,  26344.9453,
       1,     170,      15,      12,       1,       3,       1,     10.0000,      1.4104,     42.7533,    251.2418,     63.2281,      3.4953,      0.1798,      0.1473,      6.6910,      0.1576,      5.6430,     11.2860,      1.3924,     28.9783,     57.9565,      0.0194,      0.0003,      0.2362,      0.2058,   7903.4839,-430419.8750,   -913.8356,    556.2784,  26344.9434,
       1,     170,      15,      13,       1,       3,       1,     10.0000,      1.4104,     42.7533,    251.2418,     63.2281,      3.4953,      0.1786,      0.1457,     11.2540,      0.1687,      5.6430,     11.2860,      1.4905,     28.9783,     57.9565,      0.0194,      0.0006,      0.2339,      0.2058,   7903.4834,-429053.3750,   -914.2693,    556.3734,  26344.9453,
       1,     170,      15,      14,       1,       3,       1,     10.0000,      1.4104,     42.7533,    251.2418,     63.2281,      3.4953,      0.1911,      0.1577,     28.9597,      0.1838,      5.6430,     11.2860,      1.6240,     28.9783,     57.9565,      0.0194,      0.0014,      0.2500,      0.2058,   7903.4839,-434567.1875,   -915.9984,    555.9899,  26344.9453,
       1,     170,      15,      15,       1,       3,       1,     10.0000,      1.4104,     42.7533,    251.2418,     63.2281,      3.4953,      0.1926,      0.1589,     49.0323,      0.1939,      5.6430,     11.2860,      1.7133,     28.9783,     57.9565,      0.0194,      0.0024,      0.2500,      0.2058,   7903.4839,-456893.5625,   -921.4119,    554.4384,  26344.9473,
       1,     170,      15,      16,       1,       3,       1,     10.0000,      1.4104,     42.7533,    251.2418,     63.2281,      3.4953,      0.1939,      0.1603,     65.4238,      0.1908,      5.6430,     11.2860,      1.6864,     28.9783,     57.9565,      0.0194,      0.0032,      0.2500,      0.2057,   7903.4844,-483596.9062,   -927.8443,    552.5898,  26344.9453,
       1,     170,      15,      17,       1,       3,       1,     10.0000,      1.4104,     42.7533,    251.2418,     63.2281,      3.4953,      0.1940,      0.1606,     65.7876,      0.1845,      5.6430,     11.2860,      1.6304,     28.9783,     57.9565,      0.0194,      0.0032,      0.2500,      0.2057,   7903.4839,-506137.5000,   -933.4182,    551.0360,  26344.9453,
       1,     170,      15,      18,       1,       3,       1,     10.0000,      1.4104,     42.7533,    251.2418,     63.2281,      3.4953,      0.1669,      0.1339,     59.8187,      0.1729,      5.6430,     11.2860,      1.5282,     28.9783,     57.9565,      0.0194,      0.0034,      0.2116,      0.2057,   7903.4839,-508519.1875,   -935.0784,    550.8741,  26344.9434,
       1,     170,      15,      19,       1,       3,       1,     10.0000,      1.4104,     42.7533,    251.2418,     63.2281,      3.4953,      0.0779,      0.0453,     30.1087,      0.1603,      5.6430,     11.2860,      1.4163,     28.9783,     57.9565,      0.0194,      0.0042,      0.0873,      0.2057,   7903.4834,-501345.2812,   -934.6671,    551.3682,  26344.9453,
       1,     170,      15,      20,       1,       3,       1,     10.0000,      1.4104,     42.7533,    251.2418,     63.2281,      3.4953,      0.0053,     -0.0270,      5.6218,      0.1498,      5.6430,     11.2860,      1.3241,     28.9783,     57.9565,      0.0194,      0.0044,      0.0156,      0.2057,   7903.4839,-464026.4062,   -928.4183,    553.9404,  26344.9453,
       1,     170,      15,      21,       1,       3,       1,     10.0000,      1.4104,     42.7533,    251.2418,     63.2281,      3.4953,      0.0000,     -0.0320,      5.4917,      0.1429,      5.6430,     11.2860,      1.2627,     28.9783,     57.9565,      0.0194,      0.0043,      0.0156,      0.2057,   7903.4839,-430614.6562,   -922.6546,    556.2600,  26344.9453,
       1,     170,      15,      22,       1,       3,       1,     10.0000,      1.4104,     42.7533,    251.2418,     63.2281,      3.4953,      0.0000,     -0.0319,      5.1059,      0.1392,      5.6430,     11.2860,      1.2299,     28.9783,     57.9565,      0.0194,      0.0040,      0.0156,      0.2058,   7903.4839,-427595.7188,   -922.4163,    556.4747,  26344.9453,
       1,     170,      15,      23,       1,       3,       1,     10.0000,      1.4104,     42.7533,    251.2418,     63.2281,      3.4953,      0.0000,     -0.0318,      4.4540,      0.1368,      5.6430,     11.2860,      1.2089,     28.9783,     57.9565,      0.0194,      0.0035,      0.0156,      0.2058,   7903.4839,-426854.6562,   -922.5545,    556.5264,  26344.9453,
       1,     170,      15,      24,       1,       3,       1,     10.0000,      1.4104,     42.7533,    251.2418,     63.2281,      3.4953,      0.0000,     -0.0316,      3.9294,      0.1322,      5.6430,     11.2860,      1.1679,     28.9783,     57.9565,      0.0194,      0.0031,      0.0156,      0.2058,   7903.4839,-425986.4375,   -922.6163,    556.5867,  26344.9453,
       1,     170,      16,       1,       1,       3,       1,     10.0000,      1.4104,     42.7536,    251.2477,     63.2296,      3.4953,      0.0000,     -0.0315,      3.0733,      0.1302,      5.6425,     11.2851,      1.1503,     28.9842,     57.9684,      0.0194,      0.0024,      0.0156,      0.2058,   7903.4839,-425418.1562,   -922.9603,    556.6393,  26346.1152,
       1,     170,      16,       2,       1,       3,       1,     10.0000,      1.4104,     42.7536,    251.2477,     63.2296,      3.4953,      0.0000,     -0.0311,      1.8407,      0.1197,      5.6425,     11.2851,      1.0580,     28.9842,     57.9684,      0.0194,      0.0014,      0.0156,      0.2058,   7903.8350,-424161.6250,   -911.1193,    556.7268,  26346.1133,
       1,     170,      16,       3,       1,       3,       1,     10.0000,      1.4104,     42.7536,    251.2477,     63.2296,      3.4953,      0.0000,     -0.0311,      1.4571,      0.1197,      5.6425,     11.2851,      1.0580,     28.9842,     57.9684,      0.0194,      0.0011,      0.0156,      0.2058,   7903.8345,-422533.1875,   -911.0581,    556.8401,  26346.1172,
       1,     170,      16,       4,       1,       3,       1,     10.0000,      1.4104,     42.7536,    251.2477,     63.2296,      3.4953,      0.0000,     -0.0311,      1.2938,      0.1201,      5.6425,     11.2851,      1.0612,     28.9842,     57.9684,      0.0194,      0.0010,      0.0156,      0.2058,   7903.8354,-421919.5312,   -911.1044,    556.8829,  26346.1133,
       1,     170,      16,       5,       1,       3,       1,     10.0000,      1.4104,     42.7536,    251.2477,     63.2296,      3.4953,      0.0000,     -0.0312,      1.3681,      0.1221,      5.6425,     11.2851,      1.0787,     28.9842,     57.9684,      0.0194,      0.0011,      0.0156,      0.2058,   7903.8345,-421665.7500,   -911.1593,    556.9005,  26346.1133,
       1,     170,      16,       6,       1,       3,       1,     10.0000,      1.4104,     42.7536,    251.2477,     63.2296,      3.4953,      0.0000,     -0.0311,      1.2095,      0.1211,      5.6425,     11.2851,      1.0700,     28.9842,     57.9684,      0.0194,      0.0009,      0.0156,      0.2058,   7903.8345,-421735.7188,   -910.4798,    556.8956,  26346.1152,
       1,     170,      16,       7,       1,       3,       1,     10.0000,      1.4104,     42.7536,    251.2477,     63.2296,      3.4953,      0.0000,     -0.0313,      0.8474,      0.1247,      5.6425,     11.2851,      1.1021,     28.9842,     57.9684,      0.0194,      0.0007,      0.0156,      0.2058,   7903.8350,-421545.6562,   -910.5776,    556.9088,  26346.1152,
       1,     170,      16,       8,       1,       3,       1,     10.0000,      1.4104,     42.7536,    251.2477,     63.2296,      3.4953,      0.0005,     -0.0309,      0.9091,      0.1268,      5.6425,     11.2851,      1.1202,     28.9842,     57.9684,      0.0194,      0.0007,      0.0156,      0.2058,   7903.8350,-421082.5938,   -910.5760,    556.9411,  26346.1152,
       1,     170,      16,       9,       1,       3,       1,     10.0000,      1.4104,     42.7536,    251.2477,     63.2296,      3.4953,      0.0416,      0.0102,      1.2249,      0.1287,      5.6425,     11.2851,      1.1375,     28.9842,     57.9684,      0.0194,      0.0004,      0.0398,      0.2058,   7903.8350,-421118.8438,   -910.6761,    556.9385,  26346.1152,
       1,     170,      16,      10,       1,       3,       1,     10.0000,      1.4104,     42.7536,    251.2477,     63.2296,      3.4953,      0.1644,      0.1319,      6.3909,      0.1573,      5.6425,     11.2851,      1.3896,     28.9842,     57.9684,      0.0194,      0.0004,      0.2141,      0.2058,   7903.8350,-421511.7188,   -910.4275,    556.9112,  26346.1133,
       1,     170,      16,      11,       1,       3,       1,     10.0000,      1.4104,     42.7536,    251.2477,     63.2296,      3.4953,      0.1896,      0.1566,      8.4067,      0.1705,      5.6425,     11.2851,      1.5070,     28.9842,     57.9684,      0.0194,      0.0004,      0.2500,      0.2058,   7903.8345,-427919.7812,   -912.4315,    556.4651,  26346.1172,
       1,     170,      16,      12,       1,       3,       1,     10.0000,      1.4104,     42.7536,    251.2477,     63.2296,      3.4953,      0.1896,      0.1563,      9.9526,      0.1820,      5.6425,     11.2851,      1.6079,     28.9842,     57.9684,      0.0194,      0.0005,      0.2500,      0.2058,   7903.8354,-430957.4062,   -914.1343,    556.2540,  26346.1152,
       1,     170,      16,      13,       1,       3,       1,     10.0000,      1.4104,     42.7536,    251.2477,     63.2296,      3.4953,      0.1897,      0.1560,     12.1723,      0.1943,      5.6425,     11.2851,      1.7168,     28.9842,     57.9684,      0.0194,      0.0006,      0.2500,      0.2058,   7903.8350,-433126.1250,   -915.7875,    556.1033,  26346.1152,
       1,     170,      16,      14,       1,       3,       1,     10.0000,      1.4104,     42.7536,    251.2477,     63.2296,      3.4953,      0.1897,      0.1561,     11.9271,      0.1893,      5.6425,     11.2851,      1.6731,     28.9842,     57.9684,      0.0194,      0.0006,      0.2500,      0.2058,   7903.8350,-436051.4062,   -917.5776,    555.9000,  26346.1152,
       1,     170,      16,      15,       1,       3,       1,     10.0000,      1.4104,     42.7536,    251.2477,     63.2296,      3.4953,      0.1921,      0.1585,     42.8053,      0.1926,      5.6425,     11.2851,      1.7015,     28.9842,     57.9684,      0.0194,      0.0021,      0.2500,      0.2058,   7903.8350,-435999.9375,   -918.3361,    555.9036,  26346.1133,
       1,     170,      16,      16,       1,       3,       1,     10.0000,      1.4104,     42.7536,    251.2477,     63.2296,      3.4953,      0.1851,      0.1520,     67.6747,      0.1763,      5.6425,     11.2851,      1.5575,     28.9842,     57.9684,      0.0194,      0.0035,      0.2370,      0.2058,   7903.8345,-474102.4688,   -926.5278,    553.2559,  26346.1133,
       1,     170,      16,      17,       1,       3,       1,     10.0000,      1.4104,     42.7536,    251.2477,     63.2296,      3.4953,      0.0377,      0.0061,      9.9974,      0.1314,      5.6425,     11.2851,      1.1609,     28.9842,     57.9684,      0.0194,      0.0037,      0.0331,      0.2057,   7903.8345,-508097.0625,   -927.2689,    550.9112,  26345.9785,
       1,     170,      16,      18,       1,       3,       1,     10.0000,      1.4104,     42.7536,    251.2477,     63.2296,      3.4953,      0.0724,      0.0405,     27.4481,      0.1386,      5.6425,     11.2851,      1.2250,     28.9842,     57.9684,      0.0194,      0.0041,      0.0803,      0.2057,   7903.7939,-439772.7812,   -914.3796,    555.6212,  26346.1152,
       1,     170,      16,      19,       1,       3,       1,     10.0000,      1.4104,     42.7536,    251.2477,     63.2296,      3.4953,      0.0542,      0.0221,     18.2910,      0.1455,      5.6425,     11.2851,      1.2859,     28.9842,     57.9684,      0.0194,      0.0040,      0.0552,      0.2058,   7903.8350,-455499.6562,   -918.1382,    554.5492,  26346.1152,
       1,     170,      16,      20,       1,       3,       1,     10.0000,      1.4104,     42.7536,    251.2477,     63.2296,      3.4953,      0.0052,     -0.0269,      4.9294,      0.1454,      5.6425,     11.2851,      1.2846,     28.9842,     57.9684,      0.0194,      0.0038,      0.0156,      0.2058,   7903.8350,-445522.5312,   -917.2092,    555.2418,  26346.1133,
       1,     170,      16,      21,       1,       3,       1,     10.0000,      1.4104,     42.7536,    251.2477,     63.2296,      3.4953,      0.0000,     -0.0320,      4.6609,      0.1439,      5.6425,     11.2851,      1.2717,     28.9842,     57.9684,      0.0194,      0.0036,      0.0156,      0.2058,   7903.8345,-428175.6250,   -914.7362,    556.4462,  26346.1133,
       1,     170,      16,      22,       1,       3,       1,     10.0000,      1.4104,     42.7536,    251.2477,     63.2296,      3.4953,      0.0000,     -0.0321,      0.6924,      0.1457,      5.6425,     11.2851,      1.2872,     28.9842,     57.9684,      0.0194,      0.0005,      0.0156,      0.2058,   7903.8345,-426359.3750,   -914.9374,    556.5739,  26346.1152,
       1,     170,      16,      23,       1,       3,       1,     10.0000,      1.4104,     42.7536,    251.2477,     63.2296,      3.4953,      0.0000,     -0.0320,      0.8898,      0.1426,      5.6425,     11.2851,      1.2602,     28.9842,     57.9684,      0.0194,      0.0007,      0.0156,      0.2058,   7903.8350,-421304.6250,   -914.0729,    556.9255,  26346.1152,
       1,     170,      16,      24,       1,       3,       1,     10.0000,      1.4104,     42.7536,    251.2477,     63.2296,      3.4953,      0.0000,     -0.0317,      1.3920,      0.1361,      5.6425,     11.2851,      1.2028,     28.9842,     57.9684,      0.0194,      0.0011,      0.0156,      0.2058,   7903.8350,-421114.3125,   -914.0996,    556.9389,  26346.1152,
       1,     170,      17,       1,       1,       3,       1,     10.0000,      1.4104,     42.7539,    251.2536,     63.2310,      3.4953,      0.0000,     -0.0315,      1.4493,      0.1290,      5.6429,     11.2859,      1.1398,     28.9819,     57.9637,      0.0194,      0.0011,      0.0156,      0.2058,   7903.8350,-421871.4062,   -914.6137,    556.8992,  26347.2832,
       1,     170,      17,       2,       1,       3,       1,     10.0000,      1.4104,     42.7539,    251.2536,     63.2310,      3.4953,      0.0000,     -0.0314,      1.5974,      0.1269,      5.6429,     11.2859,      1.1214,     28.9819,     57.9637,      0.0194,      0.0012,      0.0156,      0.2058,   7904.1851,-421855.9375,   -914.4794,    556.9002,  26347.2812,
       1,     170,      17,       3,       1,       3,       1,     10.0000,      1.4104,     42.7539,    251.2536,     63.2310,      3.4953,      0.0000,     -0.0313,      1.3257,      0.1259,      5.6429,     11.2859,      1.1123,     28.9819,     57.9637,      0.0194,      0.0010,      0.0156,      0.2058,   7904.1846,-422037.6250,   -914.6594,    556.8876,  26347.2812,
       1,     170,      17,       4,       1,       3,       1,     10.0000,      1.4104,     42.7539,    251.2536,     63.2310,      3.4953,      0.0000,     -0.0316,      1.0811,      0.1331,      5.6429,     11.2859,      1.1763,     28.9819,     57.9637,      0.0194,      0.0008,      0.0156,      0.2058,   7904.1846,-421718.1250,   -914.7130,    556.9098,  26347.2832,
       1,     170,      17,       5,       1,       3,       1,     10.0000,      1.4104,     42.7539,    251.2536,     63.2310,      3.4953,      0.0000,     -0.0315,      0.7997,      0.1311,      5.6429,     11.2859,      1.1585,     28.9819,     57.9637,      0.0194,      0.0006,      0.0156,      0.2058,   7904.1851,-421388.5000,   -914.7404,    556.9327,  26347.2812,
       1,     170,      17,       6,       1,       3,       1,     10.0000,      1.4104,     42.7539,    251.2536,     63.2310,      3.4953,      0.0000,     -0.0313,      0.4260,      0.1249,      5.6429,     11.2859,      1.1033,     28.9819,     57.9637,      0.0194,      0.0003,      0.0156,      0.2058,   7904.1846,-421013.5312,   -914.7224,    556.9589,  26347.2793,
       1,     170,      17,       7,       1,       3,       1,     10.0000,      1.4104,     42.7539,    251.2536,     63.2310,      3.4953,      0.0000,     -0.0312,      0.3841,      0.1230,      5.6429,     11.2859,      1.0865,     28.9819,     57.9637,      0.0194,      0.0003,      0.0156,      0.2058,   7904.1841,-420520.3438,   -914.6497,    556.9932,  26347.2812,
       1,     170,      17,       8,       1,       3,       1,     10.0000,      1.4104,     42.7539,    251.2536,     63.2310,      3.4953,      0.0003,     -0.0310,      0.3312,      0.1236,      5.6429,     11.2859,      1.0921,     28.9819,     57.9637,      0.0194,      0.0003,      0.0156,      0.2058,   7904.1846,-420426.0625,   -914.6411,    556.9998,  26347.2793,
       1,     170,      17,       9,       1,       3,       1,     10.0000,      1.4104,     42.7539,    251.2536,     63.2310,      3.4953,      0.0381,      0.0066,      1.4627,      0.1299,      5.6429,     11.2859,      1.1480,     28.9819,     57.9637,      0.0194,      0.0005,      0.0346,      0.2058,   7904.1841,-420353.0000,   -914.6340,    557.0048,  26347.2812,
       1,     170,      17,      10,       1,       3,       1,     10.0000,      1.4104,     42.7539,    251.2536,     63.2310,      3.4953,      0.1250,      0.0931,      4.0556,      0.1386,      5.6429,     11.2859,      1.2250,     28.9819,     57.9637,      0.0194,      0.0003,      0.1580,      0.2058,   7904.1846,-421742.4375,   -914.9882,    556.9081,  26347.2812,
       1,     170,      17,      11,       1,       3,       1,     10.0000,      1.4104,     42.7539,    251.2536,     63.2310,      3.4953,      0.1895,      0.1567,      7.5626,      0.1665,      5.6429,     11.2859,      1.4713,     28.9819,     57.9637,      0.0194,      0.0004,      0.2500,      0.2058,   7904.1846,-425060.5938,   -915.8964,    556.6771,  26347.2812,
       1,     170,      17,      12,       1,       3,       1,     10.0000,      1.4104,     42.7539,    251.2536,     63.2310,      3.4953,      0.1894,      0.1559,      8.6876,      0.1893,      5.6429,     11.2859,      1.6731,     28.9819,     57.9637,      0.0194,      0.0004,      0.2500,      0.2058,   7904.1846,-429672.5938,   -917.5692,    556.3563,  26347.2812,
       1,     170,      17,      13,       1,       3,       1,     10.0000,      1.4104,     42.7539,    251.2536,     63.2310,      3.4953,      0.1894,      0.1557,      8.5222,      0.1951,      5.6429,     11.2859,      1.7236,     28.9819,     57.9637,      0.0194,      0.0004,      0.2500,      0.2058,   7904.1846,-431456.7500,   -918.9154,    556.2322,  26347.2793,
       1,     170,      17,      14,       1,       3,       1,     10.0000,      1.4104,     42.7539,    251.2536,     63.2310,      3.4953,      0.1736,      0.1404,      8.3821,      0.1764,      5.6429,     11.2859,      1.5591,     28.9819,     57.9637,      0.0194,      0.0004,      0.2271,      0.2058,   7904.1841,-431405.8750,   -919.8586,    556.2358,  26347.2812,
       1,     170,      17,      15,       1,       3,       1,     10.0000,      1.4104,     42.7539,    251.2536,     63.2310,      3.4953,      0.1817,      0.1486,     12.1312,      0.1773,      5.6429,     11.2859,      1.5669,     28.9819,     57.9637,      0.0194,      0.0006,      0.2384,      0.2058,   7904.1846,-431228.5312,   -920.3008,    556.2482,  26347.2812,
       1,     170,      17,      16,       1,       3,       1,     10.0000,      1.4104,     42.7539,    251.2536,     63.2310,      3.4953,      0.1875,      0.1548,     39.7382,      0.1642,      5.6429,     11.2859,      1.4509,     28.9819,     57.9637,      0.0194,      0.0020,      0.2434,      0.2058,   7904.1846,-435839.0938,   -913.6960,    555.9276,  26347.2832,
       1,     170,      17,      17,       1,       3,       1,     10.0000,      1.4104,     42.7539,    251.2536,     63.2310,      3.4953,      0.1030,      0.0704,     36.2766,      0.1601,      5.6429,     11.2859,      1.4150,     28.9819,     57.9637,      0.0194,      0.0036,      0.1226,      0.2058,   7904.1851,-470300.2812,   -920.2143,    553.5330,  26347.2812,
       1,     170,      17,      18,       1,       3,       1,     10.0000,      1.4104,     42.7539,    251.2536,     63.2310,      3.4953,      0.0469,      0.0146,     14.6907,      0.1515,      5.6429,     11.2859,      1.3389,     28.9819,     57.9637,      0.0194,      0.0040,      0.0449,      0.2058,   7904.1846,-468997.0625,   -920.9920,    553.6282,  26347.2812,
       1,     170,      17,      19,       1,       3,       1,     10.0000,      1.4104,     42.7539,    251.2536,     63.2310,      3.4953,      0.0248,     -0.0072,      3.5552,      0.1430,      5.6429,     11.2859,      1.2641,     28.9819,     57.9637,      0.0194,      0.0029,      0.0149,      0.2058,   7904.1846,-442230.1875,   -914.8535,    555.4807,  26347.2812,
       1,     170,      17,      20,       1,       3,       1,     10.0000,      1.4104,     42.7539,    251.2536,     63.2310,      3.4953,      0.0042,     -0.0272,      3.2777,      0.1279,      5.6429,     11.2859,      1.1306,     28.9819,     57.9637,      0.0194,      0.0025,      0.0156,      0.2058,   7904.1846,-426203.5312,   -912.5381,    556.5966,  26347.2812,
       1,     170,      17,      21,       1,       3,       1,     10.0000,      1.4104,     42.7539,    251.2536,     63.2310,      3.4953,      0.0000,     -0.0314,      2.1503,      0.1268,      5.6429,     11.2859,      1.1203,     28.9819,     57.9637,      0.0194,      0.0017,      0.0156,      0.2058,   7904.1846,-424485.3438,   -912.4756,    556.7172,  26347.2832,
       1,     170,      17,      22,       1,       3,       1,     10.0000,      1.4104,     42.7539,    251.2536,     63.2310,      3.4953,      0.0000,     -0.0316,      2.1957,      0.1319,      5.6429,     11.2859,      1.1656,     28.9819,     57.9637,      0.0194,      0.0017,      0.0156,      0.2058,   7904.1851,-422945.2812,   -912.4176,    556.8243,  26347.2812,
       1,     170,      17,      23,       1,       3,       1,     10.0000,      1.4104,     42.7539,    251.2536,     63.2310,      3.4953,      0.0000,     -0.0318,      1.5536,      0.1384,      5.6429,     11.2859,      1.2225,     28.9819,     57.9637,      0.0194,      0.0012,      0.0156,      0.2058,   7904.1846,-422869.3750,   -912.6112,    556.8297,  26347.2812,
       1,     170,      17,      24,       1,       3,       1,     10.0000,      1.4104,     42.7539,    251.2536,     63.2310,      3.4953,      0.0000,     -0.0320,      1.6381,      0.1425,      5.6429,     11.2859,      1.2590,     28.9819,     57.9637,      0.0194,      0.0013,      0.0156,      0.2058,   7904.1846,-422070.7500,   -912.6390,    556.8853,  26347.2793,
       1,     170,      18,       1,       1,       3,       1,     10.0000,      1.4104,     42.7543,    251.2594,     63.2325,      3.4953,      0.0000,     -0.0319,      1.2123,      0.1403,      5.6435,     11.2870,      1.2400,     28.9781,     57.9562,      0.0194,      0.0009,      0.0156,      0.2058,   7904.1841,-422260.7812,   -913.1191,    556.8851,  26348.4531,
       1,     170,      18,       2,       1,       3,       1,     10.0000,      1.4104,     42.7543,    251.2594,     63.2325,      3.4953,      0.0000,     -0.0318,      1.1888,      0.1391,      5.6435,     11.2870,      1.2288,     28.9781,     57.9562,      0.0194,      0.0009,      0.0156,      0.2058,   7904.5361,-421599.8125,   -912.8690,    556.9310,  26348.4531,
       1,     170,      18,       3,       1,       3,       1,     10.0000,      1.4104,     42.7543,    251.2594,     63.2325,      3.4953,      0.0000,     -0.0318,      1.1222,      0.1374,      5.6435,     11.2870,      1.2139,     28.9781,     57.9562,      0.0194,      0.0009,      0.0156,      0.2058,   7904.5361,-421514.2500,   -912.9699,    556.9370,  26348.4531,
       1,     170,      18,       4,       1,       3,       1,     10.0000,      1.4104,     42.7543,    251.2594,     63.2325,      3.4953,      0.0000,     -0.0315,      1.3073,      0.1303,      5.6435,     11.2870,      1.1515,     28.9781,     57.9562,      0.0194,      0.0010,      0.0156,      0.2058,   7904.5361,-421424.7812,   -913.0581,    556.9432,  26348.4531,
       1,     170,      18,       5,       1,       3,       1,     10.0000,      1.4104,     42.7543,    251.2594,     63.2325,      3.4953,      0.0000,     -0.0313,      1.7281,      0.1238,      5.6435,     11.2870,      1.0943,     28.9781,     57.9562,      0.0194,      0.0013,      0.0156,      0.2058,   7904.5361,-421645.4375,   -913.2347,    556.9279,  26348.4551,
       1,     170,      18,       6,       1,       3,       1,     10.0000,      1.4104,     42.7543,    251.2594,     63.2325,      3.4953,      0.0000,     -0.0309,      1.6515,      0.1152,      5.6435,     11.2870,      1.0177,     28.9781,     57.9562,      0.0194,      0.0013,      0.0156,      0.2058,   7904.5366,-422183.2188,   -910.7126,    556.8904,  26348.4531,
       1,     170,      18,       7,       1,       3,       1,     10.0000,      1.4104,     42.7543,    251.2594,     63.2325,      3.4953,      0.0000,     -0.0308,      1.2772,      0.1135,      5.6435,     11.2870,      1.0031,     28.9781,     57.9562,      0.0194,      0.0010,      0.0156,      0.2058,   7904.5361,-422135.0625,   -910.8952,    556.8938,  26348.4531,
       1,     170,      18,       8,       1,       3,       1,     10.0000,      1.4104,     42.7543,    251.2594,     63.2325,      3.4953,      0.0021,     -0.0287,      1.3617,      0.1147,      5.6435,     11.2870,      1.0135,     28.9781,     57.9562,      0.0194,      0.0011,      0.0156,      0.2058,   7904.5361,-421669.3438,   -910.4702,    556.9263,  26348.4531,
       1,     170,      18,       9,       1,       3,       1,     10.0000,      1.4104,     42.7543,    251.2594,     63.2325,      3.4953,      0.0723,      0.0411,      9.1571,      0.1215,      5.6435,     11.2870,      1.0733,     28.9781,     57.9562,      0.0194,      0.0013,      0.0827,      0.2058,   7904.5361,-421733.5000,   -910.6648,    556.9218,  26348.4531,
       1,     170,      18,      10,       1,       3,       1,     10.0000,      1.4104,     42.7543,    251.2594,     63.2325,      3.4953,      0.1333,      0.1014,     20.6808,      0.1395,      5.6435,     11.2870,      1.2325,     28.9781,     57.9562,      0.0194,      0.0015,      0.1680,      0.2058,   7904.5361,-431354.9688,   -912.7827,    556.2520,  26348.4531,
       1,     170,      18,      11,       1,       3,       1,     10.0000,      1.4104,     42.7543,    251.2594,     63.2325,      3.4953,      0.0928,      0.0609,      4.0355,      0.1402,      5.6435,     11.2870,      1.2388,     28.9781,     57.9562,      0.0194,      0.0004,      0.1120,      0.2058,   7904.5361,-446399.1875,   -916.2736,    555.2063,  26348.4531,
       1,     170,      18,      12,       1,       3,       1,     10.0000,      1.4104,     42.7543,    251.2594,     63.2325,      3.4953,      0.0669,      0.0360,      2.6288,      0.1145,      5.6435,     11.2870,      1.0114,     28.9781,     57.9562,      0.0194,      0.0004,      0.0760,      0.2058,   7904.5361,-427152.2188,   -911.5834,    556.5430,  26348.4531,
       1,     170,      18,      13,       1,       3,       1,     10.0000,      1.4104,     42.7543,    251.2594,     63.2325,      3.4953,      0.0869,      0.0558,      7.0141,      0.1179,      5.6435,     11.2870,      1.0419,     28.9781,     57.9562,      0.0194,      0.0008,      0.1038,      0.2058,   7904.5361,-423769.2188,   -910.8426,    556.7800,  26348.4551,
       1,     170,      18,      14,       1,       3,       1,     10.0000,      1.4104,     42.7543,    251.2594,     63.2325,      3.4953,      0.1420,      0.1106,     10.5743,      0.1263,      5.6435,     11.2870,      1.1157,     28.9781,     57.9562,      0.0194,      0.0007,      0.1815,      0.2058,   7904.5366,-428886.3750,   -912.0673,    556.4239,  26348.4531,
       1,     170,      18,      15,       1,       3,       1,     10.0000,      1.4104,     42.7543,    251.2594,     63.2325,      3.4953,      0.1721,      0.1404,     22.4120,      0.1353,      5.6435,     11.2870,      1.1956,     28.9781,     57.9562,      0.0194,      0.0012,      0.2231,      0.2058,   7904.5361,-433718.3125,   -913.5970,    556.0880,  26348.4512,
       1,     170,      18,      16,       1,       3,       1,     10.0000,      1.4104,     42.7543,    251.2594,     63.2325,      3.4953,      0.1569,      0.1252,     13.7649,      0.1356,      5.6435,     11.2870,      1.1980,     28.9781,     57.9562,      0.0194,      0.0008,      0.2024,      0.2058,   7904.5356,-448738.3438,   -917.1773,    555.0440,  26348.4531,
       1,     170,      18,      17,       1,       3,       1,     10.0000,      1.4104,     42.7543,    251.2594,     63.2325,      3.4953,      0.1633,      0.1315,      5.3188,      0.1395,      5.6435,     11.2870,      1.2325,     28.9781,     57.9562,      0.0194,      0.0003,      0.2126,      0.2058,   7904.5361,-439358.4688,   -916.1157,    555.6958,  26348.4512,
       1,     170,      18,      18,       1,       3,       1,     10.0000,      1.4104,     42.7543,    251.2594,     63.2325,      3.4953,      0.1441,      0.1122,      4.0675,      0.1416,      5.6435,     11.2870,      1.2514,     28.9781,     57.9562,      0.0194,      0.0003,      0.1853,      0.2058,   7904.5356,-428132.9688,   -914.7089,    556.4759,  26348.4512,
       1,     170,      18,      19,       1,       3,       1,     10.0000,      1.4104,     42.7543,    251.2594,     63.2325,      3.4953,      0.0585,      0.0268,      2.2319,      0.1353,      5.6435,     11.2870,      1.1956,     28.9781,     57.9562,      0.0194,      0.0004,      0.0634,      0.2058,   7904.5356,-425627.1875,   -914.7640,    556.6508,  26348.4531,
       1,     170,      18,      20,       1,       3,       1,     10.0000,      1.4104,     42.7543,    251.2594,     63.2325,      3.4953,      0.0086,     -0.0226,      1.0224,      0.1243,      5.6435,     11.2870,      1.0988,     28.9781,     57.9562,      0.0194,      0.0008,      0.0156,      0.2058,   7904.5361,-423146.7812,   -914.4883,    556.8234,  26348.4531,
       1,     170,      18,      21,       1,       3,       1,     10.0000,      1.4104,     42.7543,    251.2594,     63.2325,      3.4953,      0.0000,     -0.0310,      1.1197,      0.1170,      5.6435,     11.2870,      1.0334,     28.9781,     57.9562,      0.0194,      0.0009,      0.0156,      0.2058,   7904.5361,-421441.8125,   -914.2818,    556.9421,  26348.4551,
       1,     170,      18,      22,       1,       3,       1,     10.0000,      1.4104,     42.7543,    251.2594,     63.2325,      3.4953,      0.0000,     -0.0308,      1.4016,      0.1138,      5.6435,     11.2870,      1.0052,     28.9781,     57.9562,      0.0194,      0.0011,      0.0156,      0.2058,   7904.5366,-421415.2188,   -914.3721,    556.9439,  26348.4512,
       1,     170,      18,      23,       1,       3,       1,     10.0000,      1.4104,     42.7543,    251.2594,     63.2325,      3.4953,      0.0000,     -0.0308,      1.6864,      0.1134,      5.6435,     11.2870,      1.0021,     28.9781,     57.9562,      0.0194,      0.0013,      0.0156,      0.2058,   7904.5356,-421761.2812,   -914.5512,    556.9199,  26348.4512,
       1,     170,      18,      24,       1,       3,       1,     10.0000,      1.4104,     42.7543,    251.2594,     63.2325,      3.4953,      0.0000,     -0.0311,      1.2006,      0.1189,      5.6435,     11.2870,      1.0505,     28.9781,     57.9562,      0.0194,      0.0009,      0.0156,      0.2058,   7904.5356,-422142.2500,   -914.7618,    556.8933,  26348.4531,
       1,     170,      19,       1,       1,       3,       1,     10.0000,      1.4105,     42.7546,    251.2653,     63.2340,      3.4953,      0.0000,     -0.0312,      0.6325,      0.1227,      5.6436,     11.2872,      1.0843,     28.9709,     57.9418,      0.0194,      0.0005,      0.0156,      0.2059,   7904.5361,-421729.4375,   -915.0421,    556.9351,  26349.6211,
       1,     170,      19,       2,       1,       3,       1,     10.0000,      1.4105,     42.7546,    251.2653,     63.2340,      3.4953,      0.0000,     -0.0312,      0.3620,      0.1220,      5.6436,     11.2872,      1.0777,     28.9709,     57.9418,      0.0194,      0.0003,      0.0156,      0.2059,   7904.8867,-420842.0938,   -914.6610,    556.9969,  26349.6211,
       1,     170,      19,       3,       1,       3,       1,     10.0000,      1.4105,     42.7546,    251.2653,     63.2340,      3.4953,      0.0000,     -0.0311,      0.2944,      0.1189,      5.6436,     11.2872,      1.0505,     28.9709,     57.9418,      0.0194,      0.0002,      0.0156,      0.2059,   7904.8867,-420432.0938,   -914.5956,    557.0255,  26349.6211,
       1,     170,      19,       4,       1,       3,       1,     10.0000,      1.4105,     42.7546,    251.2653,     63.2340,      3.4953,      0.0000,     -0.0310,      0.3418,      0.1184,      5.6436,     11.2872,      1.0462,     28.9709,     57.9418,      0.0194,      0.0003,      0.0156,      0.2059,   7904.8867,-420313.5312,   -914.5774,    557.0337,  26349.6191,
       1,     170,      19,       5,       1,       3,       1,     10.0000,      1.4105,     42.7546,    251.2653,     63.2340,      3.4953,      0.0000,     -0.0310,      0.3914,      0.1172,      5.6436,     11.2872,      1.0356,     28.9709,     57.9418,      0.0194,      0.0003,      0.0156,      0.2059,   7904.8862,-420362.1250,   -914.5950,    557.0303,  26349.6191,
       1,     170,      19,       6,       1,       3,       1,     10.0000,      1.4105,     42.7546,    251.2653,     63.2340,      3.4953,      0.0000,     -0.0310,      0.3798,      0.1179,      5.6436,     11.2872,      1.0419,     28.9709,     57.9418,      0.0194,      0.0003,      0.0156,      0.2059,   7904.8862,-420427.3438,   -914.6208,    557.0258,  26349.6211,
       1,     170,      19,       7,       1,       3,       1,     10.0000,      1.4105,     42.7546,    251.2653,     63.2340,      3.4953,      0.0000,     -0.0311,      0.3151,      0.1196,      5.6436,     11.2872,      1.0570,     28.9709,     57.9418,      0.0194,      0.0002,      0.0156,      0.2059,   7904.8867,-420418.4375,   -914.6319,    557.0264,  26349.6211,
       1,     170,      19,       8,       1,       3,       1,     10.0000,      1.4105,     42.7546,    251.2653,     63.2340,      3.4953,      0.0006,     -0.0304,      0.2749,      0.1168,      5.6436,     11.2872,      1.0324,     28.9709,     57.9418,      0.0194,      0.0002,      0.0156,      0.2059,   7904.8867,-420338.0000,   -914.6223,    557.0320,  26349.6211,
       1,     170,      19,       9,       1,       3,       1,     10.0000,      1.4105,     42.7546,    251.2653,     63.2340,      3.4953,      0.0481,      0.0171,      1.0238,      0.1174,      5.6436,     11.2872,      1.0377,     28.9709,     57.9418,      0.0194,      0.0003,      0.0495,      0.2059,   7904.8867,-420281.4688,   -914.6144,    557.0359,  26349.6211,
       1,     170,      19,      10,       1,       3,       1,     10.0000,      1.4105,     42.7546,    251.2653,     63.2340,      3.4953,      0.1149,      0.0835,      2.8130,      0.1280,      5.6436,     11.2872,      1.1306,     28.9709,     57.9418,      0.0194,      0.0002,      0.1439,      0.2059,   7904.8867,-421200.2188,   -914.8602,    556.9719,  26349.6230,
       1,     170,      19,      11,       1,       3,       1,     10.0000,      1.4105,     42.7546,    251.2653,     63.2340,      3.4953,      0.1731,      0.1409,      6.0947,      0.1502,      5.6436,     11.2872,      1.3268,     28.9709,     57.9418,      0.0194,      0.0003,      0.2266,      0.2059,   7904.8872,-423485.8438,   -915.5400,    556.8128,  26349.6211,
       1,     170,      19,      12,       1,       3,       1,     10.0000,      1.4105,     42.7546,    251.2653,     63.2340,      3.4953,      0.1795,      0.1467,      8.9390,      0.1660,      5.6436,     11.2872,      1.4670,     28.9709,     57.9418,      0.0194,      0.0005,      0.2354,      0.2059,   7904.8867,-427730.1250,   -917.0955,    556.5175,  26349.6191,
       1,     170,      19,      13,       1,       3,       1,     10.0000,      1.4105,     42.7546,    251.2653,     63.2340,      3.4953,      0.1678,      0.1350,      5.7738,      0.1642,      5.6436,     11.2872,      1.4509,     28.9709,     57.9418,      0.0194,      0.0003,      0.2190,      0.2059,   7904.8862,-431603.2500,   -918.4954,    556.2480,  26349.6191,
       1,     170,      19,      14,       1,       3,       1,     10.0000,      1.4105,     42.7546,    251.2653,     63.2340,      3.4953,      0.1892,      0.1560,      7.1076,      0.1777,      5.6436,     11.2872,      1.5701,     28.9709,     57.9418,      0.0194,      0.0003,      0.2496,      0.2059,   7904.8862,-428031.3438,   -918.2770,    556.4965,  26349.6211,
       1,     170,      19,      15,       1,       3,       1,     10.0000,      1.4105,     42.7546,    251.2653,     63.2340,      3.4953,      0.1901,      0.1567,     15.7881,      0.1831,      5.6436,     11.2872,      1.6177,     28.9709,     57.9418,      0.0194,      0.0008,      0.2500,      0.2059,   7904.8867,-429369.9375,   -919.1868,    556.4035,  26349.6230,
       1,     170,      19,      16,       1,       3,       1,     10.0000,      1.4105,     42.7546,    251.2653,     63.2340,      3.4953,      0.1880,      0.1547,     41.3113,      0.1793,      5.6436,     11.2872,      1.5842,     28.9709,     57.9418,      0.0194,      0.0021,      0.2440,      0.2059,   7904.8872,-440192.2500,   -921.8433,    555.6508,  26349.6211,
       1,     170,      19,      17,       1,       3,       1,     10.0000,      1.4105,     42.7546,    251.2653,     63.2340,      3.4953,      0.1701,      0.1368,     55.3150,      0.1804,      5.6436,     11.2872,      1.5937,     28.9709,     57.9418,      0.0194,      0.0031,      0.2167,      0.2059,   7904.8867,-472611.3125,   -928.5612,    553.3996,  26349.6211,
       1,     170,      19,      18,       1,       3,       1,     10.0000,      1.4105,     42.7546,    251.2653,     63.2340,      3.4953,      0.0656,      0.0335,     14.9249,      0.1435,      5.6436,     11.2872,      1.2679,     28.9709,     57.9418,      0.0194,      0.0025,      0.0718,      0.2058,   7904.8867,-492688.1562,   -933.0715,    552.0153,  26349.6211,
       1,     170,      19,      19,       1,       3,       1,     10.0000,      1.4105,     42.7546,    251.2653,     63.2340,      3.4953,      0.0672,      0.0357,     17.1748,      0.1301,      5.6436,     11.2872,      1.1492,     28.9709,     57.9418,      0.0194,      0.0028,      0.0743,      0.2058,   7904.8867,-444536.3438,   -918.6681,    555.3396,  26349.6230,
       1,     170,      19,      20,       1,       3,       1,     10.0000,      1.4105,     42.7546,    251.2653,     63.2340,      3.4953,      0.0052,     -0.0265,      4.4980,      0.1350,      5.6436,     11.2872,      1.1932,     28.9709,     57.9418,      0.0194,      0.0035,      0.0156,      0.2059,   7904.8872,-443217.5625,   -919.0252,    555.4412,  26349.6230,
       1,     170,      19,      21,       1,       3,       1,     10.0000,      1.4105,     42.7546,    251.2653,     63.2340,      3.4953,      0.0000,     -0.0317,      5.2075,      0.1357,      5.6436,     11.2872,      1.1993,     28.9709,     57.9418,      0.0194,      0.0041,      0.0156,      0.2059,   7904.8872,-427451.5312,   -916.7120,    556.5358,  26349.6211,
       1,     170,      19,      22,       1,       3,       1,     10.0000,      1.4105,     42.7546,    251.2653,     63.2340,      3.4953,      0.0000,     -0.0317,      5.0765,      0.1357,      5.6436,     11.2872,      1.1993,     28.9709,     57.9418,      0.0194,      0.0039,      0.0156,      0.2059,   7904.8867,-426977.5938,   -917.2024,    556.5699,  26349.6211,
       1,     170,      19,      23,       1,       3,       1,     10.0000,      1.4105,     42.7546,    251.2653,     63.2340,      3.4953,      0.0000,     -0.0317,      2.2832,      0.1339,      5.6436,     11.2872,      1.1836,     28.9709,     57.9418,      0.0194,      0.0018,      0.0156,      0.2059,   7904.8867,-426774.0625,   -917.6923,    556.5840,  26349.6191,
       1,     170,      19,      24,       1,       3,       1,     10.0000,      1.4105,     42.7546,    251.2653,     63.2340,      3.4953,      0.0000,     -0.0316,      0.4896,      0.1320,      5.6436,     11.2872,      1.1669,     28.9709,     57.9418,      0.0194,      0.0004,      0.0156,      0.2059,   7904.8862,-423311.2500,   -917.2635,    556.8251,  26349.6191,
       1,     170,      20,       1,       1,       3,       1,     10.0000,      1.4105,     42.7549,    251.2712,     63.2355,      3.4953,      0.0000,     -0.0316,      0.6188,      0.1327,      5.6433,     11.2865,      1.1728,     28.9698,     57.9397,      0.0194,      0.0005,      0.0156,      0.2059,   7904.8862,-420956.0625,   -917.1210,    557.0020,  26350.7910,
       1,     170,      20,       2,       1,       3,       1,     10.0000,      1.4105,     42.7549,    251.2712,     63.2355,      3.4953,      0.0000,     -0.0316,      0.5684,      0.1319,      5.6433,     11.2865,      1.1657,     28.9698,     57.9397,      0.0194,      0.0004,      0.0156,      0.2059,   7905.2378,-420761.7188,   -916.8575,    557.0155,  26350.7930,
       1,     170,      20,       3,       1,       3,       1,     10.0000,      1.4105,     42.7549,    251.2712,     63.2355,      3.4953,      0.0000,     -0.0316,      0.5651,      0.1330,      5.6433,     11.2865,      1.1752,     28.9698,     57.9397,      0.0194,      0.0004,      0.0156,      0.2059,   7905.2383,-420682.6875,   -916.8705,    557.0209,  26350.7930,
       1,     170,      20,       4,       1,       3,       1,     10.0000,      1.4105,     42.7549,    251.2712,     63.2355,      3.4953,      0.0000,     -0.0317,      0.5257,      0.1352,      5.6433,     11.2865,      1.1944,     28.9698,     57.9397,      0.0194,      0.0004,      0.0156,      0.2059,   7905.2383,-420672.0000,   -916.8959,    557.0217,  26350.7930,
       1,     170,      20,       5,       1,       3,       1,     10.0000,      1.4105,     42.7549,    251.2712,     63.2355,      3.4953,      0.0000,     -0.0316,      0.5496,      0.1322,      5.6433,     11.2865,      1.1681,     28.9698,     57.9397,      0.0194,      0.0004,      0.0156,      0.2059,   7905.2383,-420622.4375,   -916.9092,    557.0253,  26350.7910,
       1,     170,      20,       6,       1,       3,       1,     10.0000,      1.4105,     42.7549,    251.2712,     63.2355,      3.4953,      0.0000,     -0.0316,      0.7226,      0.1315,      5.6433,     11.2865,      1.1621,     28.9698,     57.9397,      0.0194,      0.0006,      0.0156,      0.2059,   7905.2378,-420647.6562,   -916.9397,    557.0234,  26350.7930,
       1,     170,      20,       7,       1,       3,       1,     10.0000,      1.4105,     42.7549,    251.2712,     63.2355,      3.4953,      0.0000,     -0.0316,      1.0189,      0.1331,      5.6433,     11.2865,      1.1764,     28.9698,     57.9397,      0.0194,      0.0008,      0.0156,      0.2059,   7905.2383,-420863.1562,   -917.0210,    557.0084,  26350.7949,
       1,     170,      20,       8,       1,       3,       1,     10.0000,      1.4105,     42.7549,    251.2712,     63.2355,      3.4953,      0.0015,     -0.0302,      1.0156,      0.1356,      5.6433,     11.2865,      1.1981,     28.9698,     57.9397,      0.0194,      0.0008,      0.0156,      0.2059,   7905.2388,-421246.8438,   -917.1626,    556.9818,  26350.7930,
       1,     170,      20,       9,       1,       3,       1,     10.0000,      1.4105,     42.7549,    251.2712,     63.2355,      3.4953,      0.0768,      0.0448,      8.6455,      0.1432,      5.6433,     11.2865,      1.2654,     28.9698,     57.9397,      0.0194,      0.0012,      0.0886,      0.2059,   7905.2383,-421275.7812,   -917.2405,    556.9797,  26350.7930,
       1,     170,      20,      10,       1,       3,       1,     10.0000,      1.4105,     42.7549,    251.2712,     63.2355,      3.4953,      0.1464,      0.1141,     14.7456,      0.1517,      5.6433,     11.2865,      1.3403,     28.9698,     57.9397,      0.0194,      0.0010,      0.1873,      0.2059,   7905.2383,-430687.9688,   -919.2030,    556.3244,  26350.7930,
       1,     170,      20,      11,       1,       3,       1,     10.0000,      1.4105,     42.7549,    251.2712,     63.2355,      3.4953,      0.1710,      0.1381,     17.9868,      0.1716,      5.6433,     11.2865,      1.5162,     28.9698,     57.9397,      0.0194,      0.0010,      0.2223,      0.2059,   7905.2383,-439021.0938,   -921.1437,    555.7453,  26350.7930,
       1,     170,      20,      12,       1,       3,       1,     10.0000,      1.4105,     42.7549,    251.2712,     63.2355,      3.4953,      0.1907,      0.1567,     25.0870,      0.2021,      5.6433,     11.2865,      1.7862,     28.9698,     57.9397,      0.0194,      0.0012,      0.2500,      0.2059,   7905.2383,-443734.6250,   -922.6439,    555.4182,  26350.7910,
       1,     170,      20,      13,       1,       3,       1,     10.0000,      1.4105,     42.7549,    251.2712,     63.2355,      3.4953,      0.1921,      0.1582,     43.6365,      0.2013,      5.6433,     11.2865,      1.7792,     28.9698,     57.9397,      0.0194,      0.0021,      0.2500,      0.2059,   7905.2378,-452898.0312,   -925.4363,    554.7820,  26350.7949,
       1,     170,      20,      14,       1,       3,       1,     10.0000,      1.4105,     42.7549,    251.2712,     63.2355,      3.4953,      0.1921,      0.1581,     56.3957,      0.2023,      5.6433,     11.2865,      1.7880,     28.9698,     57.9397,      0.0194,      0.0028,      0.2484,      0.2059,   7905.2388,-476570.9062,   -930.8199,    553.1407,  26350.7930,
       1,     170,      20,      15,       1,       3,       1,     10.0000,      1.4105,     42.7549,    251.2712,     63.2355,      3.4953,      0.1922,      0.1583,     44.9293,      0.2021,      5.6433,     11.2865,      1.7862,     28.9698,     57.9397,      0.0194,      0.0022,      0.2500,      0.2059,   7905.2383,-494354.0000,   -935.0568,    551.9136,  26350.7910,
       1,     170,      20,      16,       1,       3,       1,     10.0000,      1.4105,     42.7549,    251.2712,     63.2355,      3.4953,      0.1940,      0.1601,     67.6862,      0.2019,      5.6433,     11.2865,      1.7845,     28.9698,     57.9397,      0.0194,      0.0033,      0.2500,      0.2058,   7905.2378,-481720.8438,   -932.2023,    552.7865,  26350.7930,
       1,     170,      20,      17,       1,       3,       1,     10.0000,      1.4105,     42.7549,    251.2712,     63.2355,      3.4953,      0.1877,      0.1541,     90.2407,      0.1911,      5.6433,     11.2865,      1.6883,     28.9698,     57.9397,      0.0194,      0.0046,      0.2383,      0.2058,   7905.2383,-508730.3438,   -938.3747,    550.9209,  26350.7910,
       1,     170,      20,      18,       1,       3,       1,     10.0000,      1.4105,     42.7549,    251.2712,     63.2355,      3.4953,      0.1584,      0.1251,     77.2942,      0.1802,      5.6433,     11.2865,      1.5922,     28.9698,     57.9397,      0.0194,      0.0048,      0.1973,      0.2058,   7905.2378,-538902.3125,   -945.0867,    548.8463,  26350.7910,
       1,     170,      20,      19,       1,       3,       1,     10.0000,      1.4105,     42.7549,    251.2712,     63.2355,      3.4953,      0.1147,      0.0817,     51.6221,      0.1730,      5.6433,     11.2865,      1.5284,     28.9698,     57.9397,      0.0194,      0.0046,      0.1375,      0.2058,   7905.2378,-525495.1875,   -943.4753,    549.7700,  26350.7910,
       1,     170,      20,      20,       1,       3,       1,     10.0000,      1.4105,     42.7549,    251.2712,     63.2355,      3.4953,      0.0120,     -0.0206,      5.3056,      0.1587,      5.6433,     11.2865,      1.4023,     28.9698,     57.9397,      0.0194,      0.0041,      0.0156,      0.2058,   7905.2378,-492636.4062,   -937.9611,    552.0288,  26350.7910,
       1,     170,      20,      21,       1,       3,       1,     10.0000,      1.4105,     42.7549,    251.2712,     63.2355,      3.4953,      0.0000,     -0.0323,      4.5380,      0.1514,      5.6433,     11.2865,      1.3376,     28.9698,     57.9397,      0.0194,      0.0035,      0.0156,      0.2058,   7905.2378,-432660.1562,   -926.9891,    556.1721,  26350.7891,
       1,     170,      20,      22,       1,       3,       1,     10.0000,      1.4105,     42.7549,    251.2712,     63.2355,      3.4953,      0.0000,     -0.0321,      4.0694,      0.1469,      5.6433,     11.2865,      1.2978,     28.9698,     57.9397,      0.0194,      0.0032,      0.0156,      0.2059,   7905.2368,-426618.8438,   -926.0228,    556.6077,  26350.7910,
       1,     170,      20,      23,       1,       3,       1,     10.0000,      1.4105,     42.7549,    251.2712,     63.2355,      3.4953,      0.0000,     -0.0320,      3.6867,      0.1436,      5.6433,     11.2865,      1.2693,     28.9698,     57.9397,      0.0194,      0.0029,      0.0156,      0.2059,   7905.2378,-425503.6562,   -925.9490,    556.6855,  26350.7910,
       1,     170,      20,      24,       1,       3,       1,     10.0000,      1.4105,     42.7549,    251.2712,     63.2355,      3.4953,      0.0000,     -0.0318,      3.4587,      0.1386,      5.6433,     11.2865,      1.2251,     28.9698,     57.9397,      0.0194,      0.0027,      0.0156,      0.2059,   7905.2378,-424935.5938,   -925.9584,    556.7249,  26350.7910,
       1,     170,      21,       1,       1,       3,       1,     10.0000,      1.4105,     42.7553,    251.2770,     63.2370,      3.4953,      0.0000,     -0.0317,      2.4932,      0.1360,      5.6432,     11.2864,      1.2018,     28.9751,     57.9502,      0.0194,      0.0019,      0.0156,      0.2059,   7905.2378,-424759.7188,   -926.3005,    556.7502,  26351.9609,
       1,     170,      21,       2,       1,       3,       1,     10.0000,      1.4105,     42.7553,    251.2770,     63.2370,      3.4953,      0.0000,     -0.0316,      1.8157,      0.1321,      5.6432,     11.2864,      1.1669,     28.9751,     57.9502,      0.0194,      0.0014,      0.0156,      0.2059,   7905.5884,-423402.6250,   -925.8435,    556.8447,  26351.9609,
       1,     170,      21,       3,       1,       3,       1,     10.0000,      1.4105,     42.7553,    251.2770,     63.2370,      3.4953,      0.0000,     -0.0314,      1.5480,      0.1268,      5.6432,     11.2864,      1.1204,     28.9751,     57.9502,      0.0194,      0.0012,      0.0156,      0.2059,   7905.5884,-422450.5625,   -925.7095,    556.9109,  26351.9609,
       1,     170,      21,       4,       1,       3,       1,     10.0000,      1.4105,     42.7553,    251.2770,     63.2370,      3.4953,      0.0000,     -0.0314,      1.2604,      0.1272,      5.6432,     11.2864,      1.1238,     28.9751,     57.9502,      0.0194,      0.0010,      0.0156,      0.2059,   7905.5884,-422038.7188,   -925.6674,    556.9396,  26351.9609,
       1,     170,      21,       5,       1,       3,       1,     10.0000,      1.4105,     42.7553,    251.2770,     63.2370,      3.4953,      0.0000,     -0.0314,      0.8431,      0.1267,      5.6432,     11.2864,      1.1192,     28.9751,     57.9502,      0.0194,      0.0007,      0.0156,      0.2059,   7905.5884,-421648.7812,   -925.6223,    556.9668,  26351.9629,
       1,     170,      21,       6,       1,       3,       1,     10.0000,      1.4105,     42.7553,    251.2770,     63.2370,      3.4953,      0.0000,     -0.0314,      0.7525,      0.1269,      5.6432,     11.2864,      1.1215,     28.9751,     57.9502,      0.0194,      0.0006,      0.0156,      0.2059,   7905.5894,-421100.5625,   -925.5351,    557.0049,  26351.9609,
       1,     170,      21,       7,       1,       3,       1,     10.0000,      1.4105,     42.7553,    251.2770,     63.2370,      3.4953,      0.0000,     -0.0314,      0.8181,      0.1274,      5.6432,     11.2864,      1.1261,     28.9751,     57.9502,      0.0194,      0.0006,      0.0156,      0.2059,   7905.5884,-420941.9062,   -925.5190,    557.0160,  26351.9629,
       1,     170,      21,       8,       1,       3,       1,     10.0000,      1.4105,     42.7553,    251.2770,     63.2370,      3.4953,      0.0008,     -0.0307,      1.2322,      0.1294,      5.6432,     11.2864,      1.1434,     28.9751,     57.9502,      0.0194,      0.0010,      0.0156,      0.2059,   7905.5894,-421009.0000,   -925.5460,    557.0113,  26351.9609,
       1,     170,      21,       9,       1,       3,       1,     10.0000,      1.4105,     42.7553,    251.2770,     63.2370,      3.4953,      0.0740,      0.0424,      6.7281,      0.1323,      5.6432,     11.2864,      1.1693,     28.9751,     57.9502,      0.0194,      0.0010,      0.0852,      0.2059,   7905.5884,-421525.5938,   -925.6689,    556.9753,  26351.9590,
       1,     170,      21,      10,       1,       3,       1,     10.0000,      1.4105,     42.7553,    251.2770,     63.2370,      3.4953,      0.1628,      0.1301,     12.2006,      0.1624,      5.6432,     11.2864,      1.4351,     28.9751,     57.9502,      0.0194,      0.0007,      0.2111,      0.2059,   7905.5879,-428347.1250,   -927.0369,    556.5004,  26351.9609,
       1,     170,      21,      11,       1,       3,       1,     10.0000,      1.4105,     42.7553,    251.2770,     63.2370,      3.4953,      0.1897,      0.1564,     11.7790,      0.1836,      5.6432,     11.2864,      1.6226,     28.9751,     57.9502,      0.0194,      0.0006,      0.2500,      0.2059,   7905.5884,-435681.9688,   -928.5790,    555.9904,  26351.9629,
       1,     170,      21,      12,       1,       3,       1,     10.0000,      1.4105,     42.7553,    251.2770,     63.2370,      3.4953,      0.1896,      0.1556,     11.6437,      0.2025,      5.6432,     11.2864,      1.7898,     28.9751,     57.9502,      0.0194,      0.0006,      0.2500,      0.2059,   7905.5894,-435791.5938,   -928.8086,    555.9830,  26351.9609,
       1,     170,      21,      13,       1,       3,       1,     10.0000,      1.4105,     42.7553,    251.2770,     63.2370,      3.4953,      0.1896,      0.1553,     12.2727,      0.2136,      5.6432,     11.2864,      1.8877,     28.9751,     57.9502,      0.0194,      0.0006,      0.2500,      0.2059,   7905.5884,-435634.0312,   -928.9995,    555.9940,  26351.9609,
       1,     170,      21,      14,       1,       3,       1,     10.0000,      1.4105,     42.7553,    251.2770,     63.2370,      3.4953,      0.1899,      0.1556,     16.3386,      0.2153,      5.6432,     11.2864,      1.9026,     28.9751,     57.9502,      0.0194,      0.0008,      0.2500,      0.2059,   7905.5884,-436396.2812,   -929.3400,    555.9410,  26351.9590,
       1,     170,      21,      15,       1,       3,       1,     10.0000,      1.4105,     42.7553,    251.2770,     63.2370,      3.4953,      0.1931,      0.1590,     57.0265,      0.2088,      5.6432,     11.2864,      1.8454,     28.9751,     57.9502,      0.0194,      0.0028,      0.2500,      0.2059,   7905.5879,-441476.5625,   -930.4954,    555.5879,  26351.9609,
       1,     170,      21,      16,       1,       3,       1,     10.0000,      1.4105,     42.7553,    251.2770,     63.2370,      3.4953,      0.1954,      0.1611,     85.6454,      0.2111,      5.6432,     11.2864,      1.8655,     28.9751,     57.9502,      0.0194,      0.0042,      0.2500,      0.2059,   7905.5884,-492099.5312,   -940.4726,    552.0724,  26351.9609,
       1,     170,      21,      17,       1,       3,       1,     10.0000,      1.4105,     42.7553,    251.2770,     63.2370,      3.4953,      0.1943,      0.1605,    104.3840,      0.1992,      5.6432,     11.2864,      1.7600,     28.9751,     57.9502,      0.0194,      0.0051,      0.2463,      0.2059,   7905.5884,-531796.6250,   -948.5402,    549.3440,  26351.9609,
       1,     170,      21,      18,       1,       3,       1,     10.0000,      1.4105,     42.7553,    251.2770,     63.2370,      3.4953,      0.1759,      0.1425,     96.0458,      0.1851,      5.6432,     11.2864,      1.6355,     28.9751,     57.9502,      0.0194,      0.0053,      0.2205,      0.2058,   7905.5884,-558344.5625,   -954.2028,    547.5277,  26351.9629,
       1,     170,      21,      19,       1,       3,       1,     10.0000,      1.4105,     42.7553,    251.2770,     63.2370,      3.4953,      0.1208,      0.0878,     62.1471,      0.1721,      5.6432,     11.2864,      1.5208,     28.9751,     57.9502,      0.0194,      0.0052,      0.1451,      0.2058,   7905.5894,-550311.0000,   -953.2037,    548.0806,  26351.9609,
       1,     170,      21,      20,       1,       3,       1,     10.0000,      1.4105,     42.7553,    251.2770,     63.2370,      3.4953,      0.0109,     -0.0217,      6.4663,      0.1595,      5.6432,     11.2864,      1.4094,     28.9751,     57.9502,      0.0194,      0.0050,      0.0156,      0.2058,   7905.5884,-507737.5312,   -945.3727,    550.9976,  26351.9590,
       1,     170,      21,      21,       1,       3,       1,     10.0000,      1.4105,     42.7553,    251.2770,     63.2370,      3.4953,      0.0000,     -0.0324,      6.6329,      0.1534,      5.6432,     11.2864,      1.3553,     28.9751,     57.9502,      0.0194,      0.0052,      0.0156,      0.2058,   7905.5879,-435374.5625,   -931.4686,    555.9893,  26351.9609,
       1,     170,      21,      22,       1,       3,       1,     10.0000,      1.4105,     42.7553,    251.2770,     63.2370,      3.4953,      0.0000,     -0.0322,      5.7734,      0.1488,      5.6432,     11.2864,      1.3149,     28.9751,     57.9502,      0.0194,      0.0045,      0.0156,      0.2059,   7905.5884,-429446.0625,   -930.3119,    556.4240,  26351.9609,
       1,     170,      21,      23,       1,       3,       1,     10.0000,      1.4105,     42.7553,    251.2770,     63.2370,      3.4953,      0.0000,     -0.0321,      5.0478,      0.1467,      5.6432,     11.2864,      1.2965,     28.9751,     57.9502,      0.0194,      0.0039,      0.0156,      0.2059,   7905.5884,-427850.0312,   -929.9871,    556.5352,  26351.9590,
       1,     170,      21,      24,       1,       3,       1,     10.0000,      1.4105,     42.7553,    251.2770,     63.2370,      3.4953,      0.0000,     -0.0321,      4.2805,      0.1469,      5.6432,     11.2864,      1.2978,     28.9751,     57.9502,      0.0194,      0.0033,      0.0156,      0.2059,   7905.5879,-426818.2500,   -929.7700,    556.6069,  26351.9609,
       1,     170,      22,       1,       1,       3,       1,     10.0000,      1.4105,     42.7556,    251.2829,     63.2384,      3.4953,      0.0000,     -0.0321,      3.2911,      0.1453,      5.6428,     11.2856,      1.2835,     28.9817,     57.9635,      0.0194,      0.0026,      0.0156,      0.2059,   7905.5884,-425936.6250,   -929.8638,    556.6813,  26353.1289,
       1,     170,      22,       2,       1,       3,       1,     10.0000,      1.4105,     42.7556,    251.2829,     63.2384,      3.4953,      0.0000,     -0.0320,      2.7586,      0.1434,      5.6428,     11.2856,      1.2668,     28.9817,     57.9635,      0.0194,      0.0021,      0.0156,      0.2059,   7905.9390,-424489.9375,   -929.2942,    556.7819,  26353.1270,
       1,     170,      22,       3,       1,       3,       1,     10.0000,      1.4105,     42.7556,    251.2829,     63.2384,      3.4953,      0.0000,     -0.0321,      2.3704,      0.1450,      5.6428,     11.2856,      1.2809,     28.9817,     57.9635,      0.0194,      0.0018,      0.0156,      0.2060,   7905.9385,-423709.4375,   -929.1324,    556.8362,  26353.1270,
       1,     170,      22,       4,       1,       3,       1,     10.0000,      1.4105,     42.7556,    251.2829,     63.2384,      3.4953,      0.0000,     -0.0320,      2.1215,      0.1423,      5.6428,     11.2856,      1.2578,     28.9817,     57.9635,      0.0194,      0.0016,      0.0156,      0.2060,   7905.9385,-423163.8125,   -929.0167,    556.8743,  26353.1250,
       1,     170,      22,       5,       1,       3,       1,     10.0000,      1.4105,     42.7556,    251.2829,     63.2384,      3.4953,      0.0000,     -0.0318,      1.9636,      0.1378,      5.6428,     11.2856,      1.2177,     28.9817,     57.9635,      0.0194,      0.0015,      0.0156,      0.2060,   7905.9380,-422810.1562,   -929.0908,    556.8989,  26353.1270,
       1,     170,      22,       6,       1,       3,       1,     10.0000,      1.4105,     42.7556,    251.2829,     63.2384,      3.4953,      0.0000,     -0.0318,      1.6627,      0.1374,      5.6428,     11.2856,      1.2140,     28.9817,     57.9635,      0.0194,      0.0013,      0.0156,      0.2060,   7905.9385,-422584.9375,   -929.0742,    556.9145,  26353.1270,
       1,     170,      22,       7,       1,       3,       1,     10.0000,      1.4105,     42.7556,    251.2829,     63.2384,      3.4953,      0.0000,     -0.0316,      1.3941,      0.1337,      5.6428,     11.2856,      1.1812,     28.9817,     57.9635,      0.0194,      0.0011,      0.0156,      0.2060,   7905.9385,-422194.7188,   -929.0214,    556.9417,  26353.1270,
       1,     170,      22,       8,       1,       3,       1,     10.0000,      1.4105,     42.7556,    251.2829,     63.2384,      3.4953,      0.0003,     -0.0314,      1.4904,      0.1345,      5.6428,     11.2856,      1.1885,     28.9817,     57.9635,      0.0194,      0.0012,      0.0156,      0.2060,   7905.9385,-421829.9062,   -928.9686,    556.9672,  26353.1270,
       1,     170,      22,       9,       1,       3,       1,     10.0000,      1.4105,     42.7556,    251.2829,     63.2384,      3.4953,      0.0351,      0.0032,      1.9831,      0.1399,      5.6428,     11.2856,      1.2364,     28.9817,     57.9635,      0.0194,      0.0008,      0.0299,      0.2060,   7905.9385,-421917.2500,   -929.0036,    556.9611,  26353.1270,
       1,     170,      22,      10,       1,       3,       1,     10.0000,      1.4105,     42.7556,    251.2829,     63.2384,      3.4953,      0.1309,      0.0986,      6.0801,      0.1514,      5.6428,     11.2856,      1.3377,     28.9817,     57.9635,      0.0194,      0.0004,      0.1661,      0.2060,   7905.9385,-422532.3438,   -929.1424,    556.9182,  26353.1270,
       1,     170,      22,      11,       1,       3,       1,     10.0000,      1.4105,     42.7556,    251.2829,     63.2384,      3.4953,      0.1543,      0.1216,      8.0225,      0.1640,      5.6428,     11.2856,      1.4496,     28.9817,     57.9635,      0.0194,      0.0005,      0.1994,      0.2060,   7905.9385,-427636.6562,   -930.1725,    556.5628,  26353.1289,
       1,     170,      22,      12,       1,       3,       1,     10.0000,      1.4105,     42.7556,    251.2829,     63.2384,      3.4953,      0.1899,      0.1565,     13.8416,      0.1856,      5.6428,     11.2856,      1.6404,     28.9817,     57.9635,      0.0194,      0.0007,      0.2500,      0.2059,   7905.9390,-430470.0625,   -930.7809,    556.3658,  26353.1270,
       1,     170,      22,      13,       1,       3,       1,     10.0000,      1.4105,     42.7556,    251.2829,     63.2384,      3.4953,      0.1877,      0.1542,     16.1586,      0.1866,      5.6428,     11.2856,      1.6486,     28.9817,     57.9635,      0.0194,      0.0008,      0.2465,      0.2059,   7905.9385,-437889.0312,   -932.3232,    555.8500,  26353.1250,
       1,     170,      22,      14,       1,       3,       1,     10.0000,      1.4105,     42.7556,    251.2829,     63.2384,      3.4953,      0.1387,      0.1056,      9.5485,      0.1749,      5.6428,     11.2856,      1.5453,     28.9817,     57.9635,      0.0194,      0.0007,      0.1768,      0.2059,   7905.9380,-441383.6250,   -933.1037,    555.6074,  26353.1270,
       1,     170,      22,      15,       1,       3,       1,     10.0000,      1.4105,     42.7556,    251.2829,     63.2384,      3.4953,      0.1490,      0.1162,     16.8995,      0.1640,      5.6428,     11.2856,      1.4496,     28.9817,     57.9635,      0.0194,      0.0011,      0.1907,      0.2059,   7905.9385,-433530.5938,   -926.8100,    556.1528,  26353.1250,
       1,     170,      22,      16,       1,       3,       1,     10.0000,      1.4105,     42.7556,    251.2829,     63.2384,      3.4953,      0.0572,      0.0252,      8.7506,      0.1422,      5.6428,     11.2856,      1.2566,     28.9817,     57.9635,      0.0194,      0.0018,      0.0606,      0.2059,   7905.9380,-441923.1250,   -914.5341,    555.5696,  26353.1328,
       1,     170,      22,      17,       1,       3,       1,     10.0000,      1.4105,     42.7556,    251.2829,     63.2384,      3.4953,      0.0187,     -0.0133,      1.4163,      0.1429,      5.6428,     11.2856,      1.2629,     28.9817,     57.9635,      0.0194,      0.0027,      0.0064,      0.2059,   7905.9399,-432592.3125,   -912.6995,    556.2179,  26353.1309,
       1,     170,      22,      18,       1,       3,       1,     10.0000,      1.4105,     42.7556,    251.2829,     63.2384,      3.4953,      0.0182,     -0.0139,      1.4053,      0.1439,      5.6428,     11.2856,      1.2719,     28.9817,     57.9635,      0.0194,      0.0030,      0.0056,      0.2059,   7905.9395,-422749.0938,   -911.4507,    556.9028,  26353.1289,
       1,     170,      22,      19,       1,       3,       1,     10.0000,      1.4105,     42.7556,    251.2829,     63.2384,      3.4953,      0.0300,     -0.0020,      4.4902,      0.1432,      5.6428,     11.2856,      1.2655,     28.9817,     57.9635,      0.0194,      0.0024,      0.0223,      0.2060,   7905.9390,-421891.6250,   -911.8111,    556.9629,  26353.1328,
       1,     170,      22,      20,       1,       3,       1,     10.0000,      1.4105,     42.7556,    251.2829,     63.2384,      3.4953,      0.0049,     -0.0270,      2.0258,      0.1392,      5.6428,     11.2856,      1.2301,     28.9817,     57.9635,      0.0194,      0.0016,      0.0156,      0.2060,   7905.9399,-425620.5938,   -911.4860,    556.7032,  26353.1309,
       1,     170,      22,      21,       1,       3,       1,     10.0000,      1.4105,     42.7556,    251.2829,     63.2384,      3.4953,      0.0000,     -0.0319,      0.4323,      0.1406,      5.6428,     11.2856,      1.2427,     28.9817,     57.9635,      0.0194,      0.0003,      0.0156,      0.2060,   7905.9395,-422902.5312,   -910.7859,    556.8924,  26353.1289,
       1,     170,      22,      22,       1,       3,       1,     10.0000,      1.4105,     42.7556,    251.2829,     63.2384,      3.4953,      0.0000,     -0.0319,      0.6341,      0.1396,      5.6428,     11.2856,      1.2339,     28.9817,     57.9635,      0.0194,      0.0005,      0.0156,      0.2060,   7905.9390,-420704.6562,   -910.4120,    557.0454,  26353.1309,
       1,     170,      22,      23,       1,       3,       1,     10.0000,      1.4105,     42.7556,    251.2829,     63.2384,      3.4953,      0.0000,     -0.0313,      0.9053,      0.1244,      5.6428,     11.2856,      1.0989,     28.9817,     57.9635,      0.0194,      0.0007,      0.0156,      0.2060,   7905.9395,-420764.6875,   -910.4656,    557.0413,  26353.1328,
       1,     170,      22,      24,       1,       3,       1,     10.0000,      1.4105,     42.7556,    251.2829,     63.2384,      3.4953,      0.0000,     -0.0312,      1.1019,      0.1230,      5.6428,     11.2856,      1.0866,     28.9817,     57.9635,      0.0194,      0.0009,      0.0156,      0.2060,   7905.9399,-421103.7188,   -910.6198,    557.0176,  26353.1309,
       1,     170,      23,       1,       1,       3,       1,     10.0000,      1.4105,     42.7559,    251.2888,     63.2399,      3.4953,      0.0000,     -0.0312,      0.6791,      0.1215,      5.6449,     11.2899,      1.0734,     28.9696,     57.9392,      0.0194,      0.0005,      0.0156,      0.2060,   7905.9395,-421529.9375,   -911.0771,    557.0011,  26354.3008,
       1,     170,      23,       2,       1,       3,       1,     10.0000,      1.4105,     42.7559,    251.2888,     63.2399,      3.4953,      0.0000,     -0.0313,      0.8422,      0.1260,      5.6449,     11.2899,      1.1136,     28.9696,     57.9392,      0.0194,      0.0007,      0.0156,      0.2060,   7906.2905,-420893.9375,   -910.7678,    557.0453,  26354.3008,
       1,     170,      23,       3,       1,       3,       1,     10.0000,      1.4105,     42.7559,    251.2888,     63.2399,      3.4953,      0.0000,     -0.0315,      0.8105,      0.1298,      5.6449,     11.2899,      1.1470,     28.9696,     57.9392,      0.0194,      0.0006,      0.0156,      0.2060,   7906.2905,-421040.4688,   -910.8694,    557.0352,  26354.3008,
       1,     170,      23,       4,       1,       3,       1,     10.0000,      1.4105,     42.7559,    251.2888,     63.2399,      3.4953,      0.0000,     -0.0316,      0.3876,      0.1319,      5.6449,     11.2899,      1.1658,     28.9696,     57.9392,      0.0194,      0.0003,      0.0156,      0.2060,   7906.2905,-421013.9688,   -910.9344,    557.0370,  26354.3008,
       1,     170,      23,       5,       1,       3,       1,     10.0000,      1.4105,     42.7559,    251.2888,     63.2399,      3.4953,      0.0000,     -0.0317,      0.4455,      0.1360,      5.6449,     11.2899,      1.2018,     28.9696,     57.9392,      0.0194,      0.0003,      0.0156,      0.2060,   7906.2905,-420490.3438,   -910.8522,    557.0735,  26354.2988,
       1,     170,      23,       6,       1,       3,       1,     10.0000,      1.4105,     42.7559,    251.2888,     63.2399,      3.4953,      0.0000,     -0.0319,      0.3540,      0.1402,      5.6449,     11.2899,      1.2389,     28.9696,     57.9392,      0.0194,      0.0003,      0.0156,      0.2060,   7906.2900,-420516.9375,   -910.8755,    557.0717,  26354.3027,
       1,     170,      23,       7,       1,       3,       1,     10.0000,      1.4105,     42.7559,    251.2888,     63.2399,      3.4953,      0.0000,     -0.0319,      0.3650,      0.1405,      5.6449,     11.2899,      1.2414,     28.9696,     57.9392,      0.0194,      0.0003,      0.0156,      0.2060,   7906.2910,-420405.7812,   -910.8586,    557.0793,  26354.3008,
       1,     170,      23,       8,       1,       3,       1,     10.0000,      1.4105,     42.7559,    251.2888,     63.2399,      3.4953,      0.0005,     -0.0314,      0.3861,      0.1398,      5.6449,     11.2899,      1.2352,     28.9696,     57.9392,      0.0194,      0.0003,      0.0156,      0.2060,   7906.2905,-420410.3438,   -910.8657,    557.0790,  26354.3008,
       1,     170,      23,       9,       1,       3,       1,     10.0000,      1.4105,     42.7559,    251.2888,     63.2399,      3.4953,      0.0586,      0.0266,      1.4032,      0.1416,      5.6449,     11.2899,      1.2515,     28.9696,     57.9392,      0.0194,      0.0003,      0.0634,      0.2060,   7906.2905,-420436.6250,   -910.8802,    557.0772,  26354.2988,
       1,     170,      23,      10,       1,       3,       1,     10.0000,      1.4105,     42.7559,    251.2888,     63.2399,      3.4953,      0.1347,      0.1023,      4.5635,      0.1557,      5.6449,     11.2899,      1.3759,     28.9696,     57.9392,      0.0194,      0.0003,      0.1717,      0.2060,   7906.2900,-421693.0000,   -911.2393,    556.9897,  26354.3008,
       1,     170,      23,      11,       1,       3,       1,     10.0000,      1.4105,     42.7559,    251.2888,     63.2399,      3.4953,      0.1857,      0.1525,     12.5468,      0.1779,      5.6449,     11.2899,      1.5718,     28.9696,     57.9392,      0.0194,      0.0006,      0.2441,      0.2060,   7906.2905,-425696.6562,   -912.3495,    556.7109,  26354.3008,
       1,     170,      23,      12,       1,       3,       1,     10.0000,      1.4105,     42.7559,    251.2888,     63.2399,      3.4953,      0.1874,      0.1541,     15.8965,      0.1815,      5.6449,     11.2899,      1.6034,     28.9696,     57.9392,      0.0194,      0.0008,      0.2461,      0.2060,   7906.2905,-435883.0625,   -915.0714,    556.0022,  26354.3008,
       1,     170,      23,      13,       1,       3,       1,     10.0000,      1.4105,     42.7559,    251.2888,     63.2399,      3.4953,      0.1898,      0.1562,     18.1324,      0.1920,      5.6449,     11.2899,      1.6968,     28.9696,     57.9392,      0.0194,      0.0009,      0.2494,      0.2060,   7906.2905,-440888.6562,   -916.9092,    555.6548,  26354.3008,
       1,     170,      23,      14,       1,       3,       1,     10.0000,      1.4105,     42.7559,    251.2888,     63.2399,      3.4953,      0.1903,      0.1566,     20.2473,      0.1949,      5.6449,     11.2899,      1.7222,     28.9696,     57.9392,      0.0194,      0.0010,      0.2500,      0.2060,   7906.2905,-444074.8125,   -918.4725,    555.4335,  26354.3008,
       1,     170,      23,      15,       1,       3,       1,     10.0000,      1.4105,     42.7559,    251.2888,     63.2399,      3.4953,      0.1901,      0.1565,     33.0086,      0.1884,      5.6449,     11.2899,      1.6651,     28.9696,     57.9392,      0.0194,      0.0016,      0.2481,      0.2060,   7906.2905,-446956.1562,   -919.9857,    555.2335,  26354.3027,
       1,     170,      23,      16,       1,       3,       1,     10.0000,      1.4105,     42.7559,    251.2888,     63.2399,      3.4953,      0.1939,      0.1601,     65.5024,      0.1982,      5.6449,     11.2899,      1.7514,     28.9696,     57.9392,      0.0194,      0.0032,      0.2500,      0.2060,   7906.2910,-462941.0312,   -923.8728,    554.1241,  26354.2988,
       1,     170,      23,      17,       1,       3,       1,     10.0000,      1.4105,     42.7559,    251.2888,     63.2399,      3.4953,      0.1885,      0.1548,     72.8171,      0.1939,      5.6449,     11.2899,      1.7137,     28.9696,     57.9392,      0.0194,      0.0037,      0.2413,      0.2059,   7906.2900,-504397.5625,   -932.7748,    551.2538,  26354.2988,
       1,     170,      23,      18,       1,       3,       1,     10.0000,      1.4105,     42.7559,    251.2888,     63.2399,      3.4953,      0.1549,      0.1215,     64.4000,      0.1842,      5.6449,     11.2899,      1.6275,     28.9696,     57.9392,      0.0194,      0.0040,      0.1937,      0.2059,   7906.2900,-516995.4375,   -936.3514,    550.3932,  26354.3008,
       1,     170,      23,      19,       1,       3,       1,     10.0000,      1.4105,     42.7559,    251.2888,     63.2399,      3.4953,      0.0636,      0.0307,     22.1147,      0.1694,      5.6449,     11.2899,      1.4968,     28.9696,     57.9392,      0.0194,      0.0040,      0.0675,      0.2059,   7906.2905,-507673.2500,   -935.6321,    551.0351,  26354.3027,
       1,     170,      23,      20,       1,       3,       1,     10.0000,      1.4105,     42.7559,    251.2888,     63.2399,      3.4953,      0.0171,     -0.0155,      0.9949,      0.1595,      5.6449,     11.2899,      1.4095,     28.9696,     57.9392,      0.0194,      0.0035,      0.0035,      0.2059,   7906.2910,-454678.9062,   -926.4575,    554.6858,  26354.3008,
       1,     170,      23,      21,       1,       3,       1,     10.0000,      1.4105,     42.7559,    251.2888,     63.2399,      3.4953,      0.0000,     -0.0324,      4.8571,      0.1543,      5.6449,     11.2899,      1.3635,     28.9696,     57.9392,      0.0194,      0.0038,      0.0156,      0.2060,   7906.2905,-424133.1875,   -921.1366,    556.8157,  26354.3027,
       1,     170,      23,      22,       1,       3,       1,     10.0000,      1.4105,     42.7559,    251.2888,     63.2399,      3.4953,      0.0000,     -0.0323,      4.6171,      0.1503,      5.6449,     11.2899,      1.3283,     28.9696,     57.9392,      0.0194,      0.0036,      0.0156,      0.2060,   7906.2910,-426273.0000,   -921.8157,    556.6709,  26354.3008,
       1,     170,      23,      23,       1,       3,       1,     10.0000,      1.4105,     42.7559,    251.2888,     63.2399,      3.4953,      0.0000,     -0.0322,      4.1357,      0.1493,      5.6449,     11.2899,      1.3190,     28.9696,     57.9392,      0.0194,      0.0032,      0.0156,      0.2060,   7906.2905,-426156.0312,   -922.0538,    556.6791,  26354.3008,
       1,     170,      23,      24,       1,       3,       1,     10.0000,      1.4105,     42.7559,    251.2888,     63.2399,      3.4953,      0.0000,     -0.0321,      3.1726,      0.1461,      5.6449,     11.2899,      1.2913,     28.9696,     57.9392,      0.0194,      0.0025,      0.0156,      0.2060,   7906.2905,-425552.4688,   -922.1547,    556.7211,  26354.2988,
       1,     170,      24,       1,       1,       3,       1,     10.0000,      1.4106,     42.7563,    251.2946,     63.2414,      3.4953,      0.0000,     -0.0321,      2.5565,      0.1450,      5.6434,     11.2868,      1.2810,     28.9729,     57.9459,      0.0194,      0.0020,      0.0156,      0.2060,   7906.2900,-424467.2812,   -922.3704,    556.8097,  26355.4707,
       1,     170,      24,       2,       1,       3,       1,     10.0000,      1.4106,     42.7563,    251.2946,     63.2414,      3.4953,      0.0000,     -0.0320,      1.9393,      0.1434,      5.6434,     11.2868,      1.2668,     28.9729,     57.9459,      0.0194,      0.0015,      0.0156,      0.2060,   7906.6416,-423462.9062,   -922.0381,    556.8795,  26355.4707,
       1,     170,      24,       3,       1,       3,       1,     10.0000,      1.4106,     42.7563,    251.2946,     63.2414,      3.4953,      0.0000,     -0.0320,      1.6035,      0.1424,      5.6434,     11.2868,      1.2579,     28.9729,     57.9459,      0.0194,      0.0012,      0.0156,      0.2060,   7906.6416,-422616.0938,   -921.9659,    556.9385,  26355.4688,
       1,     170,      24,       4,       1,       3,       1,     10.0000,      1.4106,     42.7563,    251.2946,     63.2414,      3.4953,      0.0000,     -0.0319,      1.2773,      0.1401,      5.6434,     11.2868,      1.2377,     28.9729,     57.9459,      0.0194,      0.0010,      0.0156,      0.2060,   7906.6411,-422129.8125,   -921.9438,    556.9724,  26355.4707,
       1,     170,      24,       5,       1,       3,       1,     10.0000,      1.4106,     42.7563,    251.2946,     63.2414,      3.4953,      0.0000,     -0.0317,      0.9492,      0.1359,      5.6434,     11.2868,      1.2006,     28.9729,     57.9459,      0.0194,      0.0007,      0.0156,      0.2060,   7906.6416,-421685.6875,   -921.9096,    557.0033,  26355.4707,
       1,     170,      24,       6,       1,       3,       1,     10.0000,      1.4106,     42.7563,    251.2946,     63.2414,      3.4953,      0.0000,     -0.0318,      0.8535,      0.1374,      5.6434,     11.2868,      1.2141,     28.9729,     57.9459,      0.0194,      0.0007,      0.0156,      0.2060,   7906.6416,-421242.9375,   -921.8618,    557.0341,  26355.4707,
       1,     170,      24,       7,       1,       3,       1,     10.0000,      1.4106,     42.7563,    251.2946,     63.2414,      3.4953,      0.0000,     -0.0320,      0.8756,      0.1439,      5.6434,     11.2868,      1.2719,     28.9729,     57.9459,      0.0194,      0.0007,      0.0156,      0.2060,   7906.6416,-421087.0312,   -921.8613,    557.0450,  26355.4707,
       1,     170,      24,       8,       1,       3,       1,     10.0000,      1.4106,     42.7563,    251.2946,     63.2414,      3.4953,      0.0005,     -0.0315,      0.8154,      0.1428,      5.6434,     11.2868,      1.2617,     28.9729,     57.9459,      0.0194,      0.0006,      0.0156,      0.2060,   7906.6416,-421100.9688,   -921.8942,    557.0441,  26355.4707,
       1,     170,      24,       9,       1,       3,       1,     10.0000,      1.4106,     42.7563,    251.2946,     63.2414,      3.4953,      0.0470,      0.0150,      1.9244,      0.1422,      5.6434,     11.2868,      1.2566,     28.9729,     57.9459,      0.0194,      0.0005,      0.0468,      0.2060,   7906.6416,-421027.8438,   -921.9079,    557.0491,  26355.4727,
       1,     170,      24,      10,       1,       3,       1,     10.0000,      1.4106,     42.7563,    251.2946,     63.2414,      3.4953,      0.1492,      0.1169,      5.8735,      0.1520,      5.6434,     11.2868,      1.3431,     28.9729,     57.9459,      0.0194,      0.0004,      0.1924,      0.2060,   7906.6421,-422388.5000,   -922.2090,    556.9543,  26355.4688,
       1,     170,      24,      11,       1,       3,       1,     10.0000,      1.4106,     42.7563,    251.2946,     63.2414,      3.4953,      0.1897,      0.1567,     15.6242,      0.1713,      5.6434,     11.2868,      1.5134,     28.9729,     57.9459,      0.0194,      0.0008,      0.2494,      0.2060,   7906.6411,-427373.9375,   -923.2866,    556.6073,  26355.4707,
       1,     170,      24,      12,       1,       3,       1,     10.0000,      1.4106,     42.7563,    251.2946,     63.2414,      3.4953,      0.1910,      0.1575,     28.3644,      0.1875,      5.6434,     11.2868,      1.6569,     28.9729,     57.9459,      0.0194,      0.0014,      0.2500,      0.2060,   7906.6416,-439822.0312,   -925.9638,    555.7413,  26355.4688,
       1,     170,      24,      13,       1,       3,       1,     10.0000,      1.4106,     42.7563,    251.2946,     63.2414,      3.4953,      0.1910,      0.1571,     29.1649,      0.2012,      5.6434,     11.2868,      1.7776,     28.9729,     57.9459,      0.0194,      0.0014,      0.2500,      0.2060,   7906.6411,-456600.5000,   -929.5698,    554.5764,  26355.4707,
       1,     170,      24,      14,       1,       3,       1,     10.0000,      1.4106,     42.7563,    251.2946,     63.2414,      3.4953,      0.1908,      0.1569,     26.5418,      0.2004,      5.6434,     11.2868,      1.7706,     28.9729,     57.9459,      0.0194,      0.0013,      0.2500,      0.2060,   7906.6416,-459028.0312,   -930.5364,    554.4093,  26355.4727,
       1,     170,      24,      15,       1,       3,       1,     10.0000,      1.4106,     42.7563,    251.2946,     63.2414,      3.4953,      0.1918,      0.1576,     40.0108,      0.2099,      5.6434,     11.2868,      1.8546,     28.9729,     57.9459,      0.0194,      0.0019,      0.2500,      0.2060,   7906.6421,-455999.2188,   -930.3681,    554.6193,  26355.4707,
       1,     170,      24,      16,       1,       3,       1,     10.0000,      1.4106,     42.7563,    251.2946,     63.2414,      3.4953,      0.1934,      0.1593,     59.4727,      0.2072,      5.6434,     11.2868,      1.8310,     28.9729,     57.9459,      0.0194,      0.0029,      0.2500,      0.2060,   7906.6416,-472351.2812,   -933.9003,    553.4857,  26355.4707,
       1,     170,      24,      17,       1,       3,       1,     10.0000,      1.4106,     42.7563,    251.2946,     63.2414,      3.4953,      0.1920,      0.1580,     81.8043,      0.2040,      5.6434,     11.2868,      1.8023,     28.9729,     57.9459,      0.0194,      0.0040,      0.2455,      0.2060,   7906.6416,-497762.8438,   -938.6744,    551.7286,  26355.4707,
       1,     170,      24,      18,       1,       3,       1,     10.0000,      1.4106,     42.7563,    251.2946,     63.2414,      3.4953,      0.1790,      0.1453,     85.8801,      0.1939,      5.6434,     11.2868,      1.7137,     28.9729,     57.9459,      0.0194,      0.0046,      0.2261,      0.2059,   7906.6416,-527503.0625,   -944.9856,    549.6804,  26355.4707,
       1,     170,      24,      19,       1,       3,       1,     10.0000,      1.4106,     42.7563,    251.2946,     63.2414,      3.4953,      0.1066,      0.0735,     48.4371,      0.1749,      5.6434,     11.2868,      1.5454,     28.9729,     57.9459,      0.0194,      0.0047,      0.1262,      0.2059,   7906.6416,-535086.0625,   -947.1127,    549.1631,  26355.4707,
       1,     170,      24,      20,       1,       3,       1,     10.0000,      1.4106,     42.7563,    251.2946,     63.2414,      3.4953,      0.0133,     -0.0193,      6.3675,      0.1603,      5.6434,     11.2868,      1.4166,     28.9729,     57.9459,      0.0194,      0.0050,      0.0156,      0.2059,   7906.6416,-489494.8125,   -938.9274,    552.2931,  26355.4707,
       1,     170,      24,      21,       1,       3,       1,     10.0000,      1.4106,     42.7563,    251.2946,     63.2414,      3.4953,      0.0000,     -0.0322,      6.0595,      0.1479,      5.6434,     11.2868,      1.3071,     28.9729,     57.9459,      0.0194,      0.0047,      0.0156,      0.2059,   7906.6416,-433716.2188,   -928.5181,    556.1527,  26355.4688,
       1,     170,      24,      22,       1,       3,       1,     10.0000,      1.4106,     42.7563,    251.2946,     63.2414,      3.4953,      0.0000,     -0.0319,      6.0403,      0.1416,      5.6434,     11.2868,      1.2515,     28.9729,     57.9459,      0.0194,      0.0047,      0.0156,      0.2060,   7906.6411,-428591.6562,   -927.6397,    556.5226,  26355.4668,
       1,     170,      24,      23,       1,       3,       1,     10.0000,      1.4106,     42.7563,    251.2946,     63.2414,      3.4953,      0.0000,     -0.0317,      5.4708,      0.1344,      5.6434,     11.2868,      1.1873,     28.9729,     57.9459,      0.0194,      0.0043,      0.0156,      0.2060,   7906.6401,-428112.2500,   -927.6285,    556.5560,  26355.4688,
       1,     170,      24,      24,       1,       3,       1,     10.0000,      1.4106,     42.7563,    251.2946,     63.2414,      3.4953,      0.0000,     -0.0319,      4.9833,      0.1402,      5.6434,     11.2868,      1.2389,     28.9729,     57.9459,      0.0194,      0.0039,      0.0156,      0.2060,   7906.6411,-427368.6562,   -927.5490,    556.6077,  26355.4688,
       1,     170,      25,       1,       1,       3,       1,     10.0000,      1.4106,     42.7566,    251.3005,     63.2429,      3.4953,      0.0000,     -0.0320,      4.4867,      0.1437,      5.6438,     11.2876,      1.2694,     28.9783,     57.9566,      0.0194,      0.0035,      0.0156,      0.2060,   7906.6411,-426857.1250,   -927.7788,    556.6562,  26356.6367,
       1,     170,      25,       2,       1,       3,       1,     10.0000,      1.4106,     42.7566,    251.3005,     63.2429,      3.4953,      0.0000,     -0.0321,      3.6801,      0.1448,      5.6438,     11.2876,      1.2797,     28.9783,     57.9566,      0.0194,      0.0029,      0.0156,      0.2060,   7906.9912,-426049.9375,   -927.3930,    556.7125,  26356.6367,
       1,     170,      25,       3,       1,       3,       1,     10.0000,      1.4106,     42.7566,    251.3005,     63.2429,      3.4953,      0.0000,     -0.0321,      3.2348,      0.1457,      5.6438,     11.2876,      1.2875,     28.9783,     57.9566,      0.0194,      0.0025,      0.0156,      0.2060,   7906.9912,-424986.4375,   -927.2196,    556.7864,  26356.6348,
       1,     170,      25,       4,       1,       3,       1,     10.0000,      1.4106,     42.7566,    251.3005,     63.2429,      3.4953,      0.0000,     -0.0321,      2.7171,      0.1448,      5.6438,     11.2876,      1.2797,     28.9783,     57.9566,      0.0194,      0.0021,      0.0156,      0.2060,   7906.9907,-424346.7812,   -927.1208,    556.8310,  26356.6387,
       1,     170,      25,       5,       1,       3,       1,     10.0000,      1.4106,     42.7566,    251.3005,     63.2429,      3.4953,      0.0000,     -0.0321,      3.1991,      0.1454,      5.6438,     11.2876,      1.2849,     28.9783,     57.9566,      0.0194,      0.0025,      0.0156,      0.2060,   7906.9917,-423653.1250,   -927.0047,    556.8793,  26356.6367,
       1,     170,      25,       6,       1,       3,       1,     10.0000,      1.4106,     42.7566,    251.3005,     63.2429,      3.4953,      0.0000,     -0.0320,      3.3211,      0.1424,      5.6438,     11.2876,      1.2579,     28.9783,     57.9566,      0.0194,      0.0026,      0.0156,      0.2060,   7906.9912,-424187.9375,   -927.1251,    556.8420,  26356.6387,
       1,     170,      25,       7,       1,       3,       1,     10.0000,      1.4106,     42.7566,    251.3005,     63.2429,      3.4953,      0.0000,     -0.0319,      3.0655,      0.1415,      5.6438,     11.2876,      1.2503,     28.9783,     57.9566,      0.0194,      0.0024,      0.0156,      0.2060,   7906.9917,-424384.0938,   -927.1786,    556.8284,  26356.6367,
       1,     170,      25,       8,       1,       3,       1,     10.0000,      1.4106,     42.7566,    251.3005,     63.2429,      3.4953,      0.0007,     -0.0313,      2.6868,      0.1432,      5.6438,     11.2876,      1.2656,     28.9783,     57.9566,      0.0194,      0.0021,      0.0156,      0.2060,   7906.9912,-424085.8750,   -927.1359,    556.8491,  26356.6387,
       1,     170,      25,       9,       1,       3,       1,     10.0000,      1.4106,     42.7566,    251.3005,     63.2429,      3.4953,      0.0779,      0.0458,     13.5213,      0.1461,      5.6438,     11.2876,      1.2914,     28.9783,     57.9566,      0.0194,      0.0018,      0.0896,      0.2060,   7906.9917,-423593.5000,   -927.0521,    556.8834,  26356.6367,
       1,     170,      25,      10,       1,       3,       1,     10.0000,      1.4106,     42.7566,    251.3005,     63.2429,      3.4953,      0.1678,      0.1352,     34.1203,      0.1590,      5.6438,     11.2876,      1.4053,     28.9783,     57.9566,      0.0194,      0.0019,      0.2157,      0.2060,   7906.9912,-436905.5938,   -929.6550,    555.9568,  26356.6367,
       1,     170,      25,      11,       1,       3,       1,     10.0000,      1.4106,     42.7566,    251.3005,     63.2429,      3.4953,      0.1918,      0.1588,     37.0349,      0.1721,      5.6438,     11.2876,      1.5210,     28.9783,     57.9566,      0.0194,      0.0018,      0.2500,      0.2060,   7906.9912,-463444.0000,   -934.8821,    554.1132,  26356.6367,
       1,     170,      25,      12,       1,       3,       1,     10.0000,      1.4106,     42.7566,    251.3005,     63.2429,      3.4953,      0.1924,      0.1590,     45.2633,      0.1849,      5.6438,     11.2876,      1.6340,     28.9783,     57.9566,      0.0194,      0.0022,      0.2500,      0.2060,   7906.9912,-469320.7812,   -936.1771,    553.7093,  26356.6367,
       1,     170,      25,      13,       1,       3,       1,     10.0000,      1.4106,     42.7566,    251.3005,     63.2429,      3.4953,      0.1926,      0.1591,     48.7024,      0.1899,      5.6438,     11.2876,      1.6784,     28.9783,     57.9566,      0.0194,      0.0024,      0.2500,      0.2060,   7906.9912,-479969.3750,   -938.4122,    552.9724,  26356.6387,
       1,     170,      25,      14,       1,       3,       1,     10.0000,      1.4106,     42.7566,    251.3005,     63.2429,      3.4953,      0.1930,      0.1592,     53.2943,      0.1957,      5.6438,     11.2876,      1.7291,     28.9783,     57.9566,      0.0194,      0.0026,      0.2500,      0.2060,   7906.9917,-485124.2500,   -939.5957,    552.6166,  26356.6367,
       1,     170,      25,      15,       1,       3,       1,     10.0000,      1.4106,     42.7566,    251.3005,     63.2429,      3.4953,      0.1942,      0.1603,     68.8395,      0.1980,      5.6438,     11.2876,      1.7497,     28.9783,     57.9566,      0.0194,      0.0033,      0.2500,      0.2060,   7906.9912,-491230.0000,   -940.9629,    552.1949,  26356.6367,
       1,     170,      25,      16,       1,       3,       1,     10.0000,      1.4106,     42.7566,    251.3005,     63.2429,      3.4953,      0.1957,      0.1619,     88.3888,      0.1961,      5.6438,     11.2876,      1.7325,     28.9783,     57.9566,      0.0194,      0.0043,      0.2500,      0.2060,   7906.9912,-510932.3750,   -945.0034,    550.8351,  26356.6367,
       1,     170,      25,      17,       1,       3,       1,     10.0000,      1.4106,     42.7566,    251.3005,     63.2429,      3.4953,      0.1965,      0.1629,    101.8972,      0.1915,      5.6438,     11.2876,      1.6918,     28.9783,     57.9566,      0.0194,      0.0050,      0.2495,      0.2059,   7906.9912,-536749.5625,   -950.3232,    549.0591,  26356.6367,
       1,     170,      25,      18,       1,       3,       1,     10.0000,      1.4106,     42.7566,    251.3005,     63.2429,      3.4953,      0.1800,      0.1466,     96.8157,      0.1827,      5.6438,     11.2876,      1.6147,     28.9783,     57.9566,      0.0194,      0.0052,      0.2263,      0.2059,   7906.9912,-555641.6250,   -954.3917,    547.7654,  26356.6367,
       1,     170,      25,      19,       1,       3,       1,     10.0000,      1.4106,     42.7566,    251.3005,     63.2429,      3.4953,      0.1271,      0.0942,     61.8474,      0.1713,      5.6438,     11.2876,      1.5134,     28.9783,     57.9566,      0.0194,      0.0049,      0.1542,      0.2059,   7906.9912,-550980.8125,   -953.9047,    548.0861,  26356.6367,
       1,     170,      25,      20,       1,       3,       1,     10.0000,      1.4106,     42.7566,    251.3005,     63.2429,      3.4953,      0.0128,     -0.0198,      6.5390,      0.1595,      5.6438,     11.2876,      1.4096,     28.9783,     57.9566,      0.0194,      0.0051,      0.0156,      0.2059,   7906.9912,-507395.3125,   -945.7006,    551.0723,  26356.6387,
       1,     170,      25,      21,       1,       3,       1,     10.0000,      1.4106,     42.7566,    251.3005,     63.2429,      3.4953,      0.0000,     -0.0324,      6.4454,      0.1535,      5.6438,     11.2876,      1.3568,     28.9783,     57.9566,      0.0194,      0.0050,      0.0156,      0.2059,   7906.9917,-435440.7188,   -931.6568,    556.0369,  26356.6367,
       1,     170,      25,      22,       1,       3,       1,     10.0000,      1.4106,     42.7566,    251.3005,     63.2429,      3.4953,      0.0000,     -0.0323,      6.0313,      0.1502,      5.6438,     11.2876,      1.3270,     28.9783,     57.9566,      0.0194,      0.0047,      0.0156,      0.2060,   7906.9912,-429227.6875,   -930.3814,    556.4911,  26356.6367,
       1,     170,      25,      23,       1,       3,       1,     10.0000,      1.4106,     42.7566,    251.3005,     63.2429,      3.4953,      0.0000,     -0.0323,      5.6436,      0.1502,      5.6438,     11.2876,      1.3270,     28.9783,     57.9566,      0.0194,      0.0044,      0.0156,      0.2060,   7906.9912,-428157.4375,   -930.1093,    556.5658,  26356.6387,
       1,     170,      25,      24,       1,       3,       1,     10.0000,      1.4106,     42.7566,    251.3005,     63.2429,      3.4953,      0.0000,     -0.0322,      5.0523,      0.1493,      5.6438,     11.2876,      1.3190,     28.9783,     57.9566,      0.0194,      0.0039,      0.0156,      0.2060,   7906.9917,-427587.3750,   -929.9371,    556.6055,  26356.6367,
       1,     170,      26,       1,       1,       3,       1,     10.0000,      1.4106,     42.7569,    251.3064,     63.2443,      3.4953,      0.0000,     -0.0322,      4.2396,      0.1485,      5.6431,     11.2862,      1.3124,     28.9857,     57.9715,      0.0194,      0.0033,      0.0156,      0.2061,   7906.9912,-426963.3438,   -930.0458,    556.6618,  26357.8066,
       1,     170,      26,       2,       1,       3,       1,     10.0000,      1.4106,     42.7569,    251.3064,     63.2443,      3.4953,      0.0000,     -0.0322,      3.3609,      0.1475,      5.6431,     11.2862,      1.3032,     28.9857,     57.9715,      0.0194,      0.0026,      0.0156,      0.2061,   7907.3423,-425756.9688,   -929.4838,    556.7458,  26357.8066,
       1,     170,      26,       3,       1,       3,       1,     10.0000,      1.4106,     42.7569,    251.3064,     63.2443,      3.4953,      0.0000,     -0.0321,      3.0832,      0.1456,      5.6431,     11.2862,      1.2862,     28.9857,     57.9715,      0.0194,      0.0024,      0.0156,      0.2061,   7907.3423,-424570.5000,   -929.2153,    556.8283,  26357.8066,
       1,     170,      26,       4,       1,       3,       1,     10.0000,      1.4106,     42.7569,    251.3064,     63.2443,      3.4953,      0.0000,     -0.0321,      2.9106,      0.1454,      5.6431,     11.2862,      1.2849,     28.9857,     57.9715,      0.0194,      0.0023,      0.0156,      0.2061,   7907.3423,-424126.4688,   -929.0955,    556.8592,  26357.8066,
       1,     170,      26,       5,       1,       3,       1,     10.0000,      1.4106,     42.7569,    251.3064,     63.2443,      3.4953,      0.0000,     -0.0320,      2.9709,      0.1431,      5.6431,     11.2862,      1.2643,     28.9857,     57.9715,      0.0194,      0.0023,      0.0156,      0.2061,   7907.3423,-423875.7188,   -929.0157,    556.8766,  26357.8066,
       1,     170,      26,       6,       1,       3,       1,     10.0000,      1.4106,     42.7569,    251.3064,     63.2443,      3.4953,      0.0000,     -0.0319,      2.7070,      0.1405,      5.6431,     11.2862,      1.2415,     28.9857,     57.9715,      0.0194,      0.0021,      0.0156,      0.2061,   7907.3423,-423928.5312,   -928.9941,    556.8730,  26357.8086,
       1,     170,      26,       7,       1,       3,       1,     10.0000,      1.4106,     42.7569,    251.3064,     63.2443,      3.4953,      0.0000,     -0.0320,      2.6854,      0.1439,      5.6431,     11.2862,      1.2720,     28.9857,     57.9715,      0.0194,      0.0021,      0.0156,      0.2061,   7907.3428,-423607.5312,   -928.9020,    556.8954,  26357.8066,
       1,     170,      26,       8,       1,       3,       1,     10.0000,      1.4106,     42.7569,    251.3064,     63.2443,      3.4953,      0.0006,     -0.0315,      2.5731,      0.1453,      5.6431,     11.2862,      1.2836,     28.9857,     57.9715,      0.0194,      0.0020,      0.0156,      0.2061,   7907.3423,-423553.5625,   -928.8638,    556.8990,  26357.8066,
       1,     170,      26,       9,       1,       3,       1,     10.0000,      1.4106,     42.7569,    251.3064,     63.2443,      3.4953,      0.0656,      0.0335,     10.6433,      0.1456,      5.6431,     11.2862,      1.2862,     28.9857,     57.9715,      0.0194,      0.0018,      0.0722,      0.2061,   7907.3423,-423410.6562,   -928.8085,    556.9091,  26357.8047,
       1,     170,      26,      10,       1,       3,       1,     10.0000,      1.4106,     42.7569,    251.3064,     63.2443,      3.4953,      0.1640,      0.1313,     32.2881,      0.1626,      5.6431,     11.2862,      1.4367,     28.9857,     57.9715,      0.0194,      0.0019,      0.2105,      0.2061,   7907.3418,-433344.5000,   -930.7581,    556.2175,  26357.8047,
       1,     170,      26,      11,       1,       3,       1,     10.0000,      1.4106,     42.7569,    251.3064,     63.2443,      3.4953,      0.1902,      0.1570,     29.2648,      0.1768,      5.6431,     11.2862,      1.5625,     28.9857,     57.9715,      0.0194,      0.0014,      0.2486,      0.2060,   7907.3418,-460877.0312,   -936.2123,    554.3037,  26357.8066,
       1,     170,      26,      12,       1,       3,       1,     10.0000,      1.4106,     42.7569,    251.3064,     63.2443,      3.4953,      0.1896,      0.1560,     34.6171,      0.1901,      5.6431,     11.2862,      1.6801,     28.9857,     57.9715,      0.0194,      0.0017,      0.2472,      0.2060,   7907.3423,-459517.1875,   -935.9680,    554.4012,  26357.8086,
       1,     170,      26,      13,       1,       3,       1,     10.0000,      1.4106,     42.7569,    251.3064,     63.2443,      3.4953,      0.1872,      0.1534,     39.4040,      0.1941,      5.6431,     11.2862,      1.7155,     28.9857,     57.9715,      0.0194,      0.0020,      0.2432,      0.2060,   7907.3428,-465996.1875,   -937.2684,    553.9522,  26357.8066,
       1,     170,      26,      14,       1,       3,       1,     10.0000,      1.4106,     42.7569,    251.3064,     63.2443,      3.4953,      0.1920,      0.1577,     42.2334,      0.2139,      5.6431,     11.2862,      1.8897,     28.9857,     57.9715,      0.0194,      0.0020,      0.2500,      0.2060,   7907.3423,-472454.8125,   -938.5983,    553.5052,  26357.8086,
       1,     170,      26,      15,       1,       3,       1,     10.0000,      1.4106,     42.7569,    251.3064,     63.2443,      3.4953,      0.1939,      0.1595,     67.0509,      0.2166,      5.6431,     11.2862,      1.9141,     28.9857,     57.9715,      0.0194,      0.0033,      0.2500,      0.2060,   7907.3428,-476497.1875,   -939.3995,    553.2256,  26357.8066,
       1,     170,      26,      16,       1,       3,       1,     10.0000,      1.4106,     42.7569,    251.3064,     63.2443,      3.4953,      0.1954,      0.1613,     85.3639,      0.2080,      5.6431,     11.2862,      1.8383,     28.9857,     57.9715,      0.0194,      0.0041,      0.2500,      0.2060,   7907.3423,-507452.7188,   -945.5947,    551.0851,  26357.8066,
       1,     170,      26,      17,       1,       3,       1,     10.0000,      1.4106,     42.7569,    251.3064,     63.2443,      3.4953,      0.1957,      0.1619,    103.4484,      0.1953,      5.6431,     11.2862,      1.7257,     28.9857,     57.9715,      0.0194,      0.0051,      0.2483,      0.2060,   7907.3423,-532710.4375,   -950.7850,    549.3494,  26357.8086,
       1,     170,      26,      18,       1,       3,       1,     10.0000,      1.4106,     42.7569,    251.3064,     63.2443,      3.4953,      0.1792,      0.1459,    105.3243,      0.1813,      5.6431,     11.2862,      1.6019,     28.9857,     57.9715,      0.0194,      0.0057,      0.2241,      0.2059,   7907.3428,-557197.0625,   -955.9518,    547.6706,  26357.8066,
       1,     170,      26,      19,       1,       3,       1,     10.0000,      1.4106,     42.7569,    251.3064,     63.2443,      3.4953,      0.1108,      0.0779,     75.3666,      0.1674,      5.6431,     11.2862,      1.4790,     28.9857,     57.9715,      0.0194,      0.0071,      0.1292,      0.2059,   7907.3423,-561610.6875,   -957.2159,    547.3710,  26357.8066,
       1,     170,      26,      20,       1,       3,       1,     10.0000,      1.4106,     42.7569,    251.3064,     63.2443,      3.4953,      0.0135,     -0.0191,      8.7037,      0.1584,      5.6431,     11.2862,      1.3997,     28.9857,     57.9715,      0.0194,      0.0068,      0.0156,      0.2059,   7907.3423,-524984.7500,   -950.2321,    549.8771,  26357.8066,
       1,     170,      26,      21,       1,       3,       1,     10.0000,      1.4106,     42.7569,    251.3064,     63.2443,      3.4953,      0.0000,     -0.0324,      7.7314,      0.1537,      5.6431,     11.2862,      1.3582,     28.9857,     57.9715,      0.0194,      0.0060,      0.0156,      0.2060,   7907.3423,-439591.8438,   -933.2327,    555.7523,  26357.8066,
       1,     170,      26,      22,       1,       3,       1,     10.0000,      1.4106,     42.7569,    251.3064,     63.2443,      3.4953,      0.0000,     -0.0324,      6.3024,      0.1529,      5.6431,     11.2862,      1.3513,     28.9857,     57.9715,      0.0194,      0.0049,      0.0156,      0.2060,   7907.3423,-431181.7188,   -931.4690,    556.3680,  26357.8066,
       1,     170,      26,      23,       1,       3,       1,     10.0000,      1.4106,     42.7569,    251.3064,     63.2443,      3.4953,      0.0000,     -0.0323,      5.2527,      0.1506,      5.6431,     11.2862,      1.3311,     28.9857,     57.9715,      0.0194,      0.0041,      0.0156,      0.2061,   7907.3423,-428661.5625,   -930.8923,    556.5436,  26357.8086,
       1,     170,      26,      24,       1,       3,       1,     10.0000,      1.4106,     42.7569,    251.3064,     63.2443,      3.4953,      0.0000,     -0.0322,      4.2259,      0.1475,      5.6431,     11.2862,      1.3032,     28.9857,     57.9715,      0.0194,      0.0033,      0.0156,      0.2061,   7907.3428,-427151.0625,   -930.5298,    556.6487,  26357.8066,
       1,     170,      27,       1,       1,       3,       1,     10.0000,      1.4106,     42.7573,    251.3122,     63.2458,      3.4953,      0.0000,     -0.0320,      3.5078,      0.1424,      5.6438,     11.2875,      1.2580,     28.9921,     57.9842,      0.0194,      0.0027,      0.0156,      0.2061,   7907.3423,-425909.5625,   -930.5241,    556.7481,  26358.9727,
       1,     170,      27,       2,       1,       3,       1,     10.0000,      1.4106,     42.7573,    251.3122,     63.2458,      3.4953,      0.0000,     -0.0320,      2.9883,      0.1421,      5.6438,     11.2875,      1.2554,     28.9921,     57.9842,      0.0194,      0.0023,      0.0156,      0.2061,   7907.6919,-424767.2812,   -929.9732,    556.8276,  26358.9707,
       1,     170,      27,       3,       1,       3,       1,     10.0000,      1.4106,     42.7573,    251.3122,     63.2458,      3.4953,      0.0000,     -0.0320,      2.8389,      0.1435,      5.6438,     11.2875,      1.2682,     28.9921,     57.9842,      0.0194,      0.0022,      0.0156,      0.2061,   7907.6914,-424029.5312,   -929.7948,    556.8789,  26358.9727,
       1,     170,      27,       4,       1,       3,       1,     10.0000,      1.4106,     42.7573,    251.3122,     63.2458,      3.4953,      0.0000,     -0.0319,      2.7385,      0.1414,      5.6438,     11.2875,      1.2491,     28.9921,     57.9842,      0.0194,      0.0021,      0.0156,      0.2061,   7907.6919,-423781.7812,   -929.7141,    556.8962,  26358.9727,
       1,     170,      27,       5,       1,       3,       1,     10.0000,      1.4106,     42.7573,    251.3122,     63.2458,      3.4953,      0.0000,     -0.0319,      2.7406,      0.1395,      5.6438,     11.2875,      1.2328,     28.9921,     57.9842,      0.0194,      0.0021,      0.0156,      0.2061,   7907.6919,-423636.7500,   -929.6563,    556.9063,  26358.9727,
       1,     170,      27,       6,       1,       3,       1,     10.0000,      1.4106,     42.7573,    251.3122,     63.2458,      3.4953,      0.0000,     -0.0319,      2.3406,      0.1411,      5.6438,     11.2875,      1.2466,     28.9921,     57.9842,      0.0194,      0.0018,      0.0156,      0.2061,   7907.6919,-423626.7812,   -929.6255,    556.9070,  26358.9727,
       1,     170,      27,       7,       1,       3,       1,     10.0000,      1.4106,     42.7573,    251.3122,     63.2458,      3.4953,      0.0000,     -0.0318,      1.8265,      0.1370,      5.6438,     11.2875,      1.2105,     28.9921,     57.9842,      0.0194,      0.0014,      0.0156,      0.2061,   7907.6919,-423133.1562,   -929.5032,    556.9413,  26358.9727,
       1,     170,      27,       8,       1,       3,       1,     10.0000,      1.4106,     42.7573,    251.3122,     63.2458,      3.4953,      0.0008,     -0.0309,      1.7496,      0.1357,      5.6438,     11.2875,      1.1995,     28.9921,     57.9842,      0.0194,      0.0014,      0.0156,      0.2061,   7907.6919,-422457.3125,   -929.3508,    556.9883,  26358.9746,
       1,     170,      27,       9,       1,       3,       1,     10.0000,      1.4106,     42.7573,    251.3122,     63.2458,      3.4953,      0.0688,      0.0369,      7.7836,      0.1409,      5.6438,     11.2875,      1.2453,     28.9921,     57.9842,      0.0194,      0.0012,      0.0774,      0.2061,   7907.6929,-422304.4375,   -929.3033,    556.9990,  26358.9727,
       1,     170,      27,      10,       1,       3,       1,     10.0000,      1.4106,     42.7573,    251.3122,     63.2458,      3.4953,      0.1634,      0.1309,     18.6979,      0.1578,      5.6438,     11.2875,      1.3941,     28.9921,     57.9842,      0.0194,      0.0011,      0.2112,      0.2061,   7907.6919,-429726.7500,   -930.7827,    556.4822,  26358.9727,
       1,     170,      27,      11,       1,       3,       1,     10.0000,      1.4106,     42.7573,    251.3122,     63.2458,      3.4953,      0.1911,      0.1580,     30.2515,      0.1749,      5.6438,     11.2875,      1.5455,     28.9921,     57.9842,      0.0194,      0.0015,      0.2498,      0.2061,   7907.6919,-443814.7812,   -933.5992,    555.5026,  26358.9727,
       1,     170,      27,      12,       1,       3,       1,     10.0000,      1.4106,     42.7573,    251.3122,     63.2458,      3.4953,      0.1914,      0.1578,     33.6190,      0.1924,      5.6438,     11.2875,      1.7003,     28.9921,     57.9842,      0.0194,      0.0016,      0.2500,      0.2061,   7907.6919,-459266.0312,   -936.6880,    554.4304,  26358.9727,
       1,     170,      27,      13,       1,       3,       1,     10.0000,      1.4106,     42.7573,    251.3122,     63.2458,      3.4953,      0.1916,      0.1577,     37.0007,      0.2012,      5.6438,     11.2875,      1.7777,     28.9921,     57.9842,      0.0194,      0.0018,      0.2500,      0.2061,   7907.6919,-464743.5312,   -937.7869,    554.0519,  26358.9727,
       1,     170,      27,      14,       1,       3,       1,     10.0000,      1.4106,     42.7573,    251.3122,     63.2458,      3.4953,      0.1814,      0.1475,     40.8054,      0.1982,      5.6438,     11.2875,      1.7515,     28.9921,     57.9842,      0.0194,      0.0021,      0.2347,      0.2060,   7907.6919,-469381.2188,   -938.7226,    553.7309,  26358.9727,
       1,     170,      27,      15,       1,       3,       1,     10.0000,      1.4106,     42.7573,    251.3122,     63.2458,      3.4953,      0.1938,      0.1599,     64.7157,      0.2014,      5.6438,     11.2875,      1.7795,     28.9921,     57.9842,      0.0194,      0.0031,      0.2500,      0.2060,   7907.6919,-474469.7812,   -939.8072,    553.3788,  26358.9727,
       1,     170,      27,      16,       1,       3,       1,     10.0000,      1.4106,     42.7573,    251.3122,     63.2458,      3.4953,      0.1950,      0.1610,     91.0737,      0.2018,      5.6438,     11.2875,      1.7830,     28.9921,     57.9842,      0.0194,      0.0044,      0.2487,      0.2060,   7907.6919,-504391.4375,   -945.9124,    551.3091,  26358.9746,
       1,     170,      27,      17,       1,       3,       1,     10.0000,      1.4106,     42.7573,    251.3122,     63.2458,      3.4953,      0.1886,      0.1549,    112.0603,      0.1934,      5.6438,     11.2875,      1.7087,     28.9921,     57.9842,      0.0194,      0.0057,      0.2370,      0.2060,   7907.6929,-539481.6875,   -953.1926,    548.8948,  26358.9727,
       1,     170,      27,      18,       1,       3,       1,     10.0000,      1.4106,     42.7573,    251.3122,     63.2458,      3.4953,      0.1778,      0.1444,    116.5971,      0.1827,      5.6438,     11.2875,      1.6147,     28.9921,     57.9842,      0.0194,      0.0064,      0.2209,      0.2060,   7907.6919,-568399.5000,   -959.3744,    546.9160,  26358.9727,
       1,     170,      27,      19,       1,       3,       1,     10.0000,      1.4106,     42.7573,    251.3122,     63.2458,      3.4953,      0.1374,      0.1044,     80.5202,      0.1714,      5.6438,     11.2875,      1.5150,     28.9921,     57.9842,      0.0194,      0.0059,      0.1669,      0.2059,   7907.6919,-576478.0000,   -961.4534,    546.3672,  26358.9746,
       1,     170,      27,      20,       1,       3,       1,     10.0000,      1.4106,     42.7573,    251.3122,     63.2458,      3.4953,      0.0121,     -0.0205,      7.2508,      0.1600,      5.6438,     11.2875,      1.4139,     28.9921,     57.9842,      0.0194,      0.0056,      0.0156,      0.2059,   7907.6929,-532600.6250,   -952.9844,    549.3641,  26358.9707,
       1,     170,      27,      21,       1,       3,       1,     10.0000,      1.4106,     42.7573,    251.3122,     63.2458,      3.4953,      0.0000,     -0.0323,      7.2439,      0.1523,      5.6438,     11.2875,      1.3459,     28.9921,     57.9842,      0.0194,      0.0056,      0.0156,      0.2060,   7907.6914,-438442.3750,   -934.0339,    555.8383,  26358.9707,
       1,     170,      27,      22,       1,       3,       1,     10.0000,      1.4106,     42.7573,    251.3122,     63.2458,      3.4953,      0.0000,     -0.0322,      6.9832,      0.1490,      5.6438,     11.2875,      1.3164,     28.9921,     57.9842,      0.0194,      0.0054,      0.0156,      0.2061,   7907.6914,-430493.0938,   -932.3624,    556.4289,  26358.9707,
       1,     170,      27,      23,       1,       3,       1,     10.0000,      1.4106,     42.7573,    251.3122,     63.2458,      3.4953,      0.0000,     -0.0321,      6.5711,      0.1463,      5.6438,     11.2875,      1.2928,     28.9921,     57.9842,      0.0194,      0.0051,      0.0156,      0.2061,   7907.6914,-429444.0312,   -932.0839,    556.5022,  26358.9707,
       1,     170,      27,      24,       1,       3,       1,     10.0000,      1.4106,     42.7573,    251.3122,     63.2458,      3.4953,      0.0000,     -0.0321,      5.9665,      0.1447,      5.6438,     11.2875,      1.2785,     28.9921,     57.9842,      0.0194,      0.0046,      0.0156,      0.2061,   7907.6914,-428845.8125,   -931.9023,    556.5438,  26358.9707,
       1,     170,      28,       1,       1,       3,       1,     10.0000,      1.4107,     42.7576,    251.3181,     63.2473,      3.4953,      0.0000,     -0.0320,      5.1596,      0.1427,      5.6436,     11.2872,      1.2605,     28.9988,     57.9977,      0.0194,      0.0040,      0.0156,      0.2061,   7907.6914,-428202.7500,   -932.0113,    556.6014,  26360.1445,
       1,     170,      28,       2,       1,       3,       1,     10.0000,      1.4107,     42.7576,    251.3181,     63.2473,      3.4953,      0.0000,     -0.0319,      4.6913,      0.1412,      5.6436,     11.2872,      1.2479,     28.9988,     57.9977,      0.0194,      0.0036,      0.0156,      0.2061,   7908.0435,-427001.9375,   -931.4319,    556.6849,  26360.1445,
       1,     170,      28,       3,       1,       3,       1,     10.0000,      1.4107,     42.7576,    251.3181,     63.2473,      3.4953,      0.0000,     -0.0320,      4.3185,      0.1421,      5.6436,     11.2872,      1.2555,     28.9988,     57.9977,      0.0194,      0.0034,      0.0156,      0.2061,   7908.0435,-426321.9688,   -931.2538,    556.7323,  26360.1426,
       1,     170,      28,       4,       1,       3,       1,     10.0000,      1.4107,     42.7576,    251.3181,     63.2473,      3.4953,      0.0000,     -0.0319,      3.8998,      0.1409,      5.6436,     11.2872,      1.2453,     28.9988,     57.9977,      0.0194,      0.0030,      0.0156,      0.2061,   7908.0430,-425804.4688,   -931.1124,    556.7683,  26360.1445,
       1,     170,      28,       5,       1,       3,       1,     10.0000,      1.4107,     42.7576,    251.3181,     63.2473,      3.4953,      0.0000,     -0.0319,      3.5719,      0.1399,      5.6436,     11.2872,      1.2365,     28.9988,     57.9977,      0.0194,      0.0028,      0.0156,      0.2061,   7908.0435,-425244.0312,   -930.9663,    556.8073,  26360.1445,
       1,     170,      28,       6,       1,       3,       1,     10.0000,      1.4107,     42.7576,    251.3181,     63.2473,      3.4953,      0.0000,     -0.0317,      3.1083,      0.1348,      5.6436,     11.2872,      1.1910,     28.9988,     57.9977,      0.0194,      0.0024,      0.0156,      0.2061,   7908.0435,-424791.9688,   -931.3710,    556.8387,  26360.1426,
       1,     170,      28,       7,       1,       3,       1,     10.0000,      1.4107,     42.7576,    251.3181,     63.2473,      3.4953,      0.0000,     -0.0317,      2.7638,      0.1355,      5.6436,     11.2872,      1.1971,     28.9988,     57.9977,      0.0194,      0.0021,      0.0156,      0.2061,   7908.0430,-424182.2188,   -931.2203,    556.8812,  26360.1445,
       1,     170,      28,       8,       1,       3,       1,     10.0000,      1.4107,     42.7576,    251.3181,     63.2473,      3.4953,      0.0007,     -0.0311,      2.8998,      0.1366,      5.6436,     11.2872,      1.2068,     28.9988,     57.9977,      0.0194,      0.0023,      0.0156,      0.2061,   7908.0435,-423705.0625,   -931.0999,    556.9144,  26360.1445,
       1,     170,      28,       9,       1,       3,       1,     10.0000,      1.4107,     42.7576,    251.3181,     63.2473,      3.4953,      0.0331,      0.0013,      4.6530,      0.1377,      5.6436,     11.2872,      1.2167,     28.9988,     57.9977,      0.0194,      0.0021,      0.0268,      0.2061,   7908.0435,-423831.8750,   -931.1003,    556.9056,  26360.1445,
       1,     170,      28,      10,       1,       3,       1,     10.0000,      1.4107,     42.7576,    251.3181,     63.2473,      3.4953,      0.1652,      0.1327,     36.1597,      0.1568,      5.6436,     11.2872,      1.3858,     28.9988,     57.9977,      0.0194,      0.0021,      0.2118,      0.2061,   7908.0435,-426002.8438,   -931.5184,    556.7545,  26360.1465,
       1,     170,      28,      11,       1,       3,       1,     10.0000,      1.4107,     42.7576,    251.3181,     63.2473,      3.4953,      0.1914,      0.1583,     32.0825,      0.1751,      5.6436,     11.2872,      1.5471,     28.9988,     57.9977,      0.0194,      0.0016,      0.2500,      0.2061,   7908.0444,-465010.2188,   -939.4626,    554.0398,  26360.1445,
       1,     170,      28,      12,       1,       3,       1,     10.0000,      1.4107,     42.7576,    251.3181,     63.2473,      3.4953,      0.1916,      0.1581,     35.0770,      0.1862,      5.6436,     11.2872,      1.6456,     28.9988,     57.9977,      0.0194,      0.0017,      0.2500,      0.2061,   7908.0435,-463346.0312,   -939.1716,    554.1617,  26360.1445,
       1,     170,      28,      13,       1,       3,       1,     10.0000,      1.4107,     42.7576,    251.3181,     63.2473,      3.4953,      0.1916,      0.1578,     35.4046,      0.1963,      5.6436,     11.2872,      1.7343,     28.9988,     57.9977,      0.0194,      0.0017,      0.2500,      0.2061,   7908.0435,-466887.2188,   -939.9192,    553.9164,  26360.1426,
       1,     170,      28,      14,       1,       3,       1,     10.0000,      1.4107,     42.7576,    251.3181,     63.2473,      3.4953,      0.1918,      0.1579,     39.3965,      0.2016,      5.6436,     11.2872,      1.7813,     28.9988,     57.9977,      0.0194,      0.0019,      0.2500,      0.2061,   7908.0430,-467594.4688,   -940.0822,    553.8675,  26360.1465,
       1,     170,      28,      15,       1,       3,       1,     10.0000,      1.4107,     42.7576,    251.3181,     63.2473,      3.4953,      0.1932,      0.1593,     55.8949,      0.1972,      5.6436,     11.2872,      1.7429,     28.9988,     57.9977,      0.0194,      0.0027,      0.2500,      0.2061,   7908.0444,-472576.1562,   -941.1182,    553.5225,  26360.1445,
       1,     170,      28,      16,       1,       3,       1,     10.0000,      1.4107,     42.7576,    251.3181,     63.2473,      3.4953,      0.1950,      0.1612,     79.1736,      0.1953,      5.6436,     11.2872,      1.7258,     28.9988,     57.9977,      0.0194,      0.0038,      0.2500,      0.2061,   7908.0435,-493345.8750,   -945.4236,    552.0856,  26360.1445,
       1,     170,      28,      17,       1,       3,       1,     10.0000,      1.4107,     42.7576,    251.3181,     63.2473,      3.4953,      0.1960,      0.1625,     95.2123,      0.1883,      5.6436,     11.2872,      1.6636,     28.9988,     57.9977,      0.0194,      0.0046,      0.2495,      0.2060,   7908.0435,-523839.9375,   -951.8094,    549.9831,  26360.1445,
       1,     170,      28,      18,       1,       3,       1,     10.0000,      1.4107,     42.7576,    251.3181,     63.2473,      3.4953,      0.1727,      0.1395,     89.0045,      0.1797,      5.6436,     11.2872,      1.5877,     28.9988,     57.9977,      0.0194,      0.0050,      0.2166,      0.2060,   7908.0435,-546248.0000,   -956.6761,    548.4465,  26360.1406,
       1,     170,      28,      19,       1,       3,       1,     10.0000,      1.4107,     42.7576,    251.3181,     63.2473,      3.4953,      0.1270,      0.0941,     66.2419,      0.1676,      5.6436,     11.2872,      1.4806,     28.9988,     57.9977,      0.0194,      0.0052,      0.1535,      0.2060,   7908.0425,-540501.1875,   -955.8622,    548.8427,  26360.1426,
       1,     170,      28,      20,       1,       3,       1,     10.0000,      1.4107,     42.7576,    251.3181,     63.2473,      3.4953,      0.0124,     -0.0200,      6.2496,      0.1534,      5.6436,     11.2872,      1.3555,     28.9988,     57.9977,      0.0194,      0.0049,      0.0156,      0.2060,   7908.0430,-511910.9688,   -950.3201,    550.8043,  26360.1426,
       1,     170,      28,      21,       1,       3,       1,     10.0000,      1.4107,     42.7576,    251.3181,     63.2473,      3.4953,      0.0000,     -0.0322,      6.2947,      0.1472,      5.6436,     11.2872,      1.3006,     28.9988,     57.9977,      0.0194,      0.0049,      0.0156,      0.2060,   7908.0430,-435463.5625,   -934.7687,    556.0712,  26360.1426,
       1,     170,      28,      22,       1,       3,       1,     10.0000,      1.4107,     42.7576,    251.3181,     63.2473,      3.4953,      0.0000,     -0.0321,      6.0021,      0.1445,      5.6436,     11.2872,      1.2772,     28.9988,     57.9977,      0.0194,      0.0047,      0.0156,      0.2061,   7908.0430,-429054.2188,   -933.4145,    556.5420,  26360.1445,
       1,     170,      28,      23,       1,       3,       1,     10.0000,      1.4107,     42.7576,    251.3181,     63.2473,      3.4953,      0.0000,     -0.0320,      5.5593,      0.1435,      5.6436,     11.2872,      1.2682,     28.9988,     57.9977,      0.0194,      0.0043,      0.0156,      0.2061,   7908.0435,-428113.2812,   -933.1808,    556.6076,  26360.1426,
       1,     170,      28,      24,       1,       3,       1,     10.0000,      1.4107,     42.7576,    251.3181,     63.2473,      3.4953,      0.0000,     -0.0320,      4.2516,      0.1425,      5.6436,     11.2872,      1.2593,     28.9988,     57.9977,      0.0194,      0.0033,      0.0156,      0.2061,   7908.0430,-427487.0312,   -933.0166,    556.6512,  26360.1445,
       1,     170,      29,       1,       1,       3,       1,     10.0000,      1.4107,     42.7579,    251.3240,     63.2487,      3.4953,      0.0000,     -0.0319,      3.0151,      0.1407,      5.6441,     11.2882,      1.2429,     29.0049,     58.0098,      0.0194,      0.0023,      0.0156,      0.2061,   7908.0435,-425975.3125,   -932.9756,    556.7693,  26361.3145,
       1,     170,      29,       2,       1,       3,       1,     10.0000,      1.4107,     42.7579,    251.3240,     63.2487,      3.4953,      0.0000,     -0.0319,      2.3212,      0.1391,      5.6441,     11.2882,      1.2291,     29.0049,     58.0098,      0.0194,      0.0018,      0.0156,      0.2061,   7908.3945,-424171.3125,   -932.2950,    556.8948,  26361.3125,
       1,     170,      29,       3,       1,       3,       1,     10.0000,      1.4107,     42.7579,    251.3240,     63.2487,      3.4953,      0.0000,     -0.0318,      1.9198,      0.1385,      5.6441,     11.2882,      1.2241,     29.0049,     58.0098,      0.0194,      0.0015,      0.0156,      0.2061,   7908.3940,-423161.9062,   -932.0751,    556.9651,  26361.3105,
       1,     170,      29,       4,       1,       3,       1,     10.0000,      1.4107,     42.7579,    251.3240,     63.2487,      3.4953,      0.0000,     -0.0319,      1.8599,      0.1392,      5.6441,     11.2882,      1.2303,     29.0049,     58.0098,      0.0194,      0.0014,      0.0156,      0.2061,   7908.3936,-422580.9375,   -931.9459,    557.0056,  26361.3125,
       1,     170,      29,       5,       1,       3,       1,     10.0000,      1.4107,     42.7579,    251.3240,     63.2487,      3.4953,      0.0000,     -0.0319,      1.8061,      0.1407,      5.6441,     11.2882,      1.2429,     29.0049,     58.0098,      0.0194,      0.0014,      0.0156,      0.2061,   7908.3940,-422457.2500,   -931.9100,    557.0142,  26361.3125,
       1,     170,      29,       6,       1,       3,       1,     10.0000,      1.4107,     42.7579,    251.3240,     63.2487,      3.4953,      0.0000,     -0.0319,      1.6040,      0.1408,      5.6441,     11.2882,      1.2441,     29.0049,     58.0098,      0.0194,      0.0012,      0.0156,      0.2061,   7908.3940,-422380.2188,   -931.8849,    557.0196,  26361.3125,
       1,     170,      29,       7,       1,       3,       1,     10.0000,      1.4107,     42.7579,    251.3240,     63.2487,      3.4953,      0.0000,     -0.0319,      1.3956,      0.1394,      5.6441,     11.2882,      1.2316,     29.0049,     58.0098,      0.0194,      0.0011,      0.0156,      0.2061,   7908.3940,-422124.6562,   -931.8243,    557.0374,  26361.3125,
       1,     170,      29,       8,       1,       3,       1,     10.0000,      1.4107,     42.7579,    251.3240,     63.2487,      3.4953,      0.0007,     -0.0311,      1.2328,      0.1380,      5.6441,     11.2882,      1.2192,     29.0049,     58.0098,      0.0194,      0.0010,      0.0156,      0.2061,   7908.3940,-421845.9062,   -931.7607,    557.0567,  26361.3125,
       1,     170,      29,       9,       1,       3,       1,     10.0000,      1.4107,     42.7579,    251.3240,     63.2487,      3.4953,      0.0411,      0.0092,      3.2973,      0.1411,      5.6441,     11.2882,      1.2466,     29.0049,     58.0098,      0.0194,      0.0010,      0.0383,      0.2061,   7908.3940,-421621.5938,   -931.7090,    557.0724,  26361.3125,
       1,     170,      29,      10,       1,       3,       1,     10.0000,      1.4107,     42.7579,    251.3240,     63.2487,      3.4953,      0.1224,      0.0900,     13.4382,      0.1523,      5.6441,     11.2882,      1.3460,     29.0049,     58.0098,      0.0194,      0.0011,      0.1530,      0.2061,   7908.3940,-424145.6562,   -932.2206,    556.8967,  26361.3145,
       1,     170,      29,      11,       1,       3,       1,     10.0000,      1.4107,     42.7579,    251.3240,     63.2487,      3.4953,      0.1896,      0.1565,     25.6268,      0.1753,      5.6441,     11.2882,      1.5487,     29.0049,     58.0098,      0.0194,      0.0013,      0.2481,      0.2061,   7908.3945,-436855.5938,   -934.8340,    556.0120,  26361.3125,
       1,     170,      29,      12,       1,       3,       1,     10.0000,      1.4107,     42.7579,    251.3240,     63.2487,      3.4953,      0.1911,      0.1576,     28.0229,      0.1853,      5.6441,     11.2882,      1.6375,     29.0049,     58.0098,      0.0194,      0.0014,      0.2500,      0.2061,   7908.3940,-452966.4375,   -938.1437,    554.8929,  26361.3125,
       1,     170,      29,      13,       1,       3,       1,     10.0000,      1.4107,     42.7579,    251.3240,     63.2487,      3.4953,      0.1910,      0.1572,     27.4888,      0.1940,      5.6441,     11.2882,      1.7139,     29.0049,     58.0098,      0.0194,      0.0013,      0.2500,      0.2061,   7908.3940,-457302.4375,   -939.0498,    554.5932,  26361.3145,
       1,     170,      29,      14,       1,       3,       1,     10.0000,      1.4107,     42.7579,    251.3240,     63.2487,      3.4953,      0.1912,      0.1574,     30.8374,      0.1967,      5.6441,     11.2882,      1.7378,     29.0049,     58.0098,      0.0194,      0.0015,      0.2500,      0.2061,   7908.3945,-457014.0938,   -939.0031,    554.6133,  26361.3125,
       1,     170,      29,      15,       1,       3,       1,     10.0000,      1.4107,     42.7579,    251.3240,     63.2487,      3.4953,      0.1924,      0.1585,     45.8705,      0.2000,      5.6441,     11.2882,      1.7673,     29.0049,     58.0098,      0.0194,      0.0022,      0.2500,      0.2061,   7908.3940,-461116.8125,   -939.8663,    554.3289,  26361.3125,
       1,     170,      29,      16,       1,       3,       1,     10.0000,      1.4107,     42.7579,    251.3240,     63.2487,      3.4953,      0.1945,      0.1605,     72.8710,      0.2010,      5.6441,     11.2882,      1.7760,     29.0049,     58.0098,      0.0194,      0.0035,      0.2500,      0.2061,   7908.3940,-479998.9062,   -943.7988,    553.0206,  26361.3145,
       1,     170,      29,      17,       1,       3,       1,     10.0000,      1.4107,     42.7579,    251.3240,     63.2487,      3.4953,      0.1930,      0.1594,     87.0130,      0.1898,      5.6441,     11.2882,      1.6769,     29.0049,     58.0098,      0.0194,      0.0043,      0.2461,      0.2061,   7908.3945,-514910.6875,   -951.1246,    550.6088,  26361.3125,
       1,     170,      29,      18,       1,       3,       1,     10.0000,      1.4107,     42.7579,    251.3240,     63.2487,      3.4953,      0.1697,      0.1365,     86.6639,      0.1777,      5.6441,     11.2882,      1.5704,     29.0049,     58.0098,      0.0194,      0.0049,      0.2126,      0.2060,   7908.3940,-535356.3750,   -955.6105,    549.2068,  26361.3125,
       1,     170,      29,      19,       1,       3,       1,     10.0000,      1.4107,     42.7579,    251.3240,     63.2487,      3.4953,      0.1213,      0.0885,     61.1246,      0.1661,      5.6441,     11.2882,      1.4673,     29.0049,     58.0098,      0.0194,      0.0051,      0.1459,      0.2060,   7908.3940,-536671.1250,   -956.2259,    549.1184,  26361.3105,
       1,     170,      29,      20,       1,       3,       1,     10.0000,      1.4107,     42.7579,    251.3240,     63.2487,      3.4953,      0.0123,     -0.0200,      6.7754,      0.1526,      5.6441,     11.2882,      1.3487,     29.0049,     58.0098,      0.0194,      0.0053,      0.0156,      0.2060,   7908.3936,-505262.7812,   -950.0509,    551.2742,  26361.3105,
       1,     170,      29,      21,       1,       3,       1,     10.0000,      1.4107,     42.7579,    251.3240,     63.2487,      3.4953,      0.0000,     -0.0322,      6.5632,      0.1473,      5.6441,     11.2882,      1.3020,     29.0049,     58.0098,      0.0194,      0.0051,      0.0156,      0.2061,   7908.3936,-435554.5312,   -935.7605,    556.0820,  26361.3086,
       1,     170,      29,      22,       1,       3,       1,     10.0000,      1.4107,     42.7579,    251.3240,     63.2487,      3.4953,      0.0000,     -0.0322,      5.8826,      0.1479,      5.6441,     11.2882,      1.3072,     29.0049,     58.0098,      0.0194,      0.0046,      0.0156,      0.2061,   7908.3931,-429390.0938,   -934.4591,    556.5315,  26361.3105,
       1,     170,      29,      23,       1,       3,       1,     10.0000,      1.4107,     42.7579,    251.3240,     63.2487,      3.4953,      0.0000,     -0.0322,      5.2161,      0.1482,      5.6441,     11.2882,      1.3099,     29.0049,     58.0098,      0.0194,      0.0041,      0.0156,      0.2061,   7908.3936,-427997.6562,   -934.1439,    556.6286,  26361.3105,
       1,     170,      29,      24,       1,       3,       1,     10.0000,      1.4107,     42.7579,    251.3240,     63.2487,      3.4953,      0.0000,     -0.0322,      4.3241,      0.1475,      5.6441,     11.2882,      1.3033,     29.0049,     58.0098,      0.0194,      0.0034,      0.0156,      0.2061,   7908.3936,-427056.7188,   -933.9255,    556.6940,  26361.3105,
       1,     170,      30,       1,       1,       3,       1,     10.0000,      1.4107,     42.7583,    251.3298,     63.2502,      3.4953,      0.0000,     -0.0320,      3.1874,      0.1437,      5.6445,     11.2891,      1.2696,     29.0096,     58.0193,      0.0194,      0.0025,      0.0156,      0.2062,   7908.3936,-426030.7188,   -933.9913,    556.7786,  26362.4805,
       1,     170,      30,       2,       1,       3,       1,     10.0000,      1.4107,     42.7583,    251.3298,     63.2502,      3.4953,      0.0000,     -0.0321,      2.6424,      0.1451,      5.6445,     11.2891,      1.2824,     29.0096,     58.0193,      0.0194,      0.0021,      0.0156,      0.2062,   7908.7446,-424391.1875,   -933.3436,    556.8926,  26362.4805,
       1,     170,      30,       3,       1,       3,       1,     10.0000,      1.4107,     42.7583,    251.3298,     63.2502,      3.4953,      0.0000,     -0.0321,      2.5322,      0.1456,      5.6445,     11.2891,      1.2863,     29.0096,     58.0193,      0.0194,      0.0020,      0.0156,      0.2062,   7908.7446,-423579.2188,   -933.1647,    556.9492,  26362.4805,
       1,     170,      30,       4,       1,       3,       1,     10.0000,      1.4107,     42.7583,    251.3298,     63.2502,      3.4953,      0.0000,     -0.0321,      2.4551,      0.1457,      5.6445,     11.2891,      1.2876,     29.0096,     58.0193,      0.0194,      0.0019,      0.0156,      0.2062,   7908.7446,-423373.8750,   -933.1116,    556.9635,  26362.4824,
       1,     170,      30,       5,       1,       3,       1,     10.0000,      1.4107,     42.7583,    251.3298,     63.2502,      3.4953,      0.0000,     -0.0321,      2.4992,      0.1450,      5.6445,     11.2891,      1.2812,     29.0096,     58.0193,      0.0194,      0.0019,      0.0156,      0.2062,   7908.7451,-423261.0312,   -933.0784,    556.9714,  26362.4805,
       1,     170,      30,       6,       1,       3,       1,     10.0000,      1.4107,     42.7583,    251.3298,     63.2502,      3.4953,      0.0000,     -0.0320,      2.0974,      0.1438,      5.6445,     11.2891,      1.2708,     29.0096,     58.0193,      0.0194,      0.0016,      0.0156,      0.2062,   7908.7446,-423305.8750,   -933.0782,    556.9682,  26362.4805,
       1,     170,      30,       7,       1,       3,       1,     10.0000,      1.4107,     42.7583,    251.3298,     63.2502,      3.4953,      0.0000,     -0.0320,      2.2122,      0.1421,      5.6445,     11.2891,      1.2555,     29.0096,     58.0193,      0.0194,      0.0017,      0.0156,      0.2062,   7908.7446,-422814.8750,   -932.9685,    557.0024,  26362.4805,
       1,     170,      30,       8,       1,       3,       1,     10.0000,      1.4107,     42.7583,    251.3298,     63.2502,      3.4953,      0.0009,     -0.0312,      2.3080,      0.1443,      5.6445,     11.2891,      1.2747,     29.0096,     58.0193,      0.0194,      0.0018,      0.0156,      0.2062,   7908.7446,-422914.0312,   -932.9807,    556.9955,  26362.4805,
       1,     170,      30,       9,       1,       3,       1,     10.0000,      1.4107,     42.7583,    251.3298,     63.2502,      3.4953,      0.0876,      0.0553,     16.6840,      0.1494,      5.6445,     11.2891,      1.3205,     29.0096,     58.0193,      0.0194,      0.0020,      0.1029,      0.2062,   7908.7446,-423040.5938,   -932.9977,    556.9867,  26362.4824,
       1,     170,      30,      10,       1,       3,       1,     10.0000,      1.4107,     42.7583,    251.3298,     63.2502,      3.4953,      0.1646,      0.1319,     33.9779,      0.1621,      5.6445,     11.2891,      1.4325,     29.0096,     58.0193,      0.0194,      0.0020,      0.2111,      0.2062,   7908.7451,-440759.8750,   -936.6780,    555.7530,  26362.4785,
       1,     170,      30,      11,       1,       3,       1,     10.0000,      1.4107,     42.7583,    251.3298,     63.2502,      3.4953,      0.1922,      0.1590,     41.7446,      0.1768,      5.6445,     11.2891,      1.5627,     29.0096,     58.0193,      0.0194,      0.0020,      0.2500,      0.2061,   7908.7437,-463591.9688,   -941.4489,    554.1683,  26362.4805,
       1,     170,      30,      12,       1,       3,       1,     10.0000,      1.4107,     42.7583,    251.3298,     63.2502,      3.4953,      0.1920,      0.1585,     39.7885,      0.1859,      5.6445,     11.2891,      1.6424,     29.0096,     58.0193,      0.0194,      0.0019,      0.2500,      0.2061,   7908.7446,-475124.8438,   -943.9216,    553.3716,  26362.4805,
       1,     170,      30,      13,       1,       3,       1,     10.0000,      1.4107,     42.7583,    251.3298,     63.2502,      3.4953,      0.1923,      0.1586,     44.4187,      0.1940,      5.6445,     11.2891,      1.7139,     29.0096,     58.0193,      0.0194,      0.0022,      0.2500,      0.2061,   7908.7446,-473699.1562,   -943.7272,    553.4708,  26362.4805,
       1,     170,      30,      14,       1,       3,       1,     10.0000,      1.4107,     42.7583,    251.3298,     63.2502,      3.4953,      0.1927,      0.1588,     50.2149,      0.1996,      5.6445,     11.2891,      1.7638,     29.0096,     58.0193,      0.0194,      0.0024,      0.2500,      0.2061,   7908.7446,-479284.3438,   -944.9800,    553.0844,  26362.4805,
       1,     170,      30,      15,       1,       3,       1,     10.0000,      1.4107,     42.7583,    251.3298,     63.2502,      3.4953,      0.1940,      0.1602,     65.6860,      0.1951,      5.6445,     11.2891,      1.7242,     29.0096,     58.0193,      0.0194,      0.0032,      0.2500,      0.2061,   7908.7446,-486908.1562,   -946.6753,    552.5575,  26362.4785,
       1,     170,      30,      16,       1,       3,       1,     10.0000,      1.4107,     42.7583,    251.3298,     63.2502,      3.4953,      0.1956,      0.1620,     85.5400,      0.1896,      5.6445,     11.2891,      1.6753,     29.0096,     58.0193,      0.0194,      0.0042,      0.2500,      0.2061,   7908.7437,-506636.6250,   -950.9320,    551.1951,  26362.4766,
       1,     170,      30,      17,       1,       3,       1,     10.0000,      1.4107,     42.7583,    251.3298,     63.2502,      3.4953,      0.1963,      0.1629,     94.4093,      0.1840,      5.6445,     11.2891,      1.6261,     29.0096,     58.0193,      0.0194,      0.0046,      0.2500,      0.2061,   7908.7432,-532815.2500,   -956.6230,    549.3931,  26362.4805,
       1,     170,      30,      18,       1,       3,       1,     10.0000,      1.4107,     42.7583,    251.3298,     63.2502,      3.4953,      0.1736,      0.1404,     86.7598,      0.1760,      5.6445,     11.2891,      1.5549,     29.0096,     58.0193,      0.0194,      0.0048,      0.2181,      0.2060,   7908.7446,-546002.1875,   -959.7166,    548.4904,  26362.4785,
       1,     170,      30,      19,       1,       3,       1,     10.0000,      1.4107,     42.7583,    251.3298,     63.2502,      3.4953,      0.1098,      0.0770,     53.9094,      0.1661,      5.6445,     11.2891,      1.4674,     29.0096,     58.0193,      0.0194,      0.0050,      0.1303,      0.2060,   7908.7437,-537686.4375,   -958.3755,    549.0613,  26362.4746,
       1,     170,      30,      20,       1,       3,       1,     10.0000,      1.4107,     42.7583,    251.3298,     63.2502,      3.4953,      0.0135,     -0.0190,      6.2354,      0.1584,      5.6445,     11.2891,      1.3999,     29.0096,     58.0193,      0.0194,      0.0048,      0.0156,      0.2060,   7908.7427,-496439.6875,   -950.0913,    551.8925,  26362.4766,
       1,     170,      30,      21,       1,       3,       1,     10.0000,      1.4107,     42.7583,    251.3298,     63.2502,      3.4953,      0.0000,     -0.0325,      6.1001,      0.1556,      5.6445,     11.2891,      1.3748,     29.0096,     58.0193,      0.0194,      0.0047,      0.0156,      0.2061,   7908.7432,-434149.2188,   -937.2015,    556.1970,  26362.4746,
       1,     170,      30,      22,       1,       3,       1,     10.0000,      1.4107,     42.7583,    251.3298,     63.2502,      3.4953,      0.0000,     -0.0325,      5.8680,      0.1556,      5.6445,     11.2891,      1.3748,     29.0096,     58.0193,      0.0194,      0.0046,      0.0156,      0.2062,   7908.7427,-428696.5312,   -936.0485,    556.5930,  26362.4785,
       1,     170,      30,      23,       1,       3,       1,     10.0000,      1.4107,     42.7583,    251.3298,     63.2502,      3.4953,      0.0000,     -0.0323,      5.3537,      0.1516,      5.6445,     11.2891,      1.3393,     29.0096,     58.0193,      0.0194,      0.0042,      0.0156,      0.2062,   7908.7437,-427922.2812,   -935.8681,    556.6469,  26362.4766,
       1,     170,      30,      24,       1,       3,       1,     10.0000,      1.4107,     42.7583,    251.3298,     63.2502,      3.4953,      0.0000,     -0.0324,      4.5822,      0.1534,      5.6445,     11.2891,      1.3555,     29.0096,     58.0193,      0.0194,      0.0036,      0.0156,      0.2062,   7908.7432,-427222.3750,   -935.7065,    556.6956,  26362.4766,
       1,     170,      31,       1,       1,       3,       1,     10.0000,      1.4107,     42.7586,    251.3357,     63.2517,      3.4953,      0.0000,     -0.0323,      3.8377,      0.1496,      5.6442,     11.2884,      1.3219,     29.0166,     58.0332,      0.0194,      0.0030,      0.0156,      0.2062,   7908.7432,-426365.7812,   -935.8159,    556.7681,  26363.6504,
       1,     170,      31,       2,       1,       3,       1,     10.0000,      1.4107,     42.7586,    251.3357,     63.2517,      3.4953,      0.0000,     -0.0323,      3.3783,      0.1507,      5.6442,     11.2884,      1.3312,     29.0166,     58.0332,      0.0194,      0.0026,      0.0156,      0.2062,   7909.0952,-425223.5938,   -935.2676,    556.8477,  26363.6504,
       1,     170,      31,       3,       1,       3,       1,     10.0000,      1.4107,     42.7586,    251.3357,     63.2517,      3.4953,      0.0000,     -0.0323,      3.1117,      0.1503,      5.6442,     11.2884,      1.3286,     29.0166,     58.0332,      0.0194,      0.0024,      0.0156,      0.2062,   7909.0952,-424559.7812,   -935.1200,    556.8938,  26363.6484,
       1,     170,      31,       4,       1,       3,       1,     10.0000,      1.4107,     42.7586,    251.3357,     63.2517,      3.4953,      0.0000,     -0.0322,      2.6999,      0.1471,      5.6442,     11.2884,      1.2994,     29.0166,     58.0332,      0.0194,      0.0021,      0.0156,      0.2062,   7909.0947,-424174.8125,   -935.0315,    556.9207,  26363.6504,
       1,     170,      31,       5,       1,       3,       1,     10.0000,      1.4107,     42.7586,    251.3357,     63.2517,      3.4953,      0.0000,     -0.0320,      3.1458,      0.1437,      5.6442,     11.2884,      1.2696,     29.0166,     58.0332,      0.0194,      0.0024,      0.0156,      0.2062,   7909.0952,-423634.2812,   -934.9113,    556.9583,  26363.6484,
       1,     170,      31,       6,       1,       3,       1,     10.0000,      1.4107,     42.7586,    251.3357,     63.2517,      3.4953,      0.0000,     -0.0321,      3.0496,      0.1443,      5.6442,     11.2884,      1.2747,     29.0166,     58.0332,      0.0194,      0.0024,      0.0156,      0.2062,   7909.0947,-424137.3438,   -935.0081,    556.9233,  26363.6504,
       1,     170,      31,       7,       1,       3,       1,     10.0000,      1.4107,     42.7586,    251.3357,     63.2517,      3.4953,      0.0000,     -0.0321,      2.6889,      0.1457,      5.6442,     11.2884,      1.2877,     29.0166,     58.0332,      0.0194,      0.0021,      0.0156,      0.2062,   7909.0952,-424061.8438,   -934.9838,    556.9285,  26363.6504,
       1,     170,      31,       8,       1,       3,       1,     10.0000,      1.4107,     42.7586,    251.3357,     63.2517,      3.4953,      0.0008,     -0.0313,      2.5621,      0.1450,      5.6442,     11.2884,      1.2812,     29.0166,     58.0332,      0.0194,      0.0020,      0.0156,      0.2062,   7909.0952,-423611.0938,   -934.8828,    556.9599,  26363.6504,
       1,     170,      31,       9,       1,       3,       1,     10.0000,      1.4107,     42.7586,    251.3357,     63.2517,      3.4953,      0.0753,      0.0431,     14.1561,      0.1497,      5.6442,     11.2884,      1.3232,     29.0166,     58.0332,      0.0194,      0.0020,      0.0857,      0.2062,   7909.0952,-423416.2188,   -934.8355,    556.9734,  26363.6484,
       1,     170,      31,      10,       1,       3,       1,     10.0000,      1.4107,     42.7586,    251.3357,     63.2517,      3.4953,      0.1708,      0.1380,     34.9136,      0.1642,      5.6442,     11.2884,      1.4513,     29.0166,     58.0332,      0.0194,      0.0019,      0.2199,      0.2062,   7909.0947,-437679.8438,   -937.8279,    555.9803,  26363.6504,
       1,     170,      31,      11,       1,       3,       1,     10.0000,      1.4107,     42.7586,    251.3357,     63.2517,      3.4953,      0.1844,      0.1513,     44.1067,      0.1742,      5.6442,     11.2884,      1.5395,     29.0166,     58.0332,      0.0194,      0.0022,      0.2385,      0.2062,   7909.0952,-464477.0625,   -943.4714,    554.1190,  26363.6523,
       1,     170,      31,      12,       1,       3,       1,     10.0000,      1.4107,     42.7586,    251.3357,     63.2517,      3.4953,      0.1926,      0.1590,     48.5272,      0.1909,      5.6442,     11.2884,      1.6870,     29.0166,     58.0332,      0.0194,      0.0024,      0.2500,      0.2062,   7909.0962,-478109.5312,   -946.4127,    553.1777,  26363.6484,
       1,     170,      31,      13,       1,       3,       1,     10.0000,      1.4107,     42.7586,    251.3357,     63.2517,      3.4953,      0.1927,      0.1586,     50.4254,      0.2066,      5.6442,     11.2884,      1.8259,     29.0166,     58.0332,      0.0194,      0.0024,      0.2500,      0.2061,   7909.0947,-484723.8125,   -947.9206,    552.7213,  26363.6504,
       1,     170,      31,      14,       1,       3,       1,     10.0000,      1.4107,     42.7586,    251.3357,     63.2517,      3.4953,      0.1935,      0.1589,     62.5303,      0.2242,      5.6442,     11.2884,      1.9812,     29.0166,     58.0332,      0.0194,      0.0030,      0.2500,      0.2061,   7909.0952,-487628.6250,   -948.6681,    552.5208,  26363.6484,
       1,     170,      31,      15,       1,       3,       1,     10.0000,      1.4107,     42.7586,    251.3357,     63.2517,      3.4953,      0.1953,      0.1604,     86.3262,      0.2332,      5.6442,     11.2884,      2.0604,     29.0166,     58.0332,      0.0194,      0.0042,      0.2500,      0.2061,   7909.0947,-502800.6875,   -952.0060,    551.4730,  26363.6484,
       1,     170,      31,      16,       1,       3,       1,     10.0000,      1.4107,     42.7586,    251.3357,     63.2517,      3.4953,      0.1954,      0.1611,     92.1673,      0.2151,      5.6442,     11.2884,      1.9011,     29.0166,     58.0332,      0.0194,      0.0045,      0.2493,      0.2061,   7909.0947,-533444.3125,   -958.6655,    549.3615,  26363.6484,
       1,     170,      31,      17,       1,       3,       1,     10.0000,      1.4107,     42.7586,    251.3357,     63.2517,      3.4953,      0.1912,      0.1575,    100.7251,      0.1949,      5.6442,     11.2884,      1.7225,     29.0166,     58.0332,      0.0194,      0.0050,      0.2421,      0.2061,   7909.0947,-543280.0000,   -961.0821,    548.6902,  26363.6465,
       1,     170,      31,      18,       1,       3,       1,     10.0000,      1.4107,     42.7586,    251.3357,     63.2517,      3.4953,      0.1709,      0.1373,    110.7393,      0.1888,      5.6442,     11.2884,      1.6687,     29.0166,     58.0332,      0.0194,      0.0063,      0.2116,      0.2061,   7909.0942,-554676.2500,   -963.8817,    547.9088,  26363.6465,
       1,     170,      31,      19,       1,       3,       1,     10.0000,      1.4107,     42.7586,    251.3357,     63.2517,      3.4953,      0.1352,      0.1021,     98.2082,      0.1770,      5.6442,     11.2884,      1.5643,     29.0166,     58.0332,      0.0194,      0.0074,      0.1617,      0.2060,   7909.0942,-568010.3125,   -967.1458,    546.9963,  26363.6465,
       1,     170,      31,      20,       1,       3,       1,     10.0000,      1.4107,     42.7586,    251.3357,     63.2517,      3.4953,      0.0140,     -0.0187,      9.9767,      0.1600,      5.6442,     11.2884,      1.4140,     29.0166,     58.0332,      0.0194,      0.0078,      0.0156,      0.2060,   7909.0942,-553681.0625,   -964.6099,    547.9767,  26363.6465,
       1,     170,      31,      21,       1,       3,       1,     10.0000,      1.4107,     42.7586,    251.3357,     63.2517,      3.4953,      0.0000,     -0.0324,      8.2500,      0.1550,      5.6442,     11.2884,      1.3693,     29.0166,     58.0332,      0.0194,      0.0064,      0.0156,      0.2060,   7909.0942,-443566.7188,   -941.6693,    555.5201,  26363.6484,
       1,     170,      31,      22,       1,       3,       1,     10.0000,      1.4107,     42.7586,    251.3357,     63.2517,      3.4953,      0.0000,     -0.0323,      6.5054,      0.1505,      5.6442,     11.2884,      1.3299,     29.0166,     58.0332,      0.0194,      0.0051,      0.0156,      0.2062,   7909.0947,-432196.0000,   -939.2657,    556.3619,  26363.6465,
       1,     170,      31,      23,       1,       3,       1,     10.0000,      1.4107,     42.7586,    251.3357,     63.2517,      3.4953,      0.0000,     -0.0322,      5.9423,      0.1488,      5.6442,     11.2884,      1.3152,     29.0166,     58.0332,      0.0194,      0.0046,      0.0156,      0.2062,   7909.0942,-429010.7188,   -938.5846,    556.5840,  26363.6465,
       1,     170,      31,      24,       1,       3,       1,     10.0000,      1.4107,     42.7586,    251.3357,     63.2517,      3.4953,      0.0000,     -0.0322,      5.1862,      0.1493,      5.6442,     11.2884,      1.3192,     29.0166,     58.0332,      0.0194,      0.0040,      0.0156,      0.2062,   7909.0942,-428043.3750,   -938.3712,    556.6514,  26363.6445,
       1,     170,      32,       1,       1,       3,       1,     10.0000,      1.4107,     42.7589,    251.3416,     63.2532,      3.4953,      0.0000,     -0.0322,      3.6274,      0.1481,      5.6444,     11.2887,      1.3087,     29.0237,     58.0474,      0.0194,      0.0028,      0.0156,      0.2062,   7909.0938,-427182.5625,   -938.4846,    556.7243,  26364.8184,
       1,     170,      32,       2,       1,       3,       1,     10.0000,      1.4107,     42.7589,    251.3416,     63.2532,      3.4953,      0.0000,     -0.0322,      3.2153,      0.1484,      5.6444,     11.2887,      1.3113,     29.0237,     58.0474,      0.0194,      0.0025,      0.0156,      0.2062,   7909.4458,-425037.2500,   -937.7236,    556.8736,  26364.8145,
       1,     170,      32,       3,       1,       3,       1,     10.0000,      1.4107,     42.7589,    251.3416,     63.2532,      3.4953,      0.0000,     -0.0322,      3.3172,      0.1481,      5.6444,     11.2887,      1.3087,     29.0237,     58.0474,      0.0194,      0.0026,      0.0156,      0.2062,   7909.4448,-424346.3438,   -937.5740,    556.9216,  26364.8164,
       1,     170,      32,       4,       1,       3,       1,     10.0000,      1.4107,     42.7589,    251.3416,     63.2532,      3.4953,      0.0000,     -0.0322,      3.0740,      0.1485,      5.6444,     11.2887,      1.3126,     29.0237,     58.0474,      0.0194,      0.0024,      0.0156,      0.2062,   7909.4453,-424412.3750,   -937.5822,    556.9172,  26364.8164,
       1,     170,      32,       5,       1,       3,       1,     10.0000,      1.4107,     42.7589,    251.3416,     63.2532,      3.4953,      0.0000,     -0.0322,      3.0095,      0.1469,      5.6444,     11.2887,      1.2981,     29.0237,     58.0474,      0.0194,      0.0023,      0.0156,      0.2062,   7909.4453,-424118.3125,   -937.5153,    556.9376,  26364.8164,
       1,     170,      32,       6,       1,       3,       1,     10.0000,      1.4107,     42.7589,    251.3416,     63.2532,      3.4953,      0.0000,     -0.0322,      2.9518,      0.1485,      5.6444,     11.2887,      1.3126,     29.0237,     58.0474,      0.0194,      0.0023,      0.0156,      0.2062,   7909.4453,-424013.8125,   -937.4890,    556.9449,  26364.8164,
       1,     170,      32,       7,       1,       3,       1,     10.0000,      1.4107,     42.7589,    251.3416,     63.2532,      3.4953,      0.0000,     -0.0321,      2.6897,      0.1451,      5.6444,     11.2887,      1.2825,     29.0237,     58.0474,      0.0194,      0.0021,      0.0156,      0.2062,   7909.4453,-423933.6562,   -937.4675,    556.9505,  26364.8164,
       1,     170,      32,       8,       1,       3,       1,     10.0000,      1.4107,     42.7589,    251.3416,     63.2532,      3.4953,      0.0010,     -0.0309,      2.5309,      0.1391,      5.6444,     11.2887,      1.2292,     29.0237,     58.0474,      0.0194,      0.0020,      0.0156,      0.2062,   7909.4453,-423603.9375,   -937.3940,    556.9733,  26364.8184,
       1,     170,      32,       9,       1,       3,       1,     10.0000,      1.4107,     42.7589,    251.3416,     63.2532,      3.4953,      0.0713,      0.0393,     14.2695,      0.1414,      5.6444,     11.2887,      1.2492,     29.0237,     58.0474,      0.0194,      0.0022,      0.0801,      0.2062,   7909.4458,-423380.2188,   -937.3428,    556.9890,  26364.8164,
       1,     170,      32,      10,       1,       3,       1,     10.0000,      1.4107,     42.7589,    251.3416,     63.2532,      3.4953,      0.1632,      0.1304,     39.9898,      0.1659,      5.6444,     11.2887,      1.4660,     29.0237,     58.0474,      0.0194,      0.0023,      0.2084,      0.2062,   7909.4453,-437817.5000,   -940.4058,    555.9838,  26364.8164,
       1,     170,      32,      11,       1,       3,       1,     10.0000,      1.4107,     42.7589,    251.3416,     63.2532,      3.4953,      0.1818,      0.1485,     52.8246,      0.1795,      5.6444,     11.2887,      1.5863,     29.0237,     58.0474,      0.0194,      0.0027,      0.2338,      0.2062,   7909.4453,-470739.9688,   -947.4142,    553.6966,  26364.8164,
       1,     170,      32,      12,       1,       3,       1,     10.0000,      1.4107,     42.7589,    251.3416,     63.2532,      3.4953,      0.1934,      0.1593,     60.1444,      0.2075,      5.6444,     11.2887,      1.8332,     29.0237,     58.0474,      0.0194,      0.0029,      0.2500,      0.2062,   7909.4453,-489389.0000,   -951.4741,    552.4106,  26364.8164,
       1,     170,      32,      13,       1,       3,       1,     10.0000,      1.4107,     42.7589,    251.3416,     63.2532,      3.4953,      0.1819,      0.1482,     47.0225,      0.1934,      5.6444,     11.2887,      1.7089,     29.0237,     58.0474,      0.0194,      0.0024,      0.2347,      0.2062,   7909.4453,-500005.7812,   -953.8848,    551.6790,  26364.8164,
       1,     170,      32,      14,       1,       3,       1,     10.0000,      1.4107,     42.7589,    251.3416,     63.2532,      3.4953,      0.1931,      0.1592,     55.1350,      0.1988,      5.6444,     11.2887,      1.7570,     29.0237,     58.0474,      0.0194,      0.0027,      0.2500,      0.2061,   7909.4453,-484733.8438,   -950.8477,    552.7326,  26364.8164,
       1,     170,      32,      15,       1,       3,       1,     10.0000,      1.4107,     42.7589,    251.3416,     63.2532,      3.4953,      0.1953,      0.1615,     90.0565,      0.1957,      5.6444,     11.2887,      1.7294,     29.0237,     58.0474,      0.0194,      0.0044,      0.2492,      0.2062,   7909.4453,-493431.5312,   -952.8482,    552.1328,  26364.8164,
       1,     170,      32,      16,       1,       3,       1,     10.0000,      1.4107,     42.7589,    251.3416,     63.2532,      3.4953,      0.1964,      0.1626,    114.3575,      0.1945,      5.6444,     11.2887,      1.7191,     29.0237,     58.0474,      0.0194,      0.0056,      0.2480,      0.2061,   7909.4453,-537226.7500,   -962.3625,    549.1105,  26364.8145,
       1,     170,      32,      17,       1,       3,       1,     10.0000,      1.4107,     42.7589,    251.3416,     63.2532,      3.4953,      0.1950,      0.1614,    131.6412,      0.1888,      5.6444,     11.2887,      1.6688,     29.0237,     58.0474,      0.0194,      0.0065,      0.2440,      0.2061,   7909.4448,-570973.8125,   -969.9234,    546.8024,  26364.8145,
       1,     170,      32,      18,       1,       3,       1,     10.0000,      1.4107,     42.7589,    251.3416,     63.2532,      3.4953,      0.1768,      0.1436,     96.3758,      0.1765,      5.6444,     11.2887,      1.5596,     29.0237,     58.0474,      0.0194,      0.0053,      0.2216,      0.2060,   7909.4448,-595195.5625,   -975.6085,    545.1516,  26364.8145,
       1,     170,      32,      19,       1,       3,       1,     10.0000,      1.4107,     42.7589,    251.3416,     63.2532,      3.4953,      0.1248,      0.0919,     65.6907,      0.1689,      5.6444,     11.2887,      1.4926,     29.0237,     58.0474,      0.0194,      0.0053,      0.1504,      0.2060,   7909.4448,-553716.7500,   -967.3644,    547.9807,  26364.8125,
       1,     170,      32,      20,       1,       3,       1,     10.0000,      1.4107,     42.7589,    251.3416,     63.2532,      3.4953,      0.0099,     -0.0227,      6.2586,      0.1597,      5.6444,     11.2887,      1.4112,     29.0237,     58.0474,      0.0194,      0.0049,      0.0156,      0.2061,   7909.4438,-512331.1875,   -958.9489,    550.8229,  26364.8125,
       1,     170,      32,      21,       1,       3,       1,     10.0000,      1.4107,     42.7589,    251.3416,     63.2532,      3.4953,      0.0000,     -0.0325,      6.3102,      0.1559,      5.6444,     11.2887,      1.3776,     29.0237,     58.0474,      0.0194,      0.0049,      0.0156,      0.2061,   7909.4438,-435521.6562,   -942.7366,    556.1187,  26364.8125,
       1,     170,      32,      22,       1,       3,       1,     10.0000,      1.4107,     42.7589,    251.3416,     63.2532,      3.4953,      0.0000,     -0.0323,      5.8246,      0.1520,      5.6444,     11.2887,      1.3434,     29.0237,     58.0474,      0.0194,      0.0045,      0.0156,      0.2062,   7909.4438,-429088.1250,   -941.3622,    556.5916,  26364.8105,
       1,     170,      32,      23,       1,       3,       1,     10.0000,      1.4107,     42.7589,    251.3416,     63.2532,      3.4953,      0.0000,     -0.0323,      4.9673,      0.1517,      5.6444,     11.2887,      1.3407,     29.0237,     58.0474,      0.0194,      0.0039,      0.0156,      0.2062,   7909.4434,-427907.7812,   -941.1057,    556.6739,  26364.8125,
       1,     170,      32,      24,       1,       3,       1,     10.0000,      1.4107,     42.7589,    251.3416,     63.2532,      3.4953,      0.0000,     -0.0322,      4.5413,      0.1475,      5.6444,     11.2887,      1.3034,     29.0237,     58.0474,      0.0194,      0.0035,      0.0156,      0.2062,   7909.4438,-426750.4062,   -940.8538,    556.7544,  26364.8145,
       1,     170,      33,       1,       1,       3,       1,     10.0000,      1.4108,     42.7593,    251.3475,     63.2546,      3.4953,      0.0000,     -0.0322,      3.7833,      0.1466,      5.6447,     11.2894,      1.2955,     29.0301,     58.0603,      0.0194,      0.0029,      0.0156,      0.2062,   7909.4448,-426280.0000,   -941.0559,    556.8000,  26365.9844,
       1,     170,      33,       2,       1,       3,       1,     10.0000,      1.4108,     42.7593,    251.3475,     63.2546,      3.4953,      0.0000,     -0.0317,      3.2428,      0.1344,      5.6447,     11.2894,      1.1876,     29.0301,     58.0603,      0.0194,      0.0025,      0.0156,      0.2062,   7909.7954,-425155.2188,   -940.5079,    556.8783,  26365.9863,
       1,     170,      33,       3,       1,       3,       1,     10.0000,      1.4108,     42.7593,    251.3475,     63.2546,      3.4953,      0.0000,     -0.0319,      2.8997,      0.1395,      5.6447,     11.2894,      1.2329,     29.0301,     58.0603,      0.0194,      0.0023,      0.0156,      0.2062,   7909.7964,-424393.0938,   -940.3417,    556.9314,  26365.9863,
       1,     170,      33,       4,       1,       3,       1,     10.0000,      1.4108,     42.7593,    251.3475,     63.2546,      3.4953,      0.0000,     -0.0321,      3.3554,      0.1451,      5.6447,     11.2894,      1.2825,     29.0301,     58.0603,      0.0194,      0.0026,      0.0156,      0.2062,   7909.7964,-423905.1250,   -940.2348,    556.9654,  26365.9863,
       1,     170,      33,       5,       1,       3,       1,     10.0000,      1.4108,     42.7593,    251.3475,     63.2546,      3.4953,      0.0000,     -0.0321,      3.5673,      0.1453,      5.6447,     11.2894,      1.2838,     29.0301,     58.0603,      0.0194,      0.0028,      0.0156,      0.2062,   7909.7964,-424424.3438,   -940.3428,    556.9292,  26365.9863,
       1,     170,      33,       6,       1,       3,       1,     10.0000,      1.4108,     42.7593,    251.3475,     63.2546,      3.4953,      0.0000,     -0.0320,      3.2431,      0.1427,      5.6447,     11.2894,      1.2607,     29.0301,     58.0603,      0.0194,      0.0025,      0.0156,      0.2062,   7909.7964,-424729.9688,   -940.4049,    556.9080,  26365.9863,
       1,     170,      33,       7,       1,       3,       1,     10.0000,      1.4108,     42.7593,    251.3475,     63.2546,      3.4953,      0.0000,     -0.0319,      2.1823,      0.1409,      5.6447,     11.2894,      1.2455,     29.0301,     58.0603,      0.0194,      0.0017,      0.0156,      0.2062,   7909.7964,-424356.8125,   -940.3222,    556.9338,  26365.9863,
       1,     170,      33,       8,       1,       3,       1,     10.0000,      1.4108,     42.7593,    251.3475,     63.2546,      3.4953,      0.0008,     -0.0311,      2.2320,      0.1391,      5.6447,     11.2894,      1.2292,     29.0301,     58.0603,      0.0194,      0.0017,      0.0156,      0.2062,   7909.7964,-423018.5938,   -940.0347,    557.0270,  26365.9844,
       1,     170,      33,       9,       1,       3,       1,     10.0000,      1.4108,     42.7593,    251.3475,     63.2546,      3.4953,      0.0765,      0.0445,     15.8329,      0.1424,      5.6447,     11.2894,      1.2581,     29.0301,     58.0603,      0.0194,      0.0022,      0.0873,      0.2062,   7909.7954,-422965.2188,   -940.0220,    557.0308,  26365.9844,
       1,     170,      33,      10,       1,       3,       1,     10.0000,      1.4108,     42.7593,    251.3475,     63.2546,      3.4953,      0.1688,      0.1362,     47.9168,      0.1583,      5.6447,     11.2894,      1.3985,     29.0301,     58.0603,      0.0194,      0.0027,      0.2155,      0.2062,   7909.7954,-439708.5938,   -943.6141,    555.8650,  26365.9844,
       1,     170,      33,      11,       1,       3,       1,     10.0000,      1.4108,     42.7593,    251.3475,     63.2546,      3.4953,      0.1903,      0.1574,     59.3294,      0.1682,      5.6447,     11.2894,      1.4867,     29.0301,     58.0603,      0.0194,      0.0029,      0.2451,      0.2062,   7909.7954,-480664.4375,   -952.4269,    553.0205,  26365.9844,
       1,     170,      33,      12,       1,       3,       1,     10.0000,      1.4108,     42.7593,    251.3475,     63.2546,      3.4953,      0.1939,      0.1607,     63.7265,      0.1783,      5.6447,     11.2894,      1.5753,     29.0301,     58.0603,      0.0194,      0.0031,      0.2500,      0.2062,   7909.7954,-498255.1250,   -956.3368,    551.8118,  26365.9824,
       1,     170,      33,      13,       1,       3,       1,     10.0000,      1.4108,     42.7593,    251.3475,     63.2546,      3.4953,      0.1939,      0.1603,     64.3839,      0.1892,      5.6447,     11.2894,      1.6721,     29.0301,     58.0603,      0.0194,      0.0031,      0.2500,      0.2062,   7909.7949,-505174.3438,   -958.0236,    551.3358,  26365.9844,
       1,     170,      33,      14,       1,       3,       1,     10.0000,      1.4108,     42.7593,    251.3475,     63.2546,      3.4953,      0.1942,      0.1606,     68.2792,      0.1904,      5.6447,     11.2894,      1.6821,     29.0301,     58.0603,      0.0194,      0.0033,      0.2500,      0.2062,   7909.7954,-506574.7500,   -958.5494,    551.2394,  26365.9824,
       1,     170,      33,      15,       1,       3,       1,     10.0000,      1.4108,     42.7593,    251.3475,     63.2546,      3.4953,      0.1954,      0.1617,     83.3735,      0.1917,      5.6447,     11.2894,      1.6938,     29.0301,     58.0603,      0.0194,      0.0040,      0.2500,      0.2062,   7909.7949,-511497.1250,   -959.8406,    550.9004,  26365.9844,
       1,     170,      33,      16,       1,       3,       1,     10.0000,      1.4108,     42.7593,    251.3475,     63.2546,      3.4953,      0.1962,      0.1627,     93.8570,      0.1870,      5.6447,     11.2894,      1.6523,     29.0301,     58.0603,      0.0194,      0.0046,      0.2500,      0.2062,   7909.7954,-530529.1875,   -964.1918,    549.5898,  26365.9824,
       1,     170,      33,      17,       1,       3,       1,     10.0000,      1.4108,     42.7593,    251.3475,     63.2546,      3.4953,      0.1970,      0.1637,    103.5349,      0.1813,      5.6447,     11.2894,      1.6022,     29.0301,     58.0603,      0.0194,      0.0050,      0.2500,      0.2061,   7909.7949,-545089.9375,   -967.6642,    548.5911,  26365.9824,
       1,     170,      33,      18,       1,       3,       1,     10.0000,      1.4108,     42.7593,    251.3475,     63.2546,      3.4953,      0.1602,      0.1273,     87.4805,      0.1679,      5.6447,     11.2894,      1.4837,     29.0301,     58.0603,      0.0194,      0.0053,      0.1987,      0.2061,   7909.7949,-558273.5000,   -970.9105,    547.6879,  26365.9844,
       1,     170,      33,      19,       1,       3,       1,     10.0000,      1.4108,     42.7593,    251.3475,     63.2546,      3.4953,      0.1100,      0.0774,     58.7156,      0.1589,      5.6447,     11.2894,      1.4042,     29.0301,     58.0603,      0.0194,      0.0055,      0.1300,      0.2061,   7909.7954,-539589.3750,   -967.3349,    548.9678,  26365.9805,
       1,     170,      33,      20,       1,       3,       1,     10.0000,      1.4108,     42.7593,    251.3475,     63.2546,      3.4953,      0.0111,     -0.0211,      7.0460,      0.1463,      5.6447,     11.2894,      1.2929,     29.0301,     58.0603,      0.0194,      0.0055,      0.0156,      0.2061,   7909.7944,-502514.7812,   -959.6957,    551.5134,  26365.9824,
       1,     170,      33,      21,       1,       3,       1,     10.0000,      1.4108,     42.7593,    251.3475,     63.2546,      3.4953,      0.0000,     -0.0321,      6.8505,      0.1460,      5.6447,     11.2894,      1.2903,     29.0301,     58.0603,      0.0194,      0.0053,      0.0156,      0.2062,   7909.7949,-435665.2812,   -945.4352,    556.1279,  26365.9805,
       1,     170,      33,      22,       1,       3,       1,     10.0000,      1.4108,     42.7593,    251.3475,     63.2546,      3.4953,      0.0000,     -0.0322,      6.7105,      0.1482,      5.6447,     11.2894,      1.3100,     29.0301,     58.0603,      0.0194,      0.0052,      0.0156,      0.2062,   7909.7944,-429760.5312,   -944.1642,    556.5576,  26365.9805,
       1,     170,      33,      23,       1,       3,       1,     10.0000,      1.4108,     42.7593,    251.3475,     63.2546,      3.4953,      0.0000,     -0.0323,      5.8866,      0.1496,      5.6447,     11.2894,      1.3219,     29.0301,     58.0603,      0.0194,      0.0046,      0.0156,      0.2062,   7909.7944,-429058.8125,   -944.0109,    556.6066,  26365.9805,
       1,     170,      33,      24,       1,       3,       1,     10.0000,      1.4108,     42.7593,    251.3475,     63.2546,      3.4953,      0.0000,     -0.0322,      5.0697,      0.1466,      5.6447,     11.2894,      1.2955,     29.0301,     58.0603,      0.0194,      0.0039,      0.0156,      0.2062,   7909.7944,-427983.8438,   -943.7770,    556.6815,  26365.9805,
       1,     170,      34,       1,       1,       3,       1,     10.0000,      1.4108,     42.7596,    251.3534,     63.2561,      3.4953,      0.0000,     -0.0320,      3.3505,      0.1433,      5.6444,     11.2888,      1.2658,     29.0368,     58.0737,      0.0194,      0.0026,      0.0156,      0.2063,   7909.7944,-427039.3438,   -943.8816,    556.7601,  26367.1523,
       1,     170,      34,       2,       1,       3,       1,     10.0000,      1.4108,     42.7596,    251.3534,     63.2561,      3.4953,      0.0000,     -0.0315,      3.1363,      0.1285,      5.6444,     11.2888,      1.1356,     29.0368,     58.0737,      0.0194,      0.0024,      0.0156,      0.2063,   7910.1460,-424690.0938,   -943.0648,    556.9236,  26367.1523,
       1,     170,      34,       3,       1,       3,       1,     10.0000,      1.4108,     42.7596,    251.3534,     63.2561,      3.4953,      0.0000,     -0.0313,      3.2910,      0.1246,      5.6444,     11.2888,      1.1014,     29.0368,     58.0737,      0.0194,      0.0026,      0.0156,      0.2063,   7910.1460,-424225.1250,   -943.6233,    556.9560,  26367.1523,
       1,     170,      34,       4,       1,       3,       1,     10.0000,      1.4108,     42.7596,    251.3534,     63.2561,      3.4953,      0.0000,     -0.0312,      3.3897,      0.1226,      5.6444,     11.2888,      1.0836,     29.0368,     58.0737,      0.0194,      0.0026,      0.0156,      0.2063,   7910.1460,-424375.5938,   -943.6506,    556.9455,  26367.1523,
       1,     170,      34,       5,       1,       3,       1,     10.0000,      1.4108,     42.7596,    251.3534,     63.2561,      3.4953,      0.0000,     -0.0312,      3.0025,      0.1205,      5.6444,     11.2888,      1.0649,     29.0368,     58.0737,      0.0194,      0.0023,      0.0156,      0.2063,   7910.1460,-424510.1250,   -943.6743,    556.9362,  26367.1523,
       1,     170,      34,       6,       1,       3,       1,     10.0000,      1.4108,     42.7596,    251.3534,     63.2561,      3.4953,      0.0000,     -0.0311,      2.7822,      0.1187,      5.6444,     11.2888,      1.0487,     29.0368,     58.0737,      0.0194,      0.0022,      0.0156,      0.2063,   7910.1460,-424044.7812,   -948.0365,    556.9686,  26367.1504,
       1,     170,      34,       7,       1,       3,       1,     10.0000,      1.4108,     42.7596,    251.3534,     63.2561,      3.4953,      0.0000,     -0.0312,      1.5019,      0.1214,      5.6444,     11.2888,      1.0726,     29.0368,     58.0737,      0.0194,      0.0012,      0.0156,      0.2063,   7910.1455,-423733.8438,   -947.9421,    556.9902,  26367.1523,
       1,     170,      34,       8,       1,       3,       1,     10.0000,      1.4108,     42.7596,    251.3534,     63.2561,      3.4953,      0.0009,     -0.0303,      1.8529,      0.1223,      5.6444,     11.2888,      1.0803,     29.0368,     58.0737,      0.0194,      0.0014,      0.0156,      0.2063,   7910.1460,-422130.7188,   -947.5848,    557.1018,  26367.1523,
       1,     170,      34,       9,       1,       3,       1,     10.0000,      1.4108,     42.7596,    251.3534,     63.2561,      3.4953,      0.1041,      0.0726,     20.2717,      0.1286,      5.6444,     11.2888,      1.1368,     29.0368,     58.0737,      0.0194,      0.0019,      0.1264,      0.2063,   7910.1460,-422425.3750,   -947.6313,    557.0813,  26367.1523,
       1,     170,      34,      10,       1,       3,       1,     10.0000,      1.4108,     42.7596,    251.3534,     63.2561,      3.4953,      0.1383,      0.1065,     20.6846,      0.1374,      5.6444,     11.2888,      1.2144,     29.0368,     58.0737,      0.0194,      0.0014,      0.1750,      0.2063,   7910.1460,-445128.3125,   -952.4984,    555.5004,  26367.1504,
       1,     170,      34,      11,       1,       3,       1,     10.0000,      1.4108,     42.7596,    251.3534,     63.2561,      3.4953,      0.1833,      0.1516,     18.4377,      0.1347,      5.6444,     11.2888,      1.1900,     29.0368,     58.0737,      0.0194,      0.0009,      0.2395,      0.2062,   7910.1455,-447589.1250,   -953.5831,    555.3317,  26367.1504,
       1,     170,      34,      12,       1,       3,       1,     10.0000,      1.4108,     42.7596,    251.3534,     63.2561,      3.4953,      0.1905,      0.1580,     18.1846,      0.1565,      5.6444,     11.2888,      1.3832,     29.0368,     58.0737,      0.0194,      0.0009,      0.2500,      0.2062,   7910.1455,-445029.7500,   -953.0089,    555.5095,  26367.1504,
       1,     170,      34,      13,       1,       3,       1,     10.0000,      1.4108,     42.7596,    251.3534,     63.2561,      3.4953,      0.1903,      0.1570,     17.6087,      0.1793,      5.6444,     11.2888,      1.5848,     29.0368,     58.0737,      0.0194,      0.0009,      0.2500,      0.2062,   7910.1455,-444498.8125,   -952.8253,    555.5463,  26367.1504,
       1,     170,      34,      14,       1,       3,       1,     10.0000,      1.4108,     42.7596,    251.3534,     63.2561,      3.4953,      0.1660,      0.1330,     20.8184,      0.1698,      5.6444,     11.2888,      1.5002,     29.0368,     58.0737,      0.0194,      0.0012,      0.2146,      0.2062,   7910.1455,-443744.2188,   -952.5710,    555.5987,  26367.1504,
       1,     170,      34,      15,       1,       3,       1,     10.0000,      1.4108,     42.7596,    251.3534,     63.2561,      3.4953,      0.1696,      0.1372,     36.6217,      0.1517,      5.6444,     11.2888,      1.3408,     29.0368,     58.0737,      0.0194,      0.0020,      0.2179,      0.2062,   7910.1455,-447632.6250,   -953.3825,    555.3287,  26367.1523,
       1,     170,      34,      16,       1,       3,       1,     10.0000,      1.4108,     42.7596,    251.3534,     63.2561,      3.4953,      0.1920,      0.1587,     39.5865,      0.1797,      5.6444,     11.2888,      1.5879,     29.0368,     58.0737,      0.0194,      0.0019,      0.2500,      0.2062,   7910.1460,-467430.2500,   -961.0863,    553.9545,  26367.1504,
       1,     170,      34,      17,       1,       3,       1,     10.0000,      1.4108,     42.7596,    251.3534,     63.2561,      3.4953,      0.1944,      0.1609,     69.8360,      0.1868,      5.6444,     11.2888,      1.6507,     29.0368,     58.0737,      0.0194,      0.0034,      0.2500,      0.2062,   7910.1455,-472782.2188,   -962.2102,    553.5855,  26367.1504,
       1,     170,      34,      18,       1,       3,       1,     10.0000,      1.4108,     42.7596,    251.3534,     63.2561,      3.4953,      0.1644,      0.1313,     76.9922,      0.1751,      5.6444,     11.2888,      1.5473,     29.0368,     58.0737,      0.0194,      0.0045,      0.2060,      0.2062,   7910.1455,-510509.9688,   -970.3096,    550.9750,  26367.1504,
       1,     170,      34,      19,       1,       3,       1,     10.0000,      1.4108,     42.7596,    251.3534,     63.2561,      3.4953,      0.1389,      0.1060,     64.2697,      0.1651,      5.6444,     11.2888,      1.4587,     29.0368,     58.0737,      0.0194,      0.0046,      0.1707,      0.2062,   7910.1455,-522575.5000,   -973.0718,    550.1501,  26367.1504,
       1,     170,      34,      20,       1,       3,       1,     10.0000,      1.4108,     42.7596,    251.3534,     63.2561,      3.4953,      0.0175,     -0.0149,      1.1692,      0.1510,      5.6444,     11.2888,      1.3340,     29.0368,     58.0737,      0.0194,      0.0033,      0.0043,      0.2062,   7910.1455,-507911.8750,   -970.1327,    551.1592,  26367.1504,
       1,     170,      34,      21,       1,       3,       1,     10.0000,      1.4108,     42.7596,    251.3534,     63.2561,      3.4953,      0.0000,     -0.0320,      6.5686,      0.1424,      5.6444,     11.2888,      1.2582,     29.0368,     58.0737,      0.0194,      0.0051,      0.0156,      0.2062,   7910.1455,-428870.8125,   -953.2665,    556.6057,  26367.1504,
       1,     170,      34,      22,       1,       3,       1,     10.0000,      1.4108,     42.7596,    251.3534,     63.2561,      3.4953,      0.0000,     -0.0318,      8.2685,      0.1365,      5.6444,     11.2888,      1.2058,     29.0368,     58.0737,      0.0194,      0.0064,      0.0156,      0.2063,   7910.1455,-428843.0000,   -953.1675,    556.6346,  26367.1504,
       1,     170,      34,      23,       1,       3,       1,     10.0000,      1.4108,     42.7596,    251.3534,     63.2561,      3.4953,      0.0000,     -0.0316,      7.1038,      0.1329,      5.6444,     11.2888,      1.1744,     29.0368,     58.0737,      0.0194,      0.0055,      0.0156,      0.2063,   7910.1455,-430900.4062,   -953.4890,    556.4914,  26367.1504,
       1,     170,      34,      24,       1,       3,       1,     10.0000,      1.4108,     42.7596,    251.3534,     63.2561,      3.4953,      0.0000,     -0.0316,      6.4928,      0.1305,      5.6444,     11.2888,      1.1531,     29.0368,     58.0737,      0.0194,      0.0050,      0.0156,      0.2063,   7910.1455,-429642.7812,   -953.1179,    556.5790,  26367.1484,
       1,     170,      35,       1,       1,       3,       1,     10.0000,      1.4108,     42.7599,    251.3593,     63.2576,      3.4953,      0.0000,     -0.0314,      5.9393,      0.1266,      5.6450,     11.2900,      1.1184,     29.0429,     58.0858,      0.0194,      0.0046,      0.0156,      0.2063,   7910.1450,-428936.3438,   -953.1846,    556.6412,  26368.3203,
       1,     170,      35,       2,       1,       3,       1,     10.0000,      1.4108,     42.7599,    251.3593,     63.2576,      3.4953,      0.0000,     -0.0315,      4.8991,      0.1288,      5.6450,     11.2900,      1.1380,     29.0429,     58.0858,      0.0194,      0.0038,      0.0156,      0.2063,   7910.4966,-428042.7188,   -952.6053,    556.7033,  26368.3203,
       1,     170,      35,       3,       1,       3,       1,     10.0000,      1.4108,     42.7599,    251.3593,     63.2576,      3.4953,      0.0000,     -0.0316,      4.2079,      0.1316,      5.6450,     11.2900,      1.1626,     29.0429,     58.0858,      0.0194,      0.0033,      0.0156,      0.2063,   7910.4966,-426685.5000,   -952.2493,    556.7978,  26368.3203,
       1,     170,      35,       4,       1,       3,       1,     10.0000,      1.4108,     42.7599,    251.3593,     63.2576,      3.4953,      0.0000,     -0.0316,      3.8123,      0.1305,      5.6450,     11.2900,      1.1531,     29.0429,     58.0858,      0.0194,      0.0030,      0.0156,      0.2063,   7910.4966,-425718.2500,   -951.9868,    556.8651,  26368.3203,
       1,     170,      35,       5,       1,       3,       1,     10.0000,      1.4108,     42.7599,    251.3593,     63.2576,      3.4953,      0.0000,     -0.0314,      3.5617,      0.1277,      5.6450,     11.2900,      1.1287,     29.0429,     58.0858,      0.0194,      0.0028,      0.0156,      0.2063,   7910.4966,-425148.2188,   -951.8157,    556.9048,  26368.3203,
       1,     170,      35,       6,       1,       3,       1,     10.0000,      1.4108,     42.7599,    251.3593,     63.2576,      3.4953,      0.0000,     -0.0315,      2.7906,      0.1289,      5.6450,     11.2900,      1.1391,     29.0429,     58.0858,      0.0194,      0.0022,      0.0156,      0.2063,   7910.4966,-424790.7500,   -951.6940,    556.9297,  26368.3203,
       1,     170,      35,       7,       1,       3,       1,     10.0000,      1.4108,     42.7599,    251.3593,     63.2576,      3.4953,      0.0000,     -0.0315,      3.5272,      0.1301,      5.6450,     11.2900,      1.1496,     29.0429,     58.0858,      0.0194,      0.0027,      0.0156,      0.2063,   7910.4966,-423810.9062,   -951.4489,    556.9979,  26368.3203,
       1,     170,      35,       8,       1,       3,       1,     10.0000,      1.4108,     42.7599,    251.3593,     63.2576,      3.4953,      0.0007,     -0.0308,      3.8318,      0.1293,      5.6450,     11.2900,      1.1426,     29.0429,     58.0858,      0.0194,      0.0030,      0.0156,      0.2063,   7910.4966,-424633.7812,   -951.5814,    556.9406,  26368.3203,
       1,     170,      35,       9,       1,       3,       1,     10.0000,      1.4108,     42.7599,    251.3593,     63.2576,      3.4953,      0.0875,      0.0558,     25.6594,      0.1333,      5.6450,     11.2900,      1.1780,     29.0429,     58.0858,      0.0194,      0.0030,      0.1021,      0.2063,   7910.4966,-425079.4062,   -951.6288,    556.9096,  26368.3203,
       1,     170,      35,      10,       1,       3,       1,     10.0000,      1.4108,     42.7599,    251.3593,     63.2576,      3.4953,      0.1676,      0.1353,     50.5813,      0.1519,      5.6450,     11.2900,      1.3421,     29.0429,     58.0858,      0.0194,      0.0029,      0.2135,      0.2063,   7910.4966,-451990.0312,   -957.3985,    555.0363,  26368.3203,
       1,     170,      35,      11,       1,       3,       1,     10.0000,      1.4108,     42.7599,    251.3593,     63.2576,      3.4953,      0.1942,      0.1613,     65.4944,      0.1664,      5.6450,     11.2900,      1.4705,     29.0429,     58.0858,      0.0194,      0.0032,      0.2500,      0.2063,   7910.4966,-484998.5938,   -964.5284,    552.7493,  26368.3203,
       1,     170,      35,      12,       1,       3,       1,     10.0000,      1.4108,     42.7599,    251.3593,     63.2576,      3.4953,      0.1945,      0.1614,     70.6769,      0.1756,      5.6450,     11.2900,      1.5520,     29.0429,     58.0858,      0.0194,      0.0034,      0.2500,      0.2062,   7910.4966,-506208.5312,   -969.1777,    551.2885,  26368.3184,
       1,     170,      35,      13,       1,       3,       1,     10.0000,      1.4108,     42.7599,    251.3593,     63.2576,      3.4953,      0.1940,      0.1604,     65.6296,      0.1902,      5.6450,     11.2900,      1.6805,     29.0429,     58.0858,      0.0194,      0.0032,      0.2500,      0.2062,   7910.4956,-514409.0625,   -971.0640,    550.7253,  26368.3203,
       1,     170,      35,      14,       1,       3,       1,     10.0000,      1.4108,     42.7599,    251.3593,     63.2576,      3.4953,      0.1941,      0.1604,     66.4776,      0.1913,      5.6450,     11.2900,      1.6905,     29.0429,     58.0858,      0.0194,      0.0032,      0.2500,      0.2062,   7910.4966,-508885.2188,   -969.9774,    551.1059,  26368.3203,
       1,     170,      35,      15,       1,       3,       1,     10.0000,      1.4108,     42.7599,    251.3593,     63.2576,      3.4953,      0.1953,      0.1618,     81.5061,      0.1855,      5.6450,     11.2900,      1.6393,     29.0429,     58.0858,      0.0194,      0.0040,      0.2500,      0.2062,   7910.4966,-509458.9062,   -970.1971,    551.0665,  26368.3203,
       1,     170,      35,      16,       1,       3,       1,     10.0000,      1.4108,     42.7599,    251.3593,     63.2576,      3.4953,      0.1974,      0.1640,    108.0850,      0.1840,      5.6450,     11.2900,      1.6263,     29.0429,     58.0858,      0.0194,      0.0052,      0.2500,      0.2062,   7910.4966,-528033.4375,   -974.3446,    549.7870,  26368.3203,
       1,     170,      35,      17,       1,       3,       1,     10.0000,      1.4108,     42.7599,    251.3593,     63.2576,      3.4953,      0.1991,      0.1658,    128.9404,      0.1788,      5.6450,     11.2900,      1.5801,     29.0429,     58.0858,      0.0194,      0.0063,      0.2500,      0.2062,   7910.4966,-562397.5000,   -982.0110,    547.4269,  26368.3184,
       1,     170,      35,      18,       1,       3,       1,     10.0000,      1.4108,     42.7599,    251.3593,     63.2576,      3.4953,      0.1854,      0.1524,    125.0990,      0.1713,      5.6450,     11.2900,      1.5137,     29.0429,     58.0858,      0.0194,      0.0066,      0.2308,      0.2061,   7910.4956,-591076.5625,   -988.6025,    545.4695,  26368.3184,
       1,     170,      35,      19,       1,       3,       1,     10.0000,      1.4108,     42.7599,    251.3593,     63.2576,      3.4953,      0.1394,      0.1068,     91.3705,      0.1607,      5.6450,     11.2900,      1.4198,     29.0429,     58.0858,      0.0194,      0.0066,      0.1685,      0.2061,   7910.4956,-588788.5000,   -988.5811,    545.6289,  26368.3184,
       1,     170,      35,      20,       1,       3,       1,     10.0000,      1.4108,     42.7599,    251.3593,     63.2576,      3.4953,      0.0118,     -0.0204,      7.7688,      0.1477,      5.6450,     11.2900,      1.3048,     29.0429,     58.0858,      0.0194,      0.0060,      0.0156,      0.2061,   7910.4956,-546956.6875,   -979.9153,    548.4821,  26368.3184,
       1,     170,      35,      21,       1,       3,       1,     10.0000,      1.4108,     42.7599,    251.3593,     63.2576,      3.4953,      0.0000,     -0.0320,      7.9974,      0.1434,      5.6450,     11.2900,      1.2671,     29.0429,     58.0858,      0.0194,      0.0062,      0.0156,      0.2062,   7910.4956,-440292.9688,   -956.8347,    555.8024,  26368.3145,
       1,     170,      35,      22,       1,       3,       1,     10.0000,      1.4108,     42.7599,    251.3593,     63.2576,      3.4953,      0.0000,     -0.0319,      7.9228,      0.1401,      5.6450,     11.2900,      1.2380,     29.0429,     58.0858,      0.0194,      0.0062,      0.0156,      0.2063,   7910.4946,-431610.1250,   -954.8648,    556.4548,  26368.3164,
       1,     170,      35,      23,       1,       3,       1,     10.0000,      1.4108,     42.7599,    251.3593,     63.2576,      3.4953,      0.0000,     -0.0318,      6.8934,      0.1370,      5.6450,     11.2900,      1.2107,     29.0429,     58.0858,      0.0194,      0.0054,      0.0156,      0.2063,   7910.4951,-430714.9688,   -954.5887,    556.5175,  26368.3164,
       1,     170,      35,      24,       1,       3,       1,     10.0000,      1.4108,     42.7599,    251.3593,     63.2576,      3.4953,      0.0000,     -0.0318,      6.1318,      0.1360,      5.6450,     11.2900,      1.2022,     29.0429,     58.0858,      0.0194,      0.0048,      0.0156,      0.2063,   7910.4951,-429370.2188,   -954.2266,    556.6109,  26368.3164,
       1,     170,      36,       1,       1,       3,       1,     10.0000,      1.4108,     42.7603,    251.3651,     63.2591,      3.4953,      0.0000,     -0.0316,      4.8964,      0.1328,      5.6448,     11.2896,      1.1733,     29.0515,     58.1030,      0.0194,      0.0038,      0.0156,      0.2063,   7910.4951,-428471.3125,   -954.2866,    556.6864,  26369.4922,
       1,     170,      36,       2,       1,       3,       1,     10.0000,      1.4108,     42.7603,    251.3651,     63.2591,      3.4953,      0.0000,     -0.0317,      4.2931,      0.1333,      5.6448,     11.2896,      1.1780,     29.0515,     58.1030,      0.0194,      0.0033,      0.0156,      0.2063,   7910.8481,-426721.5312,   -953.5451,    556.8082,  26369.4941,
       1,     170,      36,       3,       1,       3,       1,     10.0000,      1.4108,     42.7603,    251.3651,     63.2591,      3.4953,      0.0000,     -0.0315,      3.6999,      0.1288,      5.6448,     11.2896,      1.1380,     29.0515,     58.1030,      0.0194,      0.0029,      0.0156,      0.2063,   7910.8486,-425828.8125,   -953.3096,    556.8703,  26369.4922,
       1,     170,      36,       4,       1,       3,       1,     10.0000,      1.4108,     42.7603,    251.3651,     63.2591,      3.4953,      0.0000,     -0.0314,      3.2806,      0.1274,      5.6448,     11.2896,      1.1253,     29.0515,     58.1030,      0.0194,      0.0026,      0.0156,      0.2063,   7910.8481,-425022.3438,   -953.1005,    556.9265,  26369.4941,
       1,     170,      36,       5,       1,       3,       1,     10.0000,      1.4108,     42.7603,    251.3651,     63.2591,      3.4953,      0.0000,     -0.0315,      3.3736,      0.1296,      5.6448,     11.2896,      1.1450,     29.0515,     58.1030,      0.0194,      0.0026,      0.0156,      0.2063,   7910.8486,-424436.8750,   -952.9432,    556.9672,  26369.4902,
       1,     170,      36,       6,       1,       3,       1,     10.0000,      1.4108,     42.7603,    251.3651,     63.2591,      3.4953,      0.0000,     -0.0314,      2.8514,      0.1255,      5.6448,     11.2896,      1.1094,     29.0515,     58.1030,      0.0194,      0.0022,      0.0156,      0.2063,   7910.8472,-424501.4375,   -952.9289,    556.9628,  26369.4922,
       1,     170,      36,       7,       1,       3,       1,     10.0000,      1.4108,     42.7603,    251.3651,     63.2591,      3.4953,      0.0000,     -0.0314,      2.8933,      0.1253,      5.6448,     11.2896,      1.1071,     29.0515,     58.1030,      0.0194,      0.0022,      0.0156,      0.2063,   7910.8481,-423863.9375,   -952.7655,    557.0071,  26369.4922,
       1,     170,      36,       8,       1,       3,       1,     10.0000,      1.4108,     42.7603,    251.3651,     63.2591,      3.4953,      0.0009,     -0.0304,      2.8103,      0.1239,      5.6448,     11.2896,      1.0948,     29.0515,     58.1030,      0.0194,      0.0022,      0.0156,      0.2063,   7910.8481,-423860.9688,   -952.7404,    557.0073,  26369.4902,
       1,     170,      36,       9,       1,       3,       1,     10.0000,      1.4108,     42.7603,    251.3651,     63.2591,      3.4953,      0.0746,      0.0431,     15.0028,      0.1271,      5.6448,     11.2896,      1.1230,     29.0515,     58.1030,      0.0194,      0.0021,      0.0851,      0.2063,   7910.8472,-423758.8750,   -952.6948,    557.0145,  26369.4902,
       1,     170,      36,      10,       1,       3,       1,     10.0000,      1.4108,     42.7603,    251.3651,     63.2591,      3.4953,      0.1690,      0.1369,     44.5563,      0.1456,      5.6448,     11.2896,      1.2865,     29.0515,     58.1030,      0.0194,      0.0025,      0.2162,      0.2063,   7910.8472,-438758.3750,   -955.9634,    555.9700,  26369.4922,
       1,     170,      36,      11,       1,       3,       1,     10.0000,      1.4108,     42.7603,    251.3651,     63.2591,      3.4953,      0.1934,      0.1606,     54.6422,      0.1644,      5.6448,     11.2896,      1.4530,     29.0515,     58.1030,      0.0194,      0.0027,      0.2500,      0.2063,   7910.8481,-476433.3750,   -964.2197,    553.3528,  26369.4922,
       1,     170,      36,      12,       1,       3,       1,     10.0000,      1.4108,     42.7603,    251.3651,     63.2591,      3.4953,      0.1930,      0.1597,     52.2730,      0.1820,      5.6448,     11.2896,      1.6087,     29.0515,     58.1030,      0.0194,      0.0025,      0.2500,      0.2063,   7910.8481,-492099.4062,   -967.7164,    552.2753,  26369.4883,
       1,     170,      36,      13,       1,       3,       1,     10.0000,      1.4108,     42.7603,    251.3651,     63.2591,      3.4953,      0.1927,      0.1592,     48.6500,      0.1863,      5.6448,     11.2896,      1.6459,     29.0515,     58.1030,      0.0194,      0.0024,      0.2500,      0.2063,   7910.8467,-490514.6562,   -967.4594,    552.3857,  26369.4922,
       1,     170,      36,      14,       1,       3,       1,     10.0000,      1.4108,     42.7603,    251.3651,     63.2591,      3.4953,      0.1928,      0.1592,     50.1258,      0.1902,      5.6448,     11.2896,      1.6805,     29.0515,     58.1030,      0.0194,      0.0024,      0.2500,      0.2063,   7910.8481,-485913.5000,   -966.5237,    552.7035,  26369.4883,
       1,     170,      36,      15,       1,       3,       1,     10.0000,      1.4108,     42.7603,    251.3651,     63.2591,      3.4953,      0.1950,      0.1614,     77.7391,      0.1896,      5.6448,     11.2896,      1.6755,     29.0515,     58.1030,      0.0194,      0.0038,      0.2500,      0.2063,   7910.8467,-487339.2812,   -966.8969,    552.6050,  26369.4883,
       1,     170,      36,      16,       1,       3,       1,     10.0000,      1.4108,     42.7603,    251.3651,     63.2591,      3.4953,      0.1968,      0.1633,    100.4075,      0.1859,      5.6448,     11.2896,      1.6426,     29.0515,     58.1030,      0.0194,      0.0049,      0.2500,      0.2063,   7910.8467,-521484.0625,   -974.4836,    550.2465,  26369.4922,
       1,     170,      36,      17,       1,       3,       1,     10.0000,      1.4108,     42.7603,    251.3651,     63.2591,      3.4953,      0.1994,      0.1661,    134.0374,      0.1806,      5.6448,     11.2896,      1.5959,     29.0515,     58.1030,      0.0194,      0.0065,      0.2500,      0.2062,   7910.8481,-552361.1250,   -981.4898,    548.1278,  26369.4883,
       1,     170,      36,      18,       1,       3,       1,     10.0000,      1.4108,     42.7603,    251.3651,     63.2591,      3.4953,      0.1832,      0.1502,    119.1142,      0.1711,      5.6448,     11.2896,      1.5123,     29.0515,     58.1030,      0.0194,      0.0063,      0.2283,      0.2062,   7910.8467,-596483.4375,   -991.5687,    545.1087,  26369.4883,
       1,     170,      36,      19,       1,       3,       1,     10.0000,      1.4108,     42.7603,    251.3651,     63.2591,      3.4953,      0.1409,      0.1082,     87.5701,      0.1617,      5.6448,     11.2896,      1.4284,     29.0515,     58.1030,      0.0194,      0.0062,      0.1711,      0.2061,   7910.8467,-581852.2500,   -988.8715,    546.1140,  26369.4883,
       1,     170,      36,      20,       1,       3,       1,     10.0000,      1.4108,     42.7603,    251.3651,     63.2591,      3.4953,      0.0142,     -0.0180,      7.8122,      0.1483,      5.6448,     11.2896,      1.3101,     29.0515,     58.1030,      0.0194,      0.0061,      0.0156,      0.2061,   7910.8467,-541669.3750,   -980.4631,    548.8580,  26369.4863,
       1,     170,      36,      21,       1,       3,       1,     10.0000,      1.4108,     42.7603,    251.3651,     63.2591,      3.4953,      0.0000,     -0.0319,      7.5068,      0.1410,      5.6448,     11.2896,      1.2456,     29.0515,     58.1030,      0.0194,      0.0058,      0.0156,      0.2062,   7910.8462,-439905.1875,   -958.1874,    555.8466,  26369.4844,
       1,     170,      36,      22,       1,       3,       1,     10.0000,      1.4108,     42.7603,    251.3651,     63.2591,      3.4953,      0.0000,     -0.0319,      7.7481,      0.1391,      5.6448,     11.2896,      1.2293,     29.0515,     58.1030,      0.0194,      0.0060,      0.0156,      0.2063,   7910.8457,-430969.9688,   -956.1703,    556.5122,  26369.4883,
       1,     170,      36,      23,       1,       3,       1,     10.0000,      1.4108,     42.7603,    251.3651,     63.2591,      3.4953,      0.0000,     -0.0317,      7.2957,      0.1344,      5.6448,     11.2896,      1.1876,     29.0515,     58.1030,      0.0194,      0.0057,      0.0156,      0.2063,   7910.8467,-430447.0312,   -956.0037,    556.5489,  26369.4863,
       1,     170,      36,      24,       1,       3,       1,     10.0000,      1.4108,     42.7603,    251.3651,     63.2591,      3.4953,      0.0000,     -0.0315,      6.5423,      0.1293,      5.6448,     11.2896,      1.1426,     29.0515,     58.1030,      0.0194,      0.0051,      0.0156,      0.2063,   7910.8462,-429845.2500,   -957.2941,    556.5909,  26369.4883,
       1,     170,      37,       1,       1,       3,       1,     10.0000,      1.4109,     42.7606,    251.3710,     63.2605,      3.4953,      0.0000,     -0.0316,      4.9755,      0.1302,      5.6448,     11.2895,      1.1508,     29.0598,     58.1195,      0.0194,      0.0039,      0.0156,      0.2063,   7910.8467,-429019.0938,   -957.3674,    556.6612,  26370.6602,
       1,     170,      37,       2,       1,       3,       1,     10.0000,      1.4109,     42.7606,    251.3710,     63.2605,      3.4953,      0.0000,     -0.0315,      4.2574,      0.1279,      5.6448,     11.2895,      1.1300,     29.0598,     58.1195,      0.0194,      0.0033,      0.0156,      0.2063,   7911.1982,-426868.5000,   -956.5336,    556.8109,  26370.6602,
       1,     170,      37,       3,       1,       3,       1,     10.0000,      1.4109,     42.7606,    251.3710,     63.2605,      3.4953,      0.0000,     -0.0317,      3.9815,      0.1332,      5.6448,     11.2895,      1.1769,     29.0598,     58.1195,      0.0194,      0.0031,      0.0156,      0.2063,   7911.1982,-425800.2500,   -956.2606,    556.8853,  26370.6582,
       1,     170,      37,       4,       1,       3,       1,     10.0000,      1.4109,     42.7606,    251.3710,     63.2605,      3.4953,      0.0000,     -0.0316,      3.1096,      0.1309,      5.6448,     11.2895,      1.1567,     29.0598,     58.1195,      0.0194,      0.0024,      0.0156,      0.2063,   7911.1978,-425369.3750,   -956.1314,    556.9152,  26370.6582,
       1,     170,      37,       5,       1,       3,       1,     10.0000,      1.4109,     42.7606,    251.3710,     63.2605,      3.4953,      0.0000,     -0.0316,      2.4974,      0.1322,      5.6448,     11.2895,      1.1685,     29.0598,     58.1195,      0.0194,      0.0019,      0.0156,      0.2063,   7911.1978,-424259.3438,   -955.8608,    556.9926,  26370.6582,
       1,     170,      37,       6,       1,       3,       1,     10.0000,      1.4109,     42.7606,    251.3710,     63.2605,      3.4953,      0.0000,     -0.0316,      2.4429,      0.1306,      5.6448,     11.2895,      1.1544,     29.0598,     58.1195,      0.0194,      0.0019,      0.0156,      0.2063,   7911.1978,-423410.4688,   -955.6530,    557.0516,  26370.6562,
       1,     170,      37,       7,       1,       3,       1,     10.0000,      1.4109,     42.7606,    251.3710,     63.2605,      3.4953,      0.0000,     -0.0316,      2.3307,      0.1316,      5.6448,     11.2895,      1.1626,     29.0598,     58.1195,      0.0194,      0.0018,      0.0156,      0.2063,   7911.1973,-423271.2188,   -955.6036,    557.0613,  26370.6602,
       1,     170,      37,       8,       1,       3,       1,     10.0000,      1.4109,     42.7606,    251.3710,     63.2605,      3.4953,      0.0009,     -0.0307,      2.9196,      0.1297,      5.6448,     11.2895,      1.1462,     29.0598,     58.1195,      0.0194,      0.0023,      0.0156,      0.2063,   7911.1982,-423120.6250,   -955.5507,    557.0718,  26370.6582,
       1,     170,      37,       9,       1,       3,       1,     10.0000,      1.4109,     42.7606,    251.3710,     63.2605,      3.4953,      0.0786,      0.0468,     16.6988,      0.1356,      5.6448,     11.2895,      1.1986,     29.0598,     58.1195,      0.0194,      0.0022,      0.0904,      0.2063,   7911.1978,-423832.7500,   -955.6841,    557.0222,  26370.6562,
       1,     170,      37,      10,       1,       3,       1,     10.0000,      1.4109,     42.7606,    251.3710,     63.2605,      3.4953,      0.1615,      0.1291,     48.2510,      0.1510,      5.6448,     11.2895,      1.3341,     29.0598,     58.1195,      0.0194,      0.0029,      0.2049,      0.2063,   7911.1973,-440853.6875,   -959.4383,    555.8371,  26370.6562,
       1,     170,      37,      11,       1,       3,       1,     10.0000,      1.4109,     42.7606,    251.3710,     63.2605,      3.4953,      0.1935,      0.1607,     62.4051,      0.1636,      5.6448,     11.2895,      1.4457,     29.0598,     58.1195,      0.0194,      0.0030,      0.2493,      0.2063,   7911.1973,-481160.1875,   -968.3709,    553.0379,  26370.6562,
       1,     170,      37,      12,       1,       3,       1,     10.0000,      1.4109,     42.7606,    251.3710,     63.2605,      3.4953,      0.1935,      0.1601,     57.8998,      0.1810,      5.6448,     11.2895,      1.5991,     29.0598,     58.1195,      0.0194,      0.0028,      0.2500,      0.2063,   7911.1973,-502063.7500,   -973.0842,    551.5999,  26370.6582,
       1,     170,      37,      13,       1,       3,       1,     10.0000,      1.4109,     42.7606,    251.3710,     63.2605,      3.4953,      0.1929,      0.1592,     50.8838,      0.1906,      5.6448,     11.2895,      1.6839,     29.0598,     58.1195,      0.0194,      0.0025,      0.2500,      0.2063,   7911.1978,-498294.4375,   -972.3696,    551.8616,  26370.6562,
       1,     170,      37,      14,       1,       3,       1,     10.0000,      1.4109,     42.7606,    251.3710,     63.2605,      3.4953,      0.1925,      0.1592,     63.2511,      0.1804,      5.6448,     11.2895,      1.5944,     29.0598,     58.1195,      0.0194,      0.0031,      0.2480,      0.2063,   7911.1973,-489325.7188,   -970.4792,    552.4803,  26370.6562,
       1,     170,      37,      15,       1,       3,       1,     10.0000,      1.4109,     42.7606,    251.3710,     63.2605,      3.4953,      0.1954,      0.1615,     84.4537,      0.1992,      5.6448,     11.2895,      1.7606,     29.0598,     58.1195,      0.0194,      0.0041,      0.2500,      0.2063,   7911.1973,-503797.4688,   -973.8033,    551.4813,  26370.6582,
       1,     170,      37,      16,       1,       3,       1,     10.0000,      1.4109,     42.7606,    251.3710,     63.2605,      3.4953,      0.1966,      0.1628,     98.9557,      0.1948,      5.6448,     11.2895,      1.7210,     29.0598,     58.1195,      0.0194,      0.0048,      0.2500,      0.2063,   7911.1978,-531163.3750,   -980.0132,    549.5958,  26370.6562,
       1,     170,      37,      17,       1,       3,       1,     10.0000,      1.4109,     42.7606,    251.3710,     63.2605,      3.4953,      0.1979,      0.1643,    114.7745,      0.1891,      5.6448,     11.2895,      1.6706,     29.0598,     58.1195,      0.0194,      0.0056,      0.2500,      0.2062,   7911.1973,-551387.6250,   -984.7572,    548.2095,  26370.6562,
       1,     170,      37,      18,       1,       3,       1,     10.0000,      1.4109,     42.7606,    251.3710,     63.2605,      3.4953,      0.1851,      0.1518,    114.7839,      0.1790,      5.6448,     11.2895,      1.5817,     29.0598,     58.1195,      0.0194,      0.0060,      0.2315,      0.2062,   7911.1973,-572623.8125,   -989.8306,    546.7561,  26370.6562,
       1,     170,      37,      19,       1,       3,       1,     10.0000,      1.4109,     42.7606,    251.3710,     63.2605,      3.4953,      0.1184,      0.0855,     63.6853,      0.1679,      5.6448,     11.2895,      1.4839,     29.0598,     58.1195,      0.0194,      0.0055,      0.1415,      0.2062,   7911.1973,-574451.6250,   -990.6779,    546.6331,  26370.6562,
       1,     170,      37,      20,       1,       3,       1,     10.0000,      1.4109,     42.7606,    251.3710,     63.2605,      3.4953,      0.0130,     -0.0195,      8.2875,      0.1558,      5.6448,     11.2895,      1.3764,     29.0598,     58.1195,      0.0194,      0.0064,      0.0156,      0.2062,   7911.1973,-511563.1875,   -977.0570,    550.9302,  26370.6543,
       1,     170,      37,      21,       1,       3,       1,     10.0000,      1.4109,     42.7606,    251.3710,     63.2605,      3.4953,      0.0000,     -0.0321,      7.0440,      0.1454,      5.6448,     11.2895,      1.2852,     29.0598,     58.1195,      0.0194,      0.0055,      0.0156,      0.2063,   7911.1968,-437978.6250,   -960.7435,    556.0146,  26370.6543,
       1,     170,      37,      22,       1,       3,       1,     10.0000,      1.4109,     42.7606,    251.3710,     63.2605,      3.4953,      0.0000,     -0.0320,      6.7273,      0.1431,      5.6448,     11.2895,      1.2646,     29.0598,     58.1195,      0.0194,      0.0052,      0.0156,      0.2063,   7911.1968,-430211.2188,   -958.9700,    556.5780,  26370.6543,
       1,     170,      37,      23,       1,       3,       1,     10.0000,      1.4109,     42.7606,    251.3710,     63.2605,      3.4953,      0.0000,     -0.0322,      6.1269,      0.1472,      5.6448,     11.2895,      1.3009,     29.0598,     58.1195,      0.0194,      0.0048,      0.0156,      0.2063,   7911.1968,-429128.0000,   -958.6862,    556.6537,  26370.6543,
       1,     170,      37,      24,       1,       3,       1,     10.0000,      1.4109,     42.7606,    251.3710,     63.2605,      3.4953,      0.0000,     -0.0320,      5.5473,      0.1431,      5.6448,     11.2895,      1.2646,     29.0598,     58.1195,      0.0194,      0.0043,      0.0156,      0.2063,   7911.1968,-428295.7188,   -958.4634,    556.7115,  26370.6523,
       1,     170,      38,       1,       1,       3,       1,     10.0000,      1.4109,     42.7609,    251.3769,     63.2620,      3.4953,      0.0000,     -0.0319,      4.5139,      0.1398,      5.6452,     11.2905,      1.2356,     29.0673,     58.1346,      0.0194,      0.0035,      0.0156,      0.2064,   7911.1958,-427665.3750,   -958.6115,    556.7684,  26371.8281,
       1,     170,      38,       2,       1,       3,       1,     10.0000,      1.4109,     42.7609,    251.3769,     63.2620,      3.4953,      0.0000,     -0.0319,      3.4048,      0.1394,      5.6452,     11.2905,      1.2318,     29.0673,     58.1346,      0.0194,      0.0026,      0.0156,      0.2064,   7911.5488,-426187.5625,   -957.9345,    556.8713,  26371.8281,
       1,     170,      38,       3,       1,       3,       1,     10.0000,      1.4109,     42.7609,    251.3769,     63.2620,      3.4953,      0.0000,     -0.0319,      2.8427,      0.1381,      5.6452,     11.2905,      1.2207,     29.0673,     58.1346,      0.0194,      0.0022,      0.0156,      0.2064,   7911.5488,-424695.9375,   -957.5818,    556.9752,  26371.8281,
       1,     170,      38,       4,       1,       3,       1,     10.0000,      1.4109,     42.7609,    251.3769,     63.2620,      3.4953,      0.0000,     -0.0318,      2.7430,      0.1367,      5.6452,     11.2905,      1.2084,     29.0673,     58.1346,      0.0194,      0.0021,      0.0156,      0.2064,   7911.5488,-423876.3750,   -957.3828,    557.0322,  26371.8281,
       1,     170,      38,       5,       1,       3,       1,     10.0000,      1.4109,     42.7609,    251.3769,     63.2620,      3.4953,      0.0000,     -0.0318,      2.5085,      0.1358,      5.6452,     11.2905,      1.1998,     29.0673,     58.1346,      0.0194,      0.0020,      0.0156,      0.2064,   7911.5488,-423683.4062,   -957.3246,    557.0457,  26371.8301,
       1,     170,      38,       6,       1,       3,       1,     10.0000,      1.4109,     42.7609,    251.3769,     63.2620,      3.4953,      0.0000,     -0.0318,      2.4327,      0.1366,      5.6452,     11.2905,      1.2071,     29.0673,     58.1346,      0.0194,      0.0019,      0.0156,      0.2064,   7911.5493,-423378.0938,   -957.2425,    557.0668,  26371.8301,
       1,     170,      38,       7,       1,       3,       1,     10.0000,      1.4109,     42.7609,    251.3769,     63.2620,      3.4953,      0.0000,     -0.0319,      3.1074,      0.1395,      5.6452,     11.2905,      1.2331,     29.0673,     58.1346,      0.0194,      0.0024,      0.0156,      0.2064,   7911.5493,-423258.6562,   -957.2031,    557.0752,  26371.8281,
       1,     170,      38,       8,       1,       3,       1,     10.0000,      1.4109,     42.7609,    251.3769,     63.2620,      3.4953,      0.0010,     -0.0308,      3.2174,      0.1372,      5.6452,     11.2905,      1.2120,     29.0673,     58.1346,      0.0194,      0.0025,      0.0156,      0.2064,   7911.5488,-424079.0312,   -957.3699,    557.0181,  26371.8281,
       1,     170,      38,       9,       1,       3,       1,     10.0000,      1.4109,     42.7609,    251.3769,     63.2620,      3.4953,      0.0749,      0.0431,     16.4165,      0.1383,      5.6452,     11.2905,      1.2219,     29.0673,     58.1346,      0.0194,      0.0023,      0.0851,      0.2064,   7911.5488,-424284.6562,   -957.3984,    557.0038,  26371.8281,
       1,     170,      38,      10,       1,       3,       1,     10.0000,      1.4109,     42.7609,    251.3769,     63.2620,      3.4953,      0.1549,      0.1224,     34.9116,      0.1537,      5.6452,     11.2905,      1.3585,     29.0673,     58.1346,      0.0194,      0.0021,      0.1970,      0.2064,   7911.5488,-440546.0000,   -961.0312,    555.8716,  26371.8281,
       1,     170,      38,      11,       1,       3,       1,     10.0000,      1.4109,     42.7609,    251.3769,     63.2620,      3.4953,      0.1923,      0.1591,     42.3528,      0.1756,      5.6452,     11.2905,      1.5521,     29.0673,     58.1346,      0.0194,      0.0021,      0.2500,      0.2064,   7911.5488,-464709.3125,   -966.4546,    554.1938,  26371.8281,
       1,     170,      38,      12,       1,       3,       1,     10.0000,      1.4109,     42.7609,    251.3769,     63.2620,      3.4953,      0.1923,      0.1585,     44.3794,      0.1959,      5.6452,     11.2905,      1.7313,     29.0673,     58.1346,      0.0194,      0.0022,      0.2500,      0.2063,   7911.5488,-475946.1562,   -969.0035,    553.4179,  26371.8281,
       1,     170,      38,      13,       1,       3,       1,     10.0000,      1.4109,     42.7609,    251.3769,     63.2620,      3.4953,      0.1924,      0.1582,     46.2303,      0.2089,      5.6452,     11.2905,      1.8461,     29.0673,     58.1346,      0.0194,      0.0022,      0.2500,      0.2063,   7911.5488,-479401.2188,   -969.8226,    553.1794,  26371.8301,
       1,     170,      38,      14,       1,       3,       1,     10.0000,      1.4109,     42.7609,    251.3769,     63.2620,      3.4953,      0.1937,      0.1593,     64.6346,      0.2175,      5.6452,     11.2905,      1.9221,     29.0673,     58.1346,      0.0194,      0.0031,      0.2500,      0.2063,   7911.5493,-481975.5312,   -970.4397,    553.0015,  26371.8262,
       1,     170,      38,      15,       1,       3,       1,     10.0000,      1.4109,     42.7609,    251.3769,     63.2620,      3.4953,      0.1970,      0.1626,    106.6159,      0.2169,      5.6452,     11.2905,      1.9165,     29.0673,     58.1346,      0.0194,      0.0052,      0.2500,      0.2063,   7911.5483,-504865.0625,   -975.6321,    551.4193,  26371.8262,
       1,     170,      38,      16,       1,       3,       1,     10.0000,      1.4109,     42.7609,    251.3769,     63.2620,      3.4953,      0.1998,      0.1656,    140.9487,      0.2077,      5.6452,     11.2905,      1.8352,     29.0673,     58.1346,      0.0194,      0.0068,      0.2500,      0.2063,   7911.5483,-558555.1250,   -987.8541,    547.7208,  26371.8262,
       1,     170,      38,      17,       1,       3,       1,     10.0000,      1.4109,     42.7609,    251.3769,     63.2620,      3.4953,      0.1991,      0.1650,    158.1553,      0.2030,      5.6452,     11.2905,      1.7940,     29.0673,     58.1346,      0.0194,      0.0078,      0.2470,      0.2062,   7911.5483,-605515.7500,   -998.8000,    544.5180,  26371.8262,
       1,     170,      38,      18,       1,       3,       1,     10.0000,      1.4109,     42.7609,    251.3769,     63.2620,      3.4953,      0.1824,      0.1489,    140.0866,      0.1879,      5.6452,     11.2905,      1.6607,     29.0673,     58.1346,      0.0194,      0.0076,      0.2249,      0.2061,   7911.5483,-630778.2500,  -1005.0840,    542.8079,  26371.8242,
       1,     170,      38,      19,       1,       3,       1,     10.0000,      1.4109,     42.7609,    251.3769,     63.2620,      3.4953,      0.1272,      0.0942,     92.3894,      0.1715,      5.6452,     11.2905,      1.5154,     29.0673,     58.1346,      0.0194,      0.0074,      0.1509,      0.2061,   7911.5474,-610622.8750,  -1001.2534,    544.1782,  26371.8242,
       1,     170,      38,      20,       1,       3,       1,     10.0000,      1.4109,     42.7609,    251.3769,     63.2620,      3.4953,      0.0151,     -0.0175,      0.3830,      0.1581,      5.6452,     11.2905,      1.3973,     29.0673,     58.1346,      0.0194,      0.0068,      0.0007,      0.2061,   7911.5474,-550027.0000,   -988.1749,    548.3018,  26371.8223,
       1,     170,      38,      21,       1,       3,       1,     10.0000,      1.4109,     42.7609,    251.3769,     63.2620,      3.4953,      0.0000,     -0.0323,      7.7471,      0.1510,      5.6452,     11.2905,      1.3341,     29.0673,     58.1346,      0.0194,      0.0060,      0.0156,      0.2062,   7911.5469,-431456.5312,   -961.6357,    556.4439,  26371.8223,
       1,     170,      38,      22,       1,       3,       1,     10.0000,      1.4109,     42.7609,    251.3769,     63.2620,      3.4953,      0.0000,     -0.0322,      7.0222,      0.1465,      5.6452,     11.2905,      1.2944,     29.0673,     58.1346,      0.0194,      0.0055,      0.0156,      0.2064,   7911.5469,-430567.1562,   -961.4086,    556.5665,  26371.8223,
       1,     170,      38,      23,       1,       3,       1,     10.0000,      1.4109,     42.7609,    251.3769,     63.2620,      3.4953,      0.0000,     -0.0321,      6.2019,      0.1455,      5.6452,     11.2905,      1.2853,     29.0673,     58.1346,      0.0194,      0.0048,      0.0156,      0.2064,   7911.5469,-429523.9688,   -961.1478,    556.6392,  26371.8242,
       1,     170,      38,      24,       1,       3,       1,     10.0000,      1.4109,     42.7609,    251.3769,     63.2620,      3.4953,      0.0000,     -0.0322,      5.3530,      0.1478,      5.6452,     11.2905,      1.3062,     29.0673,     58.1346,      0.0194,      0.0042,      0.0156,      0.2064,   7911.5474,-428424.5000,   -960.8769,    556.7156,  26371.8223,
       1,     170,      39,       1,       1,       3,       1,     10.0000,      1.4109,     42.7613,    251.3828,     63.2635,      3.4953,      0.0000,     -0.0320,      4.3564,      0.1425,      5.6451,     11.2903,      1.2596,     29.0747,     58.1494,      0.0194,      0.0034,      0.0156,      0.2064,   7911.5469,-427439.7188,   -960.9615,    556.7971,  26372.9961,
       1,     170,      39,       2,       1,       3,       1,     10.0000,      1.4109,     42.7613,    251.3828,     63.2635,      3.4953,      0.0000,     -0.0318,      3.8513,      0.1370,      5.6451,     11.2903,      1.2108,     29.0747,     58.1494,      0.0194,      0.0030,      0.0156,      0.2064,   7911.8989,-425977.1562,   -960.2924,    556.8989,  26372.9961,
       1,     170,      39,       3,       1,       3,       1,     10.0000,      1.4109,     42.7613,    251.3828,     63.2635,      3.4953,      0.0000,     -0.0318,      3.5614,      0.1377,      5.6451,     11.2903,      1.2170,     29.0747,     58.1494,      0.0194,      0.0028,      0.0156,      0.2064,   7911.8989,-425230.2812,   -960.1111,    556.9509,  26372.9961,
       1,     170,      39,       4,       1,       3,       1,     10.0000,      1.4109,     42.7613,    251.3828,     63.2635,      3.4953,      0.0000,     -0.0318,      3.5206,      0.1363,      5.6451,     11.2903,      1.2047,     29.0747,     58.1494,      0.0194,      0.0027,      0.0156,      0.2064,   7911.8989,-424809.5625,   -960.0046,    556.9802,  26372.9961,
       1,     170,      39,       5,       1,       3,       1,     10.0000,      1.4109,     42.7613,    251.3828,     63.2635,      3.4953,      0.0000,     -0.0318,      3.7125,      0.1365,      5.6451,     11.2903,      1.2059,     29.0747,     58.1494,      0.0194,      0.0029,      0.0156,      0.2064,   7911.8989,-424723.3125,   -959.9739,    556.9862,  26372.9961,
       1,     170,      39,       6,       1,       3,       1,     10.0000,      1.4109,     42.7613,    251.3828,     63.2635,      3.4953,      0.0000,     -0.0318,      3.1703,      0.1369,      5.6451,     11.2903,      1.2096,     29.0747,     58.1494,      0.0194,      0.0025,      0.0156,      0.2064,   7911.8989,-424952.0312,   -960.0138,    556.9703,  26372.9961,
       1,     170,      39,       7,       1,       3,       1,     10.0000,      1.4109,     42.7613,    251.3828,     63.2635,      3.4953,      0.0000,     -0.0316,      2.7319,      0.1325,      5.6451,     11.2903,      1.1710,     29.0747,     58.1494,      0.0194,      0.0021,      0.0156,      0.2064,   7911.8989,-424304.4062,   -959.8576,    557.0154,  26372.9961,
       1,     170,      39,       8,       1,       3,       1,     10.0000,      1.4109,     42.7613,    251.3828,     63.2635,      3.4953,      0.0010,     -0.0304,      2.7826,      0.1265,      5.6451,     11.2903,      1.1174,     29.0747,     58.1494,      0.0194,      0.0022,      0.0156,      0.2064,   7911.8989,-423709.4375,   -959.7149,    557.0568,  26372.9961,
       1,     170,      39,       9,       1,       3,       1,     10.0000,      1.4109,     42.7613,    251.3828,     63.2635,      3.4953,      0.0761,      0.0446,     14.9000,      0.1276,      5.6451,     11.2903,      1.1277,     29.0747,     58.1494,      0.0194,      0.0021,      0.0872,      0.2064,   7911.8989,-423720.9375,   -959.7090,    557.0560,  26372.9941,
       1,     170,      39,      10,       1,       3,       1,     10.0000,      1.4109,     42.7613,    251.3828,     63.2635,      3.4953,      0.1680,      0.1358,     39.9449,      0.1495,      5.6451,     11.2903,      1.3208,     29.0747,     58.1494,      0.0194,      0.0023,      0.2153,      0.2064,   7911.8984,-438632.9375,   -963.0889,    556.0176,  26372.9941,
       1,     170,      39,      11,       1,       3,       1,     10.0000,      1.4109,     42.7613,    251.3828,     63.2635,      3.4953,      0.1930,      0.1599,     51.2053,      0.1729,      5.6451,     11.2903,      1.5276,     29.0747,     58.1494,      0.0194,      0.0025,      0.2500,      0.2064,   7911.8984,-470738.0938,   -970.3840,    553.7872,  26372.9922,
       1,     170,      39,      12,       1,       3,       1,     10.0000,      1.4109,     42.7613,    251.3828,     63.2635,      3.4953,      0.1922,      0.1584,     42.1501,      0.1934,      5.6451,     11.2903,      1.7092,     29.0747,     58.1494,      0.0194,      0.0020,      0.2500,      0.2064,   7911.8979,-487363.0312,   -974.2073,    552.6409,  26372.9961,
       1,     170,      39,      13,       1,       3,       1,     10.0000,      1.4109,     42.7613,    251.3828,     63.2635,      3.4953,      0.1916,      0.1575,     36.4284,      0.2055,      5.6451,     11.2903,      1.8155,     29.0747,     58.1494,      0.0194,      0.0018,      0.2500,      0.2063,   7911.8989,-477627.8125,   -972.0818,    553.3145,  26372.9941,
       1,     170,      39,      14,       1,       3,       1,     10.0000,      1.4109,     42.7613,    251.3828,     63.2635,      3.4953,      0.1920,      0.1578,     41.9781,      0.2097,      5.6451,     11.2903,      1.8534,     29.0747,     58.1494,      0.0194,      0.0020,      0.2500,      0.2063,   7911.8984,-469750.0938,   -970.3493,    553.8598,  26372.9941,
       1,     170,      39,      15,       1,       3,       1,     10.0000,      1.4109,     42.7613,    251.3828,     63.2635,      3.4953,      0.1945,      0.1600,     73.9679,      0.2171,      5.6451,     11.2903,      1.9184,     29.0747,     58.1494,      0.0194,      0.0036,      0.2500,      0.2064,   7911.8984,-475910.8750,   -971.7905,    553.4335,  26372.9941,
       1,     170,      39,      16,       1,       3,       1,     10.0000,      1.4109,     42.7613,    251.3828,     63.2635,      3.4953,      0.1978,      0.1636,    115.1771,      0.2081,      5.6451,     11.2903,      1.8389,     29.0747,     58.1494,      0.0194,      0.0056,      0.2500,      0.2063,   7911.8984,-515832.0625,   -980.9255,    550.6720,  26372.9941,
       1,     170,      39,      17,       1,       3,       1,     10.0000,      1.4109,     42.7613,    251.3828,     63.2635,      3.4953,      0.1970,      0.1631,    133.2405,      0.1987,      5.6451,     11.2903,      1.7555,     29.0747,     58.1494,      0.0194,      0.0065,      0.2467,      0.2063,   7911.8984,-570042.4375,   -993.4859,    546.9474,  26372.9941,
       1,     170,      39,      18,       1,       3,       1,     10.0000,      1.4109,     42.7613,    251.3828,     63.2635,      3.4953,      0.1835,      0.1501,    124.2097,      0.1848,      5.6451,     11.2903,      1.6330,     29.0747,     58.1494,      0.0194,      0.0066,      0.2282,      0.2062,   7911.8984,-596979.2500,  -1000.0779,    545.1183,  26372.9941,
       1,     170,      39,      19,       1,       3,       1,     10.0000,      1.4109,     42.7613,    251.3828,     63.2635,      3.4953,      0.1363,      0.1033,     93.4917,      0.1712,      5.6451,     11.2903,      1.5124,     29.0747,     58.1494,      0.0194,      0.0069,      0.1638,      0.2062,   7911.8984,-588129.5000,   -998.6448,    545.7244,  26372.9922,
       1,     170,      39,      20,       1,       3,       1,     10.0000,      1.4109,     42.7613,    251.3828,     63.2635,      3.4953,      0.0170,     -0.0155,      1.9497,      0.1553,      5.6451,     11.2903,      1.3723,     29.0747,     58.1494,      0.0194,      0.0069,      0.0034,      0.2062,   7911.8979,-549473.6875,   -990.3612,    548.3616,  26372.9922,
       1,     170,      39,      21,       1,       3,       1,     10.0000,      1.4109,     42.7613,    251.3828,     63.2635,      3.4953,      0.0000,     -0.0321,      7.8776,      0.1449,      5.6451,     11.2903,      1.2801,     29.0747,     58.1494,      0.0194,      0.0061,      0.0156,      0.2063,   7911.8979,-433333.2812,   -964.1324,    556.3289,  26372.9902,
       1,     170,      39,      22,       1,       3,       1,     10.0000,      1.4109,     42.7613,    251.3828,     63.2635,      3.4953,      0.0000,     -0.0319,      6.9687,      0.1387,      5.6451,     11.2903,      1.2256,     29.0747,     58.1494,      0.0194,      0.0054,      0.0156,      0.2064,   7911.8975,-430887.5000,   -963.5607,    556.5571,  26372.9902,
       1,     170,      39,      23,       1,       3,       1,     10.0000,      1.4109,     42.7613,    251.3828,     63.2635,      3.4953,      0.0000,     -0.0318,      6.2337,      0.1366,      5.6451,     11.2903,      1.2072,     29.0747,     58.1494,      0.0194,      0.0048,      0.0156,      0.2064,   7911.8975,-429488.0312,   -963.2273,    556.6545,  26372.9902,
       1,     170,      39,      24,       1,       3,       1,     10.0000,      1.4109,     42.7613,    251.3828,     63.2635,      3.4953,      0.0000,     -0.0319,      5.6061,      0.1387,      5.6451,     11.2903,      1.2256,     29.0747,     58.1494,      0.0194,      0.0044,      0.0156,      0.2064,   7911.8975,-428463.6250,   -962.9818,    556.7258,  26372.9902,
       1,     170,      40,       1,       1,       3,       1,     10.0000,      1.4109,     42.7616,    251.3887,     63.2649,      3.4953,      0.0000,     -0.0319,      4.4481,      0.1388,      5.6456,     11.2912,      1.2269,     29.0826,     58.1652,      0.0194,      0.0035,      0.0156,      0.2064,   7911.8975,-427757.3125,   -963.1379,    556.7881,  26374.1641,
       1,     170,      40,       2,       1,       3,       1,     10.0000,      1.4109,     42.7616,    251.3887,     63.2649,      3.4953,      0.0000,     -0.0318,      3.5253,      0.1351,      5.6456,     11.2912,      1.1938,     29.0826,     58.1652,      0.0194,      0.0027,      0.0156,      0.2064,   7912.2495,-426120.1250,   -962.4295,    556.9020,  26374.1641,
       1,     170,      40,       3,       1,       3,       1,     10.0000,      1.4109,     42.7616,    251.3887,     63.2649,      3.4953,      0.0000,     -0.0317,      3.1297,      0.1347,      5.6456,     11.2912,      1.1902,     29.0826,     58.1652,      0.0194,      0.0024,      0.0156,      0.2064,   7912.2495,-424844.6250,   -962.1325,    556.9908,  26374.1641,
       1,     170,      40,       4,       1,       3,       1,     10.0000,      1.4109,     42.7616,    251.3887,     63.2649,      3.4953,      0.0000,     -0.0317,      3.0171,      0.1327,      5.6456,     11.2912,      1.1722,     29.0826,     58.1652,      0.0194,      0.0023,      0.0156,      0.2064,   7912.2495,-424248.5938,   -961.9913,    557.0323,  26374.1641,
       1,     170,      40,       5,       1,       3,       1,     10.0000,      1.4109,     42.7616,    251.3887,     63.2649,      3.4953,      0.0000,     -0.0314,      3.0715,      0.1261,      5.6456,     11.2912,      1.1140,     29.0826,     58.1652,      0.0194,      0.0024,      0.0156,      0.2064,   7912.2495,-424058.9688,   -961.9430,    557.0455,  26374.1641,
       1,     170,      40,       6,       1,       3,       1,     10.0000,      1.4109,     42.7616,    251.3887,     63.2649,      3.4953,      0.0000,     -0.0314,      2.9851,      0.1259,      5.6456,     11.2912,      1.1129,     29.0826,     58.1652,      0.0194,      0.0023,      0.0156,      0.2064,   7912.2495,-424109.5312,   -961.9493,    557.0419,  26374.1641,
       1,     170,      40,       7,       1,       3,       1,     10.0000,      1.4109,     42.7616,    251.3887,     63.2649,      3.4953,      0.0000,     -0.0315,      2.8198,      0.1274,      5.6456,     11.2912,      1.1254,     29.0826,     58.1652,      0.0194,      0.0022,      0.0156,      0.2064,   7912.2495,-424007.7188,   -961.9215,    557.0491,  26374.1641,
       1,     170,      40,       8,       1,       3,       1,     10.0000,      1.4109,     42.7616,    251.3887,     63.2649,      3.4953,      0.0011,     -0.0302,      2.7168,      0.1235,      5.6456,     11.2912,      1.0915,     29.0826,     58.1652,      0.0194,      0.0021,      0.0156,      0.2064,   7912.2495,-423795.5312,   -961.8686,    557.0638,  26374.1641,
       1,     170,      40,       9,       1,       3,       1,     10.0000,      1.4109,     42.7616,    251.3887,     63.2649,      3.4953,      0.0788,      0.0473,     14.8605,      0.1280,      5.6456,     11.2912,      1.1312,     29.0826,     58.1652,      0.0194,      0.0020,      0.0911,      0.2064,   7912.2495,-423650.6250,   -961.8317,    557.0739,  26374.1641,
       1,     170,      40,      10,       1,       3,       1,     10.0000,      1.4109,     42.7616,    251.3887,     63.2649,      3.4953,      0.1690,      0.1366,     35.9575,      0.1527,      5.6456,     11.2912,      1.3491,     29.0826,     58.1652,      0.0194,      0.0020,      0.2171,      0.2064,   7912.2495,-438579.6562,   -965.2500,    556.0344,  26374.1641,
       1,     170,      40,      11,       1,       3,       1,     10.0000,      1.4109,     42.7616,    251.3887,     63.2649,      3.4953,      0.1926,      0.1596,     44.7834,      0.1695,      5.6456,     11.2912,      1.4974,     29.0826,     58.1652,      0.0194,      0.0022,      0.2500,      0.2064,   7912.2495,-465823.8438,   -971.5037,    554.1418,  26374.1641,
       1,     170,      40,      12,       1,       3,       1,     10.0000,      1.4109,     42.7616,    251.3887,     63.2649,      3.4953,      0.1926,      0.1588,     47.1269,      0.1929,      5.6456,     11.2912,      1.7042,     29.0826,     58.1652,      0.0194,      0.0023,      0.2500,      0.2064,   7912.2495,-479028.9375,   -974.5816,    553.2303,  26374.1641,
       1,     170,      40,      13,       1,       3,       1,     10.0000,      1.4109,     42.7616,    251.3887,     63.2649,      3.4953,      0.1921,      0.1580,     42.3816,      0.2057,      5.6456,     11.2912,      1.8173,     29.0826,     58.1652,      0.0194,      0.0021,      0.2500,      0.2064,   7912.2495,-483041.5000,   -975.5761,    552.9536,  26374.1602,
       1,     170,      40,      14,       1,       3,       1,     10.0000,      1.4109,     42.7616,    251.3887,     63.2649,      3.4953,      0.1924,      0.1584,     46.2179,      0.2028,      5.6456,     11.2912,      1.7924,     29.0826,     58.1652,      0.0194,      0.0022,      0.2500,      0.2064,   7912.2485,-477540.3750,   -974.4037,    553.3339,  26374.1602,
       1,     170,      40,      15,       1,       3,       1,     10.0000,      1.4109,     42.7616,    251.3887,     63.2649,      3.4953,      0.1945,      0.1606,     73.3791,      0.2020,      5.6456,     11.2912,      1.7853,     29.0826,     58.1652,      0.0194,      0.0036,      0.2500,      0.2064,   7912.2485,-481794.5938,   -975.4512,    553.0397,  26374.1621,
       1,     170,      40,      16,       1,       3,       1,     10.0000,      1.4109,     42.7616,    251.3887,     63.2649,      3.4953,      0.1970,      0.1631,    104.1168,      0.1969,      5.6456,     11.2912,      1.7400,     29.0826,     58.1652,      0.0194,      0.0051,      0.2500,      0.2064,   7912.2490,-515605.2188,   -983.3053,    550.7025,  26374.1621,
       1,     170,      40,      17,       1,       3,       1,     10.0000,      1.4109,     42.7616,    251.3887,     63.2649,      3.4953,      0.1968,      0.1632,    127.0321,      0.1898,      5.6456,     11.2912,      1.6774,     29.0826,     58.1652,      0.0194,      0.0062,      0.2471,      0.2063,   7912.2490,-556379.0625,   -992.9036,    547.9006,  26374.1602,
       1,     170,      40,      18,       1,       3,       1,     10.0000,      1.4109,     42.7616,    251.3887,     63.2649,      3.4953,      0.1834,      0.1500,    121.0614,      0.1826,      5.6456,     11.2912,      1.6136,     29.0826,     58.1652,      0.0194,      0.0064,      0.2284,      0.2063,   7912.2485,-588127.8125,  -1000.6146,    545.7333,  26374.1602,
       1,     170,      40,      19,       1,       3,       1,     10.0000,      1.4109,     42.7616,    251.3887,     63.2649,      3.4953,      0.1146,      0.0818,     66.0555,      0.1669,      5.6456,     11.2912,      1.4751,     29.0826,     58.1652,      0.0194,      0.0059,      0.1358,      0.2062,   7912.2485,-583476.8125,  -1000.1002,    546.0549,  26374.1582,
       1,     170,      40,      20,       1,       3,       1,     10.0000,      1.4109,     42.7616,    251.3887,     63.2649,      3.4953,      0.0166,     -0.0159,      1.3000,      0.1564,      5.6456,     11.2912,      1.3820,     29.0826,     58.1652,      0.0194,      0.0055,      0.0028,      0.2062,   7912.2476,-515226.0625,   -984.8987,    550.7136,  26374.1582,
       1,     170,      40,      21,       1,       3,       1,     10.0000,      1.4109,     42.7616,    251.3887,     63.2649,      3.4953,      0.0000,     -0.0324,      6.7574,      0.1531,      5.6456,     11.2912,      1.3531,     29.0826,     58.1652,      0.0194,      0.0053,      0.0156,      0.2063,   7912.2476,-429686.4688,   -965.3793,    556.6220,  26374.1582,
       1,     170,      40,      22,       1,       3,       1,     10.0000,      1.4109,     42.7616,    251.3887,     63.2649,      3.4953,      0.0000,     -0.0323,      6.5022,      0.1489,      5.6456,     11.2912,      1.3155,     29.0826,     58.1652,      0.0194,      0.0051,      0.0156,      0.2064,   7912.2476,-429166.8125,   -965.2542,    556.6900,  26374.1582,
       1,     170,      40,      23,       1,       3,       1,     10.0000,      1.4109,     42.7616,    251.3887,     63.2649,      3.4953,      0.0000,     -0.0321,      5.8421,      0.1443,      5.6456,     11.2912,      1.2750,     29.0826,     58.1652,      0.0194,      0.0045,      0.0156,      0.2064,   7912.2476,-428769.0938,   -965.1566,    556.7176,  26374.1582,
       1,     170,      40,      24,       1,       3,       1,     10.0000,      1.4109,     42.7616,    251.3887,     63.2649,      3.4953,      0.0000,     -0.0321,      4.8340,      0.1443,      5.6456,     11.2912,      1.2750,     29.0826,     58.1652,      0.0194,      0.0038,      0.0156,      0.2064,   7912.2476,-427922.9375,   -964.9562,    556.7766,  26374.1582,
       1,     170,      41,       1,       1,       3,       1,     10.0000,      1.4109,     42.7619,    251.3945,     63.2664,      3.4953,      0.0000,     -0.0318,      3.7930,      0.1373,      5.6456,     11.2912,      1.2133,     29.0901,     58.1802,      0.0194,      0.0029,      0.0156,      0.2064,   7912.2476,-426763.9375,   -965.0160,    556.8702,  26375.3320,
       1,     170,      41,       2,       1,       3,       1,     10.0000,      1.4109,     42.7619,    251.3945,     63.2664,      3.4953,      0.0000,     -0.0319,      3.3306,      0.1376,      5.6456,     11.2912,      1.2158,     29.0901,     58.1802,      0.0194,      0.0026,      0.0156,      0.2064,   7912.6001,-425232.3750,   -964.3311,    556.9767,  26375.3320,
       1,     170,      41,       3,       1,       3,       1,     10.0000,      1.4109,     42.7619,    251.3945,     63.2664,      3.4953,      0.0000,     -0.0320,      3.0577,      0.1405,      5.6456,     11.2912,      1.2419,     29.0901,     58.1802,      0.0194,      0.0024,      0.0156,      0.2064,   7912.6001,-424532.4375,   -964.1672,    557.0256,  26375.3320,
       1,     170,      41,       4,       1,       3,       1,     10.0000,      1.4109,     42.7619,    251.3945,     63.2664,      3.4953,      0.0000,     -0.0319,      2.8055,      0.1396,      5.6456,     11.2912,      1.2332,     29.0901,     58.1802,      0.0194,      0.0022,      0.0156,      0.2064,   7912.6001,-424136.5625,   -964.0737,    557.0531,  26375.3320,
       1,     170,      41,       5,       1,       3,       1,     10.0000,      1.4109,     42.7619,    251.3945,     63.2664,      3.4953,      0.0000,     -0.0319,      2.5742,      0.1401,      5.6456,     11.2912,      1.2382,     29.0901,     58.1802,      0.0194,      0.0020,      0.0156,      0.2065,   7912.6001,-423792.3750,   -963.9926,    557.0770,  26375.3320,
       1,     170,      41,       6,       1,       3,       1,     10.0000,      1.4109,     42.7619,    251.3945,     63.2664,      3.4953,      0.0000,     -0.0318,      2.1897,      0.1357,      5.6456,     11.2912,      1.1987,     29.0901,     58.1802,      0.0194,      0.0017,      0.0156,      0.2065,   7912.6001,-423478.3750,   -963.9185,    557.0988,  26375.3320,
       1,     170,      41,       7,       1,       3,       1,     10.0000,      1.4109,     42.7619,    251.3945,     63.2664,      3.4953,      0.0000,     -0.0316,      2.1132,      0.1300,      5.6456,     11.2912,      1.1486,     29.0901,     58.1802,      0.0194,      0.0016,      0.0156,      0.2065,   7912.6001,-422978.6250,   -963.8020,    557.1337,  26375.3320,
       1,     170,      41,       8,       1,       3,       1,     10.0000,      1.4109,     42.7619,    251.3945,     63.2664,      3.4953,      0.0011,     -0.0304,      2.3949,      0.1297,      5.6456,     11.2912,      1.1463,     29.0901,     58.1802,      0.0194,      0.0019,      0.0156,      0.2065,   7912.6001,-422841.5625,   -963.7693,    557.1432,  26375.3320,
       1,     170,      41,       9,       1,       3,       1,     10.0000,      1.4109,     42.7619,    251.3945,     63.2664,      3.4953,      0.0908,      0.0591,     14.5545,      0.1351,      5.6456,     11.2912,      1.1938,     29.0901,     58.1802,      0.0194,      0.0016,      0.1081,      0.2065,   7912.6001,-423176.3750,   -963.8448,    557.1199,  26375.3320,
       1,     170,      41,      10,       1,       3,       1,     10.0000,      1.4109,     42.7619,    251.3945,     63.2664,      3.4953,      0.1670,      0.1345,     33.9464,      0.1553,      5.6456,     11.2912,      1.3724,     29.0901,     58.1802,      0.0194,      0.0019,      0.2144,      0.2065,   7912.6001,-438164.0625,   -967.3079,    556.0762,  26375.3320,
       1,     170,      41,      11,       1,       3,       1,     10.0000,      1.4109,     42.7619,    251.3945,     63.2664,      3.4953,      0.1919,      0.1587,     37.1706,      0.1762,      5.6456,     11.2912,      1.5569,     29.0901,     58.1802,      0.0194,      0.0018,      0.2500,      0.2064,   7912.6001,-463312.0312,   -973.1304,    554.3292,  26375.3320,
       1,     170,      41,      12,       1,       3,       1,     10.0000,      1.4109,     42.7619,    251.3945,     63.2664,      3.4953,      0.1909,      0.1575,     30.0847,      0.1828,      5.6456,     11.2912,      1.6153,     29.0901,     58.1802,      0.0194,      0.0015,      0.2495,      0.2064,   7912.6001,-469439.1875,   -974.5953,    553.9073,  26375.3320,
       1,     170,      41,      13,       1,       3,       1,     10.0000,      1.4109,     42.7619,    251.3945,     63.2664,      3.4953,      0.1916,      0.1577,     36.1726,      0.2003,      5.6456,     11.2912,      1.7695,     29.0901,     58.1802,      0.0194,      0.0018,      0.2500,      0.2064,   7912.6001,-461236.9375,   -972.7618,    554.4753,  26375.3320,
       1,     170,      41,      14,       1,       3,       1,     10.0000,      1.4109,     42.7619,    251.3945,     63.2664,      3.4953,      0.1920,      0.1578,     41.8117,      0.2108,      5.6456,     11.2912,      1.8627,     29.0901,     58.1802,      0.0194,      0.0020,      0.2500,      0.2064,   7912.6001,-468030.3125,   -974.3733,    554.0048,  26375.3320,
       1,     170,      41,      15,       1,       3,       1,     10.0000,      1.4109,     42.7619,    251.3945,     63.2664,      3.4953,      0.1943,      0.1601,     70.7398,      0.2087,      5.6456,     11.2912,      1.8444,     29.0901,     58.1802,      0.0194,      0.0034,      0.2500,      0.2064,   7912.6001,-475552.9062,   -976.1658,    553.4841,  26375.3320,
       1,     170,      41,      16,       1,       3,       1,     10.0000,      1.4109,     42.7619,    251.3945,     63.2664,      3.4953,      0.1962,      0.1622,     94.6495,      0.2020,      5.6456,     11.2912,      1.7853,     29.0901,     58.1802,      0.0194,      0.0046,      0.2500,      0.2064,   7912.6001,-511811.8438,   -984.6285,    550.9758,  26375.3320,
       1,     170,      41,      17,       1,       3,       1,     10.0000,      1.4109,     42.7619,    251.3945,     63.2664,      3.4953,      0.1969,      0.1631,    102.5384,      0.1938,      5.6456,     11.2912,      1.7127,     29.0901,     58.1802,      0.0194,      0.0050,      0.2500,      0.2064,   7912.6001,-544379.0000,   -992.3852,    548.7385,  26375.3301,
       1,     170,      41,      18,       1,       3,       1,     10.0000,      1.4109,     42.7619,    251.3945,     63.2664,      3.4953,      0.1809,      0.1476,    109.8135,      0.1794,      5.6456,     11.2912,      1.5850,     29.0901,     58.1802,      0.0194,      0.0059,      0.2261,      0.2063,   7912.5991,-556888.5000,   -995.6467,    547.8850,  26375.3301,
       1,     170,      41,      19,       1,       3,       1,     10.0000,      1.4109,     42.7619,    251.3945,     63.2664,      3.4953,      0.1397,      0.1068,     87.9819,      0.1644,      5.6456,     11.2912,      1.4531,     29.0901,     58.1802,      0.0194,      0.0063,      0.1692,      0.2063,   7912.5991,-566920.5625,   -998.4000,    547.1985,  26375.3301,
       1,     170,      41,      20,       1,       3,       1,     10.0000,      1.4109,     42.7619,    251.3945,     63.2664,      3.4953,      0.0166,     -0.0157,      1.5246,      0.1502,      5.6456,     11.2912,      1.3275,     29.0901,     58.1802,      0.0194,      0.0060,      0.0031,      0.2063,   7912.5991,-540858.9375,   -992.8168,    548.9816,  26375.3281,
       1,     170,      41,      21,       1,       3,       1,     10.0000,      1.4109,     42.7619,    251.3945,     63.2664,      3.4953,      0.0000,     -0.0320,      6.9592,      0.1418,      5.6456,     11.2912,      1.2533,     29.0901,     58.1802,      0.0194,      0.0054,      0.0156,      0.2063,   7912.5986,-432091.2188,   -967.8685,    556.4484,  26375.3281,
       1,     170,      41,      22,       1,       3,       1,     10.0000,      1.4109,     42.7619,    251.3945,     63.2664,      3.4953,      0.0000,     -0.0319,      6.2216,      0.1393,      5.6456,     11.2912,      1.2307,     29.0901,     58.1802,      0.0194,      0.0048,      0.0156,      0.2064,   7912.5986,-429647.0938,   -967.3015,    556.6695,  26375.3281,
       1,     170,      41,      23,       1,       3,       1,     10.0000,      1.4109,     42.7619,    251.3945,     63.2664,      3.4953,      0.0000,     -0.0318,      5.4799,      0.1373,      5.6456,     11.2912,      1.2133,     29.0901,     58.1802,      0.0194,      0.0043,      0.0156,      0.2064,   7912.5986,-428467.6250,   -967.0264,    556.7516,  26375.3281,
       1,     170,      41,      24,       1,       3,       1,     10.0000,      1.4109,     42.7619,    251.3945,     63.2664,      3.4953,      0.0000,     -0.0318,      4.7120,      0.1368,      5.6456,     11.2912,      1.2084,     29.0901,     58.1802,      0.0194,      0.0037,      0.0156,      0.2064,   7912.5986,-427454.0312,   -966.7900,    556.8221,  26375.3281,
       1,     170,      42,       1,       1,       3,       1,     10.0000,      1.4110,     42.7623,    251.4005,     63.2679,      3.4953,      0.0000,     -0.0319,      3.6622,      0.1386,      5.6454,     11.2908,      1.2245,     29.0982,     58.1964,      0.0194,      0.0028,      0.0156,      0.2065,   7912.5986,-426576.0625,   -966.9180,    556.8961,  26376.5020,
       1,     170,      42,       2,       1,       3,       1,     10.0000,      1.4110,     42.7623,    251.4005,     63.2679,      3.4953,      0.0000,     -0.0319,      2.8132,      0.1396,      5.6454,     11.2908,      1.2332,     29.0982,     58.1964,      0.0194,      0.0022,      0.0156,      0.2065,   7912.9507,-425058.1250,   -966.2338,    557.0018,  26376.5000,
       1,     170,      42,       3,       1,       3,       1,     10.0000,      1.4110,     42.7623,    251.4005,     63.2679,      3.4953,      0.0000,     -0.0319,      2.4102,      0.1397,      5.6454,     11.2908,      1.2345,     29.0982,     58.1964,      0.0194,      0.0019,      0.0156,      0.2065,   7912.9502,-423883.9688,   -965.9616,    557.0836,  26376.5000,
       1,     170,      42,       4,       1,       3,       1,     10.0000,      1.4110,     42.7623,    251.4005,     63.2679,      3.4953,      0.0000,     -0.0319,      2.2233,      0.1390,      5.6454,     11.2908,      1.2282,     29.0982,     58.1964,      0.0194,      0.0017,      0.0156,      0.2065,   7912.9502,-423287.6875,   -965.8233,    557.1251,  26376.5000,
       1,     170,      42,       5,       1,       3,       1,     10.0000,      1.4110,     42.7623,    251.4005,     63.2679,      3.4953,      0.0000,     -0.0319,      1.9265,      0.1382,      5.6454,     11.2908,      1.2208,     29.0982,     58.1964,      0.0194,      0.0015,      0.0156,      0.2065,   7912.9502,-423006.5625,   -965.7577,    557.1447,  26376.5000,
       1,     170,      42,       6,       1,       3,       1,     10.0000,      1.4110,     42.7623,    251.4005,     63.2679,      3.4953,      0.0000,     -0.0318,      1.8575,      0.1368,      5.6454,     11.2908,      1.2085,     29.0982,     58.1964,      0.0194,      0.0014,      0.0156,      0.2065,   7912.9502,-422617.5312,   -965.6675,    557.1718,  26376.5000,
       1,     170,      42,       7,       1,       3,       1,     10.0000,      1.4110,     42.7623,    251.4005,     63.2679,      3.4953,      0.0000,     -0.0319,      1.4689,      0.1386,      5.6454,     11.2908,      1.2245,     29.0982,     58.1964,      0.0194,      0.0011,      0.0156,      0.2065,   7912.9502,-422499.3438,   -965.6400,    557.1800,  26376.5000,
       1,     170,      42,       8,       1,       3,       1,     10.0000,      1.4110,     42.7623,    251.4005,     63.2679,      3.4953,      0.0010,     -0.0309,      1.7050,      0.1382,      5.6454,     11.2908,      1.2208,     29.0982,     58.1964,      0.0194,      0.0013,      0.0156,      0.2065,   7912.9502,-422011.1562,   -965.5269,    557.2140,  26376.5000,
       1,     170,      42,       9,       1,       3,       1,     10.0000,      1.4110,     42.7623,    251.4005,     63.2679,      3.4953,      0.0726,      0.0406,      9.1867,      0.1414,      5.6454,     11.2908,      1.2495,     29.0982,     58.1964,      0.0194,      0.0013,      0.0826,      0.2065,   7912.9502,-422259.8125,   -965.5844,    557.1967,  26376.5000,
       1,     170,      42,      10,       1,       3,       1,     10.0000,      1.4110,     42.7623,    251.4005,     63.2679,      3.4953,      0.1679,      0.1353,     23.5017,      0.1585,      5.6454,     11.2908,      1.4002,     29.0982,     58.1964,      0.0194,      0.0013,      0.2170,      0.2065,   7912.9502,-431483.8750,   -967.7316,    556.5542,  26376.5000,
       1,     170,      42,      11,       1,       3,       1,     10.0000,      1.4110,     42.7623,    251.4005,     63.2679,      3.4953,      0.1911,      0.1580,     27.1431,      0.1741,      5.6454,     11.2908,      1.5384,     29.0982,     58.1964,      0.0194,      0.0013,      0.2500,      0.2065,   7912.9502,-449885.7500,   -972.0216,    555.2744,  26376.5020,
       1,     170,      42,      12,       1,       3,       1,     10.0000,      1.4110,     42.7623,    251.4005,     63.2679,      3.4953,      0.1917,      0.1581,     35.8788,      0.1896,      5.6454,     11.2908,      1.6758,     29.0982,     58.1964,      0.0194,      0.0017,      0.2500,      0.2065,   7912.9507,-455945.4062,   -973.4593,    554.8553,  26376.5000,
       1,     170,      42,      13,       1,       3,       1,     10.0000,      1.4110,     42.7623,    251.4005,     63.2679,      3.4953,      0.1918,      0.1579,     38.4984,      0.1991,      5.6454,     11.2908,      1.7591,     29.0982,     58.1964,      0.0194,      0.0019,      0.2500,      0.2064,   7912.9502,-467213.1562,   -976.1198,    554.0739,  26376.5000,
       1,     170,      42,      14,       1,       3,       1,     10.0000,      1.4110,     42.7623,    251.4005,     63.2679,      3.4953,      0.1922,      0.1582,     42.8871,      0.2011,      5.6454,     11.2908,      1.7766,     29.0982,     58.1964,      0.0194,      0.0021,      0.2500,      0.2064,   7912.9502,-471402.3125,   -977.1528,    553.7844,  26376.5000,
       1,     170,      42,      15,       1,       3,       1,     10.0000,      1.4110,     42.7623,    251.4005,     63.2679,      3.4953,      0.1939,      0.1600,     64.4967,      0.1989,      5.6454,     11.2908,      1.7574,     29.0982,     58.1964,      0.0194,      0.0031,      0.2500,      0.2064,   7912.9502,-477162.0938,   -978.5620,    553.3857,  26376.4980,
       1,     170,      42,      16,       1,       3,       1,     10.0000,      1.4110,     42.7623,    251.4005,     63.2679,      3.4953,      0.1957,      0.1618,     87.8842,      0.1985,      5.6454,     11.2908,      1.7539,     29.0982,     58.1964,      0.0194,      0.0043,      0.2500,      0.2064,   7912.9497,-504257.3125,   -984.9583,    551.5116,  26376.5000,
       1,     170,      42,      17,       1,       3,       1,     10.0000,      1.4110,     42.7623,    251.4005,     63.2679,      3.4953,      0.1978,      0.1641,    113.8089,      0.1917,      5.6454,     11.2908,      1.6942,     29.0982,     58.1964,      0.0194,      0.0055,      0.2500,      0.2064,   7912.9502,-535383.7500,   -992.4049,    549.3689,  26376.4980,
       1,     170,      42,      18,       1,       3,       1,     10.0000,      1.4110,     42.7623,    251.4005,     63.2679,      3.4953,      0.1830,      0.1496,    106.3548,      0.1817,      5.6454,     11.2908,      1.6057,     29.0982,     58.1964,      0.0194,      0.0056,      0.2294,      0.2064,   7912.9497,-569993.3750,  -1000.8084,    546.9965,  26376.4961,
       1,     170,      42,      19,       1,       3,       1,     10.0000,      1.4110,     42.7623,    251.4005,     63.2679,      3.4953,      0.1366,      0.1036,     76.4667,      0.1705,      5.6454,     11.2908,      1.5065,     29.0982,     58.1964,      0.0194,      0.0056,      0.1661,      0.2063,   7912.9492,-563767.2500,   -999.8408,    547.4272,  26376.4961,
       1,     170,      42,      20,       1,       3,       1,     10.0000,      1.4110,     42.7623,    251.4005,     63.2679,      3.4953,      0.0182,     -0.0143,      2.3031,      0.1556,      5.6454,     11.2908,      1.3752,     29.0982,     58.1964,      0.0194,      0.0055,      0.0050,      0.2063,   7912.9492,-526385.1250,   -991.5611,    549.9854,  26376.4961,
       1,     170,      42,      21,       1,       3,       1,     10.0000,      1.4110,     42.7623,    251.4005,     63.2679,      3.4953,      0.0000,     -0.0322,      7.2020,      0.1465,      5.6454,     11.2908,      1.2945,     29.0982,     58.1964,      0.0194,      0.0056,      0.0156,      0.2064,   7912.9492,-431846.2812,   -969.7159,    556.4908,  26376.4961,
       1,     170,      42,      22,       1,       3,       1,     10.0000,      1.4110,     42.7623,    251.4005,     63.2679,      3.4953,      0.0000,     -0.0321,      6.9049,      0.1431,      5.6454,     11.2908,      1.2648,     29.0982,     58.1964,      0.0194,      0.0054,      0.0156,      0.2065,   7912.9492,-429912.2188,   -969.2667,    556.6639,  26376.4961,
       1,     170,      42,      23,       1,       3,       1,     10.0000,      1.4110,     42.7623,    251.4005,     63.2679,      3.4953,      0.0000,     -0.0320,      6.4416,      0.1426,      5.6454,     11.2908,      1.2597,     29.0982,     58.1964,      0.0194,      0.0050,      0.0156,      0.2065,   7912.9492,-429333.5000,   -969.1321,    556.7042,  26376.4961,
       1,     170,      42,      24,       1,       3,       1,     10.0000,      1.4110,     42.7623,    251.4005,     63.2679,      3.4953,      0.0000,     -0.0320,      5.9317,      0.1404,      5.6454,     11.2908,      1.2407,     29.0982,     58.1964,      0.0194,      0.0046,      0.0156,      0.2065,   7912.9492,-428714.1250,   -968.9885,    556.7473,  26376.4961,
       1,     170,      43,       1,       1,       3,       1,     10.0000,      1.4110,     42.7626,    251.4063,     63.2694,      3.4953,      0.0000,     -0.0319,      4.4558,      0.1387,      5.6458,     11.2916,      1.2258,     29.1060,     58.2120,      0.0194,      0.0035,      0.0156,      0.2065,   7912.9492,-428187.7812,   -969.2023,    556.7969,  26377.6738,
       1,     170,      43,       2,       1,       3,       1,     10.0000,      1.4110,     42.7626,    251.4063,     63.2694,      3.4953,      0.0000,     -0.0319,      3.2372,      0.1383,      5.6458,     11.2916,      1.2220,     29.1060,     58.2120,      0.0194,      0.0025,      0.0156,      0.2065,   7913.3022,-426175.2188,   -968.3981,    556.9370,  26377.6738,
       1,     170,      43,       3,       1,       3,       1,     10.0000,      1.4110,     42.7626,    251.4063,     63.2694,      3.4953,      0.0000,     -0.0319,      2.6557,      0.1384,      5.6458,     11.2916,      1.2233,     29.1060,     58.2120,      0.0194,      0.0021,      0.0156,      0.2065,   7913.3022,-424504.0312,   -968.0089,    557.0533,  26377.6738,
       1,     170,      43,       4,       1,       3,       1,     10.0000,      1.4110,     42.7626,    251.4063,     63.2694,      3.4953,      0.0000,     -0.0319,      2.3823,      0.1382,      5.6458,     11.2916,      1.2208,     29.1060,     58.2120,      0.0194,      0.0019,      0.0156,      0.2065,   7913.3022,-423645.7188,   -967.8091,    557.1132,  26377.6738,
       1,     170,      43,       5,       1,       3,       1,     10.0000,      1.4110,     42.7626,    251.4063,     63.2694,      3.4953,      0.0000,     -0.0318,      2.0046,      0.1370,      5.6458,     11.2916,      1.2109,     29.1060,     58.2120,      0.0194,      0.0016,      0.0156,      0.2065,   7913.3022,-423235.7188,   -967.7138,    557.1417,  26377.6738,
       1,     170,      43,       6,       1,       3,       1,     10.0000,      1.4110,     42.7626,    251.4063,     63.2694,      3.4953,      0.0000,     -0.0318,      1.8600,      0.1362,      5.6458,     11.2916,      1.2036,     29.1060,     58.2120,      0.0194,      0.0014,      0.0156,      0.2065,   7913.3022,-422736.2500,   -967.5978,    557.1765,  26377.6738,
       1,     170,      43,       7,       1,       3,       1,     10.0000,      1.4110,     42.7626,    251.4063,     63.2694,      3.4953,      0.0000,     -0.0318,      2.0423,      0.1368,      5.6458,     11.2916,      1.2085,     29.1060,     58.2120,      0.0194,      0.0016,      0.0156,      0.2065,   7913.3022,-422515.5312,   -967.5469,    557.1918,  26377.6738,
       1,     170,      43,       8,       1,       3,       1,     10.0000,      1.4110,     42.7626,    251.4063,     63.2694,      3.4953,      0.0007,     -0.0311,      1.8361,      0.1369,      5.6458,     11.2916,      1.2097,     29.1060,     58.2120,      0.0194,      0.0014,      0.0156,      0.2065,   7913.3022,-422720.9062,   -967.5956,    557.1776,  26377.6738,
       1,     170,      43,       9,       1,       3,       1,     10.0000,      1.4110,     42.7626,    251.4063,     63.2694,      3.4953,      0.0448,      0.0128,      4.1749,      0.1420,      5.6458,     11.2916,      1.2546,     29.1060,     58.2120,      0.0194,      0.0012,      0.0434,      0.2065,   7913.3022,-422484.8438,   -967.5410,    557.1940,  26377.6738,
       1,     170,      43,      10,       1,       3,       1,     10.0000,      1.4110,     42.7626,    251.4063,     63.2694,      3.4953,      0.1639,      0.1311,     25.4604,      0.1635,      5.6458,     11.2916,      1.4445,     29.1060,     58.2120,      0.0194,      0.0015,      0.2110,      0.2065,   7913.3022,-425341.0625,   -968.2107,    556.9951,  26377.6738,
       1,     170,      43,      11,       1,       3,       1,     10.0000,      1.4110,     42.7626,    251.4063,     63.2694,      3.4953,      0.1906,      0.1573,     32.7551,      0.1808,      5.6458,     11.2916,      1.5978,     29.1060,     58.2120,      0.0194,      0.0016,      0.2487,      0.2065,   7913.3022,-451766.3438,   -974.4055,    555.1552,  26377.6719,
       1,     170,      43,      12,       1,       3,       1,     10.0000,      1.4110,     42.7626,    251.4063,     63.2694,      3.4953,      0.1920,      0.1581,     39.5478,      0.1958,      5.6458,     11.2916,      1.7298,     29.1060,     58.2120,      0.0194,      0.0019,      0.2500,      0.2065,   7913.3018,-463013.2500,   -977.0746,    554.3778,  26377.6719,
       1,     170,      43,      13,       1,       3,       1,     10.0000,      1.4110,     42.7626,    251.4063,     63.2694,      3.4953,      0.1915,      0.1575,     33.9806,      0.2023,      5.6458,     11.2916,      1.7872,     29.1060,     58.2120,      0.0194,      0.0016,      0.2500,      0.2065,   7913.3018,-472332.0938,   -979.3123,    553.7325,  26377.6719,
       1,     170,      43,      14,       1,       3,       1,     10.0000,      1.4110,     42.7626,    251.4063,     63.2694,      3.4953,      0.1915,      0.1574,     35.0909,      0.2059,      5.6458,     11.2916,      1.8192,     29.1060,     58.2120,      0.0194,      0.0017,      0.2500,      0.2065,   7913.3018,-466276.7500,   -977.9650,    554.1520,  26377.6719,
       1,     170,      43,      15,       1,       3,       1,     10.0000,      1.4110,     42.7626,    251.4063,     63.2694,      3.4953,      0.1937,      0.1595,     62.6466,      0.2075,      5.6458,     11.2916,      1.8336,     29.1060,     58.2120,      0.0194,      0.0030,      0.2500,      0.2065,   7913.3018,-467125.8438,   -978.2228,    554.0934,  26377.6719,
       1,     170,      43,      16,       1,       3,       1,     10.0000,      1.4110,     42.7626,    251.4063,     63.2694,      3.4953,      0.1956,      0.1617,     86.3720,      0.1985,      5.6458,     11.2916,      1.7539,     29.1060,     58.2120,      0.0194,      0.0042,      0.2500,      0.2065,   7913.3018,-501111.5625,   -986.2563,    551.7395,  26377.6699,
       1,     170,      43,      17,       1,       3,       1,     10.0000,      1.4110,     42.7626,    251.4063,     63.2694,      3.4953,      0.1972,      0.1633,    106.1549,      0.1960,      5.6458,     11.2916,      1.7315,     29.1060,     58.2120,      0.0194,      0.0051,      0.2500,      0.2064,   7913.3013,-533244.4375,   -993.9772,    549.5285,  26377.6719,
       1,     170,      43,      18,       1,       3,       1,     10.0000,      1.4110,     42.7626,    251.4063,     63.2694,      3.4953,      0.1816,      0.1482,    100.5142,      0.1843,      5.6458,     11.2916,      1.6283,     29.1060,     58.2120,      0.0194,      0.0053,      0.2281,      0.2064,   7913.3018,-560366.1250,  -1000.6679,    547.6699,  26377.6699,
       1,     170,      43,      19,       1,       3,       1,     10.0000,      1.4110,     42.7626,    251.4063,     63.2694,      3.4953,      0.1279,      0.0948,     73.3649,      0.1725,      5.6458,     11.2916,      1.5247,     29.1060,     58.2120,      0.0194,      0.0058,      0.1539,      0.2064,   7913.3013,-555731.7500,  -1000.0259,    547.9902,  26377.6680,
       1,     170,      43,      20,       1,       3,       1,     10.0000,      1.4110,     42.7626,    251.4063,     63.2694,      3.4953,      0.0161,     -0.0164,      1.0330,      0.1567,      5.6458,     11.2916,      1.3849,     29.1060,     58.2120,      0.0194,      0.0057,      0.0022,      0.2064,   7913.3008,-521872.6875,   -992.4867,    550.3096,  26377.6680,
       1,     170,      43,      21,       1,       3,       1,     10.0000,      1.4110,     42.7626,    251.4063,     63.2694,      3.4953,      0.0000,     -0.0323,      6.9283,      0.1489,      5.6458,     11.2916,      1.3156,     29.1060,     58.2120,      0.0194,      0.0054,      0.0156,      0.2064,   7913.3008,-429904.5938,   -971.0908,    556.6409,  26377.6660,
       1,     170,      43,      22,       1,       3,       1,     10.0000,      1.4110,     42.7626,    251.4063,     63.2694,      3.4953,      0.0000,     -0.0322,      6.8774,      0.1474,      5.6458,     11.2916,      1.3024,     29.1060,     58.2120,      0.0194,      0.0053,      0.0156,      0.2065,   7913.3003,-429409.3438,   -970.9785,    556.7119,  26377.6660,
       1,     170,      43,      23,       1,       3,       1,     10.0000,      1.4110,     42.7626,    251.4063,     63.2694,      3.4953,      0.0000,     -0.0320,      5.8691,      0.1423,      5.6458,     11.2916,      1.2572,     29.1060,     58.2120,      0.0194,      0.0046,      0.0156,      0.2065,   7913.3003,-429259.3125,   -970.9457,    556.7224,  26377.6660,
       1,     170,      43,      24,       1,       3,       1,     10.0000,      1.4110,     42.7626,    251.4063,     63.2694,      3.4953,      0.0000,     -0.0320,      5.4187,      0.1406,      5.6458,     11.2916,      1.2420,     29.1060,     58.2120,      0.0194,      0.0042,      0.0156,      0.2065,   7913.3003,-428006.1875,   -970.6539,    556.8095,  26377.6660,
       1,     170,      44,       1,       1,       3,       1,     10.0000,      1.4110,     42.7629,    251.4122,     63.2708,      3.4953,      0.0000,     -0.0320,      3.5426,      0.1413,      5.6458,     11.2916,      1.2483,     29.1125,     58.2250,      0.0194,      0.0028,      0.0156,      0.2065,   7913.3003,-427498.9375,   -970.8741,    556.8579,  26378.8398,
       1,     170,      44,       2,       1,       3,       1,     10.0000,      1.4110,     42.7629,    251.4122,     63.2708,      3.4953,      0.0000,     -0.0319,      2.7624,      0.1380,      5.6458,     11.2916,      1.2196,     29.1125,     58.2250,      0.0194,      0.0021,      0.0156,      0.2065,   7913.6523,-424996.2500,   -969.9517,    557.0320,  26378.8398,
       1,     170,      44,       3,       1,       3,       1,     10.0000,      1.4110,     42.7629,    251.4122,     63.2708,      3.4953,      0.0000,     -0.0317,      2.6287,      0.1337,      5.6458,     11.2916,      1.1818,     29.1125,     58.2250,      0.0194,      0.0020,      0.0156,      0.2065,   7913.6523,-423822.5625,   -969.6772,    557.1138,  26378.8398,
       1,     170,      44,       4,       1,       3,       1,     10.0000,      1.4110,     42.7629,    251.4122,     63.2708,      3.4953,      0.0000,     -0.0317,      2.5435,      0.1329,      5.6458,     11.2916,      1.1747,     29.1125,     58.2250,      0.0194,      0.0020,      0.0156,      0.2065,   7913.6523,-423557.5625,   -969.6163,    557.1323,  26378.8398,
       1,     170,      44,       5,       1,       3,       1,     10.0000,      1.4110,     42.7629,    251.4122,     63.2708,      3.4953,      0.0000,     -0.0317,      2.4497,      0.1332,      5.6458,     11.2916,      1.1771,     29.1125,     58.2250,      0.0194,      0.0019,      0.0156,      0.2065,   7913.6523,-423430.0312,   -969.5875,    557.1411,  26378.8398,
       1,     170,      44,       6,       1,       3,       1,     10.0000,      1.4110,     42.7629,    251.4122,     63.2708,      3.4953,      0.0000,     -0.0318,      2.5080,      0.1359,      5.6458,     11.2916,      1.2012,     29.1125,     58.2250,      0.0194,      0.0019,      0.0156,      0.2065,   7913.6523,-423304.0000,   -969.5590,    557.1500,  26378.8398,
       1,     170,      44,       7,       1,       3,       1,     10.0000,      1.4110,     42.7629,    251.4122,     63.2708,      3.4953,      0.0000,     -0.0319,      2.4809,      0.1375,      5.6458,     11.2916,      1.2147,     29.1125,     58.2250,      0.0194,      0.0019,      0.0156,      0.2065,   7913.6523,-423364.7188,   -969.5745,    557.1458,  26378.8398,
       1,     170,      44,       8,       1,       3,       1,     10.0000,      1.4110,     42.7629,    251.4122,     63.2708,      3.4953,      0.0008,     -0.0310,      2.3526,      0.1358,      5.6458,     11.2916,      1.2000,     29.1125,     58.2250,      0.0194,      0.0018,      0.0156,      0.2065,   7913.6523,-423336.5625,   -969.5690,    557.1477,  26378.8398,
       1,     170,      44,       9,       1,       3,       1,     10.0000,      1.4110,     42.7629,    251.4122,     63.2708,      3.4953,      0.0442,      0.0123,      6.2671,      0.1377,      5.6458,     11.2916,      1.2171,     29.1125,     58.2250,      0.0194,      0.0018,      0.0425,      0.2065,   7913.6523,-423176.4062,   -969.5326,    557.1589,  26378.8398,
       1,     170,      44,      10,       1,       3,       1,     10.0000,      1.4110,     42.7629,    251.4122,     63.2708,      3.4953,      0.1478,      0.1155,     31.3229,      0.1495,      5.6458,     11.2916,      1.3210,     29.1125,     58.2250,      0.0194,      0.0020,      0.1872,      0.2065,   7913.6523,-427976.6562,   -970.6658,    556.8245,  26378.8398,
       1,     170,      44,      11,       1,       3,       1,     10.0000,      1.4110,     42.7629,    251.4122,     63.2708,      3.4953,      0.1887,      0.1559,     53.1644,      0.1638,      5.6458,     11.2916,      1.4474,     29.1125,     58.2250,      0.0194,      0.0026,      0.2434,      0.2065,   7913.6523,-459203.4062,   -978.0357,    554.6511,  26378.8398,
       1,     170,      44,      12,       1,       3,       1,     10.0000,      1.4110,     42.7629,    251.4122,     63.2708,      3.4953,      0.1938,      0.1605,     61.1114,      0.1778,      5.6458,     11.2916,      1.5710,     29.1125,     58.2250,      0.0194,      0.0030,      0.2500,      0.2065,   7913.6523,-488762.1562,   -985.0562,    552.6060,  26378.8398,
       1,     170,      44,      13,       1,       3,       1,     10.0000,      1.4110,     42.7629,    251.4122,     63.2708,      3.4953,      0.1941,      0.1604,     67.0719,      0.1933,      5.6458,     11.2916,      1.7077,     29.1125,     58.2250,      0.0194,      0.0033,      0.2500,      0.2065,   7913.6523,-501076.2188,   -988.0912,    551.7592,  26378.8379,
       1,     170,      44,      14,       1,       3,       1,     10.0000,      1.4110,     42.7629,    251.4122,     63.2708,      3.4953,      0.1944,      0.1607,     70.2205,      0.1925,      5.6458,     11.2916,      1.7010,     29.1125,     58.2250,      0.0194,      0.0034,      0.2500,      0.2065,   7913.6519,-509463.5625,   -990.2528,    551.1814,  26378.8379,
       1,     170,      44,      15,       1,       3,       1,     10.0000,      1.4110,     42.7629,    251.4122,     63.2708,      3.4953,      0.1953,      0.1616,     81.0083,      0.1906,      5.6458,     11.2916,      1.6842,     29.1125,     58.2250,      0.0194,      0.0039,      0.2500,      0.2064,   7913.6519,-514056.3750,   -991.5561,    550.8652,  26378.8379,
       1,     170,      44,      16,       1,       3,       1,     10.0000,      1.4110,     42.7629,    251.4122,     63.2708,      3.4953,      0.1977,      0.1642,    112.0153,      0.1857,      5.6458,     11.2916,      1.6413,     29.1125,     58.2250,      0.0194,      0.0054,      0.2500,      0.2064,   7913.6519,-527733.1250,   -995.0281,    549.9236,  26378.8379,
       1,     170,      44,      17,       1,       3,       1,     10.0000,      1.4110,     42.7629,    251.4122,     63.2708,      3.4953,      0.1995,      0.1663,    133.6761,      0.1767,      5.6458,     11.2916,      1.5616,     29.1125,     58.2250,      0.0194,      0.0065,      0.2500,      0.2064,   7913.6519,-567094.9375,  -1004.6389,    547.2187,  26378.8379,
       1,     170,      44,      18,       1,       3,       1,     10.0000,      1.4110,     42.7629,    251.4122,     63.2708,      3.4953,      0.1848,      0.1518,    129.6973,      0.1691,      5.6458,     11.2916,      1.4945,     29.1125,     58.2250,      0.0194,      0.0069,      0.2292,      0.2064,   7913.6519,-597170.5625,  -1012.2375,    545.1680,  26378.8359,
       1,     170,      44,      19,       1,       3,       1,     10.0000,      1.4110,     42.7629,    251.4122,     63.2708,      3.4953,      0.1435,      0.1107,     91.5896,      0.1630,      5.6458,     11.2916,      1.4402,     29.1125,     58.2250,      0.0194,      0.0064,      0.1743,      0.2063,   7913.6509,-594834.6875,  -1012.3068,    545.3311,  26378.8359,
       1,     170,      44,      20,       1,       3,       1,     10.0000,      1.4110,     42.7629,    251.4122,     63.2708,      3.4953,      0.0238,     -0.0086,      6.2470,      0.1518,      5.6458,     11.2916,      1.3411,     29.1125,     58.2250,      0.0194,      0.0059,      0.0128,      0.2063,   7913.6509,-547638.1875,  -1001.7132,    548.5483,  26378.8340,
       1,     170,      44,      21,       1,       3,       1,     10.0000,      1.4110,     42.7629,    251.4122,     63.2708,      3.4953,      0.0000,     -0.0321,      6.9250,      0.1437,      5.6458,     11.2916,      1.2700,     29.1125,     58.2250,      0.0194,      0.0054,      0.0156,      0.2064,   7913.6504,-438490.9062,   -976.1453,    556.0419,  26378.8340,
       1,     170,      44,      22,       1,       3,       1,     10.0000,      1.4110,     42.7629,    251.4122,     63.2708,      3.4953,      0.0000,     -0.0319,      6.2245,      0.1390,      5.6458,     11.2916,      1.2283,     29.1125,     58.2250,      0.0194,      0.0048,      0.0156,      0.2065,   7913.6504,-430160.5625,   -974.1780,    556.6723,  26378.8340,
       1,     170,      44,      23,       1,       3,       1,     10.0000,      1.4110,     42.7629,    251.4122,     63.2708,      3.4953,      0.0000,     -0.0320,      5.9300,      0.1411,      5.6458,     11.2916,      1.2471,     29.1125,     58.2250,      0.0194,      0.0046,      0.0156,      0.2065,   7913.6504,-428523.7500,   -973.7938,    556.7866,  26378.8340,
       1,     170,      44,      24,       1,       3,       1,     10.0000,      1.4110,     42.7629,    251.4122,     63.2708,      3.4953,      0.0000,     -0.0321,      5.3102,      0.1429,      5.6458,     11.2916,      1.2623,     29.1125,     58.2250,      0.0194,      0.0041,      0.0156,      0.2065,   7913.6504,-428021.0000,   -973.6780,    556.8215,  26378.8340,
       1,     170,      45,       1,       1,       3,       1,     10.0000,      1.4110,     42.7633,    251.4182,     63.2723,      3.4953,      0.0000,     -0.0321,      4.6753,      0.1433,      5.6462,     11.2924,      1.2662,     29.1197,     58.2394,      0.0194,      0.0036,      0.0156,      0.2066,   7913.6504,-427369.6875,   -973.8678,    556.8799,  26380.0117,
       1,     170,      45,       2,       1,       3,       1,     10.0000,      1.4110,     42.7633,    251.4182,     63.2723,      3.4953,      0.0000,     -0.0320,      4.6301,      0.1399,      5.6462,     11.2924,      1.2358,     29.1197,     58.2394,      0.0194,      0.0036,      0.0156,      0.2066,   7914.0039,-426381.2188,   -973.2964,    556.9487,  26380.0117,
       1,     170,      45,       3,       1,       3,       1,     10.0000,      1.4110,     42.7633,    251.4182,     63.2723,      3.4953,      0.0000,     -0.0319,      4.4021,      0.1386,      5.6462,     11.2924,      1.2246,     29.1197,     58.2394,      0.0194,      0.0034,      0.0156,      0.2066,   7914.0039,-426240.9688,   -973.2661,    556.9584,  26380.0117,
       1,     170,      45,       4,       1,       3,       1,     10.0000,      1.4110,     42.7633,    251.4182,     63.2723,      3.4953,      0.0000,     -0.0319,      4.5144,      0.1397,      5.6462,     11.2924,      1.2345,     29.1197,     58.2394,      0.0194,      0.0035,      0.0156,      0.2066,   7914.0039,-425948.7188,   -973.1993,    556.9788,  26380.0117,
       1,     170,      45,       5,       1,       3,       1,     10.0000,      1.4110,     42.7633,    251.4182,     63.2723,      3.4953,      0.0000,     -0.0320,      4.5028,      0.1403,      5.6462,     11.2924,      1.2395,     29.1197,     58.2394,      0.0194,      0.0035,      0.0156,      0.2066,   7914.0039,-426061.6875,   -973.2289,    556.9709,  26380.0098,
       1,     170,      45,       6,       1,       3,       1,     10.0000,      1.4110,     42.7633,    251.4182,     63.2723,      3.4953,      0.0000,     -0.0319,      4.3330,      0.1384,      5.6462,     11.2924,      1.2233,     29.1197,     58.2394,      0.0194,      0.0034,      0.0156,      0.2066,   7914.0034,-426057.2812,   -973.2310,    556.9712,  26380.0098,
       1,     170,      45,       7,       1,       3,       1,     10.0000,      1.4110,     42.7633,    251.4182,     63.2723,      3.4953,      0.0000,     -0.0319,      4.0245,      0.1382,      5.6462,     11.2924,      1.2209,     29.1197,     58.2394,      0.0194,      0.0031,      0.0156,      0.2066,   7914.0034,-425848.1875,   -973.1841,    556.9857,  26380.0098,
       1,     170,      45,       8,       1,       3,       1,     10.0000,      1.4110,     42.7633,    251.4182,     63.2723,      3.4953,      0.0011,     -0.0307,      3.7423,      0.1377,      5.6462,     11.2924,      1.2172,     29.1197,     58.2394,      0.0194,      0.0029,      0.0156,      0.2066,   7914.0034,-425450.9375,   -973.0923,    557.0134,  26380.0098,
       1,     170,      45,       9,       1,       3,       1,     10.0000,      1.4110,     42.7633,    251.4182,     63.2723,      3.4953,      0.0775,      0.0456,     24.2292,      0.1407,      5.6462,     11.2924,      1.2433,     29.1197,     58.2394,      0.0194,      0.0033,      0.0879,      0.2066,   7914.0034,-425070.0000,   -973.0045,    557.0400,  26380.0098,
       1,     170,      45,      10,       1,       3,       1,     10.0000,      1.4110,     42.7633,    251.4182,     63.2723,      3.4953,      0.1687,      0.1364,     64.0046,      0.1519,      5.6462,     11.2924,      1.3424,     29.1197,     58.2394,      0.0194,      0.0036,      0.2135,      0.2066,   7914.0034,-450229.3125,   -978.9991,    555.2881,  26380.0098,
       1,     170,      45,      11,       1,       3,       1,     10.0000,      1.4110,     42.7633,    251.4182,     63.2723,      3.4953,      0.1936,      0.1608,     74.6242,      0.1641,      5.6462,     11.2924,      1.4504,     29.1197,     58.2394,      0.0194,      0.0036,      0.2480,      0.2065,   7914.0034,-501319.2188,   -991.1984,    551.7447,  26380.0098,
       1,     170,      45,      12,       1,       3,       1,     10.0000,      1.4110,     42.7633,    251.4182,     63.2723,      3.4953,      0.1926,      0.1596,     77.8813,      0.1720,      5.6462,     11.2924,      1.5202,     29.1197,     58.2394,      0.0194,      0.0038,      0.2464,      0.2065,   7914.0034,-518788.1562,   -995.5389,    550.5511,  26380.0117,
       1,     170,      45,      13,       1,       3,       1,     10.0000,      1.4110,     42.7633,    251.4182,     63.2723,      3.4953,      0.1955,      0.1623,     81.8835,      0.1743,      5.6462,     11.2924,      1.5400,     29.1197,     58.2394,      0.0194,      0.0040,      0.2500,      0.2065,   7914.0039,-524279.2500,   -997.1066,    550.1745,  26380.0078,
       1,     170,      45,      14,       1,       3,       1,     10.0000,      1.4110,     42.7633,    251.4182,     63.2723,      3.4953,      0.1961,      0.1628,     90.4982,      0.1787,      5.6462,     11.2924,      1.5789,     29.1197,     58.2394,      0.0194,      0.0044,      0.2500,      0.2065,   7914.0024,-529675.6875,   -998.6793,    549.8035,  26380.0098,
       1,     170,      45,      15,       1,       3,       1,     10.0000,      1.4110,     42.7633,    251.4182,     63.2723,      3.4953,      0.1975,      0.1640,    108.8049,      0.1852,      5.6462,     11.2924,      1.6364,     29.1197,     58.2394,      0.0194,      0.0053,      0.2500,      0.2064,   7914.0034,-540746.0625,  -1001.6302,    549.0428,  26380.0078,
       1,     170,      45,      16,       1,       3,       1,     10.0000,      1.4110,     42.7633,    251.4182,     63.2723,      3.4953,      0.1989,      0.1653,    126.5640,      0.1859,      5.6462,     11.2924,      1.6430,     29.1197,     58.2394,      0.0194,      0.0061,      0.2500,      0.2064,   7914.0024,-564242.9375,  -1007.6033,    547.4307,  26380.0078,
       1,     170,      45,      17,       1,       3,       1,     10.0000,      1.4110,     42.7633,    251.4182,     63.2723,      3.4953,      0.1990,      0.1658,    128.0689,      0.1778,      5.6462,     11.2924,      1.5710,     29.1197,     58.2394,      0.0194,      0.0062,      0.2500,      0.2064,   7914.0024,-588139.1250,  -1013.7839,    545.7980,  26380.0039,
       1,     170,      45,      18,       1,       3,       1,     10.0000,      1.4110,     42.7633,    251.4182,     63.2723,      3.4953,      0.1856,      0.1526,    116.5953,      0.1703,      5.6462,     11.2924,      1.5051,     29.1197,     58.2394,      0.0194,      0.0061,      0.2319,      0.2064,   7914.0015,-592038.1875,  -1015.2962,    545.5344,  26380.0059,
       1,     170,      45,      19,       1,       3,       1,     10.0000,      1.4110,     42.7633,    251.4182,     63.2723,      3.4953,      0.1373,      0.1046,     80.6786,      0.1606,      5.6462,     11.2924,      1.4187,     29.1197,     58.2394,      0.0194,      0.0059,      0.1667,      0.2064,   7914.0020,-578221.4375,  -1012.5799,    546.4767,  26380.0059,
       1,     170,      45,      20,       1,       3,       1,     10.0000,      1.4110,     42.7633,    251.4182,     63.2723,      3.4953,      0.0190,     -0.0133,      3.1338,      0.1509,      5.6462,     11.2924,      1.3330,     29.1197,     58.2394,      0.0194,      0.0060,      0.0064,      0.2064,   7914.0020,-532773.0625,  -1002.1921,    549.5820,  26380.0039,
       1,     170,      45,      21,       1,       3,       1,     10.0000,      1.4110,     42.7633,    251.4182,     63.2723,      3.4953,      0.0000,     -0.0321,      7.2129,      0.1450,      5.6462,     11.2924,      1.2816,     29.1197,     58.2394,      0.0194,      0.0056,      0.0156,      0.2064,   7914.0015,-433415.2188,   -978.6046,    556.4165,  26380.0039,
       1,     170,      45,      22,       1,       3,       1,     10.0000,      1.4110,     42.7633,    251.4182,     63.2723,      3.4953,      0.0000,     -0.0320,      6.8202,      0.1418,      5.6462,     11.2924,      1.2534,     29.1197,     58.2394,      0.0194,      0.0053,      0.0156,      0.2065,   7914.0015,-430072.7500,   -977.8105,    556.6917,  26380.0039,
       1,     170,      45,      23,       1,       3,       1,     10.0000,      1.4110,     42.7633,    251.4182,     63.2723,      3.4953,      0.0000,     -0.0319,      6.2851,      0.1379,      5.6462,     11.2924,      1.2184,     29.1197,     58.2394,      0.0194,      0.0049,      0.0156,      0.2066,   7914.0015,-429251.3438,   -977.6186,    556.7489,  26380.0039,
       1,     170,      45,      24,       1,       3,       1,     10.0000,      1.4110,     42.7633,    251.4182,     63.2723,      3.4953,      0.0000,     -0.0318,      5.6169,      0.1362,      5.6462,     11.2924,      1.2037,     29.1197,     58.2394,      0.0194,      0.0044,      0.0156,      0.2066,   7914.0015,-428522.8438,   -977.4489,    556.7996,  26380.0039,
       1,     170,      46,       1,       1,       3,       1,     10.0000,      1.4111,     42.7636,    251.4240,     63.2738,      3.4953,      0.0000,     -0.0317,      5.2381,      0.1344,      5.6464,     11.2928,      1.1879,     29.1282,     58.2565,      0.0194,      0.0041,      0.0156,      0.2066,   7914.0015,-427792.6562,   -977.6220,    556.8635,  26381.1777,
       1,     170,      46,       2,       1,       3,       1,     10.0000,      1.4111,     42.7636,    251.4240,     63.2738,      3.4953,      0.0000,     -0.0318,      4.6653,      0.1370,      5.6464,     11.2928,      1.2110,     29.1282,     58.2565,      0.0194,      0.0036,      0.0156,      0.2066,   7914.3535,-427112.5000,   -977.1196,    556.9109,  26381.1758,
       1,     170,      46,       3,       1,       3,       1,     10.0000,      1.4111,     42.7636,    251.4240,     63.2738,      3.4953,      0.0000,     -0.0318,      4.4351,      0.1350,      5.6464,     11.2928,      1.1928,     29.1282,     58.2565,      0.0194,      0.0034,      0.0156,      0.2066,   7914.3530,-426350.2812,   -976.9413,    556.9639,  26381.1758,
       1,     170,      46,       4,       1,       3,       1,     10.0000,      1.4111,     42.7636,    251.4240,     63.2738,      3.4953,      0.0000,     -0.0317,      3.6892,      0.1320,      5.6464,     11.2928,      1.1664,     29.1282,     58.2565,      0.0194,      0.0029,      0.0156,      0.2066,   7914.3530,-426002.0625,   -976.8615,    556.9882,  26381.1758,
       1,     170,      46,       5,       1,       3,       1,     10.0000,      1.4111,     42.7636,    251.4240,     63.2738,      3.4953,      0.0000,     -0.0316,      3.4102,      0.1301,      5.6464,     11.2928,      1.1499,     29.1282,     58.2565,      0.0194,      0.0027,      0.0156,      0.2066,   7914.3530,-425055.0625,   -976.6371,    557.0541,  26381.1758,
       1,     170,      46,       6,       1,       3,       1,     10.0000,      1.4111,     42.7636,    251.4240,     63.2738,      3.4953,      0.0000,     -0.0315,      3.2202,      0.1286,      5.6464,     11.2928,      1.1360,     29.1282,     58.2565,      0.0194,      0.0025,      0.0156,      0.2066,   7914.3530,-424630.8750,   -976.5380,    557.0836,  26381.1758,
       1,     170,      46,       7,       1,       3,       1,     10.0000,      1.4111,     42.7636,    251.4240,     63.2738,      3.4953,      0.0000,     -0.0314,      3.1746,      0.1265,      5.6464,     11.2928,      1.1176,     29.1282,     58.2565,      0.0194,      0.0025,      0.0156,      0.2066,   7914.3530,-424361.0312,   -976.4760,    557.1024,  26381.1758,
       1,     170,      46,       8,       1,       3,       1,     10.0000,      1.4111,     42.7636,    251.4240,     63.2738,      3.4953,      0.0012,     -0.0301,      3.0251,      0.1242,      5.6464,     11.2928,      1.0973,     29.1282,     58.2565,      0.0194,      0.0024,      0.0156,      0.2066,   7914.3530,-424281.9062,   -976.4594,    557.1078,  26381.1758,
       1,     170,      46,       9,       1,       3,       1,     10.0000,      1.4111,     42.7636,    251.4240,     63.2738,      3.4953,      0.0824,      0.0508,     17.4688,      0.1282,      5.6464,     11.2928,      1.1325,     29.1282,     58.2565,      0.0194,      0.0022,      0.0958,      0.2066,   7914.3530,-424091.3750,   -976.4161,    557.1212,  26381.1758,
       1,     170,      46,      10,       1,       3,       1,     10.0000,      1.4111,     42.7636,    251.4240,     63.2738,      3.4953,      0.1718,      0.1396,     43.2777,      0.1471,      5.6464,     11.2928,      1.2999,     29.1282,     58.2565,      0.0194,      0.0024,      0.2202,      0.2066,   7914.3530,-441833.5625,   -980.6927,    555.8856,  26381.1758,
       1,     170,      46,      11,       1,       3,       1,     10.0000,      1.4111,     42.7636,    251.4240,     63.2738,      3.4953,      0.1933,      0.1604,     53.6353,      0.1656,      5.6464,     11.2928,      1.4635,     29.1282,     58.2565,      0.0194,      0.0026,      0.2500,      0.2066,   7914.3530,-475096.5625,   -988.7249,    553.5757,  26381.1758,
       1,     170,      46,      12,       1,       3,       1,     10.0000,      1.4111,     42.7636,    251.4240,     63.2738,      3.4953,      0.1933,      0.1598,     56.2875,      0.1872,      5.6464,     11.2928,      1.6545,     29.1282,     58.2565,      0.0194,      0.0027,      0.2500,      0.2065,   7914.3530,-490696.9375,   -992.5659,    552.5009,  26381.1758,
       1,     170,      46,      13,       1,       3,       1,     10.0000,      1.4111,     42.7636,    251.4240,     63.2738,      3.4953,      0.1932,      0.1594,     54.8322,      0.1942,      5.6464,     11.2928,      1.7163,     29.1282,     58.2565,      0.0194,      0.0027,      0.2500,      0.2065,   7914.3530,-495290.3438,   -993.8023,    552.1848,  26381.1738,
       1,     170,      46,      14,       1,       3,       1,     10.0000,      1.4111,     42.7636,    251.4240,     63.2738,      3.4953,      0.1922,      0.1585,     60.0131,      0.1929,      5.6464,     11.2928,      1.7044,     29.1282,     58.2565,      0.0194,      0.0029,      0.2480,      0.2065,   7914.3525,-493890.2188,   -993.6170,    552.2814,  26381.1738,
       1,     170,      46,      15,       1,       3,       1,     10.0000,      1.4111,     42.7636,    251.4240,     63.2738,      3.4953,      0.1959,      0.1620,     89.5018,      0.1983,      5.6464,     11.2928,      1.7523,     29.1282,     58.2565,      0.0194,      0.0043,      0.2500,      0.2065,   7914.3525,-500147.4062,   -995.2736,    551.8495,  26381.1758,
       1,     170,      46,      16,       1,       3,       1,     10.0000,      1.4111,     42.7636,    251.4240,     63.2738,      3.4953,      0.1973,      0.1634,    108.6235,      0.1995,      5.6464,     11.2928,      1.7628,     29.1282,     58.2565,      0.0194,      0.0053,      0.2500,      0.2065,   7914.3530,-536979.4375,  -1004.3349,    549.3090,  26381.1719,
       1,     170,      46,      17,       1,       3,       1,     10.0000,      1.4111,     42.7636,    251.4240,     63.2738,      3.4953,      0.1993,      0.1657,    133.3283,      0.1898,      5.6464,     11.2928,      1.6776,     29.1282,     58.2565,      0.0194,      0.0065,      0.2500,      0.2065,   7914.3521,-563690.8125,  -1011.1201,    547.4807,  26381.1719,
       1,     170,      46,      18,       1,       3,       1,     10.0000,      1.4111,     42.7636,    251.4240,     63.2738,      3.4953,      0.1854,      0.1521,    127.8840,      0.1815,      5.6464,     11.2928,      1.6043,     29.1282,     58.2565,      0.0194,      0.0067,      0.2305,      0.2064,   7914.3521,-596412.1875,  -1019.4905,    545.2445,  26381.1699,
       1,     170,      46,      19,       1,       3,       1,     10.0000,      1.4111,     42.7636,    251.4240,     63.2738,      3.4953,      0.1417,      0.1087,     88.8952,      0.1681,      5.6464,     11.2928,      1.4857,     29.1282,     58.2565,      0.0194,      0.0063,      0.1720,      0.2064,   7914.3511,-592502.4375,  -1019.1592,    545.5156,  26381.1719,
       1,     170,      46,      20,       1,       3,       1,     10.0000,      1.4111,     42.7636,    251.4240,     63.2738,      3.4953,      0.0233,     -0.0092,      5.8257,      0.1549,      5.6464,     11.2928,      1.3684,     29.1282,     58.2565,      0.0194,      0.0059,      0.0120,      0.2064,   7914.3521,-544097.4375,  -1008.0257,    548.8162,  26381.1719,
       1,     170,      46,      21,       1,       3,       1,     10.0000,      1.4111,     42.7636,    251.4240,     63.2738,      3.4953,      0.0000,     -0.0321,      7.1595,      0.1433,      5.6464,     11.2928,      1.2662,     29.1282,     58.2565,      0.0194,      0.0056,      0.0156,      0.2065,   7914.3521,-437680.6562,   -982.5614,    556.1267,  26381.1699,
       1,     170,      46,      22,       1,       3,       1,     10.0000,      1.4111,     42.7636,    251.4240,     63.2738,      3.4953,      0.0000,     -0.0318,      6.4381,      0.1365,      5.6464,     11.2928,      1.2061,     29.1282,     58.2565,      0.0194,      0.0050,      0.0156,      0.2066,   7914.3511,-430381.8750,   -980.8051,    556.6830,  26381.1699,
       1,     170,      46,      23,       1,       3,       1,     10.0000,      1.4111,     42.7636,    251.4240,     63.2738,      3.4953,      0.0000,     -0.0316,      5.7436,      0.1305,      5.6464,     11.2928,      1.1534,     29.1282,     58.2565,      0.0194,      0.0045,      0.0156,      0.2066,   7914.3511,-428810.8750,   -980.4307,    556.7925,  26381.1699,
       1,     170,      46,      24,       1,       3,       1,     10.0000,      1.4111,     42.7636,    251.4240,     63.2738,      3.4953,      0.0000,     -0.0315,      4.9418,      0.1270,      5.6464,     11.2928,      1.1222,     29.1282,     58.2565,      0.0194,      0.0038,      0.0156,      0.2066,   7914.3511,-427822.2500,   -980.1968,    556.8615,  26381.1699,
       1,     170,      47,       1,       1,       3,       1,     10.0000,      1.4111,     42.7639,    251.4299,     63.2753,      3.4953,      0.0000,     -0.0314,      4.2635,      0.1260,      5.6459,     11.2919,      1.1131,     29.1369,     58.2739,      0.0194,      0.0033,      0.0156,      0.2066,   7914.3511,-426905.7500,   -980.3277,    556.9380,  26382.3457,
       1,     170,      47,       2,       1,       3,       1,     10.0000,      1.4111,     42.7639,    251.4299,     63.2753,      3.4953,      0.0000,     -0.0314,      3.5698,      0.1249,      5.6459,     11.2919,      1.1040,     29.1369,     58.2739,      0.0194,      0.0028,      0.0156,      0.2066,   7914.7041,-425841.7500,   -979.7270,    557.0122,  26382.3457,
       1,     170,      47,       3,       1,       3,       1,     10.0000,      1.4111,     42.7639,    251.4299,     63.2753,      3.4953,      0.0000,     -0.0312,      2.8732,      0.1202,      5.6459,     11.2919,      1.0620,     29.1369,     58.2739,      0.0194,      0.0022,      0.0156,      0.2066,   7914.7041,-424897.7188,   -979.5018,    557.0779,  26382.3457,
       1,     170,      47,       4,       1,       3,       1,     10.0000,      1.4111,     42.7639,    251.4299,     63.2753,      3.4953,      0.0000,     -0.0313,      2.8516,      0.1239,      5.6459,     11.2919,      1.0951,     29.1369,     58.2739,      0.0194,      0.0022,      0.0156,      0.2066,   7914.7041,-423960.4062,   -979.2776,    557.1431,  26382.3457,
       1,     170,      47,       5,       1,       3,       1,     10.0000,      1.4111,     42.7639,    251.4299,     63.2753,      3.4953,      0.0000,     -0.0314,      2.8001,      0.1248,      5.6459,     11.2919,      1.1029,     29.1369,     58.2739,      0.0194,      0.0022,      0.0156,      0.2066,   7914.7041,-423853.9062,   -979.2544,    557.1507,  26382.3457,
       1,     170,      47,       6,       1,       3,       1,     10.0000,      1.4111,     42.7639,    251.4299,     63.2753,      3.4953,      0.0000,     -0.0313,      2.8841,      0.1235,      5.6459,     11.2919,      1.0917,     29.1369,     58.2739,      0.0194,      0.0022,      0.0156,      0.2066,   7914.7041,-423781.1562,   -979.2393,    557.1557,  26382.3457,
       1,     170,      47,       7,       1,       3,       1,     10.0000,      1.4111,     42.7639,    251.4299,     63.2753,      3.4953,      0.0000,     -0.0313,      2.9018,      0.1239,      5.6459,     11.2919,      1.0951,     29.1369,     58.2739,      0.0194,      0.0023,      0.0156,      0.2066,   7914.7041,-423878.4062,   -979.2653,    557.1489,  26382.3457,
       1,     170,      47,       8,       1,       3,       1,     10.0000,      1.4111,     42.7639,    251.4299,     63.2753,      3.4953,      0.0011,     -0.0302,      2.8055,      0.1235,      5.6459,     11.2919,      1.0917,     29.1369,     58.2739,      0.0194,      0.0022,      0.0156,      0.2066,   7914.7041,-423908.3438,   -979.2752,    557.1468,  26382.3457,
       1,     170,      47,       9,       1,       3,       1,     10.0000,      1.4111,     42.7639,    251.4299,     63.2753,      3.4953,      0.0823,      0.0508,     18.7789,      0.1289,      5.6459,     11.2919,      1.1395,     29.1369,     58.2739,      0.0194,      0.0024,      0.0956,      0.2066,   7914.7041,-423792.5938,   -979.2497,    557.1549,  26382.3457,
       1,     170,      47,      10,       1,       3,       1,     10.0000,      1.4111,     42.7639,    251.4299,     63.2753,      3.4953,      0.1681,      0.1354,     45.9844,      0.1585,      5.6459,     11.2919,      1.4004,     29.1369,     58.2739,      0.0194,      0.0026,      0.2146,      0.2066,   7914.7041,-443419.5938,   -984.0231,    555.7880,  26382.3457,
       1,     170,      47,      11,       1,       3,       1,     10.0000,      1.4111,     42.7639,    251.4299,     63.2753,      3.4953,      0.1928,      0.1595,     48.8803,      0.1787,      5.6459,     11.2919,      1.5789,     29.1369,     58.2739,      0.0194,      0.0024,      0.2500,      0.2066,   7914.7041,-478559.0625,   -992.5857,    553.3484,  26382.3457,
       1,     170,      47,      12,       1,       3,       1,     10.0000,      1.4111,     42.7639,    251.4299,     63.2753,      3.4953,      0.1930,      0.1595,     51.2141,      0.1836,      5.6459,     11.2919,      1.6219,     29.1369,     58.2739,      0.0194,      0.0025,      0.2500,      0.2066,   7914.7041,-485139.0938,   -994.2744,    552.8986,  26382.3457,
       1,     170,      47,      13,       1,       3,       1,     10.0000,      1.4111,     42.7639,    251.4299,     63.2753,      3.4953,      0.1930,      0.1595,     52.0530,      0.1865,      5.6459,     11.2919,      1.6479,     29.1369,     58.2739,      0.0194,      0.0025,      0.2500,      0.2066,   7914.7041,-488566.5938,   -995.2154,    552.6619,  26382.3457,
       1,     170,      47,      14,       1,       3,       1,     10.0000,      1.4111,     42.7639,    251.4299,     63.2753,      3.4953,      0.1937,      0.1599,     61.1335,      0.1948,      5.6459,     11.2919,      1.7214,     29.1369,     58.2739,      0.0194,      0.0030,      0.2500,      0.2065,   7914.7041,-489891.2812,   -995.6589,    552.5704,  26382.3457,
       1,     170,      47,      15,       1,       3,       1,     10.0000,      1.4111,     42.7639,    251.4299,     63.2753,      3.4953,      0.1963,      0.1624,     94.3623,      0.1975,      5.6459,     11.2919,      1.7454,     29.1369,     58.2739,      0.0194,      0.0046,      0.2500,      0.2065,   7914.7041,-501178.4375,   -998.5341,    551.7908,  26382.3438,
       1,     170,      47,      16,       1,       3,       1,     10.0000,      1.4111,     42.7639,    251.4299,     63.2753,      3.4953,      0.1952,      0.1616,    120.9623,      0.1887,      5.6459,     11.2919,      1.6677,     29.1369,     58.2739,      0.0194,      0.0060,      0.2454,      0.2065,   7914.7036,-543041.0625,  -1008.9033,    548.9040,  26382.3418,
       1,     170,      47,      17,       1,       3,       1,     10.0000,      1.4111,     42.7639,    251.4299,     63.2753,      3.4953,      0.1986,      0.1649,    123.0799,      0.1900,      5.6459,     11.2919,      1.6793,     29.1369,     58.2739,      0.0194,      0.0060,      0.2500,      0.2065,   7914.7026,-579395.8125,  -1018.1231,    546.4171,  26382.3438,
       1,     170,      47,      18,       1,       3,       1,     10.0000,      1.4111,     42.7639,    251.4299,     63.2753,      3.4953,      0.1760,      0.1427,    103.3625,      0.1769,      5.6459,     11.2919,      1.5633,     29.1369,     58.2739,      0.0194,      0.0057,      0.2196,      0.2064,   7914.7036,-585114.3750,  -1020.0504,    546.0322,  26382.3398,
       1,     170,      47,      19,       1,       3,       1,     10.0000,      1.4111,     42.7639,    251.4299,     63.2753,      3.4953,      0.1353,      0.1024,     76.6509,      0.1653,      5.6459,     11.2919,      1.4606,     29.1369,     58.2739,      0.0194,      0.0057,      0.1642,      0.2064,   7914.7021,-561293.9375,  -1014.7998,    547.6581,  26382.3398,
       1,     170,      47,      20,       1,       3,       1,     10.0000,      1.4111,     42.7639,    251.4299,     63.2753,      3.4953,      0.0191,     -0.0134,      2.8368,      0.1530,      5.6459,     11.2919,      1.3520,     29.1369,     58.2739,      0.0194,      0.0054,      0.0063,      0.2065,   7914.7021,-526362.6875,  -1006.7126,    550.0518,  26382.3359,
       1,     170,      47,      21,       1,       3,       1,     10.0000,      1.4111,     42.7639,    251.4299,     63.2753,      3.4953,      0.0000,     -0.0321,      6.0384,      0.1449,      5.6459,     11.2919,      1.2804,     29.1369,     58.2739,      0.0194,      0.0047,      0.0156,      0.2065,   7914.7012,-432514.1250,   -984.0226,    556.5097,  26382.3379,
       1,     170,      47,      22,       1,       3,       1,     10.0000,      1.4111,     42.7639,    251.4299,     63.2753,      3.4953,      0.0000,     -0.0320,      5.8097,      0.1409,      5.6459,     11.2919,      1.2446,     29.1369,     58.2739,      0.0194,      0.0045,      0.0156,      0.2066,   7914.7017,-428551.5000,   -983.0624,    556.8235,  26382.3379,
       1,     170,      47,      23,       1,       3,       1,     10.0000,      1.4111,     42.7639,    251.4299,     63.2753,      3.4953,      0.0000,     -0.0320,      5.2178,      0.1414,      5.6459,     11.2919,      1.2497,     29.1369,     58.2739,      0.0194,      0.0041,      0.0156,      0.2066,   7914.7017,-427884.4688,   -982.9052,    556.8700,  26382.3379,
       1,     170,      47,      24,       1,       3,       1,     10.0000,      1.4111,     42.7639,    251.4299,     63.2753,      3.4953,      0.0000,     -0.0319,      4.5360,      0.1390,      5.6459,     11.2919,      1.2284,     29.1369,     58.2739,      0.0194,      0.0035,      0.0156,      0.2066,   7914.7017,-427099.4688,   -982.7187,    556.9246,  26382.3379,
       1,     170,      48,       1,       1,       3,       1,     10.0000,      1.4111,     42.7643,    251.4359,     63.2767,      3.4953,      0.0000,     -0.0318,      3.7346,      0.1351,      5.6464,     11.2929,      1.1940,     29.1451,     58.2901,      0.0195,      0.0029,      0.0156,      0.2066,   7914.7017,-426348.2188,   -982.8905,    556.9899,  26383.5137,
       1,     170,      48,       2,       1,       3,       1,     10.0000,      1.4111,     42.7643,    251.4359,     63.2767,      3.4953,      0.0000,     -0.0318,      3.2027,      0.1357,      5.6464,     11.2929,      1.1989,     29.1451,     58.2901,      0.0195,      0.0025,      0.0156,      0.2066,   7915.0542,-425147.0000,   -982.2512,    557.0735,  26383.5137,
       1,     170,      48,       3,       1,       3,       1,     10.0000,      1.4111,     42.7643,    251.4359,     63.2767,      3.4953,      0.0000,     -0.0319,      2.8611,      0.1387,      5.6464,     11.2929,      1.2259,     29.1451,     58.2901,      0.0195,      0.0022,      0.0156,      0.2066,   7915.0542,-424390.2812,   -982.0696,    557.1262,  26383.5137,
       1,     170,      48,       4,       1,       3,       1,     10.0000,      1.4111,     42.7643,    251.4359,     63.2767,      3.4953,      0.0000,     -0.0320,      3.0562,      0.1404,      5.6464,     11.2929,      1.2409,     29.1451,     58.2901,      0.0195,      0.0024,      0.0156,      0.2066,   7915.0542,-423905.7500,   -981.9543,    557.1600,  26383.5137,
       1,     170,      48,       5,       1,       3,       1,     10.0000,      1.4111,     42.7643,    251.4359,     63.2767,      3.4953,      0.0000,     -0.0320,      3.0018,      0.1411,      5.6464,     11.2929,      1.2472,     29.1451,     58.2901,      0.0195,      0.0023,      0.0156,      0.2066,   7915.0542,-424103.9688,   -982.0055,    557.1462,  26383.5117,
       1,     170,      48,       6,       1,       3,       1,     10.0000,      1.4111,     42.7643,    251.4359,     63.2767,      3.4953,      0.0000,     -0.0320,      2.9270,      0.1417,      5.6464,     11.2929,      1.2522,     29.1451,     58.2901,      0.0195,      0.0023,      0.0156,      0.2066,   7915.0537,-424054.3125,   -981.9969,    557.1497,  26383.5117,
       1,     170,      48,       7,       1,       3,       1,     10.0000,      1.4111,     42.7643,    251.4359,     63.2767,      3.4953,      0.0000,     -0.0320,      2.5997,      0.1416,      5.6464,     11.2929,      1.2510,     29.1451,     58.2901,      0.0195,      0.0020,      0.0156,      0.2066,   7915.0537,-423958.0625,   -981.9761,    557.1563,  26383.5117,
       1,     170,      48,       8,       1,       3,       1,     10.0000,      1.4111,     42.7643,    251.4359,     63.2767,      3.4953,      0.0008,     -0.0312,      2.8278,      0.1393,      5.6464,     11.2929,      1.2309,     29.1451,     58.2901,      0.0195,      0.0022,      0.0156,      0.2066,   7915.0537,-423547.5312,   -981.8785,    557.1849,  26383.5117,
       1,     170,      48,       9,       1,       3,       1,     10.0000,      1.4111,     42.7643,    251.4359,     63.2767,      3.4953,      0.0319,      0.0001,      5.0503,      0.1369,      5.6464,     11.2929,      1.2099,     29.1451,     58.2901,      0.0195,      0.0024,      0.0251,      0.2066,   7915.0537,-423792.7188,   -981.9411,    557.1678,  26383.5117,
       1,     170,      48,      10,       1,       3,       1,     10.0000,      1.4111,     42.7643,    251.4359,     63.2767,      3.4953,      0.1562,      0.1240,     50.4318,      0.1465,      5.6464,     11.2929,      1.2947,     29.1451,     58.2901,      0.0195,      0.0031,      0.1972,      0.2066,   7915.0537,-426545.8125,   -982.6184,    556.9761,  26383.5117,
       1,     170,      48,      11,       1,       3,       1,     10.0000,      1.4111,     42.7643,    251.4359,     63.2767,      3.4953,      0.1877,      0.1549,     76.0886,      0.1628,      5.6464,     11.2929,      1.4389,     29.1451,     58.2901,      0.0195,      0.0039,      0.2394,      0.2066,   7915.0537,-482567.0312,   -996.3553,    553.0758,  26383.5117,
       1,     170,      48,      12,       1,       3,       1,     10.0000,      1.4111,     42.7643,    251.4359,     63.2767,      3.4953,      0.1813,      0.1484,     69.4752,      0.1665,      5.6464,     11.2929,      1.4709,     29.1451,     58.2901,      0.0195,      0.0036,      0.2309,      0.2066,   7915.0537,-518962.2188,  -1005.3757,    550.5732,  26383.5137,
       1,     170,      48,      13,       1,       3,       1,     10.0000,      1.4111,     42.7643,    251.4359,     63.2767,      3.4953,      0.1943,      0.1610,     67.0070,      0.1789,      5.6464,     11.2929,      1.5806,     29.1451,     58.2901,      0.0195,      0.0032,      0.2500,      0.2065,   7915.0542,-513926.9375,  -1004.3919,    550.9255,  26383.5117,
       1,     170,      48,      14,       1,       3,       1,     10.0000,      1.4111,     42.7643,    251.4359,     63.2767,      3.4953,      0.1936,      0.1602,     59.0063,      0.1821,      5.6464,     11.2929,      1.6091,     29.1451,     58.2901,      0.0195,      0.0029,      0.2500,      0.2065,   7915.0537,-510453.0938,  -1003.7737,    551.1648,  26383.5117,
       1,     170,      48,      15,       1,       3,       1,     10.0000,      1.4111,     42.7643,    251.4359,     63.2767,      3.4953,      0.1943,      0.1608,     67.4824,      0.1828,      5.6464,     11.2929,      1.6155,     29.1451,     58.2901,      0.0195,      0.0033,      0.2500,      0.2065,   7915.0537,-500309.4062,  -1001.4996,    551.8636,  26383.5117,
       1,     170,      48,      16,       1,       3,       1,     10.0000,      1.4111,     42.7643,    251.4359,     63.2767,      3.4953,      0.1959,      0.1626,     87.2695,      0.1785,      5.6464,     11.2929,      1.5774,     29.1451,     58.2901,      0.0195,      0.0042,      0.2500,      0.2066,   7915.0537,-509876.6562,  -1004.0233,    551.2042,  26383.5098,
       1,     170,      48,      17,       1,       3,       1,     10.0000,      1.4111,     42.7643,    251.4359,     63.2767,      3.4953,      0.1963,      0.1633,     92.2751,      0.1702,      5.6464,     11.2929,      1.5037,     29.1451,     58.2901,      0.0195,      0.0045,      0.2500,      0.2065,   7915.0532,-535047.7500,  -1010.4268,    549.4703,  26383.5078,
       1,     170,      48,      18,       1,       3,       1,     10.0000,      1.4111,     42.7643,    251.4359,     63.2767,      3.4953,      0.1475,      0.1149,     71.7781,      0.1555,      5.6464,     11.2929,      1.3740,     29.1451,     58.2901,      0.0195,      0.0048,      0.1822,      0.2065,   7915.0527,-543365.8125,  -1012.8006,    548.9017,  26383.5078,
       1,     170,      48,      19,       1,       3,       1,     10.0000,      1.4111,     42.7643,    251.4359,     63.2767,      3.4953,      0.1066,      0.0742,     48.9661,      0.1503,      5.6464,     11.2929,      1.3277,     29.1451,     58.2901,      0.0195,      0.0047,      0.1264,      0.2065,   7915.0527,-518830.8438,  -1007.1268,    550.5854,  26383.5078,
       1,     170,      48,      20,       1,       3,       1,     10.0000,      1.4111,     42.7643,    251.4359,     63.2767,      3.4953,      0.0103,     -0.0219,      5.9327,      0.1465,      5.6464,     11.2929,      1.2947,     29.1451,     58.2901,      0.0195,      0.0046,      0.0156,      0.2065,   7915.0527,-488666.3438,   -999.9514,    552.6640,  26383.5078,
       1,     170,      48,      21,       1,       3,       1,     10.0000,      1.4111,     42.7643,    251.4359,     63.2767,      3.4953,      0.0000,     -0.0319,      6.0782,      0.1383,      5.6464,     11.2929,      1.2222,     29.1451,     58.2901,      0.0195,      0.0047,      0.0156,      0.2066,   7915.0527,-433154.7188,   -986.3851,    556.5028,  26383.5059,
       1,     170,      48,      22,       1,       3,       1,     10.0000,      1.4111,     42.7643,    251.4359,     63.2767,      3.4953,      0.0000,     -0.0319,      5.5983,      0.1382,      5.6464,     11.2929,      1.2209,     29.1451,     58.2901,      0.0195,      0.0044,      0.0156,      0.2066,   7915.0522,-428627.6875,   -985.2807,    556.8311,  26383.5059,
       1,     170,      48,      23,       1,       3,       1,     10.0000,      1.4111,     42.7643,    251.4359,     63.2767,      3.4953,      0.0000,     -0.0319,      4.5591,      0.1380,      5.6464,     11.2929,      1.2197,     29.1451,     58.2901,      0.0195,      0.0035,      0.0156,      0.2066,   7915.0522,-427634.1250,   -985.0423,    556.9003,  26383.5059,
       1,     170,      48,      24,       1,       3,       1,     10.0000,      1.4111,     42.7643,    251.4359,     63.2767,      3.4953,      0.0000,     -0.0319,      4.2064,      0.1390,      5.6464,     11.2929,      1.2284,     29.1451,     58.2901,      0.0195,      0.0033,      0.0156,      0.2066,   7915.0522,-426271.5938,   -984.7123,    556.9952,  26383.5059,
       1,     170,      49,       1,       1,       3,       1,     10.0000,      1.4111,     42.7646,    251.4417,     63.2782,      3.4953,      0.0000,     -0.0319,      3.8999,      0.1389,      5.6472,     11.2944,      1.2272,     29.1496,     58.2992,      0.0195,      0.0030,      0.0156,      0.2067,   7915.0522,-425876.0938,   -984.9733,    557.0359,  26384.6855,
       1,     170,      49,       2,       1,       3,       1,     10.0000,      1.4111,     42.7646,    251.4417,     63.2782,      3.4953,      0.0000,     -0.0320,      3.3538,      0.1397,      5.6472,     11.2944,      1.2347,     29.1496,     58.2992,      0.0195,      0.0026,      0.0156,      0.2067,   7915.4058,-425313.0312,   -984.4857,    557.0750,  26384.6855,
       1,     170,      49,       3,       1,       3,       1,     10.0000,      1.4111,     42.7646,    251.4417,     63.2782,      3.4953,      0.0000,     -0.0320,      3.2273,      0.1400,      5.6472,     11.2944,      1.2372,     29.1496,     58.2992,      0.0195,      0.0025,      0.0156,      0.2067,   7915.4058,-424593.6562,   -984.3124,    557.1251,  26384.6855,
       1,     170,      49,       4,       1,       3,       1,     10.0000,      1.4111,     42.7646,    251.4417,     63.2782,      3.4953,      0.0000,     -0.0321,      3.1965,      0.1423,      5.6472,     11.2944,      1.2573,     29.1496,     58.2992,      0.0195,      0.0025,      0.0156,      0.2067,   7915.4058,-424376.5938,   -984.2625,    557.1403,  26384.6855,
       1,     170,      49,       5,       1,       3,       1,     10.0000,      1.4111,     42.7646,    251.4417,     63.2782,      3.4953,      0.0000,     -0.0320,      3.1592,      0.1419,      5.6472,     11.2944,      1.2535,     29.1496,     58.2992,      0.0195,      0.0025,      0.0156,      0.2067,   7915.4058,-424320.1250,   -984.2516,    557.1442,  26384.6855,
       1,     170,      49,       6,       1,       3,       1,     10.0000,      1.4111,     42.7646,    251.4417,     63.2782,      3.4953,      0.0000,     -0.0319,      3.0908,      0.1394,      5.6472,     11.2944,      1.2322,     29.1496,     58.2992,      0.0195,      0.0024,      0.0156,      0.2067,   7915.4058,-424269.5000,   -984.2426,    557.1477,  26384.6855,
       1,     170,      49,       7,       1,       3,       1,     10.0000,      1.4111,     42.7646,    251.4417,     63.2782,      3.4953,      0.0000,     -0.0319,      3.0458,      0.1372,      5.6472,     11.2944,      1.2123,     29.1496,     58.2992,      0.0195,      0.0024,      0.0156,      0.2067,   7915.4058,-424181.1875,   -984.2239,    557.1539,  26384.6855,
       1,     170,      49,       8,       1,       3,       1,     10.0000,      1.4111,     42.7646,    251.4417,     63.2782,      3.4953,      0.0010,     -0.0308,      2.8570,      0.1353,      5.6472,     11.2944,      1.1953,     29.1496,     58.2992,      0.0195,      0.0022,      0.0156,      0.2067,   7915.4058,-424118.1875,   -984.2115,    557.1583,  26384.6855,
       1,     170,      49,       9,       1,       3,       1,     10.0000,      1.4111,     42.7646,    251.4417,     63.2782,      3.4953,      0.0360,      0.0042,      5.7051,      0.1338,      5.6472,     11.2944,      1.1820,     29.1496,     58.2992,      0.0195,      0.0022,      0.0310,      0.2067,   7915.4058,-423880.7500,   -984.1562,    557.1748,  26384.6855,
       1,     170,      49,      10,       1,       3,       1,     10.0000,      1.4111,     42.7646,    251.4417,     63.2782,      3.4953,      0.1052,      0.0733,     25.1089,      0.1383,      5.6472,     11.2944,      1.2222,     29.1496,     58.2992,      0.0195,      0.0024,      0.1273,      0.2067,   7915.4058,-427360.9688,   -985.0179,    556.9324,  26384.6855,
       1,     170,      49,      11,       1,       3,       1,     10.0000,      1.4111,     42.7646,    251.4417,     63.2782,      3.4953,      0.1453,      0.1131,     38.5938,      0.1461,      5.6472,     11.2944,      1.2908,     29.1496,     58.2992,      0.0195,      0.0026,      0.1830,      0.2067,   7915.4058,-451508.6562,   -990.9830,    555.2513,  26384.6836,
       1,     170,      49,      12,       1,       3,       1,     10.0000,      1.4111,     42.7646,    251.4417,     63.2782,      3.4953,      0.1819,      0.1492,     49.7047,      0.1630,      5.6472,     11.2944,      1.4404,     29.1496,     58.2992,      0.0195,      0.0026,      0.2341,      0.2066,   7915.4053,-470162.5312,   -995.6184,    553.9592,  26384.6836,
       1,     170,      49,      13,       1,       3,       1,     10.0000,      1.4111,     42.7646,    251.4417,     63.2782,      3.4953,      0.1933,      0.1601,     54.9860,      0.1767,      5.6472,     11.2944,      1.5618,     29.1496,     58.2992,      0.0195,      0.0027,      0.2500,      0.2066,   7915.4053,-485422.9375,   -999.4558,    552.9040,  26384.6836,
       1,     170,      49,      14,       1,       3,       1,     10.0000,      1.4111,     42.7646,    251.4417,     63.2782,      3.4953,      0.1935,      0.1597,     58.4478,      0.1939,      5.6472,     11.2944,      1.7130,     29.1496,     58.2992,      0.0195,      0.0028,      0.2500,      0.2066,   7915.4053,-493223.9062,  -1001.4901,    552.3658,  26384.6836,
       1,     170,      49,      15,       1,       3,       1,     10.0000,      1.4111,     42.7646,    251.4417,     63.2782,      3.4953,      0.1937,      0.1600,     61.5632,      0.1933,      5.6472,     11.2944,      1.7079,     29.1496,     58.2992,      0.0195,      0.0030,      0.2500,      0.2066,   7915.4053,-498148.2812,  -1002.8492,    552.0261,  26384.6816,
       1,     170,      49,      16,       1,       3,       1,     10.0000,      1.4111,     42.7646,    251.4417,     63.2782,      3.4953,      0.1943,      0.1607,     68.9877,      0.1887,      5.6472,     11.2944,      1.6678,     29.1496,     58.2992,      0.0195,      0.0033,      0.2500,      0.2066,   7915.4048,-502401.8750,  -1004.0660,    551.7327,  26384.6816,
       1,     170,      49,      17,       1,       3,       1,     10.0000,      1.4111,     42.7646,    251.4417,     63.2782,      3.4953,      0.1961,      0.1627,     90.1015,      0.1810,      5.6472,     11.2944,      1.5996,     29.1496,     58.2992,      0.0195,      0.0044,      0.2500,      0.2066,   7915.4048,-511900.6562,  -1006.5992,    551.0777,  26384.6816,
       1,     170,      49,      18,       1,       3,       1,     10.0000,      1.4111,     42.7646,    251.4417,     63.2782,      3.4953,      0.1876,      0.1545,    106.4980,      0.1712,      5.6472,     11.2944,      1.5127,     29.1496,     58.2992,      0.0195,      0.0055,      0.2358,      0.2066,   7915.4048,-538696.6250,  -1013.4545,    549.2323,  26384.6836,
       1,     170,      49,      19,       1,       3,       1,     10.0000,      1.4111,     42.7646,    251.4417,     63.2782,      3.4953,      0.1415,      0.1088,     92.9465,      0.1604,      5.6472,     11.2944,      1.4174,     29.1496,     58.2992,      0.0195,      0.0066,      0.1713,      0.2065,   7915.4053,-561178.2500,  -1019.3676,    547.6919,  26384.6797,
       1,     170,      49,      20,       1,       3,       1,     10.0000,      1.4111,     42.7646,    251.4417,     63.2782,      3.4953,      0.0154,     -0.0169,      0.7446,      0.1473,      5.6472,     11.2944,      1.3013,     29.1496,     58.2992,      0.0195,      0.0059,      0.0015,      0.2065,   7915.4043,-546407.0625,  -1016.1635,    548.7053,  26384.6797,
       1,     170,      49,      21,       1,       3,       1,     10.0000,      1.4111,     42.7646,    251.4417,     63.2782,      3.4953,      0.0000,     -0.0320,      6.9880,      0.1416,      5.6472,     11.2944,      1.2510,     29.1496,     58.2992,      0.0195,      0.0054,      0.0156,      0.2065,   7915.4043,-431611.8438,   -988.0737,    556.5799,  26384.6797,
       1,     170,      49,      22,       1,       3,       1,     10.0000,      1.4111,     42.7646,    251.4417,     63.2782,      3.4953,      0.0000,     -0.0321,      6.7336,      0.1421,      5.6472,     11.2944,      1.2561,     29.1496,     58.2992,      0.0195,      0.0052,      0.0156,      0.2067,   7915.4043,-429670.0312,   -987.6027,    556.7717,  26384.6777,
       1,     170,      49,      23,       1,       3,       1,     10.0000,      1.4111,     42.7646,    251.4417,     63.2782,      3.4953,      0.0000,     -0.0321,      6.4657,      0.1436,      5.6472,     11.2944,      1.2688,     29.1496,     58.2992,      0.0195,      0.0050,      0.0156,      0.2067,   7915.4038,-429121.6562,   -987.4745,    556.8099,  26384.6777,
       1,     170,      49,      24,       1,       3,       1,     10.0000,      1.4111,     42.7646,    251.4417,     63.2782,      3.4953,      0.0000,     -0.0321,      5.8287,      0.1437,      5.6472,     11.2944,      1.2701,     29.1496,     58.2992,      0.0195,      0.0045,      0.0156,      0.2067,   7915.4038,-428745.4375,   -987.3884,    556.8361,  26384.6777,
       1,     170,      50,       1,       1,       3,       1,     10.0000,      1.4111,     42.7649,    251.4476,     63.2797,      3.4953,      0.0000,     -0.0321,      4.5333,      0.1423,      5.6471,     11.2941,      1.2574,     29.1537,     58.3073,      0.0195,      0.0035,      0.0156,      0.2067,   7915.4038,-428084.3125,   -987.5863,    556.8952,  26385.8555,
       1,     170,      50,       2,       1,       3,       1,     10.0000,      1.4111,     42.7649,    251.4476,     63.2797,      3.4953,      0.0000,     -0.0320,      3.5002,      0.1396,      5.6471,     11.2941,      1.2334,     29.1537,     58.3073,      0.0195,      0.0027,      0.0156,      0.2067,   7915.7568,-426283.7188,   -986.7917,    557.0205,  26385.8555,
       1,     170,      50,       3,       1,       3,       1,     10.0000,      1.4111,     42.7649,    251.4476,     63.2797,      3.4953,      0.0000,     -0.0318,      3.2615,      0.1354,      5.6471,     11.2941,      1.1965,     29.1537,     58.3073,      0.0195,      0.0025,      0.0156,      0.2067,   7915.7568,-424860.0625,   -986.4434,    557.1196,  26385.8555,
       1,     170,      50,       4,       1,       3,       1,     10.0000,      1.4111,     42.7649,    251.4476,     63.2797,      3.4953,      0.0000,     -0.0317,      3.4763,      0.1335,      5.6471,     11.2941,      1.1796,     29.1537,     58.3073,      0.0195,      0.0027,      0.0156,      0.2067,   7915.7568,-424444.9062,   -986.3439,    557.1486,  26385.8555,
       1,     170,      50,       5,       1,       3,       1,     10.0000,      1.4111,     42.7649,    251.4476,     63.2797,      3.4953,      0.0000,     -0.0316,      3.3788,      0.1300,      5.6471,     11.2941,      1.1489,     29.1537,     58.3073,      0.0195,      0.0026,      0.0156,      0.2067,   7915.7568,-424673.3438,   -986.4042,    557.1327,  26385.8555,
       1,     170,      50,       6,       1,       3,       1,     10.0000,      1.4111,     42.7649,    251.4476,     63.2797,      3.4953,      0.0000,     -0.0315,      3.3881,      0.1290,      5.6471,     11.2941,      1.1395,     29.1537,     58.3073,      0.0195,      0.0026,      0.0156,      0.2067,   7915.7568,-424572.9062,   -986.3828,    557.1396,  26385.8555,
       1,     170,      50,       7,       1,       3,       1,     10.0000,      1.4111,     42.7649,    251.4476,     63.2797,      3.4953,      0.0000,     -0.0315,      3.2946,      0.1282,      5.6471,     11.2941,      1.1326,     29.1537,     58.3073,      0.0195,      0.0026,      0.0156,      0.2067,   7915.7568,-424575.9688,   -986.3871,    557.1395,  26385.8555,
       1,     170,      50,       8,       1,       3,       1,     10.0000,      1.4111,     42.7649,    251.4476,     63.2797,      3.4953,      0.0012,     -0.0304,      3.2769,      0.1295,      5.6471,     11.2941,      1.1442,     29.1537,     58.3073,      0.0195,      0.0025,      0.0156,      0.2067,   7915.7568,-424461.0312,   -986.3621,    557.1475,  26385.8555,
       1,     170,      50,       9,       1,       3,       1,     10.0000,      1.4111,     42.7649,    251.4476,     63.2797,      3.4953,      0.0852,      0.0533,     21.3691,      0.1373,      5.6471,     11.2941,      1.2136,     29.1537,     58.3073,      0.0195,      0.0026,      0.0992,      0.2067,   7915.7568,-424429.6250,   -986.3577,    557.1497,  26385.8555,
       1,     170,      50,      10,       1,       3,       1,     10.0000,      1.4111,     42.7649,    251.4476,     63.2797,      3.4953,      0.1670,      0.1347,     44.3197,      0.1486,      5.6471,     11.2941,      1.3132,     29.1537,     58.3073,      0.0195,      0.0025,      0.2132,      0.2067,   7915.7568,-446660.7500,   -991.8823,    555.6014,  26385.8555,
       1,     170,      50,      11,       1,       3,       1,     10.0000,      1.4111,     42.7649,    251.4476,     63.2797,      3.4953,      0.1838,      0.1512,     48.1756,      0.1577,      5.6471,     11.2941,      1.3935,     29.1537,     58.3073,      0.0195,      0.0025,      0.2369,      0.2067,   7915.7568,-476782.8438,   -999.3877,    553.5115,  26385.8555,
       1,     170,      50,      12,       1,       3,       1,     10.0000,      1.4111,     42.7649,    251.4476,     63.2797,      3.4953,      0.1928,      0.1597,     50.6951,      0.1721,      5.6471,     11.2941,      1.5203,     29.1537,     58.3073,      0.0195,      0.0025,      0.2496,      0.2066,   7915.7568,-484107.8438,  -1001.2925,    553.0086,  26385.8516,
       1,     170,      50,      13,       1,       3,       1,     10.0000,      1.4111,     42.7649,    251.4476,     63.2797,      3.4953,      0.1930,      0.1597,     50.3161,      0.1780,      5.6471,     11.2941,      1.5728,     29.1537,     58.3073,      0.0195,      0.0024,      0.2500,      0.2066,   7915.7559,-487828.1875,  -1002.3226,    552.7517,  26385.8535,
       1,     170,      50,      14,       1,       3,       1,     10.0000,      1.4111,     42.7649,    251.4476,     63.2797,      3.4953,      0.1939,      0.1605,     61.7816,      0.1801,      5.6471,     11.2941,      1.5917,     29.1537,     58.3073,      0.0195,      0.0030,      0.2500,      0.2066,   7915.7563,-487679.0625,  -1002.4070,    552.7620,  26385.8516,
       1,     170,      50,      15,       1,       3,       1,     10.0000,      1.4111,     42.7649,    251.4476,     63.2797,      3.4953,      0.1954,      0.1620,     81.6540,      0.1817,      5.6471,     11.2941,      1.6060,     29.1537,     58.3073,      0.0195,      0.0040,      0.2500,      0.2066,   7915.7559,-501770.0938,  -1006.0327,    551.7885,  26385.8516,
       1,     170,      50,      16,       1,       3,       1,     10.0000,      1.4111,     42.7649,    251.4476,     63.2797,      3.4953,      0.1966,      0.1632,     97.0672,      0.1821,      5.6471,     11.2941,      1.6092,     29.1537,     58.3073,      0.0195,      0.0047,      0.2500,      0.2066,   7915.7559,-527424.9375,  -1012.5967,    550.0198,  26385.8535,
       1,     170,      50,      17,       1,       3,       1,     10.0000,      1.4111,     42.7649,    251.4476,     63.2797,      3.4953,      0.1983,      0.1651,    117.3568,      0.1750,      5.6471,     11.2941,      1.5463,     29.1537,     58.3073,      0.0195,      0.0057,      0.2500,      0.2066,   7915.7563,-548591.5625,  -1018.1627,    548.5674,  26385.8496,
       1,     170,      50,      18,       1,       3,       1,     10.0000,      1.4111,     42.7649,    251.4476,     63.2797,      3.4953,      0.1843,      0.1514,    113.0788,      0.1658,      5.6471,     11.2941,      1.4651,     29.1537,     58.3073,      0.0195,      0.0060,      0.2304,      0.2066,   7915.7554,-575381.2500,  -1025.2354,    546.7323,  26385.8477,
       1,     170,      50,      19,       1,       3,       1,     10.0000,      1.4111,     42.7649,    251.4476,     63.2797,      3.4953,      0.1240,      0.0914,     70.8937,      0.1550,      5.6471,     11.2941,      1.3699,     29.1537,     58.3073,      0.0195,      0.0058,      0.1487,      0.2065,   7915.7544,-572402.8750,  -1025.0186,    546.9390,  26385.8496,
       1,     170,      50,      20,       1,       3,       1,     10.0000,      1.4111,     42.7649,    251.4476,     63.2797,      3.4953,      0.0200,     -0.0123,      3.5493,      0.1480,      5.6471,     11.2941,      1.3079,     29.1537,     58.3073,      0.0195,      0.0055,      0.0078,      0.2065,   7915.7554,-520181.7188,  -1012.4906,    550.5092,  26385.8496,
       1,     170,      50,      21,       1,       3,       1,     10.0000,      1.4111,     42.7649,    251.4476,     63.2797,      3.4953,      0.0000,     -0.0322,      7.0803,      0.1459,      5.6471,     11.2941,      1.2895,     29.1537,     58.3073,      0.0195,      0.0055,      0.0156,      0.2066,   7915.7554,-432888.3438,   -990.9363,    556.5278,  26385.8477,
       1,     170,      50,      22,       1,       3,       1,     10.0000,      1.4111,     42.7649,    251.4476,     63.2797,      3.4953,      0.0000,     -0.0320,      6.5436,      0.1406,      5.6471,     11.2941,      1.2422,     29.1537,     58.3073,      0.0195,      0.0051,      0.0156,      0.2067,   7915.7544,-429866.5625,   -990.1938,    556.7711,  26385.8477,
       1,     170,      50,      23,       1,       3,       1,     10.0000,      1.4111,     42.7649,    251.4476,     63.2797,      3.4953,      0.0000,     -0.0320,      6.0354,      0.1410,      5.6471,     11.2941,      1.2460,     29.1537,     58.3073,      0.0195,      0.0047,      0.0156,      0.2067,   7915.7544,-428907.8750,   -989.9622,    556.8378,  26385.8477,
       1,     170,      50,      24,       1,       3,       1,     10.0000,      1.4111,     42.7649,    251.4476,     63.2797,      3.4953,      0.0000,     -0.0321,      5.3880,      0.1427,      5.6471,     11.2941,      1.2612,     29.1537,     58.3073,      0.0195,      0.0042,      0.0156,      0.2067,   7915.7544,-428201.2188,   -989.7925,    556.8870,  26385.8477,
       1,     170,      51,       1,       1,       3,       1,     10.0000,      1.4112,     42.7653,    251.4536,     63.2812,      3.4953,      0.0000,     -0.0321,      4.8875,      0.1443,      5.6467,     11.2935,      1.2753,     29.1616,     58.3231,      0.0195,      0.0038,      0.0156,      0.2067,   7915.7544,-427499.1562,   -989.9816,    556.9489,  26387.0254,
       1,     170,      51,       2,       1,       3,       1,     10.0000,      1.4112,     42.7653,    251.4536,     63.2812,      3.4953,      0.0000,     -0.0320,      4.4121,      0.1410,      5.6467,     11.2935,      1.2460,     29.1616,     58.3231,      0.0195,      0.0034,      0.0156,      0.2067,   7916.1079,-426671.9062,   -989.4232,    557.0065,  26387.0254,
       1,     170,      51,       3,       1,       3,       1,     10.0000,      1.4112,     42.7653,    251.4536,     63.2812,      3.4953,      0.0000,     -0.0321,      3.5438,      0.1423,      5.6467,     11.2935,      1.2574,     29.1616,     58.3231,      0.0195,      0.0028,      0.0156,      0.2067,   7916.1079,-426016.9688,   -989.2647,    557.0521,  26387.0254,
       1,     170,      51,       4,       1,       3,       1,     10.0000,      1.4112,     42.7653,    251.4536,     63.2812,      3.4953,      0.0000,     -0.0320,      3.5458,      0.1413,      5.6467,     11.2935,      1.2485,     29.1616,     58.3231,      0.0195,      0.0028,      0.0156,      0.2067,   7916.1079,-424893.8750,   -988.9885,    557.1302,  26387.0254,
       1,     170,      51,       5,       1,       3,       1,     10.0000,      1.4112,     42.7653,    251.4536,     63.2812,      3.4953,      0.0000,     -0.0319,      3.3714,      0.1379,      5.6467,     11.2935,      1.2186,     29.1616,     58.3231,      0.0195,      0.0026,      0.0156,      0.2067,   7916.1079,-424800.2188,   -988.9690,    557.1368,  26387.0254,
       1,     170,      51,       6,       1,       3,       1,     10.0000,      1.4112,     42.7653,    251.4536,     63.2812,      3.4953,      0.0000,     -0.0318,      3.4044,      0.1357,      5.6467,     11.2935,      1.1990,     29.1616,     58.3231,      0.0195,      0.0026,      0.0156,      0.2067,   7916.1079,-424577.9375,   -988.9173,    557.1523,  26387.0254,
       1,     170,      51,       7,       1,       3,       1,     10.0000,      1.4112,     42.7653,    251.4536,     63.2812,      3.4953,      0.0000,     -0.0317,      3.0886,      0.1331,      5.6467,     11.2935,      1.1761,     29.1616,     58.3231,      0.0195,      0.0024,      0.0156,      0.2067,   7916.1079,-424599.5000,   -988.9264,    557.1508,  26387.0254,
       1,     170,      51,       8,       1,       3,       1,     10.0000,      1.4112,     42.7653,    251.4536,     63.2812,      3.4953,      0.0015,     -0.0301,      3.3631,      0.1305,      5.6467,     11.2935,      1.1536,     29.1616,     58.3231,      0.0195,      0.0026,      0.0156,      0.2067,   7916.1079,-424213.2812,   -988.8335,    557.1777,  26387.0254,
       1,     170,      51,       9,       1,       3,       1,     10.0000,      1.4112,     42.7653,    251.4536,     63.2812,      3.4953,      0.0821,      0.0502,     21.2711,      0.1365,      5.6467,     11.2935,      1.2063,     29.1616,     58.3231,      0.0195,      0.0027,      0.0948,      0.2067,   7916.1079,-424517.4062,   -988.9129,    557.1565,  26387.0254,
       1,     170,      51,      10,       1,       3,       1,     10.0000,      1.4112,     42.7653,    251.4536,     63.2812,      3.4953,      0.1683,      0.1359,     51.4223,      0.1512,      5.6467,     11.2935,      1.3359,     29.1616,     58.3231,      0.0195,      0.0029,      0.2143,      0.2067,   7916.1079,-446548.5625,   -994.4299,    555.6222,  26387.0254,
       1,     170,      51,      11,       1,       3,       1,     10.0000,      1.4112,     42.7653,    251.4536,     63.2812,      3.4953,      0.1937,      0.1608,     59.0800,      0.1680,      5.6467,     11.2935,      1.4843,     29.1616,     58.3231,      0.0195,      0.0029,      0.2500,      0.2067,   7916.1079,-485500.5000,  -1004.2026,    552.9189,  26387.0234,
       1,     170,      51,      12,       1,       3,       1,     10.0000,      1.4112,     42.7653,    251.4536,     63.2812,      3.4953,      0.1937,      0.1602,     60.3356,      0.1845,      5.6467,     11.2935,      1.6302,     29.1616,     58.3231,      0.0195,      0.0029,      0.2500,      0.2067,   7916.1074,-498263.1875,  -1007.5058,    552.0434,  26387.0215,
       1,     170,      51,      13,       1,       3,       1,     10.0000,      1.4112,     42.7653,    251.4536,     63.2812,      3.4953,      0.1932,      0.1594,     55.2296,      0.1958,      5.6467,     11.2935,      1.7301,     29.1616,     58.3231,      0.0195,      0.0027,      0.2500,      0.2066,   7916.1069,-500890.6875,  -1008.3305,    551.8627,  26387.0234,
       1,     170,      51,      14,       1,       3,       1,     10.0000,      1.4112,     42.7653,    251.4536,     63.2812,      3.4953,      0.1937,      0.1598,     60.7779,      0.1960,      5.6467,     11.2935,      1.7318,     29.1616,     58.3231,      0.0195,      0.0029,      0.2500,      0.2066,   7916.1074,-494832.5000,  -1006.9917,    552.2807,  26387.0215,
       1,     170,      51,      15,       1,       3,       1,     10.0000,      1.4112,     42.7653,    251.4536,     63.2812,      3.4953,      0.1953,      0.1614,     82.0446,      0.1983,      5.6467,     11.2935,      1.7525,     29.1616,     58.3231,      0.0195,      0.0040,      0.2500,      0.2066,   7916.1069,-501141.3125,  -1008.7270,    551.8453,  26387.0195,
       1,     170,      51,      16,       1,       3,       1,     10.0000,      1.4112,     42.7653,    251.4536,     63.2812,      3.4953,      0.1969,      0.1629,    103.3920,      0.2013,      5.6467,     11.2935,      1.7787,     29.1616,     58.3231,      0.0195,      0.0050,      0.2500,      0.2066,   7916.1060,-527842.1875,  -1015.6033,    550.0037,  26387.0195,
       1,     170,      51,      17,       1,       3,       1,     10.0000,      1.4112,     42.7653,    251.4536,     63.2812,      3.4953,      0.1929,      0.1592,    118.8241,      0.1918,      5.6467,     11.2935,      1.6945,     29.1616,     58.3231,      0.0195,      0.0059,      0.2423,      0.2066,   7916.1060,-556400.8750,  -1023.0690,    548.0433,  26387.0195,
       1,     170,      51,      18,       1,       3,       1,     10.0000,      1.4112,     42.7653,    251.4536,     63.2812,      3.4953,      0.1830,      0.1496,    121.8765,      0.1805,      5.6467,     11.2935,      1.5949,     29.1616,     58.3231,      0.0195,      0.0065,      0.2276,      0.2066,   7916.1060,-577843.8750,  -1028.8890,    546.5779,  26387.0176,
       1,     170,      51,      19,       1,       3,       1,     10.0000,      1.4112,     42.7653,    251.4536,     63.2812,      3.4953,      0.1441,      0.1111,     89.7238,      0.1695,      5.6467,     11.2935,      1.4978,     29.1616,     58.3231,      0.0195,      0.0062,      0.1753,      0.2065,   7916.1055,-583433.5000,  -1030.8340,    546.1979,  26387.0176,
       1,     170,      51,      20,       1,       3,       1,     10.0000,      1.4112,     42.7653,    251.4536,     63.2812,      3.4953,      0.0197,     -0.0127,      3.4962,      0.1506,      5.6467,     11.2935,      1.3305,     29.1616,     58.3231,      0.0195,      0.0058,      0.0073,      0.2065,   7916.1055,-544300.0625,  -1021.5472,    548.8699,  26387.0176,
       1,     170,      51,      21,       1,       3,       1,     10.0000,      1.4112,     42.7653,    251.4536,     63.2812,      3.4953,      0.0000,     -0.0321,      7.4217,      0.1430,      5.6467,     11.2935,      1.2638,     29.1616,     58.3231,      0.0195,      0.0058,      0.0156,      0.2066,   7916.1055,-434835.9688,   -994.3270,    556.3866,  26387.0176,
       1,     170,      51,      22,       1,       3,       1,     10.0000,      1.4112,     42.7653,    251.4536,     63.2812,      3.4953,      0.0000,     -0.0321,      7.2481,      0.1435,      5.6467,     11.2935,      1.2676,     29.1616,     58.3231,      0.0195,      0.0056,      0.0156,      0.2067,   7916.1055,-430478.1250,   -993.2427,    556.7414,  26387.0176,
       1,     170,      51,      23,       1,       3,       1,     10.0000,      1.4112,     42.7653,    251.4536,     63.2812,      3.4953,      0.0000,     -0.0320,      6.4768,      0.1396,      5.6467,     11.2935,      1.2335,     29.1616,     58.3231,      0.0195,      0.0050,      0.0156,      0.2067,   7916.1055,-429828.7188,   -993.0874,    556.7867,  26387.0176,
       1,     170,      51,      24,       1,       3,       1,     10.0000,      1.4112,     42.7653,    251.4536,     63.2812,      3.4953,      0.0000,     -0.0319,      5.5468,      0.1369,      5.6467,     11.2935,      1.2099,     29.1616,     58.3231,      0.0195,      0.0043,      0.0156,      0.2067,   7916.1055,-428825.0938,   -992.8423,    556.8565,  26387.0176,
       1,     170,      52,       1,       1,       3,       1,     10.0000,      1.4112,     42.7656,    251.4595,     63.2827,      3.4953,      0.0000,     -0.0318,      4.2579,      0.1353,      5.6472,     11.2945,      1.1953,     29.1699,     58.3398,      0.0195,      0.0033,      0.0156,      0.2067,   7916.1055,-427750.7812,   -992.9401,    556.9443,  26388.1934,
       1,     170,      52,       2,       1,       3,       1,     10.0000,      1.4112,     42.7656,    251.4595,     63.2827,      3.4953,      0.0000,     -0.0318,      3.3221,      0.1354,      5.6472,     11.2945,      1.1966,     29.1699,     58.3398,      0.0195,      0.0026,      0.0156,      0.2067,   7916.4585,-425923.2188,   -992.1254,    557.0716,  26388.1934,
       1,     170,      52,       3,       1,       3,       1,     10.0000,      1.4112,     42.7656,    251.4595,     63.2827,      3.4953,      0.0000,     -0.0317,      3.4533,      0.1326,      5.6472,     11.2945,      1.1713,     29.1699,     58.3398,      0.0195,      0.0027,      0.0156,      0.2067,   7916.4585,-424617.0312,   -991.8005,    557.1625,  26388.1934,
       1,     170,      52,       4,       1,       3,       1,     10.0000,      1.4112,     42.7656,    251.4595,     63.2827,      3.4953,      0.0000,     -0.0314,      3.3936,      0.1259,      5.6472,     11.2945,      1.1121,     29.1699,     58.3398,      0.0195,      0.0026,      0.0156,      0.2067,   7916.4585,-424666.5000,   -991.8168,    557.1591,  26388.1934,
       1,     170,      52,       5,       1,       3,       1,     10.0000,      1.4112,     42.7656,    251.4595,     63.2827,      3.4953,      0.0000,     -0.0313,      2.9987,      0.1214,      5.6472,     11.2945,      1.0730,     29.1699,     58.3398,      0.0195,      0.0023,      0.0156,      0.2067,   7916.4585,-424597.4375,   -991.8032,    557.1640,  26388.1934,
       1,     170,      52,       6,       1,       3,       1,     10.0000,      1.4112,     42.7656,    251.4595,     63.2827,      3.4953,      0.0000,     -0.0311,      2.7075,      0.1169,      5.6472,     11.2945,      1.0332,     29.1699,     58.3398,      0.0195,      0.0021,      0.0156,      0.2067,   7916.4585,-424106.1250,   -991.6829,    557.1981,  26388.1934,
       1,     170,      52,       7,       1,       3,       1,     10.0000,      1.4112,     42.7656,    251.4595,     63.2827,      3.4953,      0.0000,     -0.0311,      2.7821,      0.1179,      5.6472,     11.2945,      1.0417,     29.1699,     58.3398,      0.0195,      0.0022,      0.0156,      0.2067,   7916.4585,-423706.4688,   -991.5854,    557.2260,  26388.1934,
       1,     170,      52,       8,       1,       3,       1,     10.0000,      1.4112,     42.7656,    251.4595,     63.2827,      3.4953,      0.0014,     -0.0297,      2.5280,      0.1195,      5.6472,     11.2945,      1.0556,     29.1699,     58.3398,      0.0195,      0.0020,      0.0156,      0.2067,   7916.4585,-423763.9375,   -991.6030,    557.2220,  26388.1934,
       1,     170,      52,       9,       1,       3,       1,     10.0000,      1.4112,     42.7656,    251.4595,     63.2827,      3.4953,      0.0766,      0.0451,     11.9174,      0.1282,      5.6472,     11.2945,      1.1327,     29.1699,     58.3398,      0.0195,      0.0016,      0.0883,      0.2067,   7916.4585,-423456.5312,   -991.5285,    557.2434,  26388.1934,
       1,     170,      52,      10,       1,       3,       1,     10.0000,      1.4112,     42.7656,    251.4595,     63.2827,      3.4953,      0.1695,      0.1369,     30.5908,      0.1558,      5.6472,     11.2945,      1.3769,     29.1699,     58.3398,      0.0195,      0.0017,      0.2183,      0.2067,   7916.4585,-434966.3438,   -994.4369,    556.4417,  26388.1934,
       1,     170,      52,      11,       1,       3,       1,     10.0000,      1.4112,     42.7656,    251.4595,     63.2827,      3.4953,      0.1912,      0.1581,     27.1786,      0.1715,      5.6472,     11.2945,      1.5159,     29.1699,     58.3398,      0.0195,      0.0013,      0.2500,      0.2067,   7916.4585,-458899.1250,  -1000.4919,    554.7776,  26388.1934,
       1,     170,      52,      12,       1,       3,       1,     10.0000,      1.4112,     42.7656,    251.4595,     63.2827,      3.4953,      0.1914,      0.1576,     31.0742,      0.1914,      5.6472,     11.2945,      1.6912,     29.1699,     58.3398,      0.0195,      0.0015,      0.2500,      0.2067,   7916.4585,-456756.9688,   -999.9956,    554.9286,  26388.1934,
       1,     170,      52,      13,       1,       3,       1,     10.0000,      1.4112,     42.7656,    251.4595,     63.2827,      3.4953,      0.1920,      0.1577,     40.4263,      0.2098,      5.6472,     11.2945,      1.8540,     29.1699,     58.3398,      0.0195,      0.0020,      0.2500,      0.2067,   7916.4585,-461359.5000,  -1001.1978,    554.6094,  26388.1934,
       1,     170,      52,      14,       1,       3,       1,     10.0000,      1.4112,     42.7656,    251.4595,     63.2827,      3.4953,      0.1934,      0.1587,     60.5799,      0.2248,      5.6472,     11.2945,      1.9861,     29.1699,     58.3398,      0.0195,      0.0029,      0.2500,      0.2067,   7916.4585,-473249.5312,  -1004.2495,    553.7852,  26388.1914,
       1,     170,      52,      15,       1,       3,       1,     10.0000,      1.4112,     42.7656,    251.4595,     63.2827,      3.4953,      0.1971,      0.1622,    108.3700,      0.2317,      5.6472,     11.2945,      2.0473,     29.1699,     58.3398,      0.0195,      0.0053,      0.2500,      0.2067,   7916.4575,-499046.1875,  -1010.8414,    552.0001,  26388.1895,
       1,     170,      52,      16,       1,       3,       1,     10.0000,      1.4112,     42.7656,    251.4595,     63.2827,      3.4953,      0.1989,      0.1641,    131.7969,      0.2292,      5.6472,     11.2945,      2.0254,     29.1699,     58.3398,      0.0195,      0.0064,      0.2500,      0.2067,   7916.4570,-560037.8750,  -1026.4178,    547.7946,  26388.1895,
       1,     170,      52,      17,       1,       3,       1,     10.0000,      1.4112,     42.7656,    251.4595,     63.2827,      3.4953,      0.1951,      0.1605,    150.1110,      0.2193,      5.6472,     11.2945,      1.9379,     29.1699,     58.3398,      0.0195,      0.0075,      0.2423,      0.2066,   7916.4570,-594128.7500,  -1035.4821,    545.4762,  26388.1484,
       1,     170,      52,      18,       1,       3,       1,     10.0000,      1.4112,     42.7656,    251.4595,     63.2827,      3.4953,      0.1822,      0.1481,    151.2127,      0.2021,      5.6472,     11.2945,      1.7858,     29.1699,     58.3398,      0.0195,      0.0082,      0.2233,      0.2065,   7916.4448,-619598.0625,  -1042.5594,    543.7445,  26388.0840,
       1,     170,      52,      19,       1,       3,       1,     10.0000,      1.4112,     42.7656,    251.4595,     63.2827,      3.4953,      0.1344,      0.1009,    101.9478,      0.1821,      5.6472,     11.2945,      1.6093,     29.1699,     58.3398,      0.0195,      0.0077,      0.1599,      0.2065,   7916.4253,-623139.3125,  -1044.2239,    543.5065,  26388.0605,
       1,     170,      52,      20,       1,       3,       1,     10.0000,      1.4112,     42.7656,    251.4595,     63.2827,      3.4953,      0.0216,     -0.0112,      5.5217,      0.1635,      5.6472,     11.2945,      1.4448,     29.1699,     58.3398,      0.0195,      0.0072,      0.0093,      0.2065,   7916.4185,-562716.8750,  -1029.6464,    547.6115,  26388.1738,
       1,     170,      52,      21,       1,       3,       1,     10.0000,      1.4112,     42.7656,    251.4595,     63.2827,      3.4953,      0.0000,     -0.0324,      8.5603,      0.1504,      5.6472,     11.2945,      1.3292,     29.1699,     58.3398,      0.0195,      0.0067,      0.0156,      0.2066,   7916.4526,-438877.7812,   -998.5629,    556.1041,  26388.1855,
       1,     170,      52,      22,       1,       3,       1,     10.0000,      1.4112,     42.7656,    251.4595,     63.2827,      3.4953,      0.0000,     -0.0321,      8.3057,      0.1420,      5.6472,     11.2945,      1.2549,     29.1699,     58.3398,      0.0195,      0.0065,      0.0156,      0.2067,   7916.4561,-432243.2500,   -996.8893,    556.6314,  26388.1855,
       1,     170,      52,      23,       1,       3,       1,     10.0000,      1.4112,     42.7656,    251.4595,     63.2827,      3.4953,      0.0000,     -0.0318,      7.0887,      0.1349,      5.6472,     11.2945,      1.1917,     29.1699,     58.3398,      0.0195,      0.0055,      0.0156,      0.2067,   7916.4561,-431282.4375,   -996.6552,    556.6986,  26388.1855,
       1,     170,      52,      24,       1,       3,       1,     10.0000,      1.4112,     42.7656,    251.4595,     63.2827,      3.4953,      0.0000,     -0.0320,      6.0631,      0.1400,      5.6472,     11.2945,      1.2372,     29.1699,     58.3398,      0.0195,      0.0047,      0.0156,      0.2067,   7916.4561,-429704.4062,   -996.2630,    556.8083,  26388.1855,
       1,     170,      53,       1,       1,       3,       1,     10.0000,      1.4112,     42.7660,    251.4654,     63.2841,      3.4953,      0.0000,     -0.0321,      4.9678,      0.1420,      5.6470,     11.2940,      1.2549,     29.1778,     58.3555,      0.0195,      0.0039,      0.0156,      0.2068,   7916.4561,-428463.5312,   -996.3203,    556.9078,  26389.3613,
       1,     170,      53,       2,       1,       3,       1,     10.0000,      1.4112,     42.7660,    251.4654,     63.2841,      3.4953,      0.0000,     -0.0319,      3.9616,      0.1380,      5.6470,     11.2940,      1.2199,     29.1778,     58.3555,      0.0195,      0.0031,      0.0156,      0.2068,   7916.8086,-426859.6875,   -995.5552,    557.0194,  26389.3613,
       1,     170,      53,       3,       1,       3,       1,     10.0000,      1.4112,     42.7660,    251.4654,     63.2841,      3.4953,      0.0000,     -0.0318,      3.4194,      0.1358,      5.6470,     11.2940,      1.2002,     29.1778,     58.3555,      0.0195,      0.0027,      0.0156,      0.2068,   7916.8086,-425486.3750,   -995.2111,    557.1151,  26389.3613,
       1,     170,      53,       4,       1,       3,       1,     10.0000,      1.4112,     42.7660,    251.4654,     63.2841,      3.4953,      0.0000,     -0.0315,      2.7399,      0.1286,      5.6470,     11.2940,      1.1361,     29.1778,     58.3555,      0.0195,      0.0021,      0.0156,      0.2068,   7916.8086,-424702.7500,   -995.0159,    557.1696,  26389.3613,
       1,     170,      53,       5,       1,       3,       1,     10.0000,      1.4112,     42.7660,    251.4654,     63.2841,      3.4953,      0.0000,     -0.0317,      2.9829,      0.1315,      5.6470,     11.2940,      1.1619,     29.1778,     58.3555,      0.0195,      0.0023,      0.0156,      0.2068,   7916.8086,-423800.9688,   -994.7902,    557.2325,  26389.3613,
       1,     170,      53,       6,       1,       3,       1,     10.0000,      1.4112,     42.7660,    251.4654,     63.2841,      3.4953,      0.0000,     -0.0318,      3.1459,      0.1339,      5.6470,     11.2940,      1.1833,     29.1778,     58.3555,      0.0195,      0.0024,      0.0156,      0.2068,   7916.8086,-424022.2500,   -994.8500,    557.2170,  26389.3613,
       1,     170,      53,       7,       1,       3,       1,     10.0000,      1.4112,     42.7660,    251.4654,     63.2841,      3.4953,      0.0000,     -0.0318,      3.1900,      0.1358,      5.6470,     11.2940,      1.2002,     29.1778,     58.3555,      0.0195,      0.0025,      0.0156,      0.2068,   7916.8086,-424241.4688,   -994.9091,    557.2018,  26389.3613,
       1,     170,      53,       8,       1,       3,       1,     10.0000,      1.4112,     42.7660,    251.4654,     63.2841,      3.4953,      0.0016,     -0.0302,      2.9537,      0.1345,      5.6470,     11.2940,      1.1881,     29.1778,     58.3555,      0.0195,      0.0023,      0.0156,      0.2068,   7916.8086,-424314.4062,   -994.9313,    557.1967,  26389.3613,
       1,     170,      53,       9,       1,       3,       1,     10.0000,      1.4112,     42.7660,    251.4654,     63.2841,      3.4953,      0.0875,      0.0557,     14.9944,      0.1343,      5.6470,     11.2940,      1.1869,     29.1778,     58.3555,      0.0195,      0.0018,      0.1032,      0.2068,   7916.8086,-424030.3438,   -994.8623,    557.2165,  26389.3613,
       1,     170,      53,      10,       1,       3,       1,     10.0000,      1.4112,     42.7660,    251.4654,     63.2841,      3.4953,      0.1715,      0.1392,     40.0059,      0.1483,      5.6470,     11.2940,      1.3106,     29.1778,     58.3555,      0.0195,      0.0022,      0.2201,      0.2068,   7916.8086,-438797.7812,   -998.6297,    556.1879,  26389.3613,
       1,     170,      53,      11,       1,       3,       1,     10.0000,      1.4112,     42.7660,    251.4654,     63.2841,      3.4953,      0.1932,      0.1602,     52.5607,      0.1683,      5.6470,     11.2940,      1.4874,     29.1778,     58.3555,      0.0195,      0.0025,      0.2500,      0.2068,   7916.8086,-470796.6875,  -1006.8031,    553.9641,  26389.3613,
       1,     170,      53,      12,       1,       3,       1,     10.0000,      1.4112,     42.7660,    251.4654,     63.2841,      3.4953,      0.1936,      0.1601,     58.9849,      0.1836,      5.6470,     11.2940,      1.6222,     29.1778,     58.3555,      0.0195,      0.0029,      0.2500,      0.2067,   7916.8086,-488976.8438,  -1011.5073,    552.7097,  26389.3613,
       1,     170,      53,      13,       1,       3,       1,     10.0000,      1.4112,     42.7660,    251.4654,     63.2841,      3.4953,      0.1937,      0.1597,     62.2585,      0.2025,      5.6470,     11.2940,      1.7894,     29.1778,     58.3555,      0.0195,      0.0030,      0.2500,      0.2067,   7916.8086,-498426.5938,  -1014.0350,    552.0583,  26389.3594,
       1,     170,      53,      14,       1,       3,       1,     10.0000,      1.4112,     42.7660,    251.4654,     63.2841,      3.4953,      0.1936,      0.1593,     60.5277,      0.2086,      5.6470,     11.2940,      1.8431,     29.1778,     58.3555,      0.0195,      0.0029,      0.2500,      0.2067,   7916.8081,-503258.3438,  -1015.4294,    551.7252,  26389.3594,
       1,     170,      53,      15,       1,       3,       1,     10.0000,      1.4112,     42.7660,    251.4654,     63.2841,      3.4953,      0.1951,      0.1611,     80.3912,      0.2035,      5.6470,     11.2940,      1.7982,     29.1778,     58.3555,      0.0195,      0.0039,      0.2500,      0.2067,   7916.8081,-501541.3750,  -1015.1751,    551.8438,  26389.3613,
       1,     170,      53,      16,       1,       3,       1,     10.0000,      1.4112,     42.7660,    251.4654,     63.2841,      3.4953,      0.1974,      0.1636,    109.0682,      0.1958,      5.6470,     11.2940,      1.7302,     29.1778,     58.3555,      0.0195,      0.0053,      0.2500,      0.2067,   7916.8086,-525824.8750,  -1021.5516,    550.1686,  26389.3574,
       1,     170,      53,      17,       1,       3,       1,     10.0000,      1.4112,     42.7660,    251.4654,     63.2841,      3.4953,      0.1989,      0.1652,    126.5568,      0.1886,      5.6470,     11.2940,      1.6663,     29.1778,     58.3555,      0.0195,      0.0061,      0.2500,      0.2067,   7916.8076,-563187.5000,  -1031.3840,    547.6017,  26389.2754,
       1,     170,      53,      18,       1,       3,       1,     10.0000,      1.4112,     42.7660,    251.4654,     63.2841,      3.4953,      0.1870,      0.1536,    137.6432,      0.1828,      5.6470,     11.2940,      1.6157,     29.1778,     58.3555,      0.0195,      0.0072,      0.2316,      0.2066,   7916.7827,-587928.1875,  -1038.1965,    545.9142,  26389.2168,
       1,     170,      53,      19,       1,       3,       1,     10.0000,      1.4112,     42.7660,    251.4654,     63.2841,      3.4953,      0.1413,      0.1083,     98.0812,      0.1688,      5.6470,     11.2940,      1.4919,     29.1778,     58.3555,      0.0195,      0.0070,      0.1703,      0.2066,   7916.7651,-603699.5000,  -1042.8378,    544.8406,  26389.1719,
       1,     170,      53,      20,       1,       3,       1,     10.0000,      1.4112,     42.7660,    251.4654,     63.2841,      3.4953,      0.0206,     -0.0119,      4.2669,      0.1550,      5.6470,     11.2940,      1.3700,     29.1778,     58.3555,      0.0195,      0.0062,      0.0083,      0.2065,   7916.7520,-556308.2500,  -1031.3615,    548.0692,  26389.2578,
       1,     170,      53,      21,       1,       3,       1,     10.0000,      1.4112,     42.7660,    251.4654,     63.2841,      3.4953,      0.0000,     -0.0322,      7.1036,      0.1456,      5.6470,     11.2940,      1.2870,     29.1778,     58.3555,      0.0195,      0.0055,      0.0156,      0.2066,   7916.7778,-436804.6562,  -1001.0791,    556.2658,  26389.3535,
       1,     170,      53,      22,       1,       3,       1,     10.0000,      1.4112,     42.7660,    251.4654,     63.2841,      3.4953,      0.0000,     -0.0320,      6.7052,      0.1407,      5.6470,     11.2940,      1.2436,     29.1778,     58.3555,      0.0195,      0.0052,      0.0156,      0.2068,   7916.8062,-430273.3438,   -999.3884,    556.7816,  26389.3535,
       1,     170,      53,      23,       1,       3,       1,     10.0000,      1.4112,     42.7660,    251.4654,     63.2841,      3.4953,      0.0000,     -0.0320,      6.4752,      0.1392,      5.6470,     11.2940,      1.2298,     29.1778,     58.3555,      0.0195,      0.0050,      0.0156,      0.2068,   7916.8062,-429150.2188,   -999.1088,    556.8599,  26389.3535,
       1,     170,      53,      24,       1,       3,       1,     10.0000,      1.4112,     42.7660,    251.4654,     63.2841,      3.4953,      0.0000,     -0.0320,      5.5274,      0.1413,      5.6470,     11.2940,      1.2486,     29.1778,     58.3555,      0.0195,      0.0043,      0.0156,      0.2068,   7916.8062,-428771.3750,   -999.0193,    556.8864,  26389.3535,
       1,     170,      54,       1,       1,       3,       1,     10.0000,      1.4112,     42.7663,    251.4713,     63.2856,      3.4953,      0.0000,     -0.0321,      4.5496,      0.1425,      5.6474,     11.2948,      1.2588,     29.1865,     58.3731,      0.0195,      0.0035,      0.0156,      0.2068,   7916.8062,-427728.8438,   -999.1276,    556.9719,  26390.5312,
       1,     170,      54,       2,       1,       3,       1,     10.0000,      1.4112,     42.7663,    251.4713,     63.2856,      3.4953,      0.0000,     -0.0320,      4.0902,      0.1407,      5.6474,     11.2948,      1.2436,     29.1865,     58.3731,      0.0195,      0.0032,      0.0156,      0.2068,   7917.1597,-426286.4375,   -998.3961,    557.0724,  26390.5312,
       1,     170,      54,       3,       1,       3,       1,     10.0000,      1.4112,     42.7663,    251.4713,     63.2856,      3.4953,      0.0000,     -0.0319,      3.5709,      0.1389,      5.6474,     11.2948,      1.2273,     29.1865,     58.3731,      0.0195,      0.0028,      0.0156,      0.2068,   7917.1597,-425598.7188,   -998.2245,    557.1202,  26390.5312,
       1,     170,      54,       4,       1,       3,       1,     10.0000,      1.4112,     42.7663,    251.4713,     63.2856,      3.4953,      0.0000,     -0.0319,      3.4683,      0.1367,      5.6474,     11.2948,      1.2076,     29.1865,     58.3731,      0.0195,      0.0027,      0.0156,      0.2068,   7917.1597,-424902.0938,   -998.0502,    557.1688,  26390.5312,
       1,     170,      54,       5,       1,       3,       1,     10.0000,      1.4112,     42.7663,    251.4713,     63.2856,      3.4953,      0.0000,     -0.0317,      3.6587,      0.1336,      5.6474,     11.2948,      1.1809,     29.1865,     58.3731,      0.0195,      0.0028,      0.0156,      0.2068,   7917.1597,-424716.2188,   -998.0067,    557.1817,  26390.5312,
       1,     170,      54,       6,       1,       3,       1,     10.0000,      1.4112,     42.7663,    251.4713,     63.2856,      3.4953,      0.0000,     -0.0317,      3.8809,      0.1328,      5.6474,     11.2948,      1.1738,     29.1865,     58.3731,      0.0195,      0.0030,      0.0156,      0.2068,   7917.1597,-424934.3438,   -998.0668,    557.1666,  26390.5312,
       1,     170,      54,       7,       1,       3,       1,     10.0000,      1.4112,     42.7663,    251.4713,     63.2856,      3.4953,      0.0000,     -0.0316,      3.8509,      0.1303,      5.6474,     11.2948,      1.1513,     29.1865,     58.3731,      0.0195,      0.0030,      0.0156,      0.2068,   7917.1597,-425225.8438,   -998.1459,    557.1462,  26390.5312,
       1,     170,      54,       8,       1,       3,       1,     10.0000,      1.4112,     42.7663,    251.4713,     63.2856,      3.4953,      0.0017,     -0.0299,      3.6547,      0.1294,      5.6474,     11.2948,      1.1431,     29.1865,     58.3731,      0.0195,      0.0028,      0.0156,      0.2068,   7917.1597,-425213.9688,   -998.1471,    557.1470,  26390.5312,
       1,     170,      54,       9,       1,       3,       1,     10.0000,      1.4112,     42.7663,    251.4713,     63.2856,      3.4953,      0.0861,      0.0546,     22.3668,      0.1266,      5.6474,     11.2948,      1.1189,     29.1865,     58.3731,      0.0195,      0.0027,      0.1006,      0.2068,   7917.1597,-424972.0938,   -998.0894,    557.1639,  26390.5312,
       1,     170,      54,      10,       1,       3,       1,     10.0000,      1.4112,     42.7663,    251.4713,     63.2856,      3.4953,      0.1724,      0.1399,     53.4894,      0.1536,      5.6474,     11.2948,      1.3577,     29.1865,     58.3731,      0.0195,      0.0029,      0.2200,      0.2068,   7917.1597,-447936.3125,  -1003.9993,    555.5646,  26390.5312,
       1,     170,      54,      11,       1,       3,       1,     10.0000,      1.4112,     42.7663,    251.4713,     63.2856,      3.4953,      0.1943,      0.1612,     66.8529,      0.1736,      5.6474,     11.2948,      1.5342,     29.1865,     58.3731,      0.0195,      0.0032,      0.2500,      0.2068,   7917.1597,-488149.2188,  -1014.3668,    552.7743,  26390.5293,
       1,     170,      54,      12,       1,       3,       1,     10.0000,      1.4112,     42.7663,    251.4713,     63.2856,      3.4953,      0.1941,      0.1606,     65.5386,      0.1838,      5.6474,     11.2948,      1.6238,     29.1865,     58.3731,      0.0195,      0.0032,      0.2500,      0.2067,   7917.1592,-508031.7188,  -1019.5923,    551.4074,  26390.5020,
       1,     170,      54,      13,       1,       3,       1,     10.0000,      1.4112,     42.7663,    251.4713,     63.2856,      3.4953,      0.1935,      0.1598,     57.4544,      0.1891,      5.6474,     11.2948,      1.6713,     29.1865,     58.3731,      0.0195,      0.0028,      0.2500,      0.2067,   7917.1509,-508110.3438,  -1019.8224,    551.4036,  26390.4961,
       1,     170,      54,      14,       1,       3,       1,     10.0000,      1.4112,     42.7663,    251.4713,     63.2856,      3.4953,      0.1930,      0.1590,     52.3741,      0.2003,      5.6474,     11.2948,      1.7701,     29.1865,     58.3731,      0.0195,      0.0025,      0.2500,      0.2067,   7917.1489,-498173.0938,  -1017.4709,    552.0886,  26390.5117,
       1,     170,      54,      15,       1,       3,       1,     10.0000,      1.4112,     42.7663,    251.4713,     63.2856,      3.4953,      0.1959,      0.1620,     89.2508,      0.1962,      5.6474,     11.2948,      1.7337,     29.1865,     58.3731,      0.0195,      0.0043,      0.2500,      0.2067,   7917.1538,-491078.1875,  -1015.7997,    552.5786,  26390.5195,
       1,     170,      54,      16,       1,       3,       1,     10.0000,      1.4112,     42.7663,    251.4713,     63.2856,      3.4953,      0.1979,      0.1641,    115.2527,      0.1946,      5.6474,     11.2948,      1.7200,     29.1865,     58.3731,      0.0195,      0.0056,      0.2500,      0.2067,   7917.1562,-535814.8125,  -1027.4537,    549.4888,  26390.4238,
       1,     170,      54,      17,       1,       3,       1,     10.0000,      1.4112,     42.7663,    251.4713,     63.2856,      3.4953,      0.1985,      0.1650,    121.6638,      0.1845,      5.6474,     11.2948,      1.6303,     29.1865,     58.3731,      0.0195,      0.0059,      0.2500,      0.2067,   7917.1274,-571660.3125,  -1037.0542,    547.0353,  26390.3438,
       1,     170,      54,      18,       1,       3,       1,     10.0000,      1.4112,     42.7663,    251.4713,     63.2856,      3.4953,      0.1783,      0.1453,    112.5042,      0.1704,      5.6474,     11.2948,      1.5054,     29.1865,     58.3731,      0.0195,      0.0061,      0.2219,      0.2066,   7917.1035,-582624.3750,  -1040.4109,    546.2911,  26390.3105,
       1,     170,      54,      19,       1,       3,       1,     10.0000,      1.4112,     42.7663,    251.4713,     63.2856,      3.4953,      0.1202,      0.0875,     74.3692,      0.1601,      5.6474,     11.2948,      1.4148,     29.1865,     58.3731,      0.0195,      0.0063,      0.1429,      0.2066,   7917.0933,-572277.9375,  -1038.3080,    546.9982,  26390.3223,
       1,     170,      54,      20,       1,       3,       1,     10.0000,      1.4112,     42.7663,    251.4713,     63.2856,      3.4953,      0.0148,     -0.0176,      0.3123,      0.1500,      5.6474,     11.2948,      1.3253,     29.1865,     58.3731,      0.0195,      0.0059,      0.0006,      0.2066,   7917.0972,-524444.0625,  -1026.4363,    550.2692,  26390.4141,
       1,     170,      54,      21,       1,       3,       1,     10.0000,      1.4112,     42.7663,    251.4713,     63.2856,      3.4953,      0.0000,     -0.0321,      7.2953,      0.1440,      5.6474,     11.2948,      1.2728,     29.1865,     58.3731,      0.0195,      0.0057,      0.0156,      0.2067,   7917.1245,-429284.6562,  -1002.0344,    556.8245,  26390.5234,
       1,     170,      54,      22,       1,       3,       1,     10.0000,      1.4112,     42.7663,    251.4713,     63.2856,      3.4953,      0.0000,     -0.0321,      6.4765,      0.1420,      5.6474,     11.2948,      1.2550,     29.1865,     58.3731,      0.0195,      0.0050,      0.0156,      0.2068,   7917.1572,-429841.5000,  -1002.1534,    556.8249,  26390.5234,
       1,     170,      54,      23,       1,       3,       1,     10.0000,      1.4112,     42.7663,    251.4713,     63.2856,      3.4953,      0.0000,     -0.0320,      5.6281,      0.1402,      5.6474,     11.2948,      1.2386,     29.1865,     58.3731,      0.0195,      0.0044,      0.0156,      0.2068,   7917.1572,-428835.0938,  -1001.9012,    556.8949,  26390.5234,
       1,     170,      54,      24,       1,       3,       1,     10.0000,      1.4112,     42.7663,    251.4713,     63.2856,      3.4953,      0.0000,     -0.0319,      5.0631,      0.1385,      5.6474,     11.2948,      1.2236,     29.1865,     58.3731,      0.0195,      0.0039,      0.0156,      0.2068,   7917.1572,-427706.8438,  -1001.6165,    556.9734,  26390.5234,
       1,     170,      55,       1,       1,       3,       1,     10.0000,      1.4113,     42.7666,    251.4772,     63.2871,      3.4953,      0.0000,     -0.0319,      4.1241,      0.1374,      5.6474,     11.2948,      1.2137,     29.1944,     58.3888,      0.0195,      0.0032,      0.0156,      0.2068,   7917.1572,-427070.7500,  -1001.8300,    557.0308,  26391.7012,
       1,     170,      55,       2,       1,       3,       1,     10.0000,      1.4113,     42.7666,    251.4772,     63.2871,      3.4953,      0.0000,     -0.0317,      3.3775,      0.1332,      5.6474,     11.2948,      1.1774,     29.1944,     58.3888,      0.0195,      0.0026,      0.0156,      0.2068,   7917.5107,-425710.9375,  -1001.1130,    557.1254,  26391.7012,
       1,     170,      55,       3,       1,       3,       1,     10.0000,      1.4113,     42.7666,    251.4772,     63.2871,      3.4953,      0.0000,     -0.0316,      3.3113,      0.1307,      5.6474,     11.2948,      1.1548,     29.1944,     58.3888,      0.0195,      0.0026,      0.0156,      0.2068,   7917.5107,-424677.6250,  -1000.8501,    557.1974,  26391.7012,
       1,     170,      55,       4,       1,       3,       1,     10.0000,      1.4113,     42.7666,    251.4772,     63.2871,      3.4953,      0.0000,     -0.0316,      3.1376,      0.1303,      5.6474,     11.2948,      1.1513,     29.1944,     58.3888,      0.0195,      0.0024,      0.0156,      0.2068,   7917.5107,-424507.9062,  -1000.8102,    557.2093,  26391.7012,
       1,     170,      55,       5,       1,       3,       1,     10.0000,      1.4113,     42.7666,    251.4772,     63.2871,      3.4953,      0.0000,     -0.0315,      2.9219,      0.1264,      5.6474,     11.2948,      1.1167,     29.1944,     58.3888,      0.0195,      0.0023,      0.0156,      0.2068,   7917.5107,-424280.0000,  -1000.7550,    557.2251,  26391.7012,
       1,     170,      55,       6,       1,       3,       1,     10.0000,      1.4113,     42.7666,    251.4772,     63.2871,      3.4953,      0.0000,     -0.0312,      2.8119,      0.1192,      5.6474,     11.2948,      1.0536,     29.1944,     58.3888,      0.0195,      0.0022,      0.0156,      0.2068,   7917.5107,-423995.6875,  -1000.6848,    557.2449,  26391.7012,
       1,     170,      55,       7,       1,       3,       1,     10.0000,      1.4113,     42.7666,    251.4772,     63.2871,      3.4953,      0.0000,     -0.0309,      2.6163,      0.1128,      5.6474,     11.2948,      0.9968,     29.1944,     58.3888,      0.0195,      0.0020,      0.0156,      0.2068,   7917.5107,-423836.1875,  -1000.6470,    557.2560,  26391.7012,
       1,     170,      55,       8,       1,       3,       1,     10.0000,      1.4113,     42.7666,    251.4772,     63.2871,      3.4953,      0.0018,     -0.0290,      2.5492,      0.1089,      5.6474,     11.2948,      0.9626,     29.1944,     58.3888,      0.0195,      0.0020,      0.0156,      0.2068,   7917.5107,-423582.3125,  -1000.5845,    557.2737,  26391.7012,
       1,     170,      55,       9,       1,       3,       1,     10.0000,      1.4113,     42.7666,    251.4772,     63.2871,      3.4953,      0.0908,      0.0598,     17.8826,      0.1149,      5.6474,     11.2948,      1.0154,     29.1944,     58.3888,      0.0195,      0.0020,      0.1081,      0.2068,   7917.5107,-423478.0625,  -1000.5604,    557.2809,  26391.7012,
       1,     170,      55,      10,       1,       3,       1,     10.0000,      1.4113,     42.7666,    251.4772,     63.2871,      3.4953,      0.1726,      0.1405,     35.6738,      0.1432,      5.6474,     11.2948,      1.2652,     29.1944,     58.3888,      0.0195,      0.0019,      0.2222,      0.2068,   7917.5107,-442301.4375,  -1005.4451,    555.9697,  26391.7012,
       1,     170,      55,      11,       1,       3,       1,     10.0000,      1.4113,     42.7666,    251.4772,     63.2871,      3.4953,      0.1921,      0.1593,     38.3637,      0.1643,      5.6474,     11.2948,      1.4522,     29.1944,     58.3888,      0.0195,      0.0019,      0.2500,      0.2068,   7917.5107,-465772.5625,  -1011.5535,    554.3401,  26391.7012,
       1,     170,      55,      12,       1,       3,       1,     10.0000,      1.4113,     42.7666,    251.4772,     63.2871,      3.4953,      0.1917,      0.1582,     33.7931,      0.1819,      5.6474,     11.2948,      1.6078,     29.1944,     58.3888,      0.0195,      0.0016,      0.2500,      0.2068,   7917.5107,-471088.3438,  -1012.9901,    553.9741,  26391.7012,
       1,     170,      55,      13,       1,       3,       1,     10.0000,      1.4113,     42.7666,    251.4772,     63.2871,      3.4953,      0.1912,      0.1574,     29.2778,      0.1952,      5.6474,     11.2948,      1.7252,     29.1944,     58.3888,      0.0195,      0.0014,      0.2500,      0.2068,   7917.5107,-465922.0938,  -1011.7209,    554.3320,  26391.7012,
       1,     170,      55,      14,       1,       3,       1,     10.0000,      1.4113,     42.7666,    251.4772,     63.2871,      3.4953,      0.1920,      0.1579,     39.8418,      0.2029,      5.6474,     11.2948,      1.7930,     29.1944,     58.3888,      0.0195,      0.0019,      0.2500,      0.2068,   7917.5107,-459932.4062,  -1010.2267,    554.7472,  26391.7012,
       1,     170,      55,      15,       1,       3,       1,     10.0000,      1.4113,     42.7666,    251.4772,     63.2871,      3.4953,      0.1948,      0.1610,     75.2906,      0.1933,      5.6474,     11.2948,      1.7082,     29.1944,     58.3888,      0.0195,      0.0037,      0.2500,      0.2068,   7917.5107,-472402.8125,  -1013.5093,    553.8826,  26391.6992,
       1,     170,      55,      16,       1,       3,       1,     10.0000,      1.4113,     42.7666,    251.4772,     63.2871,      3.4953,      0.1972,      0.1633,    106.0183,      0.1958,      5.6474,     11.2948,      1.7303,     29.1944,     58.3888,      0.0195,      0.0051,      0.2500,      0.2068,   7917.5103,-517038.4062,  -1025.1693,    550.7929,  26391.5684,
       1,     170,      55,      17,       1,       3,       1,     10.0000,      1.4113,     42.7666,    251.4772,     63.2871,      3.4953,      0.1991,      0.1655,    128.6135,      0.1847,      5.6474,     11.2948,      1.6319,     29.1944,     58.3888,      0.0195,      0.0062,      0.2500,      0.2067,   7917.4707,-558678.8125,  -1036.2632,    547.9346,  26391.4746,
       1,     170,      55,      18,       1,       3,       1,     10.0000,      1.4113,     42.7666,    251.4772,     63.2871,      3.4953,      0.1869,      0.1537,    132.5490,      0.1745,      5.6474,     11.2948,      1.5419,     29.1944,     58.3888,      0.0195,      0.0069,      0.2320,      0.2067,   7917.4429,-590060.2500,  -1044.8864,    545.7927,  26391.4023,
       1,     170,      55,      19,       1,       3,       1,     10.0000,      1.4113,     42.7666,    251.4772,     63.2871,      3.4953,      0.1305,      0.0977,     91.5189,      0.1616,      5.6474,     11.2948,      1.4276,     29.1944,     58.3888,      0.0195,      0.0071,      0.1556,      0.2066,   7917.4209,-597593.6250,  -1047.4640,    545.2828,  26391.3770,
       1,     170,      55,      20,       1,       3,       1,     10.0000,      1.4113,     42.7666,    251.4772,     63.2871,      3.4953,      0.0242,     -0.0081,      6.9745,      0.1488,      5.6474,     11.2948,      1.3146,     29.1944,     58.3888,      0.0195,      0.0063,      0.0134,      0.2066,   7917.4136,-547701.6875,  -1035.1069,    548.6838,  26391.4727,
       1,     170,      55,      21,       1,       3,       1,     10.0000,      1.4113,     42.7666,    251.4772,     63.2871,      3.4953,      0.0000,     -0.0320,      7.8112,      0.1400,      5.6474,     11.2948,      1.2373,     29.1944,     58.3888,      0.0195,      0.0061,      0.0156,      0.2067,   7917.4419,-439440.5938,  -1007.2189,    556.1196,  26391.6934,
       1,     170,      55,      22,       1,       3,       1,     10.0000,      1.4113,     42.7666,    251.4772,     63.2871,      3.4953,      0.0000,     -0.0318,      7.4706,      0.1358,      5.6474,     11.2948,      1.2003,     29.1944,     58.3888,      0.0195,      0.0058,      0.0156,      0.2068,   7917.5083,-431359.9375,  -1005.0590,    556.7319,  26391.6934,
       1,     170,      55,      23,       1,       3,       1,     10.0000,      1.4113,     42.7666,    251.4772,     63.2871,      3.4953,      0.0000,     -0.0318,      6.9408,      0.1354,      5.6474,     11.2948,      1.1966,     29.1944,     58.3888,      0.0195,      0.0054,      0.0156,      0.2068,   7917.5083,-430189.4062,  -1004.7637,    556.8136,  26391.6934,
       1,     170,      55,      24,       1,       3,       1,     10.0000,      1.4113,     42.7666,    251.4772,     63.2871,      3.4953,      0.0000,     -0.0318,      6.3350,      0.1350,      5.6474,     11.2948,      1.1930,     29.1944,     58.3888,      0.0195,      0.0049,      0.0156,      0.2068,   7917.5083,-429438.2812,  -1004.5765,    556.8660,  26391.6934,
       1,     170,      56,       1,       1,       3,       1,     10.0000,      1.4113,     42.7670,    251.4831,     63.2886,      3.4953,      0.0000,     -0.0317,      4.9549,      0.1316,      5.6477,     11.2955,      1.1631,     29.2031,     58.4061,      0.0195,      0.0039,      0.0156,      0.2068,   7917.5083,-428784.2188,  -1004.7883,    556.9245,  26392.8730,
       1,     170,      56,       2,       1,       3,       1,     10.0000,      1.4113,     42.7670,    251.4831,     63.2886,      3.4953,      0.0000,     -0.0317,      3.9560,      0.1335,      5.6477,     11.2955,      1.1798,     29.2031,     58.4061,      0.0195,      0.0031,      0.0156,      0.2068,   7917.8623,-426881.0000,  -1003.9255,    557.0569,  26392.8730,
       1,     170,      56,       3,       1,       3,       1,     10.0000,      1.4113,     42.7670,    251.4831,     63.2886,      3.4953,      0.0000,     -0.0317,      3.5277,      0.1311,      5.6477,     11.2955,      1.1584,     29.2031,     58.4061,      0.0195,      0.0027,      0.0156,      0.2068,   7917.8623,-425491.5312,  -1003.5684,    557.1537,  26392.8730,
       1,     170,      56,       4,       1,       3,       1,     10.0000,      1.4113,     42.7670,    251.4831,     63.2886,      3.4953,      0.0000,     -0.0315,      3.1823,      0.1266,      5.6477,     11.2955,      1.1190,     29.2031,     58.4061,      0.0195,      0.0025,      0.0156,      0.2068,   7917.8623,-424846.7812,  -1003.4046,    557.1986,  26392.8730,
       1,     170,      56,       5,       1,       3,       1,     10.0000,      1.4113,     42.7670,    251.4831,     63.2886,      3.4953,      0.0000,     -0.0314,      2.6993,      0.1245,      5.6477,     11.2955,      1.0998,     29.2031,     58.4061,      0.0195,      0.0021,      0.0156,      0.2068,   7917.8623,-424367.4375,  -1003.2836,    557.2321,  26392.8730,
       1,     170,      56,       6,       1,       3,       1,     10.0000,      1.4113,     42.7670,    251.4831,     63.2886,      3.4953,      0.0000,     -0.0313,      2.3745,      0.1232,      5.6477,     11.2955,      1.0886,     29.2031,     58.4061,      0.0195,      0.0018,      0.0156,      0.2068,   7917.8623,-423733.2812,  -1003.1217,    557.2762,  26392.8730,
       1,     170,      56,       7,       1,       3,       1,     10.0000,      1.4113,     42.7670,    251.4831,     63.2886,      3.4953,      0.0000,     -0.0311,      2.4453,      0.1168,      5.6477,     11.2955,      1.0322,     29.2031,     58.4061,      0.0195,      0.0019,      0.0156,      0.2068,   7917.8623,-423280.1250,  -1003.0065,    557.3078,  26392.8730,
       1,     170,      56,       8,       1,       3,       1,     10.0000,      1.4113,     42.7670,    251.4831,     63.2886,      3.4953,      0.0018,     -0.0290,      2.1757,      0.1102,      5.6477,     11.2955,      0.9736,     29.2031,     58.4061,      0.0195,      0.0017,      0.0156,      0.2068,   7917.8623,-423328.3125,  -1003.0219,    557.3044,  26392.8730,
       1,     170,      56,       9,       1,       3,       1,     10.0000,      1.4113,     42.7670,    251.4831,     63.2886,      3.4953,      0.0982,      0.0673,     15.4321,      0.1122,      5.6477,     11.2955,      0.9917,     29.2031,     58.4061,      0.0195,      0.0016,      0.1189,      0.2068,   7917.8623,-423001.3750,  -1002.9394,    557.3273,  26392.8711,
       1,     170,      56,      10,       1,       3,       1,     10.0000,      1.4113,     42.7670,    251.4831,     63.2886,      3.4953,      0.1745,      0.1422,     35.4036,      0.1483,      5.6477,     11.2955,      1.3107,     29.2031,     58.4061,      0.0195,      0.0019,      0.2249,      0.2068,   7917.8618,-439252.6562,  -1007.1885,    556.1951,  26392.8711,
       1,     170,      56,      11,       1,       3,       1,     10.0000,      1.4113,     42.7670,    251.4831,     63.2886,      3.4953,      0.1925,      0.1595,     42.5385,      0.1673,      5.6477,     11.2955,      1.4786,     29.2031,     58.4061,      0.0195,      0.0021,      0.2500,      0.2068,   7917.8618,-465177.2500,  -1013.9803,    554.3938,  26392.8711,
       1,     170,      56,      12,       1,       3,       1,     10.0000,      1.4113,     42.7670,    251.4831,     63.2886,      3.4953,      0.1917,      0.1581,     35.3224,      0.1880,      5.6477,     11.2955,      1.6614,     29.2031,     58.4061,      0.0195,      0.0017,      0.2500,      0.2068,   7917.8618,-476166.4375,  -1016.9087,    553.6351,  26392.8711,
       1,     170,      56,      13,       1,       3,       1,     10.0000,      1.4113,     42.7670,    251.4831,     63.2886,      3.4953,      0.1914,      0.1573,     32.4844,      0.2047,      5.6477,     11.2955,      1.8090,     29.2031,     58.4061,      0.0195,      0.0016,      0.2500,      0.2068,   7917.8618,-468233.7188,  -1014.9178,    554.1847,  26392.8711,
       1,     170,      56,      14,       1,       3,       1,     10.0000,      1.4113,     42.7670,    251.4831,     63.2886,      3.4953,      0.1916,      0.1574,     35.3256,      0.2082,      5.6477,     11.2955,      1.8396,     29.2031,     58.4061,      0.0195,      0.0017,      0.2500,      0.2068,   7917.8618,-464069.5000,  -1013.8942,    554.4734,  26392.8730,
       1,     170,      56,      15,       1,       3,       1,     10.0000,      1.4113,     42.7670,    251.4831,     63.2886,      3.4953,      0.1958,      0.1617,     88.9903,      0.2051,      5.6477,     11.2955,      1.8126,     29.2031,     58.4061,      0.0195,      0.0043,      0.2500,      0.2068,   7917.8623,-467204.9062,  -1014.7691,    554.2562,  26392.8711,
       1,     170,      56,      16,       1,       3,       1,     10.0000,      1.4113,     42.7670,    251.4831,     63.2886,      3.4953,      0.1985,      0.1643,    124.5815,      0.2100,      5.6477,     11.2955,      1.8560,     29.2031,     58.4061,      0.0195,      0.0060,      0.2500,      0.2068,   7917.8618,-533417.3125,  -1032.1461,    549.6689,  26392.6387,
       1,     170,      56,      17,       1,       3,       1,     10.0000,      1.4113,     42.7670,    251.4831,     63.2886,      3.4953,      0.1979,      0.1637,    144.0157,      0.2049,      5.6477,     11.2955,      1.8108,     29.2031,     58.4061,      0.0195,      0.0071,      0.2468,      0.2067,   7917.7920,-582930.0000,  -1045.4863,    546.2858,  26392.5273,
       1,     170,      56,      18,       1,       3,       1,     10.0000,      1.4113,     42.7670,    251.4831,     63.2886,      3.4953,      0.1875,      0.1537,    151.8074,      0.1929,      5.6477,     11.2955,      1.7048,     29.2031,     58.4061,      0.0195,      0.0080,      0.2308,      0.2067,   7917.7583,-611098.2500,  -1053.4541,    544.3728,  26392.4609,
       1,     170,      56,      19,       1,       3,       1,     10.0000,      1.4113,     42.7670,    251.4831,     63.2886,      3.4953,      0.1416,      0.1083,    102.2198,      0.1775,      5.6477,     11.2955,      1.5683,     29.2031,     58.4061,      0.0195,      0.0073,      0.1703,      0.2066,   7917.7388,-623102.7500,  -1057.3278,    543.5593,  26392.4277,
       1,     170,      56,      20,       1,       3,       1,     10.0000,      1.4113,     42.7670,    251.4831,     63.2886,      3.4953,      0.0167,     -0.0159,      1.6373,      0.1577,      5.6477,     11.2955,      1.3937,     29.2031,     58.4061,      0.0195,      0.0067,      0.0030,      0.2066,   7917.7285,-563035.5000,  -1042.3207,    547.6412,  26392.5449,
       1,     170,      56,      21,       1,       3,       1,     10.0000,      1.4113,     42.7670,    251.4831,     63.2886,      3.4953,      0.0000,     -0.0322,      8.5513,      0.1458,      5.6477,     11.2955,      1.2884,     29.2031,     58.4061,      0.0195,      0.0066,      0.0156,      0.2067,   7917.7637,-434167.3438,  -1008.8358,    556.4781,  26392.8652,
       1,     170,      56,      22,       1,       3,       1,     10.0000,      1.4113,     42.7670,    251.4831,     63.2886,      3.4953,      0.0000,     -0.0320,      8.3427,      0.1405,      5.6477,     11.2955,      1.2411,     29.2031,     58.4061,      0.0195,      0.0065,      0.0156,      0.2068,   7917.8599,-431847.3438,  -1008.1375,    556.7113,  26392.8633,
       1,     170,      56,      23,       1,       3,       1,     10.0000,      1.4113,     42.7670,    251.4831,     63.2886,      3.4953,      0.0000,     -0.0319,      7.5892,      0.1388,      5.6477,     11.2955,      1.2261,     29.2031,     58.4061,      0.0195,      0.0059,      0.0156,      0.2068,   7917.8594,-431304.7812,  -1008.0057,    556.7490,  26392.8633,
       1,     170,      56,      24,       1,       3,       1,     10.0000,      1.4113,     42.7670,    251.4831,     63.2886,      3.4953,      0.0000,     -0.0319,      6.5837,      0.1376,      5.6477,     11.2955,      1.2162,     29.2031,     58.4061,      0.0195,      0.0051,      0.0156,      0.2068,   7917.8594,-430333.0312,  -1007.7598,    556.8167,  26392.8633,
       1,     170,      57,       1,       1,       3,       1,     10.0000,      1.4113,     42.7673,    251.4890,     63.2901,      3.4953,      0.0000,     -0.0318,      5.2257,      0.1356,      5.6476,     11.2953,      1.1979,     29.2119,     58.4239,      0.0195,      0.0041,      0.0156,      0.2069,   7917.8594,-429169.2500,  -1007.8401,    556.9107,  26394.0430,
       1,     170,      57,       2,       1,       3,       1,     10.0000,      1.4113,     42.7673,    251.4890,     63.2901,      3.4953,      0.0000,     -0.0318,      4.4512,      0.1339,      5.6476,     11.2953,      1.1834,     29.2119,     58.4239,      0.0195,      0.0035,      0.0156,      0.2069,   7918.2134,-427249.7812,  -1006.9654,    557.0443,  26394.0430,
       1,     170,      57,       3,       1,       3,       1,     10.0000,      1.4113,     42.7673,    251.4890,     63.2901,      3.4953,      0.0000,     -0.0317,      3.7542,      0.1328,      5.6476,     11.2953,      1.1738,     29.2119,     58.4239,      0.0195,      0.0029,      0.0156,      0.2069,   7918.2134,-426134.5938,  -1006.6781,    557.1219,  26394.0430,
       1,     170,      57,       4,       1,       3,       1,     10.0000,      1.4113,     42.7673,    251.4890,     63.2901,      3.4953,      0.0000,     -0.0316,      3.5020,      0.1283,      5.6476,     11.2953,      1.1339,     29.2119,     58.4239,      0.0195,      0.0027,      0.0156,      0.2069,   7918.2134,-425183.4688,  -1006.4329,    557.1882,  26394.0430,
       1,     170,      57,       5,       1,       3,       1,     10.0000,      1.4113,     42.7673,    251.4890,     63.2901,      3.4953,      0.0000,     -0.0315,      3.5238,      0.1262,      5.6476,     11.2953,      1.1156,     29.2119,     58.4239,      0.0195,      0.0027,      0.0156,      0.2069,   7918.2134,-424792.3750,  -1006.3342,    557.2155,  26394.0430,
       1,     170,      57,       6,       1,       3,       1,     10.0000,      1.4113,     42.7673,    251.4890,     63.2901,      3.4953,      0.0000,     -0.0315,      3.2291,      0.1273,      5.6476,     11.2953,      1.1247,     29.2119,     58.4239,      0.0195,      0.0025,      0.0156,      0.2069,   7918.2134,-424785.6562,  -1006.3367,    557.2160,  26394.0430,
       1,     170,      57,       7,       1,       3,       1,     10.0000,      1.4113,     42.7673,    251.4890,     63.2901,      3.4953,      0.0000,     -0.0314,      2.9611,      0.1236,      5.6476,     11.2953,      1.0920,     29.2119,     58.4239,      0.0195,      0.0023,      0.0156,      0.2069,   7918.2134,-424423.2188,  -1006.2454,    557.2412,  26394.0430,
       1,     170,      57,       8,       1,       3,       1,     10.0000,      1.4113,     42.7673,    251.4890,     63.2901,      3.4953,      0.0020,     -0.0292,      2.7685,      0.1179,      5.6476,     11.2953,      1.0418,     29.2119,     58.4239,      0.0195,      0.0022,      0.0156,      0.2069,   7918.2134,-424063.1562,  -1006.1544,    557.2663,  26394.0430,
       1,     170,      57,       9,       1,       3,       1,     10.0000,      1.4113,     42.7673,    251.4890,     63.2901,      3.4953,      0.0963,      0.0649,     18.6097,      0.1228,      5.6476,     11.2953,      1.0853,     29.2119,     58.4239,      0.0195,      0.0020,      0.1156,      0.2069,   7918.2134,-423795.8125,  -1006.0874,    557.2849,  26394.0430,
       1,     170,      57,      10,       1,       3,       1,     10.0000,      1.4113,     42.7673,    251.4890,     63.2901,      3.4953,      0.1746,      0.1424,     36.6579,      0.1454,      5.6476,     11.2953,      1.2846,     29.2119,     58.4239,      0.0195,      0.0020,      0.2248,      0.2069,   7918.2134,-443224.2812,  -1011.2117,    555.9315,  26394.0430,
       1,     170,      57,      11,       1,       3,       1,     10.0000,      1.4113,     42.7673,    251.4890,     63.2901,      3.4953,      0.1929,      0.1600,     47.5568,      0.1647,      5.6476,     11.2953,      1.4551,     29.2119,     58.4239,      0.0195,      0.0023,      0.2500,      0.2069,   7918.2134,-467057.8750,  -1017.5156,    554.2769,  26394.0391,
       1,     170,      57,      12,       1,       3,       1,     10.0000,      1.4113,     42.7673,    251.4890,     63.2901,      3.4953,      0.1930,      0.1593,     51.2034,      0.1907,      5.6476,     11.2953,      1.6847,     29.2119,     58.4239,      0.0195,      0.0025,      0.2500,      0.2068,   7918.2119,-482490.2812,  -1021.6463,    553.2101,  26394.0430,
       1,     170,      57,      13,       1,       3,       1,     10.0000,      1.4113,     42.7673,    251.4890,     63.2901,      3.4953,      0.1922,      0.1583,     42.2751,      0.1976,      5.6476,     11.2953,      1.7459,     29.2119,     58.4239,      0.0195,      0.0020,      0.2500,      0.2068,   7918.2134,-488288.0938,  -1023.2715,    552.8102,  26394.0410,
       1,     170,      57,      14,       1,       3,       1,     10.0000,      1.4113,     42.7673,    251.4890,     63.2901,      3.4953,      0.1929,      0.1588,     50.9754,      0.2031,      5.6476,     11.2953,      1.7948,     29.2119,     58.4239,      0.0195,      0.0025,      0.2500,      0.2068,   7918.2124,-477808.2812,  -1020.6221,    553.5345,  26394.0410,
       1,     170,      57,      15,       1,       3,       1,     10.0000,      1.4113,     42.7673,    251.4890,     63.2901,      3.4953,      0.1951,      0.1611,     78.4236,      0.1980,      5.6476,     11.2953,      1.7493,     29.2119,     58.4239,      0.0195,      0.0038,      0.2500,      0.2068,   7918.2124,-487607.4062,  -1023.2957,    552.8570,  26394.0410,
       1,     170,      57,      16,       1,       3,       1,     10.0000,      1.4113,     42.7673,    251.4890,     63.2901,      3.4953,      0.1966,      0.1628,     97.5062,      0.1924,      5.6476,     11.2953,      1.6998,     29.2119,     58.4239,      0.0195,      0.0047,      0.2500,      0.2068,   7918.2124,-522179.3750,  -1032.5297,    550.4683,  26393.7695,
       1,     170,      57,      17,       1,       3,       1,     10.0000,      1.4113,     42.7673,    251.4890,     63.2901,      3.4953,      0.1987,      0.1649,    124.3473,      0.1926,      5.6476,     11.2953,      1.7015,     29.2119,     58.4239,      0.0195,      0.0060,      0.2500,      0.2068,   7918.1313,-548639.8125,  -1039.8654,    548.6528,  26393.7090,
       1,     170,      57,      18,       1,       3,       1,     10.0000,      1.4113,     42.7673,    251.4890,     63.2901,      3.4953,      0.1880,      0.1547,    121.1451,      0.1785,      5.6476,     11.2953,      1.5777,     29.2119,     58.4239,      0.0195,      0.0063,      0.2349,      0.2067,   7918.1128,-583925.5625,  -1049.5997,    546.2357,  26393.6289,
       1,     170,      57,      19,       1,       3,       1,     10.0000,      1.4113,     42.7673,    251.4890,     63.2901,      3.4953,      0.1404,      0.1075,     84.9729,      0.1643,      5.6476,     11.2953,      1.4522,     29.2119,     58.4239,      0.0195,      0.0060,      0.1705,      0.2067,   7918.0889,-583012.6875,  -1049.9464,    546.3033,  26393.6230,
       1,     170,      57,      20,       1,       3,       1,     10.0000,      1.4113,     42.7673,    251.4890,     63.2901,      3.4953,      0.0162,     -0.0162,      1.1993,      0.1518,      5.6476,     11.2953,      1.3415,     29.2119,     58.4239,      0.0195,      0.0058,      0.0025,      0.2067,   7918.0874,-538401.5000,  -1038.6963,    549.3498,  26393.7109,
       1,     170,      57,      21,       1,       3,       1,     10.0000,      1.4113,     42.7673,    251.4890,     63.2901,      3.4953,      0.0000,     -0.0322,      7.1372,      0.1449,      5.6476,     11.2953,      1.2807,     29.2119,     58.4239,      0.0195,      0.0055,      0.0156,      0.2067,   7918.1138,-431574.0000,  -1010.6821,    556.6940,  26394.0352,
       1,     170,      57,      22,       1,       3,       1,     10.0000,      1.4113,     42.7673,    251.4890,     63.2901,      3.4953,      0.0000,     -0.0320,      7.1352,      0.1403,      5.6476,     11.2953,      1.2399,     29.2119,     58.4239,      0.0195,      0.0055,      0.0156,      0.2069,   7918.2109,-429864.1250,  -1010.1364,    556.8624,  26394.0332,
       1,     170,      57,      23,       1,       3,       1,     10.0000,      1.4113,     42.7673,    251.4890,     63.2901,      3.4953,      0.0000,     -0.0319,      6.1189,      0.1376,      5.6476,     11.2953,      1.2163,     29.2119,     58.4239,      0.0195,      0.0048,      0.0156,      0.2069,   7918.2104,-429655.1562,  -1010.0900,    556.8770,  26394.0332,
       1,     170,      57,      24,       1,       3,       1,     10.0000,      1.4113,     42.7673,    251.4890,     63.2901,      3.4953,      0.0000,     -0.0318,      5.1624,      0.1360,      5.6476,     11.2953,      1.2016,     29.2119,     58.4239,      0.0195,      0.0040,      0.0156,      0.2069,   7918.2104,-428389.1875,  -1009.7626,    556.9650,  26394.0332,
       1,     170,      58,       1,       1,       3,       1,     10.0000,      1.4113,     42.7676,    251.4949,     63.2915,      3.4953,      0.0000,     -0.0317,      4.2699,      0.1331,      5.6479,     11.2958,      1.1762,     29.2208,     58.4417,      0.0195,      0.0033,      0.0156,      0.2069,   7918.2104,-427260.9375,  -1009.8513,    557.0566,  26395.2129,
       1,     170,      58,       2,       1,       3,       1,     10.0000,      1.4113,     42.7676,    251.4949,     63.2915,      3.4953,      0.0000,     -0.0317,      3.8809,      0.1308,      5.6479,     11.2958,      1.1561,     29.2208,     58.4417,      0.0195,      0.0030,      0.0156,      0.2069,   7918.5640,-425916.2812,  -1009.1210,    557.1503,  26395.2129,
       1,     170,      58,       3,       1,       3,       1,     10.0000,      1.4113,     42.7676,    251.4949,     63.2915,      3.4953,      0.0000,     -0.0316,      3.7231,      0.1307,      5.6479,     11.2958,      1.1549,     29.2208,     58.4417,      0.0195,      0.0029,      0.0156,      0.2069,   7918.5640,-425323.5938,  -1008.9688,    557.1914,  26395.2129,
       1,     170,      58,       4,       1,       3,       1,     10.0000,      1.4113,     42.7676,    251.4949,     63.2915,      3.4953,      0.0000,     -0.0316,      3.4263,      0.1285,      5.6479,     11.2958,      1.1351,     29.2208,     58.4417,      0.0195,      0.0027,      0.0156,      0.2069,   7918.5640,-425079.4688,  -1008.9085,    557.2085,  26395.2129,
       1,     170,      58,       5,       1,       3,       1,     10.0000,      1.4113,     42.7676,    251.4949,     63.2915,      3.4953,      0.0000,     -0.0314,      3.2460,      0.1242,      5.6479,     11.2958,      1.0976,     29.2208,     58.4417,      0.0195,      0.0025,      0.0156,      0.2069,   7918.5640,-424694.0938,  -1008.8107,    557.2354,  26395.2129,
       1,     170,      58,       6,       1,       3,       1,     10.0000,      1.4113,     42.7676,    251.4949,     63.2915,      3.4953,      0.0000,     -0.0314,      3.0589,      0.1236,      5.6479,     11.2958,      1.0920,     29.2208,     58.4417,      0.0195,      0.0024,      0.0156,      0.2069,   7918.5640,-424439.5938,  -1008.7473,    557.2531,  26395.2129,
       1,     170,      58,       7,       1,       3,       1,     10.0000,      1.4113,     42.7676,    251.4949,     63.2915,      3.4953,      0.0000,     -0.0314,      2.8675,      0.1250,      5.6479,     11.2958,      1.1043,     29.2208,     58.4417,      0.0195,      0.0022,      0.0156,      0.2069,   7918.5640,-424188.2188,  -1008.6843,    557.2706,  26395.2129,
       1,     170,      58,       8,       1,       3,       1,     10.0000,      1.4113,     42.7676,    251.4949,     63.2915,      3.4953,      0.0021,     -0.0293,      2.9859,      0.1247,      5.6479,     11.2958,      1.1021,     29.2208,     58.4417,      0.0195,      0.0023,      0.0156,      0.2069,   7918.5640,-423931.7188,  -1008.6199,    557.2885,  26395.2129,
       1,     170,      58,       9,       1,       3,       1,     10.0000,      1.4113,     42.7676,    251.4949,     63.2915,      3.4953,      0.1007,      0.0691,     23.0294,      0.1302,      5.6479,     11.2958,      1.1502,     29.2208,     58.4417,      0.0195,      0.0023,      0.1212,      0.2069,   7918.5640,-424055.0312,  -1008.6562,    557.2798,  26395.2129,
       1,     170,      58,      10,       1,       3,       1,     10.0000,      1.4113,     42.7676,    251.4949,     63.2915,      3.4953,      0.1761,      0.1437,     44.4416,      0.1491,      5.6479,     11.2958,      1.3174,     29.2208,     58.4417,      0.0195,      0.0024,      0.2261,      0.2069,   7918.5640,-448674.2500,  -1015.1965,    555.5649,  26395.2129,
       1,     170,      58,      11,       1,       3,       1,     10.0000,      1.4113,     42.7676,    251.4949,     63.2915,      3.4953,      0.1930,      0.1601,     48.4364,      0.1650,      5.6479,     11.2958,      1.4581,     29.2208,     58.4417,      0.0195,      0.0023,      0.2500,      0.2069,   7918.5640,-477084.7500,  -1022.7676,    553.5945,  26395.2109,
       1,     170,      58,      12,       1,       3,       1,     10.0000,      1.4113,     42.7676,    251.4949,     63.2915,      3.4953,      0.1934,      0.1599,     55.3356,      0.1820,      5.6479,     11.2958,      1.6079,     29.2208,     58.4417,      0.0195,      0.0027,      0.2500,      0.2068,   7918.5635,-484425.7812,  -1024.8015,    553.0900,  26395.2109,
       1,     170,      58,      13,       1,       3,       1,     10.0000,      1.4113,     42.7676,    251.4949,     63.2915,      3.4953,      0.1934,      0.1597,     57.1986,      0.1918,      5.6479,     11.2958,      1.6948,     29.2208,     58.4417,      0.0195,      0.0028,      0.2500,      0.2068,   7918.5635,-493526.5000,  -1027.3225,    552.4611,  26394.9648,
       1,     170,      58,      14,       1,       3,       1,     10.0000,      1.4113,     42.7676,    251.4949,     63.2915,      3.4953,      0.1939,      0.1601,     62.9036,      0.1926,      5.6479,     11.2958,      1.7015,     29.2208,     58.4417,      0.0195,      0.0031,      0.2500,      0.2068,   7918.4897,-496621.3438,  -1028.3582,    552.2477,  26394.9551,
       1,     170,      58,      15,       1,       3,       1,     10.0000,      1.4113,     42.7676,    251.4949,     63.2915,      3.4953,      0.1961,      0.1624,     90.9611,      0.1910,      5.6479,     11.2958,      1.6881,     29.2208,     58.4417,      0.0195,      0.0044,      0.2500,      0.2068,   7918.4868,-503897.8438,  -1030.4454,    551.7454,  26394.9336,
       1,     170,      58,      16,       1,       3,       1,     10.0000,      1.4113,     42.7676,    251.4949,     63.2915,      3.4953,      0.1982,      0.1646,    117.7325,      0.1873,      5.6479,     11.2958,      1.6549,     29.2208,     58.4417,      0.0195,      0.0057,      0.2500,      0.2068,   7918.4805,-539010.2500,  -1039.9734,    549.3240,  26394.8555,
       1,     170,      58,      17,       1,       3,       1,     10.0000,      1.4113,     42.7676,    251.4949,     63.2915,      3.4953,      0.1996,      0.1661,    134.4231,      0.1816,      5.6479,     11.2958,      1.6047,     29.2208,     58.4417,      0.0195,      0.0065,      0.2500,      0.2068,   7918.4570,-574953.9375,  -1049.9081,    546.8612,  26394.7734,
       1,     170,      58,      18,       1,       3,       1,     10.0000,      1.4113,     42.7676,    251.4949,     63.2915,      3.4953,      0.1872,      0.1540,    132.5736,      0.1731,      5.6479,     11.2958,      1.5298,     29.2208,     58.4417,      0.0195,      0.0069,      0.2323,      0.2067,   7918.4321,-598577.0000,  -1056.7474,    545.2520,  26394.7168,
       1,     170,      58,      19,       1,       3,       1,     10.0000,      1.4113,     42.7676,    251.4949,     63.2915,      3.4953,      0.1456,      0.1128,     95.8671,      0.1630,      5.6479,     11.2958,      1.4407,     29.2208,     58.4417,      0.0195,      0.0066,      0.1768,      0.2067,   7918.4155,-598320.2500,  -1057.3390,    545.2718,  26394.7090,
       1,     170,      58,      20,       1,       3,       1,     10.0000,      1.4113,     42.7676,    251.4949,     63.2915,      3.4953,      0.0135,     -0.0188,      7.9142,      0.1474,      5.6479,     11.2958,      1.3029,     29.2208,     58.4417,      0.0195,      0.0061,      0.0156,      0.2067,   7918.4131,-553104.3125,  -1045.9049,    548.3537,  26394.7988,
       1,     170,      58,      21,       1,       3,       1,     10.0000,      1.4113,     42.7676,    251.4949,     63.2915,      3.4953,      0.0000,     -0.0321,      7.6815,      0.1435,      5.6479,     11.2958,      1.2678,     29.2208,     58.4417,      0.0195,      0.0060,      0.0156,      0.2068,   7918.4399,-441071.6562,  -1016.3188,    556.0416,  26395.2031,
       1,     170,      58,      22,       1,       3,       1,     10.0000,      1.4113,     42.7676,    251.4949,     63.2915,      3.4953,      0.0000,     -0.0318,      7.0223,      0.1358,      5.6479,     11.2958,      1.2004,     29.2208,     58.4417,      0.0195,      0.0055,      0.0156,      0.2069,   7918.5610,-431352.5000,  -1013.6082,    556.7713,  26395.2031,
       1,     170,      58,      23,       1,       3,       1,     10.0000,      1.4113,     42.7676,    251.4949,     63.2915,      3.4953,      0.0000,     -0.0316,      6.3081,      0.1294,      5.6479,     11.2958,      1.1432,     29.2208,     58.4417,      0.0195,      0.0049,      0.0156,      0.2069,   7918.5610,-429647.2812,  -1013.1619,    556.8904,  26395.2031,
       1,     170,      58,      24,       1,       3,       1,     10.0000,      1.4113,     42.7676,    251.4949,     63.2915,      3.4953,      0.0000,     -0.0315,      5.8302,      0.1270,      5.6479,     11.2958,      1.1225,     29.2208,     58.4417,      0.0195,      0.0045,      0.0156,      0.2069,   7918.5610,-428623.9688,  -1012.8964,    556.9617,  26395.2031,
       1,     170,      59,       1,       1,       3,       1,     10.0000,      1.4113,     42.7680,    251.5008,     63.2930,      3.4953,      0.0000,     -0.0316,      4.3409,      0.1283,      5.6478,     11.2956,      1.1340,     29.2301,     58.4602,      0.0195,      0.0034,      0.0156,      0.2069,   7918.5610,-428103.9375,  -1013.1490,    557.0109,  26396.3828,
       1,     170,      59,       2,       1,       3,       1,     10.0000,      1.4113,     42.7680,    251.5008,     63.2930,      3.4953,      0.0000,     -0.0314,      4.1087,      0.1251,      5.6478,     11.2956,      1.1055,     29.2301,     58.4602,      0.0195,      0.0032,      0.0156,      0.2069,   7918.9150,-426078.9375,  -1012.2304,    557.1519,  26396.3828,
       1,     170,      59,       3,       1,       3,       1,     10.0000,      1.4113,     42.7680,    251.5008,     63.2930,      3.4953,      0.0000,     -0.0314,      3.8410,      0.1235,      5.6478,     11.2956,      1.0909,     29.2301,     58.4602,      0.0195,      0.0030,      0.0156,      0.2069,   7918.9150,-425620.8438,  -1012.1129,    557.1838,  26396.3828,
       1,     170,      59,       4,       1,       3,       1,     10.0000,      1.4113,     42.7680,    251.5008,     63.2930,      3.4953,      0.0000,     -0.0313,      2.8538,      0.1212,      5.6478,     11.2956,      1.0710,     29.2301,     58.4602,      0.0195,      0.0022,      0.0156,      0.2069,   7918.9150,-425253.0000,  -1012.0193,    557.2094,  26396.3828,
       1,     170,      59,       5,       1,       3,       1,     10.0000,      1.4113,     42.7680,    251.5008,     63.2930,      3.4953,      0.0000,     -0.0312,      2.2909,      0.1183,      5.6478,     11.2956,      1.0451,     29.2301,     58.4602,      0.0195,      0.0018,      0.0156,      0.2069,   7918.9150,-424009.6250,  -1011.6909,    557.2961,  26396.3828,
       1,     170,      59,       6,       1,       3,       1,     10.0000,      1.4113,     42.7680,    251.5008,     63.2930,      3.4953,      0.0000,     -0.0308,      2.5286,      0.1110,      5.6478,     11.2956,      0.9807,     29.2301,     58.4602,      0.0195,      0.0020,      0.0156,      0.2069,   7918.9150,-423212.1562,  -1011.4810,    557.3516,  26396.3828,
       1,     170,      59,       7,       1,       3,       1,     10.0000,      1.4113,     42.7680,    251.5008,     63.2930,      3.4953,      0.0000,     -0.0308,      2.3070,      0.1110,      5.6478,     11.2956,      0.9807,     29.2301,     58.4602,      0.0195,      0.0018,      0.0156,      0.2069,   7918.9150,-423435.8438,  -1011.5437,    557.3361,  26396.3828,
       1,     170,      59,       8,       1,       3,       1,     10.0000,      1.4113,     42.7680,    251.5008,     63.2930,      3.4953,      0.0028,     -0.0280,      2.1081,      0.1091,      5.6478,     11.2956,      0.9637,     29.2301,     58.4602,      0.0195,      0.0016,      0.0156,      0.2069,   7918.9150,-423182.8438,  -1011.4788,    557.3536,  26396.3809,
       1,     170,      59,       9,       1,       3,       1,     10.0000,      1.4113,     42.7680,    251.5008,     63.2930,      3.4953,      0.1103,      0.0789,     17.5210,      0.1231,      5.6478,     11.2956,      1.0876,     29.2301,     58.4602,      0.0195,      0.0016,      0.1356,      0.2069,   7918.9146,-422917.3438,  -1011.4111,    557.3722,  26396.3809,
       1,     170,      59,      10,       1,       3,       1,     10.0000,      1.4113,     42.7680,    251.5008,     63.2930,      3.4953,      0.1782,      0.1459,     32.9783,      0.1470,      5.6478,     11.2956,      1.2990,     29.2301,     58.4602,      0.0195,      0.0017,      0.2305,      0.2069,   7918.9146,-441815.1250,  -1016.4767,    556.0555,  26396.3809,
       1,     170,      59,      11,       1,       3,       1,     10.0000,      1.4113,     42.7680,    251.5008,     63.2930,      3.4953,      0.1917,      0.1591,     32.0546,      0.1565,      5.6478,     11.2956,      1.3826,     29.2301,     58.4602,      0.0195,      0.0016,      0.2500,      0.2069,   7918.9146,-462415.8125,  -1022.0163,    554.6252,  26396.3828,
       1,     170,      59,      12,       1,       3,       1,     10.0000,      1.4113,     42.7680,    251.5008,     63.2930,      3.4953,      0.1919,      0.1589,     35.1000,      0.1677,      5.6478,     11.2956,      1.4817,     29.2301,     58.4602,      0.0195,      0.0017,      0.2500,      0.2069,   7918.9150,-463043.9062,  -1022.2344,    554.5835,  26396.3828,
       1,     170,      59,      13,       1,       3,       1,     10.0000,      1.4113,     42.7680,    251.5008,     63.2930,      3.4953,      0.1923,      0.1589,     41.1986,      0.1805,      5.6478,     11.2956,      1.5952,     29.2301,     58.4602,      0.0195,      0.0020,      0.2500,      0.2069,   7918.9150,-466835.8125,  -1023.3032,    554.3206,  26396.3809,
       1,     170,      59,      14,       1,       3,       1,     10.0000,      1.4113,     42.7680,    251.5008,     63.2930,      3.4953,      0.1938,      0.1603,     60.8996,      0.1831,      5.6478,     11.2956,      1.6176,     29.2301,     58.4602,      0.0195,      0.0030,      0.2500,      0.2069,   7918.9146,-474651.2500,  -1025.4592,    553.7792,  26396.3809,
       1,     170,      59,      15,       1,       3,       1,     10.0000,      1.4113,     42.7680,    251.5008,     63.2930,      3.4953,      0.1955,      0.1619,     82.1648,      0.1847,      5.6478,     11.2956,      1.6321,     29.2301,     58.4602,      0.0195,      0.0040,      0.2500,      0.2069,   7918.9146,-499521.8125,  -1032.2046,    552.0578,  26396.0703,
       1,     170,      59,      16,       1,       3,       1,     10.0000,      1.4113,     42.7680,    251.5008,     63.2930,      3.4953,      0.1972,      0.1637,    103.5809,      0.1812,      5.6478,     11.2956,      1.6016,     29.2301,     58.4602,      0.0195,      0.0050,      0.2500,      0.2069,   7918.8213,-527821.2500,  -1040.0526,    550.1077,  26396.0039,
       1,     170,      59,      17,       1,       3,       1,     10.0000,      1.4113,     42.7680,    251.5008,     63.2930,      3.4953,      0.1986,      0.1653,    121.2983,      0.1770,      5.6478,     11.2956,      1.5637,     29.2301,     58.4602,      0.0195,      0.0059,      0.2500,      0.2068,   7918.8013,-556579.6250,  -1048.0812,    548.1335,  26395.9375,
       1,     170,      59,      18,       1,       3,       1,     10.0000,      1.4113,     42.7680,    251.5008,     63.2930,      3.4953,      0.1895,      0.1564,    132.3251,      0.1699,      5.6478,     11.2956,      1.5010,     29.2301,     58.4602,      0.0195,      0.0068,      0.2356,      0.2068,   7918.7817,-580838.4375,  -1055.0472,    546.4749,  26395.8789,
       1,     170,      59,      19,       1,       3,       1,     10.0000,      1.4113,     42.7680,    251.5008,     63.2930,      3.4953,      0.1427,      0.1100,     98.0166,      0.1592,      5.6478,     11.2956,      1.4064,     29.2301,     58.4602,      0.0195,      0.0069,      0.1724,      0.2067,   7918.7642,-596485.2500,  -1059.8251,    545.4086,  26395.8438,
       1,     170,      59,      20,       1,       3,       1,     10.0000,      1.4113,     42.7680,    251.5008,     63.2930,      3.4953,      0.0129,     -0.0194,      8.6389,      0.1464,      5.6478,     11.2956,      1.2937,     29.2301,     58.4602,      0.0195,      0.0067,      0.0156,      0.2067,   7918.7534,-555589.6250,  -1049.4565,    548.1978,  26395.9238,
       1,     170,      59,      21,       1,       3,       1,     10.0000,      1.4113,     42.7680,    251.5008,     63.2930,      3.4953,      0.0000,     -0.0320,      7.8848,      0.1395,      5.6478,     11.2956,      1.2325,     29.2301,     58.4602,      0.0195,      0.0061,      0.0156,      0.2068,   7918.7773,-442175.3125,  -1019.2822,    555.9766,  26396.3730,
       1,     170,      59,      22,       1,       3,       1,     10.0000,      1.4113,     42.7680,    251.5008,     63.2930,      3.4953,      0.0000,     -0.0318,      7.3969,      0.1338,      5.6478,     11.2956,      1.1823,     29.2301,     58.4602,      0.0195,      0.0057,      0.0156,      0.2069,   7918.9121,-431700.6250,  -1016.3331,    556.7600,  26396.3730,
       1,     170,      59,      23,       1,       3,       1,     10.0000,      1.4113,     42.7680,    251.5008,     63.2930,      3.4953,      0.0000,     -0.0314,      6.9807,      0.1252,      5.6478,     11.2956,      1.1066,     29.2301,     58.4602,      0.0195,      0.0054,      0.0156,      0.2069,   7918.9121,-430140.0312,  -1015.9226,    556.8691,  26396.3730,
       1,     170,      59,      24,       1,       3,       1,     10.0000,      1.4113,     42.7680,    251.5008,     63.2930,      3.4953,      0.0000,     -0.0311,      5.9274,      0.1173,      5.6478,     11.2956,      1.0365,     29.2301,     58.4602,      0.0195,      0.0046,      0.0156,      0.2069,   7918.9121,-429495.0000,  -1015.7578,    556.9141,  26396.3730,
       1,     170,      60,       1,       1,       3,       1,     10.0000,      1.4114,     42.7683,    251.5067,     63.2945,      3.4953,      0.0000,     -0.0312,      5.0320,      0.1195,      5.6480,     11.2960,      1.0558,     29.2396,     58.4793,      0.0195,      0.0039,      0.0156,      0.2069,   7918.9121,-428301.2188,  -1015.8315,    557.0101,  26397.5547,
       1,     170,      60,       2,       1,       3,       1,     10.0000,      1.4114,     42.7683,    251.5067,     63.2945,      3.4953,      0.0000,     -0.0310,      4.5528,      0.1148,      5.6480,     11.2960,      1.0145,     29.2396,     58.4793,      0.0195,      0.0035,      0.0156,      0.2069,   7919.2666,-426947.6875,  -1015.0870,    557.1044,  26397.5547,
       1,     170,      60,       3,       1,       3,       1,     10.0000,      1.4114,     42.7683,    251.5067,     63.2945,      3.4953,      0.0000,     -0.0308,      3.9017,      0.1105,      5.6480,     11.2960,      0.9767,     29.2396,     58.4793,      0.0195,      0.0030,      0.0156,      0.2069,   7919.2666,-426243.6562,  -1014.9031,    557.1534,  26397.5547,
       1,     170,      60,       4,       1,       3,       1,     10.0000,      1.4114,     42.7683,    251.5067,     63.2945,      3.4953,      0.0000,     -0.0308,      2.9448,      0.1102,      5.6480,     11.2960,      0.9737,     29.2396,     58.4793,      0.0195,      0.0023,      0.0156,      0.2069,   7919.2666,-425384.2500,  -1014.6768,    557.2133,  26397.5547,
       1,     170,      60,       5,       1,       3,       1,     10.0000,      1.4114,     42.7683,    251.5067,     63.2945,      3.4953,      0.0000,     -0.0310,      2.1520,      0.1140,      5.6480,     11.2960,      1.0072,     29.2396,     58.4793,      0.0195,      0.0017,      0.0156,      0.2070,   7919.2666,-424136.1562,  -1014.3445,    557.3002,  26397.5547,
       1,     170,      60,       6,       1,       3,       1,     10.0000,      1.4114,     42.7683,    251.5067,     63.2945,      3.4953,      0.0000,     -0.0309,      2.3978,      0.1116,      5.6480,     11.2960,      0.9857,     29.2396,     58.4793,      0.0195,      0.0019,      0.0156,      0.2070,   7919.2666,-423056.3438,  -1014.0566,    557.3754,  26397.5527,
       1,     170,      60,       7,       1,       3,       1,     10.0000,      1.4114,     42.7683,    251.5067,     63.2945,      3.4953,      0.0000,     -0.0309,      1.6536,      0.1112,      5.6480,     11.2960,      0.9827,     29.2396,     58.4793,      0.0195,      0.0013,      0.0156,      0.2070,   7919.2661,-423265.9062,  -1014.1163,    557.3608,  26397.5527,
       1,     170,      60,       8,       1,       3,       1,     10.0000,      1.4114,     42.7683,    251.5067,     63.2945,      3.4953,      0.0025,     -0.0284,      1.3027,      0.1127,      5.6480,     11.2960,      0.9959,     29.2396,     58.4793,      0.0195,      0.0010,      0.0156,      0.2070,   7919.2661,-422370.2500,  -1013.8774,    557.4232,  26397.5527,
       1,     170,      60,       9,       1,       3,       1,     10.0000,      1.4114,     42.7683,    251.5067,     63.2945,      3.4953,      0.1099,      0.0787,     12.1166,      0.1199,      5.6480,     11.2960,      1.0591,     29.2396,     58.4793,      0.0195,      0.0011,      0.1357,      0.2070,   7919.2661,-421863.0000,  -1013.7426,    557.4585,  26397.5527,
       1,     170,      60,      10,       1,       3,       1,     10.0000,      1.4114,     42.7683,    251.5067,     63.2945,      3.4953,      0.1792,      0.1470,     31.2414,      0.1430,      5.6480,     11.2960,      1.2640,     29.2396,     58.4793,      0.0195,      0.0016,      0.2320,      0.2070,   7919.2661,-435092.9688,  -1017.3158,    556.5367,  26397.5527,
       1,     170,      60,      11,       1,       3,       1,     10.0000,      1.4114,     42.7683,    251.5067,     63.2945,      3.4953,      0.1919,      0.1590,     35.6233,      0.1653,      5.6480,     11.2960,      1.4611,     29.2396,     58.4793,      0.0195,      0.0017,      0.2500,      0.2069,   7919.2661,-459705.0000,  -1023.9744,    554.8253,  26397.5527,
       1,     170,      60,      12,       1,       3,       1,     10.0000,      1.4114,     42.7683,    251.5067,     63.2945,      3.4953,      0.1924,      0.1591,     41.9784,      0.1750,      5.6480,     11.2960,      1.5467,     29.2396,     58.4793,      0.0195,      0.0020,      0.2500,      0.2069,   7919.2661,-467195.4062,  -1026.0406,    554.3083,  26397.5527,
       1,     170,      60,      13,       1,       3,       1,     10.0000,      1.4114,     42.7683,    251.5067,     63.2945,      3.4953,      0.1928,      0.1590,     49.5821,      0.1935,      5.6480,     11.2960,      1.7101,     29.2396,     58.4793,      0.0195,      0.0024,      0.2500,      0.2069,   7919.2661,-475637.7188,  -1028.3818,    553.7236,  26397.5527,
       1,     170,      60,      14,       1,       3,       1,     10.0000,      1.4114,     42.7683,    251.5067,     63.2945,      3.4953,      0.1931,      0.1591,     53.5542,      0.2009,      5.6480,     11.2960,      1.7756,     29.2396,     58.4793,      0.0195,      0.0026,      0.2500,      0.2069,   7919.2661,-485698.8750,  -1031.1797,    553.0276,  26397.5527,
       1,     170,      60,      15,       1,       3,       1,     10.0000,      1.4114,     42.7683,    251.5067,     63.2945,      3.4953,      0.1960,      0.1621,     89.9325,      0.1953,      5.6480,     11.2960,      1.7254,     29.2396,     58.4793,      0.0195,      0.0044,      0.2500,      0.2069,   7919.2661,-491437.6562,  -1032.8362,    552.6313,  26397.2168,
       1,     170,      60,      16,       1,       3,       1,     10.0000,      1.4114,     42.7683,    251.5067,     63.2945,      3.4953,      0.1995,      0.1657,    135.3674,      0.1949,      5.6480,     11.2960,      1.7220,     29.2396,     58.4793,      0.0195,      0.0066,      0.2500,      0.2069,   7919.1655,-536663.6250,  -1045.2899,    549.5073,  26397.1152,
       1,     170,      60,      17,       1,       3,       1,     10.0000,      1.4114,     42.7683,    251.5067,     63.2945,      3.4953,      0.2008,      0.1672,    150.6349,      0.1853,      5.6480,     11.2960,      1.6370,     29.2396,     58.4793,      0.0195,      0.0073,      0.2500,      0.2068,   7919.1348,-596422.1250,  -1061.8112,    545.4114,  26396.9824,
       1,     170,      60,      18,       1,       3,       1,     10.0000,      1.4114,     42.7683,    251.5067,     63.2945,      3.4953,      0.1876,      0.1543,    162.6953,      0.1770,      5.6480,     11.2960,      1.5638,     29.2396,     58.4793,      0.0195,      0.0086,      0.2296,      0.2067,   7919.0952,-620358.9375,  -1068.9562,    543.7947,  26396.9258,
       1,     170,      60,      19,       1,       3,       1,     10.0000,      1.4114,     42.7683,    251.5067,     63.2945,      3.4953,      0.1411,      0.1082,    105.9906,      0.1645,      5.6480,     11.2960,      1.4538,     29.2396,     58.4793,      0.0195,      0.0076,      0.1692,      0.2067,   7919.0781,-637245.9375,  -1074.3115,    542.6492,  26396.8809,
       1,     170,      60,      20,       1,       3,       1,     10.0000,      1.4114,     42.7683,    251.5067,     63.2945,      3.4953,      0.0129,     -0.0194,      8.3821,      0.1483,      5.6480,     11.2960,      1.3108,     29.2396,     58.4793,      0.0195,      0.0065,      0.0156,      0.2067,   7919.0645,-568846.6250,  -1056.5898,    547.2900,  26397.0195,
       1,     170,      60,      21,       1,       3,       1,     10.0000,      1.4114,     42.7683,    251.5067,     63.2945,      3.4953,      0.0000,     -0.0321,      9.0492,      0.1418,      5.6480,     11.2960,      1.2526,     29.2396,     58.4793,      0.0195,      0.0070,      0.0156,      0.2068,   7919.1060,-442987.0938,  -1022.7978,    555.9201,  26397.5449,
       1,     170,      60,      22,       1,       3,       1,     10.0000,      1.4114,     42.7683,    251.5067,     63.2945,      3.4953,      0.0000,     -0.0319,      8.7033,      0.1377,      5.6480,     11.2960,      1.2164,     29.2396,     58.4793,      0.0195,      0.0068,      0.0156,      0.2069,   7919.2637,-433218.3125,  -1019.9896,    556.6674,  26397.5449,
       1,     170,      60,      23,       1,       3,       1,     10.0000,      1.4114,     42.7683,    251.5067,     63.2945,      3.4953,      0.0000,     -0.0318,      8.6626,      0.1353,      5.6480,     11.2960,      1.1956,     29.2396,     58.4793,      0.0195,      0.0067,      0.0156,      0.2069,   7919.2637,-431876.3750,  -1019.6363,    556.7612,  26397.5449,
       1,     170,      60,      24,       1,       3,       1,     10.0000,      1.4114,     42.7683,    251.5067,     63.2945,      3.4953,      0.0000,     -0.0318,      6.7465,      0.1335,      5.6480,     11.2960,      1.1799,     29.2396,     58.4793,      0.0195,      0.0052,      0.0156,      0.2069,   7919.2637,-431711.2188,  -1019.6022,    556.7728,  26397.5449,
       1,     170,      61,       1,       1,       3,       1,     10.0000,      1.4114,     42.7686,    251.5127,     63.2960,      3.4953,      0.0000,     -0.0318,      5.0667,      0.1330,      5.6479,     11.2957,      1.1751,     29.2492,     58.4984,      0.0195,      0.0039,      0.0156,      0.2070,   7919.2637,-429499.1250,  -1019.4011,    556.9397,  26398.7246,
       1,     170,      61,       2,       1,       3,       1,     10.0000,      1.4114,     42.7686,    251.5127,     63.2960,      3.4953,      0.0000,     -0.0318,      4.3105,      0.1334,      5.6479,     11.2957,      1.1787,     29.2492,     58.4984,      0.0195,      0.0033,      0.0156,      0.2070,   7919.6177,-427096.0312,  -1018.3654,    557.1071,  26398.7246,
       1,     170,      61,       3,       1,       3,       1,     10.0000,      1.4114,     42.7686,    251.5127,     63.2960,      3.4953,      0.0000,     -0.0317,      3.7696,      0.1326,      5.6479,     11.2957,      1.1716,     29.2492,     58.4984,      0.0195,      0.0029,      0.0156,      0.2070,   7919.6177,-425962.5938,  -1018.0629,    557.1860,  26398.7246,
       1,     170,      61,       4,       1,       3,       1,     10.0000,      1.4114,     42.7686,    251.5127,     63.2960,      3.4953,      0.0000,     -0.0318,      3.5820,      0.1354,      5.6479,     11.2957,      1.1968,     29.2492,     58.4984,      0.0195,      0.0028,      0.0156,      0.2070,   7919.6177,-425201.7812,  -1017.8607,    557.2390,  26398.7246,
       1,     170,      61,       5,       1,       3,       1,     10.0000,      1.4114,     42.7686,    251.5127,     63.2960,      3.4953,      0.0000,     -0.0316,      3.2252,      0.1299,      5.6479,     11.2957,      1.1480,     29.2492,     58.4984,      0.0195,      0.0025,      0.0156,      0.2070,   7919.6177,-424906.3438,  -1017.7849,    557.2596,  26398.7246,
       1,     170,      61,       6,       1,       3,       1,     10.0000,      1.4114,     42.7686,    251.5127,     63.2960,      3.4953,      0.0000,     -0.0316,      3.0088,      0.1279,      5.6479,     11.2957,      1.1306,     29.2492,     58.4984,      0.0195,      0.0023,      0.0156,      0.2070,   7919.6177,-424443.2500,  -1017.6630,    557.2918,  26398.7246,
       1,     170,      61,       7,       1,       3,       1,     10.0000,      1.4114,     42.7686,    251.5127,     63.2960,      3.4953,      0.0000,     -0.0315,      2.8922,      0.1273,      5.6479,     11.2957,      1.1248,     29.2492,     58.4984,      0.0195,      0.0022,      0.0156,      0.2070,   7919.6177,-424138.0625,  -1017.5837,    557.3131,  26398.7246,
       1,     170,      61,       8,       1,       3,       1,     10.0000,      1.4114,     42.7686,    251.5127,     63.2960,      3.4953,      0.0027,     -0.0287,      2.8797,      0.1250,      5.6479,     11.2957,      1.1044,     29.2492,     58.4984,      0.0195,      0.0022,      0.0156,      0.2070,   7919.6177,-423968.7812,  -1017.5414,    557.3249,  26398.7246,
       1,     170,      61,       9,       1,       3,       1,     10.0000,      1.4114,     42.7686,    251.5127,     63.2960,      3.4953,      0.1068,      0.0751,     27.8689,      0.1303,      5.6479,     11.2957,      1.1515,     29.2492,     58.4984,      0.0195,      0.0026,      0.1293,      0.2070,   7919.6177,-423939.0312,  -1017.5367,    557.3270,  26398.7246,
       1,     170,      61,      10,       1,       3,       1,     10.0000,      1.4114,     42.7686,    251.5127,     63.2960,      3.4953,      0.1788,      0.1463,     51.7780,      0.1548,      5.6479,     11.2957,      1.3675,     29.2492,     58.4984,      0.0195,      0.0027,      0.2293,      0.2070,   7919.6177,-454605.9688,  -1025.8982,    555.1905,  26398.7246,
       1,     170,      61,      11,       1,       3,       1,     10.0000,      1.4114,     42.7686,    251.5127,     63.2960,      3.4953,      0.1937,      0.1606,     58.4966,      0.1700,      5.6479,     11.2957,      1.5026,     29.2492,     58.4984,      0.0195,      0.0028,      0.2500,      0.2070,   7919.6177,-486595.5938,  -1034.6503,    552.9745,  26398.7246,
       1,     170,      61,      12,       1,       3,       1,     10.0000,      1.4114,     42.7686,    251.5127,     63.2960,      3.4953,      0.1930,      0.1597,     50.6544,      0.1775,      5.6479,     11.2957,      1.5685,     29.2492,     58.4984,      0.0195,      0.0025,      0.2500,      0.2069,   7919.6177,-497586.4688,  -1037.7524,    552.2192,  26398.3359,
       1,     170,      61,      13,       1,       3,       1,     10.0000,      1.4114,     42.7686,    251.5127,     63.2960,      3.4953,      0.1927,      0.1590,     47.8251,      0.1899,      5.6479,     11.2957,      1.6782,     29.2492,     58.4984,      0.0195,      0.0023,      0.2500,      0.2069,   7919.5010,-488928.8438,  -1035.6664,    552.8174,  26398.7246,
       1,     170,      61,      14,       1,       3,       1,     10.0000,      1.4114,     42.7686,    251.5127,     63.2960,      3.4953,      0.1932,      0.1594,     54.3389,      0.1945,      5.6479,     11.2957,      1.7186,     29.2492,     58.4984,      0.0195,      0.0026,      0.2500,      0.2069,   7919.6177,-484670.6562,  -1034.4930,    553.1120,  26398.7227,
       1,     170,      61,      15,       1,       3,       1,     10.0000,      1.4114,     42.7686,    251.5127,     63.2960,      3.4953,      0.1957,      0.1619,     86.4766,      0.1930,      5.6479,     11.2957,      1.7050,     29.2492,     58.4984,      0.0195,      0.0042,      0.2500,      0.2069,   7919.6172,-492309.6250,  -1036.6825,    552.5839,  26398.3438,
       1,     170,      61,      16,       1,       3,       1,     10.0000,      1.4114,     42.7686,    251.5127,     63.2960,      3.4953,      0.1972,      0.1634,    105.8087,      0.1931,      5.6479,     11.2957,      1.7067,     29.2492,     58.4984,      0.0195,      0.0051,      0.2500,      0.2069,   7919.5034,-532488.3750,  -1047.8973,    549.8089,  26398.2500,
       1,     170,      61,      17,       1,       3,       1,     10.0000,      1.4114,     42.7686,    251.5127,     63.2960,      3.4953,      0.1979,      0.1642,    114.2043,      0.1905,      5.6479,     11.2957,      1.6832,     29.2492,     58.4984,      0.0195,      0.0055,      0.2500,      0.2069,   7919.4751,-559709.5625,  -1055.6716,    547.9451,  26398.1855,
       1,     170,      61,      18,       1,       3,       1,     10.0000,      1.4114,     42.7686,    251.5127,     63.2960,      3.4953,      0.1923,      0.1589,    122.5754,      0.1827,      5.6479,     11.2957,      1.6144,     29.2492,     58.4984,      0.0195,      0.0062,      0.2409,      0.2068,   7919.4561,-572362.3125,  -1059.5964,    547.0815,  26398.1543,
       1,     170,      61,      19,       1,       3,       1,     10.0000,      1.4114,     42.7686,    251.5127,     63.2960,      3.4953,      0.1474,      0.1143,     88.5794,      0.1699,      5.6479,     11.2957,      1.5011,     29.2492,     58.4984,      0.0195,      0.0060,      0.1801,      0.2068,   7919.4468,-583739.5000,  -1063.2321,    546.3042,  26398.1230,
       1,     170,      61,      20,       1,       3,       1,     10.0000,      1.4114,     42.7686,    251.5127,     63.2960,      3.4953,      0.0172,     -0.0155,      1.6994,      0.1571,      5.6479,     11.2957,      1.3883,     29.2492,     58.4984,      0.0195,      0.0058,      0.0036,      0.2068,   7919.4370,-542883.6250,  -1052.6139,    549.0948,  26398.2070,
       1,     170,      61,      21,       1,       3,       1,     10.0000,      1.4114,     42.7686,    251.5127,     63.2960,      3.4953,      0.0000,     -0.0323,      7.3228,      0.1473,      5.6479,     11.2957,      1.3016,     29.2492,     58.4984,      0.0195,      0.0057,      0.0156,      0.2068,   7919.4624,-432594.0938,  -1022.6945,    556.6719,  26398.7168,
       1,     170,      61,      22,       1,       3,       1,     10.0000,      1.4114,     42.7686,    251.5127,     63.2960,      3.4953,      0.0000,     -0.0321,      6.8692,      0.1423,      5.6479,     11.2957,      1.2577,     29.2492,     58.4984,      0.0195,      0.0053,      0.0156,      0.2070,   7919.6152,-430195.0938,  -1021.8797,    556.8913,  26398.7168,
       1,     170,      61,      23,       1,       3,       1,     10.0000,      1.4114,     42.7686,    251.5127,     63.2960,      3.4953,      0.0000,     -0.0320,      6.3143,      0.1396,      5.6479,     11.2957,      1.2338,     29.2492,     58.4984,      0.0195,      0.0049,      0.0156,      0.2070,   7919.6152,-429368.8125,  -1021.6622,    556.9488,  26398.7168,
       1,     170,      61,      24,       1,       3,       1,     10.0000,      1.4114,     42.7686,    251.5127,     63.2960,      3.4953,      0.0000,     -0.0319,      5.6784,      0.1378,      5.6479,     11.2957,      1.2176,     29.2492,     58.4984,      0.0195,      0.0044,      0.0156,      0.2070,   7919.6152,-428617.2500,  -1021.4644,    557.0012,  26398.7168,
       1,     170,      62,       1,       1,       3,       1,     10.0000,      1.4114,     42.7690,    251.5186,     63.2975,      3.4953,      0.0000,     -0.0318,      4.9286,      0.1333,      5.6484,     11.2967,      1.1776,     29.2588,     58.5176,      0.0195,      0.0038,      0.0156,      0.2070,   7919.6152,-427927.0312,  -1021.6767,    557.0623,  26399.8965,
       1,     170,      62,       2,       1,       3,       1,     10.0000,      1.4114,     42.7690,    251.5186,     63.2975,      3.4953,      0.0000,     -0.0317,      4.3907,      0.1325,      5.6484,     11.2967,      1.1704,     29.2588,     58.5176,      0.0195,      0.0034,      0.0156,      0.2070,   7919.9692,-426795.3750,  -1020.9802,    557.1411,  26399.8965,
       1,     170,      62,       3,       1,       3,       1,     10.0000,      1.4114,     42.7690,    251.5186,     63.2975,      3.4953,      0.0000,     -0.0317,      4.3141,      0.1303,      5.6484,     11.2967,      1.1515,     29.2588,     58.5176,      0.0195,      0.0034,      0.0156,      0.2070,   7919.9692,-426038.6562,  -1020.7786,    557.1938,  26399.8965,
       1,     170,      62,       4,       1,       3,       1,     10.0000,      1.4114,     42.7690,    251.5186,     63.2975,      3.4953,      0.0000,     -0.0317,      3.8690,      0.1310,      5.6484,     11.2967,      1.1574,     29.2588,     58.5176,      0.0195,      0.0030,      0.0156,      0.2070,   7919.9692,-425879.9375,  -1020.7402,    557.2049,  26399.8965,
       1,     170,      62,       5,       1,       3,       1,     10.0000,      1.4114,     42.7690,    251.5186,     63.2975,      3.4953,      0.0000,     -0.0317,      3.9754,      0.1315,      5.6484,     11.2967,      1.1621,     29.2588,     58.5176,      0.0195,      0.0031,      0.0156,      0.2070,   7919.9692,-425320.0000,  -1020.5917,    557.2438,  26399.8965,
       1,     170,      62,       6,       1,       3,       1,     10.0000,      1.4114,     42.7690,    251.5186,     63.2975,      3.4953,      0.0000,     -0.0316,      3.2738,      0.1281,      5.6484,     11.2967,      1.1318,     29.2588,     58.5176,      0.0195,      0.0025,      0.0156,      0.2070,   7919.9692,-425402.8125,  -1020.6191,    557.2381,  26399.8965,
       1,     170,      62,       7,       1,       3,       1,     10.0000,      1.4114,     42.7690,    251.5186,     63.2975,      3.4953,      0.0000,     -0.0316,      2.9524,      0.1281,      5.6484,     11.2967,      1.1318,     29.2588,     58.5176,      0.0195,      0.0023,      0.0156,      0.2070,   7919.9692,-424548.9062,  -1020.3892,    557.2975,  26399.8965,
       1,     170,      62,       8,       1,       3,       1,     10.0000,      1.4114,     42.7690,    251.5186,     63.2975,      3.4953,      0.0043,     -0.0272,      2.9777,      0.1278,      5.6484,     11.2967,      1.1295,     29.2588,     58.5176,      0.0195,      0.0023,      0.0156,      0.2070,   7919.9692,-424081.5000,  -1020.2650,    557.3301,  26399.8965,
       1,     170,      62,       9,       1,       3,       1,     10.0000,      1.4114,     42.7690,    251.5186,     63.2975,      3.4953,      0.1081,      0.0762,     25.5503,      0.1363,      5.6484,     11.2967,      1.2041,     29.2588,     58.5176,      0.0195,      0.0024,      0.1313,      0.2070,   7919.9692,-424072.5312,  -1020.2659,    557.3307,  26399.8965,
       1,     170,      62,      10,       1,       3,       1,     10.0000,      1.4114,     42.7690,    251.5186,     63.2975,      3.4953,      0.1782,      0.1458,     46.7653,      0.1518,      5.6484,     11.2967,      1.3416,     29.2588,     58.5176,      0.0195,      0.0025,      0.2290,      0.2070,   7919.9692,-451772.1875,  -1027.8783,    555.4010,  26399.8965,
       1,     170,      62,      11,       1,       3,       1,     10.0000,      1.4114,     42.7690,    251.5186,     63.2975,      3.4953,      0.1927,      0.1597,     44.9513,      0.1665,      5.6484,     11.2967,      1.4714,     29.2588,     58.5176,      0.0195,      0.0022,      0.2500,      0.2070,   7919.9692,-480193.7188,  -1035.7152,    553.4312,  26399.8945,
       1,     170,      62,      12,       1,       3,       1,     10.0000,      1.4114,     42.7690,    251.5186,     63.2975,      3.4953,      0.1927,      0.1592,     46.3090,      0.1811,      5.6484,     11.2967,      1.6001,     29.2588,     58.5176,      0.0195,      0.0022,      0.2500,      0.2070,   7919.9688,-480397.4062,  -1035.8625,    553.4206,  26399.8965,
       1,     170,      62,      13,       1,       3,       1,     10.0000,      1.4114,     42.7690,    251.5186,     63.2975,      3.4953,      0.1928,      0.1592,     48.5984,      0.1862,      5.6484,     11.2967,      1.6452,     29.2588,     58.5176,      0.0195,      0.0024,      0.2500,      0.2070,   7919.9692,-482077.4375,  -1036.4159,    553.3043,  26399.8945,
       1,     170,      62,      14,       1,       3,       1,     10.0000,      1.4114,     42.7690,    251.5186,     63.2975,      3.4953,      0.1941,      0.1604,     65.2207,      0.1905,      5.6484,     11.2967,      1.6832,     29.2588,     58.5176,      0.0195,      0.0032,      0.2500,      0.2069,   7919.9688,-485033.1250,  -1037.3262,    553.1000,  26399.8945,
       1,     170,      62,      15,       1,       3,       1,     10.0000,      1.4114,     42.7690,    251.5186,     63.2975,      3.4953,      0.1961,      0.1623,     91.7165,      0.1935,      5.6484,     11.2967,      1.7101,     29.2588,     58.5176,      0.0195,      0.0044,      0.2500,      0.2069,   7919.9688,-505701.9062,  -1043.1124,    551.6710,  26399.4512,
       1,     170,      62,      16,       1,       3,       1,     10.0000,      1.4114,     42.7690,    251.5186,     63.2975,      3.4953,      0.1987,      0.1649,    125.0036,      0.1943,      5.6484,     11.2967,      1.7169,     29.2588,     58.5176,      0.0195,      0.0061,      0.2500,      0.2069,   7919.8354,-540074.7500,  -1052.8983,    549.3025,  26399.3711,
       1,     170,      62,      17,       1,       3,       1,     10.0000,      1.4114,     42.7690,    251.5186,     63.2975,      3.4953,      0.2007,      0.1671,    149.5753,      0.1853,      5.6484,     11.2967,      1.6371,     29.2588,     58.5176,      0.0195,      0.0073,      0.2500,      0.2069,   7919.8115,-583947.0625,  -1065.3481,    546.2952,  26399.2695,
       1,     170,      62,      18,       1,       3,       1,     10.0000,      1.4114,     42.7690,    251.5186,     63.2975,      3.4953,      0.1881,      0.1548,    134.9899,      0.1768,      5.6484,     11.2967,      1.5623,     29.2588,     58.5176,      0.0195,      0.0070,      0.2333,      0.2068,   7919.7812,-617945.2500,  -1075.3138,    543.9818,  26399.1895,
       1,     170,      62,      19,       1,       3,       1,     10.0000,      1.4114,     42.7690,    251.5186,     63.2975,      3.4953,      0.1481,      0.1151,    105.5141,      0.1672,      5.6484,     11.2967,      1.4773,     29.2588,     58.5176,      0.0195,      0.0071,      0.1793,      0.2068,   7919.7573,-602902.8125,  -1071.9320,    545.0095,  26399.2148,
       1,     170,      62,      20,       1,       3,       1,     10.0000,      1.4114,     42.7690,    251.5186,     63.2975,      3.4953,      0.0137,     -0.0187,      8.7498,      0.1527,      5.6484,     11.2967,      1.3498,     29.2588,     58.5176,      0.0195,      0.0068,      0.0156,      0.2068,   7919.7646,-565339.8125,  -1062.2180,    547.5695,  26399.2910,
       1,     170,      62,      21,       1,       3,       1,     10.0000,      1.4114,     42.7690,    251.5186,     63.2975,      3.4953,      0.0000,     -0.0322,      8.3923,      0.1455,      5.6484,     11.2967,      1.2860,     29.2588,     58.5176,      0.0195,      0.0065,      0.0156,      0.2068,   7919.7876,-443143.2188,  -1028.8427,    555.9395,  26399.8887,
       1,     170,      62,      22,       1,       3,       1,     10.0000,      1.4114,     42.7690,    251.5186,     63.2975,      3.4953,      0.0000,     -0.0319,      7.3133,      0.1378,      5.6484,     11.2967,      1.2176,     29.2588,     58.5176,      0.0195,      0.0057,      0.0156,      0.2070,   7919.9668,-432425.2500,  -1025.6984,    556.7486,  26399.8867,
       1,     170,      62,      23,       1,       3,       1,     10.0000,      1.4114,     42.7690,    251.5186,     63.2975,      3.4953,      0.0000,     -0.0317,      6.8462,      0.1322,      5.6484,     11.2967,      1.1680,     29.2588,     58.5176,      0.0195,      0.0053,      0.0156,      0.2070,   7919.9663,-430108.4375,  -1025.0692,    556.9103,  26399.8867,
       1,     170,      62,      24,       1,       3,       1,     10.0000,      1.4114,     42.7690,    251.5186,     63.2975,      3.4953,      0.0000,     -0.0317,      6.4766,      0.1303,      5.6484,     11.2967,      1.1515,     29.2588,     58.5176,      0.0195,      0.0050,      0.0156,      0.2070,   7919.9663,-429336.6562,  -1024.8644,    556.9642,  26399.8867,
       1,     170,      63,       1,       1,       3,       1,     10.0000,      1.4114,     42.7693,    251.5245,     63.2989,      3.4953,      0.0000,     -0.0315,      5.3883,      0.1272,      5.6486,     11.2972,      1.1238,     29.2684,     58.5367,      0.0195,      0.0042,      0.0156,      0.2070,   7919.9663,-428971.2500,  -1025.1688,    557.0026,  26401.0684,
       1,     170,      63,       2,       1,       3,       1,     10.0000,      1.4114,     42.7693,    251.5245,     63.2989,      3.4953,      0.0000,     -0.0314,      4.4505,      0.1238,      5.6486,     11.2972,      1.0944,     29.2684,     58.5367,      0.0195,      0.0035,      0.0156,      0.2070,   7920.3208,-427452.0000,  -1024.3589,    557.1083,  26401.0684,
       1,     170,      63,       3,       1,       3,       1,     10.0000,      1.4114,     42.7693,    251.5245,     63.2989,      3.4953,      0.0000,     -0.0313,      3.6225,      0.1218,      5.6486,     11.2972,      1.0766,     29.2684,     58.5367,      0.0195,      0.0028,      0.0156,      0.2070,   7920.3208,-426171.5000,  -1024.0106,    557.1975,  26401.0684,
       1,     170,      63,       4,       1,       3,       1,     10.0000,      1.4114,     42.7693,    251.5245,     63.2989,      3.4953,      0.0000,     -0.0313,      3.4801,      0.1225,      5.6486,     11.2972,      1.0821,     29.2684,     58.5367,      0.0195,      0.0027,      0.0156,      0.2070,   7920.3208,-425046.0938,  -1023.7042,    557.2759,  26401.0684,
       1,     170,      63,       5,       1,       3,       1,     10.0000,      1.4114,     42.7693,    251.5245,     63.2989,      3.4953,      0.0000,     -0.0313,      3.4278,      0.1204,      5.6486,     11.2972,      1.0635,     29.2684,     58.5367,      0.0195,      0.0027,      0.0156,      0.2070,   7920.3208,-424775.1562,  -1023.6335,    557.2948,  26401.0684,
       1,     170,      63,       6,       1,       3,       1,     10.0000,      1.4114,     42.7693,    251.5245,     63.2989,      3.4953,      0.0000,     -0.0312,      3.0489,      0.1199,      5.6486,     11.2972,      1.0592,     29.2684,     58.5367,      0.0195,      0.0024,      0.0156,      0.2070,   7920.3208,-424687.7812,  -1023.6135,    557.3008,  26401.0684,
       1,     170,      63,       7,       1,       3,       1,     10.0000,      1.4114,     42.7693,    251.5245,     63.2989,      3.4953,      0.0000,     -0.0312,      3.1704,      0.1200,      5.6486,     11.2972,      1.0602,     29.2684,     58.5367,      0.0195,      0.0025,      0.0156,      0.2070,   7920.3208,-424215.4688,  -1023.4869,    557.3339,  26401.0684,
       1,     170,      63,       8,       1,       3,       1,     10.0000,      1.4114,     42.7693,    251.5245,     63.2989,      3.4953,      0.0028,     -0.0283,      3.1345,      0.1162,      5.6486,     11.2972,      1.0271,     29.2684,     58.5367,      0.0195,      0.0024,      0.0156,      0.2070,   7920.3208,-424324.0312,  -1023.5207,    557.3263,  26401.0684,
       1,     170,      63,       9,       1,       3,       1,     10.0000,      1.4114,     42.7693,    251.5245,     63.2989,      3.4953,      0.1110,      0.0796,     30.0824,      0.1227,      5.6486,     11.2972,      1.0843,     29.2684,     58.5367,      0.0195,      0.0027,      0.1351,      0.2070,   7920.3208,-424289.1875,  -1023.5149,    557.3287,  26401.0664,
       1,     170,      63,      10,       1,       3,       1,     10.0000,      1.4114,     42.7693,    251.5245,     63.2989,      3.4953,      0.1793,      0.1472,     55.5929,      0.1438,      5.6486,     11.2972,      1.2705,     29.2684,     58.5367,      0.0195,      0.0029,      0.2295,      0.2070,   7920.3203,-457352.4688,  -1032.6858,    555.0253,  26401.0664,
       1,     170,      63,      11,       1,       3,       1,     10.0000,      1.4114,     42.7693,    251.5245,     63.2989,      3.4953,      0.1943,      0.1615,     64.6244,      0.1624,      5.6486,     11.2972,      1.4351,     29.2684,     58.5367,      0.0195,      0.0031,      0.2500,      0.2070,   7920.3203,-491508.0625,  -1042.1925,    552.6604,  26401.0195,
       1,     170,      63,      12,       1,       3,       1,     10.0000,      1.4114,     42.7693,    251.5245,     63.2989,      3.4953,      0.1947,      0.1616,     71.1294,      0.1709,      5.6486,     11.2972,      1.5102,     29.2684,     58.5367,      0.0195,      0.0034,      0.2500,      0.2070,   7920.3062,-505528.5625,  -1046.2131,    551.6968,  26400.5879,
       1,     170,      63,      13,       1,       3,       1,     10.0000,      1.4114,     42.7693,    251.5245,     63.2989,      3.4953,      0.1945,      0.1611,     69.7748,      0.1796,      5.6486,     11.2972,      1.5874,     29.2684,     58.5367,      0.0195,      0.0034,      0.2500,      0.2069,   7920.1768,-514761.0312,  -1049.1012,    551.0610,  26400.5664,
       1,     170,      63,      14,       1,       3,       1,     10.0000,      1.4114,     42.7693,    251.5245,     63.2989,      3.4953,      0.1952,      0.1617,     78.1422,      0.1831,      5.6486,     11.2972,      1.6177,     29.2684,     58.5367,      0.0195,      0.0038,      0.2500,      0.2069,   7920.1704,-513885.3750,  -1049.0930,    551.1217,  26400.5625,
       1,     170,      63,      15,       1,       3,       1,     10.0000,      1.4114,     42.7693,    251.5245,     63.2989,      3.4953,      0.1969,      0.1634,     99.6555,      0.1823,      5.6486,     11.2972,      1.6113,     29.2684,     58.5367,      0.0195,      0.0048,      0.2500,      0.2069,   7920.1689,-524091.7812,  -1052.1545,    550.4186,  26400.5371,
       1,     170,      63,      16,       1,       3,       1,     10.0000,      1.4114,     42.7693,    251.5245,     63.2989,      3.4953,      0.1989,      0.1654,    125.5434,      0.1814,      5.6486,     11.2972,      1.6033,     29.2684,     58.5367,      0.0195,      0.0061,      0.2500,      0.2069,   7920.1616,-551402.6875,  -1060.0256,    548.5400,  26400.4746,
       1,     170,      63,      17,       1,       3,       1,     10.0000,      1.4114,     42.7693,    251.5245,     63.2989,      3.4953,      0.1977,      0.1644,    143.0582,      0.1747,      5.6486,     11.2972,      1.5437,     29.2684,     58.5367,      0.0195,      0.0070,      0.2462,      0.2069,   7920.1426,-585572.6250,  -1069.9532,    546.2002,  26400.3965,
       1,     170,      63,      18,       1,       3,       1,     10.0000,      1.4114,     42.7693,    251.5245,     63.2989,      3.4953,      0.1735,      0.1405,    130.1241,      0.1659,      5.6486,     11.2972,      1.4656,     29.2684,     58.5367,      0.0195,      0.0074,      0.2129,      0.2068,   7920.1191,-610049.4375,  -1077.3684,    544.5341,  26400.3340,
       1,     170,      63,      19,       1,       3,       1,     10.0000,      1.4114,     42.7693,    251.5245,     63.2989,      3.4953,      0.1590,      0.1262,    122.1348,      0.1614,      5.6486,     11.2972,      1.4265,     29.2684,     58.5367,      0.0195,      0.0077,      0.1930,      0.2068,   7920.1006,-596226.1250,  -1074.2371,    545.4775,  26400.3574,
       1,     170,      63,      20,       1,       3,       1,     10.0000,      1.4114,     42.7693,    251.5245,     63.2989,      3.4953,      0.0318,     -0.0006,     14.3668,      0.1497,      5.6486,     11.2972,      1.3229,     29.2684,     58.5367,      0.0195,      0.0075,      0.0233,      0.2068,   7920.1074,-585215.5000,  -1071.7957,    546.2291,  26400.3770,
       1,     170,      63,      21,       1,       3,       1,     10.0000,      1.4114,     42.7693,    251.5245,     63.2989,      3.4953,      0.0000,     -0.0321,      8.9439,      0.1418,      5.6486,     11.2972,      1.2527,     29.2684,     58.5367,      0.0195,      0.0069,      0.0156,      0.2068,   7920.1133,-451704.8125,  -1035.0099,    555.3455,  26401.0566,
       1,     170,      63,      22,       1,       3,       1,     10.0000,      1.4114,     42.7693,    251.5245,     63.2989,      3.4953,      0.0000,     -0.0319,      8.3380,      0.1377,      5.6486,     11.2972,      1.2164,     29.2684,     58.5367,      0.0195,      0.0065,      0.0156,      0.2070,   7920.3174,-433849.6250,  -1029.8173,    556.6615,  26401.0566,
       1,     170,      63,      23,       1,       3,       1,     10.0000,      1.4114,     42.7693,    251.5245,     63.2989,      3.4953,      0.0000,     -0.0319,      7.4948,      0.1367,      5.6486,     11.2972,      1.2078,     29.2684,     58.5367,      0.0195,      0.0058,      0.0156,      0.2070,   7920.3174,-431491.9375,  -1029.1700,    556.8271,  26401.0566,
       1,     170,      63,      24,       1,       3,       1,     10.0000,      1.4114,     42.7693,    251.5245,     63.2989,      3.4953,      0.0000,     -0.0319,      6.9421,      0.1364,      5.6486,     11.2972,      1.2054,     29.2684,     58.5367,      0.0195,      0.0054,      0.0156,      0.2070,   7920.3174,-430253.9062,  -1028.8337,    556.9133,  26401.0566,
       1,     170,      64,       1,       1,       3,       1,     10.0000,      1.4115,     42.7696,    251.5304,     63.3004,      3.4953,      0.0000,     -0.0317,      5.7328,      0.1319,      5.6486,     11.2972,      1.1657,     29.2786,     58.5573,      0.0195,      0.0045,      0.0156,      0.2071,   7920.3174,-429624.1250,  -1029.0682,    556.9701,  26402.2383,
       1,     170,      64,       2,       1,       3,       1,     10.0000,      1.4115,     42.7696,    251.5304,     63.3004,      3.4953,      0.0000,     -0.0315,      4.7989,      0.1261,      5.6486,     11.2972,      1.1147,     29.2786,     58.5573,      0.0195,      0.0037,      0.0156,      0.2071,   7920.6719,-427934.1875,  -1028.2029,    557.0878,  26402.2363,
       1,     170,      64,       3,       1,       3,       1,     10.0000,      1.4115,     42.7696,    251.5304,     63.3004,      3.4953,      0.0000,     -0.0311,      4.1852,      0.1168,      5.6486,     11.2972,      1.0324,     29.2786,     58.5573,      0.0195,      0.0033,      0.0156,      0.2071,   7920.6714,-426644.1875,  -1028.0919,    557.1777,  26402.2363,
       1,     170,      64,       4,       1,       3,       1,     10.0000,      1.4115,     42.7696,    251.5304,     63.3004,      3.4953,      0.0000,     -0.0310,      3.9394,      0.1140,      5.6486,     11.2972,      1.0073,     29.2786,     58.5573,      0.0195,      0.0031,      0.0156,      0.2071,   7920.6714,-425780.9375,  -1027.8553,    557.2378,  26402.2363,
       1,     170,      64,       5,       1,       3,       1,     10.0000,      1.4115,     42.7696,    251.5304,     63.3004,      3.4953,      0.0000,     -0.0310,      3.8346,      0.1139,      5.6486,     11.2972,      1.0063,     29.2786,     58.5573,      0.0195,      0.0030,      0.0156,      0.2071,   7920.6714,-425405.6250,  -1027.7543,    557.2639,  26402.2363,
       1,     170,      64,       6,       1,       3,       1,     10.0000,      1.4115,     42.7696,    251.5304,     63.3004,      3.4953,      0.0000,     -0.0310,      2.8602,      0.1131,      5.6486,     11.2972,      0.9991,     29.2786,     58.5573,      0.0195,      0.0022,      0.0156,      0.2071,   7920.6714,-425244.9688,  -1027.7135,    557.2751,  26402.2363,
       1,     170,      64,       7,       1,       3,       1,     10.0000,      1.4115,     42.7696,    251.5304,     63.3004,      3.4953,      0.0000,     -0.0310,      2.4335,      0.1149,      5.6486,     11.2972,      1.0156,     29.2786,     58.5573,      0.0195,      0.0019,      0.0156,      0.2071,   7920.6714,-424035.6875,  -1027.3788,    557.3593,  26402.2363,
       1,     170,      64,       8,       1,       3,       1,     10.0000,      1.4115,     42.7696,    251.5304,     63.3004,      3.4953,      0.0031,     -0.0279,      1.3804,      0.1139,      5.6486,     11.2972,      1.0063,     29.2786,     58.5573,      0.0195,      0.0011,      0.0156,      0.2071,   7920.6714,-423408.8438,  -1027.2832,    557.4031,  26402.2363,
       1,     170,      64,       9,       1,       3,       1,     10.0000,      1.4115,     42.7696,    251.5304,     63.3004,      3.4953,      0.1097,      0.0782,      9.8694,      0.1241,      5.6486,     11.2972,      1.0966,     29.2786,     58.5573,      0.0195,      0.0009,      0.1355,      0.2071,   7920.6714,-422063.1562,  -1026.9087,    557.4968,  26402.2363,
       1,     170,      64,      10,       1,       3,       1,     10.0000,      1.4115,     42.7696,    251.5304,     63.3004,      3.4953,      0.1797,      0.1475,     25.1326,      0.1455,      5.6486,     11.2972,      1.2861,     29.2786,     58.5573,      0.0195,      0.0013,      0.2335,      0.2071,   7920.6714,-432362.7812,  -1029.7960,    556.7790,  26402.2363,
       1,     170,      64,      11,       1,       3,       1,     10.0000,      1.4115,     42.7696,    251.5304,     63.3004,      3.4953,      0.1916,      0.1588,     30.3519,      0.1601,      5.6486,     11.2972,      1.4151,     29.2786,     58.5573,      0.0195,      0.0015,      0.2500,      0.2071,   7920.6714,-451973.0000,  -1035.3005,    555.4147,  26402.2363,
       1,     170,      64,      12,       1,       3,       1,     10.0000,      1.4115,     42.7696,    251.5304,     63.3004,      3.4953,      0.1919,      0.1586,     36.4726,      0.1775,      5.6486,     11.2972,      1.5686,     29.2786,     58.5573,      0.0195,      0.0018,      0.2500,      0.2070,   7920.6714,-460058.0000,  -1037.5951,    554.8550,  26402.2363,
       1,     170,      64,      13,       1,       3,       1,     10.0000,      1.4115,     42.7696,    251.5304,     63.3004,      3.4953,      0.1923,      0.1588,     41.2204,      0.1813,      5.6486,     11.2972,      1.6017,     29.2786,     58.5573,      0.0195,      0.0020,      0.2500,      0.2070,   7920.6714,-468260.1250,  -1039.9359,    554.2864,  26402.2344,
       1,     170,      64,      14,       1,       3,       1,     10.0000,      1.4115,     42.7696,    251.5304,     63.3004,      3.4953,      0.1934,      0.1599,     55.2474,      0.1820,      5.6486,     11.2972,      1.6081,     29.2786,     58.5573,      0.0195,      0.0027,      0.2500,      0.2070,   7920.6704,-474789.0938,  -1041.8262,    553.8344,  26402.2344,
       1,     170,      64,      15,       1,       3,       1,     10.0000,      1.4115,     42.7696,    251.5304,     63.3004,      3.4953,      0.1953,      0.1617,     79.6068,      0.1845,      5.6486,     11.2972,      1.6307,     29.2786,     58.5573,      0.0195,      0.0039,      0.2500,      0.2070,   7920.6704,-492568.2812,  -1046.8853,    552.6037,  26402.2324,
       1,     170,      64,      16,       1,       3,       1,     10.0000,      1.4115,     42.7696,    251.5304,     63.3004,      3.4953,      0.1971,      0.1635,    102.8720,      0.1856,      5.6486,     11.2972,      1.6404,     29.2786,     58.5573,      0.0195,      0.0050,      0.2500,      0.2070,   7920.6699,-524004.4062,  -1055.8191,    550.4337,  26402.2324,
       1,     170,      64,      17,       1,       3,       1,     10.0000,      1.4115,     42.7696,    251.5304,     63.3004,      3.4953,      0.1946,      0.1613,    120.0974,      0.1752,      5.6486,     11.2972,      1.5484,     29.2786,     58.5573,      0.0195,      0.0060,      0.2444,      0.2070,   7920.6699,-555280.2500,  -1064.8572,    548.2860,  26402.2324,
       1,     170,      64,      18,       1,       3,       1,     10.0000,      1.4115,     42.7696,    251.5304,     63.3004,      3.4953,      0.1874,      0.1544,    123.7829,      0.1692,      5.6486,     11.2972,      1.4952,     29.2786,     58.5573,      0.0195,      0.0064,      0.2336,      0.2069,   7920.6699,-579127.4375,  -1071.9703,    546.6558,  26402.2305,
       1,     170,      64,      19,       1,       3,       1,     10.0000,      1.4115,     42.7696,    251.5304,     63.3004,      3.4953,      0.1415,      0.1088,     94.1293,      0.1608,      5.6486,     11.2972,      1.4208,     29.2786,     58.5573,      0.0195,      0.0067,      0.1711,      0.2069,   7920.6694,-585693.3750,  -1074.3566,    546.2095,  26402.2305,
       1,     170,      64,      20,       1,       3,       1,     10.0000,      1.4115,     42.7696,    251.5304,     63.3004,      3.4953,      0.0220,     -0.0103,      5.8035,      0.1496,      5.6486,     11.2972,      1.3216,     29.2786,     58.5573,      0.0195,      0.0068,      0.0104,      0.2069,   7920.6694,-549775.3125,  -1064.8231,    548.6620,  26402.2285,
       1,     170,      64,      21,       1,       3,       1,     10.0000,      1.4115,     42.7696,    251.5304,     63.3004,      3.4953,      0.0000,     -0.0321,      8.3491,      0.1436,      5.6486,     11.2972,      1.2693,     29.2786,     58.5573,      0.0195,      0.0065,      0.0156,      0.2069,   7920.6689,-438161.0625,  -1033.7650,    556.3224,  26402.2285,
       1,     170,      64,      22,       1,       3,       1,     10.0000,      1.4115,     42.7696,    251.5304,     63.3004,      3.4953,      0.0000,     -0.0320,      7.5489,      0.1382,      5.6486,     11.2972,      1.2214,     29.2786,     58.5573,      0.0195,      0.0059,      0.0156,      0.2070,   7920.6689,-431940.3438,  -1032.0288,    556.8087,  26402.2285,
       1,     170,      64,      23,       1,       3,       1,     10.0000,      1.4115,     42.7696,    251.5304,     63.3004,      3.4953,      0.0000,     -0.0318,      6.8841,      0.1341,      5.6486,     11.2972,      1.1848,     29.2786,     58.5573,      0.0195,      0.0053,      0.0156,      0.2071,   7920.6689,-430361.7500,  -1031.5929,    556.9188,  26402.2266,
       1,     170,      64,      24,       1,       3,       1,     10.0000,      1.4115,     42.7696,    251.5304,     63.3004,      3.4953,      0.0000,     -0.0316,      5.7873,      0.1283,      5.6486,     11.2972,      1.1341,     29.2786,     58.5573,      0.0195,      0.0045,      0.0156,      0.2071,   7920.6685,-429411.1875,  -1031.3333,    556.9850,  26402.2266,
       1,     170,      65,       1,       1,       3,       1,     10.0000,      1.4115,     42.7700,    251.5364,     63.3019,      3.4953,      0.0000,     -0.0315,      4.8039,      0.1267,      5.6486,     11.2973,      1.1192,     29.2881,     58.5763,      0.0195,      0.0037,      0.0156,      0.2071,   7920.6685,-428138.9062,  -1031.3867,    557.0866,  26403.4102,
       1,     170,      65,       2,       1,       3,       1,     10.0000,      1.4115,     42.7700,    251.5364,     63.3019,      3.4953,      0.0000,     -0.0315,      4.4648,      0.1265,      5.6486,     11.2973,      1.1181,     29.2881,     58.5763,      0.0195,      0.0035,      0.0156,      0.2071,   7921.0234,-426671.1562,  -1030.5746,    557.1888,  26403.4102,
       1,     170,      65,       3,       1,       3,       1,     10.0000,      1.4115,     42.7700,    251.5364,     63.3019,      3.4953,      0.0000,     -0.0314,      4.5056,      0.1232,      5.6486,     11.2973,      1.0888,     29.2881,     58.5763,      0.0195,      0.0035,      0.0156,      0.2071,   7921.0234,-426129.6250,  -1030.4268,    557.2265,  26403.4102,
       1,     170,      65,       4,       1,       3,       1,     10.0000,      1.4115,     42.7700,    251.5364,     63.3019,      3.4953,      0.0000,     -0.0312,      3.9379,      0.1191,      5.6486,     11.2973,      1.0527,     29.2881,     58.5763,      0.0195,      0.0031,      0.0156,      0.2071,   7921.0234,-426133.3750,  -1030.4323,    557.2262,  26403.4102,
       1,     170,      65,       5,       1,       3,       1,     10.0000,      1.4115,     42.7700,    251.5364,     63.3019,      3.4953,      0.0000,     -0.0311,      3.6012,      0.1152,      5.6486,     11.2973,      1.0177,     29.2881,     58.5763,      0.0195,      0.0028,      0.0156,      0.2071,   7921.0234,-425437.4062,  -1030.2406,    557.2748,  26403.4102,
       1,     170,      65,       6,       1,       3,       1,     10.0000,      1.4115,     42.7700,    251.5364,     63.3019,      3.4953,      0.0000,     -0.0311,      3.5371,      0.1168,      5.6486,     11.2973,      1.0324,     29.2881,     58.5763,      0.0195,      0.0027,      0.0156,      0.2071,   7921.0234,-424964.7500,  -1030.1111,    557.3077,  26403.4102,
       1,     170,      65,       7,       1,       3,       1,     10.0000,      1.4115,     42.7700,    251.5364,     63.3019,      3.4953,      0.0000,     -0.0311,      3.3996,      0.1156,      5.6486,     11.2973,      1.0219,     29.2881,     58.5763,      0.0195,      0.0026,      0.0156,      0.2071,   7921.0234,-424845.6562,  -1030.0814,    557.3159,  26403.4102,
       1,     170,      65,       8,       1,       3,       1,     10.0000,      1.4115,     42.7700,    251.5364,     63.3019,      3.4953,      0.0025,     -0.0287,      2.9199,      0.1172,      5.6486,     11.2973,      1.0356,     29.2881,     58.5763,      0.0195,      0.0023,      0.0156,      0.2071,   7921.0234,-424666.9062,  -1030.0345,    557.3284,  26403.4102,
       1,     170,      65,       9,       1,       3,       1,     10.0000,      1.4115,     42.7700,    251.5364,     63.3019,      3.4953,      0.1050,      0.0736,     20.2766,      0.1230,      5.6486,     11.2973,      1.0866,     29.2881,     58.5763,      0.0195,      0.0019,      0.1277,      0.2071,   7921.0234,-424063.1250,  -1029.8673,    557.3704,  26403.4102,
       1,     170,      65,      10,       1,       3,       1,     10.0000,      1.4115,     42.7700,    251.5364,     63.3019,      3.4953,      0.1810,      0.1488,     29.2151,      0.1429,      5.6486,     11.2973,      1.2629,     29.2881,     58.5763,      0.0195,      0.0015,      0.2348,      0.2071,   7921.0234,-445303.5625,  -1035.8640,    555.8906,  26403.4102,
       1,     170,      65,      11,       1,       3,       1,     10.0000,      1.4115,     42.7700,    251.5364,     63.3019,      3.4953,      0.1918,      0.1590,     33.2093,      0.1618,      5.6486,     11.2973,      1.4294,     29.2881,     58.5763,      0.0195,      0.0016,      0.2500,      0.2071,   7921.0234,-458092.4688,  -1039.4955,    555.0040,  26403.4082,
       1,     170,      65,      12,       1,       3,       1,     10.0000,      1.4115,     42.7700,    251.5364,     63.3019,      3.4953,      0.1923,      0.1594,     40.0451,      0.1660,      5.6486,     11.2973,      1.4671,     29.2881,     58.5763,      0.0195,      0.0019,      0.2500,      0.2071,   7921.0229,-464086.0312,  -1041.2267,    554.5888,  26403.4082,
       1,     170,      65,      13,       1,       3,       1,     10.0000,      1.4115,     42.7700,    251.5364,     63.3019,      3.4953,      0.1923,      0.1591,     40.2897,      0.1738,      5.6486,     11.2973,      1.5361,     29.2881,     58.5763,      0.0195,      0.0020,      0.2500,      0.2070,   7921.0229,-472987.5000,  -1043.7910,    553.9719,  26403.4082,
       1,     170,      65,      14,       1,       3,       1,     10.0000,      1.4115,     42.7700,    251.5364,     63.3019,      3.4953,      0.1932,      0.1592,     54.2031,      0.1978,      5.6486,     11.2973,      1.7479,     29.2881,     58.5763,      0.0195,      0.0026,      0.2500,      0.2070,   7921.0229,-474047.6562,  -1044.1627,    553.8988,  26403.4082,
       1,     170,      65,      15,       1,       3,       1,     10.0000,      1.4115,     42.7700,    251.5364,     63.3019,      3.4953,      0.1957,      0.1616,     86.2242,      0.2018,      5.6486,     11.2973,      1.7828,     29.2881,     58.5763,      0.0195,      0.0042,      0.2500,      0.2070,   7921.0229,-491218.3750,  -1049.0844,    552.7100,  26403.4062,
       1,     170,      65,      16,       1,       3,       1,     10.0000,      1.4115,     42.7700,    251.5364,     63.3019,      3.4953,      0.1972,      0.1632,    105.0776,      0.1976,      5.6486,     11.2973,      1.7462,     29.2881,     58.5763,      0.0195,      0.0051,      0.2500,      0.2070,   7921.0220,-532006.2500,  -1060.7191,    549.8933,  26403.4062,
       1,     170,      65,      17,       1,       3,       1,     10.0000,      1.4115,     42.7700,    251.5364,     63.3019,      3.4953,      0.1975,      0.1636,    108.9210,      0.1939,      5.6486,     11.2973,      1.7137,     29.2881,     58.5763,      0.0195,      0.0053,      0.2500,      0.2070,   7921.0220,-558666.8750,  -1068.5543,    548.0679,  26403.4043,
       1,     170,      65,      18,       1,       3,       1,     10.0000,      1.4115,     42.7700,    251.5364,     63.3019,      3.4953,      0.1878,      0.1543,    112.1783,      0.1840,      5.6486,     11.2973,      1.6259,     29.2881,     58.5763,      0.0195,      0.0058,      0.2356,      0.2069,   7921.0215,-565662.1875,  -1070.9709,    547.5917,  26403.3770,
       1,     170,      65,      19,       1,       3,       1,     10.0000,      1.4115,     42.7700,    251.5364,     63.3019,      3.4953,      0.1492,      0.1161,    117.0029,      0.1711,      5.6486,     11.2973,      1.5118,     29.2881,     58.5763,      0.0195,      0.0079,      0.1795,      0.2069,   7921.0132,-570262.1875,  -1072.7601,    547.2770,  26403.3574,
       1,     170,      65,      20,       1,       3,       1,     10.0000,      1.4115,     42.7700,    251.5364,     63.3019,      3.4953,      0.0173,     -0.0152,      2.5070,      0.1545,      5.6486,     11.2973,      1.3649,     29.2881,     58.5763,      0.0195,      0.0079,      0.0038,      0.2069,   7921.0073,-576588.0000,  -1075.0605,    546.8444,  26403.3301,
       1,     170,      65,      21,       1,       3,       1,     10.0000,      1.4115,     42.7700,    251.5364,     63.3019,      3.4953,      0.0000,     -0.0321,      8.9284,      0.1428,      5.6486,     11.2973,      1.2616,     29.2881,     58.5763,      0.0195,      0.0069,      0.0156,      0.2069,   7920.9995,-436336.8438,  -1035.7870,    556.4315,  26403.4004,
       1,     170,      65,      22,       1,       3,       1,     10.0000,      1.4115,     42.7700,    251.5364,     63.3019,      3.4953,      0.0000,     -0.0317,      8.3174,      0.1318,      5.6486,     11.2973,      1.1646,     29.2881,     58.5763,      0.0195,      0.0065,      0.0156,      0.2071,   7921.0205,-432536.2188,  -1034.7003,    556.7803,  26403.4004,
       1,     170,      65,      23,       1,       3,       1,     10.0000,      1.4115,     42.7700,    251.5364,     63.3019,      3.4953,      0.0000,     -0.0313,      7.8628,      0.1218,      5.6486,     11.2973,      1.0767,     29.2881,     58.5763,      0.0195,      0.0061,      0.0156,      0.2071,   7921.0205,-431358.5000,  -1034.3755,    556.8624,  26403.4004,
       1,     170,      65,      24,       1,       3,       1,     10.0000,      1.4115,     42.7700,    251.5364,     63.3019,      3.4953,      0.0000,     -0.0309,      6.3112,      0.1111,      5.6486,     11.2973,      0.9818,     29.2881,     58.5763,      0.0195,      0.0049,      0.0156,      0.2071,   7921.0205,-430700.0000,  -1034.1974,    556.9083,  26403.4004,
       1,     170,      66,       1,       1,       3,       1,     10.0000,      1.4115,     42.7703,    251.5423,     63.3034,      3.4953,      0.0000,     -0.0309,      5.6103,      0.1111,      5.6490,     11.2981,      0.9818,     29.2977,     58.5954,      0.0195,      0.0044,      0.0156,      0.2071,   7921.0205,-428894.5938,  -1034.1000,    557.0471,  26404.5820,
       1,     170,      66,       2,       1,       3,       1,     10.0000,      1.4115,     42.7703,    251.5423,     63.3034,      3.4953,      0.0000,     -0.0310,      5.2075,      0.1149,      5.6490,     11.2981,      1.0157,     29.2977,     58.5954,      0.0195,      0.0040,      0.0156,      0.2071,   7921.3750,-427728.1875,  -1033.3695,    557.1283,  26404.5820,
       1,     170,      66,       3,       1,       3,       1,     10.0000,      1.4115,     42.7703,    251.5423,     63.3034,      3.4953,      0.0000,     -0.0311,      4.5079,      0.1162,      5.6490,     11.2981,      1.0272,     29.2977,     58.5954,      0.0195,      0.0035,      0.0156,      0.2071,   7921.3750,-427134.3750,  -1033.2064,    557.1696,  26404.5801,
       1,     170,      66,       4,       1,       3,       1,     10.0000,      1.4115,     42.7703,    251.5423,     63.3034,      3.4953,      0.0000,     -0.0313,      4.0355,      0.1212,      5.6490,     11.2981,      1.0712,     29.2977,     58.5954,      0.0195,      0.0031,      0.0156,      0.2071,   7921.3745,-426225.6562,  -1032.9543,    557.2329,  26404.5801,
       1,     170,      66,       5,       1,       3,       1,     10.0000,      1.4115,     42.7703,    251.5423,     63.3034,      3.4953,      0.0000,     -0.0312,      3.7537,      0.1193,      5.6490,     11.2981,      1.0538,     29.2977,     58.5954,      0.0195,      0.0029,      0.0156,      0.2071,   7921.3745,-425568.5625,  -1032.7728,    557.2787,  26404.5801,
       1,     170,      66,       6,       1,       3,       1,     10.0000,      1.4115,     42.7703,    251.5423,     63.3034,      3.4953,      0.0000,     -0.0313,      3.5758,      0.1211,      5.6490,     11.2981,      1.0701,     29.2977,     58.5954,      0.0195,      0.0028,      0.0156,      0.2071,   7921.3745,-425166.7500,  -1032.6627,    557.3066,  26404.5801,
       1,     170,      66,       7,       1,       3,       1,     10.0000,      1.4115,     42.7703,    251.5423,     63.3034,      3.4953,      0.0000,     -0.0313,      3.3231,      0.1215,      5.6490,     11.2981,      1.0734,     29.2977,     58.5954,      0.0195,      0.0026,      0.0156,      0.2071,   7921.3745,-424914.2500,  -1032.5950,    557.3243,  26404.5801,
       1,     170,      66,       8,       1,       3,       1,     10.0000,      1.4115,     42.7703,    251.5423,     63.3034,      3.4953,      0.0007,     -0.0308,      3.1647,      0.1263,      5.6490,     11.2981,      1.1158,     29.2977,     58.5954,      0.0195,      0.0025,      0.0156,      0.2071,   7921.3745,-424582.5625,  -1032.5046,    557.3474,  26404.5801,
       1,     170,      66,       9,       1,       3,       1,     10.0000,      1.4115,     42.7703,    251.5423,     63.3034,      3.4953,      0.0404,      0.0086,      8.4060,      0.1330,      5.6490,     11.2981,      1.1753,     29.2977,     58.5954,      0.0195,      0.0028,      0.0370,      0.2071,   7921.3745,-424360.0938,  -1032.4447,    557.3629,  26404.5801,
       1,     170,      66,      10,       1,       3,       1,     10.0000,      1.4115,     42.7703,    251.5423,     63.3034,      3.4953,      0.1595,      0.1271,     46.9169,      0.1490,      5.6490,     11.2981,      1.3163,     29.2977,     58.5954,      0.0195,      0.0028,      0.2021,      0.2071,   7921.3745,-430769.9062,  -1034.2697,    556.9163,  26404.5801,
       1,     170,      66,      11,       1,       3,       1,     10.0000,      1.4115,     42.7703,    251.5423,     63.3034,      3.4953,      0.1730,      0.1406,     57.8351,      0.1502,      5.6490,     11.2981,      1.3270,     29.2977,     58.5954,      0.0195,      0.0032,      0.2202,      0.2071,   7921.3745,-478559.6562,  -1047.8622,    553.5897,  26404.5801,
       1,     170,      66,      12,       1,       3,       1,     10.0000,      1.4115,     42.7703,    251.5423,     63.3034,      3.4953,      0.1705,      0.1380,     58.9230,      0.1503,      5.6490,     11.2981,      1.3283,     29.2977,     58.5954,      0.0195,      0.0033,      0.2164,      0.2071,   7921.3745,-496070.3125,  -1052.9229,    552.3878,  26404.5781,
       1,     170,      66,      13,       1,       3,       1,     10.0000,      1.4115,     42.7703,    251.5423,     63.3034,      3.4953,      0.1909,      0.1582,     64.4303,      0.1576,      5.6490,     11.2981,      1.3926,     29.2977,     58.5954,      0.0195,      0.0032,      0.2451,      0.2070,   7921.3735,-498890.1562,  -1053.8615,    552.1944,  26404.5781,
       1,     170,      66,      14,       1,       3,       1,     10.0000,      1.4115,     42.7703,    251.5423,     63.3034,      3.4953,      0.1261,      0.0940,     42.0745,      0.1409,      5.6490,     11.2981,      1.2452,     29.2977,     58.5954,      0.0195,      0.0033,      0.1551,      0.2070,   7921.3735,-505891.6250,  -1056.0042,    551.7112,  26404.5781,
       1,     170,      66,      15,       1,       3,       1,     10.0000,      1.4115,     42.7703,    251.5423,     63.3034,      3.4953,      0.0841,      0.0523,     31.0608,      0.1319,      5.6490,     11.2981,      1.1658,     29.2977,     58.5954,      0.0195,      0.0039,      0.0966,      0.2070,   7921.3735,-479033.1875,  -1048.5464,    553.5636,  26404.5781,
       1,     170,      66,      16,       1,       3,       1,     10.0000,      1.4115,     42.7703,    251.5423,     63.3034,      3.4953,      0.1216,      0.0900,     45.5409,      0.1295,      5.6490,     11.2981,      1.1446,     29.2977,     58.5954,      0.0195,      0.0037,      0.1484,      0.2071,   7921.3735,-463235.0625,  -1044.2123,    554.6599,  26404.5762,
       1,     170,      66,      17,       1,       3,       1,     10.0000,      1.4115,     42.7703,    251.5423,     63.3034,      3.4953,      0.1292,      0.0970,     50.6650,      0.1439,      5.6490,     11.2981,      1.2719,     29.2977,     58.5954,      0.0195,      0.0039,      0.1584,      0.2071,   7921.3730,-479659.3125,  -1049.1238,    553.5222,  26404.5762,
       1,     170,      66,      18,       1,       3,       1,     10.0000,      1.4115,     42.7703,    251.5423,     63.3034,      3.4953,      0.0585,      0.0264,     20.5439,      0.1426,      5.6490,     11.2981,      1.2604,     29.2977,     58.5954,      0.0195,      0.0041,      0.0611,      0.2071,   7921.3730,-487352.2500,  -1051.4012,    552.9911,  26404.5762,
       1,     170,      66,      19,       1,       3,       1,     10.0000,      1.4115,     42.7703,    251.5423,     63.3034,      3.4953,      0.0468,      0.0149,     10.3631,      0.1348,      5.6490,     11.2981,      1.1909,     29.2977,     58.5954,      0.0195,      0.0027,      0.0457,      0.2071,   7921.3730,-451026.0625,  -1041.1622,    555.5024,  26404.5742,
       1,     170,      66,      20,       1,       3,       1,     10.0000,      1.4115,     42.7703,    251.5423,     63.3034,      3.4953,      0.0101,     -0.0218,      2.3663,      0.1348,      5.6490,     11.2981,      1.1909,     29.2977,     58.5954,      0.0195,      0.0018,      0.0156,      0.2071,   7921.3726,-435454.1875,  -1036.9980,    556.5894,  26404.5742,
       1,     170,      66,      21,       1,       3,       1,     10.0000,      1.4115,     42.7703,    251.5423,     63.3034,      3.4953,      0.0000,     -0.0319,      1.8381,      0.1355,      5.6490,     11.2981,      1.1969,     29.2977,     58.5954,      0.0195,      0.0014,      0.0156,      0.2071,   7921.3726,-424310.5938,  -1033.8358,    557.3657,  26404.5742,
       1,     170,      66,      22,       1,       3,       1,     10.0000,      1.4115,     42.7703,    251.5423,     63.3034,      3.4953,      0.0000,     -0.0318,      3.4529,      0.1334,      5.6490,     11.2981,      1.1789,     29.2977,     58.5954,      0.0195,      0.0027,      0.0156,      0.2071,   7921.3726,-422711.0625,  -1033.5298,    557.4777,  26404.5723,
       1,     170,      66,      23,       1,       3,       1,     10.0000,      1.4115,     42.7703,    251.5423,     63.3034,      3.4953,      0.0000,     -0.0319,      3.4809,      0.1359,      5.6490,     11.2981,      1.2006,     29.2977,     58.5954,      0.0195,      0.0027,      0.0156,      0.2071,   7921.3721,-424554.5938,  -1034.0543,    557.3493,  26404.5723,
       1,     170,      66,      24,       1,       3,       1,     10.0000,      1.4115,     42.7703,    251.5423,     63.3034,      3.4953,      0.0000,     -0.0318,      2.4007,      0.1345,      5.6490,     11.2981,      1.1885,     29.2977,     58.5954,      0.0195,      0.0019,      0.0156,      0.2071,   7921.3721,-424746.5000,  -1034.6826,    557.3359,  26404.5723,
       1,     170,      67,       1,       1,       3,       1,     10.0000,      1.4115,     42.7706,    251.5482,     63.3049,      3.4953,      0.0000,     -0.0318,      2.1092,      0.1340,      5.6503,     11.3007,      1.1837,     29.2905,     58.5809,      0.0195,      0.0016,      0.0156,      0.2071,   7921.3721,-423593.5000,  -1035.2645,    557.4296,  26405.7578,
       1,     170,      67,       2,       1,       3,       1,     10.0000,      1.4115,     42.7706,    251.5482,     63.3049,      3.4953,      0.0000,     -0.0319,      1.9595,      0.1363,      5.6503,     11.3007,      1.2043,     29.2905,     58.5809,      0.0195,      0.0015,      0.0156,      0.2071,   7921.7275,-422984.3438,  -1034.6794,    557.4720,  26405.7578,
       1,     170,      67,       3,       1,       3,       1,     10.0000,      1.4115,     42.7706,    251.5482,     63.3049,      3.4953,      0.0000,     -0.0320,      1.5113,      0.1401,      5.6503,     11.3007,      1.2377,     29.2905,     58.5809,      0.0195,      0.0012,      0.0156,      0.2071,   7921.7275,-422748.7812,  -1034.6101,    557.4884,  26405.7578,
       1,     170,      67,       4,       1,       3,       1,     10.0000,      1.4115,     42.7706,    251.5482,     63.3049,      3.4953,      0.0000,     -0.0320,      1.3682,      0.1391,      5.6503,     11.3007,      1.2289,     29.2905,     58.5809,      0.0195,      0.0011,      0.0156,      0.2071,   7921.7275,-422178.9062,  -1034.4467,    557.5281,  26405.7578,
       1,     170,      67,       5,       1,       3,       1,     10.0000,      1.4115,     42.7706,    251.5482,     63.3049,      3.4953,      0.0000,     -0.0320,      1.0012,      0.1384,      5.6503,     11.3007,      1.2227,     29.2905,     58.5809,      0.0195,      0.0008,      0.0156,      0.2071,   7921.7275,-421954.6875,  -1034.3815,    557.5437,  26405.7578,
       1,     170,      67,       6,       1,       3,       1,     10.0000,      1.4115,     42.7706,    251.5482,     63.3049,      3.4953,      0.0000,     -0.0318,      0.8057,      0.1338,      5.6503,     11.3007,      1.1825,     29.2905,     58.5809,      0.0195,      0.0006,      0.0156,      0.2071,   7921.7275,-421485.5312,  -1034.2472,    557.5764,  26405.7578,
       1,     170,      67,       7,       1,       3,       1,     10.0000,      1.4115,     42.7706,    251.5482,     63.3049,      3.4953,      0.0000,     -0.0319,      0.8478,      0.1373,      5.6503,     11.3007,      1.2129,     29.2905,     58.5809,      0.0195,      0.0007,      0.0156,      0.2071,   7921.7275,-421205.6562,  -1034.1670,    557.5959,  26405.7578,
       1,     170,      67,       8,       1,       3,       1,     10.0000,      1.4115,     42.7706,    251.5482,     63.3049,      3.4953,      0.0055,     -0.0266,      1.2263,      0.1401,      5.6503,     11.3007,      1.2377,     29.2905,     58.5809,      0.0195,      0.0010,      0.0156,      0.2071,   7921.7275,-421233.3750,  -1034.1746,    557.5941,  26405.7578,
       1,     170,      67,       9,       1,       3,       1,     10.0000,      1.4115,     42.7706,    251.5482,     63.3049,      3.4953,      0.0629,      0.0307,      5.3196,      0.1454,      5.6503,     11.3007,      1.2849,     29.2905,     58.5809,      0.0195,      0.0009,      0.0690,      0.2071,   7921.7275,-421699.8438,  -1034.3054,    557.5615,  26405.7578,
       1,     170,      67,      10,       1,       3,       1,     10.0000,      1.4115,     42.7706,    251.5482,     63.3049,      3.4953,      0.1571,      0.1243,     18.2215,      0.1605,      5.6503,     11.3007,      1.4180,     29.2905,     58.5809,      0.0195,      0.0011,      0.2020,      0.2071,   7921.7275,-426759.7812,  -1035.7441,    557.2089,  26405.7578,
       1,     170,      67,      11,       1,       3,       1,     10.0000,      1.4115,     42.7706,    251.5482,     63.3049,      3.4953,      0.1910,      0.1577,     24.5065,      0.1761,      5.6503,     11.3007,      1.5562,     29.2905,     58.5809,      0.0195,      0.0012,      0.2500,      0.2071,   7921.7275,-443016.5625,  -1040.3711,    556.0766,  26405.7578,
       1,     170,      67,      12,       1,       3,       1,     10.0000,      1.4115,     42.7706,    251.5482,     63.3049,      3.4953,      0.1912,      0.1575,     28.4805,      0.1907,      5.6503,     11.3007,      1.6851,     29.2905,     58.5809,      0.0195,      0.0014,      0.2500,      0.2071,   7921.7275,-452118.6875,  -1042.9677,    555.4451,  26405.7578,
       1,     170,      67,      13,       1,       3,       1,     10.0000,      1.4115,     42.7706,    251.5482,     63.3049,      3.4953,      0.1913,      0.1572,     31.2874,      0.2046,      5.6503,     11.3007,      1.8077,     29.2905,     58.5809,      0.0195,      0.0015,      0.2500,      0.2071,   7921.7275,-457771.1250,  -1044.5867,    555.0530,  26405.7578,
       1,     170,      67,      14,       1,       3,       1,     10.0000,      1.4115,     42.7706,    251.5482,     63.3049,      3.4953,      0.1918,      0.1577,     37.2691,      0.2028,      5.6503,     11.3007,      1.7917,     29.2905,     58.5809,      0.0195,      0.0018,      0.2500,      0.2071,   7921.7275,-461697.2812,  -1045.9974,    554.7808,  26405.7578,
       1,     170,      67,      15,       1,       3,       1,     10.0000,      1.4115,     42.7706,    251.5482,     63.3049,      3.4953,      0.1934,      0.1593,     57.5405,      0.2024,      5.6503,     11.3007,      1.7882,     29.2905,     58.5809,      0.0195,      0.0028,      0.2500,      0.2071,   7921.7275,-469372.4688,  -1048.2070,    554.2486,  26405.7539,
       1,     170,      67,      16,       1,       3,       1,     10.0000,      1.4115,     42.7706,    251.5482,     63.3049,      3.4953,      0.1948,      0.1607,     75.1267,      0.2010,      5.6503,     11.3007,      1.7759,     29.2905,     58.5809,      0.0195,      0.0036,      0.2500,      0.2071,   7921.7266,-494906.1875,  -1055.5170,    552.4799,  26405.7520,
       1,     170,      67,      17,       1,       3,       1,     10.0000,      1.4115,     42.7706,    251.5482,     63.3049,      3.4953,      0.1959,      0.1620,     87.8355,      0.1932,      5.6503,     11.3007,      1.7070,     29.2905,     58.5809,      0.0195,      0.0043,      0.2500,      0.2071,   7921.7261,-518681.8125,  -1062.4111,    550.8406,  26405.7539,
       1,     170,      67,      18,       1,       3,       1,     10.0000,      1.4115,     42.7706,    251.5482,     63.3049,      3.4953,      0.1687,      0.1352,     82.4618,      0.1813,      5.6503,     11.3007,      1.6019,     29.2905,     58.5809,      0.0195,      0.0047,      0.2114,      0.2070,   7921.7266,-536319.0625,  -1067.6693,    549.6287,  26405.7520,
       1,     170,      67,      19,       1,       3,       1,     10.0000,      1.4115,     42.7706,    251.5482,     63.3049,      3.4953,      0.1065,      0.0734,     48.7995,      0.1701,      5.6503,     11.3007,      1.5028,     29.2905,     58.5809,      0.0195,      0.0047,      0.1259,      0.2070,   7921.7261,-531219.6875,  -1066.5367,    549.9803,  26405.7520,
       1,     170,      67,      20,       1,       3,       1,     10.0000,      1.4115,     42.7706,    251.5482,     63.3049,      3.4953,      0.0191,     -0.0137,      2.2875,      0.1616,      5.6503,     11.3007,      1.4280,     29.2905,     58.5809,      0.0195,      0.0045,      0.0062,      0.2070,   7921.7261,-489432.0938,  -1054.9028,    552.8533,  26405.7500,
       1,     170,      67,      21,       1,       3,       1,     10.0000,      1.4115,     42.7706,    251.5482,     63.3049,      3.4953,      0.0000,     -0.0326,      5.8221,      0.1568,      5.6503,     11.3007,      1.3857,     29.2905,     58.5809,      0.0195,      0.0045,      0.0156,      0.2071,   7921.7251,-428799.4688,  -1037.6852,    557.0509,  26405.7520,
       1,     170,      67,      22,       1,       3,       1,     10.0000,      1.4115,     42.7706,    251.5482,     63.3049,      3.4953,      0.0000,     -0.0326,      5.6283,      0.1554,      5.6503,     11.3007,      1.3732,     29.2905,     58.5809,      0.0195,      0.0044,      0.0156,      0.2071,   7921.7261,-428003.3750,  -1037.4495,    557.1223,  26405.7520,
       1,     170,      67,      23,       1,       3,       1,     10.0000,      1.4115,     42.7706,    251.5482,     63.3049,      3.4953,      0.0000,     -0.0326,      5.0672,      0.1557,      5.6503,     11.3007,      1.3760,     29.2905,     58.5809,      0.0195,      0.0039,      0.0156,      0.2071,   7921.7261,-427678.0625,  -1037.3483,    557.1450,  26405.7520,
       1,     170,      67,      24,       1,       3,       1,     10.0000,      1.4115,     42.7706,    251.5482,     63.3049,      3.4953,      0.0000,     -0.0326,      4.2202,      0.1556,      5.6503,     11.3007,      1.3746,     29.2905,     58.5809,      0.0195,      0.0033,      0.0156,      0.2071,   7921.7261,-426962.0000,  -1037.1365,    557.1949,  26405.7500,
       1,     170,      68,       1,       1,       3,       1,     10.0000,      1.4115,     42.7710,    251.5542,     63.3064,      3.4953,      0.0000,     -0.0326,      3.5931,      0.1542,      5.6495,     11.2991,      1.3622,     29.2963,     58.5926,      0.0195,      0.0028,      0.0156,      0.2072,   7921.7251,-426016.9375,  -1037.2716,    557.2737,  26406.9316,
       1,     170,      68,       2,       1,       3,       1,     10.0000,      1.4115,     42.7710,    251.5542,     63.3064,      3.4953,      0.0000,     -0.0322,      2.8715,      0.1456,      5.6495,     11.2991,      1.2862,     29.2963,     58.5926,      0.0195,      0.0022,      0.0156,      0.2072,   7922.0796,-425014.8125,  -1036.8527,    557.3436,  26406.9316,
       1,     170,      68,       3,       1,       3,       1,     10.0000,      1.4115,     42.7710,    251.5542,     63.3064,      3.4953,      0.0000,     -0.0323,      2.6308,      0.1467,      5.6495,     11.2991,      1.2966,     29.2963,     58.5926,      0.0195,      0.0020,      0.0156,      0.2072,   7922.0796,-424044.2188,  -1037.2207,    557.4112,  26406.9316,
       1,     170,      68,       4,       1,       3,       1,     10.0000,      1.4115,     42.7710,    251.5542,     63.3064,      3.4953,      0.0000,     -0.0324,      2.6163,      0.1505,      5.6495,     11.2991,      1.3297,     29.2963,     58.5926,      0.0195,      0.0020,      0.0156,      0.2072,   7922.0796,-423666.2500,  -1037.1052,    557.4376,  26406.9316,
       1,     170,      68,       5,       1,       3,       1,     10.0000,      1.4115,     42.7710,    251.5542,     63.3064,      3.4953,      0.0000,     -0.0324,      2.5002,      0.1506,      5.6495,     11.2991,      1.3311,     29.2963,     58.5926,      0.0195,      0.0019,      0.0156,      0.2072,   7922.0796,-423616.0625,  -1037.0833,    557.4410,  26406.9316,
       1,     170,      68,       6,       1,       3,       1,     10.0000,      1.4115,     42.7710,    251.5542,     63.3064,      3.4953,      0.0000,     -0.0325,      2.3208,      0.1525,      5.6495,     11.2991,      1.3472,     29.2963,     58.5926,      0.0195,      0.0018,      0.0156,      0.2072,   7922.0796,-423469.4688,  -1037.0342,    557.4512,  26406.9316,
       1,     170,      68,       7,       1,       3,       1,     10.0000,      1.4115,     42.7710,    251.5542,     63.3064,      3.4953,      0.0000,     -0.0325,      1.4589,      0.1531,      5.6495,     11.2991,      1.3527,     29.2963,     58.5926,      0.0195,      0.0011,      0.0156,      0.2072,   7922.0796,-423236.9688,  -1036.9614,    557.4674,  26406.9316,
       1,     170,      68,       8,       1,       3,       1,     10.0000,      1.4115,     42.7710,    251.5542,     63.3064,      3.4953,      0.0015,     -0.0311,      1.7523,      0.1532,      5.6495,     11.2991,      1.3540,     29.2963,     58.5926,      0.0195,      0.0014,      0.0156,      0.2072,   7922.0796,-422160.1875,  -1036.6512,    557.5425,  26406.9316,
       1,     170,      68,       9,       1,       3,       1,     10.0000,      1.4115,     42.7710,    251.5542,     63.3064,      3.4953,      0.0339,      0.0014,      3.7480,      0.1534,      5.6495,     11.2991,      1.3554,     29.2963,     58.5926,      0.0195,      0.0017,      0.0274,      0.2072,   7922.0796,-422427.8750,  -1036.7229,    557.5238,  26406.9316,
       1,     170,      68,      10,       1,       3,       1,     10.0000,      1.4115,     42.7710,    251.5542,     63.3064,      3.4953,      0.1552,      0.1224,     28.3806,      0.1632,      5.6495,     11.2991,      1.4425,     29.2963,     58.5926,      0.0195,      0.0017,      0.1982,      0.2072,   7922.0796,-424898.0938,  -1037.4216,    557.3517,  26406.9316,
       1,     170,      68,      11,       1,       3,       1,     10.0000,      1.4115,     42.7710,    251.5542,     63.3064,      3.4953,      0.1903,      0.1569,     39.5157,      0.1768,      5.6495,     11.2991,      1.5625,     29.2963,     58.5926,      0.0195,      0.0019,      0.2472,      0.2072,   7922.0796,-455316.4375,  -1046.1063,    555.2325,  26406.9316,
       1,     170,      68,      12,       1,       3,       1,     10.0000,      1.4115,     42.7710,    251.5542,     63.3064,      3.4953,      0.1900,      0.1564,     38.6935,      0.1864,      5.6495,     11.2991,      1.6471,     29.2963,     58.5926,      0.0195,      0.0019,      0.2471,      0.2071,   7922.0796,-471586.5625,  -1050.7676,    554.1074,  26406.9316,
       1,     170,      68,      13,       1,       3,       1,     10.0000,      1.4115,     42.7710,    251.5542,     63.3064,      3.4953,      0.1757,      0.1421,     34.1873,      0.1875,      5.6495,     11.2991,      1.6570,     29.2963,     58.5926,      0.0195,      0.0018,      0.2270,      0.2071,   7922.0796,-471963.4375,  -1050.9202,    554.0823,  26406.9316,
       1,     170,      68,      14,       1,       3,       1,     10.0000,      1.4115,     42.7710,    251.5542,     63.3064,      3.4953,      0.1838,      0.1501,     36.8518,      0.1881,      5.6495,     11.2991,      1.6619,     29.2963,     58.5926,      0.0195,      0.0019,      0.2383,      0.2071,   7922.0796,-466464.4062,  -1049.3994,    554.4632,  26406.9297,
       1,     170,      68,      15,       1,       3,       1,     10.0000,      1.4115,     42.7710,    251.5542,     63.3064,      3.4953,      0.1931,      0.1594,     52.5216,      0.1898,      5.6495,     11.2991,      1.6768,     29.2963,     58.5926,      0.0195,      0.0025,      0.2500,      0.2071,   7922.0791,-469265.6562,  -1050.2390,    554.2692,  26406.9297,
       1,     170,      68,      16,       1,       3,       1,     10.0000,      1.4115,     42.7710,    251.5542,     63.3064,      3.4953,      0.1941,      0.1601,     65.0066,      0.1974,      5.6495,     11.2991,      1.7446,     29.2963,     58.5926,      0.0195,      0.0032,      0.2500,      0.2071,   7922.0791,-488732.9062,  -1056.1935,    552.9205,  26406.9277,
       1,     170,      68,      17,       1,       3,       1,     10.0000,      1.4115,     42.7710,    251.5542,     63.3064,      3.4953,      0.1951,      0.1613,     78.1975,      0.1936,      5.6495,     11.2991,      1.7104,     29.2963,     58.5926,      0.0195,      0.0038,      0.2500,      0.2071,   7922.0786,-505722.0938,  -1061.1367,    551.7479,  26406.9258,
       1,     170,      68,      18,       1,       3,       1,     10.0000,      1.4115,     42.7710,    251.5542,     63.3064,      3.4953,      0.1524,      0.1190,     64.7614,      0.1793,      5.6495,     11.2991,      1.5845,     29.2963,     58.5926,      0.0195,      0.0041,      0.1899,      0.2071,   7922.0781,-523366.4375,  -1066.3508,    550.5322,  26406.9277,
       1,     170,      68,      19,       1,       3,       1,     10.0000,      1.4115,     42.7710,    251.5542,     63.3064,      3.4953,      0.0642,      0.0311,     21.5901,      0.1679,      5.6495,     11.2991,      1.4835,     29.2963,     58.5926,      0.0195,      0.0038,      0.0683,      0.2071,   7922.0786,-508369.3750,  -1062.3130,    551.5656,  26406.9238,
       1,     170,      68,      20,       1,       3,       1,     10.0000,      1.4115,     42.7710,    251.5542,     63.3064,      3.4953,      0.0158,     -0.0170,      0.4829,      0.1627,      5.6495,     11.2991,      1.4381,     29.2963,     58.5926,      0.0195,      0.0038,      0.0016,      0.2071,   7922.0776,-454087.1250,  -1046.9501,    555.3091,  26406.9238,
       1,     170,      68,      21,       1,       3,       1,     10.0000,      1.4115,     42.7710,    251.5542,     63.3064,      3.4953,      0.0000,     -0.0327,      5.3530,      0.1589,      5.6495,     11.2991,      1.4039,     29.2963,     58.5926,      0.0195,      0.0042,      0.0156,      0.2071,   7922.0776,-423606.2188,  -1038.2246,    557.4376,  26406.9238,
       1,     170,      68,      22,       1,       3,       1,     10.0000,      1.4115,     42.7710,    251.5542,     63.3064,      3.4953,      0.0000,     -0.0327,      5.2577,      0.1570,      5.6495,     11.2991,      1.3871,     29.2963,     58.5926,      0.0195,      0.0041,      0.0156,      0.2072,   7922.0776,-426972.9062,  -1039.1707,    557.2072,  26406.9238,
       1,     170,      68,      23,       1,       3,       1,     10.0000,      1.4115,     42.7710,    251.5542,     63.3064,      3.4953,      0.0000,     -0.0325,      4.3507,      0.1538,      5.6495,     11.2991,      1.3595,     29.2963,     58.5926,      0.0195,      0.0034,      0.0156,      0.2072,   7922.0776,-427138.7812,  -1039.2021,    557.1956,  26406.9238,
       1,     170,      68,      24,       1,       3,       1,     10.0000,      1.4115,     42.7710,    251.5542,     63.3064,      3.4953,      0.0000,     -0.0325,      3.6538,      0.1525,      5.6495,     11.2991,      1.3472,     29.2963,     58.5926,      0.0195,      0.0028,      0.0156,      0.2072,   7922.0776,-426040.6250,  -1038.8756,    557.2721,  26406.9238,
       1,     170,      69,       1,       1,       3,       1,     10.0000,      1.4116,     42.7713,    251.5601,     63.3079,      3.4953,      0.0000,     -0.0325,      3.1676,      0.1526,      5.6498,     11.2996,      1.3486,     29.2991,     58.5982,      0.0195,      0.0025,      0.0156,      0.2072,   7922.0776,-425247.4375,  -1039.0509,    557.3405,  26408.1074,
       1,     170,      69,       2,       1,       3,       1,     10.0000,      1.4116,     42.7713,    251.5601,     63.3079,      3.4953,      0.0000,     -0.0324,      2.7556,      0.1505,      5.6498,     11.2996,      1.3297,     29.2991,     58.5982,      0.0195,      0.0021,      0.0156,      0.2072,   7922.4326,-424430.7812,  -1038.3979,    557.3973,  26408.1074,
       1,     170,      69,       3,       1,       3,       1,     10.0000,      1.4116,     42.7713,    251.5601,     63.3079,      3.4953,      0.0000,     -0.0323,      2.4987,      0.1472,      5.6498,     11.2996,      1.3006,     29.2991,     58.5982,      0.0195,      0.0019,      0.0156,      0.2072,   7922.4326,-423855.9062,  -1038.2263,    557.4374,  26408.1074,
       1,     170,      69,       4,       1,       3,       1,     10.0000,      1.4116,     42.7713,    251.5601,     63.3079,      3.4953,      0.0000,     -0.0324,      2.5679,      0.1488,      5.6498,     11.2996,      1.3151,     29.2991,     58.5982,      0.0195,      0.0020,      0.0156,      0.2072,   7922.4326,-423491.9062,  -1038.1157,    557.4628,  26408.1074,
       1,     170,      69,       5,       1,       3,       1,     10.0000,      1.4116,     42.7713,    251.5601,     63.3079,      3.4953,      0.0000,     -0.0323,      2.3969,      0.1478,      5.6498,     11.2996,      1.3058,     29.2991,     58.5982,      0.0195,      0.0019,      0.0156,      0.2072,   7922.4326,-423545.4062,  -1038.1244,    557.4590,  26408.1074,
       1,     170,      69,       6,       1,       3,       1,     10.0000,      1.4116,     42.7713,    251.5601,     63.3079,      3.4953,      0.0000,     -0.0323,      2.0814,      0.1475,      5.6498,     11.2996,      1.3032,     29.2991,     58.5982,      0.0195,      0.0016,      0.0156,      0.2072,   7922.4326,-423340.4062,  -1038.0598,    557.4734,  26408.1074,
       1,     170,      69,       7,       1,       3,       1,     10.0000,      1.4116,     42.7713,    251.5601,     63.3079,      3.4953,      0.0000,     -0.0323,      1.8565,      0.1472,      5.6498,     11.2996,      1.3006,     29.2991,     58.5982,      0.0195,      0.0014,      0.0156,      0.2072,   7922.4326,-422935.9375,  -1037.9387,    557.5015,  26408.1074,
       1,     170,      69,       8,       1,       3,       1,     10.0000,      1.4116,     42.7713,    251.5601,     63.3079,      3.4953,      0.0026,     -0.0297,      1.7129,      0.1484,      5.6498,     11.2996,      1.3111,     29.2991,     58.5982,      0.0195,      0.0013,      0.0156,      0.2072,   7922.4326,-422625.7188,  -1037.8459,    557.5232,  26408.1074,
       1,     170,      69,       9,       1,       3,       1,     10.0000,      1.4116,     42.7713,    251.5601,     63.3079,      3.4953,      0.1132,      0.0805,     16.6420,      0.1584,      5.6498,     11.2996,      1.3997,     29.2991,     58.5982,      0.0195,      0.0014,      0.1394,      0.2072,   7922.4326,-422423.0938,  -1037.7841,    557.5373,  26408.1074,
       1,     170,      69,      10,       1,       3,       1,     10.0000,      1.4116,     42.7713,    251.5601,     63.3079,      3.4953,      0.1547,      0.1216,     24.5439,      0.1697,      5.6498,     11.2996,      1.4999,     29.2991,     58.5982,      0.0195,      0.0015,      0.1978,      0.2072,   7922.4326,-440710.6562,  -1043.0236,    556.2628,  26408.1074,
       1,     170,      69,      11,       1,       3,       1,     10.0000,      1.4116,     42.7713,    251.5601,     63.3079,      3.4953,      0.1917,      0.1581,     33.7243,      0.1862,      5.6498,     11.2996,      1.6455,     29.2991,     58.5982,      0.0195,      0.0016,      0.2500,      0.2072,   7922.4326,-451968.2812,  -1046.2566,    555.4814,  26408.1074,
       1,     170,      69,      12,       1,       3,       1,     10.0000,      1.4116,     42.7713,    251.5601,     63.3079,      3.4953,      0.1872,      0.1532,     37.4301,      0.1988,      5.6498,     11.2996,      1.7567,     29.2991,     58.5982,      0.0195,      0.0019,      0.2432,      0.2072,   7922.4326,-464189.8125,  -1049.7670,    554.6334,  26408.1074,
       1,     170,      69,      13,       1,       3,       1,     10.0000,      1.4116,     42.7713,    251.5601,     63.3079,      3.4953,      0.1861,      0.1521,     36.7290,      0.2004,      5.6498,     11.2996,      1.7707,     29.2991,     58.5982,      0.0195,      0.0018,      0.2418,      0.2072,   7922.4326,-469779.9062,  -1051.3979,    554.2465,  26408.1094,
       1,     170,      69,      14,       1,       3,       1,     10.0000,      1.4116,     42.7713,    251.5601,     63.3079,      3.4953,      0.1927,      0.1584,     48.0127,      0.2060,      5.6498,     11.2996,      1.8203,     29.2991,     58.5982,      0.0195,      0.0023,      0.2500,      0.2071,   7922.4331,-469395.5625,  -1051.3270,    554.2733,  26408.1055,
       1,     170,      69,      15,       1,       3,       1,     10.0000,      1.4116,     42.7713,    251.5601,     63.3079,      3.4953,      0.1939,      0.1595,     64.5899,      0.2122,      5.6498,     11.2996,      1.8750,     29.2991,     58.5982,      0.0195,      0.0031,      0.2500,      0.2071,   7922.4321,-483207.8125,  -1055.3270,    553.3163,  26408.1055,
       1,     170,      69,      16,       1,       3,       1,     10.0000,      1.4116,     42.7713,    251.5601,     63.3079,      3.4953,      0.1957,      0.1612,     87.3400,      0.2134,      5.6498,     11.2996,      1.8861,     29.2991,     58.5982,      0.0195,      0.0042,      0.2500,      0.2071,   7922.4321,-504731.1250,  -1061.5730,    551.8284,  26408.1055,
       1,     170,      69,      17,       1,       3,       1,     10.0000,      1.4116,     42.7713,    251.5601,     63.3079,      3.4953,      0.1967,      0.1626,    107.8221,      0.2006,      5.6498,     11.2996,      1.7725,     29.2991,     58.5982,      0.0195,      0.0052,      0.2490,      0.2071,   7922.4321,-534498.1875,  -1070.2867,    549.7772,  26408.1035,
       1,     170,      69,      18,       1,       3,       1,     10.0000,      1.4116,     42.7713,    251.5601,     63.3079,      3.4953,      0.1845,      0.1506,     98.6669,      0.1926,      5.6498,     11.2996,      1.7020,     29.2991,     58.5982,      0.0195,      0.0051,      0.2323,      0.2071,   7922.4312,-562197.6875,  -1078.5548,    547.8773,  26408.1035,
       1,     170,      69,      19,       1,       3,       1,     10.0000,      1.4116,     42.7713,    251.5601,     63.3079,      3.4953,      0.1312,      0.0978,     67.3414,      0.1779,      5.6498,     11.2996,      1.5719,     29.2991,     58.5982,      0.0195,      0.0051,      0.1591,      0.2070,   7922.4312,-553310.6250,  -1076.4417,    548.4893,  26408.0996,
       1,     170,      69,      20,       1,       3,       1,     10.0000,      1.4116,     42.7713,    251.5601,     63.3079,      3.4953,      0.0203,     -0.0125,      3.1585,      0.1594,      5.6498,     11.2996,      1.4082,     29.2991,     58.5982,      0.0195,      0.0049,      0.0077,      0.2070,   7922.4302,-514065.5625,  -1065.5496,    551.1804,  26408.1016,
       1,     170,      69,      21,       1,       3,       1,     10.0000,      1.4116,     42.7713,    251.5601,     63.3079,      3.4953,      0.0000,     -0.0324,      6.5610,      0.1511,      5.6498,     11.2996,      1.3351,     29.2991,     58.5982,      0.0195,      0.0051,      0.0156,      0.2071,   7922.4307,-431942.7500,  -1042.0881,    556.8450,  26408.0996,
       1,     170,      69,      22,       1,       3,       1,     10.0000,      1.4116,     42.7713,    251.5601,     63.3079,      3.4953,      0.0000,     -0.0324,      6.2000,      0.1496,      5.6498,     11.2996,      1.3217,     29.2991,     58.5982,      0.0195,      0.0048,      0.0156,      0.2072,   7922.4302,-429200.3750,  -1041.2887,    557.0651,  26408.0996,
       1,     170,      69,      23,       1,       3,       1,     10.0000,      1.4116,     42.7713,    251.5601,     63.3079,      3.4953,      0.0000,     -0.0324,      5.9433,      0.1484,      5.6498,     11.2996,      1.3111,     29.2991,     58.5982,      0.0195,      0.0046,      0.0156,      0.2072,   7922.4302,-428487.8125,  -1041.0719,    557.1148,  26408.0996,
       1,     170,      69,      24,       1,       3,       1,     10.0000,      1.4116,     42.7713,    251.5601,     63.3079,      3.4953,      0.0000,     -0.0323,      5.1604,      0.1466,      5.6498,     11.2996,      1.2953,     29.2991,     58.5982,      0.0195,      0.0040,      0.0156,      0.2072,   7922.4302,-428112.0312,  -1040.9529,    557.1409,  26408.0996,
       1,     170,      70,       1,       1,       3,       1,     10.0000,      1.4116,     42.7717,    251.5660,     63.3093,      3.4953,      0.0000,     -0.0322,      4.0065,      0.1437,      5.6495,     11.2991,      1.2695,     29.3068,     58.6137,      0.0195,      0.0031,      0.0156,      0.2072,   7922.4302,-427274.6875,  -1041.1161,    557.2123,  26409.2812,
       1,     170,      70,       2,       1,       3,       1,     10.0000,      1.4116,     42.7717,    251.5660,     63.3093,      3.4953,      0.0000,     -0.0322,      2.9492,      0.1435,      5.6495,     11.2991,      1.2682,     29.3068,     58.6137,      0.0195,      0.0023,      0.0156,      0.2072,   7922.7847,-425635.7812,  -1040.2245,    557.3265,  26409.2793,
       1,     170,      70,       3,       1,       3,       1,     10.0000,      1.4116,     42.7717,    251.5660,     63.3093,      3.4953,      0.0000,     -0.0322,      2.6794,      0.1438,      5.6495,     11.2991,      1.2707,     29.3068,     58.6137,      0.0195,      0.0021,      0.0156,      0.2072,   7922.7842,-424199.9062,  -1039.8077,    557.4266,  26409.2793,
       1,     170,      70,       4,       1,       3,       1,     10.0000,      1.4116,     42.7717,    251.5660,     63.3093,      3.4953,      0.0000,     -0.0321,      2.4269,      0.1418,      5.6495,     11.2991,      1.2529,     29.3068,     58.6137,      0.0195,      0.0019,      0.0156,      0.2072,   7922.7842,-423746.3125,  -1039.6731,    557.4582,  26409.2793,
       1,     170,      70,       5,       1,       3,       1,     10.0000,      1.4116,     42.7717,    251.5660,     63.3093,      3.4953,      0.0000,     -0.0321,      2.0756,      0.1408,      5.6495,     11.2991,      1.2441,     29.3068,     58.6137,      0.0195,      0.0016,      0.0156,      0.2072,   7922.7842,-423398.1250,  -1039.5692,    557.4825,  26409.2793,
       1,     170,      70,       6,       1,       3,       1,     10.0000,      1.4116,     42.7717,    251.5660,     63.3093,      3.4953,      0.0000,     -0.0321,      1.8918,      0.1426,      5.6495,     11.2991,      1.2605,     29.3068,     58.6137,      0.0195,      0.0015,      0.0156,      0.2072,   7922.7842,-422937.5312,  -1039.4337,    557.5146,  26409.2793,
       1,     170,      70,       7,       1,       3,       1,     10.0000,      1.4116,     42.7717,    251.5660,     63.3093,      3.4953,      0.0000,     -0.0321,      1.8167,      0.1415,      5.6495,     11.2991,      1.2504,     29.3068,     58.6137,      0.0195,      0.0014,      0.0156,      0.2072,   7922.7842,-422672.9062,  -1039.3552,    557.5330,  26409.2793,
       1,     170,      70,       8,       1,       3,       1,     10.0000,      1.4116,     42.7717,    251.5660,     63.3093,      3.4953,      0.0032,     -0.0288,      1.6959,      0.1406,      5.6495,     11.2991,      1.2428,     29.3068,     58.6137,      0.0195,      0.0013,      0.0156,      0.2072,   7922.7842,-422558.3750,  -1039.3197,    557.5410,  26409.2793,
       1,     170,      70,       9,       1,       3,       1,     10.0000,      1.4116,     42.7717,    251.5660,     63.3093,      3.4953,      0.0774,      0.0451,      9.2225,      0.1475,      5.6495,     11.2991,      1.3032,     29.3068,     58.6137,      0.0195,      0.0013,      0.0892,      0.2072,   7922.7842,-422400.2812,  -1039.2720,    557.5520,  26409.2793,
       1,     170,      70,      10,       1,       3,       1,     10.0000,      1.4116,     42.7717,    251.5660,     63.3093,      3.4953,      0.1198,      0.0872,     17.6291,      0.1559,      5.6495,     11.2991,      1.3774,     29.3068,     58.6137,      0.0195,      0.0014,      0.1486,      0.2072,   7922.7842,-431614.2812,  -1041.9272,    556.9098,  26409.2793,
       1,     170,      70,      11,       1,       3,       1,     10.0000,      1.4116,     42.7717,    251.5660,     63.3093,      3.4953,      0.1842,      0.1509,     30.9600,      0.1761,      5.6495,     11.2991,      1.5564,     29.3068,     58.6137,      0.0195,      0.0016,      0.2395,      0.2072,   7922.7842,-442710.2188,  -1045.1311,    556.1378,  26409.2793,
       1,     170,      70,      12,       1,       3,       1,     10.0000,      1.4116,     42.7717,    251.5660,     63.3093,      3.4953,      0.1918,      0.1580,     36.3797,      0.1922,      5.6495,     11.2991,      1.6986,     29.3068,     58.6137,      0.0195,      0.0018,      0.2500,      0.2072,   7922.7842,-460006.7188,  -1050.1235,    554.9359,  26409.2773,
       1,     170,      70,      13,       1,       3,       1,     10.0000,      1.4116,     42.7717,    251.5660,     63.3093,      3.4953,      0.1915,      0.1575,     32.4326,      0.1986,      5.6495,     11.2991,      1.7551,     29.3068,     58.6137,      0.0195,      0.0016,      0.2500,      0.2072,   7922.7837,-468133.6250,  -1052.4908,    554.3734,  26409.2812,
       1,     170,      70,      14,       1,       3,       1,     10.0000,      1.4116,     42.7717,    251.5660,     63.3093,      3.4953,      0.1918,      0.1574,     37.9741,      0.2134,      5.6495,     11.2991,      1.8861,     29.3068,     58.6137,      0.0195,      0.0018,      0.2500,      0.2072,   7922.7847,-463983.0000,  -1051.3213,    554.6614,  26409.2793,
       1,     170,      70,      15,       1,       3,       1,     10.0000,      1.4116,     42.7717,    251.5660,     63.3093,      3.4953,      0.1927,      0.1581,     48.7743,      0.2168,      5.6495,     11.2991,      1.9160,     29.3068,     58.6137,      0.0195,      0.0024,      0.2500,      0.2072,   7922.7842,-470427.2812,  -1053.2013,    554.2147,  26409.2812,
       1,     170,      70,      16,       1,       3,       1,     10.0000,      1.4116,     42.7717,    251.5660,     63.3093,      3.4953,      0.1950,      0.1606,     78.8617,      0.2132,      5.6495,     11.2991,      1.8843,     29.3068,     58.6137,      0.0195,      0.0038,      0.2500,      0.2072,   7922.7847,-484226.6875,  -1057.2178,    553.2588,  26409.2754,
       1,     170,      70,      17,       1,       3,       1,     10.0000,      1.4116,     42.7717,    251.5660,     63.3093,      3.4953,      0.1971,      0.1630,    104.3135,      0.2030,      5.6495,     11.2991,      1.7936,     29.3068,     58.6137,      0.0195,      0.0051,      0.2500,      0.2072,   7922.7827,-522325.6875,  -1068.3027,    550.6248,  26409.2773,
       1,     170,      70,      18,       1,       3,       1,     10.0000,      1.4116,     42.7717,    251.5660,     63.3093,      3.4953,      0.1825,      0.1486,     98.5121,      0.1941,      5.6495,     11.2991,      1.7156,     29.3068,     58.6137,      0.0195,      0.0052,      0.2295,      0.2071,   7922.7837,-556838.0625,  -1078.5305,    548.2557,  26409.2754,
       1,     170,      70,      19,       1,       3,       1,     10.0000,      1.4116,     42.7717,    251.5660,     63.3093,      3.4953,      0.1348,      0.1013,     80.3089,      0.1809,      5.6495,     11.2991,      1.5988,     29.3068,     58.6137,      0.0195,      0.0060,      0.1629,      0.2071,   7922.7827,-552655.8125,  -1077.7471,    548.5474,  26409.2754,
       1,     170,      70,      20,       1,       3,       1,     10.0000,      1.4116,     42.7717,    251.5660,     63.3093,      3.4953,      0.0220,     -0.0109,      4.9419,      0.1623,      5.6495,     11.2991,      1.4339,     29.3068,     58.6137,      0.0195,      0.0061,      0.0099,      0.2071,   7922.7827,-529932.3750,  -1071.5815,    550.1056,  26409.2734,
       1,     170,      70,      21,       1,       3,       1,     10.0000,      1.4116,     42.7717,    251.5660,     63.3093,      3.4953,      0.0000,     -0.0325,      7.4211,      0.1525,      5.6495,     11.2991,      1.3473,     29.3068,     58.6137,      0.0195,      0.0058,      0.0156,      0.2071,   7922.7822,-435457.3438,  -1044.4888,    556.6042,  26409.2715,
       1,     170,      70,      22,       1,       3,       1,     10.0000,      1.4116,     42.7717,    251.5660,     63.3093,      3.4953,      0.0000,     -0.0325,      6.8932,      0.1531,      5.6495,     11.2991,      1.3527,     29.3068,     58.6137,      0.0195,      0.0054,      0.0156,      0.2072,   7922.7817,-430569.4688,  -1043.0717,    556.9828,  26409.2715,
       1,     170,      70,      23,       1,       3,       1,     10.0000,      1.4116,     42.7717,    251.5660,     63.3093,      3.4953,      0.0000,     -0.0325,      6.5429,      0.1535,      5.6495,     11.2991,      1.3568,     29.3068,     58.6137,      0.0195,      0.0051,      0.0156,      0.2072,   7922.7817,-429457.8438,  -1042.7435,    557.0603,  26409.2715,
       1,     170,      70,      24,       1,       3,       1,     10.0000,      1.4116,     42.7717,    251.5660,     63.3093,      3.4953,      0.0000,     -0.0325,      5.7029,      0.1535,      5.6495,     11.2991,      1.3568,     29.3068,     58.6137,      0.0195,      0.0044,      0.0156,      0.2072,   7922.7817,-428933.3438,  -1042.5858,    557.0969,  26409.2715,
       1,     170,      71,       1,       1,       3,       1,     10.0000,      1.4116,     42.7720,    251.5719,     63.3108,      3.4953,      0.0000,     -0.0325,      4.0641,      0.1528,      5.6498,     11.2996,      1.3500,     29.3130,     58.6261,      0.0195,      0.0032,      0.0156,      0.2072,   7922.7817,-428013.3750,  -1042.7317,    557.1739,  26410.4570,
       1,     170,      71,       2,       1,       3,       1,     10.0000,      1.4116,     42.7720,    251.5719,     63.3108,      3.4953,      0.0000,     -0.0325,      2.8088,      0.1531,      5.6498,     11.2996,      1.3528,     29.3130,     58.6261,      0.0195,      0.0022,      0.0156,      0.2072,   7923.1372,-425773.0312,  -1041.6636,    557.3300,  26410.4570,
       1,     170,      71,       3,       1,       3,       1,     10.0000,      1.4116,     42.7720,    251.5719,     63.3108,      3.4953,      0.0000,     -0.0325,      2.3803,      0.1532,      5.6498,     11.2996,      1.3541,     29.3130,     58.6261,      0.0195,      0.0018,      0.0156,      0.2072,   7923.1372,-424042.7188,  -1041.1610,    557.4505,  26410.4570,
       1,     170,      71,       4,       1,       3,       1,     10.0000,      1.4116,     42.7720,    251.5719,     63.3108,      3.4953,      0.0000,     -0.0325,      2.2266,      0.1514,      5.6498,     11.2996,      1.3379,     29.3130,     58.6261,      0.0195,      0.0017,      0.0156,      0.2072,   7923.1372,-423369.7812,  -1040.9644,    557.4974,  26410.4570,
       1,     170,      71,       5,       1,       3,       1,     10.0000,      1.4116,     42.7720,    251.5719,     63.3108,      3.4953,      0.0000,     -0.0323,      2.0218,      0.1473,      5.6498,     11.2996,      1.3019,     29.3130,     58.6261,      0.0195,      0.0016,      0.0156,      0.2072,   7923.1372,-423123.8438,  -1040.8920,    557.5146,  26410.4570,
       1,     170,      71,       6,       1,       3,       1,     10.0000,      1.4116,     42.7720,    251.5719,     63.3108,      3.4953,      0.0000,     -0.0323,      2.1057,      0.1464,      5.6498,     11.2996,      1.2941,     29.3130,     58.6261,      0.0195,      0.0016,      0.0156,      0.2072,   7923.1372,-422851.7188,  -1040.8118,    557.5335,  26410.4570,
       1,     170,      71,       7,       1,       3,       1,     10.0000,      1.4116,     42.7720,    251.5719,     63.3108,      3.4953,      0.0000,     -0.0323,      2.2443,      0.1466,      5.6498,     11.2996,      1.2954,     29.3130,     58.6261,      0.0195,      0.0017,      0.0156,      0.2072,   7923.1372,-422931.3438,  -1040.8335,    557.5280,  26410.4570,
       1,     170,      71,       8,       1,       3,       1,     10.0000,      1.4116,     42.7720,    251.5719,     63.3108,      3.4953,      0.0024,     -0.0298,      1.8345,      0.1447,      5.6498,     11.2996,      1.2785,     29.3130,     58.6261,      0.0195,      0.0014,      0.0156,      0.2072,   7923.1372,-423108.0000,  -1040.8831,    557.5157,  26410.4551,
       1,     170,      71,       9,       1,       3,       1,     10.0000,      1.4116,     42.7720,    251.5719,     63.3108,      3.4953,      0.0399,      0.0076,      3.7315,      0.1472,      5.6498,     11.2996,      1.3006,     29.3130,     58.6261,      0.0195,      0.0012,      0.0363,      0.2072,   7923.1367,-422621.0938,  -1040.7422,    557.5496,  26410.4551,
       1,     170,      71,      10,       1,       3,       1,     10.0000,      1.4116,     42.7720,    251.5719,     63.3108,      3.4953,      0.1522,      0.1192,     17.4195,      0.1649,      5.6498,     11.2996,      1.4571,     29.3130,     58.6261,      0.0195,      0.0011,      0.1950,      0.2072,   7923.1367,-424904.8438,  -1041.4030,    557.3904,  26410.4551,
       1,     170,      71,      11,       1,       3,       1,     10.0000,      1.4116,     42.7720,    251.5719,     63.3108,      3.4953,      0.1763,      0.1429,     23.5507,      0.1786,      5.6498,     11.2996,      1.5783,     29.3130,     58.6261,      0.0195,      0.0012,      0.2290,      0.2072,   7923.1367,-441879.7812,  -1046.3250,    556.2078,  26410.4551,
       1,     170,      71,      12,       1,       3,       1,     10.0000,      1.4116,     42.7720,    251.5719,     63.3108,      3.4953,      0.1909,      0.1571,     24.8244,      0.1941,      5.6498,     11.2996,      1.7156,     29.3130,     58.6261,      0.0195,      0.0012,      0.2500,      0.2072,   7923.1367,-450850.7812,  -1048.9341,    555.5853,  26410.4551,
       1,     170,      71,      13,       1,       3,       1,     10.0000,      1.4116,     42.7720,    251.5719,     63.3108,      3.4953,      0.1910,      0.1565,     27.0568,      0.2139,      5.6498,     11.2996,      1.8899,     29.3130,     58.6261,      0.0195,      0.0013,      0.2500,      0.2072,   7923.1367,-453177.7188,  -1049.6161,    555.4241,  26410.4531,
       1,     170,      71,      14,       1,       3,       1,     10.0000,      1.4116,     42.7720,    251.5719,     63.3108,      3.4953,      0.1913,      0.1567,     31.9522,      0.2181,      5.6498,     11.2996,      1.9274,     29.3130,     58.6261,      0.0195,      0.0015,      0.2500,      0.2072,   7923.1362,-456113.7812,  -1050.4739,    555.2202,  26410.4531,
       1,     170,      71,      15,       1,       3,       1,     10.0000,      1.4116,     42.7720,    251.5719,     63.3108,      3.4953,      0.1929,      0.1584,     52.0411,      0.2147,      5.6498,     11.2996,      1.8973,     29.3130,     58.6261,      0.0195,      0.0025,      0.2500,      0.2072,   7923.1362,-462368.0938,  -1052.3011,    554.7863,  26410.4551,
       1,     170,      71,      16,       1,       3,       1,     10.0000,      1.4116,     42.7720,    251.5719,     63.3108,      3.4953,      0.1951,      0.1607,     79.0963,      0.2109,      5.6498,     11.2996,      1.8640,     29.3130,     58.6261,      0.0195,      0.0038,      0.2500,      0.2072,   7923.1367,-487541.5625,  -1059.6377,    553.0406,  26410.4531,
       1,     170,      71,      17,       1,       3,       1,     10.0000,      1.4116,     42.7720,    251.5719,     63.3108,      3.4953,      0.1951,      0.1608,    104.1358,      0.2089,      5.6498,     11.2996,      1.8457,     29.3130,     58.6261,      0.0195,      0.0051,      0.2472,      0.2072,   7923.1362,-522891.8750,  -1070.0016,    550.5997,  26410.4531,
       1,     170,      71,      18,       1,       3,       1,     10.0000,      1.4116,     42.7720,    251.5719,     63.3108,      3.4953,      0.1723,      0.1386,    111.5615,      0.1894,      5.6498,     11.2996,      1.6736,     29.3130,     58.6261,      0.0195,      0.0063,      0.2134,      0.2071,   7923.1362,-556655.3125,  -1080.0764,    548.2812,  26410.4531,
       1,     170,      71,      19,       1,       3,       1,     10.0000,      1.4116,     42.7720,    251.5719,     63.3108,      3.4953,      0.1411,      0.1077,     89.1509,      0.1800,      5.6498,     11.2996,      1.5909,     29.3130,     58.6261,      0.0195,      0.0063,      0.1710,      0.2071,   7923.1362,-568658.1875,  -1084.0012,    547.4636,  26410.4531,
       1,     170,      71,      20,       1,       3,       1,     10.0000,      1.4116,     42.7720,    251.5719,     63.3108,      3.4953,      0.0161,     -0.0168,      0.8674,      0.1628,      5.6498,     11.2996,      1.4382,     29.3130,     58.6261,      0.0195,      0.0057,      0.0018,      0.2071,   7923.1362,-542140.6250,  -1076.7798,    549.2788,  26410.4492,
       1,     170,      71,      21,       1,       3,       1,     10.0000,      1.4116,     42.7720,    251.5719,     63.3108,      3.4953,      0.0000,     -0.0326,      7.2100,      0.1553,      5.6498,     11.2996,      1.3719,     29.3130,     58.6261,      0.0195,      0.0056,      0.0156,      0.2071,   7923.1353,-431475.3438,  -1044.8854,    556.8801,  26410.4492,
       1,     170,      71,      22,       1,       3,       1,     10.0000,      1.4116,     42.7720,    251.5719,     63.3108,      3.4953,      0.0000,     -0.0325,      6.8396,      0.1523,      5.6498,     11.2996,      1.3460,     29.3130,     58.6261,      0.0195,      0.0053,      0.0156,      0.2072,   7923.1353,-429990.9062,  -1044.4525,    557.0363,  26410.4492,
       1,     170,      71,      23,       1,       3,       1,     10.0000,      1.4116,     42.7720,    251.5719,     63.3108,      3.4953,      0.0000,     -0.0324,      5.7076,      0.1502,      5.6498,     11.2996,      1.3271,     29.3130,     58.6261,      0.0195,      0.0044,      0.0156,      0.2072,   7923.1353,-429345.2188,  -1044.2618,    557.0812,  26410.4492,
       1,     170,      71,      24,       1,       3,       1,     10.0000,      1.4116,     42.7720,    251.5719,     63.3108,      3.4953,      0.0000,     -0.0324,      4.8505,      0.1497,      5.6498,     11.2996,      1.3231,     29.3130,     58.6261,      0.0195,      0.0038,      0.0156,      0.2072,   7923.1353,-427902.3750,  -1043.8398,    557.1816,  26410.4473,
       1,     170,      72,       1,       1,       3,       1,     10.0000,      1.4116,     42.7723,    251.5779,     63.3123,      3.4953,      0.0000,     -0.0324,      3.7380,      0.1493,      5.6500,     11.3000,      1.3192,     29.3185,     58.6369,      0.0195,      0.0029,      0.0156,      0.2073,   7923.1343,-426883.4375,  -1043.9608,    557.2657,  26411.6289,
       1,     170,      72,       2,       1,       3,       1,     10.0000,      1.4116,     42.7723,    251.5779,     63.3123,      3.4953,      0.0000,     -0.0323,      2.7979,      0.1476,      5.6500,     11.3000,      1.3046,     29.3185,     58.6369,      0.0195,      0.0022,      0.0156,      0.2073,   7923.4888,-425280.1250,  -1043.0757,    557.3774,  26411.6289,
       1,     170,      72,       3,       1,       3,       1,     10.0000,      1.4116,     42.7723,    251.5779,     63.3123,      3.4953,      0.0000,     -0.0323,      2.2467,      0.1456,      5.6500,     11.3000,      1.2863,     29.3185,     58.6369,      0.0195,      0.0017,      0.0156,      0.2073,   7923.4888,-423990.9375,  -1042.6997,    557.4673,  26411.6289,
       1,     170,      72,       4,       1,       3,       1,     10.0000,      1.4116,     42.7723,    251.5779,     63.3123,      3.4953,      0.0000,     -0.0323,      2.1991,      0.1463,      5.6500,     11.3000,      1.2928,     29.3185,     58.6369,      0.0195,      0.0017,      0.0156,      0.2073,   7923.4888,-423205.2500,  -1042.4708,    557.5220,  26411.6289,
       1,     170,      72,       5,       1,       3,       1,     10.0000,      1.4116,     42.7723,    251.5779,     63.3123,      3.4953,      0.0000,     -0.0322,      2.3718,      0.1438,      5.6500,     11.3000,      1.2708,     29.3185,     58.6369,      0.0195,      0.0018,      0.0156,      0.2073,   7923.4888,-423079.7500,  -1042.4338,    557.5308,  26411.6289,
       1,     170,      72,       6,       1,       3,       1,     10.0000,      1.4116,     42.7723,    251.5779,     63.3123,      3.4953,      0.0000,     -0.0322,      2.1503,      0.1428,      5.6500,     11.3000,      1.2618,     29.3185,     58.6369,      0.0195,      0.0017,      0.0156,      0.2073,   7923.4888,-423280.6875,  -1042.4917,    557.5168,  26411.6289,
       1,     170,      72,       7,       1,       3,       1,     10.0000,      1.4116,     42.7723,    251.5779,     63.3123,      3.4953,      0.0000,     -0.0322,      1.7437,      0.1432,      5.6500,     11.3000,      1.2657,     29.3185,     58.6369,      0.0195,      0.0014,      0.0156,      0.2073,   7923.4888,-423026.3438,  -1042.4170,    557.5345,  26411.6289,
       1,     170,      72,       8,       1,       3,       1,     10.0000,      1.4116,     42.7723,    251.5779,     63.3123,      3.4953,      0.0014,     -0.0308,      1.9720,      0.1448,      5.6500,     11.3000,      1.2798,     29.3185,     58.6369,      0.0195,      0.0015,      0.0156,      0.2073,   7923.4888,-422506.2500,  -1042.2655,    557.5707,  26411.6289,
       1,     170,      72,       9,       1,       3,       1,     10.0000,      1.4116,     42.7723,    251.5779,     63.3123,      3.4953,      0.0886,      0.0561,     13.2184,      0.1517,      5.6500,     11.3000,      1.3406,     29.3185,     58.6369,      0.0195,      0.0015,      0.1046,      0.2073,   7923.4888,-422741.6875,  -1042.3337,    557.5543,  26411.6289,
       1,     170,      72,      10,       1,       3,       1,     10.0000,      1.4116,     42.7723,    251.5779,     63.3123,      3.4953,      0.1646,      0.1316,     29.9558,      0.1674,      5.6500,     11.3000,      1.4792,     29.3185,     58.6369,      0.0195,      0.0017,      0.2114,      0.2073,   7923.4888,-436546.4062,  -1046.3615,    556.5922,  26411.6289,
       1,     170,      72,      11,       1,       3,       1,     10.0000,      1.4116,     42.7723,    251.5779,     63.3123,      3.4953,      0.1814,      0.1481,     33.4324,      0.1760,      5.6500,     11.3000,      1.5549,     29.3185,     58.6369,      0.0195,      0.0017,      0.2351,      0.2073,   7923.4888,-458246.6250,  -1052.7023,    555.0833,  26411.6270,
       1,     170,      72,      12,       1,       3,       1,     10.0000,      1.4116,     42.7723,    251.5779,     63.3123,      3.4953,      0.1895,      0.1562,     33.8330,      0.1760,      5.6500,     11.3000,      1.5549,     29.3185,     58.6369,      0.0195,      0.0017,      0.2468,      0.2072,   7923.4883,-464366.6875,  -1054.5227,    554.6608,  26411.6250,
       1,     170,      72,      13,       1,       3,       1,     10.0000,      1.4116,     42.7723,    251.5779,     63.3123,      3.4953,      0.1919,      0.1582,     36.2671,      0.1885,      5.6500,     11.3000,      1.6654,     29.3185,     58.6369,      0.0195,      0.0018,      0.2500,      0.2072,   7923.4878,-465377.7500,  -1054.8651,    554.5908,  26411.6270,
       1,     170,      72,      14,       1,       3,       1,     10.0000,      1.4116,     42.7723,    251.5779,     63.3123,      3.4953,      0.1930,      0.1589,     52.0781,      0.2012,      5.6500,     11.3000,      1.7778,     29.3185,     58.6369,      0.0195,      0.0025,      0.2500,      0.2072,   7923.4883,-468448.9375,  -1055.8058,    554.3779,  26411.6250,
       1,     170,      72,      15,       1,       3,       1,     10.0000,      1.4116,     42.7723,    251.5779,     63.3123,      3.4953,      0.1949,      0.1607,     76.0034,      0.2048,      5.6500,     11.3000,      1.8097,     29.3185,     58.6369,      0.0195,      0.0037,      0.2500,      0.2072,   7923.4878,-488103.1875,  -1061.5944,    553.0159,  26411.6270,
       1,     170,      72,      16,       1,       3,       1,     10.0000,      1.4116,     42.7723,    251.5779,     63.3123,      3.4953,      0.1966,      0.1624,     98.2197,      0.2048,      5.6500,     11.3000,      1.8097,     29.3185,     58.6369,      0.0195,      0.0048,      0.2500,      0.2072,   7923.4883,-519135.9062,  -1070.7633,    550.8725,  26411.6270,
       1,     170,      72,      17,       1,       3,       1,     10.0000,      1.4116,     42.7723,    251.5779,     63.3123,      3.4953,      0.1839,      0.1499,     91.8757,      0.2010,      5.6500,     11.3000,      1.7761,     29.3185,     58.6369,      0.0195,      0.0048,      0.2324,      0.2072,   7923.4883,-549057.8125,  -1079.7593,    548.8162,  26411.6230,
       1,     170,      72,      18,       1,       3,       1,     10.0000,      1.4116,     42.7723,    251.5779,     63.3123,      3.4953,      0.1492,      0.1156,     72.4557,      0.1835,      5.6500,     11.3000,      1.6213,     29.3185,     58.6369,      0.0195,      0.0048,      0.1844,      0.2071,   7923.4873,-543819.8750,  -1078.6290,    549.1793,  26411.6230,
       1,     170,      72,      19,       1,       3,       1,     10.0000,      1.4116,     42.7723,    251.5779,     63.3123,      3.4953,      0.1290,      0.0958,     70.3007,      0.1749,      5.6500,     11.3000,      1.5456,     29.3185,     58.6369,      0.0195,      0.0055,      0.1557,      0.2071,   7923.4873,-519522.8438,  -1071.9000,    550.8474,  26411.6230,
       1,     170,      72,      20,       1,       3,       1,     10.0000,      1.4116,     42.7723,    251.5779,     63.3123,      3.4953,      0.0181,     -0.0147,      2.1985,      0.1629,      5.6500,     11.3000,      1.4397,     29.3185,     58.6369,      0.0195,      0.0057,      0.0046,      0.2072,   7923.4873,-514819.2188,  -1070.7880,    551.1738,  26411.6211,
       1,     170,      72,      21,       1,       3,       1,     10.0000,      1.4116,     42.7723,    251.5779,     63.3123,      3.4953,      0.0000,     -0.0325,      7.3848,      0.1528,      5.6500,     11.3000,      1.3501,     29.3185,     58.6369,      0.0195,      0.0057,      0.0156,      0.2072,   7923.4868,-430828.3438,  -1046.3956,    556.9606,  26411.6211,
       1,     170,      72,      22,       1,       3,       1,     10.0000,      1.4116,     42.7723,    251.5779,     63.3123,      3.4953,      0.0000,     -0.0325,      7.1196,      0.1516,      5.6500,     11.3000,      1.3392,     29.3185,     58.6369,      0.0195,      0.0055,      0.0156,      0.2073,   7923.4868,-430125.4375,  -1046.1908,    557.0400,  26411.6211,
       1,     170,      72,      23,       1,       3,       1,     10.0000,      1.4116,     42.7723,    251.5779,     63.3123,      3.4953,      0.0000,     -0.0325,      5.3106,      0.1511,      5.6500,     11.3000,      1.3352,     29.3185,     58.6369,      0.0195,      0.0041,      0.0156,      0.2073,   7923.4868,-429703.0000,  -1046.0671,    557.0695,  26411.6191,
       1,     170,      72,      24,       1,       3,       1,     10.0000,      1.4116,     42.7723,    251.5779,     63.3123,      3.4953,      0.0000,     -0.0324,      5.5205,      0.1502,      5.6500,     11.3000,      1.3272,     29.3185,     58.6369,      0.0195,      0.0043,      0.0156,      0.2073,   7923.4858,-427449.6875,  -1045.4091,    557.2263,  26411.6191,
       1,     170,      73,       1,       1,       3,       1,     10.0000,      1.4117,     42.7727,    251.5838,     63.3138,      3.4953,      0.0000,     -0.0324,      4.7661,      0.1490,      5.6503,     11.3006,      1.3165,     29.3246,     58.6492,      0.0195,      0.0037,      0.0156,      0.2073,   7923.4858,-427669.7188,  -1045.8945,    557.2242,  26412.8047,
       1,     170,      73,       2,       1,       3,       1,     10.0000,      1.4117,     42.7727,    251.5838,     63.3138,      3.4953,      0.0000,     -0.0324,      3.2455,      0.1484,      5.6503,     11.3006,      1.3112,     29.3246,     58.6492,      0.0195,      0.0025,      0.0156,      0.2073,   7923.8418,-426610.8750,  -1045.1635,    557.2979,  26412.8047,
       1,     170,      73,       3,       1,       3,       1,     10.0000,      1.4117,     42.7727,    251.5838,     63.3138,      3.4953,      0.0000,     -0.0323,      2.7926,      0.1462,      5.6503,     11.3006,      1.2915,     29.3246,     58.6492,      0.0195,      0.0022,      0.0156,      0.2073,   7923.8418,-424656.7500,  -1044.5920,    557.4340,  26412.8047,
       1,     170,      73,       4,       1,       3,       1,     10.0000,      1.4117,     42.7727,    251.5838,     63.3138,      3.4953,      0.0000,     -0.0322,      2.6564,      0.1451,      5.6503,     11.3006,      1.2824,     29.3246,     58.6492,      0.0195,      0.0021,      0.0156,      0.2073,   7923.8418,-423934.9062,  -1044.3810,    557.4844,  26412.8047,
       1,     170,      73,       5,       1,       3,       1,     10.0000,      1.4117,     42.7727,    251.5838,     63.3138,      3.4953,      0.0000,     -0.0322,      2.5350,      0.1448,      5.6503,     11.3006,      1.2799,     29.3246,     58.6492,      0.0195,      0.0020,      0.0156,      0.2073,   7923.8418,-423706.1562,  -1044.3141,    557.5003,  26412.8047,
       1,     170,      73,       6,       1,       3,       1,     10.0000,      1.4117,     42.7727,    251.5838,     63.3138,      3.4953,      0.0000,     -0.0323,      2.2393,      0.1459,      5.6503,     11.3006,      1.2889,     29.3246,     58.6492,      0.0195,      0.0017,      0.0156,      0.2073,   7923.8418,-423537.9375,  -1044.2651,    557.5120,  26412.8047,
       1,     170,      73,       7,       1,       3,       1,     10.0000,      1.4117,     42.7727,    251.5838,     63.3138,      3.4953,      0.0000,     -0.0322,      2.2541,      0.1435,      5.6503,     11.3006,      1.2683,     29.3246,     58.6492,      0.0195,      0.0018,      0.0156,      0.2073,   7923.8418,-423161.3125,  -1044.1550,    557.5383,  26412.8047,
       1,     170,      73,       8,       1,       3,       1,     10.0000,      1.4117,     42.7727,    251.5838,     63.3138,      3.4953,      0.0016,     -0.0306,      2.0921,      0.1417,      5.6503,     11.3006,      1.2517,     29.3246,     58.6492,      0.0195,      0.0016,      0.0156,      0.2073,   7923.8418,-423147.1562,  -1044.1511,    557.5392,  26412.8047,
       1,     170,      73,       9,       1,       3,       1,     10.0000,      1.4117,     42.7727,    251.5838,     63.3138,      3.4953,      0.0793,      0.0470,     12.8006,      0.1459,      5.6503,     11.3006,      1.2889,     29.3246,     58.6492,      0.0195,      0.0017,      0.0914,      0.2073,   7923.8418,-422947.4062,  -1044.0929,    557.5532,  26412.8047,
       1,     170,      73,      10,       1,       3,       1,     10.0000,      1.4117,     42.7727,    251.5838,     63.3138,      3.4953,      0.1465,      0.1137,     27.5342,      0.1607,      5.6503,     11.3006,      1.4197,     29.3246,     58.6492,      0.0195,      0.0018,      0.1857,      0.2073,   7923.8418,-436054.0000,  -1047.9390,    556.6397,  26412.8047,
       1,     170,      73,      11,       1,       3,       1,     10.0000,      1.4117,     42.7727,    251.5838,     63.3138,      3.4953,      0.1703,      0.1371,     36.7721,      0.1708,      5.6503,     11.3006,      1.5091,     29.3246,     58.6492,      0.0195,      0.0020,      0.2188,      0.2073,   7923.8418,-455235.5312,  -1053.5780,    555.3058,  26412.8047,
       1,     170,      73,      12,       1,       3,       1,     10.0000,      1.4117,     42.7727,    251.5838,     63.3138,      3.4953,      0.1922,      0.1584,     40.3588,      0.1900,      5.6503,     11.3006,      1.6787,     29.3246,     58.6492,      0.0195,      0.0020,      0.2500,      0.2073,   7923.8418,-468202.5938,  -1057.4130,    554.4073,  26412.8027,
       1,     170,      73,      13,       1,       3,       1,     10.0000,      1.4117,     42.7727,    251.5838,     63.3138,      3.4953,      0.1917,      0.1579,     34.4018,      0.1915,      5.6503,     11.3006,      1.6920,     29.3246,     58.6492,      0.0195,      0.0017,      0.2500,      0.2073,   7923.8413,-473707.0938,  -1059.0839,    554.0266,  26412.8047,
       1,     170,      73,      14,       1,       3,       1,     10.0000,      1.4117,     42.7727,    251.5838,     63.3138,      3.4953,      0.1922,      0.1584,     40.6095,      0.1917,      5.6503,     11.3006,      1.6937,     29.3246,     58.6492,      0.0195,      0.0020,      0.2500,      0.2073,   7923.8418,-466869.0000,  -1057.1436,    554.5002,  26412.8027,
       1,     170,      73,      15,       1,       3,       1,     10.0000,      1.4117,     42.7727,    251.5838,     63.3138,      3.4953,      0.1935,      0.1595,     57.3753,      0.1965,      5.6503,     11.3006,      1.7362,     29.3246,     58.6492,      0.0195,      0.0028,      0.2500,      0.2073,   7923.8413,-473900.1250,  -1059.2625,    554.0131,  26412.8027,
       1,     170,      73,      16,       1,       3,       1,     10.0000,      1.4117,     42.7727,    251.5838,     63.3138,      3.4953,      0.1949,      0.1609,     75.7131,      0.1996,      5.6503,     11.3006,      1.7639,     29.3246,     58.6492,      0.0195,      0.0037,      0.2500,      0.2072,   7923.8413,-495062.1250,  -1065.5443,    552.5478,  26412.8008,
       1,     170,      73,      17,       1,       3,       1,     10.0000,      1.4117,     42.7727,    251.5838,     63.3138,      3.4953,      0.1761,      0.1424,     87.3382,      0.1903,      5.6503,     11.3006,      1.6820,     29.3246,     58.6492,      0.0195,      0.0048,      0.2216,      0.2072,   7923.8403,-519368.1250,  -1072.8300,    550.8710,  26412.8008,
       1,     170,      73,      18,       1,       3,       1,     10.0000,      1.4117,     42.7727,    251.5838,     63.3138,      3.4953,      0.1722,      0.1385,     86.6127,      0.1887,      5.6503,     11.3006,      1.6670,     29.3246,     58.6492,      0.0195,      0.0049,      0.2160,      0.2072,   7923.8403,-535709.8750,  -1077.8961,    549.7484,  26412.7988,
       1,     170,      73,      19,       1,       3,       1,     10.0000,      1.4117,     42.7727,    251.5838,     63.3138,      3.4953,      0.1438,      0.1105,     73.4037,      0.1781,      5.6503,     11.3006,      1.5736,     29.3246,     58.6492,      0.0195,      0.0050,      0.1767,      0.2072,   7923.8398,-536209.5625,  -1078.3871,    549.7150,  26412.8008,
       1,     170,      73,      20,       1,       3,       1,     10.0000,      1.4117,     42.7727,    251.5838,     63.3138,      3.4953,      0.0194,     -0.0134,      2.5949,      0.1624,      5.6503,     11.3006,      1.4354,     29.3246,     58.6492,      0.0195,      0.0048,      0.0065,      0.2072,   7923.8403,-520034.5000,  -1073.9739,    550.8266,  26412.7969,
       1,     170,      73,      21,       1,       3,       1,     10.0000,      1.4117,     42.7727,    251.5838,     63.3138,      3.4953,      0.0000,     -0.0326,      6.4255,      0.1564,      5.6503,     11.3006,      1.3817,     29.3246,     58.6492,      0.0195,      0.0050,      0.0156,      0.2072,   7923.8394,-431755.4062,  -1048.2305,    556.9059,  26412.7969,
       1,     170,      73,      22,       1,       3,       1,     10.0000,      1.4117,     42.7727,    251.5838,     63.3138,      3.4953,      0.0000,     -0.0326,      5.9815,      0.1546,      5.6503,     11.3006,      1.3665,     29.3246,     58.6492,      0.0195,      0.0046,      0.0156,      0.2073,   7923.8394,-429035.7188,  -1047.4337,    557.1290,  26412.7949,
       1,     170,      73,      23,       1,       3,       1,     10.0000,      1.4117,     42.7727,    251.5838,     63.3138,      3.4953,      0.0000,     -0.0326,      4.9331,      0.1543,      5.6503,     11.3006,      1.3638,     29.3246,     58.6492,      0.0195,      0.0038,      0.0156,      0.2073,   7923.8389,-428218.4688,  -1047.1959,    557.1860,  26412.7949,
       1,     170,      73,      24,       1,       3,       1,     10.0000,      1.4117,     42.7727,    251.5838,     63.3138,      3.4953,      0.0000,     -0.0326,      4.2864,      0.1554,      5.6503,     11.3006,      1.3734,     29.3246,     58.6492,      0.0195,      0.0033,      0.0156,      0.2073,   7923.8389,-426863.5938,  -1046.7986,    557.2803,  26412.7949,
       1,     170,      74,       1,       1,       3,       1,     10.0000,      1.4117,     42.7730,    251.5898,     63.3153,      3.4953,      0.0000,     -0.0326,      3.6863,      0.1540,      5.6500,     11.3001,      1.3610,     29.3305,     58.6611,      0.0195,      0.0029,      0.0156,      0.2073,   7923.8389,-426110.1562,  -1047.0009,    557.3458,  26413.9785,
       1,     170,      74,       2,       1,       3,       1,     10.0000,      1.4117,     42.7730,    251.5898,     63.3153,      3.4953,      0.0000,     -0.0325,      3.0086,      0.1526,      5.6500,     11.3001,      1.3488,     29.3305,     58.6611,      0.0195,      0.0023,      0.0156,      0.2073,   7924.1938,-425157.8438,  -1046.2990,    557.4122,  26413.9785,
       1,     170,      74,       3,       1,       3,       1,     10.0000,      1.4117,     42.7730,    251.5898,     63.3153,      3.4953,      0.0000,     -0.0324,      2.7077,      0.1500,      5.6500,     11.3001,      1.3259,     29.3305,     58.6611,      0.0195,      0.0021,      0.0156,      0.2073,   7924.1938,-424246.0312,  -1046.0319,    557.4757,  26413.9785,
       1,     170,      74,       4,       1,       3,       1,     10.0000,      1.4117,     42.7730,    251.5898,     63.3153,      3.4953,      0.0000,     -0.0324,      2.5970,      0.1507,      5.6500,     11.3001,      1.3312,     29.3305,     58.6611,      0.0195,      0.0020,      0.0156,      0.2073,   7924.1938,-423799.4062,  -1045.9012,    557.5068,  26413.9785,
       1,     170,      74,       5,       1,       3,       1,     10.0000,      1.4117,     42.7730,    251.5898,     63.3153,      3.4953,      0.0000,     -0.0324,      2.6196,      0.1491,      5.6500,     11.3001,      1.3179,     29.3305,     58.6611,      0.0195,      0.0020,      0.0156,      0.2073,   7924.1938,-423625.6250,  -1045.8507,    557.5190,  26413.9785,
       1,     170,      74,       6,       1,       3,       1,     10.0000,      1.4117,     42.7730,    251.5898,     63.3153,      3.4953,      0.0000,     -0.0323,      2.5047,      0.1463,      5.6500,     11.3001,      1.2929,     29.3305,     58.6611,      0.0195,      0.0019,      0.0156,      0.2073,   7924.1938,-423638.3750,  -1045.8552,    557.5181,  26413.9785,
       1,     170,      74,       7,       1,       3,       1,     10.0000,      1.4117,     42.7730,    251.5898,     63.3153,      3.4953,      0.0000,     -0.0323,      2.5252,      0.1456,      5.6500,     11.3001,      1.2864,     29.3305,     58.6611,      0.0195,      0.0020,      0.0156,      0.2073,   7924.1938,-423498.8438,  -1045.8148,    557.5278,  26413.9785,
       1,     170,      74,       8,       1,       3,       1,     10.0000,      1.4117,     42.7730,    251.5898,     63.3153,      3.4953,      0.0038,     -0.0284,      2.3764,      0.1447,      5.6500,     11.3001,      1.2786,     29.3305,     58.6611,      0.0195,      0.0018,      0.0156,      0.2073,   7924.1938,-423511.9375,  -1045.8192,    557.5269,  26413.9785,
       1,     170,      74,       9,       1,       3,       1,     10.0000,      1.4117,     42.7730,    251.5898,     63.3153,      3.4953,      0.0724,      0.0401,     13.7854,      0.1487,      5.6500,     11.3001,      1.3139,     29.3305,     58.6611,      0.0195,      0.0020,      0.0815,      0.2073,   7924.1938,-423330.6875,  -1045.7667,    557.5395,  26413.9785,
       1,     170,      74,      10,       1,       3,       1,     10.0000,      1.4117,     42.7730,    251.5898,     63.3153,      3.4953,      0.1237,      0.0911,     26.5917,      0.1557,      5.6500,     11.3001,      1.3762,     29.3305,     58.6611,      0.0195,      0.0021,      0.1532,      0.2073,   7924.1938,-437295.8125,  -1049.8857,    556.5662,  26413.9785,
       1,     170,      74,      11,       1,       3,       1,     10.0000,      1.4117,     42.7730,    251.5898,     63.3153,      3.4953,      0.1896,      0.1564,     40.1205,      0.1723,      5.6500,     11.3001,      1.5227,     29.3305,     58.6611,      0.0195,      0.0020,      0.2461,      0.2073,   7924.1938,-454186.8438,  -1054.8796,    555.3920,  26413.9785,
       1,     170,      74,      12,       1,       3,       1,     10.0000,      1.4117,     42.7730,    251.5898,     63.3153,      3.4953,      0.1923,      0.1587,     41.1874,      0.1848,      5.6500,     11.3001,      1.6327,     29.3305,     58.6611,      0.0195,      0.0020,      0.2500,      0.2073,   7924.1938,-472215.9688,  -1060.2238,    554.1415,  26413.9766,
       1,     170,      74,      13,       1,       3,       1,     10.0000,      1.4117,     42.7730,    251.5898,     63.3153,      3.4953,      0.1925,      0.1585,     44.5179,      0.1971,      5.6500,     11.3001,      1.7414,     29.3305,     58.6611,      0.0195,      0.0022,      0.2500,      0.2073,   7924.1934,-475063.8438,  -1061.1304,    553.9457,  26413.9766,
       1,     170,      74,      14,       1,       3,       1,     10.0000,      1.4117,     42.7730,    251.5898,     63.3153,      3.4953,      0.1931,      0.1589,     52.8477,      0.2050,      5.6500,     11.3001,      1.8116,     29.3305,     58.6611,      0.0195,      0.0026,      0.2500,      0.2073,   7924.1934,-479389.2188,  -1062.4779,    553.6462,  26413.9785,
       1,     170,      74,      15,       1,       3,       1,     10.0000,      1.4117,     42.7730,    251.5898,     63.3153,      3.4953,      0.1939,      0.1596,     63.5942,      0.2072,      5.6500,     11.3001,      1.8314,     29.3305,     58.6611,      0.0195,      0.0031,      0.2500,      0.2073,   7924.1938,-489973.1250,  -1065.6812,    552.9138,  26413.9766,
       1,     170,      74,      16,       1,       3,       1,     10.0000,      1.4117,     42.7730,    251.5898,     63.3153,      3.4953,      0.1958,      0.1616,     87.9939,      0.2050,      5.6500,     11.3001,      1.8116,     29.3305,     58.6611,      0.0195,      0.0043,      0.2500,      0.2073,   7924.1934,-504057.9375,  -1069.9634,    551.9409,  26413.9727,
       1,     170,      74,      17,       1,       3,       1,     10.0000,      1.4117,     42.7730,    251.5898,     63.3153,      3.4953,      0.1969,      0.1630,    101.5589,      0.1967,      5.6500,     11.3001,      1.7379,     29.3305,     58.6611,      0.0195,      0.0049,      0.2500,      0.2072,   7924.1919,-535194.8750,  -1079.3500,    549.7935,  26413.9766,
       1,     170,      74,      18,       1,       3,       1,     10.0000,      1.4117,     42.7730,    251.5898,     63.3153,      3.4953,      0.1809,      0.1473,    109.8773,      0.1864,      5.6500,     11.3001,      1.6473,     29.3305,     58.6611,      0.0195,      0.0059,      0.2259,      0.2072,   7924.1934,-554506.4375,  -1085.3975,    548.4705,  26413.9746,
       1,     170,      74,      19,       1,       3,       1,     10.0000,      1.4117,     42.7730,    251.5898,     63.3153,      3.4953,      0.1360,      0.1028,     86.7044,      0.1734,      5.6500,     11.3001,      1.5319,     29.3305,     58.6611,      0.0195,      0.0064,      0.1639,      0.2072,   7924.1929,-566362.9375,  -1089.3478,    547.6592,  26413.9707,
       1,     170,      74,      20,       1,       3,       1,     10.0000,      1.4117,     42.7730,    251.5898,     63.3153,      3.4953,      0.0240,     -0.0087,      6.5092,      0.1599,      5.6500,     11.3001,      1.4126,     29.3305,     58.6611,      0.0195,      0.0062,      0.0127,      0.2072,   7924.1914,-538911.8125,  -1081.7238,    549.5391,  26413.9707,
       1,     170,      74,      21,       1,       3,       1,     10.0000,      1.4117,     42.7730,    251.5898,     63.3153,      3.4953,      0.0000,     -0.0325,      7.7122,      0.1514,      5.6500,     11.3001,      1.3380,     29.3305,     58.6611,      0.0195,      0.0060,      0.0156,      0.2072,   7924.1914,-438141.5625,  -1052.2115,    556.4644,  26413.9688,
       1,     170,      74,      22,       1,       3,       1,     10.0000,      1.4117,     42.7730,    251.5898,     63.3153,      3.4953,      0.0000,     -0.0324,      7.3346,      0.1507,      5.6500,     11.3001,      1.3312,     29.3305,     58.6611,      0.0195,      0.0057,      0.0156,      0.2073,   7924.1909,-431172.9062,  -1050.1572,    556.9929,  26413.9688,
       1,     170,      74,      23,       1,       3,       1,     10.0000,      1.4117,     42.7730,    251.5898,     63.3153,      3.4953,      0.0000,     -0.0325,      6.7729,      0.1526,      5.6500,     11.3001,      1.3488,     29.3305,     58.6611,      0.0195,      0.0053,      0.0156,      0.2073,   7924.1909,-430062.5000,  -1049.8318,    557.0705,  26413.9688,
       1,     170,      74,      24,       1,       3,       1,     10.0000,      1.4117,     42.7730,    251.5898,     63.3153,      3.4953,      0.0000,     -0.0325,      5.7090,      0.1522,      5.6500,     11.3001,      1.3447,     29.3305,     58.6611,      0.0195,      0.0044,      0.0156,      0.2073,   7924.1909,-429279.0312,  -1049.6029,    557.1251,  26413.9688,
       1,     170,      75,       1,       1,       3,       1,     10.0000,      1.4117,     42.7733,    251.5957,     63.3168,      3.4953,      0.0000,     -0.0325,      4.5803,      0.1508,      5.6504,     11.3008,      1.3326,     29.3370,     58.6739,      0.0195,      0.0036,      0.0156,      0.2073,   7924.1909,-428063.3438,  -1049.6722,    557.2228,  26415.1523,
       1,     170,      75,       2,       1,       3,       1,     10.0000,      1.4117,     42.7733,    251.5957,     63.3168,      3.4953,      0.0000,     -0.0324,      3.7607,      0.1485,      5.6504,     11.3008,      1.3126,     29.3370,     58.6739,      0.0195,      0.0029,      0.0156,      0.2073,   7924.5459,-426423.8750,  -1048.7645,    557.3370,  26415.1523,
       1,     170,      75,       3,       1,       3,       1,     10.0000,      1.4117,     42.7733,    251.5957,     63.3168,      3.4953,      0.0000,     -0.0322,      3.4493,      0.1447,      5.6504,     11.3008,      1.2786,     29.3370,     58.6739,      0.0195,      0.0027,      0.0156,      0.2073,   7924.5459,-425279.6562,  -1048.4276,    557.4168,  26415.1523,
       1,     170,      75,       4,       1,       3,       1,     10.0000,      1.4117,     42.7733,    251.5957,     63.3168,      3.4953,      0.0000,     -0.0321,      3.3621,      0.1422,      5.6504,     11.3008,      1.2568,     29.3370,     58.6739,      0.0195,      0.0026,      0.0156,      0.2073,   7924.5459,-424800.4375,  -1048.2874,    557.4502,  26415.1523,
       1,     170,      75,       5,       1,       3,       1,     10.0000,      1.4117,     42.7733,    251.5957,     63.3168,      3.4953,      0.0000,     -0.0321,      3.2246,      0.1399,      5.6504,     11.3008,      1.2367,     29.3370,     58.6739,      0.0195,      0.0025,      0.0156,      0.2073,   7924.5459,-424652.6250,  -1048.2449,    557.4605,  26415.1523,
       1,     170,      75,       6,       1,       3,       1,     10.0000,      1.4117,     42.7733,    251.5957,     63.3168,      3.4953,      0.0000,     -0.0320,      2.9622,      0.1377,      5.6504,     11.3008,      1.2168,     29.3370,     58.6739,      0.0195,      0.0023,      0.0156,      0.2073,   7924.5459,-424471.4375,  -1048.1927,    557.4731,  26415.1523,
       1,     170,      75,       7,       1,       3,       1,     10.0000,      1.4117,     42.7733,    251.5957,     63.3168,      3.4953,      0.0000,     -0.0320,      2.7926,      0.1376,      5.6504,     11.3008,      1.2156,     29.3370,     58.6739,      0.0195,      0.0022,      0.0156,      0.2073,   7924.5459,-424134.5625,  -1048.0945,    557.4966,  26415.1523,
       1,     170,      75,       8,       1,       3,       1,     10.0000,      1.4117,     42.7733,    251.5957,     63.3168,      3.4953,      0.0044,     -0.0276,      2.8491,      0.1380,      5.6504,     11.3008,      1.2193,     29.3370,     58.6739,      0.0195,      0.0022,      0.0156,      0.2073,   7924.5459,-423897.9062,  -1048.0256,    557.5131,  26415.1523,
       1,     170,      75,       9,       1,       3,       1,     10.0000,      1.4117,     42.7733,    251.5957,     63.3168,      3.4953,      0.1086,      0.0763,     28.7961,      0.1457,      5.6504,     11.3008,      1.2877,     29.3370,     58.6739,      0.0195,      0.0027,      0.1314,      0.2073,   7924.5459,-423946.9688,  -1048.0416,    557.5097,  26415.1523,
       1,     170,      75,      10,       1,       3,       1,     10.0000,      1.4117,     42.7733,    251.5957,     63.3168,      3.4953,      0.1773,      0.1446,     45.0306,      0.1603,      5.6504,     11.3008,      1.4169,     29.3370,     58.6739,      0.0195,      0.0024,      0.2279,      0.2073,   7924.5459,-455743.2188,  -1057.4801,    555.2938,  26415.1543,
       1,     170,      75,      11,       1,       3,       1,     10.0000,      1.4117,     42.7733,    251.5957,     63.3168,      3.4953,      0.1925,      0.1591,     42.6307,      0.1776,      5.6504,     11.3008,      1.5690,     29.3370,     58.6739,      0.0195,      0.0021,      0.2500,      0.2073,   7924.5464,-478369.9062,  -1064.2260,    553.7276,  26415.1523,
       1,     170,      75,      12,       1,       3,       1,     10.0000,      1.4117,     42.7733,    251.5957,     63.3168,      3.4953,      0.1923,      0.1587,     41.2402,      0.1861,      5.6504,     11.3008,      1.6441,     29.3370,     58.6739,      0.0195,      0.0020,      0.2500,      0.2073,   7924.5459,-477356.4688,  -1064.0079,    553.8000,  26415.1523,
       1,     170,      75,      13,       1,       3,       1,     10.0000,      1.4117,     42.7733,    251.5957,     63.3168,      3.4953,      0.1924,      0.1585,     43.0903,      0.1940,      5.6504,     11.3008,      1.7141,     29.3370,     58.6739,      0.0195,      0.0021,      0.2500,      0.2073,   7924.5459,-475562.4062,  -1063.5555,    553.9243,  26415.1523,
       1,     170,      75,      14,       1,       3,       1,     10.0000,      1.4117,     42.7733,    251.5957,     63.3168,      3.4953,      0.1938,      0.1598,     61.4432,      0.1975,      5.6504,     11.3008,      1.7449,     29.3370,     58.6739,      0.0195,      0.0030,      0.2500,      0.2073,   7924.5459,-477678.1875,  -1064.2582,    553.7778,  26415.1523,
       1,     170,      75,      15,       1,       3,       1,     10.0000,      1.4117,     42.7733,    251.5957,     63.3168,      3.4953,      0.1956,      0.1617,     85.0088,      0.1979,      5.6504,     11.3008,      1.7483,     29.3370,     58.6739,      0.0195,      0.0041,      0.2500,      0.2073,   7924.5459,-500363.5312,  -1071.0758,    552.2074,  26415.1504,
       1,     170,      75,      16,       1,       3,       1,     10.0000,      1.4117,     42.7733,    251.5957,     63.3168,      3.4953,      0.1980,      0.1640,    114.4943,      0.1955,      5.6504,     11.3008,      1.7277,     29.3370,     58.6739,      0.0195,      0.0055,      0.2500,      0.2073,   7924.5454,-531209.0000,  -1080.4159,    550.0806,  26415.1465,
       1,     170,      75,      17,       1,       3,       1,     10.0000,      1.4117,     42.7733,    251.5957,     63.3168,      3.4953,      0.1933,      0.1596,    118.0187,      0.1875,      5.6504,     11.3008,      1.6572,     29.3370,     58.6739,      0.0195,      0.0059,      0.2428,      0.2072,   7924.5444,-570030.1250,  -1092.2837,    547.4153,  26415.1465,
       1,     170,      75,      18,       1,       3,       1,     10.0000,      1.4117,     42.7733,    251.5957,     63.3168,      3.4953,      0.1828,      0.1493,    111.9369,      0.1822,      5.6504,     11.3008,      1.6101,     29.3370,     58.6739,      0.0195,      0.0059,      0.2284,      0.2072,   7924.5444,-577675.6250,  -1095.0801,    546.8986,  26415.1484,
       1,     170,      75,      19,       1,       3,       1,     10.0000,      1.4117,     42.7733,    251.5957,     63.3168,      3.4953,      0.1059,      0.0728,     61.6335,      0.1694,      5.6504,     11.3008,      1.4971,     29.3370,     58.6739,      0.0195,      0.0060,      0.1236,      0.2072,   7924.5449,-570848.4375,  -1093.6139,    547.3655,  26415.1445,
       1,     170,      75,      20,       1,       3,       1,     10.0000,      1.4117,     42.7733,    251.5957,     63.3168,      3.4953,      0.0271,     -0.0057,      8.3670,      0.1615,      5.6504,     11.3008,      1.4269,     29.3370,     58.6739,      0.0195,      0.0060,      0.0168,      0.2072,   7924.5435,-508491.5625,  -1075.5367,    551.6323,  26415.1445,
       1,     170,      75,      21,       1,       3,       1,     10.0000,      1.4117,     42.7733,    251.5957,     63.3168,      3.4953,      0.0000,     -0.0326,      7.4220,      0.1540,      5.6504,     11.3008,      1.3611,     29.3370,     58.6739,      0.0195,      0.0058,      0.0156,      0.2073,   7924.5435,-437895.3438,  -1054.6659,    556.5168,  26415.1445,
       1,     170,      75,      22,       1,       3,       1,     10.0000,      1.4117,     42.7733,    251.5957,     63.3168,      3.4953,      0.0000,     -0.0325,      6.7467,      0.1533,      5.6504,     11.3008,      1.3543,     29.3370,     58.6739,      0.0195,      0.0052,      0.0156,      0.2073,   7924.5435,-430772.0312,  -1052.5498,    557.0341,  26415.1445,
       1,     170,      75,      23,       1,       3,       1,     10.0000,      1.4117,     42.7733,    251.5957,     63.3168,      3.4953,      0.0000,     -0.0325,      6.4005,      0.1523,      5.6504,     11.3008,      1.3461,     29.3370,     58.6739,      0.0195,      0.0050,      0.0156,      0.2073,   7924.5435,-429310.5938,  -1052.1185,    557.1360,  26415.1426,
       1,     170,      75,      24,       1,       3,       1,     10.0000,      1.4117,     42.7733,    251.5957,     63.3168,      3.4953,      0.0000,     -0.0326,      5.1562,      0.1536,      5.6504,     11.3008,      1.3570,     29.3370,     58.6739,      0.0195,      0.0040,      0.0156,      0.2073,   7924.5430,-428761.9062,  -1051.9597,    557.1742,  26415.1426,
       1,     170,      76,       1,       1,       3,       1,     10.0000,      1.4117,     42.7737,    251.6016,     63.3183,      3.4953,      0.0000,     -0.0325,      4.3772,      0.1516,      5.6503,     11.3007,      1.3394,     29.3452,     58.6903,      0.0195,      0.0034,      0.0156,      0.2074,   7924.5430,-427344.9688,  -1051.9696,    557.2858,  26416.3281,
       1,     170,      76,       2,       1,       3,       1,     10.0000,      1.4117,     42.7737,    251.6016,     63.3183,      3.4953,      0.0000,     -0.0325,      3.4579,      0.1514,      5.6503,     11.3007,      1.3380,     29.3452,     58.6903,      0.0195,      0.0027,      0.0156,      0.2074,   7924.8989,-426117.1562,  -1051.1780,    557.3715,  26416.3281,
       1,     170,      76,       3,       1,       3,       1,     10.0000,      1.4117,     42.7737,    251.6016,     63.3183,      3.4953,      0.0000,     -0.0324,      3.4734,      0.1487,      5.6503,     11.3007,      1.3140,     29.3452,     58.6903,      0.0195,      0.0027,      0.0156,      0.2074,   7924.8989,-424885.9062,  -1050.8129,    557.4572,  26416.3281,
       1,     170,      76,       4,       1,       3,       1,     10.0000,      1.4117,     42.7737,    251.6016,     63.3183,      3.4953,      0.0000,     -0.0323,      3.3351,      0.1453,      5.6503,     11.3007,      1.2838,     29.3452,     58.6903,      0.0195,      0.0026,      0.0156,      0.2074,   7924.8989,-424799.7812,  -1050.7894,    557.4632,  26416.3281,
       1,     170,      76,       5,       1,       3,       1,     10.0000,      1.4117,     42.7737,    251.6016,     63.3183,      3.4953,      0.0000,     -0.0321,      3.5012,      0.1402,      5.6503,     11.3007,      1.2392,     29.3452,     58.6903,      0.0195,      0.0027,      0.0156,      0.2074,   7924.8989,-424623.0938,  -1050.7388,    557.4755,  26416.3281,
       1,     170,      76,       6,       1,       3,       1,     10.0000,      1.4117,     42.7737,    251.6016,     63.3183,      3.4953,      0.0000,     -0.0322,      3.4914,      0.1424,      5.6503,     11.3007,      1.2581,     29.3452,     58.6903,      0.0195,      0.0027,      0.0156,      0.2074,   7924.8989,-424811.4375,  -1050.7970,    557.4624,  26416.3281,
       1,     170,      76,       7,       1,       3,       1,     10.0000,      1.4117,     42.7737,    251.6016,     63.3183,      3.4953,      0.0000,     -0.0324,      3.6214,      0.1478,      5.6503,     11.3007,      1.3060,     29.3452,     58.6903,      0.0195,      0.0028,      0.0156,      0.2074,   7924.8989,-424815.5000,  -1050.8002,    557.4621,  26416.3281,
       1,     170,      76,       8,       1,       3,       1,     10.0000,      1.4117,     42.7737,    251.6016,     63.3183,      3.4953,      0.0033,     -0.0290,      3.2618,      0.1460,      5.6503,     11.3007,      1.2903,     29.3452,     58.6903,      0.0195,      0.0025,      0.0156,      0.2074,   7924.8989,-424975.1875,  -1050.8501,    557.4509,  26416.3281,
       1,     170,      76,       9,       1,       3,       1,     10.0000,      1.4117,     42.7737,    251.6016,     63.3183,      3.4953,      0.0512,      0.0189,     10.6647,      0.1462,      5.6503,     11.3007,      1.2916,     29.3452,     58.6903,      0.0195,      0.0025,      0.0516,      0.2074,   7924.8989,-424548.3125,  -1050.7246,    557.4807,  26416.3281,
       1,     170,      76,      10,       1,       3,       1,     10.0000,      1.4117,     42.7737,    251.6016,     63.3183,      3.4953,      0.1662,      0.1334,     38.8858,      0.1600,      5.6503,     11.3007,      1.4141,     29.3452,     58.6903,      0.0195,      0.0022,      0.2126,      0.2074,   7924.8989,-433581.3125,  -1053.4279,    556.8513,  26416.3281,
       1,     170,      76,      11,       1,       3,       1,     10.0000,      1.4117,     42.7737,    251.6016,     63.3183,      3.4953,      0.1904,      0.1572,     52.7757,      0.1746,      5.6503,     11.3007,      1.5427,     29.3452,     58.6903,      0.0195,      0.0026,      0.2459,      0.2074,   7924.8989,-468932.6562,  -1064.0083,    554.3909,  26416.3262,
       1,     170,      76,      12,       1,       3,       1,     10.0000,      1.4117,     42.7737,    251.6016,     63.3183,      3.4953,      0.1933,      0.1601,     59.8509,      0.1730,      5.6503,     11.3007,      1.5289,     29.3452,     58.6903,      0.0195,      0.0029,      0.2492,      0.2073,   7924.8979,-488990.9688,  -1070.0663,    553.0063,  26416.3262,
       1,     170,      76,      13,       1,       3,       1,     10.0000,      1.4117,     42.7737,    251.6016,     63.3183,      3.4953,      0.1937,      0.1602,     59.1118,      0.1819,      5.6503,     11.3007,      1.6070,     29.3452,     58.6903,      0.0195,      0.0029,      0.2500,      0.2073,   7924.8979,-499373.8750,  -1073.2926,    552.2903,  26416.3262,
       1,     170,      76,      14,       1,       3,       1,     10.0000,      1.4117,     42.7737,    251.6016,     63.3183,      3.4953,      0.1931,      0.1594,     52.2509,      0.1896,      5.6503,     11.3007,      1.6755,     29.3452,     58.6903,      0.0195,      0.0025,      0.2500,      0.2073,   7924.8979,-499350.2500,  -1073.4559,    552.2924,  26416.3242,
       1,     170,      76,      15,       1,       3,       1,     10.0000,      1.4117,     42.7737,    251.6016,     63.3183,      3.4953,      0.1945,      0.1606,     70.4585,      0.1953,      5.6503,     11.3007,      1.7260,     29.3452,     58.6903,      0.0195,      0.0034,      0.2500,      0.2073,   7924.8975,-490932.8438,  -1071.1073,    552.8735,  26416.3223,
       1,     170,      76,      16,       1,       3,       1,     10.0000,      1.4117,     42.7737,    251.6016,     63.3183,      3.4953,      0.1960,      0.1620,     89.6917,      0.1977,      5.6503,     11.3007,      1.7466,     29.3452,     58.6903,      0.0195,      0.0043,      0.2500,      0.2073,   7924.8970,-512546.6562,  -1077.7135,    551.3801,  26416.3223,
       1,     170,      76,      17,       1,       3,       1,     10.0000,      1.4117,     42.7737,    251.6016,     63.3183,      3.4953,      0.1926,      0.1588,     82.6761,      0.1919,      5.6503,     11.3007,      1.6955,     29.3452,     58.6903,      0.0195,      0.0041,      0.2458,      0.2073,   7924.8970,-537986.1250,  -1085.5695,    549.6288,  26416.3184,
       1,     170,      76,      18,       1,       3,       1,     10.0000,      1.4117,     42.7737,    251.6016,     63.3183,      3.4953,      0.1717,      0.1382,     77.3690,      0.1819,      5.6503,     11.3007,      1.6070,     29.3452,     58.6903,      0.0195,      0.0043,      0.2163,      0.2073,   7924.8960,-531546.2500,  -1084.0004,    550.0740,  26416.3203,
       1,     170,      76,      19,       1,       3,       1,     10.0000,      1.4117,     42.7737,    251.6016,     63.3183,      3.4953,      0.1114,      0.0782,     48.4261,      0.1722,      5.6503,     11.3007,      1.5213,     29.3452,     58.6903,      0.0195,      0.0044,      0.1329,      0.2073,   7924.8965,-524483.0625,  -1082.2139,    550.5599,  26416.3203,
       1,     170,      76,      20,       1,       3,       1,     10.0000,      1.4117,     42.7737,    251.6016,     63.3183,      3.4953,      0.0223,     -0.0106,      3.6908,      0.1608,      5.6503,     11.3007,      1.4212,     29.3452,     58.6903,      0.0195,      0.0043,      0.0105,      0.2073,   7924.8965,-488369.9688,  -1071.6648,    553.0453,  26416.3184,
       1,     170,      76,      21,       1,       3,       1,     10.0000,      1.4117,     42.7737,    251.6016,     63.3183,      3.4953,      0.0000,     -0.0325,      6.1238,      0.1536,      5.6503,     11.3007,      1.3570,     29.3452,     58.6903,      0.0195,      0.0048,      0.0156,      0.2073,   7924.8960,-430457.5312,  -1054.3846,    557.0546,  26416.3184,
       1,     170,      76,      22,       1,       3,       1,     10.0000,      1.4117,     42.7737,    251.6016,     63.3183,      3.4953,      0.0000,     -0.0325,      5.9949,      0.1530,      5.6503,     11.3007,      1.3516,     29.3452,     58.6903,      0.0195,      0.0047,      0.0156,      0.2074,   7924.8960,-428541.5312,  -1053.8156,    557.2025,  26416.3184,
       1,     170,      76,      23,       1,       3,       1,     10.0000,      1.4117,     42.7737,    251.6016,     63.3183,      3.4953,      0.0000,     -0.0326,      5.6704,      0.1534,      5.6503,     11.3007,      1.3557,     29.3452,     58.6903,      0.0195,      0.0044,      0.0156,      0.2074,   7924.8960,-428202.3438,  -1053.7179,    557.2261,  26416.3184,
       1,     170,      76,      24,       1,       3,       1,     10.0000,      1.4117,     42.7737,    251.6016,     63.3183,      3.4953,      0.0000,     -0.0324,      5.1513,      0.1501,      5.6503,     11.3007,      1.3260,     29.3452,     58.6903,      0.0195,      0.0040,      0.0156,      0.2074,   7924.8960,-427775.7188,  -1053.5940,    557.2559,  26416.3184,
       1,     170,      77,       1,       1,       3,       1,     10.0000,      1.4117,     42.7740,    251.6076,     63.3198,      3.4953,      0.0000,     -0.0324,      4.2264,      0.1501,      5.6506,     11.3013,      1.3260,     29.3513,     58.7026,      0.0195,      0.0033,      0.0156,      0.2074,   7924.8960,-427258.1562,  -1053.8734,    557.3051,  26417.5000,
       1,     170,      77,       2,       1,       3,       1,     10.0000,      1.4117,     42.7740,    251.6076,     63.3198,      3.4953,      0.0000,     -0.0325,      3.7025,      0.1514,      5.6506,     11.3013,      1.3381,     29.3513,     58.7026,      0.0195,      0.0029,      0.0156,      0.2074,   7925.2505,-425928.5312,  -1053.0482,    557.3977,  26417.5000,
       1,     170,      77,       3,       1,       3,       1,     10.0000,      1.4117,     42.7740,    251.6076,     63.3198,      3.4953,      0.0000,     -0.0325,      3.5309,      0.1513,      5.6506,     11.3013,      1.3367,     29.3513,     58.7026,      0.0195,      0.0027,      0.0156,      0.2074,   7925.2505,-425173.2812,  -1052.8242,    557.4503,  26417.5000,
       1,     170,      77,       4,       1,       3,       1,     10.0000,      1.4117,     42.7740,    251.6076,     63.3198,      3.4953,      0.0000,     -0.0325,      3.5933,      0.1522,      5.6506,     11.3013,      1.3448,     29.3513,     58.7026,      0.0195,      0.0028,      0.0156,      0.2074,   7925.2505,-424898.5312,  -1052.7444,    557.4695,  26417.5000,
       1,     170,      77,       5,       1,       3,       1,     10.0000,      1.4117,     42.7740,    251.6076,     63.3198,      3.4953,      0.0000,     -0.0324,      3.2602,      0.1504,      5.6506,     11.3013,      1.3287,     29.3513,     58.7026,      0.0195,      0.0025,      0.0156,      0.2074,   7925.2505,-424951.4062,  -1052.7628,    557.4658,  26417.5000,
       1,     170,      77,       6,       1,       3,       1,     10.0000,      1.4117,     42.7740,    251.6076,     63.3198,      3.4953,      0.0000,     -0.0324,      3.1821,      0.1484,      5.6506,     11.3013,      1.3114,     29.3513,     58.7026,      0.0195,      0.0025,      0.0156,      0.2074,   7925.2505,-424548.0000,  -1052.6440,    557.4939,  26417.5000,
       1,     170,      77,       7,       1,       3,       1,     10.0000,      1.4117,     42.7740,    251.6076,     63.3198,      3.4953,      0.0000,     -0.0323,      3.2642,      0.1469,      5.6506,     11.3013,      1.2982,     29.3513,     58.7026,      0.0195,      0.0025,      0.0156,      0.2074,   7925.2505,-424417.8125,  -1052.6074,    557.5030,  26417.5000,
       1,     170,      77,       8,       1,       3,       1,     10.0000,      1.4117,     42.7740,    251.6076,     63.3198,      3.4953,      0.0020,     -0.0305,      3.3366,      0.1499,      5.6506,     11.3013,      1.3246,     29.3513,     58.7026,      0.0195,      0.0026,      0.0156,      0.2074,   7925.2505,-424507.2812,  -1052.6365,    557.4967,  26417.5000,
       1,     170,      77,       9,       1,       3,       1,     10.0000,      1.4117,     42.7740,    251.6076,     63.3198,      3.4953,      0.0937,      0.0611,     25.6157,      0.1556,      5.6506,     11.3013,      1.3749,     29.3513,     58.7026,      0.0195,      0.0028,      0.1105,      0.2074,   7925.2505,-424603.6875,  -1052.6677,    557.4900,  26417.5000,
       1,     170,      77,      10,       1,       3,       1,     10.0000,      1.4117,     42.7740,    251.6076,     63.3198,      3.4953,      0.1616,      0.1285,     48.8440,      0.1698,      5.6506,     11.3013,      1.5002,     29.3513,     58.7026,      0.0195,      0.0029,      0.2049,      0.2074,   7925.2505,-451903.5312,  -1060.8799,    555.5876,  26417.5000,
       1,     170,      77,      11,       1,       3,       1,     10.0000,      1.4117,     42.7740,    251.6076,     63.3198,      3.4953,      0.1582,      0.1250,     50.3496,      0.1718,      5.6506,     11.3013,      1.5183,     29.3513,     58.7026,      0.0195,      0.0031,      0.1999,      0.2074,   7925.2505,-482708.0938,  -1070.1707,    553.4515,  26417.5020,
       1,     170,      77,      12,       1,       3,       1,     10.0000,      1.4117,     42.7740,    251.6076,     63.3198,      3.4953,      0.1789,      0.1455,     52.0173,      0.1763,      5.6506,     11.3013,      1.5582,     29.3513,     58.7026,      0.0195,      0.0027,      0.2293,      0.2073,   7925.2510,-487186.1562,  -1071.6110,    553.1458,  26417.4980,
       1,     170,      77,      13,       1,       3,       1,     10.0000,      1.4117,     42.7740,    251.6076,     63.3198,      3.4953,      0.1938,      0.1603,     59.5839,      0.1820,      5.6506,     11.3013,      1.6086,     29.3513,     58.7026,      0.0195,      0.0029,      0.2500,      0.2073,   7925.2495,-489607.9375,  -1072.4586,    552.9784,  26417.4961,
       1,     170,      77,      14,       1,       3,       1,     10.0000,      1.4117,     42.7740,    251.6076,     63.3198,      3.4953,      0.1942,      0.1606,     65.3552,      0.1861,      5.6506,     11.3013,      1.6442,     29.3513,     58.7026,      0.0195,      0.0032,      0.2500,      0.2073,   7925.2490,-499092.1875,  -1075.4417,    552.3229,  26417.4941,
       1,     170,      77,      15,       1,       3,       1,     10.0000,      1.4117,     42.7740,    251.6076,     63.3198,      3.4953,      0.1950,      0.1612,     76.4329,      0.1911,      5.6506,     11.3013,      1.6888,     29.3513,     58.7026,      0.0195,      0.0037,      0.2500,      0.2073,   7925.2485,-506978.0938,  -1077.9891,    551.7788,  26417.4961,
       1,     170,      77,      16,       1,       3,       1,     10.0000,      1.4117,     42.7740,    251.6076,     63.3198,      3.4953,      0.1829,      0.1491,     75.3759,      0.1915,      5.6506,     11.3013,      1.6922,     29.3513,     58.7026,      0.0195,      0.0039,      0.2327,      0.2073,   7925.2490,-521236.0625,  -1082.4943,    550.7957,  26417.4941,
       1,     170,      77,      17,       1,       3,       1,     10.0000,      1.4117,     42.7740,    251.6076,     63.3198,      3.4953,      0.1859,      0.1521,     78.1549,      0.1894,      5.6506,     11.3013,      1.6738,     29.3513,     58.7026,      0.0195,      0.0040,      0.2366,      0.2073,   7925.2485,-521154.4062,  -1082.7522,    550.8022,  26417.4941,
       1,     170,      77,      18,       1,       3,       1,     10.0000,      1.4117,     42.7740,    251.6076,     63.3198,      3.4953,      0.1792,      0.1455,     75.7932,      0.1877,      5.6506,     11.3013,      1.6590,     29.3513,     58.7026,      0.0195,      0.0040,      0.2273,      0.2073,   7925.2485,-524555.6250,  -1084.0625,    550.5680,  26417.4961,
       1,     170,      77,      19,       1,       3,       1,     10.0000,      1.4117,     42.7740,    251.6076,     63.3198,      3.4953,      0.1376,      0.1042,     53.1968,      0.1783,      5.6506,     11.3013,      1.5753,     29.3513,     58.7026,      0.0195,      0.0038,      0.1699,      0.2073,   7925.2490,-521947.3750,  -1083.5753,    550.7476,  26417.4941,
       1,     170,      77,      20,       1,       3,       1,     10.0000,      1.4117,     42.7740,    251.6076,     63.3198,      3.4953,      0.0215,     -0.0114,      3.0214,      0.1639,      5.6506,     11.3013,      1.4485,     29.3513,     58.7026,      0.0195,      0.0039,      0.0094,      0.2073,   7925.2485,-494004.5000,  -1075.4229,    552.6713,  26417.4902,
       1,     170,      77,      21,       1,       3,       1,     10.0000,      1.4117,     42.7740,    251.6076,     63.3198,      3.4953,      0.0000,     -0.0327,      5.2763,      0.1565,      5.6506,     11.3013,      1.3832,     29.3513,     58.7026,      0.0195,      0.0041,      0.0156,      0.2073,   7925.2476,-430111.1250,  -1056.2651,    557.0886,  26417.4902,
       1,     170,      77,      22,       1,       3,       1,     10.0000,      1.4117,     42.7740,    251.6076,     63.3198,      3.4953,      0.0000,     -0.0325,      5.3152,      0.1514,      5.6506,     11.3013,      1.3381,     29.3513,     58.7026,      0.0195,      0.0041,      0.0156,      0.2074,   7925.2476,-427480.8750,  -1055.4771,    557.2895,  26417.4902,
       1,     170,      77,      23,       1,       3,       1,     10.0000,      1.4117,     42.7740,    251.6076,     63.3198,      3.4953,      0.0000,     -0.0324,      5.1552,      0.1477,      5.6506,     11.3013,      1.3048,     29.3513,     58.7026,      0.0195,      0.0040,      0.0156,      0.2074,   7925.2476,-427282.5312,  -1055.4213,    557.3033,  26417.4902,
       1,     170,      77,      24,       1,       3,       1,     10.0000,      1.4117,     42.7740,    251.6076,     63.3198,      3.4953,      0.0000,     -0.0323,      4.7995,      0.1474,      5.6506,     11.3013,      1.3021,     29.3513,     58.7026,      0.0195,      0.0037,      0.0156,      0.2074,   7925.2476,-427069.5000,  -1055.3608,    557.3182,  26417.4902,
       1,     170,      78,       1,       1,       3,       1,     10.0000,      1.4118,     42.7743,    251.6135,     63.3213,      3.4953,      0.0000,     -0.0322,      4.0281,      0.1440,      5.6508,     11.3017,      1.2723,     29.3575,     58.7149,      0.0195,      0.0031,      0.0156,      0.2074,   7925.2476,-426770.9375,  -1055.7097,    557.3521,  26418.6758,
       1,     170,      78,       2,       1,       3,       1,     10.0000,      1.4118,     42.7743,    251.6135,     63.3213,      3.4953,      0.0000,     -0.0321,      3.7494,      0.1414,      5.6508,     11.3017,      1.2493,     29.3575,     58.7149,      0.0195,      0.0029,      0.0156,      0.2074,   7925.6030,-425647.6562,  -1054.9403,    557.4304,  26418.6758,
       1,     170,      78,       3,       1,       3,       1,     10.0000,      1.4118,     42.7743,    251.6135,     63.3213,      3.4953,      0.0000,     -0.0322,      3.0355,      0.1430,      5.6508,     11.3017,      1.2633,     29.3575,     58.7149,      0.0195,      0.0024,      0.0156,      0.2074,   7925.6030,-425210.3125,  -1054.8113,    557.4609,  26418.6758,
       1,     170,      78,       4,       1,       3,       1,     10.0000,      1.4118,     42.7743,    251.6135,     63.3213,      3.4953,      0.0000,     -0.0319,      2.8090,      0.1363,      5.6508,     11.3017,      1.2046,     29.3575,     58.7149,      0.0195,      0.0022,      0.0156,      0.2074,   7925.6030,-424298.6875,  -1054.5388,    557.5244,  26418.6758,
       1,     170,      78,       5,       1,       3,       1,     10.0000,      1.4118,     42.7743,    251.6135,     63.3213,      3.4953,      0.0000,     -0.0319,      2.5477,      0.1348,      5.6508,     11.3017,      1.1912,     29.3575,     58.7149,      0.0195,      0.0020,      0.0156,      0.2074,   7925.6030,-423943.4375,  -1054.4338,    557.5492,  26418.6758,
       1,     170,      78,       6,       1,       3,       1,     10.0000,      1.4118,     42.7743,    251.6135,     63.3213,      3.4953,      0.0000,     -0.0319,      2.5042,      0.1354,      5.6508,     11.3017,      1.1961,     29.3575,     58.7149,      0.0195,      0.0019,      0.0156,      0.2074,   7925.6030,-423592.9062,  -1054.3303,    557.5735,  26418.6758,
       1,     170,      78,       7,       1,       3,       1,     10.0000,      1.4118,     42.7743,    251.6135,     63.3213,      3.4953,      0.0000,     -0.0318,      2.4449,      0.1340,      5.6508,     11.3017,      1.1840,     29.3575,     58.7149,      0.0195,      0.0019,      0.0156,      0.2074,   7925.6030,-423509.7812,  -1054.3073,    557.5794,  26418.6758,
       1,     170,      78,       8,       1,       3,       1,     10.0000,      1.4118,     42.7743,    251.6135,     63.3213,      3.4953,      0.0037,     -0.0283,      2.7170,      0.1370,      5.6508,     11.3017,      1.2107,     29.3575,     58.7149,      0.0195,      0.0021,      0.0156,      0.2074,   7925.6030,-423430.0312,  -1054.2849,    557.5850,  26418.6758,
       1,     170,      78,       9,       1,       3,       1,     10.0000,      1.4118,     42.7743,    251.6135,     63.3213,      3.4953,      0.1139,      0.0817,     20.2843,      0.1435,      5.6508,     11.3017,      1.2684,     29.3575,     58.7149,      0.0195,      0.0018,      0.1400,      0.2074,   7925.6030,-423756.5000,  -1054.3856,    557.5622,  26418.6758,
       1,     170,      78,      10,       1,       3,       1,     10.0000,      1.4118,     42.7743,    251.6135,     63.3213,      3.4953,      0.1792,      0.1465,     35.0177,      0.1564,      5.6508,     11.3017,      1.3819,     29.3575,     58.7149,      0.0195,      0.0018,      0.2316,      0.2074,   7925.6030,-445301.3125,  -1060.9038,    556.0606,  26418.6758,
       1,     170,      78,      11,       1,       3,       1,     10.0000,      1.4118,     42.7743,    251.6135,     63.3213,      3.4953,      0.1923,      0.1589,     39.8501,      0.1779,      5.6508,     11.3017,      1.5722,     29.3575,     58.7149,      0.0195,      0.0019,      0.2500,      0.2074,   7925.6030,-465197.2812,  -1066.9427,    554.6797,  26418.6738,
       1,     170,      78,      12,       1,       3,       1,     10.0000,      1.4118,     42.7743,    251.6135,     63.3213,      3.4953,      0.1921,      0.1584,     39.4883,      0.1907,      5.6508,     11.3017,      1.6855,     29.3575,     58.7149,      0.0195,      0.0019,      0.2500,      0.2074,   7925.6025,-472818.0938,  -1069.3000,    554.1530,  26418.6758,
       1,     170,      78,      13,       1,       3,       1,     10.0000,      1.4118,     42.7743,    251.6135,     63.3213,      3.4953,      0.1930,      0.1589,     50.8122,      0.2000,      5.6508,     11.3017,      1.7676,     29.3575,     58.7149,      0.0195,      0.0025,      0.2500,      0.2074,   7925.6030,-473022.1562,  -1069.4310,    554.1392,  26418.6738,
       1,     170,      78,      14,       1,       3,       1,     10.0000,      1.4118,     42.7743,    251.6135,     63.3213,      3.4953,      0.1939,      0.1598,     63.7192,      0.2038,      5.6508,     11.3017,      1.8011,     29.3575,     58.7149,      0.0195,      0.0031,      0.2500,      0.2074,   7925.6025,-486919.2812,  -1073.7067,    553.1765,  26418.6738,
       1,     170,      78,      15,       1,       3,       1,     10.0000,      1.4118,     42.7743,    251.6135,     63.3213,      3.4953,      0.1959,      0.1616,     88.9351,      0.2077,      5.6508,     11.3017,      1.8351,     29.3575,     58.7149,      0.0195,      0.0043,      0.2500,      0.2074,   7925.6025,-503928.5938,  -1078.9705,    552.0013,  26418.6719,
       1,     170,      78,      16,       1,       3,       1,     10.0000,      1.4118,     42.7743,    251.6135,     63.3213,      3.4953,      0.1980,      0.1640,    115.1163,      0.1985,      5.6508,     11.3017,      1.7536,     29.3575,     58.7149,      0.0195,      0.0056,      0.2500,      0.2073,   7925.6021,-536301.0000,  -1088.9703,    549.7688,  26418.6699,
       1,     170,      78,      17,       1,       3,       1,     10.0000,      1.4118,     42.7743,    251.6135,     63.3213,      3.4953,      0.1907,      0.1569,    119.5500,      0.1894,      5.6508,     11.3017,      1.6739,     29.3575,     58.7149,      0.0195,      0.0061,      0.2389,      0.2073,   7925.6011,-571189.6875,  -1099.9008,    547.3757,  26418.6699,
       1,     170,      78,      18,       1,       3,       1,     10.0000,      1.4118,     42.7743,    251.6135,     63.3213,      3.4953,      0.1844,      0.1507,    125.8085,      0.1850,      5.6508,     11.3017,      1.6345,     29.3575,     58.7149,      0.0195,      0.0067,      0.2290,      0.2073,   7925.6011,-579610.1875,  -1102.9926,    546.8047,  26418.6719,
       1,     170,      78,      19,       1,       3,       1,     10.0000,      1.4118,     42.7743,    251.6135,     63.3213,      3.4953,      0.1287,      0.0955,     81.7979,      0.1722,      5.6508,     11.3017,      1.5213,     29.3575,     58.7149,      0.0195,      0.0064,      0.1540,      0.2072,   7925.6021,-588004.5000,  -1106.1320,    546.2313,  26418.6660,
       1,     170,      78,      20,       1,       3,       1,     10.0000,      1.4118,     42.7743,    251.6135,     63.3213,      3.4953,      0.0179,     -0.0149,      2.2484,      0.1604,      5.6508,     11.3017,      1.4170,     29.3575,     58.7149,      0.0195,      0.0062,      0.0044,      0.2072,   7925.6001,-534673.8125,  -1090.5441,    549.8730,  26418.6660,
       1,     170,      78,      21,       1,       3,       1,     10.0000,      1.4118,     42.7743,    251.6135,     63.3213,      3.4953,      0.0000,     -0.0326,      7.0661,      0.1558,      5.6508,     11.3017,      1.3763,     29.3575,     58.7149,      0.0195,      0.0055,      0.0156,      0.2073,   7925.6001,-432581.0938,  -1059.8071,    556.9023,  26418.6660,
       1,     170,      78,      22,       1,       3,       1,     10.0000,      1.4118,     42.7743,    251.6135,     63.3213,      3.4953,      0.0000,     -0.0325,      6.7100,      0.1525,      5.6508,     11.3017,      1.3476,     29.3575,     58.7149,      0.0195,      0.0052,      0.0156,      0.2074,   7925.6001,-429921.0625,  -1059.0070,    557.1326,  26418.6660,
       1,     170,      78,      23,       1,       3,       1,     10.0000,      1.4118,     42.7743,    251.6135,     63.3213,      3.4953,      0.0000,     -0.0324,      6.1334,      0.1495,      5.6508,     11.3017,      1.3207,     29.3575,     58.7149,      0.0195,      0.0048,      0.0156,      0.2074,   7925.6001,-429202.7500,  -1058.7946,    557.1827,  26418.6641,
       1,     170,      78,      24,       1,       3,       1,     10.0000,      1.4118,     42.7743,    251.6135,     63.3213,      3.4953,      0.0000,     -0.0324,      5.0208,      0.1478,      5.6508,     11.3017,      1.3061,     29.3575,     58.7149,      0.0195,      0.0039,      0.0156,      0.2074,   7925.5996,-428435.2812,  -1058.5671,    557.2362,  26418.6641,
       1,     170,      79,       1,       1,       3,       1,     10.0000,      1.4118,     42.7747,    251.6195,     63.3227,      3.4953,      0.0000,     -0.0323,      4.0566,      0.1463,      5.6507,     11.3013,      1.2930,     29.3661,     58.7323,      0.0195,      0.0032,      0.0156,      0.2075,   7925.5996,-427161.7812,  -1058.6218,    557.3380,  26419.8477,
       1,     170,      79,       2,       1,       3,       1,     10.0000,      1.4118,     42.7747,    251.6195,     63.3227,      3.4953,      0.0000,     -0.0322,      3.3938,      0.1431,      5.6507,     11.3013,      1.2646,     29.3661,     58.7323,      0.0195,      0.0026,      0.0156,      0.2075,   7925.9546,-425719.5625,  -1057.7502,    557.4385,  26419.8477,
       1,     170,      79,       3,       1,       3,       1,     10.0000,      1.4118,     42.7747,    251.6195,     63.3227,      3.4953,      0.0000,     -0.0319,      3.0527,      0.1360,      5.6507,     11.3013,      1.2022,     29.3661,     58.7323,      0.0195,      0.0024,      0.0156,      0.2075,   7925.9546,-424784.7188,  -1057.4689,    557.5036,  26419.8477,
       1,     170,      79,       4,       1,       3,       1,     10.0000,      1.4118,     42.7747,    251.6195,     63.3227,      3.4953,      0.0000,     -0.0318,      2.6769,      0.1332,      5.6507,     11.3013,      1.1768,     29.3661,     58.7323,      0.0195,      0.0021,      0.0156,      0.2075,   7925.9546,-424287.2188,  -1057.3204,    557.5383,  26419.8477,
       1,     170,      79,       5,       1,       3,       1,     10.0000,      1.4118,     42.7747,    251.6195,     63.3227,      3.4953,      0.0000,     -0.0320,      2.6831,      0.1367,      5.6507,     11.3013,      1.2083,     29.3661,     58.7323,      0.0195,      0.0021,      0.0156,      0.2075,   7925.9546,-423784.5000,  -1057.1699,    557.5734,  26419.8477,
       1,     170,      79,       6,       1,       3,       1,     10.0000,      1.4118,     42.7747,    251.6195,     63.3227,      3.4953,      0.0000,     -0.0319,      2.6787,      0.1366,      5.6507,     11.3013,      1.2071,     29.3661,     58.7323,      0.0195,      0.0021,      0.0156,      0.2075,   7925.9546,-423749.0938,  -1057.1611,    557.5758,  26419.8477,
       1,     170,      79,       7,       1,       3,       1,     10.0000,      1.4118,     42.7747,    251.6195,     63.3227,      3.4953,      0.0000,     -0.0320,      2.6638,      0.1384,      5.6507,     11.3013,      1.2231,     29.3661,     58.7323,      0.0195,      0.0021,      0.0156,      0.2075,   7925.9546,-423740.7812,  -1057.1609,    557.5764,  26419.8477,
       1,     170,      79,       8,       1,       3,       1,     10.0000,      1.4118,     42.7747,    251.6195,     63.3227,      3.4953,      0.0038,     -0.0283,      2.0482,      0.1386,      5.6507,     11.3013,      1.2243,     29.3661,     58.7323,      0.0195,      0.0016,      0.0156,      0.2075,   7925.9546,-423721.8438,  -1057.1576,    557.5778,  26419.8477,
       1,     170,      79,       9,       1,       3,       1,     10.0000,      1.4118,     42.7747,    251.6195,     63.3227,      3.4953,      0.0648,      0.0326,      7.7619,      0.1430,      5.6507,     11.3013,      1.2633,     29.3661,     58.7323,      0.0195,      0.0013,      0.0714,      0.2075,   7925.9546,-422966.2188,  -1056.9298,    557.6304,  26419.8477,
       1,     170,      79,      10,       1,       3,       1,     10.0000,      1.4118,     42.7747,    251.6195,     63.3227,      3.4953,      0.1220,      0.0897,     18.6615,      0.1459,      5.6507,     11.3013,      1.2891,     29.3661,     58.7323,      0.0195,      0.0015,      0.1517,      0.2075,   7925.9546,-429899.0938,  -1059.0453,    557.1471,  26419.8477,
       1,     170,      79,      11,       1,       3,       1,     10.0000,      1.4118,     42.7747,    251.6195,     63.3227,      3.4953,      0.1845,      0.1513,     35.2206,      0.1693,      5.6507,     11.3013,      1.4958,     29.3661,     58.7323,      0.0195,      0.0018,      0.2392,      0.2075,   7925.9546,-443841.2500,  -1063.3037,    556.1763,  26419.8477,
       1,     170,      79,      12,       1,       3,       1,     10.0000,      1.4118,     42.7747,    251.6195,     63.3227,      3.4953,      0.1924,      0.1586,     43.3555,      0.1925,      5.6507,     11.3013,      1.7007,     29.3661,     58.7323,      0.0195,      0.0021,      0.2500,      0.2074,   7925.9546,-465318.3125,  -1069.8715,    554.6840,  26419.8457,
       1,     170,      79,      13,       1,       3,       1,     10.0000,      1.4118,     42.7747,    251.6195,     63.3227,      3.4953,      0.1922,      0.1580,     41.8856,      0.2046,      5.6507,     11.3013,      1.8082,     29.3661,     58.7323,      0.0195,      0.0020,      0.2500,      0.2074,   7925.9541,-477122.5000,  -1073.5227,    553.8676,  26419.8457,
       1,     170,      79,      14,       1,       3,       1,     10.0000,      1.4118,     42.7747,    251.6195,     63.3227,      3.4953,      0.1931,      0.1587,     54.2857,      0.2139,      5.6507,     11.3013,      1.8902,     29.3661,     58.7323,      0.0195,      0.0026,      0.2500,      0.2074,   7925.9541,-476325.3750,  -1073.3597,    553.9234,  26419.8457,
       1,     170,      79,      15,       1,       3,       1,     10.0000,      1.4118,     42.7747,    251.6195,     63.3227,      3.4953,      0.1947,      0.1604,     73.8682,      0.2091,      5.6507,     11.3013,      1.8479,     29.3661,     58.7323,      0.0195,      0.0036,      0.2500,      0.2074,   7925.9541,-491454.8125,  -1078.0540,    552.8759,  26419.8457,
       1,     170,      79,      16,       1,       3,       1,     10.0000,      1.4118,     42.7747,    251.6195,     63.3227,      3.4953,      0.1972,      0.1628,    106.1319,      0.2120,      5.6507,     11.3013,      1.8736,     29.3661,     58.7323,      0.0195,      0.0051,      0.2500,      0.2074,   7925.9541,-516751.8750,  -1085.9075,    551.1286,  26419.8418,
       1,     170,      79,      17,       1,       3,       1,     10.0000,      1.4118,     42.7747,    251.6195,     63.3227,      3.4953,      0.1953,      0.1612,    146.3105,      0.1998,      5.6507,     11.3013,      1.7659,     29.3661,     58.7323,      0.0195,      0.0073,      0.2426,      0.2074,   7925.9526,-558479.9375,  -1098.9055,    548.2567,  26419.8457,
       1,     170,      79,      18,       1,       3,       1,     10.0000,      1.4118,     42.7747,    251.6195,     63.3227,      3.4953,      0.1832,      0.1496,    145.5295,      0.1863,      5.6507,     11.3013,      1.6459,     29.3661,     58.7323,      0.0195,      0.0078,      0.2252,      0.2073,   7925.9541,-611356.3125,  -1115.5283,    544.6403,  26419.7109,
       1,     170,      79,      19,       1,       3,       1,     10.0000,      1.4118,     42.7747,    251.6195,     63.3227,      3.4953,      0.1351,      0.1019,    109.1161,      0.1720,      5.6507,     11.3013,      1.5199,     29.3661,     58.7323,      0.0195,      0.0083,      0.1601,      0.2072,   7925.9136,-614940.3750,  -1117.4229,    544.4083,  26419.6836,
       1,     170,      79,      20,       1,       3,       1,     10.0000,      1.4118,     42.7747,    251.6195,     63.3227,      3.4953,      0.0321,     -0.0007,     15.2982,      0.1600,      5.6507,     11.3013,      1.4142,     29.3661,     58.7323,      0.0195,      0.0080,      0.0232,      0.2072,   7925.9053,-570501.1875,  -1104.5969,    547.4324,  26419.7754,
       1,     170,      79,      21,       1,       3,       1,     10.0000,      1.4118,     42.7747,    251.6195,     63.3227,      3.4953,      0.0000,     -0.0325,      9.6183,      0.1505,      5.6507,     11.3013,      1.3301,     29.3661,     58.7323,      0.0195,      0.0075,      0.0156,      0.2073,   7925.9331,-451579.2500,  -1068.5958,    555.5786,  26419.8379,
       1,     170,      79,      22,       1,       3,       1,     10.0000,      1.4118,     42.7747,    251.6195,     63.3227,      3.4953,      0.0000,     -0.0324,      9.1133,      0.1483,      5.6507,     11.3013,      1.3101,     29.3661,     58.7323,      0.0195,      0.0071,      0.0156,      0.2074,   7925.9517,-434687.2188,  -1063.4154,    556.8126,  26419.8359,
       1,     170,      79,      23,       1,       3,       1,     10.0000,      1.4118,     42.7747,    251.6195,     63.3227,      3.4953,      0.0000,     -0.0323,      7.4377,      0.1472,      5.6507,     11.3013,      1.3009,     29.3661,     58.7323,      0.0195,      0.0058,      0.0156,      0.2074,   7925.9512,-432558.0938,  -1062.7733,    556.9621,  26419.8359,
       1,     170,      79,      24,       1,       3,       1,     10.0000,      1.4118,     42.7747,    251.6195,     63.3227,      3.4953,      0.0000,     -0.0323,      6.1978,      0.1472,      5.6507,     11.3013,      1.3009,     29.3661,     58.7323,      0.0195,      0.0048,      0.0156,      0.2074,   7925.9512,-430322.6562,  -1062.0955,    557.1178,  26419.8359,
       1,     170,      80,       1,       1,       3,       1,     10.0000,      1.4118,     42.7750,    251.6254,     63.3242,      3.4953,      0.0000,     -0.0323,      5.2538,      0.1454,      5.6513,     11.3027,      1.2852,     29.3726,     58.7451,      0.0195,      0.0041,      0.0156,      0.2075,   7925.9512,-428768.2188,  -1062.0664,    557.2392,  26421.0234,
       1,     170,      80,       2,       1,       3,       1,     10.0000,      1.4118,     42.7750,    251.6254,     63.3242,      3.4953,      0.0000,     -0.0322,      4.1249,      0.1443,      5.6513,     11.3027,      1.2749,     29.3726,     58.7451,      0.0195,      0.0032,      0.0156,      0.2075,   7926.3071,-427326.4375,  -1061.1881,    557.3397,  26421.0234,
       1,     170,      80,       3,       1,       3,       1,     10.0000,      1.4118,     42.7750,    251.6254,     63.3242,      3.4953,      0.0000,     -0.0321,      3.5547,      0.1407,      5.6513,     11.3027,      1.2431,     29.3726,     58.7451,      0.0195,      0.0028,      0.0156,      0.2075,   7926.3071,-425820.8438,  -1060.7305,    557.4446,  26421.0234,
       1,     170,      80,       4,       1,       3,       1,     10.0000,      1.4118,     42.7750,    251.6254,     63.3242,      3.4953,      0.0000,     -0.0321,      3.2874,      0.1397,      5.6513,     11.3027,      1.2343,     29.3726,     58.7451,      0.0195,      0.0026,      0.0156,      0.2075,   7926.3071,-424994.1250,  -1060.4801,    557.5022,  26421.0234,
       1,     170,      80,       5,       1,       3,       1,     10.0000,      1.4118,     42.7750,    251.6254,     63.3242,      3.4953,      0.0000,     -0.0320,      3.3355,      0.1380,      5.6513,     11.3027,      1.2194,     29.3726,     58.7451,      0.0195,      0.0026,      0.0156,      0.2075,   7926.3071,-424596.1562,  -1060.3613,    557.5299,  26421.0234,
       1,     170,      80,       6,       1,       3,       1,     10.0000,      1.4118,     42.7750,    251.6254,     63.3242,      3.4953,      0.0000,     -0.0320,      3.2007,      0.1372,      5.6513,     11.3027,      1.2120,     29.3726,     58.7451,      0.0195,      0.0025,      0.0156,      0.2075,   7926.3071,-424621.1250,  -1060.3719,    557.5281,  26421.0234,
       1,     170,      80,       7,       1,       3,       1,     10.0000,      1.4118,     42.7750,    251.6254,     63.3242,      3.4953,      0.0000,     -0.0320,      2.9337,      0.1367,      5.6513,     11.3027,      1.2083,     29.3726,     58.7451,      0.0195,      0.0023,      0.0156,      0.2075,   7926.3071,-424458.3125,  -1060.3251,    557.5395,  26421.0234,
       1,     170,      80,       8,       1,       3,       1,     10.0000,      1.4118,     42.7750,    251.6254,     63.3242,      3.4953,      0.0034,     -0.0287,      2.5814,      0.1386,      5.6513,     11.3027,      1.2243,     29.3726,     58.7451,      0.0195,      0.0020,      0.0156,      0.2075,   7926.3071,-424117.4688,  -1060.2233,    557.5633,  26421.0234,
       1,     170,      80,       9,       1,       3,       1,     10.0000,      1.4118,     42.7750,    251.6254,     63.3242,      3.4953,      0.0996,      0.0673,     19.4335,      0.1447,      5.6513,     11.3027,      1.2788,     29.3726,     58.7451,      0.0195,      0.0020,      0.1197,      0.2075,   7926.3071,-423656.8750,  -1060.0844,    557.5953,  26421.0234,
       1,     170,      80,      10,       1,       3,       1,     10.0000,      1.4118,     42.7750,    251.6254,     63.3242,      3.4953,      0.1748,      0.1419,     32.9520,      0.1615,      5.6513,     11.3027,      1.4270,     29.3726,     58.7451,      0.0195,      0.0018,      0.2255,      0.2075,   7926.3071,-444253.6250,  -1066.4194,    556.1598,  26421.0234,
       1,     170,      80,      11,       1,       3,       1,     10.0000,      1.4118,     42.7750,    251.6254,     63.3242,      3.4953,      0.1921,      0.1586,     37.3492,      0.1806,      5.6513,     11.3027,      1.5960,     29.3726,     58.7451,      0.0195,      0.0018,      0.2500,      0.2075,   7926.3071,-462574.9688,  -1072.0735,    554.8879,  26421.0234,
       1,     170,      80,      12,       1,       3,       1,     10.0000,      1.4118,     42.7750,    251.6254,     63.3242,      3.4953,      0.1921,      0.1581,     39.5640,      0.1965,      5.6513,     11.3027,      1.7365,     29.3726,     58.7451,      0.0195,      0.0019,      0.2500,      0.2074,   7926.3071,-469525.9688,  -1074.2576,    554.4072,  26421.0234,
       1,     170,      80,      13,       1,       3,       1,     10.0000,      1.4118,     42.7750,    251.6254,     63.3242,      3.4953,      0.1925,      0.1584,     45.6362,      0.2026,      5.6513,     11.3027,      1.7905,     29.3726,     58.7451,      0.0195,      0.0022,      0.2500,      0.2074,   7926.3071,-472830.7812,  -1075.3372,    554.1785,  26421.0215,
       1,     170,      80,      14,       1,       3,       1,     10.0000,      1.4118,     42.7750,    251.6254,     63.3242,      3.4953,      0.1935,      0.1593,     57.5924,      0.2042,      5.6513,     11.3027,      1.8047,     29.3726,     58.7451,      0.0195,      0.0028,      0.2500,      0.2074,   7926.3066,-480553.3125,  -1077.7850,    553.6436,  26421.0215,
       1,     170,      80,      15,       1,       3,       1,     10.0000,      1.4118,     42.7750,    251.6254,     63.3242,      3.4953,      0.1953,      0.1612,     79.9312,      0.1998,      5.6513,     11.3027,      1.7659,     29.3726,     58.7451,      0.0195,      0.0039,      0.2500,      0.2074,   7926.3066,-495864.4062,  -1082.5861,    552.5842,  26421.0176,
       1,     170,      80,      16,       1,       3,       1,     10.0000,      1.4118,     42.7750,    251.6254,     63.3242,      3.4953,      0.1969,      0.1632,    100.3505,      0.1885,      5.6513,     11.3027,      1.6657,     29.3726,     58.7451,      0.0195,      0.0049,      0.2500,      0.2074,   7926.3057,-524554.5625,  -1091.5701,    550.6035,  26420.9746,
       1,     170,      80,      17,       1,       3,       1,     10.0000,      1.4118,     42.7750,    251.6254,     63.3242,      3.4953,      0.1912,      0.1576,    112.8072,      0.1842,      5.6513,     11.3027,      1.6280,     29.3726,     58.7451,      0.0195,      0.0057,      0.2404,      0.2074,   7926.2925,-552051.3750,  -1100.3475,    548.7145,  26420.8965,
       1,     170,      80,      18,       1,       3,       1,     10.0000,      1.4118,     42.7750,    251.6254,     63.3242,      3.4953,      0.1742,      0.1408,    106.9223,      0.1783,      5.6513,     11.3027,      1.5755,     29.3726,     58.7451,      0.0195,      0.0060,      0.2164,      0.2073,   7926.2690,-569687.7500,  -1106.2485,    547.5081,  26420.8398,
       1,     170,      80,      19,       1,       3,       1,     10.0000,      1.4118,     42.7750,    251.6254,     63.3242,      3.4953,      0.1115,      0.0784,     68.5520,      0.1671,      5.6513,     11.3027,      1.4765,     29.3726,     58.7451,      0.0195,      0.0064,      0.1308,      0.2073,   7926.2524,-563970.6875,  -1105.0371,    547.9006,  26420.8457,
       1,     170,      80,      20,       1,       3,       1,     10.0000,      1.4118,     42.7750,    251.6254,     63.3242,      3.4953,      0.0211,     -0.0117,      4.4303,      0.1610,      5.6513,     11.3027,      1.4228,     29.3726,     58.7451,      0.0195,      0.0061,      0.0087,      0.2073,   7926.2539,-516394.3125,  -1090.8422,    551.1592,  26420.9531,
       1,     170,      80,      21,       1,       3,       1,     10.0000,      1.4118,     42.7750,    251.6254,     63.3242,      3.4953,      0.0000,     -0.0326,      7.3188,      0.1556,      5.6513,     11.3027,      1.3750,     29.3726,     58.7451,      0.0195,      0.0057,      0.0156,      0.2074,   7926.2861,-433741.0625,  -1065.5035,    556.8633,  26421.0137,
       1,     170,      80,      22,       1,       3,       1,     10.0000,      1.4118,     42.7750,    251.6254,     63.3242,      3.4953,      0.0000,     -0.0325,      7.3260,      0.1510,      5.6513,     11.3027,      1.3341,     29.3726,     58.7451,      0.0195,      0.0057,      0.0156,      0.2075,   7926.3042,-430316.9688,  -1064.4343,    557.1313,  26421.0137,
       1,     170,      80,      23,       1,       3,       1,     10.0000,      1.4118,     42.7750,    251.6254,     63.3242,      3.4953,      0.0000,     -0.0324,      7.0753,      0.1495,      5.6513,     11.3027,      1.3207,     29.3726,     58.7451,      0.0195,      0.0055,      0.0156,      0.2075,   7926.3042,-429997.5000,  -1064.3427,    557.1536,  26421.0137,
       1,     170,      80,      24,       1,       3,       1,     10.0000,      1.4118,     42.7750,    251.6254,     63.3242,      3.4953,      0.0000,     -0.0324,      6.2015,      0.1480,      5.6513,     11.3027,      1.3075,     29.3726,     58.7451,      0.0195,      0.0048,      0.0156,      0.2075,   7926.3042,-429663.0625,  -1064.2466,    557.1768,  26421.0137,
       1,     170,      81,       1,       1,       3,       1,     10.0000,      1.4118,     42.7754,    251.6313,     63.3257,      3.4953,      0.0000,     -0.0324,      5.8960,      0.1490,      5.6509,     11.3018,      1.3168,     29.3800,     58.7601,      0.0195,      0.0046,      0.0156,      0.2075,   7926.3042,-428719.6250,  -1064.4059,    557.2557,  26422.1992,
       1,     170,      81,       2,       1,       3,       1,     10.0000,      1.4118,     42.7754,    251.6313,     63.3257,      3.4953,      0.0000,     -0.0324,      5.2829,      0.1489,      5.6509,     11.3018,      1.3155,     29.3800,     58.7601,      0.0195,      0.0041,      0.0156,      0.2075,   7926.6602,-428112.2812,  -1063.7812,    557.2980,  26422.1992,
       1,     170,      81,       3,       1,       3,       1,     10.0000,      1.4118,     42.7754,    251.6313,     63.3257,      3.4953,      0.0000,     -0.0324,      4.9215,      0.1490,      5.6509,     11.3018,      1.3168,     29.3800,     58.7601,      0.0195,      0.0038,      0.0156,      0.2075,   7926.6602,-427309.6875,  -1063.5387,    557.3539,  26422.1992,
       1,     170,      81,       4,       1,       3,       1,     10.0000,      1.4118,     42.7754,    251.6313,     63.3257,      3.4953,      0.0000,     -0.0324,      4.7822,      0.1498,      5.6509,     11.3018,      1.3234,     29.3800,     58.7601,      0.0195,      0.0037,      0.0156,      0.2075,   7926.6602,-426798.6562,  -1063.3856,    557.3896,  26422.1992,
       1,     170,      81,       5,       1,       3,       1,     10.0000,      1.4118,     42.7754,    251.6313,     63.3257,      3.4953,      0.0000,     -0.0323,      4.5837,      0.1450,      5.6509,     11.3018,      1.2814,     29.3800,     58.7601,      0.0195,      0.0036,      0.0156,      0.2075,   7926.6602,-426584.4375,  -1063.3242,    557.4044,  26422.1992,
       1,     170,      81,       6,       1,       3,       1,     10.0000,      1.4118,     42.7754,    251.6313,     63.3257,      3.4953,      0.0000,     -0.0321,      4.2781,      0.1407,      5.6509,     11.3018,      1.2431,     29.3800,     58.7601,      0.0195,      0.0033,      0.0156,      0.2075,   7926.6602,-426323.2188,  -1063.2479,    557.4227,  26422.1992,
       1,     170,      81,       7,       1,       3,       1,     10.0000,      1.4118,     42.7754,    251.6313,     63.3257,      3.4953,      0.0000,     -0.0322,      4.2322,      0.1444,      5.6509,     11.3018,      1.2762,     29.3800,     58.7601,      0.0195,      0.0033,      0.0156,      0.2075,   7926.6602,-425926.6250,  -1063.1298,    557.4503,  26422.1992,
       1,     170,      81,       8,       1,       3,       1,     10.0000,      1.4118,     42.7754,    251.6313,     63.3257,      3.4953,      0.0061,     -0.0260,      3.8256,      0.1400,      5.6509,     11.3018,      1.2368,     29.3800,     58.7601,      0.0195,      0.0030,      0.0156,      0.2075,   7926.6602,-425836.6875,  -1063.1060,    557.4565,  26422.1992,
       1,     170,      81,       9,       1,       3,       1,     10.0000,      1.4118,     42.7754,    251.6313,     63.3257,      3.4953,      0.0795,      0.0473,     24.3673,      0.1437,      5.6509,     11.3018,      1.2698,     29.3800,     58.7601,      0.0195,      0.0033,      0.0906,      0.2075,   7926.6602,-425331.1250,  -1062.9537,    557.4918,  26422.1992,
       1,     170,      81,      10,       1,       3,       1,     10.0000,      1.4118,     42.7754,    251.6313,     63.3257,      3.4953,      0.1763,      0.1436,     55.5378,      0.1569,      5.6509,     11.3018,      1.3861,     29.3800,     58.7601,      0.0195,      0.0030,      0.2251,      0.2075,   7926.6602,-450439.5938,  -1070.7294,    555.7421,  26422.1992,
       1,     170,      81,      11,       1,       3,       1,     10.0000,      1.4118,     42.7754,    251.6313,     63.3257,      3.4953,      0.1934,      0.1601,     53.5987,      0.1743,      5.6509,     11.3018,      1.5398,     29.3800,     58.7601,      0.0195,      0.0026,      0.2500,      0.2075,   7926.6602,-490768.8125,  -1083.2391,    552.9432,  26422.1562,
       1,     170,      81,      12,       1,       3,       1,     10.0000,      1.4118,     42.7754,    251.6313,     63.3257,      3.4953,      0.1946,      0.1611,     70.4230,      0.1830,      5.6509,     11.3018,      1.6168,     29.3800,     58.7601,      0.0195,      0.0034,      0.2500,      0.2074,   7926.6470,-491848.9688,  -1083.7155,    552.8755,  26422.1445,
       1,     170,      81,      13,       1,       3,       1,     10.0000,      1.4118,     42.7754,    251.6313,     63.3257,      3.4953,      0.1947,      0.1609,     71.0082,      0.1885,      5.6509,     11.3018,      1.6657,     29.3800,     58.7601,      0.0195,      0.0034,      0.2500,      0.2074,   7926.6436,-512554.0625,  -1090.2672,    551.4447,  26422.0879,
       1,     170,      81,      14,       1,       3,       1,     10.0000,      1.4118,     42.7754,    251.6313,     63.3257,      3.4953,      0.1951,      0.1612,     76.7840,      0.1919,      5.6509,     11.3018,      1.6957,     29.3800,     58.7601,      0.0195,      0.0037,      0.2500,      0.2074,   7926.6265,-515044.3438,  -1091.2955,    551.2748,  26422.0723,
       1,     170,      81,      15,       1,       3,       1,     10.0000,      1.4118,     42.7754,    251.6313,     63.3257,      3.4953,      0.1964,      0.1624,     93.4613,      0.1950,      5.6509,     11.3018,      1.7228,     29.3800,     58.7601,      0.0195,      0.0045,      0.2500,      0.2074,   7926.6221,-522337.3750,  -1093.8134,    550.7723,  26422.0449,
       1,     170,      81,      16,       1,       3,       1,     10.0000,      1.4118,     42.7754,    251.6313,     63.3257,      3.4953,      0.1988,      0.1650,    123.8994,      0.1908,      5.6509,     11.3018,      1.6857,     29.3800,     58.7601,      0.0195,      0.0060,      0.2500,      0.2074,   7926.6138,-543411.4375,  -1100.6487,    549.3217,  26421.9883,
       1,     170,      81,      17,       1,       3,       1,     10.0000,      1.4118,     42.7754,    251.6313,     63.3257,      3.4953,      0.1896,      0.1559,    131.3082,      0.1865,      5.6509,     11.3018,      1.6476,     29.3800,     58.7601,      0.0195,      0.0067,      0.2359,      0.2074,   7926.5967,-582551.6250,  -1113.2152,    546.6360,  26421.8750,
       1,     170,      81,      18,       1,       3,       1,     10.0000,      1.4118,     42.7754,    251.6313,     63.3257,      3.4953,      0.1652,      0.1318,    118.9060,      0.1769,      5.6509,     11.3018,      1.5630,     29.3800,     58.7601,      0.0195,      0.0071,      0.2022,      0.2073,   7926.5630,-595004.2500,  -1117.7235,    545.7916,  26421.8340,
       1,     170,      81,      19,       1,       3,       1,     10.0000,      1.4118,     42.7754,    251.6313,     63.3257,      3.4953,      0.0484,      0.0156,     27.0134,      0.1612,      5.6509,     11.3018,      1.4242,     29.3800,     58.7601,      0.0195,      0.0072,      0.0453,      0.2073,   7926.5503,-580835.3125,  -1114.0000,    546.7590,  26421.8555,
       1,     170,      81,      20,       1,       3,       1,     10.0000,      1.4118,     42.7754,    251.6313,     63.3257,      3.4953,      0.0127,     -0.0198,      9.0965,      0.1505,      5.6509,     11.3018,      1.3301,     29.3800,     58.7601,      0.0195,      0.0071,      0.0156,      0.2073,   7926.5571,-466839.2500,  -1079.2084,    554.5509,  26422.1875,
       1,     170,      81,      21,       1,       3,       1,     10.0000,      1.4118,     42.7754,    251.6313,     63.3257,      3.4953,      0.0000,     -0.0321,      8.3760,      0.1414,      5.6509,     11.3018,      1.2494,     29.3800,     58.7601,      0.0195,      0.0065,      0.0156,      0.2075,   7926.6567,-435341.4375,  -1069.3188,    556.7901,  26422.1875,
       1,     170,      81,      22,       1,       3,       1,     10.0000,      1.4118,     42.7754,    251.6313,     63.3257,      3.4953,      0.0000,     -0.0324,      7.5102,      0.1477,      5.6509,     11.3018,      1.3049,     29.3800,     58.7601,      0.0195,      0.0058,      0.0156,      0.2075,   7926.6567,-431720.6250,  -1068.2002,    557.0466,  26422.1875,
       1,     170,      81,      23,       1,       3,       1,     10.0000,      1.4118,     42.7754,    251.6313,     63.3257,      3.4953,      0.0000,     -0.0320,      6.4104,      0.1383,      5.6509,     11.3018,      1.2219,     29.3800,     58.7601,      0.0195,      0.0050,      0.0156,      0.2075,   7926.6567,-430346.0938,  -1076.1527,    557.1423,  26422.1875,
       1,     170,      81,      24,       1,       3,       1,     10.0000,      1.4118,     42.7754,    251.6313,     63.3257,      3.4953,      0.0000,     -0.0320,      5.0026,      0.1380,      5.6509,     11.3018,      1.2194,     29.3800,     58.7601,      0.0195,      0.0039,      0.0156,      0.2075,   7926.6567,-428882.1250,  -1075.6055,    557.2443,  26422.1875,
       1,     170,      82,       1,       1,       3,       1,     10.0000,      1.4119,     42.7757,    251.6373,     63.3272,      3.4953,      0.0000,     -0.0321,      3.7007,      0.1414,      5.6514,     11.3029,      1.2495,     29.3855,     58.7711,      0.0195,      0.0029,      0.0156,      0.2075,   7926.6567,-427188.9688,  -1075.4552,    557.3755,  26423.3750,
       1,     170,      82,       2,       1,       3,       1,     10.0000,      1.4119,     42.7757,    251.6373,     63.3272,      3.4953,      0.0000,     -0.0323,      2.5923,      0.1450,      5.6514,     11.3029,      1.2814,     29.3855,     58.7711,      0.0195,      0.0020,      0.0156,      0.2075,   7927.0127,-425297.1875,  -1074.3713,    557.5073,  26423.3750,
       1,     170,      82,       3,       1,       3,       1,     10.0000,      1.4119,     42.7757,    251.6373,     63.3272,      3.4953,      0.0000,     -0.0323,      2.8705,      0.1455,      5.6514,     11.3029,      1.2853,     29.3855,     58.7711,      0.0195,      0.0022,      0.0156,      0.2075,   7927.0127,-423778.9062,  -1073.8662,    557.6131,  26423.3750,
       1,     170,      82,       4,       1,       3,       1,     10.0000,      1.4119,     42.7757,    251.6373,     63.3272,      3.4953,      0.0000,     -0.0323,      1.5166,      0.1459,      5.6514,     11.3029,      1.2892,     29.3855,     58.7711,      0.0195,      0.0012,      0.0156,      0.2075,   7927.0127,-423989.9688,  -1078.7997,    557.5984,  26423.3750,
       1,     170,      82,       5,       1,       3,       1,     10.0000,      1.4119,     42.7757,    251.6373,     63.3272,      3.4953,      0.0000,     -0.0320,      1.1978,      0.1380,      5.6514,     11.3029,      1.2195,     29.3855,     58.7711,      0.0195,      0.0009,      0.0156,      0.2075,   7927.0127,-422350.4375,  -1078.2875,    557.7127,  26423.3750,
       1,     170,      82,       6,       1,       3,       1,     10.0000,      1.4119,     42.7757,    251.6373,     63.3272,      3.4953,      0.0000,     -0.0321,      1.6505,      0.1401,      5.6514,     11.3029,      1.2381,     29.3855,     58.7711,      0.0195,      0.0013,      0.0156,      0.2075,   7927.0127,-421820.1562,  -1078.1169,    557.7496,  26423.3750,
       1,     170,      82,       7,       1,       3,       1,     10.0000,      1.4119,     42.7757,    251.6373,     63.3272,      3.4953,      0.0000,     -0.0321,      2.2280,      0.1415,      5.6514,     11.3029,      1.2507,     29.3855,     58.7711,      0.0195,      0.0017,      0.0156,      0.2075,   7927.0127,-422329.2188,  -1078.2589,    557.7142,  26423.3750,
       1,     170,      82,       8,       1,       3,       1,     10.0000,      1.4119,     42.7757,    251.6373,     63.3272,      3.4953,      0.0013,     -0.0309,      2.2651,      0.1428,      5.6514,     11.3029,      1.2621,     29.3855,     58.7711,      0.0195,      0.0018,      0.0156,      0.2075,   7927.0127,-423079.5312,  -1078.4686,    557.6619,  26423.3750,
       1,     170,      82,       9,       1,       3,       1,     10.0000,      1.4119,     42.7757,    251.6373,     63.3272,      3.4953,      0.0261,     -0.0062,      2.5264,      0.1456,      5.6514,     11.3029,      1.2866,     29.3855,     58.7711,      0.0195,      0.0018,      0.0167,      0.2075,   7927.0127,-423189.0312,  -1078.4818,    557.6542,  26423.3730,
       1,     170,      82,      10,       1,       3,       1,     10.0000,      1.4119,     42.7757,    251.6373,     63.3272,      3.4953,      0.0835,      0.0512,     10.0851,      0.1446,      5.6514,     11.3029,      1.2775,     29.3855,     58.7711,      0.0195,      0.0012,      0.0978,      0.2075,   7927.0122,-423518.4062,  -1078.8806,    557.6313,  26423.3730,
       1,     170,      82,      11,       1,       3,       1,     10.0000,      1.4119,     42.7757,    251.6373,     63.3272,      3.4953,      0.1396,      0.1069,     24.6891,      0.1577,      5.6514,     11.3029,      1.3931,     29.3855,     58.7711,      0.0195,      0.0017,      0.1761,      0.2075,   7927.0122,-432800.2500,  -1081.8885,    556.9843,  26423.3730,
       1,     170,      82,      12,       1,       3,       1,     10.0000,      1.4119,     42.7757,    251.6373,     63.3272,      3.4953,      0.1245,      0.0923,     24.3805,      0.1447,      5.6514,     11.3029,      1.2788,     29.3855,     58.7711,      0.0195,      0.0019,      0.1547,      0.2075,   7927.0122,-451474.5000,  -1008.9813,    555.6845,  26423.7734,
       1,     170,      82,      13,       1,       3,       1,     10.0000,      1.4119,     42.7757,    251.6373,     63.3272,      3.4953,      0.1703,      0.1380,     34.6416,      0.1471,      5.6514,     11.3029,      1.2997,     29.3855,     58.7711,      0.0195,      0.0019,      0.2189,      0.2075,   7927.1323,-452646.4375,  -1006.5844,    555.6047,  26423.7578,
       1,     170,      82,      14,       1,       3,       1,     10.0000,      1.4119,     42.7757,    251.6373,     63.3272,      3.4953,      0.1087,      0.0771,     21.5949,      0.1283,      5.6514,     11.3029,      1.1335,     29.3855,     58.7711,      0.0195,      0.0020,      0.1327,      0.2075,   7927.1274,-465313.5938,   -920.7627,    554.7249,  26423.8164,
       1,     170,      82,      15,       1,       3,       1,     10.0000,      1.4119,     42.7757,    251.6373,     63.3272,      3.4953,      0.0635,      0.0324,      7.8041,      0.1155,      5.6514,     11.3029,      1.0202,     29.3855,     58.7711,      0.0195,      0.0013,      0.0704,      0.2075,   7927.1450,-450405.8125,   -916.0638,    555.7593,  26423.8164,
       1,     170,      82,      16,       1,       3,       1,     10.0000,      1.4119,     42.7757,    251.6373,     63.3272,      3.4953,      0.1525,      0.1210,     32.0807,      0.1261,      5.6514,     11.3029,      1.1140,     29.3855,     58.7711,      0.0195,      0.0020,      0.1938,      0.2075,   7927.1450,-432248.3750,   -912.5464,    557.0217,  26423.8164,
       1,     170,      82,      17,       1,       3,       1,     10.0000,      1.4119,     42.7757,    251.6373,     63.3272,      3.4953,      0.0392,      0.0075,      3.9957,      0.1300,      5.6514,     11.3029,      1.1486,     29.3855,     58.7711,      0.0195,      0.0013,      0.0359,      0.2075,   7927.1450,-460427.7812,   -918.0952,    555.0611,  26423.8164,
       1,     170,      82,      18,       1,       3,       1,     10.0000,      1.4119,     42.7757,    251.6373,     63.3272,      3.4953,      0.0048,     -0.0268,      1.7429,      0.1271,      5.6514,     11.3029,      1.1231,     29.3855,     58.7711,      0.0195,      0.0014,      0.0156,      0.2075,   7927.1450,-428436.7188,   -911.8110,    557.2841,  26423.8164,
       1,     170,      82,      19,       1,       3,       1,     10.0000,      1.4119,     42.7757,    251.6373,     63.3272,      3.4953,      0.0076,     -0.0239,      1.2033,      0.1252,      5.6514,     11.3029,      1.1061,     29.3855,     58.7711,      0.0195,      0.0009,      0.0156,      0.2075,   7927.1450,-422961.1562,   -910.7679,    557.6700,  26423.8164,
       1,     170,      82,      20,       1,       3,       1,     10.0000,      1.4119,     42.7757,    251.6373,     63.3272,      3.4953,      0.0089,     -0.0229,      0.3148,      0.1316,      5.6514,     11.3029,      1.1627,     29.3855,     58.7711,      0.0195,      0.0002,      0.0156,      0.2075,   7927.1450,-421828.3125,   -910.4719,    557.7491,  26423.8164,
       1,     170,      82,      21,       1,       3,       1,     10.0000,      1.4119,     42.7757,    251.6373,     63.3272,      3.4953,      0.0000,     -0.0320,      0.3313,      0.1376,      5.6514,     11.3029,      1.2158,     29.3855,     58.7711,      0.0195,      0.0003,      0.0156,      0.2075,   7927.1450,-420643.8125,   -910.2783,    557.8317,  26423.8164,
       1,     170,      82,      22,       1,       3,       1,     10.0000,      1.4119,     42.7757,    251.6373,     63.3272,      3.4953,      0.0000,     -0.0320,      0.3672,      0.1377,      5.6514,     11.3029,      1.2170,     29.3855,     58.7711,      0.0195,      0.0003,      0.0156,      0.2075,   7927.1450,-420562.8125,   -910.0823,    557.8373,  26423.8164,
       1,     170,      82,      23,       1,       3,       1,     10.0000,      1.4119,     42.7757,    251.6373,     63.3272,      3.4953,      0.0000,     -0.0320,      0.4689,      0.1377,      5.6514,     11.3029,      1.2170,     29.3855,     58.7711,      0.0195,      0.0004,      0.0156,      0.2075,   7927.1450,-420599.9688,   -910.0949,    557.8347,  26423.8164,
       1,     170,      82,      24,       1,       3,       1,     10.0000,      1.4119,     42.7757,    251.6373,     63.3272,      3.4953,      0.0000,     -0.0321,      0.3548,      0.1405,      5.6514,     11.3029,      1.2419,     29.3855,     58.7711,      0.0195,      0.0003,      0.0156,      0.2075,   7927.1450,-420727.6562,   -910.1429,    557.8258,  26423.8164,
       1,     170,      83,       1,       1,       3,       1,     10.0000,      1.4119,     42.7760,    251.6432,     63.3287,      3.4953,      0.0000,     -0.0321,      0.3410,      0.1411,      5.6533,     11.3067,      1.2470,     29.3686,     58.7373,      0.0195,      0.0003,      0.0156,      0.2076,   7927.1450,-420754.8438,   -910.4138,    557.8373,  26425.0000,
       1,     170,      83,       2,       1,       3,       1,     10.0000,      1.4119,     42.7760,    251.6432,     63.3287,      3.4953,      0.0000,     -0.0322,      0.9912,      0.1436,      5.6533,     11.3067,      1.2686,     29.3686,     58.7373,      0.0195,      0.0008,      0.0156,      0.2076,   7927.5005,-420587.3438,   -910.1296,    557.8489,  26425.0020,
       1,     170,      83,       3,       1,       3,       1,     10.0000,      1.4119,     42.7760,    251.6432,     63.3287,      3.4953,      0.0000,     -0.0322,      1.2353,      0.1438,      5.6533,     11.3067,      1.2711,     29.3686,     58.7373,      0.0195,      0.0010,      0.0156,      0.2076,   7927.5010,-421368.5938,   -910.3796,    557.7944,  26425.0020,
       1,     170,      83,       4,       1,       3,       1,     10.0000,      1.4119,     42.7760,    251.6432,     63.3287,      3.4953,      0.0000,     -0.0322,      1.0844,      0.1421,      5.6533,     11.3067,      1.2558,     29.3686,     58.7373,      0.0195,      0.0008,      0.0156,      0.2076,   7927.5010,-421734.1875,   -910.5946,    557.7690,  26425.0020,
       1,     170,      83,       5,       1,       3,       1,     10.0000,      1.4119,     42.7760,    251.6432,     63.3287,      3.4953,      0.0000,     -0.0321,      1.2961,      0.1413,      5.6533,     11.3067,      1.2482,     29.3686,     58.7373,      0.0195,      0.0010,      0.0156,      0.2076,   7927.5010,-421580.5625,   -910.6910,    557.7797,  26425.0000,
       1,     170,      83,       6,       1,       3,       1,     10.0000,      1.4119,     42.7760,    251.6432,     63.3287,      3.4953,      0.0000,     -0.0320,      1.6281,      0.1377,      5.6533,     11.3067,      1.2170,     29.3686,     58.7373,      0.0195,      0.0013,      0.0156,      0.2076,   7927.5005,-421826.9375,   -910.8946,    557.7626,  26425.0020,
       1,     170,      83,       7,       1,       3,       1,     10.0000,      1.4119,     42.7760,    251.6432,     63.3287,      3.4953,      0.0000,     -0.0319,      1.6823,      0.1363,      5.6533,     11.3067,      1.2047,     29.3686,     58.7373,      0.0195,      0.0013,      0.0156,      0.2076,   7927.5010,-422254.0000,   -911.1786,    557.7328,  26425.0039,
       1,     170,      83,       8,       1,       3,       1,     10.0000,      1.4119,     42.7760,    251.6432,     63.3287,      3.4953,      0.0068,     -0.0251,      1.8452,      0.1359,      5.6533,     11.3067,      1.2011,     29.3686,     58.7373,      0.0195,      0.0014,      0.0156,      0.2076,   7927.5015,-422356.5312,   -911.4095,    557.7256,  26425.0020,
       1,     170,      83,       9,       1,       3,       1,     10.0000,      1.4119,     42.7760,    251.6432,     63.3287,      3.4953,      0.0727,      0.0405,      9.9510,      0.1417,      5.6533,     11.3067,      1.2520,     29.3686,     58.7373,      0.0195,      0.0015,      0.0824,      0.2076,   7927.5010,-422564.9688,   -911.6928,    557.7111,  26425.0000,
       1,     170,      83,      10,       1,       3,       1,     10.0000,      1.4119,     42.7760,    251.6432,     63.3287,      3.4953,      0.1176,      0.0853,     18.1286,      0.1480,      5.6533,     11.3067,      1.3076,     29.3686,     58.7373,      0.0195,      0.0015,      0.1455,      0.2076,   7927.5005,-432505.2812,   -913.8707,    557.0181,  26425.0020,
       1,     170,      83,      11,       1,       3,       1,     10.0000,      1.4119,     42.7760,    251.6432,     63.3287,      3.4953,      0.1726,      0.1397,     28.9101,      0.1648,      5.6533,     11.3067,      1.4560,     29.3686,     58.7373,      0.0195,      0.0016,      0.2229,      0.2076,   7927.5010,-443365.7500,   -916.3829,    556.2623,  26425.0020,
       1,     170,      83,      12,       1,       3,       1,     10.0000,      1.4119,     42.7760,    251.6432,     63.3287,      3.4953,      0.1561,      0.1227,     28.3197,      0.1788,      5.6533,     11.3067,      1.5803,     29.3686,     58.7373,      0.0195,      0.0017,      0.1993,      0.2075,   7927.5010,-457494.0938,   -919.9371,    555.2805,  26425.0020,
       1,     170,      83,      13,       1,       3,       1,     10.0000,      1.4119,     42.7760,    251.6432,     63.3287,      3.4953,      0.1430,      0.1098,     24.1401,      0.1732,      5.6533,     11.3067,      1.5307,     29.3686,     58.7373,      0.0195,      0.0016,      0.1810,      0.2075,   7927.5010,-457976.7188,   -920.9233,    555.2479,  26425.0000,
       1,     170,      83,      14,       1,       3,       1,     10.0000,      1.4119,     42.7760,    251.6432,     63.3287,      3.4953,      0.1761,      0.1428,     38.3819,      0.1727,      5.6533,     11.3067,      1.5261,     29.3686,     58.7373,      0.0195,      0.0020,      0.2268,      0.2075,   7927.5005,-452898.3438,   -920.6821,    555.6003,  26425.0020,
       1,     170,      83,      15,       1,       3,       1,     10.0000,      1.4119,     42.7760,    251.6432,     63.3287,      3.4953,      0.1899,      0.1565,     45.6704,      0.1792,      5.6533,     11.3067,      1.5834,     29.3686,     58.7373,      0.0195,      0.0022,      0.2460,      0.2075,   7927.5010,-469906.5000,   -924.6859,    554.4193,  26425.0020,
       1,     170,      83,      16,       1,       3,       1,     10.0000,      1.4119,     42.7760,    251.6432,     63.3287,      3.4953,      0.1853,      0.1518,     60.9399,      0.1817,      5.6533,     11.3067,      1.6057,     29.3686,     58.7373,      0.0195,      0.0031,      0.2376,      0.2075,   7927.5010,-480286.3750,   -927.6589,    553.7010,  26425.0020,
       1,     170,      83,      17,       1,       3,       1,     10.0000,      1.4119,     42.7760,    251.6432,     63.3287,      3.4953,      0.1620,      0.1288,     62.8687,      0.1725,      5.6533,     11.3067,      1.5246,     29.3686,     58.7373,      0.0195,      0.0037,      0.2038,      0.2075,   7927.5010,-499876.7188,   -932.4003,    552.3457,  26425.0020,
       1,     170,      83,      18,       1,       3,       1,     10.0000,      1.4119,     42.7760,    251.6432,     63.3287,      3.4953,      0.0841,      0.0513,     27.1176,      0.1602,      5.6533,     11.3067,      1.4157,     29.3686,     58.7373,      0.0195,      0.0034,      0.0964,      0.2075,   7927.5010,-503911.1250,   -934.1617,    552.0688,  26425.0020,
       1,     170,      83,      19,       1,       3,       1,     10.0000,      1.4119,     42.7760,    251.6432,     63.3287,      3.4953,      0.0721,      0.0394,     20.9299,      0.1562,      5.6533,     11.3067,      1.3806,     29.3686,     58.7373,      0.0195,      0.0032,      0.0799,      0.2075,   7927.5010,-460436.7812,   -926.7533,    555.0690,  26425.0000,
       1,     170,      83,      20,       1,       3,       1,     10.0000,      1.4119,     42.7760,    251.6432,     63.3287,      3.4953,      0.0092,     -0.0234,      4.8629,      0.1530,      5.6533,     11.3067,      1.3518,     29.3686,     58.7373,      0.0195,      0.0038,      0.0156,      0.2075,   7927.5005,-449185.8438,   -925.1481,    555.8578,  26425.0020,
       1,     170,      83,      21,       1,       3,       1,     10.0000,      1.4119,     42.7760,    251.6432,     63.3287,      3.4953,      0.0000,     -0.0323,      5.5028,      0.1453,      5.6533,     11.3067,      1.2840,     29.3686,     58.7373,      0.0195,      0.0043,      0.0156,      0.2075,   7927.5010,-428543.9688,   -921.7081,    557.2926,  26425.0039,
       1,     170,      83,      22,       1,       3,       1,     10.0000,      1.4119,     42.7760,    251.6432,     63.3287,      3.4953,      0.0000,     -0.0322,      4.7333,      0.1431,      5.6533,     11.3067,      1.2647,     29.3686,     58.7373,      0.0195,      0.0037,      0.0156,      0.2076,   7927.5015,-427572.2500,   -921.9124,    557.3621,  26425.0020,
       1,     170,      83,      23,       1,       3,       1,     10.0000,      1.4119,     42.7760,    251.6432,     63.3287,      3.4953,      0.0000,     -0.0323,      4.3065,      0.1455,      5.6533,     11.3067,      1.2853,     29.3686,     58.7373,      0.0195,      0.0033,      0.0156,      0.2076,   7927.5010,-426545.3750,   -922.0321,    557.4336,  26425.0020,
       1,     170,      83,      24,       1,       3,       1,     10.0000,      1.4119,     42.7760,    251.6432,     63.3287,      3.4953,      0.0000,     -0.0324,      3.9014,      0.1495,      5.6533,     11.3067,      1.3208,     29.3686,     58.7373,      0.0195,      0.0030,      0.0156,      0.2076,   7927.5010,-425935.4062,   -922.1832,    557.4762,  26425.0039,
       1,     170,      84,       1,       1,       3,       1,     10.0000,      1.4119,     42.7764,    251.6492,     63.3302,      3.4953,      0.0000,     -0.0324,      3.5414,      0.1495,      5.6520,     11.3041,      1.3209,     29.3666,     58.7332,      0.0195,      0.0028,      0.0156,      0.2076,   7927.5015,-425542.1250,   -922.6076,    557.5167,  26426.1816,
       1,     170,      84,       2,       1,       3,       1,     10.0000,      1.4119,     42.7764,    251.6492,     63.3302,      3.4953,      0.0000,     -0.0323,      3.3854,      0.1472,      5.6520,     11.3041,      1.3010,     29.3666,     58.7332,      0.0195,      0.0026,      0.0156,      0.2076,   7927.8550,-424916.1562,   -922.4194,    557.5604,  26426.1836,
       1,     170,      84,       3,       1,       3,       1,     10.0000,      1.4119,     42.7764,    251.6492,     63.3302,      3.4953,      0.0000,     -0.0323,      3.2234,      0.1452,      5.6520,     11.3041,      1.2828,     29.3666,     58.7332,      0.0195,      0.0025,      0.0156,      0.2076,   7927.8555,-424671.2812,   -922.5508,    557.5773,  26426.1816,
       1,     170,      84,       4,       1,       3,       1,     10.0000,      1.4119,     42.7764,    251.6492,     63.3302,      3.4953,      0.0000,     -0.0322,      3.2448,      0.1427,      5.6520,     11.3041,      1.2609,     29.3666,     58.7332,      0.0195,      0.0025,      0.0156,      0.2076,   7927.8550,-424452.7188,   -922.6727,    557.5927,  26426.1836,
       1,     170,      84,       5,       1,       3,       1,     10.0000,      1.4119,     42.7764,    251.6492,     63.3302,      3.4953,      0.0000,     -0.0322,      3.7392,      0.1439,      5.6520,     11.3041,      1.2712,     29.3666,     58.7332,      0.0195,      0.0029,      0.0156,      0.2076,   7927.8555,-424459.7812,   -922.8293,    557.5922,  26426.1836,
       1,     170,      84,       6,       1,       3,       1,     10.0000,      1.4119,     42.7764,    251.6492,     63.3302,      3.4953,      0.0000,     -0.0322,      3.7002,      0.1437,      5.6520,     11.3041,      1.2699,     29.3666,     58.7332,      0.0195,      0.0029,      0.0156,      0.2076,   7927.8555,-425065.4375,   -923.1158,    557.5499,  26426.1836,
       1,     170,      84,       7,       1,       3,       1,     10.0000,      1.4119,     42.7764,    251.6492,     63.3302,      3.4953,      0.0000,     -0.0321,      3.2103,      0.1398,      5.6520,     11.3041,      1.2357,     29.3666,     58.7332,      0.0195,      0.0025,      0.0156,      0.2076,   7927.8555,-425069.5000,   -923.2845,    557.5496,  26426.1836,
       1,     170,      84,       8,       1,       3,       1,     10.0000,      1.4119,     42.7764,    251.6492,     63.3302,      3.4953,      0.0058,     -0.0262,      2.8479,      0.1373,      5.6520,     11.3041,      1.2133,     29.3666,     58.7332,      0.0195,      0.0022,      0.0156,      0.2076,   7927.8555,-424470.1875,   -923.3091,    557.5914,  26426.1836,
       1,     170,      84,       9,       1,       3,       1,     10.0000,      1.4119,     42.7764,    251.6492,     63.3302,      3.4953,      0.0985,      0.0663,     20.1994,      0.1428,      5.6520,     11.3041,      1.2622,     29.3666,     58.7332,      0.0195,      0.0021,      0.1181,      0.2076,   7927.8555,-423975.5000,   -923.3328,    557.6259,  26426.1855,
       1,     170,      84,      10,       1,       3,       1,     10.0000,      1.4119,     42.7764,    251.6492,     63.3302,      3.4953,      0.1768,      0.1441,     44.5269,      0.1580,      5.6520,     11.3041,      1.3960,     29.3666,     58.7332,      0.0195,      0.0024,      0.2271,      0.2076,   7927.8560,-445170.5312,   -927.5335,    556.1485,  26426.1836,
       1,     170,      84,      11,       1,       3,       1,     10.0000,      1.4119,     42.7764,    251.6492,     63.3302,      3.4953,      0.1837,      0.1505,     58.1254,      0.1718,      5.6520,     11.3041,      1.5185,     29.3666,     58.7332,      0.0195,      0.0030,      0.2355,      0.2076,   7927.8555,-476768.9688,   -933.9273,    553.9539,  26426.1836,
       1,     170,      84,      12,       1,       3,       1,     10.0000,      1.4119,     42.7764,    251.6492,     63.3302,      3.4953,      0.1941,      0.1603,     64.3055,      0.1921,      5.6520,     11.3041,      1.6975,     29.3666,     58.7332,      0.0195,      0.0031,      0.2500,      0.2075,   7927.8555,-496127.2500,   -938.1472,    552.6177,  26426.1855,
       1,     170,      84,      13,       1,       3,       1,     10.0000,      1.4119,     42.7764,    251.6492,     63.3302,      3.4953,      0.1941,      0.1601,     64.5021,      0.1981,      5.6520,     11.3041,      1.7504,     29.3666,     58.7332,      0.0195,      0.0031,      0.2500,      0.2075,   7927.8560,-505345.6562,   -940.5815,    551.9825,  26426.1836,
       1,     170,      84,      14,       1,       3,       1,     10.0000,      1.4119,     42.7764,    251.6492,     63.3302,      3.4953,      0.1946,      0.1605,     71.0813,      0.2012,      5.6520,     11.3041,      1.7783,     29.3666,     58.7332,      0.0195,      0.0034,      0.2500,      0.2075,   7927.8555,-506369.7188,   -941.4096,    551.9122,  26426.1836,
       1,     170,      84,      15,       1,       3,       1,     10.0000,      1.4119,     42.7764,    251.6492,     63.3302,      3.4953,      0.1959,      0.1619,     87.8949,      0.1977,      5.6520,     11.3041,      1.7470,     29.3666,     58.7332,      0.0195,      0.0043,      0.2500,      0.2075,   7927.8555,-514518.8438,   -943.5774,    551.3501,  26426.1816,
       1,     170,      84,      16,       1,       3,       1,     10.0000,      1.4119,     42.7764,    251.6492,     63.3302,      3.4953,      0.1973,      0.1633,    104.9227,      0.1958,      5.6520,     11.3041,      1.7298,     29.3666,     58.7332,      0.0195,      0.0051,      0.2500,      0.2075,   7927.8550,-535819.9375,   -948.2842,    549.8823,  26426.1836,
       1,     170,      84,      17,       1,       3,       1,     10.0000,      1.4119,     42.7764,    251.6492,     63.3302,      3.4953,      0.1987,      0.1648,    122.9375,      0.1927,      5.6520,     11.3041,      1.7026,     29.3666,     58.7332,      0.0195,      0.0060,      0.2500,      0.2075,   7927.8555,-558512.5000,   -953.3126,    548.3243,  26426.1816,
       1,     170,      84,      18,       1,       3,       1,     10.0000,      1.4119,     42.7764,    251.6492,     63.3302,      3.4953,      0.1733,      0.1398,    108.3172,      0.1797,      5.6520,     11.3041,      1.5882,     29.3666,     58.7332,      0.0195,      0.0061,      0.2150,      0.2074,   7927.8550,-582541.0625,   -958.6683,    546.6797,  26426.1836,
       1,     170,      84,      19,       1,       3,       1,     10.0000,      1.4119,     42.7764,    251.6492,     63.3302,      3.4953,      0.1392,      0.1061,     81.2628,      0.1676,      5.6520,     11.3041,      1.4810,     29.3666,     58.7332,      0.0195,      0.0058,      0.1691,      0.2074,   7927.8555,-566648.3125,   -956.2516,    547.7682,  26426.1816,
       1,     170,      84,      20,       1,       3,       1,     10.0000,      1.4119,     42.7764,    251.6492,     63.3302,      3.4953,      0.0160,     -0.0167,      0.8873,      0.1586,      5.6520,     11.3041,      1.4016,     29.3666,     58.7332,      0.0195,      0.0056,      0.0019,      0.2074,   7927.8550,-532111.6875,   -950.0510,    550.1340,  26426.1836,
       1,     170,      84,      21,       1,       3,       1,     10.0000,      1.4119,     42.7764,    251.6492,     63.3302,      3.4953,      0.0000,     -0.0325,      7.4149,      0.1531,      5.6520,     11.3041,      1.3532,     29.3666,     58.7332,      0.0195,      0.0058,      0.0156,      0.2075,   7927.8555,-430654.4375,   -930.4201,    557.1161,  26426.1836,
       1,     170,      84,      22,       1,       3,       1,     10.0000,      1.4119,     42.7764,    251.6492,     63.3302,      3.4953,      0.0000,     -0.0324,      7.5401,      0.1495,      5.6520,     11.3041,      1.3209,     29.3666,     58.7332,      0.0195,      0.0059,      0.0156,      0.2076,   7927.8555,-430147.5625,   -930.3085,    557.1959,  26426.1836,
       1,     170,      84,      23,       1,       3,       1,     10.0000,      1.4119,     42.7764,    251.6492,     63.3302,      3.4953,      0.0000,     -0.0324,      6.5346,      0.1475,      5.6520,     11.3041,      1.3037,     29.3666,     58.7332,      0.0195,      0.0051,      0.0156,      0.2076,   7927.8555,-430203.1250,   -930.2969,    557.1920,  26426.1816,
       1,     170,      84,      24,       1,       3,       1,     10.0000,      1.4119,     42.7764,    251.6492,     63.3302,      3.4953,      0.0000,     -0.0323,      5.6548,      0.1474,      5.6520,     11.3041,      1.3023,     29.3666,     58.7332,      0.0195,      0.0044,      0.0156,      0.2076,   7927.8550,-428977.3438,   -930.0341,    557.2774,  26426.1797,
       1,     170,      85,       1,       1,       3,       1,     10.0000,      1.4119,     42.7767,    251.6551,     63.3317,      3.4953,      0.0000,     -0.0322,      5.3537,      0.1439,      5.6517,     11.3034,      1.2712,     29.3749,     58.7497,      0.0195,      0.0042,      0.0156,      0.2076,   7927.8540,-427951.0938,   -930.0930,    557.3619,  26427.3672,
       1,     170,      85,       2,       1,       3,       1,     10.0000,      1.4119,     42.7767,    251.6551,     63.3317,      3.4953,      0.0000,     -0.0322,      4.6148,      0.1424,      5.6517,     11.3034,      1.2584,     29.3749,     58.7497,      0.0195,      0.0036,      0.0156,      0.2076,   7928.2104,-427342.2188,   -929.6650,    557.4044,  26427.3691,
       1,     170,      85,       3,       1,       3,       1,     10.0000,      1.4119,     42.7767,    251.6551,     63.3317,      3.4953,      0.0000,     -0.0322,      4.0081,      0.1423,      5.6517,     11.3034,      1.2571,     29.3749,     58.7497,      0.0195,      0.0031,      0.0156,      0.2076,   7928.2109,-426385.7812,   -929.4515,    557.4710,  26427.3711,
       1,     170,      85,       4,       1,       3,       1,     10.0000,      1.4119,     42.7767,    251.6551,     63.3317,      3.4953,      0.0000,     -0.0321,      3.7923,      0.1403,      5.6517,     11.3034,      1.2395,     29.3749,     58.7497,      0.0195,      0.0029,      0.0156,      0.2076,   7928.2114,-425561.3438,   -929.2656,    557.5284,  26427.3691,
       1,     170,      85,       5,       1,       3,       1,     10.0000,      1.4119,     42.7767,    251.6551,     63.3317,      3.4953,      0.0000,     -0.0320,      3.6613,      0.1383,      5.6517,     11.3034,      1.2220,     29.3749,     58.7497,      0.0195,      0.0028,      0.0156,      0.2076,   7928.2109,-425227.3125,   -929.1773,    557.5518,  26427.3711,
       1,     170,      85,       6,       1,       3,       1,     10.0000,      1.4119,     42.7767,    251.6551,     63.3317,      3.4953,      0.0000,     -0.0319,      3.8162,      0.1340,      5.6517,     11.3034,      1.1842,     29.3749,     58.7497,      0.0195,      0.0030,      0.0156,      0.2076,   7928.2114,-425038.0625,   -929.1160,    557.5649,  26427.3691,
       1,     170,      85,       7,       1,       3,       1,     10.0000,      1.4119,     42.7767,    251.6551,     63.3317,      3.4953,      0.0000,     -0.0318,      3.5808,      0.1323,      5.6517,     11.3034,      1.1687,     29.3749,     58.7497,      0.0195,      0.0028,      0.0156,      0.2076,   7928.2109,-425211.9375,   -929.1242,    557.5528,  26427.3672,
       1,     170,      85,       8,       1,       3,       1,     10.0000,      1.4119,     42.7767,    251.6551,     63.3317,      3.4953,      0.0080,     -0.0238,      3.6292,      0.1309,      5.6517,     11.3034,      1.1568,     29.3749,     58.7497,      0.0195,      0.0028,      0.0156,      0.2076,   7928.2104,-424938.8125,   -929.6830,    557.5718,  26427.3691,
       1,     170,      85,       9,       1,       3,       1,     10.0000,      1.4119,     42.7767,    251.6551,     63.3317,      3.4953,      0.1135,      0.0816,     32.8989,      0.1365,      5.6517,     11.3034,      1.2060,     29.3749,     58.7497,      0.0195,      0.0029,      0.1382,      0.2076,   7928.2109,-424974.6562,   -929.7020,    557.5693,  26427.3711,
       1,     170,      85,      10,       1,       3,       1,     10.0000,      1.4119,     42.7767,    251.6551,     63.3317,      3.4953,      0.1873,      0.1544,     63.7326,      0.1640,      5.6517,     11.3034,      1.4488,     29.3749,     58.7497,      0.0195,      0.0032,      0.2400,      0.2076,   7928.2114,-460798.3125,   -936.7887,    555.0726,  26427.3691,
       1,     170,      85,      11,       1,       3,       1,     10.0000,      1.4119,     42.7767,    251.6551,     63.3317,      3.4953,      0.1940,      0.1608,     61.3769,      0.1741,      5.6517,     11.3034,      1.5384,     29.3749,     58.7497,      0.0195,      0.0030,      0.2500,      0.2076,   7928.2109,-501623.5625,   -944.9972,    552.2455,  26427.3672,
       1,     170,      85,      12,       1,       3,       1,     10.0000,      1.4119,     42.7767,    251.6551,     63.3317,      3.4953,      0.1937,      0.1603,     57.4563,      0.1783,      5.6517,     11.3034,      1.5756,     29.3749,     58.7497,      0.0195,      0.0028,      0.2500,      0.2075,   7928.2104,-502225.8125,   -945.4014,    552.2111,  26427.3691,
       1,     170,      85,      13,       1,       3,       1,     10.0000,      1.4119,     42.7767,    251.6551,     63.3317,      3.4953,      0.1934,      0.1598,     53.5490,      0.1814,      5.6517,     11.3034,      1.6025,     29.3749,     58.7497,      0.0195,      0.0026,      0.2500,      0.2075,   7928.2109,-497464.3438,   -944.7302,    552.5398,  26427.3691,
       1,     170,      85,      14,       1,       3,       1,     10.0000,      1.4119,     42.7767,    251.6551,     63.3317,      3.4953,      0.1931,      0.1594,     51.5495,      0.1887,      5.6517,     11.3034,      1.6675,     29.3749,     58.7497,      0.0195,      0.0025,      0.2500,      0.2075,   7928.2109,-492272.8125,   -943.9353,    552.8984,  26427.3691,
       1,     170,      85,      15,       1,       3,       1,     10.0000,      1.4119,     42.7767,    251.6551,     63.3317,      3.4953,      0.1951,      0.1612,     77.5778,      0.1954,      5.6517,     11.3034,      1.7264,     29.3749,     58.7497,      0.0195,      0.0038,      0.2500,      0.2075,   7928.2109,-489382.2500,   -943.5376,    553.0983,  26427.3691,
       1,     170,      85,      16,       1,       3,       1,     10.0000,      1.4119,     42.7767,    251.6551,     63.3317,      3.4953,      0.1935,      0.1600,     86.9604,      0.1828,      5.6517,     11.3034,      1.6153,     29.3749,     58.7497,      0.0195,      0.0043,      0.2465,      0.2076,   7928.2109,-521021.1250,   -949.9910,    550.9110,  26427.3691,
       1,     170,      85,      17,       1,       3,       1,     10.0000,      1.4119,     42.7767,    251.6551,     63.3317,      3.4953,      0.1947,      0.1613,     94.8562,      0.1778,      5.6517,     11.3034,      1.5709,     29.3749,     58.7497,      0.0195,      0.0046,      0.2472,      0.2075,   7928.2109,-535223.4375,   -953.1208,    549.9373,  26427.3672,
       1,     170,      85,      18,       1,       3,       1,     10.0000,      1.4119,     42.7767,    251.6551,     63.3317,      3.4953,      0.1824,      0.1490,     93.6244,      0.1772,      5.6517,     11.3034,      1.5663,     29.3749,     58.7497,      0.0195,      0.0049,      0.2297,      0.2075,   7928.2104,-546107.0000,   -955.6395,    549.1899,  26427.3691,
       1,     170,      85,      19,       1,       3,       1,     10.0000,      1.4119,     42.7767,    251.6551,     63.3317,      3.4953,      0.1188,      0.0858,     58.8848,      0.1653,      5.6517,     11.3034,      1.4605,     29.3749,     58.7497,      0.0195,      0.0050,      0.1424,      0.2075,   7928.2109,-545521.6875,   -955.9056,    549.2307,  26427.3672,
       1,     170,      85,      20,       1,       3,       1,     10.0000,      1.4119,     42.7767,    251.6551,     63.3317,      3.4953,      0.0139,     -0.0187,      7.0235,      0.1542,      5.6517,     11.3034,      1.3628,     29.3749,     58.7497,      0.0195,      0.0055,      0.0156,      0.2075,   7928.2104,-502877.1250,   -947.7213,    552.1584,  26427.3652,
       1,     170,      85,      21,       1,       3,       1,     10.0000,      1.4119,     42.7767,    251.6551,     63.3317,      3.4953,      0.0000,     -0.0324,      6.2409,      0.1498,      5.6517,     11.3034,      1.3236,     29.3749,     58.7497,      0.0195,      0.0048,      0.0156,      0.2075,   7928.2100,-435736.0312,   -934.3954,    556.8002,  26427.3672,
       1,     170,      85,      22,       1,       3,       1,     10.0000,      1.4119,     42.7767,    251.6551,     63.3317,      3.4953,      0.0000,     -0.0325,      6.0372,      0.1511,      5.6517,     11.3034,      1.3356,     29.3749,     58.7497,      0.0195,      0.0047,      0.0156,      0.2076,   7928.2104,-429115.6250,   -933.0182,    557.2806,  26427.3672,
       1,     170,      85,      23,       1,       3,       1,     10.0000,      1.4119,     42.7767,    251.6551,     63.3317,      3.4953,      0.0000,     -0.0325,      6.1035,      0.1518,      5.6517,     11.3034,      1.3410,     29.3749,     58.7497,      0.0195,      0.0047,      0.0156,      0.2076,   7928.2104,-428278.2812,   -932.7869,    557.3391,  26427.3672,
       1,     170,      85,      24,       1,       3,       1,     10.0000,      1.4119,     42.7767,    251.6551,     63.3317,      3.4953,      0.0000,     -0.0325,      5.4786,      0.1522,      5.6517,     11.3034,      1.3451,     29.3749,     58.7497,      0.0195,      0.0043,      0.0156,      0.2076,   7928.2104,-428287.7812,   -932.7205,    557.3384,  26427.3672,
       1,     170,      86,       1,       1,       3,       1,     10.0000,      1.4119,     42.7770,    251.6611,     63.3332,      3.4953,      0.0000,     -0.0324,      4.5294,      0.1483,      5.6518,     11.3037,      1.3103,     29.3836,     58.7672,      0.0195,      0.0035,      0.0156,      0.2076,   7928.2104,-427678.8750,   -932.8287,    557.3940,  26428.5527,
       1,     170,      86,       2,       1,       3,       1,     10.0000,      1.4119,     42.7770,    251.6611,     63.3332,      3.4953,      0.0000,     -0.0321,      3.8584,      0.1416,      5.6518,     11.3037,      1.2508,     29.3836,     58.7672,      0.0195,      0.0030,      0.0156,      0.2076,   7928.5659,-426312.5312,   -933.7625,    557.4893,  26428.5527,
       1,     170,      86,       3,       1,       3,       1,     10.0000,      1.4119,     42.7770,    251.6611,     63.3332,      3.4953,      0.0000,     -0.0318,      3.5934,      0.1321,      5.6518,     11.3037,      1.1675,     29.3836,     58.7672,      0.0195,      0.0028,      0.0156,      0.2076,   7928.5659,-425374.8750,   -933.5887,    557.5546,  26428.5527,
       1,     170,      86,       4,       1,       3,       1,     10.0000,      1.4119,     42.7770,    251.6611,     63.3332,      3.4953,      0.0000,     -0.0319,      3.7912,      0.1341,      5.6518,     11.3037,      1.1854,     29.3836,     58.7672,      0.0195,      0.0029,      0.0156,      0.2076,   7928.5659,-424970.6562,   -933.5166,    557.5827,  26428.5527,
       1,     170,      86,       5,       1,       3,       1,     10.0000,      1.4119,     42.7770,    251.6611,     63.3332,      3.4953,      0.0000,     -0.0320,      4.1420,      0.1370,      5.6518,     11.3037,      1.2109,     29.3836,     58.7672,      0.0195,      0.0032,      0.0156,      0.2076,   7928.5659,-425178.2500,   -933.5623,    557.5683,  26428.5508,
       1,     170,      86,       6,       1,       3,       1,     10.0000,      1.4119,     42.7770,    251.6611,     63.3332,      3.4953,      0.0000,     -0.0320,      3.8479,      0.1373,      5.6518,     11.3037,      1.2134,     29.3836,     58.7672,      0.0195,      0.0030,      0.0156,      0.2076,   7928.5654,-425625.3125,   -933.6529,    557.5371,  26428.5527,
       1,     170,      86,       7,       1,       3,       1,     10.0000,      1.4119,     42.7770,    251.6611,     63.3332,      3.4953,      0.0000,     -0.0320,      2.5835,      0.1387,      5.6518,     11.3037,      1.2258,     29.3836,     58.7672,      0.0195,      0.0020,      0.0156,      0.2076,   7928.5659,-425303.4375,   -933.5887,    557.5596,  26428.5527,
       1,     170,      86,       8,       1,       3,       1,     10.0000,      1.4119,     42.7770,    251.6611,     63.3332,      3.4953,      0.0036,     -0.0285,      1.5998,      0.1408,      5.6518,     11.3037,      1.2445,     29.3836,     58.7672,      0.0195,      0.0012,      0.0156,      0.2076,   7928.5659,-423728.7500,   -933.3482,    557.6693,  26428.5508,
       1,     170,      86,       9,       1,       3,       1,     10.0000,      1.4119,     42.7770,    251.6611,     63.3332,      3.4953,      0.0980,      0.0661,     16.2073,      0.1336,      5.6518,     11.3037,      1.1806,     29.3836,     58.7672,      0.0195,      0.0017,      0.1180,      0.2076,   7928.5654,-422390.9062,   -933.0923,    557.7626,  26428.5508,
       1,     170,      86,      10,       1,       3,       1,     10.0000,      1.4119,     42.7770,    251.6611,     63.3332,      3.4953,      0.1831,      0.1502,     44.7165,      0.1627,      5.6518,     11.3037,      1.4373,     29.3836,     58.7672,      0.0195,      0.0023,      0.2360,      0.2076,   7928.5654,-440151.0312,   -936.6476,    556.5243,  26428.5508,
       1,     170,      86,      11,       1,       3,       1,     10.0000,      1.4119,     42.7770,    251.6611,     63.3332,      3.4953,      0.1925,      0.1592,     49.2311,      0.1736,      5.6518,     11.3037,      1.5338,     29.3836,     58.7672,      0.0195,      0.0024,      0.2491,      0.2076,   7928.5654,-476563.4375,   -943.9911,    553.9927,  26428.5527,
       1,     170,      86,      12,       1,       3,       1,     10.0000,      1.4119,     42.7770,    251.6611,     63.3332,      3.4953,      0.1931,      0.1596,     49.5279,      0.1790,      5.6518,     11.3037,      1.5820,     29.3836,     58.7672,      0.0195,      0.0024,      0.2500,      0.2076,   7928.5659,-485208.2188,   -945.9089,    553.3998,  26428.5527,
       1,     170,      86,      13,       1,       3,       1,     10.0000,      1.4119,     42.7770,    251.6611,     63.3332,      3.4953,      0.1932,      0.1593,     52.5033,      0.1923,      5.6518,     11.3037,      1.6993,     29.3836,     58.7672,      0.0195,      0.0025,      0.2500,      0.2076,   7928.5659,-486300.8438,   -946.3363,    553.3245,  26428.5527,
       1,     170,      86,      14,       1,       3,       1,     10.0000,      1.4119,     42.7770,    251.6611,     63.3332,      3.4953,      0.1916,      0.1577,     32.1040,      0.1925,      5.6518,     11.3037,      1.7010,     29.3836,     58.7672,      0.0195,      0.0016,      0.2500,      0.2076,   7928.5659,-490037.6875,   -947.2693,    553.0660,  26428.5547,
       1,     170,      86,      15,       1,       3,       1,     10.0000,      1.4119,     42.7770,    251.6611,     63.3332,      3.4953,      0.1937,      0.1598,     59.5122,      0.1946,      5.6518,     11.3037,      1.7196,     29.3836,     58.7672,      0.0195,      0.0029,      0.2500,      0.2076,   7928.5669,-465368.7812,   -942.4833,    554.7715,  26428.5508,
       1,     170,      86,      16,       1,       3,       1,     10.0000,      1.4119,     42.7770,    251.6611,     63.3332,      3.4953,      0.1950,      0.1610,     75.8151,      0.1969,      5.6518,     11.3037,      1.7402,     29.3836,     58.7672,      0.0195,      0.0037,      0.2500,      0.2076,   7928.5654,-496837.9688,   -948.8986,    552.5919,  26428.5488,
       1,     170,      86,      17,       1,       3,       1,     10.0000,      1.4119,     42.7770,    251.6611,     63.3332,      3.4953,      0.1963,      0.1624,     92.1664,      0.1936,      5.6518,     11.3037,      1.7111,     29.3836,     58.7672,      0.0195,      0.0045,      0.2500,      0.2076,   7928.5649,-519495.9062,   -953.6371,    551.0312,  26428.5488,
       1,     170,      86,      18,       1,       3,       1,     10.0000,      1.4119,     42.7770,    251.6611,     63.3332,      3.4953,      0.1819,      0.1483,     96.0876,      0.1823,      5.6518,     11.3037,      1.6106,     29.3836,     58.7672,      0.0195,      0.0051,      0.2287,      0.2075,   7928.5649,-541460.4375,   -958.3327,    549.5204,  26428.5508,
       1,     170,      86,      19,       1,       3,       1,     10.0000,      1.4119,     42.7770,    251.6611,     63.3332,      3.4953,      0.1135,      0.0804,     58.9570,      0.1701,      5.6518,     11.3037,      1.5035,     29.3836,     58.7672,      0.0195,      0.0053,      0.1348,      0.2075,   7928.5654,-548137.1250,   -960.0410,    549.0638,  26428.5488,
       1,     170,      86,      20,       1,       3,       1,     10.0000,      1.4119,     42.7770,    251.6611,     63.3332,      3.4953,      0.0207,     -0.0121,      3.3795,      0.1610,      5.6518,     11.3037,      1.4230,     29.3836,     58.7672,      0.0195,      0.0050,      0.0083,      0.2075,   7928.5649,-503179.9062,   -951.3041,    552.1497,  26428.5488,
       1,     170,      86,      21,       1,       3,       1,     10.0000,      1.4119,     42.7770,    251.6611,     63.3332,      3.4953,      0.0000,     -0.0326,      6.5590,      0.1539,      5.6518,     11.3037,      1.3601,     29.3836,     58.7672,      0.0195,      0.0051,      0.0156,      0.2076,   7928.5649,-431299.6562,   -936.8846,    557.1193,  26428.5508,
       1,     170,      86,      22,       1,       3,       1,     10.0000,      1.4119,     42.7770,    251.6611,     63.3332,      3.4953,      0.0000,     -0.0326,      6.7186,      0.1533,      5.6518,     11.3037,      1.3546,     29.3836,     58.7672,      0.0195,      0.0052,      0.0156,      0.2076,   7928.5654,-429132.6562,   -936.3825,    557.2927,  26428.5508,
       1,     170,      86,      23,       1,       3,       1,     10.0000,      1.4119,     42.7770,    251.6611,     63.3332,      3.4953,      0.0000,     -0.0326,      6.2027,      0.1534,      5.6518,     11.3037,      1.3560,     29.3836,     58.7672,      0.0195,      0.0048,      0.0156,      0.2076,   7928.5654,-429115.7500,   -936.3062,    557.2939,  26428.5508,
       1,     170,      86,      24,       1,       3,       1,     10.0000,      1.4119,     42.7770,    251.6611,     63.3332,      3.4953,      0.0000,     -0.0324,      5.4368,      0.1492,      5.6518,     11.3037,      1.3183,     29.3836,     58.7672,      0.0195,      0.0042,      0.0156,      0.2076,   7928.5654,-428482.8438,   -936.1110,    557.3380,  26428.5508,
       1,     170,      87,       1,       1,       3,       1,     10.0000,      1.4120,     42.7774,    251.6670,     63.3347,      3.4953,      0.0000,     -0.0323,      4.4029,      0.1446,      5.6519,     11.3039,      1.2777,     29.3916,     58.7832,      0.0195,      0.0034,      0.0156,      0.2077,   7928.5654,-427646.8750,   -936.1773,    557.4094,  26429.7402,
       1,     170,      87,       2,       1,       3,       1,     10.0000,      1.4120,     42.7774,    251.6670,     63.3347,      3.4953,      0.0000,     -0.0324,      3.7998,      0.1480,      5.6519,     11.3039,      1.3077,     29.3916,     58.7832,      0.0195,      0.0030,      0.0156,      0.2077,   7928.9224,-426157.5000,   -936.9503,    557.5131,  26429.7402,
       1,     170,      87,       3,       1,       3,       1,     10.0000,      1.4120,     42.7774,    251.6670,     63.3347,      3.4953,      0.0000,     -0.0319,      3.5162,      0.1355,      5.6519,     11.3039,      1.1975,     29.3916,     58.7832,      0.0195,      0.0027,      0.0156,      0.2077,   7928.9224,-425292.5000,   -936.4552,    557.5734,  26429.7402,
       1,     170,      87,       4,       1,       3,       1,     10.0000,      1.4120,     42.7774,    251.6670,     63.3347,      3.4953,      0.0000,     -0.0315,      3.1673,      0.1260,      5.6519,     11.3039,      1.1130,     29.3916,     58.7832,      0.0195,      0.0025,      0.0156,      0.2077,   7928.9224,-424871.7500,   -934.2564,    557.6028,  26429.7383,
       1,     170,      87,       5,       1,       3,       1,     10.0000,      1.4120,     42.7774,    251.6670,     63.3347,      3.4953,      0.0000,     -0.0317,      2.6710,      0.1292,      5.6519,     11.3039,      1.1417,     29.3916,     58.7832,      0.0195,      0.0021,      0.0156,      0.2077,   7928.9219,-424409.1562,   -934.3280,    557.6350,  26429.7402,
       1,     170,      87,       6,       1,       3,       1,     10.0000,      1.4120,     42.7774,    251.6670,     63.3347,      3.4953,      0.0000,     -0.0318,      2.1155,      0.1317,      5.6519,     11.3039,      1.1640,     29.3916,     58.7832,      0.0195,      0.0016,      0.0156,      0.2077,   7928.9224,-423762.3438,   -934.3325,    557.6801,  26429.7402,
       1,     170,      87,       7,       1,       3,       1,     10.0000,      1.4120,     42.7774,    251.6670,     63.3347,      3.4953,      0.0000,     -0.0318,      2.4606,      0.1320,      5.6519,     11.3039,      1.1663,     29.3916,     58.7832,      0.0195,      0.0019,      0.0156,      0.2077,   7928.9224,-423027.5000,   -934.2861,    557.7313,  26429.7383,
       1,     170,      87,       8,       1,       3,       1,     10.0000,      1.4120,     42.7774,    251.6670,     63.3347,      3.4953,      0.0097,     -0.0222,      1.4815,      0.1346,      5.6519,     11.3039,      1.1891,     29.3916,     58.7832,      0.0195,      0.0012,      0.0156,      0.2077,   7928.9219,-423387.1250,   -934.4670,    557.7062,  26429.7383,
       1,     170,      87,       9,       1,       3,       1,     10.0000,      1.4120,     42.7774,    251.6670,     63.3347,      3.4953,      0.1443,      0.1121,     15.4170,      0.1449,      5.6519,     11.3039,      1.2803,     29.3916,     58.7832,      0.0195,      0.0010,      0.1840,      0.2077,   7928.9219,-422219.9688,   -934.3027,    557.7877,  26429.7383,
       1,     170,      87,      10,       1,       3,       1,     10.0000,      1.4120,     42.7774,    251.6670,     63.3347,      3.4953,      0.1867,      0.1540,     19.6949,      0.1580,      5.6519,     11.3039,      1.3961,     29.3916,     58.7832,      0.0195,      0.0010,      0.2440,      0.2077,   7928.9219,-439170.2812,   -937.7932,    556.6058,  26429.7383,
       1,     170,      87,      11,       1,       3,       1,     10.0000,      1.4120,     42.7774,    251.6670,     63.3347,      3.4953,      0.1909,      0.1576,     21.8644,      0.1760,      5.6519,     11.3039,      1.5554,     29.3916,     58.7832,      0.0195,      0.0011,      0.2500,      0.2077,   7928.9219,-445854.5000,   -939.3925,    556.1420,  26429.7383,
       1,     170,      87,      12,       1,       3,       1,     10.0000,      1.4120,     42.7774,    251.6670,     63.3347,      3.4953,      0.1907,      0.1570,     20.5205,      0.1865,      5.6519,     11.3039,      1.6478,     29.3916,     58.7832,      0.0195,      0.0010,      0.2500,      0.2076,   7928.9219,-449078.4375,   -940.3773,    555.9181,  26429.7383,
       1,     170,      87,      13,       1,       3,       1,     10.0000,      1.4120,     42.7774,    251.6670,     63.3347,      3.4953,      0.1916,      0.1577,     31.7764,      0.1931,      5.6519,     11.3039,      1.7061,     29.3916,     58.7832,      0.0195,      0.0015,      0.2500,      0.2076,   7928.9219,-447708.0938,   -940.4677,    556.0134,  26429.7383,
       1,     170,      87,      14,       1,       3,       1,     10.0000,      1.4120,     42.7774,    251.6670,     63.3347,      3.4953,      0.1931,      0.1591,     52.0602,      0.1973,      5.6519,     11.3039,      1.7436,     29.3916,     58.7832,      0.0195,      0.0025,      0.2500,      0.2076,   7928.9219,-461367.8125,   -943.5944,    555.0640,  26429.7402,
       1,     170,      87,      15,       1,       3,       1,     10.0000,      1.4120,     42.7774,    251.6670,     63.3347,      3.4953,      0.1943,      0.1604,     67.5556,      0.1960,      5.6519,     11.3039,      1.7316,     29.3916,     58.7832,      0.0195,      0.0033,      0.2500,      0.2076,   7928.9224,-487364.4062,   -949.2307,    553.2610,  26429.7363,
       1,     170,      87,      16,       1,       3,       1,     10.0000,      1.4120,     42.7774,    251.6670,     63.3347,      3.4953,      0.1962,      0.1622,     90.7615,      0.1946,      5.6519,     11.3039,      1.7196,     29.3916,     58.7832,      0.0195,      0.0044,      0.2500,      0.2076,   7928.9214,-508561.3125,   -953.9631,    551.7980,  26429.7383,
       1,     170,      87,      17,       1,       3,       1,     10.0000,      1.4120,     42.7774,    251.6670,     63.3347,      3.4953,      0.1976,      0.1636,    108.4645,      0.1944,      5.6519,     11.3039,      1.7179,     29.3916,     58.7832,      0.0195,      0.0053,      0.2500,      0.2076,   7928.9219,-538794.2500,   -960.5724,    549.7147,  26429.7383,
       1,     170,      87,      18,       1,       3,       1,     10.0000,      1.4120,     42.7774,    251.6670,     63.3347,      3.4953,      0.1854,      0.1517,     99.6708,      0.1882,      5.6519,     11.3039,      1.6626,     29.3916,     58.7832,      0.0195,      0.0052,      0.2334,      0.2075,   7928.9219,-563070.8750,   -966.0690,    548.0505,  26429.7383,
       1,     170,      87,      19,       1,       3,       1,     10.0000,      1.4120,     42.7774,    251.6670,     63.3347,      3.4953,      0.1420,      0.1086,     74.8817,      0.1769,      5.6519,     11.3039,      1.5632,     29.3916,     58.7832,      0.0195,      0.0052,      0.1737,      0.2075,   7928.9219,-554353.5000,   -964.9436,    548.6502,  26429.7363,
       1,     170,      87,      20,       1,       3,       1,     10.0000,      1.4120,     42.7774,    251.6670,     63.3347,      3.4953,      0.0155,     -0.0173,      0.4896,      0.1617,      5.6519,     11.3039,      1.4287,     29.3916,     58.7832,      0.0195,      0.0051,      0.0012,      0.2075,   7928.9214,-523220.0000,   -959.1792,    550.7856,  26429.7363,
       1,     170,      87,      21,       1,       3,       1,     10.0000,      1.4120,     42.7774,    251.6670,     63.3347,      3.4953,      0.0000,     -0.0327,      6.4002,      0.1564,      5.6519,     11.3039,      1.3822,     29.3916,     58.7832,      0.0195,      0.0050,      0.0156,      0.2076,   7928.9214,-429431.7812,   -940.4782,    557.2469,  26429.7363,
       1,     170,      87,      22,       1,       3,       1,     10.0000,      1.4120,     42.7774,    251.6670,     63.3347,      3.4953,      0.0000,     -0.0326,      6.3807,      0.1550,      5.6519,     11.3039,      1.3697,     29.3916,     58.7832,      0.0195,      0.0050,      0.0156,      0.2077,   7928.9214,-428800.5625,   -940.3626,    557.3290,  26429.7344,
       1,     170,      87,      23,       1,       3,       1,     10.0000,      1.4120,     42.7774,    251.6670,     63.3347,      3.4953,      0.0000,     -0.0326,      6.2922,      0.1535,      5.6519,     11.3039,      1.3560,     29.3916,     58.7832,      0.0195,      0.0049,      0.0156,      0.2077,   7928.9204,-428676.3750,   -940.3398,    557.3376,  26429.7344,
       1,     170,      87,      24,       1,       3,       1,     10.0000,      1.4120,     42.7774,    251.6670,     63.3347,      3.4953,      0.0000,     -0.0325,      5.4893,      0.1516,      5.6519,     11.3039,      1.3397,     29.3916,     58.7832,      0.0195,      0.0043,      0.0156,      0.2077,   7928.9204,-428557.5625,   -940.3107,    557.3459,  26429.7383,
       1,     170,      88,       1,       1,       3,       1,     10.0000,      1.4120,     42.7777,    251.6730,     63.3362,      3.4953,      0.0000,     -0.0325,      4.4796,      0.1507,      5.6519,     11.3039,      1.3317,     29.4016,     58.8032,      0.0195,      0.0035,      0.0156,      0.2077,   7928.9219,-427719.5625,   -940.4259,    557.4174,  26430.9238,
       1,     170,      88,       2,       1,       3,       1,     10.0000,      1.4120,     42.7777,    251.6730,     63.3362,      3.4953,      0.0000,     -0.0324,      3.7486,      0.1486,      5.6519,     11.3039,      1.3130,     29.4016,     58.8032,      0.0195,      0.0029,      0.0156,      0.2077,   7929.2773,-426260.1562,   -939.8316,    557.5190,  26430.9238,
       1,     170,      88,       3,       1,       3,       1,     10.0000,      1.4120,     42.7777,    251.6730,     63.3362,      3.4953,      0.0000,     -0.0323,      3.5011,      0.1443,      5.6519,     11.3039,      1.2751,     29.4016,     58.8032,      0.0195,      0.0027,      0.0156,      0.2077,   7929.2773,-425241.3750,   -939.6157,    557.5901,  26430.9238,
       1,     170,      88,       4,       1,       3,       1,     10.0000,      1.4120,     42.7777,    251.6730,     63.3362,      3.4953,      0.0000,     -0.0322,      3.2971,      0.1427,      5.6519,     11.3039,      1.2611,     29.4016,     58.8032,      0.0195,      0.0026,      0.0156,      0.2077,   7929.2773,-424851.6875,   -939.5256,    557.6171,  26430.9238,
       1,     170,      88,       5,       1,       3,       1,     10.0000,      1.4120,     42.7777,    251.6730,     63.3362,      3.4953,      0.0000,     -0.0321,      3.0501,      0.1396,      5.6519,     11.3039,      1.2333,     29.4016,     58.8032,      0.0195,      0.0024,      0.0156,      0.2077,   7929.2773,-424568.9375,   -939.4561,    557.6369,  26430.9219,
       1,     170,      88,       6,       1,       3,       1,     10.0000,      1.4120,     42.7777,    251.6730,     63.3362,      3.4953,      0.0000,     -0.0322,      2.9654,      0.1431,      5.6519,     11.3039,      1.2649,     29.4016,     58.8032,      0.0195,      0.0023,      0.0156,      0.2077,   7929.2769,-424242.7812,   -939.3781,    557.6596,  26430.9238,
       1,     170,      88,       7,       1,       3,       1,     10.0000,      1.4120,     42.7777,    251.6730,     63.3362,      3.4953,      0.0000,     -0.0322,      2.8314,      0.1434,      5.6519,     11.3039,      1.2674,     29.4016,     58.8032,      0.0195,      0.0022,      0.0156,      0.2077,   7929.2773,-424111.2812,   -939.3382,    557.6688,  26430.9238,
       1,     170,      88,       8,       1,       3,       1,     10.0000,      1.4120,     42.7777,    251.6730,     63.3362,      3.4953,      0.0039,     -0.0283,      2.4671,      0.1430,      5.6519,     11.3039,      1.2636,     29.4016,     58.8032,      0.0195,      0.0019,      0.0156,      0.2077,   7929.2773,-423936.0312,   -939.2895,    557.6810,  26430.9238,
       1,     170,      88,       9,       1,       3,       1,     10.0000,      1.4120,     42.7777,    251.6730,     63.3362,      3.4953,      0.0583,      0.0260,      8.6294,      0.1469,      5.6519,     11.3039,      1.2985,     29.4016,     58.8032,      0.0195,      0.0017,      0.0620,      0.2077,   7929.2773,-423475.3438,   -939.1841,    557.7131,  26430.9258,
       1,     170,      88,      10,       1,       3,       1,     10.0000,      1.4120,     42.7777,    251.6730,     63.3362,      3.4953,      0.1758,      0.1428,     28.2892,      0.1636,      5.6519,     11.3039,      1.4460,     29.4016,     58.8032,      0.0195,      0.0015,      0.2275,      0.2077,   7929.2778,-430974.6875,   -940.7055,    557.1904,  26430.9238,
       1,     170,      88,      11,       1,       3,       1,     10.0000,      1.4120,     42.7777,    251.6730,     63.3362,      3.4953,      0.1909,      0.1576,     38.8020,      0.1752,      5.6519,     11.3039,      1.5477,     29.4016,     58.8032,      0.0195,      0.0019,      0.2481,      0.2077,   7929.2773,-455668.7188,   -945.7475,    555.4706,  26430.9238,
       1,     170,      88,      12,       1,       3,       1,     10.0000,      1.4120,     42.7777,    251.6730,     63.3362,      3.4953,      0.1922,      0.1584,     40.0738,      0.1914,      5.6519,     11.3039,      1.6910,     29.4016,     58.8032,      0.0195,      0.0019,      0.2500,      0.2077,   7929.2773,-470647.3750,   -948.8599,    554.4333,  26430.9238,
       1,     170,      88,      13,       1,       3,       1,     10.0000,      1.4120,     42.7777,    251.6730,     63.3362,      3.4953,      0.1920,      0.1582,     36.8803,      0.1904,      5.6519,     11.3039,      1.6826,     29.4016,     58.8032,      0.0195,      0.0018,      0.2500,      0.2077,   7929.2773,-473478.7812,   -949.4980,    554.2380,  26430.9258,
       1,     170,      88,      14,       1,       3,       1,     10.0000,      1.4120,     42.7777,    251.6730,     63.3362,      3.4953,      0.1925,      0.1584,     44.0349,      0.2005,      5.6519,     11.3039,      1.7715,     29.4016,     58.8032,      0.0195,      0.0021,      0.2500,      0.2076,   7929.2778,-469808.7188,   -948.8120,    554.4924,  26430.9238,
       1,     170,      88,      15,       1,       3,       1,     10.0000,      1.4120,     42.7777,    251.6730,     63.3362,      3.4953,      0.1942,      0.1601,     65.5456,      0.1999,      5.6519,     11.3039,      1.7662,     29.4016,     58.8032,      0.0195,      0.0032,      0.2500,      0.2077,   7929.2773,-478255.4062,   -950.5575,    553.9069,  26430.9258,
       1,     170,      88,      16,       1,       3,       1,     10.0000,      1.4120,     42.7777,    251.6730,     63.3362,      3.4953,      0.1956,      0.1616,     83.4618,      0.1971,      5.6519,     11.3039,      1.7420,     29.4016,     58.8032,      0.0195,      0.0040,      0.2500,      0.2076,   7929.2778,-505311.4375,   -956.1522,    552.0340,  26430.9258,
       1,     170,      88,      17,       1,       3,       1,     10.0000,      1.4120,     42.7777,    251.6730,     63.3362,      3.4953,      0.1973,      0.1634,    104.9835,      0.1927,      5.6519,     11.3039,      1.7027,     29.4016,     58.8032,      0.0195,      0.0051,      0.2500,      0.2076,   7929.2778,-529565.7500,   -961.2788,    550.3635,  26430.9219,
       1,     170,      88,      18,       1,       3,       1,     10.0000,      1.4120,     42.7777,    251.6730,     63.3362,      3.4953,      0.1763,      0.1427,     98.2347,      0.1839,      5.6519,     11.3039,      1.6251,     29.4016,     58.8032,      0.0195,      0.0054,      0.2205,      0.2076,   7929.2769,-558002.1875,   -967.3826,    548.4097,  26430.9238,
       1,     170,      88,      19,       1,       3,       1,     10.0000,      1.4120,     42.7777,    251.6730,     63.3362,      3.4953,      0.1178,      0.0846,     67.6445,      0.1713,      5.6519,     11.3039,      1.5141,     29.4016,     58.8032,      0.0195,      0.0059,      0.1399,      0.2075,   7929.2773,-552151.6875,   -966.5413,    548.8141,  26430.9219,
       1,     170,      88,      20,       1,       3,       1,     10.0000,      1.4120,     42.7777,    251.6730,     63.3362,      3.4953,      0.0157,     -0.0171,      0.6735,      0.1586,      5.6519,     11.3039,      1.4018,     29.4016,     58.8032,      0.0195,      0.0055,      0.0015,      0.2076,   7929.2769,-514153.7812,   -959.0135,    551.4211,  26430.9238,
       1,     170,      88,      21,       1,       3,       1,     10.0000,      1.4120,     42.7777,    251.6730,     63.3362,      3.4953,      0.0000,     -0.0326,      6.8606,      0.1539,      5.6519,     11.3039,      1.3601,     29.4016,     58.8032,      0.0195,      0.0053,      0.0156,      0.2076,   7929.2773,-428904.6562,   -941.4911,    557.3033,  26430.9219,
       1,     170,      88,      22,       1,       3,       1,     10.0000,      1.4120,     42.7777,    251.6730,     63.3362,      3.4953,      0.0000,     -0.0325,      6.6623,      0.1516,      5.6519,     11.3039,      1.3398,     29.4016,     58.8032,      0.0195,      0.0052,      0.0156,      0.2077,   7929.2769,-429312.9062,   -941.4886,    557.3063,  26430.9219,
       1,     170,      88,      23,       1,       3,       1,     10.0000,      1.4120,     42.7777,    251.6730,     63.3362,      3.4953,      0.0000,     -0.0325,      6.2529,      0.1505,      5.6519,     11.3039,      1.3303,     29.4016,     58.8032,      0.0195,      0.0049,      0.0156,      0.2077,   7929.2769,-429066.6562,   -941.3529,    557.3235,  26430.9238,
       1,     170,      88,      24,       1,       3,       1,     10.0000,      1.4120,     42.7777,    251.6730,     63.3362,      3.4953,      0.0000,     -0.0324,      5.2678,      0.1495,      5.6519,     11.3039,      1.3210,     29.4016,     58.8032,      0.0195,      0.0041,      0.0156,      0.2077,   7929.2773,-428544.4688,   -941.1651,    557.3598,  26430.9219,
       1,     170,      89,       1,       1,       3,       1,     10.0000,      1.4120,     42.7781,    251.6789,     63.3377,      3.4953,      0.0000,     -0.0325,      4.2492,      0.1509,      5.6524,     11.3048,      1.3331,     29.4083,     58.8165,      0.0195,      0.0033,      0.0156,      0.2077,   7929.2769,-427450.0625,   -941.1731,    557.4492,  26432.1074,
       1,     170,      89,       2,       1,       3,       1,     10.0000,      1.4120,     42.7781,    251.6789,     63.3377,      3.4953,      0.0000,     -0.0326,      3.7431,      0.1549,      5.6524,     11.3048,      1.3684,     29.4083,     58.8165,      0.0195,      0.0029,      0.0156,      0.2077,   7929.6323,-425957.8750,   -940.5161,    557.5532,  26432.1035,
       1,     170,      89,       3,       1,       3,       1,     10.0000,      1.4120,     42.7781,    251.6789,     63.3377,      3.4953,      0.0000,     -0.0327,      3.3614,      0.1566,      5.6524,     11.3048,      1.3836,     29.4083,     58.8165,      0.0195,      0.0026,      0.0156,      0.2077,   7929.6313,-425211.9688,   -940.3168,    557.6052,  26432.1055,
       1,     170,      89,       4,       1,       3,       1,     10.0000,      1.4120,     42.7781,    251.6789,     63.3377,      3.4953,      0.0000,     -0.0326,      2.8984,      0.1544,      5.6524,     11.3048,      1.3643,     29.4083,     58.8165,      0.0195,      0.0023,      0.0156,      0.2077,   7929.6318,-424681.1875,   -940.1641,    557.6422,  26432.1074,
       1,     170,      89,       5,       1,       3,       1,     10.0000,      1.4120,     42.7781,    251.6789,     63.3377,      3.4953,      0.0000,     -0.0325,      2.6900,      0.1524,      5.6524,     11.3048,      1.3465,     29.4083,     58.8165,      0.0195,      0.0021,      0.0156,      0.2077,   7929.6323,-424069.5000,   -940.0015,    557.6849,  26432.1035,
       1,     170,      89,       6,       1,       3,       1,     10.0000,      1.4120,     42.7781,    251.6789,     63.3377,      3.4953,      0.0000,     -0.0325,      2.6021,      0.1518,      5.6524,     11.3048,      1.3411,     29.4083,     58.8165,      0.0195,      0.0020,      0.0156,      0.2077,   7929.6313,-423762.6562,   -939.9061,    557.7062,  26432.1055,
       1,     170,      89,       7,       1,       3,       1,     10.0000,      1.4120,     42.7781,    251.6789,     63.3377,      3.4953,      0.0000,     -0.0325,      2.8598,      0.1509,      5.6524,     11.3048,      1.3331,     29.4083,     58.8165,      0.0195,      0.0022,      0.0156,      0.2077,   7929.6318,-423628.9062,   -939.8461,    557.7156,  26432.1055,
       1,     170,      89,       8,       1,       3,       1,     10.0000,      1.4120,     42.7781,    251.6789,     63.3377,      3.4953,      0.0032,     -0.0293,      3.0925,      0.1510,      5.6524,     11.3048,      1.3344,     29.4083,     58.8165,      0.0195,      0.0024,      0.0156,      0.2077,   7929.6318,-423932.6562,   -939.8738,    557.6944,  26432.1055,
       1,     170,      89,       9,       1,       3,       1,     10.0000,      1.4120,     42.7781,    251.6789,     63.3377,      3.4953,      0.0596,      0.0272,     12.3964,      0.1490,      5.6524,     11.3048,      1.3170,     29.4083,     58.8165,      0.0195,      0.0024,      0.0633,      0.2077,   7929.6318,-424243.2812,   -939.8986,    557.6728,  26432.1055,
       1,     170,      89,      10,       1,       3,       1,     10.0000,      1.4120,     42.7781,    251.6789,     63.3377,      3.4953,      0.1472,      0.1144,     35.3950,      0.1609,      5.6524,     11.3048,      1.4216,     29.4083,     58.8165,      0.0195,      0.0023,      0.1857,      0.2077,   7929.6318,-435650.3750,   -942.2325,    556.8776,  26432.1055,
       1,     170,      89,      11,       1,       3,       1,     10.0000,      1.4120,     42.7781,    251.6789,     63.3377,      3.4953,      0.1908,      0.1571,     48.9994,      0.1872,      5.6524,     11.3048,      1.6545,     29.4083,     58.8165,      0.0195,      0.0024,      0.2469,      0.2077,   7929.6318,-464762.0000,   -948.2588,    554.8517,  26432.1055,
       1,     170,      89,      12,       1,       3,       1,     10.0000,      1.4120,     42.7781,    251.6789,     63.3377,      3.4953,      0.1930,      0.1585,     51.1929,      0.2114,      5.6524,     11.3048,      1.8685,     29.4083,     58.8165,      0.0195,      0.0025,      0.2500,      0.2077,   7929.6318,-483902.7500,   -952.2480,    553.5279,  26432.1074,
       1,     170,      89,      13,       1,       3,       1,     10.0000,      1.4120,     42.7781,    251.6789,     63.3377,      3.4953,      0.1933,      0.1587,     56.5597,      0.2184,      5.6524,     11.3048,      1.9301,     29.4083,     58.8165,      0.0195,      0.0027,      0.2500,      0.2077,   7929.6323,-488216.2812,   -953.1411,    553.2310,  26432.1074,
       1,     170,      89,      14,       1,       3,       1,     10.0000,      1.4120,     42.7781,    251.6789,     63.3377,      3.4953,      0.1931,      0.1583,     58.2320,      0.2250,      5.6524,     11.3048,      1.9878,     29.4083,     58.8165,      0.0195,      0.0028,      0.2495,      0.2077,   7929.6323,-495152.4375,   -954.6212,    552.7513,  26432.1055,
       1,     170,      89,      15,       1,       3,       1,     10.0000,      1.4120,     42.7781,    251.6789,     63.3377,      3.4953,      0.1943,      0.1596,     73.7181,      0.2230,      5.6524,     11.3048,      1.9703,     29.4083,     58.8165,      0.0195,      0.0036,      0.2496,      0.2077,   7929.6318,-497790.5000,   -955.2426,    552.5693,  26432.1035,
       1,     170,      89,      16,       1,       3,       1,     10.0000,      1.4120,     42.7781,    251.6789,     63.3377,      3.4953,      0.1973,      0.1621,    130.0120,      0.2397,      5.6524,     11.3048,      2.1184,     29.4083,     58.8165,      0.0195,      0.0064,      0.2477,      0.2076,   7929.6313,-516978.6875,   -959.3377,    551.2440,  26432.1035,
       1,     170,      89,      17,       1,       3,       1,     10.0000,      1.4120,     42.7781,    251.6789,     63.3377,      3.4953,      0.1900,      0.1550,    131.8869,      0.2290,      5.6524,     11.3048,      2.0232,     29.4083,     58.8165,      0.0195,      0.0067,      0.2367,      0.2076,   7929.6313,-587571.1875,   -974.2428,    546.3813,  26432.1035,
       1,     170,      89,      18,       1,       3,       1,     10.0000,      1.4120,     42.7781,    251.6789,     63.3377,      3.4953,      0.1775,      0.1431,    132.8688,      0.2092,      5.6524,     11.3048,      1.8483,     29.4083,     58.8165,      0.0195,      0.0074,      0.2185,      0.2075,   7929.6313,-595934.4375,   -976.4119,    545.8315,  26432.1035,
       1,     170,      89,      19,       1,       3,       1,     10.0000,      1.4120,     42.7781,    251.6789,     63.3377,      3.4953,      0.1415,      0.1075,    112.2549,      0.1971,      5.6524,     11.3048,      1.7420,     29.4083,     58.8165,      0.0195,      0.0081,      0.1688,      0.2075,   7929.6313,-597823.5625,   -977.3040,    545.7029,  26432.1035,
       1,     170,      89,      20,       1,       3,       1,     10.0000,      1.4120,     42.7781,    251.6789,     63.3377,      3.4953,      0.0170,     -0.0163,      1.5907,      0.1734,      5.6524,     11.3048,      1.5324,     29.4083,     58.8165,      0.0195,      0.0072,      0.0027,      0.2075,   7929.6313,-572698.4375,   -972.5109,    547.4168,  26432.1055,
       1,     170,      89,      21,       1,       3,       1,     10.0000,      1.4120,     42.7781,    251.6789,     63.3377,      3.4953,      0.0000,     -0.0327,     10.1462,      0.1577,      5.6524,     11.3048,      1.3934,     29.4083,     58.8165,      0.0195,      0.0079,      0.0156,      0.2075,   7929.6318,-434889.8125,   -943.7508,    556.8494,  26432.1035,
       1,     170,      89,      22,       1,       3,       1,     10.0000,      1.4120,     42.7781,    251.6789,     63.3377,      3.4953,      0.0000,     -0.0324,      9.4573,      0.1489,      5.6524,     11.3048,      1.3157,     29.4083,     58.8165,      0.0195,      0.0073,      0.0156,      0.2077,   7929.6313,-433906.4688,   -943.4312,    556.9995,  26432.1016,
       1,     170,      89,      23,       1,       3,       1,     10.0000,      1.4120,     42.7781,    251.6789,     63.3377,      3.4953,      0.0000,     -0.0323,      8.4582,      0.1447,      5.6524,     11.3048,      1.2790,     29.4083,     58.8165,      0.0195,      0.0066,      0.0156,      0.2077,   7929.6309,-432880.2500,   -943.1092,    557.0710,  26432.0996,
       1,     170,      89,      24,       1,       3,       1,     10.0000,      1.4120,     42.7781,    251.6789,     63.3377,      3.4953,      0.0000,     -0.0323,      8.1993,      0.1467,      5.6524,     11.3048,      1.2959,     29.4083,     58.8165,      0.0195,      0.0064,      0.0156,      0.2077,   7929.6304,-431570.6562,   -942.7415,    557.1622,  26432.1035,
       1,     170,      90,       1,       1,       3,       1,     10.0000,      1.4120,     42.7784,    251.6848,     63.3391,      3.4953,      0.0000,     -0.0322,      7.3179,      0.1440,      5.6522,     11.3045,      1.2726,     29.4145,     58.8290,      0.0195,      0.0057,      0.0156,      0.2077,   7929.6313,-431296.7500,   -942.8993,    557.1944,  26433.2910,
       1,     170,      90,       2,       1,       3,       1,     10.0000,      1.4120,     42.7784,    251.6848,     63.3391,      3.4953,      0.0000,     -0.0321,      4.9795,      0.1401,      5.6522,     11.3045,      1.2384,     29.4145,     58.8290,      0.0195,      0.0039,      0.0156,      0.2077,   7929.9878,-430042.0938,   -942.2538,    557.2818,  26433.2910,
       1,     170,      90,       3,       1,       3,       1,     10.0000,      1.4120,     42.7784,    251.6848,     63.3391,      3.4953,      0.0000,     -0.0323,      3.9952,      0.1445,      5.6522,     11.3045,      1.2765,     29.4145,     58.8290,      0.0195,      0.0031,      0.0156,      0.2077,   7929.9878,-427074.8750,   -941.5778,    557.4885,  26433.2910,
       1,     170,      90,       4,       1,       3,       1,     10.0000,      1.4120,     42.7784,    251.6848,     63.3391,      3.4953,      0.0000,     -0.0323,      3.6053,      0.1446,      5.6522,     11.3045,      1.2778,     29.4145,     58.8290,      0.0195,      0.0028,      0.0156,      0.2077,   7929.9878,-425618.0000,   -941.2294,    557.5900,  26433.2910,
       1,     170,      90,       5,       1,       3,       1,     10.0000,      1.4120,     42.7784,    251.6848,     63.3391,      3.4953,      0.0000,     -0.0322,      2.9965,      0.1420,      5.6522,     11.3045,      1.2547,     29.4145,     58.8290,      0.0195,      0.0023,      0.0156,      0.2077,   7929.9878,-425016.9688,   -941.0658,    557.6320,  26433.2910,
       1,     170,      90,       6,       1,       3,       1,     10.0000,      1.4120,     42.7784,    251.6848,     63.3391,      3.4953,      0.0000,     -0.0318,      2.3469,      0.1331,      5.6522,     11.3045,      1.1759,     29.4145,     58.8290,      0.0195,      0.0018,      0.0156,      0.2077,   7929.9878,-424221.0938,   -940.8690,    557.6874,  26433.2891,
       1,     170,      90,       7,       1,       3,       1,     10.0000,      1.4120,     42.7784,    251.6848,     63.3391,      3.4953,      0.0000,     -0.0318,      2.0400,      0.1316,      5.6522,     11.3045,      1.1629,     29.4145,     58.8290,      0.0195,      0.0016,      0.0156,      0.2077,   7929.9868,-423359.0938,   -940.6666,    557.7475,  26433.2910,
       1,     170,      90,       8,       1,       3,       1,     10.0000,      1.4120,     42.7784,    251.6848,     63.3391,      3.4953,      0.0099,     -0.0218,      2.4337,      0.1280,      5.6522,     11.3045,      1.1314,     29.4145,     58.8290,      0.0195,      0.0019,      0.0156,      0.2077,   7929.9878,-422909.8125,   -940.5524,    557.7788,  26433.2910,
       1,     170,      90,       9,       1,       3,       1,     10.0000,      1.4120,     42.7784,    251.6848,     63.3391,      3.4953,      0.1333,      0.1012,     26.5764,      0.1414,      5.6522,     11.3045,      1.2497,     29.4145,     58.8290,      0.0195,      0.0019,      0.1670,      0.2077,   7929.9878,-423353.0312,   -940.6212,    557.7479,  26433.2910,
       1,     170,      90,      10,       1,       3,       1,     10.0000,      1.4120,     42.7784,    251.6848,     63.3391,      3.4953,      0.1791,      0.1463,     38.1195,      0.1594,      5.6522,     11.3045,      1.4089,     29.4145,     58.8290,      0.0195,      0.0020,      0.2311,      0.2077,   7929.9878,-452919.0000,   -946.8590,    555.6866,  26433.2910,
       1,     170,      90,      11,       1,       3,       1,     10.0000,      1.4120,     42.7784,    251.6848,     63.3391,      3.4953,      0.1924,      0.1592,     40.7550,      0.1720,      5.6522,     11.3045,      1.5203,     29.4145,     58.8290,      0.0195,      0.0020,      0.2500,      0.2077,   7929.9878,-469573.9062,   -950.3993,    554.5336,  26433.2910,
       1,     170,      90,      12,       1,       3,       1,     10.0000,      1.4120,     42.7784,    251.6848,     63.3391,      3.4953,      0.1926,      0.1591,     44.5753,      0.1836,      5.6522,     11.3045,      1.6220,     29.4145,     58.8290,      0.0195,      0.0022,      0.2500,      0.2077,   7929.9878,-474215.8125,   -951.4268,    554.2130,  26433.2930,
       1,     170,      90,      13,       1,       3,       1,     10.0000,      1.4120,     42.7784,    251.6848,     63.3391,      3.4953,      0.1922,      0.1585,     38.5220,      0.1854,      5.6522,     11.3045,      1.6382,     29.4145,     58.8290,      0.0195,      0.0019,      0.2500,      0.2077,   7929.9883,-479285.2500,   -952.5339,    553.8619,  26433.2891,
       1,     170,      90,      14,       1,       3,       1,     10.0000,      1.4120,     42.7784,    251.6848,     63.3391,      3.4953,      0.1937,      0.1599,     58.8677,      0.1895,      5.6522,     11.3045,      1.6743,     29.4145,     58.8290,      0.0195,      0.0029,      0.2500,      0.2077,   7929.9868,-472307.3125,   -951.0959,    554.3452,  26433.2910,
       1,     170,      90,      15,       1,       3,       1,     10.0000,      1.4120,     42.7784,    251.6848,     63.3391,      3.4953,      0.1958,      0.1621,     84.2296,      0.1856,      5.6522,     11.3045,      1.6398,     29.4145,     58.8290,      0.0195,      0.0041,      0.2500,      0.2077,   7929.9878,-496616.1562,   -956.2622,    552.6609,  26433.2910,
       1,     170,      90,      16,       1,       3,       1,     10.0000,      1.4120,     42.7784,    251.6848,     63.3391,      3.4953,      0.1984,      0.1649,    118.3454,      0.1826,      5.6522,     11.3045,      1.6139,     29.4145,     58.8290,      0.0195,      0.0057,      0.2500,      0.2077,   7929.9878,-529743.9375,   -963.4127,    550.3749,  26433.2910,
       1,     170,      90,      17,       1,       3,       1,     10.0000,      1.4120,     42.7784,    251.6848,     63.3391,      3.4953,      0.1999,      0.1663,    136.3469,      0.1810,      5.6522,     11.3045,      1.5995,     29.4145,     58.8290,      0.0195,      0.0066,      0.2500,      0.2076,   7929.9878,-574363.5000,   -973.1479,    547.3099,  26433.2910,
       1,     170,      90,      18,       1,       3,       1,     10.0000,      1.4120,     42.7784,    251.6848,     63.3391,      3.4953,      0.1833,      0.1501,    121.9473,      0.1719,      5.6522,     11.3045,      1.5187,     29.4145,     58.8290,      0.0195,      0.0065,      0.2278,      0.2076,   7929.9878,-600243.8125,   -979.0850,    545.5479,  26433.2910,
       1,     170,      90,      19,       1,       3,       1,     10.0000,      1.4120,     42.7784,    251.6848,     63.3391,      3.4953,      0.1447,      0.1117,     92.5726,      0.1641,      5.6522,     11.3045,      1.4504,     29.4145,     58.8290,      0.0195,      0.0064,      0.1757,      0.2075,   7929.9878,-584779.7500,   -976.3355,    546.6053,  26433.2891,
       1,     170,      90,      20,       1,       3,       1,     10.0000,      1.4120,     42.7784,    251.6848,     63.3391,      3.4953,      0.0158,     -0.0167,      0.9275,      0.1501,      5.6522,     11.3045,      1.3264,     29.4145,     58.8290,      0.0195,      0.0058,      0.0019,      0.2076,   7929.9868,-547447.4375,   -968.8480,    549.1570,  26433.2891,
       1,     170,      90,      21,       1,       3,       1,     10.0000,      1.4120,     42.7784,    251.6848,     63.3391,      3.4953,      0.0000,     -0.0322,      7.0080,      0.1430,      5.6522,     11.3045,      1.2637,     29.4145,     58.8290,      0.0195,      0.0054,      0.0156,      0.2076,   7929.9868,-431993.3438,   -944.4151,    557.0883,  26433.2891,
       1,     170,      90,      22,       1,       3,       1,     10.0000,      1.4120,     42.7784,    251.6848,     63.3391,      3.4953,      0.0000,     -0.0322,      7.1709,      0.1421,      5.6522,     11.3045,      1.2560,     29.4145,     58.8290,      0.0195,      0.0056,      0.0156,      0.2077,   7929.9868,-429793.2500,   -943.8951,    557.2991,  26433.2891,
       1,     170,      90,      23,       1,       3,       1,     10.0000,      1.4120,     42.7784,    251.6848,     63.3391,      3.4953,      0.0000,     -0.0321,      6.9832,      0.1391,      5.6522,     11.3045,      1.2296,     29.4145,     58.8290,      0.0195,      0.0054,      0.0156,      0.2077,   7929.9868,-429734.6562,   -943.8295,    557.3032,  26433.2891,
       1,     170,      90,      24,       1,       3,       1,     10.0000,      1.4120,     42.7784,    251.6848,     63.3391,      3.4953,      0.0000,     -0.0320,      6.3728,      0.1377,      5.6522,     11.3045,      1.2172,     29.4145,     58.8290,      0.0195,      0.0049,      0.0156,      0.2077,   7929.9868,-429500.0000,   -943.7292,    557.3195,  26433.2891,
       1,     170,      91,       1,       1,       3,       1,     10.0000,      1.4121,     42.7787,    251.6908,     63.3406,      3.4953,      0.0000,     -0.0320,      5.4349,      0.1382,      5.6525,     11.3050,      1.2210,     29.4245,     58.8489,      0.0195,      0.0042,      0.0156,      0.2078,   7929.9868,-428888.1562,   -943.8621,    557.3752,  26434.4766,
       1,     170,      91,       2,       1,       3,       1,     10.0000,      1.4121,     42.7787,    251.6908,     63.3406,      3.4953,      0.0000,     -0.0320,      4.6508,      0.1375,      5.6525,     11.3050,      1.2148,     29.4245,     58.8489,      0.0195,      0.0036,      0.0156,      0.2078,   7930.3433,-427535.7500,   -943.2290,    557.4695,  26434.4746,
       1,     170,      91,       3,       1,       3,       1,     10.0000,      1.4121,     42.7787,    251.6908,     63.3406,      3.4953,      0.0000,     -0.0319,      4.5425,      0.1350,      5.6525,     11.3050,      1.1928,     29.4245,     58.8489,      0.0195,      0.0035,      0.0156,      0.2078,   7930.3428,-426461.7188,   -942.9692,    557.5443,  26434.4746,
       1,     170,      91,       4,       1,       3,       1,     10.0000,      1.4121,     42.7787,    251.6908,     63.3406,      3.4953,      0.0000,     -0.0317,      4.2705,      0.1305,      5.6525,     11.3050,      1.1535,     29.4245,     58.8489,      0.0195,      0.0033,      0.0156,      0.2078,   7930.3428,-426237.7188,   -942.8910,    557.5599,  26434.4746,
       1,     170,      91,       5,       1,       3,       1,     10.0000,      1.4121,     42.7787,    251.6908,     63.3406,      3.4953,      0.0000,     -0.0316,      4.4292,      0.1260,      5.6525,     11.3050,      1.1131,     29.4245,     58.8489,      0.0195,      0.0034,      0.0156,      0.2078,   7930.3428,-425885.9688,   -942.7885,    557.5844,  26434.4766,
       1,     170,      91,       6,       1,       3,       1,     10.0000,      1.4121,     42.7787,    251.6908,     63.3406,      3.4953,      0.0000,     -0.0313,      4.7229,      0.1188,      5.6525,     11.3050,      1.0501,     29.4245,     58.8489,      0.0195,      0.0037,      0.0156,      0.2078,   7930.3433,-426049.8438,   -942.7949,    557.5730,  26434.4746,
       1,     170,      91,       7,       1,       3,       1,     10.0000,      1.4121,     42.7787,    251.6908,     63.3406,      3.4953,      0.0000,     -0.0310,      4.7751,      0.1121,      5.6525,     11.3050,      0.9905,     29.4245,     58.8489,      0.0195,      0.0037,      0.0156,      0.2078,   7930.3428,-426423.2500,   -942.8449,    557.5470,  26434.4727,
       1,     170,      91,       8,       1,       3,       1,     10.0000,      1.4121,     42.7787,    251.6908,     63.3406,      3.4953,      0.0097,     -0.0211,      4.7231,      0.1088,      5.6525,     11.3050,      0.9614,     29.4245,     58.8489,      0.0195,      0.0037,      0.0156,      0.2078,   7930.3423,-426519.2188,   -942.8369,    557.5403,  26434.4746,
       1,     170,      91,       9,       1,       3,       1,     10.0000,      1.4121,     42.7787,    251.6908,     63.3406,      3.4953,      0.1360,      0.1044,     57.9168,      0.1276,      5.6525,     11.3050,      1.1279,     29.4245,     58.8489,      0.0195,      0.0042,      0.1674,      0.2078,   7930.3428,-426463.4688,   -942.7939,    557.5442,  26434.4727,
       1,     170,      91,      10,       1,       3,       1,     10.0000,      1.4121,     42.7787,    251.6908,     63.3406,      3.4953,      0.1866,      0.1540,     75.4333,      0.1527,      5.6525,     11.3050,      1.3493,     29.4245,     58.8489,      0.0195,      0.0038,      0.2375,      0.2078,   7930.3423,-491513.8125,   -956.7435,    553.0106,  26434.4727,
       1,     170,      91,      11,       1,       3,       1,     10.0000,      1.4121,     42.7787,    251.6908,     63.3406,      3.4953,      0.1944,      0.1613,     65.3015,      0.1690,      5.6525,     11.3050,      1.4932,     29.4245,     58.8489,      0.0195,      0.0032,      0.2500,      0.2077,   7930.3423,-518549.5625,   -962.6797,    551.1602,  26434.4707,
       1,     170,      91,      12,       1,       3,       1,     10.0000,      1.4121,     42.7787,    251.6908,     63.3406,      3.4953,      0.1934,      0.1600,     53.4353,      0.1769,      5.6525,     11.3050,      1.5634,     29.4245,     58.8489,      0.0195,      0.0026,      0.2500,      0.2077,   7930.3413,-508425.1875,   -960.7197,    551.8608,  26434.4746,
       1,     170,      91,      13,       1,       3,       1,     10.0000,      1.4121,     42.7787,    251.6908,     63.3406,      3.4953,      0.1934,      0.1598,     54.6576,      0.1836,      5.6525,     11.3050,      1.6220,     29.4245,     58.8489,      0.0195,      0.0026,      0.2500,      0.2077,   7930.3428,-493032.3750,   -957.5770,    552.9230,  26434.4727,
       1,     170,      91,      14,       1,       3,       1,     10.0000,      1.4121,     42.7787,    251.6908,     63.3406,      3.4953,      0.1970,      0.1632,     99.9532,      0.1895,      5.6525,     11.3050,      1.6744,     29.4245,     58.8489,      0.0195,      0.0048,      0.2500,      0.2077,   7930.3423,-493224.4375,   -957.7274,    552.9108,  26434.4707,
       1,     170,      91,      15,       1,       3,       1,     10.0000,      1.4121,     42.7787,    251.6908,     63.3406,      3.4953,      0.1995,      0.1658,    132.2123,      0.1865,      5.6525,     11.3050,      1.6480,     29.4245,     58.8489,      0.0195,      0.0064,      0.2500,      0.2077,   7930.3413,-548690.2500,   -969.7877,    549.0773,  26434.4707,
       1,     170,      91,      16,       1,       3,       1,     10.0000,      1.4121,     42.7787,    251.6908,     63.3406,      3.4953,      0.2008,      0.1674,    148.4570,      0.1790,      5.6525,     11.3050,      1.5822,     29.4245,     58.8489,      0.0195,      0.0072,      0.2500,      0.2076,   7930.3413,-592970.4375,   -979.6822,    546.0515,  26434.4707,
       1,     170,      91,      17,       1,       3,       1,     10.0000,      1.4121,     42.7787,    251.6908,     63.3406,      3.4953,      0.1945,      0.1613,    156.4228,      0.1717,      5.6525,     11.3050,      1.5173,     29.4245,     58.8489,      0.0195,      0.0079,      0.2400,      0.2076,   7930.3413,-616661.4375,   -985.3324,    544.4427,  26434.4727,
       1,     170,      91,      18,       1,       3,       1,     10.0000,      1.4121,     42.7787,    251.6908,     63.3406,      3.4953,      0.1808,      0.1476,    147.6817,      0.1685,      5.6525,     11.3050,      1.4887,     29.4245,     58.8489,      0.0195,      0.0081,      0.2212,      0.2075,   7930.3423,-628444.3125,   -988.5358,    543.6431,  26434.4707,
       1,     170,      91,      19,       1,       3,       1,     10.0000,      1.4121,     42.7787,    251.6908,     63.3406,      3.4953,      0.1423,      0.1095,    118.9853,      0.1599,      5.6525,     11.3050,      1.4132,     29.4245,     58.8489,      0.0195,      0.0085,      0.1693,      0.2075,   7930.3413,-618720.3750,   -987.1387,    544.3046,  26434.4707,
       1,     170,      91,      20,       1,       3,       1,     10.0000,      1.4121,     42.7787,    251.6908,     63.3406,      3.4953,      0.0180,     -0.0144,      3.3525,      0.1470,      5.6525,     11.3050,      1.2986,     29.4245,     58.8489,      0.0195,      0.0082,      0.0050,      0.2075,   7930.3413,-582689.5625,   -979.9725,    546.7565,  26434.4688,
       1,     170,      91,      21,       1,       3,       1,     10.0000,      1.4121,     42.7787,    251.6908,     63.3406,      3.4953,      0.0000,     -0.0322,      8.7785,      0.1416,      5.6525,     11.3050,      1.2510,     29.4245,     58.8489,      0.0195,      0.0068,      0.0156,      0.2076,   7930.3408,-437881.2500,   -948.8799,    556.6588,  26434.4688,
       1,     170,      91,      22,       1,       3,       1,     10.0000,      1.4121,     42.7787,    251.6908,     63.3406,      3.4953,      0.0000,     -0.0322,      8.2590,      0.1419,      5.6525,     11.3050,      1.2535,     29.4245,     58.8489,      0.0195,      0.0064,      0.0156,      0.2078,   7930.3408,-432502.5625,   -947.6825,    557.1234,  26434.4688,
       1,     170,      91,      23,       1,       3,       1,     10.0000,      1.4121,     42.7787,    251.6908,     63.3406,      3.4953,      0.0000,     -0.0321,      7.8147,      0.1392,      5.6525,     11.3050,      1.2296,     29.4245,     58.8489,      0.0195,      0.0061,      0.0156,      0.2078,   7930.3408,-431298.8750,   -947.3897,    557.2073,  26434.4688,
       1,     170,      91,      24,       1,       3,       1,     10.0000,      1.4121,     42.7787,    251.6908,     63.3406,      3.4953,      0.0000,     -0.0322,      7.4220,      0.1416,      5.6525,     11.3050,      1.2510,     29.4245,     58.8489,      0.0195,      0.0058,      0.0156,      0.2078,   7930.3408,-430652.7500,   -947.2201,    557.2523,  26434.4668,
       1,     170,      92,       1,       1,       3,       1,     10.0000,      1.4121,     42.7791,    251.6968,     63.3421,      3.4953,      0.0000,     -0.0320,      6.5206,      0.1378,      5.6528,     11.3057,      1.2173,     29.4349,     58.8699,      0.0195,      0.0051,      0.0156,      0.2078,   7930.3403,-430272.9688,   -947.4261,    557.2919,  26435.6582,
       1,     170,      92,       2,       1,       3,       1,     10.0000,      1.4121,     42.7791,    251.6968,     63.3421,      3.4953,      0.0000,     -0.0316,      5.3541,      0.1274,      5.6528,     11.3057,      1.1257,     29.4349,     58.8699,      0.0195,      0.0042,      0.0156,      0.2078,   7930.6978,-428984.7500,   -946.8102,    557.3817,  26435.6582,
       1,     170,      92,       3,       1,       3,       1,     10.0000,      1.4121,     42.7791,    251.6968,     63.3421,      3.4953,      0.0000,     -0.0315,      4.6847,      0.1243,      5.6528,     11.3057,      1.0985,     29.4349,     58.8699,      0.0195,      0.0036,      0.0156,      0.2078,   7930.6978,-427448.4375,   -946.4575,    557.4888,  26435.6582,
       1,     170,      92,       4,       1,       3,       1,     10.0000,      1.4121,     42.7791,    251.6968,     63.3421,      3.4953,      0.0000,     -0.0312,      4.1876,      0.1175,      5.6528,     11.3057,      1.0384,     29.4349,     58.8699,      0.0195,      0.0033,      0.0156,      0.2078,   7930.6978,-426498.8750,   -946.2343,    557.5550,  26435.6582,
       1,     170,      92,       5,       1,       3,       1,     10.0000,      1.4121,     42.7791,    251.6968,     63.3421,      3.4953,      0.0000,     -0.0314,      4.4007,      0.1218,      5.6528,     11.3057,      1.0763,     29.4349,     58.8699,      0.0195,      0.0034,      0.0156,      0.2078,   7930.6978,-425810.0000,   -946.0701,    557.6030,  26435.6562,
       1,     170,      92,       6,       1,       3,       1,     10.0000,      1.4121,     42.7791,    251.6968,     63.3421,      3.4953,      0.0000,     -0.0315,      3.6913,      0.1249,      5.6528,     11.3057,      1.1041,     29.4349,     58.8699,      0.0195,      0.0029,      0.0156,      0.2078,   7930.6973,-426012.1562,   -946.0989,    557.5889,  26435.6582,
       1,     170,      92,       7,       1,       3,       1,     10.0000,      1.4121,     42.7791,    251.6968,     63.3421,      3.4953,      0.0000,     -0.0315,      3.2576,      0.1246,      5.6528,     11.3057,      1.1007,     29.4349,     58.8699,      0.0195,      0.0025,      0.0156,      0.2078,   7930.6978,-425161.7188,   -945.9012,    557.6481,  26435.6582,
       1,     170,      92,       8,       1,       3,       1,     10.0000,      1.4121,     42.7791,    251.6968,     63.3421,      3.4953,      0.0043,     -0.0269,      3.3154,      0.1186,      5.6528,     11.3057,      1.0480,     29.4349,     58.8699,      0.0195,      0.0026,      0.0156,      0.2078,   7930.6978,-424558.9062,   -945.7596,    557.6902,  26435.6582,
       1,     170,      92,       9,       1,       3,       1,     10.0000,      1.4121,     42.7791,    251.6968,     63.3421,      3.4953,      0.1435,      0.1116,     38.4650,      0.1334,      5.6528,     11.3057,      1.1784,     29.4349,     58.8699,      0.0195,      0.0026,      0.1802,      0.2078,   7930.6978,-424578.1875,   -945.7526,    557.6888,  26435.6582,
       1,     170,      92,      10,       1,       3,       1,     10.0000,      1.4121,     42.7791,    251.6968,     63.3421,      3.4953,      0.1852,      0.1524,     62.4285,      0.1586,      5.6528,     11.3057,      1.4019,     29.4349,     58.8699,      0.0195,      0.0032,      0.2370,      0.2078,   7930.6978,-467560.8438,   -955.1306,    554.6925,  26435.6582,
       1,     170,      92,      11,       1,       3,       1,     10.0000,      1.4121,     42.7791,    251.6968,     63.3421,      3.4953,      0.1950,      0.1619,     72.4694,      0.1683,      5.6528,     11.3057,      1.4873,     29.4349,     58.8699,      0.0195,      0.0035,      0.2500,      0.2078,   7930.6978,-500566.3125,   -962.3954,    552.4120,  26435.6602,
       1,     170,      92,      12,       1,       3,       1,     10.0000,      1.4121,     42.7791,    251.6968,     63.3421,      3.4953,      0.1946,      0.1611,     69.2476,      0.1799,      5.6528,     11.3057,      1.5901,     29.4349,     58.8699,      0.0195,      0.0034,      0.2500,      0.2077,   7930.6982,-515668.4062,   -965.8612,    551.3738,  26435.6602,
       1,     170,      92,      13,       1,       3,       1,     10.0000,      1.4121,     42.7791,    251.6968,     63.3421,      3.4953,      0.1931,      0.1594,     49.7317,      0.1854,      5.6528,     11.3057,      1.6382,     29.4349,     58.8699,      0.0195,      0.0024,      0.2500,      0.2077,   7930.6982,-513003.1562,   -965.4977,    551.5585,  26435.6562,
       1,     170,      92,      14,       1,       3,       1,     10.0000,      1.4121,     42.7791,    251.6968,     63.3421,      3.4953,      0.1948,      0.1610,     72.8615,      0.1906,      5.6528,     11.3057,      1.6844,     29.4349,     58.8699,      0.0195,      0.0035,      0.2500,      0.2077,   7930.6973,-488880.3125,   -960.4210,    553.2216,  26435.6562,
       1,     170,      92,      15,       1,       3,       1,     10.0000,      1.4121,     42.7791,    251.6968,     63.3421,      3.4953,      0.1977,      0.1638,    110.0373,      0.1925,      5.6528,     11.3057,      1.7012,     29.4349,     58.8699,      0.0195,      0.0053,      0.2500,      0.2077,   7930.6973,-515149.4688,   -966.2864,    551.4077,  26435.6543,
       1,     170,      92,      16,       1,       3,       1,     10.0000,      1.4121,     42.7791,    251.6968,     63.3421,      3.4953,      0.1994,      0.1657,    131.0818,      0.1856,      5.6528,     11.3057,      1.6399,     29.4349,     58.8699,      0.0195,      0.0064,      0.2500,      0.2077,   7930.6968,-562908.3125,   -976.9778,    548.1188,  26435.6562,
       1,     170,      92,      17,       1,       3,       1,     10.0000,      1.4121,     42.7791,    251.6968,     63.3421,      3.4953,      0.2006,      0.1670,    154.5071,      0.1847,      5.6528,     11.3057,      1.6317,     29.4349,     58.8699,      0.0195,      0.0075,      0.2491,      0.2076,   7930.6973,-592779.5625,   -983.9564,    546.0819,  26435.6562,
       1,     170,      92,      18,       1,       3,       1,     10.0000,      1.4121,     42.7791,    251.6968,     63.3421,      3.4953,      0.1731,      0.1398,    122.4390,      0.1722,      5.6528,     11.3057,      1.5218,     29.4349,     58.8699,      0.0195,      0.0070,      0.2130,      0.2076,   7930.6973,-624037.8125,   -991.3924,    543.9520,  26435.6562,
       1,     170,      92,      19,       1,       3,       1,     10.0000,      1.4121,     42.7791,    251.6968,     63.3421,      3.4953,      0.1505,      0.1174,    115.7996,      0.1680,      5.6528,     11.3057,      1.4843,     29.4349,     58.8699,      0.0195,      0.0077,      0.1814,      0.2075,   7930.6973,-587364.0000,   -984.0255,    546.4498,  26435.6543,
       1,     170,      92,      20,       1,       3,       1,     10.0000,      1.4121,     42.7791,    251.6968,     63.3421,      3.4953,      0.0148,     -0.0177,      0.3541,      0.1509,      5.6528,     11.3057,      1.3331,     29.4349,     58.8699,      0.0195,      0.0078,      0.0005,      0.2076,   7930.6968,-576123.7500,   -982.1062,    547.2234,  26435.6543,
       1,     170,      92,      21,       1,       3,       1,     10.0000,      1.4121,     42.7791,    251.6968,     63.3421,      3.4953,      0.0000,     -0.0322,      8.1244,      0.1421,      5.6528,     11.3057,      1.2561,     29.4349,     58.8699,      0.0195,      0.0063,      0.0156,      0.2076,   7930.6968,-433660.7500,   -951.0817,    556.9688,  26435.6543,
       1,     170,      92,      22,       1,       3,       1,     10.0000,      1.4121,     42.7791,    251.6968,     63.3421,      3.4953,      0.0000,     -0.0319,      8.0853,      0.1344,      5.6528,     11.3057,      1.1880,     29.4349,     58.8699,      0.0195,      0.0063,      0.0156,      0.2078,   7930.6968,-431341.9688,   -950.5571,    557.2174,  26435.6543,
       1,     170,      92,      23,       1,       3,       1,     10.0000,      1.4121,     42.7791,    251.6968,     63.3421,      3.4953,      0.0000,     -0.0314,      7.2802,      0.1224,      5.6528,     11.3057,      1.0818,     29.4349,     58.8699,      0.0195,      0.0057,      0.0156,      0.2078,   7930.6968,-430989.9688,   -950.4641,    557.2420,  26435.6543,
       1,     170,      92,      24,       1,       3,       1,     10.0000,      1.4121,     42.7791,    251.6968,     63.3421,      3.4953,      0.0000,     -0.0314,      7.3432,      0.1213,      5.6528,     11.3057,      1.0719,     29.4349,     58.8699,      0.0195,      0.0057,      0.0156,      0.2078,   7930.6968,-429975.2188,   -950.2274,    557.3126,  26435.6562,
       1,     170,      93,       1,       1,       3,       1,     10.0000,      1.4121,     42.7794,    251.7027,     63.3436,      3.4953,      0.0000,     -0.0312,      6.2726,      0.1178,      5.6524,     11.3047,      1.0406,     29.4453,     58.8907,      0.0195,      0.0049,      0.0156,      0.2078,   7930.6973,-430120.7188,   -950.5630,    557.3157,  26436.8438,
       1,     170,      93,       2,       1,       3,       1,     10.0000,      1.4121,     42.7794,    251.7027,     63.3436,      3.4953,      0.0000,     -0.0312,      5.4498,      0.1163,      5.6524,     11.3047,      1.0279,     29.4453,     58.8907,      0.0195,      0.0042,      0.0156,      0.2078,   7931.0532,-428670.7812,   -949.9151,    557.4167,  26436.8438,
       1,     170,      93,       3,       1,       3,       1,     10.0000,      1.4121,     42.7794,    251.7027,     63.3436,      3.4953,      0.0000,     -0.0310,      4.2741,      0.1123,      5.6524,     11.3047,      0.9926,     29.4453,     58.8907,      0.0195,      0.0033,      0.0156,      0.2078,   7931.0532,-427541.2188,   -949.6559,    557.4954,  26436.8438,
       1,     170,      93,       4,       1,       3,       1,     10.0000,      1.4121,     42.7794,    251.7027,     63.3436,      3.4953,      0.0000,     -0.0308,      3.1943,      0.1067,      5.6524,     11.3047,      0.9428,     29.4453,     58.8907,      0.0195,      0.0025,      0.0156,      0.2078,   7931.0532,-426007.3750,   -949.3107,    557.6023,  26436.8418,
       1,     170,      93,       5,       1,       3,       1,     10.0000,      1.4121,     42.7794,    251.7027,     63.3436,      3.4953,      0.0000,     -0.0307,      3.4543,      0.1061,      5.6524,     11.3047,      0.9380,     29.4453,     58.8907,      0.0195,      0.0027,      0.0156,      0.2078,   7931.0527,-424556.6875,   -948.9866,    557.7034,  26436.8418,
       1,     170,      93,       6,       1,       3,       1,     10.0000,      1.4121,     42.7794,    251.7027,     63.3436,      3.4953,      0.0000,     -0.0306,      3.0309,      0.1038,      5.6524,     11.3047,      0.9169,     29.4453,     58.8907,      0.0195,      0.0024,      0.0156,      0.2078,   7931.0527,-424751.0938,   -949.0234,    557.6899,  26436.8418,
       1,     170,      93,       7,       1,       3,       1,     10.0000,      1.4121,     42.7794,    251.7027,     63.3436,      3.4953,      0.0000,     -0.0306,      2.7666,      0.1037,      5.6524,     11.3047,      0.9160,     29.4453,     58.8907,      0.0195,      0.0021,      0.0156,      0.2078,   7931.0527,-424249.8438,   -948.9086,    557.7247,  26436.8418,
       1,     170,      93,       8,       1,       3,       1,     10.0000,      1.4121,     42.7794,    251.7027,     63.3436,      3.4953,      0.0183,     -0.0127,      0.9398,      0.1122,      5.6524,     11.3047,      0.9916,     29.4453,     58.8907,      0.0195,      0.0015,      0.0074,      0.2078,   7931.0527,-423884.0938,   -948.8240,    557.7502,  26436.8418,
       1,     170,      93,       9,       1,       3,       1,     10.0000,      1.4121,     42.7794,    251.7027,     63.3436,      3.4953,      0.1377,      0.1056,     14.1119,      0.1390,      5.6524,     11.3047,      1.2285,     29.4453,     58.8907,      0.0195,      0.0010,      0.1746,      0.2078,   7931.0527,-421619.3438,   -948.3188,    557.9081,  26436.8418,
       1,     170,      93,      10,       1,       3,       1,     10.0000,      1.4121,     42.7794,    251.7027,     63.3436,      3.4953,      0.1837,      0.1507,     19.6843,      0.1635,      5.6524,     11.3047,      1.4447,     29.4453,     58.8907,      0.0195,      0.0010,      0.2397,      0.2078,   7931.0527,-437530.5625,   -951.8320,    556.7986,  26436.8438,
       1,     170,      93,      11,       1,       3,       1,     10.0000,      1.4121,     42.7794,    251.7027,     63.3436,      3.4953,      0.1812,      0.1481,     18.1439,      0.1666,      5.6524,     11.3047,      1.4725,     29.4453,     58.8907,      0.0195,      0.0009,      0.2364,      0.2078,   7931.0532,-445704.0000,   -953.6417,    556.2308,  26436.8438,
       1,     170,      93,      12,       1,       3,       1,     10.0000,      1.4121,     42.7794,    251.7027,     63.3436,      3.4953,      0.1911,      0.1582,     23.4586,      0.1635,      5.6524,     11.3047,      1.4447,     29.4453,     58.8907,      0.0195,      0.0011,      0.2500,      0.2078,   7931.0532,-444515.5938,   -953.3962,    556.3138,  26436.8418,
       1,     170,      93,      13,       1,       3,       1,     10.0000,      1.4121,     42.7794,    251.7027,     63.3436,      3.4953,      0.1923,      0.1588,     40.1730,      0.1803,      5.6524,     11.3047,      1.5933,     29.4453,     58.8907,      0.0195,      0.0019,      0.2500,      0.2078,   7931.0527,-450914.2188,   -954.8284,    555.8688,  26436.8418,
       1,     170,      93,      14,       1,       3,       1,     10.0000,      1.4121,     42.7794,    251.7027,     63.3436,      3.4953,      0.1941,      0.1604,     62.4610,      0.1850,      5.6524,     11.3047,      1.6350,     29.4453,     58.8907,      0.0195,      0.0030,      0.2500,      0.2078,   7931.0527,-471903.2812,   -959.4974,    554.4105,  26436.8438,
       1,     170,      93,      15,       1,       3,       1,     10.0000,      1.4121,     42.7794,    251.7027,     63.3436,      3.4953,      0.1969,      0.1631,     98.7488,      0.1876,      5.6524,     11.3047,      1.6579,     29.4453,     58.8907,      0.0195,      0.0048,      0.2500,      0.2078,   7931.0532,-500963.8750,   -965.9973,    552.3985,  26436.8418,
       1,     170,      93,      16,       1,       3,       1,     10.0000,      1.4121,     42.7794,    251.7027,     63.3436,      3.4953,      0.1987,      0.1646,    122.8335,      0.1977,      5.6524,     11.3047,      1.7473,     29.4453,     58.8907,      0.0195,      0.0060,      0.2500,      0.2078,   7931.0527,-547861.1250,   -976.5625,    549.1639,  26436.8398,
       1,     170,      93,      17,       1,       3,       1,     10.0000,      1.4121,     42.7794,    251.7027,     63.3436,      3.4953,      0.1956,      0.1618,    107.3730,      0.1884,      5.6524,     11.3047,      1.6645,     29.4453,     58.8907,      0.0195,      0.0053,      0.2472,      0.2077,   7931.0522,-581372.4375,   -984.3593,    546.8730,  26436.8418,
       1,     170,      93,      18,       1,       3,       1,     10.0000,      1.4121,     42.7794,    251.7027,     63.3436,      3.4953,      0.1810,      0.1476,    110.6431,      0.1750,      5.6524,     11.3047,      1.5464,     29.4453,     58.8907,      0.0195,      0.0059,      0.2257,      0.2076,   7931.0527,-565271.3750,   -981.3025,    547.9785,  26436.8418,
       1,     170,      93,      19,       1,       3,       1,     10.0000,      1.4121,     42.7794,    251.7027,     63.3436,      3.4953,      0.1182,      0.0853,     68.6275,      0.1619,      5.6524,     11.3047,      1.4303,     29.4453,     58.8907,      0.0195,      0.0059,      0.1404,      0.2077,   7931.0527,-567909.5000,   -982.3537,    547.7988,  26436.8398,
       1,     170,      93,      20,       1,       3,       1,     10.0000,      1.4121,     42.7794,    251.7027,     63.3436,      3.4953,      0.0103,     -0.0216,      7.0143,      0.1357,      5.6524,     11.3047,      1.1989,     29.4453,     58.8907,      0.0195,      0.0054,      0.0156,      0.2077,   7931.0522,-516646.5000,   -971.3992,    551.3090,  26436.8379,
       1,     170,      93,      21,       1,       3,       1,     10.0000,      1.4121,     42.7794,    251.7027,     63.3436,      3.4953,      0.0000,     -0.0316,      7.7292,      0.1271,      5.6524,     11.3047,      1.1234,     29.4453,     58.8907,      0.0195,      0.0060,      0.0156,      0.2077,   7931.0518,-436896.1875,   -953.8520,    556.8162,  26436.8379,
       1,     170,      93,      22,       1,       3,       1,     10.0000,      1.4121,     42.7794,    251.7027,     63.3436,      3.4953,      0.0000,     -0.0316,      7.8019,      0.1264,      5.6524,     11.3047,      1.1166,     29.4453,     58.8907,      0.0195,      0.0061,      0.0156,      0.2078,   7931.0518,-431063.4062,   -952.5516,    557.2498,  26436.8398,
       1,     170,      93,      23,       1,       3,       1,     10.0000,      1.4121,     42.7794,    251.7027,     63.3436,      3.4953,      0.0000,     -0.0318,      7.5361,      0.1312,      5.6524,     11.3047,      1.1594,     29.4453,     58.8907,      0.0195,      0.0059,      0.0156,      0.2078,   7931.0522,-430621.8125,   -952.4444,    557.2807,  26436.8379,
       1,     170,      93,      24,       1,       3,       1,     10.0000,      1.4121,     42.7794,    251.7027,     63.3436,      3.4953,      0.0000,     -0.0318,      6.3731,      0.1328,      5.6524,     11.3047,      1.1736,     29.4453,     58.8907,      0.0195,      0.0049,      0.0156,      0.2078,   7931.0518,-430259.1250,   -952.3564,    557.3060,  26436.8379,
       1,     170,      94,       1,       1,       3,       1,     10.0000,      1.4121,     42.7797,    251.7087,     63.3451,      3.4953,      0.0000,     -0.0319,      3.6343,      0.1340,      5.6524,     11.3048,      1.1844,     29.4548,     58.9096,      0.0195,      0.0028,      0.0156,      0.2078,   7931.0518,-428961.0000,   -952.3827,    557.4094,  26438.0234,
       1,     170,      94,       2,       1,       3,       1,     10.0000,      1.4121,     42.7797,    251.7087,     63.3451,      3.4953,      0.0000,     -0.0318,      2.8379,      0.1320,      5.6524,     11.3048,      1.1665,     29.4548,     58.9096,      0.0195,      0.0022,      0.0156,      0.2079,   7931.4072,-425349.4062,   -951.2579,    557.6611,  26438.0254,
       1,     170,      94,       3,       1,       3,       1,     10.0000,      1.4121,     42.7797,    251.7087,     63.3451,      3.4953,      0.0000,     -0.0319,      2.3123,      0.1331,      5.6524,     11.3048,      1.1761,     29.4548,     58.9096,      0.0195,      0.0018,      0.0156,      0.2079,   7931.4077,-424067.8750,   -950.9708,    557.7504,  26438.0234,
       1,     170,      94,       4,       1,       3,       1,     10.0000,      1.4121,     42.7797,    251.7087,     63.3451,      3.4953,      0.0000,     -0.0319,      2.5563,      0.1353,      5.6524,     11.3048,      1.1953,     29.4548,     58.9096,      0.0195,      0.0020,      0.0156,      0.2079,   7931.4072,-423316.2500,   -950.8028,    557.8029,  26438.0234,
       1,     170,      94,       5,       1,       3,       1,     10.0000,      1.4121,     42.7797,    251.7087,     63.3451,      3.4953,      0.0000,     -0.0318,      3.6588,      0.1319,      5.6524,     11.3048,      1.1654,     29.4548,     58.9096,      0.0195,      0.0028,      0.0156,      0.2079,   7931.4072,-423550.3750,   -950.8531,    557.7864,  26438.0234,
       1,     170,      94,       6,       1,       3,       1,     10.0000,      1.4121,     42.7797,    251.7087,     63.3451,      3.4953,      0.0000,     -0.0317,      3.3743,      0.1292,      5.6524,     11.3048,      1.1419,     29.4548,     58.9096,      0.0195,      0.0026,      0.0156,      0.2079,   7931.4072,-424918.4062,   -951.1545,    557.6911,  26438.0234,
       1,     170,      94,       7,       1,       3,       1,     10.0000,      1.4121,     42.7797,    251.7087,     63.3451,      3.4953,      0.0000,     -0.0318,      2.6982,      0.1312,      5.6524,     11.3048,      1.1594,     29.4548,     58.9096,      0.0195,      0.0021,      0.0156,      0.2079,   7931.4072,-424687.0938,   -951.1007,    557.7073,  26438.0234,
       1,     170,      94,       8,       1,       3,       1,     10.0000,      1.4121,     42.7797,    251.7087,     63.3451,      3.4953,      0.0093,     -0.0225,      2.2452,      0.1303,      5.6524,     11.3048,      1.1512,     29.4548,     58.9096,      0.0195,      0.0017,      0.0156,      0.2079,   7931.4072,-423840.8125,   -950.9105,    557.7663,  26438.0234,
       1,     170,      94,       9,       1,       3,       1,     10.0000,      1.4121,     42.7797,    251.7087,     63.3451,      3.4953,      0.1300,      0.0978,     23.7943,      0.1422,      5.6524,     11.3048,      1.2561,     29.4548,     58.9096,      0.0195,      0.0018,      0.1625,      0.2079,   7931.4072,-423214.9375,   -950.7695,    557.8099,  26438.0234,
       1,     170,      94,      10,       1,       3,       1,     10.0000,      1.4121,     42.7797,    251.7087,     63.3451,      3.4953,      0.1721,      0.1393,     28.7567,      0.1617,      5.6524,     11.3048,      1.4289,     29.4548,     58.9096,      0.0195,      0.0016,      0.2222,      0.2079,   7931.4072,-449505.0000,   -956.6374,    555.9768,  26438.0234,
       1,     170,      94,      11,       1,       3,       1,     10.0000,      1.4121,     42.7797,    251.7087,     63.3451,      3.4953,      0.1916,      0.1580,     30.2624,      0.1809,      5.6524,     11.3048,      1.5981,     29.4548,     58.9096,      0.0195,      0.0015,      0.2500,      0.2078,   7931.4072,-457822.2188,   -958.5244,    555.4018,  26438.0215,
       1,     170,      94,      12,       1,       3,       1,     10.0000,      1.4121,     42.7797,    251.7087,     63.3451,      3.4953,      0.1917,      0.1579,     32.8789,      0.1887,      5.6524,     11.3048,      1.6679,     29.4548,     58.9096,      0.0195,      0.0016,      0.2500,      0.2078,   7931.4067,-460369.1250,   -959.1325,    555.2252,  26438.0234,
       1,     170,      94,      13,       1,       3,       1,     10.0000,      1.4121,     42.7797,    251.7087,     63.3451,      3.4953,      0.1915,      0.1571,     32.5632,      0.2117,      5.6524,     11.3048,      1.8705,     29.4548,     58.9096,      0.0195,      0.0016,      0.2500,      0.2078,   7931.4072,-463785.7188,   -959.9390,    554.9882,  26438.0215,
       1,     170,      94,      14,       1,       3,       1,     10.0000,      1.4121,     42.7797,    251.7087,     63.3451,      3.4953,      0.1926,      0.1580,     46.0173,      0.2150,      5.6524,     11.3048,      1.9002,     29.4548,     58.9096,      0.0195,      0.0022,      0.2500,      0.2078,   7931.4067,-463690.4688,   -959.9641,    554.9948,  26438.0234,
       1,     170,      94,      15,       1,       3,       1,     10.0000,      1.4121,     42.7797,    251.7087,     63.3451,      3.4953,      0.1953,      0.1607,     81.7260,      0.2187,      5.6524,     11.3048,      1.9323,     29.4548,     58.9096,      0.0195,      0.0040,      0.2500,      0.2078,   7931.4072,-480139.2500,   -963.6881,    553.8537,  26438.0215,
       1,     170,      94,      16,       1,       3,       1,     10.0000,      1.4121,     42.7797,    251.7087,     63.3451,      3.4953,      0.1973,      0.1629,    105.8343,      0.2094,      5.6524,     11.3048,      1.8504,     29.4548,     58.9096,      0.0195,      0.0051,      0.2500,      0.2078,   7931.4067,-525231.7500,   -973.8604,    550.7331,  26438.0234,
       1,     170,      94,      17,       1,       3,       1,     10.0000,      1.4121,     42.7797,    251.7087,     63.3451,      3.4953,      0.1978,      0.1634,    123.3443,      0.2090,      5.6524,     11.3048,      1.8467,     29.4548,     58.9096,      0.0195,      0.0060,      0.2487,      0.2077,   7931.4072,-558605.5000,   -981.6055,    548.4444,  26438.0215,
       1,     170,      94,      18,       1,       3,       1,     10.0000,      1.4121,     42.7797,    251.7087,     63.3451,      3.4953,      0.1832,      0.1492,    136.5409,      0.1962,      5.6524,     11.3048,      1.7336,     29.4548,     58.9096,      0.0195,      0.0073,      0.2262,      0.2077,   7931.4067,-582893.6875,   -987.4745,    546.7840,  26438.0195,
       1,     170,      94,      19,       1,       3,       1,     10.0000,      1.4121,     42.7797,    251.7087,     63.3451,      3.4953,      0.1362,      0.1027,     98.9135,      0.1803,      5.6524,     11.3048,      1.5933,     29.4548,     58.9096,      0.0195,      0.0074,      0.1627,      0.2077,   7931.4062,-601131.6250,   -992.1108,    545.5400,  26438.0215,
       1,     170,      94,      20,       1,       3,       1,     10.0000,      1.4121,     42.7797,    251.7087,     63.3451,      3.4953,      0.0207,     -0.0122,      4.8060,      0.1606,      5.6524,     11.3048,      1.4189,     29.4548,     58.9096,      0.0195,      0.0072,      0.0081,      0.2076,   7931.4067,-556552.0000,   -982.7224,    548.5814,  26438.0215,
       1,     170,      94,      21,       1,       3,       1,     10.0000,      1.4121,     42.7797,    251.7087,     63.3451,      3.4953,      0.0000,     -0.0326,      9.0706,      0.1535,      5.6524,     11.3048,      1.3562,     29.4548,     58.9096,      0.0195,      0.0070,      0.0156,      0.2077,   7931.4067,-437511.7500,   -956.3582,    556.7528,  26438.0215,
       1,     170,      94,      22,       1,       3,       1,     10.0000,      1.4121,     42.7797,    251.7087,     63.3451,      3.4953,      0.0000,     -0.0325,      9.3304,      0.1498,      5.6524,     11.3048,      1.3238,     29.4548,     58.9096,      0.0195,      0.0072,      0.0156,      0.2078,   7931.4067,-432799.0625,   -955.3033,    557.1418,  26438.0195,
       1,     170,      94,      23,       1,       3,       1,     10.0000,      1.4121,     42.7797,    251.7087,     63.3451,      3.4953,      0.0000,     -0.0325,      8.2330,      0.1510,      5.6524,     11.3048,      1.3346,     29.4548,     58.9096,      0.0195,      0.0064,      0.0156,      0.2078,   7931.4062,-432641.3125,   -955.2663,    557.1531,  26438.0195,
       1,     170,      94,      24,       1,       3,       1,     10.0000,      1.4121,     42.7797,    251.7087,     63.3451,      3.4953,      0.0000,     -0.0323,      6.2784,      0.1445,      5.6524,     11.3048,      1.2766,     29.4548,     58.9096,      0.0195,      0.0049,      0.0156,      0.2078,   7931.4062,-431285.7812,   -954.9602,    557.2474,  26438.0195,
       1,     170,      95,       1,       1,       3,       1,     10.0000,      1.4121,     42.7801,    251.7146,     63.3466,      3.4953,      0.0000,     -0.0322,      4.6703,      0.1414,      5.6531,     11.3061,      1.2498,     29.4641,     58.9281,      0.0195,      0.0036,      0.0156,      0.2079,   7931.4062,-428935.9062,   -954.7559,    557.4242,  26439.2109,
       1,     170,      95,       2,       1,       3,       1,     10.0000,      1.4121,     42.7801,    251.7146,     63.3466,      3.4953,      0.0000,     -0.0321,      3.7307,      0.1386,      5.6531,     11.3061,      1.2248,     29.4641,     58.9281,      0.0195,      0.0029,      0.0156,      0.2079,   7931.7637,-426616.5312,   -953.9113,    557.5859,  26439.2109,
       1,     170,      95,       3,       1,       3,       1,     10.0000,      1.4121,     42.7801,    251.7146,     63.3466,      3.4953,      0.0000,     -0.0320,      3.3327,      0.1376,      5.6531,     11.3061,      1.2161,     29.4641,     58.9281,      0.0195,      0.0026,      0.0156,      0.2079,   7931.7637,-425270.4062,   -953.6088,    557.6797,  26439.2109,
       1,     170,      95,       4,       1,       3,       1,     10.0000,      1.4121,     42.7801,    251.7146,     63.3466,      3.4953,      0.0000,     -0.0321,      3.1515,      0.1393,      5.6531,     11.3061,      1.2310,     29.4641,     58.9281,      0.0195,      0.0024,      0.0156,      0.2079,   7931.7637,-424669.0625,   -953.4733,    557.7216,  26439.2109,
       1,     170,      95,       5,       1,       3,       1,     10.0000,      1.4121,     42.7801,    251.7146,     63.3466,      3.4953,      0.0000,     -0.0319,      2.6843,      0.1339,      5.6531,     11.3061,      1.1833,     29.4641,     58.9281,      0.0195,      0.0021,      0.0156,      0.2079,   7931.7637,-424396.5000,   -953.4119,    557.7407,  26439.2109,
       1,     170,      95,       6,       1,       3,       1,     10.0000,      1.4121,     42.7801,    251.7146,     63.3466,      3.4953,      0.0000,     -0.0316,      2.5312,      0.1277,      5.6531,     11.3061,      1.1280,     29.4641,     58.9281,      0.0195,      0.0020,      0.0156,      0.2079,   7931.7637,-423802.0625,   -953.2784,    557.7821,  26439.2109,
       1,     170,      95,       7,       1,       3,       1,     10.0000,      1.4121,     42.7801,    251.7146,     63.3466,      3.4953,      0.0000,     -0.0316,      2.2092,      0.1261,      5.6531,     11.3061,      1.1143,     29.4641,     58.9281,      0.0195,      0.0017,      0.0156,      0.2079,   7931.7637,-423564.1562,   -953.2249,    557.7986,  26439.2109,
       1,     170,      95,       8,       1,       3,       1,     10.0000,      1.4121,     42.7801,    251.7146,     63.3466,      3.4953,      0.0174,     -0.0143,      0.6310,      0.1301,      5.6531,     11.3061,      1.1501,     29.4641,     58.9281,      0.0195,      0.0014,      0.0053,      0.2079,   7931.7637,-423150.4062,   -953.1320,    557.8275,  26439.2109,
       1,     170,      95,       9,       1,       3,       1,     10.0000,      1.4121,     42.7801,    251.7146,     63.3466,      3.4953,      0.0877,      0.0556,     13.1779,      0.1387,      5.6531,     11.3061,      1.2260,     29.4641,     58.9281,      0.0195,      0.0015,      0.1035,      0.2079,   7931.7637,-421186.0312,   -952.6893,    557.9645,  26439.2109,
       1,     170,      95,      10,       1,       3,       1,     10.0000,      1.4121,     42.7801,    251.7146,     63.3466,      3.4953,      0.1798,      0.1470,     28.7601,      0.1598,      5.6531,     11.3061,      1.4119,     29.4641,     58.9281,      0.0195,      0.0015,      0.2331,      0.2079,   7931.7637,-436354.7188,   -956.1048,    556.9066,  26439.2090,
       1,     170,      95,      11,       1,       3,       1,     10.0000,      1.4121,     42.7801,    251.7146,     63.3466,      3.4953,      0.1913,      0.1580,     26.0514,      0.1734,      5.6531,     11.3061,      1.5326,     29.4641,     58.9281,      0.0195,      0.0013,      0.2500,      0.2079,   7931.7632,-456700.9062,   -960.7007,    555.4912,  26439.2109,
       1,     170,      95,      12,       1,       3,       1,     10.0000,      1.4121,     42.7801,    251.7146,     63.3466,      3.4953,      0.1909,      0.1575,     21.9142,      0.1785,      5.6531,     11.3061,      1.5776,     29.4641,     58.9281,      0.0195,      0.0011,      0.2500,      0.2079,   7931.7637,-455124.2188,   -960.3914,    555.6025,  26439.2109,
       1,     170,      95,      13,       1,       3,       1,     10.0000,      1.4121,     42.7801,    251.7146,     63.3466,      3.4953,      0.1915,      0.1576,     30.3029,      0.1923,      5.6531,     11.3061,      1.6996,     29.4641,     58.9281,      0.0195,      0.0015,      0.2500,      0.2079,   7931.7637,-449928.4062,   -959.2632,    555.9634,  26439.2090,
       1,     170,      95,      14,       1,       3,       1,     10.0000,      1.4121,     42.7801,    251.7146,     63.3466,      3.4953,      0.1919,      0.1578,     35.9382,      0.1976,      5.6531,     11.3061,      1.7457,     29.4641,     58.9281,      0.0195,      0.0017,      0.2500,      0.2079,   7931.7632,-459744.9062,   -961.5075,    555.2813,  26439.2090,
       1,     170,      95,      15,       1,       3,       1,     10.0000,      1.4121,     42.7801,    251.7146,     63.3466,      3.4953,      0.1951,      0.1608,     78.1370,      0.2069,      5.6531,     11.3061,      1.8287,     29.4641,     58.9281,      0.0195,      0.0038,      0.2500,      0.2078,   7931.7632,-467473.1250,   -963.2962,    554.7453,  26439.2090,
       1,     170,      95,      16,       1,       3,       1,     10.0000,      1.4121,     42.7801,    251.7146,     63.3466,      3.4953,      0.1978,      0.1635,    112.9266,      0.2059,      5.6531,     11.3061,      1.8197,     29.4641,     58.9281,      0.0195,      0.0055,      0.2500,      0.2078,   7931.7632,-519745.4688,   -975.1471,    551.1208,  26439.2090,
       1,     170,      95,      17,       1,       3,       1,     10.0000,      1.4121,     42.7801,    251.7146,     63.3466,      3.4953,      0.1982,      0.1639,    126.9567,      0.2053,      5.6531,     11.3061,      1.8143,     29.4641,     58.9281,      0.0195,      0.0062,      0.2489,      0.2078,   7931.7632,-566809.7500,   -986.0244,    547.8904,  26439.2090,
       1,     170,      95,      18,       1,       3,       1,     10.0000,      1.4121,     42.7801,    251.7146,     63.3466,      3.4953,      0.1793,      0.1453,    123.0907,      0.1964,      5.6531,     11.3061,      1.7354,     29.4641,     58.9281,      0.0195,      0.0067,      0.2221,      0.2077,   7931.7632,-588008.5625,   -991.2800,    546.4480,  26439.2051,
       1,     170,      95,      19,       1,       3,       1,     10.0000,      1.4121,     42.7801,    251.7146,     63.3466,      3.4953,      0.1440,      0.1104,     94.4917,      0.1836,      5.6531,     11.3061,      1.6222,     29.4641,     58.9281,      0.0195,      0.0066,      0.1744,      0.2077,   7931.7617,-585065.1250,   -991.1876,    546.6509,  26439.2051,
       1,     170,      95,      20,       1,       3,       1,     10.0000,      1.4121,     42.7801,    251.7146,     63.3466,      3.4953,      0.0209,     -0.0120,      4.9372,      0.1619,      5.6531,     11.3061,      1.4304,     29.4641,     58.9281,      0.0195,      0.0072,      0.0083,      0.2077,   7931.7617,-549765.9375,   -983.7537,    549.0630,  26439.2070,
       1,     170,      95,      21,       1,       3,       1,     10.0000,      1.4121,     42.7801,    251.7146,     63.3466,      3.4953,      0.0000,     -0.0325,      9.2463,      0.1516,      5.6531,     11.3061,      1.3400,     29.4641,     58.9281,      0.0195,      0.0072,      0.0156,      0.2077,   7931.7622,-437107.8125,   -958.5889,    556.8004,  26439.2070,
       1,     170,      95,      22,       1,       3,       1,     10.0000,      1.4121,     42.7801,    251.7146,     63.3466,      3.4953,      0.0000,     -0.0325,      9.7761,      0.1491,      5.6531,     11.3061,      1.3172,     29.4641,     58.9281,      0.0195,      0.0076,      0.0156,      0.2079,   7931.7622,-432974.0312,   -957.6590,    557.1429,  26439.2051,
       1,     170,      95,      23,       1,       3,       1,     10.0000,      1.4121,     42.7801,    251.7146,     63.3466,      3.4953,      0.0000,     -0.0323,      9.1286,      0.1454,      5.6531,     11.3061,      1.2844,     29.4641,     58.9281,      0.0195,      0.0071,      0.0156,      0.2079,   7931.7617,-433203.0312,   -957.7130,    557.1270,  26439.2051,
       1,     170,      95,      24,       1,       3,       1,     10.0000,      1.4121,     42.7801,    251.7146,     63.3466,      3.4953,      0.0000,     -0.0322,      7.6898,      0.1422,      5.6531,     11.3061,      1.2562,     29.4641,     58.9281,      0.0195,      0.0060,      0.0156,      0.2079,   7931.7617,-432430.8438,   -957.5399,    557.1808,  26439.2051,
       1,     170,      96,       1,       1,       3,       1,     10.0000,      1.4122,     42.7804,    251.7206,     63.3481,      3.4953,      0.0000,     -0.0322,      5.5097,      0.1414,      5.6532,     11.3063,      1.2499,     29.4727,     58.9454,      0.0195,      0.0043,      0.0156,      0.2079,   7931.7617,-430760.8750,   -957.4899,    557.3102,  26440.3926,
       1,     170,      96,       2,       1,       3,       1,     10.0000,      1.4122,     42.7804,    251.7206,     63.3481,      3.4953,      0.0000,     -0.0320,      4.0492,      0.1371,      5.6532,     11.3063,      1.2112,     29.4727,     58.9454,      0.0195,      0.0031,      0.0156,      0.2079,   7932.1182,-427801.0000,   -956.4974,    557.5165,  26440.3926,
       1,     170,      96,       3,       1,       3,       1,     10.0000,      1.4122,     42.7804,    251.7206,     63.3481,      3.4953,      0.0000,     -0.0318,      3.5618,      0.1323,      5.6532,     11.3063,      1.1690,     29.4727,     58.9454,      0.0195,      0.0028,      0.0156,      0.2079,   7932.1182,-425763.6562,   -956.0378,    557.6584,  26440.3926,
       1,     170,      96,       4,       1,       3,       1,     10.0000,      1.4122,     42.7804,    251.7206,     63.3481,      3.4953,      0.0000,     -0.0319,      3.3493,      0.1330,      5.6532,     11.3063,      1.1749,     29.4727,     58.9454,      0.0195,      0.0026,      0.0156,      0.2079,   7932.1182,-424994.5000,   -955.8650,    557.7121,  26440.3926,
       1,     170,      96,       5,       1,       3,       1,     10.0000,      1.4122,     42.7804,    251.7206,     63.3481,      3.4953,      0.0000,     -0.0315,      2.7584,      0.1232,      5.6532,     11.3063,      1.0885,     29.4727,     58.9454,      0.0195,      0.0021,      0.0156,      0.2079,   7932.1182,-424669.1250,   -955.7924,    557.7347,  26440.3926,
       1,     170,      96,       6,       1,       3,       1,     10.0000,      1.4122,     42.7804,    251.7206,     63.3481,      3.4953,      0.0000,     -0.0315,      2.6260,      0.1239,      5.6532,     11.3063,      1.0952,     29.4727,     58.9454,      0.0195,      0.0020,      0.0156,      0.2079,   7932.1182,-423919.3125,   -955.6238,    557.7871,  26440.3926,
       1,     170,      96,       7,       1,       3,       1,     10.0000,      1.4122,     42.7804,    251.7206,     63.3481,      3.4953,      0.0000,     -0.0313,      2.2580,      0.1184,      5.6532,     11.3063,      1.0460,     29.4727,     58.9454,      0.0195,      0.0018,      0.0156,      0.2079,   7932.1182,-423693.4062,   -955.5737,    557.8028,  26440.3926,
       1,     170,      96,       8,       1,       3,       1,     10.0000,      1.4122,     42.7804,    251.7206,     63.3481,      3.4953,      0.0139,     -0.0172,      0.1533,      0.1125,      5.6532,     11.3063,      0.9937,     29.4727,     58.9454,      0.0195,      0.0015,      0.0012,      0.2079,   7932.1182,-423224.4375,   -955.4686,    557.8355,  26440.3926,
       1,     170,      96,       9,       1,       3,       1,     10.0000,      1.4122,     42.7804,    251.7206,     63.3481,      3.4953,      0.1366,      0.1048,     21.8280,      0.1319,      5.6532,     11.3063,      1.1654,     29.4727,     58.9454,      0.0195,      0.0015,      0.1723,      0.2079,   7932.1182,-420612.0938,   -954.8759,    558.0177,  26440.3906,
       1,     170,      96,      10,       1,       3,       1,     10.0000,      1.4122,     42.7804,    251.7206,     63.3481,      3.4953,      0.1826,      0.1492,     19.9592,      0.1792,      5.6532,     11.3063,      1.5839,     29.4727,     58.9454,      0.0195,      0.0010,      0.2383,      0.2079,   7932.1177,-446879.4062,   -960.8384,    556.1855,  26440.3906,
       1,     170,      96,      11,       1,       3,       1,     10.0000,      1.4122,     42.7804,    251.7206,     63.3481,      3.4953,      0.1908,      0.1572,     21.1846,      0.1836,      5.6532,     11.3063,      1.6222,     29.4727,     58.9454,      0.0195,      0.0010,      0.2500,      0.2079,   7932.1177,-446841.0000,   -960.8533,    556.1912,  26440.3906,
       1,     170,      96,      12,       1,       3,       1,     10.0000,      1.4122,     42.7804,    251.7206,     63.3481,      3.4953,      0.1903,      0.1559,     16.0381,      0.2078,      5.6532,     11.3063,      1.8359,     29.4727,     58.9454,      0.0195,      0.0008,      0.2500,      0.2079,   7932.1177,-448332.2812,   -961.2154,    556.0875,  26440.3906,
       1,     170,      96,      13,       1,       3,       1,     10.0000,      1.4122,     42.7804,    251.7206,     63.3481,      3.4953,      0.1898,      0.1550,     11.3596,      0.2232,      5.6532,     11.3063,      1.9726,     29.4727,     58.9454,      0.0195,      0.0006,      0.2500,      0.2079,   7932.1177,-442166.9688,   -959.8347,    556.5161,  26440.3906,
       1,     170,      96,      14,       1,       3,       1,     10.0000,      1.4122,     42.7804,    251.7206,     63.3481,      3.4953,      0.1914,      0.1565,     31.4937,      0.2259,      5.6532,     11.3063,      1.9960,     29.4727,     58.9454,      0.0195,      0.0015,      0.2500,      0.2079,   7932.1177,-435923.0000,   -958.4247,    556.9506,  26440.3906,
       1,     170,      96,      15,       1,       3,       1,     10.0000,      1.4122,     42.7804,    251.7206,     63.3481,      3.4953,      0.1989,      0.1640,    128.6294,      0.2279,      5.6532,     11.3063,      2.0136,     29.4727,     58.9454,      0.0195,      0.0062,      0.2500,      0.2079,   7932.1177,-460003.9688,   -963.8992,    555.2743,  26440.3906,
       1,     170,      96,      16,       1,       3,       1,     10.0000,      1.4122,     42.7804,    251.7206,     63.3481,      3.4953,      0.1998,      0.1649,    140.4959,      0.2285,      5.6532,     11.3063,      2.0196,     29.4727,     58.9454,      0.0195,      0.0068,      0.2500,      0.2079,   7932.1177,-580843.3750,   -991.4147,    546.8894,  26440.3906,
       1,     170,      96,      17,       1,       3,       1,     10.0000,      1.4122,     42.7804,    251.7206,     63.3481,      3.4953,      0.1984,      0.1636,    156.1263,      0.2219,      5.6532,     11.3063,      1.9610,     29.4727,     58.9454,      0.0195,      0.0077,      0.2461,      0.2077,   7932.1177,-605842.5000,   -997.6182,    545.2434,  26440.3867,
       1,     170,      96,      18,       1,       3,       1,     10.0000,      1.4122,     42.7804,    251.7206,     63.3481,      3.4953,      0.1818,      0.1481,    146.5802,      0.1861,      5.6532,     11.3063,      1.6449,     29.4727,     58.9454,      0.0195,      0.0080,      0.2230,      0.2077,   7932.1162,-627055.2500,  -1003.1101,    543.8002,  26440.3887,
       1,     170,      96,      19,       1,       3,       1,     10.0000,      1.4122,     42.7804,    251.7206,     63.3481,      3.4953,      0.1645,      0.1307,    123.9336,      0.1891,      5.6532,     11.3063,      1.6713,     29.4727,     58.9454,      0.0195,      0.0075,      0.2006,      0.2076,   7932.1167,-617155.0000,  -1001.6094,    544.4750,  26440.3906,
       1,     170,      96,      20,       1,       3,       1,     10.0000,      1.4122,     42.7804,    251.7206,     63.3481,      3.4953,      0.0565,      0.0232,     32.6299,      0.1747,      5.6532,     11.3063,      1.5434,     29.4727,     58.9454,      0.0195,      0.0071,      0.0558,      0.2077,   7932.1177,-588547.3750,   -995.7864,    546.4224,  26440.3906,
       1,     170,      96,      21,       1,       3,       1,     10.0000,      1.4122,     42.7804,    251.7206,     63.3481,      3.4953,      0.0000,     -0.0328,      8.7247,      0.1601,      5.6532,     11.3063,      1.4148,     29.4727,     58.9454,      0.0195,      0.0068,      0.0156,      0.2077,   7932.1177,-474246.4375,   -970.1718,    554.2330,  26440.3887,
       1,     170,      96,      22,       1,       3,       1,     10.0000,      1.4122,     42.7804,    251.7206,     63.3481,      3.4953,      0.0000,     -0.0327,      8.5160,      0.1553,      5.6532,     11.3063,      1.3728,     29.4727,     58.9454,      0.0195,      0.0066,      0.0156,      0.2079,   7932.1167,-435487.0938,   -961.3750,    556.9743,  26440.3867,
       1,     170,      96,      23,       1,       3,       1,     10.0000,      1.4122,     42.7804,    251.7206,     63.3481,      3.4953,      0.0000,     -0.0323,      6.8849,      0.1454,      5.6532,     11.3063,      1.2844,     29.4727,     58.9454,      0.0195,      0.0053,      0.0156,      0.2079,   7932.1162,-431887.1875,   -960.5591,    557.2318,  26440.3867,
       1,     170,      96,      24,       1,       3,       1,     10.0000,      1.4122,     42.7804,    251.7206,     63.3481,      3.4953,      0.0000,     -0.0319,      6.4680,      0.1339,      5.6532,     11.3063,      1.1833,     29.4727,     58.9454,      0.0195,      0.0050,      0.0156,      0.2079,   7932.1162,-429578.5625,   -960.0362,    557.3926,  26440.3867,
       1,     170,      97,       1,       1,       3,       1,     10.0000,      1.4122,     42.7808,    251.7265,     63.3496,      3.4953,      0.0000,     -0.0319,      4.9707,      0.1335,      5.6531,     11.3062,      1.1797,     29.4840,     58.9681,      0.0195,      0.0039,      0.0156,      0.2079,   7932.1162,-429027.9375,   -960.2451,    557.4442,  26441.5801,
       1,     170,      97,       2,       1,       3,       1,     10.0000,      1.4122,     42.7808,    251.7265,     63.3496,      3.4953,      0.0000,     -0.0316,      4.0406,      0.1255,      5.6531,     11.3062,      1.1087,     29.4840,     58.9681,      0.0195,      0.0031,      0.0156,      0.2079,   7932.4741,-426997.3125,   -959.4543,    557.5856,  26441.5801,
       1,     170,      97,       3,       1,       3,       1,     10.0000,      1.4122,     42.7808,    251.7265,     63.3496,      3.4953,      0.0000,     -0.0314,      3.7317,      0.1213,      5.6531,     11.3062,      1.0720,     29.4840,     58.9681,      0.0195,      0.0029,      0.0156,      0.2079,   7932.4741,-425687.7812,   -959.1580,    557.6769,  26441.5801,
       1,     170,      97,       4,       1,       3,       1,     10.0000,      1.4122,     42.7808,    251.7265,     63.3496,      3.4953,      0.0000,     -0.0313,      2.9185,      0.1184,      5.6531,     11.3062,      1.0460,     29.4840,     58.9681,      0.0195,      0.0023,      0.0156,      0.2079,   7932.4741,-425198.5625,   -959.0485,    557.7111,  26441.5801,
       1,     170,      97,       5,       1,       3,       1,     10.0000,      1.4122,     42.7808,    251.7265,     63.3496,      3.4953,      0.0000,     -0.0313,      2.4410,      0.1185,      5.6531,     11.3062,      1.0471,     29.4840,     58.9681,      0.0195,      0.0019,      0.0156,      0.2079,   7932.4741,-424162.9688,   -958.8140,    557.7831,  26441.5801,
       1,     170,      97,       6,       1,       3,       1,     10.0000,      1.4122,     42.7808,    251.7265,     63.3496,      3.4953,      0.0000,     -0.0312,      2.2876,      0.1160,      5.6531,     11.3062,      1.0248,     29.4840,     58.9681,      0.0195,      0.0018,      0.0156,      0.2079,   7932.4741,-423491.4062,   -958.6625,    557.8300,  26441.5801,
       1,     170,      97,       7,       1,       3,       1,     10.0000,      1.4122,     42.7808,    251.7265,     63.3496,      3.4953,      0.0000,     -0.0310,      1.4658,      0.1110,      5.6531,     11.3062,      0.9805,     29.4840,     58.9681,      0.0195,      0.0011,      0.0156,      0.2079,   7932.4741,-423246.6250,   -958.6085,    557.8471,  26441.5801,
       1,     170,      97,       8,       1,       3,       1,     10.0000,      1.4122,     42.7808,    251.7265,     63.3496,      3.4953,      0.0143,     -0.0168,      0.2085,      0.1133,      5.6531,     11.3062,      1.0009,     29.4840,     58.9681,      0.0195,      0.0014,      0.0018,      0.2079,   7932.4741,-422221.4375,   -958.3752,    557.9186,  26441.5801,
       1,     170,      97,       9,       1,       3,       1,     10.0000,      1.4122,     42.7808,    251.7265,     63.3496,      3.4953,      0.1443,      0.1122,     25.4608,      0.1388,      5.6531,     11.3062,      1.2261,     29.4840,     58.9681,      0.0195,      0.0017,      0.1828,      0.2079,   7932.4741,-420597.6250,   -958.0030,    558.0319,  26441.5801,
       1,     170,      97,      10,       1,       3,       1,     10.0000,      1.4122,     42.7808,    251.7265,     63.3496,      3.4953,      0.1880,      0.1549,     23.0162,      0.1697,      5.6531,     11.3062,      1.4994,     29.4840,     58.9681,      0.0195,      0.0011,      0.2456,      0.2079,   7932.4741,-451317.6562,   -965.0508,    555.8890,  26441.5820,
       1,     170,      97,      11,       1,       3,       1,     10.0000,      1.4122,     42.7808,    251.7265,     63.3496,      3.4953,      0.1902,      0.1565,     13.4776,      0.1852,      5.6531,     11.3062,      1.6368,     29.4840,     58.9681,      0.0195,      0.0007,      0.2500,      0.2079,   7932.4751,-450957.2500,   -965.0021,    555.9182,  26441.5801,
       1,     170,      97,      12,       1,       3,       1,     10.0000,      1.4122,     42.7808,    251.7265,     63.3496,      3.4953,      0.1899,      0.1558,     10.2623,      0.1968,      5.6531,     11.3062,      1.7389,     29.4840,     58.9681,      0.0195,      0.0005,      0.2500,      0.2079,   7932.4741,-439260.4375,   -962.3505,    556.7310,  26441.5781,
       1,     170,      97,      13,       1,       3,       1,     10.0000,      1.4122,     42.7808,    251.7265,     63.3496,      3.4953,      0.1898,      0.1553,     10.9381,      0.2123,      5.6531,     11.3062,      1.8762,     29.4840,     58.9681,      0.0195,      0.0005,      0.2500,      0.2079,   7932.4736,-434336.8750,   -961.2328,    557.0742,  26441.5781,
       1,     170,      97,      14,       1,       3,       1,     10.0000,      1.4122,     42.7808,    251.7265,     63.3496,      3.4953,      0.1916,      0.1566,     35.0410,      0.2313,      5.6531,     11.3062,      2.0435,     29.4840,     58.9681,      0.0195,      0.0017,      0.2500,      0.2079,   7932.4736,-434743.2500,   -961.3318,    557.0460,  26441.5781,
       1,     170,      97,      15,       1,       3,       1,     10.0000,      1.4122,     42.7808,    251.7265,     63.3496,      3.4953,      0.1958,      0.1608,     88.2816,      0.2297,      5.6531,     11.3062,      2.0295,     29.4840,     58.9681,      0.0195,      0.0043,      0.2500,      0.2079,   7932.4736,-464237.6562,   -968.1098,    554.9924,  26441.5781,
       1,     170,      97,      16,       1,       3,       1,     10.0000,      1.4122,     42.7808,    251.7265,     63.3496,      3.4953,      0.1980,      0.1632,    115.5338,      0.2195,      5.6531,     11.3062,      1.9400,     29.4840,     58.9681,      0.0195,      0.0056,      0.2500,      0.2079,   7932.4736,-531860.5625,   -983.7013,    550.3049,  26441.5781,
       1,     170,      97,      17,       1,       3,       1,     10.0000,      1.4122,     42.7808,    251.7265,     63.3496,      3.4953,      0.1962,      0.1618,    144.5702,      0.2115,      5.6531,     11.3062,      1.8688,     29.4840,     58.9681,      0.0195,      0.0072,      0.2442,      0.2078,   7932.4736,-571019.8750,   -993.0058,    547.6309,  26441.5801,
       1,     170,      97,      18,       1,       3,       1,     10.0000,      1.4122,     42.7808,    251.7265,     63.3496,      3.4953,      0.1812,      0.1471,    158.4824,      0.2021,      5.6531,     11.3062,      1.7859,     29.4840,     58.9681,      0.0195,      0.0087,      0.2209,      0.2078,   7932.4741,-609905.5625,  -1002.4387,    544.9756,  26441.5781,
       1,     170,      97,      19,       1,       3,       1,     10.0000,      1.4122,     42.7808,    251.7265,     63.3496,      3.4953,      0.1416,      0.1078,    123.2449,      0.1889,      5.6531,     11.3062,      1.6696,     29.4840,     58.9681,      0.0195,      0.0089,      0.1677,      0.2077,   7932.4736,-630273.3125,  -1007.8055,    543.5944,  26441.5762,
       1,     170,      97,      20,       1,       3,       1,     10.0000,      1.4122,     42.7808,    251.7265,     63.3496,      3.4953,      0.0228,     -0.0103,      6.9255,      0.1683,      5.6531,     11.3062,      1.4874,     29.4840,     58.9681,      0.0195,      0.0079,      0.0106,      0.2077,   7932.4731,-588795.4375,   -999.0067,    546.4146,  26441.5723,
       1,     170,      97,      21,       1,       3,       1,     10.0000,      1.4122,     42.7808,    251.7265,     63.3496,      3.4953,      0.0000,     -0.0326,      9.2886,      0.1538,      5.6531,     11.3062,      1.3591,     29.4840,     58.9681,      0.0195,      0.0072,      0.0156,      0.2077,   7932.4722,-442775.1875,   -965.8165,    556.3953,  26441.5742,
       1,     170,      97,      22,       1,       3,       1,     10.0000,      1.4122,     42.7808,    251.7265,     63.3496,      3.4953,      0.0000,     -0.0325,      8.0881,      0.1501,      5.6531,     11.3062,      1.3266,     29.4840,     58.9681,      0.0195,      0.0063,      0.0156,      0.2079,   7932.4727,-433557.3125,   -963.7067,    557.1281,  26441.5742,
       1,     170,      97,      23,       1,       3,       1,     10.0000,      1.4122,     42.7808,    251.7265,     63.3496,      3.4953,      0.0000,     -0.0325,      7.4139,      0.1491,      5.6531,     11.3062,      1.3173,     29.4840,     58.9681,      0.0195,      0.0058,      0.0156,      0.2079,   7932.4727,-431194.4375,   -963.1687,    557.2932,  26441.5742,
       1,     170,      97,      24,       1,       3,       1,     10.0000,      1.4122,     42.7808,    251.7265,     63.3496,      3.4953,      0.0000,     -0.0324,      6.5995,      0.1483,      5.6531,     11.3062,      1.3107,     29.4840,     58.9681,      0.0195,      0.0051,      0.0156,      0.2079,   7932.4727,-430168.5000,   -962.9384,    557.3647,  26441.5742,
       1,     170,      98,       1,       1,       3,       1,     10.0000,      1.4122,     42.7811,    251.7325,     63.3511,      3.4953,      0.0000,     -0.0323,      4.9275,      0.1432,      5.6532,     11.3063,      1.2652,     29.4941,     58.9883,      0.0195,      0.0038,      0.0156,      0.2080,   7932.4727,-429241.3438,   -963.0636,    557.4424,  26442.7637,
       1,     170,      98,       2,       1,       3,       1,     10.0000,      1.4122,     42.7811,    251.7325,     63.3511,      3.4953,      0.0000,     -0.0321,      3.3840,      0.1396,      5.6532,     11.3063,      1.2336,     29.4941,     58.9883,      0.0195,      0.0026,      0.0156,      0.2080,   7932.8296,-426965.8125,   -962.2111,    557.6010,  26442.7637,
       1,     170,      98,       3,       1,       3,       1,     10.0000,      1.4122,     42.7811,    251.7325,     63.3511,      3.4953,      0.0000,     -0.0321,      2.7524,      0.1393,      5.6532,     11.3063,      1.2311,     29.4941,     58.9883,      0.0195,      0.0021,      0.0156,      0.2080,   7932.8296,-424885.9375,   -961.7344,    557.7460,  26442.7637,
       1,     170,      98,       4,       1,       3,       1,     10.0000,      1.4122,     42.7811,    251.7325,     63.3511,      3.4953,      0.0000,     -0.0318,      2.5046,      0.1302,      5.6532,     11.3063,      1.1502,     29.4941,     58.9883,      0.0195,      0.0019,      0.0156,      0.2080,   7932.8296,-423937.0000,   -961.5181,    557.8122,  26442.7637,
       1,     170,      98,       5,       1,       3,       1,     10.0000,      1.4122,     42.7811,    251.7325,     63.3511,      3.4953,      0.0000,     -0.0317,      2.3812,      0.1287,      5.6532,     11.3063,      1.1374,     29.4941,     58.9883,      0.0195,      0.0018,      0.0156,      0.2080,   7932.8296,-423553.3125,   -961.4316,    557.8389,  26442.7637,
       1,     170,      98,       6,       1,       3,       1,     10.0000,      1.4122,     42.7811,    251.7325,     63.3511,      3.4953,      0.0000,     -0.0316,      1.8816,      0.1269,      5.6532,     11.3063,      1.1213,     29.4941,     58.9883,      0.0195,      0.0015,      0.0156,      0.2080,   7932.8296,-423369.8125,   -961.3916,    557.8517,  26442.7637,
       1,     170,      98,       7,       1,       3,       1,     10.0000,      1.4122,     42.7811,    251.7325,     63.3511,      3.4953,      0.0000,     -0.0316,      1.5352,      0.1255,      5.6532,     11.3063,      1.1087,     29.4941,     58.9883,      0.0195,      0.0012,      0.0156,      0.2080,   7932.8296,-422743.8438,   -961.2490,    557.8954,  26442.7637,
       1,     170,      98,       8,       1,       3,       1,     10.0000,      1.4122,     42.7811,    251.7325,     63.3511,      3.4953,      0.0195,     -0.0121,      0.8179,      0.1255,      5.6532,     11.3063,      1.1087,     29.4941,     58.9883,      0.0195,      0.0012,      0.0084,      0.2080,   7932.8296,-422267.0625,   -961.1407,    557.9286,  26442.7637,
       1,     170,      98,       9,       1,       3,       1,     10.0000,      1.4122,     42.7811,    251.7325,     63.3511,      3.4953,      0.1239,      0.0919,      8.7874,      0.1358,      5.6532,     11.3063,      1.2003,     29.4941,     58.9883,      0.0195,      0.0007,      0.1556,      0.2080,   7932.8296,-421350.0625,   -960.9291,    557.9926,  26442.7637,
       1,     170,      98,      10,       1,       3,       1,     10.0000,      1.4122,     42.7811,    251.7325,     63.3511,      3.4953,      0.1848,      0.1516,     10.0264,      0.1688,      5.6532,     11.3063,      1.4919,     29.4941,     58.9883,      0.0195,      0.0005,      0.2424,      0.2080,   7932.8296,-431009.5938,   -963.1656,    557.3188,  26442.7637,
       1,     170,      98,      11,       1,       3,       1,     10.0000,      1.4122,     42.7811,    251.7325,     63.3511,      3.4953,      0.1898,      0.1561,      8.2438,      0.1843,      5.6532,     11.3063,      1.6287,     29.4941,     58.9883,      0.0195,      0.0004,      0.2500,      0.2080,   7932.8296,-433347.8750,   -963.7126,    557.1564,  26442.7637,
       1,     170,      98,      12,       1,       3,       1,     10.0000,      1.4122,     42.7811,    251.7325,     63.3511,      3.4953,      0.1897,      0.1553,      8.4975,      0.2074,      5.6532,     11.3063,      1.8324,     29.4941,     58.9883,      0.0195,      0.0004,      0.2500,      0.2080,   7932.8296,-431368.2188,   -963.2614,    557.2943,  26442.7637,
       1,     170,      98,      13,       1,       3,       1,     10.0000,      1.4122,     42.7811,    251.7325,     63.3511,      3.4953,      0.1896,      0.1548,      9.3550,      0.2254,      5.6532,     11.3063,      1.9921,     29.4941,     58.9883,      0.0195,      0.0005,      0.2500,      0.2080,   7932.8296,-431509.5625,   -963.2974,    557.2844,  26442.7637,
       1,     170,      98,      14,       1,       3,       1,     10.0000,      1.4122,     42.7811,    251.7325,     63.3511,      3.4953,      0.1900,      0.1551,     13.7106,      0.2246,      5.6532,     11.3063,      1.9843,     29.4941,     58.9883,      0.0195,      0.0007,      0.2500,      0.2080,   7932.8296,-432569.5000,   -963.5459,    557.2106,  26442.7637,
       1,     170,      98,      15,       1,       3,       1,     10.0000,      1.4122,     42.7811,    251.7325,     63.3511,      3.4953,      0.1942,      0.1591,     69.1208,      0.2349,      5.6532,     11.3063,      2.0758,     29.4941,     58.9883,      0.0195,      0.0033,      0.2500,      0.2080,   7932.8296,-437982.6562,   -964.8061,    556.8336,  26442.7637,
       1,     170,      98,      16,       1,       3,       1,     10.0000,      1.4122,     42.7811,    251.7325,     63.3511,      3.4953,      0.1973,      0.1622,    109.1213,      0.2344,      5.6532,     11.3063,      2.0717,     29.4941,     58.9883,      0.0195,      0.0053,      0.2500,      0.2079,   7932.8296,-506164.3125,   -980.6141,    552.0880,  26442.7656,
       1,     170,      98,      17,       1,       3,       1,     10.0000,      1.4122,     42.7811,    251.7325,     63.3511,      3.4953,      0.1954,      0.1608,    139.1561,      0.2168,      5.6532,     11.3063,      1.9154,     29.4941,     58.9883,      0.0195,      0.0069,      0.2436,      0.2079,   7932.8301,-560959.2500,   -993.5038,    548.3267,  26442.7617,
       1,     170,      98,      18,       1,       3,       1,     10.0000,      1.4122,     42.7811,    251.7325,     63.3511,      3.4953,      0.1810,      0.1466,    150.6998,      0.2088,      5.6532,     11.3063,      1.8451,     29.4941,     58.9883,      0.0195,      0.0082,      0.2214,      0.2078,   7932.8286,-602404.3125,  -1003.5550,    545.4988,  26442.7617,
       1,     170,      98,      19,       1,       3,       1,     10.0000,      1.4122,     42.7811,    251.7325,     63.3511,      3.4953,      0.1419,      0.1078,    113.9938,      0.1978,      5.6532,     11.3063,      1.7475,     29.4941,     58.9883,      0.0195,      0.0082,      0.1692,      0.2077,   7932.8286,-620076.3750,  -1008.2943,    544.3010,  26442.7598,
       1,     170,      98,      20,       1,       3,       1,     10.0000,      1.4122,     42.7811,    251.7325,     63.3511,      3.4953,      0.0200,     -0.0133,      4.4615,      0.1728,      5.6532,     11.3063,      1.5266,     29.4941,     58.9883,      0.0195,      0.0082,      0.0066,      0.2077,   7932.8281,-576579.2500,   -998.8990,    547.2618,  26442.7598,
       1,     170,      98,      21,       1,       3,       1,     10.0000,      1.4122,     42.7811,    251.7325,     63.3511,      3.4953,      0.0000,     -0.0329,     10.2724,      0.1601,      5.6532,     11.3063,      1.4148,     29.4941,     58.9883,      0.0195,      0.0080,      0.0156,      0.2078,   7932.8281,-438752.4688,   -967.2930,    556.6982,  26442.7617,
       1,     170,      98,      22,       1,       3,       1,     10.0000,      1.4122,     42.7811,    251.7325,     63.3511,      3.4953,      0.0000,     -0.0327,      9.9150,      0.1557,      5.6532,     11.3063,      1.3756,     29.4941,     58.9883,      0.0195,      0.0077,      0.0156,      0.2079,   7932.8286,-434407.5938,   -966.2963,    557.0825,  26442.7598,
       1,     170,      98,      23,       1,       3,       1,     10.0000,      1.4122,     42.7811,    251.7325,     63.3511,      3.4953,      0.0000,     -0.0325,      9.8443,      0.1504,      5.6532,     11.3063,      1.3293,     29.4941,     58.9883,      0.0195,      0.0076,      0.0156,      0.2080,   7932.8281,-433501.3438,   -966.0961,    557.1456,  26442.7598,
       1,     170,      98,      24,       1,       3,       1,     10.0000,      1.4122,     42.7811,    251.7325,     63.3511,      3.4953,      0.0000,     -0.0324,      8.8431,      0.1476,      5.6532,     11.3063,      1.3041,     29.4941,     58.9883,      0.0195,      0.0069,      0.0156,      0.2080,   7932.8281,-433337.8125,   -966.0674,    557.1570,  26442.7598,
       1,     170,      99,       1,       1,       3,       1,     10.0000,      1.4122,     42.7814,    251.7385,     63.3526,      3.4953,      0.0000,     -0.0323,      5.9914,      0.1445,      5.6537,     11.3073,      1.2768,     29.5035,     59.0069,      0.0195,      0.0047,      0.0156,      0.2080,   7932.8281,-432255.0625,   -966.1596,    557.2456,  26443.9492,
       1,     170,      99,       2,       1,       3,       1,     10.0000,      1.4122,     42.7814,    251.7385,     63.3526,      3.4953,      0.0000,     -0.0322,      4.5940,      0.1407,      5.6537,     11.3073,      1.2436,     29.5035,     59.0069,      0.0195,      0.0036,      0.0156,      0.2080,   7933.1851,-428525.2188,   -964.9649,    557.5054,  26443.9492,
       1,     170,      99,       3,       1,       3,       1,     10.0000,      1.4122,     42.7814,    251.7385,     63.3526,      3.4953,      0.0000,     -0.0322,      3.9553,      0.1415,      5.6537,     11.3073,      1.2500,     29.5035,     59.0069,      0.0195,      0.0031,      0.0156,      0.2080,   7933.1851,-426500.2812,   -964.4987,    557.6466,  26443.9492,
       1,     170,      99,       4,       1,       3,       1,     10.0000,      1.4122,     42.7814,    251.7385,     63.3526,      3.4953,      0.0000,     -0.0320,      3.3578,      0.1358,      5.6537,     11.3073,      1.2003,     29.5035,     59.0069,      0.0195,      0.0026,      0.0156,      0.2080,   7933.1851,-425547.2812,   -964.2813,    557.7130,  26443.9492,
       1,     170,      99,       5,       1,       3,       1,     10.0000,      1.4122,     42.7814,    251.7385,     63.3526,      3.4953,      0.0000,     -0.0319,      3.1079,      0.1330,      5.6537,     11.3073,      1.1750,     29.5035,     59.0069,      0.0195,      0.0024,      0.0156,      0.2080,   7933.1851,-424736.1875,   -964.0962,    557.7696,  26443.9492,
       1,     170,      99,       6,       1,       3,       1,     10.0000,      1.4122,     42.7814,    251.7385,     63.3526,      3.4953,      0.0000,     -0.0316,      2.4301,      0.1271,      5.6537,     11.3073,      1.1236,     29.5035,     59.0069,      0.0195,      0.0019,      0.0156,      0.2080,   7933.1851,-424361.7500,   -964.0121,    557.7958,  26443.9492,
       1,     170,      99,       7,       1,       3,       1,     10.0000,      1.4122,     42.7814,    251.7385,     63.3526,      3.4953,      0.0000,     -0.0315,      2.1163,      0.1234,      5.6537,     11.3073,      1.0908,     29.5035,     59.0069,      0.0195,      0.0016,      0.0156,      0.2080,   7933.1851,-423501.5000,   -963.8146,    557.8557,  26443.9492,
       1,     170,      99,       8,       1,       3,       1,     10.0000,      1.4122,     42.7814,    251.7385,     63.3526,      3.4953,      0.0161,     -0.0155,      0.5001,      0.1251,      5.6537,     11.3073,      1.1054,     29.5035,     59.0069,      0.0195,      0.0017,      0.0037,      0.2080,   7933.1851,-423044.9688,   -963.7105,    557.8875,  26443.9492,
       1,     170,      99,       9,       1,       3,       1,     10.0000,      1.4122,     42.7814,    251.7385,     63.3526,      3.4953,      0.1297,      0.0975,     18.9648,      0.1420,      5.6537,     11.3073,      1.2550,     29.5035,     59.0069,      0.0195,      0.0014,      0.1626,      0.2080,   7933.1851,-421031.5000,   -963.2427,    558.0279,  26443.9492,
       1,     170,      99,      10,       1,       3,       1,     10.0000,      1.4122,     42.7814,    251.7385,     63.3526,      3.4953,      0.1838,      0.1506,     29.4364,      0.1702,      5.6537,     11.3073,      1.5040,     29.5035,     59.0069,      0.0195,      0.0015,      0.2388,      0.2080,   7933.1851,-443418.6250,   -968.4686,    556.4664,  26443.9492,
       1,     170,      99,      11,       1,       3,       1,     10.0000,      1.4122,     42.7814,    251.7385,     63.3526,      3.4953,      0.1914,      0.1577,     28.4574,      0.1856,      5.6537,     11.3073,      1.6402,     29.5035,     59.0069,      0.0195,      0.0014,      0.2500,      0.2080,   7933.1851,-458129.1562,   -971.9261,    555.4454,  26443.9492,
       1,     170,      99,      12,       1,       3,       1,     10.0000,      1.4122,     42.7814,    251.7385,     63.3526,      3.4953,      0.1912,      0.1570,     27.1983,      0.2017,      5.6537,     11.3073,      1.7825,     29.5035,     59.0069,      0.0195,      0.0013,      0.2500,      0.2080,   7933.1851,-458183.9375,   -971.9907,    555.4424,  26443.9453,
       1,     170,      99,      13,       1,       3,       1,     10.0000,      1.4122,     42.7814,    251.7385,     63.3526,      3.4953,      0.1910,      0.1563,     26.1331,      0.2180,      5.6537,     11.3073,      1.9268,     29.5035,     59.0069,      0.0195,      0.0013,      0.2500,      0.2080,   7933.1841,-456648.8750,   -971.6846,    555.5491,  26443.9473,
       1,     170,      99,      14,       1,       3,       1,     10.0000,      1.4122,     42.7814,    251.7385,     63.3526,      3.4953,      0.1925,      0.1578,     44.8084,      0.2166,      5.6537,     11.3073,      1.9136,     29.5035,     59.0069,      0.0195,      0.0022,      0.2500,      0.2080,   7933.1846,-455216.0000,   -971.3973,    555.6486,  26443.9473,
       1,     170,      99,      15,       1,       3,       1,     10.0000,      1.4122,     42.7814,    251.7385,     63.3526,      3.4953,      0.1932,      0.1589,     79.6234,      0.2068,      5.6537,     11.3073,      1.8270,     29.5035,     59.0069,      0.0195,      0.0039,      0.2470,      0.2080,   7933.1846,-477921.5312,   -976.7466,    554.0715,  26443.9453,
       1,     170,      99,      16,       1,       3,       1,     10.0000,      1.4122,     42.7814,    251.7385,     63.3526,      3.4953,      0.1854,      0.1512,     95.7866,      0.2021,      5.6537,     11.3073,      1.7860,     29.5035,     59.0069,      0.0195,      0.0050,      0.2339,      0.2079,   7933.1841,-522428.4375,   -987.2419,    550.9913,  26443.9473,
       1,     170,      99,      17,       1,       3,       1,     10.0000,      1.4122,     42.7814,    251.7385,     63.3526,      3.4953,      0.1962,      0.1619,    132.0020,      0.2063,      5.6537,     11.3073,      1.8234,     29.5035,     59.0069,      0.0195,      0.0065,      0.2455,      0.2079,   7933.1846,-546008.1875,   -993.0186,    549.3758,  26443.9453,
       1,     170,      99,      18,       1,       3,       1,     10.0000,      1.4122,     42.7814,    251.7385,     63.3526,      3.4953,      0.1717,      0.1377,    135.3266,      0.1950,      5.6537,     11.3073,      1.7235,     29.5035,     59.0069,      0.0195,      0.0078,      0.2097,      0.2079,   7933.1841,-592336.2500,  -1004.2319,    546.1967,  26443.9434,
       1,     170,      99,      19,       1,       3,       1,     10.0000,      1.4122,     42.7814,    251.7385,     63.3526,      3.4953,      0.1133,      0.0798,     74.2185,      0.1802,      5.6537,     11.3073,      1.5919,     29.5035,     59.0069,      0.0195,      0.0068,      0.1326,      0.2078,   7933.1831,-600367.8125,  -1006.6996,    545.6575,  26443.9414,
       1,     170,      99,      20,       1,       3,       1,     10.0000,      1.4122,     42.7814,    251.7385,     63.3526,      3.4953,      0.0127,     -0.0204,      7.2522,      0.1683,      5.6537,     11.3073,      1.4875,     29.5035,     59.0069,      0.0195,      0.0056,      0.0156,      0.2078,   7933.1826,-526168.8125,   -989.9224,    550.7186,  26443.9453,
       1,     170,      99,      21,       1,       3,       1,     10.0000,      1.4122,     42.7814,    251.7385,     63.3526,      3.4953,      0.0000,     -0.0329,      6.7754,      0.1611,      5.6537,     11.3073,      1.4234,     29.5035,     59.0069,      0.0195,      0.0053,      0.0156,      0.2079,   7933.1841,-438008.2500,   -969.5028,    556.8112,  26443.9434,
       1,     170,      99,      22,       1,       3,       1,     10.0000,      1.4122,     42.7814,    251.7385,     63.3526,      3.4953,      0.0000,     -0.0327,      6.8779,      0.1555,      5.6537,     11.3073,      1.3742,     29.5035,     59.0069,      0.0195,      0.0053,      0.0156,      0.2080,   7933.1831,-430014.3750,   -967.6420,    557.4014,  26443.9414,
       1,     170,      99,      23,       1,       3,       1,     10.0000,      1.4122,     42.7814,    251.7385,     63.3526,      3.4953,      0.0000,     -0.0325,      6.9084,      0.1506,      5.6537,     11.3073,      1.3307,     29.5035,     59.0069,      0.0195,      0.0054,      0.0156,      0.2080,   7933.1826,-429418.6562,   -967.5102,    557.4432,  26443.9414,
       1,     170,      99,      24,       1,       3,       1,     10.0000,      1.4122,     42.7814,    251.7385,     63.3526,      3.4953,      0.0000,     -0.0324,      5.3888,      0.1473,      5.6537,     11.3073,      1.3015,     29.5035,     59.0069,      0.0195,      0.0042,      0.0156,      0.2080,   7933.1826,-429404.8438,   -967.5140,    557.4442,  26443.9414,
       1,     170,     100,       1,       1,       3,       1,     10.0000,      1.4123,     42.7818,    251.7444,     63.3540,      3.4953,      0.0000,     -0.0324,      4.3219,      0.1461,      5.6534,     11.3068,      1.2911,     29.5115,     59.0230,      0.0195,      0.0034,      0.0156,      0.2080,   7933.1826,-427702.6250,   -967.4603,    557.5759,  26445.1348,
       1,     170,     100,       2,       1,       3,       1,     10.0000,      1.4123,     42.7818,    251.7444,     63.3540,      3.4953,      0.0000,     -0.0323,      3.0978,      0.1435,      5.6534,     11.3068,      1.2678,     29.5115,     59.0230,      0.0195,      0.0024,      0.0156,      0.2080,   7933.5405,-426100.7188,   -966.7518,    557.6876,  26445.1348,
       1,     170,     100,       3,       1,       3,       1,     10.0000,      1.4123,     42.7818,    251.7444,     63.3540,      3.4953,      0.0000,     -0.0323,      2.7752,      0.1439,      5.6534,     11.3068,      1.2716,     29.5115,     59.0230,      0.0195,      0.0022,      0.0156,      0.2080,   7933.5405,-424468.8438,   -966.3732,    557.8013,  26445.1348,
       1,     170,     100,       4,       1,       3,       1,     10.0000,      1.4123,     42.7818,    251.7444,     63.3540,      3.4953,      0.0000,     -0.0321,      2.3782,      0.1390,      5.6534,     11.3068,      1.2287,     29.5115,     59.0230,      0.0195,      0.0018,      0.0156,      0.2080,   7933.5405,-423935.7188,   -966.2512,    557.8385,  26445.1348,
       1,     170,     100,       5,       1,       3,       1,     10.0000,      1.4123,     42.7818,    251.7444,     63.3540,      3.4953,      0.0000,     -0.0321,      2.3272,      0.1379,      5.6534,     11.3068,      1.2187,     29.5115,     59.0230,      0.0195,      0.0018,      0.0156,      0.2080,   7933.5405,-423405.3125,   -966.1295,    557.8755,  26445.1348,
       1,     170,     100,       6,       1,       3,       1,     10.0000,      1.4123,     42.7818,    251.7444,     63.3540,      3.4953,      0.0000,     -0.0320,      2.5105,      0.1371,      5.6534,     11.3068,      1.2113,     29.5115,     59.0230,      0.0195,      0.0019,      0.0156,      0.2080,   7933.5405,-423297.7500,   -966.1068,    557.8830,  26445.1348,
       1,     170,     100,       7,       1,       3,       1,     10.0000,      1.4123,     42.7818,    251.7444,     63.3540,      3.4953,      0.0000,     -0.0321,      2.3696,      0.1392,      5.6534,     11.3068,      1.2299,     29.5115,     59.0230,      0.0195,      0.0018,      0.0156,      0.2080,   7933.5405,-423512.5625,   -966.1595,    557.8680,  26445.1348,
       1,     170,     100,       8,       1,       3,       1,     10.0000,      1.4123,     42.7818,    251.7444,     63.3540,      3.4953,      0.0110,     -0.0210,      2.5341,      0.1369,      5.6534,     11.3068,      1.2101,     29.5115,     59.0230,      0.0195,      0.0020,      0.0156,      0.2080,   7933.5405,-423358.7812,   -966.1261,    557.8788,  26445.1348,
       1,     170,     100,       9,       1,       3,       1,     10.0000,      1.4123,     42.7818,    251.7444,     63.3540,      3.4953,      0.1265,      0.0939,     24.7490,      0.1540,      5.6534,     11.3068,      1.3605,     29.5115,     59.0230,      0.0195,      0.0019,      0.1574,      0.2080,   7933.5405,-423546.6250,   -966.1725,    557.8657,  26445.1348,
       1,     170,     100,      10,       1,       3,       1,     10.0000,      1.4123,     42.7818,    251.7444,     63.3540,      3.4953,      0.1778,      0.1444,     32.0812,      0.1752,      5.6534,     11.3068,      1.5482,     29.5115,     59.0230,      0.0195,      0.0017,      0.2299,      0.2080,   7933.5405,-450700.6562,   -972.5612,    555.9722,  26445.1348,
       1,     170,     100,      11,       1,       3,       1,     10.0000,      1.4123,     42.7818,    251.7444,     63.3540,      3.4953,      0.1808,      0.1473,     32.9010,      0.1796,      5.6534,     11.3068,      1.5872,     29.5115,     59.0230,      0.0195,      0.0017,      0.2342,      0.2080,   7933.5405,-461982.6250,   -975.2510,    555.1913,  26445.1348,
       1,     170,     100,      12,       1,       3,       1,     10.0000,      1.4123,     42.7818,    251.7444,     63.3540,      3.4953,      0.1920,      0.1581,     36.5526,      0.1920,      5.6534,     11.3068,      1.6965,     29.5115,     59.0230,      0.0195,      0.0018,      0.2500,      0.2080,   7933.5405,-463941.6875,   -975.7726,    555.0559,  26445.1348,
       1,     170,     100,      13,       1,       3,       1,     10.0000,      1.4123,     42.7818,    251.7444,     63.3540,      3.4953,      0.1915,      0.1571,     31.0293,      0.2064,      5.6534,     11.3068,      1.8235,     29.5115,     59.0230,      0.0195,      0.0015,      0.2500,      0.2080,   7933.5405,-468571.1562,   -976.9261,    554.7347,  26445.1328,
       1,     170,     100,      14,       1,       3,       1,     10.0000,      1.4123,     42.7818,    251.7444,     63.3540,      3.4953,      0.1928,      0.1587,     47.1771,      0.1991,      5.6534,     11.3068,      1.7598,     29.5115,     59.0230,      0.0195,      0.0023,      0.2500,      0.2080,   7933.5400,-462213.4375,   -975.5057,    555.1756,  26445.1309,
       1,     170,     100,      15,       1,       3,       1,     10.0000,      1.4123,     42.7818,    251.7444,     63.3540,      3.4953,      0.1946,      0.1608,     69.5076,      0.1891,      5.6534,     11.3068,      1.6714,     29.5115,     59.0230,      0.0195,      0.0034,      0.2500,      0.2080,   7933.5396,-481411.2812,   -980.0858,    553.8436,  26445.1328,
       1,     170,     100,      16,       1,       3,       1,     10.0000,      1.4123,     42.7818,    251.7444,     63.3540,      3.4953,      0.1887,      0.1552,     74.8497,      0.1805,      5.6534,     11.3068,      1.5952,     29.5115,     59.0230,      0.0195,      0.0038,      0.2408,      0.2080,   7933.5400,-510349.7500,   -987.0032,    551.8417,  26445.1309,
       1,     170,     100,      17,       1,       3,       1,     10.0000,      1.4123,     42.7818,    251.7444,     63.3540,      3.4953,      0.1782,      0.1446,     86.8769,      0.1827,      5.6534,     11.3068,      1.6143,     29.5115,     59.0230,      0.0195,      0.0047,      0.2244,      0.2079,   7933.5396,-519350.7188,   -989.3390,    551.2245,  26445.1328,
       1,     170,     100,      18,       1,       3,       1,     10.0000,      1.4123,     42.7818,    251.7444,     63.3540,      3.4953,      0.1640,      0.1308,     84.2216,      0.1694,      5.6534,     11.3068,      1.4965,     29.5115,     59.0230,      0.0195,      0.0050,      0.2042,      0.2079,   7933.5400,-534824.6875,   -993.2432,    550.1586,  26445.1309,
       1,     170,     100,      19,       1,       3,       1,     10.0000,      1.4123,     42.7818,    251.7444,     63.3540,      3.4953,      0.0612,      0.0290,     24.9336,      0.1417,      5.6534,     11.3068,      1.2525,     29.5115,     59.0230,      0.0195,      0.0047,      0.0644,      0.2079,   7933.5396,-532891.3750,   -993.1949,    550.2926,  26445.1309,
       1,     170,     100,      20,       1,       3,       1,     10.0000,      1.4123,     42.7818,    251.7444,     63.3540,      3.4953,      0.0061,     -0.0259,      4.7117,      0.1357,      5.6534,     11.3068,      1.1991,     29.5115,     59.0230,      0.0195,      0.0037,      0.0156,      0.2079,   7933.5396,-460177.9062,   -976.3483,    555.2943,  26445.1309,
       1,     170,     100,      21,       1,       3,       1,     10.0000,      1.4123,     42.7818,    251.7444,     63.3540,      3.4953,      0.0000,     -0.0323,      5.0876,      0.1435,      5.6534,     11.3068,      1.2678,     29.5115,     59.0230,      0.0195,      0.0039,      0.0156,      0.2080,   7933.5396,-429360.9375,   -969.1287,    557.4561,  26445.1309,
       1,     170,     100,      22,       1,       3,       1,     10.0000,      1.4123,     42.7818,    251.7444,     63.3540,      3.4953,      0.0000,     -0.0325,      4.4552,      0.1494,      5.6534,     11.3068,      1.3200,     29.5115,     59.0230,      0.0195,      0.0035,      0.0156,      0.2080,   7933.5396,-427183.0938,   -968.6217,    557.6121,  26445.1309,
       1,     170,     100,      23,       1,       3,       1,     10.0000,      1.4123,     42.7818,    251.7444,     63.3540,      3.4953,      0.0000,     -0.0325,      4.0263,      0.1483,      5.6534,     11.3068,      1.3107,     29.5115,     59.0230,      0.0195,      0.0031,      0.0156,      0.2080,   7933.5396,-426219.8125,   -968.3997,    557.6793,  26445.1309,
       1,     170,     100,      24,       1,       3,       1,     10.0000,      1.4123,     42.7818,    251.7444,     63.3540,      3.4953,      0.0000,     -0.0323,      1.7067,      0.1441,      5.6534,     11.3068,      1.2729,     29.5115,     59.0230,      0.0195,      0.0013,      0.0156,      0.2080,   7933.5396,-425613.8750,   -968.2610,    557.7216,  26445.1309,
       1,     170,     101,       1,       1,       3,       1,     10.0000,      1.4123,     42.7821,    251.7504,     63.3555,      3.4953,      0.0000,     -0.0320,      1.1200,      0.1349,      5.6541,     11.3083,      1.1919,     29.5173,     59.0346,      0.0195,      0.0009,      0.0156,      0.2080,   7933.5396,-422884.3750,   -967.9603,    557.9249,  26446.3223,
       1,     170,     101,       2,       1,       3,       1,     10.0000,      1.4123,     42.7821,    251.7504,     63.3555,      3.4953,      0.0000,     -0.0317,      1.4878,      0.1291,      5.6541,     11.3083,      1.1409,     29.5173,     59.0346,      0.0195,      0.0012,      0.0156,      0.2080,   7933.8970,-421782.0625,   -967.3633,    558.0018,  26446.3223,
       1,     170,     101,       3,       1,       3,       1,     10.0000,      1.4123,     42.7821,    251.7504,     63.3555,      3.4953,      0.0000,     -0.0316,      2.0047,      0.1255,      5.6541,     11.3083,      1.1088,     29.5173,     59.0346,      0.0195,      0.0016,      0.0156,      0.2080,   7933.8970,-422137.5312,   -967.4485,    557.9771,  26446.3223,
       1,     170,     101,       4,       1,       3,       1,     10.0000,      1.4123,     42.7821,    251.7504,     63.3555,      3.4953,      0.0000,     -0.0315,      1.9387,      0.1245,      5.6541,     11.3083,      1.0998,     29.5173,     59.0346,      0.0195,      0.0015,      0.0156,      0.2080,   7933.8970,-422799.0938,   -967.6063,    557.9309,  26446.3223,
       1,     170,     101,       5,       1,       3,       1,     10.0000,      1.4123,     42.7821,    251.7504,     63.3555,      3.4953,      0.0000,     -0.0315,      1.6067,      0.1224,      5.6541,     11.3083,      1.0820,     29.5173,     59.0346,      0.0195,      0.0012,      0.0156,      0.2080,   7933.8970,-422774.7812,   -967.6024,    557.9326,  26446.3223,
       1,     170,     101,       6,       1,       3,       1,     10.0000,      1.4123,     42.7821,    251.7504,     63.3555,      3.4953,      0.0000,     -0.0316,      0.9549,      0.1246,      5.6541,     11.3083,      1.1009,     29.5173,     59.0346,      0.0195,      0.0007,      0.0156,      0.2080,   7933.8970,-422367.1875,   -967.5081,    557.9610,  26446.3223,
       1,     170,     101,       7,       1,       3,       1,     10.0000,      1.4123,     42.7821,    251.7504,     63.3555,      3.4953,      0.0000,     -0.0315,      0.7271,      0.1236,      5.6541,     11.3083,      1.0920,     29.5173,     59.0346,      0.0195,      0.0006,      0.0156,      0.2080,   7933.8970,-421536.3750,   -967.3138,    558.0189,  26446.3223,
       1,     170,     101,       8,       1,       3,       1,     10.0000,      1.4123,     42.7821,    251.7504,     63.3555,      3.4953,      0.0134,     -0.0181,      0.0010,      0.1210,      5.6541,     11.3083,      1.0688,     29.5173,     59.0346,      0.0195,      0.0004,      0.0000,      0.2080,   7933.8970,-421187.4688,   -967.2324,    558.0433,  26446.3203,
       1,     170,     101,       9,       1,       3,       1,     10.0000,      1.4123,     42.7821,    251.7504,     63.3555,      3.4953,      0.1241,      0.0921,      6.3791,      0.1342,      5.6541,     11.3083,      1.1858,     29.5173,     59.0346,      0.0195,      0.0005,      0.1561,      0.2080,   7933.8965,-420270.9062,   -967.0168,    558.1072,  26446.3203,
       1,     170,     101,      10,       1,       3,       1,     10.0000,      1.4123,     42.7821,    251.7504,     63.3555,      3.4953,      0.1422,      0.1096,     13.5535,      0.1523,      5.6541,     11.3083,      1.3456,     29.5173,     59.0346,      0.0195,      0.0009,      0.1811,      0.2080,   7933.8965,-427983.0938,   -968.8382,    557.5692,  26446.3203,
       1,     170,     101,      11,       1,       3,       1,     10.0000,      1.4123,     42.7821,    251.7504,     63.3555,      3.4953,      0.1912,      0.1578,     24.1779,      0.1738,      5.6541,     11.3083,      1.5359,     29.5173,     59.0346,      0.0195,      0.0012,      0.2500,      0.2080,   7933.8965,-437404.8438,   -971.0706,    556.9128,  26446.3203,
       1,     170,     101,      12,       1,       3,       1,     10.0000,      1.4123,     42.7821,    251.7504,     63.3555,      3.4953,      0.1907,      0.1570,     18.9139,      0.1847,      5.6541,     11.3083,      1.6321,     29.5173,     59.0346,      0.0195,      0.0009,      0.2500,      0.2080,   7933.8965,-451187.7812,   -974.3412,    555.9537,  26446.3223,
       1,     170,     101,      13,       1,       3,       1,     10.0000,      1.4123,     42.7821,    251.7504,     63.3555,      3.4953,      0.1905,      0.1561,     18.3192,      0.2064,      5.6541,     11.3083,      1.8235,     29.5173,     59.0346,      0.0195,      0.0009,      0.2500,      0.2080,   7933.8970,-445930.0000,   -973.1326,    556.3199,  26446.3223,
       1,     170,     101,      14,       1,       3,       1,     10.0000,      1.4123,     42.7821,    251.7504,     63.3555,      3.4953,      0.1921,      0.1573,     40.4639,      0.2219,      5.6541,     11.3083,      1.9613,     29.5173,     59.0346,      0.0195,      0.0020,      0.2500,      0.2080,   7933.8970,-444755.3750,   -972.8792,    556.4017,  26446.3203,
       1,     170,     101,      15,       1,       3,       1,     10.0000,      1.4123,     42.7821,    251.7504,     63.3555,      3.4953,      0.1938,      0.1592,     62.1468,      0.2155,      5.6541,     11.3083,      1.9043,     29.5173,     59.0346,      0.0195,      0.0030,      0.2500,      0.2080,   7933.8965,-471712.9062,   -979.2736,    554.5269,  26446.3203,
       1,     170,     101,      16,       1,       3,       1,     10.0000,      1.4123,     42.7821,    251.7504,     63.3555,      3.4953,      0.1953,      0.1609,     79.9531,      0.2084,      5.6541,     11.3083,      1.8416,     29.5173,     59.0346,      0.0195,      0.0039,      0.2500,      0.2080,   7933.8965,-500518.3750,   -986.1630,    552.5333,  26446.3184,
       1,     170,     101,      17,       1,       3,       1,     10.0000,      1.4123,     42.7821,    251.7504,     63.3555,      3.4953,      0.1963,      0.1620,     92.8038,      0.2041,      5.6541,     11.3083,      1.8038,     29.5173,     59.0346,      0.0195,      0.0045,      0.2500,      0.2080,   7933.8960,-524746.8750,   -992.0671,    550.8635,  26446.3184,
       1,     170,     101,      18,       1,       3,       1,     10.0000,      1.4123,     42.7821,    251.7504,     63.3555,      3.4953,      0.1781,      0.1443,    106.6033,      0.1910,      5.6541,     11.3083,      1.6881,     29.5173,     59.0346,      0.0195,      0.0058,      0.2221,      0.2079,   7933.8960,-542527.2500,   -996.5571,    549.6417,  26446.3184,
       1,     170,     101,      19,       1,       3,       1,     10.0000,      1.4123,     42.7821,    251.7504,     63.3555,      3.4953,      0.1164,      0.0831,     73.2022,      0.1719,      5.6541,     11.3083,      1.5191,     29.5173,     59.0346,      0.0195,      0.0065,      0.1372,      0.2079,   7933.8960,-560923.1875,  -1001.2795,    548.3792,  26446.3145,
       1,     170,     101,      20,       1,       3,       1,     10.0000,      1.4123,     42.7821,    251.7504,     63.3555,      3.4953,      0.0068,     -0.0254,      6.7936,      0.1423,      5.6541,     11.3083,      1.2576,     29.5173,     59.0346,      0.0195,      0.0053,      0.0156,      0.2079,   7933.8945,-521601.1250,   -992.4053,    551.0760,  26446.3164,
       1,     170,     101,      21,       1,       3,       1,     10.0000,      1.4123,     42.7821,    251.7504,     63.3555,      3.4953,      0.0000,     -0.0320,      6.3249,      0.1367,      5.6541,     11.3083,      1.2077,     29.5173,     59.0346,      0.0195,      0.0049,      0.0156,      0.2079,   7933.8950,-437049.2500,   -972.6102,    556.9070,  26446.3164,
       1,     170,     101,      22,       1,       3,       1,     10.0000,      1.4123,     42.7821,    251.7504,     63.3555,      3.4953,      0.0000,     -0.0319,      6.1859,      0.1337,      5.6541,     11.3083,      1.1810,     29.5173,     59.0346,      0.0195,      0.0048,      0.0156,      0.2080,   7933.8950,-429384.0625,   -970.8065,    557.4716,  26446.3145,
       1,     170,     101,      23,       1,       3,       1,     10.0000,      1.4123,     42.7821,    251.7504,     63.3555,      3.4953,      0.0000,     -0.0318,      5.6259,      0.1302,      5.6541,     11.3083,      1.1502,     29.5173,     59.0346,      0.0195,      0.0044,      0.0156,      0.2080,   7933.8945,-428524.7812,   -970.6104,    557.5317,  26446.3145,
       1,     170,     101,      24,       1,       3,       1,     10.0000,      1.4123,     42.7821,    251.7504,     63.3555,      3.4953,      0.0000,     -0.0317,      4.3833,      0.1273,      5.6541,     11.3083,      1.1248,     29.5173,     59.0346,      0.0195,      0.0034,      0.0156,      0.2080,   7933.8945,-427767.3125,   -970.4370,    557.5845,  26446.3145,
       1,     170,     102,       1,       1,       3,       1,     10.0000,      1.4123,     42.7824,    251.7564,     63.3570,      3.4953,      0.0000,     -0.0316,      2.7862,      0.1246,      5.6540,     11.3081,      1.1010,     29.5247,     59.0494,      0.0195,      0.0022,      0.0156,      0.2081,   7933.8945,-426340.6562,   -970.4462,    557.6971,  26447.5059,
       1,     170,     102,       2,       1,       3,       1,     10.0000,      1.4123,     42.7824,    251.7564,     63.3570,      3.4953,      0.0000,     -0.0315,      2.1179,      0.1242,      5.6540,     11.3081,      1.0976,     29.5247,     59.0494,      0.0195,      0.0016,      0.0156,      0.2081,   7934.2520,-424115.0312,   -969.5818,    557.8524,  26447.5059,
       1,     170,     102,       3,       1,       3,       1,     10.0000,      1.4123,     42.7824,    251.7564,     63.3570,      3.4953,      0.0000,     -0.0316,      1.6834,      0.1254,      5.6540,     11.3081,      1.1077,     29.5247,     59.0494,      0.0195,      0.0013,      0.0156,      0.2081,   7934.2520,-423109.2188,   -969.3461,    557.9225,  26447.5059,
       1,     170,     102,       4,       1,       3,       1,     10.0000,      1.4123,     42.7824,    251.7564,     63.3570,      3.4953,      0.0000,     -0.0315,      1.4475,      0.1236,      5.6540,     11.3081,      1.0920,     29.5247,     59.0494,      0.0195,      0.0011,      0.0156,      0.2081,   7934.2520,-422492.9375,   -969.2020,    557.9655,  26447.5059,
       1,     170,     102,       5,       1,       3,       1,     10.0000,      1.4123,     42.7824,    251.7564,     63.3570,      3.4953,      0.0000,     -0.0313,      1.1695,      0.1180,      5.6540,     11.3081,      1.0429,     29.5247,     59.0494,      0.0195,      0.0009,      0.0156,      0.2081,   7934.2520,-422152.3438,   -969.2052,    557.9891,  26447.5059,
       1,     170,     102,       6,       1,       3,       1,     10.0000,      1.4123,     42.7824,    251.7564,     63.3570,      3.4953,      0.0000,     -0.0312,      0.7981,      0.1159,      5.6540,     11.3081,      1.0239,     29.5247,     59.0494,      0.0195,      0.0006,      0.0156,      0.2081,   7934.2520,-421783.9062,   -969.1190,    558.0150,  26447.5059,
       1,     170,     102,       7,       1,       3,       1,     10.0000,      1.4123,     42.7824,    251.7564,     63.3570,      3.4953,      0.0000,     -0.0312,      0.8461,      0.1171,      5.6540,     11.3081,      1.0344,     29.5247,     59.0494,      0.0195,      0.0007,      0.0156,      0.2081,   7934.2520,-421298.7812,   -969.4797,    558.0487,  26447.5059,
       1,     170,     102,       8,       1,       3,       1,     10.0000,      1.4123,     42.7824,    251.7564,     63.3570,      3.4953,      0.0140,     -0.0172,      0.0638,      0.1163,      5.6540,     11.3081,      1.0281,     29.5247,     59.0494,      0.0195,      0.0006,      0.0012,      0.2081,   7934.2520,-421316.1562,   -969.4843,    558.0475,  26447.5059,
       1,     170,     102,       9,       1,       3,       1,     10.0000,      1.4123,     42.7824,    251.7564,     63.3570,      3.4953,      0.1301,      0.0983,      8.6370,      0.1300,      5.6540,     11.3081,      1.1491,     29.5247,     59.0494,      0.0195,      0.0006,      0.1644,      0.2081,   7934.2520,-420362.1875,   -969.2578,    558.1141,  26447.5059,
       1,     170,     102,      10,       1,       3,       1,     10.0000,      1.4123,     42.7824,    251.7564,     63.3570,      3.4953,      0.1648,      0.1326,      9.9130,      0.1407,      5.6540,     11.3081,      1.2437,     29.5247,     59.0494,      0.0195,      0.0006,      0.2137,      0.2081,   7934.2520,-430751.1250,   -971.7178,    557.3893,  26447.5059,
       1,     170,     102,      11,       1,       3,       1,     10.0000,      1.4123,     42.7824,    251.7564,     63.3570,      3.4953,      0.1901,      0.1572,     10.2400,      0.1617,      5.6540,     11.3081,      1.4292,     29.5247,     59.0494,      0.0195,      0.0005,      0.2500,      0.2081,   7934.2520,-433195.8750,   -972.3026,    557.2194,  26447.5059,
       1,     170,     102,      12,       1,       3,       1,     10.0000,      1.4123,     42.7824,    251.7564,     63.3570,      3.4953,      0.1901,      0.1571,      9.4898,      0.1635,      5.6540,     11.3081,      1.4451,     29.5247,     59.0494,      0.0195,      0.0005,      0.2500,      0.2081,   7934.2520,-433803.0000,   -972.4504,    557.1772,  26447.5059,
       1,     170,     102,      13,       1,       3,       1,     10.0000,      1.4123,     42.7824,    251.7564,     63.3570,      3.4953,      0.1898,      0.1567,      6.8945,      0.1678,      5.6540,     11.3081,      1.4832,     29.5247,     59.0494,      0.0195,      0.0003,      0.2500,      0.2081,   7934.2520,-432938.2188,   -972.2493,    557.2374,  26447.5059,
       1,     170,     102,      14,       1,       3,       1,     10.0000,      1.4123,     42.7824,    251.7564,     63.3570,      3.4953,      0.1904,      0.1570,     14.9552,      0.1768,      5.6540,     11.3081,      1.5622,     29.5247,     59.0494,      0.0195,      0.0007,      0.2500,      0.2081,   7934.2520,-429694.4375,   -971.4814,    557.4633,  26447.5059,
       1,     170,     102,      15,       1,       3,       1,     10.0000,      1.4123,     42.7824,    251.7564,     63.3570,      3.4953,      0.1901,      0.1568,     31.6628,      0.1736,      5.6540,     11.3081,      1.5344,     29.5247,     59.0494,      0.0195,      0.0015,      0.2477,      0.2081,   7934.2520,-439264.0938,   -973.7549,    556.7966,  26447.5059,
       1,     170,     102,      16,       1,       3,       1,     10.0000,      1.4123,     42.7824,    251.7564,     63.3570,      3.4953,      0.1595,      0.1264,     45.1191,      0.1670,      5.6540,     11.3081,      1.4758,     29.5247,     59.0494,      0.0195,      0.0027,      0.2022,      0.2081,   7934.2520,-460489.8750,   -978.8091,    555.3196,  26447.5059,
       1,     170,     102,      17,       1,       3,       1,     10.0000,      1.4123,     42.7824,    251.7564,     63.3570,      3.4953,      0.1642,      0.1312,     46.8852,      0.1637,      5.6540,     11.3081,      1.4465,     29.5247,     59.0494,      0.0195,      0.0027,      0.2086,      0.2080,   7934.2520,-478743.9688,   -983.1991,    554.0544,  26447.5039,
       1,     170,     102,      18,       1,       3,       1,     10.0000,      1.4123,     42.7824,    251.7564,     63.3570,      3.4953,      0.1494,      0.1164,     45.6600,      0.1635,      5.6540,     11.3081,      1.4451,     29.5247,     59.0494,      0.0195,      0.0029,      0.1876,      0.2080,   7934.2515,-482456.0938,   -984.1776,    553.7988,  26447.5039,
       1,     170,     102,      19,       1,       3,       1,     10.0000,      1.4123,     42.7824,    251.7564,     63.3570,      3.4953,      0.0778,      0.0450,     24.3543,      0.1573,      5.6540,     11.3081,      1.3896,     29.5247,     59.0494,      0.0195,      0.0034,      0.0876,      0.2080,   7934.2515,-481272.0000,   -984.0011,    553.8809,  26447.5039,
       1,     170,     102,      20,       1,       3,       1,     10.0000,      1.4123,     42.7824,    251.7564,     63.3570,      3.4953,      0.0115,     -0.0210,      3.9785,      0.1486,      5.6540,     11.3081,      1.3135,     29.5247,     59.0494,      0.0195,      0.0031,      0.0156,      0.2080,   7934.2515,-455128.0000,   -977.8880,    555.6910,  26447.5039,
       1,     170,     102,      21,       1,       3,       1,     10.0000,      1.4123,     42.7824,    251.7564,     63.3570,      3.4953,      0.0000,     -0.0323,      3.5688,      0.1438,      5.6540,     11.3081,      1.2704,     29.5247,     59.0494,      0.0195,      0.0028,      0.0156,      0.2080,   7934.2515,-428018.8750,   -971.4844,    557.5770,  26447.5039,
       1,     170,     102,      22,       1,       3,       1,     10.0000,      1.4123,     42.7824,    251.7564,     63.3570,      3.4953,      0.0000,     -0.0322,      3.1636,      0.1419,      5.6540,     11.3081,      1.2538,     29.5247,     59.0494,      0.0195,      0.0025,      0.0156,      0.2081,   7934.2515,-425217.9375,   -970.8232,    557.7754,  26447.5039,
       1,     170,     102,      23,       1,       3,       1,     10.0000,      1.4123,     42.7824,    251.7564,     63.3570,      3.4953,      0.0000,     -0.0321,      3.0488,      0.1389,      5.6540,     11.3081,      1.2275,     29.5247,     59.0494,      0.0195,      0.0024,      0.0156,      0.2081,   7934.2515,-424480.7812,   -970.6503,    557.8268,  26447.5039,
       1,     170,     102,      24,       1,       3,       1,     10.0000,      1.4123,     42.7824,    251.7564,     63.3570,      3.4953,      0.0000,     -0.0322,      2.9707,      0.1410,      5.6540,     11.3081,      1.2463,     29.5247,     59.0494,      0.0195,      0.0023,      0.0156,      0.2081,   7934.2515,-424277.7188,   -970.6036,    557.8410,  26447.5039,
       1,     170,     103,       1,       1,       3,       1,     10.0000,      1.4123,     42.7828,    251.7624,     63.3585,      3.4953,      0.0000,     -0.0321,      2.1921,      0.1393,      5.6545,     11.3090,      1.2312,     29.5296,     59.0592,      0.0195,      0.0017,      0.0156,      0.2081,   7934.2515,-424321.4062,   -970.9579,    557.8512,  26448.6973,
       1,     170,     103,       2,       1,       3,       1,     10.0000,      1.4123,     42.7828,    251.7624,     63.3585,      3.4953,      0.0000,     -0.0322,      1.6373,      0.1400,      5.6545,     11.3090,      1.2375,     29.5296,     59.0592,      0.0195,      0.0013,      0.0156,      0.2081,   7934.6094,-423220.7500,   -970.3568,    557.9279,  26448.6973,
       1,     170,     103,       3,       1,       3,       1,     10.0000,      1.4123,     42.7828,    251.7624,     63.3585,      3.4953,      0.0000,     -0.0322,      1.9354,      0.1406,      5.6545,     11.3090,      1.2425,     29.5296,     59.0592,      0.0195,      0.0015,      0.0156,      0.2081,   7934.6094,-422449.4688,   -970.1750,    557.9818,  26448.6973,
       1,     170,     103,       4,       1,       3,       1,     10.0000,      1.4123,     42.7828,    251.7624,     63.3585,      3.4953,      0.0000,     -0.0320,      1.8855,      0.1370,      5.6545,     11.3090,      1.2102,     29.5296,     59.0592,      0.0195,      0.0015,      0.0156,      0.2081,   7934.6094,-422747.7188,   -970.2466,    557.9609,  26448.6973,
       1,     170,     103,       5,       1,       3,       1,     10.0000,      1.4123,     42.7828,    251.7624,     63.3585,      3.4953,      0.0000,     -0.0320,      1.7728,      0.1368,      5.6545,     11.3090,      1.2090,     29.5296,     59.0592,      0.0195,      0.0014,      0.0156,      0.2081,   7934.6094,-422712.3125,   -970.2391,    557.9634,  26448.6973,
       1,     170,     103,       6,       1,       3,       1,     10.0000,      1.4123,     42.7828,    251.7624,     63.3585,      3.4953,      0.0000,     -0.0320,      1.4266,      0.1356,      5.6545,     11.3090,      1.1980,     29.5296,     59.0592,      0.0195,      0.0011,      0.0156,      0.2081,   7934.6094,-422571.6562,   -970.2067,    557.9732,  26448.6973,
       1,     170,     103,       7,       1,       3,       1,     10.0000,      1.4123,     42.7828,    251.7624,     63.3585,      3.4953,      0.0000,     -0.0318,      1.1327,      0.1314,      5.6545,     11.3090,      1.1609,     29.5296,     59.0592,      0.0195,      0.0009,      0.0156,      0.2081,   7934.6094,-422136.8750,   -970.1045,    558.0035,  26448.6973,
       1,     170,     103,       8,       1,       3,       1,     10.0000,      1.4123,     42.7828,    251.7624,     63.3585,      3.4953,      0.0191,     -0.0130,      0.6475,      0.1393,      5.6545,     11.3090,      1.2312,     29.5296,     59.0592,      0.0195,      0.0011,      0.0073,      0.2081,   7934.6094,-421741.0000,   -970.0115,    558.0311,  26448.6973,
       1,     170,     103,       9,       1,       3,       1,     10.0000,      1.4123,     42.7828,    251.7624,     63.3585,      3.4953,      0.1234,      0.0908,     19.7818,      0.1527,      5.6545,     11.3090,      1.3497,     29.5296,     59.0592,      0.0195,      0.0016,      0.1535,      0.2081,   7934.6094,-421114.8438,   -969.8625,    558.0748,  26448.6973,
       1,     170,     103,      10,       1,       3,       1,     10.0000,      1.4123,     42.7828,    251.7624,     63.3585,      3.4953,      0.1834,      0.1500,     39.0651,      0.1756,      5.6545,     11.3090,      1.5514,     29.5296,     59.0592,      0.0195,      0.0020,      0.2371,      0.2081,   7934.6094,-444426.9688,   -975.4077,    556.4485,  26448.6973,
       1,     170,     103,      11,       1,       3,       1,     10.0000,      1.4123,     42.7828,    251.7624,     63.3585,      3.4953,      0.1926,      0.1586,     44.7571,      0.1956,      5.6545,     11.3090,      1.7288,     29.5296,     59.0592,      0.0195,      0.0022,      0.2500,      0.2081,   7934.6094,-469974.0625,   -981.5063,    554.6740,  26448.6973,
       1,     170,     103,      12,       1,       3,       1,     10.0000,      1.4123,     42.7828,    251.7624,     63.3585,      3.4953,      0.1929,      0.1583,     49.5369,      0.2132,      5.6545,     11.3090,      1.8839,     29.5296,     59.0592,      0.0195,      0.0024,      0.2500,      0.2081,   7934.6094,-479107.3125,   -983.7498,    554.0436,  26448.6973,
       1,     170,     103,      13,       1,       3,       1,     10.0000,      1.4123,     42.7828,    251.7624,     63.3585,      3.4953,      0.1949,      0.1598,     76.8094,      0.2313,      5.6545,     11.3090,      2.0438,     29.5296,     59.0592,      0.0195,      0.0037,      0.2500,      0.2080,   7934.6094,-485722.5000,   -985.4149,    553.5859,  26448.6973,
       1,     170,     103,      14,       1,       3,       1,     10.0000,      1.4123,     42.7828,    251.7624,     63.3585,      3.4953,      0.1961,      0.1607,     93.8766,      0.2436,      5.6545,     11.3090,      2.1524,     29.5296,     59.0592,      0.0195,      0.0045,      0.2500,      0.2080,   7934.6094,-519619.4062,   -993.5956,    551.2404,  26448.6992,
       1,     170,     103,      15,       1,       3,       1,     10.0000,      1.4123,     42.7828,    251.7624,     63.3585,      3.4953,      0.1984,      0.1630,    123.3925,      0.2452,      5.6545,     11.3090,      2.1672,     29.5296,     59.0592,      0.0195,      0.0060,      0.2500,      0.2080,   7934.6099,-543383.5625,   -999.5096,    549.6078,  26448.6953,
       1,     170,     103,      16,       1,       3,       1,     10.0000,      1.4123,     42.7828,    251.7624,     63.3585,      3.4953,      0.1997,      0.1646,    139.8255,      0.2354,      5.6545,     11.3090,      2.0801,     29.5296,     59.0592,      0.0195,      0.0068,      0.2500,      0.2080,   7934.6089,-581511.9375,  -1008.9691,    546.9908,  26448.6973,
       1,     170,     103,      17,       1,       3,       1,     10.0000,      1.4123,     42.7828,    251.7624,     63.3585,      3.4953,      0.1947,      0.1601,    149.8244,      0.2157,      5.6545,     11.3090,      1.9062,     29.5296,     59.0592,      0.0195,      0.0075,      0.2414,      0.2079,   7934.6094,-604880.5625,  -1015.0908,    545.3993,  26448.6934,
       1,     170,     103,      18,       1,       3,       1,     10.0000,      1.4123,     42.7828,    251.7624,     63.3585,      3.4953,      0.1670,      0.1333,    125.6869,      0.1847,      5.6545,     11.3090,      1.6322,     29.5296,     59.0592,      0.0195,      0.0075,      0.2040,      0.2079,   7934.6084,-619109.8125,  -1020.0002,    544.4315,  26448.6934,
       1,     170,     103,      19,       1,       3,       1,     10.0000,      1.4123,     42.7828,    251.7624,     63.3585,      3.4953,      0.1483,      0.1148,    109.0978,      0.1786,      5.6545,     11.3090,      1.5779,     29.5296,     59.0592,      0.0195,      0.0074,      0.1790,      0.2078,   7934.6084,-590748.6250,  -1013.9268,    546.3625,  26448.6934,
       1,     170,     103,      20,       1,       3,       1,     10.0000,      1.4123,     42.7828,    251.7624,     63.3585,      3.4953,      0.0588,      0.0256,     34.5097,      0.1712,      5.6545,     11.3090,      1.5131,     29.5296,     59.0592,      0.0195,      0.0071,      0.0590,      0.2079,   7934.6084,-568040.3750,  -1009.0693,    547.9167,  26448.6914,
       1,     170,     103,      21,       1,       3,       1,     10.0000,      1.4123,     42.7828,    251.7624,     63.3585,      3.4953,      0.0000,     -0.0329,      8.7010,      0.1622,      5.6545,     11.3090,      1.4336,     29.5296,     59.0592,      0.0195,      0.0068,      0.0156,      0.2079,   7934.6079,-474826.6875,   -987.1425,    554.3030,  26448.6914,
       1,     170,     103,      22,       1,       3,       1,     10.0000,      1.4123,     42.7828,    251.7624,     63.3585,      3.4953,      0.0000,     -0.0328,      7.0604,      0.1573,      5.6545,     11.3090,      1.3896,     29.5296,     59.0592,      0.0195,      0.0055,      0.0156,      0.2080,   7934.6079,-435498.2812,   -977.7617,    557.0654,  26448.6895,
       1,     170,     103,      23,       1,       3,       1,     10.0000,      1.4123,     42.7828,    251.7624,     63.3585,      3.4953,      0.0000,     -0.0327,      5.1270,      0.1537,      5.6545,     11.3090,      1.3579,     29.5296,     59.0592,      0.0195,      0.0040,      0.0156,      0.2081,   7934.6069,-430126.5938,   -976.4713,    557.4464,  26448.6895,
       1,     170,     103,      24,       1,       3,       1,     10.0000,      1.4123,     42.7828,    251.7624,     63.3585,      3.4953,      0.0000,     -0.0326,      4.6628,      0.1518,      5.6545,     11.3090,      1.3416,     29.5296,     59.0592,      0.0195,      0.0036,      0.0156,      0.2081,   7934.6069,-427300.0312,   -975.7910,    557.6435,  26448.6895,
       1,     170,     104,       1,       1,       3,       1,     10.0000,      1.4123,     42.7831,    251.7684,     63.3600,      3.4953,      0.0000,     -0.0324,      4.2325,      0.1455,      5.6540,     11.3079,      1.2860,     29.5401,     59.0801,      0.0195,      0.0033,      0.0156,      0.2081,   7934.6069,-426648.2812,   -975.9786,    557.7021,  26449.8828,
       1,     170,     104,       2,       1,       3,       1,     10.0000,      1.4123,     42.7831,    251.7684,     63.3600,      3.4953,      0.0000,     -0.0321,      3.5953,      0.1392,      5.6540,     11.3079,      1.2300,     29.5401,     59.0801,      0.0195,      0.0028,      0.0156,      0.2081,   7934.9653,-425913.5625,   -975.4543,    557.7532,  26449.8828,
       1,     170,     104,       3,       1,       3,       1,     10.0000,      1.4123,     42.7831,    251.7684,     63.3600,      3.4953,      0.0000,     -0.0320,      3.4479,      0.1352,      5.6540,     11.3079,      1.1944,     29.5401,     59.0801,      0.0195,      0.0027,      0.0156,      0.2081,   7934.9653,-425073.1562,   -975.2509,    557.8118,  26449.8828,
       1,     170,     104,       4,       1,       3,       1,     10.0000,      1.4123,     42.7831,    251.7684,     63.3600,      3.4953,      0.0000,     -0.0319,      3.1913,      0.1327,      5.6540,     11.3079,      1.1728,     29.5401,     59.0801,      0.0195,      0.0025,      0.0156,      0.2081,   7934.9653,-424821.5312,   -975.1892,    557.8294,  26449.8828,
       1,     170,     104,       5,       1,       3,       1,     10.0000,      1.4123,     42.7831,    251.7684,     63.3600,      3.4953,      0.0000,     -0.0319,      2.9915,      0.1342,      5.6540,     11.3079,      1.1859,     29.5401,     59.0801,      0.0195,      0.0023,      0.0156,      0.2081,   7934.9653,-424486.7500,   -975.1076,    557.8528,  26449.8828,
       1,     170,     104,       6,       1,       3,       1,     10.0000,      1.4123,     42.7831,    251.7684,     63.3600,      3.4953,      0.0000,     -0.0318,      2.3869,      0.1302,      5.6540,     11.3079,      1.1503,     29.5401,     59.0801,      0.0195,      0.0019,      0.0156,      0.2081,   7934.9653,-424214.2188,   -975.0410,    557.8718,  26449.8828,
       1,     170,     104,       7,       1,       3,       1,     10.0000,      1.4123,     42.7831,    251.7684,     63.3600,      3.4953,      0.0000,     -0.0316,      1.8356,      0.1264,      5.6540,     11.3079,      1.1168,     29.5401,     59.0801,      0.0195,      0.0014,      0.0156,      0.2081,   7934.9653,-423452.8125,   -974.8574,    557.9249,  26449.8828,
       1,     170,     104,       8,       1,       3,       1,     10.0000,      1.4123,     42.7831,    251.7684,     63.3600,      3.4953,      0.0053,     -0.0263,      1.8221,      0.1260,      5.6540,     11.3079,      1.1134,     29.5401,     59.0801,      0.0195,      0.0014,      0.0156,      0.2081,   7934.9653,-422714.8125,   -974.6799,    557.9763,  26449.8828,
       1,     170,     104,       9,       1,       3,       1,     10.0000,      1.4123,     42.7831,    251.7684,     63.3600,      3.4953,      0.1378,      0.1054,     19.0252,      0.1454,      5.6540,     11.3079,      1.2847,     29.5401,     59.0801,      0.0195,      0.0013,      0.1741,      0.2081,   7934.9653,-422635.5625,   -974.6600,    557.9818,  26449.8828,
       1,     170,     104,      10,       1,       3,       1,     10.0000,      1.4123,     42.7831,    251.7684,     63.3600,      3.4953,      0.1842,      0.1509,     32.0213,      0.1699,      5.6540,     11.3079,      1.5011,     29.5401,     59.0801,      0.0195,      0.0016,      0.2390,      0.2081,   7934.9653,-443634.0000,   -979.7085,    556.5172,  26449.8809,
       1,     170,     104,      11,       1,       3,       1,     10.0000,      1.4123,     42.7831,    251.7684,     63.3600,      3.4953,      0.1918,      0.1579,     33.2499,      0.1897,      5.6540,     11.3079,      1.6766,     29.5401,     59.0801,      0.0195,      0.0016,      0.2500,      0.2081,   7934.9644,-461300.8750,   -983.9735,    555.2902,  26449.8828,
       1,     170,     104,      12,       1,       3,       1,     10.0000,      1.4123,     42.7831,    251.7684,     63.3600,      3.4953,      0.1922,      0.1579,     39.7461,      0.2043,      5.6540,     11.3079,      1.8057,     29.5401,     59.0801,      0.0195,      0.0019,      0.2500,      0.2081,   7934.9653,-464305.0625,   -984.7347,    555.0830,  26449.8809,
       1,     170,     104,      13,       1,       3,       1,     10.0000,      1.4123,     42.7831,    251.7684,     63.3600,      3.4953,      0.1923,      0.1577,     42.8827,      0.2172,      5.6540,     11.3079,      1.9195,     29.5401,     59.0801,      0.0195,      0.0021,      0.2500,      0.2081,   7934.9644,-472496.1250,   -986.7523,    554.5147,  26449.8809,
       1,     170,     104,      14,       1,       3,       1,     10.0000,      1.4123,     42.7831,    251.7684,     63.3600,      3.4953,      0.1943,      0.1597,     68.2911,      0.2170,      5.6540,     11.3079,      1.9176,     29.5401,     59.0801,      0.0195,      0.0033,      0.2500,      0.2081,   7934.9644,-477025.4062,   -987.9042,    554.2010,  26449.8809,
       1,     170,     104,      15,       1,       3,       1,     10.0000,      1.4123,     42.7831,    251.7684,     63.3600,      3.4953,      0.1970,      0.1621,    103.4785,      0.2259,      5.6540,     11.3079,      1.9963,     29.5401,     59.0801,      0.0195,      0.0050,      0.2500,      0.2081,   7934.9644,-508459.0938,   -995.5472,    552.0236,  26449.8809,
       1,     170,     104,      16,       1,       3,       1,     10.0000,      1.4123,     42.7831,    251.7684,     63.3600,      3.4953,      0.1984,      0.1638,    120.2640,      0.2147,      5.6540,     11.3079,      1.8969,     29.5401,     59.0801,      0.0195,      0.0058,      0.2500,      0.2080,   7934.9644,-554160.1875,  -1006.7504,    548.8744,  26449.8809,
       1,     170,     104,      17,       1,       3,       1,     10.0000,      1.4123,     42.7831,    251.7684,     63.3600,      3.4953,      0.1979,      0.1635,    152.0933,      0.2066,      5.6540,     11.3079,      1.8254,     29.5401,     59.0801,      0.0195,      0.0075,      0.2457,      0.2080,   7934.9644,-578596.6250,  -1013.0411,    547.2067,  26449.8789,
       1,     170,     104,      18,       1,       3,       1,     10.0000,      1.4123,     42.7831,    251.7684,     63.3600,      3.4953,      0.1752,      0.1411,    127.9296,      0.1984,      5.6540,     11.3079,      1.7530,     29.5401,     59.0801,      0.0195,      0.0072,      0.2156,      0.2079,   7934.9639,-619625.8125,  -1023.4696,    544.4028,  26449.8789,
       1,     170,     104,      19,       1,       3,       1,     10.0000,      1.4123,     42.7831,    251.7684,     63.3600,      3.4953,      0.1555,      0.1216,    100.2477,      0.1941,      5.6540,     11.3079,      1.7152,     29.5401,     59.0801,      0.0195,      0.0064,      0.1903,      0.2079,   7934.9639,-593530.8125,  -1017.8739,    546.1858,  26449.8789,
       1,     170,     104,      20,       1,       3,       1,     10.0000,      1.4123,     42.7831,    251.7684,     63.3600,      3.4953,      0.0391,      0.0058,     16.6200,      0.1724,      5.6540,     11.3079,      1.5238,     29.5401,     59.0801,      0.0195,      0.0062,      0.0327,      0.2079,   7934.9639,-557425.6250,  -1009.7325,    548.6537,  26449.8770,
       1,     170,     104,      21,       1,       3,       1,     10.0000,      1.4123,     42.7831,    251.7684,     63.3600,      3.4953,      0.0000,     -0.0330,      7.2525,      0.1649,      5.6540,     11.3079,      1.4568,     29.5401,     59.0801,      0.0195,      0.0056,      0.0156,      0.2080,   7934.9634,-452055.0938,   -984.5875,    555.8857,  26449.8770,
       1,     170,     104,      22,       1,       3,       1,     10.0000,      1.4123,     42.7831,    251.7684,     63.3600,      3.4953,      0.0000,     -0.0329,      6.4376,      0.1609,      5.6540,     11.3079,      1.4221,     29.5401,     59.0801,      0.0195,      0.0050,      0.0156,      0.2081,   7934.9634,-431819.0312,   -979.7055,    557.3398,  26449.8770,
       1,     170,     104,      23,       1,       3,       1,     10.0000,      1.4123,     42.7831,    251.7684,     63.3600,      3.4953,      0.0000,     -0.0328,      5.7125,      0.1592,      5.6540,     11.3079,      1.4065,     29.5401,     59.0801,      0.0195,      0.0044,      0.0156,      0.2081,   7934.9634,-429049.5000,   -979.0358,    557.5346,  26449.8770,
       1,     170,     104,      24,       1,       3,       1,     10.0000,      1.4123,     42.7831,    251.7684,     63.3600,      3.4953,      0.0000,     -0.0328,      5.5784,      0.1577,      5.6540,     11.3079,      1.3939,     29.5401,     59.0801,      0.0195,      0.0043,      0.0156,      0.2081,   7934.9634,-427926.1250,   -978.7640,    557.6129,  26449.8750,
       1,     170,     105,       1,       1,       3,       1,     10.0000,      1.4124,     42.7835,    251.7744,     63.3615,      3.4953,      0.0000,     -0.0326,      4.0321,      0.1531,      5.6545,     11.3090,      1.3525,     29.5504,     59.1009,      0.0195,      0.0031,      0.0156,      0.2081,   7934.9629,-427822.7188,   -979.0893,    557.6334,  26451.0664,
       1,     170,     105,       2,       1,       3,       1,     10.0000,      1.4124,     42.7835,    251.7744,     63.3615,      3.4953,      0.0000,     -0.0325,      3.4833,      0.1489,      5.6545,     11.3090,      1.3162,     29.5504,     59.1009,      0.0195,      0.0027,      0.0156,      0.2081,   7935.3203,-425772.1562,   -978.2444,    557.7762,  26451.0664,
       1,     170,     105,       3,       1,       3,       1,     10.0000,      1.4124,     42.7835,    251.7744,     63.3615,      3.4953,      0.0000,     -0.0324,      3.2225,      0.1460,      5.6545,     11.3090,      1.2899,     29.5504,     59.1009,      0.0195,      0.0025,      0.0156,      0.2081,   7935.3203,-424927.7812,   -978.0403,    557.8351,  26451.0664,
       1,     170,     105,       4,       1,       3,       1,     10.0000,      1.4124,     42.7835,    251.7744,     63.3615,      3.4953,      0.0000,     -0.0322,      2.9206,      0.1419,      5.6545,     11.3090,      1.2539,     29.5504,     59.1009,      0.0195,      0.0023,      0.0156,      0.2081,   7935.3203,-424537.4062,   -977.9460,    557.8624,  26451.0664,
       1,     170,     105,       5,       1,       3,       1,     10.0000,      1.4124,     42.7835,    251.7744,     63.3615,      3.4953,      0.0000,     -0.0322,      2.8988,      0.1405,      5.6545,     11.3090,      1.2413,     29.5504,     59.1009,      0.0195,      0.0023,      0.0156,      0.2081,   7935.3203,-424135.5000,   -977.8491,    557.8904,  26451.0664,
       1,     170,     105,       6,       1,       3,       1,     10.0000,      1.4124,     42.7835,    251.7744,     63.3615,      3.4953,      0.0000,     -0.0320,      2.5876,      0.1343,      5.6545,     11.3090,      1.1872,     29.5504,     59.1009,      0.0195,      0.0020,      0.0156,      0.2081,   7935.3203,-424074.6562,   -977.8348,    557.8947,  26451.0664,
       1,     170,     105,       7,       1,       3,       1,     10.0000,      1.4124,     42.7835,    251.7744,     63.3615,      3.4953,      0.0000,     -0.0319,      2.5824,      0.1339,      5.6545,     11.3090,      1.1836,     29.5504,     59.1009,      0.0195,      0.0020,      0.0156,      0.2081,   7935.3203,-423689.5312,   -977.7419,    557.9216,  26451.0664,
       1,     170,     105,       8,       1,       3,       1,     10.0000,      1.4124,     42.7835,    251.7744,     63.3615,      3.4953,      0.0202,     -0.0118,      1.3537,      0.1352,      5.6545,     11.3090,      1.1944,     29.5504,     59.1009,      0.0195,      0.0018,      0.0089,      0.2081,   7935.3203,-423650.4062,   -977.7328,    557.9243,  26451.0664,
       1,     170,     105,       9,       1,       3,       1,     10.0000,      1.4124,     42.7835,    251.7744,     63.3615,      3.4953,      0.1379,      0.1051,     23.7757,      0.1571,      5.6545,     11.3090,      1.3883,     29.5504,     59.1009,      0.0195,      0.0017,      0.1737,      0.2081,   7935.3203,-422146.9688,   -977.3674,    558.0291,  26451.0664,
       1,     170,     105,      10,       1,       3,       1,     10.0000,      1.4124,     42.7835,    251.7744,     63.3615,      3.4953,      0.1850,      0.1515,     35.2455,      0.1798,      5.6545,     11.3090,      1.5890,     29.5504,     59.1009,      0.0195,      0.0018,      0.2400,      0.2081,   7935.3203,-449393.1875,   -983.9861,    556.1286,  26451.0664,
       1,     170,     105,      11,       1,       3,       1,     10.0000,      1.4124,     42.7835,    251.7744,     63.3615,      3.4953,      0.1914,      0.1575,     29.1978,      0.1922,      5.6545,     11.3090,      1.6984,     29.5504,     59.1009,      0.0195,      0.0014,      0.2500,      0.2081,   7935.3203,-465729.9688,   -987.9813,    554.9962,  26451.0664,
       1,     170,     105,      12,       1,       3,       1,     10.0000,      1.4124,     42.7835,    251.7744,     63.3615,      3.4953,      0.1911,      0.1568,     25.8480,      0.2035,      5.6545,     11.3090,      1.7987,     29.5504,     59.1009,      0.0195,      0.0013,      0.2500,      0.2081,   7935.3203,-459729.8750,   -986.5800,    555.4136,  26451.0664,
       1,     170,     105,      13,       1,       3,       1,     10.0000,      1.4124,     42.7835,    251.7744,     63.3615,      3.4953,      0.1910,      0.1562,     25.4648,      0.2207,      5.6545,     11.3090,      1.9499,     29.5504,     59.1009,      0.0195,      0.0012,      0.2500,      0.2081,   7935.3203,-455127.3125,   -985.5043,    555.7333,  26451.0645,
       1,     170,     105,      14,       1,       3,       1,     10.0000,      1.4124,     42.7835,    251.7744,     63.3615,      3.4953,      0.1932,      0.1581,     55.1388,      0.2322,      5.6545,     11.3090,      2.0519,     29.5504,     59.1009,      0.0195,      0.0027,      0.2500,      0.2081,   7935.3198,-454268.3750,   -985.3271,    555.7930,  26451.0645,
       1,     170,     105,      15,       1,       3,       1,     10.0000,      1.4124,     42.7835,    251.7744,     63.3615,      3.4953,      0.1960,      0.1607,     92.1437,      0.2393,      5.6545,     11.3090,      2.1150,     29.5504,     59.1009,      0.0195,      0.0045,      0.2500,      0.2081,   7935.3198,-490440.0312,   -994.1512,    553.2801,  26451.0645,
       1,     170,     105,      16,       1,       3,       1,     10.0000,      1.4124,     42.7835,    251.7744,     63.3615,      3.4953,      0.1980,      0.1628,    116.6634,      0.2338,      5.6545,     11.3090,      2.0660,     29.5504,     59.1009,      0.0195,      0.0057,      0.2500,      0.2081,   7935.3198,-538753.3750,  -1006.0190,    549.9443,  26451.0625,
       1,     170,     105,      17,       1,       3,       1,     10.0000,      1.4124,     42.7835,    251.7744,     63.3615,      3.4953,      0.1944,      0.1596,    139.2748,      0.2239,      5.6545,     11.3090,      1.9788,     29.5504,     59.1009,      0.0195,      0.0070,      0.2423,      0.2080,   7935.3188,-572865.6250,  -1014.6523,    547.6094,  26451.0645,
       1,     170,     105,      18,       1,       3,       1,     10.0000,      1.4124,     42.7835,    251.7744,     63.3615,      3.4953,      0.1809,      0.1464,    157.4865,      0.2099,      5.6545,     11.3090,      1.8545,     29.5504,     59.1009,      0.0195,      0.0086,      0.2205,      0.2080,   7935.3198,-603432.0000,  -1022.5920,    545.5220,  26451.0625,
       1,     170,     105,      19,       1,       3,       1,     10.0000,      1.4124,     42.7835,    251.7744,     63.3615,      3.4953,      0.1399,      0.1059,    124.4842,      0.1931,      5.6545,     11.3090,      1.7068,     29.5504,     59.1009,      0.0195,      0.0091,      0.1650,      0.2079,   7935.3188,-628331.0625,  -1029.3136,    543.8282,  26451.0625,
       1,     170,     105,      20,       1,       3,       1,     10.0000,      1.4124,     42.7835,    251.7744,     63.3615,      3.4953,      0.0197,     -0.0136,      4.0798,      0.1721,      5.6545,     11.3090,      1.5208,     29.5504,     59.1009,      0.0195,      0.0079,      0.0063,      0.2079,   7935.3188,-590022.8125,  -1020.7156,    546.4349,  26451.0605,
       1,     170,     105,      21,       1,       3,       1,     10.0000,      1.4124,     42.7835,    251.7744,     63.3615,      3.4953,      0.0000,     -0.0330,     10.0316,      0.1632,      5.6545,     11.3090,      1.4423,     29.5504,     59.1009,      0.0195,      0.0078,      0.0156,      0.2079,   7935.3184,-439402.2188,   -984.4069,    556.7292,  26451.0605,
       1,     170,     105,      22,       1,       3,       1,     10.0000,      1.4124,     42.7835,    251.7744,     63.3615,      3.4953,      0.0000,     -0.0328,      9.0151,      0.1565,      5.6545,     11.3090,      1.3827,     29.5504,     59.1009,      0.0195,      0.0070,      0.0156,      0.2081,   7935.3184,-434202.8438,   -983.1452,    557.1887,  26451.0605,
       1,     170,     105,      23,       1,       3,       1,     10.0000,      1.4124,     42.7835,    251.7744,     63.3615,      3.4953,      0.0000,     -0.0327,      7.2019,      0.1537,      5.6545,     11.3090,      1.3579,     29.5504,     59.1009,      0.0195,      0.0056,      0.0156,      0.2081,   7935.3184,-432400.4062,   -982.7090,    557.3144,  26451.0605,
       1,     170,     105,      24,       1,       3,       1,     10.0000,      1.4124,     42.7835,    251.7744,     63.3615,      3.4953,      0.0000,     -0.0327,      6.2895,      0.1549,      5.6545,     11.3090,      1.3689,     29.5504,     59.1009,      0.0195,      0.0049,      0.0156,      0.2081,   7935.3184,-430032.8438,   -982.1339,    557.4793,  26451.0605,
       1,     170,     106,       1,       1,       3,       1,     10.0000,      1.4124,     42.7838,    251.7803,     63.3630,      3.4953,      0.0000,     -0.0326,      5.0571,      0.1529,      5.6546,     11.3092,      1.3512,     29.5601,     59.1202,      0.0195,      0.0039,      0.0156,      0.2082,   7935.3184,-428873.2812,   -982.2069,    557.5734,  26452.2559,
       1,     170,     106,       2,       1,       3,       1,     10.0000,      1.4124,     42.7838,    251.7803,     63.3630,      3.4953,      0.0000,     -0.0327,      4.1105,      0.1534,      5.6546,     11.3092,      1.3552,     29.5601,     59.1202,      0.0195,      0.0032,      0.0156,      0.2082,   7935.6772,-427116.2188,   -981.4277,    557.6960,  26452.2559,
       1,     170,     106,       3,       1,       3,       1,     10.0000,      1.4124,     42.7838,    251.7803,     63.3630,      3.4953,      0.0000,     -0.0326,      3.3203,      0.1508,      5.6546,     11.3092,      1.3322,     29.5601,     59.1202,      0.0195,      0.0026,      0.0156,      0.2082,   7935.6772,-425810.8750,   -981.1105,    557.7869,  26452.2539,
       1,     170,     106,       4,       1,       3,       1,     10.0000,      1.4124,     42.7838,    251.7803,     63.3630,      3.4953,      0.0000,     -0.0325,      2.5596,      0.1485,      5.6546,     11.3092,      1.3123,     29.5601,     59.1202,      0.0195,      0.0020,      0.0156,      0.2082,   7935.6763,-424735.3750,   -980.8499,    557.8619,  26452.2539,
       1,     170,     106,       5,       1,       3,       1,     10.0000,      1.4124,     42.7838,    251.7803,     63.3630,      3.4953,      0.0000,     -0.0321,      2.6506,      0.1393,      5.6546,     11.3092,      1.2313,     29.5601,     59.1202,      0.0195,      0.0021,      0.0156,      0.2082,   7935.6763,-423715.1250,   -980.6019,    557.9330,  26452.2539,
       1,     170,     106,       6,       1,       3,       1,     10.0000,      1.4124,     42.7838,    251.7803,     63.3630,      3.4953,      0.0000,     -0.0322,      2.3270,      0.1420,      5.6546,     11.3092,      1.2552,     29.5601,     59.1202,      0.0195,      0.0018,      0.0156,      0.2082,   7935.6763,-423739.3750,   -980.6090,    557.9314,  26452.2539,
       1,     170,     106,       7,       1,       3,       1,     10.0000,      1.4124,     42.7838,    251.7803,     63.3630,      3.4953,      0.0000,     -0.0324,      2.6773,      0.1475,      5.6546,     11.3092,      1.3030,     29.5601,     59.1202,      0.0195,      0.0021,      0.0156,      0.2082,   7935.6763,-423346.4688,   -980.5141,    557.9588,  26452.2539,
       1,     170,     106,       8,       1,       3,       1,     10.0000,      1.4124,     42.7838,    251.7803,     63.3630,      3.4953,      0.0170,     -0.0154,      0.5222,      0.1475,      5.6546,     11.3092,      1.3030,     29.5601,     59.1202,      0.0195,      0.0016,      0.0039,      0.2082,   7935.6763,-423740.5000,   -980.6116,    557.9313,  26452.2539,
       1,     170,     106,       9,       1,       3,       1,     10.0000,      1.4124,     42.7838,    251.7803,     63.3630,      3.4953,      0.1480,      0.1150,     19.3080,      0.1629,      5.6546,     11.3092,      1.4394,     29.5601,     59.1202,      0.0195,      0.0012,      0.1886,      0.2082,   7935.6763,-421143.3438,   -979.9760,    558.1124,  26452.2539,
       1,     170,     106,      10,       1,       3,       1,     10.0000,      1.4124,     42.7838,    251.7803,     63.3630,      3.4953,      0.1748,      0.1412,     18.2564,      0.1814,      5.6546,     11.3092,      1.6033,     29.5601,     59.1202,      0.0195,      0.0010,      0.2273,      0.2082,   7935.6763,-443854.1250,   -985.5458,    556.5281,  26452.2539,
       1,     170,     106,      11,       1,       3,       1,     10.0000,      1.4124,     42.7838,    251.7803,     63.3630,      3.4953,      0.1907,      0.1565,     20.2534,      0.2010,      5.6546,     11.3092,      1.7757,     29.5601,     59.1202,      0.0195,      0.0010,      0.2500,      0.2082,   7935.6763,-444509.3438,   -985.7255,    556.4847,  26452.2539,
       1,     170,     106,      12,       1,       3,       1,     10.0000,      1.4124,     42.7838,    251.7803,     63.3630,      3.4953,      0.1910,      0.1566,     24.4474,      0.2078,      5.6546,     11.3092,      1.8364,     29.5601,     59.1202,      0.0195,      0.0012,      0.2500,      0.2082,   7935.6763,-447000.9688,   -986.3547,    556.3115,  26452.2520,
       1,     170,     106,      13,       1,       3,       1,     10.0000,      1.4124,     42.7838,    251.7803,     63.3630,      3.4953,      0.1918,      0.1573,     35.9271,      0.2126,      5.6546,     11.3092,      1.8784,     29.5601,     59.1202,      0.0195,      0.0017,      0.2500,      0.2082,   7935.6758,-452334.6250,   -987.6846,    555.9406,  26452.2559,
       1,     170,     106,      14,       1,       3,       1,     10.0000,      1.4124,     42.7838,    251.7803,     63.3630,      3.4953,      0.1853,      0.1510,     50.3119,      0.2062,      5.6546,     11.3092,      1.8219,     29.5601,     59.1202,      0.0195,      0.0026,      0.2389,      0.2081,   7935.6772,-466807.6562,   -991.2650,    554.9349,  26452.2520,
       1,     170,     106,      15,       1,       3,       1,     10.0000,      1.4124,     42.7838,    251.7803,     63.3630,      3.4953,      0.1744,      0.1399,     78.8011,      0.2115,      5.6546,     11.3092,      1.8692,     29.5601,     59.1202,      0.0195,      0.0043,      0.2200,      0.2081,   7935.6758,-485611.5938,   -995.9445,    553.6315,  26452.2520,
       1,     170,     106,      16,       1,       3,       1,     10.0000,      1.4124,     42.7838,    251.7803,     63.3630,      3.4953,      0.1651,      0.1308,     98.2073,      0.2044,      5.6546,     11.3092,      1.8058,     29.5601,     59.1202,      0.0195,      0.0058,      0.2042,      0.2081,   7935.6758,-522021.8750,  -1004.9909,    551.1132,  26452.2520,
       1,     170,     106,      17,       1,       3,       1,     10.0000,      1.4124,     42.7838,    251.7803,     63.3630,      3.4953,      0.1727,      0.1385,    105.0831,      0.2008,      5.6546,     11.3092,      1.7740,     29.5601,     59.1202,      0.0195,      0.0059,      0.2145,      0.2081,   7935.6758,-548852.1875,  -1011.8424,    549.2706,  26452.2500,
       1,     170,     106,      18,       1,       3,       1,     10.0000,      1.4124,     42.7838,    251.7803,     63.3630,      3.4953,      0.1309,      0.0970,     78.0857,      0.1899,      5.6546,     11.3092,      1.6783,     29.5601,     59.1202,      0.0195,      0.0060,      0.1573,      0.2080,   7935.6753,-559539.8125,  -1014.8563,    548.5399,  26452.2500,
       1,     170,     106,      19,       1,       3,       1,     10.0000,      1.4124,     42.7838,    251.7803,     63.3630,      3.4953,      0.1389,      0.1051,     74.9697,      0.1875,      5.6546,     11.3092,      1.6568,     29.5601,     59.1202,      0.0195,      0.0054,      0.1692,      0.2080,   7935.6753,-527417.0625,  -1007.3889,    550.7430,  26452.2500,
       1,     170,     106,      20,       1,       3,       1,     10.0000,      1.4124,     42.7838,    251.7803,     63.3630,      3.4953,      0.0189,     -0.0145,      2.4310,      0.1745,      5.6546,     11.3092,      1.5422,     29.5601,     59.1202,      0.0195,      0.0056,      0.0053,      0.2081,   7935.6753,-520898.3438,  -1006.0792,    551.1962,  26452.2480,
       1,     170,     106,      21,       1,       3,       1,     10.0000,      1.4124,     42.7838,    251.7803,     63.3630,      3.4953,      0.0000,     -0.0332,      6.2780,      0.1689,      5.6546,     11.3092,      1.4922,     29.5601,     59.1202,      0.0195,      0.0049,      0.0156,      0.2081,   7935.6748,-431659.2188,   -984.3345,    557.3448,  26452.2480,
       1,     170,     106,      22,       1,       3,       1,     10.0000,      1.4124,     42.7838,    251.7803,     63.3630,      3.4953,      0.0000,     -0.0331,      5.9040,      0.1664,      5.6546,     11.3092,      1.4700,     29.5601,     59.1202,      0.0195,      0.0046,      0.0156,      0.2082,   7935.6748,-428886.4062,   -983.6584,    557.5724,  26452.2480,
       1,     170,     106,      23,       1,       3,       1,     10.0000,      1.4124,     42.7838,    251.7803,     63.3630,      3.4953,      0.0000,     -0.0329,      5.5336,      0.1606,      5.6546,     11.3092,      1.4194,     29.5601,     59.1202,      0.0195,      0.0043,      0.0156,      0.2082,   7935.6748,-428152.0000,   -983.4813,    557.6237,  26452.2480,
       1,     170,     106,      24,       1,       3,       1,     10.0000,      1.4124,     42.7838,    251.7803,     63.3630,      3.4953,      0.0000,     -0.0330,      5.1626,      0.1622,      5.6546,     11.3092,      1.4337,     29.5601,     59.1202,      0.0195,      0.0040,      0.0156,      0.2082,   7935.6748,-427637.1875,   -983.3578,    557.6596,  26452.2480,
       1,     170,     107,       1,       1,       3,       1,     10.0000,      1.4124,     42.7841,    251.7863,     63.3645,      3.4953,      0.0000,     -0.0330,      4.1514,      0.1629,      5.6549,     11.3099,      1.4394,     29.5663,     59.1325,      0.0195,      0.0032,      0.0156,      0.2082,   7935.6748,-427296.1875,   -983.6325,    557.6964,  26453.4395,
       1,     170,     107,       2,       1,       3,       1,     10.0000,      1.4124,     42.7841,    251.7863,     63.3645,      3.4953,      0.0000,     -0.0329,      3.5663,      0.1605,      5.6549,     11.3099,      1.4180,     29.5663,     59.1325,      0.0195,      0.0028,      0.0156,      0.2082,   7936.0322,-425879.6250,   -982.9333,    557.7951,  26453.4395,
       1,     170,     107,       3,       1,       3,       1,     10.0000,      1.4124,     42.7841,    251.7863,     63.3645,      3.4953,      0.0000,     -0.0329,      3.5021,      0.1614,      5.6549,     11.3099,      1.4265,     29.5663,     59.1325,      0.0195,      0.0027,      0.0156,      0.2082,   7936.0322,-425044.9688,   -982.7303,    557.8534,  26453.4395,
       1,     170,     107,       4,       1,       3,       1,     10.0000,      1.4124,     42.7841,    251.7863,     63.3645,      3.4953,      0.0000,     -0.0328,      2.4717,      0.1582,      5.6549,     11.3099,      1.3982,     29.5663,     59.1325,      0.0195,      0.0019,      0.0156,      0.2082,   7936.0322,-424895.4375,   -982.6955,    557.8638,  26453.4395,
       1,     170,     107,       5,       1,       3,       1,     10.0000,      1.4124,     42.7841,    251.7863,     63.3645,      3.4953,      0.0000,     -0.0327,      2.7566,      0.1557,      5.6549,     11.3099,      1.3759,     29.5663,     59.1325,      0.0195,      0.0021,      0.0156,      0.2082,   7936.0322,-423625.0625,   -982.3850,    557.9523,  26453.4395,
       1,     170,     107,       6,       1,       3,       1,     10.0000,      1.4124,     42.7841,    251.7863,     63.3645,      3.4953,      0.0000,     -0.0328,      3.1695,      0.1570,      5.6549,     11.3099,      1.3870,     29.5663,     59.1325,      0.0195,      0.0025,      0.0156,      0.2082,   7936.0322,-423864.6562,   -982.4454,    557.9357,  26453.4395,
       1,     170,     107,       7,       1,       3,       1,     10.0000,      1.4124,     42.7841,    251.7863,     63.3645,      3.4953,      0.0000,     -0.0325,      2.8752,      0.1487,      5.6549,     11.3099,      1.3136,     29.5663,     59.1325,      0.0195,      0.0022,      0.0156,      0.2082,   7936.0322,-424389.0625,   -982.5764,    557.8991,  26453.4395,
       1,     170,     107,       8,       1,       3,       1,     10.0000,      1.4124,     42.7841,    251.7863,     63.3645,      3.4953,      0.0233,     -0.0093,      2.5718,      0.1497,      5.6549,     11.3099,      1.3229,     29.5663,     59.1325,      0.0195,      0.0025,      0.0125,      0.2082,   7936.0322,-424074.4375,   -982.5007,    557.9210,  26453.4395,
       1,     170,     107,       9,       1,       3,       1,     10.0000,      1.4124,     42.7841,    251.7863,     63.3645,      3.4953,      0.1385,      0.1055,     36.1779,      0.1634,      5.6549,     11.3099,      1.4438,     29.5663,     59.1325,      0.0195,      0.0025,      0.1731,      0.2082,   7936.0322,-423677.3125,   -982.4042,    557.9487,  26453.4395,
       1,     170,     107,      10,       1,       3,       1,     10.0000,      1.4124,     42.7841,    251.7863,     63.3645,      3.4953,      0.1512,      0.1180,     36.7306,      0.1699,      5.6549,     11.3099,      1.5012,     29.5663,     59.1325,      0.0195,      0.0023,      0.1912,      0.2082,   7936.0322,-464662.9375,   -992.5198,    555.0902,  26453.4414,
       1,     170,     107,      11,       1,       3,       1,     10.0000,      1.4124,     42.7841,    251.7863,     63.3645,      3.4953,      0.1662,      0.1324,     44.7908,      0.1853,      5.6549,     11.3099,      1.6372,     29.5663,     59.1325,      0.0195,      0.0026,      0.2118,      0.2082,   7936.0327,-468845.1875,   -993.6102,    554.8073,  26453.4395,
       1,     170,     107,      12,       1,       3,       1,     10.0000,      1.4124,     42.7841,    251.7863,     63.3645,      3.4953,      0.1936,      0.1595,     56.3906,      0.1970,      5.6549,     11.3099,      1.7410,     29.5663,     59.1325,      0.0195,      0.0027,      0.2500,      0.2082,   7936.0322,-479036.9062,   -996.1963,    554.1006,  26453.4395,
       1,     170,     107,      13,       1,       3,       1,     10.0000,      1.4124,     42.7841,    251.7863,     63.3645,      3.4953,      0.1940,      0.1593,     64.0269,      0.2172,      5.6549,     11.3099,      1.9196,     29.5663,     59.1325,      0.0195,      0.0031,      0.2500,      0.2081,   7936.0322,-494073.6562,   -999.9992,    553.0596,  26453.4414,
       1,     170,     107,      14,       1,       3,       1,     10.0000,      1.4124,     42.7841,    251.7863,     63.3645,      3.4953,      0.1901,      0.1556,     70.7029,      0.2113,      5.6549,     11.3099,      1.8674,     29.5663,     59.1325,      0.0195,      0.0035,      0.2436,      0.2081,   7936.0327,-504682.5312,  -1002.7574,    552.3272,  26453.4395,
       1,     170,     107,      15,       1,       3,       1,     10.0000,      1.4124,     42.7841,    251.7863,     63.3645,      3.4953,      0.1954,      0.1607,     81.1814,      0.2162,      5.6549,     11.3099,      1.9102,     29.5663,     59.1325,      0.0195,      0.0039,      0.2500,      0.2081,   7936.0322,-513741.7188,  -1005.1866,    551.7022,  26453.4375,
       1,     170,     107,      16,       1,       3,       1,     10.0000,      1.4124,     42.7841,    251.7863,     63.3645,      3.4953,      0.1967,      0.1619,     99.6320,      0.2220,      5.6549,     11.3099,      1.9615,     29.5663,     59.1325,      0.0195,      0.0048,      0.2500,      0.2081,   7936.0317,-527318.1250,  -1008.7730,    550.7663,  26453.4355,
       1,     170,     107,      17,       1,       3,       1,     10.0000,      1.4124,     42.7841,    251.7863,     63.3645,      3.4953,      0.1924,      0.1580,    112.5634,      0.2086,      5.6549,     11.3099,      1.8437,     29.5663,     59.1325,      0.0195,      0.0056,      0.2421,      0.2081,   7936.0308,-551027.8125,  -1014.9303,    549.1348,  26453.4375,
       1,     170,     107,      18,       1,       3,       1,     10.0000,      1.4124,     42.7841,    251.7863,     63.3645,      3.4953,      0.1756,      0.1415,    113.2167,      0.1984,      5.6549,     11.3099,      1.7531,     29.5663,     59.1325,      0.0195,      0.0063,      0.2178,      0.2081,   7936.0317,-568859.5000,  -1019.7464,    547.9132,  26453.4355,
       1,     170,     107,      19,       1,       3,       1,     10.0000,      1.4124,     42.7841,    251.7863,     63.3645,      3.4953,      0.1319,      0.0981,     77.9321,      0.1875,      5.6549,     11.3099,      1.6568,     29.5663,     59.1325,      0.0195,      0.0059,      0.1587,      0.2080,   7936.0308,-571172.0000,  -1020.8069,    547.7562,  26453.4375,
       1,     170,     107,      20,       1,       3,       1,     10.0000,      1.4124,     42.7841,    251.7863,     63.3645,      3.4953,      0.0195,     -0.0137,      3.0476,      0.1706,      5.6549,     11.3099,      1.5073,     29.5663,     59.1325,      0.0195,      0.0059,      0.0062,      0.2080,   7936.0317,-528198.3750,  -1010.6362,    550.6985,  26453.4336,
       1,     170,     107,      21,       1,       3,       1,     10.0000,      1.4124,     42.7841,    251.7863,     63.3645,      3.4953,      0.0000,     -0.0330,      8.4321,      0.1647,      5.6549,     11.3099,      1.4554,     29.5663,     59.1325,      0.0195,      0.0065,      0.0156,      0.2081,   7936.0303,-433033.2812,   -987.2811,    557.2574,  26453.4336,
       1,     170,     107,      22,       1,       3,       1,     10.0000,      1.4124,     42.7841,    251.7863,     63.3645,      3.4953,      0.0000,     -0.0330,      7.4456,      0.1621,      5.6549,     11.3099,      1.4323,     29.5663,     59.1325,      0.0195,      0.0058,      0.0156,      0.2082,   7936.0303,-431641.7500,   -986.9440,    557.3935,  26453.4336,
       1,     170,     107,      23,       1,       3,       1,     10.0000,      1.4124,     42.7841,    251.7863,     63.3645,      3.4953,      0.0000,     -0.0329,      6.8380,      0.1611,      5.6549,     11.3099,      1.4237,     29.5663,     59.1325,      0.0195,      0.0053,      0.0156,      0.2082,   7936.0303,-430271.2500,   -986.6099,    557.4890,  26453.4316,
       1,     170,     107,      24,       1,       3,       1,     10.0000,      1.4124,     42.7841,    251.7863,     63.3645,      3.4953,      0.0000,     -0.0329,      6.1096,      0.1601,      5.6549,     11.3099,      1.4151,     29.5663,     59.1325,      0.0195,      0.0047,      0.0156,      0.2082,   7936.0298,-429413.1250,   -986.4027,    557.5488,  26453.4316,
       1,     170,     108,       1,       1,       3,       1,     10.0000,      1.4124,     42.7845,    251.7923,     63.3660,      3.4953,      0.0000,     -0.0328,      4.4916,      0.1585,      5.6550,     11.3100,      1.4010,     29.5741,     59.1483,      0.0195,      0.0035,      0.0156,      0.2082,   7936.0298,-428606.6250,   -986.5659,    557.6182,  26454.6250,
       1,     170,     108,       2,       1,       3,       1,     10.0000,      1.4124,     42.7845,    251.7923,     63.3660,      3.4953,      0.0000,     -0.0328,      4.1356,      0.1581,      5.6550,     11.3100,      1.3968,     29.5741,     59.1483,      0.0195,      0.0032,      0.0156,      0.2082,   7936.3877,-426409.4375,   -985.6675,    557.7714,  26454.6250,
       1,     170,     108,       3,       1,       3,       1,     10.0000,      1.4124,     42.7845,    251.7923,     63.3660,      3.4953,      0.0000,     -0.0328,      3.8656,      0.1579,      5.6550,     11.3100,      1.3954,     29.5741,     59.1483,      0.0195,      0.0030,      0.0156,      0.2082,   7936.3877,-425788.0000,   -985.5167,    557.8148,  26454.6250,
       1,     170,     108,       4,       1,       3,       1,     10.0000,      1.4124,     42.7845,    251.7923,     63.3660,      3.4953,      0.0000,     -0.0327,      3.6197,      0.1537,      5.6550,     11.3100,      1.3580,     29.5741,     59.1483,      0.0195,      0.0028,      0.0156,      0.2082,   7936.3877,-425405.5312,   -985.4246,    557.8414,  26454.6250,
       1,     170,     108,       5,       1,       3,       1,     10.0000,      1.4124,     42.7845,    251.7923,     63.3660,      3.4953,      0.0000,     -0.0326,      3.5883,      0.1509,      5.6550,     11.3100,      1.3337,     29.5741,     59.1483,      0.0195,      0.0028,      0.0156,      0.2082,   7936.3877,-425072.8438,   -985.3450,    557.8646,  26454.6250,
       1,     170,     108,       6,       1,       3,       1,     10.0000,      1.4124,     42.7845,    251.7923,     63.3660,      3.4953,      0.0000,     -0.0325,      3.3253,      0.1485,      5.6550,     11.3100,      1.3123,     29.5741,     59.1483,      0.0195,      0.0026,      0.0156,      0.2082,   7936.3877,-425006.2812,   -985.3311,    557.8693,  26454.6250,
       1,     170,     108,       7,       1,       3,       1,     10.0000,      1.4124,     42.7845,    251.7923,     63.3660,      3.4953,      0.0000,     -0.0325,      3.2194,      0.1491,      5.6550,     11.3100,      1.3176,     29.5741,     59.1483,      0.0195,      0.0025,      0.0156,      0.2082,   7936.3877,-424679.5312,   -985.2527,    557.8920,  26454.6250,
       1,     170,     108,       8,       1,       3,       1,     10.0000,      1.4124,     42.7845,    251.7923,     63.3660,      3.4953,      0.0193,     -0.0133,      1.5313,      0.1499,      5.6550,     11.3100,      1.3243,     29.5741,     59.1483,      0.0195,      0.0027,      0.0069,      0.2082,   7936.3877,-424522.5312,   -985.2162,    557.9030,  26454.6250,
       1,     170,     108,       9,       1,       3,       1,     10.0000,      1.4124,     42.7845,    251.7923,     63.3660,      3.4953,      0.1311,      0.0980,     33.3724,      0.1654,      5.6550,     11.3100,      1.4613,     29.5741,     59.1483,      0.0195,      0.0025,      0.1628,      0.2082,   7936.3877,-422448.9062,   -984.7024,    558.0476,  26454.6250,
       1,     170,     108,      10,       1,       3,       1,     10.0000,      1.4124,     42.7845,    251.7923,     63.3660,      3.4953,      0.1311,      0.0980,     30.4748,      0.1665,      5.6550,     11.3100,      1.4716,     29.5741,     59.1483,      0.0195,      0.0023,      0.1631,      0.2082,   7936.3877,-461132.2812,   -994.3281,    555.3492,  26454.6250,
       1,     170,     108,      11,       1,       3,       1,     10.0000,      1.4124,     42.7845,    251.7923,     63.3660,      3.4953,      0.1889,      0.1552,     43.6375,      0.1851,      5.6550,     11.3100,      1.6356,     29.5741,     59.1483,      0.0195,      0.0022,      0.2446,      0.2082,   7936.3877,-460903.1875,   -994.3231,    555.3716,  26454.6230,
       1,     170,     108,      12,       1,       3,       1,     10.0000,      1.4124,     42.7845,    251.7923,     63.3660,      3.4953,      0.1927,      0.1587,     45.1793,      0.1945,      5.6550,     11.3100,      1.7188,     29.5741,     59.1483,      0.0195,      0.0022,      0.2500,      0.2082,   7936.3872,-476949.4688,   -998.3682,    554.2577,  26454.6211,
       1,     170,     108,      13,       1,       3,       1,     10.0000,      1.4124,     42.7845,    251.7923,     63.3660,      3.4953,      0.1931,      0.1588,     51.1049,      0.2050,      5.6550,     11.3100,      1.8113,     29.5741,     59.1483,      0.0195,      0.0025,      0.2500,      0.2082,   7936.3867,-480198.7500,   -999.2632,    554.0336,  26454.6250,
       1,     170,     108,      14,       1,       3,       1,     10.0000,      1.4124,     42.7845,    251.7923,     63.3660,      3.4953,      0.1942,      0.1596,     66.1059,      0.2138,      5.6550,     11.3100,      1.8897,     29.5741,     59.1483,      0.0195,      0.0032,      0.2500,      0.2082,   7936.3877,-487710.8438,  -1001.2264,    553.5135,  26454.6230,
       1,     170,     108,      15,       1,       3,       1,     10.0000,      1.4124,     42.7845,    251.7923,     63.3660,      3.4953,      0.1946,      0.1599,     71.3170,      0.2175,      5.6550,     11.3100,      1.9215,     29.5741,     59.1483,      0.0195,      0.0035,      0.2500,      0.2082,   7936.3872,-506674.7188,  -1006.0647,    552.2016,  26454.6230,
       1,     170,     108,      16,       1,       3,       1,     10.0000,      1.4124,     42.7845,    251.7923,     63.3660,      3.4953,      0.1968,      0.1622,     99.2285,      0.2124,      5.6550,     11.3100,      1.8767,     29.5741,     59.1483,      0.0195,      0.0048,      0.2500,      0.2081,   7936.3872,-514655.7812,  -1008.2512,    551.6522,  26454.6230,
       1,     170,     108,      17,       1,       3,       1,     10.0000,      1.4124,     42.7845,    251.7923,     63.3660,      3.4953,      0.1968,      0.1625,     98.4986,      0.2048,      5.6550,     11.3100,      1.8095,     29.5741,     59.1483,      0.0195,      0.0048,      0.2500,      0.2081,   7936.3872,-549443.0000,  -1017.1606,    549.2537,  26454.6211,
       1,     170,     108,      18,       1,       3,       1,     10.0000,      1.4124,     42.7845,    251.7923,     63.3660,      3.4953,      0.1778,      0.1437,     94.6377,      0.1964,      5.6550,     11.3100,      1.7359,     29.5741,     59.1483,      0.0195,      0.0051,      0.2229,      0.2081,   7936.3867,-551516.0000,  -1018.0720,    549.1166,  26454.6191,
       1,     170,     108,      19,       1,       3,       1,     10.0000,      1.4124,     42.7845,    251.7923,     63.3660,      3.4953,      0.1321,      0.0984,     71.6974,      0.1853,      5.6550,     11.3100,      1.6372,     29.5741,     59.1483,      0.0195,      0.0054,      0.1598,      0.2081,   7936.3862,-546964.0625,  -1017.3456,    549.4290,  26454.6172,
       1,     170,     108,      20,       1,       3,       1,     10.0000,      1.4124,     42.7845,    251.7923,     63.3660,      3.4953,      0.0215,     -0.0118,      3.9529,      0.1737,      5.6550,     11.3100,      1.5346,     29.5741,     59.1483,      0.0195,      0.0054,      0.0089,      0.2081,   7936.3853,-518528.1562,  -1010.6237,    551.3821,  26454.6191,
       1,     170,     108,      21,       1,       3,       1,     10.0000,      1.4124,     42.7845,    251.7923,     63.3660,      3.4953,      0.0000,     -0.0332,      6.6652,      0.1704,      5.6550,     11.3100,      1.5058,     29.5741,     59.1483,      0.0195,      0.0052,      0.0156,      0.2081,   7936.3862,-433331.3750,   -989.5546,    557.2576,  26454.6191,
       1,     170,     108,      22,       1,       3,       1,     10.0000,      1.4124,     42.7845,    251.7923,     63.3660,      3.4953,      0.0000,     -0.0332,      6.4668,      0.1684,      5.6550,     11.3100,      1.4878,     29.5741,     59.1483,      0.0195,      0.0050,      0.0156,      0.2082,   7936.3862,-429503.4375,   -988.6072,    557.5556,  26454.6172,
       1,     170,     108,      23,       1,       3,       1,     10.0000,      1.4124,     42.7845,    251.7923,     63.3660,      3.4953,      0.0000,     -0.0332,      5.9814,      0.1680,      5.6550,     11.3100,      1.4849,     29.5741,     59.1483,      0.0195,      0.0046,      0.0156,      0.2082,   7936.3853,-428897.5938,   -988.4619,    557.5979,  26454.6172,
       1,     170,     108,      24,       1,       3,       1,     10.0000,      1.4124,     42.7845,    251.7923,     63.3660,      3.4953,      0.0000,     -0.0332,      5.1484,      0.1687,      5.6550,     11.3100,      1.4908,     29.5741,     59.1483,      0.0195,      0.0040,      0.0156,      0.2082,   7936.3853,-428253.5625,   -988.3060,    557.6428,  26454.6172,
       1,     170,     109,       1,       1,       3,       1,     10.0000,      1.4125,     42.7848,    251.7983,     63.3675,      3.4953,      0.0000,     -0.0332,      4.2752,      0.1680,      5.6547,     11.3094,      1.4849,     29.5820,     59.1640,      0.0195,      0.0033,      0.0156,      0.2083,   7936.3853,-427338.2812,   -988.4441,    557.7197,  26455.8145,
       1,     170,     109,       2,       1,       3,       1,     10.0000,      1.4125,     42.7848,    251.7983,     63.3675,      3.4953,      0.0000,     -0.0331,      3.8467,      0.1652,      5.6547,     11.3094,      1.4598,     29.5820,     59.1640,      0.0195,      0.0030,      0.0156,      0.2083,   7936.7446,-426040.7188,   -987.7632,    557.8102,  26455.8145,
       1,     170,     109,       3,       1,       3,       1,     10.0000,      1.4125,     42.7848,    251.7983,     63.3675,      3.4953,      0.0000,     -0.0330,      3.5688,      0.1616,      5.6547,     11.3094,      1.4280,     29.5820,     59.1640,      0.0195,      0.0028,      0.0156,      0.2083,   7936.7446,-425407.3750,   -987.6085,    557.8544,  26455.8145,
       1,     170,     109,       4,       1,       3,       1,     10.0000,      1.4125,     42.7848,    251.7983,     63.3675,      3.4953,      0.0000,     -0.0330,      3.5035,      0.1637,      5.6547,     11.3094,      1.4467,     29.5820,     59.1640,      0.0195,      0.0027,      0.0156,      0.2083,   7936.7446,-425014.3750,   -987.5134,    557.8818,  26455.8145,
       1,     170,     109,       5,       1,       3,       1,     10.0000,      1.4125,     42.7848,    251.7983,     63.3675,      3.4953,      0.0000,     -0.0330,      3.5622,      0.1629,      5.6547,     11.3094,      1.4395,     29.5820,     59.1640,      0.0195,      0.0028,      0.0156,      0.2083,   7936.7446,-424901.0312,   -987.4883,    557.8896,  26455.8145,
       1,     170,     109,       6,       1,       3,       1,     10.0000,      1.4125,     42.7848,    251.7983,     63.3675,      3.4953,      0.0000,     -0.0330,      3.3755,      0.1618,      5.6547,     11.3094,      1.4295,     29.5820,     59.1640,      0.0195,      0.0026,      0.0156,      0.2083,   7936.7446,-424963.2500,   -987.5068,    557.8854,  26455.8145,
       1,     170,     109,       7,       1,       3,       1,     10.0000,      1.4125,     42.7848,    251.7983,     63.3675,      3.4953,      0.0000,     -0.0329,      3.1972,      0.1610,      5.6547,     11.3094,      1.4223,     29.5820,     59.1640,      0.0195,      0.0025,      0.0156,      0.2083,   7936.7446,-424740.5938,   -987.4541,    557.9009,  26455.8145,
       1,     170,     109,       8,       1,       3,       1,     10.0000,      1.4125,     42.7848,    251.7983,     63.3675,      3.4953,      0.0104,     -0.0226,      3.1854,      0.1611,      5.6547,     11.3094,      1.4237,     29.5820,     59.1640,      0.0195,      0.0025,      0.0156,      0.2083,   7936.7446,-424504.1562,   -987.3981,    557.9174,  26455.8145,
       1,     170,     109,       9,       1,       3,       1,     10.0000,      1.4125,     42.7848,    251.7983,     63.3675,      3.4953,      0.1264,      0.0932,     34.2721,      0.1707,      5.6547,     11.3094,      1.5088,     29.5820,     59.1640,      0.0195,      0.0027,      0.1560,      0.2083,   7936.7446,-424469.5312,   -987.3919,    557.9199,  26455.8145,
       1,     170,     109,      10,       1,       3,       1,     10.0000,      1.4125,     42.7848,    251.7983,     63.3675,      3.4953,      0.1785,      0.1446,     52.6011,      0.1903,      5.6547,     11.3094,      1.6818,     29.5820,     59.1640,      0.0195,      0.0028,      0.2286,      0.2083,   7936.7446,-462402.2500,   -996.8979,    555.2744,  26455.8145,
       1,     170,     109,      11,       1,       3,       1,     10.0000,      1.4125,     42.7848,    251.7983,     63.3675,      3.4953,      0.1886,      0.1544,     55.3951,      0.1984,      5.6547,     11.3094,      1.7532,     29.5820,     59.1640,      0.0195,      0.0028,      0.2429,      0.2082,   7936.7446,-488026.1562,  -1003.3705,    553.5021,  26455.8145,
       1,     170,     109,      12,       1,       3,       1,     10.0000,      1.4125,     42.7848,    251.7983,     63.3675,      3.4953,      0.1934,      0.1590,     55.0520,      0.2066,      5.6547,     11.3094,      1.8257,     29.5820,     59.1640,      0.0195,      0.0027,      0.2500,      0.2082,   7936.7446,-493615.2188,  -1004.8883,    553.1182,  26455.8125,
       1,     170,     109,      13,       1,       3,       1,     10.0000,      1.4125,     42.7848,    251.7983,     63.3675,      3.4953,      0.1935,      0.1589,     57.9031,      0.2158,      5.6547,     11.3094,      1.9065,     29.5820,     59.1640,      0.0195,      0.0028,      0.2500,      0.2082,   7936.7441,-493667.3750,  -1005.0452,    553.1147,  26455.8105,
       1,     170,     109,      14,       1,       3,       1,     10.0000,      1.4125,     42.7848,    251.7983,     63.3675,      3.4953,      0.1941,      0.1596,     64.5872,      0.2115,      5.6547,     11.3094,      1.8694,     29.5820,     59.1640,      0.0195,      0.0031,      0.2500,      0.2082,   7936.7437,-497154.5938,  -1006.0638,    552.8737,  26455.8105,
       1,     170,     109,      15,       1,       3,       1,     10.0000,      1.4125,     42.7848,    251.7983,     63.3675,      3.4953,      0.1958,      0.1614,     86.3510,      0.2076,      5.6547,     11.3094,      1.8347,     29.5820,     59.1640,      0.0195,      0.0042,      0.2500,      0.2082,   7936.7437,-505616.1250,  -1008.3464,    552.2889,  26455.8086,
       1,     170,     109,      16,       1,       3,       1,     10.0000,      1.4125,     42.7848,    251.7983,     63.3675,      3.4953,      0.1956,      0.1611,     93.3396,      0.2103,      5.6547,     11.3094,      1.8583,     29.5820,     59.1640,      0.0195,      0.0045,      0.2489,      0.2082,   7936.7427,-532926.1875,  -1015.4009,    550.4039,  26455.8105,
       1,     170,     109,      17,       1,       3,       1,     10.0000,      1.4125,     42.7848,    251.7983,     63.3675,      3.4953,      0.1648,      0.1306,     79.6655,      0.2032,      5.6547,     11.3094,      1.7953,     29.5820,     59.1640,      0.0195,      0.0047,      0.2060,      0.2081,   7936.7437,-543793.4375,  -1018.4509,    549.6594,  26455.8086,
       1,     170,     109,      18,       1,       3,       1,     10.0000,      1.4125,     42.7848,    251.7983,     63.3675,      3.4953,      0.1779,      0.1436,     94.8057,      0.2040,      5.6547,     11.3094,      1.8024,     29.5820,     59.1640,      0.0195,      0.0051,      0.2232,      0.2081,   7936.7427,-527995.0000,  -1014.8543,    550.7454,  26455.8105,
       1,     170,     109,      19,       1,       3,       1,     10.0000,      1.4125,     42.7848,    251.7983,     63.3675,      3.4953,      0.1193,      0.0855,     55.2251,      0.1888,      5.6547,     11.3094,      1.6685,     29.5820,     59.1640,      0.0195,      0.0047,      0.1432,      0.2081,   7936.7437,-545163.6875,  -1019.4798,    549.5645,  26455.8086,
       1,     170,     109,      20,       1,       3,       1,     10.0000,      1.4125,     42.7848,    251.7983,     63.3675,      3.4953,      0.0205,     -0.0130,      2.7904,      0.1772,      5.6547,     11.3094,      1.5656,     29.5820,     59.1640,      0.0195,      0.0046,      0.0074,      0.2081,   7936.7427,-498231.2188,  -1008.0374,    552.7899,  26455.8105,
       1,     170,     109,      21,       1,       3,       1,     10.0000,      1.4125,     42.7848,    251.7983,     63.3675,      3.4953,      0.0000,     -0.0333,      5.7576,      0.1718,      5.6547,     11.3094,      1.5179,     29.5820,     59.1640,      0.0195,      0.0045,      0.0156,      0.2082,   7936.7437,-430223.9375,   -991.0609,    557.4985,  26455.8066,
       1,     170,     109,      22,       1,       3,       1,     10.0000,      1.4125,     42.7848,    251.7983,     63.3675,      3.4953,      0.0000,     -0.0333,      5.8884,      0.1713,      5.6547,     11.3094,      1.5134,     29.5820,     59.1640,      0.0195,      0.0046,      0.0156,      0.2082,   7936.7422,-428120.7812,   -990.5403,    557.6652,  26455.8066,
       1,     170,     109,      23,       1,       3,       1,     10.0000,      1.4125,     42.7848,    251.7983,     63.3675,      3.4953,      0.0000,     -0.0332,      6.0910,      0.1697,      5.6547,     11.3094,      1.4998,     29.5820,     59.1640,      0.0195,      0.0047,      0.0156,      0.2083,   7936.7422,-428076.9375,   -990.5348,    557.6683,  26455.8066,
       1,     170,     109,      24,       1,       3,       1,     10.0000,      1.4125,     42.7848,    251.7983,     63.3675,      3.4953,      0.0000,     -0.0332,      5.1016,      0.1696,      5.6547,     11.3094,      1.4983,     29.5820,     59.1640,      0.0195,      0.0040,      0.0156,      0.2083,   7936.7422,-428320.4688,   -990.6014,    557.6513,  26455.8066,
       1,     170,     110,       1,       1,       3,       1,     10.0000,      1.4125,     42.7852,    251.8043,     63.3690,      3.4953,      0.0000,     -0.0332,      4.2719,      0.1687,      5.6555,     11.3110,      1.4909,     29.5895,     59.1791,      0.0195,      0.0033,      0.0156,      0.2083,   7936.7422,-427290.0000,   -990.7111,    557.7364,  26457.0020,
       1,     170,     110,       2,       1,       3,       1,     10.0000,      1.4125,     42.7852,    251.8043,     63.3690,      3.4953,      0.0000,     -0.0331,      3.4727,      0.1654,      5.6555,     11.3110,      1.4613,     29.5895,     59.1791,      0.0195,      0.0027,      0.0156,      0.2083,   7937.1011,-426035.9375,   -990.0370,    557.8238,  26457.0020,
       1,     170,     110,       3,       1,       3,       1,     10.0000,      1.4125,     42.7852,    251.8043,     63.3690,      3.4953,      0.0000,     -0.0330,      3.3218,      0.1619,      5.6555,     11.3110,      1.4309,     29.5895,     59.1791,      0.0195,      0.0026,      0.0156,      0.2083,   7937.1011,-424954.0938,   -989.7683,    557.8993,  26457.0020,
       1,     170,     110,       4,       1,       3,       1,     10.0000,      1.4125,     42.7852,    251.8043,     63.3690,      3.4953,      0.0000,     -0.0331,      3.2433,      0.1654,      5.6555,     11.3110,      1.4613,     29.5895,     59.1791,      0.0195,      0.0025,      0.0156,      0.2083,   7937.1011,-424677.8125,   -989.7021,    557.9185,  26457.0020,
       1,     170,     110,       5,       1,       3,       1,     10.0000,      1.4125,     42.7852,    251.8043,     63.3690,      3.4953,      0.0000,     -0.0329,      3.0478,      0.1602,      5.6555,     11.3110,      1.4152,     29.5895,     59.1791,      0.0195,      0.0024,      0.0156,      0.2083,   7937.1011,-424558.5938,   -989.6749,    557.9269,  26457.0020,
       1,     170,     110,       6,       1,       3,       1,     10.0000,      1.4125,     42.7852,    251.8043,     63.3690,      3.4953,      0.0000,     -0.0328,      2.7743,      0.1570,      5.6555,     11.3110,      1.3871,     29.5895,     59.1791,      0.0195,      0.0022,      0.0156,      0.2083,   7937.1011,-424309.8438,   -989.6155,    557.9442,  26457.0020,
       1,     170,     110,       7,       1,       3,       1,     10.0000,      1.4125,     42.7852,    251.8043,     63.3690,      3.4953,      0.0000,     -0.0327,      2.6569,      0.1542,      5.6555,     11.3110,      1.3622,     29.5895,     59.1791,      0.0195,      0.0021,      0.0156,      0.2083,   7937.1011,-423954.9375,   -989.5287,    557.9689,  26457.0020,
       1,     170,     110,       8,       1,       3,       1,     10.0000,      1.4125,     42.7852,    251.8043,     63.3690,      3.4953,      0.0100,     -0.0227,      2.4987,      0.1538,      5.6555,     11.3110,      1.3595,     29.5895,     59.1791,      0.0195,      0.0019,      0.0156,      0.2083,   7937.1011,-423781.5312,   -989.4877,    557.9811,  26457.0020,
       1,     170,     110,       9,       1,       3,       1,     10.0000,      1.4125,     42.7852,    251.8043,     63.3690,      3.4953,      0.1092,      0.0762,     24.4608,      0.1645,      5.6555,     11.3110,      1.4541,     29.5895,     59.1791,      0.0195,      0.0022,      0.1325,      0.2083,   7937.1011,-423573.5938,   -989.4377,    557.9955,  26457.0020,
       1,     170,     110,      10,       1,       3,       1,     10.0000,      1.4125,     42.7852,    251.8043,     63.3690,      3.4953,      0.1771,      0.1431,     43.4597,      0.1913,      5.6555,     11.3110,      1.6902,     29.5895,     59.1791,      0.0195,      0.0023,      0.2276,      0.2083,   7937.1011,-450353.1875,   -996.1960,    556.1277,  26457.0000,
       1,     170,     110,      11,       1,       3,       1,     10.0000,      1.4125,     42.7852,    251.8043,     63.3690,      3.4953,      0.1885,      0.1541,     42.3519,      0.2095,      5.6555,     11.3110,      1.8511,     29.5895,     59.1791,      0.0195,      0.0021,      0.2444,      0.2083,   7937.1001,-475830.8750,  -1002.6519,    554.3597,  26457.0000,
       1,     170,     110,      12,       1,       3,       1,     10.0000,      1.4125,     42.7852,    251.8043,     63.3690,      3.4953,      0.1923,      0.1574,     42.1043,      0.2233,      5.6555,     11.3110,      1.9733,     29.5895,     59.1791,      0.0195,      0.0020,      0.2500,      0.2082,   7937.1001,-476646.7812,  -1002.9398,    554.3059,  26457.0000,
       1,     170,     110,      13,       1,       3,       1,     10.0000,      1.4125,     42.7852,    251.8043,     63.3690,      3.4953,      0.1857,      0.1511,     39.4313,      0.2147,      5.6555,     11.3110,      1.8972,     29.5895,     59.1791,      0.0195,      0.0020,      0.2407,      0.2082,   7937.1001,-476410.3438,  -1002.9651,    554.3224,  26457.0000,
       1,     170,     110,      14,       1,       3,       1,     10.0000,      1.4125,     42.7852,    251.8043,     63.3690,      3.4953,      0.1846,      0.1499,     56.9671,      0.2198,      5.6555,     11.3110,      1.9425,     29.5895,     59.1791,      0.0195,      0.0029,      0.2372,      0.2082,   7937.1001,-473126.1562,  -1002.2220,    554.5499,  26456.9961,
       1,     170,     110,      15,       1,       3,       1,     10.0000,      1.4125,     42.7852,    251.8043,     63.3690,      3.4953,      0.1588,      0.1242,     64.7441,      0.2155,      5.6555,     11.3110,      1.9047,     29.5895,     59.1791,      0.0195,      0.0039,      0.1990,      0.2082,   7937.0991,-494259.9688,  -1007.6373,    553.0850,  26456.9980,
       1,     170,     110,      16,       1,       3,       1,     10.0000,      1.4125,     42.7852,    251.8043,     63.3690,      3.4953,      0.1529,      0.1188,     73.8932,      0.1959,      5.6555,     11.3110,      1.7308,     29.5895,     59.1791,      0.0195,      0.0047,      0.1894,      0.2082,   7937.0996,-505558.1250,  -1010.6397,    552.3059,  26456.9980,
       1,     170,     110,      17,       1,       3,       1,     10.0000,      1.4125,     42.7852,    251.8043,     63.3690,      3.4953,      0.1642,      0.1301,     94.1048,      0.1972,      5.6555,     11.3110,      1.7429,     29.5895,     59.1791,      0.0195,      0.0056,      0.2034,      0.2082,   7937.0996,-517692.5625,  -1013.9083,    551.4688,  26456.9961,
       1,     170,     110,      18,       1,       3,       1,     10.0000,      1.4125,     42.7852,    251.8043,     63.3690,      3.4953,      0.1194,      0.0856,     55.8541,      0.1877,      5.6555,     11.3110,      1.6586,     29.5895,     59.1791,      0.0195,      0.0047,      0.1433,      0.2082,   7937.0991,-543419.3125,  -1020.6717,    549.6959,  26456.9980,
       1,     170,     110,      19,       1,       3,       1,     10.0000,      1.4125,     42.7852,    251.8043,     63.3690,      3.4953,      0.0539,      0.0203,     22.5766,      0.1813,      5.6555,     11.3110,      1.6019,     29.5895,     59.1791,      0.0195,      0.0052,      0.0530,      0.2082,   7937.0996,-498850.0625,  -1009.7665,    552.7611,  26456.9980,
       1,     170,     110,      20,       1,       3,       1,     10.0000,      1.4125,     42.7852,    251.8043,     63.3690,      3.4953,      0.0079,     -0.0255,      5.9096,      0.1752,      5.6555,     11.3110,      1.5485,     29.5895,     59.1791,      0.0195,      0.0046,      0.0156,      0.2082,   7937.0996,-454447.1875,   -998.6970,    555.8377,  26456.9961,
       1,     170,     110,      21,       1,       3,       1,     10.0000,      1.4125,     42.7852,    251.8043,     63.3690,      3.4953,      0.0000,     -0.0332,      4.0876,      0.1694,      5.6555,     11.3110,      1.4969,     29.5895,     59.1791,      0.0195,      0.0032,      0.0156,      0.2083,   7937.0991,-430349.6562,   -992.6301,    557.5206,  26456.9941,
       1,     170,     110,      22,       1,       3,       1,     10.0000,      1.4125,     42.7852,    251.8043,     63.3690,      3.4953,      0.0000,     -0.0331,      4.5851,      0.1647,      5.6555,     11.3110,      1.4555,     29.5895,     59.1791,      0.0195,      0.0036,      0.0156,      0.2083,   7937.0986,-426075.2812,   -991.5568,    557.8210,  26456.9941,
       1,     170,     110,      23,       1,       3,       1,     10.0000,      1.4125,     42.7852,    251.8043,     63.3690,      3.4953,      0.0000,     -0.0330,      3.9733,      0.1621,      5.6555,     11.3110,      1.4324,     29.5895,     59.1791,      0.0195,      0.0031,      0.0156,      0.2083,   7937.0986,-426315.7812,   -991.6220,    557.8043,  26456.9941,
       1,     170,     110,      24,       1,       3,       1,     10.0000,      1.4125,     42.7852,    251.8043,     63.3690,      3.4953,      0.0000,     -0.0329,      3.6366,      0.1592,      5.6555,     11.3110,      1.4067,     29.5895,     59.1791,      0.0195,      0.0028,      0.0156,      0.2083,   7937.0986,-425589.5000,   -991.4423,    557.8550,  26456.9941,
       1,     170,     111,       1,       1,       3,       1,     10.0000,      1.4125,     42.7855,    251.8103,     63.3705,      3.4953,      0.0000,     -0.0329,      3.3214,      0.1598,      5.6556,     11.3112,      1.4124,     29.5907,     59.1815,      0.0195,      0.0026,      0.0156,      0.2083,   7937.0986,-425273.0000,   -991.7302,    557.8903,  26458.1875,
       1,     170,     111,       2,       1,       3,       1,     10.0000,      1.4125,     42.7855,    251.8103,     63.3705,      3.4953,      0.0000,     -0.0329,      2.8597,      0.1595,      5.6556,     11.3112,      1.4096,     29.5907,     59.1815,      0.0195,      0.0022,      0.0156,      0.2083,   7937.4565,-424707.6875,   -991.2266,    557.9297,  26458.1875,
       1,     170,     111,       3,       1,       3,       1,     10.0000,      1.4125,     42.7855,    251.8103,     63.3705,      3.4953,      0.0000,     -0.0329,      2.6086,      0.1606,      5.6556,     11.3112,      1.4195,     29.5907,     59.1815,      0.0195,      0.0020,      0.0156,      0.2083,   7937.4565,-424096.1250,   -991.0753,    557.9723,  26458.1875,
       1,     170,     111,       4,       1,       3,       1,     10.0000,      1.4125,     42.7855,    251.8103,     63.3705,      3.4953,      0.0000,     -0.0330,      2.2572,      0.1614,      5.6556,     11.3112,      1.4267,     29.5907,     59.1815,      0.0195,      0.0018,      0.0156,      0.2083,   7937.4565,-423737.9688,   -990.9872,    557.9974,  26458.1875,
       1,     170,     111,       5,       1,       3,       1,     10.0000,      1.4125,     42.7855,    251.8103,     63.3705,      3.4953,      0.0000,     -0.0329,      2.0016,      0.1594,      5.6556,     11.3112,      1.4082,     29.5907,     59.1815,      0.0195,      0.0016,      0.0156,      0.2083,   7937.4565,-423278.6875,   -990.8737,    558.0294,  26458.1875,
       1,     170,     111,       6,       1,       3,       1,     10.0000,      1.4125,     42.7855,    251.8103,     63.3705,      3.4953,      0.0000,     -0.0327,      2.0132,      0.1548,      5.6556,     11.3112,      1.3677,     29.5907,     59.1815,      0.0195,      0.0016,      0.0156,      0.2083,   7937.4565,-422927.8438,   -990.7869,    558.0539,  26458.1875,
       1,     170,     111,       7,       1,       3,       1,     10.0000,      1.4125,     42.7855,    251.8103,     63.3705,      3.4953,      0.0000,     -0.0327,      2.0960,      0.1543,      5.6556,     11.3112,      1.3636,     29.5907,     59.1815,      0.0195,      0.0016,      0.0156,      0.2083,   7937.4565,-422911.9688,   -990.7849,    558.0549,  26458.1875,
       1,     170,     111,       8,       1,       3,       1,     10.0000,      1.4125,     42.7855,    251.8103,     63.3705,      3.4953,      0.0122,     -0.0206,      2.1453,      0.1567,      5.6556,     11.3112,      1.3843,     29.5907,     59.1815,      0.0195,      0.0017,      0.0156,      0.2083,   7937.4565,-423011.6875,   -990.8122,    558.0480,  26458.1875,
       1,     170,     111,       9,       1,       3,       1,     10.0000,      1.4125,     42.7855,    251.8103,     63.3705,      3.4953,      0.0395,      0.0066,      4.4253,      0.1592,      5.6556,     11.3112,      1.4068,     29.5907,     59.1815,      0.0195,      0.0015,      0.0351,      0.2083,   7937.4565,-423080.3750,   -990.8315,    558.0433,  26458.1875,
       1,     170,     111,      10,       1,       3,       1,     10.0000,      1.4125,     42.7855,    251.8103,     63.3705,      3.4953,      0.1047,      0.0718,     13.8390,      0.1600,      5.6556,     11.3112,      1.4138,     29.5907,     59.1815,      0.0195,      0.0013,      0.1273,      0.2083,   7937.4565,-425867.7812,   -991.5400,    557.8488,  26458.1875,
       1,     170,     111,      11,       1,       3,       1,     10.0000,      1.4125,     42.7855,    251.8103,     63.3705,      3.4953,      0.1590,      0.1255,     21.1803,      0.1788,      5.6556,     11.3112,      1.5798,     29.5907,     59.1815,      0.0195,      0.0013,      0.2042,      0.2083,   7937.4565,-437590.3750,   -994.5154,    557.0314,  26458.1875,
       1,     170,     111,      12,       1,       3,       1,     10.0000,      1.4125,     42.7855,    251.8103,     63.3705,      3.4953,      0.1861,      0.1520,     36.3977,      0.1963,      5.6556,     11.3112,      1.7343,     29.5907,     59.1815,      0.0195,      0.0018,      0.2415,      0.2083,   7937.4565,-447547.5312,   -997.0533,    556.3387,  26458.1875,
       1,     170,     111,      13,       1,       3,       1,     10.0000,      1.4125,     42.7855,    251.8103,     63.3705,      3.4953,      0.1784,      0.1438,     43.4850,      0.2126,      5.6556,     11.3112,      1.8787,     29.5907,     59.1815,      0.0195,      0.0023,      0.2296,      0.2083,   7937.4565,-466966.3438,  -1001.9994,    554.9886,  26458.1855,
       1,     170,     111,      14,       1,       3,       1,     10.0000,      1.4125,     42.7855,    251.8103,     63.3705,      3.4953,      0.1731,      0.1388,     42.9329,      0.2050,      5.6556,     11.3112,      1.8114,     29.5907,     59.1815,      0.0195,      0.0023,      0.2221,      0.2083,   7937.4561,-477272.8750,  -1004.6744,    554.2753,  26458.1855,
       1,     170,     111,      15,       1,       3,       1,     10.0000,      1.4125,     42.7855,    251.8103,     63.3705,      3.4953,      0.1868,      0.1522,     41.5283,      0.2134,      5.6556,     11.3112,      1.8861,     29.5907,     59.1815,      0.0195,      0.0021,      0.2421,      0.2083,   7937.4561,-477473.0625,  -1004.8127,    554.2619,  26458.1855,
       1,     170,     111,      16,       1,       3,       1,     10.0000,      1.4125,     42.7855,    251.8103,     63.3705,      3.4953,      0.1718,      0.1373,     61.4584,      0.2122,      5.6556,     11.3112,      1.8750,     29.5907,     59.1815,      0.0195,      0.0034,      0.2181,      0.2083,   7937.4561,-475774.3438,  -1004.4704,    554.3796,  26458.1836,
       1,     170,     111,      17,       1,       3,       1,     10.0000,      1.4125,     42.7855,    251.8103,     63.3705,      3.4953,      0.1377,      0.1036,     60.5666,      0.1959,      5.6556,     11.3112,      1.7309,     29.5907,     59.1815,      0.0195,      0.0043,      0.1690,      0.2083,   7937.4556,-499964.1562,  -1010.6923,    552.7033,  26458.1836,
       1,     170,     111,      18,       1,       3,       1,     10.0000,      1.4125,     42.7855,    251.8103,     63.3705,      3.4953,      0.1229,      0.0891,     55.2808,      0.1877,      5.6556,     11.3112,      1.6586,     29.5907,     59.1815,      0.0195,      0.0045,      0.1484,      0.2082,   7937.4556,-500934.7812,  -1011.1182,    552.6388,  26458.1836,
       1,     170,     111,      19,       1,       3,       1,     10.0000,      1.4125,     42.7855,    251.8103,     63.3705,      3.4953,      0.0581,      0.0245,     19.1930,      0.1811,      5.6556,     11.3112,      1.6003,     29.5907,     59.1815,      0.0195,      0.0039,      0.0594,      0.2082,   7937.4556,-494557.8125,  -1009.6858,    553.0793,  26458.1797,
       1,     170,     111,      20,       1,       3,       1,     10.0000,      1.4125,     42.7855,    251.8103,     63.3705,      3.4953,      0.0099,     -0.0235,      5.4692,      0.1749,      5.6556,     11.3112,      1.5455,     29.5907,     59.1815,      0.0195,      0.0042,      0.0156,      0.2082,   7937.4541,-449943.7812,   -998.5117,    556.1638,  26458.1816,
       1,     170,     111,      21,       1,       3,       1,     10.0000,      1.4125,     42.7855,    251.8103,     63.3705,      3.4953,      0.0000,     -0.0332,      5.6909,      0.1702,      5.6556,     11.3112,      1.5044,     29.5907,     59.1815,      0.0195,      0.0044,      0.0156,      0.2083,   7937.4546,-429433.9375,   -993.3291,    557.5983,  26458.1816,
       1,     170,     111,      22,       1,       3,       1,     10.0000,      1.4125,     42.7855,    251.8103,     63.3705,      3.4953,      0.0000,     -0.0331,      4.3331,      0.1669,      5.6556,     11.3112,      1.4746,     29.5907,     59.1815,      0.0195,      0.0034,      0.0156,      0.2083,   7937.4546,-427955.6250,   -992.9606,    557.7032,  26458.1797,
       1,     170,     111,      23,       1,       3,       1,     10.0000,      1.4125,     42.7855,    251.8103,     63.3705,      3.4953,      0.0000,     -0.0330,      3.9301,      0.1629,      5.6556,     11.3112,      1.4396,     29.5907,     59.1815,      0.0195,      0.0031,      0.0156,      0.2083,   7937.4541,-426171.0938,   -992.5137,    557.8276,  26458.1797,
       1,     170,     111,      24,       1,       3,       1,     10.0000,      1.4125,     42.7855,    251.8103,     63.3705,      3.4953,      0.0000,     -0.0330,      3.5909,      0.1637,      5.6556,     11.3112,      1.4468,     29.5907,     59.1815,      0.0195,      0.0028,      0.0156,      0.2083,   7937.4541,-425527.6250,   -992.3545,    557.8726,  26458.1797,
       1,     170,     112,       1,       1,       3,       1,     10.0000,      1.4125,     42.7858,    251.8162,     63.3721,      3.4953,      0.0000,     -0.0330,      3.3500,      0.1619,      5.6564,     11.3129,      1.4310,     29.5880,     59.1760,      0.0195,      0.0026,      0.0156,      0.2083,   7937.4541,-425215.6875,   -992.6461,    557.9076,  26459.3770,
       1,     170,     112,       2,       1,       3,       1,     10.0000,      1.4125,     42.7858,    251.8162,     63.3721,      3.4953,      0.0000,     -0.0330,      2.9923,      0.1624,      5.6564,     11.3129,      1.4353,     29.5880,     59.1760,      0.0195,      0.0023,      0.0156,      0.2083,   7937.8135,-424741.0625,   -992.1631,    557.9407,  26459.3770,
       1,     170,     112,       3,       1,       3,       1,     10.0000,      1.4125,     42.7858,    251.8162,     63.3721,      3.4953,      0.0000,     -0.0328,      2.9958,      0.1578,      5.6564,     11.3129,      1.3941,     29.5880,     59.1760,      0.0195,      0.0023,      0.0156,      0.2083,   7937.8135,-424264.3750,   -992.0454,    557.9739,  26459.3770,
       1,     170,     112,       4,       1,       3,       1,     10.0000,      1.4125,     42.7858,    251.8162,     63.3721,      3.4953,      0.0000,     -0.0328,      2.7159,      0.1567,      5.6564,     11.3129,      1.3844,     29.5880,     59.1760,      0.0195,      0.0021,      0.0156,      0.2083,   7937.8135,-424228.0625,   -992.0391,    557.9764,  26459.3770,
       1,     170,     112,       5,       1,       3,       1,     10.0000,      1.4125,     42.7858,    251.8162,     63.3721,      3.4953,      0.0000,     -0.0327,      2.9462,      0.1534,      5.6564,     11.3129,      1.3554,     29.5880,     59.1760,      0.0195,      0.0023,      0.0156,      0.2083,   7937.8135,-423883.5312,   -991.9546,    558.0005,  26459.3770,
       1,     170,     112,       6,       1,       3,       1,     10.0000,      1.4125,     42.7858,    251.8162,     63.3721,      3.4953,      0.0000,     -0.0325,      2.7854,      0.1491,      5.6564,     11.3129,      1.3177,     29.5880,     59.1760,      0.0195,      0.0022,      0.0156,      0.2083,   7937.8135,-424135.1875,   -992.0211,    557.9830,  26459.3770,
       1,     170,     112,       7,       1,       3,       1,     10.0000,      1.4125,     42.7858,    251.8162,     63.3721,      3.4953,      0.0000,     -0.0326,      3.0158,      0.1500,      5.6564,     11.3129,      1.3257,     29.5880,     59.1760,      0.0195,      0.0023,      0.0156,      0.2083,   7937.8135,-423960.3438,   -991.9796,    557.9951,  26459.3770,
       1,     170,     112,       8,       1,       3,       1,     10.0000,      1.4125,     42.7858,    251.8162,     63.3721,      3.4953,      0.0210,     -0.0118,      1.7179,      0.1556,      5.6564,     11.3129,      1.3747,     29.5880,     59.1760,      0.0195,      0.0023,      0.0091,      0.2083,   7937.8135,-424226.6562,   -992.0500,    557.9766,  26459.3770,
       1,     170,     112,       9,       1,       3,       1,     10.0000,      1.4125,     42.7858,    251.8162,     63.3721,      3.4953,      0.1098,      0.0767,     25.4789,      0.1672,      5.6564,     11.3129,      1.4776,     29.5880,     59.1760,      0.0195,      0.0023,      0.1332,      0.2083,   7937.8135,-422665.9688,   -991.6561,    558.0854,  26459.3770,
       1,     170,     112,      10,       1,       3,       1,     10.0000,      1.4125,     42.7858,    251.8162,     63.3721,      3.4953,      0.1664,      0.1328,     36.1039,      0.1820,      5.6564,     11.3129,      1.6084,     29.5880,     59.1760,      0.0195,      0.0021,      0.2131,      0.2083,   7937.8135,-451518.0312,   -998.9921,    556.0727,  26459.3770,
       1,     170,     112,      11,       1,       3,       1,     10.0000,      1.4125,     42.7858,    251.8162,     63.3721,      3.4953,      0.1681,      0.1345,     34.4139,      0.1815,      5.6564,     11.3129,      1.6036,     29.5880,     59.1760,      0.0195,      0.0019,      0.2157,      0.2083,   7937.8135,-466948.6875,  -1002.9448,    555.0037,  26459.3770,
       1,     170,     112,      12,       1,       3,       1,     10.0000,      1.4125,     42.7858,    251.8162,     63.3721,      3.4953,      0.1922,      0.1580,     39.0590,      0.2012,      5.6564,     11.3129,      1.7778,     29.5880,     59.1760,      0.0195,      0.0019,      0.2500,      0.2083,   7937.8135,-466194.8125,  -1002.8168,    555.0570,  26459.3750,
       1,     170,     112,      13,       1,       3,       1,     10.0000,      1.4125,     42.7858,    251.8162,     63.3721,      3.4953,      0.1927,      0.1580,     46.2700,      0.2149,      5.6564,     11.3129,      1.8992,     29.5880,     59.1760,      0.0195,      0.0022,      0.2500,      0.2083,   7937.8130,-471799.9062,  -1004.3040,    554.6682,  26459.3730,
       1,     170,     112,      14,       1,       3,       1,     10.0000,      1.4125,     42.7858,    251.8162,     63.3721,      3.4953,      0.1935,      0.1589,     56.7268,      0.2130,      5.6564,     11.3129,      1.8824,     29.5880,     59.1760,      0.0195,      0.0027,      0.2500,      0.2083,   7937.8120,-481078.9688,  -1006.7390,    554.0250,  26459.3770,
       1,     170,     112,      15,       1,       3,       1,     10.0000,      1.4125,     42.7858,    251.8162,     63.3721,      3.4953,      0.1893,      0.1548,     69.6883,      0.2132,      5.6564,     11.3129,      1.8843,     29.5880,     59.1760,      0.0195,      0.0035,      0.2425,      0.2083,   7937.8135,-494633.6562,  -1010.2850,    553.0867,  26459.3750,
       1,     170,     112,      16,       1,       3,       1,     10.0000,      1.4125,     42.7858,    251.8162,     63.3721,      3.4953,      0.1881,      0.1536,     71.7591,      0.2085,      5.6564,     11.3129,      1.8421,     29.5880,     59.1760,      0.0195,      0.0036,      0.2404,      0.2083,   7937.8130,-511613.5625,  -1014.7677,    551.9135,  26459.3770,
       1,     170,     112,      17,       1,       3,       1,     10.0000,      1.4125,     42.7858,    251.8162,     63.3721,      3.4953,      0.1425,      0.1083,     70.6661,      0.2008,      5.6564,     11.3129,      1.7743,     29.5880,     59.1760,      0.0195,      0.0049,      0.1748,      0.2082,   7937.8135,-515585.3125,  -1016.0161,    551.6407,  26459.3730,
       1,     170,     112,      18,       1,       3,       1,     10.0000,      1.4125,     42.7858,    251.8162,     63.3721,      3.4953,      0.1016,      0.0679,     51.0469,      0.1842,      5.6564,     11.3129,      1.6277,     29.5880,     59.1760,      0.0195,      0.0052,      0.1182,      0.2082,   7937.8120,-514586.0312,  -1016.0216,    551.7097,  26459.3730,
       1,     170,     112,      19,       1,       3,       1,     10.0000,      1.4125,     42.7858,    251.8162,     63.3721,      3.4953,      0.0611,      0.0277,     26.9272,      0.1772,      5.6564,     11.3129,      1.5657,     29.5880,     59.1760,      0.0195,      0.0052,      0.0630,      0.2082,   7937.8120,-490535.5312,  -1010.1433,    553.3683,  26459.3750,
       1,     170,     112,      20,       1,       3,       1,     10.0000,      1.4125,     42.7858,    251.8162,     63.3721,      3.4953,      0.0133,     -0.0200,      6.4947,      0.1720,      5.6564,     11.3129,      1.5195,     29.5880,     59.1760,      0.0195,      0.0050,      0.0156,      0.2083,   7937.8130,-459052.1250,  -1002.2559,    555.5485,  26459.3711,
       1,     170,     112,      21,       1,       3,       1,     10.0000,      1.4125,     42.7858,    251.8162,     63.3721,      3.4953,      0.0000,     -0.0332,      4.8315,      0.1692,      5.6564,     11.3129,      1.4954,     29.5880,     59.1760,      0.0195,      0.0037,      0.0156,      0.2083,   7937.8115,-431453.5000,   -995.2611,    557.4694,  26459.3711,
       1,     170,     112,      22,       1,       3,       1,     10.0000,      1.4125,     42.7858,    251.8162,     63.3721,      3.4953,      0.0000,     -0.0331,      5.2224,      0.1652,      5.6564,     11.3129,      1.4600,     29.5880,     59.1760,      0.0195,      0.0041,      0.0156,      0.2083,   7937.8115,-427083.6562,   -994.1555,    557.7772,  26459.3711,
       1,     170,     112,      23,       1,       3,       1,     10.0000,      1.4125,     42.7858,    251.8162,     63.3721,      3.4953,      0.0000,     -0.0330,      4.0490,      0.1621,      5.6564,     11.3129,      1.4324,     29.5880,     59.1760,      0.0195,      0.0031,      0.0156,      0.2083,   7937.8115,-427185.0625,   -994.1866,    557.7703,  26459.3711,
       1,     170,     112,      24,       1,       3,       1,     10.0000,      1.4125,     42.7858,    251.8162,     63.3721,      3.4953,      0.0000,     -0.0330,      3.6421,      0.1615,      5.6564,     11.3129,      1.4267,     29.5880,     59.1760,      0.0195,      0.0028,      0.0156,      0.2083,   7937.8115,-425762.0312,   -993.8289,    557.8694,  26459.3711,
       1,     170,     113,       1,       1,       3,       1,     10.0000,      1.4125,     42.7862,    251.8222,     63.3735,      3.4953,      0.0000,     -0.0329,      3.2768,      0.1606,      5.6559,     11.3118,      1.4196,     29.5901,     59.1802,      0.0195,      0.0025,      0.0156,      0.2084,   7937.8115,-425300.9375,   -994.0826,    557.9148,  26460.5645,
       1,     170,     113,       2,       1,       3,       1,     10.0000,      1.4125,     42.7862,    251.8222,     63.3735,      3.4953,      0.0000,     -0.0329,      2.8572,      0.1600,      5.6559,     11.3118,      1.4139,     29.5901,     59.1802,      0.0195,      0.0022,      0.0156,      0.2084,   7938.1694,-424662.5312,   -993.5573,    557.9593,  26460.5645,
       1,     170,     113,       3,       1,       3,       1,     10.0000,      1.4125,     42.7862,    251.8222,     63.3735,      3.4953,      0.0000,     -0.0328,      2.8437,      0.1584,      5.6559,     11.3118,      1.3998,     29.5901,     59.1802,      0.0195,      0.0022,      0.0156,      0.2084,   7938.1694,-424096.4062,   -993.4162,    557.9988,  26460.5645,
       1,     170,     113,       4,       1,       3,       1,     10.0000,      1.4125,     42.7862,    251.8222,     63.3735,      3.4953,      0.0000,     -0.0327,      3.0221,      0.1534,      5.6559,     11.3118,      1.3555,     29.5901,     59.1802,      0.0195,      0.0023,      0.0156,      0.2084,   7938.1694,-424031.7500,   -993.4026,    558.0034,  26460.5645,
       1,     170,     113,       5,       1,       3,       1,     10.0000,      1.4125,     42.7862,    251.8222,     63.3735,      3.4953,      0.0000,     -0.0325,      2.6504,      0.1490,      5.6559,     11.3118,      1.3165,     29.5901,     59.1802,      0.0195,      0.0021,      0.0156,      0.2084,   7938.1694,-424243.7812,   -993.4596,    557.9885,  26460.5645,
       1,     170,     113,       6,       1,       3,       1,     10.0000,      1.4125,     42.7862,    251.8222,     63.3735,      3.4953,      0.0000,     -0.0325,      2.5336,      0.1481,      5.6559,     11.3118,      1.3085,     29.5901,     59.1802,      0.0195,      0.0020,      0.0156,      0.2084,   7938.1694,-423808.5625,   -993.3518,    558.0189,  26460.5645,
       1,     170,     113,       7,       1,       3,       1,     10.0000,      1.4125,     42.7862,    251.8222,     63.3735,      3.4953,      0.0000,     -0.0322,      2.3999,      0.1409,      5.6559,     11.3118,      1.2453,     29.5901,     59.1802,      0.0195,      0.0019,      0.0156,      0.2084,   7938.1694,-423629.0312,   -993.3087,    558.0314,  26460.5645,
       1,     170,     113,       8,       1,       3,       1,     10.0000,      1.4125,     42.7862,    251.8222,     63.3735,      3.4953,      0.0170,     -0.0155,      0.5591,      0.1481,      5.6559,     11.3118,      1.3085,     29.5901,     59.1802,      0.0195,      0.0018,      0.0039,      0.2084,   7938.1694,-423450.6562,   -993.2656,    558.0439,  26460.5645,
       1,     170,     113,       9,       1,       3,       1,     10.0000,      1.4125,     42.7862,    251.8222,     63.3735,      3.4953,      0.1081,      0.0751,     18.8753,      0.1602,      5.6559,     11.3118,      1.4153,     29.5901,     59.1802,      0.0195,      0.0017,      0.1315,      0.2084,   7938.1694,-421190.1250,   -992.6909,    558.2015,  26460.5645,
       1,     170,     113,      10,       1,       3,       1,     10.0000,      1.4125,     42.7862,    251.8222,     63.3735,      3.4953,      0.1660,      0.1325,     32.1710,      0.1795,      5.6559,     11.3118,      1.5861,     29.5901,     59.1802,      0.0195,      0.0018,      0.2129,      0.2084,   7938.1694,-443337.8125,   -998.3458,    556.6562,  26460.5645,
       1,     170,     113,      11,       1,       3,       1,     10.0000,      1.4125,     42.7862,    251.8222,     63.3735,      3.4953,      0.1917,      0.1575,     33.1437,      0.2024,      5.6559,     11.3118,      1.7884,     29.5901,     59.1802,      0.0195,      0.0016,      0.2500,      0.2083,   7938.1694,-461449.4688,  -1002.9903,    555.3981,  26460.5664,
       1,     170,     113,      12,       1,       3,       1,     10.0000,      1.4125,     42.7862,    251.8222,     63.3735,      3.4953,      0.1907,      0.1562,     21.3156,      0.2114,      5.6559,     11.3118,      1.8677,     29.5901,     59.1802,      0.0195,      0.0010,      0.2500,      0.2083,   7938.1704,-464176.5938,  -1003.7360,    555.2103,  26460.5664,
       1,     170,     113,      13,       1,       3,       1,     10.0000,      1.4125,     42.7862,    251.8222,     63.3735,      3.4953,      0.1831,      0.1487,     23.3544,      0.2052,      5.6559,     11.3118,      1.8133,     29.5901,     59.1802,      0.0195,      0.0012,      0.2387,      0.2083,   7938.1704,-449970.8438,  -1000.1650,    556.1961,  26460.5625,
       1,     170,     113,      14,       1,       3,       1,     10.0000,      1.4125,     42.7862,    251.8222,     63.3735,      3.4953,      0.1726,      0.1382,     29.4348,      0.2070,      5.6559,     11.3118,      1.8294,     29.5901,     59.1802,      0.0195,      0.0016,      0.2228,      0.2083,   7938.1689,-451255.3438,  -1000.5217,    556.1077,  26460.5625,
       1,     170,     113,      15,       1,       3,       1,     10.0000,      1.4125,     42.7862,    251.8222,     63.3735,      3.4953,      0.1935,      0.1586,     58.2514,      0.2246,      5.6559,     11.3118,      1.9851,     29.5901,     59.1802,      0.0195,      0.0028,      0.2500,      0.2083,   7938.1689,-458782.7188,  -1002.4747,    555.5845,  26460.5625,
       1,     170,     113,      16,       1,       3,       1,     10.0000,      1.4125,     42.7862,    251.8222,     63.3735,      3.4953,      0.1895,      0.1548,     86.2680,      0.2185,      5.6559,     11.3118,      1.9312,     29.5901,     59.1802,      0.0195,      0.0043,      0.2409,      0.2083,   7938.1689,-494589.0625,  -1011.6650,    553.0980,  26460.5625,
       1,     170,     113,      17,       1,       3,       1,     10.0000,      1.4125,     42.7862,    251.8222,     63.3735,      3.4953,      0.1740,      0.1397,     81.3998,      0.2060,      5.6559,     11.3118,      1.8204,     29.5901,     59.1802,      0.0195,      0.0045,      0.2191,      0.2083,   7938.1689,-531852.8750,  -1021.3491,    550.5273,  26460.5605,
       1,     170,     113,      18,       1,       3,       1,     10.0000,      1.4125,     42.7862,    251.8222,     63.3735,      3.4953,      0.1314,      0.0974,     49.6493,      0.1926,      5.6559,     11.3118,      1.7021,     29.5901,     59.1802,      0.0195,      0.0037,      0.1611,      0.2082,   7938.1685,-529075.8125,  -1020.9738,    550.7244,  26460.5605,
       1,     170,     113,      19,       1,       3,       1,     10.0000,      1.4125,     42.7862,    251.8222,     63.3735,      3.4953,      0.0641,      0.0304,     21.2957,      0.1824,      5.6559,     11.3118,      1.6116,     29.5901,     59.1802,      0.0195,      0.0038,      0.0677,      0.2083,   7938.1685,-490044.3438,  -1011.3115,    553.4113,  26460.5605,
       1,     170,     113,      20,       1,       3,       1,     10.0000,      1.4125,     42.7862,    251.8222,     63.3735,      3.4953,      0.0127,     -0.0206,      5.7618,      0.1720,      5.6559,     11.3118,      1.5196,     29.5901,     59.1802,      0.0195,      0.0045,      0.0156,      0.2083,   7938.1685,-452139.6875,  -1001.7529,    556.0400,  26460.5605,
       1,     170,     113,      21,       1,       3,       1,     10.0000,      1.4125,     42.7862,    251.8222,     63.3735,      3.4953,      0.0000,     -0.0328,      5.8155,      0.1581,      5.6559,     11.3118,      1.3970,     29.5901,     59.1802,      0.0195,      0.0045,      0.0156,      0.2083,   7938.1685,-429979.2812,   -996.1092,    557.5865,  26460.5586,
       1,     170,     113,      22,       1,       3,       1,     10.0000,      1.4125,     42.7862,    251.8222,     63.3735,      3.4953,      0.0000,     -0.0326,      4.6706,      0.1511,      5.6559,     11.3118,      1.3352,     29.5901,     59.1802,      0.0195,      0.0036,      0.0156,      0.2084,   7938.1680,-428160.3438,   -995.6524,    557.7154,  26460.5586,
       1,     170,     113,      23,       1,       3,       1,     10.0000,      1.4125,     42.7862,    251.8222,     63.3735,      3.4953,      0.0000,     -0.0330,      3.8112,      0.1621,      5.6559,     11.3118,      1.4325,     29.5901,     59.1802,      0.0195,      0.0030,      0.0156,      0.2084,   7938.1680,-426606.5938,   -995.2607,    557.8238,  26460.5586,
       1,     170,     113,      24,       1,       3,       1,     10.0000,      1.4125,     42.7862,    251.8222,     63.3735,      3.4953,      0.0000,     -0.0329,      3.3910,      0.1590,      5.6559,     11.3118,      1.4054,     29.5901,     59.1802,      0.0195,      0.0026,      0.0156,      0.2084,   7938.1680,-425426.1250,   -994.9632,    557.9061,  26460.5586,
       1,     170,     114,       1,       1,       3,       1,     10.0000,      1.4126,     42.7865,    251.8282,     63.3751,      3.4953,      0.0000,     -0.0327,      2.7379,      0.1548,      5.6562,     11.3124,      1.3678,     29.5937,     59.1875,      0.0195,      0.0021,      0.0156,      0.2084,   7938.1680,-424969.2188,   -995.2185,    557.9512,  26461.7520,
       1,     170,     114,       2,       1,       3,       1,     10.0000,      1.4126,     42.7865,    251.8282,     63.3751,      3.4953,      0.0000,     -0.0328,      1.7427,      0.1560,      5.6562,     11.3124,      1.3789,     29.5937,     59.1875,      0.0195,      0.0014,      0.0156,      0.2084,   7938.5259,-423980.1250,   -994.6008,    558.0202,  26461.7520,
       1,     170,     114,       3,       1,       3,       1,     10.0000,      1.4126,     42.7865,    251.8282,     63.3751,      3.4953,      0.0000,     -0.0325,      1.4488,      0.1493,      5.6562,     11.3124,      1.3191,     29.5937,     59.1875,      0.0195,      0.0011,      0.0156,      0.2084,   7938.5259,-422682.2500,   -994.2714,    558.1108,  26461.7520,
       1,     170,     114,       4,       1,       3,       1,     10.0000,      1.4126,     42.7865,    251.8282,     63.3751,      3.4953,      0.0000,     -0.0325,      2.0901,      0.1475,      5.6562,     11.3124,      1.3033,     29.5937,     59.1875,      0.0195,      0.0016,      0.0156,      0.2084,   7938.5259,-422213.4062,   -994.1530,    558.1434,  26461.7520,
       1,     170,     114,       5,       1,       3,       1,     10.0000,      1.4126,     42.7865,    251.8282,     63.3751,      3.4953,      0.0000,     -0.0322,      1.9535,      0.1398,      5.6562,     11.3124,      1.2353,     29.5937,     59.1875,      0.0195,      0.0015,      0.0156,      0.2084,   7938.5259,-422955.5938,   -994.3445,    558.0917,  26461.7520,
       1,     170,     114,       6,       1,       3,       1,     10.0000,      1.4126,     42.7865,    251.8282,     63.3751,      3.4953,      0.0000,     -0.0323,      1.4912,      0.1428,      5.6562,     11.3124,      1.2618,     29.5937,     59.1875,      0.0195,      0.0012,      0.0156,      0.2084,   7938.5259,-422852.0938,   -994.3203,    558.0989,  26461.7520,
       1,     170,     114,       7,       1,       3,       1,     10.0000,      1.4126,     42.7865,    251.8282,     63.3751,      3.4953,      0.0000,     -0.0322,      2.0288,      0.1409,      5.6562,     11.3124,      1.2453,     29.5937,     59.1875,      0.0195,      0.0016,      0.0156,      0.2084,   7938.5259,-422279.5000,   -994.1755,    558.1389,  26461.7520,
       1,     170,     114,       8,       1,       3,       1,     10.0000,      1.4126,     42.7865,    251.8282,     63.3751,      3.4953,      0.0099,     -0.0224,      1.9296,      0.1411,      5.6562,     11.3124,      1.2466,     29.5937,     59.1875,      0.0195,      0.0015,      0.0156,      0.2084,   7938.5259,-422886.4375,   -994.3327,    558.0966,  26461.7520,
       1,     170,     114,       9,       1,       3,       1,     10.0000,      1.4126,     42.7865,    251.8282,     63.3751,      3.4953,      0.0623,      0.0300,      8.0294,      0.1441,      5.6562,     11.3124,      1.2734,     29.5937,     59.1875,      0.0195,      0.0014,      0.0678,      0.2084,   7938.5259,-422817.0938,   -994.3169,    558.1014,  26461.7520,
       1,     170,     114,      10,       1,       3,       1,     10.0000,      1.4126,     42.7865,    251.8282,     63.3751,      3.4953,      0.1281,      0.0952,     14.5716,      0.1595,      5.6562,     11.3124,      1.4097,     29.5937,     59.1875,      0.0195,      0.0011,      0.1606,      0.2084,   7938.5259,-430250.1875,   -996.2232,    557.5828,  26461.7520,
       1,     170,     114,      11,       1,       3,       1,     10.0000,      1.4126,     42.7865,    251.8282,     63.3751,      3.4953,      0.1591,      0.1253,     18.9669,      0.1853,      5.6562,     11.3124,      1.6375,     29.5937,     59.1875,      0.0195,      0.0011,      0.2045,      0.2084,   7938.5259,-438862.9062,   -998.4384,    556.9828,  26461.7520,
       1,     170,     114,      12,       1,       3,       1,     10.0000,      1.4126,     42.7865,    251.8282,     63.3751,      3.4953,      0.1903,      0.1558,     16.2565,      0.2109,      5.6562,     11.3124,      1.8641,     29.5937,     59.1875,      0.0195,      0.0008,      0.2500,      0.2084,   7938.5259,-444957.2812,  -1000.0159,    556.5588,  26461.7520,
       1,     170,     114,      13,       1,       3,       1,     10.0000,      1.4126,     42.7865,    251.8282,     63.3751,      3.4953,      0.1903,      0.1554,     16.7573,      0.2246,      5.6562,     11.3124,      1.9851,     29.5937,     59.1875,      0.0195,      0.0008,      0.2500,      0.2084,   7938.5259,-442168.8750,   -999.3219,    556.7530,  26461.7500,
       1,     170,     114,      14,       1,       3,       1,     10.0000,      1.4126,     42.7865,    251.8282,     63.3751,      3.4953,      0.1732,      0.1384,     15.2888,      0.2211,      5.6562,     11.3124,      1.9542,     29.5937,     59.1875,      0.0195,      0.0008,      0.2255,      0.2084,   7938.5254,-442543.0938,   -999.4368,    556.7270,  26461.7500,
       1,     170,     114,      15,       1,       3,       1,     10.0000,      1.4126,     42.7865,    251.8282,     63.3751,      3.4953,      0.1923,      0.1571,     43.0531,      0.2355,      5.6562,     11.3124,      2.0806,     29.5937,     59.1875,      0.0195,      0.0021,      0.2500,      0.2084,   7938.5254,-440783.3438,   -999.0052,    556.8494,  26461.7500,
       1,     170,     114,      16,       1,       3,       1,     10.0000,      1.4126,     42.7865,    251.8282,     63.3751,      3.4953,      0.1913,      0.1563,     80.0827,      0.2271,      5.6562,     11.3124,      2.0066,     29.5937,     59.1875,      0.0195,      0.0040,      0.2443,      0.2084,   7938.5254,-474502.9062,  -1007.6654,    554.5023,  26461.7500,
       1,     170,     114,      17,       1,       3,       1,     10.0000,      1.4126,     42.7865,    251.8282,     63.3751,      3.4953,      0.1923,      0.1577,    106.4930,      0.2128,      5.6562,     11.3124,      1.8807,     29.5937,     59.1875,      0.0195,      0.0053,      0.2426,      0.2083,   7938.5254,-522575.6250,  -1020.0693,    551.1752,  26461.7480,
       1,     170,     114,      18,       1,       3,       1,     10.0000,      1.4126,     42.7865,    251.8282,     63.3751,      3.4953,      0.1615,      0.1274,     98.2423,      0.1972,      5.6562,     11.3124,      1.7430,     29.5937,     59.1875,      0.0195,      0.0060,      0.1991,      0.2083,   7938.5249,-558934.6250,  -1029.6873,    548.6801,  26461.7480,
       1,     170,     114,      19,       1,       3,       1,     10.0000,      1.4126,     42.7865,    251.8282,     63.3751,      3.4953,      0.1227,      0.0890,     65.7131,      0.1864,      5.6562,     11.3124,      1.6473,     29.5937,     59.1875,      0.0195,      0.0054,      0.1469,      0.2082,   7938.5249,-551937.3750,  -1028.3580,    549.1656,  26461.7461,
       1,     170,     114,      20,       1,       3,       1,     10.0000,      1.4126,     42.7865,    251.8282,     63.3751,      3.4953,      0.0210,     -0.0124,      3.7593,      0.1739,      5.6562,     11.3124,      1.5364,     29.5937,     59.1875,      0.0195,      0.0056,      0.0081,      0.2082,   7938.5239,-511588.2188,  -1018.4268,    551.9357,  26461.7441,
       1,     170,     114,      21,       1,       3,       1,     10.0000,      1.4126,     42.7865,    251.8282,     63.3751,      3.4953,      0.0000,     -0.0333,      6.5999,      0.1704,      5.6562,     11.3124,      1.5060,     29.5937,     59.1875,      0.0195,      0.0051,      0.0156,      0.2083,   7938.5234,-432535.2812,   -998.3358,    557.3967,  26461.7441,
       1,     170,     114,      22,       1,       3,       1,     10.0000,      1.4126,     42.7865,    251.8282,     63.3751,      3.4953,      0.0000,     -0.0332,      6.0747,      0.1687,      5.6562,     11.3124,      1.4910,     29.5937,     59.1875,      0.0195,      0.0047,      0.0156,      0.2084,   7938.5234,-429367.7500,   -997.5319,    557.6445,  26461.7441,
       1,     170,     114,      23,       1,       3,       1,     10.0000,      1.4126,     42.7865,    251.8282,     63.3751,      3.4953,      0.0000,     -0.0332,      5.1117,      0.1674,      5.6562,     11.3124,      1.4791,     29.5937,     59.1875,      0.0195,      0.0040,      0.0156,      0.2084,   7938.5234,-428424.7500,   -997.2964,    557.7103,  26461.7441,
       1,     170,     114,      24,       1,       3,       1,     10.0000,      1.4126,     42.7865,    251.8282,     63.3751,      3.4953,      0.0000,     -0.0331,      4.3961,      0.1666,      5.6562,     11.3124,      1.4718,     29.5937,     59.1875,      0.0195,      0.0034,      0.0156,      0.2084,   7938.5234,-427170.0938,   -996.9801,    557.7977,  26461.7441,
       1,     170,     115,       1,       1,       3,       1,     10.0000,      1.4126,     42.7868,    251.8342,     63.3765,      3.4953,      0.0000,     -0.0330,      3.6072,      0.1641,      5.6562,     11.3123,      1.4499,     29.5972,     59.1944,      0.0195,      0.0028,      0.0156,      0.2084,   7938.5234,-426346.8750,   -997.1447,    557.8684,  26462.9395,
       1,     170,     115,       2,       1,       3,       1,     10.0000,      1.4126,     42.7868,    251.8342,     63.3765,      3.4953,      0.0000,     -0.0329,      3.0976,      0.1597,      5.6562,     11.3123,      1.4111,     29.5972,     59.1944,      0.0195,      0.0024,      0.0156,      0.2084,   7938.8823,-425160.7812,   -996.4738,    557.9511,  26462.9395,
       1,     170,     115,       3,       1,       3,       1,     10.0000,      1.4126,     42.7868,    251.8342,     63.3765,      3.4953,      0.0000,     -0.0329,      3.2464,      0.1607,      5.6562,     11.3123,      1.4197,     29.5972,     59.1944,      0.0195,      0.0025,      0.0156,      0.2084,   7938.8823,-424438.6250,   -996.2916,    558.0015,  26462.9395,
       1,     170,     115,       4,       1,       3,       1,     10.0000,      1.4126,     42.7868,    251.8342,     63.3765,      3.4953,      0.0000,     -0.0329,      3.0550,      0.1605,      5.6562,     11.3123,      1.4182,     29.5972,     59.1944,      0.0195,      0.0024,      0.0156,      0.2084,   7938.8823,-424558.4688,   -996.3259,    557.9932,  26462.9395,
       1,     170,     115,       5,       1,       3,       1,     10.0000,      1.4126,     42.7868,    251.8342,     63.3765,      3.4953,      0.0000,     -0.0329,      2.9304,      0.1599,      5.6562,     11.3123,      1.4126,     29.5972,     59.1944,      0.0195,      0.0023,      0.0156,      0.2084,   7938.8823,-424335.3750,   -996.2717,    558.0087,  26462.9395,
       1,     170,     115,       6,       1,       3,       1,     10.0000,      1.4126,     42.7868,    251.8342,     63.3765,      3.4953,      0.0000,     -0.0327,      2.5582,      0.1531,      5.6562,     11.3123,      1.3528,     29.5972,     59.1944,      0.0195,      0.0020,      0.0156,      0.2084,   7938.8823,-424164.4375,   -996.2310,    558.0206,  26462.9395,
       1,     170,     115,       7,       1,       3,       1,     10.0000,      1.4126,     42.7868,    251.8342,     63.3765,      3.4953,      0.0000,     -0.0325,      2.1351,      0.1475,      5.6562,     11.3123,      1.3033,     29.5972,     59.1944,      0.0195,      0.0017,      0.0156,      0.2084,   7938.8823,-423695.9375,   -996.1134,    558.0533,  26462.9395,
       1,     170,     115,       8,       1,       3,       1,     10.0000,      1.4126,     42.7868,    251.8342,     63.3765,      3.4953,      0.0111,     -0.0213,      2.0235,      0.1444,      5.6562,     11.3123,      1.2760,     29.5972,     59.1944,      0.0195,      0.0016,      0.0156,      0.2084,   7938.8823,-423140.2500,   -995.9731,    558.0920,  26462.9395,
       1,     170,     115,       9,       1,       3,       1,     10.0000,      1.4126,     42.7868,    251.8342,     63.3765,      3.4953,      0.0911,      0.0583,     16.7823,      0.1550,      5.6562,     11.3123,      1.3692,     29.5972,     59.1944,      0.0195,      0.0019,      0.1075,      0.2084,   7938.8823,-422956.8125,   -995.9284,    558.1049,  26462.9395,
       1,     170,     115,      10,       1,       3,       1,     10.0000,      1.4126,     42.7868,    251.8342,     63.3765,      3.4953,      0.1443,      0.1110,     29.7076,      0.1706,      5.6562,     11.3123,      1.5075,     29.5972,     59.1944,      0.0195,      0.0020,      0.1820,      0.2084,   7938.8823,-440938.4375,  -1000.5605,    556.8505,  26462.9395,
       1,     170,     115,      11,       1,       3,       1,     10.0000,      1.4126,     42.7868,    251.8342,     63.3765,      3.4953,      0.1833,      0.1494,     32.0633,      0.1887,      5.6562,     11.3123,      1.6671,     29.5972,     59.1944,      0.0195,      0.0016,      0.2378,      0.2084,   7938.8823,-458236.9375,  -1005.0334,    555.6477,  26462.9395,
       1,     170,     115,      12,       1,       3,       1,     10.0000,      1.4126,     42.7868,    251.8342,     63.3765,      3.4953,      0.1880,      0.1539,     32.3796,      0.1969,      5.6562,     11.3123,      1.7396,     29.5972,     59.1944,      0.0195,      0.0016,      0.2446,      0.2084,   7938.8823,-462582.7812,  -1006.1967,    555.3472,  26462.9355,
       1,     170,     115,      13,       1,       3,       1,     10.0000,      1.4126,     42.7868,    251.8342,     63.3765,      3.4953,      0.1912,      0.1569,     27.1350,      0.2046,      5.6562,     11.3123,      1.8080,     29.5972,     59.1944,      0.0195,      0.0013,      0.2500,      0.2084,   7938.8809,-463336.7188,  -1006.4470,    555.2949,  26462.9375,
       1,     170,     115,      14,       1,       3,       1,     10.0000,      1.4126,     42.7868,    251.8342,     63.3765,      3.4953,      0.1671,      0.1336,     27.7405,      0.1767,      5.6562,     11.3123,      1.5611,     29.5972,     59.1944,      0.0195,      0.0016,      0.2150,      0.2084,   7938.8813,-457001.2500,  -1004.9327,    555.7347,  26462.9375,
       1,     170,     115,      15,       1,       3,       1,     10.0000,      1.4126,     42.7868,    251.8342,     63.3765,      3.4953,      0.1867,      0.1531,     43.2447,      0.1802,      5.6562,     11.3123,      1.5925,     29.5972,     59.1944,      0.0195,      0.0022,      0.2413,      0.2084,   7938.8813,-457202.5312,  -1005.0276,    555.7209,  26462.9375,
       1,     170,     115,      16,       1,       3,       1,     10.0000,      1.4126,     42.7868,    251.8342,     63.3765,      3.4953,      0.1944,      0.1601,     67.4646,      0.2028,      5.6562,     11.3123,      1.7920,     29.5972,     59.1944,      0.0195,      0.0033,      0.2500,      0.2084,   7938.8813,-476135.0625,  -1009.9484,    554.4058,  26462.9375,
       1,     170,     115,      17,       1,       3,       1,     10.0000,      1.4126,     42.7868,    251.8342,     63.3765,      3.4953,      0.1878,      0.1534,     82.2652,      0.2066,      5.6562,     11.3123,      1.8259,     29.5972,     59.1944,      0.0195,      0.0042,      0.2387,      0.2084,   7938.8813,-507303.9062,  -1018.0661,    552.2471,  26462.9375,
       1,     170,     115,      18,       1,       3,       1,     10.0000,      1.4126,     42.7868,    251.8342,     63.3765,      3.4953,      0.1648,      0.1307,     77.3341,      0.1984,      5.6562,     11.3123,      1.7534,     29.5972,     59.1944,      0.0195,      0.0045,      0.2062,      0.2083,   7938.8813,-528029.0000,  -1023.6337,    550.8207,  26462.9375,
       1,     170,     115,      19,       1,       3,       1,     10.0000,      1.4126,     42.7868,    251.8342,     63.3765,      3.4953,      0.1269,      0.0931,     36.7136,      0.1859,      5.6562,     11.3123,      1.6424,     29.5972,     59.1944,      0.0195,      0.0028,      0.1562,      0.2083,   7938.8813,-523762.9375,  -1022.8560,    551.1164,  26462.9355,
       1,     170,     115,      20,       1,       3,       1,     10.0000,      1.4126,     42.7868,    251.8342,     63.3765,      3.4953,      0.0131,     -0.0202,      3.4048,      0.1716,      5.6562,     11.3123,      1.5166,     29.5972,     59.1944,      0.0195,      0.0026,      0.0156,      0.2083,   7938.8809,-473790.7188,  -1010.2589,    554.5590,  26462.9336,
       1,     170,     115,      21,       1,       3,       1,     10.0000,      1.4126,     42.7868,    251.8342,     63.3765,      3.4953,      0.0000,     -0.0331,      4.8296,      0.1654,      5.6562,     11.3123,      1.4615,     29.5972,     59.1944,      0.0195,      0.0037,      0.0156,      0.2084,   7938.8804,-428941.4688,   -998.7576,    557.6787,  26462.9336,
       1,     170,     115,      22,       1,       3,       1,     10.0000,      1.4126,     42.7868,    251.8342,     63.3765,      3.4953,      0.0000,     -0.0330,      5.6408,      0.1637,      5.6562,     11.3123,      1.4470,     29.5972,     59.1944,      0.0195,      0.0044,      0.0156,      0.2084,   7938.8804,-426883.6875,   -998.2328,    557.8310,  26462.9336,
       1,     170,     115,      23,       1,       3,       1,     10.0000,      1.4126,     42.7868,    251.8342,     63.3765,      3.4953,      0.0000,     -0.0330,      5.1912,      0.1621,      5.6562,     11.3123,      1.4325,     29.5972,     59.1944,      0.0195,      0.0040,      0.0156,      0.2084,   7938.8804,-427687.1562,   -998.4456,    557.7750,  26462.9336,
       1,     170,     115,      24,       1,       3,       1,     10.0000,      1.4126,     42.7868,    251.8342,     63.3765,      3.4953,      0.0000,     -0.0330,      4.4355,      0.1621,      5.6562,     11.3123,      1.4325,     29.5972,     59.1944,      0.0195,      0.0034,      0.0156,      0.2084,   7938.8804,-427207.1875,   -998.3269,    557.8083,  26462.9336,
       1,     170,     116,       1,       1,       3,       1,     10.0000,      1.4126,     42.7872,    251.8401,     63.3781,      3.4953,      0.0000,     -0.0330,      3.3509,      0.1618,      5.6565,     11.3129,      1.4297,     29.6022,     59.2044,      0.0195,      0.0026,      0.0156,      0.2084,   7938.8804,-426401.3750,   -998.4968,    557.8777,  26464.1289,
       1,     170,     116,       2,       1,       3,       1,     10.0000,      1.4126,     42.7872,    251.8401,     63.3781,      3.4953,      0.0000,     -0.0329,      2.6921,      0.1584,      5.6565,     11.3129,      1.3999,     29.6022,     59.2044,      0.0195,      0.0021,      0.0156,      0.2084,   7939.2388,-424856.4062,   -997.7307,    557.9855,  26464.1289,
       1,     170,     116,       3,       1,       3,       1,     10.0000,      1.4126,     42.7872,    251.8401,     63.3781,      3.4953,      0.0000,     -0.0327,      2.3915,      0.1545,      5.6565,     11.3129,      1.3652,     29.6022,     59.2044,      0.0195,      0.0019,      0.0156,      0.2084,   7939.2388,-423921.6250,   -997.4928,    558.0507,  26464.1289,
       1,     170,     116,       4,       1,       3,       1,     10.0000,      1.4126,     42.7872,    251.8401,     63.3781,      3.4953,      0.0000,     -0.0327,      2.2169,      0.1528,      5.6565,     11.3129,      1.3501,     29.6022,     59.2044,      0.0195,      0.0017,      0.0156,      0.2084,   7939.2388,-423475.6875,   -997.3801,    558.0818,  26464.1289,
       1,     170,     116,       5,       1,       3,       1,     10.0000,      1.4126,     42.7872,    251.8401,     63.3781,      3.4953,      0.0000,     -0.0326,      2.1779,      0.1516,      5.6565,     11.3129,      1.3393,     29.6022,     59.2044,      0.0195,      0.0017,      0.0156,      0.2084,   7939.2388,-423224.8438,   -997.3177,    558.0994,  26464.1289,
       1,     170,     116,       6,       1,       3,       1,     10.0000,      1.4126,     42.7872,    251.8401,     63.3781,      3.4953,      0.0000,     -0.0326,      1.8138,      0.1505,      5.6565,     11.3129,      1.3299,     29.6022,     59.2044,      0.0195,      0.0014,      0.0156,      0.2084,   7939.2388,-423155.9375,   -997.3022,    558.1042,  26464.1289,
       1,     170,     116,       7,       1,       3,       1,     10.0000,      1.4126,     42.7872,    251.8401,     63.3781,      3.4953,      0.0000,     -0.0324,      1.7016,      0.1466,      5.6565,     11.3129,      1.2955,     29.6022,     59.2044,      0.0195,      0.0013,      0.0156,      0.2084,   7939.2388,-422706.0000,   -997.1882,    558.1356,  26464.1289,
       1,     170,     116,       8,       1,       3,       1,     10.0000,      1.4126,     42.7872,    251.8401,     63.3781,      3.4953,      0.0156,     -0.0168,      0.1979,      0.1451,      5.6565,     11.3129,      1.2825,     29.6022,     59.2044,      0.0195,      0.0012,      0.0020,      0.2084,   7939.2388,-422531.0625,   -997.1448,    558.1477,  26464.1289,
       1,     170,     116,       9,       1,       3,       1,     10.0000,      1.4126,     42.7872,    251.8401,     63.3781,      3.4953,      0.0646,      0.0320,      7.8821,      0.1517,      5.6565,     11.3129,      1.3406,     29.6022,     59.2044,      0.0195,      0.0013,      0.0709,      0.2084,   7939.2388,-420682.7812,   -996.6688,    558.2767,  26464.1289,
       1,     170,     116,      10,       1,       3,       1,     10.0000,      1.4126,     42.7872,    251.8401,     63.3781,      3.4953,      0.1671,      0.1339,     27.0449,      0.1696,      5.6565,     11.3129,      1.4986,     29.6022,     59.2044,      0.0195,      0.0015,      0.2151,      0.2084,   7939.2388,-429894.3750,   -999.0496,    557.6339,  26464.1289,
       1,     170,     116,      11,       1,       3,       1,     10.0000,      1.4126,     42.7872,    251.8401,     63.3781,      3.4953,      0.1916,      0.1572,     32.3050,      0.2066,      5.6565,     11.3129,      1.8260,     29.6022,     59.2044,      0.0195,      0.0016,      0.2500,      0.2084,   7939.2388,-454046.0000,  -1005.2999,    555.9508,  26464.1289,
       1,     170,     116,      12,       1,       3,       1,     10.0000,      1.4126,     42.7872,    251.8401,     63.3781,      3.4953,      0.1913,      0.1565,     28.6638,      0.2188,      5.6565,     11.3129,      1.9333,     29.6022,     59.2044,      0.0195,      0.0014,      0.2500,      0.2084,   7939.2388,-462521.8438,  -1007.5247,    555.3643,  26464.1289,
       1,     170,     116,      13,       1,       3,       1,     10.0000,      1.4126,     42.7872,    251.8401,     63.3781,      3.4953,      0.1917,      0.1566,     34.6134,      0.2289,      5.6565,     11.3129,      2.0225,     29.6022,     59.2044,      0.0195,      0.0017,      0.2500,      0.2084,   7939.2388,-458797.0625,  -1006.6151,    555.6232,  26464.1270,
       1,     170,     116,      14,       1,       3,       1,     10.0000,      1.4126,     42.7872,    251.8401,     63.3781,      3.4953,      0.1853,      0.1509,     40.9603,      0.2077,      5.6565,     11.3129,      1.8350,     29.6022,     59.2044,      0.0195,      0.0021,      0.2399,      0.2084,   7939.2383,-465738.9375,  -1008.4560,    555.1411,  26464.1270,
       1,     170,     116,      15,       1,       3,       1,     10.0000,      1.4126,     42.7872,    251.8401,     63.3781,      3.4953,      0.1943,      0.1598,     65.7308,      0.2075,      5.6565,     11.3129,      1.8332,     29.6022,     59.2044,      0.0195,      0.0032,      0.2500,      0.2084,   7939.2383,-474072.0625,  -1010.6725,    554.5630,  26464.1270,
       1,     170,     116,      16,       1,       3,       1,     10.0000,      1.4126,     42.7872,    251.8401,     63.3781,      3.4953,      0.1914,      0.1571,    102.3352,      0.2046,      5.6565,     11.3129,      1.8080,     29.6022,     59.2044,      0.0195,      0.0051,      0.2418,      0.2084,   7939.2383,-505004.5312,  -1018.7548,    552.4191,  26464.1250,
       1,     170,     116,      17,       1,       3,       1,     10.0000,      1.4126,     42.7872,    251.8401,     63.3781,      3.4953,      0.1653,      0.1310,     96.7585,      0.2028,      5.6565,     11.3129,      1.7920,     29.6022,     59.2044,      0.0195,      0.0057,      0.2047,      0.2084,   7939.2378,-552325.6875,  -1031.2167,    549.1556,  26464.1250,
       1,     170,     116,      18,       1,       3,       1,     10.0000,      1.4126,     42.7872,    251.8401,     63.3781,      3.4953,      0.0657,      0.0319,     33.2830,      0.1848,      5.6565,     11.3129,      1.6327,     29.6022,     59.2044,      0.0195,      0.0059,      0.0686,      0.2083,   7939.2378,-549546.9375,  -1030.9355,    549.3560,  26464.1250,
       1,     170,     116,      19,       1,       3,       1,     10.0000,      1.4126,     42.7872,    251.8401,     63.3781,      3.4953,      0.0255,     -0.0080,      5.5599,      0.1767,      5.6565,     11.3129,      1.5612,     29.6022,     59.2044,      0.0195,      0.0047,      0.0142,      0.2083,   7939.2378,-471754.8750,  -1011.1974,    554.6980,  26464.1250,
       1,     170,     116,      20,       1,       3,       1,     10.0000,      1.4126,     42.7872,    251.8401,     63.3781,      3.4953,      0.0059,     -0.0273,      6.2773,      0.1686,      5.6565,     11.3129,      1.4896,     29.6022,     59.2044,      0.0195,      0.0049,      0.0156,      0.2084,   7939.2378,-431420.8438,  -1000.8144,    557.5207,  26464.1250,
       1,     170,     116,      21,       1,       3,       1,     10.0000,      1.4126,     42.7872,    251.8401,     63.3781,      3.4953,      0.0000,     -0.0329,      5.7650,      0.1589,      5.6565,     11.3129,      1.4041,     29.6022,     59.2044,      0.0195,      0.0045,      0.0156,      0.2084,   7939.2378,-428860.5938,  -1000.1591,    557.7063,  26464.1230,
       1,     170,     116,      22,       1,       3,       1,     10.0000,      1.4126,     42.7872,    251.8401,     63.3781,      3.4953,      0.0000,     -0.0325,      5.3443,      0.1481,      5.6565,     11.3129,      1.3086,     29.6022,     59.2044,      0.0195,      0.0041,      0.0156,      0.2084,   7939.2373,-428009.9062,   -999.9463,    557.7657,  26464.1230,
       1,     170,     116,      23,       1,       3,       1,     10.0000,      1.4126,     42.7872,    251.8401,     63.3781,      3.4953,      0.0000,     -0.0322,      4.1760,      0.1408,      5.6565,     11.3129,      1.2441,     29.6022,     59.2044,      0.0195,      0.0032,      0.0156,      0.2084,   7939.2373,-427424.4062,   -999.8003,    557.8065,  26464.1230,
       1,     170,     116,      24,       1,       3,       1,     10.0000,      1.4126,     42.7872,    251.8401,     63.3781,      3.4953,      0.0000,     -0.0321,      3.3052,      0.1381,      5.6565,     11.3129,      1.2204,     29.6022,     59.2044,      0.0195,      0.0026,      0.0156,      0.2084,   7939.2373,-425950.0625,   -999.4232,    557.9093,  26464.1230,
       1,     170,     117,       1,       1,       3,       1,     10.0000,      1.4126,     42.7875,    251.8461,     63.3795,      3.4953,      0.0000,     -0.0322,      2.8938,      0.1401,      5.6566,     11.3131,      1.2379,     29.6023,     59.2045,      0.0195,      0.0022,      0.0156,      0.2085,   7939.2373,-424919.3125,   -999.5336,    557.9944,  26465.3184,
       1,     170,     117,       2,       1,       3,       1,     10.0000,      1.4126,     42.7875,    251.8461,     63.3795,      3.4953,      0.0000,     -0.0322,      1.8317,      0.1405,      5.6566,     11.3131,      1.2417,     29.6023,     59.2045,      0.0195,      0.0014,      0.0156,      0.2085,   7939.5957,-424176.3125,   -998.9709,    558.0463,  26465.3184,
       1,     170,     117,       3,       1,       3,       1,     10.0000,      1.4126,     42.7875,    251.8461,     63.3795,      3.4953,      0.0000,     -0.0323,      1.5949,      0.1431,      5.6566,     11.3131,      1.2645,     29.6023,     59.2045,      0.0195,      0.0012,      0.0156,      0.2085,   7939.5957,-422818.0312,   -998.6217,    558.1411,  26465.3184,
       1,     170,     117,       4,       1,       3,       1,     10.0000,      1.4126,     42.7875,    251.8461,     63.3795,      3.4953,      0.0000,     -0.0324,      1.1529,      0.1457,      5.6566,     11.3131,      1.2877,     29.6023,     59.2045,      0.0195,      0.0009,      0.0156,      0.2085,   7939.5957,-422413.7500,   -998.5187,    558.1693,  26465.3184,
       1,     170,     117,       5,       1,       3,       1,     10.0000,      1.4126,     42.7875,    251.8461,     63.3795,      3.4953,      0.0000,     -0.0325,      0.7623,      0.1490,      5.6566,     11.3131,      1.3166,     29.6023,     59.2045,      0.0195,      0.0006,      0.0156,      0.2085,   7939.5957,-421840.5938,   -998.3718,    558.2092,  26465.3184,
       1,     170,     117,       6,       1,       3,       1,     10.0000,      1.4126,     42.7875,    251.8461,     63.3795,      3.4953,      0.0000,     -0.0324,      0.5697,      0.1444,      5.6566,     11.3131,      1.2760,     29.6023,     59.2045,      0.0195,      0.0004,      0.0156,      0.2085,   7939.5957,-421315.7188,   -998.2367,    558.2459,  26465.3184,
       1,     170,     117,       7,       1,       3,       1,     10.0000,      1.4126,     42.7875,    251.8461,     63.3795,      3.4953,      0.0000,     -0.0321,      0.4278,      0.1384,      5.6566,     11.3131,      1.2229,     29.6023,     59.2045,      0.0195,      0.0003,      0.0156,      0.2085,   7939.5957,-421036.1562,   -998.1650,    558.2654,  26465.3184,
       1,     170,     117,       8,       1,       3,       1,     10.0000,      1.4126,     42.7875,    251.8461,     63.3795,      3.4953,      0.0298,     -0.0023,      0.5716,      0.1374,      5.6566,     11.3131,      1.2143,     29.6023,     59.2045,      0.0195,      0.0003,      0.0225,      0.2085,   7939.5957,-420839.4688,   -998.1146,    558.2792,  26465.3184,
       1,     170,     117,       9,       1,       3,       1,     10.0000,      1.4126,     42.7875,    251.8461,     63.3795,      3.4953,      0.1638,      0.1306,      7.7772,      0.1672,      5.6566,     11.3131,      1.4778,     29.6023,     59.2045,      0.0195,      0.0004,      0.2125,      0.2085,   7939.5957,-420997.9375,   -998.1561,    558.2680,  26465.3184,
       1,     170,     117,      10,       1,       3,       1,     10.0000,      1.4126,     42.7875,    251.8461,     63.3795,      3.4953,      0.1819,      0.1477,     24.1081,      0.2004,      5.6566,     11.3131,      1.7710,     29.6023,     59.2045,      0.0195,      0.0012,      0.2369,      0.2085,   7939.5957,-429795.8438,  -1000.4393,    557.6541,  26465.3184,
       1,     170,     117,      11,       1,       3,       1,     10.0000,      1.4126,     42.7875,    251.8461,     63.3795,      3.4953,      0.1804,      0.1462,     23.1253,      0.1998,      5.6566,     11.3131,      1.7657,     29.6023,     59.2045,      0.0195,      0.0012,      0.2348,      0.2085,   7939.5957,-450456.3438,  -1005.8095,    556.2143,  26465.3164,
       1,     170,     117,      12,       1,       3,       1,     10.0000,      1.4126,     42.7875,    251.8461,     63.3795,      3.4953,      0.1843,      0.1498,     15.2831,      0.2093,      5.6566,     11.3131,      1.8496,     29.6023,     59.2045,      0.0195,      0.0008,      0.2413,      0.2084,   7939.5952,-451018.9375,  -1005.9836,    556.1770,  26465.3184,
       1,     170,     117,      13,       1,       3,       1,     10.0000,      1.4126,     42.7875,    251.8461,     63.3795,      3.4953,      0.1899,      0.1553,     10.5268,      0.2145,      5.6566,     11.3131,      1.8957,     29.6023,     59.2045,      0.0195,      0.0005,      0.2500,      0.2084,   7939.5957,-441499.6250,  -1003.5403,    556.8389,  26465.3164,
       1,     170,     117,      14,       1,       3,       1,     10.0000,      1.4126,     42.7875,    251.8461,     63.3795,      3.4953,      0.1849,      0.1506,     42.7643,      0.2052,      5.6566,     11.3131,      1.8134,     29.6023,     59.2045,      0.0195,      0.0022,      0.2391,      0.2085,   7939.5952,-434892.3438,  -1001.8437,    557.2990,  26465.3164,
       1,     170,     117,      15,       1,       3,       1,     10.0000,      1.4126,     42.7875,    251.8461,     63.3795,      3.4953,      0.1624,      0.1287,     72.5125,      0.1857,      5.6566,     11.3131,      1.6409,     29.6023,     59.2045,      0.0195,      0.0043,      0.2033,      0.2085,   7939.5952,-473639.5625,  -1011.9171,    554.6001,  26465.3145,
       1,     170,     117,      16,       1,       3,       1,     10.0000,      1.4126,     42.7875,    251.8461,     63.3795,      3.4953,      0.1415,      0.1083,     62.7601,      0.1692,      5.6566,     11.3131,      1.4956,     29.6023,     59.2045,      0.0195,      0.0044,      0.1743,      0.2084,   7939.5947,-513243.0938,  -1022.2808,    551.8611,  26465.3164,
       1,     170,     117,      17,       1,       3,       1,     10.0000,      1.4126,     42.7875,    251.8461,     63.3795,      3.4953,      0.0628,      0.0303,     20.7702,      0.1484,      5.6566,     11.3131,      1.3113,     29.6023,     59.2045,      0.0195,      0.0038,      0.0668,      0.2084,   7939.5952,-504707.6875,  -1021.0367,    552.4567,  26465.3145,
       1,     170,     117,      18,       1,       3,       1,     10.0000,      1.4126,     42.7875,    251.8461,     63.3795,      3.4953,      0.0082,     -0.0238,      4.6445,      0.1347,      5.6566,     11.3131,      1.1899,     29.6023,     59.2045,      0.0195,      0.0036,      0.0156,      0.2084,   7939.5947,-452723.5625,   -921.3231,    556.0469,  26465.5059,
       1,     170,     117,      19,       1,       3,       1,     10.0000,      1.4126,     42.7875,    251.8461,     63.3795,      3.4953,      0.0125,     -0.0191,      4.1482,      0.1254,      5.6566,     11.3131,      1.1081,     29.6023,     59.2045,      0.0195,      0.0032,      0.0156,      0.2084,   7939.6519,-428661.3750,   -915.7507,    557.7310,  26465.5039,
       1,     170,     117,      20,       1,       3,       1,     10.0000,      1.4126,     42.7875,    251.8461,     63.3795,      3.4953,      0.0044,     -0.0270,      3.0739,      0.1200,      5.6566,     11.3131,      1.0605,     29.6023,     59.2045,      0.0195,      0.0024,      0.0156,      0.2085,   7939.6514,-426005.4688,   -915.8915,    557.9186,  26465.5039,
       1,     170,     117,      21,       1,       3,       1,     10.0000,      1.4126,     42.7875,    251.8461,     63.3795,      3.4953,      0.0000,     -0.0313,      2.1297,      0.1183,      5.6566,     11.3131,      1.0454,     29.6023,     59.2045,      0.0195,      0.0017,      0.0156,      0.2085,   7939.6514,-424466.8438,   -915.9355,    558.0260,  26465.5039,
       1,     170,     117,      22,       1,       3,       1,     10.0000,      1.4126,     42.7875,    251.8461,     63.3795,      3.4953,      0.0000,     -0.0314,      1.1176,      0.1206,      5.6566,     11.3131,      1.0659,     29.6023,     59.2045,      0.0195,      0.0009,      0.0156,      0.2085,   7939.6514,-423184.7500,   -915.9000,    558.1154,  26465.5039,
       1,     170,     117,      23,       1,       3,       1,     10.0000,      1.4126,     42.7875,    251.8461,     63.3795,      3.4953,      0.0000,     -0.0317,      0.5645,      0.1277,      5.6566,     11.3131,      1.1286,     29.6023,     59.2045,      0.0195,      0.0004,      0.0156,      0.2085,   7939.6514,-421842.0000,   -915.7529,    558.2092,  26465.5039,
       1,     170,     117,      24,       1,       3,       1,     10.0000,      1.4126,     42.7875,    251.8461,     63.3795,      3.4953,      0.0000,     -0.0318,      0.3103,      0.1300,      5.6566,     11.3131,      1.1483,     29.6023,     59.2045,      0.0195,      0.0002,      0.0156,      0.2085,   7939.6514,-421053.2812,   -915.6463,    558.2642,  26465.5039,
       1,     170,     118,       1,       1,       3,       1,     10.0000,      1.4127,     42.7879,    251.8521,     63.3811,      3.4953,      0.0000,     -0.0318,      0.3103,      0.1300,      5.6573,     11.3146,      1.1484,     29.5992,     59.1984,      0.0195,      0.0002,      0.0156,      0.2085,   7939.6514,-420832.9375,   -915.8764,    558.2928,  26466.6973,
       1,     170,     118,       2,       1,       3,       1,     10.0000,      1.4127,     42.7879,    251.8521,     63.3811,      3.4953,      0.0000,     -0.0318,      0.3071,      0.1288,      5.6573,     11.3146,      1.1379,     29.5992,     59.1984,      0.0195,      0.0002,      0.0156,      0.2085,   7940.0093,-420660.5312,   -915.5869,    558.3048,  26466.6973,
       1,     170,     118,       3,       1,       3,       1,     10.0000,      1.4127,     42.7879,    251.8521,     63.3811,      3.4953,      0.0000,     -0.0318,      0.3107,      0.1301,      5.6573,     11.3146,      1.1495,     29.5992,     59.1984,      0.0195,      0.0002,      0.0156,      0.2085,   7940.0093,-420642.0625,   -915.5856,    558.3062,  26466.6973,
       1,     170,     118,       4,       1,       3,       1,     10.0000,      1.4127,     42.7879,    251.8521,     63.3811,      3.4953,      0.0000,     -0.0318,      0.3081,      0.1292,      5.6573,     11.3146,      1.1414,     29.5992,     59.1984,      0.0195,      0.0002,      0.0156,      0.2085,   7940.0093,-420644.8125,   -915.5884,    558.3060,  26466.6973,
       1,     170,     118,       5,       1,       3,       1,     10.0000,      1.4127,     42.7879,    251.8521,     63.3811,      3.4953,      0.0000,     -0.0317,      0.3035,      0.1275,      5.6573,     11.3146,      1.1264,     29.5992,     59.1984,      0.0195,      0.0002,      0.0156,      0.2085,   7940.0093,-420641.9375,   -915.5896,    558.3061,  26466.6973,
       1,     170,     118,       6,       1,       3,       1,     10.0000,      1.4127,     42.7879,    251.8521,     63.3811,      3.4953,      0.0000,     -0.0317,      0.3414,      0.1263,      5.6573,     11.3146,      1.1161,     29.5992,     59.1984,      0.0195,      0.0003,      0.0156,      0.2085,   7940.0093,-420636.1562,   -915.5908,    558.3065,  26466.6973,
       1,     170,     118,       7,       1,       3,       1,     10.0000,      1.4127,     42.7879,    251.8521,     63.3811,      3.4953,      0.0000,     -0.0316,      0.5621,      0.1253,      5.6573,     11.3146,      1.1070,     29.5992,     59.1984,      0.0195,      0.0004,      0.0156,      0.2085,   7940.0093,-420681.8438,   -915.6063,    558.3033,  26466.6973,
       1,     170,     118,       8,       1,       3,       1,     10.0000,      1.4127,     42.7879,    251.8521,     63.3811,      3.4953,      0.0137,     -0.0179,      0.0130,      0.1257,      5.6573,     11.3146,      1.1104,     29.5992,     59.1984,      0.0195,      0.0005,      0.0003,      0.2085,   7940.0093,-420954.7500,   -915.6863,    558.2844,  26466.6973,
       1,     170,     118,       9,       1,       3,       1,     10.0000,      1.4127,     42.7879,    251.8521,     63.3811,      3.4953,      0.0887,      0.0567,      4.4513,      0.1348,      5.6573,     11.3146,      1.1912,     29.5992,     59.1984,      0.0195,      0.0005,      0.1060,      0.2085,   7940.0093,-420308.5000,   -915.6464,    558.3294,  26466.6973,
       1,     170,     118,      10,       1,       3,       1,     10.0000,      1.4127,     42.7879,    251.8521,     63.3811,      3.4953,      0.1262,      0.0937,      9.0826,      0.1490,      5.6573,     11.3146,      1.3166,     29.5992,     59.1984,      0.0195,      0.0007,      0.1587,      0.2085,   7940.0093,-425663.6250,   -917.0574,    557.9557,  26466.6973,
       1,     170,     118,      11,       1,       3,       1,     10.0000,      1.4127,     42.7879,    251.8521,     63.3811,      3.4953,      0.1857,      0.1523,      8.6563,      0.1742,      5.6573,     11.3146,      1.5396,     29.5992,     59.1984,      0.0195,      0.0004,      0.2438,      0.2085,   7940.0093,-431765.0938,   -918.9015,    557.5303,  26466.6973,
       1,     170,     118,      12,       1,       3,       1,     10.0000,      1.4127,     42.7879,    251.8521,     63.3811,      3.4953,      0.1796,      0.1457,      8.6625,      0.1900,      5.6573,     11.3146,      1.6788,     29.5992,     59.1984,      0.0195,      0.0004,      0.2351,      0.2085,   7940.0093,-431764.4688,   -920.0848,    557.5305,  26466.6953,
       1,     170,     118,      13,       1,       3,       1,     10.0000,      1.4127,     42.7879,    251.8521,     63.3811,      3.4953,      0.1899,      0.1552,     10.3388,      0.2160,      5.6573,     11.3146,      1.9088,     29.5992,     59.1984,      0.0195,      0.0005,      0.2500,      0.2085,   7940.0088,-431772.0312,   -921.1409,    557.5300,  26466.6953,
       1,     170,     118,      14,       1,       3,       1,     10.0000,      1.4127,     42.7879,    251.8521,     63.3811,      3.4953,      0.1890,      0.1543,     14.1737,      0.2177,      5.6573,     11.3146,      1.9239,     29.5992,     59.1984,      0.0195,      0.0007,      0.2484,      0.2085,   7940.0088,-433816.2500,   -923.1743,    557.3875,  26466.6973,
       1,     170,     118,      15,       1,       3,       1,     10.0000,      1.4127,     42.7879,    251.8521,     63.3811,      3.4953,      0.1756,      0.1420,     22.5447,      0.1824,      5.6573,     11.3146,      1.6118,     29.5992,     59.1984,      0.0195,      0.0012,      0.2279,      0.2085,   7940.0093,-438665.3125,   -923.0590,    557.0497,  26466.6934,
       1,     170,     118,      16,       1,       3,       1,     10.0000,      1.4127,     42.7879,    251.8521,     63.3811,      3.4953,      0.1928,      0.1596,     43.0456,      0.1672,      5.6573,     11.3146,      1.4778,     29.5992,     59.1984,      0.0195,      0.0021,      0.2500,      0.2085,   7940.0083,-449284.4688,   -925.7699,    556.3103,  26466.6914,
       1,     170,     118,      17,       1,       3,       1,     10.0000,      1.4127,     42.7879,    251.8521,     63.3811,      3.4953,      0.1198,      0.0867,     35.4623,      0.1657,      5.6573,     11.3146,      1.4646,     29.5992,     59.1984,      0.0195,      0.0029,      0.1463,      0.2085,   7940.0078,-475187.9062,   -931.8972,    554.5095,  26466.6914,
       1,     170,     118,      18,       1,       3,       1,     10.0000,      1.4127,     42.7879,    251.8521,     63.3811,      3.4953,      0.0960,      0.0631,     39.6145,      0.1600,      5.6573,     11.3146,      1.4141,     29.5992,     59.1984,      0.0195,      0.0043,      0.1119,      0.2084,   7940.0078,-468143.4375,   -931.2664,    555.0007,  26466.6895,
       1,     170,     118,      19,       1,       3,       1,     10.0000,      1.4127,     42.7879,    251.8521,     63.3811,      3.4953,      0.0658,      0.0328,     30.0929,      0.1599,      5.6573,     11.3146,      1.4127,     29.5992,     59.1984,      0.0195,      0.0052,      0.0697,      0.2085,   7940.0073,-472608.0625,   -932.8403,    554.6912,  26466.6875,
       1,     170,     118,      20,       1,       3,       1,     10.0000,      1.4127,     42.7879,    251.8521,     63.3811,      3.4953,      0.0127,     -0.0199,      5.0332,      0.1526,      5.6573,     11.3146,      1.3488,     29.5992,     59.1984,      0.0195,      0.0039,      0.0156,      0.2085,   7940.0063,-461371.9688,   -931.4187,    555.4703,  26466.6855,
       1,     170,     118,      21,       1,       3,       1,     10.0000,      1.4127,     42.7879,    251.8521,     63.3811,      3.4953,      0.0000,     -0.0325,      4.0177,      0.1476,      5.6573,     11.3146,      1.3047,     29.5992,     59.1984,      0.0195,      0.0031,      0.0156,      0.2085,   7940.0059,-429856.0938,   -925.8518,    557.6592,  26466.6836,
       1,     170,     118,      22,       1,       3,       1,     10.0000,      1.4127,     42.7879,    251.8521,     63.3811,      3.4953,      0.0000,     -0.0325,      4.2672,      0.1485,      5.6573,     11.3146,      1.3126,     29.5992,     59.1984,      0.0195,      0.0033,      0.0156,      0.2085,   7940.0054,-425953.8438,   -925.3273,    557.9355,  26466.6816,
       1,     170,     118,      23,       1,       3,       1,     10.0000,      1.4127,     42.7879,    251.8521,     63.3811,      3.4953,      0.0000,     -0.0324,      3.1112,      0.1465,      5.6573,     11.3146,      1.2942,     29.5992,     59.1984,      0.0195,      0.0024,      0.0156,      0.2085,   7940.0049,-425921.4375,   -925.5513,    557.9379,  26466.6836,
       1,     170,     118,      24,       1,       3,       1,     10.0000,      1.4127,     42.7879,    251.8521,     63.3811,      3.4953,      0.0000,     -0.0323,      2.9974,      0.1430,      5.6573,     11.3146,      1.2632,     29.5992,     59.1984,      0.0195,      0.0023,      0.0156,      0.2085,   7940.0054,-424508.9375,   -925.4391,    558.0363,  26466.6836,
       1,     170,     119,       1,       1,       3,       1,     10.0000,      1.4127,     42.7882,    251.8581,     63.3825,      3.4953,      0.0000,     -0.0319,      2.5048,      0.1333,      5.6565,     11.3130,      1.1779,     29.5991,     59.1983,      0.0195,      0.0019,      0.0156,      0.2085,   7940.0054,-424407.1562,   -925.8428,    558.0568,  26467.8789,
       1,     170,     119,       2,       1,       3,       1,     10.0000,      1.4127,     42.7882,    251.8581,     63.3825,      3.4953,      0.0000,     -0.0319,      1.8717,      0.1316,      5.6565,     11.3130,      1.1625,     29.5991,     59.1983,      0.0195,      0.0015,      0.0156,      0.2085,   7940.3638,-423643.9688,   -925.5406,    558.1100,  26467.8828,
       1,     170,     119,       3,       1,       3,       1,     10.0000,      1.4127,     42.7882,    251.8581,     63.3825,      3.4953,      0.0000,     -0.0320,      1.6876,      0.1337,      5.6565,     11.3130,      1.1815,     29.5991,     59.1983,      0.0195,      0.0013,      0.0156,      0.2085,   7940.3652,-422806.9062,   -925.4596,    558.1684,  26467.8809,
       1,     170,     119,       4,       1,       3,       1,     10.0000,      1.4127,     42.7882,    251.8581,     63.3825,      3.4953,      0.0000,     -0.0320,      1.4033,      0.1348,      5.6565,     11.3130,      1.1912,     29.5991,     59.1983,      0.0195,      0.0011,      0.0156,      0.2085,   7940.3647,-422511.6250,   -925.4699,    558.1890,  26467.8789,
       1,     170,     119,       5,       1,       3,       1,     10.0000,      1.4127,     42.7882,    251.8581,     63.3825,      3.4953,      0.0000,     -0.0319,      0.9268,      0.1317,      5.6565,     11.3130,      1.1637,     29.5991,     59.1983,      0.0195,      0.0007,      0.0156,      0.2085,   7940.3638,-422140.3125,   -925.4329,    558.2150,  26467.8789,
       1,     170,     119,       6,       1,       3,       1,     10.0000,      1.4127,     42.7882,    251.8581,     63.3825,      3.4953,      0.0000,     -0.0319,      0.9722,      0.1318,      5.6565,     11.3130,      1.1649,     29.5991,     59.1983,      0.0195,      0.0008,      0.0156,      0.2085,   7940.3638,-421527.8125,   -925.3416,    558.2576,  26467.8789,
       1,     170,     119,       7,       1,       3,       1,     10.0000,      1.4127,     42.7882,    251.8581,     63.3825,      3.4953,      0.0000,     -0.0319,      1.4218,      0.1320,      5.6565,     11.3130,      1.1660,     29.5991,     59.1983,      0.0195,      0.0011,      0.0156,      0.2085,   7940.3638,-421531.0625,   -925.3571,    558.2574,  26467.8789,
       1,     170,     119,       8,       1,       3,       1,     10.0000,      1.4127,     42.7882,    251.8581,     63.3825,      3.4953,      0.0155,     -0.0163,      0.2258,      0.1297,      5.6565,     11.3130,      1.1461,     29.5991,     59.1983,      0.0195,      0.0011,      0.0025,      0.2085,   7940.3638,-422079.3438,   -925.4956,    558.2192,  26467.8789,
       1,     170,     119,       9,       1,       3,       1,     10.0000,      1.4127,     42.7882,    251.8581,     63.3825,      3.4953,      0.1332,      0.1007,     10.6043,      0.1472,      5.6565,     11.3130,      1.3008,     29.5991,     59.1983,      0.0195,      0.0008,      0.1685,      0.2085,   7940.3638,-420668.3125,   -925.2933,    558.3176,  26467.8789,
       1,     170,     119,      10,       1,       3,       1,     10.0000,      1.4127,     42.7882,    251.8581,     63.3825,      3.4953,      0.1566,      0.1236,     11.6552,      0.1652,      5.6565,     11.3130,      1.4602,     29.5991,     59.1983,      0.0195,      0.0007,      0.2018,      0.2085,   7940.3638,-433197.5312,   -927.8874,    557.4432,  26467.8789,
       1,     170,     119,      11,       1,       3,       1,     10.0000,      1.4127,     42.7882,    251.8581,     63.3825,      3.4953,      0.1903,      0.1563,     13.4537,      0.1924,      5.6565,     11.3130,      1.7006,     29.5991,     59.1983,      0.0195,      0.0007,      0.2500,      0.2085,   7940.3638,-435545.9375,   -928.6394,    557.2803,  26467.8789,
       1,     170,     119,      12,       1,       3,       1,     10.0000,      1.4127,     42.7882,    251.8581,     63.3825,      3.4953,      0.1899,      0.1556,      9.6332,      0.2032,      5.6565,     11.3130,      1.7957,     29.5991,     59.1983,      0.0195,      0.0005,      0.2500,      0.2085,   7940.3638,-437937.2500,   -929.5712,    557.1137,  26467.8789,
       1,     170,     119,      13,       1,       3,       1,     10.0000,      1.4127,     42.7882,    251.8581,     63.3825,      3.4953,      0.1898,      0.1551,      9.4250,      0.2169,      5.6565,     11.3130,      1.9164,     29.5991,     59.1983,      0.0195,      0.0005,      0.2500,      0.2085,   7940.3638,-433482.9375,   -929.1461,    557.4239,  26467.8770,
       1,     170,     119,      14,       1,       3,       1,     10.0000,      1.4127,     42.7882,    251.8581,     63.3825,      3.4953,      0.1918,      0.1568,     35.9857,      0.2293,      5.6565,     11.3130,      2.0266,     29.5991,     59.1983,      0.0195,      0.0017,      0.2500,      0.2085,   7940.3633,-432851.1562,   -929.4362,    557.4680,  26467.8770,
       1,     170,     119,      15,       1,       3,       1,     10.0000,      1.4127,     42.7882,    251.8581,     63.3825,      3.4953,      0.1928,      0.1580,     47.5578,      0.2203,      5.6565,     11.3130,      1.9467,     29.5991,     59.1983,      0.0195,      0.0023,      0.2500,      0.2085,   7940.3633,-465175.1250,   -936.1728,    555.2156,  26467.8750,
       1,     170,     119,      16,       1,       3,       1,     10.0000,      1.4127,     42.7882,    251.8581,     63.3825,      3.4953,      0.1524,      0.1183,     60.2505,      0.1963,      5.6565,     11.3130,      1.7346,     29.5991,     59.1983,      0.0195,      0.0038,      0.1902,      0.2085,   7940.3628,-482047.0312,   -939.9445,    554.0493,  26467.8750,
       1,     170,     119,      17,       1,       3,       1,     10.0000,      1.4127,     42.7882,    251.8581,     63.3825,      3.4953,      0.1017,      0.0683,     43.7787,      0.1767,      5.6565,     11.3130,      1.5613,     29.5991,     59.1983,      0.0195,      0.0044,      0.1193,      0.2085,   7940.3628,-498960.0000,   -943.6937,    552.8791,  26467.8730,
       1,     170,     119,      18,       1,       3,       1,     10.0000,      1.4127,     42.7882,    251.8581,     63.3825,      3.4953,      0.0475,      0.0146,     19.4902,      0.1607,      5.6565,     11.3130,      1.4198,     29.5991,     59.1983,      0.0195,      0.0053,      0.0448,      0.2084,   7940.3623,-480296.9688,   -940.4900,    554.1702,  26467.8691,
       1,     170,     119,      19,       1,       3,       1,     10.0000,      1.4127,     42.7882,    251.8581,     63.3825,      3.4953,      0.0338,      0.0009,     12.2804,      0.1607,      5.6565,     11.3130,      1.4198,     29.5991,     59.1983,      0.0195,      0.0057,      0.0260,      0.2085,   7940.3608,-449090.0938,   -934.6998,    556.3334,  26467.8672,
       1,     170,     119,      20,       1,       3,       1,     10.0000,      1.4127,     42.7882,    251.8581,     63.3825,      3.4953,      0.0136,     -0.0194,      6.3706,      0.1607,      5.6565,     11.3130,      1.4198,     29.5991,     59.1983,      0.0195,      0.0049,      0.0156,      0.2085,   7940.3604,-437663.0000,   -932.6408,    557.1322,  26467.8691,
       1,     170,     119,      21,       1,       3,       1,     10.0000,      1.4127,     42.7882,    251.8581,     63.3825,      3.4953,      0.0000,     -0.0328,      5.0139,      0.1572,      5.6565,     11.3130,      1.3888,     29.5991,     59.1983,      0.0195,      0.0039,      0.0156,      0.2085,   7940.3608,-429484.2188,   -931.1422,    557.7024,  26467.8672,
       1,     170,     119,      22,       1,       3,       1,     10.0000,      1.4127,     42.7882,    251.8581,     63.3825,      3.4953,      0.0000,     -0.0329,      3.5759,      0.1584,      5.6565,     11.3130,      1.4000,     29.5991,     59.1983,      0.0195,      0.0028,      0.0156,      0.2085,   7940.3604,-427135.7500,   -930.7411,    557.8665,  26467.8672,
       1,     170,     119,      23,       1,       3,       1,     10.0000,      1.4127,     42.7882,    251.8581,     63.3825,      3.4953,      0.0000,     -0.0329,      2.3333,      0.1584,      5.6565,     11.3130,      1.4000,     29.5991,     59.1983,      0.0195,      0.0018,      0.0156,      0.2085,   7940.3604,-425182.8750,   -930.3975,    558.0026,  26467.8652,
       1,     170,     119,      24,       1,       3,       1,     10.0000,      1.4127,     42.7882,    251.8581,     63.3825,      3.4953,      0.0000,     -0.0328,      1.9975,      0.1564,      5.6565,     11.3130,      1.3818,     29.5991,     59.1983,      0.0195,      0.0015,      0.0156,      0.2085,   7940.3599,-423502.5312,   -930.0926,    558.1199,  26467.8652,
       1,     170,     120,       1,       1,       3,       1,     10.0000,      1.4127,     42.7885,    251.8641,     63.3841,      3.4953,      0.0000,     -0.0327,      1.7479,      0.1550,      5.6578,     11.3156,      1.3694,     29.5984,     59.1969,      0.0195,      0.0014,      0.0156,      0.2085,   7940.3599,-423106.7188,   -930.3192,    558.1607,  26469.0605,
       1,     170,     120,       2,       1,       3,       1,     10.0000,      1.4127,     42.7885,    251.8641,     63.3841,      3.4953,      0.0000,     -0.0327,      1.3445,      0.1550,      5.6578,     11.3156,      1.3694,     29.5984,     59.1969,      0.0195,      0.0010,      0.0156,      0.2086,   7940.7183,-422615.1875,   -929.9591,    558.1951,  26469.0605,
       1,     170,     120,       3,       1,       3,       1,     10.0000,      1.4127,     42.7885,    251.8641,     63.3841,      3.4953,      0.0000,     -0.0326,      1.2860,      0.1522,      5.6578,     11.3156,      1.3448,     29.5984,     59.1969,      0.0195,      0.0010,      0.0156,      0.2086,   7940.7183,-422081.6562,   -929.8665,    558.2322,  26469.0605,
       1,     170,     120,       4,       1,       3,       1,     10.0000,      1.4127,     42.7885,    251.8641,     63.3841,      3.4953,      0.0000,     -0.0326,      1.3832,      0.1502,      5.6578,     11.3156,      1.3273,     29.5984,     59.1969,      0.0195,      0.0011,      0.0156,      0.2086,   7940.7183,-421965.1250,   -929.8539,    558.2404,  26469.0586,
       1,     170,     120,       5,       1,       3,       1,     10.0000,      1.4127,     42.7885,    251.8641,     63.3841,      3.4953,      0.0000,     -0.0326,      1.2936,      0.1513,      5.6578,     11.3156,      1.3367,     29.5984,     59.1969,      0.0195,      0.0010,      0.0156,      0.2086,   7940.7178,-422073.9062,   -929.8860,    558.2328,  26469.0605,
       1,     170,     120,       6,       1,       3,       1,     10.0000,      1.4127,     42.7885,    251.8641,     63.3841,      3.4953,      0.0000,     -0.0325,      1.1875,      0.1480,      5.6578,     11.3156,      1.3074,     29.5984,     59.1969,      0.0195,      0.0009,      0.0156,      0.2086,   7940.7183,-421973.6875,   -929.8762,    558.2398,  26469.0605,
       1,     170,     120,       7,       1,       3,       1,     10.0000,      1.4127,     42.7885,    251.8641,     63.3841,      3.4953,      0.0000,     -0.0323,      0.9744,      0.1428,      5.6578,     11.3156,      1.2620,     29.5984,     59.1969,      0.0195,      0.0008,      0.0156,      0.2086,   7940.7183,-421835.9062,   -929.8583,    558.2495,  26469.0605,
       1,     170,     120,       8,       1,       3,       1,     10.0000,      1.4127,     42.7885,    251.8641,     63.3841,      3.4953,      0.0401,      0.0078,      1.9350,      0.1432,      5.6578,     11.3156,      1.2658,     29.5984,     59.1969,      0.0195,      0.0006,      0.0368,      0.2086,   7940.7183,-421564.3750,   -929.8131,    558.2684,  26469.0605,
       1,     170,     120,       9,       1,       3,       1,     10.0000,      1.4127,     42.7885,    251.8641,     63.3841,      3.4953,      0.1498,      0.1168,     11.3690,      0.1628,      5.6578,     11.3156,      1.4385,     29.5984,     59.1969,      0.0195,      0.0007,      0.1921,      0.2086,   7940.7183,-422712.0625,   -930.0488,    558.1883,  26469.0605,
       1,     170,     120,      10,       1,       3,       1,     10.0000,      1.4127,     42.7885,    251.8641,     63.3841,      3.4953,      0.1837,      0.1500,     18.9172,      0.1828,      5.6578,     11.3156,      1.6151,     29.5984,     59.1969,      0.0195,      0.0010,      0.2398,      0.2086,   7940.7183,-434306.7188,   -932.3655,    557.3793,  26469.0605,
       1,     170,     120,      11,       1,       3,       1,     10.0000,      1.4127,     42.7885,    251.8641,     63.3841,      3.4953,      0.1884,      0.1545,     22.9285,      0.1909,      5.6578,     11.3156,      1.6872,     29.5984,     59.1969,      0.0195,      0.0011,      0.2462,      0.2085,   7940.7183,-444494.5000,   -934.4570,    556.6700,  26469.0586,
       1,     170,     120,      12,       1,       3,       1,     10.0000,      1.4127,     42.7885,    251.8641,     63.3841,      3.4953,      0.1908,      0.1565,     20.7170,      0.2016,      5.6578,     11.3156,      1.7816,     29.5984,     59.1969,      0.0195,      0.0010,      0.2500,      0.2085,   7940.7178,-450250.9375,   -935.6737,    556.2700,  26469.0586,
       1,     170,     120,      13,       1,       3,       1,     10.0000,      1.4127,     42.7885,    251.8641,     63.3841,      3.4953,      0.1798,      0.1461,     18.6097,      0.1833,      5.6578,     11.3156,      1.6199,     29.5984,     59.1969,      0.0195,      0.0010,      0.2342,      0.2085,   7940.7178,-448043.3438,   -935.4052,    556.4236,  26469.0586,
       1,     170,     120,      14,       1,       3,       1,     10.0000,      1.4127,     42.7885,    251.8641,     63.3841,      3.4953,      0.1737,      0.1404,     38.2487,      0.1716,      5.6578,     11.3156,      1.5168,     29.5984,     59.1969,      0.0195,      0.0021,      0.2232,      0.2085,   7940.7178,-445286.6562,   -934.9971,    556.6154,  26469.0547,
       1,     170,     120,      15,       1,       3,       1,     10.0000,      1.4127,     42.7885,    251.8641,     63.3841,      3.4953,      0.1737,      0.1403,     56.3477,      0.1756,      5.6578,     11.3156,      1.5520,     29.5984,     59.1969,      0.0195,      0.0031,      0.2212,      0.2085,   7940.7168,-468994.8750,   -939.8353,    554.9658,  26469.0566,
       1,     170,     120,      16,       1,       3,       1,     10.0000,      1.4127,     42.7885,    251.8641,     63.3841,      3.4953,      0.1813,      0.1476,     68.8948,      0.1861,      5.6578,     11.3156,      1.6442,     29.5984,     59.1969,      0.0195,      0.0036,      0.2308,      0.2085,   7940.7173,-493086.0312,   -944.8558,    553.2971,  26469.0547,
       1,     170,     120,      17,       1,       3,       1,     10.0000,      1.4127,     42.7885,    251.8641,     63.3841,      3.4953,      0.1841,      0.1497,     91.5298,      0.2073,      5.6578,     11.3156,      1.8315,     29.5984,     59.1969,      0.0195,      0.0048,      0.2324,      0.2085,   7940.7168,-510440.5938,   -948.6391,    552.0993,  26469.0508,
       1,     170,     120,      18,       1,       3,       1,     10.0000,      1.4127,     42.7885,    251.8641,     63.3841,      3.4953,      0.1633,      0.1289,     61.4990,      0.2054,      5.6578,     11.3156,      1.8154,     29.5984,     59.1969,      0.0195,      0.0036,      0.2057,      0.2085,   7940.7153,-539533.5000,   -954.8401,    550.0928,  26469.0469,
       1,     170,     120,      19,       1,       3,       1,     10.0000,      1.4127,     42.7885,    251.8641,     63.3841,      3.4953,      0.0826,      0.0486,     18.8786,      0.1925,      5.6578,     11.3156,      1.7006,     29.5984,     59.1969,      0.0195,      0.0024,      0.0944,      0.2084,   7940.7144,-505343.9062,   -948.4936,    552.4474,  26469.0430,
       1,     170,     120,      20,       1,       3,       1,     10.0000,      1.4127,     42.7885,    251.8641,     63.3841,      3.4953,      0.0113,     -0.0222,      3.1910,      0.1779,      5.6578,     11.3156,      1.5722,     29.5984,     59.1969,      0.0195,      0.0025,      0.0156,      0.2085,   7940.7134,-450455.9688,   -937.8303,    556.2428,  26469.0410,
       1,     170,     120,      21,       1,       3,       1,     10.0000,      1.4127,     42.7885,    251.8641,     63.3841,      3.4953,      0.0000,     -0.0332,      3.6807,      0.1684,      5.6578,     11.3156,      1.4883,     29.5984,     59.1969,      0.0195,      0.0029,      0.0156,      0.2085,   7940.7124,-426711.1562,   -933.1683,    557.9069,  26469.0391,
       1,     170,     120,      22,       1,       3,       1,     10.0000,      1.4127,     42.7885,    251.8641,     63.3841,      3.4953,      0.0000,     -0.0331,      5.3004,      0.1654,      5.6578,     11.3156,      1.4617,     29.5984,     59.1969,      0.0195,      0.0041,      0.0156,      0.2085,   7940.7119,-425282.5000,   -932.8826,    558.0090,  26469.0391,
       1,     170,     120,      23,       1,       3,       1,     10.0000,      1.4127,     42.7885,    251.8641,     63.3841,      3.4953,      0.0000,     -0.0330,      5.3199,      0.1636,      5.6578,     11.3156,      1.4457,     29.5984,     59.1969,      0.0195,      0.0041,      0.0156,      0.2085,   7940.7119,-427131.9375,   -933.2314,    557.8799,  26469.0391,
       1,     170,     120,      24,       1,       3,       1,     10.0000,      1.4127,     42.7885,    251.8641,     63.3841,      3.4953,      0.0000,     -0.0330,      4.8108,      0.1638,      5.6578,     11.3156,      1.4471,     29.5984,     59.1969,      0.0195,      0.0037,      0.0156,      0.2085,   7940.7119,-427313.1875,   -933.2490,    557.8674,  26469.0391,
       1,     170,     121,       1,       1,       3,       1,     10.0000,      1.4127,     42.7889,    251.8701,     63.3855,      3.4953,      0.0000,     -0.0330,      4.0395,      0.1615,      5.6566,     11.3131,      1.4270,     29.6046,     59.2091,      0.0195,      0.0031,      0.0156,      0.2086,   7940.7119,-426863.8750,   -933.4318,    557.9119,  26470.2305,
       1,     170,     121,       2,       1,       3,       1,     10.0000,      1.4127,     42.7889,    251.8701,     63.3855,      3.4953,      0.0000,     -0.0329,      3.3296,      0.1594,      5.6566,     11.3131,      1.4085,     29.6046,     59.2091,      0.0195,      0.0026,      0.0156,      0.2086,   7941.0693,-425732.3125,   -932.9089,    557.9908,  26470.2305,
       1,     170,     121,       3,       1,       3,       1,     10.0000,      1.4127,     42.7889,    251.8701,     63.3855,      3.4953,      0.0000,     -0.0328,      2.8374,      0.1572,      5.6566,     11.3131,      1.3888,     29.6046,     59.2091,      0.0195,      0.0022,      0.0156,      0.2086,   7941.0693,-424771.0312,   -932.7050,    558.0579,  26470.2305,
       1,     170,     121,       4,       1,       3,       1,     10.0000,      1.4127,     42.7889,    251.8701,     63.3855,      3.4953,      0.0000,     -0.0327,      2.7608,      0.1537,      5.6566,     11.3131,      1.3585,     29.6046,     59.2091,      0.0195,      0.0021,      0.0156,      0.2086,   7941.0693,-424089.5625,   -932.5582,    558.1054,  26470.2305,
       1,     170,     121,       5,       1,       3,       1,     10.0000,      1.4127,     42.7889,    251.8701,     63.3855,      3.4953,      0.0000,     -0.0327,      2.7300,      0.1534,      5.6566,     11.3131,      1.3557,     29.6046,     59.2091,      0.0195,      0.0021,      0.0156,      0.2086,   7941.0693,-423938.2500,   -932.5156,    558.1159,  26470.2324,
       1,     170,     121,       6,       1,       3,       1,     10.0000,      1.4127,     42.7889,    251.8701,     63.3855,      3.4953,      0.0000,     -0.0327,      2.5704,      0.1530,      5.6566,     11.3131,      1.3516,     29.6046,     59.2091,      0.0195,      0.0020,      0.0156,      0.2086,   7941.0698,-423887.8125,   -932.4919,    558.1195,  26470.2305,
       1,     170,     121,       7,       1,       3,       1,     10.0000,      1.4127,     42.7889,    251.8701,     63.3855,      3.4953,      0.0000,     -0.0327,      2.7318,      0.1536,      5.6566,     11.3131,      1.3571,     29.6046,     59.2091,      0.0195,      0.0021,      0.0156,      0.2086,   7941.0693,-423689.0000,   -932.4401,    558.1333,  26470.2305,
       1,     170,     121,       8,       1,       3,       1,     10.0000,      1.4127,     42.7889,    251.8701,     63.3855,      3.4953,      0.0103,     -0.0224,      2.6585,      0.1540,      5.6566,     11.3131,      1.3612,     29.6046,     59.2091,      0.0195,      0.0021,      0.0156,      0.2086,   7941.0693,-423868.9688,   -932.4613,    558.1208,  26470.2285,
       1,     170,     121,       9,       1,       3,       1,     10.0000,      1.4127,     42.7889,    251.8701,     63.3855,      3.4953,      0.0636,      0.0308,     11.5694,      0.1570,      5.6566,     11.3131,      1.3874,     29.6046,     59.2091,      0.0195,      0.0020,      0.0689,      0.2086,   7941.0688,-423795.2812,   -932.4318,    558.1259,  26470.2305,
       1,     170,     121,      10,       1,       3,       1,     10.0000,      1.4127,     42.7889,    251.8701,     63.3855,      3.4953,      0.1604,      0.1272,     42.9838,      0.1689,      5.6566,     11.3131,      1.4928,     29.6046,     59.2091,      0.0195,      0.0026,      0.2037,      0.2086,   7941.0693,-434647.1250,   -934.6019,    557.3688,  26470.2305,
       1,     170,     121,      11,       1,       3,       1,     10.0000,      1.4127,     42.7889,    251.8701,     63.3855,      3.4953,      0.1799,      0.1460,     51.9214,      0.1902,      5.6566,     11.3131,      1.6806,     29.6046,     59.2091,      0.0195,      0.0027,      0.2307,      0.2086,   7941.0693,-473857.3438,   -942.5208,    554.6376,  26470.2305,
       1,     170,     121,      12,       1,       3,       1,     10.0000,      1.4127,     42.7889,    251.8701,     63.3855,      3.4953,      0.1589,      0.1251,     41.3045,      0.1877,      5.6566,     11.3131,      1.6590,     29.6046,     59.2091,      0.0195,      0.0025,      0.2017,      0.2085,   7941.0693,-488104.0000,   -945.5446,    553.6564,  26470.2305,
       1,     170,     121,      13,       1,       3,       1,     10.0000,      1.4127,     42.7889,    251.8701,     63.3855,      3.4953,      0.1590,      0.1254,     39.3207,      0.1822,      5.6566,     11.3131,      1.6103,     29.6046,     59.2091,      0.0195,      0.0024,      0.2021,      0.2085,   7941.0693,-476356.6250,   -943.3868,    554.4703,  26470.2246,
       1,     170,     121,      14,       1,       3,       1,     10.0000,      1.4127,     42.7889,    251.8701,     63.3855,      3.4953,      0.1907,      0.1565,     57.3432,      0.2006,      5.6566,     11.3131,      1.7729,     29.6046,     59.2091,      0.0195,      0.0028,      0.2457,      0.2085,   7941.0679,-472943.2188,   -942.8665,    554.7075,  26470.2227,
       1,     170,     121,      15,       1,       3,       1,     10.0000,      1.4127,     42.7889,    251.8701,     63.3855,      3.4953,      0.1909,      0.1566,     70.7017,      0.2058,      5.6566,     11.3131,      1.8190,     29.6046,     59.2091,      0.0195,      0.0035,      0.2446,      0.2085,   7941.0669,-494630.6250,   -947.3715,    553.2038,  26470.2246,
       1,     170,     121,      16,       1,       3,       1,     10.0000,      1.4127,     42.7889,    251.8701,     63.3855,      3.4953,      0.1490,      0.1158,     66.9639,      0.1684,      5.6566,     11.3131,      1.4883,     29.6046,     59.2091,      0.0195,      0.0044,      0.1846,      0.2085,   7941.0679,-512770.3438,   -951.6610,    551.9515,  26470.2188,
       1,     170,     121,      17,       1,       3,       1,     10.0000,      1.4127,     42.7889,    251.8701,     63.3855,      3.4953,      0.1882,      0.1544,     93.7651,      0.1850,      5.6566,     11.3131,      1.6345,     29.6046,     59.2091,      0.0195,      0.0048,      0.2378,      0.2085,   7941.0659,-509748.5625,   -951.3520,    552.1614,  26470.2148,
       1,     170,     121,      18,       1,       3,       1,     10.0000,      1.4127,     42.7889,    251.8701,     63.3855,      3.4953,      0.1808,      0.1468,     82.0768,      0.1951,      5.6566,     11.3131,      1.7244,     29.6046,     59.2091,      0.0195,      0.0043,      0.2286,      0.2085,   7941.0649,-542192.6875,   -958.2084,    549.9221,  26470.2148,
       1,     170,     121,      19,       1,       3,       1,     10.0000,      1.4127,     42.7889,    251.8701,     63.3855,      3.4953,      0.1230,      0.0894,     61.5700,      0.1820,      5.6566,     11.3131,      1.6087,     29.6046,     59.2091,      0.0195,      0.0050,      0.1478,      0.2084,   7941.0649,-530685.4375,   -956.2684,    550.7177,  26470.2090,
       1,     170,     121,      20,       1,       3,       1,     10.0000,      1.4127,     42.7889,    251.8701,     63.3855,      3.4953,      0.0413,      0.0080,     15.2748,      0.1722,      5.6566,     11.3131,      1.5214,     29.6046,     59.2091,      0.0195,      0.0051,      0.0360,      0.2085,   7941.0630,-504678.8438,   -951.3283,    552.5085,  26470.2051,
       1,     170,     121,      21,       1,       3,       1,     10.0000,      1.4127,     42.7889,    251.8701,     63.3855,      3.4953,      0.0000,     -0.0331,      2.7957,      0.1661,      5.6566,     11.3131,      1.4676,     29.6046,     59.2091,      0.0195,      0.0022,      0.0156,      0.2085,   7941.0620,-446004.1562,   -939.5662,    556.5637,  26470.2012,
       1,     170,     121,      22,       1,       3,       1,     10.0000,      1.4127,     42.7889,    251.8701,     63.3855,      3.4953,      0.0000,     -0.0330,      4.1646,      0.1621,      5.6566,     11.3131,      1.4327,     29.6046,     59.2091,      0.0195,      0.0032,      0.0156,      0.2086,   7941.0605,-425861.2812,   -935.5039,    557.9800,  26470.2012,
       1,     170,     121,      23,       1,       3,       1,     10.0000,      1.4127,     42.7889,    251.8701,     63.3855,      3.4953,      0.0000,     -0.0330,      5.7102,      0.1616,      5.6566,     11.3131,      1.4284,     29.6046,     59.2091,      0.0195,      0.0044,      0.0156,      0.2086,   7941.0605,-425805.3750,   -935.4554,    557.9858,  26470.2012,
       1,     170,     121,      24,       1,       3,       1,     10.0000,      1.4127,     42.7889,    251.8701,     63.3855,      3.4953,      0.0000,     -0.0330,      5.1975,      0.1621,      5.6566,     11.3131,      1.4327,     29.6046,     59.2091,      0.0195,      0.0040,      0.0156,      0.2086,   7941.0605,-427681.6562,   -935.7774,    557.8548,  26470.2012,
       1,     170,     122,       1,       1,       3,       1,     10.0000,      1.4127,     42.7892,    251.8761,     63.3871,      3.4953,      0.0000,     -0.0330,      4.4503,      0.1621,      5.6574,     11.3148,      1.4328,     29.6084,     59.2168,      0.0195,      0.0035,      0.0156,      0.2086,   7941.0605,-427372.6875,   -935.9637,    557.8896,  26471.3984,
       1,     170,     122,       2,       1,       3,       1,     10.0000,      1.4127,     42.7892,    251.8761,     63.3871,      3.4953,      0.0000,     -0.0328,      3.6991,      0.1578,      5.6574,     11.3148,      1.3945,     29.6084,     59.2168,      0.0195,      0.0029,      0.0156,      0.2086,   7941.4199,-426281.9688,   -935.4123,    557.9656,  26471.3945,
       1,     170,     122,       3,       1,       3,       1,     10.0000,      1.4127,     42.7892,    251.8761,     63.3871,      3.4953,      0.0000,     -0.0328,      3.3602,      0.1562,      5.6574,     11.3148,      1.3805,     29.6084,     59.2168,      0.0195,      0.0026,      0.0156,      0.2086,   7941.4185,-425274.3125,   -935.1769,    558.0359,  26471.3945,
       1,     170,     122,       4,       1,       3,       1,     10.0000,      1.4127,     42.7892,    251.8761,     63.3871,      3.4953,      0.0000,     -0.0328,      3.2336,      0.1564,      5.6574,     11.3148,      1.3819,     29.6084,     59.2168,      0.0195,      0.0025,      0.0156,      0.2086,   7941.4185,-424775.8438,   -935.0458,    558.0707,  26471.3984,
       1,     170,     122,       5,       1,       3,       1,     10.0000,      1.4127,     42.7892,    251.8761,     63.3871,      3.4953,      0.0000,     -0.0328,      3.0864,      0.1556,      5.6574,     11.3148,      1.3750,     29.6084,     59.2168,      0.0195,      0.0024,      0.0156,      0.2086,   7941.4199,-424578.6875,   -934.9760,    558.0844,  26471.3945,
       1,     170,     122,       6,       1,       3,       1,     10.0000,      1.4127,     42.7892,    251.8761,     63.3871,      3.4953,      0.0000,     -0.0327,      3.0851,      0.1534,      5.6574,     11.3148,      1.3558,     29.6084,     59.2168,      0.0195,      0.0024,      0.0156,      0.2086,   7941.4185,-424383.0312,   -934.9092,    558.0981,  26471.3945,
       1,     170,     122,       7,       1,       3,       1,     10.0000,      1.4127,     42.7892,    251.8761,     63.3871,      3.4953,      0.0000,     -0.0327,      2.8941,      0.1542,      5.6574,     11.3148,      1.3626,     29.6084,     59.2168,      0.0195,      0.0022,      0.0156,      0.2086,   7941.4185,-424364.7812,   -934.8777,    558.0994,  26471.3945,
       1,     170,     122,       8,       1,       3,       1,     10.0000,      1.4127,     42.7892,    251.8761,     63.3871,      3.4953,      0.0148,     -0.0179,      0.0747,      0.1540,      5.6574,     11.3148,      1.3612,     29.6084,     59.2168,      0.0195,      0.0020,      0.0004,      0.2086,   7941.4185,-424130.5625,   -934.8047,    558.1157,  26471.3945,
       1,     170,     122,       9,       1,       3,       1,     10.0000,      1.4127,     42.7892,    251.8761,     63.3871,      3.4953,      0.1105,      0.0775,     23.2270,      0.1617,      5.6574,     11.3148,      1.4285,     29.6084,     59.2168,      0.0195,      0.0021,      0.1344,      0.2086,   7941.4185,-420675.4062,   -934.0687,    558.3568,  26471.3926,
       1,     170,     122,      10,       1,       3,       1,     10.0000,      1.4127,     42.7892,    251.8761,     63.3871,      3.4953,      0.1713,      0.1375,     44.3435,      0.1861,      5.6574,     11.3148,      1.6443,     29.6084,     59.2168,      0.0195,      0.0024,      0.2191,      0.2086,   7941.4180,-448589.9688,   -939.7531,    556.4084,  26471.3965,
       1,     170,     122,      11,       1,       3,       1,     10.0000,      1.4127,     42.7892,    251.8761,     63.3871,      3.4953,      0.1511,      0.1175,     33.8430,      0.1833,      5.6574,     11.3148,      1.6200,     29.6084,     59.2168,      0.0195,      0.0021,      0.1914,      0.2086,   7941.4194,-476709.2812,   -945.5461,    554.4562,  26471.3906,
       1,     170,     122,      12,       1,       3,       1,     10.0000,      1.4127,     42.7892,    251.8761,     63.3871,      3.4953,      0.1692,      0.1352,     42.5575,      0.1917,      5.6574,     11.3148,      1.6940,     29.6084,     59.2168,      0.0195,      0.0024,      0.2163,      0.2086,   7941.4175,-466297.5938,   -943.5536,    555.1812,  26471.3906,
       1,     170,     122,      13,       1,       3,       1,     10.0000,      1.4127,     42.7892,    251.8761,     63.3871,      3.4953,      0.1880,      0.1538,     46.1392,      0.1987,      5.6574,     11.3148,      1.7555,     29.6084,     59.2168,      0.0195,      0.0023,      0.2430,      0.2086,   7941.4175,-476036.5938,   -945.6450,    554.5059,  26471.3906,
       1,     170,     122,      14,       1,       3,       1,     10.0000,      1.4127,     42.7892,    251.8761,     63.3871,      3.4953,      0.1918,      0.1575,     53.1908,      0.2034,      5.6574,     11.3148,      1.7976,     29.6084,     59.2168,      0.0195,      0.0026,      0.2478,      0.2086,   7941.4175,-481230.3125,   -946.8026,    554.1462,  26471.3906,
       1,     170,     122,      15,       1,       3,       1,     10.0000,      1.4127,     42.7892,    251.8761,     63.3871,      3.4953,      0.1498,      0.1159,     55.8508,      0.1879,      5.6574,     11.3148,      1.6607,     29.6084,     59.2168,      0.0195,      0.0036,      0.1869,      0.2085,   7941.4175,-490269.6562,   -948.7729,    553.5203,  26471.3848,
       1,     170,     122,      16,       1,       3,       1,     10.0000,      1.4127,     42.7892,    251.8761,     63.3871,      3.4953,      0.1110,      0.0776,     38.3084,      0.1725,      5.6574,     11.3148,      1.5244,     29.6084,     59.2168,      0.0195,      0.0035,      0.1332,      0.2085,   7941.4155,-494281.2812,   -949.7905,    553.2430,  26471.3848,
       1,     170,     122,      17,       1,       3,       1,     10.0000,      1.4127,     42.7892,    251.8761,     63.3871,      3.4953,      0.1360,      0.1029,     54.3018,      0.1641,      5.6574,     11.3148,      1.4501,     29.6084,     59.2168,      0.0195,      0.0039,      0.1673,      0.2085,   7941.4155,-473224.5625,   -945.6523,    554.6992,  26471.3789,
       1,     170,     122,      18,       1,       3,       1,     10.0000,      1.4127,     42.7892,    251.8761,     63.3871,      3.4953,      0.1212,      0.0885,     43.2567,      0.1528,      5.6574,     11.3148,      1.3503,     29.6084,     59.2168,      0.0195,      0.0035,      0.1475,      0.2086,   7941.4141,-490947.5625,   -949.4409,    553.4724,  26471.3789,
       1,     170,     122,      19,       1,       3,       1,     10.0000,      1.4127,     42.7892,    251.8761,     63.3871,      3.4953,      0.0786,      0.0458,     29.7895,      0.1569,      5.6574,     11.3148,      1.3861,     29.6084,     59.2168,      0.0195,      0.0041,      0.0882,      0.2085,   7941.4141,-478980.6250,   -947.1596,    554.3016,  26471.3770,
       1,     170,     122,      20,       1,       3,       1,     10.0000,      1.4127,     42.7892,    251.8761,     63.3871,      3.4953,      0.0152,     -0.0178,      0.2124,      0.1612,      5.6574,     11.3148,      1.4242,     29.6084,     59.2168,      0.0195,      0.0036,      0.0007,      0.2086,   7941.4136,-461544.8750,   -943.6876,    555.5103,  26471.3750,
       1,     170,     122,      21,       1,       3,       1,     10.0000,      1.4127,     42.7892,    251.8761,     63.3871,      3.4953,      0.0000,     -0.0330,      3.1843,      0.1630,      5.6574,     11.3148,      1.4400,     29.6084,     59.2168,      0.0195,      0.0025,      0.0156,      0.2086,   7941.4126,-424013.1562,   -935.9780,    558.1178,  26471.3730,
       1,     170,     122,      22,       1,       3,       1,     10.0000,      1.4127,     42.7892,    251.8761,     63.3871,      3.4953,      0.0000,     -0.0329,      2.2578,      0.1600,      5.6574,     11.3148,      1.4142,     29.6084,     59.2168,      0.0195,      0.0018,      0.0156,      0.2086,   7941.4121,-424464.2500,   -936.0403,    558.0925,  26471.3730,
       1,     170,     122,      23,       1,       3,       1,     10.0000,      1.4127,     42.7892,    251.8761,     63.3871,      3.4953,      0.0000,     -0.0330,      2.2783,      0.1610,      5.6574,     11.3148,      1.4227,     29.6084,     59.2168,      0.0195,      0.0018,      0.0156,      0.2086,   7941.4121,-423366.2188,   -935.7966,    558.1691,  26471.3730,
       1,     170,     122,      24,       1,       3,       1,     10.0000,      1.4127,     42.7892,    251.8761,     63.3871,      3.4953,      0.0000,     -0.0328,      1.9112,      0.1572,      5.6574,     11.3148,      1.3889,     29.6084,     59.2168,      0.0195,      0.0015,      0.0156,      0.2086,   7941.4121,-423297.7812,   -935.7631,    558.1738,  26471.3730,
       1,     170,     123,       1,       1,       3,       1,     10.0000,      1.4128,     42.7896,    251.8820,     63.3885,      3.4953,      0.0000,     -0.0329,      1.9164,      0.1588,      5.6575,     11.3149,      1.4029,     29.6073,     59.2146,      0.0195,      0.0015,      0.0156,      0.2086,   7941.4121,-423001.4062,   -935.9869,    558.2078,  26472.5703,
       1,     170,     123,       2,       1,       3,       1,     10.0000,      1.4128,     42.7896,    251.8820,     63.3885,      3.4953,      0.0000,     -0.0330,      2.4813,      0.1615,      5.6575,     11.3149,      1.4271,     29.6073,     59.2146,      0.0195,      0.0019,      0.0156,      0.2086,   7941.7715,-422828.3125,   -935.6415,    558.2198,  26472.5684,
       1,     170,     123,       3,       1,       3,       1,     10.0000,      1.4128,     42.7896,    251.8820,     63.3885,      3.4953,      0.0000,     -0.0329,      2.4052,      0.1592,      5.6575,     11.3149,      1.4072,     29.6073,     59.2146,      0.0195,      0.0019,      0.0156,      0.2086,   7941.7710,-423502.2188,   -935.7589,    558.1729,  26472.5684,
       1,     170,     123,       4,       1,       3,       1,     10.0000,      1.4128,     42.7896,    251.8820,     63.3885,      3.4953,      0.0000,     -0.0329,      2.1818,      0.1605,      5.6575,     11.3149,      1.4185,     29.6073,     59.2146,      0.0195,      0.0017,      0.0156,      0.2086,   7941.7710,-423466.7188,   -935.7311,    558.1753,  26472.5684,
       1,     170,     123,       5,       1,       3,       1,     10.0000,      1.4128,     42.7896,    251.8820,     63.3885,      3.4953,      0.0000,     -0.0327,      2.0555,      0.1537,      5.6575,     11.3149,      1.3585,     29.6073,     59.2146,      0.0195,      0.0016,      0.0156,      0.2086,   7941.7710,-423191.5938,   -935.6567,    558.1946,  26472.5664,
       1,     170,     123,       6,       1,       3,       1,     10.0000,      1.4128,     42.7896,    251.8820,     63.3885,      3.4953,      0.0000,     -0.0327,      2.0619,      0.1530,      5.6575,     11.3149,      1.3517,     29.6073,     59.2146,      0.0195,      0.0016,      0.0156,      0.2086,   7941.7700,-423014.5000,   -935.6043,    558.2070,  26472.5684,
       1,     170,     123,       7,       1,       3,       1,     10.0000,      1.4128,     42.7896,    251.8820,     63.3885,      3.4953,      0.0000,     -0.0328,      2.2390,      0.1553,      5.6575,     11.3149,      1.3723,     29.6073,     59.2146,      0.0195,      0.0017,      0.0156,      0.2086,   7941.7710,-423006.9688,   -935.5853,    558.2075,  26472.5664,
       1,     170,     123,       8,       1,       3,       1,     10.0000,      1.4128,     42.7896,    251.8820,     63.3885,      3.4953,      0.0134,     -0.0194,      1.9923,      0.1573,      5.6575,     11.3149,      1.3903,     29.6073,     59.2146,      0.0195,      0.0015,      0.0156,      0.2086,   7941.7700,-423222.3750,   -935.6117,    558.1924,  26472.5684,
       1,     170,     123,       9,       1,       3,       1,     10.0000,      1.4128,     42.7896,    251.8820,     63.3885,      3.4953,      0.0578,      0.0249,      8.3455,      0.1599,      5.6575,     11.3149,      1.4128,     29.6073,     59.2146,      0.0195,      0.0017,      0.0608,      0.2086,   7941.7710,-422939.9062,   -935.5352,    558.2121,  26472.5645,
       1,     170,     123,      10,       1,       3,       1,     10.0000,      1.4128,     42.7896,    251.8820,     63.3885,      3.4953,      0.1023,      0.0692,     13.9714,      0.1661,      5.6575,     11.3149,      1.4677,     29.6073,     59.2146,      0.0195,      0.0014,      0.1237,      0.2086,   7941.7695,-430656.0938,   -937.1138,    557.6736,  26472.5664,
       1,     170,     123,      11,       1,       3,       1,     10.0000,      1.4128,     42.7896,    251.8820,     63.3885,      3.4953,      0.1812,      0.1475,     22.1101,      0.1824,      5.6575,     11.3149,      1.6120,     29.6073,     59.2146,      0.0195,      0.0011,      0.2358,      0.2086,   7941.7700,-438167.0312,   -938.6730,    557.1503,  26472.5664,
       1,     170,     123,      12,       1,       3,       1,     10.0000,      1.4128,     42.7896,    251.8820,     63.3885,      3.4953,      0.1915,      0.1572,     29.4367,      0.2016,      5.6575,     11.3149,      1.7817,     29.6073,     59.2146,      0.0195,      0.0014,      0.2500,      0.2086,   7941.7700,-448722.8125,   -940.8480,    556.4155,  26472.5645,
       1,     170,     123,      13,       1,       3,       1,     10.0000,      1.4128,     42.7896,    251.8820,     63.3885,      3.4953,      0.1922,      0.1580,     38.0840,      0.1985,      5.6575,     11.3149,      1.7538,     29.6073,     59.2146,      0.0195,      0.0018,      0.2500,      0.2086,   7941.7695,-458549.3438,   -942.8466,    555.7325,  26472.5645,
       1,     170,     123,      14,       1,       3,       1,     10.0000,      1.4128,     42.7896,    251.8820,     63.3885,      3.4953,      0.1921,      0.1579,     37.8490,      0.2016,      5.6575,     11.3149,      1.7817,     29.6073,     59.2146,      0.0195,      0.0018,      0.2500,      0.2086,   7941.7695,-469924.0000,   -945.2343,    554.9427,  26472.5625,
       1,     170,     123,      15,       1,       3,       1,     10.0000,      1.4128,     42.7896,    251.8820,     63.3885,      3.4953,      0.1923,      0.1575,     42.3338,      0.2234,      5.6575,     11.3149,      1.9739,     29.6073,     59.2146,      0.0195,      0.0020,      0.2500,      0.2086,   7941.7690,-470603.6250,   -945.4319,    554.8962,  26472.5645,
       1,     170,     123,      16,       1,       3,       1,     10.0000,      1.4128,     42.7896,    251.8820,     63.3885,      3.4953,      0.1843,      0.1499,     57.9436,      0.2079,      5.6575,     11.3149,      1.8371,     29.6073,     59.2146,      0.0195,      0.0030,      0.2365,      0.2086,   7941.7695,-476127.8750,   -946.5837,    554.5130,  26472.5586,
       1,     170,     123,      17,       1,       3,       1,     10.0000,      1.4128,     42.7896,    251.8820,     63.3885,      3.4953,      0.1540,      0.1202,     57.8726,      0.1868,      5.6575,     11.3149,      1.6509,     29.6073,     59.2146,      0.0195,      0.0036,      0.1928,      0.2086,   7941.7681,-495628.8125,   -950.7583,    553.1614,  26472.5566,
       1,     170,     123,      18,       1,       3,       1,     10.0000,      1.4128,     42.7896,    251.8820,     63.3885,      3.4953,      0.1480,      0.1146,     55.9442,      0.1732,      5.6575,     11.3149,      1.5306,     29.6073,     59.2146,      0.0195,      0.0037,      0.1843,      0.2086,   7941.7671,-497199.9688,   -951.2888,    553.0544,  26472.5547,
       1,     170,     123,      19,       1,       3,       1,     10.0000,      1.4128,     42.7896,    251.8820,     63.3885,      3.4953,      0.0832,      0.0505,     29.0767,      0.1537,      5.6575,     11.3149,      1.3585,     29.6073,     59.2146,      0.0195,      0.0037,      0.0949,      0.2086,   7941.7666,-494979.2188,   -951.0375,    553.2080,  26472.5527,
       1,     170,     123,      20,       1,       3,       1,     10.0000,      1.4128,     42.7896,    251.8820,     63.3885,      3.4953,      0.0042,     -0.0281,      6.2162,      0.1433,      5.6575,     11.3149,      1.2659,     29.6073,     59.2146,      0.0195,      0.0048,      0.0156,      0.2086,   7941.7661,-462025.0312,   -947.2028,    555.4868,  26472.5508,
       1,     170,     123,      21,       1,       3,       1,     10.0000,      1.4128,     42.7896,    251.8820,     63.3885,      3.4953,      0.0000,     -0.0322,      5.6087,      0.1400,      5.6575,     11.3149,      1.2368,     29.6073,     59.2146,      0.0195,      0.0044,      0.0156,      0.2086,   7941.7656,-431380.9062,   -940.8783,    557.6193,  26472.5488,
       1,     170,     123,      22,       1,       3,       1,     10.0000,      1.4128,     42.7896,    251.8820,     63.3885,      3.4953,      0.0000,     -0.0322,      3.3983,      0.1388,      5.6575,     11.3149,      1.2268,     29.6073,     59.2146,      0.0195,      0.0026,      0.0156,      0.2086,   7941.7651,-428046.2188,   -940.1413,    557.8559,  26472.5488,
       1,     170,     123,      23,       1,       3,       1,     10.0000,      1.4128,     42.7896,    251.8820,     63.3885,      3.4953,      0.0000,     -0.0320,      2.7083,      0.1345,      5.6575,     11.3149,      1.1889,     29.6073,     59.2146,      0.0195,      0.0021,      0.0156,      0.2086,   7941.7651,-425065.0312,   -939.5012,    558.0638,  26472.5469,
       1,     170,     123,      24,       1,       3,       1,     10.0000,      1.4128,     42.7896,    251.8820,     63.3885,      3.4953,      0.0000,     -0.0321,      1.7914,      0.1363,      5.6575,     11.3149,      1.2047,     29.6073,     59.2146,      0.0195,      0.0014,      0.0156,      0.2086,   7941.7642,-423971.2188,   -941.1990,    558.1401,  26472.5488,
       1,     170,     124,       1,       1,       3,       1,     10.0000,      1.4128,     42.7899,    251.8880,     63.3901,      3.4953,      0.0000,     -0.0320,      1.0315,      0.1361,      5.6578,     11.3156,      1.2022,     29.6087,     59.2174,      0.0195,      0.0008,      0.0156,      0.2087,   7941.7651,-422917.3438,   -941.0325,    558.2269,  26473.7422,
       1,     170,     124,       2,       1,       3,       1,     10.0000,      1.4128,     42.7899,    251.8880,     63.3901,      3.4953,      0.0000,     -0.0319,      0.5519,      0.1314,      5.6578,     11.3156,      1.1614,     29.6087,     59.2174,      0.0195,      0.0004,      0.0156,      0.2087,   7942.1230,-421748.5000,   -940.5341,    558.3084,  26473.7422,
       1,     170,     124,       3,       1,       3,       1,     10.0000,      1.4128,     42.7899,    251.8880,     63.3901,      3.4953,      0.0000,     -0.0318,      0.3935,      0.1298,      5.6578,     11.3156,      1.1474,     29.6087,     59.2174,      0.0195,      0.0003,      0.0156,      0.2087,   7942.1230,-421064.9688,   -938.6320,    558.3561,  26473.7441,
       1,     170,     124,       4,       1,       3,       1,     10.0000,      1.4128,     42.7899,    251.8880,     63.3901,      3.4953,      0.0000,     -0.0318,      0.3898,      0.1302,      5.6578,     11.3156,      1.1509,     29.6087,     59.2174,      0.0195,      0.0003,      0.0156,      0.2087,   7942.1235,-420813.8438,   -910.1412,    558.3737,  26473.8691,
       1,     170,     124,       5,       1,       3,       1,     10.0000,      1.4128,     42.7899,    251.8880,     63.3901,      3.4953,      0.0000,     -0.0318,      0.4205,      0.1298,      5.6578,     11.3156,      1.1474,     29.6087,     59.2174,      0.0195,      0.0003,      0.0156,      0.2087,   7942.1611,-420773.3438,   -910.1067,    558.3765,  26473.8672,
       1,     170,     124,       6,       1,       3,       1,     10.0000,      1.4128,     42.7899,    251.8880,     63.3901,      3.4953,      0.0000,     -0.0318,      0.3501,      0.1301,      5.6578,     11.3156,      1.1497,     29.6087,     59.2174,      0.0195,      0.0003,      0.0156,      0.2087,   7942.1606,-420807.7188,   -910.1169,    558.3741,  26473.8672,
       1,     170,     124,       7,       1,       3,       1,     10.0000,      1.4128,     42.7899,    251.8880,     63.3901,      3.4953,      0.0000,     -0.0319,      0.3370,      0.1333,      5.6578,     11.3156,      1.1781,     29.6087,     59.2174,      0.0195,      0.0003,      0.0156,      0.2087,   7942.1606,-420724.8438,   -910.0924,    558.3799,  26473.8672,
       1,     170,     124,       8,       1,       3,       1,     10.0000,      1.4128,     42.7899,    251.8880,     63.3901,      3.4953,      0.0080,     -0.0240,      0.3544,      0.1333,      5.6578,     11.3156,      1.1781,     29.6087,     59.2174,      0.0195,      0.0003,      0.0156,      0.2087,   7942.1606,-420701.8125,   -910.0927,    558.3815,  26473.8672,
       1,     170,     124,       9,       1,       3,       1,     10.0000,      1.4128,     42.7899,    251.8880,     63.3901,      3.4953,      0.0615,      0.0293,      1.6809,      0.1407,      5.6578,     11.3156,      1.2431,     29.6087,     59.2174,      0.0195,      0.0003,      0.0675,      0.2087,   7942.1606,-420721.1562,   -910.1271,    558.3801,  26473.8652,
       1,     170,     124,      10,       1,       3,       1,     10.0000,      1.4128,     42.7899,    251.8880,     63.3901,      3.4953,      0.0537,      0.0214,      1.2853,      0.1428,      5.6578,     11.3156,      1.2621,     29.6087,     59.2174,      0.0195,      0.0003,      0.0563,      0.2087,   7942.1597,-422338.6875,   -910.6186,    558.2673,  26473.8672,
       1,     170,     124,      11,       1,       3,       1,     10.0000,      1.4128,     42.7899,    251.8880,     63.3901,      3.4953,      0.1584,      0.1260,      4.6553,      0.1459,      5.6578,     11.3156,      1.2892,     29.6087,     59.2174,      0.0195,      0.0003,      0.2050,      0.2087,   7942.1606,-421994.1562,   -910.4437,    558.2913,  26473.8672,
       1,     170,     124,      12,       1,       3,       1,     10.0000,      1.4128,     42.7899,    251.8880,     63.3901,      3.4953,      0.1899,      0.1566,      6.7848,      0.1705,      5.6578,     11.3156,      1.5064,     29.6087,     59.2174,      0.0195,      0.0003,      0.2500,      0.2087,   7942.1606,-426069.8125,   -911.7413,    558.0068,  26473.8672,
       1,     170,     124,      13,       1,       3,       1,     10.0000,      1.4128,     42.7899,    251.8880,     63.3901,      3.4953,      0.1713,      0.1379,      6.2606,      0.1753,      5.6578,     11.3156,      1.5491,     29.6087,     59.2174,      0.0195,      0.0003,      0.2234,      0.2087,   7942.1606,-429010.5625,   -912.9399,    557.8019,  26473.8672,
       1,     170,     124,      14,       1,       3,       1,     10.0000,      1.4128,     42.7899,    251.8880,     63.3901,      3.4953,      0.1782,      0.1449,      6.4037,      0.1722,      5.6578,     11.3156,      1.5215,     29.6087,     59.2174,      0.0195,      0.0003,      0.2333,      0.2087,   7942.1606,-428621.8438,   -913.7272,    557.8289,  26473.8691,
       1,     170,     124,      15,       1,       3,       1,     10.0000,      1.4128,     42.7899,    251.8880,     63.3901,      3.4953,      0.1857,      0.1519,      7.7716,      0.1855,      5.6578,     11.3156,      1.6395,     29.6087,     59.2174,      0.0195,      0.0004,      0.2440,      0.2087,   7942.1611,-428762.9062,   -914.4827,    557.8192,  26473.8652,
       1,     170,     124,      16,       1,       3,       1,     10.0000,      1.4128,     42.7899,    251.8880,     63.3901,      3.4953,      0.1901,      0.1562,     11.2783,      0.1917,      5.6578,     11.3156,      1.6941,     29.6087,     59.2174,      0.0195,      0.0005,      0.2500,      0.2087,   7942.1597,-430441.7188,   -915.8018,    557.7020,  26473.8672,
       1,     170,     124,      17,       1,       3,       1,     10.0000,      1.4128,     42.7899,    251.8880,     63.3901,      3.4953,      0.1790,      0.1450,     33.5383,      0.1950,      5.6578,     11.3156,      1.7229,     29.6087,     59.2174,      0.0195,      0.0018,      0.2316,      0.2087,   7942.1606,-434856.2188,   -917.4448,    557.3943,  26473.8691,
       1,     170,     124,      18,       1,       3,       1,     10.0000,      1.4128,     42.7899,    251.8880,     63.3901,      3.4953,      0.1201,      0.0871,     26.5571,      0.1639,      5.6578,     11.3156,      1.4487,     29.6087,     59.2174,      0.0195,      0.0022,      0.1478,      0.2086,   7942.1611,-462350.8750,   -923.3571,    555.4788,  26473.8652,
       1,     170,     124,      19,       1,       3,       1,     10.0000,      1.4128,     42.7899,    251.8880,     63.3901,      3.4953,      0.0674,      0.0344,     13.7479,      0.1623,      5.6578,     11.3156,      1.4343,     29.6087,     59.2174,      0.0195,      0.0023,      0.0738,      0.2086,   7942.1597,-456186.1250,   -922.8401,    555.9101,  26473.8672,
       1,     170,     124,      20,       1,       3,       1,     10.0000,      1.4128,     42.7899,    251.8880,     63.3901,      3.4953,      0.0090,     -0.0237,      3.2726,      0.1541,      5.6578,     11.3156,      1.3613,     29.6087,     59.2174,      0.0195,      0.0025,      0.0156,      0.2086,   7942.1606,-440048.9375,   -920.2883,    557.0316,  26473.8672,
       1,     170,     124,      21,       1,       3,       1,     10.0000,      1.4128,     42.7899,    251.8880,     63.3901,      3.4953,      0.0000,     -0.0324,      3.7803,      0.1453,      5.6578,     11.3156,      1.2840,     29.6087,     59.2174,      0.0195,      0.0029,      0.0156,      0.2086,   7942.1606,-425919.5312,   -911.4103,    558.0165,  26473.8652,
       1,     170,     124,      22,       1,       3,       1,     10.0000,      1.4128,     42.7899,    251.8880,     63.3901,      3.4953,      0.0000,     -0.0324,      4.4565,      0.1465,      5.6578,     11.3156,      1.2944,     29.6087,     59.2174,      0.0195,      0.0035,      0.0156,      0.2087,   7942.1597,-425338.9688,   -911.4041,    558.0579,  26473.8652,
       1,     170,     124,      23,       1,       3,       1,     10.0000,      1.4128,     42.7899,    251.8880,     63.3901,      3.4953,      0.0000,     -0.0324,      1.7285,      0.1463,      5.6578,     11.3156,      1.2931,     29.6087,     59.2174,      0.0195,      0.0013,      0.0156,      0.2087,   7942.1597,-426112.3125,   -912.0591,    558.0040,  26473.8652,
       1,     170,     124,      24,       1,       3,       1,     10.0000,      1.4128,     42.7899,    251.8880,     63.3901,      3.4953,      0.0000,     -0.0324,      1.4882,      0.1441,      5.6578,     11.3156,      1.2737,     29.6087,     59.2174,      0.0195,      0.0012,      0.0156,      0.2087,   7942.1597,-422854.9688,   -910.6306,    558.2312,  26473.8672,
       1,     170,     125,       1,       1,       3,       1,     10.0000,      1.4128,     42.7902,    251.8940,     63.3916,      3.4953,      0.0000,     -0.0320,      1.2190,      0.1358,      5.6576,     11.3153,      1.1998,     29.6071,     59.2141,      0.0195,      0.0009,      0.0156,      0.2087,   7942.1606,-422442.0625,   -910.7935,    558.2733,  26475.0625,
       1,     170,     125,       2,       1,       3,       1,     10.0000,      1.4128,     42.7902,    251.8940,     63.3916,      3.4953,      0.0000,     -0.0319,      0.6903,      0.1320,      5.6576,     11.3153,      1.1662,     29.6071,     59.2141,      0.0195,      0.0005,      0.0156,      0.2087,   7942.5190,-421925.2812,   -910.5821,    558.3094,  26475.0645,
       1,     170,     125,       3,       1,       3,       1,     10.0000,      1.4128,     42.7902,    251.8940,     63.3916,      3.4953,      0.0000,     -0.0318,      0.3459,      0.1287,      5.6576,     11.3153,      1.1369,     29.6071,     59.2141,      0.0195,      0.0003,      0.0156,      0.2087,   7942.5195,-421237.0625,   -910.5159,    558.3575,  26475.0645,
       1,     170,     125,       4,       1,       3,       1,     10.0000,      1.4128,     42.7902,    251.8940,     63.3916,      3.4953,      0.0000,     -0.0316,      0.3072,      0.1253,      5.6576,     11.3153,      1.1072,     29.6071,     59.2141,      0.0195,      0.0002,      0.0156,      0.2087,   7942.5195,-420758.9688,   -910.4374,    558.3908,  26475.0645,
       1,     170,     125,       5,       1,       3,       1,     10.0000,      1.4128,     42.7902,    251.8940,     63.3916,      3.4953,      0.0000,     -0.0316,      0.2969,      0.1242,      5.6576,     11.3153,      1.0971,     29.6071,     59.2141,      0.0195,      0.0002,      0.0156,      0.2087,   7942.5195,-420671.3750,   -910.0776,    558.3970,  26475.0625,
       1,     170,     125,       6,       1,       3,       1,     10.0000,      1.4128,     42.7902,    251.8940,     63.3916,      3.4953,      0.0000,     -0.0315,      0.3567,      0.1218,      5.6576,     11.3153,      1.0760,     29.6071,     59.2141,      0.0195,      0.0003,      0.0156,      0.2087,   7942.5190,-420651.5938,   -910.0735,    558.3983,  26475.0645,
       1,     170,     125,       7,       1,       3,       1,     10.0000,      1.4128,     42.7902,    251.8940,     63.3916,      3.4953,      0.0000,     -0.0314,      0.2851,      0.1207,      5.6576,     11.3153,      1.0662,     29.6071,     59.2141,      0.0195,      0.0002,      0.0156,      0.2087,   7942.5195,-420722.3750,   -910.0934,    558.3934,  26475.0625,
       1,     170,     125,       8,       1,       3,       1,     10.0000,      1.4128,     42.7902,    251.8940,     63.3916,      3.4953,      0.0130,     -0.0185,      0.2861,      0.1210,      5.6576,     11.3153,      1.0694,     29.6071,     59.2141,      0.0195,      0.0002,      0.0156,      0.2087,   7942.5190,-420641.5312,   -910.0812,    558.3990,  26475.0645,
       1,     170,     125,       9,       1,       3,       1,     10.0000,      1.4128,     42.7902,    251.8940,     63.3916,      3.4953,      0.1167,      0.0850,      2.8564,      0.1280,      5.6576,     11.3153,      1.1312,     29.6071,     59.2141,      0.0195,      0.0002,      0.1461,      0.2087,   7942.5195,-420635.5000,   -910.1276,    558.3994,  26475.0645,
       1,     170,     125,      10,       1,       3,       1,     10.0000,      1.4128,     42.7902,    251.8940,     63.3916,      3.4953,      0.1330,      0.1006,      3.7562,      0.1433,      5.6576,     11.3153,      1.2660,     29.6071,     59.2141,      0.0195,      0.0003,      0.1689,      0.2087,   7942.5195,-423765.5625,   -911.2602,    558.1810,  26475.0625,
       1,     170,     125,      11,       1,       3,       1,     10.0000,      1.4128,     42.7902,    251.8940,     63.3916,      3.4953,      0.1899,      0.1568,      6.5329,      0.1649,      5.6576,     11.3153,      1.4575,     29.6071,     59.2141,      0.0195,      0.0003,      0.2500,      0.2087,   7942.5190,-425127.9375,   -912.1041,    558.0859,  26475.0645,
       1,     170,     125,      12,       1,       3,       1,     10.0000,      1.4128,     42.7902,    251.8940,     63.3916,      3.4953,      0.1899,      0.1567,      6.7153,      0.1689,      5.6576,     11.3153,      1.4929,     29.6071,     59.2141,      0.0195,      0.0003,      0.2500,      0.2087,   7942.5195,-428625.5000,   -913.9841,    557.8420,  26475.0664,
       1,     170,     125,      13,       1,       3,       1,     10.0000,      1.4128,     42.7902,    251.8940,     63.3916,      3.4953,      0.1899,      0.1560,      8.1552,      0.1906,      5.6576,     11.3153,      1.6841,     29.6071,     59.2141,      0.0195,      0.0004,      0.2500,      0.2087,   7942.5200,-429144.7812,   -915.1068,    557.8058,  26475.0625,
       1,     170,     125,      14,       1,       3,       1,     10.0000,      1.4128,     42.7902,    251.8940,     63.3916,      3.4953,      0.1902,      0.1562,     12.7466,      0.1930,      5.6576,     11.3153,      1.7059,     29.6071,     59.2141,      0.0195,      0.0006,      0.2500,      0.2087,   7942.5190,-430943.2812,   -916.6853,    557.6804,  26475.0645,
       1,     170,     125,      15,       1,       3,       1,     10.0000,      1.4128,     42.7902,    251.8940,     63.3916,      3.4953,      0.1911,      0.1567,     28.0279,      0.2042,      5.6576,     11.3153,      1.8049,     29.6071,     59.2141,      0.0195,      0.0014,      0.2496,      0.2087,   7942.5195,-436688.5000,   -916.4047,    557.2800,  26475.0645,
       1,     170,     125,      16,       1,       3,       1,     10.0000,      1.4128,     42.7902,    251.8940,     63.3916,      3.4953,      0.1783,      0.1441,     44.2857,      0.1985,      5.6576,     11.3153,      1.7539,     29.6071,     59.2141,      0.0195,      0.0023,      0.2293,      0.2087,   7942.5195,-455792.6875,   -921.1427,    555.9493,  26475.0645,
       1,     170,     125,      17,       1,       3,       1,     10.0000,      1.4128,     42.7902,    251.8940,     63.3916,      3.4953,      0.1651,      0.1314,     40.4585,      0.1852,      5.6576,     11.3153,      1.6363,     29.6071,     59.2141,      0.0195,      0.0023,      0.2107,      0.2087,   7942.5195,-477229.6250,   -926.1789,    554.4611,  26475.0625,
       1,     170,     125,      18,       1,       3,       1,     10.0000,      1.4128,     42.7902,    251.8940,     63.3916,      3.4953,      0.1432,      0.1096,     54.3154,      0.1833,      5.6576,     11.3153,      1.6201,     29.6071,     59.2141,      0.0195,      0.0037,      0.1777,      0.2086,   7942.5190,-474386.7812,   -926.5844,    554.6602,  26475.0645,
       1,     170,     125,      19,       1,       3,       1,     10.0000,      1.4128,     42.7902,    251.8940,     63.3916,      3.4953,      0.1017,      0.0683,     42.8745,      0.1737,      5.6576,     11.3153,      1.5352,     29.6071,     59.2141,      0.0195,      0.0043,      0.1195,      0.2086,   7942.5195,-491033.0625,   -930.6058,    553.5060,  26475.0645,
       1,     170,     125,      20,       1,       3,       1,     10.0000,      1.4128,     42.7902,    251.8940,     63.3916,      3.4953,      0.0112,     -0.0217,      6.1707,      0.1594,      5.6576,     11.3153,      1.4086,     29.6071,     59.2141,      0.0195,      0.0048,      0.0156,      0.2086,   7942.5195,-478498.5000,   -929.1042,    554.3745,  26475.0645,
       1,     170,     125,      21,       1,       3,       1,     10.0000,      1.4128,     42.7902,    251.8940,     63.3916,      3.4953,      0.0000,     -0.0325,      4.9172,      0.1487,      5.6576,     11.3153,      1.3142,     29.6071,     59.2141,      0.0195,      0.0038,      0.0156,      0.2086,   7942.5195,-432696.7812,   -921.0871,    557.5491,  26475.0645,
       1,     170,     125,      22,       1,       3,       1,     10.0000,      1.4128,     42.7902,    251.8940,     63.3916,      3.4953,      0.0000,     -0.0325,      4.1667,      0.1474,      5.6576,     11.3153,      1.3023,     29.6071,     59.2141,      0.0195,      0.0032,      0.0156,      0.2087,   7942.5195,-427311.4062,   -920.3578,    557.9335,  26475.0645,
       1,     170,     125,      23,       1,       3,       1,     10.0000,      1.4128,     42.7902,    251.8940,     63.3916,      3.4953,      0.0000,     -0.0325,      3.9543,      0.1484,      5.6576,     11.3153,      1.3115,     29.6071,     59.2141,      0.0195,      0.0031,      0.0156,      0.2087,   7942.5195,-425929.0312,   -920.3145,    558.0300,  26475.0625,
       1,     170,     125,      24,       1,       3,       1,     10.0000,      1.4128,     42.7902,    251.8940,     63.3916,      3.4953,      0.0000,     -0.0321,      3.2020,      0.1372,      5.6576,     11.3153,      1.2121,     29.6071,     59.2141,      0.0195,      0.0025,      0.0156,      0.2087,   7942.5190,-425553.0625,   -920.5106,    558.0562,  26475.0645,
       1,     170,     126,       1,       1,       3,       1,     10.0000,      1.4128,     42.7906,    251.9000,     63.3931,      3.4953,      0.0000,     -0.0321,      2.1798,      0.1365,      5.6578,     11.3156,      1.2060,     29.6116,     59.2232,      0.0195,      0.0017,      0.0156,      0.2087,   7942.5195,-424760.9375,   -920.8181,    558.1248,  26476.2578,
       1,     170,     126,       2,       1,       3,       1,     10.0000,      1.4128,     42.7906,    251.9000,     63.3931,      3.4953,      0.0000,     -0.0322,      1.6729,      0.1400,      5.6578,     11.3156,      1.2369,     29.6116,     59.2232,      0.0195,      0.0013,      0.0156,      0.2087,   7942.8774,-423294.9375,   -920.3900,    558.2270,  26476.2578,
       1,     170,     126,       3,       1,       3,       1,     10.0000,      1.4128,     42.7906,    251.9000,     63.3931,      3.4953,      0.0000,     -0.0320,      1.2598,      0.1351,      5.6578,     11.3156,      1.1938,     29.6116,     59.2232,      0.0195,      0.0010,      0.0156,      0.2087,   7942.8774,-422553.2812,   -910.5859,    558.2788,  26476.2559,
       1,     170,     126,       4,       1,       3,       1,     10.0000,      1.4128,     42.7906,    251.9000,     63.3931,      3.4953,      0.0000,     -0.0320,      1.5015,      0.1339,      5.6578,     11.3156,      1.1829,     29.6116,     59.2232,      0.0195,      0.0012,      0.0156,      0.2087,   7942.8770,-421987.3438,   -910.4016,    558.3183,  26476.2559,
       1,     170,     126,       5,       1,       3,       1,     10.0000,      1.4128,     42.7906,    251.9000,     63.3931,      3.4953,      0.0000,     -0.0319,      1.6812,      0.1318,      5.6578,     11.3156,      1.1651,     29.6116,     59.2232,      0.0195,      0.0013,      0.0156,      0.2087,   7942.8770,-422233.6250,   -910.4514,    558.3011,  26476.2598,
       1,     170,     126,       6,       1,       3,       1,     10.0000,      1.4128,     42.7906,    251.9000,     63.3931,      3.4953,      0.0000,     -0.0317,      1.6731,      0.1271,      5.6578,     11.3156,      1.1231,     29.6116,     59.2232,      0.0195,      0.0013,      0.0156,      0.2087,   7942.8784,-422472.9375,   -910.5836,    558.2844,  26476.2578,
       1,     170,     126,       7,       1,       3,       1,     10.0000,      1.4128,     42.7906,    251.9000,     63.3931,      3.4953,      0.0000,     -0.0315,      1.6824,      0.1224,      5.6578,     11.3156,      1.0815,     29.6116,     59.2232,      0.0195,      0.0013,      0.0156,      0.2087,   7942.8774,-422483.5625,   -910.6174,    558.2837,  26476.2578,
       1,     170,     126,       8,       1,       3,       1,     10.0000,      1.4128,     42.7906,    251.9000,     63.3931,      3.4953,      0.0163,     -0.0152,      0.3094,      0.1226,      5.6578,     11.3156,      1.0838,     29.6116,     59.2232,      0.0195,      0.0009,      0.0041,      0.2087,   7942.8774,-422495.6875,   -910.8224,    558.2828,  26476.2578,
       1,     170,     126,       9,       1,       3,       1,     10.0000,      1.4128,     42.7906,    251.9000,     63.3931,      3.4953,      0.1043,      0.0726,      3.3018,      0.1261,      5.6578,     11.3156,      1.1140,     29.6116,     59.2232,      0.0195,      0.0003,      0.1284,      0.2087,   7942.8774,-420824.8750,   -910.6767,    558.3995,  26476.2578,
       1,     170,     126,      10,       1,       3,       1,     10.0000,      1.4128,     42.7906,    251.9000,     63.3931,      3.4953,      0.1610,      0.1288,      4.5265,      0.1401,      5.6578,     11.3156,      1.2382,     29.6116,     59.2232,      0.0195,      0.0003,      0.2088,      0.2087,   7942.8774,-424326.8438,   -911.6487,    558.1550,  26476.2598,
       1,     170,     126,      11,       1,       3,       1,     10.0000,      1.4128,     42.7906,    251.9000,     63.3931,      3.4953,      0.1899,      0.1565,      7.0062,      0.1753,      5.6578,     11.3156,      1.5491,     29.6116,     59.2232,      0.0195,      0.0003,      0.2500,      0.2087,   7942.8784,-426115.8438,   -912.7487,    558.0302,  26476.2578,
       1,     170,     126,      12,       1,       3,       1,     10.0000,      1.4128,     42.7906,    251.9000,     63.3931,      3.4953,      0.1899,      0.1561,      8.1049,      0.1865,      5.6578,     11.3156,      1.6477,     29.6116,     59.2232,      0.0195,      0.0004,      0.2500,      0.2087,   7942.8774,-429288.0312,   -914.6593,    557.8090,  26476.2578,
       1,     170,     126,      13,       1,       3,       1,     10.0000,      1.4128,     42.7906,    251.9000,     63.3931,      3.4953,      0.1901,      0.1560,     11.4096,      0.1958,      5.6578,     11.3156,      1.7298,     29.6116,     59.2232,      0.0195,      0.0006,      0.2500,      0.2087,   7942.8774,-430895.8750,   -916.4308,    557.6970,  26476.2598,
       1,     170,     126,      14,       1,       3,       1,     10.0000,      1.4128,     42.7906,    251.9000,     63.3931,      3.4953,      0.1903,      0.1558,     15.6387,      0.2127,      5.6578,     11.3156,      1.8793,     29.6116,     59.2232,      0.0195,      0.0008,      0.2500,      0.2087,   7942.8784,-435057.1250,   -918.4262,    557.4068,  26476.2578,
       1,     170,     126,      15,       1,       3,       1,     10.0000,      1.4128,     42.7906,    251.9000,     63.3931,      3.4953,      0.1918,      0.1571,     34.2892,      0.2156,      5.6578,     11.3156,      1.9054,     29.6116,     59.2232,      0.0195,      0.0017,      0.2500,      0.2087,   7942.8774,-440562.2188,   -920.6649,    557.0233,  26476.2578,
       1,     170,     126,      16,       1,       3,       1,     10.0000,      1.4128,     42.7906,    251.9000,     63.3931,      3.4953,      0.1961,      0.1615,     89.1001,      0.2141,      5.6578,     11.3156,      1.8923,     29.6116,     59.2232,      0.0195,      0.0043,      0.2500,      0.2087,   7942.8774,-463748.5312,   -926.1268,    555.4091,  26476.2578,
       1,     170,     126,      17,       1,       3,       1,     10.0000,      1.4128,     42.7906,    251.9000,     63.3931,      3.4953,      0.1910,      0.1567,    102.6315,      0.2043,      5.6578,     11.3156,      1.8049,     29.6116,     59.2232,      0.0195,      0.0052,      0.2411,      0.2087,   7942.8774,-532512.2500,   -940.3099,    550.6373,  26476.2578,
       1,     170,     126,      18,       1,       3,       1,     10.0000,      1.4128,     42.7906,    251.9000,     63.3931,      3.4953,      0.1694,      0.1351,     83.7546,      0.2024,      5.6578,     11.3156,      1.7889,     29.6116,     59.2232,      0.0195,      0.0048,      0.2120,      0.2086,   7942.8774,-554903.8125,   -945.8660,    549.1167,  26476.2578,
       1,     170,     126,      19,       1,       3,       1,     10.0000,      1.4128,     42.7906,    251.9000,     63.3931,      3.4953,      0.1190,      0.0852,     65.1822,      0.1865,      5.6578,     11.3156,      1.6477,     29.6116,     59.2232,      0.0195,      0.0056,      0.1416,      0.2086,   7942.8774,-533744.3750,   -942.9771,    550.5711,  26476.2578,
       1,     170,     126,      20,       1,       3,       1,     10.0000,      1.4128,     42.7906,    251.9000,     63.3931,      3.4953,      0.0264,     -0.0068,      6.8107,      0.1678,      5.6578,     11.3156,      1.4825,     29.6116,     59.2232,      0.0195,      0.0053,      0.0157,      0.2086,   7942.8774,-509301.9062,   -939.1752,    552.2552,  26476.2578,
       1,     170,     126,      21,       1,       3,       1,     10.0000,      1.4128,     42.7906,    251.9000,     63.3931,      3.4953,      0.0000,     -0.0328,      6.1489,      0.1570,      5.6578,     11.3156,      1.3876,     29.6116,     59.2232,      0.0195,      0.0048,      0.0156,      0.2086,   7942.8774,-436061.3125,   -925.7368,    557.3137,  26476.2559,
       1,     170,     126,      22,       1,       3,       1,     10.0000,      1.4128,     42.7906,    251.9000,     63.3931,      3.4953,      0.0000,     -0.0327,      5.5422,      0.1548,      5.6578,     11.3156,      1.3682,     29.6116,     59.2232,      0.0195,      0.0043,      0.0156,      0.2087,   7942.8770,-429117.1250,   -924.6182,    557.8207,  26476.2578,
       1,     170,     126,      23,       1,       3,       1,     10.0000,      1.4128,     42.7906,    251.9000,     63.3931,      3.4953,      0.0000,     -0.0327,      5.2834,      0.1528,      5.6578,     11.3156,      1.3504,     29.6116,     59.2232,      0.0195,      0.0041,      0.0156,      0.2087,   7942.8774,-427760.3125,   -924.5311,    557.9155,  26476.2598,
       1,     170,     126,      24,       1,       3,       1,     10.0000,      1.4128,     42.7906,    251.9000,     63.3931,      3.4953,      0.0000,     -0.0326,      4.5812,      0.1514,      5.6578,     11.3156,      1.3383,     29.6116,     59.2232,      0.0195,      0.0036,      0.0156,      0.2087,   7942.8784,-427329.4688,   -924.5749,    557.9456,  26476.2578,
       1,     170,     127,       1,       1,       3,       1,     10.0000,      1.4129,     42.7909,    251.9060,     63.3946,      3.4953,      0.0000,     -0.0326,      3.5778,      0.1516,      5.6574,     11.3148,      1.3396,     29.6188,     59.2376,      0.0195,      0.0028,      0.0156,      0.2087,   7942.8774,-426593.8438,   -924.8210,    558.0102,  26477.4512,
       1,     170,     127,       2,       1,       3,       1,     10.0000,      1.4129,     42.7909,    251.9060,     63.3946,      3.4953,      0.0000,     -0.0326,      2.7437,      0.1521,      5.6574,     11.3148,      1.3437,     29.6188,     59.2376,      0.0195,      0.0021,      0.0156,      0.2087,   7943.2358,-425155.7188,   -924.3624,    558.1105,  26477.4512,
       1,     170,     127,       3,       1,       3,       1,     10.0000,      1.4129,     42.7909,    251.9060,     63.3946,      3.4953,      0.0000,     -0.0326,      2.2859,      0.1505,      5.6574,     11.3148,      1.3302,     29.6188,     59.2376,      0.0195,      0.0018,      0.0156,      0.2087,   7943.2358,-424017.9688,   -924.2126,    558.1899,  26477.4512,
       1,     170,     127,       4,       1,       3,       1,     10.0000,      1.4129,     42.7909,    251.9060,     63.3946,      3.4953,      0.0000,     -0.0323,      1.7102,      0.1423,      5.6574,     11.3148,      1.2571,     29.6188,     59.2376,      0.0195,      0.0013,      0.0156,      0.2087,   7943.2358,-423363.7188,   -924.1425,    558.2355,  26477.4512,
       1,     170,     127,       5,       1,       3,       1,     10.0000,      1.4129,     42.7909,    251.9060,     63.3946,      3.4953,      0.0000,     -0.0321,      1.3407,      0.1380,      5.6574,     11.3148,      1.2195,     29.6188,     59.2376,      0.0195,      0.0010,      0.0156,      0.2087,   7943.2358,-422607.3125,   -923.3065,    558.2884,  26477.4512,
       1,     170,     127,       6,       1,       3,       1,     10.0000,      1.4129,     42.7909,    251.9060,     63.3946,      3.4953,      0.0000,     -0.0320,      1.2849,      0.1340,      5.6574,     11.3148,      1.1842,     29.6188,     59.2376,      0.0195,      0.0010,      0.0156,      0.2087,   7943.2358,-422092.9375,   -910.4495,    558.3243,  26477.4531,
       1,     170,     127,       7,       1,       3,       1,     10.0000,      1.4129,     42.7909,    251.9060,     63.3946,      3.4953,      0.0000,     -0.0319,      1.3705,      0.1331,      5.6574,     11.3148,      1.1758,     29.6188,     59.2376,      0.0195,      0.0011,      0.0156,      0.2087,   7943.2363,-421981.0625,   -910.5558,    558.3320,  26477.4492,
       1,     170,     127,       8,       1,       3,       1,     10.0000,      1.4129,     42.7909,    251.9060,     63.3946,      3.4953,      0.0180,     -0.0140,      0.5273,      0.1332,      5.6574,     11.3148,      1.1770,     29.6188,     59.2376,      0.0195,      0.0011,      0.0059,      0.2087,   7943.2349,-422076.4062,   -910.4623,    558.3254,  26477.4512,
       1,     170,     127,       9,       1,       3,       1,     10.0000,      1.4129,     42.7909,    251.9060,     63.3946,      3.4953,      0.1180,      0.0856,     14.1523,      0.1455,      5.6574,     11.3148,      1.2854,     29.6188,     59.2376,      0.0195,      0.0012,      0.1463,      0.2087,   7943.2358,-421057.5312,   -910.4589,    558.3965,  26477.4512,
       1,     170,     127,      10,       1,       3,       1,     10.0000,      1.4129,     42.7909,    251.9060,     63.3946,      3.4953,      0.1527,      0.1196,     10.6968,      0.1666,      5.6574,     11.3148,      1.4722,     29.6188,     59.2376,      0.0195,      0.0007,      0.1962,      0.2087,   7943.2358,-437561.0312,   -914.2211,    557.2445,  26477.4512,
       1,     170,     127,      11,       1,       3,       1,     10.0000,      1.4129,     42.7909,    251.9060,     63.3946,      3.4953,      0.1102,      0.0777,      5.1771,      0.1499,      5.6574,     11.3148,      1.3249,     29.6188,     59.2376,      0.0195,      0.0005,      0.1363,      0.2087,   7943.2358,-434758.1875,   -913.6227,    557.4410,  26477.4512,
       1,     170,     127,      12,       1,       3,       1,     10.0000,      1.4129,     42.7909,    251.9060,     63.3946,      3.4953,      0.1634,      0.1312,      5.8897,      0.1401,      5.6574,     11.3148,      1.2382,     29.6188,     59.2376,      0.0195,      0.0003,      0.2121,      0.2087,   7943.2358,-427796.4375,   -911.7150,    557.9261,  26477.4512,
       1,     170,     127,      13,       1,       3,       1,     10.0000,      1.4129,     42.7909,    251.9060,     63.3946,      3.4953,      0.1892,      0.1563,      6.3003,      0.1585,      5.6574,     11.3148,      1.4002,     29.6188,     59.2376,      0.0195,      0.0003,      0.2489,      0.2087,   7943.2358,-428073.5000,   -912.4548,    557.9070,  26477.4492,
       1,     170,     127,      14,       1,       3,       1,     10.0000,      1.4129,     42.7909,    251.9060,     63.3946,      3.4953,      0.1899,      0.1560,      8.1687,      0.1898,      5.6574,     11.3148,      1.6775,     29.6188,     59.2376,      0.0195,      0.0004,      0.2500,      0.2087,   7943.2349,-428597.2500,   -913.6766,    557.8705,  26477.4512,
       1,     170,     127,      15,       1,       3,       1,     10.0000,      1.4129,     42.7909,    251.9060,     63.3946,      3.4953,      0.1854,      0.1515,     30.4843,      0.1885,      5.6574,     11.3148,      1.6659,     29.6188,     59.2376,      0.0195,      0.0015,      0.2409,      0.2087,   7943.2358,-430916.5312,   -915.8975,    557.7087,  26477.4512,
       1,     170,     127,      16,       1,       3,       1,     10.0000,      1.4129,     42.7909,    251.9060,     63.3946,      3.4953,      0.1784,      0.1449,     28.4283,      0.1774,      5.6574,     11.3148,      1.5678,     29.6188,     59.2376,      0.0195,      0.0015,      0.2311,      0.2087,   7943.2358,-458289.8750,   -922.1199,    555.8005,  26477.4512,
       1,     170,     127,      17,       1,       3,       1,     10.0000,      1.4129,     42.7909,    251.9060,     63.3946,      3.4953,      0.1816,      0.1483,     18.8389,      0.1713,      5.6574,     11.3148,      1.5140,     29.6188,     59.2376,      0.0195,      0.0010,      0.2368,      0.2087,   7943.2358,-458118.0312,   -922.9661,    555.8157,  26477.4512,
       1,     170,     127,      18,       1,       3,       1,     10.0000,      1.4129,     42.7909,    251.9060,     63.3946,      3.4953,      0.1056,      0.0727,     17.8601,      0.1601,      5.6574,     11.3148,      1.4144,     29.6188,     59.2376,      0.0195,      0.0017,      0.1281,      0.2087,   7943.2358,-446416.8125,   -921.5275,    556.6287,  26477.4512,
       1,     170,     127,      19,       1,       3,       1,     10.0000,      1.4129,     42.7909,    251.9060,     63.3946,      3.4953,      0.0853,      0.0524,     25.6488,      0.1594,      5.6574,     11.3148,      1.4087,     29.6188,     59.2376,      0.0195,      0.0032,      0.0982,      0.2087,   7943.2358,-444233.6562,   -921.5300,    556.7812,  26477.4512,
       1,     170,     127,      20,       1,       3,       1,     10.0000,      1.4129,     42.7909,    251.9060,     63.3946,      3.4953,      0.0189,     -0.0139,      1.4698,      0.1572,      5.6574,     11.3148,      1.3890,     29.6188,     59.2376,      0.0195,      0.0029,      0.0061,      0.2087,   7943.2358,-453534.7188,   -923.7824,    556.1339,  26477.4492,
       1,     170,     127,      21,       1,       3,       1,     10.0000,      1.4129,     42.7909,    251.9060,     63.3946,      3.4953,      0.0000,     -0.0327,      4.1062,      0.1553,      5.6574,     11.3148,      1.3724,     29.6188,     59.2376,      0.0195,      0.0032,      0.0156,      0.2087,   7943.2349,-424870.1875,   -918.7854,    558.1268,  26477.4531,
       1,     170,     127,      22,       1,       3,       1,     10.0000,      1.4129,     42.7909,    251.9060,     63.3946,      3.4953,      0.0000,     -0.0327,      3.1208,      0.1547,      5.6574,     11.3148,      1.3669,     29.6188,     59.2376,      0.0195,      0.0024,      0.0156,      0.2087,   7943.2363,-425657.0000,   -919.1995,    558.0756,  26477.4492,
       1,     170,     127,      23,       1,       3,       1,     10.0000,      1.4129,     42.7909,    251.9060,     63.3946,      3.4953,      0.0000,     -0.0328,      2.8506,      0.1553,      5.6574,     11.3148,      1.3724,     29.6188,     59.2376,      0.0195,      0.0022,      0.0156,      0.2087,   7943.2349,-424520.0625,   -919.1709,    558.1549,  26477.4492,
       1,     170,     127,      24,       1,       3,       1,     10.0000,      1.4129,     42.7909,    251.9060,     63.3946,      3.4953,      0.0000,     -0.0327,      2.5455,      0.1544,      5.6574,     11.3148,      1.3641,     29.6188,     59.2376,      0.0195,      0.0020,      0.0156,      0.2087,   7943.2349,-424094.4688,   -919.2658,    558.1846,  26477.4492,
       1,     170,     128,       1,       1,       3,       1,     10.0000,      1.4129,     42.7913,    251.9120,     63.3961,      3.4953,      0.0000,     -0.0325,      2.1260,      0.1484,      5.6579,     11.3158,      1.3116,     29.6204,     59.2408,      0.0195,      0.0016,      0.0156,      0.2088,   7943.2349,-423843.3125,   -919.6332,    558.2153,  26478.6465,
       1,     170,     128,       2,       1,       3,       1,     10.0000,      1.4129,     42.7913,    251.9120,     63.3961,      3.4953,      0.0000,     -0.0324,      2.0241,      0.1466,      5.6579,     11.3158,      1.2958,     29.6204,     59.2408,      0.0195,      0.0016,      0.0156,      0.2088,   7943.5942,-423157.0625,   -919.3456,    558.2631,  26478.6484,
       1,     170,     128,       3,       1,       3,       1,     10.0000,      1.4129,     42.7913,    251.9120,     63.3961,      3.4953,      0.0000,     -0.0323,      1.8684,      0.1434,      5.6579,     11.3158,      1.2674,     29.6204,     59.2408,      0.0195,      0.0014,      0.0156,      0.2088,   7943.5947,-422974.6250,   -919.3937,    558.2759,  26478.6465,
       1,     170,     128,       4,       1,       3,       1,     10.0000,      1.4129,     42.7913,    251.9120,     63.3961,      3.4953,      0.0000,     -0.0320,      1.7854,      0.1348,      5.6579,     11.3158,      1.1914,     29.6204,     59.2408,      0.0195,      0.0014,      0.0156,      0.2088,   7943.5942,-422769.6875,   -910.5724,    558.2901,  26478.6484,
       1,     170,     128,       5,       1,       3,       1,     10.0000,      1.4129,     42.7913,    251.9120,     63.3961,      3.4953,      0.0000,     -0.0317,      1.8812,      0.1280,      5.6579,     11.3158,      1.1312,     29.6204,     59.2408,      0.0195,      0.0015,      0.0156,      0.2088,   7943.5947,-422651.1562,   -910.6376,    558.2985,  26478.6484,
       1,     170,     128,       6,       1,       3,       1,     10.0000,      1.4129,     42.7913,    251.9120,     63.3961,      3.4953,      0.0000,     -0.0317,      1.1831,      0.1257,      5.6579,     11.3158,      1.1107,     29.6204,     59.2408,      0.0195,      0.0009,      0.0156,      0.2088,   7943.5947,-422757.5625,   -910.6614,    558.2910,  26478.6484,
       1,     170,     128,       7,       1,       3,       1,     10.0000,      1.4129,     42.7913,    251.9120,     63.3961,      3.4953,      0.0000,     -0.0314,      0.8944,      0.1207,      5.6579,     11.3158,      1.0662,     29.6204,     59.2408,      0.0195,      0.0007,      0.0156,      0.2088,   7943.5947,-421916.8125,   -910.4343,    558.3497,  26478.6484,
       1,     170,     128,       8,       1,       3,       1,     10.0000,      1.4129,     42.7913,    251.9120,     63.3961,      3.4953,      0.0291,     -0.0025,      0.8349,      0.1233,      5.6579,     11.3158,      1.0893,     29.6204,     59.2408,      0.0195,      0.0005,      0.0221,      0.2088,   7943.5947,-421493.8438,   -910.3107,    558.3793,  26478.6484,
       1,     170,     128,       9,       1,       3,       1,     10.0000,      1.4129,     42.7913,    251.9120,     63.3961,      3.4953,      0.0834,      0.0515,      2.8578,      0.1327,      5.6579,     11.3158,      1.1722,     29.6204,     59.2408,      0.0195,      0.0004,      0.0986,      0.2088,   7943.5947,-421385.2812,   -910.3151,    558.3868,  26478.6465,
       1,     170,     128,      10,       1,       3,       1,     10.0000,      1.4129,     42.7913,    251.9120,     63.3961,      3.4953,      0.1404,      0.1083,      4.8724,      0.1355,      5.6579,     11.3158,      1.1975,     29.6204,     59.2408,      0.0195,      0.0003,      0.1794,      0.2088,   7943.5942,-423839.1562,   -911.0062,    558.2155,  26478.6484,
       1,     170,     128,      11,       1,       3,       1,     10.0000,      1.4129,     42.7913,    251.9120,     63.3961,      3.4953,      0.1859,      0.1532,      7.4547,      0.1555,      5.6579,     11.3158,      1.3738,     29.6204,     59.2408,      0.0195,      0.0004,      0.2440,      0.2088,   7943.5947,-426500.5625,   -911.9302,    558.0298,  26478.6484,
       1,     170,     128,      12,       1,       3,       1,     10.0000,      1.4129,     42.7913,    251.9120,     63.3961,      3.4953,      0.1870,      0.1537,      7.0780,      0.1705,      5.6579,     11.3158,      1.5065,     29.6204,     59.2408,      0.0195,      0.0003,      0.2457,      0.2088,   7943.5947,-429870.8125,   -913.5433,    557.7947,  26478.6484,
       1,     170,     128,      13,       1,       3,       1,     10.0000,      1.4129,     42.7913,    251.9120,     63.3961,      3.4953,      0.1899,      0.1559,      8.1656,      0.1929,      5.6579,     11.3158,      1.7044,     29.6204,     59.2408,      0.0195,      0.0004,      0.2500,      0.2088,   7943.5947,-429698.6250,   -914.5837,    557.8068,  26478.6484,
       1,     170,     128,      14,       1,       3,       1,     10.0000,      1.4129,     42.7913,    251.9120,     63.3961,      3.4953,      0.1899,      0.1561,      8.7502,      0.1896,      5.6579,     11.3158,      1.6759,     29.6204,     59.2408,      0.0195,      0.0004,      0.2500,      0.2088,   7943.5947,-431008.1562,   -913.6586,    557.7155,  26478.6484,
       1,     170,     128,      15,       1,       3,       1,     10.0000,      1.4129,     42.7913,    251.9120,     63.3961,      3.4953,      0.1903,      0.1562,     14.1291,      0.1967,      5.6579,     11.3158,      1.7384,     29.6204,     59.2408,      0.0195,      0.0007,      0.2500,      0.2088,   7943.5947,-431831.2188,   -915.1808,    557.6581,  26478.6504,
       1,     170,     128,      16,       1,       3,       1,     10.0000,      1.4129,     42.7913,    251.9120,     63.3961,      3.4953,      0.1921,      0.1583,     36.1360,      0.1870,      5.6579,     11.3158,      1.6527,     29.6204,     59.2408,      0.0195,      0.0017,      0.2500,      0.2088,   7943.5952,-438450.8125,   -917.4542,    557.1967,  26478.6484,
       1,     170,     128,      17,       1,       3,       1,     10.0000,      1.4129,     42.7913,    251.9120,     63.3961,      3.4953,      0.1909,      0.1570,     49.4093,      0.1878,      5.6579,     11.3158,      1.6593,     29.6204,     59.2408,      0.0195,      0.0024,      0.2467,      0.2088,   7943.5947,-465813.5938,   -923.7613,    555.2911,  26478.6484,
       1,     170,     128,      18,       1,       3,       1,     10.0000,      1.4129,     42.7913,    251.9120,     63.3961,      3.4953,      0.1707,      0.1370,     61.1848,      0.1823,      5.6579,     11.3158,      1.6106,     29.6204,     59.2408,      0.0195,      0.0034,      0.2163,      0.2087,   7943.5947,-484315.0625,   -928.4087,    554.0101,  26478.6504,
       1,     170,     128,      19,       1,       3,       1,     10.0000,      1.4129,     42.7913,    251.9120,     63.3961,      3.4953,      0.0982,      0.0651,     33.0204,      0.1649,      5.6579,     11.3158,      1.4576,     29.6204,     59.2408,      0.0195,      0.0035,      0.1157,      0.2087,   7943.5952,-500233.1875,   -925.8721,    552.9092,  26478.5254,
       1,     170,     128,      20,       1,       3,       1,     10.0000,      1.4129,     42.7913,    251.9120,     63.3961,      3.4953,      0.0379,      0.0054,     10.2383,      0.1490,      5.6579,     11.3158,      1.3169,     29.6204,     59.2408,      0.0195,      0.0038,      0.0326,      0.2087,   7943.5581,-467266.5938,   -920.9284,    555.1888,  26478.6484,
       1,     170,     128,      21,       1,       3,       1,     10.0000,      1.4129,     42.7913,    251.9120,     63.3961,      3.4953,      0.0000,     -0.0324,      5.4347,      0.1444,      5.6579,     11.3158,      1.2764,     29.6204,     59.2408,      0.0195,      0.0042,      0.0156,      0.2087,   7943.5947,-436717.6562,   -916.0694,    557.3135,  26478.6484,
       1,     170,     128,      22,       1,       3,       1,     10.0000,      1.4129,     42.7913,    251.9120,     63.3961,      3.4953,      0.0000,     -0.0324,      4.2848,      0.1456,      5.6579,     11.3158,      1.2867,     29.6204,     59.2408,      0.0195,      0.0033,      0.0156,      0.2088,   7943.5947,-428283.4375,   -914.9818,    557.9052,  26478.6484,
       1,     170,     128,      23,       1,       3,       1,     10.0000,      1.4129,     42.7913,    251.9120,     63.3961,      3.4953,      0.0000,     -0.0325,      3.8557,      0.1489,      5.6579,     11.3158,      1.3156,     29.6204,     59.2408,      0.0195,      0.0030,      0.0156,      0.2088,   7943.5947,-426163.0312,   -914.9952,    558.0533,  26478.6484,
       1,     170,     128,      24,       1,       3,       1,     10.0000,      1.4129,     42.7913,    251.9120,     63.3961,      3.4953,      0.0000,     -0.0324,      2.7841,      0.1466,      5.6579,     11.3158,      1.2958,     29.6204,     59.2408,      0.0195,      0.0022,      0.0156,      0.2088,   7943.5947,-425460.1250,   -915.2121,    558.1024,  26478.6504,
       1,     170,     129,       1,       1,       3,       1,     10.0000,      1.4129,     42.7916,    251.9180,     63.3976,      3.4953,      0.0000,     -0.0325,      1.4239,      0.1480,      5.6580,     11.3160,      1.3077,     29.6265,     59.2530,      0.0195,      0.0011,      0.0156,      0.2088,   7943.5952,-424252.0312,   -915.4674,    558.2001,  26479.8438,
       1,     170,     129,       2,       1,       3,       1,     10.0000,      1.4129,     42.7916,    251.9180,     63.3976,      3.4953,      0.0000,     -0.0325,      1.5465,      0.1466,      5.6580,     11.3160,      1.2959,     29.6265,     59.2530,      0.0195,      0.0012,      0.0156,      0.2088,   7943.9536,-422339.7812,   -914.9459,    558.3335,  26479.8457,
       1,     170,     129,       3,       1,       3,       1,     10.0000,      1.4129,     42.7916,    251.9180,     63.3976,      3.4953,      0.0000,     -0.0324,      1.7149,      0.1453,      5.6580,     11.3160,      1.2841,     29.6265,     59.2530,      0.0195,      0.0013,      0.0156,      0.2088,   7943.9541,-422326.3750,   -912.4159,    558.3344,  26479.8438,
       1,     170,     129,       4,       1,       3,       1,     10.0000,      1.4129,     42.7916,    251.9180,     63.3976,      3.4953,      0.0000,     -0.0321,      1.4794,      0.1382,      5.6580,     11.3160,      1.2208,     29.6265,     59.2530,      0.0195,      0.0011,      0.0156,      0.2088,   7943.9536,-422530.4688,   -912.6063,    558.3202,  26479.8438,
       1,     170,     129,       5,       1,       3,       1,     10.0000,      1.4129,     42.7916,    251.9180,     63.3976,      3.4953,      0.0000,     -0.0322,      1.4537,      0.1398,      5.6580,     11.3160,      1.2357,     29.6265,     59.2530,      0.0195,      0.0011,      0.0156,      0.2088,   7943.9536,-422261.0312,   -912.6815,    558.3389,  26479.8457,
       1,     170,     129,       6,       1,       3,       1,     10.0000,      1.4129,     42.7916,    251.9180,     63.3976,      3.4953,      0.0000,     -0.0322,      1.4525,      0.1390,      5.6580,     11.3160,      1.2283,     29.6265,     59.2530,      0.0195,      0.0011,      0.0156,      0.2088,   7943.9541,-422206.8750,   -912.8014,    558.3428,  26479.8457,
       1,     170,     129,       7,       1,       3,       1,     10.0000,      1.4129,     42.7916,    251.9180,     63.3976,      3.4953,      0.0000,     -0.0320,      1.4715,      0.1348,      5.6580,     11.3160,      1.1915,     29.6265,     59.2530,      0.0195,      0.0011,      0.0156,      0.2088,   7943.9541,-422200.7188,   -912.9333,    558.3431,  26479.8477,
       1,     170,     129,       8,       1,       3,       1,     10.0000,      1.4129,     42.7916,    251.9180,     63.3976,      3.4953,      0.0113,     -0.0206,      1.4576,      0.1305,      5.6580,     11.3160,      1.1533,     29.6265,     59.2530,      0.0195,      0.0011,      0.0156,      0.2088,   7943.9546,-422223.1562,   -913.0504,    558.3416,  26479.8438,
       1,     170,     129,       9,       1,       3,       1,     10.0000,      1.4129,     42.7916,    251.9180,     63.3976,      3.4953,      0.1413,      0.1085,     17.7702,      0.1567,      5.6580,     11.3160,      1.3849,     29.6265,     59.2530,      0.0195,      0.0012,      0.1791,      0.2088,   7943.9536,-422208.5000,   -913.1998,    558.3426,  26479.8457,
       1,     170,     129,      10,       1,       3,       1,     10.0000,      1.4129,     42.7916,    251.9180,     63.3976,      3.4953,      0.1818,      0.1482,     24.3520,      0.1806,      5.6580,     11.3160,      1.5962,     29.6265,     59.2530,      0.0195,      0.0012,      0.2364,      0.2088,   7943.9541,-442065.5938,   -917.5041,    556.9567,  26479.8457,
       1,     170,     129,      11,       1,       3,       1,     10.0000,      1.4129,     42.7916,    251.9180,     63.3976,      3.4953,      0.1914,      0.1572,     27.2577,      0.1983,      5.6580,     11.3160,      1.7523,     29.6265,     59.2530,      0.0195,      0.0013,      0.2500,      0.2088,   7943.9541,-451771.6875,   -920.3801,    556.2828,  26479.8457,
       1,     170,     129,      12,       1,       3,       1,     10.0000,      1.4129,     42.7916,    251.9180,     63.3976,      3.4953,      0.1909,      0.1566,     21.9830,      0.2045,      5.6580,     11.3160,      1.8068,     29.6265,     59.2530,      0.0195,      0.0011,      0.2500,      0.2088,   7943.9541,-456133.0938,   -922.6246,    555.9799,  26479.8457,
       1,     170,     129,      13,       1,       3,       1,     10.0000,      1.4129,     42.7916,    251.9180,     63.3976,      3.4953,      0.1906,      0.1558,     20.3099,      0.2221,      5.6580,     11.3160,      1.9626,     29.6265,     59.2530,      0.0195,      0.0010,      0.2500,      0.2088,   7943.9541,-450078.3125,   -922.8453,    556.4007,  26479.8457,
       1,     170,     129,      14,       1,       3,       1,     10.0000,      1.4129,     42.7916,    251.9180,     63.3976,      3.4953,      0.1933,      0.1589,     53.3030,      0.2069,      5.6580,     11.3160,      1.8283,     29.6265,     59.2530,      0.0195,      0.0026,      0.2500,      0.2088,   7943.9541,-447527.6250,   -923.7896,    556.5782,  26479.8457,
       1,     170,     129,      15,       1,       3,       1,     10.0000,      1.4129,     42.7916,    251.9180,     63.3976,      3.4953,      0.1952,      0.1608,     76.1680,      0.2043,      5.6580,     11.3160,      1.8050,     29.6265,     59.2530,      0.0195,      0.0037,      0.2500,      0.2088,   7943.9541,-487490.6250,   -932.4850,    553.7980,  26479.8477,
       1,     170,     129,      16,       1,       3,       1,     10.0000,      1.4129,     42.7916,    251.9180,     63.3976,      3.4953,      0.1969,      0.1622,     99.2414,      0.2152,      5.6580,     11.3160,      1.9018,     29.6265,     59.2530,      0.0195,      0.0048,      0.2500,      0.2087,   7943.9546,-518760.8125,   -939.6700,    551.6403,  26479.8438,
       1,     170,     129,      17,       1,       3,       1,     10.0000,      1.4129,     42.7916,    251.9180,     63.3976,      3.4953,      0.1978,      0.1632,    111.1652,      0.2146,      5.6580,     11.3160,      1.8962,     29.6265,     59.2530,      0.0195,      0.0054,      0.2500,      0.2087,   7943.9536,-549542.6250,   -946.7996,    549.5219,  26479.8457,
       1,     170,     129,      18,       1,       3,       1,     10.0000,      1.4129,     42.7916,    251.9180,     63.3976,      3.4953,      0.1808,      0.1464,    120.4362,      0.2041,      5.6580,     11.3160,      1.8032,     29.6265,     59.2530,      0.0195,      0.0065,      0.2243,      0.2087,   7943.9541,-566698.6875,   -951.3240,    548.3475,  26479.8457,
       1,     170,     129,      19,       1,       3,       1,     10.0000,      1.4129,     42.7916,    251.9180,     63.3976,      3.4953,      0.1110,      0.0772,     61.1752,      0.1861,      5.6580,     11.3160,      1.6446,     29.6265,     59.2530,      0.0195,      0.0057,      0.1305,      0.2086,   7943.9541,-579460.5625,   -954.8952,    547.4740,  26479.8477,
       1,     170,     129,      20,       1,       3,       1,     10.0000,      1.4129,     42.7916,    251.9180,     63.3976,      3.4953,      0.0420,      0.0087,     15.1342,      0.1708,      5.6580,     11.3160,      1.5096,     29.6265,     59.2530,      0.0195,      0.0049,      0.0370,      0.2086,   7943.9546,-508220.2500,   -942.0076,    552.3500,  26479.8418,
       1,     170,     129,      21,       1,       3,       1,     10.0000,      1.4129,     42.7916,    251.9180,     63.3976,      3.4953,      0.0000,     -0.0330,      7.2070,      0.1628,      5.6580,     11.3160,      1.4388,     29.6265,     59.2530,      0.0195,      0.0056,      0.0156,      0.2087,   7943.9526,-446144.5312,   -930.4432,    556.6577,  26479.8438,
       1,     170,     129,      22,       1,       3,       1,     10.0000,      1.4129,     42.7916,    251.9180,     63.3976,      3.4953,      0.0000,     -0.0329,      6.9606,      0.1588,      5.6580,     11.3160,      1.4031,     29.6265,     59.2530,      0.0195,      0.0054,      0.0156,      0.2088,   7943.9536,-431257.7500,   -927.7578,    557.7104,  26479.8438,
       1,     170,     129,      23,       1,       3,       1,     10.0000,      1.4129,     42.7916,    251.9180,     63.3976,      3.4953,      0.0000,     -0.0328,      6.9151,      0.1553,      5.6580,     11.3160,      1.3725,     29.6265,     59.2530,      0.0195,      0.0054,      0.0156,      0.2088,   7943.9536,-429676.5938,   -927.5859,    557.8217,  26479.8438,
       1,     170,     129,      24,       1,       3,       1,     10.0000,      1.4129,     42.7916,    251.9180,     63.3976,      3.4953,      0.0000,     -0.0327,      5.8705,      0.1528,      5.6580,     11.3160,      1.3505,     29.6265,     59.2530,      0.0195,      0.0046,      0.0156,      0.2088,   7943.9536,-429485.8125,   -927.6615,    557.8350,  26479.8438,
       1,     170,     130,       1,       1,       3,       1,     10.0000,      1.4129,     42.7919,    251.9240,     63.3991,      3.4953,      0.0000,     -0.0325,      4.4798,      0.1475,      5.6579,     11.3157,      1.3038,     29.6359,     59.2717,      0.0195,      0.0035,      0.0156,      0.2088,   7943.9536,-428353.7812,   -927.8140,    557.9271,  26481.0410,
       1,     170,     130,       2,       1,       3,       1,     10.0000,      1.4129,     42.7919,    251.9240,     63.3991,      3.4953,      0.0000,     -0.0325,      3.6049,      0.1467,      5.6579,     11.3157,      1.2959,     29.6359,     59.2717,      0.0195,      0.0028,      0.0156,      0.2088,   7944.3125,-426410.7500,   -927.2193,    558.0626,  26481.0410,
       1,     170,     130,       3,       1,       3,       1,     10.0000,      1.4129,     42.7919,    251.9240,     63.3991,      3.4953,      0.0000,     -0.0323,      3.0995,      0.1417,      5.6579,     11.3157,      1.2521,     29.6359,     59.2717,      0.0195,      0.0024,      0.0156,      0.2088,   7944.3125,-425180.8438,   -927.0233,    558.1484,  26481.0410,
       1,     170,     130,       4,       1,       3,       1,     10.0000,      1.4129,     42.7919,    251.9240,     63.3991,      3.4953,      0.0000,     -0.0322,      2.6075,      0.1387,      5.6579,     11.3157,      1.2258,     29.6359,     59.2717,      0.0195,      0.0020,      0.0156,      0.2088,   7944.3125,-424461.0938,   -926.9171,    558.1986,  26481.0391,
       1,     170,     130,       5,       1,       3,       1,     10.0000,      1.4129,     42.7919,    251.9240,     63.3991,      3.4953,      0.0000,     -0.0322,      2.8425,      0.1387,      5.6579,     11.3157,      1.2258,     29.6359,     59.2717,      0.0195,      0.0022,      0.0156,      0.2088,   7944.3120,-423801.2188,   -926.8201,    558.2446,  26481.0410,
       1,     170,     130,       6,       1,       3,       1,     10.0000,      1.4129,     42.7919,    251.9240,     63.3991,      3.4953,      0.0000,     -0.0322,      2.5710,      0.1397,      5.6579,     11.3157,      1.2345,     29.6359,     59.2717,      0.0195,      0.0020,      0.0156,      0.2088,   7944.3125,-424031.0625,   -926.8914,    558.2286,  26481.0391,
       1,     170,     130,       7,       1,       3,       1,     10.0000,      1.4129,     42.7919,    251.9240,     63.3991,      3.4953,      0.0000,     -0.0319,      1.9030,      0.1315,      5.6579,     11.3157,      1.1616,     29.6359,     59.2717,      0.0195,      0.0015,      0.0156,      0.2088,   7944.3120,-423720.3750,   -926.0858,    558.2503,  26481.0410,
       1,     170,     130,       8,       1,       3,       1,     10.0000,      1.4129,     42.7919,    251.9240,     63.3991,      3.4953,      0.0200,     -0.0117,      0.5706,      0.1271,      5.6579,     11.3157,      1.1232,     29.6359,     59.2717,      0.0195,      0.0008,      0.0091,      0.2088,   7944.3125,-422880.5312,   -925.9717,    558.3088,  26481.0430,
       1,     170,     130,       9,       1,       3,       1,     10.0000,      1.4129,     42.7919,    251.9240,     63.3991,      3.4953,      0.1201,      0.0879,     18.2961,      0.1410,      5.6579,     11.3157,      1.2458,     29.6359,     59.2717,      0.0195,      0.0015,      0.1490,      0.2088,   7944.3130,-421187.3438,   -925.6750,    558.4271,  26481.0391,
       1,     170,     130,      10,       1,       3,       1,     10.0000,      1.4129,     42.7919,    251.9240,     63.3991,      3.4953,      0.1720,      0.1397,     26.0449,      0.1418,      5.6579,     11.3157,      1.2534,     29.6359,     59.2717,      0.0195,      0.0014,      0.2219,      0.2088,   7944.3120,-442619.2500,   -923.1343,    556.9310,  26481.0430,
       1,     170,     130,      11,       1,       3,       1,     10.0000,      1.4129,     42.7919,    251.9240,     63.3991,      3.4953,      0.1918,      0.1588,     29.3528,      0.1627,      5.6579,     11.3157,      1.4374,     29.6359,     59.2717,      0.0195,      0.0014,      0.2500,      0.2088,   7944.3130,-453879.6875,   -925.9466,    556.1491,  26481.0410,
       1,     170,     130,      12,       1,       3,       1,     10.0000,      1.4129,     42.7919,    251.9240,     63.3991,      3.4953,      0.1911,      0.1575,     22.3807,      0.1794,      5.6579,     11.3157,      1.5852,     29.6359,     59.2717,      0.0195,      0.0011,      0.2500,      0.2088,   7944.3125,-458862.4688,   -928.1069,    555.8033,  26481.0410,
       1,     170,     130,      13,       1,       3,       1,     10.0000,      1.4129,     42.7919,    251.9240,     63.3991,      3.4953,      0.1907,      0.1566,     19.3188,      0.1975,      5.6579,     11.3157,      1.7454,     29.6359,     59.2717,      0.0195,      0.0009,      0.2500,      0.2088,   7944.3125,-450793.3750,   -927.6396,    556.3640,  26481.0410,
       1,     170,     130,      14,       1,       3,       1,     10.0000,      1.4129,     42.7919,    251.9240,     63.3991,      3.4953,      0.1924,      0.1578,     42.5248,      0.2146,      5.6579,     11.3157,      1.8962,     29.6359,     59.2717,      0.0195,      0.0021,      0.2500,      0.2088,   7944.3125,-446381.5000,   -927.8771,    556.6711,  26481.0430,
       1,     170,     130,      15,       1,       3,       1,     10.0000,      1.4129,     42.7919,    251.9240,     63.3991,      3.4953,      0.1916,      0.1570,     31.3706,      0.2127,      5.6579,     11.3157,      1.8795,     29.6359,     59.2717,      0.0195,      0.0015,      0.2500,      0.2088,   7944.3130,-474263.6875,   -934.3267,    554.7310,  26481.0430,
       1,     170,     130,      16,       1,       3,       1,     10.0000,      1.4129,     42.7919,    251.9240,     63.3991,      3.4953,      0.1914,      0.1577,     65.0618,      0.1852,      5.6579,     11.3157,      1.6365,     29.6359,     59.2717,      0.0195,      0.0032,      0.2457,      0.2088,   7944.3130,-463050.0625,   -933.0327,    555.5120,  26481.0391,
       1,     170,     130,      17,       1,       3,       1,     10.0000,      1.4129,     42.7919,    251.9240,     63.3991,      3.4953,      0.1905,      0.1570,     86.4308,      0.1773,      5.6579,     11.3157,      1.5664,     29.6359,     59.2717,      0.0195,      0.0043,      0.2418,      0.2088,   7944.3120,-503131.8750,   -941.4166,    552.7293,  26481.0410,
       1,     170,     130,      18,       1,       3,       1,     10.0000,      1.4129,     42.7919,    251.9240,     63.3991,      3.4953,      0.0358,      0.0039,      9.6189,      0.1327,      5.6579,     11.3157,      1.1723,     29.6359,     59.2717,      0.0195,      0.0038,      0.0303,      0.2087,   7944.3125,-532589.7500,   -932.0786,    550.7010,  26480.8672,
       1,     170,     130,      19,       1,       3,       1,     10.0000,      1.4129,     42.7919,    251.9240,     63.3991,      3.4953,      0.0513,      0.0196,     18.5215,      0.1262,      5.6579,     11.3157,      1.1153,     29.6359,     59.2717,      0.0195,      0.0044,      0.0515,      0.2087,   7944.2603,-441450.8125,   -914.6898,    556.9784,  26481.0430,
       1,     170,     130,      20,       1,       3,       1,     10.0000,      1.4129,     42.7919,    251.9240,     63.3991,      3.4953,      0.0147,     -0.0174,      0.4673,      0.1347,      5.6579,     11.3157,      1.1903,     29.6359,     59.2717,      0.0195,      0.0050,      0.0011,      0.2088,   7944.3130,-444661.4375,   -916.1556,    556.7908,  26481.0410,
       1,     170,     130,      21,       1,       3,       1,     10.0000,      1.4129,     42.7919,    251.9240,     63.3991,      3.4953,      0.0000,     -0.0320,      4.7137,      0.1354,      5.6579,     11.3157,      1.1963,     29.6359,     59.2717,      0.0195,      0.0037,      0.0156,      0.2088,   7944.3125,-422907.3125,   -913.0597,    558.3050,  26481.0449,
       1,     170,     130,      22,       1,       3,       1,     10.0000,      1.4129,     42.7919,    251.9240,     63.3991,      3.4953,      0.0000,     -0.0321,      4.0777,      0.1369,      5.6579,     11.3157,      1.2098,     29.6359,     59.2717,      0.0195,      0.0032,      0.0156,      0.2088,   7944.3140,-426234.6562,   -914.1868,    558.0748,  26481.0449,
       1,     170,     130,      23,       1,       3,       1,     10.0000,      1.4129,     42.7919,    251.9240,     63.3991,      3.4953,      0.0000,     -0.0321,      1.3363,      0.1377,      5.6579,     11.3157,      1.2171,     29.6359,     59.2717,      0.0195,      0.0010,      0.0156,      0.2088,   7944.3140,-425740.9062,   -914.5164,    558.1093,  26481.0430,
       1,     170,     130,      24,       1,       3,       1,     10.0000,      1.4129,     42.7919,    251.9240,     63.3991,      3.4953,      0.0000,     -0.0321,      0.6901,      0.1383,      5.6579,     11.3157,      1.2221,     29.6359,     59.2717,      0.0195,      0.0005,      0.0156,      0.2088,   7944.3130,-422362.2188,   -913.9913,    558.3450,  26481.0430,
       1,     170,     131,       1,       1,       3,       1,     10.0000,      1.4129,     42.7923,    251.9300,     63.4006,      3.4953,      0.0000,     -0.0320,      0.7018,      0.1340,      5.6586,     11.3171,      1.1843,     29.6388,     59.2776,      0.0195,      0.0005,      0.0156,      0.2088,   7944.3130,-421445.4688,   -914.1302,    558.4223,  26482.2383,
       1,     170,     131,       2,       1,       3,       1,     10.0000,      1.4129,     42.7923,    251.9300,     63.4006,      3.4953,      0.0000,     -0.0319,      0.7561,      0.1312,      5.6586,     11.3171,      1.1593,     29.6388,     59.2776,      0.0195,      0.0006,      0.0156,      0.2088,   7944.6719,-421227.8750,   -913.8686,    558.4375,  26482.2402,
       1,     170,     131,       3,       1,       3,       1,     10.0000,      1.4129,     42.7923,    251.9300,     63.4006,      3.4953,      0.0000,     -0.0319,      0.6287,      0.1315,      5.6586,     11.3171,      1.1616,     29.6388,     59.2776,      0.0195,      0.0005,      0.0156,      0.2088,   7944.6724,-421275.1875,   -913.9232,    558.4342,  26482.2383,
       1,     170,     131,       4,       1,       3,       1,     10.0000,      1.4129,     42.7923,    251.9300,     63.4006,      3.4953,      0.0000,     -0.0318,      0.5410,      0.1299,      5.6586,     11.3171,      1.1476,     29.6388,     59.2776,      0.0195,      0.0004,      0.0156,      0.2088,   7944.6719,-421124.3438,   -913.9299,    558.4448,  26482.2383,
       1,     170,     131,       5,       1,       3,       1,     10.0000,      1.4129,     42.7923,    251.9300,     63.4006,      3.4953,      0.0000,     -0.0318,      0.4111,      0.1292,      5.6586,     11.3171,      1.1417,     29.6388,     59.2776,      0.0195,      0.0003,      0.0156,      0.2088,   7944.6719,-421004.7500,   -913.9286,    558.4531,  26482.2383,
       1,     170,     131,       6,       1,       3,       1,     10.0000,      1.4129,     42.7923,    251.9300,     63.4006,      3.4953,      0.0000,     -0.0318,      0.3124,      0.1289,      5.6586,     11.3171,      1.1394,     29.6388,     59.2776,      0.0195,      0.0002,      0.0156,      0.2088,   7944.6719,-420836.6562,   -913.9103,    558.4648,  26482.2402,
       1,     170,     131,       7,       1,       3,       1,     10.0000,      1.4129,     42.7923,    251.9300,     63.4006,      3.4953,      0.0000,     -0.0318,      0.3552,      0.1293,      5.6586,     11.3171,      1.1429,     29.6388,     59.2776,      0.0195,      0.0003,      0.0156,      0.2088,   7944.6724,-420701.9375,   -913.8872,    558.4742,  26482.2402,
       1,     170,     131,       8,       1,       3,       1,     10.0000,      1.4129,     42.7923,    251.9300,     63.4006,      3.4953,      0.0095,     -0.0223,      0.3562,      0.1280,      5.6586,     11.3171,      1.1313,     29.6388,     59.2776,      0.0195,      0.0003,      0.0156,      0.2088,   7944.6724,-420742.6250,   -913.8982,    558.4714,  26482.2383,
       1,     170,     131,       9,       1,       3,       1,     10.0000,      1.4129,     42.7923,    251.9300,     63.4006,      3.4953,      0.1198,      0.0877,      3.1282,      0.1352,      5.6586,     11.3171,      1.1952,     29.6388,     59.2776,      0.0195,      0.0003,      0.1503,      0.2088,   7944.6719,-420747.3750,   -913.9360,    558.4710,  26482.2383,
       1,     170,     131,      10,       1,       3,       1,     10.0000,      1.4129,     42.7923,    251.9300,     63.4006,      3.4953,      0.1618,      0.1289,      6.9163,      0.1588,      5.6586,     11.3171,      1.4032,     29.6388,     59.2776,      0.0195,      0.0004,      0.2096,      0.2088,   7944.6719,-424121.5625,   -914.8459,    558.2355,  26482.2383,
       1,     170,     131,      11,       1,       3,       1,     10.0000,      1.4129,     42.7923,    251.9300,     63.4006,      3.4953,      0.1814,      0.1477,      8.0574,      0.1841,      5.6586,     11.3171,      1.6268,     29.6388,     59.2776,      0.0195,      0.0004,      0.2377,      0.2088,   7944.6719,-429018.8438,   -916.3455,    557.8939,  26482.2383,
       1,     170,     131,      12,       1,       3,       1,     10.0000,      1.4129,     42.7923,    251.9300,     63.4006,      3.4953,      0.1898,      0.1552,      8.7385,      0.2125,      5.6586,     11.3171,      1.8777,     29.6388,     59.2776,      0.0195,      0.0004,      0.2500,      0.2088,   7944.6719,-430823.9375,   -917.7582,    557.7681,  26482.2383,
       1,     170,     131,      13,       1,       3,       1,     10.0000,      1.4129,     42.7923,    251.9300,     63.4006,      3.4953,      0.1793,      0.1451,      7.6170,      0.1991,      5.6586,     11.3171,      1.7593,     29.6388,     59.2776,      0.0195,      0.0004,      0.2349,      0.2088,   7944.6719,-431806.2812,   -919.4362,    557.6996,  26482.2383,
       1,     170,     131,      14,       1,       3,       1,     10.0000,      1.4129,     42.7923,    251.9300,     63.4006,      3.4953,      0.1871,      0.1529,      9.3574,      0.1979,      5.6586,     11.3171,      1.7489,     29.6388,     59.2776,      0.0195,      0.0005,      0.2458,      0.2088,   7944.6719,-430524.5000,   -919.8730,    557.7889,  26482.2383,
       1,     170,     131,      15,       1,       3,       1,     10.0000,      1.4129,     42.7923,    251.9300,     63.4006,      3.4953,      0.1820,      0.1480,     27.0824,      0.1916,      5.6586,     11.3171,      1.6927,     29.6388,     59.2776,      0.0195,      0.0014,      0.2364,      0.2088,   7944.6719,-432534.1250,   -920.8268,    557.6488,  26482.2383,
       1,     170,     131,      16,       1,       3,       1,     10.0000,      1.4129,     42.7923,    251.9300,     63.4006,      3.4953,      0.1605,      0.1269,     49.3533,      0.1812,      5.6586,     11.3171,      1.6011,     29.6388,     59.2776,      0.0195,      0.0029,      0.2030,      0.2088,   7944.6719,-454280.7812,   -925.4736,    556.1330,  26482.2383,
       1,     170,     131,      17,       1,       3,       1,     10.0000,      1.4129,     42.7923,    251.9300,     63.4006,      3.4953,      0.1170,      0.0840,     49.2142,      0.1625,      5.6586,     11.3171,      1.4359,     29.6388,     59.2776,      0.0195,      0.0042,      0.1408,      0.2088,   7944.6719,-483249.9688,   -931.5370,    554.1212,  26482.2383,
       1,     170,     131,      18,       1,       3,       1,     10.0000,      1.4129,     42.7923,    251.9300,     63.4006,      3.4953,      0.0858,      0.0530,     34.6132,      0.1566,      5.6586,     11.3171,      1.3836,     29.6388,     59.2776,      0.0195,      0.0043,      0.0979,      0.2088,   7944.6719,-485543.8750,   -932.6221,    553.9659,  26482.2383,
       1,     170,     131,      19,       1,       3,       1,     10.0000,      1.4129,     42.7923,    251.9300,     63.4006,      3.4953,      0.0392,      0.0065,     10.0881,      0.1535,      5.6586,     11.3171,      1.3561,     29.6388,     59.2776,      0.0195,      0.0036,      0.0342,      0.2088,   7944.6719,-467946.5000,   -929.8630,    555.1845,  26482.2383,
       1,     170,     131,      20,       1,       3,       1,     10.0000,      1.4129,     42.7923,    251.9300,     63.4006,      3.4953,      0.0089,     -0.0237,      4.2428,      0.1513,      5.6586,     11.3171,      1.3371,     29.6388,     59.2776,      0.0195,      0.0033,      0.0156,      0.2088,   7944.6719,-436591.2500,   -924.2904,    557.3619,  26482.2402,
       1,     170,     131,      21,       1,       3,       1,     10.0000,      1.4129,     42.7923,    251.9300,     63.4006,      3.4953,      0.0000,     -0.0326,      3.4872,      0.1504,      5.6586,     11.3171,      1.3290,     29.6388,     59.2776,      0.0195,      0.0027,      0.0156,      0.2088,   7944.6724,-426827.8438,   -922.6540,    558.0464,  26482.2383,
       1,     170,     131,      22,       1,       3,       1,     10.0000,      1.4129,     42.7923,    251.9300,     63.4006,      3.4953,      0.0000,     -0.0325,      2.2158,      0.1478,      5.6586,     11.3171,      1.3064,     29.6388,     59.2776,      0.0195,      0.0017,      0.0156,      0.2088,   7944.6719,-425075.5312,   -922.4630,    558.1691,  26482.2402,
       1,     170,     131,      23,       1,       3,       1,     10.0000,      1.4129,     42.7923,    251.9300,     63.4006,      3.4953,      0.0000,     -0.0323,      2.2443,      0.1430,      5.6586,     11.3171,      1.2636,     29.6388,     59.2776,      0.0195,      0.0017,      0.0156,      0.2088,   7944.6724,-423378.5000,   -922.2184,    558.2874,  26482.2383,
       1,     170,     131,      24,       1,       3,       1,     10.0000,      1.4129,     42.7923,    251.9300,     63.4006,      3.4953,      0.0000,     -0.0322,      2.0834,      0.1407,      5.6586,     11.3171,      1.2433,     29.6388,     59.2776,      0.0195,      0.0016,      0.0156,      0.2088,   7944.6719,-423269.3438,   -922.2723,    558.2950,  26482.2363,
       1,     170,     132,       1,       1,       3,       1,     10.0000,      1.4130,     42.7926,    251.9360,     63.4021,      3.4953,      0.0000,     -0.0321,      1.8133,      0.1373,      5.6587,     11.3174,      1.2135,     29.6385,     59.2770,      0.0195,      0.0014,      0.0156,      0.2089,   7944.6714,-423221.5938,   -922.6076,    558.3116,  26483.4355,
       1,     170,     132,       2,       1,       3,       1,     10.0000,      1.4130,     42.7926,    251.9360,     63.4021,      3.4953,      0.0000,     -0.0320,      1.5512,      0.1344,      5.6587,     11.3174,      1.1879,     29.6385,     59.2770,      0.0195,      0.0012,      0.0156,      0.2089,   7945.0308,-422734.3438,   -922.2917,    558.3456,  26483.4336,
       1,     170,     132,       3,       1,       3,       1,     10.0000,      1.4130,     42.7926,    251.9360,     63.4021,      3.4953,      0.0000,     -0.0320,      1.1049,      0.1353,      5.6587,     11.3174,      1.1952,     29.6385,     59.2770,      0.0195,      0.0009,      0.0156,      0.2089,   7945.0303,-422374.4688,   -922.2548,    558.3708,  26483.4355,
       1,     170,     132,       4,       1,       3,       1,     10.0000,      1.4130,     42.7926,    251.9360,     63.4021,      3.4953,      0.0000,     -0.0320,      0.7425,      0.1347,      5.6587,     11.3174,      1.1903,     29.6385,     59.2770,      0.0195,      0.0006,      0.0156,      0.2089,   7945.0308,-421800.3438,   -922.1594,    558.4109,  26483.4355,
       1,     170,     132,       5,       1,       3,       1,     10.0000,      1.4130,     42.7926,    251.9360,     63.4021,      3.4953,      0.0000,     -0.0319,      0.6015,      0.1315,      5.6587,     11.3174,      1.1617,     29.6385,     59.2770,      0.0195,      0.0005,      0.0156,      0.2089,   7945.0308,-421310.5625,   -922.0751,    558.4450,  26483.4355,
       1,     170,     132,       6,       1,       3,       1,     10.0000,      1.4130,     42.7926,    251.9360,     63.4021,      3.4953,      0.0000,     -0.0318,      0.5581,      0.1292,      5.6587,     11.3174,      1.1418,     29.6385,     59.2770,      0.0195,      0.0004,      0.0156,      0.2089,   7945.0308,-421097.3750,   -922.0427,    558.4599,  26483.4355,
       1,     170,     132,       7,       1,       3,       1,     10.0000,      1.4130,     42.7926,    251.9360,     63.4021,      3.4953,      0.0000,     -0.0318,      0.6970,      0.1301,      5.6587,     11.3174,      1.1499,     29.6385,     59.2770,      0.0195,      0.0005,      0.0156,      0.2089,   7945.0308,-421026.5000,   -922.0375,    558.4648,  26483.4355,
       1,     170,     132,       8,       1,       3,       1,     10.0000,      1.4130,     42.7926,    251.9360,     63.4021,      3.4953,      0.0208,     -0.0111,      0.4265,      0.1327,      5.6587,     11.3174,      1.1723,     29.6385,     59.2770,      0.0195,      0.0005,      0.0100,      0.2089,   7945.0308,-421189.4688,   -922.0778,    558.4535,  26483.4355,
       1,     170,     132,       9,       1,       3,       1,     10.0000,      1.4130,     42.7926,    251.9360,     63.4021,      3.4953,      0.1274,      0.0949,      5.1214,      0.1477,      5.6587,     11.3174,      1.3051,     29.6385,     59.2770,      0.0195,      0.0004,      0.1607,      0.2089,   7945.0308,-420874.1562,   -922.0539,    558.4755,  26483.4375,
       1,     170,     132,      10,       1,       3,       1,     10.0000,      1.4130,     42.7926,    251.9360,     63.4021,      3.4953,      0.1859,      0.1519,      7.9645,      0.1946,      5.6587,     11.3174,      1.7198,     29.6385,     59.2770,      0.0195,      0.0004,      0.2443,      0.2089,   7945.0317,-426560.5000,   -923.3218,    558.0786,  26483.4355,
       1,     170,     132,      11,       1,       3,       1,     10.0000,      1.4130,     42.7926,    251.9360,     63.4021,      3.4953,      0.1830,      0.1488,      7.7633,      0.1985,      5.6587,     11.3174,      1.7542,     29.6385,     59.2770,      0.0195,      0.0004,      0.2402,      0.2089,   7945.0308,-430504.1250,   -924.4190,    557.8035,  26483.4336,
       1,     170,     132,      12,       1,       3,       1,     10.0000,      1.4130,     42.7926,    251.9360,     63.4021,      3.4953,      0.1898,      0.1555,      8.3325,      0.2039,      5.6587,     11.3174,      1.8016,     29.6385,     59.2770,      0.0195,      0.0004,      0.2500,      0.2089,   7945.0303,-430594.4375,   -924.6945,    557.7973,  26483.4375,
       1,     170,     132,      13,       1,       3,       1,     10.0000,      1.4130,     42.7926,    251.9360,     63.4021,      3.4953,      0.1898,      0.1556,      8.2197,      0.2015,      5.6587,     11.3174,      1.7804,     29.6385,     59.2770,      0.0195,      0.0004,      0.2500,      0.2089,   7945.0317,-431294.2812,   -925.0786,    557.7485,  26483.4355,
       1,     170,     132,      14,       1,       3,       1,     10.0000,      1.4130,     42.7926,    251.9360,     63.4021,      3.4953,      0.1902,      0.1555,     13.9412,      0.2150,      5.6587,     11.3174,      1.9001,     29.6385,     59.2770,      0.0195,      0.0007,      0.2500,      0.2089,   7945.0308,-431216.7188,   -925.2698,    557.7540,  26483.4355,
       1,     170,     132,      15,       1,       3,       1,     10.0000,      1.4130,     42.7926,    251.9360,     63.4021,      3.4953,      0.1925,      0.1577,     70.5478,      0.2189,      5.6587,     11.3174,      1.9340,     29.6385,     59.2770,      0.0195,      0.0035,      0.2469,      0.2089,   7945.0308,-438173.5000,   -926.8326,    557.2689,  26483.4355,
       1,     170,     132,      16,       1,       3,       1,     10.0000,      1.4130,     42.7926,    251.9360,     63.4021,      3.4953,      0.1954,      0.1608,     88.8064,      0.2150,      5.6587,     11.3174,      1.9001,     29.6385,     59.2770,      0.0195,      0.0043,      0.2491,      0.2089,   7945.0308,-507666.9375,   -940.5497,    552.4283,  26483.4375,
       1,     170,     132,      17,       1,       3,       1,     10.0000,      1.4130,     42.7926,    251.9360,     63.4021,      3.4953,      0.1700,      0.1361,     74.7201,      0.1912,      5.6587,     11.3174,      1.6894,     29.6385,     59.2770,      0.0195,      0.0042,      0.2138,      0.2088,   7945.0317,-535866.4375,   -946.5343,    550.5020,  26483.4375,
       1,     170,     132,      18,       1,       3,       1,     10.0000,      1.4130,     42.7926,    251.9360,     63.4021,      3.4953,      0.1015,      0.0681,     39.8627,      0.1726,      5.6587,     11.3174,      1.5248,     29.6385,     59.2770,      0.0195,      0.0040,      0.1194,      0.2088,   7945.0317,-521065.0625,   -940.7533,    551.5240,  26483.4355,
       1,     170,     132,      19,       1,       3,       1,     10.0000,      1.4130,     42.7926,    251.9360,     63.4021,      3.4953,      0.0535,      0.0210,     17.2031,      0.1499,      5.6587,     11.3174,      1.3250,     29.6385,     59.2770,      0.0195,      0.0039,      0.0540,      0.2088,   7945.0308,-477329.7500,   -933.1749,    554.5399,  26483.4355,
       1,     170,     132,      20,       1,       3,       1,     10.0000,      1.4130,     42.7926,    251.9360,     63.4021,      3.4953,      0.0112,     -0.0213,      5.2321,      0.1481,      5.6587,     11.3174,      1.3091,     29.6385,     59.2770,      0.0195,      0.0041,      0.0156,      0.2088,   7945.0308,-446056.4375,   -927.6827,    556.7161,  26483.4355,
       1,     170,     132,      21,       1,       3,       1,     10.0000,      1.4130,     42.7926,    251.9360,     63.4021,      3.4953,      0.0000,     -0.0324,      5.0769,      0.1445,      5.6587,     11.3174,      1.2765,     29.6385,     59.2770,      0.0195,      0.0039,      0.0156,      0.2089,   7945.0308,-428836.0312,   -924.6808,    557.9186,  26483.4375,
       1,     170,     132,      22,       1,       3,       1,     10.0000,      1.4130,     42.7926,    251.9360,     63.4021,      3.4953,      0.0000,     -0.0325,      3.9504,      0.1474,      5.6587,     11.3174,      1.3025,     29.6385,     59.2770,      0.0195,      0.0031,      0.0156,      0.2089,   7945.0317,-427184.3125,   -924.5585,    558.0352,  26483.4355,
       1,     170,     132,      23,       1,       3,       1,     10.0000,      1.4130,     42.7926,    251.9360,     63.4021,      3.4953,      0.0000,     -0.0324,      3.0466,      0.1452,      5.6587,     11.3174,      1.2829,     29.6385,     59.2770,      0.0195,      0.0024,      0.0156,      0.2089,   7945.0308,-425671.5938,   -924.4189,    558.1407,  26483.4355,
       1,     170,     132,      24,       1,       3,       1,     10.0000,      1.4130,     42.7926,    251.9360,     63.4021,      3.4953,      0.0000,     -0.0324,      1.6281,      0.1456,      5.6587,     11.3174,      1.2868,     29.6385,     59.2770,      0.0195,      0.0013,      0.0156,      0.2089,   7945.0308,-424443.3750,   -924.2946,    558.2264,  26483.4355,
       1,     170,     133,       1,       1,       3,       1,     10.0000,      1.4130,     42.7929,    251.9420,     63.4036,      3.4953,      0.0000,     -0.0324,      1.9185,      0.1452,      5.6587,     11.3174,      1.2830,     29.6426,     59.2853,      0.0195,      0.0015,      0.0156,      0.2089,   7945.0308,-422769.5312,   -924.3082,    558.3565,  26484.6309,
       1,     170,     133,       2,       1,       3,       1,     10.0000,      1.4130,     42.7929,    251.9420,     63.4036,      3.4953,      0.0000,     -0.0323,      1.3885,      0.1419,      5.6587,     11.3174,      1.2535,     29.6426,     59.2853,      0.0195,      0.0011,      0.0156,      0.2089,   7945.3896,-422827.1562,   -924.1026,    558.3525,  26484.6309,
       1,     170,     133,       3,       1,       3,       1,     10.0000,      1.4130,     42.7929,    251.9420,     63.4036,      3.4953,      0.0000,     -0.0324,      1.3738,      0.1453,      5.6587,     11.3174,      1.2843,     29.6426,     59.2853,      0.0195,      0.0011,      0.0156,      0.2089,   7945.3896,-422187.1875,   -910.4426,    558.3972,  26484.6348,
       1,     170,     133,       4,       1,       3,       1,     10.0000,      1.4130,     42.7929,    251.9420,     63.4036,      3.4953,      0.0000,     -0.0324,      1.1201,      0.1442,      5.6587,     11.3174,      1.2739,     29.6426,     59.2853,      0.0195,      0.0009,      0.0156,      0.2089,   7945.3906,-422114.4062,   -910.4514,    558.4022,  26484.6348,
       1,     170,     133,       5,       1,       3,       1,     10.0000,      1.4130,     42.7929,    251.9420,     63.4036,      3.4953,      0.0000,     -0.0321,      1.0618,      0.1369,      5.6587,     11.3174,      1.2098,     29.6426,     59.2853,      0.0195,      0.0008,      0.0156,      0.2089,   7945.3906,-421799.5312,   -910.3790,    558.4243,  26484.6309,
       1,     170,     133,       6,       1,       3,       1,     10.0000,      1.4130,     42.7929,    251.9420,     63.4036,      3.4953,      0.0000,     -0.0319,      1.0252,      0.1324,      5.6587,     11.3174,      1.1700,     29.6426,     59.2853,      0.0195,      0.0008,      0.0156,      0.2089,   7945.3896,-421702.3125,   -910.3587,    558.4310,  26484.6328,
       1,     170,     133,       7,       1,       3,       1,     10.0000,      1.4130,     42.7929,    251.9420,     63.4036,      3.4953,      0.0000,     -0.0318,      0.5648,      0.1284,      5.6587,     11.3174,      1.1348,     29.6426,     59.2853,      0.0195,      0.0004,      0.0156,      0.2089,   7945.3901,-421649.2188,   -910.3522,    558.4348,  26484.6328,
       1,     170,     133,       8,       1,       3,       1,     10.0000,      1.4130,     42.7929,    251.9420,     63.4036,      3.4953,      0.0068,     -0.0249,      0.3964,      0.1261,      5.6587,     11.3174,      1.1142,     29.6426,     59.2853,      0.0195,      0.0003,      0.0156,      0.2089,   7945.3901,-421084.4688,   -910.1837,    558.4742,  26484.6328,
       1,     170,     133,       9,       1,       3,       1,     10.0000,      1.4130,     42.7929,    251.9420,     63.4036,      3.4953,      0.0717,      0.0404,      1.4934,      0.1177,      5.6587,     11.3174,      1.0405,     29.6426,     59.2853,      0.0195,      0.0002,      0.0827,      0.2089,   7945.3901,-420831.5000,   -910.1324,    558.4918,  26484.6328,
       1,     170,     133,      10,       1,       3,       1,     10.0000,      1.4130,     42.7929,    251.9420,     63.4036,      3.4953,      0.1118,      0.0802,      2.7603,      0.1235,      5.6587,     11.3174,      1.0917,     29.6426,     59.2853,      0.0195,      0.0002,      0.1391,      0.2089,   7945.3901,-422144.8750,   -910.5175,    558.4001,  26484.6348,
       1,     170,     133,      11,       1,       3,       1,     10.0000,      1.4130,     42.7929,    251.9420,     63.4036,      3.4953,      0.1201,      0.0885,      2.9069,      0.1263,      5.6587,     11.3174,      1.1165,     29.6426,     59.2853,      0.0195,      0.0002,      0.1509,      0.2089,   7945.3906,-423797.8125,   -911.2426,    558.2847,  26484.6328,
       1,     170,     133,      12,       1,       3,       1,     10.0000,      1.4130,     42.7929,    251.9420,     63.4036,      3.4953,      0.1640,      0.1322,      4.2282,      0.1297,      5.6587,     11.3174,      1.1464,     29.6426,     59.2853,      0.0195,      0.0002,      0.2130,      0.2089,   7945.3901,-424116.9062,   -911.6003,    558.2625,  26484.6309,
       1,     170,     133,      13,       1,       3,       1,     10.0000,      1.4130,     42.7929,    251.9420,     63.4036,      3.4953,      0.1846,      0.1520,      5.6905,      0.1503,      5.6587,     11.3174,      1.3277,     29.6426,     59.2853,      0.0195,      0.0003,      0.2423,      0.2089,   7945.3896,-425752.0625,   -912.4672,    558.1484,  26484.6328,
       1,     170,     133,      14,       1,       3,       1,     10.0000,      1.4130,     42.7929,    251.9420,     63.4036,      3.4953,      0.1900,      0.1568,      6.6324,      0.1671,      5.6587,     11.3174,      1.4769,     29.6426,     59.2853,      0.0195,      0.0003,      0.2500,      0.2089,   7945.3901,-427670.0312,   -913.9342,    558.0145,  26484.6328,
       1,     170,     133,      15,       1,       3,       1,     10.0000,      1.4130,     42.7929,    251.9420,     63.4036,      3.4953,      0.1899,      0.1563,      7.2106,      0.1798,      5.6587,     11.3174,      1.5885,     29.6426,     59.2853,      0.0195,      0.0003,      0.2500,      0.2089,   7945.3901,-428979.0312,   -915.7760,    557.9233,  26484.6328,
       1,     170,     133,      16,       1,       3,       1,     10.0000,      1.4130,     42.7929,    251.9420,     63.4036,      3.4953,      0.1899,      0.1564,      7.1042,      0.1774,      5.6587,     11.3174,      1.5680,     29.6426,     59.2853,      0.0195,      0.0003,      0.2500,      0.2089,   7945.3901,-429793.8438,   -915.0241,    557.8665,  26484.6328,
       1,     170,     133,      17,       1,       3,       1,     10.0000,      1.4130,     42.7929,    251.9420,     63.4036,      3.4953,      0.1904,      0.1568,     14.1278,      0.1826,      5.6587,     11.3174,      1.6140,     29.6426,     59.2853,      0.0195,      0.0007,      0.2500,      0.2089,   7945.3901,-429733.4375,   -916.2462,    557.8706,  26484.6328,
       1,     170,     133,      18,       1,       3,       1,     10.0000,      1.4130,     42.7929,    251.9420,     63.4036,      3.4953,      0.1935,      0.1596,     52.7999,      0.1874,      5.6587,     11.3174,      1.6562,     29.6426,     59.2853,      0.0195,      0.0026,      0.2500,      0.2089,   7945.3901,-438275.5938,   -918.9420,    557.2750,  26484.6328,
       1,     170,     133,      19,       1,       3,       1,     10.0000,      1.4130,     42.7929,    251.9420,     63.4036,      3.4953,      0.1092,      0.0760,     33.6516,      0.1695,      5.6587,     11.3174,      1.4977,     29.6426,     59.2853,      0.0195,      0.0031,      0.1313,      0.2089,   7945.3901,-486068.0938,   -929.0281,    553.9462,  26484.6328,
       1,     170,     133,      20,       1,       3,       1,     10.0000,      1.4130,     42.7929,    251.9420,     63.4036,      3.4953,      0.0097,     -0.0230,      4.4355,      0.1532,      5.6587,     11.3174,      1.3534,     29.6426,     59.2853,      0.0195,      0.0034,      0.0156,      0.2088,   7945.3901,-466826.7500,   -926.1541,    555.2884,  26484.6328,
       1,     170,     133,      21,       1,       3,       1,     10.0000,      1.4130,     42.7929,    251.9420,     63.4036,      3.4953,      0.0000,     -0.0326,      4.4050,      0.1492,      5.6587,     11.3174,      1.3184,     29.6426,     59.2853,      0.0195,      0.0034,      0.0156,      0.2089,   7945.3901,-429617.2188,   -919.5992,    557.8727,  26484.6328,
       1,     170,     133,      22,       1,       3,       1,     10.0000,      1.4130,     42.7929,    251.9420,     63.4036,      3.4953,      0.0000,     -0.0322,      4.6488,      0.1397,      5.6587,     11.3174,      1.2346,     29.6426,     59.2853,      0.0195,      0.0036,      0.0156,      0.2089,   7945.3901,-426441.1562,   -919.3123,    558.1002,  26484.6328,
       1,     170,     133,      23,       1,       3,       1,     10.0000,      1.4130,     42.7929,    251.9420,     63.4036,      3.4953,      0.0000,     -0.0319,      3.9403,      0.1325,      5.6587,     11.3174,      1.1712,     29.6426,     59.2853,      0.0195,      0.0031,      0.0156,      0.2089,   7945.3901,-426461.0000,   -919.6190,    558.0990,  26484.6348,
       1,     170,     133,      24,       1,       3,       1,     10.0000,      1.4130,     42.7929,    251.9420,     63.4036,      3.4953,      0.0000,     -0.0318,      2.9081,      0.1296,      5.6587,     11.3174,      1.1453,     29.6426,     59.2853,      0.0195,      0.0023,      0.0156,      0.2089,   7945.3906,-425600.0938,   -919.6530,    558.1590,  26484.6328,
       1,     170,     134,       1,       1,       3,       1,     10.0000,      1.4130,     42.7933,    251.9479,     63.4051,      3.4953,      0.0000,     -0.0319,      2.3056,      0.1305,      5.6588,     11.3176,      1.1535,     29.6452,     59.2904,      0.0195,      0.0018,      0.0156,      0.2089,   7945.3901,-424427.6875,   -919.8322,    558.2540,  26485.8281,
       1,     170,     134,       2,       1,       3,       1,     10.0000,      1.4130,     42.7933,    251.9479,     63.4051,      3.4953,      0.0000,     -0.0317,      2.5189,      0.1278,      5.6588,     11.3176,      1.1291,     29.6452,     59.2904,      0.0195,      0.0020,      0.0156,      0.2089,   7945.7485,-423441.3438,   -919.4572,    558.3229,  26485.8262,
       1,     170,     134,       3,       1,       3,       1,     10.0000,      1.4130,     42.7933,    251.9479,     63.4051,      3.4953,      0.0000,     -0.0318,      1.0514,      0.1282,      5.6588,     11.3176,      1.1325,     29.6452,     59.2904,      0.0195,      0.0008,      0.0156,      0.2089,   7945.7480,-423617.2188,   -919.5896,    558.3105,  26485.8281,
       1,     170,     134,       4,       1,       3,       1,     10.0000,      1.4130,     42.7933,    251.9479,     63.4051,      3.4953,      0.0000,     -0.0316,      0.5859,      0.1252,      5.6588,     11.3176,      1.1063,     29.6452,     59.2904,      0.0195,      0.0005,      0.0156,      0.2089,   7945.7485,-421846.5625,   -919.3024,    558.4341,  26485.8281,
       1,     170,     134,       5,       1,       3,       1,     10.0000,      1.4130,     42.7933,    251.9479,     63.4051,      3.4953,      0.0000,     -0.0317,      0.5700,      0.1273,      5.6588,     11.3176,      1.1245,     29.6452,     59.2904,      0.0195,      0.0004,      0.0156,      0.2089,   7945.7485,-421129.9062,   -919.1869,    558.4841,  26485.8281,
       1,     170,     134,       6,       1,       3,       1,     10.0000,      1.4130,     42.7933,    251.9479,     63.4051,      3.4953,      0.0000,     -0.0318,      0.5853,      0.1299,      5.6588,     11.3176,      1.1476,     29.6452,     59.2904,      0.0195,      0.0005,      0.0156,      0.2089,   7945.7485,-421049.6875,   -919.1894,    558.4897,  26485.8281,
       1,     170,     134,       7,       1,       3,       1,     10.0000,      1.4130,     42.7933,    251.9479,     63.4051,      3.4953,      0.0000,     -0.0317,      0.8097,      0.1271,      5.6588,     11.3176,      1.1234,     29.6452,     59.2904,      0.0195,      0.0006,      0.0156,      0.2089,   7945.7485,-421061.4688,   -919.2097,    558.4890,  26485.8262,
       1,     170,     134,       8,       1,       3,       1,     10.0000,      1.4130,     42.7933,    251.9479,     63.4051,      3.4953,      0.0128,     -0.0190,      0.9685,      0.1282,      5.6588,     11.3176,      1.1325,     29.6452,     59.2904,      0.0195,      0.0008,      0.0156,      0.2089,   7945.7480,-421335.5938,   -919.2936,    558.4698,  26485.8281,
       1,     170,     134,       9,       1,       3,       1,     10.0000,      1.4130,     42.7933,    251.9479,     63.4051,      3.4953,      0.0677,      0.0358,      4.2604,      0.1331,      5.6588,     11.3176,      1.1760,     29.6452,     59.2904,      0.0195,      0.0007,      0.0762,      0.2089,   7945.7485,-421552.0312,   -919.3895,    558.4547,  26485.8281,
       1,     170,     134,      10,       1,       3,       1,     10.0000,      1.4130,     42.7933,    251.9479,     63.4051,      3.4953,      0.1433,      0.1110,      7.6529,      0.1433,      5.6588,     11.3176,      1.2663,     29.6452,     59.2904,      0.0195,      0.0005,      0.1832,      0.2089,   7945.7485,-425575.4375,   -920.2852,    558.1738,  26485.8281,
       1,     170,     134,      11,       1,       3,       1,     10.0000,      1.4130,     42.7933,    251.9479,     63.4051,      3.4953,      0.1766,      0.1433,      8.7592,      0.1702,      5.6588,     11.3176,      1.5037,     29.6452,     59.2904,      0.0195,      0.0005,      0.2306,      0.2089,   7945.7485,-430044.9062,   -921.4166,    557.8621,  26485.8281,
       1,     170,     134,      12,       1,       3,       1,     10.0000,      1.4130,     42.7933,    251.9479,     63.4051,      3.4953,      0.1591,      0.1257,      8.2597,      0.1750,      5.6588,     11.3176,      1.5463,     29.6452,     59.2904,      0.0195,      0.0005,      0.2056,      0.2089,   7945.7485,-431770.6250,   -922.1904,    557.7418,  26485.8281,
       1,     170,     134,      13,       1,       3,       1,     10.0000,      1.4130,     42.7933,    251.9479,     63.4051,      3.4953,      0.1815,      0.1477,      9.0643,      0.1885,      5.6588,     11.3176,      1.6661,     29.6452,     59.2904,      0.0195,      0.0005,      0.2378,      0.2089,   7945.7485,-431309.3125,   -922.4559,    557.7739,  26485.8262,
       1,     170,     134,      14,       1,       3,       1,     10.0000,      1.4130,     42.7933,    251.9479,     63.4051,      3.4953,      0.1900,      0.1556,     10.2878,      0.2069,      5.6588,     11.3176,      1.8285,     29.6452,     59.2904,      0.0195,      0.0005,      0.2500,      0.2089,   7945.7480,-432249.3750,   -923.0979,    557.7084,  26485.8262,
       1,     170,     134,      15,       1,       3,       1,     10.0000,      1.4130,     42.7933,    251.9479,     63.4051,      3.4953,      0.0845,      0.0515,      8.6434,      0.1637,      5.6588,     11.3176,      1.4462,     29.6452,     59.2904,      0.0195,      0.0011,      0.0989,      0.2089,   7945.7480,-433818.0000,   -914.3571,    557.5991,  26485.8262,
       1,     170,     134,      16,       1,       3,       1,     10.0000,      1.4130,     42.7933,    251.9479,     63.4051,      3.4953,      0.0708,      0.0389,     15.1240,      0.1305,      5.6588,     11.3176,      1.1535,     29.6452,     59.2904,      0.0195,      0.0023,      0.0793,      0.2089,   7945.7480,-431950.0938,   -912.4799,    557.7293,  26485.8262,
       1,     170,     134,      17,       1,       3,       1,     10.0000,      1.4130,     42.7933,    251.9479,     63.4051,      3.4953,      0.1384,      0.1061,     34.6847,      0.1409,      5.6588,     11.3176,      1.2447,     29.6452,     59.2904,      0.0195,      0.0024,      0.1731,      0.2089,   7945.7480,-439677.2500,   -914.4725,    557.1906,  26485.8281,
       1,     170,     134,      18,       1,       3,       1,     10.0000,      1.4130,     42.7933,    251.9479,     63.4051,      3.4953,      0.1336,      0.1010,     44.6707,      0.1501,      5.6588,     11.3176,      1.3264,     29.6452,     59.2904,      0.0195,      0.0033,      0.1651,      0.2089,   7945.7485,-464137.9375,   -919.8611,    555.4872,  26485.8281,
       1,     170,     134,      19,       1,       3,       1,     10.0000,      1.4130,     42.7933,    251.9479,     63.4051,      3.4953,      0.0704,      0.0379,     25.0106,      0.1474,      5.6588,     11.3176,      1.3026,     29.6452,     59.2904,      0.0195,      0.0039,      0.0773,      0.2089,   7945.7485,-478376.0312,   -923.5304,    554.5012,  26485.8281,
       1,     170,     134,      20,       1,       3,       1,     10.0000,      1.4130,     42.7933,    251.9479,     63.4051,      3.4953,      0.0126,     -0.0198,      2.8880,      0.1433,      5.6588,     11.3176,      1.2663,     29.6452,     59.2904,      0.0195,      0.0022,      0.0156,      0.2089,   7945.7485,-455642.3750,   -920.2280,    556.0778,  26485.8281,
       1,     170,     134,      21,       1,       3,       1,     10.0000,      1.4130,     42.7933,    251.9479,     63.4051,      3.4953,      0.0000,     -0.0322,      0.6244,      0.1397,      5.6588,     11.3176,      1.2346,     29.6452,     59.2904,      0.0195,      0.0005,      0.0156,      0.2089,   7945.7485,-426794.0938,   -912.5082,    558.0852,  26485.8281,
       1,     170,     134,      22,       1,       3,       1,     10.0000,      1.4130,     42.7933,    251.9479,     63.4051,      3.4953,      0.0000,     -0.0320,      0.6237,      0.1351,      5.6588,     11.3176,      1.1940,     29.6452,     59.2904,      0.0195,      0.0005,      0.0156,      0.2089,   7945.7485,-421601.0938,   -910.2746,    558.4511,  26485.8281,
       1,     170,     134,      23,       1,       3,       1,     10.0000,      1.4130,     42.7933,    251.9479,     63.4051,      3.4953,      0.0000,     -0.0320,      0.9075,      0.1336,      5.6588,     11.3176,      1.1808,     29.6452,     59.2904,      0.0195,      0.0007,      0.0156,      0.2089,   7945.7485,-421155.2500,   -910.2406,    558.4824,  26485.8281,
       1,     170,     134,      24,       1,       3,       1,     10.0000,      1.4130,     42.7933,    251.9479,     63.4051,      3.4953,      0.0000,     -0.0319,      0.6508,      0.1320,      5.6588,     11.3176,      1.1665,     29.6452,     59.2904,      0.0195,      0.0005,      0.0156,      0.2089,   7945.7485,-421462.3438,   -910.3815,    558.4609,  26485.8262,
       1,     170,     135,       1,       1,       3,       1,     10.0000,      1.4130,     42.7936,    251.9539,     63.4067,      3.4953,      0.0000,     -0.0318,      0.7315,      0.1286,      5.6595,     11.3191,      1.1360,     29.6406,     59.2811,      0.0195,      0.0006,      0.0156,      0.2090,   7945.7480,-421333.6250,   -910.6719,    558.4833,  26487.0273,
       1,     170,     135,       2,       1,       3,       1,     10.0000,      1.4130,     42.7936,    251.9539,     63.4067,      3.4953,      0.0000,     -0.0317,      0.7077,      0.1276,      5.6595,     11.3191,      1.1280,     29.6406,     59.2811,      0.0195,      0.0005,      0.0156,      0.2090,   7946.1084,-421266.3125,   -910.4642,    558.4880,  26487.0273,
       1,     170,     135,       3,       1,       3,       1,     10.0000,      1.4130,     42.7936,    251.9539,     63.4067,      3.4953,      0.0000,     -0.0318,      0.3079,      0.1282,      5.6595,     11.3191,      1.1326,     29.6406,     59.2811,      0.0195,      0.0002,      0.0156,      0.2090,   7946.1084,-421231.7188,   -910.5178,    558.4904,  26487.0273,
       1,     170,     135,       4,       1,       3,       1,     10.0000,      1.4130,     42.7936,    251.9539,     63.4067,      3.4953,      0.0000,     -0.0317,      0.3036,      0.1275,      5.6595,     11.3191,      1.1268,     29.6406,     59.2811,      0.0195,      0.0002,      0.0156,      0.2090,   7946.1084,-420742.4062,   -910.4318,    558.5246,  26487.0273,
       1,     170,     135,       5,       1,       3,       1,     10.0000,      1.4130,     42.7936,    251.9539,     63.4067,      3.4953,      0.0000,     -0.0318,      0.3068,      0.1287,      5.6595,     11.3191,      1.1372,     29.6406,     59.2811,      0.0195,      0.0002,      0.0156,      0.2090,   7946.1084,-420695.6875,   -910.4250,    558.5278,  26487.0254,
       1,     170,     135,       6,       1,       3,       1,     10.0000,      1.4130,     42.7936,    251.9539,     63.4067,      3.4953,      0.0000,     -0.0317,      0.3435,      0.1270,      5.6595,     11.3191,      1.1222,     29.6406,     59.2811,      0.0195,      0.0003,      0.0156,      0.2090,   7946.1079,-420695.8125,   -910.4269,    558.5279,  26487.0273,
       1,     170,     135,       7,       1,       3,       1,     10.0000,      1.4130,     42.7936,    251.9539,     63.4067,      3.4953,      0.0000,     -0.0316,      0.4155,      0.1246,      5.6595,     11.3191,      1.1007,     29.6406,     59.2811,      0.0195,      0.0003,      0.0156,      0.2090,   7946.1084,-420740.0938,   -910.4402,    558.5248,  26487.0254,
       1,     170,     135,       8,       1,       3,       1,     10.0000,      1.4130,     42.7936,    251.9539,     63.4067,      3.4953,      0.0309,     -0.0008,      0.5544,      0.1264,      5.6595,     11.3191,      1.1165,     29.6406,     59.2811,      0.0195,      0.0003,      0.0246,      0.2090,   7946.1079,-420831.7188,   -910.4733,    558.5184,  26487.0254,
       1,     170,     135,       9,       1,       3,       1,     10.0000,      1.4130,     42.7936,    251.9539,     63.4067,      3.4953,      0.1349,      0.1027,      3.8531,      0.1380,      5.6595,     11.3191,      1.2198,     29.6406,     59.2811,      0.0195,      0.0003,      0.1716,      0.2090,   7946.1079,-421008.3750,   -910.6359,    558.5060,  26487.0273,
       1,     170,     135,      10,       1,       3,       1,     10.0000,      1.4130,     42.7936,    251.9539,     63.4067,      3.4953,      0.1850,      0.1518,      6.3691,      0.1655,      5.6595,     11.3191,      1.4622,     29.6406,     59.2811,      0.0195,      0.0003,      0.2428,      0.2090,   7946.1084,-425036.1250,   -911.8598,    558.2249,  26487.0273,
       1,     170,     135,      11,       1,       3,       1,     10.0000,      1.4130,     42.7936,    251.9539,     63.4067,      3.4953,      0.1899,      0.1558,      7.9538,      0.1958,      5.6595,     11.3191,      1.7301,     29.6406,     59.2811,      0.0195,      0.0004,      0.2500,      0.2090,   7946.1084,-428439.1250,   -913.5319,    557.9874,  26487.0293,
       1,     170,     135,      12,       1,       3,       1,     10.0000,      1.4130,     42.7936,    251.9539,     63.4067,      3.4953,      0.1899,      0.1556,      8.2484,      0.2021,      5.6595,     11.3191,      1.7858,     29.6406,     59.2811,      0.0195,      0.0004,      0.2500,      0.2089,   7946.1089,-430655.9062,   -915.5539,    557.8329,  26487.0273,
       1,     170,     135,      13,       1,       3,       1,     10.0000,      1.4130,     42.7936,    251.9539,     63.4067,      3.4953,      0.1898,      0.1547,      9.6309,      0.2312,      5.6595,     11.3191,      2.0433,     29.6406,     59.2811,      0.0195,      0.0005,      0.2500,      0.2089,   7946.1084,-431202.5625,   -914.7051,    557.7947,  26487.0254,
       1,     170,     135,      14,       1,       3,       1,     10.0000,      1.4130,     42.7936,    251.9539,     63.4067,      3.4953,      0.1900,      0.1547,     13.5230,      0.2405,      5.6595,     11.3191,      2.1248,     29.6406,     59.2811,      0.0195,      0.0007,      0.2500,      0.2089,   7946.1079,-432931.3438,   -917.2975,    557.6743,  26487.0273,
       1,     170,     135,      15,       1,       3,       1,     10.0000,      1.4130,     42.7936,    251.9539,     63.4067,      3.4953,      0.1929,      0.1575,     49.7945,      0.2407,      5.6595,     11.3191,      2.1269,     29.6406,     59.2811,      0.0195,      0.0024,      0.2500,      0.2089,   7946.1084,-437813.3125,   -920.0746,    557.3340,  26487.0254,
       1,     170,     135,      16,       1,       3,       1,     10.0000,      1.4130,     42.7936,    251.9539,     63.4067,      3.4953,      0.1891,      0.1544,     83.2173,      0.2180,      5.6595,     11.3191,      1.9265,     29.6406,     59.2811,      0.0195,      0.0042,      0.2406,      0.2089,   7946.1079,-482361.9375,   -929.7332,    554.2305,  26487.0293,
       1,     170,     135,      17,       1,       3,       1,     10.0000,      1.4130,     42.7936,    251.9539,     63.4067,      3.4953,      0.1600,      0.1259,     79.7866,      0.1931,      5.6595,     11.3191,      1.7063,     29.6406,     59.2811,      0.0195,      0.0049,      0.1988,      0.2089,   7946.1089,-526857.7500,   -939.2750,    551.1565,  26487.0273,
       1,     170,     135,      18,       1,       3,       1,     10.0000,      1.4130,     42.7936,    251.9539,     63.4067,      3.4953,      0.1624,      0.1293,     98.0452,      0.1635,      5.6595,     11.3191,      1.4447,     29.6406,     59.2811,      0.0195,      0.0059,      0.2001,      0.2088,   7946.1084,-526458.3125,   -940.2648,    551.1925,  26487.0273,
       1,     170,     135,      19,       1,       3,       1,     10.0000,      1.4130,     42.7936,    251.9539,     63.4067,      3.4953,      0.0776,      0.0445,     46.5263,      0.1651,      5.6595,     11.3191,      1.4593,     29.6406,     59.2811,      0.0195,      0.0067,      0.0846,      0.2088,   7946.1084,-548660.8125,   -945.5541,    549.6628,  26487.0254,
       1,     170,     135,      20,       1,       3,       1,     10.0000,      1.4130,     42.7936,    251.9539,     63.4067,      3.4953,      0.0196,     -0.0132,      3.4157,      0.1583,      5.6595,     11.3191,      1.3991,     29.6406,     59.2811,      0.0195,      0.0061,      0.0068,      0.2088,   7946.1079,-487750.3750,   -934.8882,    553.8499,  26487.0273,
       1,     170,     135,      21,       1,       3,       1,     10.0000,      1.4130,     42.7936,    251.9539,     63.4067,      3.4953,      0.0000,     -0.0326,      6.9724,      0.1516,      5.6595,     11.3191,      1.3399,     29.6406,     59.2811,      0.0195,      0.0054,      0.0156,      0.2089,   7946.1084,-430153.6562,   -924.4034,    557.8535,  26487.0254,
       1,     170,     135,      22,       1,       3,       1,     10.0000,      1.4130,     42.7936,    251.9539,     63.4067,      3.4953,      0.0000,     -0.0324,      5.3807,      0.1445,      5.6595,     11.3191,      1.2766,     29.6406,     59.2811,      0.0195,      0.0042,      0.0156,      0.2089,   7946.1079,-429625.3750,   -924.5405,    557.9047,  26487.0273,
       1,     170,     135,      23,       1,       3,       1,     10.0000,      1.4130,     42.7936,    251.9539,     63.4067,      3.4953,      0.0000,     -0.0323,      3.2329,      0.1421,      5.6595,     11.3191,      1.2561,     29.6406,     59.2811,      0.0195,      0.0025,      0.0156,      0.2089,   7946.1084,-427626.2500,   -924.2631,    558.0442,  26487.0273,
       1,     170,     135,      24,       1,       3,       1,     10.0000,      1.4130,     42.7936,    251.9539,     63.4067,      3.4953,      0.0000,     -0.0325,      3.4444,      0.1467,      5.6595,     11.3191,      1.2961,     29.6406,     59.2811,      0.0195,      0.0027,      0.0156,      0.2089,   7946.1084,-424843.6562,   -923.8210,    558.2383,  26487.0254,
       1,     170,     136,       1,       1,       3,       1,     10.0000,      1.4131,     42.7940,    251.9599,     63.4081,      3.4953,      0.0000,     -0.0323,      2.4259,      0.1427,      5.6587,     11.3175,      1.2612,     29.6472,     59.2944,      0.0195,      0.0019,      0.0156,      0.2090,   7946.1079,-425021.3438,   -924.2310,    558.2391,  26488.2246,
       1,     170,     136,       2,       1,       3,       1,     10.0000,      1.4131,     42.7940,    251.9599,     63.4081,      3.4953,      0.0000,     -0.0320,      1.2013,      0.1350,      5.6587,     11.3175,      1.1929,     29.6472,     59.2944,      0.0195,      0.0009,      0.0156,      0.2090,   7946.4678,-423643.4688,   -923.7544,    558.3353,  26488.2246,
       1,     170,     136,       3,       1,       3,       1,     10.0000,      1.4131,     42.7940,    251.9599,     63.4081,      3.4953,      0.0000,     -0.0319,      1.0504,      0.1308,      5.6587,     11.3175,      1.1559,     29.6472,     59.2944,      0.0195,      0.0008,      0.0156,      0.2090,   7946.4678,-422036.7812,   -923.4811,    558.4473,  26488.2246,
       1,     170,     136,       4,       1,       3,       1,     10.0000,      1.4131,     42.7940,    251.9599,     63.4081,      3.4953,      0.0000,     -0.0319,      2.0451,      0.1311,      5.6587,     11.3175,      1.1582,     29.6472,     59.2944,      0.0195,      0.0016,      0.0156,      0.2090,   7946.4678,-421717.0312,   -923.4403,    558.4698,  26488.2266,
       1,     170,     136,       5,       1,       3,       1,     10.0000,      1.4131,     42.7940,    251.9599,     63.4081,      3.4953,      0.0000,     -0.0317,      2.3092,      0.1271,      5.6587,     11.3175,      1.1234,     29.6472,     59.2944,      0.0195,      0.0018,      0.0156,      0.2090,   7946.4683,-422899.2500,   -923.7006,    558.3872,  26488.2227,
       1,     170,     136,       6,       1,       3,       1,     10.0000,      1.4131,     42.7940,    251.9599,     63.4081,      3.4953,      0.0000,     -0.0318,      2.1569,      0.1300,      5.6587,     11.3175,      1.1489,     29.6472,     59.2944,      0.0195,      0.0017,      0.0156,      0.2090,   7946.4673,-423321.5312,   -923.8299,    558.3578,  26488.2246,
       1,     170,     136,       7,       1,       3,       1,     10.0000,      1.4131,     42.7940,    251.9599,     63.4081,      3.4953,      0.0000,     -0.0317,      1.8700,      0.1271,      5.6587,     11.3175,      1.1234,     29.6472,     59.2944,      0.0195,      0.0015,      0.0156,      0.2090,   7946.4678,-423171.8125,   -923.8504,    558.3682,  26488.2227,
       1,     170,     136,       8,       1,       3,       1,     10.0000,      1.4131,     42.7940,    251.9599,     63.4081,      3.4953,      0.0337,      0.0018,      3.0488,      0.1323,      5.6587,     11.3175,      1.1689,     29.6472,     59.2944,      0.0195,      0.0013,      0.0280,      0.2090,   7946.4673,-422810.4375,   -923.8259,    558.3934,  26488.2246,
       1,     170,     136,       9,       1,       3,       1,     10.0000,      1.4131,     42.7940,    251.9599,     63.4081,      3.4953,      0.1350,      0.1026,     20.7363,      0.1446,      5.6587,     11.3175,      1.2779,     29.6472,     59.2944,      0.0195,      0.0015,      0.1698,      0.2090,   7946.4678,-424213.3125,   -924.1537,    558.2955,  26488.2246,
       1,     170,     136,      10,       1,       3,       1,     10.0000,      1.4131,     42.7940,    251.9599,     63.4081,      3.4953,      0.1909,      0.1569,     20.1950,      0.1912,      5.6587,     11.3175,      1.6895,     29.6472,     59.2944,      0.0195,      0.0010,      0.2500,      0.2090,   7946.4678,-445847.4062,   -928.4623,    556.7858,  26488.2227,
       1,     170,     136,      11,       1,       3,       1,     10.0000,      1.4131,     42.7940,    251.9599,     63.4081,      3.4953,      0.1902,      0.1561,     11.2913,      0.1937,      5.6587,     11.3175,      1.7114,     29.6472,     59.2944,      0.0195,      0.0005,      0.2500,      0.2090,   7946.4673,-447030.4375,   -929.0400,    556.7054,  26488.2227,
       1,     170,     136,      12,       1,       3,       1,     10.0000,      1.4131,     42.7940,    251.9599,     63.4081,      3.4953,      0.1898,      0.1549,      9.3230,      0.2237,      5.6587,     11.3175,      1.9764,     29.6472,     59.2944,      0.0195,      0.0005,      0.2500,      0.2090,   7946.4673,-436294.4062,   -927.2585,    557.4526,  26488.2246,
       1,     170,     136,      13,       1,       3,       1,     10.0000,      1.4131,     42.7940,    251.9599,     63.4081,      3.4953,      0.1898,      0.1549,      9.3246,      0.2226,      5.6587,     11.3175,      1.9667,     29.6472,     59.2944,      0.0195,      0.0005,      0.2500,      0.2090,   7946.4678,-432990.6250,   -926.9147,    557.6833,  26488.2266,
       1,     170,     136,      14,       1,       3,       1,     10.0000,      1.4131,     42.7940,    251.9599,     63.4081,      3.4953,      0.1906,      0.1555,     20.4480,      0.2303,      5.6587,     11.3175,      2.0354,     29.6472,     59.2944,      0.0195,      0.0010,      0.2500,      0.2090,   7946.4683,-432711.4375,   -927.0057,    557.7028,  26488.2246,
       1,     170,     136,      15,       1,       3,       1,     10.0000,      1.4131,     42.7940,    251.9599,     63.4081,      3.4953,      0.1961,      0.1606,     91.8476,      0.2452,      5.6587,     11.3175,      2.1668,     29.6472,     59.2944,      0.0195,      0.0044,      0.2500,      0.2090,   7946.4678,-446220.0938,   -929.7449,    556.7610,  26488.2246,
       1,     170,     136,      16,       1,       3,       1,     10.0000,      1.4131,     42.7940,    251.9599,     63.4081,      3.4953,      0.1963,      0.1610,    107.0180,      0.2388,      5.6587,     11.3175,      2.1104,     29.6472,     59.2944,      0.0195,      0.0052,      0.2486,      0.2090,   7946.4678,-534245.3125,   -947.1194,    550.6357,  26488.2246,
       1,     170,     136,      17,       1,       3,       1,     10.0000,      1.4131,     42.7940,    251.9599,     63.4081,      3.4953,      0.1942,      0.1591,    125.8813,      0.2317,      5.6587,     11.3175,      2.0474,     29.6472,     59.2944,      0.0195,      0.0063,      0.2433,      0.2089,   7946.4678,-560283.5000,   -952.6900,    548.8771,  26488.2227,
       1,     170,     136,      18,       1,       3,       1,     10.0000,      1.4131,     42.7940,    251.9599,     63.4081,      3.4953,      0.1593,      0.1258,    109.3884,      0.1771,      5.6587,     11.3175,      1.5650,     29.6472,     59.2944,      0.0195,      0.0068,      0.1945,      0.2088,   7946.4673,-585446.3125,   -958.1930,    547.1536,  26488.2227,
       1,     170,     136,      19,       1,       3,       1,     10.0000,      1.4131,     42.7940,    251.9599,     63.4081,      3.4953,      0.0587,      0.0257,     33.2267,      0.1601,      5.6587,     11.3175,      1.4147,     29.6472,     59.2944,      0.0195,      0.0068,      0.0592,      0.2088,   7946.4673,-567466.3750,   -955.2817,    548.3859,  26488.2227,
       1,     170,     136,      20,       1,       3,       1,     10.0000,      1.4131,     42.7940,    251.9599,     63.4081,      3.4953,      0.0103,     -0.0224,      8.8542,      0.1524,      5.6587,     11.3175,      1.3467,     29.6472,     59.2944,      0.0195,      0.0069,      0.0156,      0.2088,   7946.4673,-473098.7188,   -937.1200,    554.8560,  26488.2227,
       1,     170,     136,      21,       1,       3,       1,     10.0000,      1.4131,     42.7940,    251.9599,     63.4081,      3.4953,      0.0000,     -0.0326,      7.2969,      0.1504,      5.6587,     11.3175,      1.3292,     29.6472,     59.2944,      0.0195,      0.0057,      0.0156,      0.2089,   7946.4673,-435574.2812,   -929.8062,    557.4969,  26488.2246,
       1,     170,     136,      22,       1,       3,       1,     10.0000,      1.4131,     42.7940,    251.9599,     63.4081,      3.4953,      0.0000,     -0.0326,      7.1719,      0.1503,      5.6587,     11.3175,      1.3278,     29.6472,     59.2944,      0.0195,      0.0056,      0.0156,      0.2090,   7946.4678,-430471.6875,   -928.7968,    557.8588,  26488.2207,
       1,     170,     136,      23,       1,       3,       1,     10.0000,      1.4131,     42.7940,    251.9599,     63.4081,      3.4953,      0.0000,     -0.0326,      4.8251,      0.1497,      5.6587,     11.3175,      1.3225,     29.6472,     59.2944,      0.0195,      0.0037,      0.0156,      0.2090,   7946.4663,-429879.7812,   -928.6646,    557.9001,  26488.2207,
       1,     170,     136,      24,       1,       3,       1,     10.0000,      1.4131,     42.7940,    251.9599,     63.4081,      3.4953,      0.0000,     -0.0323,      2.8476,      0.1420,      5.6587,     11.3175,      1.2548,     29.6472,     59.2944,      0.0195,      0.0022,      0.0156,      0.2090,   7946.4663,-426974.5312,   -928.0725,    558.1028,  26488.2246,
       1,     170,     137,       1,       1,       3,       1,     10.0000,      1.4131,     42.7943,    251.9659,     63.4097,      3.4953,      0.0000,     -0.0321,      1.7150,      0.1360,      5.6590,     11.3181,      1.2014,     29.6544,     59.3087,      0.0195,      0.0013,      0.0156,      0.2090,   7946.4678,-424478.7188,   -927.8541,    558.2902,  26489.4199,
       1,     170,     137,       2,       1,       3,       1,     10.0000,      1.4131,     42.7943,    251.9659,     63.4097,      3.4953,      0.0000,     -0.0320,      1.7034,      0.1335,      5.6590,     11.3181,      1.1797,     29.6544,     59.3087,      0.0195,      0.0013,      0.0156,      0.2090,   7946.8262,-422735.6875,   -927.2229,    558.4119,  26489.4180,
       1,     170,     137,       3,       1,       3,       1,     10.0000,      1.4131,     42.7943,    251.9659,     63.4097,      3.4953,      0.0000,     -0.0319,      1.1172,      0.1316,      5.6590,     11.3181,      1.1630,     29.6544,     59.3087,      0.0195,      0.0009,      0.0156,      0.2090,   7946.8257,-422573.6250,   -927.1832,    558.4232,  26489.4199,
       1,     170,     137,       4,       1,       3,       1,     10.0000,      1.4131,     42.7943,    251.9659,     63.4097,      3.4953,      0.0000,     -0.0320,      0.8669,      0.1335,      5.6590,     11.3181,      1.1797,     29.6544,     59.3087,      0.0195,      0.0007,      0.0156,      0.2090,   7946.8262,-421846.7812,   -927.0392,    558.4739,  26489.4199,
       1,     170,     137,       5,       1,       3,       1,     10.0000,      1.4131,     42.7943,    251.9659,     63.4097,      3.4953,      0.0000,     -0.0319,      0.6147,      0.1311,      5.6590,     11.3181,      1.1583,     29.6544,     59.3087,      0.0195,      0.0005,      0.0156,      0.2090,   7946.8262,-421480.5625,   -926.9662,    558.4995,  26489.4199,
       1,     170,     137,       6,       1,       3,       1,     10.0000,      1.4131,     42.7943,    251.9659,     63.4097,      3.4953,      0.0000,     -0.0318,      0.6110,      0.1278,      5.6590,     11.3181,      1.1292,     29.6544,     59.3087,      0.0195,      0.0005,      0.0156,      0.2090,   7946.8262,-421142.9375,   -926.9006,    558.5231,  26489.4199,
       1,     170,     137,       7,       1,       3,       1,     10.0000,      1.4131,     42.7943,    251.9659,     63.4097,      3.4953,      0.0000,     -0.0319,      0.4631,      0.1308,      5.6590,     11.3181,      1.1559,     29.6544,     59.3087,      0.0195,      0.0004,      0.0156,      0.2090,   7946.8262,-421109.7500,   -926.8940,    558.5255,  26489.4199,
       1,     170,     137,       8,       1,       3,       1,     10.0000,      1.4131,     42.7943,    251.9659,     63.4097,      3.4953,      0.0158,     -0.0162,      0.0615,      0.1332,      5.6590,     11.3181,      1.1773,     29.6544,     59.3087,      0.0195,      0.0003,      0.0028,      0.2090,   7946.8262,-420927.0000,   -926.8589,    558.5382,  26489.4219,
       1,     170,     137,       9,       1,       3,       1,     10.0000,      1.4131,     42.7943,    251.9659,     63.4097,      3.4953,      0.1276,      0.0954,      3.4612,      0.1389,      5.6590,     11.3181,      1.2272,     29.6544,     59.3087,      0.0195,      0.0003,      0.1613,      0.2090,   7946.8267,-420422.6250,   -926.7547,    558.5734,  26489.4199,
       1,     170,     137,      10,       1,       3,       1,     10.0000,      1.4131,     42.7943,    251.9659,     63.4097,      3.4953,      0.1796,      0.1465,      6.1463,      0.1650,      5.6590,     11.3181,      1.4579,     29.6544,     59.3087,      0.0195,      0.0003,      0.2351,      0.2090,   7946.8262,-424514.8750,   -927.5095,    558.2876,  26489.4199,
       1,     170,     137,      11,       1,       3,       1,     10.0000,      1.4131,     42.7943,    251.9659,     63.4097,      3.4953,      0.1899,      0.1557,      8.0817,      0.1985,      5.6590,     11.3181,      1.7544,     29.6544,     59.3087,      0.0195,      0.0004,      0.2500,      0.2090,   7946.8262,-428128.2812,   -928.1447,    558.0355,  26489.4199,
       1,     170,     137,      12,       1,       3,       1,     10.0000,      1.4131,     42.7943,    251.9659,     63.4097,      3.4953,      0.1898,      0.1553,      8.5828,      0.2092,      5.6590,     11.3181,      1.8486,     29.6544,     59.3087,      0.0195,      0.0004,      0.2500,      0.2090,   7946.8262,-430789.1875,   -928.5243,    557.8500,  26489.4199,
       1,     170,     137,      13,       1,       3,       1,     10.0000,      1.4131,     42.7943,    251.9659,     63.4097,      3.4953,      0.1833,      0.1483,      9.0644,      0.2268,      5.6590,     11.3181,      2.0038,     29.6544,     59.3087,      0.0195,      0.0005,      0.2407,      0.2090,   7946.8262,-431624.3750,   -928.5189,    557.7917,  26489.4219,
       1,     170,     137,      14,       1,       3,       1,     10.0000,      1.4131,     42.7943,    251.9659,     63.4097,      3.4953,      0.1898,      0.1544,     11.1016,      0.2440,      5.6590,     11.3181,      2.1563,     29.6544,     59.3087,      0.0195,      0.0005,      0.2500,      0.2090,   7946.8267,-432280.8750,   -928.5240,    557.7460,  26489.4199,
       1,     170,     137,      15,       1,       3,       1,     10.0000,      1.4131,     42.7943,    251.9659,     63.4097,      3.4953,      0.1930,      0.1574,     51.4937,      0.2469,      5.6590,     11.3181,      2.1817,     29.6544,     59.3087,      0.0195,      0.0025,      0.2500,      0.2090,   7946.8262,-434814.8125,   -928.7817,    557.5694,  26489.4219,
       1,     170,     137,      16,       1,       3,       1,     10.0000,      1.4131,     42.7943,    251.9659,     63.4097,      3.4953,      0.1914,      0.1564,     84.9360,      0.2243,      5.6590,     11.3181,      1.9823,     29.6544,     59.3087,      0.0195,      0.0042,      0.2437,      0.2090,   7946.8267,-484163.4688,   -938.4893,    554.1300,  26489.4199,
       1,     170,     137,      17,       1,       3,       1,     10.0000,      1.4131,     42.7943,    251.9659,     63.4097,      3.4953,      0.1801,      0.1456,     98.0694,      0.2106,      5.6590,     11.3181,      1.8614,     29.6544,     59.3087,      0.0195,      0.0053,      0.2258,      0.2089,   7946.8262,-529087.2500,   -947.5569,    551.0289,  26489.4199,
       1,     170,     137,      18,       1,       3,       1,     10.0000,      1.4131,     42.7943,    251.9659,     63.4097,      3.4953,      0.1465,      0.1123,     85.6212,      0.1985,      5.6590,     11.3181,      1.7544,     29.6544,     59.3087,      0.0195,      0.0058,      0.1787,      0.2089,   7946.8262,-548900.0000,   -951.7975,    549.6729,  26489.4199,
       1,     170,     137,      19,       1,       3,       1,     10.0000,      1.4131,     42.7943,    251.9659,     63.4097,      3.4953,      0.0930,      0.0593,     61.0172,      0.1823,      5.6590,     11.3181,      1.6109,     29.6544,     59.3087,      0.0195,      0.0070,      0.1047,      0.2089,   7946.8262,-535400.3750,   -949.9647,    550.6020,  26489.4180,
       1,     170,     137,      20,       1,       3,       1,     10.0000,      1.4131,     42.7943,    251.9659,     63.4097,      3.4953,      0.0065,     -0.0264,      8.1537,      0.1580,      5.6590,     11.3181,      1.3964,     29.6544,     59.3087,      0.0195,      0.0063,      0.0156,      0.2089,   7946.8257,-504285.1562,   -944.9595,    552.7444,  26489.4180,
       1,     170,     137,      21,       1,       3,       1,     10.0000,      1.4131,     42.7943,    251.9659,     63.4097,      3.4953,      0.0000,     -0.0327,      6.6344,      0.1532,      5.6590,     11.3181,      1.3535,     29.6544,     59.3087,      0.0195,      0.0051,      0.0156,      0.2089,   7946.8257,-437294.9688,   -932.1597,    557.3771,  26489.4180,
       1,     170,     137,      22,       1,       3,       1,     10.0000,      1.4131,     42.7943,    251.9659,     63.4097,      3.4953,      0.0000,     -0.0326,      6.3410,      0.1495,      5.6590,     11.3181,      1.3212,     29.6544,     59.3087,      0.0195,      0.0049,      0.0156,      0.2090,   7946.8257,-429829.8750,   -930.6528,    557.9166,  26489.4180,
       1,     170,     137,      23,       1,       3,       1,     10.0000,      1.4131,     42.7943,    251.9659,     63.4097,      3.4953,      0.0000,     -0.0326,      5.1649,      0.1512,      5.6590,     11.3181,      1.3359,     29.6544,     59.3087,      0.0195,      0.0040,      0.0156,      0.2090,   7946.8257,-428816.7500,   -930.4143,    557.9875,  26489.4180,
       1,     170,     137,      24,       1,       3,       1,     10.0000,      1.4131,     42.7943,    251.9659,     63.4097,      3.4953,      0.0000,     -0.0325,      3.8406,      0.1489,      5.6590,     11.3181,      1.3159,     29.6544,     59.3087,      0.0195,      0.0030,      0.0156,      0.2090,   7946.8257,-427299.9375,   -930.0809,    558.0934,  26489.4199,
       1,     170,     138,       1,       1,       3,       1,     10.0000,      1.4131,     42.7946,    251.9719,     63.4112,      3.4953,      0.0000,     -0.0324,      1.8585,      0.1437,      5.6590,     11.3181,      1.2702,     29.6603,     59.3205,      0.0195,      0.0014,      0.0156,      0.2090,   7946.8262,-425716.1250,   -930.0267,    558.2170,  26490.6113,
       1,     170,     138,       2,       1,       3,       1,     10.0000,      1.4131,     42.7946,    251.9719,     63.4112,      3.4953,      0.0000,     -0.0324,      1.2972,      0.1456,      5.6590,     11.3181,      1.2870,     29.6603,     59.3205,      0.0195,      0.0010,      0.0156,      0.2090,   7947.1836,-423018.0938,   -929.1979,    558.4053,  26490.6133,
       1,     170,     138,       3,       1,       3,       1,     10.0000,      1.4131,     42.7946,    251.9719,     63.4112,      3.4953,      0.0000,     -0.0323,      0.5293,      0.1426,      5.6590,     11.3181,      1.2600,     29.6603,     59.3205,      0.0195,      0.0004,      0.0156,      0.2090,   7947.1841,-422106.4062,   -929.0103,    558.4690,  26490.6113,
       1,     170,     138,       4,       1,       3,       1,     10.0000,      1.4131,     42.7946,    251.9719,     63.4112,      3.4953,      0.0000,     -0.0323,      0.4459,      0.1409,      5.6590,     11.3181,      1.2448,     29.6603,     59.3205,      0.0195,      0.0003,      0.0156,      0.2090,   7947.1836,-421095.4688,   -928.8114,    558.5396,  26490.6133,
       1,     170,     138,       5,       1,       3,       1,     10.0000,      1.4131,     42.7946,    251.9719,     63.4112,      3.4953,      0.0000,     -0.0322,      0.3503,      0.1399,      5.6590,     11.3181,      1.2360,     29.6603,     59.3205,      0.0195,      0.0003,      0.0156,      0.2090,   7947.1841,-420908.0000,   -928.7745,    558.5527,  26490.6113,
       1,     170,     138,       6,       1,       3,       1,     10.0000,      1.4131,     42.7946,    251.9719,     63.4112,      3.4953,      0.0000,     -0.0322,      0.4870,      0.1393,      5.6590,     11.3181,      1.2310,     29.6603,     59.3205,      0.0195,      0.0004,      0.0156,      0.2090,   7947.1836,-420776.0312,   -928.7501,    558.5619,  26490.6152,
       1,     170,     138,       7,       1,       3,       1,     10.0000,      1.4131,     42.7946,    251.9719,     63.4112,      3.4953,      0.0000,     -0.0321,      0.4697,      0.1372,      5.6590,     11.3181,      1.2124,     29.6603,     59.3205,      0.0195,      0.0004,      0.0156,      0.2090,   7947.1851,-420930.5000,   -928.7798,    558.5511,  26490.6133,
       1,     170,     138,       8,       1,       3,       1,     10.0000,      1.4131,     42.7946,    251.9719,     63.4112,      3.4953,      0.0112,     -0.0208,      0.3932,      0.1354,      5.6590,     11.3181,      1.1966,     29.6603,     59.3205,      0.0195,      0.0003,      0.0156,      0.2090,   7947.1841,-420922.9375,   -929.1884,    558.5517,  26490.6133,
       1,     170,     138,       9,       1,       3,       1,     10.0000,      1.4131,     42.7946,    251.9719,     63.4112,      3.4953,      0.1320,      0.0996,      7.0816,      0.1456,      5.6590,     11.3181,      1.2870,     29.6603,     59.3205,      0.0195,      0.0005,      0.1671,      0.2090,   7947.1841,-420829.1875,   -929.1683,    558.5582,  26490.6133,
       1,     170,     138,      10,       1,       3,       1,     10.0000,      1.4131,     42.7946,    251.9719,     63.4112,      3.4953,      0.1442,      0.1108,      9.8462,      0.1722,      5.6590,     11.3181,      1.5220,     29.6603,     59.3205,      0.0195,      0.0006,      0.1841,      0.2090,   7947.1841,-428954.5625,   -930.7493,    557.9909,  26490.6113,
       1,     170,     138,      11,       1,       3,       1,     10.0000,      1.4131,     42.7946,    251.9719,     63.4112,      3.4953,      0.1712,      0.1376,      6.5177,      0.1807,      5.6590,     11.3181,      1.5966,     29.6603,     59.3205,      0.0195,      0.0004,      0.2232,      0.2090,   7947.1836,-433007.5312,   -931.5172,    557.7085,  26490.6152,
       1,     170,     138,      12,       1,       3,       1,     10.0000,      1.4131,     42.7946,    251.9719,     63.4112,      3.4953,      0.1794,      0.1460,      6.4871,      0.1731,      5.6590,     11.3181,      1.5296,     29.6603,     59.3205,      0.0195,      0.0003,      0.2349,      0.2090,   7947.1851,-429302.4688,   -930.7214,    557.9669,  26490.6133,
       1,     170,     138,      13,       1,       3,       1,     10.0000,      1.4131,     42.7946,    251.9719,     63.4112,      3.4953,      0.1899,      0.1563,      7.2032,      0.1796,      5.6590,     11.3181,      1.5871,     29.6603,     59.3205,      0.0195,      0.0003,      0.2500,      0.2090,   7947.1841,-428951.3750,   -930.5967,    557.9914,  26490.6113,
       1,     170,     138,      14,       1,       3,       1,     10.0000,      1.4131,     42.7946,    251.9719,     63.4112,      3.4953,      0.1902,      0.1557,     13.0642,      0.2092,      5.6590,     11.3181,      1.8487,     29.6603,     59.3205,      0.0195,      0.0006,      0.2500,      0.2090,   7947.1836,-429792.6250,   -930.6528,    557.9327,  26490.6133,
       1,     170,     138,      15,       1,       3,       1,     10.0000,      1.4131,     42.7946,    251.9719,     63.4112,      3.4953,      0.1922,      0.1574,     39.9337,      0.2224,      5.6590,     11.3181,      1.9649,     29.6603,     59.3205,      0.0195,      0.0019,      0.2500,      0.2090,   7947.1841,-436991.8750,   -932.3447,    557.4306,  26490.6113,
       1,     170,     138,      16,       1,       3,       1,     10.0000,      1.4131,     42.7946,    251.9719,     63.4112,      3.4953,      0.1705,      0.1362,     39.2903,      0.2017,      5.6590,     11.3181,      1.7824,     29.6603,     59.3205,      0.0195,      0.0022,      0.2185,      0.2090,   7947.1836,-470285.4688,   -938.8939,    555.1110,  26490.6133,
       1,     170,     138,      17,       1,       3,       1,     10.0000,      1.4131,     42.7946,    251.9719,     63.4112,      3.4953,      0.0993,      0.0667,     18.9676,      0.1521,      5.6590,     11.3181,      1.3441,     29.6603,     59.3205,      0.0195,      0.0019,      0.1190,      0.2090,   7947.1841,-472337.9062,   -938.3358,    554.9734,  26490.6133,
       1,     170,     138,      18,       1,       3,       1,     10.0000,      1.4131,     42.7946,    251.9719,     63.4112,      3.4953,      0.0293,     -0.0030,      5.9256,      0.1417,      5.6590,     11.3181,      1.2524,     29.6603,     59.3205,      0.0195,      0.0034,      0.0210,      0.2090,   7947.1841,-447774.1250,   -933.8765,    556.6775,  26490.6133,
       1,     170,     138,      19,       1,       3,       1,     10.0000,      1.4131,     42.7946,    251.9719,     63.4112,      3.4953,      0.0133,     -0.0188,      5.9646,      0.1364,      5.6590,     11.3181,      1.2051,     29.6603,     59.3205,      0.0195,      0.0046,      0.0156,      0.2090,   7947.1841,-429835.5625,   -929.5532,    557.9283,  26490.6133,
       1,     170,     138,      20,       1,       3,       1,     10.0000,      1.4131,     42.7946,    251.9719,     63.4112,      3.4953,      0.0046,     -0.0270,      6.2673,      0.1243,      5.6590,     11.3181,      1.0985,     29.6603,     59.3205,      0.0195,      0.0049,      0.0156,      0.2090,   7947.1841,-428362.8438,   -929.5778,    558.0325,  26490.6133,
       1,     170,     138,      21,       1,       3,       1,     10.0000,      1.4131,     42.7946,    251.9719,     63.4112,      3.4953,      0.0000,     -0.0315,      5.0306,      0.1223,      5.6590,     11.3181,      1.0807,     29.6603,     59.3205,      0.0195,      0.0039,      0.0156,      0.2090,   7947.1841,-428604.2500,   -929.9450,    558.0156,  26490.6133,
       1,     170,     138,      22,       1,       3,       1,     10.0000,      1.4131,     42.7946,    251.9719,     63.4112,      3.4953,      0.0000,     -0.0316,      1.2228,      0.1228,      5.6590,     11.3181,      1.0852,     29.6603,     59.3205,      0.0195,      0.0009,      0.0156,      0.2090,   7947.1841,-427120.6875,   -929.8657,    558.1191,  26490.6133,
       1,     170,     138,      23,       1,       3,       1,     10.0000,      1.4131,     42.7946,    251.9719,     63.4112,      3.4953,      0.0000,     -0.0317,      0.4749,      0.1271,      5.6590,     11.3181,      1.1235,     29.6603,     59.3205,      0.0195,      0.0004,      0.0156,      0.2090,   7947.1841,-422364.0625,   -928.9900,    558.4509,  26490.6133,
       1,     170,     138,      24,       1,       3,       1,     10.0000,      1.4131,     42.7946,    251.9719,     63.4112,      3.4953,      0.0000,     -0.0318,      0.3900,      0.1287,      5.6590,     11.3181,      1.1373,     29.6603,     59.3205,      0.0195,      0.0003,      0.0156,      0.2090,   7947.1841,-421051.0312,   -928.7456,    558.5427,  26490.6113,
       1,     170,     139,       1,       1,       3,       1,     10.0000,      1.4131,     42.7950,    251.9779,     63.4127,      3.4953,      0.0000,     -0.0318,      0.3256,      0.1302,      5.6600,     11.3201,      1.1501,     29.6576,     59.3153,      0.0195,      0.0003,      0.0156,      0.2091,   7947.1836,-420993.5938,   -929.0205,    558.5600,  26491.8105,
       1,     170,     139,       2,       1,       3,       1,     10.0000,      1.4131,     42.7950,    251.9779,     63.4127,      3.4953,      0.0000,     -0.0318,      0.3105,      0.1300,      5.6600,     11.3201,      1.1489,     29.6576,     59.3153,      0.0195,      0.0002,      0.0156,      0.2091,   7947.5435,-420756.2500,   -928.6988,    558.5766,  26491.8125,
       1,     170,     139,       3,       1,       3,       1,     10.0000,      1.4131,     42.7950,    251.9779,     63.4127,      3.4953,      0.0000,     -0.0319,      0.3145,      0.1315,      5.6600,     11.3201,      1.1619,     29.6576,     59.3153,      0.0195,      0.0002,      0.0156,      0.2091,   7947.5439,-420717.4375,   -928.6921,    558.5793,  26491.8145,
       1,     170,     139,       4,       1,       3,       1,     10.0000,      1.4131,     42.7950,    251.9779,     63.4127,      3.4953,      0.0000,     -0.0320,      0.4589,      0.1332,      5.6600,     11.3201,      1.1773,     29.6576,     59.3153,      0.0195,      0.0004,      0.0156,      0.2091,   7947.5444,-420718.7500,   -928.6931,    558.5792,  26491.8145,
       1,     170,     139,       5,       1,       3,       1,     10.0000,      1.4131,     42.7950,    251.9779,     63.4127,      3.4953,      0.0000,     -0.0320,      0.3599,      0.1335,      5.6600,     11.3201,      1.1797,     29.6576,     59.3153,      0.0195,      0.0003,      0.0156,      0.2091,   7947.5444,-420894.4688,   -928.7335,    558.5670,  26491.8125,
       1,     170,     139,       6,       1,       3,       1,     10.0000,      1.4131,     42.7950,    251.9779,     63.4127,      3.4953,      0.0000,     -0.0319,      0.3771,      0.1317,      5.6600,     11.3201,      1.1642,     29.6576,     59.3153,      0.0195,      0.0003,      0.0156,      0.2091,   7947.5439,-420789.4375,   -928.7170,    558.5743,  26491.8105,
       1,     170,     139,       7,       1,       3,       1,     10.0000,      1.4131,     42.7950,    251.9779,     63.4127,      3.4953,      0.0000,     -0.0318,      0.4979,      0.1295,      5.6600,     11.3201,      1.1443,     29.6576,     59.3153,      0.0195,      0.0004,      0.0156,      0.2091,   7947.5435,-420801.5000,   -928.7233,    558.5734,  26491.8125,
       1,     170,     139,       8,       1,       3,       1,     10.0000,      1.4131,     42.7950,    251.9779,     63.4127,      3.4953,      0.0269,     -0.0049,      0.4895,      0.1295,      5.6600,     11.3201,      1.1443,     29.6576,     59.3153,      0.0195,      0.0003,      0.0188,      0.2091,   7947.5439,-420949.2500,   -928.7596,    558.5632,  26491.8125,
       1,     170,     139,       9,       1,       3,       1,     10.0000,      1.4131,     42.7950,    251.9779,     63.4127,      3.4953,      0.1305,      0.0980,      4.7107,      0.1488,      5.6600,     11.3201,      1.3146,     29.6576,     59.3153,      0.0195,      0.0003,      0.1653,      0.2091,   7947.5439,-420951.5000,   -928.7898,    558.5630,  26491.8145,
       1,     170,     139,      10,       1,       3,       1,     10.0000,      1.4131,     42.7950,    251.9779,     63.4127,      3.4953,      0.1684,      0.1350,      6.0174,      0.1722,      5.6600,     11.3201,      1.5220,     29.6576,     59.3153,      0.0195,      0.0003,      0.2191,      0.2091,   7947.5444,-426083.9688,   -929.9263,    558.2047,  26491.8125,
       1,     170,     139,      11,       1,       3,       1,     10.0000,      1.4131,     42.7950,    251.9779,     63.4127,      3.4953,      0.1902,      0.1557,     12.5673,      0.2070,      5.6600,     11.3201,      1.8288,     29.6576,     59.3153,      0.0195,      0.0006,      0.2500,      0.2091,   7947.5439,-428109.1562,   -929.5845,    558.0634,  26491.8105,
       1,     170,     139,      12,       1,       3,       1,     10.0000,      1.4131,     42.7950,    251.9779,     63.4127,      3.4953,      0.1900,      0.1551,     11.1359,      0.2211,      5.6600,     11.3201,      1.9534,     29.6576,     59.3153,      0.0195,      0.0005,      0.2500,      0.2091,   7947.5435,-436246.0000,   -931.7492,    557.4958,  26491.8125,
       1,     170,     139,      13,       1,       3,       1,     10.0000,      1.4131,     42.7950,    251.9779,     63.4127,      3.4953,      0.1903,      0.1552,     15.6264,      0.2308,      5.6600,     11.3201,      2.0395,     29.6576,     59.3153,      0.0195,      0.0008,      0.2500,      0.2090,   7947.5439,-435196.1250,   -932.0479,    557.5693,  26491.8125,
       1,     170,     139,      14,       1,       3,       1,     10.0000,      1.4131,     42.7950,    251.9779,     63.4127,      3.4953,      0.1909,      0.1556,     38.2954,      0.2351,      5.6600,     11.3201,      2.0778,     29.6576,     59.3153,      0.0195,      0.0019,      0.2483,      0.2090,   7947.5439,-440567.6875,   -933.6284,    557.1949,  26491.8105,
       1,     170,     139,      15,       1,       3,       1,     10.0000,      1.4131,     42.7950,    251.9779,     63.4127,      3.4953,      0.1945,      0.1587,     72.0106,      0.2555,      5.6600,     11.3201,      2.2574,     29.6576,     59.3153,      0.0195,      0.0035,      0.2500,      0.2090,   7947.5435,-468594.7812,   -939.5568,    555.2430,  26491.8125,
       1,     170,     139,      16,       1,       3,       1,     10.0000,      1.4131,     42.7950,    251.9779,     63.4127,      3.4953,      0.1215,      0.0873,     63.4437,      0.1997,      5.6600,     11.3201,      1.7649,     29.6576,     59.3153,      0.0195,      0.0053,      0.1452,      0.2090,   7947.5439,-512002.0625,   -929.1381,    552.2338,  26491.8145,
       1,     170,     139,      17,       1,       3,       1,     10.0000,      1.4131,     42.7950,    251.9779,     63.4127,      3.4953,      0.1054,      0.0738,     46.7805,      0.1241,      5.6600,     11.3201,      1.0963,     29.6576,     59.3153,      0.0195,      0.0045,      0.1250,      0.2090,   7947.5444,-505264.4688,   -926.8111,    552.7069,  26491.6836,
       1,     170,     139,      18,       1,       3,       1,     10.0000,      1.4131,     42.7950,    251.9779,     63.4127,      3.4953,      0.1520,      0.1199,     82.6429,      0.1373,      5.6600,     11.3201,      1.2137,     29.6576,     59.3153,      0.0195,      0.0053,      0.1870,      0.2090,   7947.5054,-484414.4375,   -922.8066,    554.1475,  26491.7988,
       1,     170,     139,      19,       1,       3,       1,     10.0000,      1.4131,     42.7950,    251.9779,     63.4127,      3.4953,      0.0318,      0.0004,     10.4850,      0.1204,      5.6600,     11.3201,      1.0643,     29.6576,     59.3153,      0.0195,      0.0051,      0.0250,      0.2090,   7947.5400,-526289.3125,   -930.8730,    551.2488,  26491.6484,
       1,     170,     139,      20,       1,       3,       1,     10.0000,      1.4131,     42.7950,    251.9779,     63.4127,      3.4953,      0.0055,     -0.0258,      7.3334,      0.1173,      5.6600,     11.3201,      1.0364,     29.6576,     59.3153,      0.0195,      0.0057,      0.0156,      0.2090,   7947.4946,-441992.6250,   -914.9200,    557.0650,  26491.8125,
       1,     170,     139,      21,       1,       3,       1,     10.0000,      1.4131,     42.7950,    251.9779,     63.4127,      3.4953,      0.0000,     -0.0316,      5.3047,      0.1237,      5.6600,     11.3201,      1.0930,     29.6576,     59.3153,      0.0195,      0.0041,      0.0156,      0.2090,   7947.5439,-431095.3750,   -913.8116,    557.8547,  26491.8145,
       1,     170,     139,      22,       1,       3,       1,     10.0000,      1.4131,     42.7950,    251.9779,     63.4127,      3.4953,      0.0000,     -0.0317,      0.6579,      0.1257,      5.6600,     11.3201,      1.1110,     29.6576,     59.3153,      0.0195,      0.0005,      0.0156,      0.2091,   7947.5444,-427667.8125,   -913.7692,    558.0942,  26491.8125,
       1,     170,     139,      23,       1,       3,       1,     10.0000,      1.4131,     42.7950,    251.9779,     63.4127,      3.4953,      0.0000,     -0.0318,      0.7664,      0.1292,      5.6600,     11.3201,      1.1419,     29.6576,     59.3153,      0.0195,      0.0006,      0.0156,      0.2091,   7947.5439,-421726.4375,   -912.7383,    558.5087,  26491.8164,
       1,     170,     139,      24,       1,       3,       1,     10.0000,      1.4131,     42.7950,    251.9779,     63.4127,      3.4953,      0.0000,     -0.0321,      0.5569,      0.1354,      5.6600,     11.3201,      1.1966,     29.6576,     59.3153,      0.0195,      0.0004,      0.0156,      0.2091,   7947.5454,-421353.9062,   -912.7252,    558.5349,  26491.8145,
       1,     170,     140,       1,       1,       3,       1,     10.0000,      1.4131,     42.7953,    251.9839,     63.4142,      3.4953,      0.0000,     -0.0322,      0.3803,      0.1404,      5.6596,     11.3192,      1.2411,     29.6591,     59.3183,      0.0195,      0.0003,      0.0156,      0.2091,   7947.5444,-421224.4062,   -912.9965,    558.5572,  26493.0137,
       1,     170,     140,       2,       1,       3,       1,     10.0000,      1.4131,     42.7953,    251.9839,     63.4142,      3.4953,      0.0000,     -0.0322,      0.9423,      0.1402,      5.6596,     11.3192,      1.2386,     29.6591,     59.3183,      0.0195,      0.0007,      0.0156,      0.2091,   7947.9043,-420844.4062,   -912.6731,    558.5836,  26493.0117,
       1,     170,     140,       3,       1,       3,       1,     10.0000,      1.4131,     42.7953,    251.9839,     63.4142,      3.4953,      0.0000,     -0.0322,      0.6265,      0.1383,      5.6596,     11.3192,      1.2224,     29.6591,     59.3183,      0.0195,      0.0005,      0.0156,      0.2091,   7947.9038,-421495.7188,   -912.8533,    558.5381,  26493.0098,
       1,     170,     140,       4,       1,       3,       1,     10.0000,      1.4131,     42.7953,    251.9839,     63.4142,      3.4953,      0.0000,     -0.0321,      0.4469,      0.1372,      5.6596,     11.3192,      1.2125,     29.6591,     59.3183,      0.0195,      0.0003,      0.0156,      0.2091,   7947.9033,-421167.3438,   -912.8248,    558.5611,  26493.0098,
       1,     170,     140,       5,       1,       3,       1,     10.0000,      1.4131,     42.7953,    251.9839,     63.4142,      3.4953,      0.0000,     -0.0321,      0.3479,      0.1372,      5.6596,     11.3192,      1.2125,     29.6591,     59.3183,      0.0195,      0.0003,      0.0156,      0.2091,   7947.9033,-420921.0938,   -912.7948,    558.5783,  26493.0117,
       1,     170,     140,       6,       1,       3,       1,     10.0000,      1.4131,     42.7953,    251.9839,     63.4142,      3.4953,      0.0000,     -0.0320,      0.3234,      0.1347,      5.6596,     11.3192,      1.1906,     29.6591,     59.3183,      0.0195,      0.0003,      0.0156,      0.2091,   7947.9038,-420779.6875,   -912.7724,    558.5882,  26493.0117,
       1,     170,     140,       7,       1,       3,       1,     10.0000,      1.4131,     42.7953,    251.9839,     63.4142,      3.4953,      0.0000,     -0.0320,      0.3193,      0.1332,      5.6596,     11.3192,      1.1773,     29.6591,     59.3183,      0.0195,      0.0002,      0.0156,      0.2091,   7947.9038,-420737.7812,   -912.7664,    558.5911,  26493.0117,
       1,     170,     140,       8,       1,       3,       1,     10.0000,      1.4131,     42.7953,    251.9839,     63.4142,      3.4953,      0.0280,     -0.0041,      0.4189,      0.1361,      5.6596,     11.3192,      1.2027,     29.6591,     59.3183,      0.0195,      0.0003,      0.0200,      0.2091,   7947.9038,-420729.1562,   -912.7665,    558.5917,  26493.0137,
       1,     170,     140,       9,       1,       3,       1,     10.0000,      1.4131,     42.7953,    251.9839,     63.4142,      3.4953,      0.0783,      0.0461,      1.9639,      0.1392,      5.6596,     11.3192,      1.2298,     29.6591,     59.3183,      0.0195,      0.0003,      0.0913,      0.2091,   7947.9043,-420849.4688,   -912.8598,    558.5833,  26493.0137,
       1,     170,     140,      10,       1,       3,       1,     10.0000,      1.4131,     42.7953,    251.9839,     63.4142,      3.4953,      0.1781,      0.1450,      6.1212,      0.1657,      5.6596,     11.3192,      1.4639,     29.6591,     59.3183,      0.0195,      0.0003,      0.2331,      0.2091,   7947.9043,-422737.9688,   -913.4133,    558.4515,  26493.0117,
       1,     170,     140,      11,       1,       3,       1,     10.0000,      1.4131,     42.7953,    251.9839,     63.4142,      3.4953,      0.1899,      0.1561,      7.5058,      0.1862,      5.6596,     11.3192,      1.6450,     29.6591,     59.3183,      0.0195,      0.0004,      0.2500,      0.2091,   7947.9038,-427952.7812,   -912.4510,    558.0875,  26493.0098,
       1,     170,     140,      12,       1,       3,       1,     10.0000,      1.4131,     42.7953,    251.9839,     63.4142,      3.4953,      0.1899,      0.1555,      9.0268,      0.2065,      5.6596,     11.3192,      1.8252,     29.6591,     59.3183,      0.0195,      0.0004,      0.2500,      0.2091,   7947.9033,-430079.4062,   -914.2793,    557.9392,  26493.0117,
       1,     170,     140,      13,       1,       3,       1,     10.0000,      1.4131,     42.7953,    251.9839,     63.4142,      3.4953,      0.1899,      0.1548,     11.6863,      0.2335,      5.6596,     11.3192,      2.0637,     29.6591,     59.3183,      0.0195,      0.0006,      0.2500,      0.2091,   7947.9038,-432108.9375,   -916.1770,    557.7976,  26493.0098,
       1,     170,     140,      14,       1,       3,       1,     10.0000,      1.4131,     42.7953,    251.9839,     63.4142,      3.4953,      0.1899,      0.1543,     12.4150,      0.2484,      5.6596,     11.3192,      2.1946,     29.6591,     59.3183,      0.0195,      0.0006,      0.2500,      0.2091,   7947.9033,-435515.2812,   -918.5686,    557.5602,  26493.0117,
       1,     170,     140,      15,       1,       3,       1,     10.0000,      1.4131,     42.7953,    251.9839,     63.4142,      3.4953,      0.1522,      0.1172,     31.1348,      0.2241,      5.6596,     11.3192,      1.9805,     29.6591,     59.3183,      0.0195,      0.0020,      0.1930,      0.2091,   7947.9038,-436690.1250,   -920.3567,    557.4783,  26493.0117,
       1,     170,     140,      16,       1,       3,       1,     10.0000,      1.4131,     42.7953,    251.9839,     63.4142,      3.4953,      0.1322,      0.0979,     39.9616,      0.2053,      5.6596,     11.3192,      1.8144,     29.6591,     59.3183,      0.0195,      0.0030,      0.1633,      0.2091,   7947.9038,-459553.4375,   -925.2502,    555.8851,  26493.0117,
       1,     170,     140,      17,       1,       3,       1,     10.0000,      1.4131,     42.7953,    251.9839,     63.4142,      3.4953,      0.0722,      0.0385,     27.2938,      0.1845,      5.6596,     11.3192,      1.6304,     29.6591,     59.3183,      0.0195,      0.0042,      0.0786,      0.2091,   7947.9038,-472235.2188,   -928.2738,    555.0062,  26493.0117,
       1,     170,     140,      18,       1,       3,       1,     10.0000,      1.4131,     42.7953,    251.9839,     63.4142,      3.4953,      0.0643,      0.0309,     29.5851,      0.1728,      5.6596,     11.3192,      1.5266,     29.6591,     59.3183,      0.0195,      0.0053,      0.0673,      0.2090,   7947.9038,-457895.7812,   -926.1592,    556.0017,  26493.0137,
       1,     170,     140,      19,       1,       3,       1,     10.0000,      1.4131,     42.7953,    251.9839,     63.4142,      3.4953,      0.0543,      0.0211,     26.5763,      0.1692,      5.6596,     11.3192,      1.4949,     29.6591,     59.3183,      0.0195,      0.0060,      0.0535,      0.2091,   7947.9043,-459470.5938,   -927.0193,    555.8931,  26493.0117,
       1,     170,     140,      20,       1,       3,       1,     10.0000,      1.4131,     42.7953,    251.9839,     63.4142,      3.4953,      0.0141,     -0.0190,      6.7779,      0.1643,      5.6596,     11.3192,      1.4522,     29.6591,     59.3183,      0.0195,      0.0053,      0.0156,      0.2091,   7947.9038,-455943.0938,   -926.9093,    556.1384,  26493.0117,
       1,     170,     140,      21,       1,       3,       1,     10.0000,      1.4131,     42.7953,    251.9839,     63.4142,      3.4953,      0.0000,     -0.0328,      5.8184,      0.1576,      5.6596,     11.3192,      1.3923,     29.6591,     59.3183,      0.0195,      0.0045,      0.0156,      0.2091,   7947.9038,-431562.2500,   -922.6707,    557.8332,  26493.0117,
       1,     170,     140,      22,       1,       3,       1,     10.0000,      1.4131,     42.7953,    251.9839,     63.4142,      3.4953,      0.0000,     -0.0327,      5.1472,      0.1529,      5.6596,     11.3192,      1.3509,     29.6591,     59.3183,      0.0195,      0.0040,      0.0156,      0.2091,   7947.9038,-428336.8125,   -922.3139,    558.0607,  26493.0117,
       1,     170,     140,      23,       1,       3,       1,     10.0000,      1.4131,     42.7953,    251.9839,     63.4142,      3.4953,      0.0000,     -0.0325,      3.5273,      0.1486,      5.6596,     11.3192,      1.3133,     29.6591,     59.3183,      0.0195,      0.0027,      0.0156,      0.2091,   7947.9038,-427244.0625,   -922.2362,    558.1370,  26493.0117,
       1,     170,     140,      24,       1,       3,       1,     10.0000,      1.4131,     42.7953,    251.9839,     63.4142,      3.4953,      0.0000,     -0.0324,      2.9665,      0.1445,      5.6596,     11.3192,      1.2767,     29.6591,     59.3183,      0.0195,      0.0023,      0.0156,      0.2091,   7947.9038,-425181.5625,   -921.9106,    558.2808,  26493.0117,
       1,     170,     141,       1,       1,       3,       1,     10.0000,      1.4132,     42.7957,    251.9899,     63.4157,      3.4953,      0.0000,     -0.0323,      2.7019,      0.1417,      5.6604,     11.3209,      1.2525,     29.6564,     59.3128,      0.0195,      0.0021,      0.0156,      0.2091,   7947.9038,-424481.5625,   -922.1382,    558.3432,  26494.2051,
       1,     170,     141,       2,       1,       3,       1,     10.0000,      1.4132,     42.7957,    251.9899,     63.4157,      3.4953,      0.0000,     -0.0321,      1.8429,      0.1378,      5.6604,     11.3209,      1.2175,     29.6564,     59.3128,      0.0195,      0.0014,      0.0156,      0.2091,   7948.2617,-423946.5625,   -921.8736,    558.3806,  26494.2070,
       1,     170,     141,       3,       1,       3,       1,     10.0000,      1.4132,     42.7957,    251.9899,     63.4157,      3.4953,      0.0000,     -0.0320,      1.1250,      0.1336,      5.6604,     11.3209,      1.1810,     29.6564,     59.3128,      0.0195,      0.0009,      0.0156,      0.2091,   7948.2622,-422856.7188,   -921.7249,    558.4565,  26494.2070,
       1,     170,     141,       4,       1,       3,       1,     10.0000,      1.4132,     42.7957,    251.9899,     63.4157,      3.4953,      0.0000,     -0.0319,      0.9904,      0.1311,      5.6604,     11.3209,      1.1584,     29.6564,     59.3128,      0.0195,      0.0008,      0.0156,      0.2091,   7948.2622,-421891.6250,   -921.5817,    558.5239,  26494.2070,
       1,     170,     141,       5,       1,       3,       1,     10.0000,      1.4132,     42.7957,    251.9899,     63.4157,      3.4953,      0.0000,     -0.0318,      0.8427,      0.1298,      5.6604,     11.3209,      1.1467,     29.6564,     59.3128,      0.0195,      0.0007,      0.0156,      0.2091,   7948.2622,-421646.0000,   -921.5685,    558.5411,  26494.2070,
       1,     170,     141,       6,       1,       3,       1,     10.0000,      1.4132,     42.7957,    251.9899,     63.4157,      3.4953,      0.0000,     -0.0317,      0.8434,      0.1275,      5.6604,     11.3209,      1.1270,     29.6564,     59.3128,      0.0195,      0.0007,      0.0156,      0.2091,   7948.2622,-421445.6875,   -921.5529,    558.5551,  26494.2070,
       1,     170,     141,       7,       1,       3,       1,     10.0000,      1.4132,     42.7957,    251.9899,     63.4157,      3.4953,      0.0000,     -0.0319,      0.6359,      0.1308,      5.6604,     11.3209,      1.1560,     29.6564,     59.3128,      0.0195,      0.0005,      0.0156,      0.2091,   7948.2622,-421429.4375,   -921.5750,    558.5562,  26494.2070,
       1,     170,     141,       8,       1,       3,       1,     10.0000,      1.4132,     42.7957,    251.9899,     63.4157,      3.4953,      0.0204,     -0.0115,      0.2751,      0.1319,      5.6604,     11.3209,      1.1655,     29.6564,     59.3128,      0.0195,      0.0004,      0.0094,      0.2091,   7948.2622,-421175.9375,   -921.5428,    558.5740,  26494.2070,
       1,     170,     141,       9,       1,       3,       1,     10.0000,      1.4132,     42.7957,    251.9899,     63.4157,      3.4953,      0.1414,      0.1090,      7.0206,      0.1432,      5.6604,     11.3209,      1.2652,     29.6564,     59.3128,      0.0195,      0.0005,      0.1805,      0.2091,   7948.2622,-420715.6562,   -921.4794,    558.6061,  26494.2070,
       1,     170,     141,      10,       1,       3,       1,     10.0000,      1.4132,     42.7957,    251.9899,     63.4157,      3.4953,      0.1723,      0.1388,     12.6333,      0.1766,      5.6604,     11.3209,      1.5605,     29.6564,     59.3128,      0.0195,      0.0007,      0.2241,      0.2091,   7948.2622,-428876.5312,   -923.1960,    558.0362,  26494.2090,
       1,     170,     141,      11,       1,       3,       1,     10.0000,      1.4132,     42.7957,    251.9899,     63.4157,      3.4953,      0.1900,      0.1560,      9.5296,      0.1933,      5.6604,     11.3209,      1.7083,     29.6564,     59.3128,      0.0195,      0.0005,      0.2500,      0.2091,   7948.2632,-436393.3125,   -924.9410,    557.5122,  26494.2070,
       1,     170,     141,      12,       1,       3,       1,     10.0000,      1.4132,     42.7957,    251.9899,     63.4157,      3.4953,      0.1898,      0.1549,      9.5835,      0.2246,      5.6604,     11.3209,      1.9844,     29.6564,     59.3128,      0.0195,      0.0005,      0.2500,      0.2091,   7948.2622,-433257.6875,   -924.7300,    557.7310,  26494.2070,
       1,     170,     141,      13,       1,       3,       1,     10.0000,      1.4132,     42.7957,    251.9899,     63.4157,      3.4953,      0.1778,      0.1433,      7.9499,      0.2084,      5.6604,     11.3209,      1.8415,     29.6564,     59.3128,      0.0195,      0.0004,      0.2326,      0.2091,   7948.2622,-433057.1562,   -915.6482,    557.7450,  26494.2070,
       1,     170,     141,      14,       1,       3,       1,     10.0000,      1.4132,     42.7957,    251.9899,     63.4157,      3.4953,      0.1910,      0.1577,     19.1904,      0.1702,      5.6604,     11.3209,      1.5040,     29.6564,     59.3128,      0.0195,      0.0009,      0.2500,      0.2091,   7948.2622,-431053.8750,   -912.9495,    557.8847,  26494.2070,
       1,     170,     141,      15,       1,       3,       1,     10.0000,      1.4132,     42.7957,    251.9899,     63.4157,      3.4953,      0.1942,      0.1596,     64.8692,      0.2155,      5.6604,     11.3209,      1.9042,     29.6564,     59.3128,      0.0195,      0.0031,      0.2500,      0.2091,   7948.2622,-444549.9688,   -916.7871,    556.9435,  26494.2070,
       1,     170,     141,      16,       1,       3,       1,     10.0000,      1.4132,     42.7957,    251.9899,     63.4157,      3.4953,      0.1509,      0.1165,     56.8866,      0.2057,      5.6604,     11.3209,      1.8181,     29.6564,     59.3128,      0.0195,      0.0037,      0.1882,      0.2091,   7948.2622,-501242.9375,   -929.3271,    552.9974,  26494.2070,
       1,     170,     141,      17,       1,       3,       1,     10.0000,      1.4132,     42.7957,    251.9899,     63.4157,      3.4953,      0.0697,      0.0362,     29.9085,      0.1784,      5.6604,     11.3209,      1.5762,     29.6564,     59.3128,      0.0195,      0.0048,      0.0749,      0.2090,   7948.2622,-496368.2188,   -929.6844,    553.3483,  26494.2051,
       1,     170,     141,      18,       1,       3,       1,     10.0000,      1.4132,     42.7957,    251.9899,     63.4157,      3.4953,      0.0257,     -0.0073,      5.2351,      0.1620,      5.6604,     11.3209,      1.4320,     29.6564,     59.3128,      0.0195,      0.0042,      0.0151,      0.2090,   7948.2617,-463108.0938,   -922.0905,    555.6490,  26494.2051,
       1,     170,     141,      19,       1,       3,       1,     10.0000,      1.4132,     42.7957,    251.9899,     63.4157,      3.4953,      0.0181,     -0.0147,      0.8459,      0.1538,      5.6604,     11.3209,      1.3591,     29.6564,     59.3128,      0.0195,      0.0020,      0.0051,      0.2091,   7948.2617,-430297.3125,   -916.7231,    557.9327,  26494.2051,
       1,     170,     141,      20,       1,       3,       1,     10.0000,      1.4132,     42.7957,    251.9899,     63.4157,      3.4953,      0.0046,     -0.0281,      4.7206,      0.1518,      5.6604,     11.3209,      1.3414,     29.6564,     59.3128,      0.0195,      0.0037,      0.0156,      0.2091,   7948.2617,-422188.9375,   -915.5067,    558.5029,  26494.2090,
       1,     170,     141,      21,       1,       3,       1,     10.0000,      1.4132,     42.7957,    251.9899,     63.4157,      3.4953,      0.0000,     -0.0323,      4.6639,      0.1432,      5.6604,     11.3209,      1.2652,     29.6564,     59.3128,      0.0195,      0.0036,      0.0156,      0.2091,   7948.2632,-426205.9375,   -911.6082,    558.2228,  26494.2070,
       1,     170,     141,      22,       1,       3,       1,     10.0000,      1.4132,     42.7957,    251.9899,     63.4157,      3.4953,      0.0000,     -0.0317,      3.1727,      0.1274,      5.6604,     11.3209,      1.1258,     29.6564,     59.3128,      0.0195,      0.0025,      0.0156,      0.2091,   7948.2622,-426477.9375,   -912.1938,    558.2038,  26494.2090,
       1,     170,     141,      23,       1,       3,       1,     10.0000,      1.4132,     42.7957,    251.9899,     63.4157,      3.4953,      0.0000,     -0.0316,      2.2320,      0.1237,      5.6604,     11.3209,      1.0930,     29.6564,     59.3128,      0.0195,      0.0017,      0.0156,      0.2091,   7948.2632,-424687.9688,   -912.2189,    558.3287,  26494.2090,
       1,     170,     141,      24,       1,       3,       1,     10.0000,      1.4132,     42.7957,    251.9899,     63.4157,      3.4953,      0.0000,     -0.0315,      1.8789,      0.1212,      5.6604,     11.3209,      1.0709,     29.6564,     59.3128,      0.0195,      0.0015,      0.0156,      0.2091,   7948.2632,-423392.5000,   -912.2002,    558.4191,  26494.2070,
       1,     170,     142,       1,       1,       3,       1,     10.0000,      1.4132,     42.7960,    251.9959,     63.4172,      3.4953,      0.0000,     -0.0315,      1.9585,      0.1207,      5.6602,     11.3205,      1.0666,     29.6540,     59.3081,      0.0195,      0.0015,      0.0156,      0.2091,   7948.2622,-423010.5000,   -912.5778,    558.4592,  26495.4062,
       1,     170,     142,       2,       1,       3,       1,     10.0000,      1.4132,     42.7960,    251.9959,     63.4172,      3.4953,      0.0000,     -0.0316,      1.1599,      0.1251,      5.6602,     11.3205,      1.1054,     29.6540,     59.3081,      0.0195,      0.0009,      0.0156,      0.2091,   7948.6221,-422920.5625,   -912.4968,    558.4655,  26495.4062,
       1,     170,     142,       3,       1,       3,       1,     10.0000,      1.4132,     42.7960,    251.9959,     63.4172,      3.4953,      0.0000,     -0.0317,      0.8454,      0.1256,      5.6602,     11.3205,      1.1099,     29.6540,     59.3081,      0.0195,      0.0007,      0.0156,      0.2091,   7948.6221,-421942.2500,   -912.4136,    558.5338,  26495.4082,
       1,     170,     142,       4,       1,       3,       1,     10.0000,      1.4132,     42.7960,    251.9959,     63.4172,      3.4953,      0.0000,     -0.0319,      0.5234,      0.1304,      5.6602,     11.3205,      1.1525,     29.6540,     59.3081,      0.0195,      0.0004,      0.0156,      0.2091,   7948.6226,-421476.5625,   -912.3904,    558.5663,  26495.4062,
       1,     170,     142,       5,       1,       3,       1,     10.0000,      1.4132,     42.7960,    251.9959,     63.4172,      3.4953,      0.0000,     -0.0319,      0.5214,      0.1306,      5.6602,     11.3205,      1.1537,     29.6540,     59.3081,      0.0195,      0.0004,      0.0156,      0.2091,   7948.6221,-421045.9688,   -912.3401,    558.5963,  26495.4062,
       1,     170,     142,       6,       1,       3,       1,     10.0000,      1.4132,     42.7960,    251.9959,     63.4172,      3.4953,      0.0000,     -0.0318,      0.4868,      0.1284,      5.6602,     11.3205,      1.1351,     29.6540,     59.3081,      0.0195,      0.0004,      0.0156,      0.2091,   7948.6221,-421007.1562,   -912.3578,    558.5991,  26495.4062,
       1,     170,     142,       7,       1,       3,       1,     10.0000,      1.4132,     42.7960,    251.9959,     63.4172,      3.4953,      0.0000,     -0.0318,      0.4624,      0.1284,      5.6602,     11.3205,      1.1351,     29.6540,     59.3081,      0.0195,      0.0004,      0.0156,      0.2091,   7948.6221,-420961.7812,   -912.3722,    558.6022,  26495.4043,
       1,     170,     142,       8,       1,       3,       1,     10.0000,      1.4132,     42.7960,    251.9959,     63.4172,      3.4953,      0.0189,     -0.0129,      0.2422,      0.1284,      5.6602,     11.3205,      1.1351,     29.6540,     59.3081,      0.0195,      0.0004,      0.0075,      0.2091,   7948.6216,-420928.3438,   -912.3856,    558.6046,  26495.4062,
       1,     170,     142,       9,       1,       3,       1,     10.0000,      1.4132,     42.7960,    251.9959,     63.4172,      3.4953,      0.0836,      0.0516,      5.0222,      0.1350,      5.6602,     11.3205,      1.1930,     29.6540,     59.3081,      0.0195,      0.0006,      0.0986,      0.2091,   7948.6221,-420657.6562,   -912.4102,    558.6235,  26495.4062,
       1,     170,     142,      10,       1,       3,       1,     10.0000,      1.4132,     42.7960,    251.9959,     63.4172,      3.4953,      0.1715,      0.1385,     12.4326,      0.1598,      5.6602,     11.3205,      1.4120,     29.6540,     59.3081,      0.0195,      0.0007,      0.2228,      0.2091,   7948.6221,-426444.6562,   -913.7683,    558.2193,  26495.4062,
       1,     170,     142,      11,       1,       3,       1,     10.0000,      1.4132,     42.7960,    251.9959,     63.4172,      3.4953,      0.1824,      0.1489,      8.7202,      0.1754,      5.6602,     11.3205,      1.5497,     29.6540,     59.3081,      0.0195,      0.0004,      0.2390,      0.2091,   7948.6221,-435943.9688,   -916.4080,    557.5567,  26495.4062,
       1,     170,     142,      12,       1,       3,       1,     10.0000,      1.4132,     42.7960,    251.9959,     63.4172,      3.4953,      0.1900,      0.1558,      9.4365,      0.1993,      5.6602,     11.3205,      1.7615,     29.6540,     59.3081,      0.0195,      0.0005,      0.2500,      0.2091,   7948.6221,-432237.3125,   -916.7103,    557.8154,  26495.4062,
       1,     170,     142,      13,       1,       3,       1,     10.0000,      1.4132,     42.7960,    251.9959,     63.4172,      3.4953,      0.1900,      0.1554,     10.0026,      0.2115,      5.6602,     11.3205,      1.8690,     29.6540,     59.3081,      0.0195,      0.0005,      0.2500,      0.2091,   7948.6221,-432793.4688,   -917.9551,    557.7767,  26495.4043,
       1,     170,     142,      14,       1,       3,       1,     10.0000,      1.4132,     42.7960,    251.9959,     63.4172,      3.4953,      0.1902,      0.1553,     13.8617,      0.2244,      5.6602,     11.3205,      1.9825,     29.6540,     59.3081,      0.0195,      0.0007,      0.2500,      0.2091,   7948.6216,-433528.9062,   -917.4424,    557.7254,  26495.4062,
       1,     170,     142,      15,       1,       3,       1,     10.0000,      1.4132,     42.7960,    251.9959,     63.4172,      3.4953,      0.1925,      0.1573,     44.3489,      0.2342,      5.6602,     11.3205,      2.0698,     29.6540,     59.3081,      0.0195,      0.0021,      0.2500,      0.2091,   7948.6221,-438282.5312,   -919.8563,    557.3940,  26495.4082,
       1,     170,     142,      16,       1,       3,       1,     10.0000,      1.4132,     42.7960,    251.9959,     63.4172,      3.4953,      0.1789,      0.1440,     53.8461,      0.2226,      5.6602,     11.3205,      1.9670,     29.6540,     59.3081,      0.0195,      0.0028,      0.2291,      0.2091,   7948.6226,-475750.7188,   -922.4899,    554.7835,  26495.4082,
       1,     170,     142,      17,       1,       3,       1,     10.0000,      1.4132,     42.7960,    251.9959,     63.4172,      3.4953,      0.1064,      0.0733,     40.4822,      0.1642,      5.6602,     11.3205,      1.4508,     29.6540,     59.3081,      0.0195,      0.0039,      0.1265,      0.2091,   7948.6226,-490495.2500,   -924.3960,    553.7672,  26495.4062,
       1,     170,     142,      18,       1,       3,       1,     10.0000,      1.4132,     42.7960,    251.9959,     63.4172,      3.4953,      0.0914,      0.0585,     39.7228,      0.1609,      5.6602,     11.3205,      1.4220,     29.6540,     59.3081,      0.0195,      0.0046,      0.1053,      0.2091,   7948.6221,-475478.2812,   -922.7558,    554.8076,  26495.4062,
       1,     170,     142,      19,       1,       3,       1,     10.0000,      1.4132,     42.7960,    251.9959,     63.4172,      3.4953,      0.0360,      0.0033,     11.5585,      0.1533,      5.6602,     11.3205,      1.3550,     29.6540,     59.3081,      0.0195,      0.0047,      0.0294,      0.2091,   7948.6221,-473286.2188,   -923.4201,    554.9606,  26495.4062,
       1,     170,     142,      20,       1,       3,       1,     10.0000,      1.4132,     42.7960,    251.9959,     63.4172,      3.4953,      0.0131,     -0.0194,      6.5496,      0.1470,      5.6602,     11.3205,      1.2989,     29.6540,     59.3081,      0.0195,      0.0051,      0.0156,      0.2091,   7948.6221,-438840.6562,   -917.9008,    557.3500,  26495.4062,
       1,     170,     142,      21,       1,       3,       1,     10.0000,      1.4132,     42.7960,    251.9959,     63.4172,      3.4953,      0.0000,     -0.0322,      6.1480,      0.1409,      5.6602,     11.3205,      1.2449,     29.6540,     59.3081,      0.0195,      0.0048,      0.0156,      0.2091,   7948.6221,-429849.5312,   -916.6907,    557.9816,  26495.4062,
       1,     170,     142,      22,       1,       3,       1,     10.0000,      1.4132,     42.7960,    251.9959,     63.4172,      3.4953,      0.0000,     -0.0321,      1.8099,      0.1356,      5.6602,     11.3205,      1.1979,     29.6540,     59.3081,      0.0195,      0.0014,      0.0156,      0.2091,   7948.6221,-428593.7500,   -916.9860,    558.0696,  26495.4043,
       1,     170,     142,      23,       1,       3,       1,     10.0000,      1.4132,     42.7960,    251.9959,     63.4172,      3.4953,      0.0000,     -0.0319,      1.5852,      0.1319,      5.6602,     11.3205,      1.1655,     29.6540,     59.3081,      0.0195,      0.0012,      0.0156,      0.2091,   7948.6216,-423213.5625,   -916.1342,    558.4449,  26495.4062,
       1,     170,     142,      24,       1,       3,       1,     10.0000,      1.4132,     42.7960,    251.9959,     63.4172,      3.4953,      0.0000,     -0.0318,      1.2642,      0.1296,      5.6602,     11.3205,      1.1455,     29.6540,     59.3081,      0.0195,      0.0010,      0.0156,      0.2091,   7948.6221,-422484.1875,   -916.1191,    558.4960,  26495.4043,
       1,     170,     143,       1,       1,       3,       1,     10.0000,      1.4132,     42.7963,    252.0019,     63.4187,      3.4953,      0.0000,     -0.0318,      0.6383,      0.1296,      5.6604,     11.3209,      1.1455,     29.6543,     59.3086,      0.0195,      0.0005,      0.0156,      0.2092,   7948.6216,-422189.0000,   -916.4026,    558.5298,  26496.6035,
       1,     170,     143,       2,       1,       3,       1,     10.0000,      1.4132,     42.7963,    252.0019,     63.4187,      3.4953,      0.0000,     -0.0319,      0.4438,      0.1324,      5.6604,     11.3209,      1.1703,     29.6543,     59.3086,      0.0195,      0.0003,      0.0156,      0.2092,   7948.9814,-421248.9688,   -915.9942,    558.5955,  26496.6035,
       1,     170,     143,       3,       1,       3,       1,     10.0000,      1.4132,     42.7963,    252.0019,     63.4187,      3.4953,      0.0000,     -0.0320,      0.3433,      0.1338,      5.6604,     11.3209,      1.1822,     29.6543,     59.3086,      0.0195,      0.0003,      0.0156,      0.2092,   7948.9814,-420932.7188,   -915.9492,    558.6175,  26496.6035,
       1,     170,     143,       4,       1,       3,       1,     10.0000,      1.4132,     42.7963,    252.0019,     63.4187,      3.4953,      0.0000,     -0.0319,      0.4110,      0.1315,      5.6604,     11.3209,      1.1620,     29.6543,     59.3086,      0.0195,      0.0003,      0.0156,      0.2092,   7948.9814,-420783.7812,   -915.9253,    558.6279,  26496.6035,
       1,     170,     143,       5,       1,       3,       1,     10.0000,      1.4132,     42.7963,    252.0019,     63.4187,      3.4953,      0.0000,     -0.0318,      0.6388,      0.1286,      5.6604,     11.3209,      1.1363,     29.6543,     59.3086,      0.0195,      0.0005,      0.0156,      0.2092,   7948.9814,-420853.4688,   -915.9486,    558.6231,  26496.6035,
       1,     170,     143,       6,       1,       3,       1,     10.0000,      1.4132,     42.7963,    252.0019,     63.4187,      3.4953,      0.0000,     -0.0317,      0.5656,      0.1268,      5.6604,     11.3209,      1.1202,     29.6543,     59.3086,      0.0195,      0.0004,      0.0156,      0.2092,   7948.9814,-421136.1562,   -916.0324,    558.6033,  26496.6035,
       1,     170,     143,       7,       1,       3,       1,     10.0000,      1.4132,     42.7963,    252.0019,     63.4187,      3.4953,      0.0000,     -0.0317,      0.3635,      0.1256,      5.6604,     11.3209,      1.1099,     29.6543,     59.3086,      0.0195,      0.0003,      0.0156,      0.2092,   7948.9814,-421071.2500,   -916.0480,    558.6079,  26496.6035,
       1,     170,     143,       8,       1,       3,       1,     10.0000,      1.4132,     42.7963,    252.0019,     63.4187,      3.4953,      0.0174,     -0.0144,      0.1056,      0.1281,      5.6604,     11.3209,      1.1316,     29.6543,     59.3086,      0.0195,      0.0002,      0.0054,      0.2092,   7948.9814,-420820.0625,   -916.0088,    558.6254,  26496.6035,
       1,     170,     143,       9,       1,       3,       1,     10.0000,      1.4132,     42.7963,    252.0019,     63.4187,      3.4953,      0.1277,      0.0955,      3.4713,      0.1392,      5.6604,     11.3209,      1.2299,     29.6543,     59.3086,      0.0195,      0.0003,      0.1614,      0.2092,   7948.9814,-420485.4062,   -915.9879,    558.6488,  26496.6035,
       1,     170,     143,      10,       1,       3,       1,     10.0000,      1.4132,     42.7963,    252.0019,     63.4187,      3.4953,      0.1819,      0.1486,      6.4143,      0.1692,      5.6604,     11.3209,      1.4950,     29.6543,     59.3086,      0.0195,      0.0003,      0.2384,      0.2092,   7948.9814,-424547.3438,   -917.0845,    558.3652,  26496.6035,
       1,     170,     143,      11,       1,       3,       1,     10.0000,      1.4132,     42.7963,    252.0019,     63.4187,      3.4953,      0.1770,      0.1432,      6.8543,      0.1840,      5.6604,     11.3209,      1.6256,     29.6543,     59.3086,      0.0195,      0.0004,      0.2314,      0.2092,   7948.9814,-428468.9375,   -918.7198,    558.0914,  26496.6016,
       1,     170,     143,      12,       1,       3,       1,     10.0000,      1.4132,     42.7963,    252.0019,     63.4187,      3.4953,      0.1899,      0.1554,      8.5356,      0.2082,      5.6604,     11.3209,      1.8398,     29.6543,     59.3086,      0.0195,      0.0004,      0.2500,      0.2092,   7948.9810,-429337.0938,   -919.6212,    558.0309,  26496.6055,
       1,     170,     143,      13,       1,       3,       1,     10.0000,      1.4132,     42.7963,    252.0019,     63.4187,      3.4953,      0.1899,      0.1549,     10.8296,      0.2277,      5.6604,     11.3209,      2.0119,     29.6543,     59.3086,      0.0195,      0.0005,      0.2500,      0.2092,   7948.9819,-431453.6875,   -921.0693,    557.8834,  26496.6035,
       1,     170,     143,      14,       1,       3,       1,     10.0000,      1.4132,     42.7963,    252.0019,     63.4187,      3.4953,      0.1903,      0.1549,     16.8051,      0.2405,      5.6604,     11.3209,      2.1252,     29.6543,     59.3086,      0.0195,      0.0008,      0.2500,      0.2092,   7948.9814,-434421.5625,   -922.6660,    557.6764,  26496.6016,
       1,     170,     143,      15,       1,       3,       1,     10.0000,      1.4132,     42.7963,    252.0019,     63.4187,      3.4953,      0.1935,      0.1579,     57.7243,      0.2489,      5.6604,     11.3209,      2.1990,     29.6543,     59.3086,      0.0195,      0.0028,      0.2500,      0.2092,   7948.9810,-441937.3438,   -925.0565,    557.1525,  26496.6035,
       1,     170,     143,      16,       1,       3,       1,     10.0000,      1.4132,     42.7963,    252.0019,     63.4187,      3.4953,      0.1948,      0.1595,     74.1036,      0.2384,      5.6604,     11.3209,      2.1066,     29.6543,     59.3086,      0.0195,      0.0036,      0.2500,      0.2092,   7948.9814,-492319.5000,   -935.5001,    553.6440,  26496.6035,
       1,     170,     143,      17,       1,       3,       1,     10.0000,      1.4132,     42.7963,    252.0019,     63.4187,      3.4953,      0.1671,      0.1323,     79.7702,      0.2168,      5.6604,     11.3209,      1.9156,     29.6543,     59.3086,      0.0195,      0.0046,      0.2090,      0.2091,   7948.9814,-516544.6875,   -940.9542,    551.9785,  26496.6035,
       1,     170,     143,      18,       1,       3,       1,     10.0000,      1.4132,     42.7963,    252.0019,     63.4187,      3.4953,      0.0386,      0.0053,     13.0974,      0.1714,      5.6604,     11.3209,      1.5146,     29.6543,     59.3086,      0.0195,      0.0049,      0.0324,      0.2091,   7948.9814,-525483.4375,   -943.3682,    551.3643,  26496.6035,
       1,     170,     143,      19,       1,       3,       1,     10.0000,      1.4132,     42.7963,    252.0019,     63.4187,      3.4953,      0.0313,     -0.0009,     10.1673,      0.1397,      5.6604,     11.3209,      1.2349,     29.6543,     59.3086,      0.0195,      0.0052,      0.0235,      0.2091,   7948.9814,-445080.0312,   -928.3919,    556.9061,  26496.6035,
       1,     170,     143,      20,       1,       3,       1,     10.0000,      1.4132,     42.7963,    252.0019,     63.4187,      3.4953,      0.0127,     -0.0197,      7.9179,      0.1429,      5.6604,     11.3209,      1.2627,     29.6543,     59.3086,      0.0195,      0.0061,      0.0156,      0.2091,   7948.9814,-434804.7812,   -926.6202,    557.6492,  26496.6055,
       1,     170,     143,      21,       1,       3,       1,     10.0000,      1.4132,     42.7963,    252.0019,     63.4187,      3.4953,      0.0000,     -0.0323,      6.2647,      0.1429,      5.6604,     11.3209,      1.2627,     29.6543,     59.3086,      0.0195,      0.0049,      0.0156,      0.2092,   7948.9819,-431166.9375,   -926.0574,    557.9034,  26496.6016,
       1,     170,     143,      22,       1,       3,       1,     10.0000,      1.4132,     42.7963,    252.0019,     63.4187,      3.4953,      0.0000,     -0.0323,      5.3908,      0.1419,      5.6604,     11.3209,      1.2538,     29.6543,     59.3086,      0.0195,      0.0042,      0.0156,      0.2092,   7948.9810,-428849.0000,   -925.7239,    558.0651,  26496.6016,
       1,     170,     143,      23,       1,       3,       1,     10.0000,      1.4132,     42.7963,    252.0019,     63.4187,      3.4953,      0.0000,     -0.0322,      2.8293,      0.1406,      5.6604,     11.3209,      1.2424,     29.6543,     59.3086,      0.0195,      0.0022,      0.0156,      0.2092,   7948.9810,-427590.3438,   -925.5748,    558.1529,  26496.6035,
       1,     170,     143,      24,       1,       3,       1,     10.0000,      1.4132,     42.7963,    252.0019,     63.4187,      3.4953,      0.0000,     -0.0322,      1.3824,      0.1399,      5.6604,     11.3209,      1.2362,     29.6543,     59.3086,      0.0195,      0.0011,      0.0156,      0.2092,   7948.9814,-424369.8750,   -925.0036,    558.3776,  26496.6035,
       1,     170,     144,       1,       1,       3,       1,     10.0000,      1.4132,     42.7967,    252.0079,     63.4202,      3.4953,      0.0000,     -0.0321,      0.8789,      0.1368,      5.6604,     11.3208,      1.2089,     29.6559,     59.3119,      0.0195,      0.0007,      0.0156,      0.2092,   7948.9814,-422495.0312,   -924.9445,    558.5217,  26497.7969,
       1,     170,     144,       2,       1,       3,       1,     10.0000,      1.4132,     42.7967,    252.0079,     63.4202,      3.4953,      0.0000,     -0.0321,      0.4797,      0.1364,      5.6604,     11.3208,      1.2053,     29.6559,     59.3119,      0.0195,      0.0004,      0.0156,      0.2092,   7949.3394,-421570.6562,   -924.5049,    558.5863,  26497.7988,
       1,     170,     144,       3,       1,       3,       1,     10.0000,      1.4132,     42.7967,    252.0079,     63.4202,      3.4953,      0.0000,     -0.0321,      0.3326,      0.1363,      5.6604,     11.3208,      1.2040,     29.6559,     59.3119,      0.0195,      0.0003,      0.0156,      0.2092,   7949.3398,-421006.7500,   -924.4003,    558.6256,  26497.7969,
       1,     170,     144,       4,       1,       3,       1,     10.0000,      1.4132,     42.7967,    252.0079,     63.4202,      3.4953,      0.0000,     -0.0320,      0.3392,      0.1350,      5.6604,     11.3208,      1.1931,     29.6559,     59.3119,      0.0195,      0.0003,      0.0156,      0.2092,   7949.3394,-420780.5938,   -924.3597,    558.6414,  26497.8008,
       1,     170,     144,       5,       1,       3,       1,     10.0000,      1.4132,     42.7967,    252.0079,     63.4202,      3.4953,      0.0000,     -0.0320,      0.3219,      0.1342,      5.6604,     11.3208,      1.1859,     29.6559,     59.3119,      0.0195,      0.0002,      0.0156,      0.2092,   7949.3403,-420768.8750,   -924.3583,    558.6422,  26497.7969,
       1,     170,     144,       6,       1,       3,       1,     10.0000,      1.4132,     42.7967,    252.0079,     63.4202,      3.4953,      0.0000,     -0.0320,      0.3468,      0.1350,      5.6604,     11.3208,      1.1931,     29.6559,     59.3119,      0.0195,      0.0003,      0.0156,      0.2092,   7949.3394,-420747.4688,   -924.3568,    558.6437,  26497.7988,
       1,     170,     144,       7,       1,       3,       1,     10.0000,      1.4132,     42.7967,    252.0079,     63.4202,      3.4953,      0.0000,     -0.0321,      0.3275,      0.1363,      5.6604,     11.3208,      1.2040,     29.6559,     59.3119,      0.0195,      0.0003,      0.0156,      0.2092,   7949.3398,-420775.4688,   -924.3632,    558.6418,  26497.7988,
       1,     170,     144,       8,       1,       3,       1,     10.0000,      1.4132,     42.7967,    252.0079,     63.4202,      3.4953,      0.0199,     -0.0121,      0.1799,      0.1354,      5.6604,     11.3208,      1.1967,     29.6559,     59.3119,      0.0195,      0.0003,      0.0086,      0.2092,   7949.3398,-420754.4375,   -924.3610,    558.6433,  26497.7988,
       1,     170,     144,       9,       1,       3,       1,     10.0000,      1.4132,     42.7967,    252.0079,     63.4202,      3.4953,      0.1451,      0.1125,      4.4470,      0.1526,      5.6604,     11.3208,      1.3483,     29.6559,     59.3119,      0.0195,      0.0003,      0.1861,      0.2092,   7949.3398,-420573.1250,   -924.3321,    558.6559,  26497.7988,
       1,     170,     144,      10,       1,       3,       1,     10.0000,      1.4132,     42.7967,    252.0079,     63.4202,      3.4953,      0.1840,      0.1503,      7.0135,      0.1809,      5.6604,     11.3208,      1.5984,     29.6559,     59.3119,      0.0195,      0.0004,      0.2414,      0.2092,   7949.3398,-425743.1562,   -925.3760,    558.2949,  26497.7988,
       1,     170,     144,      11,       1,       3,       1,     10.0000,      1.4132,     42.7967,    252.0079,     63.4202,      3.4953,      0.1319,      0.0980,      5.0140,      0.1864,      5.6604,     11.3208,      1.6468,     29.6559,     59.3119,      0.0195,      0.0004,      0.1668,      0.2092,   7949.3398,-429301.0000,   -926.1553,    558.0468,  26497.7988,
       1,     170,     144,      12,       1,       3,       1,     10.0000,      1.4132,     42.7967,    252.0079,     63.4202,      3.4953,      0.1899,      0.1551,      8.9211,      0.2164,      5.6604,     11.3208,      1.9119,     29.6559,     59.3119,      0.0195,      0.0004,      0.2500,      0.2092,   7949.3398,-427172.8125,   -925.8044,    558.1953,  26497.7969,
       1,     170,     144,      13,       1,       3,       1,     10.0000,      1.4132,     42.7967,    252.0079,     63.4202,      3.4953,      0.1778,      0.1434,      7.8635,      0.2064,      5.6604,     11.3208,      1.8236,     29.6559,     59.3119,      0.0195,      0.0004,      0.2327,      0.2092,   7949.3394,-431740.8125,   -926.7858,    557.8765,  26497.7988,
       1,     170,     144,      14,       1,       3,       1,     10.0000,      1.4132,     42.7967,    252.0079,     63.4202,      3.4953,      0.0226,     -0.0093,      0.5897,      0.1331,      5.6604,     11.3208,      1.1763,     29.6559,     59.3119,      0.0195,      0.0006,      0.0125,      0.2092,   7949.3398,-430842.8750,   -912.7941,    557.9392,  26497.7988,
       1,     170,     144,      15,       1,       3,       1,     10.0000,      1.4132,     42.7967,    252.0079,     63.4202,      3.4953,      0.0633,      0.0319,     10.1381,      0.1183,      5.6604,     11.3208,      1.0450,     29.6559,     59.3119,      0.0195,      0.0018,      0.0697,      0.2092,   7949.3398,-421926.4062,   -910.4052,    558.5611,  26497.8008,
       1,     170,     144,      16,       1,       3,       1,     10.0000,      1.4132,     42.7967,    252.0079,     63.4202,      3.4953,      0.1050,      0.0733,     19.5121,      0.1261,      5.6604,     11.3208,      1.1145,     29.6559,     59.3119,      0.0195,      0.0019,      0.1275,      0.2092,   7949.3403,-432773.9688,   -912.8273,    557.8041,  26497.7988,
       1,     170,     144,      17,       1,       3,       1,     10.0000,      1.4132,     42.7967,    252.0079,     63.4202,      3.4953,      0.0959,      0.0640,     28.2670,      0.1319,      5.6604,     11.3208,      1.1656,     29.6559,     59.3119,      0.0195,      0.0030,      0.1135,      0.2092,   7949.3398,-445088.2812,   -915.6757,    556.9459,  26497.8008,
       1,     170,     144,      18,       1,       3,       1,     10.0000,      1.4132,     42.7967,    252.0079,     63.4202,      3.4953,      0.0736,      0.0416,     20.9476,      0.1342,      5.6604,     11.3208,      1.1859,     29.6559,     59.3119,      0.0195,      0.0031,      0.0826,      0.2092,   7949.3403,-456775.6250,   -918.6057,    556.1329,  26497.8008,
       1,     170,     144,      19,       1,       3,       1,     10.0000,      1.4132,     42.7967,    252.0079,     63.4202,      3.4953,      0.0335,      0.0014,      1.8632,      0.1343,      5.6604,     11.3208,      1.1871,     29.6559,     59.3119,      0.0195,      0.0008,      0.0277,      0.2092,   7949.3403,-448867.5938,   -917.8959,    556.6833,  26497.8008,
       1,     170,     144,      20,       1,       3,       1,     10.0000,      1.4132,     42.7967,    252.0079,     63.4202,      3.4953,      0.0079,     -0.0240,      0.3145,      0.1315,      5.6604,     11.3208,      1.1620,     29.6559,     59.3119,      0.0195,      0.0002,      0.0156,      0.2092,   7949.3403,-424997.8750,   -913.7573,    558.3446,  26497.7988,
       1,     170,     144,      21,       1,       3,       1,     10.0000,      1.4132,     42.7967,    252.0079,     63.4202,      3.4953,      0.0000,     -0.0318,      0.3069,      0.1287,      5.6604,     11.3208,      1.1374,     29.6559,     59.3119,      0.0195,      0.0002,      0.0156,      0.2092,   7949.3398,-421099.6562,   -913.0734,    558.6191,  26497.7969,
       1,     170,     144,      22,       1,       3,       1,     10.0000,      1.4132,     42.7967,    252.0079,     63.4202,      3.4953,      0.0000,     -0.0318,      0.3202,      0.1291,      5.6604,     11.3208,      1.1409,     29.6559,     59.3119,      0.0195,      0.0002,      0.0156,      0.2092,   7949.3394,-420757.3438,   -913.0137,    558.6431,  26497.7988,
       1,     170,     144,      23,       1,       3,       1,     10.0000,      1.4132,     42.7967,    252.0079,     63.4202,      3.4953,      0.0000,     -0.0319,      0.4592,      0.1311,      5.6604,     11.3208,      1.1585,     29.6559,     59.3119,      0.0195,      0.0004,      0.0156,      0.2092,   7949.3398,-420744.0312,   -913.0134,    558.6440,  26497.7969,
       1,     170,     144,      24,       1,       3,       1,     10.0000,      1.4132,     42.7967,    252.0079,     63.4202,      3.4953,      0.0000,     -0.0319,      0.7638,      0.1318,      5.6604,     11.3208,      1.1644,     29.6559,     59.3119,      0.0195,      0.0006,      0.0156,      0.2092,   7949.3394,-420912.1562,   -913.0648,    558.6323,  26497.7969,
       1,     170,     145,       1,       1,       3,       1,     10.0000,      1.4133,     42.7970,    252.0139,     63.4217,      3.4953,      0.0000,     -0.0320,      0.4176,      0.1352,      5.6610,     11.3220,      1.1943,     29.6466,     59.2933,      0.0195,      0.0003,      0.0156,      0.2092,   7949.3394,-421453.1562,   -913.4717,    558.6078,  26498.9922,
       1,     170,     145,       2,       1,       3,       1,     10.0000,      1.4133,     42.7970,    252.0139,     63.4217,      3.4953,      0.0000,     -0.0319,      0.3229,      0.1310,      5.6610,     11.3220,      1.1573,     29.6466,     59.2933,      0.0195,      0.0003,      0.0156,      0.2092,   7949.6978,-420924.6250,   -913.1260,    558.6447,  26498.9961,
       1,     170,     145,       3,       1,       3,       1,     10.0000,      1.4133,     42.7970,    252.0139,     63.4217,      3.4953,      0.0000,     -0.0317,      0.3016,      0.1268,      5.6610,     11.3220,      1.1202,     29.6466,     59.2933,      0.0195,      0.0002,      0.0156,      0.2092,   7949.6992,-420764.3438,   -913.0991,    558.6559,  26498.9941,
       1,     170,     145,       4,       1,       3,       1,     10.0000,      1.4133,     42.7970,    252.0139,     63.4217,      3.4953,      0.0000,     -0.0317,      0.2999,      0.1261,      5.6610,     11.3220,      1.1145,     29.6466,     59.2933,      0.0195,      0.0002,      0.0156,      0.2092,   7949.6987,-420725.0625,   -913.0934,    558.6587,  26498.9941,
       1,     170,     145,       5,       1,       3,       1,     10.0000,      1.4133,     42.7970,    252.0139,     63.4217,      3.4953,      0.0000,     -0.0317,      0.3013,      0.1266,      5.6610,     11.3220,      1.1191,     29.6466,     59.2933,      0.0195,      0.0002,      0.0156,      0.2092,   7949.6987,-420719.5000,   -913.0940,    558.6590,  26498.9941,
       1,     170,     145,       6,       1,       3,       1,     10.0000,      1.4133,     42.7970,    252.0139,     63.4217,      3.4953,      0.0000,     -0.0318,      0.3105,      0.1300,      5.6610,     11.3220,      1.1491,     29.6466,     59.2933,      0.0195,      0.0002,      0.0156,      0.2092,   7949.6987,-420720.8125,   -913.0957,    558.6589,  26498.9941,
       1,     170,     145,       7,       1,       3,       1,     10.0000,      1.4133,     42.7970,    252.0139,     63.4217,      3.4953,      0.0000,     -0.0319,      0.3134,      0.1311,      5.6610,     11.3220,      1.1585,     29.6466,     59.2933,      0.0195,      0.0002,      0.0156,      0.2092,   7949.6987,-420732.2188,   -913.0992,    558.6581,  26498.9941,
       1,     170,     145,       8,       1,       3,       1,     10.0000,      1.4133,     42.7970,    252.0139,     63.4217,      3.4953,      0.0179,     -0.0139,      0.1186,      0.1287,      5.6610,     11.3220,      1.1375,     29.6466,     59.2933,      0.0195,      0.0002,      0.0060,      0.2092,   7949.6987,-420736.6562,   -913.1017,    558.6578,  26498.9922,
       1,     170,     145,       9,       1,       3,       1,     10.0000,      1.4133,     42.7970,    252.0139,     63.4217,      3.4953,      0.1351,      0.1027,      3.8684,      0.1448,      5.6610,     11.3220,      1.2795,     29.6466,     59.2933,      0.0195,      0.0003,      0.1719,      0.2092,   7949.6978,-420500.4688,   -913.1154,    558.6744,  26498.9922,
       1,     170,     145,      10,       1,       3,       1,     10.0000,      1.4133,     42.7970,    252.0139,     63.4217,      3.4953,      0.1871,      0.1537,      6.8216,      0.1738,      5.6610,     11.3220,      1.5360,     29.6466,     59.2933,      0.0195,      0.0003,      0.2458,      0.2092,   7949.6978,-425036.5000,   -914.5107,    558.3576,  26498.9961,
       1,     170,     145,      11,       1,       3,       1,     10.0000,      1.4133,     42.7970,    252.0139,     63.4217,      3.4953,      0.1899,      0.1561,      7.5067,      0.1862,      5.6610,     11.3220,      1.6452,     29.6466,     59.2933,      0.0195,      0.0004,      0.2500,      0.2092,   7949.6992,-429009.5625,   -913.5643,    558.0804,  26498.9941,
       1,     170,     145,      12,       1,       3,       1,     10.0000,      1.4133,     42.7970,    252.0139,     63.4217,      3.4953,      0.1882,      0.1543,      7.5868,      0.1895,      5.6610,     11.3220,      1.6749,     29.6466,     59.2933,      0.0195,      0.0004,      0.2475,      0.2092,   7949.6987,-430179.3750,   -914.8950,    557.9988,  26498.9961,
       1,     170,     145,      13,       1,       3,       1,     10.0000,      1.4133,     42.7970,    252.0139,     63.4217,      3.4953,      0.1898,      0.1550,      9.1253,      0.2207,      5.6610,     11.3220,      1.9499,     29.6466,     59.2933,      0.0195,      0.0004,      0.2500,      0.2092,   7949.6992,-430375.6562,   -916.0704,    557.9851,  26498.9941,
       1,     170,     145,      14,       1,       3,       1,     10.0000,      1.4133,     42.7970,    252.0139,     63.4217,      3.4953,      0.1904,      0.1554,     16.5713,      0.2259,      5.6610,     11.3220,      1.9963,     29.6466,     59.2933,      0.0195,      0.0008,      0.2500,      0.2092,   7949.6987,-432262.2188,   -917.9301,    557.8535,  26498.9941,
       1,     170,     145,      15,       1,       3,       1,     10.0000,      1.4133,     42.7970,    252.0139,     63.4217,      3.4953,      0.1931,      0.1576,     53.6098,      0.2491,      5.6610,     11.3220,      2.2013,     29.6466,     59.2933,      0.0195,      0.0026,      0.2500,      0.2092,   7949.6987,-441470.7188,   -920.9095,    557.2114,  26498.9961,
       1,     170,     145,      16,       1,       3,       1,     10.0000,      1.4133,     42.7970,    252.0139,     63.4217,      3.4953,      0.1719,      0.1369,     69.4835,      0.2250,      5.6610,     11.3220,      1.9885,     29.6466,     59.2933,      0.0195,      0.0039,      0.2172,      0.2092,   7949.6992,-487268.0625,   -931.0981,    554.0220,  26498.9922,
       1,     170,     145,      17,       1,       3,       1,     10.0000,      1.4133,     42.7970,    252.0139,     63.4217,      3.4953,      0.0442,      0.0116,     10.4650,      0.1520,      5.6610,     11.3220,      1.3429,     29.6466,     59.2933,      0.0195,      0.0031,      0.0414,      0.2092,   7949.6978,-510477.9062,   -928.0369,    552.4237,  26498.9941,
       1,     170,     145,      18,       1,       3,       1,     10.0000,      1.4133,     42.7970,    252.0139,     63.4217,      3.4953,      0.0279,     -0.0044,      6.2191,      0.1417,      5.6610,     11.3220,      1.2526,     29.6466,     59.2933,      0.0195,      0.0040,      0.0189,      0.2091,   7949.6987,-440630.4688,   -916.1072,    557.2492,  26498.9922,
       1,     170,     145,      19,       1,       3,       1,     10.0000,      1.4133,     42.7970,    252.0139,     63.4217,      3.4953,      0.0261,     -0.0062,      5.7548,      0.1432,      5.6610,     11.3220,      1.2653,     29.6466,     59.2933,      0.0195,      0.0042,      0.0164,      0.2092,   7949.6978,-429624.6875,   -914.7933,    558.0369,  26498.9941,
       1,     170,     145,      20,       1,       3,       1,     10.0000,      1.4133,     42.7970,    252.0139,     63.4217,      3.4953,      0.0145,     -0.0178,      0.2972,      0.1412,      5.6610,     11.3220,      1.2475,     29.6466,     59.2933,      0.0195,      0.0062,      0.0006,      0.2092,   7949.6987,-428103.4062,   -914.9881,    558.1436,  26498.9961,
       1,     170,     145,      21,       1,       3,       1,     10.0000,      1.4133,     42.7970,    252.0139,     63.4217,      3.4953,      0.0000,     -0.0321,      6.6173,      0.1376,      5.6610,     11.3220,      1.2163,     29.6466,     59.2933,      0.0195,      0.0051,      0.0156,      0.2092,   7949.6992,-421341.6562,   -914.4264,    558.6154,  26498.9941,
       1,     170,     145,      22,       1,       3,       1,     10.0000,      1.4133,     42.7970,    252.0139,     63.4217,      3.4953,      0.0000,     -0.0321,      1.0562,      0.1372,      5.6610,     11.3220,      1.2126,     29.6466,     59.2933,      0.0195,      0.0008,      0.0156,      0.2092,   7949.6987,-428448.0312,   -916.3723,    558.1194,  26498.9941,
       1,     170,     145,      23,       1,       3,       1,     10.0000,      1.4133,     42.7970,    252.0139,     63.4217,      3.4953,      0.0000,     -0.0319,      0.4086,      0.1323,      5.6610,     11.3220,      1.1691,     29.6466,     59.2933,      0.0195,      0.0003,      0.0156,      0.2092,   7949.6987,-422293.5938,   -915.3253,    558.5490,  26498.9941,
       1,     170,     145,      24,       1,       3,       1,     10.0000,      1.4133,     42.7970,    252.0139,     63.4217,      3.4953,      0.0000,     -0.0319,      0.3431,      0.1328,      5.6610,     11.3220,      1.1739,     29.6466,     59.2933,      0.0195,      0.0003,      0.0156,      0.2092,   7949.6987,-420984.9375,   -915.0970,    558.6405,  26498.9922,
       1,     170,     146,       1,       1,       3,       1,     10.0000,      1.4133,     42.7974,    252.0199,     63.4233,      3.4953,      0.0000,     -0.0320,      0.3215,      0.1341,      5.6609,     11.3218,      1.1847,     29.6451,     59.2902,      0.0195,      0.0002,      0.0156,      0.2092,   7949.6978,-420951.5000,   -915.3635,    558.6561,  26500.1934,
       1,     170,     146,       2,       1,       3,       1,     10.0000,      1.4133,     42.7974,    252.0199,     63.4233,      3.4953,      0.0000,     -0.0319,      0.3174,      0.1326,      5.6609,     11.3218,      1.1715,     29.6451,     59.2902,      0.0195,      0.0002,      0.0156,      0.2092,   7950.0581,-420768.0938,   -915.0680,    558.6689,  26500.1934,
       1,     170,     146,       3,       1,       3,       1,     10.0000,      1.4133,     42.7974,    252.0199,     63.4233,      3.4953,      0.0000,     -0.0320,      0.3354,      0.1337,      5.6609,     11.3218,      1.1811,     29.6451,     59.2902,      0.0195,      0.0003,      0.0156,      0.2092,   7950.0581,-420747.5938,   -915.0658,    558.6704,  26500.1934,
       1,     170,     146,       4,       1,       3,       1,     10.0000,      1.4133,     42.7974,    252.0199,     63.4233,      3.4953,      0.0000,     -0.0320,      0.3360,      0.1330,      5.6609,     11.3218,      1.1751,     29.6451,     59.2902,      0.0195,      0.0003,      0.0156,      0.2092,   7950.0581,-420767.6562,   -915.0724,    558.6690,  26500.1934,
       1,     170,     146,       5,       1,       3,       1,     10.0000,      1.4133,     42.7974,    252.0199,     63.4233,      3.4953,      0.0000,     -0.0318,      0.3112,      0.1303,      5.6609,     11.3218,      1.1515,     29.6451,     59.2902,      0.0195,      0.0002,      0.0156,      0.2092,   7950.0581,-420770.0625,   -915.0762,    558.6688,  26500.1953,
       1,     170,     146,       6,       1,       3,       1,     10.0000,      1.4133,     42.7974,    252.0199,     63.4233,      3.4953,      0.0000,     -0.0318,      0.3076,      0.1290,      5.6609,     11.3218,      1.1398,     29.6451,     59.2902,      0.0195,      0.0002,      0.0156,      0.2092,   7950.0591,-420740.0000,   -915.0718,    558.6710,  26500.1934,
       1,     170,     146,       7,       1,       3,       1,     10.0000,      1.4133,     42.7974,    252.0199,     63.4233,      3.4953,      0.0000,     -0.0319,      0.3138,      0.1312,      5.6609,     11.3218,      1.1597,     29.6451,     59.2902,      0.0195,      0.0002,      0.0156,      0.2092,   7950.0581,-420733.2188,   -915.0725,    558.6714,  26500.1934,
       1,     170,     146,       8,       1,       3,       1,     10.0000,      1.4133,     42.7974,    252.0199,     63.4233,      3.4953,      0.0107,     -0.0211,      0.3138,      0.1312,      5.6609,     11.3218,      1.1597,     29.6451,     59.2902,      0.0195,      0.0002,      0.0156,      0.2092,   7950.0581,-420740.1562,   -915.0754,    558.6709,  26500.1934,
       1,     170,     146,       9,       1,       3,       1,     10.0000,      1.4133,     42.7974,    252.0199,     63.4233,      3.4953,      0.0885,      0.0564,      2.2086,      0.1356,      5.6609,     11.3218,      1.1980,     29.6451,     59.2902,      0.0195,      0.0003,      0.1058,      0.2092,   7950.0581,-420740.7812,   -915.1066,    558.6709,  26500.1934,
       1,     170,     146,      10,       1,       3,       1,     10.0000,      1.4133,     42.7974,    252.0199,     63.4233,      3.4953,      0.1499,      0.1175,      4.4078,      0.1467,      5.6609,     11.3218,      1.2964,     29.6451,     59.2902,      0.0195,      0.0003,      0.1929,      0.2092,   7950.0581,-423042.6875,   -915.7309,    558.5101,  26500.1934,
       1,     170,     146,      11,       1,       3,       1,     10.0000,      1.4133,     42.7974,    252.0199,     63.4233,      3.4953,      0.1662,      0.1330,      5.6986,      0.1663,      5.6609,     11.3218,      1.4699,     29.6451,     59.2902,      0.0195,      0.0003,      0.2160,      0.2092,   7950.0581,-425909.9062,   -916.8392,    558.3099,  26500.1934,
       1,     170,     146,      12,       1,       3,       1,     10.0000,      1.4133,     42.7974,    252.0199,     63.4233,      3.4953,      0.1883,      0.1544,      7.6530,      0.1909,      5.6609,     11.3218,      1.6866,     29.6451,     59.2902,      0.0195,      0.0004,      0.2477,      0.2092,   7950.0581,-427721.4688,   -917.8026,    558.1835,  26500.1934,
       1,     170,     146,      13,       1,       3,       1,     10.0000,      1.4133,     42.7974,    252.0199,     63.4233,      3.4953,      0.1428,      0.1090,      5.4041,      0.1840,      5.6609,     11.3218,      1.6257,     29.6451,     59.2902,      0.0195,      0.0004,      0.1824,      0.2092,   7950.0581,-430249.8125,   -919.1426,    558.0072,  26500.1934,
       1,     170,     146,      14,       1,       3,       1,     10.0000,      1.4133,     42.7974,    252.0199,     63.4233,      3.4953,      0.1471,      0.1138,      5.1676,      0.1718,      5.6609,     11.3218,      1.5177,     29.6451,     59.2902,      0.0195,      0.0003,      0.1888,      0.2092,   7950.0581,-427731.5625,   -919.1127,    558.1829,  26500.1934,
       1,     170,     146,      15,       1,       3,       1,     10.0000,      1.4133,     42.7974,    252.0199,     63.4233,      3.4953,      0.1810,      0.1474,     12.5540,      0.1798,      5.6609,     11.3218,      1.5890,     29.6451,     59.2902,      0.0195,      0.0006,      0.2365,      0.2092,   7950.0581,-427230.7188,   -919.4564,    558.2178,  26500.1934,
       1,     170,     146,      16,       1,       3,       1,     10.0000,      1.4133,     42.7974,    252.0199,     63.4233,      3.4953,      0.1728,      0.1389,     31.5262,      0.1903,      5.6609,     11.3218,      1.6816,     29.6451,     59.2902,      0.0195,      0.0017,      0.2226,      0.2092,   7950.0581,-436162.7812,   -921.7707,    557.5946,  26500.1934,
       1,     170,     146,      17,       1,       3,       1,     10.0000,      1.4133,     42.7974,    252.0199,     63.4233,      3.4953,      0.1514,      0.1177,     42.0182,      0.1827,      5.6609,     11.3218,      1.6145,     29.6451,     59.2902,      0.0195,      0.0027,      0.1907,      0.2092,   7950.0581,-459975.0000,   -926.9130,    555.9352,  26500.1934,
       1,     170,     146,      18,       1,       3,       1,     10.0000,      1.4133,     42.7974,    252.0199,     63.4233,      3.4953,      0.1061,      0.0727,     22.7332,      0.1714,      5.6609,     11.3218,      1.5147,     29.6451,     59.2902,      0.0195,      0.0021,      0.1279,      0.2092,   7950.0581,-474752.5938,   -930.3005,    554.9108,  26500.1934,
       1,     170,     146,      19,       1,       3,       1,     10.0000,      1.4133,     42.7974,    252.0199,     63.4233,      3.4953,      0.0587,      0.0254,      8.8362,      0.1687,      5.6609,     11.3218,      1.4907,     29.6451,     59.2902,      0.0195,      0.0017,      0.0617,      0.2092,   7950.0581,-452555.5625,   -925.1190,    556.4514,  26500.1953,
       1,     170,     146,      20,       1,       3,       1,     10.0000,      1.4133,     42.7974,    252.0199,     63.4233,      3.4953,      0.0119,     -0.0212,      2.5079,      0.1624,      5.6609,     11.3218,      1.4350,     29.6451,     59.2902,      0.0195,      0.0019,      0.0156,      0.2092,   7950.0591,-433791.3125,   -921.8845,    557.7587,  26500.1934,
       1,     170,     146,      21,       1,       3,       1,     10.0000,      1.4133,     42.7974,    252.0199,     63.4233,      3.4953,      0.0000,     -0.0328,      2.9619,      0.1552,      5.6609,     11.3218,      1.3716,     29.6451,     59.2902,      0.0195,      0.0023,      0.0156,      0.2092,   7950.0581,-424514.4062,   -920.3135,    558.4070,  26500.1934,
       1,     170,     146,      22,       1,       3,       1,     10.0000,      1.4133,     42.7974,    252.0199,     63.4233,      3.4953,      0.0000,     -0.0326,      3.2157,      0.1503,      5.6609,     11.3218,      1.3282,     29.6451,     59.2902,      0.0195,      0.0025,      0.0156,      0.2092,   7950.0581,-424278.6250,   -920.4073,    558.4238,  26500.1934,
       1,     170,     146,      23,       1,       3,       1,     10.0000,      1.4133,     42.7974,    252.0199,     63.4233,      3.4953,      0.0000,     -0.0326,      2.3749,      0.1511,      5.6609,     11.3218,      1.3349,     29.6451,     59.2902,      0.0195,      0.0018,      0.0156,      0.2092,   7950.0581,-424566.5938,   -920.5901,    558.4038,  26500.1934,
       1,     170,     146,      24,       1,       3,       1,     10.0000,      1.4133,     42.7974,    252.0199,     63.4233,      3.4953,      0.0000,     -0.0325,      2.1231,      0.1486,      5.6609,     11.3218,      1.3135,     29.6451,     59.2902,      0.0195,      0.0016,      0.0156,      0.2092,   7950.0581,-423569.2812,   -920.4880,    558.4734,  26500.1934,
       1,     170,     147,       1,       1,       3,       1,     10.0000,      1.4133,     42.7977,    252.0258,     63.4248,      3.4953,      0.0000,     -0.0324,      1.8429,      0.1461,      5.6611,     11.3222,      1.2912,     29.6435,     59.2871,      0.0195,      0.0014,      0.0156,      0.2093,   7950.0581,-423335.5625,   -920.8049,    558.5031,  26501.3906,
       1,     170,     147,       2,       1,       3,       1,     10.0000,      1.4133,     42.7977,    252.0258,     63.4248,      3.4953,      0.0000,     -0.0324,      1.5655,      0.1436,      5.6611,     11.3222,      1.2692,     29.6435,     59.2871,      0.0195,      0.0012,      0.0156,      0.2093,   7950.4175,-422821.3438,   -920.5219,    558.5389,  26501.3887,
       1,     170,     147,       3,       1,       3,       1,     10.0000,      1.4133,     42.7977,    252.0258,     63.4248,      3.4953,      0.0000,     -0.0323,      1.0116,      0.1425,      5.6611,     11.3222,      1.2590,     29.6435,     59.2871,      0.0195,      0.0008,      0.0156,      0.2093,   7950.4170,-422440.9375,   -920.5228,    558.5655,  26501.3887,
       1,     170,     147,       4,       1,       3,       1,     10.0000,      1.4133,     42.7977,    252.0258,     63.4248,      3.4953,      0.0000,     -0.0323,      1.1180,      0.1433,      5.6611,     11.3222,      1.2667,     29.6435,     59.2871,      0.0195,      0.0009,      0.0156,      0.2093,   7950.4170,-421735.7500,   -920.4304,    558.6147,  26501.3887,
       1,     170,     147,       5,       1,       3,       1,     10.0000,      1.4133,     42.7977,    252.0258,     63.4248,      3.4953,      0.0000,     -0.0323,      1.0802,      0.1413,      5.6611,     11.3222,      1.2488,     29.6435,     59.2871,      0.0195,      0.0008,      0.0156,      0.2093,   7950.4170,-421805.1875,   -920.4874,    558.6098,  26501.3906,
       1,     170,     147,       6,       1,       3,       1,     10.0000,      1.4133,     42.7977,    252.0258,     63.4248,      3.4953,      0.0000,     -0.0322,      0.8918,      0.1393,      5.6611,     11.3222,      1.2313,     29.6435,     59.2871,      0.0195,      0.0007,      0.0156,      0.2093,   7950.4175,-421765.0625,   -920.5129,    558.6127,  26501.3906,
       1,     170,     147,       7,       1,       3,       1,     10.0000,      1.4133,     42.7977,    252.0258,     63.4248,      3.4953,      0.0000,     -0.0322,      0.7067,      0.1398,      5.6611,     11.3222,      1.2350,     29.6435,     59.2871,      0.0195,      0.0005,      0.0156,      0.2093,   7950.4175,-421532.7500,   -920.4973,    558.6288,  26501.3906,
       1,     170,     147,       8,       1,       3,       1,     10.0000,      1.4133,     42.7977,    252.0258,     63.4248,      3.4953,      0.0100,     -0.0221,      0.5119,      0.1377,      5.6611,     11.3222,      1.2164,     29.6435,     59.2871,      0.0195,      0.0004,      0.0156,      0.2093,   7950.4175,-421288.2500,   -920.4699,    558.6460,  26501.3906,
       1,     170,     147,       9,       1,       3,       1,     10.0000,      1.4133,     42.7977,    252.0258,     63.4248,      3.4953,      0.0934,      0.0611,      2.9460,      0.1429,      5.6611,     11.3222,      1.2628,     29.6435,     59.2871,      0.0195,      0.0003,      0.1126,      0.2093,   7950.4175,-421030.8438,   -920.4460,    558.6639,  26501.3906,
       1,     170,     147,      10,       1,       3,       1,     10.0000,      1.4133,     42.7977,    252.0258,     63.4248,      3.4953,      0.1724,      0.1390,      6.1748,      0.1723,      5.6611,     11.3222,      1.5223,     29.6435,     59.2871,      0.0195,      0.0003,      0.2248,      0.2093,   7950.4175,-423965.7812,   -921.1334,    558.4590,  26501.3887,
       1,     170,     147,      11,       1,       3,       1,     10.0000,      1.4133,     42.7977,    252.0258,     63.4248,      3.4953,      0.1665,      0.1327,      6.4538,      0.1851,      5.6611,     11.3222,      1.6355,     29.6435,     59.2871,      0.0195,      0.0004,      0.2164,      0.2093,   7950.4170,-428137.3125,   -922.2620,    558.1678,  26501.3906,
       1,     170,     147,      12,       1,       3,       1,     10.0000,      1.4133,     42.7977,    252.0258,     63.4248,      3.4953,      0.1899,      0.1557,      8.1021,      0.1990,      5.6611,     11.3222,      1.7583,     29.6435,     59.2871,      0.0195,      0.0004,      0.2500,      0.2093,   7950.4175,-428830.0312,   -922.7413,    558.1196,  26501.3906,
       1,     170,     147,      13,       1,       3,       1,     10.0000,      1.4133,     42.7977,    252.0258,     63.4248,      3.4953,      0.1898,      0.1548,      9.5150,      0.2288,      5.6611,     11.3222,      2.0220,     29.6435,     59.2871,      0.0195,      0.0005,      0.2500,      0.2093,   7950.4175,-430891.1562,   -923.5663,    557.9758,  26501.3926,
       1,     170,     147,      14,       1,       3,       1,     10.0000,      1.4133,     42.7977,    252.0258,     63.4248,      3.4953,      0.1904,      0.1554,     17.0392,      0.2288,      5.6611,     11.3222,      2.0220,     29.6435,     59.2871,      0.0195,      0.0008,      0.2500,      0.2093,   7950.4180,-432782.3438,   -924.5554,    557.8439,  26501.3906,
       1,     170,     147,      15,       1,       3,       1,     10.0000,      1.4133,     42.7977,    252.0258,     63.4248,      3.4953,      0.1916,      0.1564,     60.4565,      0.2340,      5.6611,     11.3222,      2.0681,     29.6435,     59.2871,      0.0195,      0.0030,      0.2468,      0.2093,   7950.4175,-442084.3438,   -926.7602,    557.1953,  26501.3926,
       1,     170,     147,      16,       1,       3,       1,     10.0000,      1.4133,     42.7977,    252.0258,     63.4248,      3.4953,      0.1923,      0.1570,     77.1869,      0.2380,      5.6611,     11.3222,      2.1027,     29.6435,     59.2871,      0.0195,      0.0038,      0.2460,      0.2093,   7950.4180,-495629.9688,   -937.5569,    553.4662,  26501.3926,
       1,     170,     147,      17,       1,       3,       1,     10.0000,      1.4133,     42.7977,    252.0258,     63.4248,      3.4953,      0.1792,      0.1438,     92.8476,      0.2384,      5.6611,     11.3222,      2.1068,     29.6435,     59.2871,      0.0195,      0.0050,      0.2252,      0.2092,   7950.4180,-520543.7500,   -943.0273,    551.7551,  26501.3906,
       1,     170,     147,      18,       1,       3,       1,     10.0000,      1.4133,     42.7977,    252.0258,     63.4248,      3.4953,      0.1241,      0.0894,     73.6821,      0.2162,      5.6611,     11.3222,      1.9101,     29.6435,     59.2871,      0.0195,      0.0060,      0.1476,      0.2092,   7950.4175,-541694.2500,   -947.7871,    550.2990,  26501.3906,
       1,     170,     147,      19,       1,       3,       1,     10.0000,      1.4133,     42.7977,    252.0258,     63.4248,      3.4953,      0.0932,      0.0590,     51.8419,      0.1996,      5.6611,     11.3222,      1.7635,     29.6435,     59.2871,      0.0195,      0.0059,      0.1057,      0.2091,   7950.4175,-520159.4375,   -944.2144,    551.7822,  26501.3906,
       1,     170,     147,      20,       1,       3,       1,     10.0000,      1.4133,     42.7977,    252.0258,     63.4248,      3.4953,      0.0202,     -0.0133,      3.2383,      0.1777,      5.6611,     11.3222,      1.5701,     29.6435,     59.2871,      0.0195,      0.0057,      0.0069,      0.2092,   7950.4175,-491775.2500,   -939.1523,    553.7419,  26501.3906,
       1,     170,     147,      21,       1,       3,       1,     10.0000,      1.4133,     42.7977,    252.0258,     63.4248,      3.4953,      0.0000,     -0.0328,      7.4477,      0.1549,      5.6611,     11.3222,      1.3689,     29.6435,     59.2871,      0.0195,      0.0058,      0.0156,      0.2092,   7950.4175,-430283.3125,   -927.4257,    558.0017,  26501.3887,
       1,     170,     147,      22,       1,       3,       1,     10.0000,      1.4133,     42.7977,    252.0258,     63.4248,      3.4953,      0.0000,     -0.0325,      7.9793,      0.1485,      5.6611,     11.3222,      1.3122,     29.6435,     59.2871,      0.0195,      0.0062,      0.0156,      0.2093,   7950.4170,-430239.5938,   -927.4749,    558.0213,  26501.3887,
       1,     170,     147,      23,       1,       3,       1,     10.0000,      1.4133,     42.7977,    252.0258,     63.4248,      3.4953,      0.0000,     -0.0325,      7.0298,      0.1464,      5.6611,     11.3222,      1.2938,     29.6435,     59.2871,      0.0195,      0.0055,      0.0156,      0.2093,   7950.4170,-430861.5938,   -927.6433,    557.9778,  26501.3906,
       1,     170,     147,      24,       1,       3,       1,     10.0000,      1.4133,     42.7977,    252.0258,     63.4248,      3.4953,      0.0000,     -0.0323,      5.4250,      0.1415,      5.6611,     11.3222,      1.2501,     29.6435,     59.2871,      0.0195,      0.0042,      0.0156,      0.2093,   7950.4175,-429760.7812,   -927.4659,    558.0546,  26501.3887,
       1,     170,     148,       1,       1,       3,       1,     10.0000,      1.4133,     42.7980,    252.0318,     63.4262,      3.4953,      0.0000,     -0.0322,      4.0578,      0.1402,      5.6603,     11.3206,      1.2388,     29.6475,     59.2950,      0.0195,      0.0031,      0.0156,      0.2093,   7950.4170,-427873.6562,   -927.4068,    558.1994,  26502.5820,
       1,     170,     148,       2,       1,       3,       1,     10.0000,      1.4133,     42.7980,    252.0318,     63.4262,      3.4953,      0.0000,     -0.0324,      2.6616,      0.1439,      5.6603,     11.3206,      1.2718,     29.6475,     59.2950,      0.0195,      0.0021,      0.0156,      0.2093,   7950.7749,-425899.6562,   -926.7624,    558.3372,  26502.5840,
       1,     170,     148,       3,       1,       3,       1,     10.0000,      1.4133,     42.7980,    252.0318,     63.4262,      3.4953,      0.0000,     -0.0323,      2.3321,      0.1429,      5.6603,     11.3206,      1.2629,     29.6475,     59.2950,      0.0195,      0.0018,      0.0156,      0.2093,   7950.7754,-424036.0938,   -926.4108,    558.4672,  26502.5820,
       1,     170,     148,       4,       1,       3,       1,     10.0000,      1.4133,     42.7980,    252.0318,     63.4262,      3.4953,      0.0000,     -0.0323,      2.0679,      0.1412,      5.6603,     11.3206,      1.2476,     29.6475,     59.2950,      0.0195,      0.0016,      0.0156,      0.2093,   7950.7749,-423478.0000,   -926.3107,    558.5062,  26502.5840,
       1,     170,     148,       5,       1,       3,       1,     10.0000,      1.4133,     42.7980,    252.0318,     63.4262,      3.4953,      0.0000,     -0.0322,      1.2125,      0.1386,      5.6603,     11.3206,      1.2251,     29.6475,     59.2950,      0.0195,      0.0009,      0.0156,      0.2093,   7950.7754,-423109.7188,   -926.2447,    558.5319,  26502.5859,
       1,     170,     148,       6,       1,       3,       1,     10.0000,      1.4133,     42.7980,    252.0318,     63.4262,      3.4953,      0.0000,     -0.0321,      0.9119,      0.1368,      5.6603,     11.3206,      1.2090,     29.6475,     59.2950,      0.0195,      0.0007,      0.0156,      0.2093,   7950.7759,-422039.3750,   -926.0408,    558.6067,  26502.5859,
       1,     170,     148,       7,       1,       3,       1,     10.0000,      1.4133,     42.7980,    252.0318,     63.4262,      3.4953,      0.0000,     -0.0322,      0.6635,      0.1386,      5.6603,     11.3206,      1.2251,     29.6475,     59.2950,      0.0195,      0.0005,      0.0156,      0.2093,   7950.7759,-421583.2812,   -925.9558,    558.6384,  26502.5840,
       1,     170,     148,       8,       1,       3,       1,     10.0000,      1.4133,     42.7980,    252.0318,     63.4262,      3.4953,      0.0240,     -0.0082,      0.8617,      0.1392,      5.6603,     11.3206,      1.2301,     29.6475,     59.2950,      0.0195,      0.0007,      0.0142,      0.2093,   7950.7754,-421243.2812,   -925.8928,    558.6622,  26502.5840,
       1,     170,     148,       9,       1,       3,       1,     10.0000,      1.4133,     42.7980,    252.0318,     63.4262,      3.4953,      0.1430,      0.1100,      8.9772,      0.1624,      5.6603,     11.3206,      1.4351,     29.6475,     59.2950,      0.0195,      0.0006,      0.1824,      0.2093,   7950.7754,-421455.0938,   -925.9339,    558.6474,  26502.5840,
       1,     170,     148,      10,       1,       3,       1,     10.0000,      1.4133,     42.7980,    252.0318,     63.4262,      3.4953,      0.1704,      0.1367,      9.2271,      0.1849,      5.6603,     11.3206,      1.6339,     29.6475,     59.2950,      0.0195,      0.0005,      0.2217,      0.2093,   7950.7754,-431330.0625,   -927.8683,    557.9578,  26502.5859,
       1,     170,     148,      11,       1,       3,       1,     10.0000,      1.4133,     42.7980,    252.0318,     63.4262,      3.4953,      0.1901,      0.1557,     11.4468,      0.2082,      5.6603,     11.3206,      1.8400,     29.6475,     59.2950,      0.0195,      0.0006,      0.2500,      0.2093,   7950.7759,-432472.1250,   -928.0962,    557.8786,  26502.5820,
       1,     170,     148,      12,       1,       3,       1,     10.0000,      1.4133,     42.7980,    252.0318,     63.4262,      3.4953,      0.1901,      0.1553,     12.7036,      0.2202,      5.6603,     11.3206,      1.9462,     29.6475,     59.2950,      0.0195,      0.0006,      0.2500,      0.2093,   7950.7749,-435265.2500,   -928.6282,    557.6838,  26502.5840,
       1,     170,     148,      13,       1,       3,       1,     10.0000,      1.4133,     42.7980,    252.0318,     63.4262,      3.4953,      0.1901,      0.1548,     13.7188,      0.2380,      5.6603,     11.3206,      2.1028,     29.6475,     59.2950,      0.0195,      0.0007,      0.2500,      0.2093,   7950.7754,-437028.7188,   -928.9440,    557.5610,  26502.5840,
       1,     170,     148,      14,       1,       3,       1,     10.0000,      1.4133,     42.7980,    252.0318,     63.4262,      3.4953,      0.1905,      0.1552,     40.1916,      0.2354,      5.6603,     11.3206,      2.0803,     29.6475,     59.2950,      0.0195,      0.0020,      0.2475,      0.2093,   7950.7754,-438411.3125,   -929.1509,    557.4646,  26502.5859,
       1,     170,     148,      15,       1,       3,       1,     10.0000,      1.4133,     42.7980,    252.0318,     63.4262,      3.4953,      0.1946,      0.1592,     71.2386,      0.2424,      5.6603,     11.3206,      2.1422,     29.6475,     59.2950,      0.0195,      0.0034,      0.2500,      0.2093,   7950.7759,-470690.0312,   -935.4990,    555.2154,  26502.5840,
       1,     170,     148,      16,       1,       3,       1,     10.0000,      1.4133,     42.7980,    252.0318,     63.4262,      3.4953,      0.1936,      0.1579,     98.4302,      0.2533,      5.6603,     11.3206,      2.2382,     29.6475,     59.2950,      0.0195,      0.0048,      0.2457,      0.2093,   7950.7754,-511173.4375,   -943.5434,    552.4103,  26502.5840,
       1,     170,     148,      17,       1,       3,       1,     10.0000,      1.4133,     42.7980,    252.0318,     63.4262,      3.4953,      0.1793,      0.1439,    105.8921,      0.2389,      5.6603,     11.3206,      2.1110,     29.6475,     59.2950,      0.0195,      0.0057,      0.2239,      0.2092,   7950.7754,-547683.1250,   -950.9792,    549.8962,  26502.5840,
       1,     170,     148,      18,       1,       3,       1,     10.0000,      1.4133,     42.7980,    252.0318,     63.4262,      3.4953,      0.1489,      0.1139,     94.1441,      0.2262,      5.6603,     11.3206,      1.9984,     29.6475,     59.2950,      0.0195,      0.0063,      0.1811,      0.2092,   7950.7754,-559857.0000,   -953.7614,    549.0652,  26502.5820,
       1,     170,     148,      19,       1,       3,       1,     10.0000,      1.4133,     42.7980,    252.0318,     63.4262,      3.4953,      0.0901,      0.0557,     50.0112,      0.2050,      5.6603,     11.3206,      1.8112,     29.6475,     59.2950,      0.0195,      0.0060,      0.1014,      0.2091,   7950.7749,-546580.3750,   -951.5452,    549.9771,  26502.5859,
       1,     170,     148,      20,       1,       3,       1,     10.0000,      1.4133,     42.7980,    252.0318,     63.4262,      3.4953,      0.0242,     -0.0094,      5.8844,      0.1816,      5.6603,     11.3206,      1.6049,     29.6475,     59.2950,      0.0195,      0.0058,      0.0122,      0.2092,   7950.7759,-491754.1250,   -940.9631,    553.7469,  26502.5840,
       1,     170,     148,      21,       1,       3,       1,     10.0000,      1.4133,     42.7980,    252.0318,     63.4262,      3.4953,      0.0000,     -0.0331,      8.1830,      0.1664,      5.6603,     11.3206,      1.4700,     29.6475,     59.2950,      0.0195,      0.0063,      0.0156,      0.2092,   7950.7754,-433512.5000,   -929.4490,    557.7913,  26502.5859,
       1,     170,     148,      22,       1,       3,       1,     10.0000,      1.4133,     42.7980,    252.0318,     63.4262,      3.4953,      0.0000,     -0.0329,      7.3145,      0.1598,      5.6603,     11.3206,      1.4122,     29.6475,     59.2950,      0.0195,      0.0057,      0.0156,      0.2093,   7950.7759,-431406.2500,   -928.9721,    557.9529,  26502.5820,
       1,     170,     148,      23,       1,       3,       1,     10.0000,      1.4133,     42.7980,    252.0318,     63.4262,      3.4953,      0.0000,     -0.0327,      6.4572,      0.1541,      5.6603,     11.3206,      1.3621,     29.6475,     59.2950,      0.0195,      0.0050,      0.0156,      0.2093,   7950.7749,-430155.0625,   -928.6678,    558.0402,  26502.5820,
       1,     170,     148,      24,       1,       3,       1,     10.0000,      1.4133,     42.7980,    252.0318,     63.4262,      3.4953,      0.0000,     -0.0326,      5.3784,      0.1506,      5.6603,     11.3206,      1.3309,     29.6475,     59.2950,      0.0195,      0.0042,      0.0156,      0.2093,   7950.7749,-429007.6875,   -928.4023,    558.1203,  26502.5820,
       1,     170,     149,       1,       1,       3,       1,     10.0000,      1.4133,     42.7984,    252.0379,     63.4278,      3.4953,      0.0000,     -0.0326,      4.1372,      0.1505,      5.6608,     11.3216,      1.3296,     29.6543,     59.3086,      0.0195,      0.0032,      0.0156,      0.2093,   7950.7749,-427756.3750,   -928.4115,    558.2209,  26503.7812,
       1,     170,     149,       2,       1,       3,       1,     10.0000,      1.4133,     42.7984,    252.0379,     63.4278,      3.4953,      0.0000,     -0.0324,      3.1690,      0.1458,      5.6608,     11.3216,      1.2887,     29.6543,     59.3086,      0.0195,      0.0025,      0.0156,      0.2093,   7951.1348,-425988.4062,   -927.7465,    558.3442,  26503.7793,
       1,     170,     149,       3,       1,       3,       1,     10.0000,      1.4133,     42.7984,    252.0379,     63.4278,      3.4953,      0.0000,     -0.0323,      2.5731,      0.1422,      5.6608,     11.3216,      1.2565,     29.6543,     59.3086,      0.0195,      0.0020,      0.0156,      0.2093,   7951.1343,-424662.9375,   -927.4642,    558.4368,  26503.7812,
       1,     170,     149,       4,       1,       3,       1,     10.0000,      1.4133,     42.7984,    252.0379,     63.4278,      3.4953,      0.0000,     -0.0322,      1.8101,      0.1392,      5.6608,     11.3216,      1.2301,     29.6543,     59.3086,      0.0195,      0.0014,      0.0156,      0.2093,   7951.1348,-423826.6250,   -927.2819,    558.4952,  26503.7793,
       1,     170,     149,       5,       1,       3,       1,     10.0000,      1.4133,     42.7984,    252.0379,     63.4278,      3.4953,      0.0000,     -0.0321,      1.2657,      0.1367,      5.6608,     11.3216,      1.2079,     29.6543,     59.3086,      0.0195,      0.0010,      0.0156,      0.2093,   7951.1343,-422829.2812,   -927.0743,    558.5648,  26503.7812,
       1,     170,     149,       6,       1,       3,       1,     10.0000,      1.4133,     42.7984,    252.0379,     63.4278,      3.4953,      0.0000,     -0.0320,      1.0336,      0.1338,      5.6608,     11.3216,      1.1824,     29.6543,     59.3086,      0.0195,      0.0008,      0.0156,      0.2093,   7951.1348,-422083.3750,   -926.9210,    558.6169,  26503.7812,
       1,     170,     149,       7,       1,       3,       1,     10.0000,      1.4133,     42.7984,    252.0379,     63.4278,      3.4953,      0.0000,     -0.0320,      0.7447,      0.1330,      5.6608,     11.3216,      1.1752,     29.6543,     59.3086,      0.0195,      0.0006,      0.0156,      0.2093,   7951.1348,-421738.2188,   -926.8480,    558.6410,  26503.7812,
       1,     170,     149,       8,       1,       3,       1,     10.0000,      1.4133,     42.7984,    252.0379,     63.4278,      3.4953,      0.0242,     -0.0078,      0.6169,      0.1337,      5.6608,     11.3216,      1.1812,     29.6543,     59.3086,      0.0195,      0.0005,      0.0147,      0.2093,   7951.1348,-421358.0625,   -926.7694,    558.6675,  26503.7793,
       1,     170,     149,       9,       1,       3,       1,     10.0000,      1.4133,     42.7984,    252.0379,     63.4278,      3.4953,      0.0943,      0.0620,      4.7496,      0.1415,      5.6608,     11.3216,      1.2502,     29.6543,     59.3086,      0.0195,      0.0005,      0.1136,      0.2093,   7951.1343,-421170.8438,   -926.7210,    558.6806,  26503.7812,
       1,     170,     149,      10,       1,       3,       1,     10.0000,      1.4133,     42.7984,    252.0379,     63.4278,      3.4953,      0.1513,      0.1183,      7.4366,      0.1616,      5.6608,     11.3216,      1.4279,     29.6543,     59.3086,      0.0195,      0.0005,      0.1945,      0.2093,   7951.1348,-426173.6875,   -927.6833,    558.3312,  26503.7832,
       1,     170,     149,      11,       1,       3,       1,     10.0000,      1.4133,     42.7984,    252.0379,     63.4278,      3.4953,      0.1900,      0.1561,      8.3334,      0.1892,      5.6608,     11.3216,      1.6717,     29.6543,     59.3086,      0.0195,      0.0004,      0.2500,      0.2093,   7951.1353,-429861.5312,   -928.3527,    558.0740,  26503.7812,
       1,     170,     149,      12,       1,       3,       1,     10.0000,      1.4133,     42.7984,    252.0379,     63.4278,      3.4953,      0.1899,      0.1555,      9.0665,      0.2084,      5.6608,     11.3216,      1.8419,     29.6543,     59.3086,      0.0195,      0.0004,      0.2500,      0.2093,   7951.1348,-431263.6875,   -928.5057,    557.9763,  26503.7812,
       1,     170,     149,      13,       1,       3,       1,     10.0000,      1.4133,     42.7984,    252.0379,     63.4278,      3.4953,      0.1899,      0.1545,     11.2208,      0.2408,      5.6608,     11.3216,      2.1276,     29.6543,     59.3086,      0.0195,      0.0005,      0.2500,      0.2093,   7951.1348,-432272.8438,   -928.5370,    557.9059,  26503.7812,
       1,     170,     149,      14,       1,       3,       1,     10.0000,      1.4133,     42.7984,    252.0379,     63.4278,      3.4953,      0.1903,      0.1546,     17.2396,      0.2535,      5.6608,     11.3216,      2.2404,     29.6543,     59.3086,      0.0195,      0.0008,      0.2500,      0.2093,   7951.1348,-434975.0625,   -928.8166,    557.7174,  26503.7793,
       1,     170,     149,      15,       1,       3,       1,     10.0000,      1.4133,     42.7984,    252.0379,     63.4278,      3.4953,      0.1863,      0.1503,     44.6271,      0.2667,      5.6608,     11.3216,      2.3565,     29.6543,     59.3086,      0.0195,      0.0022,      0.2412,      0.2093,   7951.1343,-442515.4375,   -930.0906,    557.1918,  26503.7832,
       1,     170,     149,      16,       1,       3,       1,     10.0000,      1.4133,     42.7984,    252.0379,     63.4278,      3.4953,      0.0197,     -0.0134,      1.6069,      0.1660,      5.6608,     11.3216,      1.4671,     29.6543,     59.3086,      0.0195,      0.0029,      0.0068,      0.2093,   7951.1353,-476425.3750,   -921.5727,    554.8302,  26503.7852,
       1,     170,     149,      17,       1,       3,       1,     10.0000,      1.4133,     42.7984,    252.0379,     63.4278,      3.4953,      0.0197,     -0.0123,      2.1943,      0.1339,      5.6608,     11.3216,      1.1836,     29.6543,     59.3086,      0.0195,      0.0033,      0.0082,      0.2093,   7951.1357,-427021.3750,   -911.7407,    558.2615,  26503.7852,
       1,     170,     149,      18,       1,       3,       1,     10.0000,      1.4133,     42.7984,    252.0379,     63.4278,      3.4953,      0.0049,     -0.0271,      6.3541,      0.1330,      5.6608,     11.3216,      1.1752,     29.6543,     59.3086,      0.0195,      0.0049,      0.0156,      0.2093,   7951.1357,-423578.8438,   -911.2172,    558.5125,  26503.7832,
       1,     170,     149,      19,       1,       3,       1,     10.0000,      1.4133,     42.7984,    252.0379,     63.4278,      3.4953,      0.0075,     -0.0242,      6.1788,      0.1272,      5.6608,     11.3216,      1.1238,     29.6543,     59.3086,      0.0195,      0.0048,      0.0156,      0.2093,   7951.1353,-428326.5625,   -912.2808,    558.1810,  26503.7852,
       1,     170,     149,      20,       1,       3,       1,     10.0000,      1.4133,     42.7984,    252.0379,     63.4278,      3.4953,      0.0036,     -0.0281,      7.1254,      0.1264,      5.6608,     11.3216,      1.1169,     29.6543,     59.3086,      0.0195,      0.0055,      0.0156,      0.2093,   7951.1357,-428516.0938,   -912.2504,    558.1679,  26503.7852,
       1,     170,     149,      21,       1,       3,       1,     10.0000,      1.4133,     42.7984,    252.0379,     63.4278,      3.4953,      0.0000,     -0.0318,      1.9248,      0.1297,      5.6608,     11.3216,      1.1457,     29.6543,     59.3086,      0.0195,      0.0015,      0.0156,      0.2093,   7951.1357,-429681.7188,   -913.0056,    558.0866,  26503.7852,
       1,     170,     149,      22,       1,       3,       1,     10.0000,      1.4133,     42.7984,    252.0379,     63.4278,      3.4953,      0.0000,     -0.0320,      0.3204,      0.1337,      5.6608,     11.3216,      1.1812,     29.6543,     59.3086,      0.0195,      0.0002,      0.0156,      0.2093,   7951.1357,-423463.8750,   -910.7722,    558.5203,  26503.7852,
       1,     170,     149,      23,       1,       3,       1,     10.0000,      1.4133,     42.7984,    252.0379,     63.4278,      3.4953,      0.0000,     -0.0320,      0.3208,      0.1338,      5.6608,     11.3216,      1.1824,     29.6543,     59.3086,      0.0195,      0.0002,      0.0156,      0.2093,   7951.1357,-420988.7812,   -910.3299,    558.6933,  26503.7852,
       1,     170,     149,      24,       1,       3,       1,     10.0000,      1.4133,     42.7984,    252.0379,     63.4278,      3.4953,      0.0000,     -0.0321,      0.3280,      0.1364,      5.6608,     11.3216,      1.2054,     29.6543,     59.3086,      0.0195,      0.0003,      0.0156,      0.2093,   7951.1357,-420779.1562,   -910.2939,    558.7079,  26503.7852,
       1,     170,     150,       1,       1,       3,       1,     10.0000,      1.4134,     42.7987,    252.0438,     63.4293,      3.4953,      0.0000,     -0.0320,      0.3314,      0.1331,      5.6620,     11.3241,      1.1764,     29.6452,     59.2905,      0.0195,      0.0003,      0.0156,      0.2094,   7951.1357,-420927.2500,   -910.5861,    558.7111,  26504.9805,
       1,     170,     150,       2,       1,       3,       1,     10.0000,      1.4134,     42.7987,    252.0438,     63.4293,      3.4953,      0.0000,     -0.0320,      0.3223,      0.1344,      5.6620,     11.3241,      1.1872,     29.6452,     59.2905,      0.0195,      0.0002,      0.0156,      0.2094,   7951.4946,-420790.0312,   -910.3063,    558.7206,  26504.9805,
       1,     170,     150,       3,       1,       3,       1,     10.0000,      1.4134,     42.7987,    252.0438,     63.4293,      3.4953,      0.0000,     -0.0323,      0.3459,      0.1411,      5.6620,     11.3241,      1.2464,     29.6452,     59.2905,      0.0195,      0.0003,      0.0156,      0.2094,   7951.4946,-420767.2812,   -910.3037,    558.7222,  26504.9805,
       1,     170,     150,       4,       1,       3,       1,     10.0000,      1.4134,     42.7987,    252.0438,     63.4293,      3.4953,      0.0000,     -0.0321,      0.3445,      0.1360,      5.6620,     11.3241,      1.2018,     29.6452,     59.2905,      0.0195,      0.0003,      0.0156,      0.2094,   7951.4946,-420794.0000,   -910.3108,    558.7204,  26504.9805,
       1,     170,     150,       5,       1,       3,       1,     10.0000,      1.4134,     42.7987,    252.0438,     63.4293,      3.4953,      0.0000,     -0.0320,      0.3182,      0.1329,      5.6620,     11.3241,      1.1740,     29.6452,     59.2905,      0.0195,      0.0002,      0.0156,      0.2094,   7951.4946,-420794.5625,   -910.3136,    558.7204,  26504.9805,
       1,     170,     150,       6,       1,       3,       1,     10.0000,      1.4134,     42.7987,    252.0438,     63.4293,      3.4953,      0.0000,     -0.0320,      0.3216,      0.1341,      5.6620,     11.3241,      1.1848,     29.6452,     59.2905,      0.0195,      0.0002,      0.0156,      0.2094,   7951.4946,-420762.6250,   -910.3094,    558.7225,  26504.9824,
       1,     170,     150,       7,       1,       3,       1,     10.0000,      1.4134,     42.7987,    252.0438,     63.4293,      3.4953,      0.0000,     -0.0320,      0.3246,      0.1352,      5.6620,     11.3241,      1.1945,     29.6452,     59.2905,      0.0195,      0.0003,      0.0156,      0.2094,   7951.4951,-420763.8438,   -910.3107,    558.7225,  26504.9805,
       1,     170,     150,       8,       1,       3,       1,     10.0000,      1.4134,     42.7987,    252.0438,     63.4293,      3.4953,      0.0243,     -0.0079,      0.3124,      0.1384,      5.6620,     11.3241,      1.2227,     29.6452,     59.2905,      0.0195,      0.0003,      0.0146,      0.2094,   7951.4946,-420767.7812,   -910.3134,    558.7222,  26504.9805,
       1,     170,     150,       9,       1,       3,       1,     10.0000,      1.4134,     42.7987,    252.0438,     63.4293,      3.4953,      0.1241,      0.0915,      3.6296,      0.1490,      5.6620,     11.3241,      1.3163,     29.6452,     59.2905,      0.0195,      0.0003,      0.1561,      0.2094,   7951.4946,-420753.3125,   -910.4479,    558.7231,  26504.9805,
       1,     170,     150,      10,       1,       3,       1,     10.0000,      1.4134,     42.7987,    252.0438,     63.4293,      3.4953,      0.1642,      0.1312,      5.4260,      0.1613,      5.6620,     11.3241,      1.4251,     29.6452,     59.2905,      0.0195,      0.0003,      0.2131,      0.2094,   7951.4946,-424780.2812,   -911.7463,    558.4420,  26504.9805,
       1,     170,     150,      11,       1,       3,       1,     10.0000,      1.4134,     42.7987,    252.0438,     63.4293,      3.4953,      0.1708,      0.1370,      6.6219,      0.1847,      5.6620,     11.3241,      1.6324,     29.6452,     59.2905,      0.0195,      0.0004,      0.2225,      0.2094,   7951.4946,-427303.2812,   -913.0330,    558.2659,  26504.9805,
       1,     170,     150,      12,       1,       3,       1,     10.0000,      1.4134,     42.7987,    252.0438,     63.4293,      3.4953,      0.1899,      0.1555,      8.4599,      0.2066,      5.6620,     11.3241,      1.8256,     29.6452,     59.2905,      0.0195,      0.0004,      0.2500,      0.2094,   7951.4946,-428969.5938,   -912.7125,    558.1497,  26504.9805,
       1,     170,     150,      13,       1,       3,       1,     10.0000,      1.4134,     42.7987,    252.0438,     63.4293,      3.4953,      0.1899,      0.1549,      9.3560,      0.2255,      5.6620,     11.3241,      1.9927,     29.6452,     59.2905,      0.0195,      0.0005,      0.2500,      0.2093,   7951.4946,-431343.0000,   -914.9213,    557.9841,  26504.9824,
       1,     170,     150,      14,       1,       3,       1,     10.0000,      1.4134,     42.7987,    252.0438,     63.4293,      3.4953,      0.1864,      0.1513,     11.2397,      0.2306,      5.6620,     11.3241,      2.0381,     29.6452,     59.2905,      0.0195,      0.0006,      0.2448,      0.2093,   7951.4951,-432632.2188,   -916.8235,    557.8942,  26504.9805,
       1,     170,     150,      15,       1,       3,       1,     10.0000,      1.4134,     42.7987,    252.0438,     63.4293,      3.4953,      0.1758,      0.1411,     23.1570,      0.2157,      5.6620,     11.3241,      1.9065,     29.6452,     59.2905,      0.0195,      0.0012,      0.2280,      0.2093,   7951.4946,-435029.5938,   -918.5450,    557.7271,  26504.9785,
       1,     170,     150,      16,       1,       3,       1,     10.0000,      1.4134,     42.7987,    252.0438,     63.4293,      3.4953,      0.0812,      0.0479,     14.6427,      0.1699,      5.6620,     11.3241,      1.5013,     29.6452,     59.2905,      0.0195,      0.0019,      0.0932,      0.2093,   7951.4937,-449707.1875,   -916.5146,    556.7038,  26504.9824,
       1,     170,     150,      17,       1,       3,       1,     10.0000,      1.4134,     42.7987,    252.0438,     63.4293,      3.4953,      0.0883,      0.0553,     27.2816,      0.1613,      5.6620,     11.3241,      1.4251,     29.6452,     59.2905,      0.0195,      0.0032,      0.1022,      0.2093,   7951.4951,-440609.2188,   -915.4011,    557.3378,  26504.9805,
       1,     170,     150,      18,       1,       3,       1,     10.0000,      1.4134,     42.7987,    252.0438,     63.4293,      3.4953,      0.1123,      0.0790,     43.1013,      0.1709,      5.6620,     11.3241,      1.5103,     29.6452,     59.2905,      0.0195,      0.0039,      0.1345,      0.2093,   7951.4946,-455190.7500,   -918.8452,    556.3223,  26504.9805,
       1,     170,     150,      19,       1,       3,       1,     10.0000,      1.4134,     42.7987,    252.0438,     63.4293,      3.4953,      0.0948,      0.0613,     41.3223,      0.1766,      5.6620,     11.3241,      1.5609,     29.6452,     59.2905,      0.0195,      0.0046,      0.1096,      0.2093,   7951.4946,-475647.0938,   -923.5902,    554.9007,  26504.9805,
       1,     170,     150,      20,       1,       3,       1,     10.0000,      1.4134,     42.7987,    252.0438,     63.4293,      3.4953,      0.0270,     -0.0063,      5.3994,      0.1714,      5.6620,     11.3241,      1.5148,     29.6452,     59.2905,      0.0195,      0.0039,      0.0167,      0.2093,   7951.4946,-475220.0312,   -924.4615,    554.9322,  26504.9785,
       1,     170,     150,      21,       1,       3,       1,     10.0000,      1.4134,     42.7987,    252.0438,     63.4293,      3.4953,      0.0000,     -0.0330,      1.5914,      0.1616,      5.6620,     11.3241,      1.4280,     29.6452,     59.2905,      0.0195,      0.0012,      0.0156,      0.2093,   7951.4937,-431526.0312,   -917.0308,    557.9630,  26504.9805,
       1,     170,     150,      22,       1,       3,       1,     10.0000,      1.4134,     42.7987,    252.0438,     63.4293,      3.4953,      0.0000,     -0.0327,      0.5756,      0.1534,      5.6620,     11.3241,      1.3553,     29.6452,     59.2905,      0.0195,      0.0004,      0.0156,      0.2093,   7951.4946,-423228.1250,   -915.6389,    558.5500,  26504.9805,
       1,     170,     150,      23,       1,       3,       1,     10.0000,      1.4134,     42.7987,    252.0438,     63.4293,      3.4953,      0.0000,     -0.0326,      0.7956,      0.1493,      5.6620,     11.3241,      1.3189,     29.6452,     59.2905,      0.0195,      0.0006,      0.0156,      0.2094,   7951.4946,-421282.0000,   -915.3038,    558.6863,  26504.9805,
       1,     170,     150,      24,       1,       3,       1,     10.0000,      1.4134,     42.7987,    252.0438,     63.4293,      3.4953,      0.0000,     -0.0323,      0.9523,      0.1421,      5.6620,     11.3241,      1.2553,     29.6452,     59.2905,      0.0195,      0.0007,      0.0156,      0.2094,   7951.4946,-421383.6875,   -915.3578,    558.6791,  26504.9805,
       1,     170,     151,       1,       1,       3,       1,     10.0000,      1.4134,     42.7991,    252.0498,     63.4308,      3.4953,      0.0000,     -0.0323,      0.5643,      0.1422,      5.6612,     11.3224,      1.2566,     29.6448,     59.2896,      0.0195,      0.0004,      0.0156,      0.2094,   7951.4946,-421739.2812,   -915.7322,    558.6675,  26506.1777,
       1,     170,     151,       2,       1,       3,       1,     10.0000,      1.4134,     42.7991,    252.0498,     63.4308,      3.4953,      0.0000,     -0.0323,      0.3411,      0.1412,      5.6612,     11.3224,      1.2477,     29.6448,     59.2896,      0.0195,      0.0003,      0.0156,      0.2094,   7951.8535,-421144.3750,   -915.3783,    558.7091,  26506.1758,
       1,     170,     151,       3,       1,       3,       1,     10.0000,      1.4134,     42.7991,    252.0498,     63.4308,      3.4953,      0.0000,     -0.0322,      0.5733,      0.1398,      5.6612,     11.3224,      1.2351,     29.6448,     59.2896,      0.0195,      0.0004,      0.0156,      0.2094,   7951.8530,-420823.1875,   -915.3214,    558.7316,  26506.1758,
       1,     170,     151,       4,       1,       3,       1,     10.0000,      1.4134,     42.7991,    252.0498,     63.4308,      3.4953,      0.0000,     -0.0322,      0.8789,      0.1403,      5.6612,     11.3224,      1.2401,     29.6448,     59.2896,      0.0195,      0.0007,      0.0156,      0.2094,   7951.8530,-421077.8125,   -915.3935,    558.7137,  26506.1758,
       1,     170,     151,       5,       1,       3,       1,     10.0000,      1.4134,     42.7991,    252.0498,     63.4308,      3.4953,      0.0000,     -0.0321,      0.6008,      0.1370,      5.6612,     11.3224,      1.2104,     29.6448,     59.2896,      0.0195,      0.0005,      0.0156,      0.2094,   7951.8530,-421470.5312,   -915.5144,    558.6863,  26506.1777,
       1,     170,     151,       6,       1,       3,       1,     10.0000,      1.4134,     42.7991,    252.0498,     63.4308,      3.4953,      0.0000,     -0.0322,      0.6139,      0.1384,      5.6612,     11.3224,      1.2227,     29.6448,     59.2896,      0.0195,      0.0005,      0.0156,      0.2094,   7951.8535,-421165.9375,   -915.4852,    558.7075,  26506.1777,
       1,     170,     151,       7,       1,       3,       1,     10.0000,      1.4134,     42.7991,    252.0498,     63.4308,      3.4953,      0.0000,     -0.0321,      0.5283,      0.1366,      5.6612,     11.3224,      1.2067,     29.6448,     59.2896,      0.0195,      0.0004,      0.0156,      0.2094,   7951.8535,-421156.1250,   -915.5138,    558.7083,  26506.1758,
       1,     170,     151,       8,       1,       3,       1,     10.0000,      1.4134,     42.7991,    252.0498,     63.4308,      3.4953,      0.0183,     -0.0138,      0.1342,      0.1370,      5.6612,     11.3224,      1.2104,     29.6448,     59.2896,      0.0195,      0.0003,      0.0063,      0.2094,   7951.8530,-421051.4688,   -915.5176,    558.7156,  26506.1758,
       1,     170,     151,       9,       1,       3,       1,     10.0000,      1.4134,     42.7991,    252.0498,     63.4308,      3.4953,      0.0989,      0.0665,      2.7359,      0.1451,      5.6612,     11.3224,      1.2822,     29.6448,     59.2896,      0.0195,      0.0003,      0.1204,      0.2094,   7951.8530,-420564.1250,   -915.4752,    558.7496,  26506.1758,
       1,     170,     151,      10,       1,       3,       1,     10.0000,      1.4134,     42.7991,    252.0498,     63.4308,      3.4953,      0.1773,      0.1439,      6.6515,      0.1738,      5.6612,     11.3224,      1.5362,     29.6448,     59.2896,      0.0195,      0.0003,      0.2318,      0.2094,   7951.8530,-423681.5938,   -916.3459,    558.5319,  26506.1738,
       1,     170,     151,      11,       1,       3,       1,     10.0000,      1.4134,     42.7991,    252.0498,     63.4308,      3.4953,      0.1899,      0.1550,      9.1370,      0.2209,      5.6612,     11.3224,      1.9521,     29.6448,     59.2896,      0.0195,      0.0004,      0.2500,      0.2094,   7951.8525,-428700.4375,   -918.0856,    558.1816,  26506.1758,
       1,     170,     151,      12,       1,       3,       1,     10.0000,      1.4134,     42.7991,    252.0498,     63.4308,      3.4953,      0.1765,      0.1418,      8.2466,      0.2166,      5.6612,     11.3224,      1.9141,     29.6448,     59.2896,      0.0195,      0.0004,      0.2308,      0.2094,   7951.8530,-432144.0938,   -919.9512,    557.9413,  26506.1758,
       1,     170,     151,      13,       1,       3,       1,     10.0000,      1.4134,     42.7991,    252.0498,     63.4308,      3.4953,      0.1843,      0.1496,      8.6159,      0.2160,      5.6612,     11.3224,      1.9084,     29.6448,     59.2896,      0.0195,      0.0004,      0.2420,      0.2094,   7951.8530,-431354.9062,   -913.1383,    557.9965,  26506.1738,
       1,     170,     151,      14,       1,       3,       1,     10.0000,      1.4134,     42.7991,    252.0498,     63.4308,      3.4953,      0.1237,      0.0905,      4.1612,      0.1685,      5.6612,     11.3224,      1.4894,     29.6448,     59.2896,      0.0195,      0.0003,      0.1554,      0.2094,   7951.8525,-431736.5000,   -913.4056,    557.9698,  26506.1758,
       1,     170,     151,      15,       1,       3,       1,     10.0000,      1.4134,     42.7991,    252.0498,     63.4308,      3.4953,      0.1260,      0.0929,     16.7887,      0.1631,      5.6612,     11.3224,      1.4410,     29.6448,     59.2896,      0.0195,      0.0013,      0.1572,      0.2094,   7951.8530,-426359.1250,   -911.5154,    558.3449,  26506.1777,
       1,     170,     151,      16,       1,       3,       1,     10.0000,      1.4134,     42.7991,    252.0498,     63.4308,      3.4953,      0.1488,      0.1154,     60.3489,      0.1726,      5.6612,     11.3224,      1.5255,     29.6448,     59.2896,      0.0195,      0.0039,      0.1849,      0.2094,   7951.8535,-441236.4375,   -914.4352,    557.3066,  26506.1777,
       1,     170,     151,      17,       1,       3,       1,     10.0000,      1.4134,     42.7991,    252.0498,     63.4308,      3.4953,      0.1889,      0.1546,     96.2403,      0.2044,      5.6612,     11.3224,      1.8060,     29.6448,     59.2896,      0.0195,      0.0049,      0.2386,      0.2094,   7951.8535,-495404.1250,   -925.6830,    553.5342,  26506.1777,
       1,     170,     151,      18,       1,       3,       1,     10.0000,      1.4134,     42.7991,    252.0498,     63.4308,      3.4953,      0.1120,      0.0786,     52.2221,      0.1756,      5.6612,     11.3224,      1.5516,     29.6448,     59.2896,      0.0195,      0.0047,      0.1331,      0.2093,   7951.8535,-543649.4375,   -934.6793,    550.2087,  26506.1777,
       1,     170,     151,      19,       1,       3,       1,     10.0000,      1.4134,     42.7991,    252.0498,     63.4308,      3.4953,      0.0947,      0.0615,      8.6529,      0.1690,      5.6612,     11.3224,      1.4938,     29.6448,     59.2896,      0.0195,      0.0009,      0.1133,      0.2092,   7951.8535,-494194.0000,   -927.0320,    553.6201,  26506.1758,
       1,     170,     151,      20,       1,       3,       1,     10.0000,      1.4134,     42.7991,    252.0498,     63.4308,      3.4953,      0.0214,     -0.0116,      0.6012,      0.1642,      5.6612,     11.3224,      1.4511,     29.6448,     59.2896,      0.0195,      0.0008,      0.0095,      0.2093,   7951.8530,-437083.2812,   -917.0227,    557.5829,  26506.1758,
       1,     170,     151,      21,       1,       3,       1,     10.0000,      1.4134,     42.7991,    252.0498,     63.4308,      3.4953,      0.0000,     -0.0329,      1.3084,      0.1597,      5.6612,     11.3224,      1.4109,     29.6448,     59.2896,      0.0195,      0.0010,      0.0156,      0.2094,   7951.8530,-422505.4062,   -914.4879,    558.6131,  26506.1758,
       1,     170,     151,      22,       1,       3,       1,     10.0000,      1.4134,     42.7991,    252.0498,     63.4308,      3.4953,      0.0000,     -0.0330,      3.3067,      0.1603,      5.6612,     11.3224,      1.4166,     29.6448,     59.2896,      0.0195,      0.0026,      0.0156,      0.2094,   7951.8530,-422114.1875,   -914.5267,    558.6413,  26506.1758,
       1,     170,     151,      23,       1,       3,       1,     10.0000,      1.4134,     42.7991,    252.0498,     63.4308,      3.4953,      0.0000,     -0.0329,      1.6604,      0.1589,      5.6612,     11.3224,      1.4039,     29.6448,     59.2896,      0.0195,      0.0013,      0.0156,      0.2094,   7951.8530,-424506.2188,   -915.2946,    558.4743,  26506.1738,
       1,     170,     151,      24,       1,       3,       1,     10.0000,      1.4134,     42.7991,    252.0498,     63.4308,      3.4953,      0.0000,     -0.0328,      1.4807,      0.1557,      5.6612,     11.3224,      1.3759,     29.6448,     59.2896,      0.0195,      0.0011,      0.0156,      0.2094,   7951.8525,-422710.2500,   -915.0987,    558.5997,  26506.1738,
       1,     170,     152,       1,       1,       3,       1,     10.0000,      1.4134,     42.7994,    252.0558,     63.4323,      3.4953,      0.0000,     -0.0328,      1.6226,      0.1571,      5.6614,     11.3229,      1.3885,     29.6452,     59.2905,      0.0195,      0.0013,      0.0156,      0.2094,   7951.8525,-422496.5938,   -915.4348,    558.6279,  26507.3730,
       1,     170,     152,       2,       1,       3,       1,     10.0000,      1.4134,     42.7994,    252.0558,     63.4323,      3.4953,      0.0000,     -0.0326,      1.5756,      0.1494,      5.6614,     11.3229,      1.3203,     29.6452,     59.2905,      0.0195,      0.0012,      0.0156,      0.2094,   7952.2124,-422496.5000,   -915.3101,    558.6279,  26507.3730,
       1,     170,     152,       3,       1,       3,       1,     10.0000,      1.4134,     42.7994,    252.0558,     63.4323,      3.4953,      0.0000,     -0.0324,      1.3219,      0.1442,      5.6614,     11.3229,      1.2745,     29.6452,     59.2905,      0.0195,      0.0010,      0.0156,      0.2094,   7952.2124,-422439.5000,   -915.4052,    558.6319,  26507.3730,
       1,     170,     152,       4,       1,       3,       1,     10.0000,      1.4134,     42.7994,    252.0558,     63.4323,      3.4953,      0.0000,     -0.0323,      1.1597,      0.1425,      5.6614,     11.3229,      1.2591,     29.6452,     59.2905,      0.0195,      0.0009,      0.0156,      0.2094,   7952.2124,-422126.6562,   -915.4257,    558.6537,  26507.3711,
       1,     170,     152,       5,       1,       3,       1,     10.0000,      1.4134,     42.7994,    252.0558,     63.4323,      3.4953,      0.0000,     -0.0324,      1.0755,      0.1436,      5.6614,     11.3229,      1.2694,     29.6452,     59.2905,      0.0195,      0.0008,      0.0156,      0.2094,   7952.2114,-421903.2812,   -915.4536,    558.6693,  26507.3711,
       1,     170,     152,       6,       1,       3,       1,     10.0000,      1.4134,     42.7994,    252.0558,     63.4323,      3.4953,      0.0000,     -0.0326,      1.2702,      0.1509,      5.6614,     11.3229,      1.3337,     29.6452,     59.2905,      0.0195,      0.0010,      0.0156,      0.2094,   7952.2114,-421782.1875,   -915.5087,    558.6777,  26507.3730,
       1,     170,     152,       7,       1,       3,       1,     10.0000,      1.4134,     42.7994,    252.0558,     63.4323,      3.4953,      0.0000,     -0.0328,      0.7206,      0.1557,      5.6614,     11.3229,      1.3760,     29.6452,     59.2905,      0.0195,      0.0006,      0.0156,      0.2094,   7952.2124,-422008.2500,   -915.6539,    558.6620,  26507.3730,
       1,     170,     152,       8,       1,       3,       1,     10.0000,      1.4134,     42.7994,    252.0558,     63.4323,      3.4953,      0.0235,     -0.0094,      0.7088,      0.1584,      5.6614,     11.3229,      1.3997,     29.6452,     59.2905,      0.0195,      0.0007,      0.0126,      0.2094,   7952.2124,-421360.1250,   -915.5754,    558.7072,  26507.3730,
       1,     170,     152,       9,       1,       3,       1,     10.0000,      1.4134,     42.7994,    252.0558,     63.4323,      3.4953,      0.1133,      0.0801,      8.0321,      0.1689,      5.6614,     11.3229,      1.4924,     29.6452,     59.2905,      0.0195,      0.0007,      0.1400,      0.2094,   7952.2124,-421290.8125,   -915.6537,    558.7121,  26507.3730,
       1,     170,     152,      10,       1,       3,       1,     10.0000,      1.4134,     42.7994,    252.0558,     63.4323,      3.4953,      0.1634,      0.1297,     13.9514,      0.1857,      5.6614,     11.3229,      1.6406,     29.6452,     59.2905,      0.0195,      0.0008,      0.2111,      0.2094,   7952.2124,-430175.5000,   -917.5682,    558.0916,  26507.3711,
       1,     170,     152,      11,       1,       3,       1,     10.0000,      1.4134,     42.7994,    252.0558,     63.4323,      3.4953,      0.1861,      0.1518,     20.2972,      0.2034,      5.6614,     11.3229,      1.7971,     29.6452,     59.2905,      0.0195,      0.0010,      0.2432,      0.2094,   7952.2114,-438116.8438,   -919.5739,    557.5379,  26507.3730,
       1,     170,     152,      12,       1,       3,       1,     10.0000,      1.4134,     42.7994,    252.0558,     63.4323,      3.4953,      0.1908,      0.1560,     29.4065,      0.2203,      5.6614,     11.3229,      1.9464,     29.6452,     59.2905,      0.0195,      0.0014,      0.2491,      0.2094,   7952.2124,-446495.7188,   -921.9441,    556.9543,  26507.3730,
       1,     170,     152,      13,       1,       3,       1,     10.0000,      1.4134,     42.7994,    252.0558,     63.4323,      3.4953,      0.1917,      0.1566,     32.5856,      0.2288,      5.6614,     11.3229,      2.0223,     29.6452,     59.2905,      0.0195,      0.0016,      0.2500,      0.2094,   7952.2124,-458268.5625,   -925.1594,    556.1349,  26507.3750,
       1,     170,     152,      14,       1,       3,       1,     10.0000,      1.4134,     42.7994,    252.0558,     63.4323,      3.4953,      0.1923,      0.1571,     41.3864,      0.2354,      5.6614,     11.3229,      2.0805,     29.6452,     59.2905,      0.0195,      0.0020,      0.2500,      0.2094,   7952.2129,-463127.7812,   -925.1986,    555.7977,  26507.3730,
       1,     170,     152,      15,       1,       3,       1,     10.0000,      1.4134,     42.7994,    252.0558,     63.4323,      3.4953,      0.1864,      0.1513,     58.7200,      0.2316,      5.6614,     11.3229,      2.0462,     29.6452,     59.2905,      0.0195,      0.0030,      0.2395,      0.2094,   7952.2124,-474229.4375,   -928.6368,    555.0266,  26507.3730,
       1,     170,     152,      16,       1,       3,       1,     10.0000,      1.4134,     42.7994,    252.0558,     63.4323,      3.4953,      0.1688,      0.1343,     63.9483,      0.2074,      5.6614,     11.3229,      1.8329,     29.6452,     59.2905,      0.0195,      0.0036,      0.2132,      0.2094,   7952.2124,-496229.3125,   -933.8566,    553.5008,  26507.3730,
       1,     170,     152,      17,       1,       3,       1,     10.0000,      1.4134,     42.7994,    252.0558,     63.4323,      3.4953,      0.0738,      0.0397,     29.4187,      0.1963,      5.6614,     11.3229,      1.7343,     29.6452,     59.2905,      0.0195,      0.0044,      0.0804,      0.2093,   7952.2124,-504448.5312,   -932.4683,    552.9341,  26507.3730,
       1,     170,     152,      18,       1,       3,       1,     10.0000,      1.4134,     42.7994,    252.0558,     63.4323,      3.4953,      0.0082,     -0.0244,      5.3545,      0.1494,      5.6614,     11.3229,      1.3203,     29.6452,     59.2905,      0.0195,      0.0042,      0.0156,      0.2093,   7952.2124,-463169.6250,   -918.7554,    555.7876,  26507.3750,
       1,     170,     152,      19,       1,       3,       1,     10.0000,      1.4134,     42.7994,    252.0558,     63.4323,      3.4953,      0.0037,     -0.0283,      5.7467,      0.1327,      5.6614,     11.3229,      1.1729,     29.6452,     59.2905,      0.0195,      0.0045,      0.0156,      0.2094,   7952.2129,-430471.5938,   -912.6124,    558.0666,  26507.3730,
       1,     170,     152,      20,       1,       3,       1,     10.0000,      1.4134,     42.7994,    252.0558,     63.4323,      3.4953,      0.0007,     -0.0314,      5.5581,      0.1370,      5.6614,     11.3229,      1.2104,     29.6452,     59.2905,      0.0195,      0.0043,      0.0156,      0.2094,   7952.2124,-428185.2188,   -912.2292,    558.2307,  26507.3730,
       1,     170,     152,      21,       1,       3,       1,     10.0000,      1.4134,     42.7994,    252.0558,     63.4323,      3.4953,      0.0000,     -0.0320,      4.0432,      0.1349,      5.6614,     11.3229,      1.1921,     29.6452,     59.2905,      0.0195,      0.0031,      0.0156,      0.2094,   7952.2124,-427756.8438,   -912.0388,    558.2606,  26507.3730,
       1,     170,     152,      22,       1,       3,       1,     10.0000,      1.4134,     42.7994,    252.0558,     63.4323,      3.4953,      0.0000,     -0.0318,      3.8277,      0.1298,      5.6614,     11.3229,      1.1470,     29.6452,     59.2905,      0.0195,      0.0030,      0.0156,      0.2094,   7952.2124,-425881.2188,   -911.5089,    558.3915,  26507.3730,
       1,     170,     152,      23,       1,       3,       1,     10.0000,      1.4134,     42.7994,    252.0558,     63.4323,      3.4953,      0.0000,     -0.0317,      0.8755,      0.1254,      5.6614,     11.3229,      1.1079,     29.6452,     59.2905,      0.0195,      0.0007,      0.0156,      0.2094,   7952.2124,-425460.6875,   -911.8470,    558.4209,  26507.3711,
       1,     170,     152,      24,       1,       3,       1,     10.0000,      1.4134,     42.7994,    252.0558,     63.4323,      3.4953,      0.0000,     -0.0318,      0.4865,      0.1283,      5.6614,     11.3229,      1.1342,     29.6452,     59.2905,      0.0195,      0.0004,      0.0156,      0.2094,   7952.2114,-421840.8750,   -911.2560,    558.6736,  26507.3730,
       1,     170,     153,       1,       1,       3,       1,     10.0000,      1.4134,     42.7997,    252.0618,     63.4338,      3.4953,      0.0000,     -0.0320,      0.3220,      0.1342,      5.6618,     11.3237,      1.1861,     29.6417,     59.2834,      0.0195,      0.0002,      0.0156,      0.2094,   7952.2124,-421219.0312,   -911.4336,    558.7305,  26508.5723,
       1,     170,     153,       2,       1,       3,       1,     10.0000,      1.4134,     42.7997,    252.0618,     63.4338,      3.4953,      0.0000,     -0.0322,      0.3398,      0.1398,      5.6618,     11.3237,      1.2352,     29.6417,     59.2834,      0.0195,      0.0003,      0.0156,      0.2094,   7952.5718,-420812.2812,   -911.1025,    558.7589,  26508.5723,
       1,     170,     153,       3,       1,       3,       1,     10.0000,      1.4134,     42.7997,    252.0618,     63.4338,      3.4953,      0.0000,     -0.0323,      0.3499,      0.1425,      5.6618,     11.3237,      1.2592,     29.6417,     59.2834,      0.0195,      0.0003,      0.0156,      0.2094,   7952.5718,-420799.4375,   -911.1021,    558.7599,  26508.5723,
       1,     170,     153,       4,       1,       3,       1,     10.0000,      1.4134,     42.7997,    252.0618,     63.4338,      3.4953,      0.0000,     -0.0323,      0.3563,      0.1411,      5.6618,     11.3237,      1.2465,     29.6417,     59.2834,      0.0195,      0.0003,      0.0156,      0.2094,   7952.5718,-420810.5312,   -911.1063,    558.7591,  26508.5723,
       1,     170,     153,       5,       1,       3,       1,     10.0000,      1.4134,     42.7997,    252.0618,     63.4338,      3.4953,      0.0000,     -0.0322,      0.4147,      0.1399,      5.6618,     11.3237,      1.2364,     29.6417,     59.2834,      0.0195,      0.0003,      0.0156,      0.2094,   7952.5718,-420819.1562,   -911.1113,    558.7584,  26508.5742,
       1,     170,     153,       6,       1,       3,       1,     10.0000,      1.4134,     42.7997,    252.0618,     63.4338,      3.4953,      0.0000,     -0.0323,      0.3842,      0.1418,      5.6618,     11.3237,      1.2528,     29.6417,     59.2834,      0.0195,      0.0003,      0.0156,      0.2094,   7952.5728,-420890.6875,   -911.1362,    558.7534,  26508.5703,
       1,     170,     153,       7,       1,       3,       1,     10.0000,      1.4134,     42.7997,    252.0618,     63.4338,      3.4953,      0.0000,     -0.0323,      0.3453,      0.1418,      5.6618,     11.3237,      1.2528,     29.6417,     59.2834,      0.0195,      0.0003,      0.0156,      0.2094,   7952.5713,-420860.0625,   -911.1365,    558.7556,  26508.5742,
       1,     170,     153,       8,       1,       3,       1,     10.0000,      1.4134,     42.7997,    252.0618,     63.4338,      3.4953,      0.0090,     -0.0233,      0.3424,      0.1416,      5.6618,     11.3237,      1.2516,     29.6417,     59.2834,      0.0195,      0.0003,      0.0156,      0.2094,   7952.5728,-420809.9688,   -911.1289,    558.7591,  26508.5723,
       1,     170,     153,       9,       1,       3,       1,     10.0000,      1.4134,     42.7997,    252.0618,     63.4338,      3.4953,      0.0632,      0.0309,      1.5314,      0.1418,      5.6618,     11.3237,      1.2528,     29.6417,     59.2834,      0.0195,      0.0003,      0.0697,      0.2094,   7952.5718,-420802.2500,   -911.1584,    558.7596,  26508.5703,
       1,     170,     153,      10,       1,       3,       1,     10.0000,      1.4134,     42.7997,    252.0618,     63.4338,      3.4953,      0.1255,      0.0928,      3.7481,      0.1515,      5.6618,     11.3237,      1.3391,     29.6417,     59.2834,      0.0195,      0.0003,      0.1581,      0.2094,   7952.5713,-422245.0938,   -911.6107,    558.6589,  26508.5723,
       1,     170,     153,      11,       1,       3,       1,     10.0000,      1.4134,     42.7997,    252.0618,     63.4338,      3.4953,      0.1828,      0.1492,      6.9075,      0.1797,      5.6618,     11.3237,      1.5877,     29.6417,     59.2834,      0.0195,      0.0003,      0.2397,      0.2094,   7952.5718,-425058.0625,   -911.3483,    558.4624,  26508.5723,
       1,     170,     153,      12,       1,       3,       1,     10.0000,      1.4134,     42.7997,    252.0618,     63.4338,      3.4953,      0.1565,      0.1230,      5.6792,      0.1758,      5.6618,     11.3237,      1.5532,     29.6417,     59.2834,      0.0195,      0.0003,      0.2021,      0.2094,   7952.5718,-429132.0000,   -913.2411,    558.1781,  26508.5742,
       1,     170,     153,      13,       1,       3,       1,     10.0000,      1.4134,     42.7997,    252.0618,     63.4338,      3.4953,      0.1900,      0.1562,      7.5338,      0.1868,      5.6618,     11.3237,      1.6504,     29.6417,     59.2834,      0.0195,      0.0004,      0.2500,      0.2094,   7952.5728,-427985.9688,   -913.6502,    558.2581,  26508.5742,
       1,     170,     153,      14,       1,       3,       1,     10.0000,      1.4134,     42.7997,    252.0618,     63.4338,      3.4953,      0.1900,      0.1558,      9.5087,      0.2018,      5.6618,     11.3237,      1.7830,     29.6417,     59.2834,      0.0195,      0.0005,      0.2500,      0.2094,   7952.5728,-430140.5000,   -915.1465,    558.1077,  26508.5723,
       1,     170,     153,      15,       1,       3,       1,     10.0000,      1.4134,     42.7997,    252.0618,     63.4338,      3.4953,      0.1905,      0.1560,     15.5374,      0.2072,      5.6618,     11.3237,      1.8312,     29.6417,     59.2834,      0.0195,      0.0008,      0.2500,      0.2094,   7952.5718,-432720.7500,   -916.8712,    557.9278,  26508.5723,
       1,     170,     153,      16,       1,       3,       1,     10.0000,      1.4134,     42.7997,    252.0618,     63.4338,      3.4953,      0.1903,      0.1559,     44.4750,      0.2054,      5.6618,     11.3237,      1.8150,     29.6417,     59.2834,      0.0195,      0.0022,      0.2465,      0.2094,   7952.5718,-440258.6875,   -919.5334,    557.4021,  26508.5723,
       1,     170,     153,      17,       1,       3,       1,     10.0000,      1.4134,     42.7997,    252.0618,     63.4338,      3.4953,      0.1862,      0.1519,     42.6224,      0.2042,      5.6618,     11.3237,      1.8043,     29.6417,     59.2834,      0.0195,      0.0021,      0.2408,      0.2094,   7952.5718,-476034.0000,   -927.2288,    554.9097,  26508.5723,
       1,     170,     153,      18,       1,       3,       1,     10.0000,      1.4134,     42.7997,    252.0618,     63.4338,      3.4953,      0.1447,      0.1107,     48.7136,      0.1918,      5.6618,     11.3237,      1.6952,     29.6417,     59.2834,      0.0195,      0.0033,      0.1803,      0.2094,   7952.5718,-476826.5312,   -928.3916,    554.8603,  26508.5742,
       1,     170,     153,      19,       1,       3,       1,     10.0000,      1.4134,     42.7997,    252.0618,     63.4338,      3.4953,      0.1360,      0.1021,     60.4030,      0.1915,      5.6618,     11.3237,      1.6919,     29.6417,     59.2834,      0.0195,      0.0044,      0.1665,      0.2094,   7952.5728,-484286.5625,   -930.5814,    554.3429,  26508.5723,
       1,     170,     153,      20,       1,       3,       1,     10.0000,      1.4134,     42.7997,    252.0618,     63.4338,      3.4953,      0.0287,     -0.0045,      7.2518,      0.1684,      5.6618,     11.3237,      1.4879,     29.6417,     59.2834,      0.0195,      0.0046,      0.0189,      0.2094,   7952.5718,-499120.5625,   -934.2125,    553.3152,  26508.5723,
       1,     170,     153,      21,       1,       3,       1,     10.0000,      1.4134,     42.7997,    252.0618,     63.4338,      3.4953,      0.0000,     -0.0331,      5.3455,      0.1642,      5.6618,     11.3237,      1.4512,     29.6417,     59.2834,      0.0195,      0.0041,      0.0156,      0.2094,   7952.5718,-435782.7500,   -922.8738,    557.6969,  26508.5703,
       1,     170,     153,      22,       1,       3,       1,     10.0000,      1.4134,     42.7997,    252.0618,     63.4338,      3.4953,      0.0000,     -0.0330,      5.1224,      0.1631,      5.6618,     11.3237,      1.4410,     29.6417,     59.2834,      0.0195,      0.0040,      0.0156,      0.2094,   7952.5713,-428165.3125,   -921.7349,    558.2454,  26508.5723,
       1,     170,     153,      23,       1,       3,       1,     10.0000,      1.4134,     42.7997,    252.0618,     63.4338,      3.4953,      0.0000,     -0.0329,      3.9684,      0.1586,      5.6618,     11.3237,      1.4011,     29.6417,     59.2834,      0.0195,      0.0031,      0.0156,      0.2094,   7952.5718,-427228.5938,   -921.8108,    558.3109,  26508.5723,
       1,     170,     153,      24,       1,       3,       1,     10.0000,      1.4134,     42.7997,    252.0618,     63.4338,      3.4953,      0.0000,     -0.0330,      4.3052,      0.1619,      5.6618,     11.3237,      1.4309,     29.6417,     59.2834,      0.0195,      0.0033,      0.0156,      0.2094,   7952.5718,-425748.1250,   -921.7070,    558.4142,  26508.5742,
       1,     170,     154,       1,       1,       3,       1,     10.0000,      1.4135,     42.8001,    252.0678,     63.4353,      3.4953,      0.0000,     -0.0331,      2.6330,      0.1649,      5.6615,     11.3230,      1.4570,     29.6453,     59.2906,      0.0195,      0.0020,      0.0156,      0.2095,   7952.5728,-426187.4375,   -922.2520,    558.3969,  26509.7695,
       1,     170,     154,       2,       1,       3,       1,     10.0000,      1.4135,     42.8001,    252.0678,     63.4353,      3.4953,      0.0000,     -0.0328,      2.3137,      0.1559,      5.6615,     11.3230,      1.3774,     29.6453,     59.2906,      0.0195,      0.0018,      0.0156,      0.2095,   7952.9312,-424041.3750,   -918.7424,    558.5467,  26509.7715,
       1,     170,     154,       3,       1,       3,       1,     10.0000,      1.4135,     42.8001,    252.0678,     63.4353,      3.4953,      0.0000,     -0.0326,      2.2856,      0.1494,      5.6615,     11.3230,      1.3204,     29.6453,     59.2906,      0.0195,      0.0018,      0.0156,      0.2095,   7952.9316,-423471.5312,   -918.7561,    558.5864,  26509.7695,
       1,     170,     154,       4,       1,       3,       1,     10.0000,      1.4135,     42.8001,    252.0678,     63.4353,      3.4953,      0.0000,     -0.0326,      1.9146,      0.1491,      5.6615,     11.3230,      1.3177,     29.6453,     59.2906,      0.0195,      0.0015,      0.0156,      0.2095,   7952.9312,-423389.5625,   -918.8865,    558.5922,  26509.7695,
       1,     170,     154,       5,       1,       3,       1,     10.0000,      1.4135,     42.8001,    252.0678,     63.4353,      3.4953,      0.0000,     -0.0323,      2.0102,      0.1432,      5.6615,     11.3230,      1.2656,     29.6453,     59.2906,      0.0195,      0.0016,      0.0156,      0.2095,   7952.9312,-422932.3438,   -916.9327,    558.6241,  26509.7695,
       1,     170,     154,       6,       1,       3,       1,     10.0000,      1.4135,     42.8001,    252.0678,     63.4353,      3.4953,      0.0000,     -0.0323,      2.0084,      0.1425,      5.6615,     11.3230,      1.2592,     29.6453,     59.2906,      0.0195,      0.0016,      0.0156,      0.2095,   7952.9312,-423009.5000,   -917.0897,    558.6187,  26509.7695,
       1,     170,     154,       7,       1,       3,       1,     10.0000,      1.4135,     42.8001,    252.0678,     63.4353,      3.4953,      0.0000,     -0.0323,      1.0311,      0.1418,      5.6615,     11.3230,      1.2529,     29.6453,     59.2906,      0.0195,      0.0008,      0.0156,      0.2095,   7952.9312,-423013.9688,   -917.2410,    558.6184,  26509.7695,
       1,     170,     154,       8,       1,       3,       1,     10.0000,      1.4135,     42.8001,    252.0678,     63.4353,      3.4953,      0.0071,     -0.0252,      0.6771,      0.1438,      5.6615,     11.3230,      1.2707,     29.6453,     59.2906,      0.0195,      0.0005,      0.0156,      0.2095,   7952.9312,-421828.0938,   -917.0872,    558.7012,  26509.7695,
       1,     170,     154,       9,       1,       3,       1,     10.0000,      1.4135,     42.8001,    252.0678,     63.4353,      3.4953,      0.0959,      0.0637,      5.2445,      0.1413,      5.6615,     11.3230,      1.2491,     29.6453,     59.2906,      0.0195,      0.0005,      0.1159,      0.2095,   7952.9312,-421298.0000,   -917.0347,    558.7383,  26509.7695,
       1,     170,     154,      10,       1,       3,       1,     10.0000,      1.4135,     42.8001,    252.0678,     63.4353,      3.4953,      0.1475,      0.1147,      5.8456,      0.1571,      5.6615,     11.3230,      1.3885,     29.6453,     59.2906,      0.0195,      0.0004,      0.1893,      0.2095,   7952.9312,-426796.5000,   -918.2449,    558.3542,  26509.7695,
       1,     170,     154,      11,       1,       3,       1,     10.0000,      1.4135,     42.8001,    252.0678,     63.4353,      3.4953,      0.1823,      0.1488,      7.2961,      0.1767,      5.6615,     11.3230,      1.5610,     29.6453,     59.2906,      0.0195,      0.0004,      0.2389,      0.2095,   7952.9312,-427992.6562,   -918.8293,    558.2709,  26509.7695,
       1,     170,     154,      12,       1,       3,       1,     10.0000,      1.4135,     42.8001,    252.0678,     63.4353,      3.4953,      0.1903,      0.1564,     11.5060,      0.1888,      5.6615,     11.3230,      1.6686,     29.6453,     59.2906,      0.0195,      0.0006,      0.2500,      0.2095,   7952.9312,-429854.4375,   -919.8622,    558.1409,  26509.7695,
       1,     170,     154,      13,       1,       3,       1,     10.0000,      1.4135,     42.8001,    252.0678,     63.4353,      3.4953,      0.1909,      0.1566,     21.1738,      0.2040,      5.6615,     11.3230,      1.8025,     29.6453,     59.2906,      0.0195,      0.0010,      0.2500,      0.2095,   7952.9312,-435122.5938,   -921.7422,    557.7734,  26509.7695,
       1,     170,     154,      14,       1,       3,       1,     10.0000,      1.4135,     42.8001,    252.0678,     63.4353,      3.4953,      0.1913,      0.1568,     25.6706,      0.2097,      5.6615,     11.3230,      1.8530,     29.6453,     59.2906,      0.0195,      0.0012,      0.2500,      0.2095,   7952.9312,-447305.5625,   -924.9918,    556.9241,  26509.7695,
       1,     170,     154,      15,       1,       3,       1,     10.0000,      1.4135,     42.8001,    252.0678,     63.4353,      3.4953,      0.1905,      0.1560,     34.3361,      0.2066,      5.6615,     11.3230,      1.8258,     29.6453,     59.2906,      0.0195,      0.0017,      0.2478,      0.2094,   7952.9312,-453798.8438,   -927.1271,    556.4727,  26509.7676,
       1,     170,     154,      16,       1,       3,       1,     10.0000,      1.4135,     42.8001,    252.0678,     63.4353,      3.4953,      0.1652,      0.1313,     46.8374,      0.1892,      5.6615,     11.3230,      1.6719,     29.6453,     59.2906,      0.0195,      0.0027,      0.2099,      0.2094,   7952.9307,-464870.7500,   -929.9214,    555.7028,  26509.7715,
       1,     170,     154,      17,       1,       3,       1,     10.0000,      1.4135,     42.8001,    252.0678,     63.4353,      3.4953,      0.1631,      0.1292,     54.0042,      0.1877,      5.6615,     11.3230,      1.6587,     29.6453,     59.2906,      0.0195,      0.0032,      0.2060,      0.2094,   7952.9316,-480990.8438,   -933.5611,    554.5836,  26509.7715,
       1,     170,     154,      18,       1,       3,       1,     10.0000,      1.4135,     42.8001,    252.0678,     63.4353,      3.4953,      0.1328,      0.0990,     53.2828,      0.1868,      5.6615,     11.3230,      1.6505,     29.6453,     59.2906,      0.0195,      0.0040,      0.1627,      0.2094,   7952.9316,-491062.4062,   -936.1105,    553.8865,  26509.7695,
       1,     170,     154,      19,       1,       3,       1,     10.0000,      1.4135,     42.8001,    252.0678,     63.4353,      3.4953,      0.0843,      0.0508,     31.9720,      0.1770,      5.6615,     11.3230,      1.5641,     29.6453,     59.2906,      0.0195,      0.0040,      0.0956,      0.2094,   7952.9312,-491037.4062,   -936.6887,    553.8887,  26509.7715,
       1,     170,     154,      20,       1,       3,       1,     10.0000,      1.4135,     42.8001,    252.0678,     63.4353,      3.4953,      0.0189,     -0.0144,      1.6063,      0.1691,      5.6615,     11.3230,      1.4939,     29.6453,     59.2906,      0.0195,      0.0035,      0.0055,      0.2094,   7952.9316,-465142.0625,   -932.1854,    555.6815,  26509.7676,
       1,     170,     154,      21,       1,       3,       1,     10.0000,      1.4135,     42.8001,    252.0678,     63.4353,      3.4953,      0.0000,     -0.0332,      3.5880,      0.1670,      5.6615,     11.3230,      1.4761,     29.6453,     59.2906,      0.0195,      0.0028,      0.0156,      0.2094,   7952.9307,-426084.0000,   -924.9323,    558.3975,  26509.7695,
       1,     170,     154,      22,       1,       3,       1,     10.0000,      1.4135,     42.8001,    252.0678,     63.4353,      3.4953,      0.0000,     -0.0332,      3.4541,      0.1670,      5.6615,     11.3230,      1.4761,     29.6453,     59.2906,      0.0195,      0.0027,      0.0156,      0.2095,   7952.9312,-425199.8750,   -924.0303,    558.4658,  26509.7695,
       1,     170,     154,      23,       1,       3,       1,     10.0000,      1.4135,     42.8001,    252.0678,     63.4353,      3.4953,      0.0000,     -0.0329,      3.3391,      0.1576,      5.6615,     11.3230,      1.3927,     29.6453,     59.2906,      0.0195,      0.0026,      0.0156,      0.2095,   7952.9312,-424954.4062,   -924.1154,    558.4830,  26509.7695,
       1,     170,     154,      24,       1,       3,       1,     10.0000,      1.4135,     42.8001,    252.0678,     63.4353,      3.4953,      0.0000,     -0.0327,      3.0705,      0.1531,      5.6615,     11.3230,      1.3527,     29.6453,     59.2906,      0.0195,      0.0024,      0.0156,      0.2095,   7952.9312,-424793.8750,   -924.2090,    558.4941,  26509.7715,
       1,     170,     155,       1,       1,       3,       1,     10.0000,      1.4135,     42.8004,    252.0738,     63.4368,      3.4953,      0.0000,     -0.0327,      2.5098,      0.1523,      5.6615,     11.3231,      1.3459,     29.6481,     59.2961,      0.0195,      0.0019,      0.0156,      0.2095,   7952.9316,-424609.8750,   -924.5618,    558.5201,  26510.9648,
       1,     170,     155,       2,       1,       3,       1,     10.0000,      1.4135,     42.8004,    252.0738,     63.4368,      3.4953,      0.0000,     -0.0327,      2.2897,      0.1532,      5.6615,     11.3231,      1.3541,     29.6481,     59.2961,      0.0195,      0.0018,      0.0156,      0.2095,   7953.2896,-423760.5938,   -924.2144,    558.5794,  26510.9668,
       1,     170,     155,       3,       1,       3,       1,     10.0000,      1.4135,     42.8004,    252.0738,     63.4368,      3.4953,      0.0000,     -0.0328,      1.8147,      0.1554,      5.6615,     11.3231,      1.3733,     29.6481,     59.2961,      0.0195,      0.0014,      0.0156,      0.2095,   7953.2905,-423421.2812,   -924.2120,    558.6031,  26510.9648,
       1,     170,     155,       4,       1,       3,       1,     10.0000,      1.4135,     42.8004,    252.0738,     63.4368,      3.4953,      0.0000,     -0.0327,      0.6459,      0.1526,      5.6615,     11.3231,      1.3487,     29.6481,     59.2961,      0.0195,      0.0005,      0.0156,      0.2095,   7953.2896,-422816.2812,   -924.1458,    558.6454,  26510.9648,
       1,     170,     155,       5,       1,       3,       1,     10.0000,      1.4135,     42.8004,    252.0738,     63.4368,      3.4953,      0.0000,     -0.0326,      0.7509,      0.1500,      5.6615,     11.3231,      1.3258,     29.6481,     59.2961,      0.0195,      0.0006,      0.0156,      0.2095,   7953.2896,-421346.3750,   -923.8769,    558.7480,  26510.9668,
       1,     170,     155,       6,       1,       3,       1,     10.0000,      1.4135,     42.8004,    252.0738,     63.4368,      3.4953,      0.0000,     -0.0326,      0.7575,      0.1515,      5.6615,     11.3231,      1.3392,     29.6481,     59.2961,      0.0195,      0.0006,      0.0156,      0.2095,   7953.2905,-421349.1875,   -923.8867,    558.7478,  26510.9668,
       1,     170,     155,       7,       1,       3,       1,     10.0000,      1.4135,     42.8004,    252.0738,     63.4368,      3.4953,      0.0000,     -0.0327,      1.0796,      0.1539,      5.6615,     11.3231,      1.3596,     29.6481,     59.2961,      0.0195,      0.0008,      0.0156,      0.2095,   7953.2905,-421357.3750,   -923.9013,    558.7473,  26510.9648,
       1,     170,     155,       8,       1,       3,       1,     10.0000,      1.4135,     42.8004,    252.0738,     63.4368,      3.4953,      0.0017,     -0.0310,      0.9937,      0.1525,      5.6615,     11.3231,      1.3473,     29.6481,     59.2961,      0.0195,      0.0008,      0.0156,      0.2095,   7953.2896,-421749.2188,   -924.0030,    558.7199,  26510.9668,
       1,     170,     155,       9,       1,       3,       1,     10.0000,      1.4135,     42.8004,    252.0738,     63.4368,      3.4953,      0.0084,     -0.0242,      1.1313,      0.1529,      5.6615,     11.3231,      1.3514,     29.6481,     59.2961,      0.0195,      0.0009,      0.0156,      0.2095,   7953.2905,-421677.9062,   -910.3037,    558.7249,  26510.9648,
       1,     170,     155,      10,       1,       3,       1,     10.0000,      1.4135,     42.8004,    252.0738,     63.4368,      3.4953,      0.0996,      0.0672,      7.5363,      0.1435,      5.6615,     11.3231,      1.2682,     29.6481,     59.2961,      0.0195,      0.0008,      0.1208,      0.2095,   7953.2896,-421839.0938,   -910.4517,    558.7136,  26510.9648,
       1,     170,     155,      11,       1,       3,       1,     10.0000,      1.4135,     42.8004,    252.0738,     63.4368,      3.4953,      0.1789,      0.1457,     23.7462,      0.1703,      5.6615,     11.3231,      1.5045,     29.6481,     59.2961,      0.0195,      0.0012,      0.2322,      0.2095,   7953.2896,-429625.8750,   -912.2674,    558.1699,  26510.9648,
       1,     170,     155,      12,       1,       3,       1,     10.0000,      1.4135,     42.8004,    252.0738,     63.4368,      3.4953,      0.1903,      0.1563,     52.4287,      0.1917,      5.6615,     11.3231,      1.6936,     29.6481,     59.2961,      0.0195,      0.0026,      0.2454,      0.2095,   7953.2896,-449960.7812,   -917.1989,    556.7513,  26510.9648,
       1,     170,     155,      13,       1,       3,       1,     10.0000,      1.4135,     42.8004,    252.0738,     63.4368,      3.4953,      0.1943,      0.1600,     65.5718,      0.2030,      5.6615,     11.3231,      1.7937,     29.6481,     59.2961,      0.0195,      0.0032,      0.2498,      0.2095,   7953.2896,-486510.5625,   -925.7117,    554.2094,  26510.9648,
       1,     170,     155,      14,       1,       3,       1,     10.0000,      1.4135,     42.8004,    252.0738,     63.4368,      3.4953,      0.1969,      0.1619,     99.0063,      0.2257,      5.6615,     11.3231,      1.9948,     29.6481,     59.2961,      0.0195,      0.0048,      0.2500,      0.2094,   7953.2896,-505581.9062,   -931.2007,    552.8940,  26510.9648,
       1,     170,     155,      15,       1,       3,       1,     10.0000,      1.4135,     42.8004,    252.0738,     63.4368,      3.4953,      0.1976,      0.1624,    108.8250,      0.2327,      5.6615,     11.3231,      2.0564,     29.6481,     59.2961,      0.0195,      0.0053,      0.2500,      0.2094,   7953.2896,-547816.8125,   -941.3694,    549.9766,  26510.9668,
       1,     170,     155,      16,       1,       3,       1,     10.0000,      1.4135,     42.8004,    252.0738,     63.4368,      3.4953,      0.1248,      0.0906,     37.1615,      0.1986,      5.6615,     11.3231,      1.7551,     29.6481,     59.2961,      0.0195,      0.0029,      0.1529,      0.2094,   7953.2905,-563343.0000,   -938.8553,    548.9170,  26510.9648,
       1,     170,     155,      17,       1,       3,       1,     10.0000,      1.4135,     42.8004,    252.0738,     63.4368,      3.4953,      0.0075,     -0.0257,      0.9268,      0.1659,      5.6615,     11.3231,      1.4658,     29.6481,     59.2961,      0.0195,      0.0007,      0.0156,      0.2093,   7953.2896,-477485.8750,   -921.3143,    554.8090,  26510.8730,
       1,     170,     155,      18,       1,       3,       1,     10.0000,      1.4135,     42.8004,    252.0738,     63.4368,      3.4953,      0.0036,     -0.0288,      0.3568,      0.1450,      5.6615,     11.3231,      1.2811,     29.6481,     59.2961,      0.0195,      0.0003,      0.0156,      0.2094,   7953.2622,-426341.3438,   -911.2103,    558.3877,  26510.9570,
       1,     170,     155,      19,       1,       3,       1,     10.0000,      1.4135,     42.8004,    252.0738,     63.4368,      3.4953,      0.0072,     -0.0255,      0.3755,      0.1535,      5.6615,     11.3231,      1.3568,     29.6481,     59.2961,      0.0195,      0.0003,      0.0156,      0.2095,   7953.2876,-421309.1875,   -910.1870,    558.7505,  26510.9629,
       1,     170,     155,      20,       1,       3,       1,     10.0000,      1.4135,     42.8004,    252.0738,     63.4368,      3.4953,      0.0047,     -0.0281,      0.3838,      0.1565,      5.6615,     11.3231,      1.3830,     29.6481,     59.2961,      0.0195,      0.0003,      0.0156,      0.2095,   7953.2891,-420891.1562,   -910.1465,    558.7798,  26510.9668,
       1,     170,     155,      21,       1,       3,       1,     10.0000,      1.4135,     42.8004,    252.0738,     63.4368,      3.4953,      0.0000,     -0.0328,      0.3821,      0.1559,      5.6615,     11.3231,      1.3775,     29.6481,     59.2961,      0.0195,      0.0003,      0.0156,      0.2095,   7953.2905,-420865.0625,   -910.1601,    558.7816,  26510.9629,
       1,     170,     155,      22,       1,       3,       1,     10.0000,      1.4135,     42.8004,    252.0738,     63.4368,      3.4953,      0.0000,     -0.0329,      0.3901,      0.1587,      5.6615,     11.3231,      1.4026,     29.6481,     59.2961,      0.0195,      0.0003,      0.0156,      0.2095,   7953.2891,-420861.3125,   -910.1624,    558.7819,  26510.9648,
       1,     170,     155,      23,       1,       3,       1,     10.0000,      1.4135,     42.8004,    252.0738,     63.4368,      3.4953,      0.0000,     -0.0330,      0.3955,      0.1606,      5.6615,     11.3231,      1.4196,     29.6481,     59.2961,      0.0195,      0.0003,      0.0156,      0.2095,   7953.2896,-420870.3750,   -910.1652,    558.7812,  26510.9668,
       1,     170,     155,      24,       1,       3,       1,     10.0000,      1.4135,     42.8004,    252.0738,     63.4368,      3.4953,      0.0000,     -0.0330,      0.3996,      0.1621,      5.6615,     11.3231,      1.4325,     29.6481,     59.2961,      0.0195,      0.0003,      0.0156,      0.2095,   7953.2905,-420877.5312,   -910.1678,    558.7808,  26510.9668,
       1,     170,     156,       1,       1,       3,       1,     10.0000,      1.4135,     42.8008,    252.0798,     63.4384,      3.4953,      0.0000,     -0.0329,      0.4071,      0.1598,      5.6630,     11.3260,      1.4125,     29.6374,     59.2749,      0.0195,      0.0003,      0.0156,      0.2095,   7953.2905,-421040.5312,   -910.3889,    558.7829,  26512.1602,
       1,     170,     156,       2,       1,       3,       1,     10.0000,      1.4135,     42.8008,    252.0798,     63.4384,      3.4953,      0.0000,     -0.0329,      0.3932,      0.1598,      5.6630,     11.3260,      1.4125,     29.6374,     59.2749,      0.0195,      0.0003,      0.0156,      0.2095,   7953.6484,-420909.7812,   -910.1038,    558.7921,  26512.1621,
       1,     170,     156,       3,       1,       3,       1,     10.0000,      1.4135,     42.8008,    252.0798,     63.4384,      3.4953,      0.0000,     -0.0329,      0.3928,      0.1597,      5.6630,     11.3260,      1.4111,     29.6374,     59.2749,      0.0195,      0.0003,      0.0156,      0.2095,   7953.6489,-420881.3438,   -910.0962,    558.7940,  26512.1602,
       1,     170,     156,       4,       1,       3,       1,     10.0000,      1.4135,     42.8008,    252.0798,     63.4384,      3.4953,      0.0000,     -0.0329,      0.3914,      0.1592,      5.6630,     11.3260,      1.4068,     29.6374,     59.2749,      0.0195,      0.0003,      0.0156,      0.2095,   7953.6484,-420878.8125,   -910.0987,    558.7942,  26512.1621,
       1,     170,     156,       5,       1,       3,       1,     10.0000,      1.4135,     42.8008,    252.0798,     63.4384,      3.4953,      0.0000,     -0.0322,      0.5462,      0.1394,      5.6630,     11.3260,      1.2315,     29.6374,     59.2749,      0.0195,      0.0004,      0.0156,      0.2095,   7953.6489,-420876.6875,   -910.0953,    558.7944,  26512.1602,
       1,     170,     156,       6,       1,       3,       1,     10.0000,      1.4135,     42.8008,    252.0798,     63.4384,      3.4953,      0.0000,     -0.0318,      0.5903,      0.1293,      5.6630,     11.3260,      1.1424,     29.6374,     59.2749,      0.0195,      0.0005,      0.0156,      0.2095,   7953.6484,-421064.4375,   -910.1647,    558.7812,  26512.1641,
       1,     170,     156,       7,       1,       3,       1,     10.0000,      1.4135,     42.8008,    252.0798,     63.4384,      3.4953,      0.0000,     -0.0316,      0.6375,      0.1232,      5.6630,     11.3260,      1.0890,     29.6374,     59.2749,      0.0195,      0.0005,      0.0156,      0.2095,   7953.6494,-421133.5312,   -910.2184,    558.7765,  26512.1602,
       1,     170,     156,       8,       1,       3,       1,     10.0000,      1.4135,     42.8008,    252.0798,     63.4384,      3.4953,      0.0012,     -0.0304,      0.4021,      0.1241,      5.6630,     11.3260,      1.0968,     29.6374,     59.2749,      0.0195,      0.0003,      0.0156,      0.2095,   7953.6484,-421197.0938,   -910.2015,    558.7720,  26512.1621,
       1,     170,     156,       9,       1,       3,       1,     10.0000,      1.4135,     42.8008,    252.0798,     63.4384,      3.4953,      0.0029,     -0.0288,      0.3003,      0.1263,      5.6630,     11.3260,      1.1160,     29.6374,     59.2749,      0.0195,      0.0002,      0.0156,      0.2095,   7953.6489,-420916.5312,   -910.1182,    558.7916,  26512.1641,
       1,     170,     156,      10,       1,       3,       1,     10.0000,      1.4135,     42.8008,    252.0798,     63.4384,      3.4953,      0.0038,     -0.0276,      0.6112,      0.1199,      5.6630,     11.3260,      1.0593,     29.6374,     59.2749,      0.0195,      0.0005,      0.0156,      0.2095,   7953.6494,-420769.0625,   -910.0854,    558.8019,  26512.1621,
       1,     170,     156,      11,       1,       3,       1,     10.0000,      1.4135,     42.8008,    252.0798,     63.4384,      3.4953,      0.0143,     -0.0173,      0.0234,      0.1245,      5.6630,     11.3260,      1.1001,     29.6374,     59.2749,      0.0195,      0.0002,      0.0012,      0.2095,   7953.6489,-421133.9375,   -910.1982,    558.7764,  26512.1602,
       1,     170,     156,      12,       1,       3,       1,     10.0000,      1.4135,     42.8008,    252.0798,     63.4384,      3.4953,      0.0732,      0.0414,      1.6787,      0.1301,      5.6630,     11.3260,      1.1494,     29.6374,     59.2749,      0.0195,      0.0002,      0.0843,      0.2095,   7953.6484,-420451.9688,   -910.0540,    558.8240,  26512.1641,
       1,     170,     156,      13,       1,       3,       1,     10.0000,      1.4135,     42.8008,    252.0798,     63.4384,      3.4953,      0.1428,      0.1105,      5.1978,      0.1411,      5.6630,     11.3260,      1.2466,     29.6374,     59.2749,      0.0195,      0.0003,      0.1826,      0.2095,   7953.6494,-422402.3125,   -910.6149,    558.6878,  26512.1602,
       1,     170,     156,      14,       1,       3,       1,     10.0000,      1.4135,     42.8008,    252.0798,     63.4384,      3.4953,      0.1689,      0.1360,     25.0458,      0.1565,      5.6630,     11.3260,      1.3830,     29.6374,     59.2749,      0.0195,      0.0014,      0.2175,      0.2095,   7953.6484,-426838.4375,   -912.1003,    558.3781,  26512.1621,
       1,     170,     156,      15,       1,       3,       1,     10.0000,      1.4135,     42.8008,    252.0798,     63.4384,      3.4953,      0.1702,      0.1373,     30.8858,      0.1589,      5.6630,     11.3260,      1.4040,     29.6374,     59.2749,      0.0195,      0.0017,      0.2187,      0.2095,   7953.6489,-451300.3750,   -917.7175,    556.6708,  26512.1621,
       1,     170,     156,      16,       1,       3,       1,     10.0000,      1.4135,     42.8008,    252.0798,     63.4384,      3.4953,      0.1540,      0.1210,     28.6172,      0.1619,      5.6630,     11.3260,      1.4310,     29.6374,     59.2749,      0.0195,      0.0018,      0.1958,      0.2095,   7953.6489,-460468.6875,   -920.4557,    556.0354,  26512.1621,
       1,     170,     156,      17,       1,       3,       1,     10.0000,      1.4135,     42.8008,    252.0798,     63.4384,      3.4953,      0.1720,      0.1387,     42.0695,      0.1721,      5.6630,     11.3260,      1.5211,     29.6374,     59.2749,      0.0195,      0.0023,      0.2202,      0.2095,   7953.6489,-458487.7812,   -921.0184,    556.1735,  26512.1641,
       1,     170,     156,      18,       1,       3,       1,     10.0000,      1.4135,     42.8008,    252.0798,     63.4384,      3.4953,      0.1548,      0.1212,     37.7910,      0.1779,      5.6630,     11.3260,      1.5720,     29.6374,     59.2749,      0.0195,      0.0023,      0.1960,      0.2095,   7953.6494,-474651.9375,   -925.1058,    555.0497,  26512.1621,
       1,     170,     156,      19,       1,       3,       1,     10.0000,      1.4135,     42.8008,    252.0798,     63.4384,      3.4953,      0.0794,      0.0461,     14.3892,      0.1725,      5.6630,     11.3260,      1.5242,     29.6374,     59.2749,      0.0195,      0.0019,      0.0907,      0.2095,   7953.6489,-470826.3125,   -925.3690,    555.3162,  26512.1641,
       1,     170,     156,      20,       1,       3,       1,     10.0000,      1.4135,     42.8008,    252.0798,     63.4384,      3.4953,      0.0170,     -0.0160,      0.3807,      0.1615,      5.6630,     11.3260,      1.4268,     29.6374,     59.2749,      0.0195,      0.0014,      0.0033,      0.2095,   7953.6494,-442084.5312,   -920.5271,    557.3114,  26512.1621,
       1,     170,     156,      21,       1,       3,       1,     10.0000,      1.4135,     42.8008,    252.0798,     63.4384,      3.4953,      0.0000,     -0.0329,      1.3052,      0.1582,      5.6630,     11.3260,      1.3984,     29.6374,     59.2749,      0.0195,      0.0010,      0.0156,      0.2095,   7953.6489,-422661.1562,   -917.1036,    558.6681,  26512.1621,
       1,     170,     156,      22,       1,       3,       1,     10.0000,      1.4135,     42.8008,    252.0798,     63.4384,      3.4953,      0.0000,     -0.0329,      1.0430,      0.1582,      5.6630,     11.3260,      1.3984,     29.6374,     59.2749,      0.0195,      0.0008,      0.0156,      0.2095,   7953.6489,-422138.5000,   -917.0786,    558.7062,  26512.1621,
       1,     170,     156,      23,       1,       3,       1,     10.0000,      1.4135,     42.8008,    252.0798,     63.4384,      3.4953,      0.0000,     -0.0329,      0.9936,      0.1578,      5.6630,     11.3260,      1.3942,     29.6374,     59.2749,      0.0195,      0.0008,      0.0156,      0.2095,   7953.6489,-421773.9688,   -917.0590,    558.7317,  26512.1621,
       1,     170,     156,      24,       1,       3,       1,     10.0000,      1.4135,     42.8008,    252.0798,     63.4384,      3.4953,      0.0000,     -0.0327,      0.8516,      0.1539,      5.6630,     11.3260,      1.3596,     29.6374,     59.2749,      0.0195,      0.0007,      0.0156,      0.2095,   7953.6489,-421683.1875,   -917.0933,    558.7380,  26512.1621,
       1,     170,     157,       1,       1,       3,       1,     10.0000,      1.4135,     42.8011,    252.0858,     63.4398,      3.4953,      0.0000,     -0.0326,      0.7690,      0.1505,      5.6627,     11.3255,      1.3298,     29.6255,     59.2510,      0.0195,      0.0006,      0.0156,      0.2095,   7953.6489,-421660.0312,   -917.4031,    558.7529,  26513.3613,
       1,     170,     157,       2,       1,       3,       1,     10.0000,      1.4135,     42.8011,    252.0858,     63.4398,      3.4953,      0.0000,     -0.0326,      1.0249,      0.1497,      5.6627,     11.3255,      1.3232,     29.6255,     59.2510,      0.0195,      0.0008,      0.0156,      0.2095,   7954.0088,-421403.7812,   -917.1288,    558.7708,  26513.3594,
       1,     170,     157,       3,       1,       3,       1,     10.0000,      1.4135,     42.8011,    252.0858,     63.4398,      3.4953,      0.0000,     -0.0325,      1.2331,      0.1488,      5.6627,     11.3255,      1.3152,     29.6255,     59.2510,      0.0195,      0.0010,      0.0156,      0.2095,   7954.0083,-421692.6250,   -917.2382,    558.7506,  26513.3613,
       1,     170,     157,       4,       1,       3,       1,     10.0000,      1.4135,     42.8011,    252.0858,     63.4398,      3.4953,      0.0000,     -0.0325,      1.0476,      0.1466,      5.6627,     11.3255,      1.2954,     29.6255,     59.2510,      0.0195,      0.0008,      0.0156,      0.2095,   7954.0088,-421969.5312,   -917.3552,    558.7312,  26513.3594,
       1,     170,     157,       5,       1,       3,       1,     10.0000,      1.4135,     42.8011,    252.0858,     63.4398,      3.4953,      0.0000,     -0.0324,      0.9830,      0.1444,      5.6627,     11.3255,      1.2759,     29.6255,     59.2510,      0.0195,      0.0008,      0.0156,      0.2095,   7954.0083,-421768.1562,   -917.3660,    558.7452,  26513.3594,
       1,     170,     157,       6,       1,       3,       1,     10.0000,      1.4135,     42.8011,    252.0858,     63.4398,      3.4953,      0.0000,     -0.0324,      0.9198,      0.1448,      5.6627,     11.3255,      1.2798,     29.6255,     59.2510,      0.0195,      0.0007,      0.0156,      0.2095,   7954.0083,-421672.8125,   -917.3954,    558.7520,  26513.3594,
       1,     170,     157,       7,       1,       3,       1,     10.0000,      1.4135,     42.8011,    252.0858,     63.4398,      3.4953,      0.0000,     -0.0325,      1.0663,      0.1485,      5.6627,     11.3255,      1.3125,     29.6255,     59.2510,      0.0195,      0.0008,      0.0156,      0.2095,   7954.0083,-421588.0312,   -917.4159,    558.7579,  26513.3594,
       1,     170,     157,       8,       1,       3,       1,     10.0000,      1.4135,     42.8011,    252.0858,     63.4398,      3.4953,      0.0097,     -0.0226,      1.2796,      0.1418,      5.6627,     11.3255,      1.2529,     29.6255,     59.2510,      0.0195,      0.0010,      0.0156,      0.2095,   7954.0083,-421758.5312,   -915.3370,    558.7460,  26513.3594,
       1,     170,     157,       9,       1,       3,       1,     10.0000,      1.4135,     42.8011,    252.0858,     63.4398,      3.4953,      0.0803,      0.0482,      5.1256,      0.1377,      5.6627,     11.3255,      1.2167,     29.6255,     59.2510,      0.0195,      0.0007,      0.0938,      0.2095,   7954.0083,-422031.8438,   -915.5103,    558.7269,  26513.3594,
       1,     170,     157,      10,       1,       3,       1,     10.0000,      1.4135,     42.8011,    252.0858,     63.4398,      3.4953,      0.1278,      0.0953,     15.9262,      0.1478,      5.6627,     11.3255,      1.3059,     29.6255,     59.2510,      0.0195,      0.0012,      0.1600,      0.2095,   7954.0083,-426721.3125,   -916.5654,    558.3994,  26513.3594,
       1,     170,     157,      11,       1,       3,       1,     10.0000,      1.4135,     42.8011,    252.0858,     63.4398,      3.4953,      0.1458,      0.1127,     30.0042,      0.1651,      5.6627,     11.3255,      1.4586,     29.6255,     59.2510,      0.0195,      0.0020,      0.1840,      0.2095,   7954.0083,-440224.3125,   -919.4646,    557.4570,  26513.3574,
       1,     170,     157,      12,       1,       3,       1,     10.0000,      1.4135,     42.8011,    252.0858,     63.4398,      3.4953,      0.1739,      0.1406,     39.9682,      0.1723,      5.6627,     11.3255,      1.5227,     29.6255,     59.2510,      0.0195,      0.0022,      0.2232,      0.2095,   7954.0073,-458455.5312,   -923.6401,    556.1873,  26513.3574,
       1,     170,     157,      13,       1,       3,       1,     10.0000,      1.4135,     42.8011,    252.0858,     63.4398,      3.4953,      0.1951,      0.1611,     74.7726,      0.1913,      5.6627,     11.3255,      1.6904,     29.6255,     59.2510,      0.0195,      0.0036,      0.2497,      0.2095,   7954.0073,-472097.2188,   -927.1201,    555.2404,  26513.3613,
       1,     170,     157,      14,       1,       3,       1,     10.0000,      1.4135,     42.8011,    252.0858,     63.4398,      3.4953,      0.1902,      0.1558,     89.1631,      0.2066,      5.6627,     11.3255,      1.8259,     29.6255,     59.2510,      0.0195,      0.0045,      0.2413,      0.2095,   7954.0088,-515510.1562,   -936.7070,    552.2281,  26513.3594,
       1,     170,     157,      15,       1,       3,       1,     10.0000,      1.4135,     42.8011,    252.0858,     63.4398,      3.4953,      0.1939,      0.1594,     96.8961,      0.2112,      5.6627,     11.3255,      1.8660,     29.6255,     59.2510,      0.0195,      0.0048,      0.2458,      0.2094,   7954.0083,-536685.4375,   -942.2978,    550.7745,  26513.3613,
       1,     170,     157,      16,       1,       3,       1,     10.0000,      1.4135,     42.8011,    252.0858,     63.4398,      3.4953,      0.1618,      0.1277,     53.6497,      0.1949,      5.6627,     11.3255,      1.7225,     29.6255,     59.2510,      0.0195,      0.0032,      0.2043,      0.2094,   7954.0088,-547867.1250,   -944.3954,    550.0067,  26513.3594,
       1,     170,     157,      17,       1,       3,       1,     10.0000,      1.4135,     42.8011,    252.0858,     63.4398,      3.4953,      0.1466,      0.1130,     27.8832,      0.1790,      5.6627,     11.3255,      1.5815,     29.6255,     59.2510,      0.0195,      0.0018,      0.1853,      0.2094,   7954.0083,-496237.3438,   -931.8132,    553.5568,  26513.3613,
       1,     170,     157,      18,       1,       3,       1,     10.0000,      1.4135,     42.8011,    252.0858,     63.4398,      3.4953,      0.1498,      0.1161,     38.7171,      0.1835,      5.6627,     11.3255,      1.6213,     29.6255,     59.2510,      0.0195,      0.0025,      0.1887,      0.2095,   7954.0088,-460620.0625,   -926.0198,    556.0328,  26513.3594,
       1,     170,     157,      19,       1,       3,       1,     10.0000,      1.4135,     42.8011,    252.0858,     63.4398,      3.4953,      0.0910,      0.0574,     20.0910,      0.1781,      5.6627,     11.3255,      1.5736,     29.6255,     59.2510,      0.0195,      0.0023,      0.1064,      0.2095,   7954.0083,-470766.5625,   -928.7178,    555.3331,  26513.3594,
       1,     170,     157,      20,       1,       3,       1,     10.0000,      1.4135,     42.8011,    252.0858,     63.4398,      3.4953,      0.0141,     -0.0191,      2.0552,      0.1684,      5.6627,     11.3255,      1.4881,     29.6255,     59.2510,      0.0195,      0.0016,      0.0156,      0.2095,   7954.0083,-449003.7188,   -925.1593,    556.8443,  26513.3574,
       1,     170,     157,      21,       1,       3,       1,     10.0000,      1.4135,     42.8011,    252.0858,     63.4398,      3.4953,      0.0000,     -0.0331,      1.5754,      0.1641,      5.6627,     11.3255,      1.4499,     29.6255,     59.2510,      0.0195,      0.0012,      0.0156,      0.2095,   7954.0073,-425277.9062,   -920.9094,    558.4978,  26513.3574,
       1,     170,     157,      22,       1,       3,       1,     10.0000,      1.4135,     42.8011,    252.0858,     63.4398,      3.4953,      0.0000,     -0.0330,      1.5858,      0.1628,      5.6627,     11.3255,      1.4383,     29.6255,     59.2510,      0.0195,      0.0012,      0.0156,      0.2095,   7954.0073,-422691.9062,   -920.5283,    558.6807,  26513.3594,
       1,     170,     157,      23,       1,       3,       1,     10.0000,      1.4135,     42.8011,    252.0858,     63.4398,      3.4953,      0.0000,     -0.0330,      1.5079,      0.1616,      5.6627,     11.3255,      1.4282,     29.6255,     59.2510,      0.0195,      0.0012,      0.0156,      0.2095,   7954.0083,-422482.5312,   -920.5806,    558.6954,  26513.3574,
       1,     170,     157,      24,       1,       3,       1,     10.0000,      1.4135,     42.8011,    252.0858,     63.4398,      3.4953,      0.0000,     -0.0330,      1.3305,      0.1610,      5.6627,     11.3255,      1.4225,     29.6255,     59.2510,      0.0195,      0.0010,      0.0156,      0.2095,   7954.0073,-422370.2500,   -920.6362,    558.7032,  26513.3574,
       1,     170,     158,       1,       1,       3,       1,     10.0000,      1.4136,     42.8014,    252.0918,     63.4414,      3.4953,      0.0000,     -0.0329,      1.1930,      0.1603,      5.6626,     11.3253,      1.4168,     29.6264,     59.2528,      0.0195,      0.0009,      0.0156,      0.2096,   7954.0073,-422302.2500,   -920.9531,    558.7214,  26514.5527,
       1,     170,     158,       2,       1,       3,       1,     10.0000,      1.4136,     42.8014,    252.0918,     63.4414,      3.4953,      0.0000,     -0.0329,      1.0715,      0.1584,      5.6626,     11.3253,      1.3999,     29.6264,     59.2528,      0.0195,      0.0008,      0.0156,      0.2096,   7954.3662,-421975.8438,   -920.6761,    558.7443,  26514.5527,
       1,     170,     158,       3,       1,       3,       1,     10.0000,      1.4136,     42.8014,    252.0918,     63.4414,      3.4953,      0.0000,     -0.0327,      0.7155,      0.1525,      5.6626,     11.3253,      1.3474,     29.6264,     59.2528,      0.0195,      0.0006,      0.0156,      0.2096,   7954.3662,-421800.6875,   -918.6680,    558.7564,  26514.5527,
       1,     170,     158,       4,       1,       3,       1,     10.0000,      1.4136,     42.8014,    252.0918,     63.4414,      3.4953,      0.0000,     -0.0325,      0.3996,      0.1479,      5.6626,     11.3253,      1.3073,     29.6264,     59.2528,      0.0195,      0.0003,      0.0156,      0.2096,   7954.3662,-421354.1562,   -918.6227,    558.7877,  26514.5547,
       1,     170,     158,       5,       1,       3,       1,     10.0000,      1.4136,     42.8014,    252.0918,     63.4414,      3.4953,      0.0000,     -0.0325,      0.3618,      0.1467,      5.6626,     11.3253,      1.2968,     29.6264,     59.2528,      0.0195,      0.0003,      0.0156,      0.2096,   7954.3667,-420932.8438,   -918.5494,    558.8171,  26514.5527,
       1,     170,     158,       6,       1,       3,       1,     10.0000,      1.4136,     42.8014,    252.0918,     63.4414,      3.4953,      0.0000,     -0.0323,      0.3606,      0.1435,      5.6626,     11.3253,      1.2683,     29.6264,     59.2528,      0.0195,      0.0003,      0.0156,      0.2096,   7954.3662,-420851.4375,   -918.5367,    558.8228,  26514.5527,
       1,     170,     158,       7,       1,       3,       1,     10.0000,      1.4136,     42.8014,    252.0918,     63.4414,      3.4953,      0.0000,     -0.0322,      0.3509,      0.1401,      5.6626,     11.3253,      1.2378,     29.6264,     59.2528,      0.0195,      0.0003,      0.0156,      0.2096,   7954.3662,-420843.0312,   -918.5375,    558.8233,  26514.5527,
       1,     170,     158,       8,       1,       3,       1,     10.0000,      1.4136,     42.8014,    252.0918,     63.4414,      3.4953,      0.0199,     -0.0124,      0.1839,      0.1428,      5.6626,     11.3253,      1.2619,     29.6264,     59.2528,      0.0195,      0.0003,      0.0083,      0.2096,   7954.3662,-420830.6250,   -918.5377,    558.8242,  26514.5508,
       1,     170,     158,       9,       1,       3,       1,     10.0000,      1.4136,     42.8014,    252.0918,     63.4414,      3.4953,      0.0804,      0.0477,      3.6831,      0.1540,      5.6626,     11.3253,      1.3610,     29.6264,     59.2528,      0.0195,      0.0005,      0.0937,      0.2096,   7954.3657,-420627.3125,   -918.5558,    558.8384,  26514.5527,
       1,     170,     158,      10,       1,       3,       1,     10.0000,      1.4136,     42.8014,    252.0918,     63.4414,      3.4953,      0.1303,      0.0972,     12.1344,      0.1646,      5.6626,     11.3253,      1.4543,     29.6264,     59.2528,      0.0195,      0.0009,      0.1639,      0.2096,   7954.3662,-424854.6250,   -919.5515,    558.5430,  26514.5527,
       1,     170,     158,      11,       1,       3,       1,     10.0000,      1.4136,     42.8014,    252.0918,     63.4414,      3.4953,      0.0801,      0.0468,      9.0147,      0.1704,      5.6626,     11.3253,      1.5061,     29.6264,     59.2528,      0.0195,      0.0012,      0.0922,      0.2096,   7954.3662,-435466.3750,   -921.9994,    557.8022,  26514.5527,
       1,     170,     158,      12,       1,       3,       1,     10.0000,      1.4136,     42.8014,    252.0918,     63.4414,      3.4953,      0.0987,      0.0656,      9.0827,      0.1659,      5.6626,     11.3253,      1.4659,     29.6264,     59.2528,      0.0195,      0.0009,      0.1190,      0.2096,   7954.3662,-432581.1250,   -919.5289,    558.0040,  26514.5527,
       1,     170,     158,      13,       1,       3,       1,     10.0000,      1.4136,     42.8014,    252.0918,     63.4414,      3.4953,      0.1399,      0.1067,     12.2111,      0.1667,      5.6626,     11.3253,      1.4733,     29.6264,     59.2528,      0.0195,      0.0008,      0.1775,      0.2096,   7954.3662,-432418.7188,   -919.9031,    558.0153,  26514.5547,
       1,     170,     158,      14,       1,       3,       1,     10.0000,      1.4136,     42.8014,    252.0918,     63.4414,      3.4953,      0.1827,      0.1490,     41.1427,      0.1848,      5.6626,     11.3253,      1.6327,     29.6264,     59.2528,      0.0195,      0.0021,      0.2357,      0.2096,   7954.3667,-436200.6250,   -921.1280,    557.7515,  26514.5527,
       1,     170,     158,      15,       1,       3,       1,     10.0000,      1.4136,     42.8014,    252.0918,     63.4414,      3.4953,      0.1810,      0.1472,     44.1930,      0.1877,      5.6626,     11.3253,      1.6588,     29.6264,     59.2528,      0.0195,      0.0023,      0.2329,      0.2096,   7954.3662,-471627.0000,   -928.9001,    555.2816,  26514.5527,
       1,     170,     158,      16,       1,       3,       1,     10.0000,      1.4136,     42.8014,    252.0918,     63.4414,      3.4953,      0.1609,      0.1272,     33.8316,      0.1838,      5.6626,     11.3253,      1.6246,     29.6264,     59.2528,      0.0195,      0.0020,      0.2052,      0.2095,   7954.3662,-478343.0000,   -931.3088,    554.8209,  26514.5547,
       1,     170,     158,      17,       1,       3,       1,     10.0000,      1.4136,     42.8014,    252.0918,     63.4414,      3.4953,      0.1536,      0.1200,     28.5813,      0.1811,      5.6626,     11.3253,      1.6005,     29.6264,     59.2528,      0.0195,      0.0018,      0.1953,      0.2095,   7954.3667,-466323.8438,   -929.8544,    555.6548,  26514.5527,
       1,     170,     158,      18,       1,       3,       1,     10.0000,      1.4136,     42.8014,    252.0918,     63.4414,      3.4953,      0.1452,      0.1116,     27.9689,      0.1804,      5.6626,     11.3253,      1.5942,     29.6264,     59.2528,      0.0195,      0.0018,      0.1833,      0.2095,   7954.3662,-458936.3438,   -929.1156,    556.1684,  26514.5527,
       1,     170,     158,      19,       1,       3,       1,     10.0000,      1.4136,     42.8014,    252.0918,     63.4414,      3.4953,      0.0754,      0.0419,     10.5469,      0.1751,      5.6626,     11.3253,      1.5472,     29.6264,     59.2528,      0.0195,      0.0015,      0.0852,      0.2095,   7954.3662,-457568.7188,   -929.4176,    556.2638,  26514.5547,
       1,     170,     158,      20,       1,       3,       1,     10.0000,      1.4136,     42.8014,    252.0918,     63.4414,      3.4953,      0.0104,     -0.0227,      1.3508,      0.1642,      5.6626,     11.3253,      1.4513,     29.6264,     59.2528,      0.0195,      0.0010,      0.0156,      0.2095,   7954.3667,-436305.9375,   -925.6841,    557.7423,  26514.5547,
       1,     170,     158,      21,       1,       3,       1,     10.0000,      1.4136,     42.8014,    252.0918,     63.4414,      3.4953,      0.0000,     -0.0328,      1.3346,      0.1564,      5.6626,     11.3253,      1.3817,     29.6264,     59.2528,      0.0195,      0.0010,      0.0156,      0.2096,   7954.3667,-423354.2812,   -923.3267,    558.6472,  26514.5547,
       1,     170,     158,      22,       1,       3,       1,     10.0000,      1.4136,     42.8014,    252.0918,     63.4414,      3.4953,      0.0000,     -0.0327,      1.0782,      0.1531,      5.6626,     11.3253,      1.3528,     29.6264,     59.2528,      0.0195,      0.0008,      0.0156,      0.2096,   7954.3667,-422237.4375,   -923.1786,    558.7259,  26514.5527,
       1,     170,     158,      23,       1,       3,       1,     10.0000,      1.4136,     42.8014,    252.0918,     63.4414,      3.4953,      0.0000,     -0.0327,      0.8864,      0.1543,      5.6626,     11.3253,      1.3638,     29.6264,     59.2528,      0.0195,      0.0007,      0.0156,      0.2096,   7954.3662,-421831.0312,   -923.1422,    558.7543,  26514.5508,
       1,     170,     158,      24,       1,       3,       1,     10.0000,      1.4136,     42.8014,    252.0918,     63.4414,      3.4953,      0.0000,     -0.0327,      0.7436,      0.1540,      5.6626,     11.3253,      1.3610,     29.6264,     59.2528,      0.0195,      0.0006,      0.0156,      0.2096,   7954.3657,-421564.3750,   -923.1231,    558.7729,  26514.5527,
       1,     170,     159,       1,       1,       3,       1,     10.0000,      1.4136,     42.8018,    252.0977,     63.4429,      3.4953,      0.0000,     -0.0326,      0.5937,      0.1502,      5.6627,     11.3254,      1.3272,     29.6218,     59.2436,      0.0195,      0.0005,      0.0156,      0.2096,   7954.3662,-421525.0625,   -923.4165,    558.7891,  26515.7480,
       1,     170,     159,       2,       1,       3,       1,     10.0000,      1.4136,     42.8018,    252.0977,     63.4429,      3.4953,      0.0000,     -0.0325,      0.5546,      0.1490,      5.6627,     11.3254,      1.3166,     29.6218,     59.2436,      0.0195,      0.0004,      0.0156,      0.2096,   7954.7246,-421186.0938,   -921.3982,    558.8128,  26515.7480,
       1,     170,     159,       3,       1,       3,       1,     10.0000,      1.4136,     42.8018,    252.0977,     63.4429,      3.4953,      0.0000,     -0.0325,      0.4085,      0.1465,      5.6627,     11.3254,      1.2942,     29.6218,     59.2436,      0.0195,      0.0003,      0.0156,      0.2096,   7954.7246,-421109.8125,   -910.4862,    558.8181,  26515.7500,
       1,     170,     159,       4,       1,       3,       1,     10.0000,      1.4136,     42.8018,    252.0977,     63.4429,      3.4953,      0.0000,     -0.0324,      0.3508,      0.1447,      5.6627,     11.3254,      1.2786,     29.6218,     59.2436,      0.0195,      0.0003,      0.0156,      0.2096,   7954.7251,-420926.0938,   -910.4633,    558.8309,  26515.7520,
       1,     170,     159,       5,       1,       3,       1,     10.0000,      1.4136,     42.8018,    252.0977,     63.4429,      3.4953,      0.0000,     -0.0322,      0.3400,      0.1408,      5.6627,     11.3254,      1.2442,     29.6218,     59.2436,      0.0195,      0.0003,      0.0156,      0.2096,   7954.7261,-420840.3438,   -910.0870,    558.8369,  26515.7500,
       1,     170,     159,       6,       1,       3,       1,     10.0000,      1.4136,     42.8018,    252.0977,     63.4429,      3.4953,      0.0000,     -0.0320,      0.3194,      0.1333,      5.6627,     11.3254,      1.1779,     29.6218,     59.2436,      0.0195,      0.0002,      0.0156,      0.2096,   7954.7251,-420820.1562,   -910.0836,    558.8383,  26515.7500,
       1,     170,     159,       7,       1,       3,       1,     10.0000,      1.4136,     42.8018,    252.0977,     63.4429,      3.4953,      0.0000,     -0.0319,      0.3128,      0.1309,      5.6627,     11.3254,      1.1565,     29.6218,     59.2436,      0.0195,      0.0002,      0.0156,      0.2096,   7954.7251,-420793.4062,   -910.0803,    558.8402,  26515.7520,
       1,     170,     159,       8,       1,       3,       1,     10.0000,      1.4136,     42.8018,    252.0977,     63.4429,      3.4953,      0.0219,     -0.0101,      0.2458,      0.1345,      5.6627,     11.3254,      1.1887,     29.6218,     59.2436,      0.0195,      0.0003,      0.0114,      0.2096,   7954.7261,-420782.9375,   -910.0798,    558.8409,  26515.7520,
       1,     170,     159,       9,       1,       3,       1,     10.0000,      1.4136,     42.8018,    252.0977,     63.4429,      3.4953,      0.1085,      0.0759,      8.5652,      0.1516,      5.6627,     11.3254,      1.3393,     29.6218,     59.2436,      0.0195,      0.0008,      0.1333,      0.2096,   7954.7261,-420700.9688,   -910.1281,    558.8467,  26515.7520,
       1,     170,     159,      10,       1,       3,       1,     10.0000,      1.4136,     42.8018,    252.0977,     63.4429,      3.4953,      0.1512,      0.1180,     16.4361,      0.1664,      5.6627,     11.3254,      1.4704,     29.6218,     59.2436,      0.0195,      0.0010,      0.1932,      0.2096,   7954.7261,-430785.2188,   -912.3993,    558.1422,  26515.7539,
       1,     170,     159,      11,       1,       3,       1,     10.0000,      1.4136,     42.8018,    252.0977,     63.4429,      3.4953,      0.1852,      0.1514,     39.3092,      0.1859,      5.6627,     11.3254,      1.6425,     29.6218,     59.2436,      0.0195,      0.0020,      0.2394,      0.2096,   7954.7266,-441189.3438,   -915.1142,    557.4168,  26515.7520,
       1,     170,     159,      12,       1,       3,       1,     10.0000,      1.4136,     42.8018,    252.0977,     63.4429,      3.4953,      0.1919,      0.1574,     69.7680,      0.2101,      5.6627,     11.3254,      1.8569,     29.6218,     59.2436,      0.0195,      0.0034,      0.2460,      0.2096,   7954.7261,-469824.2188,   -921.7798,    555.4221,  26515.7539,
       1,     170,     159,      13,       1,       3,       1,     10.0000,      1.4136,     42.8018,    252.0977,     63.4429,      3.4953,      0.1870,      0.1522,     73.9379,      0.2188,      5.6627,     11.3254,      1.9333,     29.6218,     59.2436,      0.0195,      0.0037,      0.2384,      0.2096,   7954.7266,-509228.5312,   -931.1713,    552.6899,  26515.7520,
       1,     170,     159,      14,       1,       3,       1,     10.0000,      1.4136,     42.8018,    252.0977,     63.4429,      3.4953,      0.1962,      0.1612,     90.2589,      0.2273,      5.6627,     11.3254,      2.0088,     29.6218,     59.2436,      0.0195,      0.0044,      0.2500,      0.2095,   7954.7261,-517637.3125,   -932.1387,    552.1156,  26515.7520,
       1,     170,     159,      15,       1,       3,       1,     10.0000,      1.4136,     42.8018,    252.0977,     63.4429,      3.4953,      0.1474,      0.1132,     37.8770,      0.1998,      5.6627,     11.3254,      1.7657,     29.6218,     59.2436,      0.0195,      0.0025,      0.1853,      0.2095,   7954.7261,-538166.0000,   -938.2900,    550.6992,  26515.7539,
       1,     170,     159,      16,       1,       3,       1,     10.0000,      1.4136,     42.8018,    252.0977,     63.4429,      3.4953,      0.1806,      0.1465,     43.4374,      0.1953,      5.6627,     11.3254,      1.7260,     29.6218,     59.2436,      0.0195,      0.0023,      0.2324,      0.2095,   7954.7266,-476250.0625,   -927.8247,    554.9631,  26515.7520,
       1,     170,     159,      17,       1,       3,       1,     10.0000,      1.4136,     42.8018,    252.0977,     63.4429,      3.4953,      0.1071,      0.0736,     14.1879,      0.1776,      5.6627,     11.3254,      1.5690,     29.6218,     59.2436,      0.0195,      0.0013,      0.1303,      0.2095,   7954.7261,-477826.2812,   -921.7911,    554.8704,  26515.7539,
       1,     170,     159,      18,       1,       3,       1,     10.0000,      1.4136,     42.8018,    252.0977,     63.4429,      3.4953,      0.0087,     -0.0241,      0.3999,      0.1554,      5.6627,     11.3254,      1.3734,     29.6218,     59.2436,      0.0195,      0.0003,      0.0156,      0.2095,   7954.7266,-442429.7812,   -914.5195,    557.3254,  26515.7520,
       1,     170,     159,      19,       1,       3,       1,     10.0000,      1.4136,     42.8018,    252.0977,     63.4429,      3.4953,      0.0020,     -0.0300,      0.3246,      0.1352,      5.6627,     11.3254,      1.1947,     29.6218,     59.2436,      0.0195,      0.0003,      0.0156,      0.2096,   7954.7261,-422724.1875,   -910.4553,    558.7037,  26515.7500,
       1,     170,     159,      20,       1,       3,       1,     10.0000,      1.4136,     42.8018,    252.0977,     63.4429,      3.4953,      0.0008,     -0.0313,      0.3292,      0.1369,      5.6627,     11.3254,      1.2094,     29.6218,     59.2436,      0.0195,      0.0003,      0.0156,      0.2096,   7954.7251,-420963.0625,   -910.1138,    558.8283,  26515.7520,
       1,     170,     159,      21,       1,       3,       1,     10.0000,      1.4136,     42.8018,    252.0977,     63.4429,      3.4953,      0.0000,     -0.0323,      0.3404,      0.1409,      5.6627,     11.3254,      1.2454,     29.6218,     59.2436,      0.0195,      0.0003,      0.0156,      0.2096,   7954.7261,-420817.2812,   -910.0910,    558.8386,  26515.7500,
       1,     170,     159,      22,       1,       3,       1,     10.0000,      1.4136,     42.8018,    252.0977,     63.4429,      3.4953,      0.0000,     -0.0324,      0.3492,      0.1441,      5.6627,     11.3254,      1.2734,     29.6218,     59.2436,      0.0195,      0.0003,      0.0156,      0.2096,   7954.7251,-420818.6250,   -910.0932,    558.8384,  26515.7539,
       1,     170,     159,      23,       1,       3,       1,     10.0000,      1.4136,     42.8018,    252.0977,     63.4429,      3.4953,      0.0000,     -0.0325,      0.3611,      0.1484,      5.6627,     11.3254,      1.3113,     29.6218,     59.2436,      0.0195,      0.0003,      0.0156,      0.2096,   7954.7266,-420829.1875,   -910.0963,    558.8378,  26515.7520,
       1,     170,     159,      24,       1,       3,       1,     10.0000,      1.4136,     42.8018,    252.0977,     63.4429,      3.4953,      0.0000,     -0.0327,      0.4986,      0.1539,      5.6627,     11.3254,      1.3597,     29.6218,     59.2436,      0.0195,      0.0004,      0.0156,      0.2096,   7954.7261,-420844.5000,   -910.1013,    558.8367,  26515.7539,
       1,     170,     160,       1,       1,       3,       1,     10.0000,      1.4136,     42.8021,    252.1037,     63.4444,      3.4953,      0.0000,     -0.0326,      0.4502,      0.1514,      5.6626,     11.3252,      1.3380,     29.6180,     59.2360,      0.0195,      0.0003,      0.0156,      0.2096,   7954.7266,-421169.1875,   -910.4376,    558.8272,  26516.9453,
       1,     170,     160,       2,       1,       3,       1,     10.0000,      1.4136,     42.8021,    252.1037,     63.4444,      3.4953,      0.0000,     -0.0326,      0.3640,      0.1494,      5.6626,     11.3252,      1.3206,     29.6180,     59.2360,      0.0195,      0.0003,      0.0156,      0.2096,   7955.0840,-420984.8750,   -910.1579,    558.8401,  26516.9473,
       1,     170,     160,       3,       1,       3,       1,     10.0000,      1.4136,     42.8021,    252.1037,     63.4444,      3.4953,      0.0000,     -0.0325,      0.3624,      0.1488,      5.6626,     11.3252,      1.3153,     29.6180,     59.2360,      0.0195,      0.0003,      0.0156,      0.2096,   7955.0845,-420864.5000,   -910.1379,    558.8484,  26516.9492,
       1,     170,     160,       4,       1,       3,       1,     10.0000,      1.4136,     42.8021,    252.1037,     63.4444,      3.4953,      0.0000,     -0.0324,      0.3541,      0.1459,      5.6626,     11.3252,      1.2890,     29.6180,     59.2360,      0.0195,      0.0003,      0.0156,      0.2096,   7955.0850,-420852.1250,   -910.1368,    558.8494,  26516.9492,
       1,     170,     160,       5,       1,       3,       1,     10.0000,      1.4136,     42.8021,    252.1037,     63.4444,      3.4953,      0.0000,     -0.0325,      0.3669,      0.1485,      5.6626,     11.3252,      1.3126,     29.6180,     59.2360,      0.0195,      0.0003,      0.0156,      0.2096,   7955.0850,-420841.0000,   -910.1364,    558.8502,  26516.9492,
       1,     170,     160,       6,       1,       3,       1,     10.0000,      1.4136,     42.8021,    252.1037,     63.4444,      3.4953,      0.0000,     -0.0325,      0.4609,      0.1488,      5.6626,     11.3252,      1.3153,     29.6180,     59.2360,      0.0195,      0.0004,      0.0156,      0.2096,   7955.0850,-420855.5312,   -910.1414,    558.8492,  26516.9492,
       1,     170,     160,       7,       1,       3,       1,     10.0000,      1.4136,     42.8021,    252.1037,     63.4444,      3.4953,      0.0000,     -0.0324,      0.3484,      0.1438,      5.6626,     11.3252,      1.2709,     29.6180,     59.2360,      0.0195,      0.0003,      0.0156,      0.2096,   7955.0850,-420970.7812,   -910.1766,    558.8411,  26516.9473,
       1,     170,     160,       8,       1,       3,       1,     10.0000,      1.4136,     42.8021,    252.1037,     63.4444,      3.4953,      0.0201,     -0.0124,      0.1913,      0.1479,      5.6626,     11.3252,      1.3073,     29.6180,     59.2360,      0.0195,      0.0003,      0.0083,      0.2096,   7955.0845,-420844.3125,   -910.1558,    558.8500,  26516.9492,
       1,     170,     160,       9,       1,       3,       1,     10.0000,      1.4136,     42.8021,    252.1037,     63.4444,      3.4953,      0.1109,      0.0780,      5.8389,      0.1584,      5.6626,     11.3252,      1.3999,     29.6180,     59.2360,      0.0195,      0.0005,      0.1369,      0.2096,   7955.0850,-420642.7500,   -910.1857,    558.8640,  26516.9492,
       1,     170,     160,      10,       1,       3,       1,     10.0000,      1.4136,     42.8021,    252.1037,     63.4444,      3.4953,      0.1422,      0.1089,     15.5687,      0.1718,      5.6626,     11.3252,      1.5182,     29.6180,     59.2360,      0.0195,      0.0010,      0.1805,      0.2096,   7955.0850,-427475.5000,   -911.9040,    558.3867,  26516.9473,
       1,     170,     160,      11,       1,       3,       1,     10.0000,      1.4136,     42.8021,    252.1037,     63.4444,      3.4953,      0.1774,      0.1436,     32.3593,      0.1877,      5.6626,     11.3252,      1.6589,     29.6180,     59.2360,      0.0195,      0.0017,      0.2291,      0.2096,   7955.0845,-439857.0938,   -914.8824,    557.5227,  26516.9492,
       1,     170,     160,      12,       1,       3,       1,     10.0000,      1.4136,     42.8021,    252.1037,     63.4444,      3.4953,      0.1923,      0.1577,     61.6503,      0.2141,      5.6626,     11.3252,      1.8920,     29.6180,     59.2360,      0.0195,      0.0030,      0.2475,      0.2096,   7955.0850,-461276.8438,   -920.0916,    556.0306,  26516.9512,
       1,     170,     160,      13,       1,       3,       1,     10.0000,      1.4136,     42.8021,    252.1037,     63.4444,      3.4953,      0.1956,      0.1607,     82.2482,      0.2240,      5.6626,     11.3252,      1.9795,     29.6180,     59.2360,      0.0195,      0.0040,      0.2500,      0.2096,   7955.0854,-498639.8125,   -928.9029,    553.4357,  26516.9512,
       1,     170,     160,      14,       1,       3,       1,     10.0000,      1.4136,     42.8021,    252.1037,     63.4444,      3.4953,      0.1951,      0.1600,     94.1321,      0.2334,      5.6626,     11.3252,      2.0626,     29.6180,     59.2360,      0.0195,      0.0046,      0.2481,      0.2095,   7955.0854,-526823.0000,   -936.1324,    551.4921,  26516.9492,
       1,     170,     160,      15,       1,       3,       1,     10.0000,      1.4136,     42.8021,    252.1037,     63.4444,      3.4953,      0.1794,      0.1446,     73.3633,      0.2184,      5.6626,     11.3252,      1.9296,     29.6180,     59.2360,      0.0195,      0.0039,      0.2275,      0.2095,   7955.0850,-543641.1875,   -941.2051,    550.3361,  26516.9492,
       1,     170,     160,      16,       1,       3,       1,     10.0000,      1.4136,     42.8021,    252.1037,     63.4444,      3.4953,      0.1146,      0.0806,     29.3506,      0.1947,      5.6626,     11.3252,      1.7209,     29.6180,     59.2360,      0.0195,      0.0026,      0.1392,      0.2095,   7955.0850,-519822.7188,   -929.7188,    551.9758,  26516.7910,
       1,     170,     160,      17,       1,       3,       1,     10.0000,      1.4136,     42.8021,    252.1037,     63.4444,      3.4953,      0.0116,     -0.0214,      0.6980,      0.1618,      5.6626,     11.3252,      1.4297,     29.6180,     59.2360,      0.0195,      0.0005,      0.0156,      0.2095,   7955.0376,-464377.9062,   -918.8329,    555.8038,  26516.9492,
       1,     170,     160,      18,       1,       3,       1,     10.0000,      1.4136,     42.8021,    252.1037,     63.4444,      3.4953,      0.0047,     -0.0281,      0.4613,      0.1576,      5.6626,     11.3252,      1.3929,     29.6180,     59.2360,      0.0195,      0.0004,      0.0156,      0.2096,   7955.0850,-424944.5938,   -910.9103,    558.5567,  26516.9414,
       1,     170,     160,      19,       1,       3,       1,     10.0000,      1.4136,     42.8021,    252.1037,     63.4444,      3.4953,      0.0049,     -0.0281,      0.9161,      0.1618,      5.6626,     11.3252,      1.4297,     29.6180,     59.2360,      0.0195,      0.0007,      0.0156,      0.2096,   7955.0825,-421326.8750,   -910.2861,    558.8161,  26516.9492,
       1,     170,     160,      20,       1,       3,       1,     10.0000,      1.4136,     42.8021,    252.1037,     63.4444,      3.4953,      0.0004,     -0.0327,      1.3334,      0.1651,      5.6626,     11.3252,      1.4587,     29.6180,     59.2360,      0.0195,      0.0010,      0.0156,      0.2096,   7955.0850,-421563.0625,   -910.3046,    558.7997,  26516.9473,
       1,     170,     160,      21,       1,       3,       1,     10.0000,      1.4136,     42.8021,    252.1037,     63.4444,      3.4953,      0.0000,     -0.0328,      0.4529,      0.1567,      5.6626,     11.3252,      1.3846,     29.6180,     59.2360,      0.0195,      0.0004,      0.0156,      0.2096,   7955.0845,-422089.1250,   -910.4232,    558.7630,  26516.9492,
       1,     170,     160,      22,       1,       3,       1,     10.0000,      1.4136,     42.8021,    252.1037,     63.4444,      3.4953,      0.0000,     -0.0329,      0.3888,      0.1583,      5.6626,     11.3252,      1.3985,     29.6180,     59.2360,      0.0195,      0.0003,      0.0156,      0.2096,   7955.0850,-421065.6250,   -910.1375,    558.8344,  26516.9473,
       1,     170,     160,      23,       1,       3,       1,     10.0000,      1.4136,     42.8021,    252.1037,     63.4444,      3.4953,      0.0000,     -0.0329,      0.3933,      0.1599,      5.6626,     11.3252,      1.4126,     29.6180,     59.2360,      0.0195,      0.0003,      0.0156,      0.2096,   7955.0845,-420901.3438,   -910.0977,    558.8459,  26516.9473,
       1,     170,     160,      24,       1,       3,       1,     10.0000,      1.4136,     42.8021,    252.1037,     63.4444,      3.4953,      0.0000,     -0.0327,      0.3734,      0.1528,      5.6626,     11.3252,      1.3502,     29.6180,     59.2360,      0.0195,      0.0003,      0.0156,      0.2096,   7955.0845,-420892.9375,   -910.0962,    558.8466,  26516.9473,
       1,     170,     161,       1,       1,       3,       1,     10.0000,      1.4136,     42.8024,    252.1097,     63.4459,      3.4953,      0.0000,     -0.0321,      0.3330,      0.1383,      5.6632,     11.3263,      1.2217,     29.6106,     59.2212,      0.0195,      0.0003,      0.0156,      0.2097,   7955.0845,-421024.7812,   -910.3852,    558.8507,  26518.1426,
       1,     170,     161,       2,       1,       3,       1,     10.0000,      1.4136,     42.8024,    252.1097,     63.4459,      3.4953,      0.0000,     -0.0320,      0.3209,      0.1338,      5.6632,     11.3263,      1.1827,     29.6106,     59.2212,      0.0195,      0.0002,      0.0156,      0.2097,   7955.4429,-420833.2812,   -910.0848,    558.8641,  26518.1426,
       1,     170,     161,       3,       1,       3,       1,     10.0000,      1.4136,     42.8024,    252.1097,     63.4459,      3.4953,      0.0000,     -0.0319,      0.3157,      0.1320,      5.6632,     11.3263,      1.1660,     29.6106,     59.2212,      0.0195,      0.0002,      0.0156,      0.2097,   7955.4429,-420802.1875,   -910.0807,    558.8661,  26518.1426,
       1,     170,     161,       4,       1,       3,       1,     10.0000,      1.4136,     42.8024,    252.1097,     63.4459,      3.4953,      0.0000,     -0.0319,      0.3179,      0.1328,      5.6632,     11.3263,      1.1732,     29.6106,     59.2212,      0.0195,      0.0002,      0.0156,      0.2097,   7955.4429,-420793.4688,   -910.0810,    558.8668,  26518.1445,
       1,     170,     161,       5,       1,       3,       1,     10.0000,      1.4136,     42.8024,    252.1097,     63.4459,      3.4953,      0.0000,     -0.0321,      0.3269,      0.1360,      5.6632,     11.3263,      1.2021,     29.6106,     59.2212,      0.0195,      0.0003,      0.0156,      0.2097,   7955.4438,-420795.0625,   -910.0823,    558.8668,  26518.1426,
       1,     170,     161,       6,       1,       3,       1,     10.0000,      1.4136,     42.8024,    252.1097,     63.4459,      3.4953,      0.0000,     -0.0322,      0.3350,      0.1390,      5.6632,     11.3263,      1.2279,     29.6106,     59.2212,      0.0195,      0.0003,      0.0156,      0.2097,   7955.4429,-420806.2812,   -910.0866,    558.8659,  26518.1426,
       1,     170,     161,       7,       1,       3,       1,     10.0000,      1.4136,     42.8024,    252.1097,     63.4459,      3.4953,      0.0000,     -0.0323,      0.4501,      0.1414,      5.6632,     11.3263,      1.2493,     29.6106,     59.2212,      0.0195,      0.0003,      0.0156,      0.2097,   7955.4429,-420817.1562,   -910.0904,    558.8652,  26518.1445,
       1,     170,     161,       8,       1,       3,       1,     10.0000,      1.4136,     42.8024,    252.1097,     63.4459,      3.4953,      0.0042,     -0.0281,      0.3561,      0.1401,      5.6632,     11.3263,      1.2379,     29.6106,     59.2212,      0.0195,      0.0003,      0.0156,      0.2097,   7955.4438,-420957.2812,   -910.1213,    558.8554,  26518.1445,
       1,     170,     161,       9,       1,       3,       1,     10.0000,      1.4136,     42.8024,    252.1097,     63.4459,      3.4953,      0.0185,     -0.0137,      0.1370,      0.1381,      5.6632,     11.3263,      1.2205,     29.6106,     59.2212,      0.0195,      0.0003,      0.0064,      0.2097,   7955.4438,-420855.1562,   -910.1025,    558.8625,  26518.1465,
       1,     170,     161,      10,       1,       3,       1,     10.0000,      1.4136,     42.8024,    252.1097,     63.4459,      3.4953,      0.1383,      0.1057,     10.1928,      0.1510,      5.6632,     11.3263,      1.3340,     29.6106,     59.2212,      0.0195,      0.0007,      0.1756,      0.2097,   7955.4443,-420580.5938,   -910.1118,    558.8817,  26518.1465,
       1,     170,     161,      11,       1,       3,       1,     10.0000,      1.4136,     42.8024,    252.1097,     63.4459,      3.4953,      0.1553,      0.1225,     13.9514,      0.1556,      5.6632,     11.3263,      1.3749,     29.6106,     59.2212,      0.0195,      0.0008,      0.1993,      0.2097,   7955.4443,-432752.0000,   -912.9370,    558.0314,  26518.1465,
       1,     170,     161,      12,       1,       3,       1,     10.0000,      1.4136,     42.8024,    252.1097,     63.4459,      3.4953,      0.1932,      0.1595,     47.6475,      0.1828,      5.6632,     11.3263,      1.6150,     29.6106,     59.2212,      0.0195,      0.0023,      0.2500,      0.2096,   7955.4443,-438343.6875,   -914.7294,    557.6421,  26518.1445,
       1,     170,     161,      13,       1,       3,       1,     10.0000,      1.4136,     42.8024,    252.1097,     63.4459,      3.4953,      0.1951,      0.1608,     73.2309,      0.2026,      5.6632,     11.3263,      1.7904,     29.6106,     59.2212,      0.0195,      0.0035,      0.2500,      0.2096,   7955.4438,-479690.4375,   -924.2611,    554.7601,  26518.1445,
       1,     170,     161,      14,       1,       3,       1,     10.0000,      1.4136,     42.8024,    252.1097,     63.4459,      3.4953,      0.1952,      0.1609,     75.1879,      0.2050,      5.6632,     11.3263,      1.8118,     29.6106,     59.2212,      0.0195,      0.0036,      0.2500,      0.2096,   7955.4438,-514260.1875,   -932.9601,    552.3702,  26518.1426,
       1,     170,     161,      15,       1,       3,       1,     10.0000,      1.4136,     42.8024,    252.1097,     63.4459,      3.4953,      0.1775,      0.1432,     69.7436,      0.2038,      5.6632,     11.3263,      1.8011,     29.6106,     59.2212,      0.0195,      0.0037,      0.2251,      0.2096,   7955.4429,-519562.0625,   -935.8623,    552.0093,  26518.1445,
       1,     170,     161,      16,       1,       3,       1,     10.0000,      1.4136,     42.8024,    252.1097,     63.4459,      3.4953,      0.1756,      0.1414,     66.3359,      0.1992,      5.6632,     11.3263,      1.7606,     29.6106,     59.2212,      0.0195,      0.0036,      0.2227,      0.2095,   7955.4438,-513390.8438,   -936.0546,    552.4353,  26518.1445,
       1,     170,     161,      17,       1,       3,       1,     10.0000,      1.4136,     42.8024,    252.1097,     63.4459,      3.4953,      0.0977,      0.0650,      9.3884,      0.1536,      5.6632,     11.3263,      1.3570,     29.6106,     59.2212,      0.0195,      0.0010,      0.1178,      0.2096,   7955.4438,-508732.2500,   -927.6448,    552.7571,  26518.1152,
       1,     170,     161,      18,       1,       3,       1,     10.0000,      1.4136,     42.8024,    252.1097,     63.4459,      3.4953,      0.1041,      0.0715,      5.5848,      0.1514,      5.6632,     11.3263,      1.3380,     29.6106,     59.2212,      0.0195,      0.0005,      0.1273,      0.2096,   7955.4351,-439191.3125,   -913.8372,    557.5621,  26518.1426,
       1,     170,     161,      19,       1,       3,       1,     10.0000,      1.4136,     42.8024,    252.1097,     63.4459,      3.4953,      0.0386,      0.0061,      1.1349,      0.1485,      5.6632,     11.3263,      1.3127,     29.6106,     59.2212,      0.0195,      0.0004,      0.0345,      0.2096,   7955.4429,-428765.1562,   -911.9045,    558.3098,  26518.1445,
       1,     170,     161,      20,       1,       3,       1,     10.0000,      1.4136,     42.8024,    252.1097,     63.4459,      3.4953,      0.0006,     -0.0318,      0.3533,      0.1456,      5.6632,     11.3263,      1.2864,     29.6106,     59.2212,      0.0195,      0.0003,      0.0156,      0.2096,   7955.4438,-422461.2188,   -910.5099,    558.7502,  26518.1465,
       1,     170,     161,      21,       1,       3,       1,     10.0000,      1.4136,     42.8024,    252.1097,     63.4459,      3.4953,      0.0000,     -0.0323,      0.3408,      0.1411,      5.6632,     11.3263,      1.2467,     29.6106,     59.2212,      0.0195,      0.0003,      0.0156,      0.2096,   7955.4443,-420979.1562,   -910.1124,    558.8539,  26518.1426,
       1,     170,     161,      22,       1,       3,       1,     10.0000,      1.4136,     42.8024,    252.1097,     63.4459,      3.4953,      0.0000,     -0.0320,      0.3194,      0.1333,      5.6632,     11.3263,      1.1779,     29.6106,     59.2212,      0.0195,      0.0002,      0.0156,      0.2097,   7955.4429,-420838.8438,   -910.0858,    558.8637,  26518.1426,
       1,     170,     161,      23,       1,       3,       1,     10.0000,      1.4136,     42.8024,    252.1097,     63.4459,      3.4953,      0.0000,     -0.0317,      0.3028,      0.1272,      5.6632,     11.3263,      1.1241,     29.6106,     59.2212,      0.0195,      0.0002,      0.0156,      0.2097,   7955.4429,-420800.9062,   -910.0789,    558.8663,  26518.1445,
       1,     170,     161,      24,       1,       3,       1,     10.0000,      1.4136,     42.8024,    252.1097,     63.4459,      3.4953,      0.0000,     -0.0316,      0.3766,      0.1236,      5.6632,     11.3263,      1.0924,     29.6106,     59.2212,      0.0195,      0.0003,      0.0156,      0.2097,   7955.4438,-420777.3125,   -910.0738,    558.8680,  26518.1426,
       1,     170,     162,       1,       1,       3,       1,     10.0000,      1.4136,     42.8028,    252.1157,     63.4474,      3.4953,      0.0000,     -0.0317,      0.3995,      0.1271,      5.6630,     11.3261,      1.1230,     29.6071,     59.2142,      0.0195,      0.0003,      0.0156,      0.2097,   7955.4429,-421021.4062,   -910.3937,    558.8643,  26519.3340,
       1,     170,     162,       2,       1,       3,       1,     10.0000,      1.4136,     42.8028,    252.1157,     63.4474,      3.4953,      0.0000,     -0.0316,      0.2979,      0.1254,      5.6630,     11.3261,      1.1082,     29.6071,     59.2142,      0.0195,      0.0002,      0.0156,      0.2097,   7955.8003,-420916.6875,   -910.1123,    558.8716,  26519.3340,
       1,     170,     162,       3,       1,       3,       1,     10.0000,      1.4136,     42.8028,    252.1157,     63.4474,      3.4953,      0.0000,     -0.0318,      0.3085,      0.1293,      5.6630,     11.3261,      1.1426,     29.6071,     59.2142,      0.0195,      0.0002,      0.0156,      0.2097,   7955.8003,-420784.5625,   -910.0901,    558.8807,  26519.3359,
       1,     170,     162,       4,       1,       3,       1,     10.0000,      1.4136,     42.8028,    252.1157,     63.4474,      3.4953,      0.0000,     -0.0319,      0.3172,      0.1325,      5.6630,     11.3261,      1.1708,     29.6071,     59.2142,      0.0195,      0.0002,      0.0156,      0.2097,   7955.8013,-420786.0312,   -910.0912,    558.8807,  26519.3340,
       1,     170,     162,       5,       1,       3,       1,     10.0000,      1.4136,     42.8028,    252.1157,     63.4474,      3.4953,      0.0000,     -0.0318,      0.3106,      0.1301,      5.6630,     11.3261,      1.1496,     29.6071,     59.2142,      0.0195,      0.0002,      0.0156,      0.2097,   7955.8003,-420796.9375,   -910.0956,    558.8799,  26519.3359,
       1,     170,     162,       6,       1,       3,       1,     10.0000,      1.4136,     42.8028,    252.1157,     63.4474,      3.4953,      0.0000,     -0.0319,      0.3143,      0.1314,      5.6630,     11.3261,      1.1613,     29.6071,     59.2142,      0.0195,      0.0002,      0.0156,      0.2097,   7955.8013,-420789.5938,   -910.0948,    558.8805,  26519.3379,
       1,     170,     162,       7,       1,       3,       1,     10.0000,      1.4136,     42.8028,    252.1157,     63.4474,      3.4953,      0.0000,     -0.0319,      0.3143,      0.1314,      5.6630,     11.3261,      1.1613,     29.6071,     59.2142,      0.0195,      0.0002,      0.0156,      0.2097,   7955.8018,-420793.1562,   -910.0967,    558.8802,  26519.3359,
       1,     170,     162,       8,       1,       3,       1,     10.0000,      1.4136,     42.8028,    252.1157,     63.4474,      3.4953,      0.0066,     -0.0253,      0.3128,      0.1309,      5.6630,     11.3261,      1.1566,     29.6071,     59.2142,      0.0195,      0.0002,      0.0156,      0.2097,   7955.8013,-420793.6875,   -910.0987,    558.8801,  26519.3379,
       1,     170,     162,       9,       1,       3,       1,     10.0000,      1.4136,     42.8028,    252.1157,     63.4474,      3.4953,      0.0539,      0.0219,      1.1540,      0.1324,      5.6630,     11.3261,      1.1696,     29.6071,     59.2142,      0.0195,      0.0002,      0.0568,      0.2097,   7955.8018,-420791.7812,   -910.1233,    558.8802,  26519.3359,
       1,     170,     162,      10,       1,       3,       1,     10.0000,      1.4136,     42.8028,    252.1157,     63.4474,      3.4953,      0.0959,      0.0637,      2.6734,      0.1411,      5.6630,     11.3261,      1.2468,     29.6071,     59.2142,      0.0195,      0.0003,      0.1162,      0.2097,   7955.8013,-421811.8438,   -910.5498,    558.8090,  26519.3340,
       1,     170,     162,      11,       1,       3,       1,     10.0000,      1.4136,     42.8028,    252.1157,     63.4474,      3.4953,      0.1149,      0.0822,      6.1384,      0.1516,      5.6630,     11.3261,      1.3394,     29.6071,     59.2142,      0.0195,      0.0005,      0.1426,      0.2097,   7955.8003,-423740.9062,   -911.1503,    558.6742,  26519.3379,
       1,     170,     162,      12,       1,       3,       1,     10.0000,      1.4136,     42.8028,    252.1157,     63.4474,      3.4953,      0.1205,      0.0878,      6.2982,      0.1536,      5.6630,     11.3261,      1.3571,     29.6071,     59.2142,      0.0195,      0.0005,      0.1506,      0.2097,   7955.8018,-428105.6875,   -912.4263,    558.3694,  26519.3340,
       1,     170,     162,      13,       1,       3,       1,     10.0000,      1.4136,     42.8028,    252.1157,     63.4474,      3.4953,      0.1618,      0.1287,     19.5906,      0.1643,      5.6630,     11.3261,      1.4515,     29.6071,     59.2142,      0.0195,      0.0011,      0.2080,      0.2097,   7955.8003,-428669.8125,   -913.0731,    558.3302,  26519.3359,
       1,     170,     162,      14,       1,       3,       1,     10.0000,      1.4136,     42.8028,    252.1157,     63.4474,      3.4953,      0.1704,      0.1368,     39.0075,      0.1801,      5.6630,     11.3261,      1.5912,     29.6071,     59.2142,      0.0195,      0.0022,      0.2182,      0.2097,   7955.8013,-444836.7188,   -916.9690,    557.2019,  26519.3340,
       1,     170,     162,      15,       1,       3,       1,     10.0000,      1.4136,     42.8028,    252.1157,     63.4474,      3.4953,      0.1858,      0.1516,     64.1374,      0.1987,      5.6630,     11.3261,      1.7554,     29.6071,     59.2142,      0.0195,      0.0033,      0.2376,      0.2097,   7955.8003,-469760.9688,   -922.9263,    555.4670,  26519.3359,
       1,     170,     162,      16,       1,       3,       1,     10.0000,      1.4136,     42.8028,    252.1157,     63.4474,      3.4953,      0.1834,      0.1491,     70.6857,      0.2022,      5.6630,     11.3261,      1.7869,     29.6071,     59.2142,      0.0195,      0.0037,      0.2335,      0.2096,   7955.8013,-502367.7812,   -930.7592,    553.2057,  26519.3359,
       1,     170,     162,      17,       1,       3,       1,     10.0000,      1.4136,     42.8028,    252.1157,     63.4474,      3.4953,      0.1724,      0.1383,     69.9154,      0.1969,      5.6630,     11.3261,      1.7398,     29.6071,     59.2142,      0.0195,      0.0039,      0.2177,      0.2096,   7955.8013,-513081.4375,   -934.3957,    552.4695,  26519.3340,
       1,     170,     162,      18,       1,       3,       1,     10.0000,      1.4136,     42.8028,    252.1157,     63.4474,      3.4953,      0.1369,      0.1032,     35.0274,      0.1824,      5.6630,     11.3261,      1.6119,     29.6071,     59.2142,      0.0195,      0.0025,      0.1706,      0.2096,   7955.8003,-513046.3750,   -935.6688,    552.4724,  26519.3379,
       1,     170,     162,      19,       1,       3,       1,     10.0000,      1.4136,     42.8028,    252.1157,     63.4474,      3.4953,      0.0266,     -0.0059,      1.4649,      0.1488,      5.6630,     11.3261,      1.3153,     29.6071,     59.2142,      0.0195,      0.0010,      0.0174,      0.2096,   7955.8018,-470679.6562,   -920.0292,    555.3982,  26519.2559,
       1,     170,     162,      20,       1,       3,       1,     10.0000,      1.4136,     42.8028,    252.1157,     63.4474,      3.4953,      0.0028,     -0.0289,      0.3543,      0.1266,      5.6630,     11.3261,      1.1184,     29.6071,     59.2142,      0.0195,      0.0003,      0.0156,      0.2096,   7955.7769,-426411.3125,   -912.2861,    558.4792,  26519.3359,
       1,     170,     162,      21,       1,       3,       1,     10.0000,      1.4136,     42.8028,    252.1157,     63.4474,      3.4953,      0.0000,     -0.0320,      1.0206,      0.1337,      5.6630,     11.3261,      1.1816,     29.6071,     59.2142,      0.0195,      0.0008,      0.0156,      0.2097,   7955.8013,-421328.2500,   -911.3684,    558.8427,  26519.3359,
       1,     170,     162,      22,       1,       3,       1,     10.0000,      1.4136,     42.8028,    252.1157,     63.4474,      3.4953,      0.0000,     -0.0321,      0.4077,      0.1360,      5.6630,     11.3261,      1.2021,     29.6071,     59.2142,      0.0195,      0.0003,      0.0156,      0.2097,   7955.8013,-421695.6250,   -911.5211,    558.8172,  26519.3379,
       1,     170,     162,      23,       1,       3,       1,     10.0000,      1.4136,     42.8028,    252.1157,     63.4474,      3.4953,      0.0000,     -0.0321,      0.3269,      0.1360,      5.6630,     11.3261,      1.2021,     29.6071,     59.2142,      0.0195,      0.0003,      0.0156,      0.2097,   7955.8018,-420983.1875,   -911.4005,    558.8669,  26519.3359,
       1,     170,     162,      24,       1,       3,       1,     10.0000,      1.4136,     42.8028,    252.1157,     63.4474,      3.4953,      0.0000,     -0.0320,      0.3205,      0.1337,      5.6630,     11.3261,      1.1816,     29.6071,     59.2142,      0.0195,      0.0002,      0.0156,      0.2097,   7955.8013,-420825.0625,   -911.3737,    558.8779,  26519.3359,
       1,     170,     163,       1,       1,       3,       1,     10.0000,      1.4137,     42.8031,    252.1217,     63.4489,      3.4953,      0.0000,     -0.0321,      0.3756,      0.1380,      5.6634,     11.3268,      1.2193,     29.6022,     59.2044,      0.0195,      0.0003,      0.0156,      0.2097,   7955.8013,-420960.8125,   -911.6644,    558.8817,  26520.5332,
       1,     170,     163,       2,       1,       3,       1,     10.0000,      1.4137,     42.8031,    252.1217,     63.4489,      3.4953,      0.0000,     -0.0322,      0.3369,      0.1397,      5.6634,     11.3268,      1.2342,     29.6022,     59.2044,      0.0195,      0.0003,      0.0156,      0.2097,   7956.1602,-420885.2500,   -911.3968,    558.8870,  26520.5352,
       1,     170,     163,       3,       1,       3,       1,     10.0000,      1.4137,     42.8031,    252.1217,     63.4489,      3.4953,      0.0000,     -0.0320,      0.3243,      0.1351,      5.6634,     11.3268,      1.1936,     29.6022,     59.2044,      0.0195,      0.0003,      0.0156,      0.2097,   7956.1606,-420831.7500,   -911.3884,    558.8907,  26520.5332,
       1,     170,     163,       4,       1,       3,       1,     10.0000,      1.4137,     42.8031,    252.1217,     63.4489,      3.4953,      0.0000,     -0.0320,      0.3209,      0.1338,      5.6634,     11.3268,      1.1828,     29.6022,     59.2044,      0.0195,      0.0002,      0.0156,      0.2097,   7956.1602,-420812.1250,   -911.3866,    558.8922,  26520.5312,
       1,     170,     163,       5,       1,       3,       1,     10.0000,      1.4137,     42.8031,    252.1217,     63.4489,      3.4953,      0.0000,     -0.0320,      0.3198,      0.1334,      5.6634,     11.3268,      1.1792,     29.6022,     59.2044,      0.0195,      0.0002,      0.0156,      0.2097,   7956.1597,-420806.5000,   -911.3875,    558.8925,  26520.5352,
       1,     170,     163,       6,       1,       3,       1,     10.0000,      1.4137,     42.8031,    252.1217,     63.4489,      3.4953,      0.0000,     -0.0319,      0.3187,      0.1330,      5.6634,     11.3268,      1.1756,     29.6022,     59.2044,      0.0195,      0.0002,      0.0156,      0.2097,   7956.1606,-420804.3125,   -911.3878,    558.8926,  26520.5332,
       1,     170,     163,       7,       1,       3,       1,     10.0000,      1.4137,     42.8031,    252.1217,     63.4489,      3.4953,      0.0000,     -0.0320,      0.3209,      0.1338,      5.6634,     11.3268,      1.1828,     29.6022,     59.2044,      0.0195,      0.0002,      0.0156,      0.2097,   7956.1602,-420803.0000,   -911.3896,    558.8928,  26520.5332,
       1,     170,     163,       8,       1,       3,       1,     10.0000,      1.4137,     42.8031,    252.1217,     63.4489,      3.4953,      0.0261,     -0.0058,      0.3529,      0.1318,      5.6634,     11.3268,      1.1649,     29.6022,     59.2044,      0.0195,      0.0002,      0.0175,      0.2097,   7956.1602,-420805.5938,   -911.3914,    558.8926,  26520.5332,
       1,     170,     163,       9,       1,       3,       1,     10.0000,      1.4137,     42.8031,    252.1217,     63.4489,      3.4953,      0.0920,      0.0599,      2.3526,      0.1377,      5.6634,     11.3268,      1.2169,     29.6022,     59.2044,      0.0195,      0.0003,      0.1107,      0.2097,   7956.1602,-420844.6250,   -911.4687,    558.8899,  26520.5332,
       1,     170,     163,      10,       1,       3,       1,     10.0000,      1.4137,     42.8031,    252.1217,     63.4489,      3.4953,      0.1405,      0.1079,      9.6010,      0.1498,      5.6634,     11.3268,      1.3233,     29.6022,     59.2044,      0.0195,      0.0006,      0.1787,      0.2097,   7956.1602,-423272.4062,   -910.9205,    558.7203,  26520.5352,
       1,     170,     163,      11,       1,       3,       1,     10.0000,      1.4137,     42.8031,    252.1217,     63.4489,      3.4953,      0.1687,      0.1356,     30.7223,      0.1667,      5.6634,     11.3268,      1.4735,     29.6022,     59.2044,      0.0195,      0.0017,      0.2167,      0.2097,   7956.1606,-432266.2500,   -913.2625,    558.0922,  26520.5332,
       1,     170,     163,      12,       1,       3,       1,     10.0000,      1.4137,     42.8031,    252.1217,     63.4489,      3.4953,      0.1717,      0.1382,     40.4188,      0.1763,      5.6634,     11.3268,      1.5582,     29.6022,     59.2044,      0.0195,      0.0022,      0.2199,      0.2097,   7956.1602,-458641.0312,   -919.2958,    556.2525,  26520.5332,
       1,     170,     163,      13,       1,       3,       1,     10.0000,      1.4137,     42.8031,    252.1217,     63.4489,      3.4953,      0.1880,      0.1542,     54.0577,      0.1855,      5.6634,     11.3268,      1.6394,     29.6022,     59.2044,      0.0195,      0.0027,      0.2418,      0.2097,   7956.1602,-472643.0938,   -923.2712,    555.2819,  26520.5332,
       1,     170,     163,      14,       1,       3,       1,     10.0000,      1.4137,     42.8031,    252.1217,     63.4489,      3.4953,      0.1901,      0.1558,     77.7220,      0.2014,      5.6634,     11.3268,      1.7799,     29.6022,     59.2044,      0.0195,      0.0039,      0.2423,      0.2097,   7956.1602,-490373.6562,   -928.1623,    554.0522,  26520.5332,
       1,     170,     163,      15,       1,       3,       1,     10.0000,      1.4137,     42.8031,    252.1217,     63.4489,      3.4953,      0.1971,      0.1623,    120.8584,      0.2195,      5.6634,     11.3268,      1.9392,     29.6022,     59.2044,      0.0195,      0.0059,      0.2478,      0.2096,   7956.1602,-520594.3125,   -935.5878,    551.9606,  26520.5332,
       1,     170,     163,      16,       1,       3,       1,     10.0000,      1.4137,     42.8031,    252.1217,     63.4489,      3.4953,      0.1884,      0.1532,    138.9810,      0.2344,      5.6634,     11.3268,      2.0709,     29.6022,     59.2044,      0.0195,      0.0072,      0.2332,      0.2096,   7956.1602,-575532.7500,   -948.1589,    548.1740,  26520.5332,
       1,     170,     163,      17,       1,       3,       1,     10.0000,      1.4137,     42.8031,    252.1217,     63.4489,      3.4953,      0.1791,      0.1442,     99.2639,      0.2223,      5.6634,     11.3268,      1.9641,     29.6022,     59.2044,      0.0195,      0.0054,      0.2241,      0.2095,   7956.1602,-602228.4375,   -955.3931,    546.3578,  26520.5332,
       1,     170,     163,      18,       1,       3,       1,     10.0000,      1.4137,     42.8031,    252.1217,     63.4489,      3.4953,      0.1670,      0.1326,     79.4113,      0.2052,      5.6634,     11.3268,      1.8136,     29.6022,     59.2044,      0.0195,      0.0046,      0.2088,      0.2095,   7956.1602,-556181.8125,   -948.1477,    549.5054,  26520.5332,
       1,     170,     163,      19,       1,       3,       1,     10.0000,      1.4137,     42.8031,    252.1217,     63.4489,      3.4953,      0.1248,      0.0908,     50.1331,      0.1913,      5.6634,     11.3268,      1.6906,     29.6022,     59.2044,      0.0195,      0.0040,      0.1514,      0.2096,   7956.1602,-528205.9375,   -943.8430,    551.4362,  26520.5352,
       1,     170,     163,      20,       1,       3,       1,     10.0000,      1.4137,     42.8031,    252.1217,     63.4489,      3.4953,      0.0303,     -0.0032,      4.8727,      0.1770,      5.6634,     11.3268,      1.5645,     29.6022,     59.2044,      0.0195,      0.0028,      0.0212,      0.2096,   7956.1606,-490291.8750,   -937.2665,    554.0530,  26520.5332,
       1,     170,     163,      21,       1,       3,       1,     10.0000,      1.4137,     42.8031,    252.1217,     63.4489,      3.4953,      0.0000,     -0.0332,      2.5510,      0.1693,      5.6634,     11.3268,      1.4957,     29.6022,     59.2044,      0.0195,      0.0020,      0.0156,      0.2096,   7956.1602,-432178.3125,   -926.4364,    558.0839,  26520.5312,
       1,     170,     163,      22,       1,       3,       1,     10.0000,      1.4137,     42.8031,    252.1217,     63.4489,      3.4953,      0.0000,     -0.0332,      1.8856,      0.1676,      5.6634,     11.3268,      1.4809,     29.6022,     59.2044,      0.0195,      0.0015,      0.0156,      0.2097,   7956.1597,-424490.0312,   -925.0667,    558.6349,  26520.5312,
       1,     170,     163,      23,       1,       3,       1,     10.0000,      1.4137,     42.8031,    252.1217,     63.4489,      3.4953,      0.0000,     -0.0333,      1.6897,      0.1701,      5.6634,     11.3268,      1.5032,     29.6022,     59.2044,      0.0195,      0.0013,      0.0156,      0.2097,   7956.1597,-423015.3750,   -924.8442,    558.7382,  26520.5312,
       1,     170,     163,      24,       1,       3,       1,     10.0000,      1.4137,     42.8031,    252.1217,     63.4489,      3.4953,      0.0000,     -0.0332,      1.6653,      0.1679,      5.6634,     11.3268,      1.4838,     29.6022,     59.2044,      0.0195,      0.0013,      0.0156,      0.2097,   7956.1597,-422652.6875,   -924.8234,    558.7635,  26520.5293,
       1,     170,     164,       1,       1,       3,       1,     10.0000,      1.4137,     42.8035,    252.1277,     63.4504,      3.4953,      0.0000,     -0.0331,      1.4272,      0.1643,      5.6625,     11.3249,      1.4515,     29.6075,     59.2151,      0.0195,      0.0011,      0.0156,      0.2097,   7956.1592,-422748.9375,   -925.1675,    558.7700,  26521.7266,
       1,     170,     164,       2,       1,       3,       1,     10.0000,      1.4137,     42.8035,    252.1277,     63.4504,      3.4953,      0.0000,     -0.0330,      1.4176,      0.1615,      5.6625,     11.3249,      1.4270,     29.6075,     59.2151,      0.0195,      0.0011,      0.0156,      0.2097,   7956.5181,-422314.7500,   -924.8494,    558.8004,  26521.7266,
       1,     170,     164,       3,       1,       3,       1,     10.0000,      1.4137,     42.8035,    252.1277,     63.4504,      3.4953,      0.0000,     -0.0326,      0.7825,      0.1505,      5.6625,     11.3249,      1.3301,     29.6075,     59.2151,      0.0195,      0.0006,      0.0156,      0.2097,   7956.5181,-422266.3125,   -924.8777,    558.8038,  26521.7246,
       1,     170,     164,       4,       1,       3,       1,     10.0000,      1.4137,     42.8035,    252.1277,     63.4504,      3.4953,      0.0000,     -0.0324,      0.5046,      0.1460,      5.6625,     11.3249,      1.2904,     29.6075,     59.2151,      0.0195,      0.0004,      0.0156,      0.2097,   7956.5176,-421492.5938,   -924.7441,    558.8578,  26521.7266,
       1,     170,     164,       5,       1,       3,       1,     10.0000,      1.4137,     42.8035,    252.1277,     63.4504,      3.4953,      0.0000,     -0.0325,      0.5838,      0.1475,      5.6625,     11.3249,      1.3035,     29.6075,     59.2151,      0.0195,      0.0005,      0.0156,      0.2097,   7956.5181,-421089.8125,   -924.6728,    558.8859,  26521.7266,
       1,     170,     164,       6,       1,       3,       1,     10.0000,      1.4137,     42.8035,    252.1277,     63.4504,      3.4953,      0.0000,     -0.0326,      0.4170,      0.1493,      5.6625,     11.3249,      1.3194,     29.6075,     59.2151,      0.0195,      0.0003,      0.0156,      0.2097,   7956.5181,-421151.7812,   -924.6916,    558.8817,  26521.7266,
       1,     170,     164,       7,       1,       3,       1,     10.0000,      1.4137,     42.8035,    252.1277,     63.4504,      3.4953,      0.0000,     -0.0326,      0.3670,      0.1505,      5.6625,     11.3249,      1.3301,     29.6075,     59.2151,      0.0195,      0.0003,      0.0156,      0.2097,   7956.5181,-420954.7188,   -924.6575,    558.8954,  26521.7266,
       1,     170,     164,       8,       1,       3,       1,     10.0000,      1.4137,     42.8035,    252.1277,     63.4504,      3.4953,      0.0122,     -0.0203,      0.3558,      0.1465,      5.6625,     11.3249,      1.2943,     29.6075,     59.2151,      0.0195,      0.0003,      0.0156,      0.2097,   7956.5181,-420877.4688,   -924.6445,    558.9008,  26521.7266,
       1,     170,     164,       9,       1,       3,       1,     10.0000,      1.4137,     42.8035,    252.1277,     63.4504,      3.4953,      0.1420,      0.1085,     19.9790,      0.1765,      5.6625,     11.3249,      1.5598,     29.6075,     59.2151,      0.0195,      0.0013,      0.1796,      0.2097,   7956.5181,-420857.3125,   -924.6527,    558.9022,  26521.7266,
       1,     170,     164,      10,       1,       3,       1,     10.0000,      1.4137,     42.8035,    252.1277,     63.4504,      3.4953,      0.1859,      0.1517,     49.7506,      0.1994,      5.6625,     11.3249,      1.7625,     29.6075,     59.2151,      0.0195,      0.0025,      0.2394,      0.2097,   7956.5181,-444644.3125,   -929.4567,    557.2404,  26521.7285,
       1,     170,     164,      11,       1,       3,       1,     10.0000,      1.4137,     42.8035,    252.1277,     63.4504,      3.4953,      0.1954,      0.1606,     86.9055,      0.2201,      5.6625,     11.3249,      1.9450,     29.6075,     59.2151,      0.0195,      0.0042,      0.2491,      0.2097,   7956.5190,-482768.4688,   -937.2653,    554.5873,  26521.7246,
       1,     170,     164,      12,       1,       3,       1,     10.0000,      1.4137,     42.8035,    252.1277,     63.4504,      3.4953,      0.1967,      0.1619,     96.0430,      0.2205,      5.6625,     11.3249,      1.9488,     29.6075,     59.2151,      0.0195,      0.0046,      0.2500,      0.2097,   7956.5176,-531089.5625,   -947.3039,    551.2438,  26521.7266,
       1,     170,     164,      13,       1,       3,       1,     10.0000,      1.4137,     42.8035,    252.1277,     63.4504,      3.4953,      0.1982,      0.1633,    115.7303,      0.2240,      5.6625,     11.3249,      1.9797,     29.6075,     59.2151,      0.0195,      0.0056,      0.2500,      0.2096,   7956.5181,-546285.1875,   -951.0261,    550.2068,  26521.7246,
       1,     170,     164,      14,       1,       3,       1,     10.0000,      1.4137,     42.8035,    252.1277,     63.4504,      3.4953,      0.1840,      0.1492,    110.9607,      0.2223,      5.6625,     11.3249,      1.9642,     29.6075,     59.2151,      0.0195,      0.0058,      0.2300,      0.2096,   7956.5176,-571469.9375,   -956.7432,    548.4757,  26521.7266,
       1,     170,     164,      15,       1,       3,       1,     10.0000,      1.4137,     42.8035,    252.1277,     63.4504,      3.4953,      0.1986,      0.1635,    122.3098,      0.2298,      5.6625,     11.3249,      2.0308,     29.6075,     59.2151,      0.0195,      0.0059,      0.2498,      0.2096,   7956.5181,-567805.0625,   -956.7662,    548.7297,  26521.7246,
       1,     170,     164,      16,       1,       3,       1,     10.0000,      1.4137,     42.8035,    252.1277,     63.4504,      3.4953,      0.1911,      0.1558,    131.5401,      0.2381,      5.6625,     11.3249,      2.1036,     29.6075,     59.2151,      0.0195,      0.0067,      0.2381,      0.2096,   7956.5176,-581282.8750,   -960.1383,    547.8052,  26521.7266,
       1,     170,     164,      17,       1,       3,       1,     10.0000,      1.4137,     42.8035,    252.1277,     63.4504,      3.4953,      0.1876,      0.1526,    109.7474,      0.2271,      5.6625,     11.3249,      2.0070,     29.6075,     59.2151,      0.0195,      0.0056,      0.2352,      0.2095,   7956.5181,-593639.3125,   -963.2956,    546.9598,  26521.7246,
       1,     170,     164,      18,       1,       3,       1,     10.0000,      1.4137,     42.8035,    252.1277,     63.4504,      3.4953,      0.1824,      0.1476,     99.5181,      0.2197,      5.6625,     11.3249,      1.9412,     29.6075,     59.2151,      0.0195,      0.0053,      0.2289,      0.2095,   7956.5176,-568192.2500,   -958.9177,    548.7003,  26521.7246,
       1,     170,     164,      19,       1,       3,       1,     10.0000,      1.4137,     42.8035,    252.1277,     63.4504,      3.4953,      0.1464,      0.1118,     75.9181,      0.2127,      5.6625,     11.3249,      1.8792,     29.6075,     59.2151,      0.0195,      0.0051,      0.1795,      0.2096,   7956.5176,-553625.9375,   -956.5623,    549.7023,  26521.7266,
       1,     170,     164,      20,       1,       3,       1,     10.0000,      1.4137,     42.8035,    252.1277,     63.4504,      3.4953,      0.0228,     -0.0113,      2.9104,      0.1952,      5.6625,     11.3249,      1.7245,     29.6075,     59.2151,      0.0195,      0.0035,      0.0100,      0.2096,   7956.5181,-523728.7812,   -951.0367,    551.7574,  26521.7246,
       1,     170,     164,      21,       1,       3,       1,     10.0000,      1.4137,     42.8035,    252.1277,     63.4504,      3.4953,      0.0000,     -0.0338,      3.1275,      0.1850,      5.6625,     11.3249,      1.6345,     29.6075,     59.2151,      0.0195,      0.0024,      0.0156,      0.2096,   7956.5176,-432577.1250,   -933.0419,    558.0480,  26521.7246,
       1,     170,     164,      22,       1,       3,       1,     10.0000,      1.4137,     42.8035,    252.1277,     63.4504,      3.4953,      0.0000,     -0.0337,      2.7950,      0.1830,      5.6625,     11.3249,      1.6168,     29.6075,     59.2151,      0.0195,      0.0022,      0.0156,      0.2097,   7956.5176,-425251.5312,   -931.5790,    558.5950,  26521.7246,
       1,     170,     164,      23,       1,       3,       1,     10.0000,      1.4137,     42.8035,    252.1277,     63.4504,      3.4953,      0.0000,     -0.0336,      2.6161,      0.1801,      5.6625,     11.3249,      1.5912,     29.6075,     59.2151,      0.0195,      0.0020,      0.0156,      0.2097,   7956.5176,-424185.4375,   -931.3569,    558.6696,  26521.7246,
       1,     170,     164,      24,       1,       3,       1,     10.0000,      1.4137,     42.8035,    252.1277,     63.4504,      3.4953,      0.0000,     -0.0334,      2.1930,      0.1749,      5.6625,     11.3249,      1.5459,     29.6075,     59.2151,      0.0195,      0.0017,      0.0156,      0.2097,   7956.5176,-423878.0625,   -931.2845,    558.6912,  26521.7246,
       1,     170,     165,       1,       1,       3,       1,     10.0000,      1.4137,     42.8038,    252.1337,     63.4519,      3.4953,      0.0000,     -0.0332,      1.8520,      0.1688,      5.6627,     11.3254,      1.4913,     29.6170,     59.2341,      0.0195,      0.0014,      0.0156,      0.2098,   7956.5176,-423494.9688,   -931.4906,    558.7311,  26522.9180,
       1,     170,     165,       2,       1,       3,       1,     10.0000,      1.4137,     42.8038,    252.1337,     63.4519,      3.4953,      0.0000,     -0.0329,      0.9580,      0.1589,      5.6627,     11.3254,      1.4043,     29.6170,     59.2341,      0.0195,      0.0007,      0.0156,      0.2098,   7956.8755,-422895.8438,   -931.0833,    558.7730,  26522.9199,
       1,     170,     165,       3,       1,       3,       1,     10.0000,      1.4137,     42.8038,    252.1337,     63.4519,      3.4953,      0.0000,     -0.0328,      1.0473,      0.1575,      5.6627,     11.3254,      1.3917,     29.6170,     59.2341,      0.0195,      0.0008,      0.0156,      0.2098,   7956.8765,-421761.0938,   -930.8572,    558.8523,  26522.9199,
       1,     170,     165,       4,       1,       3,       1,     10.0000,      1.4137,     42.8038,    252.1337,     63.4519,      3.4953,      0.0000,     -0.0329,      0.9710,      0.1576,      5.6627,     11.3254,      1.3931,     29.6170,     59.2341,      0.0195,      0.0008,      0.0156,      0.2098,   7956.8765,-421773.2812,   -930.8596,    558.8514,  26522.9180,
       1,     170,     165,       5,       1,       3,       1,     10.0000,      1.4137,     42.8038,    252.1337,     63.4519,      3.4953,      0.0000,     -0.0328,      0.7414,      0.1554,      5.6627,     11.3254,      1.3736,     29.6170,     59.2341,      0.0195,      0.0006,      0.0156,      0.2098,   7956.8755,-421682.0625,   -930.8403,    558.8577,  26522.9180,
       1,     170,     165,       6,       1,       3,       1,     10.0000,      1.4137,     42.8038,    252.1337,     63.4519,      3.4953,      0.0000,     -0.0329,      0.7616,      0.1583,      5.6627,     11.3254,      1.3987,     29.6170,     59.2341,      0.0195,      0.0006,      0.0156,      0.2098,   7956.8755,-421396.1250,   -930.7840,    558.8777,  26522.9160,
       1,     170,     165,       7,       1,       3,       1,     10.0000,      1.4137,     42.8038,    252.1337,     63.4519,      3.4953,      0.0000,     -0.0329,      0.6969,      0.1594,      5.6627,     11.3254,      1.4086,     29.6170,     59.2341,      0.0195,      0.0005,      0.0156,      0.2098,   7956.8750,-421396.5625,   -930.7844,    558.8777,  26522.9199,
       1,     170,     165,       8,       1,       3,       1,     10.0000,      1.4137,     42.8038,    252.1337,     63.4519,      3.4953,      0.0172,     -0.0157,      0.1058,      0.1583,      5.6627,     11.3254,      1.3987,     29.6170,     59.2341,      0.0195,      0.0003,      0.0037,      0.2098,   7956.8765,-421317.7812,   -930.7676,    558.8832,  26522.9180,
       1,     170,     165,       9,       1,       3,       1,     10.0000,      1.4137,     42.8038,    252.1337,     63.4519,      3.4953,      0.0885,      0.0555,      3.5471,      0.1625,      5.6627,     11.3254,      1.4357,     29.6170,     59.2341,      0.0195,      0.0004,      0.1050,      0.2098,   7956.8755,-420594.7500,   -930.6195,    558.9337,  26522.9160,
       1,     170,     165,      10,       1,       3,       1,     10.0000,      1.4137,     42.8038,    252.1337,     63.4519,      3.4953,      0.1502,      0.1167,     20.1041,      0.1795,      5.6627,     11.3254,      1.5865,     29.6170,     59.2341,      0.0195,      0.0013,      0.1914,      0.2098,   7956.8750,-424705.1875,   -931.4247,    558.6465,  26522.9160,
       1,     170,     165,      11,       1,       3,       1,     10.0000,      1.4137,     42.8038,    252.1337,     63.4519,      3.4953,      0.1602,      0.1266,     31.1478,      0.1806,      5.6627,     11.3254,      1.5960,     29.6170,     59.2341,      0.0195,      0.0018,      0.2044,      0.2098,   7956.8750,-445123.8438,   -935.4924,    557.2208,  26522.9180,
       1,     170,     165,      12,       1,       3,       1,     10.0000,      1.4137,     42.8038,    252.1337,     63.4519,      3.4953,      0.1903,      0.1562,     60.9192,      0.1952,      5.6627,     11.3254,      1.7245,     29.6170,     59.2341,      0.0195,      0.0030,      0.2444,      0.2097,   7956.8755,-460247.5312,   -938.5593,    556.1692,  26522.9180,
       1,     170,     165,      13,       1,       3,       1,     10.0000,      1.4137,     42.8038,    252.1337,     63.4519,      3.4953,      0.1909,      0.1566,     69.8111,      0.2042,      5.6627,     11.3254,      1.8048,     29.6170,     59.2341,      0.0195,      0.0035,      0.2444,      0.2097,   7956.8755,-497634.1875,   -946.1111,    553.5710,  26522.9180,
       1,     170,     165,      14,       1,       3,       1,     10.0000,      1.4137,     42.8038,    252.1337,     63.4519,      3.4953,      0.1838,      0.1498,     48.2449,      0.1908,      5.6627,     11.3254,      1.6857,     29.6170,     59.2341,      0.0195,      0.0025,      0.2364,      0.2097,   7956.8755,-511598.6562,   -945.4986,    552.6108,  26522.9160,
       1,     170,     165,      15,       1,       3,       1,     10.0000,      1.4137,     42.8038,    252.1337,     63.4519,      3.4953,      0.1917,      0.1573,     73.5521,      0.2065,      5.6627,     11.3254,      1.8245,     29.6170,     59.2341,      0.0195,      0.0036,      0.2451,      0.2097,   7956.8750,-486595.3438,   -941.6733,    554.3387,  26522.9141,
       1,     170,     165,      16,       1,       3,       1,     10.0000,      1.4137,     42.8038,    252.1337,     63.4519,      3.4953,      0.1977,      0.1628,    108.5438,      0.2245,      5.6627,     11.3254,      1.9836,     29.6170,     59.2341,      0.0195,      0.0052,      0.2500,      0.2097,   7956.8745,-515199.3125,   -948.3500,    552.3594,  26522.9141,
       1,     170,     165,      17,       1,       3,       1,     10.0000,      1.4137,     42.8038,    252.1337,     63.4519,      3.4953,      0.1964,      0.1616,    107.8657,      0.2229,      5.6627,     11.3254,      1.9700,     29.6170,     59.2341,      0.0195,      0.0053,      0.2483,      0.2097,   7956.8745,-560094.8750,   -957.2963,    549.2631,  26522.9141,
       1,     170,     165,      18,       1,       3,       1,     10.0000,      1.4137,     42.8038,    252.1337,     63.4519,      3.4953,      0.1466,      0.1122,     61.9338,      0.2059,      5.6627,     11.3254,      1.8191,     29.6170,     59.2341,      0.0195,      0.0041,      0.1814,      0.2096,   7956.8745,-563080.0000,   -959.3577,    549.0669,  26522.9160,
       1,     170,     165,      19,       1,       3,       1,     10.0000,      1.4137,     42.8038,    252.1337,     63.4519,      3.4953,      0.1154,      0.0811,     43.1752,      0.2024,      5.6627,     11.3254,      1.7888,     29.6170,     59.2341,      0.0195,      0.0038,      0.1386,      0.2096,   7956.8750,-507522.6562,   -949.2952,    552.8799,  26522.9160,
       1,     170,     165,      20,       1,       3,       1,     10.0000,      1.4137,     42.8038,    252.1337,     63.4519,      3.4953,      0.0233,     -0.0103,      2.2038,      0.1810,      5.6627,     11.3254,      1.5992,     29.6170,     59.2341,      0.0195,      0.0024,      0.0113,      0.2097,   7956.8750,-480115.1562,   -944.4283,    554.7874,  26522.9160,
       1,     170,     165,      21,       1,       3,       1,     10.0000,      1.4137,     42.8038,    252.1337,     63.4519,      3.4953,      0.0000,     -0.0333,      2.3742,      0.1703,      5.6627,     11.3254,      1.5048,     29.6170,     59.2341,      0.0195,      0.0018,      0.0156,      0.2097,   7956.8750,-428090.7188,   -934.3634,    558.3985,  26522.9160,
       1,     170,     165,      22,       1,       3,       1,     10.0000,      1.4137,     42.8038,    252.1337,     63.4519,      3.4953,      0.0000,     -0.0332,      1.7559,      0.1674,      5.6627,     11.3254,      1.4795,     29.6170,     59.2341,      0.0195,      0.0014,      0.0156,      0.2098,   7956.8750,-423932.2188,   -933.6088,    558.7005,  26522.9180,
       1,     170,     165,      23,       1,       3,       1,     10.0000,      1.4137,     42.8038,    252.1337,     63.4519,      3.4953,      0.0000,     -0.0331,      1.5684,      0.1643,      5.6627,     11.3254,      1.4516,     29.6170,     59.2341,      0.0195,      0.0012,      0.0156,      0.2098,   7956.8755,-422816.3750,   -933.4326,    558.7786,  26522.9180,
       1,     170,     165,      24,       1,       3,       1,     10.0000,      1.4137,     42.8038,    252.1337,     63.4519,      3.4953,      0.0000,     -0.0331,      1.4336,      0.1639,      5.6627,     11.3254,      1.4487,     29.6170,     59.2341,      0.0195,      0.0011,      0.0156,      0.2098,   7956.8755,-422494.4062,   -933.4016,    558.8010,  26522.9160,
       1,     170,     166,       1,       1,       3,       1,     10.0000,      1.4137,     42.8041,    252.1396,     63.4534,      3.4953,      0.0000,     -0.0329,      0.8711,      0.1599,      5.6627,     11.3254,      1.4128,     29.6219,     59.2438,      0.0195,      0.0007,      0.0156,      0.2098,   7956.8750,-422460.9062,   -933.7119,    558.8165,  26524.1133,
       1,     170,     166,       2,       1,       3,       1,     10.0000,      1.4137,     42.8041,    252.1396,     63.4534,      3.4953,      0.0000,     -0.0327,      0.7464,      0.1547,      5.6627,     11.3254,      1.3668,     29.6219,     59.2438,      0.0195,      0.0006,      0.0156,      0.2098,   7957.2344,-421622.6562,   -933.2797,    558.8752,  26524.1113,
       1,     170,     166,       3,       1,       3,       1,     10.0000,      1.4137,     42.8041,    252.1396,     63.4534,      3.4953,      0.0000,     -0.0327,      0.7266,      0.1519,      5.6627,     11.3254,      1.3422,     29.6219,     59.2438,      0.0195,      0.0006,      0.0156,      0.2098,   7957.2339,-421400.6562,   -933.2495,    558.8906,  26524.1152,
       1,     170,     166,       4,       1,       3,       1,     10.0000,      1.4137,     42.8041,    252.1396,     63.4534,      3.4953,      0.0000,     -0.0326,      1.0888,      0.1516,      5.6627,     11.3254,      1.3395,     29.6219,     59.2438,      0.0195,      0.0008,      0.0156,      0.2098,   7957.2349,-421357.4375,   -933.2526,    558.8936,  26524.1133,
       1,     170,     166,       5,       1,       3,       1,     10.0000,      1.4137,     42.8041,    252.1396,     63.4534,      3.4953,      0.0000,     -0.0326,      0.8913,      0.1508,      5.6627,     11.3254,      1.3328,     29.6219,     59.2438,      0.0195,      0.0007,      0.0156,      0.2098,   7957.2344,-421793.0625,   -933.3629,    558.8632,  26524.1152,
       1,     170,     166,       6,       1,       3,       1,     10.0000,      1.4137,     42.8041,    252.1396,     63.4534,      3.4953,      0.0000,     -0.0324,      0.3819,      0.1446,      5.6627,     11.3254,      1.2775,     29.6219,     59.2438,      0.0195,      0.0003,      0.0156,      0.2098,   7957.2349,-421590.1562,   -933.3389,    558.8773,  26524.1133,
       1,     170,     166,       7,       1,       3,       1,     10.0000,      1.4137,     42.8041,    252.1396,     63.4534,      3.4953,      0.0000,     -0.0323,      0.3456,      0.1428,      5.6627,     11.3254,      1.2621,     29.6219,     59.2438,      0.0195,      0.0003,      0.0156,      0.2098,   7957.2344,-420956.0625,   -933.2169,    558.9217,  26524.1133,
       1,     170,     166,       8,       1,       3,       1,     10.0000,      1.4137,     42.8041,    252.1396,     63.4534,      3.4953,      0.0039,     -0.0285,      0.4299,      0.1449,      5.6627,     11.3254,      1.2801,     29.6219,     59.2438,      0.0195,      0.0003,      0.0156,      0.2098,   7957.2344,-420858.3125,   -933.1991,    558.9285,  26524.1152,
       1,     170,     166,       9,       1,       3,       1,     10.0000,      1.4137,     42.8041,    252.1396,     63.4534,      3.4953,      0.0094,     -0.0231,      0.3980,      0.1474,      5.6627,     11.3254,      1.3023,     29.6219,     59.2438,      0.0195,      0.0003,      0.0156,      0.2098,   7957.2349,-420951.9375,   -910.1268,    558.9219,  26524.1211,
       1,     170,     166,      10,       1,       3,       1,     10.0000,      1.4137,     42.8041,    252.1396,     63.4534,      3.4953,      0.0606,      0.0284,      1.4191,      0.1388,      5.6627,     11.3254,      1.2269,     29.6219,     59.2438,      0.0195,      0.0003,      0.0662,      0.2098,   7957.2368,-420920.6250,   -910.1554,    558.9242,  26524.1211,
       1,     170,     166,      11,       1,       3,       1,     10.0000,      1.4137,     42.8041,    252.1396,     63.4534,      3.4953,      0.0997,      0.0673,      4.9230,      0.1466,      5.6627,     11.3254,      1.2957,     29.6219,     59.2438,      0.0195,      0.0005,      0.1213,      0.2098,   7957.2368,-422155.5000,   -910.5639,    558.8379,  26524.1211,
       1,     170,     166,      12,       1,       3,       1,     10.0000,      1.4137,     42.8041,    252.1396,     63.4534,      3.4953,      0.1341,      0.1013,     15.9629,      0.1567,      5.6627,     11.3254,      1.3848,     29.6219,     59.2438,      0.0195,      0.0011,      0.1689,      0.2098,   7957.2368,-426506.8438,   -911.8935,    558.5339,  26524.1211,
       1,     170,     166,      13,       1,       3,       1,     10.0000,      1.4137,     42.8041,    252.1396,     63.4534,      3.4953,      0.1469,      0.1138,     20.4722,      0.1653,      5.6627,     11.3254,      1.4604,     29.6219,     59.2438,      0.0195,      0.0013,      0.1866,      0.2098,   7957.2368,-440256.9062,   -915.0805,    557.5740,  26524.1211,
       1,     170,     166,      14,       1,       3,       1,     10.0000,      1.4137,     42.8041,    252.1396,     63.4534,      3.4953,      0.1279,      0.0948,     19.7571,      0.1656,      5.6627,     11.3254,      1.4633,     29.6219,     59.2438,      0.0195,      0.0015,      0.1595,      0.2098,   7957.2368,-446889.2188,   -915.7435,    557.1126,  26524.1211,
       1,     170,     166,      15,       1,       3,       1,     10.0000,      1.4137,     42.8041,    252.1396,     63.4534,      3.4953,      0.1446,      0.1117,     15.7364,      0.1586,      5.6627,     11.3254,      1.4015,     29.6219,     59.2438,      0.0195,      0.0010,      0.1839,      0.2098,   7957.2368,-446582.6562,   -915.6067,    557.1342,  26524.1211,
       1,     170,     166,      16,       1,       3,       1,     10.0000,      1.4137,     42.8041,    252.1396,     63.4534,      3.4953,      0.1625,      0.1292,     25.2502,      0.1693,      5.6627,     11.3254,      1.4959,     29.6219,     59.2438,      0.0195,      0.0015,      0.2084,      0.2098,   7957.2368,-441681.5938,   -915.5211,    557.4754,  26524.1211,
       1,     170,     166,      17,       1,       3,       1,     10.0000,      1.4137,     42.8041,    252.1396,     63.4534,      3.4953,      0.1510,      0.1177,     28.1998,      0.1727,      5.6627,     11.3254,      1.5260,     29.6219,     59.2438,      0.0195,      0.0018,      0.1916,      0.2098,   7957.2368,-452801.6875,   -918.6484,    556.7007,  26524.1230,
       1,     170,     166,      18,       1,       3,       1,     10.0000,      1.4137,     42.8041,    252.1396,     63.4534,      3.4953,      0.1482,      0.1146,     44.5252,      0.1821,      5.6627,     11.3254,      1.6088,     29.6219,     59.2438,      0.0195,      0.0029,      0.1858,      0.2098,   7957.2373,-457319.3125,   -920.4501,    556.3868,  26524.1211,
       1,     170,     166,      19,       1,       3,       1,     10.0000,      1.4137,     42.8041,    252.1396,     63.4534,      3.4953,      0.1059,      0.0725,     23.8585,      0.1744,      5.6627,     11.3254,      1.5414,     29.6219,     59.2438,      0.0195,      0.0023,      0.1275,      0.2098,   7957.2368,-477497.7188,   -925.3072,    554.9835,  26524.1230,
       1,     170,     166,      20,       1,       3,       1,     10.0000,      1.4137,     42.8041,    252.1396,     63.4534,      3.4953,      0.0228,     -0.0100,      0.8280,      0.1542,      5.6627,     11.3254,      1.3627,     29.6219,     59.2438,      0.0195,      0.0009,      0.0118,      0.2097,   7957.2373,-454138.3125,   -921.6919,    556.6058,  26524.1211,
       1,     170,     166,      21,       1,       3,       1,     10.0000,      1.4137,     42.8041,    252.1396,     63.4534,      3.4953,      0.0000,     -0.0325,      0.8334,      0.1471,      5.6627,     11.3254,      1.2996,     29.6219,     59.2438,      0.0195,      0.0006,      0.0156,      0.2098,   7957.2368,-424244.6875,   -916.3454,    558.6880,  26524.1211,
       1,     170,     166,      22,       1,       3,       1,     10.0000,      1.4137,     42.8041,    252.1396,     63.4534,      3.4953,      0.0000,     -0.0327,      0.8744,      0.1547,      5.6627,     11.3254,      1.3668,     29.6219,     59.2438,      0.0195,      0.0007,      0.0156,      0.2098,   7957.2368,-421731.8438,   -915.9288,    558.8674,  26524.1211,
       1,     170,     166,      23,       1,       3,       1,     10.0000,      1.4137,     42.8041,    252.1396,     63.4534,      3.4953,      0.0000,     -0.0326,      0.3770,      0.1493,      5.6627,     11.3254,      1.3194,     29.6219,     59.2438,      0.0195,      0.0003,      0.0156,      0.2098,   7957.2368,-421564.0625,   -915.9371,    558.8792,  26524.1191,
       1,     170,     166,      24,       1,       3,       1,     10.0000,      1.4137,     42.8041,    252.1396,     63.4534,      3.4953,      0.0000,     -0.0324,      0.3505,      0.1446,      5.6627,     11.3254,      1.2775,     29.6219,     59.2438,      0.0195,      0.0003,      0.0156,      0.2098,   7957.2358,-420947.0938,   -915.8269,    558.9223,  26524.1230,
       1,     170,     167,       1,       1,       3,       1,     10.0000,      1.4138,     42.8045,    252.1456,     63.4549,      3.4953,      0.0000,     -0.0324,      0.3554,      0.1463,      5.6639,     11.3279,      1.2931,     29.6140,     59.2280,      0.0195,      0.0003,      0.0156,      0.2098,   7957.2373,-421018.7500,   -916.1089,    558.9305,  26525.3184,
       1,     170,     167,       2,       1,       3,       1,     10.0000,      1.4138,     42.8045,    252.1456,     63.4549,      3.4953,      0.0000,     -0.0323,      0.3457,      0.1428,      5.6639,     11.3279,      1.2621,     29.6140,     59.2280,      0.0195,      0.0003,      0.0156,      0.2098,   7957.5957,-420877.2188,   -915.8215,    558.9404,  26525.3164,
       1,     170,     167,       3,       1,       3,       1,     10.0000,      1.4138,     42.8045,    252.1456,     63.4549,      3.4953,      0.0000,     -0.0323,      0.3405,      0.1410,      5.6639,     11.3279,      1.2457,     29.6140,     59.2280,      0.0195,      0.0003,      0.0156,      0.2098,   7957.5952,-420853.6250,   -915.8195,    558.9421,  26525.3145,
       1,     170,     167,       4,       1,       3,       1,     10.0000,      1.4138,     42.8045,    252.1456,     63.4549,      3.4953,      0.0000,     -0.0323,      0.3433,      0.1420,      5.6639,     11.3279,      1.2545,     29.6140,     59.2280,      0.0195,      0.0003,      0.0156,      0.2098,   7957.5947,-420845.7188,   -915.8204,    558.9426,  26525.3164,
       1,     170,     167,       5,       1,       3,       1,     10.0000,      1.4138,     42.8045,    252.1456,     63.4549,      3.4953,      0.0000,     -0.0323,      0.3417,      0.1414,      5.6639,     11.3279,      1.2494,     29.6140,     59.2280,      0.0195,      0.0003,      0.0156,      0.2098,   7957.5952,-420848.0938,   -915.8217,    558.9425,  26525.3164,
       1,     170,     167,       6,       1,       3,       1,     10.0000,      1.4138,     42.8045,    252.1456,     63.4549,      3.4953,      0.0000,     -0.0321,      0.3300,      0.1372,      5.6639,     11.3279,      1.2121,     29.6140,     59.2280,      0.0195,      0.0003,      0.0156,      0.2098,   7957.5952,-420846.3125,   -915.8232,    558.9426,  26525.3145,
       1,     170,     167,       7,       1,       3,       1,     10.0000,      1.4138,     42.8045,    252.1456,     63.4549,      3.4953,      0.0000,     -0.0322,      0.3385,      0.1403,      5.6639,     11.3279,      1.2394,     29.6140,     59.2280,      0.0195,      0.0003,      0.0156,      0.2098,   7957.5947,-420832.3438,   -915.8229,    558.9435,  26525.3164,
       1,     170,     167,       8,       1,       3,       1,     10.0000,      1.4138,     42.8045,    252.1456,     63.4549,      3.4953,      0.0170,     -0.0152,      0.0925,      0.1404,      5.6639,     11.3279,      1.2406,     29.6140,     59.2280,      0.0195,      0.0003,      0.0043,      0.2098,   7957.5952,-420841.2188,   -915.8253,    558.9430,  26525.3164,
       1,     170,     167,       9,       1,       3,       1,     10.0000,      1.4138,     42.8045,    252.1456,     63.4549,      3.4953,      0.0409,      0.0085,      0.8543,      0.1447,      5.6639,     11.3279,      1.2788,     29.6140,     59.2280,      0.0195,      0.0003,      0.0380,      0.2098,   7957.5952,-420543.7188,   -913.3785,    558.9637,  26525.3164,
       1,     170,     167,      10,       1,       3,       1,     10.0000,      1.4138,     42.8045,    252.1456,     63.4549,      3.4953,      0.0988,      0.0661,      3.9264,      0.1534,      5.6639,     11.3279,      1.3558,     29.6140,     59.2280,      0.0195,      0.0004,      0.1199,      0.2098,   7957.5952,-421441.7188,   -910.8764,    558.9009,  26525.3164,
       1,     170,     167,      11,       1,       3,       1,     10.0000,      1.4138,     42.8045,    252.1456,     63.4549,      3.4953,      0.1300,      0.0970,     12.0193,      0.1621,      5.6639,     11.3279,      1.4329,     29.6140,     59.2280,      0.0195,      0.0009,      0.1634,      0.2098,   7957.5952,-425240.7812,   -912.1660,    558.6356,  26525.3164,
       1,     170,     167,      12,       1,       3,       1,     10.0000,      1.4138,     42.8045,    252.1456,     63.4549,      3.4953,      0.1609,      0.1275,     27.2658,      0.1730,      5.6639,     11.3279,      1.5291,     29.6140,     59.2280,      0.0195,      0.0016,      0.2059,      0.2098,   7957.5952,-435370.5312,   -914.8153,    557.9283,  26525.3164,
       1,     170,     167,      13,       1,       3,       1,     10.0000,      1.4138,     42.8045,    252.1456,     63.4549,      3.4953,      0.1904,      0.1564,     66.8714,      0.1944,      5.6639,     11.3279,      1.7178,     29.6140,     59.2280,      0.0195,      0.0033,      0.2439,      0.2098,   7957.5952,-454709.1250,   -919.4755,    556.5801,  26525.3164,
       1,     170,     167,      14,       1,       3,       1,     10.0000,      1.4138,     42.8045,    252.1456,     63.4549,      3.4953,      0.1991,      0.1641,    126.4905,      0.2251,      5.6639,     11.3279,      1.9896,     29.6140,     59.2280,      0.0195,      0.0061,      0.2500,      0.2098,   7957.5952,-504367.7812,   -930.6513,    553.1268,  26525.3164,
       1,     170,     167,      15,       1,       3,       1,     10.0000,      1.4138,     42.8045,    252.1456,     63.4549,      3.4953,      0.1957,      0.1600,    164.7114,      0.2517,      5.6639,     11.3279,      2.2240,     29.6140,     59.2280,      0.0195,      0.0083,      0.2411,      0.2097,   7957.5952,-580929.7500,   -948.1185,    547.8439,  26525.3164,
       1,     170,     167,      16,       1,       3,       1,     10.0000,      1.4138,     42.8045,    252.1456,     63.4549,      3.4953,      0.1670,      0.1317,    112.0692,      0.2385,      5.6639,     11.3279,      2.1078,     29.6140,     59.2280,      0.0195,      0.0066,      0.2052,      0.2096,   7957.5952,-633887.1875,   -961.0963,    544.2426,  26525.3184,
       1,     170,     167,      17,       1,       3,       1,     10.0000,      1.4138,     42.8045,    252.1456,     63.4549,      3.4953,      0.0822,      0.0482,     25.3645,      0.1898,      5.6639,     11.3279,      1.6774,     29.6140,     59.2280,      0.0195,      0.0033,      0.0929,      0.2095,   7957.5957,-574350.5000,   -951.5538,    548.3046,  26525.3164,
       1,     170,     167,      18,       1,       3,       1,     10.0000,      1.4138,     42.8045,    252.1456,     63.4549,      3.4953,      0.0409,      0.0078,      5.4134,      0.1641,      5.6639,     11.3279,      1.4502,     29.6140,     59.2280,      0.0195,      0.0018,      0.0367,      0.2096,   7957.5952,-464041.8125,   -931.2783,    555.8802,  26525.3145,
       1,     170,     167,      19,       1,       3,       1,     10.0000,      1.4138,     42.8045,    252.1456,     63.4549,      3.4953,      0.0442,      0.0112,      4.8859,      0.1623,      5.6639,     11.3279,      1.4343,     29.6140,     59.2280,      0.0195,      0.0014,      0.0415,      0.2098,   7957.5947,-430700.0938,   -925.1463,    558.2495,  26525.3145,
       1,     170,     167,      20,       1,       3,       1,     10.0000,      1.4138,     42.8045,    252.1456,     63.4549,      3.4953,      0.0165,     -0.0165,      0.3036,      0.1639,      5.6639,     11.3279,      1.4487,     29.6140,     59.2280,      0.0195,      0.0015,      0.0025,      0.2098,   7957.5947,-427193.6875,   -924.6023,    558.4993,  26525.3125,
       1,     170,     167,      21,       1,       3,       1,     10.0000,      1.4138,     42.8045,    252.1456,     63.4549,      3.4953,      0.0000,     -0.0331,      1.4118,      0.1649,      5.6639,     11.3279,      1.4575,     29.6140,     59.2280,      0.0195,      0.0011,      0.0156,      0.2098,   7957.5942,-421337.5938,   -923.5723,    558.9081,  26525.3125,
       1,     170,     167,      22,       1,       3,       1,     10.0000,      1.4138,     42.8045,    252.1456,     63.4549,      3.4953,      0.0000,     -0.0331,      1.3694,      0.1649,      5.6639,     11.3279,      1.4575,     29.6140,     59.2280,      0.0195,      0.0011,      0.0156,      0.2098,   7957.5942,-422185.3750,   -923.7815,    558.8491,  26525.3164,
       1,     170,     167,      23,       1,       3,       1,     10.0000,      1.4138,     42.8045,    252.1456,     63.4549,      3.4953,      0.0000,     -0.0331,      1.7654,      0.1649,      5.6639,     11.3279,      1.4575,     29.6140,     59.2280,      0.0195,      0.0014,      0.0156,      0.2098,   7957.5952,-422204.9375,   -923.8259,    558.8477,  26525.3145,
       1,     170,     167,      24,       1,       3,       1,     10.0000,      1.4138,     42.8045,    252.1456,     63.4549,      3.4953,      0.0000,     -0.0330,      1.2650,      0.1617,      5.6639,     11.3279,      1.4286,     29.6140,     59.2280,      0.0195,      0.0010,      0.0156,      0.2098,   7957.5947,-422686.9688,   -923.9778,    558.8140,  26525.3145,
       1,     170,     168,       1,       1,       3,       1,     10.0000,      1.4138,     42.8048,    252.1516,     63.4565,      3.4953,      0.0000,     -0.0328,      0.8064,      0.1559,      5.6642,     11.3283,      1.3779,     29.6075,     59.2150,      0.0195,      0.0006,      0.0156,      0.2098,   7957.5947,-422277.5312,   -924.2140,    558.8560,  26526.5078,
       1,     170,     168,       2,       1,       3,       1,     10.0000,      1.4138,     42.8048,    252.1516,     63.4565,      3.4953,      0.0000,     -0.0327,      0.8925,      0.1539,      5.6642,     11.3283,      1.3600,     29.6075,     59.2150,      0.0195,      0.0007,      0.0156,      0.2098,   7957.9526,-421533.6250,   -923.8196,    558.9080,  26526.5059,
       1,     170,     168,       3,       1,       3,       1,     10.0000,      1.4138,     42.8048,    252.1516,     63.4565,      3.4953,      0.0000,     -0.0327,      0.7460,      0.1533,      5.6642,     11.3283,      1.3545,     29.6075,     59.2150,      0.0195,      0.0006,      0.0156,      0.2098,   7957.9521,-421575.3125,   -923.8442,    558.9051,  26526.5078,
       1,     170,     168,       4,       1,       3,       1,     10.0000,      1.4138,     42.8048,    252.1516,     63.4565,      3.4953,      0.0000,     -0.0327,      0.4028,      0.1536,      5.6642,     11.3283,      1.3572,     29.6075,     59.2150,      0.0195,      0.0003,      0.0156,      0.2098,   7957.9526,-421400.9688,   -923.8228,    558.9173,  26526.5078,
       1,     170,     168,       5,       1,       3,       1,     10.0000,      1.4138,     42.8048,    252.1516,     63.4565,      3.4953,      0.0000,     -0.0326,      0.3700,      0.1516,      5.6642,     11.3283,      1.3396,     29.6075,     59.2150,      0.0195,      0.0003,      0.0156,      0.2098,   7957.9526,-420970.2812,   -923.7441,    558.9474,  26526.5078,
       1,     170,     168,       6,       1,       3,       1,     10.0000,      1.4138,     42.8048,    252.1516,     63.4565,      3.4953,      0.0000,     -0.0325,      0.3608,      0.1483,      5.6642,     11.3283,      1.3102,     29.6075,     59.2150,      0.0195,      0.0003,      0.0156,      0.2098,   7957.9526,-420894.2188,   -923.7316,    558.9527,  26526.5078,
       1,     170,     168,       7,       1,       3,       1,     10.0000,      1.4138,     42.8048,    252.1516,     63.4565,      3.4953,      0.0000,     -0.0325,      0.3595,      0.1478,      5.6642,     11.3283,      1.3063,     29.6075,     59.2150,      0.0195,      0.0003,      0.0156,      0.2098,   7957.9526,-420876.5000,   -923.7299,    558.9539,  26526.5078,
       1,     170,     168,       8,       1,       3,       1,     10.0000,      1.4138,     42.8048,    252.1516,     63.4565,      3.4953,      0.0231,     -0.0094,      0.2887,      0.1481,      5.6642,     11.3283,      1.3089,     29.6075,     59.2150,      0.0195,      0.0003,      0.0125,      0.2098,   7957.9526,-420873.5312,   -923.7311,    558.9542,  26526.5059,
       1,     170,     168,       9,       1,       3,       1,     10.0000,      1.4138,     42.8048,    252.1516,     63.4565,      3.4953,      0.1176,      0.0845,     10.5964,      0.1658,      5.6642,     11.3283,      1.4648,     29.6075,     59.2150,      0.0195,      0.0009,      0.1458,      0.2098,   7957.9521,-420787.6875,   -923.7444,    558.9601,  26526.5059,
       1,     170,     168,      10,       1,       3,       1,     10.0000,      1.4138,     42.8048,    252.1516,     63.4565,      3.4953,      0.1402,      0.1067,     28.3314,      0.1769,      5.6642,     11.3283,      1.5631,     29.6075,     59.2150,      0.0195,      0.0019,      0.1760,      0.2098,   7957.9521,-433270.3438,   -926.2928,    558.0880,  26526.5059,
       1,     170,     168,      11,       1,       3,       1,     10.0000,      1.4138,     42.8048,    252.1516,     63.4565,      3.4953,      0.1295,      0.0962,     26.0375,      0.1713,      5.6642,     11.3283,      1.5140,     29.6075,     59.2150,      0.0195,      0.0020,      0.1610,      0.2098,   7957.9521,-455822.1875,   -930.8974,    556.5154,  26526.5059,
       1,     170,     168,      12,       1,       3,       1,     10.0000,      1.4138,     42.8048,    252.1516,     63.4565,      3.4953,      0.1964,      0.1619,     90.2974,      0.2094,      5.6642,     11.3283,      1.8500,     29.6075,     59.2150,      0.0195,      0.0044,      0.2500,      0.2098,   7957.9521,-454953.5312,   -931.0526,    556.5780,  26526.5078,
       1,     170,     168,      13,       1,       3,       1,     10.0000,      1.4138,     42.8048,    252.1516,     63.4565,      3.4953,      0.1976,      0.1625,    113.8583,      0.2294,      5.6642,     11.3283,      2.0270,     29.6075,     59.2150,      0.0195,      0.0055,      0.2493,      0.2098,   7957.9526,-532779.4375,   -946.8929,    551.1635,  26526.5078,
       1,     170,     168,      14,       1,       3,       1,     10.0000,      1.4138,     42.8048,    252.1516,     63.4565,      3.4953,      0.1972,      0.1618,    137.1096,      0.2414,      5.6642,     11.3283,      2.1327,     29.6075,     59.2150,      0.0195,      0.0067,      0.2463,      0.2097,   7957.9526,-568024.6875,   -954.6804,    548.7615,  26526.5078,
       1,     170,     168,      15,       1,       3,       1,     10.0000,      1.4138,     42.8048,    252.1516,     63.4565,      3.4953,      0.1905,      0.1552,    132.6250,      0.2365,      5.6642,     11.3283,      2.0894,     29.6075,     59.2150,      0.0195,      0.0068,      0.2370,      0.2097,   7957.9526,-599218.0625,   -961.7885,    546.6270,  26526.5078,
       1,     170,     168,      16,       1,       3,       1,     10.0000,      1.4138,     42.8048,    252.1516,     63.4565,      3.4953,      0.1913,      0.1561,    131.0308,      0.2344,      5.6642,     11.3283,      2.0711,     29.6075,     59.2150,      0.0195,      0.0066,      0.2383,      0.2096,   7957.9526,-596406.3750,   -962.2215,    546.8233,  26526.5098,
       1,     170,     168,      17,       1,       3,       1,     10.0000,      1.4138,     42.8048,    252.1516,     63.4565,      3.4953,      0.0860,      0.0516,     31.0149,      0.2039,      5.6642,     11.3283,      1.8014,     29.6075,     59.2150,      0.0195,      0.0038,      0.0975,      0.2096,   7957.9531,-594226.8750,   -943.9179,    546.9723,  26526.2383,
       1,     170,     168,      18,       1,       3,       1,     10.0000,      1.4138,     42.8048,    252.1516,     63.4565,      3.4953,      0.1055,      0.0725,      6.7927,      0.1644,      5.6642,     11.3283,      1.4531,     29.6075,     59.2150,      0.0195,      0.0006,      0.1290,      0.2096,   7957.8716,-472553.0000,   -920.4742,    555.2914,  26526.4629,
       1,     170,     168,      19,       1,       3,       1,     10.0000,      1.4138,     42.8048,    252.1516,     63.4565,      3.4953,      0.1487,      0.1150,     27.3730,      0.1833,      5.6642,     11.3283,      1.6201,     29.6075,     59.2150,      0.0195,      0.0018,      0.1884,      0.2098,   7957.9390,-433106.6875,   -913.6783,    558.0930,  26526.5078,
       1,     170,     168,      20,       1,       3,       1,     10.0000,      1.4138,     42.8048,    252.1516,     63.4565,      3.4953,      0.0308,     -0.0028,      3.1124,      0.1796,      5.6642,     11.3283,      1.5866,     29.6075,     59.2150,      0.0195,      0.0017,      0.0220,      0.2098,   7957.9526,-454654.0312,   -918.3852,    556.5968,  26526.5098,
       1,     170,     168,      21,       1,       3,       1,     10.0000,      1.4138,     42.8048,    252.1516,     63.4565,      3.4953,      0.0000,     -0.0335,      2.0789,      0.1781,      5.6642,     11.3283,      1.5740,     29.6075,     59.2150,      0.0195,      0.0016,      0.0156,      0.2098,   7957.9531,-427062.2500,   -913.7020,    558.5186,  26526.5078,
       1,     170,     168,      22,       1,       3,       1,     10.0000,      1.4138,     42.8048,    252.1516,     63.4565,      3.4953,      0.0000,     -0.0335,      1.8886,      0.1772,      5.6642,     11.3283,      1.5662,     29.6075,     59.2150,      0.0195,      0.0015,      0.0156,      0.2098,   7957.9526,-423484.3438,   -913.2610,    558.7717,  26526.5078,
       1,     170,     168,      23,       1,       3,       1,     10.0000,      1.4138,     42.8048,    252.1516,     63.4565,      3.4953,      0.0000,     -0.0334,      1.3270,      0.1736,      5.6642,     11.3283,      1.5338,     29.6075,     59.2150,      0.0195,      0.0010,      0.0156,      0.2098,   7957.9526,-422947.0938,   -913.3246,    558.8093,  26526.5078,
       1,     170,     168,      24,       1,       3,       1,     10.0000,      1.4138,     42.8048,    252.1516,     63.4565,      3.4953,      0.0000,     -0.0331,      0.9883,      0.1651,      5.6642,     11.3283,      1.4590,     29.6075,     59.2150,      0.0195,      0.0008,      0.0156,      0.2098,   7957.9526,-422221.1562,   -910.4315,    558.8600,  26526.5098,
       1,     170,     169,       1,       1,       3,       1,     10.0000,      1.4138,     42.8052,    252.1576,     63.4580,      3.4953,      0.0000,     -0.0326,      0.5016,      0.1507,      5.6636,     11.3271,      1.3316,     29.6099,     59.2198,      0.0195,      0.0004,      0.0156,      0.2099,   7957.9531,-421905.6562,   -910.6215,    558.8953,  26527.7051,
       1,     170,     169,       2,       1,       3,       1,     10.0000,      1.4138,     42.8052,    252.1576,     63.4580,      3.4953,      0.0000,     -0.0326,      0.3908,      0.1495,      5.6636,     11.3271,      1.3209,     29.6099,     59.2198,      0.0195,      0.0003,      0.0156,      0.2099,   7958.3120,-421135.6562,   -910.1541,    558.9490,  26527.7051,
       1,     170,     169,       3,       1,       3,       1,     10.0000,      1.4138,     42.8052,    252.1576,     63.4580,      3.4953,      0.0000,     -0.0324,      0.3553,      0.1444,      5.6636,     11.3271,      1.2763,     29.6099,     59.2198,      0.0195,      0.0003,      0.0156,      0.2099,   7958.3120,-420936.3438,   -910.1240,    558.9630,  26527.7070,
       1,     170,     169,       4,       1,       3,       1,     10.0000,      1.4138,     42.8052,    252.1576,     63.4580,      3.4953,      0.0000,     -0.0320,      0.6315,      0.1333,      5.6636,     11.3271,      1.1782,     29.6099,     59.2198,      0.0195,      0.0005,      0.0156,      0.2099,   7958.3125,-420876.2500,   -910.1154,    558.9671,  26527.7051,
       1,     170,     169,       5,       1,       3,       1,     10.0000,      1.4138,     42.8052,    252.1576,     63.4580,      3.4953,      0.0000,     -0.0319,      0.7983,      0.1317,      5.6636,     11.3271,      1.1639,     29.6099,     59.2198,      0.0195,      0.0006,      0.0156,      0.2099,   7958.3120,-421206.0000,   -910.2172,    558.9442,  26527.7051,
       1,     170,     169,       6,       1,       3,       1,     10.0000,      1.4138,     42.8052,    252.1576,     63.4580,      3.4953,      0.0000,     -0.0321,      0.5133,      0.1373,      5.6636,     11.3271,      1.2133,     29.6099,     59.2198,      0.0195,      0.0004,      0.0156,      0.2099,   7958.3120,-421435.8750,   -910.3253,    558.9280,  26527.7051,
       1,     170,     169,       7,       1,       3,       1,     10.0000,      1.4138,     42.8052,    252.1576,     63.4580,      3.4953,      0.0000,     -0.0321,      0.3327,      0.1381,      5.6636,     11.3271,      1.2207,     29.6099,     59.2198,      0.0195,      0.0003,      0.0156,      0.2099,   7958.3120,-421110.1250,   -910.1537,    558.9508,  26527.7051,
       1,     170,     169,       8,       1,       3,       1,     10.0000,      1.4138,     42.8052,    252.1576,     63.4580,      3.4953,      0.0112,     -0.0209,      0.3673,      0.1369,      5.6636,     11.3271,      1.2096,     29.6099,     59.2198,      0.0195,      0.0003,      0.0156,      0.2099,   7958.3120,-420863.7500,   -910.1111,    558.9680,  26527.7051,
       1,     170,     169,       9,       1,       3,       1,     10.0000,      1.4138,     42.8052,    252.1576,     63.4580,      3.4953,      0.0957,      0.0631,      5.4253,      0.1516,      5.6636,     11.3271,      1.3396,     29.6099,     59.2198,      0.0195,      0.0006,      0.1154,      0.2099,   7958.3120,-420884.8125,   -910.1516,    558.9666,  26527.7051,
       1,     170,     169,      10,       1,       3,       1,     10.0000,      1.4138,     42.8052,    252.1576,     63.4580,      3.4953,      0.1462,      0.1129,     17.9943,      0.1705,      5.6636,     11.3271,      1.5065,     29.6099,     59.2198,      0.0195,      0.0012,      0.1858,      0.2099,   7958.3120,-427014.6875,   -911.6069,    558.5382,  26527.7070,
       1,     170,     169,      11,       1,       3,       1,     10.0000,      1.4138,     42.8052,    252.1576,     63.4580,      3.4953,      0.1696,      0.1357,     37.8376,      0.1910,      5.6636,     11.3271,      1.6875,     29.6099,     59.2198,      0.0195,      0.0021,      0.2172,      0.2099,   7958.3125,-442763.1875,   -915.2753,    557.4389,  26527.7051,
       1,     170,     169,      12,       1,       3,       1,     10.0000,      1.4138,     42.8052,    252.1576,     63.4580,      3.4953,      0.1845,      0.1503,     46.5770,      0.1999,      5.6636,     11.3271,      1.7661,     29.6099,     59.2198,      0.0195,      0.0024,      0.2377,      0.2098,   7958.3120,-468147.2188,   -920.1196,    555.6712,  26527.7031,
       1,     170,     169,      13,       1,       3,       1,     10.0000,      1.4138,     42.8052,    252.1576,     63.4580,      3.4953,      0.1834,      0.1489,     59.5332,      0.2092,      5.6636,     11.3271,      1.8482,     29.6099,     59.2198,      0.0195,      0.0031,      0.2347,      0.2098,   7958.3110,-480894.6875,   -924.0498,    554.7886,  26527.7051,
       1,     170,     169,      14,       1,       3,       1,     10.0000,      1.4138,     42.8052,    252.1576,     63.4580,      3.4953,      0.1632,      0.1289,     52.6276,      0.2021,      5.6636,     11.3271,      1.7855,     29.6099,     59.2198,      0.0195,      0.0031,      0.2064,      0.2098,   7958.3120,-497680.2188,   -925.8645,    553.6253,  26527.7051,
       1,     170,     169,      15,       1,       3,       1,     10.0000,      1.4138,     42.8052,    252.1576,     63.4580,      3.4953,      0.1609,      0.1276,      8.3811,      0.1698,      5.6636,     11.3271,      1.5005,     29.6099,     59.2198,      0.0195,      0.0005,      0.2080,      0.2098,   7958.3120,-490722.9375,   -924.2660,    554.1079,  26527.7051,
       1,     170,     169,      16,       1,       3,       1,     10.0000,      1.4138,     42.8052,    252.1576,     63.4580,      3.4953,      0.1820,      0.1478,     41.2768,      0.1995,      5.6636,     11.3271,      1.7627,     29.6099,     59.2198,      0.0195,      0.0021,      0.2347,      0.2098,   7958.3120,-436472.8438,   -913.6280,    557.8657,  26527.7051,
       1,     170,     169,      17,       1,       3,       1,     10.0000,      1.4138,     42.8052,    252.1576,     63.4580,      3.4953,      0.0805,      0.0472,      8.7314,      0.1727,      5.6636,     11.3271,      1.5262,     29.6099,     59.2198,      0.0195,      0.0011,      0.0928,      0.2099,   7958.3120,-471794.8125,   -920.8754,    555.4153,  26527.7051,
       1,     170,     169,      18,       1,       3,       1,     10.0000,      1.4138,     42.8052,    252.1576,     63.4580,      3.4953,      0.1411,      0.1077,     16.6486,      0.1760,      5.6636,     11.3271,      1.5554,     29.6099,     59.2198,      0.0195,      0.0011,      0.1787,      0.2098,   7958.3120,-435319.8125,   -914.6783,    557.9530,  26527.7051,
       1,     170,     169,      19,       1,       3,       1,     10.0000,      1.4138,     42.8052,    252.1576,     63.4580,      3.4953,      0.1020,      0.0684,     13.8912,      0.1796,      5.6636,     11.3271,      1.5867,     29.6099,     59.2198,      0.0195,      0.0014,      0.1229,      0.2099,   7958.3120,-441843.5000,   -916.5507,    557.5039,  26527.7070,
       1,     170,     169,      20,       1,       3,       1,     10.0000,      1.4138,     42.8052,    252.1576,     63.4580,      3.4953,      0.0279,     -0.0053,      1.3795,      0.1683,      5.6636,     11.3271,      1.4870,     29.6099,     59.2198,      0.0195,      0.0009,      0.0184,      0.2098,   7958.3125,-439046.6875,   -916.5726,    557.6990,  26527.7051,
       1,     170,     169,      21,       1,       3,       1,     10.0000,      1.4138,     42.8052,    252.1576,     63.4580,      3.4953,      0.0000,     -0.0329,      0.5367,      0.1596,      5.6636,     11.3271,      1.4101,     29.6099,     59.2198,      0.0195,      0.0004,      0.0156,      0.2098,   7958.3120,-423647.6562,   -913.9378,    558.7725,  26527.7051,
       1,     170,     169,      22,       1,       3,       1,     10.0000,      1.4138,     42.8052,    252.1576,     63.4580,      3.4953,      0.0000,     -0.0329,      0.4654,      0.1589,      5.6636,     11.3271,      1.4045,     29.6099,     59.2198,      0.0195,      0.0004,      0.0156,      0.2099,   7958.3120,-421326.9375,   -913.5319,    558.9356,  26527.7051,
       1,     170,     169,      23,       1,       3,       1,     10.0000,      1.4138,     42.8052,    252.1576,     63.4580,      3.4953,      0.0000,     -0.0330,      0.9763,      0.1615,      5.6636,     11.3271,      1.4272,     29.6099,     59.2198,      0.0195,      0.0008,      0.0156,      0.2099,   7958.3120,-421042.8750,   -913.4899,    558.9555,  26527.7051,
       1,     170,     169,      24,       1,       3,       1,     10.0000,      1.4138,     42.8052,    252.1576,     63.4580,      3.4953,      0.0000,     -0.0327,      0.7464,      0.1547,      5.6636,     11.3271,      1.3669,     29.6099,     59.2198,      0.0195,      0.0006,      0.0156,      0.2099,   7958.3120,-421637.7812,   -913.6653,    558.9139,  26527.7070,
       1,     170,     170,       1,       1,       3,       1,     10.0000,      1.4138,     42.8055,    252.1635,     63.4595,      3.4953,      0.0000,     -0.0328,      0.7129,      0.1552,      5.6640,     11.3280,      1.3710,     29.6100,     59.2201,      0.0195,      0.0006,      0.0156,      0.2099,   7958.3125,-421565.9375,   -910.5236,    558.9321,  26528.9004,
       1,     170,     170,       2,       1,       3,       1,     10.0000,      1.4138,     42.8055,    252.1635,     63.4595,      3.4953,      0.0000,     -0.0326,      0.4230,      0.1513,      5.6640,     11.3280,      1.3370,     29.6100,     59.2201,      0.0195,      0.0003,      0.0156,      0.2099,   7958.6704,-421366.0625,   -910.2230,    558.9462,  26528.8984,
       1,     170,     170,       3,       1,       3,       1,     10.0000,      1.4138,     42.8055,    252.1635,     63.4595,      3.4953,      0.0000,     -0.0326,      0.3679,      0.1508,      5.6640,     11.3280,      1.3329,     29.6100,     59.2201,      0.0195,      0.0003,      0.0156,      0.2099,   7958.6699,-420997.9375,   -910.1650,    558.9719,  26528.9004,
       1,     170,     170,       4,       1,       3,       1,     10.0000,      1.4138,     42.8055,    252.1635,     63.4595,      3.4953,      0.0000,     -0.0325,      0.3591,      0.1477,      5.6640,     11.3280,      1.3050,     29.6100,     59.2201,      0.0195,      0.0003,      0.0156,      0.2099,   7958.6704,-420899.9375,   -910.0914,    558.9788,  26528.8984,
       1,     170,     170,       5,       1,       3,       1,     10.0000,      1.4138,     42.8055,    252.1635,     63.4595,      3.4953,      0.0000,     -0.0318,      0.3253,      0.1292,      5.6640,     11.3280,      1.1416,     29.6100,     59.2201,      0.0195,      0.0003,      0.0156,      0.2099,   7958.6699,-420881.1875,   -910.0883,    558.9801,  26528.8984,
       1,     170,     170,       6,       1,       3,       1,     10.0000,      1.4138,     42.8055,    252.1635,     63.4595,      3.4953,      0.0000,     -0.0319,      0.3187,      0.1331,      5.6640,     11.3280,      1.1758,     29.6100,     59.2201,      0.0195,      0.0002,      0.0156,      0.2099,   7958.6699,-420838.5312,   -910.0825,    558.9830,  26528.8984,
       1,     170,     170,       7,       1,       3,       1,     10.0000,      1.4138,     42.8055,    252.1635,     63.4595,      3.4953,      0.0000,     -0.0321,      0.3281,      0.1365,      5.6640,     11.3280,      1.2060,     29.6100,     59.2201,      0.0195,      0.0003,      0.0156,      0.2099,   7958.6699,-420827.0000,   -910.0820,    558.9838,  26528.8984,
       1,     170,     170,       8,       1,       3,       1,     10.0000,      1.4138,     42.8055,    252.1635,     63.4595,      3.4953,      0.0090,     -0.0231,      0.3343,      0.1387,      5.6640,     11.3280,      1.2257,     29.6100,     59.2201,      0.0195,      0.0003,      0.0156,      0.2099,   7958.6699,-420837.4062,   -910.0854,    558.9831,  26528.8984,
       1,     170,     170,       9,       1,       3,       1,     10.0000,      1.4138,     42.8055,    252.1635,     63.4595,      3.4953,      0.0628,      0.0305,      1.5213,      0.1420,      5.6640,     11.3280,      1.2546,     29.6100,     59.2201,      0.0195,      0.0003,      0.0691,      0.2099,   7958.6699,-420845.7500,   -910.1329,    558.9825,  26528.9004,
       1,     170,     170,      10,       1,       3,       1,     10.0000,      1.4138,     42.8055,    252.1635,     63.4595,      3.4953,      0.1187,      0.0861,      4.0226,      0.1496,      5.6640,     11.3280,      1.3222,     29.6100,     59.2201,      0.0195,      0.0003,      0.1482,      0.2099,   7958.6704,-422284.3750,   -910.5988,    558.8821,  26528.9004,
       1,     170,     170,      11,       1,       3,       1,     10.0000,      1.4138,     42.8055,    252.1635,     63.4595,      3.4953,      0.1473,      0.1144,     16.9887,      0.1607,      5.6640,     11.3280,      1.4201,     29.6100,     59.2201,      0.0195,      0.0011,      0.1876,      0.2099,   7958.6704,-425436.1250,   -911.6547,    558.6619,  26528.9023,
       1,     170,     170,      12,       1,       3,       1,     10.0000,      1.4138,     42.8055,    252.1635,     63.4595,      3.4953,      0.1627,      0.1294,     29.4220,      0.1713,      5.6640,     11.3280,      1.5140,     29.6100,     59.2201,      0.0195,      0.0017,      0.2082,      0.2099,   7958.6709,-441411.1562,   -915.3807,    557.5463,  26528.9004,
       1,     170,     170,      13,       1,       3,       1,     10.0000,      1.4138,     42.8055,    252.1635,     63.4595,      3.4953,      0.1908,      0.1571,     53.8153,      0.1844,      5.6640,     11.3280,      1.6299,     29.6100,     59.2201,      0.0195,      0.0026,      0.2459,      0.2099,   7958.6704,-457832.2188,   -919.5252,    556.4030,  26528.9004,
       1,     170,     170,      14,       1,       3,       1,     10.0000,      1.4138,     42.8055,    252.1635,     63.4595,      3.4953,      0.1601,      0.1261,     53.8841,      0.1921,      5.6640,     11.3280,      1.6976,     29.6100,     59.2201,      0.0195,      0.0032,      0.2017,      0.2099,   7958.6704,-488788.1562,   -926.8470,    554.2512,  26528.9004,
       1,     170,     170,      15,       1,       3,       1,     10.0000,      1.4138,     42.8055,    252.1635,     63.4595,      3.4953,      0.1041,      0.0714,      6.9044,      0.1518,      5.6640,     11.3280,      1.3410,     29.6100,     59.2201,      0.0195,      0.0007,      0.1271,      0.2098,   7958.6704,-491495.5625,   -924.3284,    554.0677,  26528.8984,
       1,     170,     170,      16,       1,       3,       1,     10.0000,      1.4138,     42.8055,    252.1635,     63.4595,      3.4953,      0.0219,     -0.0100,      0.2579,      0.1327,      5.6640,     11.3280,      1.1722,     29.6100,     59.2201,      0.0195,      0.0003,      0.0116,      0.2098,   7958.6699,-434747.8750,   -912.9460,    557.9980,  26528.9004,
       1,     170,     170,      17,       1,       3,       1,     10.0000,      1.4138,     42.8055,    252.1635,     63.4595,      3.4953,      0.0042,     -0.0273,      0.2840,      0.1203,      5.6640,     11.3280,      1.0629,     29.6100,     59.2201,      0.0195,      0.0002,      0.0156,      0.2099,   7958.6704,-421945.5938,   -910.3299,    558.9050,  26528.9004,
       1,     170,     170,      18,       1,       3,       1,     10.0000,      1.4138,     42.8055,    252.1635,     63.4595,      3.4953,      0.0055,     -0.0258,      0.2714,      0.1156,      5.6640,     11.3280,      1.0213,     29.6100,     59.2201,      0.0195,      0.0002,      0.0156,      0.2099,   7958.6704,-420879.3750,   -910.0965,    558.9802,  26528.9004,
       1,     170,     170,      19,       1,       3,       1,     10.0000,      1.4138,     42.8055,    252.1635,     63.4595,      3.4953,      0.0073,     -0.0239,      0.3038,      0.1149,      5.6640,     11.3280,      1.0151,     29.6100,     59.2201,      0.0195,      0.0002,      0.0156,      0.2099,   7958.6704,-420772.9688,   -910.0857,    558.9877,  26528.9004,
       1,     170,     170,      20,       1,       3,       1,     10.0000,      1.4138,     42.8055,    252.1635,     63.4595,      3.4953,      0.0035,     -0.0277,      0.6522,      0.1161,      5.6640,     11.3280,      1.0255,     29.6100,     59.2201,      0.0195,      0.0005,      0.0156,      0.2099,   7958.6704,-420803.0938,   -910.0944,    558.9855,  26528.9023,
       1,     170,     170,      21,       1,       3,       1,     10.0000,      1.4138,     42.8055,    252.1635,     63.4595,      3.4953,      0.0000,     -0.0312,      0.2809,      0.1149,      5.6640,     11.3280,      1.0151,     29.6100,     59.2201,      0.0195,      0.0002,      0.0156,      0.2099,   7958.6709,-421227.5938,   -910.2342,    558.9559,  26528.9004,
       1,     170,     170,      22,       1,       3,       1,     10.0000,      1.4138,     42.8055,    252.1635,     63.4595,      3.4953,      0.0000,     -0.0313,      0.2746,      0.1168,      5.6640,     11.3280,      1.0318,     29.6100,     59.2201,      0.0195,      0.0002,      0.0156,      0.2099,   7958.6704,-420813.9062,   -910.1630,    558.9848,  26528.9004,
       1,     170,     170,      23,       1,       3,       1,     10.0000,      1.4138,     42.8055,    252.1635,     63.4595,      3.4953,      0.0000,     -0.0316,      0.2935,      0.1238,      5.6640,     11.3280,      1.0938,     29.6100,     59.2201,      0.0195,      0.0002,      0.0156,      0.2099,   7958.6704,-420771.2500,   -910.1568,    558.9877,  26528.8984,
       1,     170,     170,      24,       1,       3,       1,     10.0000,      1.4138,     42.8055,    252.1635,     63.4595,      3.4953,      0.0000,     -0.0316,      0.2931,      0.1237,      5.6640,     11.3280,      1.0927,     29.6100,     59.2201,      0.0195,      0.0002,      0.0156,      0.2099,   7958.6699,-420790.6875,   -910.1621,    558.9864,  26528.9023,
       1,     170,     171,       1,       1,       3,       1,     10.0000,      1.4138,     42.8058,    252.1695,     63.4610,      3.4953,      0.0000,     -0.0315,      0.2904,      0.1226,      5.6648,     11.3296,      1.0838,     29.5945,     59.1891,      0.0195,      0.0002,      0.0156,      0.2099,   7958.6709,-420947.9688,   -910.4535,    558.9888,  26530.0957,
       1,     170,     171,       2,       1,       3,       1,     10.0000,      1.4138,     42.8058,    252.1695,     63.4610,      3.4953,      0.0000,     -0.0315,      0.2897,      0.1224,      5.6648,     11.3296,      1.0816,     29.5945,     59.1891,      0.0195,      0.0002,      0.0156,      0.2099,   7959.0288,-420804.5938,   -910.1722,    558.9988,  26530.0938,
       1,     170,     171,       3,       1,       3,       1,     10.0000,      1.4138,     42.8058,    252.1695,     63.4610,      3.4953,      0.0000,     -0.0313,      0.2785,      0.1182,      5.6648,     11.3296,      1.0446,     29.5945,     59.1891,      0.0195,      0.0002,      0.0156,      0.2099,   7959.0283,-420791.8750,   -910.1715,    558.9997,  26530.0918,
       1,     170,     171,       4,       1,       3,       1,     10.0000,      1.4138,     42.8058,    252.1695,     63.4610,      3.4953,      0.0000,     -0.0313,      0.2736,      0.1164,      5.6648,     11.3296,      1.0287,     29.5945,     59.1891,      0.0195,      0.0002,      0.0156,      0.2099,   7959.0278,-420777.2500,   -910.1705,    559.0007,  26530.0938,
       1,     170,     171,       5,       1,       3,       1,     10.0000,      1.4138,     42.8058,    252.1695,     63.4610,      3.4953,      0.0000,     -0.0312,      0.2682,      0.1144,      5.6648,     11.3296,      1.0109,     29.5945,     59.1891,      0.0195,      0.0002,      0.0156,      0.2099,   7959.0283,-420769.9688,   -910.1700,    559.0012,  26530.0938,
       1,     170,     171,       6,       1,       3,       1,     10.0000,      1.4138,     42.8058,    252.1695,     63.4610,      3.4953,      0.0000,     -0.0311,      0.2623,      0.1122,      5.6648,     11.3296,      0.9914,     29.5945,     59.1891,      0.0195,      0.0002,      0.0156,      0.2099,   7959.0283,-420762.8750,   -910.1700,    559.0017,  26530.0938,
       1,     170,     171,       7,       1,       3,       1,     10.0000,      1.4138,     42.8058,    252.1695,     63.4610,      3.4953,      0.0000,     -0.0309,      0.2536,      0.1089,      5.6648,     11.3296,      0.9623,     29.5945,     59.1891,      0.0195,      0.0002,      0.0156,      0.2099,   7959.0283,-420755.0625,   -910.0640,    559.0022,  26530.0918,
       1,     170,     171,       8,       1,       3,       1,     10.0000,      1.4138,     42.8058,    252.1695,     63.4610,      3.4953,      0.0301,     -0.0009,      0.5372,      0.1102,      5.6648,     11.3296,      0.9742,     29.5945,     59.1891,      0.0195,      0.0003,      0.0242,      0.2099,   7959.0278,-420744.0625,   -910.0638,    559.0031,  26530.0938,
       1,     170,     171,       9,       1,       3,       1,     10.0000,      1.4138,     42.8058,    252.1695,     63.4610,      3.4953,      0.1414,      0.1088,     33.1936,      0.1505,      5.6648,     11.3296,      1.3303,     29.5945,     59.1891,      0.0195,      0.0023,      0.1774,      0.2099,   7959.0283,-421086.4688,   -910.2195,    558.9791,  26530.0918,
       1,     170,     171,      10,       1,       3,       1,     10.0000,      1.4138,     42.8058,    252.1695,     63.4610,      3.4953,      0.1874,      0.1550,     30.3632,      0.1455,      5.6648,     11.3296,      1.2854,     29.5945,     59.1891,      0.0195,      0.0015,      0.2432,      0.2099,   7959.0278,-460671.5312,   -918.4332,    556.2132,  26530.0938,
       1,     170,     171,      11,       1,       3,       1,     10.0000,      1.4138,     42.8058,    252.1695,     63.4610,      3.4953,      0.1938,      0.1605,     53.0803,      0.1715,      5.6648,     11.3296,      1.5156,     29.5945,     59.1891,      0.0195,      0.0026,      0.2500,      0.2099,   7959.0283,-460607.6562,   -919.6482,    556.2244,  26530.0938,
       1,     170,     171,      12,       1,       3,       1,     10.0000,      1.4138,     42.8058,    252.1695,     63.4610,      3.4953,      0.1868,      0.1529,     72.6325,      0.1883,      5.6648,     11.3296,      1.6643,     29.5945,     59.1891,      0.0195,      0.0037,      0.2379,      0.2099,   7959.0283,-488126.5312,   -926.4114,    554.3111,  26530.0938,
       1,     170,     171,      13,       1,       3,       1,     10.0000,      1.4138,     42.8058,    252.1695,     63.4610,      3.4953,      0.1968,      0.1622,    115.8586,      0.2127,      5.6648,     11.3296,      1.8795,     29.5945,     59.1891,      0.0195,      0.0057,      0.2478,      0.2099,   7959.0283,-514165.5312,   -933.0573,    552.5103,  26530.0938,
       1,     170,     171,      14,       1,       3,       1,     10.0000,      1.4138,     42.8058,    252.1695,     63.4610,      3.4953,      0.1996,      0.1646,    133.3587,      0.2274,      5.6648,     11.3296,      2.0093,     29.5945,     59.1891,      0.0195,      0.0064,      0.2500,      0.2098,   7959.0283,-568797.6875,   -945.7364,    548.7400,  26530.0938,
       1,     170,     171,      15,       1,       3,       1,     10.0000,      1.4138,     42.8058,    252.1695,     63.4610,      3.4953,      0.1998,      0.1645,    156.8696,      0.2379,      5.6648,     11.3296,      2.1019,     29.5945,     59.1891,      0.0195,      0.0077,      0.2478,      0.2097,   7959.0283,-594685.6250,   -953.2911,    546.9772,  26530.0957,
       1,     170,     171,      16,       1,       3,       1,     10.0000,      1.4138,     42.8058,    252.1695,     63.4610,      3.4953,      0.1907,      0.1550,    195.2782,      0.2502,      5.6648,     11.3296,      2.2112,     29.5945,     59.1891,      0.0195,      0.0102,      0.2304,      0.2097,   7959.0288,-625417.3125,   -961.4823,    544.8788,  26530.0918,
       1,     170,     171,      17,       1,       3,       1,     10.0000,      1.4138,     42.8058,    252.1695,     63.4610,      3.4953,      0.1865,      0.1516,    123.1152,      0.2210,      5.6648,     11.3296,      1.9530,     29.5945,     59.1891,      0.0195,      0.0064,      0.2321,      0.2097,   7959.0278,-674697.2500,   -973.0929,    541.5264,  26530.0938,
       1,     170,     171,      18,       1,       3,       1,     10.0000,      1.4138,     42.8058,    252.1695,     63.4610,      3.4953,      0.1640,      0.1303,     68.5260,      0.1837,      5.6648,     11.3296,      1.6235,     29.5945,     59.1891,      0.0195,      0.0040,      0.2056,      0.2096,   7959.0283,-591116.4375,   -958.5056,    547.1943,  26530.0898,
       1,     170,     171,      19,       1,       3,       1,     10.0000,      1.4138,     42.8058,    252.1695,     63.4610,      3.4953,      0.0776,      0.0442,     26.8480,      0.1738,      5.6648,     11.3296,      1.5354,     29.5945,     59.1891,      0.0195,      0.0037,      0.0866,      0.2097,   7959.0273,-517852.1875,   -945.2006,    552.2354,  26530.0918,
       1,     170,     171,      20,       1,       3,       1,     10.0000,      1.4138,     42.8058,    252.1695,     63.4610,      3.4953,      0.0345,      0.0014,      6.7526,      0.1668,      5.6648,     11.3296,      1.4738,     29.5945,     59.1891,      0.0195,      0.0030,      0.0274,      0.2098,   7959.0278,-461163.0312,   -934.6023,    556.1718,  26530.0918,
       1,     170,     171,      21,       1,       3,       1,     10.0000,      1.4138,     42.8058,    252.1695,     63.4610,      3.4953,      0.0000,     -0.0328,      2.5415,      0.1577,      5.6648,     11.3296,      1.3933,     29.5945,     59.1891,      0.0195,      0.0020,      0.0156,      0.2099,   7959.0278,-432042.5312,   -929.0959,    558.2103,  26530.0918,
       1,     170,     171,      22,       1,       3,       1,     10.0000,      1.4138,     42.8058,    252.1695,     63.4610,      3.4953,      0.0000,     -0.0328,      1.8182,      0.1552,      5.6648,     11.3296,      1.3711,     29.5945,     59.1891,      0.0195,      0.0014,      0.0156,      0.2099,   7959.0278,-424474.4688,   -927.6790,    558.7422,  26530.0918,
       1,     170,     171,      23,       1,       3,       1,     10.0000,      1.4138,     42.8058,    252.1695,     63.4610,      3.4953,      0.0000,     -0.0326,      1.0880,      0.1515,      5.6648,     11.3296,      1.3383,     29.5945,     59.1891,      0.0195,      0.0008,      0.0156,      0.2099,   7959.0278,-422954.2812,   -927.4107,    558.8486,  26530.0918,
       1,     170,     171,      24,       1,       3,       1,     10.0000,      1.4138,     42.8058,    252.1695,     63.4610,      3.4953,      0.0000,     -0.0325,      0.7230,      0.1478,      5.6648,     11.3296,      1.3064,     29.5945,     59.1891,      0.0195,      0.0006,      0.0156,      0.2099,   7959.0278,-421940.9375,   -927.2277,    558.9194,  26530.0938,
       1,     170,     172,       1,       1,       3,       1,     10.0000,      1.4139,     42.8062,    252.1755,     63.4625,      3.4953,      0.0000,     -0.0323,      0.4785,      0.1421,      5.6639,     11.3278,      1.2559,     29.6032,     59.2063,      0.0195,      0.0004,      0.0156,      0.2099,   7959.0283,-421569.0625,   -927.4452,    558.9587,  26531.2871,
       1,     170,     172,       2,       1,       3,       1,     10.0000,      1.4139,     42.8062,    252.1755,     63.4625,      3.4953,      0.0000,     -0.0322,      0.6566,      0.1394,      5.6639,     11.3278,      1.2320,     29.6032,     59.2063,      0.0195,      0.0005,      0.0156,      0.2099,   7959.3862,-421088.2500,   -927.0804,    558.9922,  26531.2871,
       1,     170,     172,       3,       1,       3,       1,     10.0000,      1.4139,     42.8062,    252.1755,     63.4625,      3.4953,      0.0000,     -0.0321,      1.0308,      0.1368,      5.6639,     11.3278,      1.2085,     29.6032,     59.2063,      0.0195,      0.0008,      0.0156,      0.2099,   7959.3862,-421263.2500,   -927.1203,    558.9800,  26531.2871,
       1,     170,     172,       4,       1,       3,       1,     10.0000,      1.4139,     42.8062,    252.1755,     63.4625,      3.4953,      0.0000,     -0.0320,      1.2728,      0.1340,      5.6639,     11.3278,      1.1842,     29.6032,     59.2063,      0.0195,      0.0010,      0.0156,      0.2099,   7959.3862,-421731.3125,   -927.2214,    558.9473,  26531.2871,
       1,     170,     172,       5,       1,       3,       1,     10.0000,      1.4139,     42.8062,    252.1755,     63.4625,      3.4953,      0.0000,     -0.0319,      0.5725,      0.1329,      5.6639,     11.3278,      1.1747,     29.6032,     59.2063,      0.0195,      0.0004,      0.0156,      0.2099,   7959.3862,-422064.0000,   -927.2998,    558.9241,  26531.2871,
       1,     170,     172,       6,       1,       3,       1,     10.0000,      1.4139,     42.8062,    252.1755,     63.4625,      3.4953,      0.0000,     -0.0319,      0.3184,      0.1329,      5.6639,     11.3278,      1.1747,     29.6032,     59.2063,      0.0195,      0.0002,      0.0156,      0.2099,   7959.3862,-421244.0938,   -927.1476,    558.9813,  26531.2871,
       1,     170,     172,       7,       1,       3,       1,     10.0000,      1.4139,     42.8062,    252.1755,     63.4625,      3.4953,      0.0000,     -0.0318,      0.3114,      0.1304,      5.6639,     11.3278,      1.1522,     29.6032,     59.2063,      0.0195,      0.0002,      0.0156,      0.2099,   7959.3862,-420866.9062,   -927.0762,    559.0078,  26531.2852,
       1,     170,     172,       8,       1,       3,       1,     10.0000,      1.4139,     42.8062,    252.1755,     63.4625,      3.4953,      0.0269,     -0.0049,      0.3731,      0.1303,      5.6639,     11.3278,      1.1510,     29.6032,     59.2063,      0.0195,      0.0002,      0.0187,      0.2099,   7959.3857,-420826.7188,   -927.0704,    559.0106,  26531.2891,
       1,     170,     172,       9,       1,       3,       1,     10.0000,      1.4139,     42.8062,    252.1755,     63.4625,      3.4953,      0.1240,      0.0916,      7.8934,      0.1455,      5.6639,     11.3278,      1.2855,     29.6032,     59.2063,      0.0195,      0.0006,      0.1555,      0.2099,   7959.3872,-420897.5938,   -927.0939,    559.0056,  26531.2891,
       1,     170,     172,      10,       1,       3,       1,     10.0000,      1.4139,     42.8062,    252.1755,     63.4625,      3.4953,      0.1725,      0.1391,     36.8987,      0.1746,      5.6639,     11.3278,      1.5431,     29.6032,     59.2063,      0.0195,      0.0020,      0.2214,      0.2099,   7959.3872,-430011.5938,   -928.9358,    558.3687,  26531.2871,
       1,     170,     172,      11,       1,       3,       1,     10.0000,      1.4139,     42.8062,    252.1755,     63.4625,      3.4953,      0.1947,      0.1608,     66.1966,      0.1891,      5.6639,     11.3278,      1.6710,     29.6032,     59.2063,      0.0195,      0.0032,      0.2500,      0.2099,   7959.3862,-465917.7812,   -936.1779,    555.8630,  26531.2871,
       1,     170,     172,      12,       1,       3,       1,     10.0000,      1.4139,     42.8062,    252.1755,     63.4625,      3.4953,      0.1982,      0.1637,    112.8339,      0.2094,      5.6639,     11.3278,      1.8502,     29.6032,     59.2063,      0.0195,      0.0055,      0.2500,      0.2099,   7959.3862,-504474.6875,   -944.1110,    553.1895,  26531.2852,
       1,     170,     172,      13,       1,       3,       1,     10.0000,      1.4139,     42.8062,    252.1755,     63.4625,      3.4953,      0.1963,      0.1612,    145.4978,      0.2317,      5.6639,     11.3278,      2.0471,     29.6032,     59.2063,      0.0195,      0.0072,      0.2439,      0.2099,   7959.3857,-564294.4375,   -956.4208,    549.0595,  26531.2871,
       1,     170,     172,      14,       1,       3,       1,     10.0000,      1.4139,     42.8062,    252.1755,     63.4625,      3.4953,      0.1920,      0.1568,    140.6969,      0.2351,      5.6639,     11.3278,      2.0774,     29.6032,     59.2063,      0.0195,      0.0071,      0.2383,      0.2098,   7959.3862,-609024.5625,   -965.9919,    546.0050,  26531.2871,
       1,     170,     172,      15,       1,       3,       1,     10.0000,      1.4139,     42.8062,    252.1755,     63.4625,      3.4953,      0.1981,      0.1625,    175.8590,      0.2485,      5.6639,     11.3278,      2.1963,     29.6032,     59.2063,      0.0195,      0.0087,      0.2433,      0.2097,   7959.3862,-606972.5625,   -966.3815,    546.1534,  26531.2852,
       1,     170,     172,      16,       1,       3,       1,     10.0000,      1.4139,     42.8062,    252.1755,     63.4625,      3.4953,      0.1888,      0.1534,    139.3939,      0.2407,      5.6639,     11.3278,      2.1267,     29.6032,     59.2063,      0.0195,      0.0072,      0.2338,      0.2097,   7959.3857,-649501.4375,   -975.6291,    543.2501,  26531.2852,
       1,     170,     172,      17,       1,       3,       1,     10.0000,      1.4139,     42.8062,    252.1755,     63.4625,      3.4953,      0.1937,      0.1587,    125.6977,      0.2292,      5.6639,     11.3278,      2.0252,     29.6032,     59.2063,      0.0195,      0.0063,      0.2423,      0.2096,   7959.3857,-608789.5625,   -968.3074,    546.0224,  26531.2852,
       1,     170,     172,      18,       1,       3,       1,     10.0000,      1.4139,     42.8062,    252.1755,     63.4625,      3.4953,      0.1682,      0.1336,     97.8105,      0.2127,      5.6639,     11.3278,      1.8795,     29.6032,     59.2063,      0.0195,      0.0057,      0.2085,      0.2097,   7959.3857,-588730.8750,   -965.1785,    547.3985,  26531.2852,
       1,     170,     172,      19,       1,       3,       1,     10.0000,      1.4139,     42.8062,    252.1755,     63.4625,      3.4953,      0.0226,     -0.0107,      2.0222,      0.1715,      5.6639,     11.3278,      1.5156,     29.6032,     59.2063,      0.0195,      0.0023,      0.0106,      0.2097,   7959.3857,-553172.8750,   -958.5989,    549.8333,  26531.2852,
       1,     170,     172,      20,       1,       3,       1,     10.0000,      1.4139,     42.8062,    252.1755,     63.4625,      3.4953,      0.0104,     -0.0225,      1.4007,      0.1610,      5.6639,     11.3278,      1.4230,     29.6032,     59.2063,      0.0195,      0.0011,      0.0156,      0.2098,   7959.3857,-433945.1875,   -934.9058,    558.0331,  26531.2832,
       1,     170,     172,      21,       1,       3,       1,     10.0000,      1.4139,     42.8062,    252.1755,     63.4625,      3.4953,      0.0000,     -0.0329,      1.6856,      0.1582,      5.6639,     11.3278,      1.3975,     29.6032,     59.2063,      0.0195,      0.0013,      0.0156,      0.2099,   7959.3853,-423325.9688,   -932.7812,    558.8353,  26531.2812,
       1,     170,     172,      22,       1,       3,       1,     10.0000,      1.4139,     42.8062,    252.1755,     63.4625,      3.4953,      0.0000,     -0.0326,      1.5278,      0.1516,      5.6639,     11.3278,      1.3397,     29.6032,     59.2063,      0.0195,      0.0012,      0.0156,      0.2099,   7959.3848,-422700.4375,   -932.6527,    558.8796,  26531.2832,
       1,     170,     172,      23,       1,       3,       1,     10.0000,      1.4139,     42.8062,    252.1755,     63.4625,      3.4953,      0.0000,     -0.0326,      1.6647,      0.1519,      5.6639,     11.3278,      1.3424,     29.6032,     59.2063,      0.0195,      0.0013,      0.0156,      0.2099,   7959.3853,-422455.2188,   -932.5994,    558.8967,  26531.2832,
       1,     170,     172,      24,       1,       3,       1,     10.0000,      1.4139,     42.8062,    252.1755,     63.4625,      3.4953,      0.0000,     -0.0326,      1.1562,      0.1516,      5.6639,     11.3278,      1.3397,     29.6032,     59.2063,      0.0195,      0.0009,      0.0156,      0.2099,   7959.3853,-422600.5000,   -932.6251,    558.8867,  26531.2832,
       1,     170,     173,       1,       1,       3,       1,     10.0000,      1.4139,     42.8065,    252.1815,     63.4640,      3.4953,      0.0000,     -0.0324,      0.9389,      0.1444,      5.6641,     11.3281,      1.2764,     29.6091,     59.2181,      0.0195,      0.0007,      0.0156,      0.2100,   7959.3853,-422153.3125,   -932.8253,    558.9310,  26532.4805,
       1,     170,     173,       2,       1,       3,       1,     10.0000,      1.4139,     42.8065,    252.1815,     63.4640,      3.4953,      0.0000,     -0.0323,      0.4128,      0.1418,      5.6641,     11.3281,      1.2534,     29.6091,     59.2181,      0.0195,      0.0003,      0.0156,      0.2100,   7959.7446,-421698.7188,   -932.4466,    558.9628,  26532.4805,
       1,     170,     173,       3,       1,       3,       1,     10.0000,      1.4139,     42.8065,    252.1815,     63.4640,      3.4953,      0.0000,     -0.0320,      0.4646,      0.1357,      5.6641,     11.3281,      1.1988,     29.6091,     59.2181,      0.0195,      0.0004,      0.0156,      0.2100,   7959.7446,-421023.0625,   -932.3126,    559.0100,  26532.4805,
       1,     170,     173,       4,       1,       3,       1,     10.0000,      1.4139,     42.8065,    252.1815,     63.4640,      3.4953,      0.0000,     -0.0322,      0.3494,      0.1396,      5.6641,     11.3281,      1.2333,     29.6091,     59.2181,      0.0195,      0.0003,      0.0156,      0.2100,   7959.7446,-421028.6250,   -932.3139,    559.0096,  26532.4805,
       1,     170,     173,       5,       1,       3,       1,     10.0000,      1.4139,     42.8065,    252.1815,     63.4640,      3.4953,      0.0000,     -0.0319,      0.6089,      0.1327,      5.6641,     11.3281,      1.1723,     29.6091,     59.2181,      0.0195,      0.0005,      0.0156,      0.2100,   7959.7446,-420889.7188,   -932.2872,    559.0193,  26532.4824,
       1,     170,     173,       6,       1,       3,       1,     10.0000,      1.4139,     42.8065,    252.1815,     63.4640,      3.4953,      0.0000,     -0.0320,      0.5256,      0.1351,      5.6641,     11.3281,      1.1939,     29.6091,     59.2181,      0.0195,      0.0004,      0.0156,      0.2100,   7959.7451,-421191.8438,   -932.3469,    558.9983,  26532.4805,
       1,     170,     173,       7,       1,       3,       1,     10.0000,      1.4139,     42.8065,    252.1815,     63.4640,      3.4953,      0.0000,     -0.0320,      0.3251,      0.1354,      5.6641,     11.3281,      1.1963,     29.6091,     59.2181,      0.0195,      0.0003,      0.0156,      0.2100,   7959.7446,-421116.8438,   -932.3326,    559.0035,  26532.4805,
       1,     170,     173,       8,       1,       3,       1,     10.0000,      1.4139,     42.8065,    252.1815,     63.4640,      3.4953,      0.0093,     -0.0228,      0.3270,      0.1361,      5.6641,     11.3281,      1.2024,     29.6091,     59.2181,      0.0195,      0.0003,      0.0156,      0.2100,   7959.7446,-420867.6250,   -932.2840,    559.0209,  26532.4805,
       1,     170,     173,       9,       1,       3,       1,     10.0000,      1.4139,     42.8065,    252.1815,     63.4640,      3.4953,      0.1383,      0.1059,      4.6825,      0.1442,      5.6641,     11.3281,      1.2739,     29.6091,     59.2181,      0.0195,      0.0003,      0.1762,      0.2100,   7959.7446,-420848.8125,   -932.2778,    559.0222,  26532.4805,
       1,     170,     173,      10,       1,       3,       1,     10.0000,      1.4139,     42.8065,    252.1815,     63.4640,      3.4953,      0.1835,      0.1497,     53.5693,      0.1869,      5.6641,     11.3281,      1.6512,     29.6091,     59.2181,      0.0195,      0.0028,      0.2353,      0.2100,   7959.7446,-426121.7812,   -933.3174,    558.6537,  26532.4805,
       1,     170,     173,      11,       1,       3,       1,     10.0000,      1.4139,     42.8065,    252.1815,     63.4640,      3.4953,      0.1880,      0.1538,     72.1703,      0.1999,      5.6641,     11.3281,      1.7663,     29.6091,     59.2181,      0.0195,      0.0036,      0.2398,      0.2100,   7959.7446,-485773.6562,   -945.3333,    554.4883,  26532.4805,
       1,     170,     173,      12,       1,       3,       1,     10.0000,      1.4139,     42.8065,    252.1815,     63.4640,      3.4953,      0.1928,      0.1583,     92.3791,      0.2104,      5.6641,     11.3281,      1.8593,     29.6091,     59.2181,      0.0195,      0.0046,      0.2446,      0.2099,   7959.7446,-513405.4375,   -951.0270,    552.5886,  26532.4805,
       1,     170,     173,      13,       1,       3,       1,     10.0000,      1.4139,     42.8065,    252.1815,     63.4640,      3.4953,      0.1980,      0.1632,    112.3201,      0.2223,      5.6641,     11.3281,      1.9646,     29.6091,     59.2181,      0.0195,      0.0054,      0.2500,      0.2099,   7959.7446,-540232.5625,   -956.6480,    550.7388,  26532.4805,
       1,     170,     173,      14,       1,       3,       1,     10.0000,      1.4139,     42.8065,    252.1815,     63.4640,      3.4953,      0.1979,      0.1628,    114.8657,      0.2299,      5.6641,     11.3281,      2.0312,     29.6091,     59.2181,      0.0195,      0.0056,      0.2496,      0.2098,   7959.7446,-566690.8750,   -962.2603,    548.9204,  26532.4785,
       1,     170,     173,      15,       1,       3,       1,     10.0000,      1.4139,     42.8065,    252.1815,     63.4640,      3.4953,      0.1977,      0.1629,    107.8387,      0.2206,      5.6641,     11.3281,      1.9492,     29.6091,     59.2181,      0.0195,      0.0052,      0.2500,      0.2098,   7959.7437,-572015.4375,   -963.6860,    548.5581,  26532.4805,
       1,     170,     173,      16,       1,       3,       1,     10.0000,      1.4139,     42.8065,    252.1815,     63.4640,      3.4953,      0.1953,      0.1608,     85.6842,      0.2100,      5.6641,     11.3281,      1.8557,     29.6091,     59.2181,      0.0195,      0.0042,      0.2490,      0.2098,   7959.7446,-563931.0625,   -962.3868,    549.1126,  26532.4805,
       1,     170,     173,      17,       1,       3,       1,     10.0000,      1.4139,     42.8065,    252.1815,     63.4640,      3.4953,      0.1912,      0.1566,     83.6320,      0.2117,      5.6641,     11.3281,      1.8704,     29.6091,     59.2181,      0.0195,      0.0042,      0.2433,      0.2098,   7959.7446,-536362.5000,   -957.0741,    551.0051,  26532.4805,
       1,     170,     173,      18,       1,       3,       1,     10.0000,      1.4139,     42.8065,    252.1815,     63.4640,      3.4953,      0.1615,      0.1272,     63.6297,      0.2013,      5.6641,     11.3281,      1.7786,     29.6091,     59.2181,      0.0195,      0.0038,      0.2026,      0.2098,   7959.7446,-531561.3750,   -956.3324,    551.3391,  26532.4766,
       1,     170,     173,      19,       1,       3,       1,     10.0000,      1.4139,     42.8065,    252.1815,     63.4640,      3.4953,      0.0802,      0.0464,     20.1742,      0.1854,      5.6641,     11.3281,      1.6381,     29.6091,     59.2181,      0.0195,      0.0027,      0.0908,      0.2099,   7959.7432,-506890.7188,   -951.5187,    553.0394,  26532.4805,
       1,     170,     173,      20,       1,       3,       1,     10.0000,      1.4139,     42.8065,    252.1815,     63.4640,      3.4953,      0.0358,      0.0023,      4.9991,      0.1781,      5.6641,     11.3281,      1.5742,     29.6091,     59.2181,      0.0195,      0.0021,      0.0290,      0.2099,   7959.7446,-452128.3750,   -940.4164,    556.8277,  26532.4785,
       1,     170,     173,      21,       1,       3,       1,     10.0000,      1.4139,     42.8065,    252.1815,     63.4640,      3.4953,      0.0000,     -0.0334,      2.0487,      0.1727,      5.6641,     11.3281,      1.5263,     29.6091,     59.2181,      0.0195,      0.0016,      0.0156,      0.2099,   7959.7437,-429161.3125,   -935.7061,    558.4393,  26532.4785,
       1,     170,     173,      22,       1,       3,       1,     10.0000,      1.4139,     42.8065,    252.1815,     63.4640,      3.4953,      0.0000,     -0.0332,      1.3440,      0.1668,      5.6641,     11.3281,      1.4738,     29.6091,     59.2181,      0.0195,      0.0010,      0.0156,      0.2100,   7959.7437,-423638.2812,   -934.5612,    558.8271,  26532.4766,
       1,     170,     173,      23,       1,       3,       1,     10.0000,      1.4139,     42.8065,    252.1815,     63.4640,      3.4953,      0.0000,     -0.0331,      1.5177,      0.1660,      5.6641,     11.3281,      1.4665,     29.6091,     59.2181,      0.0195,      0.0012,      0.0156,      0.2100,   7959.7432,-422315.5938,   -934.2831,    558.9197,  26532.4746,
       1,     170,     173,      24,       1,       3,       1,     10.0000,      1.4139,     42.8065,    252.1815,     63.4640,      3.4953,      0.0000,     -0.0332,      2.1044,      0.1675,      5.6641,     11.3281,      1.4797,     29.6091,     59.2181,      0.0195,      0.0016,      0.0156,      0.2100,   7959.7427,-422414.0625,   -934.2923,    558.9128,  26532.4785,
       1,     170,     174,       1,       1,       3,       1,     10.0000,      1.4139,     42.8069,    252.1875,     63.4655,      3.4953,      0.0000,     -0.0330,      1.2779,      0.1606,      5.6633,     11.3266,      1.4188,     29.6169,     59.2338,      0.0195,      0.0010,      0.0156,      0.2100,   7959.7437,-423288.4688,   -934.7506,    558.8649,  26533.6699,
       1,     170,     174,       2,       1,       3,       1,     10.0000,      1.4139,     42.8069,    252.1875,     63.4655,      3.4953,      0.0000,     -0.0327,      0.5213,      0.1525,      5.6633,     11.3266,      1.3479,     29.6169,     59.2338,      0.0195,      0.0004,      0.0156,      0.2100,   7960.1011,-422208.7188,   -934.2287,    558.9402,  26533.6719,
       1,     170,     174,       3,       1,       3,       1,     10.0000,      1.4139,     42.8069,    252.1875,     63.4655,      3.4953,      0.0000,     -0.0324,      0.3595,      0.1459,      5.6633,     11.3266,      1.2894,     29.6169,     59.2338,      0.0195,      0.0003,      0.0156,      0.2100,   7960.1021,-421200.9375,   -934.0208,    559.0107,  26533.6719,
       1,     170,     174,       4,       1,       3,       1,     10.0000,      1.4139,     42.8069,    252.1875,     63.4655,      3.4953,      0.0000,     -0.0325,      0.4086,      0.1465,      5.6633,     11.3266,      1.2946,     29.6169,     59.2338,      0.0195,      0.0003,      0.0156,      0.2100,   7960.1021,-420919.6562,   -933.9640,    559.0303,  26533.6719,
       1,     170,     174,       5,       1,       3,       1,     10.0000,      1.4139,     42.8069,    252.1875,     63.4655,      3.4953,      0.0000,     -0.0324,      0.3915,      0.1452,      5.6633,     11.3266,      1.2829,     29.6169,     59.2338,      0.0195,      0.0003,      0.0156,      0.2100,   7960.1021,-420955.5312,   -933.9717,    559.0279,  26533.6738,
       1,     170,     174,       6,       1,       3,       1,     10.0000,      1.4139,     42.8069,    252.1875,     63.4655,      3.4953,      0.0000,     -0.0320,      0.6324,      0.1354,      5.6633,     11.3266,      1.1964,     29.6169,     59.2338,      0.0195,      0.0005,      0.0156,      0.2100,   7960.1025,-420937.4688,   -933.9683,    559.0291,  26533.6719,
       1,     170,     174,       7,       1,       3,       1,     10.0000,      1.4139,     42.8069,    252.1875,     63.4655,      3.4953,      0.0000,     -0.0320,      0.3831,      0.1337,      5.6633,     11.3266,      1.1819,     29.6169,     59.2338,      0.0195,      0.0003,      0.0156,      0.2100,   7960.1021,-421228.0000,   -934.0259,    559.0088,  26533.6719,
       1,     170,     174,       8,       1,       3,       1,     10.0000,      1.4139,     42.8069,    252.1875,     63.4655,      3.4953,      0.0296,     -0.0025,      0.4694,      0.1372,      5.6633,     11.3266,      1.2123,     29.6169,     59.2338,      0.0195,      0.0003,      0.0222,      0.2100,   7960.1021,-420950.6875,   -933.9692,    559.0282,  26533.6719,
       1,     170,     174,       9,       1,       3,       1,     10.0000,      1.4139,     42.8069,    252.1875,     63.4655,      3.4953,      0.1131,      0.0806,      4.5625,      0.1484,      5.6633,     11.3266,      1.3117,     29.6169,     59.2338,      0.0195,      0.0004,      0.1402,      0.2100,   7960.1021,-421031.7188,   -933.9706,    559.0226,  26533.6699,
       1,     170,     174,      10,       1,       3,       1,     10.0000,      1.4139,     42.8069,    252.1875,     63.4655,      3.4953,      0.1480,      0.1148,     20.2659,      0.1668,      5.6633,     11.3266,      1.4739,     29.6169,     59.2338,      0.0195,      0.0013,      0.1882,      0.2100,   7960.1011,-425994.8125,   -934.9431,    558.6757,  26533.6738,
       1,     170,     174,      11,       1,       3,       1,     10.0000,      1.4139,     42.8069,    252.1875,     63.4655,      3.4953,      0.1452,      0.1117,     27.1295,      0.1780,      5.6633,     11.3266,      1.5727,     29.6169,     59.2338,      0.0195,      0.0018,      0.1833,      0.2100,   7960.1025,-445430.2812,   -938.9099,    557.3185,  26533.6719,
       1,     170,     174,      12,       1,       3,       1,     10.0000,      1.4139,     42.8069,    252.1875,     63.4655,      3.4953,      0.1824,      0.1484,     48.7954,      0.1916,      5.6633,     11.3266,      1.6927,     29.6169,     59.2338,      0.0195,      0.0025,      0.2343,      0.2100,   7960.1021,-455391.9375,   -940.9502,    556.6263,  26533.6719,
       1,     170,     174,      13,       1,       3,       1,     10.0000,      1.4139,     42.8069,    252.1875,     63.4655,      3.4953,      0.1891,      0.1547,     65.2550,      0.2045,      5.6633,     11.3266,      1.8070,     29.6169,     59.2338,      0.0195,      0.0033,      0.2422,      0.2100,   7960.1021,-482479.5312,   -946.5258,    554.7419,  26533.6719,
       1,     170,     174,      14,       1,       3,       1,     10.0000,      1.4139,     42.8069,    252.1875,     63.4655,      3.4953,      0.1569,      0.1227,     49.2330,      0.2003,      5.6633,     11.3266,      1.7699,     29.6169,     59.2338,      0.0195,      0.0030,      0.1976,      0.2099,   7960.1021,-504722.5312,   -951.1851,    553.2027,  26533.6719,
       1,     170,     174,      15,       1,       3,       1,     10.0000,      1.4139,     42.8069,    252.1875,     63.4655,      3.4953,      0.1045,      0.0712,     11.2009,      0.1708,      5.6633,     11.3266,      1.5097,     29.6169,     59.2338,      0.0195,      0.0011,      0.1269,      0.2099,   7960.1021,-487176.2812,   -941.7838,    554.4182,  26533.6719,
       1,     170,     174,      16,       1,       3,       1,     10.0000,      1.4139,     42.8069,    252.1875,     63.4655,      3.4953,      0.0615,      0.0286,      3.0174,      0.1604,      5.6633,     11.3266,      1.4174,     29.6169,     59.2338,      0.0195,      0.0005,      0.0666,      0.2099,   7960.1021,-439603.0625,   -914.6462,    557.7165,  26533.6504,
       1,     170,     174,      17,       1,       3,       1,     10.0000,      1.4139,     42.8069,    252.1875,     63.4655,      3.4953,      0.0102,     -0.0217,      0.3862,      0.1307,      5.6633,     11.3266,      1.1546,     29.6169,     59.2338,      0.0195,      0.0003,      0.0156,      0.2100,   7960.0952,-425707.0312,   -911.1740,    558.6950,  26533.6797,
       1,     170,     174,      18,       1,       3,       1,     10.0000,      1.4139,     42.8069,    252.1875,     63.4655,      3.4953,      0.0073,     -0.0235,      0.2425,      0.1047,      5.6633,     11.3266,      0.9254,     29.6169,     59.2338,      0.0195,      0.0002,      0.0156,      0.2100,   7960.1040,-421333.3438,   -910.1973,    559.0014,  26533.6797,
       1,     170,     174,      19,       1,       3,       1,     10.0000,      1.4139,     42.8069,    252.1875,     63.4655,      3.4953,      0.0110,     -0.0200,      0.2578,      0.1105,      5.6633,     11.3266,      0.9763,     29.6169,     59.2338,      0.0195,      0.0002,      0.0156,      0.2100,   7960.1040,-420788.4062,   -910.1132,    559.0396,  26533.6797,
       1,     170,     174,      20,       1,       3,       1,     10.0000,      1.4139,     42.8069,    252.1875,     63.4655,      3.4953,      0.0065,     -0.0247,      0.2692,      0.1148,      5.6633,     11.3266,      1.0141,     29.6169,     59.2338,      0.0195,      0.0002,      0.0156,      0.2100,   7960.1040,-420760.7188,   -910.1404,    559.0415,  26533.6797,
       1,     170,     174,      21,       1,       3,       1,     10.0000,      1.4139,     42.8069,    252.1875,     63.4655,      3.4953,      0.0000,     -0.0312,      0.2692,      0.1148,      5.6633,     11.3266,      1.0141,     29.6169,     59.2338,      0.0195,      0.0002,      0.0156,      0.2100,   7960.1040,-420772.1875,   -910.1570,    559.0407,  26533.6777,
       1,     170,     174,      22,       1,       3,       1,     10.0000,      1.4139,     42.8069,    252.1875,     63.4655,      3.4953,      0.0000,     -0.0312,      0.2852,      0.1148,      5.6633,     11.3266,      1.0141,     29.6169,     59.2338,      0.0195,      0.0002,      0.0156,      0.2100,   7960.1035,-420773.4688,   -910.1593,    559.0406,  26533.6797,
       1,     170,     174,      23,       1,       3,       1,     10.0000,      1.4139,     42.8069,    252.1875,     63.4655,      3.4953,      0.0000,     -0.0313,      0.5450,      0.1180,      5.6633,     11.3266,      1.0426,     29.6169,     59.2338,      0.0195,      0.0004,      0.0156,      0.2100,   7960.1040,-420792.6875,   -910.1656,    559.0392,  26533.6797,
       1,     170,     174,      24,       1,       3,       1,     10.0000,      1.4139,     42.8069,    252.1875,     63.4655,      3.4953,      0.0000,     -0.0315,      0.3638,      0.1218,      5.6633,     11.3266,      1.0762,     29.6169,     59.2338,      0.0195,      0.0003,      0.0156,      0.2100,   7960.1040,-421108.8438,   -910.2526,    559.0172,  26533.6797,
       1,     170,     175,       1,       1,       3,       1,     10.0000,      1.4139,     42.8072,    252.1935,     63.4670,      3.4953,      0.0000,     -0.0317,      0.3011,      0.1266,      5.6657,     11.3313,      1.1187,     29.6056,     59.2112,      0.0195,      0.0002,      0.0156,      0.2100,   7960.1040,-421072.7188,   -910.5164,    559.0331,  26534.8730,
       1,     170,     175,       2,       1,       3,       1,     10.0000,      1.4139,     42.8072,    252.1935,     63.4670,      3.4953,      0.0000,     -0.0317,      0.3011,      0.1266,      5.6657,     11.3313,      1.1187,     29.6056,     59.2112,      0.0195,      0.0002,      0.0156,      0.2100,   7960.4624,-420840.2188,   -910.2186,    559.0494,  26534.8730,
       1,     170,     175,       3,       1,       3,       1,     10.0000,      1.4139,     42.8072,    252.1935,     63.4670,      3.4953,      0.0000,     -0.0318,      0.3227,      0.1300,      5.6657,     11.3313,      1.1488,     29.6056,     59.2112,      0.0195,      0.0003,      0.0156,      0.2100,   7960.4624,-420820.5625,   -910.2167,    559.0508,  26534.8730,
       1,     170,     175,       4,       1,       3,       1,     10.0000,      1.4139,     42.8072,    252.1935,     63.4670,      3.4953,      0.0000,     -0.0318,      0.3111,      0.1303,      5.6657,     11.3313,      1.1511,     29.6056,     59.2112,      0.0195,      0.0002,      0.0156,      0.2100,   7960.4624,-420844.9375,   -910.2237,    559.0490,  26534.8730,
       1,     170,     175,       5,       1,       3,       1,     10.0000,      1.4139,     42.8072,    252.1935,     63.4670,      3.4953,      0.0000,     -0.0319,      0.3166,      0.1323,      5.6657,     11.3313,      1.1688,     29.6056,     59.2112,      0.0195,      0.0002,      0.0156,      0.2100,   7960.4624,-420833.1250,   -910.0760,    559.0499,  26534.8730,
       1,     170,     175,       6,       1,       3,       1,     10.0000,      1.4139,     42.8072,    252.1935,     63.4670,      3.4953,      0.0000,     -0.0319,      0.4051,      0.1312,      5.6657,     11.3313,      1.1593,     29.6056,     59.2112,      0.0195,      0.0003,      0.0156,      0.2100,   7960.4624,-420838.6562,   -910.0787,    559.0495,  26534.8750,
       1,     170,     175,       7,       1,       3,       1,     10.0000,      1.4139,     42.8072,    252.1935,     63.4670,      3.4953,      0.0000,     -0.0319,      0.3140,      0.1313,      5.6657,     11.3313,      1.1605,     29.6056,     59.2112,      0.0195,      0.0002,      0.0156,      0.2100,   7960.4629,-420946.1562,   -910.1095,    559.0419,  26534.8730,
       1,     170,     175,       8,       1,       3,       1,     10.0000,      1.4139,     42.8072,    252.1935,     63.4670,      3.4953,      0.0078,     -0.0241,      0.3169,      0.1324,      5.6657,     11.3313,      1.1700,     29.6056,     59.2112,      0.0195,      0.0002,      0.0156,      0.2100,   7960.4624,-420845.1875,   -910.0932,    559.0491,  26534.8750,
       1,     170,     175,       9,       1,       3,       1,     10.0000,      1.4139,     42.8072,    252.1935,     63.4670,      3.4953,      0.0710,      0.0388,      1.7270,      0.1383,      5.6657,     11.3313,      1.2221,     29.6056,     59.2112,      0.0195,      0.0003,      0.0809,      0.2100,   7960.4629,-420839.9375,   -910.1296,    559.0494,  26534.8711,
       1,     170,     175,      10,       1,       3,       1,     10.0000,      1.4139,     42.8072,    252.1935,     63.4670,      3.4953,      0.1096,      0.0772,      3.9612,      0.1474,      5.6657,     11.3313,      1.3025,     29.6056,     59.2112,      0.0195,      0.0004,      0.1354,      0.2100,   7960.4614,-422547.0000,   -910.7328,    558.9301,  26534.8711,
       1,     170,     175,      11,       1,       3,       1,     10.0000,      1.4139,     42.8072,    252.1935,     63.4670,      3.4953,      0.1226,      0.0898,      8.2156,      0.1564,      5.6657,     11.3313,      1.3823,     29.6056,     59.2112,      0.0195,      0.0006,      0.1533,      0.2100,   7960.4614,-425396.4375,   -911.7626,    558.7310,  26534.8730,
       1,     170,     175,      12,       1,       3,       1,     10.0000,      1.4139,     42.8072,    252.1935,     63.4670,      3.4953,      0.1105,      0.0776,      9.8199,      0.1596,      5.6657,     11.3313,      1.4103,     29.6056,     59.2112,      0.0195,      0.0009,      0.1358,      0.2100,   7960.4624,-430788.5938,   -913.3356,    558.3544,  26534.8730,
       1,     170,     175,      13,       1,       3,       1,     10.0000,      1.4139,     42.8072,    252.1935,     63.4670,      3.4953,      0.1612,      0.1278,     27.4904,      0.1746,      5.6657,     11.3313,      1.5432,     29.6056,     59.2112,      0.0195,      0.0016,      0.2062,      0.2100,   7960.4624,-433187.5000,   -914.3638,    558.1871,  26534.8730,
       1,     170,     175,      14,       1,       3,       1,     10.0000,      1.4139,     42.8072,    252.1935,     63.4670,      3.4953,      0.1777,      0.1439,     44.8239,      0.1876,      5.6657,     11.3313,      1.6579,     29.6056,     59.2112,      0.0195,      0.0024,      0.2281,      0.2100,   7960.4624,-454787.6250,   -919.3951,    556.6801,  26534.8730,
       1,     170,     175,      15,       1,       3,       1,     10.0000,      1.4139,     42.8072,    252.1935,     63.4670,      3.4953,      0.1815,      0.1472,     59.9273,      0.2025,      5.6657,     11.3313,      1.7892,     29.6056,     59.2112,      0.0195,      0.0031,      0.2319,      0.2100,   7960.4624,-477614.5000,   -925.0192,    555.0936,  26534.8750,
       1,     170,     175,      16,       1,       3,       1,     10.0000,      1.4139,     42.8072,    252.1935,     63.4670,      3.4953,      0.1714,      0.1369,     70.7353,      0.2098,      5.6657,     11.3313,      1.8539,     29.6056,     59.2112,      0.0195,      0.0040,      0.2162,      0.2100,   7960.4629,-497845.9688,   -930.4150,    553.6922,  26534.8711,
       1,     170,     175,      17,       1,       3,       1,     10.0000,      1.4139,     42.8072,    252.1935,     63.4670,      3.4953,      0.1455,      0.1112,     46.5998,      0.2029,      5.6657,     11.3313,      1.7928,     29.6056,     59.2112,      0.0195,      0.0031,      0.1815,      0.2099,   7960.4614,-512654.8438,   -934.6519,    552.6690,  26534.8711,
       1,     170,     175,      18,       1,       3,       1,     10.0000,      1.4139,     42.8072,    252.1935,     63.4670,      3.4953,      0.0551,      0.0218,      7.2418,      0.1697,      5.6657,     11.3313,      1.4992,     29.6056,     59.2112,      0.0195,      0.0015,      0.0566,      0.2099,   7960.4614,-484642.5312,   -922.9094,    554.6051,  26534.8730,
       1,     170,     175,      19,       1,       3,       1,     10.0000,      1.4139,     42.8072,    252.1935,     63.4670,      3.4953,      0.0064,     -0.0254,      0.4679,      0.1279,      5.6657,     11.3313,      1.1302,     29.6056,     59.2112,      0.0195,      0.0004,      0.0156,      0.2100,   7960.4624,-434595.8438,   -912.9647,    558.0781,  26534.8730,
       1,     170,     175,      20,       1,       3,       1,     10.0000,      1.4139,     42.8072,    252.1935,     63.4670,      3.4953,      0.0051,     -0.0267,      0.3216,      0.1296,      5.6657,     11.3313,      1.1453,     29.6056,     59.2112,      0.0195,      0.0002,      0.0156,      0.2100,   7960.4624,-422197.6562,   -910.7747,    558.9539,  26534.8750,
       1,     170,     175,      21,       1,       3,       1,     10.0000,      1.4139,     42.8072,    252.1935,     63.4670,      3.4953,      0.0000,     -0.0321,      0.3637,      0.1357,      5.6657,     11.3313,      1.1988,     29.6056,     59.2112,      0.0195,      0.0003,      0.0156,      0.2100,   7960.4629,-420960.7812,   -910.5715,    559.0410,  26534.8730,
       1,     170,     175,      22,       1,       3,       1,     10.0000,      1.4139,     42.8072,    252.1935,     63.4670,      3.4953,      0.0000,     -0.0321,      0.3308,      0.1375,      5.6657,     11.3313,      1.2147,     29.6056,     59.2112,      0.0195,      0.0003,      0.0156,      0.2100,   7960.4624,-420906.5312,   -910.5671,    559.0447,  26534.8730,
       1,     170,     175,      23,       1,       3,       1,     10.0000,      1.4139,     42.8072,    252.1935,     63.4670,      3.4953,      0.0000,     -0.0323,      0.3461,      0.1430,      5.6657,     11.3313,      1.2637,     29.6056,     59.2112,      0.0195,      0.0003,      0.0156,      0.2100,   7960.4624,-420862.1562,   -910.0814,    559.0479,  26534.8750,
       1,     170,     175,      24,       1,       3,       1,     10.0000,      1.4139,     42.8072,    252.1935,     63.4670,      3.4953,      0.0000,     -0.0317,      0.6951,      0.1270,      5.6657,     11.3313,      1.1222,     29.6056,     59.2112,      0.0195,      0.0005,      0.0156,      0.2100,   7960.4629,-420876.7500,   -910.0855,    559.0468,  26534.8750,
       1,     170,     176,       1,       1,       3,       1,     10.0000,      1.4140,     42.8075,    252.1994,     63.4685,      3.4953,      0.0000,     -0.0316,      0.3041,      0.1233,      5.6650,     11.3299,      1.0895,     29.5979,     59.1957,      0.0195,      0.0002,      0.0156,      0.2101,   7960.4629,-421457.2812,   -910.5038,    559.0195,  26536.0703,
       1,     170,     176,       2,       1,       3,       1,     10.0000,      1.4140,     42.8075,    252.1994,     63.4685,      3.4953,      0.0000,     -0.0318,      0.5582,      0.1292,      5.6650,     11.3299,      1.1418,     29.5979,     59.1957,      0.0195,      0.0004,      0.0156,      0.2101,   7960.8213,-420879.3750,   -910.1454,    559.0599,  26536.0703,
       1,     170,     176,       3,       1,       3,       1,     10.0000,      1.4140,     42.8075,    252.1994,     63.4685,      3.4953,      0.0000,     -0.0321,      0.4024,      0.1359,      5.6650,     11.3299,      1.2013,     29.5979,     59.1957,      0.0195,      0.0003,      0.0156,      0.2101,   7960.8213,-421138.1250,   -910.2204,    559.0418,  26536.0703,
       1,     170,     176,       4,       1,       3,       1,     10.0000,      1.4140,     42.8075,    252.1994,     63.4685,      3.4953,      0.0000,     -0.0320,      0.3255,      0.1355,      5.6650,     11.3299,      1.1976,     29.5979,     59.1957,      0.0195,      0.0003,      0.0156,      0.2101,   7960.8213,-420971.4688,   -910.2015,    559.0535,  26536.0703,
       1,     170,     176,       5,       1,       3,       1,     10.0000,      1.4140,     42.8075,    252.1994,     63.4685,      3.4953,      0.0000,     -0.0322,      0.3335,      0.1384,      5.6650,     11.3299,      1.2234,     29.5979,     59.1957,      0.0195,      0.0003,      0.0156,      0.2101,   7960.8213,-420864.2500,   -910.1836,    559.0610,  26536.0703,
       1,     170,     176,       6,       1,       3,       1,     10.0000,      1.4140,     42.8075,    252.1994,     63.4685,      3.4953,      0.0000,     -0.0322,      0.3351,      0.1390,      5.6650,     11.3299,      1.2284,     29.5979,     59.1957,      0.0195,      0.0003,      0.0156,      0.2101,   7960.8213,-420864.8750,   -910.1852,    559.0609,  26536.0703,
       1,     170,     176,       7,       1,       3,       1,     10.0000,      1.4140,     42.8075,    252.1994,     63.4685,      3.4953,      0.0000,     -0.0321,      0.3270,      0.1361,      5.6650,     11.3299,      1.2025,     29.5979,     59.1957,      0.0195,      0.0003,      0.0156,      0.2101,   7960.8213,-420866.8438,   -910.1873,    559.0608,  26536.0703,
       1,     170,     176,       8,       1,       3,       1,     10.0000,      1.4140,     42.8075,    252.1994,     63.4685,      3.4953,      0.0067,     -0.0253,      0.3255,      0.1355,      5.6650,     11.3299,      1.1976,     29.5979,     59.1957,      0.0195,      0.0003,      0.0156,      0.2101,   7960.8213,-420857.2812,   -910.1871,    559.0615,  26536.0703,
       1,     170,     176,       9,       1,       3,       1,     10.0000,      1.4140,     42.8075,    252.1994,     63.4685,      3.4953,      0.0323,      0.0001,      0.5571,      0.1390,      5.6650,     11.3299,      1.2284,     29.5979,     59.1957,      0.0195,      0.0003,      0.0259,      0.2101,   7960.8213,-420854.5000,   -910.2115,    559.0616,  26536.0684,
       1,     170,     176,      10,       1,       3,       1,     10.0000,      1.4140,     42.8075,    252.1994,     63.4685,      3.4953,      0.0987,      0.0664,      6.8796,      0.1430,      5.6650,     11.3299,      1.2637,     29.5979,     59.1957,      0.0195,      0.0007,      0.1196,      0.2101,   7960.8208,-421134.8438,   -910.2347,    559.0421,  26536.0703,
       1,     170,     176,      11,       1,       3,       1,     10.0000,      1.4140,     42.8075,    252.1994,     63.4685,      3.4953,      0.1342,      0.1015,     21.9377,      0.1524,      5.6650,     11.3299,      1.3466,     29.5979,     59.1957,      0.0195,      0.0016,      0.1683,      0.2101,   7960.8213,-428812.2500,   -912.0505,    558.5056,  26536.0723,
       1,     170,     176,      12,       1,       3,       1,     10.0000,      1.4140,     42.8075,    252.1994,     63.4685,      3.4953,      0.1671,      0.1339,     37.8476,      0.1691,      5.6650,     11.3299,      1.4947,     29.5979,     59.1957,      0.0195,      0.0021,      0.2135,      0.2100,   7960.8218,-447692.7500,   -916.3578,    557.1877,  26536.0723,
       1,     170,     176,      13,       1,       3,       1,     10.0000,      1.4140,     42.8075,    252.1994,     63.4685,      3.4953,      0.1635,      0.1299,     38.2581,      0.1789,      5.6650,     11.3299,      1.5806,     29.5979,     59.1957,      0.0195,      0.0022,      0.2083,      0.2100,   7960.8218,-468559.6875,   -921.5717,    555.7359,  26536.0684,
       1,     170,     176,      14,       1,       3,       1,     10.0000,      1.4140,     42.8075,    252.1994,     63.4685,      3.4953,      0.1762,      0.1423,     58.8406,      0.1876,      5.6650,     11.3299,      1.6579,     29.5979,     59.1957,      0.0195,      0.0032,      0.2242,      0.2100,   7960.8208,-470822.6875,   -923.3237,    555.5806,  26536.0703,
       1,     170,     176,      15,       1,       3,       1,     10.0000,      1.4140,     42.8075,    252.1994,     63.4685,      3.4953,      0.1647,      0.1308,     57.9456,      0.1918,      5.6650,     11.3299,      1.6945,     29.5979,     59.1957,      0.0195,      0.0034,      0.2079,      0.2100,   7960.8213,-495945.5938,   -929.4549,    553.8359,  26536.0703,
       1,     170,     176,      16,       1,       3,       1,     10.0000,      1.4140,     42.8075,    252.1994,     63.4685,      3.4953,      0.1706,      0.1367,     55.0305,      0.1886,      5.6650,     11.3299,      1.6662,     29.5979,     59.1957,      0.0195,      0.0031,      0.2166,      0.2100,   7960.8213,-496987.6562,   -930.9813,    553.7665,  26536.0703,
       1,     170,     176,      17,       1,       3,       1,     10.0000,      1.4140,     42.8075,    252.1994,     63.4685,      3.4953,      0.1560,      0.1222,     47.3644,      0.1865,      5.6650,     11.3299,      1.6481,     29.5979,     59.1957,      0.0195,      0.0029,      0.1965,      0.2100,   7960.8213,-493539.3125,   -931.4952,    554.0052,  26536.0703,
       1,     170,     176,      18,       1,       3,       1,     10.0000,      1.4140,     42.8075,    252.1994,     63.4685,      3.4953,      0.1511,      0.1176,     38.9971,      0.1750,      5.6650,     11.3299,      1.5463,     29.5979,     59.1957,      0.0195,      0.0025,      0.1904,      0.2100,   7960.8213,-483958.5938,   -930.6548,    554.6688,  26536.0703,
       1,     170,     176,      19,       1,       3,       1,     10.0000,      1.4140,     42.8075,    252.1994,     63.4685,      3.4953,      0.1091,      0.0761,     21.8818,      0.1650,      5.6650,     11.3299,      1.4578,     29.5979,     59.1957,      0.0195,      0.0020,      0.1324,      0.2100,   7960.8213,-473013.7188,   -929.3325,    555.4280,  26536.0703,
       1,     170,     176,      20,       1,       3,       1,     10.0000,      1.4140,     42.8075,    252.1994,     63.4685,      3.4953,      0.0337,      0.0010,      3.3481,      0.1525,      5.6650,     11.3299,      1.3480,     29.5979,     59.1957,      0.0195,      0.0015,      0.0271,      0.2100,   7960.8213,-451357.1250,   -925.7321,    556.9321,  26536.0703,
       1,     170,     176,      21,       1,       3,       1,     10.0000,      1.4140,     42.8075,    252.1994,     63.4685,      3.4953,      0.0000,     -0.0324,      1.2687,      0.1461,      5.6650,     11.3299,      1.2908,     29.5979,     59.1957,      0.0195,      0.0010,      0.0156,      0.2100,   7960.8213,-427089.2188,   -921.3646,    558.6236,  26536.0703,
       1,     170,     176,      22,       1,       3,       1,     10.0000,      1.4140,     42.8075,    252.1994,     63.4685,      3.4953,      0.0000,     -0.0324,      1.3010,      0.1458,      5.6650,     11.3299,      1.2882,     29.5979,     59.1957,      0.0195,      0.0010,      0.0156,      0.2100,   7960.8213,-422526.3750,   -920.5674,    558.9448,  26536.0703,
       1,     170,     176,      23,       1,       3,       1,     10.0000,      1.4140,     42.8075,    252.1994,     63.4685,      3.4953,      0.0000,     -0.0324,      1.3466,      0.1448,      5.6650,     11.3299,      1.2791,     29.5979,     59.1957,      0.0195,      0.0010,      0.0156,      0.2101,   7960.8213,-422176.7500,   -920.5524,    558.9693,  26536.0703,
       1,     170,     176,      24,       1,       3,       1,     10.0000,      1.4140,     42.8075,    252.1994,     63.4685,      3.4953,      0.0000,     -0.0324,      1.3667,      0.1458,      5.6650,     11.3299,      1.2882,     29.5979,     59.1957,      0.0195,      0.0011,      0.0156,      0.2101,   7960.8213,-422202.2500,   -920.6100,    558.9675,  26536.0703,
       1,     170,     177,       1,       1,       3,       1,     10.0000,      1.4140,     42.8079,    252.2054,     63.4701,      3.4953,      0.0000,     -0.0323,      1.1995,      0.1434,      5.6651,     11.3302,      1.2676,     29.5962,     59.1924,      0.0195,      0.0009,      0.0156,      0.2101,   7960.8213,-422384.9375,   -920.9716,    558.9680,  26537.2637,
       1,     170,     177,       2,       1,       3,       1,     10.0000,      1.4140,     42.8079,    252.2054,     63.4701,      3.4953,      0.0000,     -0.0322,      0.7244,      0.1403,      5.6651,     11.3302,      1.2397,     29.5962,     59.1924,      0.0195,      0.0006,      0.0156,      0.2101,   7961.1792,-422044.9062,   -920.6984,    558.9918,  26537.2656,
       1,     170,     177,       3,       1,       3,       1,     10.0000,      1.4140,     42.8079,    252.2054,     63.4701,      3.4953,      0.0000,     -0.0321,      0.7003,      0.1365,      5.6651,     11.3302,      1.2062,     29.5962,     59.1924,      0.0195,      0.0005,      0.0156,      0.2101,   7961.1802,-421440.8438,   -920.6094,    559.0340,  26537.2656,
       1,     170,     177,       4,       1,       3,       1,     10.0000,      1.4140,     42.8079,    252.2054,     63.4701,      3.4953,      0.0000,     -0.0320,      0.6697,      0.1353,      5.6651,     11.3302,      1.1952,     29.5962,     59.1924,      0.0195,      0.0005,      0.0156,      0.2101,   7961.1802,-421360.4375,   -920.6185,    559.0396,  26537.2656,
       1,     170,     177,       5,       1,       3,       1,     10.0000,      1.4140,     42.8079,    252.2054,     63.4701,      3.4953,      0.0000,     -0.0319,      0.3692,      0.1316,      5.6651,     11.3302,      1.1629,     29.5962,     59.1924,      0.0195,      0.0003,      0.0156,      0.2101,   7961.1802,-421316.7188,   -920.6285,    559.0427,  26537.2656,
       1,     170,     177,       6,       1,       3,       1,     10.0000,      1.4140,     42.8079,    252.2054,     63.4701,      3.4953,      0.0000,     -0.0319,      0.3751,      0.1311,      5.6651,     11.3302,      1.1582,     29.5962,     59.1924,      0.0195,      0.0003,      0.0156,      0.2101,   7961.1802,-420949.2500,   -920.5636,    559.0682,  26537.2637,
       1,     170,     177,       7,       1,       3,       1,     10.0000,      1.4140,     42.8079,    252.2054,     63.4701,      3.4953,      0.0000,     -0.0319,      0.4185,      0.1331,      5.6651,     11.3302,      1.1760,     29.5962,     59.1924,      0.0195,      0.0003,      0.0156,      0.2101,   7961.1792,-420925.5312,   -920.5643,    559.0699,  26537.2656,
       1,     170,     177,       8,       1,       3,       1,     10.0000,      1.4140,     42.8079,    252.2054,     63.4701,      3.4953,      0.0200,     -0.0120,      0.3119,      0.1335,      5.6651,     11.3302,      1.1796,     29.5962,     59.1924,      0.0195,      0.0004,      0.0087,      0.2101,   7961.1802,-420975.9062,   -920.5810,    559.0665,  26537.2656,
       1,     170,     177,       9,       1,       3,       1,     10.0000,      1.4140,     42.8079,    252.2054,     63.4701,      3.4953,      0.1304,      0.0977,     17.7441,      0.1522,      5.6651,     11.3302,      1.3453,     29.5962,     59.1924,      0.0195,      0.0013,      0.1634,      0.2101,   7961.1802,-420851.0312,   -920.5963,    559.0751,  26537.2637,
       1,     170,     177,      10,       1,       3,       1,     10.0000,      1.4140,     42.8079,    252.2054,     63.4701,      3.4953,      0.1650,      0.1315,     47.9672,      0.1753,      5.6651,     11.3302,      1.5495,     29.5962,     59.1924,      0.0195,      0.0028,      0.2093,      0.2101,   7961.1792,-441940.8438,   -924.9080,    557.6013,  26537.2656,
       1,     170,     177,      11,       1,       3,       1,     10.0000,      1.4140,     42.8079,    252.2054,     63.4701,      3.4953,      0.1811,      0.1473,     64.8438,      0.1867,      5.6651,     11.3302,      1.6497,     29.5962,     59.1924,      0.0195,      0.0034,      0.2307,      0.2101,   7961.1802,-480322.5312,   -932.8637,    554.9281,  26537.2656,
       1,     170,     177,      12,       1,       3,       1,     10.0000,      1.4140,     42.8079,    252.2054,     63.4701,      3.4953,      0.1957,      0.1612,     98.7784,      0.2073,      5.6651,     11.3302,      1.8322,     29.5962,     59.1924,      0.0195,      0.0048,      0.2479,      0.2100,   7961.1802,-504024.2812,   -938.2684,    553.2903,  26537.2656,
       1,     170,     177,      13,       1,       3,       1,     10.0000,      1.4140,     42.8079,    252.2054,     63.4701,      3.4953,      0.1927,      0.1581,    102.3193,      0.2150,      5.6651,     11.3302,      1.9002,     29.5962,     59.1924,      0.0195,      0.0051,      0.2434,      0.2100,   7961.1802,-547147.3750,   -935.5831,    550.3102,  26537.2656,
       1,     170,     177,      14,       1,       3,       1,     10.0000,      1.4140,     42.8079,    252.2054,     63.4701,      3.4953,      0.0607,      0.0276,      7.5007,      0.1622,      5.6651,     11.3302,      1.4332,     29.5962,     59.1924,      0.0195,      0.0014,      0.0648,      0.2099,   7961.1802,-555096.5000,   -937.1498,    549.7715,  26537.2656,
       1,     170,     177,      15,       1,       3,       1,     10.0000,      1.4140,     42.8079,    252.2054,     63.4701,      3.4953,      0.0146,     -0.0177,      0.0213,      0.1416,      5.6651,     11.3302,      1.2510,     29.5962,     59.1924,      0.0195,      0.0003,      0.0007,      0.2099,   7961.1802,-440750.2812,   -914.0814,    557.6298,  26537.2656,
       1,     170,     177,      16,       1,       3,       1,     10.0000,      1.4140,     42.8079,    252.2054,     63.4701,      3.4953,      0.0123,     -0.0195,      0.3797,      0.1286,      5.6651,     11.3302,      1.1360,     29.5962,     59.1924,      0.0195,      0.0003,      0.0156,      0.2101,   7961.1802,-422236.4375,   -910.3821,    558.9767,  26537.2656,
       1,     170,     177,      17,       1,       3,       1,     10.0000,      1.4140,     42.8079,    252.2054,     63.4701,      3.4953,      0.0342,      0.0027,      0.6199,      0.1218,      5.6651,     11.3302,      1.0762,     29.5962,     59.1924,      0.0195,      0.0003,      0.0295,      0.2101,   7961.1802,-421041.8438,   -910.2092,    559.0618,  26537.2637,
       1,     170,     177,      18,       1,       3,       1,     10.0000,      1.4140,     42.8079,    252.2054,     63.4701,      3.4953,      0.0684,      0.0365,      2.9586,      0.1299,      5.6651,     11.3302,      1.1476,     29.5962,     59.1924,      0.0195,      0.0005,      0.0772,      0.2101,   7961.1792,-421229.5938,   -910.3531,    559.0487,  26537.2656,
       1,     170,     177,      19,       1,       3,       1,     10.0000,      1.4140,     42.8079,    252.2054,     63.4701,      3.4953,      0.0555,      0.0235,      2.2439,      0.1353,      5.6651,     11.3302,      1.1952,     29.5962,     59.1924,      0.0195,      0.0005,      0.0589,      0.2101,   7961.1802,-424076.1875,   -911.1632,    558.8498,  26537.2656,
       1,     170,     177,      20,       1,       3,       1,     10.0000,      1.4140,     42.8079,    252.2054,     63.4701,      3.4953,      0.0158,     -0.0163,      0.0686,      0.1362,      5.6651,     11.3302,      1.2038,     29.5962,     59.1924,      0.0195,      0.0003,      0.0027,      0.2101,   7961.1802,-423451.8750,   -911.2524,    558.8934,  26537.2656,
       1,     170,     177,      21,       1,       3,       1,     10.0000,      1.4140,     42.8079,    252.2054,     63.4701,      3.4953,      0.0000,     -0.0321,      0.3270,      0.1361,      5.6651,     11.3302,      1.2025,     29.5962,     59.1924,      0.0195,      0.0003,      0.0156,      0.2101,   7961.1802,-420765.9688,   -910.8406,    559.0811,  26537.2656,
       1,     170,     177,      22,       1,       3,       1,     10.0000,      1.4140,     42.8079,    252.2054,     63.4701,      3.4953,      0.0000,     -0.0322,      0.3974,      0.1385,      5.6651,     11.3302,      1.2234,     29.5962,     59.1924,      0.0195,      0.0003,      0.0156,      0.2101,   7961.1802,-420851.7188,   -910.8578,    559.0751,  26537.2676,
       1,     170,     177,      23,       1,       3,       1,     10.0000,      1.4140,     42.8079,    252.2054,     63.4701,      3.4953,      0.0000,     -0.0323,      0.6801,      0.1420,      5.6651,     11.3302,      1.2548,     29.5962,     59.1924,      0.0195,      0.0005,      0.0156,      0.2101,   7961.1807,-420943.8750,   -910.8828,    559.0688,  26537.2656,
       1,     170,     177,      24,       1,       3,       1,     10.0000,      1.4140,     42.8079,    252.2054,     63.4701,      3.4953,      0.0000,     -0.0321,      0.3761,      0.1382,      5.6651,     11.3302,      1.2210,     29.5962,     59.1924,      0.0195,      0.0003,      0.0156,      0.2101,   7961.1802,-421293.9688,   -910.9921,    559.0443,  26537.2656,
       1,     170,     178,       1,       1,       3,       1,     10.0000,      1.4140,     42.8082,    252.2114,     63.4715,      3.4953,      0.0000,     -0.0320,      0.3210,      0.1339,      5.6657,     11.3313,      1.1832,     29.5842,     59.1683,      0.0195,      0.0002,      0.0156,      0.2101,   7961.1802,-421112.0938,   -911.2296,    559.0704,  26538.4570,
       1,     170,     178,       2,       1,       3,       1,     10.0000,      1.4140,     42.8082,    252.2114,     63.4715,      3.4953,      0.0000,     -0.0320,      0.3244,      0.1351,      5.6657,     11.3313,      1.1941,     29.5842,     59.1683,      0.0195,      0.0003,      0.0156,      0.2101,   7961.5376,-420876.8438,   -910.9313,    559.0868,  26538.4590,
       1,     170,     178,       3,       1,       3,       1,     10.0000,      1.4140,     42.8082,    252.2114,     63.4715,      3.4953,      0.0000,     -0.0320,      0.3449,      0.1335,      5.6657,     11.3313,      1.1796,     29.5842,     59.1683,      0.0195,      0.0003,      0.0156,      0.2101,   7961.5381,-420860.8438,   -910.9297,    559.0879,  26538.4590,
       1,     170,     178,       4,       1,       3,       1,     10.0000,      1.4140,     42.8082,    252.2114,     63.4715,      3.4953,      0.0000,     -0.0319,      0.3691,      0.1332,      5.6657,     11.3313,      1.1772,     29.5842,     59.1683,      0.0195,      0.0003,      0.0156,      0.2101,   7961.5381,-420884.3438,   -910.9384,    559.0862,  26538.4570,
       1,     170,     178,       5,       1,       3,       1,     10.0000,      1.4140,     42.8082,    252.2114,     63.4715,      3.4953,      0.0000,     -0.0320,      0.6916,      0.1357,      5.6657,     11.3313,      1.1989,     29.5842,     59.1683,      0.0195,      0.0005,      0.0156,      0.2101,   7961.5376,-420915.7500,   -910.9506,    559.0841,  26538.4590,
       1,     170,     178,       6,       1,       3,       1,     10.0000,      1.4140,     42.8082,    252.2114,     63.4715,      3.4953,      0.0000,     -0.0318,      0.3637,      0.1297,      5.6657,     11.3313,      1.1465,     29.5842,     59.1683,      0.0195,      0.0003,      0.0156,      0.2101,   7961.5381,-421308.5625,   -911.0704,    559.0566,  26538.4590,
       1,     170,     178,       7,       1,       3,       1,     10.0000,      1.4140,     42.8082,    252.2114,     63.4715,      3.4953,      0.0000,     -0.0317,      0.3043,      0.1278,      5.6657,     11.3313,      1.1291,     29.5842,     59.1683,      0.0195,      0.0002,      0.0156,      0.2101,   7961.5381,-420944.9375,   -911.0131,    559.0820,  26538.4609,
       1,     170,     178,       8,       1,       3,       1,     10.0000,      1.4140,     42.8082,    252.2114,     63.4715,      3.4953,      0.0115,     -0.0204,      0.3166,      0.1323,      5.6657,     11.3313,      1.1689,     29.5842,     59.1683,      0.0195,      0.0002,      0.0156,      0.2101,   7961.5386,-420841.9688,   -910.9953,    559.0892,  26538.4570,
       1,     170,     178,       9,       1,       3,       1,     10.0000,      1.4140,     42.8082,    252.2114,     63.4715,      3.4953,      0.0764,      0.0443,      2.5514,      0.1373,      5.6657,     11.3313,      1.2136,     29.5842,     59.1683,      0.0195,      0.0003,      0.0885,      0.2101,   7961.5376,-420848.5938,   -911.0386,    559.0887,  26538.4590,
       1,     170,     178,      10,       1,       3,       1,     10.0000,      1.4140,     42.8082,    252.2114,     63.4715,      3.4953,      0.1124,      0.0799,      6.6214,      0.1464,      5.6657,     11.3313,      1.2935,     29.5842,     59.1683,      0.0195,      0.0006,      0.1390,      0.2101,   7961.5381,-423553.7500,   -911.8081,    558.8997,  26538.4609,
       1,     170,     178,      11,       1,       3,       1,     10.0000,      1.4140,     42.8082,    252.2114,     63.4715,      3.4953,      0.1872,      0.1537,     45.1809,      0.1778,      5.6657,     11.3313,      1.5713,     29.5842,     59.1683,      0.0195,      0.0023,      0.2414,      0.2101,   7961.5386,-428708.1875,   -913.2558,    558.5397,  26538.4590,
       1,     170,     178,      12,       1,       3,       1,     10.0000,      1.4140,     42.8082,    252.2114,     63.4715,      3.4953,      0.1840,      0.1503,     51.3577,      0.1814,      5.6657,     11.3313,      1.6029,     29.5842,     59.1683,      0.0195,      0.0026,      0.2362,      0.2101,   7961.5381,-475817.0625,   -923.5660,    555.2507,  26538.4590,
       1,     170,     178,      13,       1,       3,       1,     10.0000,      1.4140,     42.8082,    252.2114,     63.4715,      3.4953,      0.1951,      0.1610,     71.9423,      0.1977,      5.6657,     11.3313,      1.7474,     29.5842,     59.1683,      0.0195,      0.0035,      0.2500,      0.2101,   7961.5381,-487305.0000,   -927.1160,    554.4630,  26538.4590,
       1,     170,     178,      14,       1,       3,       1,     10.0000,      1.4140,     42.8082,    252.2114,     63.4715,      3.4953,      0.1946,      0.1606,     64.9378,      0.1927,      5.6657,     11.3313,      1.7030,     29.5842,     59.1683,      0.0195,      0.0031,      0.2500,      0.2100,   7961.5381,-513200.8750,   -931.4346,    552.6689,  26538.4590,
       1,     170,     178,      15,       1,       3,       1,     10.0000,      1.4140,     42.8082,    252.2114,     63.4715,      3.4953,      0.1946,      0.1606,     65.0837,      0.1941,      5.6657,     11.3313,      1.7148,     29.5842,     59.1683,      0.0195,      0.0031,      0.2500,      0.2100,   7961.5381,-506901.9062,   -932.0433,    553.1069,  26538.4590,
       1,     170,     178,      16,       1,       3,       1,     10.0000,      1.4140,     42.8082,    252.2114,     63.4715,      3.4953,      0.1653,      0.1321,     38.1086,      0.1681,      5.6657,     11.3313,      1.4858,     29.5842,     59.1683,      0.0195,      0.0022,      0.2108,      0.2100,   7961.5381,-506545.2500,   -927.6226,    553.1317,  26538.4590,
       1,     170,     178,      17,       1,       3,       1,     10.0000,      1.4140,     42.8082,    252.2114,     63.4715,      3.4953,      0.1254,      0.0930,      5.7646,      0.1474,      5.6657,     11.3313,      1.3026,     29.5842,     59.1683,      0.0195,      0.0004,      0.1577,      0.2100,   7961.5381,-473826.2188,   -920.7273,    555.3939,  26538.4609,
       1,     170,     178,      18,       1,       3,       1,     10.0000,      1.4140,     42.8082,    252.2114,     63.4715,      3.4953,      0.0766,      0.0439,      6.3235,      0.1550,      5.6657,     11.3313,      1.3699,     29.5842,     59.1683,      0.0195,      0.0009,      0.0879,      0.2101,   7961.5386,-431907.6875,   -913.5934,    558.3087,  26538.4609,
       1,     170,     178,      19,       1,       3,       1,     10.0000,      1.4140,     42.8082,    252.2114,     63.4715,      3.4953,      0.0366,      0.0040,      1.8598,      0.1513,      5.6657,     11.3313,      1.3372,     29.5842,     59.1683,      0.0195,      0.0007,      0.0315,      0.2101,   7961.5386,-429063.3125,   -913.3787,    558.5150,  26538.4590,
       1,     170,     178,      20,       1,       3,       1,     10.0000,      1.4140,     42.8082,    252.2114,     63.4715,      3.4953,      0.0119,     -0.0207,      1.2511,      0.1504,      5.6657,     11.3313,      1.3292,     29.5842,     59.1683,      0.0195,      0.0010,      0.0156,      0.2101,   7961.5381,-423411.1250,   -912.5124,    558.9097,  26538.4590,
       1,     170,     178,      21,       1,       3,       1,     10.0000,      1.4140,     42.8082,    252.2114,     63.4715,      3.4953,      0.0000,     -0.0324,      0.9782,      0.1459,      5.6657,     11.3313,      1.2895,     29.5842,     59.1683,      0.0195,      0.0008,      0.0156,      0.2101,   7961.5381,-422196.8125,   -910.4724,    558.9946,  26538.4609,
       1,     170,     178,      22,       1,       3,       1,     10.0000,      1.4140,     42.8082,    252.2114,     63.4715,      3.4953,      0.0000,     -0.0322,      0.3619,      0.1394,      5.6657,     11.3313,      1.2322,     29.5842,     59.1683,      0.0195,      0.0003,      0.0156,      0.2101,   7961.5386,-421763.3750,   -910.4720,    559.0248,  26538.4590,
       1,     170,     178,      23,       1,       3,       1,     10.0000,      1.4140,     42.8082,    252.2114,     63.4715,      3.4953,      0.0000,     -0.0323,      0.6919,      0.1417,      5.6657,     11.3313,      1.2523,     29.5842,     59.1683,      0.0195,      0.0005,      0.0156,      0.2101,   7961.5381,-420981.2500,   -910.3370,    559.0795,  26538.4590,
       1,     170,     178,      24,       1,       3,       1,     10.0000,      1.4140,     42.8082,    252.2114,     63.4715,      3.4953,      0.0000,     -0.0324,      1.5006,      0.1443,      5.6657,     11.3313,      1.2753,     29.5842,     59.1683,      0.0195,      0.0012,      0.0156,      0.2101,   7961.5381,-421314.4062,   -910.4485,    559.0562,  26538.4590,
       1,     170,     179,       1,       1,       3,       1,     10.0000,      1.4140,     42.8085,    252.2174,     63.4731,      3.4953,      0.0000,     -0.0323,      1.1944,      0.1435,      5.6653,     11.3306,      1.2676,     29.5827,     59.1654,      0.0195,      0.0009,      0.0156,      0.2101,   7961.5381,-422477.6875,   -911.0875,    558.9881,  26539.6562,
       1,     170,     179,       2,       1,       3,       1,     10.0000,      1.4140,     42.8085,    252.2174,     63.4731,      3.4953,      0.0000,     -0.0322,      0.7953,      0.1406,      5.6653,     11.3306,      1.2422,     29.5827,     59.1654,      0.0195,      0.0006,      0.0156,      0.2101,   7961.8970,-422051.8750,   -910.8704,    559.0179,  26539.6543,
       1,     170,     179,       3,       1,       3,       1,     10.0000,      1.4140,     42.8085,    252.2174,     63.4731,      3.4953,      0.0000,     -0.0320,      0.3214,      0.1340,      5.6653,     11.3306,      1.1844,     29.5827,     59.1654,      0.0195,      0.0002,      0.0156,      0.2101,   7961.8965,-421533.1250,   -910.8452,    559.0541,  26539.6562,
       1,     170,     179,       4,       1,       3,       1,     10.0000,      1.4140,     42.8085,    252.2174,     63.4731,      3.4953,      0.0000,     -0.0319,      0.3170,      0.1324,      5.6653,     11.3306,      1.1701,     29.5827,     59.1654,      0.0195,      0.0002,      0.0156,      0.2101,   7961.8970,-420915.5000,   -910.7347,    559.0973,  26539.6562,
       1,     170,     179,       5,       1,       3,       1,     10.0000,      1.4140,     42.8085,    252.2174,     63.4731,      3.4953,      0.0000,     -0.0318,      0.3115,      0.1304,      5.6653,     11.3306,      1.1524,     29.5827,     59.1654,      0.0195,      0.0002,      0.0156,      0.2101,   7961.8970,-420857.9375,   -910.7259,    559.1014,  26539.6562,
       1,     170,     179,       6,       1,       3,       1,     10.0000,      1.4140,     42.8085,    252.2174,     63.4731,      3.4953,      0.0000,     -0.0318,      0.4711,      0.1288,      5.6653,     11.3306,      1.1384,     29.5827,     59.1654,      0.0195,      0.0004,      0.0156,      0.2101,   7961.8970,-420846.3750,   -910.7254,    559.1022,  26539.6543,
       1,     170,     179,       7,       1,       3,       1,     10.0000,      1.4140,     42.8085,    252.2174,     63.4731,      3.4953,      0.0000,     -0.0318,      0.6083,      0.1295,      5.6653,     11.3306,      1.1442,     29.5827,     59.1654,      0.0195,      0.0005,      0.0156,      0.2101,   7961.8965,-421038.8750,   -910.7834,    559.0887,  26539.6562,
       1,     170,     179,       8,       1,       3,       1,     10.0000,      1.4140,     42.8085,    252.2174,     63.4731,      3.4953,      0.0094,     -0.0223,      0.5552,      0.1284,      5.6653,     11.3306,      1.1349,     29.5827,     59.1654,      0.0195,      0.0004,      0.0156,      0.2101,   7961.8970,-421220.8750,   -910.8543,    559.0759,  26539.6562,
       1,     170,     179,       9,       1,       3,       1,     10.0000,      1.4140,     42.8085,    252.2174,     63.4731,      3.4953,      0.0739,      0.0420,      3.8564,      0.1338,      5.6653,     11.3306,      1.1820,     29.5827,     59.1654,      0.0195,      0.0005,      0.0849,      0.2101,   7961.8970,-421172.0625,   -910.9058,    559.0794,  26539.6543,
       1,     170,     179,      10,       1,       3,       1,     10.0000,      1.4140,     42.8085,    252.2174,     63.4731,      3.4953,      0.1301,      0.0977,     13.6327,      0.1458,      5.6653,     11.3306,      1.2883,     29.5827,     59.1654,      0.0195,      0.0010,      0.1635,      0.2101,   7961.8965,-425163.0000,   -912.0284,    558.8004,  26539.6562,
       1,     170,     179,      11,       1,       3,       1,     10.0000,      1.4140,     42.8085,    252.2174,     63.4731,      3.4953,      0.1835,      0.1500,     57.6952,      0.1776,      5.6653,     11.3306,      1.5698,     29.5827,     59.1654,      0.0195,      0.0030,      0.2348,      0.2101,   7961.8970,-437331.7812,   -915.0316,    557.9506,  26539.6562,
       1,     170,     179,      12,       1,       3,       1,     10.0000,      1.4140,     42.8085,    252.2174,     63.4731,      3.4953,      0.1821,      0.1483,     65.7188,      0.1860,      5.6653,     11.3306,      1.6433,     29.5827,     59.1654,      0.0195,      0.0034,      0.2319,      0.2101,   7961.8970,-491695.5000,   -926.7106,    554.1597,  26539.6582,
       1,     170,     179,      13,       1,       3,       1,     10.0000,      1.4140,     42.8085,    252.2174,     63.4731,      3.4953,      0.1424,      0.1088,     36.8847,      0.1791,      5.6653,     11.3306,      1.5823,     29.5827,     59.1654,      0.0195,      0.0025,      0.1782,      0.2101,   7961.8979,-506039.9688,   -931.0098,    553.1788,  26539.6582,
       1,     170,     179,      14,       1,       3,       1,     10.0000,      1.4140,     42.8085,    252.2174,     63.4731,      3.4953,      0.1391,      0.1069,     14.2134,      0.1404,      5.6653,     11.3306,      1.2410,     29.5827,     59.1654,      0.0195,      0.0010,      0.1763,      0.2100,   7961.8979,-472298.5938,   -925.6994,    555.5129,  26539.6562,
       1,     170,     179,      15,       1,       3,       1,     10.0000,      1.4140,     42.8085,    252.2174,     63.4731,      3.4953,      0.1196,      0.0872,     12.1022,      0.1451,      5.6653,     11.3306,      1.2818,     29.5827,     59.1654,      0.0195,      0.0010,      0.1487,      0.2101,   7961.8970,-442013.8750,   -914.4441,    557.6207,  26539.6562,
       1,     170,     179,      16,       1,       3,       1,     10.0000,      1.4140,     42.8085,    252.2174,     63.4731,      3.4953,      0.0335,      0.0016,      0.6229,      0.1328,      5.6653,     11.3306,      1.1737,     29.5827,     59.1654,      0.0195,      0.0003,      0.0279,      0.2101,   7961.8970,-436908.8750,   -913.4701,    557.9805,  26539.6582,
       1,     170,     179,      17,       1,       3,       1,     10.0000,      1.4140,     42.8085,    252.2174,     63.4731,      3.4953,      0.1100,      0.0780,      2.8402,      0.1354,      5.6653,     11.3306,      1.1965,     29.5827,     59.1654,      0.0195,      0.0003,      0.1363,      0.2101,   7961.8979,-422578.4688,   -910.9679,    558.9802,  26539.6543,
       1,     170,     179,      18,       1,       3,       1,     10.0000,      1.4140,     42.8085,    252.2174,     63.4731,      3.4953,      0.1006,      0.0683,      4.1817,      0.1426,      5.6653,     11.3306,      1.2600,     29.5827,     59.1654,      0.0195,      0.0004,      0.1226,      0.2101,   7961.8965,-424053.4375,   -911.5189,    558.8781,  26539.6562,
       1,     170,     179,      19,       1,       3,       1,     10.0000,      1.4140,     42.8085,    252.2174,     63.4731,      3.4953,      0.0613,      0.0289,      3.1247,      0.1448,      5.6653,     11.3306,      1.2792,     29.5827,     59.1654,      0.0195,      0.0006,      0.0667,      0.2101,   7961.8970,-425800.2188,   -912.1460,    558.7560,  26539.6562,
       1,     170,     179,      20,       1,       3,       1,     10.0000,      1.4140,     42.8085,    252.2174,     63.4731,      3.4953,      0.0171,     -0.0152,      0.1637,      0.1423,      5.6653,     11.3306,      1.2574,     29.5827,     59.1654,      0.0195,      0.0005,      0.0042,      0.2101,   7961.8970,-424668.6875,   -912.1920,    558.8350,  26539.6562,
       1,     170,     179,      21,       1,       3,       1,     10.0000,      1.4140,     42.8085,    252.2174,     63.4731,      3.4953,      0.0000,     -0.0321,      0.3860,      0.1372,      5.6653,     11.3306,      1.2124,     29.5827,     59.1654,      0.0195,      0.0003,      0.0156,      0.2101,   7961.8970,-420989.7812,   -910.1967,    559.0921,  26539.6543,
       1,     170,     179,      22,       1,       3,       1,     10.0000,      1.4140,     42.8085,    252.2174,     63.4731,      3.4953,      0.0000,     -0.0321,      0.3312,      0.1376,      5.6653,     11.3306,      1.2161,     29.5827,     59.1654,      0.0195,      0.0003,      0.0156,      0.2101,   7961.8965,-420948.0000,   -910.0996,    559.0950,  26539.6562,
       1,     170,     179,      23,       1,       3,       1,     10.0000,      1.4140,     42.8085,    252.2174,     63.4731,      3.4953,      0.0000,     -0.0321,      0.3320,      0.1379,      5.6653,     11.3306,      1.2186,     29.5827,     59.1654,      0.0195,      0.0003,      0.0156,      0.2101,   7961.8970,-420877.9062,   -910.0814,    559.0999,  26539.6562,
       1,     170,     179,      24,       1,       3,       1,     10.0000,      1.4140,     42.8085,    252.2174,     63.4731,      3.4953,      0.0000,     -0.0321,      0.3293,      0.1369,      5.6653,     11.3306,      1.2099,     29.5827,     59.1654,      0.0195,      0.0003,      0.0156,      0.2101,   7961.8970,-420872.9062,   -910.0805,    559.1002,  26539.6562,
       1,     170,     180,       1,       1,       3,       1,     10.0000,      1.4140,     42.8089,    252.2234,     63.4745,      3.4953,      0.0000,     -0.0320,      0.3240,      0.1350,      5.6656,     11.3313,      1.1929,     29.5746,     59.1493,      0.0195,      0.0003,      0.0156,      0.2102,   7961.8970,-421026.0938,   -910.3712,    559.1030,  26540.8477,
       1,     170,     180,       2,       1,       3,       1,     10.0000,      1.4140,     42.8089,    252.2234,     63.4745,      3.4953,      0.0000,     -0.0320,      0.3259,      0.1357,      5.6656,     11.3313,      1.1990,     29.5746,     59.1493,      0.0195,      0.0003,      0.0156,      0.2102,   7962.2544,-420879.3438,   -910.0905,    559.1132,  26540.8496,
       1,     170,     180,       3,       1,       3,       1,     10.0000,      1.4140,     42.8089,    252.2234,     63.4745,      3.4953,      0.0000,     -0.0320,      0.3229,      0.1346,      5.6656,     11.3313,      1.1893,     29.5746,     59.1493,      0.0195,      0.0003,      0.0156,      0.2102,   7962.2554,-420868.8750,   -910.0795,    559.1140,  26540.8477,
       1,     170,     180,       4,       1,       3,       1,     10.0000,      1.4140,     42.8089,    252.2234,     63.4745,      3.4953,      0.0000,     -0.0319,      0.3181,      0.1328,      5.6656,     11.3313,      1.1737,     29.5746,     59.1493,      0.0195,      0.0002,      0.0156,      0.2102,   7962.2544,-420864.7188,   -910.0811,    559.1143,  26540.8496,
       1,     170,     180,       5,       1,       3,       1,     10.0000,      1.4140,     42.8089,    252.2234,     63.4745,      3.4953,      0.0000,     -0.0319,      0.3151,      0.1317,      5.6656,     11.3313,      1.1642,     29.5746,     59.1493,      0.0195,      0.0002,      0.0156,      0.2102,   7962.2554,-420858.1562,   -910.0809,    559.1147,  26540.8496,
       1,     170,     180,       6,       1,       3,       1,     10.0000,      1.4140,     42.8089,    252.2234,     63.4745,      3.4953,      0.0000,     -0.0319,      0.3133,      0.1311,      5.6656,     11.3313,      1.1583,     29.5746,     59.1493,      0.0195,      0.0002,      0.0156,      0.2102,   7962.2554,-420853.9688,   -910.0818,    559.1150,  26540.8516,
       1,     170,     180,       7,       1,       3,       1,     10.0000,      1.4140,     42.8089,    252.2234,     63.4745,      3.4953,      0.0000,     -0.0319,      0.3140,      0.1313,      5.6656,     11.3313,      1.1606,     29.5746,     59.1493,      0.0195,      0.0002,      0.0156,      0.2102,   7962.2559,-420851.2188,   -910.0826,    559.1152,  26540.8496,
       1,     170,     180,       8,       1,       3,       1,     10.0000,      1.4140,     42.8089,    252.2234,     63.4745,      3.4953,      0.0087,     -0.0233,      0.3911,      0.1347,      5.6656,     11.3313,      1.1905,     29.5746,     59.1493,      0.0195,      0.0003,      0.0156,      0.2102,   7962.2554,-420852.1250,   -910.0847,    559.1151,  26540.8477,
       1,     170,     180,       9,       1,       3,       1,     10.0000,      1.4140,     42.8089,    252.2234,     63.4745,      3.4953,      0.0680,      0.0358,      4.0402,      0.1402,      5.6656,     11.3313,      1.2385,     29.5746,     59.1493,      0.0195,      0.0006,      0.0762,      0.2102,   7962.2544,-420945.8438,   -910.1448,    559.1086,  26540.8496,
       1,     170,     180,      10,       1,       3,       1,     10.0000,      1.4140,     42.8089,    252.2234,     63.4745,      3.4953,      0.1411,      0.1086,     14.1275,      0.1485,      5.6656,     11.3313,      1.3119,     29.5746,     59.1493,      0.0195,      0.0010,      0.1790,      0.2102,   7962.2554,-425368.6250,   -911.2646,    558.7994,  26540.8516,
       1,     170,     180,      11,       1,       3,       1,     10.0000,      1.4140,     42.8089,    252.2234,     63.4745,      3.4953,      0.1868,      0.1536,     37.0858,      0.1670,      5.6656,     11.3313,      1.4755,     29.5746,     59.1493,      0.0195,      0.0019,      0.2417,      0.2102,   7962.2559,-437948.8750,   -914.2432,    557.9208,  26540.8496,
       1,     170,     180,      12,       1,       3,       1,     10.0000,      1.4140,     42.8089,    252.2234,     63.4745,      3.4953,      0.1897,      0.1561,     51.9346,      0.1789,      5.6656,     11.3313,      1.5808,     29.5746,     59.1493,      0.0195,      0.0026,      0.2443,      0.2101,   7962.2554,-466800.0312,   -921.0272,    555.9095,  26540.8516,
       1,     170,     180,      13,       1,       3,       1,     10.0000,      1.4140,     42.8089,    252.2234,     63.4745,      3.4953,      0.1952,      0.1611,     72.4877,      0.1958,      5.6656,     11.3313,      1.7303,     29.5746,     59.1493,      0.0195,      0.0035,      0.2500,      0.2101,   7962.2559,-487223.7188,   -926.4561,    554.4938,  26540.8477,
       1,     170,     180,      14,       1,       3,       1,     10.0000,      1.4140,     42.8089,    252.2234,     63.4745,      3.4953,      0.1976,      0.1629,    105.6076,      0.2153,      5.6656,     11.3313,      1.9022,     29.5746,     59.1493,      0.0195,      0.0051,      0.2500,      0.2101,   7962.2544,-513840.6875,   -931.0352,    552.6508,  26540.8496,
       1,     170,     180,      15,       1,       3,       1,     10.0000,      1.4140,     42.8089,    252.2234,     63.4745,      3.4953,      0.1558,      0.1220,     48.2162,      0.1869,      5.6656,     11.3313,      1.6515,     29.5746,     59.1493,      0.0195,      0.0030,      0.1962,      0.2101,   7962.2554,-556220.0000,   -938.1517,    549.7261,  26540.8496,
       1,     170,     180,      16,       1,       3,       1,     10.0000,      1.4140,     42.8089,    252.2234,     63.4745,      3.4953,      0.0945,      0.0628,      2.4524,      0.1280,      5.6656,     11.3313,      1.1315,     29.5746,     59.1493,      0.0195,      0.0003,      0.1144,      0.2100,   7962.2554,-490221.9688,   -923.9263,    554.2690,  26540.7383,
       1,     170,     180,      17,       1,       3,       1,     10.0000,      1.4140,     42.8089,    252.2234,     63.4745,      3.4953,      0.1548,      0.1225,      6.1528,      0.1445,      5.6656,     11.3313,      1.2766,     29.5746,     59.1493,      0.0195,      0.0004,      0.1995,      0.2101,   7962.2217,-429299.5000,   -913.1915,    558.5088,  26540.8477,
       1,     170,     180,      18,       1,       3,       1,     10.0000,      1.4140,     42.8089,    252.2234,     63.4745,      3.4953,      0.1093,      0.0765,     11.0827,      0.1580,      5.6656,     11.3313,      1.3964,     29.5746,     59.1493,      0.0195,      0.0010,      0.1340,      0.2102,   7962.2544,-428651.5312,   -912.1841,    558.5703,  26540.8496,
       1,     170,     180,      19,       1,       3,       1,     10.0000,      1.4140,     42.8089,    252.2234,     63.4745,      3.4953,      0.0756,      0.0428,      5.0439,      0.1563,      5.6656,     11.3313,      1.3810,     29.5746,     59.1493,      0.0195,      0.0007,      0.0865,      0.2102,   7962.2554,-434542.5312,   -913.7387,    558.1590,  26540.8496,
       1,     170,     180,      20,       1,       3,       1,     10.0000,      1.4140,     42.8089,    252.2234,     63.4745,      3.4953,      0.0442,      0.0113,      2.4990,      0.1590,      5.6656,     11.3313,      1.4048,     29.5746,     59.1493,      0.0195,      0.0007,      0.0419,      0.2101,   7962.2554,-427732.4375,   -912.8140,    558.6342,  26540.8477,
       1,     170,     180,      21,       1,       3,       1,     10.0000,      1.4140,     42.8089,    252.2234,     63.4745,      3.4953,      0.0001,     -0.0328,      0.9153,      0.1587,      5.6656,     11.3313,      1.4020,     29.5746,     59.1493,      0.0195,      0.0007,      0.0156,      0.2102,   7962.2544,-424078.2188,   -912.3496,    558.8896,  26540.8516,
       1,     170,     180,      22,       1,       3,       1,     10.0000,      1.4140,     42.8089,    252.2234,     63.4745,      3.4953,      0.0000,     -0.0329,      1.1983,      0.1588,      5.6656,     11.3313,      1.4034,     29.5746,     59.1493,      0.0195,      0.0009,      0.0156,      0.2102,   7962.2559,-421852.3125,   -912.0062,    559.0452,  26540.8496,
       1,     170,     180,      23,       1,       3,       1,     10.0000,      1.4140,     42.8089,    252.2234,     63.4745,      3.4953,      0.0000,     -0.0328,      1.0356,      0.1579,      5.6656,     11.3313,      1.3950,     29.5746,     59.1493,      0.0195,      0.0008,      0.0156,      0.2102,   7962.2554,-422006.7500,   -912.1259,    559.0345,  26540.8477,
       1,     170,     180,      24,       1,       3,       1,     10.0000,      1.4140,     42.8089,    252.2234,     63.4745,      3.4953,      0.0000,     -0.0328,      1.1460,      0.1569,      5.6656,     11.3313,      1.3866,     29.5746,     59.1493,      0.0195,      0.0009,      0.0156,      0.2102,   7962.2544,-421823.1562,   -912.1659,    559.0473,  26540.8496,
       1,     170,     181,       1,       1,       3,       1,     10.0000,      1.4141,     42.8092,    252.2293,     63.4761,      3.4953,      0.0000,     -0.0325,      0.5629,      0.1476,      5.6655,     11.3309,      1.3040,     29.5744,     59.1487,      0.0195,      0.0004,      0.0156,      0.2102,   7962.2554,-422096.9062,   -912.5586,    559.0413,  26542.0430,
       1,     170,     181,       2,       1,       3,       1,     10.0000,      1.4141,     42.8092,    252.2293,     63.4761,      3.4953,      0.0000,     -0.0325,      0.4378,      0.1474,      5.6655,     11.3309,      1.3027,     29.5744,     59.1487,      0.0195,      0.0003,      0.0156,      0.2102,   7962.6133,-421261.5312,   -912.1697,    559.0998,  26542.0430,
       1,     170,     181,       3,       1,       3,       1,     10.0000,      1.4141,     42.8092,    252.2293,     63.4761,      3.4953,      0.0000,     -0.0323,      0.3604,      0.1435,      5.6655,     11.3309,      1.2677,     29.5744,     59.1487,      0.0195,      0.0003,      0.0156,      0.2102,   7962.6133,-421039.5000,   -912.1401,    559.1152,  26542.0430,
       1,     170,     181,       4,       1,       3,       1,     10.0000,      1.4141,     42.8092,    252.2293,     63.4761,      3.4953,      0.0000,     -0.0322,      0.3764,      0.1400,      5.6655,     11.3309,      1.2373,     29.5744,     59.1487,      0.0195,      0.0003,      0.0156,      0.2102,   7962.6133,-420927.1562,   -912.1232,    559.1232,  26542.0430,
       1,     170,     181,       5,       1,       3,       1,     10.0000,      1.4141,     42.8092,    252.2293,     63.4761,      3.4953,      0.0000,     -0.0322,      0.5209,      0.1395,      5.6655,     11.3309,      1.2323,     29.5744,     59.1487,      0.0195,      0.0004,      0.0156,      0.2102,   7962.6133,-420936.9062,   -912.1315,    559.1224,  26542.0430,
       1,     170,     181,       6,       1,       3,       1,     10.0000,      1.4141,     42.8092,    252.2293,     63.4761,      3.4953,      0.0000,     -0.0321,      0.5479,      0.1364,      5.6655,     11.3309,      1.2051,     29.5744,     59.1487,      0.0195,      0.0004,      0.0156,      0.2102,   7962.6133,-421112.5312,   -912.1894,    559.1102,  26542.0430,
       1,     170,     181,       7,       1,       3,       1,     10.0000,      1.4141,     42.8092,    252.2293,     63.4761,      3.4953,      0.0000,     -0.0319,      0.4338,      0.1324,      5.6655,     11.3309,      1.1701,     29.5744,     59.1487,      0.0195,      0.0003,      0.0156,      0.2102,   7962.6133,-421160.0938,   -912.2283,    559.1068,  26542.0430,
       1,     170,     181,       8,       1,       3,       1,     10.0000,      1.4141,     42.8092,    252.2293,     63.4761,      3.4953,      0.0163,     -0.0156,      0.1456,      0.1323,      5.6655,     11.3309,      1.1689,     29.5744,     59.1487,      0.0195,      0.0005,      0.0036,      0.2102,   7962.6133,-421026.1250,   -912.2209,    559.1161,  26542.0430,
       1,     170,     181,       9,       1,       3,       1,     10.0000,      1.4141,     42.8092,    252.2293,     63.4761,      3.4953,      0.1047,      0.0725,      8.2085,      0.1413,      5.6655,     11.3309,      1.2486,     29.5744,     59.1487,      0.0195,      0.0008,      0.1280,      0.2102,   7962.6133,-420666.1875,   -912.2316,    559.1414,  26542.0449,
       1,     170,     181,      10,       1,       3,       1,     10.0000,      1.4141,     42.8092,    252.2293,     63.4761,      3.4953,      0.1571,      0.1244,     20.9903,      0.1518,      5.6655,     11.3309,      1.3414,     29.5744,     59.1487,      0.0195,      0.0013,      0.2010,      0.2102,   7962.6138,-430390.2500,   -914.4026,    558.4617,  26542.0430,
       1,     170,     181,      11,       1,       3,       1,     10.0000,      1.4141,     42.8092,    252.2293,     63.4761,      3.4953,      0.1681,      0.1352,     27.5409,      0.1606,      5.6655,     11.3309,      1.4190,     29.5744,     59.1487,      0.0195,      0.0015,      0.2161,      0.2102,   7962.6133,-446679.6562,   -918.1158,    557.3250,  26542.0430,
       1,     170,     181,      12,       1,       3,       1,     10.0000,      1.4141,     42.8092,    252.2293,     63.4761,      3.4953,      0.1938,      0.1600,     61.7059,      0.1878,      5.6655,     11.3309,      1.6598,     29.5744,     59.1487,      0.0195,      0.0030,      0.2492,      0.2102,   7962.6133,-455986.5312,   -920.8005,    556.6778,  26542.0430,
       1,     170,     181,      13,       1,       3,       1,     10.0000,      1.4141,     42.8092,    252.2293,     63.4761,      3.4953,      0.1957,      0.1614,     79.8156,      0.2029,      5.6655,     11.3309,      1.7930,     29.5744,     59.1487,      0.0195,      0.0039,      0.2500,      0.2102,   7962.6133,-498126.6875,   -930.2538,    553.7458,  26542.0449,
       1,     170,     181,      14,       1,       3,       1,     10.0000,      1.4141,     42.8092,    252.2293,     63.4761,      3.4953,      0.1973,      0.1625,    101.4588,      0.2183,      5.6655,     11.3309,      1.9287,     29.5744,     59.1487,      0.0195,      0.0049,      0.2500,      0.2101,   7962.6138,-523637.3438,   -934.7979,    551.9878,  26542.0430,
       1,     170,     181,      15,       1,       3,       1,     10.0000,      1.4141,     42.8092,    252.2293,     63.4761,      3.4953,      0.1966,      0.1621,     93.0836,      0.2127,      5.6655,     11.3309,      1.8799,     29.5744,     59.1487,      0.0195,      0.0045,      0.2500,      0.2101,   7962.6133,-552010.3750,   -937.1859,    550.0328,  26542.0430,
       1,     170,     181,      16,       1,       3,       1,     10.0000,      1.4141,     42.8092,    252.2293,     63.4761,      3.4953,      0.1818,      0.1485,     22.2161,      0.1704,      5.6655,     11.3309,      1.5054,     29.5744,     59.1487,      0.0195,      0.0011,      0.2363,      0.2100,   7962.6133,-544253.5625,   -935.0781,    550.5696,  26542.0430,
       1,     170,     181,      17,       1,       3,       1,     10.0000,      1.4141,     42.8092,    252.2293,     63.4761,      3.4953,      0.1729,      0.1389,     52.8251,      0.1924,      5.6655,     11.3309,      1.6997,     29.5744,     59.1487,      0.0195,      0.0029,      0.2201,      0.2101,   7962.6133,-457697.6875,   -920.5598,    556.5268,  26542.0430,
       1,     170,     181,      18,       1,       3,       1,     10.0000,      1.4141,     42.8092,    252.2293,     63.4761,      3.4953,      0.1239,      0.0905,     26.7054,      0.1754,      5.6655,     11.3309,      1.5496,     29.5744,     59.1487,      0.0195,      0.0021,      0.1529,      0.2102,   7962.6133,-487561.0312,   -927.3038,    554.4816,  26542.0430,
       1,     170,     181,      19,       1,       3,       1,     10.0000,      1.4141,     42.8092,    252.2293,     63.4761,      3.4953,      0.1186,      0.0852,     25.3250,      0.1768,      5.6655,     11.3309,      1.5620,     29.5744,     59.1487,      0.0195,      0.0021,      0.1455,      0.2101,   7962.6133,-458419.7500,   -922.6495,    556.5052,  26542.0410,
       1,     170,     181,      20,       1,       3,       1,     10.0000,      1.4141,     42.8092,    252.2293,     63.4761,      3.4953,      0.0211,     -0.0122,      1.2986,      0.1695,      5.6655,     11.3309,      1.4979,     29.5744,     59.1487,      0.0195,      0.0018,      0.0086,      0.2102,   7962.6128,-454298.8750,   -922.5034,    556.7955,  26542.0449,
       1,     170,     181,      21,       1,       3,       1,     10.0000,      1.4141,     42.8092,    252.2293,     63.4761,      3.4953,      0.0000,     -0.0330,      1.8224,      0.1632,      5.6655,     11.3309,      1.4420,     29.5744,     59.1487,      0.0195,      0.0014,      0.0156,      0.2102,   7962.6138,-424864.5625,   -917.3086,    558.8442,  26542.0449,
       1,     170,     181,      22,       1,       3,       1,     10.0000,      1.4141,     42.8092,    252.2293,     63.4761,      3.4953,      0.0000,     -0.0327,      0.9580,      0.1550,      5.6655,     11.3309,      1.3700,     29.5744,     59.1487,      0.0195,      0.0007,      0.0156,      0.2102,   7962.6138,-423023.6250,   -917.0970,    558.9766,  26542.0430,
       1,     170,     181,      23,       1,       3,       1,     10.0000,      1.4141,     42.8092,    252.2293,     63.4761,      3.4953,      0.0000,     -0.0327,      0.7172,      0.1529,      5.6655,     11.3309,      1.3509,     29.5744,     59.1487,      0.0195,      0.0006,      0.0156,      0.2102,   7962.6133,-421817.9375,   -916.9279,    559.0609,  26542.0430,
       1,     170,     181,      24,       1,       3,       1,     10.0000,      1.4141,     42.8092,    252.2293,     63.4761,      3.4953,      0.0000,     -0.0326,      0.6039,      0.1515,      5.6655,     11.3309,      1.3387,     29.5744,     59.1487,      0.0195,      0.0005,      0.0156,      0.2102,   7962.6133,-421424.4688,   -916.8876,    559.0883,  26542.0410,
       1,     170,     182,       1,       1,       3,       1,     10.0000,      1.4141,     42.8096,    252.2353,     63.4775,      3.4953,      0.0000,     -0.0325,      0.4800,      0.1482,      5.6649,     11.3298,      1.3093,     29.5794,     59.1588,      0.0195,      0.0004,      0.0156,      0.2102,   7962.6128,-421411.0938,   -917.1785,    559.1025,  26543.2422,
       1,     170,     182,       2,       1,       3,       1,     10.0000,      1.4141,     42.8096,    252.2353,     63.4775,      3.4953,      0.0000,     -0.0324,      0.4249,      0.1458,      5.6649,     11.3298,      1.2884,     29.5794,     59.1588,      0.0195,      0.0003,      0.0156,      0.2102,   7962.9731,-421105.9375,   -911.7637,    559.1239,  26543.2402,
       1,     170,     182,       3,       1,       3,       1,     10.0000,      1.4141,     42.8096,    252.2353,     63.4775,      3.4953,      0.0000,     -0.0322,      0.3656,      0.1407,      5.6649,     11.3298,      1.2436,     29.5794,     59.1588,      0.0195,      0.0003,      0.0156,      0.2102,   7962.9722,-421013.6875,   -910.1148,    559.1303,  26543.2402,
       1,     170,     182,       4,       1,       3,       1,     10.0000,      1.4141,     42.8096,    252.2353,     63.4775,      3.4953,      0.0000,     -0.0321,      0.3294,      0.1369,      5.6649,     11.3298,      1.2100,     29.5794,     59.1588,      0.0195,      0.0003,      0.0156,      0.2102,   7962.9722,-420934.1250,   -910.1055,    559.1358,  26543.2402,
       1,     170,     182,       5,       1,       3,       1,     10.0000,      1.4141,     42.8096,    252.2353,     63.4775,      3.4953,      0.0000,     -0.0322,      0.3367,      0.1396,      5.6649,     11.3298,      1.2335,     29.5794,     59.1588,      0.0195,      0.0003,      0.0156,      0.2102,   7962.9722,-420883.6250,   -910.0811,    559.1393,  26543.2402,
       1,     170,     182,       6,       1,       3,       1,     10.0000,      1.4141,     42.8096,    252.2353,     63.4775,      3.4953,      0.0000,     -0.0322,      0.3391,      0.1386,      5.6649,     11.3298,      1.2248,     29.5794,     59.1588,      0.0195,      0.0003,      0.0156,      0.2102,   7962.9722,-420888.2500,   -910.0819,    559.1391,  26543.2402,
       1,     170,     182,       7,       1,       3,       1,     10.0000,      1.4141,     42.8096,    252.2353,     63.4775,      3.4953,      0.0000,     -0.0321,      0.4621,      0.1372,      5.6649,     11.3298,      1.2125,     29.5794,     59.1588,      0.0195,      0.0004,      0.0156,      0.2102,   7962.9722,-420891.4375,   -910.0833,    559.1389,  26543.2402,
       1,     170,     182,       8,       1,       3,       1,     10.0000,      1.4141,     42.8096,    252.2353,     63.4775,      3.4953,      0.0194,     -0.0126,      0.1615,      0.1331,      5.6649,     11.3298,      1.1761,     29.5794,     59.1588,      0.0195,      0.0002,      0.0079,      0.2102,   7962.9722,-421040.5938,   -910.1290,    559.1284,  26543.2422,
       1,     170,     182,       9,       1,       3,       1,     10.0000,      1.4141,     42.8096,    252.2353,     63.4775,      3.4953,      0.0873,      0.0551,      3.0394,      0.1410,      5.6649,     11.3298,      1.2461,     29.5794,     59.1588,      0.0195,      0.0004,      0.1038,      0.2102,   7962.9731,-420689.4062,   -910.1228,    559.1530,  26543.2402,
       1,     170,     182,      10,       1,       3,       1,     10.0000,      1.4141,     42.8096,    252.2353,     63.4775,      3.4953,      0.0758,      0.0433,      3.9911,      0.1470,      5.6649,     11.3298,      1.2988,     29.5794,     59.1588,      0.0195,      0.0006,      0.0872,      0.2102,   7962.9722,-424141.1875,   -911.0683,    558.9117,  26543.2422,
       1,     170,     182,      11,       1,       3,       1,     10.0000,      1.4141,     42.8096,    252.2353,     63.4775,      3.4953,      0.1697,      0.1368,     21.2711,      0.1606,      5.6649,     11.3298,      1.4191,     29.5794,     59.1588,      0.0195,      0.0012,      0.2190,      0.2102,   7962.9731,-425584.1562,   -911.6193,    558.8109,  26543.2402,
       1,     170,     182,      12,       1,       3,       1,     10.0000,      1.4141,     42.8096,    252.2353,     63.4775,      3.4953,      0.1942,      0.1604,     59.8063,      0.1867,      5.6649,     11.3298,      1.6499,     29.5794,     59.1588,      0.0195,      0.0029,      0.2500,      0.2102,   7962.9722,-446611.4062,   -916.6609,    557.3422,  26543.2383,
       1,     170,     182,      13,       1,       3,       1,     10.0000,      1.4141,     42.8096,    252.2353,     63.4775,      3.4953,      0.1950,      0.1609,     70.5064,      0.1970,      5.6649,     11.3298,      1.7407,     29.5794,     59.1588,      0.0195,      0.0034,      0.2500,      0.2102,   7962.9717,-495026.3438,   -927.6824,    553.9711,  26543.2383,
       1,     170,     182,      14,       1,       3,       1,     10.0000,      1.4141,     42.8096,    252.2353,     63.4775,      3.4953,      0.1864,      0.1519,     71.6134,      0.2090,      5.6649,     11.3298,      1.8469,     29.5794,     59.1588,      0.0195,      0.0036,      0.2376,      0.2101,   7962.9717,-512095.5000,   -932.8067,    552.7993,  26543.2422,
       1,     170,     182,      15,       1,       3,       1,     10.0000,      1.4141,     42.8096,    252.2353,     63.4775,      3.4953,      0.1757,      0.1414,     65.7048,      0.2031,      5.6649,     11.3298,      1.7948,     29.5794,     59.1588,      0.0195,      0.0036,      0.2228,      0.2101,   7962.9731,-514865.1562,   -929.2323,    552.6092,  26543.2402,
       1,     170,     182,      16,       1,       3,       1,     10.0000,      1.4141,     42.8096,    252.2353,     63.4775,      3.4953,      0.0904,      0.0577,     15.7713,      0.1538,      5.6649,     11.3298,      1.3591,     29.5794,     59.1588,      0.0195,      0.0018,      0.1065,      0.2101,   7962.9722,-507939.4688,   -927.6127,    553.0876,  26543.2383,
       1,     170,     182,      17,       1,       3,       1,     10.0000,      1.4141,     42.8096,    252.2353,     63.4775,      3.4953,      0.0878,      0.0558,      8.1831,      0.1327,      5.6649,     11.3298,      1.1725,     29.5794,     59.1588,      0.0195,      0.0010,      0.1041,      0.2101,   7962.9717,-446874.4062,   -917.1139,    557.3096,  26543.2402,
       1,     170,     182,      18,       1,       3,       1,     10.0000,      1.4141,     42.8096,    252.2353,     63.4775,      3.4953,      0.0894,      0.0573,     13.4394,      0.1371,      5.6649,     11.3298,      1.2113,     29.5794,     59.1588,      0.0195,      0.0015,      0.1057,      0.2102,   7962.9722,-432594.2500,   -914.8373,    558.3206,  26543.2402,
       1,     170,     182,      19,       1,       3,       1,     10.0000,      1.4141,     42.8096,    252.2353,     63.4775,      3.4953,      0.0169,     -0.0156,      0.3469,      0.1471,      5.6649,     11.3298,      1.3001,     29.5794,     59.1588,      0.0195,      0.0011,      0.0037,      0.2102,   7962.9722,-437731.0000,   -913.6182,    557.9630,  26543.2402,
       1,     170,     182,      20,       1,       3,       1,     10.0000,      1.4141,     42.8096,    252.2353,     63.4775,      3.4953,      0.0018,     -0.0307,      0.5817,      0.1455,      5.6649,     11.3298,      1.2858,     29.5794,     59.1588,      0.0195,      0.0005,      0.0156,      0.2102,   7962.9722,-422322.5000,   -910.5346,    559.0377,  26543.2402,
       1,     170,     182,      21,       1,       3,       1,     10.0000,      1.4141,     42.8096,    252.2353,     63.4775,      3.4953,      0.0000,     -0.0324,      0.3567,      0.1468,      5.6649,     11.3298,      1.2975,     29.5794,     59.1588,      0.0195,      0.0003,      0.0156,      0.2102,   7962.9722,-421307.5625,   -910.3863,    559.1097,  26543.2402,
       1,     170,     182,      22,       1,       3,       1,     10.0000,      1.4141,     42.8096,    252.2353,     63.4775,      3.4953,      0.0000,     -0.0325,      0.3567,      0.1468,      5.6649,     11.3298,      1.2975,     29.5794,     59.1588,      0.0195,      0.0003,      0.0156,      0.2102,   7962.9722,-420948.2812,   -910.3233,    559.1348,  26543.2383,
       1,     170,     182,      23,       1,       3,       1,     10.0000,      1.4141,     42.8096,    252.2353,     63.4775,      3.4953,      0.0000,     -0.0325,      0.3601,      0.1480,      5.6649,     11.3298,      1.3080,     29.5794,     59.1588,      0.0195,      0.0003,      0.0156,      0.2102,   7962.9717,-420918.1562,   -910.0877,    559.1370,  26543.2383,
       1,     170,     182,      24,       1,       3,       1,     10.0000,      1.4141,     42.8096,    252.2353,     63.4775,      3.4953,      0.0000,     -0.0327,      0.3736,      0.1529,      5.6649,     11.3298,      1.3509,     29.5794,     59.1588,      0.0195,      0.0003,      0.0156,      0.2102,   7962.9717,-420919.5312,   -910.0880,    559.1368,  26543.2402,
       1,     170,     183,       1,       1,       3,       1,     10.0000,      1.4141,     42.8099,    252.2413,     63.4791,      3.4953,      0.0000,     -0.0328,      0.3823,      0.1560,      5.6660,     11.3320,      1.3784,     29.5734,     59.1469,      0.0195,      0.0003,      0.0156,      0.2102,   7962.9722,-421092.3125,   -910.3817,    559.1381,  26544.4316,
       1,     170,     183,       2,       1,       3,       1,     10.0000,      1.4141,     42.8099,    252.2413,     63.4791,      3.4953,      0.0000,     -0.0327,      0.3907,      0.1541,      5.6660,     11.3320,      1.3618,     29.5734,     59.1469,      0.0195,      0.0003,      0.0156,      0.2102,   7963.3296,-420964.3438,   -910.0961,    559.1470,  26544.4336,
       1,     170,     183,       3,       1,       3,       1,     10.0000,      1.4141,     42.8099,    252.2413,     63.4791,      3.4953,      0.0000,     -0.0327,      0.4007,      0.1529,      5.6660,     11.3320,      1.3509,     29.5734,     59.1469,      0.0195,      0.0003,      0.0156,      0.2102,   7963.3306,-420963.4688,   -910.0995,    559.1470,  26544.4375,
       1,     170,     183,       4,       1,       3,       1,     10.0000,      1.4141,     42.8099,    252.2413,     63.4791,      3.4953,      0.0000,     -0.0325,      0.4207,      0.1488,      5.6660,     11.3320,      1.3147,     29.5734,     59.1469,      0.0195,      0.0003,      0.0156,      0.2102,   7963.3315,-420975.1562,   -910.1065,    559.1462,  26544.4336,
       1,     170,     183,       5,       1,       3,       1,     10.0000,      1.4141,     42.8099,    252.2413,     63.4791,      3.4953,      0.0000,     -0.0323,      0.3486,      0.1439,      5.6660,     11.3320,      1.2716,     29.5734,     59.1469,      0.0195,      0.0003,      0.0156,      0.2102,   7963.3306,-421000.6875,   -910.1188,    559.1444,  26544.4355,
       1,     170,     183,       6,       1,       3,       1,     10.0000,      1.4141,     42.8099,    252.2413,     63.4791,      3.4953,      0.0000,     -0.0323,      0.4285,      0.1427,      5.6660,     11.3320,      1.2613,     29.5734,     59.1469,      0.0195,      0.0003,      0.0156,      0.2102,   7963.3311,-420915.5312,   -910.1048,    559.1504,  26544.4336,
       1,     170,     183,       7,       1,       3,       1,     10.0000,      1.4141,     42.8099,    252.2413,     63.4791,      3.4953,      0.0000,     -0.0324,      0.9028,      0.1451,      5.6660,     11.3320,      1.2819,     29.5734,     59.1469,      0.0195,      0.0007,      0.0156,      0.2102,   7963.3306,-421005.2188,   -910.1325,    559.1442,  26544.4355,
       1,     170,     183,       8,       1,       3,       1,     10.0000,      1.4141,     42.8099,    252.2413,     63.4791,      3.4953,      0.0152,     -0.0171,      0.0406,      0.1413,      5.6660,     11.3320,      1.2487,     29.5734,     59.1469,      0.0195,      0.0003,      0.0016,      0.2102,   7963.3311,-421586.1875,   -910.2884,    559.1036,  26544.4355,
       1,     170,     183,       9,       1,       3,       1,     10.0000,      1.4141,     42.8099,    252.2413,     63.4791,      3.4953,      0.1282,      0.0954,     10.7018,      0.1555,      5.6660,     11.3320,      1.3742,     29.5734,     59.1469,      0.0195,      0.0008,      0.1610,      0.2102,   7963.3311,-420592.3750,   -910.1886,    559.1730,  26544.4355,
       1,     170,     183,      10,       1,       3,       1,     10.0000,      1.4141,     42.8099,    252.2413,     63.4791,      3.4953,      0.1815,      0.1476,     48.3859,      0.1890,      5.6660,     11.3320,      1.6697,     29.5734,     59.1469,      0.0195,      0.0025,      0.2329,      0.2102,   7963.3311,-433403.6875,   -913.1165,    558.2775,  26544.4355,
       1,     170,     183,      11,       1,       3,       1,     10.0000,      1.4141,     42.8099,    252.2413,     63.4791,      3.4953,      0.1830,      0.1489,     61.0839,      0.1962,      5.6660,     11.3320,      1.7338,     29.5734,     59.1469,      0.0195,      0.0032,      0.2338,      0.2102,   7963.3311,-480077.2812,   -923.3708,    555.0212,  26544.4375,
       1,     170,     183,      12,       1,       3,       1,     10.0000,      1.4141,     42.8099,    252.2413,     63.4791,      3.4953,      0.1506,      0.1179,     22.6006,      0.1529,      5.6660,     11.3320,      1.3509,     29.5734,     59.1469,      0.0195,      0.0014,      0.1916,      0.2102,   7963.3315,-499414.8125,   -926.3624,    553.6890,  26544.4336,
       1,     170,     183,      13,       1,       3,       1,     10.0000,      1.4141,     42.8099,    252.2413,     63.4791,      3.4953,      0.1928,      0.1596,     40.3203,      0.1692,      5.6660,     11.3320,      1.4950,     29.5734,     59.1469,      0.0195,      0.0019,      0.2500,      0.2102,   7963.3306,-454436.0625,   -917.0509,    556.8037,  26544.4336,
       1,     170,     183,      14,       1,       3,       1,     10.0000,      1.4141,     42.8099,    252.2413,     63.4791,      3.4953,      0.0665,      0.0340,      5.2968,      0.1485,      5.6660,     11.3320,      1.3120,     29.5734,     59.1469,      0.0195,      0.0009,      0.0738,      0.2102,   7963.3306,-472113.6250,   -921.3246,    555.5821,  26544.4375,
       1,     170,     183,      15,       1,       3,       1,     10.0000,      1.4141,     42.8099,    252.2413,     63.4791,      3.4953,      0.0147,     -0.0169,      0.0398,      0.1241,      5.6660,     11.3320,      1.0964,     29.5734,     59.1469,      0.0195,      0.0003,      0.0017,      0.2102,   7963.3315,-431203.3125,   -912.2363,    558.4245,  26544.4336,
       1,     170,     183,      16,       1,       3,       1,     10.0000,      1.4141,     42.8099,    252.2413,     63.4791,      3.4953,      0.0452,      0.0135,      0.8670,      0.1270,      5.6660,     11.3320,      1.1224,     29.5734,     59.1469,      0.0195,      0.0002,      0.0447,      0.2102,   7963.3306,-421412.5000,   -910.2181,    559.1152,  26544.4355,
       1,     170,     183,      17,       1,       3,       1,     10.0000,      1.4141,     42.8099,    252.2413,     63.4791,      3.4953,      0.0503,      0.0189,      0.9622,      0.1216,      5.6660,     11.3320,      1.0742,     29.5734,     59.1469,      0.0195,      0.0002,      0.0522,      0.2102,   7963.3311,-421577.8125,   -910.2986,    559.1041,  26544.4375,
       1,     170,     183,      18,       1,       3,       1,     10.0000,      1.4141,     42.8099,    252.2413,     63.4791,      3.4953,      0.0634,      0.0319,      1.2965,      0.1212,      5.6660,     11.3320,      1.0709,     29.5734,     59.1469,      0.0195,      0.0002,      0.0706,      0.2102,   7963.3315,-421706.2188,   -910.3219,    559.0952,  26544.4336,
       1,     170,     183,      19,       1,       3,       1,     10.0000,      1.4141,     42.8099,    252.2413,     63.4791,      3.4953,      0.0389,      0.0074,      0.6720,      0.1229,      5.6660,     11.3320,      1.0863,     29.5734,     59.1469,      0.0195,      0.0002,      0.0360,      0.2102,   7963.3306,-422121.9062,   -910.5284,    559.0661,  26544.4355,
       1,     170,     183,      20,       1,       3,       1,     10.0000,      1.4141,     42.8099,    252.2413,     63.4791,      3.4953,      0.0025,     -0.0290,      0.2895,      0.1223,      5.6660,     11.3320,      1.0808,     29.5734,     59.1469,      0.0195,      0.0002,      0.0156,      0.2102,   7963.3311,-421401.5625,   -910.3138,    559.1165,  26544.4336,
       1,     170,     183,      21,       1,       3,       1,     10.0000,      1.4141,     42.8099,    252.2413,     63.4791,      3.4953,      0.0000,     -0.0315,      0.2855,      0.1208,      5.6660,     11.3320,      1.0676,     29.5734,     59.1469,      0.0195,      0.0002,      0.0156,      0.2102,   7963.3306,-420878.0000,   -910.0878,    559.1530,  26544.4336,
       1,     170,     183,      22,       1,       3,       1,     10.0000,      1.4141,     42.8099,    252.2413,     63.4791,      3.4953,      0.0000,     -0.0315,      0.2905,      0.1227,      5.6660,     11.3320,      1.0841,     29.5734,     59.1469,      0.0195,      0.0002,      0.0156,      0.2102,   7963.3306,-420828.9062,   -910.0803,    559.1564,  26544.4355,
       1,     170,     183,      23,       1,       3,       1,     10.0000,      1.4141,     42.8099,    252.2413,     63.4791,      3.4953,      0.0000,     -0.0317,      0.3036,      0.1275,      5.6660,     11.3320,      1.1270,     29.5734,     59.1469,      0.0195,      0.0002,      0.0156,      0.2102,   7963.3311,-420830.7500,   -910.0818,    559.1564,  26544.4355,
       1,     170,     183,      24,       1,       3,       1,     10.0000,      1.4141,     42.8099,    252.2413,     63.4791,      3.4953,      0.0000,     -0.0318,      0.4852,      0.1294,      5.6660,     11.3320,      1.1431,     29.5734,     59.1469,      0.0195,      0.0004,      0.0156,      0.2102,   7963.3311,-420846.7188,   -910.0861,    559.1552,  26544.4355,
       1,     170,     184,       1,       1,       3,       1,     10.0000,      1.4141,     42.8102,    252.2473,     63.4806,      3.4953,      0.0000,     -0.0319,      0.3920,      0.1310,      5.6666,     11.3331,      1.1572,     29.5612,     59.1224,      0.0195,      0.0003,      0.0156,      0.2103,   7963.3311,-421223.6875,   -910.4397,    559.1423,  26545.6230,
       1,     170,     184,       2,       1,       3,       1,     10.0000,      1.4141,     42.8102,    252.2473,     63.4806,      3.4953,      0.0000,     -0.0319,      0.3170,      0.1324,      5.6666,     11.3331,      1.1702,     29.5612,     59.1224,      0.0195,      0.0002,      0.0156,      0.2103,   7963.6870,-420990.2500,   -910.1546,    559.1586,  26545.6270,
       1,     170,     184,       3,       1,       3,       1,     10.0000,      1.4141,     42.8102,    252.2473,     63.4806,      3.4953,      0.0000,     -0.0319,      0.3336,      0.1322,      5.6666,     11.3331,      1.1678,     29.5612,     59.1224,      0.0195,      0.0003,      0.0156,      0.2103,   7963.6885,-420879.3438,   -910.0790,    559.1663,  26545.6270,
       1,     170,     184,       4,       1,       3,       1,     10.0000,      1.4141,     42.8102,    252.2473,     63.4806,      3.4953,      0.0000,     -0.0318,      0.3086,      0.1294,      5.6666,     11.3331,      1.1432,     29.5612,     59.1224,      0.0195,      0.0002,      0.0156,      0.2103,   7963.6885,-420890.1562,   -910.0836,    559.1656,  26545.6270,
       1,     170,     184,       5,       1,       3,       1,     10.0000,      1.4141,     42.8102,    252.2473,     63.4806,      3.4953,      0.0000,     -0.0316,      0.2991,      0.1259,      5.6666,     11.3331,      1.1121,     29.5612,     59.1224,      0.0195,      0.0002,      0.0156,      0.2103,   7963.6885,-420860.8125,   -910.0756,    559.1676,  26545.6270,
       1,     170,     184,       6,       1,       3,       1,     10.0000,      1.4141,     42.8102,    252.2473,     63.4806,      3.4953,      0.0000,     -0.0314,      0.3013,      0.1206,      5.6666,     11.3331,      1.0655,     29.5612,     59.1224,      0.0195,      0.0002,      0.0156,      0.2103,   7963.6885,-420846.8125,   -910.0730,    559.1686,  26545.6250,
       1,     170,     184,       7,       1,       3,       1,     10.0000,      1.4141,     42.8102,    252.2473,     63.4806,      3.4953,      0.0000,     -0.0314,      0.2845,      0.1205,      5.6666,     11.3331,      1.0644,     29.5612,     59.1224,      0.0195,      0.0002,      0.0156,      0.2103,   7963.6880,-420848.4062,   -910.0778,    559.1685,  26545.6250,
       1,     170,     184,       8,       1,       3,       1,     10.0000,      1.4141,     42.8102,    252.2473,     63.4806,      3.4953,      0.0046,     -0.0269,      0.2828,      0.1198,      5.6666,     11.3331,      1.0589,     29.5612,     59.1224,      0.0195,      0.0002,      0.0156,      0.2103,   7963.6880,-420828.1875,   -910.0757,    559.1699,  26545.6270,
       1,     170,     184,       9,       1,       3,       1,     10.0000,      1.4141,     42.8102,    252.2473,     63.4806,      3.4953,      0.0388,      0.0073,      0.6603,      0.1214,      5.6666,     11.3331,      1.0731,     29.5612,     59.1224,      0.0195,      0.0002,      0.0359,      0.2103,   7963.6885,-420824.3438,   -910.0945,    559.1702,  26545.6270,
       1,     170,     184,      10,       1,       3,       1,     10.0000,      1.4141,     42.8102,    252.2473,     63.4806,      3.4953,      0.1442,      0.1123,      8.3427,      0.1334,      5.6666,     11.3331,      1.1786,     29.5612,     59.1224,      0.0195,      0.0005,      0.1842,      0.2103,   7963.6885,-421280.5312,   -910.2974,    559.1383,  26545.6250,
       1,     170,     184,      11,       1,       3,       1,     10.0000,      1.4141,     42.8102,    252.2473,     63.4806,      3.4953,      0.1860,      0.1529,     46.1002,      0.1632,      5.6666,     11.3331,      1.4421,     29.5612,     59.1224,      0.0195,      0.0023,      0.2394,      0.2103,   7963.6880,-430610.4688,   -912.7230,    558.4862,  26545.6270,
       1,     170,     184,      12,       1,       3,       1,     10.0000,      1.4141,     42.8102,    252.2473,     63.4806,      3.4953,      0.1911,      0.1578,     62.0078,      0.1736,      5.6666,     11.3331,      1.5343,     29.5612,     59.1224,      0.0195,      0.0031,      0.2451,      0.2103,   7963.6885,-477070.3750,   -922.8284,    555.2432,  26545.6270,
       1,     170,     184,      13,       1,       3,       1,     10.0000,      1.4141,     42.8102,    252.2473,     63.4806,      3.4953,      0.1963,      0.1625,     85.8020,      0.1867,      5.6666,     11.3331,      1.6500,     29.5612,     59.1224,      0.0195,      0.0041,      0.2500,      0.2102,   7963.6885,-500272.6875,   -928.8762,    553.6422,  26545.6250,
       1,     170,     184,      14,       1,       3,       1,     10.0000,      1.4141,     42.8102,    252.2473,     63.4806,      3.4953,      0.1973,      0.1632,    100.5126,      0.1988,      5.6666,     11.3331,      1.7563,     29.5612,     59.1224,      0.0195,      0.0049,      0.2500,      0.2102,   7963.6880,-531034.0625,   -936.6679,    551.5157,  26545.6250,
       1,     170,     184,      15,       1,       3,       1,     10.0000,      1.4141,     42.8102,    252.2473,     63.4806,      3.4953,      0.1989,      0.1644,    121.4665,      0.2098,      5.6666,     11.3331,      1.8543,     29.5612,     59.1224,      0.0195,      0.0059,      0.2500,      0.2101,   7963.6880,-551454.3125,   -942.8805,    550.1120,  26545.6250,
       1,     170,     184,      16,       1,       3,       1,     10.0000,      1.4141,     42.8102,    252.2473,     63.4806,      3.4953,      0.1985,      0.1638,    131.8736,      0.2170,      5.6666,     11.3331,      1.9174,     29.5612,     59.1224,      0.0195,      0.0064,      0.2483,      0.2101,   7963.6880,-578566.1250,   -950.2614,    548.2495,  26545.6250,
       1,     170,     184,      17,       1,       3,       1,     10.0000,      1.4141,     42.8102,    252.2473,     63.4806,      3.4953,      0.1936,      0.1588,    130.9626,      0.2204,      5.6666,     11.3331,      1.9478,     29.5612,     59.1224,      0.0195,      0.0066,      0.2415,      0.2101,   7963.6880,-593473.5625,   -954.9854,    547.2310,  26545.6289,
       1,     170,     184,      18,       1,       3,       1,     10.0000,      1.4141,     42.8102,    252.2473,     63.4806,      3.4953,      0.1819,      0.1475,    104.2369,      0.2055,      5.6666,     11.3331,      1.8163,     29.5612,     59.1224,      0.0195,      0.0055,      0.2274,      0.2101,   7963.6890,-593622.5000,   -956.6608,    547.2217,  26545.6250,
       1,     170,     184,      19,       1,       3,       1,     10.0000,      1.4141,     42.8102,    252.2473,     63.4806,      3.4953,      0.1443,      0.1104,     65.8155,      0.1907,      5.6666,     11.3331,      1.6848,     29.5612,     59.1224,      0.0195,      0.0045,      0.1776,      0.2101,   7963.6880,-561224.1250,   -951.6591,    549.4379,  26545.6230,
       1,     170,     184,      20,       1,       3,       1,     10.0000,      1.4141,     42.8102,    252.2473,     63.4806,      3.4953,      0.0541,      0.0208,     14.1603,      0.1736,      5.6666,     11.3331,      1.5343,     29.5612,     59.1224,      0.0195,      0.0031,      0.0544,      0.2101,   7963.6870,-511944.7812,   -942.9468,    552.8269,  26545.6250,
       1,     170,     184,      21,       1,       3,       1,     10.0000,      1.4141,     42.8102,    252.2473,     63.4806,      3.4953,      0.0000,     -0.0330,      2.7468,      0.1624,      5.6666,     11.3331,      1.4349,     29.5612,     59.1224,      0.0195,      0.0021,      0.0156,      0.2102,   7963.6880,-445269.0625,   -930.4268,    557.4449,  26545.6230,
       1,     170,     184,      22,       1,       3,       1,     10.0000,      1.4141,     42.8102,    252.2473,     63.4806,      3.4953,      0.0000,     -0.0329,      2.3948,      0.1595,      5.6666,     11.3331,      1.4092,     29.5612,     59.1224,      0.0195,      0.0019,      0.0156,      0.2102,   7963.6870,-425889.5312,   -926.7866,    558.8146,  26545.6250,
       1,     170,     184,      23,       1,       3,       1,     10.0000,      1.4141,     42.8102,    252.2473,     63.4806,      3.4953,      0.0000,     -0.0328,      2.1720,      0.1565,      5.6666,     11.3331,      1.3826,     29.5612,     59.1224,      0.0195,      0.0017,      0.0156,      0.2103,   7963.6880,-423808.5312,   -926.4398,    558.9616,  26545.6270,
       1,     170,     184,      24,       1,       3,       1,     10.0000,      1.4141,     42.8102,    252.2473,     63.4806,      3.4953,      0.0000,     -0.0328,      2.0363,      0.1566,      5.6666,     11.3331,      1.3840,     29.5612,     59.1224,      0.0195,      0.0016,      0.0156,      0.2103,   7963.6885,-423361.1250,   -926.3978,    558.9929,  26545.6270,
       1,     170,     185,       1,       1,       3,       1,     10.0000,      1.4142,     42.8106,    252.2532,     63.4821,      3.4953,      0.0000,     -0.0328,      1.9799,      0.1555,      5.6652,     11.3304,      1.3743,     29.5684,     59.1368,      0.0195,      0.0015,      0.0156,      0.2103,   7963.6885,-423315.0000,   -926.7032,    559.0093,  26546.8223,
       1,     170,     185,       2,       1,       3,       1,     10.0000,      1.4142,     42.8106,    252.2532,     63.4821,      3.4953,      0.0000,     -0.0325,      1.6555,      0.1483,      5.6652,     11.3304,      1.3108,     29.5684,     59.1368,      0.0195,      0.0013,      0.0156,      0.2103,   7964.0469,-423089.6250,   -926.4175,    559.0251,  26546.8203,
       1,     170,     185,       3,       1,       3,       1,     10.0000,      1.4142,     42.8106,    252.2532,     63.4821,      3.4953,      0.0000,     -0.0325,      1.1645,      0.1471,      5.6652,     11.3304,      1.3002,     29.5684,     59.1368,      0.0195,      0.0009,      0.0156,      0.2103,   7964.0464,-422678.4375,   -926.3674,    559.0538,  26546.8203,
       1,     170,     185,       4,       1,       3,       1,     10.0000,      1.4142,     42.8106,    252.2532,     63.4821,      3.4953,      0.0000,     -0.0324,      0.8780,      0.1454,      5.6652,     11.3304,      1.2846,     29.5684,     59.1368,      0.0195,      0.0007,      0.0156,      0.2103,   7964.0464,-422050.0938,   -926.2628,    559.0977,  26546.8184,
       1,     170,     185,       5,       1,       3,       1,     10.0000,      1.4142,     42.8106,    252.2532,     63.4821,      3.4953,      0.0000,     -0.0324,      0.5633,      0.1441,      5.6652,     11.3304,      1.2729,     29.5684,     59.1368,      0.0195,      0.0004,      0.0156,      0.2103,   7964.0459,-421650.7188,   -926.1941,    559.1256,  26546.8203,
       1,     170,     185,       6,       1,       3,       1,     10.0000,      1.4142,     42.8106,    252.2532,     63.4821,      3.4953,      0.0000,     -0.0323,      0.5424,      0.1433,      5.6652,     11.3304,      1.2665,     29.5684,     59.1368,      0.0195,      0.0004,      0.0156,      0.2103,   7964.0464,-421236.1250,   -926.1183,    559.1545,  26546.8203,
       1,     170,     185,       7,       1,       3,       1,     10.0000,      1.4142,     42.8106,    252.2532,     63.4821,      3.4953,      0.0000,     -0.0322,      0.3395,      0.1406,      5.6652,     11.3304,      1.2424,     29.5684,     59.1368,      0.0195,      0.0003,      0.0156,      0.2103,   7964.0464,-421175.8438,   -926.1113,    559.1588,  26546.8203,
       1,     170,     185,       8,       1,       3,       1,     10.0000,      1.4142,     42.8106,    252.2532,     63.4821,      3.4953,      0.0143,     -0.0178,      0.0116,      0.1374,      5.6652,     11.3304,      1.2138,     29.5684,     59.1368,      0.0195,      0.0003,      0.0005,      0.2103,   7964.0464,-420925.2812,   -926.0647,    559.1763,  26546.8223,
       1,     170,     185,       9,       1,       3,       1,     10.0000,      1.4142,     42.8106,    252.2532,     63.4821,      3.4953,      0.1012,      0.0687,      9.4513,      0.1480,      5.6652,     11.3304,      1.3081,     29.5684,     59.1368,      0.0195,      0.0009,      0.1227,      0.2103,   7964.0469,-420507.3750,   -925.9904,    559.2055,  26546.8203,
       1,     170,     185,      10,       1,       3,       1,     10.0000,      1.4142,     42.8106,    252.2532,     63.4821,      3.4953,      0.1599,      0.1265,     42.3870,      0.1757,      5.6652,     11.3304,      1.5529,     29.5684,     59.1368,      0.0195,      0.0025,      0.2026,      0.2103,   7964.0464,-431887.4062,   -928.2935,    558.4100,  26546.8203,
       1,     170,     185,      11,       1,       3,       1,     10.0000,      1.4142,     42.8106,    252.2532,     63.4821,      3.4953,      0.1949,      0.1610,     67.7620,      0.1884,      5.6652,     11.3304,      1.6649,     29.5684,     59.1368,      0.0195,      0.0033,      0.2500,      0.2103,   7964.0464,-472684.7812,   -936.4958,    555.5629,  26546.8203,
       1,     170,     185,      12,       1,       3,       1,     10.0000,      1.4142,     42.8106,    252.2532,     63.4821,      3.4953,      0.1962,      0.1619,     87.6059,      0.2035,      5.6652,     11.3304,      1.7985,     29.5684,     59.1368,      0.0195,      0.0042,      0.2498,      0.2102,   7964.0464,-506856.3125,   -943.6444,    553.1971,  26546.8203,
       1,     170,     185,      13,       1,       3,       1,     10.0000,      1.4142,     42.8106,    252.2532,     63.4821,      3.4953,      0.1972,      0.1627,     99.4018,      0.2082,      5.6652,     11.3304,      1.8398,     29.5684,     59.1368,      0.0195,      0.0048,      0.2500,      0.2102,   7964.0464,-533768.6875,   -949.5026,    551.3411,  26546.8203,
       1,     170,     185,      14,       1,       3,       1,     10.0000,      1.4142,     42.8106,    252.2532,     63.4821,      3.4953,      0.1991,      0.1640,    126.2618,      0.2299,      5.6652,     11.3304,      2.0318,     29.5684,     59.1368,      0.0195,      0.0061,      0.2500,      0.2102,   7964.0464,-550326.3750,   -953.3881,    550.2031,  26546.8203,
       1,     170,     185,      15,       1,       3,       1,     10.0000,      1.4142,     42.8106,    252.2532,     63.4821,      3.4953,      0.1899,      0.1551,    102.5957,      0.2187,      5.6652,     11.3304,      1.9326,     29.5684,     59.1368,      0.0195,      0.0052,      0.2392,      0.2101,   7964.0464,-584264.8750,   -960.7661,    547.8702,  26546.8203,
       1,     170,     185,      16,       1,       3,       1,     10.0000,      1.4142,     42.8106,    252.2532,     63.4821,      3.4953,      0.1945,      0.1598,    102.5368,      0.2166,      5.6652,     11.3304,      1.9137,     29.5684,     59.1368,      0.0195,      0.0050,      0.2459,      0.2101,   7964.0464,-558443.8125,   -956.3049,    549.6434,  26546.8184,
       1,     170,     185,      17,       1,       3,       1,     10.0000,      1.4142,     42.8106,    252.2532,     63.4821,      3.4953,      0.1678,      0.1334,     76.6434,      0.2045,      5.6652,     11.3304,      1.8074,     29.5684,     59.1368,      0.0195,      0.0044,      0.2101,      0.2101,   7964.0459,-556203.5625,   -956.3953,    549.8002,  26546.8164,
       1,     170,     185,      18,       1,       3,       1,     10.0000,      1.4142,     42.8106,    252.2532,     63.4821,      3.4953,      0.1840,      0.1495,     89.5397,      0.2101,      5.6652,     11.3304,      1.8562,     29.5684,     59.1368,      0.0195,      0.0047,      0.2322,      0.2101,   7964.0454,-524634.6250,   -950.5638,    551.9698,  26546.8164,
       1,     170,     185,      19,       1,       3,       1,     10.0000,      1.4142,     42.8106,    252.2532,     63.4821,      3.4953,      0.1505,      0.1163,     65.1203,      0.2001,      5.6652,     11.3304,      1.7686,     29.5684,     59.1368,      0.0195,      0.0042,      0.1866,      0.2102,   7964.0454,-537612.0000,   -953.5181,    551.0787,  26546.8184,
       1,     170,     185,      20,       1,       3,       1,     10.0000,      1.4142,     42.8106,    252.2532,     63.4821,      3.4953,      0.0417,      0.0079,      9.7411,      0.1838,      5.6652,     11.3304,      1.6240,     29.5684,     59.1368,      0.0195,      0.0032,      0.0367,      0.2102,   7964.0459,-509118.9062,   -948.1705,    553.0422,  26546.8164,
       1,     170,     185,      21,       1,       3,       1,     10.0000,      1.4142,     42.8106,    252.2532,     63.4821,      3.4953,      0.0000,     -0.0334,      3.0649,      0.1743,      5.6652,     11.3304,      1.5405,     29.5684,     59.1368,      0.0195,      0.0024,      0.0156,      0.2102,   7964.0454,-439675.3125,   -934.4330,    557.8463,  26546.8184,
       1,     170,     185,      22,       1,       3,       1,     10.0000,      1.4142,     42.8106,    252.2532,     63.4821,      3.4953,      0.0000,     -0.0334,      2.9518,      0.1742,      5.6652,     11.3304,      1.5390,     29.5684,     59.1368,      0.0195,      0.0023,      0.0156,      0.2103,   7964.0459,-425807.8750,   -931.6636,    558.8342,  26546.8184,
       1,     170,     185,      23,       1,       3,       1,     10.0000,      1.4142,     42.8106,    252.2532,     63.4821,      3.4953,      0.0000,     -0.0333,      2.6329,      0.1716,      5.6652,     11.3304,      1.5161,     29.5684,     59.1368,      0.0195,      0.0020,      0.0156,      0.2103,   7964.0459,-424477.1875,   -931.3829,    558.9281,  26546.8184,
       1,     170,     185,      24,       1,       3,       1,     10.0000,      1.4142,     42.8106,    252.2532,     63.4821,      3.4953,      0.0000,     -0.0332,      1.9994,      0.1675,      5.6652,     11.3304,      1.4802,     29.5684,     59.1368,      0.0195,      0.0015,      0.0156,      0.2103,   7964.0459,-423977.8438,   -931.2693,    558.9629,  26546.8184,
       1,     170,     186,       1,       1,       3,       1,     10.0000,      1.4142,     42.8109,    252.2592,     63.4836,      3.4953,      0.0000,     -0.0332,      1.5865,      0.1668,      5.6653,     11.3305,      1.4743,     29.5767,     59.1535,      0.0195,      0.0012,      0.0156,      0.2103,   7964.0459,-423325.9062,   -931.4183,    559.0218,  26548.0156,
       1,     170,     186,       2,       1,       3,       1,     10.0000,      1.4142,     42.8109,    252.2592,     63.4836,      3.4953,      0.0000,     -0.0331,      1.0377,      0.1653,      5.6653,     11.3305,      1.4611,     29.5767,     59.1535,      0.0195,      0.0008,      0.0156,      0.2103,   7964.4048,-422617.7188,   -930.9853,    559.0713,  26548.0137,
       1,     170,     186,       3,       1,       3,       1,     10.0000,      1.4142,     42.8109,    252.2592,     63.4836,      3.4953,      0.0000,     -0.0331,      1.0940,      0.1663,      5.6653,     11.3305,      1.4699,     29.5767,     59.1535,      0.0195,      0.0008,      0.0156,      0.2103,   7964.4043,-421894.6250,   -930.8392,    559.1218,  26548.0137,
       1,     170,     186,       4,       1,       3,       1,     10.0000,      1.4142,     42.8109,    252.2592,     63.4836,      3.4953,      0.0000,     -0.0331,      1.8537,      0.1653,      5.6653,     11.3305,      1.4611,     29.5767,     59.1535,      0.0195,      0.0014,      0.0156,      0.2103,   7964.4043,-421901.5938,   -930.8374,    559.1214,  26548.0137,
       1,     170,     186,       5,       1,       3,       1,     10.0000,      1.4142,     42.8109,    252.2592,     63.4836,      3.4953,      0.0000,     -0.0328,      1.5365,      0.1577,      5.6653,     11.3305,      1.3938,     29.5767,     59.1535,      0.0195,      0.0012,      0.0156,      0.2103,   7964.4043,-422820.7188,   -931.0106,    559.0571,  26548.0156,
       1,     170,     186,       6,       1,       3,       1,     10.0000,      1.4142,     42.8109,    252.2592,     63.4836,      3.4953,      0.0000,     -0.0327,      1.1737,      0.1523,      5.6653,     11.3305,      1.3456,     29.5767,     59.1535,      0.0195,      0.0009,      0.0156,      0.2103,   7964.4048,-422514.5312,   -930.9416,    559.0785,  26548.0137,
       1,     170,     186,       7,       1,       3,       1,     10.0000,      1.4142,     42.8109,    252.2592,     63.4836,      3.4953,      0.0000,     -0.0325,      0.8176,      0.1494,      5.6653,     11.3305,      1.3201,     29.5767,     59.1535,      0.0195,      0.0006,      0.0156,      0.2103,   7964.4043,-422050.3125,   -930.8488,    559.1109,  26548.0137,
       1,     170,     186,       8,       1,       3,       1,     10.0000,      1.4142,     42.8109,    252.2592,     63.4836,      3.4953,      0.0306,     -0.0022,      2.1068,      0.1565,      5.6653,     11.3305,      1.3826,     29.5767,     59.1535,      0.0195,      0.0011,      0.0226,      0.2103,   7964.4043,-421580.6562,   -930.7548,    559.1437,  26548.0137,
       1,     170,     186,       9,       1,       3,       1,     10.0000,      1.4142,     42.8109,    252.2592,     63.4836,      3.4953,      0.1266,      0.0932,     28.5112,      0.1766,      5.6653,     11.3305,      1.5606,     29.5767,     59.1535,      0.0195,      0.0022,      0.1565,      0.2103,   7964.4043,-423099.7188,   -931.0464,    559.0376,  26548.0137,
       1,     170,     186,      10,       1,       3,       1,     10.0000,      1.4142,     42.8109,    252.2592,     63.4836,      3.4953,      0.1615,      0.1272,     61.2073,      0.2007,      5.6653,     11.3305,      1.7739,     29.5767,     59.1535,      0.0195,      0.0036,      0.2028,      0.2103,   7964.4043,-455155.0625,   -937.4779,    556.7975,  26548.0156,
       1,     170,     186,      11,       1,       3,       1,     10.0000,      1.4142,     42.8109,    252.2592,     63.4836,      3.4953,      0.1940,      0.1593,    112.7458,      0.2161,      5.6653,     11.3305,      1.9100,     29.5767,     59.1535,      0.0195,      0.0056,      0.2439,      0.2103,   7964.4048,-497427.5938,   -946.0418,    553.8599,  26548.0137,
       1,     170,     186,      12,       1,       3,       1,     10.0000,      1.4142,     42.8109,    252.2592,     63.4836,      3.4953,      0.1967,      0.1615,    133.3126,      0.2352,      5.6653,     11.3305,      2.0781,     29.5767,     59.1535,      0.0195,      0.0066,      0.2458,      0.2102,   7964.4043,-563395.3750,   -959.5305,    549.3006,  26548.0098,
       1,     170,     186,      13,       1,       3,       1,     10.0000,      1.4142,     42.8109,    252.2592,     63.4836,      3.4953,      0.1926,      0.1575,    131.3339,      0.2320,      5.6653,     11.3305,      2.0498,     29.5767,     59.1535,      0.0195,      0.0066,      0.2401,      0.2102,   7964.4033,-593920.3750,   -966.0455,    547.2233,  26548.0117,
       1,     170,     186,      14,       1,       3,       1,     10.0000,      1.4142,     42.8109,    252.2592,     63.4836,      3.4953,      0.1917,      0.1566,    113.1918,      0.2327,      5.6653,     11.3305,      2.0559,     29.5767,     59.1535,      0.0195,      0.0057,      0.2409,      0.2101,   7964.4038,-594080.5000,   -966.5469,    547.2163,  26548.0117,
       1,     170,     186,      15,       1,       3,       1,     10.0000,      1.4142,     42.8109,    252.2592,     63.4836,      3.4953,      0.1926,      0.1579,     96.8332,      0.2164,      5.6653,     11.3305,      1.9119,     29.5767,     59.1535,      0.0195,      0.0048,      0.2438,      0.2101,   7964.4038,-572093.1875,   -962.5396,    548.7203,  26548.0098,
       1,     170,     186,      16,       1,       3,       1,     10.0000,      1.4142,     42.8109,    252.2592,     63.4836,      3.4953,      0.1407,      0.1066,     38.7367,      0.1958,      5.6653,     11.3305,      1.7305,     29.5767,     59.1535,      0.0195,      0.0027,      0.1755,      0.2101,   7964.4033,-550424.0000,   -958.7914,    550.2086,  26548.0117,
       1,     170,     186,      17,       1,       3,       1,     10.0000,      1.4142,     42.8109,    252.2592,     63.4836,      3.4953,      0.1671,      0.1331,     31.3301,      0.1933,      5.6653,     11.3305,      1.7084,     29.5767,     59.1535,      0.0195,      0.0018,      0.2143,      0.2102,   7964.4038,-478219.7188,   -945.0668,    555.1766,  26548.0078,
       1,     170,     186,      18,       1,       3,       1,     10.0000,      1.4142,     42.8109,    252.2592,     63.4836,      3.4953,      0.1807,      0.1462,     56.9339,      0.2092,      5.6653,     11.3305,      1.8489,     29.5767,     59.1535,      0.0195,      0.0030,      0.2310,      0.2103,   7964.4028,-463249.8750,   -942.4866,    556.2379,  26548.0098,
       1,     170,     186,      19,       1,       3,       1,     10.0000,      1.4142,     42.8109,    252.2592,     63.4836,      3.4953,      0.1387,      0.1044,     41.9808,      0.2037,      5.6653,     11.3305,      1.8003,     29.5767,     59.1535,      0.0195,      0.0029,      0.1722,      0.2103,   7964.4033,-492941.0312,   -945.7962,    554.1745,  26548.0098,
       1,     170,     186,      20,       1,       3,       1,     10.0000,      1.4142,     42.8109,    252.2592,     63.4836,      3.4953,      0.0510,      0.0176,      4.2803,      0.1757,      5.6653,     11.3305,      1.5529,     29.5767,     59.1535,      0.0195,      0.0010,      0.0510,      0.2102,   7964.4033,-477353.8438,   -921.3265,    555.2581,  26547.9258,
       1,     170,     186,      21,       1,       3,       1,     10.0000,      1.4142,     42.8109,    252.2592,     63.4836,      3.4953,      0.0000,     -0.0332,      0.6044,      0.1670,      5.6653,     11.3305,      1.4758,     29.5767,     59.1535,      0.0195,      0.0005,      0.0156,      0.2103,   7964.3779,-430427.0938,   -913.1401,    558.5162,  26548.0156,
       1,     170,     186,      22,       1,       3,       1,     10.0000,      1.4142,     42.8109,    252.2592,     63.4836,      3.4953,      0.0000,     -0.0332,      0.8713,      0.1694,      5.6653,     11.3305,      1.4966,     29.5767,     59.1535,      0.0195,      0.0007,      0.0156,      0.2103,   7964.4048,-422041.1562,   -911.6333,    559.1112,  26548.0176,
       1,     170,     186,      23,       1,       3,       1,     10.0000,      1.4142,     42.8109,    252.2592,     63.4836,      3.4953,      0.0000,     -0.0333,      1.1295,      0.1704,      5.6653,     11.3305,      1.5056,     29.5767,     59.1535,      0.0195,      0.0009,      0.0156,      0.2103,   7964.4058,-421644.5938,   -911.6241,    559.1393,  26548.0137,
       1,     170,     186,      24,       1,       3,       1,     10.0000,      1.4142,     42.8109,    252.2592,     63.4836,      3.4953,      0.0000,     -0.0331,      0.9620,      0.1655,      5.6653,     11.3305,      1.4625,     29.5767,     59.1535,      0.0195,      0.0007,      0.0156,      0.2103,   7964.4043,-421923.5000,   -911.7686,    559.1198,  26548.0137,
       1,     170,     187,       1,       1,       3,       1,     10.0000,      1.4142,     42.8112,    252.2652,     63.4851,      3.4953,      0.0000,     -0.0330,      0.6711,      0.1621,      5.6655,     11.3310,      1.4321,     29.5843,     59.1687,      0.0195,      0.0005,      0.0156,      0.2103,   7964.4043,-421900.2188,   -912.0992,    559.1345,  26549.2090,
       1,     170,     187,       2,       1,       3,       1,     10.0000,      1.4142,     42.8112,    252.2652,     63.4851,      3.4953,      0.0000,     -0.0327,      0.3929,      0.1549,      5.6655,     11.3310,      1.3688,     29.5843,     59.1687,      0.0195,      0.0003,      0.0156,      0.2103,   7964.7632,-421393.4688,   -911.7751,    559.1700,  26549.2070,
       1,     170,     187,       3,       1,       3,       1,     10.0000,      1.4142,     42.8112,    252.2652,     63.4851,      3.4953,      0.0000,     -0.0327,      0.3775,      0.1543,      5.6655,     11.3310,      1.3633,     29.5843,     59.1687,      0.0195,      0.0003,      0.0156,      0.2103,   7964.7622,-421014.2812,   -911.7098,    559.1965,  26549.2090,
       1,     170,     187,       4,       1,       3,       1,     10.0000,      1.4142,     42.8112,    252.2652,     63.4851,      3.4953,      0.0000,     -0.0326,      0.3664,      0.1503,      5.6655,     11.3310,      1.3281,     29.5843,     59.1687,      0.0195,      0.0003,      0.0156,      0.2103,   7964.7632,-420963.5938,   -910.0928,    559.2000,  26549.2090,
       1,     170,     187,       5,       1,       3,       1,     10.0000,      1.4142,     42.8112,    252.2652,     63.4851,      3.4953,      0.0000,     -0.0320,      0.3559,      0.1356,      5.6655,     11.3310,      1.1980,     29.5843,     59.1687,      0.0195,      0.0003,      0.0156,      0.2103,   7964.7632,-420945.8125,   -910.0895,    559.2013,  26549.2109,
       1,     170,     187,       6,       1,       3,       1,     10.0000,      1.4142,     42.8112,    252.2652,     63.4851,      3.4953,      0.0000,     -0.0321,      0.3487,      0.1375,      5.6655,     11.3310,      1.2151,     29.5843,     59.1687,      0.0195,      0.0003,      0.0156,      0.2103,   7964.7637,-420931.3125,   -910.0923,    559.2023,  26549.2090,
       1,     170,     187,       7,       1,       3,       1,     10.0000,      1.4142,     42.8112,    252.2652,     63.4851,      3.4953,      0.0000,     -0.0323,      0.4187,      0.1438,      5.6655,     11.3310,      1.2704,     29.5843,     59.1687,      0.0195,      0.0003,      0.0156,      0.2103,   7964.7632,-420921.7188,   -910.0875,    559.2030,  26549.2070,
       1,     170,     187,       8,       1,       3,       1,     10.0000,      1.4142,     42.8112,    252.2652,     63.4851,      3.4953,      0.0036,     -0.0287,      0.3434,      0.1420,      5.6655,     11.3310,      1.2551,     29.5843,     59.1687,      0.0195,      0.0003,      0.0156,      0.2103,   7964.7622,-421005.5938,   -910.1143,    559.1971,  26549.2090,
       1,     170,     187,       9,       1,       3,       1,     10.0000,      1.4142,     42.8112,    252.2652,     63.4851,      3.4953,      0.0443,      0.0121,      1.2265,      0.1400,      5.6655,     11.3310,      1.2374,     29.5843,     59.1687,      0.0195,      0.0003,      0.0429,      0.2103,   7964.7632,-420921.5312,   -910.1096,    559.2029,  26549.2070,
       1,     170,     187,      10,       1,       3,       1,     10.0000,      1.4142,     42.8112,    252.2652,     63.4851,      3.4953,      0.1252,      0.0926,     10.2617,      0.1515,      5.6655,     11.3310,      1.3389,     29.5843,     59.1687,      0.0195,      0.0008,      0.1568,      0.2103,   7964.7622,-421982.2188,   -910.4350,    559.1288,  26549.2090,
       1,     170,     187,      11,       1,       3,       1,     10.0000,      1.4142,     42.8112,    252.2652,     63.4851,      3.4953,      0.1737,      0.1405,     26.1172,      0.1680,      5.6655,     11.3310,      1.4847,     29.5843,     59.1687,      0.0195,      0.0014,      0.2241,      0.2103,   7964.7632,-432995.2812,   -913.0712,    558.3591,  26549.2109,
       1,     170,     187,      12,       1,       3,       1,     10.0000,      1.4142,     42.8112,    252.2652,     63.4851,      3.4953,      0.1715,      0.1380,     36.3259,      0.1775,      5.6655,     11.3310,      1.5685,     29.5843,     59.1687,      0.0195,      0.0020,      0.2200,      0.2103,   7964.7637,-453099.1562,   -917.7885,    556.9565,  26549.2090,
       1,     170,     187,      13,       1,       3,       1,     10.0000,      1.4142,     42.8112,    252.2652,     63.4851,      3.4953,      0.1956,      0.1613,     78.9012,      0.2037,      5.6655,     11.3310,      1.8004,     29.5843,     59.1687,      0.0195,      0.0038,      0.2500,      0.2103,   7964.7632,-467148.3750,   -921.6239,    555.9801,  26549.2090,
       1,     170,     187,      14,       1,       3,       1,     10.0000,      1.4142,     42.8112,    252.2652,     63.4851,      3.4953,      0.1972,      0.1624,    101.3508,      0.2215,      5.6655,     11.3310,      1.9576,     29.5843,     59.1687,      0.0195,      0.0049,      0.2500,      0.2103,   7964.7632,-519840.7188,   -933.7039,    552.3190,  26549.2090,
       1,     170,     187,      15,       1,       3,       1,     10.0000,      1.4142,     42.8112,    252.2652,     63.4851,      3.4953,      0.1250,      0.0912,     37.9986,      0.1871,      5.6655,     11.3310,      1.6534,     29.5843,     59.1687,      0.0195,      0.0030,      0.1530,      0.2102,   7964.7632,-551495.8125,   -936.9291,    550.1456,  26549.2090,
       1,     170,     187,      16,       1,       3,       1,     10.0000,      1.4142,     42.8112,    252.2652,     63.4851,      3.4953,      0.0928,      0.0603,      5.0894,      0.1468,      5.6655,     11.3310,      1.2977,     29.5843,     59.1687,      0.0195,      0.0006,      0.1113,      0.2102,   7964.7632,-477413.0938,   -921.3430,    555.2444,  26549.1172,
       1,     170,     187,      17,       1,       3,       1,     10.0000,      1.4142,     42.8112,    252.2652,     63.4851,      3.4953,      0.0348,      0.0025,      0.8505,      0.1435,      5.6655,     11.3310,      1.2679,     29.5843,     59.1687,      0.0195,      0.0003,      0.0294,      0.2103,   7964.7354,-431440.4688,   -912.3220,    558.4589,  26549.2109,
       1,     170,     187,      18,       1,       3,       1,     10.0000,      1.4142,     42.8112,    252.2652,     63.4851,      3.4953,      0.0173,     -0.0147,      0.1029,      0.1357,      5.6655,     11.3310,      1.1992,     29.5843,     59.1687,      0.0195,      0.0003,      0.0049,      0.2103,   7964.7637,-422426.5000,   -910.4728,    559.0974,  26549.2109,
       1,     170,     187,      19,       1,       3,       1,     10.0000,      1.4142,     42.8112,    252.2652,     63.4851,      3.4953,      0.0437,      0.0116,      0.8819,      0.1357,      5.6655,     11.3310,      1.1992,     29.5843,     59.1687,      0.0195,      0.0003,      0.0422,      0.2103,   7964.7637,-420750.9688,   -910.2230,    559.2148,  26549.2090,
       1,     170,     187,      20,       1,       3,       1,     10.0000,      1.4142,     42.8112,    252.2652,     63.4851,      3.4953,      0.0147,     -0.0174,      0.0316,      0.1374,      5.6655,     11.3310,      1.2139,     29.5843,     59.1687,      0.0195,      0.0003,      0.0012,      0.2103,   7964.7632,-421551.1250,   -910.5140,    559.1589,  26549.2070,
       1,     170,     187,      21,       1,       3,       1,     10.0000,      1.4142,     42.8112,    252.2652,     63.4851,      3.4953,      0.0000,     -0.0322,      0.4281,      0.1385,      5.6655,     11.3310,      1.2237,     29.5843,     59.1687,      0.0195,      0.0003,      0.0156,      0.2103,   7964.7622,-420590.9062,   -910.3963,    559.2261,  26549.2109,
       1,     170,     187,      22,       1,       3,       1,     10.0000,      1.4142,     42.8112,    252.2652,     63.4851,      3.4953,      0.0000,     -0.0323,      0.5409,      0.1415,      5.6655,     11.3310,      1.2500,     29.5843,     59.1687,      0.0195,      0.0004,      0.0156,      0.2103,   7964.7637,-420988.6562,   -910.4776,    559.1982,  26549.2070,
       1,     170,     187,      23,       1,       3,       1,     10.0000,      1.4142,     42.8112,    252.2652,     63.4851,      3.4953,      0.0000,     -0.0324,      0.9505,      0.1457,      5.6655,     11.3310,      1.2872,     29.5843,     59.1687,      0.0195,      0.0007,      0.0156,      0.2103,   7964.7622,-421159.0312,   -910.5323,    559.1863,  26549.2090,
       1,     170,     187,      24,       1,       3,       1,     10.0000,      1.4142,     42.8112,    252.2652,     63.4851,      3.4953,      0.0000,     -0.0325,      0.7081,      0.1474,      5.6655,     11.3310,      1.3029,     29.5843,     59.1687,      0.0195,      0.0005,      0.0156,      0.2103,   7964.7632,-421668.5312,   -910.2820,    559.1508,  26549.2090,
       1,     170,     188,       1,       1,       3,       1,     10.0000,      1.4142,     42.8116,    252.2712,     63.4866,      3.4953,      0.0000,     -0.0325,      0.3774,      0.1476,      5.6668,     11.3337,      1.3043,     29.5746,     59.1492,      0.0195,      0.0003,      0.0156,      0.2104,   7964.7632,-421575.0312,   -910.5703,    559.1707,  26550.4062,
       1,     170,     188,       2,       1,       3,       1,     10.0000,      1.4142,     42.8116,    252.2712,     63.4866,      3.4953,      0.0000,     -0.0324,      0.3531,      0.1455,      5.6668,     11.3337,      1.2859,     29.5746,     59.1492,      0.0195,      0.0003,      0.0156,      0.2104,   7965.1221,-421013.7188,   -910.2156,    559.2098,  26550.4062,
       1,     170,     188,       3,       1,       3,       1,     10.0000,      1.4142,     42.8116,    252.2712,     63.4866,      3.4953,      0.0000,     -0.0325,      0.3713,      0.1473,      5.6668,     11.3337,      1.3016,     29.5746,     59.1492,      0.0195,      0.0003,      0.0156,      0.2104,   7965.1221,-420936.9062,   -910.2035,    559.2152,  26550.4062,
       1,     170,     188,       4,       1,       3,       1,     10.0000,      1.4142,     42.8116,    252.2712,     63.4866,      3.4953,      0.0000,     -0.0326,      0.3647,      0.1497,      5.6668,     11.3337,      1.3228,     29.5746,     59.1492,      0.0195,      0.0003,      0.0156,      0.2104,   7965.1221,-420952.4062,   -910.2097,    559.2141,  26550.4062,
       1,     170,     188,       5,       1,       3,       1,     10.0000,      1.4142,     42.8116,    252.2712,     63.4866,      3.4953,      0.0000,     -0.0326,      0.5178,      0.1515,      5.6668,     11.3337,      1.3389,     29.5746,     59.1492,      0.0195,      0.0004,      0.0156,      0.2104,   7965.1221,-420945.8125,   -910.2101,    559.2146,  26550.4043,
       1,     170,     188,       6,       1,       3,       1,     10.0000,      1.4142,     42.8116,    252.2712,     63.4866,      3.4953,      0.0000,     -0.0326,      0.9083,      0.1505,      5.6668,     11.3337,      1.3295,     29.5746,     59.1492,      0.0195,      0.0007,      0.0156,      0.2104,   7965.1216,-421130.4688,   -910.2677,    559.2017,  26550.4062,
       1,     170,     188,       7,       1,       3,       1,     10.0000,      1.4142,     42.8116,    252.2712,     63.4866,      3.4953,      0.0000,     -0.0323,      0.7449,      0.1438,      5.6668,     11.3337,      1.2705,     29.5746,     59.1492,      0.0195,      0.0006,      0.0156,      0.2104,   7965.1221,-421618.0000,   -910.4413,    559.1677,  26550.4062,
       1,     170,     188,       8,       1,       3,       1,     10.0000,      1.4142,     42.8116,    252.2712,     63.4866,      3.4953,      0.0101,     -0.0223,      1.0546,      0.1441,      5.6668,     11.3337,      1.2730,     29.5746,     59.1492,      0.0195,      0.0008,      0.0156,      0.2104,   7965.1221,-421461.6562,   -910.4700,    559.1786,  26550.4062,
       1,     170,     188,       9,       1,       3,       1,     10.0000,      1.4142,     42.8116,    252.2712,     63.4866,      3.4953,      0.0759,      0.0433,      8.1700,      0.1521,      5.6668,     11.3337,      1.3443,     29.5746,     59.1492,      0.0195,      0.0011,      0.0867,      0.2104,   7965.1221,-421822.6562,   -910.6498,    559.1533,  26550.4082,
       1,     170,     188,      10,       1,       3,       1,     10.0000,      1.4142,     42.8116,    252.2712,     63.4866,      3.4953,      0.1603,      0.1269,     35.0417,      0.1738,      5.6668,     11.3337,      1.5360,     29.5746,     59.1492,      0.0195,      0.0021,      0.2040,      0.2104,   7965.1226,-430454.6562,   -912.6545,    558.5500,  26550.4062,
       1,     170,     188,      11,       1,       3,       1,     10.0000,      1.4142,     42.8116,    252.2712,     63.4866,      3.4953,      0.1864,      0.1526,     55.7140,      0.1867,      5.6668,     11.3337,      1.6502,     29.5746,     59.1492,      0.0195,      0.0028,      0.2391,      0.2104,   7965.1221,-463672.5625,   -919.7589,    556.2311,  26550.4062,
       1,     170,     188,      12,       1,       3,       1,     10.0000,      1.4142,     42.8116,    252.2712,     63.4866,      3.4953,      0.1932,      0.1590,     72.9452,      0.2002,      5.6668,     11.3337,      1.7687,     29.5746,     59.1492,      0.0195,      0.0036,      0.2472,      0.2103,   7965.1221,-491494.2188,   -926.3710,    554.3015,  26550.4062,
       1,     170,     188,      13,       1,       3,       1,     10.0000,      1.4142,     42.8116,    252.2712,     63.4866,      3.4953,      0.1970,      0.1623,     97.5771,      0.2155,      5.6668,     11.3337,      1.9045,     29.5746,     59.1492,      0.0195,      0.0047,      0.2500,      0.2103,   7965.1221,-514693.7812,   -932.4576,    552.6973,  26550.4062,
       1,     170,     188,      14,       1,       3,       1,     10.0000,      1.4142,     42.8116,    252.2712,     63.4866,      3.4953,      0.1981,      0.1632,    113.1523,      0.2244,      5.6668,     11.3337,      1.9827,     29.5746,     59.1492,      0.0195,      0.0055,      0.2500,      0.2103,   7965.1221,-546467.5625,   -938.2136,    550.5046,  26550.4082,
       1,     170,     188,      15,       1,       3,       1,     10.0000,      1.4142,     42.8116,    252.2712,     63.4866,      3.4953,      0.1943,      0.1593,    113.8790,      0.2279,      5.6668,     11.3337,      2.0141,     29.5746,     59.1492,      0.0195,      0.0056,      0.2444,      0.2102,   7965.1226,-568015.4375,   -944.7393,    549.0261,  26550.4062,
       1,     170,     188,      16,       1,       3,       1,     10.0000,      1.4142,     42.8116,    252.2712,     63.4866,      3.4953,      0.1791,      0.1445,     85.6009,      0.2138,      5.6668,     11.3337,      1.8895,     29.5746,     59.1492,      0.0195,      0.0046,      0.2256,      0.2102,   7965.1221,-570709.8750,   -947.4597,    548.8432,  26550.4062,
       1,     170,     188,      17,       1,       3,       1,     10.0000,      1.4142,     42.8116,    252.2712,     63.4866,      3.4953,      0.1703,      0.1360,     65.9638,      0.2017,      5.6668,     11.3337,      1.7827,     29.5746,     59.1492,      0.0195,      0.0037,      0.2150,      0.2102,   7965.1221,-536671.1875,   -942.5442,    551.1785,  26550.4062,
       1,     170,     188,      18,       1,       3,       1,     10.0000,      1.4142,     42.8116,    252.2712,     63.4866,      3.4953,      0.1536,      0.1195,     46.7820,      0.1957,      5.6668,     11.3337,      1.7289,     29.5746,     59.1492,      0.0195,      0.0029,      0.1931,      0.2102,   7965.1221,-510044.7500,   -938.5981,    553.0179,  26550.4062,
       1,     170,     188,      19,       1,       3,       1,     10.0000,      1.4142,     42.8116,    252.2712,     63.4866,      3.4953,      0.1087,      0.0748,     33.1052,      0.1907,      5.6668,     11.3337,      1.6849,     29.5746,     59.1492,      0.0195,      0.0031,      0.1301,      0.2103,   7965.1221,-484590.0000,   -934.5283,    554.7805,  26550.4023,
       1,     170,     188,      20,       1,       3,       1,     10.0000,      1.4142,     42.8116,    252.2712,     63.4866,      3.4953,      0.0261,     -0.0075,      2.8474,      0.1822,      5.6668,     11.3337,      1.6097,     29.5746,     59.1492,      0.0195,      0.0023,      0.0152,      0.2103,   7965.1211,-465904.3750,   -931.4969,    556.0792,  26550.4043,
       1,     170,     188,      21,       1,       3,       1,     10.0000,      1.4142,     42.8116,    252.2712,     63.4866,      3.4953,      0.0000,     -0.0335,      2.3848,      0.1766,      5.6668,     11.3337,      1.5607,     29.5746,     59.1492,      0.0195,      0.0018,      0.0156,      0.2103,   7965.1216,-427730.6562,   -924.4670,    558.7342,  26550.4023,
       1,     170,     188,      22,       1,       3,       1,     10.0000,      1.4142,     42.8116,    252.2712,     63.4866,      3.4953,      0.0000,     -0.0334,      2.0421,      0.1737,      5.6668,     11.3337,      1.5345,     29.5746,     59.1492,      0.0195,      0.0016,      0.0156,      0.2104,   7965.1211,-423968.3438,   -923.8721,    559.0033,  26550.4062,
       1,     170,     188,      23,       1,       3,       1,     10.0000,      1.4142,     42.8116,    252.2712,     63.4866,      3.4953,      0.0000,     -0.0333,      1.8788,      0.1714,      5.6668,     11.3337,      1.5147,     29.5746,     59.1492,      0.0195,      0.0015,      0.0156,      0.2104,   7965.1221,-423228.4062,   -923.8251,    559.0551,  26550.4043,
       1,     170,     188,      24,       1,       3,       1,     10.0000,      1.4142,     42.8116,    252.2712,     63.4866,      3.4953,      0.0000,     -0.0332,      1.7988,      0.1685,      5.6668,     11.3337,      1.4892,     29.5746,     59.1492,      0.0195,      0.0014,      0.0156,      0.2104,   7965.1216,-422968.5312,   -923.8597,    559.0732,  26550.4043,
       1,     170,     189,       1,       1,       3,       1,     10.0000,      1.4142,     42.8119,    252.2772,     63.4881,      3.4953,      0.0000,     -0.0331,      1.4604,      0.1637,      5.6663,     11.3326,      1.4466,     29.5795,     59.1590,      0.0195,      0.0011,      0.0156,      0.2104,   7965.1216,-423006.1562,   -924.2217,    559.0838,  26551.5996,
       1,     170,     189,       2,       1,       3,       1,     10.0000,      1.4142,     42.8119,    252.2772,     63.4881,      3.4953,      0.0000,     -0.0330,      1.3363,      0.1632,      5.6663,     11.3326,      1.4423,     29.5795,     59.1590,      0.0195,      0.0010,      0.0156,      0.2104,   7965.4800,-422446.9062,   -923.9034,    559.1229,  26551.5996,
       1,     170,     189,       3,       1,       3,       1,     10.0000,      1.4142,     42.8119,    252.2772,     63.4881,      3.4953,      0.0000,     -0.0330,      1.5381,      0.1627,      5.6663,     11.3326,      1.4379,     29.5795,     59.1590,      0.0195,      0.0012,      0.0156,      0.2104,   7965.4800,-422249.6250,   -923.9175,    559.1367,  26551.5996,
       1,     170,     189,       4,       1,       3,       1,     10.0000,      1.4142,     42.8119,    252.2772,     63.4881,      3.4953,      0.0000,     -0.0329,      1.3985,      0.1598,      5.6663,     11.3326,      1.4122,     29.5795,     59.1590,      0.0195,      0.0011,      0.0156,      0.2104,   7965.4800,-422476.9062,   -924.0234,    559.1208,  26551.6016,
       1,     170,     189,       5,       1,       3,       1,     10.0000,      1.4142,     42.8119,    252.2772,     63.4881,      3.4953,      0.0000,     -0.0328,      1.1581,      0.1576,      5.6663,     11.3326,      1.3925,     29.5795,     59.1590,      0.0195,      0.0009,      0.0156,      0.2104,   7965.4810,-422327.1562,   -924.0495,    559.1313,  26551.5996,
       1,     170,     189,       6,       1,       3,       1,     10.0000,      1.4142,     42.8119,    252.2772,     63.4881,      3.4953,      0.0000,     -0.0329,      1.4399,      0.1606,      5.6663,     11.3326,      1.4193,     29.5795,     59.1590,      0.0195,      0.0011,      0.0156,      0.2104,   7965.4800,-422023.9688,   -924.0347,    559.1525,  26551.5996,
       1,     170,     189,       7,       1,       3,       1,     10.0000,      1.4142,     42.8119,    252.2772,     63.4881,      3.4953,      0.0000,     -0.0329,      1.7204,      0.1601,      5.6663,     11.3326,      1.4150,     29.5795,     59.1590,      0.0195,      0.0013,      0.0156,      0.2104,   7965.4800,-422339.1875,   -924.1510,    559.1305,  26551.6016,
       1,     170,     189,       8,       1,       3,       1,     10.0000,      1.4142,     42.8119,    252.2772,     63.4881,      3.4953,      0.0163,     -0.0164,      0.2529,      0.1532,      5.6663,     11.3326,      1.3538,     29.5795,     59.1590,      0.0195,      0.0012,      0.0026,      0.2104,   7965.4810,-422704.5312,   -924.2895,    559.1049,  26551.5977,
       1,     170,     189,       9,       1,       3,       1,     10.0000,      1.4142,     42.8119,    252.2772,     63.4881,      3.4953,      0.1319,      0.0987,     28.3115,      0.1680,      5.6663,     11.3326,      1.4847,     29.5795,     59.1590,      0.0195,      0.0021,      0.1642,      0.2104,   7965.4795,-420962.0000,   -924.0198,    559.2267,  26551.5977,
       1,     170,     189,      10,       1,       3,       1,     10.0000,      1.4142,     42.8119,    252.2772,     63.4881,      3.4953,      0.1782,      0.1443,     58.9411,      0.1899,      5.6663,     11.3326,      1.6783,     29.5795,     59.1590,      0.0195,      0.0031,      0.2270,      0.2104,   7965.4795,-454728.9688,   -930.7664,    556.8663,  26551.5977,
       1,     170,     189,      11,       1,       3,       1,     10.0000,      1.4142,     42.8119,    252.2772,     63.4881,      3.4953,      0.1790,      0.1448,     71.6896,      0.2008,      5.6663,     11.3326,      1.7740,     29.5795,     59.1590,      0.0195,      0.0038,      0.2268,      0.2104,   7965.4795,-494633.8125,   -939.0024,    554.0935,  26551.5977,
       1,     170,     189,      12,       1,       3,       1,     10.0000,      1.4142,     42.8119,    252.2772,     63.4881,      3.4953,      0.1955,      0.1608,    101.2713,      0.2147,      5.6663,     11.3326,      1.8970,     29.5795,     59.1590,      0.0195,      0.0049,      0.2473,      0.2103,   7965.4795,-513436.7500,   -943.3158,    552.7982,  26551.6016,
       1,     170,     189,      13,       1,       3,       1,     10.0000,      1.4142,     42.8119,    252.2772,     63.4881,      3.4953,      0.1993,      0.1642,    128.9137,      0.2320,      5.6663,     11.3326,      2.0500,     29.5795,     59.1590,      0.0195,      0.0062,      0.2500,      0.2103,   7965.4810,-550819.7500,   -951.4527,    550.2165,  26551.5996,
       1,     170,     189,      14,       1,       3,       1,     10.0000,      1.4142,     42.8119,    252.2772,     63.4881,      3.4953,      0.1988,      0.1638,    121.5618,      0.2266,      5.6663,     11.3326,      2.0023,     29.5795,     59.1590,      0.0195,      0.0059,      0.2500,      0.2103,   7965.4800,-587459.9375,   -959.6837,    547.7025,  26551.6016,
       1,     170,     189,      15,       1,       3,       1,     10.0000,      1.4142,     42.8119,    252.2772,     63.4881,      3.4953,      0.1964,      0.1615,    113.1381,      0.2220,      5.6663,     11.3326,      1.9615,     29.5795,     59.1590,      0.0195,      0.0055,      0.2474,      0.2102,   7965.4810,-581644.2500,   -959.5750,    548.1064,  26551.5996,
       1,     170,     189,      16,       1,       3,       1,     10.0000,      1.4142,     42.8119,    252.2772,     63.4881,      3.4953,      0.1842,      0.1495,     99.0322,      0.2185,      5.6663,     11.3326,      1.9309,     29.5795,     59.1590,      0.0195,      0.0052,      0.2314,      0.2102,   7965.4800,-570941.3125,   -958.3268,    548.8398,  26551.6016,
       1,     170,     189,      17,       1,       3,       1,     10.0000,      1.4142,     42.8119,    252.2772,     63.4881,      3.4953,      0.1774,      0.1428,     80.0253,      0.2138,      5.6663,     11.3326,      1.8896,     29.5795,     59.1590,      0.0195,      0.0043,      0.2237,      0.2102,   7965.4810,-552952.6875,   -955.4795,    550.0744,  26551.5977,
       1,     170,     189,      18,       1,       3,       1,     10.0000,      1.4142,     42.8119,    252.2772,     63.4881,      3.4953,      0.1612,      0.1268,     69.4043,      0.2086,      5.6663,     11.3326,      1.8436,     29.5795,     59.1590,      0.0195,      0.0042,      0.2015,      0.2103,   7965.4795,-528424.1250,   -951.1790,    551.7625,  26551.5957,
       1,     170,     189,      19,       1,       3,       1,     10.0000,      1.4142,     42.8119,    252.2772,     63.4881,      3.4953,      0.1092,      0.0752,     37.1081,      0.1958,      5.6663,     11.3326,      1.7307,     29.5795,     59.1590,      0.0195,      0.0034,      0.1304,      0.2103,   7965.4790,-513509.8125,   -948.6454,    552.7936,  26551.5977,
       1,     170,     189,      20,       1,       3,       1,     10.0000,      1.4142,     42.8119,    252.2772,     63.4881,      3.4953,      0.0294,     -0.0044,      4.4040,      0.1856,      5.6663,     11.3326,      1.6404,     29.5795,     59.1590,      0.0195,      0.0027,      0.0196,      0.2103,   7965.4795,-473164.5938,   -940.9134,    555.5824,  26551.5977,
       1,     170,     189,      21,       1,       3,       1,     10.0000,      1.4142,     42.8119,    252.2772,     63.4881,      3.4953,      0.0002,     -0.0332,      2.6942,      0.1766,      5.6663,     11.3326,      1.5608,     29.5795,     59.1590,      0.0195,      0.0021,      0.0156,      0.2104,   7965.4795,-430229.9062,   -932.4736,    558.5712,  26551.5977,
       1,     170,     189,      22,       1,       3,       1,     10.0000,      1.4142,     42.8119,    252.2772,     63.4881,      3.4953,      0.0000,     -0.0334,      2.3083,      0.1747,      5.6663,     11.3326,      1.5437,     29.5795,     59.1590,      0.0195,      0.0018,      0.0156,      0.2104,   7965.4795,-424557.8438,   -931.3573,    558.9753,  26551.5977,
       1,     170,     189,      23,       1,       3,       1,     10.0000,      1.4142,     42.8119,    252.2772,     63.4881,      3.4953,      0.0000,     -0.0334,      2.1123,      0.1750,      5.6663,     11.3326,      1.5468,     29.5795,     59.1590,      0.0195,      0.0016,      0.0156,      0.2104,   7965.4795,-423603.2188,   -931.1704,    559.0421,  26551.5977,
       1,     170,     189,      24,       1,       3,       1,     10.0000,      1.4142,     42.8119,    252.2772,     63.4881,      3.4953,      0.0000,     -0.0334,      1.7309,      0.1730,      5.6663,     11.3326,      1.5284,     29.5795,     59.1590,      0.0195,      0.0013,      0.0156,      0.2104,   7965.4795,-423285.4688,   -931.1093,    559.0643,  26551.5977,
       1,     170,     190,       1,       1,       3,       1,     10.0000,      1.4143,     42.8123,    252.2831,     63.4896,      3.4953,      0.0000,     -0.0334,      1.8407,      0.1740,      5.6657,     11.3315,      1.5376,     29.5869,     59.1737,      0.0195,      0.0014,      0.0156,      0.2104,   7965.4795,-422953.3750,   -931.3317,    559.1007,  26552.7910,
       1,     170,     190,       2,       1,       3,       1,     10.0000,      1.4143,     42.8123,    252.2831,     63.4896,      3.4953,      0.0000,     -0.0334,      1.6670,      0.1730,      5.6657,     11.3315,      1.5284,     29.5869,     59.1737,      0.0195,      0.0013,      0.0156,      0.2104,   7965.8374,-422904.9062,   -931.0407,    559.1041,  26552.7910,
       1,     170,     190,       3,       1,       3,       1,     10.0000,      1.4143,     42.8123,    252.2831,     63.4896,      3.4953,      0.0000,     -0.0333,      1.6994,      0.1714,      5.6657,     11.3315,      1.5148,     29.5869,     59.1737,      0.0195,      0.0013,      0.0156,      0.2104,   7965.8374,-422690.8750,   -930.9990,    559.1191,  26552.7930,
       1,     170,     190,       4,       1,       3,       1,     10.0000,      1.4143,     42.8123,    252.2831,     63.4896,      3.4953,      0.0000,     -0.0333,      1.7272,      0.1724,      5.6657,     11.3315,      1.5239,     29.5869,     59.1737,      0.0195,      0.0013,      0.0156,      0.2104,   7965.8384,-422711.7500,   -931.0032,    559.1175,  26552.7930,
       1,     170,     190,       5,       1,       3,       1,     10.0000,      1.4143,     42.8123,    252.2831,     63.4896,      3.4953,      0.0000,     -0.0332,      1.5319,      0.1680,      5.6657,     11.3315,      1.4848,     29.5869,     59.1737,      0.0195,      0.0012,      0.0156,      0.2104,   7965.8384,-422747.2188,   -931.0099,    559.1151,  26552.7910,
       1,     170,     190,       6,       1,       3,       1,     10.0000,      1.4143,     42.8123,    252.2831,     63.4896,      3.4953,      0.0000,     -0.0331,      1.6519,      0.1660,      5.6657,     11.3315,      1.4671,     29.5869,     59.1737,      0.0195,      0.0013,      0.0156,      0.2104,   7965.8374,-422514.2188,   -930.9639,    559.1313,  26552.7891,
       1,     170,     190,       7,       1,       3,       1,     10.0000,      1.4143,     42.8123,    252.2831,     63.4896,      3.4953,      0.0000,     -0.0331,      1.8182,      0.1637,      5.6657,     11.3315,      1.4466,     29.5869,     59.1737,      0.0195,      0.0014,      0.0156,      0.2104,   7965.8369,-422639.9375,   -930.9884,    559.1226,  26552.7910,
       1,     170,     190,       8,       1,       3,       1,     10.0000,      1.4143,     42.8123,    252.2831,     63.4896,      3.4953,      0.0159,     -0.0171,      0.1912,      0.1624,      5.6657,     11.3315,      1.4351,     29.5869,     59.1737,      0.0195,      0.0014,      0.0017,      0.2104,   7965.8374,-422851.2500,   -931.0283,    559.1078,  26552.7910,
       1,     170,     190,       9,       1,       3,       1,     10.0000,      1.4143,     42.8123,    252.2831,     63.4896,      3.4953,      0.0922,      0.0591,     13.2315,      0.1657,      5.6657,     11.3315,      1.4641,     29.5869,     59.1737,      0.0195,      0.0015,      0.1092,      0.2104,   7965.8374,-420902.8125,   -930.6326,    559.2440,  26552.7910,
       1,     170,     190,      10,       1,       3,       1,     10.0000,      1.4143,     42.8123,    252.2831,     63.4896,      3.4953,      0.1474,      0.1138,     32.6538,      0.1779,      5.6657,     11.3315,      1.5717,     29.5869,     59.1737,      0.0195,      0.0021,      0.1857,      0.2104,   7965.8374,-436498.0312,   -933.7592,    558.1537,  26552.7910,
       1,     170,     190,      11,       1,       3,       1,     10.0000,      1.4143,     42.8123,    252.2831,     63.4896,      3.4953,      0.1866,      0.1524,     60.8895,      0.1982,      5.6657,     11.3315,      1.7514,     29.5869,     59.1737,      0.0195,      0.0031,      0.2389,      0.2104,   7965.8374,-461296.1250,   -938.7802,    556.4247,  26552.7930,
       1,     170,     190,      12,       1,       3,       1,     10.0000,      1.4143,     42.8123,    252.2831,     63.4896,      3.4953,      0.1941,      0.1595,     91.4815,      0.2157,      5.6657,     11.3315,      1.9064,     29.5869,     59.1737,      0.0195,      0.0045,      0.2466,      0.2104,   7965.8384,-497538.3750,   -946.1709,    553.9067,  26552.7910,
       1,     170,     190,      13,       1,       3,       1,     10.0000,      1.4143,     42.8123,    252.2831,     63.4896,      3.4953,      0.1972,      0.1620,    121.0833,      0.2331,      5.6657,     11.3315,      2.0601,     29.5869,     59.1737,      0.0195,      0.0059,      0.2478,      0.2104,   7965.8374,-537619.1875,   -954.4630,    551.1372,  26552.7910,
       1,     170,     190,      14,       1,       3,       1,     10.0000,      1.4143,     42.8123,    252.2831,     63.4896,      3.4953,      0.1817,      0.1470,     78.7622,      0.2168,      5.6657,     11.3315,      1.9158,     29.5869,     59.1737,      0.0195,      0.0041,      0.2300,      0.2103,   7965.8374,-576845.0000,   -962.7263,    548.4418,  26552.7891,
       1,     170,     190,      15,       1,       3,       1,     10.0000,      1.4143,     42.8123,    252.2831,     63.4896,      3.4953,      0.1921,      0.1573,     89.1768,      0.2215,      5.6657,     11.3315,      1.9577,     29.5869,     59.1737,      0.0195,      0.0044,      0.2440,      0.2102,   7965.8369,-528885.9375,   -953.4995,    551.7362,  26552.7891,
       1,     170,     190,      16,       1,       3,       1,     10.0000,      1.4143,     42.8123,    252.2831,     63.4896,      3.4953,      0.1891,      0.1541,     95.7936,      0.2244,      5.6657,     11.3315,      1.9828,     29.5869,     59.1737,      0.0195,      0.0048,      0.2388,      0.2103,   7965.8369,-537484.6250,   -955.5333,    551.1531,  26552.7891,
       1,     170,     190,      17,       1,       3,       1,     10.0000,      1.4143,     42.8123,    252.2831,     63.4896,      3.4953,      0.1859,      0.1510,     90.1492,      0.2207,      5.6657,     11.3315,      1.9500,     29.5869,     59.1737,      0.0195,      0.0046,      0.2348,      0.2103,   7965.8369,-546207.6250,   -957.6174,    550.5524,  26552.7891,
       1,     170,     190,      18,       1,       3,       1,     10.0000,      1.4143,     42.8123,    252.2831,     63.4896,      3.4953,      0.1528,      0.1184,     60.5889,      0.2080,      5.6657,     11.3315,      1.8382,     29.5869,     59.1737,      0.0195,      0.0038,      0.1904,      0.2103,   7965.8369,-540107.3750,   -956.7156,    550.9725,  26552.7891,
       1,     170,     190,      19,       1,       3,       1,     10.0000,      1.4143,     42.8123,    252.2831,     63.4896,      3.4953,      0.1433,      0.1091,     53.0177,      0.2020,      5.6657,     11.3315,      1.7846,     29.5869,     59.1737,      0.0195,      0.0036,      0.1776,      0.2103,   7965.8369,-503804.5625,   -949.6354,    553.4730,  26552.7891,
       1,     170,     190,      20,       1,       3,       1,     10.0000,      1.4143,     42.8123,    252.2831,     63.4896,      3.4953,      0.0499,      0.0159,     12.4399,      0.1918,      5.6657,     11.3315,      1.6951,     29.5869,     59.1737,      0.0195,      0.0031,      0.0480,      0.2103,   7965.8369,-491607.5312,   -947.3460,    554.3224,  26552.7871,
       1,     170,     190,      21,       1,       3,       1,     10.0000,      1.4143,     42.8123,    252.2831,     63.4896,      3.4953,      0.0000,     -0.0336,      3.1117,      0.1809,      5.6657,     11.3315,      1.5986,     29.5869,     59.1737,      0.0195,      0.0024,      0.0156,      0.2104,   7965.8364,-441485.1562,   -937.2322,    557.7961,  26552.7871,
       1,     170,     190,      22,       1,       3,       1,     10.0000,      1.4143,     42.8123,    252.2831,     63.4896,      3.4953,      0.0000,     -0.0334,      2.7530,      0.1752,      5.6657,     11.3315,      1.5484,     29.5869,     59.1737,      0.0195,      0.0021,      0.0156,      0.2104,   7965.8364,-426017.4375,   -934.0739,    558.8855,  26552.7871,
       1,     170,     190,      23,       1,       3,       1,     10.0000,      1.4143,     42.8123,    252.2831,     63.4896,      3.4953,      0.0000,     -0.0335,      2.7016,      0.1759,      5.6657,     11.3315,      1.5546,     29.5869,     59.1737,      0.0195,      0.0021,      0.0156,      0.2104,   7965.8364,-424268.1250,   -933.6935,    559.0087,  26552.7871,
       1,     170,     190,      24,       1,       3,       1,     10.0000,      1.4143,     42.8123,    252.2831,     63.4896,      3.4953,      0.0000,     -0.0335,      2.4241,      0.1761,      5.6657,     11.3315,      1.5561,     29.5869,     59.1737,      0.0195,      0.0019,      0.0156,      0.2104,   7965.8364,-424057.1250,   -933.6234,    559.0236,  26552.7871,
       1,     170,     191,       1,       1,       3,       1,     10.0000,      1.4143,     42.8126,    252.2891,     63.4911,      3.4953,      0.0000,     -0.0334,      2.0845,      0.1725,      5.6660,     11.3320,      1.5239,     29.5934,     59.1869,      0.0195,      0.0016,      0.0156,      0.2105,   7965.8364,-423859.5938,   -933.8534,    559.0505,  26553.9824,
       1,     170,     191,       2,       1,       3,       1,     10.0000,      1.4143,     42.8126,    252.2891,     63.4911,      3.4953,      0.0000,     -0.0334,      2.2442,      0.1725,      5.6660,     11.3320,      1.5239,     29.5934,     59.1869,      0.0195,      0.0017,      0.0156,      0.2105,   7966.1948,-423279.2812,   -933.4262,    559.0911,  26553.9824,
       1,     170,     191,       3,       1,       3,       1,     10.0000,      1.4143,     42.8126,    252.2891,     63.4911,      3.4953,      0.0000,     -0.0332,      2.0640,      0.1684,      5.6660,     11.3320,      1.4878,     29.5934,     59.1869,      0.0195,      0.0016,      0.0156,      0.2105,   7966.1948,-423423.1562,   -933.4340,    559.0810,  26553.9824,
       1,     170,     191,       4,       1,       3,       1,     10.0000,      1.4143,     42.8126,    252.2891,     63.4911,      3.4953,      0.0000,     -0.0330,      1.6750,      0.1634,      5.6660,     11.3320,      1.4438,     29.5934,     59.1869,      0.0195,      0.0013,      0.0156,      0.2105,   7966.1948,-423217.6875,   -933.3721,    559.0954,  26553.9824,
       1,     170,     191,       5,       1,       3,       1,     10.0000,      1.4143,     42.8126,    252.2891,     63.4911,      3.4953,      0.0000,     -0.0329,      1.4187,      0.1595,      5.6660,     11.3320,      1.4094,     29.5934,     59.1869,      0.0195,      0.0011,      0.0156,      0.2105,   7966.1948,-422730.1875,   -933.2585,    559.1295,  26553.9824,
       1,     170,     191,       6,       1,       3,       1,     10.0000,      1.4143,     42.8126,    252.2891,     63.4911,      3.4953,      0.0000,     -0.0329,      1.3400,      0.1593,      5.6660,     11.3320,      1.4080,     29.5934,     59.1869,      0.0195,      0.0010,      0.0156,      0.2105,   7966.1948,-422379.1875,   -933.1761,    559.1541,  26553.9844,
       1,     170,     191,       7,       1,       3,       1,     10.0000,      1.4143,     42.8126,    252.2891,     63.4911,      3.4953,      0.0000,     -0.0330,      1.5443,      0.1616,      5.6660,     11.3320,      1.4279,     29.5934,     59.1869,      0.0195,      0.0012,      0.0156,      0.2105,   7966.1958,-422254.2500,   -933.1404,    559.1628,  26553.9824,
       1,     170,     191,       8,       1,       3,       1,     10.0000,      1.4143,     42.8126,    252.2891,     63.4911,      3.4953,      0.0056,     -0.0273,      1.2364,      0.1592,      5.6660,     11.3320,      1.4066,     29.5934,     59.1869,      0.0195,      0.0010,      0.0156,      0.2105,   7966.1948,-422490.8125,   -933.1759,    559.1462,  26553.9844,
       1,     170,     191,       9,       1,       3,       1,     10.0000,      1.4143,     42.8126,    252.2891,     63.4911,      3.4953,      0.0333,      0.0003,      2.5118,      0.1622,      5.6660,     11.3320,      1.4337,     29.5934,     59.1869,      0.0195,      0.0012,      0.0262,      0.2105,   7966.1958,-422138.6250,   -933.0947,    559.1708,  26553.9824,
       1,     170,     191,      10,       1,       3,       1,     10.0000,      1.4143,     42.8126,    252.2891,     63.4911,      3.4953,      0.0706,      0.0375,      7.5639,      0.1660,      5.6660,     11.3320,      1.4671,     29.5934,     59.1869,      0.0195,      0.0012,      0.0789,      0.2105,   7966.1948,-423650.1875,   -933.3835,    559.0652,  26553.9824,
       1,     170,     191,      11,       1,       3,       1,     10.0000,      1.4143,     42.8126,    252.2891,     63.4911,      3.4953,      0.0885,      0.0552,     17.3799,      0.1728,      5.6660,     11.3320,      1.5269,     29.5934,     59.1869,      0.0195,      0.0020,      0.1033,      0.2105,   7966.1948,-429883.1250,   -934.6279,    558.6296,  26553.9805,
       1,     170,     191,      12,       1,       3,       1,     10.0000,      1.4143,     42.8126,    252.2891,     63.4911,      3.4953,      0.1105,      0.0769,     25.2214,      0.1791,      5.6660,     11.3320,      1.5828,     29.5934,     59.1869,      0.0195,      0.0023,      0.1337,      0.2104,   7966.1943,-442273.5938,   -937.1469,    557.7646,  26553.9824,
       1,     170,     191,      13,       1,       3,       1,     10.0000,      1.4143,     42.8126,    252.2891,     63.4911,      3.4953,      0.1661,      0.1320,     54.6735,      0.1939,      5.6660,     11.3320,      1.7137,     29.5934,     59.1869,      0.0195,      0.0031,      0.2101,      0.2104,   7966.1948,-452799.2188,   -939.2957,    557.0313,  26553.9824,
       1,     170,     191,      14,       1,       3,       1,     10.0000,      1.4143,     42.8126,    252.2891,     63.4911,      3.4953,      0.1704,      0.1360,     71.4409,      0.2086,      5.6660,     11.3320,      1.8437,     29.5934,     59.1869,      0.0195,      0.0040,      0.2145,      0.2104,   7966.1948,-489294.1562,   -946.7678,    554.4908,  26553.9824,
       1,     170,     191,      15,       1,       3,       1,     10.0000,      1.4143,     42.8126,    252.2891,     63.4911,      3.4953,      0.1625,      0.1282,     62.3727,      0.2026,      5.6660,     11.3320,      1.7899,     29.5934,     59.1869,      0.0195,      0.0037,      0.2041,      0.2104,   7966.1948,-512667.7812,   -951.6460,    552.8765,  26553.9824,
       1,     170,     191,      16,       1,       3,       1,     10.0000,      1.4143,     42.8126,    252.2891,     63.4911,      3.4953,      0.1497,      0.1155,     45.3792,      0.1984,      5.6660,     11.3320,      1.7531,     29.5934,     59.1869,      0.0195,      0.0029,      0.1876,      0.2104,   7966.1948,-503662.0625,   -949.9682,    553.5012,  26553.9824,
       1,     170,     191,      17,       1,       3,       1,     10.0000,      1.4143,     42.8126,    252.2891,     63.4911,      3.4953,      0.1396,      0.1058,     35.6637,      0.1866,      5.6660,     11.3320,      1.6486,     29.5934,     59.1869,      0.0195,      0.0025,      0.1743,      0.2104,   7966.1948,-482342.3125,   -945.7502,    554.9766,  26553.9824,
       1,     170,     191,      18,       1,       3,       1,     10.0000,      1.4143,     42.8126,    252.2891,     63.4911,      3.4953,      0.0900,      0.0573,      6.7430,      0.1531,      5.6660,     11.3320,      1.3525,     29.5934,     59.1869,      0.0195,      0.0008,      0.1070,      0.2104,   7966.1948,-468802.7812,   -943.6218,    555.9178,  26553.9824,
       1,     170,     191,      19,       1,       3,       1,     10.0000,      1.4143,     42.8126,    252.2891,     63.4911,      3.4953,      0.0584,      0.0259,      4.5590,      0.1491,      5.6660,     11.3320,      1.3176,     29.5934,     59.1869,      0.0195,      0.0009,      0.0623,      0.2104,   7966.1948,-432690.2500,   -936.2679,    558.4281,  26553.9805,
       1,     170,     191,      20,       1,       3,       1,     10.0000,      1.4143,     42.8126,    252.2891,     63.4911,      3.4953,      0.0059,     -0.0264,      1.1183,      0.1429,      5.6660,     11.3320,      1.2629,     29.5934,     59.1869,      0.0195,      0.0009,      0.0156,      0.2104,   7966.1943,-427022.1562,   -935.1003,    558.8294,  26553.9824,
       1,     170,     191,      21,       1,       3,       1,     10.0000,      1.4143,     42.8126,    252.2891,     63.4911,      3.4953,      0.0001,     -0.0322,      1.5031,      0.1412,      5.6660,     11.3320,      1.2476,     29.5934,     59.1869,      0.0195,      0.0012,      0.0156,      0.2104,   7966.1948,-422378.7188,   -934.1404,    559.1539,  26553.9805,
       1,     170,     191,      22,       1,       3,       1,     10.0000,      1.4143,     42.8126,    252.2891,     63.4911,      3.4953,      0.0000,     -0.0323,      1.3494,      0.1425,      5.6660,     11.3320,      1.2590,     29.5934,     59.1869,      0.0195,      0.0010,      0.0156,      0.2105,   7966.1943,-422452.0938,   -934.1435,    559.1489,  26553.9805,
       1,     170,     191,      23,       1,       3,       1,     10.0000,      1.4143,     42.8126,    252.2891,     63.4911,      3.4953,      0.0000,     -0.0323,      0.7380,      0.1422,      5.6660,     11.3320,      1.2565,     29.5934,     59.1869,      0.0195,      0.0006,      0.0156,      0.2105,   7966.1943,-422272.3125,   -934.0965,    559.1614,  26553.9805,
       1,     170,     191,      24,       1,       3,       1,     10.0000,      1.4143,     42.8126,    252.2891,     63.4911,      3.4953,      0.0000,     -0.0324,      0.7823,      0.1463,      5.6660,     11.3320,      1.2926,     29.5934,     59.1869,      0.0195,      0.0006,      0.0156,      0.2105,   7966.1943,-421518.4375,   -933.9388,    559.2142,  26553.9805,
       1,     170,     192,       1,       1,       3,       1,     10.0000,      1.4143,     42.8129,    252.2951,     63.4926,      3.4953,      0.0000,     -0.0326,      0.9833,      0.1494,      5.6676,     11.3352,      1.3203,     29.5837,     59.1675,      0.0195,      0.0008,      0.0156,      0.2105,   7966.1943,-421664.8750,   -934.8015,    559.2173,  26555.1758,
       1,     170,     192,       2,       1,       3,       1,     10.0000,      1.4143,     42.8129,    252.2951,     63.4926,      3.4953,      0.0000,     -0.0326,      0.4780,      0.1500,      5.6676,     11.3352,      1.3256,     29.5837,     59.1675,      0.0195,      0.0004,      0.0156,      0.2105,   7966.5532,-421766.5312,   -933.6223,    559.2103,  26555.1777,
       1,     170,     192,       3,       1,       3,       1,     10.0000,      1.4143,     42.8129,    252.2951,     63.4926,      3.4953,      0.0000,     -0.0325,      0.3614,      0.1485,      5.6676,     11.3352,      1.3123,     29.5837,     59.1675,      0.0195,      0.0003,      0.0156,      0.2105,   7966.5537,-421164.1250,   -932.0788,    559.2523,  26555.1777,
       1,     170,     192,       4,       1,       3,       1,     10.0000,      1.4143,     42.8129,    252.2951,     63.4926,      3.4953,      0.0000,     -0.0326,      0.3698,      0.1515,      5.6676,     11.3352,      1.3390,     29.5837,     59.1675,      0.0195,      0.0003,      0.0156,      0.2105,   7966.5537,-420972.4375,   -932.0422,    559.2657,  26555.1777,
       1,     170,     192,       5,       1,       3,       1,     10.0000,      1.4143,     42.8129,    252.2951,     63.4926,      3.4953,      0.0000,     -0.0326,      0.3681,      0.1509,      5.6676,     11.3352,      1.3336,     29.5837,     59.1675,      0.0195,      0.0003,      0.0156,      0.2105,   7966.5537,-420966.5000,   -922.2011,    559.2662,  26555.1875,
       1,     170,     192,       6,       1,       3,       1,     10.0000,      1.4143,     42.8129,    252.2951,     63.4926,      3.4953,      0.0000,     -0.0324,      0.3491,      0.1441,      5.6676,     11.3352,      1.2731,     29.5837,     59.1675,      0.0195,      0.0003,      0.0156,      0.2105,   7966.5566,-420962.7812,   -922.2000,    559.2664,  26555.1875,
       1,     170,     192,       7,       1,       3,       1,     10.0000,      1.4143,     42.8129,    252.2951,     63.4926,      3.4953,      0.0000,     -0.0323,      0.3435,      0.1421,      5.6676,     11.3352,      1.2553,     29.5837,     59.1675,      0.0195,      0.0003,      0.0156,      0.2105,   7966.5566,-420939.4375,   -922.1972,    559.2680,  26555.1855,
       1,     170,     192,       8,       1,       3,       1,     10.0000,      1.4143,     42.8129,    252.2951,     63.4926,      3.4953,      0.0049,     -0.0271,      0.3253,      0.1354,      5.6676,     11.3352,      1.1969,     29.5837,     59.1675,      0.0195,      0.0003,      0.0156,      0.2105,   7966.5562,-420930.9688,   -922.1974,    559.2687,  26555.1875,
       1,     170,     192,       9,       1,       3,       1,     10.0000,      1.4143,     42.8129,    252.2951,     63.4926,      3.4953,      0.0319,     -0.0000,      0.5178,      0.1315,      5.6676,     11.3352,      1.1621,     29.5837,     59.1675,      0.0195,      0.0002,      0.0257,      0.2105,   7966.5566,-420907.9688,   -922.2072,    559.2703,  26555.1855,
       1,     170,     192,      10,       1,       3,       1,     10.0000,      1.4143,     42.8129,    252.2951,     63.4926,      3.4953,      0.0971,      0.0652,      2.9467,      0.1318,      5.6676,     11.3352,      1.1645,     29.5837,     59.1675,      0.0195,      0.0003,      0.1180,      0.2105,   7966.5562,-421138.8750,   -922.3164,    559.2541,  26555.1797,
       1,     170,     192,      11,       1,       3,       1,     10.0000,      1.4143,     42.8129,    252.2951,     63.4926,      3.4953,      0.1731,      0.1405,     21.5527,      0.1511,      5.6676,     11.3352,      1.3350,     29.5837,     59.1675,      0.0195,      0.0012,      0.2238,      0.2105,   7966.5542,-424093.9375,   -923.1212,    559.0475,  26555.1777,
       1,     170,     192,      12,       1,       3,       1,     10.0000,      1.4143,     42.8129,    252.2951,     63.4926,      3.4953,      0.1448,      0.1121,     20.4987,      0.1541,      5.6676,     11.3352,      1.3621,     29.5837,     59.1675,      0.0195,      0.0013,      0.1836,      0.2105,   7966.5537,-446825.6562,   -928.4885,    557.4590,  26555.1758,
       1,     170,     192,      13,       1,       3,       1,     10.0000,      1.4143,     42.8129,    252.2951,     63.4926,      3.4953,      0.1776,      0.1446,     33.2620,      0.1640,      5.6676,     11.3352,      1.4496,     29.5837,     59.1675,      0.0195,      0.0018,      0.2289,      0.2105,   7966.5532,-447477.0000,   -929.3446,    557.4159,  26555.1777,
       1,     170,     192,      14,       1,       3,       1,     10.0000,      1.4143,     42.8129,    252.2951,     63.4926,      3.4953,      0.1946,      0.1608,     64.0712,      0.1866,      5.6676,     11.3352,      1.6487,     29.5837,     59.1675,      0.0195,      0.0031,      0.2500,      0.2105,   7966.5537,-462956.2812,   -933.4367,    556.3373,  26555.1777,
       1,     170,     192,      15,       1,       3,       1,     10.0000,      1.4143,     42.8129,    252.2951,     63.4926,      3.4953,      0.1961,      0.1617,     83.9909,      0.2036,      5.6676,     11.3352,      1.7988,     29.5837,     59.1675,      0.0195,      0.0041,      0.2500,      0.2104,   7966.5537,-501512.5312,   -943.0764,    553.6571,  26555.1777,
       1,     170,     192,      16,       1,       3,       1,     10.0000,      1.4143,     42.8129,    252.2951,     63.4926,      3.4953,      0.1968,      0.1624,     94.6199,      0.2093,      5.6676,     11.3352,      1.8492,     29.5837,     59.1675,      0.0195,      0.0046,      0.2500,      0.2104,   7966.5537,-528874.6250,   -950.7611,    551.7699,  26555.1797,
       1,     170,     192,      17,       1,       3,       1,     10.0000,      1.4143,     42.8129,    252.2951,     63.4926,      3.4953,      0.1969,      0.1625,     95.6228,      0.2082,      5.6676,     11.3352,      1.8401,     29.5837,     59.1675,      0.0195,      0.0046,      0.2500,      0.2104,   7966.5542,-544041.8750,   -955.6982,    550.7269,  26555.1777,
       1,     170,     192,      18,       1,       3,       1,     10.0000,      1.4143,     42.8129,    252.2951,     63.4926,      3.4953,      0.1728,      0.1389,     66.4718,      0.1879,      5.6676,     11.3352,      1.6602,     29.5837,     59.1675,      0.0195,      0.0037,      0.2183,      0.2103,   7966.5537,-546530.9375,   -957.8865,    550.5567,  26555.1777,
       1,     170,     192,      19,       1,       3,       1,     10.0000,      1.4143,     42.8129,    252.2951,     63.4926,      3.4953,      0.0865,      0.0534,     21.0845,      0.1665,      5.6676,     11.3352,      1.4715,     29.5837,     59.1675,      0.0195,      0.0025,      0.1001,      0.2103,   7966.5537,-511449.2188,   -952.0209,    552.9710,  26555.1758,
       1,     170,     192,      20,       1,       3,       1,     10.0000,      1.4143,     42.8129,    252.2951,     63.4926,      3.4953,      0.0482,      0.0151,      9.1866,      0.1622,      5.6676,     11.3352,      1.4337,     29.5837,     59.1675,      0.0195,      0.0024,      0.0467,      0.2104,   7966.5532,-453602.6562,   -941.0526,    556.9747,  26555.1758,
       1,     170,     192,      21,       1,       3,       1,     10.0000,      1.4143,     42.8129,    252.2951,     63.4926,      3.4953,      0.0001,     -0.0325,      2.1018,      0.1511,      5.6676,     11.3352,      1.3350,     29.5837,     59.1675,      0.0195,      0.0016,      0.0156,      0.2105,   7966.5532,-434388.7500,   -937.4970,    558.3270,  26555.1777,
       1,     170,     192,      22,       1,       3,       1,     10.0000,      1.4143,     42.8129,    252.2951,     63.4926,      3.4953,      0.0000,     -0.0325,      1.7751,      0.1490,      5.6676,     11.3352,      1.3163,     29.5837,     59.1675,      0.0195,      0.0014,      0.0156,      0.2105,   7966.5537,-424193.0625,   -935.5678,    559.0402,  26555.1738,
       1,     170,     192,      23,       1,       3,       1,     10.0000,      1.4143,     42.8129,    252.2951,     63.4926,      3.4953,      0.0000,     -0.0324,      1.4137,      0.1450,      5.6676,     11.3352,      1.2809,     29.5837,     59.1675,      0.0195,      0.0011,      0.0156,      0.2105,   7966.5522,-422937.5000,   -935.3805,    559.1284,  26555.1738,
       1,     170,     192,      24,       1,       3,       1,     10.0000,      1.4143,     42.8129,    252.2951,     63.4926,      3.4953,      0.0000,     -0.0325,      1.4192,      0.1476,      5.6676,     11.3352,      1.3044,     29.5837,     59.1675,      0.0195,      0.0011,      0.0156,      0.2105,   7966.5522,-422394.2188,   -935.3139,    559.1663,  26555.1758,
       1,     170,     193,       1,       1,       3,       1,     10.0000,      1.4143,     42.8133,    252.3011,     63.4941,      3.4953,      0.0000,     -0.0324,      0.9856,      0.1458,      5.6668,     11.3337,      1.2887,     29.5857,     59.1714,      0.0195,      0.0008,      0.0156,      0.2105,   7966.5532,-422510.8438,   -935.6699,    559.1714,  26556.3691,
       1,     170,     193,       2,       1,       3,       1,     10.0000,      1.4143,     42.8133,    252.3011,     63.4941,      3.4953,      0.0000,     -0.0323,      0.6856,      0.1421,      5.6668,     11.3337,      1.2553,     29.5857,     59.1714,      0.0195,      0.0005,      0.0156,      0.2105,   7966.9111,-421843.8750,   -935.2834,    559.2180,  26556.3711,
       1,     170,     193,       3,       1,       3,       1,     10.0000,      1.4143,     42.8133,    252.3011,     63.4941,      3.4953,      0.0000,     -0.0322,      0.5832,      0.1403,      5.6668,     11.3337,      1.2401,     29.5857,     59.1714,      0.0195,      0.0005,      0.0156,      0.2105,   7966.9116,-421424.8125,   -935.2168,    559.2474,  26556.3711,
       1,     170,     193,       4,       1,       3,       1,     10.0000,      1.4143,     42.8133,    252.3011,     63.4941,      3.4953,      0.0000,     -0.0322,      0.6301,      0.1392,      5.6668,     11.3337,      1.2301,     29.5857,     59.1714,      0.0195,      0.0005,      0.0156,      0.2105,   7966.9116,-421265.5000,   -935.1985,    559.2584,  26556.3730,
       1,     170,     193,       5,       1,       3,       1,     10.0000,      1.4143,     42.8133,    252.3011,     63.4941,      3.4953,      0.0000,     -0.0322,      0.5895,      0.1386,      5.6668,     11.3337,      1.2251,     29.5857,     59.1714,      0.0195,      0.0005,      0.0156,      0.2105,   7966.9121,-421308.6875,   -935.2220,    559.2554,  26556.3711,
       1,     170,     193,       6,       1,       3,       1,     10.0000,      1.4143,     42.8133,    252.3011,     63.4941,      3.4953,      0.0000,     -0.0321,      0.6290,      0.1377,      5.6668,     11.3337,      1.2165,     29.5857,     59.1714,      0.0195,      0.0005,      0.0156,      0.2105,   7966.9116,-421263.4375,   -935.2253,    559.2585,  26556.3711,
       1,     170,     193,       7,       1,       3,       1,     10.0000,      1.4143,     42.8133,    252.3011,     63.4941,      3.4953,      0.0000,     -0.0321,      0.7397,      0.1379,      5.6668,     11.3337,      1.2190,     29.5857,     59.1714,      0.0195,      0.0006,      0.0156,      0.2105,   7966.9116,-421307.4062,   -935.2488,    559.2555,  26556.3711,
       1,     170,     193,       8,       1,       3,       1,     10.0000,      1.4143,     42.8133,    252.3011,     63.4941,      3.4953,      0.0109,     -0.0213,      0.5523,      0.1389,      5.6668,     11.3337,      1.2276,     29.5857,     59.1714,      0.0195,      0.0004,      0.0156,      0.2105,   7966.9116,-421444.8125,   -935.2957,    559.2459,  26556.3711,
       1,     170,     193,       9,       1,       3,       1,     10.0000,      1.4143,     42.8133,    252.3011,     63.4941,      3.4953,      0.1302,      0.0973,     21.1543,      0.1605,      5.6668,     11.3337,      1.4180,     29.5857,     59.1714,      0.0195,      0.0016,      0.1626,      0.2105,   7966.9116,-421229.9062,   -935.2747,    559.2609,  26556.3711,
       1,     170,     193,      10,       1,       3,       1,     10.0000,      1.4143,     42.8133,    252.3011,     63.4941,      3.4953,      0.1814,      0.1476,     53.5570,      0.1858,      5.6668,     11.3337,      1.6422,     29.5857,     59.1714,      0.0195,      0.0028,      0.2321,      0.2105,   7966.9116,-446101.5938,   -940.4951,    557.5222,  26556.3711,
       1,     170,     193,      11,       1,       3,       1,     10.0000,      1.4143,     42.8133,    252.3011,     63.4941,      3.4953,      0.1955,      0.1613,     76.5853,      0.2006,      5.6668,     11.3337,      1.7724,     29.5857,     59.1714,      0.0195,      0.0037,      0.2500,      0.2105,   7966.9116,-487369.0625,   -949.3360,    554.6489,  26556.3711,
       1,     170,     193,      12,       1,       3,       1,     10.0000,      1.4143,     42.8133,    252.3011,     63.4941,      3.4953,      0.1963,      0.1619,     93.5822,      0.2066,      5.6668,     11.3337,      1.8257,     29.5857,     59.1714,      0.0195,      0.0045,      0.2493,      0.2104,   7966.9116,-518713.1875,   -956.4805,    552.4832,  26556.3711,
       1,     170,     193,      13,       1,       3,       1,     10.0000,      1.4143,     42.8133,    252.3011,     63.4941,      3.4953,      0.1989,      0.1641,    122.3924,      0.2205,      5.6668,     11.3337,      1.9483,     29.5857,     59.1714,      0.0195,      0.0059,      0.2500,      0.2104,   7966.9116,-541919.1250,   -962.0469,    550.8849,  26556.3711,
       1,     170,     193,      14,       1,       3,       1,     10.0000,      1.4143,     42.8133,    252.3011,     63.4941,      3.4953,      0.2001,      0.1650,    138.3541,      0.2300,      5.6668,     11.3337,      2.0322,     29.5857,     59.1714,      0.0195,      0.0067,      0.2500,      0.2104,   7966.9116,-578742.8750,   -970.4951,    548.3514,  26556.3711,
       1,     170,     193,      15,       1,       3,       1,     10.0000,      1.4143,     42.8133,    252.3011,     63.4941,      3.4953,      0.1926,      0.1578,    105.1431,      0.2200,      5.6668,     11.3337,      1.9444,     29.5857,     59.1714,      0.0195,      0.0052,      0.2428,      0.2103,   7966.9116,-601186.8125,   -976.1191,    546.8188,  26556.3711,
       1,     170,     193,      16,       1,       3,       1,     10.0000,      1.4143,     42.8133,    252.3011,     63.4941,      3.4953,      0.1924,      0.1577,     99.6263,      0.2179,      5.6668,     11.3337,      1.9254,     29.5857,     59.1714,      0.0195,      0.0050,      0.2432,      0.2103,   7966.9116,-562837.3750,   -969.1757,    549.4423,  26556.3691,
       1,     170,     193,      17,       1,       3,       1,     10.0000,      1.4143,     42.8133,    252.3011,     63.4941,      3.4953,      0.1871,      0.1525,     90.5638,      0.2128,      5.6668,     11.3337,      1.8805,     29.5857,     59.1714,      0.0195,      0.0046,      0.2365,      0.2103,   7966.9111,-552951.7500,   -967.8220,    550.1275,  26556.3711,
       1,     170,     193,      18,       1,       3,       1,     10.0000,      1.4143,     42.8133,    252.3011,     63.4941,      3.4953,      0.1731,      0.1386,     78.1206,      0.2087,      5.6668,     11.3337,      1.8438,     29.5857,     59.1714,      0.0195,      0.0043,      0.2176,      0.2104,   7966.9116,-541143.3125,   -965.9485,    550.9399,  26556.3730,
       1,     170,     193,      19,       1,       3,       1,     10.0000,      1.4143,     42.8133,    252.3011,     63.4941,      3.4953,      0.1169,      0.0829,     39.0577,      0.1934,      5.6668,     11.3337,      1.7087,     29.5857,     59.1714,      0.0195,      0.0033,      0.1412,      0.2104,   7966.9121,-525091.4375,   -963.0936,    552.0461,  26556.3691,
       1,     170,     193,      20,       1,       3,       1,     10.0000,      1.4143,     42.8133,    252.3011,     63.4941,      3.4953,      0.0464,      0.0127,      9.1574,      0.1831,      5.6668,     11.3337,      1.6179,     29.5857,     59.1714,      0.0195,      0.0025,      0.0436,      0.2104,   7966.9111,-476478.2812,   -953.3633,    555.4017,  26556.3691,
       1,     170,     193,      21,       1,       3,       1,     10.0000,      1.4143,     42.8133,    252.3011,     63.4941,      3.4953,      0.0000,     -0.0330,      1.2697,      0.1624,      5.6668,     11.3337,      1.4352,     29.5857,     59.1714,      0.0195,      0.0010,      0.0156,      0.2105,   7966.9111,-436266.7500,   -945.1633,    558.2036,  26556.3711,
       1,     170,     193,      22,       1,       3,       1,     10.0000,      1.4143,     42.8133,    252.3011,     63.4941,      3.4953,      0.0000,     -0.0330,      0.7923,      0.1623,      5.6668,     11.3337,      1.4337,     29.5857,     59.1714,      0.0195,      0.0006,      0.0156,      0.2105,   7966.9116,-423355.2188,   -942.5116,    559.1116,  26556.3691,
       1,     170,     193,      23,       1,       3,       1,     10.0000,      1.4143,     42.8133,    252.3011,     63.4941,      3.4953,      0.0000,     -0.0331,      0.9873,      0.1649,      5.6668,     11.3337,      1.4569,     29.5857,     59.1714,      0.0195,      0.0008,      0.0156,      0.2105,   7966.9111,-421682.4688,   -942.1691,    559.2292,  26556.3672,
       1,     170,     193,      24,       1,       3,       1,     10.0000,      1.4143,     42.8133,    252.3011,     63.4941,      3.4953,      0.0000,     -0.0331,      0.9268,      0.1640,      5.6668,     11.3337,      1.4496,     29.5857,     59.1714,      0.0195,      0.0007,      0.0156,      0.2105,   7966.9106,-421776.2500,   -942.1896,    559.2228,  26556.3691,
       1,     170,     194,       1,       1,       3,       1,     10.0000,      1.4144,     42.8136,    252.3070,     63.4956,      3.4953,      0.0000,     -0.0331,      0.7563,      0.1637,      5.6667,     11.3333,      1.4468,     29.5949,     59.1898,      0.0195,      0.0006,      0.0156,      0.2105,   7966.9111,-421866.6875,   -942.5057,    559.2297,  26557.5625,
       1,     170,     194,       2,       1,       3,       1,     10.0000,      1.4144,     42.8136,    252.3070,     63.4956,      3.4953,      0.0000,     -0.0330,      0.7677,      0.1631,      5.6667,     11.3333,      1.4410,     29.5949,     59.1898,      0.0195,      0.0006,      0.0156,      0.2105,   7967.2690,-421515.1562,   -942.1406,    559.2543,  26557.5625,
       1,     170,     194,       3,       1,       3,       1,     10.0000,      1.4144,     42.8136,    252.3070,     63.4956,      3.4953,      0.0000,     -0.0329,      0.6666,      0.1587,      5.6667,     11.3333,      1.4025,     29.5949,     59.1898,      0.0195,      0.0005,      0.0156,      0.2105,   7967.2690,-421499.1562,   -942.1387,    559.2554,  26557.5625,
       1,     170,     194,       4,       1,       3,       1,     10.0000,      1.4144,     42.8136,    252.3070,     63.4956,      3.4953,      0.0000,     -0.0329,      0.6767,      0.1578,      5.6667,     11.3333,      1.3941,     29.5949,     59.1898,      0.0195,      0.0005,      0.0156,      0.2105,   7967.2690,-421375.7188,   -942.1138,    559.2639,  26557.5625,
       1,     170,     194,       5,       1,       3,       1,     10.0000,      1.4144,     42.8136,    252.3070,     63.4956,      3.4953,      0.0000,     -0.0328,      0.5206,      0.1548,      5.6667,     11.3333,      1.3677,     29.5949,     59.1898,      0.0195,      0.0004,      0.0156,      0.2105,   7967.2690,-421377.6250,   -942.1152,    559.2639,  26557.5625,
       1,     170,     194,       6,       1,       3,       1,     10.0000,      1.4144,     42.8136,    252.3070,     63.4956,      3.4953,      0.0000,     -0.0328,      0.6414,      0.1557,      5.6667,     11.3333,      1.3760,     29.5949,     59.1898,      0.0195,      0.0005,      0.0156,      0.2105,   7967.2690,-421189.2188,   -942.0773,    559.2770,  26557.5625,
       1,     170,     194,       7,       1,       3,       1,     10.0000,      1.4144,     42.8136,    252.3070,     63.4956,      3.4953,      0.0000,     -0.0329,      0.8909,      0.1594,      5.6667,     11.3333,      1.4081,     29.5949,     59.1898,      0.0195,      0.0007,      0.0156,      0.2105,   7967.2690,-421319.0938,   -942.1049,    559.2679,  26557.5645,
       1,     170,     194,       8,       1,       3,       1,     10.0000,      1.4144,     42.8136,    252.3070,     63.4956,      3.4953,      0.0233,     -0.0095,      0.6114,      0.1563,      5.6667,     11.3333,      1.3815,     29.5949,     59.1898,      0.0195,      0.0006,      0.0124,      0.2105,   7967.2695,-421631.3750,   -942.1693,    559.2461,  26557.5605,
       1,     170,     194,       9,       1,       3,       1,     10.0000,      1.4144,     42.8136,    252.3070,     63.4956,      3.4953,      0.1112,      0.0780,     14.4806,      0.1679,      5.6667,     11.3333,      1.4834,     29.5949,     59.1898,      0.0195,      0.0013,      0.1361,      0.2105,   7967.2686,-421320.5625,   -942.1043,    559.2678,  26557.5625,
       1,     170,     194,      10,       1,       3,       1,     10.0000,      1.4144,     42.8136,    252.3070,     63.4956,      3.4953,      0.1759,      0.1420,     43.7876,      0.1894,      5.6667,     11.3333,      1.6735,     29.5949,     59.1898,      0.0195,      0.0023,      0.2254,      0.2105,   7967.2690,-438047.8125,   -945.5798,    558.0984,  26557.5625,
       1,     170,     194,      11,       1,       3,       1,     10.0000,      1.4144,     42.8136,    252.3070,     63.4956,      3.4953,      0.1904,      0.1560,     65.6258,      0.2034,      5.6667,     11.3333,      1.7971,     29.5949,     59.1898,      0.0195,      0.0033,      0.2439,      0.2105,   7967.2690,-474874.0312,   -953.2777,    555.5306,  26557.5625,
       1,     170,     194,      12,       1,       3,       1,     10.0000,      1.4144,     42.8136,    252.3070,     63.4956,      3.4953,      0.1856,      0.1509,     79.0613,      0.2160,      5.6667,     11.3333,      1.9085,     29.5949,     59.1898,      0.0195,      0.0041,      0.2356,      0.2105,   7967.2690,-504394.8750,   -959.6941,    553.4865,  26557.5625,
       1,     170,     194,      13,       1,       3,       1,     10.0000,      1.4144,     42.8136,    252.3070,     63.4956,      3.4953,      0.1975,      0.1623,    106.2463,      0.2375,      5.6667,     11.3333,      2.0989,     29.5949,     59.1898,      0.0195,      0.0051,      0.2500,      0.2104,   7967.2690,-523133.9375,   -963.8716,    552.1938,  26557.5625,
       1,     170,     194,      14,       1,       3,       1,     10.0000,      1.4144,     42.8136,    252.3070,     63.4956,      3.4953,      0.1801,      0.1453,     79.1755,      0.2190,      5.6667,     11.3333,      1.9349,     29.5949,     59.1898,      0.0195,      0.0042,      0.2276,      0.2104,   7967.2690,-557599.4375,   -971.3839,    549.8163,  26557.5625,
       1,     170,     194,      15,       1,       3,       1,     10.0000,      1.4144,     42.8136,    252.3070,     63.4956,      3.4953,      0.1664,      0.1322,     44.2059,      0.1986,      5.6667,     11.3333,      1.7550,     29.5949,     59.1898,      0.0195,      0.0025,      0.2118,      0.2104,   7967.2690,-527741.9375,   -943.0593,    551.8735,  26557.3105,
       1,     170,     194,      16,       1,       3,       1,     10.0000,      1.4144,     42.8136,    252.3070,     63.4956,      3.4953,      0.0411,      0.0088,      2.2303,      0.1432,      5.6667,     11.3333,      1.2655,     29.5949,     59.1898,      0.0195,      0.0007,      0.0382,      0.2104,   7967.1934,-482956.9688,   -922.6756,    554.9668,  26557.5742,
       1,     170,     194,      17,       1,       3,       1,     10.0000,      1.4144,     42.8136,    252.3070,     63.4956,      3.4953,      0.1182,      0.0859,      8.1703,      0.1419,      5.6667,     11.3333,      1.2540,     29.5949,     59.1898,      0.0195,      0.0007,      0.1471,      0.2105,   7967.2725,-428430.5938,   -911.6273,    558.7580,  26557.5742,
       1,     170,     194,      18,       1,       3,       1,     10.0000,      1.4144,     42.8136,    252.3070,     63.4956,      3.4953,      0.1262,      0.0928,     14.6622,      0.1726,      5.6667,     11.3333,      1.5255,     29.5949,     59.1898,      0.0195,      0.0011,      0.1575,      0.2105,   7967.2725,-431040.4062,   -912.5016,    558.5887,  26557.5723,
       1,     170,     194,      19,       1,       3,       1,     10.0000,      1.4144,     42.8136,    252.3070,     63.4956,      3.4953,      0.0879,      0.0543,     10.6315,      0.1820,      5.6667,     11.3333,      1.6083,     29.5949,     59.1898,      0.0195,      0.0012,      0.1030,      0.2105,   7967.2720,-439088.3750,   -914.5352,    558.0268,  26557.5723,
       1,     170,     194,      20,       1,       3,       1,     10.0000,      1.4144,     42.8136,    252.3070,     63.4956,      3.4953,      0.0328,     -0.0008,      2.6717,      0.1795,      5.6667,     11.3333,      1.5860,     29.5949,     59.1898,      0.0195,      0.0013,      0.0249,      0.2105,   7967.2720,-434898.0625,   -914.1957,    558.3194,  26557.5742,
       1,     170,     194,      21,       1,       3,       1,     10.0000,      1.4144,     42.8136,    252.3070,     63.4956,      3.4953,      0.0000,     -0.0335,      1.8281,      0.1770,      5.6667,     11.3333,      1.5641,     29.5949,     59.1898,      0.0195,      0.0014,      0.0156,      0.2105,   7967.2725,-424927.0625,   -912.6373,    559.0154,  26557.5742,
       1,     170,     194,      22,       1,       3,       1,     10.0000,      1.4144,     42.8136,    252.3070,     63.4956,      3.4953,      0.0000,     -0.0334,      1.8975,      0.1745,      5.6667,     11.3333,      1.5424,     29.5949,     59.1898,      0.0195,      0.0015,      0.0156,      0.2105,   7967.2725,-423067.4688,   -912.4922,    559.1458,  26557.5742,
       1,     170,     194,      23,       1,       3,       1,     10.0000,      1.4144,     42.8136,    252.3070,     63.4956,      3.4953,      0.0000,     -0.0333,      1.6511,      0.1699,      5.6667,     11.3333,      1.5013,     29.5949,     59.1898,      0.0195,      0.0013,      0.0156,      0.2105,   7967.2725,-422993.8438,   -912.6840,    559.1509,  26557.5723,
       1,     170,     194,      24,       1,       3,       1,     10.0000,      1.4144,     42.8136,    252.3070,     63.4956,      3.4953,      0.0000,     -0.0332,      1.5750,      0.1680,      5.6667,     11.3333,      1.4849,     29.5949,     59.1898,      0.0195,      0.0012,      0.0156,      0.2105,   7967.2720,-422690.1562,   -912.7925,    559.1721,  26557.5742,
       1,     170,     195,       1,       1,       3,       1,     10.0000,      1.4144,     42.8139,    252.3130,     63.4971,      3.4953,      0.0000,     -0.0331,      1.7064,      0.1657,      5.6670,     11.3340,      1.4643,     29.5944,     59.1889,      0.0195,      0.0013,      0.0156,      0.2106,   7967.2725,-422728.6562,   -913.2133,    559.1826,  26558.7734,
       1,     170,     195,       2,       1,       3,       1,     10.0000,      1.4144,     42.8139,    252.3130,     63.4971,      3.4953,      0.0000,     -0.0330,      1.5014,      0.1614,      5.6670,     11.3340,      1.4266,     29.5944,     59.1889,      0.0195,      0.0012,      0.0156,      0.2106,   7967.6323,-422737.0000,   -913.0944,    559.1820,  26558.7715,
       1,     170,     195,       3,       1,       3,       1,     10.0000,      1.4144,     42.8139,    252.3130,     63.4971,      3.4953,      0.0000,     -0.0328,      1.0154,      0.1556,      5.6670,     11.3340,      1.3746,     29.5944,     59.1889,      0.0195,      0.0008,      0.0156,      0.2106,   7967.6318,-422490.3125,   -913.1310,    559.1993,  26558.7715,
       1,     170,     195,       4,       1,       3,       1,     10.0000,      1.4144,     42.8139,    252.3130,     63.4971,      3.4953,      0.0000,     -0.0328,      1.7423,      0.1559,      5.6670,     11.3340,      1.3774,     29.5944,     59.1889,      0.0195,      0.0013,      0.0156,      0.2106,   7967.6318,-421882.3750,   -913.0808,    559.2418,  26558.7715,
       1,     170,     195,       5,       1,       3,       1,     10.0000,      1.4144,     42.8139,    252.3130,     63.4971,      3.4953,      0.0000,     -0.0327,      1.7060,      0.1537,      5.6670,     11.3340,      1.3581,     29.5944,     59.1889,      0.0195,      0.0013,      0.0156,      0.2106,   7967.6318,-422709.0625,   -913.3106,    559.1840,  26558.7715,
       1,     170,     195,       6,       1,       3,       1,     10.0000,      1.4144,     42.8139,    252.3130,     63.4971,      3.4953,      0.0000,     -0.0327,      1.5103,      0.1522,      5.6670,     11.3340,      1.3445,     29.5944,     59.1889,      0.0195,      0.0012,      0.0156,      0.2106,   7967.6318,-422735.0312,   -913.4532,    559.1821,  26558.7715,
       1,     170,     195,       7,       1,       3,       1,     10.0000,      1.4144,     42.8139,    252.3130,     63.4971,      3.4953,      0.0000,     -0.0326,      1.0071,      0.1514,      5.6670,     11.3340,      1.3378,     29.5944,     59.1889,      0.0195,      0.0008,      0.0156,      0.2106,   7967.6318,-422500.9688,   -913.5313,    559.1985,  26558.7695,
       1,     170,     195,       8,       1,       3,       1,     10.0000,      1.4144,     42.8139,    252.3130,     63.4971,      3.4953,      0.0062,     -0.0265,      0.9167,      0.1549,      5.6670,     11.3340,      1.3691,     29.5944,     59.1889,      0.0195,      0.0007,      0.0156,      0.2106,   7967.6313,-421873.4062,   -913.4943,    559.2424,  26558.7695,
       1,     170,     195,       9,       1,       3,       1,     10.0000,      1.4144,     42.8139,    252.3130,     63.4971,      3.4953,      0.0764,      0.0435,      5.5436,      0.1594,      5.6670,     11.3340,      1.4082,     29.5944,     59.1889,      0.0195,      0.0008,      0.0875,      0.2106,   7967.6313,-421711.2812,   -913.5378,    559.2538,  26558.7715,
       1,     170,     195,      10,       1,       3,       1,     10.0000,      1.4144,     42.8139,    252.3130,     63.4971,      3.4953,      0.1368,      0.1034,     31.0367,      0.1747,      5.6670,     11.3340,      1.5440,     29.5944,     59.1889,      0.0195,      0.0022,      0.1708,      0.2106,   7967.6318,-427285.9062,   -914.9250,    558.8640,  26558.7715,
       1,     170,     195,      11,       1,       3,       1,     10.0000,      1.4144,     42.8139,    252.3130,     63.4971,      3.4953,      0.1805,      0.1466,     52.2485,      0.1903,      5.6670,     11.3340,      1.6819,     29.5944,     59.1889,      0.0195,      0.0027,      0.2311,      0.2106,   7967.6318,-458551.2500,   -921.5115,    556.6801,  26558.7715,
       1,     170,     195,      12,       1,       3,       1,     10.0000,      1.4144,     42.8139,    252.3130,     63.4971,      3.4953,      0.1944,      0.1599,     79.5725,      0.2064,      5.6670,     11.3340,      1.8240,     29.5944,     59.1889,      0.0195,      0.0039,      0.2481,      0.2105,   7967.6318,-486834.7500,   -928.0652,    554.7162,  26558.7715,
       1,     170,     195,      13,       1,       3,       1,     10.0000,      1.4144,     42.8139,    252.3130,     63.4971,      3.4953,      0.1977,      0.1630,    107.0781,      0.2188,      5.6670,     11.3340,      1.9331,     29.5944,     59.1889,      0.0195,      0.0052,      0.2500,      0.2105,   7967.6318,-522256.6875,   -936.4225,    552.2635,  26558.7734,
       1,     170,     195,      14,       1,       3,       1,     10.0000,      1.4144,     42.8139,    252.3130,     63.4971,      3.4953,      0.1932,      0.1581,    116.0700,      0.2300,      5.6670,     11.3340,      2.0323,     29.5944,     59.1889,      0.0195,      0.0058,      0.2426,      0.2105,   7967.6323,-558521.6875,   -945.1630,    549.7654,  26558.7715,
       1,     170,     195,      15,       1,       3,       1,     10.0000,      1.4144,     42.8139,    252.3130,     63.4971,      3.4953,      0.1810,      0.1463,     73.4913,      0.2158,      5.6670,     11.3340,      1.9067,     29.5944,     59.1889,      0.0195,      0.0039,      0.2296,      0.2104,   7967.6318,-572466.0625,   -949.6210,    548.8127,  26558.7695,
       1,     170,     195,      16,       1,       3,       1,     10.0000,      1.4144,     42.8139,    252.3130,     63.4971,      3.4953,      0.1913,      0.1567,     77.2022,      0.2151,      5.6670,     11.3340,      1.9010,     29.5944,     59.1889,      0.0195,      0.0038,      0.2441,      0.2104,   7967.6313,-522085.0625,   -941.2507,    552.2698,  26558.7734,
       1,     170,     195,      17,       1,       3,       1,     10.0000,      1.4144,     42.8139,    252.3130,     63.4971,      3.4953,      0.1712,      0.1369,     57.9080,      0.2048,      5.6670,     11.3340,      1.8096,     29.5944,     59.1889,      0.0195,      0.0032,      0.2172,      0.2105,   7967.6323,-522373.8438,   -930.4409,    552.2609,  26558.7695,
       1,     170,     195,      18,       1,       3,       1,     10.0000,      1.4144,     42.8139,    252.3130,     63.4971,      3.4953,      0.0558,      0.0225,      2.7752,      0.1701,      5.6670,     11.3340,      1.5029,     29.5944,     59.1889,      0.0195,      0.0006,      0.0581,      0.2105,   7967.6313,-499045.2500,   -927.6655,    553.8713,  26558.7695,
       1,     170,     195,      19,       1,       3,       1,     10.0000,      1.4144,     42.8139,    252.3130,     63.4971,      3.4953,      0.0231,     -0.0103,      0.7976,      0.1730,      5.6670,     11.3340,      1.5286,     29.5944,     59.1889,      0.0195,      0.0008,      0.0114,      0.2105,   7967.6313,-430422.5312,   -915.3737,    558.6246,  26558.7715,
       1,     170,     195,      20,       1,       3,       1,     10.0000,      1.4144,     42.8139,    252.3130,     63.4971,      3.4953,      0.0084,     -0.0250,      1.4029,      0.1740,      5.6670,     11.3340,      1.5378,     29.5944,     59.1889,      0.0195,      0.0011,      0.0156,      0.2106,   7967.6318,-422313.1562,   -914.0242,    559.2113,  26558.7715,
       1,     170,     195,      21,       1,       3,       1,     10.0000,      1.4144,     42.8139,    252.3130,     63.4971,      3.4953,      0.0001,     -0.0334,      1.6891,      0.1740,      5.6670,     11.3340,      1.5378,     29.5944,     59.1889,      0.0195,      0.0013,      0.0156,      0.2106,   7967.6318,-422335.9062,   -914.1636,    559.2100,  26558.7715,
       1,     170,     195,      22,       1,       3,       1,     10.0000,      1.4144,     42.8139,    252.3130,     63.4971,      3.4953,      0.0000,     -0.0334,      1.7767,      0.1740,      5.6670,     11.3340,      1.5378,     29.5944,     59.1889,      0.0195,      0.0014,      0.0156,      0.2106,   7967.6318,-422683.1875,   -914.3818,    559.1858,  26558.7715,
       1,     170,     195,      23,       1,       3,       1,     10.0000,      1.4144,     42.8139,    252.3130,     63.4971,      3.4953,      0.0000,     -0.0333,      1.7570,      0.1706,      5.6670,     11.3340,      1.5074,     29.5944,     59.1889,      0.0195,      0.0014,      0.0156,      0.2106,   7967.6318,-422818.1875,   -914.5806,    559.1763,  26558.7715,
       1,     170,     195,      24,       1,       3,       1,     10.0000,      1.4144,     42.8139,    252.3130,     63.4971,      3.4953,      0.0000,     -0.0332,      1.2949,      0.1691,      5.6670,     11.3340,      1.4939,     29.5944,     59.1889,      0.0195,      0.0010,      0.0156,      0.2106,   7967.6318,-422805.8438,   -914.7383,    559.1772,  26558.7734,
       1,     170,     196,       1,       1,       3,       1,     10.0000,      1.4144,     42.8143,    252.3190,     63.4986,      3.4953,      0.0000,     -0.0333,      1.2107,      0.1694,      5.6674,     11.3348,      1.4969,     29.5935,     59.1871,      0.0195,      0.0009,      0.0156,      0.2106,   7967.6323,-422402.4375,   -915.0201,    559.2187,  26559.9668,
       1,     170,     196,       2,       1,       3,       1,     10.0000,      1.4144,     42.8143,    252.3190,     63.4986,      3.4953,      0.0000,     -0.0332,      0.9004,      0.1675,      5.6674,     11.3348,      1.4805,     29.5935,     59.1871,      0.0195,      0.0007,      0.0156,      0.2106,   7967.9902,-422113.6250,   -914.7980,    559.2388,  26559.9668,
       1,     170,     196,       3,       1,       3,       1,     10.0000,      1.4144,     42.8143,    252.3190,     63.4986,      3.4953,      0.0000,     -0.0331,      0.8672,      0.1652,      5.6674,     11.3348,      1.4599,     29.5935,     59.1871,      0.0195,      0.0007,      0.0156,      0.2106,   7967.9902,-421714.6875,   -914.7817,    559.2667,  26559.9668,
       1,     170,     196,       4,       1,       3,       1,     10.0000,      1.4144,     42.8143,    252.3190,     63.4986,      3.4953,      0.0000,     -0.0329,      0.4954,      0.1597,      5.6674,     11.3348,      1.4110,     29.5935,     59.1871,      0.0195,      0.0004,      0.0156,      0.2106,   7967.9902,-421640.8438,   -914.8178,    559.2719,  26559.9688,
       1,     170,     196,       5,       1,       3,       1,     10.0000,      1.4144,     42.8143,    252.3190,     63.4986,      3.4953,      0.0000,     -0.0329,      0.4750,      0.1594,      5.6674,     11.3348,      1.4082,     29.5935,     59.1871,      0.0195,      0.0004,      0.0156,      0.2106,   7967.9907,-421185.2188,   -914.7473,    559.3038,  26559.9668,
       1,     170,     196,       6,       1,       3,       1,     10.0000,      1.4144,     42.8143,    252.3190,     63.4986,      3.4953,      0.0000,     -0.0329,      0.4908,      0.1582,      5.6674,     11.3348,      1.3983,     29.5935,     59.1871,      0.0195,      0.0004,      0.0156,      0.2106,   7967.9902,-421122.4062,   -914.7479,    559.3082,  26559.9668,
       1,     170,     196,       7,       1,       3,       1,     10.0000,      1.4144,     42.8143,    252.3190,     63.4986,      3.4953,      0.0000,     -0.0329,      0.7973,      0.1589,      5.6674,     11.3348,      1.4040,     29.5935,     59.1871,      0.0195,      0.0006,      0.0156,      0.2106,   7967.9902,-421136.2500,   -914.7641,    559.3072,  26559.9668,
       1,     170,     196,       8,       1,       3,       1,     10.0000,      1.4144,     42.8143,    252.3190,     63.4986,      3.4953,      0.0171,     -0.0159,      0.2699,      0.1616,      5.6674,     11.3348,      1.4281,     29.5935,     59.1871,      0.0195,      0.0009,      0.0034,      0.2106,   7967.9902,-421507.5938,   -914.8820,    559.2812,  26559.9668,
       1,     170,     196,       9,       1,       3,       1,     10.0000,      1.4144,     42.8143,    252.3190,     63.4986,      3.4953,      0.1306,      0.0971,     23.4417,      0.1770,      5.6674,     11.3348,      1.5641,     29.5935,     59.1871,      0.0195,      0.0017,      0.1627,      0.2106,   7967.9902,-420901.9688,   -914.8921,    559.3235,  26559.9688,
       1,     170,     196,      10,       1,       3,       1,     10.0000,      1.4144,     42.8143,    252.3190,     63.4986,      3.4953,      0.1763,      0.1422,     61.7533,      0.1970,      5.6674,     11.3348,      1.7412,     29.5935,     59.1871,      0.0195,      0.0033,      0.2240,      0.2106,   7967.9907,-448834.7500,   -920.7028,    557.3705,  26559.9668,
       1,     170,     196,      11,       1,       3,       1,     10.0000,      1.4144,     42.8143,    252.3190,     63.4986,      3.4953,      0.1933,      0.1589,     74.3873,      0.2062,      5.6674,     11.3348,      1.8222,     29.5935,     59.1871,      0.0195,      0.0036,      0.2472,      0.2106,   7967.9902,-497489.0312,   -930.9982,    553.9842,  26559.9668,
       1,     170,     196,      12,       1,       3,       1,     10.0000,      1.4144,     42.8143,    252.3190,     63.4986,      3.4953,      0.1931,      0.1583,     95.5878,      0.2201,      5.6674,     11.3348,      1.9446,     29.5935,     59.1871,      0.0195,      0.0047,      0.2446,      0.2105,   7967.9902,-516888.3125,   -933.8995,    552.6511,  26559.9668,
       1,     170,     196,      13,       1,       3,       1,     10.0000,      1.4144,     42.8143,    252.3190,     63.4986,      3.4953,      0.1985,      0.1632,    118.1802,      0.2371,      5.6674,     11.3348,      2.0949,     29.5935,     59.1871,      0.0195,      0.0057,      0.2500,      0.2105,   7967.9902,-544152.7500,   -940.9131,    550.7692,  26559.9668,
       1,     170,     196,      14,       1,       3,       1,     10.0000,      1.4144,     42.8143,    252.3190,     63.4986,      3.4953,      0.1922,      0.1570,    100.7627,      0.2341,      5.6674,     11.3348,      2.0684,     29.5935,     59.1871,      0.0195,      0.0050,      0.2428,      0.2105,   7967.9902,-573789.0625,   -948.7623,    548.7322,  26559.9648,
       1,     170,     196,      15,       1,       3,       1,     10.0000,      1.4144,     42.8143,    252.3190,     63.4986,      3.4953,      0.1902,      0.1555,     77.8797,      0.2188,      5.6674,     11.3348,      1.9331,     29.5935,     59.1871,      0.0195,      0.0039,      0.2424,      0.2104,   7967.9897,-555203.6875,   -947.0159,    550.0107,  26559.9648,
       1,     170,     196,      16,       1,       3,       1,     10.0000,      1.4144,     42.8143,    252.3190,     63.4986,      3.4953,      0.1968,      0.1618,     96.6009,      0.2304,      5.6674,     11.3348,      2.0363,     29.5935,     59.1871,      0.0195,      0.0047,      0.2500,      0.2104,   7967.9897,-525949.3125,   -942.7436,    552.0235,  26559.9688,
       1,     170,     196,      17,       1,       3,       1,     10.0000,      1.4144,     42.8143,    252.3190,     63.4986,      3.4953,      0.1159,      0.0818,     34.8925,      0.1974,      5.6674,     11.3348,      1.7447,     29.5935,     59.1871,      0.0195,      0.0030,      0.1402,      0.2105,   7967.9907,-546145.3750,   -935.2776,    550.6335,  26559.9668,
       1,     170,     196,      18,       1,       3,       1,     10.0000,      1.4144,     42.8143,    252.3190,     63.4986,      3.4953,      0.0452,      0.0120,      3.5018,      0.1692,      5.6674,     11.3348,      1.4954,     29.5935,     59.1871,      0.0195,      0.0010,      0.0429,      0.2104,   7967.9902,-473177.2812,   -920.4943,    555.6577,  26559.8828,
       1,     170,     196,      19,       1,       3,       1,     10.0000,      1.4144,     42.8143,    252.3190,     63.4986,      3.4953,      0.0713,      0.0379,      8.0912,      0.1740,      5.6674,     11.3348,      1.5378,     29.5935,     59.1871,      0.0195,      0.0012,      0.0795,      0.2105,   7967.9653,-429182.7500,   -912.8105,    558.7364,  26559.9668,
       1,     170,     196,      20,       1,       3,       1,     10.0000,      1.4144,     42.8143,    252.3190,     63.4986,      3.4953,      0.0225,     -0.0110,      1.2994,      0.1779,      5.6674,     11.3348,      1.5719,     29.5935,     59.1871,      0.0195,      0.0015,      0.0103,      0.2106,   7967.9902,-431006.5938,   -913.4782,    558.6176,  26559.9688,
       1,     170,     196,      21,       1,       3,       1,     10.0000,      1.4144,     42.8143,    252.3190,     63.4986,      3.4953,      0.0001,     -0.0334,      1.8108,      0.1767,      5.6674,     11.3348,      1.5610,     29.5935,     59.1871,      0.0195,      0.0014,      0.0156,      0.2106,   7967.9907,-422946.1562,   -912.2767,    559.1804,  26559.9668,
       1,     170,     196,      22,       1,       3,       1,     10.0000,      1.4144,     42.8143,    252.3190,     63.4986,      3.4953,      0.0000,     -0.0334,      1.6731,      0.1751,      5.6674,     11.3348,      1.5471,     29.5935,     59.1871,      0.0195,      0.0013,      0.0156,      0.2106,   7967.9902,-422884.7500,   -912.4587,    559.1849,  26559.9668,
       1,     170,     196,      23,       1,       3,       1,     10.0000,      1.4144,     42.8143,    252.3190,     63.4986,      3.4953,      0.0000,     -0.0334,      1.5975,      0.1747,      5.6674,     11.3348,      1.5440,     29.5935,     59.1871,      0.0195,      0.0012,      0.0156,      0.2106,   7967.9902,-422712.8750,   -912.6019,    559.1969,  26559.9648,
       1,     170,     196,      24,       1,       3,       1,     10.0000,      1.4144,     42.8143,    252.3190,     63.4986,      3.4953,      0.0000,     -0.0334,      1.7641,      0.1735,      5.6674,     11.3348,      1.5332,     29.5935,     59.1871,      0.0195,      0.0014,      0.0156,      0.2106,   7967.9897,-422607.3125,   -912.7449,    559.2043,  26559.9668,
       1,     170,     197,       1,       1,       3,       1,     10.0000,      1.4144,     42.8146,    252.3250,     63.5001,      3.4953,      0.0000,     -0.0333,      1.6479,      0.1703,      5.6674,     11.3347,      1.5045,     29.5956,     59.1911,      0.0195,      0.0013,      0.0156,      0.2106,   7967.9902,-422955.2188,   -913.2538,    559.1932,  26561.1602,
       1,     170,     197,       2,       1,       3,       1,     10.0000,      1.4144,     42.8146,    252.3250,     63.5001,      3.4953,      0.0000,     -0.0333,      1.4829,      0.1706,      5.6674,     11.3347,      1.5075,     29.5956,     59.1911,      0.0195,      0.0011,      0.0156,      0.2106,   7968.3481,-422691.0312,   -913.0982,    559.2118,  26561.1602,
       1,     170,     197,       3,       1,       3,       1,     10.0000,      1.4144,     42.8146,    252.3250,     63.5001,      3.4953,      0.0000,     -0.0333,      1.6222,      0.1720,      5.6674,     11.3347,      1.5196,     29.5956,     59.1911,      0.0195,      0.0013,      0.0156,      0.2106,   7968.3481,-422469.3438,   -913.1907,    559.2272,  26561.1602,
       1,     170,     197,       4,       1,       3,       1,     10.0000,      1.4144,     42.8146,    252.3250,     63.5001,      3.4953,      0.0000,     -0.0331,      1.2615,      0.1634,      5.6674,     11.3347,      1.4440,     29.5956,     59.1911,      0.0195,      0.0010,      0.0156,      0.2106,   7968.3481,-422619.0312,   -913.3721,    559.2168,  26561.1621,
       1,     170,     197,       5,       1,       3,       1,     10.0000,      1.4144,     42.8146,    252.3250,     63.5001,      3.4953,      0.0000,     -0.0330,      1.5272,      0.1611,      5.6674,     11.3347,      1.4238,     29.5956,     59.1911,      0.0195,      0.0012,      0.0156,      0.2106,   7968.3491,-422195.8438,   -913.4086,    559.2463,  26561.1582,
       1,     170,     197,       6,       1,       3,       1,     10.0000,      1.4144,     42.8146,    252.3250,     63.5001,      3.4953,      0.0000,     -0.0329,      1.3303,      0.1600,      5.6674,     11.3347,      1.4139,     29.5956,     59.1911,      0.0195,      0.0010,      0.0156,      0.2106,   7968.3477,-422481.5312,   -913.6080,    559.2264,  26561.1602,
       1,     170,     197,       7,       1,       3,       1,     10.0000,      1.4144,     42.8146,    252.3250,     63.5001,      3.4953,      0.0000,     -0.0329,      1.3238,      0.1598,      5.6674,     11.3347,      1.4125,     29.5956,     59.1911,      0.0195,      0.0010,      0.0156,      0.2106,   7968.3481,-422267.4375,   -913.6834,    559.2413,  26561.1602,
       1,     170,     197,       8,       1,       3,       1,     10.0000,      1.4144,     42.8146,    252.3250,     63.5001,      3.4953,      0.0044,     -0.0284,      0.9046,      0.1553,      5.6674,     11.3347,      1.3719,     29.5956,     59.1911,      0.0195,      0.0007,      0.0156,      0.2106,   7968.3481,-422241.5625,   -913.7924,    559.2432,  26561.1582,
       1,     170,     197,       9,       1,       3,       1,     10.0000,      1.4144,     42.8146,    252.3250,     63.5001,      3.4953,      0.0299,     -0.0022,      1.0713,      0.1381,      5.6674,     11.3347,      1.2203,     29.5956,     59.1911,      0.0195,      0.0006,      0.0226,      0.2106,   7968.3477,-421733.4062,   -910.3069,    559.2787,  26561.1602,
       1,     170,     197,      10,       1,       3,       1,     10.0000,      1.4144,     42.8146,    252.3250,     63.5001,      3.4953,      0.0610,      0.0289,      3.7624,      0.1363,      5.6674,     11.3347,      1.2043,     29.5956,     59.1911,      0.0195,      0.0007,      0.0664,      0.2106,   7968.3481,-421891.5000,   -910.4605,    559.2676,  26561.1602,
       1,     170,     197,      11,       1,       3,       1,     10.0000,      1.4144,     42.8146,    252.3250,     63.5001,      3.4953,      0.0754,      0.0430,      3.6853,      0.1442,      5.6674,     11.3347,      1.2746,     29.5956,     59.1911,      0.0195,      0.0005,      0.0867,      0.2106,   7968.3481,-425154.6875,   -911.1166,    559.0396,  26561.1602,
       1,     170,     197,      12,       1,       3,       1,     10.0000,      1.4144,     42.8146,    252.3250,     63.5001,      3.4953,      0.1244,      0.0918,      6.1595,      0.1525,      5.6674,     11.3347,      1.3473,     29.5956,     59.1911,      0.0195,      0.0005,      0.1561,      0.2106,   7968.3481,-425337.0312,   -911.4243,    559.0267,  26561.1621,
       1,     170,     197,      13,       1,       3,       1,     10.0000,      1.4144,     42.8146,    252.3250,     63.5001,      3.4953,      0.1808,      0.1474,     30.7248,      0.1735,      5.6674,     11.3347,      1.5333,     29.5956,     59.1911,      0.0195,      0.0016,      0.2338,      0.2106,   7968.3491,-428340.2188,   -912.3876,    558.8169,  26561.1602,
       1,     170,     197,      14,       1,       3,       1,     10.0000,      1.4144,     42.8146,    252.3250,     63.5001,      3.4953,      0.1944,      0.1603,     62.6211,      0.1982,      5.6674,     11.3347,      1.7517,     29.5956,     59.1911,      0.0195,      0.0030,      0.2500,      0.2106,   7968.3481,-458260.8750,   -919.1566,    556.7270,  26561.1621,
       1,     170,     197,      15,       1,       3,       1,     10.0000,      1.4144,     42.8146,    252.3250,     63.5001,      3.4953,      0.1873,      0.1527,     77.7668,      0.2147,      5.6674,     11.3347,      1.8974,     29.5956,     59.1911,      0.0195,      0.0039,      0.2382,      0.2106,   7968.3491,-499332.0312,   -928.8945,    553.8727,  26561.1602,
       1,     170,     197,      16,       1,       3,       1,     10.0000,      1.4144,     42.8146,    252.3250,     63.5001,      3.4953,      0.1883,      0.1547,     48.7235,      0.1822,      5.6674,     11.3347,      1.6100,     29.5956,     59.1911,      0.0195,      0.0024,      0.2426,      0.2105,   7968.3481,-521117.5000,   -934.8470,    552.3717,  26561.1582,
       1,     170,     197,      17,       1,       3,       1,     10.0000,      1.4144,     42.8146,    252.3250,     63.5001,      3.4953,      0.1323,      0.0992,     17.7554,      0.1654,      5.6674,     11.3347,      1.4614,     29.5956,     59.1911,      0.0195,      0.0013,      0.1659,      0.2105,   7968.3477,-487823.1250,   -923.8135,    554.6726,  26561.1602,
       1,     170,     197,      18,       1,       3,       1,     10.0000,      1.4144,     42.8146,    252.3250,     63.5001,      3.4953,      0.1392,      0.1064,     14.4748,      0.1575,      5.6674,     11.3347,      1.3913,     29.5956,     59.1911,      0.0195,      0.0010,      0.1762,      0.2105,   7968.3481,-447603.3125,   -915.6246,    557.4660,  26561.1602,
       1,     170,     197,      19,       1,       3,       1,     10.0000,      1.4144,     42.8146,    252.3250,     63.5001,      3.4953,      0.0733,      0.0405,      7.8585,      0.1562,      5.6674,     11.3347,      1.3802,     29.5956,     59.1911,      0.0195,      0.0011,      0.0829,      0.2106,   7968.3481,-440269.5312,   -914.9576,    557.9841,  26561.1602,
       1,     170,     197,      20,       1,       3,       1,     10.0000,      1.4144,     42.8146,    252.3250,     63.5001,      3.4953,      0.0244,     -0.0083,      1.3864,      0.1535,      5.6674,     11.3347,      1.3568,     29.5956,     59.1911,      0.0195,      0.0012,      0.0140,      0.2106,   7968.3481,-431651.6875,   -913.7630,    558.5854,  26561.1602,
       1,     170,     197,      21,       1,       3,       1,     10.0000,      1.4144,     42.8146,    252.3250,     63.5001,      3.4953,      0.0001,     -0.0325,      1.3983,      0.1496,      5.6674,     11.3347,      1.3217,     29.5956,     59.1911,      0.0195,      0.0011,      0.0156,      0.2106,   7968.3481,-423109.0625,   -912.4238,    559.1823,  26561.1621,
       1,     170,     197,      22,       1,       3,       1,     10.0000,      1.4144,     42.8146,    252.3250,     63.5001,      3.4953,      0.0000,     -0.0324,      1.3705,      0.1463,      5.6674,     11.3347,      1.2927,     29.5956,     59.1911,      0.0195,      0.0011,      0.0156,      0.2106,   7968.3491,-422402.7188,   -912.4180,    559.2319,  26561.1621,
       1,     170,     197,      23,       1,       3,       1,     10.0000,      1.4144,     42.8146,    252.3250,     63.5001,      3.4953,      0.0000,     -0.0322,      1.1372,      0.1384,      5.6674,     11.3347,      1.2228,     29.5956,     59.1911,      0.0195,      0.0009,      0.0156,      0.2106,   7968.3491,-422309.0938,   -912.5402,    559.2384,  26561.1602,
       1,     170,     197,      24,       1,       3,       1,     10.0000,      1.4144,     42.8146,    252.3250,     63.5001,      3.4953,      0.0000,     -0.0323,      0.6657,      0.1416,      5.6674,     11.3347,      1.2516,     29.5956,     59.1911,      0.0195,      0.0005,      0.0156,      0.2106,   7968.3481,-422019.8438,   -912.5769,    559.2587,  26561.1602,
       1,     170,     198,       1,       1,       3,       1,     10.0000,      1.4144,     42.8150,    252.3309,     63.5016,      3.4953,      0.0000,     -0.0325,      0.5689,      0.1470,      5.6679,     11.3358,      1.2993,     29.5900,     59.1800,      0.0195,      0.0004,      0.0156,      0.2106,   7968.3481,-421582.4688,   -912.7964,    559.3025,  26562.3555,
       1,     170,     198,       2,       1,       3,       1,     10.0000,      1.4144,     42.8150,    252.3309,     63.5016,      3.4953,      0.0000,     -0.0326,      0.5023,      0.1493,      5.6679,     11.3358,      1.3191,     29.5900,     59.1800,      0.0195,      0.0004,      0.0156,      0.2106,   7968.7070,-421275.3125,   -910.1638,    559.3240,  26562.3555,
       1,     170,     198,       3,       1,       3,       1,     10.0000,      1.4144,     42.8150,    252.3309,     63.5016,      3.4953,      0.0000,     -0.0324,      0.6728,      0.1453,      5.6679,     11.3358,      1.2837,     29.5900,     59.1800,      0.0195,      0.0005,      0.0156,      0.2106,   7968.7070,-421168.9375,   -910.1420,    559.3314,  26562.3555,
       1,     170,     198,       4,       1,       3,       1,     10.0000,      1.4144,     42.8150,    252.3309,     63.5016,      3.4953,      0.0000,     -0.0323,      0.3463,      0.1412,      5.6679,     11.3358,      1.2478,     29.5900,     59.1800,      0.0195,      0.0003,      0.0156,      0.2106,   7968.7070,-421365.8438,   -910.2065,    559.3177,  26562.3555,
       1,     170,     198,       5,       1,       3,       1,     10.0000,      1.4144,     42.8150,    252.3309,     63.5016,      3.4953,      0.0000,     -0.0322,      0.3392,      0.1405,      5.6679,     11.3358,      1.2415,     29.5900,     59.1800,      0.0195,      0.0003,      0.0156,      0.2106,   7968.7070,-420988.2188,   -910.1411,    559.3441,  26562.3574,
       1,     170,     198,       6,       1,       3,       1,     10.0000,      1.4144,     42.8150,    252.3309,     63.5016,      3.4953,      0.0000,     -0.0322,      0.3516,      0.1385,      5.6679,     11.3358,      1.2241,     29.5900,     59.1800,      0.0195,      0.0003,      0.0156,      0.2106,   7968.7075,-420947.5625,   -910.0828,    559.3469,  26562.3574,
       1,     170,     198,       7,       1,       3,       1,     10.0000,      1.4144,     42.8150,    252.3309,     63.5016,      3.4953,      0.0000,     -0.0320,      0.3368,      0.1333,      5.6679,     11.3358,      1.1778,     29.5900,     59.1800,      0.0195,      0.0003,      0.0156,      0.2106,   7968.7075,-420959.1875,   -910.0891,    559.3461,  26562.3535,
       1,     170,     198,       8,       1,       3,       1,     10.0000,      1.4144,     42.8150,    252.3309,     63.5016,      3.4953,      0.0071,     -0.0250,      0.6551,      0.1378,      5.6679,     11.3358,      1.2179,     29.5900,     59.1800,      0.0195,      0.0005,      0.0156,      0.2106,   7968.7065,-420942.7188,   -910.0918,    559.3472,  26562.3555,
       1,     170,     198,       9,       1,       3,       1,     10.0000,      1.4144,     42.8150,    252.3309,     63.5016,      3.4953,      0.0542,      0.0220,      1.7976,      0.1387,      5.6679,     11.3358,      1.2253,     29.5900,     59.1800,      0.0195,      0.0004,      0.0569,      0.2106,   7968.7070,-421325.4062,   -910.2163,    559.3204,  26562.3555,
       1,     170,     198,      10,       1,       3,       1,     10.0000,      1.4144,     42.8150,    252.3309,     63.5016,      3.4953,      0.1260,      0.0936,      6.8378,      0.1456,      5.6679,     11.3358,      1.2863,     29.5900,     59.1800,      0.0195,      0.0005,      0.1583,      0.2106,   7968.7070,-422737.1875,   -910.6281,    559.2218,  26562.3555,
       1,     170,     198,      11,       1,       3,       1,     10.0000,      1.4144,     42.8150,    252.3309,     63.5016,      3.4953,      0.1454,      0.1125,     17.8212,      0.1592,      5.6679,     11.3358,      1.4068,     29.5900,     59.1800,      0.0195,      0.0012,      0.1847,      0.2106,   7968.7070,-428942.0938,   -912.2483,    558.7880,  26562.3555,
       1,     170,     198,      12,       1,       3,       1,     10.0000,      1.4144,     42.8150,    252.3309,     63.5016,      3.4953,      0.1911,      0.1575,     40.8249,      0.1793,      5.6679,     11.3358,      1.5846,     29.5900,     59.1800,      0.0195,      0.0020,      0.2475,      0.2106,   7968.7070,-442729.1562,   -915.7459,    557.8253,  26562.3555,
       1,     170,     198,      13,       1,       3,       1,     10.0000,      1.4144,     42.8150,    252.3309,     63.5016,      3.4953,      0.1942,      0.1600,     59.2653,      0.1986,      5.6679,     11.3358,      1.7552,     29.5900,     59.1800,      0.0195,      0.0029,      0.2500,      0.2106,   7968.7070,-471677.7188,   -922.6302,    555.8076,  26562.3555,
       1,     170,     198,      14,       1,       3,       1,     10.0000,      1.4144,     42.8150,    252.3309,     63.5016,      3.4953,      0.1934,      0.1591,     66.4203,      0.2036,      5.6679,     11.3358,      1.7991,     29.5900,     59.1800,      0.0195,      0.0032,      0.2481,      0.2106,   7968.7070,-496407.9062,   -929.0826,    554.0930,  26562.3535,
       1,     170,     198,      15,       1,       3,       1,     10.0000,      1.4144,     42.8150,    252.3309,     63.5016,      3.4953,      0.1951,      0.1606,     78.1841,      0.2081,      5.6679,     11.3358,      1.8386,     29.5900,     59.1800,      0.0195,      0.0038,      0.2492,      0.2106,   7968.7065,-507141.4688,   -932.8020,    553.3522,  26562.3555,
       1,     170,     198,      16,       1,       3,       1,     10.0000,      1.4144,     42.8150,    252.3309,     63.5016,      3.4953,      0.1573,      0.1234,     47.1828,      0.1926,      5.6679,     11.3358,      1.7021,     29.5900,     59.1800,      0.0195,      0.0029,      0.1984,      0.2106,   7968.7070,-522264.0625,   -937.2297,    552.3067,  26562.3555,
       1,     170,     198,      17,       1,       3,       1,     10.0000,      1.4144,     42.8150,    252.3309,     63.5016,      3.4953,      0.0607,      0.0274,      7.7963,      0.1711,      5.6679,     11.3358,      1.5120,     29.5900,     59.1800,      0.0195,      0.0015,      0.0645,      0.2105,   7968.7070,-486049.5938,   -929.4672,    554.8079,  26562.3555,
       1,     170,     198,      18,       1,       3,       1,     10.0000,      1.4144,     42.8150,    252.3309,     63.5016,      3.4953,      0.0737,      0.0406,      7.3151,      0.1639,      5.6679,     11.3358,      1.4484,     29.5900,     59.1800,      0.0195,      0.0011,      0.0834,      0.2106,   7968.7070,-435420.2188,   -920.4037,    558.3247,  26562.3555,
       1,     170,     198,      19,       1,       3,       1,     10.0000,      1.4144,     42.8150,    252.3309,     63.5016,      3.4953,      0.0665,      0.0333,      6.8915,      0.1669,      5.6679,     11.3358,      1.4747,     29.5900,     59.1800,      0.0195,      0.0011,      0.0730,      0.2106,   7968.7070,-430602.2500,   -919.7460,    558.6722,  26562.3535,
       1,     170,     198,      20,       1,       3,       1,     10.0000,      1.4144,     42.8150,    252.3309,     63.5016,      3.4953,      0.0324,     -0.0008,      2.4521,      0.1674,      5.6679,     11.3358,      1.4791,     29.5900,     59.1800,      0.0195,      0.0012,      0.0248,      0.2106,   7968.7065,-429671.3750,   -919.8055,    558.7372,  26562.3555,
       1,     170,     198,      21,       1,       3,       1,     10.0000,      1.4144,     42.8150,    252.3309,     63.5016,      3.4953,      0.0001,     -0.0330,      1.3356,      0.1654,      5.6679,     11.3358,      1.4615,     29.5900,     59.1800,      0.0195,      0.0010,      0.0156,      0.2106,   7968.7070,-424231.5625,   -918.9469,    559.1172,  26562.3555,
       1,     170,     198,      22,       1,       3,       1,     10.0000,      1.4144,     42.8150,    252.3309,     63.5016,      3.4953,      0.0000,     -0.0332,      1.1814,      0.1667,      5.6679,     11.3358,      1.4732,     29.5900,     59.1800,      0.0195,      0.0009,      0.0156,      0.2106,   7968.7070,-422424.8125,   -918.6837,    559.2436,  26562.3555,
       1,     170,     198,      23,       1,       3,       1,     10.0000,      1.4144,     42.8150,    252.3309,     63.5016,      3.4953,      0.0000,     -0.0332,      0.8810,      0.1664,      5.6679,     11.3358,      1.4703,     29.5900,     59.1800,      0.0195,      0.0007,      0.0156,      0.2106,   7968.7070,-422086.0312,   -916.6120,    559.2673,  26562.3555,
       1,     170,     198,      24,       1,       3,       1,     10.0000,      1.4144,     42.8150,    252.3309,     63.5016,      3.4953,      0.0000,     -0.0332,      0.9139,      0.1692,      5.6679,     11.3358,      1.4955,     29.5900,     59.1800,      0.0195,      0.0007,      0.0156,      0.2106,   7968.7070,-421694.6250,   -916.5930,    559.2946,  26562.3555,
       1,     170,     199,       1,       1,       3,       1,     10.0000,      1.4145,     42.8153,    252.3369,     63.5031,      3.4953,      0.0000,     -0.0332,      1.0240,      0.1666,      5.6678,     11.3357,      1.4718,     29.5864,     59.1727,      0.0195,      0.0008,      0.0156,      0.2107,   7968.7070,-421857.5625,   -916.9481,    559.2965,  26563.5488,
       1,     170,     199,       2,       1,       3,       1,     10.0000,      1.4145,     42.8153,    252.3369,     63.5031,      3.4953,      0.0000,     -0.0330,      0.8099,      0.1631,      5.6678,     11.3357,      1.4412,     29.5864,     59.1727,      0.0195,      0.0006,      0.0156,      0.2107,   7969.0649,-421851.0312,   -916.7515,    559.2969,  26563.5508,
       1,     170,     199,       3,       1,       3,       1,     10.0000,      1.4145,     42.8153,    252.3369,     63.5031,      3.4953,      0.0000,     -0.0330,      0.7484,      0.1618,      5.6678,     11.3357,      1.4296,     29.5864,     59.1727,      0.0195,      0.0006,      0.0156,      0.2107,   7969.0654,-421591.8438,   -916.7487,    559.3150,  26563.5508,
       1,     170,     199,       4,       1,       3,       1,     10.0000,      1.4145,     42.8153,    252.3369,     63.5031,      3.4953,      0.0000,     -0.0329,      0.6929,      0.1605,      5.6678,     11.3357,      1.4182,     29.5864,     59.1727,      0.0195,      0.0005,      0.0156,      0.2107,   7969.0654,-421495.7500,   -916.7697,    559.3218,  26563.5488,
       1,     170,     199,       5,       1,       3,       1,     10.0000,      1.4145,     42.8153,    252.3369,     63.5031,      3.4953,      0.0000,     -0.0329,      0.6528,      0.1587,      5.6678,     11.3357,      1.4026,     29.5864,     59.1727,      0.0195,      0.0005,      0.0156,      0.2107,   7969.0649,-421420.8438,   -916.7880,    559.3270,  26563.5488,
       1,     170,     199,       6,       1,       3,       1,     10.0000,      1.4145,     42.8153,    252.3369,     63.5031,      3.4953,      0.0000,     -0.0329,      0.6337,      0.1595,      5.6678,     11.3357,      1.4097,     29.5864,     59.1727,      0.0195,      0.0005,      0.0156,      0.2107,   7969.0649,-421366.0938,   -916.8058,    559.3309,  26563.5508,
       1,     170,     199,       7,       1,       3,       1,     10.0000,      1.4145,     42.8153,    252.3369,     63.5031,      3.4953,      0.0000,     -0.0329,      0.4750,      0.1594,      5.6678,     11.3357,      1.4083,     29.5864,     59.1727,      0.0195,      0.0004,      0.0156,      0.2107,   7969.0654,-421338.1250,   -916.8264,    559.3328,  26563.5527,
       1,     170,     199,       8,       1,       3,       1,     10.0000,      1.4145,     42.8153,    252.3369,     63.5031,      3.4953,      0.0141,     -0.0187,      0.3820,      0.1559,      5.6678,     11.3357,      1.3775,     29.5864,     59.1727,      0.0195,      0.0003,      0.0156,      0.2107,   7969.0659,-421144.0625,   -916.8005,    559.3463,  26563.5508,
       1,     170,     199,       9,       1,       3,       1,     10.0000,      1.4145,     42.8153,    252.3369,     63.5031,      3.4953,      0.1122,      0.0790,      7.7300,      0.1664,      5.6678,     11.3357,      1.4703,     29.5864,     59.1727,      0.0195,      0.0007,      0.1382,      0.2107,   7969.0654,-421015.7500,   -916.8026,    559.3554,  26563.5527,
       1,     170,     199,      10,       1,       3,       1,     10.0000,      1.4145,     42.8153,    252.3369,     63.5031,      3.4953,      0.1684,      0.1346,     31.7408,      0.1857,      5.6678,     11.3357,      1.6408,     29.5864,     59.1727,      0.0195,      0.0018,      0.2159,      0.2107,   7969.0659,-429875.3750,   -918.7216,    558.7358,  26563.5508,
       1,     170,     199,      11,       1,       3,       1,     10.0000,      1.4145,     42.8153,    252.3369,     63.5031,      3.4953,      0.1919,      0.1575,     62.1357,      0.2040,      5.6678,     11.3357,      1.8027,     29.5864,     59.1727,      0.0195,      0.0030,      0.2464,      0.2107,   7969.0654,-459615.4375,   -924.9988,    556.6591,  26563.5508,
       1,     170,     199,      12,       1,       3,       1,     10.0000,      1.4145,     42.8153,    252.3369,     63.5031,      3.4953,      0.1965,      0.1617,     90.5350,      0.2179,      5.6678,     11.3357,      1.9257,     29.5864,     59.1727,      0.0195,      0.0044,      0.2500,      0.2106,   7969.0654,-498848.5938,   -933.6055,    553.9330,  26563.5508,
       1,     170,     199,      13,       1,       3,       1,     10.0000,      1.4145,     42.8153,    252.3369,     63.5031,      3.4953,      0.1976,      0.1626,    105.8967,      0.2264,      5.6678,     11.3357,      2.0008,     29.5864,     59.1727,      0.0195,      0.0051,      0.2500,      0.2106,   7969.0654,-536491.1250,   -940.3785,    551.3333,  26563.5508,
       1,     170,     199,      14,       1,       3,       1,     10.0000,      1.4145,     42.8153,    252.3369,     63.5031,      3.4953,      0.1975,      0.1625,    104.5844,      0.2275,      5.6678,     11.3357,      2.0107,     29.5864,     59.1727,      0.0195,      0.0051,      0.2500,      0.2105,   7969.0654,-558244.4375,   -946.5751,    549.8401,  26563.5508,
       1,     170,     199,      15,       1,       3,       1,     10.0000,      1.4145,     42.8153,    252.3369,     63.5031,      3.4953,      0.1982,      0.1630,    114.5992,      0.2346,      5.6678,     11.3357,      2.0726,     29.5864,     59.1727,      0.0195,      0.0055,      0.2500,      0.2105,   7969.0654,-558484.0000,   -948.4506,    549.8257,  26563.5469,
       1,     170,     199,      16,       1,       3,       1,     10.0000,      1.4145,     42.8153,    252.3369,     63.5031,      3.4953,      0.1912,      0.1564,     82.9975,      0.2194,      5.6678,     11.3357,      1.9390,     29.5864,     59.1727,      0.0195,      0.0041,      0.2432,      0.2105,   7969.0645,-570618.4375,   -952.4762,    548.9918,  26563.5508,
       1,     170,     199,      17,       1,       3,       1,     10.0000,      1.4145,     42.8153,    252.3369,     63.5031,      3.4953,      0.1897,      0.1550,     73.3367,      0.2156,      5.6678,     11.3357,      1.9050,     29.5864,     59.1727,      0.0195,      0.0037,      0.2421,      0.2105,   7969.0654,-533399.3750,   -946.5611,    551.5465,  26563.5508,
       1,     170,     199,      18,       1,       3,       1,     10.0000,      1.4145,     42.8153,    252.3369,     63.5031,      3.4953,      0.1775,      0.1426,     80.1150,      0.2231,      5.6678,     11.3357,      1.9716,     29.5864,     59.1727,      0.0195,      0.0043,      0.2238,      0.2105,   7969.0654,-518607.9062,   -944.6510,    552.5723,  26563.5488,
       1,     170,     199,      19,       1,       3,       1,     10.0000,      1.4145,     42.8153,    252.3369,     63.5031,      3.4953,      0.1508,      0.1161,     62.2876,      0.2166,      5.6678,     11.3357,      1.9144,     29.5864,     59.1727,      0.0195,      0.0040,      0.1872,      0.2106,   7969.0649,-525555.9375,   -946.8148,    552.0933,  26563.5488,
       1,     170,     199,      20,       1,       3,       1,     10.0000,      1.4145,     42.8153,    252.3369,     63.5031,      3.4953,      0.0516,      0.0175,     11.7079,      0.1945,      5.6678,     11.3357,      1.7191,     29.5864,     59.1727,      0.0195,      0.0028,      0.0504,      0.2106,   7969.0649,-504583.2500,   -943.3753,    553.5409,  26563.5488,
       1,     170,     199,      21,       1,       3,       1,     10.0000,      1.4145,     42.8153,    252.3369,     63.5031,      3.4953,      0.0000,     -0.0337,      2.5150,      0.1835,      5.6678,     11.3357,      1.6213,     29.5864,     59.1727,      0.0195,      0.0019,      0.0156,      0.2106,   7969.0649,-441687.1562,   -931.4352,    557.8947,  26563.5488,
       1,     170,     199,      22,       1,       3,       1,     10.0000,      1.4145,     42.8153,    252.3369,     63.5031,      3.4953,      0.0000,     -0.0335,      2.0377,      0.1774,      5.6678,     11.3357,      1.5674,     29.5864,     59.1727,      0.0195,      0.0016,      0.0156,      0.2106,   7969.0649,-425342.3750,   -928.3401,    559.0517,  26563.5469,
       1,     170,     199,      23,       1,       3,       1,     10.0000,      1.4145,     42.8153,    252.3369,     63.5031,      3.4953,      0.0000,     -0.0335,      1.8485,      0.1758,      5.6678,     11.3357,      1.5534,     29.5864,     59.1727,      0.0195,      0.0014,      0.0156,      0.2107,   7969.0645,-423370.7812,   -928.0035,    559.1907,  26563.5488,
       1,     170,     199,      24,       1,       3,       1,     10.0000,      1.4145,     42.8153,    252.3369,     63.5031,      3.4953,      0.0000,     -0.0334,      1.9076,      0.1751,      5.6678,     11.3357,      1.5472,     29.5864,     59.1727,      0.0195,      0.0015,      0.0156,      0.2107,   7969.0649,-422974.1562,   -927.9646,    559.2184,  26563.5508,
       1,     170,     200,       1,       1,       3,       1,     10.0000,      1.4145,     42.8156,    252.3429,     63.5046,      3.4953,      0.0000,     -0.0333,      1.9445,      0.1713,      5.6671,     11.3343,      1.5136,     29.5956,     59.1912,      0.0195,      0.0015,      0.0156,      0.2107,   7969.0654,-423167.7812,   -928.3223,    559.2181,  26564.7422,
       1,     170,     200,       2,       1,       3,       1,     10.0000,      1.4145,     42.8156,    252.3429,     63.5046,      3.4953,      0.0000,     -0.0330,      1.5234,      0.1626,      5.6671,     11.3343,      1.4369,     29.5956,     59.1912,      0.0195,      0.0012,      0.0156,      0.2107,   7969.4229,-423075.7812,   -928.0684,    559.2246,  26564.7422,
       1,     170,     200,       3,       1,       3,       1,     10.0000,      1.4145,     42.8156,    252.3429,     63.5046,      3.4953,      0.0000,     -0.0329,      1.3895,      0.1584,      5.6671,     11.3343,      1.3999,     29.5956,     59.1912,      0.0195,      0.0011,      0.0156,      0.2107,   7969.4229,-422559.5938,   -927.9963,    559.2607,  26564.7422,
       1,     170,     200,       4,       1,       3,       1,     10.0000,      1.4145,     42.8156,    252.3429,     63.5046,      3.4953,      0.0000,     -0.0329,      1.1041,      0.1578,      5.6671,     11.3343,      1.3943,     29.5956,     59.1912,      0.0195,      0.0009,      0.0156,      0.2107,   7969.4229,-422354.3750,   -927.9805,    559.2751,  26564.7402,
       1,     170,     200,       5,       1,       3,       1,     10.0000,      1.4145,     42.8156,    252.3429,     63.5046,      3.4953,      0.0000,     -0.0328,      0.6446,      0.1551,      5.6671,     11.3343,      1.3706,     29.5956,     59.1912,      0.0195,      0.0005,      0.0156,      0.2107,   7969.4224,-421992.7812,   -927.9277,    559.3004,  26564.7422,
       1,     170,     200,       6,       1,       3,       1,     10.0000,      1.4145,     42.8156,    252.3429,     63.5046,      3.4953,      0.0000,     -0.0326,      0.4112,      0.1500,      5.6671,     11.3343,      1.3258,     29.5956,     59.1912,      0.0195,      0.0003,      0.0156,      0.2107,   7969.4229,-421407.3438,   -927.8217,    559.3412,  26564.7422,
       1,     170,     200,       7,       1,       3,       1,     10.0000,      1.4145,     42.8156,    252.3429,     63.5046,      3.4953,      0.0000,     -0.0326,      1.0817,      0.1513,      5.6671,     11.3343,      1.3366,     29.5956,     59.1912,      0.0195,      0.0008,      0.0156,      0.2107,   7969.4229,-421076.2188,   -927.7599,    559.3644,  26564.7422,
       1,     170,     200,       8,       1,       3,       1,     10.0000,      1.4145,     42.8156,    252.3429,     63.5046,      3.4953,      0.0116,     -0.0211,      1.1937,      0.1511,      5.6671,     11.3343,      1.3352,     29.5956,     59.1912,      0.0195,      0.0009,      0.0156,      0.2107,   7969.4229,-421857.6250,   -927.9284,    559.3098,  26564.7422,
       1,     170,     200,       9,       1,       3,       1,     10.0000,      1.4145,     42.8156,    252.3429,     63.5046,      3.4953,      0.1083,      0.0752,     15.0536,      0.1633,      5.6671,     11.3343,      1.4426,     29.5956,     59.1912,      0.0195,      0.0014,      0.1319,      0.2107,   7969.4229,-422058.8438,   -927.9901,    559.2957,  26564.7441,
       1,     170,     200,      10,       1,       3,       1,     10.0000,      1.4145,     42.8156,    252.3429,     63.5046,      3.4953,      0.1692,      0.1354,     52.2034,      0.1870,      5.6671,     11.3343,      1.6523,     29.5956,     59.1912,      0.0195,      0.0029,      0.2148,      0.2107,   7969.4233,-438806.4375,   -931.3646,    558.1249,  26564.7402,
       1,     170,     200,      11,       1,       3,       1,     10.0000,      1.4145,     42.8156,    252.3429,     63.5046,      3.4953,      0.1936,      0.1592,     82.4747,      0.2050,      5.6671,     11.3343,      1.8116,     29.5956,     59.1912,      0.0195,      0.0040,      0.2466,      0.2107,   7969.4224,-485078.7188,   -940.7285,    554.8978,  26564.7422,
       1,     170,     200,      12,       1,       3,       1,     10.0000,      1.4145,     42.8156,    252.3429,     63.5046,      3.4953,      0.1962,      0.1615,    103.0208,      0.2192,      5.6671,     11.3343,      1.9371,     29.5956,     59.1912,      0.0195,      0.0050,      0.2483,      0.2106,   7969.4229,-525577.6250,   -949.2015,    552.0981,  26564.7402,
       1,     170,     200,      13,       1,       3,       1,     10.0000,      1.4145,     42.8156,    252.3429,     63.5046,      3.4953,      0.1946,      0.1596,    105.7318,      0.2258,      5.6671,     11.3343,      1.9950,     29.5956,     59.1912,      0.0195,      0.0052,      0.2456,      0.2106,   7969.4224,-553834.3125,   -955.4118,    550.1550,  26564.7402,
       1,     170,     200,      14,       1,       3,       1,     10.0000,      1.4145,     42.8156,    252.3429,     63.5046,      3.4953,      0.1979,      0.1628,    110.5406,      0.2318,      5.6671,     11.3343,      2.0485,     29.5956,     59.1912,      0.0195,      0.0053,      0.2500,      0.2105,   7969.4224,-559490.3125,   -957.1926,    549.7696,  26564.7383,
       1,     170,     200,      15,       1,       3,       1,     10.0000,      1.4145,     42.8156,    252.3429,     63.5046,      3.4953,      0.1864,      0.1521,     60.9389,      0.2040,      5.6671,     11.3343,      1.8027,     29.5956,     59.1912,      0.0195,      0.0031,      0.2387,      0.2105,   7969.4219,-565779.1875,   -958.7212,    549.3375,  26564.7383,
       1,     170,     200,      16,       1,       3,       1,     10.0000,      1.4145,     42.8156,    252.3429,     63.5046,      3.4953,      0.1859,      0.1512,     80.0114,      0.2147,      5.6671,     11.3343,      1.8975,     29.5956,     59.1912,      0.0195,      0.0041,      0.2358,      0.2105,   7969.4219,-506298.5312,   -947.5690,    553.4221,  26564.7422,
       1,     170,     200,      17,       1,       3,       1,     10.0000,      1.4145,     42.8156,    252.3429,     63.5046,      3.4953,      0.0961,      0.0629,     16.4512,      0.1664,      5.6671,     11.3343,      1.4703,     29.5956,     59.1912,      0.0195,      0.0017,      0.1143,      0.2106,   7969.4229,-524401.8750,   -930.5125,    552.1849,  26564.5820,
       1,     170,     200,      18,       1,       3,       1,     10.0000,      1.4145,     42.8156,    252.3429,     63.5046,      3.4953,      0.1084,      0.0754,     12.7948,      0.1624,      5.6671,     11.3343,      1.4354,     29.5956,     59.1912,      0.0195,      0.0012,      0.1323,      0.2106,   7969.3750,-449083.3438,   -915.7749,    557.3850,  26564.7441,
       1,     170,     200,      19,       1,       3,       1,     10.0000,      1.4145,     42.8156,    252.3429,     63.5046,      3.4953,      0.1226,      0.0891,     19.8901,      0.1767,      5.6671,     11.3343,      1.5612,     29.5956,     59.1912,      0.0195,      0.0016,      0.1516,      0.2107,   7969.4233,-438388.8438,   -914.2781,    558.1547,  26564.7441,
       1,     170,     200,      20,       1,       3,       1,     10.0000,      1.4145,     42.8156,    252.3429,     63.5046,      3.4953,      0.0474,      0.0136,      7.0796,      0.1833,      5.6671,     11.3343,      1.6198,     29.5956,     59.1912,      0.0195,      0.0019,      0.0451,      0.2107,   7969.4233,-446026.4688,   -916.2847,    557.6224,  26564.7441,
       1,     170,     200,      21,       1,       3,       1,     10.0000,      1.4145,     42.8156,    252.3429,     63.5046,      3.4953,      0.0000,     -0.0335,      2.3330,      0.1774,      5.6671,     11.3343,      1.5674,     29.5956,     59.1912,      0.0195,      0.0018,      0.0156,      0.2107,   7969.4233,-431200.9062,   -914.0023,    558.6560,  26564.7422,
       1,     170,     200,      22,       1,       3,       1,     10.0000,      1.4145,     42.8156,    252.3429,     63.5046,      3.4953,      0.0000,     -0.0333,      1.9955,      0.1698,      5.6671,     11.3343,      1.5001,     29.5956,     59.1912,      0.0195,      0.0015,      0.0156,      0.2107,   7969.4229,-424223.2188,   -913.0049,    559.1442,  26564.7441,
       1,     170,     200,      23,       1,       3,       1,     10.0000,      1.4145,     42.8156,    252.3429,     63.5046,      3.4953,      0.0000,     -0.0331,      1.7956,      0.1644,      5.6671,     11.3343,      1.4528,     29.5956,     59.1912,      0.0195,      0.0014,      0.0156,      0.2107,   7969.4233,-423226.3125,   -913.0392,    559.2141,  26564.7422,
       1,     170,     200,      24,       1,       3,       1,     10.0000,      1.4145,     42.8156,    252.3429,     63.5046,      3.4953,      0.0000,     -0.0330,      1.9499,      0.1626,      5.6671,     11.3343,      1.4369,     29.5956,     59.1912,      0.0195,      0.0015,      0.0156,      0.2107,   7969.4229,-422900.9375,   -913.1648,    559.2369,  26564.7441,
       1,     170,     201,       1,       1,       3,       1,     10.0000,      1.4145,     42.8160,    252.3489,     63.5061,      3.4953,      0.0000,     -0.0330,      2.1334,      0.1618,      5.6673,     11.3345,      1.4297,     29.5996,     59.1993,      0.0195,      0.0017,      0.0156,      0.2107,   7969.4233,-423215.5938,   -913.6874,    559.2280,  26565.9414,
       1,     170,     201,       2,       1,       3,       1,     10.0000,      1.4145,     42.8160,    252.3489,     63.5061,      3.4953,      0.0000,     -0.0330,      1.5969,      0.1623,      5.6673,     11.3345,      1.4340,     29.5996,     59.1993,      0.0195,      0.0012,      0.0156,      0.2107,   7969.7827,-423310.2188,   -913.6766,    559.2213,  26565.9414,
       1,     170,     201,       3,       1,       3,       1,     10.0000,      1.4145,     42.8160,    252.3489,     63.5061,      3.4953,      0.0000,     -0.0330,      1.5302,      0.1628,      5.6673,     11.3345,      1.4383,     29.5996,     59.1993,      0.0195,      0.0012,      0.0156,      0.2107,   7969.7827,-422670.6875,   -913.7225,    559.2661,  26565.9414,
       1,     170,     201,       4,       1,       3,       1,     10.0000,      1.4145,     42.8160,    252.3489,     63.5061,      3.4953,      0.0000,     -0.0330,      1.4328,      0.1616,      5.6673,     11.3345,      1.4283,     29.5996,     59.1993,      0.0195,      0.0011,      0.0156,      0.2107,   7969.7827,-422536.1562,   -913.8463,    559.2755,  26565.9414,
       1,     170,     201,       5,       1,       3,       1,     10.0000,      1.4145,     42.8160,    252.3489,     63.5061,      3.4953,      0.0000,     -0.0328,      1.2893,      0.1565,      5.6673,     11.3345,      1.3831,     29.5996,     59.1993,      0.0195,      0.0010,      0.0156,      0.2107,   7969.7827,-422407.3438,   -913.9562,    559.2845,  26565.9434,
       1,     170,     201,       6,       1,       3,       1,     10.0000,      1.4145,     42.8160,    252.3489,     63.5061,      3.4953,      0.0000,     -0.0328,      1.2619,      0.1565,      5.6673,     11.3345,      1.3831,     29.5996,     59.1993,      0.0195,      0.0010,      0.0156,      0.2107,   7969.7832,-422223.0000,   -914.0311,    559.2973,  26565.9414,
       1,     170,     201,       7,       1,       3,       1,     10.0000,      1.4145,     42.8160,    252.3489,     63.5061,      3.4953,      0.0000,     -0.0329,      1.4160,      0.1603,      5.6673,     11.3345,      1.4169,     29.5996,     59.1993,      0.0195,      0.0011,      0.0156,      0.2107,   7969.7827,-422174.5938,   -914.1323,    559.3007,  26565.9434,
       1,     170,     201,       8,       1,       3,       1,     10.0000,      1.4145,     42.8160,    252.3489,     63.5061,      3.4953,      0.0208,     -0.0123,      0.9440,      0.1644,      5.6673,     11.3345,      1.4528,     29.5996,     59.1993,      0.0195,      0.0013,      0.0085,      0.2107,   7969.7832,-422356.3438,   -914.2936,    559.2880,  26565.9434,
       1,     170,     201,       9,       1,       3,       1,     10.0000,      1.4145,     42.8160,    252.3489,     63.5061,      3.4953,      0.1065,      0.0732,     16.9708,      0.1720,      5.6673,     11.3345,      1.5197,     29.5996,     59.1993,      0.0195,      0.0016,      0.1290,      0.2107,   7969.7832,-421802.0625,   -914.3871,    559.3268,  26565.9414,
       1,     170,     201,      10,       1,       3,       1,     10.0000,      1.4145,     42.8160,    252.3489,     63.5061,      3.4953,      0.1540,      0.1204,     33.9850,      0.1784,      5.6673,     11.3345,      1.5768,     29.5996,     59.1993,      0.0195,      0.0021,      0.1950,      0.2107,   7969.7827,-441099.5938,   -918.3729,    557.9776,  26565.9434,
       1,     170,     201,      11,       1,       3,       1,     10.0000,      1.4145,     42.8160,    252.3489,     63.5061,      3.4953,      0.1767,      0.1425,     56.1136,      0.1975,      5.6673,     11.3345,      1.7449,     29.5996,     59.1993,      0.0195,      0.0030,      0.2251,      0.2107,   7969.7832,-463273.3438,   -923.2434,    556.4326,  26565.9414,
       1,     170,     201,      12,       1,       3,       1,     10.0000,      1.4145,     42.8160,    252.3489,     63.5061,      3.4953,      0.1826,      0.1482,     69.5320,      0.2050,      5.6673,     11.3345,      1.8117,     29.5996,     59.1993,      0.0195,      0.0036,      0.2322,      0.2107,   7969.7827,-491871.1562,   -929.7755,    554.4457,  26565.9395,
       1,     170,     201,      13,       1,       3,       1,     10.0000,      1.4145,     42.8160,    252.3489,     63.5061,      3.4953,      0.1907,      0.1560,     92.3027,      0.2181,      5.6673,     11.3345,      1.9277,     29.5996,     59.1993,      0.0195,      0.0046,      0.2415,      0.2107,   7969.7822,-510498.4688,   -934.6091,    553.1582,  26565.9414,
       1,     170,     201,      14,       1,       3,       1,     10.0000,      1.4145,     42.8160,    252.3489,     63.5061,      3.4953,      0.1985,      0.1638,    116.2859,      0.2156,      5.6673,     11.3345,      1.9051,     29.5996,     59.1993,      0.0195,      0.0056,      0.2500,      0.2106,   7969.7827,-539585.1250,   -941.6403,    551.1485,  26565.9414,
       1,     170,     201,      15,       1,       3,       1,     10.0000,      1.4145,     42.8160,    252.3489,     63.5061,      3.4953,      0.1990,      0.1640,    124.6816,      0.2251,      5.6673,     11.3345,      1.9892,     29.5996,     59.1993,      0.0195,      0.0060,      0.2498,      0.2106,   7969.7827,-571038.6875,   -949.4839,    548.9853,  26565.9414,
       1,     170,     201,      16,       1,       3,       1,     10.0000,      1.4145,     42.8160,    252.3489,     63.5061,      3.4953,      0.1904,      0.1557,     98.7484,      0.2179,      5.6673,     11.3345,      1.9258,     29.5996,     59.1993,      0.0195,      0.0050,      0.2403,      0.2105,   7969.7827,-583847.6250,   -953.6238,    548.1104,  26565.9414,
       1,     170,     201,      17,       1,       3,       1,     10.0000,      1.4145,     42.8160,    252.3489,     63.5061,      3.4953,      0.1378,      0.1033,     57.2175,      0.2118,      5.6673,     11.3345,      1.8716,     29.5996,     59.1993,      0.0195,      0.0041,      0.1691,      0.2105,   7969.7827,-553540.6875,   -949.1395,    550.1876,  26565.9414,
       1,     170,     201,      18,       1,       3,       1,     10.0000,      1.4145,     42.8160,    252.3489,     63.5061,      3.4953,      0.0868,      0.0526,     23.7855,      0.1990,      5.6673,     11.3345,      1.7588,     29.5996,     59.1993,      0.0195,      0.0029,      0.0995,      0.2106,   7969.7827,-500777.6562,   -939.7736,    553.8203,  26565.9375,
       1,     170,     201,      19,       1,       3,       1,     10.0000,      1.4145,     42.8160,    252.3489,     63.5061,      3.4953,      0.0175,     -0.0160,      0.2892,      0.1761,      5.6673,     11.3345,      1.5565,     29.5996,     59.1993,      0.0195,      0.0010,      0.0034,      0.2106,   7969.7817,-455979.3438,   -917.1312,    556.9336,  26565.9434,
       1,     170,     201,      20,       1,       3,       1,     10.0000,      1.4145,     42.8160,    252.3489,     63.5061,      3.4953,      0.0031,     -0.0300,      0.5642,      0.1636,      5.6673,     11.3345,      1.4456,     29.5996,     59.1993,      0.0195,      0.0004,      0.0156,      0.2107,   7969.7832,-423848.3438,   -910.7877,    559.1791,  26565.9414,
       1,     170,     201,      21,       1,       3,       1,     10.0000,      1.4145,     42.8160,    252.3489,     63.5061,      3.4953,      0.0000,     -0.0322,      0.4505,      0.1391,      5.6673,     11.3345,      1.2291,     29.5996,     59.1993,      0.0195,      0.0003,      0.0156,      0.2107,   7969.7827,-421475.1875,   -910.2087,    559.3495,  26565.9414,
       1,     170,     201,      22,       1,       3,       1,     10.0000,      1.4145,     42.8160,    252.3489,     63.5061,      3.4953,      0.0000,     -0.0316,      0.3245,      0.1246,      5.6673,     11.3345,      1.1013,     29.5996,     59.1993,      0.0195,      0.0003,      0.0156,      0.2107,   7969.7827,-421132.1875,   -910.1670,    559.3735,  26565.9395,
       1,     170,     201,      23,       1,       3,       1,     10.0000,      1.4145,     42.8160,    252.3489,     63.5061,      3.4953,      0.0000,     -0.0320,      0.3223,      0.1344,      5.6673,     11.3345,      1.1875,     29.5996,     59.1993,      0.0195,      0.0002,      0.0156,      0.2107,   7969.7822,-420951.4375,   -910.1398,    559.3862,  26565.9395,
       1,     170,     201,      24,       1,       3,       1,     10.0000,      1.4145,     42.8160,    252.3489,     63.5061,      3.4953,      0.0000,     -0.0321,      0.3291,      0.1369,      5.6673,     11.3345,      1.2093,     29.5996,     59.1993,      0.0195,      0.0003,      0.0156,      0.2107,   7969.7822,-420933.4375,   -910.1381,    559.3875,  26565.9414,
       1,     170,     202,       1,       1,       3,       1,     10.0000,      1.4145,     42.8163,    252.3548,     63.5077,      3.4953,      0.0000,     -0.0322,      0.3388,      0.1404,      5.6684,     11.3368,      1.2404,     29.6000,     59.2000,      0.0195,      0.0003,      0.0156,      0.2107,   7969.7827,-421096.2812,   -910.4313,    559.3895,  26567.1387,
       1,     170,     202,       2,       1,       3,       1,     10.0000,      1.4145,     42.8163,    252.3548,     63.5077,      3.4953,      0.0000,     -0.0323,      0.3408,      0.1411,      5.6684,     11.3368,      1.2467,     29.6000,     59.2000,      0.0195,      0.0003,      0.0156,      0.2107,   7970.1421,-420967.9062,   -910.1519,    559.3984,  26567.1367,
       1,     170,     202,       3,       1,       3,       1,     10.0000,      1.4145,     42.8163,    252.3548,     63.5077,      3.4953,      0.0000,     -0.0323,      0.3408,      0.1411,      5.6684,     11.3368,      1.2467,     29.6000,     59.2000,      0.0195,      0.0003,      0.0156,      0.2107,   7970.1411,-420959.9062,   -910.1527,    559.3990,  26567.1367,
       1,     170,     202,       4,       1,       3,       1,     10.0000,      1.4145,     42.8163,    252.3548,     63.5077,      3.4953,      0.0000,     -0.0323,      0.3443,      0.1424,      5.6684,     11.3368,      1.2581,     29.6000,     59.2000,      0.0195,      0.0003,      0.0156,      0.2107,   7970.1411,-420959.2188,   -910.1542,    559.3991,  26567.1367,
       1,     170,     202,       5,       1,       3,       1,     10.0000,      1.4145,     42.8163,    252.3548,     63.5077,      3.4953,      0.0000,     -0.0323,      0.4278,      0.1425,      5.6684,     11.3368,      1.2594,     29.6000,     59.2000,      0.0195,      0.0003,      0.0156,      0.2107,   7970.1411,-420963.4688,   -910.1567,    559.3988,  26567.1348,
       1,     170,     202,       6,       1,       3,       1,     10.0000,      1.4145,     42.8163,    252.3548,     63.5077,      3.4953,      0.0000,     -0.0323,      0.3682,      0.1417,      5.6684,     11.3368,      1.2517,     29.6000,     59.2000,      0.0195,      0.0003,      0.0156,      0.2107,   7970.1406,-421064.7188,   -910.1879,    559.3917,  26567.1348,
       1,     170,     202,       7,       1,       3,       1,     10.0000,      1.4145,     42.8163,    252.3548,     63.5077,      3.4953,      0.0000,     -0.0323,      0.3471,      0.1415,      5.6684,     11.3368,      1.2505,     29.6000,     59.2000,      0.0195,      0.0003,      0.0156,      0.2107,   7970.1406,-421001.3750,   -910.1815,    559.3961,  26567.1367,
       1,     170,     202,       8,       1,       3,       1,     10.0000,      1.4145,     42.8163,    252.3548,     63.5077,      3.4953,      0.0142,     -0.0181,      0.0054,      0.1422,      5.6684,     11.3368,      1.2568,     29.6000,     59.2000,      0.0195,      0.0004,      0.0002,      0.2107,   7970.1411,-420970.4062,   -910.1777,    559.3983,  26567.1387,
       1,     170,     202,       9,       1,       3,       1,     10.0000,      1.4145,     42.8163,    252.3548,     63.5077,      3.4953,      0.0629,      0.0304,      3.2487,      0.1476,      5.6684,     11.3368,      1.3047,     29.6000,     59.2000,      0.0195,      0.0006,      0.0689,      0.2107,   7970.1421,-420554.9375,   -910.0736,    559.4273,  26567.1367,
       1,     170,     202,      10,       1,       3,       1,     10.0000,      1.4145,     42.8163,    252.3548,     63.5077,      3.4953,      0.0865,      0.0538,      5.2029,      0.1520,      5.6684,     11.3368,      1.3434,     29.6000,     59.2000,      0.0195,      0.0006,      0.1021,      0.2107,   7970.1411,-424434.4062,   -911.0307,    559.1561,  26567.1367,
       1,     170,     202,      11,       1,       3,       1,     10.0000,      1.4145,     42.8163,    252.3548,     63.5077,      3.4953,      0.1250,      0.0920,     14.5260,      0.1599,      5.6684,     11.3368,      1.4126,     29.6000,     59.2000,      0.0195,      0.0011,      0.1558,      0.2107,   7970.1411,-427120.3438,   -911.9044,    558.9684,  26567.1367,
       1,     170,     202,      12,       1,       3,       1,     10.0000,      1.4145,     42.8163,    252.3548,     63.5077,      3.4953,      0.1784,      0.1449,     50.1550,      0.1783,      5.6684,     11.3368,      1.5753,     29.6000,     59.2000,      0.0195,      0.0027,      0.2282,      0.2107,   7970.1411,-438599.4062,   -914.6618,    558.1663,  26567.1367,
       1,     170,     202,      13,       1,       3,       1,     10.0000,      1.4145,     42.8163,    252.3548,     63.5077,      3.4953,      0.1973,      0.1627,     99.7521,      0.2103,      5.6684,     11.3368,      1.8588,     29.6000,     59.2000,      0.0195,      0.0048,      0.2500,      0.2107,   7970.1411,-482578.3125,   -924.2542,    555.0984,  26567.1387,
       1,     170,     202,      14,       1,       3,       1,     10.0000,      1.4145,     42.8163,    252.3548,     63.5077,      3.4953,      0.1973,      0.1627,    100.2847,      0.2116,      5.6684,     11.3368,      1.8698,     29.6000,     59.2000,      0.0195,      0.0048,      0.2500,      0.2107,   7970.1421,-546215.5000,   -938.9427,    550.6913,  26567.1348,
       1,     170,     202,      15,       1,       3,       1,     10.0000,      1.4145,     42.8163,    252.3548,     63.5077,      3.4953,      0.1988,      0.1639,    120.7347,      0.2220,      5.6684,     11.3368,      1.9621,     29.6000,     59.2000,      0.0195,      0.0058,      0.2500,      0.2106,   7970.1406,-552253.4375,   -942.4545,    550.2931,  26567.1367,
       1,     170,     202,      16,       1,       3,       1,     10.0000,      1.4145,     42.8163,    252.3548,     63.5077,      3.4953,      0.1958,      0.1607,    103.1142,      0.2305,      5.6684,     11.3368,      2.0366,     29.6000,     59.2000,      0.0195,      0.0050,      0.2477,      0.2106,   7970.1411,-577469.1875,   -949.4769,    548.5587,  26567.1367,
       1,     170,     202,      17,       1,       3,       1,     10.0000,      1.4145,     42.8163,    252.3548,     63.5077,      3.4953,      0.1801,      0.1455,     78.4840,      0.2116,      5.6684,     11.3368,      1.8698,     29.6000,     59.2000,      0.0195,      0.0042,      0.2276,      0.2106,   7970.1411,-558279.5000,   -947.6454,    549.8773,  26567.1367,
       1,     170,     202,      18,       1,       3,       1,     10.0000,      1.4145,     42.8163,    252.3548,     63.5077,      3.4953,      0.1510,      0.1169,     48.1463,      0.1959,      5.6684,     11.3368,      1.7312,     29.6000,     59.2000,      0.0195,      0.0031,      0.1891,      0.2106,   7970.1411,-526881.8750,   -942.7955,    552.0369,  26567.1367,
       1,     170,     202,      19,       1,       3,       1,     10.0000,      1.4145,     42.8163,    252.3548,     63.5077,      3.4953,      0.0680,      0.0345,     11.4475,      0.1760,      5.6684,     11.3368,      1.5550,     29.6000,     59.2000,      0.0195,      0.0019,      0.0744,      0.2106,   7970.1411,-487585.3125,   -935.9876,    554.7529,  26567.1367,
       1,     170,     202,      20,       1,       3,       1,     10.0000,      1.4145,     42.8163,    252.3548,     63.5077,      3.4953,      0.0156,     -0.0177,      0.1202,      0.1687,      5.6684,     11.3368,      1.4912,     29.6000,     59.2000,      0.0195,      0.0016,      0.0009,      0.2107,   7970.1411,-439965.7812,   -927.1660,    558.0617,  26567.1348,
       1,     170,     202,      21,       1,       3,       1,     10.0000,      1.4145,     42.8163,    252.3548,     63.5077,      3.4953,      0.0000,     -0.0331,      1.6937,      0.1659,      5.6684,     11.3368,      1.4660,     29.6000,     59.2000,      0.0195,      0.0013,      0.0156,      0.2107,   7970.1406,-422305.5312,   -923.8864,    559.3035,  26567.1387,
       1,     170,     202,      22,       1,       3,       1,     10.0000,      1.4145,     42.8163,    252.3548,     63.5077,      3.4953,      0.0000,     -0.0331,      1.4969,      0.1641,      5.6684,     11.3368,      1.4499,     29.6000,     59.2000,      0.0195,      0.0012,      0.0156,      0.2107,   7970.1421,-422706.8750,   -924.0121,    559.2769,  26567.1387,
       1,     170,     202,      23,       1,       3,       1,     10.0000,      1.4145,     42.8163,    252.3548,     63.5077,      3.4953,      0.0000,     -0.0332,      1.6076,      0.1666,      5.6684,     11.3368,      1.4719,     29.6000,     59.2000,      0.0195,      0.0012,      0.0156,      0.2107,   7970.1421,-422501.5625,   -924.0126,    559.2913,  26567.1348,
       1,     170,     202,      24,       1,       3,       1,     10.0000,      1.4145,     42.8163,    252.3548,     63.5077,      3.4953,      0.0000,     -0.0332,      1.5004,      0.1676,      5.6684,     11.3368,      1.4808,     29.6000,     59.2000,      0.0195,      0.0012,      0.0156,      0.2107,   7970.1406,-422618.1875,   -924.0806,    559.2830,  26567.1348,
       1,     170,     203,       1,       1,       3,       1,     10.0000,      1.4146,     42.8167,    252.3608,     63.5091,      3.4953,      0.0000,     -0.0331,      1.0374,      0.1636,      5.6680,     11.3360,      1.4456,     29.6005,     59.2010,      0.0195,      0.0008,      0.0156,      0.2108,   7970.1406,-422654.5312,   -924.4056,    559.2937,  26568.3320,
       1,     170,     203,       2,       1,       3,       1,     10.0000,      1.4146,     42.8167,    252.3608,     63.5091,      3.4953,      0.0000,     -0.0331,      0.9201,      0.1644,      5.6680,     11.3360,      1.4529,     29.6005,     59.2010,      0.0195,      0.0007,      0.0156,      0.2108,   7970.5000,-421945.4062,   -924.0237,    559.3433,  26568.3281,
       1,     170,     203,       3,       1,       3,       1,     10.0000,      1.4146,     42.8167,    252.3608,     63.5091,      3.4953,      0.0000,     -0.0331,      0.7781,      0.1656,      5.6680,     11.3360,      1.4631,     29.6005,     59.2010,      0.0195,      0.0006,      0.0156,      0.2108,   7970.4985,-421744.6562,   -924.0086,    559.3573,  26568.3262,
       1,     170,     203,       4,       1,       3,       1,     10.0000,      1.4146,     42.8167,    252.3608,     63.5091,      3.4953,      0.0000,     -0.0330,      0.6535,      0.1626,      5.6680,     11.3360,      1.4370,     29.6005,     59.2010,      0.0195,      0.0005,      0.0156,      0.2108,   7970.4980,-421556.3750,   -923.9906,    559.3704,  26568.3281,
       1,     170,     203,       5,       1,       3,       1,     10.0000,      1.4146,     42.8167,    252.3608,     63.5091,      3.4953,      0.0000,     -0.0330,      0.8999,      0.1631,      5.6680,     11.3360,      1.4413,     29.6005,     59.2010,      0.0195,      0.0007,      0.0156,      0.2108,   7970.4985,-421390.0938,   -923.9710,    559.3820,  26568.3281,
       1,     170,     203,       6,       1,       3,       1,     10.0000,      1.4146,     42.8167,    252.3608,     63.5091,      3.4953,      0.0000,     -0.0330,      1.0898,      0.1618,      5.6680,     11.3360,      1.4298,     29.6005,     59.2010,      0.0195,      0.0008,      0.0156,      0.2108,   7970.4985,-421673.5000,   -924.0470,    559.3622,  26568.3281,
       1,     170,     203,       7,       1,       3,       1,     10.0000,      1.4146,     42.8167,    252.3608,     63.5091,      3.4953,      0.0000,     -0.0329,      0.7189,      0.1580,      5.6680,     11.3360,      1.3957,     29.6005,     59.2010,      0.0195,      0.0006,      0.0156,      0.2108,   7970.4985,-421926.4062,   -924.1252,    559.3445,  26568.3281,
       1,     170,     203,       8,       1,       3,       1,     10.0000,      1.4146,     42.8167,    252.3608,     63.5091,      3.4953,      0.0113,     -0.0218,      1.0831,      0.1643,      5.6680,     11.3360,      1.4514,     29.6005,     59.2010,      0.0195,      0.0008,      0.0156,      0.2108,   7970.4985,-421500.1875,   -924.0587,    559.3744,  26568.3281,
       1,     170,     203,       9,       1,       3,       1,     10.0000,      1.4146,     42.8167,    252.3608,     63.5091,      3.4953,      0.0781,      0.0448,      8.8429,      0.1720,      5.6680,     11.3360,      1.5198,     29.6005,     59.2010,      0.0195,      0.0012,      0.0893,      0.2108,   7970.4985,-421903.6875,   -924.1705,    559.3462,  26568.3281,
       1,     170,     203,      10,       1,       3,       1,     10.0000,      1.4146,     42.8167,    252.3608,     63.5091,      3.4953,      0.1383,      0.1047,     24.7719,      0.1797,      5.6680,     11.3360,      1.5879,     29.6005,     59.2010,      0.0195,      0.0017,      0.1736,      0.2108,   7970.4985,-431301.5938,   -926.0786,    558.6891,  26568.3281,
       1,     170,     203,      11,       1,       3,       1,     10.0000,      1.4146,     42.8167,    252.3608,     63.5091,      3.4953,      0.1667,      0.1328,     39.5967,      0.1883,      5.6680,     11.3360,      1.6639,     29.6005,     59.2010,      0.0195,      0.0023,      0.2126,      0.2108,   7970.4985,-451319.6250,   -930.1555,    557.2915,  26568.3262,
       1,     170,     203,      12,       1,       3,       1,     10.0000,      1.4146,     42.8167,    252.3608,     63.5091,      3.4953,      0.1782,      0.1440,     59.8679,      0.1996,      5.6680,     11.3360,      1.7641,     29.6005,     59.2010,      0.0195,      0.0032,      0.2269,      0.2107,   7970.4980,-470908.4062,   -934.2957,    555.9286,  26568.3281,
       1,     170,     203,      13,       1,       3,       1,     10.0000,      1.4146,     42.8167,    252.3608,     63.5091,      3.4953,      0.1797,      0.1454,     68.6932,      0.2052,      5.6680,     11.3360,      1.8136,     29.6005,     59.2010,      0.0195,      0.0036,      0.2282,      0.2107,   7970.4985,-497039.1250,   -939.8655,    554.1144,  26568.3281,
       1,     170,     203,      14,       1,       3,       1,     10.0000,      1.4146,     42.8167,    252.3608,     63.5091,      3.4953,      0.1962,      0.1613,    101.1071,      0.2256,      5.6680,     11.3360,      1.9932,     29.6005,     59.2010,      0.0195,      0.0049,      0.2485,      0.2107,   7970.4985,-509905.2812,   -942.9479,    553.2262,  26568.3262,
       1,     170,     203,      15,       1,       3,       1,     10.0000,      1.4146,     42.8167,    252.3608,     63.5091,      3.4953,      0.1902,      0.1549,    104.3541,      0.2362,      5.6680,     11.3360,      2.0871,     29.6005,     59.2010,      0.0195,      0.0053,      0.2395,      0.2107,   7970.4980,-550151.1250,   -951.5576,    550.4438,  26568.3281,
       1,     170,     203,      16,       1,       3,       1,     10.0000,      1.4146,     42.8167,    252.3608,     63.5091,      3.4953,      0.1408,      0.1067,     31.1443,      0.1942,      5.6680,     11.3360,      1.7159,     29.6005,     59.2010,      0.0195,      0.0021,      0.1763,      0.2106,   7970.4985,-557479.3750,   -937.2411,    549.9466,  26568.1152,
       1,     170,     203,      17,       1,       3,       1,     10.0000,      1.4146,     42.8167,    252.3608,     63.5091,      3.4953,      0.1642,      0.1307,     18.0090,      0.1788,      5.6680,     11.3360,      1.5801,     29.6005,     59.2010,      0.0195,      0.0010,      0.2115,      0.2106,   7970.4351,-469584.3125,   -919.8904,    555.9890,  26568.3145,
       1,     170,     203,      18,       1,       3,       1,     10.0000,      1.4146,     42.8167,    252.3608,     63.5091,      3.4953,      0.1016,      0.0681,     12.1106,      0.1776,      5.6680,     11.3360,      1.5691,     29.6005,     59.2010,      0.0195,      0.0012,      0.1225,      0.2107,   7970.4946,-446420.2500,   -915.5402,    557.6323,  26568.3301,
       1,     170,     203,      19,       1,       3,       1,     10.0000,      1.4146,     42.8167,    252.3608,     63.5091,      3.4953,      0.0072,     -0.0249,      1.1363,      0.1362,      5.6680,     11.3360,      1.2033,     29.6005,     59.2010,      0.0195,      0.0009,      0.0156,      0.2108,   7970.4995,-437314.9688,   -913.5070,    558.2693,  26568.3301,
       1,     170,     203,      20,       1,       3,       1,     10.0000,      1.4146,     42.8167,    252.3608,     63.5091,      3.4953,      0.0026,     -0.0297,      1.4774,      0.1422,      5.6680,     11.3360,      1.2568,     29.6005,     59.2010,      0.0195,      0.0011,      0.0156,      0.2108,   7970.4995,-423300.0938,   -910.6549,    559.2477,  26568.3301,
       1,     170,     203,      21,       1,       3,       1,     10.0000,      1.4146,     42.8167,    252.3608,     63.5091,      3.4953,      0.0000,     -0.0322,      1.7194,      0.1408,      5.6680,     11.3360,      1.2442,     29.6005,     59.2010,      0.0195,      0.0013,      0.0156,      0.2108,   7970.4995,-422532.1562,   -910.5436,    559.3022,  26568.3301,
       1,     170,     203,      22,       1,       3,       1,     10.0000,      1.4146,     42.8167,    252.3608,     63.5091,      3.4953,      0.0000,     -0.0326,      1.3923,      0.1507,      5.6680,     11.3360,      1.3313,     29.6005,     59.2010,      0.0195,      0.0011,      0.0156,      0.2108,   7970.4995,-422758.4062,   -910.7722,    559.2864,  26568.3281,
       1,     170,     203,      23,       1,       3,       1,     10.0000,      1.4146,     42.8167,    252.3608,     63.5091,      3.4953,      0.0000,     -0.0324,      0.6758,      0.1460,      5.6680,     11.3360,      1.2903,     29.6005,     59.2010,      0.0195,      0.0005,      0.0156,      0.2108,   7970.4985,-422382.9062,   -910.8361,    559.3126,  26568.3281,
       1,     170,     203,      24,       1,       3,       1,     10.0000,      1.4146,     42.8167,    252.3608,     63.5091,      3.4953,      0.0000,     -0.0324,      0.4019,      0.1443,      5.6680,     11.3360,      1.2748,     29.6005,     59.2010,      0.0195,      0.0003,      0.0156,      0.2108,   7970.4985,-421486.7812,   -910.7211,    559.3753,  26568.3301,
       1,     170,     204,       1,       1,       3,       1,     10.0000,      1.4146,     42.8170,    252.3668,     63.5107,      3.4953,      0.0000,     -0.0321,      0.6863,      0.1362,      5.6687,     11.3374,      1.2033,     29.5983,     59.1965,      0.0195,      0.0005,      0.0156,      0.2108,   7970.4995,-421236.8438,   -910.9481,    559.4061,  26569.5273,
       1,     170,     204,       2,       1,       3,       1,     10.0000,      1.4146,     42.8170,    252.3668,     63.5107,      3.4953,      0.0000,     -0.0320,      0.7796,      0.1345,      5.6687,     11.3374,      1.1887,     29.5983,     59.1965,      0.0195,      0.0006,      0.0156,      0.2108,   7970.8584,-421405.1562,   -910.7733,    559.3943,  26569.5254,
       1,     170,     204,       3,       1,       3,       1,     10.0000,      1.4146,     42.8170,    252.3668,     63.5107,      3.4953,      0.0000,     -0.0320,      0.6421,      0.1347,      5.6687,     11.3374,      1.1900,     29.5983,     59.1965,      0.0195,      0.0005,      0.0156,      0.2108,   7970.8579,-421532.3125,   -910.8614,    559.3854,  26569.5254,
       1,     170,     204,       4,       1,       3,       1,     10.0000,      1.4146,     42.8170,    252.3668,     63.5107,      3.4953,      0.0000,     -0.0320,      0.4253,      0.1352,      5.6687,     11.3374,      1.1948,     29.5983,     59.1965,      0.0195,      0.0003,      0.0156,      0.2108,   7970.8579,-421377.0625,   -910.8741,    559.3963,  26569.5234,
       1,     170,     204,       5,       1,       3,       1,     10.0000,      1.4146,     42.8170,    252.3668,     63.5107,      3.4953,      0.0000,     -0.0320,      0.4663,      0.1347,      5.6687,     11.3374,      1.1900,     29.5983,     59.1965,      0.0195,      0.0004,      0.0156,      0.2108,   7970.8574,-421102.6875,   -910.8391,    559.4155,  26569.5254,
       1,     170,     204,       6,       1,       3,       1,     10.0000,      1.4146,     42.8170,    252.3668,     63.5107,      3.4953,      0.0000,     -0.0320,      0.3859,      0.1347,      5.6687,     11.3374,      1.1900,     29.5983,     59.1965,      0.0195,      0.0003,      0.0156,      0.2108,   7970.8579,-421128.6562,   -910.8626,    559.4137,  26569.5254,
       1,     170,     204,       7,       1,       3,       1,     10.0000,      1.4146,     42.8170,    252.3668,     63.5107,      3.4953,      0.0000,     -0.0321,      0.5157,      0.1380,      5.6687,     11.3374,      1.2193,     29.5983,     59.1965,      0.0195,      0.0004,      0.0156,      0.2108,   7970.8579,-421033.8438,   -910.8545,    559.4203,  26569.5234,
       1,     170,     204,       8,       1,       3,       1,     10.0000,      1.4146,     42.8170,    252.3668,     63.5107,      3.4953,      0.0044,     -0.0277,      0.5361,      0.1366,      5.6687,     11.3374,      1.2070,     29.5983,     59.1965,      0.0195,      0.0004,      0.0156,      0.2108,   7970.8574,-421182.7500,   -910.1487,    559.4099,  26569.5254,
       1,     170,     204,       9,       1,       3,       1,     10.0000,      1.4146,     42.8170,    252.3668,     63.5107,      3.4953,      0.0372,      0.0050,      1.3063,      0.1391,      5.6687,     11.3374,      1.2292,     29.5983,     59.1965,      0.0195,      0.0005,      0.0328,      0.2108,   7970.8579,-421219.7188,   -910.1970,    559.4073,  26569.5254,
       1,     170,     204,      10,       1,       3,       1,     10.0000,      1.4146,     42.8170,    252.3668,     63.5107,      3.4953,      0.0538,      0.0215,      2.4655,      0.1417,      5.6687,     11.3374,      1.2518,     29.5983,     59.1965,      0.0195,      0.0005,      0.0562,      0.2108,   7970.8579,-422152.0938,   -910.4277,    559.3422,  26569.5254,
       1,     170,     204,      11,       1,       3,       1,     10.0000,      1.4146,     42.8170,    252.3668,     63.5107,      3.4953,      0.0228,     -0.0093,      0.2999,      0.1371,      5.6687,     11.3374,      1.2119,     29.5983,     59.1965,      0.0195,      0.0003,      0.0125,      0.2108,   7970.8579,-423629.3438,   -910.7400,    559.2388,  26569.5254,
       1,     170,     204,      12,       1,       3,       1,     10.0000,      1.4146,     42.8170,    252.3668,     63.5107,      3.4953,      0.0157,     -0.0165,      0.0516,      0.1374,      5.6687,     11.3374,      1.2143,     29.5983,     59.1965,      0.0195,      0.0003,      0.0024,      0.2108,   7970.8579,-421141.1250,   -910.1880,    559.4128,  26569.5254,
       1,     170,     204,      13,       1,       3,       1,     10.0000,      1.4146,     42.8170,    252.3668,     63.5107,      3.4953,      0.0315,     -0.0006,      0.5241,      0.1366,      5.6687,     11.3374,      1.2070,     29.5983,     59.1965,      0.0195,      0.0003,      0.0249,      0.2108,   7970.8579,-420631.6250,   -910.0549,    559.4484,  26569.5254,
       1,     170,     204,      14,       1,       3,       1,     10.0000,      1.4146,     42.8170,    252.3668,     63.5107,      3.4953,      0.0653,      0.0331,      1.5640,      0.1392,      5.6687,     11.3374,      1.2304,     29.5983,     59.1965,      0.0195,      0.0003,      0.0727,      0.2108,   7970.8579,-421158.7188,   -910.1908,    559.4116,  26569.5234,
       1,     170,     204,      15,       1,       3,       1,     10.0000,      1.4146,     42.8170,    252.3668,     63.5107,      3.4953,      0.0710,      0.0386,      1.7843,      0.1427,      5.6687,     11.3374,      1.2607,     29.5983,     59.1965,      0.0195,      0.0003,      0.0806,      0.2108,   7970.8574,-422458.1875,   -910.5132,    559.3207,  26569.5254,
       1,     170,     204,      16,       1,       3,       1,     10.0000,      1.4146,     42.8170,    252.3668,     63.5107,      3.4953,      0.1199,      0.0876,      3.3971,      0.1437,      5.6687,     11.3374,      1.2697,     29.5983,     59.1965,      0.0195,      0.0003,      0.1500,      0.2108,   7970.8579,-422833.2812,   -910.7970,    559.2944,  26569.5254,
       1,     170,     204,      17,       1,       3,       1,     10.0000,      1.4146,     42.8170,    252.3668,     63.5107,      3.4953,      0.1055,      0.0729,      4.7519,      0.1505,      5.6687,     11.3374,      1.3300,     29.5983,     59.1965,      0.0195,      0.0004,      0.1293,      0.2108,   7970.8579,-424810.9375,   -911.4637,    559.1562,  26569.5254,
       1,     170,     204,      18,       1,       3,       1,     10.0000,      1.4146,     42.8170,    252.3668,     63.5107,      3.4953,      0.0703,      0.0376,      4.5861,      0.1523,      5.6687,     11.3374,      1.3462,     29.5983,     59.1965,      0.0195,      0.0007,      0.0791,      0.2108,   7970.8579,-426612.6250,   -912.1136,    559.0303,  26569.5254,
       1,     170,     204,      19,       1,       3,       1,     10.0000,      1.4146,     42.8170,    252.3668,     63.5107,      3.4953,      0.0462,      0.0135,      2.5763,      0.1540,      5.6687,     11.3374,      1.3611,     29.5983,     59.1965,      0.0195,      0.0007,      0.0450,      0.2108,   7970.8579,-426564.4688,   -912.3734,    559.0337,  26569.5254,
       1,     170,     204,      20,       1,       3,       1,     10.0000,      1.4146,     42.8170,    252.3668,     63.5107,      3.4953,      0.0368,      0.0041,      1.3663,      0.1516,      5.6687,     11.3374,      1.3394,     29.5983,     59.1965,      0.0195,      0.0005,      0.0317,      0.2108,   7970.8579,-424135.2500,   -912.1304,    559.2035,  26569.5254,
       1,     170,     204,      21,       1,       3,       1,     10.0000,      1.4146,     42.8170,    252.3668,     63.5107,      3.4953,      0.0000,     -0.0325,      0.4443,      0.1478,      5.6687,     11.3374,      1.3061,     29.5983,     59.1965,      0.0195,      0.0003,      0.0156,      0.2108,   7970.8579,-422470.3438,   -911.9573,    559.3198,  26569.5273,
       1,     170,     204,      22,       1,       3,       1,     10.0000,      1.4146,     42.8170,    252.3668,     63.5107,      3.4953,      0.0000,     -0.0325,      0.4283,      0.1469,      5.6687,     11.3374,      1.2982,     29.5983,     59.1965,      0.0195,      0.0003,      0.0156,      0.2108,   7970.8584,-421217.3750,   -910.1407,    559.4074,  26569.5254,
       1,     170,     204,      23,       1,       3,       1,     10.0000,      1.4146,     42.8170,    252.3668,     63.5107,      3.4953,      0.0000,     -0.0324,      0.3875,      0.1438,      5.6687,     11.3374,      1.2709,     29.5983,     59.1965,      0.0195,      0.0003,      0.0156,      0.2108,   7970.8579,-421092.6250,   -910.1310,    559.4163,  26569.5234,
       1,     170,     204,      24,       1,       3,       1,     10.0000,      1.4146,     42.8170,    252.3668,     63.5107,      3.4953,      0.0000,     -0.0323,      0.3682,      0.1417,      5.6687,     11.3374,      1.2518,     29.5983,     59.1965,      0.0195,      0.0003,      0.0156,      0.2108,   7970.8574,-421033.0938,   -910.1285,    559.4203,  26569.5254,
       1,     170,     205,       1,       1,       3,       1,     10.0000,      1.4146,     42.8173,    252.3728,     63.5122,      3.4953,      0.0000,     -0.0323,      0.3989,      0.1432,      5.6700,     11.3401,      1.2658,     29.5748,     59.1496,      0.0195,      0.0003,      0.0156,      0.2108,   7970.8579,-421161.1875,   -910.3850,    559.4249,  26570.7188,
       1,     170,     205,       2,       1,       3,       1,     10.0000,      1.4146,     42.8173,    252.3728,     63.5122,      3.4953,      0.0000,     -0.0322,      0.3365,      0.1395,      5.6700,     11.3401,      1.2330,     29.5748,     59.1496,      0.0195,      0.0003,      0.0156,      0.2108,   7971.2158,-421055.3750,   -910.1066,    559.4323,  26570.7188,
       1,     170,     205,       3,       1,       3,       1,     10.0000,      1.4146,     42.8173,    252.3728,     63.5122,      3.4953,      0.0000,     -0.0321,      0.3307,      0.1374,      5.6700,     11.3401,      1.2144,     29.5748,     59.1496,      0.0195,      0.0003,      0.0156,      0.2108,   7971.2158,-420971.2188,   -910.0837,    559.4382,  26570.7207,
       1,     170,     205,       4,       1,       3,       1,     10.0000,      1.4146,     42.8173,    252.3728,     63.5122,      3.4953,      0.0000,     -0.0324,      0.3524,      0.1453,      5.6700,     11.3401,      1.2839,     29.5748,     59.1496,      0.0195,      0.0003,      0.0156,      0.2108,   7971.2163,-420957.0000,   -910.0824,    559.4392,  26570.7207,
       1,     170,     205,       5,       1,       3,       1,     10.0000,      1.4146,     42.8173,    252.3728,     63.5122,      3.4953,      0.0000,     -0.0327,      0.3781,      0.1545,      5.6700,     11.3401,      1.3653,     29.5748,     59.1496,      0.0195,      0.0003,      0.0156,      0.2108,   7971.2163,-420981.9375,   -910.0889,    559.4374,  26570.7207,
       1,     170,     205,       6,       1,       3,       1,     10.0000,      1.4146,     42.8173,    252.3728,     63.5122,      3.4953,      0.0000,     -0.0328,      0.5281,      0.1570,      5.6700,     11.3401,      1.3874,     29.5748,     59.1496,      0.0195,      0.0004,      0.0156,      0.2108,   7971.2163,-421015.1250,   -910.0968,    559.4351,  26570.7188,
       1,     170,     205,       7,       1,       3,       1,     10.0000,      1.4146,     42.8173,    252.3728,     63.5122,      3.4953,      0.0000,     -0.0328,      0.6100,      0.1569,      5.6700,     11.3401,      1.3860,     29.5748,     59.1496,      0.0195,      0.0005,      0.0156,      0.2108,   7971.2158,-421199.0312,   -910.1461,    559.4222,  26570.7188,
       1,     170,     205,       8,       1,       3,       1,     10.0000,      1.4146,     42.8173,    252.3728,     63.5122,      3.4953,      0.0042,     -0.0285,      0.3775,      0.1523,      5.6700,     11.3401,      1.3462,     29.5748,     59.1496,      0.0195,      0.0003,      0.0156,      0.2108,   7971.2158,-421313.3438,   -910.1802,    559.4142,  26570.7207,
       1,     170,     205,       9,       1,       3,       1,     10.0000,      1.4146,     42.8173,    252.3728,     63.5122,      3.4953,      0.0305,     -0.0023,      0.5715,      0.1548,      5.6700,     11.3401,      1.3680,     29.5748,     59.1496,      0.0195,      0.0003,      0.0227,      0.2108,   7971.2163,-421042.3125,   -910.1434,    559.4332,  26570.7188,
       1,     170,     205,      10,       1,       3,       1,     10.0000,      1.4146,     42.8173,    252.3728,     63.5122,      3.4953,      0.0789,      0.0461,      3.1398,      0.1569,      5.6700,     11.3401,      1.3860,     29.5748,     59.1496,      0.0195,      0.0004,      0.0914,      0.2108,   7971.2158,-421253.6250,   -910.2133,    559.4185,  26570.7207,
       1,     170,     205,      11,       1,       3,       1,     10.0000,      1.4146,     42.8173,    252.3728,     63.5122,      3.4953,      0.1430,      0.1103,     12.2552,      0.1531,      5.6700,     11.3401,      1.3530,     29.5748,     59.1496,      0.0195,      0.0008,      0.1818,      0.2108,   7971.2163,-424369.6875,   -910.9756,    559.2006,  26570.7227,
       1,     170,     205,      12,       1,       3,       1,     10.0000,      1.4146,     42.8173,    252.3728,     63.5122,      3.4953,      0.1830,      0.1496,     24.6478,      0.1735,      5.6700,     11.3401,      1.5336,     29.5748,     59.1496,      0.0195,      0.0013,      0.2375,      0.2108,   7971.2173,-435629.9062,   -913.6189,    558.4135,  26570.7207,
       1,     170,     205,      13,       1,       3,       1,     10.0000,      1.4146,     42.8173,    252.3728,     63.5122,      3.4953,      0.1653,      0.1316,     34.4844,      0.1837,      5.6700,     11.3401,      1.6232,     29.5748,     59.1496,      0.0195,      0.0020,      0.2112,      0.2108,   7971.2163,-451534.7812,   -917.5478,    557.3038,  26570.7227,
       1,     170,     205,      14,       1,       3,       1,     10.0000,      1.4146,     42.8173,    252.3728,     63.5122,      3.4953,      0.1678,      0.1340,     35.7721,      0.1876,      5.6700,     11.3401,      1.6574,     29.5748,     59.1496,      0.0195,      0.0020,      0.2147,      0.2108,   7971.2173,-464749.3438,   -920.9500,    556.3844,  26570.7227,
       1,     170,     205,      15,       1,       3,       1,     10.0000,      1.4146,     42.8173,    252.3728,     63.5122,      3.4953,      0.1948,      0.1605,     66.5375,      0.2018,      5.6700,     11.3401,      1.7834,     29.5748,     59.1496,      0.0195,      0.0032,      0.2500,      0.2108,   7971.2173,-467417.1875,   -922.4753,    556.1996,  26570.7207,
       1,     170,     205,      16,       1,       3,       1,     10.0000,      1.4146,     42.8173,    252.3728,     63.5122,      3.4953,      0.1946,      0.1605,     64.5863,      0.1987,      5.6700,     11.3401,      1.7555,     29.5748,     59.1496,      0.0195,      0.0031,      0.2500,      0.2108,   7971.2163,-504781.6562,   -931.1815,    553.6019,  26570.7207,
       1,     170,     205,      17,       1,       3,       1,     10.0000,      1.4146,     42.8173,    252.3728,     63.5122,      3.4953,      0.1912,      0.1569,     70.6971,      0.2004,      5.6700,     11.3401,      1.7712,     29.5748,     59.1496,      0.0195,      0.0035,      0.2443,      0.2107,   7971.2163,-505585.1875,   -932.8737,    553.5523,  26570.7207,
       1,     170,     205,      18,       1,       3,       1,     10.0000,      1.4146,     42.8173,    252.3728,     63.5122,      3.4953,      0.1061,      0.0723,     25.3072,      0.1861,      5.6700,     11.3401,      1.6443,     29.5748,     59.1496,      0.0195,      0.0024,      0.1273,      0.2107,   7971.2163,-513026.7812,   -935.6323,    553.0374,  26570.7207,
       1,     170,     205,      19,       1,       3,       1,     10.0000,      1.4146,     42.8173,    252.3728,     63.5122,      3.4953,      0.0699,      0.0365,     11.4066,      0.1760,      5.6700,     11.3401,      1.5551,     29.5748,     59.1496,      0.0195,      0.0018,      0.0772,      0.2107,   7971.2163,-458818.6250,   -926.0742,    556.7850,  26570.7207,
       1,     170,     205,      20,       1,       3,       1,     10.0000,      1.4146,     42.8173,    252.3728,     63.5122,      3.4953,      0.0178,     -0.0155,      0.5010,      0.1722,      5.6700,     11.3401,      1.5214,     29.5748,     59.1496,      0.0195,      0.0015,      0.0040,      0.2108,   7971.2163,-437521.2812,   -922.3967,    558.2800,  26570.7227,
       1,     170,     205,      21,       1,       3,       1,     10.0000,      1.4146,     42.8173,    252.3728,     63.5122,      3.4953,      0.0001,     -0.0332,      1.6347,      0.1696,      5.6700,     11.3401,      1.4987,     29.5748,     59.1496,      0.0195,      0.0013,      0.0156,      0.2108,   7971.2173,-422558.4062,   -919.7444,    559.3262,  26570.7188,
       1,     170,     205,      22,       1,       3,       1,     10.0000,      1.4146,     42.8173,    252.3728,     63.5122,      3.4953,      0.0000,     -0.0332,      1.4763,      0.1683,      5.6700,     11.3401,      1.4868,     29.5748,     59.1496,      0.0195,      0.0011,      0.0156,      0.2108,   7971.2158,-422665.4062,   -919.8616,    559.3198,  26570.7207,
       1,     170,     205,      23,       1,       3,       1,     10.0000,      1.4146,     42.8173,    252.3728,     63.5122,      3.4953,      0.0000,     -0.0331,      1.2215,      0.1662,      5.6700,     11.3401,      1.4691,     29.5748,     59.1496,      0.0195,      0.0009,      0.0156,      0.2108,   7971.2163,-422481.9688,   -919.9065,    559.3326,  26570.7207,
       1,     170,     205,      24,       1,       3,       1,     10.0000,      1.4146,     42.8173,    252.3728,     63.5122,      3.4953,      0.0000,     -0.0331,      1.2177,      0.1656,      5.6700,     11.3401,      1.4632,     29.5748,     59.1496,      0.0195,      0.0009,      0.0156,      0.2108,   7971.2163,-422159.0625,   -919.9076,    559.3552,  26570.7207,
       1,     170,     206,       1,       1,       3,       1,     10.0000,      1.4146,     42.8177,    252.3788,     63.5137,      3.4953,      0.0000,     -0.0331,      1.3160,      0.1654,      5.6690,     11.3381,      1.4617,     29.5724,     59.1447,      0.0195,      0.0010,      0.0156,      0.2109,   7971.2163,-422283.0312,   -920.2616,    559.3598,  26571.9121,
       1,     170,     206,       2,       1,       3,       1,     10.0000,      1.4146,     42.8177,    252.3788,     63.5137,      3.4953,      0.0000,     -0.0331,      1.1012,      0.1639,      5.6690,     11.3381,      1.4486,     29.5724,     59.1447,      0.0195,      0.0009,      0.0156,      0.2109,   7971.5737,-422259.1250,   -920.0588,    559.3614,  26571.9121,
       1,     170,     206,       3,       1,       3,       1,     10.0000,      1.4146,     42.8177,    252.3788,     63.5137,      3.4953,      0.0000,     -0.0329,      0.6179,      0.1605,      5.6690,     11.3381,      1.4184,     29.5724,     59.1447,      0.0195,      0.0005,      0.0156,      0.2109,   7971.5737,-421998.0938,   -920.0591,    559.3797,  26571.9121,
       1,     170,     206,       4,       1,       3,       1,     10.0000,      1.4146,     42.8177,    252.3788,     63.5137,      3.4953,      0.0000,     -0.0329,      0.6020,      0.1584,      5.6690,     11.3381,      1.4001,     29.5724,     59.1447,      0.0195,      0.0005,      0.0156,      0.2109,   7971.5737,-421392.9062,   -919.9632,    559.4220,  26571.9141,
       1,     170,     206,       5,       1,       3,       1,     10.0000,      1.4146,     42.8177,    252.3788,     63.5137,      3.4953,      0.0000,     -0.0329,      0.6120,      0.1589,      5.6690,     11.3381,      1.4043,     29.5724,     59.1447,      0.0195,      0.0005,      0.0156,      0.2109,   7971.5747,-421322.6250,   -919.9662,    559.4269,  26571.9121,
       1,     170,     206,       6,       1,       3,       1,     10.0000,      1.4146,     42.8177,    252.3788,     63.5137,      3.4953,      0.0000,     -0.0327,      0.5807,      0.1540,      5.6690,     11.3381,      1.3612,     29.5724,     59.1447,      0.0195,      0.0004,      0.0156,      0.2109,   7971.5737,-421328.9688,   -919.9852,    559.4265,  26571.9121,
       1,     170,     206,       7,       1,       3,       1,     10.0000,      1.4146,     42.8177,    252.3788,     63.5137,      3.4953,      0.0000,     -0.0324,      0.5110,      0.1456,      5.6690,     11.3381,      1.2865,     29.5724,     59.1447,      0.0195,      0.0004,      0.0156,      0.2109,   7971.5737,-421291.6875,   -919.9930,    559.4291,  26571.9121,
       1,     170,     206,       8,       1,       3,       1,     10.0000,      1.4146,     42.8177,    252.3788,     63.5137,      3.4953,      0.0028,     -0.0294,      0.3834,      0.1407,      5.6690,     11.3381,      1.2430,     29.5724,     59.1447,      0.0195,      0.0003,      0.0156,      0.2109,   7971.5737,-421204.5625,   -919.9889,    559.4352,  26571.9121,
       1,     170,     206,       9,       1,       3,       1,     10.0000,      1.4146,     42.8177,    252.3788,     63.5137,      3.4953,      0.0586,      0.0263,      2.0160,      0.1421,      5.6690,     11.3381,      1.2557,     29.5724,     59.1447,      0.0195,      0.0004,      0.0630,      0.2109,   7971.5737,-421043.2812,   -919.9664,    559.4465,  26571.9102,
       1,     170,     206,      10,       1,       3,       1,     10.0000,      1.4146,     42.8177,    252.3788,     63.5137,      3.4953,      0.1296,      0.0969,     10.2735,      0.1520,      5.6690,     11.3381,      1.3435,     29.5724,     59.1447,      0.0195,      0.0008,      0.1629,      0.2109,   7971.5732,-422999.1562,   -920.4182,    559.3098,  26571.9121,
       1,     170,     206,      11,       1,       3,       1,     10.0000,      1.4146,     42.8177,    252.3788,     63.5137,      3.4953,      0.1346,      0.1016,     13.8432,      0.1621,      5.6690,     11.3381,      1.4327,     29.5724,     59.1447,      0.0195,      0.0010,      0.1695,      0.2109,   7971.5737,-433125.0000,   -922.5875,    558.6018,  26571.9121,
       1,     170,     206,      12,       1,       3,       1,     10.0000,      1.4146,     42.8177,    252.3788,     63.5137,      3.4953,      0.1684,      0.1347,     33.9884,      0.1822,      5.6690,     11.3381,      1.6104,     29.5724,     59.1447,      0.0195,      0.0019,      0.2157,      0.2108,   7971.5737,-438286.7812,   -923.8809,    558.2418,  26571.9121,
       1,     170,     206,      13,       1,       3,       1,     10.0000,      1.4146,     42.8177,    252.3788,     63.5137,      3.4953,      0.1901,      0.1560,     55.1904,      0.1969,      5.6690,     11.3381,      1.7399,     29.5724,     59.1447,      0.0195,      0.0027,      0.2446,      0.2108,   7971.5737,-463028.0625,   -923.3502,    556.5154,  26571.9121,
       1,     170,     206,      14,       1,       3,       1,     10.0000,      1.4146,     42.8177,    252.3788,     63.5137,      3.4953,      0.1701,      0.1360,     51.8052,      0.1944,      5.6690,     11.3381,      1.7177,     29.5724,     59.1447,      0.0195,      0.0029,      0.2161,      0.2108,   7971.5737,-490710.2188,   -929.9441,    554.5924,  26571.9121,
       1,     170,     206,      15,       1,       3,       1,     10.0000,      1.4146,     42.8177,    252.3788,     63.5137,      3.4953,      0.0336,     -0.0001,      4.9426,      0.1844,      5.6690,     11.3381,      1.6297,     29.5724,     59.1447,      0.0195,      0.0023,      0.0256,      0.2108,   7971.5737,-488957.6875,   -923.7797,    554.7172,  26571.9102,
       1,     170,     206,      16,       1,       3,       1,     10.0000,      1.4146,     42.8177,    252.3788,     63.5137,      3.4953,      0.0271,     -0.0054,      0.7934,      0.1484,      5.6690,     11.3381,      1.3114,     29.5724,     59.1447,      0.0195,      0.0005,      0.0182,      0.2108,   7971.5732,-432221.2812,   -912.5759,    558.6514,  26571.9121,
       1,     170,     206,      17,       1,       3,       1,     10.0000,      1.4146,     42.8177,    252.3788,     63.5137,      3.4953,      0.0239,     -0.0085,      0.4575,      0.1468,      5.6690,     11.3381,      1.2969,     29.5724,     59.1447,      0.0195,      0.0004,      0.0137,      0.2108,   7971.5737,-422482.8125,   -910.4606,    559.3454,  26571.9121,
       1,     170,     206,      18,       1,       3,       1,     10.0000,      1.4146,     42.8177,    252.3788,     63.5137,      3.4953,      0.0078,     -0.0245,      0.3448,      0.1425,      5.6690,     11.3381,      1.2595,     29.5724,     59.1447,      0.0195,      0.0003,      0.0156,      0.2109,   7971.5737,-421240.8750,   -910.2213,    559.4327,  26571.9121,
       1,     170,     206,      19,       1,       3,       1,     10.0000,      1.4146,     42.8177,    252.3788,     63.5137,      3.4953,      0.0040,     -0.0284,      0.3464,      0.1431,      5.6690,     11.3381,      1.2646,     29.5724,     59.1447,      0.0195,      0.0003,      0.0156,      0.2109,   7971.5737,-420999.6562,   -910.1089,    559.4495,  26571.9102,
       1,     170,     206,      20,       1,       3,       1,     10.0000,      1.4146,     42.8177,    252.3788,     63.5137,      3.4953,      0.0005,     -0.0319,      0.3448,      0.1425,      5.6690,     11.3381,      1.2595,     29.5724,     59.1447,      0.0195,      0.0003,      0.0156,      0.2109,   7971.5732,-420981.4375,   -910.0944,    559.4508,  26571.9121,
       1,     170,     206,      21,       1,       3,       1,     10.0000,      1.4146,     42.8177,    252.3788,     63.5137,      3.4953,      0.0000,     -0.0324,      0.3508,      0.1447,      5.6690,     11.3381,      1.2787,     29.5724,     59.1447,      0.0195,      0.0003,      0.0156,      0.2109,   7971.5737,-420977.7812,   -910.0856,    559.4510,  26571.9121,
       1,     170,     206,      22,       1,       3,       1,     10.0000,      1.4146,     42.8177,    252.3788,     63.5137,      3.4953,      0.0000,     -0.0320,      0.3254,      0.1355,      5.6690,     11.3381,      1.1973,     29.5724,     59.1447,      0.0195,      0.0003,      0.0156,      0.2109,   7971.5737,-420984.7500,   -910.0885,    559.4505,  26571.9141,
       1,     170,     206,      23,       1,       3,       1,     10.0000,      1.4146,     42.8177,    252.3788,     63.5137,      3.4953,      0.0000,     -0.0320,      0.3209,      0.1339,      5.6690,     11.3381,      1.1828,     29.5724,     59.1447,      0.0195,      0.0002,      0.0156,      0.2109,   7971.5747,-420954.5312,   -910.0846,    559.4526,  26571.9121,
       1,     170,     206,      24,       1,       3,       1,     10.0000,      1.4146,     42.8177,    252.3788,     63.5137,      3.4953,      0.0000,     -0.0320,      0.3205,      0.1337,      5.6690,     11.3381,      1.1816,     29.5724,     59.1447,      0.0195,      0.0002,      0.0156,      0.2109,   7971.5737,-420946.7188,   -910.0852,    559.4532,  26571.9121,
       1,     170,     207,       1,       1,       3,       1,     10.0000,      1.4146,     42.8180,    252.3847,     63.5152,      3.4953,      0.0000,     -0.0320,      0.3494,      0.1351,      5.6700,     11.3400,      1.1937,     29.5554,     59.1107,      0.0195,      0.0003,      0.0156,      0.2109,   7971.5737,-421101.9062,   -910.3774,    559.4557,  26573.1035,
       1,     170,     207,       2,       1,       3,       1,     10.0000,      1.4146,     42.8180,    252.3847,     63.5152,      3.4953,      0.0000,     -0.0320,      0.3297,      0.1352,      5.6700,     11.3400,      1.1949,     29.5554,     59.1107,      0.0195,      0.0003,      0.0156,      0.2109,   7971.9312,-420996.7812,   -910.1074,    559.4630,  26573.1055,
       1,     170,     207,       3,       1,       3,       1,     10.0000,      1.4146,     42.8180,    252.3847,     63.5152,      3.4953,      0.0000,     -0.0320,      0.3198,      0.1334,      5.6700,     11.3400,      1.1792,     29.5554,     59.1107,      0.0195,      0.0002,      0.0156,      0.2109,   7971.9321,-420964.1250,   -910.1030,    559.4655,  26573.1074,
       1,     170,     207,       4,       1,       3,       1,     10.0000,      1.4146,     42.8180,    252.3847,     63.5152,      3.4953,      0.0000,     -0.0321,      0.3664,      0.1366,      5.6700,     11.3400,      1.2071,     29.5554,     59.1107,      0.0195,      0.0003,      0.0156,      0.2109,   7971.9326,-420949.0312,   -910.1013,    559.4664,  26573.1094,
       1,     170,     207,       5,       1,       3,       1,     10.0000,      1.4146,     42.8180,    252.3847,     63.5152,      3.4953,      0.0000,     -0.0321,      0.3299,      0.1372,      5.6700,     11.3400,      1.2120,     29.5554,     59.1107,      0.0195,      0.0003,      0.0156,      0.2109,   7971.9331,-421003.8750,   -910.0928,    559.4626,  26573.1055,
       1,     170,     207,       6,       1,       3,       1,     10.0000,      1.4146,     42.8180,    252.3847,     63.5152,      3.4953,      0.0000,     -0.0321,      0.3276,      0.1363,      5.6700,     11.3400,      1.2046,     29.5554,     59.1107,      0.0195,      0.0003,      0.0156,      0.2109,   7971.9321,-420964.9688,   -910.0881,    559.4653,  26573.1055,
       1,     170,     207,       7,       1,       3,       1,     10.0000,      1.4146,     42.8180,    252.3847,     63.5152,      3.4953,      0.0000,     -0.0320,      0.3250,      0.1354,      5.6700,     11.3400,      1.1961,     29.5554,     59.1107,      0.0195,      0.0003,      0.0156,      0.2109,   7971.9321,-420958.8438,   -910.0886,    559.4658,  26573.1094,
       1,     170,     207,       8,       1,       3,       1,     10.0000,      1.4146,     42.8180,    252.3847,     63.5152,      3.4953,      0.0062,     -0.0258,      0.3224,      0.1344,      5.6700,     11.3400,      1.1876,     29.5554,     59.1107,      0.0195,      0.0002,      0.0156,      0.2109,   7971.9331,-420954.7188,   -910.0889,    559.4660,  26573.1074,
       1,     170,     207,       9,       1,       3,       1,     10.0000,      1.4146,     42.8180,    252.3847,     63.5152,      3.4953,      0.0202,     -0.0119,      0.1882,      0.1367,      5.6700,     11.3400,      1.2083,     29.5554,     59.1107,      0.0195,      0.0003,      0.0089,      0.2109,   7971.9326,-420951.5312,   -910.1165,    559.4662,  26573.1074,
       1,     170,     207,      10,       1,       3,       1,     10.0000,      1.4146,     42.8180,    252.3847,     63.5152,      3.4953,      0.0371,      0.0049,      0.7742,      0.1401,      5.6700,     11.3400,      1.2380,     29.5554,     59.1107,      0.0195,      0.0003,      0.0327,      0.2109,   7971.9326,-420789.4375,   -910.1550,    559.4776,  26573.1055,
       1,     170,     207,      11,       1,       3,       1,     10.0000,      1.4146,     42.8180,    252.3847,     63.5152,      3.4953,      0.0934,      0.0610,      8.7839,      0.1444,      5.6700,     11.3400,      1.2762,     29.5554,     59.1107,      0.0195,      0.0009,      0.1117,      0.2109,   7971.9321,-421482.7188,   -910.3695,    559.4291,  26573.1074,
       1,     170,     207,      12,       1,       3,       1,     10.0000,      1.4146,     42.8180,    252.3847,     63.5152,      3.4953,      0.1692,      0.1363,     29.6469,      0.1607,      5.6700,     11.3400,      1.4199,     29.5554,     59.1107,      0.0195,      0.0016,      0.2172,      0.2109,   7971.9326,-431201.5625,   -912.5424,    558.7495,  26573.1055,
       1,     170,     207,      13,       1,       3,       1,     10.0000,      1.4146,     42.8180,    252.3847,     63.5152,      3.4953,      0.1916,      0.1582,     50.4391,      0.1758,      5.6700,     11.3400,      1.5537,     29.5554,     59.1107,      0.0195,      0.0025,      0.2470,      0.2109,   7971.9321,-457189.6250,   -918.4875,    556.9348,  26573.1055,
       1,     170,     207,      14,       1,       3,       1,     10.0000,      1.4146,     42.8180,    252.3847,     63.5152,      3.4953,      0.1916,      0.1575,     69.3410,      0.1952,      5.6700,     11.3400,      1.7245,     29.5554,     59.1107,      0.0195,      0.0034,      0.2450,      0.2108,   7971.9321,-484477.8438,   -925.1154,    555.0380,  26573.1074,
       1,     170,     207,      15,       1,       3,       1,     10.0000,      1.4146,     42.8180,    252.3847,     63.5152,      3.4953,      0.1547,      0.1211,     40.6484,      0.1804,      5.6700,     11.3400,      1.5944,     29.5554,     59.1107,      0.0195,      0.0025,      0.1953,      0.2108,   7971.9326,-509598.8438,   -931.7045,    553.2983,  26573.1074,
       1,     170,     207,      16,       1,       3,       1,     10.0000,      1.4146,     42.8180,    252.3847,     63.5152,      3.4953,      0.1715,      0.1373,     62.2497,      0.1983,      5.6700,     11.3400,      1.7521,     29.5554,     59.1107,      0.0195,      0.0035,      0.2170,      0.2108,   7971.9326,-477061.7188,   -926.7064,    555.5514,  26573.1055,
       1,     170,     207,      17,       1,       3,       1,     10.0000,      1.4146,     42.8180,    252.3847,     63.5152,      3.4953,      0.1229,      0.0894,     29.3854,      0.1776,      5.6700,     11.3400,      1.5692,     29.5554,     59.1107,      0.0195,      0.0024,      0.1510,      0.2108,   7971.9321,-500413.7812,   -932.3873,    553.9343,  26573.1074,
       1,     170,     207,      18,       1,       3,       1,     10.0000,      1.4146,     42.8180,    252.3847,     63.5152,      3.4953,      0.0459,      0.0129,      4.8502,      0.1625,      5.6700,     11.3400,      1.4357,     29.5554,     59.1107,      0.0195,      0.0013,      0.0440,      0.2108,   7971.9326,-462693.2188,   -923.8777,    556.5485,  26573.1074,
       1,     170,     207,      19,       1,       3,       1,     10.0000,      1.4146,     42.8180,    252.3847,     63.5152,      3.4953,      0.0208,     -0.0121,      0.4333,      0.1573,      5.6700,     11.3400,      1.3903,     29.5554,     59.1107,      0.0195,      0.0006,      0.0088,      0.2108,   7971.9326,-429927.7500,   -912.0404,    558.8342,  26573.1094,
       1,     170,     207,      20,       1,       3,       1,     10.0000,      1.4146,     42.8180,    252.3847,     63.5152,      3.4953,      0.0034,     -0.0294,      0.4254,      0.1548,      5.6700,     11.3400,      1.3681,     29.5554,     59.1107,      0.0195,      0.0003,      0.0156,      0.2109,   7971.9331,-421846.9062,   -910.3635,    559.4034,  26573.1055,
       1,     170,     207,      21,       1,       3,       1,     10.0000,      1.4146,     42.8180,    252.3847,     63.5152,      3.4953,      0.0000,     -0.0323,      0.3448,      0.1425,      5.6700,     11.3400,      1.2595,     29.5554,     59.1107,      0.0195,      0.0003,      0.0156,      0.2109,   7971.9321,-421151.4375,   -910.1315,    559.4523,  26573.1055,
       1,     170,     207,      22,       1,       3,       1,     10.0000,      1.4146,     42.8180,    252.3847,     63.5152,      3.4953,      0.0000,     -0.0323,      0.3420,      0.1415,      5.6700,     11.3400,      1.2506,     29.5554,     59.1107,      0.0195,      0.0003,      0.0156,      0.2109,   7971.9321,-420995.2500,   -910.0871,    559.4632,  26573.1074,
       1,     170,     207,      23,       1,       3,       1,     10.0000,      1.4146,     42.8180,    252.3847,     63.5152,      3.4953,      0.0000,     -0.0321,      0.3322,      0.1380,      5.6700,     11.3400,      1.2194,     29.5554,     59.1107,      0.0195,      0.0003,      0.0156,      0.2109,   7971.9326,-420978.5312,   -910.0836,    559.4644,  26573.1074,
       1,     170,     207,      24,       1,       3,       1,     10.0000,      1.4146,     42.8180,    252.3847,     63.5152,      3.4953,      0.0000,     -0.0319,      0.3164,      0.1322,      5.6700,     11.3400,      1.1685,     29.5554,     59.1107,      0.0195,      0.0002,      0.0156,      0.2109,   7971.9326,-420965.4062,   -910.0812,    559.4653,  26573.1094,
       1,     170,     208,       1,       1,       3,       1,     10.0000,      1.4147,     42.8183,    252.3907,     63.5167,      3.4953,      0.0000,     -0.0319,      0.3164,      0.1322,      5.6694,     11.3389,      1.1685,     29.5454,     59.0907,      0.0195,      0.0002,      0.0156,      0.2109,   7971.9331,-421101.0938,   -910.3673,    559.4692,  26574.2988,
       1,     170,     208,       2,       1,       3,       1,     10.0000,      1.4147,     42.8183,    252.3907,     63.5167,      3.4953,      0.0000,     -0.0319,      0.3135,      0.1312,      5.6694,     11.3389,      1.1590,     29.5454,     59.0907,      0.0195,      0.0002,      0.0156,      0.2109,   7972.2900,-420959.7500,   -910.0880,    559.4789,  26574.2988,
       1,     170,     208,       3,       1,       3,       1,     10.0000,      1.4147,     42.8183,    252.3907,     63.5167,      3.4953,      0.0000,     -0.0318,      0.3124,      0.1308,      5.6694,     11.3389,      1.1555,     29.5454,     59.0907,      0.0195,      0.0002,      0.0156,      0.2109,   7972.2900,-420944.4375,   -910.0770,    559.4800,  26574.3008,
       1,     170,     208,       4,       1,       3,       1,     10.0000,      1.4147,     42.8183,    252.3907,     63.5167,      3.4953,      0.0000,     -0.0318,      0.3110,      0.1302,      5.6694,     11.3389,      1.1508,     29.5454,     59.0907,      0.0195,      0.0002,      0.0156,      0.2109,   7972.2905,-420941.6562,   -910.0776,    559.4802,  26574.3008,
       1,     170,     208,       5,       1,       3,       1,     10.0000,      1.4147,     42.8183,    252.3907,     63.5167,      3.4953,      0.0000,     -0.0318,      0.3084,      0.1293,      5.6694,     11.3389,      1.1427,     29.5454,     59.0907,      0.0195,      0.0002,      0.0156,      0.2109,   7972.2905,-420939.6562,   -910.0791,    559.4804,  26574.3027,
       1,     170,     208,       6,       1,       3,       1,     10.0000,      1.4147,     42.8183,    252.3907,     63.5167,      3.4953,      0.0000,     -0.0318,      0.3095,      0.1297,      5.6694,     11.3389,      1.1461,     29.5454,     59.0907,      0.0195,      0.0002,      0.0156,      0.2109,   7972.2910,-420936.0625,   -910.0794,    559.4807,  26574.3008,
       1,     170,     208,       7,       1,       3,       1,     10.0000,      1.4147,     42.8183,    252.3907,     63.5167,      3.4953,      0.0000,     -0.0319,      0.5158,      0.1310,      5.6694,     11.3389,      1.1579,     29.5454,     59.0907,      0.0195,      0.0004,      0.0156,      0.2109,   7972.2905,-420937.4375,   -910.0818,    559.4806,  26574.3008,
       1,     170,     208,       8,       1,       3,       1,     10.0000,      1.4147,     42.8183,    252.3907,     63.5167,      3.4953,      0.0058,     -0.0261,      0.3699,      0.1318,      5.6694,     11.3389,      1.1649,     29.5454,     59.0907,      0.0195,      0.0003,      0.0156,      0.2109,   7972.2905,-421186.2812,   -910.1519,    559.4631,  26574.3008,
       1,     170,     208,       9,       1,       3,       1,     10.0000,      1.4147,     42.8183,    252.3907,     63.5167,      3.4953,      0.0787,      0.0467,      4.4049,      0.1365,      5.6694,     11.3389,      1.2059,     29.5454,     59.0907,      0.0195,      0.0006,      0.0915,      0.2109,   7972.2905,-421031.3438,   -910.1522,    559.4739,  26574.2988,
       1,     170,     208,      10,       1,       3,       1,     10.0000,      1.4147,     42.8183,    252.3907,     63.5167,      3.4953,      0.1217,      0.0894,     11.0337,      0.1443,      5.6694,     11.3389,      1.2749,     29.5454,     59.0907,      0.0195,      0.0009,      0.1517,      0.2109,   7972.2900,-425884.5625,   -911.3998,    559.1346,  26574.2988,
       1,     170,     208,      11,       1,       3,       1,     10.0000,      1.4147,     42.8183,    252.3907,     63.5167,      3.4953,      0.1336,      0.1009,     21.9339,      0.1551,      5.6694,     11.3389,      1.3709,     29.5454,     59.0907,      0.0195,      0.0016,      0.1673,      0.2109,   7972.2900,-434288.8438,   -913.5298,    558.5473,  26574.3008,
       1,     170,     208,      12,       1,       3,       1,     10.0000,      1.4147,     42.8183,    252.3907,     63.5167,      3.4953,      0.1893,      0.1561,     49.7926,      0.1700,      5.6694,     11.3389,      1.5018,     29.5454,     59.0907,      0.0195,      0.0025,      0.2437,      0.2109,   7972.2905,-448145.9062,   -916.9282,    557.5801,  26574.3008,
       1,     170,     208,      13,       1,       3,       1,     10.0000,      1.4147,     42.8183,    252.3907,     63.5167,      3.4953,      0.1896,      0.1559,     70.1839,      0.1833,      5.6694,     11.3389,      1.6201,     29.5454,     59.0907,      0.0195,      0.0035,      0.2419,      0.2109,   7972.2905,-482925.2812,   -925.0059,    555.1569,  26574.3027,
       1,     170,     208,      14,       1,       3,       1,     10.0000,      1.4147,     42.8183,    252.3907,     63.5167,      3.4953,      0.1797,      0.1456,     74.9649,      0.1956,      5.6694,     11.3389,      1.7280,     29.5454,     59.0907,      0.0195,      0.0040,      0.2273,      0.2108,   7972.2910,-510479.8125,   -931.9246,    553.2500,  26574.3027,
       1,     170,     208,      15,       1,       3,       1,     10.0000,      1.4147,     42.8183,    252.3907,     63.5167,      3.4953,      0.1882,      0.1537,     97.6276,      0.2108,      5.6694,     11.3389,      1.8627,     29.5454,     59.0907,      0.0195,      0.0050,      0.2371,      0.2108,   7972.2910,-518572.4375,   -935.1727,    552.6937,  26574.3008,
       1,     170,     208,      16,       1,       3,       1,     10.0000,      1.4147,     42.8183,    252.3907,     63.5167,      3.4953,      0.1973,      0.1626,    124.8719,      0.2165,      5.6694,     11.3389,      1.9129,     29.5454,     59.0907,      0.0195,      0.0061,      0.2472,      0.2108,   7972.2905,-546620.2500,   -942.4974,    550.7562,  26574.3008,
       1,     170,     208,      17,       1,       3,       1,     10.0000,      1.4147,     42.8183,    252.3907,     63.5167,      3.4953,      0.1805,      0.1463,     78.8014,      0.1991,      5.6694,     11.3389,      1.7591,     29.5454,     59.0907,      0.0195,      0.0042,      0.2280,      0.2108,   7972.2905,-581905.0000,   -951.1708,    548.3304,  26574.3008,
       1,     170,     208,      18,       1,       3,       1,     10.0000,      1.4147,     42.8183,    252.3907,     63.5167,      3.4953,      0.1645,      0.1305,     63.1092,      0.1934,      5.6694,     11.3389,      1.7093,     29.5454,     59.0907,      0.0195,      0.0037,      0.2067,      0.2107,   7972.2905,-529181.3750,   -942.4549,    551.9495,  26574.3008,
       1,     170,     208,      19,       1,       3,       1,     10.0000,      1.4147,     42.8183,    252.3907,     63.5167,      3.4953,      0.0729,      0.0396,     16.8490,      0.1713,      5.6694,     11.3389,      1.5139,     29.5454,     59.0907,      0.0195,      0.0025,      0.0809,      0.2108,   7972.2905,-505832.6875,   -938.8912,    553.5724,  26574.3027,
       1,     170,     208,      20,       1,       3,       1,     10.0000,      1.4147,     42.8183,    252.3907,     63.5167,      3.4953,      0.0110,     -0.0220,      2.6870,      0.1638,      5.6694,     11.3389,      1.4473,     29.5454,     59.0907,      0.0195,      0.0021,      0.0156,      0.2108,   7972.2910,-448005.0625,   -928.2491,    557.5762,  26574.3008,
       1,     170,     208,      21,       1,       3,       1,     10.0000,      1.4147,     42.8183,    252.3907,     63.5167,      3.4953,      0.0000,     -0.0329,      1.9300,      0.1592,      5.6694,     11.3389,      1.4072,     29.5454,     59.0907,      0.0195,      0.0015,      0.0156,      0.2109,   7972.2905,-426099.4688,   -924.2136,    559.1176,  26574.3008,
       1,     170,     208,      22,       1,       3,       1,     10.0000,      1.4147,     42.8183,    252.3907,     63.5167,      3.4953,      0.0000,     -0.0329,      1.5639,      0.1584,      5.6694,     11.3389,      1.4001,     29.5454,     59.0907,      0.0195,      0.0012,      0.0156,      0.2109,   7972.2905,-423329.5312,   -923.7422,    559.3132,  26574.3008,
       1,     170,     208,      23,       1,       3,       1,     10.0000,      1.4147,     42.8183,    252.3907,     63.5167,      3.4953,      0.0000,     -0.0328,      1.1807,      0.1558,      5.6694,     11.3389,      1.3764,     29.5454,     59.0907,      0.0195,      0.0009,      0.0156,      0.2109,   7972.2905,-422652.0625,   -923.6506,    559.3606,  26574.3008,
       1,     170,     208,      24,       1,       3,       1,     10.0000,      1.4147,     42.8183,    252.3907,     63.5167,      3.4953,      0.0000,     -0.0328,      1.0863,      0.1570,      5.6694,     11.3389,      1.3875,     29.5454,     59.0907,      0.0195,      0.0008,      0.0156,      0.2109,   7972.2905,-422132.7188,   -923.5784,    559.3969,  26574.3008,
       1,     170,     209,       1,       1,       3,       1,     10.0000,      1.4147,     42.8187,    252.3966,     63.5182,      3.4953,      0.0000,     -0.0329,      1.3360,      0.1596,      5.6693,     11.3386,      1.4100,     29.5472,     59.0944,      0.0195,      0.0010,      0.0156,      0.2109,   7972.2905,-422130.7188,   -923.8806,    559.4105,  26575.4922,
       1,     170,     209,       2,       1,       3,       1,     10.0000,      1.4147,     42.8187,    252.3966,     63.5182,      3.4953,      0.0000,     -0.0329,      1.0647,      0.1581,      5.6693,     11.3386,      1.3973,     29.5472,     59.0944,      0.0195,      0.0008,      0.0156,      0.2109,   7972.6479,-422278.6875,   -923.6696,    559.4001,  26575.4922,
       1,     170,     209,       3,       1,       3,       1,     10.0000,      1.4147,     42.8187,    252.3966,     63.5182,      3.4953,      0.0000,     -0.0327,      0.7452,      0.1544,      5.6693,     11.3386,      1.3640,     29.5472,     59.0944,      0.0195,      0.0006,      0.0156,      0.2109,   7972.6479,-421963.9375,   -923.6376,    559.4221,  26575.4922,
       1,     170,     209,       4,       1,       3,       1,     10.0000,      1.4147,     42.8187,    252.3966,     63.5182,      3.4953,      0.0000,     -0.0326,      0.3974,      0.1499,      5.6693,     11.3386,      1.3248,     29.5472,     59.0944,      0.0195,      0.0003,      0.0156,      0.2109,   7972.6479,-421552.2812,   -923.5766,    559.4509,  26575.4922,
       1,     170,     209,       5,       1,       3,       1,     10.0000,      1.4147,     42.8187,    252.3966,     63.5182,      3.4953,      0.0000,     -0.0324,      0.3561,      0.1466,      5.6693,     11.3386,      1.2957,     29.5472,     59.0944,      0.0195,      0.0003,      0.0156,      0.2109,   7972.6479,-421098.0938,   -923.4932,    559.4827,  26575.4902,
       1,     170,     209,       6,       1,       3,       1,     10.0000,      1.4147,     42.8187,    252.3966,     63.5182,      3.4953,      0.0000,     -0.0324,      0.3516,      0.1450,      5.6693,     11.3386,      1.2814,     29.5472,     59.0944,      0.0195,      0.0003,      0.0156,      0.2109,   7972.6475,-421010.3750,   -923.4790,    559.4888,  26575.4922,
       1,     170,     209,       7,       1,       3,       1,     10.0000,      1.4147,     42.8187,    252.3966,     63.5182,      3.4953,      0.0000,     -0.0324,      0.3500,      0.1444,      5.6693,     11.3386,      1.2762,     29.5472,     59.0944,      0.0195,      0.0003,      0.0156,      0.2109,   7972.6479,-420997.2500,   -923.4777,    559.4897,  26575.4922,
       1,     170,     209,       8,       1,       3,       1,     10.0000,      1.4147,     42.8187,    252.3966,     63.5182,      3.4953,      0.0078,     -0.0245,      0.3436,      0.1421,      5.6693,     11.3386,      1.2558,     29.5472,     59.0944,      0.0195,      0.0003,      0.0156,      0.2109,   7972.6479,-420994.1250,   -923.4786,    559.4899,  26575.4922,
       1,     170,     209,       9,       1,       3,       1,     10.0000,      1.4147,     42.8187,    252.3966,     63.5182,      3.4953,      0.0425,      0.0102,      1.1787,      0.1437,      5.6693,     11.3386,      1.2698,     29.5472,     59.0944,      0.0195,      0.0004,      0.0402,      0.2109,   7972.6479,-420986.1875,   -923.4854,    559.4905,  26575.4941,
       1,     170,     209,      10,       1,       3,       1,     10.0000,      1.4147,     42.8187,    252.3966,     63.5182,      3.4953,      0.1322,      0.0996,      9.8046,      0.1507,      5.6693,     11.3386,      1.3315,     29.5472,     59.0944,      0.0195,      0.0007,      0.1667,      0.2109,   7972.6484,-421992.3125,   -923.7165,    559.4201,  26575.4922,
       1,     170,     209,      11,       1,       3,       1,     10.0000,      1.4147,     42.8187,    252.3966,     63.5182,      3.4953,      0.1630,      0.1297,     34.2733,      0.1691,      5.6693,     11.3386,      1.4944,     29.5472,     59.0944,      0.0195,      0.0020,      0.2078,      0.2109,   7972.6479,-432479.0000,   -925.8929,    558.6868,  26575.4922,
       1,     170,     209,      12,       1,       3,       1,     10.0000,      1.4147,     42.8187,    252.3966,     63.5182,      3.4953,      0.1920,      0.1583,     60.9230,      0.1861,      5.6693,     11.3386,      1.6444,     29.5472,     59.0944,      0.0195,      0.0030,      0.2465,      0.2109,   7972.6479,-462874.3750,   -932.1042,    556.5645,  26575.4902,
       1,     170,     209,      13,       1,       3,       1,     10.0000,      1.4147,     42.8187,    252.3966,     63.5182,      3.4953,      0.1969,      0.1623,     94.2714,      0.2135,      5.6693,     11.3386,      1.8868,     29.5472,     59.0944,      0.0195,      0.0046,      0.2500,      0.2109,   7972.6475,-497600.4375,   -939.4763,    554.1527,  26575.4902,
       1,     170,     209,      14,       1,       3,       1,     10.0000,      1.4147,     42.8187,    252.3966,     63.5182,      3.4953,      0.1983,      0.1633,    113.6008,      0.2269,      5.6693,     11.3386,      2.0052,     29.5472,     59.0944,      0.0195,      0.0055,      0.2500,      0.2109,   7972.6475,-540789.3125,   -948.0183,    551.1663,  26575.4902,
       1,     170,     209,      15,       1,       3,       1,     10.0000,      1.4147,     42.8187,    252.3966,     63.5182,      3.4953,      0.1982,      0.1634,    112.9788,      0.2221,      5.6693,     11.3386,      1.9624,     29.5472,     59.0944,      0.0195,      0.0055,      0.2500,      0.2108,   7972.6475,-567786.1875,   -954.5068,    549.3143,  26575.4902,
       1,     170,     209,      16,       1,       3,       1,     10.0000,      1.4147,     42.8187,    252.3966,     63.5182,      3.4953,      0.1704,      0.1362,     73.4046,      0.2008,      5.6693,     11.3386,      1.7748,     29.5472,     59.0944,      0.0195,      0.0041,      0.2142,      0.2108,   7972.6475,-569301.2500,   -955.8378,    549.2134,  26575.4922,
       1,     170,     209,      17,       1,       3,       1,     10.0000,      1.4147,     42.8187,    252.3966,     63.5182,      3.4953,      0.1490,      0.1152,     50.4827,      0.1861,      5.6693,     11.3386,      1.6444,     29.5472,     59.0944,      0.0195,      0.0033,      0.1860,      0.2108,   7972.6479,-521594.4062,   -947.2116,    552.4885,  26575.4902,
       1,     170,     209,      18,       1,       3,       1,     10.0000,      1.4147,     42.8187,    252.3966,     63.5182,      3.4953,      0.0266,     -0.0064,      2.3529,      0.1651,      5.6693,     11.3386,      1.4589,     29.5472,     59.0944,      0.0195,      0.0017,      0.0166,      0.2108,   7972.6475,-489940.1875,   -941.4462,    554.6844,  26575.4883,
       1,     170,     209,      19,       1,       3,       1,     10.0000,      1.4147,     42.8187,    252.3966,     63.5182,      3.4953,      0.0099,     -0.0229,      1.3347,      0.1572,      5.6693,     11.3386,      1.3890,     29.5472,     59.0944,      0.0195,      0.0010,      0.0156,      0.2109,   7972.6470,-429187.6875,   -928.8369,    558.9011,  26575.4902,
       1,     170,     209,      20,       1,       3,       1,     10.0000,      1.4147,     42.8187,    252.3966,     63.5182,      3.4953,      0.0043,     -0.0284,      0.7258,      0.1530,      5.6693,     11.3386,      1.3517,     29.5472,     59.0944,      0.0195,      0.0006,      0.0156,      0.2109,   7972.6475,-422891.5625,   -927.6525,    559.3571,  26575.4902,
       1,     170,     209,      21,       1,       3,       1,     10.0000,      1.4147,     42.8187,    252.3966,     63.5182,      3.4953,      0.0000,     -0.0326,      0.4613,      0.1507,      5.6693,     11.3386,      1.3315,     29.5472,     59.0944,      0.0195,      0.0004,      0.0156,      0.2109,   7972.6475,-421607.5625,   -927.4176,    559.4470,  26575.4902,
       1,     170,     209,      22,       1,       3,       1,     10.0000,      1.4147,     42.8187,    252.3966,     63.5182,      3.4953,      0.0000,     -0.0326,      0.5279,      0.1505,      5.6693,     11.3386,      1.3301,     29.5472,     59.0944,      0.0195,      0.0004,      0.0156,      0.2109,   7972.6475,-421180.1875,   -927.3386,    559.4769,  26575.4883,
       1,     170,     209,      23,       1,       3,       1,     10.0000,      1.4147,     42.8187,    252.3966,     63.5182,      3.4953,      0.0000,     -0.0327,      0.6587,      0.1531,      5.6693,     11.3386,      1.3531,     29.5472,     59.0944,      0.0195,      0.0005,      0.0156,      0.2109,   7972.6470,-421224.6562,   -927.3521,    559.4738,  26575.4902,
       1,     170,     209,      24,       1,       3,       1,     10.0000,      1.4147,     42.8187,    252.3966,     63.5182,      3.4953,      0.0000,     -0.0327,      0.5890,      0.1548,      5.6693,     11.3386,      1.3682,     29.5472,     59.0944,      0.0195,      0.0005,      0.0156,      0.2109,   7972.6475,-421386.0000,   -927.3905,    559.4625,  26575.4902,
       1,     170,     210,       1,       1,       3,       1,     10.0000,      1.4147,     42.8190,    252.4026,     63.5197,      3.4953,      0.0000,     -0.0326,      0.6206,      0.1524,      5.6691,     11.3382,      1.3463,     29.5434,     59.0867,      0.0195,      0.0005,      0.0156,      0.2110,   7972.6475,-421471.4062,   -927.6934,    559.4697,  26576.6855,
       1,     170,     210,       2,       1,       3,       1,     10.0000,      1.4147,     42.8190,    252.4026,     63.5197,      3.4953,      0.0000,     -0.0326,      0.5955,      0.1507,      5.6691,     11.3382,      1.3315,     29.5434,     59.0867,      0.0195,      0.0005,      0.0156,      0.2110,   7973.0059,-421363.6250,   -927.4041,    559.4772,  26576.6855,
       1,     170,     210,       3,       1,       3,       1,     10.0000,      1.4147,     42.8190,    252.4026,     63.5197,      3.4953,      0.0000,     -0.0324,      0.3878,      0.1466,      5.6691,     11.3382,      1.2957,     29.5434,     59.0867,      0.0195,      0.0003,      0.0156,      0.2110,   7973.0059,-421324.2188,   -910.1695,    559.4800,  26576.6836,
       1,     170,     210,       4,       1,       3,       1,     10.0000,      1.4147,     42.8190,    252.4026,     63.5197,      3.4953,      0.0000,     -0.0323,      0.3484,      0.1438,      5.6691,     11.3382,      1.2711,     29.5434,     59.0867,      0.0195,      0.0003,      0.0156,      0.2110,   7973.0054,-421070.8438,   -910.1303,    559.4977,  26576.6855,
       1,     170,     210,       5,       1,       3,       1,     10.0000,      1.4147,     42.8190,    252.4026,     63.5197,      3.4953,      0.0000,     -0.0323,      0.3444,      0.1424,      5.6691,     11.3382,      1.2583,     29.5434,     59.0867,      0.0195,      0.0003,      0.0156,      0.2110,   7973.0059,-421001.5312,   -910.1190,    559.5026,  26576.6855,
       1,     170,     210,       6,       1,       3,       1,     10.0000,      1.4147,     42.8190,    252.4026,     63.5197,      3.4953,      0.0000,     -0.0322,      0.3416,      0.1414,      5.6691,     11.3382,      1.2494,     29.5434,     59.0867,      0.0195,      0.0003,      0.0156,      0.2110,   7973.0059,-420990.9062,   -910.1185,    559.5033,  26576.6855,
       1,     170,     210,       7,       1,       3,       1,     10.0000,      1.4147,     42.8190,    252.4026,     63.5197,      3.4953,      0.0000,     -0.0323,      0.3472,      0.1434,      5.6691,     11.3382,      1.2673,     29.5434,     59.0867,      0.0195,      0.0003,      0.0156,      0.2110,   7973.0059,-420986.6562,   -910.1194,    559.5036,  26576.6836,
       1,     170,     210,       8,       1,       3,       1,     10.0000,      1.4147,     42.8190,    252.4026,     63.5197,      3.4953,      0.0083,     -0.0240,      0.3496,      0.1443,      5.6691,     11.3382,      1.2750,     29.5434,     59.0867,      0.0195,      0.0003,      0.0156,      0.2110,   7973.0054,-420993.3438,   -910.1229,    559.5031,  26576.6855,
       1,     170,     210,       9,       1,       3,       1,     10.0000,      1.4147,     42.8190,    252.4026,     63.5197,      3.4953,      0.0755,      0.0428,      2.6700,      0.1525,      5.6691,     11.3382,      1.3477,     29.5434,     59.0867,      0.0195,      0.0004,      0.0867,      0.2110,   7973.0059,-420996.5938,   -910.1550,    559.5029,  26576.6855,
       1,     170,     210,      10,       1,       3,       1,     10.0000,      1.4147,     42.8190,    252.4026,     63.5197,      3.4953,      0.1101,      0.0772,      7.5064,      0.1586,      5.6691,     11.3382,      1.4016,     29.5434,     59.0867,      0.0195,      0.0007,      0.1353,      0.2110,   7973.0059,-423794.4375,   -910.9990,    559.3073,  26576.6855,
       1,     170,     210,      11,       1,       3,       1,     10.0000,      1.4147,     42.8190,    252.4026,     63.5197,      3.4953,      0.1657,      0.1325,     21.7063,      0.1700,      5.6691,     11.3382,      1.5019,     29.5434,     59.0867,      0.0195,      0.0012,      0.2132,      0.2110,   7973.0059,-429861.8750,   -912.5883,    558.8831,  26576.6855,
       1,     170,     210,      12,       1,       3,       1,     10.0000,      1.4147,     42.8190,    252.4026,     63.5197,      3.4953,      0.1714,      0.1377,     37.5237,      0.1826,      5.6691,     11.3382,      1.6137,     29.5434,     59.0867,      0.0195,      0.0021,      0.2195,      0.2110,   7973.0059,-447496.7500,   -916.7993,    557.6512,  26576.6836,
       1,     170,     210,      13,       1,       3,       1,     10.0000,      1.4147,     42.8190,    252.4026,     63.5197,      3.4953,      0.1940,      0.1602,     55.1489,      0.1870,      5.6691,     11.3382,      1.6527,     29.5434,     59.0867,      0.0195,      0.0027,      0.2500,      0.2109,   7973.0054,-468064.5625,   -921.7447,    556.2188,  26576.6836,
       1,     170,     210,      14,       1,       3,       1,     10.0000,      1.4147,     42.8190,    252.4026,     63.5197,      3.4953,      0.1952,      0.1609,     71.7900,      0.2024,      5.6691,     11.3382,      1.7890,     29.5434,     59.0867,      0.0195,      0.0035,      0.2500,      0.2109,   7973.0054,-491064.4688,   -927.5736,    554.6216,  26576.6836,
       1,     170,     210,      15,       1,       3,       1,     10.0000,      1.4147,     42.8190,    252.4026,     63.5197,      3.4953,      0.1961,      0.1616,     84.4473,      0.2112,      5.6691,     11.3382,      1.8665,     29.5434,     59.0867,      0.0195,      0.0041,      0.2500,      0.2109,   7973.0054,-513087.3438,   -933.6073,    553.0970,  26576.6855,
       1,     170,     210,      16,       1,       3,       1,     10.0000,      1.4147,     42.8190,    252.4026,     63.5197,      3.4953,      0.1894,      0.1550,     75.7631,      0.2039,      5.6691,     11.3382,      1.8014,     29.5434,     59.0867,      0.0195,      0.0038,      0.2412,      0.2109,   7973.0059,-530222.6250,   -936.7416,    551.9145,  26576.6875,
       1,     170,     210,      17,       1,       3,       1,     10.0000,      1.4147,     42.8190,    252.4026,     63.5197,      3.4953,      0.1801,      0.1459,     79.0638,      0.2001,      5.6691,     11.3382,      1.7679,     29.5434,     59.0867,      0.0195,      0.0042,      0.2275,      0.2108,   7973.0063,-521174.7188,   -936.7583,    552.5400,  26576.6875,
       1,     170,     210,      18,       1,       3,       1,     10.0000,      1.4147,     42.8190,    252.4026,     63.5197,      3.4953,      0.1675,      0.1333,     64.0787,      0.1989,      5.6691,     11.3382,      1.7574,     29.5434,     59.0867,      0.0195,      0.0037,      0.2110,      0.2109,   7973.0063,-524400.3750,   -938.7814,    552.3175,  26576.6836,
       1,     170,     210,      19,       1,       3,       1,     10.0000,      1.4147,     42.8190,    252.4026,     63.5197,      3.4953,      0.1261,      0.0924,     37.2245,      0.1861,      5.6691,     11.3382,      1.6445,     29.5434,     59.0867,      0.0195,      0.0029,      0.1546,      0.2109,   7973.0054,-506575.8125,   -934.7249,    553.5482,  26576.6855,
       1,     170,     210,      20,       1,       3,       1,     10.0000,      1.4147,     42.8190,    252.4026,     63.5197,      3.4953,      0.0118,     -0.0210,      1.1337,      0.1581,      5.6691,     11.3382,      1.3974,     29.5434,     59.0867,      0.0195,      0.0009,      0.0156,      0.2109,   7973.0059,-472664.0000,   -920.4703,    555.8961,  26576.6035,
       1,     170,     210,      21,       1,       3,       1,     10.0000,      1.4147,     42.8190,    252.4026,     63.5197,      3.4953,      0.0000,     -0.0327,      0.6937,      0.1537,      5.6691,     11.3382,      1.3586,     29.5434,     59.0867,      0.0195,      0.0005,      0.0156,      0.2109,   7972.9814,-426290.4375,   -912.2423,    559.1234,  26576.6855,
       1,     170,     210,      22,       1,       3,       1,     10.0000,      1.4147,     42.8190,    252.4026,     63.5197,      3.4953,      0.0000,     -0.0327,      0.5851,      0.1537,      5.6691,     11.3382,      1.3586,     29.5434,     59.0867,      0.0195,      0.0005,      0.0156,      0.2110,   7973.0059,-421869.1250,   -911.4648,    559.4418,  26576.6836,
       1,     170,     210,      23,       1,       3,       1,     10.0000,      1.4147,     42.8190,    252.4026,     63.5197,      3.4953,      0.0000,     -0.0327,      0.3869,      0.1528,      5.6691,     11.3382,      1.3504,     29.5434,     59.0867,      0.0195,      0.0003,      0.0156,      0.2110,   7973.0054,-421354.7812,   -911.3978,    559.4778,  26576.6836,
       1,     170,     210,      24,       1,       3,       1,     10.0000,      1.4147,     42.8190,    252.4026,     63.5197,      3.4953,      0.0000,     -0.0327,      0.4605,      0.1530,      5.6691,     11.3382,      1.3518,     29.5434,     59.0867,      0.0195,      0.0004,      0.0156,      0.2110,   7973.0054,-421072.3125,   -911.3500,    559.4976,  26576.6855,
       1,     170,     211,       1,       1,       3,       1,     10.0000,      1.4147,     42.8194,    252.4086,     63.5212,      3.4953,      0.0000,     -0.0327,      0.3937,      0.1533,      5.6689,     11.3378,      1.3545,     29.5470,     59.0940,      0.0195,      0.0003,      0.0156,      0.2110,   7973.0059,-421292.7812,   -910.4111,    559.4953,  26577.8770,
       1,     170,     211,       2,       1,       3,       1,     10.0000,      1.4147,     42.8194,    252.4086,     63.5212,      3.4953,      0.0000,     -0.0322,      0.3585,      0.1410,      5.6689,     11.3378,      1.2457,     29.5470,     59.0940,      0.0195,      0.0003,      0.0156,      0.2110,   7973.3633,-421078.1250,   -910.1208,    559.5104,  26577.8789,
       1,     170,     211,       3,       1,       3,       1,     10.0000,      1.4147,     42.8194,    252.4086,     63.5212,      3.4953,      0.0000,     -0.0319,      0.8239,      0.1318,      5.6689,     11.3378,      1.1650,     29.5470,     59.0940,      0.0195,      0.0006,      0.0156,      0.2110,   7973.3638,-421017.3438,   -910.1137,    559.5146,  26577.8789,
       1,     170,     211,       4,       1,       3,       1,     10.0000,      1.4147,     42.8194,    252.4086,     63.5212,      3.4953,      0.0000,     -0.0321,      0.8598,      0.1380,      5.6689,     11.3378,      1.2195,     29.5470,     59.0940,      0.0195,      0.0007,      0.0156,      0.2110,   7973.3638,-421573.3125,   -910.2985,    559.4757,  26577.8789,
       1,     170,     211,       5,       1,       3,       1,     10.0000,      1.4147,     42.8194,    252.4086,     63.5212,      3.4953,      0.0000,     -0.0323,      0.3582,      0.1427,      5.6689,     11.3378,      1.2609,     29.5470,     59.0940,      0.0195,      0.0003,      0.0156,      0.2110,   7973.3638,-421663.4375,   -910.3938,    559.4694,  26577.8809,
       1,     170,     211,       6,       1,       3,       1,     10.0000,      1.4147,     42.8194,    252.4086,     63.5212,      3.4953,      0.0000,     -0.0323,      0.3733,      0.1434,      5.6689,     11.3378,      1.2673,     29.5470,     59.0940,      0.0195,      0.0003,      0.0156,      0.2110,   7973.3647,-421066.2812,   -910.2889,    559.5112,  26577.8809,
       1,     170,     211,       7,       1,       3,       1,     10.0000,      1.4147,     42.8194,    252.4086,     63.5212,      3.4953,      0.0000,     -0.0322,      0.5138,      0.1411,      5.6689,     11.3378,      1.2470,     29.5470,     59.0940,      0.0195,      0.0004,      0.0156,      0.2110,   7973.3647,-421033.9688,   -910.2882,    559.5134,  26577.8789,
       1,     170,     211,       8,       1,       3,       1,     10.0000,      1.4147,     42.8194,    252.4086,     63.5212,      3.4953,      0.0009,     -0.0310,      0.5352,      0.1329,      5.6689,     11.3378,      1.1745,     29.5470,     59.0940,      0.0195,      0.0004,      0.0156,      0.2110,   7973.3638,-421200.9688,   -910.1421,    559.5017,  26577.8789,
       1,     170,     211,       9,       1,       3,       1,     10.0000,      1.4147,     42.8194,    252.4086,     63.5212,      3.4953,      0.0228,     -0.0088,      0.2539,      0.1243,      5.6689,     11.3378,      1.0982,     29.5470,     59.0940,      0.0195,      0.0002,      0.0132,      0.2110,   7973.3638,-421240.7188,   -910.1627,    559.4990,  26577.8789,
       1,     170,     211,      10,       1,       3,       1,     10.0000,      1.4147,     42.8194,    252.4086,     63.5212,      3.4953,      0.0144,     -0.0172,      0.0237,      0.1259,      5.6689,     11.3378,      1.1129,     29.5470,     59.0940,      0.0195,      0.0002,      0.0012,      0.2110,   7973.3638,-420904.9688,   -910.1261,    559.5224,  26577.8770,
       1,     170,     211,      11,       1,       3,       1,     10.0000,      1.4147,     42.8194,    252.4086,     63.5212,      3.4953,      0.0152,     -0.0162,      0.0485,      0.1205,      5.6689,     11.3378,      1.0651,     29.5470,     59.0940,      0.0195,      0.0002,      0.0027,      0.2110,   7973.3633,-420599.3438,   -910.0425,    559.5438,  26577.8789,
       1,     170,     211,      12,       1,       3,       1,     10.0000,      1.4147,     42.8194,    252.4086,     63.5212,      3.4953,      0.0582,      0.0265,      1.2139,      0.1263,      5.6689,     11.3378,      1.1163,     29.5470,     59.0940,      0.0195,      0.0002,      0.0631,      0.2110,   7973.3638,-420603.2188,   -910.0528,    559.5435,  26577.8789,
       1,     170,     211,      13,       1,       3,       1,     10.0000,      1.4147,     42.8194,    252.4086,     63.5212,      3.4953,      0.1473,      0.1154,      3.8330,      0.1322,      5.6689,     11.3378,      1.1686,     29.5470,     59.0940,      0.0195,      0.0002,      0.1889,      0.2110,   7973.3638,-422008.5938,   -910.5692,    559.4453,  26577.8789,
       1,     170,     211,      14,       1,       3,       1,     10.0000,      1.4147,     42.8194,    252.4086,     63.5212,      3.4953,      0.1861,      0.1536,     24.6750,      0.1487,      5.6689,     11.3378,      1.3142,     29.5470,     59.0940,      0.0195,      0.0012,      0.2417,      0.2110,   7973.3638,-425284.5625,   -911.6513,    559.2162,  26577.8770,
       1,     170,     211,      15,       1,       3,       1,     10.0000,      1.4147,     42.8194,    252.4086,     63.5212,      3.4953,      0.1849,      0.1521,     33.3050,      0.1556,      5.6689,     11.3378,      1.3751,     29.5470,     59.0940,      0.0195,      0.0017,      0.2391,      0.2110,   7973.3633,-450688.6875,   -917.4852,    557.4404,  26577.8789,
       1,     170,     211,      16,       1,       3,       1,     10.0000,      1.4147,     42.8194,    252.4086,     63.5212,      3.4953,      0.1700,      0.1370,     35.4565,      0.1607,      5.6689,     11.3378,      1.4200,     29.5470,     59.0940,      0.0195,      0.0020,      0.2176,      0.2110,   7973.3638,-463244.8750,   -921.0618,    556.5683,  26577.8789,
       1,     170,     211,      17,       1,       3,       1,     10.0000,      1.4147,     42.8194,    252.4086,     63.5212,      3.4953,      0.1316,      0.0989,     23.6745,      0.1536,      5.6689,     11.3378,      1.3573,     29.5470,     59.0940,      0.0195,      0.0017,      0.1643,      0.2109,   7973.3638,-466895.5312,   -922.7747,    556.3150,  26577.8789,
       1,     170,     211,      18,       1,       3,       1,     10.0000,      1.4147,     42.8194,    252.4086,     63.5212,      3.4953,      0.1105,      0.0779,     18.1677,      0.1533,      5.6689,     11.3378,      1.3545,     29.5470,     59.0940,      0.0195,      0.0016,      0.1349,      0.2109,   7973.3638,-452988.5938,   -916.6635,    557.2822,  26577.8789,
       1,     170,     211,      19,       1,       3,       1,     10.0000,      1.4147,     42.8194,    252.4086,     63.5212,      3.4953,      0.0615,      0.0293,      3.5357,      0.1408,      5.6689,     11.3378,      1.2444,     29.5470,     59.0940,      0.0195,      0.0006,      0.0671,      0.2110,   7973.3638,-445179.3125,   -915.9301,    557.8270,  26577.8770,
       1,     170,     211,      20,       1,       3,       1,     10.0000,      1.4147,     42.8194,    252.4086,     63.5212,      3.4953,      0.0177,     -0.0144,      0.3027,      0.1390,      5.6689,     11.3378,      1.2282,     29.5470,     59.0940,      0.0195,      0.0007,      0.0053,      0.2110,   7973.3633,-426876.2500,   -912.8788,    559.1035,  26577.8789,
       1,     170,     211,      21,       1,       3,       1,     10.0000,      1.4147,     42.8194,    252.4086,     63.5212,      3.4953,      0.0000,     -0.0322,      0.7758,      0.1391,      5.6689,     11.3378,      1.2294,     29.5470,     59.0940,      0.0195,      0.0006,      0.0156,      0.2110,   7973.3638,-421440.4375,   -912.0057,    559.4849,  26577.8789,
       1,     170,     211,      22,       1,       3,       1,     10.0000,      1.4147,     42.8194,    252.4086,     63.5212,      3.4953,      0.0000,     -0.0322,      0.7112,      0.1390,      5.6689,     11.3378,      1.2282,     29.5470,     59.0940,      0.0195,      0.0006,      0.0156,      0.2110,   7973.3638,-421551.1250,   -912.0798,    559.4773,  26577.8789,
       1,     170,     211,      23,       1,       3,       1,     10.0000,      1.4147,     42.8194,    252.4086,     63.5212,      3.4953,      0.0000,     -0.0320,      0.5786,      0.1358,      5.6689,     11.3378,      1.1999,     29.5470,     59.0940,      0.0195,      0.0004,      0.0156,      0.2110,   7973.3638,-421482.3438,   -912.1088,    559.4821,  26577.8789,
       1,     170,     211,      24,       1,       3,       1,     10.0000,      1.4147,     42.8194,    252.4086,     63.5212,      3.4953,      0.0000,     -0.0319,      0.3935,      0.1314,      5.6689,     11.3378,      1.1615,     29.5470,     59.0940,      0.0195,      0.0003,      0.0156,      0.2110,   7973.3638,-421316.8125,   -912.1104,    559.4937,  26577.8789,
       1,     170,     212,       1,       1,       3,       1,     10.0000,      1.4148,     42.8197,    252.4145,     63.5228,      3.4953,      0.0000,     -0.0319,      0.5442,      0.1333,      5.6704,     11.3408,      1.1782,     29.5347,     59.0694,      0.0195,      0.0004,      0.0156,      0.2110,   7973.3638,-421235.6562,   -912.3696,    559.5128,  26579.0703,
       1,     170,     212,       2,       1,       3,       1,     10.0000,      1.4148,     42.8197,    252.4145,     63.5228,      3.4953,      0.0000,     -0.0320,      0.7326,      0.1352,      5.6704,     11.3408,      1.1950,     29.5347,     59.0694,      0.0195,      0.0006,      0.0156,      0.2110,   7973.7212,-421257.4062,   -912.1437,    559.5112,  26579.0703,
       1,     170,     212,       3,       1,       3,       1,     10.0000,      1.4148,     42.8197,    252.4145,     63.5228,      3.4953,      0.0000,     -0.0320,      0.8187,      0.1348,      5.6704,     11.3408,      1.1914,     29.5347,     59.0694,      0.0195,      0.0006,      0.0156,      0.2110,   7973.7212,-421486.3750,   -912.2261,    559.4952,  26579.0703,
       1,     170,     212,       4,       1,       3,       1,     10.0000,      1.4148,     42.8197,    252.4145,     63.5228,      3.4953,      0.0000,     -0.0320,      0.4538,      0.1347,      5.6704,     11.3408,      1.1902,     29.5347,     59.0694,      0.0195,      0.0004,      0.0156,      0.2110,   7973.7212,-421609.5625,   -912.3000,    559.4866,  26579.0684,
       1,     170,     212,       5,       1,       3,       1,     10.0000,      1.4148,     42.8197,    252.4145,     63.5228,      3.4953,      0.0000,     -0.0322,      0.6886,      0.1397,      5.6704,     11.3408,      1.2344,     29.5347,     59.0694,      0.0195,      0.0005,      0.0156,      0.2110,   7973.7207,-421180.1875,   -912.2382,    559.5166,  26579.0703,
       1,     170,     212,       6,       1,       3,       1,     10.0000,      1.4148,     42.8197,    252.4145,     63.5228,      3.4953,      0.0000,     -0.0322,      0.3801,      0.1396,      5.6704,     11.3408,      1.2332,     29.5347,     59.0694,      0.0195,      0.0003,      0.0156,      0.2110,   7973.7212,-421426.8438,   -912.3298,    559.4993,  26579.0703,
       1,     170,     212,       7,       1,       3,       1,     10.0000,      1.4148,     42.8197,    252.4145,     63.5228,      3.4953,      0.0000,     -0.0322,      0.4590,      0.1401,      5.6704,     11.3408,      1.2382,     29.5347,     59.0694,      0.0195,      0.0004,      0.0156,      0.2110,   7973.7212,-421075.8750,   -912.2726,    559.5239,  26579.0703,
       1,     170,     212,       8,       1,       3,       1,     10.0000,      1.4148,     42.8197,    252.4145,     63.5228,      3.4953,      0.0058,     -0.0265,      0.7909,      0.1424,      5.6704,     11.3408,      1.2584,     29.5347,     59.0694,      0.0195,      0.0006,      0.0156,      0.2110,   7973.7212,-421141.2500,   -910.1238,    559.5193,  26579.0723,
       1,     170,     212,       9,       1,       3,       1,     10.0000,      1.4148,     42.8197,    252.4145,     63.5228,      3.4953,      0.0303,     -0.0019,      1.1235,      0.1403,      5.6704,     11.3408,      1.2394,     29.5347,     59.0694,      0.0195,      0.0006,      0.0230,      0.2110,   7973.7222,-421546.6875,   -910.2716,    559.4910,  26579.0723,
       1,     170,     212,      10,       1,       3,       1,     10.0000,      1.4148,     42.8197,    252.4145,     63.5228,      3.4953,      0.1206,      0.0880,     12.3364,      0.1505,      5.6704,     11.3408,      1.3302,     29.5347,     59.0694,      0.0195,      0.0010,      0.1498,      0.2110,   7973.7222,-421981.7500,   -910.4929,    559.4606,  26579.0684,
       1,     170,     212,      11,       1,       3,       1,     10.0000,      1.4148,     42.8197,    252.4145,     63.5228,      3.4953,      0.1500,      0.1167,     30.0166,      0.1710,      5.6704,     11.3408,      1.5110,     29.5347,     59.0694,      0.0195,      0.0019,      0.1897,      0.2110,   7973.7207,-435535.1562,   -913.6167,    558.5127,  26579.0703,
       1,     170,     212,      12,       1,       3,       1,     10.0000,      1.4148,     42.8197,    252.4145,     63.5228,      3.4953,      0.1805,      0.1467,     49.9348,      0.1874,      5.6704,     11.3408,      1.6560,     29.5347,     59.0694,      0.0195,      0.0026,      0.2312,      0.2110,   7973.7212,-457995.9062,   -918.8662,    556.9454,  26579.0703,
       1,     170,     212,      13,       1,       3,       1,     10.0000,      1.4148,     42.8197,    252.4145,     63.5228,      3.4953,      0.1685,      0.1348,     45.5194,      0.1850,      5.6704,     11.3408,      1.6348,     29.5347,     59.0694,      0.0195,      0.0026,      0.2145,      0.2110,   7973.7212,-483914.7188,   -923.5129,    555.1432,  26579.0703,
       1,     170,     212,      14,       1,       3,       1,     10.0000,      1.4148,     42.8197,    252.4145,     63.5228,      3.4953,      0.1921,      0.1586,     30.0827,      0.1776,      5.6704,     11.3408,      1.5694,     29.5347,     59.0694,      0.0195,      0.0015,      0.2500,      0.2110,   7973.7212,-480772.7188,   -922.4159,    555.3641,  26579.0723,
       1,     170,     212,      15,       1,       3,       1,     10.0000,      1.4148,     42.8197,    252.4145,     63.5228,      3.4953,      0.1947,      0.1604,     65.7654,      0.2047,      5.6704,     11.3408,      1.8086,     29.5347,     59.0694,      0.0195,      0.0032,      0.2500,      0.2110,   7973.7222,-461881.1875,   -920.7146,    556.6756,  26579.0703,
       1,     170,     212,      16,       1,       3,       1,     10.0000,      1.4148,     42.8197,    252.4145,     63.5228,      3.4953,      0.1957,      0.1613,     79.2784,      0.2090,      5.6704,     11.3408,      1.8464,     29.5347,     59.0694,      0.0195,      0.0038,      0.2500,      0.2110,   7973.7212,-503335.7812,   -928.1671,    553.7926,  26579.0703,
       1,     170,     212,      17,       1,       3,       1,     10.0000,      1.4148,     42.8197,    252.4145,     63.5228,      3.4953,      0.1359,      0.1024,     37.5743,      0.1778,      5.6704,     11.3408,      1.5710,     29.5347,     59.0694,      0.0195,      0.0027,      0.1687,      0.2109,   7973.7212,-523149.3750,   -934.3137,    552.4285,  26579.0703,
       1,     170,     212,      18,       1,       3,       1,     10.0000,      1.4148,     42.8197,    252.4145,     63.5228,      3.4953,      0.0221,     -0.0106,      1.1672,      0.1547,      5.6704,     11.3408,      1.3669,     29.5347,     59.0694,      0.0195,      0.0013,      0.0108,      0.2109,   7973.7212,-474461.1562,   -920.7961,    555.7923,  26578.9844,
       1,     170,     212,      19,       1,       3,       1,     10.0000,      1.4148,     42.8197,    252.4145,     63.5228,      3.4953,      0.0522,      0.0199,      2.6404,      0.1437,      5.6704,     11.3408,      1.2699,     29.5347,     59.0694,      0.0195,      0.0006,      0.0538,      0.2110,   7973.6958,-426492.2812,   -911.3474,    559.1351,  26579.0703,
       1,     170,     212,      20,       1,       3,       1,     10.0000,      1.4148,     42.8197,    252.4145,     63.5228,      3.4953,      0.0293,     -0.0031,      1.3173,      0.1439,      5.6704,     11.3408,      1.2712,     29.5347,     59.0694,      0.0195,      0.0007,      0.0214,      0.2110,   7973.7212,-424239.5000,   -911.1332,    559.3027,  26579.0703,
       1,     170,     212,      21,       1,       3,       1,     10.0000,      1.4148,     42.8197,    252.4145,     63.5228,      3.4953,      0.0000,     -0.0324,      1.1807,      0.1446,      5.6704,     11.3408,      1.2776,     29.5347,     59.0694,      0.0195,      0.0009,      0.0156,      0.2110,   7973.7212,-422442.5938,   -910.9757,    559.4283,  26579.0703,
       1,     170,     212,      22,       1,       3,       1,     10.0000,      1.4148,     42.8197,    252.4145,     63.5228,      3.4953,      0.0000,     -0.0323,      0.7923,      0.1427,      5.6704,     11.3408,      1.2609,     29.5347,     59.0694,      0.0195,      0.0006,      0.0156,      0.2110,   7973.7212,-422126.5000,   -911.0335,    559.4504,  26579.0703,
       1,     170,     212,      23,       1,       3,       1,     10.0000,      1.4148,     42.8197,    252.4145,     63.5228,      3.4953,      0.0000,     -0.0324,      0.6426,      0.1456,      5.6704,     11.3408,      1.2867,     29.5347,     59.0694,      0.0195,      0.0005,      0.0156,      0.2110,   7973.7212,-421631.5938,   -911.0065,    559.4851,  26579.0703,
       1,     170,     212,      24,       1,       3,       1,     10.0000,      1.4148,     42.8197,    252.4145,     63.5228,      3.4953,      0.0000,     -0.0324,      0.6118,      0.1465,      5.6704,     11.3408,      1.2945,     29.5347,     59.0694,      0.0195,      0.0005,      0.0156,      0.2110,   7973.7212,-421409.3750,   -911.0091,    559.5005,  26579.0723,
       1,     170,     213,       1,       1,       3,       1,     10.0000,      1.4148,     42.8200,    252.4205,     63.5242,      3.4953,      0.0000,     -0.0324,      0.5258,      0.1461,      5.6698,     11.3395,      1.2906,     29.5307,     59.0614,      0.0195,      0.0004,      0.0156,      0.2110,   7973.7222,-421509.5625,   -911.3255,    559.5068,  26580.2656,
       1,     170,     213,       2,       1,       3,       1,     10.0000,      1.4148,     42.8200,    252.4205,     63.5242,      3.4953,      0.0000,     -0.0324,      0.3898,      0.1446,      5.6698,     11.3395,      1.2776,     29.5307,     59.0614,      0.0195,      0.0003,      0.0156,      0.2110,   7974.0801,-421261.3438,   -911.0484,    559.5242,  26580.2656,
       1,     170,     213,       3,       1,       3,       1,     10.0000,      1.4148,     42.8200,    252.4205,     63.5242,      3.4953,      0.0000,     -0.0322,      0.3377,      0.1400,      5.6698,     11.3395,      1.2370,     29.5307,     59.0614,      0.0195,      0.0003,      0.0156,      0.2110,   7974.0801,-421076.3438,   -911.0218,    559.5371,  26580.2656,
       1,     170,     213,       4,       1,       3,       1,     10.0000,      1.4148,     42.8200,    252.4205,     63.5242,      3.4953,      0.0000,     -0.0320,      0.3258,      0.1357,      5.6698,     11.3395,      1.1987,     29.5307,     59.0614,      0.0195,      0.0003,      0.0156,      0.2110,   7974.0801,-420998.1562,   -911.0093,    559.5427,  26580.2656,
       1,     170,     213,       5,       1,       3,       1,     10.0000,      1.4148,     42.8200,    252.4205,     63.5242,      3.4953,      0.0000,     -0.0319,      0.3202,      0.1336,      5.6698,     11.3395,      1.1806,     29.5307,     59.0614,      0.0195,      0.0002,      0.0156,      0.2110,   7974.0801,-420977.1250,   -911.0070,    559.5441,  26580.2656,
       1,     170,     213,       6,       1,       3,       1,     10.0000,      1.4148,     42.8200,    252.4205,     63.5242,      3.4953,      0.0000,     -0.0320,      0.3235,      0.1348,      5.6698,     11.3395,      1.1914,     29.5307,     59.0614,      0.0195,      0.0003,      0.0156,      0.2110,   7974.0801,-420968.5312,   -911.0071,    559.5447,  26580.2676,
       1,     170,     213,       7,       1,       3,       1,     10.0000,      1.4148,     42.8200,    252.4205,     63.5242,      3.4953,      0.0000,     -0.0319,      0.3202,      0.1336,      5.6698,     11.3395,      1.1806,     29.5307,     59.0614,      0.0195,      0.0002,      0.0156,      0.2110,   7974.0806,-420971.8125,   -911.0089,    559.5445,  26580.2656,
       1,     170,     213,       8,       1,       3,       1,     10.0000,      1.4148,     42.8200,    252.4205,     63.5242,      3.4953,      0.0140,     -0.0180,      0.0036,      0.1354,      5.6698,     11.3395,      1.1963,     29.5307,     59.0614,      0.0195,      0.0003,      0.0001,      0.2110,   7974.0801,-420968.0938,   -911.0101,    559.5447,  26580.2676,
       1,     170,     213,       9,       1,       3,       1,     10.0000,      1.4148,     42.8200,    252.4205,     63.5242,      3.4953,      0.1108,      0.0781,     12.5845,      0.1533,      5.6698,     11.3395,      1.3546,     29.5307,     59.0614,      0.0195,      0.0011,      0.1358,      0.2110,   7974.0806,-420586.1562,   -910.9974,    559.5715,  26580.2676,
       1,     170,     213,      10,       1,       3,       1,     10.0000,      1.4148,     42.8200,    252.4205,     63.5242,      3.4953,      0.1684,      0.1348,     46.1980,      0.1803,      5.6698,     11.3395,      1.5931,     29.5307,     59.0614,      0.0195,      0.0026,      0.2142,      0.2110,   7974.0806,-435717.0625,   -914.3968,    558.5131,  26580.2656,
       1,     170,     213,      11,       1,       3,       1,     10.0000,      1.4148,     42.8200,    252.4205,     63.5242,      3.4953,      0.1909,      0.1572,     58.9585,      0.1863,      5.6698,     11.3395,      1.6462,     29.5307,     59.0614,      0.0195,      0.0029,      0.2452,      0.2110,   7974.0801,-477517.0938,   -923.4921,    555.5958,  26580.2637,
       1,     170,     213,      12,       1,       3,       1,     10.0000,      1.4148,     42.8200,    252.4205,     63.5242,      3.4953,      0.1938,      0.1596,     81.5696,      0.1999,      5.6698,     11.3395,      1.7662,     29.5307,     59.0614,      0.0195,      0.0040,      0.2468,      0.2110,   7974.0796,-496448.1250,   -928.8334,    554.2886,  26580.2656,
       1,     170,     213,      13,       1,       3,       1,     10.0000,      1.4148,     42.8200,    252.4205,     63.5242,      3.4953,      0.1980,      0.1635,    109.2533,      0.2133,      5.6698,     11.3395,      1.8851,     29.5307,     59.0614,      0.0195,      0.0053,      0.2500,      0.2110,   7974.0801,-525317.0000,   -936.1325,    552.2900,  26580.2656,
       1,     170,     213,      14,       1,       3,       1,     10.0000,      1.4148,     42.8200,    252.4205,     63.5242,      3.4953,      0.1455,      0.1117,     48.3017,      0.1861,      5.6698,     11.3395,      1.6446,     29.5307,     59.0614,      0.0195,      0.0032,      0.1812,      0.2109,   7974.0801,-561168.8750,   -942.9883,    549.8185,  26580.2656,
       1,     170,     213,      15,       1,       3,       1,     10.0000,      1.4148,     42.8200,    252.4205,     63.5242,      3.4953,      0.0329,      0.0005,      1.9950,      0.1453,      5.6698,     11.3395,      1.2841,     29.5307,     59.0614,      0.0195,      0.0009,      0.0264,      0.2109,   7974.0801,-490569.2188,   -930.9052,    554.6762,  26580.2656,
       1,     170,     213,      16,       1,       3,       1,     10.0000,      1.4148,     42.8200,    252.4205,     63.5242,      3.4953,      0.0907,      0.0585,      4.8197,      0.1410,      5.6698,     11.3395,      1.2457,     29.5307,     59.0614,      0.0195,      0.0005,      0.1083,      0.2110,   7974.0801,-428837.0000,   -917.4119,    558.9779,  26580.2637,
       1,     170,     213,      17,       1,       3,       1,     10.0000,      1.4148,     42.8200,    252.4205,     63.5242,      3.4953,      0.1057,      0.0734,      7.6486,      0.1413,      5.6698,     11.3395,      1.2483,     29.5307,     59.0614,      0.0195,      0.0007,      0.1293,      0.2110,   7974.0796,-427074.5938,   -917.2879,    559.1177,  26580.2656,
       1,     170,     213,      18,       1,       3,       1,     10.0000,      1.4148,     42.8200,    252.4205,     63.5242,      3.4953,      0.1399,      0.1074,     17.6486,      0.1466,      5.6698,     11.3395,      1.2958,     29.5307,     59.0614,      0.0195,      0.0012,      0.1767,      0.2110,   7974.0801,-430315.7500,   -918.1552,    558.8912,  26580.2637,
       1,     170,     213,      19,       1,       3,       1,     10.0000,      1.4148,     42.8200,    252.4205,     63.5242,      3.4953,      0.1196,      0.0870,     16.8402,      0.1490,      5.6698,     11.3395,      1.3169,     29.5307,     59.0614,      0.0195,      0.0014,      0.1479,      0.2110,   7974.0796,-442643.5000,   -920.9305,    558.0301,  26580.2656,
       1,     170,     213,      20,       1,       3,       1,     10.0000,      1.4148,     42.8200,    252.4205,     63.5242,      3.4953,      0.0240,     -0.0084,      1.3331,      0.1449,      5.6698,     11.3395,      1.2802,     29.5307,     59.0614,      0.0195,      0.0012,      0.0138,      0.2110,   7974.0801,-442708.7188,   -921.3821,    558.0262,  26580.2676,
       1,     170,     213,      21,       1,       3,       1,     10.0000,      1.4148,     42.8200,    252.4205,     63.5242,      3.4953,      0.0000,     -0.0321,      0.9513,      0.1384,      5.6698,     11.3395,      1.2232,     29.5307,     59.0614,      0.0195,      0.0007,      0.0156,      0.2110,   7974.0806,-424017.1875,   -918.0734,    559.3300,  26580.2656,
       1,     170,     213,      22,       1,       3,       1,     10.0000,      1.4148,     42.8200,    252.4205,     63.5242,      3.4953,      0.0000,     -0.0321,      1.0756,      0.1379,      5.6698,     11.3395,      1.2183,     29.5307,     59.0614,      0.0195,      0.0008,      0.0156,      0.2110,   7974.0801,-421987.3438,   -917.7515,    559.4734,  26580.2656,
       1,     170,     213,      23,       1,       3,       1,     10.0000,      1.4148,     42.8200,    252.4205,     63.5242,      3.4953,      0.0000,     -0.0321,      0.8879,      0.1370,      5.6698,     11.3395,      1.2109,     29.5307,     59.0614,      0.0195,      0.0007,      0.0156,      0.2110,   7974.0801,-421964.2500,   -917.8167,    559.4750,  26580.2656,
       1,     170,     213,      24,       1,       3,       1,     10.0000,      1.4148,     42.8200,    252.4205,     63.5242,      3.4953,      0.0000,     -0.0320,      1.0448,      0.1357,      5.6698,     11.3395,      1.1987,     29.5307,     59.0614,      0.0195,      0.0008,      0.0156,      0.2110,   7974.0801,-421736.1562,   -917.8279,    559.4910,  26580.2656,
       1,     170,     214,       1,       1,       3,       1,     10.0000,      1.4148,     42.8204,    252.4265,     63.5258,      3.4953,      0.0000,     -0.0318,      0.7525,      0.1299,      5.6702,     11.3403,      1.1475,     29.5283,     59.0567,      0.0195,      0.0006,      0.0156,      0.2111,   7974.0801,-422061.8750,   -918.2282,    559.4815,  26581.4590,
       1,     170,     214,       2,       1,       3,       1,     10.0000,      1.4148,     42.8204,    252.4265,     63.5258,      3.4953,      0.0000,     -0.0318,      0.9317,      0.1303,      5.6702,     11.3403,      1.1510,     29.5283,     59.0567,      0.0195,      0.0007,      0.0156,      0.2111,   7974.4380,-421584.0625,   -917.9129,    559.5150,  26581.4609,
       1,     170,     214,       3,       1,       3,       1,     10.0000,      1.4148,     42.8204,    252.4265,     63.5258,      3.4953,      0.0000,     -0.0318,      0.4588,      0.1288,      5.6702,     11.3403,      1.1382,     29.5283,     59.0567,      0.0195,      0.0004,      0.0156,      0.2111,   7974.4385,-421759.4062,   -917.9907,    559.5027,  26581.4590,
       1,     170,     214,       4,       1,       3,       1,     10.0000,      1.4148,     42.8204,    252.4265,     63.5258,      3.4953,      0.0000,     -0.0318,      0.3099,      0.1299,      5.6702,     11.3403,      1.1475,     29.5283,     59.0567,      0.0195,      0.0002,      0.0156,      0.2111,   7974.4380,-421204.5312,   -917.8991,    559.5414,  26581.4609,
       1,     170,     214,       5,       1,       3,       1,     10.0000,      1.4148,     42.8204,    252.4265,     63.5258,      3.4953,      0.0000,     -0.0317,      0.3537,      0.1280,      5.6702,     11.3403,      1.1312,     29.5283,     59.0567,      0.0195,      0.0003,      0.0156,      0.2111,   7974.4385,-420978.0938,   -917.8578,    559.5573,  26581.4570,
       1,     170,     214,       6,       1,       3,       1,     10.0000,      1.4148,     42.8204,    252.4265,     63.5258,      3.4953,      0.0000,     -0.0318,      0.5655,      0.1292,      5.6702,     11.3403,      1.1417,     29.5283,     59.0567,      0.0195,      0.0004,      0.0156,      0.2111,   7974.4375,-421012.2812,   -917.8699,    559.5549,  26581.4609,
       1,     170,     214,       7,       1,       3,       1,     10.0000,      1.4148,     42.8204,    252.4265,     63.5258,      3.4953,      0.0000,     -0.0317,      0.3915,      0.1284,      5.6702,     11.3403,      1.1347,     29.5283,     59.0567,      0.0195,      0.0003,      0.0156,      0.2111,   7974.4385,-421269.9062,   -917.9319,    559.5369,  26581.4590,
       1,     170,     214,       8,       1,       3,       1,     10.0000,      1.4148,     42.8204,    252.4265,     63.5258,      3.4953,      0.0110,     -0.0208,      0.3078,      0.1291,      5.6702,     11.3403,      1.1405,     29.5283,     59.0567,      0.0195,      0.0002,      0.0156,      0.2111,   7974.4380,-421082.1875,   -917.9061,    559.5500,  26581.4590,
       1,     170,     214,       9,       1,       3,       1,     10.0000,      1.4148,     42.8204,    252.4265,     63.5258,      3.4953,      0.0950,      0.0629,      3.7436,      0.1362,      5.6702,     11.3403,      1.2036,     29.5283,     59.0567,      0.0195,      0.0004,      0.1146,      0.2111,   7974.4380,-420965.5625,   -917.9088,    559.5582,  26581.4590,
       1,     170,     214,      10,       1,       3,       1,     10.0000,      1.4148,     42.8204,    252.4265,     63.5258,      3.4953,      0.1580,      0.1252,     25.8500,      0.1563,      5.6702,     11.3403,      1.3808,     29.5283,     59.0567,      0.0195,      0.0015,      0.2016,      0.2111,   7974.4380,-425096.2812,   -918.9221,    559.2693,  26581.4590,
       1,     170,     214,      11,       1,       3,       1,     10.0000,      1.4148,     42.8204,    252.4265,     63.5258,      3.4953,      0.1947,      0.1612,     62.2955,      0.1776,      5.6702,     11.3403,      1.5695,     29.5283,     59.0567,      0.0195,      0.0030,      0.2500,      0.2111,   7974.4380,-452087.1875,   -924.7015,    557.3824,  26581.4590,
       1,     170,     214,      12,       1,       3,       1,     10.0000,      1.4148,     42.8204,    252.4265,     63.5258,      3.4953,      0.1971,      0.1630,     95.6675,      0.1977,      5.6702,     11.3403,      1.7472,     29.5283,     59.0567,      0.0195,      0.0046,      0.2500,      0.2110,   7974.4380,-498310.4688,   -934.7378,    554.1651,  26581.4609,
       1,     170,     214,      13,       1,       3,       1,     10.0000,      1.4148,     42.8204,    252.4265,     63.5258,      3.4953,      0.1993,      0.1645,    126.5060,      0.2212,      5.6702,     11.3403,      1.9550,     29.5283,     59.0567,      0.0195,      0.0061,      0.2500,      0.2110,   7974.4385,-542483.3750,   -944.8799,    551.1145,  26581.4570,
       1,     170,     214,      14,       1,       3,       1,     10.0000,      1.4148,     42.8204,    252.4265,     63.5258,      3.4953,      0.1977,      0.1622,    154.6314,      0.2433,      5.6702,     11.3403,      2.1497,     29.5283,     59.0567,      0.0195,      0.0076,      0.2447,      0.2109,   7974.4375,-583440.2500,   -954.6010,    548.3015,  26581.4570,
       1,     170,     214,      15,       1,       3,       1,     10.0000,      1.4148,     42.8204,    252.4265,     63.5258,      3.4953,      0.1935,      0.1577,    171.6969,      0.2612,      5.6702,     11.3403,      2.3080,     29.5283,     59.0567,      0.0195,      0.0087,      0.2370,      0.2109,   7974.4375,-620871.8125,   -963.7256,    545.7431,  26581.4570,
       1,     170,     214,      16,       1,       3,       1,     10.0000,      1.4148,     42.8204,    252.4265,     63.5258,      3.4953,      0.1920,      0.1563,    160.3308,      0.2537,      5.6702,     11.3403,      2.2417,     29.5283,     59.0567,      0.0195,      0.0082,      0.2360,      0.2108,   7974.4375,-644659.6250,   -970.1360,    544.1263,  26581.4570,
       1,     170,     214,      17,       1,       3,       1,     10.0000,      1.4148,     42.8204,    252.4265,     63.5258,      3.4953,      0.1740,      0.1393,     82.2905,      0.2161,      5.6702,     11.3403,      1.9094,     29.5283,     59.0567,      0.0195,      0.0046,      0.2184,      0.2108,   7974.4375,-632914.0625,   -969.3167,    544.9276,  26581.4551,
       1,     170,     214,      18,       1,       3,       1,     10.0000,      1.4148,     42.8204,    252.4265,     63.5258,      3.4953,      0.1651,      0.1309,     68.0711,      0.1995,      5.6702,     11.3403,      1.7628,     29.5283,     59.0567,      0.0195,      0.0040,      0.2071,      0.2108,   7974.4370,-537553.9375,   -951.4908,    551.4237,  26581.4570,
       1,     170,     214,      19,       1,       3,       1,     10.0000,      1.4148,     42.8204,    252.4265,     63.5258,      3.4953,      0.1297,      0.0955,     54.5382,      0.1977,      5.6702,     11.3403,      1.7472,     29.5283,     59.0567,      0.0195,      0.0042,      0.1576,      0.2109,   7974.4375,-512513.7500,   -947.0826,    553.1886,  26581.4551,
       1,     170,     214,      20,       1,       3,       1,     10.0000,      1.4148,     42.8204,    252.4265,     63.5258,      3.4953,      0.0191,     -0.0144,      1.3701,      0.1781,      5.6702,     11.3403,      1.5742,     29.5283,     59.0567,      0.0195,      0.0031,      0.0054,      0.2110,   7974.4370,-494043.0625,   -943.8096,    554.4687,  26581.4570,
       1,     170,     214,      21,       1,       3,       1,     10.0000,      1.4148,     42.8204,    252.4265,     63.5258,      3.4953,      0.0000,     -0.0331,      3.1632,      0.1664,      5.6702,     11.3403,      1.4708,     29.5283,     59.0567,      0.0195,      0.0024,      0.0156,      0.2110,   7974.4375,-428349.7188,   -930.9634,    559.0232,  26581.4570,
       1,     170,     214,      22,       1,       3,       1,     10.0000,      1.4148,     42.8204,    252.4265,     63.5258,      3.4953,      0.0000,     -0.0329,      2.4877,      0.1609,      5.6702,     11.3403,      1.4216,     29.5283,     59.0567,      0.0195,      0.0019,      0.0156,      0.2111,   7974.4375,-425041.9062,   -930.3313,    559.2731,  26581.4551,
       1,     170,     214,      23,       1,       3,       1,     10.0000,      1.4148,     42.8204,    252.4265,     63.5258,      3.4953,      0.0000,     -0.0329,      2.0177,      0.1597,      5.6702,     11.3403,      1.4116,     29.5283,     59.0567,      0.0195,      0.0016,      0.0156,      0.2111,   7974.4370,-423926.7812,   -930.1257,    559.3511,  26581.4531,
       1,     170,     214,      24,       1,       3,       1,     10.0000,      1.4148,     42.8204,    252.4265,     63.5258,      3.4953,      0.0000,     -0.0328,      1.3349,      0.1572,      5.6702,     11.3403,      1.3891,     29.5283,     59.0567,      0.0195,      0.0010,      0.0156,      0.2111,   7974.4360,-423266.5312,   -930.0065,    559.3973,  26581.4531,
       1,     170,     215,       1,       1,       3,       1,     10.0000,      1.4148,     42.8207,    252.4324,     63.5272,      3.4953,      0.0000,     -0.0326,      0.7023,      0.1505,      5.6688,     11.3375,      1.3303,     29.5351,     59.0702,      0.0195,      0.0005,      0.0156,      0.2111,   7974.4360,-422543.4062,   -930.1547,    559.4609,  26582.6465,
       1,     170,     215,       2,       1,       3,       1,     10.0000,      1.4148,     42.8207,    252.4324,     63.5272,      3.4953,      0.0000,     -0.0325,      0.3860,      0.1478,      5.6688,     11.3375,      1.3064,     29.5351,     59.0702,      0.0195,      0.0003,      0.0156,      0.2111,   7974.7944,-421567.4688,   -929.6861,    559.5292,  26582.6465,
       1,     170,     215,       3,       1,       3,       1,     10.0000,      1.4148,     42.8207,    252.4324,     63.5272,      3.4953,      0.0000,     -0.0324,      0.3546,      0.1461,      5.6688,     11.3375,      1.2907,     29.5351,     59.0702,      0.0195,      0.0003,      0.0156,      0.2111,   7974.7944,-421104.0625,   -929.5965,    559.5617,  26582.6445,
       1,     170,     215,       4,       1,       3,       1,     10.0000,      1.4148,     42.8207,    252.4324,     63.5272,      3.4953,      0.0000,     -0.0325,      1.2794,      0.1477,      5.6688,     11.3375,      1.3051,     29.5351,     59.0702,      0.0195,      0.0010,      0.0156,      0.2111,   7974.7935,-421027.2188,   -929.5833,    559.5671,  26582.6465,
       1,     170,     215,       5,       1,       3,       1,     10.0000,      1.4148,     42.8207,    252.4324,     63.5272,      3.4953,      0.0000,     -0.0325,      1.8272,      0.1472,      5.6688,     11.3375,      1.3011,     29.5351,     59.0702,      0.0195,      0.0014,      0.0156,      0.2111,   7974.7944,-422134.9688,   -929.8068,    559.4896,  26582.6445,
       1,     170,     215,       6,       1,       3,       1,     10.0000,      1.4148,     42.8207,    252.4324,     63.5272,      3.4953,      0.0000,     -0.0322,      1.6442,      0.1404,      5.6688,     11.3375,      1.2408,     29.5351,     59.0702,      0.0195,      0.0013,      0.0156,      0.2111,   7974.7935,-422888.5938,   -929.9637,    559.4368,  26582.6465,
       1,     170,     215,       7,       1,       3,       1,     10.0000,      1.4148,     42.8207,    252.4324,     63.5272,      3.4953,      0.0000,     -0.0321,      1.7379,      0.1379,      5.6688,     11.3375,      1.2184,     29.5351,     59.0702,      0.0195,      0.0013,      0.0156,      0.2111,   7974.7944,-422731.4688,   -929.9400,    559.4478,  26582.6484,
       1,     170,     215,       8,       1,       3,       1,     10.0000,      1.4148,     42.8207,    252.4324,     63.5272,      3.4953,      0.0074,     -0.0248,      1.0666,      0.1407,      5.6688,     11.3375,      1.2433,     29.5351,     59.0702,      0.0195,      0.0008,      0.0156,      0.2111,   7974.7949,-422830.9688,   -929.9665,    559.4409,  26582.6465,
       1,     170,     215,       9,       1,       3,       1,     10.0000,      1.4148,     42.8207,    252.4324,     63.5272,      3.4953,      0.0736,      0.0412,      4.6147,      0.1453,      5.6688,     11.3375,      1.2842,     29.5351,     59.0702,      0.0195,      0.0007,      0.0840,      0.2111,   7974.7944,-422030.5312,   -929.8135,    559.4969,  26582.6465,
       1,     170,     215,      10,       1,       3,       1,     10.0000,      1.4148,     42.8207,    252.4324,     63.5272,      3.4953,      0.1398,      0.1070,     22.7952,      0.1578,      5.6688,     11.3375,      1.3947,     29.5351,     59.0702,      0.0195,      0.0016,      0.1760,      0.2111,   7974.7944,-426238.4688,   -930.6617,    559.2025,  26582.6484,
       1,     170,     215,      11,       1,       3,       1,     10.0000,      1.4148,     42.8207,    252.4324,     63.5272,      3.4953,      0.1709,      0.1374,     53.6851,      0.1794,      5.6688,     11.3375,      1.5852,     29.5351,     59.0702,      0.0195,      0.0030,      0.2170,      0.2111,   7974.7949,-448502.1875,   -935.1437,    557.6464,  26582.6465,
       1,     170,     215,      12,       1,       3,       1,     10.0000,      1.4148,     42.8207,    252.4324,     63.5272,      3.4953,      0.1920,      0.1578,     87.3718,      0.2005,      5.6688,     11.3375,      1.7716,     29.5351,     59.0702,      0.0195,      0.0043,      0.2437,      0.2111,   7974.7944,-487619.8750,   -943.0880,    554.9219,  26582.6465,
       1,     170,     215,      13,       1,       3,       1,     10.0000,      1.4148,     42.8207,    252.4324,     63.5272,      3.4953,      0.1987,      0.1640,    117.6628,      0.2169,      5.6688,     11.3375,      1.9170,     29.5351,     59.0702,      0.0195,      0.0057,      0.2500,      0.2110,   7974.7944,-531557.8125,   -952.1379,    551.8808,  26582.6465,
       1,     170,     215,      14,       1,       3,       1,     10.0000,      1.4148,     42.8207,    252.4324,     63.5272,      3.4953,      0.1920,      0.1569,    144.0171,      0.2324,      5.6688,     11.3375,      2.0532,     29.5351,     59.0702,      0.0195,      0.0073,      0.2376,      0.2110,   7974.7944,-571825.5625,   -960.6007,    549.1111,  26582.6484,
       1,     170,     215,      15,       1,       3,       1,     10.0000,      1.4148,     42.8207,    252.4324,     63.5272,      3.4953,      0.1271,      0.0932,     49.9987,      0.1906,      5.6688,     11.3375,      1.6843,     29.5351,     59.0702,      0.0195,      0.0039,      0.1545,      0.2109,   7974.7949,-607047.9375,   -968.2059,    546.7005,  26582.6465,
       1,     170,     215,      16,       1,       3,       1,     10.0000,      1.4148,     42.8207,    252.4324,     63.5272,      3.4953,      0.0414,      0.0084,      4.6201,      0.1628,      5.6688,     11.3375,      1.4388,     29.5351,     59.0702,      0.0195,      0.0015,      0.0376,      0.2109,   7974.7944,-496388.2812,   -946.4387,    554.2680,  26582.6426,
       1,     170,     215,      17,       1,       3,       1,     10.0000,      1.4148,     42.8207,    252.4324,     63.5272,      3.4953,      0.0226,     -0.0100,      0.6405,      0.1528,      5.6688,     11.3375,      1.3506,     29.5351,     59.0702,      0.0195,      0.0007,      0.0116,      0.2110,   7974.7930,-432528.8125,   -928.6414,    558.7449,  26582.6445,
       1,     170,     215,      18,       1,       3,       1,     10.0000,      1.4148,     42.8207,    252.4324,     63.5272,      3.4953,      0.0186,     -0.0139,      0.1508,      0.1483,      5.6688,     11.3375,      1.3104,     29.5351,     59.0702,      0.0195,      0.0003,      0.0061,      0.2111,   7974.7935,-422355.3125,   -911.6497,    559.4736,  26582.6504,
       1,     170,     215,      19,       1,       3,       1,     10.0000,      1.4148,     42.8207,    252.4324,     63.5272,      3.4953,      0.0231,     -0.0094,      0.2885,      0.1480,      5.6688,     11.3375,      1.3077,     29.5351,     59.0702,      0.0195,      0.0003,      0.0125,      0.2111,   7974.7954,-420887.0625,   -910.1957,    559.5768,  26582.6504,
       1,     170,     215,      20,       1,       3,       1,     10.0000,      1.4148,     42.8207,    252.4324,     63.5272,      3.4953,      0.0093,     -0.0232,      0.3583,      0.1474,      5.6688,     11.3375,      1.3025,     29.5351,     59.0702,      0.0195,      0.0003,      0.0156,      0.2111,   7974.7954,-420928.5312,   -910.2726,    559.5740,  26582.6504,
       1,     170,     215,      21,       1,       3,       1,     10.0000,      1.4148,     42.8207,    252.4324,     63.5272,      3.4953,      0.0000,     -0.0324,      0.3554,      0.1464,      5.6688,     11.3375,      1.2933,     29.5351,     59.0702,      0.0195,      0.0003,      0.0156,      0.2111,   7974.7954,-421016.0625,   -910.3223,    559.5678,  26582.6504,
       1,     170,     215,      22,       1,       3,       1,     10.0000,      1.4148,     42.8207,    252.4324,     63.5272,      3.4953,      0.0000,     -0.0325,      0.3652,      0.1480,      5.6688,     11.3375,      1.3077,     29.5351,     59.0702,      0.0195,      0.0003,      0.0156,      0.2111,   7974.7954,-421020.0625,   -910.3252,    559.5676,  26582.6523,
       1,     170,     215,      23,       1,       3,       1,     10.0000,      1.4148,     42.8207,    252.4324,     63.5272,      3.4953,      0.0000,     -0.0326,      0.4768,      0.1513,      5.6688,     11.3375,      1.3370,     29.5351,     59.0702,      0.0195,      0.0004,      0.0156,      0.2111,   7974.7959,-421032.0000,   -910.3297,    559.5667,  26582.6504,
       1,     170,     215,      24,       1,       3,       1,     10.0000,      1.4148,     42.8207,    252.4324,     63.5272,      3.4953,      0.0000,     -0.0326,      0.5327,      0.1519,      5.6688,     11.3375,      1.3424,     29.5351,     59.0702,      0.0195,      0.0004,      0.0156,      0.2111,   7974.7954,-421167.6875,   -910.3691,    559.5573,  26582.6504,
       1,     170,     216,       1,       1,       3,       1,     10.0000,      1.4148,     42.8210,    252.4384,     63.5288,      3.4953,      0.0000,     -0.0326,      0.5580,      0.1515,      5.6707,     11.3414,      1.3384,     29.5249,     59.0497,      0.0195,      0.0004,      0.0156,      0.2111,   7974.7954,-421402.4688,   -910.6931,    559.5540,  26583.8438,
       1,     170,     216,       2,       1,       3,       1,     10.0000,      1.4148,     42.8210,    252.4384,     63.5288,      3.4953,      0.0000,     -0.0325,      0.4291,      0.1489,      5.6707,     11.3414,      1.3157,     29.5249,     59.0497,      0.0195,      0.0003,      0.0156,      0.2111,   7975.1533,-421299.9375,   -910.4435,    559.5612,  26583.8438,
       1,     170,     216,       3,       1,       3,       1,     10.0000,      1.4148,     42.8210,    252.4384,     63.5288,      3.4953,      0.0000,     -0.0326,      0.5065,      0.1506,      5.6707,     11.3414,      1.3304,     29.5249,     59.0497,      0.0195,      0.0004,      0.0156,      0.2111,   7975.1533,-421135.9062,   -910.4241,    559.5726,  26583.8438,
       1,     170,     216,       4,       1,       3,       1,     10.0000,      1.4148,     42.8210,    252.4384,     63.5288,      3.4953,      0.0000,     -0.0327,      0.7943,      0.1532,      5.6707,     11.3414,      1.3533,     29.5249,     59.0497,      0.0195,      0.0006,      0.0156,      0.2111,   7975.1533,-421215.4375,   -910.4568,    559.5671,  26583.8438,
       1,     170,     216,       5,       1,       3,       1,     10.0000,      1.4148,     42.8210,    252.4384,     63.5288,      3.4953,      0.0000,     -0.0326,      0.8165,      0.1521,      5.6707,     11.3414,      1.3438,     29.5249,     59.0497,      0.0195,      0.0006,      0.0156,      0.2111,   7975.1533,-421568.8750,   -910.5746,    559.5424,  26583.8438,
       1,     170,     216,       6,       1,       3,       1,     10.0000,      1.4148,     42.8210,    252.4384,     63.5288,      3.4953,      0.0000,     -0.0326,      0.7653,      0.1515,      5.6707,     11.3414,      1.3384,     29.5249,     59.0497,      0.0195,      0.0006,      0.0156,      0.2111,   7975.1533,-421625.4062,   -910.2491,    559.5384,  26583.8457,
       1,     170,     216,       7,       1,       3,       1,     10.0000,      1.4148,     42.8210,    252.4384,     63.5288,      3.4953,      0.0000,     -0.0319,      0.4159,      0.1323,      5.6707,     11.3414,      1.1687,     29.5249,     59.0497,      0.0195,      0.0003,      0.0156,      0.2111,   7975.1538,-421568.2812,   -910.2401,    559.5424,  26583.8438,
       1,     170,     216,       8,       1,       3,       1,     10.0000,      1.4148,     42.8210,    252.4384,     63.5288,      3.4953,      0.0049,     -0.0268,      0.3271,      0.1272,      5.6707,     11.3414,      1.1244,     29.5249,     59.0497,      0.0195,      0.0003,      0.0156,      0.2111,   7975.1533,-421142.7500,   -910.1804,    559.5722,  26583.8438,
       1,     170,     216,       9,       1,       3,       1,     10.0000,      1.4148,     42.8210,    252.4384,     63.5288,      3.4953,      0.0705,      0.0385,      1.6485,      0.1337,      5.6707,     11.3414,      1.1819,     29.5249,     59.0497,      0.0195,      0.0002,      0.0802,      0.2111,   7975.1533,-420999.7812,   -910.1738,    559.5822,  26583.8438,
       1,     170,     216,      10,       1,       3,       1,     10.0000,      1.4148,     42.8210,    252.4384,     63.5288,      3.4953,      0.1423,      0.1096,      8.9568,      0.1541,      5.6707,     11.3414,      1.3615,     29.5249,     59.0497,      0.0195,      0.0006,      0.1812,      0.2111,   7975.1533,-422579.8438,   -910.6813,    559.4716,  26583.8438,
       1,     170,     216,      11,       1,       3,       1,     10.0000,      1.4148,     42.8210,    252.4384,     63.5288,      3.4953,      0.1693,      0.1359,     28.7501,      0.1743,      5.6707,     11.3414,      1.5401,     29.5249,     59.0497,      0.0195,      0.0016,      0.2175,      0.2111,   7975.1533,-431518.6562,   -913.1951,    558.8465,  26583.8438,
       1,     170,     216,      12,       1,       3,       1,     10.0000,      1.4148,     42.8210,    252.4384,     63.5288,      3.4953,      0.1869,      0.1528,     57.3873,      0.1954,      5.6707,     11.3414,      1.7266,     29.5249,     59.0497,      0.0195,      0.0029,      0.2396,      0.2111,   7975.1533,-456123.9688,   -918.9202,    557.1280,  26583.8457,
       1,     170,     216,      13,       1,       3,       1,     10.0000,      1.4148,     42.8210,    252.4384,     63.5288,      3.4953,      0.1839,      0.1496,     63.3191,      0.2019,      5.6707,     11.3414,      1.7839,     29.5249,     59.0497,      0.0195,      0.0033,      0.2346,      0.2111,   7975.1538,-492723.0625,   -927.2665,    554.5819,  26583.8438,
       1,     170,     216,      14,       1,       3,       1,     10.0000,      1.4148,     42.8210,    252.4384,     63.5288,      3.4953,      0.1053,      0.0718,     21.4523,      0.1759,      5.6707,     11.3414,      1.5540,     29.5249,     59.0497,      0.0195,      0.0020,      0.1266,      0.2111,   7975.1533,-502967.7812,   -926.8163,    553.8775,  26583.8418,
       1,     170,     216,      15,       1,       3,       1,     10.0000,      1.4148,     42.8210,    252.4384,     63.5288,      3.4953,      0.1418,      0.1094,      6.1430,      0.1458,      5.6707,     11.3414,      1.2881,     29.5249,     59.0497,      0.0195,      0.0004,      0.1808,      0.2110,   7975.1528,-453318.2500,   -916.6445,    557.3155,  26583.8438,
       1,     170,     216,      16,       1,       3,       1,     10.0000,      1.4148,     42.8210,    252.4384,     63.5288,      3.4953,      0.0163,     -0.0163,      0.1076,      0.1509,      5.6707,     11.3414,      1.3330,     29.5249,     59.0497,      0.0195,      0.0005,      0.0027,      0.2111,   7975.1533,-430725.0312,   -912.3586,    558.9000,  26583.8438,
       1,     170,     216,      17,       1,       3,       1,     10.0000,      1.4148,     42.8210,    252.4384,     63.5288,      3.4953,      0.0240,     -0.0082,      0.3043,      0.1397,      5.6707,     11.3414,      1.2345,     29.5249,     59.0497,      0.0195,      0.0003,      0.0141,      0.2111,   7975.1533,-421544.8438,   -910.7860,    559.5438,  26583.8438,
       1,     170,     216,      18,       1,       3,       1,     10.0000,      1.4148,     42.8210,    252.4384,     63.5288,      3.4953,      0.0437,      0.0115,      0.9247,      0.1420,      5.6707,     11.3414,      1.2547,     29.5249,     59.0497,      0.0195,      0.0003,      0.0420,      0.2111,   7975.1533,-421006.5625,   -910.7762,    559.5817,  26583.8438,
       1,     170,     216,      19,       1,       3,       1,     10.0000,      1.4148,     42.8210,    252.4384,     63.5288,      3.4953,      0.0530,      0.0208,      1.5455,      0.1413,      5.6707,     11.3414,      1.2484,     29.5249,     59.0497,      0.0195,      0.0003,      0.0552,      0.2111,   7975.1533,-421708.4688,   -911.0135,    559.5327,  26583.8438,
       1,     170,     216,      20,       1,       3,       1,     10.0000,      1.4148,     42.8210,    252.4384,     63.5288,      3.4953,      0.0236,     -0.0085,      0.6364,      0.1372,      5.6707,     11.3414,      1.2122,     29.5249,     59.0497,      0.0195,      0.0006,      0.0136,      0.2111,   7975.1533,-422515.3750,   -911.3263,    559.4761,  26583.8438,
       1,     170,     216,      21,       1,       3,       1,     10.0000,      1.4148,     42.8210,    252.4384,     63.5288,      3.4953,      0.0000,     -0.0320,      0.6210,      0.1357,      5.6707,     11.3414,      1.1988,     29.5249,     59.0497,      0.0195,      0.0005,      0.0156,      0.2111,   7975.1533,-421488.1250,   -910.3039,    559.5480,  26583.8438,
       1,     170,     216,      22,       1,       3,       1,     10.0000,      1.4148,     42.8210,    252.4384,     63.5288,      3.4953,      0.0000,     -0.0320,      0.4917,      0.1362,      5.6707,     11.3414,      1.2037,     29.5249,     59.0497,      0.0195,      0.0004,      0.0156,      0.2111,   7975.1533,-421383.0000,   -910.3239,    559.5554,  26583.8438,
       1,     170,     216,      23,       1,       3,       1,     10.0000,      1.4148,     42.8210,    252.4384,     63.5288,      3.4953,      0.0000,     -0.0321,      0.5934,      0.1364,      5.6707,     11.3414,      1.2049,     29.5249,     59.0497,      0.0195,      0.0005,      0.0156,      0.2111,   7975.1533,-421218.4375,   -910.3134,    559.5669,  26583.8457,
       1,     170,     216,      24,       1,       3,       1,     10.0000,      1.4148,     42.8210,    252.4384,     63.5288,      3.4953,      0.0000,     -0.0321,      0.4776,      0.1380,      5.6707,     11.3414,      1.2196,     29.5249,     59.0497,      0.0195,      0.0004,      0.0156,      0.2111,   7975.1538,-421326.8125,   -910.3663,    559.5593,  26583.8438,
       1,     170,     217,       1,       1,       3,       1,     10.0000,      1.4149,     42.8214,    252.4444,     63.5303,      3.4953,      0.0000,     -0.0323,      0.3481,      0.1418,      5.6709,     11.3419,      1.2535,     29.5132,     59.0264,      0.0195,      0.0003,      0.0156,      0.2111,   7975.1533,-421352.7188,   -910.6512,    559.5709,  26585.0371,
       1,     170,     217,       2,       1,       3,       1,     10.0000,      1.4149,     42.8214,    252.4444,     63.5303,      3.4953,      0.0000,     -0.0324,      0.4736,      0.1462,      5.6709,     11.3419,      1.2920,     29.5132,     59.0264,      0.0195,      0.0004,      0.0156,      0.2111,   7975.5112,-421045.6250,   -910.3406,    559.5924,  26585.0352,
       1,     170,     217,       3,       1,       3,       1,     10.0000,      1.4149,     42.8214,    252.4444,     63.5303,      3.4953,      0.0000,     -0.0325,      0.4415,      0.1486,      5.6709,     11.3419,      1.3131,     29.5132,     59.0264,      0.0195,      0.0003,      0.0156,      0.2111,   7975.5107,-421171.1875,   -910.3804,    559.5837,  26585.0352,
       1,     170,     217,       4,       1,       3,       1,     10.0000,      1.4149,     42.8214,    252.4444,     63.5303,      3.4953,      0.0000,     -0.0326,      0.5693,      0.1509,      5.6709,     11.3419,      1.3331,     29.5132,     59.0264,      0.0195,      0.0004,      0.0156,      0.2111,   7975.5107,-421142.9688,   -910.1185,    559.5856,  26585.0352,
       1,     170,     217,       5,       1,       3,       1,     10.0000,      1.4149,     42.8214,    252.4444,     63.5303,      3.4953,      0.0000,     -0.0326,      0.3707,      0.1499,      5.6709,     11.3419,      1.3250,     29.5132,     59.0264,      0.0195,      0.0003,      0.0156,      0.2111,   7975.5107,-421294.6875,   -910.1618,    559.5751,  26585.0352,
       1,     170,     217,       6,       1,       3,       1,     10.0000,      1.4149,     42.8214,    252.4444,     63.5303,      3.4953,      0.0000,     -0.0325,      0.4853,      0.1498,      5.6709,     11.3419,      1.3237,     29.5132,     59.0264,      0.0195,      0.0004,      0.0156,      0.2111,   7975.5107,-421068.0938,   -910.1237,    559.5909,  26585.0332,
       1,     170,     217,       7,       1,       3,       1,     10.0000,      1.4149,     42.8214,    252.4444,     63.5303,      3.4953,      0.0000,     -0.0326,      0.5634,      0.1515,      5.6709,     11.3419,      1.3385,     29.5132,     59.0264,      0.0195,      0.0004,      0.0156,      0.2111,   7975.5103,-421187.2812,   -910.1644,    559.5826,  26585.0371,
       1,     170,     217,       8,       1,       3,       1,     10.0000,      1.4149,     42.8214,    252.4444,     63.5303,      3.4953,      0.0121,     -0.0203,      0.3562,      0.1467,      5.6709,     11.3419,      1.2960,     29.5132,     59.0264,      0.0195,      0.0003,      0.0156,      0.2111,   7975.5112,-421291.0312,   -910.2136,    559.5753,  26585.0371,
       1,     170,     217,       9,       1,       3,       1,     10.0000,      1.4149,     42.8214,    252.4444,     63.5303,      3.4953,      0.1056,      0.0730,      7.5260,      0.1535,      5.6709,     11.3419,      1.3561,     29.5132,     59.0264,      0.0195,      0.0007,      0.1291,      0.2111,   7975.5112,-421050.1562,   -910.2162,    559.5922,  26585.0352,
       1,     170,     217,      10,       1,       3,       1,     10.0000,      1.4149,     42.8214,    252.4444,     63.5303,      3.4953,      0.1689,      0.1353,     46.8998,      0.1823,      5.6709,     11.3419,      1.6108,     29.5132,     59.0264,      0.0195,      0.0026,      0.2149,      0.2111,   7975.5107,-429667.4688,   -912.2045,    558.9894,  26585.0332,
       1,     170,     217,      11,       1,       3,       1,     10.0000,      1.4149,     42.8214,    252.4444,     63.5303,      3.4953,      0.1944,      0.1602,     84.3089,      0.1977,      5.6709,     11.3419,      1.7473,     29.5132,     59.0264,      0.0195,      0.0041,      0.2473,      0.2111,   7975.5103,-477834.0938,   -922.5442,    555.6241,  26585.0371,
       1,     170,     217,      12,       1,       3,       1,     10.0000,      1.4149,     42.8214,    252.4444,     63.5303,      3.4953,      0.1953,      0.1608,     90.7086,      0.2098,      5.6709,     11.3419,      1.8540,     29.5132,     59.0264,      0.0195,      0.0044,      0.2481,      0.2111,   7975.5112,-527019.5000,   -933.9570,    552.2181,  26585.0352,
       1,     170,     217,      13,       1,       3,       1,     10.0000,      1.4149,     42.8214,    252.4444,     63.5303,      3.4953,      0.1990,      0.1639,    122.6201,      0.2315,      5.6709,     11.3419,      2.0453,     29.5132,     59.0264,      0.0195,      0.0059,      0.2500,      0.2110,   7975.5107,-538891.1875,   -935.8416,    551.4091,  26585.0352,
       1,     170,     217,      14,       1,       3,       1,     10.0000,      1.4149,     42.8214,    252.4444,     63.5303,      3.4953,      0.1987,      0.1635,    119.0385,      0.2337,      5.6709,     11.3419,      2.0654,     29.5132,     59.0264,      0.0195,      0.0058,      0.2500,      0.2110,   7975.5107,-578389.0625,   -946.2936,    548.6872,  26585.0352,
       1,     170,     217,      15,       1,       3,       1,     10.0000,      1.4149,     42.8214,    252.4444,     63.5303,      3.4953,      0.1927,      0.1576,    111.5155,      0.2308,      5.6709,     11.3419,      2.0393,     29.5132,     59.0264,      0.0195,      0.0056,      0.2422,      0.2110,   7975.5107,-577398.8750,   -948.7710,    548.7619,  26585.0332,
       1,     170,     217,      16,       1,       3,       1,     10.0000,      1.4149,     42.8214,    252.4444,     63.5303,      3.4953,      0.1900,      0.1551,    103.9965,      0.2232,      5.6709,     11.3419,      1.9725,     29.5132,     59.0264,      0.0195,      0.0053,      0.2391,      0.2110,   7975.5103,-568222.5625,   -948.9584,    549.3914,  26585.0352,
       1,     170,     217,      17,       1,       3,       1,     10.0000,      1.4149,     42.8214,    252.4444,     63.5303,      3.4953,      0.1905,      0.1557,    100.5133,      0.2187,      5.6709,     11.3419,      1.9322,     29.5132,     59.0264,      0.0195,      0.0051,      0.2401,      0.2110,   7975.5107,-558374.8750,   -948.6274,    550.0679,  26585.0352,
       1,     170,     217,      18,       1,       3,       1,     10.0000,      1.4149,     42.8214,    252.4444,     63.5303,      3.4953,      0.1754,      0.1410,     89.2866,      0.2080,      5.6709,     11.3419,      1.8376,     29.5132,     59.0264,      0.0195,      0.0049,      0.2196,      0.2110,   7975.5107,-553344.7500,   -948.9993,    550.4142,  26585.0332,
       1,     170,     217,      19,       1,       3,       1,     10.0000,      1.4149,     42.8214,    252.4444,     63.5303,      3.4953,      0.1428,      0.1086,     65.8548,      0.2013,      5.6709,     11.3419,      1.7787,     29.5132,     59.0264,      0.0195,      0.0045,      0.1752,      0.2110,   7975.5103,-539370.5625,   -947.3692,    551.3759,  26585.0332,
       1,     170,     217,      20,       1,       3,       1,     10.0000,      1.4149,     42.8214,    252.4444,     63.5303,      3.4953,      0.0382,      0.0045,      8.7981,      0.1841,      5.6709,     11.3419,      1.6269,     29.5132,     59.0264,      0.0195,      0.0033,      0.0317,      0.2110,   7975.5103,-509921.6562,   -942.4725,    553.4062,  26585.0332,
       1,     170,     217,      21,       1,       3,       1,     10.0000,      1.4149,     42.8214,    252.4444,     63.5303,      3.4953,      0.0000,     -0.0333,      3.1320,      0.1726,      5.6709,     11.3419,      1.5248,     29.5132,     59.0264,      0.0195,      0.0024,      0.0156,      0.2111,   7975.5103,-438634.5000,   -929.0611,    558.3414,  26585.0312,
       1,     170,     217,      22,       1,       3,       1,     10.0000,      1.4149,     42.8214,    252.4444,     63.5303,      3.4953,      0.0000,     -0.0332,      2.6241,      0.1685,      5.6709,     11.3419,      1.4887,     29.5132,     59.0264,      0.0195,      0.0020,      0.0156,      0.2111,   7975.5098,-425881.0312,   -926.7233,    559.2536,  26585.0352,
       1,     170,     217,      23,       1,       3,       1,     10.0000,      1.4149,     42.8214,    252.4444,     63.5303,      3.4953,      0.0000,     -0.0331,      2.1817,      0.1665,      5.6709,     11.3419,      1.4709,     29.5132,     59.0264,      0.0195,      0.0017,      0.0156,      0.2111,   7975.5107,-424170.1562,   -926.4761,    559.3740,  26585.0332,
       1,     170,     217,      24,       1,       3,       1,     10.0000,      1.4149,     42.8214,    252.4444,     63.5303,      3.4953,      0.0000,     -0.0332,      1.9039,      0.1673,      5.6709,     11.3419,      1.4783,     29.5132,     59.0264,      0.0195,      0.0015,      0.0156,      0.2111,   7975.5103,-423492.3750,   -926.4092,    559.4213,  26585.0352,
       1,     170,     218,       1,       1,       3,       1,     10.0000,      1.4149,     42.8217,    252.4503,     63.5318,      3.4953,      0.0000,     -0.0331,      1.6623,      0.1655,      5.6694,     11.3388,      1.4622,     29.5219,     59.0437,      0.0195,      0.0013,      0.0156,      0.2112,   7975.5107,-423255.4375,   -926.6929,    559.4510,  26586.2227,
       1,     170,     218,       2,       1,       3,       1,     10.0000,      1.4149,     42.8217,    252.4503,     63.5318,      3.4953,      0.0000,     -0.0329,      1.5106,      0.1599,      5.6694,     11.3388,      1.4132,     29.5219,     59.0437,      0.0195,      0.0012,      0.0156,      0.2112,   7975.8672,-422792.3438,   -926.3760,    559.4833,  26586.2227,
       1,     170,     218,       3,       1,       3,       1,     10.0000,      1.4149,     42.8217,    252.4503,     63.5318,      3.4953,      0.0000,     -0.0328,      1.2522,      0.1563,      5.6694,     11.3388,      1.3809,     29.5219,     59.0437,      0.0195,      0.0010,      0.0156,      0.2112,   7975.8672,-422570.5938,   -926.3696,    559.4988,  26586.2227,
       1,     170,     218,       4,       1,       3,       1,     10.0000,      1.4149,     42.8217,    252.4503,     63.5318,      3.4953,      0.0000,     -0.0326,      0.8407,      0.1515,      5.6694,     11.3388,      1.3385,     29.5219,     59.0437,      0.0195,      0.0007,      0.0156,      0.2112,   7975.8672,-422240.7188,   -926.3337,    559.5219,  26586.2227,
       1,     170,     218,       5,       1,       3,       1,     10.0000,      1.4149,     42.8217,    252.4503,     63.5318,      3.4953,      0.0000,     -0.0325,      0.4529,      0.1480,      5.6694,     11.3388,      1.3078,     29.5219,     59.0437,      0.0195,      0.0004,      0.0156,      0.2112,   7975.8672,-421717.1875,   -926.2448,    559.5585,  26586.2227,
       1,     170,     218,       6,       1,       3,       1,     10.0000,      1.4149,     42.8217,    252.4503,     63.5318,      3.4953,      0.0000,     -0.0323,      0.3485,      0.1439,      5.6694,     11.3388,      1.2714,     29.5219,     59.0437,      0.0195,      0.0003,      0.0156,      0.2112,   7975.8672,-421205.9375,   -926.1499,    559.5944,  26586.2227,
       1,     170,     218,       7,       1,       3,       1,     10.0000,      1.4149,     42.8217,    252.4503,     63.5318,      3.4953,      0.0000,     -0.0322,      0.3393,      0.1406,      5.6694,     11.3388,      1.2421,     29.5219,     59.0437,      0.0195,      0.0003,      0.0156,      0.2112,   7975.8672,-421037.0312,   -926.1190,    559.6061,  26586.2207,
       1,     170,     218,       8,       1,       3,       1,     10.0000,      1.4149,     42.8217,    252.4503,     63.5318,      3.4953,      0.0092,     -0.0230,      0.3409,      0.1411,      5.6694,     11.3388,      1.2472,     29.5219,     59.0437,      0.0195,      0.0003,      0.0156,      0.2112,   7975.8667,-421011.9688,   -926.1160,    559.6078,  26586.2227,
       1,     170,     218,       9,       1,       3,       1,     10.0000,      1.4149,     42.8217,    252.4503,     63.5318,      3.4953,      0.0761,      0.0436,      2.0147,      0.1474,      5.6694,     11.3388,      1.3025,     29.5219,     59.0437,      0.0195,      0.0003,      0.0877,      0.2112,   7975.8672,-421011.6250,   -926.1253,    559.6080,  26586.2246,
       1,     170,     218,      10,       1,       3,       1,     10.0000,      1.4149,     42.8217,    252.4503,     63.5318,      3.4953,      0.1571,      0.1238,     21.9728,      0.1717,      5.6694,     11.3388,      1.5173,     29.5219,     59.0437,      0.0195,      0.0013,      0.2007,      0.2112,   7975.8677,-423027.4688,   -926.5869,    559.4669,  26586.2227,
       1,     170,     218,      11,       1,       3,       1,     10.0000,      1.4149,     42.8217,    252.4503,     63.5318,      3.4953,      0.1810,      0.1470,     52.0571,      0.1948,      5.6694,     11.3388,      1.7216,     29.5219,     59.0437,      0.0195,      0.0027,      0.2317,      0.2112,   7975.8672,-447239.0938,   -931.5219,    557.7737,  26586.2227,
       1,     170,     218,      12,       1,       3,       1,     10.0000,      1.4149,     42.8217,    252.4503,     63.5318,      3.4953,      0.1851,      0.1509,     52.8215,      0.1979,      5.6694,     11.3388,      1.7491,     29.5219,     59.0437,      0.0195,      0.0027,      0.2375,      0.2112,   7975.8672,-485536.8750,   -939.4048,    555.1061,  26586.2227,
       1,     170,     218,      13,       1,       3,       1,     10.0000,      1.4149,     42.8217,    252.4503,     63.5318,      3.4953,      0.1947,      0.1604,     64.8127,      0.2021,      5.6694,     11.3388,      1.7858,     29.5219,     59.0437,      0.0195,      0.0031,      0.2500,      0.2111,   7975.8672,-489693.7188,   -940.6854,    554.8240,  26586.2246,
       1,     170,     218,      14,       1,       3,       1,     10.0000,      1.4149,     42.8217,    252.4503,     63.5318,      3.4953,      0.1837,      0.1495,     65.0173,      0.2025,      5.6694,     11.3388,      1.7893,     29.5219,     59.0437,      0.0195,      0.0034,      0.2342,      0.2111,   7975.8677,-504493.9375,   -944.0924,    553.7977,  26586.2246,
       1,     170,     218,      15,       1,       3,       1,     10.0000,      1.4149,     42.8217,    252.4503,     63.5318,      3.4953,      0.1843,      0.1504,     54.0424,      0.1931,      5.6694,     11.3388,      1.7063,     29.5219,     59.0437,      0.0195,      0.0028,      0.2363,      0.2111,   7975.8677,-505985.9062,   -944.8506,    553.6953,  26586.2227,
       1,     170,     218,      16,       1,       3,       1,     10.0000,      1.4149,     42.8217,    252.4503,     63.5318,      3.4953,      0.1695,      0.1358,     41.5332,      0.1825,      5.6694,     11.3388,      1.6124,     29.5219,     59.0437,      0.0195,      0.0023,      0.2163,      0.2111,   7975.8672,-492873.4688,   -942.6686,    554.6028,  26586.2227,
       1,     170,     218,      17,       1,       3,       1,     10.0000,      1.4149,     42.8217,    252.4503,     63.5318,      3.4953,      0.1882,      0.1542,     53.7859,      0.1919,      5.6694,     11.3388,      1.6962,     29.5219,     59.0437,      0.0195,      0.0027,      0.2418,      0.2111,   7975.8672,-476691.1875,   -939.7695,    555.7255,  26586.2207,
       1,     170,     218,      18,       1,       3,       1,     10.0000,      1.4149,     42.8217,    252.4503,     63.5318,      3.4953,      0.1667,      0.1330,     41.6987,      0.1854,      5.6694,     11.3388,      1.6383,     29.5219,     59.0437,      0.0195,      0.0024,      0.2123,      0.2111,   7975.8667,-490106.0625,   -942.7048,    554.7947,  26586.2207,
       1,     170,     218,      19,       1,       3,       1,     10.0000,      1.4149,     42.8217,    252.4503,     63.5318,      3.4953,      0.1107,      0.0773,     21.1152,      0.1750,      5.6694,     11.3388,      1.5463,     29.5219,     59.0437,      0.0195,      0.0019,      0.1345,      0.2111,   7975.8667,-476659.2812,   -940.2950,    555.7280,  26586.2207,
       1,     170,     218,      20,       1,       3,       1,     10.0000,      1.4149,     42.8217,    252.4503,     63.5318,      3.4953,      0.0294,     -0.0039,      2.5921,      0.1690,      5.6694,     11.3388,      1.4932,     29.5219,     59.0437,      0.0195,      0.0015,      0.0203,      0.2111,   7975.8667,-450717.2188,   -935.3082,    557.5309,  26586.2207,
       1,     170,     218,      21,       1,       3,       1,     10.0000,      1.4149,     42.8217,    252.4503,     63.5318,      3.4953,      0.0000,     -0.0330,      1.5767,      0.1622,      5.6694,     11.3388,      1.4332,     29.5219,     59.0437,      0.0195,      0.0012,      0.0156,      0.2111,   7975.8667,-426222.8750,   -930.5001,    559.2408,  26586.2227,
       1,     170,     218,      22,       1,       3,       1,     10.0000,      1.4149,     42.8217,    252.4503,     63.5318,      3.4953,      0.0000,     -0.0327,      1.0681,      0.1552,      5.6694,     11.3388,      1.3712,     29.5219,     59.0437,      0.0195,      0.0008,      0.0156,      0.2112,   7975.8672,-422942.3438,   -929.8583,    559.4728,  26586.2188,
       1,     170,     218,      23,       1,       3,       1,     10.0000,      1.4149,     42.8217,    252.4503,     63.5318,      3.4953,      0.0000,     -0.0327,      1.0519,      0.1547,      5.6694,     11.3388,      1.3671,     29.5219,     59.0437,      0.0195,      0.0008,      0.0156,      0.2112,   7975.8657,-422050.7188,   -929.6870,    559.5352,  26586.2207,
       1,     170,     218,      24,       1,       3,       1,     10.0000,      1.4149,     42.8217,    252.4503,     63.5318,      3.4953,      0.0000,     -0.0328,      0.9573,      0.1560,      5.6694,     11.3388,      1.3781,     29.5219,     59.0437,      0.0195,      0.0007,      0.0156,      0.2112,   7975.8667,-421955.9062,   -929.6671,    559.5419,  26586.2188,
       1,     170,     219,       1,       1,       3,       1,     10.0000,      1.4149,     42.8221,    252.4563,     63.5333,      3.4953,      0.0000,     -0.0328,      0.8040,      0.1572,      5.6698,     11.3397,      1.3893,     29.5266,     59.0531,      0.0195,      0.0006,      0.0156,      0.2112,   7975.8657,-421990.0625,   -929.9650,    559.5527,  26587.4160,
       1,     170,     219,       2,       1,       3,       1,     10.0000,      1.4149,     42.8221,    252.4563,     63.5333,      3.4953,      0.0000,     -0.0328,      0.6692,      0.1558,      5.6698,     11.3397,      1.3768,     29.5266,     59.0531,      0.0195,      0.0005,      0.0156,      0.2112,   7976.2251,-421654.9062,   -929.6230,    559.5761,  26587.4160,
       1,     170,     219,       3,       1,       3,       1,     10.0000,      1.4149,     42.8221,    252.4563,     63.5333,      3.4953,      0.0000,     -0.0325,      0.4197,      0.1485,      5.6698,     11.3397,      1.3118,     29.5266,     59.0531,      0.0195,      0.0003,      0.0156,      0.2112,   7976.2251,-421464.2500,   -929.5894,    559.5895,  26587.4160,
       1,     170,     219,       4,       1,       3,       1,     10.0000,      1.4149,     42.8221,    252.4563,     63.5333,      3.4953,      0.0000,     -0.0323,      0.3457,      0.1429,      5.6698,     11.3397,      1.2624,     29.5266,     59.0531,      0.0195,      0.0003,      0.0156,      0.2112,   7976.2251,-421147.7812,   -929.5290,    559.6116,  26587.4160,
       1,     170,     219,       5,       1,       3,       1,     10.0000,      1.4149,     42.8221,    252.4563,     63.5333,      3.4953,      0.0000,     -0.0322,      0.3389,      0.1404,      5.6698,     11.3397,      1.2409,     29.5266,     59.0531,      0.0195,      0.0003,      0.0156,      0.2112,   7976.2251,-421031.9375,   -929.5078,    559.6196,  26587.4160,
       1,     170,     219,       6,       1,       3,       1,     10.0000,      1.4149,     42.8221,    252.4563,     63.5333,      3.4953,      0.0000,     -0.0323,      0.4090,      0.1423,      5.6698,     11.3397,      1.2573,     29.5266,     59.0531,      0.0195,      0.0003,      0.0156,      0.2112,   7976.2251,-421014.0938,   -929.5059,    559.6209,  26587.4180,
       1,     170,     219,       7,       1,       3,       1,     10.0000,      1.4149,     42.8221,    252.4563,     63.5333,      3.4953,      0.0000,     -0.0324,      0.4470,      0.1445,      5.6698,     11.3397,      1.2765,     29.5266,     59.0531,      0.0195,      0.0003,      0.0156,      0.2112,   7976.2256,-421096.7812,   -929.5236,    559.6152,  26587.4141,
       1,     170,     219,       8,       1,       3,       1,     10.0000,      1.4149,     42.8221,    252.4563,     63.5333,      3.4953,      0.0042,     -0.0283,      0.3628,      0.1471,      5.6698,     11.3397,      1.3000,     29.5266,     59.0531,      0.0195,      0.0003,      0.0156,      0.2112,   7976.2246,-421150.0000,   -929.5375,    559.6115,  26587.4160,
       1,     170,     219,       9,       1,       3,       1,     10.0000,      1.4149,     42.8221,    252.4563,     63.5333,      3.4953,      0.0777,      0.0452,      2.2544,      0.1477,      5.6698,     11.3397,      1.3052,     29.5266,     59.0531,      0.0195,      0.0003,      0.0900,      0.2112,   7976.2251,-421052.6875,   -929.5195,    559.6183,  26587.4160,
       1,     170,     219,      10,       1,       3,       1,     10.0000,      1.4149,     42.8221,    252.4563,     63.5333,      3.4953,      0.1744,      0.1411,     25.6329,      0.1712,      5.6698,     11.3397,      1.5128,     29.5266,     59.0531,      0.0195,      0.0014,      0.2251,      0.2112,   7976.2251,-423322.7812,   -929.9794,    559.4594,  26587.4141,
       1,     170,     219,      11,       1,       3,       1,     10.0000,      1.4149,     42.8221,    252.4563,     63.5333,      3.4953,      0.1850,      0.1508,     62.8380,      0.1997,      5.6698,     11.3397,      1.7647,     29.5266,     59.0531,      0.0195,      0.0032,      0.2363,      0.2112,   7976.2246,-451672.9062,   -935.6842,    557.4769,  26587.4160,
       1,     170,     219,      12,       1,       3,       1,     10.0000,      1.4149,     42.8221,    252.4563,     63.5333,      3.4953,      0.1937,      0.1590,     79.2915,      0.2144,      5.6698,     11.3397,      1.8947,     29.5266,     59.0531,      0.0195,      0.0039,      0.2470,      0.2112,   7976.2251,-498899.4688,   -945.2848,    554.1894,  26587.4160,
       1,     170,     219,      13,       1,       3,       1,     10.0000,      1.4149,     42.8221,    252.4563,     63.5333,      3.4953,      0.1967,      0.1618,     92.7140,      0.2230,      5.6698,     11.3397,      1.9706,     29.5266,     59.0531,      0.0195,      0.0045,      0.2500,      0.2111,   7976.2251,-522732.1875,   -950.3661,    552.5482,  26587.4160,
       1,     170,     219,      14,       1,       3,       1,     10.0000,      1.4149,     42.8221,    252.4563,     63.5333,      3.4953,      0.1966,      0.1618,     91.1513,      0.2202,      5.6698,     11.3397,      1.9456,     29.5266,     59.0531,      0.0195,      0.0044,      0.2500,      0.2111,   7976.2251,-540918.8125,   -954.3741,    551.2944,  26587.4160,
       1,     170,     219,      15,       1,       3,       1,     10.0000,      1.4149,     42.8221,    252.4563,     63.5333,      3.4953,      0.1972,      0.1622,    100.4304,      0.2312,      5.6698,     11.3397,      2.0434,     29.5266,     59.0531,      0.0195,      0.0049,      0.2500,      0.2111,   7976.2251,-540560.3750,   -954.6783,    551.3206,  26587.4160,
       1,     170,     219,      16,       1,       3,       1,     10.0000,      1.4149,     42.8221,    252.4563,     63.5333,      3.4953,      0.1970,      0.1620,     96.2156,      0.2263,      5.6698,     11.3397,      1.9998,     29.5266,     59.0531,      0.0195,      0.0046,      0.2500,      0.2111,   7976.2251,-551724.9375,   -957.2777,    550.5512,  26587.4180,
       1,     170,     219,      17,       1,       3,       1,     10.0000,      1.4149,     42.8221,    252.4563,     63.5333,      3.4953,      0.1666,      0.1322,     65.8511,      0.2096,      5.6698,     11.3397,      1.8522,     29.5266,     59.0531,      0.0195,      0.0038,      0.2096,      0.2111,   7976.2256,-547576.1250,   -956.8029,    550.8372,  26587.4141,
       1,     170,     219,      18,       1,       3,       1,     10.0000,      1.4149,     42.8221,    252.4563,     63.5333,      3.4953,      0.1246,      0.0909,     27.9817,      0.1810,      5.6698,     11.3397,      1.5997,     29.5266,     59.0531,      0.0195,      0.0022,      0.1534,      0.2111,   7976.2246,-510586.1562,   -949.6702,    553.3842,  26587.4141,
       1,     170,     219,      19,       1,       3,       1,     10.0000,      1.4149,     42.8221,    252.4563,     63.5333,      3.4953,      0.0820,      0.0486,     14.3818,      0.1757,      5.6698,     11.3397,      1.5526,     29.5266,     59.0531,      0.0195,      0.0018,      0.0942,      0.2111,   7976.2246,-461830.8438,   -939.9972,    556.7626,  26587.4141,
       1,     170,     219,      20,       1,       3,       1,     10.0000,      1.4149,     42.8221,    252.4563,     63.5333,      3.4953,      0.0224,     -0.0108,      1.2485,      0.1690,      5.6698,     11.3397,      1.4933,     29.5266,     59.0531,      0.0195,      0.0014,      0.0106,      0.2112,   7976.2246,-441372.2500,   -935.9151,    558.1967,  26587.4141,
       1,     170,     219,      21,       1,       3,       1,     10.0000,      1.4149,     42.8221,    252.4563,     63.5333,      3.4953,      0.0000,     -0.0332,      1.6985,      0.1673,      5.6698,     11.3397,      1.4784,     29.5266,     59.0531,      0.0195,      0.0013,      0.0156,      0.2112,   7976.2246,-423822.4375,   -932.3671,    559.4232,  26587.4141,
       1,     170,     219,      22,       1,       3,       1,     10.0000,      1.4149,     42.8221,    252.4563,     63.5333,      3.4953,      0.0000,     -0.0330,      1.6411,      0.1633,      5.6698,     11.3397,      1.4433,     29.5266,     59.0531,      0.0195,      0.0013,      0.0156,      0.2112,   7976.2246,-422888.5938,   -932.1699,    559.4898,  26587.4160,
       1,     170,     219,      23,       1,       3,       1,     10.0000,      1.4149,     42.8221,    252.4563,     63.5333,      3.4953,      0.0000,     -0.0328,      0.7834,      0.1556,      5.6698,     11.3397,      1.3754,     29.5266,     59.0531,      0.0195,      0.0006,      0.0156,      0.2112,   7976.2251,-422738.9375,   -933.1497,    559.5003,  26587.4141,
       1,     170,     219,      24,       1,       3,       1,     10.0000,      1.4149,     42.8221,    252.4563,     63.5333,      3.4953,      0.0000,     -0.0327,      0.4751,      0.1533,      5.6698,     11.3397,      1.3548,     29.5266,     59.0531,      0.0195,      0.0004,      0.0156,      0.2112,   7976.2246,-421693.5938,   -932.9453,    559.5734,  26587.4160,
       1,     170,     220,       1,       1,       3,       1,     10.0000,      1.4149,     42.8224,    252.4623,     63.5348,      3.4953,      0.0000,     -0.0327,      0.3791,      0.1549,      5.6701,     11.3403,      1.3685,     29.5307,     59.0615,      0.0195,      0.0003,      0.0156,      0.2112,   7976.2251,-421389.6250,   -933.1736,    559.6078,  26588.6074,
       1,     170,     220,       2,       1,       3,       1,     10.0000,      1.4149,     42.8224,    252.4623,     63.5348,      3.4953,      0.0000,     -0.0327,      0.4533,      0.1550,      5.6701,     11.3403,      1.3699,     29.5307,     59.0615,      0.0195,      0.0004,      0.0156,      0.2112,   7976.5825,-421095.7812,   -932.8334,    559.6284,  26588.6055,
       1,     170,     220,       3,       1,       3,       1,     10.0000,      1.4149,     42.8224,    252.4623,     63.5348,      3.4953,      0.0000,     -0.0329,      0.5004,      0.1587,      5.6701,     11.3403,      1.4019,     29.5307,     59.0615,      0.0195,      0.0004,      0.0156,      0.2112,   7976.5820,-421160.5938,   -932.8490,    559.6239,  26588.6074,
       1,     170,     220,       4,       1,       3,       1,     10.0000,      1.4149,     42.8224,    252.4623,     63.5348,      3.4953,      0.0000,     -0.0327,      0.4314,      0.1541,      5.6701,     11.3403,      1.3617,     29.5307,     59.0615,      0.0195,      0.0003,      0.0156,      0.2112,   7976.5825,-421222.4688,   -932.8625,    559.6196,  26588.6094,
       1,     170,     220,       5,       1,       3,       1,     10.0000,      1.4149,     42.8224,    252.4623,     63.5348,      3.4953,      0.0000,     -0.0326,      0.4992,      0.1524,      5.6701,     11.3403,      1.3467,     29.5307,     59.0615,      0.0195,      0.0004,      0.0156,      0.2112,   7976.5830,-421144.3750,   -932.8481,    559.6251,  26588.6074,
       1,     170,     220,       6,       1,       3,       1,     10.0000,      1.4149,     42.8224,    252.4623,     63.5348,      3.4953,      0.0000,     -0.0328,      0.3950,      0.1557,      5.6701,     11.3403,      1.3754,     29.5307,     59.0615,      0.0195,      0.0003,      0.0156,      0.2112,   7976.5825,-421219.6562,   -932.8655,    559.6198,  26588.6074,
       1,     170,     220,       7,       1,       3,       1,     10.0000,      1.4149,     42.8224,    252.4623,     63.5348,      3.4953,      0.0000,     -0.0328,      0.3871,      0.1577,      5.6701,     11.3403,      1.3935,     29.5307,     59.0615,      0.0195,      0.0003,      0.0156,      0.2112,   7976.5825,-421100.5625,   -932.8433,    559.6281,  26588.6055,
       1,     170,     220,       8,       1,       3,       1,     10.0000,      1.4149,     42.8224,    252.4623,     63.5348,      3.4953,      0.0085,     -0.0242,      0.3988,      0.1522,      5.6701,     11.3403,      1.3453,     29.5307,     59.0615,      0.0195,      0.0003,      0.0156,      0.2112,   7976.5820,-421081.3125,   -932.7756,    559.6295,  26588.6074,
       1,     170,     220,       9,       1,       3,       1,     10.0000,      1.4149,     42.8224,    252.4623,     63.5348,      3.4953,      0.0812,      0.0483,      2.9014,      0.1587,      5.6701,     11.3403,      1.4019,     29.5307,     59.0615,      0.0195,      0.0004,      0.0946,      0.2112,   7976.5825,-421093.3750,   -932.7799,    559.6285,  26588.6074,
       1,     170,     220,      10,       1,       3,       1,     10.0000,      1.4149,     42.8224,    252.4623,     63.5348,      3.4953,      0.1591,      0.1255,     23.9056,      0.1809,      5.6701,     11.3403,      1.5981,     29.5307,     59.0615,      0.0195,      0.0014,      0.2034,      0.2112,   7976.5825,-424108.2812,   -933.4005,    559.4177,  26588.6074,
       1,     170,     220,      11,       1,       3,       1,     10.0000,      1.4149,     42.8224,    252.4623,     63.5348,      3.4953,      0.1912,      0.1567,     67.4054,      0.2113,      5.6701,     11.3403,      1.8669,     29.5307,     59.0615,      0.0195,      0.0033,      0.2448,      0.2112,   7976.5825,-449658.4062,   -938.6100,    557.6310,  26588.6074,
       1,     170,     220,      12,       1,       3,       1,     10.0000,      1.4149,     42.8224,    252.4623,     63.5348,      3.4953,      0.1965,      0.1615,     90.3824,      0.2270,      5.6701,     11.3403,      2.0058,     29.5307,     59.0615,      0.0195,      0.0044,      0.2500,      0.2112,   7976.5825,-504224.5938,   -949.8068,    553.8304,  26588.6094,
       1,     170,     220,      13,       1,       3,       1,     10.0000,      1.4149,     42.8224,    252.4623,     63.5348,      3.4953,      0.1979,      0.1624,    109.7949,      0.2445,      5.6701,     11.3403,      2.1605,     29.5307,     59.0615,      0.0195,      0.0053,      0.2500,      0.2111,   7976.5830,-536548.9375,   -956.7012,    551.6057,  26588.6074,
       1,     170,     220,      14,       1,       3,       1,     10.0000,      1.4149,     42.8224,    252.4623,     63.5348,      3.4953,      0.1895,      0.1545,     76.2933,      0.2292,      5.6701,     11.3403,      2.0255,     29.5307,     59.0615,      0.0195,      0.0038,      0.2416,      0.2111,   7976.5825,-562678.1875,   -956.3738,    549.8085,  26588.6074,
       1,     170,     220,      15,       1,       3,       1,     10.0000,      1.4149,     42.8224,    252.4623,     63.5348,      3.4953,      0.1616,      0.1278,     17.8285,      0.1871,      5.6701,     11.3403,      1.6531,     29.5307,     59.0615,      0.0195,      0.0010,      0.2077,      0.2111,   7976.5825,-524440.2500,   -950.4323,    552.4394,  26588.6055,
       1,     170,     220,      16,       1,       3,       1,     10.0000,      1.4149,     42.8224,    252.4623,     63.5348,      3.4953,      0.1347,      0.1006,     25.5858,      0.1958,      5.6701,     11.3403,      1.7302,     29.5307,     59.0615,      0.0195,      0.0018,      0.1681,      0.2111,   7976.5820,-450733.3438,   -936.6331,    557.5355,  26588.6055,
       1,     170,     220,      17,       1,       3,       1,     10.0000,      1.4149,     42.8224,    252.4623,     63.5348,      3.4953,      0.1572,      0.1230,     37.4233,      0.1983,      5.6701,     11.3403,      1.7526,     29.5307,     59.0615,      0.0195,      0.0023,      0.1991,      0.2112,   7976.5820,-453957.1875,   -937.6951,    557.3344,  26588.6074,
       1,     170,     220,      18,       1,       3,       1,     10.0000,      1.4149,     42.8224,    252.4623,     63.5348,      3.4953,      0.1361,      0.1019,     30.8953,      0.1974,      5.6701,     11.3403,      1.7440,     29.5307,     59.0615,      0.0195,      0.0022,      0.1695,      0.2112,   7976.5825,-468462.0312,   -941.0956,    556.3239,  26588.6035,
       1,     170,     220,      19,       1,       3,       1,     10.0000,      1.4149,     42.8224,    252.4623,     63.5348,      3.4953,      0.0861,      0.0522,     17.2685,      0.1918,      5.6701,     11.3403,      1.6946,     29.5307,     59.0615,      0.0195,      0.0021,      0.0994,      0.2112,   7976.5815,-461817.5000,   -940.2395,    556.7869,  26588.6074,
       1,     170,     220,      20,       1,       3,       1,     10.0000,      1.4149,     42.8224,    252.4623,     63.5348,      3.4953,      0.0256,     -0.0081,      2.1295,      0.1836,      5.6701,     11.3403,      1.6221,     29.5307,     59.0615,      0.0195,      0.0018,      0.0145,      0.2112,   7976.5825,-444837.9062,   -937.1851,    557.9688,  26588.6055,
       1,     170,     220,      21,       1,       3,       1,     10.0000,      1.4149,     42.8224,    252.4623,     63.5348,      3.4953,      0.0000,     -0.0335,      1.7973,      0.1780,      5.6701,     11.3403,      1.5728,     29.5307,     59.0615,      0.0195,      0.0014,      0.0156,      0.2112,   7976.5820,-425176.4688,   -933.4507,    559.3414,  26588.6055,
       1,     170,     220,      22,       1,       3,       1,     10.0000,      1.4149,     42.8224,    252.4623,     63.5348,      3.4953,      0.0000,     -0.0334,      1.6535,      0.1752,      5.6701,     11.3403,      1.5479,     29.5307,     59.0615,      0.0195,      0.0013,      0.0156,      0.2112,   7976.5820,-423124.9688,   -933.1196,    559.4865,  26588.6055,
       1,     170,     220,      23,       1,       3,       1,     10.0000,      1.4149,     42.8224,    252.4623,     63.5348,      3.4953,      0.0000,     -0.0333,      1.2556,      0.1722,      5.6701,     11.3403,      1.5219,     29.5307,     59.0615,      0.0195,      0.0010,      0.0156,      0.2112,   7976.5820,-422777.0000,   -933.1151,    559.5109,  26588.6055,
       1,     170,     220,      24,       1,       3,       1,     10.0000,      1.4149,     42.8224,    252.4623,     63.5348,      3.4953,      0.0000,     -0.0333,      1.0354,      0.1717,      5.6701,     11.3403,      1.5174,     29.5307,     59.0615,      0.0195,      0.0008,      0.0156,      0.2112,   7976.5820,-422268.4375,   -933.0565,    559.5464,  26588.6055,
       1,     170,     221,       1,       1,       3,       1,     10.0000,      1.4150,     42.8227,    252.4682,     63.5363,      3.4953,      0.0000,     -0.0333,      0.9347,      0.1719,      5.6705,     11.3409,      1.5189,     29.5325,     59.0649,      0.0195,      0.0007,      0.0156,      0.2113,   7976.5820,-422115.7812,   -933.3375,    559.5703,  26589.7969,
       1,     170,     221,       2,       1,       3,       1,     10.0000,      1.4150,     42.8227,    252.4682,     63.5363,      3.4953,      0.0000,     -0.0332,      0.7426,      0.1695,      5.6705,     11.3409,      1.4978,     29.5325,     59.0649,      0.0195,      0.0006,      0.0156,      0.2113,   7976.9395,-421829.0000,   -933.0270,    559.5902,  26589.7969,
       1,     170,     221,       3,       1,       3,       1,     10.0000,      1.4150,     42.8227,    252.4682,     63.5363,      3.4953,      0.0000,     -0.0332,      0.5787,      0.1678,      5.6705,     11.3409,      1.4829,     29.5325,     59.0649,      0.0195,      0.0004,      0.0156,      0.2113,   7976.9395,-421573.5625,   -932.9934,    559.6081,  26589.7988,
       1,     170,     221,       4,       1,       3,       1,     10.0000,      1.4150,     42.8227,    252.4682,     63.5363,      3.4953,      0.0000,     -0.0331,      0.5730,      0.1661,      5.6705,     11.3409,      1.4681,     29.5325,     59.0649,      0.0195,      0.0004,      0.0156,      0.2113,   7976.9399,-421354.5000,   -932.9584,    559.6235,  26589.7969,
       1,     170,     221,       5,       1,       3,       1,     10.0000,      1.4150,     42.8227,    252.4682,     63.5363,      3.4953,      0.0000,     -0.0332,      0.6575,      0.1675,      5.6705,     11.3409,      1.4799,     29.5325,     59.0649,      0.0195,      0.0005,      0.0156,      0.2113,   7976.9395,-421329.2500,   -932.9629,    559.6252,  26589.7949,
       1,     170,     221,       6,       1,       3,       1,     10.0000,      1.4150,     42.8227,    252.4682,     63.5363,      3.4953,      0.0000,     -0.0331,      0.7597,      0.1666,      5.6705,     11.3409,      1.4726,     29.5325,     59.0649,      0.0195,      0.0006,      0.0156,      0.2113,   7976.9390,-421429.2812,   -932.9961,    559.6182,  26589.7969,
       1,     170,     221,       7,       1,       3,       1,     10.0000,      1.4150,     42.8227,    252.4682,     63.5363,      3.4953,      0.0000,     -0.0330,      1.0567,      0.1619,      5.6705,     11.3409,      1.4304,     29.5325,     59.0649,      0.0195,      0.0008,      0.0156,      0.2113,   7976.9395,-421560.5312,   -933.0380,    559.6090,  26589.7969,
       1,     170,     221,       8,       1,       3,       1,     10.0000,      1.4150,     42.8227,    252.4682,     63.5363,      3.4953,      0.0064,     -0.0265,      0.5469,      0.1585,      5.6705,     11.3409,      1.4006,     29.5325,     59.0649,      0.0195,      0.0004,      0.0156,      0.2113,   7976.9395,-421929.1875,   -933.1394,    559.5833,  26589.7949,
       1,     170,     221,       9,       1,       3,       1,     10.0000,      1.4150,     42.8227,    252.4682,     63.5363,      3.4953,      0.0639,      0.0309,      3.3743,      0.1619,      5.6705,     11.3409,      1.4304,     29.5325,     59.0649,      0.0195,      0.0006,      0.0698,      0.2113,   7976.9390,-421346.6875,   -933.0390,    559.6240,  26589.7969,
       1,     170,     221,      10,       1,       3,       1,     10.0000,      1.4150,     42.8227,    252.4682,     63.5363,      3.4953,      0.1548,      0.1212,     27.8372,      0.1809,      5.6705,     11.3409,      1.5981,     29.5325,     59.0649,      0.0195,      0.0017,      0.1968,      0.2113,   7976.9395,-424701.9375,   -933.7847,    559.3893,  26589.7969,
       1,     170,     221,      11,       1,       3,       1,     10.0000,      1.4150,     42.8227,    252.4682,     63.5363,      3.4953,      0.1922,      0.1577,     69.6000,      0.2092,      5.6705,     11.3409,      1.8487,     29.5325,     59.0649,      0.0195,      0.0034,      0.2460,      0.2113,   7976.9395,-454442.6875,   -940.0474,    557.3098,  26589.7949,
       1,     170,     221,      12,       1,       3,       1,     10.0000,      1.4150,     42.8227,    252.4682,     63.5363,      3.4953,      0.1778,      0.1431,     63.0691,      0.2138,      5.6705,     11.3409,      1.8892,     29.5325,     59.0649,      0.0195,      0.0034,      0.2259,      0.2112,   7976.9390,-507269.3750,   -951.3022,    553.6335,  26589.7969,
       1,     170,     221,      13,       1,       3,       1,     10.0000,      1.4150,     42.8227,    252.4682,     63.5363,      3.4953,      0.1958,      0.1608,     84.3405,      0.2270,      5.6705,     11.3409,      2.0058,     29.5325,     59.0649,      0.0195,      0.0041,      0.2496,      0.2112,   7976.9395,-503863.4688,   -950.3796,    553.8813,  26589.7969,
       1,     170,     221,      14,       1,       3,       1,     10.0000,      1.4150,     42.8227,    252.4682,     63.5363,      3.4953,      0.1863,      0.1513,     74.8295,      0.2290,      5.6705,     11.3409,      2.0236,     29.5325,     59.0649,      0.0195,      0.0038,      0.2371,      0.2112,   7976.9395,-529208.3750,   -956.3999,    552.1266,  26589.7949,
       1,     170,     221,      15,       1,       3,       1,     10.0000,      1.4150,     42.8227,    252.4682,     63.5363,      3.4953,      0.1157,      0.0816,     21.0071,      0.1966,      5.6705,     11.3409,      1.7371,     29.5325,     59.0649,      0.0195,      0.0018,      0.1414,      0.2111,   7976.9390,-519872.2500,   -951.5971,    552.7738,  26589.7969,
       1,     170,     221,      16,       1,       3,       1,     10.0000,      1.4150,     42.8227,    252.4682,     63.5363,      3.4953,      0.0195,     -0.0125,      0.3032,      0.1347,      5.6705,     11.3409,      1.1904,     29.5325,     59.0649,      0.0195,      0.0005,      0.0080,      0.2112,   7976.9395,-454181.0000,   -916.7546,    557.3132,  26589.7930,
       1,     170,     221,      17,       1,       3,       1,     10.0000,      1.4150,     42.8227,    252.4682,     63.5363,      3.4953,      0.0186,     -0.0134,      0.2110,      0.1334,      5.6705,     11.3409,      1.1784,     29.5325,     59.0649,      0.0195,      0.0004,      0.0068,      0.2112,   7976.9380,-423782.5312,   -910.6715,    559.4496,  26589.8027,
       1,     170,     221,      18,       1,       3,       1,     10.0000,      1.4150,     42.8227,    252.4682,     63.5363,      3.4953,      0.0201,     -0.0118,      0.2772,      0.1328,      5.6705,     11.3409,      1.1736,     29.5325,     59.0649,      0.0195,      0.0004,      0.0089,      0.2113,   7976.9409,-421102.2500,   -910.1689,    559.6411,  26589.8047,
       1,     170,     221,      19,       1,       3,       1,     10.0000,      1.4150,     42.8227,    252.4682,     63.5363,      3.4953,      0.0157,     -0.0163,      0.1224,      0.1357,      5.6705,     11.3409,      1.1989,     29.5325,     59.0649,      0.0195,      0.0006,      0.0026,      0.2113,   7976.9419,-420951.0312,   -910.2192,    559.6517,  26589.8047,
       1,     170,     221,      20,       1,       3,       1,     10.0000,      1.4150,     42.8227,    252.4682,     63.5363,      3.4953,      0.0068,     -0.0253,      0.5642,      0.1373,      5.6705,     11.3409,      1.2136,     29.5325,     59.0649,      0.0195,      0.0004,      0.0156,      0.2113,   7976.9419,-420751.9375,   -910.2789,    559.6656,  26589.8066,
       1,     170,     221,      21,       1,       3,       1,     10.0000,      1.4150,     42.8227,    252.4682,     63.5363,      3.4953,      0.0000,     -0.0321,      0.4275,      0.1383,      5.6705,     11.3409,      1.2222,     29.5325,     59.0649,      0.0195,      0.0003,      0.0156,      0.2113,   7976.9424,-421267.0312,   -910.4231,    559.6296,  26589.8066,
       1,     170,     221,      22,       1,       3,       1,     10.0000,      1.4150,     42.8227,    252.4682,     63.5363,      3.4953,      0.0000,     -0.0323,      0.4470,      0.1420,      5.6705,     11.3409,      1.2548,     29.5325,     59.0649,      0.0195,      0.0003,      0.0156,      0.2113,   7976.9424,-421145.7188,   -910.4147,    559.6381,  26589.8047,
       1,     170,     221,      23,       1,       3,       1,     10.0000,      1.4150,     42.8227,    252.4682,     63.5363,      3.4953,      0.0000,     -0.0324,      0.4610,      0.1464,      5.6705,     11.3409,      1.2935,     29.5325,     59.0649,      0.0195,      0.0004,      0.0156,      0.2113,   7976.9419,-421159.0938,   -910.4331,    559.6372,  26589.8047,
       1,     170,     221,      24,       1,       3,       1,     10.0000,      1.4150,     42.8227,    252.4682,     63.5363,      3.4953,      0.0000,     -0.0325,      0.4715,      0.1480,      5.6705,     11.3409,      1.3079,     29.5325,     59.0649,      0.0195,      0.0004,      0.0156,      0.2113,   7976.9419,-421177.0000,   -910.4534,    559.6359,  26589.8047,
       1,     170,     222,       1,       1,       3,       1,     10.0000,      1.4150,     42.8231,    252.4742,     63.5378,      3.4953,      0.0000,     -0.0326,      0.4372,      0.1498,      5.6715,     11.3430,      1.3239,     29.5209,     59.0418,      0.0195,      0.0003,      0.0156,      0.2113,   7976.9419,-421347.4062,   -910.7646,    559.6374,  26590.9961,
       1,     170,     222,       2,       1,       3,       1,     10.0000,      1.4150,     42.8231,    252.4742,     63.5378,      3.4953,      0.0000,     -0.0326,      0.4100,      0.1515,      5.6715,     11.3430,      1.3386,     29.5209,     59.0418,      0.0195,      0.0003,      0.0156,      0.2113,   7977.2993,-421167.5625,   -910.4866,    559.6500,  26590.9961,
       1,     170,     222,       3,       1,       3,       1,     10.0000,      1.4150,     42.8231,    252.4742,     63.5378,      3.4953,      0.0000,     -0.0327,      0.3779,      0.1544,      5.6715,     11.3430,      1.3645,     29.5209,     59.0418,      0.0195,      0.0003,      0.0156,      0.2113,   7977.2993,-421119.5625,   -910.4847,    559.6533,  26590.9980,
       1,     170,     222,       4,       1,       3,       1,     10.0000,      1.4150,     42.8231,    252.4742,     63.5378,      3.4953,      0.0000,     -0.0327,      0.3752,      0.1535,      5.6715,     11.3430,      1.3562,     29.5209,     59.0418,      0.0195,      0.0003,      0.0156,      0.2113,   7977.2998,-421076.6875,   -910.4785,    559.6564,  26590.9961,
       1,     170,     222,       5,       1,       3,       1,     10.0000,      1.4150,     42.8231,    252.4742,     63.5378,      3.4953,      0.0000,     -0.0324,      0.3501,      0.1445,      5.6715,     11.3430,      1.2766,     29.5209,     59.0418,      0.0195,      0.0003,      0.0156,      0.2113,   7977.2993,-421070.0625,   -910.4792,    559.6568,  26590.9961,
       1,     170,     222,       6,       1,       3,       1,     10.0000,      1.4150,     42.8231,    252.4742,     63.5378,      3.4953,      0.0000,     -0.0325,      0.3637,      0.1494,      5.6715,     11.3430,      1.3199,     29.5209,     59.0418,      0.0195,      0.0003,      0.0156,      0.2113,   7977.2993,-421039.3438,   -910.4754,    559.6590,  26590.9961,
       1,     170,     222,       7,       1,       3,       1,     10.0000,      1.4150,     42.8231,    252.4742,     63.5378,      3.4953,      0.0000,     -0.0326,      0.3684,      0.1510,      5.6715,     11.3430,      1.3346,     29.5209,     59.0418,      0.0195,      0.0003,      0.0156,      0.2113,   7977.2993,-421053.0625,   -910.4797,    559.6580,  26590.9961,
       1,     170,     222,       8,       1,       3,       1,     10.0000,      1.4150,     42.8231,    252.4742,     63.5378,      3.4953,      0.0055,     -0.0271,      0.3671,      0.1506,      5.6715,     11.3430,      1.3306,     29.5209,     59.0418,      0.0195,      0.0003,      0.0156,      0.2113,   7977.2993,-421059.9375,   -910.4826,    559.6575,  26590.9980,
       1,     170,     222,       9,       1,       3,       1,     10.0000,      1.4150,     42.8231,    252.4742,     63.5378,      3.4953,      0.0628,      0.0300,      1.8304,      0.1564,      5.6715,     11.3430,      1.3824,     29.5209,     59.0418,      0.0195,      0.0003,      0.0686,      0.2113,   7977.2998,-421058.7188,   -910.5081,    559.6577,  26590.9941,
       1,     170,     222,      10,       1,       3,       1,     10.0000,      1.4150,     42.8231,    252.4742,     63.5378,      3.4953,      0.1452,      0.1119,     13.6484,      0.1721,      5.6715,     11.3430,      1.5205,     29.5209,     59.0418,      0.0195,      0.0009,      0.1846,      0.2113,   7977.2983,-422820.8750,   -911.0308,    559.5343,  26590.9961,
       1,     170,     222,      11,       1,       3,       1,     10.0000,      1.4150,     42.8231,    252.4742,     63.5378,      3.4953,      0.1660,      0.1322,     31.0543,      0.1876,      5.6715,     11.3430,      1.6581,     29.5209,     59.0418,      0.0195,      0.0018,      0.2125,      0.2113,   7977.2993,-437198.2500,   -914.3273,    558.5287,  26590.9941,
       1,     170,     222,      12,       1,       3,       1,     10.0000,      1.4150,     42.8231,    252.4742,     63.5378,      3.4953,      0.1954,      0.1607,     74.6466,      0.2165,      5.6715,     11.3430,      1.9135,     29.5209,     59.0418,      0.0195,      0.0036,      0.2500,      0.2113,   7977.2983,-459372.9688,   -919.4594,    556.9815,  26590.9961,
       1,     170,     222,      13,       1,       3,       1,     10.0000,      1.4150,     42.8231,    252.4742,     63.5378,      3.4953,      0.1932,      0.1584,     85.3374,      0.2204,      5.6715,     11.3430,      1.9477,     29.5209,     59.0418,      0.0195,      0.0042,      0.2458,      0.2112,   7977.2993,-513756.6875,   -931.7141,    553.1973,  26590.9961,
       1,     170,     222,      14,       1,       3,       1,     10.0000,      1.4150,     42.8231,    252.4742,     63.5378,      3.4953,      0.1839,      0.1495,     60.8603,      0.2055,      5.6715,     11.3430,      1.8162,     29.5209,     59.0418,      0.0195,      0.0031,      0.2349,      0.2112,   7977.2993,-531248.7500,   -932.4518,    552.0006,  26590.9961,
       1,     170,     222,      15,       1,       3,       1,     10.0000,      1.4150,     42.8231,    252.4742,     63.5378,      3.4953,      0.1420,      0.1100,     13.6614,      0.1347,      5.6715,     11.3430,      1.1905,     29.5209,     59.0418,      0.0195,      0.0009,      0.1802,      0.2112,   7977.2993,-503184.7812,   -926.7655,    553.9383,  26590.9941,
       1,     170,     222,      16,       1,       3,       1,     10.0000,      1.4150,     42.8231,    252.4742,     63.5378,      3.4953,      0.1864,      0.1528,     30.0294,      0.1827,      5.6715,     11.3430,      1.6142,     29.5209,     59.0418,      0.0195,      0.0015,      0.2419,      0.2112,   7977.2983,-443944.1562,   -916.5650,    558.0436,  26590.9961,
       1,     170,     222,      17,       1,       3,       1,     10.0000,      1.4150,     42.8231,    252.4742,     63.5378,      3.4953,      0.1035,      0.0697,     17.5731,      0.1849,      5.6715,     11.3430,      1.6335,     29.5209,     59.0418,      0.0195,      0.0017,      0.1243,      0.2113,   7977.2993,-458724.9062,   -920.6122,    557.0279,  26590.9941,
       1,     170,     222,      18,       1,       3,       1,     10.0000,      1.4150,     42.8231,    252.4742,     63.5378,      3.4953,      0.0339,      0.0004,      3.0983,      0.1782,      5.6715,     11.3430,      1.5745,     29.5209,     59.0418,      0.0195,      0.0014,      0.0264,      0.2112,   7977.2983,-444946.8125,   -918.6057,    557.9881,  26590.9941,
       1,     170,     222,      19,       1,       3,       1,     10.0000,      1.4150,     42.8231,    252.4742,     63.5378,      3.4953,      0.0179,     -0.0153,      0.3955,      0.1683,      5.6715,     11.3430,      1.4874,     29.5209,     59.0418,      0.0195,      0.0011,      0.0042,      0.2113,   7977.2983,-426356.3750,   -915.4365,    559.2856,  26590.9961,
       1,     170,     222,      20,       1,       3,       1,     10.0000,      1.4150,     42.8231,    252.4742,     63.5378,      3.4953,      0.0189,     -0.0137,      0.5855,      0.1515,      5.6715,     11.3430,      1.3386,     29.5209,     59.0418,      0.0195,      0.0011,      0.0063,      0.2113,   7977.2993,-421540.7500,   -914.7037,    559.6238,  26590.9961,
       1,     170,     222,      21,       1,       3,       1,     10.0000,      1.4150,     42.8231,    252.4742,     63.5378,      3.4953,      0.0000,     -0.0329,      0.7999,      0.1595,      5.6715,     11.3430,      1.4091,     29.5209,     59.0418,      0.0195,      0.0006,      0.0156,      0.2113,   7977.2993,-421362.4688,   -914.8181,    559.6364,  26590.9980,
       1,     170,     222,      22,       1,       3,       1,     10.0000,      1.4150,     42.8231,    252.4742,     63.5378,      3.4953,      0.0000,     -0.0327,      0.4246,      0.1546,      5.6715,     11.3430,      1.3658,     29.5209,     59.0418,      0.0195,      0.0003,      0.0156,      0.2113,   7977.2998,-421605.2500,   -914.9091,    559.6194,  26590.9961,
       1,     170,     222,      23,       1,       3,       1,     10.0000,      1.4150,     42.8231,    252.4742,     63.5378,      3.4953,      0.0000,     -0.0329,      0.4124,      0.1598,      5.6715,     11.3430,      1.4119,     29.5209,     59.0418,      0.0195,      0.0003,      0.0156,      0.2113,   7977.2993,-421174.0000,   -914.8366,    559.6495,  26590.9961,
       1,     170,     222,      24,       1,       3,       1,     10.0000,      1.4150,     42.8231,    252.4742,     63.5378,      3.4953,      0.0000,     -0.0331,      0.6404,      0.1652,      5.6715,     11.3430,      1.4594,     29.5209,     59.0418,      0.0195,      0.0005,      0.0156,      0.2113,   7977.2993,-421123.1250,   -914.8313,    559.6532,  26590.9941,
       1,     170,     223,       1,       1,       3,       1,     10.0000,      1.4150,     42.8234,    252.4801,     63.5392,      3.4953,      0.0000,     -0.0332,      0.8488,      0.1675,      5.6708,     11.3416,      1.4800,     29.5161,     59.0322,      0.0195,      0.0007,      0.0156,      0.2113,   7977.2983,-421548.8750,   -915.2044,    559.6365,  26592.1855,
       1,     170,     223,       2,       1,       3,       1,     10.0000,      1.4150,     42.8234,    252.4801,     63.5392,      3.4953,      0.0000,     -0.0331,      0.8486,      0.1655,      5.6708,     11.3416,      1.4623,     29.5161,     59.0322,      0.0195,      0.0007,      0.0156,      0.2113,   7977.6558,-421683.0938,   -915.0186,    559.6270,  26592.1875,
       1,     170,     223,       3,       1,       3,       1,     10.0000,      1.4150,     42.8234,    252.4801,     63.5392,      3.4953,      0.0000,     -0.0330,      0.7387,      0.1629,      5.6708,     11.3416,      1.4391,     29.5161,     59.0322,      0.0195,      0.0006,      0.0156,      0.2113,   7977.6567,-421694.1250,   -915.0726,    559.6263,  26592.1875,
       1,     170,     223,       4,       1,       3,       1,     10.0000,      1.4150,     42.8234,    252.4801,     63.5392,      3.4953,      0.0000,     -0.0329,      0.5630,      0.1591,      5.6708,     11.3416,      1.4063,     29.5161,     59.0322,      0.0195,      0.0004,      0.0156,      0.2113,   7977.6567,-421562.6250,   -915.0894,    559.6356,  26592.1875,
       1,     170,     223,       5,       1,       3,       1,     10.0000,      1.4150,     42.8234,    252.4801,     63.5392,      3.4953,      0.0000,     -0.0328,      0.5019,      0.1574,      5.6708,     11.3416,      1.3908,     29.5161,     59.0322,      0.0195,      0.0004,      0.0156,      0.2113,   7977.6567,-421339.9062,   -915.0692,    559.6511,  26592.1875,
       1,     170,     223,       6,       1,       3,       1,     10.0000,      1.4150,     42.8234,    252.4801,     63.5392,      3.4953,      0.0000,     -0.0327,      0.4246,      0.1546,      5.6708,     11.3416,      1.3659,     29.5161,     59.0322,      0.0195,      0.0003,      0.0156,      0.2113,   7977.6567,-421247.6875,   -915.0664,    559.6575,  26592.1875,
       1,     170,     223,       7,       1,       3,       1,     10.0000,      1.4150,     42.8234,    252.4801,     63.5392,      3.4953,      0.0000,     -0.0326,      0.3654,      0.1500,      5.6708,     11.3416,      1.3252,     29.5161,     59.0322,      0.0195,      0.0003,      0.0156,      0.2113,   7977.6567,-421146.9062,   -915.0547,    559.6646,  26592.1855,
       1,     170,     223,       8,       1,       3,       1,     10.0000,      1.4150,     42.8234,    252.4801,     63.5392,      3.4953,      0.0183,     -0.0140,      0.1311,      0.1433,      5.6708,     11.3416,      1.2664,     29.5161,     59.0322,      0.0195,      0.0003,      0.0059,      0.2113,   7977.6558,-421067.2812,   -915.0423,    559.6702,  26592.1855,
       1,     170,     223,       9,       1,       3,       1,     10.0000,      1.4150,     42.8234,    252.4801,     63.5392,      3.4953,      0.1330,      0.0998,     15.5292,      0.1687,      5.6708,     11.3416,      1.4904,     29.5161,     59.0322,      0.0195,      0.0011,      0.1670,      0.2113,   7977.6558,-420778.5312,   -915.0474,    559.6904,  26592.1875,
       1,     170,     223,      10,       1,       3,       1,     10.0000,      1.4150,     42.8234,    252.4801,     63.5392,      3.4953,      0.1816,      0.1473,     69.9750,      0.2039,      5.6708,     11.3416,      1.8019,     29.5161,     59.0322,      0.0195,      0.0037,      0.2305,      0.2113,   7977.6567,-439291.0000,   -919.0970,    558.3953,  26592.1855,
       1,     170,     223,      11,       1,       3,       1,     10.0000,      1.4150,     42.8234,    252.4801,     63.5392,      3.4953,      0.1907,      0.1558,    106.8095,      0.2252,      5.6708,     11.3416,      1.9902,     29.5161,     59.0322,      0.0195,      0.0054,      0.2397,      0.2113,   7977.6558,-506415.5938,   -933.1004,    553.7114,  26592.1855,
       1,     170,     223,      12,       1,       3,       1,     10.0000,      1.4150,     42.8234,    252.4801,     63.5392,      3.4953,      0.1946,      0.1599,     93.3527,      0.2178,      5.6708,     11.3416,      1.9249,     29.5161,     59.0322,      0.0195,      0.0046,      0.2469,      0.2112,   7977.6558,-556511.4375,   -944.5796,    550.2637,  26592.1875,
       1,     170,     223,      13,       1,       3,       1,     10.0000,      1.4150,     42.8234,    252.4801,     63.5392,      3.4953,      0.1978,      0.1626,    107.5521,      0.2324,      5.6708,     11.3416,      2.0536,     29.5161,     59.0322,      0.0195,      0.0052,      0.2499,      0.2112,   7977.6567,-544488.9375,   -944.0397,    551.1014,  26592.1895,
       1,     170,     223,      14,       1,       3,       1,     10.0000,      1.4150,     42.8234,    252.4801,     63.5392,      3.4953,      0.1643,      0.1302,     39.3274,      0.1970,      5.6708,     11.3416,      1.7406,     29.5161,     59.0322,      0.0195,      0.0023,      0.2091,      0.2112,   7977.6572,-560595.9375,   -938.3016,    549.9925,  26592.1855,
       1,     170,     223,      15,       1,       3,       1,     10.0000,      1.4150,     42.8234,    252.4801,     63.5392,      3.4953,      0.1675,      0.1339,     32.2831,      0.1816,      5.6708,     11.3416,      1.6046,     29.5161,     59.0322,      0.0195,      0.0018,      0.2145,      0.2111,   7977.6558,-479640.3438,   -921.9491,    555.5592,  26592.1875,
       1,     170,     223,      16,       1,       3,       1,     10.0000,      1.4150,     42.8234,    252.4801,     63.5392,      3.4953,      0.1717,      0.1376,     51.5334,      0.1960,      5.6708,     11.3416,      1.7320,     29.5161,     59.0322,      0.0195,      0.0029,      0.2183,      0.2113,   7977.6567,-464452.9375,   -919.0645,    556.6421,  26592.1855,
       1,     170,     223,      17,       1,       3,       1,     10.0000,      1.4150,     42.8234,    252.4801,     63.5392,      3.4953,      0.1274,      0.0943,     17.1903,      0.1640,      5.6708,     11.3416,      1.4492,     29.5161,     59.0322,      0.0195,      0.0013,      0.1588,      0.2113,   7977.6558,-486335.9375,   -923.3650,    555.1205,  26592.1875,
       1,     170,     223,      18,       1,       3,       1,     10.0000,      1.4150,     42.8234,    252.4801,     63.5392,      3.4953,      0.0938,      0.0609,      8.1656,      0.1579,      5.6708,     11.3416,      1.3950,     29.5161,     59.0322,      0.0195,      0.0009,      0.1120,      0.2112,   7977.6567,-446794.6250,   -915.3647,    557.8663,  26592.1875,
       1,     170,     223,      19,       1,       3,       1,     10.0000,      1.4150,     42.8234,    252.4801,     63.5392,      3.4953,      0.0819,      0.0488,     12.8292,      0.1677,      5.6708,     11.3416,      1.4815,     29.5161,     59.0322,      0.0195,      0.0016,      0.0943,      0.2113,   7977.6567,-432623.0312,   -913.1459,    558.8614,  26592.1855,
       1,     170,     223,      20,       1,       3,       1,     10.0000,      1.4150,     42.8234,    252.4801,     63.5392,      3.4953,      0.0236,     -0.0096,      1.3052,      0.1695,      5.6708,     11.3416,      1.4979,     29.5161,     59.0322,      0.0195,      0.0013,      0.0123,      0.2113,   7977.6558,-437040.7500,   -914.4235,    558.5537,  26592.1875,
       1,     170,     223,      21,       1,       3,       1,     10.0000,      1.4150,     42.8234,    252.4801,     63.5392,      3.4953,      0.0000,     -0.0332,      1.4772,      0.1675,      5.6708,     11.3416,      1.4800,     29.5161,     59.0322,      0.0195,      0.0011,      0.0156,      0.2113,   7977.6567,-423535.1250,   -912.1967,    559.4968,  26592.1855,
       1,     170,     223,      22,       1,       3,       1,     10.0000,      1.4150,     42.8234,    252.4801,     63.5392,      3.4953,      0.0000,     -0.0332,      1.2905,      0.1673,      5.6708,     11.3416,      1.4785,     29.5161,     59.0322,      0.0195,      0.0010,      0.0156,      0.2113,   7977.6558,-422607.7500,   -912.1761,    559.5624,  26592.1895,
       1,     170,     223,      23,       1,       3,       1,     10.0000,      1.4150,     42.8234,    252.4801,     63.5392,      3.4953,      0.0000,     -0.0332,      1.1810,      0.1682,      5.6708,     11.3416,      1.4859,     29.5161,     59.0322,      0.0195,      0.0009,      0.0156,      0.2113,   7977.6572,-422303.7188,   -912.2385,    559.5837,  26592.1875,
       1,     170,     223,      24,       1,       3,       1,     10.0000,      1.4150,     42.8234,    252.4801,     63.5392,      3.4953,      0.0000,     -0.0332,      1.0429,      0.1692,      5.6708,     11.3416,      1.4949,     29.5161,     59.0322,      0.0195,      0.0008,      0.0156,      0.2113,   7977.6567,-422146.3750,   -912.3082,    559.5947,  26592.1875,
       1,     170,     224,       1,       1,       3,       1,     10.0000,      1.4150,     42.8237,    252.4861,     63.5408,      3.4953,      0.0000,     -0.0333,      1.0702,      0.1700,      5.6712,     11.3424,      1.5024,     29.5185,     59.0370,      0.0195,      0.0008,      0.0156,      0.2113,   7977.6567,-422122.1875,   -912.6469,    559.6096,  26593.3770,
       1,     170,     224,       2,       1,       3,       1,     10.0000,      1.4150,     42.8237,    252.4861,     63.5408,      3.4953,      0.0000,     -0.0332,      1.2172,      0.1695,      5.6712,     11.3424,      1.4979,     29.5185,     59.0370,      0.0195,      0.0009,      0.0156,      0.2113,   7978.0132,-422000.6250,   -912.4553,    559.6180,  26593.3789,
       1,     170,     224,       3,       1,       3,       1,     10.0000,      1.4150,     42.8237,    252.4861,     63.5408,      3.4953,      0.0000,     -0.0332,      1.3921,      0.1685,      5.6712,     11.3424,      1.4890,     29.5185,     59.0370,      0.0195,      0.0011,      0.0156,      0.2113,   7978.0142,-422167.1562,   -912.5955,    559.6064,  26593.3770,
       1,     170,     224,       4,       1,       3,       1,     10.0000,      1.4150,     42.8237,    252.4861,     63.5408,      3.4953,      0.0000,     -0.0331,      1.2239,      0.1657,      5.6712,     11.3424,      1.4638,     29.5185,     59.0370,      0.0195,      0.0009,      0.0156,      0.2113,   7978.0132,-422391.9062,   -912.7684,    559.5907,  26593.3770,
       1,     170,     224,       5,       1,       3,       1,     10.0000,      1.4150,     42.8237,    252.4861,     63.5408,      3.4953,      0.0000,     -0.0331,      1.4069,      0.1663,      5.6712,     11.3424,      1.4697,     29.5185,     59.0370,      0.0195,      0.0011,      0.0156,      0.2113,   7978.0132,-422208.3438,   -912.8470,    559.6035,  26593.3770,
       1,     170,     224,       6,       1,       3,       1,     10.0000,      1.4150,     42.8237,    252.4861,     63.5408,      3.4953,      0.0000,     -0.0329,      1.2273,      0.1599,      5.6712,     11.3424,      1.4134,     29.5185,     59.0370,      0.0195,      0.0009,      0.0156,      0.2113,   7978.0132,-422413.2188,   -913.0214,    559.5892,  26593.3770,
       1,     170,     224,       7,       1,       3,       1,     10.0000,      1.4150,     42.8237,    252.4861,     63.5408,      3.4953,      0.0000,     -0.0328,      1.1940,      0.1580,      5.6712,     11.3424,      1.3964,     29.5185,     59.0370,      0.0195,      0.0009,      0.0156,      0.2113,   7978.0132,-422214.2188,   -913.0967,    559.6031,  26593.3770,
       1,     170,     224,       8,       1,       3,       1,     10.0000,      1.4150,     42.8237,    252.4861,     63.5408,      3.4953,      0.0118,     -0.0212,      1.6071,      0.1617,      5.6712,     11.3424,      1.4291,     29.5185,     59.0370,      0.0195,      0.0012,      0.0156,      0.2113,   7978.0132,-422157.3125,   -913.1948,    559.6071,  26593.3789,
       1,     170,     224,       9,       1,       3,       1,     10.0000,      1.4150,     42.8237,    252.4861,     63.5408,      3.4953,      0.1179,      0.0846,     18.7524,      0.1722,      5.6712,     11.3424,      1.5221,     29.5185,     59.0370,      0.0195,      0.0016,      0.1451,      0.2113,   7978.0142,-422649.5938,   -913.4635,    559.5727,  26593.3770,
       1,     170,     224,      10,       1,       3,       1,     10.0000,      1.4150,     42.8237,    252.4861,     63.5408,      3.4953,      0.1724,      0.1384,     46.8683,      0.1941,      5.6712,     11.3424,      1.7150,     29.5185,     59.0370,      0.0195,      0.0026,      0.2199,      0.2113,   7978.0132,-443329.6875,   -917.7957,    558.1261,  26593.3770,
       1,     170,     224,      11,       1,       3,       1,     10.0000,      1.4150,     42.8237,    252.4861,     63.5408,      3.4953,      0.1801,      0.1459,     57.6980,      0.2001,      5.6712,     11.3424,      1.7684,     29.5185,     59.0370,      0.0195,      0.0030,      0.2298,      0.2113,   7978.0132,-478929.8125,   -925.5225,    555.6443,  26593.3770,
       1,     170,     224,      12,       1,       3,       1,     10.0000,      1.4150,     42.8237,    252.4861,     63.5408,      3.4953,      0.1710,      0.1368,     51.5661,      0.1993,      5.6712,     11.3424,      1.7615,     29.5185,     59.0370,      0.0195,      0.0029,      0.2173,      0.2113,   7978.0132,-494982.2500,   -929.7762,    554.5349,  26593.3770,
       1,     170,     224,      13,       1,       3,       1,     10.0000,      1.4150,     42.8237,    252.4861,     63.5408,      3.4953,      0.1953,      0.1607,     73.7850,      0.2151,      5.6712,     11.3424,      1.9005,     29.5185,     59.0370,      0.0195,      0.0036,      0.2500,      0.2113,   7978.0132,-488937.2188,   -929.7627,    554.9551,  26593.3770,
       1,     170,     224,      14,       1,       3,       1,     10.0000,      1.4150,     42.8237,    252.4861,     63.5408,      3.4953,      0.1917,      0.1571,     72.8525,      0.2149,      5.6712,     11.3424,      1.8986,     29.5185,     59.0370,      0.0195,      0.0036,      0.2449,      0.2113,   7978.0132,-515200.8438,   -934.1750,    553.1333,  26593.3770,
       1,     170,     224,      15,       1,       3,       1,     10.0000,      1.4150,     42.8237,    252.4861,     63.5408,      3.4953,      0.1870,      0.1524,     72.5581,      0.2157,      5.6712,     11.3424,      1.9061,     29.5185,     59.0370,      0.0195,      0.0037,      0.2382,      0.2112,   7978.0132,-516289.2812,   -935.9984,    553.0611,  26593.3750,
       1,     170,     224,      16,       1,       3,       1,     10.0000,      1.4150,     42.8237,    252.4861,     63.5408,      3.4953,      0.1919,      0.1573,     78.5041,      0.2140,      5.6712,     11.3424,      1.8912,     29.5185,     59.0370,      0.0195,      0.0039,      0.2445,      0.2112,   7978.0127,-516022.0938,   -937.3618,    553.0795,  26593.3770,
       1,     170,     224,      17,       1,       3,       1,     10.0000,      1.4150,     42.8237,    252.4861,     63.5408,      3.4953,      0.1705,      0.1361,     60.6801,      0.2068,      5.6712,     11.3424,      1.8270,     29.5185,     59.0370,      0.0195,      0.0034,      0.2156,      0.2112,   7978.0132,-523167.1250,   -940.0692,    552.5856,  26593.3789,
       1,     170,     224,      18,       1,       3,       1,     10.0000,      1.4150,     42.8237,    252.4861,     63.5408,      3.4953,      0.1342,      0.1002,     36.7233,      0.1935,      5.6712,     11.3424,      1.7099,     29.5185,     59.0370,      0.0195,      0.0027,      0.1661,      0.2112,   7978.0142,-502278.8125,   -937.0880,    554.0286,  26593.3789,
       1,     170,     224,      19,       1,       3,       1,     10.0000,      1.4150,     42.8237,    252.4861,     63.5408,      3.4953,      0.0414,      0.0076,      5.1146,      0.1849,      5.6712,     11.3424,      1.6336,     29.5185,     59.0370,      0.0195,      0.0017,      0.0367,      0.2113,   7978.0142,-471660.8750,   -931.8591,    556.1509,  26593.3770,
       1,     170,     224,      20,       1,       3,       1,     10.0000,      1.4150,     42.8237,    252.4861,     63.5408,      3.4953,      0.0077,     -0.0255,      1.6165,      0.1699,      5.6712,     11.3424,      1.5009,     29.5185,     59.0370,      0.0195,      0.0013,      0.0156,      0.2113,   7978.0132,-431026.0938,   -924.3488,    558.9799,  26593.3770,
       1,     170,     224,      21,       1,       3,       1,     10.0000,      1.4150,     42.8237,    252.4861,     63.5408,      3.4953,      0.0000,     -0.0330,      1.0884,      0.1642,      5.6712,     11.3424,      1.4507,     29.5185,     59.0370,      0.0195,      0.0008,      0.0156,      0.2113,   7978.0132,-423416.0312,   -922.9827,    559.5188,  26593.3789,
       1,     170,     224,      22,       1,       3,       1,     10.0000,      1.4150,     42.8237,    252.4861,     63.5408,      3.4953,      0.0000,     -0.0332,      0.8525,      0.1683,      5.6712,     11.3424,      1.4875,     29.5185,     59.0370,      0.0195,      0.0007,      0.0156,      0.2113,   7978.0142,-422131.5625,   -922.7756,    559.6089,  26593.3750,
       1,     170,     224,      23,       1,       3,       1,     10.0000,      1.4150,     42.8237,    252.4861,     63.5408,      3.4953,      0.0000,     -0.0331,      1.0087,      0.1663,      5.6712,     11.3424,      1.4697,     29.5185,     59.0370,      0.0195,      0.0008,      0.0156,      0.2113,   7978.0127,-421739.5938,   -922.7230,    559.6364,  26593.3750,
       1,     170,     224,      24,       1,       3,       1,     10.0000,      1.4150,     42.8237,    252.4861,     63.5408,      3.4953,      0.0000,     -0.0331,      0.8381,      0.1663,      5.6712,     11.3424,      1.4697,     29.5185,     59.0370,      0.0195,      0.0006,      0.0156,      0.2113,   7978.0127,-421894.5000,   -922.7845,    559.6255,  26593.3750,
       1,     170,     225,       1,       1,       3,       1,     10.0000,      1.4150,     42.8241,    252.4920,     63.5422,      3.4953,      0.0000,     -0.0331,      0.9180,      0.1670,      5.6705,     11.3411,      1.4756,     29.5213,     59.0426,      0.0195,      0.0007,      0.0156,      0.2114,   7978.0127,-421858.0000,   -923.0721,    559.6412,  26594.5684,
       1,     170,     225,       2,       1,       3,       1,     10.0000,      1.4150,     42.8241,    252.4920,     63.5422,      3.4953,      0.0000,     -0.0332,      1.0052,      0.1685,      5.6705,     11.3411,      1.4890,     29.5213,     59.0426,      0.0195,      0.0008,      0.0156,      0.2114,   7978.3706,-421798.1250,   -922.8156,    559.6454,  26594.5684,
       1,     170,     225,       3,       1,       3,       1,     10.0000,      1.4150,     42.8241,    252.4920,     63.5422,      3.4953,      0.0000,     -0.0331,      0.8374,      0.1662,      5.6705,     11.3411,      1.4683,     29.5213,     59.0426,      0.0195,      0.0006,      0.0156,      0.2114,   7978.3706,-421898.1250,   -922.8682,    559.6384,  26594.5684,
       1,     170,     225,       4,       1,       3,       1,     10.0000,      1.4150,     42.8241,    252.4920,     63.5422,      3.4953,      0.0000,     -0.0331,      0.7461,      0.1647,      5.6705,     11.3411,      1.4551,     29.5213,     59.0426,      0.0195,      0.0006,      0.0156,      0.2114,   7978.3706,-421704.5625,   -922.8553,    559.6520,  26594.5664,
       1,     170,     225,       5,       1,       3,       1,     10.0000,      1.4150,     42.8241,    252.4920,     63.5422,      3.4953,      0.0000,     -0.0330,      0.5405,      0.1624,      5.6705,     11.3411,      1.4348,     29.5213,     59.0426,      0.0195,      0.0004,      0.0156,      0.2114,   7978.3701,-421578.5312,   -922.8503,    559.6608,  26594.5684,
       1,     170,     225,       6,       1,       3,       1,     10.0000,      1.4150,     42.8241,    252.4920,     63.5422,      3.4953,      0.0000,     -0.0329,      0.7358,      0.1608,      5.6705,     11.3411,      1.4205,     29.5213,     59.0426,      0.0195,      0.0006,      0.0156,      0.2114,   7978.3706,-421320.2812,   -922.8084,    559.6788,  26594.5664,
       1,     170,     225,       7,       1,       3,       1,     10.0000,      1.4150,     42.8241,    252.4920,     63.5422,      3.4953,      0.0000,     -0.0323,      1.3304,      0.1435,      5.6705,     11.3411,      1.2677,     29.5213,     59.0426,      0.0195,      0.0010,      0.0156,      0.2114,   7978.3701,-421533.8438,   -922.8702,    559.6639,  26594.5684,
       1,     170,     225,       8,       1,       3,       1,     10.0000,      1.4150,     42.8241,    252.4920,     63.5422,      3.4953,      0.0101,     -0.0224,      1.6933,      0.1480,      5.6705,     11.3411,      1.3080,     29.5213,     59.0426,      0.0195,      0.0013,      0.0156,      0.2114,   7978.3706,-422267.2500,   -923.0619,    559.6126,  26594.5684,
       1,     170,     225,       9,       1,       3,       1,     10.0000,      1.4150,     42.8241,    252.4920,     63.5422,      3.4953,      0.0761,      0.0431,      7.4553,      0.1617,      5.6705,     11.3411,      1.4291,     29.5213,     59.0426,      0.0195,      0.0010,      0.0867,      0.2114,   7978.3706,-422765.8438,   -923.2341,    559.5778,  26594.5684,
       1,     170,     225,      10,       1,       3,       1,     10.0000,      1.4150,     42.8241,    252.4920,     63.5422,      3.4953,      0.1282,      0.0948,     15.7816,      0.1724,      5.6705,     11.3411,      1.5236,     29.5213,     59.0426,      0.0195,      0.0012,      0.1600,      0.2114,   7978.3706,-429742.8438,   -924.7106,    559.0897,  26594.5664,
       1,     170,     225,      11,       1,       3,       1,     10.0000,      1.4150,     42.8241,    252.4920,     63.5422,      3.4953,      0.1608,      0.1271,     27.8888,      0.1854,      5.6705,     11.3411,      1.6385,     29.5213,     59.0426,      0.0195,      0.0016,      0.2054,      0.2114,   7978.3701,-440353.5625,   -926.9911,    558.3484,  26594.5684,
       1,     170,     225,      12,       1,       3,       1,     10.0000,      1.4150,     42.8241,    252.4920,     63.5422,      3.4953,      0.1769,      0.1428,     47.6047,      0.1986,      5.6705,     11.3411,      1.7546,     29.5213,     59.0426,      0.0195,      0.0025,      0.2263,      0.2113,   7978.3706,-455823.1875,   -930.3557,    557.2692,  26594.5684,
       1,     170,     225,      13,       1,       3,       1,     10.0000,      1.4150,     42.8241,    252.4920,     63.5422,      3.4953,      0.1888,      0.1543,     60.4812,      0.2101,      5.6705,     11.3411,      1.8561,     29.5213,     59.0426,      0.0195,      0.0030,      0.2421,      0.2113,   7978.3706,-480867.6875,   -935.7538,    555.5257,  26594.5684,
       1,     170,     225,      14,       1,       3,       1,     10.0000,      1.4150,     42.8241,    252.4920,     63.5422,      3.4953,      0.1864,      0.1518,     65.1114,      0.2140,      5.6705,     11.3411,      1.8912,     29.5213,     59.0426,      0.0195,      0.0033,      0.2381,      0.2113,   7978.3706,-498489.1562,   -939.9075,    554.3047,  26594.5684,
       1,     170,     225,      15,       1,       3,       1,     10.0000,      1.4150,     42.8241,    252.4920,     63.5422,      3.4953,      0.1804,      0.1462,     53.5163,      0.1999,      5.6705,     11.3411,      1.7667,     29.5213,     59.0426,      0.0195,      0.0028,      0.2306,      0.2113,   7978.3706,-505548.0000,   -941.9807,    553.8170,  26594.5684,
       1,     170,     225,      16,       1,       3,       1,     10.0000,      1.4150,     42.8241,    252.4920,     63.5422,      3.4953,      0.1885,      0.1545,     56.0367,      0.1947,      5.6705,     11.3411,      1.7202,     29.5213,     59.0426,      0.0195,      0.0028,      0.2420,      0.2113,   7978.3706,-492166.0625,   -939.9430,    554.7437,  26594.5684,
       1,     170,     225,      17,       1,       3,       1,     10.0000,      1.4150,     42.8241,    252.4920,     63.5422,      3.4953,      0.1054,      0.0719,     21.3527,      0.1773,      5.6705,     11.3411,      1.5668,     29.5213,     59.0426,      0.0195,      0.0020,      0.1267,      0.2113,   7978.3706,-494082.2188,   -940.2469,    554.6116,  26594.5684,
       1,     170,     225,      18,       1,       3,       1,     10.0000,      1.4150,     42.8241,    252.4920,     63.5422,      3.4953,      0.0671,      0.0341,      6.2612,      0.1635,      5.6705,     11.3411,      1.4449,     29.5213,     59.0426,      0.0195,      0.0010,      0.0741,      0.2113,   7978.3706,-452452.4688,   -932.4733,    557.4976,  26594.5684,
       1,     170,     225,      19,       1,       3,       1,     10.0000,      1.4150,     42.8241,    252.4920,     63.5422,      3.4953,      0.0901,      0.0571,     11.4414,      0.1620,      5.6705,     11.3411,      1.4320,     29.5213,     59.0426,      0.0195,      0.0013,      0.1063,      0.2113,   7978.3706,-430808.5000,   -928.3881,    559.0134,  26594.5684,
       1,     170,     225,      20,       1,       3,       1,     10.0000,      1.4150,     42.8241,    252.4920,     63.5422,      3.4953,      0.0172,     -0.0156,      0.3809,      0.1584,      5.6705,     11.3411,      1.3993,     29.5213,     59.0426,      0.0195,      0.0013,      0.0037,      0.2114,   7978.3706,-435221.0312,   -929.3619,    558.7072,  26594.5684,
       1,     170,     225,      21,       1,       3,       1,     10.0000,      1.4150,     42.8241,    252.4920,     63.5422,      3.4953,      0.0000,     -0.0327,      1.4954,      0.1546,      5.6705,     11.3411,      1.3659,     29.5213,     59.0426,      0.0195,      0.0012,      0.0156,      0.2113,   7978.3706,-422275.2188,   -926.8952,    559.6113,  26594.5703,
       1,     170,     225,      22,       1,       3,       1,     10.0000,      1.4150,     42.8241,    252.4920,     63.5422,      3.4953,      0.0000,     -0.0327,      1.6017,      0.1535,      5.6705,     11.3411,      1.3563,     29.5213,     59.0426,      0.0195,      0.0012,      0.0156,      0.2114,   7978.3716,-422528.9375,   -926.9737,    559.5943,  26594.5703,
       1,     170,     225,      23,       1,       3,       1,     10.0000,      1.4150,     42.8241,    252.4920,     63.5422,      3.4953,      0.0000,     -0.0327,      1.4877,      0.1527,      5.6705,     11.3411,      1.3495,     29.5213,     59.0426,      0.0195,      0.0012,      0.0156,      0.2114,   7978.3716,-422677.3750,   -927.0346,    559.5839,  26594.5684,
       1,     170,     225,      24,       1,       3,       1,     10.0000,      1.4150,     42.8241,    252.4920,     63.5422,      3.4953,      0.0000,     -0.0324,      1.1260,      0.1464,      5.6705,     11.3411,      1.2936,     29.5213,     59.0426,      0.0195,      0.0009,      0.0156,      0.2114,   7978.3706,-422552.9062,   -927.0373,    559.5927,  26594.5684,
       1,     170,     226,       1,       1,       3,       1,     10.0000,      1.4151,     42.8244,    252.4980,     63.5438,      3.4953,      0.0000,     -0.0325,      0.9663,      0.1471,      5.6713,     11.3427,      1.3002,     29.5196,     59.0393,      0.0195,      0.0007,      0.0156,      0.2114,   7978.3706,-422262.2812,   -927.2751,    559.6260,  26595.7598,
       1,     170,     226,       2,       1,       3,       1,     10.0000,      1.4151,     42.8244,    252.4980,     63.5438,      3.4953,      0.0000,     -0.0325,      0.8364,      0.1494,      5.6713,     11.3427,      1.3200,     29.5196,     59.0393,      0.0195,      0.0006,      0.0156,      0.2114,   7978.7280,-421893.2812,   -926.9432,    559.6519,  26595.7617,
       1,     170,     226,       3,       1,       3,       1,     10.0000,      1.4151,     42.8244,    252.4980,     63.5438,      3.4953,      0.0000,     -0.0326,      0.9682,      0.1517,      5.6713,     11.3427,      1.3401,     29.5196,     59.0393,      0.0195,      0.0007,      0.0156,      0.2114,   7978.7290,-421705.6562,   -926.9180,    559.6650,  26595.7598,
       1,     170,     226,       4,       1,       3,       1,     10.0000,      1.4151,     42.8244,    252.4980,     63.5438,      3.4953,      0.0000,     -0.0327,      0.9945,      0.1526,      5.6713,     11.3427,      1.3482,     29.5196,     59.0393,      0.0195,      0.0008,      0.0156,      0.2114,   7978.7280,-421848.6250,   -926.9609,    559.6550,  26595.7598,
       1,     170,     226,       5,       1,       3,       1,     10.0000,      1.4151,     42.8244,    252.4980,     63.5438,      3.4953,      0.0000,     -0.0325,      0.7890,      0.1489,      5.6713,     11.3427,      1.3160,     29.5196,     59.0393,      0.0195,      0.0006,      0.0156,      0.2114,   7978.7280,-421892.3750,   -926.9855,    559.6519,  26595.7617,
       1,     170,     226,       6,       1,       3,       1,     10.0000,      1.4151,     42.8244,    252.4980,     63.5438,      3.4953,      0.0000,     -0.0325,      0.7192,      0.1482,      5.6713,     11.3427,      1.3094,     29.5196,     59.0393,      0.0195,      0.0006,      0.0156,      0.2114,   7978.7290,-421648.5938,   -926.9496,    559.6690,  26595.7617,
       1,     170,     226,       7,       1,       3,       1,     10.0000,      1.4151,     42.8244,    252.4980,     63.5438,      3.4953,      0.0000,     -0.0324,      1.0312,      0.1460,      5.6713,     11.3427,      1.2897,     29.5196,     59.0393,      0.0195,      0.0008,      0.0156,      0.2114,   7978.7290,-421544.0312,   -926.9389,    559.6763,  26595.7598,
       1,     170,     226,       8,       1,       3,       1,     10.0000,      1.4151,     42.8244,    252.4980,     63.5438,      3.4953,      0.0056,     -0.0266,      1.0540,      0.1407,      5.6713,     11.3427,      1.2436,     29.5196,     59.0393,      0.0195,      0.0008,      0.0156,      0.2114,   7978.7280,-421910.8750,   -927.0256,    559.6507,  26595.7598,
       1,     170,     226,       9,       1,       3,       1,     10.0000,      1.4151,     42.8244,    252.4980,     63.5438,      3.4953,      0.0515,      0.0191,      3.8422,      0.1451,      5.6713,     11.3427,      1.2819,     29.5196,     59.0393,      0.0195,      0.0009,      0.0526,      0.2114,   7978.7280,-421969.1250,   -927.0525,    559.6466,  26595.7598,
       1,     170,     226,      10,       1,       3,       1,     10.0000,      1.4151,     42.8244,    252.4980,     63.5438,      3.4953,      0.1295,      0.0968,     17.2370,      0.1558,      5.6713,     11.3427,      1.3770,     29.5196,     59.0393,      0.0195,      0.0013,      0.1620,      0.2114,   7978.7280,-425329.5312,   -927.7514,    559.4115,  26595.7578,
       1,     170,     226,      11,       1,       3,       1,     10.0000,      1.4151,     42.8244,    252.4980,     63.5438,      3.4953,      0.1511,      0.1180,     27.0019,      0.1658,      5.6713,     11.3427,      1.4654,     29.5196,     59.0393,      0.0195,      0.0017,      0.1916,      0.2114,   7978.7275,-441733.3750,   -931.0853,    558.2645,  26595.7598,
       1,     170,     226,      12,       1,       3,       1,     10.0000,      1.4151,     42.8244,    252.4980,     63.5438,      3.4953,      0.1601,      0.1268,     35.7681,      0.1723,      5.6713,     11.3427,      1.5221,     29.5196,     59.0393,      0.0195,      0.0021,      0.2035,      0.2114,   7978.7280,-454871.5938,   -933.3601,    557.3488,  26595.7617,
       1,     170,     226,      13,       1,       3,       1,     10.0000,      1.4151,     42.8244,    252.4980,     63.5438,      3.4953,      0.1772,      0.1436,     41.8525,      0.1803,      5.6713,     11.3427,      1.5936,     29.5196,     59.0393,      0.0195,      0.0022,      0.2272,      0.2114,   7978.7290,-466531.2812,   -932.9683,    556.5373,  26595.7578,
       1,     170,     226,      14,       1,       3,       1,     10.0000,      1.4151,     42.8244,    252.4980,     63.5438,      3.4953,      0.1961,      0.1617,     83.2550,      0.2066,      5.6713,     11.3427,      1.8253,     29.5196,     59.0393,      0.0195,      0.0040,      0.2500,      0.2113,   7978.7275,-474838.9688,   -935.3746,    555.9600,  26595.7598,
       1,     170,     226,      15,       1,       3,       1,     10.0000,      1.4151,     42.8244,    252.4980,     63.5438,      3.4953,      0.1995,      0.1647,    128.8020,      0.2217,      5.6713,     11.3427,      1.9594,     29.5196,     59.0393,      0.0195,      0.0062,      0.2500,      0.2113,   7978.7280,-525400.5000,   -946.5804,    552.4465,  26595.7598,
       1,     170,     226,      16,       1,       3,       1,     10.0000,      1.4151,     42.8244,    252.4980,     63.5438,      3.4953,      0.1943,      0.1596,    105.8309,      0.2161,      5.6713,     11.3427,      1.9099,     29.5196,     59.0393,      0.0195,      0.0052,      0.2449,      0.2113,   7978.7280,-584574.7500,   -958.4670,    548.3713,  26595.7578,
       1,     170,     226,      17,       1,       3,       1,     10.0000,      1.4151,     42.8244,    252.4980,     63.5438,      3.4953,      0.1789,      0.1446,     79.3643,      0.2035,      5.6713,     11.3427,      1.7985,     29.5196,     59.0393,      0.0195,      0.0042,      0.2256,      0.2112,   7978.7275,-561856.1875,   -955.4281,    549.9435,  26595.7578,
       1,     170,     226,      18,       1,       3,       1,     10.0000,      1.4151,     42.8244,    252.4980,     63.5438,      3.4953,      0.1046,      0.0708,     33.7011,      0.1858,      5.6713,     11.3427,      1.6418,     29.5196,     59.0393,      0.0195,      0.0033,      0.1241,      0.2112,   7978.7275,-528021.1875,   -949.7356,    552.2717,  26595.7598,
       1,     170,     226,      19,       1,       3,       1,     10.0000,      1.4151,     42.8244,    252.4980,     63.5438,      3.4953,      0.0035,     -0.0291,      1.2197,      0.1518,      5.6713,     11.3427,      1.3414,     29.5196,     59.0393,      0.0195,      0.0009,      0.0156,      0.2113,   7978.7280,-470157.3750,   -920.4791,    556.2712,  26595.6777,
       1,     170,     226,      20,       1,       3,       1,     10.0000,      1.4151,     42.8244,    252.4980,     63.5438,      3.4953,      0.0003,     -0.0317,      0.3218,      0.1342,      5.6713,     11.3427,      1.1857,     29.5196,     59.0393,      0.0195,      0.0002,      0.0156,      0.2113,   7978.7036,-426236.0938,   -911.1681,    559.3397,  26595.7598,
       1,     170,     226,      21,       1,       3,       1,     10.0000,      1.4151,     42.8244,    252.4980,     63.5438,      3.4953,      0.0000,     -0.0320,      0.3255,      0.1356,      5.6713,     11.3427,      1.1978,     29.5196,     59.0393,      0.0195,      0.0003,      0.0156,      0.2114,   7978.7280,-421462.1250,   -910.1631,    559.6819,  26595.7617,
       1,     170,     226,      22,       1,       3,       1,     10.0000,      1.4151,     42.8244,    252.4980,     63.5438,      3.4953,      0.0000,     -0.0321,      0.3289,      0.1368,      5.6713,     11.3427,      1.2088,     29.5196,     59.0393,      0.0195,      0.0003,      0.0156,      0.2114,   7978.7290,-421054.6875,   -910.0861,    559.7106,  26595.7598,
       1,     170,     226,      23,       1,       3,       1,     10.0000,      1.4151,     42.8244,    252.4980,     63.5438,      3.4953,      0.0000,     -0.0320,      0.3251,      0.1354,      5.6713,     11.3427,      1.1966,     29.5196,     59.0393,      0.0195,      0.0003,      0.0156,      0.2114,   7978.7280,-421024.5625,   -910.0809,    559.7127,  26595.7617,
       1,     170,     226,      24,       1,       3,       1,     10.0000,      1.4151,     42.8244,    252.4980,     63.5438,      3.4953,      0.0000,     -0.0320,      0.3214,      0.1340,      5.6713,     11.3427,      1.1845,     29.5196,     59.0393,      0.0195,      0.0002,      0.0156,      0.2114,   7978.7290,-421017.1875,   -910.0792,    559.7132,  26595.7598,
       1,     170,     227,       1,       1,       3,       1,     10.0000,      1.4151,     42.8247,    252.5040,     63.5453,      3.4953,      0.0000,     -0.0320,      0.3225,      0.1345,      5.6715,     11.3430,      1.1882,     29.5174,     59.0349,      0.0195,      0.0002,      0.0156,      0.2114,   7978.7280,-421167.6875,   -910.3679,    559.7159,  26596.9453,
       1,     170,     227,       2,       1,       3,       1,     10.0000,      1.4151,     42.8247,    252.5040,     63.5453,      3.4953,      0.0000,     -0.0317,      0.3047,      0.1279,      5.6715,     11.3430,      1.1304,     29.5174,     59.0349,      0.0195,      0.0002,      0.0156,      0.2114,   7979.0840,-421029.7500,   -910.0820,    559.7256,  26596.9492,
       1,     170,     227,       3,       1,       3,       1,     10.0000,      1.4151,     42.8247,    252.5040,     63.5453,      3.4953,      0.0000,     -0.0309,      0.2542,      0.1092,      5.6715,     11.3430,      0.9645,     29.5174,     59.0349,      0.0195,      0.0002,      0.0156,      0.2114,   7979.0850,-420996.1875,   -910.0750,    559.7279,  26596.9512,
       1,     170,     227,       4,       1,       3,       1,     10.0000,      1.4151,     42.8247,    252.5040,     63.5453,      3.4953,      0.0000,     -0.0309,      0.2527,      0.1086,      5.6715,     11.3430,      0.9596,     29.5174,     59.0349,      0.0195,      0.0002,      0.0156,      0.2114,   7979.0854,-420932.2812,   -910.0641,    559.7324,  26596.9492,
       1,     170,     227,       5,       1,       3,       1,     10.0000,      1.4151,     42.8247,    252.5040,     63.5453,      3.4953,      0.0000,     -0.0311,      0.3737,      0.1139,      5.6715,     11.3430,      1.0061,     29.5174,     59.0349,      0.0195,      0.0003,      0.0156,      0.2114,   7979.0850,-420925.5000,   -910.0651,    559.7328,  26596.9492,
       1,     170,     227,       6,       1,       3,       1,     10.0000,      1.4151,     42.8247,    252.5040,     63.5453,      3.4953,      0.0000,     -0.0313,      0.4801,      0.1180,      5.6715,     11.3430,      1.0428,     29.5174,     59.0349,      0.0195,      0.0004,      0.0156,      0.2114,   7979.0850,-421070.5000,   -910.1088,    559.7227,  26596.9512,
       1,     170,     227,       7,       1,       3,       1,     10.0000,      1.4151,     42.8247,    252.5040,     63.5453,      3.4953,      0.0000,     -0.0314,      0.2798,      0.1187,      5.6715,     11.3430,      1.0492,     29.5174,     59.0349,      0.0195,      0.0002,      0.0156,      0.2114,   7979.0854,-421210.3750,   -910.1410,    559.7130,  26596.9512,
       1,     170,     227,       8,       1,       3,       1,     10.0000,      1.4151,     42.8247,    252.5040,     63.5453,      3.4953,      0.0062,     -0.0251,      0.2808,      0.1191,      5.6715,     11.3430,      1.0525,     29.5174,     59.0349,      0.0195,      0.0002,      0.0156,      0.2114,   7979.0854,-420981.0938,   -910.1011,    559.7291,  26596.9531,
       1,     170,     227,       9,       1,       3,       1,     10.0000,      1.4151,     42.8247,    252.5040,     63.5453,      3.4953,      0.0250,     -0.0063,      0.2960,      0.1185,      5.6715,     11.3430,      1.0471,     29.5174,     59.0349,      0.0195,      0.0002,      0.0165,      0.2114,   7979.0864,-420962.7500,   -910.0864,    559.7303,  26596.9512,
       1,     170,     227,      10,       1,       3,       1,     10.0000,      1.4151,     42.8247,    252.5040,     63.5453,      3.4953,      0.0606,      0.0292,      1.2145,      0.1203,      5.6715,     11.3430,      1.0633,     29.5174,     59.0349,      0.0195,      0.0002,      0.0667,      0.2114,   7979.0854,-420979.8125,   -910.1315,    559.7291,  26596.9512,
       1,     170,     227,      11,       1,       3,       1,     10.0000,      1.4151,     42.8247,    252.5040,     63.5453,      3.4953,      0.1237,      0.0922,      2.8966,      0.1227,      5.6715,     11.3430,      1.0841,     29.5174,     59.0349,      0.0195,      0.0002,      0.1556,      0.2114,   7979.0854,-422086.4062,   -910.4697,    559.6517,  26596.9512,
       1,     170,     227,      12,       1,       3,       1,     10.0000,      1.4151,     42.8247,    252.5040,     63.5453,      3.4953,      0.1659,      0.1339,     17.0736,      0.1367,      5.6715,     11.3430,      1.2076,     29.5174,     59.0349,      0.0195,      0.0010,      0.2138,      0.2114,   7979.0854,-424203.6875,   -911.2379,    559.5035,  26596.9492,
       1,     170,     227,      13,       1,       3,       1,     10.0000,      1.4151,     42.8247,    252.5040,     63.5453,      3.4953,      0.1945,      0.1618,     67.2692,      0.1529,      5.6715,     11.3430,      1.3510,     29.5174,     59.0349,      0.0195,      0.0033,      0.2488,      0.2114,   7979.0850,-441442.0938,   -915.5378,    558.2979,  26596.9531,
       1,     170,     227,      14,       1,       3,       1,     10.0000,      1.4151,     42.8247,    252.5040,     63.5453,      3.4953,      0.1802,      0.1472,     72.0060,      0.1601,      5.6715,     11.3430,      1.4149,     29.5174,     59.0349,      0.0195,      0.0038,      0.2280,      0.2114,   7979.0864,-503312.9375,   -928.7932,    553.9814,  26596.9512,
       1,     170,     227,      15,       1,       3,       1,     10.0000,      1.4151,     42.8247,    252.5040,     63.5453,      3.4953,      0.1879,      0.1545,     91.7284,      0.1747,      5.6715,     11.3430,      1.5436,     29.5174,     59.0349,      0.0195,      0.0047,      0.2369,      0.2113,   7979.0854,-514263.6875,   -932.5990,    553.2398,  26596.9512,
       1,     170,     227,      16,       1,       3,       1,     10.0000,      1.4151,     42.8247,    252.5040,     63.5453,      3.4953,      0.1986,      0.1647,    113.8972,      0.1920,      5.6715,     11.3430,      1.6965,     29.5174,     59.0349,      0.0195,      0.0055,      0.2500,      0.2113,   7979.0854,-538928.0625,   -939.1121,    551.5346,  26596.9512,
       1,     170,     227,      17,       1,       3,       1,     10.0000,      1.4151,     42.8247,    252.5040,     63.5453,      3.4953,      0.1608,      0.1271,     78.5257,      0.1841,      5.6715,     11.3430,      1.6272,     29.5174,     59.0349,      0.0195,      0.0047,      0.1996,      0.2113,   7979.0854,-567726.5000,   -946.7463,    549.5518,  26596.9512,
       1,     170,     227,      18,       1,       3,       1,     10.0000,      1.4151,     42.8247,    252.5040,     63.5453,      3.4953,      0.0824,      0.0493,     27.5770,      0.1643,      5.6715,     11.3430,      1.4523,     29.5174,     59.0349,      0.0195,      0.0036,      0.0934,      0.2112,   7979.0854,-527489.8125,   -940.4791,    552.3194,  26596.9512,
       1,     170,     227,      19,       1,       3,       1,     10.0000,      1.4151,     42.8247,    252.5040,     63.5453,      3.4953,      0.0561,      0.0232,     15.0171,      0.1606,      5.6715,     11.3430,      1.4192,     29.5174,     59.0349,      0.0195,      0.0032,      0.0574,      0.2113,   7979.0854,-462732.0312,   -928.8530,    556.7972,  26596.9512,
       1,     170,     227,      20,       1,       3,       1,     10.0000,      1.4151,     42.8247,    252.5040,     63.5453,      3.4953,      0.0127,     -0.0201,      3.8727,      0.1555,      5.6715,     11.3430,      1.3743,     29.5174,     59.0349,      0.0195,      0.0030,      0.0156,      0.2114,   7979.0854,-442226.5000,   -925.3205,    558.2427,  26596.9492,
       1,     170,     227,      21,       1,       3,       1,     10.0000,      1.4151,     42.8247,    252.5040,     63.5453,      3.4953,      0.0000,     -0.0326,      3.6861,      0.1506,      5.6715,     11.3430,      1.3307,     29.5174,     59.0349,      0.0195,      0.0029,      0.0156,      0.2114,   7979.0850,-427073.4062,   -922.6321,    559.3019,  26596.9512,
       1,     170,     227,      22,       1,       3,       1,     10.0000,      1.4151,     42.8247,    252.5040,     63.5453,      3.4953,      0.0000,     -0.0325,      3.0705,      0.1477,      5.6715,     11.3430,      1.3055,     29.5174,     59.0349,      0.0195,      0.0024,      0.0156,      0.2114,   7979.0854,-425574.6562,   -922.4667,    559.4077,  26596.9512,
       1,     170,     227,      23,       1,       3,       1,     10.0000,      1.4151,     42.8247,    252.5040,     63.5453,      3.4953,      0.0000,     -0.0324,      2.3157,      0.1446,      5.6715,     11.3430,      1.2781,     29.5174,     59.0349,      0.0195,      0.0018,      0.0156,      0.2114,   7979.0854,-424706.6562,   -922.3999,    559.4684,  26596.9512,
       1,     170,     227,      24,       1,       3,       1,     10.0000,      1.4151,     42.8247,    252.5040,     63.5453,      3.4953,      0.0000,     -0.0323,      1.4306,      0.1429,      5.6715,     11.3430,      1.2627,     29.5174,     59.0349,      0.0195,      0.0011,      0.0156,      0.2114,   7979.0854,-423725.1875,   -922.2825,    559.5370,  26596.9512,
       1,     170,     228,       1,       1,       3,       1,     10.0000,      1.4151,     42.8251,    252.5099,     63.5468,      3.4953,      0.0000,     -0.0323,      1.1749,      0.1436,      5.6719,     11.3438,      1.2691,     29.5134,     59.0267,      0.0195,      0.0009,      0.0156,      0.2114,   7979.0854,-422733.5000,   -922.4205,    559.6198,  26598.1426,
       1,     170,     228,       2,       1,       3,       1,     10.0000,      1.4151,     42.8251,    252.5099,     63.5468,      3.4953,      0.0000,     -0.0323,      0.6668,      0.1419,      5.6719,     11.3438,      1.2538,     29.5134,     59.0267,      0.0195,      0.0005,      0.0156,      0.2114,   7979.4429,-422189.4062,   -922.0831,    559.6578,  26598.1406,
       1,     170,     228,       3,       1,       3,       1,     10.0000,      1.4151,     42.8251,    252.5099,     63.5468,      3.4953,      0.0000,     -0.0322,      0.9539,      0.1413,      5.6719,     11.3438,      1.2487,     29.5134,     59.0267,      0.0195,      0.0007,      0.0156,      0.2114,   7979.4424,-421532.6875,   -921.9748,    559.7037,  26598.1426,
       1,     170,     228,       4,       1,       3,       1,     10.0000,      1.4151,     42.8251,    252.5099,     63.5468,      3.4953,      0.0000,     -0.0321,      0.7264,      0.1367,      5.6719,     11.3438,      1.2077,     29.5134,     59.0267,      0.0195,      0.0006,      0.0156,      0.2114,   7979.4429,-421822.5000,   -922.0633,    559.6835,  26598.1406,
       1,     170,     228,       5,       1,       3,       1,     10.0000,      1.4151,     42.8251,    252.5099,     63.5468,      3.4953,      0.0000,     -0.0320,      0.5374,      0.1349,      5.6719,     11.3438,      1.1918,     29.5134,     59.0267,      0.0195,      0.0004,      0.0156,      0.2114,   7979.4424,-421573.5000,   -922.0372,    559.7008,  26598.1426,
       1,     170,     228,       6,       1,       3,       1,     10.0000,      1.4151,     42.8251,    252.5099,     63.5468,      3.4953,      0.0000,     -0.0319,      0.4749,      0.1335,      5.6719,     11.3438,      1.1798,     29.5134,     59.0267,      0.0195,      0.0004,      0.0156,      0.2114,   7979.4429,-421324.8750,   -922.0006,    559.7183,  26598.1426,
       1,     170,     228,       7,       1,       3,       1,     10.0000,      1.4151,     42.8251,    252.5099,     63.5468,      3.4953,      0.0000,     -0.0319,      0.3151,      0.1318,      5.6719,     11.3438,      1.1643,     29.5134,     59.0267,      0.0195,      0.0002,      0.0156,      0.2114,   7979.4429,-421228.6875,   -921.9904,    559.7250,  26598.1445,
       1,     170,     228,       8,       1,       3,       1,     10.0000,      1.4151,     42.8251,    252.5099,     63.5468,      3.4953,      0.0028,     -0.0292,      0.3711,      0.1339,      5.6719,     11.3438,      1.1834,     29.5134,     59.0267,      0.0195,      0.0003,      0.0156,      0.2114,   7979.4438,-421028.1562,   -921.9537,    559.7390,  26598.1445,
       1,     170,     228,       9,       1,       3,       1,     10.0000,      1.4151,     42.8251,    252.5099,     63.5468,      3.4953,      0.0881,      0.0560,      2.6889,      0.1375,      5.6719,     11.3438,      1.2150,     29.5134,     59.0267,      0.0195,      0.0003,      0.1050,      0.2114,   7979.4438,-421078.6875,   -921.9703,    559.7355,  26598.1426,
       1,     170,     228,      10,       1,       3,       1,     10.0000,      1.4151,     42.8251,    252.5099,     63.5468,      3.4953,      0.1715,      0.1383,     40.1734,      0.1689,      5.6719,     11.3438,      1.4921,     29.5134,     59.0267,      0.0195,      0.0022,      0.2193,      0.2114,   7979.4429,-423871.6875,   -922.6295,    559.5401,  26598.1426,
       1,     170,     228,      11,       1,       3,       1,     10.0000,      1.4151,     42.8251,    252.5099,     63.5468,      3.4953,      0.1930,      0.1595,     57.2863,      0.1778,      5.6719,     11.3438,      1.5716,     29.5134,     59.0267,      0.0195,      0.0028,      0.2482,      0.2114,   7979.4429,-469207.9375,   -931.8193,    556.3691,  26598.1426,
       1,     170,     228,      12,       1,       3,       1,     10.0000,      1.4151,     42.8251,    252.5099,     63.5468,      3.4953,      0.1961,      0.1620,     80.9898,      0.1941,      5.6719,     11.3438,      1.7152,     29.5134,     59.0267,      0.0195,      0.0039,      0.2500,      0.2114,   7979.4429,-493649.3438,   -936.1022,    554.6783,  26598.1426,
       1,     170,     228,      13,       1,       3,       1,     10.0000,      1.4151,     42.8251,    252.5099,     63.5468,      3.4953,      0.1970,      0.1627,     93.5470,      0.2033,      5.6719,     11.3438,      1.7968,     29.5134,     59.0267,      0.0195,      0.0045,      0.2500,      0.2114,   7979.4429,-524246.7500,   -943.0876,    552.5594,  26598.1445,
       1,     170,     228,      14,       1,       3,       1,     10.0000,      1.4151,     42.8251,    252.5099,     63.5468,      3.4953,      0.1978,      0.1631,    105.3212,      0.2176,      5.6719,     11.3438,      1.9232,     29.5134,     59.0267,      0.0195,      0.0051,      0.2500,      0.2113,   7979.4438,-541953.0625,   -947.6630,    551.3405,  26598.1445,
       1,     170,     228,      15,       1,       3,       1,     10.0000,      1.4151,     42.8251,    252.5099,     63.5468,      3.4953,      0.1989,      0.1639,    120.3814,      0.2270,      5.6719,     11.3438,      2.0061,     29.5134,     59.0267,      0.0195,      0.0058,      0.2500,      0.2113,   7979.4438,-557628.5625,   -951.9155,    550.2616,  26598.1426,
       1,     170,     228,      16,       1,       3,       1,     10.0000,      1.4151,     42.8251,    252.5099,     63.5468,      3.4953,      0.1963,      0.1617,    110.0982,      0.2170,      5.6719,     11.3438,      1.9176,     29.5134,     59.0267,      0.0195,      0.0054,      0.2474,      0.2113,   7979.4429,-577101.7500,   -956.8821,    548.9231,  26598.1406,
       1,     170,     228,      17,       1,       3,       1,     10.0000,      1.4151,     42.8251,    252.5099,     63.5468,      3.4953,      0.1961,      0.1616,    104.9898,      0.2099,      5.6719,     11.3438,      1.8544,     29.5134,     59.0267,      0.0195,      0.0051,      0.2475,      0.2113,   7979.4424,-566336.1875,   -955.7576,    549.6635,  26598.1445,
       1,     170,     228,      18,       1,       3,       1,     10.0000,      1.4151,     42.8251,    252.5099,     63.5468,      3.4953,      0.1779,      0.1437,     83.9275,      0.1992,      5.6719,     11.3438,      1.7599,     29.5134,     59.0267,      0.0195,      0.0045,      0.2236,      0.2113,   7979.4438,-559273.0625,   -955.1924,    550.1493,  26598.1406,
       1,     170,     228,      19,       1,       3,       1,     10.0000,      1.4151,     42.8251,    252.5099,     63.5468,      3.4953,      0.0976,      0.0639,     33.8478,      0.1842,      5.6719,     11.3438,      1.6273,     29.5134,     59.0267,      0.0195,      0.0036,      0.1141,      0.2113,   7979.4424,-533286.7500,   -950.7122,    551.9365,  26598.1406,
       1,     170,     228,      20,       1,       3,       1,     10.0000,      1.4151,     42.8251,    252.5099,     63.5468,      3.4953,      0.0268,     -0.0066,      3.9106,      0.1731,      5.6719,     11.3438,      1.5298,     29.5134,     59.0267,      0.0195,      0.0029,      0.0163,      0.2113,   7979.4424,-470762.9688,   -938.7294,    556.2531,  26598.1406,
       1,     170,     228,      21,       1,       3,       1,     10.0000,      1.4151,     42.8251,    252.5099,     63.5468,      3.4953,      0.0000,     -0.0330,      2.4286,      0.1627,      5.6719,     11.3438,      1.4378,     29.5134,     59.0267,      0.0195,      0.0019,      0.0156,      0.2114,   7979.4424,-429524.8750,   -930.6879,    559.1373,  26598.1406,
       1,     170,     228,      22,       1,       3,       1,     10.0000,      1.4151,     42.8251,    252.5099,     63.5468,      3.4953,      0.0000,     -0.0329,      1.9530,      0.1596,      5.6719,     11.3438,      1.4107,     29.5134,     59.0267,      0.0195,      0.0015,      0.0156,      0.2114,   7979.4424,-424278.5312,   -929.6730,    559.5115,  26598.1426,
       1,     170,     228,      23,       1,       3,       1,     10.0000,      1.4151,     42.8251,    252.5099,     63.5468,      3.4953,      0.0000,     -0.0328,      1.7323,      0.1580,      5.6719,     11.3438,      1.3966,     29.5134,     59.0267,      0.0195,      0.0013,      0.0156,      0.2114,   7979.4429,-423255.9062,   -929.4822,    559.5831,  26598.1406,
       1,     170,     228,      24,       1,       3,       1,     10.0000,      1.4151,     42.8251,    252.5099,     63.5468,      3.4953,      0.0000,     -0.0329,      1.6476,      0.1585,      5.6719,     11.3438,      1.4008,     29.5134,     59.0267,      0.0195,      0.0013,      0.0156,      0.2114,   7979.4424,-422904.5312,   -929.4235,    559.6077,  26598.1406,
       1,     170,     229,       1,       1,       3,       1,     10.0000,      1.4151,     42.8254,    252.5159,     63.5483,      3.4953,      0.0000,     -0.0328,      1.1592,      0.1577,      5.6709,     11.3418,      1.3938,     29.5206,     59.0411,      0.0195,      0.0009,      0.0156,      0.2115,   7979.4424,-422928.3125,   -929.6035,    559.6193,  26599.3320,
       1,     170,     229,       2,       1,       3,       1,     10.0000,      1.4151,     42.8254,    252.5159,     63.5483,      3.4953,      0.0000,     -0.0328,      0.9219,      0.1560,      5.6709,     11.3418,      1.3785,     29.5206,     59.0411,      0.0195,      0.0007,      0.0156,      0.2115,   7979.7998,-422189.8750,   -929.1912,    559.6709,  26599.3320,
       1,     170,     229,       3,       1,       3,       1,     10.0000,      1.4151,     42.8254,    252.5159,     63.5483,      3.4953,      0.0000,     -0.0327,      0.9023,      0.1547,      5.6709,     11.3418,      1.3674,     29.5206,     59.0411,      0.0195,      0.0007,      0.0156,      0.2115,   7979.7998,-421842.4062,   -929.1312,    559.6953,  26599.3301,
       1,     170,     229,       4,       1,       3,       1,     10.0000,      1.4151,     42.8254,    252.5159,     63.5483,      3.4953,      0.0000,     -0.0328,      1.2042,      0.1574,      5.6709,     11.3418,      1.3910,     29.5206,     59.0411,      0.0195,      0.0009,      0.0156,      0.2115,   7979.7993,-421789.8125,   -929.1283,    559.6989,  26599.3320,
       1,     170,     229,       5,       1,       3,       1,     10.0000,      1.4151,     42.8254,    252.5159,     63.5483,      3.4953,      0.0000,     -0.0328,      1.2253,      0.1573,      5.6709,     11.3418,      1.3896,     29.5206,     59.0411,      0.0195,      0.0009,      0.0156,      0.2115,   7979.7998,-422148.2812,   -929.2079,    559.6739,  26599.3320,
       1,     170,     229,       6,       1,       3,       1,     10.0000,      1.4151,     42.8254,    252.5159,     63.5483,      3.4953,      0.0000,     -0.0328,      1.0811,      0.1576,      5.6709,     11.3418,      1.3924,     29.5206,     59.0411,      0.0195,      0.0008,      0.0156,      0.2115,   7979.7998,-422203.7188,   -929.2296,    559.6699,  26599.3320,
       1,     170,     229,       7,       1,       3,       1,     10.0000,      1.4151,     42.8254,    252.5159,     63.5483,      3.4953,      0.0000,     -0.0328,      1.0885,      0.1574,      5.6709,     11.3418,      1.3910,     29.5206,     59.0411,      0.0195,      0.0008,      0.0156,      0.2115,   7979.7998,-422035.1250,   -929.2043,    559.6818,  26599.3301,
       1,     170,     229,       8,       1,       3,       1,     10.0000,      1.4151,     42.8254,    252.5159,     63.5483,      3.4953,      0.0200,     -0.0129,      0.4965,      0.1582,      5.6709,     11.3418,      1.3980,     29.5206,     59.0411,      0.0195,      0.0008,      0.0076,      0.2115,   7979.7993,-422030.0938,   -929.2125,    559.6822,  26599.3320,
       1,     170,     229,       9,       1,       3,       1,     10.0000,      1.4151,     42.8254,    252.5159,     63.5483,      3.4953,      0.1297,      0.0965,     23.4047,      0.1675,      5.6709,     11.3418,      1.4802,     29.5206,     59.0411,      0.0195,      0.0018,      0.1614,      0.2115,   7979.7998,-421317.0000,   -929.0804,    559.7321,  26599.3320,
       1,     170,     229,      10,       1,       3,       1,     10.0000,      1.4151,     42.8254,    252.5159,     63.5483,      3.4953,      0.1708,      0.1370,     49.9569,      0.1854,      5.6709,     11.3418,      1.6387,     29.5206,     59.0411,      0.0195,      0.0028,      0.2171,      0.2115,   7979.7998,-448815.8125,   -934.6063,    557.8080,  26599.3320,
       1,     170,     229,      11,       1,       3,       1,     10.0000,      1.4151,     42.8254,    252.5159,     63.5483,      3.4953,      0.1949,      0.1606,     79.3745,      0.2031,      5.6709,     11.3418,      1.7951,     29.5206,     59.0411,      0.0195,      0.0039,      0.2487,      0.2114,   7979.7998,-483093.5000,   -941.6124,    555.4213,  26599.3320,
       1,     170,     229,      12,       1,       3,       1,     10.0000,      1.4151,     42.8254,    252.5159,     63.5483,      3.4953,      0.1879,      0.1534,     90.4810,      0.2115,      5.6709,     11.3418,      1.8692,     29.5206,     59.0411,      0.0195,      0.0046,      0.2374,      0.2114,   7979.7998,-521404.8750,   -949.5847,    552.7665,  26599.3320,
       1,     170,     229,      13,       1,       3,       1,     10.0000,      1.4151,     42.8254,    252.5159,     63.5483,      3.4953,      0.1958,      0.1613,     92.4711,      0.2105,      5.6709,     11.3418,      1.8600,     29.5206,     59.0411,      0.0195,      0.0045,      0.2485,      0.2114,   7979.7998,-538012.1875,   -953.3479,    551.6254,  26599.3340,
       1,     170,     229,      14,       1,       3,       1,     10.0000,      1.4151,     42.8254,    252.5159,     63.5483,      3.4953,      0.1979,      0.1629,    107.0766,      0.2248,      5.6709,     11.3418,      1.9866,     29.5206,     59.0411,      0.0195,      0.0052,      0.2500,      0.2113,   7979.8003,-541798.1875,   -954.5776,    551.3655,  26599.3320,
       1,     170,     229,      15,       1,       3,       1,     10.0000,      1.4151,     42.8254,    252.5159,     63.5483,      3.4953,      0.1943,      0.1594,    117.7454,      0.2270,      5.6709,     11.3418,      2.0062,     29.5206,     59.0411,      0.0195,      0.0058,      0.2437,      0.2113,   7979.7998,-559717.1875,   -958.6361,    550.1305,  26599.3340,
       1,     170,     229,      16,       1,       3,       1,     10.0000,      1.4151,     42.8254,    252.5159,     63.5483,      3.4953,      0.1988,      0.1638,    122.9877,      0.2306,      5.6709,     11.3418,      2.0379,     29.5206,     59.0411,      0.0195,      0.0059,      0.2497,      0.2113,   7979.8003,-574084.9375,   -962.0379,    549.1439,  26599.3301,
       1,     170,     229,      17,       1,       3,       1,     10.0000,      1.4151,     42.8254,    252.5159,     63.5483,      3.4953,      0.1949,      0.1599,    114.2436,      0.2270,      5.6709,     11.3418,      2.0062,     29.5206,     59.0411,      0.0195,      0.0056,      0.2449,      0.2113,   7979.7993,-581612.3125,   -964.0831,    548.6281,  26599.3320,
       1,     170,     229,      18,       1,       3,       1,     10.0000,      1.4151,     42.8254,    252.5159,     63.5483,      3.4953,      0.1736,      0.1392,     65.4096,      0.2045,      5.6709,     11.3418,      1.8075,     29.5206,     59.0411,      0.0195,      0.0036,      0.2195,      0.2113,   7979.7998,-571697.0625,   -962.5925,    549.3083,  26599.3301,
       1,     170,     229,      19,       1,       3,       1,     10.0000,      1.4151,     42.8254,    252.5159,     63.5483,      3.4953,      0.1362,      0.1021,     44.9715,      0.1968,      5.6709,     11.3418,      1.7392,     29.5206,     59.0411,      0.0195,      0.0032,      0.1681,      0.2113,   7979.7993,-511982.5000,   -951.2142,    553.4089,  26599.3301,
       1,     170,     229,      20,       1,       3,       1,     10.0000,      1.4151,     42.8254,    252.5159,     63.5483,      3.4953,      0.0273,     -0.0064,      3.6450,      0.1854,      5.6709,     11.3418,      1.6387,     29.5206,     59.0411,      0.0195,      0.0026,      0.0167,      0.2114,   7979.7993,-482408.0000,   -945.4603,    555.4701,  26599.3301,
       1,     170,     229,      21,       1,       3,       1,     10.0000,      1.4151,     42.8254,    252.5159,     63.5483,      3.4953,      0.0000,     -0.0335,      2.7373,      0.1779,      5.6709,     11.3418,      1.5716,     29.5206,     59.0411,      0.0195,      0.0021,      0.0156,      0.2114,   7979.7993,-430160.8125,   -934.9456,    559.1017,  26599.3301,
       1,     170,     229,      22,       1,       3,       1,     10.0000,      1.4151,     42.8254,    252.5159,     63.5483,      3.4953,      0.0000,     -0.0334,      2.4449,      0.1745,      5.6709,     11.3418,      1.5421,     29.5206,     59.0411,      0.0195,      0.0019,      0.0156,      0.2115,   7979.7993,-424711.4688,   -933.8309,    559.4944,  26599.3281,
       1,     170,     229,      23,       1,       3,       1,     10.0000,      1.4151,     42.8254,    252.5159,     63.5483,      3.4953,      0.0000,     -0.0333,      2.1736,      0.1726,      5.6709,     11.3418,      1.5253,     29.5206,     59.0411,      0.0195,      0.0017,      0.0156,      0.2115,   7979.7988,-423887.4062,   -933.6506,    559.5522,  26599.3301,
       1,     170,     229,      24,       1,       3,       1,     10.0000,      1.4151,     42.8254,    252.5159,     63.5483,      3.4953,      0.0000,     -0.0333,      1.9848,      0.1719,      5.6709,     11.3418,      1.5192,     29.5206,     59.0411,      0.0195,      0.0015,      0.0156,      0.2115,   7979.7993,-423491.3750,   -933.5576,    559.5799,  26599.3320,
       1,     170,     230,       1,       1,       3,       1,     10.0000,      1.4152,     42.8258,    252.5218,     63.5498,      3.4953,      0.0000,     -0.0333,      2.1940,      0.1726,      5.6709,     11.3419,      1.5253,     29.5296,     59.0593,      0.0195,      0.0017,      0.0156,      0.2115,   7979.7998,-423385.6562,   -933.8148,    559.6003,  26600.5215,
       1,     170,     230,       2,       1,       3,       1,     10.0000,      1.4152,     42.8258,    252.5218,     63.5498,      3.4953,      0.0000,     -0.0333,      2.0806,      0.1719,      5.6709,     11.3419,      1.5192,     29.5296,     59.0593,      0.0195,      0.0016,      0.0156,      0.2115,   7980.1567,-423476.2812,   -933.5336,    559.5940,  26600.5215,
       1,     170,     230,       3,       1,       3,       1,     10.0000,      1.4152,     42.8258,    252.5218,     63.5498,      3.4953,      0.0000,     -0.0333,      1.9119,      0.1700,      5.6709,     11.3419,      1.5026,     29.5296,     59.0593,      0.0195,      0.0015,      0.0156,      0.2115,   7980.1567,-423347.4062,   -933.4947,    559.6030,  26600.5195,
       1,     170,     230,       4,       1,       3,       1,     10.0000,      1.4152,     42.8258,    252.5218,     63.5498,      3.4953,      0.0000,     -0.0331,      1.6948,      0.1660,      5.6709,     11.3419,      1.4670,     29.5296,     59.0593,      0.0195,      0.0013,      0.0156,      0.2115,   7980.1562,-423133.9375,   -933.4407,    559.6179,  26600.5215,
       1,     170,     230,       5,       1,       3,       1,     10.0000,      1.4152,     42.8258,    252.5218,     63.5498,      3.4953,      0.0000,     -0.0331,      1.6568,      0.1647,      5.6709,     11.3419,      1.4553,     29.5296,     59.0593,      0.0195,      0.0013,      0.0156,      0.2115,   7980.1567,-422854.6250,   -933.3735,    559.6375,  26600.5195,
       1,     170,     230,       6,       1,       3,       1,     10.0000,      1.4152,     42.8258,    252.5218,     63.5498,      3.4953,      0.0000,     -0.0331,      1.8395,      0.1663,      5.6709,     11.3419,      1.4699,     29.5296,     59.0593,      0.0195,      0.0014,      0.0156,      0.2115,   7980.1562,-422785.5625,   -933.3500,    559.6422,  26600.5234,
       1,     170,     230,       7,       1,       3,       1,     10.0000,      1.4152,     42.8258,    252.5218,     63.5498,      3.4953,      0.0000,     -0.0331,      1.7387,      0.1662,      5.6709,     11.3419,      1.4684,     29.5296,     59.0593,      0.0195,      0.0013,      0.0156,      0.2115,   7980.1572,-422999.2500,   -933.3810,    559.6273,  26600.5215,
       1,     170,     230,       8,       1,       3,       1,     10.0000,      1.4152,     42.8258,    252.5218,     63.5498,      3.4953,      0.0209,     -0.0121,      0.8396,      0.1634,      5.6709,     11.3419,      1.4437,     29.5296,     59.0593,      0.0195,      0.0012,      0.0087,      0.2115,   7980.1567,-422896.0938,   -933.3493,    559.6346,  26600.5215,
       1,     170,     230,       9,       1,       3,       1,     10.0000,      1.4152,     42.8258,    252.5218,     63.5498,      3.4953,      0.1148,      0.0813,     20.2186,      0.1761,      5.6709,     11.3419,      1.5561,     29.5296,     59.0593,      0.0195,      0.0017,      0.1403,      0.2115,   7980.1567,-421805.8125,   -933.1138,    559.7108,  26600.5215,
       1,     170,     230,      10,       1,       3,       1,     10.0000,      1.4152,     42.8258,    252.5218,     63.5498,      3.4953,      0.1714,      0.1376,     47.9091,      0.1856,      5.6709,     11.3419,      1.6404,     29.5296,     59.0593,      0.0195,      0.0027,      0.2182,      0.2115,   7980.1567,-445024.6875,   -937.8382,    558.0864,  26600.5215,
       1,     170,     230,      11,       1,       3,       1,     10.0000,      1.4152,     42.8258,    252.5218,     63.5498,      3.4953,      0.1632,      0.1294,     51.5126,      0.1892,      5.6709,     11.3419,      1.6716,     29.5296,     59.0593,      0.0195,      0.0030,      0.2062,      0.2115,   7980.1567,-480303.6562,   -945.0778,    555.6276,  26600.5215,
       1,     170,     230,      12,       1,       3,       1,     10.0000,      1.4152,     42.8258,    252.5218,     63.5498,      3.4953,      0.1964,      0.1618,     86.4832,      0.2115,      5.6709,     11.3419,      1.8692,     29.5296,     59.0593,      0.0195,      0.0042,      0.2500,      0.2114,   7980.1567,-487617.7500,   -946.6998,    555.1250,  26600.5195,
       1,     170,     230,      13,       1,       3,       1,     10.0000,      1.4152,     42.8258,    252.5218,     63.5498,      3.4953,      0.1962,      0.1616,     84.8735,      0.2149,      5.6709,     11.3419,      1.8989,     29.5296,     59.0593,      0.0195,      0.0041,      0.2500,      0.2114,   7980.1562,-530331.9375,   -955.5350,    552.1613,  26600.5215,
       1,     170,     230,      14,       1,       3,       1,     10.0000,      1.4152,     42.8258,    252.5218,     63.5498,      3.4953,      0.1964,      0.1614,    112.5672,      0.2266,      5.6709,     11.3419,      2.0023,     29.5296,     59.0593,      0.0195,      0.0055,      0.2473,      0.2114,   7980.1567,-531997.4375,   -956.0928,    552.0543,  26600.5195,
       1,     170,     230,      15,       1,       3,       1,     10.0000,      1.4152,     42.8258,    252.5218,     63.5498,      3.4953,      0.1980,      0.1631,    109.5544,      0.2261,      5.6709,     11.3419,      1.9984,     29.5296,     59.0593,      0.0195,      0.0053,      0.2500,      0.2114,   7980.1562,-565495.2500,   -963.2302,    549.7427,  26600.5195,
       1,     170,     230,      16,       1,       3,       1,     10.0000,      1.4152,     42.8258,    252.5218,     63.5498,      3.4953,      0.1978,      0.1629,    106.8539,      0.2242,      5.6709,     11.3419,      1.9808,     29.5296,     59.0593,      0.0195,      0.0052,      0.2499,      0.2113,   7980.1562,-564685.8125,   -963.4081,    549.8032,  26600.5195,
       1,     170,     230,      17,       1,       3,       1,     10.0000,      1.4152,     42.8258,    252.5218,     63.5498,      3.4953,      0.1700,      0.1355,     75.7541,      0.2095,      5.6709,     11.3419,      1.8509,     29.5296,     59.0593,      0.0195,      0.0043,      0.2133,      0.2113,   7980.1562,-561356.4375,   -963.0731,    550.0320,  26600.5195,
       1,     170,     230,      18,       1,       3,       1,     10.0000,      1.4152,     42.8258,    252.5218,     63.5498,      3.4953,      0.1001,      0.0661,     32.4363,      0.1931,      5.6709,     11.3419,      1.7068,     29.5296,     59.0593,      0.0195,      0.0033,      0.1177,      0.2113,   7980.1562,-523588.0000,   -955.6257,    552.6287,  26600.5195,
       1,     170,     230,      19,       1,       3,       1,     10.0000,      1.4152,     42.8258,    252.5218,     63.5498,      3.4953,      0.0562,      0.0224,     14.1425,      0.1877,      5.6709,     11.3419,      1.6584,     29.5296,     59.0593,      0.0195,      0.0030,      0.0568,      0.2114,   7980.1562,-468257.7188,   -944.3921,    556.4570,  26600.5176,
       1,     170,     230,      20,       1,       3,       1,     10.0000,      1.4152,     42.8258,    252.5218,     63.5498,      3.4953,      0.0130,     -0.0207,      3.1269,      0.1816,      5.6709,     11.3419,      1.6049,     29.5296,     59.0593,      0.0195,      0.0024,      0.0156,      0.2115,   7980.1558,-441632.5625,   -941.4379,    558.3223,  26600.5156,
       1,     170,     230,      21,       1,       3,       1,     10.0000,      1.4152,     42.8258,    252.5218,     63.5498,      3.4953,      0.0000,     -0.0328,      0.9654,      0.1576,      5.6709,     11.3419,      1.3924,     29.5296,     59.0593,      0.0195,      0.0007,      0.0156,      0.2115,   7980.1548,-426135.6562,   -936.8572,    559.4069,  26600.5176,
       1,     170,     230,      22,       1,       3,       1,     10.0000,      1.4152,     42.8258,    252.5218,     63.5498,      3.4953,      0.0000,     -0.0324,      0.5582,      0.1463,      5.6709,     11.3419,      1.2924,     29.5296,     59.0593,      0.0195,      0.0004,      0.0156,      0.2115,   7980.1558,-422231.5000,   -936.1005,    559.6810,  26600.5195,
       1,     170,     230,      23,       1,       3,       1,     10.0000,      1.4152,     42.8258,    252.5218,     63.5498,      3.4953,      0.0000,     -0.0324,      0.4145,      0.1467,      5.6709,     11.3419,      1.2964,     29.5296,     59.0593,      0.0195,      0.0003,      0.0156,      0.2115,   7980.1562,-421411.7812,   -919.1172,    559.7384,  26600.5234,
       1,     170,     230,      24,       1,       3,       1,     10.0000,      1.4152,     42.8258,    252.5218,     63.5498,      3.4953,      0.0000,     -0.0323,      0.5096,      0.1436,      5.6709,     11.3419,      1.2691,     29.5296,     59.0593,      0.0195,      0.0004,      0.0156,      0.2115,   7980.1572,-421169.3438,   -916.5626,    559.7554,  26600.5254,
       1,     170,     231,       1,       1,       3,       1,     10.0000,      1.4152,     42.8261,    252.5278,     63.5513,      3.4953,      0.0000,     -0.0318,      0.6974,      0.1302,      5.6713,     11.3426,      1.1503,     29.5331,     59.0661,      0.0195,      0.0005,      0.0156,      0.2115,   7980.1577,-421419.0938,   -916.9050,    559.7511,  26601.7207,
       1,     170,     231,       2,       1,       3,       1,     10.0000,      1.4152,     42.8261,    252.5278,     63.5513,      3.4953,      0.0000,     -0.0320,      0.5259,      0.1338,      5.6713,     11.3426,      1.1823,     29.5331,     59.0661,      0.0195,      0.0004,      0.0156,      0.2115,   7980.5166,-421513.1250,   -916.7280,    559.7445,  26601.7207,
       1,     170,     231,       3,       1,       3,       1,     10.0000,      1.4152,     42.8261,    252.5278,     63.5513,      3.4953,      0.0000,     -0.0321,      0.4830,      0.1374,      5.6713,     11.3426,      1.2139,     29.5331,     59.0661,      0.0195,      0.0004,      0.0156,      0.2115,   7980.5166,-421314.8125,   -916.7218,    559.7584,  26601.7188,
       1,     170,     231,       4,       1,       3,       1,     10.0000,      1.4152,     42.8261,    252.5278,     63.5513,      3.4953,      0.0000,     -0.0322,      0.3812,      0.1399,      5.6713,     11.3426,      1.2362,     29.5331,     59.0661,      0.0195,      0.0003,      0.0156,      0.2115,   7980.5161,-421246.6875,   -915.3516,    559.7632,  26601.7227,
       1,     170,     231,       5,       1,       3,       1,     10.0000,      1.4152,     42.8261,    252.5278,     63.5513,      3.4953,      0.0000,     -0.0323,      0.3446,      0.1425,      5.6713,     11.3426,      1.2590,     29.5331,     59.0661,      0.0195,      0.0003,      0.0156,      0.2115,   7980.5171,-421118.0312,   -915.3370,    559.7723,  26601.7207,
       1,     170,     231,       6,       1,       3,       1,     10.0000,      1.4152,     42.8261,    252.5278,     63.5513,      3.4953,      0.0000,     -0.0323,      0.3648,      0.1432,      5.6713,     11.3426,      1.2653,     29.5331,     59.0661,      0.0195,      0.0003,      0.0156,      0.2115,   7980.5166,-421063.3125,   -910.0848,    559.7760,  26601.7188,
       1,     170,     231,       7,       1,       3,       1,     10.0000,      1.4152,     42.8261,    252.5278,     63.5513,      3.4953,      0.0000,     -0.0322,      0.3394,      0.1406,      5.6713,     11.3426,      1.2425,     29.5331,     59.0661,      0.0195,      0.0003,      0.0156,      0.2115,   7980.5161,-421083.3438,   -910.0915,    559.7747,  26601.7207,
       1,     170,     231,       8,       1,       3,       1,     10.0000,      1.4152,     42.8261,    252.5278,     63.5513,      3.4953,      0.0034,     -0.0289,      0.3414,      0.1413,      5.6713,     11.3426,      1.2488,     29.5331,     59.0661,      0.0195,      0.0003,      0.0156,      0.2115,   7980.5166,-421054.2500,   -910.0875,    559.7767,  26601.7188,
       1,     170,     231,       9,       1,       3,       1,     10.0000,      1.4152,     42.8261,    252.5278,     63.5513,      3.4953,      0.0481,      0.0157,      1.1321,      0.1460,      5.6713,     11.3426,      1.2899,     29.5331,     59.0661,      0.0195,      0.0003,      0.0481,      0.2115,   7980.5161,-421054.3125,   -910.0919,    559.7766,  26601.7207,
       1,     170,     231,      10,       1,       3,       1,     10.0000,      1.4152,     42.8261,    252.5278,     63.5513,      3.4953,      0.1471,      0.1139,     17.2006,      0.1677,      5.6713,     11.3426,      1.4818,     29.5331,     59.0661,      0.0195,      0.0011,      0.1869,      0.2115,   7980.5166,-422005.2812,   -910.4089,    559.7102,  26601.7207,
       1,     170,     231,      11,       1,       3,       1,     10.0000,      1.4152,     42.8261,    252.5278,     63.5513,      3.4953,      0.1280,      0.0949,      9.3920,      0.1640,      5.6713,     11.3426,      1.4495,     29.5331,     59.0661,      0.0195,      0.0007,      0.1605,      0.2115,   7980.5166,-441411.3125,   -914.6234,    558.3524,  26601.7207,
       1,     170,     231,      12,       1,       3,       1,     10.0000,      1.4152,     42.8261,    252.5278,     63.5513,      3.4953,      0.0333,      0.0006,      0.8621,      0.1537,      5.6713,     11.3426,      1.3579,     29.5331,     59.0661,      0.0195,      0.0004,      0.0267,      0.2115,   7980.5166,-433654.1250,   -912.8702,    558.8955,  26601.7227,
       1,     170,     231,      13,       1,       3,       1,     10.0000,      1.4152,     42.8261,    252.5278,     63.5513,      3.4953,      0.0271,     -0.0047,      0.5875,      0.1286,      5.6713,     11.3426,      1.1363,     29.5331,     59.0661,      0.0195,      0.0004,      0.0190,      0.2115,   7980.5171,-422739.5312,   -910.5031,    559.6583,  26601.7207,
       1,     170,     231,      14,       1,       3,       1,     10.0000,      1.4152,     42.8261,    252.5278,     63.5513,      3.4953,      0.1407,      0.1092,      3.6060,      0.1207,      5.6713,     11.3426,      1.0666,     29.5331,     59.0661,      0.0195,      0.0002,      0.1795,      0.2115,   7980.5166,-421492.5625,   -910.2547,    559.7460,  26601.7188,
       1,     170,     231,      15,       1,       3,       1,     10.0000,      1.4152,     42.8261,    252.5278,     63.5513,      3.4953,      0.1776,      0.1455,     21.1172,      0.1370,      5.6713,     11.3426,      1.2102,     29.5331,     59.0661,      0.0195,      0.0011,      0.2299,      0.2115,   7980.5161,-425017.5938,   -911.2799,    559.4994,  26601.7207,
       1,     170,     231,      16,       1,       3,       1,     10.0000,      1.4152,     42.8261,    252.5278,     63.5513,      3.4953,      0.1646,      0.1324,     20.9208,      0.1413,      5.6713,     11.3426,      1.2488,     29.5331,     59.0661,      0.0195,      0.0012,      0.2115,      0.2115,   7980.5166,-446376.5938,   -916.3158,    558.0056,  26601.7207,
       1,     170,     231,      17,       1,       3,       1,     10.0000,      1.4152,     42.8261,    252.5278,     63.5513,      3.4953,      0.1823,      0.1493,     36.3565,      0.1605,      5.6713,     11.3426,      1.4179,     29.5331,     59.0661,      0.0195,      0.0019,      0.2349,      0.2115,   7980.5166,-447942.0625,   -917.5349,    557.8984,  26601.7207,
       1,     170,     231,      18,       1,       3,       1,     10.0000,      1.4152,     42.8261,    252.5278,     63.5513,      3.4953,      0.1530,      0.1200,     30.3822,      0.1634,      5.6713,     11.3426,      1.4437,     29.5331,     59.0661,      0.0195,      0.0019,      0.1939,      0.2115,   7980.5166,-466643.1562,   -922.4011,    556.5942,  26601.7207,
       1,     170,     231,      19,       1,       3,       1,     10.0000,      1.4152,     42.8261,    252.5278,     63.5513,      3.4953,      0.0919,      0.0590,     14.4531,      0.1587,      5.6713,     11.3426,      1.4023,     29.5331,     59.0661,      0.0195,      0.0016,      0.1085,      0.2115,   7980.5166,-461028.0938,   -922.3611,    556.9865,  26601.7207,
       1,     170,     231,      20,       1,       3,       1,     10.0000,      1.4152,     42.8261,    252.5278,     63.5513,      3.4953,      0.0130,     -0.0196,      1.5061,      0.1515,      5.6713,     11.3426,      1.3389,     29.5331,     59.0661,      0.0195,      0.0012,      0.0156,      0.2115,   7980.5166,-441386.0000,   -919.2447,    558.3542,  26601.7207,
       1,     170,     231,      21,       1,       3,       1,     10.0000,      1.4152,     42.8261,    252.5278,     63.5513,      3.4953,      0.0000,     -0.0325,      1.0908,      0.1472,      5.6713,     11.3426,      1.3003,     29.5331,     59.0661,      0.0195,      0.0008,      0.0156,      0.2115,   7980.5166,-424164.6562,   -916.1946,    559.5578,  26601.7207,
       1,     170,     231,      22,       1,       3,       1,     10.0000,      1.4152,     42.8261,    252.5278,     63.5513,      3.4953,      0.0000,     -0.0325,      0.8679,      0.1476,      5.6713,     11.3426,      1.3043,     29.5331,     59.0661,      0.0195,      0.0007,      0.0156,      0.2115,   7980.5166,-422218.7500,   -915.8946,    559.6952,  26601.7207,
       1,     170,     231,      23,       1,       3,       1,     10.0000,      1.4152,     42.8261,    252.5278,     63.5513,      3.4953,      0.0000,     -0.0326,      1.1920,      0.1517,      5.6713,     11.3426,      1.3402,     29.5331,     59.0661,      0.0195,      0.0009,      0.0156,      0.2115,   7980.5166,-421785.4375,   -915.8588,    559.7255,  26601.7188,
       1,     170,     231,      24,       1,       3,       1,     10.0000,      1.4152,     42.8261,    252.5278,     63.5513,      3.4953,      0.0000,     -0.0326,      0.9678,      0.1500,      5.6713,     11.3426,      1.3255,     29.5331,     59.0661,      0.0195,      0.0007,      0.0156,      0.2115,   7980.5161,-422138.9062,   -915.9902,    559.7008,  26601.7227,
       1,     170,     232,       1,       1,       3,       1,     10.0000,      1.4152,     42.8264,    252.5338,     63.5528,      3.4953,      0.0000,     -0.0323,      0.4579,      0.1438,      5.6726,     11.3451,      1.2705,     29.5253,     59.0505,      0.0195,      0.0004,      0.0156,      0.2115,   7980.5171,-422054.3750,   -916.2980,    559.7200,  26602.9121,
       1,     170,     232,       2,       1,       3,       1,     10.0000,      1.4152,     42.8264,    252.5338,     63.5528,      3.4953,      0.0000,     -0.0322,      0.8971,      0.1413,      5.6726,     11.3451,      1.2488,     29.5253,     59.0505,      0.0195,      0.0007,      0.0156,      0.2115,   7980.8740,-421281.5312,   -915.9042,    559.7740,  26602.9141,
       1,     170,     232,       3,       1,       3,       1,     10.0000,      1.4152,     42.8264,    252.5338,     63.5528,      3.4953,      0.0000,     -0.0323,      0.8930,      0.1420,      5.6726,     11.3451,      1.2552,     29.5253,     59.0505,      0.0195,      0.0007,      0.0156,      0.2115,   7980.8745,-421744.6562,   -916.0416,    559.7416,  26602.9141,
       1,     170,     232,       4,       1,       3,       1,     10.0000,      1.4152,     42.8264,    252.5338,     63.5528,      3.4953,      0.0000,     -0.0322,      0.4052,      0.1410,      5.6726,     11.3451,      1.2463,     29.5253,     59.0505,      0.0195,      0.0003,      0.0156,      0.2115,   7980.8745,-421778.5938,   -916.0953,    559.7393,  26602.9141,
       1,     170,     232,       5,       1,       3,       1,     10.0000,      1.4152,     42.8264,    252.5338,     63.5528,      3.4953,      0.0000,     -0.0322,      0.3414,      0.1413,      5.6726,     11.3451,      1.2488,     29.5253,     59.0505,      0.0195,      0.0003,      0.0156,      0.2115,   7980.8745,-421194.7812,   -915.9948,    559.7801,  26602.9141,
       1,     170,     232,       6,       1,       3,       1,     10.0000,      1.4152,     42.8264,    252.5338,     63.5528,      3.4953,      0.0000,     -0.0322,      0.3499,      0.1398,      5.6726,     11.3451,      1.2350,     29.5253,     59.0505,      0.0195,      0.0003,      0.0156,      0.2115,   7980.8745,-421069.0000,   -915.9733,    559.7889,  26602.9121,
       1,     170,     232,       7,       1,       3,       1,     10.0000,      1.4152,     42.8264,    252.5338,     63.5528,      3.4953,      0.0000,     -0.0320,      0.3267,      0.1360,      5.6726,     11.3451,      1.2017,     29.5253,     59.0505,      0.0195,      0.0003,      0.0156,      0.2115,   7980.8740,-421068.8125,   -915.9761,    559.7889,  26602.9141,
       1,     170,     232,       8,       1,       3,       1,     10.0000,      1.4152,     42.8264,    252.5338,     63.5528,      3.4953,      0.0137,     -0.0184,      0.3282,      0.1365,      5.6726,     11.3451,      1.2066,     29.5253,     59.0505,      0.0195,      0.0003,      0.0156,      0.2115,   7980.8745,-421040.7188,   -915.9722,    559.7908,  26602.9121,
       1,     170,     232,       9,       1,       3,       1,     10.0000,      1.4152,     42.8264,    252.5338,     63.5528,      3.4953,      0.1349,      0.1021,     14.9647,      0.1570,      5.6726,     11.3451,      1.3869,     29.5253,     59.0505,      0.0195,      0.0011,      0.1698,      0.2115,   7980.8740,-421040.4062,   -916.0157,    559.7909,  26602.9160,
       1,     170,     232,      10,       1,       3,       1,     10.0000,      1.4152,     42.8264,    252.5338,     63.5528,      3.4953,      0.1640,      0.1306,     37.8474,      0.1761,      5.6726,     11.3451,      1.5561,     29.5253,     59.0505,      0.0195,      0.0022,      0.2088,      0.2115,   7980.8750,-438641.2812,   -919.8708,    558.5593,  26602.9141,
       1,     170,     232,      11,       1,       3,       1,     10.0000,      1.4152,     42.8264,    252.5338,     63.5528,      3.4953,      0.1515,      0.1181,     31.0504,      0.1745,      5.6726,     11.3451,      1.5422,     29.5253,     59.0505,      0.0195,      0.0020,      0.1917,      0.2115,   7980.8745,-467651.1250,   -926.1398,    556.5352,  26602.9141,
       1,     170,     232,      12,       1,       3,       1,     10.0000,      1.4152,     42.8264,    252.5338,     63.5528,      3.4953,      0.1944,      0.1603,     59.4014,      0.1947,      5.6726,     11.3451,      1.7204,     29.5253,     59.0505,      0.0195,      0.0029,      0.2500,      0.2115,   7980.8745,-461917.7188,   -925.8040,    556.9377,  26602.9141,
       1,     170,     232,      13,       1,       3,       1,     10.0000,      1.4152,     42.8264,    252.5338,     63.5528,      3.4953,      0.1967,      0.1622,     90.6386,      0.2095,      5.6726,     11.3451,      1.8510,     29.5253,     59.0505,      0.0195,      0.0044,      0.2500,      0.2115,   7980.8745,-495546.8125,   -933.3986,    554.5967,  26602.9141,
       1,     170,     232,      14,       1,       3,       1,     10.0000,      1.4152,     42.8264,    252.5338,     63.5528,      3.4953,      0.1965,      0.1620,     87.9629,      0.2086,      5.6726,     11.3451,      1.8437,     29.5253,     59.0505,      0.0195,      0.0042,      0.2500,      0.2115,   7980.8745,-535989.6875,   -942.5319,    551.7979,  26602.9141,
       1,     170,     232,      15,       1,       3,       1,     10.0000,      1.4152,     42.8264,    252.5338,     63.5528,      3.4953,      0.1970,      0.1623,     94.6791,      0.2149,      5.6726,     11.3451,      1.8990,     29.5253,     59.0505,      0.0195,      0.0046,      0.2500,      0.2114,   7980.8745,-536171.8750,   -943.9686,    551.7925,  26602.9121,
       1,     170,     232,      16,       1,       3,       1,     10.0000,      1.4152,     42.8264,    252.5338,     63.5528,      3.4953,      0.1880,      0.1536,     79.6829,      0.2064,      5.6726,     11.3451,      1.8238,     29.5253,     59.0505,      0.0195,      0.0040,      0.2386,      0.2114,   7980.8740,-544269.3750,   -946.8218,    551.2338,  26602.9160,
       1,     170,     232,      17,       1,       3,       1,     10.0000,      1.4152,     42.8264,    252.5338,     63.5528,      3.4953,      0.1625,      0.1286,     56.8478,      0.1914,      5.6726,     11.3451,      1.6917,     29.5253,     59.0505,      0.0195,      0.0034,      0.2045,      0.2114,   7980.8750,-526880.3125,   -944.4084,    552.4324,  26602.9141,
       1,     170,     232,      18,       1,       3,       1,     10.0000,      1.4152,     42.8264,    252.5338,     63.5528,      3.4953,      0.1042,      0.0708,     24.2125,      0.1768,      5.6726,     11.3451,      1.5623,     29.5253,     59.0505,      0.0195,      0.0023,      0.1248,      0.2114,   7980.8745,-497922.9688,   -939.4542,    554.4332,  26602.9141,
       1,     170,     232,      19,       1,       3,       1,     10.0000,      1.4152,     42.8264,    252.5338,     63.5528,      3.4953,      0.1042,      0.0707,     24.1976,      0.1786,      5.6726,     11.3451,      1.5780,     29.5253,     59.0505,      0.0195,      0.0023,      0.1247,      0.2115,   7980.8745,-456215.1250,   -931.7211,    557.3275,  26602.9121,
       1,     170,     232,      20,       1,       3,       1,     10.0000,      1.4152,     42.8264,    252.5338,     63.5528,      3.4953,      0.0150,     -0.0182,      0.0147,      0.1682,      5.6726,     11.3451,      1.4863,     29.5253,     59.0505,      0.0195,      0.0019,      0.0001,      0.2115,   7980.8740,-452717.3750,   -931.2817,    557.5787,  26602.9121,
       1,     170,     232,      21,       1,       3,       1,     10.0000,      1.4152,     42.8264,    252.5338,     63.5528,      3.4953,      0.0000,     -0.0330,      2.2184,      0.1613,      5.6726,     11.3451,      1.4250,     29.5253,     59.0505,      0.0195,      0.0017,      0.0156,      0.2115,   7980.8740,-423319.4688,   -925.6821,    559.6277,  26602.9121,
       1,     170,     232,      22,       1,       3,       1,     10.0000,      1.4152,     42.8264,    252.5338,     63.5528,      3.4953,      0.0000,     -0.0330,      1.5711,      0.1626,      5.6726,     11.3451,      1.4365,     29.5253,     59.0505,      0.0195,      0.0012,      0.0156,      0.2115,   7980.8740,-423509.7812,   -925.7609,    559.6182,  26602.9121,
       1,     170,     232,      23,       1,       3,       1,     10.0000,      1.4152,     42.8264,    252.5338,     63.5528,      3.4953,      0.0000,     -0.0331,      1.4630,      0.1640,      5.6726,     11.3451,      1.4495,     29.5253,     59.0505,      0.0195,      0.0011,      0.0156,      0.2115,   7980.8740,-422742.7812,   -925.0120,    559.6718,  26602.9121,
       1,     170,     232,      24,       1,       3,       1,     10.0000,      1.4152,     42.8264,    252.5338,     63.5528,      3.4953,      0.0000,     -0.0330,      0.9055,      0.1613,      5.6726,     11.3451,      1.4250,     29.5253,     59.0505,      0.0195,      0.0007,      0.0156,      0.2115,   7980.8740,-422548.2500,   -925.0041,    559.6854,  26602.9141,
       1,     170,     233,       1,       1,       3,       1,     10.0000,      1.4152,     42.8268,    252.5397,     63.5543,      3.4953,      0.0000,     -0.0329,      0.5155,      0.1590,      5.6719,     11.3438,      1.4052,     29.5296,     59.0592,      0.0195,      0.0004,      0.0156,      0.2116,   7980.8745,-422016.8125,   -925.1964,    559.7358,  26604.1035,
       1,     170,     233,       2,       1,       3,       1,     10.0000,      1.4152,     42.8268,    252.5397,     63.5543,      3.4953,      0.0000,     -0.0330,      0.8042,      0.1637,      5.6719,     11.3438,      1.4467,     29.5296,     59.0592,      0.0195,      0.0006,      0.0156,      0.2116,   7981.2314,-421350.5625,   -924.8028,    559.7825,  26604.1016,
       1,     170,     233,       3,       1,       3,       1,     10.0000,      1.4152,     42.8268,    252.5397,     63.5543,      3.4953,      0.0000,     -0.0330,      0.8972,      0.1637,      5.6719,     11.3438,      1.4467,     29.5296,     59.0592,      0.0195,      0.0007,      0.0156,      0.2116,   7981.2310,-421641.9062,   -924.8738,    559.7621,  26604.1035,
       1,     170,     233,       4,       1,       3,       1,     10.0000,      1.4152,     42.8268,    252.5397,     63.5543,      3.4953,      0.0000,     -0.0330,      0.6864,      0.1624,      5.6719,     11.3438,      1.4351,     29.5296,     59.0592,      0.0195,      0.0005,      0.0156,      0.2116,   7981.2314,-421778.1250,   -924.9186,    559.7526,  26604.1035,
       1,     170,     233,       5,       1,       3,       1,     10.0000,      1.4152,     42.8268,    252.5397,     63.5543,      3.4953,      0.0000,     -0.0330,      1.1509,      0.1637,      5.6719,     11.3438,      1.4467,     29.5296,     59.0592,      0.0195,      0.0009,      0.0156,      0.2116,   7981.2314,-421536.0625,   -924.8840,    559.7695,  26604.1016,
       1,     170,     233,       6,       1,       3,       1,     10.0000,      1.4152,     42.8268,    252.5397,     63.5543,      3.4953,      0.0000,     -0.0330,      1.6906,      0.1624,      5.6719,     11.3438,      1.4351,     29.5296,     59.0592,      0.0195,      0.0013,      0.0156,      0.2116,   7981.2310,-422074.4062,   -925.0161,    559.7318,  26604.1016,
       1,     170,     233,       7,       1,       3,       1,     10.0000,      1.4152,     42.8268,    252.5397,     63.5543,      3.4953,      0.0000,     -0.0328,      1.3365,      0.1574,      5.6719,     11.3438,      1.3911,     29.5296,     59.0592,      0.0195,      0.0010,      0.0156,      0.2116,   7981.2310,-422768.7500,   -925.1971,    559.6833,  26604.1016,
       1,     170,     233,       8,       1,       3,       1,     10.0000,      1.4152,     42.8268,    252.5397,     63.5543,      3.4953,      0.0185,     -0.0142,      0.3078,      0.1557,      5.6719,     11.3438,      1.3758,     29.5296,     59.0592,      0.0195,      0.0007,      0.0057,      0.2116,   7981.2310,-422401.2188,   -925.1614,    559.7089,  26604.1035,
       1,     170,     233,       9,       1,       3,       1,     10.0000,      1.4152,     42.8268,    252.5397,     63.5543,      3.4953,      0.1306,      0.0972,     21.7871,      0.1745,      5.6719,     11.3438,      1.5423,     29.5296,     59.0592,      0.0195,      0.0016,      0.1628,      0.2116,   7981.2314,-421133.3125,   -924.9404,    559.7977,  26604.1035,
       1,     170,     233,      10,       1,       3,       1,     10.0000,      1.4152,     42.8268,    252.5397,     63.5543,      3.4953,      0.1783,      0.1443,     49.8586,      0.1935,      5.6719,     11.3438,      1.7103,     29.5296,     59.0592,      0.0195,      0.0026,      0.2279,      0.2116,   7981.2314,-446854.0938,   -930.0969,    557.9978,  26604.1016,
       1,     170,     233,      11,       1,       3,       1,     10.0000,      1.4152,     42.8268,    252.5397,     63.5543,      3.4953,      0.1945,      0.1600,     77.7608,      0.2103,      5.6719,     11.3438,      1.8583,     29.5296,     59.0592,      0.0195,      0.0038,      0.2482,      0.2116,   7981.2310,-482792.0938,   -937.4664,    555.4940,  26604.1016,
       1,     170,     233,      12,       1,       3,       1,     10.0000,      1.4152,     42.8268,    252.5397,     63.5543,      3.4953,      0.1970,      0.1622,     95.0754,      0.2211,      5.6719,     11.3438,      1.9539,     29.5296,     59.0592,      0.0195,      0.0046,      0.2500,      0.2115,   7981.2310,-519403.4062,   -944.5495,    552.9576,  26604.1035,
       1,     170,     233,      13,       1,       3,       1,     10.0000,      1.4152,     42.8268,    252.5397,     63.5543,      3.4953,      0.1982,      0.1631,    111.5545,      0.2309,      5.6719,     11.3438,      2.0401,     29.5296,     59.0592,      0.0195,      0.0054,      0.2500,      0.2115,   7981.2314,-543333.5625,   -950.1050,    551.3094,  26604.1016,
       1,     170,     233,      14,       1,       3,       1,     10.0000,      1.4152,     42.8268,    252.5397,     63.5543,      3.4953,      0.1924,      0.1573,    105.3507,      0.2322,      5.6719,     11.3438,      2.0521,     29.5296,     59.0592,      0.0195,      0.0052,      0.2424,      0.2114,   7981.2310,-565191.1875,   -955.3422,    549.8055,  26604.1035,
       1,     170,     233,      15,       1,       3,       1,     10.0000,      1.4152,     42.8268,    252.5397,     63.5543,      3.4953,      0.1972,      0.1621,    100.3346,      0.2320,      5.6719,     11.3438,      2.0501,     29.5296,     59.0592,      0.0195,      0.0048,      0.2499,      0.2114,   7981.2314,-559549.3750,   -955.0887,    550.1952,  26604.1035,
       1,     170,     233,      16,       1,       3,       1,     10.0000,      1.4152,     42.8268,    252.5397,     63.5543,      3.4953,      0.1946,      0.1595,    102.2679,      0.2311,      5.6719,     11.3438,      2.0421,     29.5296,     59.0592,      0.0195,      0.0050,      0.2458,      0.2114,   7981.2314,-553030.4375,   -954.5669,    550.6437,  26604.1016,
       1,     170,     233,      17,       1,       3,       1,     10.0000,      1.4152,     42.8268,    252.5397,     63.5543,      3.4953,      0.1855,      0.1507,     81.2890,      0.2211,      5.6719,     11.3438,      1.9539,     29.5296,     59.0592,      0.0195,      0.0042,      0.2351,      0.2114,   7981.2310,-554814.3750,   -955.5889,    550.5211,  26604.0996,
       1,     170,     233,      18,       1,       3,       1,     10.0000,      1.4152,     42.8268,    252.5397,     63.5543,      3.4953,      0.1819,      0.1470,     81.1590,      0.2231,      5.6719,     11.3438,      1.9713,     29.5296,     59.0592,      0.0195,      0.0043,      0.2298,      0.2114,   7981.2300,-529686.1250,   -951.1559,    552.2504,  26604.1016,
       1,     170,     233,      19,       1,       3,       1,     10.0000,      1.4152,     42.8268,    252.5397,     63.5543,      3.4953,      0.0815,      0.0474,     19.9802,      0.1968,      5.6719,     11.3438,      1.7393,     29.5296,     59.0592,      0.0195,      0.0026,      0.0923,      0.2115,   7981.2310,-527433.5000,   -951.1601,    552.4086,  26604.1016,
       1,     170,     233,      20,       1,       3,       1,     10.0000,      1.4152,     42.8268,    252.5397,     63.5543,      3.4953,      0.0294,     -0.0044,      2.7699,      0.1862,      5.6719,     11.3438,      1.6454,     29.5296,     59.0592,      0.0195,      0.0017,      0.0198,      0.2115,   7981.2310,-453559.8125,   -936.6980,    557.5096,  26604.1016,
       1,     170,     233,      21,       1,       3,       1,     10.0000,      1.4152,     42.8268,    252.5397,     63.5543,      3.4953,      0.0000,     -0.0337,      1.9140,      0.1836,      5.6719,     11.3438,      1.6226,     29.5296,     59.0592,      0.0195,      0.0015,      0.0156,      0.2115,   7981.2310,-426735.5000,   -931.4000,    559.4026,  26604.1016,
       1,     170,     233,      22,       1,       3,       1,     10.0000,      1.4152,     42.8268,    252.5397,     63.5543,      3.4953,      0.0000,     -0.0336,      1.6734,      0.1802,      5.6719,     11.3438,      1.5922,     29.5296,     59.0592,      0.0195,      0.0013,      0.0156,      0.2116,   7981.2310,-423433.2500,   -930.7478,    559.6367,  26604.1016,
       1,     170,     233,      23,       1,       3,       1,     10.0000,      1.4152,     42.8268,    252.5397,     63.5543,      3.4953,      0.0000,     -0.0336,      1.6771,      0.1807,      5.6719,     11.3438,      1.5970,     29.5296,     59.0592,      0.0195,      0.0013,      0.0156,      0.2116,   7981.2310,-422862.4375,   -930.6363,    559.6768,  26604.1016,
       1,     170,     233,      24,       1,       3,       1,     10.0000,      1.4152,     42.8268,    252.5397,     63.5543,      3.4953,      0.0000,     -0.0336,      1.6896,      0.1804,      5.6719,     11.3438,      1.5938,     29.5296,     59.0592,      0.0195,      0.0013,      0.0156,      0.2116,   7981.2310,-422818.6875,   -930.6290,    559.6797,  26604.1016,
       1,     170,     234,       1,       1,       3,       1,     10.0000,      1.4152,     42.8271,    252.5457,     63.5558,      3.4953,      0.0000,     -0.0337,      1.8371,      0.1822,      5.6718,     11.3435,      1.6098,     29.5375,     59.0749,      0.0195,      0.0014,      0.0156,      0.2116,   7981.2310,-422985.6562,   -930.9497,    559.6812,  26605.2969,
       1,     170,     234,       2,       1,       3,       1,     10.0000,      1.4152,     42.8271,    252.5457,     63.5558,      3.4953,      0.0000,     -0.0336,      1.7318,      0.1800,      5.6718,     11.3435,      1.5907,     29.5375,     59.0749,      0.0195,      0.0013,      0.0156,      0.2116,   7981.5894,-423024.2812,   -930.6760,    559.6785,  26605.2969,
       1,     170,     234,       3,       1,       3,       1,     10.0000,      1.4152,     42.8271,    252.5457,     63.5558,      3.4953,      0.0000,     -0.0334,      1.4964,      0.1749,      5.6718,     11.3435,      1.5454,     29.5375,     59.0749,      0.0195,      0.0012,      0.0156,      0.2116,   7981.5894,-422900.9688,   -930.6516,    559.6871,  26605.2969,
       1,     170,     234,       4,       1,       3,       1,     10.0000,      1.4152,     42.8271,    252.5457,     63.5558,      3.4953,      0.0000,     -0.0332,      1.2281,      0.1674,      5.6718,     11.3435,      1.4789,     29.5375,     59.0749,      0.0195,      0.0010,      0.0156,      0.2116,   7981.5894,-422607.4062,   -930.5937,    559.7076,  26605.2969,
       1,     170,     234,       5,       1,       3,       1,     10.0000,      1.4152,     42.8271,    252.5457,     63.5558,      3.4953,      0.0000,     -0.0331,      1.7699,      0.1665,      5.6718,     11.3435,      1.4715,     29.5375,     59.0749,      0.0195,      0.0014,      0.0156,      0.2116,   7981.5894,-422260.1250,   -930.5251,    559.7319,  26605.2969,
       1,     170,     234,       6,       1,       3,       1,     10.0000,      1.4152,     42.8271,    252.5457,     63.5558,      3.4953,      0.0000,     -0.0330,      1.5632,      0.1614,      5.6718,     11.3435,      1.4265,     29.5375,     59.0749,      0.0195,      0.0012,      0.0156,      0.2116,   7981.5894,-422882.3125,   -930.6478,    559.6884,  26605.2988,
       1,     170,     234,       7,       1,       3,       1,     10.0000,      1.4152,     42.8271,    252.5457,     63.5558,      3.4953,      0.0000,     -0.0331,      1.8223,      0.1649,      5.6718,     11.3435,      1.4569,     29.5375,     59.0749,      0.0195,      0.0014,      0.0156,      0.2116,   7981.5898,-422685.8750,   -930.6076,    559.7021,  26605.2949,
       1,     170,     234,       8,       1,       3,       1,     10.0000,      1.4152,     42.8271,    252.5457,     63.5558,      3.4953,      0.0103,     -0.0228,      1.7901,      0.1644,      5.6718,     11.3435,      1.4525,     29.5375,     59.0749,      0.0195,      0.0014,      0.0156,      0.2116,   7981.5889,-422981.4375,   -930.6661,    559.6815,  26605.2949,
       1,     170,     234,       9,       1,       3,       1,     10.0000,      1.4152,     42.8271,    252.5457,     63.5558,      3.4953,      0.0728,      0.0395,     10.8444,      0.1709,      5.6718,     11.3435,      1.5103,     29.5375,     59.0749,      0.0195,      0.0016,      0.0814,      0.2116,   7981.5889,-422967.6250,   -930.6613,    559.6824,  26605.2969,
       1,     170,     234,      10,       1,       3,       1,     10.0000,      1.4152,     42.8271,    252.5457,     63.5558,      3.4953,      0.0710,      0.0376,     10.8098,      0.1749,      5.6718,     11.3435,      1.5454,     29.5375,     59.0749,      0.0195,      0.0017,      0.0788,      0.2116,   7981.5894,-433852.4062,   -932.8516,    558.9209,  26605.2969,
       1,     170,     234,      11,       1,       3,       1,     10.0000,      1.4152,     42.8271,    252.5457,     63.5558,      3.4953,      0.0952,      0.0616,     15.9266,      0.1789,      5.6718,     11.3435,      1.5812,     29.5375,     59.0749,      0.0195,      0.0017,      0.1127,      0.2116,   7981.5894,-434727.7812,   -933.0524,    558.8603,  26605.2969,
       1,     170,     234,      12,       1,       3,       1,     10.0000,      1.4152,     42.8271,    252.5457,     63.5558,      3.4953,      0.1494,      0.1155,     30.6667,      0.1905,      5.6718,     11.3435,      1.6834,     29.5375,     59.0749,      0.0195,      0.0020,      0.1887,      0.2116,   7981.5894,-440953.7812,   -934.3331,    558.4254,  26605.2988,
       1,     170,     234,      13,       1,       3,       1,     10.0000,      1.4152,     42.8271,    252.5457,     63.5558,      3.4953,      0.0764,      0.0433,      9.7745,      0.1647,      5.6718,     11.3435,      1.4554,     29.5375,     59.0749,      0.0195,      0.0014,      0.0868,      0.2116,   7981.5898,-459204.3125,   -917.9310,    557.1516,  26605.2969,
       1,     170,     234,      14,       1,       3,       1,     10.0000,      1.4152,     42.8271,    252.5457,     63.5558,      3.4953,      0.0064,     -0.0245,      0.8665,      0.1076,      5.6718,     11.3435,      0.9509,     29.5375,     59.0749,      0.0195,      0.0007,      0.0156,      0.2116,   7981.5894,-435609.0625,   -913.1423,    558.7963,  26605.2988,
       1,     170,     234,      15,       1,       3,       1,     10.0000,      1.4152,     42.8271,    252.5457,     63.5558,      3.4953,      0.0173,     -0.0134,      0.5117,      0.1032,      5.6718,     11.3435,      0.9115,     29.5375,     59.0749,      0.0195,      0.0010,      0.0065,      0.2116,   7981.5898,-422920.0312,   -910.5379,    559.6850,  26605.2988,
       1,     170,     234,      16,       1,       3,       1,     10.0000,      1.4152,     42.8271,    252.5457,     63.5558,      3.4953,      0.0451,      0.0143,      1.8462,      0.1068,      5.6718,     11.3435,      0.9440,     29.5375,     59.0749,      0.0195,      0.0005,      0.0453,      0.2116,   7981.5898,-421425.6875,   -910.3374,    559.7903,  26605.2988,
       1,     170,     234,      17,       1,       3,       1,     10.0000,      1.4152,     42.8271,    252.5457,     63.5558,      3.4953,      0.0958,      0.0645,      3.3751,      0.1169,      5.6718,     11.3435,      1.0334,     29.5375,     59.0749,      0.0195,      0.0004,      0.1162,      0.2116,   7981.5898,-422903.5000,   -910.7701,    559.6870,  26605.3008,
       1,     170,     234,      18,       1,       3,       1,     10.0000,      1.4152,     42.8271,    252.5457,     63.5558,      3.4953,      0.0975,      0.0660,      7.2960,      0.1240,      5.6718,     11.3435,      1.0954,     29.5375,     59.0749,      0.0195,      0.0007,      0.1181,      0.2116,   7981.5903,-424865.9375,   -911.4003,    559.5496,  26605.2988,
       1,     170,     234,      19,       1,       3,       1,     10.0000,      1.4152,     42.8271,    252.5457,     63.5558,      3.4953,      0.0736,      0.0416,      6.9758,      0.1337,      5.6718,     11.3435,      1.1812,     29.5375,     59.0749,      0.0195,      0.0010,      0.0840,      0.2116,   7981.5898,-429745.7188,   -912.6338,    559.2083,  26605.2988,
       1,     170,     234,      20,       1,       3,       1,     10.0000,      1.4152,     42.8271,    252.5457,     63.5558,      3.4953,      0.0140,     -0.0179,      0.0175,      0.1337,      5.6718,     11.3435,      1.1812,     29.5375,     59.0749,      0.0195,      0.0006,      0.0003,      0.2116,   7981.5898,-429771.2812,   -912.9769,    559.2067,  26605.3008,
       1,     170,     234,      21,       1,       3,       1,     10.0000,      1.4152,     42.8271,    252.5457,     63.5558,      3.4953,      0.0000,     -0.0319,      0.8734,      0.1308,      5.6718,     11.3435,      1.1562,     29.5375,     59.0749,      0.0195,      0.0007,      0.0156,      0.2116,   7981.5903,-421406.0312,   -911.5558,    559.7913,  26605.2988,
       1,     170,     234,      22,       1,       3,       1,     10.0000,      1.4152,     42.8271,    252.5457,     63.5558,      3.4953,      0.0000,     -0.0318,      0.9820,      0.1291,      5.6718,     11.3435,      1.1410,     29.5375,     59.0749,      0.0195,      0.0008,      0.0156,      0.2116,   7981.5898,-421732.6875,   -911.6862,    559.7688,  26605.2988,
       1,     170,     234,      23,       1,       3,       1,     10.0000,      1.4152,     42.8271,    252.5457,     63.5558,      3.4953,      0.0000,     -0.0318,      0.7491,      0.1291,      5.6718,     11.3435,      1.1410,     29.5375,     59.0749,      0.0195,      0.0006,      0.0156,      0.2116,   7981.5898,-421890.3750,   -911.7800,    559.7578,  26605.2988,
       1,     170,     234,      24,       1,       3,       1,     10.0000,      1.4152,     42.8271,    252.5457,     63.5558,      3.4953,      0.0000,     -0.0320,      0.6729,      0.1342,      5.6718,     11.3435,      1.1860,     29.5375,     59.0749,      0.0195,      0.0005,      0.0156,      0.2116,   7981.5898,-421623.6875,   -911.7709,    559.7764,  26605.3008,
       1,     170,     235,       1,       1,       3,       1,     10.0000,      1.4153,     42.8274,    252.5517,     63.5573,      3.4953,      0.0000,     -0.0319,      0.6540,      0.1327,      5.6740,     11.3480,      1.1728,     29.5176,     59.0353,      0.0195,      0.0005,      0.0156,      0.2116,   7981.5903,-421665.0312,   -912.0817,    559.7870,  26606.4883,
       1,     170,     235,       2,       1,       3,       1,     10.0000,      1.4153,     42.8274,    252.5517,     63.5573,      3.4953,      0.0000,     -0.0319,      0.3632,      0.1312,      5.6740,     11.3480,      1.1598,     29.5176,     59.0353,      0.0195,      0.0003,      0.0156,      0.2116,   7981.9468,-421493.3125,   -911.8276,    559.7990,  26606.4863,
       1,     170,     235,       3,       1,       3,       1,     10.0000,      1.4153,     42.8274,    252.5517,     63.5573,      3.4953,      0.0000,     -0.0320,      0.4038,      0.1348,      5.6740,     11.3480,      1.1908,     29.5176,     59.0353,      0.0195,      0.0003,      0.0156,      0.2116,   7981.9463,-421129.4375,   -911.7675,    559.8245,  26606.4883,
       1,     170,     235,       4,       1,       3,       1,     10.0000,      1.4153,     42.8274,    252.5517,     63.5573,      3.4953,      0.0000,     -0.0322,      0.5677,      0.1396,      5.6740,     11.3480,      1.2338,     29.5176,     59.0353,      0.0195,      0.0004,      0.0156,      0.2116,   7981.9468,-421147.3750,   -911.7792,    559.8232,  26606.4863,
       1,     170,     235,       5,       1,       3,       1,     10.0000,      1.4153,     42.8274,    252.5517,     63.5573,      3.4953,      0.0000,     -0.0321,      0.4013,      0.1381,      5.6740,     11.3480,      1.2202,     29.5176,     59.0353,      0.0195,      0.0003,      0.0156,      0.2116,   7981.9463,-421346.2188,   -911.8417,    559.8093,  26606.4883,
       1,     170,     235,       6,       1,       3,       1,     10.0000,      1.4153,     42.8274,    252.5517,     63.5573,      3.4953,      0.0000,     -0.0321,      0.3332,      0.1384,      5.6740,     11.3480,      1.2226,     29.5176,     59.0353,      0.0195,      0.0003,      0.0156,      0.2116,   7981.9468,-421162.6562,   -911.8163,    559.8221,  26606.4883,
       1,     170,     235,       7,       1,       3,       1,     10.0000,      1.4153,     42.8274,    252.5517,     63.5573,      3.4953,      0.0000,     -0.0321,      0.3503,      0.1381,      5.6740,     11.3480,      1.2202,     29.5176,     59.0353,      0.0195,      0.0003,      0.0156,      0.2116,   7981.9468,-421065.3750,   -911.8002,    559.8289,  26606.4863,
       1,     170,     235,       8,       1,       3,       1,     10.0000,      1.4153,     42.8274,    252.5517,     63.5573,      3.4953,      0.0101,     -0.0220,      0.5109,      0.1381,      5.6740,     11.3480,      1.2202,     29.5176,     59.0353,      0.0195,      0.0004,      0.0156,      0.2116,   7981.9463,-421077.9375,   -910.0880,    559.8281,  26606.4863,
       1,     170,     235,       9,       1,       3,       1,     10.0000,      1.4153,     42.8274,    252.5517,     63.5573,      3.4953,      0.1365,      0.1040,     11.0060,      0.1500,      5.6740,     11.3480,      1.3256,     29.5176,     59.0353,      0.0195,      0.0008,      0.1726,      0.2116,   7981.9463,-421272.0625,   -910.1770,    559.8145,  26606.4883,
       1,     170,     235,      10,       1,       3,       1,     10.0000,      1.4153,     42.8274,    252.5517,     63.5573,      3.4953,      0.1719,      0.1385,     37.0250,      0.1749,      5.6740,     11.3480,      1.5454,     29.5176,     59.0353,      0.0195,      0.0020,      0.2201,      0.2116,   7981.9468,-433904.9062,   -913.0835,    558.9305,  26606.4883,
       1,     170,     235,      11,       1,       3,       1,     10.0000,      1.4153,     42.8274,    252.5517,     63.5573,      3.4953,      0.1876,      0.1548,     24.2984,      0.1571,      5.6740,     11.3480,      1.3884,     29.5176,     59.0353,      0.0195,      0.0012,      0.2438,      0.2116,   7981.9468,-466253.9375,   -919.6446,    556.6711,  26606.4883,
       1,     170,     235,      12,       1,       3,       1,     10.0000,      1.4153,     42.8274,    252.5517,     63.5573,      3.4953,      0.1948,      0.1613,     62.3743,      0.1765,      5.6740,     11.3480,      1.5593,     29.5176,     59.0353,      0.0195,      0.0030,      0.2500,      0.2116,   7981.9468,-453674.1562,   -918.5403,    557.5510,  26606.4883,
       1,     170,     235,      13,       1,       3,       1,     10.0000,      1.4153,     42.8274,    252.5517,     63.5573,      3.4953,      0.1955,      0.1617,     72.4900,      0.1860,      5.6740,     11.3480,      1.6438,     29.5176,     59.0353,      0.0195,      0.0035,      0.2500,      0.2116,   7981.9468,-498409.5625,   -928.8507,    554.4340,  26606.4883,
       1,     170,     235,      14,       1,       3,       1,     10.0000,      1.4153,     42.8274,    252.5517,     63.5573,      3.4953,      0.1963,      0.1623,     84.1678,      0.1953,      5.6740,     11.3480,      1.7257,     29.5176,     59.0353,      0.0195,      0.0041,      0.2500,      0.2116,   7981.9468,-514362.2812,   -933.6731,    553.3370,  26606.4883,
       1,     170,     235,      15,       1,       3,       1,     10.0000,      1.4153,     42.8274,    252.5517,     63.5573,      3.4953,      0.1973,      0.1629,     97.6609,      0.2054,      5.6740,     11.3480,      1.8149,     29.5176,     59.0353,      0.0195,      0.0047,      0.2500,      0.2115,   7981.9468,-529750.1250,   -938.5765,    552.2737,  26606.4883,
       1,     170,     235,      16,       1,       3,       1,     10.0000,      1.4153,     42.8274,    252.5517,     63.5573,      3.4953,      0.1443,      0.1106,     50.3328,      0.1835,      5.6740,     11.3480,      1.6211,     29.5176,     59.0353,      0.0195,      0.0034,      0.1791,      0.2115,   7981.9468,-547288.5000,   -943.6150,    551.0640,  26606.4883,
       1,     170,     235,      17,       1,       3,       1,     10.0000,      1.4153,     42.8274,    252.5517,     63.5573,      3.4953,      0.0994,      0.0666,     10.2692,      0.1555,      5.6740,     11.3480,      1.3745,     29.5176,     59.0353,      0.0195,      0.0010,      0.1197,      0.2115,   7981.9468,-491754.7812,   -924.1158,    554.8907,  26606.3730,
       1,     170,     235,      18,       1,       3,       1,     10.0000,      1.4153,     42.8274,    252.5517,     63.5573,      3.4953,      0.1175,      0.0849,      6.2668,      0.1523,      5.6740,     11.3480,      1.3458,     29.5176,     59.0353,      0.0195,      0.0005,      0.1461,      0.2116,   7981.9121,-438944.1562,   -915.0013,    558.5670,  26606.4883,
       1,     170,     235,      19,       1,       3,       1,     10.0000,      1.4153,     42.8274,    252.5517,     63.5573,      3.4953,      0.0294,     -0.0033,      0.5322,      0.1523,      5.6740,     11.3480,      1.3458,     29.5176,     59.0353,      0.0195,      0.0003,      0.0212,      0.2116,   7981.9468,-429707.9688,   -913.7099,    559.2241,  26606.4902,
       1,     170,     235,      20,       1,       3,       1,     10.0000,      1.4153,     42.8274,    252.5517,     63.5573,      3.4953,      0.0046,     -0.0280,      0.6150,      0.1523,      5.6740,     11.3480,      1.3458,     29.5176,     59.0353,      0.0195,      0.0005,      0.0156,      0.2116,   7981.9473,-422023.0938,   -910.3405,    559.7617,  26606.4883,
       1,     170,     235,      21,       1,       3,       1,     10.0000,      1.4153,     42.8274,    252.5517,     63.5573,      3.4953,      0.0000,     -0.0326,      0.5362,      0.1514,      5.6740,     11.3480,      1.3377,     29.5176,     59.0353,      0.0195,      0.0004,      0.0156,      0.2116,   7981.9468,-421476.8750,   -910.2040,    559.8002,  26606.4883,
       1,     170,     235,      22,       1,       3,       1,     10.0000,      1.4153,     42.8274,    252.5517,     63.5573,      3.4953,      0.0000,     -0.0326,      0.6118,      0.1500,      5.6740,     11.3480,      1.3256,     29.5176,     59.0353,      0.0195,      0.0005,      0.0156,      0.2116,   7981.9468,-421335.8125,   -910.2004,    559.8100,  26606.4883,
       1,     170,     235,      23,       1,       3,       1,     10.0000,      1.4153,     42.8274,    252.5517,     63.5573,      3.4953,      0.0000,     -0.0325,      0.6149,      0.1473,      5.6740,     11.3480,      1.3018,     29.5176,     59.0353,      0.0195,      0.0005,      0.0156,      0.2116,   7981.9468,-421414.9688,   -910.2488,    559.8046,  26606.4883,
       1,     170,     235,      24,       1,       3,       1,     10.0000,      1.4153,     42.8274,    252.5517,     63.5573,      3.4953,      0.0000,     -0.0324,      0.4810,      0.1469,      5.6740,     11.3480,      1.2978,     29.5176,     59.0353,      0.0195,      0.0004,      0.0156,      0.2116,   7981.9468,-421425.1875,   -910.2861,    559.8038,  26606.4902,
       1,     170,     236,       1,       1,       3,       1,     10.0000,      1.4153,     42.8278,    252.5576,     63.5587,      3.4953,      0.0000,     -0.0326,      0.6555,      0.1523,      5.6723,     11.3446,      1.3458,     29.5187,     59.0374,      0.0195,      0.0005,      0.0156,      0.2117,   7981.9473,-421420.5938,   -910.5612,    559.8173,  26607.6816,
       1,     170,     236,       2,       1,       3,       1,     10.0000,      1.4153,     42.8278,    252.5576,     63.5587,      3.4953,      0.0000,     -0.0324,      0.3982,      0.1457,      5.6723,     11.3446,      1.2874,     29.5187,     59.0374,      0.0195,      0.0003,      0.0156,      0.2117,   7982.3047,-421477.4688,   -910.3513,    559.8133,  26607.6816,
       1,     170,     236,       3,       1,       3,       1,     10.0000,      1.4153,     42.8278,    252.5576,     63.5587,      3.4953,      0.0000,     -0.0324,      0.3794,      0.1455,      5.6723,     11.3446,      1.2861,     29.5187,     59.0374,      0.0195,      0.0003,      0.0156,      0.2117,   7982.3047,-421172.9062,   -910.1085,    559.8345,  26607.6797,
       1,     170,     236,       4,       1,       3,       1,     10.0000,      1.4153,     42.8278,    252.5576,     63.5587,      3.4953,      0.0000,     -0.0325,      0.3888,      0.1488,      5.6723,     11.3446,      1.3150,     29.5187,     59.0374,      0.0195,      0.0003,      0.0156,      0.2117,   7982.3042,-421124.8750,   -910.0970,    559.8379,  26607.6797,
       1,     170,     236,       5,       1,       3,       1,     10.0000,      1.4153,     42.8278,    252.5576,     63.5587,      3.4953,      0.0000,     -0.0325,      0.3597,      0.1479,      5.6723,     11.3446,      1.3070,     29.5187,     59.0374,      0.0195,      0.0003,      0.0156,      0.2117,   7982.3042,-421132.2188,   -910.1031,    559.8374,  26607.6816,
       1,     170,     236,       6,       1,       3,       1,     10.0000,      1.4153,     42.8278,    252.5576,     63.5587,      3.4953,      0.0000,     -0.0324,      0.3523,      0.1452,      5.6723,     11.3446,      1.2835,     29.5187,     59.0374,      0.0195,      0.0003,      0.0156,      0.2117,   7982.3047,-421097.5938,   -910.0981,    559.8398,  26607.6797,
       1,     170,     236,       7,       1,       3,       1,     10.0000,      1.4153,     42.8278,    252.5576,     63.5587,      3.4953,      0.0000,     -0.0322,      0.3414,      0.1413,      5.6723,     11.3446,      1.2490,     29.5187,     59.0374,      0.0195,      0.0003,      0.0156,      0.2117,   7982.3042,-421085.9688,   -910.0983,    559.8406,  26607.6816,
       1,     170,     236,       8,       1,       3,       1,     10.0000,      1.4153,     42.8278,    252.5576,     63.5587,      3.4953,      0.0034,     -0.0285,      0.3168,      0.1306,      5.6723,     11.3446,      1.1539,     29.5187,     59.0374,      0.0195,      0.0002,      0.0156,      0.2117,   7982.3047,-421071.7188,   -910.0832,    559.8416,  26607.6816,
       1,     170,     236,       9,       1,       3,       1,     10.0000,      1.4153,     42.8278,    252.5576,     63.5587,      3.4953,      0.0719,      0.0405,      1.5593,      0.1182,      5.6723,     11.3446,      1.0441,     29.5187,     59.0374,      0.0195,      0.0002,      0.0826,      0.2117,   7982.3047,-421041.0000,   -910.0871,    559.8438,  26607.6816,
       1,     170,     236,      10,       1,       3,       1,     10.0000,      1.4153,     42.8278,    252.5576,     63.5587,      3.4953,      0.1419,      0.1096,      4.6905,      0.1408,      5.6723,     11.3446,      1.2439,     29.5187,     59.0374,      0.0195,      0.0003,      0.1810,      0.2117,   7982.3047,-422531.8750,   -910.5945,    559.7394,  26607.6816,
       1,     170,     236,      11,       1,       3,       1,     10.0000,      1.4153,     42.8278,    252.5576,     63.5587,      3.4953,      0.1856,      0.1528,     34.2642,      0.1579,      5.6723,     11.3446,      1.3954,     29.5187,     59.0374,      0.0195,      0.0017,      0.2399,      0.2117,   7982.3047,-426421.1250,   -911.8439,    559.4673,  26607.6816,
       1,     170,     236,      12,       1,       3,       1,     10.0000,      1.4153,     42.8278,    252.5576,     63.5587,      3.4953,      0.1846,      0.1511,     56.5183,      0.1793,      5.6723,     11.3446,      1.5844,     29.5187,     59.0374,      0.0195,      0.0029,      0.2361,      0.2116,   7982.3047,-462299.0938,   -919.7156,    556.9583,  26607.6816,
       1,     170,     236,      13,       1,       3,       1,     10.0000,      1.4153,     42.8278,    252.5576,     63.5587,      3.4953,      0.1975,      0.1633,     99.8241,      0.2016,      5.6723,     11.3446,      1.7812,     29.5187,     59.0374,      0.0195,      0.0048,      0.2500,      0.2116,   7982.3047,-492095.4062,   -927.0155,    554.8895,  26607.6797,
       1,     170,     236,      14,       1,       3,       1,     10.0000,      1.4153,     42.8278,    252.5576,     63.5587,      3.4953,      0.1963,      0.1618,     84.5243,      0.2074,      5.6723,     11.3446,      1.8330,     29.5187,     59.0374,      0.0195,      0.0041,      0.2500,      0.2116,   7982.3042,-546708.2500,   -937.4084,    551.1053,  26607.6816,
       1,     170,     236,      15,       1,       3,       1,     10.0000,      1.4153,     42.8278,    252.5576,     63.5587,      3.4953,      0.1972,      0.1627,     97.7026,      0.2134,      5.6723,     11.3446,      1.8861,     29.5187,     59.0374,      0.0195,      0.0047,      0.2500,      0.2115,   7982.3047,-532893.1875,   -937.2902,    552.0699,  26607.6816,
       1,     170,     236,      16,       1,       3,       1,     10.0000,      1.4153,     42.8278,    252.5576,     63.5587,      3.4953,      0.1947,      0.1603,     92.7469,      0.2068,      5.6723,     11.3446,      1.8276,     29.5187,     59.0374,      0.0195,      0.0045,      0.2468,      0.2115,   7982.3047,-547590.7500,   -942.3284,    551.0565,  26607.6797,
       1,     170,     236,      17,       1,       3,       1,     10.0000,      1.4153,     42.8278,    252.5576,     63.5587,      3.4953,      0.1951,      0.1614,     67.5896,      0.1855,      5.6723,     11.3446,      1.6390,     29.5187,     59.0374,      0.0195,      0.0033,      0.2500,      0.2115,   7982.3042,-542855.3750,   -943.2359,    551.3837,  26607.6816,
       1,     170,     236,      18,       1,       3,       1,     10.0000,      1.4153,     42.8278,    252.5576,     63.5587,      3.4953,      0.1410,      0.1078,     34.4651,      0.1689,      5.6723,     11.3446,      1.4924,     29.5187,     59.0374,      0.0195,      0.0024,      0.1762,      0.2115,   7982.3047,-512162.2812,   -938.6812,    553.4992,  26607.6836,
       1,     170,     236,      19,       1,       3,       1,     10.0000,      1.4153,     42.8278,    252.5576,     63.5587,      3.4953,      0.0662,      0.0333,     10.9178,      0.1602,      5.6723,     11.3446,      1.4152,     29.5187,     59.0374,      0.0195,      0.0018,      0.0723,      0.2116,   7982.3052,-469734.2188,   -931.2245,    556.4387,  26607.6816,
       1,     170,     236,      20,       1,       3,       1,     10.0000,      1.4153,     42.8278,    252.5576,     63.5587,      3.4953,      0.0139,     -0.0189,      1.9357,      0.1567,      5.6723,     11.3446,      1.3843,     29.5187,     59.0374,      0.0195,      0.0015,      0.0156,      0.2116,   7982.3047,-437873.4375,   -925.4345,    558.6627,  26607.6836,
       1,     170,     236,      21,       1,       3,       1,     10.0000,      1.4153,     42.8278,    252.5576,     63.5587,      3.4953,      0.0000,     -0.0327,      1.6757,      0.1532,      5.6723,     11.3446,      1.3540,     29.5187,     59.0374,      0.0195,      0.0013,      0.0156,      0.2116,   7982.3052,-424403.2812,   -922.9802,    559.6078,  26607.6816,
       1,     170,     236,      22,       1,       3,       1,     10.0000,      1.4153,     42.8278,    252.5576,     63.5587,      3.4953,      0.0000,     -0.0326,      1.6864,      0.1505,      5.6723,     11.3446,      1.3296,     29.5187,     59.0374,      0.0195,      0.0013,      0.0156,      0.2117,   7982.3047,-422955.4688,   -922.7703,    559.7098,  26607.6816,
       1,     170,     236,      23,       1,       3,       1,     10.0000,      1.4153,     42.8278,    252.5576,     63.5587,      3.4953,      0.0000,     -0.0325,      1.8011,      0.1488,      5.6723,     11.3446,      1.3150,     29.5187,     59.0374,      0.0195,      0.0014,      0.0156,      0.2117,   7982.3047,-422845.6562,   -922.8154,    559.7175,  26607.6816,
       1,     170,     236,      24,       1,       3,       1,     10.0000,      1.4153,     42.8278,    252.5576,     63.5587,      3.4953,      0.0000,     -0.0324,      1.6104,      0.1466,      5.6723,     11.3446,      1.2952,     29.5187,     59.0374,      0.0195,      0.0012,      0.0156,      0.2117,   7982.3047,-422974.2188,   -922.9073,    559.7085,  26607.6816,
       1,     170,     237,       1,       1,       3,       1,     10.0000,      1.4153,     42.8281,    252.5636,     63.5603,      3.4953,      0.0000,     -0.0325,      1.8331,      0.1488,      5.6724,     11.3447,      1.3150,     29.5225,     59.0451,      0.0195,      0.0014,      0.0156,      0.2117,   7982.3047,-422911.2500,   -923.2267,    559.7261,  26608.8730,
       1,     170,     237,       2,       1,       3,       1,     10.0000,      1.4153,     42.8281,    252.5636,     63.5603,      3.4953,      0.0000,     -0.0323,      1.4820,      0.1435,      5.6724,     11.3447,      1.2681,     29.5225,     59.0451,      0.0195,      0.0011,      0.0156,      0.2117,   7982.6621,-423021.0312,   -923.0454,    559.7184,  26608.8730,
       1,     170,     237,       3,       1,       3,       1,     10.0000,      1.4153,     42.8281,    252.5636,     63.5603,      3.4953,      0.0000,     -0.0322,      0.9669,      0.1389,      5.6724,     11.3447,      1.2277,     29.5225,     59.0451,      0.0195,      0.0007,      0.0156,      0.2117,   7982.6621,-422608.3750,   -923.0229,    559.7473,  26608.8750,
       1,     170,     237,       4,       1,       3,       1,     10.0000,      1.4153,     42.8281,    252.5636,     63.5603,      3.4953,      0.0000,     -0.0322,      0.9828,      0.1395,      5.6724,     11.3447,      1.2327,     29.5225,     59.0451,      0.0195,      0.0008,      0.0156,      0.2117,   7982.6626,-421954.3438,   -922.9252,    559.7931,  26608.8730,
       1,     170,     237,       5,       1,       3,       1,     10.0000,      1.4153,     42.8281,    252.5636,     63.5603,      3.4953,      0.0000,     -0.0322,      1.1350,      0.1401,      5.6724,     11.3447,      1.2377,     29.5225,     59.0451,      0.0195,      0.0009,      0.0156,      0.2117,   7982.6621,-421918.5000,   -922.9522,    559.7955,  26608.8730,
       1,     170,     237,       6,       1,       3,       1,     10.0000,      1.4153,     42.8281,    252.5636,     63.5603,      3.4953,      0.0000,     -0.0321,      0.7260,      0.1366,      5.6724,     11.3447,      1.2067,     29.5225,     59.0451,      0.0195,      0.0006,      0.0156,      0.2117,   7982.6621,-422098.5312,   -923.0262,    559.7829,  26608.8730,
       1,     170,     237,       7,       1,       3,       1,     10.0000,      1.4153,     42.8281,    252.5636,     63.5603,      3.4953,      0.0000,     -0.0322,      0.6797,      0.1388,      5.6724,     11.3447,      1.2264,     29.5225,     59.0451,      0.0195,      0.0005,      0.0156,      0.2117,   7982.6621,-421622.1250,   -922.9569,    559.8163,  26608.8750,
       1,     170,     237,       8,       1,       3,       1,     10.0000,      1.4153,     42.8281,    252.5636,     63.5603,      3.4953,      0.0046,     -0.0277,      0.8570,      0.1426,      5.6724,     11.3447,      1.2604,     29.5225,     59.0451,      0.0195,      0.0007,      0.0156,      0.2117,   7982.6626,-421526.1250,   -922.9554,    559.8229,  26608.8730,
       1,     170,     237,       9,       1,       3,       1,     10.0000,      1.4153,     42.8281,    252.5636,     63.5603,      3.4953,      0.0695,      0.0369,      6.0563,      0.1500,      5.6724,     11.3447,      1.3257,     29.5225,     59.0451,      0.0195,      0.0009,      0.0778,      0.2117,   7982.6621,-421731.5312,   -921.7607,    559.8086,  26608.8730,
       1,     170,     237,      10,       1,       3,       1,     10.0000,      1.4153,     42.8281,    252.5636,     63.5603,      3.4953,      0.1777,      0.1449,     30.7997,      0.1587,      5.6724,     11.3447,      1.4025,     29.5225,     59.0451,      0.0195,      0.0016,      0.2291,      0.2117,   7982.6621,-427997.6250,   -923.0963,    559.3701,  26608.8750,
       1,     170,     237,      11,       1,       3,       1,     10.0000,      1.4153,     42.8281,    252.5636,     63.5603,      3.4953,      0.1946,      0.1608,     65.8255,      0.1868,      5.6724,     11.3447,      1.6504,     29.5225,     59.0451,      0.0195,      0.0032,      0.2495,      0.2117,   7982.6626,-458266.2812,   -929.3481,    557.2539,  26608.8730,
       1,     170,     237,      12,       1,       3,       1,     10.0000,      1.4153,     42.8281,    252.5636,     63.5603,      3.4953,      0.1953,      0.1609,     85.1864,      0.2074,      5.6724,     11.3447,      1.8330,     29.5225,     59.0451,      0.0195,      0.0041,      0.2486,      0.2116,   7982.6621,-502939.9375,   -938.8190,    554.1460,  26608.8711,
       1,     170,     237,      13,       1,       3,       1,     10.0000,      1.4153,     42.8281,    252.5636,     63.5603,      3.4953,      0.1966,      0.1620,     88.9511,      0.2139,      5.6724,     11.3447,      1.8899,     29.5225,     59.0451,      0.0195,      0.0043,      0.2500,      0.2116,   7982.6616,-530005.5000,   -945.1878,    552.2799,  26608.8711,
       1,     170,     237,      14,       1,       3,       1,     10.0000,      1.4153,     42.8281,    252.5636,     63.5603,      3.4953,      0.1957,      0.1613,     77.1619,      0.2070,      5.6724,     11.3447,      1.8294,     29.5225,     59.0451,      0.0195,      0.0037,      0.2500,      0.2116,   7982.6616,-536804.0625,   -947.7230,    551.8138,  26608.8691,
       1,     170,     237,      15,       1,       3,       1,     10.0000,      1.4153,     42.8281,    252.5636,     63.5603,      3.4953,      0.1961,      0.1617,     81.6709,      0.2060,      5.6724,     11.3447,      1.8204,     29.5225,     59.0451,      0.0195,      0.0039,      0.2500,      0.2116,   7982.6611,-523176.1250,   -946.0486,    552.7539,  26608.8691,
       1,     170,     237,      16,       1,       3,       1,     10.0000,      1.4153,     42.8281,    252.5636,     63.5603,      3.4953,      0.1840,      0.1500,     69.3075,      0.1949,      5.6724,     11.3447,      1.7224,     29.5225,     59.0451,      0.0195,      0.0036,      0.2340,      0.2116,   7982.6611,-527465.1250,   -947.6631,    552.4584,  26608.8711,
       1,     170,     237,      17,       1,       3,       1,     10.0000,      1.4153,     42.8281,    252.5636,     63.5603,      3.4953,      0.1620,      0.1283,     47.9105,      0.1827,      5.6724,     11.3447,      1.6147,     29.5225,     59.0451,      0.0195,      0.0028,      0.2047,      0.2116,   7982.6616,-512940.0625,   -945.4108,    553.4615,  26608.8711,
       1,     170,     237,      18,       1,       3,       1,     10.0000,      1.4153,     42.8281,    252.5636,     63.5603,      3.4953,      0.1400,      0.1066,     32.3505,      0.1758,      5.6724,     11.3447,      1.5532,     29.5225,     59.0451,      0.0195,      0.0022,      0.1750,      0.2116,   7982.6616,-485974.8438,   -940.5312,    555.3280,  26608.8711,
       1,     170,     237,      19,       1,       3,       1,     10.0000,      1.4153,     42.8281,    252.5636,     63.5603,      3.4953,      0.0966,      0.0634,     17.5152,      0.1709,      5.6724,     11.3447,      1.5104,     29.5225,     59.0451,      0.0195,      0.0018,      0.1147,      0.2116,   7982.6616,-465005.0938,   -936.6725,    556.7867,  26608.8711,
       1,     170,     237,      20,       1,       3,       1,     10.0000,      1.4153,     42.8281,    252.5636,     63.5603,      3.4953,      0.0232,     -0.0100,      1.8249,      0.1684,      5.6724,     11.3447,      1.4879,     29.5225,     59.0451,      0.0195,      0.0019,      0.0117,      0.2116,   7982.6616,-445407.3125,   -932.9666,    558.1526,  26608.8691,
       1,     170,     237,      21,       1,       3,       1,     10.0000,      1.4153,     42.8281,    252.5636,     63.5603,      3.4953,      0.0000,     -0.0331,      1.9936,      0.1650,      5.6724,     11.3447,      1.4584,     29.5225,     59.0451,      0.0195,      0.0015,      0.0156,      0.2117,   7982.6611,-424900.8750,   -928.9835,    559.5851,  26608.8730,
       1,     170,     237,      22,       1,       3,       1,     10.0000,      1.4153,     42.8281,    252.5636,     63.5603,      3.4953,      0.0000,     -0.0331,      1.9865,      0.1652,      5.6724,     11.3447,      1.4599,     29.5225,     59.0451,      0.0195,      0.0015,      0.0156,      0.2117,   7982.6621,-423383.5000,   -928.7028,    559.6931,  26608.8711,
       1,     170,     237,      23,       1,       3,       1,     10.0000,      1.4153,     42.8281,    252.5636,     63.5603,      3.4953,      0.0000,     -0.0331,      1.8599,      0.1660,      5.6724,     11.3447,      1.4672,     29.5225,     59.0451,      0.0195,      0.0014,      0.0156,      0.2117,   7982.6616,-423245.3125,   -928.6920,    559.7027,  26608.8691,
       1,     170,     237,      24,       1,       3,       1,     10.0000,      1.4153,     42.8281,    252.5636,     63.5603,      3.4953,      0.0000,     -0.0331,      1.6099,      0.1660,      5.6724,     11.3447,      1.4672,     29.5225,     59.0451,      0.0195,      0.0012,      0.0156,      0.2117,   7982.6611,-423081.8125,   -928.6749,    559.7142,  26608.8730,
       1,     170,     238,       1,       1,       3,       1,     10.0000,      1.4153,     42.8285,    252.5695,     63.5618,      3.4953,      0.0000,     -0.0331,      1.3686,      0.1647,      5.6724,     11.3449,      1.4555,     29.5272,     59.0544,      0.0195,      0.0011,      0.0156,      0.2117,   7982.6621,-422922.4688,   -928.9373,    559.7385,  26610.0645,
       1,     170,     238,       2,       1,       3,       1,     10.0000,      1.4153,     42.8285,    252.5695,     63.5618,      3.4953,      0.0000,     -0.0330,      1.1100,      0.1629,      5.6724,     11.3449,      1.4396,     29.5272,     59.0544,      0.0195,      0.0009,      0.0156,      0.2117,   7983.0195,-422466.5312,   -928.5800,    559.7704,  26610.0645,
       1,     170,     238,       3,       1,       3,       1,     10.0000,      1.4153,     42.8285,    252.5695,     63.5618,      3.4953,      0.0000,     -0.0328,      0.7031,      0.1574,      5.6724,     11.3449,      1.3913,     29.5272,     59.0544,      0.0195,      0.0005,      0.0156,      0.2117,   7983.0195,-422117.3438,   -928.5189,    559.7949,  26610.0625,
       1,     170,     238,       4,       1,       3,       1,     10.0000,      1.4153,     42.8285,    252.5695,     63.5618,      3.4953,      0.0000,     -0.0328,      0.4651,      0.1562,      5.6724,     11.3449,      1.3802,     29.5272,     59.0544,      0.0195,      0.0004,      0.0156,      0.2117,   7983.0190,-421599.2500,   -928.2266,    559.8311,  26610.0625,
       1,     170,     238,       5,       1,       3,       1,     10.0000,      1.4153,     42.8285,    252.5695,     63.5618,      3.4953,      0.0000,     -0.0323,      0.4528,      0.1422,      5.6724,     11.3449,      1.2566,     29.5272,     59.0544,      0.0195,      0.0004,      0.0156,      0.2117,   7983.0190,-421269.6250,   -927.1270,    559.8542,  26610.0645,
       1,     170,     238,       6,       1,       3,       1,     10.0000,      1.4153,     42.8285,    252.5695,     63.5618,      3.4953,      0.0000,     -0.0323,      0.4634,      0.1415,      5.6724,     11.3449,      1.2503,     29.5272,     59.0544,      0.0195,      0.0004,      0.0156,      0.2117,   7983.0195,-421227.0000,   -927.1235,    559.8572,  26610.0625,
       1,     170,     238,       7,       1,       3,       1,     10.0000,      1.4153,     42.8285,    252.5695,     63.5618,      3.4953,      0.0000,     -0.0322,      0.5918,      0.1392,      5.6724,     11.3449,      1.2302,     29.5272,     59.0544,      0.0195,      0.0005,      0.0156,      0.2117,   7983.0190,-421236.4062,   -927.1316,    559.8566,  26610.0625,
       1,     170,     238,       8,       1,       3,       1,     10.0000,      1.4153,     42.8285,    252.5695,     63.5618,      3.4953,      0.0081,     -0.0238,      0.3992,      0.1333,      5.6724,     11.3449,      1.1777,     29.5272,     59.0544,      0.0195,      0.0003,      0.0156,      0.2117,   7983.0190,-421391.3438,   -927.1724,    559.8457,  26610.0605,
       1,     170,     238,       9,       1,       3,       1,     10.0000,      1.4153,     42.8285,    252.5695,     63.5618,      3.4953,      0.0665,      0.0344,      1.8731,      0.1353,      5.6724,     11.3449,      1.1958,     29.5272,     59.0544,      0.0195,      0.0003,      0.0744,      0.2117,   7983.0186,-421173.0938,   -927.1391,    559.8610,  26610.0645,
       1,     170,     238,      10,       1,       3,       1,     10.0000,      1.4153,     42.8285,    252.5695,     63.5618,      3.4953,      0.0994,      0.0669,      6.0746,      0.1485,      5.6724,     11.3449,      1.3124,     29.5272,     59.0544,      0.0195,      0.0006,      0.1204,      0.2117,   7983.0195,-422925.6562,   -927.5317,    559.7383,  26610.0625,
       1,     170,     238,      11,       1,       3,       1,     10.0000,      1.4153,     42.8285,    252.5695,     63.5618,      3.4953,      0.1128,      0.0801,      8.7962,      0.1552,      5.6724,     11.3449,      1.3719,     29.5272,     59.0544,      0.0195,      0.0008,      0.1391,      0.2117,   7983.0190,-428122.5312,   -928.6478,    559.3747,  26610.0625,
       1,     170,     238,      12,       1,       3,       1,     10.0000,      1.4153,     42.8285,    252.5695,     63.5618,      3.4953,      0.1549,      0.1218,     22.7185,      0.1660,      5.6724,     11.3449,      1.4673,     29.5272,     59.0544,      0.0195,      0.0014,      0.1975,      0.2117,   7983.0190,-431830.7812,   -929.4983,    559.1156,  26610.0605,
       1,     170,     238,      13,       1,       3,       1,     10.0000,      1.4153,     42.8285,    252.5695,     63.5618,      3.4953,      0.1808,      0.1474,     37.3320,      0.1758,      5.6724,     11.3449,      1.5532,     29.5272,     59.0544,      0.0195,      0.0019,      0.2328,      0.2117,   7983.0186,-448876.0625,   -933.0813,    557.9243,  26610.0625,
       1,     170,     238,      14,       1,       3,       1,     10.0000,      1.4153,     42.8285,    252.5695,     63.5618,      3.4953,      0.1607,      0.1271,     47.2946,      0.1809,      5.6724,     11.3449,      1.5988,     29.5272,     59.0544,      0.0195,      0.0028,      0.2029,      0.2117,   7983.0190,-467880.0312,   -937.1553,    556.6003,  26610.0605,
       1,     170,     238,      15,       1,       3,       1,     10.0000,      1.4153,     42.8285,    252.5695,     63.5618,      3.4953,      0.1597,      0.1260,     51.5514,      0.1844,      5.6724,     11.3449,      1.6293,     29.5272,     59.0544,      0.0195,      0.0031,      0.2011,      0.2117,   7983.0186,-481458.6562,   -940.2219,    555.6570,  26610.0605,
       1,     170,     238,      16,       1,       3,       1,     10.0000,      1.4153,     42.8285,    252.5695,     63.5618,      3.4953,      0.1825,      0.1482,     74.1588,      0.2006,      5.6724,     11.3449,      1.7725,     29.5272,     59.0544,      0.0195,      0.0039,      0.2312,      0.2116,   7983.0186,-487718.0312,   -941.8647,    555.2231,  26610.0605,
       1,     170,     238,      17,       1,       3,       1,     10.0000,      1.4153,     42.8285,    252.5695,     63.5618,      3.4953,      0.1285,      0.0947,     38.8565,      0.1885,      5.6724,     11.3449,      1.6653,     29.5272,     59.0544,      0.0195,      0.0030,      0.1578,      0.2116,   7983.0186,-515436.8438,   -947.8474,    553.2996,  26610.0605,
       1,     170,     238,      18,       1,       3,       1,     10.0000,      1.4153,     42.8285,    252.5695,     63.5618,      3.4953,      0.1194,      0.0858,     27.3963,      0.1797,      5.6724,     11.3449,      1.5877,     29.5272,     59.0544,      0.0195,      0.0023,      0.1461,      0.2116,   7983.0186,-475285.4062,   -940.2794,    556.0798,  26610.0605,
       1,     170,     238,      19,       1,       3,       1,     10.0000,      1.4153,     42.8285,    252.5695,     63.5618,      3.4953,      0.0702,      0.0369,     12.7312,      0.1732,      5.6724,     11.3449,      1.5302,     29.5272,     59.0544,      0.0195,      0.0020,      0.0775,      0.2117,   7983.0186,-458156.1562,   -937.1055,    557.2775,  26610.0605,
       1,     170,     238,      20,       1,       3,       1,     10.0000,      1.4153,     42.8285,    252.5695,     63.5618,      3.4953,      0.0115,     -0.0215,      1.9741,      0.1627,      5.6724,     11.3449,      1.4382,     29.5272,     59.0544,      0.0195,      0.0015,      0.0156,      0.2117,   7983.0186,-439081.8125,   -933.4461,    558.6075,  26610.0605,
       1,     170,     238,      21,       1,       3,       1,     10.0000,      1.4153,     42.8285,    252.5695,     63.5618,      3.4953,      0.0000,     -0.0327,      1.4582,      0.1543,      5.6724,     11.3449,      1.3636,     29.5272,     59.0544,      0.0195,      0.0011,      0.0156,      0.2117,   7983.0186,-424552.9688,   -930.6069,    559.6235,  26610.0625,
       1,     170,     238,      22,       1,       3,       1,     10.0000,      1.4153,     42.8285,    252.5695,     63.5618,      3.4953,      0.0000,     -0.0325,      1.2345,      0.1490,      5.6724,     11.3449,      1.3164,     29.5272,     59.0544,      0.0195,      0.0010,      0.0156,      0.2117,   7983.0190,-422712.6562,   -930.2556,    559.7532,  26610.0605,
       1,     170,     238,      23,       1,       3,       1,     10.0000,      1.4153,     42.8285,    252.5695,     63.5618,      3.4953,      0.0000,     -0.0326,      1.1197,      0.1499,      5.6724,     11.3449,      1.3244,     29.5272,     59.0544,      0.0195,      0.0009,      0.0156,      0.2117,   7983.0186,-422288.0625,   -930.1814,    559.7830,  26610.0605,
       1,     170,     238,      24,       1,       3,       1,     10.0000,      1.4153,     42.8285,    252.5695,     63.5618,      3.4953,      0.0000,     -0.0325,      1.0550,      0.1488,      5.6724,     11.3449,      1.3150,     29.5272,     59.0544,      0.0195,      0.0008,      0.0156,      0.2117,   7983.0186,-422114.4062,   -930.1551,    559.7951,  26610.0625,
       1,     170,     239,       1,       1,       3,       1,     10.0000,      1.4154,     42.8288,    252.5755,     63.5633,      3.4953,      0.0000,     -0.0323,      0.9672,      0.1438,      5.6732,     11.3465,      1.2707,     29.5227,     59.0455,      0.0195,      0.0007,      0.0156,      0.2117,   7983.0190,-422177.5625,   -930.4586,    559.8040,  26611.2539,
       1,     170,     239,       2,       1,       3,       1,     10.0000,      1.4154,     42.8288,    252.5755,     63.5633,      3.4953,      0.0000,     -0.0322,      0.7384,      0.1405,      5.6732,     11.3465,      1.2415,     29.5227,     59.0455,      0.0195,      0.0006,      0.0156,      0.2117,   7983.3765,-421924.7188,   -930.1367,    559.8217,  26611.2539,
       1,     170,     239,       3,       1,       3,       1,     10.0000,      1.4154,     42.8288,    252.5755,     63.5633,      3.4953,      0.0000,     -0.0321,      0.5782,      0.1377,      5.6732,     11.3465,      1.2166,     29.5227,     59.0455,      0.0195,      0.0004,      0.0156,      0.2117,   7983.3765,-421628.5000,   -930.0831,    559.8423,  26611.2539,
       1,     170,     239,       4,       1,       3,       1,     10.0000,      1.4154,     42.8288,    252.5755,     63.5633,      3.4953,      0.0000,     -0.0319,      0.3314,      0.1314,      5.6732,     11.3465,      1.1611,     29.5227,     59.0455,      0.0195,      0.0003,      0.0156,      0.2117,   7983.3765,-421411.2188,   -930.0436,    559.8575,  26611.2539,
       1,     170,     239,       5,       1,       3,       1,     10.0000,      1.4154,     42.8288,    252.5755,     63.5633,      3.4953,      0.0000,     -0.0319,      0.3193,      0.1333,      5.6732,     11.3465,      1.1777,     29.5227,     59.0455,      0.0195,      0.0002,      0.0156,      0.2117,   7983.3765,-421096.3750,   -929.9833,    559.8796,  26611.2539,
       1,     170,     239,       6,       1,       3,       1,     10.0000,      1.4154,     42.8288,    252.5755,     63.5633,      3.4953,      0.0000,     -0.0319,      0.4191,      0.1333,      5.6732,     11.3465,      1.1777,     29.5227,     59.0455,      0.0195,      0.0003,      0.0156,      0.2117,   7983.3765,-421055.2812,   -929.9763,    559.8824,  26611.2539,
       1,     170,     239,       7,       1,       3,       1,     10.0000,      1.4154,     42.8288,    252.5755,     63.5633,      3.4953,      0.0000,     -0.0319,      0.5111,      0.1331,      5.6732,     11.3465,      1.1765,     29.5227,     59.0455,      0.0195,      0.0004,      0.0156,      0.2117,   7983.3765,-421171.8438,   -930.0015,    559.8743,  26611.2539,
       1,     170,     239,       8,       1,       3,       1,     10.0000,      1.4154,     42.8288,    252.5755,     63.5633,      3.4953,      0.0194,     -0.0126,      0.2261,      0.1340,      5.6732,     11.3465,      1.1837,     29.5227,     59.0455,      0.0195,      0.0003,      0.0078,      0.2117,   7983.3765,-421292.0000,   -930.0282,    559.8658,  26611.2539,
       1,     170,     239,       9,       1,       3,       1,     10.0000,      1.4154,     42.8288,    252.5755,     63.5633,      3.4953,      0.1325,      0.0995,     23.3308,      0.1615,      5.6732,     11.3465,      1.4267,     29.5227,     59.0455,      0.0195,      0.0017,      0.1654,      0.2117,   7983.3765,-420959.8438,   -929.9660,    559.8892,  26611.2559,
       1,     170,     239,      10,       1,       3,       1,     10.0000,      1.4154,     42.8288,    252.5755,     63.5633,      3.4953,      0.1707,      0.1373,     44.3900,      0.1767,      5.6732,     11.3465,      1.5611,     29.5227,     59.0455,      0.0195,      0.0025,      0.2176,      0.2117,   7983.3770,-448694.0938,   -935.5607,    557.9482,  26611.2539,
       1,     170,     239,      11,       1,       3,       1,     10.0000,      1.4154,     42.8288,    252.5755,     63.5633,      3.4953,      0.1943,      0.1606,     57.3991,      0.1837,      5.6732,     11.3465,      1.6229,     29.5227,     59.0455,      0.0195,      0.0028,      0.2500,      0.2117,   7983.3765,-476349.0938,   -941.2515,    556.0228,  26611.2539,
       1,     170,     239,      12,       1,       3,       1,     10.0000,      1.4154,     42.8288,    252.5755,     63.5633,      3.4953,      0.1619,      0.1281,     49.0105,      0.1853,      5.6732,     11.3465,      1.6374,     29.5227,     59.0455,      0.0195,      0.0029,      0.2045,      0.2117,   7983.3765,-494319.6250,   -945.0965,    554.7771,  26611.2539,
       1,     170,     239,      13,       1,       3,       1,     10.0000,      1.4154,     42.8288,    252.5755,     63.5633,      3.4953,      0.1733,      0.1393,     62.7526,      0.1938,      5.6732,     11.3465,      1.7122,     29.5227,     59.0455,      0.0195,      0.0035,      0.2193,      0.2117,   7983.3765,-485735.3750,   -940.2296,    555.3737,  26611.2520,
       1,     170,     239,      14,       1,       3,       1,     10.0000,      1.4154,     42.8288,    252.5755,     63.5633,      3.4953,      0.1935,      0.1598,     47.1069,      0.1837,      5.6732,     11.3465,      1.6229,     29.5227,     59.0455,      0.0195,      0.0023,      0.2500,      0.2117,   7983.3760,-501543.6875,   -944.1678,    554.2766,  26611.2539,
       1,     170,     239,      15,       1,       3,       1,     10.0000,      1.4154,     42.8288,    252.5755,     63.5633,      3.4953,      0.1884,      0.1542,     79.1809,      0.1994,      5.6732,     11.3465,      1.7621,     29.5227,     59.0455,      0.0195,      0.0040,      0.2392,      0.2117,   7983.3765,-484048.8438,   -941.6944,    555.4898,  26611.2520,
       1,     170,     239,      16,       1,       3,       1,     10.0000,      1.4154,     42.8288,    252.5755,     63.5633,      3.4953,      0.1968,      0.1623,     90.9875,      0.2083,      5.6732,     11.3465,      1.8403,     29.5227,     59.0455,      0.0195,      0.0044,      0.2500,      0.2117,   7983.3760,-521161.5625,   -949.8313,    552.9142,  26611.2520,
       1,     170,     239,      17,       1,       3,       1,     10.0000,      1.4154,     42.8288,    252.5755,     63.5633,      3.4953,      0.1703,      0.1366,     50.0757,      0.1831,      5.6732,     11.3465,      1.6180,     29.5227,     59.0455,      0.0195,      0.0028,      0.2163,      0.2116,   7983.3760,-538495.6250,   -952.1319,    551.7221,  26611.2520,
       1,     170,     239,      18,       1,       3,       1,     10.0000,      1.4154,     42.8288,    252.5755,     63.5633,      3.4953,      0.1274,      0.0941,     22.8595,      0.1699,      5.6732,     11.3465,      1.5014,     29.5227,     59.0455,      0.0195,      0.0017,      0.1580,      0.2116,   7983.3760,-490696.7500,   -942.2070,    555.0199,  26611.2500,
       1,     170,     239,      19,       1,       3,       1,     10.0000,      1.4154,     42.8288,    252.5755,     63.5633,      3.4953,      0.0923,      0.0591,     13.5834,      0.1659,      5.6732,     11.3465,      1.4658,     29.5227,     59.0455,      0.0195,      0.0015,      0.1090,      0.2117,   7983.3755,-453987.6250,   -935.5359,    557.5765,  26611.2520,
       1,     170,     239,      20,       1,       3,       1,     10.0000,      1.4154,     42.8288,    252.5755,     63.5633,      3.4953,      0.0274,     -0.0055,      2.3618,      0.1608,      5.6732,     11.3465,      1.4210,     29.5227,     59.0455,      0.0195,      0.0016,      0.0179,      0.2117,   7983.3760,-439764.1875,   -933.0234,    558.5737,  26611.2539,
       1,     170,     239,      21,       1,       3,       1,     10.0000,      1.4154,     42.8288,    252.5755,     63.5633,      3.4953,      0.0000,     -0.0327,      1.6879,      0.1548,      5.6732,     11.3465,      1.3678,     29.5227,     59.0455,      0.0195,      0.0013,      0.0156,      0.2117,   7983.3765,-425078.0000,   -930.2968,    559.6001,  26611.2539,
       1,     170,     239,      22,       1,       3,       1,     10.0000,      1.4154,     42.8288,    252.5755,     63.5633,      3.4953,      0.0000,     -0.0328,      1.6173,      0.1556,      5.6732,     11.3465,      1.3747,     29.5227,     59.0455,      0.0195,      0.0013,      0.0156,      0.2117,   7983.3765,-423035.6250,   -929.9474,    559.7438,  26611.2520,
       1,     170,     239,      23,       1,       3,       1,     10.0000,      1.4154,     42.8288,    252.5755,     63.5633,      3.4953,      0.0000,     -0.0327,      1.4309,      0.1551,      5.6732,     11.3465,      1.3705,     29.5227,     59.0455,      0.0195,      0.0011,      0.0156,      0.2117,   7983.3760,-422778.4062,   -929.9532,    559.7619,  26611.2520,
       1,     170,     239,      24,       1,       3,       1,     10.0000,      1.4154,     42.8288,    252.5755,     63.5633,      3.4953,      0.0000,     -0.0326,      0.8928,      0.1511,      5.6732,     11.3465,      1.3351,     29.5227,     59.0455,      0.0195,      0.0007,      0.0156,      0.2117,   7983.3760,-422532.6562,   -929.9556,    559.7791,  26611.2500,
       1,     170,     240,       1,       1,       3,       1,     10.0000,      1.4154,     42.8291,    252.5814,     63.5648,      3.4953,      0.0000,     -0.0327,      0.8672,      0.1531,      5.6725,     11.3451,      1.3527,     29.5278,     59.0556,      0.0195,      0.0007,      0.0156,      0.2118,   7983.3755,-422021.1562,   -930.1586,    559.8279,  26612.4453,
       1,     170,     240,       2,       1,       3,       1,     10.0000,      1.4154,     42.8291,    252.5814,     63.5648,      3.4953,      0.0000,     -0.0327,      0.8062,      0.1528,      5.6725,     11.3451,      1.3500,     29.5278,     59.0556,      0.0195,      0.0006,      0.0156,      0.2118,   7983.7339,-421794.6875,   -929.8615,    559.8439,  26612.4453,
       1,     170,     240,       3,       1,       3,       1,     10.0000,      1.4154,     42.8291,    252.5814,     63.5648,      3.4953,      0.0000,     -0.0326,      0.5781,      0.1496,      5.6725,     11.3451,      1.3218,     29.5278,     59.0556,      0.0195,      0.0004,      0.0156,      0.2118,   7983.7339,-421702.2812,   -929.8668,    559.8504,  26612.4453,
       1,     170,     240,       4,       1,       3,       1,     10.0000,      1.4154,     42.8291,    252.5814,     63.5648,      3.4953,      0.0000,     -0.0324,      0.4211,      0.1463,      5.6725,     11.3451,      1.2927,     29.5278,     59.0556,      0.0195,      0.0003,      0.0156,      0.2118,   7983.7339,-421420.3125,   -929.8252,    559.8701,  26612.4453,
       1,     170,     240,       5,       1,       3,       1,     10.0000,      1.4154,     42.8291,    252.5814,     63.5648,      3.4953,      0.0000,     -0.0323,      0.6981,      0.1419,      5.6725,     11.3451,      1.2541,     29.5278,     59.0556,      0.0195,      0.0005,      0.0156,      0.2118,   7983.7339,-421208.0625,   -929.7884,    559.8849,  26612.4453,
       1,     170,     240,       6,       1,       3,       1,     10.0000,      1.4154,     42.8291,    252.5814,     63.5648,      3.4953,      0.0000,     -0.0321,      2.2298,      0.1374,      5.6725,     11.3451,      1.2141,     29.5278,     59.0556,      0.0195,      0.0017,      0.0156,      0.2118,   7983.7339,-421523.0312,   -929.8693,    559.8629,  26612.4453,
       1,     170,     240,       7,       1,       3,       1,     10.0000,      1.4154,     42.8291,    252.5814,     63.5648,      3.4953,      0.0000,     -0.0319,      0.6157,      0.1313,      5.6725,     11.3451,      1.1599,     29.5278,     59.0556,      0.0195,      0.0005,      0.0156,      0.2118,   7983.7339,-423389.8125,   -930.3294,    559.7322,  26612.4453,
       1,     170,     240,       8,       1,       3,       1,     10.0000,      1.4154,     42.8291,    252.5814,     63.5648,      3.4953,      0.0079,     -0.0239,      0.3183,      0.1311,      5.6725,     11.3451,      1.1587,     29.5278,     59.0556,      0.0195,      0.0002,      0.0156,      0.2118,   7983.7339,-421607.4688,   -929.9915,    559.8569,  26612.4453,
       1,     170,     240,       9,       1,       3,       1,     10.0000,      1.4154,     42.8291,    252.5814,     63.5648,      3.4953,      0.0908,      0.0586,      5.1111,      0.1398,      5.6725,     11.3451,      1.2352,     29.5278,     59.0556,      0.0195,      0.0006,      0.1084,      0.2118,   7983.7339,-421100.3750,   -929.9037,    559.8924,  26612.4453,
       1,     170,     240,      10,       1,       3,       1,     10.0000,      1.4154,     42.8291,    252.5814,     63.5648,      3.4953,      0.1426,      0.1100,     16.7477,      0.1526,      5.6725,     11.3451,      1.3487,     29.5278,     59.0556,      0.0195,      0.0011,      0.1806,      0.2118,   7983.7339,-426815.9375,   -931.1750,    559.4924,  26612.4453,
       1,     170,     240,      11,       1,       3,       1,     10.0000,      1.4154,     42.8291,    252.5814,     63.5648,      3.4953,      0.1779,      0.1446,     40.6266,      0.1706,      5.6725,     11.3451,      1.5075,     29.5278,     59.0556,      0.0195,      0.0021,      0.2282,      0.2118,   7983.7339,-441278.9062,   -934.3068,    558.4811,  26612.4473,
       1,     170,     240,      12,       1,       3,       1,     10.0000,      1.4154,     42.8291,    252.5814,     63.5648,      3.4953,      0.1941,      0.1605,     53.8210,      0.1809,      5.6725,     11.3451,      1.5989,     29.5278,     59.0556,      0.0195,      0.0026,      0.2500,      0.2117,   7983.7344,-471194.0312,   -940.7605,    556.3937,  26612.4453,
       1,     170,     240,      13,       1,       3,       1,     10.0000,      1.4154,     42.8291,    252.5814,     63.5648,      3.4953,      0.1958,      0.1614,     77.4584,      0.2040,      5.6725,     11.3451,      1.8026,     29.5278,     59.0556,      0.0195,      0.0037,      0.2500,      0.2117,   7983.7339,-489579.1562,   -945.1082,    555.1189,  26612.4434,
       1,     170,     240,      14,       1,       3,       1,     10.0000,      1.4154,     42.8291,    252.5814,     63.5648,      3.4953,      0.1961,      0.1616,     82.7734,      0.2097,      5.6725,     11.3451,      1.8531,     29.5278,     59.0556,      0.0195,      0.0040,      0.2500,      0.2117,   7983.7334,-519548.0000,   -951.0380,    553.0408,  26612.4453,
       1,     170,     240,      15,       1,       3,       1,     10.0000,      1.4154,     42.8291,    252.5814,     63.5648,      3.4953,      0.1959,      0.1613,     85.0260,      0.2112,      5.6725,     11.3451,      1.8660,     29.5278,     59.0556,      0.0195,      0.0041,      0.2494,      0.2117,   7983.7339,-528463.3750,   -953.8565,    552.4283,  26612.4414,
       1,     170,     240,      16,       1,       3,       1,     10.0000,      1.4154,     42.8291,    252.5814,     63.5648,      3.4953,      0.1966,      0.1621,     88.5749,      0.2099,      5.6725,     11.3451,      1.8550,     29.5278,     59.0556,      0.0195,      0.0043,      0.2500,      0.2116,   7983.7329,-531917.3750,   -955.4231,    552.1902,  26612.4434,
       1,     170,     240,      17,       1,       3,       1,     10.0000,      1.4154,     42.8291,    252.5814,     63.5648,      3.4953,      0.1728,      0.1385,     69.1418,      0.2038,      5.6725,     11.3451,      1.8009,     29.5278,     59.0556,      0.0195,      0.0038,      0.2179,      0.2116,   7983.7334,-536477.0625,   -957.1605,    551.8755,  26612.4434,
       1,     170,     240,      18,       1,       3,       1,     10.0000,      1.4154,     42.8291,    252.5814,     63.5648,      3.4953,      0.1523,      0.1188,     29.6164,      0.1791,      5.6725,     11.3451,      1.5830,     29.5278,     59.0556,      0.0195,      0.0019,      0.1930,      0.2116,   7983.7334,-513470.1250,   -950.5070,    553.4626,  26612.4434,
       1,     170,     240,      19,       1,       3,       1,     10.0000,      1.4154,     42.8291,    252.5814,     63.5648,      3.4953,      0.1474,      0.1137,     33.8032,      0.1838,      5.6725,     11.3451,      1.6245,     29.5278,     59.0556,      0.0195,      0.0022,      0.1854,      0.2117,   7983.7334,-463997.9688,   -941.2663,    556.8876,  26612.4414,
       1,     170,     240,      20,       1,       3,       1,     10.0000,      1.4154,     42.8291,    252.5814,     63.5648,      3.4953,      0.0235,     -0.0098,      1.7063,      0.1701,      5.6725,     11.3451,      1.5030,     29.5278,     59.0556,      0.0195,      0.0017,      0.0120,      0.2117,   7983.7329,-464916.3438,   -941.8828,    556.8343,  26612.4434,
       1,     170,     240,      21,       1,       3,       1,     10.0000,      1.4154,     42.8291,    252.5814,     63.5648,      3.4953,      0.0000,     -0.0330,      1.5562,      0.1624,      5.6725,     11.3451,      1.4353,     29.5278,     59.0556,      0.0195,      0.0012,      0.0156,      0.2117,   7983.7334,-426393.0000,   -934.3999,    559.5157,  26612.4434,
       1,     170,     240,      22,       1,       3,       1,     10.0000,      1.4154,     42.8291,    252.5814,     63.5648,      3.4953,      0.0000,     -0.0329,      1.1313,      0.1602,      5.6725,     11.3451,      1.4153,     29.5278,     59.0556,      0.0195,      0.0009,      0.0156,      0.2118,   7983.7334,-422997.8438,   -933.7759,    559.7596,  26612.4414,
       1,     170,     240,      23,       1,       3,       1,     10.0000,      1.4154,     42.8291,    252.5814,     63.5648,      3.4953,      0.0000,     -0.0328,      0.9948,      0.1579,      5.6725,     11.3451,      1.3956,     29.5278,     59.0556,      0.0195,      0.0008,      0.0156,      0.2118,   7983.7329,-422194.4062,   -933.6483,    559.8159,  26612.4434,
       1,     170,     240,      24,       1,       3,       1,     10.0000,      1.4154,     42.8291,    252.5814,     63.5648,      3.4953,      0.0000,     -0.0326,      0.7046,      0.1511,      5.6725,     11.3451,      1.3351,     29.5278,     59.0556,      0.0195,      0.0005,      0.0156,      0.2118,   7983.7334,-421962.5938,   -933.6301,    559.8321,  26612.4434,
       1,     170,     241,       1,       1,       3,       1,     10.0000,      1.4154,     42.8295,    252.5874,     63.5663,      3.4953,      0.0000,     -0.0325,      0.6299,      0.1491,      5.6726,     11.3452,      1.3178,     29.5341,     59.0681,      0.0195,      0.0005,      0.0156,      0.2118,   7983.7334,-421749.8438,   -932.7059,    559.8600,  26613.6348,
       1,     170,     241,       2,       1,       3,       1,     10.0000,      1.4154,     42.8295,    252.5874,     63.5663,      3.4953,      0.0000,     -0.0325,      0.4531,      0.1481,      5.6726,     11.3452,      1.3085,     29.5341,     59.0681,      0.0195,      0.0004,      0.0156,      0.2118,   7984.0908,-421489.7500,   -932.3927,    559.8783,  26613.6348,
       1,     170,     241,       3,       1,       3,       1,     10.0000,      1.4154,     42.8295,    252.5874,     63.5663,      3.4953,      0.0000,     -0.0324,      0.3720,      0.1457,      5.6726,     11.3452,      1.2876,     29.5341,     59.0681,      0.0195,      0.0003,      0.0156,      0.2118,   7984.0908,-421255.4375,   -930.8234,    559.8947,  26613.6348,
       1,     170,     241,       4,       1,       3,       1,     10.0000,      1.4154,     42.8295,    252.5874,     63.5663,      3.4953,      0.0000,     -0.0323,      0.3475,      0.1416,      5.6726,     11.3452,      1.2516,     29.5341,     59.0681,      0.0195,      0.0003,      0.0156,      0.2118,   7984.0908,-421138.3125,   -928.8725,    559.9029,  26613.6348,
       1,     170,     241,       5,       1,       3,       1,     10.0000,      1.4154,     42.8295,    252.5874,     63.5663,      3.4953,      0.0000,     -0.0322,      0.6833,      0.1396,      5.6726,     11.3452,      1.2340,     29.5341,     59.0681,      0.0195,      0.0005,      0.0156,      0.2118,   7984.0908,-421098.9688,   -928.8663,    559.9056,  26613.6348,
       1,     170,     241,       6,       1,       3,       1,     10.0000,      1.4154,     42.8295,    252.5874,     63.5663,      3.4953,      0.0000,     -0.0325,      0.5599,      0.1482,      5.6726,     11.3452,      1.3098,     29.5341,     59.0681,      0.0195,      0.0004,      0.0156,      0.2118,   7984.0908,-421499.1250,   -928.9788,    559.8776,  26613.6328,
       1,     170,     241,       7,       1,       3,       1,     10.0000,      1.4154,     42.8295,    252.5874,     63.5663,      3.4953,      0.0000,     -0.0323,      0.3719,      0.1429,      5.6726,     11.3452,      1.2631,     29.5341,     59.0681,      0.0195,      0.0003,      0.0156,      0.2118,   7984.0903,-421384.8125,   -928.9752,    559.8857,  26613.6348,
       1,     170,     241,       8,       1,       3,       1,     10.0000,      1.4154,     42.8295,    252.5874,     63.5663,      3.4953,      0.0090,     -0.0233,      0.5195,      0.1442,      5.6726,     11.3452,      1.2746,     29.5341,     59.0681,      0.0195,      0.0004,      0.0156,      0.2118,   7984.0908,-421149.0000,   -928.9319,    559.9021,  26613.6348,
       1,     170,     241,       9,       1,       3,       1,     10.0000,      1.4154,     42.8295,    252.5874,     63.5663,      3.4953,      0.0690,      0.0364,      4.1003,      0.1487,      5.6726,     11.3452,      1.3138,     29.5341,     59.0681,      0.0195,      0.0006,      0.0773,      0.2118,   7984.0908,-421306.6250,   -928.9948,    559.8911,  26613.6348,
       1,     170,     241,      10,       1,       3,       1,     10.0000,      1.4154,     42.8295,    252.5874,     63.5663,      3.4953,      0.1649,      0.1317,     23.0299,      0.1664,      5.6726,     11.3452,      1.4703,     29.5341,     59.0681,      0.0195,      0.0013,      0.2116,      0.2118,   7984.0908,-425621.4375,   -930.0066,    559.5891,  26613.6348,
       1,     170,     241,      11,       1,       3,       1,     10.0000,      1.4154,     42.8295,    252.5874,     63.5663,      3.4953,      0.1836,      0.1496,     51.2691,      0.1911,      5.6726,     11.3452,      1.6887,     29.5341,     59.0681,      0.0195,      0.0026,      0.2353,      0.2118,   7984.0908,-448726.2500,   -935.1323,    557.9731,  26613.6348,
       1,     170,     241,      12,       1,       3,       1,     10.0000,      1.4154,     42.8295,    252.5874,     63.5663,      3.4953,      0.1783,      0.1443,     53.4608,      0.1945,      5.6726,     11.3452,      1.7191,     29.5341,     59.0681,      0.0195,      0.0028,      0.2276,      0.2118,   7984.0908,-484611.3125,   -943.2484,    555.4725,  26613.6348,
       1,     170,     241,      13,       1,       3,       1,     10.0000,      1.4154,     42.8295,    252.5874,     63.5663,      3.4953,      0.1774,      0.1435,     53.3960,      0.1926,      5.6726,     11.3452,      1.7022,     29.5341,     59.0681,      0.0195,      0.0028,      0.2263,      0.2117,   7984.0908,-490270.3438,   -924.4428,    555.0852,  26613.6406,
       1,     170,     241,      14,       1,       3,       1,     10.0000,      1.4154,     42.8295,    252.5874,     63.5663,      3.4953,      0.1266,      0.0938,      5.5015,      0.1579,      5.6726,     11.3452,      1.3956,     29.5341,     59.0681,      0.0195,      0.0004,      0.1591,      0.2117,   7984.0923,-490659.5625,   -924.3412,    555.0583,  26613.6426,
       1,     170,     241,      15,       1,       3,       1,     10.0000,      1.4154,     42.8295,    252.5874,     63.5663,      3.4953,      0.1408,      0.1083,     16.7851,      0.1473,      5.6726,     11.3452,      1.3019,     29.5341,     59.0681,      0.0195,      0.0011,      0.1780,      0.2117,   7984.0933,-433096.7188,   -912.6857,    559.0521,  26613.6426,
       1,     170,     241,      16,       1,       3,       1,     10.0000,      1.4154,     42.8295,    252.5874,     63.5663,      3.4953,      0.1606,      0.1275,     32.1006,      0.1652,      5.6726,     11.3452,      1.4600,     29.5341,     59.0681,      0.0195,      0.0019,      0.2045,      0.2118,   7984.0933,-441869.6875,   -914.9578,    558.4535,  26613.6406,
       1,     170,     241,      17,       1,       3,       1,     10.0000,      1.4154,     42.8295,    252.5874,     63.5663,      3.4953,      0.1002,      0.0671,      9.4262,      0.1654,      5.6726,     11.3452,      1.4615,     29.5341,     59.0681,      0.0195,      0.0009,      0.1208,      0.2118,   7984.0923,-460994.5000,   -918.4482,    557.1188,  26613.6406,
       1,     170,     241,      18,       1,       3,       1,     10.0000,      1.4154,     42.8295,    252.5874,     63.5663,      3.4953,      0.0073,     -0.0251,      0.4693,      0.1473,      5.6726,     11.3452,      1.3019,     29.5341,     59.0681,      0.0195,      0.0004,      0.0156,      0.2118,   7984.0923,-435349.2500,   -913.1027,    558.9062,  26613.6387,
       1,     170,     241,      19,       1,       3,       1,     10.0000,      1.4154,     42.8295,    252.5874,     63.5663,      3.4953,      0.0134,     -0.0188,      0.3411,      0.1412,      5.6726,     11.3452,      1.2478,     29.5341,     59.0681,      0.0195,      0.0003,      0.0156,      0.2118,   7984.0918,-422441.3438,   -910.3671,    559.8109,  26613.6426,
       1,     170,     241,      20,       1,       3,       1,     10.0000,      1.4154,     42.8295,    252.5874,     63.5663,      3.4953,      0.0029,     -0.0294,      0.3431,      0.1419,      5.6726,     11.3452,      1.2542,     29.5341,     59.0681,      0.0195,      0.0003,      0.0156,      0.2118,   7984.0933,-421200.9375,   -910.1785,    559.8985,  26613.6406,
       1,     170,     241,      21,       1,       3,       1,     10.0000,      1.4154,     42.8295,    252.5874,     63.5663,      3.4953,      0.0000,     -0.0322,      0.3372,      0.1398,      5.6726,     11.3452,      1.2353,     29.5341,     59.0681,      0.0195,      0.0003,      0.0156,      0.2118,   7984.0923,-421098.3125,   -910.1709,    559.9057,  26613.6406,
       1,     170,     241,      22,       1,       3,       1,     10.0000,      1.4154,     42.8295,    252.5874,     63.5663,      3.4953,      0.0000,     -0.0321,      0.3306,      0.1374,      5.6726,     11.3452,      1.2142,     29.5341,     59.0681,      0.0195,      0.0003,      0.0156,      0.2118,   7984.0923,-421082.5312,   -910.1696,    559.9068,  26613.6406,
       1,     170,     241,      23,       1,       3,       1,     10.0000,      1.4154,     42.8295,    252.5874,     63.5663,      3.4953,      0.0000,     -0.0321,      0.3294,      0.1370,      5.6726,     11.3452,      1.2105,     29.5341,     59.0681,      0.0195,      0.0003,      0.0156,      0.2118,   7984.0923,-421073.3438,   -910.1696,    559.9075,  26613.6406,
       1,     170,     241,      24,       1,       3,       1,     10.0000,      1.4154,     42.8295,    252.5874,     63.5663,      3.4953,      0.0000,     -0.0321,      0.3271,      0.1362,      5.6726,     11.3452,      1.2031,     29.5341,     59.0681,      0.0195,      0.0003,      0.0156,      0.2118,   7984.0923,-421071.1562,   -910.1707,    559.9077,  26613.6406,
       1,     170,     242,       1,       1,       3,       1,     10.0000,      1.4154,     42.8298,    252.5934,     63.5678,      3.4953,      0.0000,     -0.0320,      0.3260,      0.1357,      5.6739,     11.3478,      1.1995,     29.5267,     59.0533,      0.0195,      0.0003,      0.0156,      0.2118,   7984.0923,-421224.2188,   -910.3702,    559.9103,  26614.8320,
       1,     170,     242,       2,       1,       3,       1,     10.0000,      1.4154,     42.8298,    252.5934,     63.5678,      3.4953,      0.0000,     -0.0321,      0.3275,      0.1363,      5.6739,     11.3478,      1.2044,     29.5267,     59.0533,      0.0195,      0.0003,      0.0156,      0.2118,   7984.4497,-421082.9688,   -910.0908,    559.9201,  26614.8379,
       1,     170,     242,       3,       1,       3,       1,     10.0000,      1.4154,     42.8298,    252.5934,     63.5678,      3.4953,      0.0000,     -0.0321,      0.3298,      0.1371,      5.6739,     11.3478,      1.2117,     29.5267,     59.0533,      0.0195,      0.0003,      0.0156,      0.2118,   7984.4517,-421072.5000,   -910.0895,    559.9209,  26614.8379,
       1,     170,     242,       4,       1,       3,       1,     10.0000,      1.4154,     42.8298,    252.5934,     63.5678,      3.4953,      0.0000,     -0.0320,      0.3238,      0.1349,      5.6739,     11.3478,      1.1922,     29.5267,     59.0533,      0.0195,      0.0003,      0.0156,      0.2118,   7984.4517,-421074.2812,   -910.0914,    559.9207,  26614.8379,
       1,     170,     242,       5,       1,       3,       1,     10.0000,      1.4154,     42.8298,    252.5934,     63.5678,      3.4953,      0.0000,     -0.0319,      0.3193,      0.1333,      5.6739,     11.3478,      1.1778,     29.5267,     59.0533,      0.0195,      0.0002,      0.0156,      0.2118,   7984.4517,-421067.1875,   -910.0919,    559.9213,  26614.8359,
       1,     170,     242,       6,       1,       3,       1,     10.0000,      1.4154,     42.8298,    252.5934,     63.5678,      3.4953,      0.0000,     -0.0320,      0.3352,      0.1345,      5.6739,     11.3478,      1.1886,     29.5267,     59.0533,      0.0195,      0.0003,      0.0156,      0.2118,   7984.4512,-421061.3438,   -910.0928,    559.9216,  26614.8359,
       1,     170,     242,       7,       1,       3,       1,     10.0000,      1.4154,     42.8298,    252.5934,     63.5678,      3.4953,      0.0000,     -0.0320,      0.3825,      0.1336,      5.6739,     11.3478,      1.1802,     29.5267,     59.0533,      0.0195,      0.0003,      0.0156,      0.2118,   7984.4512,-421079.9688,   -910.0826,    559.9203,  26614.8359,
       1,     170,     242,       8,       1,       3,       1,     10.0000,      1.4154,     42.8298,    252.5934,     63.5678,      3.4953,      0.0015,     -0.0304,      0.3152,      0.1318,      5.6739,     11.3478,      1.1647,     29.5267,     59.0533,      0.0195,      0.0002,      0.0156,      0.2118,   7984.4512,-421138.5000,   -910.0992,    559.9163,  26614.8359,
       1,     170,     242,       9,       1,       3,       1,     10.0000,      1.4154,     42.8298,    252.5934,     63.5678,      3.4953,      0.0189,     -0.0128,      0.1475,      0.1288,      5.6739,     11.3478,      1.1378,     29.5267,     59.0533,      0.0195,      0.0002,      0.0075,      0.2118,   7984.4512,-421062.4688,   -910.0838,    559.9215,  26614.8359,
       1,     170,     242,      10,       1,       3,       1,     10.0000,      1.4154,     42.8298,    252.5934,     63.5678,      3.4953,      0.0698,      0.0381,      1.5584,      0.1285,      5.6739,     11.3478,      1.1354,     29.5267,     59.0533,      0.0195,      0.0002,      0.0794,      0.2118,   7984.4512,-420854.7500,   -910.0978,    559.9361,  26614.8359,
       1,     170,     242,      11,       1,       3,       1,     10.0000,      1.4154,     42.8298,    252.5934,     63.5678,      3.4953,      0.1226,      0.0904,      3.3867,      0.1402,      5.6739,     11.3478,      1.2391,     29.5267,     59.0533,      0.0195,      0.0003,      0.1538,      0.2118,   7984.4512,-422531.8750,   -910.7082,    559.8187,  26614.8359,
       1,     170,     242,      12,       1,       3,       1,     10.0000,      1.4154,     42.8298,    252.5934,     63.5678,      3.4953,      0.1619,      0.1291,     13.9772,      0.1562,      5.6739,     11.3478,      1.3803,     29.5267,     59.0533,      0.0195,      0.0008,      0.2084,      0.2118,   7984.4512,-424869.0625,   -911.6107,    559.6552,  26614.8359,
       1,     170,     242,      13,       1,       3,       1,     10.0000,      1.4154,     42.8298,    252.5934,     63.5678,      3.4953,      0.1601,      0.1270,     25.5944,      0.1636,      5.6739,     11.3478,      1.4455,     29.5267,     59.0533,      0.0195,      0.0015,      0.2044,      0.2118,   7984.4512,-437787.2500,   -914.7997,    558.7515,  26614.8379,
       1,     170,     242,      14,       1,       3,       1,     10.0000,      1.4154,     42.8298,    252.5934,     63.5678,      3.4953,      0.1926,      0.1593,     41.8612,      0.1709,      5.6739,     11.3478,      1.5106,     29.5267,     59.0533,      0.0195,      0.0020,      0.2491,      0.2118,   7984.4517,-452832.1250,   -916.9545,    557.7014,  26614.8359,
       1,     170,     242,      15,       1,       3,       1,     10.0000,      1.4154,     42.8298,    252.5934,     63.5678,      3.4953,      0.1962,      0.1622,     81.5998,      0.1926,      5.6739,     11.3478,      1.7022,     29.5267,     59.0533,      0.0195,      0.0039,      0.2500,      0.2118,   7984.4512,-473645.4062,   -922.4758,    556.2515,  26614.8359,
       1,     170,     242,      16,       1,       3,       1,     10.0000,      1.4154,     42.8298,    252.5934,     63.5678,      3.4953,      0.1973,      0.1632,     97.2567,      0.1990,      5.6739,     11.3478,      1.7587,     29.5267,     59.0533,      0.0195,      0.0047,      0.2500,      0.2118,   7984.4512,-523164.8125,   -934.2994,    552.8102,  26614.8379,
       1,     170,     242,      17,       1,       3,       1,     10.0000,      1.4154,     42.8298,    252.5934,     63.5678,      3.4953,      0.1956,      0.1611,    108.2356,      0.2099,      5.6739,     11.3478,      1.8550,     29.5267,     59.0533,      0.0195,      0.0053,      0.2464,      0.2117,   7984.4517,-546178.8125,   -940.8931,    551.2305,  26614.8359,
       1,     170,     242,      18,       1,       3,       1,     10.0000,      1.4154,     42.8298,    252.5934,     63.5678,      3.4953,      0.1518,      0.1183,     48.6937,      0.1786,      5.6739,     11.3478,      1.5784,     29.5267,     59.0533,      0.0195,      0.0031,      0.1900,      0.2117,   7984.4512,-561312.2500,   -945.8326,    550.1901,  26614.8359,
       1,     170,     242,      19,       1,       3,       1,     10.0000,      1.4154,     42.8298,    252.5934,     63.5678,      3.4953,      0.0799,      0.0469,     16.8616,      0.1628,      5.6739,     11.3478,      1.4383,     29.5267,     59.0533,      0.0195,      0.0022,      0.0911,      0.2117,   7984.4512,-490904.8125,   -933.4931,    555.0332,  26614.8359,
       1,     170,     242,      20,       1,       3,       1,     10.0000,      1.4154,     42.8298,    252.5934,     63.5678,      3.4953,      0.0084,     -0.0244,      2.4513,      0.1568,      5.6739,     11.3478,      1.3859,     29.5267,     59.0533,      0.0195,      0.0019,      0.0156,      0.2117,   7984.4512,-446803.8438,   -925.5596,    558.1143,  26614.8359,
       1,     170,     242,      21,       1,       3,       1,     10.0000,      1.4154,     42.8298,    252.5934,     63.5678,      3.4953,      0.0000,     -0.0326,      1.7208,      0.1514,      5.6739,     11.3478,      1.3379,     29.5267,     59.0533,      0.0195,      0.0013,      0.0156,      0.2118,   7984.4512,-425791.0938,   -921.7474,    559.5887,  26614.8359,
       1,     170,     242,      22,       1,       3,       1,     10.0000,      1.4154,     42.8298,    252.5934,     63.5678,      3.4953,      0.0000,     -0.0324,      1.1079,      0.1464,      5.6739,     11.3478,      1.2941,     29.5267,     59.0533,      0.0195,      0.0009,      0.0156,      0.2118,   7984.4512,-423144.1875,   -921.3270,    559.7758,  26614.8340,
       1,     170,     242,      23,       1,       3,       1,     10.0000,      1.4154,     42.8298,    252.5934,     63.5678,      3.4953,      0.0000,     -0.0323,      1.1040,      0.1435,      5.6739,     11.3478,      1.2682,     29.5267,     59.0533,      0.0195,      0.0009,      0.0156,      0.2118,   7984.4507,-422183.5000,   -921.1810,    559.8431,  26614.8359,
       1,     170,     242,      24,       1,       3,       1,     10.0000,      1.4154,     42.8298,    252.5934,     63.5678,      3.4953,      0.0000,     -0.0322,      0.9346,      0.1401,      5.6739,     11.3478,      1.2378,     29.5267,     59.0533,      0.0195,      0.0007,      0.0156,      0.2118,   7984.4512,-422097.7812,   -921.2057,    559.8492,  26614.8359,
       1,     170,     243,       1,       1,       3,       1,     10.0000,      1.4154,     42.8301,    252.5993,     63.5693,      3.4953,      0.0000,     -0.0322,      0.8644,      0.1399,      5.6736,     11.3473,      1.2366,     29.5248,     59.0495,      0.0195,      0.0007,      0.0156,      0.2118,   7984.4512,-422042.7188,   -921.4997,    559.8662,  26616.0312,
       1,     170,     243,       2,       1,       3,       1,     10.0000,      1.4154,     42.8301,    252.5993,     63.5693,      3.4953,      0.0000,     -0.0322,      0.8873,      0.1394,      5.6736,     11.3473,      1.2316,     29.5248,     59.0495,      0.0195,      0.0007,      0.0156,      0.2118,   7984.8096,-421800.9688,   -921.2161,    559.8831,  26616.0293,
       1,     170,     243,       3,       1,       3,       1,     10.0000,      1.4154,     42.8301,    252.5993,     63.5693,      3.4953,      0.0000,     -0.0323,      0.9284,      0.1414,      5.6736,     11.3473,      1.2492,     29.5248,     59.0495,      0.0195,      0.0007,      0.0156,      0.2118,   7984.8091,-421808.2500,   -921.2462,    559.8826,  26616.0293,
       1,     170,     243,       4,       1,       3,       1,     10.0000,      1.4154,     42.8301,    252.5993,     63.5693,      3.4953,      0.0000,     -0.0322,      0.8216,      0.1406,      5.6736,     11.3473,      1.2429,     29.5248,     59.0495,      0.0195,      0.0006,      0.0156,      0.2118,   7984.8091,-421858.2500,   -921.2801,    559.8791,  26616.0293,
       1,     170,     243,       5,       1,       3,       1,     10.0000,      1.4154,     42.8301,    252.5993,     63.5693,      3.4953,      0.0000,     -0.0319,      0.3722,      0.1326,      5.6736,     11.3473,      1.1719,     29.5248,     59.0495,      0.0195,      0.0003,      0.0156,      0.2118,   7984.8091,-421734.2500,   -921.2829,    559.8878,  26616.0273,
       1,     170,     243,       6,       1,       3,       1,     10.0000,      1.4154,     42.8301,    252.5993,     63.5693,      3.4953,      0.0000,     -0.0319,      0.3127,      0.1309,      5.6736,     11.3473,      1.1565,     29.5248,     59.0495,      0.0195,      0.0002,      0.0156,      0.2118,   7984.8086,-421184.2500,   -921.1843,    559.9264,  26616.0293,
       1,     170,     243,       7,       1,       3,       1,     10.0000,      1.4154,     42.8301,    252.5993,     63.5693,      3.4953,      0.0000,     -0.0318,      0.3109,      0.1302,      5.6736,     11.3473,      1.1506,     29.5248,     59.0495,      0.0195,      0.0002,      0.0156,      0.2118,   7984.8091,-421066.2188,   -921.1633,    559.9346,  26616.0293,
       1,     170,     243,       8,       1,       3,       1,     10.0000,      1.4154,     42.8301,    252.5993,     63.5693,      3.4953,      0.0222,     -0.0097,      0.2910,      0.1319,      5.6736,     11.3473,      1.1659,     29.5248,     59.0495,      0.0195,      0.0003,      0.0119,      0.2118,   7984.8091,-421054.2188,   -921.1626,    559.9354,  26616.0312,
       1,     170,     243,       9,       1,       3,       1,     10.0000,      1.4154,     42.8301,    252.5993,     63.5693,      3.4953,      0.1224,      0.0898,     14.1856,      0.1506,      5.6736,     11.3473,      1.3312,     29.5248,     59.0495,      0.0195,      0.0011,      0.1522,      0.2118,   7984.8096,-421029.1250,   -921.1885,    559.9371,  26616.0293,
       1,     170,     243,      10,       1,       3,       1,     10.0000,      1.4154,     42.8301,    252.5993,     63.5693,      3.4953,      0.1667,      0.1334,     38.3211,      0.1720,      5.6736,     11.3473,      1.5197,     29.5248,     59.0495,      0.0195,      0.0022,      0.2126,      0.2118,   7984.8091,-437715.0938,   -924.6517,    558.7693,  26616.0293,
       1,     170,     243,      11,       1,       3,       1,     10.0000,      1.4154,     42.8301,    252.5993,     63.5693,      3.4953,      0.1914,      0.1575,     68.6402,      0.1915,      5.6736,     11.3473,      1.6921,     29.5248,     59.0495,      0.0195,      0.0034,      0.2446,      0.2118,   7984.8091,-468114.8438,   -931.0660,    556.6472,  26616.0293,
       1,     170,     243,      12,       1,       3,       1,     10.0000,      1.4154,     42.8301,    252.5993,     63.5693,      3.4953,      0.1966,      0.1624,     88.4264,      0.2024,      5.6736,     11.3473,      1.7886,     29.5248,     59.0495,      0.0195,      0.0043,      0.2500,      0.2118,   7984.8091,-507115.2500,   -939.4622,    553.9375,  26616.0312,
       1,     170,     243,      13,       1,       3,       1,     10.0000,      1.4154,     42.8301,    252.5993,     63.5693,      3.4953,      0.1975,      0.1629,    100.1618,      0.2116,      5.6736,     11.3473,      1.8698,     29.5248,     59.0495,      0.0195,      0.0048,      0.2500,      0.2118,   7984.8096,-534192.1875,   -945.7976,    552.0692,  26616.0312,
       1,     170,     243,      14,       1,       3,       1,     10.0000,      1.4154,     42.8301,    252.5993,     63.5693,      3.4953,      0.1979,      0.1633,    106.0046,      0.2152,      5.6736,     11.3473,      1.9013,     29.5248,     59.0495,      0.0195,      0.0051,      0.2500,      0.2117,   7984.8096,-550579.3750,   -950.0732,    550.9416,  26616.0293,
       1,     170,     243,      15,       1,       3,       1,     10.0000,      1.4154,     42.8301,    252.5993,     63.5693,      3.4953,      0.1993,      0.1641,    125.6722,      0.2332,      5.6736,     11.3473,      2.0606,     29.5248,     59.0495,      0.0195,      0.0061,      0.2500,      0.2117,   7984.8091,-558982.0000,   -952.6949,    550.3640,  26616.0273,
       1,     170,     243,      16,       1,       3,       1,     10.0000,      1.4154,     42.8301,    252.5993,     63.5693,      3.4953,      0.1986,      0.1639,    115.8624,      0.2194,      5.6736,     11.3473,      1.9391,     29.5248,     59.0495,      0.0195,      0.0056,      0.2500,      0.2117,   7984.8086,-583356.5000,   -958.4827,    548.6875,  26616.0273,
       1,     170,     243,      17,       1,       3,       1,     10.0000,      1.4154,     42.8301,    252.5993,     63.5693,      3.4953,      0.1873,      0.1528,     93.5147,      0.2075,      5.6736,     11.3473,      1.8333,     29.5248,     59.0495,      0.0195,      0.0048,      0.2360,      0.2116,   7984.8086,-573592.8125,   -957.4151,    549.3597,  26616.0273,
       1,     170,     243,      18,       1,       3,       1,     10.0000,      1.4154,     42.8301,    252.5993,     63.5693,      3.4953,      0.1807,      0.1464,     94.5008,      0.2022,      5.6736,     11.3473,      1.7868,     29.5248,     59.0495,      0.0195,      0.0050,      0.2264,      0.2117,   7984.8086,-545870.0000,   -952.6174,    551.2637,  26616.0254,
       1,     170,     243,      19,       1,       3,       1,     10.0000,      1.4154,     42.8301,    252.5993,     63.5693,      3.4953,      0.1248,      0.0908,     57.1612,      0.1926,      5.6736,     11.3473,      1.7022,     29.5248,     59.0495,      0.0195,      0.0046,      0.1502,      0.2117,   7984.8081,-544747.5625,   -952.9536,    551.3445,  26616.0293,
       1,     170,     243,      20,       1,       3,       1,     10.0000,      1.4154,     42.8301,    252.5993,     63.5693,      3.4953,      0.0193,     -0.0140,      1.3496,      0.1727,      5.6736,     11.3473,      1.5258,     29.5248,     59.0495,      0.0195,      0.0027,      0.0060,      0.2117,   7984.8091,-499718.5312,   -944.4347,    554.4478,  26616.0254,
       1,     170,     243,      21,       1,       3,       1,     10.0000,      1.4154,     42.8301,    252.5993,     63.5693,      3.4953,      0.0000,     -0.0330,      2.1286,      0.1621,      5.6736,     11.3473,      1.4326,     29.5248,     59.0495,      0.0195,      0.0016,      0.0156,      0.2118,   7984.8081,-428868.7500,   -930.5009,    559.3669,  26616.0254,
       1,     170,     243,      22,       1,       3,       1,     10.0000,      1.4154,     42.8301,    252.5993,     63.5693,      3.4953,      0.0000,     -0.0330,      1.6729,      0.1611,      5.6736,     11.3473,      1.4240,     29.5248,     59.0495,      0.0195,      0.0013,      0.0156,      0.2118,   7984.8081,-423919.4688,   -929.5278,    559.7348,  26616.0254,
       1,     170,     243,      23,       1,       3,       1,     10.0000,      1.4154,     42.8301,    252.5993,     63.5693,      3.4953,      0.0000,     -0.0329,      1.3083,      0.1595,      5.6736,     11.3473,      1.4097,     29.5248,     59.0495,      0.0195,      0.0010,      0.0156,      0.2118,   7984.8081,-422930.3750,   -929.3350,    559.8041,  26616.0254,
       1,     170,     243,      24,       1,       3,       1,     10.0000,      1.4154,     42.8301,    252.5993,     63.5693,      3.4953,      0.0000,     -0.0329,      1.1001,      0.1595,      5.6736,     11.3473,      1.4097,     29.5248,     59.0495,      0.0195,      0.0009,      0.0156,      0.2118,   7984.8081,-422409.1875,   -929.2346,    559.8405,  26616.0254,
       1,     170,     244,       1,       1,       3,       1,     10.0000,      1.4155,     42.8305,    252.6053,     63.5708,      3.4953,      0.0000,     -0.0329,      1.1567,      0.1587,      5.6730,     11.3460,      1.4027,     29.5336,     59.0672,      0.0195,      0.0009,      0.0156,      0.2119,   7984.8081,-422270.6250,   -929.4943,    559.8633,  26617.2188,
       1,     170,     244,       2,       1,       3,       1,     10.0000,      1.4155,     42.8305,    252.6053,     63.5708,      3.4953,      0.0000,     -0.0327,      0.9033,      0.1533,      5.6730,     11.3460,      1.3542,     29.5336,     59.0672,      0.0195,      0.0007,      0.0156,      0.2119,   7985.1660,-422174.2812,   -929.1978,    559.8701,  26617.2188,
       1,     170,     244,       3,       1,       3,       1,     10.0000,      1.4155,     42.8305,    252.6053,     63.5708,      3.4953,      0.0000,     -0.0325,      0.7334,      0.1484,      5.6730,     11.3460,      1.3113,     29.5336,     59.0672,      0.0195,      0.0006,      0.0156,      0.2119,   7985.1660,-421861.8438,   -929.1376,    559.8919,  26617.2188,
       1,     170,     244,       4,       1,       3,       1,     10.0000,      1.4155,     42.8305,    252.6053,     63.5708,      3.4953,      0.0000,     -0.0324,      0.8533,      0.1445,      5.6730,     11.3460,      1.2773,     29.5336,     59.0672,      0.0195,      0.0007,      0.0156,      0.2119,   7985.1660,-421631.7188,   -929.0937,    559.9080,  26617.2168,
       1,     170,     244,       5,       1,       3,       1,     10.0000,      1.4155,     42.8305,    252.6053,     63.5708,      3.4953,      0.0000,     -0.0322,      0.8603,      0.1407,      5.6730,     11.3460,      1.2429,     29.5336,     59.0672,      0.0195,      0.0007,      0.0156,      0.2119,   7985.1655,-421756.3750,   -929.1204,    559.8993,  26617.2168,
       1,     170,     244,       6,       1,       3,       1,     10.0000,      1.4155,     42.8305,    252.6053,     63.5708,      3.4953,      0.0000,     -0.0323,      1.1580,      0.1438,      5.6730,     11.3460,      1.2709,     29.5336,     59.0672,      0.0195,      0.0009,      0.0156,      0.2119,   7985.1655,-421775.2812,   -929.1259,    559.8980,  26617.2188,
       1,     170,     244,       7,       1,       3,       1,     10.0000,      1.4155,     42.8305,    252.6053,     63.5708,      3.4953,      0.0000,     -0.0324,      1.2382,      0.1441,      5.6730,     11.3460,      1.2734,     29.5336,     59.0672,      0.0195,      0.0010,      0.0156,      0.2119,   7985.1660,-422134.1562,   -929.1981,    559.8729,  26617.2168,
       1,     170,     244,       8,       1,       3,       1,     10.0000,      1.4155,     42.8305,    252.6053,     63.5708,      3.4953,      0.0050,     -0.0272,      0.8250,      0.1414,      5.6730,     11.3460,      1.2492,     29.5336,     59.0672,      0.0195,      0.0006,      0.0156,      0.2119,   7985.1655,-422260.8438,   -929.2249,    559.8640,  26617.2168,
       1,     170,     244,       9,       1,       3,       1,     10.0000,      1.4155,     42.8305,    252.6053,     63.5708,      3.4953,      0.1117,      0.0792,      7.4124,      0.1500,      5.6730,     11.3460,      1.3259,     29.5336,     59.0672,      0.0195,      0.0006,      0.1377,      0.2119,   7985.1655,-421775.3125,   -929.1298,    559.8979,  26617.2188,
       1,     170,     244,      10,       1,       3,       1,     10.0000,      1.4155,     42.8305,    252.6053,     63.5708,      3.4953,      0.1593,      0.1259,     31.0652,      0.1770,      5.6730,     11.3460,      1.5644,     29.5336,     59.0672,      0.0195,      0.0018,      0.2028,      0.2119,   7985.1660,-429645.2500,   -930.6978,    559.3472,  26617.2168,
       1,     170,     244,      11,       1,       3,       1,     10.0000,      1.4155,     42.8305,    252.6053,     63.5708,      3.4953,      0.1669,      0.1331,     45.6450,      0.1872,      5.6730,     11.3460,      1.6540,     29.5336,     59.0672,      0.0195,      0.0026,      0.2120,      0.2119,   7985.1655,-458715.1875,   -936.5508,    557.3149,  26617.2168,
       1,     170,     244,      12,       1,       3,       1,     10.0000,      1.4155,     42.8305,    252.6053,     63.5708,      3.4953,      0.1901,      0.1557,     86.4375,      0.2079,      5.6730,     11.3460,      1.8369,     29.5336,     59.0672,      0.0195,      0.0043,      0.2409,      0.2118,   7985.1655,-478684.2812,   -921.9999,    555.9276,  26617.2207,
       1,     170,     244,      13,       1,       3,       1,     10.0000,      1.4155,     42.8305,    252.6053,     63.5708,      3.4953,      0.1010,      0.0688,      6.9499,      0.1412,      5.6730,     11.3460,      1.2479,     29.5336,     59.0672,      0.0195,      0.0007,      0.1227,      0.2118,   7985.1665,-529387.1250,   -932.3199,    552.4058,  26617.2227,
       1,     170,     244,      14,       1,       3,       1,     10.0000,      1.4155,     42.8305,    252.6053,     63.5708,      3.4953,      0.0299,     -0.0023,      0.5000,      0.1388,      5.6730,     11.3460,      1.2266,     29.5336,     59.0672,      0.0195,      0.0003,      0.0225,      0.2118,   7985.1670,-438053.0625,   -913.5098,    558.7236,  26617.2207,
       1,     170,     244,      15,       1,       3,       1,     10.0000,      1.4155,     42.8305,    252.6053,     63.5708,      3.4953,      0.0616,      0.0294,      1.4622,      0.1402,      5.6730,     11.3460,      1.2391,     29.5336,     59.0672,      0.0195,      0.0003,      0.0674,      0.2119,   7985.1665,-422753.0312,   -910.4543,    559.8284,  26617.2207,
       1,     170,     244,      16,       1,       3,       1,     10.0000,      1.4155,     42.8305,    252.6053,     63.5708,      3.4953,      0.1301,      0.0982,      7.9918,      0.1315,      5.6730,     11.3460,      1.1624,     29.5336,     59.0672,      0.0195,      0.0006,      0.1639,      0.2119,   7985.1665,-422582.9375,   -910.5057,    559.8414,  26617.2207,
       1,     170,     244,      17,       1,       3,       1,     10.0000,      1.4155,     42.8305,    252.6053,     63.5708,      3.4953,      0.1349,      0.1029,      8.0967,      0.1352,      5.6730,     11.3460,      1.1947,     29.5336,     59.0672,      0.0195,      0.0006,      0.1707,      0.2119,   7985.1665,-430408.7812,   -912.2687,    559.2938,  26617.2207,
       1,     170,     244,      18,       1,       3,       1,     10.0000,      1.4155,     42.8305,    252.6053,     63.5708,      3.4953,      0.1390,      0.1066,     11.3246,      0.1456,      5.6730,     11.3460,      1.2864,     29.5336,     59.0672,      0.0195,      0.0008,      0.1762,      0.2119,   7985.1665,-431193.1562,   -912.9108,    559.2392,  26617.2207,
       1,     170,     244,      19,       1,       3,       1,     10.0000,      1.4155,     42.8305,    252.6053,     63.5708,      3.4953,      0.0808,      0.0483,      8.7239,      0.1469,      5.6730,     11.3460,      1.2981,     29.5336,     59.0672,      0.0195,      0.0011,      0.0936,      0.2119,   7985.1665,-435135.5625,   -914.2326,    558.9636,  26617.2227,
       1,     170,     244,      20,       1,       3,       1,     10.0000,      1.4155,     42.8305,    252.6053,     63.5708,      3.4953,      0.0075,     -0.0247,      0.6962,      0.1397,      5.6730,     11.3460,      1.2341,     29.5336,     59.0672,      0.0195,      0.0005,      0.0156,      0.2119,   7985.1670,-432342.8125,   -914.1472,    559.1588,  26617.2227,
       1,     170,     244,      21,       1,       3,       1,     10.0000,      1.4155,     42.8305,    252.6053,     63.5708,      3.4953,      0.0000,     -0.0321,      0.8477,      0.1366,      5.6730,     11.3460,      1.2069,     29.5336,     59.0672,      0.0195,      0.0007,      0.0156,      0.2119,   7985.1670,-422466.3125,   -912.4088,    559.8492,  26617.2227,
       1,     170,     244,      22,       1,       3,       1,     10.0000,      1.4155,     42.8305,    252.6053,     63.5708,      3.4953,      0.0000,     -0.0321,      0.9205,      0.1374,      5.6730,     11.3460,      1.2143,     29.5336,     59.0672,      0.0195,      0.0007,      0.0156,      0.2119,   7985.1670,-421819.6562,   -912.3507,    559.8948,  26617.2227,
       1,     170,     244,      23,       1,       3,       1,     10.0000,      1.4155,     42.8305,    252.6053,     63.5708,      3.4953,      0.0000,     -0.0321,      0.3338,      0.1367,      5.6730,     11.3460,      1.2081,     29.5336,     59.0672,      0.0195,      0.0003,      0.0156,      0.2119,   7985.1670,-421852.2500,   -912.4120,    559.8926,  26617.2188,
       1,     170,     244,      24,       1,       3,       1,     10.0000,      1.4155,     42.8305,    252.6053,     63.5708,      3.4953,      0.0000,     -0.0322,      0.3668,      0.1394,      5.6730,     11.3460,      1.2316,     29.5336,     59.0672,      0.0195,      0.0003,      0.0156,      0.2119,   7985.1660,-421150.9375,   -912.2872,    559.9417,  26617.2227,
       1,     170,     245,       1,       1,       3,       1,     10.0000,      1.4155,     42.8308,    252.6113,     63.5723,      3.4953,      0.0000,     -0.0321,      0.3329,      0.1383,      5.6744,     11.3488,      1.2217,     29.5259,     59.0519,      0.0195,      0.0003,      0.0156,      0.2119,   7985.1670,-421287.2188,   -912.5782,    559.9456,  26618.4160,
       1,     170,     245,       2,       1,       3,       1,     10.0000,      1.4155,     42.8308,    252.6113,     63.5723,      3.4953,      0.0000,     -0.0321,      0.3276,      0.1363,      5.6744,     11.3488,      1.2045,     29.5259,     59.0519,      0.0195,      0.0003,      0.0156,      0.2119,   7985.5249,-421104.9062,   -912.2883,    559.9583,  26618.4180,
       1,     170,     245,       3,       1,       3,       1,     10.0000,      1.4155,     42.8308,    252.6113,     63.5723,      3.4953,      0.0000,     -0.0322,      0.3341,      0.1387,      5.6744,     11.3488,      1.2254,     29.5259,     59.0519,      0.0195,      0.0003,      0.0156,      0.2119,   7985.5259,-421083.1250,   -912.2855,    559.9598,  26618.4141,
       1,     170,     245,       4,       1,       3,       1,     10.0000,      1.4155,     42.8308,    252.6113,     63.5723,      3.4953,      0.0000,     -0.0323,      0.3451,      0.1427,      5.6744,     11.3488,      1.2606,     29.5259,     59.0519,      0.0195,      0.0003,      0.0156,      0.2119,   7985.5244,-421089.5938,   -912.2893,    559.9594,  26618.4141,
       1,     170,     245,       5,       1,       3,       1,     10.0000,      1.4155,     42.8308,    252.6113,     63.5723,      3.4953,      0.0000,     -0.0323,      0.3483,      0.1438,      5.6744,     11.3488,      1.2709,     29.5259,     59.0519,      0.0195,      0.0003,      0.0156,      0.2119,   7985.5244,-421103.3750,   -912.2936,    559.9584,  26618.4180,
       1,     170,     245,       6,       1,       3,       1,     10.0000,      1.4155,     42.8308,    252.6113,     63.5723,      3.4953,      0.0000,     -0.0324,      0.3507,      0.1447,      5.6744,     11.3488,      1.2786,     29.5259,     59.0519,      0.0195,      0.0003,      0.0156,      0.2119,   7985.5259,-421107.8438,   -912.2951,    559.9581,  26618.4180,
       1,     170,     245,       7,       1,       3,       1,     10.0000,      1.4155,     42.8308,    252.6113,     63.5723,      3.4953,      0.0000,     -0.0323,      0.3483,      0.1438,      5.6744,     11.3488,      1.2709,     29.5259,     59.0519,      0.0195,      0.0003,      0.0156,      0.2119,   7985.5259,-421111.1875,   -912.2972,    559.9579,  26618.4160,
       1,     170,     245,       8,       1,       3,       1,     10.0000,      1.4155,     42.8308,    252.6113,     63.5723,      3.4953,      0.0089,     -0.0235,      0.4613,      0.1448,      5.6744,     11.3488,      1.2799,     29.5259,     59.0519,      0.0195,      0.0004,      0.0156,      0.2119,   7985.5249,-421108.6562,   -912.2988,    559.9580,  26618.4160,
       1,     170,     245,       9,       1,       3,       1,     10.0000,      1.4155,     42.8308,    252.6113,     63.5723,      3.4953,      0.1098,      0.0772,      3.8976,      0.1511,      5.6744,     11.3488,      1.3353,     29.5259,     59.0519,      0.0195,      0.0003,      0.1353,      0.2119,   7985.5249,-421244.2188,   -912.3639,    559.9485,  26618.4160,
       1,     170,     245,      10,       1,       3,       1,     10.0000,      1.4155,     42.8308,    252.6113,     63.5723,      3.4953,      0.1814,      0.1477,     38.7252,      0.1837,      5.6744,     11.3488,      1.6231,     29.5259,     59.0519,      0.0195,      0.0020,      0.2335,      0.2119,   7985.5249,-425381.6562,   -913.5193,    559.6589,  26618.4141,
       1,     170,     245,      11,       1,       3,       1,     10.0000,      1.4155,     42.8308,    252.6113,     63.5723,      3.4953,      0.1857,      0.1517,     55.2261,      0.1928,      5.6744,     11.3488,      1.7040,     29.5259,     59.0519,      0.0195,      0.0028,      0.2379,      0.2119,   7985.5244,-467551.7188,   -922.7022,    556.7089,  26618.4160,
       1,     170,     245,      12,       1,       3,       1,     10.0000,      1.4155,     42.8308,    252.6113,     63.5723,      3.4953,      0.1923,      0.1581,     63.7683,      0.1979,      5.6744,     11.3488,      1.7484,     29.5259,     59.0519,      0.0195,      0.0031,      0.2464,      0.2119,   7985.5249,-490940.1562,   -928.5640,    555.0891,  26618.4141,
       1,     170,     245,      13,       1,       3,       1,     10.0000,      1.4155,     42.8308,    252.6113,     63.5723,      3.4953,      0.1636,      0.1297,     42.4125,      0.1894,      5.6744,     11.3488,      1.6739,     29.5259,     59.0519,      0.0195,      0.0025,      0.2077,      0.2118,   7985.5244,-503165.5312,   -932.4610,    554.2432,  26618.4160,
       1,     170,     245,      14,       1,       3,       1,     10.0000,      1.4155,     42.8308,    252.6113,     63.5723,      3.4953,      0.1689,      0.1352,     31.2111,      0.1813,      5.6744,     11.3488,      1.6022,     29.5259,     59.0519,      0.0195,      0.0017,      0.2164,      0.2118,   7985.5249,-478513.8438,   -928.8126,    555.9517,  26618.4160,
       1,     170,     245,      15,       1,       3,       1,     10.0000,      1.4155,     42.8308,    252.6113,     63.5723,      3.4953,      0.1877,      0.1536,     57.5926,      0.1957,      5.6744,     11.3488,      1.7295,     29.5259,     59.0519,      0.0195,      0.0029,      0.2405,      0.2118,   7985.5249,-462995.5312,   -926.6677,    557.0328,  26618.4180,
       1,     170,     245,      16,       1,       3,       1,     10.0000,      1.4155,     42.8308,    252.6113,     63.5723,      3.4953,      0.1788,      0.1445,     67.9201,      0.2040,      5.6744,     11.3488,      1.8029,     29.5259,     59.0519,      0.0195,      0.0036,      0.2267,      0.2119,   7985.5259,-493391.4688,   -933.5258,    554.9174,  26618.4160,
       1,     170,     245,      17,       1,       3,       1,     10.0000,      1.4155,     42.8308,    252.6113,     63.5723,      3.4953,      0.1620,      0.1279,     55.1479,      0.1967,      5.6744,     11.3488,      1.7381,     29.5259,     59.0519,      0.0195,      0.0033,      0.2039,      0.2118,   7985.5249,-508363.5312,   -937.4836,    553.8829,  26618.4141,
       1,     170,     245,      18,       1,       3,       1,     10.0000,      1.4155,     42.8308,    252.6113,     63.5723,      3.4953,      0.1304,      0.0966,     33.9080,      0.1879,      5.6744,     11.3488,      1.6606,     29.5259,     59.0519,      0.0195,      0.0025,      0.1610,      0.2118,   7985.5244,-494259.3438,   -935.6235,    554.8604,  26618.4141,
       1,     170,     245,      19,       1,       3,       1,     10.0000,      1.4155,     42.8308,    252.6113,     63.5723,      3.4953,      0.0810,      0.0474,     17.9552,      0.1820,      5.6744,     11.3488,      1.6086,     29.5259,     59.0519,      0.0195,      0.0024,      0.0921,      0.2118,   7985.5244,-467548.8750,   -931.0402,    556.7138,  26618.4160,
       1,     170,     245,      20,       1,       3,       1,     10.0000,      1.4155,     42.8308,    252.6113,     63.5723,      3.4953,      0.0113,     -0.0220,      2.3264,      0.1703,      5.6744,     11.3488,      1.5047,     29.5259,     59.0519,      0.0195,      0.0018,      0.0156,      0.2119,   7985.5249,-446151.0938,   -927.2672,    558.2059,  26618.4180,
       1,     170,     245,      21,       1,       3,       1,     10.0000,      1.4155,     42.8308,    252.6113,     63.5723,      3.4953,      0.0000,     -0.0330,      1.4763,      0.1618,      5.6744,     11.3488,      1.4298,     29.5259,     59.0519,      0.0195,      0.0011,      0.0156,      0.2119,   7985.5259,-425585.6562,   -923.4662,    559.6429,  26618.4141,
       1,     170,     245,      22,       1,       3,       1,     10.0000,      1.4155,     42.8308,    252.6113,     63.5723,      3.4953,      0.0000,     -0.0328,      1.2642,      0.1568,      5.6744,     11.3488,      1.3859,     29.5259,     59.0519,      0.0195,      0.0010,      0.0156,      0.2119,   7985.5244,-422841.6250,   -922.9847,    559.8367,  26618.4180,
       1,     170,     245,      23,       1,       3,       1,     10.0000,      1.4155,     42.8308,    252.6113,     63.5723,      3.4953,      0.0000,     -0.0328,      1.1362,      0.1551,      5.6744,     11.3488,      1.3707,     29.5259,     59.0519,      0.0195,      0.0009,      0.0156,      0.2119,   7985.5259,-422353.6875,   -922.9268,    559.8709,  26618.4180,
       1,     170,     245,      24,       1,       3,       1,     10.0000,      1.4155,     42.8308,    252.6113,     63.5723,      3.4953,      0.0000,     -0.0329,      1.3485,      0.1584,      5.6744,     11.3488,      1.3999,     29.5259,     59.0519,      0.0195,      0.0010,      0.0156,      0.2119,   7985.5259,-422159.0000,   -922.9174,    559.8846,  26618.4141,
       1,     170,     246,       1,       1,       3,       1,     10.0000,      1.4155,     42.8312,    252.6173,     63.5737,      3.4953,      0.0000,     -0.0327,      0.7400,      0.1531,      5.6733,     11.3465,      1.3529,     29.5287,     59.0575,      0.0195,      0.0006,      0.0156,      0.2119,   7985.5244,-422553.3125,   -923.3017,    559.8701,  26619.6074,
       1,     170,     246,       2,       1,       3,       1,     10.0000,      1.4155,     42.8312,    252.6173,     63.5737,      3.4953,      0.0000,     -0.0326,      0.4183,      0.1497,      5.6733,     11.3465,      1.3233,     29.5287,     59.0575,      0.0195,      0.0003,      0.0156,      0.2119,   7985.8823,-421703.3438,   -922.8850,    559.9295,  26619.6094,
       1,     170,     246,       3,       1,       3,       1,     10.0000,      1.4155,     42.8312,    252.6173,     63.5737,      3.4953,      0.0000,     -0.0325,      0.3890,      0.1471,      5.6733,     11.3465,      1.2995,     29.5287,     59.0575,      0.0195,      0.0003,      0.0156,      0.2119,   7985.8833,-421245.5000,   -922.8009,    559.9615,  26619.6094,
       1,     170,     246,       4,       1,       3,       1,     10.0000,      1.4155,     42.8312,    252.6173,     63.5737,      3.4953,      0.0000,     -0.0324,      0.4857,      0.1459,      5.6733,     11.3465,      1.2890,     29.5287,     59.0575,      0.0195,      0.0004,      0.0156,      0.2119,   7985.8833,-421171.9688,   -922.7900,    559.9667,  26619.6074,
       1,     170,     246,       5,       1,       3,       1,     10.0000,      1.4155,     42.8312,    252.6173,     63.5737,      3.4953,      0.0000,     -0.0324,      0.7701,      0.1465,      5.6733,     11.3465,      1.2942,     29.5287,     59.0575,      0.0195,      0.0006,      0.0156,      0.2119,   7985.8823,-421281.9062,   -922.8188,    559.9590,  26619.6074,
       1,     170,     246,       6,       1,       3,       1,     10.0000,      1.4155,     42.8312,    252.6173,     63.5737,      3.4953,      0.0000,     -0.0323,      0.4630,      0.1414,      5.6733,     11.3465,      1.2492,     29.5287,     59.0575,      0.0195,      0.0004,      0.0156,      0.2119,   7985.8823,-421632.6562,   -922.9050,    559.9344,  26619.6074,
       1,     170,     246,       7,       1,       3,       1,     10.0000,      1.4155,     42.8312,    252.6173,     63.5737,      3.4953,      0.0000,     -0.0322,      0.3407,      0.1411,      5.6733,     11.3465,      1.2467,     29.5287,     59.0575,      0.0195,      0.0003,      0.0156,      0.2119,   7985.8823,-421293.5000,   -922.8453,    559.9582,  26619.6074,
       1,     170,     246,       8,       1,       3,       1,     10.0000,      1.4155,     42.8312,    252.6173,     63.5737,      3.4953,      0.0100,     -0.0222,      0.3431,      0.1419,      5.6733,     11.3465,      1.2543,     29.5287,     59.0575,      0.0195,      0.0003,      0.0156,      0.2119,   7985.8823,-421118.1250,   -922.8137,    559.9705,  26619.6055,
       1,     170,     246,       9,       1,       3,       1,     10.0000,      1.4155,     42.8312,    252.6173,     63.5737,      3.4953,      0.0919,      0.0593,      3.5121,      0.1497,      5.6733,     11.3465,      1.3233,     29.5287,     59.0575,      0.0195,      0.0004,      0.1099,      0.2119,   7985.8818,-421106.6562,   -922.8287,    559.9713,  26619.6074,
       1,     170,     246,      10,       1,       3,       1,     10.0000,      1.4155,     42.8312,    252.6173,     63.5737,      3.4953,      0.1622,      0.1288,     30.1487,      0.1739,      5.6733,     11.3465,      1.5366,     29.5287,     59.0575,      0.0195,      0.0018,      0.2069,      0.2119,   7985.8823,-424910.0312,   -923.6938,    559.7051,  26619.6074,
       1,     170,     246,      11,       1,       3,       1,     10.0000,      1.4155,     42.8312,    252.6173,     63.5737,      3.4953,      0.1836,      0.1496,     68.5088,      0.1955,      5.6733,     11.3465,      1.7278,     29.5287,     59.0575,      0.0195,      0.0035,      0.2335,      0.2119,   7985.8823,-457211.5312,   -930.2603,    557.4452,  26619.6074,
       1,     170,     246,      12,       1,       3,       1,     10.0000,      1.4155,     42.8312,    252.6173,     63.5737,      3.4953,      0.1973,      0.1629,     97.7196,      0.2073,      5.6733,     11.3465,      1.8316,     29.5287,     59.0575,      0.0195,      0.0047,      0.2500,      0.2119,   7985.8823,-506015.7812,   -940.3602,    554.0491,  26619.6094,
       1,     170,     246,      13,       1,       3,       1,     10.0000,      1.4155,     42.8312,    252.6173,     63.5737,      3.4953,      0.1979,      0.1631,    109.5163,      0.2221,      5.6733,     11.3465,      1.9622,     29.5287,     59.0575,      0.0195,      0.0053,      0.2497,      0.2118,   7985.8833,-545245.2500,   -948.9264,    551.3425,  26619.6055,
       1,     170,     246,      14,       1,       3,       1,     10.0000,      1.4155,     42.8312,    252.6173,     63.5737,      3.4953,      0.1990,      0.1638,    123.2403,      0.2339,      5.6733,     11.3465,      2.0668,     29.5287,     59.0575,      0.0195,      0.0060,      0.2498,      0.2118,   7985.8818,-562727.1250,   -953.3325,    550.1443,  26619.6055,
       1,     170,     246,      15,       1,       3,       1,     10.0000,      1.4155,     42.8312,    252.6173,     63.5737,      3.4953,      0.1844,      0.1496,     95.6958,      0.2201,      5.6733,     11.3465,      1.9450,     29.5287,     59.0575,      0.0195,      0.0050,      0.2317,      0.2118,   7985.8818,-580698.9375,   -957.8368,    548.9097,  26619.6094,
       1,     170,     246,      16,       1,       3,       1,     10.0000,      1.4155,     42.8312,    252.6173,     63.5737,      3.4953,      0.0892,      0.0557,     14.0786,      0.1758,      5.6733,     11.3465,      1.5535,     29.5287,     59.0575,      0.0195,      0.0016,      0.1043,      0.2117,   7985.8833,-549052.7500,   -946.4886,    551.0825,  26619.6094,
       1,     170,     246,      17,       1,       3,       1,     10.0000,      1.4155,     42.8312,    252.6173,     63.5737,      3.4953,      0.0635,      0.0305,      3.9265,      0.1631,      5.6733,     11.3465,      1.4413,     29.5287,     59.0575,      0.0195,      0.0007,      0.0691,      0.2118,   7985.8833,-448236.0938,   -927.8098,    558.0316,  26619.6074,
       1,     170,     246,      18,       1,       3,       1,     10.0000,      1.4155,     42.8312,    252.6173,     63.5737,      3.4953,      0.1290,      0.0958,     14.6483,      0.1679,      5.6733,     11.3465,      1.4838,     29.5287,     59.0575,      0.0195,      0.0011,      0.1612,      0.2119,   7985.8823,-427735.0625,   -924.0581,    559.5056,  26619.6094,
       1,     170,     246,      19,       1,       3,       1,     10.0000,      1.4155,     42.8312,    252.6173,     63.5737,      3.4953,      0.1275,      0.0941,     17.7342,      0.1744,      5.6733,     11.3465,      1.5412,     29.5287,     59.0575,      0.0195,      0.0013,      0.1588,      0.2119,   7985.8833,-438840.5625,   -926.5029,    558.7308,  26619.6074,
       1,     170,     246,      20,       1,       3,       1,     10.0000,      1.4155,     42.8312,    252.6173,     63.5737,      3.4953,      0.0237,     -0.0096,      1.2838,      0.1693,      5.6733,     11.3465,      1.4957,     29.5287,     59.0575,      0.0195,      0.0013,      0.0123,      0.2119,   7985.8823,-443478.5000,   -927.7446,    558.4075,  26619.6094,
       1,     170,     246,      21,       1,       3,       1,     10.0000,      1.4155,     42.8312,    252.6173,     63.5737,      3.4953,      0.0000,     -0.0331,      1.4134,      0.1664,      5.6733,     11.3465,      1.4705,     29.5287,     59.0575,      0.0195,      0.0011,      0.0156,      0.2119,   7985.8833,-424110.4375,   -924.1783,    559.7595,  26619.6094,
       1,     170,     246,      22,       1,       3,       1,     10.0000,      1.4155,     42.8312,    252.6173,     63.5737,      3.4953,      0.0000,     -0.0331,      1.1479,      0.1657,      5.6733,     11.3465,      1.4646,     29.5287,     59.0575,      0.0195,      0.0009,      0.0156,      0.2119,   7985.8833,-422644.3750,   -923.9731,    559.8636,  26619.6074,
       1,     170,     246,      23,       1,       3,       1,     10.0000,      1.4155,     42.8312,    252.6173,     63.5737,      3.4953,      0.0000,     -0.0331,      1.0534,      0.1639,      5.6733,     11.3465,      1.4485,     29.5287,     59.0575,      0.0195,      0.0008,      0.0156,      0.2119,   7985.8823,-422200.8438,   -910.3803,    559.8947,  26619.6074,
       1,     170,     246,      24,       1,       3,       1,     10.0000,      1.4155,     42.8312,    252.6173,     63.5737,      3.4953,      0.0000,     -0.0327,      0.4330,      0.1547,      5.6733,     11.3465,      1.3666,     29.5287,     59.0575,      0.0195,      0.0003,      0.0156,      0.2119,   7985.8823,-422050.0312,   -910.3350,    559.9053,  26619.6074,
       1,     170,     247,       1,       1,       3,       1,     10.0000,      1.4155,     42.8315,    252.6232,     63.5753,      3.4953,      0.0000,     -0.0325,      0.3623,      0.1488,      5.6747,     11.3493,      1.3153,     29.5292,     59.0584,      0.0195,      0.0003,      0.0156,      0.2119,   7985.8823,-421448.1562,   -910.4957,    559.9607,  26620.7988,
       1,     170,     247,       2,       1,       3,       1,     10.0000,      1.4155,     42.8315,    252.6232,     63.5753,      3.4953,      0.0000,     -0.0325,      0.3594,      0.1478,      5.6747,     11.3493,      1.3061,     29.5292,     59.0584,      0.0195,      0.0003,      0.0156,      0.2119,   7986.2397,-421159.9688,   -910.1891,    559.9809,  26620.8008,
       1,     170,     247,       3,       1,       3,       1,     10.0000,      1.4155,     42.8315,    252.6232,     63.5753,      3.4953,      0.0000,     -0.0323,      0.3467,      0.1432,      5.6747,     11.3493,      1.2658,     29.5292,     59.0584,      0.0195,      0.0003,      0.0156,      0.2119,   7986.2407,-421132.0000,   -910.1854,    559.9828,  26620.7988,
       1,     170,     247,       4,       1,       3,       1,     10.0000,      1.4155,     42.8315,    252.6232,     63.5753,      3.4953,      0.0000,     -0.0323,      0.3483,      0.1438,      5.6747,     11.3493,      1.2709,     29.5292,     59.0584,      0.0195,      0.0003,      0.0156,      0.2119,   7986.2397,-421114.7500,   -910.0846,    559.9841,  26620.7969,
       1,     170,     247,       5,       1,       3,       1,     10.0000,      1.4155,     42.8315,    252.6232,     63.5753,      3.4953,      0.0000,     -0.0324,      0.3491,      0.1441,      5.6747,     11.3493,      1.2735,     29.5292,     59.0584,      0.0195,      0.0003,      0.0156,      0.2119,   7986.2393,-421115.3125,   -910.0869,    559.9840,  26620.7988,
       1,     170,     247,       6,       1,       3,       1,     10.0000,      1.4155,     42.8315,    252.6232,     63.5753,      3.4953,      0.0000,     -0.0325,      0.3569,      0.1469,      5.6747,     11.3493,      1.2982,     29.5292,     59.0584,      0.0195,      0.0003,      0.0156,      0.2119,   7986.2397,-421116.1875,   -910.0887,    559.9839,  26620.8008,
       1,     170,     247,       7,       1,       3,       1,     10.0000,      1.4155,     42.8315,    252.6232,     63.5753,      3.4953,      0.0000,     -0.0325,      0.3598,      0.1480,      5.6747,     11.3493,      1.3074,     29.5292,     59.0584,      0.0195,      0.0003,      0.0156,      0.2119,   7986.2407,-421125.3750,   -910.0918,    559.9833,  26620.8008,
       1,     170,     247,       8,       1,       3,       1,     10.0000,      1.4155,     42.8315,    252.6232,     63.5753,      3.4953,      0.0027,     -0.0298,      0.3540,      0.1459,      5.6747,     11.3493,      1.2890,     29.5292,     59.0584,      0.0195,      0.0003,      0.0156,      0.2119,   7986.2407,-421129.5625,   -910.0946,    559.9830,  26620.8008,
       1,     170,     247,       9,       1,       3,       1,     10.0000,      1.4155,     42.8315,    252.6232,     63.5753,      3.4953,      0.0160,     -0.0163,      0.0591,      0.1443,      5.6747,     11.3493,      1.2748,     29.5292,     59.0584,      0.0195,      0.0003,      0.0026,      0.2119,   7986.2407,-421123.0938,   -910.1018,    559.9835,  26620.7988,
       1,     170,     247,      10,       1,       3,       1,     10.0000,      1.4155,     42.8315,    252.6232,     63.5753,      3.4953,      0.0615,      0.0290,      1.5538,      0.1487,      5.6747,     11.3493,      1.3140,     29.5292,     59.0584,      0.0195,      0.0003,      0.0670,      0.2119,   7986.2397,-420768.7500,   -910.0778,    560.0083,  26620.7988,
       1,     170,     247,      11,       1,       3,       1,     10.0000,      1.4155,     42.8315,    252.6232,     63.5753,      3.4953,      0.0725,      0.0400,      2.8770,      0.1475,      5.6747,     11.3493,      1.3034,     29.5292,     59.0584,      0.0195,      0.0004,      0.0825,      0.2119,   7986.2397,-422533.1875,   -910.7024,    559.8848,  26620.7988,
       1,     170,     247,      12,       1,       3,       1,     10.0000,      1.4155,     42.8315,    252.6232,     63.5753,      3.4953,      0.0784,      0.0460,      4.2939,      0.1451,      5.6747,     11.3493,      1.2825,     29.5292,     59.0584,      0.0195,      0.0006,      0.0908,      0.2119,   7986.2397,-424270.0312,   -910.9329,    559.7632,  26620.7988,
       1,     170,     247,      13,       1,       3,       1,     10.0000,      1.4155,     42.8315,    252.6232,     63.5753,      3.4953,      0.0996,      0.0674,      3.8352,      0.1407,      5.6747,     11.3493,      1.2430,     29.5292,     59.0584,      0.0195,      0.0004,      0.1211,      0.2119,   7986.2397,-426116.9688,   -911.2797,    559.6340,  26620.7988,
       1,     170,     247,      14,       1,       3,       1,     10.0000,      1.4155,     42.8315,    252.6232,     63.5753,      3.4953,      0.0592,      0.0272,      1.3237,      0.1343,      5.6747,     11.3493,      1.1863,     29.5292,     59.0584,      0.0195,      0.0002,      0.0641,      0.2119,   7986.2397,-425721.4375,   -911.2147,    559.6617,  26620.7988,
       1,     170,     247,      15,       1,       3,       1,     10.0000,      1.4155,     42.8315,    252.6232,     63.5753,      3.4953,      0.1437,      0.1115,      4.5021,      0.1404,      5.6747,     11.3493,      1.2405,     29.5292,     59.0584,      0.0195,      0.0003,      0.1836,      0.2119,   7986.2397,-422673.0625,   -910.8714,    559.8750,  26620.7988,
       1,     170,     247,      16,       1,       3,       1,     10.0000,      1.4155,     42.8315,    252.6232,     63.5753,      3.4953,      0.1691,      0.1363,     17.0164,      0.1557,      5.6747,     11.3493,      1.3763,     29.5292,     59.0584,      0.0195,      0.0009,      0.2182,      0.2119,   7986.2397,-426232.6562,   -912.1426,    559.6259,  26620.7988,
       1,     170,     247,      17,       1,       3,       1,     10.0000,      1.4155,     42.8315,    252.6232,     63.5753,      3.4953,      0.1627,      0.1298,     24.1938,      0.1610,      5.6747,     11.3493,      1.4227,     29.5292,     59.0584,      0.0195,      0.0014,      0.2084,      0.2119,   7986.2397,-441555.8750,   -915.8886,    558.5540,  26620.8008,
       1,     170,     247,      18,       1,       3,       1,     10.0000,      1.4155,     42.8315,    252.6232,     63.5753,      3.4953,      0.1331,      0.1001,     19.3160,      0.1641,      5.6747,     11.3493,      1.4500,     29.5292,     59.0584,      0.0195,      0.0014,      0.1667,      0.2119,   7986.2407,-451464.0625,   -918.6247,    557.8632,  26620.7988,
       1,     170,     247,      19,       1,       3,       1,     10.0000,      1.4155,     42.8315,    252.6232,     63.5753,      3.4953,      0.0415,      0.0087,      3.7259,      0.1568,      5.6747,     11.3493,      1.3860,     29.5292,     59.0584,      0.0195,      0.0012,      0.0380,      0.2119,   7986.2397,-446437.5625,   -918.4095,    558.2142,  26620.7988,
       1,     170,     247,      20,       1,       3,       1,     10.0000,      1.4155,     42.8315,    252.6232,     63.5753,      3.4953,      0.0086,     -0.0240,      1.1107,      0.1516,      5.6747,     11.3493,      1.3394,     29.5292,     59.0584,      0.0195,      0.0009,      0.0156,      0.2119,   7986.2397,-427293.3750,   -915.1331,    559.5501,  26620.7988,
       1,     170,     247,      21,       1,       3,       1,     10.0000,      1.4155,     42.8315,    252.6232,     63.5753,      3.4953,      0.0000,     -0.0326,      0.9185,      0.1498,      5.6747,     11.3493,      1.3233,     29.5292,     59.0584,      0.0195,      0.0007,      0.0156,      0.2119,   7986.2397,-422551.2500,   -914.3595,    559.8834,  26620.7988,
       1,     170,     247,      22,       1,       3,       1,     10.0000,      1.4155,     42.8315,    252.6232,     63.5753,      3.4953,      0.0000,     -0.0326,      1.0493,      0.1502,      5.6747,     11.3493,      1.3273,     29.5292,     59.0584,      0.0195,      0.0008,      0.0156,      0.2119,   7986.2397,-421920.5312,   -914.3010,    559.9277,  26620.7988,
       1,     170,     247,      23,       1,       3,       1,     10.0000,      1.4155,     42.8315,    252.6232,     63.5753,      3.4953,      0.0000,     -0.0324,      0.7346,      0.1456,      5.6747,     11.3493,      1.2864,     29.5292,     59.0584,      0.0195,      0.0006,      0.0156,      0.2119,   7986.2397,-422024.4062,   -914.3889,    559.9203,  26620.7988,
       1,     170,     247,      24,       1,       3,       1,     10.0000,      1.4155,     42.8315,    252.6232,     63.5753,      3.4953,      0.0000,     -0.0323,      0.6855,      0.1432,      5.6747,     11.3493,      1.2658,     29.5292,     59.0584,      0.0195,      0.0005,      0.0156,      0.2119,   7986.2397,-421655.3438,   -914.3608,    559.9462,  26620.7969,
       1,     170,     248,       1,       1,       3,       1,     10.0000,      1.4156,     42.8318,    252.6292,     63.5768,      3.4953,      0.0000,     -0.0321,      0.6460,      0.1387,      5.6747,     11.3495,      1.2255,     29.5147,     59.0294,      0.0195,      0.0005,      0.0156,      0.2120,   7986.2393,-421721.2812,   -914.6743,    559.9549,  26621.9941,
       1,     170,     248,       2,       1,       3,       1,     10.0000,      1.4156,     42.8318,    252.6292,     63.5768,      3.4953,      0.0000,     -0.0320,      0.5356,      0.1344,      5.6747,     11.3495,      1.1876,     29.5147,     59.0294,      0.0195,      0.0004,      0.0156,      0.2120,   7986.5986,-421526.2188,   -914.4133,    559.9686,  26621.9922,
       1,     170,     248,       3,       1,       3,       1,     10.0000,      1.4156,     42.8318,    252.6292,     63.5768,      3.4953,      0.0000,     -0.0319,      0.3606,      0.1329,      5.6747,     11.3495,      1.1744,     29.5147,     59.0294,      0.0195,      0.0003,      0.0156,      0.2120,   7986.5981,-421377.4688,   -914.4105,    559.9789,  26621.9902,
       1,     170,     248,       4,       1,       3,       1,     10.0000,      1.4156,     42.8318,    252.6292,     63.5768,      3.4953,      0.0000,     -0.0321,      0.3329,      0.1383,      5.6747,     11.3495,      1.2218,     29.5147,     59.0294,      0.0195,      0.0003,      0.0156,      0.2120,   7986.5972,-421155.1250,   -914.3753,    559.9946,  26621.9922,
       1,     170,     248,       5,       1,       3,       1,     10.0000,      1.4156,     42.8318,    252.6292,     63.5768,      3.4953,      0.0000,     -0.0323,      0.3682,      0.1417,      5.6747,     11.3495,      1.2518,     29.5147,     59.0294,      0.0195,      0.0003,      0.0156,      0.2120,   7986.5981,-421103.0000,   -914.3670,    559.9982,  26621.9922,
       1,     170,     248,       6,       1,       3,       1,     10.0000,      1.4156,     42.8318,    252.6292,     63.5768,      3.4953,      0.0000,     -0.0321,      0.3314,      0.1377,      5.6747,     11.3495,      1.2168,     29.5147,     59.0294,      0.0195,      0.0003,      0.0156,      0.2120,   7986.5981,-421141.0000,   -914.3782,    559.9955,  26621.9902,
       1,     170,     248,       7,       1,       3,       1,     10.0000,      1.4156,     42.8318,    252.6292,     63.5768,      3.4953,      0.0000,     -0.0320,      0.3242,      0.1351,      5.6747,     11.3495,      1.1936,     29.5147,     59.0294,      0.0195,      0.0003,      0.0156,      0.2120,   7986.5972,-421100.1562,   -914.3731,    559.9984,  26621.9922,
       1,     170,     248,       8,       1,       3,       1,     10.0000,      1.4156,     42.8318,    252.6292,     63.5768,      3.4953,      0.0066,     -0.0254,      0.4574,      0.1358,      5.6747,     11.3495,      1.1997,     29.5147,     59.0294,      0.0195,      0.0004,      0.0156,      0.2120,   7986.5981,-421087.9062,   -914.3719,    559.9993,  26621.9902,
       1,     170,     248,       9,       1,       3,       1,     10.0000,      1.4156,     42.8318,    252.6292,     63.5768,      3.4953,      0.0989,      0.0664,      9.3717,      0.1463,      5.6747,     11.3495,      1.2930,     29.5147,     59.0294,      0.0195,      0.0009,      0.1193,      0.2120,   7986.5972,-421246.8438,   -914.4298,    559.9882,  26621.9922,
       1,     170,     248,      10,       1,       3,       1,     10.0000,      1.4156,     42.8318,    252.6292,     63.5768,      3.4953,      0.1335,      0.1006,     19.1693,      0.1581,      5.6747,     11.3495,      1.3972,     29.5147,     59.0294,      0.0195,      0.0014,      0.1672,      0.2120,   7986.5981,-431960.1875,   -916.7664,    559.2382,  26621.9941,
       1,     170,     248,      11,       1,       3,       1,     10.0000,      1.4156,     42.8318,    252.6292,     63.5768,      3.4953,      0.1839,      0.1502,     51.8518,      0.1833,      5.6747,     11.3495,      1.6200,     29.5147,     59.0294,      0.0195,      0.0027,      0.2356,      0.2120,   7986.5986,-444623.4062,   -919.7170,    558.3535,  26621.9922,
       1,     170,     248,      12,       1,       3,       1,     10.0000,      1.4156,     42.8318,    252.6292,     63.5768,      3.4953,      0.1957,      0.1615,     75.1960,      0.1979,      5.6747,     11.3495,      1.7486,     29.5147,     59.0294,      0.0195,      0.0036,      0.2500,      0.2120,   7986.5981,-484930.7812,   -928.5432,    555.5409,  26621.9922,
       1,     170,     248,      13,       1,       3,       1,     10.0000,      1.4156,     42.8318,    252.6292,     63.5768,      3.4953,      0.1980,      0.1634,    107.1445,      0.2154,      5.6747,     11.3495,      1.9034,     29.5147,     59.0294,      0.0195,      0.0052,      0.2500,      0.2119,   7986.5981,-516376.9062,   -934.0382,    553.3643,  26621.9941,
       1,     170,     248,      14,       1,       3,       1,     10.0000,      1.4156,     42.8318,    252.6292,     63.5768,      3.4953,      0.1996,      0.1645,    128.6106,      0.2314,      5.6747,     11.3495,      2.0448,     29.5147,     59.0294,      0.0195,      0.0062,      0.2500,      0.2119,   7986.5986,-557416.8125,   -944.1809,    550.5298,  26621.9941,
       1,     170,     248,      15,       1,       3,       1,     10.0000,      1.4156,     42.8318,    252.6292,     63.5768,      3.4953,      0.1992,      0.1642,    123.3086,      0.2262,      5.6747,     11.3495,      1.9992,     29.5147,     59.0294,      0.0195,      0.0060,      0.2500,      0.2118,   7986.5986,-586688.3750,   -952.1783,    548.5227,  26621.9922,
       1,     170,     248,      16,       1,       3,       1,     10.0000,      1.4156,     42.8318,    252.6292,     63.5768,      3.4953,      0.1938,      0.1596,     97.6711,      0.2004,      5.6747,     11.3495,      1.7712,     29.5147,     59.0294,      0.0195,      0.0048,      0.2448,      0.2118,   7986.5981,-582760.1875,   -942.6439,    548.7957,  26621.9375,
       1,     170,     248,      17,       1,       3,       1,     10.0000,      1.4156,     42.8318,    252.6292,     63.5768,      3.4953,      0.0775,      0.0464,      3.2083,      0.1132,      5.6747,     11.3495,      1.0004,     29.5147,     59.0294,      0.0195,      0.0004,      0.0905,      0.2118,   7986.5815,-551582.3750,   -936.2397,    550.9346,  26621.7812,
       1,     170,     248,      18,       1,       3,       1,     10.0000,      1.4156,     42.8318,    252.6292,     63.5768,      3.4953,      0.0379,      0.0066,      1.9291,      0.1167,      5.6747,     11.3495,      1.0316,     29.5147,     59.0294,      0.0195,      0.0007,      0.0347,      0.2118,   7986.5347,-435393.6562,   -912.9542,    558.9403,  26621.9688,
       1,     170,     248,      19,       1,       3,       1,     10.0000,      1.4156,     42.8318,    252.6292,     63.5768,      3.4953,      0.0282,     -0.0030,      0.5786,      0.1159,      5.6747,     11.3495,      1.0243,     29.5147,     59.0294,      0.0195,      0.0003,      0.0212,      0.2120,   7986.5908,-424286.5625,   -910.8429,    559.7748,  26621.9922,
       1,     170,     248,      20,       1,       3,       1,     10.0000,      1.4156,     42.8318,    252.6292,     63.5768,      3.4953,      0.0125,     -0.0188,      0.3036,      0.1189,      5.6747,     11.3495,      1.0508,     29.5147,     59.0294,      0.0195,      0.0002,      0.0156,      0.2120,   7986.5981,-421661.6562,   -910.4561,    559.9590,  26621.9922,
       1,     170,     248,      21,       1,       3,       1,     10.0000,      1.4156,     42.8318,    252.6292,     63.5768,      3.4953,      0.0000,     -0.0314,      0.3199,      0.1205,      5.6747,     11.3495,      1.0649,     29.5147,     59.0294,      0.0195,      0.0002,      0.0156,      0.2120,   7986.5981,-421110.4375,   -910.1273,    559.9976,  26621.9922,
       1,     170,     248,      22,       1,       3,       1,     10.0000,      1.4156,     42.8318,    252.6292,     63.5768,      3.4953,      0.0000,     -0.0316,      0.3561,      0.1248,      5.6747,     11.3495,      1.1025,     29.5147,     59.0294,      0.0195,      0.0003,      0.0156,      0.2120,   7986.5981,-421083.6250,   -910.1286,    559.9995,  26621.9922,
       1,     170,     248,      23,       1,       3,       1,     10.0000,      1.4156,     42.8318,    252.6292,     63.5768,      3.4953,      0.0000,     -0.0316,      0.5729,      0.1249,      5.6747,     11.3495,      1.1037,     29.5147,     59.0294,      0.0195,      0.0004,      0.0156,      0.2120,   7986.5981,-421124.9062,   -910.1456,    559.9966,  26621.9922,
       1,     170,     248,      24,       1,       3,       1,     10.0000,      1.4156,     42.8318,    252.6292,     63.5768,      3.4953,      0.0000,     -0.0314,      0.2822,      0.1197,      5.6747,     11.3495,      1.0573,     29.5147,     59.0294,      0.0195,      0.0002,      0.0156,      0.2120,   7986.5981,-421388.4062,   -910.2318,    559.9781,  26621.9902,
       1,     170,     249,       1,       1,       3,       1,     10.0000,      1.4156,     42.8322,    252.6351,     63.5783,      3.4953,      0.0000,     -0.0317,      0.3041,      0.1277,      5.6745,     11.3490,      1.1287,     29.5132,     59.0263,      0.0195,      0.0002,      0.0156,      0.2120,   7986.5972,-421217.5312,   -910.4642,    560.0034,  26623.1855,
       1,     170,     249,       2,       1,       3,       1,     10.0000,      1.4156,     42.8322,    252.6351,     63.5783,      3.4953,      0.0000,     -0.0317,      0.3055,      0.1283,      5.6745,     11.3490,      1.1333,     29.5132,     59.0263,      0.0195,      0.0002,      0.0156,      0.2120,   7986.9561,-421076.4688,   -910.1831,    560.0132,  26623.1836,
       1,     170,     249,       3,       1,       3,       1,     10.0000,      1.4156,     42.8322,    252.6351,     63.5783,      3.4953,      0.0000,     -0.0317,      0.3055,      0.1283,      5.6745,     11.3490,      1.1333,     29.5132,     59.0263,      0.0195,      0.0002,      0.0156,      0.2120,   7986.9556,-421066.6250,   -910.1832,    560.0139,  26623.1855,
       1,     170,     249,       4,       1,       3,       1,     10.0000,      1.4156,     42.8322,    252.6351,     63.5783,      3.4953,      0.0000,     -0.0318,      0.3095,      0.1297,      5.6745,     11.3490,      1.1461,     29.5132,     59.0263,      0.0195,      0.0002,      0.0156,      0.2120,   7986.9561,-421065.5000,   -910.1841,    560.0140,  26623.1836,
       1,     170,     249,       5,       1,       3,       1,     10.0000,      1.4156,     42.8322,    252.6351,     63.5783,      3.4953,      0.0000,     -0.0318,      0.3077,      0.1290,      5.6745,     11.3490,      1.1403,     29.5132,     59.0263,      0.0195,      0.0002,      0.0156,      0.2120,   7986.9556,-421070.3750,   -910.1865,    560.0137,  26623.1836,
       1,     170,     249,       6,       1,       3,       1,     10.0000,      1.4156,     42.8322,    252.6351,     63.5783,      3.4953,      0.0000,     -0.0317,      0.3041,      0.1277,      5.6745,     11.3490,      1.1287,     29.5132,     59.0263,      0.0195,      0.0002,      0.0156,      0.2120,   7986.9556,-421068.5938,   -910.1879,    560.0138,  26623.1836,
       1,     170,     249,       7,       1,       3,       1,     10.0000,      1.4156,     42.8322,    252.6351,     63.5783,      3.4953,      0.0000,     -0.0316,      0.2961,      0.1248,      5.6745,     11.3490,      1.1026,     29.5132,     59.0263,      0.0195,      0.0002,      0.0156,      0.2120,   7986.9556,-421064.1562,   -910.1887,    560.0141,  26623.1836,
       1,     170,     249,       8,       1,       3,       1,     10.0000,      1.4156,     42.8322,    252.6351,     63.5783,      3.4953,      0.0133,     -0.0184,      0.2995,      0.1261,      5.6745,     11.3490,      1.1139,     29.5132,     59.0263,      0.0195,      0.0002,      0.0156,      0.2120,   7986.9556,-421054.1562,   -910.1882,    560.0148,  26623.1836,
       1,     170,     249,       9,       1,       3,       1,     10.0000,      1.4156,     42.8322,    252.6351,     63.5783,      3.4953,      0.0949,      0.0630,      2.4311,      0.1329,      5.6745,     11.3490,      1.1744,     29.5132,     59.0263,      0.0195,      0.0003,      0.1147,      0.2120,   7986.9556,-421057.5000,   -910.2260,    560.0145,  26623.1855,
       1,     170,     249,      10,       1,       3,       1,     10.0000,      1.4156,     42.8322,    252.6351,     63.5783,      3.4953,      0.1650,      0.1322,     14.5591,      0.1551,      5.6745,     11.3490,      1.3708,     29.5132,     59.0263,      0.0195,      0.0008,      0.2127,      0.2120,   7986.9561,-423615.9375,   -910.9506,    559.8354,  26623.1816,
       1,     170,     249,      11,       1,       3,       1,     10.0000,      1.4156,     42.8322,    252.6351,     63.5783,      3.4953,      0.1928,      0.1591,     52.5826,      0.1839,      5.6745,     11.3490,      1.6249,     29.5132,     59.0263,      0.0195,      0.0026,      0.2483,      0.2120,   7986.9546,-438387.6250,   -914.5725,    558.8018,  26623.1836,
       1,     170,     249,      12,       1,       3,       1,     10.0000,      1.4156,     42.8322,    252.6351,     63.5783,      3.4953,      0.1965,      0.1622,     85.5389,      0.2002,      5.6745,     11.3490,      1.7695,     29.5132,     59.0263,      0.0195,      0.0041,      0.2500,      0.2120,   7986.9556,-485276.8750,   -925.1274,    555.5275,  26623.1816,
       1,     170,     249,      13,       1,       3,       1,     10.0000,      1.4156,     42.8322,    252.6351,     63.5783,      3.4953,      0.1993,      0.1644,    124.1436,      0.2221,      5.6745,     11.3490,      1.9624,     29.5132,     59.0263,      0.0195,      0.0060,      0.2500,      0.2119,   7986.9546,-528826.2500,   -935.5827,    552.5130,  26623.1836,
       1,     170,     249,      14,       1,       3,       1,     10.0000,      1.4156,     42.8322,    252.6351,     63.5783,      3.4953,      0.1992,      0.1643,    124.0542,      0.2260,      5.6745,     11.3490,      1.9973,     29.5132,     59.0263,      0.0195,      0.0060,      0.2500,      0.2119,   7986.9556,-578892.5625,   -947.9269,    549.0634,  26623.1816,
       1,     170,     249,      15,       1,       3,       1,     10.0000,      1.4156,     42.8322,    252.6351,     63.5783,      3.4953,      0.1992,      0.1642,    123.7018,      0.2280,      5.6745,     11.3490,      2.0150,     29.5132,     59.0263,      0.0195,      0.0060,      0.2500,      0.2118,   7986.9546,-582998.3125,   -951.1655,    548.7923,  26623.1836,
       1,     170,     249,      16,       1,       3,       1,     10.0000,      1.4156,     42.8322,    252.6351,     63.5783,      3.4953,      0.1922,      0.1579,     90.1260,      0.2024,      5.6745,     11.3490,      1.7888,     29.5132,     59.0263,      0.0195,      0.0045,      0.2434,      0.2118,   7986.9556,-582904.8125,   -953.1167,    548.7988,  26623.1836,
       1,     170,     249,      17,       1,       3,       1,     10.0000,      1.4156,     42.8322,    252.6351,     63.5783,      3.4953,      0.0237,     -0.0083,      0.8068,      0.1356,      5.6745,     11.3490,      1.1985,     29.5132,     59.0263,      0.0195,      0.0007,      0.0139,      0.2118,   7986.9556,-542497.8750,   -934.2948,    551.5707,  26622.9883,
       1,     170,     249,      18,       1,       3,       1,     10.0000,      1.4156,     42.8322,    252.6351,     63.5783,      3.4953,      0.0063,     -0.0252,      0.2923,      0.1234,      5.6745,     11.3490,      1.0902,     29.5132,     59.0263,      0.0195,      0.0002,      0.0156,      0.2119,   7986.8970,-431766.4062,   -912.2324,    559.2123,  26623.1680,
       1,     170,     249,      19,       1,       3,       1,     10.0000,      1.4156,     42.8322,    252.6351,     63.5783,      3.4953,      0.0060,     -0.0255,      0.2859,      0.1210,      5.6745,     11.3490,      1.0693,     29.5132,     59.0263,      0.0195,      0.0002,      0.0156,      0.2120,   7986.9507,-422013.1875,   -910.2690,    559.9471,  26623.1816,
       1,     170,     249,      20,       1,       3,       1,     10.0000,      1.4156,     42.8322,    252.6351,     63.5783,      3.4953,      0.0026,     -0.0289,      0.2889,      0.1221,      5.6745,     11.3490,      1.0792,     29.5132,     59.0263,      0.0195,      0.0002,      0.0156,      0.2120,   7986.9546,-421122.4375,   -910.0991,    560.0100,  26623.1816,
       1,     170,     249,      21,       1,       3,       1,     10.0000,      1.4156,     42.8322,    252.6351,     63.5783,      3.4953,      0.0000,     -0.0315,      0.2859,      0.1210,      5.6745,     11.3490,      1.0693,     29.5132,     59.0263,      0.0195,      0.0002,      0.0156,      0.2120,   7986.9546,-421050.6562,   -910.0807,    560.0151,  26623.1855,
       1,     170,     249,      22,       1,       3,       1,     10.0000,      1.4156,     42.8322,    252.6351,     63.5783,      3.4953,      0.0000,     -0.0314,      0.2856,      0.1209,      5.6745,     11.3490,      1.0682,     29.5132,     59.0263,      0.0195,      0.0002,      0.0156,      0.2120,   7986.9561,-421040.5625,   -910.0794,    560.0157,  26623.1836,
       1,     170,     249,      23,       1,       3,       1,     10.0000,      1.4156,     42.8322,    252.6351,     63.5783,      3.4953,      0.0000,     -0.0316,      0.2964,      0.1249,      5.6745,     11.3490,      1.1037,     29.5132,     59.0263,      0.0195,      0.0002,      0.0156,      0.2120,   7986.9556,-421039.5938,   -910.0811,    560.0158,  26623.1836,
       1,     170,     249,      24,       1,       3,       1,     10.0000,      1.4156,     42.8322,    252.6351,     63.5783,      3.4953,      0.0000,     -0.0317,      0.3002,      0.1263,      5.6745,     11.3490,      1.1161,     29.5132,     59.0263,      0.0195,      0.0002,      0.0156,      0.2120,   7986.9556,-421052.5000,   -910.0848,    560.0149,  26623.1836,
       1,     170,     250,       1,       1,       3,       1,     10.0000,      1.4156,     42.8325,    252.6411,     63.5798,      3.4953,      0.0000,     -0.0316,      0.2978,      0.1254,      5.6744,     11.3487,      1.1082,     29.5097,     59.0194,      0.0195,      0.0002,      0.0156,      0.2120,   7986.9556,-421213.3438,   -910.3763,    560.0168,  26624.3691,
       1,     170,     250,       2,       1,       3,       1,     10.0000,      1.4156,     42.8325,    252.6411,     63.5798,      3.4953,      0.0000,     -0.0316,      0.2992,      0.1259,      5.6744,     11.3487,      1.1128,     29.5097,     59.0194,      0.0195,      0.0002,      0.0156,      0.2120,   7987.3110,-421072.0938,   -910.0980,    560.0268,  26624.3711,
       1,     170,     250,       3,       1,       3,       1,     10.0000,      1.4156,     42.8325,    252.6411,     63.5798,      3.4953,      0.0000,     -0.0316,      0.2930,      0.1236,      5.6744,     11.3487,      1.0925,     29.5097,     59.0194,      0.0195,      0.0002,      0.0156,      0.2120,   7987.3115,-421061.5938,   -910.0969,    560.0275,  26624.3730,
       1,     170,     250,       4,       1,       3,       1,     10.0000,      1.4156,     42.8325,    252.6411,     63.5798,      3.4953,      0.0000,     -0.0316,      0.2927,      0.1235,      5.6744,     11.3487,      1.0914,     29.5097,     59.0194,      0.0195,      0.0002,      0.0156,      0.2120,   7987.3120,-421053.2188,   -910.0966,    560.0281,  26624.3730,
       1,     170,     250,       5,       1,       3,       1,     10.0000,      1.4156,     42.8325,    252.6411,     63.5798,      3.4953,      0.0000,     -0.0316,      0.2944,      0.1241,      5.6744,     11.3487,      1.0970,     29.5097,     59.0194,      0.0195,      0.0002,      0.0156,      0.2120,   7987.3120,-421052.0312,   -910.0977,    560.0282,  26624.3730,
       1,     170,     250,       6,       1,       3,       1,     10.0000,      1.4156,     42.8325,    252.6411,     63.5798,      3.4953,      0.0000,     -0.0315,      0.2899,      0.1225,      5.6744,     11.3487,      1.0825,     29.5097,     59.0194,      0.0195,      0.0002,      0.0156,      0.2120,   7987.3120,-421053.9688,   -910.0994,    560.0280,  26624.3711,
       1,     170,     250,       7,       1,       3,       1,     10.0000,      1.4156,     42.8325,    252.6411,     63.5798,      3.4953,      0.0000,     -0.0315,      0.2906,      0.1228,      5.6744,     11.3487,      1.0847,     29.5097,     59.0194,      0.0195,      0.0002,      0.0156,      0.2120,   7987.3115,-421049.0625,   -910.1000,    560.0284,  26624.3711,
       1,     170,     250,       8,       1,       3,       1,     10.0000,      1.4156,     42.8325,    252.6411,     63.5798,      3.4953,      0.0158,     -0.0158,      0.0618,      0.1262,      5.6744,     11.3487,      1.1150,     29.5097,     59.0194,      0.0195,      0.0002,      0.0032,      0.2120,   7987.3115,-421049.4375,   -910.1015,    560.0284,  26624.3750,
       1,     170,     250,       9,       1,       3,       1,     10.0000,      1.4156,     42.8325,    252.6411,     63.5798,      3.4953,      0.1162,      0.0842,      2.9999,      0.1348,      5.6744,     11.3487,      1.1912,     29.5097,     59.0194,      0.0195,      0.0003,      0.1447,      0.2120,   7987.3130,-420774.2812,   -910.1087,    560.0475,  26624.3730,
       1,     170,     250,      10,       1,       3,       1,     10.0000,      1.4156,     42.8325,    252.6411,     63.5798,      3.4953,      0.1539,      0.1216,      7.9484,      0.1437,      5.6744,     11.3487,      1.2697,     29.5097,     59.0194,      0.0195,      0.0005,      0.1977,      0.2120,   7987.3120,-424277.5312,   -911.2545,    559.8024,  26624.3730,
       1,     170,     250,      11,       1,       3,       1,     10.0000,      1.4156,     42.8325,    252.6411,     63.5798,      3.4953,      0.1931,      0.1600,     39.4365,      0.1664,      5.6744,     11.3487,      1.4706,     29.5097,     59.0194,      0.0195,      0.0019,      0.2500,      0.2120,   7987.3120,-430510.5000,   -913.1921,    559.3663,  26624.3730,
       1,     170,     250,      12,       1,       3,       1,     10.0000,      1.4156,     42.8325,    252.6411,     63.5798,      3.4953,      0.1868,      0.1530,     60.1851,      0.1866,      5.6744,     11.3487,      1.6493,     29.5097,     59.0194,      0.0195,      0.0030,      0.2388,      0.2120,   7987.3120,-468826.5000,   -921.9337,    556.6874,  26624.3730,
       1,     170,     250,      13,       1,       3,       1,     10.0000,      1.4156,     42.8325,    252.6411,     63.5798,      3.4953,      0.1980,      0.1638,    104.6143,      0.1997,      5.6744,     11.3487,      1.7643,     29.5097,     59.0194,      0.0195,      0.0050,      0.2500,      0.2120,   7987.3120,-496975.3125,   -928.8889,    554.7349,  26624.3730,
       1,     170,     250,      14,       1,       3,       1,     10.0000,      1.4156,     42.8325,    252.6411,     63.5798,      3.4953,      0.1985,      0.1637,    127.3780,      0.2197,      5.6744,     11.3487,      1.9413,     29.5097,     59.0194,      0.0195,      0.0062,      0.2484,      0.2120,   7987.3120,-552712.2500,   -941.5789,    550.8735,  26624.3730,
       1,     170,     250,      15,       1,       3,       1,     10.0000,      1.4156,     42.8325,    252.6411,     63.5798,      3.4953,      0.1879,      0.1530,    129.3070,      0.2227,      5.6744,     11.3487,      1.9682,     29.5097,     59.0194,      0.0195,      0.0067,      0.2330,      0.2119,   7987.3120,-584785.6250,   -950.0769,    548.6783,  26624.3730,
       1,     170,     250,      16,       1,       3,       1,     10.0000,      1.4156,     42.8325,    252.6411,     63.5798,      3.4953,      0.1186,      0.0861,     17.8146,      0.1493,      5.6744,     11.3487,      1.3194,     29.5097,     59.0194,      0.0195,      0.0015,      0.1463,      0.2118,   7987.3120,-589787.5000,   -951.3085,    548.3397,  26624.3730,
       1,     170,     250,      17,       1,       3,       1,     10.0000,      1.4156,     42.8325,    252.6411,     63.5798,      3.4953,      0.0474,      0.0153,      1.7536,      0.1358,      5.6744,     11.3487,      1.1997,     29.5097,     59.0194,      0.0195,      0.0004,      0.0473,      0.2118,   7987.3120,-456051.0000,   -916.9973,    557.5064,  26624.3184,
       1,     170,     250,      18,       1,       3,       1,     10.0000,      1.4156,     42.8325,    252.6411,     63.5798,      3.4953,      0.1211,      0.0888,      3.3221,      0.1415,      5.6744,     11.3487,      1.2506,     29.5097,     59.0194,      0.0195,      0.0003,      0.1516,      0.2120,   7987.2959,-425833.2812,   -911.1504,    559.6893,  26624.3750,
       1,     170,     250,      19,       1,       3,       1,     10.0000,      1.4156,     42.8325,    252.6411,     63.5798,      3.4953,      0.0932,      0.0609,      3.6416,      0.1431,      5.6744,     11.3487,      1.2646,     29.5097,     59.0194,      0.0195,      0.0004,      0.1119,      0.2120,   7987.3130,-425093.8750,   -911.6239,    559.7453,  26624.3730,
       1,     170,     250,      20,       1,       3,       1,     10.0000,      1.4156,     42.8325,    252.6411,     63.5798,      3.4953,      0.0154,     -0.0168,      0.0508,      0.1410,      5.6744,     11.3487,      1.2456,     29.5097,     59.0194,      0.0195,      0.0003,      0.0019,      0.2120,   7987.3120,-425410.4688,   -911.9886,    559.7231,  26624.3750,
       1,     170,     250,      21,       1,       3,       1,     10.0000,      1.4156,     42.8325,    252.6411,     63.5798,      3.4953,      0.0000,     -0.0321,      0.3280,      0.1365,      5.6744,     11.3487,      1.2058,     29.5097,     59.0194,      0.0195,      0.0003,      0.0156,      0.2120,   7987.3130,-421127.2188,   -911.2689,    560.0228,  26624.3730,
       1,     170,     250,      22,       1,       3,       1,     10.0000,      1.4156,     42.8325,    252.6411,     63.5798,      3.4953,      0.0000,     -0.0319,      0.3190,      0.1332,      5.6744,     11.3487,      1.1768,     29.5097,     59.0194,      0.0195,      0.0002,      0.0156,      0.2120,   7987.3120,-421100.7812,   -911.2665,    560.0247,  26624.3730,
       1,     170,     250,      23,       1,       3,       1,     10.0000,      1.4156,     42.8325,    252.6411,     63.5798,      3.4953,      0.0000,     -0.0319,      0.3164,      0.1322,      5.6744,     11.3487,      1.1685,     29.5097,     59.0194,      0.0195,      0.0002,      0.0156,      0.2120,   7987.3120,-421087.8125,   -911.2655,    560.0257,  26624.3750,
       1,     170,     250,      24,       1,       3,       1,     10.0000,      1.4156,     42.8325,    252.6411,     63.5798,      3.4953,      0.0000,     -0.0320,      0.3208,      0.1339,      5.6744,     11.3487,      1.1828,     29.5097,     59.0194,      0.0195,      0.0002,      0.0156,      0.2120,   7987.3130,-421082.9688,   -911.2656,    560.0259,  26624.3711,
       1,     170,     251,       1,       1,       3,       1,     10.0000,      1.4156,     42.8328,    252.6470,     63.5813,      3.4953,      0.0000,     -0.0319,      0.3175,      0.1326,      5.6746,     11.3493,      1.1721,     29.5102,     59.0205,      0.0195,      0.0002,      0.0156,      0.2121,   7987.3115,-421244.1250,   -911.5602,    560.0280,  26625.5645,
       1,     170,     251,       2,       1,       3,       1,     10.0000,      1.4156,     42.8328,    252.6470,     63.5813,      3.4953,      0.0000,     -0.0318,      0.3084,      0.1293,      5.6746,     11.3493,      1.1426,     29.5102,     59.0205,      0.0195,      0.0002,      0.0156,      0.2121,   7987.6694,-421101.0000,   -911.2784,    560.0379,  26625.5645,
       1,     170,     251,       3,       1,       3,       1,     10.0000,      1.4156,     42.8328,    252.6470,     63.5813,      3.4953,      0.0000,     -0.0318,      0.3088,      0.1294,      5.6746,     11.3493,      1.1438,     29.5102,     59.0205,      0.0195,      0.0002,      0.0156,      0.2121,   7987.6694,-421078.0938,   -911.2759,    560.0395,  26625.5645,
       1,     170,     251,       4,       1,       3,       1,     10.0000,      1.4156,     42.8328,    252.6470,     63.5813,      3.4953,      0.0000,     -0.0317,      0.3045,      0.1279,      5.6746,     11.3493,      1.1299,     29.5102,     59.0205,      0.0195,      0.0002,      0.0156,      0.2121,   7987.6694,-421076.6562,   -911.2771,    560.0396,  26625.5664,
       1,     170,     251,       5,       1,       3,       1,     10.0000,      1.4156,     42.8328,    252.6470,     63.5813,      3.4953,      0.0000,     -0.0318,      0.3070,      0.1288,      5.6746,     11.3493,      1.1380,     29.5102,     59.0205,      0.0195,      0.0002,      0.0156,      0.2121,   7987.6704,-421071.0625,   -911.2769,    560.0400,  26625.5664,
       1,     170,     251,       6,       1,       3,       1,     10.0000,      1.4156,     42.8328,    252.6470,     63.5813,      3.4953,      0.0000,     -0.0317,      0.3031,      0.1273,      5.6746,     11.3493,      1.1253,     29.5102,     59.0205,      0.0195,      0.0002,      0.0156,      0.2121,   7987.6704,-421073.5625,   -911.2786,    560.0399,  26625.5664,
       1,     170,     251,       7,       1,       3,       1,     10.0000,      1.4156,     42.8328,    252.6470,     63.5813,      3.4953,      0.0000,     -0.0317,      0.3041,      0.1277,      5.6746,     11.3493,      1.1288,     29.5102,     59.0205,      0.0195,      0.0002,      0.0156,      0.2121,   7987.6704,-421068.9688,   -911.2792,    560.0402,  26625.5645,
       1,     170,     251,       8,       1,       3,       1,     10.0000,      1.4156,     42.8328,    252.6470,     63.5813,      3.4953,      0.0050,     -0.0267,      0.2982,      0.1255,      5.6746,     11.3493,      1.1094,     29.5102,     59.0205,      0.0195,      0.0002,      0.0156,      0.2121,   7987.6694,-421070.2500,   -911.2816,    560.0401,  26625.5664,
       1,     170,     251,       9,       1,       3,       1,     10.0000,      1.4156,     42.8328,    252.6470,     63.5813,      3.4953,      0.0882,      0.0563,      2.1227,      0.1298,      5.6746,     11.3493,      1.1473,     29.5102,     59.0205,      0.0195,      0.0002,      0.1052,      0.2121,   7987.6704,-421062.8750,   -911.2929,    560.0406,  26625.5664,
       1,     170,     251,      10,       1,       3,       1,     10.0000,      1.4156,     42.8328,    252.6470,     63.5813,      3.4953,      0.1669,      0.1341,     26.4758,      0.1569,      5.6746,     11.3493,      1.3861,     29.5102,     59.0205,      0.0195,      0.0015,      0.2141,      0.2121,   7987.6704,-423251.5625,   -911.9998,    559.8874,  26625.5645,
       1,     170,     251,      11,       1,       3,       1,     10.0000,      1.4156,     42.8328,    252.6470,     63.5813,      3.4953,      0.1912,      0.1581,     33.3091,      0.1648,      5.6746,     11.3493,      1.4560,     29.5102,     59.0205,      0.0195,      0.0016,      0.2479,      0.2121,   7987.6694,-452658.0000,   -918.3914,    557.8293,  26625.5645,
       1,     170,     251,      12,       1,       3,       1,     10.0000,      1.4156,     42.8328,    252.6470,     63.5813,      3.4953,      0.1960,      0.1620,     78.9350,      0.1934,      5.6746,     11.3493,      1.7093,     29.5102,     59.0205,      0.0195,      0.0038,      0.2500,      0.2120,   7987.6694,-463339.8750,   -921.8790,    557.0883,  26625.5664,
       1,     170,     251,      13,       1,       3,       1,     10.0000,      1.4156,     42.8328,    252.6470,     63.5813,      3.4953,      0.1983,      0.1637,    110.5813,      0.2137,      5.6746,     11.3493,      1.8886,     29.5102,     59.0205,      0.0195,      0.0053,      0.2500,      0.2120,   7987.6704,-519011.9062,   -932.1795,    553.2120,  26625.5645,
       1,     170,     251,      14,       1,       3,       1,     10.0000,      1.4156,     42.8328,    252.6470,     63.5813,      3.4953,      0.1997,      0.1648,    128.6909,      0.2216,      5.6746,     11.3493,      1.9586,     29.5102,     59.0205,      0.0195,      0.0062,      0.2500,      0.2120,   7987.6694,-561741.9375,   -943.2388,    550.2706,  26625.5684,
       1,     170,     251,      15,       1,       3,       1,     10.0000,      1.4156,     42.8328,    252.6470,     63.5813,      3.4953,      0.1989,      0.1635,    152.7548,      0.2411,      5.6746,     11.3493,      2.1307,     29.5102,     59.0205,      0.0195,      0.0075,      0.2465,      0.2119,   7987.6709,-587100.6250,   -950.6866,    548.5342,  26625.5664,
       1,     170,     251,      16,       1,       3,       1,     10.0000,      1.4156,     42.8328,    252.6470,     63.5813,      3.4953,      0.1953,      0.1596,    173.4868,      0.2574,      5.6746,     11.3493,      2.2744,     29.5102,     59.0205,      0.0195,      0.0088,      0.2392,      0.2119,   7987.6704,-618170.9375,   -959.2455,    546.4066,  26625.5664,
       1,     170,     251,      17,       1,       3,       1,     10.0000,      1.4156,     42.8328,    252.6470,     63.5813,      3.4953,      0.1889,      0.1530,    182.8813,      0.2640,      5.6746,     11.3493,      2.3326,     29.5102,     59.0205,      0.0195,      0.0096,      0.2289,      0.2118,   7987.6704,-645737.2500,   -966.9733,    544.5278,  26625.5645,
       1,     170,     251,      18,       1,       3,       1,     10.0000,      1.4156,     42.8328,    252.6470,     63.5813,      3.4953,      0.1586,      0.1231,    120.3835,      0.2454,      5.6746,     11.3493,      2.1684,     29.5102,     59.0205,      0.0195,      0.0076,      0.1917,      0.2117,   7987.6694,-659368.3125,   -971.6202,    543.6032,  26625.5664,
       1,     170,     251,      19,       1,       3,       1,     10.0000,      1.4156,     42.8328,    252.6470,     63.5813,      3.4953,      0.0408,      0.0066,     13.1172,      0.2022,      5.6746,     11.3493,      1.7872,     29.5102,     59.0205,      0.0195,      0.0046,      0.0345,      0.2117,   7987.6704,-585225.6250,   -958.5338,    548.6421,  26625.5645,
       1,     170,     251,      20,       1,       3,       1,     10.0000,      1.4156,     42.8328,    252.6470,     63.5813,      3.4953,      0.0013,     -0.0313,      2.1819,      0.1517,      5.6746,     11.3493,      1.3409,     29.5102,     59.0205,      0.0195,      0.0017,      0.0156,      0.2119,   7987.6694,-450056.0000,   -932.6490,    557.9354,  26625.5645,
       1,     170,     251,      21,       1,       3,       1,     10.0000,      1.4156,     42.8328,    252.6470,     63.5813,      3.4953,      0.0000,     -0.0323,      2.3206,      0.1438,      5.6746,     11.3493,      1.2711,     29.5102,     59.0205,      0.0195,      0.0018,      0.0156,      0.2120,   7987.6694,-425846.1875,   -927.9975,    559.7029,  26625.5645,
       1,     170,     251,      22,       1,       3,       1,     10.0000,      1.4156,     42.8328,    252.6470,     63.5813,      3.4953,      0.0000,     -0.0324,      2.2451,      0.1449,      5.6746,     11.3493,      1.2801,     29.5102,     59.0205,      0.0195,      0.0017,      0.0156,      0.2121,   7987.6694,-423894.5625,   -927.6544,    559.8423,  26625.5645,
       1,     170,     251,      23,       1,       3,       1,     10.0000,      1.4156,     42.8328,    252.6470,     63.5813,      3.4953,      0.0000,     -0.0324,      1.8012,      0.1466,      5.6746,     11.3493,      1.2957,     29.5102,     59.0205,      0.0195,      0.0014,      0.0156,      0.2121,   7987.6694,-423636.6875,   -927.6331,    559.8604,  26625.5664,
       1,     170,     251,      24,       1,       3,       1,     10.0000,      1.4156,     42.8328,    252.6470,     63.5813,      3.4953,      0.0000,     -0.0324,      1.2637,      0.1460,      5.6746,     11.3493,      1.2905,     29.5102,     59.0205,      0.0195,      0.0010,      0.0156,      0.2121,   7987.6704,-423082.0625,   -927.5396,    559.8993,  26625.5645,
       1,     170,     252,       1,       1,       3,       1,     10.0000,      1.4156,     42.8332,    252.6530,     63.5828,      3.4953,      0.0000,     -0.0322,      0.7334,      0.1411,      5.6740,     11.3481,      1.2469,     29.5148,     59.0295,      0.0195,      0.0006,      0.0156,      0.2121,   7987.6694,-422546.0000,   -927.7338,    559.9500,  26626.7559,
       1,     170,     252,       2,       1,       3,       1,     10.0000,      1.4156,     42.8332,    252.6530,     63.5828,      3.4953,      0.0000,     -0.0323,      0.5422,      0.1418,      5.6740,     11.3481,      1.2532,     29.5148,     59.0295,      0.0195,      0.0004,      0.0156,      0.2121,   7988.0269,-421712.1250,   -927.3059,    560.0084,  26626.7559,
       1,     170,     252,       3,       1,       3,       1,     10.0000,      1.4156,     42.8332,    252.6530,     63.5828,      3.4953,      0.0000,     -0.0322,      0.5561,      0.1400,      5.6740,     11.3481,      1.2368,     29.5148,     59.0295,      0.0195,      0.0004,      0.0156,      0.2121,   7988.0269,-421412.7812,   -927.2523,    560.0293,  26626.7559,
       1,     170,     252,       4,       1,       3,       1,     10.0000,      1.4156,     42.8332,    252.6530,     63.5828,      3.4953,      0.0000,     -0.0321,      0.4926,      0.1365,      5.6740,     11.3481,      1.2059,     29.5148,     59.0295,      0.0195,      0.0004,      0.0156,      0.2121,   7988.0269,-421404.3438,   -927.2559,    560.0299,  26626.7578,
       1,     170,     252,       5,       1,       3,       1,     10.0000,      1.4156,     42.8332,    252.6530,     63.5828,      3.4953,      0.0000,     -0.0321,      0.4555,      0.1367,      5.6740,     11.3481,      1.2083,     29.5148,     59.0295,      0.0195,      0.0004,      0.0156,      0.2121,   7988.0278,-421327.2188,   -927.2444,    560.0353,  26626.7559,
       1,     170,     252,       6,       1,       3,       1,     10.0000,      1.4156,     42.8332,    252.6530,     63.5828,      3.4953,      0.0000,     -0.0320,      0.3384,      0.1339,      5.6740,     11.3481,      1.1829,     29.5148,     59.0295,      0.0195,      0.0003,      0.0156,      0.2121,   7988.0269,-421276.4062,   -927.2380,    560.0388,  26626.7559,
       1,     170,     252,       7,       1,       3,       1,     10.0000,      1.4156,     42.8332,    252.6530,     63.5828,      3.4953,      0.0000,     -0.0318,      0.3127,      0.1309,      5.6740,     11.3481,      1.1567,     29.5148,     59.0295,      0.0195,      0.0002,      0.0156,      0.2121,   7988.0269,-421131.6250,   -927.2115,    560.0490,  26626.7559,
       1,     170,     252,       8,       1,       3,       1,     10.0000,      1.4156,     42.8332,    252.6530,     63.5828,      3.4953,      0.0106,     -0.0212,      0.3095,      0.1297,      5.6740,     11.3481,      1.1462,     29.5148,     59.0295,      0.0195,      0.0002,      0.0156,      0.2121,   7988.0269,-421088.7500,   -927.2046,    560.0520,  26626.7559,
       1,     170,     252,       9,       1,       3,       1,     10.0000,      1.4156,     42.8332,    252.6530,     63.5828,      3.4953,      0.1045,      0.0722,      5.3530,      0.1437,      5.6740,     11.3481,      1.2698,     29.5148,     59.0295,      0.0195,      0.0005,      0.1278,      0.2121,   7988.0269,-421081.1562,   -927.2079,    560.0525,  26626.7578,
       1,     170,     252,      10,       1,       3,       1,     10.0000,      1.4156,     42.8332,    252.6530,     63.5828,      3.4953,      0.1334,      0.1006,     17.2808,      0.1566,      5.6740,     11.3481,      1.3834,     29.5148,     59.0295,      0.0195,      0.0012,      0.1673,      0.2121,   7988.0278,-427131.3750,   -928.4522,    559.6290,  26626.7559,
       1,     170,     252,      11,       1,       3,       1,     10.0000,      1.4156,     42.8332,    252.6530,     63.5828,      3.4953,      0.1915,      0.1575,     64.3132,      0.1917,      5.6740,     11.3481,      1.6942,     29.5148,     59.0295,      0.0195,      0.0032,      0.2451,      0.2121,   7988.0269,-441951.9062,   -931.4901,    558.5924,  26626.7578,
       1,     170,     252,      12,       1,       3,       1,     10.0000,      1.4156,     42.8332,    252.6530,     63.5828,      3.4953,      0.1937,      0.1587,    113.0180,      0.2254,      5.6740,     11.3481,      1.9916,     29.5148,     59.0295,      0.0195,      0.0056,      0.2431,      0.2121,   7988.0278,-499642.5938,   -943.2166,    554.5652,  26626.7578,
       1,     170,     252,      13,       1,       3,       1,     10.0000,      1.4156,     42.8332,    252.6530,     63.5828,      3.4953,      0.1991,      0.1636,    162.5217,      0.2471,      5.6740,     11.3481,      2.1833,     29.5148,     59.0295,      0.0195,      0.0080,      0.2458,      0.2120,   7988.0278,-563020.4375,   -956.3474,    550.1863,  26626.7559,
       1,     170,     252,      14,       1,       3,       1,     10.0000,      1.4156,     42.8332,    252.6530,     63.5828,      3.4953,      0.1957,      0.1601,    153.3561,      0.2517,      5.6740,     11.3481,      2.2241,     29.5148,     59.0295,      0.0195,      0.0077,      0.2419,      0.2119,   7988.0269,-627881.5000,   -970.0618,    545.7428,  26626.7559,
       1,     170,     252,      15,       1,       3,       1,     10.0000,      1.4156,     42.8332,    252.6530,     63.5828,      3.4953,      0.1569,      0.1225,     78.7671,      0.2053,      5.6740,     11.3481,      1.8139,     29.5148,     59.0295,      0.0195,      0.0049,      0.1939,      0.2118,   7988.0269,-622316.4375,   -965.7039,    546.1403,  26626.7559,
       1,     170,     252,      16,       1,       3,       1,     10.0000,      1.4156,     42.8332,    252.6530,     63.5828,      3.4953,      0.0601,      0.0273,      3.0698,      0.1555,      5.6740,     11.3481,      1.3737,     29.5148,     59.0295,      0.0195,      0.0006,      0.0646,      0.2118,   7988.0269,-532050.8125,   -949.4482,    552.3027,  26626.7539,
       1,     170,     252,      17,       1,       3,       1,     10.0000,      1.4156,     42.8332,    252.6530,     63.5828,      3.4953,      0.0359,      0.0032,      2.3218,      0.1537,      5.6740,     11.3481,      1.3586,     29.5148,     59.0295,      0.0195,      0.0009,      0.0303,      0.2120,   7988.0264,-433647.3438,   -930.5706,    559.1311,  26626.7539,
       1,     170,     252,      18,       1,       3,       1,     10.0000,      1.4156,     42.8332,    252.6530,     63.5828,      3.4953,      0.0435,      0.0110,      1.5580,      0.1486,      5.6740,     11.3481,      1.3128,     29.5148,     59.0295,      0.0195,      0.0005,      0.0413,      0.2121,   7988.0264,-424600.4375,   -928.8984,    559.8058,  26626.7539,
       1,     170,     252,      19,       1,       3,       1,     10.0000,      1.4156,     42.8332,    252.6530,     63.5828,      3.4953,      0.0583,      0.0260,      3.0667,      0.1438,      5.6740,     11.3481,      1.2711,     29.5148,     59.0295,      0.0195,      0.0006,      0.0624,      0.2121,   7988.0264,-422874.8750,   -928.6226,    559.9269,  26626.7539,
       1,     170,     252,      20,       1,       3,       1,     10.0000,      1.4156,     42.8332,    252.6530,     63.5828,      3.4953,      0.0119,     -0.0203,      0.6578,      0.1397,      5.6740,     11.3481,      1.2343,     29.5148,     59.0295,      0.0195,      0.0005,      0.0156,      0.2121,   7988.0264,-424539.6875,   -929.0198,    559.8105,  26626.7520,
       1,     170,     252,      21,       1,       3,       1,     10.0000,      1.4156,     42.8332,    252.6530,     63.5828,      3.4953,      0.0000,     -0.0319,      0.4834,      0.1324,      5.6740,     11.3481,      1.1697,     29.5148,     59.0295,      0.0195,      0.0004,      0.0156,      0.2121,   7988.0259,-421789.3125,   -928.5132,    560.0029,  26626.7520,
       1,     170,     252,      22,       1,       3,       1,     10.0000,      1.4156,     42.8332,    252.6530,     63.5828,      3.4953,      0.0000,     -0.0322,      0.4400,      0.1398,      5.6740,     11.3481,      1.2356,     29.5148,     59.0295,      0.0195,      0.0003,      0.0156,      0.2121,   7988.0259,-421349.2812,   -928.4353,    560.0337,  26626.7559,
       1,     170,     252,      23,       1,       3,       1,     10.0000,      1.4156,     42.8332,    252.6530,     63.5828,      3.4953,      0.0000,     -0.0320,      0.3235,      0.1348,      5.6740,     11.3481,      1.1913,     29.5148,     59.0295,      0.0195,      0.0003,      0.0156,      0.2121,   7988.0269,-421259.7188,   -928.4211,    560.0400,  26626.7539,
       1,     170,     252,      24,       1,       3,       1,     10.0000,      1.4156,     42.8332,    252.6530,     63.5828,      3.4953,      0.0000,     -0.0320,      0.3205,      0.1337,      5.6740,     11.3481,      1.1817,     29.5148,     59.0295,      0.0195,      0.0002,      0.0156,      0.2121,   7988.0264,-421112.6250,   -928.3945,    560.0503,  26626.7539,
       1,     170,     253,       1,       1,       3,       1,     10.0000,      1.4157,     42.8335,    252.6589,     63.5843,      3.4953,      0.0000,     -0.0321,      0.3295,      0.1370,      5.6754,     11.3507,      1.2108,     29.5089,     59.0178,      0.0195,      0.0003,      0.0156,      0.2121,   7988.0264,-421251.9688,   -928.7010,    560.0538,  26627.9414,
       1,     170,     253,       2,       1,       3,       1,     10.0000,      1.4157,     42.8335,    252.6589,     63.5843,      3.4953,      0.0000,     -0.0321,      0.3284,      0.1366,      5.6754,     11.3507,      1.2072,     29.5089,     59.0178,      0.0195,      0.0003,      0.0156,      0.2121,   7988.3828,-421122.5312,   -928.4033,    560.0629,  26627.9414,
       1,     170,     253,       3,       1,       3,       1,     10.0000,      1.4157,     42.8335,    252.6589,     63.5843,      3.4953,      0.0000,     -0.0319,      0.3197,      0.1335,      5.6754,     11.3507,      1.1793,     29.5089,     59.0178,      0.0195,      0.0002,      0.0156,      0.2121,   7988.3828,-421110.2500,   -928.4020,    560.0638,  26627.9453,
       1,     170,     253,       4,       1,       3,       1,     10.0000,      1.4157,     42.8335,    252.6589,     63.5843,      3.4953,      0.0000,     -0.0320,      0.3216,      0.1341,      5.6754,     11.3507,      1.1853,     29.5089,     59.0178,      0.0195,      0.0002,      0.0156,      0.2121,   7988.3838,-421098.1875,   -928.3999,    560.0645,  26627.9434,
       1,     170,     253,       5,       1,       3,       1,     10.0000,      1.4157,     42.8335,    252.6589,     63.5843,      3.4953,      0.0000,     -0.0319,      0.3171,      0.1325,      5.6754,     11.3507,      1.1709,     29.5089,     59.0178,      0.0195,      0.0002,      0.0156,      0.2121,   7988.3833,-421099.7188,   -928.4017,    560.0645,  26627.9434,
       1,     170,     253,       6,       1,       3,       1,     10.0000,      1.4157,     42.8335,    252.6589,     63.5843,      3.4953,      0.0000,     -0.0319,      0.3160,      0.1321,      5.6754,     11.3507,      1.1674,     29.5089,     59.0178,      0.0195,      0.0002,      0.0156,      0.2121,   7988.3833,-421094.4688,   -928.4019,    560.0649,  26627.9434,
       1,     170,     253,       7,       1,       3,       1,     10.0000,      1.4157,     42.8335,    252.6589,     63.5843,      3.4953,      0.0000,     -0.0318,      0.3106,      0.1301,      5.6754,     11.3507,      1.1497,     29.5089,     59.0178,      0.0195,      0.0002,      0.0156,      0.2121,   7988.3833,-421092.6562,   -928.4027,    560.0650,  26627.9453,
       1,     170,     253,       8,       1,       3,       1,     10.0000,      1.4157,     42.8335,    252.6589,     63.5843,      3.4953,      0.0072,     -0.0247,      0.3168,      0.1324,      5.6754,     11.3507,      1.1697,     29.5089,     59.0178,      0.0195,      0.0002,      0.0156,      0.2121,   7988.3838,-421085.7188,   -928.4020,    560.0654,  26627.9434,
       1,     170,     253,       9,       1,       3,       1,     10.0000,      1.4157,     42.8335,    252.6589,     63.5843,      3.4953,      0.0343,      0.0024,      0.5981,      0.1343,      5.6754,     11.3507,      1.1865,     29.5089,     59.0178,      0.0195,      0.0002,      0.0290,      0.2121,   7988.3833,-421092.9375,   -928.4162,    560.0649,  26627.9453,
       1,     170,     253,      10,       1,       3,       1,     10.0000,      1.4157,     42.8335,    252.6589,     63.5843,      3.4953,      0.1823,      0.1496,     14.5768,      0.1550,      5.6754,     11.3507,      1.3696,     29.5089,     59.0178,      0.0195,      0.0007,      0.2373,      0.2121,   7988.3838,-421430.6875,   -928.5352,    560.0413,  26627.9434,
       1,     170,     253,      11,       1,       3,       1,     10.0000,      1.4157,     42.8335,    252.6589,     63.5843,      3.4953,      0.1949,      0.1608,     65.7976,      0.1983,      5.6754,     11.3507,      1.7522,     29.5089,     59.0178,      0.0195,      0.0032,      0.2500,      0.2121,   7988.3833,-438228.5312,   -932.2199,    558.8654,  26627.9453,
       1,     170,     253,      12,       1,       3,       1,     10.0000,      1.4157,     42.8335,    252.6589,     63.5843,      3.4953,      0.1994,      0.1643,    125.8029,      0.2303,      5.6754,     11.3507,      2.0351,     29.5089,     59.0178,      0.0195,      0.0061,      0.2500,      0.2121,   7988.3838,-501102.6875,   -944.4635,    554.4744,  26627.9434,
       1,     170,     253,      13,       1,       3,       1,     10.0000,      1.4157,     42.8335,    252.6589,     63.5843,      3.4953,      0.2000,      0.1647,    140.9507,      0.2362,      5.6754,     11.3507,      2.0875,     29.5089,     59.0178,      0.0195,      0.0068,      0.2492,      0.2120,   7988.3833,-578489.5000,   -961.3670,    549.1279,  26627.9414,
       1,     170,     253,      14,       1,       3,       1,     10.0000,      1.4157,     42.8335,    252.6589,     63.5843,      3.4953,      0.2007,      0.1654,    157.2686,      0.2404,      5.6754,     11.3507,      2.1245,     29.5089,     59.0178,      0.0195,      0.0076,      0.2486,      0.2119,   7988.3828,-603239.6250,   -967.7192,    547.4547,  26627.9434,
       1,     170,     253,      15,       1,       3,       1,     10.0000,      1.4157,     42.8335,    252.6589,     63.5843,      3.4953,      0.1993,      0.1638,    148.2044,      0.2461,      5.6754,     11.3507,      2.1749,     29.5089,     59.0178,      0.0195,      0.0072,      0.2476,      0.2119,   7988.3833,-624918.8125,   -973.3372,    545.9738,  26627.9395,
       1,     170,     253,      16,       1,       3,       1,     10.0000,      1.4157,     42.8335,    252.6589,     63.5843,      3.4953,      0.1953,      0.1599,    146.4302,      0.2437,      5.6754,     11.3507,      2.1538,     29.5089,     59.0178,      0.0195,      0.0073,      0.2420,      0.2118,   7988.3823,-615829.1250,   -972.6547,    546.5961,  26627.9414,
       1,     170,     253,      17,       1,       3,       1,     10.0000,      1.4157,     42.8335,    252.6589,     63.5843,      3.4953,      0.1381,      0.1036,     74.9680,      0.2102,      5.6754,     11.3507,      1.8574,     29.5089,     59.0178,      0.0195,      0.0054,      0.1673,      0.2119,   7988.3828,-612931.5000,   -973.0286,    546.7944,  26627.9414,
       1,     170,     253,      18,       1,       3,       1,     10.0000,      1.4157,     42.8335,    252.6589,     63.5843,      3.4953,      0.0957,      0.0616,     34.3086,      0.1961,      5.6754,     11.3507,      1.7333,     29.5089,     59.0178,      0.0195,      0.0037,      0.1110,      0.2119,   7988.3828,-526698.8750,   -956.2338,    552.6884,  26627.9395,
       1,     170,     253,      19,       1,       3,       1,     10.0000,      1.4157,     42.8335,    252.6589,     63.5843,      3.4953,      0.0573,      0.0233,     15.9095,      0.1927,      5.6754,     11.3507,      1.7026,     29.5089,     59.0178,      0.0195,      0.0033,      0.0580,      0.2120,   7988.3823,-470741.4062,   -945.1772,    556.5862,  26627.9395,
       1,     170,     253,      20,       1,       3,       1,     10.0000,      1.4157,     42.8335,    252.6589,     63.5843,      3.4953,      0.0074,     -0.0261,      2.6962,      0.1781,      5.6754,     11.3507,      1.5741,     29.5089,     59.0178,      0.0195,      0.0021,      0.0156,      0.2121,   7988.3823,-443976.2500,   -939.8448,    558.4620,  26627.9395,
       1,     170,     253,      21,       1,       3,       1,     10.0000,      1.4157,     42.8335,    252.6589,     63.5843,      3.4953,      0.0000,     -0.0335,      2.6871,      0.1772,      5.6754,     11.3507,      1.5662,     29.5089,     59.0178,      0.0195,      0.0021,      0.0156,      0.2121,   7988.3823,-425870.1562,   -936.1912,    559.7292,  26627.9395,
       1,     170,     253,      22,       1,       3,       1,     10.0000,      1.4157,     42.8335,    252.6589,     63.5843,      3.4953,      0.0000,     -0.0335,      2.3509,      0.1760,      5.6754,     11.3507,      1.5554,     29.5089,     59.0178,      0.0195,      0.0018,      0.0156,      0.2121,   7988.3823,-424340.4375,   -935.8829,    559.8376,  26627.9395,
       1,     170,     253,      23,       1,       3,       1,     10.0000,      1.4157,     42.8335,    252.6589,     63.5843,      3.4953,      0.0000,     -0.0333,      1.9993,      0.1708,      5.6754,     11.3507,      1.5095,     29.5089,     59.0178,      0.0195,      0.0015,      0.0156,      0.2121,   7988.3823,-423806.8750,   -935.7746,    559.8750,  26627.9375,
       1,     170,     253,      24,       1,       3,       1,     10.0000,      1.4157,     42.8335,    252.6589,     63.5843,      3.4953,      0.0000,     -0.0331,      1.7650,      0.1666,      5.6754,     11.3507,      1.4722,     29.5089,     59.0178,      0.0195,      0.0014,      0.0156,      0.2121,   7988.3813,-423340.4375,   -935.6806,    559.9077,  26627.9395,
       1,     170,     254,       1,       1,       3,       1,     10.0000,      1.4157,     42.8338,    252.6649,     63.5858,      3.4953,      0.0000,     -0.0330,      1.8367,      0.1613,      5.6746,     11.3492,      1.4258,     29.5103,     59.0206,      0.0195,      0.0014,      0.0156,      0.2121,   7988.3823,-423175.3125,   -935.9363,    559.9324,  26629.1348,
       1,     170,     254,       2,       1,       3,       1,     10.0000,      1.4157,     42.8338,    252.6649,     63.5858,      3.4953,      0.0000,     -0.0326,      0.7741,      0.1516,      5.6746,     11.3492,      1.3396,     29.5103,     59.0206,      0.0195,      0.0006,      0.0156,      0.2121,   7988.7407,-423094.5625,   -935.6327,    559.9380,  26629.1309,
       1,     170,     254,       3,       1,       3,       1,     10.0000,      1.4157,     42.8338,    252.6649,     63.5858,      3.4953,      0.0000,     -0.0326,      0.3649,      0.1498,      5.6746,     11.3492,      1.3235,     29.5103,     59.0206,      0.0195,      0.0003,      0.0156,      0.2121,   7988.7397,-421813.6875,   -935.3754,    560.0276,  26629.1309,
       1,     170,     254,       4,       1,       3,       1,     10.0000,      1.4157,     42.8338,    252.6649,     63.5858,      3.4953,      0.0000,     -0.0325,      0.4728,      0.1484,      5.6746,     11.3492,      1.3116,     29.5103,     59.0206,      0.0195,      0.0004,      0.0156,      0.2121,   7988.7397,-421215.3750,   -935.2555,    560.0696,  26629.1328,
       1,     170,     254,       5,       1,       3,       1,     10.0000,      1.4157,     42.8338,    252.6649,     63.5858,      3.4953,      0.0000,     -0.0326,      0.3653,      0.1499,      5.6746,     11.3492,      1.3249,     29.5103,     59.0206,      0.0195,      0.0003,      0.0156,      0.2121,   7988.7402,-421294.4062,   -935.2723,    560.0640,  26629.1328,
       1,     170,     254,       6,       1,       3,       1,     10.0000,      1.4157,     42.8338,    252.6649,     63.5858,      3.4953,      0.0000,     -0.0324,      0.3541,      0.1459,      5.6746,     11.3492,      1.2893,     29.5103,     59.0206,      0.0195,      0.0003,      0.0156,      0.2121,   7988.7402,-421172.0625,   -935.2488,    560.0726,  26629.1328,
       1,     170,     254,       7,       1,       3,       1,     10.0000,      1.4157,     42.8338,    252.6649,     63.5858,      3.4953,      0.0000,     -0.0322,      0.3408,      0.1411,      5.6746,     11.3492,      1.2470,     29.5103,     59.0206,      0.0195,      0.0003,      0.0156,      0.2121,   7988.7402,-421148.3750,   -935.2455,    560.0743,  26629.1328,
       1,     170,     254,       8,       1,       3,       1,     10.0000,      1.4157,     42.8338,    252.6649,     63.5858,      3.4953,      0.0311,     -0.0012,      0.5358,      0.1437,      5.6746,     11.3492,      1.2699,     29.5103,     59.0206,      0.0195,      0.0003,      0.0240,      0.2121,   7988.7402,-421130.4062,   -935.2430,    560.0755,  26629.1309,
       1,     170,     254,       9,       1,       3,       1,     10.0000,      1.4157,     42.8338,    252.6649,     63.5858,      3.4953,      0.1233,      0.0900,     12.5368,      0.1707,      5.6746,     11.3492,      1.5080,     29.5103,     59.0206,      0.0195,      0.0010,      0.1533,      0.2121,   7988.7397,-421363.0625,   -935.2855,    560.0592,  26629.1309,
       1,     170,     254,      10,       1,       3,       1,     10.0000,      1.4157,     42.8338,    252.6649,     63.5858,      3.4953,      0.1706,      0.1370,     26.8833,      0.1821,      5.6746,     11.3492,      1.6090,     29.5103,     59.0206,      0.0195,      0.0015,      0.2194,      0.2121,   7988.7397,-435777.6250,   -938.2186,    559.0501,  26629.1328,
       1,     170,     254,      11,       1,       3,       1,     10.0000,      1.4157,     42.8338,    252.6649,     63.5858,      3.4953,      0.1814,      0.1469,     58.5356,      0.2081,      5.6746,     11.3492,      1.8392,     29.5103,     59.0206,      0.0195,      0.0031,      0.2314,      0.2121,   7988.7402,-454202.0000,   -942.0038,    557.7635,  26629.1309,
       1,     170,     254,      12,       1,       3,       1,     10.0000,      1.4157,     42.8338,    252.6649,     63.5858,      3.4953,      0.1978,      0.1626,    106.0316,      0.2337,      5.6746,     11.3492,      2.0652,     29.5103,     59.0206,      0.0195,      0.0051,      0.2500,      0.2121,   7988.7397,-493734.9062,   -950.1641,    555.0087,  26629.1328,
       1,     170,     254,      13,       1,       3,       1,     10.0000,      1.4157,     42.8338,    252.6649,     63.5858,      3.4953,      0.1989,      0.1636,    120.0114,      0.2365,      5.6746,     11.3492,      2.0896,     29.5103,     59.0206,      0.0195,      0.0058,      0.2500,      0.2121,   7988.7402,-554095.6875,   -962.7036,    550.8279,  26629.1328,
       1,     170,     254,      14,       1,       3,       1,     10.0000,      1.4157,     42.8338,    252.6649,     63.5858,      3.4953,      0.1991,      0.1635,    134.9313,      0.2510,      5.6746,     11.3492,      2.2177,     29.5103,     59.0206,      0.0195,      0.0065,      0.2488,      0.2120,   7988.7402,-575987.7500,   -967.5347,    549.3362,  26629.1328,
       1,     170,     254,      15,       1,       3,       1,     10.0000,      1.4157,     42.8338,    252.6649,     63.5858,      3.4953,      0.0795,      0.0456,     20.2516,      0.1917,      5.6746,     11.3492,      1.6943,     29.5103,     59.0206,      0.0195,      0.0027,      0.0895,      0.2120,   7988.7402,-595744.9375,   -961.3973,    547.9816,  26628.7266,
       1,     170,     254,      16,       1,       3,       1,     10.0000,      1.4157,     42.8338,    252.6649,     63.5858,      3.4953,      0.0440,      0.0106,      3.4413,      0.1743,      5.6746,     11.3492,      1.5399,     29.5103,     59.0206,      0.0195,      0.0010,      0.0409,      0.2119,   7988.6182,-459512.5312,   -920.8341,    557.3149,  26629.0547,
       1,     170,     254,      17,       1,       3,       1,     10.0000,      1.4157,     42.8338,    252.6649,     63.5858,      3.4953,      0.0257,     -0.0074,      0.4131,      0.1664,      5.6746,     11.3492,      1.4708,     29.5103,     59.0206,      0.0195,      0.0003,      0.0154,      0.2121,   7988.7168,-428164.0625,   -911.6601,    559.5787,  26629.1387,
       1,     170,     254,      18,       1,       3,       1,     10.0000,      1.4157,     42.8338,    252.6649,     63.5858,      3.4953,      0.1175,      0.0844,      5.4234,      0.1656,      5.6746,     11.3492,      1.4634,     29.5103,     59.0206,      0.0195,      0.0004,      0.1460,      0.2121,   7988.7417,-421810.6562,   -910.5664,    560.0278,  26629.1387,
       1,     170,     254,      19,       1,       3,       1,     10.0000,      1.4157,     42.8338,    252.6649,     63.5858,      3.4953,      0.0816,      0.0482,      5.2391,      0.1746,      5.6746,     11.3492,      1.5430,     29.5103,     59.0206,      0.0195,      0.0007,      0.0944,      0.2121,   7988.7417,-427282.0000,   -912.0154,    559.6448,  26629.1387,
       1,     170,     254,      20,       1,       3,       1,     10.0000,      1.4157,     42.8338,    252.6649,     63.5858,      3.4953,      0.0126,     -0.0205,      0.8292,      0.1630,      5.6746,     11.3492,      1.4401,     29.5103,     59.0206,      0.0195,      0.0006,      0.0156,      0.2121,   7988.7417,-427520.5625,   -912.4239,    559.6284,  26629.1387,
       1,     170,     254,      21,       1,       3,       1,     10.0000,      1.4157,     42.8338,    252.6649,     63.5858,      3.4953,      0.0000,     -0.0329,      0.7529,      0.1581,      5.6746,     11.3492,      1.3974,     29.5103,     59.0206,      0.0195,      0.0006,      0.0156,      0.2121,   7988.7417,-422250.3750,   -911.5554,    559.9971,  26629.1367,
       1,     170,     254,      22,       1,       3,       1,     10.0000,      1.4157,     42.8338,    252.6649,     63.5858,      3.4953,      0.0000,     -0.0330,      1.0942,      0.1636,      5.6746,     11.3492,      1.4459,     29.5103,     59.0206,      0.0195,      0.0008,      0.0156,      0.2121,   7988.7412,-421716.7812,   -910.2313,    560.0345,  26629.1387,
       1,     170,     254,      23,       1,       3,       1,     10.0000,      1.4157,     42.8338,    252.6649,     63.5858,      3.4953,      0.0000,     -0.0327,      0.3882,      0.1533,      5.6746,     11.3492,      1.3545,     29.5103,     59.0206,      0.0195,      0.0003,      0.0156,      0.2121,   7988.7417,-422081.1250,   -910.3924,    560.0090,  26629.1367,
       1,     170,     254,      24,       1,       3,       1,     10.0000,      1.4157,     42.8338,    252.6649,     63.5858,      3.4953,      0.0000,     -0.0328,      0.3843,      0.1567,      5.6746,     11.3492,      1.3848,     29.5103,     59.0206,      0.0195,      0.0003,      0.0156,      0.2121,   7988.7412,-421265.0938,   -910.2482,    560.0661,  26629.1387,
       1,     170,     255,       1,       1,       3,       1,     10.0000,      1.4157,     42.8342,    252.6708,     63.5873,      3.4953,      0.0000,     -0.0328,      0.3843,      0.1567,      5.6757,     11.3514,      1.3849,     29.5059,     59.0117,      0.0195,      0.0003,      0.0156,      0.2122,   7988.7417,-421346.8438,   -910.5255,    560.0736,  26630.3262,
       1,     170,     255,       2,       1,       3,       1,     10.0000,      1.4157,     42.8342,    252.6708,     63.5873,      3.4953,      0.0000,     -0.0328,      0.3816,      0.1558,      5.6757,     11.3514,      1.3766,     29.5059,     59.0117,      0.0195,      0.0003,      0.0156,      0.2122,   7989.0981,-421201.6875,   -910.2459,    560.0837,  26630.3281,
       1,     170,     255,       3,       1,       3,       1,     10.0000,      1.4157,     42.8342,    252.6708,     63.5873,      3.4953,      0.0000,     -0.0327,      0.3747,      0.1533,      5.6757,     11.3514,      1.3546,     29.5059,     59.0117,      0.0195,      0.0003,      0.0156,      0.2122,   7989.0986,-421186.2188,   -910.2446,    560.0848,  26630.3281,
       1,     170,     255,       4,       1,       3,       1,     10.0000,      1.4157,     42.8342,    252.6708,     63.5873,      3.4953,      0.0000,     -0.0325,      0.3598,      0.1480,      5.6757,     11.3514,      1.3076,     29.5059,     59.0117,      0.0195,      0.0003,      0.0156,      0.2122,   7989.0986,-421176.5000,   -910.2446,    560.0854,  26630.3281,
       1,     170,     255,       5,       1,       3,       1,     10.0000,      1.4157,     42.8342,    252.6708,     63.5873,      3.4953,      0.0000,     -0.0324,      0.3524,      0.1453,      5.6757,     11.3514,      1.2841,     29.5059,     59.0117,      0.0195,      0.0003,      0.0156,      0.2122,   7989.0986,-421158.0000,   -910.2429,    560.0868,  26630.3281,
       1,     170,     255,       6,       1,       3,       1,     10.0000,      1.4157,     42.8342,    252.6708,     63.5873,      3.4953,      0.0000,     -0.0324,      0.3533,      0.1456,      5.6757,     11.3514,      1.2867,     29.5059,     59.0117,      0.0195,      0.0003,      0.0156,      0.2122,   7989.0986,-421147.5312,   -910.2427,    560.0876,  26630.3262,
       1,     170,     255,       7,       1,       3,       1,     10.0000,      1.4157,     42.8342,    252.6708,     63.5873,      3.4953,      0.0000,     -0.0324,      0.3492,      0.1441,      5.6757,     11.3514,      1.2738,     29.5059,     59.0117,      0.0195,      0.0003,      0.0156,      0.2122,   7989.0981,-421147.6875,   -910.2447,    560.0875,  26630.3281,
       1,     170,     255,       8,       1,       3,       1,     10.0000,      1.4157,     42.8342,    252.6708,     63.5873,      3.4953,      0.0217,     -0.0105,      0.2364,      0.1401,      5.6757,     11.3514,      1.2382,     29.5059,     59.0117,      0.0195,      0.0003,      0.0109,      0.2122,   7989.0986,-421142.7500,   -910.2451,    560.0879,  26630.3281,
       1,     170,     255,       9,       1,       3,       1,     10.0000,      1.4157,     42.8342,    252.6708,     63.5873,      3.4953,      0.1373,      0.1050,      4.4026,      0.1415,      5.6757,     11.3514,      1.2508,     29.5059,     59.0117,      0.0195,      0.0003,      0.1744,      0.2122,   7989.0986,-421007.0625,   -910.2739,    560.0974,  26630.3281,
       1,     170,     255,      10,       1,       3,       1,     10.0000,      1.4157,     42.8342,    252.6708,     63.5873,      3.4953,      0.1843,      0.1512,     33.7280,      0.1654,      5.6757,     11.3514,      1.4620,     29.5059,     59.0117,      0.0195,      0.0017,      0.2381,      0.2122,   7989.0986,-425992.3438,   -911.5503,    559.7484,  26630.3281,
       1,     170,     255,      11,       1,       3,       1,     10.0000,      1.4157,     42.8342,    252.6708,     63.5873,      3.4953,      0.1947,      0.1606,     62.6925,      0.1967,      5.6757,     11.3514,      1.7385,     29.5059,     59.0117,      0.0195,      0.0030,      0.2500,      0.2122,   7989.0986,-461584.7500,   -919.3192,    557.2581,  26630.3281,
       1,     170,     255,      12,       1,       3,       1,     10.0000,      1.4157,     42.8342,    252.6708,     63.5873,      3.4953,      0.1969,      0.1623,     92.4247,      0.2140,      5.6757,     11.3514,      1.8907,     29.5059,     59.0117,      0.0195,      0.0045,      0.2500,      0.2121,   7989.0986,-499344.3438,   -926.7095,    554.6334,  26630.3262,
       1,     170,     255,      13,       1,       3,       1,     10.0000,      1.4157,     42.8342,    252.6708,     63.5873,      3.4953,      0.1984,      0.1634,    113.5046,      0.2287,      5.6757,     11.3514,      2.0212,     29.5059,     59.0117,      0.0195,      0.0055,      0.2500,      0.2121,   7989.0981,-538218.0000,   -936.9844,    551.9445,  26630.3281,
       1,     170,     255,      14,       1,       3,       1,     10.0000,      1.4157,     42.8342,    252.6708,     63.5873,      3.4953,      0.1967,      0.1616,    130.8806,      0.2305,      5.6757,     11.3514,      2.0372,     29.5059,     59.0117,      0.0195,      0.0064,      0.2456,      0.2120,   7989.0986,-566808.3125,   -945.1505,    549.9785,  26630.3281,
       1,     170,     255,      15,       1,       3,       1,     10.0000,      1.4157,     42.8342,    252.6708,     63.5873,      3.4953,      0.1168,      0.0830,     36.4994,      0.1869,      5.6757,     11.3514,      1.6511,     29.5059,     59.0117,      0.0195,      0.0031,      0.1411,      0.2120,   7989.0986,-590088.4375,   -944.0562,    548.3815,  26630.0566,
       1,     170,     255,      16,       1,       3,       1,     10.0000,      1.4157,     42.8342,    252.6708,     63.5873,      3.4953,      0.1912,      0.1588,     13.5351,      0.1455,      5.6757,     11.3514,      1.2854,     29.5059,     59.0117,      0.0195,      0.0007,      0.2500,      0.2120,   7989.0171,-478574.4062,   -921.6160,    556.0279,  26630.2324,
       1,     170,     255,      17,       1,       3,       1,     10.0000,      1.4157,     42.8342,    252.6708,     63.5873,      3.4953,      0.1961,      0.1614,     81.9012,      0.2152,      5.6757,     11.3514,      1.9019,     29.5059,     59.0117,      0.0195,      0.0040,      0.2500,      0.2121,   7989.0698,-441836.9375,   -916.0456,    558.6348,  26630.3281,
       1,     170,     255,      18,       1,       3,       1,     10.0000,      1.4157,     42.8342,    252.6708,     63.5873,      3.4953,      0.1687,      0.1340,     76.7370,      0.2142,      5.6757,     11.3514,      1.8925,     29.5059,     59.0117,      0.0195,      0.0044,      0.2111,      0.2121,   7989.0986,-520721.1875,   -933.7344,    553.1325,  26630.3281,
       1,     170,     255,      19,       1,       3,       1,     10.0000,      1.4157,     42.8342,    252.6708,     63.5873,      3.4953,      0.1241,      0.0899,     61.5907,      0.2017,      5.6757,     11.3514,      1.7820,     29.5059,     59.0117,      0.0195,      0.0050,      0.1487,      0.2121,   7989.0986,-521197.3125,   -935.3995,    553.1266,  26630.3281,
       1,     170,     255,      20,       1,       3,       1,     10.0000,      1.4157,     42.8342,    252.6708,     63.5873,      3.4953,      0.0138,     -0.0200,      5.0957,      0.1880,      5.6757,     11.3514,      1.6610,     29.5059,     59.0117,      0.0195,      0.0039,      0.0156,      0.2121,   7989.0986,-503011.5938,   -933.1505,    554.3840,  26630.3281,
       1,     170,     255,      21,       1,       3,       1,     10.0000,      1.4157,     42.8342,    252.6708,     63.5873,      3.4953,      0.0000,     -0.0334,      3.9024,      0.1755,      5.6757,     11.3514,      1.5508,     29.5059,     59.0117,      0.0195,      0.0030,      0.0156,      0.2121,   7989.0986,-433656.2500,   -920.6740,    559.1916,  26630.3281,
       1,     170,     255,      22,       1,       3,       1,     10.0000,      1.4157,     42.8342,    252.6708,     63.5873,      3.4953,      0.0000,     -0.0327,      1.4398,      0.1544,      5.6757,     11.3514,      1.3642,     29.5059,     59.0117,      0.0195,      0.0011,      0.0156,      0.2121,   7989.0986,-426478.8438,   -919.5964,    559.7142,  26630.3281,
       1,     170,     255,      23,       1,       3,       1,     10.0000,      1.4157,     42.8342,    252.6708,     63.5873,      3.4953,      0.0000,     -0.0328,      1.6847,      0.1572,      5.6757,     11.3514,      1.3891,     29.5059,     59.0117,      0.0195,      0.0013,      0.0156,      0.2122,   7989.0986,-422898.4375,   -919.0132,    559.9649,  26630.3301,
       1,     170,     255,      24,       1,       3,       1,     10.0000,      1.4157,     42.8342,    252.6708,     63.5873,      3.4953,      0.0000,     -0.0326,      1.0680,      0.1511,      5.6757,     11.3514,      1.3356,     29.5059,     59.0117,      0.0195,      0.0008,      0.0156,      0.2122,   7989.0991,-422891.3438,   -919.1066,    559.9654,  26630.3262,
       1,     170,     256,       1,       1,       3,       1,     10.0000,      1.4157,     42.8345,    252.6768,     63.5888,      3.4953,      0.0000,     -0.0324,      0.5260,      0.1446,      5.6745,     11.3491,      1.2777,     29.5129,     59.0259,      0.0195,      0.0004,      0.0156,      0.2122,   7989.0981,-422306.9062,   -919.3211,    560.0196,  26631.5215,
       1,     170,     256,       2,       1,       3,       1,     10.0000,      1.4157,     42.8345,    252.6768,     63.5888,      3.4953,      0.0000,     -0.0324,      0.9212,      0.1461,      5.6745,     11.3491,      1.2906,     29.5129,     59.0259,      0.0195,      0.0007,      0.0156,      0.2122,   7989.4565,-421455.0625,   -918.9116,    560.0792,  26631.5215,
       1,     170,     256,       3,       1,       3,       1,     10.0000,      1.4157,     42.8345,    252.6768,     63.5888,      3.4953,      0.0000,     -0.0322,      0.5898,      0.1407,      5.6745,     11.3491,      1.2432,     29.5129,     59.0259,      0.0195,      0.0005,      0.0156,      0.2122,   7989.4565,-421857.4688,   -919.0309,    560.0511,  26631.5215,
       1,     170,     256,       4,       1,       3,       1,     10.0000,      1.4157,     42.8345,    252.6768,     63.5888,      3.4953,      0.0000,     -0.0323,      0.6272,      0.1417,      5.6745,     11.3491,      1.2521,     29.5129,     59.0259,      0.0195,      0.0005,      0.0156,      0.2122,   7989.4565,-421493.7500,   -918.9814,    560.0765,  26631.5215,
       1,     170,     256,       5,       1,       3,       1,     10.0000,      1.4157,     42.8345,    252.6768,     63.5888,      3.4953,      0.0000,     -0.0322,      0.3436,      0.1403,      5.6745,     11.3491,      1.2395,     29.5129,     59.0259,      0.0195,      0.0003,      0.0156,      0.2122,   7989.4565,-421508.1875,   -917.1078,    560.0756,  26631.5215,
       1,     170,     256,       6,       1,       3,       1,     10.0000,      1.4157,     42.8345,    252.6768,     63.5888,      3.4953,      0.0000,     -0.0321,      0.3338,      0.1386,      5.6745,     11.3491,      1.2245,     29.5129,     59.0259,      0.0195,      0.0003,      0.0156,      0.2122,   7989.4565,-421169.2188,   -917.0469,    560.0992,  26631.5195,
       1,     170,     256,       7,       1,       3,       1,     10.0000,      1.4157,     42.8345,    252.6768,     63.5888,      3.4953,      0.0000,     -0.0321,      0.3366,      0.1377,      5.6745,     11.3491,      1.2171,     29.5129,     59.0259,      0.0195,      0.0003,      0.0156,      0.2122,   7989.4561,-421129.2188,   -914.7012,    560.1021,  26631.5195,
       1,     170,     256,       8,       1,       3,       1,     10.0000,      1.4157,     42.8345,    252.6768,     63.5888,      3.4953,      0.0080,     -0.0242,      0.6940,      0.1391,      5.6745,     11.3491,      1.2295,     29.5129,     59.0259,      0.0195,      0.0005,      0.0156,      0.2122,   7989.4561,-421129.1875,   -914.7032,    560.1021,  26631.5195,
       1,     170,     256,       9,       1,       3,       1,     10.0000,      1.4157,     42.8345,    252.6768,     63.5888,      3.4953,      0.1331,      0.1001,     17.9399,      0.1607,      5.6745,     11.3491,      1.4201,     29.5129,     59.0259,      0.0195,      0.0013,      0.1668,      0.2122,   7989.4561,-421557.6875,   -914.8416,    560.0721,  26631.5215,
       1,     170,     256,      10,       1,       3,       1,     10.0000,      1.4157,     42.8345,    252.6768,     63.5888,      3.4953,      0.1678,      0.1342,     42.7995,      0.1815,      5.6745,     11.3491,      1.6042,     29.5129,     59.0259,      0.0195,      0.0024,      0.2135,      0.2122,   7989.4565,-442275.0000,   -919.2950,    558.6216,  26631.5195,
       1,     170,     256,      11,       1,       3,       1,     10.0000,      1.4157,     42.8345,    252.6768,     63.5888,      3.4953,      0.1656,      0.1320,     43.2637,      0.1821,      5.6745,     11.3491,      1.6090,     29.5129,     59.0259,      0.0195,      0.0025,      0.2104,      0.2122,   7989.4561,-473839.7500,   -926.3248,    556.4195,  26631.5215,
       1,     170,     256,      12,       1,       3,       1,     10.0000,      1.4157,     42.8345,    252.6768,     63.5888,      3.4953,      0.1922,      0.1584,     62.1188,      0.1872,      5.6745,     11.3491,      1.6545,     29.5129,     59.0259,      0.0195,      0.0030,      0.2464,      0.2121,   7989.4565,-477051.9375,   -928.0908,    556.2003,  26631.5215,
       1,     170,     256,      13,       1,       3,       1,     10.0000,      1.4157,     42.8345,    252.6768,     63.5888,      3.4953,      0.1852,      0.1522,     43.8827,      0.1605,      5.6745,     11.3491,      1.4187,     29.5129,     59.0259,      0.0195,      0.0022,      0.2381,      0.2121,   7989.4565,-499945.3438,   -933.7776,    554.6088,  26631.5215,
       1,     170,     256,      14,       1,       3,       1,     10.0000,      1.4157,     42.8345,    252.6768,     63.5888,      3.4953,      0.1939,      0.1609,     49.5350,      0.1633,      5.6745,     11.3491,      1.4431,     29.5129,     59.0259,      0.0195,      0.0024,      0.2500,      0.2121,   7989.4565,-479973.5938,   -930.9821,    555.9956,  26631.5234,
       1,     170,     256,      15,       1,       3,       1,     10.0000,      1.4157,     42.8345,    252.6768,     63.5888,      3.4953,      0.1945,      0.1611,     57.3067,      0.1731,      5.6745,     11.3491,      1.5293,     29.5129,     59.0259,      0.0195,      0.0028,      0.2500,      0.2121,   7989.4575,-485088.9375,   -932.9863,    555.6418,  26631.5215,
       1,     170,     256,      16,       1,       3,       1,     10.0000,      1.4157,     42.8345,    252.6768,     63.5888,      3.4953,      0.1952,      0.1617,     66.4238,      0.1760,      5.6745,     11.3491,      1.5555,     29.5129,     59.0259,      0.0195,      0.0032,      0.2500,      0.2121,   7989.4565,-494844.2188,   -935.9901,    554.9644,  26631.5215,
       1,     170,     256,      17,       1,       3,       1,     10.0000,      1.4157,     42.8345,    252.6768,     63.5888,      3.4953,      0.1796,      0.1461,     66.6926,      0.1785,      5.6745,     11.3491,      1.5773,     29.5129,     59.0259,      0.0195,      0.0035,      0.2277,      0.2121,   7989.4565,-506606.7500,   -939.2465,    554.1489,  26631.5215,
       1,     170,     256,      18,       1,       3,       1,     10.0000,      1.4157,     42.8345,    252.6768,     63.5888,      3.4953,      0.1256,      0.0923,     44.5206,      0.1720,      5.6745,     11.3491,      1.5202,     29.5129,     59.0259,      0.0195,      0.0035,      0.1530,      0.2121,   7989.4565,-507914.5938,   -940.3497,    554.0588,  26631.5215,
       1,     170,     256,      19,       1,       3,       1,     10.0000,      1.4157,     42.8345,    252.6768,     63.5888,      3.4953,      0.1241,      0.0907,     43.2981,      0.1741,      5.6745,     11.3491,      1.5385,     29.5129,     59.0259,      0.0195,      0.0035,      0.1510,      0.2121,   7989.4565,-481400.3125,   -935.8358,    555.8951,  26631.5195,
       1,     170,     256,      20,       1,       3,       1,     10.0000,      1.4157,     42.8345,    252.6768,     63.5888,      3.4953,      0.0130,     -0.0199,      2.8251,      0.1605,      5.6745,     11.3491,      1.4187,     29.5129,     59.0259,      0.0195,      0.0022,      0.0156,      0.2121,   7989.4561,-477724.7188,   -935.6308,    556.1536,  26631.5195,
       1,     170,     256,      21,       1,       3,       1,     10.0000,      1.4157,     42.8345,    252.6768,     63.5888,      3.4953,      0.0000,     -0.0323,      1.2637,      0.1440,      5.6745,     11.3491,      1.2725,     29.5129,     59.0259,      0.0195,      0.0010,      0.0156,      0.2121,   7989.4561,-428838.1562,   -917.4395,    559.5522,  26631.5195,
       1,     170,     256,      22,       1,       3,       1,     10.0000,      1.4157,     42.8345,    252.6768,     63.5888,      3.4953,      0.0000,     -0.0320,      0.8950,      0.1359,      5.6745,     11.3491,      1.2011,     29.5129,     59.0259,      0.0195,      0.0007,      0.0156,      0.2122,   7989.4561,-422900.3438,   -916.4343,    559.9780,  26631.5215,
       1,     170,     256,      23,       1,       3,       1,     10.0000,      1.4157,     42.8345,    252.6768,     63.5888,      3.4953,      0.0000,     -0.0320,      0.3250,      0.1354,      5.6745,     11.3491,      1.1963,     29.5129,     59.0259,      0.0195,      0.0003,      0.0156,      0.2122,   7989.4565,-421947.5625,   -913.5115,    560.0448,  26631.5195,
       1,     170,     256,      24,       1,       3,       1,     10.0000,      1.4157,     42.8345,    252.6768,     63.5888,      3.4953,      0.0000,     -0.0321,      0.3315,      0.1377,      5.6745,     11.3491,      1.2171,     29.5129,     59.0259,      0.0195,      0.0003,      0.0156,      0.2122,   7989.4561,-421183.9375,   -913.3723,    560.0982,  26631.5195,
       1,     170,     257,       1,       1,       3,       1,     10.0000,      1.4158,     42.8349,    252.6827,     63.5903,      3.4953,      0.0000,     -0.0321,      0.3636,      0.1383,      5.6748,     11.3496,      1.2220,     29.5190,     59.0381,      0.0195,      0.0003,      0.0156,      0.2122,   7989.4561,-421282.8125,   -913.6558,    560.1043,  26632.7109,
       1,     170,     257,       2,       1,       3,       1,     10.0000,      1.4158,     42.8349,    252.6827,     63.5903,      3.4953,      0.0000,     -0.0320,      0.3209,      0.1339,      5.6748,     11.3496,      1.1830,     29.5190,     59.0381,      0.0195,      0.0002,      0.0156,      0.2122,   7989.8135,-421177.5312,   -913.3819,    560.1117,  26632.7109,
       1,     170,     257,       3,       1,       3,       1,     10.0000,      1.4158,     42.8349,    252.6827,     63.5903,      3.4953,      0.0000,     -0.0318,      0.3121,      0.1306,      5.6748,     11.3496,      1.1545,     29.5190,     59.0381,      0.0195,      0.0002,      0.0156,      0.2122,   7989.8135,-421117.4375,   -913.3718,    560.1160,  26632.7109,
       1,     170,     257,       4,       1,       3,       1,     10.0000,      1.4158,     42.8349,    252.6827,     63.5903,      3.4953,      0.0000,     -0.0317,      0.3042,      0.1278,      5.6748,     11.3496,      1.1289,     29.5190,     59.0381,      0.0195,      0.0002,      0.0156,      0.2122,   7989.8135,-421101.6875,   -913.3701,    560.1170,  26632.7109,
       1,     170,     257,       5,       1,       3,       1,     10.0000,      1.4158,     42.8349,    252.6827,     63.5903,      3.4953,      0.0000,     -0.0318,      0.3067,      0.1287,      5.6748,     11.3496,      1.1370,     29.5190,     59.0381,      0.0195,      0.0002,      0.0156,      0.2122,   7989.8135,-421091.0000,   -913.3691,    560.1177,  26632.7109,
       1,     170,     257,       6,       1,       3,       1,     10.0000,      1.4158,     42.8349,    252.6827,     63.5903,      3.4953,      0.0000,     -0.0319,      0.3172,      0.1325,      5.6748,     11.3496,      1.1710,     29.5190,     59.0381,      0.0195,      0.0002,      0.0156,      0.2122,   7989.8135,-421093.0938,   -913.3706,    560.1177,  26632.7090,
       1,     170,     257,       7,       1,       3,       1,     10.0000,      1.4158,     42.8349,    252.6827,     63.5903,      3.4953,      0.0000,     -0.0319,      0.3142,      0.1314,      5.6748,     11.3496,      1.1616,     29.5190,     59.0381,      0.0195,      0.0002,      0.0156,      0.2122,   7989.8130,-421105.9375,   -913.3746,    560.1167,  26632.7129,
       1,     170,     257,       8,       1,       3,       1,     10.0000,      1.4158,     42.8349,    252.6827,     63.5903,      3.4953,      0.0028,     -0.0292,      0.3205,      0.1337,      5.6748,     11.3496,      1.1818,     29.5190,     59.0381,      0.0195,      0.0002,      0.0156,      0.2122,   7989.8140,-421103.1250,   -911.3378,    560.1170,  26632.7129,
       1,     170,     257,       9,       1,       3,       1,     10.0000,      1.4158,     42.8349,    252.6827,     63.5903,      3.4953,      0.0301,     -0.0019,      0.4793,      0.1358,      5.6748,     11.3496,      1.1999,     29.5190,     59.0381,      0.0195,      0.0003,      0.0229,      0.2122,   7989.8140,-421110.2500,   -911.3518,    560.1165,  26632.7129,
       1,     170,     257,      10,       1,       3,       1,     10.0000,      1.4158,     42.8349,    252.6827,     63.5903,      3.4953,      0.0484,      0.0164,      1.0089,      0.1343,      5.6748,     11.3496,      1.1866,     29.5190,     59.0381,      0.0195,      0.0002,      0.0489,      0.2122,   7989.8140,-421301.3125,   -910.2277,    560.1031,  26632.7129,
       1,     170,     257,      11,       1,       3,       1,     10.0000,      1.4158,     42.8349,    252.6827,     63.5903,      3.4953,      0.0974,      0.0657,      2.6068,      0.1288,      5.6748,     11.3496,      1.1382,     29.5190,     59.0381,      0.0195,      0.0003,      0.1183,      0.2122,   7989.8140,-421952.3438,   -910.3640,    560.0575,  26632.7129,
       1,     170,     257,      12,       1,       3,       1,     10.0000,      1.4158,     42.8349,    252.6827,     63.5903,      3.4953,      0.1363,      0.1042,      5.6172,      0.1355,      5.6748,     11.3496,      1.1975,     29.5190,     59.0381,      0.0195,      0.0004,      0.1728,      0.2122,   7989.8140,-423923.0000,   -910.9339,    559.9196,  26632.7148,
       1,     170,     257,      13,       1,       3,       1,     10.0000,      1.4158,     42.8349,    252.6827,     63.5903,      3.4953,      0.1933,      0.1602,     42.1231,      0.1661,      5.6748,     11.3496,      1.4679,     29.5190,     59.0381,      0.0195,      0.0020,      0.2500,      0.2122,   7989.8149,-427698.0625,   -912.1522,    559.6553,  26632.7109,
       1,     170,     257,      14,       1,       3,       1,     10.0000,      1.4158,     42.8349,    252.6827,     63.5903,      3.4953,      0.1953,      0.1616,     68.7032,      0.1830,      5.6748,     11.3496,      1.6171,     29.5190,     59.0381,      0.0195,      0.0033,      0.2500,      0.2122,   7989.8135,-471792.5938,   -922.4376,    556.5707,  26632.7129,
       1,     170,     257,      15,       1,       3,       1,     10.0000,      1.4158,     42.8349,    252.6827,     63.5903,      3.4953,      0.1963,      0.1623,     82.1850,      0.1935,      5.6748,     11.3496,      1.7096,     29.5190,     59.0381,      0.0195,      0.0040,      0.2500,      0.2122,   7989.8140,-507407.9062,   -931.2198,    554.1013,  26632.7129,
       1,     170,     257,      16,       1,       3,       1,     10.0000,      1.4158,     42.8349,    252.6827,     63.5903,      3.4953,      0.1968,      0.1625,     90.2182,      0.2033,      5.6748,     11.3496,      1.7963,     29.5190,     59.0381,      0.0195,      0.0044,      0.2500,      0.2121,   7989.8140,-526580.5000,   -936.9528,    552.7789,  26632.7129,
       1,     170,     257,      17,       1,       3,       1,     10.0000,      1.4158,     42.8349,    252.6827,     63.5903,      3.4953,      0.1747,      0.1407,     75.8773,      0.1952,      5.6748,     11.3496,      1.7249,     29.5190,     59.0381,      0.0195,      0.0042,      0.2198,      0.2121,   7989.8140,-537829.3125,   -941.0201,    552.0032,  26632.7129,
       1,     170,     257,      18,       1,       3,       1,     10.0000,      1.4158,     42.8349,    252.6827,     63.5903,      3.4953,      0.1557,      0.1219,     58.3379,      0.1859,      5.6748,     11.3496,      1.6430,     29.5190,     59.0381,      0.0195,      0.0036,      0.1944,      0.2121,   7989.8140,-521543.2188,   -939.1788,    553.1274,  26632.7129,
       1,     170,     257,      19,       1,       3,       1,     10.0000,      1.4158,     42.8349,    252.6827,     63.5903,      3.4953,      0.0589,      0.0258,     12.0405,      0.1666,      5.6748,     11.3496,      1.4723,     29.5190,     59.0381,      0.0195,      0.0024,      0.0615,      0.2121,   7989.8140,-499122.6562,   -932.2213,    554.6788,  26632.7129,
       1,     170,     257,      20,       1,       3,       1,     10.0000,      1.4158,     42.8349,    252.6827,     63.5903,      3.4953,      0.0140,     -0.0187,      1.5990,      0.1513,      5.6748,     11.3496,      1.3370,     29.5190,     59.0381,      0.0195,      0.0012,      0.0156,      0.2121,   7989.8140,-441676.0938,   -919.6482,    558.6640,  26632.7109,
       1,     170,     257,      21,       1,       3,       1,     10.0000,      1.4158,     42.8349,    252.6827,     63.5903,      3.4953,      0.0000,     -0.0326,      1.5164,      0.1499,      5.6748,     11.3496,      1.3250,     29.5190,     59.0381,      0.0195,      0.0012,      0.0156,      0.2122,   7989.8135,-424384.6250,   -913.8832,    559.8859,  26632.7129,
       1,     170,     257,      22,       1,       3,       1,     10.0000,      1.4158,     42.8349,    252.6827,     63.5903,      3.4953,      0.0000,     -0.0325,      1.3663,      0.1475,      5.6748,     11.3496,      1.3037,     29.5190,     59.0381,      0.0195,      0.0011,      0.0156,      0.2122,   7989.8140,-422821.4062,   -913.7508,    559.9966,  26632.7129,
       1,     170,     257,      23,       1,       3,       1,     10.0000,      1.4158,     42.8349,    252.6827,     63.5903,      3.4953,      0.0000,     -0.0324,      1.0344,      0.1465,      5.6748,     11.3496,      1.2946,     29.5190,     59.0381,      0.0195,      0.0008,      0.0156,      0.2122,   7989.8140,-422508.4688,   -911.2505,    560.0185,  26632.7129,
       1,     170,     257,      24,       1,       3,       1,     10.0000,      1.4158,     42.8349,    252.6827,     63.5903,      3.4953,      0.0000,     -0.0322,      0.7381,      0.1404,      5.6748,     11.3496,      1.2407,     29.5190,     59.0381,      0.0195,      0.0006,      0.0156,      0.2122,   7989.8140,-422084.3750,   -911.2662,    560.0483,  26632.7129,
       1,     170,     258,       1,       1,       3,       1,     10.0000,      1.4158,     42.8352,    252.6887,     63.5918,      3.4953,      0.0000,     -0.0322,      0.8490,      0.1410,      5.6754,     11.3509,      1.2458,     29.5157,     59.0315,      0.0195,      0.0007,      0.0156,      0.2122,   7989.8140,-421848.4375,   -911.5383,    560.0779,  26633.9004,
       1,     170,     258,       2,       1,       3,       1,     10.0000,      1.4158,     42.8352,    252.6887,     63.5918,      3.4953,      0.0000,     -0.0321,      0.5673,      0.1382,      5.6754,     11.3509,      1.2208,     29.5157,     59.0315,      0.0195,      0.0004,      0.0156,      0.2122,   7990.1704,-421809.7812,   -911.3435,    560.0807,  26633.8984,
       1,     170,     258,       3,       1,       3,       1,     10.0000,      1.4158,     42.8352,    252.6887,     63.5918,      3.4953,      0.0000,     -0.0320,      0.3224,      0.1344,      5.6754,     11.3509,      1.1878,     29.5157,     59.0315,      0.0195,      0.0002,      0.0156,      0.2122,   7990.1699,-421469.1250,   -911.3135,    560.1046,  26633.9004,
       1,     170,     258,       4,       1,       3,       1,     10.0000,      1.4158,     42.8352,    252.6887,     63.5918,      3.4953,      0.0000,     -0.0319,      0.3161,      0.1321,      5.6754,     11.3509,      1.1675,     29.5157,     59.0315,      0.0195,      0.0002,      0.0156,      0.2122,   7990.1704,-421146.3750,   -911.2563,    560.1271,  26633.9004,
       1,     170,     258,       5,       1,       3,       1,     10.0000,      1.4158,     42.8352,    252.6887,     63.5918,      3.4953,      0.0000,     -0.0319,      0.3164,      0.1323,      5.6754,     11.3509,      1.1687,     29.5157,     59.0315,      0.0195,      0.0002,      0.0156,      0.2122,   7990.1704,-421111.7812,   -911.2521,    560.1296,  26633.9004,
       1,     170,     258,       6,       1,       3,       1,     10.0000,      1.4158,     42.8352,    252.6887,     63.5918,      3.4953,      0.0000,     -0.0318,      0.3110,      0.1303,      5.6754,     11.3509,      1.1510,     29.5157,     59.0315,      0.0195,      0.0002,      0.0156,      0.2122,   7990.1704,-421109.3438,   -910.0770,    560.1298,  26633.9004,
       1,     170,     258,       7,       1,       3,       1,     10.0000,      1.4158,     42.8352,    252.6887,     63.5918,      3.4953,      0.0000,     -0.0318,      0.3088,      0.1295,      5.6754,     11.3509,      1.1440,     29.5157,     59.0315,      0.0195,      0.0002,      0.0156,      0.2122,   7990.1704,-421102.5312,   -910.0773,    560.1302,  26633.8984,
       1,     170,     258,       8,       1,       3,       1,     10.0000,      1.4158,     42.8352,    252.6887,     63.5918,      3.4953,      0.0167,     -0.0153,      0.0832,      0.1359,      5.6754,     11.3509,      1.2012,     29.5157,     59.0315,      0.0195,      0.0003,      0.0040,      0.2122,   7990.1699,-421099.7500,   -910.0759,    560.1304,  26633.9004,
       1,     170,     258,       9,       1,       3,       1,     10.0000,      1.4158,     42.8352,    252.6887,     63.5918,      3.4953,      0.0964,      0.0636,      9.0517,      0.1558,      5.6754,     11.3509,      1.3767,     29.5157,     59.0315,      0.0195,      0.0009,      0.1155,      0.2122,   7990.1704,-420828.6562,   -910.1019,    560.1494,  26633.9004,
       1,     170,     258,      10,       1,       3,       1,     10.0000,      1.4158,     42.8352,    252.6887,     63.5918,      3.4953,      0.1620,      0.1288,     30.4574,      0.1690,      5.6754,     11.3509,      1.4931,     29.5157,     59.0315,      0.0195,      0.0018,      0.2066,      0.2122,   7990.1704,-431558.5625,   -912.6035,    559.3981,  26633.9004,
       1,     170,     258,      11,       1,       3,       1,     10.0000,      1.4158,     42.8352,    252.6887,     63.5918,      3.4953,      0.1951,      0.1609,     78.6565,      0.2011,      5.6754,     11.3509,      1.7769,     29.5157,     59.0315,      0.0195,      0.0038,      0.2488,      0.2122,   7990.1704,-458127.7812,   -918.6990,    557.5408,  26633.9023,
       1,     170,     258,      12,       1,       3,       1,     10.0000,      1.4158,     42.8352,    252.6887,     63.5918,      3.4953,      0.1619,      0.1293,     21.0923,      0.1513,      5.6754,     11.3509,      1.3371,     29.5157,     59.0315,      0.0195,      0.0012,      0.2075,      0.2122,   7990.1709,-518181.1562,   -930.4453,    553.3586,  26633.9004,
       1,     170,     258,      13,       1,       3,       1,     10.0000,      1.4158,     42.8352,    252.6887,     63.5918,      3.4953,      0.1915,      0.1589,     17.5921,      0.1507,      5.6754,     11.3509,      1.3317,     29.5157,     59.0315,      0.0195,      0.0008,      0.2500,      0.2121,   7990.1704,-454134.6875,   -916.8965,    557.8043,  26633.9004,
       1,     170,     258,      14,       1,       3,       1,     10.0000,      1.4158,     42.8352,    252.6887,     63.5918,      3.4953,      0.1941,      0.1608,     52.6658,      0.1727,      5.6754,     11.3509,      1.5263,     29.5157,     59.0315,      0.0195,      0.0025,      0.2500,      0.2122,   7990.1704,-444614.8125,   -916.3358,    558.4860,  26633.8984,
       1,     170,     258,      15,       1,       3,       1,     10.0000,      1.4158,     42.8352,    252.6887,     63.5918,      3.4953,      0.1330,      0.0997,     28.7524,      0.1700,      5.6754,     11.3509,      1.5021,     29.5157,     59.0315,      0.0195,      0.0021,      0.1653,      0.2122,   7990.1699,-485861.9375,   -925.7060,    555.6069,  26633.9004,
       1,     170,     258,      16,       1,       3,       1,     10.0000,      1.4158,     42.8352,    252.6887,     63.5918,      3.4953,      0.0918,      0.0589,     14.7231,      0.1598,      5.6754,     11.3509,      1.4117,     29.5157,     59.0315,      0.0195,      0.0016,      0.1083,      0.2122,   7990.1704,-460639.8438,   -921.8837,    557.3660,  26633.9023,
       1,     170,     258,      17,       1,       3,       1,     10.0000,      1.4158,     42.8352,    252.6887,     63.5918,      3.4953,      0.1166,      0.0838,     17.8798,      0.1556,      5.6754,     11.3509,      1.3753,     29.5157,     59.0315,      0.0195,      0.0015,      0.1433,      0.2122,   7990.1709,-441698.6250,   -918.8539,    558.6885,  26633.9004,
       1,     170,     258,      18,       1,       3,       1,     10.0000,      1.4158,     42.8352,    252.6887,     63.5918,      3.4953,      0.0735,      0.0409,      7.6433,      0.1525,      5.6754,     11.3509,      1.3479,     29.5157,     59.0315,      0.0195,      0.0011,      0.0832,      0.2122,   7990.1704,-443898.7812,   -919.7646,    558.5364,  26633.9004,
       1,     170,     258,      19,       1,       3,       1,     10.0000,      1.4158,     42.8352,    252.6887,     63.5918,      3.4953,      0.0320,     -0.0006,      2.1127,      0.1505,      5.6754,     11.3509,      1.3303,     29.5157,     59.0315,      0.0195,      0.0010,      0.0249,      0.2122,   7990.1704,-431804.4688,   -917.8203,    559.3808,  26633.9004,
       1,     170,     258,      20,       1,       3,       1,     10.0000,      1.4158,     42.8352,    252.6887,     63.5918,      3.4953,      0.0030,     -0.0292,      0.7613,      0.1398,      5.6754,     11.3509,      1.2358,     29.5157,     59.0315,      0.0195,      0.0006,      0.0156,      0.2122,   7990.1704,-424160.4688,   -910.8489,    559.9159,  26633.8984,
       1,     170,     258,      21,       1,       3,       1,     10.0000,      1.4158,     42.8352,    252.6887,     63.5918,      3.4953,      0.0000,     -0.0321,      0.5935,      0.1363,      5.6754,     11.3509,      1.2048,     29.5157,     59.0315,      0.0195,      0.0005,      0.0156,      0.2122,   7990.1699,-421899.1562,   -910.2880,    560.0744,  26633.9004,
       1,     170,     258,      22,       1,       3,       1,     10.0000,      1.4158,     42.8352,    252.6887,     63.5918,      3.4953,      0.0000,     -0.0321,      0.4167,      0.1365,      5.6754,     11.3509,      1.2061,     29.5157,     59.0315,      0.0195,      0.0003,      0.0156,      0.2122,   7990.1704,-421507.5625,   -910.2480,    560.1019,  26633.9004,
       1,     170,     258,      23,       1,       3,       1,     10.0000,      1.4158,     42.8352,    252.6887,     63.5918,      3.4953,      0.0000,     -0.0321,      0.3323,      0.1380,      5.6754,     11.3509,      1.2196,     29.5157,     59.0315,      0.0195,      0.0003,      0.0156,      0.2122,   7990.1704,-421262.6875,   -910.1101,    560.1190,  26633.9004,
       1,     170,     258,      24,       1,       3,       1,     10.0000,      1.4158,     42.8352,    252.6887,     63.5918,      3.4953,      0.0000,     -0.0322,      0.3346,      0.1389,      5.6754,     11.3509,      1.2270,     29.5157,     59.0315,      0.0195,      0.0003,      0.0156,      0.2122,   7990.1704,-421140.9062,   -910.0899,    560.1275,  26633.9004,
       1,     170,     259,       1,       1,       3,       1,     10.0000,      1.4158,     42.8355,    252.6946,     63.5933,      3.4953,      0.0000,     -0.0321,      0.3307,      0.1375,      5.6760,     11.3520,      1.2147,     29.5118,     59.0237,      0.0195,      0.0003,      0.0156,      0.2123,   7990.1704,-421289.2500,   -910.3805,    560.1304,  26635.0918,
       1,     170,     259,       2,       1,       3,       1,     10.0000,      1.4158,     42.8355,    252.6946,     63.5933,      3.4953,      0.0000,     -0.0320,      0.3228,      0.1346,      5.6760,     11.3520,      1.1891,     29.5118,     59.0237,      0.0195,      0.0002,      0.0156,      0.2123,   7990.5278,-421144.4688,   -910.1000,    560.1404,  26635.0938,
       1,     170,     259,       3,       1,       3,       1,     10.0000,      1.4158,     42.8355,    252.6946,     63.5933,      3.4953,      0.0000,     -0.0320,      0.3263,      0.1340,      5.6760,     11.3520,      1.1843,     29.5118,     59.0237,      0.0195,      0.0003,      0.0156,      0.2123,   7990.5283,-421122.6875,   -910.0977,    560.1420,  26635.0918,
       1,     170,     259,       4,       1,       3,       1,     10.0000,      1.4158,     42.8355,    252.6946,     63.5933,      3.4953,      0.0000,     -0.0319,      0.3358,      0.1329,      5.6760,     11.3520,      1.1747,     29.5118,     59.0237,      0.0195,      0.0003,      0.0156,      0.2123,   7990.5278,-421125.1875,   -910.1005,    560.1418,  26635.0938,
       1,     170,     259,       5,       1,       3,       1,     10.0000,      1.4158,     42.8355,    252.6946,     63.5933,      3.4953,      0.0000,     -0.0319,      0.3143,      0.1315,      5.6760,     11.3520,      1.1616,     29.5118,     59.0237,      0.0195,      0.0002,      0.0156,      0.2123,   7990.5283,-421136.6250,   -910.1057,    560.1411,  26635.0938,
       1,     170,     259,       6,       1,       3,       1,     10.0000,      1.4158,     42.8355,    252.6946,     63.5933,      3.4953,      0.0000,     -0.0320,      0.3198,      0.1335,      5.6760,     11.3520,      1.1795,     29.5118,     59.0237,      0.0195,      0.0002,      0.0156,      0.2123,   7990.5283,-421111.7500,   -910.0768,    560.1428,  26635.0938,
       1,     170,     259,       7,       1,       3,       1,     10.0000,      1.4158,     42.8355,    252.6946,     63.5933,      3.4953,      0.0000,     -0.0319,      0.3168,      0.1324,      5.6760,     11.3520,      1.1699,     29.5118,     59.0237,      0.0195,      0.0002,      0.0156,      0.2123,   7990.5283,-421116.3750,   -910.0793,    560.1425,  26635.0938,
       1,     170,     259,       8,       1,       3,       1,     10.0000,      1.4158,     42.8355,    252.6946,     63.5933,      3.4953,      0.0153,     -0.0165,      0.0452,      0.1305,      5.6760,     11.3520,      1.1534,     29.5118,     59.0237,      0.0195,      0.0002,      0.0023,      0.2123,   7990.5283,-421113.0938,   -910.0803,    560.1427,  26635.0938,
       1,     170,     259,       9,       1,       3,       1,     10.0000,      1.4158,     42.8355,    252.6946,     63.5933,      3.4953,      0.1389,      0.1068,      3.8060,      0.1375,      5.6760,     11.3520,      1.2147,     29.5118,     59.0237,      0.0195,      0.0003,      0.1768,      0.2123,   7990.5283,-420787.3438,   -910.0928,    560.1655,  26635.0938,
       1,     170,     259,      10,       1,       3,       1,     10.0000,      1.4158,     42.8355,    252.6946,     63.5933,      3.4953,      0.1785,      0.1453,     28.0791,      0.1670,      5.6760,     11.3520,      1.4753,     29.5118,     59.0237,      0.0195,      0.0015,      0.2303,      0.2123,   7990.5283,-425268.1875,   -911.3979,    559.8517,  26635.0938,
       1,     170,     259,      11,       1,       3,       1,     10.0000,      1.4158,     42.8355,    252.6946,     63.5933,      3.4953,      0.1637,      0.1305,     24.2285,      0.1660,      5.6760,     11.3520,      1.4665,     29.5118,     59.0237,      0.0195,      0.0014,      0.2097,      0.2123,   7990.5283,-454744.5625,   -917.7215,    557.7891,  26635.0938,
       1,     170,     259,      12,       1,       3,       1,     10.0000,      1.4158,     42.8355,    252.6946,     63.5933,      3.4953,      0.1951,      0.1611,     67.3816,      0.1952,      5.6760,     11.3520,      1.7250,     29.5118,     59.0237,      0.0195,      0.0033,      0.2500,      0.2122,   7990.5283,-452608.5625,   -918.5762,    557.9418,  26635.0938,
       1,     170,     259,      13,       1,       3,       1,     10.0000,      1.4158,     42.8355,    252.6946,     63.5933,      3.4953,      0.1965,      0.1624,     85.8936,      0.1991,      5.6760,     11.3520,      1.7594,     29.5118,     59.0237,      0.0195,      0.0041,      0.2500,      0.2122,   7990.5283,-504179.7188,   -930.4777,    554.3451,  26635.0918,
       1,     170,     259,      14,       1,       3,       1,     10.0000,      1.4158,     42.8355,    252.6946,     63.5933,      3.4953,      0.1707,      0.1373,     53.7931,      0.1734,      5.6760,     11.3520,      1.5325,     29.5118,     59.0237,      0.0195,      0.0030,      0.2164,      0.2122,   7990.5278,-530750.1875,   -935.1349,    552.5155,  26635.0938,
       1,     170,     259,      15,       1,       3,       1,     10.0000,      1.4158,     42.8355,    252.6946,     63.5933,      3.4953,      0.0849,      0.0517,     16.3542,      0.1698,      5.6760,     11.3520,      1.5006,     29.5118,     59.0237,      0.0195,      0.0020,      0.0981,      0.2121,   7990.5283,-494421.3750,   -929.7574,    555.0275,  26635.0957,
       1,     170,     259,      16,       1,       3,       1,     10.0000,      1.4158,     42.8355,    252.6946,     63.5933,      3.4953,      0.0873,      0.0545,      8.2675,      0.1569,      5.6760,     11.3520,      1.3864,     29.5118,     59.0237,      0.0195,      0.0010,      0.1027,      0.2122,   7990.5288,-446469.4688,   -916.1375,    558.3601,  26635.0957,
       1,     170,     259,      17,       1,       3,       1,     10.0000,      1.4158,     42.8355,    252.6946,     63.5933,      3.4953,      0.1260,      0.0933,      8.9446,      0.1539,      5.6760,     11.3520,      1.3602,     29.5118,     59.0237,      0.0195,      0.0007,      0.1577,      0.2122,   7990.5288,-432781.5938,   -914.1108,    559.3254,  26635.0938,
       1,     170,     259,      18,       1,       3,       1,     10.0000,      1.4158,     42.8355,    252.6946,     63.5933,      3.4953,      0.1077,      0.0749,     10.5503,      0.1549,      5.6760,     11.3520,      1.3684,     29.5118,     59.0237,      0.0195,      0.0010,      0.1314,      0.2123,   7990.5283,-432436.5938,   -914.6500,    559.3504,  26635.0938,
       1,     170,     259,      19,       1,       3,       1,     10.0000,      1.4158,     42.8355,    252.6946,     63.5933,      3.4953,      0.0820,      0.0492,      9.1371,      0.1583,      5.6760,     11.3520,      1.3990,     29.5118,     59.0237,      0.0195,      0.0012,      0.0950,      0.2123,   7990.5283,-434331.9375,   -915.4930,    559.2179,  26635.0957,
       1,     170,     259,      20,       1,       3,       1,     10.0000,      1.4158,     42.8355,    252.6946,     63.5933,      3.4953,      0.0105,     -0.0220,      0.6876,      0.1489,      5.6760,     11.3520,      1.3157,     29.5118,     59.0237,      0.0195,      0.0005,      0.0156,      0.2123,   7990.5288,-432796.2188,   -915.7222,    559.3253,  26635.0938,
       1,     170,     259,      21,       1,       3,       1,     10.0000,      1.4158,     42.8355,    252.6946,     63.5933,      3.4953,      0.0000,     -0.0324,      0.6606,      0.1455,      5.6760,     11.3520,      1.2855,     29.5118,     59.0237,      0.0195,      0.0005,      0.0156,      0.2123,   7990.5283,-422536.8750,   -913.9067,    560.0426,  26635.0938,
       1,     170,     259,      22,       1,       3,       1,     10.0000,      1.4158,     42.8355,    252.6946,     63.5933,      3.4953,      0.0000,     -0.0322,      0.4876,      0.1410,      5.6760,     11.3520,      1.2458,     29.5118,     59.0237,      0.0195,      0.0004,      0.0156,      0.2123,   7990.5283,-421644.9688,   -913.7726,    560.1055,  26635.0918,
       1,     170,     259,      23,       1,       3,       1,     10.0000,      1.4158,     42.8355,    252.6946,     63.5933,      3.4953,      0.0000,     -0.0321,      0.3326,      0.1382,      5.6760,     11.3520,      1.2209,     29.5118,     59.0237,      0.0195,      0.0003,      0.0156,      0.2123,   7990.5278,-421362.4062,   -913.7340,    560.1252,  26635.0957,
       1,     170,     259,      24,       1,       3,       1,     10.0000,      1.4158,     42.8355,    252.6946,     63.5933,      3.4953,      0.0000,     -0.0321,      0.4275,      0.1383,      5.6760,     11.3520,      1.2221,     29.5118,     59.0237,      0.0195,      0.0003,      0.0156,      0.2123,   7990.5288,-421152.5938,   -913.6963,    560.1400,  26635.0938,
       1,     170,     260,       1,       1,       3,       1,     10.0000,      1.4158,     42.8359,    252.7006,     63.5948,      3.4953,      0.0000,     -0.0322,      0.3397,      0.1389,      5.6758,     11.3515,      1.2271,     29.5099,     59.0198,      0.0195,      0.0003,      0.0156,      0.2123,   7990.5283,-421404.2500,   -914.0198,    560.1356,  26636.2852,
       1,     170,     260,       2,       1,       3,       1,     10.0000,      1.4158,     42.8359,    252.7006,     63.5948,      3.4953,      0.0000,     -0.0321,      0.3338,      0.1386,      5.6758,     11.3515,      1.2246,     29.5099,     59.0198,      0.0195,      0.0003,      0.0156,      0.2123,   7990.8857,-421167.6562,   -913.7190,    560.1522,  26636.2852,
       1,     170,     260,       3,       1,       3,       1,     10.0000,      1.4158,     42.8359,    252.7006,     63.5948,      3.4953,      0.0000,     -0.0321,      0.3311,      0.1376,      5.6758,     11.3515,      1.2159,     29.5099,     59.0198,      0.0195,      0.0003,      0.0156,      0.2123,   7990.8857,-421140.7812,   -913.7153,    560.1541,  26636.2832,
       1,     170,     260,       4,       1,       3,       1,     10.0000,      1.4158,     42.8359,    252.7006,     63.5948,      3.4953,      0.0000,     -0.0320,      0.3269,      0.1361,      5.6758,     11.3515,      1.2025,     29.5099,     59.0198,      0.0195,      0.0003,      0.0156,      0.2123,   7990.8853,-421135.5000,   -913.7162,    560.1545,  26636.2852,
       1,     170,     260,       5,       1,       3,       1,     10.0000,      1.4158,     42.8359,    252.7006,     63.5948,      3.4953,      0.0000,     -0.0319,      0.3198,      0.1335,      5.6758,     11.3515,      1.1795,     29.5099,     59.0198,      0.0195,      0.0002,      0.0156,      0.2123,   7990.8857,-421129.7812,   -913.7166,    560.1549,  26636.2852,
       1,     170,     260,       6,       1,       3,       1,     10.0000,      1.4158,     42.8359,    252.7006,     63.5948,      3.4953,      0.0000,     -0.0320,      0.3265,      0.1359,      5.6758,     11.3515,      1.2012,     29.5099,     59.0198,      0.0195,      0.0003,      0.0156,      0.2123,   7990.8857,-421120.7188,   -913.7162,    560.1555,  26636.2852,
       1,     170,     260,       7,       1,       3,       1,     10.0000,      1.4158,     42.8359,    252.7006,     63.5948,      3.4953,      0.0000,     -0.0321,      0.3277,      0.1364,      5.6758,     11.3515,      1.2049,     29.5099,     59.0198,      0.0195,      0.0003,      0.0156,      0.2123,   7990.8857,-421128.0938,   -913.7191,    560.1550,  26636.2852,
       1,     170,     260,       8,       1,       3,       1,     10.0000,      1.4158,     42.8359,    252.7006,     63.5948,      3.4953,      0.0075,     -0.0245,      0.3273,      0.1362,      5.6758,     11.3515,      1.2037,     29.5099,     59.0198,      0.0195,      0.0003,      0.0156,      0.2123,   7990.8857,-421130.0938,   -913.7208,    560.1548,  26636.2852,
       1,     170,     260,       9,       1,       3,       1,     10.0000,      1.4158,     42.8359,    252.7006,     63.5948,      3.4953,      0.0988,      0.0666,      2.6106,      0.1406,      5.6758,     11.3515,      1.2421,     29.5099,     59.0198,      0.0195,      0.0003,      0.1200,      0.2123,   7990.8857,-421129.8750,   -913.7576,    560.1549,  26636.2852,
       1,     170,     260,      10,       1,       3,       1,     10.0000,      1.4158,     42.8359,    252.7006,     63.5948,      3.4953,      0.1689,      0.1360,     19.3351,      0.1607,      5.6758,     11.3515,      1.4203,     29.5099,     59.0198,      0.0195,      0.0011,      0.2177,      0.2123,   7990.8857,-423866.5000,   -914.6812,    559.9633,  26636.2871,
       1,     170,     260,      11,       1,       3,       1,     10.0000,      1.4158,     42.8359,    252.7006,     63.5948,      3.4953,      0.1961,      0.1622,     79.5877,      0.1912,      5.6758,     11.3515,      1.6895,     29.5099,     59.0198,      0.0195,      0.0038,      0.2500,      0.2123,   7990.8862,-444143.5625,   -919.4658,    558.5439,  26636.2832,
       1,     170,     260,      12,       1,       3,       1,     10.0000,      1.4158,     42.8359,    252.7006,     63.5948,      3.4953,      0.1987,      0.1640,    114.7638,      0.2148,      5.6758,     11.3515,      1.8984,     29.5099,     59.0198,      0.0195,      0.0055,      0.2500,      0.2123,   7990.8853,-518094.7812,   -935.2847,    553.3826,  26636.2852,
       1,     170,     260,      13,       1,       3,       1,     10.0000,      1.4158,     42.8359,    252.7006,     63.5948,      3.4953,      0.1999,      0.1650,    131.8461,      0.2239,      5.6758,     11.3515,      1.9783,     29.5099,     59.0198,      0.0195,      0.0064,      0.2500,      0.2122,   7990.8857,-566578.0000,   -947.0378,    550.0527,  26636.2852,
       1,     170,     260,      14,       1,       3,       1,     10.0000,      1.4158,     42.8359,    252.7006,     63.5948,      3.4953,      0.1993,      0.1644,    124.4220,      0.2245,      5.6758,     11.3515,      1.9842,     29.5099,     59.0198,      0.0195,      0.0060,      0.2500,      0.2121,   7990.8857,-591154.2500,   -954.0726,    548.3729,  26636.2852,
       1,     170,     260,      15,       1,       3,       1,     10.0000,      1.4158,     42.8359,    252.7006,     63.5948,      3.4953,      0.1893,      0.1545,    100.9853,      0.2204,      5.6758,     11.3515,      1.9475,     29.5099,     59.0198,      0.0195,      0.0051,      0.2381,      0.2121,   7990.8857,-584282.1250,   -954.7128,    548.8465,  26636.2832,
       1,     170,     260,      16,       1,       3,       1,     10.0000,      1.4158,     42.8359,    252.7006,     63.5948,      3.4953,      0.1976,      0.1626,    121.3615,      0.2268,      5.6758,     11.3515,      2.0037,     29.5099,     59.0198,      0.0195,      0.0059,      0.2479,      0.2121,   7990.8853,-555541.7500,   -950.5001,    550.8185,  26636.2832,
       1,     170,     260,      17,       1,       3,       1,     10.0000,      1.4158,     42.8359,    252.7006,     63.5948,      3.4953,      0.1837,      0.1490,     97.1289,      0.2176,      5.6758,     11.3515,      1.9228,     29.5099,     59.0198,      0.0195,      0.0051,      0.2304,      0.2121,   7990.8853,-577625.9375,   -956.0563,    549.3015,  26636.2832,
       1,     170,     260,      18,       1,       3,       1,     10.0000,      1.4158,     42.8359,    252.7006,     63.5948,      3.4953,      0.0653,      0.0323,      7.8912,      0.1610,      5.6758,     11.3515,      1.4231,     29.5099,     59.0198,      0.0195,      0.0013,      0.0712,      0.2121,   7990.8853,-550357.0000,   -938.9384,    551.1760,  26636.0527,
       1,     170,     260,      19,       1,       3,       1,     10.0000,      1.4158,     42.8359,    252.7006,     63.5948,      3.4953,      0.0501,      0.0175,      4.7437,      0.1512,      5.6758,     11.3515,      1.3358,     29.5099,     59.0198,      0.0195,      0.0011,      0.0503,      0.2121,   7990.8159,-440937.7500,   -919.2449,    558.7178,  26636.2832,
       1,     170,     260,      20,       1,       3,       1,     10.0000,      1.4158,     42.8359,    252.7006,     63.5948,      3.4953,      0.0036,     -0.0293,      1.5249,      0.1599,      5.6758,     11.3515,      1.4132,     29.5099,     59.0198,      0.0195,      0.0012,      0.0156,      0.2123,   7990.8853,-428146.0938,   -917.1032,    559.6630,  26636.2832,
       1,     170,     260,      21,       1,       3,       1,     10.0000,      1.4158,     42.8359,    252.7006,     63.5948,      3.4953,      0.0000,     -0.0329,      1.1303,      0.1590,      5.6758,     11.3515,      1.4047,     29.5099,     59.0198,      0.0195,      0.0009,      0.0156,      0.2123,   7990.8853,-423154.9062,   -916.3323,    560.0129,  26636.2832,
       1,     170,     260,      22,       1,       3,       1,     10.0000,      1.4158,     42.8359,    252.7006,     63.5948,      3.4953,      0.0000,     -0.0329,      1.6167,      0.1599,      5.6758,     11.3515,      1.4132,     29.5099,     59.0198,      0.0195,      0.0013,      0.0156,      0.2123,   7990.8853,-422262.5938,   -916.2518,    560.0756,  26636.2812,
       1,     170,     260,      23,       1,       3,       1,     10.0000,      1.4158,     42.8359,    252.7006,     63.5948,      3.4953,      0.0000,     -0.0328,      1.5601,      0.1578,      5.6758,     11.3515,      1.3948,     29.5099,     59.0198,      0.0195,      0.0012,      0.0156,      0.2123,   7990.8848,-422770.7188,   -916.4994,    560.0399,  26636.2832,
       1,     170,     260,      24,       1,       3,       1,     10.0000,      1.4158,     42.8359,    252.7006,     63.5948,      3.4953,      0.0000,     -0.0325,      0.6015,      0.1473,      5.6758,     11.3515,      1.3012,     29.5099,     59.0198,      0.0195,      0.0005,      0.0156,      0.2123,   7990.8853,-422745.3750,   -916.6252,    560.0417,  26636.2832,
       1,     170,     261,       1,       1,       3,       1,     10.0000,      1.4158,     42.8362,    252.7065,     63.5963,      3.4953,      0.0000,     -0.0323,      1.0939,      0.1440,      5.6753,     11.3507,      1.2726,     29.5128,     59.0256,      0.0195,      0.0008,      0.0156,      0.2123,   7990.8853,-421749.1562,   -916.7328,    560.1245,  26637.4727,
       1,     170,     261,       2,       1,       3,       1,     10.0000,      1.4158,     42.8362,    252.7065,     63.5963,      3.4953,      0.0000,     -0.0324,      1.1375,      0.1461,      5.6753,     11.3507,      1.2908,     29.5128,     59.0256,      0.0195,      0.0009,      0.0156,      0.2123,   7991.2422,-422103.6875,   -916.6220,    560.0997,  26637.4727,
       1,     170,     261,       3,       1,       3,       1,     10.0000,      1.4158,     42.8362,    252.7065,     63.5963,      3.4953,      0.0000,     -0.0324,      1.2962,      0.1442,      5.6753,     11.3507,      1.2739,     29.5128,     59.0256,      0.0195,      0.0010,      0.0156,      0.2123,   7991.2422,-422185.6875,   -916.7241,    560.0939,  26637.4707,
       1,     170,     261,       4,       1,       3,       1,     10.0000,      1.4158,     42.8362,    252.7065,     63.5963,      3.4953,      0.0000,     -0.0323,      0.7587,      0.1421,      5.6753,     11.3507,      1.2560,     29.5128,     59.0256,      0.0195,      0.0006,      0.0156,      0.2123,   7991.2417,-422383.0000,   -916.8736,    560.0801,  26637.4707,
       1,     170,     261,       5,       1,       3,       1,     10.0000,      1.4158,     42.8362,    252.7065,     63.5963,      3.4953,      0.0000,     -0.0322,      0.3369,      0.1397,      5.6753,     11.3507,      1.2346,     29.5128,     59.0256,      0.0195,      0.0003,      0.0156,      0.2123,   7991.2417,-421755.2812,   -916.7903,    560.1240,  26637.4727,
       1,     170,     261,       6,       1,       3,       1,     10.0000,      1.4158,     42.8362,    252.7065,     63.5963,      3.4953,      0.0000,     -0.0321,      0.3277,      0.1364,      5.6753,     11.3507,      1.2049,     29.5128,     59.0256,      0.0195,      0.0003,      0.0156,      0.2123,   7991.2422,-421196.9688,   -916.6874,    560.1631,  26637.4727,
       1,     170,     261,       7,       1,       3,       1,     10.0000,      1.4158,     42.8362,    252.7065,     63.5963,      3.4953,      0.0000,     -0.0320,      0.3205,      0.1338,      5.6753,     11.3507,      1.1819,     29.5128,     59.0256,      0.0195,      0.0002,      0.0156,      0.2123,   7991.2422,-421139.0938,   -916.6778,    560.1672,  26637.4707,
       1,     170,     261,       8,       1,       3,       1,     10.0000,      1.4158,     42.8362,    252.7065,     63.5963,      3.4953,      0.0155,     -0.0165,      0.0483,      0.1346,      5.6753,     11.3507,      1.1891,     29.5128,     59.0256,      0.0195,      0.0002,      0.0023,      0.2123,   7991.2417,-421125.7500,   -916.6770,    560.1682,  26637.4727,
       1,     170,     261,       9,       1,       3,       1,     10.0000,      1.4158,     42.8362,    252.7065,     63.5963,      3.4953,      0.0996,      0.0670,      5.7112,      0.1484,      5.6753,     11.3507,      1.3118,     29.5128,     59.0256,      0.0195,      0.0006,      0.1206,      0.2123,   7991.2422,-420798.1875,   -913.7352,    560.1910,  26637.4727,
       1,     170,     261,      10,       1,       3,       1,     10.0000,      1.4158,     42.8362,    252.7065,     63.5963,      3.4953,      0.1804,      0.1469,     36.7859,      0.1764,      5.6753,     11.3507,      1.5587,     29.5128,     59.0256,      0.0195,      0.0019,      0.2321,      0.2123,   7991.2422,-427557.7812,   -915.4146,    559.7178,  26637.4707,
       1,     170,     261,      11,       1,       3,       1,     10.0000,      1.4158,     42.8362,    252.7065,     63.5963,      3.4953,      0.1904,      0.1565,     53.3347,      0.1893,      5.6753,     11.3507,      1.6728,     29.5128,     59.0256,      0.0195,      0.0026,      0.2447,      0.2123,   7991.2417,-465372.0312,   -923.8391,    557.0723,  26637.4727,
       1,     170,     261,      12,       1,       3,       1,     10.0000,      1.4158,     42.8362,    252.7065,     63.5963,      3.4953,      0.1963,      0.1618,     84.6597,      0.2125,      5.6753,     11.3507,      1.8779,     29.5128,     59.0256,      0.0195,      0.0041,      0.2500,      0.2123,   7991.2422,-488405.3438,   -929.9570,    555.4747,  26637.4727,
       1,     170,     261,      13,       1,       3,       1,     10.0000,      1.4158,     42.8362,    252.7065,     63.5963,      3.4953,      0.1958,      0.1613,     76.9327,      0.2082,      5.6753,     11.3507,      1.8395,     29.5128,     59.0256,      0.0195,      0.0037,      0.2500,      0.2123,   7991.2422,-527912.1875,   -940.0024,    552.7338,  26637.4746,
       1,     170,     261,      14,       1,       3,       1,     10.0000,      1.4158,     42.8362,    252.7065,     63.5963,      3.4953,      0.1958,      0.1613,     76.6294,      0.2076,      5.6753,     11.3507,      1.8341,     29.5128,     59.0256,      0.0195,      0.0037,      0.2500,      0.2122,   7991.2427,-521957.0312,   -940.9299,    553.1520,  26637.4707,
       1,     170,     261,      15,       1,       3,       1,     10.0000,      1.4158,     42.8362,    252.7065,     63.5963,      3.4953,      0.1967,      0.1621,     89.2095,      0.2138,      5.6753,     11.3507,      1.8891,     29.5128,     59.0256,      0.0195,      0.0043,      0.2500,      0.2122,   7991.2417,-521088.1875,   -942.5917,    553.2122,  26637.4707,
       1,     170,     261,      16,       1,       3,       1,     10.0000,      1.4158,     42.8362,    252.7065,     63.5963,      3.4953,      0.1964,      0.1618,     90.9747,      0.2165,      5.6753,     11.3507,      1.9134,     29.5128,     59.0256,      0.0195,      0.0044,      0.2495,      0.2122,   7991.2417,-536115.1875,   -947.0289,    552.1731,  26637.4707,
       1,     170,     261,      17,       1,       3,       1,     10.0000,      1.4158,     42.8362,    252.7065,     63.5963,      3.4953,      0.1783,      0.1438,     81.2691,      0.2113,      5.6753,     11.3507,      1.8669,     29.5128,     59.0256,      0.0195,      0.0044,      0.2244,      0.2122,   7991.2417,-539493.1250,   -949.0327,    551.9410,  26637.4707,
       1,     170,     261,      18,       1,       3,       1,     10.0000,      1.4158,     42.8362,    252.7065,     63.5963,      3.4953,      0.1497,      0.1156,     50.6613,      0.1983,      5.6753,     11.3507,      1.7526,     29.5128,     59.0256,      0.0195,      0.0033,      0.1867,      0.2122,   7991.2417,-528121.1875,   -947.8338,    552.7256,  26637.4688,
       1,     170,     261,      19,       1,       3,       1,     10.0000,      1.4158,     42.8362,    252.7065,     63.5963,      3.4953,      0.0817,      0.0480,     18.3031,      0.1847,      5.6753,     11.3507,      1.6318,     29.5128,     59.0256,      0.0195,      0.0024,      0.0929,      0.2122,   7991.2407,-490430.5625,   -941.1539,    555.3302,  26637.4707,
       1,     170,     261,      20,       1,       3,       1,     10.0000,      1.4158,     42.8362,    252.7065,     63.5963,      3.4953,      0.0039,     -0.0294,      1.9952,      0.1714,      5.6753,     11.3507,      1.5143,     29.5128,     59.0256,      0.0195,      0.0015,      0.0156,      0.2123,   7991.2417,-448477.9688,   -933.2841,    558.2485,  26637.4707,
       1,     170,     261,      21,       1,       3,       1,     10.0000,      1.4158,     42.8362,    252.7065,     63.5963,      3.4953,      0.0000,     -0.0332,      1.8617,      0.1673,      5.6753,     11.3507,      1.4784,     29.5128,     59.0256,      0.0195,      0.0014,      0.0156,      0.2123,   7991.2417,-425430.1562,   -928.8769,    559.8645,  26637.4707,
       1,     170,     261,      22,       1,       3,       1,     10.0000,      1.4158,     42.8362,    252.7065,     63.5963,      3.4953,      0.0000,     -0.0331,      1.7737,      0.1651,      5.6753,     11.3507,      1.4593,     29.5128,     59.0256,      0.0195,      0.0014,      0.0156,      0.2123,   7991.2417,-423335.7188,   -928.5222,    560.0134,  26637.4707,
       1,     170,     261,      23,       1,       3,       1,     10.0000,      1.4158,     42.8362,    252.7065,     63.5963,      3.4953,      0.0000,     -0.0329,      0.9349,      0.1586,      5.6753,     11.3507,      1.4019,     29.5128,     59.0256,      0.0195,      0.0007,      0.0156,      0.2123,   7991.2417,-423051.9062,   -910.5806,    560.0333,  26637.4746,
       1,     170,     261,      24,       1,       3,       1,     10.0000,      1.4158,     42.8362,    252.7065,     63.5963,      3.4953,      0.0000,     -0.0327,      0.4280,      0.1530,      5.6753,     11.3507,      1.3520,     29.5128,     59.0256,      0.0195,      0.0003,      0.0156,      0.2123,   7991.2427,-422022.1875,   -910.4621,    560.1054,  26637.4746,
       1,     170,     262,       1,       1,       3,       1,     10.0000,      1.4159,     42.8365,    252.7125,     63.5978,      3.4953,      0.0000,     -0.0327,      0.5575,      0.1536,      5.6753,     11.3507,      1.3575,     29.5185,     59.0371,      0.0195,      0.0004,      0.0156,      0.2123,   7991.2427,-421483.7812,   -910.6356,    560.1562,  26638.6680,
       1,     170,     262,       2,       1,       3,       1,     10.0000,      1.4159,     42.8365,    252.7125,     63.5978,      3.4953,      0.0000,     -0.0328,      0.9653,      0.1564,      5.6753,     11.3507,      1.3823,     29.5185,     59.0371,      0.0195,      0.0007,      0.0156,      0.2123,   7991.6006,-421441.3438,   -910.3961,    560.1592,  26638.6680,
       1,     170,     262,       3,       1,       3,       1,     10.0000,      1.4159,     42.8365,    252.7125,     63.5978,      3.4953,      0.0000,     -0.0326,      0.6120,      0.1515,      5.6753,     11.3507,      1.3385,     29.5185,     59.0371,      0.0195,      0.0005,      0.0156,      0.2123,   7991.6006,-421926.5312,   -910.3041,    560.1252,  26638.6680,
       1,     170,     262,       4,       1,       3,       1,     10.0000,      1.4159,     42.8365,    252.7125,     63.5978,      3.4953,      0.0000,     -0.0324,      0.3497,      0.1443,      5.6753,     11.3507,      1.2753,     29.5185,     59.0371,      0.0195,      0.0003,      0.0156,      0.2123,   7991.6006,-421543.6875,   -910.1861,    560.1520,  26638.6680,
       1,     170,     262,       5,       1,       3,       1,     10.0000,      1.4159,     42.8365,    252.7125,     63.5978,      3.4953,      0.0000,     -0.0323,      0.3444,      0.1424,      5.6753,     11.3507,      1.2586,     29.5185,     59.0371,      0.0195,      0.0003,      0.0156,      0.2123,   7991.6006,-421197.2812,   -910.1251,    560.1763,  26638.6699,
       1,     170,     262,       6,       1,       3,       1,     10.0000,      1.4159,     42.8365,    252.7125,     63.5978,      3.4953,      0.0000,     -0.0322,      0.3425,      0.1399,      5.6753,     11.3507,      1.2359,     29.5185,     59.0371,      0.0195,      0.0003,      0.0156,      0.2123,   7991.6011,-421161.5312,   -910.1197,    560.1788,  26638.6660,
       1,     170,     262,       7,       1,       3,       1,     10.0000,      1.4159,     42.8365,    252.7125,     63.5978,      3.4953,      0.0000,     -0.0321,      0.4101,      0.1385,      5.6753,     11.3507,      1.2234,     29.5185,     59.0371,      0.0195,      0.0003,      0.0156,      0.2123,   7991.6001,-421156.7500,   -910.1220,    560.1791,  26638.6660,
       1,     170,     262,       8,       1,       3,       1,     10.0000,      1.4159,     42.8365,    252.7125,     63.5978,      3.4953,      0.0200,     -0.0122,      0.1807,      0.1382,      5.6753,     11.3507,      1.2209,     29.5185,     59.0371,      0.0195,      0.0003,      0.0085,      0.2123,   7991.6001,-421237.3438,   -910.1492,    560.1735,  26638.6680,
       1,     170,     262,       9,       1,       3,       1,     10.0000,      1.4159,     42.8365,    252.7125,     63.5978,      3.4953,      0.1147,      0.0823,      9.1811,      0.1470,      5.6753,     11.3507,      1.2986,     29.5185,     59.0371,      0.0195,      0.0008,      0.1417,      0.2123,   7991.6006,-420969.0625,   -910.1529,    560.1923,  26638.6660,
       1,     170,     262,      10,       1,       3,       1,     10.0000,      1.4159,     42.8365,    252.7125,     63.5978,      3.4953,      0.1623,      0.1292,     25.1723,      0.1640,      5.6753,     11.3507,      1.4491,     29.5185,     59.0371,      0.0195,      0.0015,      0.2076,      0.2123,   7991.6001,-431732.4375,   -912.6237,    559.4386,  26638.6699,
       1,     170,     262,      11,       1,       3,       1,     10.0000,      1.4159,     42.8365,    252.7125,     63.5978,      3.4953,      0.1917,      0.1579,     64.5656,      0.1865,      5.6753,     11.3507,      1.6481,     29.5185,     59.0371,      0.0195,      0.0032,      0.2453,      0.2123,   7991.6011,-451802.3125,   -917.2809,    558.0356,  26638.6680,
       1,     170,     262,      12,       1,       3,       1,     10.0000,      1.4159,     42.8365,    252.7125,     63.5978,      3.4953,      0.1963,      0.1619,     82.8488,      0.2045,      5.6753,     11.3507,      1.8071,     29.5185,     59.0371,      0.0195,      0.0040,      0.2500,      0.2123,   7991.6006,-500717.5938,   -928.3721,    554.6254,  26638.6680,
       1,     170,     262,      13,       1,       3,       1,     10.0000,      1.4159,     42.8365,    252.7125,     63.5978,      3.4953,      0.1966,      0.1621,     87.7414,      0.2106,      5.6753,     11.3507,      1.8614,     29.5185,     59.0371,      0.0195,      0.0042,      0.2500,      0.2123,   7991.6006,-526775.5000,   -935.9006,    552.8291,  26638.6699,
       1,     170,     262,      14,       1,       3,       1,     10.0000,      1.4159,     42.8365,    252.7125,     63.5978,      3.4953,      0.1947,      0.1596,    116.0986,      0.2322,      5.6753,     11.3507,      2.0515,     29.5185,     59.0371,      0.0195,      0.0057,      0.2443,      0.2122,   7991.6011,-534821.9375,   -939.7184,    552.2760,  26638.6699,
       1,     170,     262,      15,       1,       3,       1,     10.0000,      1.4159,     42.8365,    252.7125,     63.5978,      3.4953,      0.1972,      0.1625,     96.7418,      0.2191,      5.6753,     11.3507,      1.9361,     29.5185,     59.0371,      0.0195,      0.0047,      0.2500,      0.2122,   7991.6011,-569532.0000,   -948.3455,    549.8801,  26638.6699,
       1,     170,     262,      16,       1,       3,       1,     10.0000,      1.4159,     42.8365,    252.7125,     63.5978,      3.4953,      0.1444,      0.1109,     37.9573,      0.1792,      5.6753,     11.3507,      1.5838,     29.5185,     59.0371,      0.0195,      0.0025,      0.1806,      0.2122,   7991.6011,-549198.5000,   -946.1095,    551.2830,  26638.6680,
       1,     170,     262,      17,       1,       3,       1,     10.0000,      1.4159,     42.8365,    252.7125,     63.5978,      3.4953,      0.0239,     -0.0092,      1.7338,      0.1661,      5.6753,     11.3507,      1.4681,     29.5185,     59.0371,      0.0195,      0.0016,      0.0127,      0.2122,   7991.6006,-476917.1562,   -932.9921,    556.2656,  26638.6680,
       1,     170,     262,      18,       1,       3,       1,     10.0000,      1.4159,     42.8365,    252.7125,     63.5978,      3.4953,      0.0247,     -0.0082,      1.1326,      0.1579,      5.6753,     11.3507,      1.3949,     29.5185,     59.0371,      0.0195,      0.0010,      0.0142,      0.2123,   7991.6006,-427502.1250,   -920.8304,    559.7242,  26638.6680,
       1,     170,     262,      19,       1,       3,       1,     10.0000,      1.4159,     42.8365,    252.7125,     63.5978,      3.4953,      0.0155,     -0.0173,      0.0707,      0.1556,      5.6753,     11.3507,      1.3754,     29.5185,     59.0371,      0.0195,      0.0006,      0.0014,      0.2123,   7991.6006,-422648.1250,   -915.5659,    560.0746,  26638.6680,
       1,     170,     262,      20,       1,       3,       1,     10.0000,      1.4159,     42.8365,    252.7125,     63.5978,      3.4953,      0.0020,     -0.0308,      0.6127,      0.1553,      5.6753,     11.3507,      1.3726,     29.5185,     59.0371,      0.0195,      0.0005,      0.0156,      0.2123,   7991.6006,-420955.7188,   -912.4753,    560.1932,  26638.6680,
       1,     170,     262,      21,       1,       3,       1,     10.0000,      1.4159,     42.8365,    252.7125,     63.5978,      3.4953,      0.0000,     -0.0326,      0.7843,      0.1509,      5.6753,     11.3507,      1.3331,     29.5185,     59.0371,      0.0195,      0.0006,      0.0156,      0.2123,   7991.6006,-421463.2188,   -912.6047,    560.1577,  26638.6680,
       1,     170,     262,      22,       1,       3,       1,     10.0000,      1.4159,     42.8365,    252.7125,     63.5978,      3.4953,      0.0000,     -0.0325,      0.7605,      0.1473,      5.6753,     11.3507,      1.3013,     29.5185,     59.0371,      0.0195,      0.0006,      0.0156,      0.2123,   7991.6006,-421711.4062,   -912.7091,    560.1403,  26638.6680,
       1,     170,     262,      23,       1,       3,       1,     10.0000,      1.4159,     42.8365,    252.7125,     63.5978,      3.4953,      0.0000,     -0.0325,      1.3070,      0.1486,      5.6753,     11.3507,      1.3131,     29.5185,     59.0371,      0.0195,      0.0010,      0.0156,      0.2123,   7991.6006,-421703.6562,   -912.7581,    560.1409,  26638.6680,
       1,     170,     262,      24,       1,       3,       1,     10.0000,      1.4159,     42.8365,    252.7125,     63.5978,      3.4953,      0.0000,     -0.0323,      0.7353,      0.1427,      5.6753,     11.3507,      1.2611,     29.5185,     59.0371,      0.0195,      0.0006,      0.0156,      0.2123,   7991.6006,-422357.8125,   -912.9795,    560.0950,  26638.6680,
       1,     170,     263,       1,       1,       3,       1,     10.0000,      1.4159,     42.8369,    252.7184,     63.5993,      3.4953,      0.0000,     -0.0322,      0.3350,      0.1390,      5.6766,     11.3532,      1.2284,     29.5147,     59.0294,      0.0195,      0.0003,      0.0156,      0.2124,   7991.6006,-421883.0312,   -913.2074,    560.1415,  26639.8594,
       1,     170,     263,       2,       1,       3,       1,     10.0000,      1.4159,     42.8369,    252.7184,     63.5993,      3.4953,      0.0000,     -0.0322,      0.3373,      0.1399,      5.6766,     11.3532,      1.2359,     29.5147,     59.0294,      0.0195,      0.0003,      0.0156,      0.2124,   7991.9580,-421210.9062,   -912.8215,    560.1885,  26639.8594,
       1,     170,     263,       3,       1,       3,       1,     10.0000,      1.4159,     42.8369,    252.7184,     63.5993,      3.4953,      0.0000,     -0.0321,      0.3281,      0.1365,      5.6766,     11.3532,      1.2062,     29.5147,     59.0294,      0.0195,      0.0003,      0.0156,      0.2124,   7991.9580,-421157.4375,   -912.8121,    560.1924,  26639.8594,
       1,     170,     263,       4,       1,       3,       1,     10.0000,      1.4159,     42.8369,    252.7184,     63.5993,      3.4953,      0.0000,     -0.0319,      0.3157,      0.1320,      5.6766,     11.3532,      1.1665,     29.5147,     59.0294,      0.0195,      0.0002,      0.0156,      0.2124,   7991.9580,-421141.7500,   -912.8098,    560.1935,  26639.8594,
       1,     170,     263,       5,       1,       3,       1,     10.0000,      1.4159,     42.8369,    252.7184,     63.5993,      3.4953,      0.0000,     -0.0320,      0.4899,      0.1357,      5.6766,     11.3532,      1.1989,     29.5147,     59.0294,      0.0195,      0.0004,      0.0156,      0.2124,   7991.9580,-421125.6562,   -912.8072,    560.1946,  26639.8594,
       1,     170,     263,       6,       1,       3,       1,     10.0000,      1.4159,     42.8369,    252.7184,     63.5993,      3.4953,      0.0000,     -0.0322,      0.4175,      0.1409,      5.6766,     11.3532,      1.2447,     29.5147,     59.0294,      0.0195,      0.0003,      0.0156,      0.2124,   7991.9580,-421332.9688,   -912.8588,    560.1801,  26639.8594,
       1,     170,     263,       7,       1,       3,       1,     10.0000,      1.4159,     42.8369,    252.7184,     63.5993,      3.4953,      0.0000,     -0.0322,      0.3377,      0.1400,      5.6766,     11.3532,      1.2372,     29.5147,     59.0294,      0.0195,      0.0003,      0.0156,      0.2124,   7991.9580,-421263.6250,   -912.8533,    560.1849,  26639.8613,
       1,     170,     263,       8,       1,       3,       1,     10.0000,      1.4159,     42.8369,    252.7184,     63.5993,      3.4953,      0.0092,     -0.0229,      0.3331,      0.1383,      5.6766,     11.3532,      1.2222,     29.5147,     59.0294,      0.0195,      0.0003,      0.0156,      0.2124,   7991.9585,-421162.0312,   -912.8345,    560.1921,  26639.8594,
       1,     170,     263,       9,       1,       3,       1,     10.0000,      1.4159,     42.8369,    252.7184,     63.5993,      3.4953,      0.0975,      0.0650,      4.6321,      0.1470,      5.6766,     11.3532,      1.2987,     29.5147,     59.0294,      0.0195,      0.0005,      0.1178,      0.2124,   7991.9580,-421148.0938,   -912.8707,    560.1930,  26639.8594,
       1,     170,     263,      10,       1,       3,       1,     10.0000,      1.4159,     42.8369,    252.7184,     63.5993,      3.4953,      0.1511,      0.1180,     23.9204,      0.1645,      5.6766,     11.3532,      1.4535,     29.5147,     59.0294,      0.0195,      0.0015,      0.1917,      0.2124,   7991.9580,-426298.1562,   -914.2900,    559.8324,  26639.8594,
       1,     170,     263,      11,       1,       3,       1,     10.0000,      1.4159,     42.8369,    252.7184,     63.5993,      3.4953,      0.1743,      0.1407,     44.1496,      0.1805,      5.6766,     11.3532,      1.5950,     29.5147,     59.0294,      0.0195,      0.0024,      0.2226,      0.2124,   7991.9580,-449843.8438,   -919.5146,    558.1848,  26639.8594,
       1,     170,     263,      12,       1,       3,       1,     10.0000,      1.4159,     42.8369,    252.7184,     63.5993,      3.4953,      0.1863,      0.1523,     62.7128,      0.1925,      5.6766,     11.3532,      1.7014,     29.5147,     59.0294,      0.0195,      0.0032,      0.2378,      0.2123,   7991.9580,-476073.4688,   -925.8975,    556.3571,  26639.8594,
       1,     170,     263,      13,       1,       3,       1,     10.0000,      1.4159,     42.8369,    252.7184,     63.5993,      3.4953,      0.1874,      0.1531,     68.7769,      0.2015,      5.6766,     11.3532,      1.7806,     29.5147,     59.0294,      0.0195,      0.0035,      0.2388,      0.2123,   7991.9580,-500535.7812,   -929.5073,    554.6589,  26639.8574,
       1,     170,     263,      14,       1,       3,       1,     10.0000,      1.4159,     42.8369,    252.7184,     63.5993,      3.4953,      0.1888,      0.1544,     66.7496,      0.2051,      5.6766,     11.3532,      1.8126,     29.5147,     59.0294,      0.0195,      0.0033,      0.2410,      0.2123,   7991.9575,-509860.6875,   -933.2875,    554.0149,  26639.8574,
       1,     170,     263,      15,       1,       3,       1,     10.0000,      1.4159,     42.8369,    252.7184,     63.5993,      3.4953,      0.1875,      0.1530,     71.1065,      0.2088,      5.6766,     11.3532,      1.8450,     29.5147,     59.0294,      0.0195,      0.0036,      0.2387,      0.2123,   7991.9575,-508205.7188,   -934.8209,    554.1298,  26639.8574,
       1,     170,     263,      16,       1,       3,       1,     10.0000,      1.4159,     42.8369,    252.7184,     63.5993,      3.4953,      0.1968,      0.1620,     90.6578,      0.2206,      5.6766,     11.3532,      1.9496,     29.5147,     59.0294,      0.0195,      0.0044,      0.2500,      0.2123,   7991.9575,-513294.4062,   -937.4360,    553.7775,  26639.8555,
       1,     170,     263,      17,       1,       3,       1,     10.0000,      1.4159,     42.8369,    252.7184,     63.5993,      3.4953,      0.1719,      0.1374,     72.0757,      0.2104,      5.6766,     11.3532,      1.8596,     29.5147,     59.0294,      0.0195,      0.0040,      0.2162,      0.2123,   7991.9570,-537179.0625,   -943.9520,    552.1242,  26639.8574,
       1,     170,     263,      18,       1,       3,       1,     10.0000,      1.4159,     42.8369,    252.7184,     63.5993,      3.4953,      0.0499,      0.0161,      9.3068,      0.1871,      5.6766,     11.3532,      1.6531,     29.5147,     59.0294,      0.0195,      0.0023,      0.0484,      0.2122,   7991.9575,-516877.2812,   -941.3139,    553.5278,  26639.8574,
       1,     170,     263,      19,       1,       3,       1,     10.0000,      1.4159,     42.8369,    252.7184,     63.5993,      3.4953,      0.0256,     -0.0079,      1.8593,      0.1792,      5.6766,     11.3532,      1.5839,     29.5147,     59.0294,      0.0195,      0.0015,      0.0147,      0.2123,   7991.9575,-439865.4062,   -926.9775,    558.8582,  26639.8574,
       1,     170,     263,      20,       1,       3,       1,     10.0000,      1.4159,     42.8369,    252.7184,     63.5993,      3.4953,      0.0052,     -0.0282,      1.7331,      0.1740,      5.6766,     11.3532,      1.5372,     29.5147,     59.0294,      0.0195,      0.0013,      0.0156,      0.2124,   7991.9575,-424574.6250,   -924.1964,    559.9520,  26639.8574,
       1,     170,     263,      21,       1,       3,       1,     10.0000,      1.4159,     42.8369,    252.7184,     63.5993,      3.4953,      0.0000,     -0.0334,      1.3898,      0.1727,      5.6766,     11.3532,      1.5265,     29.5147,     59.0294,      0.0195,      0.0011,      0.0156,      0.2124,   7991.9575,-423113.6875,   -924.0095,    560.0554,  26639.8574,
       1,     170,     263,      22,       1,       3,       1,     10.0000,      1.4159,     42.8369,    252.7184,     63.5993,      3.4953,      0.0000,     -0.0333,      1.2211,      0.1712,      5.6766,     11.3532,      1.5128,     29.5147,     59.0294,      0.0195,      0.0009,      0.0156,      0.2124,   7991.9575,-422578.4062,   -923.9649,    560.0928,  26639.8574,
       1,     170,     263,      23,       1,       3,       1,     10.0000,      1.4159,     42.8369,    252.7184,     63.5993,      3.4953,      0.0000,     -0.0333,      1.0033,      0.1710,      5.6766,     11.3532,      1.5113,     29.5147,     59.0294,      0.0195,      0.0008,      0.0156,      0.2124,   7991.9575,-422331.4375,   -923.9622,    560.1102,  26639.8594,
       1,     170,     263,      24,       1,       3,       1,     10.0000,      1.4159,     42.8369,    252.7184,     63.5993,      3.4953,      0.0000,     -0.0333,      0.7423,      0.1709,      5.6766,     11.3532,      1.5098,     29.5147,     59.0294,      0.0195,      0.0006,      0.0156,      0.2124,   7991.9580,-422049.2500,   -922.3372,    560.1299,  26639.8574,
       1,     170,     264,       1,       1,       3,       1,     10.0000,      1.4159,     42.8372,    252.7244,     63.6008,      3.4953,      0.0000,     -0.0331,      0.4062,      0.1645,      5.6763,     11.3525,      1.4535,     29.5143,     59.0286,      0.0196,      0.0003,      0.0156,      0.2124,   7991.9575,-421868.1562,   -922.5983,    560.1559,  26641.0469,
       1,     170,     264,       2,       1,       3,       1,     10.0000,      1.4159,     42.8372,    252.7244,     63.6008,      3.4953,      0.0000,     -0.0331,      0.4057,      0.1643,      5.6763,     11.3525,      1.4521,     29.5143,     59.0286,      0.0196,      0.0003,      0.0156,      0.2124,   7992.3145,-421298.0625,   -922.2244,    560.1957,  26641.0469,
       1,     170,     264,       3,       1,       3,       1,     10.0000,      1.4159,     42.8372,    252.7244,     63.6008,      3.4953,      0.0000,     -0.0330,      0.3993,      0.1620,      5.6763,     11.3525,      1.4318,     29.5143,     59.0286,      0.0196,      0.0003,      0.0156,      0.2124,   7992.3145,-421249.7500,   -922.2170,    560.1992,  26641.0469,
       1,     170,     264,       4,       1,       3,       1,     10.0000,      1.4159,     42.8372,    252.7244,     63.6008,      3.4953,      0.0000,     -0.0330,      0.3965,      0.1611,      5.6763,     11.3525,      1.4232,     29.5143,     59.0286,      0.0196,      0.0003,      0.0156,      0.2124,   7992.3145,-421237.9062,   -922.2164,    560.2000,  26641.0488,
       1,     170,     264,       5,       1,       3,       1,     10.0000,      1.4159,     42.8372,    252.7244,     63.6008,      3.4953,      0.0000,     -0.0329,      0.3924,      0.1596,      5.6763,     11.3525,      1.4104,     29.5143,     59.0286,      0.0196,      0.0003,      0.0156,      0.2124,   7992.3149,-421233.3750,   -922.2166,    560.2003,  26641.0469,
       1,     170,     264,       6,       1,       3,       1,     10.0000,      1.4159,     42.8372,    252.7244,     63.6008,      3.4953,      0.0000,     -0.0329,      0.3906,      0.1590,      5.6763,     11.3525,      1.4048,     29.5143,     59.0286,      0.0196,      0.0003,      0.0156,      0.2124,   7992.3145,-421228.3438,   -922.2178,    560.2007,  26641.0469,
       1,     170,     264,       7,       1,       3,       1,     10.0000,      1.4159,     42.8372,    252.7244,     63.6008,      3.4953,      0.0000,     -0.0328,      0.3826,      0.1561,      5.6763,     11.3525,      1.3796,     29.5143,     59.0286,      0.0196,      0.0003,      0.0156,      0.2124,   7992.3145,-421225.7500,   -922.2191,    560.2008,  26641.0469,
       1,     170,     264,       8,       1,       3,       1,     10.0000,      1.4159,     42.8372,    252.7244,     63.6008,      3.4953,      0.0120,     -0.0208,      0.3875,      0.1579,      5.6763,     11.3525,      1.3950,     29.5143,     59.0286,      0.0196,      0.0003,      0.0156,      0.2124,   7992.3145,-421216.0000,   -922.2186,    560.2015,  26641.0469,
       1,     170,     264,       9,       1,       3,       1,     10.0000,      1.4159,     42.8372,    252.7244,     63.6008,      3.4953,      0.0954,      0.0623,      3.7789,      0.1656,      5.6763,     11.3525,      1.4637,     29.5143,     59.0286,      0.0196,      0.0004,      0.1146,      0.2124,   7992.3145,-421221.0000,   -922.2451,    560.2011,  26641.0469,
       1,     170,     264,      10,       1,       3,       1,     10.0000,      1.4159,     42.8372,    252.7244,     63.6008,      3.4953,      0.1743,      0.1402,     36.7139,      0.1974,      5.6763,     11.3525,      1.7440,     29.5143,     59.0286,      0.0196,      0.0020,      0.2236,      0.2124,   7992.3145,-425284.6875,   -923.2603,    559.9166,  26641.0469,
       1,     170,     264,      11,       1,       3,       1,     10.0000,      1.4159,     42.8372,    252.7244,     63.6008,      3.4953,      0.1960,      0.1612,     81.0719,      0.2185,      5.6763,     11.3525,      1.9305,     29.5143,     59.0286,      0.0196,      0.0039,      0.2499,      0.2124,   7992.3145,-465086.7812,   -931.6971,    557.1310,  26641.0449,
       1,     170,     264,      12,       1,       3,       1,     10.0000,      1.4159,     42.8372,    252.7244,     63.6008,      3.4953,      0.1915,      0.1565,     98.2999,      0.2272,      5.6763,     11.3525,      2.0078,     29.5143,     59.0286,      0.0196,      0.0049,      0.2416,      0.2124,   7992.3140,-521620.5625,   -943.9360,    553.2008,  26641.0469,
       1,     170,     264,      13,       1,       3,       1,     10.0000,      1.4159,     42.8372,    252.7244,     63.6008,      3.4953,      0.1979,      0.1627,    107.1744,      0.2345,      5.6763,     11.3525,      2.0718,     29.5143,     59.0286,      0.0196,      0.0052,      0.2499,      0.2123,   7992.3145,-547052.6875,   -948.9170,    551.4559,  26641.0469,
       1,     170,     264,      14,       1,       3,       1,     10.0000,      1.4159,     42.8372,    252.7244,     63.6008,      3.4953,      0.1975,      0.1619,    123.5726,      0.2491,      5.6763,     11.3525,      2.2010,     29.5143,     59.0286,      0.0196,      0.0060,      0.2477,      0.2123,   7992.3145,-559821.9375,   -953.0913,    550.5784,  26641.0449,
       1,     170,     264,      15,       1,       3,       1,     10.0000,      1.4159,     42.8372,    252.7244,     63.6008,      3.4953,      0.1978,      0.1619,    136.4847,      0.2607,      5.6763,     11.3525,      2.3040,     29.5143,     59.0286,      0.0196,      0.0067,      0.2468,      0.2122,   7992.3140,-580576.0000,   -958.8533,    549.1509,  26641.0469,
       1,     170,     264,      16,       1,       3,       1,     10.0000,      1.4159,     42.8372,    252.7244,     63.6008,      3.4953,      0.1941,      0.1584,    132.8549,      0.2535,      5.6763,     11.3525,      2.2400,     29.5143,     59.0286,      0.0196,      0.0066,      0.2418,      0.2122,   7992.3145,-597822.7500,   -963.8475,    547.9689,  26641.0449,
       1,     170,     264,      17,       1,       3,       1,     10.0000,      1.4159,     42.8372,    252.7244,     63.6008,      3.4953,      0.1301,      0.0954,     57.5840,      0.2157,      5.6763,     11.3525,      1.9060,     29.5143,     59.0286,      0.0196,      0.0044,      0.1576,      0.2122,   7992.3140,-594905.4375,   -964.5516,    548.1699,  26641.0449,
       1,     170,     264,      18,       1,       3,       1,     10.0000,      1.4159,     42.8372,    252.7244,     63.6008,      3.4953,      0.1138,      0.0794,     38.3308,      0.2035,      5.6763,     11.3525,      1.7983,     29.5143,     59.0286,      0.0196,      0.0034,      0.1364,      0.2122,   7992.3140,-504233.0625,   -947.2680,    554.3829,  26641.0449,
       1,     170,     264,      19,       1,       3,       1,     10.0000,      1.4159,     42.8372,    252.7244,     63.6008,      3.4953,      0.0970,      0.0628,     27.6808,      0.1974,      5.6763,     11.3525,      1.7440,     29.5143,     59.0286,      0.0196,      0.0029,      0.1135,      0.2123,   7992.3140,-473680.4375,   -941.5482,    556.5355,  26641.0430,
       1,     170,     264,      20,       1,       3,       1,     10.0000,      1.4159,     42.8372,    252.7244,     63.6008,      3.4953,      0.0071,     -0.0267,      3.2022,      0.1847,      5.6763,     11.3525,      1.6319,     29.5143,     59.0286,      0.0196,      0.0025,      0.0156,      0.2124,   7992.3130,-458327.4062,   -938.7151,    557.6077,  26641.0410,
       1,     170,     264,      21,       1,       3,       1,     10.0000,      1.4159,     42.8372,    252.7244,     63.6008,      3.4953,      0.0000,     -0.0334,      2.4070,      0.1757,      5.6763,     11.3525,      1.5527,     29.5143,     59.0286,      0.0196,      0.0019,      0.0156,      0.2124,   7992.3125,-427697.9375,   -932.6990,    559.7437,  26641.0430,
       1,     170,     264,      22,       1,       3,       1,     10.0000,      1.4159,     42.8372,    252.7244,     63.6008,      3.4953,      0.0000,     -0.0335,      1.7912,      0.1759,      5.6763,     11.3525,      1.5542,     29.5143,     59.0286,      0.0196,      0.0014,      0.0156,      0.2124,   7992.3130,-424189.6875,   -932.0278,    559.9933,  26641.0410,
       1,     170,     264,      23,       1,       3,       1,     10.0000,      1.4159,     42.8372,    252.7244,     63.6008,      3.4953,      0.0000,     -0.0334,      1.6186,      0.1734,      5.6763,     11.3525,      1.5326,     29.5143,     59.0286,      0.0196,      0.0013,      0.0156,      0.2124,   7992.3125,-423152.9062,   -931.8384,    560.0659,  26641.0410,
       1,     170,     264,      24,       1,       3,       1,     10.0000,      1.4159,     42.8372,    252.7244,     63.6008,      3.4953,      0.0000,     -0.0333,      1.4872,      0.1721,      5.6763,     11.3525,      1.5204,     29.5143,     59.0286,      0.0196,      0.0012,      0.0156,      0.2124,   7992.3125,-422859.2500,   -931.7946,    560.0865,  26641.0449,
       1,     170,     265,       1,       1,       3,       1,     10.0000,      1.4159,     42.8375,    252.7303,     63.6023,      3.4953,      0.0000,     -0.0334,      1.3687,      0.1731,      5.6761,     11.3521,      1.5296,     29.5178,     59.0356,      0.0196,      0.0011,      0.0156,      0.2124,   7992.3140,-422831.9688,   -932.0854,    560.1015,  26642.2344,
       1,     170,     265,       2,       1,       3,       1,     10.0000,      1.4159,     42.8375,    252.7303,     63.6023,      3.4953,      0.0000,     -0.0333,      1.2337,      0.1724,      5.6761,     11.3521,      1.5235,     29.5178,     59.0356,      0.0196,      0.0010,      0.0156,      0.2124,   7992.6704,-422535.5625,   -931.7579,    560.1222,  26642.2344,
       1,     170,     265,       3,       1,       3,       1,     10.0000,      1.4159,     42.8375,    252.7303,     63.6023,      3.4953,      0.0000,     -0.0332,      0.7939,      0.1680,      5.6761,     11.3521,      1.4844,     29.5178,     59.0356,      0.0196,      0.0006,      0.0156,      0.2124,   7992.6704,-422349.1875,   -931.7305,    560.1353,  26642.2344,
       1,     170,     265,       4,       1,       3,       1,     10.0000,      1.4159,     42.8375,    252.7303,     63.6023,      3.4953,      0.0000,     -0.0330,      0.5556,      0.1627,      5.6761,     11.3521,      1.4376,     29.5178,     59.0356,      0.0196,      0.0004,      0.0156,      0.2124,   7992.6704,-421806.5938,   -931.6289,    560.1733,  26642.2363,
       1,     170,     265,       5,       1,       3,       1,     10.0000,      1.4159,     42.8375,    252.7303,     63.6023,      3.4953,      0.0000,     -0.0329,      0.4648,      0.1606,      5.6761,     11.3521,      1.4190,     29.5178,     59.0356,      0.0196,      0.0004,      0.0156,      0.2124,   7992.6714,-421475.4375,   -931.5660,    560.1965,  26642.2344,
       1,     170,     265,       6,       1,       3,       1,     10.0000,      1.4159,     42.8375,    252.7303,     63.6023,      3.4953,      0.0000,     -0.0329,      0.6243,      0.1607,      5.6761,     11.3521,      1.4204,     29.5178,     59.0356,      0.0196,      0.0005,      0.0156,      0.2124,   7992.6704,-421339.0938,   -910.1248,    560.2060,  26642.2402,
       1,     170,     265,       7,       1,       3,       1,     10.0000,      1.4159,     42.8375,    252.7303,     63.6023,      3.4953,      0.0000,     -0.0327,      0.3748,      0.1533,      5.6761,     11.3521,      1.3549,     29.5178,     59.0356,      0.0196,      0.0003,      0.0156,      0.2124,   7992.6724,-421518.0312,   -910.1791,    560.1935,  26642.2422,
       1,     170,     265,       8,       1,       3,       1,     10.0000,      1.4159,     42.8375,    252.7303,     63.6023,      3.4953,      0.0053,     -0.0273,      0.3709,      0.1519,      5.6761,     11.3521,      1.3427,     29.5178,     59.0356,      0.0196,      0.0003,      0.0156,      0.2124,   7992.6729,-421233.9062,   -910.0956,    560.2134,  26642.2383,
       1,     170,     265,       9,       1,       3,       1,     10.0000,      1.4159,     42.8375,    252.7303,     63.6023,      3.4953,      0.0393,      0.0066,      0.8487,      0.1536,      5.6761,     11.3521,      1.3576,     29.5178,     59.0356,      0.0196,      0.0003,      0.0352,      0.2124,   7992.6719,-421205.6250,   -910.1078,    560.2153,  26642.2422,
       1,     170,     265,      10,       1,       3,       1,     10.0000,      1.4159,     42.8375,    252.7303,     63.6023,      3.4953,      0.0656,      0.0328,      1.8018,      0.1580,      5.6761,     11.3521,      1.3964,     29.5178,     59.0356,      0.0196,      0.0003,      0.0725,      0.2124,   7992.6729,-421775.4688,   -910.3474,    560.1754,  26642.2422,
       1,     170,     265,      11,       1,       3,       1,     10.0000,      1.4159,     42.8375,    252.7303,     63.6023,      3.4953,      0.0629,      0.0301,      2.8249,      0.1583,      5.6761,     11.3521,      1.3992,     29.5178,     59.0356,      0.0196,      0.0005,      0.0685,      0.2124,   7992.6729,-422964.9688,   -910.8420,    560.0922,  26642.2402,
       1,     170,     265,      12,       1,       3,       1,     10.0000,      1.4159,     42.8375,    252.7303,     63.6023,      3.4953,      0.0463,      0.0140,      1.0856,      0.1410,      5.6761,     11.3521,      1.2460,     29.5178,     59.0356,      0.0196,      0.0003,      0.0456,      0.2124,   7992.6724,-424290.6875,   -910.8859,    559.9994,  26642.2422,
       1,     170,     265,      13,       1,       3,       1,     10.0000,      1.4159,     42.8375,    252.7303,     63.6023,      3.4953,      0.0174,     -0.0148,      0.1036,      0.1393,      5.6761,     11.3521,      1.2310,     29.5178,     59.0356,      0.0196,      0.0003,      0.0048,      0.2124,   7992.6729,-422317.9375,   -910.4005,    560.1375,  26642.2402,
       1,     170,     265,      14,       1,       3,       1,     10.0000,      1.4159,     42.8375,    252.7303,     63.6023,      3.4953,      0.0136,     -0.0184,      0.3243,      0.1351,      5.6761,     11.3521,      1.1941,     29.5178,     59.0356,      0.0196,      0.0003,      0.0156,      0.2124,   7992.6724,-420976.2812,   -910.1019,    560.2314,  26642.2402,
       1,     170,     265,      15,       1,       3,       1,     10.0000,      1.4159,     42.8375,    252.7303,     63.6023,      3.4953,      0.0294,     -0.0027,      0.4590,      0.1364,      5.6761,     11.3521,      1.2050,     29.5178,     59.0356,      0.0196,      0.0003,      0.0219,      0.2124,   7992.6724,-421128.2188,   -910.1121,    560.2208,  26642.2402,
       1,     170,     265,      16,       1,       3,       1,     10.0000,      1.4159,     42.8375,    252.7303,     63.6023,      3.4953,      0.1123,      0.0802,      2.9954,      0.1393,      5.6761,     11.3521,      1.2310,     29.5178,     59.0356,      0.0196,      0.0003,      0.1392,      0.2124,   7992.6724,-421302.3438,   -910.2282,    560.2086,  26642.2402,
       1,     170,     265,      17,       1,       3,       1,     10.0000,      1.4159,     42.8375,    252.7303,     63.6023,      3.4953,      0.1413,      0.1086,     13.3441,      0.1536,      5.6761,     11.3521,      1.3576,     29.5178,     59.0356,      0.0196,      0.0009,      0.1790,      0.2124,   7992.6724,-424355.3125,   -911.0647,    559.9948,  26642.2402,
       1,     170,     265,      18,       1,       3,       1,     10.0000,      1.4159,     42.8375,    252.7303,     63.6023,      3.4953,      0.1272,      0.0944,     13.4563,      0.1563,      5.6761,     11.3521,      1.3810,     29.5178,     59.0356,      0.0196,      0.0010,      0.1589,      0.2124,   7992.6724,-437009.2500,   -914.1725,    559.1091,  26642.2402,
       1,     170,     265,      19,       1,       3,       1,     10.0000,      1.4159,     42.8375,    252.7303,     63.6023,      3.4953,      0.0833,      0.0504,      5.5130,      0.1580,      5.6761,     11.3521,      1.3964,     29.5178,     59.0356,      0.0196,      0.0007,      0.0972,      0.2124,   7992.6724,-438206.5625,   -915.0129,    559.0261,  26642.2402,
       1,     170,     265,      20,       1,       3,       1,     10.0000,      1.4159,     42.8375,    252.7303,     63.6023,      3.4953,      0.0088,     -0.0238,      0.4987,      0.1498,      5.6761,     11.3521,      1.3239,     29.5178,     59.0356,      0.0196,      0.0004,      0.0156,      0.2124,   7992.6724,-428788.2500,   -913.6664,    559.6843,  26642.2402,
       1,     170,     265,      21,       1,       3,       1,     10.0000,      1.4159,     42.8375,    252.7303,     63.6023,      3.4953,      0.0000,     -0.0324,      0.3501,      0.1445,      5.6761,     11.3521,      1.2766,     29.5178,     59.0356,      0.0196,      0.0003,      0.0156,      0.2124,   7992.6724,-421992.4062,   -912.4719,    560.1602,  26642.2402,
       1,     170,     265,      22,       1,       3,       1,     10.0000,      1.4159,     42.8375,    252.7303,     63.6023,      3.4953,      0.0000,     -0.0324,      0.7652,      0.1465,      5.6761,     11.3521,      1.2948,     29.5178,     59.0356,      0.0196,      0.0006,      0.0156,      0.2124,   7992.6724,-421244.4062,   -912.3367,    560.2126,  26642.2402,
       1,     170,     265,      23,       1,       3,       1,     10.0000,      1.4159,     42.8375,    252.7303,     63.6023,      3.4953,      0.0000,     -0.0325,      0.3927,      0.1483,      5.6761,     11.3521,      1.3106,     29.5178,     59.0356,      0.0196,      0.0003,      0.0156,      0.2124,   7992.6724,-421678.8438,   -912.4594,    560.1823,  26642.2402,
       1,     170,     265,      24,       1,       3,       1,     10.0000,      1.4159,     42.8375,    252.7303,     63.6023,      3.4953,      0.0000,     -0.0325,      0.3570,      0.1470,      5.6761,     11.3521,      1.2987,     29.5178,     59.0356,      0.0196,      0.0003,      0.0156,      0.2124,   7992.6724,-421268.9375,   -912.3890,    560.2109,  26642.2402,
       1,     170,     266,       1,       1,       3,       1,     10.0000,      1.4160,     42.8379,    252.7363,     63.6038,      3.4953,      0.0000,     -0.0324,      0.3517,      0.1451,      5.6780,     11.3560,      1.2818,     29.4961,     58.9922,      0.0196,      0.0003,      0.0156,      0.2125,   7992.6724,-421347.5312,   -912.6682,    560.2188,  26643.4316,
       1,     170,     266,       2,       1,       3,       1,     10.0000,      1.4160,     42.8379,    252.7363,     63.6038,      3.4953,      0.0000,     -0.0323,      0.3445,      0.1424,      5.6780,     11.3560,      1.2587,     29.4961,     58.9922,      0.0196,      0.0003,      0.0156,      0.2125,   7993.0298,-421195.2500,   -912.3843,    560.2295,  26643.4316,
       1,     170,     266,       3,       1,       3,       1,     10.0000,      1.4160,     42.8379,    252.7363,     63.6038,      3.4953,      0.0000,     -0.0323,      0.3481,      0.1437,      5.6780,     11.3560,      1.2702,     29.4961,     58.9922,      0.0196,      0.0003,      0.0156,      0.2125,   7993.0298,-421173.6250,   -912.3820,    560.2310,  26643.4316,
       1,     170,     266,       4,       1,       3,       1,     10.0000,      1.4160,     42.8379,    252.7363,     63.6038,      3.4953,      0.0000,     -0.0324,      0.3521,      0.1452,      5.6780,     11.3560,      1.2831,     29.4961,     58.9922,      0.0196,      0.0003,      0.0156,      0.2125,   7993.0298,-421176.1875,   -912.3843,    560.2308,  26643.4336,
       1,     170,     266,       5,       1,       3,       1,     10.0000,      1.4160,     42.8379,    252.7363,     63.6038,      3.4953,      0.0000,     -0.0324,      0.3497,      0.1443,      5.6780,     11.3560,      1.2754,     29.4961,     58.9922,      0.0196,      0.0003,      0.0156,      0.2125,   7993.0303,-421181.1250,   -912.3864,    560.2305,  26643.4316,
       1,     170,     266,       6,       1,       3,       1,     10.0000,      1.4160,     42.8379,    252.7363,     63.6038,      3.4953,      0.0000,     -0.0323,      0.3441,      0.1423,      5.6780,     11.3560,      1.2574,     29.4961,     58.9922,      0.0196,      0.0003,      0.0156,      0.2125,   7993.0298,-421178.6875,   -910.0850,    560.2306,  26643.4316,
       1,     170,     266,       7,       1,       3,       1,     10.0000,      1.4160,     42.8379,    252.7363,     63.6038,      3.4953,      0.0000,     -0.0320,      0.3254,      0.1355,      5.6780,     11.3560,      1.1978,     29.4961,     58.9922,      0.0196,      0.0003,      0.0156,      0.2125,   7993.0298,-421171.8750,   -910.0856,    560.2311,  26643.4336,
       1,     170,     266,       8,       1,       3,       1,     10.0000,      1.4160,     42.8379,    252.7363,     63.6038,      3.4953,      0.0060,     -0.0261,      0.3262,      0.1358,      5.6780,     11.3560,      1.2002,     29.4961,     58.9922,      0.0196,      0.0003,      0.0156,      0.2125,   7993.0303,-421148.7188,   -910.0828,    560.2327,  26643.4316,
       1,     170,     266,       9,       1,       3,       1,     10.0000,      1.4160,     42.8379,    252.7363,     63.6038,      3.4953,      0.0958,      0.0635,      3.8788,      0.1403,      5.6780,     11.3560,      1.2398,     29.4961,     58.9922,      0.0196,      0.0004,      0.1155,      0.2125,   7993.0298,-421147.9062,   -910.0983,    560.2328,  26643.4336,
       1,     170,     266,      10,       1,       3,       1,     10.0000,      1.4160,     42.8379,    252.7363,     63.6038,      3.4953,      0.1527,      0.1197,     26.8494,      0.1619,      5.6780,     11.3560,      1.4305,     29.4961,     58.9922,      0.0196,      0.0017,      0.1936,      0.2125,   7993.0303,-425402.9688,   -911.1913,    559.9348,  26643.4316,
       1,     170,     266,      11,       1,       3,       1,     10.0000,      1.4160,     42.8379,    252.7363,     63.6038,      3.4953,      0.1956,      0.1616,     72.7954,      0.1927,      5.6780,     11.3560,      1.7032,     29.4961,     58.9922,      0.0196,      0.0035,      0.2500,      0.2125,   7993.0298,-453276.0312,   -917.4258,    557.9840,  26643.4316,
       1,     170,     266,      12,       1,       3,       1,     10.0000,      1.4160,     42.8379,    252.7363,     63.6038,      3.4953,      0.1782,      0.1440,     73.3323,      0.1984,      5.6780,     11.3560,      1.7528,     29.4961,     58.9922,      0.0196,      0.0039,      0.2250,      0.2124,   7993.0298,-510681.1562,   -930.4025,    553.9836,  26643.4336,
       1,     170,     266,      13,       1,       3,       1,     10.0000,      1.4160,     42.8379,    252.7363,     63.6038,      3.4953,      0.1659,      0.1320,     59.5541,      0.1925,      5.6780,     11.3560,      1.7015,     29.4961,     58.9922,      0.0196,      0.0034,      0.2089,      0.2124,   7993.0303,-516164.7812,   -933.2740,    553.6181,  26643.4316,
       1,     170,     266,      14,       1,       3,       1,     10.0000,      1.4160,     42.8379,    252.7363,     63.6038,      3.4953,      0.1973,      0.1625,     97.1481,      0.2198,      5.6780,     11.3560,      1.9420,     29.4961,     58.9922,      0.0196,      0.0047,      0.2500,      0.2124,   7993.0298,-500079.2812,   -931.6230,    554.7314,  26643.4316,
       1,     170,     266,      15,       1,       3,       1,     10.0000,      1.4160,     42.8379,    252.7363,     63.6038,      3.4953,      0.1783,      0.1436,     81.6340,      0.2149,      5.6780,     11.3560,      1.8986,     29.4961,     58.9922,      0.0196,      0.0044,      0.2243,      0.2124,   7993.0298,-543821.5625,   -942.0948,    551.6993,  26643.4297,
       1,     170,     266,      16,       1,       3,       1,     10.0000,      1.4160,     42.8379,    252.7363,     63.6038,      3.4953,      0.1321,      0.0986,     25.9980,      0.1800,      5.6780,     11.3560,      1.5903,     29.4961,     58.9922,      0.0196,      0.0019,      0.1643,      0.2123,   7993.0293,-528882.8125,   -940.7170,    552.7378,  26643.4316,
       1,     170,     266,      17,       1,       3,       1,     10.0000,      1.4160,     42.8379,    252.7363,     63.6038,      3.4953,      0.1081,      0.0749,     14.0473,      0.1668,      5.6780,     11.3560,      1.4741,     29.4961,     58.9922,      0.0196,      0.0013,      0.1315,      0.2123,   7993.0298,-460879.3438,   -928.3740,    557.4373,  26643.4316,
       1,     170,     266,      18,       1,       3,       1,     10.0000,      1.4160,     42.8379,    252.7363,     63.6038,      3.4953,      0.0135,     -0.0187,      1.3941,      0.1403,      5.6780,     11.3560,      1.2398,     29.4961,     58.9922,      0.0196,      0.0011,      0.0156,      0.2124,   7993.0298,-440934.6250,   -914.1516,    558.8470,  26643.4336,
       1,     170,     266,      19,       1,       3,       1,     10.0000,      1.4160,     42.8379,    252.7363,     63.6038,      3.4953,      0.0042,     -0.0277,      0.3654,      0.1320,      5.6780,     11.3560,      1.1665,     29.4961,     58.9922,      0.0196,      0.0003,      0.0156,      0.2124,   7993.0303,-424085.4062,   -910.8050,    560.0259,  26643.4297,
       1,     170,     266,      20,       1,       3,       1,     10.0000,      1.4160,     42.8379,    252.7363,     63.6038,      3.4953,      0.0009,     -0.0313,      0.3755,      0.1397,      5.6780,     11.3560,      1.2347,     29.4961,     58.9922,      0.0196,      0.0003,      0.0156,      0.2125,   7993.0293,-421442.8438,   -910.1507,    560.2121,  26643.4316,
       1,     170,     266,      21,       1,       3,       1,     10.0000,      1.4160,     42.8379,    252.7363,     63.6038,      3.4953,      0.0000,     -0.0319,      0.3873,      0.1335,      5.6780,     11.3560,      1.1797,     29.4961,     58.9922,      0.0196,      0.0003,      0.0156,      0.2125,   7993.0298,-421231.6562,   -910.1024,    560.2269,  26643.4316,
       1,     170,     266,      22,       1,       3,       1,     10.0000,      1.4160,     42.8379,    252.7363,     63.6038,      3.4953,      0.0000,     -0.0319,      0.3978,      0.1328,      5.6780,     11.3560,      1.1737,     29.4961,     58.9922,      0.0196,      0.0003,      0.0156,      0.2125,   7993.0298,-421228.0938,   -910.1131,    560.2272,  26643.4316,
       1,     170,     266,      23,       1,       3,       1,     10.0000,      1.4160,     42.8379,    252.7363,     63.6038,      3.4953,      0.0000,     -0.0320,      0.3258,      0.1357,      5.6780,     11.3560,      1.1990,     29.4961,     58.9922,      0.0196,      0.0003,      0.0156,      0.2125,   7993.0298,-421240.3438,   -910.1271,    560.2264,  26643.4316,
       1,     170,     266,      24,       1,       3,       1,     10.0000,      1.4160,     42.8379,    252.7363,     63.6038,      3.4953,      0.0000,     -0.0323,      0.3425,      0.1417,      5.6780,     11.3560,      1.2524,     29.4961,     58.9922,      0.0196,      0.0003,      0.0156,      0.2125,   7993.0298,-421155.0312,   -910.1131,    560.2323,  26643.4336,
       1,     170,     267,       1,       1,       3,       1,     10.0000,      1.4160,     42.8382,    252.7423,     63.6053,      3.4953,      0.0000,     -0.0324,      0.3534,      0.1457,      5.6772,     11.3544,      1.2871,     29.4909,     58.9818,      0.0196,      0.0003,      0.0156,      0.2125,   7993.0303,-421322.8438,   -910.4056,    560.2339,  26644.6191,
       1,     170,     267,       2,       1,       3,       1,     10.0000,      1.4160,     42.8382,    252.7423,     63.6053,      3.4953,      0.0000,     -0.0323,      0.3635,      0.1427,      5.6772,     11.3544,      1.2613,     29.4909,     58.9818,      0.0196,      0.0003,      0.0156,      0.2125,   7993.3862,-421198.1562,   -910.1301,    560.2426,  26644.6211,
       1,     170,     267,       3,       1,       3,       1,     10.0000,      1.4160,     42.8382,    252.7423,     63.6053,      3.4953,      0.0000,     -0.0323,      0.3611,      0.1437,      5.6772,     11.3544,      1.2703,     29.4909,     58.9818,      0.0196,      0.0003,      0.0156,      0.2125,   7993.3867,-421199.6562,   -910.0906,    560.2425,  26644.6211,
       1,     170,     267,       4,       1,       3,       1,     10.0000,      1.4160,     42.8382,    252.7423,     63.6053,      3.4953,      0.0000,     -0.0322,      0.3417,      0.1414,      5.6772,     11.3544,      1.2499,     29.4909,     58.9818,      0.0196,      0.0003,      0.0156,      0.2125,   7993.3867,-421196.9688,   -910.0933,    560.2427,  26644.6211,
       1,     170,     267,       5,       1,       3,       1,     10.0000,      1.4160,     42.8382,    252.7423,     63.6053,      3.4953,      0.0000,     -0.0322,      0.3409,      0.1412,      5.6772,     11.3544,      1.2473,     29.4909,     58.9818,      0.0196,      0.0003,      0.0156,      0.2125,   7993.3867,-421173.5000,   -910.0909,    560.2444,  26644.6211,
       1,     170,     267,       6,       1,       3,       1,     10.0000,      1.4160,     42.8382,    252.7423,     63.6053,      3.4953,      0.0000,     -0.0322,      0.3374,      0.1399,      5.6772,     11.3544,      1.2360,     29.4909,     58.9818,      0.0196,      0.0003,      0.0156,      0.2125,   7993.3867,-421170.4688,   -910.0924,    560.2446,  26644.6191,
       1,     170,     267,       7,       1,       3,       1,     10.0000,      1.4160,     42.8382,    252.7423,     63.6053,      3.4953,      0.0000,     -0.0321,      0.3319,      0.1379,      5.6772,     11.3544,      1.2186,     29.4909,     58.9818,      0.0196,      0.0003,      0.0156,      0.2125,   7993.3862,-421166.1875,   -910.0936,    560.2449,  26644.6191,
       1,     170,     267,       8,       1,       3,       1,     10.0000,      1.4160,     42.8382,    252.7423,     63.6053,      3.4953,      0.0073,     -0.0248,      0.3300,      0.1372,      5.6772,     11.3544,      1.2125,     29.4909,     58.9818,      0.0196,      0.0003,      0.0156,      0.2125,   7993.3862,-421159.3125,   -910.0938,    560.2454,  26644.6191,
       1,     170,     267,       9,       1,       3,       1,     10.0000,      1.4160,     42.8382,    252.7423,     63.6053,      3.4953,      0.0739,      0.0416,      2.1245,      0.1435,      5.6772,     11.3544,      1.2677,     29.4909,     58.9818,      0.0196,      0.0003,      0.0846,      0.2125,   7993.3862,-421156.3750,   -910.0965,    560.2455,  26644.6211,
       1,     170,     267,      10,       1,       3,       1,     10.0000,      1.4160,     42.8382,    252.7423,     63.6053,      3.4953,      0.1294,      0.0967,      5.1792,      0.1530,      5.6772,     11.3544,      1.3522,     29.4909,     58.9818,      0.0196,      0.0004,      0.1629,      0.2125,   7993.3867,-423305.3438,   -910.7194,    560.0950,  26644.6211,
       1,     170,     267,      11,       1,       3,       1,     10.0000,      1.4160,     42.8382,    252.7423,     63.6053,      3.4953,      0.1882,      0.1546,     32.5565,      0.1785,      5.6772,     11.3544,      1.5777,     29.4909,     58.9818,      0.0196,      0.0016,      0.2437,      0.2125,   7993.3867,-427144.1250,   -911.8654,    559.8263,  26644.6211,
       1,     170,     267,      12,       1,       3,       1,     10.0000,      1.4160,     42.8382,    252.7423,     63.6053,      3.4953,      0.1819,      0.1481,     47.4954,      0.1886,      5.6772,     11.3544,      1.6664,     29.4909,     58.9818,      0.0196,      0.0025,      0.2332,      0.2125,   7993.3867,-460257.8125,   -919.3331,    557.5092,  26644.6211,
       1,     170,     267,      13,       1,       3,       1,     10.0000,      1.4160,     42.8382,    252.7423,     63.6053,      3.4953,      0.1729,      0.1386,     63.5243,      0.2017,      5.6772,     11.3544,      1.7825,     29.4909,     58.9818,      0.0196,      0.0035,      0.2185,      0.2124,   7993.3867,-480947.2188,   -924.6104,    556.0720,  26644.6211,
       1,     170,     267,      14,       1,       3,       1,     10.0000,      1.4160,     42.8382,    252.7423,     63.6053,      3.4953,      0.0406,      0.0079,      2.2599,      0.1526,      5.6772,     11.3544,      1.3482,     29.4909,     58.9818,      0.0196,      0.0007,      0.0369,      0.2124,   7993.3867,-501891.7812,   -926.5948,    554.6181,  26644.6211,
       1,     170,     267,      15,       1,       3,       1,     10.0000,      1.4160,     42.8382,    252.7423,     63.6053,      3.4953,      0.0092,     -0.0225,      0.2979,      0.1255,      5.6772,     11.3544,      1.1087,     29.4909,     58.9818,      0.0196,      0.0002,      0.0156,      0.2124,   7993.3867,-430184.1250,   -911.9371,    559.5913,  26644.6211,
       1,     170,     267,      16,       1,       3,       1,     10.0000,      1.4160,     42.8382,    252.7423,     63.6053,      3.4953,      0.0103,     -0.0215,      0.3067,      0.1287,      5.6772,     11.3544,      1.1373,     29.4909,     58.9818,      0.0196,      0.0002,      0.0156,      0.2125,   7993.3867,-421900.8438,   -910.2390,    560.1931,  26644.6191,
       1,     170,     267,      17,       1,       3,       1,     10.0000,      1.4160,     42.8382,    252.7423,     63.6053,      3.4953,      0.0132,     -0.0186,      0.3129,      0.1309,      5.6772,     11.3544,      1.1571,     29.4909,     58.9818,      0.0196,      0.0002,      0.0156,      0.2125,   7993.3862,-421191.2188,   -910.1182,    560.2431,  26644.6211,
       1,     170,     267,      18,       1,       3,       1,     10.0000,      1.4160,     42.8382,    252.7423,     63.6053,      3.4953,      0.0206,     -0.0112,      0.1957,      0.1308,      5.6772,     11.3544,      1.1559,     29.4909,     58.9818,      0.0196,      0.0002,      0.0098,      0.2125,   7993.3867,-421138.4688,   -910.1049,    560.2468,  26644.6211,
       1,     170,     267,      19,       1,       3,       1,     10.0000,      1.4160,     42.8382,    252.7423,     63.6053,      3.4953,      0.0135,     -0.0184,      0.3154,      0.1319,      5.6772,     11.3544,      1.1654,     29.4909,     58.9818,      0.0196,      0.0002,      0.0156,      0.2125,   7993.3867,-420993.7188,   -910.1256,    560.2569,  26644.6191,
       1,     170,     267,      20,       1,       3,       1,     10.0000,      1.4160,     42.8382,    252.7423,     63.6053,      3.4953,      0.0014,     -0.0303,      0.3050,      0.1280,      5.6772,     11.3544,      1.1315,     29.4909,     58.9818,      0.0196,      0.0002,      0.0156,      0.2125,   7993.3862,-421125.1250,   -910.1843,    560.2477,  26644.6211,
       1,     170,     267,      21,       1,       3,       1,     10.0000,      1.4160,     42.8382,    252.7423,     63.6053,      3.4953,      0.0000,     -0.0315,      0.2921,      0.1233,      5.6772,     11.3544,      1.0896,     29.4909,     58.9818,      0.0196,      0.0002,      0.0156,      0.2125,   7993.3867,-421123.5312,   -910.1881,    560.2479,  26644.6191,
       1,     170,     267,      22,       1,       3,       1,     10.0000,      1.4160,     42.8382,    252.7423,     63.6053,      3.4953,      0.0000,     -0.0316,      0.3254,      0.1250,      5.6772,     11.3544,      1.1042,     29.4909,     58.9818,      0.0196,      0.0003,      0.0156,      0.2125,   7993.3862,-421107.9688,   -910.1869,    560.2488,  26644.6211,
       1,     170,     267,      23,       1,       3,       1,     10.0000,      1.4160,     42.8382,    252.7423,     63.6053,      3.4953,      0.0000,     -0.0316,      0.3551,      0.1244,      5.6772,     11.3544,      1.0997,     29.4909,     58.9818,      0.0196,      0.0003,      0.0156,      0.2125,   7993.3867,-421146.5938,   -910.1989,    560.2462,  26644.6230,
       1,     170,     267,      24,       1,       3,       1,     10.0000,      1.4160,     42.8382,    252.7423,     63.6053,      3.4953,      0.0000,     -0.0319,      0.3519,      0.1316,      5.6772,     11.3544,      1.1630,     29.4909,     58.9818,      0.0196,      0.0003,      0.0156,      0.2125,   7993.3872,-421185.1875,   -910.2142,    560.2435,  26644.6191,
       1,     170,     268,       1,       1,       3,       1,     10.0000,      1.4160,     42.8386,    252.7482,     63.6069,      3.4953,      0.0000,     -0.0320,      0.3210,      0.1339,      5.6783,     11.3566,      1.1833,     29.4721,     58.9442,      0.0196,      0.0002,      0.0156,      0.2125,   7993.3862,-421340.3750,   -910.5098,    560.2460,  26645.8105,
       1,     170,     268,       2,       1,       3,       1,     10.0000,      1.4160,     42.8386,    252.7482,     63.6069,      3.4953,      0.0000,     -0.0321,      0.7919,      0.1371,      5.6783,     11.3566,      1.2113,     29.4721,     58.9442,      0.0196,      0.0006,      0.0156,      0.2125,   7993.7437,-421163.7812,   -910.2234,    560.2584,  26645.8125,
       1,     170,     268,       3,       1,       3,       1,     10.0000,      1.4160,     42.8386,    252.7482,     63.6069,      3.4953,      0.0000,     -0.0322,      0.9827,      0.1395,      5.6783,     11.3566,      1.2323,     29.4721,     58.9442,      0.0196,      0.0008,      0.0156,      0.2125,   7993.7441,-421712.8125,   -910.3952,    560.2200,  26645.8125,
       1,     170,     268,       4,       1,       3,       1,     10.0000,      1.4160,     42.8386,    252.7482,     63.6069,      3.4953,      0.0000,     -0.0323,      0.7796,      0.1427,      5.6783,     11.3566,      1.2613,     29.4721,     58.9442,      0.0196,      0.0006,      0.0156,      0.2125,   7993.7441,-421987.3125,   -910.5297,    560.2007,  26645.8145,
       1,     170,     268,       5,       1,       3,       1,     10.0000,      1.4160,     42.8386,    252.7482,     63.6069,      3.4953,      0.0000,     -0.0322,      0.4012,      0.1397,      5.6783,     11.3566,      1.2348,     29.4721,     58.9442,      0.0196,      0.0003,      0.0156,      0.2125,   7993.7446,-421766.7812,   -910.5457,    560.2162,  26645.8105,
       1,     170,     268,       6,       1,       3,       1,     10.0000,      1.4160,     42.8386,    252.7482,     63.6069,      3.4953,      0.0000,     -0.0321,      0.3991,      0.1374,      5.6783,     11.3566,      1.2137,     29.4721,     58.9442,      0.0196,      0.0003,      0.0156,      0.2125,   7993.7437,-421295.5625,   -910.4691,    560.2492,  26645.8125,
       1,     170,     268,       7,       1,       3,       1,     10.0000,      1.4160,     42.8386,    252.7482,     63.6069,      3.4953,      0.0000,     -0.0320,      0.4562,      0.1354,      5.6783,     11.3566,      1.1966,     29.4721,     58.9442,      0.0196,      0.0004,      0.0156,      0.2125,   7993.7441,-421253.3750,   -910.4715,    560.2522,  26645.8105,
       1,     170,     268,       8,       1,       3,       1,     10.0000,      1.4160,     42.8386,    252.7482,     63.6069,      3.4953,      0.0138,     -0.0182,      0.5807,      0.1350,      5.6783,     11.3566,      1.1930,     29.4721,     58.9442,      0.0196,      0.0004,      0.0156,      0.2125,   7993.7437,-421318.3750,   -910.5024,    560.2476,  26645.8125,
       1,     170,     268,       9,       1,       3,       1,     10.0000,      1.4160,     42.8386,    252.7482,     63.6069,      3.4953,      0.1048,      0.0723,      8.7435,      0.1479,      5.6783,     11.3566,      1.3067,     29.4721,     58.9442,      0.0196,      0.0008,      0.1276,      0.2125,   7993.7441,-421472.7500,   -910.2133,    560.2368,  26645.8145,
       1,     170,     268,      10,       1,       3,       1,     10.0000,      1.4160,     42.8386,    252.7482,     63.6069,      3.4953,      0.1707,      0.1375,     31.9228,      0.1665,      5.6783,     11.3566,      1.4712,     29.4721,     58.9442,      0.0196,      0.0018,      0.2187,      0.2125,   7993.7446,-431260.6562,   -912.5375,    559.5514,  26645.8125,
       1,     170,     268,      11,       1,       3,       1,     10.0000,      1.4160,     42.8386,    252.7482,     63.6069,      3.4953,      0.1942,      0.1605,     55.9656,      0.1834,      5.6783,     11.3566,      1.6207,     29.4721,     58.9442,      0.0196,      0.0027,      0.2498,      0.2125,   7993.7441,-459844.4062,   -919.0778,    557.5526,  26645.8125,
       1,     170,     268,      12,       1,       3,       1,     10.0000,      1.4160,     42.8386,    252.7482,     63.6069,      3.4953,      0.1950,      0.1610,     65.4948,      0.1939,      5.6783,     11.3566,      1.7134,     29.4721,     58.9442,      0.0196,      0.0032,      0.2500,      0.2125,   7993.7441,-491056.0000,   -926.7472,    555.3808,  26645.8125,
       1,     170,     268,      13,       1,       3,       1,     10.0000,      1.4160,     42.8386,    252.7482,     63.6069,      3.4953,      0.1923,      0.1581,     78.2697,      0.1993,      5.6783,     11.3566,      1.7616,     29.4721,     58.9442,      0.0196,      0.0039,      0.2446,      0.2124,   7993.7441,-505097.8750,   -931.4110,    554.4102,  26645.8125,
       1,     170,     268,      14,       1,       3,       1,     10.0000,      1.4160,     42.8386,    252.7482,     63.6069,      3.4953,      0.1969,      0.1624,     90.3258,      0.2086,      5.6783,     11.3566,      1.8434,     29.4721,     58.9442,      0.0196,      0.0044,      0.2500,      0.2124,   7993.7441,-521585.8125,   -936.2451,    553.2684,  26645.8145,
       1,     170,     268,      15,       1,       3,       1,     10.0000,      1.4160,     42.8386,    252.7482,     63.6069,      3.4953,      0.1977,      0.1631,    100.9985,      0.2126,      5.6783,     11.3566,      1.8783,     29.4721,     58.9442,      0.0196,      0.0049,      0.2500,      0.2124,   7993.7446,-537424.3750,   -941.1804,    552.1743,  26645.8125,
       1,     170,     268,      16,       1,       3,       1,     10.0000,      1.4160,     42.8386,    252.7482,     63.6069,      3.4953,      0.1955,      0.1610,     90.4774,      0.2086,      5.6783,     11.3566,      1.8434,     29.4721,     58.9442,      0.0196,      0.0044,      0.2480,      0.2124,   7993.7441,-551552.5625,   -945.5642,    551.2001,  26645.8105,
       1,     170,     268,      17,       1,       3,       1,     10.0000,      1.4160,     42.8386,    252.7482,     63.6069,      3.4953,      0.1673,      0.1332,     60.9794,      0.1964,      5.6783,     11.3566,      1.7356,     29.4721,     58.9442,      0.0196,      0.0035,      0.2108,      0.2124,   7993.7437,-540109.4375,   -944.7628,    551.9894,  26645.8125,
       1,     170,     268,      18,       1,       3,       1,     10.0000,      1.4160,     42.8386,    252.7482,     63.6069,      3.4953,      0.1487,      0.1147,     55.6655,      0.1922,      5.6783,     11.3566,      1.6982,     29.4721,     58.9442,      0.0196,      0.0036,      0.1846,      0.2124,   7993.7441,-503766.5312,   -938.6863,    554.4976,  26645.8145,
       1,     170,     268,      19,       1,       3,       1,     10.0000,      1.4160,     42.8386,    252.7482,     63.6069,      3.4953,      0.0451,      0.0117,      9.1251,      0.1773,      5.6783,     11.3566,      1.5668,     29.4721,     58.9442,      0.0196,      0.0026,      0.0418,      0.2124,   7993.7446,-494377.6250,   -937.5582,    555.1541,  26645.8125,
       1,     170,     268,      20,       1,       3,       1,     10.0000,      1.4160,     42.8386,    252.7482,     63.6069,      3.4953,      0.0040,     -0.0291,      2.4711,      0.1660,      5.6783,     11.3566,      1.4668,     29.4721,     58.9442,      0.0196,      0.0019,      0.0156,      0.2124,   7993.7441,-437794.5625,   -926.9569,    559.0810,  26645.8125,
       1,     170,     268,      21,       1,       3,       1,     10.0000,      1.4160,     42.8386,    252.7482,     63.6069,      3.4953,      0.0000,     -0.0330,      2.3044,      0.1629,      5.6783,     11.3566,      1.4392,     29.4721,     58.9442,      0.0196,      0.0018,      0.0156,      0.2125,   7993.7441,-425133.1250,   -924.6226,    559.9799,  26645.8125,
       1,     170,     268,      22,       1,       3,       1,     10.0000,      1.4160,     42.8386,    252.7482,     63.6069,      3.4953,      0.0000,     -0.0331,      2.5387,      0.1657,      5.6783,     11.3566,      1.4639,     29.4721,     58.9442,      0.0196,      0.0020,      0.0156,      0.2125,   7993.7441,-423857.6562,   -924.4474,    560.0698,  26645.8105,
       1,     170,     268,      23,       1,       3,       1,     10.0000,      1.4160,     42.8386,    252.7482,     63.6069,      3.4953,      0.0000,     -0.0331,      2.1802,      0.1668,      5.6783,     11.3566,      1.4742,     29.4721,     58.9442,      0.0196,      0.0017,      0.0156,      0.2125,   7993.7437,-424030.6250,   -924.5567,    560.0577,  26645.8125,
       1,     170,     268,      24,       1,       3,       1,     10.0000,      1.4160,     42.8386,    252.7482,     63.6069,      3.4953,      0.0000,     -0.0331,      1.7762,      0.1643,      5.6783,     11.3566,      1.4522,     29.4721,     58.9442,      0.0196,      0.0014,      0.0156,      0.2125,   7993.7441,-423615.6875,   -924.5345,    560.0867,  26645.8105,
       1,     170,     269,       1,       1,       3,       1,     10.0000,      1.4160,     42.8389,    252.7541,     63.6083,      3.4953,      0.0000,     -0.0330,      1.7585,      0.1621,      5.6763,     11.3526,      1.4320,     29.4765,     58.9529,      0.0196,      0.0014,      0.0156,      0.2125,   7993.7437,-423251.8438,   -924.7882,    560.1252,  26647.0000,
       1,     170,     269,       2,       1,       3,       1,     10.0000,      1.4160,     42.8389,    252.7541,     63.6083,      3.4953,      0.0000,     -0.0329,      1.4662,      0.1603,      5.6763,     11.3526,      1.4163,     29.4765,     58.9529,      0.0196,      0.0011,      0.0156,      0.2125,   7994.1001,-423048.3438,   -924.5235,    560.1395,  26647.0000,
       1,     170,     269,       3,       1,       3,       1,     10.0000,      1.4160,     42.8389,    252.7541,     63.6083,      3.4953,      0.0000,     -0.0330,      1.7367,      0.1629,      5.6763,     11.3526,      1.4392,     29.4765,     58.9529,      0.0196,      0.0013,      0.0156,      0.2125,   7994.1001,-422681.3438,   -924.4875,    560.1652,  26647.0000,
       1,     170,     269,       4,       1,       3,       1,     10.0000,      1.4160,     42.8389,    252.7541,     63.6083,      3.4953,      0.0000,     -0.0330,      1.5856,      0.1634,      5.6763,     11.3526,      1.4435,     29.4765,     58.9529,      0.0196,      0.0012,      0.0156,      0.2125,   7994.1001,-422974.4375,   -924.5850,    560.1447,  26646.9980,
       1,     170,     269,       5,       1,       3,       1,     10.0000,      1.4160,     42.8389,    252.7541,     63.6083,      3.4953,      0.0000,     -0.0329,      1.1509,      0.1587,      5.6763,     11.3526,      1.4021,     29.4765,     58.9529,      0.0196,      0.0009,      0.0156,      0.2125,   7994.0996,-422818.1875,   -923.6888,    560.1556,  26647.0000,
       1,     170,     269,       6,       1,       3,       1,     10.0000,      1.4160,     42.8389,    252.7541,     63.6083,      3.4953,      0.0000,     -0.0324,      0.4432,      0.1449,      5.6763,     11.3526,      1.2806,     29.4765,     58.9529,      0.0196,      0.0003,      0.0156,      0.2125,   7994.1001,-422284.4688,   -910.3802,    560.1930,  26647.0020,
       1,     170,     269,       7,       1,       3,       1,     10.0000,      1.4160,     42.8389,    252.7541,     63.6083,      3.4953,      0.0000,     -0.0320,      0.3259,      0.1357,      5.6763,     11.3526,      1.1991,     29.4765,     58.9529,      0.0196,      0.0003,      0.0156,      0.2125,   7994.1011,-421392.0000,   -910.2322,    560.2556,  26647.0020,
       1,     170,     269,       8,       1,       3,       1,     10.0000,      1.4160,     42.8389,    252.7541,     63.6083,      3.4953,      0.0105,     -0.0214,      0.3158,      0.1320,      5.6763,     11.3526,      1.1666,     29.4765,     58.9529,      0.0196,      0.0002,      0.0156,      0.2125,   7994.1011,-421176.5625,   -910.1944,    560.2706,  26647.0039,
       1,     170,     269,       9,       1,       3,       1,     10.0000,      1.4160,     42.8389,    252.7541,     63.6083,      3.4953,      0.1026,      0.0704,      3.5594,      0.1393,      5.6763,     11.3526,      1.2311,     29.4765,     58.9529,      0.0196,      0.0003,      0.1252,      0.2125,   7994.1016,-421146.3125,   -910.2175,    560.2728,  26647.0000,
       1,     170,     269,      10,       1,       3,       1,     10.0000,      1.4160,     42.8389,    252.7541,     63.6083,      3.4953,      0.1294,      0.0967,     13.7695,      0.1537,      5.6763,     11.3526,      1.3578,     29.4765,     58.9529,      0.0196,      0.0010,      0.1620,      0.2125,   7994.1001,-425028.0625,   -911.2039,    560.0009,  26647.0020,
       1,     170,     269,      11,       1,       3,       1,     10.0000,      1.4160,     42.8389,    252.7541,     63.6083,      3.4953,      0.0452,      0.0131,      2.5054,      0.1385,      5.6763,     11.3526,      1.2236,     29.4765,     58.9529,      0.0196,      0.0007,      0.0440,      0.2125,   7994.1011,-437579.5625,   -913.7331,    559.1223,  26647.0000,
       1,     170,     269,      12,       1,       3,       1,     10.0000,      1.4160,     42.8389,    252.7541,     63.6083,      3.4953,      0.0264,     -0.0048,      0.3324,      0.1166,      5.6763,     11.3526,      1.0300,     29.4765,     58.9529,      0.0196,      0.0002,      0.0186,      0.2125,   7994.1001,-425143.1562,   -910.9974,    559.9922,  26647.0020,
       1,     170,     269,      13,       1,       3,       1,     10.0000,      1.4160,     42.8389,    252.7541,     63.6083,      3.4953,      0.0390,      0.0076,      0.6548,      0.1198,      5.6763,     11.3526,      1.0589,     29.4765,     58.9529,      0.0196,      0.0002,      0.0361,      0.2125,   7994.1011,-421499.6875,   -910.2128,    560.2479,  26647.0039,
       1,     170,     269,      14,       1,       3,       1,     10.0000,      1.4160,     42.8389,    252.7541,     63.6083,      3.4953,      0.0444,      0.0127,      1.0366,      0.1261,      5.6763,     11.3526,      1.1144,     29.4765,     58.9529,      0.0196,      0.0003,      0.0434,      0.2125,   7994.1016,-421579.3750,   -910.2632,    560.2424,  26647.0020,
       1,     170,     269,      15,       1,       3,       1,     10.0000,      1.4160,     42.8389,    252.7541,     63.6083,      3.4953,      0.0748,      0.0429,      1.7492,      0.1323,      5.6763,     11.3526,      1.1690,     29.4765,     58.9529,      0.0196,      0.0002,      0.0862,      0.2125,   7994.1011,-422043.3750,   -910.3559,    560.2099,  26647.0020,
       1,     170,     269,      16,       1,       3,       1,     10.0000,      1.4160,     42.8389,    252.7541,     63.6083,      3.4953,      0.0724,      0.0406,      1.6392,      0.1294,      5.6763,     11.3526,      1.1431,     29.4765,     58.9529,      0.0196,      0.0002,      0.0829,      0.2125,   7994.1011,-422935.5000,   -910.6421,    560.1474,  26647.0020,
       1,     170,     269,      17,       1,       3,       1,     10.0000,      1.4160,     42.8389,    252.7541,     63.6083,      3.4953,      0.0295,     -0.0015,      0.4112,      0.1114,      5.6763,     11.3526,      0.9845,     29.4765,     58.9529,      0.0196,      0.0002,      0.0233,      0.2125,   7994.1011,-422878.7188,   -910.5750,    560.1514,  26647.0039,
       1,     170,     269,      18,       1,       3,       1,     10.0000,      1.4160,     42.8389,    252.7541,     63.6083,      3.4953,      0.0318,      0.0007,      0.5410,      0.1129,      5.6763,     11.3526,      0.9978,     29.4765,     58.9529,      0.0196,      0.0002,      0.0263,      0.2125,   7994.1016,-421403.2188,   -910.1837,    560.2547,  26647.0020,
       1,     170,     269,      19,       1,       3,       1,     10.0000,      1.4160,     42.8389,    252.7541,     63.6083,      3.4953,      0.0247,     -0.0064,      0.2777,      0.1129,      5.6763,     11.3526,      0.9978,     29.4765,     58.9529,      0.0196,      0.0002,      0.0164,      0.2125,   7994.1011,-421435.2812,   -910.2128,    560.2525,  26647.0020,
       1,     170,     269,      20,       1,       3,       1,     10.0000,      1.4160,     42.8389,    252.7541,     63.6083,      3.4953,      0.0016,     -0.0298,      0.2821,      0.1196,      5.6763,     11.3526,      1.0567,     29.4765,     58.9529,      0.0196,      0.0002,      0.0156,      0.2125,   7994.1011,-421122.6250,   -910.2193,    560.2744,  26647.0020,
       1,     170,     269,      21,       1,       3,       1,     10.0000,      1.4160,     42.8389,    252.7541,     63.6083,      3.4953,      0.0000,     -0.0314,      0.2821,      0.1196,      5.6763,     11.3526,      1.0567,     29.4765,     58.9529,      0.0196,      0.0002,      0.0156,      0.2125,   7994.1011,-421101.5625,   -910.2208,    560.2759,  26647.0020,
       1,     170,     269,      22,       1,       3,       1,     10.0000,      1.4160,     42.8389,    252.7541,     63.6083,      3.4953,      0.0000,     -0.0314,      0.3045,      0.1192,      5.6763,     11.3526,      1.0535,     29.4765,     58.9529,      0.0196,      0.0002,      0.0156,      0.2125,   7994.1011,-421099.6875,   -910.2219,    560.2760,  26647.0020,
       1,     170,     269,      23,       1,       3,       1,     10.0000,      1.4160,     42.8389,    252.7541,     63.6083,      3.4953,      0.0000,     -0.0315,      0.2870,      0.1214,      5.6763,     11.3526,      1.0731,     29.4765,     58.9529,      0.0196,      0.0002,      0.0156,      0.2125,   7994.1011,-421126.4062,   -910.2312,    560.2741,  26647.0020,
       1,     170,     269,      24,       1,       3,       1,     10.0000,      1.4160,     42.8389,    252.7541,     63.6083,      3.4953,      0.0000,     -0.0315,      0.2924,      0.1234,      5.6763,     11.3526,      1.0908,     29.4765,     58.9529,      0.0196,      0.0002,      0.0156,      0.2125,   7994.1011,-421107.8750,   -910.2291,    560.2755,  26647.0020,
       1,     170,     270,       1,       1,       3,       1,     10.0000,      1.4160,     42.8392,    252.7601,     63.6099,      3.4953,      0.0000,     -0.0315,      0.2921,      0.1233,      5.6789,     11.3577,      1.0897,     29.4523,     58.9046,      0.0196,      0.0002,      0.0156,      0.2126,   7994.1011,-421268.2500,   -910.5211,    560.2776,  26648.1934,
       1,     170,     270,       2,       1,       3,       1,     10.0000,      1.4160,     42.8392,    252.7601,     63.6099,      3.4953,      0.0000,     -0.0315,      0.2877,      0.1217,      5.6789,     11.3577,      1.0753,     29.4523,     58.9046,      0.0196,      0.0002,      0.0156,      0.2126,   7994.4585,-421128.7812,   -910.0730,    560.2874,  26648.1895,
       1,     170,     270,       3,       1,       3,       1,     10.0000,      1.4160,     42.8392,    252.7601,     63.6099,      3.4953,      0.0000,     -0.0315,      0.2891,      0.1222,      5.6789,     11.3577,      1.0797,     29.4523,     58.9046,      0.0196,      0.0002,      0.0156,      0.2126,   7994.4570,-421112.3750,   -910.0725,    560.2885,  26648.1914,
       1,     170,     270,       4,       1,       3,       1,     10.0000,      1.4160,     42.8392,    252.7601,     63.6099,      3.4953,      0.0000,     -0.0316,      0.2942,      0.1241,      5.6789,     11.3577,      1.0964,     29.4523,     58.9046,      0.0196,      0.0002,      0.0156,      0.2126,   7994.4575,-421112.2188,   -910.0735,    560.2885,  26648.1895,
       1,     170,     270,       5,       1,       3,       1,     10.0000,      1.4160,     42.8392,    252.7601,     63.6099,      3.4953,      0.0000,     -0.0316,      0.2993,      0.1260,      5.6789,     11.3577,      1.1133,     29.4523,     58.9046,      0.0196,      0.0002,      0.0156,      0.2126,   7994.4570,-421118.6562,   -910.0770,    560.2880,  26648.1895,
       1,     170,     270,       6,       1,       3,       1,     10.0000,      1.4160,     42.8392,    252.7601,     63.6099,      3.4953,      0.0000,     -0.0317,      0.3014,      0.1268,      5.6789,     11.3577,      1.1201,     29.4523,     58.9046,      0.0196,      0.0002,      0.0156,      0.2126,   7994.4570,-421125.4688,   -910.0796,    560.2876,  26648.1914,
       1,     170,     270,       7,       1,       3,       1,     10.0000,      1.4160,     42.8392,    252.7601,     63.6099,      3.4953,      0.0000,     -0.0316,      0.2986,      0.1257,      5.6789,     11.3577,      1.1110,     29.4523,     58.9046,      0.0196,      0.0002,      0.0156,      0.2126,   7994.4575,-421128.1250,   -910.0812,    560.2874,  26648.1934,
       1,     170,     270,       8,       1,       3,       1,     10.0000,      1.4160,     42.8392,    252.7601,     63.6099,      3.4953,      0.0102,     -0.0215,      0.3021,      0.1270,      5.6789,     11.3577,      1.1224,     29.4523,     58.9046,      0.0196,      0.0002,      0.0156,      0.2126,   7994.4585,-421124.9062,   -910.0817,    560.2877,  26648.1914,
       1,     170,     270,       9,       1,       3,       1,     10.0000,      1.4160,     42.8392,    252.7601,     63.6099,      3.4953,      0.0875,      0.0555,      2.4697,      0.1336,      5.6789,     11.3577,      1.1810,     29.4523,     58.9046,      0.0196,      0.0003,      0.1040,      0.2126,   7994.4575,-421128.9062,   -910.1152,    560.2874,  26648.1914,
       1,     170,     270,      10,       1,       3,       1,     10.0000,      1.4160,     42.8392,    252.7601,     63.6099,      3.4953,      0.1580,      0.1252,     20.3817,      0.1571,      5.6789,     11.3577,      1.3882,     29.4523,     58.9046,      0.0196,      0.0012,      0.2020,      0.2126,   7994.4575,-423724.3125,   -911.0362,    560.1056,  26648.1914,
       1,     170,     270,      11,       1,       3,       1,     10.0000,      1.4160,     42.8392,    252.7601,     63.6099,      3.4953,      0.1953,      0.1613,     69.1246,      0.1945,      5.6789,     11.3577,      1.7186,     29.4523,     58.9046,      0.0196,      0.0033,      0.2500,      0.2126,   7994.4575,-445387.8438,   -916.2534,    558.5889,  26648.1914,
       1,     170,     270,      12,       1,       3,       1,     10.0000,      1.4160,     42.8392,    252.7601,     63.6099,      3.4953,      0.1835,      0.1498,     56.3523,      0.1834,      5.6789,     11.3577,      1.6208,     29.4523,     58.9046,      0.0196,      0.0029,      0.2343,      0.2125,   7994.4575,-505586.0938,   -929.9466,    554.3877,  26648.1934,
       1,     170,     270,      13,       1,       3,       1,     10.0000,      1.4160,     42.8392,    252.7601,     63.6099,      3.4953,      0.1889,      0.1550,     67.7811,      0.1928,      5.6789,     11.3577,      1.7033,     29.4523,     58.9046,      0.0196,      0.0034,      0.2410,      0.2125,   7994.4585,-495354.0312,   -929.5562,    555.1125,  26648.1914,
       1,     170,     270,      14,       1,       3,       1,     10.0000,      1.4160,     42.8392,    252.7601,     63.6099,      3.4953,      0.1971,      0.1628,     93.3611,      0.2043,      5.6789,     11.3577,      1.8057,     29.4523,     58.9046,      0.0196,      0.0045,      0.2500,      0.2125,   7994.4575,-508179.9688,   -933.5944,    554.2230,  26648.1934,
       1,     170,     270,      15,       1,       3,       1,     10.0000,      1.4160,     42.8392,    252.7601,     63.6099,      3.4953,      0.1936,      0.1592,     91.7860,      0.2070,      5.6789,     11.3577,      1.8290,     29.4523,     58.9046,      0.0196,      0.0045,      0.2451,      0.2125,   7994.4585,-539917.8750,   -941.5757,    552.0250,  26648.1895,
       1,     170,     270,      16,       1,       3,       1,     10.0000,      1.4160,     42.8392,    252.7601,     63.6099,      3.4953,      0.1649,      0.1315,     51.8285,      0.1747,      5.6789,     11.3577,      1.5436,     29.4523,     58.9046,      0.0196,      0.0030,      0.2083,      0.2124,   7994.4570,-540692.0000,   -939.4722,    551.9760,  26648.1914,
       1,     170,     270,      17,       1,       3,       1,     10.0000,      1.4160,     42.8392,    252.7601,     63.6099,      3.4953,      0.0942,      0.0624,      5.2092,      0.1302,      5.6789,     11.3577,      1.1502,     29.4523,     58.9046,      0.0196,      0.0006,      0.1133,      0.2124,   7994.4575,-492825.3438,   -924.5485,    555.2786,  26648.1387,
       1,     170,     270,      18,       1,       3,       1,     10.0000,      1.4160,     42.8392,    252.7601,     63.6099,      3.4953,      0.0100,     -0.0216,      0.2980,      0.1255,      5.6789,     11.3577,      1.1087,     29.4523,     58.9046,      0.0196,      0.0002,      0.0156,      0.2125,   7994.4419,-432992.8438,   -912.5756,    559.4414,  26648.1914,
       1,     170,     270,      19,       1,       3,       1,     10.0000,      1.4160,     42.8392,    252.7601,     63.6099,      3.4953,      0.0049,     -0.0267,      0.2911,      0.1229,      5.6789,     11.3577,      1.0863,     29.4523,     58.9046,      0.0196,      0.0002,      0.0156,      0.2125,   7994.4575,-422136.5000,   -910.2838,    560.2162,  26648.1895,
       1,     170,     270,      20,       1,       3,       1,     10.0000,      1.4160,     42.8392,    252.7601,     63.6099,      3.4953,      0.0014,     -0.0301,      0.2928,      0.1236,      5.6789,     11.3577,      1.0919,     29.4523,     58.9046,      0.0196,      0.0002,      0.0156,      0.2126,   7994.4570,-421201.5000,   -910.0987,    560.2822,  26648.1914,
       1,     170,     270,      21,       1,       3,       1,     10.0000,      1.4160,     42.8392,    252.7601,     63.6099,      3.4953,      0.0000,     -0.0315,      0.2901,      0.1226,      5.6789,     11.3577,      1.0830,     29.4523,     58.9046,      0.0196,      0.0002,      0.0156,      0.2126,   7994.4575,-421124.2500,   -910.0757,    560.2877,  26648.1895,
       1,     170,     270,      22,       1,       3,       1,     10.0000,      1.4160,     42.8392,    252.7601,     63.6099,      3.4953,      0.0000,     -0.0315,      0.2931,      0.1237,      5.6789,     11.3577,      1.0930,     29.4523,     58.9046,      0.0196,      0.0002,      0.0156,      0.2126,   7994.4570,-421114.7812,   -910.0761,    560.2883,  26648.1914,
       1,     170,     270,      23,       1,       3,       1,     10.0000,      1.4160,     42.8392,    252.7601,     63.6099,      3.4953,      0.0000,     -0.0316,      0.2983,      0.1256,      5.6789,     11.3577,      1.1099,     29.4523,     58.9046,      0.0196,      0.0002,      0.0156,      0.2126,   7994.4575,-421117.2812,   -910.0774,    560.2881,  26648.1914,
       1,     170,     270,      24,       1,       3,       1,     10.0000,      1.4160,     42.8392,    252.7601,     63.6099,      3.4953,      0.0000,     -0.0315,      0.2928,      0.1236,      5.6789,     11.3577,      1.0919,     29.4523,     58.9046,      0.0196,      0.0002,      0.0156,      0.2126,   7994.4575,-421123.8125,   -910.0800,    560.2877,  26648.1914,
       1,     170,     271,       1,       1,       3,       1,     10.0000,      1.4161,     42.8396,    252.7660,     63.6113,      3.4953,      0.0000,     -0.0317,      0.3011,      0.1266,      5.6774,     11.3548,      1.1190,     29.4488,     58.8976,      0.0196,      0.0002,      0.0156,      0.2126,   7994.4575,-421272.8750,   -910.3695,    560.2905,  26649.3828,
       1,     170,     271,       2,       1,       3,       1,     10.0000,      1.4161,     42.8396,    252.7660,     63.6113,      3.4953,      0.0000,     -0.0317,      0.3007,      0.1265,      5.6774,     11.3548,      1.1179,     29.4488,     58.8976,      0.0196,      0.0002,      0.0156,      0.2126,   7994.8149,-421142.9062,   -910.0922,    560.2996,  26649.3809,
       1,     170,     271,       3,       1,       3,       1,     10.0000,      1.4161,     42.8396,    252.7660,     63.6113,      3.4953,      0.0000,     -0.0316,      0.2994,      0.1260,      5.6774,     11.3548,      1.1133,     29.4488,     58.8976,      0.0196,      0.0002,      0.0156,      0.2126,   7994.8145,-421131.7500,   -910.0734,    560.3004,  26649.3789,
       1,     170,     271,       4,       1,       3,       1,     10.0000,      1.4161,     42.8396,    252.7660,     63.6113,      3.4953,      0.0000,     -0.0317,      0.3007,      0.1265,      5.6774,     11.3548,      1.1179,     29.4488,     58.8976,      0.0196,      0.0002,      0.0156,      0.2126,   7994.8140,-421129.3125,   -910.0748,    560.3005,  26649.3809,
       1,     170,     271,       5,       1,       3,       1,     10.0000,      1.4161,     42.8396,    252.7660,     63.6113,      3.4953,      0.0000,     -0.0315,      0.2931,      0.1237,      5.6774,     11.3548,      1.0930,     29.4488,     58.8976,      0.0196,      0.0002,      0.0156,      0.2126,   7994.8145,-421130.6875,   -910.0763,    560.3005,  26649.3789,
       1,     170,     271,       6,       1,       3,       1,     10.0000,      1.4161,     42.8396,    252.7660,     63.6113,      3.4953,      0.0000,     -0.0314,      0.2847,      0.1206,      5.6774,     11.3548,      1.0655,     29.4488,     58.8976,      0.0196,      0.0002,      0.0156,      0.2126,   7994.8140,-421121.8438,   -910.0766,    560.3011,  26649.3789,
       1,     170,     271,       7,       1,       3,       1,     10.0000,      1.4161,     42.8396,    252.7660,     63.6113,      3.4953,      0.0000,     -0.0316,      0.2959,      0.1247,      5.6774,     11.3548,      1.1020,     29.4488,     58.8976,      0.0196,      0.0002,      0.0156,      0.2126,   7994.8140,-421111.0000,   -910.0760,    560.3018,  26649.3809,
       1,     170,     271,       8,       1,       3,       1,     10.0000,      1.4161,     42.8396,    252.7660,     63.6113,      3.4953,      0.0154,     -0.0163,      0.0492,      0.1268,      5.6774,     11.3548,      1.1201,     29.4488,     58.8976,      0.0196,      0.0002,      0.0025,      0.2126,   7994.8145,-421123.3438,   -910.0796,    560.3010,  26649.3809,
       1,     170,     271,       9,       1,       3,       1,     10.0000,      1.4161,     42.8396,    252.7660,     63.6113,      3.4953,      0.1077,      0.0758,      2.8526,      0.1346,      5.6774,     11.3548,      1.1894,     29.4488,     58.8976,      0.0196,      0.0003,      0.1327,      0.2126,   7994.8145,-420829.1250,   -910.0989,    560.3216,  26649.3809,
       1,     170,     271,      10,       1,       3,       1,     10.0000,      1.4161,     42.8396,    252.7660,     63.6113,      3.4953,      0.1791,      0.1463,     24.4761,      0.1579,      5.6774,     11.3548,      1.3952,     29.4488,     58.8976,      0.0196,      0.0013,      0.2316,      0.2126,   7994.8145,-424160.3125,   -911.1655,    560.0883,  26649.3809,
       1,     170,     271,      11,       1,       3,       1,     10.0000,      1.4161,     42.8396,    252.7660,     63.6113,      3.4953,      0.1952,      0.1613,     67.6878,      0.1926,      5.6774,     11.3548,      1.7017,     29.4488,     58.8976,      0.0196,      0.0033,      0.2500,      0.2126,   7994.8145,-450326.3125,   -917.1072,    558.2564,  26649.3789,
       1,     170,     271,      12,       1,       3,       1,     10.0000,      1.4161,     42.8396,    252.7660,     63.6113,      3.4953,      0.1975,      0.1630,     98.1736,      0.2092,      5.6774,     11.3548,      1.8490,     29.4488,     58.8976,      0.0196,      0.0047,      0.2500,      0.2126,   7994.8140,-504277.4062,   -929.7086,    554.4946,  26649.3809,
       1,     170,     271,      13,       1,       3,       1,     10.0000,      1.4161,     42.8396,    252.7660,     63.6113,      3.4953,      0.1919,      0.1570,    139.5624,      0.2248,      5.6774,     11.3548,      1.9866,     29.4488,     58.8976,      0.0196,      0.0071,      0.2375,      0.2125,   7994.8145,-545362.0625,   -940.2440,    551.6596,  26649.3809,
       1,     170,     271,      14,       1,       3,       1,     10.0000,      1.4161,     42.8396,    252.7660,     63.6113,      3.4953,      0.1996,      0.1645,    152.8951,      0.2327,      5.6774,     11.3548,      2.0560,     29.4488,     58.8976,      0.0196,      0.0075,      0.2473,      0.2124,   7994.8145,-598440.1875,   -952.8320,    548.0067,  26649.3828,
       1,     170,     271,      15,       1,       3,       1,     10.0000,      1.4161,     42.8396,    252.7660,     63.6113,      3.4953,      0.1945,      0.1596,    117.1672,      0.2253,      5.6774,     11.3548,      1.9905,     29.4488,     58.8976,      0.0196,      0.0058,      0.2438,      0.2124,   7994.8149,-618907.8750,   -959.3525,    546.6167,  26649.3828,
       1,     170,     271,      16,       1,       3,       1,     10.0000,      1.4161,     42.8396,    252.7660,     63.6113,      3.4953,      0.0566,      0.0243,      5.0515,      0.1427,      5.6774,     11.3548,      1.2614,     29.4488,     58.8976,      0.0196,      0.0010,      0.0597,      0.2123,   7994.8149,-577704.6875,   -941.5988,    549.4338,  26649.1309,
       1,     170,     271,      17,       1,       3,       1,     10.0000,      1.4161,     42.8396,    252.7660,     63.6113,      3.4953,      0.0888,      0.0568,      5.7924,      0.1357,      5.6774,     11.3548,      1.1991,     29.4488,     58.8976,      0.0196,      0.0007,      0.1056,      0.2124,   7994.7397,-439773.8438,   -913.8479,    558.9139,  26649.3535,
       1,     170,     271,      18,       1,       3,       1,     10.0000,      1.4161,     42.8396,    252.7660,     63.6113,      3.4953,      0.1045,      0.0722,      3.9389,      0.1443,      5.6774,     11.3548,      1.2755,     29.4488,     58.8976,      0.0196,      0.0004,      0.1278,      0.2126,   7994.8062,-429368.0312,   -911.8943,    559.7233,  26649.3809,
       1,     170,     271,      19,       1,       3,       1,     10.0000,      1.4161,     42.8396,    252.7660,     63.6113,      3.4953,      0.0448,      0.0125,      1.3835,      0.1439,      5.6774,     11.3548,      1.2717,     29.4488,     58.8976,      0.0196,      0.0004,      0.0434,      0.2126,   7994.8145,-426177.2188,   -911.3834,    559.9471,  26649.3809,
       1,     170,     271,      20,       1,       3,       1,     10.0000,      1.4161,     42.8396,    252.7660,     63.6113,      3.4953,      0.0020,     -0.0301,      0.5528,      0.1390,      5.6774,     11.3548,      1.2287,     29.4488,     58.8976,      0.0196,      0.0004,      0.0156,      0.2126,   7994.8145,-422849.9688,   -910.9709,    560.1801,  26649.3809,
       1,     170,     271,      21,       1,       3,       1,     10.0000,      1.4161,     42.8396,    252.7660,     63.6113,      3.4953,      0.0000,     -0.0321,      0.4426,      0.1390,      5.6774,     11.3548,      1.2287,     29.4488,     58.8976,      0.0196,      0.0003,      0.0156,      0.2126,   7994.8145,-421576.5938,   -910.1887,    560.2692,  26649.3789,
       1,     170,     271,      22,       1,       3,       1,     10.0000,      1.4161,     42.8396,    252.7660,     63.6113,      3.4953,      0.0000,     -0.0321,      0.3358,      0.1393,      5.6774,     11.3548,      1.2311,     29.4488,     58.8976,      0.0196,      0.0003,      0.0156,      0.2126,   7994.8140,-421338.1875,   -910.1625,    560.2859,  26649.3789,
       1,     170,     271,      23,       1,       3,       1,     10.0000,      1.4161,     42.8396,    252.7660,     63.6113,      3.4953,      0.0000,     -0.0321,      0.3304,      0.1374,      5.6774,     11.3548,      1.2138,     29.4488,     58.8976,      0.0196,      0.0003,      0.0156,      0.2126,   7994.8140,-421190.3750,   -910.1375,    560.2964,  26649.3809,
       1,     170,     271,      24,       1,       3,       1,     10.0000,      1.4161,     42.8396,    252.7660,     63.6113,      3.4953,      0.0000,     -0.0320,      0.3255,      0.1356,      5.6774,     11.3548,      1.1979,     29.4488,     58.8976,      0.0196,      0.0003,      0.0156,      0.2126,   7994.8145,-421171.2188,   -910.1353,    560.2977,  26649.3828,
       1,     170,     272,       1,       1,       3,       1,     10.0000,      1.4161,     42.8399,    252.7720,     63.6129,      3.4953,      0.0000,     -0.0320,      0.3350,      0.1345,      5.6775,     11.3550,      1.1882,     29.4477,     58.8954,      0.0196,      0.0003,      0.0156,      0.2126,   7994.8149,-421318.3125,   -910.4234,    560.3005,  26650.5664,
       1,     170,     272,       2,       1,       3,       1,     10.0000,      1.4161,     42.8399,    252.7720,     63.6129,      3.4953,      0.0000,     -0.0319,      0.3573,      0.1318,      5.6775,     11.3550,      1.1643,     29.4477,     58.8954,      0.0196,      0.0003,      0.0156,      0.2126,   7995.1704,-421190.7188,   -910.1493,    560.3095,  26650.5684,
       1,     170,     272,       3,       1,       3,       1,     10.0000,      1.4161,     42.8399,    252.7720,     63.6129,      3.4953,      0.0000,     -0.0318,      0.3107,      0.1302,      5.6775,     11.3550,      1.1502,     29.4477,     58.8954,      0.0196,      0.0002,      0.0156,      0.2126,   7995.1709,-421206.3438,   -910.1591,    560.3084,  26650.5684,
       1,     170,     272,       4,       1,       3,       1,     10.0000,      1.4161,     42.8399,    252.7720,     63.6129,      3.4953,      0.0000,     -0.0318,      0.3122,      0.1307,      5.6775,     11.3550,      1.1549,     29.4477,     58.8954,      0.0196,      0.0002,      0.0156,      0.2126,   7995.1709,-421151.9688,   -910.1506,    560.3122,  26650.5684,
       1,     170,     272,       5,       1,       3,       1,     10.0000,      1.4161,     42.8399,    252.7720,     63.6129,      3.4953,      0.0000,     -0.0318,      0.3129,      0.1310,      5.6775,     11.3550,      1.1573,     29.4477,     58.8954,      0.0196,      0.0002,      0.0156,      0.2126,   7995.1709,-421149.1875,   -910.1517,    560.3124,  26650.5664,
       1,     170,     272,       6,       1,       3,       1,     10.0000,      1.4161,     42.8399,    252.7720,     63.6129,      3.4953,      0.0000,     -0.0319,      0.3169,      0.1324,      5.6775,     11.3550,      1.1703,     29.4477,     58.8954,      0.0196,      0.0002,      0.0156,      0.2126,   7995.1704,-421150.0000,   -910.1537,    560.3124,  26650.5684,
       1,     170,     272,       7,       1,       3,       1,     10.0000,      1.4161,     42.8399,    252.7720,     63.6129,      3.4953,      0.0000,     -0.0317,      0.3071,      0.1288,      5.6775,     11.3550,      1.1386,     29.4477,     58.8954,      0.0196,      0.0002,      0.0156,      0.2126,   7995.1709,-421154.6250,   -910.1556,    560.3120,  26650.5684,
       1,     170,     272,       8,       1,       3,       1,     10.0000,      1.4161,     42.8399,    252.7720,     63.6129,      3.4953,      0.0124,     -0.0193,      0.3082,      0.1292,      5.6775,     11.3550,      1.1420,     29.4477,     58.8954,      0.0196,      0.0002,      0.0156,      0.2126,   7995.1709,-421143.3125,   -910.1551,    560.3127,  26650.5703,
       1,     170,     272,       9,       1,       3,       1,     10.0000,      1.4161,     42.8399,    252.7720,     63.6129,      3.4953,      0.1399,      0.1073,     15.0212,      0.1515,      5.6775,     11.3550,      1.3388,     29.4477,     58.8954,      0.0196,      0.0010,      0.1767,      0.2126,   7995.1714,-421143.5625,   -910.1873,    560.3127,  26650.5664,
       1,     170,     272,      10,       1,       3,       1,     10.0000,      1.4161,     42.8399,    252.7720,     63.6129,      3.4953,      0.1724,      0.1391,     41.8453,      0.1731,      5.6775,     11.3550,      1.5299,     29.4477,     58.8954,      0.0196,      0.0023,      0.2201,      0.2126,   7995.1704,-438754.7500,   -914.3171,    559.0792,  26650.5684,
       1,     170,     272,      11,       1,       3,       1,     10.0000,      1.4161,     42.8399,    252.7720,     63.6129,      3.4953,      0.1844,      0.1507,     55.2349,      0.1845,      5.6775,     11.3550,      1.6306,     29.4477,     58.8954,      0.0196,      0.0028,      0.2358,      0.2126,   7995.1709,-472349.7812,   -921.9918,    556.7328,  26650.5664,
       1,     170,     272,      12,       1,       3,       1,     10.0000,      1.4161,     42.8399,    252.7720,     63.6129,      3.4953,      0.1963,      0.1624,     80.5346,      0.1895,      5.6775,     11.3550,      1.6749,     29.4477,     58.8954,      0.0196,      0.0039,      0.2500,      0.2126,   7995.1704,-491212.6875,   -927.3427,    555.4251,  26650.5684,
       1,     170,     272,      13,       1,       3,       1,     10.0000,      1.4161,     42.8399,    252.7720,     63.6129,      3.4953,      0.1973,      0.1629,     95.8860,      0.2068,      5.6775,     11.3550,      1.8273,     29.4477,     58.8954,      0.0196,      0.0046,      0.2500,      0.2125,   7995.1709,-523101.6250,   -935.4347,    553.2126,  26650.5684,
       1,     170,     272,      14,       1,       3,       1,     10.0000,      1.4161,     42.8399,    252.7720,     63.6129,      3.4953,      0.1980,      0.1632,    106.2789,      0.2224,      5.6775,     11.3550,      1.9654,     29.4477,     58.8954,      0.0196,      0.0051,      0.2500,      0.2125,   7995.1709,-544179.5625,   -941.6155,    551.7595,  26650.5684,
       1,     170,     272,      15,       1,       3,       1,     10.0000,      1.4161,     42.8399,    252.7720,     63.6129,      3.4953,      0.1121,      0.0791,     15.6055,      0.1619,      5.6775,     11.3550,      1.4307,     29.4477,     58.8954,      0.0196,      0.0014,      0.1370,      0.2125,   7995.1709,-558402.8125,   -938.6686,    550.7804,  26650.5684,
       1,     170,     272,      16,       1,       3,       1,     10.0000,      1.4161,     42.8399,    252.7720,     63.6129,      3.4953,      0.0321,      0.0006,      0.4936,      0.1236,      5.6775,     11.3550,      1.0920,     29.4477,     58.8954,      0.0196,      0.0002,      0.0263,      0.2125,   7995.1709,-450828.9688,   -916.0278,    558.1875,  26650.5195,
       1,     170,     272,      17,       1,       3,       1,     10.0000,      1.4161,     42.8399,    252.7720,     63.6129,      3.4953,      0.0796,      0.0478,      1.8152,      0.1278,      5.6775,     11.3550,      1.1293,     29.4477,     58.8954,      0.0196,      0.0002,      0.0931,      0.2126,   7995.1562,-423911.5000,   -910.6649,    560.1156,  26650.5684,
       1,     170,     272,      18,       1,       3,       1,     10.0000,      1.4161,     42.8399,    252.7720,     63.6129,      3.4953,      0.0687,      0.0368,      1.6681,      0.1328,      5.6775,     11.3550,      1.1738,     29.4477,     58.8954,      0.0196,      0.0003,      0.0776,      0.2126,   7995.1709,-423183.5938,   -910.7986,    560.1699,  26650.5684,
       1,     170,     272,      19,       1,       3,       1,     10.0000,      1.4161,     42.8399,    252.7720,     63.6129,      3.4953,      0.0270,     -0.0051,      0.4359,      0.1374,      5.6775,     11.3550,      1.2138,     29.4477,     58.8954,      0.0196,      0.0003,      0.0184,      0.2126,   7995.1709,-422942.5312,   -911.0398,    560.1868,  26650.5684,
       1,     170,     272,      20,       1,       3,       1,     10.0000,      1.4161,     42.8399,    252.7720,     63.6129,      3.4953,      0.0027,     -0.0293,      0.3266,      0.1360,      5.6775,     11.3550,      1.2016,     29.4477,     58.8954,      0.0196,      0.0003,      0.0156,      0.2126,   7995.1709,-421447.3438,   -910.8833,    560.2915,  26650.5684,
       1,     170,     272,      21,       1,       3,       1,     10.0000,      1.4161,     42.8399,    252.7720,     63.6129,      3.4953,      0.0000,     -0.0321,      0.3320,      0.1379,      5.6775,     11.3550,      1.2188,     29.4477,     58.8954,      0.0196,      0.0003,      0.0156,      0.2126,   7995.1709,-421191.2500,   -910.8495,    560.3094,  26650.5684,
       1,     170,     272,      22,       1,       3,       1,     10.0000,      1.4161,     42.8399,    252.7720,     63.6129,      3.4953,      0.0000,     -0.0322,      0.3374,      0.1399,      5.6775,     11.3550,      1.2362,     29.4477,     58.8954,      0.0196,      0.0003,      0.0156,      0.2126,   7995.1709,-421176.1875,   -910.8483,    560.3105,  26650.5684,
       1,     170,     272,      23,       1,       3,       1,     10.0000,      1.4161,     42.8399,    252.7720,     63.6129,      3.4953,      0.0000,     -0.0323,      0.3493,      0.1423,      5.6775,     11.3550,      1.2576,     29.4477,     58.8954,      0.0196,      0.0003,      0.0156,      0.2126,   7995.1709,-421181.4062,   -910.8509,    560.3101,  26650.5684,
       1,     170,     272,      24,       1,       3,       1,     10.0000,      1.4161,     42.8399,    252.7720,     63.6129,      3.4953,      0.0000,     -0.0323,      0.5581,      0.1441,      5.6775,     11.3550,      1.2730,     29.4477,     58.8954,      0.0196,      0.0004,      0.0156,      0.2126,   7995.1709,-421196.0625,   -910.8560,    560.3091,  26650.5684,
       1,     170,     273,       1,       1,       3,       1,     10.0000,      1.4161,     42.8402,    252.7779,     63.6143,      3.4953,      0.0000,     -0.0322,      0.3603,      0.1416,      5.6775,     11.3549,      1.2513,     29.4425,     58.8850,      0.0196,      0.0003,      0.0156,      0.2126,   7995.1709,-421602.5625,   -911.2205,    560.2938,  26651.7617,
       1,     170,     273,       2,       1,       3,       1,     10.0000,      1.4161,     42.8402,    252.7779,     63.6143,      3.4953,      0.0000,     -0.0323,      0.5650,      0.1445,      5.6775,     11.3549,      1.2769,     29.4425,     58.8850,      0.0196,      0.0004,      0.0156,      0.2126,   7995.5288,-421247.3438,   -910.9019,    560.3187,  26651.7598,
       1,     170,     273,       3,       1,       3,       1,     10.0000,      1.4161,     42.8402,    252.7779,     63.6143,      3.4953,      0.0000,     -0.0324,      0.8763,      0.1449,      5.6775,     11.3549,      1.2807,     29.4425,     58.8850,      0.0196,      0.0007,      0.0156,      0.2126,   7995.5283,-421462.7188,   -910.1609,    560.3036,  26651.7578,
       1,     170,     273,       4,       1,       3,       1,     10.0000,      1.4161,     42.8402,    252.7779,     63.6143,      3.4953,      0.0000,     -0.0322,      0.5642,      0.1407,      5.6775,     11.3549,      1.2437,     29.4425,     58.8850,      0.0196,      0.0004,      0.0156,      0.2126,   7995.5278,-421853.5312,   -910.3087,    560.2762,  26651.7598,
       1,     170,     273,       5,       1,       3,       1,     10.0000,      1.4161,     42.8402,    252.7779,     63.6143,      3.4953,      0.0000,     -0.0322,      0.3495,      0.1396,      5.6775,     11.3549,      1.2337,     29.4425,     58.8850,      0.0196,      0.0003,      0.0156,      0.2126,   7995.5283,-421512.5938,   -910.2802,    560.3001,  26651.7598,
       1,     170,     273,       6,       1,       3,       1,     10.0000,      1.4161,     42.8402,    252.7779,     63.6143,      3.4953,      0.0000,     -0.0320,      0.3274,      0.1363,      5.6775,     11.3549,      1.2041,     29.4425,     58.8850,      0.0196,      0.0003,      0.0156,      0.2126,   7995.5283,-421227.0312,   -910.2316,    560.3201,  26651.7598,
       1,     170,     273,       7,       1,       3,       1,     10.0000,      1.4161,     42.8402,    252.7779,     63.6143,      3.4953,      0.0000,     -0.0319,      0.3206,      0.1338,      5.6775,     11.3549,      1.1822,     29.4425,     58.8850,      0.0196,      0.0002,      0.0156,      0.2126,   7995.5283,-421176.6875,   -910.2241,    560.3237,  26651.7598,
       1,     170,     273,       8,       1,       3,       1,     10.0000,      1.4161,     42.8402,    252.7779,     63.6143,      3.4953,      0.0048,     -0.0271,      0.3849,      0.1343,      5.6775,     11.3549,      1.1871,     29.4425,     58.8850,      0.0196,      0.0003,      0.0156,      0.2126,   7995.5283,-421164.2812,   -910.2233,    560.3245,  26651.7617,
       1,     170,     273,       9,       1,       3,       1,     10.0000,      1.4161,     42.8402,    252.7779,     63.6143,      3.4953,      0.0807,      0.0486,      4.1862,      0.1378,      5.6775,     11.3549,      1.2176,     29.4425,     58.8850,      0.0196,      0.0005,      0.0942,      0.2126,   7995.5288,-421239.9688,   -910.2614,    560.3192,  26651.7598,
       1,     170,     273,      10,       1,       3,       1,     10.0000,      1.4161,     42.8402,    252.7779,     63.6143,      3.4953,      0.1504,      0.1175,     29.2984,      0.1616,      5.6775,     11.3549,      1.4278,     29.4425,     58.8850,      0.0196,      0.0019,      0.1901,      0.2126,   7995.5283,-425796.0938,   -911.4553,    560.0001,  26651.7598,
       1,     170,     273,      11,       1,       3,       1,     10.0000,      1.4161,     42.8402,    252.7779,     63.6143,      3.4953,      0.1611,      0.1283,     26.8028,      0.1598,      5.6775,     11.3549,      1.4122,     29.4425,     58.8850,      0.0196,      0.0016,      0.2057,      0.2126,   7995.5283,-456235.0625,   -918.0389,    557.8694,  26651.7598,
       1,     170,     273,      12,       1,       3,       1,     10.0000,      1.4161,     42.8402,    252.7779,     63.6143,      3.4953,      0.1932,      0.1599,     39.7542,      0.1712,      5.6775,     11.3549,      1.5132,     29.4425,     58.8850,      0.0196,      0.0019,      0.2500,      0.2126,   7995.5283,-455807.2188,   -918.8466,    557.9033,  26651.7598,
       1,     170,     273,      13,       1,       3,       1,     10.0000,      1.4161,     42.8402,    252.7779,     63.6143,      3.4953,      0.1944,      0.1607,     55.8261,      0.1842,      5.6775,     11.3549,      1.6274,     29.4425,     58.8850,      0.0196,      0.0027,      0.2500,      0.2126,   7995.5283,-471274.8750,   -923.0310,    556.8247,  26651.7598,
       1,     170,     273,      14,       1,       3,       1,     10.0000,      1.4161,     42.8402,    252.7779,     63.6143,      3.4953,      0.1947,      0.1610,     60.7071,      0.1843,      5.6775,     11.3549,      1.6290,     29.4425,     58.8850,      0.0196,      0.0029,      0.2500,      0.2126,   7995.5283,-491820.5625,   -928.5185,    555.3956,  26651.7598,
       1,     170,     273,      15,       1,       3,       1,     10.0000,      1.4161,     42.8402,    252.7779,     63.6143,      3.4953,      0.1975,      0.1633,     98.0414,      0.2012,      5.6775,     11.3549,      1.7775,     29.4425,     58.8850,      0.0196,      0.0047,      0.2500,      0.2126,   7995.5283,-499389.5938,   -929.0896,    554.8720,  26651.7578,
       1,     170,     273,      16,       1,       3,       1,     10.0000,      1.4161,     42.8402,    252.7779,     63.6143,      3.4953,      0.1984,      0.1639,    109.4701,      0.2088,      5.6775,     11.3549,      1.8455,     29.4425,     58.8850,      0.0196,      0.0053,      0.2500,      0.2126,   7995.5278,-544754.7500,   -939.9310,    551.7258,  26651.7617,
       1,     170,     273,      17,       1,       3,       1,     10.0000,      1.4161,     42.8402,    252.7779,     63.6143,      3.4953,      0.1933,      0.1593,     80.2016,      0.1960,      5.6775,     11.3549,      1.7324,     29.4425,     58.8850,      0.0196,      0.0039,      0.2459,      0.2125,   7995.5288,-562272.9375,   -945.5969,    550.5266,  26651.7578,
       1,     170,     273,      18,       1,       3,       1,     10.0000,      1.4161,     42.8402,    252.7779,     63.6143,      3.4953,      0.1520,      0.1185,     47.6037,      0.1802,      5.6775,     11.3549,      1.5922,     29.4425,     58.8850,      0.0196,      0.0030,      0.1903,      0.2125,   7995.5278,-528623.3125,   -940.7632,    552.8435,  26651.7598,
       1,     170,     273,      19,       1,       3,       1,     10.0000,      1.4161,     42.8402,    252.7779,     63.6143,      3.4953,      0.0404,      0.0073,      7.5746,      0.1668,      5.6775,     11.3549,      1.4744,     29.4425,     58.8850,      0.0196,      0.0026,      0.0356,      0.2125,   7995.5283,-486752.4062,   -933.6406,    555.7419,  26651.7598,
       1,     170,     273,      20,       1,       3,       1,     10.0000,      1.4161,     42.8402,    252.7779,     63.6143,      3.4953,      0.0023,     -0.0305,      2.8491,      0.1595,      5.6775,     11.3549,      1.4093,     29.4425,     58.8850,      0.0196,      0.0022,      0.0156,      0.2126,   7995.5283,-435320.8750,   -924.1959,    559.3223,  26651.7598,
       1,     170,     273,      21,       1,       3,       1,     10.0000,      1.4161,     42.8402,    252.7779,     63.6143,      3.4953,      0.0000,     -0.0328,      2.1984,      0.1582,      5.6775,     11.3549,      1.3981,     29.4425,     58.8850,      0.0196,      0.0017,      0.0156,      0.2126,   7995.5283,-425388.7812,   -922.4661,    560.0283,  26651.7598,
       1,     170,     273,      22,       1,       3,       1,     10.0000,      1.4161,     42.8402,    252.7779,     63.6143,      3.4953,      0.0000,     -0.0328,      1.9361,      0.1566,      5.6775,     11.3549,      1.3841,     29.4425,     58.8850,      0.0196,      0.0015,      0.0156,      0.2126,   7995.5283,-423765.2812,   -922.2678,    560.1424,  26651.7598,
       1,     170,     273,      23,       1,       3,       1,     10.0000,      1.4161,     42.8402,    252.7779,     63.6143,      3.4953,      0.0000,     -0.0328,      1.9910,      0.1566,      5.6775,     11.3549,      1.3841,     29.4425,     58.8850,      0.0196,      0.0015,      0.0156,      0.2126,   7995.5283,-423314.6875,   -922.2661,    560.1739,  26651.7598,
       1,     170,     273,      24,       1,       3,       1,     10.0000,      1.4161,     42.8402,    252.7779,     63.6143,      3.4953,      0.0000,     -0.0326,      1.6089,      0.1526,      5.6775,     11.3549,      1.3483,     29.4425,     58.8850,      0.0196,      0.0012,      0.0156,      0.2126,   7995.5283,-423342.7812,   -922.3574,    560.1719,  26651.7598,
       1,     170,     274,       1,       1,       3,       1,     10.0000,      1.4161,     42.8406,    252.7838,     63.6159,      3.4953,      0.0000,     -0.0326,      1.6113,      0.1529,      5.6772,     11.3544,      1.3511,     29.4457,     58.8914,      0.0196,      0.0012,      0.0156,      0.2127,   7995.5283,-423042.5625,   -922.6305,    560.2062,  26652.9492,
       1,     170,     274,       2,       1,       3,       1,     10.0000,      1.4161,     42.8406,    252.7838,     63.6159,      3.4953,      0.0000,     -0.0326,      1.2756,      0.1512,      5.6772,     11.3544,      1.3362,     29.4457,     58.8914,      0.0196,      0.0010,      0.0156,      0.2127,   7995.8853,-422868.1250,   -922.3982,    560.2184,  26652.9473,
       1,     170,     274,       3,       1,       3,       1,     10.0000,      1.4161,     42.8406,    252.7838,     63.6159,      3.4953,      0.0000,     -0.0325,      0.5583,      0.1477,      5.6772,     11.3544,      1.3056,     29.4457,     58.8914,      0.0196,      0.0004,      0.0156,      0.2127,   7995.8843,-422452.0938,   -922.3676,    560.2476,  26652.9512,
       1,     170,     274,       4,       1,       3,       1,     10.0000,      1.4161,     42.8406,    252.7838,     63.6159,      3.4953,      0.0000,     -0.0324,      0.3538,      0.1458,      5.6772,     11.3544,      1.2886,     29.4457,     58.8914,      0.0196,      0.0003,      0.0156,      0.2127,   7995.8857,-421558.1250,   -922.2045,    560.3101,  26652.9492,
       1,     170,     274,       5,       1,       3,       1,     10.0000,      1.4161,     42.8406,    252.7838,     63.6159,      3.4953,      0.0000,     -0.0324,      0.3522,      0.1452,      5.6772,     11.3544,      1.2834,     29.4457,     58.8914,      0.0196,      0.0003,      0.0156,      0.2127,   7995.8853,-421239.0000,   -922.1462,    560.3325,  26652.9492,
       1,     170,     274,       6,       1,       3,       1,     10.0000,      1.4161,     42.8406,    252.7838,     63.6159,      3.4953,      0.0000,     -0.0324,      0.5225,      0.1451,      5.6772,     11.3544,      1.2821,     29.4457,     58.8914,      0.0196,      0.0004,      0.0156,      0.2127,   7995.8853,-421210.2500,   -922.1422,    560.3345,  26652.9512,
       1,     170,     274,       7,       1,       3,       1,     10.0000,      1.4161,     42.8406,    252.7838,     63.6159,      3.4953,      0.0000,     -0.0322,      0.4466,      0.1419,      5.6772,     11.3544,      1.2539,     29.4457,     58.8914,      0.0196,      0.0003,      0.0156,      0.2127,   7995.8857,-421411.3125,   -922.1901,    560.3204,  26652.9473,
       1,     170,     274,       8,       1,       3,       1,     10.0000,      1.4161,     42.8406,    252.7838,     63.6159,      3.4953,      0.0132,     -0.0189,      0.3347,      0.1389,      5.6772,     11.3544,      1.2275,     29.4457,     58.8914,      0.0196,      0.0003,      0.0156,      0.2127,   7995.8843,-421337.9062,   -922.1830,    560.3256,  26652.9473,
       1,     170,     274,       9,       1,       3,       1,     10.0000,      1.4161,     42.8406,    252.7838,     63.6159,      3.4953,      0.0938,      0.0612,      8.3744,      0.1518,      5.6772,     11.3544,      1.3416,     29.4457,     58.8914,      0.0196,      0.0009,      0.1120,      0.2127,   7995.8843,-421197.7500,   -922.1703,    560.3354,  26652.9512,
       1,     170,     274,      10,       1,       3,       1,     10.0000,      1.4161,     42.8406,    252.7838,     63.6159,      3.4953,      0.1716,      0.1382,     38.8872,      0.1757,      5.6772,     11.3544,      1.5530,     29.4457,     58.8914,      0.0196,      0.0021,      0.2193,      0.2127,   7995.8857,-430806.5000,   -924.2017,    559.6624,  26652.9492,
       1,     170,     274,      11,       1,       3,       1,     10.0000,      1.4161,     42.8406,    252.7838,     63.6159,      3.4953,      0.1853,      0.1513,     65.6774,      0.1918,      5.6772,     11.3544,      1.6951,     29.4457,     58.8914,      0.0196,      0.0034,      0.2359,      0.2127,   7995.8853,-468132.4375,   -931.9841,    557.0515,  26652.9492,
       1,     170,     274,      12,       1,       3,       1,     10.0000,      1.4161,     42.8406,    252.7838,     63.6159,      3.4953,      0.1841,      0.1498,     79.9554,      0.2034,      5.6772,     11.3544,      1.7970,     29.4457,     58.8914,      0.0196,      0.0041,      0.2327,      0.2126,   7995.8853,-503354.7188,   -939.6279,    554.6050,  26652.9473,
       1,     170,     274,      13,       1,       3,       1,     10.0000,      1.4161,     42.8406,    252.7838,     63.6159,      3.4953,      0.1887,      0.1540,    103.4262,      0.2170,      5.6772,     11.3544,      1.9178,     29.4457,     58.8914,      0.0196,      0.0053,      0.2368,      0.2126,   7995.8843,-523413.7812,   -944.4679,    553.2198,  26652.9473,
       1,     170,     274,      14,       1,       3,       1,     10.0000,      1.4161,     42.8406,    252.7838,     63.6159,      3.4953,      0.1984,      0.1634,    111.3132,      0.2282,      5.6772,     11.3544,      2.0162,     29.4457,     58.8914,      0.0196,      0.0054,      0.2500,      0.2126,   7995.8843,-553217.2500,   -951.3339,    551.1605,  26652.9492,
       1,     170,     274,      15,       1,       3,       1,     10.0000,      1.4161,     42.8406,    252.7838,     63.6159,      3.4953,      0.1849,      0.1499,    112.7365,      0.2288,      5.6772,     11.3544,      2.0222,     29.4457,     58.8914,      0.0196,      0.0059,      0.2305,      0.2125,   7995.8853,-565171.6875,   -954.7708,    550.3407,  26652.9492,
       1,     170,     274,      16,       1,       3,       1,     10.0000,      1.4161,     42.8406,    252.7838,     63.6159,      3.4953,      0.1934,      0.1582,    113.1646,      0.2322,      5.6772,     11.3544,      2.0521,     29.4457,     58.8914,      0.0196,      0.0056,      0.2426,      0.2125,   7995.8853,-567873.7500,   -956.1885,    550.1555,  26652.9473,
       1,     170,     274,      17,       1,       3,       1,     10.0000,      1.4161,     42.8406,    252.7838,     63.6159,      3.4953,      0.1893,      0.1545,     90.5242,      0.2222,      5.6772,     11.3544,      1.9635,     29.4457,     58.8914,      0.0196,      0.0046,      0.2392,      0.2125,   7995.8843,-568612.1875,   -957.1607,    550.1048,  26652.9473,
       1,     170,     274,      18,       1,       3,       1,     10.0000,      1.4161,     42.8406,    252.7838,     63.6159,      3.4953,      0.1484,      0.1142,     51.2409,      0.2010,      5.6772,     11.3544,      1.7758,     29.4457,     58.8914,      0.0196,      0.0033,      0.1847,      0.2125,   7995.8843,-541518.5000,   -952.4556,    551.9678,  26652.9453,
       1,     170,     274,      19,       1,       3,       1,     10.0000,      1.4161,     42.8406,    252.7838,     63.6159,      3.4953,      0.1150,      0.0812,     35.1061,      0.1890,      5.6772,     11.3544,      1.6700,     29.4457,     58.8914,      0.0196,      0.0031,      0.1387,      0.2125,   7995.8838,-492172.8438,   -943.0668,    555.3756,  26652.9453,
       1,     170,     274,      20,       1,       3,       1,     10.0000,      1.4161,     42.8406,    252.7838,     63.6159,      3.4953,      0.0127,     -0.0207,      3.6572,      0.1747,      5.6772,     11.3544,      1.5438,     29.4457,     58.8914,      0.0196,      0.0028,      0.0156,      0.2126,   7995.8838,-468755.3750,   -938.6395,    557.0118,  26652.9434,
       1,     170,     274,      21,       1,       3,       1,     10.0000,      1.4161,     42.8406,    252.7838,     63.6159,      3.4953,      0.0000,     -0.0332,      2.7082,      0.1682,      5.6772,     11.3544,      1.4862,     29.4457,     58.8914,      0.0196,      0.0021,      0.0156,      0.2126,   7995.8833,-429133.4688,   -930.8294,    559.7730,  26652.9453,
       1,     170,     274,      22,       1,       3,       1,     10.0000,      1.4161,     42.8406,    252.7838,     63.6159,      3.4953,      0.0000,     -0.0331,      2.0804,      0.1652,      5.6772,     11.3544,      1.4597,     29.4457,     58.8914,      0.0196,      0.0016,      0.0156,      0.2127,   7995.8838,-424699.6875,   -929.9584,    560.0901,  26652.9453,
       1,     170,     274,      23,       1,       3,       1,     10.0000,      1.4161,     42.8406,    252.7838,     63.6159,      3.4953,      0.0000,     -0.0325,      0.5513,      0.1480,      5.6772,     11.3544,      1.3082,     29.4457,     58.8914,      0.0196,      0.0004,      0.0156,      0.2127,   7995.8838,-423568.8438,   -910.6589,    560.1693,  26652.9473,
       1,     170,     274,      24,       1,       3,       1,     10.0000,      1.4161,     42.8406,    252.7838,     63.6159,      3.4953,      0.0000,     -0.0318,      0.3107,      0.1302,      5.6772,     11.3544,      1.1503,     29.4457,     58.8914,      0.0196,      0.0002,      0.0156,      0.2127,   7995.8843,-421644.0312,   -910.1960,    560.3041,  26652.9512,
       1,     170,     275,       1,       1,       3,       1,     10.0000,      1.4162,     42.8409,    252.7898,     63.6173,      3.4953,      0.0000,     -0.0313,      0.2791,      0.1185,      5.6771,     11.3541,      1.0472,     29.4513,     58.9027,      0.0196,      0.0002,      0.0156,      0.2127,   7995.8857,-421349.2188,   -910.3715,    560.3379,  26654.1367,
       1,     170,     275,       2,       1,       3,       1,     10.0000,      1.4162,     42.8409,    252.7898,     63.6173,      3.4953,      0.0000,     -0.0313,      0.2756,      0.1172,      5.6771,     11.3541,      1.0355,     29.4513,     58.9027,      0.0196,      0.0002,      0.0156,      0.2127,   7996.2412,-421135.2188,   -910.0718,    560.3529,  26654.1387,
       1,     170,     275,       3,       1,       3,       1,     10.0000,      1.4162,     42.8409,    252.7898,     63.6173,      3.4953,      0.0000,     -0.0313,      0.2753,      0.1171,      5.6771,     11.3541,      1.0344,     29.4513,     58.9027,      0.0196,      0.0002,      0.0156,      0.2127,   7996.2417,-421112.5938,   -910.0669,    560.3544,  26654.1328,
       1,     170,     275,       4,       1,       3,       1,     10.0000,      1.4162,     42.8409,    252.7898,     63.6173,      3.4953,      0.0000,     -0.0313,      0.2798,      0.1188,      5.6771,     11.3541,      1.0493,     29.4513,     58.9027,      0.0196,      0.0002,      0.0156,      0.2127,   7996.2402,-421111.1562,   -910.0680,    560.3546,  26654.1367,
       1,     170,     275,       5,       1,       3,       1,     10.0000,      1.4162,     42.8409,    252.7898,     63.6173,      3.4953,      0.0000,     -0.0314,      0.2828,      0.1198,      5.6771,     11.3541,      1.0591,     29.4513,     58.9027,      0.0196,      0.0002,      0.0156,      0.2127,   7996.2412,-421116.0312,   -910.0697,    560.3542,  26654.1387,
       1,     170,     275,       6,       1,       3,       1,     10.0000,      1.4162,     42.8409,    252.7898,     63.6173,      3.4953,      0.0000,     -0.0315,      0.2918,      0.1232,      5.6771,     11.3541,      1.0887,     29.4513,     58.9027,      0.0196,      0.0002,      0.0156,      0.2127,   7996.2417,-421119.6562,   -910.0713,    560.3539,  26654.1367,
       1,     170,     275,       7,       1,       3,       1,     10.0000,      1.4162,     42.8409,    252.7898,     63.6173,      3.4953,      0.0000,     -0.0315,      0.2904,      0.1227,      5.6771,     11.3541,      1.0843,     29.4513,     58.9027,      0.0196,      0.0002,      0.0156,      0.2127,   7996.2412,-421131.1562,   -910.0756,    560.3531,  26654.1367,
       1,     170,     275,       8,       1,       3,       1,     10.0000,      1.4162,     42.8409,    252.7898,     63.6173,      3.4953,      0.0095,     -0.0219,      0.2871,      0.1215,      5.6771,     11.3541,      1.0732,     29.4513,     58.9027,      0.0196,      0.0002,      0.0156,      0.2127,   7996.2412,-421130.4375,   -910.0770,    560.3531,  26654.1367,
       1,     170,     275,       9,       1,       3,       1,     10.0000,      1.4162,     42.8409,    252.7898,     63.6173,      3.4953,      0.0980,      0.0663,      2.3168,      0.1276,      5.6771,     11.3541,      1.1271,     29.4513,     58.9027,      0.0196,      0.0002,      0.1190,      0.2127,   7996.2412,-421126.4375,   -910.1182,    560.3535,  26654.1387,
       1,     170,     275,      10,       1,       3,       1,     10.0000,      1.4162,     42.8409,    252.7898,     63.6173,      3.4953,      0.1596,      0.1270,     15.6415,      0.1508,      5.6771,     11.3541,      1.3322,     29.4513,     58.9027,      0.0196,      0.0009,      0.2047,      0.2127,   7996.2417,-423554.3438,   -910.9938,    560.1834,  26654.1387,
       1,     170,     275,      11,       1,       3,       1,     10.0000,      1.4162,     42.8409,    252.7898,     63.6173,      3.4953,      0.1631,      0.1303,     21.1705,      0.1549,      5.6771,     11.3541,      1.3689,     29.4513,     58.9027,      0.0196,      0.0012,      0.2090,      0.2127,   7996.2417,-439701.9375,   -914.8435,    559.0527,  26654.1367,
       1,     170,     275,      12,       1,       3,       1,     10.0000,      1.4162,     42.8409,    252.7898,     63.6173,      3.4953,      0.1833,      0.1499,     49.1109,      0.1731,      5.6771,     11.3541,      1.5300,     29.4513,     58.9027,      0.0196,      0.0025,      0.2348,      0.2127,   7996.2412,-447675.7812,   -917.2542,    558.4967,  26654.1367,
       1,     170,     275,      13,       1,       3,       1,     10.0000,      1.4162,     42.8409,    252.7898,     63.6173,      3.4953,      0.1909,      0.1568,     80.6995,      0.1986,      5.6771,     11.3541,      1.7549,     29.4513,     58.9027,      0.0196,      0.0040,      0.2424,      0.2127,   7996.2412,-481787.0000,   -925.1733,    556.1155,  26654.1406,
       1,     170,     275,      14,       1,       3,       1,     10.0000,      1.4162,     42.8409,    252.7898,     63.6173,      3.4953,      0.1735,      0.1393,     64.3081,      0.1992,      5.6771,     11.3541,      1.7601,     29.4513,     58.9027,      0.0196,      0.0035,      0.2192,      0.2126,   7996.2427,-522484.1250,   -934.8732,    553.2916,  26654.1367,
       1,     170,     275,      15,       1,       3,       1,     10.0000,      1.4162,     42.8409,    252.7898,     63.6173,      3.4953,      0.1891,      0.1544,     88.2895,      0.2196,      5.6771,     11.3541,      1.9406,     29.4513,     58.9027,      0.0196,      0.0045,      0.2392,      0.2126,   7996.2412,-506255.9375,   -933.4661,    554.4211,  26654.1387,
       1,     170,     275,      16,       1,       3,       1,     10.0000,      1.4162,     42.8409,    252.7898,     63.6173,      3.4953,      0.1966,      0.1614,    120.7085,      0.2366,      5.6771,     11.3541,      2.0906,     29.4513,     58.9027,      0.0196,      0.0059,      0.2465,      0.2126,   7996.2417,-533627.1250,   -940.5355,    552.5255,  26654.1387,
       1,     170,     275,      17,       1,       3,       1,     10.0000,      1.4162,     42.8409,    252.7898,     63.6173,      3.4953,      0.1846,      0.1492,    122.6072,      0.2413,      5.6771,     11.3541,      2.1319,     29.4513,     58.9027,      0.0196,      0.0065,      0.2290,      0.2126,   7996.2417,-574777.0000,   -950.4065,    549.6866,  26654.1387,
       1,     170,     275,      18,       1,       3,       1,     10.0000,      1.4162,     42.8409,    252.7898,     63.6173,      3.4953,      0.1722,      0.1368,    115.9268,      0.2422,      5.6771,     11.3541,      2.1402,     29.4513,     58.9027,      0.0196,      0.0066,      0.2118,      0.2125,   7996.2417,-580507.7500,   -953.1697,    549.3000,  26654.1387,
       1,     170,     275,      19,       1,       3,       1,     10.0000,      1.4162,     42.8409,    252.7898,     63.6173,      3.4953,      0.0739,      0.0393,     29.0342,      0.2122,      5.6771,     11.3541,      1.8749,     29.4513,     58.9027,      0.0196,      0.0044,      0.0799,      0.2125,   7996.2417,-572964.4375,   -953.1163,    549.8181,  26654.1387,
       1,     170,     275,      20,       1,       3,       1,     10.0000,      1.4162,     42.8409,    252.7898,     63.6173,      3.4953,      0.0038,     -0.0299,      3.1168,      0.1833,      5.6771,     11.3541,      1.6194,     29.4513,     58.9027,      0.0196,      0.0024,      0.0156,      0.2125,   7996.2417,-468120.2188,   -933.4722,    557.0240,  26654.1348,
       1,     170,     275,      21,       1,       3,       1,     10.0000,      1.4162,     42.8409,    252.7898,     63.6173,      3.4953,      0.0000,     -0.0332,      1.9750,      0.1679,      5.6771,     11.3541,      1.4833,     29.4513,     58.9027,      0.0196,      0.0015,      0.0156,      0.2126,   7996.2407,-428489.2188,   -923.8527,    559.8309,  26654.1367,
       1,     170,     275,      22,       1,       3,       1,     10.0000,      1.4162,     42.8409,    252.7898,     63.6173,      3.4953,      0.0000,     -0.0325,      0.6897,      0.1494,      5.6771,     11.3541,      1.3202,     29.4513,     58.9027,      0.0196,      0.0005,      0.0156,      0.2127,   7996.2412,-423771.0625,   -910.8942,    560.1682,  26654.1406,
       1,     170,     275,      23,       1,       3,       1,     10.0000,      1.4162,     42.8409,    252.7898,     63.6173,      3.4953,      0.0000,     -0.0324,      0.4874,      0.1448,      5.6771,     11.3541,      1.2795,     29.4513,     58.9027,      0.0196,      0.0004,      0.0156,      0.2127,   7996.2427,-421829.0312,   -910.2429,    560.3042,  26654.1387,
       1,     170,     275,      24,       1,       3,       1,     10.0000,      1.4162,     42.8409,    252.7898,     63.6173,      3.4953,      0.0000,     -0.0322,      0.3426,      0.1418,      5.6771,     11.3541,      1.2526,     29.4513,     58.9027,      0.0196,      0.0003,      0.0156,      0.2127,   7996.2417,-421424.3125,   -910.1426,    560.3326,  26654.1387,
       1,     170,     276,       1,       1,       3,       1,     10.0000,      1.4162,     42.8412,    252.7957,     63.6188,      3.4953,      0.0000,     -0.0322,      0.3398,      0.1408,      5.6775,     11.3549,      1.2438,     29.4554,     58.9109,      0.0196,      0.0003,      0.0156,      0.2127,   7996.2417,-421371.9688,   -910.3755,    560.3493,  26655.3242,
       1,     170,     276,       2,       1,       3,       1,     10.0000,      1.4162,     42.8412,    252.7957,     63.6188,      3.4953,      0.0000,     -0.0324,      0.3534,      0.1457,      5.6775,     11.3549,      1.2873,     29.4554,     58.9109,      0.0196,      0.0003,      0.0156,      0.2127,   7996.5977,-421212.8125,   -910.0945,    560.3605,  26655.3262,
       1,     170,     276,       3,       1,       3,       1,     10.0000,      1.4162,     42.8412,    252.7957,     63.6188,      3.4953,      0.0000,     -0.0325,      0.3604,      0.1482,      5.6775,     11.3549,      1.3096,     29.4554,     58.9109,      0.0196,      0.0003,      0.0156,      0.2127,   7996.5981,-421215.4062,   -910.0963,    560.3602,  26655.3262,
       1,     170,     276,       4,       1,       3,       1,     10.0000,      1.4162,     42.8412,    252.7957,     63.6188,      3.4953,      0.0000,     -0.0325,      0.3625,      0.1490,      5.6775,     11.3549,      1.3162,     29.4554,     58.9109,      0.0196,      0.0003,      0.0156,      0.2127,   7996.5981,-421224.0938,   -910.0995,    560.3597,  26655.3262,
       1,     170,     276,       5,       1,       3,       1,     10.0000,      1.4162,     42.8412,    252.7957,     63.6188,      3.4953,      0.0000,     -0.0324,      0.3563,      0.1467,      5.6775,     11.3549,      1.2965,     29.4554,     58.9109,      0.0196,      0.0003,      0.0156,      0.2127,   7996.5981,-421227.2500,   -910.1021,    560.3594,  26655.3262,
       1,     170,     276,       6,       1,       3,       1,     10.0000,      1.4162,     42.8412,    252.7957,     63.6188,      3.4953,      0.0000,     -0.0323,      0.3469,      0.1433,      5.6775,     11.3549,      1.2667,     29.4554,     58.9109,      0.0196,      0.0003,      0.0156,      0.2127,   7996.5981,-421220.0938,   -910.1026,    560.3599,  26655.3262,
       1,     170,     276,       7,       1,       3,       1,     10.0000,      1.4162,     42.8412,    252.7957,     63.6188,      3.4953,      0.0000,     -0.0322,      0.3426,      0.1418,      5.6775,     11.3549,      1.2527,     29.4554,     58.9109,      0.0196,      0.0003,      0.0156,      0.2127,   7996.5981,-421208.3125,   -910.1023,    560.3608,  26655.3281,
       1,     170,     276,       8,       1,       3,       1,     10.0000,      1.4162,     42.8412,    252.7957,     63.6188,      3.4953,      0.0072,     -0.0249,      0.3370,      0.1398,      5.6775,     11.3549,      1.2350,     29.4554,     58.9109,      0.0196,      0.0003,      0.0156,      0.2127,   7996.5986,-421201.8438,   -910.1025,    560.3613,  26655.3262,
       1,     170,     276,       9,       1,       3,       1,     10.0000,      1.4162,     42.8412,    252.7957,     63.6188,      3.4953,      0.1153,      0.0829,      4.9770,      0.1472,      5.6775,     11.3549,      1.3004,     29.4554,     58.9109,      0.0196,      0.0004,      0.1430,      0.2127,   7996.5981,-421194.8438,   -910.1402,    560.3617,  26655.3262,
       1,     170,     276,      10,       1,       3,       1,     10.0000,      1.4162,     42.8412,    252.7957,     63.6188,      3.4953,      0.1605,      0.1272,     30.2046,      0.1711,      5.6775,     11.3549,      1.5118,     29.4554,     58.9109,      0.0196,      0.0018,      0.2044,      0.2127,   7996.5981,-426745.5625,   -911.7433,    559.9728,  26655.3242,
       1,     170,     276,      11,       1,       3,       1,     10.0000,      1.4162,     42.8412,    252.7957,     63.6188,      3.4953,      0.1566,      0.1232,     28.7879,      0.1747,      5.6775,     11.3549,      1.5438,     29.4554,     58.9109,      0.0196,      0.0017,      0.1990,      0.2127,   7996.5977,-457396.3438,   -918.5572,    557.8276,  26655.3262,
       1,     170,     276,      12,       1,       3,       1,     10.0000,      1.4162,     42.8412,    252.7957,     63.6188,      3.4953,      0.1876,      0.1536,     63.0271,      0.1951,      5.6775,     11.3549,      1.7239,     29.4554,     58.9109,      0.0196,      0.0032,      0.2396,      0.2127,   7996.5981,-458277.4375,   -919.9280,    557.7703,  26655.3262,
       1,     170,     276,      13,       1,       3,       1,     10.0000,      1.4162,     42.8412,    252.7957,     63.6188,      3.4953,      0.1854,      0.1508,     85.8787,      0.2134,      5.6775,     11.3549,      1.8860,     29.4554,     58.9109,      0.0196,      0.0044,      0.2340,      0.2127,   7996.5981,-499332.0312,   -929.4178,    554.9078,  26655.3262,
       1,     170,     276,      14,       1,       3,       1,     10.0000,      1.4162,     42.8412,    252.7957,     63.6188,      3.4953,      0.1899,      0.1548,    107.9064,      0.2336,      5.6775,     11.3549,      2.0643,     29.4554,     58.9109,      0.0196,      0.0055,      0.2383,      0.2126,   7996.5981,-530156.0000,   -937.1945,    552.7772,  26655.3262,
       1,     170,     276,      15,       1,       3,       1,     10.0000,      1.4162,     42.8412,    252.7957,     63.6188,      3.4953,      0.1825,      0.1479,     73.0145,      0.2153,      5.6775,     11.3549,      1.9028,     29.4554,     58.9109,      0.0196,      0.0038,      0.2313,      0.2126,   7996.5981,-559129.8750,   -942.9777,    550.7792,  26655.3262,
       1,     170,     276,      16,       1,       3,       1,     10.0000,      1.4162,     42.8412,    252.7957,     63.6188,      3.4953,      0.1732,      0.1390,     65.6251,      0.2008,      5.6775,     11.3549,      1.7741,     29.4554,     58.9109,      0.0196,      0.0036,      0.2187,      0.2126,   7996.5981,-519720.6250,   -937.3382,    553.4961,  26655.3281,
       1,     170,     276,      17,       1,       3,       1,     10.0000,      1.4162,     42.8412,    252.7957,     63.6188,      3.4953,      0.1856,      0.1513,     65.7550,      0.2036,      5.6775,     11.3549,      1.7988,     29.4554,     58.9109,      0.0196,      0.0034,      0.2365,      0.2126,   7996.5986,-507596.1875,   -936.3489,    554.3416,  26655.3281,
       1,     170,     276,      18,       1,       3,       1,     10.0000,      1.4162,     42.8412,    252.7957,     63.6188,      3.4953,      0.1682,      0.1340,     57.3067,      0.2000,      5.6775,     11.3549,      1.7671,     29.4554,     58.9109,      0.0196,      0.0033,      0.2124,      0.2126,   7996.5986,-506734.0625,   -937.4084,    554.4020,  26655.3262,
       1,     170,     276,      19,       1,       3,       1,     10.0000,      1.4162,     42.8412,    252.7957,     63.6188,      3.4953,      0.0564,      0.0225,     13.3015,      0.1888,      5.6775,     11.3549,      1.6684,     29.4554,     58.9109,      0.0196,      0.0028,      0.0571,      0.2126,   7996.5981,-496541.0312,   -936.4172,    555.1084,  26655.3262,
       1,     170,     276,      20,       1,       3,       1,     10.0000,      1.4162,     42.8412,    252.7957,     63.6188,      3.4953,      0.0047,     -0.0287,      2.6450,      0.1745,      5.6775,     11.3549,      1.5423,     29.4554,     58.9109,      0.0196,      0.0020,      0.0156,      0.2126,   7996.5981,-442984.9062,   -926.5466,    558.8250,  26655.3281,
       1,     170,     276,      21,       1,       3,       1,     10.0000,      1.4162,     42.8412,    252.7957,     63.6188,      3.4953,      0.0000,     -0.0331,      1.8571,      0.1667,      5.6775,     11.3549,      1.4730,     29.4554,     58.9109,      0.0196,      0.0014,      0.0156,      0.2127,   7996.5986,-425792.7812,   -923.3883,    560.0384,  26655.3262,
       1,     170,     276,      22,       1,       3,       1,     10.0000,      1.4162,     42.8412,    252.7957,     63.6188,      3.4953,      0.0000,     -0.0330,      1.6394,      0.1622,      5.6775,     11.3549,      1.4337,     29.4554,     58.9109,      0.0196,      0.0013,      0.0156,      0.2127,   7996.5981,-423399.7500,   -923.0000,    560.2072,  26655.3262,
       1,     170,     276,      23,       1,       3,       1,     10.0000,      1.4162,     42.8412,    252.7957,     63.6188,      3.4953,      0.0000,     -0.0329,      1.6066,      0.1597,      5.6775,     11.3549,      1.4108,     29.4554,     58.9109,      0.0196,      0.0012,      0.0156,      0.2127,   7996.5981,-422937.4062,   -922.9587,    560.2397,  26655.3262,
       1,     170,     276,      24,       1,       3,       1,     10.0000,      1.4162,     42.8412,    252.7957,     63.6188,      3.4953,      0.0000,     -0.0328,      1.5066,      0.1573,      5.6775,     11.3549,      1.3898,     29.4554,     58.9109,      0.0196,      0.0012,      0.0156,      0.2127,   7996.5981,-422859.2188,   -922.9933,    560.2451,  26655.3262,
       1,     170,     277,       1,       1,       3,       1,     10.0000,      1.4162,     42.8416,    252.8017,     63.6203,      3.4953,      0.0000,     -0.0327,      1.4114,      0.1534,      5.6775,     11.3550,      1.3553,     29.4585,     58.9170,      0.0196,      0.0011,      0.0156,      0.2127,   7996.5981,-422887.9062,   -923.3263,    560.2564,  26656.5137,
       1,     170,     277,       2,       1,       3,       1,     10.0000,      1.4162,     42.8416,    252.8017,     63.6203,      3.4953,      0.0000,     -0.0324,      0.9057,      0.1472,      5.6775,     11.3550,      1.3004,     29.4585,     58.9170,      0.0196,      0.0007,      0.0156,      0.2127,   7996.9546,-422624.4062,   -923.0552,    560.2748,  26656.5137,
       1,     170,     277,       3,       1,       3,       1,     10.0000,      1.4162,     42.8416,    252.8017,     63.6203,      3.4953,      0.0000,     -0.0323,      0.5969,      0.1439,      5.6775,     11.3550,      1.2718,     29.4585,     58.9170,      0.0196,      0.0005,      0.0156,      0.2127,   7996.9546,-421997.4375,   -922.9567,    560.3188,  26656.5137,
       1,     170,     277,       4,       1,       3,       1,     10.0000,      1.4162,     42.8416,    252.8017,     63.6203,      3.4953,      0.0000,     -0.0322,      0.5529,      0.1412,      5.6775,     11.3550,      1.2476,     29.4585,     58.9170,      0.0196,      0.0004,      0.0156,      0.2127,   7996.9546,-421575.4062,   -922.8879,    560.3483,  26656.5137,
       1,     170,     277,       5,       1,       3,       1,     10.0000,      1.4162,     42.8416,    252.8017,     63.6203,      3.4953,      0.0000,     -0.0320,      0.8367,      0.1359,      5.6775,     11.3550,      1.2005,     29.4585,     58.9170,      0.0196,      0.0006,      0.0156,      0.2127,   7996.9546,-421487.4375,   -922.8819,    560.3545,  26656.5117,
       1,     170,     277,       6,       1,       3,       1,     10.0000,      1.4162,     42.8416,    252.8017,     63.6203,      3.4953,      0.0000,     -0.0319,      0.5305,      0.1316,      5.6775,     11.3550,      1.1633,     29.4585,     58.9170,      0.0196,      0.0004,      0.0156,      0.2127,   7996.9536,-421819.6562,   -922.9691,    560.3312,  26656.5137,
       1,     170,     277,       7,       1,       3,       1,     10.0000,      1.4162,     42.8416,    252.8017,     63.6203,      3.4953,      0.0000,     -0.0318,      0.7506,      0.1310,      5.6775,     11.3550,      1.1574,     29.4585,     58.9170,      0.0196,      0.0006,      0.0156,      0.2127,   7996.9546,-421481.1562,   -922.9147,    560.3549,  26656.5156,
       1,     170,     277,       8,       1,       3,       1,     10.0000,      1.4162,     42.8416,    252.8017,     63.6203,      3.4953,      0.0173,     -0.0145,      0.3761,      0.1302,      5.6775,     11.3550,      1.1504,     29.4585,     58.9170,      0.0196,      0.0009,      0.0051,      0.2127,   7996.9551,-421715.8438,   -922.9808,    560.3384,  26656.5137,
       1,     170,     277,       9,       1,       3,       1,     10.0000,      1.4162,     42.8416,    252.8017,     63.6203,      3.4953,      0.1217,      0.0896,     19.3861,      0.1361,      5.6775,     11.3550,      1.2029,     29.4585,     58.9170,      0.0196,      0.0016,      0.1505,      0.2127,   7996.9546,-421287.7812,   -922.9522,    560.3685,  26656.5137,
       1,     170,     277,      10,       1,       3,       1,     10.0000,      1.4162,     42.8416,    252.8017,     63.6203,      3.4953,      0.1889,      0.1558,     63.0520,      0.1657,      5.6775,     11.3550,      1.4642,     29.4585,     58.9170,      0.0196,      0.0032,      0.2412,      0.2127,   7996.9546,-443992.8438,   -927.5593,    558.7780,  26656.5137,
       1,     170,     277,      11,       1,       3,       1,     10.0000,      1.4162,     42.8416,    252.8017,     63.6203,      3.4953,      0.1970,      0.1631,     89.9573,      0.1898,      5.6775,     11.3550,      1.6768,     29.4585,     58.9170,      0.0196,      0.0043,      0.2500,      0.2127,   7996.9546,-498153.9062,   -938.7158,    554.9973,  26656.5137,
       1,     170,     277,      12,       1,       3,       1,     10.0000,      1.4162,     42.8416,    252.8017,     63.6203,      3.4953,      0.1998,      0.1653,    128.6460,      0.2124,      5.6775,     11.3550,      1.8768,     29.4585,     58.9170,      0.0196,      0.0062,      0.2500,      0.2127,   7996.9546,-534938.7500,   -946.8444,    552.4581,  26656.5098,
       1,     170,     277,      13,       1,       3,       1,     10.0000,      1.4162,     42.8416,    252.8017,     63.6203,      3.4953,      0.1993,      0.1639,    184.8780,      0.2458,      5.6775,     11.3550,      2.1719,     29.4585,     58.9170,      0.0196,      0.0092,      0.2434,      0.2126,   7996.9531,-584373.4375,   -957.6648,    549.0502,  26656.5117,
       1,     170,     277,      14,       1,       3,       1,     10.0000,      1.4162,     42.8416,    252.8017,     63.6203,      3.4953,      0.1960,      0.1601,    228.1423,      0.2662,      5.6775,     11.3550,      2.3522,     29.4585,     58.9170,      0.0196,      0.0118,      0.2341,      0.2125,   7996.9536,-655964.7500,   -973.1538,    544.1472,  26656.5117,
       1,     170,     277,      15,       1,       3,       1,     10.0000,      1.4162,     42.8416,    252.8017,     63.6203,      3.4953,      0.1936,      0.1574,    262.9411,      0.2767,      5.6775,     11.3550,      2.4451,     29.4585,     58.9170,      0.0196,      0.0140,      0.2269,      0.2124,   7996.9536,-713966.8750,   -986.2260,    540.2238,  26656.5137,
       1,     170,     277,      16,       1,       3,       1,     10.0000,      1.4162,     42.8416,    252.8017,     63.6203,      3.4953,      0.1909,      0.1546,    260.9149,      0.2816,      5.6775,     11.3550,      2.4880,     29.4585,     58.9170,      0.0196,      0.0141,      0.2233,      0.2123,   7996.9546,-760700.3750,   -997.2248,    537.0821,  26656.5098,
       1,     170,     277,      17,       1,       3,       1,     10.0000,      1.4162,     42.8416,    252.8017,     63.6203,      3.4953,      0.1866,      0.1504,    237.8604,      0.2751,      5.6775,     11.3550,      2.4310,     29.4585,     58.9170,      0.0196,      0.0131,      0.2195,      0.2122,   7996.9531,-762230.5625,   -999.2111,    536.9884,  26656.5117,
       1,     170,     277,      18,       1,       3,       1,     10.0000,      1.4162,     42.8416,    252.8017,     63.6203,      3.4953,      0.1682,      0.1328,    168.3459,      0.2436,      5.6775,     11.3550,      2.1529,     29.4585,     58.9170,      0.0196,      0.0101,      0.2002,      0.2122,   7996.9536,-734602.9375,   -995.1548,    538.8430,  26656.5117,
       1,     170,     277,      19,       1,       3,       1,     10.0000,      1.4162,     42.8416,    252.8017,     63.6203,      3.4953,      0.1094,      0.0750,     68.5892,      0.2080,      5.6775,     11.3550,      1.8384,     29.4585,     58.9170,      0.0196,      0.0065,      0.1266,      0.2122,   7996.9536,-648667.6250,   -978.9224,    544.6344,  26656.5098,
       1,     170,     277,      20,       1,       3,       1,     10.0000,      1.4162,     42.8416,    252.8017,     63.6203,      3.4953,      0.0061,     -0.0273,      4.4238,      0.1765,      5.6775,     11.3550,      1.5593,     29.4585,     58.9170,      0.0196,      0.0034,      0.0156,      0.2124,   7996.9531,-521781.8125,   -953.7463,    553.3039,  26656.5117,
       1,     170,     277,      21,       1,       3,       1,     10.0000,      1.4162,     42.8416,    252.8017,     63.6203,      3.4953,      0.0000,     -0.0331,      2.9490,      0.1655,      5.6775,     11.3550,      1.4627,     29.4585,     58.9170,      0.0196,      0.0023,      0.0156,      0.2126,   7996.9536,-434512.1250,   -936.0901,    559.4091,  26656.5098,
       1,     170,     277,      22,       1,       3,       1,     10.0000,      1.4162,     42.8416,    252.8017,     63.6203,      3.4953,      0.0000,     -0.0328,      2.4396,      0.1570,      5.6775,     11.3550,      1.3870,     29.4585,     58.9170,      0.0196,      0.0019,      0.0156,      0.2127,   7996.9531,-425477.7500,   -934.2390,    560.0746,  26656.5117,
       1,     170,     277,      23,       1,       3,       1,     10.0000,      1.4162,     42.8416,    252.8017,     63.6203,      3.4953,      0.0000,     -0.0326,      2.0079,      0.1518,      5.6775,     11.3550,      1.3417,     29.4585,     58.9170,      0.0196,      0.0016,      0.0156,      0.2127,   7996.9536,-424072.0625,   -933.9417,    560.1735,  26656.5078,
       1,     170,     277,      24,       1,       3,       1,     10.0000,      1.4162,     42.8416,    252.8017,     63.6203,      3.4953,      0.0000,     -0.0326,      1.8411,      0.1503,      5.6775,     11.3550,      1.3283,     29.4585,     58.9170,      0.0196,      0.0014,      0.0156,      0.2127,   7996.9526,-423437.9375,   -933.8068,    560.2179,  26656.5078,
       1,     170,     278,       1,       1,       3,       1,     10.0000,      1.4162,     42.8419,    252.8076,     63.6218,      3.4953,      0.0000,     -0.0323,      1.7042,      0.1435,      5.6776,     11.3551,      1.2680,     29.4665,     58.9331,      0.0196,      0.0013,      0.0156,      0.2128,   7996.9526,-423340.0000,   -934.0681,    560.2378,  26657.7012,
       1,     170,     278,       2,       1,       3,       1,     10.0000,      1.4162,     42.8419,    252.8076,     63.6218,      3.4953,      0.0000,     -0.0320,      1.4350,      0.1338,      5.6776,     11.3551,      1.1824,     29.4665,     58.9331,      0.0196,      0.0011,      0.0156,      0.2128,   7997.3105,-423015.6562,   -933.7066,    560.2605,  26657.7012,
       1,     170,     278,       3,       1,       3,       1,     10.0000,      1.4162,     42.8419,    252.8076,     63.6218,      3.4953,      0.0000,     -0.0318,      1.8152,      0.1311,      5.6776,     11.3551,      1.1586,     29.4665,     58.9331,      0.0196,      0.0014,      0.0156,      0.2128,   7997.3105,-422666.5625,   -933.6280,    560.2850,  26657.7031,
       1,     170,     278,       4,       1,       3,       1,     10.0000,      1.4162,     42.8419,    252.8076,     63.6218,      3.4953,      0.0000,     -0.0317,      2.0189,      0.1286,      5.6776,     11.3551,      1.1364,     29.4665,     58.9331,      0.0196,      0.0016,      0.0156,      0.2128,   7997.3110,-423091.8438,   -933.7018,    560.2552,  26657.7031,
       1,     170,     278,       5,       1,       3,       1,     10.0000,      1.4162,     42.8419,    252.8076,     63.6218,      3.4953,      0.0000,     -0.0316,      1.7412,      0.1251,      5.6776,     11.3551,      1.1056,     29.4665,     58.9331,      0.0196,      0.0013,      0.0156,      0.2128,   7997.3110,-423371.0625,   -933.7449,    560.2356,  26657.7012,
       1,     170,     278,       6,       1,       3,       1,     10.0000,      1.4162,     42.8419,    252.8076,     63.6218,      3.4953,      0.0000,     -0.0317,      1.7461,      0.1282,      5.6776,     11.3551,      1.1329,     29.4665,     58.9331,      0.0196,      0.0013,      0.0156,      0.2128,   7997.3105,-423062.5938,   -933.6698,    560.2573,  26657.7012,
       1,     170,     278,       7,       1,       3,       1,     10.0000,      1.4162,     42.8419,    252.8076,     63.6218,      3.4953,      0.0000,     -0.0318,      1.5685,      0.1303,      5.6776,     11.3551,      1.1516,     29.4665,     58.9331,      0.0196,      0.0012,      0.0156,      0.2128,   7997.3105,-423042.5312,   -933.6530,    560.2587,  26657.6992,
       1,     170,     278,       8,       1,       3,       1,     10.0000,      1.4162,     42.8419,    252.8076,     63.6218,      3.4953,      0.0137,     -0.0181,      0.0036,      0.1287,      5.6776,     11.3551,      1.1376,     29.4665,     58.9331,      0.0196,      0.0013,      0.0000,      0.2128,   7997.3101,-422828.7188,   -933.5990,    560.2736,  26657.7031,
       1,     170,     278,       9,       1,       3,       1,     10.0000,      1.4162,     42.8419,    252.8076,     63.6218,      3.4953,      0.1349,      0.1026,     32.2752,      0.1454,      5.6776,     11.3551,      1.2848,     29.4665,     58.9331,      0.0196,      0.0023,      0.1678,      0.2128,   7997.3110,-420938.5000,   -933.1904,    560.4060,  26657.7012,
       1,     170,     278,      10,       1,       3,       1,     10.0000,      1.4162,     42.8419,    252.8076,     63.6218,      3.4953,      0.1829,      0.1498,     66.2694,      0.1636,      5.6776,     11.3551,      1.4453,     29.4665,     58.9331,      0.0196,      0.0034,      0.2322,      0.2128,   7997.3105,-459381.1250,   -941.0754,    557.7131,  26657.7012,
       1,     170,     278,      11,       1,       3,       1,     10.0000,      1.4162,     42.8419,    252.8076,     63.6218,      3.4953,      0.1841,      0.1506,     86.7692,      0.1774,      5.6776,     11.3551,      1.5672,     29.4665,     58.9331,      0.0196,      0.0045,      0.2317,      0.2127,   7997.3105,-503301.4375,   -950.1790,    554.6577,  26657.6992,
       1,     170,     278,      12,       1,       3,       1,     10.0000,      1.4162,     42.8419,    252.8076,     63.6218,      3.4953,      0.1923,      0.1585,    115.2911,      0.1879,      5.6776,     11.3551,      1.6603,     29.4665,     58.9331,      0.0196,      0.0058,      0.2404,      0.2127,   7997.3101,-531538.1875,   -956.1942,    552.7083,  26657.7012,
       1,     170,     278,      13,       1,       3,       1,     10.0000,      1.4162,     42.8419,    252.8076,     63.6218,      3.4953,      0.1983,      0.1640,    138.0792,      0.2026,      5.6776,     11.3551,      1.7901,     29.4665,     58.9331,      0.0196,      0.0068,      0.2466,      0.2127,   7997.3105,-568067.1875,   -964.0214,    550.1880,  26657.6992,
       1,     170,     278,      14,       1,       3,       1,     10.0000,      1.4162,     42.8419,    252.8076,     63.6218,      3.4953,      0.2019,      0.1674,    154.6583,      0.2103,      5.6776,     11.3551,      1.8585,     29.4665,     58.9331,      0.0196,      0.0075,      0.2500,      0.2126,   7997.3101,-598448.5625,   -970.7039,    548.1042,  26657.6973,
       1,     170,     278,      15,       1,       3,       1,     10.0000,      1.4162,     42.8419,    252.8076,     63.6218,      3.4953,      0.2007,      0.1661,    169.4331,      0.2147,      5.6776,     11.3551,      1.8973,     29.4665,     58.9331,      0.0196,      0.0083,      0.2467,      0.2126,   7997.3096,-620876.4375,   -975.8333,    546.5716,  26657.6992,
       1,     170,     278,      16,       1,       3,       1,     10.0000,      1.4162,     42.8419,    252.8076,     63.6218,      3.4953,      0.1978,      0.1631,    183.9213,      0.2196,      5.6776,     11.3551,      1.9407,     29.4665,     58.9331,      0.0196,      0.0092,      0.2411,      0.2125,   7997.3101,-640480.9375,   -980.4833,    545.2344,  26657.6992,
       1,     170,     278,      17,       1,       3,       1,     10.0000,      1.4162,     42.8419,    252.8076,     63.6218,      3.4953,      0.1897,      0.1550,    173.7277,      0.2170,      5.6776,     11.3551,      1.9179,     29.4665,     58.9331,      0.0196,      0.0091,      0.2305,      0.2125,   7997.3101,-659514.5625,   -985.1111,    543.9388,  26657.6953,
       1,     170,     278,      18,       1,       3,       1,     10.0000,      1.4162,     42.8419,    252.8076,     63.6218,      3.4953,      0.1736,      0.1391,    137.1565,      0.2099,      5.6776,     11.3551,      1.8548,     29.4665,     58.9331,      0.0196,      0.0078,      0.2113,      0.2124,   7997.3091,-648871.1250,   -983.6207,    544.6640,  26657.6973,
       1,     170,     278,      19,       1,       3,       1,     10.0000,      1.4162,     42.8419,    252.8076,     63.6218,      3.4953,      0.1095,      0.0756,     72.6646,      0.1907,      5.6776,     11.3551,      1.6852,     29.4665,     58.9331,      0.0196,      0.0069,      0.1266,      0.2125,   7997.3096,-604073.3125,   -974.9069,    547.7145,  26657.6973,
       1,     170,     278,      20,       1,       3,       1,     10.0000,      1.4162,     42.8419,    252.8076,     63.6218,      3.4953,      0.0028,     -0.0302,      5.8384,      0.1650,      5.6776,     11.3551,      1.4584,     29.4665,     58.9331,      0.0196,      0.0045,      0.0156,      0.2125,   7997.3096,-522994.8750,   -958.3174,    553.2740,  26657.6973,
       1,     170,     278,      21,       1,       3,       1,     10.0000,      1.4162,     42.8419,    252.8076,     63.6218,      3.4953,      0.0000,     -0.0326,      4.0235,      0.1509,      5.6776,     11.3551,      1.3336,     29.4665,     58.9331,      0.0196,      0.0031,      0.0156,      0.2127,   7997.3096,-436259.8438,   -940.1823,    559.3008,  26657.6953,
       1,     170,     278,      22,       1,       3,       1,     10.0000,      1.4162,     42.8419,    252.8076,     63.6218,      3.4953,      0.0000,     -0.0323,      3.2728,      0.1434,      5.6776,     11.3551,      1.2667,     29.4665,     58.9331,      0.0196,      0.0025,      0.0156,      0.2128,   7997.3091,-426911.3125,   -938.1797,    559.9874,  26657.6953,
       1,     170,     278,      23,       1,       3,       1,     10.0000,      1.4162,     42.8419,    252.8076,     63.6218,      3.4953,      0.0000,     -0.0323,      3.0182,      0.1419,      5.6776,     11.3551,      1.2540,     29.4665,     58.9331,      0.0196,      0.0023,      0.0156,      0.2128,   7997.3091,-425192.3750,   -937.7896,    560.1081,  26657.6953,
       1,     170,     278,      24,       1,       3,       1,     10.0000,      1.4162,     42.8419,    252.8076,     63.6218,      3.4953,      0.0000,     -0.0322,      2.5739,      0.1395,      5.6776,     11.3551,      1.2326,     29.4665,     58.9331,      0.0196,      0.0020,      0.0156,      0.2128,   7997.3091,-424743.2812,   -937.6669,    560.1395,  26657.6934,
       1,     170,     279,       1,       1,       3,       1,     10.0000,      1.4162,     42.8422,    252.8136,     63.6232,      3.4953,      0.0000,     -0.0321,      2.1909,      0.1366,      5.6773,     11.3546,      1.2067,     29.4749,     58.9498,      0.0196,      0.0017,      0.0156,      0.2128,   7997.3081,-424329.2812,   -937.8547,    560.1816,  26658.8848,
       1,     170,     279,       2,       1,       3,       1,     10.0000,      1.4162,     42.8422,    252.8136,     63.6232,      3.4953,      0.0000,     -0.0318,      1.3689,      0.1310,      5.6773,     11.3546,      1.1574,     29.4749,     58.9498,      0.0196,      0.0011,      0.0156,      0.2128,   7997.6655,-423684.2188,   -937.4022,    560.2269,  26658.8848,
       1,     170,     279,       3,       1,       3,       1,     10.0000,      1.4162,     42.8422,    252.8136,     63.6232,      3.4953,      0.0000,     -0.0317,      1.6780,      0.1274,      5.6773,     11.3546,      1.1261,     29.4749,     58.9498,      0.0196,      0.0013,      0.0156,      0.2128,   7997.6655,-422646.8750,   -937.1719,    560.2995,  26658.8867,
       1,     170,     279,       4,       1,       3,       1,     10.0000,      1.4162,     42.8422,    252.8136,     63.6232,      3.4953,      0.0000,     -0.0315,      1.8568,      0.1235,      5.6773,     11.3546,      1.0910,     29.4749,     58.9498,      0.0196,      0.0014,      0.0156,      0.2128,   7997.6665,-422929.6250,   -937.2152,    560.2797,  26658.8848,
       1,     170,     279,       5,       1,       3,       1,     10.0000,      1.4162,     42.8422,    252.8136,     63.6232,      3.4953,      0.0000,     -0.0313,      1.5897,      0.1178,      5.6773,     11.3546,      1.0409,     29.4749,     58.9498,      0.0196,      0.0012,      0.0156,      0.2128,   7997.6655,-423167.3438,   -937.2473,    560.2631,  26658.8848,
       1,     170,     279,       6,       1,       3,       1,     10.0000,      1.4162,     42.8422,    252.8136,     63.6232,      3.4953,      0.0000,     -0.0314,      1.5586,      0.1195,      5.6773,     11.3546,      1.0559,     29.4749,     58.9498,      0.0196,      0.0012,      0.0156,      0.2128,   7997.6655,-422867.7500,   -937.1699,    560.2840,  26658.8867,
       1,     170,     279,       7,       1,       3,       1,     10.0000,      1.4162,     42.8422,    252.8136,     63.6232,      3.4953,      0.0000,     -0.0314,      1.4925,      0.1200,      5.6773,     11.3546,      1.0602,     29.4749,     58.9498,      0.0196,      0.0012,      0.0156,      0.2128,   7997.6665,-422805.2188,   -937.1420,    560.2884,  26658.8848,
       1,     170,     279,       8,       1,       3,       1,     10.0000,      1.4162,     42.8422,    252.8136,     63.6232,      3.4953,      0.0171,     -0.0144,      0.5634,      0.1226,      5.6773,     11.3546,      1.0832,     29.4749,     58.9498,      0.0196,      0.0013,      0.0051,      0.2128,   7997.6655,-422721.1875,   -937.1102,    560.2943,  26658.8867,
       1,     170,     279,       9,       1,       3,       1,     10.0000,      1.4162,     42.8422,    252.8136,     63.6232,      3.4953,      0.1472,      0.1147,     46.1050,      0.1470,      5.6773,     11.3546,      1.2992,     29.4749,     58.9498,      0.0196,      0.0030,      0.1836,      0.2128,   7997.6665,-421602.6875,   -936.8496,    560.3726,  26658.8848,
       1,     170,     279,      10,       1,       3,       1,     10.0000,      1.4162,     42.8422,    252.8136,     63.6232,      3.4953,      0.1879,      0.1547,     86.7780,      0.1696,      5.6773,     11.3546,      1.4984,     29.4749,     58.9498,      0.0196,      0.0044,      0.2372,      0.2128,   7997.6655,-475976.7188,   -948.3337,    556.5639,  26658.8848,
       1,     170,     279,      11,       1,       3,       1,     10.0000,      1.4162,     42.8422,    252.8136,     63.6232,      3.4953,      0.1995,      0.1656,    122.3242,      0.1915,      5.6773,     11.3546,      1.6919,     29.4749,     58.9498,      0.0196,      0.0059,      0.2500,      0.2127,   7997.6655,-529246.8125,   -959.6814,    552.8707,  26658.8848,
       1,     170,     279,      12,       1,       3,       1,     10.0000,      1.4162,     42.8422,    252.8136,     63.6232,      3.4953,      0.2019,      0.1673,    154.6188,      0.2111,      5.6773,     11.3546,      1.8658,     29.4749,     58.9498,      0.0196,      0.0075,      0.2500,      0.2127,   7997.6655,-576297.6250,   -969.8659,    549.6314,  26658.8848,
       1,     170,     279,      13,       1,       3,       1,     10.0000,      1.4162,     42.8422,    252.8136,     63.6232,      3.4953,      0.2032,      0.1684,    172.3904,      0.2192,      5.6773,     11.3546,      1.9369,     29.4749,     58.9498,      0.0196,      0.0083,      0.2500,      0.2126,   7997.6655,-618955.2500,   -979.2806,    546.7102,  26658.8828,
       1,     170,     279,      14,       1,       3,       1,     10.0000,      1.4162,     42.8422,    252.8136,     63.6232,      3.4953,      0.2025,      0.1676,    184.8727,      0.2244,      5.6773,     11.3546,      1.9831,     29.4749,     58.9498,      0.0196,      0.0090,      0.2478,      0.2125,   7997.6650,-643852.9375,   -985.1093,    545.0164,  26658.8828,
       1,     170,     279,      15,       1,       3,       1,     10.0000,      1.4162,     42.8422,    252.8136,     63.6232,      3.4953,      0.2006,      0.1653,    192.1349,      0.2355,      5.6773,     11.3546,      2.0806,     29.4749,     58.9498,      0.0196,      0.0095,      0.2443,      0.2125,   7997.6650,-660917.0000,   -989.3907,    543.8564,  26658.8828,
       1,     170,     279,      16,       1,       3,       1,     10.0000,      1.4162,     42.8422,    252.8136,     63.6232,      3.4953,      0.1982,      0.1631,    189.6206,      0.2325,      5.6773,     11.3546,      2.0543,     29.4749,     58.9498,      0.0196,      0.0095,      0.2411,      0.2125,   7997.6650,-671066.6250,   -992.2681,    543.1678,  26658.8809,
       1,     170,     279,      17,       1,       3,       1,     10.0000,      1.4162,     42.8422,    252.8136,     63.6232,      3.4953,      0.1915,      0.1565,    175.5036,      0.2277,      5.6773,     11.3546,      2.0125,     29.4749,     58.9498,      0.0196,      0.0091,      0.2329,      0.2124,   7997.6646,-668897.7500,   -992.5851,    543.3154,  26658.8828,
       1,     170,     279,      18,       1,       3,       1,     10.0000,      1.4162,     42.8422,    252.8136,     63.6232,      3.4953,      0.1733,      0.1386,    142.2648,      0.2160,      5.6773,     11.3546,      1.9086,     29.4749,     58.9498,      0.0196,      0.0082,      0.2103,      0.2124,   7997.6650,-651762.4375,   -989.6918,    544.4791,  26658.8789,
       1,     170,     279,      19,       1,       3,       1,     10.0000,      1.4162,     42.8422,    252.8136,     63.6232,      3.4953,      0.1036,      0.0696,     61.7492,      0.1928,      5.6773,     11.3546,      1.7037,     29.4749,     58.9498,      0.0196,      0.0062,      0.1192,      0.2125,   7997.6641,-610429.3125,   -981.4985,    547.2936,  26658.8789,
       1,     170,     279,      20,       1,       3,       1,     10.0000,      1.4162,     42.8422,    252.8136,     63.6232,      3.4953,      0.0045,     -0.0287,      6.0073,      0.1664,      5.6773,     11.3546,      1.4701,     29.4749,     58.9498,      0.0196,      0.0046,      0.0156,      0.2126,   7997.6641,-510412.8750,   -960.3624,    554.1431,  26658.8809,
       1,     170,     279,      21,       1,       3,       1,     10.0000,      1.4162,     42.8422,    252.8136,     63.6232,      3.4953,      0.0000,     -0.0327,      4.7769,      0.1551,      5.6773,     11.3546,      1.3704,     29.4749,     58.9498,      0.0196,      0.0037,      0.0156,      0.2127,   7997.6646,-435448.1250,   -944.2321,    559.3788,  26658.8809,
       1,     170,     279,      22,       1,       3,       1,     10.0000,      1.4162,     42.8422,    252.8136,     63.6232,      3.4953,      0.0000,     -0.0324,      3.5954,      0.1464,      5.6773,     11.3546,      1.2939,     29.4749,     58.9498,      0.0196,      0.0028,      0.0156,      0.2128,   7997.6646,-427737.6875,   -942.5332,    559.9427,  26658.8809,
       1,     170,     279,      23,       1,       3,       1,     10.0000,      1.4162,     42.8422,    252.8136,     63.6232,      3.4953,      0.0000,     -0.0323,      3.2123,      0.1428,      5.6773,     11.3546,      1.2617,     29.4749,     58.9498,      0.0196,      0.0025,      0.0156,      0.2128,   7997.6646,-425650.1875,   -942.0593,    560.0892,  26658.8789,
       1,     170,     279,      24,       1,       3,       1,     10.0000,      1.4162,     42.8422,    252.8136,     63.6232,      3.4953,      0.0000,     -0.0322,      2.8825,      0.1399,      5.6773,     11.3546,      1.2364,     29.4749,     58.9498,      0.0196,      0.0022,      0.0156,      0.2128,   7997.6641,-425017.1875,   -941.9027,    560.1335,  26658.8809,
       1,     170,     280,       1,       1,       3,       1,     10.0000,      1.4163,     42.8426,    252.8195,     63.6248,      3.4953,      0.0000,     -0.0320,      2.5659,      0.1361,      5.6775,     11.3551,      1.2030,     29.4847,     58.9693,      0.0196,      0.0020,      0.0156,      0.2128,   7997.6646,-424723.9062,   -942.1278,    560.1671,  26660.0684,
       1,     170,     280,       2,       1,       3,       1,     10.0000,      1.4163,     42.8426,    252.8195,     63.6248,      3.4953,      0.0000,     -0.0318,      2.2295,      0.1310,      5.6775,     11.3551,      1.1575,     29.4847,     58.9693,      0.0196,      0.0017,      0.0156,      0.2128,   7998.0210,-424168.8750,   -941.6888,    560.2059,  26660.0703,
       1,     170,     280,       3,       1,       3,       1,     10.0000,      1.4163,     42.8426,    252.8195,     63.6248,      3.4953,      0.0000,     -0.0316,      1.7797,      0.1249,      5.6775,     11.3551,      1.1034,     29.4847,     58.9693,      0.0196,      0.0014,      0.0156,      0.2128,   7998.0215,-423719.8438,   -941.5782,    560.2373,  26660.0684,
       1,     170,     280,       4,       1,       3,       1,     10.0000,      1.4163,     42.8426,    252.8195,     63.6248,      3.4953,      0.0000,     -0.0314,      1.2901,      0.1190,      5.6775,     11.3551,      1.0516,     29.4847,     58.9693,      0.0196,      0.0010,      0.0156,      0.2128,   7998.0210,-423144.5938,   -941.4439,    560.2776,  26660.0684,
       1,     170,     280,       5,       1,       3,       1,     10.0000,      1.4163,     42.8426,    252.8195,     63.6248,      3.4953,      0.0000,     -0.0313,      1.2084,      0.1174,      5.6775,     11.3551,      1.0377,     29.4847,     58.9693,      0.0196,      0.0009,      0.0156,      0.2128,   7998.0210,-422510.9062,   -941.2996,    560.3220,  26660.0684,
       1,     170,     280,       6,       1,       3,       1,     10.0000,      1.4163,     42.8426,    252.8195,     63.6248,      3.4953,      0.0000,     -0.0313,      1.2235,      0.1164,      5.6775,     11.3551,      1.0282,     29.4847,     58.9693,      0.0196,      0.0009,      0.0156,      0.2128,   7998.0210,-422360.1562,   -941.2603,    560.3326,  26660.0684,
       1,     170,     280,       7,       1,       3,       1,     10.0000,      1.4163,     42.8426,    252.8195,     63.6248,      3.4953,      0.0000,     -0.0312,      0.8633,      0.1139,      5.6775,     11.3551,      1.0063,     29.4847,     58.9693,      0.0196,      0.0007,      0.0156,      0.2128,   7998.0210,-422365.5938,   -941.2548,    560.3322,  26660.0684,
       1,     170,     280,       8,       1,       3,       1,     10.0000,      1.4163,     42.8426,    252.8195,     63.6248,      3.4953,      0.0239,     -0.0072,      0.5316,      0.1124,      5.6775,     11.3551,      0.9929,     29.4847,     58.9693,      0.0196,      0.0004,      0.0152,      0.2128,   7998.0210,-421935.3438,   -941.1572,    560.3623,  26660.0684,
       1,     170,     280,       9,       1,       3,       1,     10.0000,      1.4163,     42.8426,    252.8195,     63.6248,      3.4953,      0.1484,      0.1165,     26.5054,      0.1338,      5.6775,     11.3551,      1.1824,     29.4847,     58.9693,      0.0196,      0.0017,      0.1876,      0.2128,   7998.0210,-421502.5938,   -941.0585,    560.3927,  26660.0684,
       1,     170,     280,      10,       1,       3,       1,     10.0000,      1.4163,     42.8426,    252.8195,     63.6248,      3.4953,      0.1885,      0.1553,     69.4323,      0.1672,      5.6775,     11.3551,      1.4776,     29.4847,     58.9693,      0.0196,      0.0035,      0.2398,      0.2128,   7998.0210,-452527.0938,   -947.7878,    558.2194,  26660.0703,
       1,     170,     280,      11,       1,       3,       1,     10.0000,      1.4163,     42.8426,    252.8195,     63.6248,      3.4953,      0.1971,      0.1633,     91.1541,      0.1877,      5.6775,     11.3551,      1.6587,     29.4847,     58.9693,      0.0196,      0.0044,      0.2500,      0.2128,   7998.0215,-506493.0938,   -959.5255,    554.4581,  26660.0684,
       1,     170,     280,      12,       1,       3,       1,     10.0000,      1.4163,     42.8426,    252.8195,     63.6248,      3.4953,      0.2001,      0.1655,    131.7225,      0.2141,      5.6775,     11.3551,      1.8918,     29.4847,     58.9693,      0.0196,      0.0064,      0.2500,      0.2127,   7998.0210,-537042.8750,   -966.3097,    552.3533,  26660.0684,
       1,     170,     280,      13,       1,       3,       1,     10.0000,      1.4163,     42.8426,    252.8195,     63.6248,      3.4953,      0.2010,      0.1658,    177.6820,      0.2359,      5.6775,     11.3551,      2.0847,     29.4847,     58.9693,      0.0196,      0.0087,      0.2466,      0.2127,   7998.0210,-588187.4375,   -977.6954,    548.8260,  26660.0684,
       1,     170,     280,      14,       1,       3,       1,     10.0000,      1.4163,     42.8426,    252.8195,     63.6248,      3.4953,      0.1990,      0.1634,    205.7411,      0.2497,      5.6775,     11.3551,      2.2062,     29.4847,     58.9693,      0.0196,      0.0103,      0.2406,      0.2126,   7998.0210,-647590.0000,   -991.1028,    544.7621,  26660.0684,
       1,     170,     280,      15,       1,       3,       1,     10.0000,      1.4163,     42.8426,    252.8195,     63.6248,      3.4953,      0.1956,      0.1596,    230.0870,      0.2657,      5.6775,     11.3551,      2.3478,     29.4847,     58.9693,      0.0196,      0.0119,      0.2332,      0.2125,   7998.0210,-686269.3125,  -1000.2485,    542.1432,  26660.0664,
       1,     170,     280,      16,       1,       3,       1,     10.0000,      1.4163,     42.8426,    252.8195,     63.6248,      3.4953,      0.1924,      0.1563,    227.3366,      0.2704,      5.6775,     11.3551,      2.3891,     29.4847,     58.9693,      0.0196,      0.0120,      0.2290,      0.2124,   7998.0200,-718759.4375,  -1008.2604,    539.9478,  26660.0684,
       1,     170,     280,      17,       1,       3,       1,     10.0000,      1.4163,     42.8426,    252.8195,     63.6248,      3.4953,      0.1854,      0.1494,    212.5195,      0.2680,      5.6775,     11.3551,      2.3684,     29.4847,     58.9693,      0.0196,      0.0116,      0.2204,      0.2124,   7998.0210,-718194.8750,  -1009.1901,    539.9904,  26660.0645,
       1,     170,     280,      18,       1,       3,       1,     10.0000,      1.4163,     42.8426,    252.8195,     63.6248,      3.4953,      0.1669,      0.1310,    184.4276,      0.2616,      5.6775,     11.3551,      2.3116,     29.4847,     58.9693,      0.0196,      0.0113,      0.1966,      0.2124,   7998.0195,-700333.2500,  -1006.3425,    541.1960,  26660.0645,
       1,     170,     280,      19,       1,       3,       1,     10.0000,      1.4163,     42.8426,    252.8195,     63.6248,      3.4953,      0.1026,      0.0678,     76.2477,      0.2218,      5.6775,     11.3551,      1.9599,     29.4847,     58.9693,      0.0196,      0.0079,      0.1158,      0.2124,   7998.0195,-665082.8125,   -999.5626,    543.5820,  26660.0625,
       1,     170,     280,      20,       1,       3,       1,     10.0000,      1.4163,     42.8426,    252.8195,     63.6248,      3.4953,      0.0035,     -0.0302,      6.9847,      0.1827,      5.6775,     11.3551,      1.6148,     29.4847,     58.9693,      0.0196,      0.0054,      0.0156,      0.2125,   7998.0190,-532255.4375,   -970.8522,    552.6126,  26660.0645,
       1,     170,     280,      21,       1,       3,       1,     10.0000,      1.4163,     42.8426,    252.8195,     63.6248,      3.4953,      0.0000,     -0.0330,      4.5229,      0.1623,      5.6775,     11.3551,      1.4338,     29.4847,     58.9693,      0.0196,      0.0035,      0.0156,      0.2127,   7998.0195,-438451.6250,   -950.1960,    559.1676,  26660.0625,
       1,     170,     280,      22,       1,       3,       1,     10.0000,      1.4163,     42.8426,    252.8195,     63.6248,      3.4953,      0.0000,     -0.0328,      3.7133,      0.1557,      5.6775,     11.3551,      1.3760,     29.4847,     58.9693,      0.0196,      0.0029,      0.0156,      0.2128,   7998.0190,-427705.0938,   -947.7985,    559.9579,  26660.0605,
       1,     170,     280,      23,       1,       3,       1,     10.0000,      1.4163,     42.8426,    252.8195,     63.6248,      3.4953,      0.0000,     -0.0325,      1.7301,      0.1482,      5.6775,     11.3551,      1.3097,     29.4847,     58.9693,      0.0196,      0.0013,      0.0156,      0.2128,   7998.0186,-425792.1250,   -947.3640,    560.0922,  26660.0625,
       1,     170,     280,      24,       1,       3,       1,     10.0000,      1.4163,     42.8426,    252.8195,     63.6248,      3.4953,      0.0000,     -0.0323,      1.3321,      0.1436,      5.6775,     11.3551,      1.2694,     29.4847,     58.9693,      0.0196,      0.0010,      0.0156,      0.2128,   7998.0190,-423259.5625,   -946.7969,    560.2696,  26660.0625,
       1,     170,     281,       1,       1,       3,       1,     10.0000,      1.4163,     42.8429,    252.8254,     63.6262,      3.4953,      0.0000,     -0.0321,      0.9542,      0.1366,      5.6775,     11.3550,      1.2067,     29.4934,     58.9868,      0.0196,      0.0007,      0.0156,      0.2129,   7998.0190,-422726.8125,   -946.9903,    560.3201,  26661.2539,
       1,     170,     281,       2,       1,       3,       1,     10.0000,      1.4163,     42.8429,    252.8254,     63.6262,      3.4953,      0.0000,     -0.0319,      0.8771,      0.1325,      5.6775,     11.3550,      1.1705,     29.4934,     58.9868,      0.0196,      0.0007,      0.0156,      0.2129,   7998.3765,-422078.0312,   -946.5308,    560.3655,  26661.2559,
       1,     170,     281,       3,       1,       3,       1,     10.0000,      1.4163,     42.8429,    252.8254,     63.6262,      3.4953,      0.0000,     -0.0318,      0.3864,      0.1291,      5.6775,     11.3550,      1.1411,     29.4934,     58.9868,      0.0196,      0.0003,      0.0156,      0.2129,   7998.3770,-421931.2188,   -946.4959,    560.3758,  26661.2559,
       1,     170,     281,       4,       1,       3,       1,     10.0000,      1.4163,     42.8429,    252.8254,     63.6262,      3.4953,      0.0000,     -0.0316,      0.2946,      0.1242,      5.6775,     11.3550,      1.0978,     29.4934,     58.9868,      0.0196,      0.0002,      0.0156,      0.2129,   7998.3770,-421332.2188,   -946.3627,    560.4178,  26661.2539,
       1,     170,     281,       5,       1,       3,       1,     10.0000,      1.4163,     42.8429,    252.8254,     63.6262,      3.4953,      0.0000,     -0.0316,      0.2936,      0.1239,      5.6775,     11.3550,      1.0944,     29.4934,     58.9868,      0.0196,      0.0002,      0.0156,      0.2129,   7998.3765,-421172.4375,   -946.3284,    560.4290,  26661.2559,
       1,     170,     281,       6,       1,       3,       1,     10.0000,      1.4163,     42.8429,    252.8254,     63.6262,      3.4953,      0.0000,     -0.0315,      0.2881,      0.1218,      5.6775,     11.3550,      1.0767,     29.4934,     58.9868,      0.0196,      0.0002,      0.0156,      0.2129,   7998.3770,-421157.6250,   -946.3248,    560.4299,  26661.2559,
       1,     170,     281,       7,       1,       3,       1,     10.0000,      1.4163,     42.8429,    252.8254,     63.6262,      3.4953,      0.0000,     -0.0314,      0.2844,      0.1205,      5.6775,     11.3550,      1.0646,     29.4934,     58.9868,      0.0196,      0.0002,      0.0156,      0.2129,   7998.3770,-421150.0312,   -946.3237,    560.4305,  26661.2559,
       1,     170,     281,       8,       1,       3,       1,     10.0000,      1.4163,     42.8429,    252.8254,     63.6262,      3.4953,      0.0216,     -0.0098,      0.2100,      0.1189,      5.6775,     11.3550,      1.0506,     29.4934,     58.9868,      0.0196,      0.0002,      0.0117,      0.2129,   7998.3770,-421144.9062,   -946.3231,    560.4308,  26661.2559,
       1,     170,     281,       9,       1,       3,       1,     10.0000,      1.4163,     42.8429,    252.8254,     63.6262,      3.4953,      0.1420,      0.1099,     11.8800,      0.1350,      5.6775,     11.3550,      1.1933,     29.4934,     58.9868,      0.0196,      0.0008,      0.1801,      0.2129,   7998.3770,-421055.5000,   -946.3016,    560.4371,  26661.2559,
       1,     170,     281,      10,       1,       3,       1,     10.0000,      1.4163,     42.8429,    252.8254,     63.6262,      3.4953,      0.1870,      0.1539,     50.6716,      0.1655,      5.6775,     11.3550,      1.4629,     29.4934,     58.9868,      0.0196,      0.0025,      0.2399,      0.2129,   7998.3770,-435001.8438,   -949.4022,    559.4601,  26661.2559,
       1,     170,     281,      11,       1,       3,       1,     10.0000,      1.4163,     42.8429,    252.8254,     63.6262,      3.4953,      0.1967,      0.1628,     86.2564,      0.1911,      5.6775,     11.3550,      1.6886,     29.4934,     58.9868,      0.0196,      0.0042,      0.2500,      0.2128,   7998.3770,-482564.6875,   -960.0108,    556.1348,  26661.2559,
       1,     170,     281,      12,       1,       3,       1,     10.0000,      1.4163,     42.8429,    252.8254,     63.6262,      3.4953,      0.1997,      0.1649,    127.2159,      0.2194,      5.6775,     11.3550,      1.9389,     29.4934,     58.9868,      0.0196,      0.0061,      0.2500,      0.2128,   7998.3770,-529156.1250,   -970.4831,    552.9058,  26661.2539,
       1,     170,     281,      13,       1,       3,       1,     10.0000,      1.4163,     42.8429,    252.8254,     63.6262,      3.4953,      0.1968,      0.1614,    166.5225,      0.2434,      5.6775,     11.3550,      2.1510,     29.4934,     58.9868,      0.0196,      0.0083,      0.2417,      0.2127,   7998.3765,-582116.6875,   -982.5472,    549.2548,  26661.2559,
       1,     170,     281,      14,       1,       3,       1,     10.0000,      1.4163,     42.8429,    252.8254,     63.6262,      3.4953,      0.1968,      0.1608,    199.2911,      0.2672,      5.6775,     11.3550,      2.3615,     29.4934,     58.9868,      0.0196,      0.0101,      0.2384,      0.2127,   7998.3770,-633678.5625,   -994.5406,    545.7268,  26661.2539,
       1,     170,     281,      15,       1,       3,       1,     10.0000,      1.4163,     42.8429,    252.8254,     63.6262,      3.4953,      0.1906,      0.1545,    191.6118,      0.2701,      5.6775,     11.3550,      2.3869,     29.4934,     58.9868,      0.0196,      0.0100,      0.2303,      0.2126,   7998.3765,-677324.3750,  -1004.9845,    542.7607,  26661.2520,
       1,     170,     281,      16,       1,       3,       1,     10.0000,      1.4163,     42.8429,    252.8254,     63.6262,      3.4953,      0.1835,      0.1476,    159.2321,      0.2606,      5.6775,     11.3550,      2.3027,     29.4934,     58.9868,      0.0196,      0.0086,      0.2234,      0.2125,   7998.3760,-671772.8750,  -1004.6329,    543.1455,  26661.2520,
       1,     170,     281,      17,       1,       3,       1,     10.0000,      1.4163,     42.8429,    252.8254,     63.6262,      3.4953,      0.1842,      0.1480,    200.1527,      0.2720,      5.6775,     11.3550,      2.4031,     29.4934,     58.9868,      0.0196,      0.0110,      0.2200,      0.2125,   7998.3760,-632420.4375,   -996.6655,    545.8173,  26661.2539,
       1,     170,     281,      18,       1,       3,       1,     10.0000,      1.4163,     42.8429,    252.8254,     63.6262,      3.4953,      0.1655,      0.1297,    166.3570,      0.2581,      5.6775,     11.3550,      2.2804,     29.4934,     58.9868,      0.0196,      0.0102,      0.1965,      0.2126,   7998.3765,-678246.1875,  -1007.7767,    542.6974,  26661.2500,
       1,     170,     281,      19,       1,       3,       1,     10.0000,      1.4163,     42.8429,    252.8254,     63.6262,      3.4953,      0.0975,      0.0625,     73.5727,      0.2269,      5.6775,     11.3550,      2.0047,     29.4934,     58.9868,      0.0196,      0.0082,      0.1086,      0.2125,   7998.3755,-641524.8125,  -1000.3851,    545.1974,  26661.2520,
       1,     170,     281,      20,       1,       3,       1,     10.0000,      1.4163,     42.8429,    252.8254,     63.6262,      3.4953,      0.0033,     -0.0306,      7.1026,      0.1894,      5.6775,     11.3550,      1.6736,     29.4934,     58.9868,      0.0196,      0.0055,      0.0156,      0.2126,   7998.3760,-527119.4375,   -975.1546,    552.9999,  26661.2520,
       1,     170,     281,      21,       1,       3,       1,     10.0000,      1.4163,     42.8429,    252.8254,     63.6262,      3.4953,      0.0000,     -0.0333,      4.7341,      0.1718,      5.6775,     11.3550,      1.5180,     29.4934,     58.9868,      0.0196,      0.0037,      0.0156,      0.2127,   7998.3760,-438150.9688,   -955.1523,    559.2058,  26661.2480,
       1,     170,     281,      22,       1,       3,       1,     10.0000,      1.4163,     42.8429,    252.8254,     63.6262,      3.4953,      0.0000,     -0.0330,      3.3296,      0.1611,      5.6775,     11.3550,      1.4238,     29.4934,     58.9868,      0.0196,      0.0026,      0.0156,      0.2128,   7998.3745,-427930.7812,   -952.8344,    559.9552,  26661.2520,
       1,     170,     281,      23,       1,       3,       1,     10.0000,      1.4163,     42.8429,    252.8254,     63.6262,      3.4953,      0.0000,     -0.0328,      2.3976,      0.1556,      5.6775,     11.3550,      1.3746,     29.4934,     58.9868,      0.0196,      0.0019,      0.0156,      0.2128,   7998.3760,-425355.0000,   -952.2446,    560.1360,  26661.2500,
       1,     170,     281,      24,       1,       3,       1,     10.0000,      1.4163,     42.8429,    252.8254,     63.6262,      3.4953,      0.0000,     -0.0325,      1.4637,      0.1493,      5.6775,     11.3550,      1.3190,     29.4934,     58.9868,      0.0196,      0.0011,      0.0156,      0.2128,   7998.3755,-424024.6250,   -951.9412,    560.2292,  26661.2500,
       1,     170,     282,       1,       1,       3,       1,     10.0000,      1.4163,     42.8433,    252.8314,     63.6278,      3.4953,      0.0000,     -0.0324,      1.0677,      0.1463,      5.6780,     11.3560,      1.2927,     29.5013,     59.0026,      0.0196,      0.0008,      0.0156,      0.2129,   7998.3755,-422951.1562,   -952.0176,    560.3174,  26662.4414,
       1,     170,     282,       2,       1,       3,       1,     10.0000,      1.4163,     42.8433,    252.8314,     63.6278,      3.4953,      0.0000,     -0.0325,      1.0258,      0.1473,      5.6780,     11.3560,      1.3019,     29.5013,     59.0026,      0.0196,      0.0008,      0.0156,      0.2129,   7998.7329,-422235.6875,   -951.5358,    560.3675,  26662.4414,
       1,     170,     282,       3,       1,       3,       1,     10.0000,      1.4163,     42.8433,    252.8314,     63.6278,      3.4953,      0.0000,     -0.0324,      0.9651,      0.1458,      5.6780,     11.3560,      1.2888,     29.5013,     59.0026,      0.0196,      0.0007,      0.0156,      0.2129,   7998.7329,-422125.6875,   -951.5110,    560.3752,  26662.4414,
       1,     170,     282,       4,       1,       3,       1,     10.0000,      1.4163,     42.8433,    252.8314,     63.6278,      3.4953,      0.0000,     -0.0323,      0.9144,      0.1437,      5.6780,     11.3560,      1.2694,     29.5013,     59.0026,      0.0196,      0.0007,      0.0156,      0.2129,   7998.7329,-422043.9062,   -951.4922,    560.3809,  26662.4414,
       1,     170,     282,       5,       1,       3,       1,     10.0000,      1.4163,     42.8433,    252.8314,     63.6278,      3.4953,      0.0000,     -0.0324,      0.6437,      0.1445,      5.6780,     11.3560,      1.2771,     29.5013,     59.0026,      0.0196,      0.0005,      0.0156,      0.2129,   7998.7329,-421976.4375,   -951.4767,    560.3856,  26662.4414,
       1,     170,     282,       6,       1,       3,       1,     10.0000,      1.4163,     42.8433,    252.8314,     63.6278,      3.4953,      0.0000,     -0.0323,      0.4130,      0.1419,      5.6780,     11.3560,      1.2541,     29.5013,     59.0026,      0.0196,      0.0003,      0.0156,      0.2129,   7998.7329,-421647.1875,   -951.4022,    560.4088,  26662.4414,
       1,     170,     282,       7,       1,       3,       1,     10.0000,      1.4163,     42.8433,    252.8314,     63.6278,      3.4953,      0.0000,     -0.0321,      0.3835,      0.1381,      5.6780,     11.3560,      1.2203,     29.5013,     59.0026,      0.0196,      0.0003,      0.0156,      0.2129,   7998.7329,-421343.6875,   -951.3337,    560.4299,  26662.4414,
       1,     170,     282,       8,       1,       3,       1,     10.0000,      1.4163,     42.8433,    252.8314,     63.6278,      3.4953,      0.0244,     -0.0076,      0.3482,      0.1361,      5.6780,     11.3560,      1.2031,     29.5013,     59.0026,      0.0196,      0.0003,      0.0149,      0.2129,   7998.7329,-421283.0938,   -951.3204,    560.4342,  26662.4414,
       1,     170,     282,       9,       1,       3,       1,     10.0000,      1.4163,     42.8433,    252.8314,     63.6278,      3.4953,      0.1386,      0.1057,     23.5687,      0.1567,      5.6780,     11.3560,      1.3844,     29.5013,     59.0026,      0.0196,      0.0016,      0.1738,      0.2129,   7998.7329,-421235.8438,   -951.3083,    560.4376,  26662.4414,
       1,     170,     282,      10,       1,       3,       1,     10.0000,      1.4163,     42.8433,    252.8314,     63.6278,      3.4953,      0.1842,      0.1504,     74.4287,      0.1849,      5.6780,     11.3560,      1.6342,     29.5013,     59.0026,      0.0196,      0.0038,      0.2333,      0.2129,   7998.7329,-448993.4688,   -957.6289,    558.4930,  26662.4414,
       1,     170,     282,      11,       1,       3,       1,     10.0000,      1.4163,     42.8433,    252.8314,     63.6278,      3.4953,      0.1925,      0.1584,     87.0978,      0.1980,      5.6780,     11.3560,      1.7500,     29.5013,     59.0026,      0.0196,      0.0043,      0.2440,      0.2129,   7998.7329,-512157.2500,   -972.0522,    554.0868,  26662.4395,
       1,     170,     282,      12,       1,       3,       1,     10.0000,      1.4163,     42.8433,    252.8314,     63.6278,      3.4953,      0.1739,      0.1397,     78.8932,      0.1998,      5.6780,     11.3560,      1.7656,     29.5013,     59.0026,      0.0196,      0.0044,      0.2181,      0.2128,   7998.7319,-532648.2500,   -976.9057,    552.6849,  26662.4395,
       1,     170,     282,      13,       1,       3,       1,     10.0000,      1.4163,     42.8433,    252.8314,     63.6278,      3.4953,      0.1888,      0.1540,    110.3370,      0.2207,      5.6780,     11.3560,      1.9504,     29.5013,     59.0026,      0.0196,      0.0056,      0.2362,      0.2128,   7998.7319,-524516.1875,   -975.3237,    553.2485,  26662.4395,
       1,     170,     282,      14,       1,       3,       1,     10.0000,      1.4163,     42.8433,    252.8314,     63.6278,      3.4953,      0.0920,      0.0590,     15.8557,      0.1598,      5.6780,     11.3560,      1.4125,     29.5013,     59.0026,      0.0196,      0.0018,      0.1083,      0.2128,   7998.7319,-561488.3750,   -993.1976,    550.6919,  26662.4395,
       1,     170,     282,      15,       1,       3,       1,     10.0000,      1.4163,     42.8433,    252.8314,     63.6278,      3.4953,      0.0409,      0.0090,      1.0021,      0.1338,      5.6780,     11.3560,      1.1825,     29.5013,     59.0026,      0.0196,      0.0003,      0.0383,      0.2127,   7998.7319,-451387.3750,   -924.4144,    558.2768,  26662.4648,
       1,     170,     282,      16,       1,       3,       1,     10.0000,      1.4163,     42.8433,    252.8314,     63.6278,      3.4953,      0.0396,      0.0078,      0.7209,      0.1289,      5.6780,     11.3560,      1.1388,     29.5013,     59.0026,      0.0196,      0.0002,      0.0366,      0.2129,   7998.7397,-424590.9062,   -910.9898,    560.1992,  26662.4668,
       1,     170,     282,      17,       1,       3,       1,     10.0000,      1.4163,     42.8433,    252.8314,     63.6278,      3.4953,      0.0628,      0.0309,      1.4073,      0.1325,      5.6780,     11.3560,      1.1705,     29.5013,     59.0026,      0.0196,      0.0002,      0.0693,      0.2129,   7998.7402,-421959.4375,   -910.3299,    560.3868,  26662.4668,
       1,     170,     282,      18,       1,       3,       1,     10.0000,      1.4163,     42.8433,    252.8314,     63.6278,      3.4953,      0.1105,      0.0784,      3.1676,      0.1395,      5.6780,     11.3560,      1.2327,     29.5013,     59.0026,      0.0196,      0.0003,      0.1365,      0.2129,   7998.7402,-422555.8125,   -910.6706,    560.3450,  26662.4668,
       1,     170,     282,      19,       1,       3,       1,     10.0000,      1.4163,     42.8433,    252.8314,     63.6278,      3.4953,      0.0606,      0.0284,      1.5993,      0.1409,      5.6780,     11.3560,      1.2453,     29.5013,     59.0026,      0.0196,      0.0003,      0.0658,      0.2129,   7998.7402,-424710.3125,   -911.2098,    560.1942,  26662.4668,
       1,     170,     282,      20,       1,       3,       1,     10.0000,      1.4163,     42.8433,    252.8314,     63.6278,      3.4953,      0.0031,     -0.0289,      0.3286,      0.1367,      5.6780,     11.3560,      1.2080,     29.5013,     59.0026,      0.0196,      0.0003,      0.0156,      0.2129,   7998.7402,-423015.6562,   -911.0826,    560.3129,  26662.4648,
       1,     170,     282,      21,       1,       3,       1,     10.0000,      1.4163,     42.8433,    252.8314,     63.6278,      3.4953,      0.0000,     -0.0320,      0.3244,      0.1352,      5.6780,     11.3560,      1.1946,     29.5013,     59.0026,      0.0196,      0.0003,      0.0156,      0.2129,   7998.7397,-421354.9062,   -910.7919,    560.4292,  26662.4668,
       1,     170,     282,      22,       1,       3,       1,     10.0000,      1.4163,     42.8433,    252.8314,     63.6278,      3.4953,      0.0000,     -0.0320,      0.3229,      0.1346,      5.6780,     11.3560,      1.1897,     29.5013,     59.0026,      0.0196,      0.0002,      0.0156,      0.2129,   7998.7402,-421210.5000,   -910.7665,    560.4393,  26662.4668,
       1,     170,     282,      23,       1,       3,       1,     10.0000,      1.4163,     42.8433,    252.8314,     63.6278,      3.4953,      0.0000,     -0.0321,      0.3286,      0.1367,      5.6780,     11.3560,      1.2080,     29.5013,     59.0026,      0.0196,      0.0003,      0.0156,      0.2129,   7998.7402,-421196.6562,   -910.7657,    560.4403,  26662.4668,
       1,     170,     282,      24,       1,       3,       1,     10.0000,      1.4163,     42.8433,    252.8314,     63.6278,      3.4953,      0.0000,     -0.0322,      0.3371,      0.1398,      5.6780,     11.3560,      1.2352,     29.5013,     59.0026,      0.0196,      0.0003,      0.0156,      0.2129,   7998.7402,-421202.1562,   -910.7681,    560.4399,  26662.4688,
       1,     170,     283,       1,       1,       3,       1,     10.0000,      1.4163,     42.8436,    252.8373,     63.6292,      3.4953,      0.0000,     -0.0320,      0.3233,      0.1348,      5.6792,     11.3584,      1.1910,     29.4934,     58.9867,      0.0196,      0.0002,      0.0156,      0.2129,   7998.7407,-421368.0312,   -911.0615,    560.4417,  26663.6582,
       1,     170,     283,       2,       1,       3,       1,     10.0000,      1.4163,     42.8436,    252.8373,     63.6292,      3.4953,      0.0000,     -0.0319,      0.3130,      0.1310,      5.6792,     11.3584,      1.1576,     29.4934,     58.9867,      0.0196,      0.0002,      0.0156,      0.2129,   7999.0977,-421213.2812,   -910.7789,    560.4525,  26663.6582,
       1,     170,     283,       3,       1,       3,       1,     10.0000,      1.4163,     42.8436,    252.8373,     63.6292,      3.4953,      0.0000,     -0.0318,      0.3072,      0.1289,      5.6792,     11.3584,      1.1389,     29.4934,     58.9867,      0.0196,      0.0002,      0.0156,      0.2129,   7999.0977,-421187.8750,   -910.7759,    560.4542,  26663.6562,
       1,     170,     283,       4,       1,       3,       1,     10.0000,      1.4163,     42.8436,    252.8373,     63.6292,      3.4953,      0.0000,     -0.0317,      0.3054,      0.1282,      5.6792,     11.3584,      1.1331,     29.4934,     58.9867,      0.0196,      0.0002,      0.0156,      0.2129,   7999.0972,-421179.1250,   -910.7762,    560.4549,  26663.6582,
       1,     170,     283,       5,       1,       3,       1,     10.0000,      1.4163,     42.8436,    252.8373,     63.6292,      3.4953,      0.0000,     -0.0316,      0.2942,      0.1241,      5.6792,     11.3584,      1.0967,     29.4934,     58.9867,      0.0196,      0.0002,      0.0156,      0.2129,   7999.0977,-421176.0000,   -910.7769,    560.4551,  26663.6582,
       1,     170,     283,       6,       1,       3,       1,     10.0000,      1.4163,     42.8436,    252.8373,     63.6292,      3.4953,      0.0000,     -0.0315,      0.2888,      0.1221,      5.6792,     11.3584,      1.0789,     29.4934,     58.9867,      0.0196,      0.0002,      0.0156,      0.2129,   7999.0977,-421162.4062,   -910.7757,    560.4560,  26663.6582,
       1,     170,     283,       7,       1,       3,       1,     10.0000,      1.4163,     42.8436,    252.8373,     63.6292,      3.4953,      0.0000,     -0.0316,      0.2925,      0.1235,      5.6792,     11.3584,      1.0911,     29.4934,     58.9867,      0.0196,      0.0002,      0.0156,      0.2129,   7999.0977,-421154.8125,   -910.7756,    560.4565,  26663.6582,
       1,     170,     283,       8,       1,       3,       1,     10.0000,      1.4163,     42.8436,    252.8373,     63.6292,      3.4953,      0.0119,     -0.0197,      0.2953,      0.1245,      5.6792,     11.3584,      1.1001,     29.4934,     58.9867,      0.0196,      0.0002,      0.0156,      0.2129,   7999.0977,-421158.6562,   -910.7778,    560.4563,  26663.6582,
       1,     170,     283,       9,       1,       3,       1,     10.0000,      1.4163,     42.8436,    252.8373,     63.6292,      3.4953,      0.1298,      0.0978,      5.8166,      0.1348,      5.6792,     11.3584,      1.1910,     29.4934,     58.9867,      0.0196,      0.0004,      0.1636,      0.2129,   7999.0977,-421162.2500,   -910.8114,    560.4561,  26663.6582,
       1,     170,     283,      10,       1,       3,       1,     10.0000,      1.4163,     42.8436,    252.8373,     63.6292,      3.4953,      0.1860,      0.1529,     39.8712,      0.1657,      5.6792,     11.3584,      1.4644,     29.4934,     58.9867,      0.0196,      0.0020,      0.2396,      0.2129,   7999.0977,-427762.7812,   -912.6132,    559.9936,  26663.6562,
       1,     170,     283,      11,       1,       3,       1,     10.0000,      1.4163,     42.8436,    252.8373,     63.6292,      3.4953,      0.1947,      0.1613,     59.3216,      0.1758,      5.6792,     11.3584,      1.5533,     29.4934,     58.9867,      0.0196,      0.0029,      0.2500,      0.2129,   7999.0972,-469029.9688,   -921.6349,    557.1052,  26663.6562,
       1,     170,     283,      12,       1,       3,       1,     10.0000,      1.4163,     42.8436,    252.8373,     63.6292,      3.4953,      0.1867,      0.1526,     77.7966,      0.1975,      5.6792,     11.3584,      1.7448,     29.4934,     58.9867,      0.0196,      0.0040,      0.2367,      0.2129,   7999.0972,-495770.0312,   -928.5393,    555.2504,  26663.6582,
       1,     170,     283,      13,       1,       3,       1,     10.0000,      1.4163,     42.8436,    252.8373,     63.6292,      3.4953,      0.2004,      0.1654,    137.2308,      0.2289,      5.6792,     11.3584,      2.0226,     29.4934,     58.9867,      0.0196,      0.0066,      0.2500,      0.2128,   7999.0977,-520112.6875,   -935.1130,    553.5640,  26663.6582,
       1,     170,     283,      14,       1,       3,       1,     10.0000,      1.4163,     42.8436,    252.8373,     63.6292,      3.4953,      0.1993,      0.1641,    149.5367,      0.2364,      5.6792,     11.3584,      2.0890,     29.4934,     58.9867,      0.0196,      0.0073,      0.2472,      0.2128,   7999.0977,-593302.1250,   -951.8182,    548.5022,  26663.6602,
       1,     170,     283,      15,       1,       3,       1,     10.0000,      1.4163,     42.8436,    252.8373,     63.6292,      3.4953,      0.1968,      0.1616,    158.9526,      0.2348,      5.6792,     11.3584,      2.0747,     29.4934,     58.9867,      0.0196,      0.0079,      0.2425,      0.2127,   7999.0981,-614228.1875,   -958.3715,    547.0905,  26663.6582,
       1,     170,     283,      16,       1,       3,       1,     10.0000,      1.4163,     42.8436,    252.8373,     63.6292,      3.4953,      0.0444,      0.0111,      9.2131,      0.1733,      5.6792,     11.3584,      1.5318,     29.4934,     58.9867,      0.0196,      0.0027,      0.0409,      0.2127,   7999.0977,-627243.7500,   -951.3132,    546.2022,  26663.3281,
       1,     170,     283,      17,       1,       3,       1,     10.0000,      1.4163,     42.8436,    252.8373,     63.6292,      3.4953,      0.0144,     -0.0174,      0.0253,      0.1297,      5.6792,     11.3584,      1.1458,     29.4934,     58.9867,      0.0196,      0.0003,      0.0010,      0.2126,   7998.9985,-448773.4375,   -915.7791,    558.3881,  26663.6582,
       1,     170,     283,      18,       1,       3,       1,     10.0000,      1.4163,     42.8436,    252.8373,     63.6292,      3.4953,      0.0730,      0.0415,      1.5723,      0.1234,      5.6792,     11.3584,      1.0900,     29.4934,     58.9867,      0.0196,      0.0002,      0.0839,      0.2129,   7999.0977,-423308.2812,   -910.5159,    560.3025,  26663.6562,
       1,     170,     283,      19,       1,       3,       1,     10.0000,      1.4163,     42.8436,    252.8373,     63.6292,      3.4953,      0.0346,      0.0029,      0.5786,      0.1280,      5.6792,     11.3584,      1.1308,     29.4934,     58.9867,      0.0196,      0.0002,      0.0296,      0.2129,   7999.0972,-422872.8750,   -910.5892,    560.3362,  26663.6582,
       1,     170,     283,      20,       1,       3,       1,     10.0000,      1.4163,     42.8436,    252.8373,     63.6292,      3.4953,      0.0022,     -0.0294,      0.2998,      0.1262,      5.6792,     11.3584,      1.1148,     29.4934,     58.9867,      0.0196,      0.0002,      0.0156,      0.2129,   7999.0977,-421644.3125,   -910.4724,    560.4222,  26663.6582,
       1,     170,     283,      21,       1,       3,       1,     10.0000,      1.4163,     42.8436,    252.8373,     63.6292,      3.4953,      0.0000,     -0.0317,      0.3040,      0.1277,      5.6792,     11.3584,      1.1285,     29.4934,     58.9867,      0.0196,      0.0002,      0.0156,      0.2129,   7999.0977,-421208.2500,   -910.3999,    560.4528,  26663.6562,
       1,     170,     283,      22,       1,       3,       1,     10.0000,      1.4163,     42.8436,    252.8373,     63.6292,      3.4953,      0.0000,     -0.0319,      0.3130,      0.1310,      5.6792,     11.3584,      1.1576,     29.4934,     58.9867,      0.0196,      0.0002,      0.0156,      0.2129,   7999.0972,-421177.0312,   -910.3962,    560.4550,  26663.6582,
       1,     170,     283,      23,       1,       3,       1,     10.0000,      1.4163,     42.8436,    252.8373,     63.6292,      3.4953,      0.0000,     -0.0319,      0.3141,      0.1314,      5.6792,     11.3584,      1.1611,     29.4934,     58.9867,      0.0196,      0.0002,      0.0156,      0.2129,   7999.0977,-421184.8750,   -910.3987,    560.4545,  26663.6562,
       1,     170,     283,      24,       1,       3,       1,     10.0000,      1.4163,     42.8436,    252.8373,     63.6292,      3.4953,      0.0000,     -0.0317,      0.3158,      0.1276,      5.6792,     11.3584,      1.1273,     29.4934,     58.9867,      0.0196,      0.0002,      0.0156,      0.2129,   7999.0972,-421186.9688,   -910.4011,    560.4543,  26663.6602,
       1,     170,     284,       1,       1,       3,       1,     10.0000,      1.4164,     42.8439,    252.8433,     63.6308,      3.4953,      0.0000,     -0.0317,      0.3005,      0.1264,      5.6791,     11.3581,      1.1171,     29.4896,     58.9791,      0.0196,      0.0002,      0.0156,      0.2129,   7999.0981,-421344.0000,   -910.6930,    560.4564,  26664.8496,
       1,     170,     284,       2,       1,       3,       1,     10.0000,      1.4164,     42.8439,    252.8433,     63.6308,      3.4953,      0.0000,     -0.0317,      0.3044,      0.1278,      5.6791,     11.3581,      1.1296,     29.4896,     58.9791,      0.0196,      0.0002,      0.0156,      0.2129,   7999.4551,-421187.0000,   -910.4103,    560.4675,  26664.8496,
       1,     170,     284,       3,       1,       3,       1,     10.0000,      1.4164,     42.8439,    252.8433,     63.6308,      3.4953,      0.0000,     -0.0317,      0.3033,      0.1274,      5.6791,     11.3581,      1.1262,     29.4896,     58.9791,      0.0196,      0.0002,      0.0156,      0.2129,   7999.4551,-421178.3438,   -910.4102,    560.4680,  26664.8496,
       1,     170,     284,       4,       1,       3,       1,     10.0000,      1.4164,     42.8439,    252.8433,     63.6308,      3.4953,      0.0000,     -0.0317,      0.3030,      0.1273,      5.6791,     11.3581,      1.1251,     29.4896,     58.9791,      0.0196,      0.0002,      0.0156,      0.2129,   7999.4551,-421176.4375,   -910.4116,    560.4682,  26664.8496,
       1,     170,     284,       5,       1,       3,       1,     10.0000,      1.4164,     42.8439,    252.8433,     63.6308,      3.4953,      0.0000,     -0.0317,      0.3033,      0.1274,      5.6791,     11.3581,      1.1262,     29.4896,     58.9791,      0.0196,      0.0002,      0.0156,      0.2129,   7999.4551,-421175.7500,   -910.4128,    560.4681,  26664.8496,
       1,     170,     284,       6,       1,       3,       1,     10.0000,      1.4164,     42.8439,    252.8433,     63.6308,      3.4953,      0.0000,     -0.0317,      0.3058,      0.1284,      5.6791,     11.3581,      1.1343,     29.4896,     58.9791,      0.0196,      0.0002,      0.0156,      0.2129,   7999.4551,-421176.2500,   -910.4143,    560.4682,  26664.8496,
       1,     170,     284,       7,       1,       3,       1,     10.0000,      1.4164,     42.8439,    252.8433,     63.6308,      3.4953,      0.0000,     -0.0318,      0.3094,      0.1297,      5.6791,     11.3581,      1.1459,     29.4896,     58.9791,      0.0196,      0.0002,      0.0156,      0.2129,   7999.4551,-421179.1562,   -910.4163,    560.4680,  26664.8516,
       1,     170,     284,       8,       1,       3,       1,     10.0000,      1.4164,     42.8439,    252.8433,     63.6308,      3.4953,      0.0027,     -0.0291,      0.3104,      0.1301,      5.6791,     11.3581,      1.1494,     29.4896,     58.9791,      0.0196,      0.0002,      0.0156,      0.2129,   7999.4556,-421183.5625,   -910.4183,    560.4677,  26664.8496,
       1,     170,     284,       9,       1,       3,       1,     10.0000,      1.4164,     42.8439,    252.8433,     63.6308,      3.4953,      0.0428,      0.0111,      0.8135,      0.1293,      5.6791,     11.3581,      1.1424,     29.4896,     58.9791,      0.0196,      0.0002,      0.0412,      0.2129,   7999.4551,-421185.4062,   -910.4268,    560.4675,  26664.8516,
       1,     170,     284,      10,       1,       3,       1,     10.0000,      1.4164,     42.8439,    252.8433,     63.6308,      3.4953,      0.1627,      0.1302,     11.6386,      0.1484,      5.6791,     11.3581,      1.3112,     29.4896,     58.9791,      0.0196,      0.0007,      0.2095,      0.2129,   7999.4556,-421786.6562,   -910.6252,    560.4254,  26664.8496,
       1,     170,     284,      11,       1,       3,       1,     10.0000,      1.4164,     42.8439,    252.8433,     63.6308,      3.4953,      0.1930,      0.1598,     35.9768,      0.1686,      5.6791,     11.3581,      1.4896,     29.4896,     58.9791,      0.0196,      0.0017,      0.2500,      0.2129,   7999.4551,-434776.4375,   -913.8850,    559.5154,  26664.8516,
       1,     170,     284,      12,       1,       3,       1,     10.0000,      1.4164,     42.8439,    252.8433,     63.6308,      3.4953,      0.1943,      0.1602,     74.2003,      0.1982,      5.6791,     11.3581,      1.7518,     29.4896,     58.9791,      0.0196,      0.0036,      0.2480,      0.2129,   7999.4556,-464962.5625,   -920.9962,    557.4050,  26664.8496,
       1,     170,     284,      13,       1,       3,       1,     10.0000,      1.4164,     42.8439,    252.8433,     63.6308,      3.4953,      0.1989,      0.1640,    118.6264,      0.2229,      5.6791,     11.3581,      1.9698,     29.4896,     58.9791,      0.0196,      0.0057,      0.2498,      0.2129,   7999.4551,-513214.2812,   -932.1350,    554.0469,  26664.8516,
       1,     170,     284,      14,       1,       3,       1,     10.0000,      1.4164,     42.8439,    252.8433,     63.6308,      3.4953,      0.1786,      0.1438,    117.6825,      0.2220,      5.6791,     11.3581,      1.9620,     29.4896,     58.9791,      0.0196,      0.0064,      0.2207,      0.2128,   7999.4556,-570442.5000,   -945.7101,    550.0937,  26664.8516,
       1,     170,     284,      15,       1,       3,       1,     10.0000,      1.4164,     42.8439,    252.8433,     63.6308,      3.4953,      0.1614,      0.1282,     59.5358,      0.1691,      5.6791,     11.3581,      1.4940,     29.4896,     58.9791,      0.0196,      0.0035,      0.2023,      0.2128,   7999.4556,-574116.2500,   -940.7573,    549.8551,  26664.6055,
       1,     170,     284,      16,       1,       3,       1,     10.0000,      1.4164,     42.8439,    252.8433,     63.6308,      3.4953,      0.1567,      0.1243,     18.9901,      0.1460,      5.6791,     11.3581,      1.2902,     29.4896,     58.9791,      0.0196,      0.0011,      0.2002,      0.2128,   7999.3818,-504767.0625,   -929.5630,    554.6216,  26664.8477,
       1,     170,     284,      17,       1,       3,       1,     10.0000,      1.4164,     42.8439,    252.8433,     63.6308,      3.4953,      0.1265,      0.0938,     18.8010,      0.1542,      5.6791,     11.3581,      1.3623,     29.4896,     58.9791,      0.0196,      0.0014,      0.1572,      0.2128,   7999.4546,-450500.7500,   -920.2122,    558.4045,  26664.8496,
       1,     170,     284,      18,       1,       3,       1,     10.0000,      1.4164,     42.8439,    252.8433,     63.6308,      3.4953,      0.0417,      0.0093,      3.2135,      0.1464,      5.6791,     11.3581,      1.2941,     29.4896,     58.9791,      0.0196,      0.0010,      0.0386,      0.2129,   7999.4551,-445758.8750,   -917.2755,    558.7485,  26664.8496,
       1,     170,     284,      19,       1,       3,       1,     10.0000,      1.4164,     42.8439,    252.8433,     63.6308,      3.4953,      0.0049,     -0.0270,      0.3228,      0.1301,      5.6791,     11.3581,      1.1494,     29.4896,     58.9791,      0.0196,      0.0002,      0.0156,      0.2129,   7999.4551,-426709.0625,   -911.3363,    560.0791,  26664.8496,
       1,     170,     284,      20,       1,       3,       1,     10.0000,      1.4164,     42.8439,    252.8433,     63.6308,      3.4953,      0.0001,     -0.0313,      0.2845,      0.1205,      5.6791,     11.3581,      1.0647,     29.4896,     58.9791,      0.0196,      0.0002,      0.0156,      0.2129,   7999.4551,-421664.3750,   -910.1761,    560.4338,  26664.8496,
       1,     170,     284,      21,       1,       3,       1,     10.0000,      1.4164,     42.8439,    252.8433,     63.6308,      3.4953,      0.0000,     -0.0314,      0.2805,      0.1190,      5.6791,     11.3581,      1.0517,     29.4896,     58.9791,      0.0196,      0.0002,      0.0156,      0.2129,   7999.4551,-421194.7500,   -910.0773,    560.4669,  26664.8477,
       1,     170,     284,      22,       1,       3,       1,     10.0000,      1.4164,     42.8439,    252.8433,     63.6308,      3.4953,      0.0000,     -0.0313,      0.2763,      0.1174,      5.6791,     11.3581,      1.0378,     29.4896,     58.9791,      0.0196,      0.0002,      0.0156,      0.2129,   7999.4546,-421150.7500,   -910.0693,    560.4700,  26664.8516,
       1,     170,     284,      23,       1,       3,       1,     10.0000,      1.4164,     42.8439,    252.8433,     63.6308,      3.4953,      0.0000,     -0.0314,      0.2802,      0.1189,      5.6791,     11.3581,      1.0506,     29.4896,     58.9791,      0.0196,      0.0002,      0.0156,      0.2129,   7999.4556,-421141.5625,   -910.0683,    560.4705,  26664.8516,
       1,     170,     284,      24,       1,       3,       1,     10.0000,      1.4164,     42.8439,    252.8433,     63.6308,      3.4953,      0.0000,     -0.0313,      0.2782,      0.1182,      5.6791,     11.3581,      1.0442,     29.4896,     58.9791,      0.0196,      0.0002,      0.0156,      0.2129,   7999.4556,-421145.5938,   -910.0677,    560.4703,  26664.8496,
       1,     170,     285,       1,       1,       3,       1,     10.0000,      1.4164,     42.8443,    252.8493,     63.6323,      3.4953,      0.0000,     -0.0313,      0.2734,      0.1164,      5.6793,     11.3586,      1.0283,     29.4856,     58.9712,      0.0196,      0.0002,      0.0156,      0.2130,   7999.4551,-421298.8438,   -910.3580,    560.4730,  26666.0391,
       1,     170,     285,       2,       1,       3,       1,     10.0000,      1.4164,     42.8443,    252.8493,     63.6323,      3.4953,      0.0000,     -0.0313,      0.2737,      0.1165,      5.6793,     11.3586,      1.0294,     29.4856,     58.9712,      0.0196,      0.0002,      0.0156,      0.2130,   7999.8120,-421153.6875,   -910.0783,    560.4832,  26666.0391,
       1,     170,     285,       3,       1,       3,       1,     10.0000,      1.4164,     42.8443,    252.8493,     63.6323,      3.4953,      0.0000,     -0.0313,      0.2786,      0.1183,      5.6793,     11.3586,      1.0453,     29.4856,     58.9712,      0.0196,      0.0002,      0.0156,      0.2130,   7999.8120,-421141.9062,   -910.0775,    560.4839,  26666.0371,
       1,     170,     285,       4,       1,       3,       1,     10.0000,      1.4164,     42.8443,    252.8493,     63.6323,      3.4953,      0.0000,     -0.0312,      0.2712,      0.1155,      5.6793,     11.3586,      1.0210,     29.4856,     58.9712,      0.0196,      0.0002,      0.0156,      0.2130,   7999.8115,-421147.0000,   -910.0801,    560.4836,  26666.0410,
       1,     170,     285,       5,       1,       3,       1,     10.0000,      1.4164,     42.8443,    252.8493,     63.6323,      3.4953,      0.0000,     -0.0312,      0.2712,      0.1155,      5.6793,     11.3586,      1.0210,     29.4856,     58.9712,      0.0196,      0.0002,      0.0156,      0.2130,   7999.8125,-421138.0938,   -910.0790,    560.4841,  26666.0391,
       1,     170,     285,       6,       1,       3,       1,     10.0000,      1.4164,     42.8443,    252.8493,     63.6323,      3.4953,      0.0000,     -0.0312,      0.2686,      0.1146,      5.6793,     11.3586,      1.0126,     29.4856,     58.9712,      0.0196,      0.0002,      0.0156,      0.2130,   7999.8120,-421137.6875,   -910.0809,    560.4843,  26666.0391,
       1,     170,     285,       7,       1,       3,       1,     10.0000,      1.4164,     42.8443,    252.8493,     63.6323,      3.4953,      0.0000,     -0.0312,      0.2668,      0.1139,      5.6793,     11.3586,      1.0064,     29.4856,     58.9712,      0.0196,      0.0002,      0.0156,      0.2130,   7999.8120,-421134.5000,   -910.0817,    560.4845,  26666.0391,
       1,     170,     285,       8,       1,       3,       1,     10.0000,      1.4164,     42.8443,    252.8493,     63.6323,      3.4953,      0.0220,     -0.0092,      0.2162,      0.1155,      5.6793,     11.3586,      1.0210,     29.4856,     58.9712,      0.0196,      0.0002,      0.0124,      0.2130,   7999.8120,-421131.9688,   -910.0825,    560.4846,  26666.0371,
       1,     170,     285,       9,       1,       3,       1,     10.0000,      1.4164,     42.8443,    252.8493,     63.6323,      3.4953,      0.0976,      0.0662,      2.1823,      0.1214,      5.6793,     11.3586,      1.0724,     29.4856,     58.9712,      0.0196,      0.0002,      0.1187,      0.2130,   7999.8115,-421071.5312,   -910.1285,    560.4889,  26666.0410,
       1,     170,     285,      10,       1,       3,       1,     10.0000,      1.4164,     42.8443,    252.8493,     63.6323,      3.4953,      0.1750,      0.1429,     16.0912,      0.1370,      5.6793,     11.3586,      1.2105,     29.4856,     58.9712,      0.0196,      0.0009,      0.2264,      0.2130,   7999.8125,-423415.9688,   -910.8325,    560.3246,  26666.0371,
       1,     170,     285,      11,       1,       3,       1,     10.0000,      1.4164,     42.8443,    252.8493,     63.6323,      3.4953,      0.1945,      0.1613,     55.3215,      0.1687,      5.6793,     11.3586,      1.4911,     29.4856,     58.9712,      0.0196,      0.0027,      0.2500,      0.2130,   7999.8115,-440236.4062,   -914.7941,    559.1465,  26666.0371,
       1,     170,     285,      12,       1,       3,       1,     10.0000,      1.4164,     42.8443,    252.8493,     63.6323,      3.4953,      0.1969,      0.1629,     87.9826,      0.1923,      5.6793,     11.3586,      1.6989,     29.4856,     58.9712,      0.0196,      0.0042,      0.2500,      0.2129,   7999.8115,-488546.3125,   -925.6278,    555.7712,  26666.0391,
       1,     170,     285,      13,       1,       3,       1,     10.0000,      1.4164,     42.8443,    252.8493,     63.6323,      3.4953,      0.1949,      0.1602,    122.1796,      0.2160,      5.6793,     11.3586,      1.9088,     29.4856,     58.9712,      0.0196,      0.0060,      0.2436,      0.2129,   7999.8120,-531684.4375,   -933.0992,    552.7845,  26666.0410,
       1,     170,     285,      14,       1,       3,       1,     10.0000,      1.4164,     42.8443,    252.8493,     63.6323,      3.4953,      0.1620,      0.1295,     16.5728,      0.1482,      5.6793,     11.3586,      1.3099,     29.4856,     58.9712,      0.0196,      0.0010,      0.2079,      0.2128,   7999.8125,-576233.5000,   -941.7736,    549.7144,  26666.0391,
       1,     170,     285,      15,       1,       3,       1,     10.0000,      1.4164,     42.8443,    252.8493,     63.6323,      3.4953,      0.1930,      0.1599,     35.6120,      0.1646,      5.6793,     11.3586,      1.4542,     29.4856,     58.9712,      0.0196,      0.0017,      0.2500,      0.2128,   7999.8120,-453445.5312,   -916.8275,    558.1601,  26666.0391,
       1,     170,     285,      16,       1,       3,       1,     10.0000,      1.4164,     42.8443,    252.8493,     63.6323,      3.4953,      0.0705,      0.0387,      2.4315,      0.1310,      5.6793,     11.3586,      1.1576,     29.4856,     58.9712,      0.0196,      0.0004,      0.0801,      0.2129,   7999.8120,-466168.6562,   -920.1390,    557.3376,  26666.0391,
       1,     170,     285,      17,       1,       3,       1,     10.0000,      1.4164,     42.8443,    252.8493,     63.6323,      3.4953,      0.0240,     -0.0075,      0.2747,      0.1219,      5.6793,     11.3586,      1.0768,     29.4856,     58.9712,      0.0196,      0.0002,      0.0149,      0.2129,   7999.8120,-427473.7812,   -911.4099,    560.0340,  26666.0410,
       1,     170,     285,      18,       1,       3,       1,     10.0000,      1.4164,     42.8443,    252.8493,     63.6323,      3.4953,      0.0667,      0.0352,      1.3944,      0.1225,      5.6793,     11.3586,      1.0823,     29.4856,     58.9712,      0.0196,      0.0002,      0.0751,      0.2130,   7999.8125,-421679.5312,   -910.2314,    560.4462,  26666.0371,
       1,     170,     285,      19,       1,       3,       1,     10.0000,      1.4164,     42.8443,    252.8493,     63.6323,      3.4953,      0.0206,     -0.0110,      0.1882,      0.1236,      5.6793,     11.3586,      1.0923,     29.4856,     58.9712,      0.0196,      0.0002,      0.0100,      0.2130,   7999.8115,-422525.6875,   -910.6251,    560.3870,  26666.0391,
       1,     170,     285,      20,       1,       3,       1,     10.0000,      1.4164,     42.8443,    252.8493,     63.6323,      3.4953,      0.0006,     -0.0310,      0.2963,      0.1249,      5.6793,     11.3586,      1.1035,     29.4856,     58.9712,      0.0196,      0.0002,      0.0156,      0.2130,   7999.8120,-421154.6562,   -910.1592,    560.4831,  26666.0391,
       1,     170,     285,      21,       1,       3,       1,     10.0000,      1.4164,     42.8443,    252.8493,     63.6323,      3.4953,      0.0000,     -0.0316,      0.2963,      0.1249,      5.6793,     11.3586,      1.1035,     29.4856,     58.9712,      0.0196,      0.0002,      0.0156,      0.2130,   7999.8120,-421168.9688,   -910.1663,    560.4821,  26666.0391,
       1,     170,     285,      22,       1,       3,       1,     10.0000,      1.4164,     42.8443,    252.8493,     63.6323,      3.4953,      0.0000,     -0.0316,      0.2946,      0.1242,      5.6793,     11.3586,      1.0979,     29.4856,     58.9712,      0.0196,      0.0002,      0.0156,      0.2130,   7999.8120,-421170.2500,   -910.1678,    560.4820,  26666.0391,
       1,     170,     285,      23,       1,       3,       1,     10.0000,      1.4164,     42.8443,    252.8493,     63.6323,      3.4953,      0.0000,     -0.0314,      0.2855,      0.1209,      5.6793,     11.3586,      1.0680,     29.4856,     58.9712,      0.0196,      0.0002,      0.0156,      0.2130,   7999.8120,-421168.2812,   -910.1690,    560.4821,  26666.0410,
       1,     170,     285,      24,       1,       3,       1,     10.0000,      1.4164,     42.8443,    252.8493,     63.6323,      3.4953,      0.0000,     -0.0315,      0.3388,      0.1214,      5.6793,     11.3586,      1.0724,     29.4856,     58.9712,      0.0196,      0.0003,      0.0156,      0.2130,   7999.8125,-421157.0000,   -910.1680,    560.4829,  26666.0391,
       1,     170,     286,       1,       1,       3,       1,     10.0000,      1.4164,     42.8446,    252.8552,     63.6338,      3.4953,      0.0000,     -0.0313,      0.2922,      0.1173,      5.6795,     11.3590,      1.0368,     29.4807,     58.9614,      0.0196,      0.0002,      0.0156,      0.2130,   7999.8120,-421375.2188,   -910.4783,    560.4808,  26667.2324,
       1,     170,     286,       2,       1,       3,       1,     10.0000,      1.4164,     42.8446,    252.8552,     63.6338,      3.4953,      0.0000,     -0.0312,      0.4070,      0.1149,      5.6795,     11.3590,      1.0158,     29.4807,     58.9614,      0.0196,      0.0003,      0.0156,      0.2130,   8000.1699,-421185.4688,   -910.1912,    560.4940,  26667.2324,
       1,     170,     286,       3,       1,       3,       1,     10.0000,      1.4164,     42.8446,    252.8552,     63.6338,      3.4953,      0.0000,     -0.0314,      0.7399,      0.1198,      5.6795,     11.3590,      1.0582,     29.4807,     58.9614,      0.0196,      0.0006,      0.0156,      0.2130,   8000.1699,-421306.8125,   -910.2315,    560.4855,  26667.2344,
       1,     170,     286,       4,       1,       3,       1,     10.0000,      1.4164,     42.8446,    252.8552,     63.6338,      3.4953,      0.0000,     -0.0313,      0.4562,      0.1178,      5.6795,     11.3590,      1.0411,     29.4807,     58.9614,      0.0196,      0.0004,      0.0156,      0.2130,   8000.1704,-421714.4688,   -910.3539,    560.4570,  26667.2324,
       1,     170,     286,       5,       1,       3,       1,     10.0000,      1.4164,     42.8446,    252.8552,     63.6338,      3.4953,      0.0000,     -0.0313,      0.2991,      0.1173,      5.6795,     11.3590,      1.0368,     29.4807,     58.9614,      0.0196,      0.0002,      0.0156,      0.2130,   8000.1699,-421409.8438,   -910.1382,    560.4783,  26667.2305,
       1,     170,     286,       6,       1,       3,       1,     10.0000,      1.4164,     42.8446,    252.8552,     63.6338,      3.4953,      0.0000,     -0.0313,      0.4317,      0.1175,      5.6795,     11.3590,      1.0379,     29.4807,     58.9614,      0.0196,      0.0003,      0.0156,      0.2130,   8000.1694,-421196.9375,   -910.1046,    560.4932,  26667.2324,
       1,     170,     286,       7,       1,       3,       1,     10.0000,      1.4164,     42.8446,    252.8552,     63.6338,      3.4953,      0.0000,     -0.0313,      0.4142,      0.1171,      5.6795,     11.3590,      1.0347,     29.4807,     58.9614,      0.0196,      0.0003,      0.0156,      0.2130,   8000.1699,-421337.2812,   -910.1522,    560.4834,  26667.2324,
       1,     170,     286,       8,       1,       3,       1,     10.0000,      1.4164,     42.8446,    252.8552,     63.6338,      3.4953,      0.0136,     -0.0177,      0.0126,      0.1167,      5.6795,     11.3590,      1.0315,     29.4807,     58.9614,      0.0196,      0.0003,      0.0005,      0.2130,   8000.1699,-421328.1562,   -910.1710,    560.4840,  26667.2324,
       1,     170,     286,       9,       1,       3,       1,     10.0000,      1.4164,     42.8446,    252.8552,     63.6338,      3.4953,      0.1050,      0.0734,      6.6329,      0.1248,      5.6795,     11.3590,      1.1024,     29.4807,     58.9614,      0.0196,      0.0006,      0.1285,      0.2130,   8000.1699,-420847.4375,   -910.1348,    560.5177,  26667.2324,
       1,     170,     286,      10,       1,       3,       1,     10.0000,      1.4164,     42.8446,    252.8552,     63.6338,      3.4953,      0.1769,      0.1445,     31.9586,      0.1453,      5.6795,     11.3590,      1.2837,     29.4807,     58.9614,      0.0196,      0.0017,      0.2274,      0.2130,   8000.1699,-428718.4688,   -911.9711,    559.9662,  26667.2344,
       1,     170,     286,      11,       1,       3,       1,     10.0000,      1.4164,     42.8446,    252.8552,     63.6338,      3.4953,      0.1953,      0.1620,     65.2893,      0.1713,      5.6795,     11.3590,      1.5137,     29.4807,     58.9614,      0.0196,      0.0031,      0.2500,      0.2130,   8000.1704,-459645.4688,   -918.7809,    557.8018,  26667.2324,
       1,     170,     286,      12,       1,       3,       1,     10.0000,      1.4164,     42.8446,    252.8552,     63.6338,      3.4953,      0.1973,      0.1634,     93.7081,      0.1915,      5.6795,     11.3590,      1.6922,     29.4807,     58.9614,      0.0196,      0.0045,      0.2500,      0.2130,   8000.1699,-502096.4688,   -928.5352,    554.8460,  26667.2344,
       1,     170,     286,      13,       1,       3,       1,     10.0000,      1.4164,     42.8446,    252.8552,     63.6338,      3.4953,      0.1988,      0.1645,    113.8656,      0.2026,      5.6795,     11.3590,      1.7904,     29.4807,     58.9614,      0.0196,      0.0055,      0.2500,      0.2129,   8000.1704,-539659.6250,   -937.9484,    552.2486,  26667.2344,
       1,     170,     286,      14,       1,       3,       1,     10.0000,      1.4164,     42.8446,    252.8552,     63.6338,      3.4953,      0.1940,      0.1596,    117.4855,      0.2052,      5.6795,     11.3590,      1.8135,     29.4807,     58.9614,      0.0196,      0.0058,      0.2427,      0.2129,   8000.1704,-566932.9375,   -945.3938,    550.3719,  26667.2344,
       1,     170,     286,      15,       1,       3,       1,     10.0000,      1.4164,     42.8446,    252.8552,     63.6338,      3.4953,      0.1886,      0.1541,    120.1412,      0.2104,      5.6795,     11.3590,      1.8588,     29.4807,     58.9614,      0.0196,      0.0062,      0.2348,      0.2128,   8000.1704,-573544.8750,   -948.6575,    549.9203,  26667.2324,
       1,     170,     286,      16,       1,       3,       1,     10.0000,      1.4164,     42.8446,    252.8552,     63.6338,      3.4953,      0.1624,      0.1290,     49.4525,      0.1741,      5.6795,     11.3590,      1.5380,     29.4807,     58.9614,      0.0196,      0.0029,      0.2049,      0.2128,   8000.1699,-577274.3125,   -941.2637,    549.6641,  26666.9844,
       1,     170,     286,      17,       1,       3,       1,     10.0000,      1.4164,     42.8446,    252.8552,     63.6338,      3.4953,      0.1339,      0.1016,      4.4951,      0.1422,      5.6795,     11.3590,      1.2568,     29.4807,     58.9614,      0.0196,      0.0003,      0.1694,      0.2128,   8000.0957,-492935.0938,   -924.5765,    555.4590,  26667.1172,
       1,     170,     286,      18,       1,       3,       1,     10.0000,      1.4164,     42.8446,    252.8552,     63.6338,      3.4953,      0.1261,      0.0938,      9.7474,      0.1431,      5.6795,     11.3590,      1.2644,     29.4807,     58.9614,      0.0196,      0.0007,      0.1578,      0.2129,   8000.1353,-432206.8750,   -913.9971,    559.7061,  26667.2344,
       1,     170,     286,      19,       1,       3,       1,     10.0000,      1.4164,     42.8446,    252.8552,     63.6338,      3.4953,      0.0308,     -0.0012,      1.2763,      0.1366,      5.6795,     11.3590,      1.2069,     29.4807,     58.9614,      0.0196,      0.0006,      0.0238,      0.2130,   8000.1704,-433411.3438,   -912.7869,    559.6381,  26667.2324,
       1,     170,     286,      20,       1,       3,       1,     10.0000,      1.4164,     42.8446,    252.8552,     63.6338,      3.4953,      0.0006,     -0.0311,      0.3142,      0.1253,      5.6795,     11.3590,      1.1069,     29.4807,     58.9614,      0.0196,      0.0002,      0.0156,      0.2130,   8000.1699,-423368.0312,   -910.6289,    560.3407,  26667.2324,
       1,     170,     286,      21,       1,       3,       1,     10.0000,      1.4164,     42.8446,    252.8552,     63.6338,      3.4953,      0.0000,     -0.0316,      0.2974,      0.1253,      5.6795,     11.3590,      1.1069,     29.4807,     58.9614,      0.0196,      0.0002,      0.0156,      0.2130,   8000.1699,-421379.1875,   -910.2725,    560.4805,  26667.2324,
       1,     170,     286,      22,       1,       3,       1,     10.0000,      1.4164,     42.8446,    252.8552,     63.6338,      3.4953,      0.0000,     -0.0317,      0.3019,      0.1269,      5.6795,     11.3590,      1.1217,     29.4807,     58.9614,      0.0196,      0.0002,      0.0156,      0.2130,   8000.1699,-421192.0312,   -910.2401,    560.4936,  26667.2324,
       1,     170,     286,      23,       1,       3,       1,     10.0000,      1.4164,     42.8446,    252.8552,     63.6338,      3.4953,      0.0000,     -0.0316,      0.2984,      0.1256,      5.6795,     11.3590,      1.1103,     29.4807,     58.9614,      0.0196,      0.0002,      0.0156,      0.2130,   8000.1699,-421181.8125,   -910.2399,    560.4943,  26667.2324,
       1,     170,     286,      24,       1,       3,       1,     10.0000,      1.4164,     42.8446,    252.8552,     63.6338,      3.4953,      0.0000,     -0.0316,      0.2977,      0.1254,      5.6795,     11.3590,      1.1080,     29.4807,     58.9614,      0.0196,      0.0002,      0.0156,      0.2130,   8000.1699,-421176.7188,   -910.2401,    560.4947,  26667.2344,
       1,     170,     287,       1,       1,       3,       1,     10.0000,      1.4164,     42.8449,    252.8612,     63.6353,      3.4953,      0.0000,     -0.0317,      0.3012,      0.1267,      5.6789,     11.3579,      1.1194,     29.4832,     58.9665,      0.0196,      0.0002,      0.0156,      0.2130,   8000.1704,-421330.2812,   -910.5300,    560.4971,  26668.4238,
       1,     170,     287,       2,       1,       3,       1,     10.0000,      1.4164,     42.8449,    252.8612,     63.6353,      3.4953,      0.0000,     -0.0317,      0.3009,      0.1266,      5.6789,     11.3579,      1.1183,     29.4832,     58.9665,      0.0196,      0.0002,      0.0156,      0.2130,   8000.5273,-421195.4062,   -910.2516,    560.5066,  26668.4238,
       1,     170,     287,       3,       1,       3,       1,     10.0000,      1.4164,     42.8449,    252.8612,     63.6353,      3.4953,      0.0000,     -0.0317,      0.4650,      0.1271,      5.6789,     11.3579,      1.1228,     29.4832,     58.9665,      0.0196,      0.0004,      0.0156,      0.2130,   8000.5273,-421183.5938,   -910.2509,    560.5074,  26668.4238,
       1,     170,     287,       4,       1,       3,       1,     10.0000,      1.4164,     42.8449,    252.8612,     63.6353,      3.4953,      0.0000,     -0.0317,      0.4728,      0.1272,      5.6789,     11.3579,      1.1240,     29.4832,     58.9665,      0.0196,      0.0004,      0.0156,      0.2130,   8000.5273,-421378.7812,   -910.3106,    560.4937,  26668.4238,
       1,     170,     287,       5,       1,       3,       1,     10.0000,      1.4164,     42.8449,    252.8612,     63.6353,      3.4953,      0.0000,     -0.0318,      0.5566,      0.1288,      5.6789,     11.3579,      1.1378,     29.4832,     58.9665,      0.0196,      0.0004,      0.0156,      0.2130,   8000.5273,-421404.3750,   -910.3395,    560.4919,  26668.4258,
       1,     170,     287,       6,       1,       3,       1,     10.0000,      1.4164,     42.8449,    252.8612,     63.6353,      3.4953,      0.0000,     -0.0318,      0.6001,      0.1286,      5.6789,     11.3579,      1.1367,     29.4832,     58.9665,      0.0196,      0.0005,      0.0156,      0.2130,   8000.5278,-421506.5625,   -910.3923,    560.4848,  26668.4219,
       1,     170,     287,       7,       1,       3,       1,     10.0000,      1.4164,     42.8449,    252.8612,     63.6353,      3.4953,      0.0000,     -0.0317,      0.7438,      0.1280,      5.6789,     11.3579,      1.1309,     29.4832,     58.9665,      0.0196,      0.0006,      0.0156,      0.2130,   8000.5269,-421567.5625,   -910.4466,    560.4805,  26668.4238,
       1,     170,     287,       8,       1,       3,       1,     10.0000,      1.4164,     42.8449,    252.8612,     63.6353,      3.4953,      0.0087,     -0.0230,      0.6887,      0.1293,      5.6789,     11.3579,      1.1425,     29.4832,     58.9665,      0.0196,      0.0005,      0.0156,      0.2130,   8000.5273,-421744.0938,   -910.5389,    560.4681,  26668.4238,
       1,     170,     287,       9,       1,       3,       1,     10.0000,      1.4164,     42.8449,    252.8612,     63.6353,      3.4953,      0.0701,      0.0382,      4.5132,      0.1337,      5.6789,     11.3579,      1.1814,     29.4832,     58.9665,      0.0196,      0.0007,      0.0792,      0.2130,   8000.5273,-421693.0000,   -910.6052,    560.4716,  26668.4258,
       1,     170,     287,      10,       1,       3,       1,     10.0000,      1.4164,     42.8449,    252.8612,     63.6353,      3.4953,      0.1795,      0.1468,     34.7647,      0.1523,      5.6789,     11.3579,      1.3461,     29.4832,     58.9665,      0.0196,      0.0018,      0.2307,      0.2130,   8000.5278,-426258.4062,   -911.7113,    560.1519,  26668.4258,
       1,     170,     287,      11,       1,       3,       1,     10.0000,      1.4164,     42.8449,    252.8612,     63.6353,      3.4953,      0.1926,      0.1594,     61.4209,      0.1689,      5.6789,     11.3579,      1.4927,     29.4832,     58.9665,      0.0196,      0.0030,      0.2466,      0.2130,   8000.5278,-462790.0000,   -919.6282,    557.5941,  26668.4238,
       1,     170,     287,      12,       1,       3,       1,     10.0000,      1.4164,     42.8449,    252.8612,     63.6353,      3.4953,      0.1966,      0.1628,     83.6224,      0.1853,      5.6789,     11.3579,      1.6377,     29.4832,     58.9665,      0.0196,      0.0040,      0.2500,      0.2130,   8000.5273,-497731.3125,   -927.7573,    555.1645,  26668.4258,
       1,     170,     287,      13,       1,       3,       1,     10.0000,      1.4164,     42.8449,    252.8612,     63.6353,      3.4953,      0.1968,      0.1625,    102.6261,      0.2020,      5.6789,     11.3579,      1.7851,     29.4832,     58.9665,      0.0196,      0.0050,      0.2483,      0.2129,   8000.5278,-527214.3750,   -935.4700,    553.1237,  26668.4238,
       1,     170,     287,      14,       1,       3,       1,     10.0000,      1.4164,     42.8449,    252.8612,     63.6353,      3.4953,      0.1706,      0.1370,     53.8479,      0.1806,      5.6789,     11.3579,      1.5959,     29.4832,     58.9665,      0.0196,      0.0030,      0.2161,      0.2129,   8000.5273,-552421.5000,   -936.6916,    551.3847,  26668.4258,
       1,     170,     287,      15,       1,       3,       1,     10.0000,      1.4164,     42.8449,    252.8612,     63.6353,      3.4953,      0.1941,      0.1603,     51.6137,      0.1857,      5.6789,     11.3579,      1.6409,     29.4832,     58.9665,      0.0196,      0.0025,      0.2500,      0.2129,   8000.5278,-496125.7500,   -927.7967,    555.2675,  26668.4238,
       1,     170,     287,      16,       1,       3,       1,     10.0000,      1.4164,     42.8449,    252.8612,     63.6353,      3.4953,      0.1511,      0.1173,     41.5096,      0.1848,      5.6789,     11.3579,      1.6328,     29.4832,     58.9665,      0.0196,      0.0026,      0.1896,      0.2129,   8000.5273,-488801.5625,   -928.8994,    555.7896,  26668.4219,
       1,     170,     287,      17,       1,       3,       1,     10.0000,      1.4164,     42.8449,    252.8612,     63.6353,      3.4953,      0.0709,      0.0378,     14.8406,      0.1647,      5.6789,     11.3579,      1.4558,     29.4832,     58.9665,      0.0196,      0.0023,      0.0782,      0.2129,   8000.5269,-476090.1250,   -921.3969,    556.6729,  26668.4238,
       1,     170,     287,      18,       1,       3,       1,     10.0000,      1.4164,     42.8449,    252.8612,     63.6353,      3.4953,      0.0225,     -0.0100,      1.3010,      0.1496,      5.6789,     11.3579,      1.3219,     29.4832,     58.9665,      0.0196,      0.0014,      0.0114,      0.2130,   8000.5273,-443139.5000,   -915.9658,    558.9665,  26668.4238,
       1,     170,     287,      19,       1,       3,       1,     10.0000,      1.4164,     42.8449,    252.8612,     63.6353,      3.4953,      0.0060,     -0.0265,      1.6532,      0.1469,      5.6789,     11.3579,      1.2981,     29.4832,     58.9665,      0.0196,      0.0013,      0.0156,      0.2130,   8000.5273,-424217.3438,   -910.8773,    560.2933,  26668.4238,
       1,     170,     287,      20,       1,       3,       1,     10.0000,      1.4164,     42.8449,    252.8612,     63.6353,      3.4953,      0.0006,     -0.0316,      1.0526,      0.1391,      5.6789,     11.3579,      1.2291,     29.4832,     58.9665,      0.0196,      0.0008,      0.0156,      0.2130,   8000.5273,-423054.3750,   -910.6174,    560.3763,  26668.4238,
       1,     170,     287,      21,       1,       3,       1,     10.0000,      1.4164,     42.8449,    252.8612,     63.6353,      3.4953,      0.0000,     -0.0320,      0.5366,      0.1347,      5.6789,     11.3579,      1.1899,     29.4832,     58.9665,      0.0196,      0.0004,      0.0156,      0.2130,   8000.5273,-422237.5000,   -910.3638,    560.4336,  26668.4219,
       1,     170,     287,      22,       1,       3,       1,     10.0000,      1.4164,     42.8449,    252.8612,     63.6353,      3.4953,      0.0000,     -0.0321,      0.4945,      0.1370,      5.6789,     11.3579,      1.2106,     29.4832,     58.9665,      0.0196,      0.0004,      0.0156,      0.2130,   8000.5269,-421552.8438,   -910.2714,    560.4815,  26668.4238,
       1,     170,     287,      23,       1,       3,       1,     10.0000,      1.4164,     42.8449,    252.8612,     63.6353,      3.4953,      0.0000,     -0.0320,      0.4532,      0.1345,      5.6789,     11.3579,      1.1887,     29.4832,     58.9665,      0.0196,      0.0004,      0.0156,      0.2130,   8000.5273,-421444.9375,   -910.2738,    560.4891,  26668.4238,
       1,     170,     287,      24,       1,       3,       1,     10.0000,      1.4164,     42.8449,    252.8612,     63.6353,      3.4953,      0.0000,     -0.0319,      0.3360,      0.1330,      5.6789,     11.3579,      1.1755,     29.4832,     58.9665,      0.0196,      0.0003,      0.0156,      0.2130,   8000.5273,-421386.4688,   -910.2809,    560.4931,  26668.4238,
       1,     170,     288,       1,       1,       3,       1,     10.0000,      1.4164,     42.8453,    252.8671,     63.6368,      3.4953,      0.0000,     -0.0319,      0.3185,      0.1330,      5.6801,     11.3602,      1.1755,     29.4791,     58.9582,      0.0196,      0.0002,      0.0156,      0.2130,   8000.5273,-421396.6875,   -910.5475,    560.5057,  26669.6113,
       1,     170,     288,       2,       1,       3,       1,     10.0000,      1.4164,     42.8453,    252.8671,     63.6368,      3.4953,      0.0000,     -0.0320,      0.4080,      0.1337,      5.6801,     11.3602,      1.1815,     29.4791,     58.9582,      0.0196,      0.0003,      0.0156,      0.2130,   8000.8838,-421224.8438,   -910.2625,    560.5178,  26669.6113,
       1,     170,     288,       3,       1,       3,       1,     10.0000,      1.4164,     42.8453,    252.8671,     63.6368,      3.4953,      0.0000,     -0.0320,      0.3753,      0.1353,      5.6801,     11.3602,      1.1960,     29.4791,     58.9582,      0.0196,      0.0003,      0.0156,      0.2130,   8000.8838,-421317.3125,   -910.2923,    560.5114,  26669.6113,
       1,     170,     288,       4,       1,       3,       1,     10.0000,      1.4164,     42.8453,    252.8671,     63.6368,      3.4953,      0.0000,     -0.0320,      0.3635,      0.1356,      5.6801,     11.3602,      1.1984,     29.4791,     58.9582,      0.0196,      0.0003,      0.0156,      0.2130,   8000.8838,-421285.8750,   -910.2946,    560.5135,  26669.6133,
       1,     170,     288,       5,       1,       3,       1,     10.0000,      1.4164,     42.8453,    252.8671,     63.6368,      3.4953,      0.0000,     -0.0320,      0.3280,      0.1347,      5.6801,     11.3602,      1.1899,     29.4791,     58.9582,      0.0196,      0.0003,      0.0156,      0.2130,   8000.8843,-421269.0312,   -910.2981,    560.5147,  26669.6113,
       1,     170,     288,       6,       1,       3,       1,     10.0000,      1.4164,     42.8453,    252.8671,     63.6368,      3.4953,      0.0000,     -0.0319,      0.4393,      0.1318,      5.6801,     11.3602,      1.1648,     29.4791,     58.9582,      0.0196,      0.0003,      0.0156,      0.2130,   8000.8838,-421225.4062,   -910.2924,    560.5178,  26669.6094,
       1,     170,     288,       7,       1,       3,       1,     10.0000,      1.4164,     42.8453,    252.8671,     63.6368,      3.4953,      0.0000,     -0.0318,      0.6060,      0.1301,      5.6801,     11.3602,      1.1495,     29.4791,     58.9582,      0.0196,      0.0005,      0.0156,      0.2130,   8000.8833,-421355.0625,   -910.3349,    560.5087,  26669.6113,
       1,     170,     288,       8,       1,       3,       1,     10.0000,      1.4164,     42.8453,    252.8671,     63.6368,      3.4953,      0.0181,     -0.0138,      0.1755,      0.1310,      5.6801,     11.3602,      1.1577,     29.4791,     58.9582,      0.0196,      0.0003,      0.0061,      0.2130,   8000.8838,-421564.7812,   -910.4130,    560.4940,  26669.6113,
       1,     170,     288,       9,       1,       3,       1,     10.0000,      1.4164,     42.8453,    252.8671,     63.6368,      3.4953,      0.1517,      0.1192,     17.5137,      0.1479,      5.6801,     11.3602,      1.3073,     29.4791,     58.9582,      0.0196,      0.0011,      0.1932,      0.2130,   8000.8838,-421067.9375,   -910.3875,    560.5287,  26669.6113,
       1,     170,     288,      10,       1,       3,       1,     10.0000,      1.4164,     42.8453,    252.8671,     63.6368,      3.4953,      0.1847,      0.1515,     48.6163,      0.1677,      5.6801,     11.3602,      1.4823,     29.4791,     58.9582,      0.0196,      0.0025,      0.2367,      0.2130,   8000.8838,-441740.9062,   -914.8635,    559.0803,  26669.6113,
       1,     170,     288,      11,       1,       3,       1,     10.0000,      1.4164,     42.8453,    252.8671,     63.6368,      3.4953,      0.1960,      0.1622,     75.5535,      0.1864,      5.6801,     11.3602,      1.6475,     29.4791,     58.9582,      0.0196,      0.0036,      0.2500,      0.2130,   8000.8838,-480646.0625,   -923.4228,    556.3633,  26669.6113,
       1,     170,     288,      12,       1,       3,       1,     10.0000,      1.4164,     42.8453,    252.8671,     63.6368,      3.4953,      0.1975,      0.1632,     97.0179,      0.2036,      5.6801,     11.3602,      1.7993,     29.4791,     58.9582,      0.0196,      0.0047,      0.2500,      0.2130,   8000.8838,-516123.7812,   -932.0284,    553.9026,  26669.6133,
       1,     170,     288,      13,       1,       3,       1,     10.0000,      1.4164,     42.8453,    252.8671,     63.6368,      3.4953,      0.1993,      0.1645,    122.9137,      0.2201,      5.6801,     11.3602,      1.9450,     29.4791,     58.9582,      0.0196,      0.0059,      0.2499,      0.2129,   8000.8843,-544771.8750,   -937.1084,    551.9245,  26669.6113,
       1,     170,     288,      14,       1,       3,       1,     10.0000,      1.4164,     42.8453,    252.8671,     63.6368,      3.4953,      0.1992,      0.1643,    124.9254,      0.2265,      5.6801,     11.3602,      2.0011,     29.4791,     58.9582,      0.0196,      0.0060,      0.2496,      0.2129,   8000.8838,-578161.1250,   -946.1997,    549.6244,  26669.6113,
       1,     170,     288,      15,       1,       3,       1,     10.0000,      1.4164,     42.8453,    252.8671,     63.6368,      3.4953,      0.2003,      0.1650,    141.2410,      0.2390,      5.6801,     11.3602,      2.1118,     29.4791,     58.9582,      0.0196,      0.0068,      0.2495,      0.2129,   8000.8838,-583364.8125,   -949.8300,    549.2717,  26669.6113,
       1,     170,     288,      16,       1,       3,       1,     10.0000,      1.4164,     42.8453,    252.8671,     63.6368,      3.4953,      0.1972,      0.1619,    139.5663,      0.2388,      5.6801,     11.3602,      2.1097,     29.4791,     58.9582,      0.0196,      0.0069,      0.2452,      0.2128,   8000.8838,-603335.0000,   -956.2209,    547.9007,  26669.6094,
       1,     170,     288,      17,       1,       3,       1,     10.0000,      1.4164,     42.8453,    252.8671,     63.6368,      3.4953,      0.1900,      0.1549,    137.9915,      0.2323,      5.6801,     11.3602,      2.0528,     29.4791,     58.9582,      0.0196,      0.0071,      0.2349,      0.2128,   8000.8833,-602999.9375,   -958.3140,    547.9254,  26669.6133,
       1,     170,     288,      18,       1,       3,       1,     10.0000,      1.4164,     42.8453,    252.8671,     63.6368,      3.4953,      0.1697,      0.1351,    104.9201,      0.2158,      5.6801,     11.3602,      1.9071,     29.4791,     58.9582,      0.0196,      0.0060,      0.2093,      0.2128,   8000.8843,-601082.4375,   -959.6639,    548.0568,  26669.6094,
       1,     170,     288,      19,       1,       3,       1,     10.0000,      1.4164,     42.8453,    252.8671,     63.6368,      3.4953,      0.0655,      0.0317,     23.1672,      0.1872,      5.6801,     11.3602,      1.6541,     29.4791,     58.9582,      0.0196,      0.0040,      0.0690,      0.2128,   8000.8833,-561299.4375,   -953.1591,    550.7822,  26669.6133,
       1,     170,     288,      20,       1,       3,       1,     10.0000,      1.4164,     42.8453,    252.8671,     63.6368,      3.4953,      0.0013,     -0.0318,      3.2123,      0.1646,      5.6801,     11.3602,      1.4543,     29.4791,     58.9582,      0.0196,      0.0025,      0.0156,      0.2129,   8000.8843,-460122.0938,   -933.9689,    557.7548,  26669.6113,
       1,     170,     288,      21,       1,       3,       1,     10.0000,      1.4164,     42.8453,    252.8671,     63.6368,      3.4953,      0.0000,     -0.0327,      2.4117,      0.1548,      5.6801,     11.3602,      1.3680,     29.4791,     58.9582,      0.0196,      0.0019,      0.0156,      0.2130,   8000.8838,-427964.5938,   -927.8351,    560.0411,  26669.6133,
       1,     170,     288,      22,       1,       3,       1,     10.0000,      1.4164,     42.8453,    252.8671,     63.6368,      3.4953,      0.0000,     -0.0326,      1.7627,      0.1499,      5.6801,     11.3602,      1.3246,     29.4791,     58.9582,      0.0196,      0.0014,      0.0156,      0.2130,   8000.8843,-424280.5625,   -927.1705,    560.3036,  26669.6113,
       1,     170,     288,      23,       1,       3,       1,     10.0000,      1.4164,     42.8453,    252.8671,     63.6368,      3.4953,      0.0000,     -0.0325,      1.7292,      0.1481,      5.6801,     11.3602,      1.3087,     29.4791,     58.9582,      0.0196,      0.0013,      0.0156,      0.2130,   8000.8838,-423191.6875,   -926.9908,    560.3799,  26669.6113,
       1,     170,     288,      24,       1,       3,       1,     10.0000,      1.4164,     42.8453,    252.8671,     63.6368,      3.4953,      0.0000,     -0.0324,      1.4321,      0.1456,      5.6801,     11.3602,      1.2864,     29.4791,     58.9582,      0.0196,      0.0011,      0.0156,      0.2130,   8000.8838,-423060.4688,   -927.0026,    560.3892,  26669.6113,
       1,     170,     289,       1,       1,       3,       1,     10.0000,      1.4165,     42.8456,    252.8730,     63.6382,      3.4953,      0.0000,     -0.0324,      1.4704,      0.1447,      5.6787,     11.3573,      1.2786,     29.4871,     58.9742,      0.0196,      0.0011,      0.0156,      0.2131,   8000.8838,-422849.6562,   -927.2700,    560.4171,  26670.8027,
       1,     170,     289,       2,       1,       3,       1,     10.0000,      1.4165,     42.8456,    252.8730,     63.6382,      3.4953,      0.0000,     -0.0322,      1.0832,      0.1399,      5.6787,     11.3573,      1.2367,     29.4871,     58.9742,      0.0196,      0.0008,      0.0156,      0.2131,   8001.2412,-422725.5625,   -927.0006,    560.4257,  26670.8027,
       1,     170,     289,       3,       1,       3,       1,     10.0000,      1.4165,     42.8456,    252.8730,     63.6382,      3.4953,      0.0000,     -0.0322,      1.2732,      0.1395,      5.6787,     11.3573,      1.2329,     29.4871,     58.9742,      0.0196,      0.0010,      0.0156,      0.2131,   8001.2412,-422252.6250,   -926.9301,    560.4588,  26670.8027,
       1,     170,     289,       4,       1,       3,       1,     10.0000,      1.4165,     42.8456,    252.8730,     63.6382,      3.4953,      0.0000,     -0.0321,      1.0059,      0.1367,      5.6787,     11.3573,      1.2082,     29.4871,     58.9742,      0.0196,      0.0008,      0.0156,      0.2131,   8001.2412,-422440.1562,   -926.9912,    560.4457,  26670.8047,
       1,     170,     289,       5,       1,       3,       1,     10.0000,      1.4165,     42.8456,    252.8730,     63.6382,      3.4953,      0.0000,     -0.0320,      0.8732,      0.1341,      5.6787,     11.3573,      1.1851,     29.4871,     58.9742,      0.0196,      0.0007,      0.0156,      0.2131,   8001.2417,-422136.1875,   -926.9487,    560.4670,  26670.8027,
       1,     170,     289,       6,       1,       3,       1,     10.0000,      1.4165,     42.8456,    252.8730,     63.6382,      3.4953,      0.0000,     -0.0318,      0.5689,      0.1288,      5.6787,     11.3573,      1.1379,     29.4871,     58.9742,      0.0196,      0.0004,      0.0156,      0.2131,   8001.2412,-421952.4062,   -926.9289,    560.4799,  26670.8047,
       1,     170,     289,       7,       1,       3,       1,     10.0000,      1.4165,     42.8456,    252.8730,     63.6382,      3.4953,      0.0000,     -0.0317,      0.3523,      0.1259,      5.6787,     11.3573,      1.1126,     29.4871,     58.9742,      0.0196,      0.0003,      0.0156,      0.2131,   8001.2417,-421573.2812,   -926.8635,    560.5065,  26670.8047,
       1,     170,     289,       8,       1,       3,       1,     10.0000,      1.4165,     42.8456,    252.8730,     63.6382,      3.4953,      0.0196,     -0.0121,      0.2054,      0.1272,      5.6787,     11.3573,      1.1240,     29.4871,     58.9742,      0.0196,      0.0003,      0.0085,      0.2131,   8001.2417,-421282.8125,   -926.8098,    560.5268,  26670.8008,
       1,     170,     289,       9,       1,       3,       1,     10.0000,      1.4165,     42.8456,    252.8730,     63.6382,      3.4953,      0.1411,      0.1082,     31.5784,      0.1581,      5.6787,     11.3573,      1.3972,     29.4871,     58.9742,      0.0196,      0.0022,      0.1765,      0.2131,   8001.2407,-421083.5625,   -926.7834,    560.5408,  26670.8027,
       1,     170,     289,      10,       1,       3,       1,     10.0000,      1.4165,     42.8456,    252.8730,     63.6382,      3.4953,      0.1833,      0.1497,     67.4749,      0.1799,      5.6787,     11.3573,      1.5896,     29.4871,     58.9742,      0.0196,      0.0035,      0.2327,      0.2131,   8001.2412,-458544.5000,   -934.3715,    557.9160,  26670.8027,
       1,     170,     289,      11,       1,       3,       1,     10.0000,      1.4165,     42.8456,    252.8730,     63.6382,      3.4953,      0.1966,      0.1626,     84.9625,      0.1948,      5.6787,     11.3573,      1.7211,     29.4871,     58.9742,      0.0196,      0.0041,      0.2500,      0.2130,   8001.2412,-504599.6250,   -943.9222,    554.7103,  26670.8008,
       1,     170,     289,      12,       1,       3,       1,     10.0000,      1.4165,     42.8456,    252.8730,     63.6382,      3.4953,      0.2000,      0.1651,    131.6581,      0.2258,      5.6787,     11.3573,      1.9953,     29.4871,     58.9742,      0.0196,      0.0063,      0.2500,      0.2130,   8001.2407,-529380.0000,   -949.4763,    553.0012,  26670.8008,
       1,     170,     289,      13,       1,       3,       1,     10.0000,      1.4165,     42.8456,    252.8730,     63.6382,      3.4953,      0.1987,      0.1632,    173.3221,      0.2473,      5.6787,     11.3573,      2.1852,     29.4871,     58.9742,      0.0196,      0.0086,      0.2437,      0.2129,   8001.2407,-587316.0000,   -961.8163,    548.9991,  26670.8027,
       1,     170,     289,      14,       1,       3,       1,     10.0000,      1.4165,     42.8456,    252.8730,     63.6382,      3.4953,      0.1937,      0.1580,    183.3279,      0.2556,      5.6787,     11.3573,      2.2588,     29.4871,     58.9742,      0.0196,      0.0094,      0.2355,      0.2129,   8001.2412,-642088.8750,   -973.7250,    545.2547,  26670.8027,
       1,     170,     289,      15,       1,       3,       1,     10.0000,      1.4165,     42.8456,    252.8730,     63.6382,      3.4953,      0.1940,      0.1583,    175.5335,      0.2574,      5.6787,     11.3573,      2.2742,     29.4871,     58.9742,      0.0196,      0.0089,      0.2369,      0.2128,   8001.2412,-658682.5625,   -978.0601,    544.1364,  26670.8008,
       1,     170,     289,      16,       1,       3,       1,     10.0000,      1.4165,     42.8456,    252.8730,     63.6382,      3.4953,      0.1904,      0.1545,    181.7078,      0.2632,      5.6787,     11.3573,      2.3256,     29.4871,     58.9742,      0.0196,      0.0095,      0.2310,      0.2127,   8001.2407,-650711.9375,   -977.4034,    544.6797,  26670.8047,
       1,     170,     289,      17,       1,       3,       1,     10.0000,      1.4165,     42.8456,    252.8730,     63.6382,      3.4953,      0.1880,      0.1523,    168.3989,      0.2561,      5.6787,     11.3573,      2.2632,     29.4871,     58.9742,      0.0196,      0.0089,      0.2289,      0.2127,   8001.2417,-657447.5625,   -979.6509,    544.2214,  26670.8008,
       1,     170,     289,      18,       1,       3,       1,     10.0000,      1.4165,     42.8456,    252.8730,     63.6382,      3.4953,      0.1360,      0.1032,     25.0214,      0.1580,      5.6787,     11.3573,      1.3958,     29.4871,     58.9742,      0.0196,      0.0018,      0.1700,      0.2127,   8001.2407,-642051.3750,   -953.3498,    545.2689,  26670.4590,
       1,     170,     289,      19,       1,       3,       1,     10.0000,      1.4165,     42.8456,    252.8730,     63.6382,      3.4953,      0.0170,     -0.0151,      0.0922,      0.1363,      5.6787,     11.3573,      1.2045,     29.4871,     58.9742,      0.0196,      0.0003,      0.0043,      0.2128,   8001.1382,-468915.1250,   -919.6611,    557.0707,  26670.7305,
       1,     170,     289,      20,       1,       3,       1,     10.0000,      1.4165,     42.8456,    252.8730,     63.6382,      3.4953,      0.0006,     -0.0315,      0.4718,      0.1363,      5.6787,     11.3573,      1.2045,     29.4871,     58.9742,      0.0196,      0.0004,      0.0156,      0.2130,   8001.2192,-425075.1250,   -911.7087,    560.2520,  26670.8047,
       1,     170,     289,      21,       1,       3,       1,     10.0000,      1.4165,     42.8456,    252.8730,     63.6382,      3.4953,      0.0000,     -0.0323,      1.2190,      0.1431,      5.6787,     11.3573,      1.2645,     29.4871,     58.9742,      0.0196,      0.0009,      0.0156,      0.2131,   8001.2417,-421729.5625,   -911.1032,    560.4954,  26670.8047,
       1,     170,     289,      22,       1,       3,       1,     10.0000,      1.4165,     42.8456,    252.8730,     63.6382,      3.4953,      0.0000,     -0.0323,      0.8409,      0.1419,      5.6787,     11.3573,      1.2543,     29.4871,     58.9742,      0.0196,      0.0006,      0.0156,      0.2131,   8001.2417,-422331.4375,   -911.3255,    560.4534,  26670.8047,
       1,     170,     289,      23,       1,       3,       1,     10.0000,      1.4165,     42.8456,    252.8730,     63.6382,      3.4953,      0.0000,     -0.0323,      0.6424,      0.1422,      5.6787,     11.3573,      1.2569,     29.4871,     58.9742,      0.0196,      0.0005,      0.0156,      0.2131,   8001.2417,-421930.0000,   -911.2934,    560.4815,  26670.8066,
       1,     170,     289,      24,       1,       3,       1,     10.0000,      1.4165,     42.8456,    252.8730,     63.6382,      3.4953,      0.0000,     -0.0323,      0.7437,      0.1417,      5.6787,     11.3573,      1.2518,     29.4871,     58.9742,      0.0196,      0.0006,      0.0156,      0.2131,   8001.2422,-421659.0312,   -911.2734,    560.5004,  26670.8047,
       1,     170,     290,       1,       1,       3,       1,     10.0000,      1.4165,     42.8459,    252.8790,     63.6397,      3.4953,      0.0000,     -0.0322,      0.9835,      0.1405,      5.6791,     11.3582,      1.2417,     29.4924,     58.9848,      0.0196,      0.0008,      0.0156,      0.2131,   8001.2417,-421912.5625,   -911.6341,    560.4958,  26671.9961,
       1,     170,     290,       2,       1,       3,       1,     10.0000,      1.4165,     42.8459,    252.8790,     63.6397,      3.4953,      0.0000,     -0.0320,      0.4817,      0.1355,      5.6791,     11.3582,      1.1972,     29.4924,     58.9848,      0.0196,      0.0004,      0.0156,      0.2131,   8001.5991,-422068.1875,   -911.4764,    560.4849,  26671.9941,
       1,     170,     290,       3,       1,       3,       1,     10.0000,      1.4165,     42.8459,    252.8790,     63.6397,      3.4953,      0.0000,     -0.0321,      0.3980,      0.1370,      5.6791,     11.3582,      1.2107,     29.4924,     58.9848,      0.0196,      0.0003,      0.0156,      0.2131,   8001.5986,-421481.9688,   -911.3857,    560.5259,  26671.9961,
       1,     170,     290,       4,       1,       3,       1,     10.0000,      1.4165,     42.8459,    252.8790,     63.6397,      3.4953,      0.0000,     -0.0320,      0.3348,      0.1344,      5.6791,     11.3582,      1.1875,     29.4924,     58.9848,      0.0196,      0.0003,      0.0156,      0.2131,   8001.5991,-421332.8125,   -910.1077,    560.5364,  26671.9941,
       1,     170,     290,       5,       1,       3,       1,     10.0000,      1.4165,     42.8459,    252.8790,     63.6397,      3.4953,      0.0000,     -0.0320,      0.3406,      0.1347,      5.6791,     11.3582,      1.1899,     29.4924,     58.9848,      0.0196,      0.0003,      0.0156,      0.2131,   8001.5986,-421244.9062,   -910.0951,    560.5426,  26671.9961,
       1,     170,     290,       6,       1,       3,       1,     10.0000,      1.4165,     42.8459,    252.8790,     63.6397,      3.4953,      0.0000,     -0.0320,      0.3314,      0.1359,      5.6791,     11.3582,      1.2009,     29.4924,     58.9848,      0.0196,      0.0003,      0.0156,      0.2131,   8001.5991,-421244.3438,   -910.0983,    560.5427,  26671.9961,
       1,     170,     290,       7,       1,       3,       1,     10.0000,      1.4165,     42.8459,    252.8790,     63.6397,      3.4953,      0.0000,     -0.0321,      0.3306,      0.1374,      5.6791,     11.3582,      1.2143,     29.4924,     58.9848,      0.0196,      0.0003,      0.0156,      0.2131,   8001.5991,-421233.3125,   -910.0987,    560.5434,  26671.9980,
       1,     170,     290,       8,       1,       3,       1,     10.0000,      1.4165,     42.8459,    252.8790,     63.6397,      3.4953,      0.0117,     -0.0203,      0.3215,      0.1341,      5.6791,     11.3582,      1.1851,     29.4924,     58.9848,      0.0196,      0.0002,      0.0156,      0.2131,   8001.5996,-421231.2500,   -910.0997,    560.5436,  26671.9961,
       1,     170,     290,       9,       1,       3,       1,     10.0000,      1.4165,     42.8459,    252.8790,     63.6397,      3.4953,      0.1348,      0.1024,     10.1051,      0.1446,      5.6791,     11.3582,      1.2774,     29.4924,     58.9848,      0.0196,      0.0007,      0.1701,      0.2131,   8001.5991,-421220.3438,   -910.1301,    560.5443,  26671.9961,
       1,     170,     290,      10,       1,       3,       1,     10.0000,      1.4165,     42.8459,    252.8790,     63.6397,      3.4953,      0.1655,      0.1327,     19.7389,      0.1556,      5.6791,     11.3582,      1.3749,     29.4924,     58.9848,      0.0196,      0.0011,      0.2126,      0.2131,   8001.5991,-432905.6250,   -912.7569,    559.7255,  26671.9961,
       1,     170,     290,      11,       1,       3,       1,     10.0000,      1.4165,     42.8459,    252.8790,     63.6397,      3.4953,      0.1761,      0.1428,     33.3759,      0.1706,      5.6791,     11.3582,      1.5078,     29.4924,     58.9848,      0.0196,      0.0018,      0.2262,      0.2131,   8001.5991,-445394.0000,   -915.8845,    558.8524,  26671.9941,
       1,     170,     290,      12,       1,       3,       1,     10.0000,      1.4165,     42.8459,    252.8790,     63.6397,      3.4953,      0.1124,      0.0790,     23.5992,      0.1751,      5.6791,     11.3582,      1.5474,     29.4924,     58.9848,      0.0196,      0.0021,      0.1363,      0.2131,   8001.5986,-462733.8750,   -920.2759,    557.6417,  26671.9941,
       1,     170,     290,      13,       1,       3,       1,     10.0000,      1.4165,     42.8459,    252.8790,     63.6397,      3.4953,      0.0813,      0.0480,     10.4667,      0.1699,      5.6791,     11.3582,      1.5017,     29.4924,     58.9848,      0.0196,      0.0014,      0.0934,      0.2131,   8001.5986,-452500.6250,   -919.1573,    558.3564,  26671.9961,
       1,     170,     290,      14,       1,       3,       1,     10.0000,      1.4165,     42.8459,    252.8790,     63.6397,      3.4953,      0.1031,      0.0696,     17.6413,      0.1744,      5.6791,     11.3582,      1.5413,     29.4924,     58.9848,      0.0196,      0.0017,      0.1237,      0.2131,   8001.5991,-435952.4062,   -916.5784,    559.5118,  26671.9961,
       1,     170,     290,      15,       1,       3,       1,     10.0000,      1.4165,     42.8459,    252.8790,     63.6397,      3.4953,      0.1374,      0.1037,     29.4689,      0.1821,      5.6791,     11.3582,      1.6087,     29.4924,     58.9848,      0.0196,      0.0021,      0.1713,      0.2131,   8001.5991,-443144.0000,   -918.5641,    559.0100,  26671.9961,
       1,     170,     290,      16,       1,       3,       1,     10.0000,      1.4165,     42.8459,    252.8790,     63.6397,      3.4953,      0.1599,      0.1261,     48.2092,      0.1866,      5.6791,     11.3582,      1.6492,     29.4924,     58.9848,      0.0196,      0.0029,      0.2014,      0.2131,   8001.5991,-457876.3125,   -922.2324,    557.9807,  26671.9961,
       1,     170,     290,      17,       1,       3,       1,     10.0000,      1.4165,     42.8459,    252.8790,     63.6397,      3.4953,      0.1176,      0.0840,     32.7170,      0.1815,      5.6791,     11.3582,      1.6039,     29.4924,     58.9848,      0.0196,      0.0028,      0.1427,      0.2131,   8001.5991,-481506.0938,   -927.7844,    556.3336,  26671.9961,
       1,     170,     290,      18,       1,       3,       1,     10.0000,      1.4165,     42.8459,    252.8790,     63.6397,      3.4953,      0.1037,      0.0705,     22.8742,      0.1666,      5.6791,     11.3582,      1.4720,     29.4924,     58.9848,      0.0196,      0.0022,      0.1241,      0.2130,   8001.5991,-464963.6250,   -925.4291,    557.4865,  26671.9961,
       1,     170,     290,      19,       1,       3,       1,     10.0000,      1.4165,     42.8459,    252.8790,     63.6397,      3.4953,      0.0500,      0.0170,      6.6048,      0.1605,      5.6791,     11.3582,      1.4184,     29.4924,     58.9848,      0.0196,      0.0016,      0.0495,      0.2131,   8001.5991,-451819.5000,   -923.4865,    558.4036,  26671.9980,
       1,     170,     290,      20,       1,       3,       1,     10.0000,      1.4165,     42.8459,    252.8790,     63.6397,      3.4953,      0.0015,     -0.0310,      0.8226,      0.1475,      5.6791,     11.3582,      1.3034,     29.4924,     58.9848,      0.0196,      0.0006,      0.0156,      0.2131,   8001.5996,-431280.9062,   -919.8958,    559.8380,  26671.9941,
       1,     170,     290,      21,       1,       3,       1,     10.0000,      1.4165,     42.8459,    252.8790,     63.6397,      3.4953,      0.0000,     -0.0324,      0.8162,      0.1450,      5.6791,     11.3582,      1.2813,     29.4924,     58.9848,      0.0196,      0.0006,      0.0156,      0.2131,   8001.5986,-422661.5625,   -918.3218,    560.4430,  26671.9961,
       1,     170,     290,      22,       1,       3,       1,     10.0000,      1.4165,     42.8459,    252.8790,     63.6397,      3.4953,      0.0000,     -0.0323,      0.7690,      0.1432,      5.6791,     11.3582,      1.2658,     29.4924,     58.9848,      0.0196,      0.0006,      0.0156,      0.2131,   8001.5991,-421931.4062,   -918.2194,    560.4944,  26671.9961,
       1,     170,     290,      23,       1,       3,       1,     10.0000,      1.4165,     42.8459,    252.8790,     63.6397,      3.4953,      0.0000,     -0.0322,      0.9069,      0.1407,      5.6791,     11.3582,      1.2430,     29.4924,     58.9848,      0.0196,      0.0007,      0.0156,      0.2131,   8001.5991,-421813.5000,   -918.2301,    560.5027,  26671.9961,
       1,     170,     290,      24,       1,       3,       1,     10.0000,      1.4165,     42.8459,    252.8790,     63.6397,      3.4953,      0.0000,     -0.0322,      0.8804,      0.1405,      5.6791,     11.3582,      1.2417,     29.4924,     58.9848,      0.0196,      0.0007,      0.0156,      0.2131,   8001.5991,-421968.4375,   -918.3040,    560.4919,  26671.9961,
       1,     170,     291,       1,       1,       3,       1,     10.0000,      1.4165,     42.8463,    252.8849,     63.6413,      3.4953,      0.0000,     -0.0322,      0.3692,      0.1402,      5.6806,     11.3612,      1.2392,     29.4856,     58.9712,      0.0196,      0.0003,      0.0156,      0.2131,   8001.5991,-422104.6875,   -918.6374,    560.4956,  26673.1875,
       1,     170,     291,       2,       1,       3,       1,     10.0000,      1.4165,     42.8463,    252.8849,     63.6413,      3.4953,      0.0000,     -0.0320,      0.3234,      0.1348,      5.6806,     11.3612,      1.1912,     29.4856,     58.9712,      0.0196,      0.0002,      0.0156,      0.2131,   8001.9565,-421353.3438,   -918.2375,    560.5483,  26673.1855,
       1,     170,     291,       3,       1,       3,       1,     10.0000,      1.4165,     42.8463,    252.8849,     63.6413,      3.4953,      0.0000,     -0.0319,      0.3174,      0.1326,      5.6806,     11.3612,      1.1720,     29.4856,     58.9712,      0.0196,      0.0002,      0.0156,      0.2131,   8001.9561,-421235.8750,   -918.2176,    560.5566,  26673.1855,
       1,     170,     291,       4,       1,       3,       1,     10.0000,      1.4165,     42.8463,    252.8849,     63.6413,      3.4953,      0.0000,     -0.0320,      0.3223,      0.1344,      5.6806,     11.3612,      1.1876,     29.4856,     58.9712,      0.0196,      0.0002,      0.0156,      0.2131,   8001.9561,-421218.7812,   -918.2156,    560.5577,  26673.1875,
       1,     170,     291,       5,       1,       3,       1,     10.0000,      1.4165,     42.8463,    252.8849,     63.6413,      3.4953,      0.0000,     -0.0320,      0.3226,      0.1345,      5.6806,     11.3612,      1.1888,     29.4856,     58.9712,      0.0196,      0.0002,      0.0156,      0.2131,   8001.9565,-421223.0938,   -918.2180,    560.5574,  26673.1855,
       1,     170,     291,       6,       1,       3,       1,     10.0000,      1.4165,     42.8463,    252.8849,     63.6413,      3.4953,      0.0000,     -0.0320,      0.3245,      0.1352,      5.6806,     11.3612,      1.1948,     29.4856,     58.9712,      0.0196,      0.0003,      0.0156,      0.2131,   8001.9561,-421224.0312,   -918.2197,    560.5574,  26673.1836,
       1,     170,     291,       7,       1,       3,       1,     10.0000,      1.4165,     42.8463,    252.8849,     63.6413,      3.4953,      0.0000,     -0.0320,      0.3234,      0.1348,      5.6806,     11.3612,      1.1912,     29.4856,     58.9712,      0.0196,      0.0002,      0.0156,      0.2131,   8001.9556,-421226.5312,   -918.2222,    560.5572,  26673.1855,
       1,     170,     291,       8,       1,       3,       1,     10.0000,      1.4165,     42.8463,    252.8849,     63.6413,      3.4953,      0.0034,     -0.0286,      0.3200,      0.1336,      5.6806,     11.3612,      1.1804,     29.4856,     58.9712,      0.0196,      0.0002,      0.0156,      0.2131,   8001.9561,-421225.2188,   -918.2233,    560.5573,  26673.1875,
       1,     170,     291,       9,       1,       3,       1,     10.0000,      1.4165,     42.8463,    252.8849,     63.6413,      3.4953,      0.0376,      0.0056,      0.7085,      0.1371,      5.6806,     11.3612,      1.2119,     29.4856,     58.9712,      0.0196,      0.0003,      0.0335,      0.2131,   8001.9565,-421220.8750,   -910.0942,    560.5576,  26673.1855,
       1,     170,     291,      10,       1,       3,       1,     10.0000,      1.4165,     42.8463,    252.8849,     63.6413,      3.4953,      0.1364,      0.1038,      4.7420,      0.1486,      5.6806,     11.3612,      1.3127,     29.4856,     58.9712,      0.0196,      0.0003,      0.1728,      0.2131,   8001.9561,-421684.5938,   -910.2877,    560.5250,  26673.1855,
       1,     170,     291,      11,       1,       3,       1,     10.0000,      1.4165,     42.8463,    252.8849,     63.6413,      3.4953,      0.1913,      0.1577,     48.2658,      0.1831,      5.6806,     11.3612,      1.6184,     29.4856,     58.9712,      0.0196,      0.0024,      0.2464,      0.2131,   8001.9561,-426540.8750,   -911.9052,    560.1848,  26673.1855,
       1,     170,     291,      12,       1,       3,       1,     10.0000,      1.4165,     42.8463,    252.8849,     63.6413,      3.4953,      0.1834,      0.1496,     58.8745,      0.1874,      5.6806,     11.3612,      1.6558,     29.4856,     58.9712,      0.0196,      0.0030,      0.2339,      0.2131,   8001.9561,-478932.5938,   -923.4472,    556.5163,  26673.1855,
       1,     170,     291,      13,       1,       3,       1,     10.0000,      1.4165,     42.8463,    252.8849,     63.6413,      3.4953,      0.1445,      0.1112,     34.2346,      0.1725,      5.6806,     11.3612,      1.5245,     29.4856,     58.9712,      0.0196,      0.0023,      0.1810,      0.2131,   8001.9561,-496025.6562,   -928.3166,    555.3392,  26673.1855,
       1,     170,     291,      14,       1,       3,       1,     10.0000,      1.4165,     42.8463,    252.8849,     63.6413,      3.4953,      0.1677,      0.1349,     23.5450,      0.1547,      5.6806,     11.3612,      1.3667,     29.4856,     58.9712,      0.0196,      0.0013,      0.2152,      0.2130,   8001.9561,-467980.3438,   -924.0172,    557.2873,  26673.1855,
       1,     170,     291,      15,       1,       3,       1,     10.0000,      1.4165,     42.8463,    252.8849,     63.6413,      3.4953,      0.1889,      0.1559,     38.3170,      0.1621,      5.6806,     11.3612,      1.4327,     29.4856,     58.9712,      0.0196,      0.0019,      0.2438,      0.2131,   8001.9561,-452874.5312,   -921.9773,    558.3430,  26673.1875,
       1,     170,     291,      16,       1,       3,       1,     10.0000,      1.4165,     42.8463,    252.8849,     63.6413,      3.4953,      0.1951,      0.1617,     63.7092,      0.1760,      5.6806,     11.3612,      1.5552,     29.4856,     58.9712,      0.0196,      0.0031,      0.2500,      0.2131,   8001.9565,-469262.4375,   -926.1234,    557.2002,  26673.1855,
       1,     170,     291,      17,       1,       3,       1,     10.0000,      1.4165,     42.8463,    252.8849,     63.6413,      3.4953,      0.1730,      0.1397,     52.4119,      0.1720,      5.6806,     11.3612,      1.5199,     29.4856,     58.9712,      0.0196,      0.0029,      0.2197,      0.2131,   8001.9561,-500980.8438,   -933.5507,    554.9922,  26673.1875,
       1,     170,     291,      18,       1,       3,       1,     10.0000,      1.4165,     42.8463,    252.8849,     63.6413,      3.4953,      0.1201,      0.0872,     27.2748,      0.1615,      5.6806,     11.3612,      1.4270,     29.4856,     58.9712,      0.0196,      0.0022,      0.1471,      0.2130,   8001.9565,-490129.8438,   -932.4886,    555.7493,  26673.1875,
       1,     170,     291,      19,       1,       3,       1,     10.0000,      1.4165,     42.8463,    252.8849,     63.6413,      3.4953,      0.0308,     -0.0018,      2.8877,      0.1510,      5.6806,     11.3612,      1.3341,     29.4856,     58.9712,      0.0196,      0.0015,      0.0230,      0.2131,   8001.9565,-459169.4062,   -925.4106,    557.9006,  26673.1855,
       1,     170,     291,      20,       1,       3,       1,     10.0000,      1.4165,     42.8463,    252.8849,     63.6413,      3.4953,      0.0006,     -0.0317,      0.8062,      0.1401,      5.6806,     11.3612,      1.2380,     29.4856,     58.9712,      0.0196,      0.0006,      0.0156,      0.2131,   8001.9561,-427456.5000,   -912.2129,    560.1164,  26673.1836,
       1,     170,     291,      21,       1,       3,       1,     10.0000,      1.4165,     42.8463,    252.8849,     63.6413,      3.4953,      0.0000,     -0.0321,      0.4035,      0.1363,      5.6806,     11.3612,      1.2046,     29.4856,     58.9712,      0.0196,      0.0003,      0.0156,      0.2131,   8001.9556,-422328.4062,   -910.3500,    560.4799,  26673.1855,
       1,     170,     291,      22,       1,       3,       1,     10.0000,      1.4165,     42.8463,    252.8849,     63.6413,      3.4953,      0.0000,     -0.0320,      0.3348,      0.1344,      5.6806,     11.3612,      1.1876,     29.4856,     58.9712,      0.0196,      0.0003,      0.0156,      0.2131,   8001.9561,-421413.2812,   -910.1935,    560.5441,  26673.1855,
       1,     170,     291,      23,       1,       3,       1,     10.0000,      1.4165,     42.8463,    252.8849,     63.6413,      3.4953,      0.0000,     -0.0320,      0.4924,      0.1349,      5.6806,     11.3612,      1.1924,     29.4856,     58.9712,      0.0196,      0.0004,      0.0156,      0.2131,   8001.9561,-421254.4688,   -910.1675,    560.5552,  26673.1836,
       1,     170,     291,      24,       1,       3,       1,     10.0000,      1.4165,     42.8463,    252.8849,     63.6413,      3.4953,      0.0000,     -0.0319,      0.4067,      0.1333,      5.6806,     11.3612,      1.1780,     29.4856,     58.9712,      0.0196,      0.0003,      0.0156,      0.2131,   8001.9556,-421429.5938,   -910.2236,    560.5430,  26673.1855,
       1,     170,     292,       1,       1,       3,       1,     10.0000,      1.4165,     42.8466,    252.8909,     63.6427,      3.4953,      0.0000,     -0.0320,      0.3375,      0.1336,      5.6799,     11.3597,      1.1804,     29.4842,     58.9683,      0.0196,      0.0003,      0.0156,      0.2131,   8001.9561,-421497.0312,   -910.5092,    560.5515,  26674.3789,
       1,     170,     292,       2,       1,       3,       1,     10.0000,      1.4165,     42.8466,    252.8909,     63.6427,      3.4953,      0.0000,     -0.0320,      0.4210,      0.1339,      5.6799,     11.3597,      1.1828,     29.4842,     58.9683,      0.0196,      0.0003,      0.0156,      0.2131,   8002.3140,-421267.7188,   -910.2143,    560.5676,  26674.3789,
       1,     170,     292,       3,       1,       3,       1,     10.0000,      1.4165,     42.8466,    252.8909,     63.6427,      3.4953,      0.0000,     -0.0321,      0.8853,      0.1365,      5.6799,     11.3597,      1.2058,     29.4842,     58.9683,      0.0196,      0.0007,      0.0156,      0.2131,   8002.3140,-421348.0312,   -910.2407,    560.5618,  26674.3789,
       1,     170,     292,       4,       1,       3,       1,     10.0000,      1.4165,     42.8466,    252.8909,     63.6427,      3.4953,      0.0000,     -0.0321,      1.2207,      0.1385,      5.6799,     11.3597,      1.2243,     29.4842,     58.9683,      0.0196,      0.0009,      0.0156,      0.2131,   8002.3140,-421909.3750,   -910.4155,    560.5225,  26674.3789,
       1,     170,     292,       5,       1,       3,       1,     10.0000,      1.4165,     42.8466,    252.8909,     63.6427,      3.4953,      0.0000,     -0.0320,      0.8258,      0.1347,      5.6799,     11.3597,      1.1900,     29.4842,     58.9683,      0.0196,      0.0006,      0.0156,      0.2131,   8002.3140,-422356.9688,   -910.6167,    560.4911,  26674.3789,
       1,     170,     292,       6,       1,       3,       1,     10.0000,      1.4165,     42.8466,    252.8909,     63.6427,      3.4953,      0.0000,     -0.0319,      0.3722,      0.1326,      5.6799,     11.3597,      1.1720,     29.4842,     58.9683,      0.0196,      0.0003,      0.0156,      0.2131,   8002.3140,-421922.8125,   -910.6061,    560.5216,  26674.3770,
       1,     170,     292,       7,       1,       3,       1,     10.0000,      1.4165,     42.8466,    252.8909,     63.6427,      3.4953,      0.0000,     -0.0319,      0.3163,      0.1322,      5.6799,     11.3597,      1.1684,     29.4842,     58.9683,      0.0196,      0.0002,      0.0156,      0.2131,   8002.3135,-421344.9062,   -910.5101,    560.5621,  26674.3789,
       1,     170,     292,       8,       1,       3,       1,     10.0000,      1.4165,     42.8466,    252.8909,     63.6427,      3.4953,      0.0062,     -0.0257,      0.3174,      0.1326,      5.6799,     11.3597,      1.1720,     29.4842,     58.9683,      0.0196,      0.0002,      0.0156,      0.2131,   8002.3140,-421229.6562,   -910.4901,    560.5701,  26674.3789,
       1,     170,     292,       9,       1,       3,       1,     10.0000,      1.4165,     42.8466,    252.8909,     63.6427,      3.4953,      0.0358,      0.0038,      0.6422,      0.1348,      5.6799,     11.3597,      1.1912,     29.4842,     58.9683,      0.0196,      0.0002,      0.0310,      0.2131,   8002.3140,-421221.3438,   -910.1012,    560.5707,  26674.3789,
       1,     170,     292,      10,       1,       3,       1,     10.0000,      1.4165,     42.8466,    252.8909,     63.6427,      3.4953,      0.1116,      0.0794,      3.1689,      0.1410,      5.6799,     11.3597,      1.2455,     29.4842,     58.9683,      0.0196,      0.0003,      0.1379,      0.2131,   8002.3140,-421608.4062,   -910.2791,    560.5436,  26674.3789,
       1,     170,     292,      11,       1,       3,       1,     10.0000,      1.4165,     42.8466,    252.8909,     63.6427,      3.4953,      0.1887,      0.1557,     26.4221,      0.1613,      5.6799,     11.3597,      1.4256,     29.4842,     58.9683,      0.0196,      0.0013,      0.2449,      0.2131,   8002.3140,-424658.2500,   -911.1895,    560.3300,  26674.3789,
       1,     170,     292,      12,       1,       3,       1,     10.0000,      1.4165,     42.8466,    252.8909,     63.6427,      3.4953,      0.1867,      0.1527,     65.4794,      0.1936,      5.6799,     11.3597,      1.7110,     29.4842,     58.9683,      0.0196,      0.0033,      0.2380,      0.2131,   8002.3140,-452683.2188,   -917.6290,    558.3671,  26674.3789,
       1,     170,     292,      13,       1,       3,       1,     10.0000,      1.4165,     42.8466,    252.8909,     63.6427,      3.4953,      0.1968,      0.1623,     92.1083,      0.2081,      5.6799,     11.3597,      1.8390,     29.4842,     58.9683,      0.0196,      0.0045,      0.2495,      0.2131,   8002.3140,-501698.3125,   -928.6185,    554.9494,  26674.3770,
       1,     170,     292,      14,       1,       3,       1,     10.0000,      1.4165,     42.8466,    252.8909,     63.6427,      3.4953,      0.1819,      0.1485,     32.4810,      0.1720,      5.6799,     11.3597,      1.5199,     29.4842,     58.9683,      0.0196,      0.0017,      0.2345,      0.2131,   8002.3135,-537653.2500,   -934.1298,    552.4657,  26674.3809,
       1,     170,     292,      15,       1,       3,       1,     10.0000,      1.4165,     42.8466,    252.8909,     63.6427,      3.4953,      0.0634,      0.0312,      2.4967,      0.1393,      5.6799,     11.3597,      1.2305,     29.4842,     58.9683,      0.0196,      0.0004,      0.0697,      0.2130,   8002.3145,-469322.6250,   -920.0872,    557.1901,  26674.3789,
       1,     170,     292,      16,       1,       3,       1,     10.0000,      1.4165,     42.8466,    252.8909,     63.6427,      3.4953,      0.0163,     -0.0157,      0.0709,      0.1354,      5.6799,     11.3597,      1.1961,     29.4842,     58.9683,      0.0196,      0.0003,      0.0034,      0.2131,   8002.3140,-427852.6875,   -911.4846,    560.0986,  26674.3809,
       1,     170,     292,      17,       1,       3,       1,     10.0000,      1.4165,     42.8466,    252.8909,     63.6427,      3.4953,      0.0137,     -0.0183,      0.3272,      0.1362,      5.6799,     11.3597,      1.2034,     29.4842,     58.9683,      0.0196,      0.0003,      0.0156,      0.2131,   8002.3145,-421489.3750,   -910.1705,    560.5518,  26674.3789,
       1,     170,     292,      18,       1,       3,       1,     10.0000,      1.4165,     42.8466,    252.8909,     63.6427,      3.4953,      0.0203,     -0.0118,      0.1912,      0.1381,      5.6799,     11.3597,      1.2206,     29.4842,     58.9683,      0.0196,      0.0003,      0.0090,      0.2131,   8002.3140,-421254.9062,   -910.1432,    560.5684,  26674.3789,
       1,     170,     292,      19,       1,       3,       1,     10.0000,      1.4165,     42.8466,    252.8909,     63.6427,      3.4953,      0.0161,     -0.0161,      0.0627,      0.1407,      5.6799,     11.3597,      1.2430,     29.4842,     58.9683,      0.0196,      0.0003,      0.0029,      0.2131,   8002.3140,-421072.8125,   -910.1078,    560.5812,  26674.3789,
       1,     170,     292,      20,       1,       3,       1,     10.0000,      1.4165,     42.8466,    252.8909,     63.6427,      3.4953,      0.0006,     -0.0316,      0.3352,      0.1391,      5.6799,     11.3597,      1.2293,     29.4842,     58.9683,      0.0196,      0.0003,      0.0156,      0.2131,   8002.3140,-420904.0000,   -910.1171,    560.5930,  26674.3789,
       1,     170,     292,      21,       1,       3,       1,     10.0000,      1.4165,     42.8466,    252.8909,     63.6427,      3.4953,      0.0000,     -0.0323,      0.4265,      0.1421,      5.6799,     11.3597,      1.2557,     29.4842,     58.9683,      0.0196,      0.0003,      0.0156,      0.2131,   8002.3140,-421215.2812,   -910.1774,    560.5712,  26674.3789,
       1,     170,     292,      22,       1,       3,       1,     10.0000,      1.4165,     42.8466,    252.8909,     63.6427,      3.4953,      0.0000,     -0.0322,      0.4890,      0.1414,      5.6799,     11.3597,      1.2493,     29.4842,     58.9683,      0.0196,      0.0004,      0.0156,      0.2131,   8002.3140,-421350.3750,   -910.2136,    560.5616,  26674.3789,
       1,     170,     292,      23,       1,       3,       1,     10.0000,      1.4165,     42.8466,    252.8909,     63.6427,      3.4953,      0.0000,     -0.0323,      0.6902,      0.1431,      5.6799,     11.3597,      1.2646,     29.4842,     58.9683,      0.0196,      0.0005,      0.0156,      0.2131,   8002.3140,-421436.2812,   -910.2411,    560.5557,  26674.3789,
       1,     170,     292,      24,       1,       3,       1,     10.0000,      1.4165,     42.8466,    252.8909,     63.6427,      3.4953,      0.0000,     -0.0323,      0.5417,      0.1417,      5.6799,     11.3597,      1.2519,     29.4842,     58.9683,      0.0196,      0.0004,      0.0156,      0.2131,   8002.3140,-421683.7500,   -910.3350,    560.5383,  26674.3789,
       1,     170,     293,       1,       1,       3,       1,     10.0000,      1.4166,     42.8469,    252.8969,     63.6443,      3.4953,      0.0000,     -0.0322,      0.4497,      0.1412,      5.6812,     11.3625,      1.2481,     29.4697,     58.9393,      0.0196,      0.0003,      0.0156,      0.2132,   8002.3140,-421682.0625,   -910.6252,    560.5518,  26675.5684,
       1,     170,     293,       2,       1,       3,       1,     10.0000,      1.4166,     42.8469,    252.8969,     63.6443,      3.4953,      0.0000,     -0.0321,      0.3314,      0.1377,      5.6812,     11.3625,      1.2169,     29.4697,     58.9393,      0.0196,      0.0003,      0.0156,      0.2132,   8002.6709,-421419.8750,   -910.3374,    560.5701,  26675.5684,
       1,     170,     293,       3,       1,       3,       1,     10.0000,      1.4166,     42.8469,    252.8969,     63.6443,      3.4953,      0.0000,     -0.0321,      0.3287,      0.1367,      5.6812,     11.3625,      1.2083,     29.4697,     58.9393,      0.0196,      0.0003,      0.0156,      0.2132,   8002.6709,-421256.6562,   -910.3094,    560.5816,  26675.5684,
       1,     170,     293,       4,       1,       3,       1,     10.0000,      1.4166,     42.8469,    252.8969,     63.6443,      3.4953,      0.0000,     -0.0318,      0.3102,      0.1300,      5.6812,     11.3625,      1.1484,     29.4697,     58.9393,      0.0196,      0.0002,      0.0156,      0.2132,   8002.6709,-421239.7812,   -910.3080,    560.5828,  26675.5684,
       1,     170,     293,       5,       1,       3,       1,     10.0000,      1.4166,     42.8469,    252.8969,     63.6443,      3.4953,      0.0000,     -0.0318,      0.3062,      0.1285,      5.6812,     11.3625,      1.1357,     29.4697,     58.9393,      0.0196,      0.0002,      0.0156,      0.2132,   8002.6709,-421216.1562,   -910.3053,    560.5844,  26675.5684,
       1,     170,     293,       6,       1,       3,       1,     10.0000,      1.4166,     42.8469,    252.8969,     63.6443,      3.4953,      0.0000,     -0.0317,      0.3055,      0.1283,      5.6812,     11.3625,      1.1333,     29.4697,     58.9393,      0.0196,      0.0002,      0.0156,      0.2132,   8002.6709,-421209.5625,   -910.3053,    560.5849,  26675.5684,
       1,     170,     293,       7,       1,       3,       1,     10.0000,      1.4166,     42.8469,    252.8969,     63.6443,      3.4953,      0.0000,     -0.0318,      0.3116,      0.1305,      5.6812,     11.3625,      1.1531,     29.4697,     58.9393,      0.0196,      0.0002,      0.0156,      0.2132,   8002.6709,-421208.1250,   -910.3067,    560.5850,  26675.5684,
       1,     170,     293,       8,       1,       3,       1,     10.0000,      1.4166,     42.8469,    252.8969,     63.6443,      3.4953,      0.0191,     -0.0127,      0.1527,      0.1302,      5.6812,     11.3625,      1.1508,     29.4697,     58.9393,      0.0196,      0.0002,      0.0077,      0.2132,   8002.6709,-421215.3750,   -910.0751,    560.5845,  26675.5684,
       1,     170,     293,       9,       1,       3,       1,     10.0000,      1.4166,     42.8469,    252.8969,     63.6443,      3.4953,      0.1277,      0.0953,      6.6661,      0.1471,      5.6812,     11.3625,      1.2996,     29.4697,     58.9393,      0.0196,      0.0005,      0.1604,      0.2132,   8002.6709,-421026.1562,   -910.1006,    560.5978,  26675.5684,
       1,     170,     293,      10,       1,       3,       1,     10.0000,      1.4166,     42.8469,    252.8969,     63.6443,      3.4953,      0.1771,      0.1436,     44.3454,      0.1771,      5.6812,     11.3625,      1.5646,     29.4697,     58.9393,      0.0196,      0.0024,      0.2264,      0.2132,   8002.6709,-428787.5312,   -912.2076,    560.0539,  26675.5684,
       1,     170,     293,      11,       1,       3,       1,     10.0000,      1.4166,     42.8469,    252.8969,     63.6443,      3.4953,      0.1916,      0.1575,     75.8375,      0.1969,      5.6812,     11.3625,      1.7401,     29.4697,     58.9393,      0.0196,      0.0037,      0.2438,      0.2132,   8002.6709,-474432.9062,   -922.1937,    556.8587,  26675.5684,
       1,     170,     293,      12,       1,       3,       1,     10.0000,      1.4166,     42.8469,    252.8969,     63.6443,      3.4953,      0.1947,      0.1604,     91.5586,      0.2034,      5.6812,     11.3625,      1.7978,     29.4697,     58.9393,      0.0196,      0.0045,      0.2465,      0.2131,   8002.6709,-515904.0000,   -932.1033,    553.9810,  26675.5684,
       1,     170,     293,      13,       1,       3,       1,     10.0000,      1.4166,     42.8469,    252.8969,     63.6443,      3.4953,      0.1963,      0.1620,     81.3610,      0.2030,      5.6812,     11.3625,      1.7942,     29.4697,     58.9393,      0.0196,      0.0039,      0.2500,      0.2131,   8002.6709,-538171.8750,   -938.5450,    552.4465,  26675.5684,
       1,     170,     293,      14,       1,       3,       1,     10.0000,      1.4166,     42.8469,    252.8969,     63.6443,      3.4953,      0.1845,      0.1504,     66.0282,      0.1981,      5.6812,     11.3625,      1.7504,     29.4697,     58.9393,      0.0196,      0.0034,      0.2347,      0.2130,   8002.6709,-527826.6875,   -938.6884,    553.1630,  26675.5684,
       1,     170,     293,      15,       1,       3,       1,     10.0000,      1.4166,     42.8469,    252.8969,     63.6443,      3.4953,      0.1861,      0.1522,     55.1376,      0.1883,      5.6812,     11.3625,      1.6641,     29.4697,     58.9393,      0.0196,      0.0028,      0.2381,      0.2131,   8002.6709,-508626.7500,   -936.2926,    554.4910,  26675.5703,
       1,     170,     293,      16,       1,       3,       1,     10.0000,      1.4166,     42.8469,    252.8969,     63.6443,      3.4953,      0.1755,      0.1419,     53.8651,      0.1822,      5.6812,     11.3625,      1.6104,     29.4697,     58.9393,      0.0196,      0.0029,      0.2231,      0.2131,   8002.6714,-494010.7500,   -934.5080,    555.5057,  26675.5684,
       1,     170,     293,      17,       1,       3,       1,     10.0000,      1.4166,     42.8469,    252.8969,     63.6443,      3.4953,      0.1941,      0.1599,     85.4633,      0.2010,      5.6812,     11.3625,      1.7766,     29.4697,     58.9393,      0.0196,      0.0042,      0.2464,      0.2131,   8002.6709,-491272.6562,   -933.2493,    555.6967,  26675.5664,
       1,     170,     293,      18,       1,       3,       1,     10.0000,      1.4166,     42.8469,    252.8969,     63.6443,      3.4953,      0.1478,      0.1145,     36.1760,      0.1729,      5.6812,     11.3625,      1.5276,     29.4697,     58.9393,      0.0196,      0.0024,      0.1855,      0.2131,   8002.6704,-528812.0000,   -941.7380,    553.0892,  26675.5684,
       1,     170,     293,      19,       1,       3,       1,     10.0000,      1.4166,     42.8469,    252.8969,     63.6443,      3.4953,      0.0573,      0.0241,     10.4359,      0.1679,      5.6812,     11.3625,      1.4839,     29.4697,     58.9393,      0.0196,      0.0021,      0.0592,      0.2131,   8002.6709,-473012.7812,   -931.7462,    556.9531,  26675.5684,
       1,     170,     293,      20,       1,       3,       1,     10.0000,      1.4166,     42.8469,    252.8969,     63.6443,      3.4953,      0.0013,     -0.0316,      2.5521,      0.1610,      5.6812,     11.3625,      1.4228,     29.4697,     58.9393,      0.0196,      0.0020,      0.0156,      0.2131,   8002.6709,-437639.1562,   -925.2764,    559.4293,  26675.5703,
       1,     170,     293,      21,       1,       3,       1,     10.0000,      1.4166,     42.8469,    252.8969,     63.6443,      3.4953,      0.0000,     -0.0328,      1.5887,      0.1572,      5.6812,     11.3625,      1.3889,     29.4697,     58.9393,      0.0196,      0.0012,      0.0156,      0.2132,   8002.6714,-425269.8750,   -923.0082,    560.2997,  26675.5684,
       1,     170,     293,      22,       1,       3,       1,     10.0000,      1.4166,     42.8469,    252.8969,     63.6443,      3.4953,      0.0000,     -0.0328,      1.4403,      0.1556,      5.6812,     11.3625,      1.3750,     29.4697,     58.9393,      0.0196,      0.0011,      0.0156,      0.2132,   8002.6709,-423080.8125,   -922.6460,    560.4537,  26675.5684,
       1,     170,     293,      23,       1,       3,       1,     10.0000,      1.4166,     42.8469,    252.8969,     63.6443,      3.4953,      0.0000,     -0.0326,      0.9612,      0.1502,      5.6812,     11.3625,      1.3274,     29.4697,     58.9393,      0.0196,      0.0007,      0.0156,      0.2132,   8002.6709,-422719.8125,   -922.6384,    560.4791,  26675.5684,
       1,     170,     293,      24,       1,       3,       1,     10.0000,      1.4166,     42.8469,    252.8969,     63.6443,      3.4953,      0.0000,     -0.0325,      1.2261,      0.1484,      5.6812,     11.3625,      1.3115,     29.4697,     58.9393,      0.0196,      0.0009,      0.0156,      0.2132,   8002.6709,-422117.4375,   -922.5592,    560.5213,  26675.5664,
       1,     170,     294,       1,       1,       3,       1,     10.0000,      1.4166,     42.8473,    252.9028,     63.6457,      3.4953,      0.0000,     -0.0323,      0.7742,      0.1415,      5.6797,     11.3595,      1.2507,     29.4748,     58.9497,      0.0196,      0.0006,      0.0156,      0.2132,   8002.6704,-422538.4062,   -922.9609,    560.5050,  26676.7559,
       1,     170,     294,       2,       1,       3,       1,     10.0000,      1.4166,     42.8473,    252.9028,     63.6457,      3.4953,      0.0000,     -0.0321,      1.0383,      0.1388,      5.6797,     11.3595,      1.2268,     29.4748,     58.9497,      0.0196,      0.0008,      0.0156,      0.2132,   8003.0269,-421882.1250,   -922.5912,    560.5510,  26676.7559,
       1,     170,     294,       3,       1,       3,       1,     10.0000,      1.4166,     42.8473,    252.9028,     63.6457,      3.4953,      0.0000,     -0.0320,      0.5600,      0.1362,      5.6797,     11.3595,      1.2034,     29.4748,     58.9497,      0.0196,      0.0004,      0.0156,      0.2132,   8003.0269,-422142.5938,   -922.6732,    560.5327,  26676.7559,
       1,     170,     294,       4,       1,       3,       1,     10.0000,      1.4166,     42.8473,    252.9028,     63.6457,      3.4953,      0.0000,     -0.0317,      0.8214,      0.1279,      5.6797,     11.3595,      1.1299,     29.4748,     58.9497,      0.0196,      0.0006,      0.0156,      0.2132,   8003.0269,-421593.2812,   -922.5808,    560.5712,  26676.7559,
       1,     170,     294,       5,       1,       3,       1,     10.0000,      1.4166,     42.8473,    252.9028,     63.6457,      3.4953,      0.0000,     -0.0316,      0.3693,      0.1252,      5.6797,     11.3595,      1.1060,     29.4748,     58.9497,      0.0196,      0.0003,      0.0156,      0.2132,   8003.0269,-421859.3125,   -922.6630,    560.5525,  26676.7539,
       1,     170,     294,       6,       1,       3,       1,     10.0000,      1.4166,     42.8473,    252.9028,     63.6457,      3.4953,      0.0000,     -0.0319,      0.6386,      0.1320,      5.6797,     11.3595,      1.1661,     29.4748,     58.9497,      0.0196,      0.0005,      0.0156,      0.2132,   8003.0264,-421342.3125,   -922.5704,    560.5887,  26676.7539,
       1,     170,     294,       7,       1,       3,       1,     10.0000,      1.4166,     42.8473,    252.9028,     63.6457,      3.4953,      0.0000,     -0.0320,      0.4706,      0.1337,      5.6797,     11.3595,      1.1816,     29.4748,     58.9497,      0.0196,      0.0004,      0.0156,      0.2132,   8003.0264,-421620.5000,   -922.6430,    560.5693,  26676.7559,
       1,     170,     294,       8,       1,       3,       1,     10.0000,      1.4166,     42.8473,    252.9028,     63.6457,      3.4953,      0.0061,     -0.0259,      0.4384,      0.1354,      5.6797,     11.3595,      1.1961,     29.4748,     58.9497,      0.0196,      0.0003,      0.0156,      0.2132,   8003.0269,-421442.9062,   -922.6150,    560.5817,  26676.7559,
       1,     170,     294,       9,       1,       3,       1,     10.0000,      1.4166,     42.8473,    252.9028,     63.6457,      3.4953,      0.0819,      0.0497,      3.7984,      0.1395,      5.6797,     11.3595,      1.2331,     29.4748,     58.9497,      0.0196,      0.0005,      0.0958,      0.2132,   8003.0269,-421389.5625,   -922.6194,    560.5855,  26676.7559,
       1,     170,     294,      10,       1,       3,       1,     10.0000,      1.4166,     42.8473,    252.9028,     63.6457,      3.4953,      0.1529,      0.1199,     30.8105,      0.1618,      5.6797,     11.3595,      1.4300,     29.4748,     58.9497,      0.0196,      0.0019,      0.1934,      0.2132,   8003.0269,-425396.6250,   -923.4893,    560.3047,  26676.7559,
       1,     170,     294,      11,       1,       3,       1,     10.0000,      1.4166,     42.8473,    252.9028,     63.6457,      3.4953,      0.1920,      0.1585,     64.9429,      0.1787,      5.6797,     11.3595,      1.5787,     29.4748,     58.9497,      0.0196,      0.0032,      0.2455,      0.2132,   8003.0269,-457983.5938,   -930.1686,    558.0224,  26676.7559,
       1,     170,     294,      12,       1,       3,       1,     10.0000,      1.4166,     42.8473,    252.9028,     63.6457,      3.4953,      0.1836,      0.1495,     78.1042,      0.1946,      5.6797,     11.3595,      1.7196,     29.4748,     58.9497,      0.0196,      0.0041,      0.2320,      0.2132,   8003.0269,-501492.5625,   -939.4224,    554.9922,  26676.7539,
       1,     170,     294,      13,       1,       3,       1,     10.0000,      1.4166,     42.8473,    252.9028,     63.6457,      3.4953,      0.1909,      0.1566,     95.4171,      0.2017,      5.6797,     11.3595,      1.7819,     29.4748,     58.9497,      0.0196,      0.0048,      0.2406,      0.2131,   8003.0264,-520873.2500,   -944.0777,    553.6559,  26676.7578,
       1,     170,     294,      14,       1,       3,       1,     10.0000,      1.4166,     42.8473,    252.9028,     63.6457,      3.4953,      0.1912,      0.1570,     88.6525,      0.1993,      5.6797,     11.3595,      1.7609,     29.4748,     58.9497,      0.0196,      0.0044,      0.2418,      0.2131,   8003.0278,-543183.4375,   -949.3665,    552.1135,  26676.7539,
       1,     170,     294,      15,       1,       3,       1,     10.0000,      1.4166,     42.8473,    252.9028,     63.6457,      3.4953,      0.1888,      0.1547,     75.2677,      0.1973,      5.6797,     11.3595,      1.7435,     29.4748,     58.9497,      0.0196,      0.0038,      0.2398,      0.2131,   8003.0264,-536956.0625,   -949.0110,    552.5455,  26676.7539,
       1,     170,     294,      16,       1,       3,       1,     10.0000,      1.4166,     42.8473,    252.9028,     63.6457,      3.4953,      0.1815,      0.1475,     59.8951,      0.1940,      5.6797,     11.3595,      1.7144,     29.4748,     58.9497,      0.0196,      0.0031,      0.2311,      0.2131,   8003.0264,-520427.1562,   -946.4803,    553.6872,  26676.7578,
       1,     170,     294,      17,       1,       3,       1,     10.0000,      1.4166,     42.8473,    252.9028,     63.6457,      3.4953,      0.1529,      0.1197,     33.4424,      0.1684,      5.6797,     11.3595,      1.4884,     29.4748,     58.9497,      0.0196,      0.0021,      0.1930,      0.2131,   8003.0278,-500673.0625,   -926.1529,    555.0556,  26676.6836,
       1,     170,     294,      18,       1,       3,       1,     10.0000,      1.4166,     42.8473,    252.9028,     63.6457,      3.4953,      0.0619,      0.0299,      2.5257,      0.1366,      5.6797,     11.3595,      1.2071,     29.4748,     58.9497,      0.0196,      0.0004,      0.0677,      0.2131,   8003.0054,-467420.5625,   -921.0391,    557.3644,  26676.7559,
       1,     170,     294,      19,       1,       3,       1,     10.0000,      1.4166,     42.8473,    252.9028,     63.6457,      3.4953,      0.0275,     -0.0046,      0.4056,      0.1370,      5.6797,     11.3595,      1.2108,     29.4748,     58.9497,      0.0196,      0.0003,      0.0192,      0.2132,   8003.0269,-427716.0625,   -913.9453,    560.1354,  26676.7559,
       1,     170,     294,      20,       1,       3,       1,     10.0000,      1.4166,     42.8473,    252.9028,     63.6457,      3.4953,      0.0017,     -0.0304,      0.3291,      0.1369,      5.6797,     11.3595,      1.2095,     29.4748,     58.9497,      0.0196,      0.0003,      0.0156,      0.2132,   8003.0269,-421883.0938,   -912.9431,    560.5507,  26676.7559,
       1,     170,     294,      21,       1,       3,       1,     10.0000,      1.4166,     42.8473,    252.9028,     63.6457,      3.4953,      0.0000,     -0.0321,      0.4210,      0.1379,      5.6797,     11.3595,      1.2182,     29.4748,     58.9497,      0.0196,      0.0003,      0.0156,      0.2132,   8003.0269,-421296.0625,   -912.8405,    560.5920,  26676.7559,
       1,     170,     294,      22,       1,       3,       1,     10.0000,      1.4166,     42.8473,    252.9028,     63.6457,      3.4953,      0.0000,     -0.0321,      0.5474,      0.1376,      5.6797,     11.3595,      1.2157,     29.4748,     58.9497,      0.0196,      0.0004,      0.0156,      0.2132,   8003.0269,-421356.5312,   -912.8641,    560.5878,  26676.7578,
       1,     170,     294,      23,       1,       3,       1,     10.0000,      1.4166,     42.8473,    252.9028,     63.6457,      3.4953,      0.0000,     -0.0320,      0.3257,      0.1356,      5.6797,     11.3595,      1.1985,     29.4748,     58.9497,      0.0196,      0.0003,      0.0156,      0.2132,   8003.0278,-421512.2188,   -912.9166,    560.5769,  26676.7559,
       1,     170,     294,      24,       1,       3,       1,     10.0000,      1.4166,     42.8473,    252.9028,     63.6457,      3.4953,      0.0000,     -0.0320,      0.3257,      0.1356,      5.6797,     11.3595,      1.1985,     29.4748,     58.9497,      0.0196,      0.0003,      0.0156,      0.2132,   8003.0269,-421260.7500,   -912.8723,    560.5945,  26676.7559,
       1,     170,     295,       1,       1,       3,       1,     10.0000,      1.4166,     42.8476,    252.9087,     63.6473,      3.4953,      0.0000,     -0.0319,      0.3193,      0.1333,      5.6803,     11.3605,      1.1781,     29.4745,     58.9490,      0.0196,      0.0002,      0.0156,      0.2132,   8003.0269,-421394.5000,   -913.1616,    560.5982,  26677.9473,
       1,     170,     295,       2,       1,       3,       1,     10.0000,      1.4166,     42.8476,    252.9087,     63.6473,      3.4953,      0.0000,     -0.0318,      0.3127,      0.1309,      5.6803,     11.3605,      1.1567,     29.4745,     58.9490,      0.0196,      0.0002,      0.0156,      0.2132,   8003.3843,-421246.0938,   -912.8772,    560.6086,  26677.9453,
       1,     170,     295,       3,       1,       3,       1,     10.0000,      1.4166,     42.8476,    252.9087,     63.6473,      3.4953,      0.0000,     -0.0318,      0.3066,      0.1287,      5.6803,     11.3605,      1.1369,     29.4745,     58.9490,      0.0196,      0.0002,      0.0156,      0.2132,   8003.3838,-421225.9375,   -912.8754,    560.6100,  26677.9453,
       1,     170,     295,       4,       1,       3,       1,     10.0000,      1.4166,     42.8476,    252.9087,     63.6473,      3.4953,      0.0000,     -0.0317,      0.3048,      0.1280,      5.6803,     11.3605,      1.1311,     29.4745,     58.9490,      0.0196,      0.0002,      0.0156,      0.2132,   8003.3838,-421217.0000,   -912.8752,    560.6107,  26677.9453,
       1,     170,     295,       5,       1,       3,       1,     10.0000,      1.4166,     42.8476,    252.9087,     63.6473,      3.4953,      0.0000,     -0.0317,      0.2995,      0.1261,      5.6803,     11.3605,      1.1139,     29.4745,     58.9490,      0.0196,      0.0002,      0.0156,      0.2132,   8003.3838,-421214.0625,   -912.8759,    560.6108,  26677.9453,
       1,     170,     295,       6,       1,       3,       1,     10.0000,      1.4166,     42.8476,    252.9087,     63.6473,      3.4953,      0.0000,     -0.0317,      0.3874,      0.1271,      5.6803,     11.3605,      1.1231,     29.4745,     58.9490,      0.0196,      0.0003,      0.0156,      0.2132,   8003.3838,-421207.5625,   -912.8760,    560.6113,  26677.9453,
       1,     170,     295,       7,       1,       3,       1,     10.0000,      1.4166,     42.8476,    252.9087,     63.6473,      3.4953,      0.0000,     -0.0317,      0.3711,      0.1281,      5.6803,     11.3605,      1.1322,     29.4745,     58.9490,      0.0196,      0.0003,      0.0156,      0.2132,   8003.3838,-421311.8125,   -910.1999,    560.6039,  26677.9434,
       1,     170,     295,       8,       1,       3,       1,     10.0000,      1.4166,     42.8476,    252.9087,     63.6473,      3.4953,      0.0278,     -0.0038,      0.4013,      0.1258,      5.6803,     11.3605,      1.1117,     29.4745,     58.9490,      0.0196,      0.0002,      0.0201,      0.2132,   8003.3833,-421301.3438,   -910.1002,    560.6047,  26677.9434,
       1,     170,     295,       9,       1,       3,       1,     10.0000,      1.4166,     42.8476,    252.9087,     63.6473,      3.4953,      0.1019,      0.0701,      3.2208,      0.1308,      5.6803,     11.3605,      1.1555,     29.4745,     58.9490,      0.0196,      0.0003,      0.1244,      0.2132,   8003.3833,-421336.5625,   -910.1691,    560.6022,  26677.9453,
       1,     170,     295,      10,       1,       3,       1,     10.0000,      1.4166,     42.8476,    252.9087,     63.6473,      3.4953,      0.1641,      0.1315,     22.0990,      0.1502,      5.6803,     11.3605,      1.3275,     29.4745,     58.9490,      0.0196,      0.0013,      0.2103,      0.2132,   8003.3838,-424705.1875,   -911.1193,    560.3662,  26677.9453,
       1,     170,     295,      11,       1,       3,       1,     10.0000,      1.4166,     42.8476,    252.9087,     63.6473,      3.4953,      0.1905,      0.1572,     52.9914,      0.1703,      5.6803,     11.3605,      1.5049,     29.4745,     58.9490,      0.0196,      0.0026,      0.2445,      0.2132,   8003.3838,-447524.2500,   -916.3552,    558.7679,  26677.9473,
       1,     170,     295,      12,       1,       3,       1,     10.0000,      1.4166,     42.8476,    252.9087,     63.6473,      3.4953,      0.1845,      0.1510,     59.7433,      0.1785,      5.6803,     11.3605,      1.5772,     29.4745,     58.9490,      0.0196,      0.0031,      0.2353,      0.2132,   8003.3843,-486329.7812,   -925.4627,    556.0597,  26677.9453,
       1,     170,     295,      13,       1,       3,       1,     10.0000,      1.4166,     42.8476,    252.9087,     63.6473,      3.4953,      0.1943,      0.1604,     77.5525,      0.1915,      5.6803,     11.3605,      1.6925,     29.4745,     58.9490,      0.0196,      0.0038,      0.2474,      0.2132,   8003.3838,-497653.1562,   -929.3731,    555.2792,  26677.9453,
       1,     170,     295,      14,       1,       3,       1,     10.0000,      1.4166,     42.8476,    252.9087,     63.6473,      3.4953,      0.1692,      0.1365,     25.6430,      0.1521,      5.6803,     11.3605,      1.3436,     29.4745,     58.9490,      0.0196,      0.0014,      0.2171,      0.2131,   8003.3838,-519874.6875,   -930.4309,    553.7374,  26677.9453,
       1,     170,     295,      15,       1,       3,       1,     10.0000,      1.4166,     42.8476,    252.9087,     63.6473,      3.4953,      0.1661,      0.1340,      5.1943,      0.1359,      5.6803,     11.3605,      1.2010,     29.4745,     58.9490,      0.0196,      0.0003,      0.2149,      0.2131,   8003.3838,-459673.1875,   -917.9659,    557.9065,  26677.9453,
       1,     170,     295,      16,       1,       3,       1,     10.0000,      1.4166,     42.8476,    252.9087,     63.6473,      3.4953,      0.1866,      0.1539,     23.9910,      0.1514,      5.6803,     11.3605,      1.3382,     29.4745,     58.9490,      0.0196,      0.0012,      0.2420,      0.2132,   8003.3838,-430276.3750,   -913.1503,    559.9724,  26677.9453,
       1,     170,     295,      17,       1,       3,       1,     10.0000,      1.4166,     42.8476,    252.9087,     63.6473,      3.4953,      0.1392,      0.1066,     18.4669,      0.1507,      5.6803,     11.3605,      1.3315,     29.4745,     58.9490,      0.0196,      0.0013,      0.1753,      0.2132,   8003.3838,-450255.0312,   -917.8176,    558.5778,  26677.9453,
       1,     170,     295,      18,       1,       3,       1,     10.0000,      1.4166,     42.8476,    252.9087,     63.6473,      3.4953,      0.0671,      0.0348,      4.3475,      0.1425,      5.6803,     11.3605,      1.2596,     29.4745,     58.9490,      0.0196,      0.0007,      0.0746,      0.2132,   8003.3838,-445327.8125,   -915.1833,    558.9235,  26677.9434,
       1,     170,     295,      19,       1,       3,       1,     10.0000,      1.4166,     42.8476,    252.9087,     63.6473,      3.4953,      0.0257,     -0.0064,      0.4972,      0.1369,      5.6803,     11.3605,      1.2096,     29.4745,     58.9490,      0.0196,      0.0004,      0.0165,      0.2132,   8003.3833,-428053.6562,   -911.6292,    560.1305,  26677.9434,
       1,     170,     295,      20,       1,       3,       1,     10.0000,      1.4166,     42.8476,    252.9087,     63.6473,      3.4953,      0.0002,     -0.0318,      0.3208,      0.1339,      5.6803,     11.3605,      1.1829,     29.4745,     58.9490,      0.0196,      0.0002,      0.0156,      0.2132,   8003.3833,-422016.9375,   -910.3170,    560.5545,  26677.9453,
       1,     170,     295,      21,       1,       3,       1,     10.0000,      1.4166,     42.8476,    252.9087,     63.6473,      3.4953,      0.0000,     -0.0319,      0.3153,      0.1318,      5.6803,     11.3605,      1.1650,     29.4745,     58.9490,      0.0196,      0.0002,      0.0156,      0.2132,   8003.3838,-421300.1875,   -910.0908,    560.6048,  26677.9453,
       1,     170,     295,      22,       1,       3,       1,     10.0000,      1.4166,     42.8476,    252.9087,     63.6473,      3.4953,      0.0000,     -0.0318,      0.3062,      0.1285,      5.6803,     11.3605,      1.1357,     29.4745,     58.9490,      0.0196,      0.0002,      0.0156,      0.2132,   8003.3838,-421233.5312,   -910.0777,    560.6095,  26677.9414,
       1,     170,     295,      23,       1,       3,       1,     10.0000,      1.4166,     42.8476,    252.9087,     63.6473,      3.4953,      0.0000,     -0.0317,      0.3023,      0.1271,      5.6803,     11.3605,      1.1231,     29.4745,     58.9490,      0.0196,      0.0002,      0.0156,      0.2132,   8003.3828,-421217.7188,   -910.0759,    560.6106,  26677.9453,
       1,     170,     295,      24,       1,       3,       1,     10.0000,      1.4166,     42.8476,    252.9087,     63.6473,      3.4953,      0.0000,     -0.0316,      0.2971,      0.1252,      5.6803,     11.3605,      1.1060,     29.4745,     58.9490,      0.0196,      0.0002,      0.0156,      0.2132,   8003.3838,-421211.2188,   -910.0735,    560.6111,  26677.9434,
       1,     170,     296,       1,       1,       3,       1,     10.0000,      1.4166,     42.8480,    252.9147,     63.6487,      3.4953,      0.0000,     -0.0314,      0.2859,      0.1210,      5.6801,     11.3602,      1.0694,     29.4743,     58.9486,      0.0196,      0.0002,      0.0156,      0.2133,   8003.3833,-421359.4062,   -910.3629,    560.6140,  26679.1309,
       1,     170,     296,       2,       1,       3,       1,     10.0000,      1.4166,     42.8480,    252.9147,     63.6487,      3.4953,      0.0000,     -0.0314,      0.3160,      0.1192,      5.6801,     11.3602,      1.0531,     29.4743,     58.9486,      0.0196,      0.0002,      0.0156,      0.2133,   8003.7397,-421206.5312,   -910.0820,    560.6246,  26679.1309,
       1,     170,     296,       3,       1,       3,       1,     10.0000,      1.4166,     42.8480,    252.9147,     63.6487,      3.4953,      0.0000,     -0.0311,      0.2650,      0.1132,      5.6801,     11.3602,      1.0005,     29.4743,     58.9486,      0.0196,      0.0002,      0.0156,      0.2133,   8003.7397,-421229.7500,   -910.0923,    560.6230,  26679.1328,
       1,     170,     296,       4,       1,       3,       1,     10.0000,      1.4166,     42.8480,    252.9147,     63.6487,      3.4953,      0.0000,     -0.0312,      0.2693,      0.1149,      5.6801,     11.3602,      1.0150,     29.4743,     58.9486,      0.0196,      0.0002,      0.0156,      0.2133,   8003.7402,-421170.5312,   -910.0827,    560.6272,  26679.1348,
       1,     170,     296,       5,       1,       3,       1,     10.0000,      1.4166,     42.8480,    252.9147,     63.6487,      3.4953,      0.0000,     -0.0314,      0.2816,      0.1194,      5.6801,     11.3602,      1.0553,     29.4743,     58.9486,      0.0196,      0.0002,      0.0156,      0.2133,   8003.7407,-421170.5938,   -910.0837,    560.6271,  26679.1328,
       1,     170,     296,       6,       1,       3,       1,     10.0000,      1.4166,     42.8480,    252.9147,     63.6487,      3.4953,      0.0000,     -0.0315,      0.2886,      0.1220,      5.6801,     11.3602,      1.0782,     29.4743,     58.9486,      0.0196,      0.0002,      0.0156,      0.2133,   8003.7402,-421185.5000,   -910.0881,    560.6262,  26679.1309,
       1,     170,     296,       7,       1,       3,       1,     10.0000,      1.4166,     42.8480,    252.9147,     63.6487,      3.4953,      0.0000,     -0.0316,      0.2933,      0.1238,      5.6801,     11.3602,      1.0937,     29.4743,     58.9486,      0.0196,      0.0002,      0.0156,      0.2133,   8003.7397,-421195.2188,   -910.0917,    560.6255,  26679.1328,
       1,     170,     296,       8,       1,       3,       1,     10.0000,      1.4166,     42.8480,    252.9147,     63.6487,      3.4953,      0.0046,     -0.0270,      0.2981,      0.1238,      5.6801,     11.3602,      1.0937,     29.4743,     58.9486,      0.0196,      0.0002,      0.0156,      0.2133,   8003.7402,-421201.4375,   -910.0938,    560.6249,  26679.1328,
       1,     170,     296,       9,       1,       3,       1,     10.0000,      1.4166,     42.8480,    252.9147,     63.6487,      3.4953,      0.0569,      0.0252,      1.4854,      0.1270,      5.6801,     11.3602,      1.1219,     29.4743,     58.9486,      0.0196,      0.0003,      0.0610,      0.2133,   8003.7402,-421207.7812,   -910.1085,    560.6245,  26679.1328,
       1,     170,     296,      10,       1,       3,       1,     10.0000,      1.4166,     42.8480,    252.9147,     63.6487,      3.4953,      0.1185,      0.0863,     11.5762,      0.1420,      5.6801,     11.3602,      1.2545,     29.4743,     58.9486,      0.0196,      0.0010,      0.1468,      0.2133,   8003.7402,-422625.4688,   -910.5198,    560.5251,  26679.1328,
       1,     170,     296,      11,       1,       3,       1,     10.0000,      1.4166,     42.8480,    252.9147,     63.6487,      3.4953,      0.1525,      0.1198,     25.6418,      0.1531,      5.6801,     11.3602,      1.3532,     29.4743,     58.9486,      0.0196,      0.0016,      0.1934,      0.2133,   8003.7402,-434788.9375,   -913.4240,    559.6730,  26679.1328,
       1,     170,     296,      12,       1,       3,       1,     10.0000,      1.4166,     42.8480,    252.9147,     63.6487,      3.4953,      0.1664,      0.1337,     27.7981,      0.1527,      5.6801,     11.3602,      1.3491,     29.4743,     58.9486,      0.0196,      0.0016,      0.2128,      0.2132,   8003.7402,-452600.0000,   -916.8933,    558.4276,  26679.1348,
       1,     170,     296,      13,       1,       3,       1,     10.0000,      1.4166,     42.8480,    252.9147,     63.6487,      3.4953,      0.1919,      0.1594,     20.6738,      0.1501,      5.6801,     11.3602,      1.3262,     29.4743,     58.9486,      0.0196,      0.0010,      0.2500,      0.2132,   8003.7407,-456665.8438,   -918.6656,    558.1451,  26679.1328,
       1,     170,     296,      14,       1,       3,       1,     10.0000,      1.4166,     42.8480,    252.9147,     63.6487,      3.4953,      0.1869,      0.1544,     23.6750,      0.1483,      5.6801,     11.3602,      1.3102,     29.4743,     58.9486,      0.0196,      0.0012,      0.2425,      0.2132,   8003.7402,-448496.0625,   -918.3344,    558.7152,  26679.1328,
       1,     170,     296,      15,       1,       3,       1,     10.0000,      1.4166,     42.8480,    252.9147,     63.6487,      3.4953,      0.1627,      0.1302,     23.2146,      0.1493,      5.6801,     11.3602,      1.3195,     29.4743,     58.9486,      0.0196,      0.0013,      0.2082,      0.2132,   8003.7402,-451398.4688,   -919.8232,    558.5128,  26679.1348,
       1,     170,     296,      16,       1,       3,       1,     10.0000,      1.4166,     42.8480,    252.9147,     63.6487,      3.4953,      0.1790,      0.1461,     36.8680,      0.1589,      5.6801,     11.3602,      1.4044,     29.4743,     58.9486,      0.0196,      0.0019,      0.2299,      0.2132,   8003.7407,-451090.6250,   -920.5074,    558.5344,  26679.1328,
       1,     170,     296,      17,       1,       3,       1,     10.0000,      1.4166,     42.8480,    252.9147,     63.6487,      3.4953,      0.1358,      0.1032,     22.6222,      0.1505,      5.6801,     11.3602,      1.3302,     29.4743,     58.9486,      0.0196,      0.0016,      0.1699,      0.2132,   8003.7402,-467368.8438,   -924.5405,    557.3978,  26679.1309,
       1,     170,     296,      18,       1,       3,       1,     10.0000,      1.4166,     42.8480,    252.9147,     63.6487,      3.4953,      0.1133,      0.0806,     19.4368,      0.1519,      5.6801,     11.3602,      1.3423,     29.4743,     58.9486,      0.0196,      0.0017,      0.1383,      0.2132,   8003.7397,-451715.8125,   -922.2102,    558.4896,  26679.1328,
       1,     170,     296,      19,       1,       3,       1,     10.0000,      1.4166,     42.8480,    252.9147,     63.6487,      3.4953,      0.0476,      0.0152,      5.1623,      0.1455,      5.6801,     11.3602,      1.2853,     29.4743,     58.9486,      0.0196,      0.0013,      0.0468,      0.2132,   8003.7402,-446607.3125,   -921.7344,    558.8473,  26679.1328,
       1,     170,     296,      20,       1,       3,       1,     10.0000,      1.4166,     42.8480,    252.9147,     63.6487,      3.4953,      0.0010,     -0.0312,      1.2405,      0.1404,      5.6801,     11.3602,      1.2406,     29.4743,     58.9486,      0.0196,      0.0010,      0.0156,      0.2132,   8003.7402,-429135.2188,   -918.6972,    560.0680,  26679.1309,
       1,     170,     296,      21,       1,       3,       1,     10.0000,      1.4166,     42.8480,    252.9147,     63.6487,      3.4953,      0.0000,     -0.0322,      1.1521,      0.1407,      5.6801,     11.3602,      1.2431,     29.4743,     58.9486,      0.0196,      0.0009,      0.0156,      0.2132,   8003.7397,-422997.5625,   -917.6129,    560.4990,  26679.1328,
       1,     170,     296,      22,       1,       3,       1,     10.0000,      1.4166,     42.8480,    252.9147,     63.6487,      3.4953,      0.0000,     -0.0322,      1.0789,      0.1414,      5.6801,     11.3602,      1.2495,     29.4743,     58.9486,      0.0196,      0.0008,      0.0156,      0.2133,   8003.7402,-422377.5625,   -917.5582,    560.5426,  26679.1328,
       1,     170,     296,      23,       1,       3,       1,     10.0000,      1.4166,     42.8480,    252.9147,     63.6487,      3.4953,      0.0000,     -0.0323,      0.9868,      0.1425,      5.6801,     11.3602,      1.2596,     29.4743,     58.9486,      0.0196,      0.0008,      0.0156,      0.2133,   8003.7402,-422238.0625,   -917.5813,    560.5524,  26679.1328,
       1,     170,     296,      24,       1,       3,       1,     10.0000,      1.4166,     42.8480,    252.9147,     63.6487,      3.4953,      0.0000,     -0.0322,      0.9532,      0.1411,      5.6801,     11.3602,      1.2469,     29.4743,     58.9486,      0.0196,      0.0007,      0.0156,      0.2133,   8003.7402,-422116.5312,   -917.6100,    560.5609,  26679.1328,
       1,     170,     297,       1,       1,       3,       1,     10.0000,      1.4166,     42.8483,    252.9206,     63.6502,      3.4953,      0.0000,     -0.0322,      0.9723,      0.1408,      5.6809,     11.3617,      1.2444,     29.4719,     58.9437,      0.0196,      0.0008,      0.0156,      0.2133,   8003.7402,-422221.0938,   -917.9388,    560.5666,  26680.3242,
       1,     170,     297,       2,       1,       3,       1,     10.0000,      1.4166,     42.8483,    252.9206,     63.6502,      3.4953,      0.0000,     -0.0322,      0.7389,      0.1394,      5.6809,     11.3617,      1.2319,     29.4719,     58.9437,      0.0196,      0.0006,      0.0156,      0.2133,   8004.0977,-422100.7812,   -917.6858,    560.5750,  26680.3223,
       1,     170,     297,       3,       1,       3,       1,     10.0000,      1.4166,     42.8483,    252.9206,     63.6502,      3.4953,      0.0000,     -0.0320,      0.5408,      0.1358,      5.6809,     11.3617,      1.1999,     29.4719,     58.9437,      0.0196,      0.0004,      0.0156,      0.2133,   8004.0972,-421812.2188,   -917.6653,    560.5952,  26680.3242,
       1,     170,     297,       4,       1,       3,       1,     10.0000,      1.4166,     42.8483,    252.9206,     63.6502,      3.4953,      0.0000,     -0.0320,      0.3729,      0.1345,      5.6809,     11.3617,      1.1889,     29.4719,     58.9437,      0.0196,      0.0003,      0.0156,      0.2133,   8004.0977,-421551.6250,   -917.6341,    560.6136,  26680.3242,
       1,     170,     297,       5,       1,       3,       1,     10.0000,      1.4166,     42.8483,    252.9206,     63.6502,      3.4953,      0.0000,     -0.0320,      0.3889,      0.1340,      5.6809,     11.3617,      1.1841,     29.4719,     58.9437,      0.0196,      0.0003,      0.0156,      0.2133,   8004.0977,-421329.2812,   -917.5983,    560.6291,  26680.3262,
       1,     170,     297,       6,       1,       3,       1,     10.0000,      1.4166,     42.8483,    252.9206,     63.6502,      3.4953,      0.0000,     -0.0318,      0.3424,      0.1309,      5.6809,     11.3617,      1.1568,     29.4719,     58.9437,      0.0196,      0.0003,      0.0156,      0.2133,   8004.0981,-421329.6562,   -917.6050,    560.6291,  26680.3242,
       1,     170,     297,       7,       1,       3,       1,     10.0000,      1.4166,     42.8483,    252.9206,     63.6502,      3.4953,      0.0000,     -0.0319,      0.6817,      0.1333,      5.6809,     11.3617,      1.1781,     29.4719,     58.9437,      0.0196,      0.0005,      0.0156,      0.2133,   8004.0977,-421274.3750,   -915.4872,    560.6329,  26680.3242,
       1,     170,     297,       8,       1,       3,       1,     10.0000,      1.4166,     42.8483,    252.9206,     63.6502,      3.4953,      0.0073,     -0.0245,      0.3113,      0.1304,      5.6809,     11.3617,      1.1521,     29.4719,     58.9437,      0.0196,      0.0002,      0.0156,      0.2133,   8004.0977,-421674.7500,   -913.0268,    560.6049,  26680.3242,
       1,     170,     297,       9,       1,       3,       1,     10.0000,      1.4166,     42.8483,    252.9206,     63.6502,      3.4953,      0.0407,      0.0089,      0.7562,      0.1298,      5.6809,     11.3617,      1.1474,     29.4719,     58.9437,      0.0196,      0.0002,      0.0381,      0.2133,   8004.0977,-421266.0625,   -912.9680,    560.6335,  26680.3242,
       1,     170,     297,      10,       1,       3,       1,     10.0000,      1.4166,     42.8483,    252.9206,     63.6502,      3.4953,      0.1288,      0.0967,      8.4871,      0.1373,      5.6809,     11.3617,      1.2133,     29.4719,     58.9437,      0.0196,      0.0006,      0.1618,      0.2133,   8004.0977,-421762.9062,   -913.1469,    560.5987,  26680.3223,
       1,     170,     297,      11,       1,       3,       1,     10.0000,      1.4166,     42.8483,    252.9206,     63.6502,      3.4953,      0.1665,      0.1340,     19.3671,      0.1502,      5.6809,     11.3617,      1.3275,     29.4719,     58.9437,      0.0196,      0.0011,      0.2140,      0.2133,   8004.0972,-431031.4375,   -915.2710,    559.9493,  26680.3242,
       1,     170,     297,      12,       1,       3,       1,     10.0000,      1.4166,     42.8483,    252.9206,     63.6502,      3.4953,      0.1708,      0.1382,     23.9930,      0.1533,      5.6809,     11.3617,      1.3546,     29.4719,     58.9437,      0.0196,      0.0013,      0.2197,      0.2133,   8004.0977,-444794.1562,   -918.5577,    558.9863,  26680.3242,
       1,     170,     297,      13,       1,       3,       1,     10.0000,      1.4166,     42.8483,    252.9206,     63.6502,      3.4953,      0.1872,      0.1541,     36.5305,      0.1646,      5.6809,     11.3617,      1.4547,     29.4719,     58.9437,      0.0196,      0.0018,      0.2416,      0.2133,   8004.0977,-451468.9062,   -920.5626,    558.5208,  26680.3242,
       1,     170,     297,      14,       1,       3,       1,     10.0000,      1.4166,     42.8483,    252.9206,     63.6502,      3.4953,      0.1910,      0.1576,     49.7623,      0.1743,      5.6809,     11.3617,      1.5400,     29.4719,     58.9437,      0.0196,      0.0024,      0.2456,      0.2133,   8004.0977,-466995.5938,   -924.5587,    557.4370,  26680.3223,
       1,     170,     297,      15,       1,       3,       1,     10.0000,      1.4166,     42.8483,    252.9206,     63.6502,      3.4953,      0.1858,      0.1524,     55.7435,      0.1744,      5.6809,     11.3617,      1.5415,     29.4719,     58.9437,      0.0196,      0.0028,      0.2376,      0.2132,   8004.0972,-484096.9375,   -929.0222,    556.2464,  26680.3242,
       1,     170,     297,      16,       1,       3,       1,     10.0000,      1.4166,     42.8483,    252.9206,     63.6502,      3.4953,      0.1927,      0.1592,     60.0412,      0.1760,      5.6809,     11.3617,      1.5554,     29.4719,     58.9437,      0.0196,      0.0029,      0.2469,      0.2132,   8004.0977,-492670.4688,   -931.8215,    555.6515,  26680.3242,
       1,     170,     297,      17,       1,       3,       1,     10.0000,      1.4166,     42.8483,    252.9206,     63.6502,      3.4953,      0.1775,      0.1440,     56.8359,      0.1783,      5.6809,     11.3617,      1.5757,     29.4719,     58.9437,      0.0196,      0.0030,      0.2256,      0.2132,   8004.0977,-498519.2812,   -934.1149,    555.2457,  26680.3242,
       1,     170,     297,      18,       1,       3,       1,     10.0000,      1.4166,     42.8483,    252.9206,     63.6502,      3.4953,      0.1205,      0.0874,     29.5704,      0.1649,      5.6809,     11.3617,      1.4576,     29.4719,     58.9437,      0.0196,      0.0024,      0.1473,      0.2132,   8004.0977,-495176.7500,   -934.4884,    555.4778,  26680.3242,
       1,     170,     297,      19,       1,       3,       1,     10.0000,      1.4166,     42.8483,    252.9206,     63.6502,      3.4953,      0.0504,      0.0176,      8.1809,      0.1572,      5.6809,     11.3617,      1.3890,     29.4719,     58.9437,      0.0196,      0.0020,      0.0500,      0.2132,   8004.0977,-462321.9062,   -928.7885,    557.7591,  26680.3262,
       1,     170,     297,      20,       1,       3,       1,     10.0000,      1.4166,     42.8483,    252.9206,     63.6502,      3.4953,      0.0017,     -0.0309,      1.8128,      0.1527,      5.6809,     11.3617,      1.3491,     29.4719,     58.9437,      0.0196,      0.0014,      0.0156,      0.2132,   8004.0981,-434053.4375,   -923.6775,    559.7346,  26680.3223,
       1,     170,     297,      21,       1,       3,       1,     10.0000,      1.4166,     42.8483,    252.9206,     63.6502,      3.4953,      0.0000,     -0.0326,      1.4637,      0.1519,      5.6809,     11.3617,      1.3423,     29.4719,     58.9437,      0.0196,      0.0011,      0.0156,      0.2133,   8004.0972,-424096.6875,   -921.8882,    560.4348,  26680.3262,
       1,     170,     297,      22,       1,       3,       1,     10.0000,      1.4166,     42.8483,    252.9206,     63.6502,      3.4953,      0.0000,     -0.0325,      1.1267,      0.1496,      5.6809,     11.3617,      1.3222,     29.4719,     58.9437,      0.0196,      0.0009,      0.0156,      0.2133,   8004.0981,-422844.3438,   -921.7159,    560.5230,  26680.3242,
       1,     170,     297,      23,       1,       3,       1,     10.0000,      1.4166,     42.8483,    252.9206,     63.6502,      3.4953,      0.0000,     -0.0326,      1.0786,      0.1521,      5.6809,     11.3617,      1.3437,     29.4719,     58.9437,      0.0196,      0.0008,      0.0156,      0.2133,   8004.0977,-422337.0312,   -921.6598,    560.5585,  26680.3223,
       1,     170,     297,      24,       1,       3,       1,     10.0000,      1.4166,     42.8483,    252.9206,     63.6502,      3.4953,      0.0000,     -0.0326,      0.9112,      0.1521,      5.6809,     11.3617,      1.3437,     29.4719,     58.9437,      0.0196,      0.0007,      0.0156,      0.2133,   8004.0972,-422237.5000,   -921.6747,    560.5655,  26680.3242,
       1,     170,     298,       1,       1,       3,       1,     10.0000,      1.4167,     42.8486,    252.9265,     63.6517,      3.4953,      0.0000,     -0.0325,      0.7571,      0.1477,      5.6807,     11.3615,      1.3050,     29.4716,     58.9432,      0.0196,      0.0006,      0.0156,      0.2133,   8004.0977,-422183.8125,   -921.9555,    560.5825,  26681.5137,
       1,     170,     298,       2,       1,       3,       1,     10.0000,      1.4167,     42.8486,    252.9265,     63.6517,      3.4953,      0.0000,     -0.0323,      0.7248,      0.1433,      5.6807,     11.3615,      1.2661,     29.4716,     58.9432,      0.0196,      0.0006,      0.0156,      0.2133,   8004.4546,-421843.6250,   -921.6509,    560.6063,  26681.5137,
       1,     170,     298,       3,       1,       3,       1,     10.0000,      1.4167,     42.8486,    252.9265,     63.6517,      3.4953,      0.0000,     -0.0321,      0.5896,      0.1373,      5.6807,     11.3615,      1.2133,     29.4716,     58.9432,      0.0196,      0.0005,      0.0156,      0.2133,   8004.4546,-421776.5625,   -921.6631,    560.6110,  26681.5137,
       1,     170,     298,       4,       1,       3,       1,     10.0000,      1.4167,     42.8486,    252.9265,     63.6517,      3.4953,      0.0000,     -0.0320,      0.3502,      0.1354,      5.6807,     11.3615,      1.1962,     29.4716,     58.9432,      0.0196,      0.0003,      0.0156,      0.2133,   8004.4546,-421609.7188,   -921.6470,    560.6226,  26681.5137,
       1,     170,     298,       5,       1,       3,       1,     10.0000,      1.4167,     42.8486,    252.9265,     63.6517,      3.4953,      0.0000,     -0.0322,      0.4690,      0.1393,      5.6807,     11.3615,      1.2307,     29.4716,     58.9432,      0.0196,      0.0004,      0.0156,      0.2133,   8004.4546,-421310.0938,   -921.5929,    560.6437,  26681.5156,
       1,     170,     298,       6,       1,       3,       1,     10.0000,      1.4167,     42.8486,    252.9265,     63.6517,      3.4953,      0.0000,     -0.0321,      0.5764,      0.1372,      5.6807,     11.3615,      1.2121,     29.4716,     58.9432,      0.0196,      0.0004,      0.0156,      0.2133,   8004.4551,-421426.3750,   -921.6233,    560.6356,  26681.5156,
       1,     170,     298,       7,       1,       3,       1,     10.0000,      1.4167,     42.8486,    252.9265,     63.6517,      3.4953,      0.0000,     -0.0321,      0.3739,      0.1374,      5.6807,     11.3615,      1.2146,     29.4716,     58.9432,      0.0196,      0.0003,      0.0156,      0.2133,   8004.4551,-421564.1875,   -921.6650,    560.6259,  26681.5117,
       1,     170,     298,       8,       1,       3,       1,     10.0000,      1.4167,     42.8486,    252.9265,     63.6517,      3.4953,      0.0106,     -0.0214,      0.3257,      0.1356,      5.6807,     11.3615,      1.1987,     29.4716,     58.9432,      0.0196,      0.0003,      0.0156,      0.2133,   8004.4536,-421334.6875,   -921.6262,    560.6420,  26681.5137,
       1,     170,     298,       9,       1,       3,       1,     10.0000,      1.4167,     42.8486,    252.9265,     63.6517,      3.4953,      0.1282,      0.0955,     18.1311,      0.1566,      5.6807,     11.3615,      1.3835,     29.4716,     58.9432,      0.0196,      0.0014,      0.1597,      0.2133,   8004.4546,-421257.7500,   -921.6349,    560.6473,  26681.5137,
       1,     170,     298,      10,       1,       3,       1,     10.0000,      1.4167,     42.8486,    252.9265,     63.6517,      3.4953,      0.1675,      0.1337,     56.5286,      0.1848,      5.6807,     11.3615,      1.6332,     29.4716,     58.9432,      0.0196,      0.0032,      0.2113,      0.2133,   8004.4546,-442499.3750,   -926.0620,    559.1588,  26681.5156,
       1,     170,     298,      11,       1,       3,       1,     10.0000,      1.4167,     42.8486,    252.9265,     63.6517,      3.4953,      0.1910,      0.1570,     75.3240,      0.1917,      5.6807,     11.3615,      1.6943,     29.4716,     58.9432,      0.0196,      0.0037,      0.2429,      0.2133,   8004.4551,-490115.3438,   -935.9496,    555.8326,  26681.5137,
       1,     170,     298,      12,       1,       3,       1,     10.0000,      1.4167,     42.8486,    252.9265,     63.6517,      3.4953,      0.1872,      0.1526,    101.2838,      0.2115,      5.6807,     11.3615,      1.8685,     29.4716,     58.9432,      0.0196,      0.0052,      0.2347,      0.2132,   8004.4546,-516567.7188,   -942.0912,    554.0045,  26681.5098,
       1,     170,     298,      13,       1,       3,       1,     10.0000,      1.4167,     42.8486,    252.9265,     63.6517,      3.4953,      0.1727,      0.1384,     76.0948,      0.2041,      5.6807,     11.3615,      1.8033,     29.4716,     58.9432,      0.0196,      0.0042,      0.2167,      0.2132,   8004.4531,-549792.4375,   -949.6861,    551.7068,  26681.5117,
       1,     170,     298,      14,       1,       3,       1,     10.0000,      1.4167,     42.8486,    252.9265,     63.6517,      3.4953,      0.1974,      0.1629,     95.1327,      0.2088,      5.6807,     11.3615,      1.8447,     29.4716,     58.9432,      0.0196,      0.0046,      0.2500,      0.2132,   8004.4536,-522452.0625,   -945.2391,    553.5970,  26681.5117,
       1,     170,     298,      15,       1,       3,       1,     10.0000,      1.4167,     42.8486,    252.9265,     63.6517,      3.4953,      0.1988,      0.1638,    114.7868,      0.2254,      5.6807,     11.3615,      1.9918,     29.4716,     58.9432,      0.0196,      0.0055,      0.2500,      0.2132,   8004.4536,-542933.6875,   -950.2650,    552.1828,  26681.5117,
       1,     170,     298,      16,       1,       3,       1,     10.0000,      1.4167,     42.8486,    252.9265,     63.6517,      3.4953,      0.1803,      0.1457,     94.6475,      0.2140,      5.6807,     11.3615,      1.8907,     29.4716,     58.9432,      0.0196,      0.0051,      0.2256,      0.2132,   8004.4536,-568138.6250,   -956.1970,    550.4450,  26681.5137,
       1,     170,     298,      17,       1,       3,       1,     10.0000,      1.4167,     42.8486,    252.9265,     63.6517,      3.4953,      0.0597,      0.0260,     16.1008,      0.1841,      5.6807,     11.3615,      1.6267,     29.4716,     58.9432,      0.0196,      0.0031,      0.0617,      0.2131,   8004.4546,-546156.0625,   -952.6188,    551.9602,  26681.5117,
       1,     170,     298,      18,       1,       3,       1,     10.0000,      1.4167,     42.8486,    252.9265,     63.6517,      3.4953,      0.0196,     -0.0134,      0.7021,      0.1628,      5.6807,     11.3615,      1.4387,     29.4716,     58.9432,      0.0196,      0.0012,      0.0068,      0.2132,   8004.4536,-450418.3125,   -925.7850,    558.5678,  26681.5117,
       1,     170,     298,      19,       1,       3,       1,     10.0000,      1.4167,     42.8486,    252.9265,     63.6517,      3.4953,      0.0158,     -0.0169,      0.0631,      0.1547,      5.6807,     11.3615,      1.3669,     29.4716,     58.9432,      0.0196,      0.0004,      0.0019,      0.2133,   8004.4536,-424179.0312,   -918.3486,    560.4396,  26681.5117,
       1,     170,     298,      20,       1,       3,       1,     10.0000,      1.4167,     42.8486,    252.9265,     63.6517,      3.4953,      0.0004,     -0.0323,      0.5218,      0.1527,      5.6807,     11.3615,      1.3491,     29.4716,     58.9432,      0.0196,      0.0004,      0.0156,      0.2133,   8004.4536,-421186.0312,   -917.8416,    560.6523,  26681.5117,
       1,     170,     298,      21,       1,       3,       1,     10.0000,      1.4167,     42.8486,    252.9265,     63.6517,      3.4953,      0.0000,     -0.0327,      0.4812,      0.1527,      5.6807,     11.3615,      1.3491,     29.4716,     58.9432,      0.0196,      0.0004,      0.0156,      0.2133,   8004.4536,-421479.5625,   -917.9143,    560.6318,  26681.5117,
       1,     170,     298,      22,       1,       3,       1,     10.0000,      1.4167,     42.8486,    252.9265,     63.6517,      3.4953,      0.0000,     -0.0327,      0.4144,      0.1530,      5.6807,     11.3615,      1.3519,     29.4716,     58.9432,      0.0196,      0.0003,      0.0156,      0.2133,   8004.4536,-421455.6562,   -917.9232,    560.6335,  26681.5117,
       1,     170,     298,      23,       1,       3,       1,     10.0000,      1.4167,     42.8486,    252.9265,     63.6517,      3.4953,      0.0000,     -0.0328,      0.4789,      0.1563,      5.6807,     11.3615,      1.3807,     29.4716,     58.9432,      0.0196,      0.0004,      0.0156,      0.2133,   8004.4536,-421373.9375,   -917.9116,    560.6392,  26681.5117,
       1,     170,     298,      24,       1,       3,       1,     10.0000,      1.4167,     42.8486,    252.9265,     63.6517,      3.4953,      0.0000,     -0.0327,      0.5706,      0.1550,      5.6807,     11.3615,      1.3697,     29.4716,     58.9432,      0.0196,      0.0004,      0.0156,      0.2133,   8004.4536,-421444.1562,   -911.3030,    560.6343,  26681.5156,
       1,     170,     299,       1,       1,       3,       1,     10.0000,      1.4167,     42.8490,    252.9325,     63.6532,      3.4953,      0.0000,     -0.0325,      0.3606,      0.1483,      5.6810,     11.3620,      1.3103,     29.4688,     58.9376,      0.0196,      0.0003,      0.0156,      0.2133,   8004.4551,-421713.4688,   -910.4504,    560.6286,  26682.6973,
       1,     170,     299,       2,       1,       3,       1,     10.0000,      1.4167,     42.8490,    252.9325,     63.6532,      3.4953,      0.0000,     -0.0322,      0.3384,      0.1403,      5.6810,     11.3620,      1.2395,     29.4688,     58.9376,      0.0196,      0.0003,      0.0156,      0.2133,   8004.8096,-421334.4375,   -910.0948,    560.6552,  26682.7012,
       1,     170,     299,       3,       1,       3,       1,     10.0000,      1.4167,     42.8490,    252.9325,     63.6532,      3.4953,      0.0000,     -0.0321,      0.3326,      0.1382,      5.6810,     11.3620,      1.2208,     29.4688,     58.9376,      0.0196,      0.0003,      0.0156,      0.2133,   8004.8105,-421275.7188,   -910.0850,    560.6593,  26682.6992,
       1,     170,     299,       4,       1,       3,       1,     10.0000,      1.4167,     42.8490,    252.9325,     63.6532,      3.4953,      0.0000,     -0.0320,      0.3265,      0.1359,      5.6810,     11.3620,      1.2011,     29.4688,     58.9376,      0.0196,      0.0003,      0.0156,      0.2133,   8004.8101,-421264.1875,   -910.0852,    560.6602,  26682.6973,
       1,     170,     299,       5,       1,       3,       1,     10.0000,      1.4167,     42.8490,    252.9325,     63.6532,      3.4953,      0.0000,     -0.0320,      0.3223,      0.1344,      5.6810,     11.3620,      1.1878,     29.4688,     58.9376,      0.0196,      0.0002,      0.0156,      0.2133,   8004.8096,-421256.0312,   -910.0862,    560.6606,  26682.7012,
       1,     170,     299,       6,       1,       3,       1,     10.0000,      1.4167,     42.8490,    252.9325,     63.6532,      3.4953,      0.0000,     -0.0321,      0.3314,      0.1377,      5.6810,     11.3620,      1.2171,     29.4688,     58.9376,      0.0196,      0.0003,      0.0156,      0.2133,   8004.8105,-421250.0000,   -910.0853,    560.6611,  26682.6992,
       1,     170,     299,       7,       1,       3,       1,     10.0000,      1.4167,     42.8490,    252.9325,     63.6532,      3.4953,      0.0000,     -0.0320,      0.3242,      0.1351,      5.6810,     11.3620,      1.1938,     29.4688,     58.9376,      0.0196,      0.0003,      0.0156,      0.2133,   8004.8101,-421260.5938,   -910.0898,    560.6603,  26682.7012,
       1,     170,     299,       8,       1,       3,       1,     10.0000,      1.4167,     42.8490,    252.9325,     63.6532,      3.4953,      0.0194,     -0.0126,      0.1618,      0.1354,      5.6810,     11.3620,      1.1963,     29.4688,     58.9376,      0.0196,      0.0003,      0.0078,      0.2133,   8004.8105,-421252.5625,   -910.0894,    560.6609,  26682.7012,
       1,     170,     299,       9,       1,       3,       1,     10.0000,      1.4167,     42.8490,    252.9325,     63.6532,      3.4953,      0.0916,      0.0593,      2.4676,      0.1449,      5.6810,     11.3620,      1.2802,     29.4688,     58.9376,      0.0196,      0.0003,      0.1096,      0.2133,   8004.8105,-421058.1250,   -910.1091,    560.6746,  26682.7012,
       1,     170,     299,      10,       1,       3,       1,     10.0000,      1.4167,     42.8490,    252.9325,     63.6532,      3.4953,      0.1090,      0.0763,      5.0895,      0.1538,      5.6810,     11.3620,      1.3587,     29.4688,     58.9376,      0.0196,      0.0005,      0.1338,      0.2133,   8004.8105,-423793.1250,   -910.9657,    560.4828,  26682.7012,
       1,     170,     299,      11,       1,       3,       1,     10.0000,      1.4167,     42.8490,    252.9325,     63.6532,      3.4953,      0.1563,      0.1233,     16.4796,      0.1628,      5.6810,     11.3620,      1.4388,     29.4688,     58.9376,      0.0196,      0.0010,      0.1998,      0.2133,   8004.8105,-427150.5000,   -911.9991,    560.2477,  26682.7012,
       1,     170,     299,      12,       1,       3,       1,     10.0000,      1.4167,     42.8490,    252.9325,     63.6532,      3.4953,      0.1813,      0.1478,     37.4014,      0.1773,      5.6810,     11.3620,      1.5664,     29.4688,     58.9376,      0.0196,      0.0019,      0.2332,      0.2133,   8004.8105,-441023.1562,   -915.3888,    559.2762,  26682.6992,
       1,     170,     299,      13,       1,       3,       1,     10.0000,      1.4167,     42.8490,    252.9325,     63.6532,      3.4953,      0.1840,      0.1498,     69.7928,      0.1985,      5.6810,     11.3620,      1.7541,     29.4688,     58.9376,      0.0196,      0.0036,      0.2335,      0.2133,   8004.8101,-467156.1562,   -921.6210,    557.4501,  26682.7012,
       1,     170,     299,      14,       1,       3,       1,     10.0000,      1.4167,     42.8490,    252.9325,     63.6532,      3.4953,      0.1561,      0.1230,     28.0521,      0.1651,      5.6810,     11.3620,      1.4591,     29.4688,     58.9376,      0.0196,      0.0017,      0.1982,      0.2133,   8004.8105,-508020.0938,   -928.1499,    554.6057,  26682.7012,
       1,     170,     299,      15,       1,       3,       1,     10.0000,      1.4167,     42.8490,    252.9325,     63.6532,      3.4953,      0.1029,      0.0711,      7.1556,      0.1295,      5.6810,     11.3620,      1.1439,     29.4688,     58.9376,      0.0196,      0.0007,      0.1253,      0.2132,   8004.8105,-461575.0312,   -918.3929,    557.8326,  26682.7012,
       1,     170,     299,      16,       1,       3,       1,     10.0000,      1.4167,     42.8490,    252.9325,     63.6532,      3.4953,      0.1795,      0.1472,     34.1505,      0.1423,      5.6810,     11.3620,      1.2571,     29.4688,     58.9376,      0.0196,      0.0018,      0.2307,      0.2133,   8004.8105,-432776.1250,   -912.7079,    559.8503,  26682.7031,
       1,     170,     299,      17,       1,       3,       1,     10.0000,      1.4167,     42.8490,    252.9325,     63.6532,      3.4953,      0.1628,      0.1301,     35.7371,      0.1545,      5.6810,     11.3620,      1.3656,     29.4688,     58.9376,      0.0196,      0.0021,      0.2068,      0.2133,   8004.8110,-462586.7812,   -919.7326,    557.7677,  26682.7012,
       1,     170,     299,      18,       1,       3,       1,     10.0000,      1.4167,     42.8490,    252.9325,     63.6532,      3.4953,      0.1364,      0.1037,     24.6183,      0.1519,      5.6810,     11.3620,      1.3424,     29.4688,     58.9376,      0.0196,      0.0017,      0.1706,      0.2133,   8004.8105,-466977.4688,   -921.7565,    557.4655,  26682.7012,
       1,     170,     299,      19,       1,       3,       1,     10.0000,      1.4167,     42.8490,    252.9325,     63.6532,      3.4953,      0.0612,      0.0286,      5.9876,      0.1493,      5.6810,     11.3620,      1.3196,     29.4688,     58.9376,      0.0196,      0.0011,      0.0658,      0.2133,   8004.8105,-454063.4375,   -920.1206,    558.3654,  26682.7012,
       1,     170,     299,      20,       1,       3,       1,     10.0000,      1.4167,     42.8490,    252.9325,     63.6532,      3.4953,      0.0012,     -0.0309,      0.5674,      0.1382,      5.6810,     11.3620,      1.2208,     29.4688,     58.9376,      0.0196,      0.0004,      0.0156,      0.2133,   8004.8105,-430747.4375,   -916.1366,    559.9935,  26682.7012,
       1,     170,     299,      21,       1,       3,       1,     10.0000,      1.4167,     42.8490,    252.9325,     63.6532,      3.4953,      0.0000,     -0.0322,      0.5273,      0.1413,      5.6810,     11.3620,      1.2483,     29.4688,     58.9376,      0.0196,      0.0004,      0.0156,      0.2133,   8004.8105,-422338.0312,   -914.6039,    560.5845,  26682.7031,
       1,     170,     299,      22,       1,       3,       1,     10.0000,      1.4167,     42.8490,    252.9325,     63.6532,      3.4953,      0.0000,     -0.0323,      0.3837,      0.1426,      5.6810,     11.3620,      1.2597,     29.4688,     58.9376,      0.0196,      0.0003,      0.0156,      0.2133,   8004.8110,-421585.2188,   -914.4803,    560.6376,  26682.7012,
       1,     170,     299,      23,       1,       3,       1,     10.0000,      1.4167,     42.8490,    252.9325,     63.6532,      3.4953,      0.0000,     -0.0322,      0.3361,      0.1394,      5.6810,     11.3620,      1.2320,     29.4688,     58.9376,      0.0196,      0.0003,      0.0156,      0.2133,   8004.8105,-421350.6562,   -914.4432,    560.6540,  26682.6992,
       1,     170,     299,      24,       1,       3,       1,     10.0000,      1.4167,     42.8490,    252.9325,     63.6532,      3.4953,      0.0000,     -0.0321,      0.3276,      0.1363,      5.6810,     11.3620,      1.2048,     29.4688,     58.9376,      0.0196,      0.0003,      0.0156,      0.2133,   8004.8101,-421274.6562,   -914.4314,    560.6594,  26682.7012,
       1,     170,     300,       1,       1,       3,       1,     10.0000,      1.4167,     42.8493,    252.9384,     63.6547,      3.4953,      0.0000,     -0.0321,      0.3310,      0.1376,      5.6810,     11.3620,      1.2159,     29.4667,     58.9333,      0.0196,      0.0003,      0.0156,      0.2134,   8004.8105,-421412.8438,   -914.7224,    560.6628,  26683.8906,
       1,     170,     300,       2,       1,       3,       1,     10.0000,      1.4167,     42.8493,    252.9384,     63.6547,      3.4953,      0.0000,     -0.0321,      0.3337,      0.1386,      5.6810,     11.3620,      1.2245,     29.4667,     58.9333,      0.0196,      0.0003,      0.0156,      0.2134,   8005.1675,-421276.6250,   -914.4398,    560.6724,  26683.8906,
       1,     170,     300,       3,       1,       3,       1,     10.0000,      1.4167,     42.8493,    252.9384,     63.6547,      3.4953,      0.0000,     -0.0322,      0.3349,      0.1390,      5.6810,     11.3620,      1.2282,     29.4667,     58.9333,      0.0196,      0.0003,      0.0156,      0.2134,   8005.1675,-421268.3750,   -914.4396,    560.6730,  26683.8926,
       1,     170,     300,       4,       1,       3,       1,     10.0000,      1.4167,     42.8493,    252.9384,     63.6547,      3.4953,      0.0000,     -0.0322,      0.3416,      0.1414,      5.6810,     11.3620,      1.2496,     29.4667,     58.9333,      0.0196,      0.0003,      0.0156,      0.2134,   8005.1680,-421268.8750,   -914.4411,    560.6729,  26683.8906,
       1,     170,     300,       5,       1,       3,       1,     10.0000,      1.4167,     42.8493,    252.9384,     63.6547,      3.4953,      0.0000,     -0.0322,      0.3384,      0.1403,      5.6810,     11.3620,      1.2395,     29.4667,     58.9333,      0.0196,      0.0003,      0.0156,      0.2134,   8005.1675,-421277.1250,   -914.4446,    560.6724,  26683.8906,
       1,     170,     300,       6,       1,       3,       1,     10.0000,      1.4167,     42.8493,    252.9384,     63.6547,      3.4953,      0.0000,     -0.0323,      0.3424,      0.1417,      5.6810,     11.3620,      1.2521,     29.4667,     58.9333,      0.0196,      0.0003,      0.0156,      0.2134,   8005.1675,-421273.9688,   -914.4456,    560.6725,  26683.8906,
       1,     170,     300,       7,       1,       3,       1,     10.0000,      1.4167,     42.8493,    252.9384,     63.6547,      3.4953,      0.0000,     -0.0324,      0.3544,      0.1461,      5.6810,     11.3620,      1.2907,     29.4667,     58.9333,      0.0196,      0.0003,      0.0156,      0.2134,   8005.1675,-421278.5625,   -914.4481,    560.6722,  26683.8906,
       1,     170,     300,       8,       1,       3,       1,     10.0000,      1.4167,     42.8493,    252.9384,     63.6547,      3.4953,      0.0073,     -0.0252,      0.3544,      0.1461,      5.6810,     11.3620,      1.2907,     29.4667,     58.9333,      0.0196,      0.0003,      0.0156,      0.2134,   8005.1675,-421293.2812,   -914.4525,    560.6712,  26683.8887,
       1,     170,     300,       9,       1,       3,       1,     10.0000,      1.4167,     42.8493,    252.9384,     63.6547,      3.4953,      0.0673,      0.0348,      1.9283,      0.1483,      5.6810,     11.3620,      1.3103,     29.4667,     58.9333,      0.0196,      0.0003,      0.0751,      0.2134,   8005.1670,-421294.8125,   -914.4695,    560.6711,  26683.8906,
       1,     170,     300,      10,       1,       3,       1,     10.0000,      1.4167,     42.8493,    252.9384,     63.6547,      3.4953,      0.0426,      0.0102,      1.1575,      0.1455,      5.6810,     11.3620,      1.2854,     29.4667,     58.9333,      0.0196,      0.0003,      0.0401,      0.2134,   8005.1675,-423172.4688,   -910.6365,    560.5396,  26683.8906,
       1,     170,     300,      11,       1,       3,       1,     10.0000,      1.4167,     42.8493,    252.9384,     63.6547,      3.4953,      0.0897,      0.0577,      2.2572,      0.1368,      5.6810,     11.3620,      1.2085,     29.4667,     58.9333,      0.0196,      0.0003,      0.1071,      0.2134,   8005.1675,-422409.7188,   -910.4097,    560.5930,  26683.8926,
       1,     170,     300,      12,       1,       3,       1,     10.0000,      1.4167,     42.8493,    252.9384,     63.6547,      3.4953,      0.1343,      0.1022,      3.6866,      0.1383,      5.6810,     11.3620,      1.2220,     29.4667,     58.9333,      0.0196,      0.0003,      0.1701,      0.2134,   8005.1680,-423657.7812,   -910.9119,    560.5054,  26683.8906,
       1,     170,     300,      13,       1,       3,       1,     10.0000,      1.4167,     42.8493,    252.9384,     63.6547,      3.4953,      0.1794,      0.1467,     22.6240,      0.1518,      5.6810,     11.3620,      1.3411,     29.4667,     58.9333,      0.0196,      0.0012,      0.2319,      0.2134,   8005.1675,-425467.9062,   -911.5864,    560.3787,  26683.8906,
       1,     170,     300,      14,       1,       3,       1,     10.0000,      1.4167,     42.8493,    252.9384,     63.6547,      3.4953,      0.1934,      0.1605,     39.4898,      0.1585,      5.6810,     11.3620,      1.4003,     29.4667,     58.9333,      0.0196,      0.0019,      0.2500,      0.2134,   8005.1675,-448214.0312,   -916.7375,    558.7854,  26683.8906,
       1,     170,     300,      15,       1,       3,       1,     10.0000,      1.4167,     42.8493,    252.9384,     63.6547,      3.4953,      0.1521,      0.1193,     20.9205,      0.1575,      5.6810,     11.3620,      1.3919,     29.4667,     58.9333,      0.0196,      0.0013,      0.1934,      0.2133,   8005.1675,-470250.5625,   -920.5190,    557.2484,  26683.8906,
       1,     170,     300,      16,       1,       3,       1,     10.0000,      1.4167,     42.8493,    252.9384,     63.6547,      3.4953,      0.1499,      0.1170,     21.7983,      0.1606,      5.6810,     11.3620,      1.4187,     29.4667,     58.9333,      0.0196,      0.0014,      0.1901,      0.2133,   8005.1675,-449922.8125,   -917.5881,    558.6665,  26683.8906,
       1,     170,     300,      17,       1,       3,       1,     10.0000,      1.4167,     42.8493,    252.9384,     63.6547,      3.4953,      0.1528,      0.1197,     26.5594,      0.1670,      5.6810,     11.3620,      1.4753,     29.4667,     58.9333,      0.0196,      0.0017,      0.1937,      0.2133,   8005.1675,-449277.4688,   -916.0538,    558.7134,  26683.8906,
       1,     170,     300,      18,       1,       3,       1,     10.0000,      1.4167,     42.8493,    252.9384,     63.6547,      3.4953,      0.1079,      0.0748,     16.4174,      0.1658,      5.6810,     11.3620,      1.4650,     29.4667,     58.9333,      0.0196,      0.0015,      0.1308,      0.2133,   8005.1675,-454904.0312,   -917.9625,    558.3204,  26683.8906,
       1,     170,     300,      19,       1,       3,       1,     10.0000,      1.4167,     42.8493,    252.9384,     63.6547,      3.4953,      0.0383,      0.0054,      2.9645,      0.1599,      5.6810,     11.3620,      1.4131,     29.4667,     58.9333,      0.0196,      0.0011,      0.0334,      0.2133,   8005.1675,-443268.1875,   -916.3845,    559.1327,  26683.8926,
       1,     170,     300,      20,       1,       3,       1,     10.0000,      1.4167,     42.8493,    252.9384,     63.6547,      3.4953,      0.0008,     -0.0319,      1.1086,      0.1550,      5.6810,     11.3620,      1.3697,     29.4667,     58.9333,      0.0196,      0.0009,      0.0156,      0.2133,   8005.1680,-426242.8438,   -913.4866,    560.3231,  26683.8906,
       1,     170,     300,      21,       1,       3,       1,     10.0000,      1.4167,     42.8493,    252.9384,     63.6547,      3.4953,      0.0000,     -0.0327,      0.9553,      0.1544,      5.6810,     11.3620,      1.3642,     29.4667,     58.9333,      0.0196,      0.0007,      0.0156,      0.2134,   8005.1675,-422609.5000,   -912.9122,    560.5789,  26683.8906,
       1,     170,     300,      22,       1,       3,       1,     10.0000,      1.4167,     42.8493,    252.9384,     63.6547,      3.4953,      0.0000,     -0.0328,      0.8350,      0.1561,      5.6810,     11.3620,      1.3794,     29.4667,     58.9333,      0.0196,      0.0006,      0.0156,      0.2134,   8005.1675,-422121.4062,   -912.8870,    560.6132,  26683.8906,
       1,     170,     300,      23,       1,       3,       1,     10.0000,      1.4167,     42.8493,    252.9384,     63.6547,      3.4953,      0.0000,     -0.0328,      0.7167,      0.1574,      5.6810,     11.3620,      1.3905,     29.4667,     58.9333,      0.0196,      0.0006,      0.0156,      0.2134,   8005.1675,-421937.0312,   -912.9006,    560.6260,  26683.8926,
       1,     170,     300,      24,       1,       3,       1,     10.0000,      1.4167,     42.8493,    252.9384,     63.6547,      3.4953,      0.0000,     -0.0328,      0.6735,      0.1569,      5.6810,     11.3620,      1.3863,     29.4667,     58.9333,      0.0196,      0.0005,      0.0156,      0.2134,   8005.1680,-421780.3750,   -912.9033,    560.6371,  26683.8906,
       1,     170,     301,       1,       1,       3,       1,     10.0000,      1.4167,     42.8496,    252.9444,     63.6562,      3.4953,      0.0000,     -0.0325,      0.3602,      0.1481,      5.6819,     11.3637,      1.3091,     29.4589,     58.9178,      0.0196,      0.0003,      0.0156,      0.2134,   8005.1675,-421870.6250,   -913.2169,    560.6440,  26685.0781,
       1,     170,     301,       2,       1,       3,       1,     10.0000,      1.4167,     42.8496,    252.9444,     63.6562,      3.4953,      0.0000,     -0.0322,      0.4183,      0.1411,      5.6819,     11.3637,      1.2471,     29.4589,     58.9178,      0.0196,      0.0003,      0.0156,      0.2134,   8005.5239,-421352.6250,   -912.8657,    560.6803,  26685.0801,
       1,     170,     301,       3,       1,       3,       1,     10.0000,      1.4167,     42.8496,    252.9444,     63.6562,      3.4953,      0.0000,     -0.0321,      0.6168,      0.1377,      5.6819,     11.3637,      1.2171,     29.4589,     58.9178,      0.0196,      0.0005,      0.0156,      0.2134,   8005.5244,-421378.4062,   -912.8817,    560.6785,  26685.0762,
       1,     170,     301,       4,       1,       3,       1,     10.0000,      1.4167,     42.8496,    252.9444,     63.6562,      3.4953,      0.0000,     -0.0320,      0.5892,      0.1352,      5.6819,     11.3637,      1.1951,     29.4589,     58.9178,      0.0196,      0.0005,      0.0156,      0.2134,   8005.5229,-421617.7500,   -912.9593,    560.6617,  26685.0781,
       1,     170,     301,       5,       1,       3,       1,     10.0000,      1.4167,     42.8496,    252.9444,     63.6562,      3.4953,      0.0000,     -0.0318,      0.3375,      0.1309,      5.6819,     11.3637,      1.1569,     29.4589,     58.9178,      0.0196,      0.0003,      0.0156,      0.2134,   8005.5239,-421604.6562,   -912.9865,    560.6627,  26685.0781,
       1,     170,     301,       6,       1,       3,       1,     10.0000,      1.4167,     42.8496,    252.9444,     63.6562,      3.4953,      0.0000,     -0.0317,      0.3056,      0.1283,      5.6819,     11.3637,      1.1336,     29.4589,     58.9178,      0.0196,      0.0002,      0.0156,      0.2134,   8005.5239,-421303.1875,   -912.9348,    560.6837,  26685.0781,
       1,     170,     301,       7,       1,       3,       1,     10.0000,      1.4167,     42.8496,    252.9444,     63.6562,      3.4953,      0.0000,     -0.0317,      0.3056,      0.1283,      5.6819,     11.3637,      1.1336,     29.4589,     58.9178,      0.0196,      0.0002,      0.0156,      0.2134,   8005.5239,-421240.0000,   -912.9244,    560.6882,  26685.0781,
       1,     170,     301,       8,       1,       3,       1,     10.0000,      1.4167,     42.8496,    252.9444,     63.6562,      3.4953,      0.0140,     -0.0177,      0.0115,      0.1265,      5.6819,     11.3637,      1.1175,     29.4589,     58.9178,      0.0196,      0.0002,      0.0006,      0.2134,   8005.5239,-421234.7188,   -912.9250,    560.6886,  26685.0781,
       1,     170,     301,       9,       1,       3,       1,     10.0000,      1.4167,     42.8496,    252.9444,     63.6562,      3.4953,      0.1213,      0.0892,      7.5372,      0.1368,      5.6819,     11.3637,      1.2085,     29.4589,     58.9178,      0.0196,      0.0006,      0.1512,      0.2134,   8005.5239,-420883.4062,   -912.9050,    560.7131,  26685.0781,
       1,     170,     301,      10,       1,       3,       1,     10.0000,      1.4167,     42.8496,    252.9444,     63.6562,      3.4953,      0.1673,      0.1341,     51.1058,      0.1707,      5.6819,     11.3637,      1.5081,     29.4589,     58.9178,      0.0196,      0.0029,      0.2116,      0.2134,   8005.5239,-429831.7500,   -915.0644,    560.0860,  26685.0781,
       1,     170,     301,      11,       1,       3,       1,     10.0000,      1.4167,     42.8496,    252.9444,     63.6562,      3.4953,      0.1548,      0.1219,     35.0724,      0.1598,      5.6819,     11.3637,      1.4117,     29.4589,     58.9178,      0.0196,      0.0022,      0.1956,      0.2134,   8005.5239,-482561.1875,   -926.1815,    556.3947,  26685.0781,
       1,     170,     301,      12,       1,       3,       1,     10.0000,      1.4167,     42.8496,    252.9444,     63.6562,      3.4953,      0.1841,      0.1508,     52.0409,      0.1710,      5.6819,     11.3637,      1.5112,     29.4589,     58.9178,      0.0196,      0.0027,      0.2354,      0.2133,   8005.5239,-467853.1875,   -924.4084,    557.4297,  26685.0781,
       1,     170,     301,      13,       1,       3,       1,     10.0000,      1.4167,     42.8496,    252.9444,     63.6562,      3.4953,      0.1769,      0.1435,     51.5491,      0.1743,      5.6819,     11.3637,      1.5401,     29.4589,     58.9178,      0.0196,      0.0028,      0.2252,      0.2133,   8005.5239,-486871.3438,   -929.2741,    556.1056,  26685.0781,
       1,     170,     301,      14,       1,       3,       1,     10.0000,      1.4167,     42.8496,    252.9444,     63.6562,      3.4953,      0.1893,      0.1554,     64.5127,      0.1874,      5.6819,     11.3637,      1.6562,     29.4589,     58.9178,      0.0196,      0.0032,      0.2416,      0.2133,   8005.5239,-487872.9688,   -930.5638,    556.0375,  26685.0781,
       1,     170,     301,      15,       1,       3,       1,     10.0000,      1.4167,     42.8496,    252.9444,     63.6562,      3.4953,      0.1869,      0.1530,     62.5539,      0.1919,      5.6819,     11.3637,      1.6961,     29.4589,     58.9178,      0.0196,      0.0032,      0.2385,      0.2133,   8005.5239,-503434.3750,   -934.8567,    554.9560,  26685.0781,
       1,     170,     301,      16,       1,       3,       1,     10.0000,      1.4167,     42.8496,    252.9444,     63.6562,      3.4953,      0.1802,      0.1462,     58.7125,      0.1950,      5.6819,     11.3637,      1.7232,     29.4589,     58.9178,      0.0196,      0.0031,      0.2293,      0.2133,   8005.5239,-502394.2500,   -935.8320,    555.0291,  26685.0762,
       1,     170,     301,      17,       1,       3,       1,     10.0000,      1.4167,     42.8496,    252.9444,     63.6562,      3.4953,      0.1294,      0.0961,     26.0624,      0.1724,      5.6819,     11.3637,      1.5233,     29.4589,     58.9178,      0.0196,      0.0020,      0.1603,      0.2133,   8005.5229,-497718.7188,   -935.9182,    555.3536,  26685.0781,
       1,     170,     301,      18,       1,       3,       1,     10.0000,      1.4167,     42.8496,    252.9444,     63.6562,      3.4953,      0.1099,      0.0773,     12.2233,      0.1513,      5.6819,     11.3637,      1.3371,     29.4589,     58.9178,      0.0196,      0.0011,      0.1344,      0.2133,   8005.5239,-458336.1875,   -928.8664,    558.0875,  26685.0781,
       1,     170,     301,      19,       1,       3,       1,     10.0000,      1.4167,     42.8496,    252.9444,     63.6562,      3.4953,      0.0212,     -0.0113,      0.4695,      0.1493,      5.6819,     11.3637,      1.3197,     29.4589,     58.9178,      0.0196,      0.0006,      0.0097,      0.2134,   8005.5239,-438556.2500,   -925.3408,    559.4741,  26685.0781,
       1,     170,     301,      20,       1,       3,       1,     10.0000,      1.4167,     42.8496,    252.9444,     63.6562,      3.4953,      0.0007,     -0.0318,      0.8215,      0.1472,      5.6819,     11.3637,      1.3011,     29.4589,     58.9178,      0.0196,      0.0006,      0.0156,      0.2134,   8005.5239,-422877.4688,   -922.3958,    560.5724,  26685.0781,
       1,     170,     301,      21,       1,       3,       1,     10.0000,      1.4167,     42.8496,    252.9444,     63.6562,      3.4953,      0.0000,     -0.0324,      0.9414,      0.1464,      5.6819,     11.3637,      1.2933,     29.4589,     58.9178,      0.0196,      0.0007,      0.0156,      0.2134,   8005.5239,-421988.3125,   -922.2507,    560.6357,  26685.0781,
       1,     170,     301,      22,       1,       3,       1,     10.0000,      1.4167,     42.8496,    252.9444,     63.6562,      3.4953,      0.0000,     -0.0325,      0.5368,      0.1477,      5.6819,     11.3637,      1.3051,     29.4589,     58.9178,      0.0196,      0.0004,      0.0156,      0.2134,   8005.5239,-422055.8438,   -922.2889,    560.6310,  26685.0781,
       1,     170,     301,      23,       1,       3,       1,     10.0000,      1.4167,     42.8496,    252.9444,     63.6562,      3.4953,      0.0000,     -0.0325,      0.5394,      0.1484,      5.6819,     11.3637,      1.3117,     29.4589,     58.9178,      0.0196,      0.0004,      0.0156,      0.2134,   8005.5239,-421578.7812,   -922.2072,    560.6645,  26685.0762,
       1,     170,     301,      24,       1,       3,       1,     10.0000,      1.4167,     42.8496,    252.9444,     63.6562,      3.4953,      0.0000,     -0.0324,      0.3742,      0.1465,      5.6819,     11.3637,      1.2946,     29.4589,     58.9178,      0.0196,      0.0003,      0.0156,      0.2134,   8005.5229,-421542.0938,   -922.2099,    560.6670,  26685.0781,
       1,     170,     302,       1,       1,       3,       1,     10.0000,      1.4168,     42.8500,    252.9503,     63.6577,      3.4953,      0.0000,     -0.0325,      0.4166,      0.1492,      5.6809,     11.3618,      1.3184,     29.4589,     58.9179,      0.0196,      0.0003,      0.0156,      0.2134,   8005.5239,-421497.0312,   -922.4764,    560.6833,  26686.2695,
       1,     170,     302,       2,       1,       3,       1,     10.0000,      1.4168,     42.8500,    252.9503,     63.6577,      3.4953,      0.0000,     -0.0325,      0.3615,      0.1486,      5.6809,     11.3618,      1.3130,     29.4589,     58.9179,      0.0196,      0.0003,      0.0156,      0.2134,   8005.8813,-421391.6562,   -922.1929,    560.6908,  26686.2695,
       1,     170,     302,       3,       1,       3,       1,     10.0000,      1.4168,     42.8500,    252.9503,     63.6577,      3.4953,      0.0000,     -0.0324,      0.3549,      0.1462,      5.6809,     11.3618,      1.2920,     29.4589,     58.9179,      0.0196,      0.0003,      0.0156,      0.2134,   8005.8813,-421317.0312,   -922.1804,    560.6959,  26686.2695,
       1,     170,     302,       4,       1,       3,       1,     10.0000,      1.4168,     42.8500,    252.9503,     63.6577,      3.4953,      0.0000,     -0.0324,      0.3516,      0.1450,      5.6809,     11.3618,      1.2816,     29.4589,     58.9179,      0.0196,      0.0003,      0.0156,      0.2134,   8005.8813,-421303.0625,   -922.1794,    560.6970,  26686.2695,
       1,     170,     302,       5,       1,       3,       1,     10.0000,      1.4168,     42.8500,    252.9503,     63.6577,      3.4953,      0.0000,     -0.0325,      0.3590,      0.1477,      5.6809,     11.3618,      1.3051,     29.4589,     58.9179,      0.0196,      0.0003,      0.0156,      0.2134,   8005.8813,-421297.8438,   -922.1801,    560.6973,  26686.2695,
       1,     170,     302,       6,       1,       3,       1,     10.0000,      1.4168,     42.8500,    252.9503,     63.6577,      3.4953,      0.0000,     -0.0325,      0.3590,      0.1477,      5.6809,     11.3618,      1.3051,     29.4589,     58.9179,      0.0196,      0.0003,      0.0156,      0.2134,   8005.8813,-421306.3438,   -922.1836,    560.6968,  26686.2715,
       1,     170,     302,       7,       1,       3,       1,     10.0000,      1.4168,     42.8500,    252.9503,     63.6577,      3.4953,      0.0000,     -0.0324,      0.3553,      0.1464,      5.6809,     11.3618,      1.2933,     29.4589,     58.9179,      0.0196,      0.0003,      0.0156,      0.2134,   8005.8818,-421306.7500,   -922.1848,    560.6967,  26686.2715,
       1,     170,     302,       8,       1,       3,       1,     10.0000,      1.4168,     42.8500,    252.9503,     63.6577,      3.4953,      0.0090,     -0.0234,      0.4050,      0.1453,      5.6809,     11.3618,      1.2842,     29.4589,     58.9179,      0.0196,      0.0003,      0.0156,      0.2134,   8005.8818,-421302.4062,   -922.1855,    560.6970,  26686.2676,
       1,     170,     302,       9,       1,       3,       1,     10.0000,      1.4168,     42.8500,    252.9503,     63.6577,      3.4953,      0.1263,      0.0933,     14.6600,      0.1606,      5.6809,     11.3618,      1.4188,     29.4589,     58.9179,      0.0196,      0.0011,      0.1572,      0.2134,   8005.8804,-421361.7188,   -922.2100,    560.6929,  26686.2695,
       1,     170,     302,      10,       1,       3,       1,     10.0000,      1.4168,     42.8500,    252.9503,     63.6577,      3.4953,      0.1492,      0.1156,     34.2934,      0.1808,      5.6809,     11.3618,      1.5980,     29.4589,     58.9179,      0.0196,      0.0022,      0.1877,      0.2134,   8005.8813,-438369.8125,   -925.7286,    559.5009,  26686.2695,
       1,     170,     302,      11,       1,       3,       1,     10.0000,      1.4168,     42.8500,    252.9503,     63.6577,      3.4953,      0.1956,      0.1612,     72.3676,      0.2086,      5.6809,     11.3618,      1.8431,     29.4589,     58.9179,      0.0196,      0.0035,      0.2500,      0.2134,   8005.8813,-463218.7188,   -930.9861,    557.7642,  26686.2676,
       1,     170,     302,      12,       1,       3,       1,     10.0000,      1.4168,     42.8500,    252.9503,     63.6577,      3.4953,      0.1802,      0.1457,     71.3134,      0.2111,      5.6809,     11.3618,      1.8650,     29.4589,     58.9179,      0.0196,      0.0038,      0.2281,      0.2134,   8005.8804,-510741.4062,   -934.9692,    554.4536,  26686.2695,
       1,     170,     302,      13,       1,       3,       1,     10.0000,      1.4168,     42.8500,    252.9503,     63.6577,      3.4953,      0.1941,      0.1601,     52.0870,      0.1950,      5.6809,     11.3618,      1.7233,     29.4589,     58.9179,      0.0196,      0.0025,      0.2500,      0.2133,   8005.8813,-513468.8125,   -937.2916,    554.2744,  26686.2715,
       1,     170,     302,      14,       1,       3,       1,     10.0000,      1.4168,     42.8500,    252.9503,     63.6577,      3.4953,      0.1981,      0.1630,    106.5556,      0.2306,      5.6809,     11.3618,      2.0374,     29.4589,     58.9179,      0.0196,      0.0051,      0.2500,      0.2133,   8005.8818,-490719.3125,   -934.6761,    555.8506,  26686.2676,
       1,     170,     302,      15,       1,       3,       1,     10.0000,      1.4168,     42.8500,    252.9503,     63.6577,      3.4953,      0.1943,      0.1592,     98.5236,      0.2322,      5.6809,     11.3618,      2.0514,     29.4589,     58.9179,      0.0196,      0.0048,      0.2454,      0.2133,   8005.8804,-553868.1250,   -937.7928,    551.4651,  26686.2695,
       1,     170,     302,      16,       1,       3,       1,     10.0000,      1.4168,     42.8500,    252.9503,     63.6577,      3.4953,      0.1777,      0.1438,     41.9700,      0.1897,      5.6809,     11.3618,      1.6761,     29.4589,     58.9179,      0.0196,      0.0022,      0.2276,      0.2133,   8005.8813,-549577.1875,   -939.6428,    551.7782,  26686.2695,
       1,     170,     302,      17,       1,       3,       1,     10.0000,      1.4168,     42.8500,    252.9503,     63.6577,      3.4953,      0.1227,      0.0887,     30.6732,      0.1939,      5.6809,     11.3618,      1.7131,     29.4589,     58.9179,      0.0196,      0.0025,      0.1500,      0.2133,   8005.8813,-481611.0000,   -928.1085,    556.4661,  26686.2715,
       1,     170,     302,      18,       1,       3,       1,     10.0000,      1.4168,     42.8500,    252.9503,     63.6577,      3.4953,      0.0838,      0.0499,     19.4865,      0.1906,      5.6809,     11.3618,      1.6844,     29.4589,     58.9179,      0.0196,      0.0025,      0.0956,      0.2134,   8005.8818,-462529.1875,   -925.1877,    557.8134,  26686.2695,
       1,     170,     302,      19,       1,       3,       1,     10.0000,      1.4168,     42.8500,    252.9503,     63.6577,      3.4953,      0.0329,     -0.0007,      3.7635,      0.1807,      5.6809,     11.3618,      1.5964,     29.4589,     58.9179,      0.0196,      0.0018,      0.0248,      0.2134,   8005.8813,-447568.1562,   -922.8546,    558.8582,  26686.2715,
       1,     170,     302,      20,       1,       3,       1,     10.0000,      1.4168,     42.8500,    252.9503,     63.6577,      3.4953,      0.0007,     -0.0327,      2.8178,      0.1764,      5.6809,     11.3618,      1.5587,     29.4589,     58.9179,      0.0196,      0.0022,      0.0156,      0.2134,   8005.8818,-427559.5000,   -919.3384,    560.2570,  26686.2676,
       1,     170,     302,      21,       1,       3,       1,     10.0000,      1.4168,     42.8500,    252.9503,     63.6577,      3.4953,      0.0000,     -0.0333,      2.3449,      0.1715,      5.6809,     11.3618,      1.5157,     29.4589,     58.9179,      0.0196,      0.0018,      0.0156,      0.2134,   8005.8804,-424764.7500,   -919.0367,    560.4544,  26686.2695,
       1,     170,     302,      22,       1,       3,       1,     10.0000,      1.4168,     42.8500,    252.9503,     63.6577,      3.4953,      0.0000,     -0.0331,      2.1196,      0.1641,      5.6809,     11.3618,      1.4505,     29.4589,     58.9179,      0.0196,      0.0016,      0.0156,      0.2134,   8005.8813,-423964.9375,   -919.0604,    560.5105,  26686.2676,
       1,     170,     302,      23,       1,       3,       1,     10.0000,      1.4168,     42.8500,    252.9503,     63.6577,      3.4953,      0.0000,     -0.0328,      1.7362,      0.1574,      5.6809,     11.3618,      1.3906,     29.4589,     58.9179,      0.0196,      0.0013,      0.0156,      0.2134,   8005.8804,-423629.4062,   -919.1484,    560.5339,  26686.2676,
       1,     170,     302,      24,       1,       3,       1,     10.0000,      1.4168,     42.8500,    252.9503,     63.6577,      3.4953,      0.0000,     -0.0329,      1.6969,      0.1594,      5.6809,     11.3618,      1.4089,     29.4589,     58.9179,      0.0196,      0.0013,      0.0156,      0.2134,   8005.8804,-423144.1250,   -919.1663,    560.5680,  26686.2695,
       1,     170,     303,       1,       1,       3,       1,     10.0000,      1.4168,     42.8503,    252.9562,     63.6592,      3.4953,      0.0000,     -0.0330,      2.2672,      0.1619,      5.6811,     11.3623,      1.4303,     29.4594,     58.9187,      0.0196,      0.0018,      0.0156,      0.2134,   8005.8813,-423210.9688,   -919.5565,    560.5765,  26687.4590,
       1,     170,     303,       2,       1,       3,       1,     10.0000,      1.4168,     42.8503,    252.9562,     63.6592,      3.4953,      0.0000,     -0.0327,      1.4774,      0.1550,      5.6811,     11.3623,      1.3698,     29.4594,     58.9187,      0.0196,      0.0011,      0.0156,      0.2134,   8006.2378,-423745.0000,   -919.5526,    560.5391,  26687.4590,
       1,     170,     303,       3,       1,       3,       1,     10.0000,      1.4168,     42.8503,    252.9562,     63.6592,      3.4953,      0.0000,     -0.0328,      2.0905,      0.1578,      5.6811,     11.3623,      1.3948,     29.4594,     58.9187,      0.0196,      0.0016,      0.0156,      0.2134,   8006.2378,-422847.5625,   -919.4721,    560.6019,  26687.4590,
       1,     170,     303,       4,       1,       3,       1,     10.0000,      1.4168,     42.8503,    252.9562,     63.6592,      3.4953,      0.0000,     -0.0329,      2.0840,      0.1586,      5.6811,     11.3623,      1.4019,     29.4594,     58.9187,      0.0196,      0.0016,      0.0156,      0.2134,   8006.2378,-423503.9375,   -919.7335,    560.5560,  26687.4590,
       1,     170,     303,       5,       1,       3,       1,     10.0000,      1.4168,     42.8503,    252.9562,     63.6592,      3.4953,      0.0000,     -0.0328,      1.9374,      0.1567,      5.6811,     11.3623,      1.3851,     29.4594,     58.9187,      0.0196,      0.0015,      0.0156,      0.2134,   8006.2378,-423550.9062,   -919.8773,    560.5526,  26687.4609,
       1,     170,     303,       6,       1,       3,       1,     10.0000,      1.4168,     42.8503,    252.9562,     63.6592,      3.4953,      0.0000,     -0.0327,      1.4637,      0.1550,      5.6811,     11.3623,      1.3698,     29.4594,     58.9187,      0.0196,      0.0011,      0.0156,      0.2134,   8006.2388,-423379.9688,   -919.9642,    560.5646,  26687.4590,
       1,     170,     303,       7,       1,       3,       1,     10.0000,      1.4168,     42.8503,    252.9562,     63.6592,      3.4953,      0.0000,     -0.0329,      2.2254,      0.1590,      5.6811,     11.3623,      1.4047,     29.4594,     58.9187,      0.0196,      0.0017,      0.0156,      0.2134,   8006.2378,-422800.8438,   -919.9390,    560.6052,  26687.4590,
       1,     170,     303,       8,       1,       3,       1,     10.0000,      1.4168,     42.8503,    252.9562,     63.6592,      3.4953,      0.0128,     -0.0201,      2.1595,      0.1578,      5.6811,     11.3623,      1.3948,     29.4594,     58.9187,      0.0196,      0.0017,      0.0156,      0.2134,   8006.2378,-423660.8750,   -920.2420,    560.5449,  26687.4590,
       1,     170,     303,       9,       1,       3,       1,     10.0000,      1.4168,     42.8503,    252.9562,     63.6592,      3.4953,      0.0888,      0.0558,     13.4548,      0.1614,      5.6811,     11.3623,      1.4260,     29.4594,     58.9187,      0.0196,      0.0016,      0.1039,      0.2134,   8006.2378,-423654.3125,   -920.3824,    560.5454,  26687.4590,
       1,     170,     303,      10,       1,       3,       1,     10.0000,      1.4168,     42.8503,    252.9562,     63.6592,      3.4953,      0.1719,      0.1384,     40.9980,      0.1778,      5.6811,     11.3623,      1.5712,     29.4594,     58.9187,      0.0196,      0.0023,      0.2193,      0.2134,   8006.2378,-437125.4062,   -923.1967,    559.6015,  26687.4590,
       1,     170,     303,      11,       1,       3,       1,     10.0000,      1.4168,     42.8503,    252.9562,     63.6592,      3.4953,      0.1871,      0.1529,     83.2822,      0.1995,      5.6811,     11.3623,      1.7630,     29.4594,     58.9187,      0.0196,      0.0042,      0.2364,      0.2134,   8006.2378,-471110.0625,   -930.3627,    557.2250,  26687.4590,
       1,     170,     303,      12,       1,       3,       1,     10.0000,      1.4168,     42.8503,    252.9562,     63.6592,      3.4953,      0.1925,      0.1582,     79.2829,      0.2023,      5.6811,     11.3623,      1.7876,     29.4594,     58.9187,      0.0196,      0.0039,      0.2446,      0.2134,   8006.2378,-524426.5625,   -941.6715,    553.5165,  26687.4590,
       1,     170,     303,      13,       1,       3,       1,     10.0000,      1.4168,     42.8503,    252.9562,     63.6592,      3.4953,      0.1975,      0.1629,     97.6585,      0.2155,      5.6811,     11.3623,      1.9040,     29.4594,     58.9187,      0.0196,      0.0047,      0.2500,      0.2133,   8006.2378,-524122.0000,   -942.6782,    553.5498,  26687.4590,
       1,     170,     303,      14,       1,       3,       1,     10.0000,      1.4168,     42.8503,    252.9562,     63.6592,      3.4953,      0.1988,      0.1638,    114.9762,      0.2285,      5.6811,     11.3623,      2.0196,     29.4594,     58.9187,      0.0196,      0.0055,      0.2500,      0.2133,   8006.2378,-546031.4375,   -947.0094,    552.0338,  26687.4609,
       1,     170,     303,      15,       1,       3,       1,     10.0000,      1.4168,     42.8503,    252.9562,     63.6592,      3.4953,      0.1986,      0.1637,    115.9675,      0.2239,      5.6811,     11.3623,      1.9784,     29.4594,     58.9187,      0.0196,      0.0056,      0.2496,      0.2133,   8006.2388,-568554.3750,   -952.8322,    550.4818,  26687.4590,
       1,     170,     303,      16,       1,       3,       1,     10.0000,      1.4168,     42.8503,    252.9562,     63.6592,      3.4953,      0.1694,      0.1349,     81.1439,      0.2100,      5.6811,     11.3623,      1.8559,     29.4594,     58.9187,      0.0196,      0.0046,      0.2114,      0.2133,   8006.2378,-571618.5000,   -954.6763,    550.2730,  26687.4570,
       1,     170,     303,      17,       1,       3,       1,     10.0000,      1.4168,     42.8503,    252.9562,     63.6592,      3.4953,      0.0928,      0.0589,     33.7302,      0.1925,      5.6811,     11.3623,      1.7013,     29.4594,     58.9187,      0.0196,      0.0038,      0.1069,      0.2133,   8006.2373,-530242.3750,   -947.4446,    553.1191,  26687.4590,
       1,     170,     303,      18,       1,       3,       1,     10.0000,      1.4168,     42.8503,    252.9562,     63.6592,      3.4953,      0.0535,      0.0198,     12.9030,      0.1828,      5.6811,     11.3623,      1.6156,     29.4594,     58.9187,      0.0196,      0.0029,      0.0531,      0.2133,   8006.2378,-470182.2188,   -936.1342,    557.2791,  26687.4570,
       1,     170,     303,      19,       1,       3,       1,     10.0000,      1.4168,     42.8503,    252.9562,     63.6592,      3.4953,      0.0161,     -0.0176,      0.2357,      0.1819,      5.6811,     11.3623,      1.6076,     29.4594,     58.9187,      0.0196,      0.0027,      0.0010,      0.2134,   8006.2373,-440363.7188,   -930.4884,    559.3719,  26687.4570,
       1,     170,     303,      20,       1,       3,       1,     10.0000,      1.4168,     42.8503,    252.9562,     63.6592,      3.4953,      0.0005,     -0.0330,      2.8357,      0.1759,      5.6811,     11.3623,      1.5541,     29.4594,     58.9187,      0.0196,      0.0022,      0.0156,      0.2134,   8006.2373,-422757.4688,   -927.1199,    560.6069,  26687.4590,
       1,     170,     303,      21,       1,       3,       1,     10.0000,      1.4168,     42.8503,    252.9562,     63.6592,      3.4953,      0.0000,     -0.0333,      2.3803,      0.1707,      5.6811,     11.3623,      1.5082,     29.4594,     58.9187,      0.0196,      0.0018,      0.0156,      0.2134,   8006.2378,-424386.7812,   -927.4901,    560.4941,  26687.4570,
       1,     170,     303,      22,       1,       3,       1,     10.0000,      1.4168,     42.8503,    252.9562,     63.6592,      3.4953,      0.0000,     -0.0332,      2.4689,      0.1700,      5.6811,     11.3623,      1.5022,     29.4594,     58.9187,      0.0196,      0.0019,      0.0156,      0.2134,   8006.2373,-423978.2500,   -927.4533,    560.5227,  26687.4590,
       1,     170,     303,      23,       1,       3,       1,     10.0000,      1.4168,     42.8503,    252.9562,     63.6592,      3.4953,      0.0000,     -0.0331,      2.3674,      0.1670,      5.6811,     11.3623,      1.4754,     29.4594,     58.9187,      0.0196,      0.0018,      0.0156,      0.2134,   8006.2378,-424049.7500,   -927.5098,    560.5178,  26687.4570,
       1,     170,     303,      24,       1,       3,       1,     10.0000,      1.4168,     42.8503,    252.9562,     63.6592,      3.4953,      0.0000,     -0.0331,      1.9968,      0.1646,      5.6811,     11.3623,      1.4549,     29.4594,     58.9187,      0.0196,      0.0015,      0.0156,      0.2134,   8006.2373,-423934.7500,   -927.5276,    560.5258,  26687.4590,
       1,     170,     304,       1,       1,       3,       1,     10.0000,      1.4168,     42.8506,    252.9622,     63.6607,      3.4953,      0.0000,     -0.0330,      1.7572,      0.1637,      5.6818,     11.3635,      1.4462,     29.4576,     58.9151,      0.0196,      0.0014,      0.0156,      0.2135,   8006.2378,-423637.1562,   -927.7787,    560.5598,  26688.6445,
       1,     170,     304,       2,       1,       3,       1,     10.0000,      1.4168,     42.8506,    252.9622,     63.6607,      3.4953,      0.0000,     -0.0329,      1.5126,      0.1609,      5.6818,     11.3635,      1.4217,     29.4576,     58.9151,      0.0196,      0.0012,      0.0156,      0.2135,   8006.5938,-423175.2500,   -927.4409,    560.5921,  26688.6426,
       1,     170,     304,       3,       1,       3,       1,     10.0000,      1.4168,     42.8506,    252.9622,     63.6607,      3.4953,      0.0000,     -0.0329,      1.7757,      0.1599,      5.6818,     11.3635,      1.4132,     29.4576,     58.9151,      0.0196,      0.0014,      0.0156,      0.2135,   8006.5933,-422845.1250,   -927.3974,    560.6152,  26688.6426,
       1,     170,     304,       4,       1,       3,       1,     10.0000,      1.4168,     42.8506,    252.9622,     63.6607,      3.4953,      0.0000,     -0.0327,      1.3374,      0.1553,      5.6818,     11.3635,      1.3726,     29.4576,     58.9151,      0.0196,      0.0010,      0.0156,      0.2135,   8006.5933,-423131.3438,   -927.4788,    560.5952,  26688.6426,
       1,     170,     304,       5,       1,       3,       1,     10.0000,      1.4168,     42.8506,    252.9622,     63.6607,      3.4953,      0.0000,     -0.0325,      1.5182,      0.1483,      5.6818,     11.3635,      1.3105,     29.4576,     58.9151,      0.0196,      0.0012,      0.0156,      0.2135,   8006.5933,-422632.5000,   -927.3963,    560.6301,  26688.6426,
       1,     170,     304,       6,       1,       3,       1,     10.0000,      1.4168,     42.8506,    252.9622,     63.6607,      3.4953,      0.0000,     -0.0322,      2.0047,      0.1403,      5.6818,     11.3635,      1.2396,     29.4576,     58.9151,      0.0196,      0.0015,      0.0156,      0.2135,   8006.5933,-422806.5312,   -927.4501,    560.6179,  26688.6445,
       1,     170,     304,       7,       1,       3,       1,     10.0000,      1.4168,     42.8506,    252.9622,     63.6607,      3.4953,      0.0000,     -0.0324,      1.4237,      0.1455,      5.6818,     11.3635,      1.2856,     29.4576,     58.9151,      0.0196,      0.0011,      0.0156,      0.2135,   8006.5938,-423401.0000,   -927.5915,    560.5763,  26688.6465,
       1,     170,     304,       8,       1,       3,       1,     10.0000,      1.4168,     42.8506,    252.9622,     63.6607,      3.4953,      0.0044,     -0.0278,      0.5212,      0.1410,      5.6818,     11.3635,      1.2459,     29.4576,     58.9151,      0.0196,      0.0004,      0.0156,      0.2135,   8006.5942,-422757.6250,   -927.4807,    560.6214,  26688.6465,
       1,     170,     304,       9,       1,       3,       1,     10.0000,      1.4168,     42.8506,    252.9622,     63.6607,      3.4953,      0.1119,      0.0795,      5.6530,      0.1480,      5.6818,     11.3635,      1.3078,     29.4576,     58.9151,      0.0196,      0.0005,      0.1380,      0.2135,   8006.5942,-421627.5625,   -927.2646,    560.7005,  26688.6445,
       1,     170,     304,      10,       1,       3,       1,     10.0000,      1.4168,     42.8506,    252.9622,     63.6607,      3.4953,      0.1387,      0.1055,     21.8691,      0.1688,      5.6818,     11.3635,      1.4918,     29.4576,     58.9151,      0.0196,      0.0015,      0.1740,      0.2135,   8006.5938,-427653.1875,   -928.5034,    560.2783,  26688.6445,
       1,     170,     304,      11,       1,       3,       1,     10.0000,      1.4168,     42.8506,    252.9622,     63.6607,      3.4953,      0.1944,      0.1606,     54.8456,      0.1865,      5.6818,     11.3635,      1.6481,     29.4576,     58.9151,      0.0196,      0.0026,      0.2500,      0.2135,   8006.5938,-447496.7812,   -932.2141,    558.8887,  26688.6445,
       1,     170,     304,      12,       1,       3,       1,     10.0000,      1.4168,     42.8506,    252.9622,     63.6607,      3.4953,      0.1974,      0.1631,     94.3826,      0.2037,      5.6818,     11.3635,      1.8000,     29.4576,     58.9151,      0.0196,      0.0045,      0.2500,      0.2134,   8006.5938,-488498.3438,   -940.7382,    556.0259,  26688.6445,
       1,     170,     304,      13,       1,       3,       1,     10.0000,      1.4168,     42.8506,    252.9622,     63.6607,      3.4953,      0.1953,      0.1608,    100.6925,      0.2127,      5.6818,     11.3635,      1.8798,     29.4576,     58.9151,      0.0196,      0.0049,      0.2465,      0.2134,   8006.5938,-539131.6875,   -951.3507,    552.5141,  26688.6445,
       1,     170,     304,      14,       1,       3,       1,     10.0000,      1.4168,     42.8506,    252.9622,     63.6607,      3.4953,      0.1973,      0.1627,     94.9858,      0.2148,      5.6818,     11.3635,      1.8984,     29.4576,     58.9151,      0.0196,      0.0046,      0.2500,      0.2133,   8006.5938,-550910.7500,   -954.3384,    551.7117,  26688.6445,
       1,     170,     304,      15,       1,       3,       1,     10.0000,      1.4168,     42.8506,    252.9622,     63.6607,      3.4953,      0.1949,      0.1607,     71.2507,      0.1989,      5.6818,     11.3635,      1.7578,     29.4576,     58.9151,      0.0196,      0.0034,      0.2490,      0.2133,   8006.5938,-545060.6875,   -953.7629,    552.1157,  26688.6426,
       1,     170,     304,      16,       1,       3,       1,     10.0000,      1.4168,     42.8506,    252.9622,     63.6607,      3.4953,      0.1963,      0.1621,     80.9188,      0.2019,      5.6818,     11.3635,      1.7841,     29.4576,     58.9151,      0.0196,      0.0039,      0.2500,      0.2133,   8006.5933,-516216.3438,   -948.4395,    554.1066,  26688.6426,
       1,     170,     304,      17,       1,       3,       1,     10.0000,      1.4168,     42.8506,    252.9622,     63.6607,      3.4953,      0.1830,      0.1489,     77.0143,      0.1968,      5.6818,     11.3635,      1.7388,     29.4576,     58.9151,      0.0196,      0.0040,      0.2312,      0.2134,   8006.5933,-525372.8750,   -950.6414,    553.4760,  26688.6406,
       1,     170,     304,      18,       1,       3,       1,     10.0000,      1.4168,     42.8506,    252.9622,     63.6607,      3.4953,      0.1488,      0.1151,     51.7556,      0.1858,      5.6818,     11.3635,      1.6416,     29.4576,     58.9151,      0.0196,      0.0034,      0.1851,      0.2134,   8006.5923,-521468.5312,   -950.2192,    553.7464,  26688.6426,
       1,     170,     304,      19,       1,       3,       1,     10.0000,      1.4168,     42.8506,    252.9622,     63.6607,      3.4953,      0.0594,      0.0260,     13.6159,      0.1738,      5.6818,     11.3635,      1.5356,     29.4576,     58.9151,      0.0196,      0.0027,      0.0617,      0.2134,   8006.5933,-490976.6562,   -944.3628,    555.8571,  26688.6426,
       1,     170,     304,      20,       1,       3,       1,     10.0000,      1.4168,     42.8506,    252.9622,     63.6607,      3.4953,      0.0017,     -0.0314,      2.6137,      0.1633,      5.6818,     11.3635,      1.4433,     29.4576,     58.9151,      0.0196,      0.0020,      0.0156,      0.2134,   8006.5933,-442922.0938,   -934.7936,    559.2000,  26688.6426,
       1,     170,     304,      21,       1,       3,       1,     10.0000,      1.4168,     42.8506,    252.9622,     63.6607,      3.4953,      0.0000,     -0.0328,      1.9485,      0.1574,      5.6818,     11.3635,      1.3907,     29.4576,     58.9151,      0.0196,      0.0015,      0.0156,      0.2134,   8006.5933,-425817.1562,   -931.3585,    560.4057,  26688.6406,
       1,     170,     304,      22,       1,       3,       1,     10.0000,      1.4168,     42.8506,    252.9622,     63.6607,      3.4953,      0.0000,     -0.0328,      1.8138,      0.1567,      5.6818,     11.3635,      1.3851,     29.4576,     58.9151,      0.0196,      0.0014,      0.0156,      0.2135,   8006.5923,-423587.4062,   -930.9070,    560.5632,  26688.6426,
       1,     170,     304,      23,       1,       3,       1,     10.0000,      1.4168,     42.8506,    252.9622,     63.6607,      3.4953,      0.0000,     -0.0327,      1.5173,      0.1549,      5.6818,     11.3635,      1.3685,     29.4576,     58.9151,      0.0196,      0.0012,      0.0156,      0.2135,   8006.5933,-423238.7812,   -930.8324,    560.5877,  26688.6426,
       1,     170,     304,      24,       1,       3,       1,     10.0000,      1.4168,     42.8506,    252.9622,     63.6607,      3.4953,      0.0000,     -0.0327,      1.5948,      0.1550,      5.6818,     11.3635,      1.3699,     29.4576,     58.9151,      0.0196,      0.0012,      0.0156,      0.2135,   8006.5933,-422855.9375,   -930.7526,    560.6145,  26688.6445,
       1,     170,     305,       1,       1,       3,       1,     10.0000,      1.4168,     42.8510,    252.9681,     63.6622,      3.4953,      0.0000,     -0.0326,      1.0759,      0.1501,      5.6813,     11.3625,      1.3264,     29.4619,     58.9238,      0.0196,      0.0008,      0.0156,      0.2135,   8006.5938,-423071.0312,   -926.2946,    560.6125,  26689.8340,
       1,     170,     305,       2,       1,       3,       1,     10.0000,      1.4168,     42.8510,    252.9681,     63.6622,      3.4953,      0.0000,     -0.0319,      0.3186,      0.1331,      5.6813,     11.3625,      1.1759,     29.4619,     58.9238,      0.0196,      0.0002,      0.0156,      0.2135,   8006.9507,-422318.5312,   -910.3588,    560.6653,  26689.8379,
       1,     170,     305,       3,       1,       3,       1,     10.0000,      1.4168,     42.8510,    252.9681,     63.6622,      3.4953,      0.0000,     -0.0312,      0.2730,      0.1145,      5.6813,     11.3625,      1.0120,     29.4619,     58.9238,      0.0196,      0.0002,      0.0156,      0.2135,   8006.9517,-421352.1250,   -910.0934,    560.7330,  26689.8379,
       1,     170,     305,       4,       1,       3,       1,     10.0000,      1.4168,     42.8510,    252.9681,     63.6622,      3.4953,      0.0000,     -0.0315,      0.2866,      0.1213,      5.6813,     11.3625,      1.0718,     29.4619,     58.9238,      0.0196,      0.0002,      0.0156,      0.2135,   8006.9517,-421217.0312,   -910.0689,    560.7425,  26689.8359,
       1,     170,     305,       5,       1,       3,       1,     10.0000,      1.4168,     42.8510,    252.9681,     63.6622,      3.4953,      0.0000,     -0.0316,      0.2961,      0.1248,      5.6813,     11.3625,      1.1029,     29.4619,     58.9238,      0.0196,      0.0002,      0.0156,      0.2135,   8006.9512,-421222.2500,   -910.0698,    560.7421,  26689.8379,
       1,     170,     305,       6,       1,       3,       1,     10.0000,      1.4168,     42.8510,    252.9681,     63.6622,      3.4953,      0.0000,     -0.0316,      0.2992,      0.1260,      5.6813,     11.3625,      1.1131,     29.4619,     58.9238,      0.0196,      0.0002,      0.0156,      0.2135,   8006.9517,-421233.6562,   -910.0728,    560.7413,  26689.8379,
       1,     170,     305,       7,       1,       3,       1,     10.0000,      1.4168,     42.8510,    252.9681,     63.6622,      3.4953,      0.0000,     -0.0317,      0.3056,      0.1283,      5.6813,     11.3625,      1.1337,     29.4619,     58.9238,      0.0196,      0.0002,      0.0156,      0.2135,   8006.9517,-421238.4375,   -910.0752,    560.7410,  26689.8359,
       1,     170,     305,       8,       1,       3,       1,     10.0000,      1.4168,     42.8510,    252.9681,     63.6622,      3.4953,      0.0079,     -0.0238,      0.3045,      0.1279,      5.6813,     11.3625,      1.1302,     29.4619,     58.9238,      0.0196,      0.0002,      0.0156,      0.2135,   8006.9512,-421246.5625,   -910.0793,    560.7404,  26689.8379,
       1,     170,     305,       9,       1,       3,       1,     10.0000,      1.4168,     42.8510,    252.9681,     63.6622,      3.4953,      0.0779,      0.0461,      2.0811,      0.1297,      5.6813,     11.3625,      1.1464,     29.4619,     58.9238,      0.0196,      0.0003,      0.0905,      0.2135,   8006.9517,-421245.7812,   -910.1024,    560.7405,  26689.8359,
       1,     170,     305,      10,       1,       3,       1,     10.0000,      1.4168,     42.8510,    252.9681,     63.6622,      3.4953,      0.1389,      0.1067,      8.9842,      0.1419,      5.6813,     11.3625,      1.2535,     29.4619,     58.9238,      0.0196,      0.0006,      0.1760,      0.2135,   8006.9512,-423364.3438,   -910.7108,    560.5920,  26689.8379,
       1,     170,     305,      11,       1,       3,       1,     10.0000,      1.4168,     42.8510,    252.9681,     63.6622,      3.4953,      0.1462,      0.1135,     20.1609,      0.1555,      5.6813,     11.3625,      1.3740,     29.4619,     58.9238,      0.0196,      0.0013,      0.1851,      0.2135,   8006.9517,-431772.4062,   -912.8494,    560.0028,  26689.8379,
       1,     170,     305,      12,       1,       3,       1,     10.0000,      1.4168,     42.8510,    252.9681,     63.6622,      3.4953,      0.1735,      0.1404,     35.2118,      0.1655,      5.6813,     11.3625,      1.4622,     29.4619,     58.9238,      0.0196,      0.0019,      0.2222,      0.2135,   8006.9517,-445804.5312,   -916.2926,    559.0209,  26689.8379,
       1,     170,     305,      13,       1,       3,       1,     10.0000,      1.4168,     42.8510,    252.9681,     63.6622,      3.4953,      0.1660,      0.1330,     35.1513,      0.1622,      5.6813,     11.3625,      1.4332,     29.4619,     58.9238,      0.0196,      0.0020,      0.2115,      0.2135,   8006.9517,-464930.8438,   -921.0995,    557.6852,  26689.8379,
       1,     170,     305,      14,       1,       3,       1,     10.0000,      1.4168,     42.8510,    252.9681,     63.6622,      3.4953,      0.1948,      0.1612,     59.3111,      0.1796,      5.6813,     11.3625,      1.5870,     29.4619,     58.9238,      0.0196,      0.0029,      0.2500,      0.2135,   8006.9517,-466457.7188,   -922.4795,    557.5804,  26689.8398,
       1,     170,     305,      15,       1,       3,       1,     10.0000,      1.4168,     42.8510,    252.9681,     63.6622,      3.4953,      0.1851,      0.1513,     59.7957,      0.1858,      5.6813,     11.3625,      1.6416,     29.4619,     58.9238,      0.0196,      0.0031,      0.2361,      0.2134,   8006.9521,-495409.3438,   -929.6283,    555.5626,  26689.8379,
       1,     170,     305,      16,       1,       3,       1,     10.0000,      1.4168,     42.8510,    252.9681,     63.6622,      3.4953,      0.1791,      0.1456,     47.8551,      0.1771,      5.6813,     11.3625,      1.5650,     29.4619,     58.9238,      0.0196,      0.0025,      0.2288,      0.2134,   8006.9517,-498411.1562,   -931.5831,    555.3577,  26689.8398,
       1,     170,     305,      17,       1,       3,       1,     10.0000,      1.4168,     42.8510,    252.9681,     63.6622,      3.4953,      0.1595,      0.1261,     44.1525,      0.1731,      5.6813,     11.3625,      1.5295,     29.4619,     58.9238,      0.0196,      0.0026,      0.2012,      0.2134,   8006.9521,-484402.8750,   -930.0251,    556.3302,  26689.8379,
       1,     170,     305,      18,       1,       3,       1,     10.0000,      1.4168,     42.8510,    252.9681,     63.6622,      3.4953,      0.0863,      0.0532,     15.9581,      0.1635,      5.6813,     11.3625,      1.4448,     29.4619,     58.9238,      0.0196,      0.0019,      0.1000,      0.2134,   8006.9517,-478820.0000,   -929.8174,    556.7193,  26689.8379,
       1,     170,     305,      19,       1,       3,       1,     10.0000,      1.4168,     42.8510,    252.9681,     63.6622,      3.4953,      0.0496,      0.0167,      7.1359,      0.1591,      5.6813,     11.3625,      1.4062,     29.4619,     58.9238,      0.0196,      0.0018,      0.0489,      0.2134,   8006.9517,-444707.8125,   -923.7654,    559.0933,  26689.8379,
       1,     170,     305,      20,       1,       3,       1,     10.0000,      1.4168,     42.8510,    252.9681,     63.6622,      3.4953,      0.0016,     -0.0312,      1.6584,      0.1544,      5.6813,     11.3625,      1.3644,     29.4619,     58.9238,      0.0196,      0.0013,      0.0156,      0.2135,   8006.9517,-431355.7812,   -921.4772,    560.0316,  26689.8379,
       1,     170,     305,      21,       1,       3,       1,     10.0000,      1.4168,     42.8510,    252.9681,     63.6622,      3.4953,      0.0000,     -0.0326,      1.0818,      0.1512,      5.6813,     11.3625,      1.3358,     29.4619,     58.9238,      0.0196,      0.0008,      0.0156,      0.2135,   8006.9517,-423705.1250,   -920.1208,    560.5679,  26689.8379,
       1,     170,     305,      22,       1,       3,       1,     10.0000,      1.4168,     42.8510,    252.9681,     63.6622,      3.4953,      0.0000,     -0.0327,      1.5014,      0.1546,      5.6813,     11.3625,      1.3658,     29.4619,     58.9238,      0.0196,      0.0012,      0.0156,      0.2135,   8006.9517,-422378.3125,   -919.9105,    560.6611,  26689.8379,
       1,     170,     305,      23,       1,       3,       1,     10.0000,      1.4168,     42.8510,    252.9681,     63.6622,      3.4953,      0.0000,     -0.0326,      1.2746,      0.1510,      5.6813,     11.3625,      1.3345,     29.4619,     58.9238,      0.0196,      0.0010,      0.0156,      0.2135,   8006.9517,-422767.5312,   -920.0565,    560.6338,  26689.8379,
       1,     170,     305,      24,       1,       3,       1,     10.0000,      1.4168,     42.8510,    252.9681,     63.6622,      3.4953,      0.0000,     -0.0325,      0.8791,      0.1471,      5.6813,     11.3625,      1.3000,     29.4619,     58.9238,      0.0196,      0.0007,      0.0156,      0.2135,   8006.9517,-422529.5938,   -920.0706,    560.6505,  26689.8379,
       1,     170,     306,       1,       1,       3,       1,     10.0000,      1.4168,     42.8513,    252.9740,     63.6637,      3.4953,      0.0000,     -0.0324,      0.7456,      0.1451,      5.6818,     11.3636,      1.2817,     29.4604,     58.9208,      0.0196,      0.0006,      0.0156,      0.2135,   8006.9517,-422193.0000,   -920.3094,    560.6873,  26691.0273,
       1,     170,     306,       2,       1,       3,       1,     10.0000,      1.4168,     42.8513,    252.9740,     63.6637,      3.4953,      0.0000,     -0.0322,      0.7168,      0.1414,      5.6818,     11.3636,      1.2497,     29.4604,     58.9208,      0.0196,      0.0006,      0.0156,      0.2135,   8007.3086,-421853.6562,   -920.0073,    560.7111,  26691.0273,
       1,     170,     306,       3,       1,       3,       1,     10.0000,      1.4168,     42.8513,    252.9740,     63.6637,      3.4953,      0.0000,     -0.0321,      0.4015,      0.1382,      5.6818,     11.3636,      1.2210,     29.4604,     58.9208,      0.0196,      0.0003,      0.0156,      0.2135,   8007.3086,-421790.9375,   -920.0223,    560.7155,  26691.0234,
       1,     170,     306,       4,       1,       3,       1,     10.0000,      1.4168,     42.8513,    252.9740,     63.6637,      3.4953,      0.0000,     -0.0321,      0.3322,      0.1380,      5.6818,     11.3636,      1.2197,     29.4604,     58.9208,      0.0196,      0.0003,      0.0156,      0.2135,   8007.3071,-421410.4688,   -919.9571,    560.7422,  26691.0234,
       1,     170,     306,       5,       1,       3,       1,     10.0000,      1.4168,     42.8513,    252.9740,     63.6637,      3.4953,      0.0000,     -0.0322,      0.3357,      0.1393,      5.6818,     11.3636,      1.2309,     29.4604,     58.9208,      0.0196,      0.0003,      0.0156,      0.2135,   8007.3071,-421295.9375,   -910.7244,    560.7502,  26691.0254,
       1,     170,     306,       6,       1,       3,       1,     10.0000,      1.4168,     42.8513,    252.9740,     63.6637,      3.4953,      0.0000,     -0.0321,      0.3296,      0.1371,      5.6818,     11.3636,      1.2111,     29.4604,     58.9208,      0.0196,      0.0003,      0.0156,      0.2135,   8007.3081,-421290.2188,   -910.7252,    560.7505,  26691.0254,
       1,     170,     306,       7,       1,       3,       1,     10.0000,      1.4168,     42.8513,    252.9740,     63.6637,      3.4953,      0.0000,     -0.0320,      0.3261,      0.1358,      5.6818,     11.3636,      1.2001,     29.4604,     58.9208,      0.0196,      0.0003,      0.0156,      0.2135,   8007.3081,-421282.4375,   -910.7263,    560.7512,  26691.0254,
       1,     170,     306,       8,       1,       3,       1,     10.0000,      1.4168,     42.8513,    252.9740,     63.6637,      3.4953,      0.0094,     -0.0226,      0.3258,      0.1357,      5.6818,     11.3636,      1.1989,     29.4604,     58.9208,      0.0196,      0.0003,      0.0156,      0.2135,   8007.3081,-421277.6250,   -910.7277,    560.7515,  26691.0273,
       1,     170,     306,       9,       1,       3,       1,     10.0000,      1.4168,     42.8513,    252.9740,     63.6637,      3.4953,      0.0573,      0.0250,      1.8469,      0.1419,      5.6818,     11.3636,      1.2535,     29.4604,     58.9208,      0.0196,      0.0004,      0.0610,      0.2135,   8007.3086,-421276.5938,   -910.7643,    560.7515,  26691.0234,
       1,     170,     306,      10,       1,       3,       1,     10.0000,      1.4168,     42.8513,    252.9740,     63.6637,      3.4953,      0.1477,      0.1151,     11.0672,      0.1522,      5.6818,     11.3636,      1.3453,     29.4604,     58.9208,      0.0196,      0.0007,      0.1882,      0.2135,   8007.3071,-423090.6250,   -910.6937,    560.6244,  26691.0254,
       1,     170,     306,      11,       1,       3,       1,     10.0000,      1.4168,     42.8513,    252.9740,     63.6637,      3.4953,      0.1625,      0.1298,     11.0882,      0.1543,      5.6818,     11.3636,      1.3630,     29.4604,     58.9208,      0.0196,      0.0006,      0.2093,      0.2135,   8007.3081,-434234.9062,   -913.2924,    559.8434,  26691.0254,
       1,     170,     306,      12,       1,       3,       1,     10.0000,      1.4168,     42.8513,    252.9740,     63.6637,      3.4953,      0.1731,      0.1401,     26.0253,      0.1642,      5.6818,     11.3636,      1.4506,     29.4604,     58.9208,      0.0196,      0.0014,      0.2227,      0.2135,   8007.3081,-435192.5625,   -914.2930,    559.7769,  26691.0254,
       1,     170,     306,      13,       1,       3,       1,     10.0000,      1.4168,     42.8513,    252.9740,     63.6637,      3.4953,      0.1783,      0.1448,     40.2599,      0.1768,      5.6818,     11.3636,      1.5620,     29.4604,     58.9208,      0.0196,      0.0021,      0.2285,      0.2135,   8007.3081,-453084.0000,   -918.7182,    558.5251,  26691.0254,
       1,     170,     306,      14,       1,       3,       1,     10.0000,      1.4168,     42.8513,    252.9740,     63.6637,      3.4953,      0.1959,      0.1619,     74.5909,      0.1943,      5.6818,     11.3636,      1.7166,     29.4604,     58.9208,      0.0196,      0.0036,      0.2500,      0.2135,   8007.3081,-471559.7812,   -923.5646,    557.2365,  26691.0234,
       1,     170,     306,      15,       1,       3,       1,     10.0000,      1.4168,     42.8513,    252.9740,     63.6637,      3.4953,      0.1898,      0.1558,     72.1743,      0.1943,      5.6818,     11.3636,      1.7166,     29.4604,     58.9208,      0.0196,      0.0036,      0.2416,      0.2135,   8007.3071,-514064.1250,   -931.6310,    554.2775,  26691.0254,
       1,     170,     306,      16,       1,       3,       1,     10.0000,      1.4168,     42.8513,    252.9740,     63.6637,      3.4953,      0.1949,      0.1611,     61.0393,      0.1876,      5.6818,     11.3636,      1.6581,     29.4604,     58.9208,      0.0196,      0.0029,      0.2500,      0.2134,   8007.3081,-514740.4062,   -933.6181,    554.2384,  26691.0273,
       1,     170,     306,      17,       1,       3,       1,     10.0000,      1.4168,     42.8513,    252.9740,     63.6637,      3.4953,      0.1707,      0.1372,     41.3500,      0.1757,      5.6818,     11.3636,      1.5526,     29.4604,     58.9208,      0.0196,      0.0023,      0.2175,      0.2134,   8007.3086,-501493.0938,   -926.8840,    555.1562,  26691.0254,
       1,     170,     306,      18,       1,       3,       1,     10.0000,      1.4168,     42.8513,    252.9740,     63.6637,      3.4953,      0.0344,      0.0018,      1.3959,      0.1494,      5.6818,     11.3636,      1.3198,     29.4604,     58.9208,      0.0196,      0.0006,      0.0283,      0.2134,   8007.3081,-476890.9062,   -921.5837,    556.8641,  26691.0254,
       1,     170,     306,      19,       1,       3,       1,     10.0000,      1.4168,     42.8513,    252.9740,     63.6637,      3.4953,      0.0059,     -0.0262,      0.3322,      0.1380,      5.6818,     11.3636,      1.2197,     29.4604,     58.9208,      0.0196,      0.0003,      0.0156,      0.2135,   8007.3081,-427175.9688,   -911.3331,    560.3273,  26691.0254,
       1,     170,     306,      20,       1,       3,       1,     10.0000,      1.4168,     42.8513,    252.9740,     63.6637,      3.4953,      0.0001,     -0.0315,      0.3657,      0.1263,      5.6818,     11.3636,      1.1165,     29.4604,     58.9208,      0.0196,      0.0003,      0.0156,      0.2135,   8007.3081,-421790.0625,   -910.3659,    560.7155,  26691.0254,
       1,     170,     306,      21,       1,       3,       1,     10.0000,      1.4168,     42.8513,    252.9740,     63.6637,      3.4953,      0.0000,     -0.0316,      0.2979,      0.1255,      5.6818,     11.3636,      1.1086,     29.4604,     58.9208,      0.0196,      0.0002,      0.0156,      0.2135,   8007.3081,-421367.3438,   -910.3013,    560.7452,  26691.0254,
       1,     170,     306,      22,       1,       3,       1,     10.0000,      1.4168,     42.8513,    252.9740,     63.6637,      3.4953,      0.0000,     -0.0316,      0.2961,      0.1248,      5.6818,     11.3636,      1.1029,     29.4604,     58.9208,      0.0196,      0.0002,      0.0156,      0.2135,   8007.3081,-421251.0312,   -910.2812,    560.7534,  26691.0254,
       1,     170,     306,      23,       1,       3,       1,     10.0000,      1.4168,     42.8513,    252.9740,     63.6637,      3.4953,      0.0000,     -0.0317,      0.3006,      0.1265,      5.6818,     11.3636,      1.1176,     29.4604,     58.9208,      0.0196,      0.0002,      0.0156,      0.2135,   8007.3081,-421239.2188,   -910.2808,    560.7542,  26691.0254,
       1,     170,     306,      24,       1,       3,       1,     10.0000,      1.4168,     42.8513,    252.9740,     63.6637,      3.4953,      0.0000,     -0.0317,      0.2996,      0.1261,      5.6818,     11.3636,      1.1142,     29.4604,     58.9208,      0.0196,      0.0002,      0.0156,      0.2135,   8007.3081,-421243.6875,   -910.2829,    560.7538,  26691.0254,
       1,     170,     307,       1,       1,       3,       1,     10.0000,      1.4169,     42.8516,    252.9800,     63.6652,      3.4953,      0.0000,     -0.0316,      0.2972,      0.1252,      5.6820,     11.3641,      1.1063,     29.4577,     58.9155,      0.0196,      0.0002,      0.0156,      0.2135,   8007.3081,-421397.6562,   -910.5734,    560.7562,  26692.2168,
       1,     170,     307,       2,       1,       3,       1,     10.0000,      1.4169,     42.8516,    252.9800,     63.6652,      3.4953,      0.0000,     -0.0315,      0.2927,      0.1235,      5.6820,     11.3641,      1.0917,     29.4577,     58.9155,      0.0196,      0.0002,      0.0156,      0.2135,   8007.6655,-421255.5000,   -910.2930,    560.7662,  26692.2148,
       1,     170,     307,       3,       1,       3,       1,     10.0000,      1.4169,     42.8516,    252.9800,     63.6652,      3.4953,      0.0000,     -0.0315,      0.2927,      0.1235,      5.6820,     11.3641,      1.0917,     29.4577,     58.9155,      0.0196,      0.0002,      0.0156,      0.2135,   8007.6646,-421238.5000,   -910.2915,    560.7674,  26692.2168,
       1,     170,     307,       4,       1,       3,       1,     10.0000,      1.4169,     42.8516,    252.9800,     63.6652,      3.4953,      0.0000,     -0.0315,      0.2880,      0.1218,      5.6820,     11.3641,      1.0762,     29.4577,     58.9155,      0.0196,      0.0002,      0.0156,      0.2135,   8007.6655,-421236.8125,   -910.2921,    560.7675,  26692.2148,
       1,     170,     307,       5,       1,       3,       1,     10.0000,      1.4169,     42.8516,    252.9800,     63.6652,      3.4953,      0.0000,     -0.0316,      0.2941,      0.1241,      5.6820,     11.3641,      1.0962,     29.4577,     58.9155,      0.0196,      0.0002,      0.0156,      0.2135,   8007.6646,-421231.3438,   -910.2930,    560.7679,  26692.2168,
       1,     170,     307,       6,       1,       3,       1,     10.0000,      1.4169,     42.8516,    252.9800,     63.6652,      3.4953,      0.0000,     -0.0316,      0.2941,      0.1241,      5.6820,     11.3641,      1.0962,     29.4577,     58.9155,      0.0196,      0.0002,      0.0156,      0.2135,   8007.6655,-421237.8125,   -910.2950,    560.7675,  26692.2148,
       1,     170,     307,       7,       1,       3,       1,     10.0000,      1.4169,     42.8516,    252.9800,     63.6652,      3.4953,      0.0000,     -0.0316,      0.2961,      0.1248,      5.6820,     11.3641,      1.1029,     29.4577,     58.9155,      0.0196,      0.0002,      0.0156,      0.2135,   8007.6646,-421238.6250,   -910.2968,    560.7674,  26692.2148,
       1,     170,     307,       8,       1,       3,       1,     10.0000,      1.4169,     42.8516,    252.9800,     63.6652,      3.4953,      0.0149,     -0.0167,      0.0370,      0.1234,      5.6820,     11.3641,      1.0906,     29.4577,     58.9155,      0.0196,      0.0002,      0.0020,      0.2135,   8007.6646,-421241.1562,   -910.2986,    560.7672,  26692.2148,
       1,     170,     307,       9,       1,       3,       1,     10.0000,      1.4169,     42.8516,    252.9800,     63.6652,      3.4953,      0.0759,      0.0442,      1.7192,      0.1282,      5.6820,     11.3641,      1.1326,     29.4577,     58.9155,      0.0196,      0.0002,      0.0879,      0.2135,   8007.6646,-420932.5000,   -910.2822,    560.7888,  26692.2148,
       1,     170,     307,      10,       1,       3,       1,     10.0000,      1.4169,     42.8516,    252.9800,     63.6652,      3.4953,      0.1521,      0.1198,      7.7868,      0.1427,      5.6820,     11.3641,      1.2612,     29.4577,     58.9155,      0.0196,      0.0005,      0.1948,      0.2135,   8007.6646,-422912.0625,   -910.8448,    560.6501,  26692.2168,
       1,     170,     307,      11,       1,       3,       1,     10.0000,      1.4169,     42.8516,    252.9800,     63.6652,      3.4953,      0.1682,      0.1356,     18.2838,      0.1522,      5.6820,     11.3641,      1.3454,     29.4577,     58.9155,      0.0196,      0.0010,      0.2165,      0.2135,   8007.6655,-430310.5625,   -912.7684,    560.1316,  26692.2148,
       1,     170,     307,      12,       1,       3,       1,     10.0000,      1.4169,     42.8516,    252.9800,     63.6652,      3.4953,      0.1774,      0.1443,     31.2195,      0.1633,      5.6820,     11.3641,      1.4434,     29.4577,     58.9155,      0.0196,      0.0016,      0.2281,      0.2135,   8007.6646,-443444.5625,   -916.0545,    559.2123,  26692.2148,
       1,     170,     307,      13,       1,       3,       1,     10.0000,      1.4169,     42.8516,    252.9800,     63.6652,      3.4953,      0.1914,      0.1584,     33.7961,      0.1625,      5.6820,     11.3641,      1.4362,     29.4577,     58.9155,      0.0196,      0.0016,      0.2478,      0.2135,   8007.6646,-459968.4062,   -920.2131,    558.0579,  26692.2148,
       1,     170,     307,      14,       1,       3,       1,     10.0000,      1.4169,     42.8516,    252.9800,     63.6652,      3.4953,      0.1952,      0.1615,     64.0725,      0.1827,      5.6820,     11.3641,      1.6142,     29.4577,     58.9155,      0.0196,      0.0031,      0.2500,      0.2135,   8007.6646,-464422.5938,   -922.2008,    557.7484,  26692.2148,
       1,     170,     307,      15,       1,       3,       1,     10.0000,      1.4169,     42.8516,    252.9800,     63.6652,      3.4953,      0.1972,      0.1630,     92.3465,      0.2011,      5.6820,     11.3641,      1.7772,     29.4577,     58.9155,      0.0196,      0.0045,      0.2500,      0.2135,   8007.6646,-500907.8438,   -928.2057,    555.2048,  26692.2129,
       1,     170,     307,      16,       1,       3,       1,     10.0000,      1.4169,     42.8516,    252.9800,     63.6652,      3.4953,      0.1596,      0.1256,     64.5147,      0.1948,      5.6820,     11.3641,      1.7218,     29.4577,     58.9155,      0.0196,      0.0039,      0.1991,      0.2135,   8007.6641,-537709.6875,   -937.9549,    552.6566,  26692.2148,
       1,     170,     307,      17,       1,       3,       1,     10.0000,      1.4169,     42.8516,    252.9800,     63.6652,      3.4953,      0.1550,      0.1212,     55.4355,      0.1882,      5.6820,     11.3641,      1.6630,     29.4577,     58.9155,      0.0196,      0.0035,      0.1935,      0.2134,   8007.6646,-507546.5938,   -933.7481,    554.7462,  26692.2148,
       1,     170,     307,      18,       1,       3,       1,     10.0000,      1.4169,     42.8516,    252.9800,     63.6652,      3.4953,      0.1354,      0.1019,     39.2182,      0.1773,      5.6820,     11.3641,      1.5667,     29.4577,     58.9155,      0.0196,      0.0028,      0.1674,      0.2135,   8007.6646,-494205.4375,   -932.3442,    555.6752,  26692.2148,
       1,     170,     307,      19,       1,       3,       1,     10.0000,      1.4169,     42.8516,    252.9800,     63.6652,      3.4953,      0.0498,      0.0167,      8.8350,      0.1665,      5.6820,     11.3641,      1.4711,     29.4577,     58.9155,      0.0196,      0.0022,      0.0488,      0.2135,   8007.6646,-473739.2812,   -929.2491,    557.0975,  26692.2148,
       1,     170,     307,      20,       1,       3,       1,     10.0000,      1.4169,     42.8516,    252.9800,     63.6652,      3.4953,      0.0006,     -0.0318,      1.2750,      0.1477,      5.6820,     11.3641,      1.3053,     29.4577,     58.9155,      0.0196,      0.0010,      0.0156,      0.2135,   8007.6646,-435792.0000,   -922.3919,    559.7419,  26692.2148,
       1,     170,     307,      21,       1,       3,       1,     10.0000,      1.4169,     42.8516,    252.9800,     63.6652,      3.4953,      0.0000,     -0.0323,      1.0772,      0.1424,      5.6820,     11.3641,      1.2587,     29.4577,     58.9155,      0.0196,      0.0008,      0.0156,      0.2135,   8007.6646,-423629.9062,   -920.1417,    560.5991,  26692.2168,
       1,     170,     307,      22,       1,       3,       1,     10.0000,      1.4169,     42.8516,    252.9800,     63.6652,      3.4953,      0.0000,     -0.0324,      1.1623,      0.1445,      5.6820,     11.3641,      1.2766,     29.4577,     58.9155,      0.0196,      0.0009,      0.0156,      0.2135,   8007.6655,-422372.6875,   -919.9256,    560.6879,  26692.2129,
       1,     170,     307,      23,       1,       3,       1,     10.0000,      1.4169,     42.8516,    252.9800,     63.6652,      3.4953,      0.0000,     -0.0324,      0.6297,      0.1456,      5.6820,     11.3641,      1.2870,     29.4577,     58.9155,      0.0196,      0.0005,      0.0156,      0.2135,   8007.6641,-422368.6562,   -919.9492,    560.6882,  26692.2129,
       1,     170,     307,      24,       1,       3,       1,     10.0000,      1.4169,     42.8516,    252.9800,     63.6652,      3.4953,      0.0000,     -0.0324,      0.3521,      0.1452,      5.6820,     11.3641,      1.2831,     29.4577,     58.9155,      0.0196,      0.0003,      0.0156,      0.2135,   8007.6641,-421733.4375,   -919.8380,    560.7327,  26692.2148,
       1,     170,     308,       1,       1,       3,       1,     10.0000,      1.4169,     42.8520,    252.9859,     63.6667,      3.4953,      0.0000,     -0.0323,      0.3626,      0.1424,      5.6818,     11.3636,      1.2587,     29.4588,     58.9177,      0.0196,      0.0003,      0.0156,      0.2136,   8007.6646,-421503.7500,   -920.0653,    560.7619,  26693.4043,
       1,     170,     308,       2,       1,       3,       1,     10.0000,      1.4169,     42.8520,    252.9859,     63.6667,      3.4953,      0.0000,     -0.0322,      0.3350,      0.1390,      5.6818,     11.3636,      1.2285,     29.4588,     58.9177,      0.0196,      0.0003,      0.0156,      0.2136,   8008.0215,-421345.5625,   -919.7735,    560.7730,  26693.4043,
       1,     170,     308,       3,       1,       3,       1,     10.0000,      1.4169,     42.8520,    252.9859,     63.6667,      3.4953,      0.0000,     -0.0321,      0.3296,      0.1371,      5.6818,     11.3636,      1.2112,     29.4588,     58.9177,      0.0196,      0.0003,      0.0156,      0.2136,   8008.0215,-421299.3438,   -919.7661,    560.7762,  26693.4043,
       1,     170,     308,       4,       1,       3,       1,     10.0000,      1.4169,     42.8520,    252.9859,     63.6667,      3.4953,      0.0000,     -0.0319,      0.3157,      0.1320,      5.6818,     11.3636,      1.1665,     29.4588,     58.9177,      0.0196,      0.0002,      0.0156,      0.2136,   8008.0215,-421289.0625,   -919.7661,    560.7770,  26693.4043,
       1,     170,     308,       5,       1,       3,       1,     10.0000,      1.4169,     42.8520,    252.9859,     63.6667,      3.4953,      0.0000,     -0.0317,      0.3056,      0.1283,      5.6818,     11.3636,      1.1337,     29.4588,     58.9177,      0.0196,      0.0002,      0.0156,      0.2136,   8008.0215,-421271.6875,   -919.7641,    560.7782,  26693.4023,
       1,     170,     308,       6,       1,       3,       1,     10.0000,      1.4169,     42.8520,    252.9859,     63.6667,      3.4953,      0.0000,     -0.0318,      0.3070,      0.1288,      5.6818,     11.3636,      1.1384,     29.4588,     58.9177,      0.0196,      0.0002,      0.0156,      0.2136,   8008.0210,-421258.3750,   -919.7633,    560.7792,  26693.4043,
       1,     170,     308,       7,       1,       3,       1,     10.0000,      1.4169,     42.8520,    252.9859,     63.6667,      3.4953,      0.0000,     -0.0319,      0.3630,      0.1312,      5.6818,     11.3636,      1.1594,     29.4588,     58.9177,      0.0196,      0.0003,      0.0156,      0.2136,   8008.0215,-421258.7188,   -919.7645,    560.7791,  26693.4043,
       1,     170,     308,       8,       1,       3,       1,     10.0000,      1.4169,     42.8520,    252.9859,     63.6667,      3.4953,      0.0107,     -0.0211,      0.3161,      0.1321,      5.6818,     11.3636,      1.1677,     29.4588,     58.9177,      0.0196,      0.0002,      0.0156,      0.2136,   8008.0215,-421325.5625,   -919.7822,    560.7745,  26693.4023,
       1,     170,     308,       9,       1,       3,       1,     10.0000,      1.4169,     42.8520,    252.9859,     63.6667,      3.4953,      0.1103,      0.0781,      4.1626,      0.1396,      5.6818,     11.3636,      1.2335,     29.4588,     58.9177,      0.0196,      0.0004,      0.1359,      0.2136,   8008.0210,-421275.2188,   -919.7913,    560.7779,  26693.4062,
       1,     170,     308,      10,       1,       3,       1,     10.0000,      1.4169,     42.8520,    252.9859,     63.6667,      3.4953,      0.1646,      0.1314,     32.5431,      0.1693,      5.6818,     11.3636,      1.4964,     29.4588,     58.9177,      0.0196,      0.0019,      0.2098,      0.2136,   8008.0220,-425855.8125,   -920.9104,    560.4568,  26693.4043,
       1,     170,     308,      11,       1,       3,       1,     10.0000,      1.4169,     42.8520,    252.9859,     63.6667,      3.4953,      0.1433,      0.1100,     30.3215,      0.1719,      5.6818,     11.3636,      1.5190,     29.4588,     58.9177,      0.0196,      0.0020,      0.1797,      0.2136,   8008.0215,-460069.5000,   -928.1707,    558.0601,  26693.4043,
       1,     170,     308,      12,       1,       3,       1,     10.0000,      1.4169,     42.8520,    252.9859,     63.6667,      3.4953,      0.1963,      0.1622,     79.9017,      0.1974,      5.6818,     11.3636,      1.7441,     29.4588,     58.9177,      0.0196,      0.0039,      0.2500,      0.2135,   8008.0215,-460289.9688,   -928.7952,    558.0498,  26693.4023,
       1,     170,     308,      13,       1,       3,       1,     10.0000,      1.4169,     42.8520,    252.9859,     63.6667,      3.4953,      0.1947,      0.1600,    101.1307,      0.2159,      5.6818,     11.3636,      1.9080,     29.4588,     58.9177,      0.0196,      0.0050,      0.2455,      0.2135,   8008.0210,-519433.1875,   -941.4731,    553.9242,  26693.4043,
       1,     170,     308,      14,       1,       3,       1,     10.0000,      1.4169,     42.8520,    252.9859,     63.6667,      3.4953,      0.1904,      0.1557,    100.6862,      0.2151,      5.6818,     11.3636,      1.9005,     29.4588,     58.9177,      0.0196,      0.0051,      0.2393,      0.2135,   8008.0215,-549746.0625,   -948.8005,    551.8405,  26693.4062,
       1,     170,     308,      15,       1,       3,       1,     10.0000,      1.4169,     42.8520,    252.9859,     63.6667,      3.4953,      0.1911,      0.1567,     92.3287,      0.2094,      5.6818,     11.3636,      1.8506,     29.4588,     58.9177,      0.0196,      0.0046,      0.2413,      0.2134,   8008.0220,-551731.0000,   -950.3372,    551.7075,  26693.4004,
       1,     170,     308,      16,       1,       3,       1,     10.0000,      1.4169,     42.8520,    252.9859,     63.6667,      3.4953,      0.0502,      0.0175,      5.2687,      0.1547,      5.6818,     11.3636,      1.3672,     29.4588,     58.9177,      0.0196,      0.0013,      0.0501,      0.2134,   8008.0205,-541910.1875,   -949.3552,    552.3848,  26693.4023,
       1,     170,     308,      17,       1,       3,       1,     10.0000,      1.4169,     42.8520,    252.9859,     63.6667,      3.4953,      0.0105,     -0.0214,      0.3121,      0.1307,      5.6818,     11.3636,      1.1547,     29.4588,     58.9177,      0.0196,      0.0002,      0.0156,      0.2134,   8008.0210,-437132.6875,   -913.2802,    559.6199,  26693.3789,
       1,     170,     308,      18,       1,       3,       1,     10.0000,      1.4169,     42.8520,    252.9859,     63.6667,      3.4953,      0.0166,     -0.0152,      0.0817,      0.1303,      5.6818,     11.3636,      1.1512,     29.4588,     58.9177,      0.0196,      0.0002,      0.0041,      0.2136,   8008.0142,-422648.4062,   -910.3670,    560.6807,  26693.4004,
       1,     170,     308,      19,       1,       3,       1,     10.0000,      1.4169,     42.8520,    252.9859,     63.6667,      3.4953,      0.0166,     -0.0152,      0.0822,      0.1307,      5.6818,     11.3636,      1.1547,     29.4588,     58.9177,      0.0196,      0.0002,      0.0041,      0.2136,   8008.0205,-421107.8125,   -910.0974,    560.7897,  26693.4023,
       1,     170,     308,      20,       1,       3,       1,     10.0000,      1.4169,     42.8520,    252.9859,     63.6667,      3.4953,      0.0004,     -0.0315,      0.3110,      0.1303,      5.6818,     11.3636,      1.1512,     29.4588,     58.9177,      0.0196,      0.0002,      0.0156,      0.2136,   8008.0210,-420978.4062,   -910.1321,    560.7988,  26693.4023,
       1,     170,     308,      21,       1,       3,       1,     10.0000,      1.4169,     42.8520,    252.9859,     63.6667,      3.4953,      0.0000,     -0.0317,      0.3035,      0.1275,      5.6818,     11.3636,      1.1268,     29.4588,     58.9177,      0.0196,      0.0002,      0.0156,      0.2136,   8008.0210,-421240.2500,   -910.1824,    560.7804,  26693.4062,
       1,     170,     308,      22,       1,       3,       1,     10.0000,      1.4169,     42.8520,    252.9859,     63.6667,      3.4953,      0.0000,     -0.0317,      0.3024,      0.1271,      5.6818,     11.3636,      1.1234,     29.4588,     58.9177,      0.0196,      0.0002,      0.0156,      0.2136,   8008.0220,-421252.8125,   -910.1855,    560.7795,  26693.4062,
       1,     170,     308,      23,       1,       3,       1,     10.0000,      1.4169,     42.8520,    252.9859,     63.6667,      3.4953,      0.0000,     -0.0316,      0.2982,      0.1256,      5.6818,     11.3636,      1.1097,     29.4588,     58.9177,      0.0196,      0.0002,      0.0156,      0.2136,   8008.0220,-421252.5938,   -910.1868,    560.7795,  26693.4062,
       1,     170,     308,      24,       1,       3,       1,     10.0000,      1.4169,     42.8520,    252.9859,     63.6667,      3.4953,      0.0000,     -0.0317,      0.3031,      0.1274,      5.6818,     11.3636,      1.1257,     29.4588,     58.9177,      0.0196,      0.0002,      0.0156,      0.2136,   8008.0220,-421247.5938,   -910.1875,    560.7799,  26693.4062,
       1,     170,     309,       1,       1,       3,       1,     10.0000,      1.4169,     42.8523,    252.9919,     63.6682,      3.4953,      0.0000,     -0.0317,      0.3038,      0.1277,      5.6825,     11.3650,      1.1280,     29.4507,     58.9013,      0.0196,      0.0002,      0.0156,      0.2136,   8008.0220,-421407.6875,   -910.4779,    560.7820,  26694.5918,
       1,     170,     309,       2,       1,       3,       1,     10.0000,      1.4169,     42.8523,    252.9919,     63.6682,      3.4953,      0.0000,     -0.0318,      0.3092,      0.1296,      5.6825,     11.3650,      1.1454,     29.4507,     58.9013,      0.0196,      0.0002,      0.0156,      0.2136,   8008.3779,-421270.4062,   -910.2001,    560.7916,  26694.5918,
       1,     170,     309,       3,       1,       3,       1,     10.0000,      1.4169,     42.8523,    252.9919,     63.6682,      3.4953,      0.0000,     -0.0317,      0.3056,      0.1283,      5.6825,     11.3650,      1.1338,     29.4507,     58.9013,      0.0196,      0.0002,      0.0156,      0.2136,   8008.3779,-421265.3125,   -910.2007,    560.7919,  26694.5918,
       1,     170,     309,       4,       1,       3,       1,     10.0000,      1.4169,     42.8523,    252.9919,     63.6682,      3.4953,      0.0000,     -0.0316,      0.2989,      0.1258,      5.6825,     11.3650,      1.1120,     29.4507,     58.9013,      0.0196,      0.0002,      0.0156,      0.2136,   8008.3779,-421260.6562,   -910.2013,    560.7922,  26694.5938,
       1,     170,     309,       5,       1,       3,       1,     10.0000,      1.4169,     42.8523,    252.9919,     63.6682,      3.4953,      0.0000,     -0.0317,      0.2996,      0.1261,      5.6825,     11.3650,      1.1143,     29.4507,     58.9013,      0.0196,      0.0002,      0.0156,      0.2136,   8008.3784,-421252.1875,   -910.2008,    560.7928,  26694.5918,
       1,     170,     309,       6,       1,       3,       1,     10.0000,      1.4169,     42.8523,    252.9919,     63.6682,      3.4953,      0.0000,     -0.0318,      0.3106,      0.1301,      5.6825,     11.3650,      1.1500,     29.4507,     58.9013,      0.0196,      0.0002,      0.0156,      0.2136,   8008.3779,-421252.4688,   -910.2028,    560.7928,  26694.5938,
       1,     170,     309,       7,       1,       3,       1,     10.0000,      1.4169,     42.8523,    252.9919,     63.6682,      3.4953,      0.0000,     -0.0318,      0.3457,      0.1295,      5.6825,     11.3650,      1.1442,     29.4507,     58.9013,      0.0196,      0.0003,      0.0156,      0.2136,   8008.3784,-421265.4375,   -910.2063,    560.7919,  26694.5898,
       1,     170,     309,       8,       1,       3,       1,     10.0000,      1.4169,     42.8523,    252.9919,     63.6682,      3.4953,      0.0071,     -0.0247,      0.3088,      0.1295,      5.6825,     11.3650,      1.1442,     29.4507,     58.9013,      0.0196,      0.0002,      0.0156,      0.2136,   8008.3774,-421308.5625,   -910.2218,    560.7889,  26694.5918,
       1,     170,     309,       9,       1,       3,       1,     10.0000,      1.4169,     42.8523,    252.9919,     63.6682,      3.4953,      0.1243,      0.0919,     10.9232,      0.1462,      5.6825,     11.3650,      1.2922,     29.4507,     58.9013,      0.0196,      0.0008,      0.1550,      0.2136,   8008.3779,-421268.0938,   -910.2330,    560.7917,  26694.5918,
       1,     170,     309,      10,       1,       3,       1,     10.0000,      1.4169,     42.8523,    252.9919,     63.6682,      3.4953,      0.1513,      0.1181,     30.5212,      0.1667,      5.6825,     11.3650,      1.4727,     29.4507,     58.9013,      0.0196,      0.0019,      0.1910,      0.2136,   8008.3779,-433915.2500,   -913.2343,    559.9052,  26694.5918,
       1,     170,     309,      11,       1,       3,       1,     10.0000,      1.4169,     42.8523,    252.9919,     63.6682,      3.4953,      0.1759,      0.1426,     45.6450,      0.1728,      5.6825,     11.3650,      1.5266,     29.4507,     58.9013,      0.0196,      0.0025,      0.2245,      0.2136,   8008.3779,-458334.9062,   -918.8751,    558.1968,  26694.5898,
       1,     170,     309,      12,       1,       3,       1,     10.0000,      1.4169,     42.8523,    252.9919,     63.6682,      3.4953,      0.1873,      0.1535,     62.8820,      0.1871,      5.6825,     11.3650,      1.6532,     29.4507,     58.9013,      0.0196,      0.0032,      0.2389,      0.2136,   8008.3774,-478413.6562,   -924.1216,    556.7984,  26694.5938,
       1,     170,     309,      13,       1,       3,       1,     10.0000,      1.4169,     42.8523,    252.9919,     63.6682,      3.4953,      0.1947,      0.1604,     90.6523,      0.2031,      5.6825,     11.3650,      1.7949,     29.4507,     58.9013,      0.0196,      0.0044,      0.2466,      0.2135,   8008.3784,-500649.0938,   -930.0418,    555.2526,  26694.5918,
       1,     170,     309,      14,       1,       3,       1,     10.0000,      1.4169,     42.8523,    252.9919,     63.6682,      3.4953,      0.1978,      0.1634,    100.8314,      0.2096,      5.6825,     11.3650,      1.8525,     29.4507,     58.9013,      0.0196,      0.0049,      0.2500,      0.2135,   8008.3779,-535641.1250,   -938.7878,    552.8261,  26694.5918,
       1,     170,     309,      15,       1,       3,       1,     10.0000,      1.4169,     42.8523,    252.9919,     63.6682,      3.4953,      0.1989,      0.1641,    115.9520,      0.2226,      5.6825,     11.3650,      1.9671,     29.4507,     58.9013,      0.0196,      0.0056,      0.2500,      0.2135,   8008.3779,-550719.0000,   -944.0223,    551.7894,  26694.5918,
       1,     170,     309,      16,       1,       3,       1,     10.0000,      1.4169,     42.8523,    252.9919,     63.6682,      3.4953,      0.1760,      0.1425,     58.5189,      0.1768,      5.6825,     11.3650,      1.5621,     29.4507,     58.9013,      0.0196,      0.0032,      0.2232,      0.2135,   8008.3779,-570026.5625,   -949.9296,    550.4587,  26694.5918,
       1,     170,     309,      17,       1,       3,       1,     10.0000,      1.4169,     42.8523,    252.9919,     63.6682,      3.4953,      0.1867,      0.1544,     17.3537,      0.1410,      5.6825,     11.3650,      1.2460,     29.4507,     58.9013,      0.0196,      0.0009,      0.2427,      0.2134,   8008.3779,-503029.4062,   -938.0195,    555.0701,  26694.5918,
       1,     170,     309,      18,       1,       3,       1,     10.0000,      1.4169,     42.8523,    252.9919,     63.6682,      3.4953,      0.0856,      0.0538,      2.8823,      0.1294,      5.6825,     11.3650,      1.1430,     29.4507,     58.9013,      0.0196,      0.0003,      0.1014,      0.2135,   8008.3779,-448396.3750,   -915.9874,    558.8801,  26694.5938,
       1,     170,     309,      19,       1,       3,       1,     10.0000,      1.4169,     42.8523,    252.9919,     63.6682,      3.4953,      0.0569,      0.0252,      1.1968,      0.1284,      5.6825,     11.3650,      1.1349,     29.4507,     58.9013,      0.0196,      0.0002,      0.0610,      0.2136,   8008.3784,-426608.2500,   -911.3396,    560.4155,  26694.5918,
       1,     170,     309,      20,       1,       3,       1,     10.0000,      1.4169,     42.8523,    252.9919,     63.6682,      3.4953,      0.0033,     -0.0285,      0.3060,      0.1284,      5.6825,     11.3650,      1.1349,     29.4507,     58.9013,      0.0196,      0.0002,      0.0156,      0.2136,   8008.3779,-422771.4688,   -910.8868,    560.6863,  26694.5898,
       1,     170,     309,      21,       1,       3,       1,     10.0000,      1.4169,     42.8523,    252.9919,     63.6682,      3.4953,      0.0000,     -0.0318,      0.3067,      0.1287,      5.6825,     11.3650,      1.1372,     29.4507,     58.9013,      0.0196,      0.0002,      0.0156,      0.2136,   8008.3774,-421387.1250,   -910.6464,    560.7834,  26694.5918,
       1,     170,     309,      22,       1,       3,       1,     10.0000,      1.4169,     42.8523,    252.9919,     63.6682,      3.4953,      0.0000,     -0.0318,      0.3117,      0.1305,      5.6825,     11.3650,      1.1536,     29.4507,     58.9013,      0.0196,      0.0002,      0.0156,      0.2136,   8008.3779,-421272.0938,   -910.6266,    560.7914,  26694.5898,
       1,     170,     309,      23,       1,       3,       1,     10.0000,      1.4169,     42.8523,    252.9919,     63.6682,      3.4953,      0.0000,     -0.0317,      0.3063,      0.1286,      5.6825,     11.3650,      1.1361,     29.4507,     58.9013,      0.0196,      0.0002,      0.0156,      0.2136,   8008.3774,-421268.6562,   -910.6279,    560.7917,  26694.5898,
       1,     170,     309,      24,       1,       3,       1,     10.0000,      1.4169,     42.8523,    252.9919,     63.6682,      3.4953,      0.0000,     -0.0316,      0.2961,      0.1248,      5.6825,     11.3650,      1.1030,     29.4507,     58.9013,      0.0196,      0.0002,      0.0156,      0.2136,   8008.3774,-421261.9688,   -910.6282,    560.7922,  26694.5918,
       1,     170,     310,       1,       1,       3,       1,     10.0000,      1.4169,     42.8526,    252.9978,     63.6697,      3.4953,      0.0000,     -0.0317,      0.2996,      0.1261,      5.6819,     11.3638,      1.1143,     29.4535,     58.9071,      0.0196,      0.0002,      0.0156,      0.2136,   8008.3779,-421403.8750,   -910.9165,    560.7953,  26695.7852,
       1,     170,     310,       2,       1,       3,       1,     10.0000,      1.4169,     42.8526,    252.9978,     63.6697,      3.4953,      0.0000,     -0.0317,      0.3038,      0.1277,      5.6819,     11.3638,      1.1280,     29.4535,     58.9071,      0.0196,      0.0002,      0.0156,      0.2136,   8008.7358,-421267.7188,   -910.6364,    560.8049,  26695.7832,
       1,     170,     310,       3,       1,       3,       1,     10.0000,      1.4169,     42.8526,    252.9978,     63.6697,      3.4953,      0.0000,     -0.0316,      0.2962,      0.1248,      5.6819,     11.3638,      1.1030,     29.4535,     58.9071,      0.0196,      0.0002,      0.0156,      0.2136,   8008.7354,-421261.6562,   -910.6374,    560.8053,  26695.7832,
       1,     170,     310,       4,       1,       3,       1,     10.0000,      1.4169,     42.8526,    252.9978,     63.6697,      3.4953,      0.0000,     -0.0316,      0.2979,      0.1255,      5.6819,     11.3638,      1.1087,     29.4535,     58.9071,      0.0196,      0.0002,      0.0156,      0.2136,   8008.7354,-421251.9688,   -910.6371,    560.8060,  26695.7832,
       1,     170,     310,       5,       1,       3,       1,     10.0000,      1.4169,     42.8526,    252.9978,     63.6697,      3.4953,      0.0000,     -0.0316,      0.2958,      0.1247,      5.6819,     11.3638,      1.1019,     29.4535,     58.9071,      0.0196,      0.0002,      0.0156,      0.2136,   8008.7354,-421253.2188,   -910.6388,    560.8058,  26695.7832,
       1,     170,     310,       6,       1,       3,       1,     10.0000,      1.4169,     42.8526,    252.9978,     63.6697,      3.4953,      0.0000,     -0.0316,      0.2965,      0.1250,      5.6819,     11.3638,      1.1041,     29.4535,     58.9071,      0.0196,      0.0002,      0.0156,      0.2136,   8008.7354,-421251.0312,   -910.6396,    560.8060,  26695.7832,
       1,     170,     310,       7,       1,       3,       1,     10.0000,      1.4169,     42.8526,    252.9978,     63.6697,      3.4953,      0.0000,     -0.0315,      0.2910,      0.1229,      5.6819,     11.3638,      1.0863,     29.4535,     58.9071,      0.0196,      0.0002,      0.0156,      0.2136,   8008.7354,-421251.5938,   -910.6412,    560.8060,  26695.7832,
       1,     170,     310,       8,       1,       3,       1,     10.0000,      1.4169,     42.8526,    252.9978,     63.6697,      3.4953,      0.0081,     -0.0232,      0.2797,      0.1187,      5.6819,     11.3638,      1.0491,     29.4535,     58.9071,      0.0196,      0.0002,      0.0156,      0.2136,   8008.7354,-421245.0312,   -910.6414,    560.8064,  26695.7832,
       1,     170,     310,       9,       1,       3,       1,     10.0000,      1.4169,     42.8526,    252.9978,     63.6697,      3.4953,      0.0713,      0.0398,      1.5026,      0.1217,      5.6819,     11.3638,      1.0752,     29.4535,     58.9071,      0.0196,      0.0002,      0.0815,      0.2136,   8008.7354,-421231.0312,   -910.6725,    560.8074,  26695.7832,
       1,     170,     310,      10,       1,       3,       1,     10.0000,      1.4169,     42.8526,    252.9978,     63.6697,      3.4953,      0.1451,      0.1133,      3.6963,      0.1303,      5.6819,     11.3638,      1.1512,     29.4535,     58.9071,      0.0196,      0.0002,      0.1854,      0.2136,   8008.7354,-422687.2188,   -911.2230,    560.7054,  26695.7812,
       1,     170,     310,      11,       1,       3,       1,     10.0000,      1.4169,     42.8526,    252.9978,     63.6697,      3.4953,      0.1877,      0.1548,     24.8379,      0.1595,      5.6819,     11.3638,      1.4091,     29.4535,     58.9071,      0.0196,      0.0012,      0.2434,      0.2136,   8008.7349,-425423.2500,   -912.5049,    560.5135,  26695.7832,
       1,     170,     310,      12,       1,       3,       1,     10.0000,      1.4169,     42.8526,    252.9978,     63.6697,      3.4953,      0.1944,      0.1610,     53.7958,      0.1752,      5.6819,     11.3638,      1.5481,     29.4535,     58.9071,      0.0196,      0.0026,      0.2500,      0.2136,   8008.7354,-450847.3125,   -918.6049,    558.7323,  26695.7812,
       1,     170,     310,      13,       1,       3,       1,     10.0000,      1.4169,     42.8526,    252.9978,     63.6697,      3.4953,      0.1942,      0.1602,     78.7828,      0.1929,      5.6819,     11.3638,      1.7049,     29.4535,     58.9071,      0.0196,      0.0038,      0.2470,      0.2136,   8008.7349,-487500.6875,   -927.5927,    556.1752,  26695.7812,
       1,     170,     310,      14,       1,       3,       1,     10.0000,      1.4169,     42.8526,    252.9978,     63.6697,      3.4953,      0.1977,      0.1636,     97.1735,      0.1958,      5.6819,     11.3638,      1.7304,     29.4535,     58.9071,      0.0196,      0.0047,      0.2500,      0.2136,   8008.7349,-520374.4688,   -935.6125,    553.8956,  26695.7852,
       1,     170,     310,      15,       1,       3,       1,     10.0000,      1.4169,     42.8526,    252.9978,     63.6697,      3.4953,      0.1981,      0.1636,    103.3870,      0.2078,      5.6819,     11.3638,      1.8362,     29.4535,     58.9071,      0.0196,      0.0050,      0.2500,      0.2135,   8008.7358,-545065.4375,   -942.2316,    552.1907,  26695.7832,
       1,     170,     310,      16,       1,       3,       1,     10.0000,      1.4169,     42.8526,    252.9978,     63.6697,      3.4953,      0.1967,      0.1623,    114.9556,      0.2086,      5.6819,     11.3638,      1.8434,     29.4535,     58.9071,      0.0196,      0.0056,      0.2468,      0.2135,   8008.7354,-554540.8125,   -946.0077,    551.5394,  26695.7832,
       1,     170,     310,      17,       1,       3,       1,     10.0000,      1.4169,     42.8526,    252.9978,     63.6697,      3.4953,      0.1376,      0.1042,     48.5502,      0.1755,      5.6819,     11.3638,      1.5512,     29.4535,     58.9071,      0.0196,      0.0035,      0.1695,      0.2135,   8008.7354,-569141.0000,   -950.3598,    550.5331,  26695.7852,
       1,     170,     310,      18,       1,       3,       1,     10.0000,      1.4169,     42.8526,    252.9978,     63.6697,      3.4953,      0.1257,      0.0929,     17.5908,      0.1577,      5.6819,     11.3638,      1.3937,     29.4535,     58.9071,      0.0196,      0.0014,      0.1561,      0.2135,   8008.7358,-491042.6250,   -936.1262,    555.9085,  26695.7852,
       1,     170,     310,      19,       1,       3,       1,     10.0000,      1.4169,     42.8526,    252.9978,     63.6697,      3.4953,      0.0527,      0.0201,      3.8339,      0.1486,      5.6819,     11.3638,      1.3133,     29.4535,     58.9071,      0.0196,      0.0009,      0.0540,      0.2136,   8008.7358,-447698.5625,   -928.1466,    558.9468,  26695.7852,
       1,     170,     310,      20,       1,       3,       1,     10.0000,      1.4169,     42.8526,    252.9978,     63.6697,      3.4953,      0.0019,     -0.0306,      1.3197,      0.1497,      5.6819,     11.3638,      1.3226,     29.4535,     58.9071,      0.0196,      0.0010,      0.0156,      0.2136,   8008.7358,-427681.0625,   -917.6825,    560.3537,  26695.7832,
       1,     170,     310,      21,       1,       3,       1,     10.0000,      1.4169,     42.8526,    252.9978,     63.6697,      3.4953,      0.0000,     -0.0326,      1.6462,      0.1521,      5.6819,     11.3638,      1.3441,     29.4535,     58.9071,      0.0196,      0.0013,      0.0156,      0.2136,   8008.7354,-423009.8750,   -916.9152,    560.6826,  26695.7832,
       1,     170,     310,      22,       1,       3,       1,     10.0000,      1.4169,     42.8526,    252.9978,     63.6697,      3.4953,      0.0000,     -0.0326,      1.7174,      0.1509,      5.6819,     11.3638,      1.3333,     29.4535,     58.9071,      0.0196,      0.0013,      0.0156,      0.2136,   8008.7354,-423007.0000,   -917.0461,    560.6829,  26695.7812,
       1,     170,     310,      23,       1,       3,       1,     10.0000,      1.4169,     42.8526,    252.9978,     63.6697,      3.4953,      0.0000,     -0.0325,      1.2864,      0.1474,      5.6819,     11.3638,      1.3027,     29.4535,     58.9071,      0.0196,      0.0010,      0.0156,      0.2136,   8008.7349,-423091.6875,   -917.1685,    560.6769,  26695.7852,
       1,     170,     310,      24,       1,       3,       1,     10.0000,      1.4169,     42.8526,    252.9978,     63.6697,      3.4953,      0.0000,     -0.0322,      0.3861,      0.1416,      5.6819,     11.3638,      1.2511,     29.4535,     58.9071,      0.0196,      0.0003,      0.0156,      0.2136,   8008.7358,-422584.6250,   -917.1247,    560.7125,  26695.7832,
       1,     170,     311,       1,       1,       3,       1,     10.0000,      1.4170,     42.8530,    253.0037,     63.6712,      3.4953,      0.0000,     -0.0322,      0.3350,      0.1390,      5.6824,     11.3648,      1.2286,     29.4556,     58.9113,      0.0196,      0.0003,      0.0156,      0.2136,   8008.7354,-421624.3125,   -917.2151,    560.7930,  26696.9727,
       1,     170,     311,       2,       1,       3,       1,     10.0000,      1.4170,     42.8530,    253.0037,     63.6712,      3.4953,      0.0000,     -0.0319,      0.3179,      0.1328,      5.6824,     11.3648,      1.1737,     29.4556,     58.9113,      0.0196,      0.0002,      0.0156,      0.2137,   8009.0923,-421331.3750,   -916.8991,    560.8135,  26696.9727,
       1,     170,     311,       3,       1,       3,       1,     10.0000,      1.4170,     42.8530,    253.0037,     63.6712,      3.4953,      0.0000,     -0.0319,      0.3176,      0.1327,      5.6824,     11.3648,      1.1725,     29.4556,     58.9113,      0.0196,      0.0002,      0.0156,      0.2137,   8009.0923,-421286.6250,   -916.8920,    560.8167,  26696.9707,
       1,     170,     311,       4,       1,       3,       1,     10.0000,      1.4170,     42.8530,    253.0037,     63.6712,      3.4953,      0.0000,     -0.0319,      0.3183,      0.1330,      5.6824,     11.3648,      1.1749,     29.4556,     58.9113,      0.0196,      0.0002,      0.0156,      0.2137,   8009.0913,-421282.7188,   -916.8931,    560.8170,  26696.9707,
       1,     170,     311,       5,       1,       3,       1,     10.0000,      1.4170,     42.8530,    253.0037,     63.6712,      3.4953,      0.0000,     -0.0319,      0.3150,      0.1318,      5.6824,     11.3648,      1.1642,     29.4556,     58.9113,      0.0196,      0.0002,      0.0156,      0.2137,   8009.0913,-421283.3750,   -916.8945,    560.8170,  26696.9707,
       1,     170,     311,       6,       1,       3,       1,     10.0000,      1.4170,     42.8530,    253.0037,     63.6712,      3.4953,      0.0000,     -0.0318,      0.3096,      0.1298,      5.6824,     11.3648,      1.1466,     29.4556,     58.9113,      0.0196,      0.0002,      0.0156,      0.2137,   8009.0913,-421279.4062,   -916.8950,    560.8172,  26696.9746,
       1,     170,     311,       7,       1,       3,       1,     10.0000,      1.4170,     42.8530,    253.0037,     63.6712,      3.4953,      0.0000,     -0.0318,      0.3103,      0.1300,      5.6824,     11.3648,      1.1489,     29.4556,     58.9113,      0.0196,      0.0002,      0.0156,      0.2137,   8009.0928,-421272.0312,   -916.8937,    560.8177,  26696.9727,
       1,     170,     311,       8,       1,       3,       1,     10.0000,      1.4170,     42.8530,    253.0037,     63.6712,      3.4953,      0.0127,     -0.0191,      0.3092,      0.1296,      5.6824,     11.3648,      1.1454,     29.4556,     58.9113,      0.0196,      0.0002,      0.0156,      0.2137,   8009.0923,-421272.5000,   -916.8954,    560.8176,  26696.9727,
       1,     170,     311,       9,       1,       3,       1,     10.0000,      1.4170,     42.8530,    253.0037,     63.6712,      3.4953,      0.1326,      0.1002,      4.4942,      0.1455,      5.6824,     11.3648,      1.2858,     29.4556,     58.9113,      0.0196,      0.0003,      0.1674,      0.2137,   8009.0923,-421271.2812,   -916.9340,    560.8177,  26696.9727,
       1,     170,     311,      10,       1,       3,       1,     10.0000,      1.4170,     42.8530,    253.0037,     63.6712,      3.4953,      0.1902,      0.1565,     44.2365,      0.1832,      5.6824,     11.3648,      1.6192,     29.4556,     58.9113,      0.0196,      0.0022,      0.2451,      0.2137,   8009.0923,-426257.7500,   -918.4216,    560.4681,  26696.9727,
       1,     170,     311,      11,       1,       3,       1,     10.0000,      1.4170,     42.8530,    253.0037,     63.6712,      3.4953,      0.1953,      0.1613,     66.3962,      0.1945,      5.6824,     11.3648,      1.7185,     29.4556,     58.9113,      0.0196,      0.0032,      0.2500,      0.2136,   8009.0923,-474032.6250,   -928.9205,    557.1212,  26696.9727,
       1,     170,     311,      12,       1,       3,       1,     10.0000,      1.4170,     42.8530,    253.0037,     63.6712,      3.4953,      0.1969,      0.1627,     87.1701,      0.1996,      5.6824,     11.3648,      1.7633,     29.4556,     58.9113,      0.0196,      0.0042,      0.2500,      0.2136,   8009.0923,-504470.7500,   -936.3907,    555.0115,  26696.9746,
       1,     170,     311,      13,       1,       3,       1,     10.0000,      1.4170,     42.8530,    253.0037,     63.6712,      3.4953,      0.1854,      0.1512,     82.7661,      0.1986,      5.6824,     11.3648,      1.7546,     29.4556,     58.9113,      0.0196,      0.0043,      0.2340,      0.2136,   8009.0928,-531788.2500,   -943.2421,    553.1203,  26696.9688,
       1,     170,     311,      14,       1,       3,       1,     10.0000,      1.4170,     42.8530,    253.0037,     63.6712,      3.4953,      0.1979,      0.1634,    101.9379,      0.2107,      5.6824,     11.3648,      1.8617,     29.4556,     58.9113,      0.0196,      0.0049,      0.2500,      0.2135,   8009.0908,-528810.4375,   -943.9293,    553.3295,  26696.9707,
       1,     170,     311,      15,       1,       3,       1,     10.0000,      1.4170,     42.8530,    253.0037,     63.6712,      3.4953,      0.1755,      0.1412,     84.9805,      0.2035,      5.6824,     11.3648,      1.7985,     29.4556,     58.9113,      0.0196,      0.0047,      0.2196,      0.2135,   8009.0913,-551439.6875,   -949.7856,    551.7642,  26696.9707,
       1,     170,     311,      16,       1,       3,       1,     10.0000,      1.4170,     42.8530,    253.0037,     63.6712,      3.4953,      0.1428,      0.1092,     48.4566,      0.1820,      5.6824,     11.3648,      1.6079,     29.4556,     58.9113,      0.0196,      0.0033,      0.1769,      0.2135,   8009.0913,-533083.0625,   -947.2590,    553.0325,  26696.9707,
       1,     170,     311,      17,       1,       3,       1,     10.0000,      1.4170,     42.8530,    253.0037,     63.6712,      3.4953,      0.1706,      0.1376,     25.5336,      0.1642,      5.6824,     11.3648,      1.4508,     29.4556,     58.9113,      0.0196,      0.0014,      0.2191,      0.2135,   8009.0913,-487965.4688,   -923.7339,    556.1530,  26696.8633,
       1,     170,     311,      18,       1,       3,       1,     10.0000,      1.4170,     42.8530,    253.0037,     63.6712,      3.4953,      0.1032,      0.0701,     17.2997,      0.1657,      5.6824,     11.3648,      1.4639,     29.4556,     58.9113,      0.0196,      0.0017,      0.1240,      0.2136,   8009.0591,-456909.8750,   -919.1436,    558.3207,  26696.9707,
       1,     170,     311,      19,       1,       3,       1,     10.0000,      1.4170,     42.8530,    253.0037,     63.6712,      3.4953,      0.0229,     -0.0094,      0.8493,      0.1449,      5.6824,     11.3648,      1.2806,     29.4556,     58.9113,      0.0196,      0.0008,      0.0123,      0.2136,   8009.0913,-444497.0938,   -917.4072,    559.1912,  26696.9727,
       1,     170,     311,      20,       1,       3,       1,     10.0000,      1.4170,     42.8530,    253.0037,     63.6712,      3.4953,      0.0013,     -0.0311,      1.3884,      0.1468,      5.6824,     11.3648,      1.2975,     29.4556,     58.9113,      0.0196,      0.0011,      0.0156,      0.2136,   8009.0923,-423850.8750,   -913.7520,    560.6351,  26696.9727,
       1,     170,     311,      21,       1,       3,       1,     10.0000,      1.4170,     42.8530,    253.0037,     63.6712,      3.4953,      0.0000,     -0.0325,      0.8696,      0.1479,      5.6824,     11.3648,      1.3067,     29.4556,     58.9113,      0.0196,      0.0007,      0.0156,      0.2136,   8009.0923,-422774.7500,   -913.6790,    560.7124,  26696.9707,
       1,     170,     311,      22,       1,       3,       1,     10.0000,      1.4170,     42.8530,    253.0037,     63.6712,      3.4953,      0.0000,     -0.0325,      0.6033,      0.1477,      5.6824,     11.3648,      1.3054,     29.4556,     58.9113,      0.0196,      0.0005,      0.0156,      0.2136,   8009.0913,-422064.7500,   -913.6001,    560.7621,  26696.9688,
       1,     170,     311,      23,       1,       3,       1,     10.0000,      1.4170,     42.8530,    253.0037,     63.6712,      3.4953,      0.0000,     -0.0326,      0.6514,      0.1498,      5.6824,     11.3648,      1.3240,     29.4556,     58.9113,      0.0196,      0.0005,      0.0156,      0.2137,   8009.0908,-421688.3750,   -913.5583,    560.7885,  26696.9707,
       1,     170,     311,      24,       1,       3,       1,     10.0000,      1.4170,     42.8530,    253.0037,     63.6712,      3.4953,      0.0000,     -0.0326,      0.6738,      0.1521,      5.6824,     11.3648,      1.3441,     29.4556,     58.9113,      0.0196,      0.0005,      0.0156,      0.2137,   8009.0913,-421714.1875,   -913.5933,    560.7867,  26696.9688,
       1,     170,     312,       1,       1,       3,       1,     10.0000,      1.4170,     42.8533,    253.0097,     63.6727,      3.4953,      0.0000,     -0.0326,      0.5064,      0.1521,      5.6820,     11.3641,      1.3442,     29.4579,     58.9158,      0.0196,      0.0004,      0.0156,      0.2137,   8009.0908,-421897.5625,   -913.9214,    560.7870,  26698.1602,
       1,     170,     312,       2,       1,       3,       1,     10.0000,      1.4170,     42.8533,    253.0097,     63.6727,      3.4953,      0.0000,     -0.0327,      0.6757,      0.1540,      5.6820,     11.3641,      1.3605,     29.4579,     58.9158,      0.0196,      0.0005,      0.0156,      0.2137,   8009.4482,-421561.2812,   -913.6158,    560.8105,  26698.1582,
       1,     170,     312,       3,       1,       3,       1,     10.0000,      1.4170,     42.8533,    253.0097,     63.6727,      3.4953,      0.0000,     -0.0325,      0.4349,      0.1491,      5.6820,     11.3641,      1.3173,     29.4579,     58.9158,      0.0196,      0.0003,      0.0156,      0.2137,   8009.4478,-421735.1875,   -913.6831,    560.7984,  26698.1602,
       1,     170,     312,       4,       1,       3,       1,     10.0000,      1.4170,     42.8533,    253.0097,     63.6727,      3.4953,      0.0000,     -0.0324,      0.3525,      0.1454,      5.6820,     11.3641,      1.2845,     29.4579,     58.9158,      0.0196,      0.0003,      0.0156,      0.2137,   8009.4482,-421462.5625,   -913.6408,    560.8175,  26698.1582,
       1,     170,     312,       5,       1,       3,       1,     10.0000,      1.4170,     42.8533,    253.0097,     63.6727,      3.4953,      0.0000,     -0.0324,      0.3545,      0.1461,      5.6820,     11.3641,      1.2910,     29.4579,     58.9158,      0.0196,      0.0003,      0.0156,      0.2137,   8009.4478,-421341.8125,   -913.6205,    560.8260,  26698.1582,
       1,     170,     312,       6,       1,       3,       1,     10.0000,      1.4170,     42.8533,    253.0097,     63.6727,      3.4953,      0.0000,     -0.0323,      0.3428,      0.1419,      5.6820,     11.3641,      1.2537,     29.4579,     58.9158,      0.0196,      0.0003,      0.0156,      0.2137,   8009.4478,-421334.0938,   -913.6209,    560.8264,  26698.1582,
       1,     170,     312,       7,       1,       3,       1,     10.0000,      1.4170,     42.8533,    253.0097,     63.6727,      3.4953,      0.0000,     -0.0323,      0.3448,      0.1426,      5.6820,     11.3641,      1.2601,     29.4579,     58.9158,      0.0196,      0.0003,      0.0156,      0.2137,   8009.4478,-421319.6250,   -913.6202,    560.8275,  26698.1582,
       1,     170,     312,       8,       1,       3,       1,     10.0000,      1.4170,     42.8533,    253.0097,     63.6727,      3.4953,      0.0094,     -0.0228,      0.4223,      0.1407,      5.6820,     11.3641,      1.2436,     29.4579,     58.9158,      0.0196,      0.0003,      0.0156,      0.2137,   8009.4478,-421320.8125,   -913.6221,    560.8274,  26698.1582,
       1,     170,     312,       9,       1,       3,       1,     10.0000,      1.4170,     42.8533,    253.0097,     63.6727,      3.4953,      0.1321,      0.0993,     15.5616,      0.1563,      5.6820,     11.3641,      1.3812,     29.4579,     58.9158,      0.0196,      0.0011,      0.1655,      0.2137,   8009.4478,-421413.1250,   -913.6758,    560.8209,  26698.1582,
       1,     170,     312,      10,       1,       3,       1,     10.0000,      1.4170,     42.8533,    253.0097,     63.6727,      3.4953,      0.1833,      0.1499,     37.0552,      0.1749,      5.6820,     11.3641,      1.5451,     29.4579,     58.9158,      0.0196,      0.0019,      0.2360,      0.2137,   8009.4478,-439458.0625,   -917.6622,    559.5560,  26698.1582,
       1,     170,     312,      11,       1,       3,       1,     10.0000,      1.4170,     42.8533,    253.0097,     63.6727,      3.4953,      0.1946,      0.1607,     57.6956,      0.1905,      5.6820,     11.3641,      1.6832,     29.4579,     58.9158,      0.0196,      0.0028,      0.2500,      0.2137,   8009.4478,-466582.7188,   -923.9182,    557.6601,  26698.1562,
       1,     170,     312,      12,       1,       3,       1,     10.0000,      1.4170,     42.8533,    253.0097,     63.6727,      3.4953,      0.1962,      0.1618,     79.3781,      0.2070,      5.6820,     11.3641,      1.8290,     29.4579,     58.9158,      0.0196,      0.0038,      0.2500,      0.2136,   8009.4473,-493459.5938,   -930.6510,    555.7899,  26698.1582,
       1,     170,     312,      13,       1,       3,       1,     10.0000,      1.4170,     42.8533,    253.0097,     63.6727,      3.4953,      0.1973,      0.1626,     93.9433,      0.2149,      5.6820,     11.3641,      1.8988,     29.4579,     58.9158,      0.0196,      0.0045,      0.2500,      0.2136,   8009.4478,-521562.7500,   -937.7838,    553.8405,  26698.1602,
       1,     170,     312,      14,       1,       3,       1,     10.0000,      1.4170,     42.8533,    253.0097,     63.6727,      3.4953,      0.1943,      0.1597,     92.3599,      0.2130,      5.6820,     11.3641,      1.8821,     29.4579,     58.9158,      0.0196,      0.0045,      0.2458,      0.2136,   8009.4482,-541286.6250,   -943.2969,    552.4785,  26698.1562,
       1,     170,     312,      15,       1,       3,       1,     10.0000,      1.4170,     42.8533,    253.0097,     63.6727,      3.4953,      0.1974,      0.1628,     97.5052,      0.2155,      5.6820,     11.3641,      1.9044,     29.4579,     58.9158,      0.0196,      0.0047,      0.2498,      0.2135,   8009.4473,-541038.6875,   -944.6978,    552.4973,  26698.1543,
       1,     170,     312,      16,       1,       3,       1,     10.0000,      1.4170,     42.8533,    253.0097,     63.6727,      3.4953,      0.1988,      0.1639,    114.5655,      0.2235,      5.6820,     11.3641,      1.9749,     29.4579,     58.9158,      0.0196,      0.0055,      0.2500,      0.2135,   8009.4468,-547157.5000,   -947.2739,    552.0746,  26698.1562,
       1,     170,     312,      17,       1,       3,       1,     10.0000,      1.4170,     42.8533,    253.0097,     63.6727,      3.4953,      0.1913,      0.1566,    108.9715,      0.2174,      5.6820,     11.3641,      1.9214,     29.4579,     58.9158,      0.0196,      0.0055,      0.2397,      0.2135,   8009.4473,-568031.3750,   -952.7305,    550.6344,  26698.1543,
       1,     170,     312,      18,       1,       3,       1,     10.0000,      1.4170,     42.8533,    253.0097,     63.6727,      3.4953,      0.1620,      0.1277,     79.6262,      0.2054,      5.6820,     11.3641,      1.8146,     29.4579,     58.9158,      0.0196,      0.0048,      0.2009,      0.2135,   8009.4468,-563093.3125,   -952.9686,    550.9761,  26698.1543,
       1,     170,     312,      19,       1,       3,       1,     10.0000,      1.4170,     42.8533,    253.0097,     63.6727,      3.4953,      0.0616,      0.0278,     16.1331,      0.1845,      5.6820,     11.3641,      1.6305,     29.4579,     58.9158,      0.0196,      0.0030,      0.0642,      0.2135,   8009.4468,-527642.4375,   -946.8892,    553.4178,  26698.1562,
       1,     170,     312,      20,       1,       3,       1,     10.0000,      1.4170,     42.8533,    253.0097,     63.6727,      3.4953,      0.0011,     -0.0323,      2.8843,      0.1763,      5.6820,     11.3641,      1.5575,     29.4579,     58.9158,      0.0196,      0.0022,      0.0156,      0.2136,   8009.4473,-448945.0625,   -931.8401,    558.8672,  26698.1562,
       1,     170,     312,      21,       1,       3,       1,     10.0000,      1.4170,     42.8533,    253.0097,     63.6727,      3.4953,      0.0000,     -0.0332,      2.0311,      0.1694,      5.6820,     11.3641,      1.4965,     29.4579,     58.9158,      0.0196,      0.0016,      0.0156,      0.2137,   8009.4473,-426680.2500,   -927.5764,    560.4495,  26698.1562,
       1,     170,     312,      22,       1,       3,       1,     10.0000,      1.4170,     42.8533,    253.0097,     63.6727,      3.4953,      0.0000,     -0.0332,      1.8842,      0.1672,      5.6820,     11.3641,      1.4772,     29.4579,     58.9158,      0.0196,      0.0015,      0.0156,      0.2137,   8009.4473,-423780.5625,   -927.0461,    560.6550,  26698.1543,
       1,     170,     312,      23,       1,       3,       1,     10.0000,      1.4170,     42.8533,    253.0097,     63.6727,      3.4953,      0.0000,     -0.0332,      2.0298,      0.1675,      5.6820,     11.3641,      1.4801,     29.4579,     58.9158,      0.0196,      0.0016,      0.0156,      0.2137,   8009.4468,-423360.8750,   -926.9974,    560.6844,  26698.1562,
       1,     170,     312,      24,       1,       3,       1,     10.0000,      1.4170,     42.8533,    253.0097,     63.6727,      3.4953,      0.0000,     -0.0329,      1.3259,      0.1592,      5.6820,     11.3641,      1.4064,     29.4579,     58.9158,      0.0196,      0.0010,      0.0156,      0.2137,   8009.4473,-423499.0000,   -927.0593,    560.6747,  26698.1562,
       1,     170,     313,       1,       1,       3,       1,     10.0000,      1.4170,     42.8537,    253.0156,     63.6742,      3.4953,      0.0000,     -0.0326,      0.3907,      0.1523,      5.6820,     11.3640,      1.3455,     29.4646,     58.9291,      0.0196,      0.0003,      0.0156,      0.2137,   8009.4473,-422826.7812,   -910.7292,    560.7349,  26699.3496,
       1,     170,     313,       2,       1,       3,       1,     10.0000,      1.4170,     42.8537,    253.0156,     63.6742,      3.4953,      0.0000,     -0.0327,      0.4887,      0.1533,      5.6820,     11.3640,      1.3551,     29.4646,     58.9291,      0.0196,      0.0004,      0.0156,      0.2137,   8009.8052,-421504.2812,   -910.2359,    560.8277,  26699.3496,
       1,     170,     313,       3,       1,       3,       1,     10.0000,      1.4170,     42.8537,    253.0156,     63.6742,      3.4953,      0.0000,     -0.0320,      0.3412,      0.1349,      5.6820,     11.3640,      1.1918,     29.4646,     58.9291,      0.0196,      0.0003,      0.0156,      0.2137,   8009.8052,-421510.5625,   -910.1337,    560.8272,  26699.3496,
       1,     170,     313,       4,       1,       3,       1,     10.0000,      1.4170,     42.8537,    253.0156,     63.6742,      3.4953,      0.0000,     -0.0321,      0.3296,      0.1371,      5.6820,     11.3640,      1.2113,     29.4646,     58.9291,      0.0196,      0.0003,      0.0156,      0.2137,   8009.8052,-421335.3750,   -910.0883,    560.8395,  26699.3496,
       1,     170,     313,       5,       1,       3,       1,     10.0000,      1.4170,     42.8537,    253.0156,     63.6742,      3.4953,      0.0000,     -0.0321,      0.5395,      0.1375,      5.6820,     11.3640,      1.2150,     29.4646,     58.9291,      0.0196,      0.0004,      0.0156,      0.2137,   8009.8052,-421307.0312,   -910.0847,    560.8416,  26699.3477,
       1,     170,     313,       6,       1,       3,       1,     10.0000,      1.4170,     42.8537,    253.0156,     63.6742,      3.4953,      0.0000,     -0.0321,      0.3315,      0.1378,      5.6820,     11.3640,      1.2175,     29.4646,     58.9291,      0.0196,      0.0003,      0.0156,      0.2137,   8009.8047,-421554.7188,   -910.1552,    560.8242,  26699.3477,
       1,     170,     313,       7,       1,       3,       1,     10.0000,      1.4170,     42.8537,    253.0156,     63.6742,      3.4953,      0.0000,     -0.0321,      0.3319,      0.1379,      5.6820,     11.3640,      1.2187,     29.4646,     58.9291,      0.0196,      0.0003,      0.0156,      0.2137,   8009.8047,-421327.7188,   -910.1152,    560.8401,  26699.3496,
       1,     170,     313,       8,       1,       3,       1,     10.0000,      1.4170,     42.8537,    253.0156,     63.6742,      3.4953,      0.0183,     -0.0138,      0.1661,      0.1369,      5.6820,     11.3640,      1.2101,     29.4646,     58.9291,      0.0196,      0.0003,      0.0061,      0.2137,   8009.8052,-421308.9688,   -910.1134,    560.8414,  26699.3496,
       1,     170,     313,       9,       1,       3,       1,     10.0000,      1.4170,     42.8537,    253.0156,     63.6742,      3.4953,      0.1395,      0.1067,     18.9973,      0.1582,      5.6820,     11.3640,      1.3980,     29.4646,     58.9291,      0.0196,      0.0013,      0.1756,      0.2137,   8009.8052,-421110.0000,   -910.1364,    560.8553,  26699.3496,
       1,     170,     313,      10,       1,       3,       1,     10.0000,      1.4170,     42.8537,    253.0156,     63.6742,      3.4953,      0.1750,      0.1414,     48.9341,      0.1807,      5.6820,     11.3640,      1.5968,     29.4646,     58.9291,      0.0196,      0.0026,      0.2228,      0.2137,   8009.8052,-443526.3125,   -915.0311,    559.2838,  26699.3496,
       1,     170,     313,      11,       1,       3,       1,     10.0000,      1.4170,     42.8537,    253.0156,     63.6742,      3.4953,      0.1885,      0.1546,     60.3834,      0.1888,      5.6820,     11.3640,      1.6682,     29.4646,     58.9291,      0.0196,      0.0030,      0.2409,      0.2137,   8009.8052,-481077.7500,   -923.5046,    556.6608,  26699.3516,
       1,     170,     313,      12,       1,       3,       1,     10.0000,      1.4170,     42.8537,    253.0156,     63.6742,      3.4953,      0.1903,      0.1564,     62.2914,      0.1894,      5.6820,     11.3640,      1.6732,     29.4646,     58.9291,      0.0196,      0.0031,      0.2433,      0.2136,   8009.8057,-497873.2812,   -928.4551,    555.4982,  26699.3496,
       1,     170,     313,      13,       1,       3,       1,     10.0000,      1.4170,     42.8537,    253.0156,     63.6742,      3.4953,      0.1958,      0.1621,     72.7163,      0.1867,      5.6820,     11.3640,      1.6501,     29.4646,     58.9291,      0.0196,      0.0035,      0.2500,      0.2136,   8009.8052,-501543.2188,   -930.8025,    555.2446,  26699.3496,
       1,     170,     313,      14,       1,       3,       1,     10.0000,      1.4170,     42.8537,    253.0156,     63.6742,      3.4953,      0.1969,      0.1628,     86.8640,      0.1970,      5.6820,     11.3640,      1.7409,     29.4646,     58.9291,      0.0196,      0.0042,      0.2500,      0.2136,   8009.8052,-514280.9688,   -935.2174,    554.3606,  26699.3496,
       1,     170,     313,      15,       1,       3,       1,     10.0000,      1.4170,     42.8537,    253.0156,     63.6742,      3.4953,      0.1955,      0.1615,     68.4400,      0.1931,      5.6820,     11.3640,      1.7067,     29.4646,     58.9291,      0.0196,      0.0033,      0.2500,      0.2136,   8009.8052,-532219.5000,   -940.5628,    553.1182,  26699.3516,
       1,     170,     313,      16,       1,       3,       1,     10.0000,      1.4170,     42.8537,    253.0156,     63.6742,      3.4953,      0.1869,      0.1531,     50.4354,      0.1845,      5.6820,     11.3640,      1.6305,     29.4646,     58.9291,      0.0196,      0.0025,      0.2396,      0.2136,   8009.8057,-511730.1250,   -937.9330,    554.5363,  26699.3496,
       1,     170,     313,      17,       1,       3,       1,     10.0000,      1.4170,     42.8537,    253.0156,     63.6742,      3.4953,      0.1942,      0.1606,     55.0013,      0.1800,      5.6820,     11.3640,      1.5905,     29.4646,     58.9291,      0.0196,      0.0027,      0.2496,      0.2136,   8009.8052,-488553.4062,   -934.3771,    556.1446,  26699.3477,
       1,     170,     313,      18,       1,       3,       1,     10.0000,      1.4170,     42.8537,    253.0156,     63.6742,      3.4953,      0.1729,      0.1390,     61.0137,      0.1890,      5.6820,     11.3640,      1.6699,     29.4646,     58.9291,      0.0196,      0.0034,      0.2184,      0.2136,   8009.8047,-492075.0312,   -935.9009,    555.9021,  26699.3496,
       1,     170,     313,      19,       1,       3,       1,     10.0000,      1.4170,     42.8537,    253.0156,     63.6742,      3.4953,      0.0552,      0.0219,     11.2091,      0.1733,      5.6820,     11.3640,      1.5313,     29.4646,     58.9291,      0.0196,      0.0024,      0.0560,      0.2136,   8009.8052,-499535.1875,   -938.0992,    555.3838,  26699.3516,
       1,     170,     313,      20,       1,       3,       1,     10.0000,      1.4170,     42.8537,    253.0156,     63.6742,      3.4953,      0.0017,     -0.0312,      2.0126,      0.1600,      5.6820,     11.3640,      1.4135,     29.4646,     58.9291,      0.0196,      0.0016,      0.0156,      0.2136,   8009.8057,-440757.2188,   -927.0672,    559.4645,  26699.3496,
       1,     170,     313,      21,       1,       3,       1,     10.0000,      1.4170,     42.8537,    253.0156,     63.6742,      3.4953,      0.0000,     -0.0327,      1.2563,      0.1546,      5.6820,     11.3640,      1.3660,     29.4646,     58.9291,      0.0196,      0.0010,      0.0156,      0.2137,   8009.8052,-424948.8750,   -924.1024,    560.5852,  26699.3496,
       1,     170,     313,      22,       1,       3,       1,     10.0000,      1.4170,     42.8537,    253.0156,     63.6742,      3.4953,      0.0000,     -0.0328,      1.1827,      0.1560,      5.6820,     11.3640,      1.3784,     29.4646,     58.9291,      0.0196,      0.0009,      0.0156,      0.2137,   8009.8052,-422713.9062,   -923.7031,    560.7429,  26699.3496,
       1,     170,     313,      23,       1,       3,       1,     10.0000,      1.4170,     42.8537,    253.0156,     63.6742,      3.4953,      0.0000,     -0.0329,      1.3393,      0.1600,      5.6820,     11.3640,      1.4135,     29.4646,     58.9291,      0.0196,      0.0010,      0.0156,      0.2137,   8009.8052,-422438.2500,   -923.6794,    560.7622,  26699.3516,
       1,     170,     313,      24,       1,       3,       1,     10.0000,      1.4170,     42.8537,    253.0156,     63.6742,      3.4953,      0.0000,     -0.0327,      0.7914,      0.1524,      5.6820,     11.3640,      1.3469,     29.4646,     58.9291,      0.0196,      0.0006,      0.0156,      0.2137,   8009.8057,-422601.6562,   -923.7487,    560.7507,  26699.3496,
       1,     170,     314,       1,       1,       3,       1,     10.0000,      1.4170,     42.8540,    253.0216,     63.6757,      3.4953,      0.0000,     -0.0327,      0.9552,      0.1527,      5.6824,     11.3648,      1.3496,     29.4712,     58.9425,      0.0196,      0.0007,      0.0156,      0.2137,   8009.8052,-422117.2188,   -923.9482,    560.7979,  26700.5371,
       1,     170,     314,       2,       1,       3,       1,     10.0000,      1.4170,     42.8540,    253.0216,     63.6757,      3.4953,      0.0000,     -0.0326,      0.9956,      0.1517,      5.6824,     11.3648,      1.3402,     29.4712,     58.9425,      0.0196,      0.0008,      0.0156,      0.2137,   8010.1616,-422120.3750,   -923.7052,    560.7977,  26700.5371,
       1,     170,     314,       3,       1,       3,       1,     10.0000,      1.4170,     42.8540,    253.0216,     63.6757,      3.4953,      0.0000,     -0.0326,      0.9049,      0.1507,      5.6824,     11.3648,      1.3321,     29.4712,     58.9425,      0.0196,      0.0007,      0.0156,      0.2137,   8010.1616,-422168.7188,   -923.7394,    560.7943,  26700.5371,
       1,     170,     314,       4,       1,       3,       1,     10.0000,      1.4170,     42.8540,    253.0216,     63.6757,      3.4953,      0.0000,     -0.0326,      0.7071,      0.1517,      5.6824,     11.3648,      1.3402,     29.4712,     58.9425,      0.0196,      0.0005,      0.0156,      0.2137,   8010.1616,-422064.6562,   -923.7371,    560.8015,  26700.5371,
       1,     170,     314,       5,       1,       3,       1,     10.0000,      1.4170,     42.8540,    253.0216,     63.6757,      3.4953,      0.0000,     -0.0325,      0.3583,      0.1474,      5.6824,     11.3648,      1.3029,     29.4712,     58.9425,      0.0196,      0.0003,      0.0156,      0.2137,   8010.1616,-421820.4688,   -923.6988,    560.8187,  26700.5371,
       1,     170,     314,       6,       1,       3,       1,     10.0000,      1.4170,     42.8540,    253.0216,     63.6757,      3.4953,      0.0000,     -0.0323,      0.4303,      0.1433,      5.6824,     11.3648,      1.2665,     29.4712,     58.9425,      0.0196,      0.0003,      0.0156,      0.2137,   8010.1616,-421384.5312,   -923.6168,    560.8492,  26700.5371,
       1,     170,     314,       7,       1,       3,       1,     10.0000,      1.4170,     42.8540,    253.0216,     63.6757,      3.4953,      0.0000,     -0.0321,      0.6013,      0.1383,      5.6824,     11.3648,      1.2224,     29.4712,     58.9425,      0.0196,      0.0005,      0.0156,      0.2137,   8010.1616,-421433.9375,   -923.6310,    560.8458,  26700.5371,
       1,     170,     314,       8,       1,       3,       1,     10.0000,      1.4170,     42.8540,    253.0216,     63.6757,      3.4953,      0.0168,     -0.0153,      0.1256,      0.1389,      5.6824,     11.3648,      1.2274,     29.4712,     58.9425,      0.0196,      0.0004,      0.0040,      0.2137,   8010.1616,-421641.7812,   -923.6822,    560.8312,  26700.5371,
       1,     170,     314,       9,       1,       3,       1,     10.0000,      1.4170,     42.8540,    253.0216,     63.6757,      3.4953,      0.0761,      0.0436,      4.9234,      0.1486,      5.6824,     11.3648,      1.3134,     29.4712,     58.9425,      0.0196,      0.0007,      0.0872,      0.2137,   8010.1616,-421092.5000,   -923.5992,    560.8697,  26700.5371,
       1,     170,     314,      10,       1,       3,       1,     10.0000,      1.4170,     42.8540,    253.0216,     63.6757,      3.4953,      0.0653,      0.0329,      3.9047,      0.1457,      5.6824,     11.3648,      1.2872,     29.4712,     58.9425,      0.0196,      0.0007,      0.0720,      0.2137,   8010.1616,-426761.3750,   -924.7944,    560.4722,  26700.5391,
       1,     170,     314,      11,       1,       3,       1,     10.0000,      1.4170,     42.8540,    253.0216,     63.6757,      3.4953,      0.1323,      0.0996,     12.3968,      0.1529,      5.6824,     11.3648,      1.3510,     29.4712,     58.9425,      0.0196,      0.0009,      0.1661,      0.2137,   8010.1621,-426021.5312,   -924.7261,    560.5243,  26700.5371,
       1,     170,     314,      12,       1,       3,       1,     10.0000,      1.4170,     42.8540,    253.0216,     63.6757,      3.4953,      0.1661,      0.1327,     32.8673,      0.1724,      5.6824,     11.3648,      1.5238,     29.4712,     58.9425,      0.0196,      0.0019,      0.2118,      0.2137,   8010.1616,-436075.4688,   -926.8460,    559.8198,  26700.5371,
       1,     170,     314,      13,       1,       3,       1,     10.0000,      1.4170,     42.8540,    253.0216,     63.6757,      3.4953,      0.1867,      0.1529,     49.4388,      0.1856,      5.6824,     11.3648,      1.6403,     29.4712,     58.9425,      0.0196,      0.0025,      0.2395,      0.2137,   8010.1616,-461304.1250,   -932.1311,    558.0547,  26700.5391,
       1,     170,     314,      14,       1,       3,       1,     10.0000,      1.4170,     42.8540,    253.0216,     63.6757,      3.4953,      0.1714,      0.1375,     43.3444,      0.1888,      5.6824,     11.3648,      1.6683,     29.4712,     58.9425,      0.0196,      0.0024,      0.2183,      0.2137,   8010.1621,-483165.2500,   -936.9129,    556.5327,  26700.5352,
       1,     170,     314,      15,       1,       3,       1,     10.0000,      1.4170,     42.8540,    253.0216,     63.6757,      3.4953,      0.1320,      0.0987,     13.6231,      0.1697,      5.6824,     11.3648,      1.4996,     29.4712,     58.9425,      0.0196,      0.0010,      0.1654,      0.2137,   8010.1606,-477723.1875,   -936.2994,    556.9133,  26700.5352,
       1,     170,     314,      16,       1,       3,       1,     10.0000,      1.4170,     42.8540,    253.0216,     63.6757,      3.4953,      0.0951,      0.0623,      2.9396,      0.1560,      5.6824,     11.3648,      1.3785,     29.4712,     58.9425,      0.0196,      0.0003,      0.1143,      0.2137,   8010.1606,-441837.0312,   -914.3630,    559.4116,  26700.5352,
       1,     170,     314,      17,       1,       3,       1,     10.0000,      1.4170,     42.8540,    253.0216,     63.6757,      3.4953,      0.1150,      0.0823,      3.9980,      0.1544,      5.6824,     11.3648,      1.3647,     29.4712,     58.9425,      0.0196,      0.0003,      0.1425,      0.2137,   8010.1606,-426134.6250,   -911.3221,    560.5153,  26700.5371,
       1,     170,     314,      18,       1,       3,       1,     10.0000,      1.4170,     42.8540,    253.0216,     63.6757,      3.4953,      0.0572,      0.0246,      2.4963,      0.1512,      5.6824,     11.3648,      1.3361,     29.4712,     58.9425,      0.0196,      0.0005,      0.0605,      0.2137,   8010.1616,-426081.5312,   -911.3386,    560.5200,  26700.5371,
       1,     170,     314,      19,       1,       3,       1,     10.0000,      1.4170,     42.8540,    253.0216,     63.6757,      3.4953,      0.0210,     -0.0116,      0.2874,      0.1514,      5.6824,     11.3648,      1.3375,     29.4712,     58.9425,      0.0196,      0.0004,      0.0093,      0.2137,   8010.1616,-424287.0000,   -911.2324,    560.6458,  26700.5371,
       1,     170,     314,      20,       1,       3,       1,     10.0000,      1.4170,     42.8540,    253.0216,     63.6757,      3.4953,      0.0005,     -0.0320,      0.3779,      0.1497,      5.6824,     11.3648,      1.3227,     29.4712,     58.9425,      0.0196,      0.0003,      0.0156,      0.2137,   8010.1616,-421506.0312,   -910.7992,    560.8406,  26700.5391,
       1,     170,     314,      21,       1,       3,       1,     10.0000,      1.4170,     42.8540,    253.0216,     63.6757,      3.4953,      0.0000,     -0.0325,      0.3620,      0.1488,      5.6824,     11.3648,      1.3147,     29.4712,     58.9425,      0.0196,      0.0003,      0.0156,      0.2137,   8010.1621,-421381.5625,   -910.7811,    560.8494,  26700.5371,
       1,     170,     314,      22,       1,       3,       1,     10.0000,      1.4170,     42.8540,    253.0216,     63.6757,      3.4953,      0.0000,     -0.0325,      0.3736,      0.1482,      5.6824,     11.3648,      1.3095,     29.4712,     58.9425,      0.0196,      0.0003,      0.0156,      0.2137,   8010.1616,-421352.3125,   -910.7777,    560.8514,  26700.5371,
       1,     170,     314,      23,       1,       3,       1,     10.0000,      1.4170,     42.8540,    253.0216,     63.6757,      3.4953,      0.0000,     -0.0326,      0.5593,      0.1518,      5.6824,     11.3648,      1.3415,     29.4712,     58.9425,      0.0196,      0.0004,      0.0156,      0.2137,   8010.1616,-421363.8125,   -910.7832,    560.8506,  26700.5391,
       1,     170,     314,      24,       1,       3,       1,     10.0000,      1.4170,     42.8540,    253.0216,     63.6757,      3.4953,      0.0000,     -0.0327,      0.7486,      0.1538,      5.6824,     11.3648,      1.3592,     29.4712,     58.9425,      0.0196,      0.0006,      0.0156,      0.2137,   8010.1621,-421585.7500,   -910.8447,    560.8351,  26700.5391,
       1,     170,     315,       1,       1,       3,       1,     10.0000,      1.4170,     42.8543,    253.0275,     63.6772,      3.4953,      0.0000,     -0.0327,      0.8124,      0.1529,      5.6837,     11.3675,      1.3510,     29.4614,     58.9229,      0.0196,      0.0006,      0.0156,      0.2138,   8010.1621,-421984.5625,   -911.2192,    560.8204,  26701.7285,
       1,     170,     315,       2,       1,       3,       1,     10.0000,      1.4170,     42.8543,    253.0275,     63.6772,      3.4953,      0.0000,     -0.0324,      0.7898,      0.1461,      5.6837,     11.3675,      1.2911,     29.4614,     58.9229,      0.0196,      0.0006,      0.0156,      0.2138,   8010.5190,-421942.0625,   -911.0128,    560.8234,  26701.7285,
       1,     170,     315,       3,       1,       3,       1,     10.0000,      1.4170,     42.8543,    253.0275,     63.6772,      3.4953,      0.0000,     -0.0322,      0.5865,      0.1412,      5.6837,     11.3675,      1.2475,     29.4614,     58.9229,      0.0196,      0.0005,      0.0156,      0.2138,   8010.5190,-421911.6562,   -910.2502,    560.8256,  26701.7266,
       1,     170,     315,       4,       1,       3,       1,     10.0000,      1.4170,     42.8543,    253.0275,     63.6772,      3.4953,      0.0000,     -0.0323,      0.3457,      0.1429,      5.6837,     11.3675,      1.2627,     29.4614,     58.9229,      0.0196,      0.0003,      0.0156,      0.2138,   8010.5181,-421667.0312,   -910.2389,    560.8427,  26701.7285,
       1,     170,     315,       5,       1,       3,       1,     10.0000,      1.4170,     42.8543,    253.0275,     63.6772,      3.4953,      0.0000,     -0.0323,      0.3473,      0.1435,      5.6837,     11.3675,      1.2678,     29.4614,     58.9229,      0.0196,      0.0003,      0.0156,      0.2138,   8010.5190,-421359.6250,   -910.1844,    560.8643,  26701.7285,
       1,     170,     315,       6,       1,       3,       1,     10.0000,      1.4170,     42.8543,    253.0275,     63.6772,      3.4953,      0.0000,     -0.0324,      0.3566,      0.1468,      5.6837,     11.3675,      1.2976,     29.4614,     58.9229,      0.0196,      0.0003,      0.0156,      0.2138,   8010.5190,-421335.8750,   -910.1818,    560.8659,  26701.7285,
       1,     170,     315,       7,       1,       3,       1,     10.0000,      1.4170,     42.8543,    253.0275,     63.6772,      3.4953,      0.0000,     -0.0324,      0.3517,      0.1451,      5.6837,     11.3675,      1.2820,     29.4614,     58.9229,      0.0196,      0.0003,      0.0156,      0.2138,   8010.5190,-421345.0938,   -910.1850,    560.8653,  26701.7285,
       1,     170,     315,       8,       1,       3,       1,     10.0000,      1.4170,     42.8543,    253.0275,     63.6772,      3.4953,      0.0343,      0.0019,      0.7408,      0.1458,      5.6837,     11.3675,      1.2885,     29.4614,     58.9229,      0.0196,      0.0003,      0.0284,      0.2138,   8010.5190,-421339.9375,   -910.1860,    560.8657,  26701.7285,
       1,     170,     315,       9,       1,       3,       1,     10.0000,      1.4170,     42.8543,    253.0275,     63.6772,      3.4953,      0.1382,      0.1049,     19.1447,      0.1712,      5.6837,     11.3675,      1.5132,     29.4614,     58.9229,      0.0196,      0.0013,      0.1737,      0.2138,   8010.5190,-421802.9062,   -910.3946,    560.8332,  26701.7305,
       1,     170,     315,      10,       1,       3,       1,     10.0000,      1.4170,     42.8543,    253.0275,     63.6772,      3.4953,      0.1469,      0.1135,     21.8456,      0.1731,      5.6837,     11.3675,      1.5299,     29.4614,     58.9229,      0.0196,      0.0014,      0.1857,      0.2138,   8010.5195,-443760.4688,   -915.2842,    559.2938,  26701.7285,
       1,     170,     315,      11,       1,       3,       1,     10.0000,      1.4170,     42.8543,    253.0275,     63.6772,      3.4953,      0.1771,      0.1433,     40.7877,      0.1873,      5.6837,     11.3675,      1.6551,     29.4614,     58.9229,      0.0196,      0.0022,      0.2267,      0.2137,   8010.5190,-448816.8125,   -917.0699,    558.9424,  26701.7285,
       1,     170,     315,      12,       1,       3,       1,     10.0000,      1.4170,     42.8543,    253.0275,     63.6772,      3.4953,      0.1862,      0.1518,     72.9397,      0.2084,      5.6837,     11.3675,      1.8418,     29.4614,     58.9229,      0.0196,      0.0037,      0.2364,      0.2137,   8010.5190,-471805.0625,   -922.7733,    557.3365,  26701.7285,
       1,     170,     315,      13,       1,       3,       1,     10.0000,      1.4170,     42.8543,    253.0275,     63.6772,      3.4953,      0.1774,      0.1435,     43.3004,      0.1918,      5.6837,     11.3675,      1.6950,     29.4614,     58.9229,      0.0196,      0.0023,      0.2270,      0.2137,   8010.5190,-512047.8125,   -932.2214,    554.5351,  26701.7285,
       1,     170,     315,      14,       1,       3,       1,     10.0000,      1.4170,     42.8543,    253.0275,     63.6772,      3.4953,      0.1910,      0.1562,     70.4728,      0.2198,      5.6837,     11.3675,      1.9424,     29.4614,     58.9229,      0.0196,      0.0035,      0.2436,      0.2137,   8010.5190,-480067.4688,   -922.2233,    556.7590,  26701.7285,
       1,     170,     315,      15,       1,       3,       1,     10.0000,      1.4170,     42.8543,    253.0275,     63.6772,      3.4953,      0.1931,      0.1581,     89.3922,      0.2259,      5.6837,     11.3675,      1.9965,     29.4614,     58.9229,      0.0196,      0.0044,      0.2445,      0.2137,   8010.5190,-509802.2812,   -930.0456,    554.6940,  26701.7266,
       1,     170,     315,      16,       1,       3,       1,     10.0000,      1.4170,     42.8543,    253.0275,     63.6772,      3.4953,      0.1823,      0.1476,     77.0510,      0.2187,      5.6837,     11.3675,      1.9329,     29.4614,     58.9229,      0.0196,      0.0040,      0.2304,      0.2137,   8010.5181,-534845.1875,   -936.9714,    552.9614,  26701.7285,
       1,     170,     315,      17,       1,       3,       1,     10.0000,      1.4170,     42.8543,    253.0275,     63.6772,      3.4953,      0.1243,      0.0896,     53.3538,      0.2196,      5.6837,     11.3675,      1.9405,     29.4614,     58.9229,      0.0196,      0.0043,      0.1495,      0.2136,   8010.5190,-522207.7500,   -936.2167,    553.8376,  26701.7305,
       1,     170,     315,      18,       1,       3,       1,     10.0000,      1.4170,     42.8543,    253.0275,     63.6772,      3.4953,      0.0915,      0.0571,     27.0015,      0.2060,      5.6837,     11.3675,      1.8201,     29.4614,     58.9229,      0.0196,      0.0031,      0.1054,      0.2136,   8010.5195,-492890.1875,   -931.7291,    555.8680,  26701.7285,
       1,     170,     315,      19,       1,       3,       1,     10.0000,      1.4170,     42.8543,    253.0275,     63.6772,      3.4953,      0.0382,      0.0043,      6.2559,      0.1920,      5.6837,     11.3675,      1.6967,     29.4614,     58.9229,      0.0196,      0.0024,      0.0317,      0.2137,   8010.5190,-459044.5312,   -925.9542,    558.2234,  26701.7285,
       1,     170,     315,      20,       1,       3,       1,     10.0000,      1.4170,     42.8543,    253.0275,     63.6772,      3.4953,      0.0009,     -0.0325,      1.7819,      0.1757,      5.6837,     11.3675,      1.5530,     29.4614,     58.9229,      0.0196,      0.0014,      0.0156,      0.2137,   8010.5190,-431516.2812,   -921.0568,    560.1493,  26701.7285,
       1,     170,     315,      21,       1,       3,       1,     10.0000,      1.4170,     42.8543,    253.0275,     63.6772,      3.4953,      0.0000,     -0.0333,      1.8025,      0.1726,      5.6837,     11.3675,      1.5253,     29.4614,     58.9229,      0.0196,      0.0014,      0.0156,      0.2137,   8010.5190,-423895.8438,   -919.7146,    560.6862,  26701.7305,
       1,     170,     315,      22,       1,       3,       1,     10.0000,      1.4170,     42.8543,    253.0275,     63.6772,      3.4953,      0.0000,     -0.0333,      2.6338,      0.1714,      5.6837,     11.3675,      1.5147,     29.4614,     58.9229,      0.0196,      0.0020,      0.0156,      0.2138,   8010.5195,-423281.0312,   -919.6885,    560.7295,  26701.7305,
       1,     170,     315,      23,       1,       3,       1,     10.0000,      1.4170,     42.8543,    253.0275,     63.6772,      3.4953,      0.0000,     -0.0332,      2.1132,      0.1689,      5.6837,     11.3675,      1.4921,     29.4614,     58.9229,      0.0196,      0.0016,      0.0156,      0.2138,   8010.5195,-424219.4688,   -920.0220,    560.6638,  26701.7285,
       1,     170,     315,      24,       1,       3,       1,     10.0000,      1.4170,     42.8543,    253.0275,     63.6772,      3.4953,      0.0000,     -0.0330,      1.0976,      0.1616,      5.6837,     11.3675,      1.4278,     29.4614,     58.9229,      0.0196,      0.0008,      0.0156,      0.2138,   8010.5190,-423677.9062,   -920.0451,    560.7017,  26701.7285,
       1,     170,     316,       1,       1,       3,       1,     10.0000,      1.4171,     42.8547,    253.0334,     63.6786,      3.4953,      0.0000,     -0.0327,      0.7668,      0.1549,      5.6828,     11.3656,      1.3689,     29.4621,     58.9242,      0.0196,      0.0006,      0.0156,      0.2138,   8010.5190,-422577.7812,   -916.0333,    560.7921,  26702.9199,
       1,     170,     316,       2,       1,       3,       1,     10.0000,      1.4171,     42.8547,    253.0334,     63.6786,      3.4953,      0.0000,     -0.0327,      0.9102,      0.1535,      5.6828,     11.3656,      1.3565,     29.4621,     58.9242,      0.0196,      0.0007,      0.0156,      0.2138,   8010.8765,-421939.7500,   -915.6852,    560.8368,  26702.9180,
       1,     170,     316,       3,       1,       3,       1,     10.0000,      1.4171,     42.8547,    253.0334,     63.6786,      3.4953,      0.0000,     -0.0328,      1.2414,      0.1566,      5.6828,     11.3656,      1.3841,     29.4621,     58.9242,      0.0196,      0.0010,      0.0156,      0.2138,   8010.8755,-422057.6875,   -915.7542,    560.8286,  26702.9160,
       1,     170,     316,       4,       1,       3,       1,     10.0000,      1.4171,     42.8547,    253.0334,     63.6786,      3.4953,      0.0000,     -0.0328,      0.8660,      0.1557,      5.6828,     11.3656,      1.3758,     29.4621,     58.9242,      0.0196,      0.0007,      0.0156,      0.2138,   8010.8750,-422462.0000,   -915.9100,    560.8001,  26702.9199,
       1,     170,     316,       5,       1,       3,       1,     10.0000,      1.4171,     42.8547,    253.0334,     63.6786,      3.4953,      0.0000,     -0.0327,      0.8791,      0.1538,      5.6828,     11.3656,      1.3593,     29.4621,     58.9242,      0.0196,      0.0007,      0.0156,      0.2138,   8010.8765,-422048.3438,   -915.8678,    560.8292,  26702.9180,
       1,     170,     316,       6,       1,       3,       1,     10.0000,      1.4171,     42.8547,    253.0334,     63.6786,      3.4953,      0.0000,     -0.0327,      0.5566,      0.1534,      5.6828,     11.3656,      1.3552,     29.4621,     58.9242,      0.0196,      0.0004,      0.0156,      0.2138,   8010.8755,-422029.6875,   -915.9130,    560.8304,  26702.9180,
       1,     170,     316,       7,       1,       3,       1,     10.0000,      1.4171,     42.8547,    253.0334,     63.6786,      3.4953,      0.0000,     -0.0325,      0.3641,      0.1495,      5.6828,     11.3656,      1.3215,     29.4621,     58.9242,      0.0196,      0.0003,      0.0156,      0.2138,   8010.8755,-421644.1250,   -915.8575,    560.8575,  26702.9199,
       1,     170,     316,       8,       1,       3,       1,     10.0000,      1.4171,     42.8547,    253.0334,     63.6786,      3.4953,      0.0105,     -0.0220,      0.4888,      0.1492,      5.6828,     11.3656,      1.3188,     29.4621,     58.9242,      0.0196,      0.0004,      0.0156,      0.2138,   8010.8765,-421382.3125,   -915.8095,    560.8759,  26702.9180,
       1,     170,     316,       9,       1,       3,       1,     10.0000,      1.4171,     42.8547,    253.0334,     63.6786,      3.4953,      0.1306,      0.0967,     40.7060,      0.1901,      5.6828,     11.3656,      1.6800,     29.4621,     58.9242,      0.0196,      0.0031,      0.1601,      0.2138,   8010.8755,-421509.2812,   -915.8758,    560.8669,  26702.9180,
       1,     170,     316,      10,       1,       3,       1,     10.0000,      1.4171,     42.8547,    253.0334,     63.6786,      3.4953,      0.1826,      0.1484,     67.5863,      0.1998,      5.6828,     11.3656,      1.7653,     29.4621,     58.9242,      0.0196,      0.0035,      0.2317,      0.2138,   8010.8755,-469412.9375,   -925.7283,    557.5085,  26702.9180,
       1,     170,     316,      11,       1,       3,       1,     10.0000,      1.4171,     42.8547,    253.0334,     63.6786,      3.4953,      0.1907,      0.1563,     78.4658,      0.2082,      5.6828,     11.3656,      1.8400,     29.4621,     58.9242,      0.0196,      0.0039,      0.2422,      0.2137,   8010.8755,-505469.5000,   -933.9351,    555.0058,  26702.9160,
       1,     170,     316,      12,       1,       3,       1,     10.0000,      1.4171,     42.8547,    253.0334,     63.6786,      3.4953,      0.1704,      0.1358,     70.6342,      0.2138,      5.6828,     11.3656,      1.8897,     29.4621,     58.9242,      0.0196,      0.0040,      0.2139,      0.2137,   8010.8750,-521447.2500,   -938.5365,    553.9030,  26702.9180,
       1,     170,     316,      13,       1,       3,       1,     10.0000,      1.4171,     42.8547,    253.0334,     63.6786,      3.4953,      0.1874,      0.1526,     93.9966,      0.2196,      5.6828,     11.3656,      1.9405,     29.4621,     58.9242,      0.0196,      0.0048,      0.2358,      0.2137,   8010.8755,-513432.0938,   -938.2415,    554.4590,  26702.9180,
       1,     170,     316,      14,       1,       3,       1,     10.0000,      1.4171,     42.8547,    253.0334,     63.6786,      3.4953,      0.1969,      0.1624,     89.1380,      0.2124,      5.6828,     11.3656,      1.8767,     29.4621,     58.9242,      0.0196,      0.0043,      0.2500,      0.2137,   8010.8755,-540624.5625,   -944.8560,    552.5746,  26702.9160,
       1,     170,     316,      15,       1,       3,       1,     10.0000,      1.4171,     42.8547,    253.0334,     63.6786,      3.4953,      0.1942,      0.1596,     87.7145,      0.2126,      5.6828,     11.3656,      1.8785,     29.4621,     58.9242,      0.0196,      0.0043,      0.2461,      0.2137,   8010.8750,-537098.8125,   -945.6605,    552.8214,  26702.9160,
       1,     170,     316,      16,       1,       3,       1,     10.0000,      1.4171,     42.8547,    253.0334,     63.6786,      3.4953,      0.1788,      0.1443,     78.2364,      0.2111,      5.6828,     11.3656,      1.8656,     29.4621,     58.9242,      0.0196,      0.0042,      0.2252,      0.2137,   8010.8750,-535103.8750,   -946.4947,    552.9593,  26702.9160,
       1,     170,     316,      17,       1,       3,       1,     10.0000,      1.4171,     42.8547,    253.0334,     63.6786,      3.4953,      0.1816,      0.1469,     87.1481,      0.2166,      5.6828,     11.3656,      1.9140,     29.4621,     58.9242,      0.0196,      0.0046,      0.2282,      0.2137,   8010.8750,-523631.6250,   -945.2123,    553.7522,  26702.9180,
       1,     170,     316,      18,       1,       3,       1,     10.0000,      1.4171,     42.8547,    253.0334,     63.6786,      3.4953,      0.1336,      0.0994,     48.2473,      0.2002,      5.6828,     11.3656,      1.7688,     29.4621,     58.9242,      0.0196,      0.0036,      0.1635,      0.2137,   8010.8755,-533308.5000,   -948.0188,    553.0830,  26702.9160,
       1,     170,     316,      19,       1,       3,       1,     10.0000,      1.4171,     42.8547,    253.0334,     63.6786,      3.4953,      0.0416,      0.0077,      7.7671,      0.1903,      5.6828,     11.3656,      1.6816,     29.4621,     58.9242,      0.0196,      0.0026,      0.0365,      0.2137,   8010.8750,-487710.2500,   -939.6837,    556.2359,  26702.9160,
       1,     170,     316,      20,       1,       3,       1,     10.0000,      1.4171,     42.8547,    253.0334,     63.6786,      3.4953,      0.0004,     -0.0332,      3.2340,      0.1816,      5.6828,     11.3656,      1.6049,     29.4621,     58.9242,      0.0196,      0.0025,      0.0156,      0.2137,   8010.8750,-435693.5312,   -929.7223,    559.8616,  26702.9160,
       1,     170,     316,      21,       1,       3,       1,     10.0000,      1.4171,     42.8547,    253.0334,     63.6786,      3.4953,      0.0000,     -0.0334,      2.4130,      0.1747,      5.6828,     11.3656,      1.5437,     29.4621,     58.9242,      0.0196,      0.0019,      0.0156,      0.2138,   8010.8750,-425986.2500,   -927.9183,    560.5527,  26702.9160,
       1,     170,     316,      22,       1,       3,       1,     10.0000,      1.4171,     42.8547,    253.0334,     63.6786,      3.4953,      0.0000,     -0.0334,      2.4511,      0.1735,      5.6828,     11.3656,      1.5330,     29.4621,     58.9242,      0.0196,      0.0019,      0.0156,      0.2138,   8010.8750,-424185.8125,   -927.6232,    560.6793,  26702.9141,
       1,     170,     316,      23,       1,       3,       1,     10.0000,      1.4171,     42.8547,    253.0334,     63.6786,      3.4953,      0.0000,     -0.0333,      2.1094,      0.1718,      5.6828,     11.3656,      1.5178,     29.4621,     58.9242,      0.0196,      0.0016,      0.0156,      0.2138,   8010.8745,-424080.6250,   -927.6603,    560.6867,  26702.9160,
       1,     170,     316,      24,       1,       3,       1,     10.0000,      1.4171,     42.8547,    253.0334,     63.6786,      3.4953,      0.0000,     -0.0332,      1.4936,      0.1677,      5.6828,     11.3656,      1.4818,     29.4621,     58.9242,      0.0196,      0.0012,      0.0156,      0.2138,   8010.8750,-423664.6875,   -927.6267,    560.7158,  26702.9141,
       1,     170,     317,       1,       1,       3,       1,     10.0000,      1.4171,     42.8550,    253.0394,     63.6801,      3.4953,      0.0000,     -0.0330,      1.2904,      0.1634,      5.6826,     11.3652,      1.4437,     29.4657,     58.9314,      0.0196,      0.0010,      0.0156,      0.2138,   8010.8745,-423051.0312,   -927.8132,    560.7719,  26704.1035,
       1,     170,     317,       2,       1,       3,       1,     10.0000,      1.4171,     42.8550,    253.0394,     63.6801,      3.4953,      0.0000,     -0.0330,      1.2533,      0.1609,      5.6826,     11.3652,      1.4222,     29.4657,     58.9314,      0.0196,      0.0010,      0.0156,      0.2138,   8011.2314,-422606.1250,   -927.4739,    560.8030,  26704.1035,
       1,     170,     317,       3,       1,       3,       1,     10.0000,      1.4171,     42.8550,    253.0394,     63.6801,      3.4953,      0.0000,     -0.0329,      0.8438,      0.1581,      5.6826,     11.3652,      1.3967,     29.4657,     58.9314,      0.0196,      0.0007,      0.0156,      0.2138,   8011.2314,-422525.0312,   -927.4769,    560.8088,  26704.1035,
       1,     170,     317,       4,       1,       3,       1,     10.0000,      1.4171,     42.8550,    253.0394,     63.6801,      3.4953,      0.0000,     -0.0326,      0.5171,      0.1497,      5.6826,     11.3652,      1.3228,     29.4657,     58.9314,      0.0196,      0.0004,      0.0156,      0.2138,   8011.2314,-422030.5625,   -927.3935,    560.8434,  26704.1035,
       1,     170,     317,       5,       1,       3,       1,     10.0000,      1.4171,     42.8550,    253.0394,     63.6801,      3.4953,      0.0000,     -0.0323,      0.3701,      0.1423,      5.6826,     11.3652,      1.2577,     29.4657,     58.9314,      0.0196,      0.0003,      0.0156,      0.2138,   8011.2314,-421600.3125,   -927.3151,    560.8736,  26704.1035,
       1,     170,     317,       6,       1,       3,       1,     10.0000,      1.4171,     42.8550,    253.0394,     63.6801,      3.4953,      0.0000,     -0.0321,      0.3281,      0.1365,      5.6826,     11.3652,      1.2065,     29.4657,     58.9314,      0.0196,      0.0003,      0.0156,      0.2138,   8011.2314,-421389.2188,   -926.5724,    560.8884,  26704.1035,
       1,     170,     317,       7,       1,       3,       1,     10.0000,      1.4171,     42.8550,    253.0394,     63.6801,      3.4953,      0.0000,     -0.0321,      0.3274,      0.1363,      5.6826,     11.3652,      1.2041,     29.4657,     58.9314,      0.0196,      0.0003,      0.0156,      0.2138,   8011.2314,-421321.7188,   -925.5709,    560.8931,  26704.1016,
       1,     170,     317,       8,       1,       3,       1,     10.0000,      1.4171,     42.8550,    253.0394,     63.6801,      3.4953,      0.0052,     -0.0268,      0.3213,      0.1341,      5.6826,     11.3652,      1.1847,     29.4657,     58.9314,      0.0196,      0.0002,      0.0156,      0.2138,   8011.2310,-421315.3438,   -910.0804,    560.8936,  26704.1055,
       1,     170,     317,       9,       1,       3,       1,     10.0000,      1.4171,     42.8550,    253.0394,     63.6801,      3.4953,      0.0558,      0.0238,      1.2412,      0.1361,      5.6826,     11.3652,      1.2028,     29.4657,     58.9314,      0.0196,      0.0003,      0.0592,      0.2138,   8011.2319,-421307.0312,   -910.0908,    560.8941,  26704.1055,
       1,     170,     317,      10,       1,       3,       1,     10.0000,      1.4171,     42.8550,    253.0394,     63.6801,      3.4953,      0.1210,      0.0886,      3.5803,      0.1449,      5.6826,     11.3652,      1.2808,     29.4657,     58.9314,      0.0196,      0.0003,      0.1511,      0.2138,   8011.2319,-422401.7188,   -910.4481,    560.8174,  26704.1055,
       1,     170,     317,      11,       1,       3,       1,     10.0000,      1.4171,     42.8550,    253.0394,     63.6801,      3.4953,      0.1407,      0.1081,      9.3135,      0.1515,      5.6826,     11.3652,      1.3389,     29.4657,     58.9314,      0.0196,      0.0006,      0.1784,      0.2138,   8011.2319,-425278.3125,   -911.4224,    560.6158,  26704.1055,
       1,     170,     317,      12,       1,       3,       1,     10.0000,      1.4171,     42.8550,    253.0394,     63.6801,      3.4953,      0.1594,      0.1264,     20.3746,      0.1618,      5.6826,     11.3652,      1.4293,     29.4657,     58.9314,      0.0196,      0.0012,      0.2037,      0.2138,   8011.2319,-432345.5000,   -913.2952,    560.1205,  26704.1035,
       1,     170,     317,      13,       1,       3,       1,     10.0000,      1.4171,     42.8550,    253.0394,     63.6801,      3.4953,      0.1702,      0.1369,     31.4022,      0.1711,      5.6826,     11.3652,      1.5117,     29.4657,     58.9314,      0.0196,      0.0017,      0.2179,      0.2138,   8011.2314,-446108.9688,   -916.8187,    559.1571,  26704.1055,
       1,     170,     317,      14,       1,       3,       1,     10.0000,      1.4171,     42.8550,    253.0394,     63.6801,      3.4953,      0.1658,      0.1323,     38.5248,      0.1780,      5.6826,     11.3652,      1.5733,     29.4657,     58.9314,      0.0196,      0.0022,      0.2108,      0.2138,   8011.2319,-460393.9375,   -920.5599,    558.1595,  26704.1055,
       1,     170,     317,      15,       1,       3,       1,     10.0000,      1.4171,     42.8550,    253.0394,     63.6801,      3.4953,      0.1586,      0.1250,     36.4231,      0.1795,      5.6826,     11.3652,      1.5859,     29.4657,     58.9314,      0.0196,      0.0022,      0.2008,      0.2138,   8011.2319,-470071.6250,   -923.6695,    557.4851,  26704.1055,
       1,     170,     317,      16,       1,       3,       1,     10.0000,      1.4171,     42.8550,    253.0394,     63.6801,      3.4953,      0.1362,      0.1029,     22.1764,      0.1709,      5.6826,     11.3652,      1.5102,     29.4657,     58.9314,      0.0196,      0.0016,      0.1704,      0.2138,   8011.2319,-468373.5000,   -924.4003,    557.6039,  26704.1055,
       1,     170,     317,      17,       1,       3,       1,     10.0000,      1.4171,     42.8550,    253.0394,     63.6801,      3.4953,      0.0870,      0.0542,      6.7257,      0.1559,      5.6826,     11.3652,      1.3772,     29.4657,     58.9314,      0.0196,      0.0008,      0.1023,      0.2138,   8011.2319,-451256.3750,   -921.8267,    558.7971,  26704.1055,
       1,     170,     317,      18,       1,       3,       1,     10.0000,      1.4171,     42.8550,    253.0394,     63.6801,      3.4953,      0.0803,      0.0476,      5.7109,      0.1535,      5.6826,     11.3652,      1.3566,     29.4657,     58.9314,      0.0196,      0.0007,      0.0929,      0.2138,   8011.2319,-431428.9375,   -913.2274,    560.1833,  26704.1055,
       1,     170,     317,      19,       1,       3,       1,     10.0000,      1.4171,     42.8550,    253.0394,     63.6801,      3.4953,      0.0134,     -0.0192,      0.8594,      0.1514,      5.6826,     11.3652,      1.3376,     29.4657,     58.9314,      0.0196,      0.0007,      0.0156,      0.2138,   8011.2319,-428570.8125,   -913.0152,    560.3850,  26704.1074,
       1,     170,     317,      20,       1,       3,       1,     10.0000,      1.4171,     42.8550,    253.0394,     63.6801,      3.4953,      0.0001,     -0.0323,      1.1108,      0.1469,      5.6826,     11.3652,      1.2977,     29.4657,     58.9314,      0.0196,      0.0009,      0.0156,      0.2138,   8011.2324,-422553.0312,   -912.0099,    560.8066,  26704.1055,
       1,     170,     317,      21,       1,       3,       1,     10.0000,      1.4171,     42.8550,    253.0394,     63.6801,      3.4953,      0.0000,     -0.0324,      0.6425,      0.1442,      5.6826,     11.3652,      1.2743,     29.4657,     58.9314,      0.0196,      0.0005,      0.0156,      0.2138,   8011.2319,-422350.5625,   -912.0751,    560.8209,  26704.1035,
       1,     170,     317,      22,       1,       3,       1,     10.0000,      1.4171,     42.8550,    253.0394,     63.6801,      3.4953,      0.0000,     -0.0324,      0.5656,      0.1446,      5.6826,     11.3652,      1.2782,     29.4657,     58.9314,      0.0196,      0.0004,      0.0156,      0.2138,   8011.2314,-421776.3750,   -912.0097,    560.8613,  26704.1055,
       1,     170,     317,      23,       1,       3,       1,     10.0000,      1.4171,     42.8550,    253.0394,     63.6801,      3.4953,      0.0000,     -0.0323,      0.5379,      0.1420,      5.6826,     11.3652,      1.2551,     29.4657,     58.9314,      0.0196,      0.0004,      0.0156,      0.2138,   8011.2319,-421636.3750,   -912.0128,    560.8711,  26704.1055,
       1,     170,     317,      24,       1,       3,       1,     10.0000,      1.4171,     42.8550,    253.0394,     63.6801,      3.4953,      0.0000,     -0.0322,      0.4370,      0.1413,      5.6826,     11.3652,      1.2488,     29.4657,     58.9314,      0.0196,      0.0003,      0.0156,      0.2138,   8011.2319,-421591.6875,   -912.0305,    560.8741,  26704.1055,
       1,     170,     318,       1,       1,       3,       1,     10.0000,      1.4171,     42.8553,    253.0453,     63.6817,      3.4953,      0.0000,     -0.0322,      0.4468,      0.1403,      5.6840,     11.3680,      1.2400,     29.4574,     58.9148,      0.0196,      0.0003,      0.0156,      0.2138,   8011.2319,-421623.1250,   -912.3108,    560.8853,  26705.2949,
       1,     170,     318,       2,       1,       3,       1,     10.0000,      1.4171,     42.8553,    253.0453,     63.6817,      3.4953,      0.0000,     -0.0321,      0.5293,      0.1382,      5.6840,     11.3680,      1.2213,     29.4574,     58.9148,      0.0196,      0.0004,      0.0156,      0.2138,   8011.5889,-421485.2188,   -912.0428,    560.8948,  26705.2949,
       1,     170,     318,       3,       1,       3,       1,     10.0000,      1.4171,     42.8553,    253.0453,     63.6817,      3.4953,      0.0000,     -0.0322,      0.6822,      0.1393,      5.6840,     11.3680,      1.2313,     29.4574,     58.9148,      0.0196,      0.0005,      0.0156,      0.2138,   8011.5889,-421572.1250,   -912.0846,    560.8889,  26705.2949,
       1,     170,     318,       4,       1,       3,       1,     10.0000,      1.4171,     42.8553,    253.0453,     63.6817,      3.4953,      0.0000,     -0.0322,      0.6164,      0.1389,      5.6840,     11.3680,      1.2275,     29.4574,     58.9148,      0.0196,      0.0005,      0.0156,      0.2138,   8011.5889,-421761.2500,   -912.1636,    560.8755,  26705.2969,
       1,     170,     318,       5,       1,       3,       1,     10.0000,      1.4171,     42.8553,    253.0453,     63.6817,      3.4953,      0.0000,     -0.0322,      0.4849,      0.1402,      5.6840,     11.3680,      1.2388,     29.4574,     58.9148,      0.0196,      0.0004,      0.0156,      0.2138,   8011.5894,-421698.5312,   -912.1844,    560.8800,  26705.2949,
       1,     170,     318,       6,       1,       3,       1,     10.0000,      1.4171,     42.8553,    253.0453,     63.6817,      3.4953,      0.0000,     -0.0323,      0.4587,      0.1416,      5.6840,     11.3680,      1.2514,     29.4574,     58.9148,      0.0196,      0.0004,      0.0156,      0.2138,   8011.5889,-421536.9062,   -912.1742,    560.8912,  26705.2949,
       1,     170,     318,       7,       1,       3,       1,     10.0000,      1.4171,     42.8553,    253.0453,     63.6817,      3.4953,      0.0000,     -0.0324,      0.5724,      0.1444,      5.6840,     11.3680,      1.2756,     29.4574,     58.9148,      0.0196,      0.0004,      0.0156,      0.2138,   8011.5889,-421492.3125,   -912.1804,    560.8944,  26705.2969,
       1,     170,     318,       8,       1,       3,       1,     10.0000,      1.4171,     42.8553,    253.0453,     63.6817,      3.4953,      0.0020,     -0.0303,      0.3481,      0.1419,      5.6840,     11.3680,      1.2539,     29.4574,     58.9148,      0.0196,      0.0003,      0.0156,      0.2138,   8011.5894,-421623.7188,   -910.1660,    560.8852,  26705.2930,
       1,     170,     318,       9,       1,       3,       1,     10.0000,      1.4171,     42.8553,    253.0453,     63.6817,      3.4953,      0.0486,      0.0163,      1.0736,      0.1420,      5.6840,     11.3680,      1.2552,     29.4574,     58.9148,      0.0196,      0.0003,      0.0488,      0.2138,   8011.5884,-421368.2188,   -910.0945,    560.9031,  26705.2949,
       1,     170,     318,      10,       1,       3,       1,     10.0000,      1.4171,     42.8553,    253.0453,     63.6817,      3.4953,      0.1501,      0.1173,      8.8153,      0.1562,      5.6840,     11.3680,      1.3800,     29.4574,     58.9148,      0.0196,      0.0006,      0.1917,      0.2138,   8011.5889,-422210.3125,   -910.3996,    560.8441,  26705.2949,
       1,     170,     318,      11,       1,       3,       1,     10.0000,      1.4171,     42.8553,    253.0453,     63.6817,      3.4953,      0.1661,      0.1327,     30.9660,      0.1744,      5.6840,     11.3680,      1.5407,     29.4574,     58.9148,      0.0196,      0.0018,      0.2120,      0.2138,   8011.5889,-431497.7812,   -912.7792,    560.1930,  26705.2949,
       1,     170,     318,      12,       1,       3,       1,     10.0000,      1.4171,     42.8553,    253.0453,     63.6817,      3.4953,      0.1750,      0.1412,     48.3595,      0.1871,      5.6840,     11.3680,      1.6536,     29.4574,     58.9148,      0.0196,      0.0026,      0.2229,      0.2138,   8011.5889,-458649.9375,   -918.9476,    558.2921,  26705.2969,
       1,     170,     318,      13,       1,       3,       1,     10.0000,      1.4171,     42.8553,    253.0453,     63.6817,      3.4953,      0.0883,      0.0561,      5.6705,      0.1388,      5.6840,     11.3680,      1.2263,     29.4574,     58.9148,      0.0196,      0.0007,      0.1045,      0.2138,   8011.5894,-481641.5938,   -924.7720,    556.6907,  26705.2949,
       1,     170,     318,      14,       1,       3,       1,     10.0000,      1.4171,     42.8553,    253.0453,     63.6817,      3.4953,      0.1335,      0.1018,      9.4958,      0.1261,      5.6840,     11.3680,      1.1145,     29.4574,     58.9148,      0.0196,      0.0007,      0.1683,      0.2138,   8011.5889,-432689.5625,   -912.4370,    560.0994,  26705.2949,
       1,     170,     318,      15,       1,       3,       1,     10.0000,      1.4171,     42.8553,    253.0453,     63.6817,      3.4953,      0.1264,      0.0944,     15.5299,      0.1372,      5.6840,     11.3680,      1.2127,     29.4574,     58.9148,      0.0196,      0.0012,      0.1575,      0.2138,   8011.5889,-433195.6562,   -913.0370,    560.0745,  26705.2949,
       1,     170,     318,      16,       1,       3,       1,     10.0000,      1.4171,     42.8553,    253.0453,     63.6817,      3.4953,      0.1367,      0.1045,     15.8566,      0.1402,      5.6840,     11.3680,      1.2388,     29.4574,     58.9148,      0.0196,      0.0011,      0.1721,      0.2138,   8011.5889,-440410.7812,   -915.0834,    559.5694,  26705.2949,
       1,     170,     318,      17,       1,       3,       1,     10.0000,      1.4171,     42.8553,    253.0453,     63.6817,      3.4953,      0.0719,      0.0398,      5.1804,      0.1388,      5.6840,     11.3680,      1.2263,     29.4574,     58.9148,      0.0196,      0.0008,      0.0815,      0.2138,   8011.5889,-441402.0625,   -915.9020,    559.5002,  26705.2930,
       1,     170,     318,      18,       1,       3,       1,     10.0000,      1.4171,     42.8553,    253.0453,     63.6817,      3.4953,      0.0875,      0.0555,      4.7902,      0.1353,      5.6840,     11.3680,      1.1956,     29.4574,     58.9148,      0.0196,      0.0006,      0.1037,      0.2138,   8011.5884,-428770.5000,   -913.9040,    560.3837,  26705.2949,
       1,     170,     318,      19,       1,       3,       1,     10.0000,      1.4171,     42.8553,    253.0453,     63.6817,      3.4953,      0.0381,      0.0063,      1.1506,      0.1293,      5.6840,     11.3680,      1.1421,     29.4574,     58.9148,      0.0196,      0.0004,      0.0344,      0.2138,   8011.5889,-427253.8750,   -913.9547,    560.4905,  26705.2949,
       1,     170,     318,      20,       1,       3,       1,     10.0000,      1.4171,     42.8553,    253.0453,     63.6817,      3.4953,      0.0003,     -0.0315,      0.5005,      0.1302,      5.6840,     11.3680,      1.1503,     29.4574,     58.9148,      0.0196,      0.0004,      0.0156,      0.2138,   8011.5889,-422793.1250,   -913.2592,    560.8032,  26705.2949,
       1,     170,     318,      21,       1,       3,       1,     10.0000,      1.4171,     42.8553,    253.0453,     63.6817,      3.4953,      0.0000,     -0.0318,      0.4384,      0.1300,      5.6840,     11.3680,      1.1491,     29.4574,     58.9148,      0.0196,      0.0003,      0.0156,      0.2138,   8011.5889,-421646.9375,   -913.0673,    560.8835,  26705.2949,
       1,     170,     318,      22,       1,       3,       1,     10.0000,      1.4171,     42.8553,    253.0453,     63.6817,      3.4953,      0.0000,     -0.0318,      0.5626,      0.1303,      5.6840,     11.3680,      1.1515,     29.4574,     58.9148,      0.0196,      0.0004,      0.0156,      0.2138,   8011.5889,-421477.3750,   -913.0513,    560.8955,  26705.2949,
       1,     170,     318,      23,       1,       3,       1,     10.0000,      1.4171,     42.8553,    253.0453,     63.6817,      3.4953,      0.0000,     -0.0318,      1.0271,      0.1304,      5.6840,     11.3680,      1.1526,     29.4574,     58.9148,      0.0196,      0.0008,      0.0156,      0.2138,   8011.5889,-421610.9688,   -913.0994,    560.8861,  26705.2969,
       1,     170,     318,      24,       1,       3,       1,     10.0000,      1.4171,     42.8553,    253.0453,     63.6817,      3.4953,      0.0000,     -0.0318,      1.0016,      0.1303,      5.6840,     11.3680,      1.1515,     29.4574,     58.9148,      0.0196,      0.0008,      0.0156,      0.2138,   8011.5894,-422174.9688,   -913.2700,    560.8466,  26705.2949,
       1,     170,     319,       1,       1,       3,       1,     10.0000,      1.4171,     42.8557,    253.0512,     63.6832,      3.4953,      0.0000,     -0.0318,      0.3937,      0.1291,      5.6841,     11.3681,      1.1410,     29.4475,     58.8950,      0.0196,      0.0003,      0.0156,      0.2139,   8011.5889,-422346.5625,   -913.6199,    560.8478,  26706.4844,
       1,     170,     319,       2,       1,       3,       1,     10.0000,      1.4171,     42.8557,    253.0512,     63.6832,      3.4953,      0.0000,     -0.0318,      0.3089,      0.1295,      5.6841,     11.3681,      1.1445,     29.4475,     58.8950,      0.0196,      0.0002,      0.0156,      0.2139,   8011.9458,-421485.3438,   -913.2111,    560.9082,  26706.4824,
       1,     170,     319,       3,       1,       3,       1,     10.0000,      1.4171,     42.8557,    253.0512,     63.6832,      3.4953,      0.0000,     -0.0319,      0.3169,      0.1324,      5.6841,     11.3681,      1.1704,     29.4475,     58.8950,      0.0196,      0.0002,      0.0156,      0.2139,   8011.9448,-421312.6875,   -913.1813,    560.9203,  26706.4824,
       1,     170,     319,       4,       1,       3,       1,     10.0000,      1.4171,     42.8557,    253.0512,     63.6832,      3.4953,      0.0000,     -0.0320,      0.3240,      0.1350,      5.6841,     11.3681,      1.1932,     29.4475,     58.8950,      0.0196,      0.0003,      0.0156,      0.2139,   8011.9448,-421307.8438,   -913.1820,    560.9206,  26706.4844,
       1,     170,     319,       5,       1,       3,       1,     10.0000,      1.4171,     42.8557,    253.0512,     63.6832,      3.4953,      0.0000,     -0.0320,      0.3274,      0.1363,      5.6841,     11.3681,      1.2041,     29.4475,     58.8950,      0.0196,      0.0003,      0.0156,      0.2139,   8011.9458,-421315.7500,   -913.1845,    560.9201,  26706.4844,
       1,     170,     319,       6,       1,       3,       1,     10.0000,      1.4171,     42.8557,    253.0512,     63.6832,      3.4953,      0.0000,     -0.0321,      0.3278,      0.1364,      5.6841,     11.3681,      1.2054,     29.4475,     58.8950,      0.0196,      0.0003,      0.0156,      0.2139,   8011.9458,-421320.4062,   -913.1870,    560.9197,  26706.4844,
       1,     170,     319,       7,       1,       3,       1,     10.0000,      1.4171,     42.8557,    253.0512,     63.6832,      3.4953,      0.0000,     -0.0320,      0.3240,      0.1350,      5.6841,     11.3681,      1.1932,     29.4475,     58.8950,      0.0196,      0.0003,      0.0156,      0.2139,   8011.9458,-421321.2812,   -910.0796,    560.9197,  26706.4844,
       1,     170,     319,       8,       1,       3,       1,     10.0000,      1.4171,     42.8557,    253.0512,     63.6832,      3.4953,      0.0226,     -0.0093,      0.2523,      0.1318,      5.6841,     11.3681,      1.1644,     29.4475,     58.8950,      0.0196,      0.0002,      0.0125,      0.2139,   8011.9458,-421316.8750,   -910.0787,    560.9200,  26706.4844,
       1,     170,     319,       9,       1,       3,       1,     10.0000,      1.4171,     42.8557,    253.0512,     63.6832,      3.4953,      0.0374,      0.0057,      0.6556,      0.1282,      5.6841,     11.3681,      1.1329,     29.4475,     58.8950,      0.0196,      0.0002,      0.0335,      0.2139,   8011.9458,-421231.1875,   -910.1288,    560.9260,  26706.4844,
       1,     170,     319,      10,       1,       3,       1,     10.0000,      1.4171,     42.8557,    253.0512,     63.6832,      3.4953,      0.0332,      0.0014,      0.5387,      0.1282,      5.6841,     11.3681,      1.1329,     29.4475,     58.8950,      0.0196,      0.0002,      0.0275,      0.2139,   8011.9458,-421704.0312,   -910.2545,    560.8928,  26706.4844,
       1,     170,     319,      11,       1,       3,       1,     10.0000,      1.4171,     42.8557,    253.0512,     63.6832,      3.4953,      0.0515,      0.0197,      1.0581,      0.1298,      5.6841,     11.3681,      1.1468,     29.4475,     58.8950,      0.0196,      0.0002,      0.0533,      0.2139,   8011.9458,-421604.3750,   -910.2526,    560.8998,  26706.4844,
       1,     170,     319,      12,       1,       3,       1,     10.0000,      1.4171,     42.8557,    253.0512,     63.6832,      3.4953,      0.1106,      0.0786,      3.0331,      0.1341,      5.6841,     11.3681,      1.1847,     29.4475,     58.8950,      0.0196,      0.0003,      0.1366,      0.2139,   8011.9458,-422214.4375,   -910.4290,    560.8571,  26706.4844,
       1,     170,     319,      13,       1,       3,       1,     10.0000,      1.4171,     42.8557,    253.0512,     63.6832,      3.4953,      0.1404,      0.1083,      5.2769,      0.1385,      5.6841,     11.3681,      1.2238,     29.4475,     58.8950,      0.0196,      0.0004,      0.1784,      0.2139,   8011.9458,-424616.4688,   -911.2404,    560.6887,  26706.4844,
       1,     170,     319,      14,       1,       3,       1,     10.0000,      1.4171,     42.8557,    253.0512,     63.6832,      3.4953,      0.1717,      0.1392,     13.9795,      0.1493,      5.6841,     11.3681,      1.3189,     29.4475,     58.8950,      0.0196,      0.0008,      0.2218,      0.2139,   8011.9458,-427488.2188,   -912.2439,    560.4874,  26706.4844,
       1,     170,     319,      15,       1,       3,       1,     10.0000,      1.4171,     42.8557,    253.0512,     63.6832,      3.4953,      0.1827,      0.1497,     32.6173,      0.1645,      5.6841,     11.3681,      1.4539,     29.4475,     58.8950,      0.0196,      0.0017,      0.2355,      0.2139,   8011.9458,-438088.8125,   -915.2469,    559.7448,  26706.4844,
       1,     170,     319,      16,       1,       3,       1,     10.0000,      1.4171,     42.8557,    253.0512,     63.6832,      3.4953,      0.1679,      0.1347,     33.6674,      0.1682,      5.6841,     11.3681,      1.4863,     29.4475,     58.8950,      0.0196,      0.0019,      0.2143,      0.2138,   8011.9458,-461166.8750,   -920.8404,    558.1306,  26706.4824,
       1,     170,     319,      17,       1,       3,       1,     10.0000,      1.4171,     42.8557,    253.0512,     63.6832,      3.4953,      0.1199,      0.0871,     15.0008,      0.1568,      5.6841,     11.3681,      1.3856,     29.4475,     58.8950,      0.0196,      0.0012,      0.1480,      0.2138,   8011.9448,-464347.1250,   -922.4844,    557.9110,  26706.4824,
       1,     170,     319,      18,       1,       3,       1,     10.0000,      1.4171,     42.8557,    253.0512,     63.6832,      3.4953,      0.1441,      0.1111,     20.2377,      0.1626,      5.6841,     11.3681,      1.4366,     29.4475,     58.8950,      0.0196,      0.0013,      0.1820,      0.2138,   8011.9448,-442374.0000,   -914.5590,    559.4434,  26706.4824,
       1,     170,     319,      19,       1,       3,       1,     10.0000,      1.4171,     42.8557,    253.0512,     63.6832,      3.4953,      0.0427,      0.0099,      3.9250,      0.1571,      5.6841,     11.3681,      1.3884,     29.4475,     58.8950,      0.0196,      0.0012,      0.0396,      0.2138,   8011.9448,-446785.9062,   -916.1979,    559.1370,  26706.4844,
       1,     170,     319,      20,       1,       3,       1,     10.0000,      1.4171,     42.8557,    253.0512,     63.6832,      3.4953,      0.0007,     -0.0318,      1.0997,      0.1496,      5.6841,     11.3681,      1.3215,     29.4475,     58.8950,      0.0196,      0.0008,      0.0156,      0.2138,   8011.9458,-427724.8125,   -912.9808,    560.4692,  26706.4863,
       1,     170,     319,      21,       1,       3,       1,     10.0000,      1.4171,     42.8557,    253.0512,     63.6832,      3.4953,      0.0000,     -0.0325,      0.9331,      0.1484,      5.6841,     11.3681,      1.3109,     29.4475,     58.8950,      0.0196,      0.0007,      0.0156,      0.2139,   8011.9463,-422776.1562,   -912.1640,    560.8175,  26706.4844,
       1,     170,     319,      22,       1,       3,       1,     10.0000,      1.4171,     42.8557,    253.0512,     63.6832,      3.4953,      0.0000,     -0.0325,      0.7907,      0.1493,      5.6841,     11.3681,      1.3189,     29.4475,     58.8950,      0.0196,      0.0006,      0.0156,      0.2139,   8011.9458,-422163.5938,   -912.1263,    560.8606,  26706.4844,
       1,     170,     319,      23,       1,       3,       1,     10.0000,      1.4171,     42.8557,    253.0512,     63.6832,      3.4953,      0.0000,     -0.0326,      0.6533,      0.1503,      5.6841,     11.3681,      1.3282,     29.4475,     58.8950,      0.0196,      0.0005,      0.0156,      0.2139,   8011.9458,-421942.7812,   -912.1435,    560.8761,  26706.4863,
       1,     170,     319,      24,       1,       3,       1,     10.0000,      1.4171,     42.8557,    253.0512,     63.6832,      3.4953,      0.0000,     -0.0326,      0.6008,      0.1506,      5.6841,     11.3681,      1.3309,     29.4475,     58.8950,      0.0196,      0.0005,      0.0156,      0.2139,   8011.9463,-421760.5312,   -912.1448,    560.8889,  26706.4844,
       1,     170,     320,       1,       1,       3,       1,     10.0000,      1.4172,     42.8560,    253.0572,     63.6847,      3.4953,      0.0000,     -0.0324,      0.3550,      0.1463,      5.6844,     11.3687,      1.2926,     29.4377,     58.8753,      0.0196,      0.0003,      0.0156,      0.2139,   8011.9458,-421837.4688,   -910.4610,    560.8967,  26707.6660,
       1,     170,     320,       2,       1,       3,       1,     10.0000,      1.4172,     42.8560,    253.0572,     63.6847,      3.4953,      0.0000,     -0.0324,      0.3513,      0.1450,      5.6844,     11.3687,      1.2809,     29.4377,     58.8753,      0.0196,      0.0003,      0.0156,      0.2139,   8012.3003,-421400.5000,   -910.0952,    560.9274,  26707.6719,
       1,     170,     320,       3,       1,       3,       1,     10.0000,      1.4172,     42.8560,    253.0572,     63.6847,      3.4953,      0.0000,     -0.0324,      0.3501,      0.1445,      5.6844,     11.3687,      1.2770,     29.4377,     58.8753,      0.0196,      0.0003,      0.0156,      0.2139,   8012.3018,-421358.9688,   -910.0881,    560.9304,  26707.6699,
       1,     170,     320,       4,       1,       3,       1,     10.0000,      1.4172,     42.8560,    253.0572,     63.6847,      3.4953,      0.0000,     -0.0324,      0.3509,      0.1448,      5.6844,     11.3687,      1.2796,     29.4377,     58.8753,      0.0196,      0.0003,      0.0156,      0.2139,   8012.3013,-421354.1250,   -910.0894,    560.9306,  26707.6719,
       1,     170,     320,       5,       1,       3,       1,     10.0000,      1.4172,     42.8560,    253.0572,     63.6847,      3.4953,      0.0000,     -0.0323,      0.3477,      0.1436,      5.6844,     11.3687,      1.2693,     29.4377,     58.8753,      0.0196,      0.0003,      0.0156,      0.2139,   8012.3018,-421354.6250,   -910.0912,    560.9306,  26707.6699,
       1,     170,     320,       6,       1,       3,       1,     10.0000,      1.4172,     42.8560,    253.0572,     63.6847,      3.4953,      0.0000,     -0.0323,      0.3477,      0.1436,      5.6844,     11.3687,      1.2693,     29.4377,     58.8753,      0.0196,      0.0003,      0.0156,      0.2139,   8012.3013,-421350.9375,   -910.0927,    560.9308,  26707.6719,
       1,     170,     320,       7,       1,       3,       1,     10.0000,      1.4172,     42.8560,    253.0572,     63.6847,      3.4953,      0.0000,     -0.0322,      0.3394,      0.1406,      5.6844,     11.3687,      1.2426,     29.4377,     58.8753,      0.0196,      0.0003,      0.0156,      0.2139,   8012.3018,-421350.4688,   -910.0939,    560.9309,  26707.6719,
       1,     170,     320,       8,       1,       3,       1,     10.0000,      1.4172,     42.8560,    253.0572,     63.6847,      3.4953,      0.0180,     -0.0142,      0.1210,      0.1412,      5.6844,     11.3687,      1.2476,     29.4377,     58.8753,      0.0196,      0.0003,      0.0055,      0.2139,   8012.3018,-421340.4688,   -910.0940,    560.9316,  26707.6719,
       1,     170,     320,       9,       1,       3,       1,     10.0000,      1.4172,     42.8560,    253.0572,     63.6847,      3.4953,      0.1145,      0.0820,      3.8912,      0.1487,      5.6844,     11.3687,      1.3136,     29.4377,     58.8753,      0.0196,      0.0003,      0.1417,      0.2139,   8012.3018,-421079.6562,   -910.0916,    560.9498,  26707.6719,
       1,     170,     320,      10,       1,       3,       1,     10.0000,      1.4172,     42.8560,    253.0572,     63.6847,      3.4953,      0.1594,      0.1266,     13.1710,      0.1587,      5.6844,     11.3687,      1.4024,     29.4377,     58.8753,      0.0196,      0.0008,      0.2045,      0.2139,   8012.3018,-425545.6562,   -911.3649,    560.6367,  26707.6719,
       1,     170,     320,      11,       1,       3,       1,     10.0000,      1.4172,     42.8560,    253.0572,     63.6847,      3.4953,      0.1887,      0.1553,     36.7396,      0.1738,      5.6844,     11.3687,      1.5362,     29.4377,     58.8753,      0.0196,      0.0018,      0.2436,      0.2139,   8012.3018,-436965.0312,   -914.2816,    559.8365,  26707.6699,
       1,     170,     320,      12,       1,       3,       1,     10.0000,      1.4172,     42.8560,    253.0572,     63.6847,      3.4953,      0.1950,      0.1609,     62.5988,      0.1978,      5.6844,     11.3687,      1.7481,     29.4377,     58.8753,      0.0196,      0.0030,      0.2500,      0.2139,   8012.3013,-465979.4375,   -921.1348,    557.8068,  26707.6738,
       1,     170,     320,      13,       1,       3,       1,     10.0000,      1.4172,     42.8560,    253.0572,     63.6847,      3.4953,      0.1896,      0.1556,     55.5578,      0.1945,      5.6844,     11.3687,      1.7189,     29.4377,     58.8753,      0.0196,      0.0028,      0.2430,      0.2138,   8012.3022,-499206.5625,   -929.5959,    555.4936,  26707.6719,
       1,     170,     320,      14,       1,       3,       1,     10.0000,      1.4172,     42.8560,    253.0572,     63.6847,      3.4953,      0.1805,      0.1464,     47.4643,      0.1959,      5.6844,     11.3687,      1.7309,     29.4377,     58.8753,      0.0196,      0.0025,      0.2309,      0.2138,   8012.3018,-493590.8438,   -930.0541,    555.8884,  26707.6719,
       1,     170,     320,      15,       1,       3,       1,     10.0000,      1.4172,     42.8560,    253.0572,     63.6847,      3.4953,      0.1776,      0.1435,     48.8462,      0.1967,      5.6844,     11.3687,      1.7377,     29.4377,     58.8753,      0.0196,      0.0026,      0.2266,      0.2138,   8012.3018,-483474.5625,   -929.3240,    556.5914,  26707.6699,
       1,     170,     320,      16,       1,       3,       1,     10.0000,      1.4172,     42.8560,    253.0572,     63.6847,      3.4953,      0.1756,      0.1416,     45.5992,      0.1943,      5.6844,     11.3687,      1.7172,     29.4377,     58.8753,      0.0196,      0.0025,      0.2241,      0.2138,   8012.3013,-484280.9375,   -930.5692,    556.5358,  26707.6738,
       1,     170,     320,      17,       1,       3,       1,     10.0000,      1.4172,     42.8560,    253.0572,     63.6847,      3.4953,      0.1602,      0.1263,     40.8669,      0.1918,      5.6844,     11.3687,      1.6952,     29.4377,     58.8753,      0.0196,      0.0024,      0.2026,      0.2138,   8012.3022,-480478.6562,   -930.7522,    556.8002,  26707.6719,
       1,     170,     320,      18,       1,       3,       1,     10.0000,      1.4172,     42.8560,    253.0572,     63.6847,      3.4953,      0.1177,      0.0841,     23.5930,      0.1807,      5.6844,     11.3687,      1.5971,     29.4377,     58.8753,      0.0196,      0.0020,      0.1438,      0.2138,   8012.3018,-474525.1562,   -930.3314,    557.2147,  26707.6699,
       1,     170,     320,      19,       1,       3,       1,     10.0000,      1.4172,     42.8560,    253.0572,     63.6847,      3.4953,      0.0424,      0.0092,      3.6982,      0.1669,      5.6844,     11.3687,      1.4745,     29.4377,     58.8753,      0.0196,      0.0011,      0.0388,      0.2138,   8012.3013,-453453.0312,   -926.7388,    558.6825,  26707.6719,
       1,     170,     320,      20,       1,       3,       1,     10.0000,      1.4172,     42.8560,    253.0572,     63.6847,      3.4953,      0.0010,     -0.0318,      0.6738,      0.1570,      5.6844,     11.3687,      1.3870,     29.4377,     58.8753,      0.0196,      0.0005,      0.0156,      0.2139,   8012.3018,-428012.5000,   -922.0439,    560.4611,  26707.6719,
       1,     170,     320,      21,       1,       3,       1,     10.0000,      1.4172,     42.8560,    253.0572,     63.6847,      3.4953,      0.0000,     -0.0326,      0.3705,      0.1518,      5.6844,     11.3687,      1.3417,     29.4377,     58.8753,      0.0196,      0.0003,      0.0156,      0.2139,   8012.3018,-422297.6250,   -915.0372,    560.8643,  26707.6719,
       1,     170,     320,      22,       1,       3,       1,     10.0000,      1.4172,     42.8560,    253.0572,     63.6847,      3.4953,      0.0000,     -0.0326,      0.3705,      0.1518,      5.6844,     11.3687,      1.3417,     29.4377,     58.8753,      0.0196,      0.0003,      0.0156,      0.2139,   8012.3018,-421456.8125,   -910.1043,    560.9234,  26707.6738,
       1,     170,     320,      23,       1,       3,       1,     10.0000,      1.4172,     42.8560,    253.0572,     63.6847,      3.4953,      0.0000,     -0.0327,      0.3796,      0.1551,      5.6844,     11.3687,      1.3704,     29.4377,     58.8753,      0.0196,      0.0003,      0.0156,      0.2139,   8012.3022,-421386.2812,   -910.0908,    560.9283,  26707.6719,
       1,     170,     320,      24,       1,       3,       1,     10.0000,      1.4172,     42.8560,    253.0572,     63.6847,      3.4953,      0.0000,     -0.0327,      0.3796,      0.1551,      5.6844,     11.3687,      1.3704,     29.4377,     58.8753,      0.0196,      0.0003,      0.0156,      0.2139,   8012.3018,-421391.4375,   -910.0939,    560.9280,  26707.6699,
       1,     170,     321,       1,       1,       3,       1,     10.0000,      1.4172,     42.8563,    253.0631,     63.6861,      3.4953,      0.0000,     -0.0327,      0.3735,      0.1529,      5.6835,     11.3670,      1.3512,     29.4396,     58.8791,      0.0196,      0.0003,      0.0156,      0.2139,   8012.3013,-421546.7188,   -910.3815,    560.9302,  26708.8613,
       1,     170,     321,       2,       1,       3,       1,     10.0000,      1.4172,     42.8563,    253.0631,     63.6861,      3.4953,      0.0000,     -0.0326,      0.3710,      0.1520,      5.6835,     11.3670,      1.3431,     29.4396,     58.8791,      0.0196,      0.0003,      0.0156,      0.2139,   8012.6587,-421400.7812,   -910.1019,    560.9405,  26708.8613,
       1,     170,     321,       3,       1,       3,       1,     10.0000,      1.4172,     42.8563,    253.0631,     63.6861,      3.4953,      0.0000,     -0.0326,      0.3718,      0.1523,      5.6835,     11.3670,      1.3458,     29.4396,     58.8791,      0.0196,      0.0003,      0.0156,      0.2139,   8012.6587,-421385.3750,   -910.1012,    560.9415,  26708.8652,
       1,     170,     321,       4,       1,       3,       1,     10.0000,      1.4172,     42.8563,    253.0631,     63.6861,      3.4953,      0.0000,     -0.0328,      0.4700,      0.1560,      5.6835,     11.3670,      1.3787,     29.4396,     58.8791,      0.0196,      0.0004,      0.0156,      0.2139,   8012.6597,-421384.9062,   -910.1023,    560.9415,  26708.8633,
       1,     170,     321,       5,       1,       3,       1,     10.0000,      1.4172,     42.8563,    253.0631,     63.6861,      3.4953,      0.0000,     -0.0326,      0.4047,      0.1525,      5.6835,     11.3670,      1.3472,     29.4396,     58.8791,      0.0196,      0.0003,      0.0156,      0.2139,   8012.6592,-421501.8438,   -910.1378,    560.9333,  26708.8633,
       1,     170,     321,       6,       1,       3,       1,     10.0000,      1.4172,     42.8563,    253.0631,     63.6861,      3.4953,      0.0000,     -0.0326,      0.3718,      0.1523,      5.6835,     11.3670,      1.3458,     29.4396,     58.8791,      0.0196,      0.0003,      0.0156,      0.2139,   8012.6592,-421433.8438,   -910.1310,    560.9380,  26708.8633,
       1,     170,     321,       7,       1,       3,       1,     10.0000,      1.4172,     42.8563,    253.0631,     63.6861,      3.4953,      0.0000,     -0.0327,      0.3735,      0.1529,      5.6835,     11.3670,      1.3512,     29.4396,     58.8791,      0.0196,      0.0003,      0.0156,      0.2139,   8012.6592,-421389.1875,   -910.1245,    560.9413,  26708.8613,
       1,     170,     321,       8,       1,       3,       1,     10.0000,      1.4172,     42.8563,    253.0631,     63.6861,      3.4953,      0.0088,     -0.0238,      0.3740,      0.1531,      5.6835,     11.3670,      1.3526,     29.4396,     58.8791,      0.0196,      0.0003,      0.0156,      0.2139,   8012.6587,-421387.5000,   -910.1262,    560.9413,  26708.8633,
       1,     170,     321,       9,       1,       3,       1,     10.0000,      1.4172,     42.8563,    253.0631,     63.6861,      3.4953,      0.0836,      0.0507,      4.8152,      0.1603,      5.6835,     11.3670,      1.4166,     29.4396,     58.8791,      0.0196,      0.0006,      0.0975,      0.2139,   8012.6592,-421387.8125,   -910.1547,    560.9413,  26708.8633,
       1,     170,     321,      10,       1,       3,       1,     10.0000,      1.4172,     42.8563,    253.0631,     63.6861,      3.4953,      0.1517,      0.1182,     23.7654,      0.1782,      5.6835,     11.3670,      1.5750,     29.4396,     58.8791,      0.0196,      0.0015,      0.1923,      0.2139,   8012.6592,-426673.6875,   -911.4646,    560.5707,  26708.8633,
       1,     170,     321,      11,       1,       3,       1,     10.0000,      1.4172,     42.8563,    253.0631,     63.6861,      3.4953,      0.1756,      0.1414,     47.3307,      0.2012,      5.6835,     11.3670,      1.7778,     29.4396,     58.8791,      0.0196,      0.0025,      0.2239,      0.2139,   8012.6592,-449670.5000,   -916.6647,    558.9594,  26708.8633,
       1,     170,     321,      12,       1,       3,       1,     10.0000,      1.4172,     42.8563,    253.0631,     63.6861,      3.4953,      0.1818,      0.1474,     54.5969,      0.2085,      5.6835,     11.3670,      1.8421,     29.4396,     58.8791,      0.0196,      0.0028,      0.2321,      0.2139,   8012.6592,-479652.4688,   -923.9600,    556.8669,  26708.8633,
       1,     170,     321,      13,       1,       3,       1,     10.0000,      1.4172,     42.8563,    253.0631,     63.6861,      3.4953,      0.1946,      0.1599,     59.5380,      0.2175,      5.6835,     11.3670,      1.9218,     29.4396,     58.8791,      0.0196,      0.0029,      0.2500,      0.2139,   8012.6592,-490812.7500,   -924.6836,    556.0940,  26708.8633,
       1,     170,     321,      14,       1,       3,       1,     10.0000,      1.4172,     42.8563,    253.0631,     63.6861,      3.4953,      0.1635,      0.1299,     16.3542,      0.1797,      5.6835,     11.3670,      1.5876,     29.4396,     58.8791,      0.0196,      0.0009,      0.2100,      0.2138,   8012.6592,-497624.6875,   -926.5810,    555.6210,  26708.8633,
       1,     170,     321,      15,       1,       3,       1,     10.0000,      1.4172,     42.8563,    253.0631,     63.6861,      3.4953,      0.1750,      0.1409,     32.2520,      0.1963,      5.6835,     11.3670,      1.7343,     29.4396,     58.8791,      0.0196,      0.0017,      0.2247,      0.2138,   8012.6592,-446737.5312,   -915.5697,    559.1555,  26708.8633,
       1,     170,     321,      16,       1,       3,       1,     10.0000,      1.4172,     42.8563,    253.0631,     63.6861,      3.4953,      0.1452,      0.1110,     31.3058,      0.2000,      5.6835,     11.3670,      1.7672,     29.4396,     58.8791,      0.0196,      0.0021,      0.1821,      0.2139,   8012.6592,-461464.6875,   -919.5372,    558.1374,  26708.8633,
       1,     170,     321,      17,       1,       3,       1,     10.0000,      1.4172,     42.8563,    253.0631,     63.6861,      3.4953,      0.1639,      0.1296,     50.0232,      0.2036,      5.6835,     11.3670,      1.7990,     29.4396,     58.8791,      0.0196,      0.0029,      0.2069,      0.2139,   8012.6592,-461553.9688,   -920.5314,    558.1321,  26708.8652,
       1,     170,     321,      18,       1,       3,       1,     10.0000,      1.4172,     42.8563,    253.0631,     63.6861,      3.4953,      0.1306,      0.0963,     48.3002,      0.2020,      5.6835,     11.3670,      1.7848,     29.4396,     58.8791,      0.0196,      0.0037,      0.1592,      0.2139,   8012.6597,-483849.7812,   -925.9366,    556.5765,  26708.8633,
       1,     170,     321,      19,       1,       3,       1,     10.0000,      1.4172,     42.8563,    253.0631,     63.6861,      3.4953,      0.0685,      0.0346,     21.7121,      0.1903,      5.6835,     11.3670,      1.6818,     29.4396,     58.8791,      0.0196,      0.0036,      0.0734,      0.2139,   8012.6592,-483659.3750,   -926.9379,    556.5919,  26708.8652,
       1,     170,     321,      20,       1,       3,       1,     10.0000,      1.4172,     42.8563,    253.0631,     63.6861,      3.4953,      0.0015,     -0.0319,      2.4951,      0.1756,      5.6835,     11.3670,      1.5516,     29.4396,     58.8791,      0.0196,      0.0019,      0.0156,      0.2139,   8012.6597,-451967.8750,   -921.7159,    558.7969,  26708.8633,
       1,     170,     321,      21,       1,       3,       1,     10.0000,      1.4172,     42.8563,    253.0631,     63.6861,      3.4953,      0.0000,     -0.0332,      1.9277,      0.1701,      5.6835,     11.3670,      1.5028,     29.4396,     58.8791,      0.0196,      0.0015,      0.0156,      0.2139,   8012.6592,-426462.0000,   -917.1683,    560.5828,  26708.8633,
       1,     170,     321,      22,       1,       3,       1,     10.0000,      1.4172,     42.8563,    253.0631,     63.6861,      3.4953,      0.0000,     -0.0331,      1.7788,      0.1657,      5.6835,     11.3670,      1.4642,     29.4396,     58.8791,      0.0196,      0.0014,      0.0156,      0.2139,   8012.6592,-423663.6562,   -916.7705,    560.7817,  26708.8633,
       1,     170,     321,      23,       1,       3,       1,     10.0000,      1.4172,     42.8563,    253.0631,     63.6861,      3.4953,      0.0000,     -0.0331,      1.7460,      0.1659,      5.6835,     11.3670,      1.4657,     29.4396,     58.8791,      0.0196,      0.0013,      0.0156,      0.2139,   8012.6592,-423249.8438,   -916.8080,    560.8108,  26708.8633,
       1,     170,     321,      24,       1,       3,       1,     10.0000,      1.4172,     42.8563,    253.0631,     63.6861,      3.4953,      0.0000,     -0.0330,      1.4476,      0.1637,      5.6835,     11.3670,      1.4467,     29.4396,     58.8791,      0.0196,      0.0011,      0.0156,      0.2139,   8012.6592,-423176.0938,   -916.9158,    560.8159,  26708.8633,
       1,     170,     322,       1,       1,       3,       1,     10.0000,      1.4172,     42.8567,    253.0691,     63.6877,      3.4953,      0.0000,     -0.0329,      1.0196,      0.1600,      5.6839,     11.3678,      1.4138,     29.4395,     58.8790,      0.0196,      0.0008,      0.0156,      0.2139,   8012.6592,-422969.2188,   -917.2472,    560.8438,  26710.0508,
       1,     170,     322,       2,       1,       3,       1,     10.0000,      1.4172,     42.8567,    253.0691,     63.6877,      3.4953,      0.0000,     -0.0330,      1.2256,      0.1619,      5.6839,     11.3678,      1.4309,     29.4395,     58.8790,      0.0196,      0.0009,      0.0156,      0.2139,   8013.0156,-422290.9375,   -916.9233,    560.8913,  26710.0488,
       1,     170,     322,       3,       1,       3,       1,     10.0000,      1.4172,     42.8567,    253.0691,     63.6877,      3.4953,      0.0000,     -0.0330,      1.0550,      0.1614,      5.6839,     11.3678,      1.4266,     29.4395,     58.8790,      0.0196,      0.0008,      0.0156,      0.2139,   8013.0151,-422479.8438,   -917.0441,    560.8781,  26710.0508,
       1,     170,     322,       4,       1,       3,       1,     10.0000,      1.4172,     42.8567,    253.0691,     63.6877,      3.4953,      0.0000,     -0.0331,      1.0823,      0.1667,      5.6839,     11.3678,      1.4731,     29.4395,     58.8790,      0.0196,      0.0008,      0.0156,      0.2139,   8013.0156,-422292.2812,   -917.0773,    560.8912,  26710.0508,
       1,     170,     322,       5,       1,       3,       1,     10.0000,      1.4172,     42.8567,    253.0691,     63.6877,      3.4953,      0.0000,     -0.0332,      0.9359,      0.1677,      5.6839,     11.3678,      1.4820,     29.4395,     58.8790,      0.0196,      0.0007,      0.0156,      0.2139,   8013.0156,-422309.1875,   -917.1505,    560.8900,  26710.0508,
       1,     170,     322,       6,       1,       3,       1,     10.0000,      1.4172,     42.8567,    253.0691,     63.6877,      3.4953,      0.0000,     -0.0332,      1.6226,      0.1677,      5.6839,     11.3678,      1.4820,     29.4395,     58.8790,      0.0196,      0.0013,      0.0156,      0.2139,   8013.0156,-422136.3750,   -917.1719,    560.9021,  26710.0508,
       1,     170,     322,       7,       1,       3,       1,     10.0000,      1.4172,     42.8567,    253.0691,     63.6877,      3.4953,      0.0000,     -0.0329,      1.3662,      0.1611,      5.6839,     11.3678,      1.4238,     29.4395,     58.8790,      0.0196,      0.0011,      0.0156,      0.2139,   8013.0156,-422939.0938,   -917.4470,    560.8458,  26710.0508,
       1,     170,     322,       8,       1,       3,       1,     10.0000,      1.4172,     42.8567,    253.0691,     63.6877,      3.4953,      0.0160,     -0.0169,      0.1118,      0.1594,      5.6839,     11.3678,      1.4081,     29.4395,     58.8790,      0.0196,      0.0007,      0.0018,      0.2139,   8013.0156,-422701.0938,   -917.4966,    560.8626,  26710.0508,
       1,     170,     322,       9,       1,       3,       1,     10.0000,      1.4172,     42.8567,    253.0691,     63.6877,      3.4953,      0.1129,      0.0800,      6.2019,      0.1611,      5.6839,     11.3678,      1.4238,     29.4395,     58.8790,      0.0196,      0.0005,      0.1391,      0.2139,   8013.0156,-421188.2188,   -915.0985,    560.9686,  26710.0508,
       1,     170,     322,      10,       1,       3,       1,     10.0000,      1.4172,     42.8567,    253.0691,     63.6877,      3.4953,      0.1469,      0.1136,     13.4090,      0.1702,      5.6839,     11.3678,      1.5044,     29.4395,     58.8790,      0.0196,      0.0009,      0.1866,      0.2139,   8013.0156,-428309.4375,   -911.7222,    560.4692,  26710.0508,
       1,     170,     322,      11,       1,       3,       1,     10.0000,      1.4172,     42.8567,    253.0691,     63.6877,      3.4953,      0.1693,      0.1358,     26.3075,      0.1772,      5.6839,     11.3678,      1.5657,     29.4395,     58.8790,      0.0196,      0.0015,      0.2171,      0.2139,   8013.0156,-437481.7812,   -914.1166,    559.8269,  26710.0508,
       1,     170,     322,      12,       1,       3,       1,     10.0000,      1.4172,     42.8567,    253.0691,     63.6877,      3.4953,      0.1875,      0.1537,     35.5581,      0.1870,      5.6839,     11.3678,      1.6521,     29.4395,     58.8790,      0.0196,      0.0018,      0.2421,      0.2139,   8013.0156,-453600.4375,   -917.1311,    558.6993,  26710.0508,
       1,     170,     322,      13,       1,       3,       1,     10.0000,      1.4172,     42.8567,    253.0691,     63.6877,      3.4953,      0.1642,      0.1302,     30.5936,      0.1928,      5.6839,     11.3678,      1.7037,     29.4395,     58.8790,      0.0196,      0.0018,      0.2094,      0.2139,   8013.0156,-465959.9688,   -920.7979,    557.8373,  26710.0508,
       1,     170,     322,      14,       1,       3,       1,     10.0000,      1.4172,     42.8567,    253.0691,     63.6877,      3.4953,      0.1916,      0.1580,     18.0826,      0.1802,      5.6839,     11.3678,      1.5924,     29.4395,     58.8790,      0.0196,      0.0009,      0.2500,      0.2139,   8013.0156,-461077.9375,   -918.4265,    558.1783,  26710.0527,
       1,     170,     322,      15,       1,       3,       1,     10.0000,      1.4172,     42.8567,    253.0691,     63.6877,      3.4953,      0.1939,      0.1596,     49.6571,      0.2060,      5.6839,     11.3678,      1.8204,     29.4395,     58.8790,      0.0196,      0.0024,      0.2500,      0.2139,   8013.0161,-445773.7812,   -915.7600,    559.2463,  26710.0527,
       1,     170,     322,      16,       1,       3,       1,     10.0000,      1.4172,     42.8567,    253.0691,     63.6877,      3.4953,      0.1632,      0.1289,     44.2239,      0.2018,      5.6839,     11.3678,      1.7831,     29.4395,     58.8790,      0.0196,      0.0026,      0.2064,      0.2139,   8013.0161,-482089.7812,   -924.2694,    556.7086,  26710.0488,
       1,     170,     322,      17,       1,       3,       1,     10.0000,      1.4172,     42.8567,    253.0691,     63.6877,      3.4953,      0.0976,      0.0637,     17.9865,      0.1888,      5.6839,     11.3678,      1.6686,     29.4395,     58.8790,      0.0196,      0.0019,      0.1155,      0.2139,   8013.0151,-478658.0938,   -924.7282,    556.9531,  26710.0508,
       1,     170,     322,      18,       1,       3,       1,     10.0000,      1.4172,     42.8567,    253.0691,     63.6877,      3.4953,      0.1231,      0.0895,     15.6856,      0.1804,      5.6839,     11.3678,      1.5940,     29.4395,     58.8790,      0.0196,      0.0012,      0.1523,      0.2139,   8013.0156,-447116.5312,   -915.3998,    559.1490,  26710.0527,
       1,     170,     322,      19,       1,       3,       1,     10.0000,      1.4172,     42.8567,    253.0691,     63.6877,      3.4953,      0.0547,      0.0211,      7.0773,      0.1813,      5.6839,     11.3678,      1.6019,     29.4395,     58.8790,      0.0196,      0.0015,      0.0556,      0.2139,   8013.0161,-441764.4375,   -914.9808,    559.5275,  26710.0527,
       1,     170,     322,      20,       1,       3,       1,     10.0000,      1.4172,     42.8567,    253.0691,     63.6877,      3.4953,      0.0013,     -0.0321,      1.5265,      0.1749,      5.6839,     11.3678,      1.5455,     29.4395,     58.8790,      0.0196,      0.0012,      0.0156,      0.2139,   8013.0161,-431066.4688,   -913.3858,    560.2759,  26710.0508,
       1,     170,     322,      21,       1,       3,       1,     10.0000,      1.4172,     42.8567,    253.0691,     63.6877,      3.4953,      0.0000,     -0.0333,      1.1833,      0.1711,      5.6839,     11.3678,      1.5119,     29.4395,     58.8790,      0.0196,      0.0009,      0.0156,      0.2139,   8013.0156,-423569.8750,   -912.1675,    560.8014,  26710.0488,
       1,     170,     322,      22,       1,       3,       1,     10.0000,      1.4172,     42.8567,    253.0691,     63.6877,      3.4953,      0.0000,     -0.0330,      0.9260,      0.1626,      5.6839,     11.3678,      1.4367,     29.4395,     58.8790,      0.0196,      0.0007,      0.0156,      0.2139,   8013.0151,-422536.3750,   -910.4159,    560.8741,  26710.0508,
       1,     170,     322,      23,       1,       3,       1,     10.0000,      1.4172,     42.8567,    253.0691,     63.6877,      3.4953,      0.0000,     -0.0328,      0.6398,      0.1574,      5.6839,     11.3678,      1.3913,     29.4395,     58.8790,      0.0196,      0.0005,      0.0156,      0.2139,   8013.0156,-422143.5938,   -910.3111,    560.9016,  26710.0527,
       1,     170,     322,      24,       1,       3,       1,     10.0000,      1.4172,     42.8567,    253.0691,     63.6877,      3.4953,      0.0000,     -0.0329,      0.5042,      0.1598,      5.6839,     11.3678,      1.4124,     29.4395,     58.8790,      0.0196,      0.0004,      0.0156,      0.2139,   8013.0161,-421769.8438,   -910.2854,    560.9279,  26710.0488,
       1,     170,     323,       1,       1,       3,       1,     10.0000,      1.4172,     42.8570,    253.0750,     63.6891,      3.4953,      0.0000,     -0.0331,      0.7478,      0.1650,      5.6840,     11.3680,      1.4585,     29.4388,     58.8776,      0.0196,      0.0006,      0.0156,      0.2140,   8013.0151,-421732.6250,   -910.5598,    560.9436,  26711.2402,
       1,     170,     323,       2,       1,       3,       1,     10.0000,      1.4172,     42.8570,    253.0750,     63.6891,      3.4953,      0.0000,     -0.0331,      0.8172,      0.1647,      5.6840,     11.3680,      1.4555,     29.4388,     58.8776,      0.0196,      0.0006,      0.0156,      0.2140,   8013.3726,-421867.5000,   -910.3829,    560.9341,  26711.2422,
       1,     170,     323,       3,       1,       3,       1,     10.0000,      1.4172,     42.8570,    253.0750,     63.6891,      3.4953,      0.0000,     -0.0329,      0.5186,      0.1600,      5.6840,     11.3680,      1.4138,     29.4388,     58.8776,      0.0196,      0.0004,      0.0156,      0.2140,   8013.3730,-421960.9688,   -910.4619,    560.9276,  26711.2441,
       1,     170,     323,       4,       1,       3,       1,     10.0000,      1.4172,     42.8570,    253.0750,     63.6891,      3.4953,      0.0000,     -0.0328,      0.6567,      0.1582,      5.6840,     11.3680,      1.3983,     29.4388,     58.8776,      0.0196,      0.0005,      0.0156,      0.2140,   8013.3735,-421613.3750,   -910.4170,    560.9520,  26711.2422,
       1,     170,     323,       5,       1,       3,       1,     10.0000,      1.4172,     42.8570,    253.0750,     63.6891,      3.4953,      0.0000,     -0.0326,      0.3676,      0.1508,      5.6840,     11.3680,      1.3324,     29.4388,     58.8776,      0.0196,      0.0003,      0.0156,      0.2140,   8013.3730,-421748.7188,   -910.4752,    560.9425,  26711.2402,
       1,     170,     323,       6,       1,       3,       1,     10.0000,      1.4172,     42.8570,    253.0750,     63.6891,      3.4953,      0.0000,     -0.0327,      0.3740,      0.1531,      5.6840,     11.3680,      1.3527,     29.4388,     58.8776,      0.0196,      0.0003,      0.0156,      0.2140,   8013.3726,-421416.3438,   -910.4171,    560.9658,  26711.2441,
       1,     170,     323,       7,       1,       3,       1,     10.0000,      1.4172,     42.8570,    253.0750,     63.6891,      3.4953,      0.0000,     -0.0326,      0.3697,      0.1515,      5.6840,     11.3680,      1.3391,     29.4388,     58.8776,      0.0196,      0.0003,      0.0156,      0.2140,   8013.3735,-421395.7500,   -910.4140,    560.9673,  26711.2422,
       1,     170,     323,       8,       1,       3,       1,     10.0000,      1.4172,     42.8570,    253.0750,     63.6891,      3.4953,      0.0103,     -0.0223,      0.3810,      0.1508,      5.6840,     11.3680,      1.3324,     29.4388,     58.8776,      0.0196,      0.0003,      0.0156,      0.2140,   8013.3730,-421389.0312,   -910.4150,    560.9677,  26711.2422,
       1,     170,     323,       9,       1,       3,       1,     10.0000,      1.4172,     42.8570,    253.0750,     63.6891,      3.4953,      0.1200,      0.0869,     16.5552,      0.1650,      5.6840,     11.3680,      1.4585,     29.4388,     58.8776,      0.0196,      0.0013,      0.1480,      0.2140,   8013.3730,-421402.0000,   -910.4619,    560.9669,  26711.2422,
       1,     170,     323,      10,       1,       3,       1,     10.0000,      1.4172,     42.8570,    253.0750,     63.6891,      3.4953,      0.1681,      0.1343,     45.6297,      0.1866,      5.6840,     11.3680,      1.6489,     29.4388,     58.8776,      0.0196,      0.0026,      0.2132,      0.2140,   8013.3730,-440648.6250,   -914.6234,    559.6172,  26711.2422,
       1,     170,     323,      11,       1,       3,       1,     10.0000,      1.4172,     42.8570,    253.0750,     63.6891,      3.4953,      0.1810,      0.1466,     66.7941,      0.2079,      5.6840,     11.3680,      1.8367,     29.4388,     58.8776,      0.0196,      0.0035,      0.2296,      0.2140,   8013.3730,-476863.2500,   -922.7543,    557.0856,  26711.2422,
       1,     170,     323,      12,       1,       3,       1,     10.0000,      1.4172,     42.8570,    253.0750,     63.6891,      3.4953,      0.1423,      0.1083,     30.5280,      0.1911,      5.6840,     11.3680,      1.6886,     29.4388,     58.8776,      0.0196,      0.0021,      0.1780,      0.2139,   8013.3730,-505097.3438,   -929.9336,    555.1252,  26711.2422,
       1,     170,     323,      13,       1,       3,       1,     10.0000,      1.4172,     42.8570,    253.0750,     63.6891,      3.4953,      0.1778,      0.1438,     37.3315,      0.1955,      5.6840,     11.3680,      1.7276,     29.4388,     58.8776,      0.0196,      0.0020,      0.2282,      0.2139,   8013.3730,-464242.4688,   -920.6022,    557.9636,  26711.2441,
       1,     170,     323,      14,       1,       3,       1,     10.0000,      1.4172,     42.8570,    253.0750,     63.6891,      3.4953,      0.0441,      0.0111,      2.0278,      0.1616,      5.6840,     11.3680,      1.4281,     29.4388,     58.8776,      0.0196,      0.0006,      0.0415,      0.2139,   8013.3735,-468963.2500,   -920.3588,    557.6415,  26711.2422,
       1,     170,     323,      15,       1,       3,       1,     10.0000,      1.4172,     42.8570,    253.0750,     63.6891,      3.4953,      0.0091,     -0.0230,      0.3347,      0.1389,      5.6840,     11.3680,      1.2277,     29.4388,     58.8776,      0.0196,      0.0003,      0.0156,      0.2139,   8013.3730,-427311.7188,   -911.3608,    560.5450,  26711.2422,
       1,     170,     323,      16,       1,       3,       1,     10.0000,      1.4172,     42.8570,    253.0750,     63.6891,      3.4953,      0.0101,     -0.0216,      0.3061,      0.1285,      5.6840,     11.3680,      1.1353,     29.4388,     58.8776,      0.0196,      0.0002,      0.0156,      0.2140,   8013.3730,-421849.7500,   -910.1965,    560.9352,  26711.2422,
       1,     170,     323,      17,       1,       3,       1,     10.0000,      1.4172,     42.8570,    253.0750,     63.6891,      3.4953,      0.0241,     -0.0077,      0.2909,      0.1298,      5.6840,     11.3680,      1.1469,     29.4388,     58.8776,      0.0196,      0.0002,      0.0147,      0.2140,   8013.3730,-421351.4688,   -910.1008,    560.9703,  26711.2422,
       1,     170,     323,      18,       1,       3,       1,     10.0000,      1.4172,     42.8570,    253.0750,     63.6891,      3.4953,      0.0348,      0.0030,      0.5911,      0.1299,      5.6840,     11.3680,      1.1481,     29.4388,     58.8776,      0.0196,      0.0002,      0.0297,      0.2140,   8013.3730,-421291.6250,   -910.1226,    560.9746,  26711.2422,
       1,     170,     323,      19,       1,       3,       1,     10.0000,      1.4172,     42.8570,    253.0750,     63.6891,      3.4953,      0.0108,     -0.0211,      0.3180,      0.1329,      5.6840,     11.3680,      1.1741,     29.4388,     58.8776,      0.0196,      0.0002,      0.0156,      0.2140,   8013.3730,-421643.7188,   -910.2977,    560.9498,  26711.2402,
       1,     170,     323,      20,       1,       3,       1,     10.0000,      1.4172,     42.8570,    253.0750,     63.6891,      3.4953,      0.0003,     -0.0317,      0.3195,      0.1334,      5.6840,     11.3680,      1.1788,     29.4388,     58.8776,      0.0196,      0.0002,      0.0156,      0.2140,   8013.3726,-421348.7500,   -910.1122,    560.9706,  26711.2422,
       1,     170,     323,      21,       1,       3,       1,     10.0000,      1.4172,     42.8570,    253.0750,     63.6891,      3.4953,      0.0000,     -0.0319,      0.3158,      0.1321,      5.6840,     11.3680,      1.1669,     29.4388,     58.8776,      0.0196,      0.0002,      0.0156,      0.2140,   8013.3730,-421325.4062,   -910.1094,    560.9722,  26711.2402,
       1,     170,     323,      22,       1,       3,       1,     10.0000,      1.4172,     42.8570,    253.0750,     63.6891,      3.4953,      0.0000,     -0.0319,      0.3203,      0.1337,      5.6840,     11.3680,      1.1812,     29.4388,     58.8776,      0.0196,      0.0002,      0.0156,      0.2140,   8013.3726,-421319.5000,   -910.1107,    560.9726,  26711.2402,
       1,     170,     323,      23,       1,       3,       1,     10.0000,      1.4172,     42.8570,    253.0750,     63.6891,      3.4953,      0.0000,     -0.0321,      0.3301,      0.1373,      5.6840,     11.3680,      1.2128,     29.4388,     58.8776,      0.0196,      0.0003,      0.0156,      0.2140,   8013.3726,-421324.2812,   -910.1132,    560.9723,  26711.2422,
       1,     170,     323,      24,       1,       3,       1,     10.0000,      1.4172,     42.8570,    253.0750,     63.6891,      3.4953,      0.0000,     -0.0321,      0.3339,      0.1386,      5.6840,     11.3680,      1.2252,     29.4388,     58.8776,      0.0196,      0.0003,      0.0156,      0.2140,   8013.3730,-421335.9688,   -910.1162,    560.9714,  26711.2402,
       1,     170,     324,       1,       1,       3,       1,     10.0000,      1.4172,     42.8573,    253.0809,     63.6907,      3.4953,      0.0000,     -0.0321,      0.3320,      0.1380,      5.6854,     11.3708,      1.2190,     29.4215,     58.8431,      0.0196,      0.0003,      0.0156,      0.2140,   8013.3726,-421496.4062,   -910.4078,    560.9736,  26712.4258,
       1,     170,     324,       2,       1,       3,       1,     10.0000,      1.4172,     42.8573,    253.0809,     63.6907,      3.4953,      0.0000,     -0.0321,      0.3312,      0.1377,      5.6854,     11.3708,      1.2165,     29.4215,     58.8431,      0.0196,      0.0003,      0.0156,      0.2140,   8013.7280,-421356.0625,   -910.1296,    560.9834,  26712.4277,
       1,     170,     324,       3,       1,       3,       1,     10.0000,      1.4172,     42.8573,    253.0809,     63.6907,      3.4953,      0.0000,     -0.0322,      0.3359,      0.1394,      5.6854,     11.3708,      1.2314,     29.4215,     58.8431,      0.0196,      0.0003,      0.0156,      0.2140,   8013.7285,-421343.0625,   -910.1283,    560.9843,  26712.4277,
       1,     170,     324,       4,       1,       3,       1,     10.0000,      1.4172,     42.8573,    253.0809,     63.6907,      3.4953,      0.0000,     -0.0322,      0.3370,      0.1398,      5.6854,     11.3708,      1.2352,     29.4215,     58.8431,      0.0196,      0.0003,      0.0156,      0.2140,   8013.7285,-421347.5938,   -910.1307,    560.9839,  26712.4277,
       1,     170,     324,       5,       1,       3,       1,     10.0000,      1.4172,     42.8573,    253.0809,     63.6907,      3.4953,      0.0000,     -0.0321,      0.3328,      0.1382,      5.6854,     11.3708,      1.2215,     29.4215,     58.8431,      0.0196,      0.0003,      0.0156,      0.2140,   8013.7285,-421349.3438,   -910.1324,    560.9838,  26712.4258,
       1,     170,     324,       6,       1,       3,       1,     10.0000,      1.4172,     42.8573,    253.0809,     63.6907,      3.4953,      0.0000,     -0.0320,      0.3278,      0.1364,      5.6854,     11.3708,      1.2055,     29.4215,     58.8431,      0.0196,      0.0003,      0.0156,      0.2140,   8013.7280,-421344.7188,   -910.0817,    560.9841,  26712.4277,
       1,     170,     324,       7,       1,       3,       1,     10.0000,      1.4172,     42.8573,    253.0809,     63.6907,      3.4953,      0.0000,     -0.0318,      0.3129,      0.1310,      5.6854,     11.3708,      1.1575,     29.4215,     58.8431,      0.0196,      0.0002,      0.0156,      0.2140,   8013.7285,-421338.0938,   -910.0798,    560.9846,  26712.4277,
       1,     170,     324,       8,       1,       3,       1,     10.0000,      1.4172,     42.8573,    253.0809,     63.6907,      3.4953,      0.0071,     -0.0247,      0.3140,      0.1314,      5.6854,     11.3708,      1.1610,     29.4215,     58.8431,      0.0196,      0.0002,      0.0156,      0.2140,   8013.7285,-421319.8750,   -910.0764,    560.9858,  26712.4277,
       1,     170,     324,       9,       1,       3,       1,     10.0000,      1.4172,     42.8573,    253.0809,     63.6907,      3.4953,      0.0435,      0.0115,      0.8782,      0.1364,      5.6854,     11.3708,      1.2055,     29.4215,     58.8431,      0.0196,      0.0003,      0.0418,      0.2140,   8013.7285,-421319.6875,   -910.1002,    560.9859,  26712.4277,
       1,     170,     324,      10,       1,       3,       1,     10.0000,      1.4172,     42.8573,    253.0809,     63.6907,      3.4953,      0.0751,      0.0429,      1.8966,      0.1419,      5.6854,     11.3708,      1.2541,     29.4215,     58.8431,      0.0196,      0.0003,      0.0863,      0.2140,   8013.7285,-421990.8438,   -910.3181,    560.9388,  26712.4258,
       1,     170,     324,      11,       1,       3,       1,     10.0000,      1.4172,     42.8573,    253.0809,     63.6907,      3.4953,      0.1623,      0.1296,     10.0617,      0.1545,      5.6854,     11.3708,      1.3650,     29.4215,     58.8431,      0.0196,      0.0006,      0.2089,      0.2140,   8013.7280,-423258.8750,   -910.7239,    560.8499,  26712.4277,
       1,     170,     324,      12,       1,       3,       1,     10.0000,      1.4172,     42.8573,    253.0809,     63.6907,      3.4953,      0.1649,      0.1318,     21.2325,      0.1639,      5.6854,     11.3708,      1.4483,     29.4215,     58.8431,      0.0196,      0.0012,      0.2113,      0.2140,   8013.7285,-433079.1562,   -913.3174,    560.1615,  26712.4258,
       1,     170,     324,      13,       1,       3,       1,     10.0000,      1.4172,     42.8573,    253.0809,     63.6907,      3.4953,      0.1905,      0.1569,     37.8204,      0.1818,      5.6854,     11.3708,      1.6068,     29.4215,     58.8431,      0.0196,      0.0019,      0.2462,      0.2140,   8013.7280,-447192.1875,   -916.8457,    559.1737,  26712.4277,
       1,     170,     324,      14,       1,       3,       1,     10.0000,      1.4172,     42.8573,    253.0809,     63.6907,      3.4953,      0.1952,      0.1610,     65.1736,      0.1992,      5.6854,     11.3708,      1.7604,     29.4215,     58.8431,      0.0196,      0.0031,      0.2500,      0.2140,   8013.7285,-468112.8125,   -922.2767,    557.7122,  26712.4258,
       1,     170,     324,      15,       1,       3,       1,     10.0000,      1.4172,     42.8573,    253.0809,     63.6907,      3.4953,      0.1910,      0.1569,     62.5749,      0.1971,      5.6854,     11.3708,      1.7413,     29.4215,     58.8431,      0.0196,      0.0031,      0.2442,      0.2140,   8013.7280,-502425.3125,   -931.0649,    555.3221,  26712.4277,
       1,     170,     324,      16,       1,       3,       1,     10.0000,      1.4172,     42.8573,    253.0809,     63.6907,      3.4953,      0.1563,      0.1224,     48.7369,      0.1898,      5.6854,     11.3708,      1.6770,     29.4215,     58.8431,      0.0196,      0.0030,      0.1961,      0.2139,   8013.7285,-502195.9062,   -932.5809,    555.3431,  26712.4277,
       1,     170,     324,      17,       1,       3,       1,     10.0000,      1.4172,     42.8573,    253.0809,     63.6907,      3.4953,      0.1065,      0.0727,     25.4475,      0.1859,      5.6854,     11.3708,      1.6424,     29.4215,     58.8431,      0.0196,      0.0024,      0.1274,      0.2139,   8013.7285,-485687.4062,   -930.4407,    556.4891,  26712.4277,
       1,     170,     324,      18,       1,       3,       1,     10.0000,      1.4172,     42.8573,    253.0809,     63.6907,      3.4953,      0.0800,      0.0466,     15.0726,      0.1739,      5.6854,     11.3708,      1.5363,     29.4215,     58.8431,      0.0196,      0.0020,      0.0909,      0.2139,   8013.7285,-456584.0625,   -925.4975,    558.5148,  26712.4277,
       1,     170,     324,      19,       1,       3,       1,     10.0000,      1.4172,     42.8573,    253.0809,     63.6907,      3.4953,      0.0241,     -0.0091,      1.7273,      0.1660,      5.6854,     11.3708,      1.4673,     29.4215,     58.8431,      0.0196,      0.0016,      0.0129,      0.2140,   8013.7285,-441822.6875,   -923.0546,    559.5491,  26712.4277,
       1,     170,     324,      20,       1,       3,       1,     10.0000,      1.4172,     42.8573,    253.0809,     63.6907,      3.4953,      0.0002,     -0.0328,      1.7290,      0.1618,      5.6854,     11.3708,      1.4295,     29.4215,     58.8431,      0.0196,      0.0013,      0.0156,      0.2140,   8013.7285,-424709.3125,   -919.9800,    560.7470,  26712.4277,
       1,     170,     324,      21,       1,       3,       1,     10.0000,      1.4172,     42.8573,    253.0809,     63.6907,      3.4953,      0.0000,     -0.0329,      1.6224,      0.1587,      5.6854,     11.3708,      1.4025,     29.4215,     58.8431,      0.0196,      0.0013,      0.0156,      0.2140,   8013.7285,-423287.3125,   -919.7968,    560.8480,  26712.4258,
       1,     170,     324,      22,       1,       3,       1,     10.0000,      1.4172,     42.8573,    253.0809,     63.6907,      3.4953,      0.0000,     -0.0327,      1.1848,      0.1549,      5.6854,     11.3708,      1.3691,     29.4215,     58.8431,      0.0196,      0.0009,      0.0156,      0.2140,   8013.7280,-423040.7500,   -919.8197,    560.8652,  26712.4277,
       1,     170,     324,      23,       1,       3,       1,     10.0000,      1.4172,     42.8573,    253.0809,     63.6907,      3.4953,      0.0000,     -0.0327,      0.7067,      0.1535,      5.6854,     11.3708,      1.3568,     29.4215,     58.8431,      0.0196,      0.0005,      0.0156,      0.2140,   8013.7285,-422499.2812,   -919.7605,    560.9031,  26712.4277,
       1,     170,     324,      24,       1,       3,       1,     10.0000,      1.4172,     42.8573,    253.0809,     63.6907,      3.4953,      0.0000,     -0.0327,      0.6386,      0.1549,      5.6854,     11.3708,      1.3691,     29.4215,     58.8431,      0.0196,      0.0005,      0.0156,      0.2140,   8013.7285,-421885.2188,   -919.6627,    560.9462,  26712.4297,
       1,     170,     325,       1,       1,       3,       1,     10.0000,      1.4173,     42.8577,    253.0868,     63.6922,      3.4953,      0.0000,     -0.0325,      0.3584,      0.1475,      5.6844,     11.3688,      1.3032,     29.4155,     58.8311,      0.0196,      0.0003,      0.0156,      0.2140,   8013.7290,-421907.0000,   -919.9498,    560.9579,  26713.6133,
       1,     170,     325,       2,       1,       3,       1,     10.0000,      1.4173,     42.8577,    253.0868,     63.6922,      3.4953,      0.0000,     -0.0325,      0.3617,      0.1487,      5.6844,     11.3688,      1.3138,     29.4155,     58.8311,      0.0196,      0.0003,      0.0156,      0.2140,   8014.0845,-421424.3125,   -919.5977,    560.9918,  26713.6133,
       1,     170,     325,       3,       1,       3,       1,     10.0000,      1.4173,     42.8577,    253.0868,     63.6922,      3.4953,      0.0000,     -0.0325,      0.4274,      0.1484,      5.6844,     11.3688,      1.3111,     29.4155,     58.8311,      0.0196,      0.0003,      0.0156,      0.2140,   8014.0845,-421387.9688,   -919.5927,    560.9943,  26713.6133,
       1,     170,     325,       4,       1,       3,       1,     10.0000,      1.4173,     42.8577,    253.0868,     63.6922,      3.4953,      0.0000,     -0.0324,      0.3538,      0.1459,      5.6844,     11.3688,      1.2888,     29.4155,     58.8311,      0.0196,      0.0003,      0.0156,      0.2140,   8014.0845,-421463.1250,   -919.6127,    560.9890,  26713.6152,
       1,     170,     325,       5,       1,       3,       1,     10.0000,      1.4173,     42.8577,    253.0868,     63.6922,      3.4953,      0.0000,     -0.0324,      0.3571,      0.1470,      5.6844,     11.3688,      1.2993,     29.4155,     58.8311,      0.0196,      0.0003,      0.0156,      0.2140,   8014.0850,-421381.6875,   -919.5988,    560.9947,  26713.6133,
       1,     170,     325,       6,       1,       3,       1,     10.0000,      1.4173,     42.8577,    253.0868,     63.6922,      3.4953,      0.0000,     -0.0324,      0.3547,      0.1461,      5.6844,     11.3688,      1.2914,     29.4155,     58.8311,      0.0196,      0.0003,      0.0156,      0.2140,   8014.0845,-421379.0625,   -919.6003,    560.9949,  26713.6133,
       1,     170,     325,       7,       1,       3,       1,     10.0000,      1.4173,     42.8577,    253.0868,     63.6922,      3.4953,      0.0000,     -0.0324,      0.4493,      0.1469,      5.6844,     11.3688,      1.2979,     29.4155,     58.8311,      0.0196,      0.0003,      0.0156,      0.2140,   8014.0845,-421375.8438,   -919.6015,    560.9951,  26713.6152,
       1,     170,     325,       8,       1,       3,       1,     10.0000,      1.4173,     42.8577,    253.0868,     63.6922,      3.4953,      0.0067,     -0.0258,      0.6928,      0.1469,      5.6844,     11.3688,      1.2979,     29.4155,     58.8311,      0.0196,      0.0005,      0.0156,      0.2140,   8014.0850,-421488.0938,   -919.6298,    560.9873,  26713.6113,
       1,     170,     325,       9,       1,       3,       1,     10.0000,      1.4173,     42.8577,    253.0868,     63.6922,      3.4953,      0.0692,      0.0367,      2.5558,      0.1487,      5.6844,     11.3688,      1.3138,     29.4155,     58.8311,      0.0196,      0.0004,      0.0776,      0.2140,   8014.0835,-421787.4062,   -919.7194,    560.9663,  26713.6113,
       1,     170,     325,      10,       1,       3,       1,     10.0000,      1.4173,     42.8577,    253.0868,     63.6922,      3.4953,      0.1005,      0.0678,      9.1654,      0.1554,      5.6844,     11.3688,      1.3733,     29.4155,     58.8311,      0.0196,      0.0009,      0.1212,      0.2140,   8014.0835,-424028.5938,   -920.2465,    560.8091,  26713.6133,
       1,     170,     325,      11,       1,       3,       1,     10.0000,      1.4173,     42.8577,    253.0868,     63.6922,      3.4953,      0.1506,      0.1174,     19.2787,      0.1676,      5.6844,     11.3688,      1.4806,     29.4155,     58.8311,      0.0196,      0.0012,      0.1912,      0.2140,   8014.0845,-432078.6250,   -921.9938,    560.2449,  26713.6113,
       1,     170,     325,      12,       1,       3,       1,     10.0000,      1.4173,     42.8577,    253.0868,     63.6922,      3.4953,      0.1757,      0.1420,     41.1415,      0.1848,      5.6844,     11.3688,      1.6326,     29.4155,     58.8311,      0.0196,      0.0022,      0.2247,      0.2140,   8014.0835,-444783.6875,   -924.8859,    559.3554,  26713.6133,
       1,     170,     325,      13,       1,       3,       1,     10.0000,      1.4173,     42.8577,    253.0868,     63.6922,      3.4953,      0.1846,      0.1507,     49.2492,      0.1907,      5.6844,     11.3688,      1.6853,     29.4155,     58.8311,      0.0196,      0.0025,      0.2365,      0.2140,   8014.0845,-471860.9062,   -930.7958,    557.4628,  26713.6133,
       1,     170,     325,      14,       1,       3,       1,     10.0000,      1.4173,     42.8577,    253.0868,     63.6922,      3.4953,      0.1899,      0.1555,     73.1987,      0.2064,      5.6844,     11.3688,      1.8242,     29.4155,     58.8311,      0.0196,      0.0037,      0.2415,      0.2140,   8014.0845,-483775.9062,   -933.8890,    556.6358,  26713.6133,
       1,     170,     325,      15,       1,       3,       1,     10.0000,      1.4173,     42.8577,    253.0868,     63.6922,      3.4953,      0.1218,      0.0890,      6.3795,      0.1559,      5.6844,     11.3688,      1.3774,     29.4155,     58.8311,      0.0196,      0.0005,      0.1517,      0.2140,   8014.0845,-513281.5312,   -929.0494,    554.5834,  26713.6133,
       1,     170,     325,      16,       1,       3,       1,     10.0000,      1.4173,     42.8577,    253.0868,     63.6922,      3.4953,      0.1208,      0.0884,      3.9830,      0.1460,      5.6844,     11.3688,      1.2901,     29.4155,     58.8311,      0.0196,      0.0003,      0.1507,      0.2139,   8014.0845,-436146.9062,   -913.1744,    559.9344,  26713.6152,
       1,     170,     325,      17,       1,       3,       1,     10.0000,      1.4173,     42.8577,    253.0868,     63.6922,      3.4953,      0.0270,     -0.0056,      0.4187,      0.1502,      5.6844,     11.3688,      1.3271,     29.4155,     58.8311,      0.0196,      0.0003,      0.0179,      0.2140,   8014.0850,-426953.6250,   -911.8975,    560.6038,  26713.6133,
       1,     170,     325,      18,       1,       3,       1,     10.0000,      1.4173,     42.8577,    253.0868,     63.6922,      3.4953,      0.0670,      0.0346,      1.9576,      0.1467,      5.6844,     11.3688,      1.2966,     29.4155,     58.8311,      0.0196,      0.0003,      0.0746,      0.2140,   8014.0845,-421917.2500,   -910.2623,    560.9571,  26713.6152,
       1,     170,     325,      19,       1,       3,       1,     10.0000,      1.4173,     42.8577,    253.0868,     63.6922,      3.4953,      0.0196,     -0.0127,      0.2852,      0.1457,      5.6844,     11.3688,      1.2875,     29.4155,     58.8311,      0.0196,      0.0004,      0.0076,      0.2140,   8014.0850,-423327.5938,   -910.7318,    560.8583,  26713.6133,
       1,     170,     325,      20,       1,       3,       1,     10.0000,      1.4173,     42.8577,    253.0868,     63.6922,      3.4953,      0.0004,     -0.0320,      0.3632,      0.1473,      5.6844,     11.3688,      1.3019,     29.4155,     58.8311,      0.0196,      0.0003,      0.0156,      0.2140,   8014.0845,-421455.8125,   -910.4766,    560.9896,  26713.6133,
       1,     170,     325,      21,       1,       3,       1,     10.0000,      1.4173,     42.8577,    253.0868,     63.6922,      3.4953,      0.0000,     -0.0325,      0.3646,      0.1497,      5.6844,     11.3688,      1.3231,     29.4155,     58.8311,      0.0196,      0.0003,      0.0156,      0.2140,   8014.0845,-421392.4688,   -910.4687,    560.9940,  26713.6133,
       1,     170,     325,      22,       1,       3,       1,     10.0000,      1.4173,     42.8577,    253.0868,     63.6922,      3.4953,      0.0000,     -0.0326,      0.3718,      0.1523,      5.6844,     11.3688,      1.3459,     29.4155,     58.8311,      0.0196,      0.0003,      0.0156,      0.2140,   8014.0845,-421388.8125,   -910.4698,    560.9943,  26713.6133,
       1,     170,     325,      23,       1,       3,       1,     10.0000,      1.4173,     42.8577,    253.0868,     63.6922,      3.4953,      0.0000,     -0.0327,      0.3736,      0.1529,      5.6844,     11.3688,      1.3514,     29.4155,     58.8311,      0.0196,      0.0003,      0.0156,      0.2140,   8014.0845,-421397.0938,   -910.4731,    560.9937,  26713.6133,
       1,     170,     325,      24,       1,       3,       1,     10.0000,      1.4173,     42.8577,    253.0868,     63.6922,      3.4953,      0.0000,     -0.0327,      0.3825,      0.1542,      5.6844,     11.3688,      1.3623,     29.4155,     58.8311,      0.0196,      0.0003,      0.0156,      0.2140,   8014.0845,-421399.9062,   -910.4754,    560.9935,  26713.6133,
       1,     170,     326,       1,       1,       3,       1,     10.0000,      1.4173,     42.8580,    253.0928,     63.6937,      3.4953,      0.0000,     -0.0325,      0.3651,      0.1499,      5.6851,     11.3702,      1.3244,     29.4057,     58.8114,      0.0196,      0.0003,      0.0156,      0.2140,   8014.0845,-421565.4062,   -910.7689,    560.9951,  26714.8027,
       1,     170,     326,       2,       1,       3,       1,     10.0000,      1.4173,     42.8580,    253.0928,     63.6937,      3.4953,      0.0000,     -0.0325,      0.3625,      0.1490,      5.6851,     11.3702,      1.3164,     29.4057,     58.8114,      0.0196,      0.0003,      0.0156,      0.2140,   8014.4409,-421406.7812,   -910.4863,    561.0062,  26714.8027,
       1,     170,     326,       3,       1,       3,       1,     10.0000,      1.4173,     42.8580,    253.0928,     63.6937,      3.4953,      0.0000,     -0.0324,      0.3547,      0.1461,      5.6851,     11.3702,      1.2914,     29.4057,     58.8114,      0.0196,      0.0003,      0.0156,      0.2140,   8014.4409,-421390.5938,   -910.0884,    561.0073,  26714.8027,
       1,     170,     326,       4,       1,       3,       1,     10.0000,      1.4173,     42.8580,    253.0928,     63.6937,      3.4953,      0.0000,     -0.0324,      0.3526,      0.1454,      5.6851,     11.3702,      1.2849,     29.4057,     58.8114,      0.0196,      0.0003,      0.0156,      0.2140,   8014.4409,-421379.8750,   -910.0881,    561.0081,  26714.8047,
       1,     170,     326,       5,       1,       3,       1,     10.0000,      1.4173,     42.8580,    253.0928,     63.6937,      3.4953,      0.0000,     -0.0325,      0.3604,      0.1482,      5.6851,     11.3702,      1.3098,     29.4057,     58.8114,      0.0196,      0.0003,      0.0156,      0.2140,   8014.4419,-421376.4062,   -910.0853,    561.0084,  26714.8027,
       1,     170,     326,       6,       1,       3,       1,     10.0000,      1.4173,     42.8580,    253.0928,     63.6937,      3.4953,      0.0000,     -0.0323,      0.3486,      0.1440,      5.6851,     11.3702,      1.2720,     29.4057,     58.8114,      0.0196,      0.0003,      0.0156,      0.2140,   8014.4409,-421385.5000,   -910.0890,    561.0076,  26714.8027,
       1,     170,     326,       7,       1,       3,       1,     10.0000,      1.4173,     42.8580,    253.0928,     63.6937,      3.4953,      0.0000,     -0.0322,      0.3410,      0.1412,      5.6851,     11.3702,      1.2478,     29.4057,     58.8114,      0.0196,      0.0003,      0.0156,      0.2140,   8014.4409,-421372.2500,   -910.0886,    561.0086,  26714.8047,
       1,     170,     326,       8,       1,       3,       1,     10.0000,      1.4173,     42.8580,    253.0928,     63.6937,      3.4953,      0.0077,     -0.0245,      0.3371,      0.1398,      5.6851,     11.3702,      1.2352,     29.4057,     58.8114,      0.0196,      0.0003,      0.0156,      0.2140,   8014.4419,-421361.8438,   -910.0882,    561.0093,  26714.8027,
       1,     170,     326,       9,       1,       3,       1,     10.0000,      1.4173,     42.8580,    253.0928,     63.6937,      3.4953,      0.0864,      0.0539,      2.8213,      0.1479,      5.6851,     11.3702,      1.3072,     29.4057,     58.8114,      0.0196,      0.0003,      0.1020,      0.2140,   8014.4409,-421356.5938,   -910.1115,    561.0098,  26714.8008,
       1,     170,     326,      10,       1,       3,       1,     10.0000,      1.4173,     42.8580,    253.0928,     63.6937,      3.4953,      0.1519,      0.1187,     20.1794,      0.1709,      5.6851,     11.3702,      1.5105,     29.4057,     58.8114,      0.0196,      0.0013,      0.1930,      0.2140,   8014.4404,-424311.1562,   -911.0046,    560.8026,  26714.8027,
       1,     170,     326,      11,       1,       3,       1,     10.0000,      1.4173,     42.8580,    253.0928,     63.6937,      3.4953,      0.1618,      0.1280,     37.0898,      0.1879,      5.6851,     11.3702,      1.6605,     29.4057,     58.8114,      0.0196,      0.0022,      0.2052,      0.2140,   8014.4409,-445205.4062,   -915.8660,    559.3378,  26714.8027,
       1,     170,     326,      12,       1,       3,       1,     10.0000,      1.4173,     42.8580,    253.0928,     63.6937,      3.4953,      0.1898,      0.1557,     53.7368,      0.1980,      5.6851,     11.3702,      1.7501,     29.4057,     58.8114,      0.0196,      0.0027,      0.2435,      0.2140,   8014.4409,-467074.0312,   -921.2168,    557.8108,  26714.8027,
       1,     170,     326,      13,       1,       3,       1,     10.0000,      1.4173,     42.8580,    253.0928,     63.6937,      3.4953,      0.1946,      0.1602,     67.6839,      0.2087,      5.6851,     11.3702,      1.8441,     29.4057,     58.8114,      0.0196,      0.0033,      0.2489,      0.2140,   8014.4409,-488712.6250,   -927.1859,    556.3041,  26714.8027,
       1,     170,     326,      14,       1,       3,       1,     10.0000,      1.4173,     42.8580,    253.0928,     63.6937,      3.4953,      0.1864,      0.1528,     38.6260,      0.1831,      5.6851,     11.3702,      1.6181,     29.4057,     58.8114,      0.0196,      0.0019,      0.2403,      0.2140,   8014.4409,-507121.9688,   -932.6239,    555.0259,  26714.8027,
       1,     170,     326,      15,       1,       3,       1,     10.0000,      1.4173,     42.8580,    253.0928,     63.6937,      3.4953,      0.0251,     -0.0074,      0.3514,      0.1482,      5.6851,     11.3702,      1.3098,     29.4057,     58.8114,      0.0196,      0.0003,      0.0152,      0.2140,   8014.4409,-474046.4062,   -921.1661,    557.3222,  26714.8027,
       1,     170,     326,      16,       1,       3,       1,     10.0000,      1.4173,     42.8580,    253.0928,     63.6937,      3.4953,      0.0102,     -0.0220,      0.3402,      0.1409,      5.6851,     11.3702,      1.2453,     29.4057,     58.8114,      0.0196,      0.0003,      0.0156,      0.2140,   8014.4409,-425748.3438,   -910.9747,    560.6917,  26714.7969,
       1,     170,     326,      17,       1,       3,       1,     10.0000,      1.4173,     42.8580,    253.0928,     63.6937,      3.4953,      0.0085,     -0.0237,      0.3394,      0.1406,      5.6851,     11.3702,      1.2428,     29.4057,     58.8114,      0.0196,      0.0003,      0.0156,      0.2140,   8014.4395,-421738.7812,   -910.1817,    560.9828,  26714.8027,
       1,     170,     326,      18,       1,       3,       1,     10.0000,      1.4173,     42.8580,    253.0928,     63.6937,      3.4953,      0.0091,     -0.0230,      0.3343,      0.1388,      5.6851,     11.3702,      1.2265,     29.4057,     58.8114,      0.0196,      0.0003,      0.0156,      0.2140,   8014.4409,-421390.8438,   -910.1086,    561.0073,  26714.8047,
       1,     170,     326,      19,       1,       3,       1,     10.0000,      1.4173,     42.8580,    253.0928,     63.6937,      3.4953,      0.0082,     -0.0239,      0.3301,      0.1373,      5.6851,     11.3702,      1.2129,     29.4057,     58.8114,      0.0196,      0.0003,      0.0156,      0.2140,   8014.4419,-421355.4688,   -910.1050,    561.0098,  26714.8027,
       1,     170,     326,      20,       1,       3,       1,     10.0000,      1.4173,     42.8580,    253.0928,     63.6937,      3.4953,      0.0004,     -0.0318,      0.3363,      0.1395,      5.6851,     11.3702,      1.2327,     29.4057,     58.8114,      0.0196,      0.0003,      0.0156,      0.2140,   8014.4409,-421347.7500,   -910.1013,    561.0104,  26714.8027,
       1,     170,     326,      21,       1,       3,       1,     10.0000,      1.4173,     42.8580,    253.0928,     63.6937,      3.4953,      0.0000,     -0.0321,      0.3355,      0.1392,      5.6851,     11.3702,      1.2302,     29.4057,     58.8114,      0.0196,      0.0003,      0.0156,      0.2140,   8014.4409,-421354.3750,   -910.1050,    561.0099,  26714.8027,
       1,     170,     326,      22,       1,       3,       1,     10.0000,      1.4173,     42.8580,    253.0928,     63.6937,      3.4953,      0.0000,     -0.0322,      0.3422,      0.1416,      5.6851,     11.3702,      1.2516,     29.4057,     58.8114,      0.0196,      0.0003,      0.0156,      0.2140,   8014.4409,-421354.0625,   -910.1066,    561.0099,  26714.8027,
       1,     170,     326,      23,       1,       3,       1,     10.0000,      1.4173,     42.8580,    253.0928,     63.6937,      3.4953,      0.0000,     -0.0325,      0.3621,      0.1488,      5.6851,     11.3702,      1.3151,     29.4057,     58.8114,      0.0196,      0.0003,      0.0156,      0.2140,   8014.4409,-421361.9062,   -910.1100,    561.0093,  26714.8047,
       1,     170,     326,      24,       1,       3,       1,     10.0000,      1.4173,     42.8580,    253.0928,     63.6937,      3.4953,      0.0000,     -0.0326,      0.3680,      0.1509,      5.6851,     11.3702,      1.3338,     29.4057,     58.8114,      0.0196,      0.0003,      0.0156,      0.2140,   8014.4419,-421386.1562,   -910.1158,    561.0076,  26714.8027,
       1,     170,     327,       1,       1,       3,       1,     10.0000,      1.4173,     42.8583,    253.0987,     63.6952,      3.4953,      0.0000,     -0.0326,      0.6992,      0.1517,      5.6855,     11.3711,      1.3406,     29.3911,     58.7821,      0.0196,      0.0005,      0.0156,      0.2141,   8014.4409,-421549.6875,   -910.4070,    561.0095,  26715.9844,
       1,     170,     327,       2,       1,       3,       1,     10.0000,      1.4173,     42.8583,    253.0987,     63.6952,      3.4953,      0.0000,     -0.0326,      0.8863,      0.1525,      5.6855,     11.3711,      1.3473,     29.3911,     58.7821,      0.0196,      0.0007,      0.0156,      0.2141,   8014.7954,-421806.2812,   -910.2517,    560.9915,  26715.9883,
       1,     170,     327,       3,       1,       3,       1,     10.0000,      1.4173,     42.8583,    253.0987,     63.6952,      3.4953,      0.0000,     -0.0327,      1.1622,      0.1534,      5.6855,     11.3711,      1.3555,     29.3911,     58.7821,      0.0196,      0.0009,      0.0156,      0.2141,   8014.7969,-422049.7500,   -910.3750,    560.9744,  26715.9883,
       1,     170,     327,       4,       1,       3,       1,     10.0000,      1.4173,     42.8583,    253.0987,     63.6952,      3.4953,      0.0000,     -0.0326,      1.2235,      0.1523,      5.6855,     11.3711,      1.3460,     29.3911,     58.7821,      0.0196,      0.0009,      0.0156,      0.2141,   8014.7969,-422398.2812,   -910.5624,    560.9500,  26715.9883,
       1,     170,     327,       5,       1,       3,       1,     10.0000,      1.4173,     42.8583,    253.0987,     63.6952,      3.4953,      0.0000,     -0.0326,      1.0978,      0.1506,      5.6855,     11.3711,      1.3312,     29.3911,     58.7821,      0.0196,      0.0008,      0.0156,      0.2141,   8014.7969,-422500.2188,   -910.7105,    560.9428,  26715.9883,
       1,     170,     327,       6,       1,       3,       1,     10.0000,      1.4173,     42.8583,    253.0987,     63.6952,      3.4953,      0.0000,     -0.0321,      0.3375,      0.1381,      5.6855,     11.3711,      1.2203,     29.3911,     58.7821,      0.0196,      0.0003,      0.0156,      0.2141,   8014.7969,-422359.2500,   -910.7937,    560.9527,  26715.9902,
       1,     170,     327,       7,       1,       3,       1,     10.0000,      1.4173,     42.8583,    253.0987,     63.6952,      3.4953,      0.0000,     -0.0321,      0.7759,      0.1391,      5.6855,     11.3711,      1.2290,     29.3911,     58.7821,      0.0196,      0.0006,      0.0156,      0.2141,   8014.7974,-421443.0312,   -910.6284,    561.0170,  26715.9883,
       1,     170,     327,       8,       1,       3,       1,     10.0000,      1.4173,     42.8583,    253.0987,     63.6952,      3.4953,      0.0069,     -0.0251,      0.6364,      0.1375,      5.6855,     11.3711,      1.2154,     29.3911,     58.7821,      0.0196,      0.0005,      0.0156,      0.2141,   8014.7969,-421888.1875,   -910.7669,    560.9857,  26715.9883,
       1,     170,     327,       9,       1,       3,       1,     10.0000,      1.4173,     42.8583,    253.0987,     63.6952,      3.4953,      0.1253,      0.0924,     17.7652,      0.1581,      5.6855,     11.3711,      1.3970,     29.3911,     58.7821,      0.0196,      0.0014,      0.1554,      0.2141,   8014.7969,-421759.4688,   -910.8022,    560.9948,  26715.9883,
       1,     170,     327,      10,       1,       3,       1,     10.0000,      1.4173,     42.8583,    253.0987,     63.6952,      3.4953,      0.1791,      0.1453,     58.9322,      0.1857,      5.6855,     11.3711,      1.6408,     29.3911,     58.7821,      0.0196,      0.0031,      0.2275,      0.2141,   8014.7969,-442120.6875,   -915.2974,    559.5670,  26715.9863,
       1,     170,     327,      11,       1,       3,       1,     10.0000,      1.4173,     42.8583,    253.0987,     63.6952,      3.4953,      0.1954,      0.1616,     67.1355,      0.1896,      5.6855,     11.3711,      1.6754,     29.3911,     58.7821,      0.0196,      0.0032,      0.2500,      0.2141,   8014.7964,-492799.3438,   -926.3079,    556.0240,  26715.9883,
       1,     170,     327,      12,       1,       3,       1,     10.0000,      1.4173,     42.8583,    253.0987,     63.6952,      3.4953,      0.1974,      0.1630,     92.9710,      0.2046,      5.6855,     11.3711,      1.8081,     29.3911,     58.7821,      0.0196,      0.0045,      0.2500,      0.2140,   8014.7969,-506813.9375,   -930.7188,    555.0612,  26715.9883,
       1,     170,     327,      13,       1,       3,       1,     10.0000,      1.4173,     42.8583,    253.0987,     63.6952,      3.4953,      0.1990,      0.1643,    114.6807,      0.2164,      5.6855,     11.3711,      1.9126,     29.3911,     58.7821,      0.0196,      0.0055,      0.2500,      0.2140,   8014.7969,-538733.5625,   -938.8232,    552.8473,  26715.9883,
       1,     170,     327,      14,       1,       3,       1,     10.0000,      1.4173,     42.8583,    253.0987,     63.6952,      3.4953,      0.2003,      0.1655,    133.0870,      0.2238,      5.6855,     11.3711,      1.9776,     29.3911,     58.7821,      0.0196,      0.0064,      0.2500,      0.2139,   8014.7969,-567263.7500,   -946.4908,    550.8801,  26715.9883,
       1,     170,     327,      15,       1,       3,       1,     10.0000,      1.4173,     42.8583,    253.0987,     63.6952,      3.4953,      0.1976,      0.1628,    116.5623,      0.2201,      5.6855,     11.3711,      1.9448,     29.3911,     58.7821,      0.0196,      0.0057,      0.2479,      0.2139,   8014.7969,-591579.3750,   -953.3407,    549.2092,  26715.9883,
       1,     170,     327,      16,       1,       3,       1,     10.0000,      1.4173,     42.8583,    253.0987,     63.6952,      3.4953,      0.1890,      0.1546,     93.3753,      0.2066,      5.6855,     11.3711,      1.8261,     29.3911,     58.7821,      0.0196,      0.0047,      0.2379,      0.2139,   8014.7969,-573897.5625,   -951.7262,    550.4257,  26715.9863,
       1,     170,     327,      17,       1,       3,       1,     10.0000,      1.4173,     42.8583,    253.0987,     63.6952,      3.4953,      0.1822,      0.1483,     78.2588,      0.1923,      5.6855,     11.3711,      1.6989,     29.3911,     58.7821,      0.0196,      0.0041,      0.2298,      0.2139,   8014.7964,-544788.1250,   -947.3950,    552.4298,  26715.9883,
       1,     170,     327,      18,       1,       3,       1,     10.0000,      1.4173,     42.8583,    253.0987,     63.6952,      3.4953,      0.1463,      0.1130,     41.8914,      0.1728,      5.6855,     11.3711,      1.5273,     29.3911,     58.7821,      0.0196,      0.0028,      0.1825,      0.2139,   8014.7969,-524368.9375,   -944.4032,    553.8436,  26715.9863,
       1,     170,     327,      19,       1,       3,       1,     10.0000,      1.4173,     42.8583,    253.0987,     63.6952,      3.4953,      0.0606,      0.0276,      9.7502,      0.1652,      5.6855,     11.3711,      1.4601,     29.3911,     58.7821,      0.0196,      0.0018,      0.0642,      0.2140,   8014.7964,-479354.8438,   -936.2040,    556.9617,  26715.9863,
       1,     170,     327,      20,       1,       3,       1,     10.0000,      1.4173,     42.8583,    253.0987,     63.6952,      3.4953,      0.0013,     -0.0317,      2.2888,      0.1626,      5.6855,     11.3711,      1.4368,     29.3911,     58.7821,      0.0196,      0.0018,      0.0156,      0.2140,   8014.7964,-437381.0938,   -928.2471,    559.8927,  26715.9844,
       1,     170,     327,      21,       1,       3,       1,     10.0000,      1.4173,     42.8583,    253.0987,     63.6952,      3.4953,      0.0000,     -0.0329,      2.2242,      0.1594,      5.6855,     11.3711,      1.4083,     29.3911,     58.7821,      0.0196,      0.0017,      0.0156,      0.2141,   8014.7954,-425024.5625,   -925.9229,    560.7653,  26715.9883,
       1,     170,     327,      22,       1,       3,       1,     10.0000,      1.4173,     42.8583,    253.0987,     63.6952,      3.4953,      0.0000,     -0.0328,      1.8547,      0.1567,      5.6855,     11.3711,      1.3844,     29.3911,     58.7821,      0.0196,      0.0014,      0.0156,      0.2141,   8014.7969,-423910.1562,   -925.7651,    560.8440,  26715.9883,
       1,     170,     327,      23,       1,       3,       1,     10.0000,      1.4173,     42.8583,    253.0987,     63.6952,      3.4953,      0.0000,     -0.0328,      1.9165,      0.1568,      5.6855,     11.3711,      1.3858,     29.3911,     58.7821,      0.0196,      0.0015,      0.0156,      0.2141,   8014.7969,-423377.0000,   -925.7025,    560.8813,  26715.9863,
       1,     170,     327,      24,       1,       3,       1,     10.0000,      1.4173,     42.8583,    253.0987,     63.6952,      3.4953,      0.0000,     -0.0326,      0.7693,      0.1523,      5.6855,     11.3711,      1.3460,     29.3911,     58.7821,      0.0196,      0.0006,      0.0156,      0.2141,   8014.7964,-423406.2812,   -911.0710,    560.8793,  26715.9883,
       1,     170,     328,       1,       1,       3,       1,     10.0000,      1.4173,     42.8587,    253.1046,     63.6966,      3.4953,      0.0000,     -0.0325,      0.5237,      0.1493,      5.6843,     11.3686,      1.3192,     29.3968,     58.7936,      0.0196,      0.0004,      0.0156,      0.2141,   8014.7969,-422198.4062,   -911.1686,    560.9771,  26717.1777,
       1,     170,     328,       2,       1,       3,       1,     10.0000,      1.4173,     42.8587,    253.1046,     63.6966,      3.4953,      0.0000,     -0.0325,      0.5196,      0.1481,      5.6843,     11.3686,      1.3086,     29.3968,     58.7936,      0.0196,      0.0004,      0.0156,      0.2141,   8015.1538,-421654.1875,   -910.8397,    561.0153,  26717.1758,
       1,     170,     328,       3,       1,       3,       1,     10.0000,      1.4173,     42.8587,    253.1046,     63.6966,      3.4953,      0.0000,     -0.0326,      0.8106,      0.1525,      5.6843,     11.3686,      1.3474,     29.3968,     58.7936,      0.0196,      0.0006,      0.0156,      0.2141,   8015.1528,-421604.0312,   -910.8539,    561.0189,  26717.1758,
       1,     170,     328,       4,       1,       3,       1,     10.0000,      1.4173,     42.8587,    253.1046,     63.6966,      3.4953,      0.0000,     -0.0316,      0.3993,      0.1255,      5.6843,     11.3686,      1.1091,     29.3968,     58.7936,      0.0196,      0.0003,      0.0156,      0.2141,   8015.1528,-421945.8438,   -910.2474,    560.9948,  26717.1777,
       1,     170,     328,       5,       1,       3,       1,     10.0000,      1.4173,     42.8587,    253.1046,     63.6966,      3.4953,      0.0000,     -0.0323,      1.3176,      0.1434,      5.6843,     11.3686,      1.2669,     29.3968,     58.7936,      0.0196,      0.0010,      0.0156,      0.2141,   8015.1538,-421485.2500,   -910.1197,    561.0272,  26717.1777,
       1,     170,     328,       6,       1,       3,       1,     10.0000,      1.4173,     42.8587,    253.1046,     63.6966,      3.4953,      0.0000,     -0.0322,      0.7374,      0.1402,      5.6843,     11.3686,      1.2391,     29.3968,     58.7936,      0.0196,      0.0006,      0.0156,      0.2141,   8015.1538,-422538.7500,   -910.4683,    560.9532,  26717.1777,
       1,     170,     328,       7,       1,       3,       1,     10.0000,      1.4173,     42.8587,    253.1046,     63.6966,      3.4953,      0.0000,     -0.0322,      0.7696,      0.1416,      5.6843,     11.3686,      1.2517,     29.3968,     58.7936,      0.0196,      0.0006,      0.0156,      0.2141,   8015.1538,-421936.7188,   -910.4219,    560.9955,  26717.1758,
       1,     170,     328,       8,       1,       3,       1,     10.0000,      1.4173,     42.8587,    253.1046,     63.6966,      3.4953,      0.0091,     -0.0233,      0.8394,      0.1454,      5.6843,     11.3686,      1.2850,     29.3968,     58.7936,      0.0196,      0.0006,      0.0156,      0.2141,   8015.1528,-421925.0000,   -910.4854,    560.9963,  26717.1777,
       1,     170,     328,       9,       1,       3,       1,     10.0000,      1.4173,     42.8587,    253.1046,     63.6966,      3.4953,      0.1347,      0.1018,     22.4960,      0.1610,      5.6843,     11.3686,      1.4225,     29.3968,     58.7936,      0.0196,      0.0016,      0.1682,      0.2141,   8015.1538,-422006.7188,   -910.5944,    560.9906,  26717.1777,
       1,     170,     328,      10,       1,       3,       1,     10.0000,      1.4173,     42.8587,    253.1046,     63.6966,      3.4953,      0.1792,      0.1458,     44.8833,      0.1741,      5.6843,     11.3686,      1.5380,     29.3968,     58.7936,      0.0196,      0.0024,      0.2291,      0.2141,   8015.1538,-447767.9062,   -916.0264,    559.1841,  26717.1777,
       1,     170,     328,      11,       1,       3,       1,     10.0000,      1.4173,     42.8587,    253.1046,     63.6966,      3.4953,      0.1954,      0.1615,     67.0949,      0.1909,      5.6843,     11.3686,      1.6871,     29.3968,     58.7936,      0.0196,      0.0032,      0.2500,      0.2141,   8015.1538,-476556.2188,   -922.6184,    557.1748,  26717.1777,
       1,     170,     328,      12,       1,       3,       1,     10.0000,      1.4173,     42.8587,    253.1046,     63.6966,      3.4953,      0.1972,      0.1630,     90.3923,      0.1992,      5.6843,     11.3686,      1.7606,     29.3968,     58.7936,      0.0196,      0.0044,      0.2500,      0.2140,   8015.1538,-505394.2188,   -929.7971,    555.1699,  26717.1797,
       1,     170,     328,      13,       1,       3,       1,     10.0000,      1.4173,     42.8587,    253.1046,     63.6966,      3.4953,      0.1989,      0.1643,    113.2176,      0.2122,      5.6843,     11.3686,      1.8754,     29.3968,     58.7936,      0.0196,      0.0055,      0.2500,      0.2140,   8015.1543,-535537.1250,   -937.4689,    553.0817,  26717.1797,
       1,     170,     328,      14,       1,       3,       1,     10.0000,      1.4173,     42.8587,    253.1046,     63.6966,      3.4953,      0.1993,      0.1646,    131.5185,      0.2194,      5.6843,     11.3686,      1.9392,     29.3968,     58.7936,      0.0196,      0.0064,      0.2487,      0.2140,   8015.1543,-565239.1875,   -943.1976,    551.0322,  26717.1777,
       1,     170,     328,      15,       1,       3,       1,     10.0000,      1.4173,     42.8587,    253.1046,     63.6966,      3.4953,      0.2008,      0.1658,    159.6320,      0.2265,      5.6843,     11.3686,      2.0010,     29.3968,     58.7936,      0.0196,      0.0078,      0.2477,      0.2139,   8015.1538,-589525.0000,   -950.3616,    549.3632,  26717.1777,
       1,     170,     328,      16,       1,       3,       1,     10.0000,      1.4173,     42.8587,    253.1046,     63.6966,      3.4953,      0.1971,      0.1623,    139.8300,      0.2218,      5.6843,     11.3686,      1.9602,     29.3968,     58.7936,      0.0196,      0.0069,      0.2446,      0.2139,   8015.1538,-625066.3750,   -959.7833,    546.9250,  26717.1797,
       1,     170,     328,      17,       1,       3,       1,     10.0000,      1.4173,     42.8587,    253.1046,     63.6966,      3.4953,      0.1851,      0.1505,    114.4411,      0.2126,      5.6843,     11.3686,      1.8791,     29.3968,     58.7936,      0.0196,      0.0060,      0.2300,      0.2138,   8015.1543,-604410.7500,   -957.9654,    548.3426,  26717.1777,
       1,     170,     328,      18,       1,       3,       1,     10.0000,      1.4173,     42.8587,    253.1046,     63.6966,      3.4953,      0.1563,      0.1222,     78.1951,      0.1969,      5.6843,     11.3686,      1.7398,     29.3968,     58.7936,      0.0196,      0.0049,      0.1927,      0.2139,   8015.1538,-572413.6250,   -953.3532,    550.5376,  26717.1758,
       1,     170,     328,      19,       1,       3,       1,     10.0000,      1.4173,     42.8587,    253.1046,     63.6966,      3.4953,      0.0677,      0.0340,     24.5004,      0.1853,      5.6843,     11.3686,      1.6376,     29.3968,     58.7936,      0.0196,      0.0041,      0.0721,      0.2139,   8015.1528,-526563.7500,   -945.4747,    553.6972,  26717.1758,
       1,     170,     328,      20,       1,       3,       1,     10.0000,      1.4173,     42.8587,    253.1046,     63.6966,      3.4953,      0.0019,     -0.0313,      3.8671,      0.1699,      5.6843,     11.3686,      1.5016,     29.3968,     58.7936,      0.0196,      0.0030,      0.0156,      0.2140,   8015.1528,-458826.7500,   -932.8005,    558.3945,  26717.1758,
       1,     170,     328,      21,       1,       3,       1,     10.0000,      1.4173,     42.8587,    253.1046,     63.6966,      3.4953,      0.0000,     -0.0330,      3.0314,      0.1636,      5.6843,     11.3686,      1.4455,     29.3968,     58.7936,      0.0196,      0.0023,      0.0156,      0.2141,   8015.1528,-428698.1250,   -927.1207,    560.5175,  26717.1758,
       1,     170,     328,      22,       1,       3,       1,     10.0000,      1.4173,     42.8587,    253.1046,     63.6966,      3.4953,      0.0000,     -0.0328,      2.3005,      0.1581,      5.6843,     11.3686,      1.3971,     29.3968,     58.7936,      0.0196,      0.0018,      0.0156,      0.2141,   8015.1528,-425183.1875,   -926.5436,    560.7678,  26717.1758,
       1,     170,     328,      23,       1,       3,       1,     10.0000,      1.4173,     42.8587,    253.1046,     63.6966,      3.4953,      0.0000,     -0.0326,      1.6919,      0.1517,      5.6843,     11.3686,      1.3406,     29.3968,     58.7936,      0.0196,      0.0013,      0.0156,      0.2141,   8015.1528,-424016.2812,   -926.3835,    560.8497,  26717.1758,
       1,     170,     328,      24,       1,       3,       1,     10.0000,      1.4173,     42.8587,    253.1046,     63.6966,      3.4953,      0.0000,     -0.0327,      1.8682,      0.1534,      5.6843,     11.3686,      1.3555,     29.3968,     58.7936,      0.0196,      0.0014,      0.0156,      0.2141,   8015.1528,-423195.0938,   -926.2658,    560.9073,  26717.1758,
       1,     170,     329,       1,       1,       3,       1,     10.0000,      1.4174,     42.8590,    253.1105,     63.6981,      3.4953,      0.0000,     -0.0325,      1.5849,      0.1500,      5.6837,     11.3674,      1.3259,     29.4037,     58.8074,      0.0196,      0.0012,      0.0156,      0.2141,   8015.1528,-423490.0625,   -926.6547,    560.8995,  26718.3633,
       1,     170,     329,       2,       1,       3,       1,     10.0000,      1.4174,     42.8590,    253.1105,     63.6981,      3.4953,      0.0000,     -0.0325,      1.5455,      0.1494,      5.6837,     11.3674,      1.3205,     29.4037,     58.8074,      0.0196,      0.0012,      0.0156,      0.2141,   8015.5093,-423026.6875,   -926.3390,    560.9319,  26718.3633,
       1,     170,     329,       3,       1,       3,       1,     10.0000,      1.4174,     42.8590,    253.1105,     63.6981,      3.4953,      0.0000,     -0.0325,      1.8189,      0.1476,      5.6837,     11.3674,      1.3046,     29.4037,     58.8074,      0.0196,      0.0014,      0.0156,      0.2141,   8015.5093,-422941.3438,   -926.3663,    560.9380,  26718.3613,
       1,     170,     329,       4,       1,       3,       1,     10.0000,      1.4174,     42.8590,    253.1105,     63.6981,      3.4953,      0.0000,     -0.0323,      2.0147,      0.1440,      5.6837,     11.3674,      1.2721,     29.4037,     58.8074,      0.0196,      0.0016,      0.0156,      0.2141,   8015.5088,-423259.3750,   -926.4817,    560.9157,  26718.3633,
       1,     170,     329,       5,       1,       3,       1,     10.0000,      1.4174,     42.8590,    253.1105,     63.6981,      3.4953,      0.0000,     -0.0323,      2.4395,      0.1422,      5.6837,     11.3674,      1.2568,     29.4037,     58.8074,      0.0196,      0.0019,      0.0156,      0.2141,   8015.5093,-423518.4688,   -926.5930,    560.8975,  26718.3652,
       1,     170,     329,       6,       1,       3,       1,     10.0000,      1.4174,     42.8590,    253.1105,     63.6981,      3.4953,      0.0000,     -0.0321,      1.7849,      0.1373,      5.6837,     11.3674,      1.2130,     29.4037,     58.8074,      0.0196,      0.0014,      0.0156,      0.2141,   8015.5098,-424044.9375,   -926.7669,    560.8606,  26718.3633,
       1,     170,     329,       7,       1,       3,       1,     10.0000,      1.4174,     42.8590,    253.1105,     63.6981,      3.4953,      0.0000,     -0.0320,      1.7291,      0.1367,      5.6837,     11.3674,      1.2081,     29.4037,     58.8074,      0.0196,      0.0013,      0.0156,      0.2141,   8015.5093,-423310.8125,   -926.6720,    560.9121,  26718.3652,
       1,     170,     329,       8,       1,       3,       1,     10.0000,      1.4174,     42.8590,    253.1105,     63.6981,      3.4953,      0.0076,     -0.0242,      0.9424,      0.1307,      5.6837,     11.3674,      1.1553,     29.4037,     58.8074,      0.0196,      0.0007,      0.0156,      0.2141,   8015.5098,-423182.9062,   -926.6914,    560.9210,  26718.3633,
       1,     170,     329,       9,       1,       3,       1,     10.0000,      1.4174,     42.8590,    253.1105,     63.6981,      3.4953,      0.1227,      0.0903,     13.9968,      0.1469,      5.6837,     11.3674,      1.2981,     29.4037,     58.8074,      0.0196,      0.0011,      0.1523,      0.2141,   8015.5093,-422237.1875,   -926.5298,    560.9873,  26718.3613,
       1,     170,     329,      10,       1,       3,       1,     10.0000,      1.4174,     42.8590,    253.1105,     63.6981,      3.4953,      0.1779,      0.1444,     54.1314,      0.1779,      5.6837,     11.3674,      1.5722,     29.4037,     58.8074,      0.0196,      0.0029,      0.2263,      0.2141,   8015.5088,-437681.1875,   -929.7234,    559.9044,  26718.3633,
       1,     170,     329,      11,       1,       3,       1,     10.0000,      1.4174,     42.8590,    253.1105,     63.6981,      3.4953,      0.1954,      0.1615,     78.9434,      0.1915,      5.6837,     11.3674,      1.6922,     29.4037,     58.8074,      0.0196,      0.0038,      0.2487,      0.2141,   8015.5093,-486705.1250,   -939.7858,    556.4743,  26718.3633,
       1,     170,     329,      12,       1,       3,       1,     10.0000,      1.4174,     42.8590,    253.1105,     63.6981,      3.4953,      0.1984,      0.1641,    106.8379,      0.2060,      5.6837,     11.3674,      1.8207,     29.4037,     58.8074,      0.0196,      0.0051,      0.2500,      0.2141,   8015.5093,-520345.5000,   -947.0252,    554.1448,  26718.3633,
       1,     170,     329,      13,       1,       3,       1,     10.0000,      1.4174,     42.8590,    253.1105,     63.6981,      3.4953,      0.1989,      0.1642,    113.4815,      0.2154,      5.6837,     11.3674,      1.9033,     29.4037,     58.8074,      0.0196,      0.0055,      0.2500,      0.2140,   8015.5093,-556360.0000,   -954.9327,    551.6550,  26718.3633,
       1,     170,     329,      14,       1,       3,       1,     10.0000,      1.4174,     42.8590,    253.1105,     63.6981,      3.4953,      0.1877,      0.1537,     75.2985,      0.1942,      5.6837,     11.3674,      1.7159,     29.4037,     58.8074,      0.0196,      0.0038,      0.2380,      0.2140,   8015.5093,-567278.2500,   -957.9184,    550.9077,  26718.3633,
       1,     170,     329,      15,       1,       3,       1,     10.0000,      1.4174,     42.8590,    253.1105,     63.6981,      3.4953,      0.1950,      0.1611,     60.9997,      0.1902,      5.6837,     11.3674,      1.6805,     29.4037,     58.8074,      0.0196,      0.0029,      0.2500,      0.2140,   8015.5093,-522675.6250,   -949.6353,    553.9797,  26718.3613,
       1,     170,     329,      16,       1,       3,       1,     10.0000,      1.4174,     42.8590,    253.1105,     63.6981,      3.4953,      0.1938,      0.1600,     69.6342,      0.1863,      5.6837,     11.3674,      1.6458,     29.4037,     58.8074,      0.0196,      0.0034,      0.2472,      0.2140,   8015.5088,-501972.2500,   -945.9274,    555.4220,  26718.3613,
       1,     170,     329,      17,       1,       3,       1,     10.0000,      1.4174,     42.8590,    253.1105,     63.6981,      3.4953,      0.1301,      0.0968,     33.2160,      0.1716,      5.6837,     11.3674,      1.5167,     29.4037,     58.8074,      0.0196,      0.0025,      0.1604,      0.2140,   8015.5088,-510527.6562,   -948.0113,    554.8299,  26718.3594,
       1,     170,     329,      18,       1,       3,       1,     10.0000,      1.4174,     42.8590,    253.1105,     63.6981,      3.4953,      0.0496,      0.0166,      5.5389,      0.1639,      5.6837,     11.3674,      1.4485,     29.4037,     58.8074,      0.0196,      0.0014,      0.0490,      0.2140,   8015.5083,-467876.1875,   -939.6973,    557.7882,  26718.3613,
       1,     170,     329,      19,       1,       3,       1,     10.0000,      1.4174,     42.8590,    253.1105,     63.6981,      3.4953,      0.0383,      0.0054,      2.7292,      0.1613,      5.6837,     11.3674,      1.4254,     29.4037,     58.8074,      0.0196,      0.0010,      0.0333,      0.2141,   8015.5088,-431423.5312,   -932.4499,    560.3377,  26718.3613,
       1,     170,     329,      20,       1,       3,       1,     10.0000,      1.4174,     42.8590,    253.1105,     63.6981,      3.4953,      0.0069,     -0.0257,      0.8359,      0.1503,      5.6837,     11.3674,      1.3285,     29.4037,     58.8074,      0.0196,      0.0006,      0.0156,      0.2141,   8015.5088,-425055.5625,   -931.1845,    560.7896,  26718.3613,
       1,     170,     329,      21,       1,       3,       1,     10.0000,      1.4174,     42.8590,    253.1105,     63.6981,      3.4953,      0.0000,     -0.0325,      0.7749,      0.1475,      5.6837,     11.3674,      1.3033,     29.4037,     58.8074,      0.0196,      0.0006,      0.0156,      0.2141,   8015.5088,-422267.0000,   -930.6283,    560.9852,  26718.3594,
       1,     170,     329,      22,       1,       3,       1,     10.0000,      1.4174,     42.8590,    253.1105,     63.6981,      3.4953,      0.0000,     -0.0326,      0.7883,      0.1517,      5.6837,     11.3674,      1.3406,     29.4037,     58.8074,      0.0196,      0.0006,      0.0156,      0.2141,   8015.5083,-421962.0938,   -930.5699,    561.0067,  26718.3594,
       1,     170,     329,      23,       1,       3,       1,     10.0000,      1.4174,     42.8590,    253.1105,     63.6981,      3.4953,      0.0000,     -0.0330,      1.6391,      0.1621,      5.6837,     11.3674,      1.4326,     29.4037,     58.8074,      0.0196,      0.0013,      0.0156,      0.2141,   8015.5083,-421952.4062,   -930.5703,    561.0073,  26718.3613,
       1,     170,     329,      24,       1,       3,       1,     10.0000,      1.4174,     42.8590,    253.1105,     63.6981,      3.4953,      0.0000,     -0.0326,      0.7937,      0.1517,      5.6837,     11.3674,      1.3406,     29.4037,     58.8074,      0.0196,      0.0006,      0.0156,      0.2141,   8015.5088,-422963.2188,   -930.7752,    560.9364,  26718.3613,
       1,     170,     330,       1,       1,       3,       1,     10.0000,      1.4174,     42.8593,    253.1165,     63.6996,      3.4953,      0.0000,     -0.0324,      0.7055,      0.1468,      5.6846,     11.3692,      1.2968,     29.4053,     58.8106,      0.0196,      0.0005,      0.0156,      0.2142,   8015.5088,-422196.5312,   -930.9072,    561.0034,  26719.5488,
       1,     170,     330,       2,       1,       3,       1,     10.0000,      1.4174,     42.8593,    253.1165,     63.6996,      3.4953,      0.0000,     -0.0322,      0.5160,      0.1395,      5.6846,     11.3692,      1.2329,     29.4053,     58.8106,      0.0196,      0.0004,      0.0156,      0.2142,   8015.8647,-421876.3750,   -930.5659,    561.0258,  26719.5469,
       1,     170,     330,       3,       1,       3,       1,     10.0000,      1.4174,     42.8593,    253.1165,     63.6996,      3.4953,      0.0000,     -0.0320,      0.3496,      0.1352,      5.6846,     11.3692,      1.1947,     29.4053,     58.8106,      0.0196,      0.0003,      0.0156,      0.2142,   8015.8643,-421624.5938,   -930.5173,    561.0435,  26719.5488,
       1,     170,     330,       4,       1,       3,       1,     10.0000,      1.4174,     42.8593,    253.1165,     63.6996,      3.4953,      0.0000,     -0.0320,      0.4207,      0.1362,      5.6846,     11.3692,      1.2032,     29.4053,     58.8106,      0.0196,      0.0003,      0.0156,      0.2142,   8015.8647,-421405.5938,   -930.4746,    561.0589,  26719.5488,
       1,     170,     330,       5,       1,       3,       1,     10.0000,      1.4174,     42.8593,    253.1165,     63.6996,      3.4953,      0.0000,     -0.0321,      0.7155,      0.1370,      5.6846,     11.3692,      1.2106,     29.4053,     58.8106,      0.0196,      0.0006,      0.0156,      0.2142,   8015.8647,-421471.7812,   -930.4891,    561.0543,  26719.5488,
       1,     170,     330,       6,       1,       3,       1,     10.0000,      1.4174,     42.8593,    253.1165,     63.6996,      3.4953,      0.0000,     -0.0321,      0.7721,      0.1383,      5.6846,     11.3692,      1.2217,     29.4053,     58.8106,      0.0196,      0.0006,      0.0156,      0.2142,   8015.8647,-421827.7188,   -930.5623,    561.0292,  26719.5508,
       1,     170,     330,       7,       1,       3,       1,     10.0000,      1.4174,     42.8593,    253.1165,     63.6996,      3.4953,      0.0000,     -0.0322,      0.8014,      0.1418,      5.6846,     11.3692,      1.2530,     29.4053,     58.8106,      0.0196,      0.0006,      0.0156,      0.2142,   8015.8657,-421924.4062,   -930.5825,    561.0225,  26719.5508,
       1,     170,     330,       8,       1,       3,       1,     10.0000,      1.4174,     42.8593,    253.1165,     63.6996,      3.4953,      0.0033,     -0.0291,      0.9213,      0.1460,      5.6846,     11.3692,      1.2903,     29.4053,     58.8106,      0.0196,      0.0007,      0.0156,      0.2142,   8015.8657,-421967.3750,   -927.6613,    561.0195,  26719.5488,
       1,     170,     330,       9,       1,       3,       1,     10.0000,      1.4174,     42.8593,    253.1165,     63.6996,      3.4953,      0.0717,      0.0389,      9.0759,      0.1570,      5.6846,     11.3692,      1.3873,     29.4053,     58.8106,      0.0196,      0.0014,      0.0801,      0.2142,   8015.8647,-422113.7812,   -927.7269,    561.0092,  26719.5488,
       1,     170,     330,      10,       1,       3,       1,     10.0000,      1.4174,     42.8593,    253.1165,     63.6996,      3.4953,      0.0935,      0.0606,     12.7702,      0.1612,      5.6846,     11.3692,      1.4240,     29.4053,     58.8106,      0.0196,      0.0014,      0.1107,      0.2142,   8015.8647,-431821.4062,   -929.7961,    560.3284,  26719.5508,
       1,     170,     330,      11,       1,       3,       1,     10.0000,      1.4174,     42.8593,    253.1165,     63.6996,      3.4953,      0.1693,      0.1363,     28.9786,      0.1641,      5.6846,     11.3692,      1.4500,     29.4053,     58.8106,      0.0196,      0.0016,      0.2168,      0.2141,   8015.8657,-437024.2188,   -913.3930,    559.9644,  26719.5527,
       1,     170,     330,      12,       1,       3,       1,     10.0000,      1.4174,     42.8593,    253.1165,     63.6996,      3.4953,      0.1946,      0.1611,     54.8166,      0.1774,      5.6846,     11.3692,      1.5675,     29.4053,     58.8106,      0.0196,      0.0026,      0.2500,      0.2141,   8015.8662,-456732.4375,   -917.9719,    558.5851,  26719.5508,
       1,     170,     330,      13,       1,       3,       1,     10.0000,      1.4174,     42.8593,    253.1165,     63.6996,      3.4953,      0.1967,      0.1625,     83.3890,      0.1987,      5.6846,     11.3692,      1.7554,     29.4053,     58.8106,      0.0196,      0.0040,      0.2500,      0.2141,   8015.8657,-489113.3750,   -925.4842,    556.3259,  26719.5508,
       1,     170,     330,      14,       1,       3,       1,     10.0000,      1.4174,     42.8593,    253.1165,     63.6996,      3.4953,      0.1989,      0.1643,    113.1522,      0.2133,      5.6846,     11.3692,      1.8847,     29.4053,     58.8106,      0.0196,      0.0055,      0.2500,      0.2141,   8015.8657,-525821.8125,   -934.4192,    553.7776,  26719.5488,
       1,     170,     330,      15,       1,       3,       1,     10.0000,      1.4174,     42.8593,    253.1165,     63.6996,      3.4953,      0.1992,      0.1646,    117.7856,      0.2137,      5.6846,     11.3692,      1.8884,     29.4053,     58.8106,      0.0196,      0.0057,      0.2500,      0.2140,   8015.8647,-564325.5000,   -941.6742,    551.1182,  26719.5508,
       1,     170,     330,      16,       1,       3,       1,     10.0000,      1.4174,     42.8593,    253.1165,     63.6996,      3.4953,      0.1915,      0.1570,     98.8731,      0.2089,      5.6846,     11.3692,      1.8461,     29.4053,     58.8106,      0.0196,      0.0049,      0.2409,      0.2140,   8015.8657,-573056.1875,   -945.8541,    550.5231,  26719.5488,
       1,     170,     330,      17,       1,       3,       1,     10.0000,      1.4174,     42.8593,    253.1165,     63.6996,      3.4953,      0.1881,      0.1538,     89.7744,      0.2034,      5.6846,     11.3692,      1.7976,     29.4053,     58.8106,      0.0196,      0.0046,      0.2370,      0.2140,   8015.8647,-551236.4375,   -943.6703,    552.0250,  26719.5527,
       1,     170,     330,      18,       1,       3,       1,     10.0000,      1.4174,     42.8593,    253.1165,     63.6996,      3.4953,      0.1610,      0.1270,     70.7942,      0.1944,      5.6846,     11.3692,      1.7176,     29.4053,     58.8106,      0.0196,      0.0043,      0.2002,      0.2140,   8015.8662,-538591.6875,   -942.8457,    552.8995,  26719.5488,
       1,     170,     330,      19,       1,       3,       1,     10.0000,      1.4174,     42.8593,    253.1165,     63.6996,      3.4953,      0.0940,      0.0603,     30.4547,      0.1837,      5.6846,     11.3692,      1.6231,     29.4053,     58.8106,      0.0196,      0.0034,      0.1090,      0.2140,   8015.8647,-514936.3750,   -939.4470,    554.5351,  26719.5488,
       1,     170,     330,      20,       1,       3,       1,     10.0000,      1.4174,     42.8593,    253.1165,     63.6996,      3.4953,      0.0015,     -0.0317,      3.2286,      0.1696,      5.6846,     11.3692,      1.4987,     29.4053,     58.8106,      0.0196,      0.0025,      0.0156,      0.2141,   8015.8647,-464951.8125,   -930.4767,    558.0023,  26719.5508,
       1,     170,     330,      21,       1,       3,       1,     10.0000,      1.4174,     42.8593,    253.1165,     63.6996,      3.4953,      0.0000,     -0.0327,      1.5967,      0.1545,      5.6846,     11.3692,      1.3652,     29.4053,     58.8106,      0.0196,      0.0012,      0.0156,      0.2141,   8015.8657,-428438.5000,   -923.6843,    560.5599,  26719.5508,
       1,     170,     330,      22,       1,       3,       1,     10.0000,      1.4174,     42.8593,    253.1165,     63.6996,      3.4953,      0.0000,     -0.0324,      1.0989,      0.1462,      5.6846,     11.3692,      1.2916,     29.4053,     58.8106,      0.0196,      0.0008,      0.0156,      0.2141,   8015.8657,-423462.6875,   -922.8091,    560.9145,  26719.5508,
       1,     170,     330,      23,       1,       3,       1,     10.0000,      1.4174,     42.8593,    253.1165,     63.6996,      3.4953,      0.0000,     -0.0323,      1.0120,      0.1424,      5.6846,     11.3692,      1.2581,     29.4053,     58.8106,      0.0196,      0.0008,      0.0156,      0.2142,   8015.8657,-422449.3438,   -922.6622,    560.9857,  26719.5508,
       1,     170,     330,      24,       1,       3,       1,     10.0000,      1.4174,     42.8593,    253.1165,     63.6996,      3.4953,      0.0000,     -0.0321,      1.0793,      0.1392,      5.6846,     11.3692,      1.2304,     29.4053,     58.8106,      0.0196,      0.0008,      0.0156,      0.2142,   8015.8657,-422261.4688,   -922.6680,    560.9988,  26719.5508,
       1,     170,     331,       1,       1,       3,       1,     10.0000,      1.4174,     42.8597,    253.1224,     63.7011,      3.4953,      0.0000,     -0.0322,      1.0801,      0.1394,      5.6849,     11.3699,      1.2316,     29.4084,     58.8167,      0.0196,      0.0008,      0.0156,      0.2142,   8015.8657,-422480.2188,   -923.0275,    560.9967,  26720.7344,
       1,     170,     331,       2,       1,       3,       1,     10.0000,      1.4174,     42.8597,    253.1224,     63.7011,      3.4953,      0.0000,     -0.0321,      0.9020,      0.1387,      5.6849,     11.3699,      1.2254,     29.4084,     58.8167,      0.0196,      0.0007,      0.0156,      0.2142,   8016.2207,-422348.4688,   -922.7805,    561.0060,  26720.7363,
       1,     170,     331,       3,       1,       3,       1,     10.0000,      1.4174,     42.8597,    253.1224,     63.7011,      3.4953,      0.0000,     -0.0320,      0.7397,      0.1351,      5.6849,     11.3699,      1.1935,     29.4084,     58.8167,      0.0196,      0.0006,      0.0156,      0.2142,   8016.2212,-422125.2500,   -922.7716,    561.0216,  26720.7363,
       1,     170,     331,       4,       1,       3,       1,     10.0000,      1.4174,     42.8597,    253.1224,     63.7011,      3.4953,      0.0000,     -0.0320,      0.9031,      0.1364,      5.6849,     11.3699,      1.2057,     29.4084,     58.8167,      0.0196,      0.0007,      0.0156,      0.2142,   8016.2212,-421913.8125,   -922.7556,    561.0364,  26720.7363,
       1,     170,     331,       5,       1,       3,       1,     10.0000,      1.4174,     42.8597,    253.1224,     63.7011,      3.4953,      0.0000,     -0.0319,      0.6192,      0.1321,      5.6849,     11.3699,      1.1671,     29.4084,     58.8167,      0.0196,      0.0005,      0.0156,      0.2142,   8016.2212,-422090.3438,   -922.8226,    561.0240,  26720.7363,
       1,     170,     331,       6,       1,       3,       1,     10.0000,      1.4174,     42.8597,    253.1224,     63.7011,      3.4953,      0.0000,     -0.0319,      0.5550,      0.1315,      5.6849,     11.3699,      1.1624,     29.4084,     58.8167,      0.0196,      0.0004,      0.0156,      0.2142,   8016.2212,-421767.6562,   -922.7795,    561.0467,  26720.7363,
       1,     170,     331,       7,       1,       3,       1,     10.0000,      1.4174,     42.8597,    253.1224,     63.7011,      3.4953,      0.0000,     -0.0318,      0.3455,      0.1294,      5.6849,     11.3699,      1.1436,     29.4084,     58.8167,      0.0196,      0.0003,      0.0156,      0.2142,   8016.2212,-421664.3750,   -922.7743,    561.0540,  26720.7363,
       1,     170,     331,       8,       1,       3,       1,     10.0000,      1.4174,     42.8597,    253.1224,     63.7011,      3.4953,      0.0076,     -0.0241,      0.3314,      0.1271,      5.6849,     11.3699,      1.1229,     29.4084,     58.8167,      0.0196,      0.0003,      0.0156,      0.2142,   8016.2212,-421406.6875,   -922.7285,    561.0720,  26720.7363,
       1,     170,     331,       9,       1,       3,       1,     10.0000,      1.4174,     42.8597,    253.1224,     63.7011,      3.4953,      0.0849,      0.0529,      5.8097,      0.1359,      5.6849,     11.3699,      1.2008,     29.4084,     58.8167,      0.0196,      0.0007,      0.0998,      0.2142,   8016.2212,-421368.4062,   -922.7361,    561.0746,  26720.7363,
       1,     170,     331,      10,       1,       3,       1,     10.0000,      1.4174,     42.8597,    253.1224,     63.7011,      3.4953,      0.1450,      0.1124,     26.3552,      0.1507,      5.6849,     11.3699,      1.3313,     29.4084,     58.8167,      0.0196,      0.0017,      0.1825,      0.2142,   8016.2212,-427877.8125,   -924.1599,    560.6182,  26720.7363,
       1,     170,     331,      11,       1,       3,       1,     10.0000,      1.4174,     42.8597,    253.1224,     63.7011,      3.4953,      0.1848,      0.1515,     60.0675,      0.1705,      5.6849,     11.3699,      1.5062,     29.4084,     58.8167,      0.0196,      0.0031,      0.2353,      0.2142,   8016.2212,-452847.5000,   -929.3886,    558.8685,  26720.7363,
       1,     170,     331,      12,       1,       3,       1,     10.0000,      1.4174,     42.8597,    253.1224,     63.7011,      3.4953,      0.1918,      0.1583,     67.8439,      0.1772,      5.6849,     11.3699,      1.5660,     29.4084,     58.8167,      0.0196,      0.0033,      0.2445,      0.2142,   8016.2212,-495029.7812,   -938.3411,    555.9244,  26720.7363,
       1,     170,     331,      13,       1,       3,       1,     10.0000,      1.4174,     42.8597,    253.1224,     63.7011,      3.4953,      0.1807,      0.1469,     74.9069,      0.1894,      5.6849,     11.3699,      1.6739,     29.4084,     58.8167,      0.0196,      0.0040,      0.2280,      0.2141,   8016.2212,-507811.6562,   -941.6636,    555.0439,  26720.7383,
       1,     170,     331,      14,       1,       3,       1,     10.0000,      1.4174,     42.8597,    253.1224,     63.7011,      3.4953,      0.1757,      0.1415,     78.3667,      0.1987,      5.6849,     11.3699,      1.7555,     29.4084,     58.8167,      0.0196,      0.0043,      0.2205,      0.2141,   8016.2217,-517273.2500,   -944.3680,    554.3882,  26720.7363,
       1,     170,     331,      15,       1,       3,       1,     10.0000,      1.4174,     42.8597,    253.1224,     63.7011,      3.4953,      0.1884,      0.1547,     72.7580,      0.1844,      5.6849,     11.3699,      1.6296,     29.4084,     58.8167,      0.0196,      0.0037,      0.2393,      0.2141,   8016.2212,-522178.2188,   -946.1505,    554.0487,  26720.7363,
       1,     170,     331,      16,       1,       3,       1,     10.0000,      1.4174,     42.8597,    253.1224,     63.7011,      3.4953,      0.1916,      0.1576,     84.7286,      0.1938,      5.6849,     11.3699,      1.7125,     29.4084,     58.8167,      0.0196,      0.0042,      0.2426,      0.2141,   8016.2212,-515907.6562,   -945.6228,    554.4830,  26720.7363,
       1,     170,     331,      17,       1,       3,       1,     10.0000,      1.4174,     42.8597,    253.1224,     63.7011,      3.4953,      0.1525,      0.1187,     62.0417,      0.1894,      5.6849,     11.3699,      1.6739,     29.4084,     58.8167,      0.0196,      0.0040,      0.1891,      0.2141,   8016.2212,-529638.1875,   -949.0500,    553.5316,  26720.7344,
       1,     170,     331,      18,       1,       3,       1,     10.0000,      1.4174,     42.8597,    253.1224,     63.7011,      3.4953,      0.1368,      0.1031,     48.3578,      0.1835,      5.6849,     11.3699,      1.6215,     29.4084,     58.8167,      0.0196,      0.0035,      0.1681,      0.2141,   8016.2207,-503766.8438,   -944.4689,    555.3224,  26720.7383,
       1,     170,     331,      19,       1,       3,       1,     10.0000,      1.4174,     42.8597,    253.1224,     63.7011,      3.4953,      0.0671,      0.0338,     19.5687,      0.1748,      5.6849,     11.3699,      1.5443,     29.4084,     58.8167,      0.0196,      0.0033,      0.0720,      0.2141,   8016.2217,-485339.5312,   -941.2001,    556.6045,  26720.7344,
       1,     170,     331,      20,       1,       3,       1,     10.0000,      1.4174,     42.8597,    253.1224,     63.7011,      3.4953,      0.0016,     -0.0313,      3.2690,      0.1607,      5.6849,     11.3699,      1.4198,     29.4084,     58.8167,      0.0196,      0.0025,      0.0156,      0.2141,   8016.2207,-449554.1875,   -934.2966,    559.0958,  26720.7363,
       1,     170,     331,      21,       1,       3,       1,     10.0000,      1.4174,     42.8597,    253.1224,     63.7011,      3.4953,      0.0000,     -0.0327,      2.5678,      0.1553,      5.6849,     11.3699,      1.3721,     29.4084,     58.8167,      0.0196,      0.0020,      0.0156,      0.2142,   8016.2212,-427208.1875,   -929.9123,    560.6630,  26720.7363,
       1,     170,     331,      22,       1,       3,       1,     10.0000,      1.4174,     42.8597,    253.1224,     63.7011,      3.4953,      0.0000,     -0.0326,      2.2323,      0.1513,      5.6849,     11.3699,      1.3367,     29.4084,     58.8167,      0.0196,      0.0017,      0.0156,      0.2142,   8016.2212,-424513.2812,   -929.4019,    560.8541,  26720.7363,
       1,     170,     331,      23,       1,       3,       1,     10.0000,      1.4174,     42.8597,    253.1224,     63.7011,      3.4953,      0.0000,     -0.0326,      2.5234,      0.1508,      5.6849,     11.3699,      1.3326,     29.4084,     58.8167,      0.0196,      0.0019,      0.0156,      0.2142,   8016.2212,-423887.4062,   -929.2982,    560.8981,  26720.7363,
       1,     170,     331,      24,       1,       3,       1,     10.0000,      1.4174,     42.8597,    253.1224,     63.7011,      3.4953,      0.0000,     -0.0325,      2.1709,      0.1478,      5.6849,     11.3699,      1.3060,     29.4084,     58.8167,      0.0196,      0.0017,      0.0156,      0.2142,   8016.2212,-424181.1562,   -929.3793,    560.8774,  26720.7363,
       1,     170,     332,       1,       1,       3,       1,     10.0000,      1.4174,     42.8600,    253.1283,     63.7026,      3.4953,      0.0000,     -0.0323,      1.8788,      0.1440,      5.6848,     11.3696,      1.2722,     29.4102,     58.8203,      0.0196,      0.0015,      0.0156,      0.2142,   8016.2212,-423940.2500,   -929.6317,    560.9074,  26721.9180,
       1,     170,     332,       2,       1,       3,       1,     10.0000,      1.4174,     42.8600,    253.1283,     63.7026,      3.4953,      0.0000,     -0.0320,      0.6303,      0.1348,      5.6848,     11.3696,      1.1911,     29.4102,     58.8203,      0.0196,      0.0005,      0.0156,      0.2142,   8016.5757,-423422.4375,   -929.2708,    560.9437,  26721.9199,
       1,     170,     332,       3,       1,       3,       1,     10.0000,      1.4174,     42.8600,    253.1283,     63.7026,      3.4953,      0.0000,     -0.0319,      0.3438,      0.1332,      5.6848,     11.3696,      1.1767,     29.4102,     58.8203,      0.0196,      0.0003,      0.0156,      0.2142,   8016.5762,-421895.0938,   -928.9722,    561.0508,  26721.9199,
       1,     170,     332,       4,       1,       3,       1,     10.0000,      1.4174,     42.8600,    253.1283,     63.7026,      3.4953,      0.0000,     -0.0319,      0.3148,      0.1317,      5.6848,     11.3696,      1.1636,     29.4102,     58.8203,      0.0196,      0.0002,      0.0156,      0.2142,   8016.5762,-421427.2188,   -928.8813,    561.0836,  26721.9219,
       1,     170,     332,       5,       1,       3,       1,     10.0000,      1.4174,     42.8600,    253.1283,     63.7026,      3.4953,      0.0000,     -0.0319,      0.3224,      0.1326,      5.6848,     11.3696,      1.1719,     29.4102,     58.8203,      0.0196,      0.0002,      0.0156,      0.2142,   8016.5767,-421353.3438,   -928.8671,    561.0887,  26721.9219,
       1,     170,     332,       6,       1,       3,       1,     10.0000,      1.4174,     42.8600,    253.1283,     63.7026,      3.4953,      0.0000,     -0.0318,      0.3083,      0.1293,      5.6848,     11.3696,      1.1425,     29.4102,     58.8203,      0.0196,      0.0002,      0.0156,      0.2142,   8016.5767,-421356.2812,   -928.8693,    561.0886,  26721.9199,
       1,     170,     332,       7,       1,       3,       1,     10.0000,      1.4174,     42.8600,    253.1283,     63.7026,      3.4953,      0.0000,     -0.0318,      0.3076,      0.1290,      5.6848,     11.3696,      1.1402,     29.4102,     58.8203,      0.0196,      0.0002,      0.0156,      0.2142,   8016.5762,-421340.0625,   -928.8680,    561.0897,  26721.9199,
       1,     170,     332,       8,       1,       3,       1,     10.0000,      1.4174,     42.8600,    253.1283,     63.7026,      3.4953,      0.0032,     -0.0285,      0.3033,      0.1275,      5.6848,     11.3696,      1.1263,     29.4102,     58.8203,      0.0196,      0.0002,      0.0156,      0.2142,   8016.5762,-421337.8750,   -928.8690,    561.0898,  26721.9199,
       1,     170,     332,       9,       1,       3,       1,     10.0000,      1.4174,     42.8600,    253.1283,     63.7026,      3.4953,      0.0657,      0.0338,      1.4781,      0.1317,      5.6848,     11.3696,      1.1636,     29.4102,     58.8203,      0.0196,      0.0002,      0.0733,      0.2142,   8016.5762,-421332.6875,   -928.8697,    561.0902,  26721.9199,
       1,     170,     332,      10,       1,       3,       1,     10.0000,      1.4174,     42.8600,    253.1283,     63.7026,      3.4953,      0.1514,      0.1192,     10.6143,      0.1424,      5.6848,     11.3696,      1.2581,     29.4102,     58.8203,      0.0196,      0.0007,      0.1934,      0.2142,   8016.5762,-422728.6875,   -929.1592,    560.9923,  26721.9199,
       1,     170,     332,      11,       1,       3,       1,     10.0000,      1.4174,     42.8600,    253.1283,     63.7026,      3.4953,      0.1902,      0.1569,     58.4492,      0.1727,      5.6848,     11.3696,      1.5259,     29.4102,     58.8203,      0.0196,      0.0029,      0.2433,      0.2142,   8016.5762,-433705.0312,   -931.4012,    560.2226,  26721.9199,
       1,     170,     332,      12,       1,       3,       1,     10.0000,      1.4174,     42.8600,    253.1283,     63.7026,      3.4953,      0.1913,      0.1577,     63.7236,      0.1813,      5.6848,     11.3696,      1.6023,     29.4102,     58.8203,      0.0196,      0.0031,      0.2443,      0.2142,   8016.5762,-491490.2812,   -943.1734,    556.1766,  26721.9199,
       1,     170,     332,      13,       1,       3,       1,     10.0000,      1.4174,     42.8600,    253.1283,     63.7026,      3.4953,      0.1945,      0.1603,     85.8138,      0.1989,      5.6848,     11.3696,      1.7572,     29.4102,     58.8203,      0.0196,      0.0042,      0.2466,      0.2141,   8016.5762,-502615.8125,   -945.7270,    555.4177,  26721.9199,
       1,     170,     332,      14,       1,       3,       1,     10.0000,      1.4174,     42.8600,    253.1283,     63.7026,      3.4953,      0.1942,      0.1593,    130.6634,      0.2249,      5.6848,     11.3696,      1.9875,     29.4102,     58.8203,      0.0196,      0.0065,      0.2415,      0.2141,   8016.5762,-529813.1875,   -951.5687,    553.5299,  26721.9199,
       1,     170,     332,      15,       1,       3,       1,     10.0000,      1.4174,     42.8600,    253.1283,     63.7026,      3.4953,      0.1964,      0.1616,    139.0803,      0.2221,      5.6848,     11.3696,      1.9623,     29.4102,     58.8203,      0.0196,      0.0069,      0.2437,      0.2141,   8016.5762,-585478.1875,   -963.2805,    549.6816,  26721.9199,
       1,     170,     332,      16,       1,       3,       1,     10.0000,      1.4174,     42.8600,    253.1283,     63.7026,      3.4953,      0.1912,      0.1562,    121.6029,      0.2265,      5.6848,     11.3696,      2.0012,     29.4102,     58.8203,      0.0196,      0.0062,      0.2381,      0.2140,   8016.5762,-600168.9375,   -966.8504,    548.6855,  26721.9199,
       1,     170,     332,      17,       1,       3,       1,     10.0000,      1.4174,     42.8600,    253.1283,     63.7026,      3.4953,      0.1514,      0.1171,     70.8533,      0.2022,      5.6848,     11.3696,      1.7870,     29.4102,     58.8203,      0.0196,      0.0046,      0.1865,      0.2140,   8016.5762,-580543.0000,   -963.4151,    550.0325,  26721.9199,
       1,     170,     332,      18,       1,       3,       1,     10.0000,      1.4174,     42.8600,    253.1283,     63.7026,      3.4953,      0.1512,      0.1173,     59.0067,      0.1885,      5.6848,     11.3696,      1.6657,     29.4102,     58.8203,      0.0196,      0.0038,      0.1875,      0.2140,   8016.5762,-518444.8438,   -951.2009,    554.3036,  26721.9199,
       1,     170,     332,      19,       1,       3,       1,     10.0000,      1.4174,     42.8600,    253.1283,     63.7026,      3.4953,      0.0744,      0.0409,     23.8812,      0.1788,      5.6848,     11.3696,      1.5801,     29.4102,     58.8203,      0.0196,      0.0035,      0.0818,      0.2141,   8016.5762,-499241.1562,   -947.5385,    555.6509,  26721.9199,
       1,     170,     332,      20,       1,       3,       1,     10.0000,      1.4174,     42.8600,    253.1283,     63.7026,      3.4953,      0.0006,     -0.0325,      2.9288,      0.1649,      5.6848,     11.3696,      1.4573,     29.4102,     58.8203,      0.0196,      0.0023,      0.0156,      0.2141,   8016.5762,-455831.8438,   -938.7957,    558.6676,  26721.9219,
       1,     170,     332,      21,       1,       3,       1,     10.0000,      1.4174,     42.8600,    253.1283,     63.7026,      3.4953,      0.0000,     -0.0330,      2.4610,      0.1621,      5.6848,     11.3696,      1.4327,     29.4102,     58.8203,      0.0196,      0.0019,      0.0156,      0.2142,   8016.5767,-427329.0938,   -932.9838,    560.6663,  26721.9199,
       1,     170,     332,      22,       1,       3,       1,     10.0000,      1.4174,     42.8600,    253.1283,     63.7026,      3.4953,      0.0000,     -0.0329,      3.0654,      0.1607,      5.6848,     11.3696,      1.4198,     29.4102,     58.8203,      0.0196,      0.0024,      0.0156,      0.2142,   8016.5762,-424401.0312,   -932.3711,    560.8750,  26721.9180,
       1,     170,     332,      23,       1,       3,       1,     10.0000,      1.4174,     42.8600,    253.1283,     63.7026,      3.4953,      0.0000,     -0.0328,      3.2879,      0.1565,      5.6848,     11.3696,      1.3832,     29.4102,     58.8203,      0.0196,      0.0025,      0.0156,      0.2142,   8016.5757,-424871.5000,   -932.4431,    560.8420,  26721.9219,
       1,     170,     332,      24,       1,       3,       1,     10.0000,      1.4174,     42.8600,    253.1283,     63.7026,      3.4953,      0.0000,     -0.0323,      1.3577,      0.1424,      5.6848,     11.3696,      1.2581,     29.4102,     58.8203,      0.0196,      0.0010,      0.0156,      0.2142,   8016.5767,-425174.5625,   -932.4771,    560.8209,  26721.9199,
       1,     170,     333,       1,       1,       3,       1,     10.0000,      1.4174,     42.8603,    253.1342,     63.7041,      3.4953,      0.0000,     -0.0321,      1.0777,      0.1390,      5.6852,     11.3703,      1.2280,     29.4131,     58.8263,      0.0196,      0.0008,      0.0156,      0.2142,   8016.5762,-423059.9062,   -932.3305,    560.9822,  26723.1094,
       1,     170,     333,       2,       1,       3,       1,     10.0000,      1.4174,     42.8603,    253.1342,     63.7041,      3.4953,      0.0000,     -0.0321,      0.3464,      0.1367,      5.6852,     11.3703,      1.2082,     29.4131,     58.8263,      0.0196,      0.0003,      0.0156,      0.2142,   8016.9331,-422399.3750,   -931.9077,    561.0286,  26723.1074,
       1,     170,     333,       3,       1,       3,       1,     10.0000,      1.4174,     42.8603,    253.1342,     63.7041,      3.4953,      0.0000,     -0.0320,      0.3260,      0.1358,      5.6852,     11.3703,      1.1996,     29.4131,     58.8263,      0.0196,      0.0003,      0.0156,      0.2142,   8016.9326,-421475.3750,   -931.7212,    561.0933,  26723.1094,
       1,     170,     333,       4,       1,       3,       1,     10.0000,      1.4174,     42.8603,    253.1342,     63.7041,      3.4953,      0.0000,     -0.0318,      0.3137,      0.1313,      5.6852,     11.3703,      1.1601,     29.4131,     58.8263,      0.0196,      0.0002,      0.0156,      0.2142,   8016.9331,-421373.7812,   -931.7010,    561.1004,  26723.1074,
       1,     170,     333,       5,       1,       3,       1,     10.0000,      1.4174,     42.8603,    253.1342,     63.7041,      3.4953,      0.0000,     -0.0318,      0.3076,      0.1290,      5.6852,     11.3703,      1.1402,     29.4131,     58.8263,      0.0196,      0.0002,      0.0156,      0.2142,   8016.9326,-421351.1562,   -931.6982,    561.1021,  26723.1074,
       1,     170,     333,       6,       1,       3,       1,     10.0000,      1.4174,     42.8603,    253.1342,     63.7041,      3.4953,      0.0000,     -0.0318,      0.3086,      0.1294,      5.6852,     11.3703,      1.1437,     29.4131,     58.8263,      0.0196,      0.0002,      0.0156,      0.2142,   8016.9326,-421341.9375,   -931.6977,    561.1027,  26723.1074,
       1,     170,     333,       7,       1,       3,       1,     10.0000,      1.4174,     42.8603,    253.1342,     63.7041,      3.4953,      0.0000,     -0.0318,      0.3097,      0.1298,      5.6852,     11.3703,      1.1472,     29.4131,     58.8263,      0.0196,      0.0002,      0.0156,      0.2142,   8016.9326,-421342.4062,   -931.6988,    561.1027,  26723.1074,
       1,     170,     333,       8,       1,       3,       1,     10.0000,      1.4174,     42.8603,    253.1342,     63.7041,      3.4953,      0.0076,     -0.0241,      0.3044,      0.1279,      5.6852,     11.3703,      1.1298,     29.4131,     58.8263,      0.0196,      0.0002,      0.0156,      0.2142,   8016.9326,-421343.7500,   -931.7003,    561.1026,  26723.1074,
       1,     170,     333,       9,       1,       3,       1,     10.0000,      1.4174,     42.8603,    253.1342,     63.7041,      3.4953,      0.1263,      0.0940,      4.9264,      0.1418,      5.6852,     11.3703,      1.2531,     29.4131,     58.8263,      0.0196,      0.0004,      0.1584,      0.2142,   8016.9326,-421337.4688,   -931.6971,    561.1030,  26723.1055,
       1,     170,     333,      10,       1,       3,       1,     10.0000,      1.4174,     42.8603,    253.1342,     63.7041,      3.4953,      0.1775,      0.1440,     46.0367,      0.1767,      5.6852,     11.3703,      1.5614,     29.4131,     58.8263,      0.0196,      0.0024,      0.2266,      0.2142,   8016.9321,-426830.5000,   -932.7741,    560.7178,  26723.1074,
       1,     170,     333,      11,       1,       3,       1,     10.0000,      1.4174,     42.8603,    253.1342,     63.7041,      3.4953,      0.1950,      0.1609,     82.2028,      0.1948,      5.6852,     11.3703,      1.7211,     29.4131,     58.8263,      0.0196,      0.0040,      0.2476,      0.2142,   8016.9326,-476152.5625,   -942.8491,    557.2609,  26723.1055,
       1,     170,     333,      12,       1,       3,       1,     10.0000,      1.4174,     42.8603,    253.1342,     63.7041,      3.4953,      0.1978,      0.1635,     98.1291,      0.2024,      5.6852,     11.3703,      1.7888,     29.4131,     58.8263,      0.0196,      0.0047,      0.2500,      0.2142,   8016.9321,-523306.9062,   -952.6043,    553.9869,  26723.1074,
       1,     170,     333,      13,       1,       3,       1,     10.0000,      1.4174,     42.8603,    253.1342,     63.7041,      3.4953,      0.1997,      0.1650,    124.3003,      0.2171,      5.6852,     11.3703,      1.9185,     29.4131,     58.8263,      0.0196,      0.0060,      0.2500,      0.2141,   8016.9326,-546197.6875,   -957.5236,    552.4114,  26723.1074,
       1,     170,     333,      14,       1,       3,       1,     10.0000,      1.4174,     42.8603,    253.1342,     63.7041,      3.4953,      0.2006,      0.1657,    136.7689,      0.2265,      5.6852,     11.3703,      2.0013,     29.4131,     58.8263,      0.0196,      0.0066,      0.2500,      0.2141,   8016.9326,-579256.8750,   -964.6528,    550.1308,  26723.1074,
       1,     170,     333,      15,       1,       3,       1,     10.0000,      1.4174,     42.8603,    253.1342,     63.7041,      3.4953,      0.1992,      0.1644,    134.0577,      0.2206,      5.6852,     11.3703,      1.9489,     29.4131,     58.8263,      0.0196,      0.0065,      0.2482,      0.2140,   8016.9326,-596868.9375,   -968.6951,    548.9244,  26723.1094,
       1,     170,     333,      16,       1,       3,       1,     10.0000,      1.4174,     42.8603,    253.1342,     63.7041,      3.4953,      0.1989,      0.1641,    140.2353,      0.2212,      5.6852,     11.3703,      1.9547,     29.4131,     58.8263,      0.0196,      0.0068,      0.2471,      0.2140,   8016.9331,-595098.6875,   -968.8087,    549.0472,  26723.1074,
       1,     170,     333,      17,       1,       3,       1,     10.0000,      1.4174,     42.8603,    253.1342,     63.7041,      3.4953,      0.1780,      0.1438,     92.0184,      0.2004,      5.6852,     11.3703,      1.7712,     29.4131,     58.8263,      0.0196,      0.0050,      0.2223,      0.2140,   8016.9326,-602312.4375,   -970.8071,    548.5521,  26723.1074,
       1,     170,     333,      18,       1,       3,       1,     10.0000,      1.4174,     42.8603,    253.1342,     63.7041,      3.4953,      0.1402,      0.1064,     58.5381,      0.1859,      5.6852,     11.3703,      1.6427,     29.4131,     58.8263,      0.0196,      0.0041,      0.1718,      0.2140,   8016.9326,-545442.5000,   -959.4253,    552.4518,  26723.1055,
       1,     170,     333,      19,       1,       3,       1,     10.0000,      1.4174,     42.8603,    253.1342,     63.7041,      3.4953,      0.0575,      0.0239,     15.7426,      0.1781,      5.6852,     11.3703,      1.5739,     29.4131,     58.8263,      0.0196,      0.0032,      0.0585,      0.2141,   8016.9321,-500901.3438,   -950.4071,    555.5416,  26723.1055,
       1,     170,     333,      20,       1,       3,       1,     10.0000,      1.4174,     42.8603,    253.1342,     63.7041,      3.4953,      0.0010,     -0.0322,      4.3166,      0.1662,      5.6852,     11.3703,      1.4691,     29.4131,     58.8263,      0.0196,      0.0033,      0.0156,      0.2142,   8016.9321,-446292.2188,   -939.0847,    559.3425,  26723.1055,
       1,     170,     333,      21,       1,       3,       1,     10.0000,      1.4174,     42.8603,    253.1342,     63.7041,      3.4953,      0.0000,     -0.0328,      3.8593,      0.1583,      5.6852,     11.3703,      1.3986,     29.4131,     58.8263,      0.0196,      0.0030,      0.0156,      0.2142,   8016.9321,-428197.4375,   -935.2910,    560.6207,  26723.1055,
       1,     170,     333,      22,       1,       3,       1,     10.0000,      1.4174,     42.8603,    253.1342,     63.7041,      3.4953,      0.0000,     -0.0328,      3.6905,      0.1559,      5.6852,     11.3703,      1.3777,     29.4131,     58.8263,      0.0196,      0.0028,      0.0156,      0.2142,   8016.9321,-426135.8438,   -934.8359,    560.7666,  26723.1055,
       1,     170,     333,      23,       1,       3,       1,     10.0000,      1.4174,     42.8603,    253.1342,     63.7041,      3.4953,      0.0000,     -0.0328,      2.6369,      0.1561,      5.6852,     11.3703,      1.3791,     29.4131,     58.8263,      0.0196,      0.0020,      0.0156,      0.2142,   8016.9321,-425761.6250,   -934.7308,    560.7928,  26723.1055,
       1,     170,     333,      24,       1,       3,       1,     10.0000,      1.4174,     42.8603,    253.1342,     63.7041,      3.4953,      0.0000,     -0.0328,      2.3650,      0.1576,      5.6852,     11.3703,      1.3930,     29.4131,     58.8263,      0.0196,      0.0018,      0.0156,      0.2142,   8016.9321,-424478.1875,   -934.4381,    560.8828,  26723.1074,
       1,     170,     334,       1,       1,       3,       1,     10.0000,      1.4175,     42.8607,    253.1402,     63.7056,      3.4953,      0.0000,     -0.0326,      1.5550,      0.1514,      5.6848,     11.3696,      1.3381,     29.4190,     58.8379,      0.0196,      0.0012,      0.0156,      0.2143,   8016.9326,-424201.7812,   -934.6501,    560.9152,  26724.2930,
       1,     170,     334,       2,       1,       3,       1,     10.0000,      1.4175,     42.8607,    253.1402,     63.7056,      3.4953,      0.0000,     -0.0324,      0.5862,      0.1446,      5.6848,     11.3696,      1.2774,     29.4190,     58.8379,      0.0196,      0.0005,      0.0156,      0.2143,   8017.2881,-423065.0312,   -934.1110,    560.9949,  26724.2930,
       1,     170,     334,       3,       1,       3,       1,     10.0000,      1.4175,     42.8607,    253.1402,     63.7056,      3.4953,      0.0000,     -0.0323,      0.6052,      0.1427,      5.6848,     11.3696,      1.2607,     29.4190,     58.8379,      0.0196,      0.0005,      0.0156,      0.2143,   8017.2881,-421819.0938,   -933.8488,    561.0823,  26724.2930,
       1,     170,     334,       4,       1,       3,       1,     10.0000,      1.4175,     42.8607,    253.1402,     63.7056,      3.4953,      0.0000,     -0.0321,      0.3544,      0.1369,      5.6848,     11.3696,      1.2095,     29.4190,     58.8379,      0.0196,      0.0003,      0.0156,      0.2143,   8017.2881,-421737.7188,   -933.8298,    561.0880,  26724.2930,
       1,     170,     334,       5,       1,       3,       1,     10.0000,      1.4175,     42.8607,    253.1402,     63.7056,      3.4953,      0.0000,     -0.0320,      0.3271,      0.1362,      5.6848,     11.3696,      1.2033,     29.4190,     58.8379,      0.0196,      0.0003,      0.0156,      0.2143,   8017.2881,-421432.9375,   -933.7666,    561.1094,  26724.2930,
       1,     170,     334,       6,       1,       3,       1,     10.0000,      1.4175,     42.8607,    253.1402,     63.7056,      3.4953,      0.0000,     -0.0321,      0.3302,      0.1373,      5.6848,     11.3696,      1.2131,     29.4190,     58.8379,      0.0196,      0.0003,      0.0156,      0.2143,   8017.2881,-421375.0625,   -933.7552,    561.1134,  26724.2910,
       1,     170,     334,       7,       1,       3,       1,     10.0000,      1.4175,     42.8607,    253.1402,     63.7056,      3.4953,      0.0000,     -0.0321,      0.5663,      0.1378,      5.6848,     11.3696,      1.2181,     29.4190,     58.8379,      0.0196,      0.0004,      0.0156,      0.2143,   8017.2876,-421374.1250,   -933.7564,    561.1135,  26724.2910,
       1,     170,     334,       8,       1,       3,       1,     10.0000,      1.4175,     42.8607,    253.1402,     63.7056,      3.4953,      0.0070,     -0.0252,      1.3290,      0.1412,      5.6848,     11.3696,      1.2480,     29.4190,     58.8379,      0.0196,      0.0010,      0.0156,      0.2143,   8017.2876,-421654.5938,   -933.8145,    561.0938,  26724.2949,
       1,     170,     334,       9,       1,       3,       1,     10.0000,      1.4175,     42.8607,    253.1402,     63.7056,      3.4953,      0.1366,      0.1035,     27.4015,      0.1654,      5.6848,     11.3696,      1.4618,     29.4190,     58.8379,      0.0196,      0.0019,      0.1704,      0.2143,   8017.2886,-422583.8750,   -933.9963,    561.0286,  26724.2930,
       1,     170,     334,      10,       1,       3,       1,     10.0000,      1.4175,     42.8607,    253.1402,     63.7056,      3.4953,      0.1636,      0.1299,     45.3642,      0.1835,      5.6848,     11.3696,      1.6216,     29.4190,     58.8379,      0.0196,      0.0026,      0.2068,      0.2143,   8017.2881,-453646.2188,   -940.4906,    558.8503,  26724.2930,
       1,     170,     334,      11,       1,       3,       1,     10.0000,      1.4175,     42.8607,    253.1402,     63.7056,      3.4953,      0.1770,      0.1432,     54.3819,      0.1893,      5.6848,     11.3696,      1.6724,     29.4190,     58.8379,      0.0196,      0.0029,      0.2250,      0.2142,   8017.2881,-477601.5000,   -945.5241,    557.1810,  26724.2949,
       1,     170,     334,      12,       1,       3,       1,     10.0000,      1.4175,     42.8607,    253.1402,     63.7056,      3.4953,      0.1978,      0.1633,    100.7505,      0.2106,      5.6848,     11.3696,      1.8609,     29.4190,     58.8379,      0.0196,      0.0049,      0.2498,      0.2142,   8017.2886,-490320.6562,   -948.2628,    556.2977,  26724.2930,
       1,     170,     334,      13,       1,       3,       1,     10.0000,      1.4175,     42.8607,    253.1402,     63.7056,      3.4953,      0.1996,      0.1648,    122.8540,      0.2212,      5.6848,     11.3696,      1.9547,     29.4190,     58.8379,      0.0196,      0.0059,      0.2500,      0.2142,   8017.2881,-546536.0000,   -960.2125,    552.3893,  26724.2930,
       1,     170,     334,      14,       1,       3,       1,     10.0000,      1.4175,     42.8607,    253.1402,     63.7056,      3.4953,      0.1959,      0.1610,    123.0022,      0.2230,      5.6848,     11.3696,      1.9701,     29.4190,     58.8379,      0.0196,      0.0061,      0.2447,      0.2141,   8017.2881,-577562.0625,   -967.0376,    550.2607,  26724.2930,
       1,     170,     334,      15,       1,       3,       1,     10.0000,      1.4175,     42.8607,    253.1402,     63.7056,      3.4953,      0.1690,      0.1345,     92.7187,      0.2118,      5.6848,     11.3696,      1.8719,     29.4190,     58.8379,      0.0196,      0.0053,      0.2093,      0.2141,   8017.2881,-580310.4375,   -968.0291,    550.0758,  26724.2910,
       1,     170,     334,      16,       1,       3,       1,     10.0000,      1.4175,     42.8607,    253.1402,     63.7056,      3.4953,      0.1848,      0.1503,    100.8088,      0.2081,      5.6848,     11.3696,      1.8390,     29.4190,     58.8379,      0.0196,      0.0053,      0.2310,      0.2141,   8017.2876,-544456.9375,   -960.8798,    552.5411,  26724.2910,
       1,     170,     334,      17,       1,       3,       1,     10.0000,      1.4175,     42.8607,    253.1402,     63.7056,      3.4953,      0.1797,      0.1453,     94.8805,      0.2069,      5.6848,     11.3696,      1.8282,     29.4190,     58.8379,      0.0196,      0.0051,      0.2244,      0.2141,   8017.2876,-551131.8750,   -962.6270,    552.0856,  26724.2910,
       1,     170,     334,      18,       1,       3,       1,     10.0000,      1.4175,     42.8607,    253.1402,     63.7056,      3.4953,      0.1653,      0.1311,     78.3067,      0.2008,      5.6848,     11.3696,      1.7748,     29.4190,     58.8379,      0.0196,      0.0046,      0.2056,      0.2141,   8017.2876,-544620.8125,   -961.5857,    552.5352,  26724.2910,
       1,     170,     334,      19,       1,       3,       1,     10.0000,      1.4175,     42.8607,    253.1402,     63.7056,      3.4953,      0.0746,      0.0408,     28.0382,      0.1879,      5.6848,     11.3696,      1.6608,     29.4190,     58.8379,      0.0196,      0.0041,      0.0814,      0.2141,   8017.2876,-524348.0000,   -957.5896,    553.9354,  26724.2891,
       1,     170,     334,      20,       1,       3,       1,     10.0000,      1.4175,     42.8607,    253.1402,     63.7056,      3.4953,      0.0014,     -0.0320,      4.3203,      0.1739,      5.6848,     11.3696,      1.5367,     29.4190,     58.8379,      0.0196,      0.0033,      0.0156,      0.2142,   8017.2871,-462841.2812,   -944.6846,    558.1961,  26724.2871,
       1,     170,     334,      21,       1,       3,       1,     10.0000,      1.4175,     42.8607,    253.1402,     63.7056,      3.4953,      0.0000,     -0.0330,      3.9235,      0.1633,      5.6848,     11.3696,      1.4428,     29.4190,     58.8379,      0.0196,      0.0030,      0.0156,      0.2142,   8017.2866,-429579.0000,   -937.6080,    560.5334,  26724.2891,
       1,     170,     334,      22,       1,       3,       1,     10.0000,      1.4175,     42.8607,    253.1402,     63.7056,      3.4953,      0.0000,     -0.0327,      3.0556,      0.1545,      5.6848,     11.3696,      1.3653,     29.4190,     58.8379,      0.0196,      0.0024,      0.0156,      0.2143,   8017.2871,-426334.0000,   -936.8821,    560.7657,  26724.2891,
       1,     170,     334,      23,       1,       3,       1,     10.0000,      1.4175,     42.8607,    253.1402,     63.7056,      3.4953,      0.0000,     -0.0326,      2.4783,      0.1504,      5.6848,     11.3696,      1.3287,     29.4190,     58.8379,      0.0196,      0.0019,      0.0156,      0.2143,   8017.2871,-425026.4375,   -936.5775,    560.8574,  26724.2891,
       1,     170,     334,      24,       1,       3,       1,     10.0000,      1.4175,     42.8607,    253.1402,     63.7056,      3.4953,      0.0000,     -0.0324,      1.9435,      0.1462,      5.6848,     11.3696,      1.2917,     29.4190,     58.8379,      0.0196,      0.0015,      0.0156,      0.2143,   8017.2871,-424231.3125,   -936.3901,    560.9130,  26724.2891,
       1,     170,     335,       1,       1,       3,       1,     10.0000,      1.4175,     42.8610,    253.1461,     63.7071,      3.4953,      0.0000,     -0.0323,      1.6196,      0.1443,      5.6852,     11.3704,      1.2749,     29.4241,     58.8483,      0.0196,      0.0013,      0.0156,      0.2143,   8017.2871,-423683.8125,   -936.5590,    560.9647,  26725.4766,
       1,     170,     335,       2,       1,       3,       1,     10.0000,      1.4175,     42.8610,    253.1461,     63.7071,      3.4953,      0.0000,     -0.0319,      0.4175,      0.1328,      5.6852,     11.3704,      1.1732,     29.4241,     58.8483,      0.0196,      0.0003,      0.0156,      0.2143,   8017.6431,-423101.8750,   -936.1281,    561.0055,  26725.4766,
       1,     170,     335,       3,       1,       3,       1,     10.0000,      1.4175,     42.8610,    253.1461,     63.7071,      3.4953,      0.0000,     -0.0320,      0.6992,      0.1362,      5.6852,     11.3704,      1.2034,     29.4241,     58.8483,      0.0196,      0.0005,      0.0156,      0.2143,   8017.6431,-421624.8750,   -935.8135,    561.1090,  26725.4785,
       1,     170,     335,       4,       1,       3,       1,     10.0000,      1.4175,     42.8610,    253.1461,     63.7071,      3.4953,      0.0000,     -0.0317,      0.3016,      0.1268,      5.6852,     11.3704,      1.1207,     29.4241,     58.8483,      0.0196,      0.0002,      0.0156,      0.2143,   8017.6440,-421836.5312,   -935.8555,    561.0942,  26725.4766,
       1,     170,     335,       5,       1,       3,       1,     10.0000,      1.4175,     42.8610,    253.1461,     63.7071,      3.4953,      0.0000,     -0.0316,      0.2977,      0.1254,      5.6852,     11.3704,      1.1082,     29.4241,     58.8483,      0.0196,      0.0002,      0.0156,      0.2143,   8017.6431,-421381.6562,   -935.7598,    561.1261,  26725.4766,
       1,     170,     335,       6,       1,       3,       1,     10.0000,      1.4175,     42.8610,    253.1461,     63.7071,      3.4953,      0.0000,     -0.0317,      0.3030,      0.1273,      5.6852,     11.3704,      1.1253,     29.4241,     58.8483,      0.0196,      0.0002,      0.0156,      0.2143,   8017.6431,-421339.2188,   -935.7514,    561.1290,  26725.4766,
       1,     170,     335,       7,       1,       3,       1,     10.0000,      1.4175,     42.8610,    253.1461,     63.7071,      3.4953,      0.0000,     -0.0315,      0.2902,      0.1226,      5.6852,     11.3704,      1.0836,     29.4241,     58.8483,      0.0196,      0.0002,      0.0156,      0.2143,   8017.6431,-421342.0000,   -935.7528,    561.1288,  26725.4785,
       1,     170,     335,       8,       1,       3,       1,     10.0000,      1.4175,     42.8610,    253.1461,     63.7071,      3.4953,      0.0031,     -0.0284,      0.2895,      0.1224,      5.6852,     11.3704,      1.0814,     29.4241,     58.8483,      0.0196,      0.0002,      0.0156,      0.2143,   8017.6440,-421326.8125,   -935.7499,    561.1299,  26725.4766,
       1,     170,     335,       9,       1,       3,       1,     10.0000,      1.4175,     42.8610,    253.1461,     63.7071,      3.4953,      0.0881,      0.0563,      2.4551,      0.1320,      5.6852,     11.3704,      1.1661,     29.4241,     58.8483,      0.0196,      0.0003,      0.1049,      0.2143,   8017.6431,-421324.8750,   -935.7490,    561.1301,  26725.4766,
       1,     170,     335,      10,       1,       3,       1,     10.0000,      1.4175,     42.8610,    253.1461,     63.7071,      3.4953,      0.1689,      0.1357,     31.5928,      0.1671,      5.6852,     11.3704,      1.4765,     29.4241,     58.8483,      0.0196,      0.0018,      0.2158,      0.2143,   8017.6431,-423897.9688,   -936.2686,    560.9496,  26725.4746,
       1,     170,     335,      11,       1,       3,       1,     10.0000,      1.4175,     42.8610,    253.1461,     63.7071,      3.4953,      0.1940,      0.1604,     47.0489,      0.1790,      5.6852,     11.3704,      1.5818,     29.4241,     58.8483,      0.0196,      0.0023,      0.2500,      0.2143,   8017.6426,-458736.6250,   -943.6539,    558.5068,  26725.4766,
       1,     170,     335,      12,       1,       3,       1,     10.0000,      1.4175,     42.8610,    253.1461,     63.7071,      3.4953,      0.1973,      0.1631,     91.9782,      0.2007,      5.6852,     11.3704,      1.7731,     29.4241,     58.8483,      0.0196,      0.0044,      0.2500,      0.2143,   8017.6431,-480027.6562,   -948.1543,    557.0257,  26725.4766,
       1,     170,     335,      13,       1,       3,       1,     10.0000,      1.4175,     42.8610,    253.1461,     63.7071,      3.4953,      0.1985,      0.1637,    130.0234,      0.2199,      5.6852,     11.3704,      1.9433,     29.4241,     58.8483,      0.0196,      0.0063,      0.2476,      0.2142,   8017.6431,-535229.5000,   -959.9974,    553.1840,  26725.4766,
       1,     170,     335,      14,       1,       3,       1,     10.0000,      1.4175,     42.8610,    253.1461,     63.7071,      3.4953,      0.2001,      0.1650,    144.2901,      0.2317,      5.6852,     11.3704,      2.0470,     29.4241,     58.8483,      0.0196,      0.0070,      0.2484,      0.2142,   8017.6431,-585136.0625,   -970.9212,    549.7463,  26725.4785,
       1,     170,     335,      15,       1,       3,       1,     10.0000,      1.4175,     42.8610,    253.1461,     63.7071,      3.4953,      0.2006,      0.1657,    138.8657,      0.2269,      5.6852,     11.3704,      2.0053,     29.4241,     58.8483,      0.0196,      0.0067,      0.2498,      0.2141,   8017.6440,-606291.8125,   -975.8814,    548.3032,  26725.4746,
       1,     170,     335,      16,       1,       3,       1,     10.0000,      1.4175,     42.8610,    253.1461,     63.7071,      3.4953,      0.1980,      0.1630,    130.1515,      0.2283,      5.6852,     11.3704,      2.0171,     29.4241,     58.8483,      0.0196,      0.0063,      0.2470,      0.2141,   8017.6426,-601578.3125,   -975.4076,    548.6282,  26725.4727,
       1,     170,     335,      17,       1,       3,       1,     10.0000,      1.4175,     42.8610,    253.1461,     63.7071,      3.4953,      0.1911,      0.1562,    124.0725,      0.2236,      5.6852,     11.3704,      1.9760,     29.4241,     58.8483,      0.0196,      0.0063,      0.2376,      0.2141,   8017.6421,-590801.0000,   -973.6144,    549.3674,  26725.4746,
       1,     170,     335,      18,       1,       3,       1,     10.0000,      1.4175,     42.8610,    253.1461,     63.7071,      3.4953,      0.1527,      0.1185,     75.5749,      0.2028,      5.6852,     11.3704,      1.7925,     29.4241,     58.8483,      0.0196,      0.0048,      0.1879,      0.2141,   8017.6426,-582665.0000,   -972.3681,    549.9266,  26725.4727,
       1,     170,     335,      19,       1,       3,       1,     10.0000,      1.4175,     42.8610,    253.1461,     63.7071,      3.4953,      0.0545,      0.0208,     14.1141,      0.1854,      5.6852,     11.3704,      1.6379,     29.4241,     58.8483,      0.0196,      0.0031,      0.0543,      0.2141,   8017.6421,-524218.6875,   -960.1896,    553.9445,  26725.4727,
       1,     170,     335,      20,       1,       3,       1,     10.0000,      1.4175,     42.8610,    253.1461,     63.7071,      3.4953,      0.0015,     -0.0317,      2.5239,      0.1683,      5.6852,     11.3704,      1.4869,     29.4241,     58.8483,      0.0196,      0.0019,      0.0156,      0.2142,   8017.6421,-446274.0625,   -943.5185,    559.3563,  26725.4727,
       1,     170,     335,      21,       1,       3,       1,     10.0000,      1.4175,     42.8610,    253.1461,     63.7071,      3.4953,      0.0000,     -0.0329,      2.2524,      0.1594,      5.6852,     11.3704,      1.4086,     29.4241,     58.8483,      0.0196,      0.0017,      0.0156,      0.2143,   8017.6421,-426086.2188,   -939.1504,    560.7944,  26725.4727,
       1,     170,     335,      22,       1,       3,       1,     10.0000,      1.4175,     42.8610,    253.1461,     63.7071,      3.4953,      0.0000,     -0.0326,      1.4276,      0.1525,      5.6852,     11.3704,      1.3476,     29.4241,     58.8483,      0.0196,      0.0011,      0.0156,      0.2143,   8017.6421,-424056.4688,   -938.7009,    560.9385,  26725.4727,
       1,     170,     335,      23,       1,       3,       1,     10.0000,      1.4175,     42.8610,    253.1461,     63.7071,      3.4953,      0.0000,     -0.0323,      1.0157,      0.1440,      5.6852,     11.3704,      1.2723,     29.4241,     58.8483,      0.0196,      0.0008,      0.0156,      0.2143,   8017.6421,-422905.2188,   -938.4460,    561.0193,  26725.4727,
       1,     170,     335,      24,       1,       3,       1,     10.0000,      1.4175,     42.8610,    253.1461,     63.7071,      3.4953,      0.0000,     -0.0327,      2.8398,      0.1536,      5.6852,     11.3704,      1.3571,     29.4241,     58.8483,      0.0196,      0.0022,      0.0156,      0.2143,   8017.6421,-422319.6562,   -938.3156,    561.0603,  26725.4727,
       1,     170,     336,       1,       1,       3,       1,     10.0000,      1.4175,     42.8614,    253.1520,     63.7085,      3.4953,      0.0000,     -0.0325,      1.9121,      0.1477,      5.6850,     11.3700,      1.3049,     29.4292,     58.8585,      0.0196,      0.0015,      0.0156,      0.2143,   8017.6421,-424592.4062,   -939.0955,    560.9139,  26726.6621,
       1,     170,     336,       2,       1,       3,       1,     10.0000,      1.4175,     42.8614,    253.1520,     63.7085,      3.4953,      0.0000,     -0.0324,      0.9532,      0.1471,      5.6850,     11.3700,      1.2996,     29.4292,     58.8585,      0.0196,      0.0007,      0.0156,      0.2143,   8017.9990,-423528.1875,   -938.5544,    560.9885,  26726.6621,
       1,     170,     336,       3,       1,       3,       1,     10.0000,      1.4175,     42.8614,    253.1520,     63.7085,      3.4953,      0.0000,     -0.0323,      0.4218,      0.1422,      5.6850,     11.3700,      1.2570,     29.4292,     58.8585,      0.0196,      0.0003,      0.0156,      0.2143,   8017.9990,-422300.2812,   -938.2859,    561.0747,  26726.6641,
       1,     170,     336,       4,       1,       3,       1,     10.0000,      1.4175,     42.8614,    253.1520,     63.7085,      3.4953,      0.0000,     -0.0322,      0.3391,      0.1405,      5.6850,     11.3700,      1.2418,     29.4292,     58.8585,      0.0196,      0.0003,      0.0156,      0.2143,   8017.9995,-421566.3125,   -938.1273,    561.1262,  26726.6621,
       1,     170,     336,       5,       1,       3,       1,     10.0000,      1.4175,     42.8614,    253.1520,     63.7085,      3.4953,      0.0000,     -0.0321,      0.5845,      0.1373,      5.6850,     11.3700,      1.2132,     29.4292,     58.8585,      0.0196,      0.0005,      0.0156,      0.2143,   8017.9990,-421407.1250,   -910.0885,    561.1373,  26726.6758,
       1,     170,     336,       6,       1,       3,       1,     10.0000,      1.4175,     42.8614,    253.1520,     63.7085,      3.4953,      0.0000,     -0.0320,      0.3425,      0.1354,      5.6850,     11.3700,      1.1961,     29.4292,     58.8585,      0.0196,      0.0003,      0.0156,      0.2143,   8018.0029,-421683.8125,   -910.1702,    561.1179,  26726.6758,
       1,     170,     336,       7,       1,       3,       1,     10.0000,      1.4175,     42.8614,    253.1520,     63.7085,      3.4953,      0.0000,     -0.0319,      0.3145,      0.1316,      5.6850,     11.3700,      1.1625,     29.4292,     58.8585,      0.0196,      0.0002,      0.0156,      0.2143,   8018.0029,-421419.3125,   -910.1258,    561.1364,  26726.6758,
       1,     170,     336,       8,       1,       3,       1,     10.0000,      1.4175,     42.8614,    253.1520,     63.7085,      3.4953,      0.0051,     -0.0268,      0.3591,      0.1341,      5.6850,     11.3700,      1.1852,     29.4292,     58.8585,      0.0196,      0.0003,      0.0156,      0.2143,   8018.0029,-421364.0625,   -910.1172,    561.1404,  26726.6758,
       1,     170,     336,       9,       1,       3,       1,     10.0000,      1.4175,     42.8614,    253.1520,     63.7085,      3.4953,      0.0511,      0.0189,      2.2182,      0.1408,      5.6850,     11.3700,      1.2443,     29.4292,     58.8585,      0.0196,      0.0005,      0.0522,      0.2143,   8018.0029,-421412.3438,   -910.1491,    561.1369,  26726.6777,
       1,     170,     336,      10,       1,       3,       1,     10.0000,      1.4175,     42.8614,    253.1520,     63.7085,      3.4953,      0.1726,      0.1392,     40.5217,      0.1732,      5.6850,     11.3700,      1.5306,     29.4292,     58.8585,      0.0196,      0.0022,      0.2201,      0.2143,   8018.0034,-423625.1250,   -910.7656,    560.9818,  26726.6758,
       1,     170,     336,      11,       1,       3,       1,     10.0000,      1.4175,     42.8614,    253.1520,     63.7085,      3.4953,      0.1891,      0.1553,     62.3467,      0.1891,      5.6850,     11.3700,      1.6708,     29.4292,     58.8585,      0.0196,      0.0031,      0.2414,      0.2143,   8018.0029,-469319.6562,   -920.6287,    557.7775,  26726.6758,
       1,     170,     336,      12,       1,       3,       1,     10.0000,      1.4175,     42.8614,    253.1520,     63.7085,      3.4953,      0.1968,      0.1626,     84.9263,      0.1991,      5.6850,     11.3700,      1.7591,     29.4292,     58.8585,      0.0196,      0.0041,      0.2500,      0.2143,   8018.0029,-499097.7500,   -928.1541,    555.7105,  26726.6758,
       1,     170,     336,      13,       1,       3,       1,     10.0000,      1.4175,     42.8614,    253.1520,     63.7085,      3.4953,      0.1983,      0.1637,    105.8649,      0.2156,      5.6850,     11.3700,      1.9055,     29.4292,     58.8585,      0.0196,      0.0051,      0.2500,      0.2142,   8018.0029,-528429.6250,   -936.0749,    553.6768,  26726.6777,
       1,     170,     336,      14,       1,       3,       1,     10.0000,      1.4175,     42.8614,    253.1520,     63.7085,      3.4953,      0.1988,      0.1641,    112.0576,      0.2167,      5.6850,     11.3700,      1.9149,     29.4292,     58.8585,      0.0196,      0.0054,      0.2500,      0.2142,   8018.0034,-555788.2500,   -943.7671,    551.7871,  26726.6758,
       1,     170,     336,      15,       1,       3,       1,     10.0000,      1.4175,     42.8614,    253.1520,     63.7085,      3.4953,      0.1993,      0.1646,    119.6842,      0.2201,      5.6850,     11.3700,      1.9452,     29.4292,     58.8585,      0.0196,      0.0058,      0.2500,      0.2142,   8018.0029,-565436.8750,   -947.7497,    551.1248,  26726.6758,
       1,     170,     336,      16,       1,       3,       1,     10.0000,      1.4175,     42.8614,    253.1520,     63.7085,      3.4953,      0.1992,      0.1646,    117.5030,      0.2156,      5.6850,     11.3700,      1.9055,     29.4292,     58.8585,      0.0196,      0.0057,      0.2500,      0.2141,   8018.0029,-575316.3125,   -951.5469,    550.4446,  26726.6777,
       1,     170,     336,      17,       1,       3,       1,     10.0000,      1.4175,     42.8614,    253.1520,     63.7085,      3.4953,      0.1890,      0.1547,     96.5164,      0.2047,      5.6850,     11.3700,      1.8085,     29.4292,     58.8585,      0.0196,      0.0049,      0.2376,      0.2141,   8018.0034,-573538.8750,   -951.4944,    550.5673,  26726.6758,
       1,     170,     336,      18,       1,       3,       1,     10.0000,      1.4175,     42.8614,    253.1520,     63.7085,      3.4953,      0.1627,      0.1287,     68.3231,      0.1932,      5.6850,     11.3700,      1.7077,     29.4292,     58.8585,      0.0196,      0.0041,      0.2029,      0.2141,   8018.0029,-548398.3750,   -948.0004,    552.2975,  26726.6777,
       1,     170,     336,      19,       1,       3,       1,     10.0000,      1.4175,     42.8614,    253.1520,     63.7085,      3.4953,      0.0623,      0.0288,     16.9201,      0.1783,      5.6850,     11.3700,      1.5756,     29.4292,     58.8585,      0.0196,      0.0031,      0.0653,      0.2142,   8018.0034,-512760.0312,   -941.9984,    554.7606,  26726.6777,
       1,     170,     336,      20,       1,       3,       1,     10.0000,      1.4175,     42.8614,    253.1520,     63.7085,      3.4953,      0.0010,     -0.0321,      2.8461,      0.1671,      5.6850,     11.3700,      1.4765,     29.4292,     58.8585,      0.0196,      0.0022,      0.0156,      0.2142,   8018.0034,-448662.1875,   -929.9393,    559.2110,  26726.6758,
       1,     170,     336,      21,       1,       3,       1,     10.0000,      1.4175,     42.8614,    253.1520,     63.7085,      3.4953,      0.0000,     -0.0329,      2.0122,      0.1589,      5.6850,     11.3700,      1.4043,     29.4292,     58.8585,      0.0196,      0.0016,      0.0156,      0.2143,   8018.0029,-426657.6562,   -925.7804,    560.7670,  26726.6777,
       1,     170,     336,      22,       1,       3,       1,     10.0000,      1.4175,     42.8614,    253.1520,     63.7085,      3.4953,      0.0000,     -0.0329,      1.9180,      0.1586,      5.6850,     11.3700,      1.4015,     29.4292,     58.8585,      0.0196,      0.0015,      0.0156,      0.2143,   8018.0034,-423819.8125,   -925.2828,    560.9681,  26726.6777,
       1,     170,     336,      23,       1,       3,       1,     10.0000,      1.4175,     42.8614,    253.1520,     63.7085,      3.4953,      0.0000,     -0.0328,      1.7915,      0.1573,      5.6850,     11.3700,      1.3903,     29.4292,     58.8585,      0.0196,      0.0014,      0.0156,      0.2143,   8018.0034,-423469.0000,   -925.2674,    560.9927,  26726.6758,
       1,     170,     336,      24,       1,       3,       1,     10.0000,      1.4175,     42.8614,    253.1520,     63.7085,      3.4953,      0.0000,     -0.0325,      1.1767,      0.1490,      5.6850,     11.3700,      1.3167,     29.4292,     58.8585,      0.0196,      0.0009,      0.0156,      0.2143,   8018.0029,-423289.6875,   -925.2781,    561.0053,  26726.6738,
       1,     170,     337,       1,       1,       3,       1,     10.0000,      1.4175,     42.8617,    253.1580,     63.7101,      3.4953,      0.0000,     -0.0326,      0.8584,      0.1511,      5.6856,     11.3712,      1.3355,     29.4338,     58.8676,      0.0196,      0.0007,      0.0156,      0.2143,   8018.0024,-422698.9062,   -925.4626,    561.0599,  26727.8613,
       1,     170,     337,       2,       1,       3,       1,     10.0000,      1.4175,     42.8617,    253.1580,     63.7101,      3.4953,      0.0000,     -0.0326,      0.8382,      0.1508,      5.6856,     11.3712,      1.3328,     29.4338,     58.8676,      0.0196,      0.0006,      0.0156,      0.2143,   8018.3589,-422119.9062,   -925.0958,    561.1005,  26727.8613,
       1,     170,     337,       3,       1,       3,       1,     10.0000,      1.4175,     42.8617,    253.1580,     63.7101,      3.4953,      0.0000,     -0.0326,      1.2480,      0.1519,      5.6856,     11.3712,      1.3422,     29.4338,     58.8676,      0.0196,      0.0010,      0.0156,      0.2143,   8018.3589,-422047.6562,   -925.0961,    561.1057,  26727.8613,
       1,     170,     337,       4,       1,       3,       1,     10.0000,      1.4175,     42.8617,    253.1580,     63.7101,      3.4953,      0.0000,     -0.0324,      0.8164,      0.1450,      5.6856,     11.3712,      1.2814,     29.4338,     58.8676,      0.0196,      0.0006,      0.0156,      0.2143,   8018.3589,-422528.4375,   -925.2218,    561.0718,  26727.8633,
       1,     170,     337,       5,       1,       3,       1,     10.0000,      1.4175,     42.8617,    253.1580,     63.7101,      3.4953,      0.0000,     -0.0323,      0.3423,      0.1417,      5.6856,     11.3712,      1.2519,     29.4338,     58.8676,      0.0196,      0.0003,      0.0156,      0.2143,   8018.3594,-422055.7500,   -925.1425,    561.1050,  26727.8594,
       1,     170,     337,       6,       1,       3,       1,     10.0000,      1.4175,     42.8617,    253.1580,     63.7101,      3.4953,      0.0000,     -0.0322,      0.3387,      0.1404,      5.6856,     11.3712,      1.2406,     29.4338,     58.8676,      0.0196,      0.0003,      0.0156,      0.2143,   8018.3579,-421453.5312,   -925.0284,    561.1473,  26727.8594,
       1,     170,     337,       7,       1,       3,       1,     10.0000,      1.4175,     42.8617,    253.1580,     63.7101,      3.4953,      0.0000,     -0.0320,      0.3256,      0.1356,      5.6856,     11.3712,      1.1985,     29.4338,     58.8676,      0.0196,      0.0003,      0.0156,      0.2143,   8018.3579,-421399.0938,   -925.0195,    561.1511,  26727.8613,
       1,     170,     337,       8,       1,       3,       1,     10.0000,      1.4175,     42.8617,    253.1580,     63.7101,      3.4953,      0.0070,     -0.0250,      0.3215,      0.1341,      5.6856,     11.3712,      1.1852,     29.4338,     58.8676,      0.0196,      0.0002,      0.0156,      0.2143,   8018.3589,-421378.6875,   -925.0163,    561.1525,  26727.8633,
       1,     170,     337,       9,       1,       3,       1,     10.0000,      1.4175,     42.8617,    253.1580,     63.7101,      3.4953,      0.1178,      0.0850,     11.2649,      0.1556,      5.6856,     11.3712,      1.3751,     29.4338,     58.8676,      0.0196,      0.0009,      0.1455,      0.2143,   8018.3594,-421371.8750,   -925.0231,    561.1530,  26727.8613,
       1,     170,     337,      10,       1,       3,       1,     10.0000,      1.4175,     42.8617,    253.1580,     63.7101,      3.4953,      0.1747,      0.1404,     77.4439,      0.2011,      5.6856,     11.3712,      1.7767,     29.4338,     58.8676,      0.0196,      0.0043,      0.2191,      0.2143,   8018.3589,-434371.8438,   -927.7650,    560.2411,  26727.8594,
       1,     170,     337,      11,       1,       3,       1,     10.0000,      1.4175,     42.8617,    253.1580,     63.7101,      3.4953,      0.1953,      0.1613,     86.6175,      0.1942,      5.6856,     11.3712,      1.7162,     29.4338,     58.8676,      0.0196,      0.0042,      0.2476,      0.2143,   8018.3579,-514090.2500,   -944.0397,    554.6591,  26727.8613,
       1,     170,     337,      12,       1,       3,       1,     10.0000,      1.4175,     42.8617,    253.1580,     63.7101,      3.4953,      0.1985,      0.1641,    107.2784,      0.2055,      5.6856,     11.3712,      1.8157,     29.4338,     58.8676,      0.0196,      0.0052,      0.2500,      0.2142,   8018.3589,-531710.8125,   -948.3371,    553.4653,  26727.8633,
       1,     170,     337,      13,       1,       3,       1,     10.0000,      1.4175,     42.8617,    253.1580,     63.7101,      3.4953,      0.2001,      0.1654,    129.2682,      0.2188,      5.6856,     11.3712,      1.9338,     29.4338,     58.8676,      0.0196,      0.0062,      0.2500,      0.2142,   8018.3594,-557728.6250,   -954.3890,    551.6665,  26727.8613,
       1,     170,     337,      14,       1,       3,       1,     10.0000,      1.4175,     42.8617,    253.1580,     63.7101,      3.4953,      0.1990,      0.1641,    114.9671,      0.2217,      5.6856,     11.3712,      1.9587,     29.4338,     58.8676,      0.0196,      0.0055,      0.2500,      0.2142,   8018.3589,-586072.9375,   -960.9417,    549.7149,  26727.8613,
       1,     170,     337,      15,       1,       3,       1,     10.0000,      1.4175,     42.8617,    253.1580,     63.7101,      3.4953,      0.1879,      0.1537,     89.8711,      0.1999,      5.6856,     11.3712,      1.7662,     29.4338,     58.8676,      0.0196,      0.0046,      0.2366,      0.2141,   8018.3589,-571399.7500,   -958.8378,    550.7266,  26727.8613,
       1,     170,     337,      16,       1,       3,       1,     10.0000,      1.4175,     42.8617,    253.1580,     63.7101,      3.4953,      0.1843,      0.1502,     89.5435,      0.1967,      5.6856,     11.3712,      1.7384,     29.4338,     58.8676,      0.0196,      0.0047,      0.2316,      0.2142,   8018.3589,-540298.9375,   -953.2364,    552.8685,  26727.8613,
       1,     170,     337,      17,       1,       3,       1,     10.0000,      1.4175,     42.8617,    253.1580,     63.7101,      3.4953,      0.1735,      0.1391,     92.8361,      0.2045,      5.6856,     11.3712,      1.8068,     29.4338,     58.8676,      0.0196,      0.0052,      0.2157,      0.2142,   8018.3589,-537341.4375,   -953.1495,    553.0771,  26727.8613,
       1,     170,     337,      18,       1,       3,       1,     10.0000,      1.4175,     42.8617,    253.1580,     63.7101,      3.4953,      0.1270,      0.0932,     41.5769,      0.1857,      5.6856,     11.3712,      1.6412,     29.4338,     58.8676,      0.0196,      0.0032,      0.1549,      0.2142,   8018.3589,-541009.5625,   -954.3657,    552.8235,  26727.8633,
       1,     170,     337,      19,       1,       3,       1,     10.0000,      1.4175,     42.8617,    253.1580,     63.7101,      3.4953,      0.0267,     -0.0065,      2.9681,      0.1710,      5.6856,     11.3712,      1.5109,     29.4338,     58.8676,      0.0196,      0.0022,      0.0164,      0.2142,   8018.3594,-480309.5312,   -942.4479,    557.0181,  26727.8613,
       1,     170,     337,      20,       1,       3,       1,     10.0000,      1.4175,     42.8617,    253.1580,     63.7101,      3.4953,      0.0008,     -0.0323,      2.2774,      0.1649,      5.6856,     11.3712,      1.4575,     29.4338,     58.8676,      0.0196,      0.0018,      0.0156,      0.2143,   8018.3589,-429416.4688,   -932.2574,    560.5776,  26727.8613,
       1,     170,     337,      21,       1,       3,       1,     10.0000,      1.4175,     42.8617,    253.1580,     63.7101,      3.4953,      0.0000,     -0.0329,      2.0136,      0.1591,      5.6856,     11.3712,      1.4058,     29.4338,     58.8676,      0.0196,      0.0016,      0.0156,      0.2143,   8018.3589,-424378.6875,   -931.2454,    560.9420,  26727.8613,
       1,     170,     337,      22,       1,       3,       1,     10.0000,      1.4175,     42.8617,    253.1580,     63.7101,      3.4953,      0.0000,     -0.0327,      1.3546,      0.1537,      5.6856,     11.3712,      1.3586,     29.4338,     58.8676,      0.0196,      0.0010,      0.0156,      0.2143,   8018.3589,-423632.4375,   -931.0945,    560.9944,  26727.8613,
       1,     170,     337,      23,       1,       3,       1,     10.0000,      1.4175,     42.8617,    253.1580,     63.7101,      3.4953,      0.0000,     -0.0327,      1.2649,      0.1537,      5.6856,     11.3712,      1.3586,     29.4338,     58.8676,      0.0196,      0.0010,      0.0156,      0.2143,   8018.3589,-422787.1875,   -930.9238,    561.0537,  26727.8633,
       1,     170,     337,      24,       1,       3,       1,     10.0000,      1.4175,     42.8617,    253.1580,     63.7101,      3.4953,      0.0000,     -0.0326,      0.9488,      0.1504,      5.6856,     11.3712,      1.3288,     29.4338,     58.8676,      0.0196,      0.0007,      0.0156,      0.2143,   8018.3594,-422610.0312,   -930.8876,    561.0662,  26727.8613,
       1,     170,     338,       1,       1,       3,       1,     10.0000,      1.4176,     42.8620,    253.1639,     63.7115,      3.4953,      0.0000,     -0.0325,      1.0199,      0.1496,      5.6855,     11.3710,      1.3221,     29.4374,     58.8748,      0.0196,      0.0008,      0.0156,      0.2144,   8018.3589,-422374.6250,   -931.1271,    561.0959,  26729.0508,
       1,     170,     338,       2,       1,       3,       1,     10.0000,      1.4176,     42.8620,    253.1639,     63.7115,      3.4953,      0.0000,     -0.0324,      0.8122,      0.1469,      5.6855,     11.3710,      1.2983,     29.4374,     58.8748,      0.0196,      0.0006,      0.0156,      0.2144,   8018.7153,-422287.8750,   -930.8301,    561.1019,  26729.0508,
       1,     170,     338,       3,       1,       3,       1,     10.0000,      1.4176,     42.8620,    253.1639,     63.7115,      3.4953,      0.0000,     -0.0323,      0.7705,      0.1436,      5.6855,     11.3710,      1.2685,     29.4374,     58.8748,      0.0196,      0.0006,      0.0156,      0.2144,   8018.7153,-422034.0625,   -930.7797,    561.1198,  26729.0527,
       1,     170,     338,       4,       1,       3,       1,     10.0000,      1.4176,     42.8620,    253.1639,     63.7115,      3.4953,      0.0000,     -0.0320,      0.3329,      0.1337,      5.6855,     11.3710,      1.1817,     29.4374,     58.8748,      0.0196,      0.0003,      0.0156,      0.2144,   8018.7163,-421962.9375,   -930.7652,    561.1247,  26729.0527,
       1,     170,     338,       5,       1,       3,       1,     10.0000,      1.4176,     42.8620,    253.1639,     63.7115,      3.4953,      0.0000,     -0.0319,      0.3200,      0.1336,      5.6855,     11.3710,      1.1805,     29.4374,     58.8748,      0.0196,      0.0002,      0.0156,      0.2144,   8018.7163,-421437.2500,   -930.6609,    561.1616,  26729.0508,
       1,     170,     338,       6,       1,       3,       1,     10.0000,      1.4176,     42.8620,    253.1639,     63.7115,      3.4953,      0.0000,     -0.0319,      0.3178,      0.1328,      5.6855,     11.3710,      1.1733,     29.4374,     58.8748,      0.0196,      0.0002,      0.0156,      0.2144,   8018.7153,-421378.5312,   -930.6511,    561.1657,  26729.0508,
       1,     170,     338,       7,       1,       3,       1,     10.0000,      1.4176,     42.8620,    253.1639,     63.7115,      3.4953,      0.0000,     -0.0321,      0.5494,      0.1367,      5.6855,     11.3710,      1.2083,     29.4374,     58.8748,      0.0196,      0.0004,      0.0156,      0.2144,   8018.7153,-421370.9688,   -930.6509,    561.1663,  26729.0508,
       1,     170,     338,       8,       1,       3,       1,     10.0000,      1.4176,     42.8620,    253.1639,     63.7115,      3.4953,      0.0059,     -0.0260,      0.4122,      0.1335,      5.6855,     11.3710,      1.1793,     29.4374,     58.8748,      0.0196,      0.0003,      0.0156,      0.2144,   8018.7153,-421645.5000,   -930.7069,    561.1470,  26729.0488,
       1,     170,     338,       9,       1,       3,       1,     10.0000,      1.4176,     42.8620,    253.1639,     63.7115,      3.4953,      0.1100,      0.0773,     14.1278,      0.1525,      5.6855,     11.3710,      1.3477,     29.4374,     58.8748,      0.0196,      0.0013,      0.1340,      0.2144,   8018.7148,-421505.5312,   -930.6791,    561.1568,  26729.0508,
       1,     170,     338,      10,       1,       3,       1,     10.0000,      1.4176,     42.8620,    253.1639,     63.7115,      3.4953,      0.1752,      0.1415,     51.4124,      0.1844,      5.6855,     11.3710,      1.6299,     29.4374,     58.8748,      0.0196,      0.0028,      0.2227,      0.2144,   8018.7153,-437785.5000,   -933.9868,    560.0148,  26729.0488,
       1,     170,     338,      11,       1,       3,       1,     10.0000,      1.4176,     42.8620,    253.1639,     63.7115,      3.4953,      0.1959,      0.1620,     72.4614,      0.1906,      5.6855,     11.3710,      1.6842,     29.4374,     58.8748,      0.0196,      0.0035,      0.2500,      0.2144,   8018.7148,-483443.0938,   -943.3221,    556.8199,  26729.0508,
       1,     170,     338,      12,       1,       3,       1,     10.0000,      1.4176,     42.8620,    253.1639,     63.7115,      3.4953,      0.1982,      0.1639,    102.4934,      0.2033,      5.6855,     11.3710,      1.7961,     29.4374,     58.8748,      0.0196,      0.0049,      0.2500,      0.2143,   8018.7153,-512289.8125,   -949.3713,    554.8211,  26729.0508,
       1,     170,     338,      13,       1,       3,       1,     10.0000,      1.4176,     42.8620,    253.1639,     63.7115,      3.4953,      0.2004,      0.1656,    132.5670,      0.2186,      5.6855,     11.3710,      1.9320,     29.4374,     58.8748,      0.0196,      0.0064,      0.2500,      0.2143,   8018.7153,-550405.9375,   -957.4304,    552.1813,  26729.0508,
       1,     170,     338,      14,       1,       3,       1,     10.0000,      1.4176,     42.8620,    253.1639,     63.7115,      3.4953,      0.2009,      0.1661,    140.1306,      0.2208,      5.6855,     11.3710,      1.9511,     29.4374,     58.8748,      0.0196,      0.0068,      0.2499,      0.2142,   8018.7153,-589376.3750,   -965.8158,    549.4978,  26729.0508,
       1,     170,     338,      15,       1,       3,       1,     10.0000,      1.4176,     42.8620,    253.1639,     63.7115,      3.4953,      0.1998,      0.1646,    171.4789,      0.2353,      5.6855,     11.3710,      2.0794,     29.4374,     58.8748,      0.0196,      0.0084,      0.2451,      0.2142,   8018.7153,-601631.3750,   -968.8582,    548.6625,  26729.0488,
       1,     170,     338,      16,       1,       3,       1,     10.0000,      1.4176,     42.8620,    253.1639,     63.7115,      3.4953,      0.1967,      0.1616,    178.3924,      0.2312,      5.6855,     11.3710,      2.0431,     29.4374,     58.8748,      0.0196,      0.0090,      0.2398,      0.2141,   8018.7148,-639985.3750,   -977.3309,    546.0327,  26729.0508,
       1,     170,     338,      17,       1,       3,       1,     10.0000,      1.4176,     42.8620,    253.1639,     63.7115,      3.4953,      0.1736,      0.1390,    115.3740,      0.2127,      5.6855,     11.3710,      1.8795,     29.4374,     58.8748,      0.0196,      0.0065,      0.2134,      0.2141,   8018.7153,-651434.9375,   -980.4133,    545.2576,  26729.0527,
       1,     170,     338,      18,       1,       3,       1,     10.0000,      1.4176,     42.8620,    253.1639,     63.7115,      3.4953,      0.1201,      0.0860,     54.4695,      0.1950,      5.6855,     11.3710,      1.7230,     29.4374,     58.8748,      0.0196,      0.0046,      0.1434,      0.2140,   8018.7163,-577246.0625,   -965.7484,    550.3146,  26729.0488,
       1,     170,     338,      19,       1,       3,       1,     10.0000,      1.4176,     42.8620,    253.1639,     63.7115,      3.4953,      0.0523,      0.0185,     18.6020,      0.1863,      5.6855,     11.3710,      1.6462,     29.4374,     58.8748,      0.0196,      0.0044,      0.0506,      0.2142,   8018.7148,-498644.7812,   -949.8238,    555.7450,  26729.0488,
       1,     170,     338,      20,       1,       3,       1,     10.0000,      1.4176,     42.8620,    253.1639,     63.7115,      3.4953,      0.0015,     -0.0320,      4.6515,      0.1771,      5.6855,     11.3710,      1.5647,     29.4374,     58.8748,      0.0196,      0.0036,      0.0156,      0.2143,   8018.7148,-449529.6250,   -939.7075,    559.1838,  26729.0508,
       1,     170,     338,      21,       1,       3,       1,     10.0000,      1.4176,     42.8620,    253.1639,     63.7115,      3.4953,      0.0000,     -0.0331,      3.5716,      0.1643,      5.6855,     11.3710,      1.4517,     29.4374,     58.8748,      0.0196,      0.0028,      0.0156,      0.2143,   8018.7153,-428871.8438,   -935.3879,    560.6384,  26729.0488,
       1,     170,     338,      22,       1,       3,       1,     10.0000,      1.4176,     42.8620,    253.1639,     63.7115,      3.4953,      0.0000,     -0.0329,      2.7960,      0.1591,      5.6855,     11.3710,      1.4058,     29.4374,     58.8748,      0.0196,      0.0022,      0.0156,      0.2144,   8018.7148,-425862.6250,   -934.7266,    560.8512,  26729.0488,
       1,     170,     338,      23,       1,       3,       1,     10.0000,      1.4176,     42.8620,    253.1639,     63.7115,      3.4953,      0.0000,     -0.0328,      2.6945,      0.1580,      5.6855,     11.3710,      1.3960,     29.4374,     58.8748,      0.0196,      0.0021,      0.0156,      0.2144,   8018.7148,-424688.5000,   -934.4547,    560.9335,  26729.0488,
       1,     170,     338,      24,       1,       3,       1,     10.0000,      1.4176,     42.8620,    253.1639,     63.7115,      3.4953,      0.0000,     -0.0327,      2.4324,      0.1536,      5.6855,     11.3710,      1.3572,     29.4374,     58.8748,      0.0196,      0.0019,      0.0156,      0.2144,   8018.7148,-424470.0625,   -934.3813,    560.9488,  26729.0488,
       1,     170,     339,       1,       1,       3,       1,     10.0000,      1.4176,     42.8624,    253.1698,     63.7130,      3.4953,      0.0000,     -0.0324,      1.7026,      0.1458,      5.6856,     11.3711,      1.2879,     29.4420,     58.8839,      0.0196,      0.0013,      0.0156,      0.2144,   8018.7148,-424294.8438,   -934.6122,    560.9742,  26730.2383,
       1,     170,     339,       2,       1,       3,       1,     10.0000,      1.4176,     42.8624,    253.1698,     63.7130,      3.4953,      0.0000,     -0.0323,      1.5041,      0.1428,      5.6856,     11.3711,      1.2622,     29.4420,     58.8839,      0.0196,      0.0012,      0.0156,      0.2144,   8019.0718,-423261.8438,   -934.0945,    561.0467,  26730.2402,
       1,     170,     339,       3,       1,       3,       1,     10.0000,      1.4176,     42.8624,    253.1698,     63.7130,      3.4953,      0.0000,     -0.0322,      1.2504,      0.1391,      5.6856,     11.3711,      1.2294,     29.4420,     58.8839,      0.0196,      0.0010,      0.0156,      0.2144,   8019.0723,-422939.6562,   -934.0137,    561.0693,  26730.2383,
       1,     170,     339,       4,       1,       3,       1,     10.0000,      1.4176,     42.8624,    253.1698,     63.7130,      3.4953,      0.0000,     -0.0321,      1.0805,      0.1386,      5.6856,     11.3711,      1.2244,     29.4420,     58.8839,      0.0196,      0.0008,      0.0156,      0.2144,   8019.0718,-422611.9375,   -933.9376,    561.0923,  26730.2363,
       1,     170,     339,       5,       1,       3,       1,     10.0000,      1.4176,     42.8624,    253.1698,     63.7130,      3.4953,      0.0000,     -0.0321,      1.1467,      0.1369,      5.6856,     11.3711,      1.2096,     29.4420,     58.8839,      0.0196,      0.0009,      0.0156,      0.2144,   8019.0713,-422382.9062,   -933.8823,    561.1083,  26730.2383,
       1,     170,     339,       6,       1,       3,       1,     10.0000,      1.4176,     42.8624,    253.1698,     63.7130,      3.4953,      0.0000,     -0.0320,      1.3688,      0.1343,      5.6856,     11.3711,      1.1865,     29.4420,     58.8839,      0.0196,      0.0011,      0.0156,      0.2144,   8019.0718,-422442.3438,   -933.8845,    561.1041,  26730.2402,
       1,     170,     339,       7,       1,       3,       1,     10.0000,      1.4176,     42.8624,    253.1698,     63.7130,      3.4953,      0.0000,     -0.0321,      1.3788,      0.1363,      5.6856,     11.3711,      1.2047,     29.4420,     58.8839,      0.0196,      0.0011,      0.0156,      0.2144,   8019.0723,-422710.8438,   -933.9285,    561.0853,  26730.2383,
       1,     170,     339,       8,       1,       3,       1,     10.0000,      1.4176,     42.8624,    253.1698,     63.7130,      3.4953,      0.0067,     -0.0250,      1.2245,      0.1252,      5.6856,     11.3711,      1.1060,     29.4420,     58.8839,      0.0196,      0.0009,      0.0156,      0.2144,   8019.0718,-422745.3750,   -933.9244,    561.0829,  26730.2402,
       1,     170,     339,       9,       1,       3,       1,     10.0000,      1.4176,     42.8624,    253.1698,     63.7130,      3.4953,      0.1313,      0.0989,     28.0717,      0.1436,      5.6856,     11.3711,      1.2686,     29.4420,     58.8839,      0.0196,      0.0021,      0.1628,      0.2144,   8019.0723,-422564.5312,   -934.4169,    561.0955,  26730.2383,
       1,     170,     339,      10,       1,       3,       1,     10.0000,      1.4176,     42.8624,    253.1698,     63.7130,      3.4953,      0.1372,      0.1043,     34.8568,      0.1597,      5.6856,     11.3711,      1.4115,     29.4420,     58.8839,      0.0196,      0.0025,      0.1703,      0.2144,   8019.0718,-454436.6250,   -941.0444,    558.8602,  26730.2402,
       1,     170,     339,      11,       1,       3,       1,     10.0000,      1.4176,     42.8624,    253.1698,     63.7130,      3.4953,      0.1844,      0.1513,     75.4287,      0.1666,      5.6856,     11.3711,      1.4722,     29.4420,     58.8839,      0.0196,      0.0039,      0.2330,      0.2144,   8019.0723,-465164.4375,   -943.3245,    558.1152,  26730.2383,
       1,     170,     339,      12,       1,       3,       1,     10.0000,      1.4176,     42.8624,    253.1698,     63.7130,      3.4953,      0.1973,      0.1634,     90.3352,      0.1900,      5.6856,     11.3711,      1.6792,     29.4420,     58.8839,      0.0196,      0.0044,      0.2500,      0.2144,   8019.0718,-514270.0625,   -953.6288,    554.6899,  26730.2383,
       1,     170,     339,      13,       1,       3,       1,     10.0000,      1.4176,     42.8624,    253.1698,     63.7130,      3.4953,      0.1992,      0.1648,    116.6711,      0.2079,      5.6856,     11.3711,      1.8374,     29.4420,     58.8839,      0.0196,      0.0056,      0.2500,      0.2143,   8019.0718,-536107.9375,   -958.3425,    553.1863,  26730.2383,
       1,     170,     339,      14,       1,       3,       1,     10.0000,      1.4176,     42.8624,    253.1698,     63.7130,      3.4953,      0.2011,      0.1662,    149.2898,      0.2256,      5.6856,     11.3711,      1.9937,     29.4420,     58.8839,      0.0196,      0.0072,      0.2493,      0.2143,   8019.0718,-569246.3750,   -965.5352,    550.8968,  26730.2363,
       1,     170,     339,      15,       1,       3,       1,     10.0000,      1.4176,     42.8624,    253.1698,     63.7130,      3.4953,      0.1967,      0.1623,    116.1014,      0.2073,      5.6856,     11.3711,      1.8320,     29.4420,     58.8839,      0.0196,      0.0057,      0.2465,      0.2142,   8019.0713,-610837.5625,   -974.6377,    548.0375,  26730.2363,
       1,     170,     339,      16,       1,       3,       1,     10.0000,      1.4176,     42.8624,    253.1698,     63.7130,      3.4953,      0.1958,      0.1620,     83.7367,      0.1876,      5.6856,     11.3711,      1.6577,     29.4420,     58.8839,      0.0196,      0.0041,      0.2486,      0.2142,   8019.0713,-574773.0000,   -969.1156,    550.5155,  26730.2363,
       1,     170,     339,      17,       1,       3,       1,     10.0000,      1.4176,     42.8624,    253.1698,     63.7130,      3.4953,      0.1870,      0.1530,     88.0435,      0.1929,      5.6856,     11.3711,      1.7044,     29.4420,     58.8839,      0.0196,      0.0045,      0.2355,      0.2142,   8019.0713,-533259.1250,   -960.7835,    553.3778,  26730.2363,
       1,     170,     339,      18,       1,       3,       1,     10.0000,      1.4176,     42.8624,    253.1698,     63.7130,      3.4953,      0.1360,      0.1023,     55.6582,      0.1823,      5.6856,     11.3711,      1.6106,     29.4420,     58.8839,      0.0196,      0.0040,      0.1662,      0.2143,   8019.0713,-534957.1875,   -961.8990,    553.2678,  26730.2344,
       1,     170,     339,      19,       1,       3,       1,     10.0000,      1.4176,     42.8624,    253.1698,     63.7130,      3.4953,      0.0918,      0.0582,     31.5512,      0.1808,      5.6856,     11.3711,      1.5978,     29.4420,     58.8839,      0.0196,      0.0036,      0.1057,      0.2143,   8019.0708,-496559.8125,   -954.0817,    555.9233,  26730.2363,
       1,     170,     339,      20,       1,       3,       1,     10.0000,      1.4176,     42.8624,    253.1698,     63.7130,      3.4953,      0.0024,     -0.0309,      4.4188,      0.1701,      5.6856,     11.3711,      1.5035,     29.4420,     58.8839,      0.0196,      0.0034,      0.0156,      0.2143,   8019.0713,-464730.5625,   -947.5033,    558.1415,  26730.2344,
       1,     170,     339,      21,       1,       3,       1,     10.0000,      1.4176,     42.8624,    253.1698,     63.7130,      3.4953,      0.0000,     -0.0330,      3.9270,      0.1631,      5.6856,     11.3711,      1.4416,     29.4420,     58.8839,      0.0196,      0.0030,      0.0156,      0.2144,   8019.0708,-429848.1875,   -940.1590,    560.5796,  26730.2324,
       1,     170,     339,      22,       1,       3,       1,     10.0000,      1.4176,     42.8624,    253.1698,     63.7130,      3.4953,      0.0000,     -0.0328,      3.3725,      0.1577,      5.6856,     11.3711,      1.3932,     29.4420,     58.8839,      0.0196,      0.0026,      0.0156,      0.2144,   8019.0698,-426373.2812,   -939.3826,    560.8285,  26730.2344,
       1,     170,     339,      23,       1,       3,       1,     10.0000,      1.4176,     42.8624,    253.1698,     63.7130,      3.4953,      0.0000,     -0.0328,      3.0310,      0.1558,      5.6856,     11.3711,      1.3765,     29.4420,     58.8839,      0.0196,      0.0023,      0.0156,      0.2144,   8019.0708,-425418.8438,   -939.1423,    560.8954,  26730.2324,
       1,     170,     339,      24,       1,       3,       1,     10.0000,      1.4176,     42.8624,    253.1698,     63.7130,      3.4953,      0.0000,     -0.0325,      2.9652,      0.1496,      5.6856,     11.3711,      1.3222,     29.4420,     58.8839,      0.0196,      0.0023,      0.0156,      0.2144,   8019.0698,-424933.8438,   -939.0047,    560.9294,  26730.2344,
       1,     170,     340,       1,       1,       3,       1,     10.0000,      1.4176,     42.8627,    253.1758,     63.7145,      3.4953,      0.0000,     -0.0324,      2.5548,      0.1447,      5.6859,     11.3719,      1.2789,     29.4476,     58.8951,      0.0196,      0.0020,      0.0156,      0.2144,   8019.0708,-424969.0000,   -939.2736,    560.9401,  26731.4219,
       1,     170,     340,       2,       1,       3,       1,     10.0000,      1.4176,     42.8627,    253.1758,     63.7145,      3.4953,      0.0000,     -0.0322,      2.4608,      0.1407,      5.6859,     11.3719,      1.2432,     29.4476,     58.8951,      0.0196,      0.0019,      0.0156,      0.2144,   8019.4268,-424333.1875,   -938.8199,    560.9847,  26731.4199,
       1,     170,     340,       3,       1,       3,       1,     10.0000,      1.4176,     42.8627,    253.1758,     63.7145,      3.4953,      0.0000,     -0.0322,      2.6716,      0.1390,      5.6859,     11.3719,      1.2282,     29.4476,     58.8951,      0.0196,      0.0021,      0.0156,      0.2144,   8019.4263,-424168.6875,   -938.7585,    560.9962,  26731.4219,
       1,     170,     340,       4,       1,       3,       1,     10.0000,      1.4176,     42.8627,    253.1758,     63.7145,      3.4953,      0.0000,     -0.0321,      2.6325,      0.1373,      5.6859,     11.3719,      1.2133,     29.4476,     58.8951,      0.0196,      0.0020,      0.0156,      0.2144,   8019.4268,-424405.2188,   -938.7795,    560.9796,  26731.4199,
       1,     170,     340,       5,       1,       3,       1,     10.0000,      1.4176,     42.8627,    253.1758,     63.7145,      3.4953,      0.0000,     -0.0322,      2.5050,      0.1390,      5.6859,     11.3719,      1.2282,     29.4476,     58.8951,      0.0196,      0.0019,      0.0156,      0.2144,   8019.4263,-424378.6562,   -938.7488,    560.9815,  26731.4238,
       1,     170,     340,       6,       1,       3,       1,     10.0000,      1.4176,     42.8627,    253.1758,     63.7145,      3.4953,      0.0000,     -0.0320,      1.9080,      0.1355,      5.6859,     11.3719,      1.1974,     29.4476,     58.8951,      0.0196,      0.0015,      0.0156,      0.2144,   8019.4272,-424224.7188,   -938.6884,    560.9923,  26731.4219,
       1,     170,     340,       7,       1,       3,       1,     10.0000,      1.4176,     42.8627,    253.1758,     63.7145,      3.4953,      0.0000,     -0.0317,      1.1347,      0.1280,      5.6859,     11.3719,      1.1311,     29.4476,     58.8951,      0.0196,      0.0009,      0.0156,      0.2144,   8019.4268,-423503.0312,   -938.5181,    561.0430,  26731.4219,
       1,     170,     340,       8,       1,       3,       1,     10.0000,      1.4176,     42.8627,    253.1758,     63.7145,      3.4953,      0.0059,     -0.0260,      1.8253,      0.1313,      5.6859,     11.3719,      1.1603,     29.4476,     58.8951,      0.0196,      0.0014,      0.0156,      0.2144,   8019.4268,-422524.5312,   -938.3061,    561.1116,  26731.4238,
       1,     170,     340,       9,       1,       3,       1,     10.0000,      1.4176,     42.8627,    253.1758,     63.7145,      3.4953,      0.1144,      0.0815,     36.1384,      0.1578,      5.6859,     11.3719,      1.3946,     29.4476,     58.8951,      0.0196,      0.0032,      0.1377,      0.2144,   8019.4272,-423263.0000,   -938.4463,    561.0598,  26731.4219,
       1,     170,     340,      10,       1,       3,       1,     10.0000,      1.4176,     42.8627,    253.1758,     63.7145,      3.4953,      0.1785,      0.1451,     76.0859,      0.1751,      5.6859,     11.3719,      1.5477,     29.4476,     58.8951,      0.0196,      0.0041,      0.2246,      0.2144,   8019.4268,-464074.4375,   -947.0568,    558.1976,  26731.4219,
       1,     170,     340,      11,       1,       3,       1,     10.0000,      1.4176,     42.8627,    253.1758,     63.7145,      3.4953,      0.1947,      0.1610,     91.7670,      0.1834,      5.6859,     11.3719,      1.6203,     29.4476,     58.8951,      0.0196,      0.0045,      0.2460,      0.2144,   8019.4268,-514960.5312,   -957.8729,    554.6543,  26731.4238,
       1,     170,     340,      12,       1,       3,       1,     10.0000,      1.4176,     42.8627,    253.1758,     63.7145,      3.4953,      0.1900,      0.1559,    107.8835,      0.1969,      5.6859,     11.3719,      1.7403,     29.4476,     58.8951,      0.0196,      0.0055,      0.2377,      0.2143,   8019.4272,-537858.9375,   -962.9074,    553.0779,  26731.4199,
       1,     170,     340,      13,       1,       3,       1,     10.0000,      1.4176,     42.8627,    253.1758,     63.7145,      3.4953,      0.1958,      0.1613,    132.3464,      0.2098,      5.6859,     11.3719,      1.8538,     29.4476,     58.8951,      0.0196,      0.0065,      0.2434,      0.2143,   8019.4263,-558925.3125,   -967.6562,    551.6237,  26731.4199,
       1,     170,     340,      14,       1,       3,       1,     10.0000,      1.4176,     42.8627,    253.1758,     63.7145,      3.4953,      0.2013,      0.1663,    153.9501,      0.2267,      5.6859,     11.3719,      2.0036,     29.4476,     58.8951,      0.0196,      0.0074,      0.2490,      0.2143,   8019.4263,-589788.3125,   -974.5678,    549.4976,  26731.4219,
       1,     170,     340,      15,       1,       3,       1,     10.0000,      1.4176,     42.8627,    253.1758,     63.7145,      3.4953,      0.1869,      0.1520,    126.2219,      0.2225,      5.6859,     11.3719,      1.9666,     29.4476,     58.8951,      0.0196,      0.0066,      0.2313,      0.2142,   8019.4268,-618082.8125,   -981.0150,    547.5582,  26731.4199,
       1,     170,     340,      16,       1,       3,       1,     10.0000,      1.4176,     42.8627,    253.1758,     63.7145,      3.4953,      0.1901,      0.1549,    157.1327,      0.2342,      5.6859,     11.3719,      2.0694,     29.4476,     58.8951,      0.0196,      0.0081,      0.2326,      0.2142,   8019.4263,-587407.1250,   -975.0051,    549.6612,  26731.4199,
       1,     170,     340,      17,       1,       3,       1,     10.0000,      1.4176,     42.8627,    253.1758,     63.7145,      3.4953,      0.1777,      0.1431,    110.3344,      0.2148,      5.6859,     11.3719,      1.8982,     29.4476,     58.8951,      0.0196,      0.0060,      0.2199,      0.2142,   8019.4263,-621673.3125,   -982.8205,    547.3108,  26731.4160,
       1,     170,     340,      18,       1,       3,       1,     10.0000,      1.4176,     42.8627,    253.1758,     63.7145,      3.4953,      0.1649,      0.1305,     90.8356,      0.2051,      5.6859,     11.3719,      1.8122,     29.4476,     58.8951,      0.0196,      0.0054,      0.2036,      0.2142,   8019.4253,-568778.0625,   -972.0223,    550.9346,  26731.4180,
       1,     170,     340,      19,       1,       3,       1,     10.0000,      1.4176,     42.8627,    253.1758,     63.7145,      3.4953,      0.0694,      0.0356,     26.0432,      0.1859,      5.6859,     11.3719,      1.6430,     29.4476,     58.8951,      0.0196,      0.0042,      0.0742,      0.2142,   8019.4258,-541213.8750,   -966.4797,    552.8449,  26731.4180,
       1,     170,     340,      20,       1,       3,       1,     10.0000,      1.4176,     42.8627,    253.1758,     63.7145,      3.4953,      0.0019,     -0.0314,      3.6443,      0.1715,      5.6859,     11.3719,      1.5156,     29.4476,     58.8951,      0.0196,      0.0028,      0.0156,      0.2143,   8019.4258,-461840.0938,   -949.5931,    558.3334,  26731.4180,
       1,     170,     340,      21,       1,       3,       1,     10.0000,      1.4176,     42.8627,    253.1758,     63.7145,      3.4953,      0.0000,     -0.0330,      3.1888,      0.1627,      5.6859,     11.3719,      1.4373,     29.4476,     58.8951,      0.0196,      0.0025,      0.0156,      0.2144,   8019.4258,-428718.6562,   -942.4545,    560.6723,  26731.4160,
       1,     170,     340,      22,       1,       3,       1,     10.0000,      1.4176,     42.8627,    253.1758,     63.7145,      3.4953,      0.0000,     -0.0329,      2.6332,      0.1594,      5.6859,     11.3719,      1.4087,     29.4476,     58.8951,      0.0196,      0.0020,      0.0156,      0.2144,   8019.4253,-425404.7188,   -941.7087,    560.9095,  26731.4160,
       1,     170,     340,      23,       1,       3,       1,     10.0000,      1.4176,     42.8627,    253.1758,     63.7145,      3.4953,      0.0000,     -0.0327,      1.9815,      0.1539,      5.6859,     11.3719,      1.3600,     29.4476,     58.8951,      0.0196,      0.0015,      0.0156,      0.2144,   8019.4253,-424463.0625,   -941.4786,    560.9755,  26731.4160,
       1,     170,     340,      24,       1,       3,       1,     10.0000,      1.4176,     42.8627,    253.1758,     63.7145,      3.4953,      0.0000,     -0.0326,      1.5607,      0.1504,      5.6859,     11.3719,      1.3289,     29.4476,     58.8951,      0.0196,      0.0012,      0.0156,      0.2144,   8019.4253,-423610.7188,   -941.2769,    561.0353,  26731.4160,
       1,     170,     341,       1,       1,       3,       1,     10.0000,      1.4176,     42.8630,    253.1817,     63.7160,      3.4953,      0.0000,     -0.0325,      1.7770,      0.1474,      5.6859,     11.3718,      1.3024,     29.4532,     58.9063,      0.0196,      0.0014,      0.0156,      0.2144,   8019.4253,-423194.6562,   -941.4786,    561.0776,  26732.6074,
       1,     170,     341,       2,       1,       3,       1,     10.0000,      1.4176,     42.8630,    253.1817,     63.7160,      3.4953,      0.0000,     -0.0322,      1.4965,      0.1401,      5.6859,     11.3718,      1.2382,     29.4532,     58.9063,      0.0196,      0.0012,      0.0156,      0.2144,   8019.7827,-423264.9688,   -941.1801,    561.0727,  26732.6074,
       1,     170,     341,       3,       1,       3,       1,     10.0000,      1.4176,     42.8630,    253.1817,     63.7160,      3.4953,      0.0000,     -0.0320,      1.0927,      0.1343,      5.6859,     11.3718,      1.1865,     29.4532,     58.9063,      0.0196,      0.0008,      0.0156,      0.2144,   8019.7827,-422937.6875,   -941.1006,    561.0956,  26732.6074,
       1,     170,     341,       4,       1,       3,       1,     10.0000,      1.4176,     42.8630,    253.1817,     63.7160,      3.4953,      0.0000,     -0.0319,      0.7344,      0.1312,      5.6859,     11.3718,      1.1591,     29.4532,     58.9063,      0.0196,      0.0006,      0.0156,      0.2144,   8019.7827,-422431.0938,   -940.9855,    561.1312,  26732.6074,
       1,     170,     341,       5,       1,       3,       1,     10.0000,      1.4176,     42.8630,    253.1817,     63.7160,      3.4953,      0.0000,     -0.0319,      1.0056,      0.1322,      5.6859,     11.3718,      1.1686,     29.4532,     58.9063,      0.0196,      0.0008,      0.0156,      0.2144,   8019.7827,-421963.3750,   -940.8815,    561.1640,  26732.6074,
       1,     170,     341,       6,       1,       3,       1,     10.0000,      1.4176,     42.8630,    253.1817,     63.7160,      3.4953,      0.0000,     -0.0318,      0.7973,      0.1304,      5.6859,     11.3718,      1.1521,     29.4532,     58.9063,      0.0196,      0.0006,      0.0156,      0.2144,   8019.7827,-422246.4375,   -940.9368,    561.1441,  26732.6074,
       1,     170,     341,       7,       1,       3,       1,     10.0000,      1.4176,     42.8630,    253.1817,     63.7160,      3.4953,      0.0000,     -0.0316,      0.3347,      0.1257,      5.6859,     11.3718,      1.1106,     29.4532,     58.9063,      0.0196,      0.0003,      0.0156,      0.2144,   8019.7827,-422022.7188,   -940.8860,    561.1598,  26732.6074,
       1,     170,     341,       8,       1,       3,       1,     10.0000,      1.4176,     42.8630,    253.1817,     63.7160,      3.4953,      0.0052,     -0.0265,      0.3315,      0.1271,      5.6859,     11.3718,      1.1231,     29.4532,     58.9063,      0.0196,      0.0003,      0.0156,      0.2144,   8019.7827,-421454.7188,   -940.7640,    561.1997,  26732.6094,
       1,     170,     341,       9,       1,       3,       1,     10.0000,      1.4176,     42.8630,    253.1817,     63.7160,      3.4953,      0.1121,      0.0796,     13.6978,      0.1481,      5.6859,     11.3718,      1.3090,     29.4532,     58.9063,      0.0196,      0.0012,      0.1372,      0.2144,   8019.7832,-421403.3438,   -940.7514,    561.2032,  26732.6074,
       1,     170,     341,      10,       1,       3,       1,     10.0000,      1.4176,     42.8630,    253.1817,     63.7160,      3.4953,      0.1718,      0.1380,     59.0270,      0.1880,      5.6859,     11.3718,      1.6611,     29.4532,     58.9063,      0.0196,      0.0033,      0.2170,      0.2144,   8019.7827,-437270.7812,   -944.1353,    560.0901,  26732.6074,
       1,     170,     341,      11,       1,       3,       1,     10.0000,      1.4176,     42.8630,    253.1817,     63.7160,      3.4953,      0.1927,      0.1585,     92.8398,      0.1987,      5.6859,     11.3718,      1.7559,     29.4532,     58.9063,      0.0196,      0.0046,      0.2431,      0.2144,   8019.7827,-492431.7812,   -955.9936,    556.2293,  26732.6074,
       1,     170,     341,      12,       1,       3,       1,     10.0000,      1.4176,     42.8630,    253.1817,     63.7160,      3.4953,      0.1985,      0.1638,    125.0749,      0.2169,      5.6859,     11.3718,      1.9170,     29.4532,     58.9063,      0.0196,      0.0061,      0.2482,      0.2144,   8019.7827,-537246.2500,   -965.7654,    553.1267,  26732.6094,
       1,     170,     341,      13,       1,       3,       1,     10.0000,      1.4176,     42.8630,    253.1817,     63.7160,      3.4953,      0.2005,      0.1655,    140.5399,      0.2263,      5.6859,     11.3718,      1.9997,     29.4532,     58.9063,      0.0196,      0.0068,      0.2493,      0.2143,   8019.7832,-579318.6250,   -975.0689,    550.2264,  26732.6055,
       1,     170,     341,      14,       1,       3,       1,     10.0000,      1.4176,     42.8630,    253.1817,     63.7160,      3.4953,      0.1913,      0.1566,    121.1443,      0.2195,      5.6859,     11.3718,      1.9397,     29.4532,     58.9063,      0.0196,      0.0061,      0.2383,      0.2143,   8019.7817,-601231.1875,   -980.1967,    548.7270,  26732.6055,
       1,     170,     341,      15,       1,       3,       1,     10.0000,      1.4176,     42.8630,    253.1817,     63.7160,      3.4953,      0.1994,      0.1644,    120.8186,      0.2245,      5.6859,     11.3718,      1.9841,     29.4532,     58.9063,      0.0196,      0.0058,      0.2499,      0.2142,   8019.7817,-579951.3125,   -976.0673,    550.1886,  26732.6055,
       1,     170,     341,      16,       1,       3,       1,     10.0000,      1.4176,     42.8630,    253.1817,     63.7160,      3.4953,      0.1919,      0.1571,    122.8215,      0.2208,      5.6859,     11.3718,      1.9512,     29.4532,     58.9063,      0.0196,      0.0062,      0.2389,      0.2143,   8019.7817,-577801.9375,   -976.0134,    550.3384,  26732.6055,
       1,     170,     341,      17,       1,       3,       1,     10.0000,      1.4176,     42.8630,    253.1817,     63.7160,      3.4953,      0.1820,      0.1473,    114.6461,      0.2187,      5.6859,     11.3718,      1.9321,     29.4532,     58.9063,      0.0196,      0.0061,      0.2256,      0.2143,   8019.7817,-580005.4375,   -976.9285,    550.1868,  26732.6055,
       1,     170,     341,      18,       1,       3,       1,     10.0000,      1.4176,     42.8630,    253.1817,     63.7160,      3.4953,      0.1658,      0.1312,     99.7505,      0.2142,      5.6859,     11.3718,      1.8926,     29.4532,     58.9063,      0.0196,      0.0059,      0.2039,      0.2143,   8019.7817,-570456.6875,   -975.2872,    550.8435,  26732.6055,
       1,     170,     341,      19,       1,       3,       1,     10.0000,      1.4176,     42.8630,    253.1817,     63.7160,      3.4953,      0.0811,      0.0470,     35.7180,      0.1954,      5.6859,     11.3718,      1.7266,     29.4532,     58.9063,      0.0196,      0.0048,      0.0897,      0.2143,   8019.7817,-551938.1250,   -971.6392,    552.1190,  26732.6055,
       1,     170,     341,      20,       1,       3,       1,     10.0000,      1.4176,     42.8630,    253.1817,     63.7160,      3.4953,      0.0025,     -0.0310,      4.9585,      0.1766,      5.6859,     11.3718,      1.5601,     29.4532,     58.9063,      0.0196,      0.0038,      0.0156,      0.2143,   8019.7817,-474222.1562,   -954.8677,    557.4840,  26732.6055,
       1,     170,     341,      21,       1,       3,       1,     10.0000,      1.4176,     42.8630,    253.1817,     63.7160,      3.4953,      0.0000,     -0.0331,      4.2590,      0.1640,      5.6859,     11.3718,      1.4489,     29.4532,     58.9063,      0.0196,      0.0033,      0.0156,      0.2144,   8019.7817,-431303.0625,   -945.4705,    560.5010,  26732.6074,
       1,     170,     341,      22,       1,       3,       1,     10.0000,      1.4176,     42.8630,    253.1817,     63.7160,      3.4953,      0.0000,     -0.0327,      3.0319,      0.1527,      5.6859,     11.3718,      1.3491,     29.4532,     58.9063,      0.0196,      0.0023,      0.0156,      0.2144,   8019.7827,-426897.0312,   -944.4749,    560.8179,  26732.6055,
       1,     170,     341,      23,       1,       3,       1,     10.0000,      1.4176,     42.8630,    253.1817,     63.7160,      3.4953,      0.0000,     -0.0325,      2.6434,      0.1489,      5.6859,     11.3718,      1.3156,     29.4532,     58.9063,      0.0196,      0.0020,      0.0156,      0.2144,   8019.7817,-425063.7500,   -944.0559,    560.9465,  26732.6055,
       1,     170,     341,      24,       1,       3,       1,     10.0000,      1.4176,     42.8630,    253.1817,     63.7160,      3.4953,      0.0000,     -0.0325,      2.3153,      0.1481,      5.6859,     11.3718,      1.3090,     29.4532,     58.9063,      0.0196,      0.0018,      0.0156,      0.2144,   8019.7817,-424449.5625,   -943.9073,    560.9896,  26732.6055,
       1,     170,     342,       1,       1,       3,       1,     10.0000,      1.4176,     42.8634,    253.1877,     63.7175,      3.4953,      0.0000,     -0.0324,      2.0251,      0.1450,      5.6861,     11.3723,      1.2815,     29.4593,     58.9187,      0.0196,      0.0016,      0.0156,      0.2145,   8019.7817,-424162.9688,   -944.1404,    561.0229,  26733.7910,
       1,     170,     342,       2,       1,       3,       1,     10.0000,      1.4176,     42.8634,    253.1877,     63.7175,      3.4953,      0.0000,     -0.0322,      1.1284,      0.1401,      5.6861,     11.3723,      1.2382,     29.4593,     58.9187,      0.0196,      0.0009,      0.0156,      0.2145,   8020.1377,-423643.2188,   -943.7137,    561.0594,  26733.7910,
       1,     170,     342,       3,       1,       3,       1,     10.0000,      1.4176,     42.8634,    253.1877,     63.7175,      3.4953,      0.0000,     -0.0321,      0.7114,      0.1361,      5.6861,     11.3723,      1.2023,     29.4593,     58.9187,      0.0196,      0.0005,      0.0156,      0.2145,   8020.1377,-422535.2500,   -943.4681,    561.1370,  26733.7910,
       1,     170,     342,       4,       1,       3,       1,     10.0000,      1.4176,     42.8634,    253.1877,     63.7175,      3.4953,      0.0000,     -0.0320,      0.7888,      0.1337,      5.6861,     11.3723,      1.1818,     29.4593,     58.9187,      0.0196,      0.0006,      0.0156,      0.2145,   8020.1377,-421948.0312,   -943.3378,    561.1782,  26733.7910,
       1,     170,     342,       5,       1,       3,       1,     10.0000,      1.4176,     42.8634,    253.1877,     63.7175,      3.4953,      0.0000,     -0.0319,      1.0200,      0.1313,      5.6861,     11.3723,      1.1603,     29.4593,     58.9187,      0.0196,      0.0008,      0.0156,      0.2145,   8020.1377,-421991.0312,   -943.3452,    561.1752,  26733.7910,
       1,     170,     342,       6,       1,       3,       1,     10.0000,      1.4176,     42.8634,    253.1877,     63.7175,      3.4953,      0.0000,     -0.0318,      1.0202,      0.1305,      5.6861,     11.3723,      1.1533,     29.4593,     58.9187,      0.0196,      0.0008,      0.0156,      0.2145,   8020.1377,-422269.0938,   -943.4025,    561.1558,  26733.7891,
       1,     170,     342,       7,       1,       3,       1,     10.0000,      1.4176,     42.8634,    253.1877,     63.7175,      3.4953,      0.0000,     -0.0319,      0.4924,      0.1328,      5.6861,     11.3723,      1.1734,     29.4593,     58.9187,      0.0196,      0.0004,      0.0156,      0.2145,   8020.1372,-422292.8438,   -943.4044,    561.1541,  26733.7910,
       1,     170,     342,       8,       1,       3,       1,     10.0000,      1.4176,     42.8634,    253.1877,     63.7175,      3.4953,      0.0029,     -0.0289,      0.4874,      0.1279,      5.6861,     11.3723,      1.1300,     29.4593,     58.9187,      0.0196,      0.0004,      0.0156,      0.2145,   8020.1377,-421667.7812,   -943.2667,    561.1979,  26733.7910,
       1,     170,     342,       9,       1,       3,       1,     10.0000,      1.4176,     42.8634,    253.1877,     63.7175,      3.4953,      0.1024,      0.0701,     13.9733,      0.1430,      5.6861,     11.3723,      1.2635,     29.4593,     58.9187,      0.0196,      0.0014,      0.1234,      0.2145,   8020.1377,-421609.7812,   -943.2524,    561.2019,  26733.7891,
       1,     170,     342,      10,       1,       3,       1,     10.0000,      1.4176,     42.8634,    253.1877,     63.7175,      3.4953,      0.1720,      0.1383,     64.1898,      0.1843,      5.6861,     11.3723,      1.6284,     29.4593,     58.9187,      0.0196,      0.0036,      0.2167,      0.2145,   8020.1372,-437617.0312,   -946.7576,    560.0791,  26733.7910,
       1,     170,     342,      11,       1,       3,       1,     10.0000,      1.4176,     42.8634,    253.1877,     63.7175,      3.4953,      0.1904,      0.1557,    129.6124,      0.2172,      5.6861,     11.3723,      1.9189,     29.4593,     58.9187,      0.0196,      0.0066,      0.2360,      0.2145,   8020.1377,-498587.1250,   -960.1561,    555.8117,  26733.7910,
       1,     170,     342,      12,       1,       3,       1,     10.0000,      1.4176,     42.8634,    253.1877,     63.7175,      3.4953,      0.1981,      0.1634,    143.7419,      0.2180,      5.6861,     11.3723,      1.9265,     29.4593,     58.9187,      0.0196,      0.0071,      0.2455,      0.2144,   8020.1377,-581463.7500,   -978.4994,    550.0700,  26733.7910,
       1,     170,     342,      13,       1,       3,       1,     10.0000,      1.4176,     42.8634,    253.1877,     63.7175,      3.4953,      0.1900,      0.1551,    135.8483,      0.2239,      5.6861,     11.3723,      1.9783,     29.4593,     58.9187,      0.0196,      0.0070,      0.2347,      0.2143,   8020.1377,-605230.0625,   -984.1387,    548.4654,  26733.7891,
       1,     170,     342,      14,       1,       3,       1,     10.0000,      1.4176,     42.8634,    253.1877,     63.7175,      3.4953,      0.1988,      0.1636,    151.2415,      0.2319,      5.6861,     11.3723,      2.0493,     29.4593,     58.9187,      0.0196,      0.0074,      0.2458,      0.2142,   8020.1372,-597775.8125,   -983.0169,    548.9787,  26733.7930,
       1,     170,     342,      15,       1,       3,       1,     10.0000,      1.4176,     42.8634,    253.1877,     63.7175,      3.4953,      0.1976,      0.1625,    142.5336,      0.2301,      5.6861,     11.3723,      2.0333,     29.4593,     58.9187,      0.0196,      0.0070,      0.2450,      0.2143,   8020.1382,-615481.3750,   -987.4597,    547.7639,  26733.7891,
       1,     170,     342,      16,       1,       3,       1,     10.0000,      1.4176,     42.8634,    253.1877,     63.7175,      3.4953,      0.1956,      0.1608,    124.5316,      0.2184,      5.6861,     11.3723,      1.9303,     29.4593,     58.9187,      0.0196,      0.0061,      0.2439,      0.2142,   8020.1372,-606585.5000,   -986.0849,    548.3745,  26733.7891,
       1,     170,     342,      17,       1,       3,       1,     10.0000,      1.4176,     42.8634,    253.1877,     63.7175,      3.4953,      0.1888,      0.1542,    112.9209,      0.2146,      5.6861,     11.3723,      1.8964,     29.4593,     58.9187,      0.0196,      0.0058,      0.2355,      0.2142,   8020.1372,-584410.3750,   -981.7289,    549.8948,  26733.7871,
       1,     170,     342,      18,       1,       3,       1,     10.0000,      1.4176,     42.8634,    253.1877,     63.7175,      3.4953,      0.1400,      0.1059,     64.6888,      0.1973,      5.6861,     11.3723,      1.7438,     29.4593,     58.9187,      0.0196,      0.0046,      0.1709,      0.2143,   8020.1362,-568757.1875,   -978.7317,    550.9729,  26733.7871,
       1,     170,     342,      19,       1,       3,       1,     10.0000,      1.4176,     42.8634,    253.1877,     63.7175,      3.4953,      0.0513,      0.0176,     15.1087,      0.1843,      5.6861,     11.3723,      1.6284,     29.4593,     58.9187,      0.0196,      0.0037,      0.0497,      0.2143,   8020.1362,-510064.5938,   -966.0358,    555.0161,  26733.7891,
       1,     170,     342,      20,       1,       3,       1,     10.0000,      1.4176,     42.8634,    253.1877,     63.7175,      3.4953,      0.0022,     -0.0311,      3.8287,      0.1732,      5.6861,     11.3723,      1.5309,     29.4593,     58.9187,      0.0196,      0.0030,      0.0156,      0.2144,   8020.1372,-446301.3438,   -951.9440,    559.4547,  26733.7891,
       1,     170,     342,      21,       1,       3,       1,     10.0000,      1.4176,     42.8634,    253.1877,     63.7175,      3.4953,      0.0000,     -0.0332,      3.3373,      0.1686,      5.6861,     11.3723,      1.4901,     29.4593,     58.9187,      0.0196,      0.0026,      0.0156,      0.2145,   8020.1372,-427645.9062,   -947.7739,    560.7772,  26733.7871,
       1,     170,     342,      22,       1,       3,       1,     10.0000,      1.4176,     42.8634,    253.1877,     63.7175,      3.4953,      0.0000,     -0.0332,      3.1219,      0.1675,      5.6861,     11.3723,      1.4797,     29.4593,     58.9187,      0.0196,      0.0024,      0.0156,      0.2145,   8020.1362,-425493.6562,   -947.2795,    560.9295,  26733.7852,
       1,     170,     342,      23,       1,       3,       1,     10.0000,      1.4176,     42.8634,    253.1877,     63.7175,      3.4953,      0.0000,     -0.0330,      2.7130,      0.1628,      5.6861,     11.3723,      1.4388,     29.4593,     58.9187,      0.0196,      0.0021,      0.0156,      0.2145,   8020.1357,-425057.2188,   -947.1683,    560.9602,  26733.7832,
       1,     170,     342,      24,       1,       3,       1,     10.0000,      1.4176,     42.8634,    253.1877,     63.7175,      3.4953,      0.0000,     -0.0328,      2.2419,      0.1569,      5.6861,     11.3723,      1.3863,     29.4593,     58.9187,      0.0196,      0.0017,      0.0156,      0.2145,   8020.1353,-424535.4375,   -947.0408,    560.9968,  26733.7852,
       1,     170,     343,       1,       1,       3,       1,     10.0000,      1.4177,     42.8637,    253.1936,     63.7190,      3.4953,      0.0000,     -0.0326,      1.3732,      0.1496,      5.6860,     11.3721,      1.3223,     29.4638,     58.9276,      0.0196,      0.0011,      0.0156,      0.2145,   8020.1357,-424086.6250,   -947.2451,    561.0412,  26734.9766,
       1,     170,     343,       2,       1,       3,       1,     10.0000,      1.4177,     42.8637,    253.1936,     63.7190,      3.4953,      0.0000,     -0.0323,      0.4252,      0.1417,      5.6860,     11.3721,      1.2521,     29.4638,     58.9276,      0.0196,      0.0003,      0.0156,      0.2145,   8020.4932,-422866.5938,   -946.6581,    561.1268,  26734.9766,
       1,     170,     343,       3,       1,       3,       1,     10.0000,      1.4177,     42.8637,    253.1936,     63.7190,      3.4953,      0.0000,     -0.0322,      0.3403,      0.1410,      5.6860,     11.3721,      1.2458,     29.4638,     58.9276,      0.0196,      0.0003,      0.0156,      0.2145,   8020.4932,-421639.4375,   -946.3845,    561.2129,  26734.9766,
       1,     170,     343,       4,       1,       3,       1,     10.0000,      1.4177,     42.8637,    253.1936,     63.7190,      3.4953,      0.0000,     -0.0321,      0.3306,      0.1375,      5.6860,     11.3721,      1.2146,     29.4638,     58.9276,      0.0196,      0.0003,      0.0156,      0.2145,   8020.4932,-421436.4688,   -946.3395,    561.2271,  26734.9766,
       1,     170,     343,       5,       1,       3,       1,     10.0000,      1.4177,     42.8637,    253.1936,     63.7190,      3.4953,      0.0000,     -0.0320,      0.3226,      0.1346,      5.6860,     11.3721,      1.1890,     29.4638,     58.9276,      0.0196,      0.0002,      0.0156,      0.2145,   8020.4932,-421408.1562,   -946.3337,    561.2291,  26734.9766,
       1,     170,     343,       6,       1,       3,       1,     10.0000,      1.4177,     42.8637,    253.1936,     63.7190,      3.4953,      0.0000,     -0.0320,      0.3193,      0.1333,      5.6860,     11.3721,      1.1782,     29.4638,     58.9276,      0.0196,      0.0002,      0.0156,      0.2145,   8020.4932,-421396.3125,   -946.3316,    561.2300,  26734.9766,
       1,     170,     343,       7,       1,       3,       1,     10.0000,      1.4177,     42.8637,    253.1936,     63.7190,      3.4953,      0.0000,     -0.0319,      0.3163,      0.1323,      5.6860,     11.3721,      1.1687,     29.4638,     58.9276,      0.0196,      0.0002,      0.0156,      0.2145,   8020.4932,-421391.2188,   -946.3311,    561.2303,  26734.9766,
       1,     170,     343,       8,       1,       3,       1,     10.0000,      1.4177,     42.8637,    253.1936,     63.7190,      3.4953,      0.0047,     -0.0272,      0.3171,      0.1325,      5.6860,     11.3721,      1.1710,     29.4638,     58.9276,      0.0196,      0.0002,      0.0156,      0.2145,   8020.4932,-421387.3438,   -946.3307,    561.2305,  26734.9766,
       1,     170,     343,       9,       1,       3,       1,     10.0000,      1.4177,     42.8637,    253.1936,     63.7190,      3.4953,      0.1061,      0.0734,      8.2401,      0.1525,      5.6860,     11.3721,      1.3478,     29.4638,     58.9276,      0.0196,      0.0008,      0.1292,      0.2145,   8020.4932,-421387.9375,   -946.3297,    561.2305,  26734.9766,
       1,     170,     343,      10,       1,       3,       1,     10.0000,      1.4177,     42.8637,    253.1936,     63.7190,      3.4953,      0.1701,      0.1363,     62.1506,      0.1869,      5.6860,     11.3721,      1.6513,     29.4638,     58.9276,      0.0196,      0.0035,      0.2142,      0.2145,   8020.4932,-430793.7188,   -948.3964,    560.5707,  26734.9766,
       1,     170,     343,      11,       1,       3,       1,     10.0000,      1.4177,     42.8637,    253.1936,     63.7190,      3.4953,      0.1938,      0.1599,     81.6678,      0.1891,      5.6860,     11.3721,      1.6711,     29.4638,     58.9276,      0.0196,      0.0040,      0.2459,      0.2145,   8020.4932,-495586.0312,   -962.8914,    556.0309,  26734.9746,
       1,     170,     343,      12,       1,       3,       1,     10.0000,      1.4177,     42.8637,    253.1936,     63.7190,      3.4953,      0.1985,      0.1642,    106.0399,      0.2025,      5.6860,     11.3721,      1.7892,     29.4638,     58.9276,      0.0196,      0.0051,      0.2500,      0.2144,   8020.4927,-524219.5625,   -969.4353,    554.0591,  26734.9746,
       1,     170,     343,      13,       1,       3,       1,     10.0000,      1.4177,     42.8637,    253.1936,     63.7190,      3.4953,      0.1992,      0.1643,    123.7295,      0.2206,      5.6860,     11.3721,      1.9494,     29.4638,     58.9276,      0.0196,      0.0060,      0.2492,      0.2144,   8020.4927,-555561.5625,   -976.7008,    551.8920,  26734.9766,
       1,     170,     343,      14,       1,       3,       1,     10.0000,      1.4177,     42.8637,    253.1936,     63.7190,      3.4953,      0.2006,      0.1658,    137.8412,      0.2210,      5.6860,     11.3721,      1.9532,     29.4638,     58.9276,      0.0196,      0.0066,      0.2498,      0.2143,   8020.4932,-579212.6875,   -982.3732,    550.2646,  26734.9766,
       1,     170,     343,      15,       1,       3,       1,     10.0000,      1.4177,     42.8637,    253.1936,     63.7190,      3.4953,      0.1886,      0.1541,    105.5322,      0.2067,      5.6860,     11.3721,      1.8267,     29.4638,     58.9276,      0.0196,      0.0054,      0.2359,      0.2143,   8020.4932,-597970.3125,   -987.0691,    548.9768,  26734.9746,
       1,     170,     343,      16,       1,       3,       1,     10.0000,      1.4177,     42.8637,    253.1936,     63.7190,      3.4953,      0.1643,      0.1307,     52.7220,      0.1799,      5.6860,     11.3721,      1.5900,     29.4638,     58.9276,      0.0196,      0.0031,      0.2069,      0.2143,   8020.4927,-561067.1250,   -979.3135,    551.5107,  26734.9746,
       1,     170,     343,      17,       1,       3,       1,     10.0000,      1.4177,     42.8637,    253.1936,     63.7190,      3.4953,      0.1114,      0.0781,     34.7995,      0.1717,      5.6860,     11.3721,      1.5172,     29.4638,     58.9276,      0.0196,      0.0031,      0.1335,      0.2143,   8020.4927,-495196.6562,   -964.8463,    556.0576,  26734.9746,
       1,     170,     343,      18,       1,       3,       1,     10.0000,      1.4177,     42.8637,    253.1936,     63.7190,      3.4953,      0.0675,      0.0342,     20.5283,      0.1703,      5.6860,     11.3721,      1.5051,     29.4638,     58.9276,      0.0196,      0.0034,      0.0725,      0.2144,   8020.4927,-468487.7188,   -958.9576,    557.9328,  26734.9746,
       1,     170,     343,      19,       1,       3,       1,     10.0000,      1.4177,     42.8637,    253.1936,     63.7190,      3.4953,      0.0263,     -0.0070,      3.5241,      0.1707,      5.6860,     11.3721,      1.5081,     29.4638,     58.9276,      0.0196,      0.0027,      0.0157,      0.2145,   8020.4927,-449304.1250,   -954.6754,    559.2739,  26734.9727,
       1,     170,     343,      20,       1,       3,       1,     10.0000,      1.4177,     42.8637,    253.1936,     63.7190,      3.4953,      0.0017,     -0.0316,      4.1025,      0.1717,      5.6860,     11.3721,      1.5172,     29.4638,     58.9276,      0.0196,      0.0032,      0.0156,      0.2145,   8020.4922,-427516.7188,   -949.7641,    560.7986,  26734.9746,
       1,     170,     343,      21,       1,       3,       1,     10.0000,      1.4177,     42.8637,    253.1936,     63.7190,      3.4953,      0.0000,     -0.0331,      3.3066,      0.1656,      5.6860,     11.3721,      1.4635,     29.4638,     58.9276,      0.0196,      0.0026,      0.0156,      0.2145,   8020.4927,-426394.8125,   -949.4973,    560.8793,  26734.9746,
       1,     170,     343,      22,       1,       3,       1,     10.0000,      1.4177,     42.8637,    253.1936,     63.7190,      3.4953,      0.0000,     -0.0329,      2.4810,      0.1582,      5.6860,     11.3721,      1.3975,     29.4638,     58.9276,      0.0196,      0.0019,      0.0156,      0.2145,   8020.4927,-425354.2188,   -949.2521,    560.9523,  26734.9727,
       1,     170,     343,      23,       1,       3,       1,     10.0000,      1.4177,     42.8637,    253.1936,     63.7190,      3.4953,      0.0000,     -0.0327,      1.8891,      0.1536,      5.6860,     11.3721,      1.3574,     29.4638,     58.9276,      0.0196,      0.0015,      0.0156,      0.2145,   8020.4922,-424287.5625,   -949.0044,    561.0272,  26734.9727,
       1,     170,     343,      24,       1,       3,       1,     10.0000,      1.4177,     42.8637,    253.1936,     63.7190,      3.4953,      0.0000,     -0.0327,      1.7508,      0.1533,      5.6860,     11.3721,      1.3547,     29.4638,     58.9276,      0.0196,      0.0014,      0.0156,      0.2145,   8020.4922,-423496.0000,   -948.8206,    561.0826,  26734.9707,
       1,     170,     344,       1,       1,       3,       1,     10.0000,      1.4177,     42.8640,    253.1995,     63.7205,      3.4953,      0.0000,     -0.0327,      1.4821,      0.1525,      5.6868,     11.3736,      1.3479,     29.4636,     58.9272,      0.0196,      0.0011,      0.0156,      0.2145,   8020.4917,-423420.6875,   -949.1151,    561.1011,  26736.1621,
       1,     170,     344,       2,       1,       3,       1,     10.0000,      1.4177,     42.8640,    253.1995,     63.7205,      3.4953,      0.0000,     -0.0327,      1.4615,      0.1527,      5.6868,     11.3736,      1.3492,     29.4636,     58.9272,      0.0196,      0.0011,      0.0156,      0.2145,   8020.8491,-422943.4688,   -948.6890,    561.1346,  26736.1621,
       1,     170,     344,       3,       1,       3,       1,     10.0000,      1.4177,     42.8640,    253.1995,     63.7205,      3.4953,      0.0000,     -0.0328,      2.0488,      0.1553,      5.6868,     11.3736,      1.3725,     29.4636,     58.9272,      0.0196,      0.0016,      0.0156,      0.2145,   8020.8491,-422879.2188,   -948.6708,    561.1391,  26736.1621,
       1,     170,     344,       4,       1,       3,       1,     10.0000,      1.4177,     42.8640,    253.1995,     63.7205,      3.4953,      0.0000,     -0.0327,      2.0262,      0.1528,      5.6868,     11.3736,      1.3506,     29.4636,     58.9272,      0.0196,      0.0016,      0.0156,      0.2145,   8020.8491,-423571.1562,   -948.8212,    561.0906,  26736.1621,
       1,     170,     344,       5,       1,       3,       1,     10.0000,      1.4177,     42.8640,    253.1995,     63.7205,      3.4953,      0.0000,     -0.0326,      1.7463,      0.1501,      5.6868,     11.3736,      1.3263,     29.4636,     58.9272,      0.0196,      0.0013,      0.0156,      0.2145,   8020.8491,-423601.7500,   -948.8224,    561.0884,  26736.1621,
       1,     170,     344,       6,       1,       3,       1,     10.0000,      1.4177,     42.8640,    253.1995,     63.7205,      3.4953,      0.0000,     -0.0325,      1.1246,      0.1483,      5.6868,     11.3736,      1.3104,     29.4636,     58.9272,      0.0196,      0.0009,      0.0156,      0.2145,   8020.8491,-423272.1562,   -948.7436,    561.1116,  26736.1641,
       1,     170,     344,       7,       1,       3,       1,     10.0000,      1.4177,     42.8640,    253.1995,     63.7205,      3.4953,      0.0000,     -0.0326,      1.3093,      0.1501,      5.6868,     11.3736,      1.3263,     29.4636,     58.9272,      0.0196,      0.0010,      0.0156,      0.2145,   8020.8496,-422506.4375,   -948.5681,    561.1652,  26736.1621,
       1,     170,     344,       8,       1,       3,       1,     10.0000,      1.4177,     42.8640,    253.1995,     63.7205,      3.4953,      0.0050,     -0.0277,      1.4061,      0.1513,      5.6868,     11.3736,      1.3371,     29.4636,     58.9272,      0.0196,      0.0011,      0.0156,      0.2145,   8020.8491,-422662.2812,   -948.6005,    561.1544,  26736.1621,
       1,     170,     344,       9,       1,       3,       1,     10.0000,      1.4177,     42.8640,    253.1995,     63.7205,      3.4953,      0.1051,      0.0722,     15.3600,      0.1590,      5.6868,     11.3736,      1.4046,     29.4636,     58.9272,      0.0196,      0.0015,      0.1269,      0.2145,   8020.8491,-422790.0625,   -948.6255,    561.1454,  26736.1621,
       1,     170,     344,      10,       1,       3,       1,     10.0000,      1.4177,     42.8640,    253.1995,     63.7205,      3.4953,      0.1705,      0.1371,     45.1204,      0.1759,      5.6868,     11.3736,      1.5540,     29.4636,     58.9272,      0.0196,      0.0025,      0.2167,      0.2145,   8020.8491,-439364.4062,   -952.3735,    559.9828,  26736.1602,
       1,     170,     344,      11,       1,       3,       1,     10.0000,      1.4177,     42.8640,    253.1995,     63.7205,      3.4953,      0.1965,      0.1624,     82.7143,      0.1960,      5.6868,     11.3736,      1.7318,     29.4636,     58.9272,      0.0196,      0.0040,      0.2497,      0.2145,   8020.8481,-476082.3750,   -960.6984,    557.4139,  26736.1641,
       1,     170,     344,      12,       1,       3,       1,     10.0000,      1.4177,     42.8640,    253.1995,     63.7205,      3.4953,      0.1987,      0.1642,    109.2038,      0.2088,      5.6868,     11.3736,      1.8449,     29.4636,     58.9272,      0.0196,      0.0053,      0.2500,      0.2145,   8020.8496,-523809.1875,   -971.5820,    554.0942,  26736.1602,
       1,     170,     344,      13,       1,       3,       1,     10.0000,      1.4177,     42.8640,    253.1995,     63.7205,      3.4953,      0.1993,      0.1646,    117.6116,      0.2155,      5.6868,     11.3736,      1.9040,     29.4636,     58.9272,      0.0196,      0.0057,      0.2500,      0.2144,   8020.8481,-559284.3750,   -979.8749,    551.6471,  26736.1602,
       1,     170,     344,      14,       1,       3,       1,     10.0000,      1.4177,     42.8640,    253.1995,     63.7205,      3.4953,      0.2001,      0.1653,    128.3180,      0.2197,      5.6868,     11.3736,      1.9418,     29.4636,     58.9272,      0.0196,      0.0062,      0.2500,      0.2144,   8020.8481,-572232.2500,   -983.2106,    550.7596,  26736.1582,
       1,     170,     344,      15,       1,       3,       1,     10.0000,      1.4177,     42.8640,    253.1995,     63.7205,      3.4953,      0.1995,      0.1648,    120.7567,      0.2172,      5.6868,     11.3736,      1.9190,     29.4636,     58.9272,      0.0196,      0.0058,      0.2500,      0.2143,   8020.8477,-586040.1250,   -986.8105,    549.8098,  26736.1602,
       1,     170,     344,      16,       1,       3,       1,     10.0000,      1.4177,     42.8640,    253.1995,     63.7205,      3.4953,      0.1975,      0.1628,    125.3036,      0.2148,      5.6868,     11.3736,      1.8984,     29.4636,     58.9272,      0.0196,      0.0061,      0.2466,      0.2143,   8020.8481,-578188.5000,   -985.5478,    550.3502,  26736.1602,
       1,     170,     344,      17,       1,       3,       1,     10.0000,      1.4177,     42.8640,    253.1995,     63.7205,      3.4953,      0.1865,      0.1522,    107.0435,      0.2039,      5.6868,     11.3736,      1.8017,     29.4636,     58.9272,      0.0196,      0.0055,      0.2327,      0.2143,   8020.8481,-582947.5000,   -987.1350,    550.0231,  26736.1602,
       1,     170,     344,      18,       1,       3,       1,     10.0000,      1.4177,     42.8640,    253.1995,     63.7205,      3.4953,      0.1660,      0.1319,     84.2638,      0.1942,      5.6868,     11.3736,      1.7165,     29.4636,     58.9272,      0.0196,      0.0049,      0.2058,      0.2143,   8020.8481,-561612.8750,   -982.7858,    551.4900,  26736.1562,
       1,     170,     344,      19,       1,       3,       1,     10.0000,      1.4177,     42.8640,    253.1995,     63.7205,      3.4953,      0.0786,      0.0450,     30.9549,      0.1799,      5.6868,     11.3736,      1.5901,     29.4636,     58.9272,      0.0196,      0.0043,      0.0870,      0.2144,   8020.8472,-532753.0000,   -976.6186,    553.4814,  26736.1582,
       1,     170,     344,      20,       1,       3,       1,     10.0000,      1.4177,     42.8640,    253.1995,     63.7205,      3.4953,      0.0050,     -0.0284,      4.8582,      0.1729,      5.6868,     11.3736,      1.5279,     29.4636,     58.9272,      0.0196,      0.0037,      0.0156,      0.2144,   8020.8477,-466985.5000,   -961.8522,    558.0352,  26736.1602,
       1,     170,     344,      21,       1,       3,       1,     10.0000,      1.4177,     42.8640,    253.1995,     63.7205,      3.4953,      0.0000,     -0.0331,      4.1509,      0.1651,      5.6868,     11.3736,      1.4592,     29.4636,     58.9272,      0.0196,      0.0032,      0.0156,      0.2145,   8020.8481,-430585.6562,   -953.5662,    560.5930,  26736.1562,
       1,     170,     344,      22,       1,       3,       1,     10.0000,      1.4177,     42.8640,    253.1995,     63.7205,      3.4953,      0.0000,     -0.0330,      4.0182,      0.1627,      5.6868,     11.3736,      1.4374,     29.4636,     58.9272,      0.0196,      0.0031,      0.0156,      0.2145,   8020.8472,-426715.4375,   -952.6758,    560.8701,  26736.1582,
       1,     170,     344,      23,       1,       3,       1,     10.0000,      1.4177,     42.8640,    253.1995,     63.7205,      3.4953,      0.0000,     -0.0330,      3.7811,      0.1619,      5.6868,     11.3736,      1.4302,     29.4636,     58.9272,      0.0196,      0.0029,      0.0156,      0.2145,   8020.8477,-426228.9688,   -952.5558,    560.9042,  26736.1582,
       1,     170,     344,      24,       1,       3,       1,     10.0000,      1.4177,     42.8640,    253.1995,     63.7205,      3.4953,      0.0000,     -0.0330,      3.5057,      0.1612,      5.6868,     11.3736,      1.4245,     29.4636,     58.9272,      0.0196,      0.0027,      0.0156,      0.2145,   8020.8477,-425906.9375,   -952.4745,    560.9268,  26736.1562,
       1,     170,     345,       1,       1,       3,       1,     10.0000,      1.4177,     42.8644,    253.2054,     63.7220,      3.4953,      0.0000,     -0.0330,      3.3464,      0.1612,      5.6864,     11.3727,      1.4245,     29.4700,     58.9399,      0.0196,      0.0026,      0.0156,      0.2145,   8020.8472,-425707.0000,   -952.7409,    560.9539,  26737.3438,
       1,     170,     345,       2,       1,       3,       1,     10.0000,      1.4177,     42.8644,    253.2054,     63.7220,      3.4953,      0.0000,     -0.0330,      3.0488,      0.1609,      5.6864,     11.3727,      1.4217,     29.4700,     58.9399,      0.0196,      0.0024,      0.0156,      0.2146,   8021.2036,-425350.1250,   -952.3356,    560.9789,  26737.3438,
       1,     170,     345,       3,       1,       3,       1,     10.0000,      1.4177,     42.8644,    253.2054,     63.7220,      3.4953,      0.0000,     -0.0329,      2.8696,      0.1594,      5.6864,     11.3727,      1.4089,     29.4700,     58.9399,      0.0196,      0.0022,      0.0156,      0.2146,   8021.2036,-424967.1562,   -952.2429,    561.0057,  26737.3438,
       1,     170,     345,       4,       1,       3,       1,     10.0000,      1.4177,     42.8644,    253.2054,     63.7220,      3.4953,      0.0000,     -0.0328,      2.4088,      0.1571,      5.6864,     11.3727,      1.3878,     29.4700,     58.9399,      0.0196,      0.0019,      0.0156,      0.2146,   8021.2036,-424722.5312,   -952.1817,    561.0229,  26737.3438,
       1,     170,     345,       5,       1,       3,       1,     10.0000,      1.4177,     42.8644,    253.2054,     63.7220,      3.4953,      0.0000,     -0.0326,      2.1478,      0.1509,      5.6864,     11.3727,      1.3331,     29.4700,     58.9399,      0.0196,      0.0017,      0.0156,      0.2146,   8021.2036,-424155.2500,   -952.0478,    561.0627,  26737.3438,
       1,     170,     345,       6,       1,       3,       1,     10.0000,      1.4177,     42.8644,    253.2054,     63.7220,      3.4953,      0.0000,     -0.0325,      1.9656,      0.1477,      5.6864,     11.3727,      1.3051,     29.4700,     58.9399,      0.0196,      0.0015,      0.0156,      0.2146,   8021.2036,-423798.1875,   -951.9628,    561.0877,  26737.3438,
       1,     170,     345,       7,       1,       3,       1,     10.0000,      1.4177,     42.8644,    253.2054,     63.7220,      3.4953,      0.0000,     -0.0325,      2.1056,      0.1484,      5.6864,     11.3727,      1.3117,     29.4700,     58.9399,      0.0196,      0.0016,      0.0156,      0.2146,   8021.2036,-423552.2500,   -951.9034,    561.1050,  26737.3438,
       1,     170,     345,       8,       1,       3,       1,     10.0000,      1.4177,     42.8644,    253.2054,     63.7220,      3.4953,      0.0054,     -0.0271,      1.9754,      0.1496,      5.6864,     11.3727,      1.3224,     29.4700,     58.9399,      0.0196,      0.0015,      0.0156,      0.2146,   8021.2036,-423697.9375,   -951.9332,    561.0947,  26737.3438,
       1,     170,     345,       9,       1,       3,       1,     10.0000,      1.4177,     42.8644,    253.2054,     63.7220,      3.4953,      0.1148,      0.0820,     22.3492,      0.1578,      5.6864,     11.3727,      1.3948,     29.4700,     58.9399,      0.0196,      0.0019,      0.1399,      0.2146,   8021.2036,-423555.6250,   -951.8972,    561.1047,  26737.3438,
       1,     170,     345,      10,       1,       3,       1,     10.0000,      1.4177,     42.8644,    253.2054,     63.7220,      3.4953,      0.1742,      0.1407,     55.4739,      0.1762,      5.6864,     11.3727,      1.5572,     29.4700,     58.9399,      0.0196,      0.0030,      0.2207,      0.2146,   8021.2036,-447725.4688,   -957.4382,    559.4095,  26737.3438,
       1,     170,     345,      11,       1,       3,       1,     10.0000,      1.4177,     42.8644,    253.2054,     63.7220,      3.4953,      0.1955,      0.1615,     93.0025,      0.1914,      5.6864,     11.3727,      1.6912,     29.4700,     58.9399,      0.0196,      0.0045,      0.2470,      0.2145,   8021.2036,-489073.2812,   -966.9515,    556.5208,  26737.3438,
       1,     170,     345,      12,       1,       3,       1,     10.0000,      1.4177,     42.8644,    253.2054,     63.7220,      3.4953,      0.1992,      0.1650,    115.3682,      0.2005,      5.6864,     11.3727,      1.7717,     29.4700,     58.9399,      0.0196,      0.0056,      0.2500,      0.2145,   8021.2036,-537112.5625,   -978.0992,    553.1864,  26737.3438,
       1,     170,     345,      13,       1,       3,       1,     10.0000,      1.4177,     42.8644,    253.2054,     63.7220,      3.4953,      0.2000,      0.1654,    125.9417,      0.2100,      5.6864,     11.3727,      1.8559,     29.4700,     58.9399,      0.0196,      0.0061,      0.2500,      0.2144,   8021.2036,-567710.3750,   -985.4454,    551.0805,  26737.3418,
       1,     170,     345,      14,       1,       3,       1,     10.0000,      1.4177,     42.8644,    253.2054,     63.7220,      3.4953,      0.2000,      0.1654,    126.1932,      0.2121,      5.6864,     11.3727,      1.8743,     29.4700,     58.9399,      0.0196,      0.0061,      0.2500,      0.2144,   8021.2026,-582825.8750,   -989.3753,    550.0433,  26737.3418,
       1,     170,     345,      15,       1,       3,       1,     10.0000,      1.4177,     42.8644,    253.2054,     63.7220,      3.4953,      0.2005,      0.1659,    133.0510,      0.2134,      5.6864,     11.3727,      1.8854,     29.4700,     58.9399,      0.0196,      0.0064,      0.2500,      0.2144,   8021.2026,-584376.8750,   -990.2568,    549.9376,  26737.3418,
       1,     170,     345,      16,       1,       3,       1,     10.0000,      1.4177,     42.8644,    253.2054,     63.7220,      3.4953,      0.1989,      0.1643,    129.2909,      0.2117,      5.6864,     11.3727,      1.8706,     29.4700,     58.9399,      0.0196,      0.0063,      0.2481,      0.2144,   8021.2026,-592664.4375,   -992.7065,    549.3679,  26737.3418,
       1,     170,     345,      17,       1,       3,       1,     10.0000,      1.4177,     42.8644,    253.2054,     63.7220,      3.4953,      0.1899,      0.1556,    113.0561,      0.2047,      5.6864,     11.3727,      1.8089,     29.4700,     58.9399,      0.0196,      0.0057,      0.2370,      0.2143,   8021.2026,-588878.1250,   -992.4080,    549.6283,  26737.3418,
       1,     170,     345,      18,       1,       3,       1,     10.0000,      1.4177,     42.8644,    253.2054,     63.7220,      3.4953,      0.1659,      0.1317,     90.1137,      0.1964,      5.6864,     11.3727,      1.7353,     29.4700,     58.9399,      0.0196,      0.0053,      0.2050,      0.2143,   8021.2026,-569244.8750,   -988.4269,    550.9772,  26737.3398,
       1,     170,     345,      19,       1,       3,       1,     10.0000,      1.4177,     42.8644,    253.2054,     63.7220,      3.4953,      0.0832,      0.0494,     36.0638,      0.1856,      5.6864,     11.3727,      1.6399,     29.4700,     58.9399,      0.0196,      0.0047,      0.0928,      0.2144,   8021.2021,-540330.7500,   -982.2003,    552.9703,  26737.3379,
       1,     170,     345,      20,       1,       3,       1,     10.0000,      1.4177,     42.8644,    253.2054,     63.7220,      3.4953,      0.0026,     -0.0308,      5.4820,      0.1739,      5.6864,     11.3727,      1.5371,     29.4700,     58.9399,      0.0196,      0.0042,      0.0156,      0.2144,   8021.2017,-473678.3750,   -967.0670,    557.5809,  26737.3379,
       1,     170,     345,      21,       1,       3,       1,     10.0000,      1.4177,     42.8644,    253.2054,     63.7220,      3.4953,      0.0000,     -0.0331,      4.4260,      0.1655,      5.6864,     11.3727,      1.4621,     29.4700,     58.9399,      0.0196,      0.0034,      0.0156,      0.2145,   8021.2017,-431882.1875,   -957.4363,    560.5133,  26737.3379,
       1,     170,     345,      22,       1,       3,       1,     10.0000,      1.4177,     42.8644,    253.2054,     63.7220,      3.4953,      0.0000,     -0.0331,      4.0868,      0.1643,      5.6864,     11.3727,      1.4519,     29.4700,     58.9399,      0.0196,      0.0032,      0.0156,      0.2145,   8021.2017,-427155.0000,   -956.3379,    560.8522,  26737.3379,
       1,     170,     345,      23,       1,       3,       1,     10.0000,      1.4177,     42.8644,    253.2054,     63.7220,      3.4953,      0.0000,     -0.0331,      3.8825,      0.1661,      5.6864,     11.3727,      1.4680,     29.4700,     58.9399,      0.0196,      0.0030,      0.0156,      0.2145,   8021.2017,-426350.0312,   -956.1473,    560.9088,  26737.3379,
       1,     170,     345,      24,       1,       3,       1,     10.0000,      1.4177,     42.8644,    253.2054,     63.7220,      3.4953,      0.0000,     -0.0331,      3.9989,      0.1663,      5.6864,     11.3727,      1.4695,     29.4700,     58.9399,      0.0196,      0.0031,      0.0156,      0.2145,   8021.2017,-426040.4062,   -956.0715,    560.9305,  26737.3379,
       1,     170,     346,       1,       1,       3,       1,     10.0000,      1.4177,     42.8647,    253.2114,     63.7234,      3.4953,      0.0000,     -0.0331,      4.0732,      0.1661,      5.6861,     11.3722,      1.4680,     29.4768,     58.9537,      0.0196,      0.0031,      0.0156,      0.2146,   8021.2017,-426307.1562,   -956.4533,    560.9248,  26738.5312,
       1,     170,     346,       2,       1,       3,       1,     10.0000,      1.4177,     42.8647,    253.2114,     63.7234,      3.4953,      0.0000,     -0.0330,      3.9029,      0.1628,      5.6861,     11.3722,      1.4389,     29.4768,     58.9537,      0.0196,      0.0030,      0.0156,      0.2146,   8021.5596,-426265.7500,   -956.1162,    560.9277,  26738.5312,
       1,     170,     346,       3,       1,       3,       1,     10.0000,      1.4177,     42.8647,    253.2114,     63.7234,      3.4953,      0.0000,     -0.0325,      2.3348,      0.1470,      5.6861,     11.3722,      1.2986,     29.4768,     58.9537,      0.0196,      0.0018,      0.0156,      0.2146,   8021.5596,-426060.1562,   -956.3132,    560.9422,  26738.5312,
       1,     170,     346,       4,       1,       3,       1,     10.0000,      1.4177,     42.8647,    253.2114,     63.7234,      3.4953,      0.0000,     -0.0326,      2.5072,      0.1510,      5.6861,     11.3722,      1.3344,     29.4768,     58.9537,      0.0196,      0.0019,      0.0156,      0.2146,   8021.5596,-424181.9062,   -955.8754,    561.0739,  26738.5293,
       1,     170,     346,       5,       1,       3,       1,     10.0000,      1.4177,     42.8647,    253.2114,     63.7234,      3.4953,      0.0000,     -0.0327,      2.9515,      0.1532,      5.6861,     11.3722,      1.3534,     29.4768,     58.9537,      0.0196,      0.0023,      0.0156,      0.2146,   8021.5591,-424230.3750,   -955.8837,    561.0705,  26738.5293,
       1,     170,     346,       6,       1,       3,       1,     10.0000,      1.4177,     42.8647,    253.2114,     63.7234,      3.4953,      0.0000,     -0.0322,      1.3907,      0.1390,      5.6861,     11.3722,      1.2283,     29.4768,     58.9537,      0.0196,      0.0011,      0.0156,      0.2146,   8021.5591,-424761.7188,   -956.0026,    561.0333,  26738.5293,
       1,     170,     346,       7,       1,       3,       1,     10.0000,      1.4177,     42.8647,    253.2114,     63.7234,      3.4953,      0.0000,     -0.0321,      1.0127,      0.1379,      5.6861,     11.3722,      1.2184,     29.4768,     58.9537,      0.0196,      0.0008,      0.0156,      0.2146,   8021.5591,-422953.5312,   -959.0969,    561.1600,  26738.5293,
       1,     170,     346,       8,       1,       3,       1,     10.0000,      1.4177,     42.8647,    253.2114,     63.7234,      3.4953,      0.0040,     -0.0285,      1.5142,      0.1459,      5.6861,     11.3722,      1.2894,     29.4768,     58.9537,      0.0196,      0.0012,      0.0156,      0.2146,   8021.5591,-422354.5938,   -958.9528,    561.2020,  26738.5293,
       1,     170,     346,       9,       1,       3,       1,     10.0000,      1.4177,     42.8647,    253.2114,     63.7234,      3.4953,      0.0969,      0.0641,     18.2348,      0.1555,      5.6861,     11.3722,      1.3740,     29.4768,     58.9537,      0.0196,      0.0019,      0.1150,      0.2146,   8021.5591,-422899.8750,   -959.0677,    561.1638,  26738.5293,
       1,     170,     346,      10,       1,       3,       1,     10.0000,      1.4177,     42.8647,    253.2114,     63.7234,      3.4953,      0.1714,      0.1381,     49.6447,      0.1705,      5.6861,     11.3722,      1.5067,     29.4768,     58.9537,      0.0196,      0.0028,      0.2173,      0.2146,   8021.5591,-442788.5625,   -963.6522,    559.7687,  26738.5293,
       1,     170,     346,      11,       1,       3,       1,     10.0000,      1.4177,     42.8647,    253.2114,     63.7234,      3.4953,      0.1921,      0.1584,     73.8298,      0.1841,      5.6861,     11.3722,      1.6269,     29.4768,     58.9537,      0.0196,      0.0036,      0.2443,      0.2146,   8021.5591,-481734.8438,   -972.6561,    557.0453,  26738.5312,
       1,     170,     346,      12,       1,       3,       1,     10.0000,      1.4177,     42.8647,    253.2114,     63.7234,      3.4953,      0.1979,      0.1638,     97.3524,      0.1950,      5.6861,     11.3722,      1.7234,     29.4768,     58.9537,      0.0196,      0.0047,      0.2500,      0.2145,   8021.5596,-513714.1875,   -980.1144,    554.8252,  26738.5293,
       1,     170,     346,      13,       1,       3,       1,     10.0000,      1.4177,     42.8647,    253.2114,     63.7234,      3.4953,      0.1991,      0.1647,    114.2248,      0.2055,      5.6861,     11.3722,      1.8161,     29.4768,     58.9537,      0.0196,      0.0055,      0.2500,      0.2145,   8021.5591,-544326.3125,   -987.3604,    552.7066,  26738.5293,
       1,     170,     346,      14,       1,       3,       1,     10.0000,      1.4177,     42.8647,    253.2114,     63.7234,      3.4953,      0.1999,      0.1654,    125.8277,      0.2121,      5.6861,     11.3722,      1.8743,     29.4768,     58.9537,      0.0196,      0.0061,      0.2500,      0.2144,   8021.5591,-566931.9375,   -992.8743,    551.1488,  26738.5273,
       1,     170,     346,      15,       1,       3,       1,     10.0000,      1.4177,     42.8647,    253.2114,     63.7234,      3.4953,      0.2002,      0.1656,    128.6163,      0.2113,      5.6861,     11.3722,      1.8669,     29.4768,     58.9537,      0.0196,      0.0062,      0.2500,      0.2144,   8021.5586,-582608.8125,   -996.8776,    550.0709,  26738.5273,
       1,     170,     346,      16,       1,       3,       1,     10.0000,      1.4177,     42.8647,    253.2114,     63.7234,      3.4953,      0.1996,      0.1653,    120.9529,      0.2047,      5.6861,     11.3722,      1.8089,     29.4768,     58.9537,      0.0196,      0.0058,      0.2500,      0.2144,   8021.5586,-587227.3750,   -998.3890,    549.7545,  26738.5273,
       1,     170,     346,      17,       1,       3,       1,     10.0000,      1.4177,     42.8647,    253.2114,     63.7234,      3.4953,      0.1897,      0.1556,    106.3752,      0.1981,      5.6861,     11.3722,      1.7509,     29.4768,     58.9537,      0.0196,      0.0054,      0.2374,      0.2144,   8021.5586,-578491.2500,   -996.8245,    550.3549,  26738.5273,
       1,     170,     346,      18,       1,       3,       1,     10.0000,      1.4177,     42.8647,    253.2114,     63.7234,      3.4953,      0.1643,      0.1303,     86.1598,      0.1933,      5.6861,     11.3722,      1.7081,     29.4768,     58.9537,      0.0196,      0.0051,      0.2032,      0.2144,   8021.5586,-560425.9375,   -993.0560,    551.5980,  26738.5273,
       1,     170,     346,      19,       1,       3,       1,     10.0000,      1.4177,     42.8647,    253.2114,     63.7234,      3.4953,      0.0828,      0.0491,     33.6676,      0.1821,      5.6861,     11.3722,      1.6092,     29.4768,     58.9537,      0.0196,      0.0044,      0.0926,      0.2144,   8021.5586,-534891.1875,   -987.4656,    553.3600,  26738.5273,
       1,     170,     346,      20,       1,       3,       1,     10.0000,      1.4177,     42.8647,    253.2114,     63.7234,      3.4953,      0.0030,     -0.0303,      4.2869,      0.1700,      5.6861,     11.3722,      1.5022,     29.4768,     58.9537,      0.0196,      0.0033,      0.0156,      0.2145,   8021.5586,-470381.5000,   -972.6238,    557.8250,  26738.5254,
       1,     170,     346,      21,       1,       3,       1,     10.0000,      1.4177,     42.8647,    253.2114,     63.7234,      3.4953,      0.0000,     -0.0331,      3.9904,      0.1663,      5.6861,     11.3722,      1.4695,     29.4768,     58.9537,      0.0196,      0.0031,      0.0156,      0.2145,   8021.5581,-430192.2500,   -963.2469,    560.6454,  26738.5254,
       1,     170,     346,      22,       1,       3,       1,     10.0000,      1.4177,     42.8647,    253.2114,     63.7234,      3.4953,      0.0000,     -0.0331,      3.5943,      0.1655,      5.6861,     11.3722,      1.4622,     29.4768,     58.9537,      0.0196,      0.0028,      0.0156,      0.2146,   8021.5581,-426499.8125,   -962.3615,    560.9113,  26738.5254,
       1,     170,     346,      23,       1,       3,       1,     10.0000,      1.4177,     42.8647,    253.2114,     63.7234,      3.4953,      0.0000,     -0.0330,      3.3201,      0.1630,      5.6861,     11.3722,      1.4404,     29.4768,     58.9537,      0.0196,      0.0026,      0.0156,      0.2146,   8021.5581,-425714.0938,   -962.1575,    560.9665,  26738.5234,
       1,     170,     346,      24,       1,       3,       1,     10.0000,      1.4177,     42.8647,    253.2114,     63.7234,      3.4953,      0.0000,     -0.0332,      3.4482,      0.1666,      5.6861,     11.3722,      1.4725,     29.4768,     58.9537,      0.0196,      0.0027,      0.0156,      0.2146,   8021.5571,-425323.3750,   -962.0479,    560.9939,  26738.5254,
       1,     170,     347,       1,       1,       3,       1,     10.0000,      1.4178,     42.8650,    253.2173,     63.7249,      3.4953,      0.0000,     -0.0330,      2.9229,      0.1620,      5.6868,     11.3735,      1.4318,     29.4831,     58.9662,      0.0196,      0.0023,      0.0156,      0.2146,   8021.5581,-425596.9375,   -962.4188,    560.9878,  26739.7168,
       1,     170,     347,       2,       1,       3,       1,     10.0000,      1.4178,     42.8650,    253.2173,     63.7249,      3.4953,      0.0000,     -0.0329,      2.4514,      0.1593,      5.6868,     11.3735,      1.4075,     29.4831,     58.9662,      0.0196,      0.0019,      0.0156,      0.2146,   8021.9155,-424844.7500,   -961.9014,    561.0406,  26739.7168,
       1,     170,     347,       3,       1,       3,       1,     10.0000,      1.4178,     42.8650,    253.2173,     63.7249,      3.4953,      0.0000,     -0.0327,      1.4616,      0.1527,      5.6868,     11.3735,      1.3493,     29.4831,     58.9662,      0.0196,      0.0011,      0.0156,      0.2146,   8021.9155,-424222.5000,   -961.7430,    561.0842,  26739.7168,
       1,     170,     347,       4,       1,       3,       1,     10.0000,      1.4178,     42.8650,    253.2173,     63.7249,      3.4953,      0.0000,     -0.0328,      1.7256,      0.1560,      5.6868,     11.3735,      1.3781,     29.4831,     58.9662,      0.0196,      0.0013,      0.0156,      0.2146,   8021.9155,-422996.1562,   -961.4499,    561.1702,  26739.7168,
       1,     170,     347,       5,       1,       3,       1,     10.0000,      1.4178,     42.8650,    253.2173,     63.7249,      3.4953,      0.0000,     -0.0329,      2.0985,      0.1586,      5.6868,     11.3735,      1.4019,     29.4831,     58.9662,      0.0196,      0.0016,      0.0156,      0.2146,   8021.9155,-423207.5312,   -961.4910,    561.1554,  26739.7168,
       1,     170,     347,       6,       1,       3,       1,     10.0000,      1.4178,     42.8650,    253.2173,     63.7249,      3.4953,      0.0000,     -0.0328,      1.8916,      0.1555,      5.6868,     11.3735,      1.3740,     29.4831,     58.9662,      0.0196,      0.0015,      0.0156,      0.2146,   8021.9155,-423667.5000,   -961.5878,    561.1231,  26739.7168,
       1,     170,     347,       7,       1,       3,       1,     10.0000,      1.4178,     42.8650,    253.2173,     63.7249,      3.4953,      0.0000,     -0.0327,      1.6631,      0.1542,      5.6868,     11.3735,      1.3630,     29.4831,     58.9662,      0.0196,      0.0013,      0.0156,      0.2146,   8021.9155,-423460.3125,   -961.5300,    561.1376,  26739.7168,
       1,     170,     347,       8,       1,       3,       1,     10.0000,      1.4178,     42.8650,    253.2173,     63.7249,      3.4953,      0.0040,     -0.0288,      1.9146,      0.1572,      5.6868,     11.3735,      1.3893,     29.4831,     58.9662,      0.0196,      0.0015,      0.0156,      0.2146,   8021.9155,-423171.8750,   -961.4551,    561.1579,  26739.7168,
       1,     170,     347,       9,       1,       3,       1,     10.0000,      1.4178,     42.8650,    253.2173,     63.7249,      3.4953,      0.0967,      0.0636,     18.7482,      0.1651,      5.6868,     11.3735,      1.4593,     29.4831,     58.9662,      0.0196,      0.0020,      0.1145,      0.2146,   8021.9155,-423446.3125,   -961.5096,    561.1386,  26739.7168,
       1,     170,     347,      10,       1,       3,       1,     10.0000,      1.4178,     42.8650,    253.2173,     63.7249,      3.4953,      0.1700,      0.1364,     51.9783,      0.1812,      5.6868,     11.3735,      1.6013,     29.4831,     58.9662,      0.0196,      0.0029,      0.2151,      0.2146,   8021.9155,-443444.3750,   -966.1877,    559.7359,  26739.7168,
       1,     170,     347,      11,       1,       3,       1,     10.0000,      1.4178,     42.8650,    253.2173,     63.7249,      3.4953,      0.1921,      0.1581,     81.3618,      0.1939,      5.6868,     11.3735,      1.7132,     29.4831,     58.9662,      0.0196,      0.0040,      0.2436,      0.2146,   8021.9155,-484556.2812,   -975.8350,    556.8611,  26739.7168,
       1,     170,     347,      12,       1,       3,       1,     10.0000,      1.4178,     42.8650,    253.2173,     63.7249,      3.4953,      0.1980,      0.1636,     99.9113,      0.2045,      5.6868,     11.3735,      1.8072,     29.4831,     58.9662,      0.0196,      0.0048,      0.2500,      0.2145,   8021.9155,-522889.4375,   -984.9050,    554.2003,  26739.7168,
       1,     170,     347,      13,       1,       3,       1,     10.0000,      1.4178,     42.8650,    253.2173,     63.7249,      3.4953,      0.1975,      0.1630,    110.7264,      0.2115,      5.6868,     11.3735,      1.8688,     29.4831,     58.9662,      0.0196,      0.0054,      0.2482,      0.2145,   8021.9155,-548123.5625,   -991.0413,    552.4586,  26739.7148,
       1,     170,     347,      14,       1,       3,       1,     10.0000,      1.4178,     42.8650,    253.2173,     63.7249,      3.4953,      0.1986,      0.1639,    108.6752,      0.2144,      5.6868,     11.3735,      1.8948,     29.4831,     58.9662,      0.0196,      0.0052,      0.2500,      0.2145,   8021.9146,-563074.3125,   -994.8740,    551.4288,  26739.7148,
       1,     170,     347,      15,       1,       3,       1,     10.0000,      1.4178,     42.8650,    253.2173,     63.7249,      3.4953,      0.1989,      0.1642,    113.2033,      0.2174,      5.6868,     11.3735,      1.9210,     29.4831,     58.9662,      0.0196,      0.0055,      0.2500,      0.2144,   8021.9146,-561874.1250,   -994.9697,    551.5125,  26739.7129,
       1,     170,     347,      16,       1,       3,       1,     10.0000,      1.4178,     42.8650,    253.2173,     63.7249,      3.4953,      0.1902,      0.1557,     96.9941,      0.2084,      5.6868,     11.3735,      1.8414,     29.4831,     58.9662,      0.0196,      0.0049,      0.2392,      0.2144,   8021.9141,-567158.3125,   -996.5905,    551.1482,  26739.7148,
       1,     170,     347,      17,       1,       3,       1,     10.0000,      1.4178,     42.8650,    253.2173,     63.7249,      3.4953,      0.1881,      0.1536,    100.1078,      0.2090,      5.6868,     11.3735,      1.8468,     29.4831,     58.9662,      0.0196,      0.0051,      0.2358,      0.2144,   8021.9146,-548319.6250,   -992.5567,    552.4462,  26739.7129,
       1,     170,     347,      18,       1,       3,       1,     10.0000,      1.4178,     42.8650,    253.2173,     63.7249,      3.4953,      0.1157,      0.0818,     44.7716,      0.1914,      5.6868,     11.3735,      1.6912,     29.4831,     58.9662,      0.0196,      0.0039,      0.1383,      0.2145,   8021.9141,-550465.1250,   -993.4038,    552.2996,  26739.7109,
       1,     170,     347,      19,       1,       3,       1,     10.0000,      1.4178,     42.8650,    253.2173,     63.7249,      3.4953,      0.0284,     -0.0049,      3.5477,      0.1709,      5.6868,     11.3735,      1.5098,     29.4831,     58.9662,      0.0196,      0.0023,      0.0187,      0.2145,   8021.9136,-484850.7500,   -978.2244,    556.8295,  26739.7109,
       1,     170,     347,      20,       1,       3,       1,     10.0000,      1.4178,     42.8650,    253.2173,     63.7249,      3.4953,      0.0006,     -0.0323,      2.2884,      0.1588,      5.6868,     11.3735,      1.4033,     29.4831,     58.9662,      0.0196,      0.0018,      0.0156,      0.2145,   8021.9136,-430508.2500,   -965.4450,    560.6306,  26739.7109,
       1,     170,     347,      21,       1,       3,       1,     10.0000,      1.4178,     42.8650,    253.2173,     63.7249,      3.4953,      0.0000,     -0.0328,      1.7170,      0.1549,      5.6868,     11.3735,      1.3685,     29.4831,     58.9662,      0.0196,      0.0013,      0.0156,      0.2146,   8021.9136,-424516.1250,   -964.0226,    561.0635,  26739.7090,
       1,     170,     347,      22,       1,       3,       1,     10.0000,      1.4178,     42.8650,    253.2173,     63.7249,      3.4953,      0.0000,     -0.0325,      1.2438,      0.1491,      5.6868,     11.3735,      1.3171,     29.4831,     58.9662,      0.0196,      0.0010,      0.0156,      0.2146,   8021.9131,-423324.8438,   -963.7368,    561.1472,  26739.7090,
       1,     170,     347,      23,       1,       3,       1,     10.0000,      1.4178,     42.8650,    253.2173,     63.7249,      3.4953,      0.0000,     -0.0323,      0.8434,      0.1424,      5.6868,     11.3735,      1.2586,     29.4831,     58.9662,      0.0196,      0.0007,      0.0156,      0.2146,   8021.9131,-422664.0000,   -963.5776,    561.1935,  26739.7090,
       1,     170,     347,      24,       1,       3,       1,     10.0000,      1.4178,     42.8650,    253.2173,     63.7249,      3.4953,      0.0000,     -0.0323,      0.7422,      0.1413,      5.6868,     11.3735,      1.2484,     29.4831,     58.9662,      0.0196,      0.0006,      0.0156,      0.2146,   8021.9131,-422133.8750,   -963.4506,    561.2307,  26739.7090,
       1,     170,     348,       1,       1,       3,       1,     10.0000,      1.4178,     42.8654,    253.2233,     63.7264,      3.4953,      0.0000,     -0.0322,      0.7263,      0.1394,      5.6871,     11.3742,      1.2321,     29.4863,     58.9727,      0.0196,      0.0006,      0.0156,      0.2146,   8021.9131,-422123.8438,   -963.7761,    561.2445,  26740.8984,
       1,     170,     348,       2,       1,       3,       1,     10.0000,      1.4178,     42.8654,    253.2233,     63.7264,      3.4953,      0.0000,     -0.0321,      0.6108,      0.1362,      5.6871,     11.3742,      1.2037,     29.4863,     58.9727,      0.0196,      0.0005,      0.0156,      0.2146,   8022.2700,-421952.7188,   -963.4059,    561.2566,  26740.8984,
       1,     170,     348,       3,       1,       3,       1,     10.0000,      1.4178,     42.8654,    253.2233,     63.7264,      3.4953,      0.0000,     -0.0320,      0.4244,      0.1333,      5.6871,     11.3742,      1.1783,     29.4863,     58.9727,      0.0196,      0.0003,      0.0156,      0.2146,   8022.2700,-421801.4062,   -964.1826,    561.2672,  26740.8984,
       1,     170,     348,       4,       1,       3,       1,     10.0000,      1.4178,     42.8654,    253.2233,     63.7264,      3.4953,      0.0000,     -0.0320,      0.4409,      0.1346,      5.6871,     11.3742,      1.1892,     29.4863,     58.9727,      0.0196,      0.0003,      0.0156,      0.2146,   8022.2700,-421567.6562,   -968.4926,    561.2836,  26740.8984,
       1,     170,     348,       5,       1,       3,       1,     10.0000,      1.4178,     42.8654,    253.2233,     63.7264,      3.4953,      0.0000,     -0.0321,      0.5091,      0.1361,      5.6871,     11.3742,      1.2025,     29.4863,     58.9727,      0.0196,      0.0004,      0.0156,      0.2146,   8022.2700,-421567.6875,   -969.0997,    561.2835,  26740.8984,
       1,     170,     348,       6,       1,       3,       1,     10.0000,      1.4178,     42.8654,    253.2233,     63.7264,      3.4953,      0.0000,     -0.0321,      0.4087,      0.1364,      5.6871,     11.3742,      1.2049,     29.4863,     58.9727,      0.0196,      0.0003,      0.0156,      0.2146,   8022.2700,-421648.6875,   -969.1170,    561.2779,  26740.8984,
       1,     170,     348,       7,       1,       3,       1,     10.0000,      1.4178,     42.8654,    253.2233,     63.7264,      3.4953,      0.0000,     -0.0323,      0.6751,      0.1426,      5.6871,     11.3742,      1.2599,     29.4863,     58.9727,      0.0196,      0.0005,      0.0156,      0.2146,   8022.2700,-421536.2500,   -969.0902,    561.2857,  26740.9004,
       1,     170,     348,       8,       1,       3,       1,     10.0000,      1.4178,     42.8654,    253.2233,     63.7264,      3.4953,      0.0033,     -0.0290,      0.6871,      0.1436,      5.6871,     11.3742,      1.2688,     29.4863,     58.9727,      0.0196,      0.0005,      0.0156,      0.2146,   8022.2705,-421842.9062,   -969.1576,    561.2643,  26740.8984,
       1,     170,     348,       9,       1,       3,       1,     10.0000,      1.4178,     42.8654,    253.2233,     63.7264,      3.4953,      0.1062,      0.0737,      5.9210,      0.1483,      5.6871,     11.3742,      1.3105,     29.4863,     58.9727,      0.0196,      0.0005,      0.1297,      0.2146,   8022.2700,-421882.7500,   -969.1633,    561.2615,  26740.8984,
       1,     170,     348,      10,       1,       3,       1,     10.0000,      1.4178,     42.8654,    253.2233,     63.7264,      3.4953,      0.1676,      0.1337,     43.5782,      0.1880,      5.6871,     11.3742,      1.6613,     29.4863,     58.9727,      0.0196,      0.0025,      0.2126,      0.2146,   8022.2700,-428096.0312,   -970.5827,    560.8256,  26740.8984,
       1,     170,     348,      11,       1,       3,       1,     10.0000,      1.4178,     42.8654,    253.2233,     63.7264,      3.4953,      0.1903,      0.1557,     92.4023,      0.2142,      5.6871,     11.3742,      1.8929,     29.4863,     58.9727,      0.0196,      0.0046,      0.2399,      0.2146,   8022.2700,-473296.3750,   -981.0914,    557.6570,  26740.9004,
       1,     170,     348,      12,       1,       3,       1,     10.0000,      1.4178,     42.8654,    253.2233,     63.7264,      3.4953,      0.1959,      0.1612,    104.6007,      0.2161,      5.6871,     11.3742,      1.9098,     29.4863,     58.9727,      0.0196,      0.0051,      0.2466,      0.2146,   8022.2705,-535050.1875,   -995.4864,    553.3613,  26740.8984,
       1,     170,     348,      13,       1,       3,       1,     10.0000,      1.4178,     42.8654,    253.2233,     63.7264,      3.4953,      0.1992,      0.1641,    118.0840,      0.2304,      5.6871,     11.3742,      2.0356,     29.4863,     58.9727,      0.0196,      0.0057,      0.2500,      0.2145,   8022.2700,-554710.0000,  -1000.2182,    552.0179,  26740.8984,
       1,     170,     348,      14,       1,       3,       1,     10.0000,      1.4178,     42.8654,    253.2233,     63.7264,      3.4953,      0.1989,      0.1634,    124.2959,      0.2445,      5.6871,     11.3742,      2.1607,     29.4863,     58.9727,      0.0196,      0.0060,      0.2490,      0.2145,   8022.2700,-572354.6250,  -1004.5529,    550.8020,  26740.8965,
       1,     170,     348,      15,       1,       3,       1,     10.0000,      1.4178,     42.8654,    253.2233,     63.7264,      3.4953,      0.1982,      0.1630,    106.0447,      0.2340,      5.6871,     11.3742,      2.0678,     29.4863,     58.9727,      0.0196,      0.0051,      0.2500,      0.2145,   8022.2690,-581207.3125,  -1006.8789,    550.1938,  26740.8965,
       1,     170,     348,      16,       1,       3,       1,     10.0000,      1.4178,     42.8654,    253.2233,     63.7264,      3.4953,      0.1976,      0.1627,     96.1394,      0.2217,      5.6871,     11.3742,      1.9592,     29.4863,     58.9727,      0.0196,      0.0046,      0.2500,      0.2144,   8022.2690,-560232.6875,  -1002.2282,    551.6367,  26740.8965,
       1,     170,     348,      17,       1,       3,       1,     10.0000,      1.4178,     42.8654,    253.2233,     63.7264,      3.4953,      0.1882,      0.1536,     90.6098,      0.2125,      5.6871,     11.3742,      1.8781,     29.4863,     58.9727,      0.0196,      0.0046,      0.2371,      0.2145,   8022.2690,-546722.7500,   -999.2914,    552.5701,  26740.8965,
       1,     170,     348,      18,       1,       3,       1,     10.0000,      1.4178,     42.8654,    253.2233,     63.7264,      3.4953,      0.1238,      0.0898,     42.3562,      0.1920,      5.6871,     11.3742,      1.6963,     29.4863,     58.9727,      0.0196,      0.0034,      0.1500,      0.2145,   8022.2690,-539030.3125,   -997.7062,    553.1022,  26740.8965,
       1,     170,     348,      19,       1,       3,       1,     10.0000,      1.4178,     42.8654,    253.2233,     63.7264,      3.4953,      0.0495,      0.0159,      8.8980,      0.1784,      5.6871,     11.3742,      1.5760,     29.4863,     58.9727,      0.0196,      0.0022,      0.0479,      0.2145,   8022.2690,-481040.3125,   -984.1561,    557.1119,  26740.8984,
       1,     170,     348,      20,       1,       3,       1,     10.0000,      1.4178,     42.8654,    253.2233,     63.7264,      3.4953,      0.0011,     -0.0321,      2.3600,      0.1685,      5.6871,     11.3742,      1.4888,     29.4863,     58.9727,      0.0196,      0.0018,      0.0156,      0.2146,   8022.2700,-436545.9688,   -973.6165,    560.2250,  26740.8945,
       1,     170,     348,      21,       1,       3,       1,     10.0000,      1.4178,     42.8654,    253.2233,     63.7264,      3.4953,      0.0000,     -0.0331,      1.8879,      0.1658,      5.6871,     11.3742,      1.4652,     29.4863,     58.9727,      0.0196,      0.0015,      0.0156,      0.2146,   8022.2686,-425100.8125,   -970.8801,    561.0352,  26740.8945,
       1,     170,     348,      22,       1,       3,       1,     10.0000,      1.4178,     42.8654,    253.2233,     63.7264,      3.4953,      0.0000,     -0.0331,      1.5259,      0.1640,      5.6871,     11.3742,      1.4491,     29.4863,     58.9727,      0.0196,      0.0012,      0.0156,      0.2146,   8022.2686,-423579.9375,   -970.5043,    561.1424,  26740.8926,
       1,     170,     348,      23,       1,       3,       1,     10.0000,      1.4178,     42.8654,    253.2233,     63.7264,      3.4953,      0.0000,     -0.0332,      1.7993,      0.1665,      5.6871,     11.3742,      1.4711,     29.4863,     58.9727,      0.0196,      0.0014,      0.0156,      0.2146,   8022.2681,-423023.3125,   -970.3618,    561.1815,  26740.8945,
       1,     170,     348,      24,       1,       3,       1,     10.0000,      1.4178,     42.8654,    253.2233,     63.7264,      3.4953,      0.0000,     -0.0331,      1.9015,      0.1640,      5.6871,     11.3742,      1.4491,     29.4863,     58.9727,      0.0196,      0.0015,      0.0156,      0.2146,   8022.2686,-423301.1562,   -970.4140,    561.1620,  26740.8926,
       1,     170,     349,       1,       1,       3,       1,     10.0000,      1.4178,     42.8657,    253.2292,     63.7279,      3.4953,      0.0000,     -0.0329,      1.5042,      0.1596,      5.6870,     11.3740,      1.4104,     29.4905,     58.9810,      0.0196,      0.0012,      0.0156,      0.2147,   8022.2681,-423600.4375,   -970.8022,    561.1542,  26742.0898,
       1,     170,     349,       2,       1,       3,       1,     10.0000,      1.4178,     42.8657,    253.2292,     63.7279,      3.4953,      0.0000,     -0.0328,      1.3311,      0.1564,      5.6870,     11.3740,      1.3824,     29.4905,     58.9810,      0.0196,      0.0010,      0.0156,      0.2147,   8022.6274,-423001.4062,   -970.3149,    561.1962,  26742.0879,
       1,     170,     349,       3,       1,       3,       1,     10.0000,      1.4178,     42.8657,    253.2292,     63.7279,      3.4953,      0.0000,     -0.0327,      1.2899,      0.1543,      5.6870,     11.3740,      1.3630,     29.4905,     58.9810,      0.0196,      0.0010,      0.0156,      0.2147,   8022.6265,-422746.6562,   -970.2455,    561.2141,  26742.0879,
       1,     170,     349,       4,       1,       3,       1,     10.0000,      1.4178,     42.8657,    253.2292,     63.7279,      3.4953,      0.0000,     -0.0326,      1.0226,      0.1516,      5.6870,     11.3740,      1.3399,     29.4905,     58.9810,      0.0196,      0.0008,      0.0156,      0.2147,   8022.6265,-422676.5938,   -970.2191,    561.2191,  26742.0879,
       1,     170,     349,       5,       1,       3,       1,     10.0000,      1.4178,     42.8657,    253.2292,     63.7279,      3.4953,      0.0000,     -0.0326,      1.4237,      0.1500,      5.6870,     11.3740,      1.3251,     29.4905,     58.9810,      0.0196,      0.0011,      0.0156,      0.2147,   8022.6265,-422353.5312,   -970.1353,    561.2416,  26742.0879,
       1,     170,     349,       6,       1,       3,       1,     10.0000,      1.4178,     42.8657,    253.2292,     63.7279,      3.4953,      0.0000,     -0.0326,      1.8603,      0.1509,      5.6870,     11.3740,      1.3332,     29.4905,     58.9810,      0.0196,      0.0014,      0.0156,      0.2147,   8022.6265,-422802.5938,   -970.2306,    561.2101,  26742.0879,
       1,     170,     349,       7,       1,       3,       1,     10.0000,      1.4178,     42.8657,    253.2292,     63.7279,      3.4953,      0.0000,     -0.0324,      1.5712,      0.1458,      5.6870,     11.3740,      1.2882,     29.4905,     58.9810,      0.0196,      0.0012,      0.0156,      0.2147,   8022.6265,-423357.8750,   -970.3458,    561.1712,  26742.0879,
       1,     170,     349,       8,       1,       3,       1,     10.0000,      1.4178,     42.8657,    253.2292,     63.7279,      3.4953,      0.0037,     -0.0285,      0.5342,      0.1410,      5.6870,     11.3740,      1.2460,     29.4905,     58.9810,      0.0196,      0.0004,      0.0156,      0.2147,   8022.6265,-423061.1250,   -970.2633,    561.1920,  26742.0879,
       1,     170,     349,       9,       1,       3,       1,     10.0000,      1.4178,     42.8657,    253.2292,     63.7279,      3.4953,      0.1036,      0.0711,      6.2550,      0.1474,      5.6870,     11.3740,      1.3026,     29.4905,     58.9810,      0.0196,      0.0006,      0.1260,      0.2147,   8022.6265,-421806.1875,   -969.9626,    561.2801,  26742.0879,
       1,     170,     349,      10,       1,       3,       1,     10.0000,      1.4178,     42.8657,    253.2292,     63.7279,      3.4953,      0.1706,      0.1374,     37.7153,      0.1690,      5.6870,     11.3740,      1.4933,     29.4905,     58.9810,      0.0196,      0.0021,      0.2176,      0.2147,   8022.6265,-428488.4062,   -971.5217,    560.8112,  26742.0879,
       1,     170,     349,      11,       1,       3,       1,     10.0000,      1.4178,     42.8657,    253.2292,     63.7279,      3.4953,      0.1931,      0.1592,     64.4717,      0.1891,      5.6870,     11.3740,      1.6713,     29.4905,     58.9810,      0.0196,      0.0031,      0.2468,      0.2147,   8022.6265,-466370.9688,   -980.4923,    558.1559,  26742.0879,
       1,     170,     349,      12,       1,       3,       1,     10.0000,      1.4178,     42.8657,    253.2292,     63.7279,      3.4953,      0.1975,      0.1629,     93.5051,      0.2100,      5.6870,     11.3740,      1.8561,     29.4905,     58.9810,      0.0196,      0.0045,      0.2500,      0.2146,   8022.6265,-501299.9688,   -988.7950,    555.7252,  26742.0879,
       1,     170,     349,      13,       1,       3,       1,     10.0000,      1.4178,     42.8657,    253.2292,     63.7279,      3.4953,      0.1993,      0.1644,    118.1327,      0.2217,      5.6870,     11.3740,      1.9593,     29.4905,     58.9810,      0.0196,      0.0057,      0.2500,      0.2146,   8022.6265,-538690.1875,   -997.7698,    553.1331,  26742.0859,
       1,     170,     349,      14,       1,       3,       1,     10.0000,      1.4178,     42.8657,    253.2292,     63.7279,      3.4953,      0.1989,      0.1639,    128.1936,      0.2275,      5.6870,     11.3740,      2.0099,     29.4905,     58.9810,      0.0196,      0.0062,      0.2484,      0.2145,   8022.6260,-571070.3125,  -1005.6948,    550.9003,  26742.0859,
       1,     170,     349,      15,       1,       3,       1,     10.0000,      1.4178,     42.8657,    253.2292,     63.7279,      3.4953,      0.1966,      0.1617,    121.8669,      0.2237,      5.6870,     11.3740,      1.9766,     29.4905,     58.9810,      0.0196,      0.0060,      0.2458,      0.2145,   8022.6260,-585724.2500,  -1009.5327,    549.8958,  26742.0879,
       1,     170,     349,      16,       1,       3,       1,     10.0000,      1.4178,     42.8657,    253.2292,     63.7279,      3.4953,      0.1909,      0.1563,     98.9215,      0.2130,      5.6870,     11.3740,      1.8818,     29.4905,     58.9810,      0.0196,      0.0050,      0.2400,      0.2145,   8022.6265,-579411.6875,  -1008.4347,    550.3306,  26742.0840,
       1,     170,     349,      17,       1,       3,       1,     10.0000,      1.4178,     42.8657,    253.2292,     63.7279,      3.4953,      0.1824,      0.1480,     88.3123,      0.2045,      5.6870,     11.3740,      1.8073,     29.4905,     58.9810,      0.0196,      0.0046,      0.2289,      0.2145,   8022.6255,-551600.8750,  -1002.1694,    552.2438,  26742.0840,
       1,     170,     349,      18,       1,       3,       1,     10.0000,      1.4178,     42.8657,    253.2292,     63.7279,      3.4953,      0.1592,      0.1251,     69.4719,      0.1958,      5.6870,     11.3740,      1.7303,     29.4905,     58.9810,      0.0196,      0.0042,      0.1978,      0.2145,   8022.6255,-536696.0000,   -998.8977,    553.2761,  26742.0840,
       1,     170,     349,      19,       1,       3,       1,     10.0000,      1.4178,     42.8657,    253.2292,     63.7279,      3.4953,      0.0601,      0.0264,     17.9889,      0.1843,      5.6870,     11.3740,      1.6287,     29.4905,     58.9810,      0.0196,      0.0035,      0.0619,      0.2145,   8022.6255,-513070.4062,   -993.4688,    554.9109,  26742.0820,
       1,     170,     349,      20,       1,       3,       1,     10.0000,      1.4178,     42.8657,    253.2292,     63.7279,      3.4953,      0.0032,     -0.0302,      3.7281,      0.1750,      5.6870,     11.3740,      1.5465,     29.4905,     58.9810,      0.0196,      0.0029,      0.0156,      0.2146,   8022.6250,-449960.6250,   -978.4235,    559.2909,  26742.0840,
       1,     170,     349,      21,       1,       3,       1,     10.0000,      1.4178,     42.8657,    253.2292,     63.7279,      3.4953,      0.0000,     -0.0333,      3.0915,      0.1721,      5.6870,     11.3740,      1.5204,     29.4905,     58.9810,      0.0196,      0.0024,      0.0156,      0.2146,   8022.6255,-427849.3438,   -973.0911,    560.8541,  26742.0820,
       1,     170,     349,      22,       1,       3,       1,     10.0000,      1.4178,     42.8657,    253.2292,     63.7279,      3.4953,      0.0000,     -0.0333,      2.7263,      0.1705,      5.6870,     11.3740,      1.5068,     29.4905,     58.9810,      0.0196,      0.0021,      0.0156,      0.2147,   8022.6250,-425241.6562,   -972.4414,    561.0391,  26742.0820,
       1,     170,     349,      23,       1,       3,       1,     10.0000,      1.4178,     42.8657,    253.2292,     63.7279,      3.4953,      0.0000,     -0.0333,      2.9636,      0.1715,      5.6870,     11.3740,      1.5159,     29.4905,     58.9810,      0.0196,      0.0023,      0.0156,      0.2147,   8022.6250,-424588.8750,   -972.2647,    561.0849,  26742.0820,
       1,     170,     349,      24,       1,       3,       1,     10.0000,      1.4178,     42.8657,    253.2292,     63.7279,      3.4953,      0.0000,     -0.0333,      3.2804,      0.1714,      5.6870,     11.3740,      1.5144,     29.4905,     58.9810,      0.0196,      0.0025,      0.0156,      0.2147,   8022.6250,-424816.0000,   -972.2974,    561.0690,  26742.0820,
       1,     170,     350,       1,       1,       3,       1,     10.0000,      1.4178,     42.8660,    253.2352,     63.7294,      3.4953,      0.0000,     -0.0332,      3.2647,      0.1690,      5.6868,     11.3737,      1.4934,     29.4956,     58.9912,      0.0196,      0.0025,      0.0156,      0.2147,   8022.6250,-425364.6875,   -972.7408,    561.0435,  26743.2715,
       1,     170,     350,       2,       1,       3,       1,     10.0000,      1.4178,     42.8660,    253.2352,     63.7294,      3.4953,      0.0000,     -0.0331,      3.0471,      0.1648,      5.6868,     11.3737,      1.4565,     29.4956,     58.9912,      0.0196,      0.0024,      0.0156,      0.2147,   8022.9819,-425240.3750,   -972.3519,    561.0522,  26743.2715,
       1,     170,     350,       3,       1,       3,       1,     10.0000,      1.4178,     42.8660,    253.2352,     63.7294,      3.4953,      0.0000,     -0.0330,      2.9065,      0.1625,      5.6868,     11.3737,      1.4362,     29.4956,     58.9912,      0.0196,      0.0022,      0.0156,      0.2147,   8022.9819,-424971.7812,   -972.2657,    561.0710,  26743.2715,
       1,     170,     350,       4,       1,       3,       1,     10.0000,      1.4178,     42.8660,    253.2352,     63.7294,      3.4953,      0.0000,     -0.0331,      2.8862,      0.1637,      5.6868,     11.3737,      1.4463,     29.4956,     58.9912,      0.0196,      0.0022,      0.0156,      0.2147,   8022.9819,-424782.7500,   -972.1993,    561.0843,  26743.2715,
       1,     170,     350,       5,       1,       3,       1,     10.0000,      1.4178,     42.8660,    253.2352,     63.7294,      3.4953,      0.0000,     -0.0330,      2.9711,      0.1625,      5.6868,     11.3737,      1.4362,     29.4956,     58.9912,      0.0196,      0.0023,      0.0156,      0.2147,   8022.9819,-424742.9062,   -972.1694,    561.0870,  26743.2715,
       1,     170,     350,       6,       1,       3,       1,     10.0000,      1.4178,     42.8660,    253.2352,     63.7294,      3.4953,      0.0000,     -0.0330,      3.0013,      0.1616,      5.6868,     11.3737,      1.4276,     29.4956,     58.9912,      0.0196,      0.0023,      0.0156,      0.2147,   8022.9819,-424840.4062,   -972.1723,    561.0802,  26743.2715,
       1,     170,     350,       7,       1,       3,       1,     10.0000,      1.4178,     42.8660,    253.2352,     63.7294,      3.4953,      0.0000,     -0.0329,      2.9711,      0.1598,      5.6868,     11.3737,      1.4119,     29.4956,     58.9912,      0.0196,      0.0023,      0.0156,      0.2147,   8022.9819,-424884.2500,   -972.1620,    561.0771,  26743.2695,
       1,     170,     350,       8,       1,       3,       1,     10.0000,      1.4178,     42.8660,    253.2352,     63.7294,      3.4953,      0.0049,     -0.0282,      2.8344,      0.1624,      5.6868,     11.3737,      1.4347,     29.4956,     58.9912,      0.0196,      0.0022,      0.0156,      0.2147,   8022.9810,-424852.2812,   -972.1341,    561.0793,  26743.2695,
       1,     170,     350,       9,       1,       3,       1,     10.0000,      1.4178,     42.8660,    253.2352,     63.7294,      3.4953,      0.1040,      0.0708,     23.6959,      0.1688,      5.6868,     11.3737,      1.4919,     29.4956,     58.9912,      0.0196,      0.0023,      0.1242,      0.2147,   8022.9810,-424687.4688,   -972.0743,    561.0909,  26743.2695,
       1,     170,     350,      10,       1,       3,       1,     10.0000,      1.4178,     42.8660,    253.2352,     63.7294,      3.4953,      0.1741,      0.1403,     58.2430,      0.1845,      5.6868,     11.3737,      1.6303,     29.4956,     58.9912,      0.0196,      0.0032,      0.2202,      0.2147,   8022.9810,-449420.4375,   -978.0241,    559.3563,  26743.2676,
       1,     170,     350,      11,       1,       3,       1,     10.0000,      1.4178,     42.8660,    253.2352,     63.7294,      3.4953,      0.1925,      0.1584,     84.1028,      0.1974,      5.6868,     11.3737,      1.7441,     29.4956,     58.9912,      0.0196,      0.0042,      0.2438,      0.2147,   8022.9805,-492480.5625,   -988.4147,    556.3481,  26743.2715,
       1,     170,     350,      12,       1,       3,       1,     10.0000,      1.4178,     42.8660,    253.2352,     63.7294,      3.4953,      0.1978,      0.1635,    102.1282,      0.2017,      5.6868,     11.3737,      1.7825,     29.4956,     58.9912,      0.0196,      0.0049,      0.2494,      0.2146,   8022.9819,-526782.1250,   -996.7769,    553.9708,  26743.2695,
       1,     170,     350,      13,       1,       3,       1,     10.0000,      1.4178,     42.8660,    253.2352,     63.7294,      3.4953,      0.1991,      0.1646,    114.5055,      0.2090,      5.6868,     11.3737,      1.8470,     29.4956,     58.9912,      0.0196,      0.0055,      0.2500,      0.2146,   8022.9810,-551047.3750,  -1002.8500,    552.2957,  26743.2676,
       1,     170,     350,      14,       1,       3,       1,     10.0000,      1.4178,     42.8660,    253.2352,     63.7294,      3.4953,      0.1993,      0.1647,    116.7787,      0.2115,      5.6868,     11.3737,      1.8689,     29.4956,     58.9912,      0.0196,      0.0056,      0.2500,      0.2145,   8022.9805,-567770.8125,  -1007.1962,    551.1436,  26743.2676,
       1,     170,     350,      15,       1,       3,       1,     10.0000,      1.4178,     42.8660,    253.2352,     63.7294,      3.4953,      0.1997,      0.1652,    122.5368,      0.2094,      5.6868,     11.3737,      1.8506,     29.4956,     58.9912,      0.0196,      0.0059,      0.2500,      0.2145,   8022.9805,-571860.1250,  -1008.5561,    550.8630,  26743.2676,
       1,     170,     350,      16,       1,       3,       1,     10.0000,      1.4178,     42.8660,    253.2352,     63.7294,      3.4953,      0.1995,      0.1652,    119.5471,      0.2031,      5.6868,     11.3737,      1.7949,     29.4956,     58.9912,      0.0196,      0.0058,      0.2500,      0.2145,   8022.9805,-579043.8750,  -1010.6957,    550.3685,  26743.2656,
       1,     170,     350,      17,       1,       3,       1,     10.0000,      1.4178,     42.8660,    253.2352,     63.7294,      3.4953,      0.1885,      0.1544,    107.0815,      0.1972,      5.6868,     11.3737,      1.7424,     29.4956,     58.9912,      0.0196,      0.0055,      0.2355,      0.2145,   8022.9800,-576085.3125,  -1010.4163,    550.5723,  26743.2676,
       1,     170,     350,      18,       1,       3,       1,     10.0000,      1.4178,     42.8660,    253.2352,     63.7294,      3.4953,      0.1638,      0.1299,     83.6663,      0.1886,      5.6868,     11.3737,      1.6664,     29.4956,     58.9912,      0.0196,      0.0050,      0.2027,      0.2145,   8022.9805,-561017.6250,  -1007.1884,    551.6093,  26743.2656,
       1,     170,     350,      19,       1,       3,       1,     10.0000,      1.4178,     42.8660,    253.2352,     63.7294,      3.4953,      0.0873,      0.0536,     35.3980,      0.1816,      5.6868,     11.3737,      1.6046,     29.4956,     58.9912,      0.0196,      0.0043,      0.0988,      0.2145,   8022.9800,-531938.5000,  -1000.4848,    553.6154,  26743.2676,
       1,     170,     350,      20,       1,       3,       1,     10.0000,      1.4178,     42.8660,    253.2352,     63.7294,      3.4953,      0.0038,     -0.0296,      4.9432,      0.1752,      5.6868,     11.3737,      1.5480,     29.4956,     58.9912,      0.0196,      0.0038,      0.0156,      0.2146,   8022.9805,-472189.0938,   -986.1593,    557.7537,  26743.2656,
       1,     170,     350,      21,       1,       3,       1,     10.0000,      1.4178,     42.8660,    253.2352,     63.7294,      3.4953,      0.0000,     -0.0333,      4.3331,      0.1707,      5.6868,     11.3737,      1.5084,     29.4956,     58.9912,      0.0196,      0.0033,      0.0156,      0.2146,   8022.9800,-431127.9375,   -976.1767,    560.6319,  26743.2637,
       1,     170,     350,      22,       1,       3,       1,     10.0000,      1.4178,     42.8660,    253.2352,     63.7294,      3.4953,      0.0000,     -0.0332,      4.0479,      0.1682,      5.6868,     11.3737,      1.4859,     29.4956,     58.9912,      0.0196,      0.0031,      0.0156,      0.2147,   8022.9795,-426996.8438,   -975.1494,    560.9289,  26743.2637,
       1,     170,     350,      23,       1,       3,       1,     10.0000,      1.4178,     42.8660,    253.2352,     63.7294,      3.4953,      0.0000,     -0.0332,      4.1408,      0.1671,      5.6868,     11.3737,      1.4770,     29.4956,     58.9912,      0.0196,      0.0032,      0.0156,      0.2147,   8022.9795,-426306.2812,   -974.9605,    560.9774,  26743.2637,
       1,     170,     350,      24,       1,       3,       1,     10.0000,      1.4178,     42.8660,    253.2352,     63.7294,      3.4953,      0.0000,     -0.0331,      4.3612,      0.1658,      5.6868,     11.3737,      1.4652,     29.4956,     58.9912,      0.0196,      0.0034,      0.0156,      0.2147,   8022.9795,-426358.8750,   -974.9521,    560.9738,  26743.2637,
       1,     170,     351,       1,       1,       3,       1,     10.0000,      1.4178,     42.8664,    253.2411,     63.7309,      3.4953,      0.0000,     -0.0331,      4.1276,      0.1637,      5.6875,     11.3750,      1.4463,     29.5021,     59.0041,      0.0196,      0.0032,      0.0156,      0.2147,   8022.9795,-426778.9688,   -975.3731,    560.9575,  26744.4570,
       1,     170,     351,       2,       1,       3,       1,     10.0000,      1.4178,     42.8664,    253.2411,     63.7309,      3.4953,      0.0000,     -0.0330,      3.9982,      0.1614,      5.6875,     11.3750,      1.4262,     29.5021,     59.0041,      0.0196,      0.0031,      0.0156,      0.2147,   8023.3374,-426384.9375,   -974.9166,    560.9851,  26744.4570,
       1,     170,     351,       3,       1,       3,       1,     10.0000,      1.4178,     42.8664,    253.2411,     63.7309,      3.4953,      0.0000,     -0.0329,      3.7198,      0.1596,      5.6875,     11.3750,      1.4105,     29.5021,     59.0041,      0.0196,      0.0029,      0.0156,      0.2147,   8023.3374,-426198.6875,   -974.8519,    560.9981,  26744.4570,
       1,     170,     351,       4,       1,       3,       1,     10.0000,      1.4178,     42.8664,    253.2411,     63.7309,      3.4953,      0.0000,     -0.0329,      3.8866,      0.1579,      5.6875,     11.3750,      1.3950,     29.5021,     59.0041,      0.0196,      0.0030,      0.0156,      0.2147,   8023.3374,-425852.9688,   -974.7497,    561.0223,  26744.4570,
       1,     170,     351,       5,       1,       3,       1,     10.0000,      1.4178,     42.8664,    253.2411,     63.7309,      3.4953,      0.0000,     -0.0328,      3.9445,      0.1558,      5.6875,     11.3750,      1.3769,     29.5021,     59.0041,      0.0196,      0.0030,      0.0156,      0.2147,   8023.3374,-426022.0938,   -974.7722,    561.0105,  26744.4570,
       1,     170,     351,       6,       1,       3,       1,     10.0000,      1.4178,     42.8664,    253.2411,     63.7309,      3.4953,      0.0000,     -0.0328,      4.1255,      0.1557,      5.6875,     11.3750,      1.3755,     29.5021,     59.0041,      0.0196,      0.0032,      0.0156,      0.2147,   8023.3374,-426104.8750,   -974.7736,    561.0047,  26744.4570,
       1,     170,     351,       7,       1,       3,       1,     10.0000,      1.4178,     42.8664,    253.2411,     63.7309,      3.4953,      0.0000,     -0.0328,      4.0707,      0.1557,      5.6875,     11.3750,      1.3755,     29.5021,     59.0041,      0.0196,      0.0031,      0.0156,      0.2147,   8023.3374,-426326.3750,   -974.8077,    560.9891,  26744.4570,
       1,     170,     351,       8,       1,       3,       1,     10.0000,      1.4178,     42.8664,    253.2411,     63.7309,      3.4953,      0.0037,     -0.0291,      4.1558,      0.1553,      5.6875,     11.3750,      1.3727,     29.5021,     59.0041,      0.0196,      0.0032,      0.0156,      0.2147,   8023.3374,-426279.9062,   -974.7773,    560.9924,  26744.4570,
       1,     170,     351,       9,       1,       3,       1,     10.0000,      1.4178,     42.8664,    253.2411,     63.7309,      3.4953,      0.0948,      0.0619,     29.5689,      0.1599,      5.6875,     11.3750,      1.4133,     29.5021,     59.0041,      0.0196,      0.0032,      0.1106,      0.2147,   8023.3374,-426376.8438,   -974.7813,    560.9857,  26744.4570,
       1,     170,     351,      10,       1,       3,       1,     10.0000,      1.4178,     42.8664,    253.2411,     63.7309,      3.4953,      0.1757,      0.1422,     82.7471,      0.1789,      5.6875,     11.3750,      1.5808,     29.5021,     59.0041,      0.0196,      0.0045,      0.2198,      0.2147,   8023.3374,-456528.1562,   -982.1370,    558.8713,  26744.4570,
       1,     170,     351,      11,       1,       3,       1,     10.0000,      1.4178,     42.8664,    253.2411,     63.7309,      3.4953,      0.1894,      0.1556,    103.7853,      0.1854,      5.6875,     11.3750,      1.6385,     29.5021,     59.0041,      0.0196,      0.0053,      0.2370,      0.2147,   8023.3374,-522149.8750,   -998.1982,    554.2911,  26744.4551,
       1,     170,     351,      12,       1,       3,       1,     10.0000,      1.4178,     42.8664,    253.2411,     63.7309,      3.4953,      0.2001,      0.1660,    126.5122,      0.1956,      5.6875,     11.3750,      1.7287,     29.5021,     59.0041,      0.0196,      0.0061,      0.2500,      0.2146,   8023.3369,-552635.3125,  -1005.8661,    552.1976,  26744.4551,
       1,     170,     351,      13,       1,       3,       1,     10.0000,      1.4178,     42.8664,    253.2411,     63.7309,      3.4953,      0.2003,      0.1662,    129.3714,      0.1980,      5.6875,     11.3750,      1.7493,     29.5021,     59.0041,      0.0196,      0.0062,      0.2500,      0.2146,   8023.3369,-582160.6250,  -1013.4310,    550.1636,  26744.4570,
       1,     170,     351,      14,       1,       3,       1,     10.0000,      1.4178,     42.8664,    253.2411,     63.7309,      3.4953,      0.2002,      0.1660,    127.3087,      0.1988,      5.6875,     11.3750,      1.7563,     29.5021,     59.0041,      0.0196,      0.0061,      0.2500,      0.2145,   8023.3374,-588014.3125,  -1015.3351,    549.7647,  26744.4531,
       1,     170,     351,      15,       1,       3,       1,     10.0000,      1.4178,     42.8664,    253.2411,     63.7309,      3.4953,      0.2007,      0.1664,    134.3587,      0.2023,      5.6875,     11.3750,      1.7878,     29.5021,     59.0041,      0.0196,      0.0065,      0.2500,      0.2145,   8023.3364,-586043.1250,  -1015.3521,    549.9003,  26744.4512,
       1,     170,     351,      16,       1,       3,       1,     10.0000,      1.4178,     42.8664,    253.2411,     63.7309,      3.4953,      0.1900,      0.1558,    118.0269,      0.1968,      5.6875,     11.3750,      1.7390,     29.5021,     59.0041,      0.0196,      0.0060,      0.2364,      0.2145,   8023.3354,-594262.8750,  -1017.8723,    549.3353,  26744.4531,
       1,     170,     351,      17,       1,       3,       1,     10.0000,      1.4178,     42.8664,    253.2411,     63.7309,      3.4953,      0.1914,      0.1573,    116.2587,      0.1929,      5.6875,     11.3750,      1.7049,     29.5021,     59.0041,      0.0196,      0.0059,      0.2385,      0.2145,   8023.3364,-575522.3125,  -1013.7955,    550.6225,  26744.4512,
       1,     170,     351,      18,       1,       3,       1,     10.0000,      1.4178,     42.8664,    253.2411,     63.7309,      3.4953,      0.1668,      0.1329,     97.5551,      0.1890,      5.6875,     11.3750,      1.6697,     29.5021,     59.0041,      0.0196,      0.0057,      0.2055,      0.2145,   8023.3354,-571871.6250,  -1013.3559,    550.8752,  26744.4492,
       1,     170,     351,      19,       1,       3,       1,     10.0000,      1.4178,     42.8664,    253.2411,     63.7309,      3.4953,      0.0811,      0.0475,     37.0350,      0.1789,      5.6875,     11.3750,      1.5808,     29.5021,     59.0041,      0.0196,      0.0050,      0.0898,      0.2145,   8023.3350,-549333.1250,  -1008.2322,    552.4273,  26744.4512,
       1,     170,     351,      20,       1,       3,       1,     10.0000,      1.4178,     42.8664,    253.2411,     63.7309,      3.4953,      0.0044,     -0.0288,      5.0423,      0.1680,      5.6875,     11.3750,      1.4845,     29.5021,     59.0041,      0.0196,      0.0039,      0.0156,      0.2146,   8023.3354,-475553.1562,   -990.3164,    557.5242,  26744.4492,
       1,     170,     351,      21,       1,       3,       1,     10.0000,      1.4178,     42.8664,    253.2411,     63.7309,      3.4953,      0.0000,     -0.0331,      4.5993,      0.1645,      5.6875,     11.3750,      1.4536,     29.5021,     59.0041,      0.0196,      0.0035,      0.0156,      0.2147,   8023.3350,-431535.1250,   -979.4825,    560.6154,  26744.4492,
       1,     170,     351,      22,       1,       3,       1,     10.0000,      1.4178,     42.8664,    253.2411,     63.7309,      3.4953,      0.0000,     -0.0331,      4.7825,      0.1640,      5.6875,     11.3750,      1.4492,     29.5021,     59.0041,      0.0196,      0.0037,      0.0156,      0.2147,   8023.3350,-427351.0625,   -978.4370,    560.9172,  26744.4492,
       1,     170,     351,      23,       1,       3,       1,     10.0000,      1.4178,     42.8664,    253.2411,     63.7309,      3.4953,      0.0000,     -0.0330,      3.9798,      0.1606,      5.6875,     11.3750,      1.4190,     29.5021,     59.0041,      0.0196,      0.0031,      0.0156,      0.2147,   8023.3350,-427210.4375,   -978.3881,    560.9272,  26744.4492,
       1,     170,     351,      24,       1,       3,       1,     10.0000,      1.4178,     42.8664,    253.2411,     63.7309,      3.4953,      0.0000,     -0.0330,      3.9050,      0.1603,      5.6875,     11.3750,      1.4162,     29.5021,     59.0041,      0.0196,      0.0030,      0.0156,      0.2147,   8023.3350,-426246.4688,   -978.1392,    560.9948,  26744.4492,
       1,     170,     352,       1,       1,       3,       1,     10.0000,      1.4179,     42.8667,    253.2471,     63.7324,      3.4953,      0.0000,     -0.0330,      4.2693,      0.1625,      5.6870,     11.3741,      1.4362,     29.5082,     59.0163,      0.0196,      0.0033,      0.0156,      0.2147,   8023.3350,-426231.6250,   -978.4698,    561.0090,  26745.6406,
       1,     170,     352,       2,       1,       3,       1,     10.0000,      1.4179,     42.8667,    253.2471,     63.7324,      3.4953,      0.0000,     -0.0328,      3.5221,      0.1569,      5.6870,     11.3741,      1.3866,     29.5082,     59.0163,      0.0196,      0.0027,      0.0156,      0.2147,   8023.6924,-426510.5625,   -978.1824,    560.9894,  26745.6406,
       1,     170,     352,       3,       1,       3,       1,     10.0000,      1.4179,     42.8667,    253.2471,     63.7324,      3.4953,      0.0000,     -0.0325,      2.2798,      0.1480,      5.6870,     11.3741,      1.3080,     29.5082,     59.0163,      0.0196,      0.0018,      0.0156,      0.2147,   8023.6924,-425647.7500,   -978.6782,    561.0499,  26745.6406,
       1,     170,     352,       4,       1,       3,       1,     10.0000,      1.4179,     42.8667,    253.2471,     63.7324,      3.4953,      0.0000,     -0.0327,      2.6599,      0.1521,      5.6870,     11.3741,      1.3441,     29.5082,     59.0163,      0.0196,      0.0021,      0.0156,      0.2147,   8023.6924,-424102.5000,   -978.2883,    561.1583,  26745.6406,
       1,     170,     352,       5,       1,       3,       1,     10.0000,      1.4179,     42.8667,    253.2471,     63.7324,      3.4953,      0.0000,     -0.0328,      3.3537,      0.1547,      5.6870,     11.3741,      1.3673,     29.5082,     59.0163,      0.0196,      0.0026,      0.0156,      0.2147,   8023.6924,-424424.7812,   -978.3574,    561.1357,  26745.6406,
       1,     170,     352,       6,       1,       3,       1,     10.0000,      1.4179,     42.8667,    253.2471,     63.7324,      3.4953,      0.0000,     -0.0326,      2.7028,      0.1489,      5.6870,     11.3741,      1.3159,     29.5082,     59.0163,      0.0196,      0.0021,      0.0156,      0.2147,   8023.6924,-425274.3750,   -978.5533,    561.0761,  26745.6406,
       1,     170,     352,       7,       1,       3,       1,     10.0000,      1.4179,     42.8667,    253.2471,     63.7324,      3.4953,      0.0000,     -0.0326,      2.7039,      0.1506,      5.6870,     11.3741,      1.3306,     29.5082,     59.0163,      0.0196,      0.0021,      0.0156,      0.2147,   8023.6924,-424573.1562,   -978.7703,    561.1254,  26745.6406,
       1,     170,     352,       8,       1,       3,       1,     10.0000,      1.4179,     42.8667,    253.2471,     63.7324,      3.4953,      0.0018,     -0.0307,      2.4062,      0.1474,      5.6870,     11.3741,      1.3027,     29.5082,     59.0163,      0.0196,      0.0019,      0.0156,      0.2147,   8023.6924,-424516.0312,   -978.7439,    561.1293,  26745.6406,
       1,     170,     352,       9,       1,       3,       1,     10.0000,      1.4179,     42.8667,    253.2471,     63.7324,      3.4953,      0.0981,      0.0654,     23.1420,      0.1523,      5.6870,     11.3741,      1.3454,     29.5082,     59.0163,      0.0196,      0.0024,      0.1162,      0.2147,   8023.6924,-424158.3750,   -978.6446,    561.1544,  26745.6406,
       1,     170,     352,      10,       1,       3,       1,     10.0000,      1.4179,     42.8667,    253.2471,     63.7324,      3.4953,      0.1702,      0.1369,     59.3837,      0.1690,      5.6870,     11.3741,      1.4934,     29.5082,     59.0163,      0.0196,      0.0033,      0.2144,      0.2147,   8023.6924,-448720.2812,   -984.7109,    559.4315,  26745.6406,
       1,     170,     352,      11,       1,       3,       1,     10.0000,      1.4179,     42.8667,    253.2471,     63.7324,      3.4953,      0.1930,      0.1592,     95.1785,      0.1852,      5.6870,     11.3741,      1.6369,     29.5082,     59.0163,      0.0196,      0.0047,      0.2431,      0.2147,   8023.6924,-493766.2500,   -995.8650,    556.2842,  26745.6387,
       1,     170,     352,      12,       1,       3,       1,     10.0000,      1.4179,     42.8667,    253.2471,     63.7324,      3.4953,      0.1980,      0.1637,    125.2429,      0.2001,      5.6870,     11.3741,      1.7685,     29.5082,     59.0163,      0.0196,      0.0061,      0.2470,      0.2147,   8023.6919,-540023.0000,  -1007.4077,    553.0765,  26745.6387,
       1,     170,     352,      13,       1,       3,       1,     10.0000,      1.4179,     42.8667,    253.2471,     63.7324,      3.4953,      0.2015,      0.1670,    145.6784,      0.2103,      5.6870,     11.3741,      1.8580,     29.5082,     59.0163,      0.0196,      0.0070,      0.2500,      0.2146,   8023.6919,-579592.4375,  -1017.4796,    550.3501,  26745.6406,
       1,     170,     352,      14,       1,       3,       1,     10.0000,      1.4179,     42.8667,    253.2471,     63.7324,      3.4953,      0.2026,      0.1679,    159.8106,      0.2157,      5.6870,     11.3741,      1.9062,     29.5082,     59.0163,      0.0196,      0.0077,      0.2500,      0.2145,   8023.6924,-607175.5000,  -1024.7600,    548.4594,  26745.6387,
       1,     170,     352,      15,       1,       3,       1,     10.0000,      1.4179,     42.8667,    253.2471,     63.7324,      3.4953,      0.2023,      0.1676,    156.2201,      0.2142,      5.6870,     11.3741,      1.8931,     29.5082,     59.0163,      0.0196,      0.0075,      0.2500,      0.2145,   8023.6919,-626274.1875,  -1030.4587,    547.1531,  26745.6387,
       1,     170,     352,      16,       1,       3,       1,     10.0000,      1.4179,     42.8667,    253.2471,     63.7324,      3.4953,      0.2003,      0.1659,    151.3901,      0.2076,      5.6870,     11.3741,      1.8343,     29.5082,     59.0163,      0.0196,      0.0074,      0.2476,      0.2145,   8023.6919,-623588.6875,  -1030.4451,    547.3384,  26745.6348,
       1,     170,     352,      17,       1,       3,       1,     10.0000,      1.4179,     42.8667,    253.2471,     63.7324,      3.4953,      0.1917,      0.1574,    141.2843,      0.2023,      5.6870,     11.3741,      1.7879,     29.5082,     59.0163,      0.0196,      0.0072,      0.2363,      0.2145,   8023.6909,-617617.8125,  -1029.6182,    547.7469,  26745.6348,
       1,     170,     352,      18,       1,       3,       1,     10.0000,      1.4179,     42.8667,    253.2471,     63.7324,      3.4953,      0.1696,      0.1356,    107.9321,      0.1920,      5.6870,     11.3741,      1.6965,     29.5082,     59.0163,      0.0196,      0.0062,      0.2083,      0.2145,   8023.6909,-605100.9375,  -1027.1304,    548.6041,  26745.6328,
       1,     170,     352,      19,       1,       3,       1,     10.0000,      1.4179,     42.8667,    253.2471,     63.7324,      3.4953,      0.0920,      0.0584,     45.4188,      0.1780,      5.6870,     11.3741,      1.5730,     29.5082,     59.0163,      0.0196,      0.0052,      0.1045,      0.2145,   8023.6899,-564397.5000,  -1017.5245,    551.3960,  26745.6328,
       1,     170,     352,      20,       1,       3,       1,     10.0000,      1.4179,     42.8667,    253.2471,     63.7324,      3.4953,      0.0037,     -0.0295,      5.3010,      0.1663,      5.6870,     11.3741,      1.4697,     29.5082,     59.0163,      0.0196,      0.0041,      0.0156,      0.2146,   8023.6899,-486749.1875,   -998.4438,    556.7549,  26745.6309,
       1,     170,     352,      21,       1,       3,       1,     10.0000,      1.4179,     42.8667,    253.2471,     63.7324,      3.4953,      0.0000,     -0.0330,      4.4458,      0.1609,      5.6870,     11.3741,      1.4219,     29.5082,     59.0163,      0.0196,      0.0034,      0.0156,      0.2147,   8023.6895,-432768.7188,   -984.9731,    560.5378,  26745.6309,
       1,     170,     352,      22,       1,       3,       1,     10.0000,      1.4179,     42.8667,    253.2471,     63.7324,      3.4953,      0.0000,     -0.0329,      4.0253,      0.1574,      5.6870,     11.3741,      1.3908,     29.5082,     59.0163,      0.0196,      0.0031,      0.0156,      0.2147,   8023.6895,-427280.0000,   -983.5842,    560.9353,  26745.6309,
       1,     170,     352,      23,       1,       3,       1,     10.0000,      1.4179,     42.8667,    253.2471,     63.7324,      3.4953,      0.0000,     -0.0327,      3.0368,      0.1524,      5.6870,     11.3741,      1.3468,     29.5082,     59.0163,      0.0196,      0.0023,      0.0156,      0.2147,   8023.6895,-426309.9375,   -983.3274,    561.0035,  26745.6309,
       1,     170,     352,      24,       1,       3,       1,     10.0000,      1.4179,     42.8667,    253.2471,     63.7324,      3.4953,      0.0000,     -0.0326,      2.5865,      0.1509,      5.6870,     11.3741,      1.3333,     29.5082,     59.0163,      0.0196,      0.0020,      0.0156,      0.2147,   8023.6895,-425056.6562,   -983.0037,    561.0914,  26745.6309,
       1,     170,     353,       1,       1,       3,       1,     10.0000,      1.4179,     42.8671,    253.2530,     63.7339,      3.4953,      0.0000,     -0.0326,      2.5092,      0.1500,      5.6873,     11.3745,      1.3253,     29.5150,     59.0300,      0.0196,      0.0019,      0.0156,      0.2148,   8023.6895,-424572.1250,   -983.2230,    561.1384,  26746.8203,
       1,     170,     353,       2,       1,       3,       1,     10.0000,      1.4179,     42.8671,    253.2530,     63.7339,      3.4953,      0.0000,     -0.0325,      2.2384,      0.1479,      5.6873,     11.3745,      1.3067,     29.5150,     59.0300,      0.0196,      0.0017,      0.0156,      0.2148,   8024.0464,-424288.8125,   -982.7961,    561.1583,  26746.8203,
       1,     170,     353,       3,       1,       3,       1,     10.0000,      1.4179,     42.8671,    253.2530,     63.7339,      3.4953,      0.0000,     -0.0324,      1.8981,      0.1446,      5.6873,     11.3745,      1.2780,     29.5150,     59.0300,      0.0196,      0.0015,      0.0156,      0.2148,   8024.0464,-423944.1562,   -982.7033,    561.1824,  26746.8203,
       1,     170,     353,       4,       1,       3,       1,     10.0000,      1.4179,     42.8671,    253.2530,     63.7339,      3.4953,      0.0000,     -0.0323,      1.4352,      0.1416,      5.6873,     11.3745,      1.2511,     29.5150,     59.0300,      0.0196,      0.0011,      0.0156,      0.2148,   8024.0464,-423511.9062,   -982.5898,    561.2128,  26746.8203,
       1,     170,     353,       5,       1,       3,       1,     10.0000,      1.4179,     42.8671,    253.2530,     63.7339,      3.4953,      0.0000,     -0.0323,      1.4171,      0.1409,      5.6873,     11.3745,      1.2448,     29.5150,     59.0300,      0.0196,      0.0011,      0.0156,      0.2148,   8024.0464,-422927.1562,   -982.4396,    561.2538,  26746.8203,
       1,     170,     353,       6,       1,       3,       1,     10.0000,      1.4179,     42.8671,    253.2530,     63.7339,      3.4953,      0.0000,     -0.0322,      1.4293,      0.1390,      5.6873,     11.3745,      1.2285,     29.5150,     59.0300,      0.0196,      0.0011,      0.0156,      0.2148,   8024.0464,-422856.8438,   -982.4185,    561.2587,  26746.8203,
       1,     170,     353,       7,       1,       3,       1,     10.0000,      1.4179,     42.8671,    253.2530,     63.7339,      3.4953,      0.0000,     -0.0321,      0.8375,      0.1360,      5.6873,     11.3745,      1.2014,     29.5150,     59.0300,      0.0196,      0.0006,      0.0156,      0.2148,   8024.0464,-422865.6250,   -982.4183,    561.2581,  26746.8203,
       1,     170,     353,       8,       1,       3,       1,     10.0000,      1.4179,     42.8671,    253.2530,     63.7339,      3.4953,      0.0027,     -0.0297,      1.5455,      0.1424,      5.6873,     11.3745,      1.2587,     29.5150,     59.0300,      0.0196,      0.0012,      0.0156,      0.2148,   8024.0464,-422164.5625,   -982.2416,    561.3073,  26746.8203,
       1,     170,     353,       9,       1,       3,       1,     10.0000,      1.4179,     42.8671,    253.2530,     63.7339,      3.4953,      0.0956,      0.0629,     14.3899,      0.1527,      5.6873,     11.3745,      1.3495,     29.5150,     59.0300,      0.0196,      0.0015,      0.1136,      0.2148,   8024.0464,-422945.7812,   -982.4333,    561.2525,  26746.8203,
       1,     170,     353,      10,       1,       3,       1,     10.0000,      1.4179,     42.8671,    253.2530,     63.7339,      3.4953,      0.1583,      0.1248,     44.6619,      0.1775,      5.6873,     11.3745,      1.5684,     29.5150,     59.0300,      0.0196,      0.0027,      0.1993,      0.2148,   8024.0464,-438241.5625,   -986.2617,    560.1794,  26746.8203,
       1,     170,     353,      11,       1,       3,       1,     10.0000,      1.4179,     42.8671,    253.2530,     63.7339,      3.4953,      0.1881,      0.1541,     70.8545,      0.1920,      5.6873,     11.3745,      1.6965,     29.5150,     59.0300,      0.0196,      0.0036,      0.2389,      0.2148,   8024.0464,-475420.9375,   -995.5891,    557.5770,  26746.8223,
       1,     170,     353,      12,       1,       3,       1,     10.0000,      1.4179,     42.8671,    253.2530,     63.7339,      3.4953,      0.1936,      0.1594,     86.4942,      0.1995,      5.6873,     11.3745,      1.7633,     29.5150,     59.0300,      0.0196,      0.0042,      0.2451,      0.2147,   8024.0469,-509607.5625,  -1004.2153,    555.2003,  26746.8184,
       1,     170,     353,      13,       1,       3,       1,     10.0000,      1.4179,     42.8671,    253.2530,     63.7339,      3.4953,      0.1991,      0.1646,    114.4613,      0.2090,      5.6873,     11.3745,      1.8471,     29.5150,     59.0300,      0.0196,      0.0055,      0.2500,      0.2147,   8024.0459,-531020.4375,  -1009.7310,    553.7194,  26746.8164,
       1,     170,     353,      14,       1,       3,       1,     10.0000,      1.4179,     42.8671,    253.2530,     63.7339,      3.4953,      0.1963,      0.1618,     95.2481,      0.2094,      5.6873,     11.3745,      1.8507,     29.5150,     59.0300,      0.0196,      0.0046,      0.2482,      0.2146,   8024.0454,-566012.1875,  -1018.7669,    551.2993,  26746.8203,
       1,     170,     353,      15,       1,       3,       1,     10.0000,      1.4179,     42.8671,    253.2530,     63.7339,      3.4953,      0.1608,      0.1264,     83.0134,      0.2039,      5.6873,     11.3745,      1.8021,     29.5150,     59.0300,      0.0196,      0.0050,      0.1985,      0.2146,   8024.0464,-546092.0000,  -1014.1285,    552.6774,  26746.8203,
       1,     170,     353,      16,       1,       3,       1,     10.0000,      1.4179,     42.8671,    253.2530,     63.7339,      3.4953,      0.1802,      0.1465,     68.4969,      0.1843,      5.6873,     11.3745,      1.6288,     29.5150,     59.0300,      0.0196,      0.0036,      0.2279,      0.2146,   8024.0464,-529906.1250,  -1010.3716,    553.7974,  26746.8184,
       1,     170,     353,      17,       1,       3,       1,     10.0000,      1.4179,     42.8671,    253.2530,     63.7339,      3.4953,      0.1788,      0.1452,     57.1367,      0.1770,      5.6873,     11.3745,      1.5637,     29.5150,     59.0300,      0.0196,      0.0030,      0.2270,      0.2146,   8024.0459,-511325.9688,  -1005.9330,    555.0847,  26746.8145,
       1,     170,     353,      18,       1,       3,       1,     10.0000,      1.4179,     42.8671,    253.2530,     63.7339,      3.4953,      0.1403,      0.1072,     36.7325,      0.1667,      5.6873,     11.3745,      1.4727,     29.5150,     59.0300,      0.0196,      0.0025,      0.1745,      0.2147,   8024.0444,-496301.7500,  -1002.3063,    556.1287,  26746.8164,
       1,     170,     353,      19,       1,       3,       1,     10.0000,      1.4179,     42.8671,    253.2530,     63.7339,      3.4953,      0.0430,      0.0104,      5.7429,      0.1523,      5.6873,     11.3745,      1.3455,     29.5150,     59.0300,      0.0196,      0.0017,      0.0399,      0.2147,   8024.0454,-470836.1875,   -995.9854,    557.8999,  26746.8164,
       1,     170,     353,      20,       1,       3,       1,     10.0000,      1.4179,     42.8671,    253.2530,     63.7339,      3.4953,      0.0035,     -0.0289,      1.7759,      0.1451,      5.6873,     11.3745,      1.2819,     29.5150,     59.0300,      0.0196,      0.0014,      0.0156,      0.2147,   8024.0454,-431958.8750,   -986.2158,    560.6140,  26746.8145,
       1,     170,     353,      21,       1,       3,       1,     10.0000,      1.4179,     42.8671,    253.2530,     63.7339,      3.4953,      0.0000,     -0.0323,      1.7114,      0.1412,      5.6873,     11.3745,      1.2473,     29.5150,     59.0300,      0.0196,      0.0013,      0.0156,      0.2148,   8024.0444,-424041.7188,   -984.2183,    561.1754,  26746.8145,
       1,     170,     353,      22,       1,       3,       1,     10.0000,      1.4179,     42.8671,    253.2530,     63.7339,      3.4953,      0.0000,     -0.0324,      1.7582,      0.1436,      5.6873,     11.3745,      1.2690,     29.5150,     59.0300,      0.0196,      0.0014,      0.0156,      0.2148,   8024.0444,-423299.6562,   -984.0281,    561.2277,  26746.8145,
       1,     170,     353,      23,       1,       3,       1,     10.0000,      1.4179,     42.8671,    253.2530,     63.7339,      3.4953,      0.0000,     -0.0324,      1.4881,      0.1435,      5.6873,     11.3745,      1.2677,     29.5150,     59.0300,      0.0196,      0.0011,      0.0156,      0.2148,   8024.0444,-423293.1875,   -984.0236,    561.2281,  26746.8145,
       1,     170,     353,      24,       1,       3,       1,     10.0000,      1.4179,     42.8671,    253.2530,     63.7339,      3.4953,      0.0000,     -0.0323,      1.2699,      0.1409,      5.6873,     11.3745,      1.2448,     29.5150,     59.0300,      0.0196,      0.0010,      0.0156,      0.2148,   8024.0444,-422972.2812,   -983.9404,    561.2505,  26746.8145,
       1,     170,     354,       1,       1,       3,       1,     10.0000,      1.4179,     42.8674,    253.2590,     63.7354,      3.4953,      0.0000,     -0.0321,      0.8330,      0.1376,      5.6878,     11.3757,      1.2162,     29.5175,     59.0350,      0.0196,      0.0006,      0.0156,      0.2148,   8024.0444,-422841.7188,   -984.2580,    561.2730,  26748.0078,
       1,     170,     354,       2,       1,       3,       1,     10.0000,      1.4179,     42.8674,    253.2590,     63.7354,      3.4953,      0.0000,     -0.0322,      0.7946,      0.1403,      5.6878,     11.3757,      1.2398,     29.5175,     59.0350,      0.0196,      0.0006,      0.0156,      0.2148,   8024.4028,-422160.8125,   -983.7343,    561.3207,  26748.0078,
       1,     170,     354,       3,       1,       3,       1,     10.0000,      1.4179,     42.8674,    253.2590,     63.7354,      3.4953,      0.0000,     -0.0323,      0.9850,      0.1422,      5.6878,     11.3757,      1.2562,     29.5175,     59.0350,      0.0196,      0.0008,      0.0156,      0.2148,   8024.4028,-422058.6562,   -983.7079,    561.3279,  26748.0078,
       1,     170,     354,       4,       1,       3,       1,     10.0000,      1.4179,     42.8674,    253.2590,     63.7354,      3.4953,      0.0000,     -0.0324,      1.1888,      0.1436,      5.6878,     11.3757,      1.2690,     29.5175,     59.0350,      0.0196,      0.0009,      0.0156,      0.2148,   8024.4028,-422275.9062,   -983.7620,    561.3127,  26748.0078,
       1,     170,     354,       5,       1,       3,       1,     10.0000,      1.4179,     42.8674,    253.2590,     63.7354,      3.4953,      0.0000,     -0.0324,      1.2433,      0.1448,      5.6878,     11.3757,      1.2793,     29.5175,     59.0350,      0.0196,      0.0010,      0.0156,      0.2148,   8024.4028,-422535.5625,   -983.8264,    561.2944,  26748.0078,
       1,     170,     354,       6,       1,       3,       1,     10.0000,      1.4179,     42.8674,    253.2590,     63.7354,      3.4953,      0.0000,     -0.0322,      0.7712,      0.1380,      5.6878,     11.3757,      1.2199,     29.5175,     59.0350,      0.0196,      0.0006,      0.0156,      0.2148,   8024.4028,-422621.7812,   -983.8469,    561.2884,  26748.0078,
       1,     170,     354,       7,       1,       3,       1,     10.0000,      1.4179,     42.8674,    253.2590,     63.7354,      3.4953,      0.0000,     -0.0320,      0.7871,      0.1334,      5.6878,     11.3757,      1.1785,     29.5175,     59.0350,      0.0196,      0.0006,      0.0156,      0.2148,   8024.4028,-422069.3125,   -983.7068,    561.3271,  26748.0078,
       1,     170,     354,       8,       1,       3,       1,     10.0000,      1.4179,     42.8674,    253.2590,     63.7354,      3.4953,      0.0014,     -0.0307,      0.8344,      0.1379,      5.6878,     11.3757,      1.2186,     29.5175,     59.0350,      0.0196,      0.0006,      0.0156,      0.2148,   8024.4028,-422042.1562,   -983.6995,    561.3290,  26748.0078,
       1,     170,     354,       9,       1,       3,       1,     10.0000,      1.4179,     42.8674,    253.2590,     63.7354,      3.4953,      0.0985,      0.0661,     10.7024,      0.1455,      5.6878,     11.3757,      1.2858,     29.5175,     59.0350,      0.0196,      0.0011,      0.1183,      0.2148,   8024.4028,-422095.9688,   -983.7122,    561.3253,  26748.0078,
       1,     170,     354,      10,       1,       3,       1,     10.0000,      1.4179,     42.8674,    253.2590,     63.7354,      3.4953,      0.1238,      0.0908,     25.7189,      0.1614,      5.6878,     11.3757,      1.4263,     29.5175,     59.0350,      0.0196,      0.0020,      0.1522,      0.2148,   8024.4028,-433800.4375,   -986.6626,    560.5041,  26748.0078,
       1,     170,     354,      11,       1,       3,       1,     10.0000,      1.4179,     42.8674,    253.2590,     63.7354,      3.4953,      0.1586,      0.1253,     42.4546,      0.1705,      5.6878,     11.3757,      1.5070,     29.5175,     59.0350,      0.0196,      0.0026,      0.1999,      0.2148,   8024.4028,-452582.7500,   -991.4094,    559.1887,  26748.0059,
       1,     170,     354,      12,       1,       3,       1,     10.0000,      1.4179,     42.8674,    253.2590,     63.7354,      3.4953,      0.1962,      0.1624,     75.2799,      0.1867,      5.6878,     11.3757,      1.6501,     29.5175,     59.0350,      0.0196,      0.0036,      0.2500,      0.2148,   8024.4019,-473998.6875,   -996.8356,    557.6934,  26748.0078,
       1,     170,     354,      13,       1,       3,       1,     10.0000,      1.4179,     42.8674,    253.2590,     63.7354,      3.4953,      0.1977,      0.1635,     95.0903,      0.1988,      5.6878,     11.3757,      1.7564,     29.5175,     59.0350,      0.0196,      0.0046,      0.2500,      0.2147,   8024.4028,-514728.6562,  -1007.1718,    554.8560,  26748.0039,
       1,     170,     354,      14,       1,       3,       1,     10.0000,      1.4179,     42.8674,    253.2590,     63.7354,      3.4953,      0.1995,      0.1649,    120.4217,      0.2136,      5.6878,     11.3757,      1.8876,     29.5175,     59.0350,      0.0196,      0.0058,      0.2500,      0.2147,   8024.4014,-541646.0000,  -1014.1543,    552.9963,  26748.0039,
       1,     170,     354,      15,       1,       3,       1,     10.0000,      1.4179,     42.8674,    253.2590,     63.7354,      3.4953,      0.2004,      0.1656,    142.0305,      0.2187,      5.6878,     11.3757,      1.9327,     29.5175,     59.0350,      0.0196,      0.0069,      0.2489,      0.2147,   8024.4014,-573965.6250,  -1022.6285,    550.7654,  26748.0020,
       1,     170,     354,      16,       1,       3,       1,     10.0000,      1.4179,     42.8674,    253.2590,     63.7354,      3.4953,      0.1972,      0.1624,    133.9673,      0.2183,      5.6878,     11.3757,      1.9289,     29.5175,     59.0350,      0.0196,      0.0066,      0.2451,      0.2146,   8024.4009,-602334.3750,  -1030.2681,    548.8167,  26748.0059,
       1,     170,     354,      17,       1,       3,       1,     10.0000,      1.4179,     42.8674,    253.2590,     63.7354,      3.4953,      0.1890,      0.1544,    144.0257,      0.2138,      5.6878,     11.3757,      1.8895,     29.5175,     59.0350,      0.0196,      0.0075,      0.2323,      0.2146,   8024.4019,-595104.2500,  -1029.0101,    549.3162,  26748.0020,
       1,     170,     354,      18,       1,       3,       1,     10.0000,      1.4179,     42.8674,    253.2590,     63.7354,      3.4953,      0.1528,      0.1187,     88.8727,      0.1949,      5.6878,     11.3757,      1.7220,     29.5175,     59.0350,      0.0196,      0.0057,      0.1863,      0.2146,   8024.4009,-606459.8125,  -1032.4675,    548.5366,  26748.0020,
       1,     170,     354,      19,       1,       3,       1,     10.0000,      1.4179,     42.8674,    253.2590,     63.7354,      3.4953,      0.0893,      0.0557,     34.8189,      0.1778,      5.6878,     11.3757,      1.5715,     29.5175,     59.0350,      0.0196,      0.0041,      0.1018,      0.2146,   8024.4009,-541820.6250,  -1016.6089,    552.9694,  26748.0000,
       1,     170,     354,      20,       1,       3,       1,     10.0000,      1.4179,     42.8674,    253.2590,     63.7354,      3.4953,      0.0044,     -0.0288,      3.7888,      0.1652,      5.6878,     11.3757,      1.4595,     29.5175,     59.0350,      0.0196,      0.0029,      0.0156,      0.2147,   8024.4004,-472319.6562,   -999.1934,    557.7913,  26748.0000,
       1,     170,     354,      21,       1,       3,       1,     10.0000,      1.4179,     42.8674,    253.2590,     63.7354,      3.4953,      0.0000,     -0.0329,      3.2175,      0.1595,      5.6878,     11.3757,      1.4092,     29.5175,     59.0350,      0.0196,      0.0025,      0.0156,      0.2147,   8024.4004,-429786.9688,   -988.3951,    560.7779,  26748.0000,
       1,     170,     354,      22,       1,       3,       1,     10.0000,      1.4179,     42.8674,    253.2590,     63.7354,      3.4953,      0.0000,     -0.0329,      3.0743,      0.1574,      5.6878,     11.3757,      1.3909,     29.5175,     59.0350,      0.0196,      0.0024,      0.0156,      0.2148,   8024.4004,-425576.0312,   -987.3201,    561.0811,  26748.0000,
       1,     170,     354,      23,       1,       3,       1,     10.0000,      1.4179,     42.8674,    253.2590,     63.7354,      3.4953,      0.0000,     -0.0328,      2.3799,      0.1550,      5.6878,     11.3757,      1.3701,     29.5175,     59.0350,      0.0196,      0.0018,      0.0156,      0.2148,   8024.4004,-425046.6562,   -987.1816,    561.1183,  26748.0000,
       1,     170,     354,      24,       1,       3,       1,     10.0000,      1.4179,     42.8674,    253.2590,     63.7354,      3.4953,      0.0000,     -0.0327,      1.9250,      0.1521,      5.6878,     11.3757,      1.3441,     29.5175,     59.0350,      0.0196,      0.0015,      0.0156,      0.2148,   8024.4004,-424179.2500,   -986.9584,    561.1791,  26748.0000,
       1,     170,     355,       1,       1,       3,       1,     10.0000,      1.4179,     42.8677,    253.2649,     63.7369,      3.4953,      0.0000,     -0.0325,      1.3880,      0.1479,      5.6881,     11.3762,      1.3067,     29.5215,     59.0430,      0.0196,      0.0011,      0.0156,      0.2148,   8024.4004,-423722.2500,   -987.1960,    561.2244,  26749.1914,
       1,     170,     355,       2,       1,       3,       1,     10.0000,      1.4179,     42.8677,    253.2649,     63.7369,      3.4953,      0.0000,     -0.0324,      1.4160,      0.1451,      5.6881,     11.3762,      1.2819,     29.5215,     59.0430,      0.0196,      0.0011,      0.0156,      0.2148,   8024.7578,-422895.6875,   -986.6299,    561.2824,  26749.1914,
       1,     170,     355,       3,       1,       3,       1,     10.0000,      1.4179,     42.8677,    253.2649,     63.7369,      3.4953,      0.0000,     -0.0325,      1.8877,      0.1458,      5.6881,     11.3762,      1.2884,     29.5215,     59.0430,      0.0196,      0.0015,      0.0156,      0.2148,   8024.7578,-422860.0938,   -986.6201,    561.2849,  26749.1914,
       1,     170,     355,       4,       1,       3,       1,     10.0000,      1.4179,     42.8677,    253.2649,     63.7369,      3.4953,      0.0000,     -0.0324,      1.5699,      0.1439,      5.6881,     11.3762,      1.2716,     29.5215,     59.0430,      0.0196,      0.0012,      0.0156,      0.2148,   8024.7578,-423416.3438,   -986.7613,    561.2459,  26749.1914,
       1,     170,     355,       5,       1,       3,       1,     10.0000,      1.4179,     42.8677,    253.2649,     63.7369,      3.4953,      0.0000,     -0.0323,      1.3906,      0.1426,      5.6881,     11.3762,      1.2601,     29.5215,     59.0430,      0.0196,      0.0011,      0.0156,      0.2148,   8024.7578,-423085.7188,   -986.6765,    561.2690,  26749.1914,
       1,     170,     355,       6,       1,       3,       1,     10.0000,      1.4179,     42.8677,    253.2649,     63.7369,      3.4953,      0.0000,     -0.0322,      1.5216,      0.1400,      5.6881,     11.3762,      1.2373,     29.5215,     59.0430,      0.0196,      0.0012,      0.0156,      0.2148,   8024.7578,-422845.8438,   -986.6143,    561.2859,  26749.1914,
       1,     170,     355,       7,       1,       3,       1,     10.0000,      1.4179,     42.8677,    253.2649,     63.7369,      3.4953,      0.0000,     -0.0323,      1.7904,      0.1407,      5.6881,     11.3762,      1.2436,     29.5215,     59.0430,      0.0196,      0.0014,      0.0156,      0.2148,   8024.7578,-422981.1875,   -986.6476,    561.2764,  26749.1914,
       1,     170,     355,       8,       1,       3,       1,     10.0000,      1.4179,     42.8677,    253.2649,     63.7369,      3.4953,      0.0023,     -0.0301,      2.3236,      0.1435,      5.6881,     11.3762,      1.2677,     29.5215,     59.0430,      0.0196,      0.0018,      0.0156,      0.2148,   8024.7578,-423311.0625,   -986.7300,    561.2532,  26749.1914,
       1,     170,     355,       9,       1,       3,       1,     10.0000,      1.4179,     42.8677,    253.2649,     63.7369,      3.4953,      0.0974,      0.0648,     17.9435,      0.1509,      5.6881,     11.3762,      1.3334,     29.5215,     59.0430,      0.0196,      0.0019,      0.1158,      0.2148,   8024.7578,-423970.6875,   -986.8954,    561.2069,  26749.1914,
       1,     170,     355,      10,       1,       3,       1,     10.0000,      1.4179,     42.8677,    253.2649,     63.7369,      3.4953,      0.1704,      0.1369,     57.8345,      0.1754,      5.6881,     11.3762,      1.5498,     29.5215,     59.0430,      0.0196,      0.0032,      0.2149,      0.2148,   8024.7578,-442543.5938,   -991.6385,    559.9041,  26749.1914,
       1,     170,     355,      11,       1,       3,       1,     10.0000,      1.4179,     42.8677,    253.2649,     63.7369,      3.4953,      0.1737,      0.1402,     55.3215,      0.1777,      5.6881,     11.3762,      1.5700,     29.5215,     59.0430,      0.0196,      0.0030,      0.2200,      0.2148,   8024.7578,-491396.9375,  -1004.1339,    556.4864,  26749.1914,
       1,     170,     355,      12,       1,       3,       1,     10.0000,      1.4179,     42.8677,    253.2649,     63.7369,      3.4953,      0.1844,      0.1506,     81.5772,      0.1864,      5.6881,     11.3762,      1.6468,     29.5215,     59.0430,      0.0196,      0.0042,      0.2324,      0.2148,   8024.7578,-492498.2812,  -1004.5142,    556.4202,  26749.1914,
       1,     170,     355,      13,       1,       3,       1,     10.0000,      1.4179,     42.8677,    253.2649,     63.7369,      3.4953,      0.1988,      0.1646,    109.3661,      0.1992,      5.6881,     11.3762,      1.7599,     29.5215,     59.0430,      0.0196,      0.0053,      0.2500,      0.2147,   8024.7578,-523735.5312,  -1012.6106,    554.2476,  26749.1895,
       1,     170,     355,      14,       1,       3,       1,     10.0000,      1.4179,     42.8677,    253.2649,     63.7369,      3.4953,      0.1990,      0.1647,    112.1666,      0.2025,      5.6881,     11.3762,      1.7898,     29.5215,     59.0430,      0.0196,      0.0054,      0.2500,      0.2147,   8024.7573,-559331.6250,  -1021.9487,    551.7856,  26749.1895,
       1,     170,     355,      15,       1,       3,       1,     10.0000,      1.4179,     42.8677,    253.2649,     63.7369,      3.4953,      0.1931,      0.1588,    102.2491,      0.2005,      5.6881,     11.3762,      1.7722,     29.5215,     59.0430,      0.0196,      0.0051,      0.2426,      0.2147,   8024.7573,-565619.5000,  -1023.9481,    551.3574,  26749.1875,
       1,     170,     355,      16,       1,       3,       1,     10.0000,      1.4179,     42.8677,    253.2649,     63.7369,      3.4953,      0.1995,      0.1650,    119.6555,      0.2092,      5.6881,     11.3762,      1.8490,     29.5215,     59.0430,      0.0196,      0.0058,      0.2500,      0.2147,   8024.7563,-554351.3125,  -1021.4883,    552.1343,  26749.1875,
       1,     170,     355,      17,       1,       3,       1,     10.0000,      1.4179,     42.8677,    253.2649,     63.7369,      3.4953,      0.1949,      0.1606,    113.9753,      0.2033,      5.6881,     11.3762,      1.7968,     29.5215,     59.0430,      0.0196,      0.0056,      0.2439,      0.2147,   8024.7563,-574096.5625,  -1026.9332,    550.7720,  26749.1855,
       1,     170,     355,      18,       1,       3,       1,     10.0000,      1.4179,     42.8677,    253.2649,     63.7369,      3.4953,      0.1561,      0.1221,     80.4328,      0.1918,      5.6881,     11.3762,      1.6949,     29.5215,     59.0430,      0.0196,      0.0050,      0.1921,      0.2146,   8024.7559,-568987.3750,  -1026.0867,    551.1255,  26749.1855,
       1,     170,     355,      19,       1,       3,       1,     10.0000,      1.4179,     42.8677,    253.2649,     63.7369,      3.4953,      0.0806,      0.0470,     25.7934,      0.1780,      5.6881,     11.3762,      1.5731,     29.5215,     59.0430,      0.0196,      0.0034,      0.0904,      0.2146,   8024.7559,-528707.5625,  -1016.1702,    553.9005,  26749.1836,
       1,     170,     355,      20,       1,       3,       1,     10.0000,      1.4179,     42.8677,    253.2649,     63.7369,      3.4953,      0.0058,     -0.0276,      3.8246,      0.1719,      5.6881,     11.3762,      1.5191,     29.5215,     59.0430,      0.0196,      0.0030,      0.0156,      0.2147,   8024.7554,-460515.2188,   -998.8669,    558.6289,  26749.1855,
       1,     170,     355,      21,       1,       3,       1,     10.0000,      1.4179,     42.8677,    253.2649,     63.7369,      3.4953,      0.0000,     -0.0333,      3.3635,      0.1689,      5.6881,     11.3762,      1.4921,     29.5215,     59.0430,      0.0196,      0.0026,      0.0156,      0.2148,   8024.7559,-428858.0625,   -990.7482,    560.8597,  26749.1836,
       1,     170,     355,      22,       1,       3,       1,     10.0000,      1.4179,     42.8677,    253.2649,     63.7369,      3.4953,      0.0000,     -0.0333,      3.3492,      0.1689,      5.6881,     11.3762,      1.4921,     29.5215,     59.0430,      0.0196,      0.0026,      0.0156,      0.2148,   8024.7554,-425671.0000,   -989.9284,    561.0876,  26749.1836,
       1,     170,     355,      23,       1,       3,       1,     10.0000,      1.4179,     42.8677,    253.2649,     63.7369,      3.4953,      0.0000,     -0.0333,      3.5135,      0.1704,      5.6881,     11.3762,      1.5055,     29.5215,     59.0430,      0.0196,      0.0027,      0.0156,      0.2148,   8024.7554,-425383.7812,   -989.8526,    561.1078,  26749.1836,
       1,     170,     355,      24,       1,       3,       1,     10.0000,      1.4179,     42.8677,    253.2649,     63.7369,      3.4953,      0.0000,     -0.0331,      2.6119,      0.1639,      5.6881,     11.3762,      1.4479,     29.5215,     59.0430,      0.0196,      0.0020,      0.0156,      0.2148,   8024.7554,-425554.5938,   -989.8944,    561.0959,  26749.1836,
       1,     170,     356,       1,       1,       3,       1,     10.0000,      1.4180,     42.8681,    253.2708,     63.7384,      3.4953,      0.0000,     -0.0326,      1.3827,      0.1498,      5.6880,     11.3759,      1.3240,     29.5267,     59.0533,      0.0196,      0.0011,      0.0156,      0.2148,   8024.7554,-424654.1562,   -990.0204,    561.1721,  26750.3730,
       1,     170,     356,       2,       1,       3,       1,     10.0000,      1.4180,     42.8681,    253.2708,     63.7384,      3.4953,      0.0000,     -0.0321,      0.6037,      0.1376,      5.6880,     11.3759,      1.2162,     29.5267,     59.0533,      0.0196,      0.0005,      0.0156,      0.2148,   8025.1123,-422970.7500,   -989.4662,    561.2902,  26750.3730,
       1,     170,     356,       3,       1,       3,       1,     10.0000,      1.4180,     42.8681,    253.2708,     63.7384,      3.4953,      0.0000,     -0.0323,      0.6185,      0.1427,      5.6880,     11.3759,      1.2614,     29.5267,     59.0533,      0.0196,      0.0005,      0.0156,      0.2148,   8025.1123,-421907.4688,   -989.1931,    561.3648,  26750.3730,
       1,     170,     356,       4,       1,       3,       1,     10.0000,      1.4180,     42.8681,    253.2708,     63.7384,      3.4953,      0.0000,     -0.0328,      1.3739,      0.1546,      5.6880,     11.3759,      1.3660,     29.5267,     59.0533,      0.0196,      0.0011,      0.0156,      0.2148,   8025.1123,-421836.5312,   -989.1749,    561.3698,  26750.3730,
       1,     170,     356,       5,       1,       3,       1,     10.0000,      1.4180,     42.8681,    253.2708,     63.7384,      3.4953,      0.0000,     -0.0325,      2.0912,      0.1464,      5.6880,     11.3759,      1.2937,     29.5267,     59.0533,      0.0196,      0.0016,      0.0156,      0.2148,   8025.1123,-422726.0312,   -989.4026,    561.3074,  26750.3730,
       1,     170,     356,       6,       1,       3,       1,     10.0000,      1.4180,     42.8681,    253.2708,     63.7384,      3.4953,      0.0000,     -0.0325,      1.3326,      0.1483,      5.6880,     11.3759,      1.3107,     29.5267,     59.0533,      0.0196,      0.0010,      0.0156,      0.2148,   8025.1123,-423650.2188,   -989.6382,    561.2426,  26750.3730,
       1,     170,     356,       7,       1,       3,       1,     10.0000,      1.4180,     42.8681,    253.2708,     63.7384,      3.4953,      0.0000,     -0.0327,      1.8295,      0.1514,      5.6880,     11.3759,      1.3374,     29.5267,     59.0533,      0.0196,      0.0014,      0.0156,      0.2148,   8025.1123,-422827.8125,   -989.4261,    561.3002,  26750.3730,
       1,     170,     356,       8,       1,       3,       1,     10.0000,      1.4180,     42.8681,    253.2708,     63.7384,      3.4953,      0.0029,     -0.0297,      1.7969,      0.1491,      5.6880,     11.3759,      1.3174,     29.5267,     59.0533,      0.0196,      0.0014,      0.0156,      0.2148,   8025.1123,-423348.5312,   -989.5584,    561.2637,  26750.3730,
       1,     170,     356,       9,       1,       3,       1,     10.0000,      1.4180,     42.8681,    253.2708,     63.7384,      3.4953,      0.0965,      0.0637,     19.2915,      0.1563,      5.6880,     11.3759,      1.3812,     29.5267,     59.0533,      0.0196,      0.0020,      0.1142,      0.2148,   8025.1123,-423353.1875,   -989.5582,    561.2634,  26750.3730,
       1,     170,     356,      10,       1,       3,       1,     10.0000,      1.4180,     42.8681,    253.2708,     63.7384,      3.4953,      0.1696,      0.1362,     55.3714,      0.1738,      5.6880,     11.3759,      1.5360,     29.5267,     59.0533,      0.0196,      0.0031,      0.2142,      0.2148,   8025.1123,-444091.5938,   -994.9036,    559.8084,  26750.3730,
       1,     170,     356,      11,       1,       3,       1,     10.0000,      1.4180,     42.8681,    253.2708,     63.7384,      3.4953,      0.1925,      0.1586,     91.3961,      0.1894,      5.6880,     11.3759,      1.6732,     29.5267,     59.0533,      0.0196,      0.0045,      0.2429,      0.2148,   8025.1123,-488602.4375,  -1006.3975,    556.6956,  26750.3730,
       1,     170,     356,      12,       1,       3,       1,     10.0000,      1.4180,     42.8681,    253.2708,     63.7384,      3.4953,      0.1915,      0.1575,     98.4498,      0.1935,      5.6880,     11.3759,      1.7101,     29.5267,     59.0533,      0.0196,      0.0049,      0.2408,      0.2148,   8025.1123,-535063.7500,  -1018.4778,    553.4711,  26750.3730,
       1,     170,     356,      13,       1,       3,       1,     10.0000,      1.4180,     42.8681,    253.2708,     63.7384,      3.4953,      0.1995,      0.1651,    118.5195,      0.2054,      5.6880,     11.3759,      1.8147,     29.5267,     59.0533,      0.0196,      0.0057,      0.2500,      0.2147,   8025.1123,-547307.5625,  -1021.9218,    552.6334,  26750.3730,
       1,     170,     356,      14,       1,       3,       1,     10.0000,      1.4180,     42.8681,    253.2708,     63.7384,      3.4953,      0.1989,      0.1646,    110.9509,      0.2009,      5.6880,     11.3759,      1.7757,     29.5267,     59.0533,      0.0196,      0.0053,      0.2500,      0.2147,   8025.1123,-572147.6875,  -1028.6801,    550.9181,  26750.3730,
       1,     170,     356,      15,       1,       3,       1,     10.0000,      1.4180,     42.8681,    253.2708,     63.7384,      3.4953,      0.1985,      0.1643,    105.5390,      0.1982,      5.6880,     11.3759,      1.7513,     29.5267,     59.0533,      0.0196,      0.0051,      0.2500,      0.2147,   8025.1123,-565220.6250,  -1027.3459,    551.3978,  26750.3711,
       1,     170,     356,      16,       1,       3,       1,     10.0000,      1.4180,     42.8681,    253.2708,     63.7384,      3.4953,      0.1980,      0.1637,    116.8721,      0.2004,      5.6880,     11.3759,      1.7704,     29.5267,     59.0533,      0.0196,      0.0057,      0.2480,      0.2147,   8025.1118,-558215.3125,  -1025.9651,    551.8809,  26750.3711,
       1,     170,     356,      17,       1,       3,       1,     10.0000,      1.4180,     42.8681,    253.2708,     63.7384,      3.4953,      0.1948,      0.1609,     96.2297,      0.1909,      5.6880,     11.3759,      1.6866,     29.5267,     59.0533,      0.0196,      0.0047,      0.2457,      0.2147,   8025.1118,-571097.5000,  -1029.7061,    550.9923,  26750.3691,
       1,     170,     356,      18,       1,       3,       1,     10.0000,      1.4180,     42.8681,    253.2708,     63.7384,      3.4953,      0.1562,      0.1225,     66.7385,      0.1825,      5.6880,     11.3759,      1.6128,     29.5267,     59.0533,      0.0196,      0.0041,      0.1937,      0.2147,   8025.1108,-547641.7500,  -1024.0752,    552.6086,  26750.3691,
       1,     170,     356,      19,       1,       3,       1,     10.0000,      1.4180,     42.8681,    253.2708,     63.7384,      3.4953,      0.0895,      0.0559,     34.7394,      0.1771,      5.6880,     11.3759,      1.5654,     29.5267,     59.0533,      0.0196,      0.0041,      0.1021,      0.2147,   8025.1108,-510681.3438,  -1014.8260,    555.1640,  26750.3672,
       1,     170,     356,      20,       1,       3,       1,     10.0000,      1.4180,     42.8681,    253.2708,     63.7384,      3.4953,      0.0043,     -0.0290,      4.8017,      0.1702,      5.6880,     11.3759,      1.5041,     29.5267,     59.0533,      0.0196,      0.0037,      0.0156,      0.2148,   8025.1104,-469655.7812,  -1004.3414,    558.0169,  26750.3672,
       1,     170,     356,      21,       1,       3,       1,     10.0000,      1.4180,     42.8681,    253.2708,     63.7384,      3.4953,      0.0000,     -0.0330,      3.8267,      0.1621,      5.6880,     11.3759,      1.4321,     29.5267,     59.0533,      0.0196,      0.0030,      0.0156,      0.2148,   8025.1104,-430758.7500,   -994.2791,    560.7374,  26750.3652,
       1,     170,     356,      22,       1,       3,       1,     10.0000,      1.4180,     42.8681,    253.2708,     63.7384,      3.4953,      0.0000,     -0.0329,      3.3313,      0.1580,      5.6880,     11.3759,      1.3966,     29.5267,     59.0533,      0.0196,      0.0026,      0.0156,      0.2148,   8025.1099,-426384.1562,   -993.1436,    561.0507,  26750.3652,
       1,     170,     356,      23,       1,       3,       1,     10.0000,      1.4180,     42.8681,    253.2708,     63.7384,      3.4953,      0.0000,     -0.0329,      3.2732,      0.1595,      5.6880,     11.3759,      1.4092,     29.5267,     59.0533,      0.0196,      0.0025,      0.0156,      0.2148,   8025.1099,-425425.5938,   -992.8932,    561.1180,  26750.3652,
       1,     170,     356,      24,       1,       3,       1,     10.0000,      1.4180,     42.8681,    253.2708,     63.7384,      3.4953,      0.0000,     -0.0330,      3.6808,      0.1621,      5.6880,     11.3759,      1.4321,     29.5267,     59.0533,      0.0196,      0.0028,      0.0156,      0.2148,   8025.1099,-425276.9062,   -992.8532,    561.1284,  26750.3652,
       1,     170,     357,       1,       1,       3,       1,     10.0000,      1.4180,     42.8684,    253.2768,     63.7398,      3.4953,      0.0000,     -0.0330,      3.9005,      0.1600,      5.6879,     11.3758,      1.4135,     29.5327,     59.0655,      0.0196,      0.0030,      0.0156,      0.2149,   8025.1099,-425902.5000,   -993.3767,    561.0977,  26751.5605,
       1,     170,     357,       2,       1,       3,       1,     10.0000,      1.4180,     42.8684,    253.2768,     63.7398,      3.4953,      0.0000,     -0.0328,      3.8916,      0.1568,      5.6879,     11.3758,      1.3854,     29.5327,     59.0655,      0.0196,      0.0030,      0.0156,      0.2149,   8025.4683,-426062.5625,   -993.0539,    561.0865,  26751.5605,
       1,     170,     357,       3,       1,       3,       1,     10.0000,      1.4180,     42.8684,    253.2768,     63.7398,      3.4953,      0.0000,     -0.0328,      3.8690,      0.1554,      5.6879,     11.3758,      1.3729,     29.5327,     59.0655,      0.0196,      0.0030,      0.0156,      0.2149,   8025.4683,-426065.4062,   -993.0527,    561.0863,  26751.5605,
       1,     170,     357,       4,       1,       3,       1,     10.0000,      1.4180,     42.8684,    253.2768,     63.7398,      3.4953,      0.0000,     -0.0328,      3.8932,      0.1557,      5.6879,     11.3758,      1.3757,     29.5327,     59.0655,      0.0196,      0.0030,      0.0156,      0.2149,   8025.4683,-426038.8438,   -993.0441,    561.0881,  26751.5605,
       1,     170,     357,       5,       1,       3,       1,     10.0000,      1.4180,     42.8684,    253.2768,     63.7398,      3.4953,      0.0000,     -0.0328,      3.8891,      0.1566,      5.6879,     11.3758,      1.3840,     29.5327,     59.0655,      0.0196,      0.0030,      0.0156,      0.2149,   8025.4683,-426065.3125,   -993.0490,    561.0862,  26751.5605,
       1,     170,     357,       6,       1,       3,       1,     10.0000,      1.4180,     42.8684,    253.2768,     63.7398,      3.4953,      0.0000,     -0.0328,      4.0169,      0.1552,      5.6879,     11.3758,      1.3716,     29.5327,     59.0655,      0.0196,      0.0031,      0.0156,      0.2149,   8025.4683,-426062.6250,   -993.0463,    561.0864,  26751.5605,
       1,     170,     357,       7,       1,       3,       1,     10.0000,      1.4180,     42.8684,    253.2768,     63.7398,      3.4953,      0.0000,     -0.0329,      4.1363,      0.1571,      5.6879,     11.3758,      1.3882,     29.5327,     59.0655,      0.0196,      0.0032,      0.0156,      0.2149,   8025.4683,-426213.9688,   -993.0838,    561.0758,  26751.5605,
       1,     170,     357,       8,       1,       3,       1,     10.0000,      1.4180,     42.8684,    253.2768,     63.7398,      3.4953,      0.0024,     -0.0306,      4.6656,      0.1622,      5.6879,     11.3758,      1.4335,     29.5327,     59.0655,      0.0196,      0.0036,      0.0156,      0.2149,   8025.4683,-426367.9688,   -993.1219,    561.0651,  26751.5605,
       1,     170,     357,       9,       1,       3,       1,     10.0000,      1.4180,     42.8684,    253.2768,     63.7398,      3.4953,      0.0910,      0.0578,     31.6945,      0.1663,      5.6879,     11.3758,      1.4699,     29.5327,     59.0655,      0.0196,      0.0036,      0.1048,      0.2149,   8025.4683,-427008.1875,   -993.2856,    561.0201,  26751.5605,
       1,     170,     357,      10,       1,       3,       1,     10.0000,      1.4180,     42.8684,    253.2768,     63.7398,      3.4953,      0.1684,      0.1348,     76.9158,      0.1775,      5.6879,     11.3758,      1.5685,     29.5327,     59.0655,      0.0196,      0.0044,      0.2099,      0.2149,   8025.4683,-459099.3125,  -1001.6416,    558.7697,  26751.5605,
       1,     170,     357,      11,       1,       3,       1,     10.0000,      1.4180,     42.8684,    253.2768,     63.7398,      3.4953,      0.1921,      0.1581,    110.8038,      0.1888,      5.6879,     11.3758,      1.6683,     29.5327,     59.0655,      0.0196,      0.0056,      0.2401,      0.2148,   8025.4683,-515404.6875,  -1016.3405,    554.8414,  26751.5605,
       1,     170,     357,      12,       1,       3,       1,     10.0000,      1.4180,     42.8684,    253.2768,     63.7398,      3.4953,      0.1965,      0.1624,    122.5832,      0.1974,      5.6879,     11.3758,      1.7444,     29.5327,     59.0655,      0.0196,      0.0060,      0.2452,      0.2148,   8025.4683,-560330.4375,  -1028.2402,    551.7394,  26751.5586,
       1,     170,     357,      13,       1,       3,       1,     10.0000,      1.4180,     42.8684,    253.2768,     63.7398,      3.4953,      0.1997,      0.1654,    120.7218,      0.2008,      5.6879,     11.3758,      1.7740,     29.5327,     59.0655,      0.0196,      0.0058,      0.2500,      0.2147,   8025.4678,-578053.1875,  -1033.2661,    550.5258,  26751.5566,
       1,     170,     357,      14,       1,       3,       1,     10.0000,      1.4180,     42.8684,    253.2768,     63.7398,      3.4953,      0.1995,      0.1652,    118.6720,      0.2030,      5.6879,     11.3758,      1.7934,     29.5327,     59.0655,      0.0196,      0.0057,      0.2500,      0.2147,   8025.4673,-577303.9375,  -1033.5671,    550.5787,  26751.5566,
       1,     170,     357,      15,       1,       3,       1,     10.0000,      1.4180,     42.8684,    253.2768,     63.7398,      3.4953,      0.1998,      0.1653,    122.7289,      0.2082,      5.6879,     11.3758,      1.8400,     29.5327,     59.0655,      0.0196,      0.0059,      0.2500,      0.2147,   8025.4673,-574805.0000,  -1033.4113,    550.7507,  26751.5566,
       1,     170,     357,      16,       1,       3,       1,     10.0000,      1.4180,     42.8684,    253.2768,     63.7398,      3.4953,      0.2001,      0.1657,    126.6320,      0.2054,      5.6879,     11.3758,      1.8148,     29.5327,     59.0655,      0.0196,      0.0061,      0.2500,      0.2147,   8025.4673,-579417.6875,  -1035.1018,    550.4331,  26751.5566,
       1,     170,     357,      17,       1,       3,       1,     10.0000,      1.4180,     42.8684,    253.2768,     63.7398,      3.4953,      0.1914,      0.1572,    111.5423,      0.1992,      5.6879,     11.3758,      1.7600,     29.5327,     59.0655,      0.0196,      0.0056,      0.2392,      0.2147,   8025.4673,-584437.4375,  -1036.9242,    550.0878,  26751.5527,
       1,     170,     357,      18,       1,       3,       1,     10.0000,      1.4180,     42.8684,    253.2768,     63.7398,      3.4953,      0.1679,      0.1340,     88.8254,      0.1901,      5.6879,     11.3758,      1.6799,     29.5327,     59.0655,      0.0196,      0.0051,      0.2080,      0.2147,   8025.4663,-566924.0000,  -1032.8606,    551.2922,  26751.5547,
       1,     170,     357,      19,       1,       3,       1,     10.0000,      1.4180,     42.8684,    253.2768,     63.7398,      3.4953,      0.0948,      0.0612,     39.8358,      0.1798,      5.6879,     11.3758,      1.5890,     29.5327,     59.0655,      0.0196,      0.0044,      0.1091,      0.2147,   8025.4668,-538492.5000,  -1025.8394,    553.2527,  26751.5527,
       1,     170,     357,      20,       1,       3,       1,     10.0000,      1.4180,     42.8684,    253.2768,     63.7398,      3.4953,      0.0039,     -0.0295,      4.5739,      0.1716,      5.6879,     11.3758,      1.5162,     29.5327,     59.0655,      0.0196,      0.0035,      0.0156,      0.2147,   8025.4663,-477982.1562,  -1010.2319,    557.4410,  26751.5547,
       1,     170,     357,      21,       1,       3,       1,     10.0000,      1.4180,     42.8684,    253.2768,     63.7398,      3.4953,      0.0000,     -0.0332,      4.0427,      0.1663,      5.6879,     11.3758,      1.4699,     29.5327,     59.0655,      0.0196,      0.0031,      0.0156,      0.2148,   8025.4668,-431186.7500,   -997.9934,    560.7176,  26751.5508,
       1,     170,     357,      22,       1,       3,       1,     10.0000,      1.4180,     42.8684,    253.2768,     63.7398,      3.4953,      0.0000,     -0.0331,      3.6179,      0.1635,      5.6879,     11.3758,      1.4451,     29.5327,     59.0655,      0.0196,      0.0028,      0.0156,      0.2149,   8025.4653,-426682.8125,   -996.8134,    561.0428,  26751.5508,
       1,     170,     357,      23,       1,       3,       1,     10.0000,      1.4180,     42.8684,    253.2768,     63.7398,      3.4953,      0.0000,     -0.0331,      3.6635,      0.1634,      5.6879,     11.3758,      1.4436,     29.5327,     59.0655,      0.0196,      0.0028,      0.0156,      0.2149,   8025.4653,-425793.7812,   -996.5803,    561.1053,  26751.5508,
       1,     170,     357,      24,       1,       3,       1,     10.0000,      1.4180,     42.8684,    253.2768,     63.7398,      3.4953,      0.0000,     -0.0331,      4.0120,      0.1640,      5.6879,     11.3758,      1.4494,     29.5327,     59.0655,      0.0196,      0.0031,      0.0156,      0.2149,   8025.4653,-425773.6562,   -996.5749,    561.1067,  26751.5508,
       1,     170,     358,       1,       1,       3,       1,     10.0000,      1.4180,     42.8687,    253.2827,     63.7414,      3.4953,      0.0000,     -0.0331,      4.1485,      0.1632,      5.6884,     11.3767,      1.4422,     29.5391,     59.0781,      0.0196,      0.0032,      0.0156,      0.2149,   8025.4653,-426339.5000,   -997.0903,    561.0802,  26752.7441,
       1,     170,     358,       2,       1,       3,       1,     10.0000,      1.4180,     42.8687,    253.2827,     63.7414,      3.4953,      0.0000,     -0.0331,      4.3935,      0.1640,      5.6884,     11.3767,      1.4495,     29.5391,     59.0781,      0.0196,      0.0034,      0.0156,      0.2149,   8025.8237,-426396.3125,   -996.7395,    561.0762,  26752.7441,
       1,     170,     358,       3,       1,       3,       1,     10.0000,      1.4180,     42.8687,    253.2827,     63.7414,      3.4953,      0.0000,     -0.0330,      3.9284,      0.1617,      5.6884,     11.3767,      1.4293,     29.5391,     59.0781,      0.0196,      0.0030,      0.0156,      0.2149,   8025.8237,-426691.4062,   -996.8168,    561.0555,  26752.7441,
       1,     170,     358,       4,       1,       3,       1,     10.0000,      1.4180,     42.8687,    253.2827,     63.7414,      3.4953,      0.0000,     -0.0330,      4.2286,      0.1609,      5.6884,     11.3767,      1.4221,     29.5391,     59.0781,      0.0196,      0.0033,      0.0156,      0.2149,   8025.8237,-426164.8125,   -996.6787,    561.0924,  26752.7441,
       1,     170,     358,       5,       1,       3,       1,     10.0000,      1.4180,     42.8687,    253.2827,     63.7414,      3.4953,      0.0000,     -0.0329,      3.7719,      0.1576,      5.6884,     11.3767,      1.3924,     29.5391,     59.0781,      0.0196,      0.0029,      0.0156,      0.2149,   8025.8237,-426476.7812,   -996.7608,    561.0706,  26752.7441,
       1,     170,     358,       6,       1,       3,       1,     10.0000,      1.4180,     42.8687,    253.2827,     63.7414,      3.4953,      0.0000,     -0.0330,      3.7548,      0.1605,      5.6884,     11.3767,      1.4178,     29.5391,     59.0781,      0.0196,      0.0029,      0.0156,      0.2149,   8025.8237,-425961.4375,   -996.6257,    561.1068,  26752.7441,
       1,     170,     358,       7,       1,       3,       1,     10.0000,      1.4180,     42.8687,    253.2827,     63.7414,      3.4953,      0.0000,     -0.0329,      3.6715,      0.1592,      5.6884,     11.3767,      1.4065,     29.5391,     59.0781,      0.0196,      0.0028,      0.0156,      0.2149,   8025.8237,-425898.1875,   -996.6093,    561.1111,  26752.7441,
       1,     170,     358,       8,       1,       3,       1,     10.0000,      1.4180,     42.8687,    253.2827,     63.7414,      3.4953,      0.0022,     -0.0307,      3.4759,      0.1605,      5.6884,     11.3767,      1.4178,     29.5391,     59.0781,      0.0196,      0.0027,      0.0156,      0.2149,   8025.8237,-425794.4375,   -996.5825,    561.1184,  26752.7441,
       1,     170,     358,       9,       1,       3,       1,     10.0000,      1.4180,     42.8687,    253.2827,     63.7414,      3.4953,      0.1012,      0.0679,     31.7110,      0.1700,      5.6884,     11.3767,      1.5026,     29.5391,     59.0781,      0.0196,      0.0032,      0.1192,      0.2149,   8025.8237,-425553.9375,   -996.5196,    561.1353,  26752.7441,
       1,     170,     358,      10,       1,       3,       1,     10.0000,      1.4180,     42.8687,    253.2827,     63.7414,      3.4953,      0.1675,      0.1339,     65.5770,      0.1795,      5.6884,     11.3767,      1.5858,     29.5391,     59.0781,      0.0196,      0.0038,      0.2100,      0.2149,   8025.8237,-458996.9062,  -1005.3315,    558.7895,  26752.7441,
       1,     170,     358,      11,       1,       3,       1,     10.0000,      1.4180,     42.8687,    253.2827,     63.7414,      3.4953,      0.1934,      0.1595,     85.7346,      0.1886,      5.6884,     11.3767,      1.6667,     29.5391,     59.0781,      0.0196,      0.0042,      0.2448,      0.2149,   8025.8237,-501945.1250,  -1016.6852,    555.7946,  26752.7422,
       1,     170,     358,      12,       1,       3,       1,     10.0000,      1.4180,     42.8687,    253.2827,     63.7414,      3.4953,      0.1976,      0.1635,     95.5412,      0.1935,      5.6884,     11.3767,      1.7102,     29.5391,     59.0781,      0.0196,      0.0046,      0.2497,      0.2148,   8025.8228,-529441.6875,  -1024.0709,    553.8923,  26752.7422,
       1,     170,     358,      13,       1,       3,       1,     10.0000,      1.4180,     42.8687,    253.2827,     63.7414,      3.4953,      0.1995,      0.1651,    118.3571,      0.2048,      5.6884,     11.3767,      1.8094,     29.5391,     59.0781,      0.0196,      0.0057,      0.2500,      0.2148,   8025.8228,-543360.2500,  -1028.0066,    552.9318,  26752.7402,
       1,     170,     358,      14,       1,       3,       1,     10.0000,      1.4180,     42.8687,    253.2827,     63.7414,      3.4953,      0.1998,      0.1653,    123.4150,      0.2101,      5.6884,     11.3767,      1.8565,     29.5391,     59.0781,      0.0196,      0.0059,      0.2500,      0.2148,   8025.8223,-571600.4375,  -1035.7913,    550.9808,  26752.7402,
       1,     170,     358,      15,       1,       3,       1,     10.0000,      1.4180,     42.8687,    253.2827,     63.7414,      3.4953,      0.1994,      0.1648,    126.9942,      0.2105,      5.6884,     11.3767,      1.8601,     29.5391,     59.0781,      0.0196,      0.0061,      0.2490,      0.2147,   8025.8223,-579957.0000,  -1038.4637,    550.4088,  26752.7402,
       1,     170,     358,      16,       1,       3,       1,     10.0000,      1.4180,     42.8687,    253.2827,     63.7414,      3.4953,      0.2005,      0.1660,    131.9082,      0.2091,      5.6884,     11.3767,      1.8473,     29.5391,     59.0781,      0.0196,      0.0064,      0.2500,      0.2147,   8025.8223,-584898.0000,  -1040.2845,    550.0691,  26752.7402,
       1,     170,     358,      17,       1,       3,       1,     10.0000,      1.4180,     42.8687,    253.2827,     63.7414,      3.4953,      0.1909,      0.1565,    118.1566,      0.2060,      5.6884,     11.3767,      1.8202,     29.5391,     59.0781,      0.0196,      0.0060,      0.2378,      0.2147,   8025.8223,-591145.5000,  -1042.4785,    549.6396,  26752.7402,
       1,     170,     358,      18,       1,       3,       1,     10.0000,      1.4180,     42.8687,    253.2827,     63.7414,      3.4953,      0.1695,      0.1354,     90.2622,      0.1933,      5.6884,     11.3767,      1.7085,     29.5391,     59.0781,      0.0196,      0.0052,      0.2101,      0.2147,   8025.8223,-575323.5625,  -1038.8513,    550.7269,  26752.7363,
       1,     170,     358,      19,       1,       3,       1,     10.0000,      1.4180,     42.8687,    253.2827,     63.7414,      3.4953,      0.0923,      0.0587,     38.3344,      0.1813,      5.6884,     11.3767,      1.6017,     29.5391,     59.0781,      0.0196,      0.0044,      0.1057,      0.2147,   8025.8213,-540880.9375,  -1030.1986,    553.0989,  26752.7363,
       1,     170,     358,      20,       1,       3,       1,     10.0000,      1.4180,     42.8687,    253.2827,     63.7414,      3.4953,      0.0049,     -0.0284,      4.6751,      0.1707,      5.6884,     11.3767,      1.5087,     29.5391,     59.0781,      0.0196,      0.0036,      0.0156,      0.2148,   8025.8213,-476394.5938,  -1013.3734,    557.5625,  26752.7363,
       1,     170,     358,      21,       1,       3,       1,     10.0000,      1.4180,     42.8687,    253.2827,     63.7414,      3.4953,      0.0000,     -0.0331,      4.2180,      0.1645,      5.6884,     11.3767,      1.4538,     29.5391,     59.0781,      0.0196,      0.0033,      0.0156,      0.2148,   8025.8213,-431182.0312,  -1001.4196,    560.7316,  26752.7344,
       1,     170,     358,      22,       1,       3,       1,     10.0000,      1.4180,     42.8687,    253.2827,     63.7414,      3.4953,      0.0000,     -0.0330,      3.9607,      0.1608,      5.6884,     11.3767,      1.4207,     29.5391,     59.0781,      0.0196,      0.0031,      0.0156,      0.2149,   8025.8208,-426892.9375,  -1000.2848,    561.0413,  26752.7344,
       1,     170,     358,      23,       1,       3,       1,     10.0000,      1.4180,     42.8687,    253.2827,     63.7414,      3.4953,      0.0000,     -0.0330,      4.4101,      0.1609,      5.6884,     11.3767,      1.4221,     29.5391,     59.0781,      0.0196,      0.0034,      0.0156,      0.2149,   8025.8208,-426220.8750,  -1000.1081,    561.0885,  26752.7344,
       1,     170,     358,      24,       1,       3,       1,     10.0000,      1.4180,     42.8687,    253.2827,     63.7414,      3.4953,      0.0000,     -0.0330,      4.2232,      0.1606,      5.6884,     11.3767,      1.4193,     29.5391,     59.0781,      0.0196,      0.0033,      0.0156,      0.2149,   8025.8208,-426697.7500,  -1000.2359,    561.0551,  26752.7344,
       1,     170,     359,       1,       1,       3,       1,     10.0000,      1.4180,     42.8691,    253.2887,     63.7428,      3.4953,      0.0000,     -0.0329,      4.0989,      0.1593,      5.6881,     11.3761,      1.4079,     29.5456,     59.0912,      0.0196,      0.0032,      0.0156,      0.2149,   8025.8208,-426669.6875,  -1000.6003,    561.0701,  26753.9258,
       1,     170,     359,       2,       1,       3,       1,     10.0000,      1.4180,     42.8691,    253.2887,     63.7428,      3.4953,      0.0000,     -0.0328,      3.7613,      0.1560,      5.6881,     11.3761,      1.3785,     29.5456,     59.0912,      0.0196,      0.0029,      0.0156,      0.2149,   8026.1782,-426368.4375,  -1000.1524,    561.0912,  26753.9258,
       1,     170,     359,       3,       1,       3,       1,     10.0000,      1.4180,     42.8691,    253.2887,     63.7428,      3.4953,      0.0000,     -0.0327,      3.6508,      0.1527,      5.6881,     11.3761,      1.3497,     29.5456,     59.0912,      0.0196,      0.0028,      0.0156,      0.2149,   8026.1782,-425943.5000,  -1000.0409,    561.1210,  26753.9258,
       1,     170,     359,       4,       1,       3,       1,     10.0000,      1.4180,     42.8691,    253.2887,     63.7428,      3.4953,      0.0000,     -0.0328,      3.8443,      0.1555,      5.6881,     11.3761,      1.3744,     29.5456,     59.0912,      0.0196,      0.0030,      0.0156,      0.2149,   8026.1782,-425777.2188,   -999.9984,    561.1327,  26753.9258,
       1,     170,     359,       5,       1,       3,       1,     10.0000,      1.4180,     42.8691,    253.2887,     63.7428,      3.4953,      0.0000,     -0.0327,      3.5676,      0.1535,      5.6881,     11.3761,      1.3565,     29.5456,     59.0912,      0.0196,      0.0028,      0.0156,      0.2149,   8026.1782,-425992.7500,  -1000.0569,    561.1176,  26753.9258,
       1,     170,     359,       6,       1,       3,       1,     10.0000,      1.4180,     42.8691,    253.2887,     63.7428,      3.4953,      0.0000,     -0.0327,      3.2570,      0.1523,      5.6881,     11.3761,      1.3456,     29.5456,     59.0912,      0.0196,      0.0025,      0.0156,      0.2149,   8026.1782,-425682.7188,   -999.9761,    561.1393,  26753.9258,
       1,     170,     359,       7,       1,       3,       1,     10.0000,      1.4180,     42.8691,    253.2887,     63.7428,      3.4953,      0.0000,     -0.0327,      3.1333,      0.1521,      5.6881,     11.3761,      1.3443,     29.5456,     59.0912,      0.0196,      0.0024,      0.0156,      0.2149,   8026.1782,-425288.9688,   -999.8728,    561.1670,  26753.9258,
       1,     170,     359,       8,       1,       3,       1,     10.0000,      1.4180,     42.8691,    253.2887,     63.7428,      3.4953,      0.0028,     -0.0297,      2.6419,      0.1476,      5.6881,     11.3761,      1.3042,     29.5456,     59.0912,      0.0196,      0.0020,      0.0156,      0.2149,   8026.1782,-425109.4375,   -999.8267,    561.1795,  26753.9258,
       1,     170,     359,       9,       1,       3,       1,     10.0000,      1.4180,     42.8691,    253.2887,     63.7428,      3.4953,      0.0916,      0.0587,     23.2664,      0.1560,      5.6881,     11.3761,      1.3785,     29.5456,     59.0912,      0.0196,      0.0026,      0.1068,      0.2149,   8026.1782,-424512.3125,   -999.6693,    561.2214,  26753.9258,
       1,     170,     359,      10,       1,       3,       1,     10.0000,      1.4180,     42.8691,    253.2887,     63.7428,      3.4953,      0.1681,      0.1347,     62.6403,      0.1711,      5.6881,     11.3761,      1.5117,     29.5456,     59.0912,      0.0196,      0.0036,      0.2111,      0.2149,   8026.1782,-448902.7500,  -1006.1668,    559.5104,  26753.9258,
       1,     170,     359,      11,       1,       3,       1,     10.0000,      1.4180,     42.8691,    253.2887,     63.7428,      3.4953,      0.1942,      0.1605,     87.6814,      0.1823,      5.6881,     11.3761,      1.6113,     29.5456,     59.0912,      0.0196,      0.0043,      0.2457,      0.2149,   8026.1782,-497611.2500,  -1019.1652,    556.1063,  26753.9238,
       1,     170,     359,      12,       1,       3,       1,     10.0000,      1.4180,     42.8691,    253.2887,     63.7428,      3.4953,      0.1995,      0.1655,    118.1712,      0.1937,      5.6881,     11.3761,      1.7120,     29.5456,     59.0912,      0.0196,      0.0057,      0.2500,      0.2148,   8026.1772,-531384.6875,  -1028.2880,    553.7690,  26753.9219,
       1,     170,     359,      13,       1,       3,       1,     10.0000,      1.4180,     42.8691,    253.2887,     63.7428,      3.4953,      0.1999,      0.1658,    122.2926,      0.1951,      5.6881,     11.3761,      1.7239,     29.5456,     59.0912,      0.0196,      0.0059,      0.2500,      0.2148,   8026.1768,-570373.6250,  -1038.9553,    551.0750,  26753.9199,
       1,     170,     359,      14,       1,       3,       1,     10.0000,      1.4180,     42.8691,    253.2887,     63.7428,      3.4953,      0.1990,      0.1649,    121.8393,      0.1945,      5.6881,     11.3761,      1.7188,     29.5456,     59.0912,      0.0196,      0.0059,      0.2488,      0.2148,   8026.1763,-578512.3125,  -1041.5886,    550.5209,  26753.9219,
       1,     170,     359,      15,       1,       3,       1,     10.0000,      1.4180,     42.8691,    253.2887,     63.7428,      3.4953,      0.1983,      0.1642,    127.0977,      0.1947,      5.6881,     11.3761,      1.7205,     29.5456,     59.0912,      0.0196,      0.0062,      0.2473,      0.2147,   8026.1768,-578640.6250,  -1042.1321,    550.5125,  26753.9199,
       1,     170,     359,      16,       1,       3,       1,     10.0000,      1.4180,     42.8691,    253.2887,     63.7428,      3.4953,      0.1995,      0.1654,    125.7566,      0.1964,      5.6881,     11.3761,      1.7359,     29.5456,     59.0912,      0.0196,      0.0061,      0.2491,      0.2147,   8026.1763,-584897.2500,  -1044.3197,    550.0818,  26753.9199,
       1,     170,     359,      17,       1,       3,       1,     10.0000,      1.4180,     42.8691,    253.2887,     63.7428,      3.4953,      0.1927,      0.1585,    119.4285,      0.1955,      5.6881,     11.3761,      1.7273,     29.5456,     59.0912,      0.0196,      0.0060,      0.2400,      0.2147,   8026.1763,-583823.0000,  -1044.5739,    550.1559,  26753.9199,
       1,     170,     359,      18,       1,       3,       1,     10.0000,      1.4180,     42.8691,    253.2887,     63.7428,      3.4953,      0.1678,      0.1340,     95.8241,      0.1858,      5.6881,     11.3761,      1.6421,     29.5456,     59.0912,      0.0196,      0.0056,      0.2070,      0.2147,   8026.1763,-576216.3750,  -1043.0714,    550.6790,  26753.9180,
       1,     170,     359,      19,       1,       3,       1,     10.0000,      1.4180,     42.8691,    253.2887,     63.7428,      3.4953,      0.0971,      0.0635,     48.4167,      0.1779,      5.6881,     11.3761,      1.5717,     29.5456,     59.0912,      0.0196,      0.0052,      0.1114,      0.2147,   8026.1758,-547550.5625,  -1035.8723,    552.6525,  26753.9199,
       1,     170,     359,      20,       1,       3,       1,     10.0000,      1.4180,     42.8691,    253.2887,     63.7428,      3.4953,      0.0046,     -0.0287,      5.5268,      0.1679,      5.6881,     11.3761,      1.4833,     29.5456,     59.0912,      0.0196,      0.0043,      0.0156,      0.2148,   8026.1763,-488905.1562,  -1020.4590,    556.7073,  26753.9160,
       1,     170,     359,      21,       1,       3,       1,     10.0000,      1.4180,     42.8691,    253.2887,     63.7428,      3.4953,      0.0000,     -0.0331,      5.2071,      0.1640,      5.6881,     11.3761,      1.4495,     29.5456,     59.0912,      0.0196,      0.0040,      0.0156,      0.2149,   8026.1753,-433219.2500,  -1005.5840,    560.5974,  26753.9160,
       1,     170,     359,      22,       1,       3,       1,     10.0000,      1.4180,     42.8691,    253.2887,     63.7428,      3.4953,      0.0000,     -0.0330,      4.8254,      0.1603,      5.6881,     11.3761,      1.4164,     29.5456,     59.0912,      0.0196,      0.0037,      0.0156,      0.2149,   8026.1753,-428243.2812,  -1004.2537,    560.9597,  26753.9160,
       1,     170,     359,      23,       1,       3,       1,     10.0000,      1.4180,     42.8691,    253.2887,     63.7428,      3.4953,      0.0000,     -0.0330,      4.8965,      0.1597,      5.6881,     11.3761,      1.4108,     29.5456,     59.0912,      0.0196,      0.0038,      0.0156,      0.2149,   8026.1753,-427361.5000,  -1004.0200,    561.0215,  26753.9160,
       1,     170,     359,      24,       1,       3,       1,     10.0000,      1.4180,     42.8691,    253.2887,     63.7428,      3.4953,      0.0000,     -0.0330,      4.8357,      0.1598,      5.6881,     11.3761,      1.4122,     29.5456,     59.0912,      0.0196,      0.0037,      0.0156,      0.2149,   8026.1753,-427372.5000,  -1004.0258,    561.0208,  26753.9160,
       1,     170,     360,       1,       1,       3,       1,     10.0000,      1.4180,     42.8694,    253.2947,     63.7443,      3.4953,      0.0000,     -0.0328,      4.5157,      0.1560,      5.6882,     11.3764,      1.3786,     29.5522,     59.1043,      0.0196,      0.0035,      0.0156,      0.2149,   8026.1753,-427455.5312,  -1004.4263,    561.0281,  26755.1113,
       1,     170,     360,       2,       1,       3,       1,     10.0000,      1.4180,     42.8694,    253.2947,     63.7443,      3.4953,      0.0000,     -0.0329,      4.7053,      0.1581,      5.6882,     11.3764,      1.3967,     29.5522,     59.1043,      0.0196,      0.0036,      0.0156,      0.2149,   8026.5337,-426931.1875,  -1003.9139,    561.0648,  26755.1094,
       1,     170,     360,       3,       1,       3,       1,     10.0000,      1.4180,     42.8694,    253.2947,     63.7443,      3.4953,      0.0000,     -0.0330,      4.9478,      0.1601,      5.6882,     11.3764,      1.4150,     29.5522,     59.1043,      0.0196,      0.0038,      0.0156,      0.2149,   8026.5332,-427112.6250,  -1003.9659,    561.0522,  26755.1094,
       1,     170,     360,       4,       1,       3,       1,     10.0000,      1.4180,     42.8694,    253.2947,     63.7443,      3.4953,      0.0000,     -0.0329,      4.7009,      0.1589,      5.6882,     11.3764,      1.4037,     29.5522,     59.1043,      0.0196,      0.0036,      0.0156,      0.2149,   8026.5332,-427414.8750,  -1004.0497,    561.0309,  26755.1094,
       1,     170,     360,       5,       1,       3,       1,     10.0000,      1.4180,     42.8694,    253.2947,     63.7443,      3.4953,      0.0000,     -0.0329,      4.5754,      0.1581,      5.6882,     11.3764,      1.3967,     29.5522,     59.1043,      0.0196,      0.0035,      0.0156,      0.2149,   8026.5332,-427147.5938,  -1003.9808,    561.0497,  26755.1094,
       1,     170,     360,       6,       1,       3,       1,     10.0000,      1.4180,     42.8694,    253.2947,     63.7443,      3.4953,      0.0000,     -0.0329,      4.4480,      0.1576,      5.6882,     11.3764,      1.3925,     29.5522,     59.1043,      0.0196,      0.0034,      0.0156,      0.2149,   8026.5332,-426976.5938,  -1003.9378,    561.0617,  26755.1094,
       1,     170,     360,       7,       1,       3,       1,     10.0000,      1.4180,     42.8694,    253.2947,     63.7443,      3.4953,      0.0000,     -0.0328,      3.8805,      0.1552,      5.6882,     11.3764,      1.3717,     29.5522,     59.1043,      0.0196,      0.0030,      0.0156,      0.2149,   8026.5332,-426811.5000,  -1003.8962,    561.0733,  26755.1094,
       1,     170,     360,       8,       1,       3,       1,     10.0000,      1.4180,     42.8694,    253.2947,     63.7443,      3.4953,      0.0024,     -0.0305,      4.0230,      0.1577,      5.6882,     11.3764,      1.3939,     29.5522,     59.1043,      0.0196,      0.0031,      0.0156,      0.2149,   8026.5332,-426125.2500,  -1003.7144,    561.1215,  26755.1094,
       1,     170,     360,       9,       1,       3,       1,     10.0000,      1.4180,     42.8694,    253.2947,     63.7443,      3.4953,      0.0594,      0.0264,     16.1762,      0.1614,      5.6882,     11.3764,      1.4265,     29.5522,     59.1043,      0.0196,      0.0032,      0.0617,      0.2149,   8026.5332,-426236.9688,  -1003.7470,    561.1136,  26755.1094,
       1,     170,     360,      10,       1,       3,       1,     10.0000,      1.4180,     42.8694,    253.2947,     63.7443,      3.4953,      0.1585,      0.1252,     60.8434,      0.1697,      5.6882,     11.3764,      1.4997,     29.5522,     59.1043,      0.0196,      0.0037,      0.1977,      0.2149,   8026.5332,-440646.6250,  -1007.6309,    560.1029,  26755.1094,
       1,     170,     360,      11,       1,       3,       1,     10.0000,      1.4180,     42.8694,    253.2947,     63.7443,      3.4953,      0.1898,      0.1561,     96.0082,      0.1831,      5.6882,     11.3764,      1.6178,     29.5522,     59.1043,      0.0196,      0.0048,      0.2385,      0.2149,   8026.5332,-494783.3438,  -1022.2307,    556.3136,  26755.1113,
       1,     170,     360,      12,       1,       3,       1,     10.0000,      1.4180,     42.8694,    253.2947,     63.7443,      3.4953,      0.2000,      0.1658,    123.7825,      0.1968,      5.6882,     11.3764,      1.7394,     29.5522,     59.1043,      0.0196,      0.0060,      0.2500,      0.2149,   8026.5337,-541019.4375,  -1034.8041,    553.1111,  26755.1074,
       1,     170,     360,      13,       1,       3,       1,     10.0000,      1.4180,     42.8694,    253.2947,     63.7443,      3.4953,      0.1998,      0.1655,    121.4545,      0.1992,      5.6882,     11.3764,      1.7601,     29.5522,     59.1043,      0.0196,      0.0058,      0.2500,      0.2148,   8026.5327,-577829.3125,  -1045.0452,    550.5753,  26755.1074,
       1,     170,     360,      14,       1,       3,       1,     10.0000,      1.4180,     42.8694,    253.2947,     63.7443,      3.4953,      0.2004,      0.1659,    130.7197,      0.2072,      5.6882,     11.3764,      1.8311,     29.5522,     59.1043,      0.0196,      0.0063,      0.2500,      0.2148,   8026.5327,-578120.0000,  -1045.6230,    550.5612,  26755.1055,
       1,     170,     360,      15,       1,       3,       1,     10.0000,      1.4180,     42.8694,    253.2947,     63.7443,      3.4953,      0.2002,      0.1658,    128.0381,      0.2058,      5.6882,     11.3764,      1.8185,     29.5522,     59.1043,      0.0196,      0.0062,      0.2500,      0.2148,   8026.5317,-589141.3125,  -1049.1124,    549.8026,  26755.1055,
       1,     170,     360,      16,       1,       3,       1,     10.0000,      1.4180,     42.8694,    253.2947,     63.7443,      3.4953,      0.1998,      0.1655,    122.7598,      0.2028,      5.6882,     11.3764,      1.7917,     29.5522,     59.1043,      0.0196,      0.0059,      0.2500,      0.2147,   8026.5317,-586870.4375,  -1049.0614,    549.9592,  26755.1055,
       1,     170,     360,      17,       1,       3,       1,     10.0000,      1.4180,     42.8694,    253.2947,     63.7443,      3.4953,      0.1910,      0.1568,    111.0736,      0.1976,      5.6882,     11.3764,      1.7463,     29.5522,     59.1043,      0.0196,      0.0056,      0.2385,      0.2148,   8026.5317,-580411.9375,  -1047.8674,    550.4033,  26755.1035,
       1,     170,     360,      18,       1,       3,       1,     10.0000,      1.4180,     42.8694,    253.2947,     63.7443,      3.4953,      0.1703,      0.1363,     93.7425,      0.1926,      5.6882,     11.3764,      1.7019,     29.5522,     59.1043,      0.0196,      0.0053,      0.2109,      0.2148,   8026.5312,-565997.7500,  -1044.4801,    551.3951,  26755.1035,
       1,     170,     360,      19,       1,       3,       1,     10.0000,      1.4180,     42.8694,    253.2947,     63.7443,      3.4953,      0.0983,      0.0647,     42.8177,      0.1800,      5.6882,     11.3764,      1.5907,     29.5522,     59.1043,      0.0196,      0.0045,      0.1138,      0.2148,   8026.5312,-544227.2500,  -1039.0170,    552.8965,  26755.1016,
       1,     170,     360,      20,       1,       3,       1,     10.0000,      1.4180,     42.8694,    253.2947,     63.7443,      3.4953,      0.0053,     -0.0280,      5.0108,      0.1690,      5.6882,     11.3764,      1.4937,     29.5522,     59.1043,      0.0196,      0.0039,      0.0156,      0.2148,   8026.5308,-481982.2188,  -1022.4296,    557.2004,  26755.1016,
       1,     170,     360,      21,       1,       3,       1,     10.0000,      1.4180,     42.8694,    253.2947,     63.7443,      3.4953,      0.0000,     -0.0331,      4.2252,      0.1624,      5.6882,     11.3764,      1.4351,     29.5522,     59.1043,      0.0196,      0.0033,      0.0156,      0.2149,   8026.5308,-432044.1250,  -1008.9326,    560.6954,  26755.0996,
       1,     170,     360,      22,       1,       3,       1,     10.0000,      1.4180,     42.8694,    253.2947,     63.7443,      3.4953,      0.0000,     -0.0329,      3.8950,      0.1584,      5.6882,     11.3764,      1.3995,     29.5522,     59.1043,      0.0196,      0.0030,      0.0156,      0.2149,   8026.5303,-426982.5000,  -1007.5646,    561.0612,  26755.0996,
       1,     170,     360,      23,       1,       3,       1,     10.0000,      1.4180,     42.8694,    253.2947,     63.7443,      3.4953,      0.0000,     -0.0328,      3.6928,      0.1560,      5.6882,     11.3764,      1.3786,     29.5522,     59.1043,      0.0196,      0.0028,      0.0156,      0.2149,   8026.5303,-426157.8750,  -1007.3439,    561.1191,  26755.0996,
       1,     170,     360,      24,       1,       3,       1,     10.0000,      1.4180,     42.8694,    253.2947,     63.7443,      3.4953,      0.0000,     -0.0328,      3.6517,      0.1560,      5.6882,     11.3764,      1.3786,     29.5522,     59.1043,      0.0196,      0.0028,      0.0156,      0.2149,   8026.5303,-425849.6250,  -1007.2633,    561.1407,  26755.0996,
       1,     170,     361,       1,       1,       3,       1,     10.0000,      1.4181,     42.8697,    253.3006,     63.7458,      3.4953,      0.0000,     -0.0329,      3.7138,      0.1565,      5.6891,     11.3781,      1.3828,     29.5577,     59.1155,      0.0196,      0.0029,      0.0156,      0.2150,   8026.5303,-425929.6875,  -1007.6666,    561.1483,  26756.2930,
       1,     170,     361,       2,       1,       3,       1,     10.0000,      1.4181,     42.8697,    253.3006,     63.7458,      3.4953,      0.0000,     -0.0329,      3.7932,      0.1566,      5.6891,     11.3781,      1.3842,     29.5577,     59.1155,      0.0196,      0.0029,      0.0156,      0.2150,   8026.8882,-425858.0625,  -1007.2722,    561.1533,  26756.2930,
       1,     170,     361,       3,       1,       3,       1,     10.0000,      1.4181,     42.8697,    253.3006,     63.7458,      3.4953,      0.0000,     -0.0328,      3.9643,      0.1537,      5.6891,     11.3781,      1.3580,     29.5577,     59.1155,      0.0196,      0.0031,      0.0156,      0.2150,   8026.8882,-425946.2188,  -1007.2990,    561.1472,  26756.2930,
       1,     170,     361,       4,       1,       3,       1,     10.0000,      1.4181,     42.8697,    253.3006,     63.7458,      3.4953,      0.0000,     -0.0327,      3.4600,      0.1523,      5.6891,     11.3781,      1.3457,     29.5577,     59.1155,      0.0196,      0.0027,      0.0156,      0.2150,   8026.8882,-426156.1562,  -1007.3590,    561.1324,  26756.2930,
       1,     170,     361,       5,       1,       3,       1,     10.0000,      1.4181,     42.8697,    253.3006,     63.7458,      3.4953,      0.0000,     -0.0328,      3.5293,      0.1537,      5.6891,     11.3781,      1.3580,     29.5577,     59.1155,      0.0196,      0.0027,      0.0156,      0.2150,   8026.8882,-425576.1562,  -1007.2044,    561.1731,  26756.2930,
       1,     170,     361,       6,       1,       3,       1,     10.0000,      1.4181,     42.8697,    253.3006,     63.7458,      3.4953,      0.0000,     -0.0328,      3.8550,      0.1559,      5.6891,     11.3781,      1.3772,     29.5577,     59.1155,      0.0196,      0.0030,      0.0156,      0.2150,   8026.8882,-425610.0938,  -1007.2164,    561.1707,  26756.2930,
       1,     170,     361,       7,       1,       3,       1,     10.0000,      1.4181,     42.8697,    253.3006,     63.7458,      3.4953,      0.0000,     -0.0327,      3.3446,      0.1512,      5.6891,     11.3781,      1.3362,     29.5577,     59.1155,      0.0196,      0.0026,      0.0156,      0.2150,   8026.8882,-425998.6875,  -1007.3248,    561.1434,  26756.2930,
       1,     170,     361,       8,       1,       3,       1,     10.0000,      1.4181,     42.8697,    253.3006,     63.7458,      3.4953,      0.0020,     -0.0307,      3.2741,      0.1506,      5.6891,     11.3781,      1.3309,     29.5577,     59.1155,      0.0196,      0.0025,      0.0156,      0.2150,   8026.8882,-425426.4062,  -1007.1723,    561.1837,  26756.2930,
       1,     170,     361,       9,       1,       3,       1,     10.0000,      1.4181,     42.8697,    253.3006,     63.7458,      3.4953,      0.0453,      0.0126,      8.4068,      0.1521,      5.6891,     11.3781,      1.3443,     29.5577,     59.1155,      0.0196,      0.0024,      0.0429,      0.2150,   8026.8882,-425295.2188,  -1007.1392,    561.1929,  26756.2930,
       1,     170,     361,      10,       1,       3,       1,     10.0000,      1.4181,     42.8697,    253.3006,     63.7458,      3.4953,      0.1478,      0.1147,     45.6720,      0.1631,      5.6891,     11.3781,      1.4409,     29.5577,     59.1155,      0.0196,      0.0030,      0.1841,      0.2150,   8026.8882,-431365.1250,  -1008.7952,    560.7670,  26756.2930,
       1,     170,     361,      11,       1,       3,       1,     10.0000,      1.4181,     42.8697,    253.3006,     63.7458,      3.4953,      0.1935,      0.1598,     89.6233,      0.1807,      5.6891,     11.3781,      1.5970,     29.5577,     59.1155,      0.0196,      0.0044,      0.2444,      0.2150,   8026.8882,-476023.7188,  -1020.9672,    557.6368,  26756.2930,
       1,     170,     361,      12,       1,       3,       1,     10.0000,      1.4181,     42.8697,    253.3006,     63.7458,      3.4953,      0.1995,      0.1654,    116.7888,      0.1930,      5.6891,     11.3781,      1.7053,     29.5577,     59.1155,      0.0196,      0.0056,      0.2500,      0.2149,   8026.8882,-531864.9375,  -1036.2498,    553.7532,  26756.2910,
       1,     170,     361,      13,       1,       3,       1,     10.0000,      1.4181,     42.8697,    253.3006,     63.7458,      3.4953,      0.2002,      0.1660,    127.6847,      0.2002,      5.6891,     11.3781,      1.7689,     29.5577,     59.1155,      0.0196,      0.0061,      0.2500,      0.2149,   8026.8877,-568757.7500,  -1046.5753,    551.2129,  26756.2910,
       1,     170,     361,      14,       1,       3,       1,     10.0000,      1.4181,     42.8697,    253.3006,     63.7458,      3.4953,      0.2000,      0.1657,    125.2232,      0.2024,      5.6891,     11.3781,      1.7882,     29.5577,     59.1155,      0.0196,      0.0060,      0.2500,      0.2148,   8026.8877,-584751.8750,  -1051.3923,    550.1167,  26756.2891,
       1,     170,     361,      15,       1,       3,       1,     10.0000,      1.4181,     42.8697,    253.3006,     63.7458,      3.4953,      0.2014,      0.1669,    143.2596,      0.2082,      5.6891,     11.3781,      1.8402,     29.5577,     59.1155,      0.0196,      0.0069,      0.2500,      0.2148,   8026.8872,-583149.6250,  -1051.4961,    550.2280,  26756.2891,
       1,     170,     361,      16,       1,       3,       1,     10.0000,      1.4181,     42.8697,    253.3006,     63.7458,      3.4953,      0.1959,      0.1614,    130.5858,      0.2076,      5.6891,     11.3781,      1.8347,     29.5577,     59.1155,      0.0196,      0.0065,      0.2435,      0.2148,   8026.8872,-604436.4375,  -1057.8561,    548.7639,  26756.2891,
       1,     170,     361,      17,       1,       3,       1,     10.0000,      1.4181,     42.8697,    253.3006,     63.7458,      3.4953,      0.1916,      0.1573,    113.4297,      0.2002,      5.6891,     11.3781,      1.7689,     29.5577,     59.1155,      0.0196,      0.0057,      0.2391,      0.2147,   8026.8872,-591148.7500,  -1054.8573,    549.6774,  26756.2871,
       1,     170,     361,      18,       1,       3,       1,     10.0000,      1.4181,     42.8697,    253.3006,     63.7458,      3.4953,      0.1684,      0.1345,     87.8804,      0.1903,      5.6891,     11.3781,      1.6818,     29.5577,     59.1155,      0.0196,      0.0051,      0.2088,      0.2148,   8026.8862,-569670.1875,  -1049.5485,    551.1539,  26756.2852,
       1,     170,     361,      19,       1,       3,       1,     10.0000,      1.4181,     42.8697,    253.3006,     63.7458,      3.4953,      0.0959,      0.0623,     39.6674,      0.1788,      5.6891,     11.3781,      1.5796,     29.5577,     59.1155,      0.0196,      0.0043,      0.1106,      0.2148,   8026.8857,-537560.8750,  -1041.2000,    553.3680,  26756.2852,
       1,     170,     361,      20,       1,       3,       1,     10.0000,      1.4181,     42.8697,    253.3006,     63.7458,      3.4953,      0.0056,     -0.0276,      4.1021,      0.1647,      5.6891,     11.3781,      1.4554,     29.5577,     59.1155,      0.0196,      0.0032,      0.0156,      0.2149,   8026.8857,-477698.4375,  -1025.0485,    557.5132,  26756.2812,
       1,     170,     361,      21,       1,       3,       1,     10.0000,      1.4181,     42.8697,    253.3006,     63.7458,      3.4953,      0.0000,     -0.0329,      3.3022,      0.1585,      5.6891,     11.3781,      1.4009,     29.5577,     59.1155,      0.0196,      0.0025,      0.0156,      0.2149,   8026.8848,-430616.5938,  -1012.1790,    560.8099,  26756.2832,
       1,     170,     361,      22,       1,       3,       1,     10.0000,      1.4181,     42.8697,    253.3006,     63.7458,      3.4953,      0.0000,     -0.0329,      2.7622,      0.1566,      5.6891,     11.3781,      1.3842,     29.5577,     59.1155,      0.0196,      0.0021,      0.0156,      0.2150,   8026.8853,-425772.3750,  -1010.8539,    561.1592,  26756.2832,
       1,     170,     361,      23,       1,       3,       1,     10.0000,      1.4181,     42.8697,    253.3006,     63.7458,      3.4953,      0.0000,     -0.0328,      2.3122,      0.1543,      5.6891,     11.3781,      1.3634,     29.5577,     59.1155,      0.0196,      0.0018,      0.0156,      0.2150,   8026.8853,-424718.8125,  -1010.5676,    561.2333,  26756.2832,
       1,     170,     361,      24,       1,       3,       1,     10.0000,      1.4181,     42.8697,    253.3006,     63.7458,      3.4953,      0.0000,     -0.0327,      2.0053,      0.1529,      5.6891,     11.3781,      1.3511,     29.5577,     59.1155,      0.0196,      0.0015,      0.0156,      0.2150,   8026.8853,-424097.9375,  -1010.3994,    561.2769,  26756.2832,
       1,     170,     362,       1,       1,       3,       1,     10.0000,      1.4181,     42.8701,    253.3066,     63.7473,      3.4953,      0.0000,     -0.0327,      1.8864,      0.1508,      5.6885,     11.3771,      1.3322,     29.5626,     59.1251,      0.0196,      0.0015,      0.0156,      0.2150,   8026.8853,-423837.0000,  -1010.7122,    561.3082,  26757.4746,
       1,     170,     362,       2,       1,       3,       1,     10.0000,      1.4181,     42.8701,    253.3066,     63.7473,      3.4953,      0.0000,     -0.0326,      1.7742,      0.1496,      5.6885,     11.3771,      1.3215,     29.5626,     59.1251,      0.0196,      0.0014,      0.0156,      0.2150,   8027.2427,-423522.9375,  -1010.2465,    561.3303,  26757.4746,
       1,     170,     362,       3,       1,       3,       1,     10.0000,      1.4181,     42.8701,    253.3066,     63.7473,      3.4953,      0.0000,     -0.0325,      1.3709,      0.1473,      5.6885,     11.3771,      1.3017,     29.5626,     59.1251,      0.0196,      0.0011,      0.0156,      0.2150,   8027.2427,-423363.7812,  -1010.2045,    561.3415,  26757.4746,
       1,     170,     362,       4,       1,       3,       1,     10.0000,      1.4181,     42.8701,    253.3066,     63.7473,      3.4953,      0.0000,     -0.0325,      1.3301,      0.1460,      5.6885,     11.3771,      1.2899,     29.5626,     59.1251,      0.0196,      0.0010,      0.0156,      0.2150,   8027.2427,-422872.8438,  -1010.0712,    561.3759,  26757.4746,
       1,     170,     362,       5,       1,       3,       1,     10.0000,      1.4181,     42.8701,    253.3066,     63.7473,      3.4953,      0.0000,     -0.0325,      1.8576,      0.1469,      5.6885,     11.3771,      1.2978,     29.5626,     59.1251,      0.0196,      0.0014,      0.0156,      0.2150,   8027.2427,-422783.7500,  -1010.0481,    561.3821,  26757.4746,
       1,     170,     362,       6,       1,       3,       1,     10.0000,      1.4181,     42.8701,    253.3066,     63.7473,      3.4953,      0.0000,     -0.0326,      2.3639,      0.1502,      5.6885,     11.3771,      1.3269,     29.5626,     59.1251,      0.0196,      0.0018,      0.0156,      0.2150,   8027.2427,-423401.1562,  -1010.2191,    561.3388,  26757.4746,
       1,     170,     362,       7,       1,       3,       1,     10.0000,      1.4181,     42.8701,    253.3066,     63.7473,      3.4953,      0.0000,     -0.0325,      2.0604,      0.1473,      5.6885,     11.3771,      1.3017,     29.5626,     59.1251,      0.0196,      0.0016,      0.0156,      0.2150,   8027.2427,-424052.2812,  -1010.3995,    561.2932,  26757.4746,
       1,     170,     362,       8,       1,       3,       1,     10.0000,      1.4181,     42.8701,    253.3066,     63.7473,      3.4953,      0.0019,     -0.0306,      1.9277,      0.1464,      5.6885,     11.3771,      1.2938,     29.5626,     59.1251,      0.0196,      0.0015,      0.0156,      0.2150,   8027.2427,-423746.8750,  -1010.3178,    561.3146,  26757.4746,
       1,     170,     362,       9,       1,       3,       1,     10.0000,      1.4181,     42.8701,    253.3066,     63.7473,      3.4953,      0.0580,      0.0253,      8.0896,      0.1505,      5.6885,     11.3771,      1.3296,     29.5626,     59.1251,      0.0196,      0.0016,      0.0609,      0.2150,   8027.2427,-423564.2812,  -1010.2697,    561.3274,  26757.4746,
       1,     170,     362,      10,       1,       3,       1,     10.0000,      1.4181,     42.8701,    253.3066,     63.7473,      3.4953,      0.1591,      0.1259,     44.2180,      0.1679,      5.6885,     11.3771,      1.4834,     29.5626,     59.1251,      0.0196,      0.0027,      0.2004,      0.2150,   8027.2427,-430848.3750,  -1012.2766,    560.8163,  26757.4746,
       1,     170,     362,      11,       1,       3,       1,     10.0000,      1.4181,     42.8701,    253.3066,     63.7473,      3.4953,      0.1917,      0.1579,     79.8793,      0.1857,      5.6885,     11.3771,      1.6406,     29.5626,     59.1251,      0.0196,      0.0040,      0.2429,      0.2150,   8027.2427,-474255.6875,  -1024.2363,    557.7736,  26757.4727,
       1,     170,     362,      12,       1,       3,       1,     10.0000,      1.4181,     42.8701,    253.3066,     63.7473,      3.4953,      0.1988,      0.1645,    109.5541,      0.2030,      5.6885,     11.3771,      1.7936,     29.5626,     59.1251,      0.0196,      0.0053,      0.2500,      0.2150,   8027.2422,-520156.8750,  -1036.9445,    554.5815,  26757.4727,
       1,     170,     362,      13,       1,       3,       1,     10.0000,      1.4181,     42.8701,    253.3066,     63.7473,      3.4953,      0.1999,      0.1652,    123.9864,      0.2137,      5.6885,     11.3771,      1.8880,     29.5626,     59.1251,      0.0196,      0.0060,      0.2500,      0.2149,   8027.2422,-559180.1250,  -1047.9088,    551.8854,  26757.4688,
       1,     170,     362,      14,       1,       3,       1,     10.0000,      1.4181,     42.8701,    253.3066,     63.7473,      3.4953,      0.1996,      0.1649,    120.3286,      0.2141,      5.6885,     11.3771,      1.8917,     29.5626,     59.1251,      0.0196,      0.0058,      0.2500,      0.2148,   8027.2407,-579552.6250,  -1053.9320,    550.4866,  26757.4707,
       1,     170,     362,      15,       1,       3,       1,     10.0000,      1.4181,     42.8701,    253.3066,     63.7473,      3.4953,      0.1998,      0.1650,    122.9755,      0.2156,      5.6885,     11.3771,      1.9048,     29.5626,     59.1251,      0.0196,      0.0059,      0.2500,      0.2148,   8027.2417,-576893.3125,  -1053.7104,    550.6714,  26757.4688,
       1,     170,     362,      16,       1,       3,       1,     10.0000,      1.4181,     42.8701,    253.3066,     63.7473,      3.4953,      0.1921,      0.1577,    107.3273,      0.2056,      5.6885,     11.3771,      1.8168,     29.5626,     59.1251,      0.0196,      0.0054,      0.2407,      0.2148,   8027.2407,-579814.2500,  -1055.0244,    550.4703,  26757.4688,
       1,     170,     362,      17,       1,       3,       1,     10.0000,      1.4181,     42.8701,    253.3066,     63.7473,      3.4953,      0.1915,      0.1571,    103.8129,      0.2034,      5.6885,     11.3771,      1.7971,     29.5626,     59.1251,      0.0196,      0.0052,      0.2401,      0.2148,   8027.2407,-561474.9375,  -1050.4690,    551.7322,  26757.4668,
       1,     170,     362,      18,       1,       3,       1,     10.0000,      1.4181,     42.8701,    253.3066,     63.7473,      3.4953,      0.1660,      0.1319,     81.7963,      0.1943,      5.6885,     11.3771,      1.7172,     29.5626,     59.1251,      0.0196,      0.0048,      0.2060,      0.2148,   8027.2402,-555789.6875,  -1049.3253,    552.1258,  26757.4668,
       1,     170,     362,      19,       1,       3,       1,     10.0000,      1.4181,     42.8701,    253.3066,     63.7473,      3.4953,      0.0958,      0.0621,     37.4486,      0.1827,      5.6885,     11.3771,      1.6147,     29.5626,     59.1251,      0.0196,      0.0041,      0.1108,      0.2149,   8027.2402,-529184.9375,  -1042.3447,    553.9620,  26757.4668,
       1,     170,     362,      20,       1,       3,       1,     10.0000,      1.4181,     42.8701,    253.3066,     63.7473,      3.4953,      0.0057,     -0.0276,      3.8013,      0.1699,      5.6885,     11.3771,      1.5013,     29.5626,     59.1251,      0.0196,      0.0029,      0.0156,      0.2149,   8027.2402,-474376.1562,  -1027.3987,    557.7604,  26757.4648,
       1,     170,     362,      21,       1,       3,       1,     10.0000,      1.4181,     42.8701,    253.3066,     63.7473,      3.4953,      0.0000,     -0.0332,      3.1456,      0.1652,      5.6885,     11.3771,      1.4598,     29.5626,     59.1251,      0.0196,      0.0024,      0.0156,      0.2150,   8027.2397,-429986.8438,  -1015.1456,    560.8683,  26757.4648,
       1,     170,     362,      22,       1,       3,       1,     10.0000,      1.4181,     42.8701,    253.3066,     63.7473,      3.4953,      0.0000,     -0.0330,      2.9321,      0.1616,      5.6885,     11.3771,      1.4280,     29.5626,     59.1251,      0.0196,      0.0023,      0.0156,      0.2150,   8027.2397,-425536.7500,  -1013.9178,    561.1890,  26757.4648,
       1,     170,     362,      23,       1,       3,       1,     10.0000,      1.4181,     42.8701,    253.3066,     63.7473,      3.4953,      0.0000,     -0.0329,      2.7062,      0.1577,      5.6885,     11.3771,      1.3940,     29.5626,     59.1251,      0.0196,      0.0021,      0.0156,      0.2150,   8027.2397,-424904.0625,  -1013.7457,    561.2334,  26757.4648,
       1,     170,     362,      24,       1,       3,       1,     10.0000,      1.4181,     42.8701,    253.3066,     63.7473,      3.4953,      0.0000,     -0.0328,      2.4760,      0.1551,      5.6885,     11.3771,      1.3703,     29.5626,     59.1251,      0.0196,      0.0019,      0.0156,      0.2150,   8027.2397,-424583.7812,  -1013.6597,    561.2559,  26757.4648,
       1,     170,     363,       1,       1,       3,       1,     10.0000,      1.4181,     42.8704,    253.3125,     63.7488,      3.4953,      0.0000,     -0.0327,      2.1156,      0.1517,      5.6887,     11.3775,      1.3404,     29.5678,     59.1355,      0.0196,      0.0016,      0.0156,      0.2150,   8027.2397,-424439.0000,  -1014.0090,    561.2791,  26758.6602,
       1,     170,     363,       2,       1,       3,       1,     10.0000,      1.4181,     42.8704,    253.3125,     63.7488,      3.4953,      0.0000,     -0.0327,      2.6516,      0.1518,      5.6887,     11.3775,      1.3417,     29.5678,     59.1355,      0.0196,      0.0020,      0.0156,      0.2150,   8027.5981,-423848.2812,  -1013.4615,    561.3206,  26758.6602,
       1,     170,     363,       3,       1,       3,       1,     10.0000,      1.4181,     42.8704,    253.3125,     63.7488,      3.4953,      0.0000,     -0.0327,      2.6641,      0.1529,      5.6887,     11.3775,      1.3512,     29.5678,     59.1355,      0.0196,      0.0021,      0.0156,      0.2150,   8027.5981,-424434.0312,  -1013.6263,    561.2795,  26758.6602,
       1,     170,     363,       4,       1,       3,       1,     10.0000,      1.4181,     42.8704,    253.3125,     63.7488,      3.4953,      0.0000,     -0.0328,      2.9840,      0.1546,      5.6887,     11.3775,      1.3662,     29.5678,     59.1355,      0.0196,      0.0023,      0.0156,      0.2150,   8027.5981,-424497.4688,  -1013.6465,    561.2750,  26758.6602,
       1,     170,     363,       5,       1,       3,       1,     10.0000,      1.4181,     42.8704,    253.3125,     63.7488,      3.4953,      0.0000,     -0.0329,      2.9960,      0.1566,      5.6887,     11.3775,      1.3842,     29.5678,     59.1355,      0.0196,      0.0023,      0.0156,      0.2150,   8027.5981,-424881.5938,  -1013.7557,    561.2481,  26758.6602,
       1,     170,     363,       6,       1,       3,       1,     10.0000,      1.4181,     42.8704,    253.3125,     63.7488,      3.4953,      0.0000,     -0.0329,      3.0514,      0.1578,      5.6887,     11.3775,      1.3940,     29.5678,     59.1355,      0.0196,      0.0024,      0.0156,      0.2150,   8027.5981,-424927.7812,  -1013.7714,    561.2448,  26758.6582,
       1,     170,     363,       7,       1,       3,       1,     10.0000,      1.4181,     42.8704,    253.3125,     63.7488,      3.4953,      0.0000,     -0.0328,      2.8628,      0.1559,      5.6887,     11.3775,      1.3773,     29.5678,     59.1355,      0.0196,      0.0022,      0.0156,      0.2150,   8027.5977,-424997.4375,  -1013.7943,    561.2399,  26758.6582,
       1,     170,     363,       8,       1,       3,       1,     10.0000,      1.4181,     42.8704,    253.3125,     63.7488,      3.4953,      0.0019,     -0.0308,      2.7074,      0.1520,      5.6887,     11.3775,      1.3431,     29.5678,     59.1355,      0.0196,      0.0021,      0.0156,      0.2150,   8027.5977,-424779.8438,  -1013.7368,    561.2552,  26758.6582,
       1,     170,     363,       9,       1,       3,       1,     10.0000,      1.4181,     42.8704,    253.3125,     63.7488,      3.4953,      0.0813,      0.0484,     18.3783,      0.1579,      5.6887,     11.3775,      1.3954,     29.5678,     59.1355,      0.0196,      0.0024,      0.0926,      0.2150,   8027.5977,-424577.6562,  -1013.6834,    561.2693,  26758.6582,
       1,     170,     363,      10,       1,       3,       1,     10.0000,      1.4181,     42.8704,    253.3125,     63.7488,      3.4953,      0.1621,      0.1286,     54.4787,      0.1765,      5.6887,     11.3775,      1.5594,     29.5678,     59.1355,      0.0196,      0.0032,      0.2035,      0.2150,   8027.5977,-443122.4375,  -1018.8400,    559.9683,  26758.6582,
       1,     170,     363,      11,       1,       3,       1,     10.0000,      1.4181,     42.8704,    253.3125,     63.7488,      3.4953,      0.1801,      0.1463,     75.2083,      0.1862,      5.6887,     11.3775,      1.6455,     29.5678,     59.1355,      0.0196,      0.0040,      0.2269,      0.2150,   8027.5977,-487437.8750,  -1031.1779,    556.8679,  26758.6582,
       1,     170,     363,      12,       1,       3,       1,     10.0000,      1.4181,     42.8704,    253.3125,     63.7488,      3.4953,      0.1975,      0.1635,     92.0321,      0.1928,      5.6887,     11.3775,      1.7037,     29.5678,     59.1355,      0.0196,      0.0044,      0.2500,      0.2150,   8027.5977,-515712.5625,  -1039.1373,    554.9083,  26758.6582,
       1,     170,     363,      13,       1,       3,       1,     10.0000,      1.4181,     42.8704,    253.3125,     63.7488,      3.4953,      0.1986,      0.1644,    107.0104,      0.2006,      5.6887,     11.3775,      1.7725,     29.5678,     59.1355,      0.0196,      0.0052,      0.2500,      0.2149,   8027.5977,-538008.8125,  -1045.5366,    553.3652,  26758.6562,
       1,     170,     363,      14,       1,       3,       1,     10.0000,      1.4181,     42.8704,    253.3125,     63.7488,      3.4953,      0.1995,      0.1651,    118.6123,      0.2056,      5.6887,     11.3775,      1.8168,     29.5678,     59.1355,      0.0196,      0.0057,      0.2500,      0.2149,   8027.5972,-557628.5625,  -1051.3033,    552.0103,  26758.6562,
       1,     170,     363,      15,       1,       3,       1,     10.0000,      1.4181,     42.8704,    253.3125,     63.7488,      3.4953,      0.1995,      0.1651,    118.2705,      0.2034,      5.6887,     11.3775,      1.7972,     29.5678,     59.1355,      0.0196,      0.0057,      0.2500,      0.2149,   8027.5972,-573025.1875,  -1055.9966,    550.9496,  26758.6543,
       1,     170,     363,      16,       1,       3,       1,     10.0000,      1.4181,     42.8704,    253.3125,     63.7488,      3.4953,      0.2001,      0.1657,    126.4928,      0.2046,      5.6887,     11.3775,      1.8079,     29.5678,     59.1355,      0.0196,      0.0061,      0.2500,      0.2149,   8027.5967,-573895.1250,  -1056.7245,    550.8906,  26758.6523,
       1,     170,     363,      17,       1,       3,       1,     10.0000,      1.4181,     42.8704,    253.3125,     63.7488,      3.4953,      0.1918,      0.1575,    109.7256,      0.1984,      5.6887,     11.3775,      1.7533,     29.5678,     59.1355,      0.0196,      0.0055,      0.2398,      0.2149,   8027.5962,-583727.9375,  -1059.9644,    550.2136,  26758.6543,
       1,     170,     363,      18,       1,       3,       1,     10.0000,      1.4181,     42.8704,    253.3125,     63.7488,      3.4953,      0.1727,      0.1387,     83.6047,      0.1894,      5.6887,     11.3775,      1.6735,     29.5678,     59.1355,      0.0196,      0.0047,      0.2154,      0.2148,   8027.5967,-564633.8125,  -1055.1666,    551.5272,  26758.6523,
       1,     170,     363,      19,       1,       3,       1,     10.0000,      1.4181,     42.8704,    253.3125,     63.7488,      3.4953,      0.0714,      0.0379,     25.9716,      0.1770,      5.6887,     11.3775,      1.5640,     29.5678,     59.1355,      0.0196,      0.0040,      0.0773,      0.2149,   8027.5962,-532052.5000,  -1046.4982,    553.7749,  26758.6504,
       1,     170,     363,      20,       1,       3,       1,     10.0000,      1.4181,     42.8704,    253.3125,     63.7488,      3.4953,      0.0056,     -0.0277,      4.4245,      0.1692,      5.6887,     11.3775,      1.4953,     29.5678,     59.1355,      0.0196,      0.0034,      0.0156,      0.2149,   8027.5952,-460995.1562,  -1026.8761,    558.6982,  26758.6504,
       1,     170,     363,      21,       1,       3,       1,     10.0000,      1.4181,     42.8704,    253.3125,     63.7488,      3.4953,      0.0000,     -0.0331,      3.7442,      0.1640,      5.6887,     11.3775,      1.4496,     29.5678,     59.1355,      0.0196,      0.0029,      0.0156,      0.2150,   8027.5952,-429637.2500,  -1018.1327,    560.9102,  26758.6484,
       1,     170,     363,      22,       1,       3,       1,     10.0000,      1.4181,     42.8704,    253.3125,     63.7488,      3.4953,      0.0000,     -0.0331,      3.6614,      0.1622,      5.6887,     11.3775,      1.4337,     29.5678,     59.1355,      0.0196,      0.0028,      0.0156,      0.2150,   8027.5947,-426215.5000,  -1017.1821,    561.1544,  26758.6484,
       1,     170,     363,      23,       1,       3,       1,     10.0000,      1.4181,     42.8704,    253.3125,     63.7488,      3.4953,      0.0000,     -0.0330,      3.2542,      0.1616,      5.6887,     11.3775,      1.4280,     29.5678,     59.1355,      0.0196,      0.0025,      0.0156,      0.2150,   8027.5947,-425828.2188,  -1017.0777,    561.1816,  26758.6484,
       1,     170,     363,      24,       1,       3,       1,     10.0000,      1.4181,     42.8704,    253.3125,     63.7488,      3.4953,      0.0000,     -0.0330,      3.0400,      0.1601,      5.6887,     11.3775,      1.4151,     29.5678,     59.1355,      0.0196,      0.0023,      0.0156,      0.2150,   8027.5947,-425313.6250,  -1016.9374,    561.2178,  26758.6484,
       1,     170,     364,       1,       1,       3,       1,     10.0000,      1.4181,     42.8707,    253.3185,     63.7503,      3.4953,      0.0000,     -0.0329,      2.7202,      0.1573,      5.6891,     11.3782,      1.3898,     29.5730,     59.1460,      0.0196,      0.0021,      0.0156,      0.2151,   8027.5947,-425171.5938,  -1017.2908,    561.2408,  26759.8418,
       1,     170,     364,       2,       1,       3,       1,     10.0000,      1.4181,     42.8707,    253.3185,     63.7503,      3.4953,      0.0000,     -0.0329,      2.4566,      0.1563,      5.6891,     11.3782,      1.3815,     29.5730,     59.1460,      0.0196,      0.0019,      0.0156,      0.2151,   8027.9526,-424629.1250,  -1016.7528,    561.2789,  26759.8418,
       1,     170,     364,       3,       1,       3,       1,     10.0000,      1.4181,     42.8707,    253.3185,     63.7503,      3.4953,      0.0000,     -0.0329,      2.6925,      0.1578,      5.6891,     11.3782,      1.3940,     29.5730,     59.1460,      0.0196,      0.0021,      0.0156,      0.2151,   8027.9526,-424271.8438,  -1016.6557,    561.3040,  26759.8418,
       1,     170,     364,       4,       1,       3,       1,     10.0000,      1.4181,     42.8707,    253.3185,     63.7503,      3.4953,      0.0000,     -0.0330,      2.9051,      0.1593,      5.6891,     11.3782,      1.4081,     29.5730,     59.1460,      0.0196,      0.0022,      0.0156,      0.2151,   8027.9526,-424521.6250,  -1016.7283,    561.2865,  26759.8418,
       1,     170,     364,       5,       1,       3,       1,     10.0000,      1.4181,     42.8707,    253.3185,     63.7503,      3.4953,      0.0000,     -0.0330,      3.4959,      0.1605,      5.6891,     11.3782,      1.4180,     29.5730,     59.1460,      0.0196,      0.0027,      0.0156,      0.2151,   8027.9526,-424794.0000,  -1016.8075,    561.2673,  26759.8418,
       1,     170,     364,       6,       1,       3,       1,     10.0000,      1.4181,     42.8707,    253.3185,     63.7503,      3.4953,      0.0000,     -0.0329,      3.7262,      0.1573,      5.6891,     11.3782,      1.3898,     29.5730,     59.1460,      0.0196,      0.0029,      0.0156,      0.2151,   8027.9526,-425516.4688,  -1017.0130,    561.2167,  26759.8418,
       1,     170,     364,       7,       1,       3,       1,     10.0000,      1.4181,     42.8707,    253.3185,     63.7503,      3.4953,      0.0000,     -0.0328,      3.7063,      0.1537,      5.6891,     11.3782,      1.3580,     29.5730,     59.1460,      0.0196,      0.0029,      0.0156,      0.2151,   8027.9526,-425849.1562,  -1017.1097,    561.1933,  26759.8418,
       1,     170,     364,       8,       1,       3,       1,     10.0000,      1.4181,     42.8707,    253.3185,     63.7503,      3.4953,      0.0016,     -0.0312,      3.6177,      0.1532,      5.6891,     11.3782,      1.3540,     29.5730,     59.1460,      0.0196,      0.0028,      0.0156,      0.2151,   8027.9526,-425853.3438,  -1017.1147,    561.1931,  26759.8418,
       1,     170,     364,       9,       1,       3,       1,     10.0000,      1.4181,     42.8707,    253.3185,     63.7503,      3.4953,      0.0521,      0.0191,     13.7617,      0.1598,      5.6891,     11.3782,      1.4123,     29.5730,     59.1460,      0.0196,      0.0032,      0.0516,      0.2151,   8027.9526,-425748.7188,  -1017.0891,    561.2004,  26759.8418,
       1,     170,     364,      10,       1,       3,       1,     10.0000,      1.4181,     42.8707,    253.3185,     63.7503,      3.4953,      0.1263,      0.0931,     38.4222,      0.1641,      5.6891,     11.3782,      1.4497,     29.5730,     59.1460,      0.0196,      0.0030,      0.1543,      0.2151,   8027.9526,-437753.9688,  -1020.4597,    560.3582,  26759.8418,
       1,     170,     364,      11,       1,       3,       1,     10.0000,      1.4181,     42.8707,    253.3185,     63.7503,      3.4953,      0.1903,      0.1567,     79.4419,      0.1797,      5.6891,     11.3782,      1.5876,     29.5730,     59.1460,      0.0196,      0.0040,      0.2410,      0.2150,   8027.9526,-467964.4062,  -1028.9493,    558.2427,  26759.8418,
       1,     170,     364,      12,       1,       3,       1,     10.0000,      1.4181,     42.8707,    253.3185,     63.7503,      3.4953,      0.1991,      0.1650,    111.9640,      0.1940,      5.6891,     11.3782,      1.7139,     29.5730,     59.1460,      0.0196,      0.0054,      0.2500,      0.2150,   8027.9526,-519092.9062,  -1043.3453,    554.6790,  26759.8398,
       1,     170,     364,      13,       1,       3,       1,     10.0000,      1.4181,     42.8707,    253.3185,     63.7503,      3.4953,      0.1997,      0.1654,    119.9983,      0.1988,      5.6891,     11.3782,      1.7568,     29.5730,     59.1460,      0.0196,      0.0058,      0.2500,      0.2150,   8027.9521,-561929.1250,  -1055.5774,    551.7203,  26759.8398,
       1,     170,     364,      14,       1,       3,       1,     10.0000,      1.4181,     42.8707,    253.3185,     63.7503,      3.4953,      0.2010,      0.1666,    137.9012,      0.2050,      5.6891,     11.3782,      1.8115,     29.5730,     59.1460,      0.0196,      0.0066,      0.2500,      0.2149,   8027.9521,-575021.2500,  -1059.6770,    550.8253,  26759.8379,
       1,     170,     364,      15,       1,       3,       1,     10.0000,      1.4181,     42.8707,    253.3185,     63.7503,      3.4953,      0.2003,      0.1661,    127.4726,      0.1969,      5.6891,     11.3782,      1.7395,     29.5730,     59.1460,      0.0196,      0.0061,      0.2500,      0.2149,   8027.9517,-597349.9375,  -1066.4524,    549.2886,  26759.8398,
       1,     170,     364,      16,       1,       3,       1,     10.0000,      1.4181,     42.8707,    253.3185,     63.7503,      3.4953,      0.2003,      0.1661,    127.6286,      0.1963,      5.6891,     11.3782,      1.7344,     29.5730,     59.1460,      0.0196,      0.0061,      0.2500,      0.2148,   8027.9521,-586820.6250,  -1064.0991,    550.0137,  26759.8379,
       1,     170,     364,      17,       1,       3,       1,     10.0000,      1.4181,     42.8707,    253.3185,     63.7503,      3.4953,      0.1899,      0.1559,    109.2932,      0.1905,      5.6891,     11.3782,      1.6835,     29.5730,     59.1460,      0.0196,      0.0055,      0.2371,      0.2149,   8027.9517,-586133.0000,  -1064.4719,    550.0615,  26759.8340,
       1,     170,     364,      18,       1,       3,       1,     10.0000,      1.4181,     42.8707,    253.3185,     63.7503,      3.4953,      0.1725,      0.1386,     95.7041,      0.1873,      5.6891,     11.3782,      1.6554,     29.5730,     59.1460,      0.0196,      0.0054,      0.2137,      0.2149,   8027.9507,-564306.4375,  -1058.8688,    551.5622,  26759.8359,
       1,     170,     364,      19,       1,       3,       1,     10.0000,      1.4181,     42.8707,    253.3185,     63.7503,      3.4953,      0.1167,      0.0831,     50.7165,      0.1782,      5.6891,     11.3782,      1.5750,     29.5730,     59.1460,      0.0196,      0.0044,      0.1391,      0.2149,   8027.9512,-546378.1250,  -1054.2487,    552.8004,  26759.8340,
       1,     170,     364,      20,       1,       3,       1,     10.0000,      1.4181,     42.8707,    253.3185,     63.7503,      3.4953,      0.0083,     -0.0249,      4.2467,      0.1649,      5.6891,     11.3782,      1.4569,     29.5730,     59.1460,      0.0196,      0.0033,      0.0156,      0.2149,   8027.9507,-491518.5312,  -1039.0779,    556.5925,  26759.8340,
       1,     170,     364,      21,       1,       3,       1,     10.0000,      1.4181,     42.8707,    253.3185,     63.7503,      3.4953,      0.0000,     -0.0329,      3.3469,      0.1578,      5.6891,     11.3782,      1.3940,     29.5730,     59.1460,      0.0196,      0.0026,      0.0156,      0.2150,   8027.9507,-431927.8750,  -1022.3212,    560.7515,  26759.8320,
       1,     170,     364,      22,       1,       3,       1,     10.0000,      1.4181,     42.8707,    253.3185,     63.7503,      3.4953,      0.0000,     -0.0329,      3.2131,      0.1581,      5.6891,     11.3782,      1.3968,     29.5730,     59.1460,      0.0196,      0.0025,      0.0156,      0.2151,   8027.9497,-425952.0000,  -1020.6403,    561.1860,  26759.8320,
       1,     170,     364,      23,       1,       3,       1,     10.0000,      1.4181,     42.8707,    253.3185,     63.7503,      3.4953,      0.0000,     -0.0330,      3.2664,      0.1600,      5.6891,     11.3782,      1.4138,     29.5730,     59.1460,      0.0196,      0.0025,      0.0156,      0.2151,   8027.9497,-425278.9062,  -1020.4537,    561.2333,  26759.8320,
       1,     170,     364,      24,       1,       3,       1,     10.0000,      1.4181,     42.8707,    253.3185,     63.7503,      3.4953,      0.0000,     -0.0330,      2.9820,      0.1595,      5.6891,     11.3782,      1.4095,     29.5730,     59.1460,      0.0196,      0.0023,      0.0156,      0.2151,   8027.9497,-425286.0312,  -1020.4594,    561.2328,  26759.8320,
       1,     170,     365,       1,       1,       3,       1,     10.0000,      1.4182,     42.8711,    253.3244,     63.7518,      3.4953,      0.0000,     -0.0329,      2.7249,      0.1570,      5.6891,     11.3782,      1.3871,     29.5781,     59.1562,      0.0196,      0.0021,      0.0156,      0.2151,   8027.9497,-425104.3750,  -1020.8051,    561.2588,  26761.0254,
       1,     170,     365,       2,       1,       3,       1,     10.0000,      1.4182,     42.8711,    253.3244,     63.7518,      3.4953,      0.0000,     -0.0328,      2.5681,      0.1552,      5.6891,     11.3782,      1.3718,     29.5781,     59.1562,      0.0196,      0.0020,      0.0156,      0.2151,   8028.3081,-424632.8125,  -1020.2818,    561.2919,  26761.0234,
       1,     170,     365,       3,       1,       3,       1,     10.0000,      1.4182,     42.8711,    253.3244,     63.7518,      3.4953,      0.0000,     -0.0328,      2.6312,      0.1548,      5.6891,     11.3782,      1.3677,     29.5781,     59.1562,      0.0196,      0.0020,      0.0156,      0.2151,   8028.3071,-424408.1562,  -1020.2219,    561.3077,  26761.0234,
       1,     170,     365,       4,       1,       3,       1,     10.0000,      1.4182,     42.8711,    253.3244,     63.7518,      3.4953,      0.0000,     -0.0327,      2.4800,      0.1517,      5.6891,     11.3782,      1.3404,     29.5781,     59.1562,      0.0196,      0.0019,      0.0156,      0.2151,   8028.3071,-424464.1562,  -1020.2406,    561.3038,  26761.0234,
       1,     170,     365,       5,       1,       3,       1,     10.0000,      1.4182,     42.8711,    253.3244,     63.7518,      3.4953,      0.0000,     -0.0326,      2.3346,      0.1494,      5.6891,     11.3782,      1.3203,     29.5781,     59.1562,      0.0196,      0.0018,      0.0156,      0.2151,   8028.3071,-424289.8125,  -1020.1939,    561.3160,  26761.0234,
       1,     170,     365,       6,       1,       3,       1,     10.0000,      1.4182,     42.8711,    253.3244,     63.7518,      3.4953,      0.0000,     -0.0326,      2.7243,      0.1500,      5.6891,     11.3782,      1.3256,     29.5781,     59.1562,      0.0196,      0.0021,      0.0156,      0.2151,   8028.3071,-424103.1250,  -1020.1437,    561.3290,  26761.0234,
       1,     170,     365,       7,       1,       3,       1,     10.0000,      1.4182,     42.8711,    253.3244,     63.7518,      3.4953,      0.0000,     -0.0324,      2.5843,      0.1450,      5.6891,     11.3782,      1.2809,     29.5781,     59.1562,      0.0196,      0.0020,      0.0156,      0.2151,   8028.3071,-424549.1875,  -1020.2728,    561.2978,  26761.0234,
       1,     170,     365,       8,       1,       3,       1,     10.0000,      1.4182,     42.8711,    253.3244,     63.7518,      3.4953,      0.0018,     -0.0305,      2.3163,      0.1428,      5.6891,     11.3782,      1.2616,     29.5781,     59.1562,      0.0196,      0.0018,      0.0156,      0.2151,   8028.3071,-424420.4062,  -1020.2392,    561.3069,  26761.0234,
       1,     170,     365,       9,       1,       3,       1,     10.0000,      1.4182,     42.8711,    253.3244,     63.7518,      3.4953,      0.0848,      0.0521,     17.8810,      0.1505,      5.6891,     11.3782,      1.3297,     29.5781,     59.1562,      0.0196,      0.0022,      0.0979,      0.2151,   8028.3071,-424092.2188,  -1020.1492,    561.3298,  26761.0234,
       1,     170,     365,      10,       1,       3,       1,     10.0000,      1.4182,     42.8711,    253.3244,     63.7518,      3.4953,      0.1677,      0.1345,     55.8140,      0.1650,      5.6891,     11.3782,      1.4584,     29.5781,     59.1562,      0.0196,      0.0032,      0.2112,      0.2151,   8028.3071,-442496.3438,  -1025.3672,    560.0385,  26761.0234,
       1,     170,     365,      11,       1,       3,       1,     10.0000,      1.4182,     42.8711,    253.3244,     63.7518,      3.4953,      0.1931,      0.1594,     85.4787,      0.1811,      5.6891,     11.3782,      1.6004,     29.5781,     59.1562,      0.0196,      0.0042,      0.2442,      0.2151,   8028.3071,-488960.2500,  -1038.5563,    556.7873,  26761.0234,
       1,     170,     365,      12,       1,       3,       1,     10.0000,      1.4182,     42.8711,    253.3244,     63.7518,      3.4953,      0.1986,      0.1646,    105.4656,      0.1909,      5.6891,     11.3782,      1.6869,     29.5781,     59.1562,      0.0196,      0.0051,      0.2500,      0.2150,   8028.3071,-528000.5625,  -1049.7246,    554.0795,  26761.0254,
       1,     170,     365,      13,       1,       3,       1,     10.0000,      1.4182,     42.8711,    253.3244,     63.7518,      3.4953,      0.1997,      0.1656,    120.4495,      0.1963,      5.6891,     11.3782,      1.7344,     29.5781,     59.1562,      0.0196,      0.0058,      0.2500,      0.2150,   8028.3081,-554946.6875,  -1057.6208,    552.2198,  26761.0195,
       1,     170,     365,      14,       1,       3,       1,     10.0000,      1.4182,     42.8711,    253.3244,     63.7518,      3.4953,      0.2010,      0.1667,    138.0724,      0.2026,      5.6891,     11.3782,      1.7902,     29.5781,     59.1562,      0.0196,      0.0066,      0.2500,      0.2149,   8028.3062,-574958.2500,  -1063.6938,    550.8416,  26761.0195,
       1,     170,     365,      15,       1,       3,       1,     10.0000,      1.4182,     42.8711,    253.3244,     63.7518,      3.4953,      0.2011,      0.1667,    138.9587,      0.2036,      5.6891,     11.3782,      1.7990,     29.5781,     59.1562,      0.0196,      0.0067,      0.2500,      0.2149,   8028.3062,-597533.5000,  -1070.6039,    549.2889,  26761.0039,
       1,     170,     365,      16,       1,       3,       1,     10.0000,      1.4182,     42.8711,    253.3244,     63.7518,      3.4953,      0.1936,      0.1595,    121.2322,      0.1963,      5.6891,     11.3782,      1.7344,     29.5781,     59.1562,      0.0196,      0.0061,      0.2412,      0.2149,   8028.3013,-600461.7500,  -1072.0547,    549.0900,  26760.9766,
       1,     170,     365,      17,       1,       3,       1,     10.0000,      1.4182,     42.8711,    253.3244,     63.7518,      3.4953,      0.1875,      0.1534,    112.8405,      0.1930,      5.6891,     11.3782,      1.7054,     29.5781,     59.1562,      0.0196,      0.0058,      0.2333,      0.2149,   8028.2935,-579655.5000,  -1066.7701,    550.5181,  26761.0117,
       1,     170,     365,      18,       1,       3,       1,     10.0000,      1.4182,     42.8711,    253.3244,     63.7518,      3.4953,      0.1705,      0.1366,     88.3446,      0.1866,      5.6891,     11.3782,      1.6488,     29.5781,     59.1562,      0.0196,      0.0050,      0.2116,      0.2149,   8028.3037,-567973.7500,  -1063.9563,    551.3239,  26761.0176,
       1,     170,     365,      19,       1,       3,       1,     10.0000,      1.4182,     42.8711,    253.3244,     63.7518,      3.4953,      0.1011,      0.0676,     38.9317,      0.1754,      5.6891,     11.3782,      1.5501,     29.5781,     59.1562,      0.0196,      0.0040,      0.1182,      0.2149,   8028.3057,-537934.5000,  -1055.8368,    553.3947,  26761.0137,
       1,     170,     365,      20,       1,       3,       1,     10.0000,      1.4182,     42.8711,    253.3244,     63.7518,      3.4953,      0.0065,     -0.0267,      3.9535,      0.1657,      5.6891,     11.3782,      1.4643,     29.5781,     59.1562,      0.0196,      0.0030,      0.0156,      0.2150,   8028.3042,-476847.1562,  -1038.6792,    557.6242,  26761.0137,
       1,     170,     365,      21,       1,       3,       1,     10.0000,      1.4182,     42.8711,    253.3244,     63.7518,      3.4953,      0.0000,     -0.0330,      3.1222,      0.1611,      5.6891,     11.3782,      1.4238,     29.5781,     59.1562,      0.0196,      0.0024,      0.0156,      0.2150,   8028.3042,-430383.9375,  -1025.4636,    560.8790,  26761.0137,
       1,     170,     365,      22,       1,       3,       1,     10.0000,      1.4182,     42.8711,    253.3244,     63.7518,      3.4953,      0.0000,     -0.0331,      3.0688,      0.1647,      5.6891,     11.3782,      1.4555,     29.5781,     59.1562,      0.0196,      0.0024,      0.0156,      0.2151,   8028.3042,-425554.2500,  -1024.0906,    561.2271,  26761.0137,
       1,     170,     365,      23,       1,       3,       1,     10.0000,      1.4182,     42.8711,    253.3244,     63.7518,      3.4953,      0.0000,     -0.0332,      3.4292,      0.1669,      5.6891,     11.3782,      1.4746,     29.5781,     59.1562,      0.0196,      0.0026,      0.0156,      0.2151,   8028.3042,-425078.8750,  -1023.9583,    561.2606,  26761.0137,
       1,     170,     365,      24,       1,       3,       1,     10.0000,      1.4182,     42.8711,    253.3244,     63.7518,      3.4953,      0.0000,     -0.0332,      3.4919,      0.1652,      5.6891,     11.3782,      1.4599,     29.5781,     59.1562,      0.0196,      0.0027,      0.0156,      0.2151,   8028.3042,-425466.0625,  -1024.0725,    561.2335,  26761.0137,
